1617900271271733 0.97294 0.23108 0.00000 4.23449 0.23108 -0.97294 0.00000 0.83953 0.00000 0.00000 -1.00000 0.00000
1617900271521735 0.97293 0.23110 0.00000 4.23449 0.23110 -0.97293 0.00000 0.83963 0.00000 0.00000 -1.00000 0.00000
1617900271771119 0.97294 0.23108 0.00000 4.23450 0.23108 -0.97294 0.00000 0.83949 0.00000 0.00000 -1.00000 0.00000
1617900272021126 0.97294 0.23107 0.00000 4.23447 0.23107 -0.97294 0.00000 0.83948 0.00000 0.00000 -1.00000 0.00000
1617900272270509 0.97292 0.23112 0.00000 4.23443 0.23112 -0.97292 0.00000 0.83974 0.00000 0.00000 -1.00000 0.00000
1617900272520503 0.97293 0.23108 0.00000 4.23450 0.23108 -0.97293 0.00000 0.83954 0.00000 0.00000 -1.00000 0.00000
1617900272770509 0.97293 0.23109 0.00000 4.23448 0.23109 -0.97293 0.00000 0.83956 0.00000 0.00000 -1.00000 0.00000
1617900273021140 0.97293 0.23109 0.00000 4.23445 0.23109 -0.97293 0.00000 0.83958 0.00000 0.00000 -1.00000 0.00000
1617900273271142 0.97293 0.23108 0.00000 4.23450 0.23108 -0.97293 0.00000 0.83952 0.00000 0.00000 -1.00000 0.00000
1617900273521770 0.97293 0.23110 0.00000 4.23450 0.23110 -0.97293 0.00000 0.83964 0.00000 0.00000 -1.00000 0.00000
1617900273772402 0.97293 0.23112 0.00000 4.23447 0.23112 -0.97293 0.00000 0.83967 0.00000 0.00000 -1.00000 0.00000
1617900274021787 0.97294 0.23106 0.00000 4.23450 0.23106 -0.97294 0.00000 0.83945 0.00000 0.00000 -1.00000 0.00000
1617900274271158 0.97294 0.23107 0.00000 4.23450 0.23107 -0.97294 0.00000 0.83952 0.00000 0.00000 -1.00000 0.00000
1617900274521167 0.97294 0.23108 0.00000 4.23452 0.23108 -0.97294 0.00000 0.83955 0.00000 0.00000 -1.00000 0.00000
1617900274770540 0.97293 0.23111 0.00000 4.23446 0.23111 -0.97293 0.00000 0.83968 0.00000 0.00000 -1.00000 0.00000
1617900275020556 0.97293 0.23111 0.00000 4.23447 0.23111 -0.97293 0.00000 0.83969 0.00000 0.00000 -1.00000 0.00000
1617900275270555 0.97293 0.23108 0.00000 4.23450 0.23108 -0.97293 0.00000 0.83950 0.00000 0.00000 -1.00000 0.00000
1617900275520562 0.97294 0.23106 0.00000 4.23456 0.23106 -0.97294 0.00000 0.83937 0.00000 0.00000 -1.00000 0.00000
1617900275771188 0.97293 0.23111 0.00000 4.23452 0.23111 -0.97293 0.00000 0.83957 0.00000 0.00000 -1.00000 0.00000
1617900276021817 0.97293 0.23109 0.00000 4.23451 0.23109 -0.97293 0.00000 0.83954 0.00000 0.00000 -1.00000 0.00000
1617900276272454 0.97294 0.23108 0.00000 4.23448 0.23108 -0.97294 0.00000 0.83945 0.00000 0.00000 -1.00000 0.00000
1617900276521823 0.97294 0.23105 0.00000 4.23446 0.23105 -0.97294 0.00000 0.83940 0.00000 0.00000 -1.00000 0.00000
1617900276771830 0.97294 0.23106 0.00000 4.23442 0.23106 -0.97294 0.00000 0.83945 0.00000 0.00000 -1.00000 0.00000
1617900277021833 0.97294 0.23105 0.00000 4.23445 0.23105 -0.97294 0.00000 0.83936 0.00000 0.00000 -1.00000 0.00000
1617900277271842 0.97295 0.23103 0.00000 4.23453 0.23103 -0.97295 0.00000 0.83933 0.00000 0.00000 -1.00000 0.00000
1617900277521217 0.97294 0.23105 0.00000 4.23458 0.23105 -0.97294 0.00000 0.83945 0.00000 0.00000 -1.00000 0.00000
1617900277771219 0.97293 0.23109 0.00000 4.23471 0.23109 -0.97293 0.00000 0.83946 0.00000 0.00000 -1.00000 0.00000
1617900278020603 0.97293 0.23112 0.00000 4.23459 0.23112 -0.97293 0.00000 0.83982 0.00000 0.00000 -1.00000 0.00000
1617900278270606 0.97287 0.23136 0.00000 4.23602 0.23136 -0.97287 0.00000 0.83713 0.00000 0.00000 -1.00000 0.00000
1617900278520607 0.97298 0.23088 0.00000 4.23743 0.23088 -0.97298 0.00000 0.83326 0.00000 0.00000 -1.00000 0.00000
1617900278770610 0.97304 0.23066 0.00000 4.22621 0.23066 -0.97304 0.00000 0.82971 0.00000 0.00000 -1.00000 0.00000
1617900279020626 0.97321 0.22991 0.00000 4.20379 0.22991 -0.97321 0.00000 0.82374 0.00000 0.00000 -1.00000 0.00000
1617900279271872 0.97361 0.22824 0.00000 4.17102 0.22824 -0.97361 0.00000 0.81336 0.00000 0.00000 -1.00000 0.00000
1617900279521872 0.97432 0.22516 0.00000 4.12100 0.22516 -0.97432 0.00000 0.79495 0.00000 0.00000 -1.00000 0.00000
1617900279771253 0.97566 0.21929 0.00000 4.03928 0.21929 -0.97566 0.00000 0.76390 0.00000 0.00000 -1.00000 0.00000
1617900280021258 0.97784 0.20933 0.00000 3.90699 0.20933 -0.97784 0.00000 0.71391 0.00000 0.00000 -1.00000 0.00000
1617900280271270 0.98095 0.19426 0.00000 3.70402 0.19426 -0.98095 0.00000 0.63904 0.00000 0.00000 -1.00000 0.00000
1617900280520636 0.98469 0.17433 0.00000 3.42877 0.17433 -0.98469 0.00000 0.54357 0.00000 0.00000 -1.00000 0.00000
1617900280770019 0.98821 0.15311 0.00000 3.07660 0.15311 -0.98821 0.00000 0.44833 0.00000 0.00000 -1.00000 0.00000
1617900281020030 0.99093 0.13436 0.00000 2.63334 0.13436 -0.99093 0.00000 0.37015 0.00000 0.00000 -1.00000 0.00000
1617900281270658 0.99271 0.12051 0.00000 2.09442 0.12051 -0.99271 0.00000 0.31702 0.00000 0.00000 -1.00000 0.00000
1617900281520659 0.99408 0.10865 0.00000 1.47540 0.10865 -0.99408 0.00000 0.27999 0.00000 0.00000 -1.00000 0.00000
1617900281771291 0.99504 0.09947 0.00000 0.77450 0.09947 -0.99504 0.00000 0.24564 0.00000 0.00000 -1.00000 0.00000
1617900282021918 0.99550 0.09477 0.00000 0.00428 0.09477 -0.99550 0.00000 0.22173 0.00000 0.00000 -1.00000 0.00000
1617900282271919 0.99553 0.09444 0.00000 -0.83900 0.09444 -0.99553 0.00000 0.20294 0.00000 0.00000 -1.00000 0.00000
1617900282521919 0.99528 0.09707 0.00000 -1.75579 0.09707 -0.99528 0.00000 0.19239 0.00000 0.00000 -1.00000 0.00000
1617900282771303 0.99504 0.09948 0.00000 -2.73784 0.09948 -0.99504 0.00000 0.16864 0.00000 0.00000 -1.00000 0.00000
1617900283021353 0.99485 0.10139 0.00000 -3.78426 0.10139 -0.99485 0.00000 0.16541 0.00000 0.00000 -1.00000 0.00000
1617900283271316 0.99479 0.10190 0.00000 -4.87589 0.10190 -0.99479 0.00000 0.15665 0.00000 0.00000 -1.00000 0.00000
1617900283520688 0.99566 0.09307 0.00000 -5.99030 0.09307 -0.99566 0.00000 0.18561 0.00000 0.00000 -1.00000 0.00000
1617900283770695 0.99648 0.08380 0.00000 -7.16858 0.08380 -0.99648 0.00000 0.22234 0.00000 0.00000 -1.00000 0.00000
1617900284020704 0.99700 0.07737 0.00000 -8.39858 0.07737 -0.99700 0.00000 0.25010 0.00000 0.00000 -1.00000 0.00000
1617900284270704 0.99702 0.07713 0.00000 -9.66320 0.07713 -0.99702 0.00000 0.20858 0.00000 0.00000 -1.00000 0.00000
1617900284521330 0.99681 0.07986 0.00000 -10.98369 0.07986 -0.99681 0.00000 0.15505 0.00000 0.00000 -1.00000 0.00000
1617900284771962 0.99638 0.08496 0.00000 -12.38112 0.08496 -0.99638 0.00000 0.06020 0.00000 0.00000 -1.00000 0.00000
1617900285022592 0.99561 0.09362 0.00000 -13.80341 0.09362 -0.99561 0.00000 -0.06877 0.00000 0.00000 -1.00000 0.00000
1617900285271970 0.99448 0.10493 0.00000 -15.21851 0.10493 -0.99448 0.00000 -0.26474 0.00000 0.00000 -1.00000 0.00000
1617900285521976 0.99252 0.12208 0.00000 -16.73041 0.12208 -0.99252 0.00000 -0.55689 0.00000 0.00000 -1.00000 0.00000
1617900285771977 0.98923 0.14638 0.00000 -18.21416 0.14638 -0.98923 0.00000 -1.00880 0.00000 0.00000 -1.00000 0.00000
1617900286021991 0.98615 0.16588 0.00000 -19.69492 0.16588 -0.98615 0.00000 -1.40249 0.00000 0.00000 -1.00000 0.00000
1617900286271363 0.98307 0.18323 0.00000 -21.18280 0.18323 -0.98307 0.00000 -1.79307 0.00000 0.00000 -1.00000 0.00000
1617900286520742 0.97978 0.20009 0.00000 -22.65184 0.20009 -0.97978 0.00000 -2.19763 0.00000 0.00000 -1.00000 0.00000
1617900286770742 0.97660 0.21507 0.00000 -24.11039 0.21507 -0.97660 0.00000 -2.57265 0.00000 0.00000 -1.00000 0.00000
1617900287020746 0.97436 0.22500 0.00000 -25.57897 0.22500 -0.97436 0.00000 -2.85665 0.00000 0.00000 -1.00000 0.00000
1617900287270760 0.97359 0.22831 0.00000 -27.08809 0.22831 -0.97359 0.00000 -2.97277 0.00000 0.00000 -1.00000 0.00000
1617900287521384 0.97472 0.22343 0.00000 -28.62736 0.22343 -0.97472 0.00000 -2.87886 0.00000 0.00000 -1.00000 0.00000
1617900287772635 0.97618 0.21696 0.00000 -30.23992 0.21696 -0.97618 0.00000 -2.74356 0.00000 0.00000 -1.00000 0.00000
1617900288022643 0.97710 0.21276 0.00000 -31.88455 0.21276 -0.97710 0.00000 -2.62169 0.00000 0.00000 -1.00000 0.00000
1617900288272655 0.97757 0.21060 0.00000 -33.50456 0.21060 -0.97757 0.00000 -2.59921 0.00000 0.00000 -1.00000 0.00000
1617900288522027 0.97681 0.21409 0.00000 -35.20535 0.21409 -0.97681 0.00000 -2.72518 0.00000 0.00000 -1.00000 0.00000
1617900288772027 0.97602 0.21766 0.00000 -36.92217 0.21766 -0.97602 0.00000 -2.90776 0.00000 0.00000 -1.00000 0.00000
1617900289022034 0.97527 0.22101 0.00000 -38.59612 0.22101 -0.97527 0.00000 -3.06252 0.00000 0.00000 -1.00000 0.00000
1617900289272042 0.97576 0.21886 0.00000 -40.34589 0.21886 -0.97576 0.00000 -3.00997 0.00000 0.00000 -1.00000 0.00000
1617900289521419 0.97725 0.21209 0.00000 -42.11856 0.21209 -0.97725 0.00000 -2.76409 0.00000 0.00000 -1.00000 0.00000
1617900289771424 0.97879 0.20487 0.00000 -43.87409 0.20487 -0.97879 0.00000 -2.49398 0.00000 0.00000 -1.00000 0.00000
1617900290020802 0.97997 0.19913 0.00000 -45.65198 0.19913 -0.97997 0.00000 -2.27922 0.00000 0.00000 -1.00000 0.00000
1617900290270802 0.98089 0.19455 0.00000 -47.43281 0.19455 -0.98089 0.00000 -2.10196 0.00000 0.00000 -1.00000 0.00000
1617900290520807 0.98106 0.19369 0.00000 -49.20840 0.19369 -0.98106 0.00000 -2.09788 0.00000 0.00000 -1.00000 0.00000
1617900290770814 0.98036 0.19722 0.00000 -51.01188 0.19722 -0.98036 0.00000 -2.32788 0.00000 0.00000 -1.00000 0.00000
1617900291020826 0.97865 0.20553 0.00000 -52.80664 0.20553 -0.97865 0.00000 -2.79938 0.00000 0.00000 -1.00000 0.00000
1617900291272075 0.97607 0.21746 0.00000 -54.61413 0.21746 -0.97607 0.00000 -3.50001 0.00000 0.00000 -1.00000 0.00000
1617900291522699 0.97286 0.23141 0.00000 -56.44456 0.23141 -0.97286 0.00000 -4.32947 0.00000 0.00000 -1.00000 0.00000
1617900291772702 0.96947 0.24522 0.00000 -58.28507 0.24522 -0.96947 0.00000 -5.18558 0.00000 0.00000 -1.00000 0.00000
1617900292022088 0.96595 0.25874 0.00000 -60.12387 0.25874 -0.96595 0.00000 -6.03673 0.00000 0.00000 -1.00000 0.00000
1617900292272087 0.96258 0.27100 0.00000 -61.99940 0.27100 -0.96258 0.00000 -6.84373 0.00000 0.00000 -1.00000 0.00000
1617900292522094 0.95965 0.28121 0.00000 -63.88931 0.28121 -0.95965 0.00000 -7.54945 0.00000 0.00000 -1.00000 0.00000
1617900292771470 0.95766 0.28789 0.00000 -65.83863 0.28789 -0.95766 0.00000 -8.04690 0.00000 0.00000 -1.00000 0.00000
1617900293021475 0.95702 0.29002 0.00000 -67.83766 0.29002 -0.95702 0.00000 -8.24056 0.00000 0.00000 -1.00000 0.00000
1617900293270859 0.95779 0.28748 0.00000 -69.88392 0.28748 -0.95779 0.00000 -8.09991 0.00000 0.00000 -1.00000 0.00000
1617900293520241 0.95973 0.28093 0.00000 -71.96749 0.28093 -0.95973 0.00000 -7.65742 0.00000 0.00000 -1.00000 0.00000
1617900293770865 0.96233 0.27187 0.00000 -74.07307 0.27187 -0.96233 0.00000 -7.01381 0.00000 0.00000 -1.00000 0.00000
1617900294020869 0.96569 0.25969 0.00000 -76.18742 0.25969 -0.96569 0.00000 -6.10671 0.00000 0.00000 -1.00000 0.00000
1617900294271498 0.97091 0.23944 0.00000 -78.30814 0.23944 -0.97091 0.00000 -4.52543 0.00000 0.00000 -1.00000 0.00000
1617900294522128 0.97811 0.20807 0.00000 -80.43192 0.20807 -0.97811 0.00000 -2.00450 0.00000 0.00000 -1.00000 0.00000
1617900294772758 0.98602 0.16660 0.00000 -82.45562 0.16660 -0.98602 0.00000 1.38095 0.00000 0.00000 -1.00000 0.00000
1617900295022761 0.99292 0.11880 0.00000 -84.27702 0.11880 -0.99292 0.00000 5.35081 0.00000 0.00000 -1.00000 0.00000
1617900295272769 0.99797 0.06374 0.00000 -85.81814 0.06374 -0.99797 0.00000 10.00199 0.00000 0.00000 -1.00000 0.00000
1617900295522768 0.99997 0.00777 0.00000 -87.10824 0.00777 -0.99997 0.00000 14.78594 0.00000 0.00000 -1.00000 0.00000
1617900295772146 0.99889 -0.04712 0.00000 -88.13008 -0.04712 -0.99889 0.00000 19.54193 0.00000 -0.00000 -1.00000 0.00000
1617900296021526 0.99467 -0.10311 0.00000 -88.83150 -0.10311 -0.99467 0.00000 24.44976 0.00000 -0.00000 -1.00000 0.00000
1617900296271533 0.98675 -0.16223 0.00000 -89.14703 -0.16223 -0.98675 0.00000 29.70426 0.00000 -0.00000 -1.00000 0.00000
1617900296520905 0.97502 -0.22212 0.00000 -89.11195 -0.22212 -0.97502 0.00000 35.09012 0.00000 -0.00000 -1.00000 0.00000
1617900296770911 0.95925 -0.28254 0.00000 -88.68421 -0.28254 -0.95925 0.00000 40.58118 0.00000 -0.00000 -1.00000 0.00000
1617900297020922 0.94043 -0.34000 0.00000 -88.02178 -0.34000 -0.94043 0.00000 45.86557 0.00000 -0.00000 -1.00000 0.00000
1617900297270927 0.91686 -0.39921 0.00000 -86.88097 -0.39921 -0.91686 0.00000 51.39723 0.00000 -0.00000 -1.00000 0.00000
1617900297521548 0.88490 -0.46579 0.00000 -84.82003 -0.46579 -0.88490 0.00000 57.68717 0.00000 -0.00000 -1.00000 0.00000
1617900297771554 0.84779 -0.53034 0.00000 -82.21905 -0.53034 -0.84779 0.00000 63.83725 0.00000 -0.00000 -1.00000 0.00000
1617900298022186 0.80562 -0.59243 0.00000 -79.15524 -0.59243 -0.80562 0.00000 69.81755 0.00000 -0.00000 -1.00000 0.00000
1617900298272191 0.76197 -0.64761 0.00000 -76.00568 -0.64761 -0.76197 0.00000 75.22638 0.00000 -0.00000 -1.00000 0.00000
1617900298522193 0.71890 -0.69511 0.00000 -72.98158 -0.69511 -0.71890 0.00000 79.93884 0.00000 -0.00000 -1.00000 0.00000
1617900298770945 0.67600 -0.73690 0.00000 -70.06875 -0.73690 -0.67600 0.00000 84.15150 0.00000 -0.00000 -1.00000 0.00000
1617900299020961 0.63880 -0.76937 0.00000 -67.86193 -0.76937 -0.63880 0.00000 87.48231 0.00000 -0.00000 -1.00000 0.00000
1617900299270335 0.60897 -0.79319 0.00000 -66.52177 -0.79319 -0.60897 0.00000 89.98693 0.00000 -0.00000 -1.00000 0.00000
1617900299520337 0.58526 -0.81084 0.00000 -65.91984 -0.81084 -0.58526 0.00000 91.90692 0.00000 -0.00000 -1.00000 0.00000
1617900299770339 0.56882 -0.82246 0.00000 -66.17963 -0.82246 -0.56882 0.00000 93.21031 0.00000 -0.00000 -1.00000 0.00000
1617900300020340 0.56228 -0.82695 0.00000 -67.60464 -0.82695 -0.56228 0.00000 93.70462 0.00000 -0.00000 -1.00000 0.00000
1617900300270982 0.56423 -0.82562 0.00000 -70.01990 -0.82562 -0.56423 0.00000 93.50604 0.00000 -0.00000 -1.00000 0.00000
1617900300521600 0.56943 -0.82204 0.00000 -72.82463 -0.82204 -0.56943 0.00000 93.01062 0.00000 -0.00000 -1.00000 0.00000
1617900300772229 0.57614 -0.81735 0.00000 -75.82552 -0.81735 -0.57614 0.00000 92.35785 0.00000 -0.00000 -1.00000 0.00000
1617900301021609 0.58555 -0.81063 0.00000 -79.11660 -0.81063 -0.58555 0.00000 91.41604 0.00000 -0.00000 -1.00000 0.00000
1617900301271620 0.59712 -0.80215 0.00000 -82.66986 -0.80215 -0.59712 0.00000 90.22891 0.00000 -0.00000 -1.00000 0.00000
1617900301521615 0.60994 -0.79245 0.00000 -86.32526 -0.79245 -0.60994 0.00000 88.82614 0.00000 -0.00000 -1.00000 0.00000
1617900301770993 0.62725 -0.77881 0.00000 -90.48249 -0.77881 -0.62725 0.00000 86.83326 0.00000 -0.00000 -1.00000 0.00000
1617900302020997 0.64329 -0.76562 0.00000 -94.47131 -0.76562 -0.64329 0.00000 84.88076 0.00000 -0.00000 -1.00000 0.00000
1617900302271007 0.65807 -0.75296 0.00000 -98.26692 -0.75296 -0.65807 0.00000 82.96110 0.00000 -0.00000 -1.00000 0.00000
1617900302521008 0.67158 -0.74094 0.00000 -101.92706 -0.74094 -0.67158 0.00000 81.11953 0.00000 -0.00000 -1.00000 0.00000
1617900302772263 0.68247 -0.73091 0.00000 -105.26531 -0.73091 -0.68247 0.00000 79.55634 0.00000 -0.00000 -1.00000 0.00000
1617900303022891 0.69399 -0.71998 0.00000 -108.61266 -0.71998 -0.69399 0.00000 77.82285 0.00000 -0.00000 -1.00000 0.00000
1617900303272893 0.70356 -0.71063 0.00000 -111.75413 -0.71063 -0.70356 0.00000 76.29835 0.00000 -0.00000 -1.00000 0.00000
1617900303522902 0.71302 -0.70114 0.00000 -114.80610 -0.70114 -0.71302 0.00000 74.74817 0.00000 -0.00000 -1.00000 0.00000
1617900303772906 0.72006 -0.69391 0.00000 -117.61069 -0.69391 -0.72006 0.00000 73.53272 0.00000 -0.00000 -1.00000 0.00000
1617900304022908 0.72317 -0.69067 0.00000 -119.98764 -0.69067 -0.72317 0.00000 72.97207 0.00000 -0.00000 -1.00000 0.00000
1617900304272298 0.72249 -0.69139 0.00000 -121.88763 -0.69139 -0.72249 0.00000 73.05207 0.00000 -0.00000 -1.00000 0.00000
1617900304522293 0.72167 -0.69224 0.00000 -123.79962 -0.69224 -0.72167 0.00000 73.15636 0.00000 -0.00000 -1.00000 0.00000
1617900304772294 0.72358 -0.69024 0.00000 -125.95246 -0.69024 -0.72358 0.00000 72.76172 0.00000 -0.00000 -1.00000 0.00000
1617900305021689 0.73241 -0.68086 0.00000 -128.75269 -0.68086 -0.73241 0.00000 71.07901 0.00000 -0.00000 -1.00000 0.00000
1617900305271682 0.75277 -0.65828 0.00000 -132.70478 -0.65828 -0.75277 0.00000 67.08683 0.00000 -0.00000 -1.00000 0.00000
1617900305521687 0.78277 -0.62231 0.00000 -137.47926 -0.62231 -0.78277 0.00000 60.74873 0.00000 -0.00000 -1.00000 0.00000
1617900305771060 0.81996 -0.57243 0.00000 -142.69627 -0.57243 -0.81996 0.00000 52.03705 0.00000 -0.00000 -1.00000 0.00000
1617900306021065 0.86199 -0.50692 0.00000 -147.95944 -0.50692 -0.86199 0.00000 40.71019 0.00000 -0.00000 -1.00000 0.00000
1617900306271075 0.90745 -0.42016 0.00000 -152.81599 -0.42016 -0.90745 0.00000 25.96043 0.00000 -0.00000 -1.00000 0.00000
1617900306521704 0.94937 -0.31417 0.00000 -156.30425 -0.31417 -0.94937 0.00000 8.31747 0.00000 -0.00000 -1.00000 0.00000
1617900306772334 0.98081 -0.19499 0.00000 -157.59967 -0.19499 -0.98081 0.00000 -11.03985 0.00000 -0.00000 -1.00000 0.00000
1617900307022968 0.99781 -0.06614 0.00000 -156.24976 -0.06614 -0.99781 0.00000 -31.42846 0.00000 -0.00000 -1.00000 0.00000
1617900307272345 0.99741 0.07197 0.00000 -151.78359 0.07197 -0.99741 0.00000 -52.70529 0.00000 0.00000 -1.00000 0.00000
1617900307522346 0.97722 0.21225 0.00000 -144.12066 0.21225 -0.97722 0.00000 -73.67766 0.00000 0.00000 -1.00000 0.00000
1617900307772350 0.93463 0.35562 0.00000 -132.76774 0.35562 -0.93463 0.00000 -94.39187 0.00000 0.00000 -1.00000 0.00000
1617900308021728 0.86736 0.49767 0.00000 -117.53850 0.49767 -0.86736 0.00000 -114.06515 0.00000 0.00000 -1.00000 0.00000
1617900308271732 0.77288 0.63455 0.00000 -98.18273 0.63455 -0.77288 0.00000 -131.99401 0.00000 0.00000 -1.00000 0.00000
1617900308521111 0.65309 0.75728 0.00000 -75.31491 0.75728 -0.65309 0.00000 -146.85846 0.00000 0.00000 -1.00000 0.00000
1617900308771743 0.50481 0.86323 0.00000 -48.51907 0.86323 -0.50481 0.00000 -158.11972 0.00000 0.00000 -1.00000 0.00000
1617900309021744 0.33274 0.94302 0.00000 -18.88134 0.94302 -0.33274 0.00000 -164.44920 0.00000 0.00000 -1.00000 0.00000
1617900309272377 0.14451 0.98950 0.00000 12.13204 0.98950 -0.14451 0.00000 -165.02376 0.00000 0.00000 -1.00000 0.00000
1617900309523000 -0.04874 0.99881 0.00000 42.62262 0.99881 0.04874 0.00000 -159.60739 0.00000 0.00000 -1.00000 0.00000
1617900309773017 -0.24184 0.97032 0.00000 71.75642 0.97032 0.24184 0.00000 -148.31538 0.00000 0.00000 -1.00000 0.00000
1617900310023010 -0.42646 0.90450 0.00000 98.24341 0.90450 0.42646 0.00000 -131.48623 0.00000 0.00000 -1.00000 0.00000
1617900310272389 -0.59487 0.80382 0.00000 120.94973 0.80382 0.59487 0.00000 -109.78889 0.00000 0.00000 -1.00000 0.00000
1617900310522394 -0.72909 0.68442 0.00000 137.49560 0.68442 0.72909 0.00000 -86.39631 0.00000 0.00000 -1.00000 0.00000
1617900310772399 -0.82554 0.56434 0.00000 147.93262 0.56434 0.82554 0.00000 -64.29129 0.00000 0.00000 -1.00000 0.00000
1617900311022408 -0.89198 0.45208 0.00000 153.81295 0.45208 0.89198 0.00000 -44.51173 0.00000 0.00000 -1.00000 0.00000
1617900311271783 -0.93691 0.34957 0.00000 156.56624 0.34957 0.93691 0.00000 -27.07186 0.00000 0.00000 -1.00000 0.00000
1617900311522408 -0.96446 0.26422 0.00000 157.03198 0.26422 0.96446 0.00000 -12.95756 0.00000 0.00000 -1.00000 0.00000
1617900311771785 -0.98056 0.19622 0.00000 156.17609 0.19622 0.98056 0.00000 -1.98949 0.00000 0.00000 -1.00000 0.00000
1617900312021790 -0.98787 0.15528 0.00000 154.69626 0.15528 0.98787 0.00000 4.46290 0.00000 0.00000 -1.00000 0.00000
1617900312271807 -0.99038 0.13840 0.00000 153.09227 0.13840 0.99038 0.00000 7.07979 0.00000 0.00000 -1.00000 0.00000
1617900312521805 -0.99027 0.13915 0.00000 151.51572 0.13915 0.99027 0.00000 6.94707 0.00000 0.00000 -1.00000 0.00000
1617900312771806 -0.98684 0.16172 0.00000 150.03299 0.16172 0.98684 0.00000 3.50380 0.00000 0.00000 -1.00000 0.00000
1617900313021184 -0.97959 0.20103 0.00000 148.40644 0.20103 0.97959 0.00000 -2.51300 0.00000 0.00000 -1.00000 0.00000
1617900313271190 -0.96959 0.24472 0.00000 146.42967 0.24472 0.96959 0.00000 -9.17956 0.00000 0.00000 -1.00000 0.00000
1617900313520566 -0.95759 0.28813 0.00000 144.15464 0.28813 0.95759 0.00000 -15.80408 0.00000 0.00000 -1.00000 0.00000
1617900313770575 -0.94310 0.33250 0.00000 141.51449 0.33250 0.94310 0.00000 -22.53582 0.00000 0.00000 -1.00000 0.00000
1617900314021203 -0.92569 0.37829 0.00000 138.44288 0.37829 0.92569 0.00000 -29.46449 0.00000 0.00000 -1.00000 0.00000
1617900314271831 -0.90482 0.42580 0.00000 134.88983 0.42580 0.90482 0.00000 -36.61788 0.00000 0.00000 -1.00000 0.00000
1617900314522459 -0.88098 0.47315 0.00000 130.88879 0.47315 0.88098 0.00000 -43.71424 0.00000 0.00000 -1.00000 0.00000
1617900314773091 -0.85336 0.52131 0.00000 126.35318 0.52131 0.85336 0.00000 -50.90547 0.00000 0.00000 -1.00000 0.00000
1617900315022479 -0.82194 0.56957 0.00000 121.25429 0.56957 0.82194 0.00000 -58.11412 0.00000 0.00000 -1.00000 0.00000
1617900315272478 -0.78839 0.61518 0.00000 115.76553 0.61518 0.78839 0.00000 -64.90605 0.00000 0.00000 -1.00000 0.00000
1617900315522480 -0.75357 0.65737 0.00000 110.02016 0.65737 0.75357 0.00000 -71.16397 0.00000 0.00000 -1.00000 0.00000
1617900315771858 -0.72079 0.69315 0.00000 104.39290 0.69315 0.72079 0.00000 -76.42749 0.00000 0.00000 -1.00000 0.00000
1617900316021238 -0.68917 0.72460 0.00000 98.83001 0.72460 0.68917 0.00000 -80.99636 0.00000 0.00000 -1.00000 0.00000
1617900316271241 -0.66158 0.74988 0.00000 93.62166 0.74988 0.66158 0.00000 -84.64030 0.00000 0.00000 -1.00000 0.00000
1617900316521244 -0.63397 0.77336 0.00000 88.35629 0.77336 0.63397 0.00000 -87.98848 0.00000 0.00000 -1.00000 0.00000
1617900316771871 -0.61070 0.79186 0.00000 83.57035 0.79186 0.61070 0.00000 -90.62979 0.00000 0.00000 -1.00000 0.00000
1617900317021877 -0.59313 0.80511 0.00000 79.37632 0.80511 0.59313 0.00000 -92.49377 0.00000 0.00000 -1.00000 0.00000
1617900317272514 -0.57881 0.81547 0.00000 75.55342 0.81547 0.57881 0.00000 -93.91960 0.00000 0.00000 -1.00000 0.00000
1617900317522507 -0.56668 0.82394 0.00000 71.95852 0.82394 0.56668 0.00000 -95.06255 0.00000 0.00000 -1.00000 0.00000
1617900317772512 -0.55687 0.83060 0.00000 68.63017 0.83060 0.55687 0.00000 -95.95200 0.00000 0.00000 -1.00000 0.00000
1617900318021891 -0.55358 0.83280 0.00000 66.05715 0.83280 0.55358 0.00000 -96.27858 0.00000 0.00000 -1.00000 0.00000
1617900318271275 -0.56049 0.82816 0.00000 64.66393 0.82816 0.56049 0.00000 -95.79010 0.00000 0.00000 -1.00000 0.00000
1617900318521900 -0.57880 0.81547 0.00000 64.58393 0.81547 0.57880 0.00000 -94.40700 0.00000 0.00000 -1.00000 0.00000
1617900318771281 -0.60743 0.79437 0.00000 65.71914 0.79437 0.60743 0.00000 -92.13519 0.00000 0.00000 -1.00000 0.00000
1617900319021908 -0.64342 0.76552 0.00000 67.71842 0.76552 0.64342 0.00000 -89.09535 0.00000 0.00000 -1.00000 0.00000
1617900319272547 -0.68334 0.73010 0.00000 70.19823 0.73010 0.68334 0.00000 -85.45214 0.00000 0.00000 -1.00000 0.00000
1617900319523183 -0.72857 0.68497 0.00000 73.39199 0.68497 0.72857 0.00000 -80.89311 0.00000 0.00000 -1.00000 0.00000
1617900319773799 -0.77748 0.62891 0.00000 77.10161 0.62891 0.77748 0.00000 -75.31123 0.00000 0.00000 -1.00000 0.00000
1617900320023801 -0.82624 0.56332 0.00000 80.90602 0.56332 0.82624 0.00000 -68.87372 0.00000 0.00000 -1.00000 0.00000
1617900320273813 -0.86881 0.49515 0.00000 84.14736 0.49515 0.86881 0.00000 -62.24614 0.00000 0.00000 -1.00000 0.00000
1617900320523185 -0.90399 0.42755 0.00000 86.64222 0.42755 0.90399 0.00000 -55.74006 0.00000 0.00000 -1.00000 0.00000
1617900320772566 -0.93338 0.35890 0.00000 88.56821 0.35890 0.93338 0.00000 -49.20798 0.00000 0.00000 -1.00000 0.00000
1617900321022572 -0.95621 0.29267 0.00000 89.81712 0.29267 0.95621 0.00000 -42.97672 0.00000 0.00000 -1.00000 0.00000
1617900321272581 -0.97361 0.22823 0.00000 90.54207 0.22823 0.97361 0.00000 -36.94563 0.00000 0.00000 -1.00000 0.00000
1617900321521950 -0.98588 0.16747 0.00000 90.72702 0.16747 0.98588 0.00000 -31.35109 0.00000 0.00000 -1.00000 0.00000
1617900321771960 -0.99434 0.10624 0.00000 90.56116 0.10624 0.99434 0.00000 -25.75347 0.00000 0.00000 -1.00000 0.00000
1617900322021965 -0.99904 0.04374 0.00000 90.07923 0.04374 0.99904 0.00000 -20.12582 0.00000 0.00000 -1.00000 0.00000
1617900322271967 -0.99982 -0.01907 -0.00000 89.25672 -0.01907 0.99982 0.00000 -14.50188 0.00000 0.00000 -1.00000 0.00000
1617900322521966 -0.99694 -0.07818 -0.00000 88.01959 -0.07818 0.99694 0.00000 -9.24882 0.00000 0.00000 -1.00000 0.00000
1617900322771351 -0.99146 -0.13043 -0.00000 86.45570 -0.13043 0.99146 0.00000 -4.66482 0.00000 0.00000 -1.00000 0.00000
1617900323021400 -0.98522 -0.17132 -0.00000 84.63630 -0.17132 0.98522 0.00000 -1.14221 0.00000 0.00000 -1.00000 0.00000
1617900323271363 -0.97834 -0.20699 -0.00000 82.70774 -0.20699 0.97834 0.00000 1.87542 0.00000 0.00000 -1.00000 0.00000
1617900323521981 -0.97324 -0.22980 -0.00000 80.67623 -0.22980 0.97324 0.00000 3.77935 0.00000 0.00000 -1.00000 0.00000
1617900323772613 -0.96905 -0.24687 -0.00000 78.63337 -0.24687 0.96905 0.00000 5.14652 0.00000 0.00000 -1.00000 0.00000
1617900324023247 -0.96584 -0.25913 -0.00000 76.60029 -0.25913 0.96584 0.00000 6.10685 0.00000 0.00000 -1.00000 0.00000
1617900324273875 -0.96400 -0.26592 -0.00000 74.57167 -0.26592 0.96400 0.00000 6.61080 0.00000 0.00000 -1.00000 0.00000
1617900324523252 -0.96229 -0.27202 -0.00000 72.52628 -0.27202 0.96229 0.00000 7.03636 0.00000 0.00000 -1.00000 0.00000
1617900324773257 -0.96071 -0.27756 -0.00000 70.46631 -0.27756 0.96071 0.00000 7.41361 0.00000 0.00000 -1.00000 0.00000
1617900325022638 -0.95993 -0.28025 -0.00000 68.41536 -0.28025 0.95993 0.00000 7.57084 0.00000 0.00000 -1.00000 0.00000
1617900325272643 -0.96072 -0.27754 -0.00000 66.38986 -0.27754 0.96072 0.00000 7.33168 0.00000 0.00000 -1.00000 0.00000
1617900325522022 -0.96179 -0.27378 -0.00000 64.35561 -0.27378 0.96179 0.00000 7.02416 0.00000 0.00000 -1.00000 0.00000
1617900325771401 -0.96407 -0.26565 -0.00000 62.33851 -0.26565 0.96407 0.00000 6.45374 0.00000 0.00000 -1.00000 0.00000
1617900326021401 -0.96678 -0.25560 -0.00000 60.30081 -0.25560 0.96678 0.00000 5.77484 0.00000 0.00000 -1.00000 0.00000
1617900326271405 -0.96966 -0.24446 -0.00000 58.23862 -0.24446 0.96966 0.00000 5.04494 0.00000 0.00000 -1.00000 0.00000
1617900326521439 -0.97215 -0.23435 -0.00000 56.15386 -0.23435 0.97215 0.00000 4.39372 0.00000 0.00000 -1.00000 0.00000
1617900326772039 -0.97426 -0.22542 -0.00000 54.04337 -0.22542 0.97426 0.00000 3.83780 0.00000 0.00000 -1.00000 0.00000
1617900327022671 -0.97578 -0.21877 -0.00000 51.93158 -0.21877 0.97578 0.00000 3.41942 0.00000 0.00000 -1.00000 0.00000
1617900327272680 -0.97712 -0.21268 -0.00000 49.79294 -0.21268 0.97712 0.00000 3.05058 0.00000 0.00000 -1.00000 0.00000
1617900327522058 -0.97759 -0.21053 -0.00000 47.65712 -0.21053 0.97759 0.00000 2.90143 0.00000 0.00000 -1.00000 0.00000
1617900327772058 -0.97816 -0.20785 -0.00000 45.50976 -0.20785 0.97816 0.00000 2.73140 0.00000 0.00000 -1.00000 0.00000
1617900328022064 -0.97878 -0.20493 -0.00000 43.35212 -0.20493 0.97878 0.00000 2.53663 0.00000 0.00000 -1.00000 0.00000
1617900328271451 -0.97890 -0.20432 -0.00000 41.20970 -0.20432 0.97890 0.00000 2.46110 0.00000 0.00000 -1.00000 0.00000
1617900328521447 -0.97921 -0.20285 -0.00000 39.03804 -0.20285 0.97921 0.00000 2.36119 0.00000 0.00000 -1.00000 0.00000
1617900328772075 -0.97975 -0.20024 -0.00000 36.90701 -0.20024 0.97975 0.00000 2.21184 0.00000 0.00000 -1.00000 0.00000
1617900329022706 -0.97945 -0.20171 -0.00000 34.72557 -0.20171 0.97945 0.00000 2.22462 0.00000 0.00000 -1.00000 0.00000
1617900329272090 -0.97929 -0.20245 -0.00000 32.55558 -0.20245 0.97929 0.00000 2.23888 0.00000 0.00000 -1.00000 0.00000
1617900329522084 -0.97917 -0.20305 -0.00000 30.41703 -0.20305 0.97917 0.00000 2.19797 0.00000 0.00000 -1.00000 0.00000
1617900329772089 -0.97952 -0.20136 -0.00000 28.22194 -0.20136 0.97952 0.00000 2.09820 0.00000 0.00000 -1.00000 0.00000
1617900330021471 -0.97972 -0.20036 -0.00000 26.10781 -0.20036 0.97972 0.00000 2.01405 0.00000 0.00000 -1.00000 0.00000
1617900330271476 -0.98006 -0.19869 -0.00000 23.94540 -0.19869 0.98006 0.00000 1.92939 0.00000 0.00000 -1.00000 0.00000
1617900330521485 -0.98081 -0.19498 -0.00000 21.80031 -0.19498 0.98081 0.00000 1.79769 0.00000 0.00000 -1.00000 0.00000
1617900330771482 -0.98176 -0.19013 -0.00000 19.64255 -0.19013 0.98176 0.00000 1.64373 0.00000 0.00000 -1.00000 0.00000
1617900331022145 -0.98274 -0.18499 -0.00000 17.48037 -0.18499 0.98274 0.00000 1.50024 0.00000 0.00000 -1.00000 0.00000
1617900331272123 -0.98369 -0.17989 -0.00000 15.30247 -0.17989 0.98369 0.00000 1.37658 0.00000 0.00000 -1.00000 0.00000
1617900331522744 -0.98449 -0.17542 -0.00000 13.16394 -0.17542 0.98449 0.00000 1.27461 0.00000 0.00000 -1.00000 0.00000
1617900331772754 -0.98521 -0.17134 -0.00000 10.97645 -0.17134 0.98521 0.00000 1.19083 0.00000 0.00000 -1.00000 0.00000
1617900332022757 -0.98567 -0.16868 -0.00000 8.79299 -0.16868 0.98567 0.00000 1.12597 0.00000 0.00000 -1.00000 0.00000
1617900332272136 -0.98602 -0.16660 -0.00000 6.60436 -0.16660 0.98602 0.00000 1.08378 0.00000 0.00000 -1.00000 0.00000
1617900332522138 -0.98646 -0.16398 -0.00000 4.41759 -0.16398 0.98646 0.00000 1.03073 0.00000 0.00000 -1.00000 0.00000
1617900332771519 -0.98659 -0.16322 -0.00000 2.20338 -0.16322 0.98659 0.00000 0.99880 0.00000 0.00000 -1.00000 0.00000
1617900333020898 -0.98664 -0.16293 -0.00000 0.00703 -0.16293 0.98664 0.00000 0.98003 0.00000 0.00000 -1.00000 0.00000
1617900333270903 -0.98675 -0.16222 -0.00000 -2.20480 -0.16222 0.98675 0.00000 0.94594 0.00000 0.00000 -1.00000 0.00000
1617900333520904 -0.98650 -0.16378 -0.00000 -4.42553 -0.16378 0.98650 0.00000 0.89661 0.00000 0.00000 -1.00000 0.00000
1617900333771533 -0.98597 -0.16692 -0.00000 -6.63173 -0.16692 0.98597 0.00000 0.83615 0.00000 0.00000 -1.00000 0.00000
1617900334022788 -0.98557 -0.16924 -0.00000 -8.85628 -0.16924 0.98557 0.00000 0.76038 0.00000 0.00000 -1.00000 0.00000
1617900334272794 -0.98487 -0.17327 -0.00000 -11.11018 -0.17327 0.98487 0.00000 0.70683 0.00000 0.00000 -1.00000 0.00000
1617900334523423 -0.98474 -0.17404 -0.00000 -13.27948 -0.17404 0.98474 0.00000 0.67334 0.00000 0.00000 -1.00000 0.00000
1617900334772804 -0.98461 -0.17476 -0.00000 -15.50722 -0.17476 0.98461 0.00000 0.60715 0.00000 0.00000 -1.00000 0.00000
1617900335022181 -0.98434 -0.17627 -0.00000 -17.71995 -0.17627 0.98434 0.00000 0.52428 0.00000 0.00000 -1.00000 0.00000
1617900335272188 -0.98361 -0.18029 -0.00000 -19.93233 -0.18029 0.98361 0.00000 0.39902 0.00000 0.00000 -1.00000 0.00000
1617900335521564 -0.98309 -0.18315 -0.00000 -22.16832 -0.18315 0.98309 0.00000 0.28003 0.00000 0.00000 -1.00000 0.00000
1617900335770940 -0.98257 -0.18591 -0.00000 -24.38570 -0.18591 0.98257 0.00000 0.14835 0.00000 0.00000 -1.00000 0.00000
1617900336020946 -0.98202 -0.18876 -0.00000 -26.60113 -0.18876 0.98202 0.00000 0.00617 0.00000 0.00000 -1.00000 0.00000
1617900336271584 -0.98135 -0.19221 -0.00000 -28.82807 -0.19221 0.98135 0.00000 -0.14052 0.00000 0.00000 -1.00000 0.00000
1617900336522207 -0.98025 -0.19778 -0.00000 -31.04398 -0.19778 0.98025 0.00000 -0.33144 0.00000 0.00000 -1.00000 0.00000
1617900336772835 -0.97929 -0.20244 -0.00000 -33.24460 -0.20244 0.97929 0.00000 -0.50551 0.00000 0.00000 -1.00000 0.00000
1617900337022840 -0.97814 -0.20793 -0.00000 -35.46072 -0.20793 0.97814 0.00000 -0.72146 0.00000 0.00000 -1.00000 0.00000
1617900337272222 -0.97699 -0.21330 -0.00000 -37.63346 -0.21330 0.97699 0.00000 -0.95624 0.00000 0.00000 -1.00000 0.00000
1617900337522227 -0.97580 -0.21864 -0.00000 -39.79481 -0.21864 0.97580 0.00000 -1.20171 0.00000 0.00000 -1.00000 0.00000
1617900337772224 -0.97474 -0.22333 -0.00000 -41.97617 -0.22333 0.97474 0.00000 -1.43981 0.00000 0.00000 -1.00000 0.00000
1617900338021600 -0.97360 -0.22826 -0.00000 -44.08525 -0.22826 0.97360 0.00000 -1.70203 0.00000 0.00000 -1.00000 0.00000
1617900338270982 -0.97277 -0.23176 -0.00000 -46.19487 -0.23176 0.97277 0.00000 -1.91405 0.00000 0.00000 -1.00000 0.00000
1617900338521620 -0.97186 -0.23557 -0.00000 -48.26736 -0.23557 0.97186 0.00000 -2.15046 0.00000 0.00000 -1.00000 0.00000
1617900338771620 -0.97093 -0.23935 -0.00000 -50.28417 -0.23935 0.97093 0.00000 -2.39555 0.00000 0.00000 -1.00000 0.00000
1617900339022284 -0.97071 -0.24025 -0.00000 -52.28889 -0.24025 0.97071 0.00000 -2.48718 0.00000 0.00000 -1.00000 0.00000
1617900339272255 -0.97050 -0.24112 -0.00000 -54.22095 -0.24112 0.97050 0.00000 -2.58148 0.00000 0.00000 -1.00000 0.00000
1617900339523507 -0.97044 -0.24132 -0.00000 -56.09033 -0.24132 0.97044 0.00000 -2.62122 0.00000 0.00000 -1.00000 0.00000
1617900339773514 -0.97035 -0.24170 -0.00000 -57.88485 -0.24170 0.97035 0.00000 -2.66700 0.00000 0.00000 -1.00000 0.00000
1617900340023519 -0.97268 -0.23215 -0.00000 -59.60650 -0.23215 0.97268 0.00000 -2.11681 0.00000 0.00000 -1.00000 0.00000
1617900340272891 -0.97697 -0.21338 -0.00000 -61.22952 -0.21338 0.97697 0.00000 -0.99429 0.00000 0.00000 -1.00000 0.00000
1617900340522895 -0.98299 -0.18366 -0.00000 -62.73688 -0.18366 0.98299 0.00000 0.84298 0.00000 0.00000 -1.00000 0.00000
1617900340772896 -0.99009 -0.14046 -0.00000 -64.04615 -0.14046 0.99009 0.00000 3.57145 0.00000 0.00000 -1.00000 0.00000
1617900341022284 -0.99651 -0.08352 -0.00000 -65.04586 -0.08352 0.99651 0.00000 7.23614 0.00000 0.00000 -1.00000 0.00000
1617900341272290 -0.99991 -0.01331 -0.00000 -65.59097 -0.01331 0.99991 0.00000 11.77993 0.00000 0.00000 -1.00000 0.00000
1617900341521667 -0.99750 0.07060 0.00000 -65.51295 0.07060 0.99750 0.00000 17.23695 0.00000 0.00000 -1.00000 0.00000
1617900341771668 -0.98509 0.17206 0.00000 -64.52075 0.17206 0.98509 0.00000 23.82809 0.00000 0.00000 -1.00000 0.00000
1617900342021672 -0.95936 0.28220 0.00000 -62.49043 0.28220 0.95936 0.00000 30.93654 0.00000 0.00000 -1.00000 0.00000
1617900342271680 -0.91820 0.39612 0.00000 -59.33171 0.39612 0.91820 0.00000 38.27494 0.00000 0.00000 -1.00000 0.00000
1617900342521687 -0.86144 0.50787 0.00000 -55.10796 0.50787 0.86144 0.00000 45.36083 0.00000 0.00000 -1.00000 0.00000
1617900342772314 -0.79073 0.61217 0.00000 -49.97772 0.61217 0.79073 0.00000 51.91449 0.00000 0.00000 -1.00000 0.00000
1617900343022315 -0.71167 0.70251 0.00000 -44.40543 0.70251 0.71167 0.00000 57.51680 0.00000 0.00000 -1.00000 0.00000
1617900343272325 -0.63472 0.77275 0.00000 -39.17652 0.77275 0.63472 0.00000 61.78967 0.00000 0.00000 -1.00000 0.00000
1617900343522329 -0.56012 0.82841 0.00000 -34.27612 0.82841 0.56012 0.00000 65.14238 0.00000 0.00000 -1.00000 0.00000
1617900343771703 -0.48751 0.87311 0.00000 -29.66127 0.87311 0.48751 0.00000 67.79820 0.00000 0.00000 -1.00000 0.00000
1617900344021080 -0.42162 0.90677 0.00000 -25.67610 0.90677 0.42162 0.00000 69.77624 0.00000 0.00000 -1.00000 0.00000
1617900344271095 -0.36914 0.92938 0.00000 -22.81995 0.92938 0.36914 0.00000 71.08770 0.00000 0.00000 -1.00000 0.00000
1617900344521092 -0.33096 0.94364 0.00000 -21.12326 0.94364 0.33096 0.00000 71.92577 0.00000 0.00000 -1.00000 0.00000
1617900344771720 -0.30372 0.95276 0.00000 -20.33618 0.95276 0.30372 0.00000 72.47297 0.00000 0.00000 -1.00000 0.00000
1617900345022349 -0.28798 0.95764 0.00000 -20.47558 0.95764 0.28798 0.00000 72.77467 0.00000 0.00000 -1.00000 0.00000
1617900345272356 -0.27924 0.96022 0.00000 -21.19318 0.96022 0.27924 0.00000 72.93275 0.00000 0.00000 -1.00000 0.00000
1617900345522357 -0.27336 0.96191 0.00000 -22.18712 0.96191 0.27336 0.00000 73.04045 0.00000 0.00000 -1.00000 0.00000
1617900345772361 -0.26704 0.96368 0.00000 -23.18057 0.96368 0.26704 0.00000 73.14575 0.00000 0.00000 -1.00000 0.00000
1617900346022367 -0.26008 0.96559 0.00000 -24.18845 0.96559 0.26008 0.00000 73.27529 0.00000 0.00000 -1.00000 0.00000
1617900346272371 -0.25356 0.96732 0.00000 -25.29205 0.96732 0.25356 0.00000 73.39613 0.00000 0.00000 -1.00000 0.00000
1617900346521749 -0.24631 0.96919 0.00000 -26.37114 0.96919 0.24631 0.00000 73.55380 0.00000 0.00000 -1.00000 0.00000
1617900346771754 -0.23720 0.97146 0.00000 -27.33769 0.97146 0.23720 0.00000 73.76849 0.00000 0.00000 -1.00000 0.00000
1617900347021764 -0.22540 0.97427 0.00000 -28.13072 0.97427 0.22540 0.00000 74.06384 0.00000 0.00000 -1.00000 0.00000
1617900347271770 -0.21333 0.97698 0.00000 -28.95196 0.97698 0.21333 0.00000 74.37310 0.00000 0.00000 -1.00000 0.00000
1617900347521773 -0.19846 0.98011 0.00000 -29.56358 0.98011 0.19846 0.00000 74.78114 0.00000 0.00000 -1.00000 0.00000
1617900347773020 -0.17793 0.98404 0.00000 -29.79710 0.98404 0.17793 0.00000 75.36153 0.00000 0.00000 -1.00000 0.00000
1617900348023642 -0.15264 0.98828 0.00000 -29.66923 0.98828 0.15264 0.00000 76.08055 0.00000 0.00000 -1.00000 0.00000
1617900348273029 -0.12684 0.99192 0.00000 -29.52476 0.99192 0.12684 0.00000 76.80799 0.00000 0.00000 -1.00000 0.00000
1617900348523036 -0.10113 0.99487 0.00000 -29.39927 0.99487 0.10113 0.00000 77.51794 0.00000 0.00000 -1.00000 0.00000
1617900348772407 -0.08396 0.99647 0.00000 -29.92166 0.99647 0.08396 0.00000 77.93461 0.00000 0.00000 -1.00000 0.00000
1617900349021785 -0.07854 0.99691 0.00000 -31.33114 0.99691 0.07854 0.00000 78.03986 0.00000 0.00000 -1.00000 0.00000
1617900349271800 -0.08197 0.99663 0.00000 -33.51717 0.99663 0.08197 0.00000 77.88739 0.00000 0.00000 -1.00000 0.00000
1617900349521174 -0.09147 0.99581 0.00000 -36.17266 0.99581 0.09147 0.00000 77.52320 0.00000 0.00000 -1.00000 0.00000
1617900349771178 -0.10879 0.99406 0.00000 -39.39593 0.99406 0.10879 0.00000 76.82155 0.00000 0.00000 -1.00000 0.00000
1617900350021805 -0.13259 0.99117 0.00000 -43.10475 0.99117 0.13259 0.00000 75.80004 0.00000 0.00000 -1.00000 0.00000
1617900350273058 -0.15121 0.98850 0.00000 -46.51898 0.98850 0.15121 0.00000 74.93902 0.00000 0.00000 -1.00000 0.00000
1617900350523063 -0.17096 0.98528 0.00000 -49.96561 0.98528 0.17096 0.00000 73.95304 0.00000 0.00000 -1.00000 0.00000
1617900350773072 -0.18893 0.98199 0.00000 -53.27761 0.98199 0.18893 0.00000 72.97805 0.00000 0.00000 -1.00000 0.00000
1617900351023075 -0.20577 0.97860 0.00000 -56.47430 0.97860 0.20577 0.00000 72.00923 0.00000 0.00000 -1.00000 0.00000
1617900351272454 -0.22052 0.97538 0.00000 -59.48698 0.97538 0.22052 0.00000 71.09734 0.00000 0.00000 -1.00000 0.00000
1617900351522459 -0.23231 0.97264 0.00000 -62.28217 0.97264 0.23231 0.00000 70.33090 0.00000 0.00000 -1.00000 0.00000
1617900351772463 -0.23893 0.97104 0.00000 -64.69815 0.97104 0.23893 0.00000 69.86297 0.00000 0.00000 -1.00000 0.00000
1617900352021840 -0.24171 0.97035 0.00000 -66.76116 0.97035 0.24171 0.00000 69.66398 0.00000 0.00000 -1.00000 0.00000
1617900352271852 -0.23755 0.97137 0.00000 -68.36003 0.97137 0.23755 0.00000 69.92743 0.00000 0.00000 -1.00000 0.00000
1617900352521850 -0.22987 0.97322 0.00000 -69.65968 0.97322 0.22987 0.00000 70.43344 0.00000 0.00000 -1.00000 0.00000
1617900352771850 -0.22272 0.97488 0.00000 -70.95727 0.97488 0.22272 0.00000 70.90337 0.00000 0.00000 -1.00000 0.00000
1617900353022479 -0.21268 0.97712 0.00000 -72.02446 0.97712 0.21268 0.00000 71.61325 0.00000 0.00000 -1.00000 0.00000
1617900353272492 -0.20201 0.97938 0.00000 -73.01133 0.97938 0.20201 0.00000 72.35754 0.00000 0.00000 -1.00000 0.00000
1617900353522494 -0.20614 0.97852 0.00000 -75.07493 0.97852 0.20614 0.00000 71.98604 0.00000 0.00000 -1.00000 0.00000
1617900353772495 -0.22662 0.97398 0.00000 -78.30121 0.97398 0.22662 0.00000 70.32766 0.00000 0.00000 -1.00000 0.00000
1617900354021868 -0.26824 0.96335 0.00000 -82.91924 0.96335 0.26824 0.00000 66.85514 0.00000 0.00000 -1.00000 0.00000
1617900354271878 -0.32395 0.94608 0.00000 -88.32636 0.94608 0.32395 0.00000 61.82209 0.00000 0.00000 -1.00000 0.00000
1617900354521279 -0.39071 0.92051 0.00000 -94.12452 0.92051 0.39071 0.00000 55.31499 0.00000 0.00000 -1.00000 0.00000
1617900354771886 -0.46501 0.88530 0.00000 -99.89605 0.88530 0.46501 0.00000 47.29647 0.00000 0.00000 -1.00000 0.00000
1617900355022516 -0.54428 0.83890 0.00000 -105.36678 0.83890 0.54428 0.00000 37.87533 0.00000 0.00000 -1.00000 0.00000
1617900355273148 -0.62404 0.78139 0.00000 -110.10528 0.78139 0.62404 0.00000 27.27599 0.00000 0.00000 -1.00000 0.00000
