1620321572045994 0.97849 0.20629 0.00000 3.70608 0.20629 -0.97849 0.00000 0.58522 0.00000 0.00000 -1.00000 0.00000
1620321572295993 0.97849 0.20631 0.00000 3.70605 0.20631 -0.97849 0.00000 0.58528 0.00000 0.00000 -1.00000 0.00000
1620321572546001 0.97849 0.20631 0.00000 3.70607 0.20631 -0.97849 0.00000 0.58528 0.00000 0.00000 -1.00000 0.00000
1620321572796005 0.97848 0.20632 0.00000 3.70609 0.20632 -0.97848 0.00000 0.58534 0.00000 0.00000 -1.00000 0.00000
1620321573046005 0.97848 0.20633 0.00000 3.70608 0.20633 -0.97848 0.00000 0.58536 0.00000 0.00000 -1.00000 0.00000
1620321573296015 0.97849 0.20632 0.00000 3.70608 0.20632 -0.97849 0.00000 0.58534 0.00000 0.00000 -1.00000 0.00000
1620321573546016 0.97848 0.20632 0.00000 3.70606 0.20632 -0.97848 0.00000 0.58535 0.00000 0.00000 -1.00000 0.00000
1620321573796026 0.97848 0.20633 0.00000 3.70604 0.20633 -0.97848 0.00000 0.58537 0.00000 0.00000 -1.00000 0.00000
1620321574046029 0.97848 0.20633 0.00000 3.70605 0.20633 -0.97848 0.00000 0.58536 0.00000 0.00000 -1.00000 0.00000
1620321574296025 0.97848 0.20632 0.00000 3.70607 0.20632 -0.97848 0.00000 0.58532 0.00000 0.00000 -1.00000 0.00000
1620321574546693 0.97848 0.20633 0.00000 3.70609 0.20633 -0.97848 0.00000 0.58536 0.00000 0.00000 -1.00000 0.00000
1620321574796668 0.97848 0.20633 0.00000 3.70607 0.20633 -0.97848 0.00000 0.58540 0.00000 0.00000 -1.00000 0.00000
1620321575046045 0.97848 0.20633 0.00000 3.70605 0.20633 -0.97848 0.00000 0.58536 0.00000 0.00000 -1.00000 0.00000
1620321575296047 0.97848 0.20636 0.00000 3.70603 0.20636 -0.97848 0.00000 0.58550 0.00000 0.00000 -1.00000 0.00000
1620321575545423 0.97848 0.20634 0.00000 3.70604 0.20634 -0.97848 0.00000 0.58542 0.00000 0.00000 -1.00000 0.00000
1620321575796061 0.97848 0.20636 0.00000 3.70605 0.20636 -0.97848 0.00000 0.58549 0.00000 0.00000 -1.00000 0.00000
1620321576046689 0.97847 0.20637 0.00000 3.70607 0.20637 -0.97847 0.00000 0.58552 0.00000 0.00000 -1.00000 0.00000
1620321576296695 0.97847 0.20638 0.00000 3.70608 0.20638 -0.97847 0.00000 0.58557 0.00000 0.00000 -1.00000 0.00000
1620321576546704 0.97847 0.20638 0.00000 3.70605 0.20638 -0.97847 0.00000 0.58557 0.00000 0.00000 -1.00000 0.00000
1620321576796701 0.97847 0.20637 0.00000 3.70603 0.20637 -0.97847 0.00000 0.58551 0.00000 0.00000 -1.00000 0.00000
1620321577046706 0.97847 0.20639 0.00000 3.70602 0.20639 -0.97847 0.00000 0.58559 0.00000 0.00000 -1.00000 0.00000
1620321577296708 0.97847 0.20640 0.00000 3.70605 0.20640 -0.97847 0.00000 0.58566 0.00000 0.00000 -1.00000 0.00000
1620321577546709 0.97848 0.20636 0.00000 3.70610 0.20636 -0.97848 0.00000 0.58546 0.00000 0.00000 -1.00000 0.00000
1620321577796713 0.97847 0.20640 0.00000 3.70606 0.20640 -0.97847 0.00000 0.58563 0.00000 0.00000 -1.00000 0.00000
1620321578046715 0.97847 0.20638 0.00000 3.70606 0.20638 -0.97847 0.00000 0.58552 0.00000 0.00000 -1.00000 0.00000
1620321578296725 0.97847 0.20638 0.00000 3.70602 0.20638 -0.97847 0.00000 0.58552 0.00000 0.00000 -1.00000 0.00000
1620321578546731 0.97848 0.20636 0.00000 3.70605 0.20636 -0.97848 0.00000 0.58547 0.00000 0.00000 -1.00000 0.00000
1620321578796731 0.97848 0.20635 0.00000 3.70608 0.20635 -0.97848 0.00000 0.58544 0.00000 0.00000 -1.00000 0.00000
1620321579046732 0.97847 0.20637 0.00000 3.70599 0.20637 -0.97847 0.00000 0.58554 0.00000 0.00000 -1.00000 0.00000
1620321579296745 0.97847 0.20639 0.00000 3.70588 0.20639 -0.97847 0.00000 0.58560 0.00000 0.00000 -1.00000 0.00000
1620321579546745 0.97847 0.20640 0.00000 3.70594 0.20640 -0.97847 0.00000 0.58564 0.00000 0.00000 -1.00000 0.00000
1620321579796127 0.97847 0.20638 0.00000 3.70607 0.20638 -0.97847 0.00000 0.58555 0.00000 0.00000 -1.00000 0.00000
1620321580046130 0.97847 0.20638 0.00000 3.70610 0.20638 -0.97847 0.00000 0.58551 0.00000 0.00000 -1.00000 0.00000
1620321580296130 0.97848 0.20635 0.00000 3.70635 0.20635 -0.97848 0.00000 0.58539 0.00000 0.00000 -1.00000 0.00000
1620321580546134 0.97846 0.20646 0.00000 3.70676 0.20646 -0.97846 0.00000 0.58563 0.00000 0.00000 -1.00000 0.00000
1620321580796145 0.97842 0.20662 0.00000 3.70019 0.20662 -0.97842 0.00000 0.58599 0.00000 0.00000 -1.00000 0.00000
1620321581045519 0.97856 0.20595 0.00000 3.68495 0.20595 -0.97856 0.00000 0.58353 0.00000 0.00000 -1.00000 0.00000
1620321581296154 0.97883 0.20465 0.00000 3.66136 0.20465 -0.97883 0.00000 0.57755 0.00000 0.00000 -1.00000 0.00000
1620321581546773 0.97975 0.20021 0.00000 3.59378 0.20021 -0.97975 0.00000 0.55749 0.00000 0.00000 -1.00000 0.00000
1620321581796786 0.98196 0.18910 0.00000 3.43523 0.18910 -0.98196 0.00000 0.50850 0.00000 0.00000 -1.00000 0.00000
1620321582047413 0.98551 0.16963 0.00000 3.19104 0.16963 -0.98551 0.00000 0.42560 0.00000 0.00000 -1.00000 0.00000
1620321582298038 0.99002 0.14095 0.00000 2.86595 0.14095 -0.99002 0.00000 0.31427 0.00000 0.00000 -1.00000 0.00000
1620321582548080 0.99425 0.10708 0.00000 2.45182 0.10708 -0.99425 0.00000 0.19236 0.00000 0.00000 -1.00000 0.00000
1620321582798049 0.99715 0.07551 0.00000 1.92771 0.07551 -0.99715 0.00000 0.09641 0.00000 0.00000 -1.00000 0.00000
1620321583047427 0.99874 0.05025 0.00000 1.29051 0.05025 -0.99874 0.00000 0.03263 0.00000 0.00000 -1.00000 0.00000
1620321583297435 0.99944 0.03352 0.00000 0.54852 0.03352 -0.99944 0.00000 -0.01279 0.00000 0.00000 -1.00000 0.00000
1620321583546811 0.99966 0.02623 0.00000 -0.29089 0.02623 -0.99966 0.00000 -0.04138 0.00000 0.00000 -1.00000 0.00000
1620321583797439 0.99968 0.02535 0.00000 -1.23064 0.02535 -0.99968 0.00000 -0.04242 0.00000 0.00000 -1.00000 0.00000
1620321584046822 0.99959 0.02863 0.00000 -2.23720 0.02863 -0.99959 0.00000 -0.06257 0.00000 0.00000 -1.00000 0.00000
1620321584296819 0.99944 0.03332 0.00000 -3.33331 0.03332 -0.99944 0.00000 -0.09878 0.00000 0.00000 -1.00000 0.00000
1620321584546840 0.99931 0.03715 0.00000 -4.51535 0.03715 -0.99931 0.00000 -0.11818 0.00000 0.00000 -1.00000 0.00000
1620321584796837 0.99895 0.04578 0.00000 -5.72262 0.04578 -0.99895 0.00000 -0.18774 0.00000 0.00000 -1.00000 0.00000
1620321585046206 0.99818 0.06028 0.00000 -6.97624 0.06028 -0.99818 0.00000 -0.29551 0.00000 0.00000 -1.00000 0.00000
1620321585296214 0.99709 0.07628 0.00000 -8.28890 0.07628 -0.99709 0.00000 -0.43554 0.00000 0.00000 -1.00000 0.00000
1620321585546845 0.99555 0.09424 0.00000 -9.63461 0.09424 -0.99555 0.00000 -0.60309 0.00000 0.00000 -1.00000 0.00000
1620321585796230 0.99378 0.11138 0.00000 -11.04056 0.11138 -0.99378 0.00000 -0.80513 0.00000 0.00000 -1.00000 0.00000
1620321586046852 0.99198 0.12637 0.00000 -12.54504 0.12637 -0.99198 0.00000 -0.99323 0.00000 0.00000 -1.00000 0.00000
1620321586296857 0.99028 0.13909 0.00000 -14.07738 0.13909 -0.99028 0.00000 -1.17476 0.00000 0.00000 -1.00000 0.00000
1620321586546859 0.98880 0.14923 0.00000 -15.65251 0.14923 -0.98880 0.00000 -1.34516 0.00000 0.00000 -1.00000 0.00000
1620321586796240 0.98733 0.15870 0.00000 -17.31623 0.15870 -0.98733 0.00000 -1.51481 0.00000 0.00000 -1.00000 0.00000
1620321587046245 0.98598 0.16688 0.00000 -18.98712 0.16688 -0.98598 0.00000 -1.70094 0.00000 0.00000 -1.00000 0.00000
1620321587296255 0.98451 0.17531 0.00000 -20.70907 0.17531 -0.98451 0.00000 -1.89979 0.00000 0.00000 -1.00000 0.00000
1620321587546252 0.98284 0.18445 0.00000 -22.46237 0.18445 -0.98284 0.00000 -2.14348 0.00000 0.00000 -1.00000 0.00000
1620321587796880 0.98051 0.19648 0.00000 -24.21286 0.19648 -0.98051 0.00000 -2.46777 0.00000 0.00000 -1.00000 0.00000
1620321588047517 0.97739 0.21145 0.00000 -25.94822 0.21145 -0.97739 0.00000 -2.88032 0.00000 0.00000 -1.00000 0.00000
1620321588297516 0.97351 0.22866 0.00000 -27.65742 0.22866 -0.97351 0.00000 -3.39199 0.00000 0.00000 -1.00000 0.00000
1620321588548141 0.97009 0.24274 0.00000 -29.33181 0.24274 -0.97009 0.00000 -3.84381 0.00000 0.00000 -1.00000 0.00000
1620321588798146 0.96658 0.25635 0.00000 -31.02119 0.25635 -0.96658 0.00000 -4.28562 0.00000 0.00000 -1.00000 0.00000
1620321589048151 0.96365 0.26717 0.00000 -32.63698 0.26717 -0.96365 0.00000 -4.66305 0.00000 0.00000 -1.00000 0.00000
1620321589297539 0.96168 0.27418 0.00000 -34.24735 0.27418 -0.96168 0.00000 -4.91834 0.00000 0.00000 -1.00000 0.00000
1620321589547533 0.95888 0.28381 0.00000 -35.87844 0.28381 -0.95888 0.00000 -5.26252 0.00000 0.00000 -1.00000 0.00000
1620321589797544 0.95732 0.28903 0.00000 -37.43734 0.28903 -0.95732 0.00000 -5.52985 0.00000 0.00000 -1.00000 0.00000
1620321590046921 0.95597 0.29346 0.00000 -38.98642 0.29346 -0.95597 0.00000 -5.70688 0.00000 0.00000 -1.00000 0.00000
1620321590297548 0.95560 0.29466 0.00000 -40.58426 0.29466 -0.95560 0.00000 -5.80684 0.00000 0.00000 -1.00000 0.00000
1620321590546971 0.95533 0.29555 0.00000 -42.14519 0.29555 -0.95533 0.00000 -5.86163 0.00000 0.00000 -1.00000 0.00000
1620321590796931 0.95594 0.29356 0.00000 -43.71675 0.29356 -0.95594 0.00000 -5.81528 0.00000 0.00000 -1.00000 0.00000
1620321591046931 0.95712 0.28970 0.00000 -45.31617 0.28970 -0.95712 0.00000 -5.66266 0.00000 0.00000 -1.00000 0.00000
1620321591297569 0.96002 0.27993 0.00000 -46.97763 0.27993 -0.96002 0.00000 -5.22672 0.00000 0.00000 -1.00000 0.00000
1620321591546947 0.96368 0.26706 0.00000 -48.66253 0.26706 -0.96368 0.00000 -4.61071 0.00000 0.00000 -1.00000 0.00000
1620321591796325 0.96669 0.25594 0.00000 -50.37122 0.25594 -0.96669 0.00000 -4.10029 0.00000 0.00000 -1.00000 0.00000
1620321592046336 0.96880 0.24785 0.00000 -52.10410 0.24785 -0.96880 0.00000 -3.69102 0.00000 0.00000 -1.00000 0.00000
1620321592296334 0.96999 0.24315 0.00000 -53.84091 0.24315 -0.96999 0.00000 -3.48124 0.00000 0.00000 -1.00000 0.00000
1620321592546349 0.97075 0.24009 0.00000 -55.62121 0.24009 -0.97075 0.00000 -3.35102 0.00000 0.00000 -1.00000 0.00000
1620321592796967 0.97121 0.23824 0.00000 -57.45842 0.23824 -0.97121 0.00000 -3.28914 0.00000 0.00000 -1.00000 0.00000
1620321593046351 0.97146 0.23720 0.00000 -59.30195 0.23720 -0.97146 0.00000 -3.27975 0.00000 0.00000 -1.00000 0.00000
1620321593296976 0.97159 0.23668 0.00000 -61.20241 0.23668 -0.97159 0.00000 -3.29610 0.00000 0.00000 -1.00000 0.00000
1620321593546353 0.97156 0.23680 0.00000 -63.10641 0.23680 -0.97156 0.00000 -3.34045 0.00000 0.00000 -1.00000 0.00000
1620321593796983 0.97141 0.23740 0.00000 -65.07042 0.23740 -0.97141 0.00000 -3.40074 0.00000 0.00000 -1.00000 0.00000
1620321594046989 0.97165 0.23642 0.00000 -67.06441 0.23642 -0.97165 0.00000 -3.36667 0.00000 0.00000 -1.00000 0.00000
1620321594296371 0.97184 0.23565 0.00000 -69.08205 0.23565 -0.97184 0.00000 -3.35876 0.00000 0.00000 -1.00000 0.00000
1620321594546993 0.97266 0.23223 0.00000 -71.13719 0.23223 -0.97266 0.00000 -3.14964 0.00000 0.00000 -1.00000 0.00000
1620321594796997 0.97414 0.22596 0.00000 -73.19276 0.22596 -0.97414 0.00000 -2.72483 0.00000 0.00000 -1.00000 0.00000
1620321595047007 0.97684 0.21396 0.00000 -75.26269 0.21396 -0.97684 0.00000 -1.85270 0.00000 0.00000 -1.00000 0.00000
1620321595297013 0.98028 0.19762 0.00000 -77.32369 0.19762 -0.98028 0.00000 -0.61656 0.00000 0.00000 -1.00000 0.00000
1620321595546389 0.98483 0.17355 0.00000 -79.32646 0.17355 -0.98483 0.00000 1.26243 0.00000 0.00000 -1.00000 0.00000
1620321595795766 0.98997 0.14128 0.00000 -81.27388 0.14128 -0.98997 0.00000 3.85102 0.00000 0.00000 -1.00000 0.00000
1620321596046391 0.99481 0.10171 0.00000 -83.08568 0.10171 -0.99481 0.00000 7.07718 0.00000 0.00000 -1.00000 0.00000
1620321596297030 0.99822 0.05959 0.00000 -84.70885 0.05959 -0.99822 0.00000 10.57031 0.00000 0.00000 -1.00000 0.00000
1620321596547660 0.99990 0.01384 0.00000 -86.14608 0.01384 -0.99990 0.00000 14.42883 0.00000 0.00000 -1.00000 0.00000
1620321596797660 0.99923 -0.03921 0.00000 -87.26881 -0.03921 -0.99923 0.00000 18.98121 0.00000 -0.00000 -1.00000 0.00000
1620321597047661 0.99552 -0.09454 0.00000 -88.07692 -0.09454 -0.99552 0.00000 23.78556 0.00000 -0.00000 -1.00000 0.00000
1620321597297673 0.98791 -0.15501 0.00000 -88.42511 -0.15501 -0.98791 0.00000 29.11248 0.00000 -0.00000 -1.00000 0.00000
1620321597547045 0.97575 -0.21889 0.00000 -88.32076 -0.21889 -0.97575 0.00000 34.80353 0.00000 -0.00000 -1.00000 0.00000
1620321597796428 0.95906 -0.28319 0.00000 -87.76415 -0.28319 -0.95906 0.00000 40.59363 0.00000 -0.00000 -1.00000 0.00000
1620321598045808 0.93871 -0.34470 0.00000 -86.91139 -0.34470 -0.93871 0.00000 46.18799 0.00000 -0.00000 -1.00000 0.00000
1620321598295810 0.91476 -0.40399 0.00000 -85.72452 -0.40399 -0.91476 0.00000 51.66498 0.00000 -0.00000 -1.00000 0.00000
1620321598545826 0.88945 -0.45703 0.00000 -84.50968 -0.45703 -0.88945 0.00000 56.60382 0.00000 -0.00000 -1.00000 0.00000
1620321598796447 0.86212 -0.50670 0.00000 -83.08284 -0.50670 -0.86212 0.00000 61.30332 0.00000 -0.00000 -1.00000 0.00000
1620321599047075 0.82930 -0.55881 0.00000 -81.06171 -0.55881 -0.82930 0.00000 66.29788 0.00000 -0.00000 -1.00000 0.00000
1620321599298326 0.78929 -0.61401 0.00000 -78.27279 -0.61401 -0.78929 0.00000 71.66879 0.00000 -0.00000 -1.00000 0.00000
1620321599548329 0.74709 -0.66473 0.00000 -75.25665 -0.66473 -0.74709 0.00000 76.68757 0.00000 -0.00000 -1.00000 0.00000
1620321599797713 0.69978 -0.71436 0.00000 -71.70158 -0.71436 -0.69978 0.00000 81.65835 0.00000 -0.00000 -1.00000 0.00000
1620321600047091 0.65605 -0.75472 0.00000 -68.62020 -0.75472 -0.65605 0.00000 85.75437 0.00000 -0.00000 -1.00000 0.00000
1620321600296473 0.62442 -0.78109 0.00000 -66.93038 -0.78109 -0.62442 0.00000 88.46210 0.00000 -0.00000 -1.00000 0.00000
1620321600546478 0.60164 -0.79876 0.00000 -66.29402 -0.79876 -0.60164 0.00000 90.33988 0.00000 -0.00000 -1.00000 0.00000
1620321600796479 0.58664 -0.80985 0.00000 -66.55967 -0.80985 -0.58664 0.00000 91.54514 0.00000 -0.00000 -1.00000 0.00000
1620321601045852 0.58141 -0.81361 0.00000 -67.95874 -0.81361 -0.58141 0.00000 91.96604 0.00000 -0.00000 -1.00000 0.00000
1620321601295856 0.58096 -0.81394 0.00000 -69.93525 -0.81394 -0.58096 0.00000 91.98357 0.00000 -0.00000 -1.00000 0.00000
1620321601546487 0.58388 -0.81184 0.00000 -72.32129 -0.81184 -0.58388 0.00000 91.69778 0.00000 -0.00000 -1.00000 0.00000
1620321601797122 0.58838 -0.80858 0.00000 -74.90531 -0.80858 -0.58838 0.00000 91.24355 0.00000 -0.00000 -1.00000 0.00000
1620321602047753 0.59709 -0.80217 0.00000 -77.99583 -0.80217 -0.59709 0.00000 90.36870 0.00000 -0.00000 -1.00000 0.00000
1620321602298382 0.60881 -0.79332 0.00000 -81.43944 -0.79332 -0.60881 0.00000 89.15923 0.00000 -0.00000 -1.00000 0.00000
1620321602548386 0.62050 -0.78421 0.00000 -84.91912 -0.78421 -0.62050 0.00000 87.89772 0.00000 -0.00000 -1.00000 0.00000
1620321602798387 0.63241 -0.77463 0.00000 -88.41055 -0.77463 -0.63241 0.00000 86.53134 0.00000 -0.00000 -1.00000 0.00000
1620321603048392 0.64404 -0.76499 0.00000 -91.87662 -0.76499 -0.64404 0.00000 85.13713 0.00000 -0.00000 -1.00000 0.00000
1620321603298398 0.65486 -0.75575 0.00000 -95.23690 -0.75575 -0.65486 0.00000 83.77082 0.00000 -0.00000 -1.00000 0.00000
1620321603548397 0.66582 -0.74611 0.00000 -98.57952 -0.74611 -0.66582 0.00000 82.31674 0.00000 -0.00000 -1.00000 0.00000
1620321603798407 0.67583 -0.73706 0.00000 -101.82270 -0.73706 -0.67583 0.00000 80.93411 0.00000 -0.00000 -1.00000 0.00000
1620321604049034 0.68460 -0.72891 0.00000 -104.92764 -0.72891 -0.68460 0.00000 79.65624 0.00000 -0.00000 -1.00000 0.00000
1620321604298418 0.69096 -0.72289 0.00000 -107.69355 -0.72289 -0.69096 0.00000 78.69811 0.00000 -0.00000 -1.00000 0.00000
1620321604549042 0.69377 -0.72019 0.00000 -110.10505 -0.72019 -0.69377 0.00000 78.22853 0.00000 -0.00000 -1.00000 0.00000
1620321604799048 0.69668 -0.71738 0.00000 -112.47654 -0.71738 -0.69668 0.00000 77.73375 0.00000 -0.00000 -1.00000 0.00000
1620321605049055 0.70077 -0.71339 0.00000 -114.95688 -0.71339 -0.70077 0.00000 77.04290 0.00000 -0.00000 -1.00000 0.00000
1620321605299680 0.70412 -0.71008 0.00000 -117.37565 -0.71008 -0.70412 0.00000 76.45860 0.00000 -0.00000 -1.00000 0.00000
1620321605549056 0.71131 -0.70288 0.00000 -120.09690 -0.70288 -0.71131 0.00000 75.20765 0.00000 -0.00000 -1.00000 0.00000
1620321605799690 0.72190 -0.69199 0.00000 -123.16649 -0.69199 -0.72190 0.00000 73.33513 0.00000 -0.00000 -1.00000 0.00000
1620321606049696 0.73164 -0.68169 0.00000 -126.08257 -0.68169 -0.73164 0.00000 71.53509 0.00000 -0.00000 -1.00000 0.00000
1620321606299709 0.74165 -0.67079 0.00000 -128.92975 -0.67079 -0.74165 0.00000 69.62286 0.00000 -0.00000 -1.00000 0.00000
1620321606549704 0.75200 -0.65917 0.00000 -131.74107 -0.65917 -0.75200 0.00000 67.56763 0.00000 -0.00000 -1.00000 0.00000
1620321606799707 0.76586 -0.64301 0.00000 -134.85075 -0.64301 -0.76586 0.00000 64.71421 0.00000 -0.00000 -1.00000 0.00000
1620321607049712 0.78589 -0.61837 0.00000 -138.45344 -0.61837 -0.78589 0.00000 60.36621 0.00000 -0.00000 -1.00000 0.00000
1620321607299096 0.81137 -0.58454 0.00000 -142.45396 -0.58454 -0.81137 0.00000 54.41960 0.00000 -0.00000 -1.00000 0.00000
1620321607549092 0.84202 -0.53945 0.00000 -146.72198 -0.53945 -0.84202 0.00000 46.52665 0.00000 -0.00000 -1.00000 0.00000
1620321607799098 0.87769 -0.47923 0.00000 -151.08034 -0.47923 -0.87769 0.00000 36.09253 0.00000 -0.00000 -1.00000 0.00000
1620321608048480 0.91391 -0.40591 0.00000 -154.92356 -0.40591 -0.91391 0.00000 23.56863 0.00000 -0.00000 -1.00000 0.00000
1620321608298480 0.94767 -0.31924 0.00000 -157.78083 -0.31924 -0.94767 0.00000 9.01516 0.00000 -0.00000 -1.00000 0.00000
1620321608548495 0.97585 -0.21846 0.00000 -159.15417 -0.21846 -0.97585 0.00000 -7.55692 0.00000 -0.00000 -1.00000 0.00000
1620321608798485 0.99446 -0.10508 0.00000 -158.48991 -0.10508 -0.99446 0.00000 -25.78733 0.00000 -0.00000 -1.00000 0.00000
1620321609048490 0.99976 0.02173 0.00000 -155.15655 0.02173 -0.99976 0.00000 -45.69185 0.00000 0.00000 -1.00000 0.00000
1620321609298501 0.98752 0.15748 0.00000 -148.67391 0.15748 -0.98752 0.00000 -66.39877 0.00000 0.00000 -1.00000 0.00000
1620321609548497 0.95248 0.30461 0.00000 -138.08162 0.30461 -0.95248 0.00000 -88.09245 0.00000 0.00000 -1.00000 0.00000
1620321609797878 0.89185 0.45233 0.00000 -123.40618 0.45233 -0.89185 0.00000 -108.95880 0.00000 0.00000 -1.00000 0.00000
1620321610047882 0.80610 0.59178 0.00000 -105.07126 0.59178 -0.80610 0.00000 -127.65307 0.00000 0.00000 -1.00000 0.00000
1620321610297890 0.69379 0.72018 0.00000 -82.91544 0.72018 -0.69379 0.00000 -143.68256 0.00000 0.00000 -1.00000 0.00000
1620321610548522 0.55613 0.83110 0.00000 -57.35724 0.83110 -0.55613 0.00000 -156.04089 0.00000 0.00000 -1.00000 0.00000
1620321610798523 0.39814 0.91732 0.00000 -29.48211 0.91732 -0.39814 0.00000 -163.80931 0.00000 0.00000 -1.00000 0.00000
1620321611048525 0.22719 0.97385 0.00000 -0.65854 0.97385 -0.22719 0.00000 -166.44948 0.00000 0.00000 -1.00000 0.00000
1620321611299158 0.04657 0.99892 0.00000 28.54675 0.99892 -0.04657 0.00000 -163.81677 0.00000 0.00000 -1.00000 0.00000
1620321611549169 -0.13684 0.99059 0.00000 56.97168 0.99059 0.13684 0.00000 -155.85922 0.00000 0.00000 -1.00000 0.00000
1620321611799170 -0.31922 0.94768 0.00000 83.97994 0.94768 0.31922 0.00000 -142.52236 0.00000 0.00000 -1.00000 0.00000
1620321612049166 -0.49038 0.87151 0.00000 107.99268 0.87151 0.49038 0.00000 -124.36855 0.00000 0.00000 -1.00000 0.00000
1620321612299192 -0.64160 0.76704 0.00000 127.80903 0.76704 0.64160 0.00000 -102.53534 0.00000 0.00000 -1.00000 0.00000
1620321612549803 -0.76418 0.64500 0.00000 142.39896 0.64500 0.76418 0.00000 -78.99689 0.00000 0.00000 -1.00000 0.00000
1620321612799810 -0.85276 0.52231 0.00000 151.47573 0.52231 0.85276 0.00000 -56.63249 0.00000 0.00000 -1.00000 0.00000
1620321613049814 -0.91118 0.41202 0.00000 156.10189 0.41202 0.91118 0.00000 -37.35438 0.00000 0.00000 -1.00000 0.00000
1620321613299818 -0.94659 0.32243 0.00000 157.68900 0.32243 0.94659 0.00000 -22.16477 0.00000 0.00000 -1.00000 0.00000
1620321613549817 -0.96645 0.25686 0.00000 157.48768 0.25686 0.96645 0.00000 -11.35332 0.00000 0.00000 -1.00000 0.00000
1620321613800455 -0.97792 0.20896 0.00000 156.45442 0.20896 0.97792 0.00000 -3.60029 0.00000 0.00000 -1.00000 0.00000
1620321614050457 -0.98437 0.17610 0.00000 155.04902 0.17610 0.98437 0.00000 1.58155 0.00000 0.00000 -1.00000 0.00000
1620321614301098 -0.98804 0.15418 0.00000 153.45787 0.15418 0.98804 0.00000 5.00053 0.00000 0.00000 -1.00000 0.00000
1620321614551084 -0.98929 0.14594 0.00000 151.82619 0.14594 0.98929 0.00000 6.25883 0.00000 0.00000 -1.00000 0.00000
1620321614801093 -0.98851 0.15117 0.00000 150.24498 0.15117 0.98851 0.00000 5.44993 0.00000 0.00000 -1.00000 0.00000
1620321615051100 -0.98504 0.17231 0.00000 148.68676 0.17231 0.98504 0.00000 2.22282 0.00000 0.00000 -1.00000 0.00000
1620321615300479 -0.97924 0.20271 0.00000 146.98437 0.20271 0.97924 0.00000 -2.40114 0.00000 0.00000 -1.00000 0.00000
1620321615550478 -0.97003 0.24300 0.00000 145.05984 0.24300 0.97003 0.00000 -8.49589 0.00000 0.00000 -1.00000 0.00000
1620321615800479 -0.95750 0.28843 0.00000 142.77615 0.28843 0.95750 0.00000 -15.34535 0.00000 0.00000 -1.00000 0.00000
1620321616050484 -0.94121 0.33781 0.00000 140.02856 0.33781 0.94121 0.00000 -22.76010 0.00000 0.00000 -1.00000 0.00000
1620321616299868 -0.92008 0.39174 0.00000 136.68718 0.39174 0.92008 0.00000 -30.84223 0.00000 0.00000 -1.00000 0.00000
1620321616549247 -0.89597 0.44411 0.00000 132.85742 0.44411 0.89597 0.00000 -38.68219 0.00000 0.00000 -1.00000 0.00000
1620321616798625 -0.86839 0.49589 0.00000 128.51329 0.49589 0.86839 0.00000 -46.41549 0.00000 0.00000 -1.00000 0.00000
1620321617048630 -0.83876 0.54451 0.00000 123.77336 0.54451 0.83876 0.00000 -53.66061 0.00000 0.00000 -1.00000 0.00000
1620321617298012 -0.80660 0.59110 0.00000 118.60340 0.59110 0.80660 0.00000 -60.59778 0.00000 0.00000 -1.00000 0.00000
1620321617548007 -0.77248 0.63504 0.00000 113.09841 0.63504 0.77248 0.00000 -67.12438 0.00000 0.00000 -1.00000 0.00000
1620321617798024 -0.73640 0.67655 0.00000 107.24621 0.67655 0.73640 0.00000 -73.24840 0.00000 0.00000 -1.00000 0.00000
1620321618048022 -0.69781 0.71628 0.00000 101.04971 0.71628 0.69781 0.00000 -79.07051 0.00000 0.00000 -1.00000 0.00000
1620321618297399 -0.65909 0.75206 0.00000 94.74665 0.75206 0.65909 0.00000 -84.26577 0.00000 0.00000 -1.00000 0.00000
1620321618547405 -0.62463 0.78092 0.00000 88.81786 0.78092 0.62463 0.00000 -88.45993 0.00000 0.00000 -1.00000 0.00000
1620321618796785 -0.59888 0.80084 0.00000 83.86676 0.80084 0.59888 0.00000 -91.33211 0.00000 0.00000 -1.00000 0.00000
1620321619046788 -0.57633 0.81722 0.00000 79.24151 0.81722 0.57633 0.00000 -93.68025 0.00000 0.00000 -1.00000 0.00000
1620321619296792 -0.55636 0.83094 0.00000 74.85955 0.83094 0.55636 0.00000 -95.61199 0.00000 0.00000 -1.00000 0.00000
1620321619546170 -0.54273 0.83991 0.00000 71.22195 0.83991 0.54273 0.00000 -96.85953 0.00000 0.00000 -1.00000 0.00000
1620321619796174 -0.53472 0.84503 0.00000 68.18694 0.84503 0.53472 0.00000 -97.57017 0.00000 0.00000 -1.00000 0.00000
1620321620046804 -0.53420 0.84536 0.00000 65.99669 0.84536 0.53420 0.00000 -97.66459 0.00000 0.00000 -1.00000 0.00000
1620321620297430 -0.54173 0.84055 0.00000 64.71989 0.84055 0.54173 0.00000 -97.13039 0.00000 0.00000 -1.00000 0.00000
1620321620548062 -0.55533 0.83163 0.00000 64.12745 0.83163 0.55533 0.00000 -96.12594 0.00000 0.00000 -1.00000 0.00000
1620321620798067 -0.57799 0.81604 0.00000 64.58846 0.81604 0.57799 0.00000 -94.41090 0.00000 0.00000 -1.00000 0.00000
1620321621048701 -0.60980 0.79256 0.00000 66.11282 0.79256 0.60980 0.00000 -91.86671 0.00000 0.00000 -1.00000 0.00000
1620321621298703 -0.64592 0.76340 0.00000 68.15395 0.76340 0.64592 0.00000 -88.78308 0.00000 0.00000 -1.00000 0.00000
1620321621548703 -0.68715 0.72651 0.00000 70.80750 0.72651 0.68715 0.00000 -84.97849 0.00000 0.00000 -1.00000 0.00000
1620321621798708 -0.73032 0.68310 0.00000 73.76383 0.68310 0.73032 0.00000 -80.56932 0.00000 0.00000 -1.00000 0.00000
1620321622048713 -0.77252 0.63499 0.00000 76.67987 0.63499 0.77252 0.00000 -75.76989 0.00000 0.00000 -1.00000 0.00000
1620321622298717 -0.81655 0.57728 0.00000 79.87299 0.57728 0.81655 0.00000 -70.11145 0.00000 0.00000 -1.00000 0.00000
1620321622548763 -0.85629 0.51650 0.00000 82.68693 0.51650 0.85629 0.00000 -64.21931 0.00000 0.00000 -1.00000 0.00000
1620321622799350 -0.89179 0.45245 0.00000 85.08925 0.45245 0.89179 0.00000 -58.08824 0.00000 0.00000 -1.00000 0.00000
1620321623049356 -0.92340 0.38385 0.00000 87.14005 0.38385 0.92340 0.00000 -51.59452 0.00000 0.00000 -1.00000 0.00000
1620321623298738 -0.94932 0.31431 0.00000 88.63711 0.31431 0.94932 0.00000 -45.08894 0.00000 0.00000 -1.00000 0.00000
1620321623549361 -0.97014 0.24255 0.00000 89.67405 0.24255 0.97014 0.00000 -38.41969 0.00000 0.00000 -1.00000 0.00000
1620321623799366 -0.98479 0.17377 0.00000 90.06976 0.17377 0.98479 0.00000 -32.11735 0.00000 0.00000 -1.00000 0.00000
1620321624049371 -0.99406 0.10884 0.00000 89.88714 0.10884 0.99406 0.00000 -26.22463 0.00000 0.00000 -1.00000 0.00000
1620321624299379 -0.99864 0.05214 0.00000 89.15443 0.05214 0.99864 0.00000 -21.16583 0.00000 0.00000 -1.00000 0.00000
1620321624549386 -0.99998 -0.00579 -0.00000 88.14124 -0.00579 0.99998 0.00000 -16.05609 0.00000 0.00000 -1.00000 0.00000
1620321624799384 -0.99802 -0.06288 -0.00000 86.79577 -0.06288 0.99802 0.00000 -11.06024 0.00000 0.00000 -1.00000 0.00000
1620321625049388 -0.99337 -0.11496 -0.00000 85.13793 -0.11496 0.99337 0.00000 -6.57156 0.00000 0.00000 -1.00000 0.00000
1620321625299396 -0.98768 -0.15651 -0.00000 83.24875 -0.15651 0.98768 0.00000 -3.05920 0.00000 0.00000 -1.00000 0.00000
1620321625548770 -0.98279 -0.18470 -0.00000 81.17784 -0.18470 0.98279 0.00000 -0.72608 0.00000 0.00000 -1.00000 0.00000
1620321625798780 -0.97916 -0.20307 -0.00000 79.04052 -0.20307 0.97916 0.00000 0.76299 0.00000 0.00000 -1.00000 0.00000
1620321626048780 -0.97691 -0.21364 -0.00000 76.92039 -0.21364 0.97691 0.00000 1.56933 0.00000 0.00000 -1.00000 0.00000
1620321626298160 -0.97554 -0.21984 -0.00000 74.77474 -0.21984 0.97554 0.00000 2.01303 0.00000 0.00000 -1.00000 0.00000
1620321626548162 -0.97472 -0.22343 -0.00000 72.63739 -0.22343 0.97472 0.00000 2.24491 0.00000 0.00000 -1.00000 0.00000
1620321626798171 -0.97436 -0.22499 -0.00000 70.51903 -0.22499 0.97436 0.00000 2.31621 0.00000 0.00000 -1.00000 0.00000
1620321627047550 -0.97408 -0.22622 -0.00000 68.41131 -0.22622 0.97408 0.00000 2.35711 0.00000 0.00000 -1.00000 0.00000
1620321627297557 -0.97356 -0.22841 -0.00000 66.34120 -0.22841 0.97356 0.00000 2.47945 0.00000 0.00000 -1.00000 0.00000
1620321627547558 -0.97296 -0.23095 -0.00000 64.29034 -0.23095 0.97296 0.00000 2.62763 0.00000 0.00000 -1.00000 0.00000
1620321627796933 -0.97235 -0.23354 -0.00000 62.25860 -0.23354 0.97235 0.00000 2.75440 0.00000 0.00000 -1.00000 0.00000
1620321628046948 -0.97086 -0.23965 -0.00000 60.24081 -0.23965 0.97086 0.00000 3.08527 0.00000 0.00000 -1.00000 0.00000
1620321628297578 -0.96938 -0.24558 -0.00000 58.22421 -0.24558 0.96938 0.00000 3.39545 0.00000 0.00000 -1.00000 0.00000
1620321628546952 -0.96744 -0.25312 -0.00000 56.23210 -0.25312 0.96744 0.00000 3.78856 0.00000 0.00000 -1.00000 0.00000
1620321628796956 -0.96444 -0.26429 -0.00000 54.23343 -0.26429 0.96444 0.00000 4.39232 0.00000 0.00000 -1.00000 0.00000
1620321629047588 -0.96074 -0.27744 -0.00000 52.24509 -0.27744 0.96074 0.00000 5.09695 0.00000 0.00000 -1.00000 0.00000
1620321629297595 -0.95725 -0.28926 -0.00000 50.25041 -0.28926 0.95725 0.00000 5.69332 0.00000 0.00000 -1.00000 0.00000
1620321629547591 -0.95347 -0.30149 -0.00000 48.26396 -0.30149 0.95347 0.00000 6.28432 0.00000 0.00000 -1.00000 0.00000
1620321629797599 -0.94875 -0.31602 -0.00000 46.25876 -0.31602 0.94875 0.00000 6.97494 0.00000 0.00000 -1.00000 0.00000
1620321630046977 -0.94090 -0.33869 -0.00000 44.18363 -0.33869 0.94090 0.00000 8.01059 0.00000 0.00000 -1.00000 0.00000
1620321630296981 -0.93364 -0.35820 -0.00000 42.14235 -0.35820 0.93364 0.00000 8.89009 0.00000 0.00000 -1.00000 0.00000
1620321630547029 -0.93081 -0.36552 -0.00000 40.21532 -0.36552 0.93081 0.00000 9.18563 0.00000 0.00000 -1.00000 0.00000
1620321630797610 -0.93311 -0.35960 -0.00000 38.41812 -0.35960 0.93311 0.00000 8.92634 0.00000 0.00000 -1.00000 0.00000
1620321631047620 -0.94130 -0.33757 -0.00000 36.82788 -0.33757 0.94130 0.00000 8.01949 0.00000 0.00000 -1.00000 0.00000
1620321631296998 -0.95108 -0.30894 -0.00000 35.22694 -0.30894 0.95108 0.00000 6.88680 0.00000 0.00000 -1.00000 0.00000
1620321631547007 -0.96085 -0.27709 -0.00000 33.62085 -0.27709 0.96085 0.00000 5.67308 0.00000 0.00000 -1.00000 0.00000
1620321631797008 -0.96896 -0.24720 -0.00000 31.98886 -0.24720 0.96896 0.00000 4.61566 0.00000 0.00000 -1.00000 0.00000
1620321632047008 -0.97556 -0.21974 -0.00000 30.25760 -0.21974 0.97556 0.00000 3.67711 0.00000 0.00000 -1.00000 0.00000
1620321632297013 -0.98008 -0.19859 -0.00000 28.42366 -0.19859 0.98008 0.00000 2.98832 0.00000 0.00000 -1.00000 0.00000
1620321632546400 -0.98353 -0.18076 -0.00000 26.59630 -0.18076 0.98353 0.00000 2.43562 0.00000 0.00000 -1.00000 0.00000
1620321632797025 -0.98663 -0.16299 -0.00000 24.67222 -0.16299 0.98663 0.00000 1.91333 0.00000 0.00000 -1.00000 0.00000
1620321633047652 -0.98868 -0.15002 -0.00000 22.70186 -0.15002 0.98868 0.00000 1.54553 0.00000 0.00000 -1.00000 0.00000
1620321633297657 -0.98983 -0.14229 -0.00000 20.68823 -0.14229 0.98983 0.00000 1.32121 0.00000 0.00000 -1.00000 0.00000
1620321633548907 -0.99036 -0.13850 -0.00000 18.63845 -0.13850 0.99036 0.00000 1.20635 0.00000 0.00000 -1.00000 0.00000
1620321633798914 -0.99037 -0.13843 -0.00000 16.57571 -0.13843 0.99037 0.00000 1.17214 0.00000 0.00000 -1.00000 0.00000
1620321634048923 -0.99019 -0.13971 -0.00000 14.47951 -0.13971 0.99019 0.00000 1.17235 0.00000 0.00000 -1.00000 0.00000
1620321634298923 -0.99010 -0.14040 -0.00000 12.40558 -0.14040 0.99010 0.00000 1.14516 0.00000 0.00000 -1.00000 0.00000
1620321634548919 -0.99020 -0.13965 -0.00000 10.26151 -0.13965 0.99020 0.00000 1.11146 0.00000 0.00000 -1.00000 0.00000
1620321634798933 -0.99062 -0.13664 -0.00000 8.14482 -0.13664 0.99062 0.00000 1.04869 0.00000 0.00000 -1.00000 0.00000
1620321635048938 -0.99093 -0.13436 -0.00000 6.00824 -0.13436 0.99093 0.00000 0.99890 0.00000 0.00000 -1.00000 0.00000
1620321635298939 -0.99085 -0.13498 -0.00000 3.87237 -0.13498 0.99085 0.00000 0.95989 0.00000 0.00000 -1.00000 0.00000
1620321635548943 -0.99018 -0.13983 -0.00000 1.69029 -0.13983 0.99018 0.00000 0.95291 0.00000 0.00000 -1.00000 0.00000
1620321635798944 -0.98948 -0.14466 -0.00000 -0.47314 -0.14466 0.98948 0.00000 0.93565 0.00000 0.00000 -1.00000 0.00000
1620321636048950 -0.98882 -0.14913 -0.00000 -2.66712 -0.14913 0.98882 0.00000 0.89593 0.00000 0.00000 -1.00000 0.00000
1620321636298958 -0.98802 -0.15433 -0.00000 -4.85964 -0.15433 0.98802 0.00000 0.83592 0.00000 0.00000 -1.00000 0.00000
1620321636548335 -0.98710 -0.16010 -0.00000 -7.04108 -0.16010 0.98710 0.00000 0.75684 0.00000 0.00000 -1.00000 0.00000
1620321636798964 -0.98589 -0.16742 -0.00000 -9.25208 -0.16742 0.98589 0.00000 0.64632 0.00000 0.00000 -1.00000 0.00000
1620321637048969 -0.98427 -0.17665 -0.00000 -11.47980 -0.17665 0.98427 0.00000 0.54339 0.00000 0.00000 -1.00000 0.00000
1620321637298980 -0.98314 -0.18285 -0.00000 -13.61593 -0.18285 0.98314 0.00000 0.44447 0.00000 0.00000 -1.00000 0.00000
1620321637548358 -0.98169 -0.19047 -0.00000 -15.82500 -0.19047 0.98169 0.00000 0.27594 0.00000 0.00000 -1.00000 0.00000
1620321637798356 -0.98017 -0.19816 -0.00000 -17.99223 -0.19816 0.98017 0.00000 0.09471 0.00000 0.00000 -1.00000 0.00000
1620321638048363 -0.97807 -0.20828 -0.00000 -20.16226 -0.20828 0.97807 0.00000 -0.15065 0.00000 0.00000 -1.00000 0.00000
1620321638298362 -0.97549 -0.22004 -0.00000 -22.35155 -0.22004 0.97549 0.00000 -0.46128 0.00000 0.00000 -1.00000 0.00000
1620321638548373 -0.97281 -0.23161 -0.00000 -24.52843 -0.23161 0.97281 0.00000 -0.78949 0.00000 0.00000 -1.00000 0.00000
1620321638798372 -0.97058 -0.24079 -0.00000 -26.69596 -0.24079 0.97058 0.00000 -1.08797 0.00000 0.00000 -1.00000 0.00000
1620321639047755 -0.96940 -0.24551 -0.00000 -28.88107 -0.24551 0.96940 0.00000 -1.25284 0.00000 0.00000 -1.00000 0.00000
1620321639298379 -0.96914 -0.24650 -0.00000 -31.08177 -0.24650 0.96914 0.00000 -1.30067 0.00000 0.00000 -1.00000 0.00000
1620321639547760 -0.96938 -0.24556 -0.00000 -33.24680 -0.24556 0.96938 0.00000 -1.29498 0.00000 0.00000 -1.00000 0.00000
1620321639797765 -0.96974 -0.24412 -0.00000 -35.43998 -0.24412 0.96974 0.00000 -1.27666 0.00000 0.00000 -1.00000 0.00000
1620321640047772 -0.97051 -0.24104 -0.00000 -37.59489 -0.24104 0.97051 0.00000 -1.19358 0.00000 0.00000 -1.00000 0.00000
1620321640297774 -0.97168 -0.23629 -0.00000 -39.74138 -0.23629 0.97168 0.00000 -1.03656 0.00000 0.00000 -1.00000 0.00000
1620321640547785 -0.97295 -0.23102 -0.00000 -41.91993 -0.23102 0.97295 0.00000 -0.84712 0.00000 0.00000 -1.00000 0.00000
1620321640797152 -0.97383 -0.22729 -0.00000 -44.01661 -0.22729 0.97383 0.00000 -0.71709 0.00000 0.00000 -1.00000 0.00000
1620321641047164 -0.97437 -0.22494 -0.00000 -46.13883 -0.22494 0.97437 0.00000 -0.66146 0.00000 0.00000 -1.00000 0.00000
1620321641297169 -0.97465 -0.22375 -0.00000 -48.22469 -0.22375 0.97465 0.00000 -0.65419 0.00000 0.00000 -1.00000 0.00000
1620321641547169 -0.97473 -0.22339 -0.00000 -50.26698 -0.22339 0.97473 0.00000 -0.67900 0.00000 0.00000 -1.00000 0.00000
1620321641796550 -0.97522 -0.22124 -0.00000 -52.30443 -0.22124 0.97522 0.00000 -0.61914 0.00000 0.00000 -1.00000 0.00000
1620321642046552 -0.97554 -0.21982 -0.00000 -54.27668 -0.21982 0.97554 0.00000 -0.59256 0.00000 0.00000 -1.00000 0.00000
1620321642297810 -0.97640 -0.21599 -0.00000 -56.19331 -0.21599 0.97640 0.00000 -0.42254 0.00000 0.00000 -1.00000 0.00000
1620321642547816 -0.97815 -0.20791 -0.00000 -58.02708 -0.20791 0.97815 0.00000 0.03073 0.00000 0.00000 -1.00000 0.00000
1620321642798443 -0.98209 -0.18840 -0.00000 -59.77016 -0.18840 0.98209 0.00000 1.15835 0.00000 0.00000 -1.00000 0.00000
1620321643048444 -0.98692 -0.16119 -0.00000 -61.37662 -0.16119 0.98692 0.00000 2.79550 0.00000 0.00000 -1.00000 0.00000
1620321643297825 -0.99240 -0.12301 -0.00000 -62.79448 -0.12301 0.99240 0.00000 5.14283 0.00000 0.00000 -1.00000 0.00000
1620321643547835 -0.99719 -0.07496 -0.00000 -63.96163 -0.07496 0.99719 0.00000 8.14623 0.00000 0.00000 -1.00000 0.00000
1620321643797841 -0.99990 -0.01422 -0.00000 -64.73996 -0.01422 0.99990 0.00000 12.03376 0.00000 0.00000 -1.00000 0.00000
1620321644047840 -0.99821 0.05974 0.00000 -64.95747 0.05974 0.99821 0.00000 16.78190 0.00000 0.00000 -1.00000 0.00000
1620321644297219 -0.98908 0.14740 0.00000 -64.42045 0.14740 0.98908 0.00000 22.43433 0.00000 0.00000 -1.00000 0.00000
1620321644546592 -0.96998 0.24318 0.00000 -63.08428 0.24318 0.96998 0.00000 28.60521 0.00000 0.00000 -1.00000 0.00000
1620321644796598 -0.93895 0.34407 0.00000 -60.83634 0.34407 0.93895 0.00000 35.08817 0.00000 0.00000 -1.00000 0.00000
1620321645046612 -0.89404 0.44800 0.00000 -57.56514 0.44800 0.89404 0.00000 41.74473 0.00000 0.00000 -1.00000 0.00000
1620321645297235 -0.83423 0.55141 0.00000 -53.25915 0.55141 0.83423 0.00000 48.27790 0.00000 0.00000 -1.00000 0.00000
1620321645547866 -0.76069 0.64912 0.00000 -48.02786 0.64912 0.76069 0.00000 54.41141 0.00000 0.00000 -1.00000 0.00000
1620321645797872 -0.68073 0.73253 0.00000 -42.47858 0.73253 0.68073 0.00000 59.57278 0.00000 0.00000 -1.00000 0.00000
1620321646047871 -0.60278 0.79791 0.00000 -37.21791 0.79791 0.60278 0.00000 63.53799 0.00000 0.00000 -1.00000 0.00000
1620321646297877 -0.52635 0.85027 0.00000 -32.16117 0.85027 0.52635 0.00000 66.69415 0.00000 0.00000 -1.00000 0.00000
1620321646546674 -0.45904 0.88842 0.00000 -27.82618 0.88842 0.45904 0.00000 68.93844 0.00000 0.00000 -1.00000 0.00000
1620321646796008 -0.40665 0.91358 0.00000 -24.62230 0.91358 0.40665 0.00000 70.39950 0.00000 0.00000 -1.00000 0.00000
1620321647046647 -0.36637 0.93047 0.00000 -22.29439 0.93047 0.36637 0.00000 71.37179 0.00000 0.00000 -1.00000 0.00000
1620321647297271 -0.33611 0.94182 0.00000 -20.66009 0.94182 0.33611 0.00000 72.03738 0.00000 0.00000 -1.00000 0.00000
1620321647547902 -0.31362 0.94955 0.00000 -19.54364 0.94955 0.31362 0.00000 72.47580 0.00000 0.00000 -1.00000 0.00000
1620321647797899 -0.29677 0.95495 0.00000 -18.77863 0.95495 0.29677 0.00000 72.78943 0.00000 0.00000 -1.00000 0.00000
1620321648048528 -0.28467 0.95863 0.00000 -18.28695 0.95863 0.28467 0.00000 73.00974 0.00000 0.00000 -1.00000 0.00000
1620321648297914 -0.27809 0.96055 0.00000 -18.15474 0.96055 0.27809 0.00000 73.12548 0.00000 0.00000 -1.00000 0.00000
1620321648547921 -0.27359 0.96185 0.00000 -18.13037 0.96185 0.27359 0.00000 73.19729 0.00000 0.00000 -1.00000 0.00000
1620321648797923 -0.27167 0.96239 0.00000 -18.25297 0.96239 0.27167 0.00000 73.23132 0.00000 0.00000 -1.00000 0.00000
1620321649047921 -0.27117 0.96253 0.00000 -18.43782 0.96253 0.27117 0.00000 73.23387 0.00000 0.00000 -1.00000 0.00000
1620321649297305 -0.27063 0.96268 0.00000 -18.57853 0.96268 0.27063 0.00000 73.24164 0.00000 0.00000 -1.00000 0.00000
1620321649547308 -0.27012 0.96283 0.00000 -18.68701 0.96283 0.27012 0.00000 73.24941 0.00000 0.00000 -1.00000 0.00000
1620321649797314 -0.27013 0.96282 0.00000 -18.80729 0.96282 0.27013 0.00000 73.24708 0.00000 0.00000 -1.00000 0.00000
1620321650046686 -0.26992 0.96288 0.00000 -18.88578 0.96288 0.26992 0.00000 73.25054 0.00000 0.00000 -1.00000 0.00000
1620321650297316 -0.26976 0.96293 0.00000 -18.94998 0.96293 0.26976 0.00000 73.25319 0.00000 0.00000 -1.00000 0.00000
1620321650547949 -0.26974 0.96293 0.00000 -19.01814 0.96293 0.26974 0.00000 73.25256 0.00000 0.00000 -1.00000 0.00000
1620321650797966 -0.26960 0.96297 0.00000 -19.07300 0.96297 0.26960 0.00000 73.25395 0.00000 0.00000 -1.00000 0.00000
1620321651048579 -0.26965 0.96296 0.00000 -19.13997 0.96296 0.26965 0.00000 73.25134 0.00000 0.00000 -1.00000 0.00000
1620321651298585 -0.26958 0.96298 0.00000 -19.19569 0.96298 0.26958 0.00000 73.25158 0.00000 0.00000 -1.00000 0.00000
1620321651548590 -0.26941 0.96303 0.00000 -19.24233 0.96303 0.26941 0.00000 73.25448 0.00000 0.00000 -1.00000 0.00000
1620321651798597 -0.26924 0.96307 0.00000 -19.28656 0.96307 0.26924 0.00000 73.25779 0.00000 0.00000 -1.00000 0.00000
1620321652047981 -0.26909 0.96312 0.00000 -19.32925 0.96312 0.26909 0.00000 73.26081 0.00000 0.00000 -1.00000 0.00000
1620321652297981 -0.26901 0.96314 0.00000 -19.37475 0.96314 0.26901 0.00000 73.26217 0.00000 0.00000 -1.00000 0.00000
1620321652547981 -0.26881 0.96319 0.00000 -19.41011 0.96319 0.26881 0.00000 73.26573 0.00000 0.00000 -1.00000 0.00000
1620321652797986 -0.26867 0.96323 0.00000 -19.44843 0.96323 0.26867 0.00000 73.26823 0.00000 0.00000 -1.00000 0.00000
1620321653047997 -0.26853 0.96327 0.00000 -19.48693 0.96327 0.26853 0.00000 73.26998 0.00000 0.00000 -1.00000 0.00000
1620321653297995 -0.26840 0.96331 0.00000 -19.52448 0.96331 0.26840 0.00000 73.27216 0.00000 0.00000 -1.00000 0.00000
1620321653546746 -0.26826 0.96335 0.00000 -19.55849 0.96335 0.26826 0.00000 73.27419 0.00000 0.00000 -1.00000 0.00000
1620321653796751 -0.26812 0.96338 0.00000 -19.58871 0.96338 0.26812 0.00000 73.27657 0.00000 0.00000 -1.00000 0.00000
1620321654047385 -0.26801 0.96342 0.00000 -19.61796 0.96342 0.26801 0.00000 73.27841 0.00000 0.00000 -1.00000 0.00000
1620321654298016 -0.26791 0.96344 0.00000 -19.64670 0.96344 0.26791 0.00000 73.28013 0.00000 0.00000 -1.00000 0.00000
1620321654548680 -0.26782 0.96347 0.00000 -19.68846 0.96347 0.26782 0.00000 73.28172 0.00000 0.00000 -1.00000 0.00000
1620321654799268 -0.26763 0.96352 0.00000 -19.74442 0.96352 0.26763 0.00000 73.28527 0.00000 0.00000 -1.00000 0.00000
1620321655049897 -0.26739 0.96359 0.00000 -19.81684 0.96359 0.26739 0.00000 73.29022 0.00000 0.00000 -1.00000 0.00000
1620321655299904 -0.26719 0.96364 0.00000 -19.91082 0.96364 0.26719 0.00000 73.29357 0.00000 0.00000 -1.00000 0.00000
1620321655549915 -0.26693 0.96372 0.00000 -20.02391 0.96372 0.26693 0.00000 73.29764 0.00000 0.00000 -1.00000 0.00000
1620321655799284 -0.26682 0.96375 0.00000 -20.19129 0.96375 0.26682 0.00000 73.29744 0.00000 0.00000 -1.00000 0.00000
1620321656049288 -0.26652 0.96383 0.00000 -20.41377 0.96383 0.26652 0.00000 73.30013 0.00000 0.00000 -1.00000 0.00000
