1608317079518053 1.00000 0.00000 0.00000 -0.00000 0.00000 -1.00000 0.00000 0.00000 0.00000 -0.00000 -1.00000 0.00000
1608317079768059 1.00000 0.00118 0.00000 0.02157 0.00118 -1.00000 0.00000 -0.02615 0.00000 -0.00000 -1.00000 -0.00000
1608317080018069 1.00000 -0.00167 0.00000 -0.00300 -0.00167 -1.00000 0.00000 -0.00210 -0.00000 -0.00000 -1.00000 -0.00000
1608317080268064 1.00000 -0.00153 0.00000 0.00351 -0.00153 -1.00000 0.00000 -0.01892 -0.00000 -0.00000 -1.00000 -0.00000
1608317080518063 1.00000 -0.00067 -0.00000 0.00292 -0.00067 -1.00000 0.00000 -0.00792 -0.00000 -0.00000 -1.00000 -0.00000
1608317080768066 1.00000 -0.00110 0.00000 -0.01024 -0.00110 -1.00000 0.00000 -0.00285 -0.00000 -0.00000 -1.00000 -0.00000
1608317081018069 0.99998 -0.00632 -0.00000 -0.00553 -0.00632 -0.99998 0.00000 0.00068 -0.00000 -0.00000 -1.00000 0.00000
1608317081268075 0.99998 -0.00573 0.00000 0.03083 -0.00573 -0.99998 0.00000 -0.01814 -0.00000 -0.00000 -1.00000 -0.00000
1608317081518069 1.00000 0.00061 0.00000 0.01981 0.00061 -1.00000 0.00000 -0.03164 0.00000 -0.00000 -1.00000 -0.00000
1608317081768074 0.99997 -0.00765 0.00000 -0.01560 -0.00765 -0.99997 0.00000 0.00259 -0.00000 -0.00000 -1.00000 0.00000
1608317082017457 0.99999 -0.00447 0.00000 0.04890 -0.00447 -0.99999 0.00000 -0.13593 -0.00000 -0.00000 -1.00000 -0.00000
1608317082267462 1.00000 0.00042 0.00000 -0.03444 0.00042 -1.00000 0.00000 -0.01216 0.00000 -0.00000 -1.00000 -0.00000
1608317082518089 0.99999 -0.00333 0.00000 0.00085 -0.00333 -0.99999 0.00000 -0.03525 -0.00000 -0.00000 -1.00000 -0.00000
1608317082768091 0.99999 -0.00331 0.00000 0.01157 -0.00331 -0.99999 0.00000 -0.00978 -0.00000 -0.00000 -1.00000 -0.00000
1608317083018090 0.99999 -0.00475 0.00000 -0.00311 -0.00475 -0.99999 0.00000 -0.00928 -0.00000 -0.00000 -1.00000 -0.00000
1608317083268100 0.99998 -0.00670 0.00000 0.02019 -0.00670 -0.99998 0.00000 -0.00393 -0.00000 -0.00000 -1.00000 -0.00000
1608317083518140 0.99998 -0.00563 -0.00000 0.01426 -0.00563 -0.99998 0.00000 -0.02002 -0.00000 -0.00000 -1.00000 -0.00000
1608317083768105 0.99999 -0.00368 0.00000 0.00807 -0.00368 -0.99999 0.00000 -0.00572 -0.00000 -0.00000 -1.00000 -0.00000
1608317084018104 1.00000 0.00133 0.00000 0.01109 0.00133 -1.00000 0.00000 -0.03143 0.00000 -0.00000 -1.00000 -0.00000
1608317084268105 1.00000 0.00124 -0.00000 -0.00687 0.00124 -1.00000 0.00000 -0.00309 0.00000 -0.00000 -1.00000 -0.00000
1608317084518111 1.00000 0.00045 0.00000 0.00548 0.00045 -1.00000 0.00000 -0.01216 0.00000 -0.00000 -1.00000 -0.00000
1608317084768119 1.00000 0.00040 0.00000 0.01682 0.00040 -1.00000 0.00000 -0.04135 0.00000 -0.00000 -1.00000 -0.00000
1608317085018116 0.99998 -0.00595 0.00000 0.02870 -0.00595 -0.99998 0.00000 -0.10745 -0.00000 -0.00000 -1.00000 -0.00000
1608317085268121 1.00000 0.00033 0.00000 0.01591 0.00033 -1.00000 0.00000 -0.02061 0.00000 -0.00000 -1.00000 -0.00000
1608317085518120 1.00000 0.00166 -0.00000 -0.00071 0.00166 -1.00000 0.00000 -0.00724 0.00000 -0.00000 -1.00000 -0.00000
1608317085768131 1.00000 0.00147 -0.00000 0.00981 0.00147 -1.00000 0.00000 -0.06032 0.00000 -0.00000 -1.00000 -0.00000
1608317086018132 1.00000 0.00112 0.00000 0.01066 0.00112 -1.00000 0.00000 -0.03297 0.00000 -0.00000 -1.00000 -0.00000
1608317086268135 1.00000 0.00146 0.00000 0.00941 0.00146 -1.00000 0.00000 -0.04207 0.00000 -0.00000 -1.00000 -0.00000
1608317086518136 1.00000 0.00121 -0.00000 -0.00184 0.00121 -1.00000 0.00000 -0.01291 0.00000 -0.00000 -1.00000 -0.00000
1608317086768136 0.99999 -0.00514 -0.00000 -0.01475 -0.00514 -0.99999 0.00000 0.00890 -0.00000 -0.00000 -1.00000 0.00000
1608317087017517 0.99998 -0.00607 0.00000 0.03499 -0.00607 -0.99998 0.00000 -0.11709 -0.00000 -0.00000 -1.00000 -0.00000
1608317087267522 0.99999 -0.00479 0.00000 -0.00345 -0.00479 -0.99999 0.00000 -0.09309 -0.00000 -0.00000 -1.00000 -0.00000
1608317087518146 0.99996 -0.00900 0.00000 0.01419 -0.00900 -0.99996 0.00000 -0.03255 -0.00000 -0.00000 -1.00000 -0.00000
1608317087767524 1.00000 -0.00253 0.00000 0.02170 -0.00253 -1.00000 0.00000 -0.07702 -0.00000 -0.00000 -1.00000 -0.00000
1608317088017539 1.00000 0.00247 0.00000 -0.00275 0.00247 -1.00000 0.00000 -0.01679 0.00000 -0.00000 -1.00000 -0.00000
1608317088268157 0.99999 -0.00362 0.00000 0.01603 -0.00362 -0.99999 0.00000 -0.01722 -0.00000 -0.00000 -1.00000 -0.00000
1608317088518158 1.00000 -0.00145 -0.00000 0.02653 -0.00145 -1.00000 0.00000 -0.06625 -0.00000 -0.00000 -1.00000 -0.00000
1608317088768785 0.99997 -0.00797 0.00000 0.00875 -0.00797 -0.99997 0.00000 -0.00644 -0.00000 -0.00000 -1.00000 -0.00000
1608317089018788 0.99998 -0.00555 0.00000 0.01927 -0.00555 -0.99998 0.00000 -0.01310 -0.00000 -0.00000 -1.00000 -0.00000
1608317089268800 1.00000 0.00008 0.00000 0.01479 0.00008 -1.00000 0.00000 -0.04733 0.00000 -0.00000 -1.00000 -0.00000
1608317089518802 1.00000 0.00144 -0.00000 -0.00964 0.00144 -1.00000 0.00000 -0.04108 0.00000 -0.00000 -1.00000 -0.00000
1608317089768799 1.00000 0.00112 0.00000 0.00406 0.00112 -1.00000 0.00000 -0.01707 0.00000 -0.00000 -1.00000 -0.00000
1608317090018805 1.00000 -0.00017 0.00000 0.02576 -0.00017 -1.00000 0.00000 -0.05341 -0.00000 -0.00000 -1.00000 -0.00000
1608317090269438 0.99997 -0.00826 0.00000 0.02739 -0.00826 -0.99997 0.00000 -0.02051 -0.00000 -0.00000 -1.00000 -0.00000
1608317090518815 0.99998 -0.00577 -0.00000 0.03540 -0.00577 -0.99998 0.00000 -0.11423 -0.00000 -0.00000 -1.00000 -0.00000
1608317090769438 0.99998 -0.00682 0.00000 0.02233 -0.00682 -0.99998 0.00000 -0.01084 -0.00000 -0.00000 -1.00000 -0.00000
1608317091019440 0.99999 -0.00465 0.00000 0.01470 -0.00465 -0.99999 0.00000 -0.00343 -0.00000 -0.00000 -1.00000 -0.00000
1608317091269449 0.99999 -0.00486 0.00000 -0.00826 -0.00486 -0.99999 0.00000 -0.00249 -0.00000 -0.00000 -1.00000 -0.00000
1608317091519454 0.99999 -0.00427 0.00000 0.01928 -0.00427 -0.99999 0.00000 -0.01159 -0.00000 -0.00000 -1.00000 -0.00000
1608317091769452 1.00000 -0.00032 0.00000 0.01018 -0.00032 -1.00000 0.00000 -0.02166 -0.00000 -0.00000 -1.00000 -0.00000
1608317092019457 0.99999 -0.00410 0.00000 -0.01361 -0.00410 -0.99999 0.00000 0.00506 -0.00000 -0.00000 -1.00000 0.00000
1608317092269452 0.99995 -0.01004 0.00000 0.00609 -0.01004 -0.99995 0.00000 -0.02286 -0.00000 -0.00000 -1.00000 -0.00000
1608317092518831 1.00000 -0.00306 -0.00000 0.01642 -0.00306 -1.00000 0.00000 -0.07909 -0.00000 -0.00000 -1.00000 -0.00000
1608317092768837 0.99999 0.00322 0.00000 0.01048 0.00322 -0.99999 0.00000 -0.02695 0.00000 -0.00000 -1.00000 -0.00000
1608317093019462 0.99999 -0.00435 0.00000 0.04204 -0.00435 -0.99999 0.00000 -0.02438 -0.00000 -0.00000 -1.00000 -0.00000
1608317093269469 1.00000 -0.00228 -0.00000 0.03772 -0.00228 -1.00000 0.00000 -0.01355 -0.00000 -0.00000 -1.00000 -0.00000
1608317093519468 0.99999 0.00454 0.00000 0.01885 0.00454 -0.99999 0.00000 -0.01810 0.00000 -0.00000 -1.00000 -0.00000
1608317093769469 0.99986 0.01698 -0.00000 -0.06008 0.01698 -0.99986 0.00000 -0.00474 0.00000 -0.00000 -1.00000 -0.00000
1608317094019480 0.99941 0.03442 0.00000 -0.12944 0.03442 -0.99941 0.00000 -0.00608 0.00000 -0.00000 -1.00000 -0.00000
1608317094268856 0.99741 0.07188 -0.00000 -0.21280 0.07188 -0.99741 0.00000 -0.04522 0.00000 -0.00000 -1.00000 -0.00000
1608317094518855 0.99357 0.11324 0.00000 -0.45704 0.11324 -0.99357 0.00000 0.04937 0.00000 -0.00000 -1.00000 0.00000
1608317094768858 0.98557 0.16926 0.00000 -0.66154 0.16926 -0.98557 0.00000 0.03307 0.00000 -0.00000 -1.00000 0.00000
1608317095018863 0.97310 0.23039 -0.00000 -1.05575 0.23039 -0.97310 0.00000 0.03433 0.00000 -0.00000 -1.00000 0.00000
1608317095269491 0.95836 0.28556 0.00000 -1.43840 0.28556 -0.95836 0.00000 -0.07781 0.00000 -0.00000 -1.00000 -0.00000
1608317095520116 0.95115 0.30872 0.00000 -1.83818 0.30872 -0.95115 0.00000 -0.02073 0.00000 -0.00000 -1.00000 -0.00000
1608317095770123 0.94333 0.33185 0.00000 -2.28327 0.33185 -0.94333 0.00000 -0.18794 0.00000 -0.00000 -1.00000 -0.00000
1608317096020138 0.94198 0.33567 0.00000 -2.86420 0.33567 -0.94198 0.00000 -0.14512 0.00000 -0.00000 -1.00000 -0.00000
1608317096270132 0.94699 0.32126 -0.00000 -3.48201 0.32126 -0.94699 0.00000 -0.14395 0.00000 -0.00000 -1.00000 -0.00000
1608317096520755 0.95761 0.28807 -0.00000 -4.11197 0.28807 -0.95761 0.00000 0.05433 0.00000 -0.00000 -1.00000 0.00000
1608317096770757 0.96850 0.24901 0.00000 -4.75833 0.24901 -0.96850 0.00000 0.12403 0.00000 -0.00000 -1.00000 0.00000
1608317097020137 0.97657 0.21520 0.00000 -5.52687 0.21520 -0.97657 0.00000 0.20443 0.00000 -0.00000 -1.00000 0.00000
1608317097270144 0.98528 0.17093 0.00000 -6.27835 0.17093 -0.98528 0.00000 0.48774 0.00000 -0.00000 -1.00000 0.00000
1608317097519516 0.99153 0.12984 0.00000 -7.09017 0.12984 -0.99153 0.00000 0.74229 0.00000 -0.00000 -1.00000 0.00000
1608317097768897 0.99655 0.08298 0.00000 -7.99009 0.08298 -0.99655 0.00000 0.96455 0.00000 -0.00000 -1.00000 0.00000
1608317098018903 0.99921 0.03970 -0.00000 -8.91203 0.03970 -0.99921 0.00000 1.33140 0.00000 -0.00000 -1.00000 0.00000
1608317098269532 0.99999 0.00327 0.00000 -9.90637 0.00327 -0.99999 0.00000 1.72770 0.00000 -0.00000 -1.00000 0.00000
1608317098518280 0.99983 -0.01821 0.00000 -10.86901 -0.01821 -0.99983 0.00000 1.81901 -0.00000 -0.00000 -1.00000 0.00000
1608317098768909 0.99904 -0.04386 0.00000 -12.06645 -0.04386 -0.99904 0.00000 2.20784 -0.00000 -0.00000 -1.00000 0.00000
1608317099018287 0.99869 -0.05124 0.00000 -13.23138 -0.05124 -0.99869 0.00000 2.10497 -0.00000 -0.00000 -1.00000 0.00000
1608317099268291 0.99799 -0.06330 0.00000 -14.52714 -0.06330 -0.99799 0.00000 2.35180 -0.00000 -0.00000 -1.00000 0.00000
1608317099518299 0.99806 -0.06221 0.00000 -15.75978 -0.06221 -0.99806 0.00000 2.29214 -0.00000 -0.00000 -1.00000 0.00000
1608317099768296 0.99824 -0.05931 0.00000 -17.26352 -0.05931 -0.99824 0.00000 2.23173 -0.00000 -0.00000 -1.00000 0.00000
1608317100018929 0.99813 -0.06105 0.00000 -18.73538 -0.06105 -0.99813 0.00000 2.25566 -0.00000 -0.00000 -1.00000 0.00000
1608317100268928 0.99834 -0.05767 0.00000 -20.28186 -0.05767 -0.99834 0.00000 2.23613 -0.00000 -0.00000 -1.00000 0.00000
1608317100518929 0.99861 -0.05268 0.00000 -21.90692 -0.05268 -0.99861 0.00000 2.04496 -0.00000 -0.00000 -1.00000 0.00000
1608317100768930 0.99914 -0.04153 0.00000 -23.60633 -0.04153 -0.99914 0.00000 1.67768 -0.00000 -0.00000 -1.00000 0.00000
1608317101019562 0.99908 -0.04283 0.00000 -25.29677 -0.04283 -0.99908 0.00000 1.74934 -0.00000 -0.00000 -1.00000 0.00000
1608317101269565 0.99945 -0.03318 0.00000 -27.09246 -0.03318 -0.99945 0.00000 1.42325 -0.00000 -0.00000 -1.00000 0.00000
1608317101519568 0.99949 -0.03201 0.00000 -28.82052 -0.03201 -0.99949 0.00000 1.39448 -0.00000 -0.00000 -1.00000 0.00000
1608317101769568 0.99963 -0.02715 0.00000 -30.44099 -0.02715 -0.99963 0.00000 1.25599 -0.00000 -0.00000 -1.00000 0.00000
1608317102019572 0.99986 -0.01693 0.00000 -32.26344 -0.01693 -0.99986 0.00000 0.93076 -0.00000 -0.00000 -1.00000 0.00000
1608317102269583 0.99991 -0.01349 -0.00000 -34.03690 -0.01349 -0.99991 0.00000 0.71820 -0.00000 -0.00000 -1.00000 0.00000
1608317102519579 1.00000 -0.00013 0.00000 -35.89036 -0.00013 -1.00000 0.00000 0.35828 -0.00000 -0.00000 -1.00000 0.00000
1608317102768953 0.99991 0.01376 0.00000 -37.74622 0.01376 -0.99991 0.00000 -0.24610 0.00000 -0.00000 -1.00000 -0.00000
1608317103018959 0.99987 0.01586 0.00000 -39.63080 0.01586 -0.99987 0.00000 -0.32584 0.00000 -0.00000 -1.00000 -0.00000
1608317103269589 0.99992 0.01253 0.00000 -41.38600 0.01253 -0.99992 0.00000 -0.18400 0.00000 -0.00000 -1.00000 -0.00000
1608317103519593 0.99994 0.01126 -0.00000 -43.32559 0.01126 -0.99994 0.00000 -0.21181 0.00000 -0.00000 -1.00000 -0.00000
1608317103769596 0.99995 0.01002 0.00000 -45.30300 0.01002 -0.99995 0.00000 -0.25035 0.00000 -0.00000 -1.00000 -0.00000
1608317104019610 0.99999 0.00420 0.00000 -47.21364 0.00420 -0.99999 0.00000 0.08546 0.00000 -0.00000 -1.00000 0.00000
1608317104269603 0.99999 0.00381 0.00000 -49.23530 0.00381 -0.99999 0.00000 0.06590 0.00000 -0.00000 -1.00000 0.00000
1608317104519610 0.99995 0.00954 0.00000 -51.28325 0.00954 -0.99995 0.00000 -0.29826 0.00000 -0.00000 -1.00000 -0.00000
1608317104769610 0.99998 0.00627 0.00000 -53.38671 0.00627 -0.99998 0.00000 -0.25031 0.00000 -0.00000 -1.00000 -0.00000
1608317105019610 0.99996 0.00896 0.00000 -55.42666 0.00896 -0.99996 0.00000 -0.45352 0.00000 -0.00000 -1.00000 -0.00000
1608317105269615 0.99993 0.01220 -0.00000 -57.53512 0.01220 -0.99993 0.00000 -0.65396 0.00000 -0.00000 -1.00000 -0.00000
1608317105519617 0.99997 0.00748 0.00000 -59.62201 0.00748 -0.99997 0.00000 -0.25943 0.00000 -0.00000 -1.00000 -0.00000
1608317105769615 0.99996 0.00859 0.00000 -61.63505 0.00859 -0.99996 0.00000 -0.33235 0.00000 -0.00000 -1.00000 -0.00000
1608317106019622 0.99999 0.00396 -0.00000 -63.65206 0.00396 -0.99999 0.00000 -0.07718 0.00000 -0.00000 -1.00000 -0.00000
1608317106269625 0.99999 -0.00365 0.00000 -65.72782 -0.00365 -0.99999 0.00000 0.38923 -0.00000 -0.00000 -1.00000 0.00000
1608317106520248 0.99990 -0.01409 0.00000 -67.78238 -0.01409 -0.99990 0.00000 1.13966 -0.00000 -0.00000 -1.00000 0.00000
1608317106770256 0.99976 -0.02210 0.00000 -69.80925 -0.02210 -0.99976 0.00000 1.62127 -0.00000 -0.00000 -1.00000 0.00000
1608317107020260 0.99943 -0.03375 0.00000 -71.84656 -0.03375 -0.99943 0.00000 2.46582 -0.00000 -0.00000 -1.00000 0.00000
1608317107270265 0.99906 -0.04334 0.00000 -73.83228 -0.04334 -0.99906 0.00000 3.09387 -0.00000 -0.00000 -1.00000 0.00000
1608317107520266 0.99795 -0.06398 0.00000 -75.83114 -0.06398 -0.99795 0.00000 4.49782 -0.00000 -0.00000 -1.00000 0.00000
1608317107770267 0.99594 -0.09000 -0.00000 -77.77752 -0.09000 -0.99594 0.00000 6.55387 -0.00000 -0.00000 -1.00000 0.00000
1608317108020273 0.99269 -0.12070 0.00000 -79.51381 -0.12070 -0.99269 0.00000 8.96664 -0.00000 -0.00000 -1.00000 0.00000
1608317108270900 0.98619 -0.16559 0.00000 -81.01534 -0.16559 -0.98619 0.00000 12.60494 -0.00000 -0.00000 -1.00000 0.00000
1608317108520895 0.97487 -0.22277 -0.00000 -82.18729 -0.22277 -0.97487 0.00000 17.30301 -0.00000 -0.00000 -1.00000 0.00000
1608317108770273 0.96210 -0.27271 0.00000 -83.07064 -0.27271 -0.96210 0.00000 21.57107 -0.00000 -0.00000 -1.00000 0.00000
1608317109019028 0.94391 -0.33020 0.00000 -83.53893 -0.33020 -0.94391 0.00000 26.47902 -0.00000 -0.00000 -1.00000 0.00000
1608317109268410 0.92377 -0.38294 -0.00000 -84.01520 -0.38294 -0.92377 0.00000 31.07648 -0.00000 -0.00000 -1.00000 0.00000
1608317109517790 0.90037 -0.43512 0.00000 -84.16111 -0.43512 -0.90037 0.00000 36.01800 -0.00000 -0.00000 -1.00000 0.00000
1608317109767164 0.87709 -0.48033 0.00000 -84.10503 -0.48033 -0.87709 0.00000 40.16039 -0.00000 -0.00000 -1.00000 0.00000
1608317110017174 0.84154 -0.54020 0.00000 -83.14741 -0.54020 -0.84154 0.00000 45.92977 -0.00000 -0.00000 -1.00000 0.00000
1608317110267174 0.80182 -0.59756 0.00000 -81.72178 -0.59756 -0.80182 0.00000 51.53343 -0.00000 -0.00000 -1.00000 0.00000
1608317110516560 0.75670 -0.65376 0.00000 -79.84783 -0.65376 -0.75670 0.00000 57.36052 -0.00000 -0.00000 -1.00000 0.00000
1608317110766557 0.70638 -0.70783 0.00000 -77.43810 -0.70783 -0.70638 0.00000 63.03768 -0.00000 -0.00000 -1.00000 0.00000
1608317111017182 0.65311 -0.75727 -0.00000 -74.56249 -0.75727 -0.65311 0.00000 68.53042 -0.00000 -0.00000 -1.00000 0.00000
1608317111267184 0.59522 -0.80356 0.00000 -71.22517 -0.80356 -0.59522 0.00000 73.94634 -0.00000 -0.00000 -1.00000 0.00000
1608317111517189 0.53282 -0.84623 0.00000 -67.41826 -0.84623 -0.53282 0.00000 79.09453 -0.00000 -0.00000 -1.00000 0.00000
1608317111767189 0.47028 -0.88252 0.00000 -63.42296 -0.88252 -0.47028 0.00000 83.72705 -0.00000 -0.00000 -1.00000 0.00000
1608317112016578 0.41858 -0.90818 0.00000 -60.50436 -0.90818 -0.41858 0.00000 87.13587 -0.00000 -0.00000 -1.00000 0.00000
1608317112265947 0.37746 -0.92603 0.00000 -58.45485 -0.92603 -0.37746 0.00000 89.56586 -0.00000 -0.00000 -1.00000 0.00000
1608317112515950 0.34879 -0.93720 0.00000 -57.59635 -0.93720 -0.34879 0.00000 91.23231 -0.00000 -0.00000 -1.00000 0.00000
1608317112766575 0.32895 -0.94435 0.00000 -57.57140 -0.94435 -0.32895 0.00000 92.63761 -0.00000 -0.00000 -1.00000 0.00000
1608317113015953 0.32959 -0.94412 0.00000 -59.53853 -0.94412 -0.32959 0.00000 92.40571 -0.00000 -0.00000 -1.00000 0.00000
1608317113266583 0.32147 -0.94692 -0.00000 -60.73140 -0.94692 -0.32147 0.00000 93.06000 -0.00000 -0.00000 -1.00000 0.00000
1608317113516590 0.31784 -0.94814 0.00000 -62.28980 -0.94814 -0.31784 0.00000 93.26946 -0.00000 -0.00000 -1.00000 0.00000
1608317113765961 0.32485 -0.94576 0.00000 -64.89249 -0.94576 -0.32485 0.00000 92.51779 -0.00000 -0.00000 -1.00000 0.00000
1608317114015963 0.33436 -0.94245 -0.00000 -67.75507 -0.94245 -0.33436 0.00000 91.89231 -0.00000 -0.00000 -1.00000 0.00000
1608317114266601 0.34066 -0.94019 0.00000 -70.35360 -0.94019 -0.34066 0.00000 91.54440 -0.00000 -0.00000 -1.00000 0.00000
1608317114515974 0.36189 -0.93222 0.00000 -74.32153 -0.93222 -0.36189 0.00000 89.78095 -0.00000 -0.00000 -1.00000 0.00000
1608317114765978 0.38260 -0.92391 -0.00000 -78.31956 -0.92391 -0.38260 0.00000 88.04227 -0.00000 -0.00000 -1.00000 0.00000
1608317115016604 0.40351 -0.91498 0.00000 -82.25050 -0.91498 -0.40351 0.00000 86.31342 -0.00000 -0.00000 -1.00000 0.00000
1608317115266607 0.42492 -0.90523 -0.00000 -86.17879 -0.90523 -0.42492 0.00000 84.17207 -0.00000 -0.00000 -1.00000 0.00000
1608317115516655 0.44873 -0.89367 0.00000 -90.33174 -0.89367 -0.44873 0.00000 81.92669 -0.00000 -0.00000 -1.00000 0.00000
1608317115767241 0.47764 -0.87855 0.00000 -94.85169 -0.87855 -0.47764 0.00000 78.92451 -0.00000 -0.00000 -1.00000 0.00000
1608317116017241 0.50430 -0.86353 0.00000 -99.18647 -0.86353 -0.50430 0.00000 75.90858 -0.00000 -0.00000 -1.00000 0.00000
1608317116267241 0.52497 -0.85112 0.00000 -102.98517 -0.85112 -0.52497 0.00000 73.46504 -0.00000 -0.00000 -1.00000 0.00000
1608317116517251 0.54494 -0.83848 0.00000 -106.57893 -0.83848 -0.54494 0.00000 71.00265 -0.00000 -0.00000 -1.00000 0.00000
1608317116767252 0.56183 -0.82726 0.00000 -109.99989 -0.82726 -0.56183 0.00000 68.74620 -0.00000 -0.00000 -1.00000 0.00000
1608317117017252 0.58058 -0.81420 0.00000 -113.50450 -0.81420 -0.58058 0.00000 66.21567 -0.00000 -0.00000 -1.00000 0.00000
1608317117267880 0.59344 -0.80488 -0.00000 -116.44042 -0.80488 -0.59344 0.00000 64.25765 -0.00000 -0.00000 -1.00000 0.00000
1608317117517879 0.60708 -0.79464 -0.00000 -119.63282 -0.79464 -0.60708 0.00000 62.30867 -0.00000 -0.00000 -1.00000 0.00000
1608317117767888 0.61597 -0.78777 0.00000 -122.37375 -0.78777 -0.61597 0.00000 60.89728 -0.00000 -0.00000 -1.00000 0.00000
1608317118017894 0.63358 -0.77368 0.00000 -125.63694 -0.77368 -0.63358 0.00000 58.07114 -0.00000 -0.00000 -1.00000 0.00000
1608317118267894 0.64715 -0.76236 0.00000 -128.77606 -0.76236 -0.64715 0.00000 55.85909 -0.00000 -0.00000 -1.00000 0.00000
1608317118517900 0.66261 -0.74897 0.00000 -131.95338 -0.74897 -0.66261 0.00000 53.01425 -0.00000 -0.00000 -1.00000 0.00000
1608317118768524 0.67117 -0.74130 0.00000 -134.62156 -0.74130 -0.67117 0.00000 51.60220 -0.00000 -0.00000 -1.00000 0.00000
1608317119018527 0.68395 -0.72953 -0.00000 -137.57525 -0.72953 -0.68395 0.00000 49.23476 -0.00000 -0.00000 -1.00000 0.00000
1608317119268531 0.69557 -0.71846 0.00000 -140.31385 -0.71846 -0.69557 0.00000 46.98259 -0.00000 -0.00000 -1.00000 0.00000
1608317119518529 0.70972 -0.70449 0.00000 -143.31259 -0.70449 -0.70972 0.00000 44.16446 -0.00000 -0.00000 -1.00000 0.00000
1608317119768534 0.72631 -0.68737 0.00000 -146.34453 -0.68737 -0.72631 0.00000 40.59814 -0.00000 -0.00000 -1.00000 0.00000
1608317120018552 0.73835 -0.67442 0.00000 -149.03460 -0.67442 -0.73835 0.00000 37.99571 -0.00000 -0.00000 -1.00000 0.00000
1608317120268542 0.74672 -0.66514 0.00000 -151.44662 -0.66514 -0.74672 0.00000 36.15437 -0.00000 -0.00000 -1.00000 0.00000
1608317120518546 0.75638 -0.65414 0.00000 -153.93432 -0.65414 -0.75638 0.00000 33.84625 -0.00000 -0.00000 -1.00000 0.00000
1608317120767925 0.77367 -0.63359 -0.00000 -156.61628 -0.63359 -0.77367 0.00000 29.79586 -0.00000 -0.00000 -1.00000 0.00000
1608317121017923 0.80372 -0.59500 0.00000 -159.67012 -0.59500 -0.80372 0.00000 21.83697 -0.00000 -0.00000 -1.00000 0.00000
1608317121268556 0.83562 -0.54932 0.00000 -162.52473 -0.54932 -0.83562 0.00000 12.88584 -0.00000 -0.00000 -1.00000 0.00000
1608317121517934 0.88122 -0.47270 0.00000 -164.68767 -0.47270 -0.88122 0.00000 -1.73200 -0.00000 -0.00000 -1.00000 -0.00000
1608317121768562 0.92195 -0.38731 0.00000 -165.49450 -0.38731 -0.92195 0.00000 -17.21200 -0.00000 -0.00000 -1.00000 -0.00000
1608317122018567 0.95938 -0.28213 -0.00000 -164.11623 -0.28213 -0.95938 0.00000 -35.62466 -0.00000 -0.00000 -1.00000 -0.00000
1608317122268565 0.98814 -0.15352 0.00000 -159.48638 -0.15352 -0.98814 0.00000 -56.98090 -0.00000 -0.00000 -1.00000 -0.00000
1608317122518568 0.99974 -0.02295 0.00000 -152.20084 -0.02295 -0.99974 0.00000 -77.24249 -0.00000 -0.00000 -1.00000 -0.00000
1608317122768570 0.99209 0.12556 0.00000 -140.45942 0.12556 -0.99209 0.00000 -98.99210 0.00000 -0.00000 -1.00000 -0.00000
1608317123019198 0.96066 0.27772 0.00000 -124.65273 0.27772 -0.96066 0.00000 -119.56135 0.00000 -0.00000 -1.00000 -0.00000
1608317123269203 0.90666 0.42186 -0.00000 -106.17217 0.42186 -0.90666 0.00000 -137.21407 0.00000 -0.00000 -1.00000 -0.00000
1608317123519251 0.82698 0.56222 0.00000 -83.90730 0.56222 -0.82698 0.00000 -152.55206 0.00000 -0.00000 -1.00000 -0.00000
1608317123769210 0.72477 0.68899 -0.00000 -59.20546 0.68899 -0.72477 0.00000 -164.17826 0.00000 -0.00000 -1.00000 -0.00000
1608317124019841 0.59533 0.80348 0.00000 -31.17383 0.80348 -0.59533 0.00000 -171.83169 0.00000 -0.00000 -1.00000 -0.00000
1608317124269838 0.44236 0.89684 0.00000 -1.12441 0.89684 -0.44236 0.00000 -174.66672 0.00000 -0.00000 -1.00000 -0.00000
1608317124519841 0.28382 0.95888 0.00000 27.41936 0.95888 -0.28382 0.00000 -172.24315 0.00000 -0.00000 -1.00000 -0.00000
1608317124770468 0.09486 0.99549 0.00000 58.76444 0.99549 -0.09486 0.00000 -163.74380 0.00000 -0.00000 -1.00000 -0.00000
1608317125021101 -0.08936 0.99600 -0.00000 86.66385 0.99600 0.08936 0.00000 -150.16144 0.00000 0.00000 -1.00000 -0.00000
1608317125271106 -0.26786 0.96346 0.00000 111.12522 0.96346 0.26786 0.00000 -132.05429 0.00000 0.00000 -1.00000 -0.00000
1608317125521728 -0.43507 0.90040 -0.00000 131.59971 0.90040 0.43507 0.00000 -110.11332 0.00000 0.00000 -1.00000 -0.00000
1608317125771729 -0.57281 0.81969 0.00000 146.11869 0.81969 0.57281 0.00000 -87.72241 0.00000 0.00000 -1.00000 -0.00000
1608317126021116 -0.68216 0.73120 -0.00000 155.58198 0.73120 0.68216 0.00000 -66.32436 0.00000 0.00000 -1.00000 -0.00000
1608317126269866 -0.76063 0.64918 0.00000 160.58723 0.64918 0.76063 0.00000 -48.32151 0.00000 0.00000 -1.00000 -0.00000
1608317126518620 -0.81527 0.57908 -0.00000 162.78493 0.57908 0.81527 0.00000 -33.78660 0.00000 0.00000 -1.00000 -0.00000
1608317126768623 -0.84286 0.53813 -0.00000 162.77291 0.53813 0.84286 0.00000 -25.71474 0.00000 0.00000 -1.00000 -0.00000
1608317127017996 -0.87093 0.49141 0.00000 162.46272 0.49141 0.87093 0.00000 -16.87800 0.00000 0.00000 -1.00000 -0.00000
1608317127268002 -0.89019 0.45559 -0.00000 161.37929 0.45559 0.89019 0.00000 -10.22947 0.00000 0.00000 -1.00000 -0.00000
1608317127518008 -0.91051 0.41349 -0.00000 160.06255 0.41349 0.91051 0.00000 -2.73624 0.00000 0.00000 -1.00000 -0.00000
1608317127768007 -0.92740 0.37407 -0.00000 158.29660 0.37407 0.92740 0.00000 4.08780 0.00000 0.00000 -1.00000 0.00000
1608317128018022 -0.94061 0.33949 0.00000 156.37191 0.33949 0.94061 0.00000 9.86804 0.00000 0.00000 -1.00000 0.00000
1608317128268013 -0.94971 0.31314 -0.00000 154.30030 0.31314 0.94971 0.00000 14.16983 0.00000 0.00000 -1.00000 0.00000
1608317128518021 -0.95597 0.29346 0.00000 152.05965 0.29346 0.95597 0.00000 17.40743 0.00000 0.00000 -1.00000 0.00000
1608317128768018 -0.95724 0.28930 0.00000 150.24419 0.28930 0.95724 0.00000 17.87891 0.00000 0.00000 -1.00000 0.00000
1608317129018023 -0.96253 0.27117 0.00000 148.10636 0.27117 0.96253 0.00000 20.88067 0.00000 0.00000 -1.00000 0.00000
1608317129268033 -0.96103 0.27645 0.00000 146.35450 0.27645 0.96103 0.00000 19.87464 0.00000 0.00000 -1.00000 0.00000
1608317129518649 -0.96156 0.27460 0.00000 144.56331 0.27460 0.96156 0.00000 20.20920 0.00000 0.00000 -1.00000 0.00000
1608317129768654 -0.95743 0.28868 0.00000 143.04236 0.28868 0.95743 0.00000 18.09766 0.00000 0.00000 -1.00000 0.00000
1608317130018040 -0.95138 0.30801 0.00000 141.56110 0.30801 0.95138 0.00000 15.06814 0.00000 0.00000 -1.00000 0.00000
1608317130268033 -0.93945 0.34269 0.00000 140.36219 0.34269 0.93945 0.00000 9.95939 0.00000 0.00000 -1.00000 0.00000
1608317130518039 -0.91871 0.39493 0.00000 138.98859 0.39493 0.91871 0.00000 2.05837 0.00000 0.00000 -1.00000 0.00000
1608317130768040 -0.88922 0.45749 0.00000 137.02523 0.45749 0.88922 0.00000 -7.68971 0.00000 0.00000 -1.00000 -0.00000
1608317131018671 -0.85268 0.52243 0.00000 134.51653 0.52243 0.85268 0.00000 -17.82206 0.00000 0.00000 -1.00000 -0.00000
1608317131268057 -0.81567 0.57852 0.00000 131.36912 0.57852 0.81567 0.00000 -26.94375 0.00000 0.00000 -1.00000 -0.00000
1608317131518100 -0.76944 0.63872 0.00000 127.09176 0.63872 0.76944 0.00000 -36.73118 0.00000 0.00000 -1.00000 -0.00000
1608317131768059 -0.71994 0.69404 0.00000 122.37184 0.69404 0.71994 0.00000 -46.16936 0.00000 0.00000 -1.00000 -0.00000
1608317132018060 -0.66368 0.74801 0.00000 116.51331 0.74801 0.66368 0.00000 -55.42839 0.00000 0.00000 -1.00000 -0.00000
1608317132268060 -0.60700 0.79470 -0.00000 110.45774 0.79470 0.60700 0.00000 -64.07476 0.00000 0.00000 -1.00000 -0.00000
1608317132518065 -0.55707 0.83046 -0.00000 104.41470 0.83046 0.55707 0.00000 -70.59083 0.00000 0.00000 -1.00000 -0.00000
1608317132768066 -0.51601 0.85658 -0.00000 99.03561 0.85658 0.51601 0.00000 -75.73498 0.00000 0.00000 -1.00000 -0.00000
1608317133018069 -0.48767 0.87303 0.00000 94.67536 0.87303 0.48767 0.00000 -78.89619 0.00000 0.00000 -1.00000 -0.00000
1608317133268069 -0.46204 0.88686 0.00000 90.48961 0.88686 0.46204 0.00000 -81.51195 0.00000 0.00000 -1.00000 -0.00000
1608317133518090 -0.43532 0.90028 0.00000 86.06901 0.90028 0.43532 0.00000 -84.33283 0.00000 0.00000 -1.00000 -0.00000
1608317133768088 -0.40407 0.91473 -0.00000 81.27229 0.91473 0.40407 0.00000 -87.20931 0.00000 0.00000 -1.00000 -0.00000
1608317134018088 -0.37014 0.92898 0.00000 76.18071 0.92898 0.37014 0.00000 -90.25873 0.00000 0.00000 -1.00000 -0.00000
1608317134267462 -0.35113 0.93632 0.00000 72.33202 0.93632 0.35113 0.00000 -91.78491 0.00000 0.00000 -1.00000 -0.00000
1608317134517462 -0.33082 0.94370 0.00000 68.47259 0.94370 0.33082 0.00000 -93.45186 0.00000 0.00000 -1.00000 -0.00000
1608317134767466 -0.31517 0.94904 0.00000 64.94345 0.94904 0.31517 0.00000 -94.51653 0.00000 0.00000 -1.00000 -0.00000
1608317135017469 -0.30665 0.95182 0.00000 62.18599 0.95182 0.30665 0.00000 -95.09204 0.00000 0.00000 -1.00000 -0.00000
1608317135268100 -0.30730 0.95161 -0.00000 60.30080 0.95161 0.30730 0.00000 -95.18693 0.00000 0.00000 -1.00000 -0.00000
1608317135518106 -0.31728 0.94833 0.00000 59.34217 0.94833 0.31728 0.00000 -94.57119 0.00000 0.00000 -1.00000 -0.00000
1608317135768102 -0.33052 0.94380 0.00000 58.74658 0.94380 0.33052 0.00000 -93.89155 0.00000 0.00000 -1.00000 -0.00000
1608317136018124 -0.34415 0.93892 0.00000 58.11004 0.93892 0.34415 0.00000 -92.99041 0.00000 0.00000 -1.00000 -0.00000
1608317136268115 -0.37483 0.92709 0.00000 59.24428 0.92709 0.37483 0.00000 -91.21376 0.00000 0.00000 -1.00000 -0.00000
1608317136518738 -0.40124 0.91597 0.00000 59.91192 0.91597 0.40124 0.00000 -89.43218 0.00000 0.00000 -1.00000 -0.00000
1608317136768120 -0.44905 0.89351 -0.00000 62.71026 0.89351 0.44905 0.00000 -86.45104 0.00000 0.00000 -1.00000 -0.00000
1608317137018745 -0.49083 0.87125 0.00000 64.83177 0.87125 0.49083 0.00000 -83.21837 0.00000 0.00000 -1.00000 -0.00000
1608317137268748 -0.55042 0.83489 0.00000 68.73674 0.83489 0.55042 0.00000 -78.60610 0.00000 0.00000 -1.00000 -0.00000
1608317137518754 -0.60800 0.79394 0.00000 72.18582 0.79394 0.60800 0.00000 -73.57494 0.00000 0.00000 -1.00000 -0.00000
1608317137768755 -0.66425 0.74751 0.00000 75.45999 0.74751 0.66425 0.00000 -68.29848 0.00000 0.00000 -1.00000 -0.00000
1608317138019381 -0.70861 0.70560 0.00000 77.73125 0.70560 0.70861 0.00000 -63.52897 0.00000 0.00000 -1.00000 -0.00000
1608317138269381 -0.74946 0.66205 0.00000 79.55562 0.66205 0.74946 0.00000 -58.79769 0.00000 0.00000 -1.00000 -0.00000
1608317138519399 -0.78996 0.61316 0.00000 81.33096 0.61316 0.78996 0.00000 -53.67704 0.00000 0.00000 -1.00000 -0.00000
1608317138770018 -0.81447 0.58021 0.00000 81.51738 0.58021 0.81447 0.00000 -50.30325 0.00000 0.00000 -1.00000 -0.00000
1608317139020020 -0.83834 0.54515 0.00000 81.76061 0.54515 0.83834 0.00000 -46.75551 0.00000 0.00000 -1.00000 -0.00000
1608317139269399 -0.85979 0.51065 0.00000 81.88207 0.51065 0.85979 0.00000 -43.62410 0.00000 0.00000 -1.00000 -0.00000
1608317139520056 -0.89235 0.45134 0.00000 82.79867 0.45134 0.89235 0.00000 -37.85306 0.00000 0.00000 -1.00000 -0.00000
1608317139770025 -0.91943 0.39324 0.00000 83.22590 0.39324 0.91943 0.00000 -32.71560 0.00000 0.00000 -1.00000 -0.00000
1608317140020661 -0.94025 0.34047 0.00000 82.87140 0.34047 0.94025 0.00000 -27.96338 0.00000 0.00000 -1.00000 -0.00000
1608317140271285 -0.95469 0.29759 -0.00000 82.31560 0.29759 0.95469 0.00000 -24.13593 0.00000 0.00000 -1.00000 -0.00000
1608317140521290 -0.96851 0.24897 -0.00000 81.51386 0.24897 0.96851 0.00000 -19.90741 0.00000 0.00000 -1.00000 -0.00000
1608317140771289 -0.97848 0.20633 0.00000 80.32630 0.20633 0.97848 0.00000 -16.36800 0.00000 0.00000 -1.00000 -0.00000
1608317141020669 -0.98672 0.16244 0.00000 78.95167 0.16244 0.98672 0.00000 -12.77192 0.00000 0.00000 -1.00000 -0.00000
1608317141269428 -0.99193 0.12682 0.00000 77.49665 0.12682 0.99193 0.00000 -9.92788 0.00000 0.00000 -1.00000 -0.00000
1608317141519426 -0.99565 0.09316 0.00000 75.60401 0.09316 0.99565 0.00000 -7.36364 0.00000 0.00000 -1.00000 -0.00000
1608317141768800 -0.99754 0.07012 0.00000 73.66266 0.07012 0.99754 0.00000 -5.67764 0.00000 0.00000 -1.00000 -0.00000
1608317142018805 -0.99871 0.05073 0.00000 71.74592 0.05073 0.99871 0.00000 -4.18323 0.00000 0.00000 -1.00000 -0.00000
1608317142268804 -0.99958 0.02901 0.00000 69.83011 0.02901 0.99958 0.00000 -2.64188 0.00000 0.00000 -1.00000 -0.00000
1608317142518814 -0.99992 0.01288 -0.00000 67.82620 0.01288 0.99992 0.00000 -1.57975 0.00000 0.00000 -1.00000 -0.00000
1608317142768811 -0.99995 0.01008 0.00000 65.72620 0.01008 0.99995 0.00000 -1.37348 0.00000 0.00000 -1.00000 -0.00000
1608317143018193 -1.00000 -0.00219 0.00000 63.68746 -0.00219 1.00000 0.00000 -0.71359 -0.00000 0.00000 -1.00000 -0.00000
1608317143268820 -0.99999 -0.00364 0.00000 61.63527 -0.00364 0.99999 0.00000 -0.46539 -0.00000 0.00000 -1.00000 -0.00000
1608317143518827 -0.99996 -0.00914 0.00000 59.55245 -0.00914 0.99996 0.00000 -0.16876 -0.00000 0.00000 -1.00000 -0.00000
1608317143768826 -0.99989 -0.01497 0.00000 57.43191 -0.01497 0.99989 0.00000 0.11004 -0.00000 0.00000 -1.00000 0.00000
1608317144018841 -0.99989 -0.01464 0.00000 55.41995 -0.01464 0.99989 0.00000 -0.00664 -0.00000 0.00000 -1.00000 -0.00000
1608317144269455 -0.99999 -0.00412 -0.00000 53.35043 -0.00412 0.99999 0.00000 -0.61433 -0.00000 0.00000 -1.00000 -0.00000
1608317144519462 -0.99998 -0.00549 0.00000 51.23548 -0.00549 0.99998 0.00000 -0.60533 -0.00000 0.00000 -1.00000 -0.00000
1608317144769460 -0.99999 -0.00416 -0.00000 49.29961 -0.00416 0.99999 0.00000 -0.62099 -0.00000 0.00000 -1.00000 -0.00000
1608317145019465 -0.99999 -0.00361 0.00000 47.32073 -0.00361 0.99999 0.00000 -0.75515 -0.00000 0.00000 -1.00000 -0.00000
1608317145269473 -0.99991 -0.01329 0.00000 45.26822 -0.01329 0.99991 0.00000 -0.41867 -0.00000 0.00000 -1.00000 -0.00000
1608317145519471 -0.99991 -0.01320 0.00000 43.25210 -0.01320 0.99991 0.00000 -0.44554 -0.00000 0.00000 -1.00000 -0.00000
1608317145770097 -0.99994 -0.01130 -0.00000 41.36982 -0.01130 0.99994 0.00000 -0.45594 -0.00000 0.00000 -1.00000 -0.00000
1608317146020109 -0.99987 -0.01610 -0.00000 39.49414 -0.01610 0.99987 0.00000 -0.37395 -0.00000 0.00000 -1.00000 -0.00000
1608317146270108 -0.99998 -0.00561 0.00000 37.47483 -0.00561 0.99998 0.00000 -0.84678 -0.00000 0.00000 -1.00000 -0.00000
1608317146520104 -0.99987 0.01591 -0.00000 35.45138 0.01591 0.99987 0.00000 -1.69077 0.00000 0.00000 -1.00000 -0.00000
1608317146770735 -0.99919 0.04018 0.00000 33.58037 0.04018 0.99919 0.00000 -2.45516 0.00000 0.00000 -1.00000 -0.00000
1608317147020739 -0.99823 0.05954 -0.00000 31.58501 0.05954 0.99823 0.00000 -3.11779 0.00000 0.00000 -1.00000 -0.00000
1608317147270742 -0.99668 0.08142 0.00000 29.53018 0.08142 0.99668 0.00000 -3.84961 0.00000 0.00000 -1.00000 -0.00000
1608317147520164 -0.99617 0.08747 -0.00000 27.55382 0.08747 0.99617 0.00000 -4.09442 0.00000 0.00000 -1.00000 -0.00000
1608317147770749 -0.99506 0.09931 -0.00000 25.61959 0.09931 0.99506 0.00000 -4.35586 0.00000 0.00000 -1.00000 -0.00000
1608317148020756 -0.99487 0.10118 0.00000 23.65198 0.10118 0.99487 0.00000 -4.50147 0.00000 0.00000 -1.00000 -0.00000
1608317148270756 -0.99425 0.10711 0.00000 21.66146 0.10711 0.99425 0.00000 -4.71900 0.00000 0.00000 -1.00000 -0.00000
1608317148520752 -0.99363 0.11266 0.00000 19.69109 0.11266 0.99363 0.00000 -4.81023 0.00000 0.00000 -1.00000 -0.00000
1608317148770759 -0.99354 0.11351 0.00000 17.76373 0.11351 0.99354 0.00000 -4.88455 0.00000 0.00000 -1.00000 -0.00000
1608317149020765 -0.99322 0.11629 0.00000 15.81850 0.11629 0.99322 0.00000 -4.97193 0.00000 0.00000 -1.00000 -0.00000
1608317149270761 -0.99279 0.11984 -0.00000 13.82457 0.11984 0.99279 0.00000 -5.01906 0.00000 0.00000 -1.00000 -0.00000
1608317149520766 -0.99299 0.11821 -0.00000 11.91957 0.11821 0.99299 0.00000 -5.11483 0.00000 0.00000 -1.00000 -0.00000
1608317149770778 -0.99327 0.11585 0.00000 9.96699 0.11585 0.99327 0.00000 -5.03376 0.00000 0.00000 -1.00000 -0.00000
1608317150020780 -0.99299 0.11816 0.00000 8.07956 0.11816 0.99299 0.00000 -5.05791 0.00000 0.00000 -1.00000 -0.00000
1608317150270781 -0.99227 0.12410 0.00000 6.11912 0.12410 0.99227 0.00000 -5.16052 0.00000 0.00000 -1.00000 -0.00000
1608317150520778 -0.99281 0.11968 -0.00000 4.28820 0.11968 0.99281 0.00000 -5.09878 0.00000 0.00000 -1.00000 -0.00000
1608317150770788 -0.99199 0.12634 0.00000 2.35489 0.12634 0.99199 0.00000 -5.17476 0.00000 0.00000 -1.00000 -0.00000
1608317151020786 -0.99323 0.11619 0.00000 0.55363 0.11619 0.99323 0.00000 -5.23166 0.00000 0.00000 -1.00000 -0.00000
1608317151270790 -0.99389 0.11038 0.00000 -1.41464 0.11038 0.99389 0.00000 -5.24469 0.00000 0.00000 -1.00000 -0.00000
1608317151520790 -0.99409 0.10852 0.00000 -3.21768 0.10852 0.99409 0.00000 -5.19413 0.00000 0.00000 -1.00000 -0.00000
1608317151770792 -0.99453 0.10447 0.00000 -5.10355 0.10447 0.99453 0.00000 -5.13096 0.00000 0.00000 -1.00000 -0.00000
1608317152020808 -0.99516 0.09825 0.00000 -6.89067 0.09825 0.99516 0.00000 -5.21076 0.00000 0.00000 -1.00000 -0.00000
1608317152270809 -0.99582 0.09139 -0.00000 -8.73701 0.09139 0.99582 0.00000 -5.28970 0.00000 0.00000 -1.00000 -0.00000
1608317152520803 -0.99599 0.08950 0.00000 -10.53694 0.08950 0.99599 0.00000 -5.37506 0.00000 0.00000 -1.00000 -0.00000
1608317152770807 -0.99558 0.09393 0.00000 -12.34198 0.09393 0.99558 0.00000 -5.46426 0.00000 0.00000 -1.00000 -0.00000
1608317153021435 -0.99456 0.10418 0.00000 -14.12775 0.10418 0.99456 0.00000 -5.21234 0.00000 0.00000 -1.00000 -0.00000
1608317153271444 -0.99495 0.10040 0.00000 -15.71178 0.10040 0.99495 0.00000 -5.27140 0.00000 0.00000 -1.00000 -0.00000
1608317153521446 -0.99499 0.09993 -0.00000 -17.42179 0.09993 0.99499 0.00000 -5.38818 0.00000 0.00000 -1.00000 -0.00000
1608317153770819 -0.99442 0.10551 0.00000 -19.03417 0.10551 0.99442 0.00000 -5.20722 0.00000 0.00000 -1.00000 -0.00000
1608317154019575 -0.99488 0.10107 -0.00000 -20.58553 0.10107 0.99488 0.00000 -5.44027 0.00000 0.00000 -1.00000 -0.00000
1608317154268970 -0.99355 0.11344 0.00000 -22.21767 0.11344 0.99355 0.00000 -5.27699 0.00000 0.00000 -1.00000 -0.00000
1608317154518332 -0.99198 0.12637 0.00000 -23.93254 0.12637 0.99198 0.00000 -5.01834 0.00000 0.00000 -1.00000 -0.00000
1608317154768337 -0.98988 0.14192 0.00000 -25.60738 0.14192 0.98988 0.00000 -4.68638 0.00000 0.00000 -1.00000 -0.00000
1608317155018333 -0.98947 0.14472 -0.00000 -27.18818 0.14472 0.98947 0.00000 -4.57021 0.00000 0.00000 -1.00000 -0.00000
1608317155268337 -0.98794 0.15482 0.00000 -28.95097 0.15482 0.98794 0.00000 -4.36686 0.00000 0.00000 -1.00000 -0.00000
1608317155518976 -0.98649 0.16380 0.00000 -30.71277 0.16380 0.98649 0.00000 -4.05464 0.00000 0.00000 -1.00000 -0.00000
1608317155768973 -0.98711 0.16007 0.00000 -32.42793 0.16007 0.98711 0.00000 -4.22406 0.00000 0.00000 -1.00000 -0.00000
1608317156018974 -0.98868 0.15002 0.00000 -34.22022 0.15002 0.98868 0.00000 -4.55669 0.00000 0.00000 -1.00000 -0.00000
1608317156268979 -0.99091 0.13452 0.00000 -36.08703 0.13452 0.99091 0.00000 -5.09879 0.00000 0.00000 -1.00000 -0.00000
1608317156518356 -0.99396 0.10973 0.00000 -37.83263 0.10973 0.99396 0.00000 -6.12421 0.00000 0.00000 -1.00000 -0.00000
1608317156768357 -0.99551 0.09464 0.00000 -39.70139 0.09464 0.99551 0.00000 -6.55501 0.00000 0.00000 -1.00000 -0.00000
1608317157018359 -0.99705 0.07670 0.00000 -41.53168 0.07670 0.99705 0.00000 -7.30366 0.00000 0.00000 -1.00000 -0.00000
1608317157268361 -0.99821 0.05988 0.00000 -43.31126 0.05988 0.99821 0.00000 -8.10975 0.00000 0.00000 -1.00000 -0.00000
1608317157518363 -0.99901 0.04460 0.00000 -45.22778 0.04460 0.99901 0.00000 -8.68693 0.00000 0.00000 -1.00000 -0.00000
1608317157768368 -0.99921 0.03966 0.00000 -47.15323 0.03966 0.99921 0.00000 -8.96193 0.00000 0.00000 -1.00000 -0.00000
1608317158018376 -0.99960 0.02816 0.00000 -48.92718 0.02816 0.99960 0.00000 -9.52735 0.00000 0.00000 -1.00000 -0.00000
1608317158268381 -0.99988 0.01536 0.00000 -50.74686 0.01536 0.99988 0.00000 -10.13670 0.00000 0.00000 -1.00000 -0.00000
1608317158518374 -0.99988 0.01523 0.00000 -52.69129 0.01523 0.99988 0.00000 -10.22844 0.00000 0.00000 -1.00000 -0.00000
1608317158768381 -0.99980 0.01978 0.00000 -54.64688 0.01978 0.99980 0.00000 -9.99933 0.00000 0.00000 -1.00000 -0.00000
1608317159017757 -0.99994 0.01139 0.00000 -56.39861 0.01139 0.99994 0.00000 -10.51030 0.00000 0.00000 -1.00000 -0.00000
1608317159267764 -0.99992 0.01272 0.00000 -58.28583 0.01272 0.99992 0.00000 -10.46429 0.00000 0.00000 -1.00000 -0.00000
1608317159517766 -0.99990 0.01407 0.00000 -60.19516 0.01407 0.99990 0.00000 -10.41245 0.00000 0.00000 -1.00000 -0.00000
1608317159767765 -0.99985 0.01707 0.00000 -62.06304 0.01707 0.99985 0.00000 -10.21949 0.00000 0.00000 -1.00000 -0.00000
1608317160017781 -0.99978 0.02116 0.00000 -63.83460 0.02116 0.99978 0.00000 -9.96802 0.00000 0.00000 -1.00000 -0.00000
1608317160267776 -0.99923 0.03929 0.00000 -65.74055 0.03929 0.99923 0.00000 -8.85902 0.00000 0.00000 -1.00000 -0.00000
1608317160518407 -0.99828 0.05869 0.00000 -67.66097 0.05869 0.99828 0.00000 -7.56147 0.00000 0.00000 -1.00000 -0.00000
1608317160767779 -0.99759 0.06940 0.00000 -69.38615 0.06940 0.99759 0.00000 -6.91253 0.00000 0.00000 -1.00000 -0.00000
1608317161017784 -0.99571 0.09248 0.00000 -71.28338 0.09248 0.99571 0.00000 -5.28127 0.00000 0.00000 -1.00000 -0.00000
1608317161267787 -0.99324 0.11612 -0.00000 -73.05441 0.11612 0.99324 0.00000 -3.64616 0.00000 0.00000 -1.00000 -0.00000
1608317161517787 -0.98971 0.14309 0.00000 -74.84941 0.14309 0.98971 0.00000 -1.72231 0.00000 0.00000 -1.00000 -0.00000
1608317161767793 -0.98599 0.16682 -0.00000 -76.51064 0.16682 0.98599 0.00000 0.03894 0.00000 0.00000 -1.00000 0.00000
1608317162017797 -0.98144 0.19176 0.00000 -78.24069 0.19176 0.98144 0.00000 2.00409 0.00000 0.00000 -1.00000 0.00000
1608317162267796 -0.97673 0.21449 0.00000 -79.88062 0.21449 0.97673 0.00000 3.78683 0.00000 0.00000 -1.00000 0.00000
