1616517833875339 1.00000 0.00000 0.00000 -0.00000 0.00000 -1.00000 0.00000 0.00000 0.00000 -0.00000 -1.00000 0.00000
1616517834124712 0.99999 0.00392 0.00000 0.00880 0.00392 -0.99999 0.00000 -0.02092 0.00000 -0.00000 -1.00000 -0.00000
1616517834374722 1.00000 0.00135 0.00000 -0.00761 0.00135 -1.00000 0.00000 -0.00244 0.00000 -0.00000 -1.00000 -0.00000
1616517834624098 0.99999 0.00471 0.00000 -0.01460 0.00471 -0.99999 0.00000 -0.01037 0.00000 -0.00000 -1.00000 -0.00000
1616517834873477 0.99992 0.01284 0.00000 0.01354 0.01284 -0.99992 0.00000 -0.01726 0.00000 -0.00000 -1.00000 -0.00000
1616517835123480 1.00000 0.00303 0.00000 -0.01118 0.00303 -1.00000 0.00000 -0.00376 0.00000 -0.00000 -1.00000 -0.00000
1616517835372858 0.99998 0.00656 -0.00000 0.01073 0.00656 -0.99998 0.00000 -0.03428 0.00000 -0.00000 -1.00000 -0.00000
1616517835622865 0.99999 0.00546 -0.00000 0.00929 0.00546 -0.99999 0.00000 -0.03296 0.00000 -0.00000 -1.00000 -0.00000
1616517835872869 0.99999 0.00394 0.00000 0.01377 0.00394 -0.99999 0.00000 -0.04672 0.00000 -0.00000 -1.00000 -0.00000
1616517836123501 0.99999 0.00326 0.00000 0.00857 0.00326 -0.99999 0.00000 -0.00695 0.00000 -0.00000 -1.00000 -0.00000
1616517836374130 1.00000 0.00277 0.00000 0.00119 0.00277 -1.00000 0.00000 -0.00195 0.00000 -0.00000 -1.00000 -0.00000
1616517836624133 1.00000 0.00118 0.00000 -0.00229 0.00118 -1.00000 0.00000 -0.01082 0.00000 -0.00000 -1.00000 -0.00000
1616517836874771 1.00000 0.00062 0.00000 0.01092 0.00062 -1.00000 0.00000 -0.04594 0.00000 -0.00000 -1.00000 -0.00000
1616517837124761 1.00000 0.00238 0.00000 -0.00051 0.00238 -1.00000 0.00000 0.00150 0.00000 -0.00000 -1.00000 0.00000
1616517837374145 0.99999 0.00461 0.00000 -0.00627 0.00461 -0.99999 0.00000 -0.00765 0.00000 -0.00000 -1.00000 -0.00000
1616517837623527 0.99999 0.00547 0.00000 -0.04849 0.00547 -0.99999 0.00000 -0.00434 0.00000 -0.00000 -1.00000 -0.00000
1616517837873528 0.99999 0.00430 0.00000 0.00572 0.00430 -0.99999 0.00000 -0.03007 0.00000 -0.00000 -1.00000 -0.00000
1616517838123536 1.00000 -0.00021 0.00000 0.00896 -0.00021 -1.00000 0.00000 -0.00780 -0.00000 -0.00000 -1.00000 -0.00000
1616517838372908 0.99996 0.00845 0.00000 0.00502 0.00845 -0.99996 0.00000 -0.03504 0.00000 -0.00000 -1.00000 -0.00000
1616517838623542 0.99999 0.00461 -0.00000 -0.04614 0.00461 -0.99999 0.00000 0.01900 0.00000 -0.00000 -1.00000 0.00000
1616517838873541 1.00000 0.00041 0.00000 0.00723 0.00041 -1.00000 0.00000 -0.06115 0.00000 -0.00000 -1.00000 -0.00000
1616517839124174 0.99999 0.00502 0.00000 0.03314 0.00502 -0.99999 0.00000 -0.04122 0.00000 -0.00000 -1.00000 -0.00000
1616517839374804 1.00000 0.00247 0.00000 -0.02417 0.00247 -1.00000 0.00000 0.02784 0.00000 -0.00000 -1.00000 0.00000
1616517839624809 1.00000 -0.00037 0.00000 -0.00125 -0.00037 -1.00000 0.00000 -0.01254 -0.00000 -0.00000 -1.00000 -0.00000
1616517839874185 0.99999 0.00501 0.00000 0.02366 0.00501 -0.99999 0.00000 -0.02561 0.00000 -0.00000 -1.00000 -0.00000
1616517840124191 1.00000 0.00064 0.00000 -0.00954 0.00064 -1.00000 0.00000 0.00643 0.00000 -0.00000 -1.00000 0.00000
1616517840373565 0.99999 0.00536 0.00000 0.02134 0.00536 -0.99999 0.00000 -0.02823 0.00000 -0.00000 -1.00000 -0.00000
1616517840623570 1.00000 0.00184 0.00000 -0.00579 0.00184 -1.00000 0.00000 0.00091 0.00000 -0.00000 -1.00000 0.00000
1616517840872946 0.99997 0.00754 0.00000 0.00892 0.00754 -0.99997 0.00000 -0.02202 0.00000 -0.00000 -1.00000 -0.00000
1616517841122951 1.00000 0.00280 0.00000 -0.00137 0.00280 -1.00000 0.00000 -0.00264 0.00000 -0.00000 -1.00000 -0.00000
1616517841372958 1.00000 -0.00065 0.00000 0.03062 -0.00065 -1.00000 0.00000 -0.03741 -0.00000 -0.00000 -1.00000 -0.00000
1616517841623594 1.00000 0.00172 -0.00000 0.00675 0.00172 -1.00000 0.00000 -0.00165 0.00000 -0.00000 -1.00000 -0.00000
1616517841874218 1.00000 0.00298 0.00000 0.01248 0.00298 -1.00000 0.00000 -0.00639 0.00000 -0.00000 -1.00000 -0.00000
1616517842124846 0.99999 0.00425 -0.00000 0.04792 0.00425 -0.99999 0.00000 -0.02878 0.00000 -0.00000 -1.00000 -0.00000
1616517842375477 0.99999 0.00368 0.00000 -0.00787 0.00368 -0.99999 0.00000 0.01428 0.00000 -0.00000 -1.00000 0.00000
1616517842625483 1.00000 -0.00038 0.00000 0.01334 -0.00038 -1.00000 0.00000 -0.01054 -0.00000 -0.00000 -1.00000 -0.00000
1616517842874864 1.00000 0.00301 -0.00000 0.01669 0.00301 -1.00000 0.00000 -0.01859 0.00000 -0.00000 -1.00000 -0.00000
1616517843124238 1.00000 0.00214 -0.00000 0.01237 0.00214 -1.00000 0.00000 -0.07603 0.00000 -0.00000 -1.00000 -0.00000
1616517843374241 1.00000 0.00116 -0.00000 0.00504 0.00116 -1.00000 0.00000 -0.00398 0.00000 -0.00000 -1.00000 -0.00000
1616517843623620 0.99998 0.00590 0.00000 0.03398 0.00590 -0.99998 0.00000 -0.03718 0.00000 -0.00000 -1.00000 -0.00000
1616517843873624 1.00000 0.00272 0.00000 0.00152 0.00272 -1.00000 0.00000 -0.00520 0.00000 -0.00000 -1.00000 -0.00000
1616517844123002 0.99998 0.00657 0.00000 0.02485 0.00657 -0.99998 0.00000 -0.03504 0.00000 -0.00000 -1.00000 -0.00000
1616517844373003 1.00000 0.00178 -0.00000 0.00596 0.00178 -1.00000 0.00000 -0.00761 0.00000 -0.00000 -1.00000 -0.00000
1616517844623011 1.00000 0.00194 -0.00000 0.03322 0.00194 -1.00000 0.00000 -0.08508 0.00000 -0.00000 -1.00000 -0.00000
1616517844873641 1.00000 0.00005 -0.00000 0.02321 0.00005 -1.00000 0.00000 -0.02282 0.00000 -0.00000 -1.00000 -0.00000
1616517845124274 0.99998 0.00616 -0.00000 0.01576 0.00616 -0.99998 0.00000 -0.01915 0.00000 -0.00000 -1.00000 -0.00000
1616517845375526 1.00000 0.00255 0.00000 -0.00822 0.00255 -1.00000 0.00000 -0.00541 0.00000 -0.00000 -1.00000 -0.00000
1616517845625528 1.00000 0.00080 0.00000 -0.01279 0.00080 -1.00000 0.00000 -0.01711 0.00000 -0.00000 -1.00000 -0.00000
1616517845875530 0.99997 0.00726 0.00000 0.01713 0.00726 -0.99997 0.00000 -0.02915 0.00000 -0.00000 -1.00000 -0.00000
1616517846125536 1.00000 0.00077 -0.00000 -0.01236 0.00077 -1.00000 0.00000 0.00240 0.00000 -0.00000 -1.00000 0.00000
1616517846374917 0.99999 0.00333 0.00000 0.02160 0.00333 -0.99999 0.00000 -0.02914 0.00000 -0.00000 -1.00000 -0.00000
1616517846624917 1.00000 -0.00047 0.00000 0.00887 -0.00047 -1.00000 0.00000 -0.00297 -0.00000 -0.00000 -1.00000 -0.00000
1616517846874294 1.00000 0.00208 0.00000 -0.00910 0.00208 -1.00000 0.00000 -0.01744 0.00000 -0.00000 -1.00000 -0.00000
1616517847123675 1.00000 -0.00004 -0.00000 -0.08773 -0.00004 -1.00000 0.00000 -0.01615 -0.00000 -0.00000 -1.00000 -0.00000
1616517847373688 1.00000 0.00147 0.00000 -0.10871 0.00147 -1.00000 0.00000 -0.01419 0.00000 -0.00000 -1.00000 -0.00000
1616517847623069 0.99997 -0.00732 0.00000 -0.29049 -0.00732 -0.99997 0.00000 -0.02023 -0.00000 -0.00000 -1.00000 -0.00000
1616517847873066 0.99958 -0.02889 -0.00000 -0.51930 -0.02889 -0.99958 0.00000 -0.01402 -0.00000 -0.00000 -1.00000 -0.00000
1616517848123071 0.99874 -0.05016 0.00000 -0.85329 -0.05016 -0.99874 0.00000 -0.09876 -0.00000 -0.00000 -1.00000 -0.00000
1616517848373698 0.99729 -0.07359 0.00000 -1.27897 -0.07359 -0.99729 0.00000 0.01139 -0.00000 -0.00000 -1.00000 0.00000
1616517848624327 0.99352 -0.11368 0.00000 -1.71962 -0.11368 -0.99352 0.00000 -0.04152 -0.00000 -0.00000 -1.00000 -0.00000
1616517848874955 0.98909 -0.14733 0.00000 -2.28839 -0.14733 -0.98909 0.00000 -0.07213 -0.00000 -0.00000 -1.00000 -0.00000
1616517849125585 0.98510 -0.17197 0.00000 -2.97937 -0.17197 -0.98510 0.00000 0.05391 -0.00000 -0.00000 -1.00000 0.00000
1616517849375588 0.98240 -0.18679 0.00000 -3.75059 -0.18679 -0.98240 0.00000 0.10065 -0.00000 -0.00000 -1.00000 0.00000
1616517849624974 0.98116 -0.19320 -0.00000 -4.54420 -0.19320 -0.98116 0.00000 0.08615 -0.00000 -0.00000 -1.00000 0.00000
1616517849874972 0.98020 -0.19800 -0.00000 -5.47875 -0.19800 -0.98020 0.00000 0.17186 -0.00000 -0.00000 -1.00000 0.00000
1616517850124351 0.98181 -0.18986 -0.00000 -6.45385 -0.18986 -0.98181 0.00000 -0.04393 -0.00000 -0.00000 -1.00000 -0.00000
1616517850374358 0.98147 -0.19159 0.00000 -7.53197 -0.19159 -0.98147 0.00000 -0.02312 -0.00000 -0.00000 -1.00000 -0.00000
1616517850624356 0.98249 -0.18633 -0.00000 -8.56758 -0.18633 -0.98249 0.00000 -0.08013 -0.00000 -0.00000 -1.00000 -0.00000
1616517850873733 0.98494 -0.17290 0.00000 -9.68006 -0.17290 -0.98494 0.00000 -0.27523 -0.00000 -0.00000 -1.00000 -0.00000
1616517851123739 0.98568 -0.16861 0.00000 -10.80934 -0.16861 -0.98568 0.00000 -0.28074 -0.00000 -0.00000 -1.00000 -0.00000
1616517851373747 0.98654 -0.16354 -0.00000 -12.06822 -0.16354 -0.98654 0.00000 -0.28403 -0.00000 -0.00000 -1.00000 -0.00000
1616517851623747 0.98835 -0.15218 -0.00000 -13.27052 -0.15218 -0.98835 0.00000 -0.46666 -0.00000 -0.00000 -1.00000 -0.00000
1616517851873750 0.99072 -0.13589 0.00000 -14.60678 -0.13589 -0.99072 0.00000 -0.69081 -0.00000 -0.00000 -1.00000 -0.00000
1616517852124381 0.99266 -0.12094 0.00000 -16.08859 -0.12094 -0.99266 0.00000 -0.77592 -0.00000 -0.00000 -1.00000 -0.00000
1616517852375014 0.99415 -0.10797 0.00000 -17.47795 -0.10797 -0.99415 0.00000 -1.08909 -0.00000 -0.00000 -1.00000 -0.00000
1616517852625022 0.99540 -0.09576 0.00000 -18.91747 -0.09576 -0.99540 0.00000 -1.29915 -0.00000 -0.00000 -1.00000 -0.00000
1616517852874397 0.99704 -0.07690 0.00000 -20.46957 -0.07690 -0.99704 0.00000 -1.68730 -0.00000 -0.00000 -1.00000 -0.00000
1616517853123774 0.99803 -0.06268 0.00000 -22.01499 -0.06268 -0.99803 0.00000 -2.05211 -0.00000 -0.00000 -1.00000 -0.00000
1616517853373784 0.99828 -0.05866 0.00000 -23.56704 -0.05866 -0.99828 0.00000 -2.04801 -0.00000 -0.00000 -1.00000 -0.00000
1616517853623157 0.99893 -0.04622 0.00000 -25.15195 -0.04622 -0.99893 0.00000 -2.44215 -0.00000 -0.00000 -1.00000 -0.00000
1616517853873158 0.99957 -0.02943 0.00000 -26.77553 -0.02943 -0.99957 0.00000 -2.94262 -0.00000 -0.00000 -1.00000 -0.00000
1616517854123164 0.99994 -0.01099 0.00000 -28.39300 -0.01099 -0.99994 0.00000 -3.41837 -0.00000 -0.00000 -1.00000 -0.00000
1616517854373796 0.99997 0.00733 0.00000 -29.90531 0.00733 -0.99997 0.00000 -4.03079 0.00000 -0.00000 -1.00000 -0.00000
1616517854625052 0.99976 0.02169 -0.00000 -31.61585 0.02169 -0.99976 0.00000 -4.42420 0.00000 -0.00000 -1.00000 -0.00000
1616517854875683 0.99963 0.02724 0.00000 -33.42128 0.02724 -0.99963 0.00000 -4.55436 0.00000 -0.00000 -1.00000 -0.00000
1616517855125057 0.99905 0.04363 -0.00000 -35.15831 0.04363 -0.99905 0.00000 -5.32958 0.00000 -0.00000 -1.00000 -0.00000
1616517855375062 0.99898 0.04509 0.00000 -36.94520 0.04509 -0.99898 0.00000 -5.32127 0.00000 -0.00000 -1.00000 -0.00000
1616517855624443 0.99858 0.05320 0.00000 -38.81799 0.05320 -0.99858 0.00000 -5.57630 0.00000 -0.00000 -1.00000 -0.00000
1616517855874444 0.99850 0.05482 0.00000 -40.73173 0.05482 -0.99850 0.00000 -5.74197 0.00000 -0.00000 -1.00000 -0.00000
1616517856123823 0.99836 0.05728 0.00000 -42.63099 0.05728 -0.99836 0.00000 -5.78510 0.00000 -0.00000 -1.00000 -0.00000
1616517856373827 0.99868 0.05140 0.00000 -44.62125 0.05140 -0.99868 0.00000 -5.53191 0.00000 -0.00000 -1.00000 -0.00000
1616517856623200 0.99880 0.04905 -0.00000 -46.67839 0.04905 -0.99880 0.00000 -5.49230 0.00000 -0.00000 -1.00000 -0.00000
1616517856872586 0.99874 0.05019 0.00000 -48.77454 0.05019 -0.99874 0.00000 -5.65693 0.00000 -0.00000 -1.00000 -0.00000
1616517857123217 0.99886 0.04769 0.00000 -50.81118 0.04769 -0.99886 0.00000 -5.43928 0.00000 -0.00000 -1.00000 -0.00000
1616517857373219 0.99893 0.04629 -0.00000 -52.90204 0.04629 -0.99893 0.00000 -5.39043 0.00000 -0.00000 -1.00000 -0.00000
1616517857624480 0.99892 0.04657 -0.00000 -55.01791 0.04657 -0.99892 0.00000 -5.50587 0.00000 -0.00000 -1.00000 -0.00000
1616517857875103 0.99847 0.05532 0.00000 -56.98742 0.05532 -0.99847 0.00000 -6.07361 0.00000 -0.00000 -1.00000 -0.00000
1616517858125730 0.99827 0.05872 0.00000 -59.03136 0.05872 -0.99827 0.00000 -6.16762 0.00000 -0.00000 -1.00000 -0.00000
1616517858375742 0.99850 0.05468 0.00000 -61.20528 0.05468 -0.99850 0.00000 -6.00725 0.00000 -0.00000 -1.00000 -0.00000
1616517858625113 0.99784 0.06569 0.00000 -63.15140 0.06569 -0.99784 0.00000 -6.77249 0.00000 -0.00000 -1.00000 -0.00000
1616517858875118 0.99830 0.05820 0.00000 -65.21416 0.05820 -0.99830 0.00000 -6.25992 0.00000 -0.00000 -1.00000 -0.00000
1616517859124495 0.99781 0.06615 0.00000 -67.14828 0.06615 -0.99781 0.00000 -6.84496 0.00000 -0.00000 -1.00000 -0.00000
1616517859374502 0.99827 0.05873 0.00000 -69.26483 0.05873 -0.99827 0.00000 -6.20306 0.00000 -0.00000 -1.00000 -0.00000
1616517859623878 0.99852 0.05446 -0.00000 -71.26763 0.05446 -0.99852 0.00000 -5.96304 0.00000 -0.00000 -1.00000 -0.00000
1616517859873260 0.99842 0.05622 0.00000 -73.25327 0.05622 -0.99842 0.00000 -6.11312 0.00000 -0.00000 -1.00000 -0.00000
1616517860122637 0.99880 0.04889 0.00000 -75.23541 0.04889 -0.99880 0.00000 -5.67484 0.00000 -0.00000 -1.00000 -0.00000
1616517860373269 0.99941 0.03435 0.00000 -77.34036 0.03435 -0.99941 0.00000 -4.42507 0.00000 -0.00000 -1.00000 -0.00000
1616517860624243 0.99985 0.01717 0.00000 -79.39126 0.01717 -0.99985 0.00000 -3.16512 0.00000 -0.00000 -1.00000 -0.00000
1616517860875196 0.99999 -0.00543 0.00000 -81.41688 -0.00543 -0.99999 0.00000 -1.55006 -0.00000 -0.00000 -1.00000 -0.00000
1616517861126399 0.99942 -0.03414 0.00000 -83.46258 -0.03414 -0.99942 0.00000 0.90594 -0.00000 -0.00000 -1.00000 0.00000
1616517861376406 0.99800 -0.06329 0.00000 -85.26429 -0.06329 -0.99800 0.00000 3.36256 -0.00000 -0.00000 -1.00000 0.00000
1616517861625783 0.99549 -0.09492 0.00000 -87.11545 -0.09492 -0.99549 0.00000 6.11893 -0.00000 -0.00000 -1.00000 0.00000
1616517861875165 0.99003 -0.14089 0.00000 -88.66347 -0.14089 -0.99003 0.00000 9.99817 -0.00000 -0.00000 -1.00000 0.00000
1616517862125166 0.98011 -0.19846 0.00000 -89.91825 -0.19846 -0.98011 0.00000 15.25157 -0.00000 -0.00000 -1.00000 0.00000
1616517862374545 0.96581 -0.25925 0.00000 -90.72798 -0.25925 -0.96581 0.00000 20.92754 -0.00000 -0.00000 -1.00000 0.00000
1616517862623927 0.94851 -0.31674 -0.00000 -91.16632 -0.31674 -0.94851 0.00000 26.23316 -0.00000 -0.00000 -1.00000 0.00000
1616517862873308 0.93149 -0.36376 0.00000 -91.69584 -0.36376 -0.93149 0.00000 30.66445 -0.00000 -0.00000 -1.00000 0.00000
1616517863123320 0.90863 -0.41760 0.00000 -91.71520 -0.41760 -0.90863 0.00000 35.95968 -0.00000 -0.00000 -1.00000 0.00000
1616517863373316 0.88088 -0.47334 0.00000 -91.18707 -0.47334 -0.88088 0.00000 41.64891 -0.00000 -0.00000 -1.00000 0.00000
1616517863623316 0.85341 -0.52124 0.00000 -90.71616 -0.52124 -0.85341 0.00000 46.53281 -0.00000 -0.00000 -1.00000 0.00000
1616517863874572 0.81673 -0.57702 -0.00000 -89.27759 -0.57702 -0.81673 0.00000 52.59328 -0.00000 -0.00000 -1.00000 0.00000
1616517864125202 0.77794 -0.62833 0.00000 -87.69590 -0.62833 -0.77794 0.00000 58.13513 -0.00000 -0.00000 -1.00000 0.00000
1616517864375207 0.73694 -0.67596 0.00000 -85.70501 -0.67596 -0.73694 0.00000 63.61509 -0.00000 -0.00000 -1.00000 0.00000
1616517864624593 0.69005 -0.72376 0.00000 -83.10822 -0.72376 -0.69005 0.00000 69.07890 -0.00000 -0.00000 -1.00000 0.00000
1616517864874586 0.64123 -0.76735 0.00000 -80.28931 -0.76735 -0.64123 0.00000 74.49296 -0.00000 -0.00000 -1.00000 0.00000
1616517865123966 0.58429 -0.81155 -0.00000 -76.50435 -0.81155 -0.58429 0.00000 80.06008 -0.00000 -0.00000 -1.00000 0.00000
1616517865373975 0.53131 -0.84718 0.00000 -73.08571 -0.84718 -0.53131 0.00000 84.77125 -0.00000 -0.00000 -1.00000 0.00000
1616517865623363 0.47881 -0.87792 -0.00000 -69.67807 -0.87792 -0.47881 0.00000 88.97907 -0.00000 -0.00000 -1.00000 0.00000
1616517865872733 0.43441 -0.90072 0.00000 -67.09397 -0.90072 -0.43441 0.00000 92.43990 -0.00000 -0.00000 -1.00000 0.00000
1616517866122733 0.39592 -0.91829 0.00000 -65.01195 -0.91829 -0.39592 0.00000 95.04500 -0.00000 -0.00000 -1.00000 0.00000
1616517866372736 0.37450 -0.92723 0.00000 -64.73220 -0.92723 -0.37450 0.00000 96.44945 -0.00000 -0.00000 -1.00000 0.00000
1616517866623369 0.36352 -0.93158 0.00000 -65.57549 -0.93158 -0.36352 0.00000 97.07723 -0.00000 -0.00000 -1.00000 0.00000
1616517866874623 0.35543 -0.93470 0.00000 -66.70335 -0.93470 -0.35543 0.00000 97.79202 -0.00000 -0.00000 -1.00000 0.00000
1616517867124625 0.36067 -0.93269 0.00000 -69.25349 -0.93269 -0.36067 0.00000 97.19233 -0.00000 -0.00000 -1.00000 0.00000
1616517867375256 0.36023 -0.93286 0.00000 -71.24410 -0.93286 -0.36023 0.00000 97.34684 -0.00000 -0.00000 -1.00000 0.00000
1616517867624628 0.37736 -0.92607 0.00000 -75.02786 -0.92607 -0.37736 0.00000 95.84889 -0.00000 -0.00000 -1.00000 0.00000
1616517867874643 0.38756 -0.92184 -0.00000 -78.14969 -0.92184 -0.38756 0.00000 95.23860 -0.00000 -0.00000 -1.00000 0.00000
1616517868124020 0.40217 -0.91557 0.00000 -81.66415 -0.91557 -0.40217 0.00000 93.96778 -0.00000 -0.00000 -1.00000 0.00000
1616517868373397 0.42155 -0.90681 0.00000 -85.60368 -0.90681 -0.42155 0.00000 91.95775 -0.00000 -0.00000 -1.00000 0.00000
1616517868623403 0.43809 -0.89893 0.00000 -89.26838 -0.89893 -0.43809 0.00000 90.36542 -0.00000 -0.00000 -1.00000 0.00000
1616517868873409 0.45792 -0.88899 -0.00000 -93.22603 -0.88899 -0.45792 0.00000 88.31521 -0.00000 -0.00000 -1.00000 0.00000
1616517869123409 0.48511 -0.87445 0.00000 -97.80619 -0.87445 -0.48511 0.00000 85.32013 -0.00000 -0.00000 -1.00000 0.00000
1616517869374042 0.50979 -0.86030 -0.00000 -102.12446 -0.86030 -0.50979 0.00000 82.36755 -0.00000 -0.00000 -1.00000 0.00000
1616517869624669 0.53305 -0.84608 0.00000 -106.32100 -0.84608 -0.53305 0.00000 79.55181 -0.00000 -0.00000 -1.00000 0.00000
1616517869875297 0.55895 -0.82920 0.00000 -110.65569 -0.82920 -0.55895 0.00000 76.21248 -0.00000 -0.00000 -1.00000 0.00000
1616517870125299 0.58128 -0.81371 0.00000 -114.64034 -0.81371 -0.58128 0.00000 73.22034 -0.00000 -0.00000 -1.00000 0.00000
1616517870374680 0.59969 -0.80023 0.00000 -118.24699 -0.80023 -0.59969 0.00000 70.49315 -0.00000 -0.00000 -1.00000 0.00000
1616517870624685 0.61932 -0.78514 -0.00000 -121.85534 -0.78514 -0.61932 0.00000 67.57844 -0.00000 -0.00000 -1.00000 0.00000
1616517870874056 0.64037 -0.76806 0.00000 -125.54182 -0.76806 -0.64037 0.00000 64.13165 -0.00000 -0.00000 -1.00000 0.00000
1616517871123439 0.65914 -0.75202 0.00000 -129.00036 -0.75202 -0.65914 0.00000 60.97005 -0.00000 -0.00000 -1.00000 0.00000
1616517871373441 0.67237 -0.74022 0.00000 -131.99922 -0.74022 -0.67237 0.00000 58.78660 -0.00000 -0.00000 -1.00000 0.00000
1616517871623449 0.68505 -0.72849 0.00000 -134.83665 -0.72849 -0.68505 0.00000 56.41477 -0.00000 -0.00000 -1.00000 0.00000
1616517871873455 0.69642 -0.71764 0.00000 -137.56417 -0.71764 -0.69642 0.00000 54.19194 -0.00000 -0.00000 -1.00000 0.00000
1616517872124703 0.70375 -0.71044 0.00000 -139.96178 -0.71044 -0.70375 0.00000 52.82783 -0.00000 -0.00000 -1.00000 0.00000
1616517872375333 0.70851 -0.70570 0.00000 -142.12457 -0.70570 -0.70851 0.00000 51.75738 -0.00000 -0.00000 -1.00000 0.00000
1616517872625963 0.71469 -0.69944 0.00000 -144.39663 -0.69944 -0.71469 0.00000 50.58729 -0.00000 -0.00000 -1.00000 0.00000
1616517872875340 0.72456 -0.68921 0.00000 -146.89432 -0.68921 -0.72456 0.00000 48.41237 -0.00000 -0.00000 -1.00000 0.00000
1616517873125343 0.72862 -0.68492 0.00000 -148.90990 -0.68492 -0.72862 0.00000 47.63435 -0.00000 -0.00000 -1.00000 0.00000
1616517873375349 0.73395 -0.67921 0.00000 -151.00544 -0.67921 -0.73395 0.00000 46.41120 -0.00000 -0.00000 -1.00000 0.00000
1616517873624736 0.74488 -0.66720 0.00000 -153.46943 -0.66720 -0.74488 0.00000 43.91092 -0.00000 -0.00000 -1.00000 0.00000
1616517873874732 0.75247 -0.65862 0.00000 -155.58530 -0.65862 -0.75247 0.00000 42.22111 -0.00000 -0.00000 -1.00000 0.00000
1616517874124109 0.77560 -0.63122 0.00000 -158.59568 -0.63122 -0.77560 0.00000 36.55724 -0.00000 -0.00000 -1.00000 0.00000
1616517874373488 0.80837 -0.58868 -0.00000 -161.89068 -0.58868 -0.80837 0.00000 27.97389 -0.00000 -0.00000 -1.00000 0.00000
1616517874623497 0.84380 -0.53665 0.00000 -164.75428 -0.53665 -0.84380 0.00000 17.59862 -0.00000 -0.00000 -1.00000 0.00000
1616517874873498 0.87975 -0.47544 -0.00000 -167.04954 -0.47544 -0.87975 0.00000 5.79183 -0.00000 -0.00000 -1.00000 0.00000
1616517875124129 0.91868 -0.39500 -0.00000 -168.21510 -0.39500 -0.91868 0.00000 -9.05420 -0.00000 -0.00000 -1.00000 -0.00000
1616517875374759 0.95303 -0.30286 0.00000 -167.75959 -0.30286 -0.95303 0.00000 -25.54331 -0.00000 -0.00000 -1.00000 -0.00000
1616517875624762 0.98221 -0.18778 0.00000 -164.65956 -0.18778 -0.98221 0.00000 -45.25422 -0.00000 -0.00000 -1.00000 -0.00000
1616517875874769 0.99817 -0.06040 0.00000 -158.58954 -0.06040 -0.99817 0.00000 -65.99132 -0.00000 -0.00000 -1.00000 -0.00000
1616517876124772 0.99648 0.08381 0.00000 -148.59722 0.08381 -0.99648 0.00000 -88.07196 0.00000 -0.00000 -1.00000 -0.00000
1616517876374150 0.96820 0.25018 0.00000 -132.69853 0.25018 -0.96820 0.00000 -111.75418 0.00000 -0.00000 -1.00000 -0.00000
1616517876624155 0.91671 0.39956 -0.00000 -114.51399 0.39956 -0.91671 0.00000 -131.26025 0.00000 -0.00000 -1.00000 -0.00000
1616517876873574 0.83229 0.55434 0.00000 -90.67788 0.55434 -0.83229 0.00000 -149.33182 0.00000 -0.00000 -1.00000 -0.00000
1616517877123529 0.72130 0.69262 -0.00000 -63.85143 0.69262 -0.72130 0.00000 -162.96135 0.00000 -0.00000 -1.00000 -0.00000
1616517877374174 0.59122 0.80651 -0.00000 -35.83838 0.80651 -0.59122 0.00000 -171.47798 0.00000 -0.00000 -1.00000 -0.00000
1616517877624800 0.43872 0.89862 0.00000 -5.83781 0.89862 -0.43872 0.00000 -175.10950 0.00000 -0.00000 -1.00000 -0.00000
1616517877876050 0.26734 0.96360 0.00000 25.28259 0.96360 -0.26734 0.00000 -173.18193 0.00000 -0.00000 -1.00000 -0.00000
1616517878126677 0.09138 0.99582 0.00000 54.74510 0.99582 -0.09138 0.00000 -165.83735 0.00000 -0.00000 -1.00000 -0.00000
1616517878376682 -0.09066 0.99588 0.00000 82.98467 0.99588 0.09066 0.00000 -153.11273 0.00000 0.00000 -1.00000 -0.00000
1616517878626686 -0.26198 0.96507 0.00000 107.35033 0.96507 0.26198 0.00000 -136.39008 0.00000 0.00000 -1.00000 -0.00000
1616517878876060 -0.42433 0.90551 -0.00000 128.23479 0.90551 0.42433 0.00000 -115.79717 0.00000 0.00000 -1.00000 -0.00000
1616517879126064 -0.57204 0.82023 0.00000 145.05684 0.82023 0.57204 0.00000 -92.28372 0.00000 0.00000 -1.00000 -0.00000
1616517879375447 -0.69440 0.71959 0.00000 156.73362 0.71959 0.69440 0.00000 -68.14854 0.00000 0.00000 -1.00000 -0.00000
1616517879624826 -0.79313 0.60906 0.00000 164.01287 0.60906 0.79313 0.00000 -44.22732 0.00000 0.00000 -1.00000 -0.00000
1616517879874835 -0.85555 0.51772 0.00000 166.67915 0.51772 0.85555 0.00000 -25.86920 0.00000 0.00000 -1.00000 -0.00000
1616517880124208 -0.90319 0.42924 0.00000 167.31099 0.42924 0.90319 0.00000 -8.99748 0.00000 0.00000 -1.00000 -0.00000
1616517880374212 -0.92815 0.37221 -0.00000 166.22733 0.37221 0.92815 0.00000 1.44712 0.00000 0.00000 -1.00000 0.00000
1616517880623598 -0.94808 0.31803 0.00000 164.67024 0.31803 0.94808 0.00000 11.04498 0.00000 0.00000 -1.00000 0.00000
1616517880873603 -0.95459 0.29792 0.00000 163.01316 0.29792 0.95459 0.00000 14.45181 0.00000 0.00000 -1.00000 0.00000
1616517881124226 -0.95903 0.28329 -0.00000 161.43453 0.28329 0.95903 0.00000 17.04387 0.00000 0.00000 -1.00000 0.00000
1616517881374854 -0.95769 0.28779 0.00000 159.98207 0.28779 0.95769 0.00000 16.23457 0.00000 0.00000 -1.00000 0.00000
1616517881625495 -0.95450 0.29820 0.00000 158.69352 0.29820 0.95450 0.00000 14.44997 0.00000 0.00000 -1.00000 0.00000
1616517881875489 -0.95128 0.30832 0.00000 157.31316 0.30832 0.95128 0.00000 12.74313 0.00000 0.00000 -1.00000 0.00000
1616517882126120 -0.94157 0.33680 0.00000 155.96416 0.33680 0.94157 0.00000 8.04344 0.00000 0.00000 -1.00000 0.00000
1616517882375494 -0.93319 0.35937 0.00000 154.51047 0.35937 0.93319 0.00000 4.23045 0.00000 0.00000 -1.00000 0.00000
1616517882624872 -0.92324 0.38422 0.00000 152.86090 0.38422 0.92324 0.00000 0.13179 0.00000 0.00000 -1.00000 0.00000
1616517882874877 -0.91038 0.41377 0.00000 151.13505 0.41377 0.91038 0.00000 -4.79371 0.00000 0.00000 -1.00000 -0.00000
1616517883124881 -0.89307 0.44993 0.00000 149.08302 0.44993 0.89307 0.00000 -10.85714 0.00000 0.00000 -1.00000 -0.00000
1616517883374260 -0.87310 0.48754 0.00000 146.65480 0.48754 0.87310 0.00000 -17.27720 0.00000 0.00000 -1.00000 -0.00000
1616517883624264 -0.85099 0.52519 -0.00000 143.96930 0.52519 0.85099 0.00000 -23.75489 0.00000 0.00000 -1.00000 -0.00000
1616517883873648 -0.82680 0.56250 0.00000 140.79980 0.56250 0.82680 0.00000 -30.20765 0.00000 0.00000 -1.00000 -0.00000
1616517884123648 -0.80187 0.59750 0.00000 137.55615 0.59750 0.80187 0.00000 -36.22206 0.00000 0.00000 -1.00000 -0.00000
1616517884373651 -0.77008 0.63794 0.00000 133.61569 0.63794 0.77008 0.00000 -43.25080 0.00000 0.00000 -1.00000 -0.00000
1616517884624279 -0.73671 0.67621 0.00000 129.33204 0.67621 0.73671 0.00000 -49.92397 0.00000 0.00000 -1.00000 -0.00000
1616517884874955 -0.70447 0.70973 0.00000 124.93723 0.70973 0.70447 0.00000 -56.08669 0.00000 0.00000 -1.00000 -0.00000
1616517885125539 -0.67791 0.73514 0.00000 120.82107 0.73514 0.67791 0.00000 -60.62055 0.00000 0.00000 -1.00000 -0.00000
1616517885376168 -0.64446 0.76464 0.00000 116.03830 0.76464 0.64446 0.00000 -65.85235 0.00000 0.00000 -1.00000 -0.00000
1616517885625545 -0.61384 0.78943 0.00000 111.49114 0.78943 0.61384 0.00000 -70.53307 0.00000 0.00000 -1.00000 -0.00000
1616517885874926 -0.57349 0.81922 -0.00000 105.98454 0.81922 0.57349 0.00000 -75.97910 0.00000 0.00000 -1.00000 -0.00000
1616517886124309 -0.53322 0.84598 0.00000 100.25338 0.84598 0.53322 0.00000 -81.11270 0.00000 0.00000 -1.00000 -0.00000
1616517886374313 -0.48802 0.87283 0.00000 93.92932 0.87283 0.48802 0.00000 -86.17481 0.00000 0.00000 -1.00000 -0.00000
1616517886624314 -0.44628 0.89489 0.00000 87.84173 0.89489 0.44628 0.00000 -90.52765 0.00000 0.00000 -1.00000 -0.00000
1616517886873692 -0.40110 0.91603 -0.00000 81.29395 0.91603 0.40110 0.00000 -94.85364 0.00000 0.00000 -1.00000 -0.00000
1616517887123074 -0.37341 0.92767 0.00000 76.45344 0.92767 0.37341 0.00000 -97.36244 0.00000 0.00000 -1.00000 -0.00000
1616517887373079 -0.34802 0.93749 0.00000 71.82216 0.93749 0.34802 0.00000 -99.33884 0.00000 0.00000 -1.00000 -0.00000
1616517887623084 -0.33210 0.94324 0.00000 68.17300 0.94324 0.33210 0.00000 -100.71291 0.00000 0.00000 -1.00000 -0.00000
1616517887873708 -0.32910 0.94430 0.00000 65.90863 0.94430 0.32910 0.00000 -100.90080 0.00000 0.00000 -1.00000 -0.00000
1616517888124336 -0.33043 0.94383 0.00000 64.14929 0.94383 0.33043 0.00000 -100.89202 0.00000 0.00000 -1.00000 -0.00000
1616517888375595 -0.33563 0.94200 0.00000 62.81968 0.94200 0.33563 0.00000 -100.40417 0.00000 0.00000 -1.00000 -0.00000
1616517888625601 -0.35103 0.93636 0.00000 62.56474 0.93636 0.35103 0.00000 -99.38279 0.00000 0.00000 -1.00000 -0.00000
1616517888875600 -0.37631 0.92649 0.00000 63.30699 0.92649 0.37631 0.00000 -97.53938 0.00000 0.00000 -1.00000 -0.00000
1616517889124979 -0.40615 0.91381 -0.00000 64.65434 0.91381 0.40615 0.00000 -95.72424 0.00000 0.00000 -1.00000 -0.00000
1616517889374365 -0.43690 0.89951 0.00000 66.08241 0.89951 0.43690 0.00000 -93.61392 0.00000 0.00000 -1.00000 -0.00000
1616517889623749 -0.47828 0.87821 0.00000 68.51375 0.87821 0.47828 0.00000 -90.55063 0.00000 0.00000 -1.00000 -0.00000
1616517889873740 -0.51760 0.85562 0.00000 70.66041 0.85562 0.51760 0.00000 -87.09111 0.00000 0.00000 -1.00000 -0.00000
1616517890123744 -0.56426 0.82560 0.00000 73.62497 0.82560 0.56426 0.00000 -83.15698 0.00000 0.00000 -1.00000 -0.00000
1616517890373744 -0.61475 0.78872 0.00000 76.94608 0.78872 0.61475 0.00000 -78.60694 0.00000 0.00000 -1.00000 -0.00000
1616517890625005 -0.67016 0.74222 0.00000 80.64166 0.74222 0.67016 0.00000 -73.02739 0.00000 0.00000 -1.00000 -0.00000
1616517890876260 -0.71764 0.69642 0.00000 83.43606 0.69642 0.71764 0.00000 -67.44766 0.00000 0.00000 -1.00000 -0.00000
1616517891126889 -0.76403 0.64519 0.00000 86.04381 0.64519 0.76403 0.00000 -61.54912 0.00000 0.00000 -1.00000 -0.00000
1616517891376890 -0.80396 0.59468 0.00000 88.00071 0.59468 0.80396 0.00000 -56.01745 0.00000 0.00000 -1.00000 -0.00000
1616517891626271 -0.84141 0.54040 0.00000 89.60894 0.54040 0.84141 0.00000 -50.17985 0.00000 0.00000 -1.00000 -0.00000
1616517891876274 -0.87286 0.48797 0.00000 90.67990 0.48797 0.87286 0.00000 -44.55648 0.00000 0.00000 -1.00000 -0.00000
1616517892125655 -0.90513 0.42514 0.00000 91.69006 0.42514 0.90513 0.00000 -38.06775 0.00000 0.00000 -1.00000 -0.00000
1616517892375658 -0.92831 0.37181 0.00000 91.97556 0.37181 0.92831 0.00000 -32.73026 0.00000 0.00000 -1.00000 -0.00000
1616517892625040 -0.94840 0.31707 0.00000 91.82030 0.31707 0.94840 0.00000 -27.36556 0.00000 0.00000 -1.00000 -0.00000
1616517892875082 -0.96524 0.26137 -0.00000 91.37481 0.26137 0.96524 0.00000 -22.04612 0.00000 0.00000 -1.00000 -0.00000
1616517893124420 -0.97727 0.21199 0.00000 90.50996 0.21199 0.97727 0.00000 -17.43627 0.00000 0.00000 -1.00000 -0.00000
1616517893374423 -0.98422 0.17696 -0.00000 89.24961 0.17696 0.98422 0.00000 -14.18999 0.00000 0.00000 -1.00000 -0.00000
1616517893623805 -0.99109 0.13321 0.00000 87.84411 0.13321 0.99109 0.00000 -10.22072 0.00000 0.00000 -1.00000 -0.00000
1616517893873807 -0.99464 0.10338 0.00000 86.22209 0.10338 0.99464 0.00000 -7.62194 0.00000 0.00000 -1.00000 -0.00000
1616517894124435 -0.99617 0.08743 0.00000 84.51464 0.08743 0.99617 0.00000 -6.25462 0.00000 0.00000 -1.00000 -0.00000
1616517894376313 -0.99772 0.06753 0.00000 82.80282 0.06753 0.99772 0.00000 -4.56041 0.00000 0.00000 -1.00000 -0.00000
1616517894626318 -0.99864 0.05217 0.00000 81.07693 0.05217 0.99864 0.00000 -3.26388 0.00000 0.00000 -1.00000 -0.00000
1616517894876323 -0.99945 0.03302 0.00000 79.30493 0.03302 0.99945 0.00000 -1.77970 0.00000 0.00000 -1.00000 -0.00000
1616517895126323 -0.99945 0.03303 0.00000 77.54092 0.03303 0.99945 0.00000 -1.72497 0.00000 0.00000 -1.00000 -0.00000
1616517895375705 -0.99982 0.01878 0.00000 75.84974 0.01878 0.99982 0.00000 -0.66892 0.00000 0.00000 -1.00000 -0.00000
1616517895625086 -0.99996 0.00904 -0.00000 74.18965 0.00904 0.99996 0.00000 0.01752 0.00000 0.00000 -1.00000 0.00000
1616517895875088 -0.99999 0.00334 -0.00000 72.51189 0.00334 0.99999 0.00000 0.44083 0.00000 0.00000 -1.00000 0.00000
1616517896124465 -0.99998 -0.00589 0.00000 70.90306 -0.00589 0.99998 0.00000 1.05207 -0.00000 0.00000 -1.00000 0.00000
1616517896373846 -0.99982 -0.01920 0.00000 69.26578 -0.01920 0.99982 0.00000 1.96008 -0.00000 0.00000 -1.00000 0.00000
1616517896623851 -0.99977 -0.02134 0.00000 67.67166 -0.02134 0.99977 0.00000 2.14176 -0.00000 0.00000 -1.00000 0.00000
1616517896873864 -0.99957 -0.02918 0.00000 66.11957 -0.02918 0.99957 0.00000 2.66917 -0.00000 0.00000 -1.00000 0.00000
1616517897124483 -0.99963 -0.02732 0.00000 64.58772 -0.02732 0.99963 0.00000 2.47229 -0.00000 0.00000 -1.00000 0.00000
1616517897375113 -0.99944 -0.03337 0.00000 63.07161 -0.03337 0.99944 0.00000 2.81961 -0.00000 0.00000 -1.00000 0.00000
1616517897626372 -0.99950 -0.03152 0.00000 61.64426 -0.03152 0.99950 0.00000 2.70278 -0.00000 0.00000 -1.00000 0.00000
1616517897876368 -0.99943 -0.03388 0.00000 60.29194 -0.03388 0.99943 0.00000 2.79782 -0.00000 0.00000 -1.00000 0.00000
1616517898126378 -0.99949 -0.03199 -0.00000 59.03458 -0.03199 0.99949 0.00000 2.59446 -0.00000 0.00000 -1.00000 0.00000
1616517898375754 -0.99961 -0.02800 -0.00000 57.74262 -0.02800 0.99961 0.00000 2.29287 -0.00000 0.00000 -1.00000 0.00000
1616517898625760 -0.99986 -0.01645 0.00000 56.60751 -0.01645 0.99986 0.00000 1.70778 -0.00000 0.00000 -1.00000 0.00000
1616517898875140 -0.99980 -0.02009 0.00000 55.43820 -0.02009 0.99980 0.00000 1.87280 -0.00000 0.00000 -1.00000 0.00000
1616517899124521 -0.99978 -0.02102 -0.00000 54.26381 -0.02102 0.99978 0.00000 1.90526 -0.00000 0.00000 -1.00000 0.00000
1616517899374521 -0.99975 -0.02219 0.00000 53.15062 -0.02219 0.99975 0.00000 2.00258 -0.00000 0.00000 -1.00000 0.00000
1616517899623903 -0.99940 -0.03463 -0.00000 51.96750 -0.03463 0.99940 0.00000 2.60052 -0.00000 0.00000 -1.00000 0.00000
1616517899873902 -0.99884 -0.04818 0.00000 50.77854 -0.04818 0.99884 0.00000 3.48575 -0.00000 0.00000 -1.00000 0.00000
1616517900123905 -0.99762 -0.06892 -0.00000 49.52305 -0.06892 0.99762 0.00000 4.35911 -0.00000 0.00000 -1.00000 0.00000
1616517900374538 -0.99583 -0.09123 -0.00000 48.13870 -0.09123 0.99583 0.00000 5.43571 -0.00000 0.00000 -1.00000 0.00000
1616517900625166 -0.99442 -0.10550 -0.00000 46.73147 -0.10550 0.99442 0.00000 6.06715 -0.00000 0.00000 -1.00000 0.00000
1616517900875837 -0.99370 -0.11211 0.00000 45.30559 -0.11211 0.99370 0.00000 6.46456 -0.00000 0.00000 -1.00000 0.00000
1616517901125802 -0.99293 -0.11868 0.00000 43.83450 -0.11868 0.99293 0.00000 6.67573 -0.00000 0.00000 -1.00000 0.00000
1616517901375183 -0.99284 -0.11945 0.00000 42.34599 -0.11945 0.99284 0.00000 6.72546 -0.00000 0.00000 -1.00000 0.00000
1616517901624558 -0.99465 -0.10331 0.00000 40.87591 -0.10331 0.99465 0.00000 5.90524 -0.00000 0.00000 -1.00000 0.00000
1616517901873939 -0.99617 -0.08742 -0.00000 39.44151 -0.08742 0.99617 0.00000 5.39011 -0.00000 0.00000 -1.00000 0.00000
1616517902123938 -0.99773 -0.06740 0.00000 37.91451 -0.06740 0.99773 0.00000 4.64231 -0.00000 0.00000 -1.00000 0.00000
1616517902373941 -0.99846 -0.05556 0.00000 36.32445 -0.05556 0.99846 0.00000 4.12007 -0.00000 0.00000 -1.00000 0.00000
1616517902624571 -0.99932 -0.03696 0.00000 34.75105 -0.03696 0.99932 0.00000 3.55118 -0.00000 0.00000 -1.00000 0.00000
1616517902875207 -0.99989 -0.01469 0.00000 32.98806 -0.01469 0.99989 0.00000 2.64821 -0.00000 0.00000 -1.00000 0.00000
1616517903125835 -0.99999 0.00386 -0.00000 31.22999 0.00386 0.99999 0.00000 1.89881 0.00000 0.00000 -1.00000 0.00000
1616517903375838 -0.99976 0.02174 0.00000 29.48673 0.02174 0.99976 0.00000 1.36382 0.00000 0.00000 -1.00000 0.00000
1616517903626467 -0.99908 0.04288 0.00000 27.57616 0.04288 0.99908 0.00000 0.73325 0.00000 0.00000 -1.00000 0.00000
1616517903875843 -0.99863 0.05241 -0.00000 25.65207 0.05241 0.99863 0.00000 0.46403 0.00000 0.00000 -1.00000 0.00000
1616517904125225 -0.99829 0.05852 0.00000 23.75098 0.05852 0.99829 0.00000 0.18718 0.00000 0.00000 -1.00000 0.00000
1616517904375227 -0.99709 0.07619 -0.00000 21.69269 0.07619 0.99709 0.00000 -0.26041 0.00000 0.00000 -1.00000 -0.00000
1616517904624607 -0.99677 0.08030 0.00000 19.70658 0.08030 0.99677 0.00000 -0.38773 0.00000 0.00000 -1.00000 -0.00000
1616517904873996 -0.99650 0.08354 0.00000 17.60907 0.08354 0.99650 0.00000 -0.42445 0.00000 0.00000 -1.00000 -0.00000
1616517905123991 -0.99619 0.08721 0.00000 15.65997 0.08721 0.99619 0.00000 -0.46898 0.00000 0.00000 -1.00000 -0.00000
1616517905373369 -0.99591 0.09038 -0.00000 13.49093 0.09038 0.99591 0.00000 -0.60874 0.00000 0.00000 -1.00000 -0.00000
1616517905624011 -0.99589 0.09054 0.00000 11.46890 0.09054 0.99589 0.00000 -0.69127 0.00000 0.00000 -1.00000 -0.00000
1616517905874624 -0.99514 0.09846 0.00000 9.43298 0.09846 0.99514 0.00000 -0.77446 0.00000 0.00000 -1.00000 -0.00000
1616517906125880 -0.99539 0.09592 0.00000 7.35607 0.09592 0.99539 0.00000 -0.68421 0.00000 0.00000 -1.00000 -0.00000
1616517906375883 -0.99577 0.09185 0.00000 5.29901 0.09185 0.99577 0.00000 -0.72411 0.00000 0.00000 -1.00000 -0.00000
1616517906625899 -0.99573 0.09237 0.00000 3.28845 0.09237 0.99573 0.00000 -0.72061 0.00000 0.00000 -1.00000 -0.00000
1616517906875268 -0.99578 0.09174 0.00000 1.27117 0.09174 0.99578 0.00000 -0.73138 0.00000 0.00000 -1.00000 -0.00000
1616517907125272 -0.99552 0.09453 0.00000 -0.73530 0.09453 0.99552 0.00000 -0.73724 0.00000 0.00000 -1.00000 -0.00000
1616517907374648 -0.99644 0.08429 0.00000 -2.74753 0.08429 0.99644 0.00000 -0.78406 0.00000 0.00000 -1.00000 -0.00000
1616517907624032 -0.99711 0.07603 -0.00000 -4.74736 0.07603 0.99711 0.00000 -0.95478 0.00000 0.00000 -1.00000 -0.00000
1616517907874032 -0.99758 0.06956 0.00000 -6.81204 0.06956 0.99758 0.00000 -0.98474 0.00000 0.00000 -1.00000 -0.00000
1616517908124037 -0.99737 0.07249 0.00000 -8.70879 0.07249 0.99737 0.00000 -1.06648 0.00000 0.00000 -1.00000 -0.00000
1616517908375291 -0.99713 0.07571 0.00000 -10.65683 0.07571 0.99713 0.00000 -0.97263 0.00000 0.00000 -1.00000 -0.00000
1616517908625297 -0.99714 0.07555 0.00000 -12.70215 0.07555 0.99714 0.00000 -0.99353 0.00000 0.00000 -1.00000 -0.00000
1616517908875926 -0.99735 0.07282 0.00000 -14.70553 0.07282 0.99735 0.00000 -1.02061 0.00000 0.00000 -1.00000 -0.00000
1616517909125303 -0.99702 0.07709 0.00000 -16.66489 0.07709 0.99702 0.00000 -1.10008 0.00000 0.00000 -1.00000 -0.00000
1616517909375304 -0.99566 0.09311 -0.00000 -18.69995 0.09311 0.99566 0.00000 -0.71130 0.00000 0.00000 -1.00000 -0.00000
1616517909624682 -0.99572 0.09245 0.00000 -20.63589 0.09245 0.99572 0.00000 -0.81617 0.00000 0.00000 -1.00000 -0.00000
1616517909874687 -0.99462 0.10358 0.00000 -22.63828 0.10358 0.99462 0.00000 -0.71271 0.00000 0.00000 -1.00000 -0.00000
1616517910124694 -0.99439 0.10578 0.00000 -24.68194 0.10578 0.99439 0.00000 -0.61477 0.00000 0.00000 -1.00000 -0.00000
1616517910374070 -0.99515 0.09839 0.00000 -26.65430 0.09839 0.99515 0.00000 -0.83748 0.00000 0.00000 -1.00000 -0.00000
1616517910623450 -0.99662 0.08215 0.00000 -28.63796 0.08215 0.99662 0.00000 -1.44995 0.00000 0.00000 -1.00000 -0.00000
1616517910874090 -0.99702 0.07710 0.00000 -30.70088 0.07710 0.99702 0.00000 -1.49486 0.00000 0.00000 -1.00000 -0.00000
1616517911125339 -0.99799 0.06332 0.00000 -32.61742 0.06332 0.99799 0.00000 -1.72688 0.00000 0.00000 -1.00000 -0.00000
1616517911375341 -0.99919 0.04021 0.00000 -34.52501 0.04021 0.99919 0.00000 -2.53157 0.00000 0.00000 -1.00000 -0.00000
1616517911625345 -0.99961 0.02779 0.00000 -36.43358 0.02779 0.99961 0.00000 -2.97817 0.00000 0.00000 -1.00000 -0.00000
1616517911875349 -0.99999 0.00439 0.00000 -38.28243 0.00439 0.99999 0.00000 -3.82113 0.00000 0.00000 -1.00000 -0.00000
1616517912125353 -0.99996 -0.00878 0.00000 -40.18072 -0.00878 0.99996 0.00000 -4.33841 -0.00000 0.00000 -1.00000 -0.00000
1616517912375358 -0.99971 -0.02422 0.00000 -42.00406 -0.02422 0.99971 0.00000 -5.06967 -0.00000 0.00000 -1.00000 -0.00000
1616517912624737 -0.99880 -0.04898 -0.00000 -43.81087 -0.04898 0.99880 0.00000 -6.18928 -0.00000 0.00000 -1.00000 -0.00000
1616517912874742 -0.99798 -0.06348 -0.00000 -45.55029 -0.06348 0.99798 0.00000 -6.76612 -0.00000 0.00000 -1.00000 -0.00000
1616517913124743 -0.99753 -0.07020 -0.00000 -47.30571 -0.07020 0.99753 0.00000 -7.11218 -0.00000 0.00000 -1.00000 -0.00000
1616517913374123 -0.99606 -0.08869 0.00000 -48.79511 -0.08869 0.99606 0.00000 -8.01340 -0.00000 0.00000 -1.00000 -0.00000
1616517913623512 -0.99579 -0.09166 0.00000 -50.54781 -0.09166 0.99579 0.00000 -8.20587 -0.00000 0.00000 -1.00000 -0.00000
1616517913873528 -0.99503 -0.09956 0.00000 -52.09031 -0.09956 0.99503 0.00000 -8.62984 -0.00000 0.00000 -1.00000 -0.00000
1616517914124133 -0.99530 -0.09683 0.00000 -53.67836 -0.09683 0.99530 0.00000 -8.47252 -0.00000 0.00000 -1.00000 -0.00000
1616517914374763 -0.99674 -0.08074 0.00000 -55.39587 -0.08074 0.99674 0.00000 -7.77055 -0.00000 0.00000 -1.00000 -0.00000
1616517914625391 -0.99781 -0.06614 -0.00000 -56.96956 -0.06614 0.99781 0.00000 -6.81481 -0.00000 0.00000 -1.00000 -0.00000
1616517914876024 -0.99911 -0.04223 0.00000 -58.51177 -0.04223 0.99911 0.00000 -5.58915 -0.00000 0.00000 -1.00000 -0.00000
1616517915126022 -0.99999 -0.00518 -0.00000 -59.98131 -0.00518 0.99999 0.00000 -3.39309 -0.00000 0.00000 -1.00000 -0.00000
1616517915376028 -0.99861 0.05266 0.00000 -61.32291 0.05266 0.99861 0.00000 0.06015 0.00000 0.00000 -1.00000 0.00000
1616517915626029 -0.99392 0.11013 -0.00000 -62.33003 0.11013 0.99392 0.00000 3.58286 0.00000 0.00000 -1.00000 0.00000
1616517915875412 -0.98378 0.17940 0.00000 -63.01832 0.17940 0.98378 0.00000 7.86441 0.00000 0.00000 -1.00000 0.00000
1616517916124794 -0.96668 0.25598 0.00000 -63.25108 0.25598 0.96668 0.00000 12.80507 0.00000 0.00000 -1.00000 0.00000
1616517916374798 -0.94080 0.33895 0.00000 -62.93048 0.33895 0.94080 0.00000 18.27409 0.00000 0.00000 -1.00000 0.00000
1616517916624171 -0.90442 0.42665 0.00000 -61.96568 0.42665 0.90442 0.00000 24.13653 0.00000 0.00000 -1.00000 0.00000
