1547824819123090 1.00000 0.00000 0.00000 -0.00000 0.00000 1.00000 0.00000 -0.00000 0.00000 0.00000 1.00000 -0.00000
1547824819371845 1.00000 -0.00009 0.00000 -0.00250 0.00009 1.00000 -0.00000 0.00155 -0.00000 0.00000 1.00000 0.00000
1547824819622545 1.00000 -0.00008 0.00000 0.00171 0.00008 1.00000 -0.00000 0.00622 -0.00000 0.00000 1.00000 0.00000
1547824819873996 1.00000 -0.00009 0.00000 -0.00153 0.00009 1.00000 -0.00000 0.00856 -0.00000 0.00000 1.00000 0.00000
1547824820125061 1.00000 -0.00004 0.00000 -0.00223 0.00004 1.00000 -0.00000 0.00654 -0.00000 0.00000 1.00000 0.00000
1547824820375822 1.00000 -0.00009 0.00000 -0.00309 0.00009 1.00000 -0.00000 0.00278 -0.00000 0.00000 1.00000 0.00000
1547824820626211 1.00000 -0.00004 0.00000 -0.00035 0.00004 1.00000 -0.00000 0.00708 -0.00000 0.00000 1.00000 0.00000
1547824820875915 1.00000 0.00001 -0.00000 -0.00074 -0.00001 1.00000 0.00000 0.00539 0.00000 -0.00000 1.00000 -0.00000
1547824821125550 1.00000 -0.00001 0.00000 0.00269 0.00001 1.00000 -0.00000 0.00038 -0.00000 0.00000 1.00000 0.00000
1547824821375720 1.00000 -0.00001 0.00000 0.00122 0.00001 1.00000 -0.00000 0.00714 -0.00000 0.00000 1.00000 0.00000
1547824821626183 1.00000 -0.00006 0.00000 -0.00240 0.00006 1.00000 -0.00000 0.00200 -0.00000 0.00000 1.00000 0.00000
1547824821877818 1.00000 -0.00004 0.00000 0.00188 0.00004 1.00000 -0.00000 -0.00302 -0.00000 0.00000 1.00000 -0.00000
1547824822130148 1.00000 -0.00002 0.00000 -0.00320 0.00002 1.00000 -0.00000 -0.00213 -0.00000 0.00000 1.00000 0.00000
1547824822381860 1.00000 -0.00006 0.00000 -0.00260 0.00006 1.00000 -0.00000 -0.00918 -0.00000 0.00000 1.00000 0.00000
1547824822633275 1.00000 -0.00023 0.00000 0.00061 0.00023 1.00000 -0.00000 0.00088 -0.00000 0.00000 1.00000 0.00000
1547824822884923 1.00000 -0.00009 0.00000 0.00131 0.00009 1.00000 -0.00000 0.00188 -0.00000 0.00000 1.00000 0.00000
1547824823136898 1.00000 -0.00026 0.00000 0.00174 0.00026 1.00000 -0.00000 0.00123 -0.00000 0.00000 1.00000 0.00000
1547824823388609 1.00000 -0.00014 0.00000 0.00079 0.00014 1.00000 -0.00000 0.00460 -0.00000 0.00000 1.00000 0.00000
1547824823640078 1.00000 -0.00001 0.00000 0.00007 0.00001 1.00000 -0.00000 0.00157 -0.00000 0.00000 1.00000 0.00000
1547824823891351 1.00000 -0.00007 0.00000 -0.00359 0.00007 1.00000 -0.00000 -0.00759 -0.00000 0.00000 1.00000 0.00000
1547824824143446 1.00000 -0.00022 0.00000 -0.00014 0.00022 1.00000 -0.00000 -0.00240 -0.00000 0.00000 1.00000 0.00000
1547824824397099 1.00000 -0.00009 0.00000 0.00022 0.00009 1.00000 -0.00000 0.00144 -0.00000 0.00000 1.00000 0.00000
1547824824649967 1.00000 -0.00011 0.00000 -0.00195 0.00011 1.00000 -0.00000 -0.00498 -0.00000 0.00000 1.00000 0.00000
1547824824900291 1.00000 -0.00018 0.00000 -0.00256 0.00018 1.00000 -0.00000 -0.00934 -0.00000 0.00000 1.00000 0.00000
1547824825149224 1.00000 -0.00017 0.00000 -0.00333 0.00017 1.00000 -0.00000 -0.01238 -0.00000 0.00000 1.00000 0.00000
1547824825397332 1.00000 -0.00017 0.00000 0.00162 0.00017 1.00000 -0.00000 -0.00870 -0.00000 0.00000 1.00000 -0.00000
1547824825645344 1.00000 0.00003 -0.00000 -0.00237 -0.00003 1.00000 0.00000 0.00042 0.00000 -0.00000 1.00000 -0.00000
1547824825892896 1.00000 -0.00011 0.00000 -0.00273 0.00011 1.00000 -0.00000 0.00385 -0.00000 0.00000 1.00000 0.00000
1547824826140508 1.00000 -0.00014 0.00000 0.00237 0.00014 1.00000 -0.00000 -0.00296 -0.00000 0.00000 1.00000 -0.00000
1547824826388431 1.00000 -0.00022 0.00000 -0.00473 0.00022 1.00000 -0.00000 -0.00335 -0.00000 0.00000 1.00000 0.00000
1547824826637706 1.00000 -0.00014 0.00000 -0.00143 0.00014 1.00000 -0.00000 -0.00253 -0.00000 0.00000 1.00000 0.00000
1547824826888525 1.00000 0.00007 -0.00000 0.00216 -0.00007 1.00000 0.00000 -0.00043 0.00000 -0.00000 1.00000 0.00000
1547824827139461 1.00000 -0.00008 0.00000 0.00072 0.00008 1.00000 -0.00000 0.00472 -0.00000 0.00000 1.00000 0.00000
1547824827390345 1.00000 -0.00016 0.00000 0.00334 0.00016 1.00000 -0.00000 0.00122 -0.00000 0.00000 1.00000 0.00000
1547824827641155 1.00000 -0.00019 0.00000 -0.00041 0.00019 1.00000 -0.00000 0.00026 -0.00000 0.00000 1.00000 0.00000
1547824827891290 1.00000 -0.00018 0.00000 0.00405 0.00018 1.00000 -0.00000 0.00229 -0.00000 0.00000 1.00000 0.00000
1547824828140937 1.00000 -0.00014 0.00000 0.00262 0.00014 1.00000 -0.00000 0.00577 -0.00000 0.00000 1.00000 0.00000
1547824828390939 1.00000 -0.00001 0.00000 -0.00142 0.00001 1.00000 -0.00000 0.00145 -0.00000 0.00000 1.00000 0.00000
1547824828640974 1.00000 -0.00004 0.00000 -0.00018 0.00004 1.00000 -0.00000 0.00539 -0.00000 0.00000 1.00000 0.00000
1547824828892369 1.00000 -0.00016 0.00000 -0.00104 0.00016 1.00000 -0.00000 0.00467 -0.00000 0.00000 1.00000 0.00000
1547824829144762 1.00000 -0.00014 0.00000 0.00375 0.00014 1.00000 -0.00000 0.00304 -0.00000 0.00000 1.00000 0.00000
1547824829396831 1.00000 -0.00012 0.00000 -0.00247 0.00012 1.00000 -0.00000 -0.00067 -0.00000 0.00000 1.00000 0.00000
1547824829648682 1.00000 -0.00014 0.00000 0.00042 0.00014 1.00000 -0.00000 0.00045 -0.00000 0.00000 1.00000 0.00000
1547824829900320 1.00000 -0.00013 0.00000 -0.00270 0.00013 1.00000 -0.00000 -0.00250 -0.00000 0.00000 1.00000 0.00000
1547824830151406 1.00000 -0.00005 0.00000 0.00161 0.00005 1.00000 -0.00000 -0.00388 -0.00000 0.00000 1.00000 -0.00000
1547824830401582 1.00000 -0.00014 0.00000 -0.00343 0.00014 1.00000 -0.00000 -0.00722 -0.00000 0.00000 1.00000 0.00000
1547824830651459 1.00000 -0.00007 0.00000 0.00048 0.00007 1.00000 -0.00000 0.00373 -0.00000 0.00000 1.00000 0.00000
1547824830901072 1.00000 -0.00020 0.00000 0.00018 0.00020 1.00000 -0.00000 -0.00135 -0.00000 0.00000 1.00000 -0.00000
1547824831151734 1.00000 -0.00027 0.00000 0.00125 0.00027 1.00000 -0.00000 0.00037 -0.00000 0.00000 1.00000 0.00000
1547824831404071 1.00000 -0.00023 0.00000 0.00043 0.00023 1.00000 -0.00000 -0.00082 -0.00000 0.00000 1.00000 -0.00000
1547824831656658 1.00000 -0.00016 0.00000 -0.00349 0.00016 1.00000 -0.00000 -0.00790 -0.00000 0.00000 1.00000 0.00000
1547824831908478 1.00000 -0.00016 0.00000 -0.00169 0.00016 1.00000 -0.00000 -0.00850 -0.00000 0.00000 1.00000 0.00000
1547824832159564 1.00000 -0.00030 0.00000 -0.00182 0.00030 1.00000 -0.00000 -0.00604 -0.00000 0.00000 1.00000 0.00000
1547824832409652 1.00000 -0.00012 0.00000 0.00067 0.00012 1.00000 -0.00000 -0.00309 -0.00000 0.00000 1.00000 -0.00000
1547824832659006 1.00000 0.00013 -0.00000 0.00316 -0.00013 1.00000 0.00000 0.00566 0.00000 -0.00000 1.00000 0.00000
1547824832907870 1.00000 -0.00019 0.00000 0.00238 0.00019 1.00000 -0.00000 -0.00425 -0.00000 0.00000 1.00000 -0.00000
1547824833156363 1.00000 -0.00003 0.00000 0.00248 0.00003 1.00000 -0.00000 0.00445 -0.00000 0.00000 1.00000 0.00000
1547824833404917 1.00000 0.00004 -0.00000 -0.00028 -0.00004 1.00000 0.00000 0.00109 0.00000 -0.00000 1.00000 -0.00000
1547824833653130 1.00000 0.00013 -0.00000 0.00465 -0.00013 1.00000 0.00000 0.00489 0.00000 -0.00000 1.00000 0.00000
1547824833901139 1.00000 -0.00008 0.00000 0.00510 0.00008 1.00000 -0.00000 0.00167 -0.00000 0.00000 1.00000 0.00000
1547824834149153 1.00000 -0.00007 0.00000 0.00563 0.00007 1.00000 -0.00000 0.00011 -0.00000 0.00000 1.00000 0.00000
1547824834397236 1.00000 0.00007 -0.00000 0.00225 -0.00007 1.00000 0.00000 0.00070 0.00000 -0.00000 1.00000 0.00000
1547824834645637 1.00000 0.00015 -0.00000 0.00365 -0.00015 1.00000 0.00000 0.00420 0.00000 -0.00000 1.00000 0.00000
1547824834895046 1.00000 0.00002 -0.00000 0.00319 -0.00002 1.00000 0.00000 0.00802 0.00000 -0.00000 1.00000 0.00000
1547824835144923 1.00000 -0.00016 0.00000 0.00268 0.00016 1.00000 -0.00000 0.00423 -0.00000 0.00000 1.00000 0.00000
1547824835395190 1.00000 -0.00004 0.00000 0.00070 0.00004 1.00000 -0.00000 -0.00249 -0.00000 0.00000 1.00000 -0.00000
1547824835646323 1.00000 -0.00005 0.00000 0.00151 0.00005 1.00000 -0.00000 0.00140 -0.00000 0.00000 1.00000 0.00000
1547824835898312 1.00000 -0.00013 0.00000 0.00759 0.00013 1.00000 -0.00000 -0.00012 -0.00000 0.00000 1.00000 -0.00000
1547824836150392 1.00000 -0.00018 0.00000 0.00132 0.00018 1.00000 -0.00000 0.00629 -0.00000 0.00000 1.00000 0.00000
1547824836402103 1.00000 -0.00019 0.00000 -0.00202 0.00019 1.00000 -0.00000 -0.00040 -0.00000 0.00000 1.00000 0.00000
1547824836653911 1.00000 -0.00002 0.00000 -0.00274 0.00002 1.00000 -0.00000 -0.00388 -0.00000 0.00000 1.00000 0.00000
1547824836904747 1.00000 -0.00015 0.00000 -0.00188 0.00015 1.00000 -0.00000 -0.00394 -0.00000 0.00000 1.00000 0.00000
1547824837154567 1.00000 -0.00024 0.00000 -0.00146 0.00024 1.00000 -0.00000 0.00126 -0.00000 0.00000 1.00000 0.00000
1547824837404247 1.00000 -0.00005 0.00000 -0.00160 0.00005 1.00000 -0.00000 0.00250 -0.00000 0.00000 1.00000 0.00000
1547824837653944 1.00000 0.00016 -0.00000 0.00141 -0.00016 1.00000 0.00000 0.00101 0.00000 -0.00000 1.00000 0.00000
1547824837904519 1.00000 -0.00003 0.00000 0.00016 0.00003 1.00000 -0.00000 0.00204 -0.00000 0.00000 1.00000 0.00000
1547824838156155 1.00000 -0.00010 0.00000 -0.00252 0.00010 1.00000 -0.00000 0.00304 -0.00000 0.00000 1.00000 0.00000
1547824838408514 1.00000 -0.00015 0.00000 0.00069 0.00015 1.00000 -0.00000 -0.00164 -0.00000 0.00000 1.00000 -0.00000
1547824838660664 1.00000 0.00011 -0.00000 -0.00363 -0.00011 1.00000 0.00000 -0.00194 0.00000 -0.00000 1.00000 0.00000
1547824838912231 1.00000 0.00017 -0.00000 0.00235 -0.00017 1.00000 0.00000 -0.00419 0.00000 -0.00000 1.00000 0.00000
1547824839162364 1.00000 -0.00002 0.00000 -0.00979 0.00002 1.00000 -0.00000 -0.00054 -0.00000 0.00000 1.00000 0.00000
1547824839411412 1.00000 0.00011 -0.00000 -0.00255 -0.00011 1.00000 0.00000 0.00449 0.00000 -0.00000 1.00000 -0.00000
1547824839660638 1.00000 -0.00000 0.00000 -0.00339 0.00000 1.00000 -0.00000 -0.00194 -0.00000 0.00000 1.00000 0.00000
1547824839909837 1.00000 -0.00005 0.00000 -0.00090 0.00005 1.00000 -0.00000 0.00167 -0.00000 0.00000 1.00000 0.00000
1547824840158483 1.00000 -0.00003 0.00000 -0.00552 0.00003 1.00000 -0.00000 -0.00121 -0.00000 0.00000 1.00000 0.00000
1547824840406965 1.00000 -0.00020 0.00000 -0.00455 0.00020 1.00000 -0.00000 -0.00193 -0.00000 0.00000 1.00000 0.00000
1547824840655215 1.00000 0.00002 -0.00000 -0.00190 -0.00002 1.00000 0.00000 0.00324 0.00000 -0.00000 1.00000 -0.00000
1547824840903016 1.00000 0.00015 -0.00000 -0.00359 -0.00015 1.00000 0.00000 0.00146 0.00000 -0.00000 1.00000 -0.00000
1547824841151118 1.00000 -0.00012 0.00000 -0.00258 0.00012 1.00000 -0.00000 -0.00040 -0.00000 0.00000 1.00000 0.00000
1547824841399622 1.00000 -0.00023 0.00000 -0.00059 0.00023 1.00000 -0.00000 0.00846 -0.00000 0.00000 1.00000 0.00000
1547824841648375 1.00000 0.00002 -0.00000 -0.00205 -0.00002 1.00000 0.00000 0.00311 0.00000 -0.00000 1.00000 -0.00000
1547824841897242 1.00000 -0.00012 0.00000 -0.00043 0.00012 1.00000 -0.00000 0.00909 -0.00000 0.00000 1.00000 0.00000
1547824842145770 1.00000 0.00004 -0.00000 -0.00579 -0.00004 1.00000 0.00000 0.00564 0.00000 -0.00000 1.00000 -0.00000
1547824842394197 1.00000 0.00009 -0.00000 -0.00412 -0.00009 1.00000 0.00000 0.00691 0.00000 -0.00000 1.00000 -0.00000
1547824842643083 1.00000 -0.00015 0.00000 -0.00162 0.00015 1.00000 -0.00000 0.00771 -0.00000 0.00000 1.00000 0.00000
1547824842893347 1.00000 -0.00034 0.00000 -0.00574 0.00034 1.00000 -0.00000 0.00416 -0.00000 0.00000 1.00000 0.00000
1547824843144201 1.00000 -0.00012 0.00000 -0.00212 0.00012 1.00000 -0.00000 0.00146 -0.00000 0.00000 1.00000 0.00000
1547824843394721 1.00000 0.00011 -0.00000 -0.00727 -0.00011 1.00000 0.00000 -0.00020 0.00000 -0.00000 1.00000 0.00000
1547824843645262 1.00000 -0.00006 0.00000 -0.00297 0.00006 1.00000 -0.00000 0.00369 -0.00000 0.00000 1.00000 0.00000
1547824843895740 1.00000 -0.00012 0.00000 -0.00086 0.00012 1.00000 -0.00000 -0.00358 -0.00000 0.00000 1.00000 0.00000
1547824844145734 1.00000 -0.00034 0.00000 -0.00041 0.00034 1.00000 -0.00000 0.00218 -0.00000 0.00000 1.00000 0.00000
1547824844395524 1.00000 -0.00008 0.00000 0.00101 0.00008 1.00000 -0.00000 0.00585 -0.00000 0.00000 1.00000 0.00000
1547824844645479 1.00000 0.00003 -0.00000 -0.00178 -0.00003 1.00000 0.00000 0.00455 0.00000 -0.00000 1.00000 -0.00000
1547824844896337 1.00000 -0.00002 0.00000 -0.00096 0.00002 1.00000 -0.00000 0.00399 -0.00000 0.00000 1.00000 0.00000
1547824845148268 1.00000 -0.00018 0.00000 -0.00057 0.00018 1.00000 -0.00000 0.00611 -0.00000 0.00000 1.00000 0.00000
1547824845400453 1.00000 -0.00009 0.00000 0.00104 0.00009 1.00000 -0.00000 -0.00021 -0.00000 0.00000 1.00000 -0.00000
1547824845652513 1.00000 -0.00028 0.00000 0.00148 0.00028 1.00000 -0.00000 0.00040 -0.00000 0.00000 1.00000 0.00000
1547824845903892 1.00000 -0.00007 0.00000 -0.00158 0.00007 1.00000 -0.00000 -0.00659 -0.00000 0.00000 1.00000 0.00000
1547824846153750 1.00000 -0.00028 0.00000 -0.00096 0.00028 1.00000 -0.00000 -0.00206 -0.00000 0.00000 1.00000 0.00000
1547824846402704 1.00000 -0.00016 0.00000 0.00369 0.00016 1.00000 -0.00000 -0.00084 -0.00000 0.00000 1.00000 -0.00000
1547824846652127 1.00000 -0.00016 0.00000 0.00439 0.00016 1.00000 -0.00000 -0.01177 -0.00000 0.00000 1.00000 -0.00000
1547824846900759 1.00000 -0.00000 0.00000 0.00075 0.00000 1.00000 -0.00000 0.00385 -0.00000 0.00000 1.00000 0.00000
1547824847149075 1.00000 -0.00007 0.00000 0.00183 0.00007 1.00000 -0.00000 -0.00240 -0.00000 0.00000 1.00000 -0.00000
1547824847397202 1.00000 0.00003 -0.00000 -0.00508 -0.00003 1.00000 0.00000 -0.00298 0.00000 -0.00000 1.00000 0.00000
1547824847645025 1.00000 0.00006 -0.00000 0.00108 -0.00006 1.00000 0.00000 0.01015 0.00000 -0.00000 1.00000 0.00000
1547824847893121 1.00000 -0.00006 0.00000 0.00133 0.00006 1.00000 -0.00000 -0.00211 -0.00000 0.00000 1.00000 -0.00000
1547824848141326 1.00000 -0.00023 0.00000 0.00022 0.00023 1.00000 -0.00000 0.00092 -0.00000 0.00000 1.00000 0.00000
1547824848389699 1.00000 -0.00015 0.00000 -0.00008 0.00015 1.00000 -0.00000 -0.00080 -0.00000 0.00000 1.00000 0.00000
1547824848639158 1.00000 -0.00005 0.00000 0.00574 0.00005 1.00000 -0.00000 0.00375 -0.00000 0.00000 1.00000 0.00000
1547824848889153 1.00000 0.00014 -0.00000 -0.00396 -0.00014 1.00000 0.00000 0.00464 0.00000 -0.00000 1.00000 -0.00000
1547824849138982 1.00000 0.00012 -0.00000 0.00419 -0.00012 1.00000 0.00000 0.01419 0.00000 -0.00000 1.00000 0.00000
1547824849390355 1.00000 -0.00005 0.00000 0.00208 0.00005 1.00000 -0.00000 0.00521 -0.00000 0.00000 1.00000 0.00000
1547824849642695 1.00000 -0.00011 0.00000 -0.00443 0.00011 1.00000 -0.00000 0.00175 -0.00000 0.00000 1.00000 0.00000
1547824849894731 1.00000 0.00000 -0.00000 0.00298 -0.00000 1.00000 0.00000 0.00710 0.00000 -0.00000 1.00000 0.00000
1547824850146409 1.00000 -0.00005 0.00000 0.00279 0.00005 1.00000 -0.00000 -0.00263 -0.00000 0.00000 1.00000 -0.00000
1547824850397808 1.00000 -0.00008 0.00000 -0.00174 0.00008 1.00000 -0.00000 0.00331 -0.00000 0.00000 1.00000 0.00000
1547824850648691 1.00000 -0.00005 0.00000 0.00162 0.00005 1.00000 -0.00000 0.00265 -0.00000 0.00000 1.00000 0.00000
1547824850898711 1.00000 0.00014 -0.00000 0.00475 -0.00014 1.00000 0.00000 0.00942 0.00000 -0.00000 1.00000 0.00000
1547824851148552 1.00000 0.00009 -0.00000 0.00192 -0.00009 1.00000 0.00000 0.00929 0.00000 -0.00000 1.00000 0.00000
1547824851398124 1.00000 0.00014 -0.00000 -0.00027 -0.00014 1.00000 0.00000 0.01291 0.00000 -0.00000 1.00000 -0.00000
1547824851648093 1.00000 0.00004 -0.00000 0.00226 -0.00004 1.00000 0.00000 0.00847 0.00000 -0.00000 1.00000 0.00000
1547824851899173 1.00000 0.00003 -0.00000 -0.00478 -0.00003 1.00000 0.00000 0.00730 0.00000 -0.00000 1.00000 -0.00000
1547824852151114 1.00000 -0.00008 0.00000 -0.00638 0.00008 1.00000 -0.00000 0.00475 -0.00000 0.00000 1.00000 0.00000
1547824852403120 1.00000 -0.00027 0.00000 0.00066 0.00027 1.00000 -0.00000 0.00325 -0.00000 0.00000 1.00000 0.00000
1547824852655189 1.00000 -0.00024 0.00000 -0.00162 0.00024 1.00000 -0.00000 -0.00324 -0.00000 0.00000 1.00000 0.00000
1547824852906590 1.00000 -0.00001 0.00000 -0.00291 0.00001 1.00000 -0.00000 0.00510 -0.00000 0.00000 1.00000 0.00000
1547824853156421 1.00000 -0.00005 0.00000 0.00202 0.00005 1.00000 -0.00000 0.00010 -0.00000 0.00000 1.00000 0.00000
1547824853405390 1.00000 -0.00000 0.00000 0.00172 0.00000 1.00000 -0.00000 0.00431 -0.00000 0.00000 1.00000 0.00000
1547824853654393 1.00000 0.00018 -0.00000 -0.03647 -0.00018 1.00000 0.00000 0.02385 0.00000 -0.00000 1.00000 -0.00000
1547824853903422 1.00000 0.00004 -0.00000 -0.08440 -0.00004 1.00000 0.00000 0.01814 0.00000 -0.00000 1.00000 -0.00000
1547824854151926 1.00000 0.00087 -0.00000 -0.22170 -0.00087 1.00000 0.00000 0.01254 0.00000 -0.00000 1.00000 -0.00000
1547824854400130 0.99998 0.00610 -0.00000 -0.43449 -0.00610 0.99998 0.00000 -0.00039 0.00000 -0.00000 1.00000 0.00000
1547824854647818 0.99986 0.01684 -0.00000 -0.80582 -0.01684 0.99986 0.00000 -0.00293 0.00000 -0.00000 1.00000 0.00000
1547824854895780 0.99954 0.03036 -0.00000 -1.20558 -0.03036 0.99954 0.00000 0.01502 0.00000 -0.00000 1.00000 0.00000
1547824855144567 0.99886 0.04784 -0.00000 -1.76558 -0.04784 0.99886 0.00000 0.00583 0.00000 -0.00000 1.00000 0.00000
1547824855394191 0.99801 0.06301 -0.00000 -2.41136 -0.06301 0.99801 0.00000 0.07929 0.00000 -0.00000 1.00000 0.00000
1547824855644160 0.99687 0.07902 -0.00000 -3.23939 -0.07902 0.99687 0.00000 0.08956 0.00000 -0.00000 1.00000 0.00000
1547824855894057 0.99570 0.09260 -0.00000 -4.12466 -0.09260 0.99570 0.00000 0.10730 0.00000 -0.00000 1.00000 0.00000
1547824856143517 0.99447 0.10502 -0.00000 -5.10626 -0.10502 0.99447 0.00000 0.15151 0.00000 -0.00000 1.00000 0.00000
1547824856393049 0.99381 0.11111 -0.00000 -6.24013 -0.11111 0.99381 0.00000 0.22352 0.00000 -0.00000 1.00000 0.00000
1547824856642890 0.99360 0.11299 -0.00000 -7.48952 -0.11299 0.99360 0.00000 0.23226 0.00000 -0.00000 1.00000 0.00000
1547824856892493 0.99386 0.11060 -0.00000 -8.90794 -0.11060 0.99386 0.00000 0.25047 0.00000 -0.00000 1.00000 0.00000
1547824857142999 0.99420 0.10752 -0.00000 -10.37587 -0.10752 0.99420 0.00000 0.19387 0.00000 -0.00000 1.00000 0.00000
1547824857394938 0.99444 0.10528 -0.00000 -11.99699 -0.10528 0.99444 0.00000 0.18823 0.00000 -0.00000 1.00000 0.00000
1547824857646687 0.99488 0.10109 -0.00000 -13.76894 -0.10109 0.99488 0.00000 0.08434 0.00000 -0.00000 1.00000 0.00000
1547824857897975 0.99514 0.09848 -0.00000 -15.61980 -0.09848 0.99514 0.00000 0.07774 0.00000 -0.00000 1.00000 0.00000
1547824858149506 0.99567 0.09296 -0.00000 -17.52195 -0.09296 0.99567 0.00000 0.00998 0.00000 -0.00000 1.00000 0.00000
1547824858401043 0.99603 0.08897 -0.00000 -19.55914 -0.08897 0.99603 0.00000 -0.06539 0.00000 -0.00000 1.00000 0.00000
1547824858651757 0.99659 0.08249 -0.00000 -21.61242 -0.08249 0.99659 0.00000 -0.15633 0.00000 -0.00000 1.00000 0.00000
1547824858902801 0.99710 0.07616 -0.00000 -23.72738 -0.07616 0.99710 0.00000 -0.26910 0.00000 -0.00000 1.00000 0.00000
1547824859154377 0.99764 0.06864 -0.00000 -25.90262 -0.06864 0.99764 0.00000 -0.43526 0.00000 -0.00000 1.00000 0.00000
1547824859405236 0.99802 0.06288 -0.00000 -28.12204 -0.06288 0.99802 0.00000 -0.58944 0.00000 -0.00000 1.00000 0.00000
1547824859655944 0.99824 0.05930 -0.00000 -30.41650 -0.05930 0.99824 0.00000 -0.71380 0.00000 -0.00000 1.00000 0.00000
1547824859907238 0.99831 0.05816 -0.00000 -32.69803 -0.05816 0.99831 0.00000 -0.70086 0.00000 -0.00000 1.00000 0.00000
1547824860159501 0.99837 0.05716 -0.00000 -35.04824 -0.05716 0.99837 0.00000 -0.75529 0.00000 -0.00000 1.00000 0.00000
1547824860412560 0.99858 0.05328 -0.00000 -37.42502 -0.05328 0.99858 0.00000 -0.85304 0.00000 -0.00000 1.00000 0.00000
1547824860665971 0.99872 0.05058 -0.00000 -39.82659 -0.05058 0.99872 0.00000 -0.97437 0.00000 -0.00000 1.00000 0.00000
1547824860917690 0.99896 0.04568 -0.00000 -42.19982 -0.04568 0.99896 0.00000 -1.14816 0.00000 -0.00000 1.00000 0.00000
1547824861168430 0.99916 0.04105 -0.00000 -44.49562 -0.04105 0.99916 0.00000 -1.31842 0.00000 -0.00000 1.00000 0.00000
1547824861416574 0.99941 0.03427 -0.00000 -46.73543 -0.03427 0.99941 0.00000 -1.60600 0.00000 -0.00000 1.00000 0.00000
1547824861662842 0.99957 0.02917 -0.00000 -48.97845 -0.02917 0.99957 0.00000 -1.80379 0.00000 -0.00000 1.00000 0.00000
1547824861910497 0.99972 0.02380 -0.00000 -51.20399 -0.02380 0.99972 0.00000 -2.09482 0.00000 -0.00000 1.00000 0.00000
1547824862158777 0.99974 0.02285 -0.00000 -53.49277 -0.02285 0.99974 0.00000 -2.06162 0.00000 -0.00000 1.00000 0.00000
1547824862407958 0.99965 0.02643 -0.00000 -55.74329 -0.02643 0.99965 0.00000 -1.91214 0.00000 -0.00000 1.00000 0.00000
1547824862658183 0.99956 0.02953 -0.00000 -58.03886 -0.02953 0.99956 0.00000 -1.71389 0.00000 -0.00000 1.00000 0.00000
1547824862908910 0.99947 0.03262 -0.00000 -60.31696 -0.03262 0.99947 0.00000 -1.49398 0.00000 -0.00000 1.00000 0.00000
1547824863159595 0.99922 0.03953 -0.00000 -62.60351 -0.03953 0.99922 0.00000 -1.09187 0.00000 -0.00000 1.00000 0.00000
1547824863410332 0.99897 0.04543 -0.00000 -64.83463 -0.04543 0.99897 0.00000 -0.70642 0.00000 -0.00000 1.00000 0.00000
1547824863661175 0.99869 0.05123 -0.00000 -67.08209 -0.05123 0.99869 0.00000 -0.26722 0.00000 -0.00000 1.00000 0.00000
1547824863911593 0.99828 0.05863 -0.00000 -69.36618 -0.05863 0.99828 0.00000 0.21943 0.00000 -0.00000 1.00000 0.00000
1547824864161571 0.99781 0.06616 -0.00000 -71.61063 -0.06616 0.99781 0.00000 0.72971 0.00000 -0.00000 1.00000 0.00000
1547824864411256 0.99722 0.07454 -0.00000 -73.92269 -0.07454 0.99722 0.00000 1.36118 0.00000 -0.00000 1.00000 0.00000
1547824864660993 0.99655 0.08299 -0.00000 -76.19229 -0.08299 0.99655 0.00000 2.01023 0.00000 -0.00000 1.00000 0.00000
1547824864911531 0.99590 0.09041 -0.00000 -78.45275 -0.09041 0.99590 0.00000 2.61215 0.00000 -0.00000 1.00000 0.00000
1547824865163198 0.99556 0.09413 -0.00000 -80.78176 -0.09413 0.99556 0.00000 2.93345 0.00000 -0.00000 1.00000 0.00000
1547824865414900 0.99570 0.09269 -0.00000 -83.17799 -0.09269 0.99570 0.00000 2.82302 0.00000 -0.00000 1.00000 0.00000
1547824865666415 0.99636 0.08523 -0.00000 -85.52774 -0.08523 0.99636 0.00000 2.18523 0.00000 -0.00000 1.00000 0.00000
1547824865918294 0.99750 0.07068 -0.00000 -87.96259 -0.07068 0.99750 0.00000 0.98152 0.00000 -0.00000 1.00000 0.00000
1547824866169713 0.99857 0.05345 -0.00000 -90.38541 -0.05345 0.99857 0.00000 -0.55754 0.00000 -0.00000 1.00000 0.00000
1547824866421108 0.99933 0.03664 -0.00000 -92.80470 -0.03664 0.99933 0.00000 -2.07751 0.00000 -0.00000 1.00000 0.00000
1547824866672532 0.99967 0.02587 -0.00000 -95.31240 -0.02587 0.99967 0.00000 -3.01494 0.00000 -0.00000 1.00000 0.00000
1547824866923615 0.99976 0.02180 -0.00000 -97.86237 -0.02180 0.99976 0.00000 -3.43221 0.00000 -0.00000 1.00000 0.00000
1547824867174577 0.99971 0.02412 -0.00000 -100.47038 -0.02412 0.99971 0.00000 -3.24533 0.00000 -0.00000 1.00000 0.00000
1547824867425343 0.99971 0.02421 -0.00000 -103.11094 -0.02421 0.99971 0.00000 -3.16114 0.00000 -0.00000 1.00000 0.00000
1547824867676803 0.99966 0.02598 -0.00000 -105.80227 -0.02598 0.99966 0.00000 -2.97456 0.00000 -0.00000 1.00000 0.00000
1547824867928345 0.99964 0.02673 -0.00000 -108.48974 -0.02673 0.99964 0.00000 -2.86791 0.00000 -0.00000 1.00000 0.00000
1547824868180075 0.99955 0.02997 -0.00000 -111.21954 -0.02997 0.99955 0.00000 -2.56528 0.00000 -0.00000 1.00000 0.00000
1547824868433468 0.99952 0.03100 -0.00000 -113.94572 -0.03100 0.99952 0.00000 -2.40909 0.00000 -0.00000 1.00000 0.00000
1547824868687288 0.99938 0.03525 -0.00000 -116.67154 -0.03525 0.99938 0.00000 -1.92681 0.00000 -0.00000 1.00000 0.00000
1547824868939541 0.99924 0.03901 -0.00000 -119.38171 -0.03901 0.99924 0.00000 -1.44767 0.00000 -0.00000 1.00000 0.00000
1547824869189798 0.99920 0.03988 -0.00000 -122.03600 -0.03988 0.99920 0.00000 -1.27976 0.00000 -0.00000 1.00000 0.00000
1547824869438380 0.99910 0.04248 -0.00000 -124.65902 -0.04248 0.99910 0.00000 -1.00485 0.00000 -0.00000 1.00000 0.00000
1547824869686163 0.99901 0.04458 -0.00000 -127.31334 -0.04458 0.99901 0.00000 -0.76181 0.00000 -0.00000 1.00000 0.00000
1547824869933815 0.99882 0.04857 -0.00000 -129.94331 -0.04857 0.99882 0.00000 -0.22983 0.00000 -0.00000 1.00000 0.00000
1547824870181772 0.99877 0.04967 -0.00000 -132.57491 -0.04967 0.99877 0.00000 -0.04521 0.00000 -0.00000 1.00000 0.00000
1547824870430087 0.99861 0.05275 -0.00000 -135.20112 -0.05275 0.99861 0.00000 0.39038 0.00000 -0.00000 1.00000 0.00000
1547824870679311 0.99862 0.05251 -0.00000 -137.88245 -0.05251 0.99862 0.00000 0.31055 0.00000 -0.00000 1.00000 0.00000
1547824870929784 0.99851 0.05455 -0.00000 -140.54811 -0.05455 0.99851 0.00000 0.63386 0.00000 -0.00000 1.00000 0.00000
1547824871180324 0.99847 0.05534 -0.00000 -143.19812 -0.05534 0.99847 0.00000 0.71545 0.00000 -0.00000 1.00000 0.00000
1547824871431113 0.99825 0.05908 -0.00000 -145.82849 -0.05908 0.99825 0.00000 1.29864 0.00000 -0.00000 1.00000 0.00000
1547824871682005 0.99813 0.06107 -0.00000 -148.47620 -0.06107 0.99813 0.00000 1.62882 0.00000 -0.00000 1.00000 0.00000
1547824871932487 0.99791 0.06467 -0.00000 -151.13101 -0.06467 0.99791 0.00000 2.20866 0.00000 -0.00000 1.00000 0.00000
1547824872182806 0.99777 0.06673 -0.00000 -153.76578 -0.06673 0.99777 0.00000 2.58121 0.00000 -0.00000 1.00000 0.00000
1547824872432970 0.99766 0.06831 -0.00000 -156.41752 -0.06831 0.99766 0.00000 2.88873 0.00000 -0.00000 1.00000 0.00000
1547824872682712 0.99755 0.07002 -0.00000 -159.03244 -0.07002 0.99755 0.00000 3.13045 0.00000 -0.00000 1.00000 0.00000
1547824872932243 0.99753 0.07026 -0.00000 -161.70447 -0.07026 0.99753 0.00000 3.14702 0.00000 -0.00000 1.00000 0.00000
1547824873182173 0.99742 0.07174 -0.00000 -164.31893 -0.07174 0.99742 0.00000 3.42792 0.00000 -0.00000 1.00000 0.00000
1547824873433367 0.99719 0.07495 -0.00000 -166.91697 -0.07495 0.99719 0.00000 4.02288 0.00000 -0.00000 1.00000 0.00000
1547824873685450 0.99709 0.07628 -0.00000 -169.52939 -0.07628 0.99709 0.00000 4.22955 0.00000 -0.00000 1.00000 0.00000
1547824873937053 0.99672 0.08098 -0.00000 -172.11037 -0.08098 0.99672 0.00000 5.05919 0.00000 -0.00000 1.00000 0.00000
1547824874188347 0.99664 0.08185 -0.00000 -174.72347 -0.08185 0.99664 0.00000 5.24808 0.00000 -0.00000 1.00000 0.00000
1547824874439582 0.99650 0.08357 -0.00000 -177.31176 -0.08357 0.99650 0.00000 5.52535 0.00000 -0.00000 1.00000 0.00000
1547824874690653 0.99640 0.08479 -0.00000 -179.82553 -0.08479 0.99640 0.00000 5.73233 0.00000 -0.00000 1.00000 0.00000
1547824874942116 0.99625 0.08653 -0.00000 -182.35362 -0.08653 0.99625 0.00000 6.06416 0.00000 -0.00000 1.00000 0.00000
1547824875193733 0.99611 0.08812 -0.00000 -184.93560 -0.08812 0.99611 0.00000 6.34579 0.00000 -0.00000 1.00000 0.00000
1547824875444789 0.99601 0.08928 -0.00000 -187.48598 -0.08928 0.99601 0.00000 6.55311 0.00000 -0.00000 1.00000 0.00000
1547824875695641 0.99565 0.09316 -0.00000 -189.97970 -0.09316 0.99565 0.00000 7.33941 0.00000 -0.00000 1.00000 0.00000
1547824875946587 0.99531 0.09676 -0.00000 -192.43102 -0.09676 0.99531 0.00000 8.04595 0.00000 -0.00000 1.00000 0.00000
1547824876197957 0.99486 0.10129 -0.00000 -194.87005 -0.10129 0.99486 0.00000 8.94026 0.00000 -0.00000 1.00000 0.00000
1547824876449619 0.99382 0.11100 -0.00000 -197.19565 -0.11100 0.99382 0.00000 10.87205 0.00000 -0.00000 1.00000 0.00000
1547824876703018 0.99237 0.12333 -0.00000 -199.49831 -0.12333 0.99237 0.00000 13.37310 0.00000 -0.00000 1.00000 0.00000
1547824876956532 0.99083 0.13509 -0.00000 -201.73280 -0.13509 0.99083 0.00000 15.69202 0.00000 -0.00000 1.00000 0.00000
1547824877208554 0.98971 0.14307 -0.00000 -204.00051 -0.14307 0.98971 0.00000 17.34204 0.00000 -0.00000 1.00000 0.00000
1547824877458349 0.98854 0.15099 -0.00000 -206.15189 -0.15099 0.98854 0.00000 18.97329 0.00000 -0.00000 1.00000 0.00000
1547824877706753 0.98735 0.15858 -0.00000 -208.27264 -0.15858 0.98735 0.00000 20.58494 0.00000 -0.00000 1.00000 0.00000
1547824877954292 0.98654 0.16353 -0.00000 -210.44796 -0.16353 0.98654 0.00000 21.62604 0.00000 -0.00000 1.00000 0.00000
1547824878201045 0.98528 0.17093 -0.00000 -212.54685 -0.17093 0.98528 0.00000 23.13633 0.00000 -0.00000 1.00000 0.00000
1547824878448220 0.98480 0.17369 -0.00000 -214.67214 -0.17369 0.98480 0.00000 23.75164 0.00000 -0.00000 1.00000 0.00000
1547824878696397 0.98479 0.17374 -0.00000 -216.88909 -0.17374 0.98479 0.00000 23.79524 0.00000 -0.00000 1.00000 0.00000
1547824878945100 0.98427 0.17669 -0.00000 -219.02128 -0.17669 0.98427 0.00000 24.49765 0.00000 -0.00000 1.00000 0.00000
1547824879195386 0.98370 0.17980 -0.00000 -221.12014 -0.17980 0.98370 0.00000 25.22277 0.00000 -0.00000 1.00000 0.00000
1547824879446417 0.98254 0.18607 -0.00000 -223.15727 -0.18607 0.98254 0.00000 26.64447 0.00000 -0.00000 1.00000 0.00000
1547824879697561 0.98069 0.19556 -0.00000 -225.04469 -0.19556 0.98069 0.00000 28.76460 0.00000 -0.00000 1.00000 0.00000
1547824879948314 0.97942 0.20182 -0.00000 -227.01489 -0.20182 0.97942 0.00000 30.20694 0.00000 -0.00000 1.00000 0.00000
1547824880198386 0.97801 0.20856 -0.00000 -228.92387 -0.20856 0.97801 0.00000 31.77712 0.00000 -0.00000 1.00000 0.00000
1547824880448369 0.97691 0.21366 -0.00000 -230.87727 -0.21366 0.97691 0.00000 32.92468 0.00000 -0.00000 1.00000 0.00000
1547824880698463 0.97574 0.21891 -0.00000 -232.80251 -0.21891 0.97574 0.00000 34.17728 0.00000 -0.00000 1.00000 0.00000
1547824880948491 0.97560 0.21958 -0.00000 -234.84273 -0.21958 0.97560 0.00000 34.34850 0.00000 -0.00000 1.00000 0.00000
1547824881198041 0.97497 0.22232 -0.00000 -236.81195 -0.22232 0.97497 0.00000 35.05780 0.00000 -0.00000 1.00000 0.00000
1547824881448611 0.97583 0.21855 -0.00000 -239.01753 -0.21855 0.97583 0.00000 34.08985 0.00000 -0.00000 1.00000 0.00000
1547824881701262 0.97828 0.20729 -0.00000 -241.47232 -0.20729 0.97828 0.00000 31.33641 0.00000 -0.00000 1.00000 0.00000
1547824881954262 0.98060 0.19603 -0.00000 -243.91426 -0.19603 0.98060 0.00000 28.59984 0.00000 -0.00000 1.00000 0.00000
1547824882206089 0.98330 0.18202 -0.00000 -246.36718 -0.18202 0.98330 0.00000 25.16059 0.00000 -0.00000 1.00000 0.00000
1547824882457928 0.98585 0.16764 -0.00000 -248.78280 -0.16764 0.98585 0.00000 21.56304 0.00000 -0.00000 1.00000 0.00000
1547824882708267 0.98760 0.15700 -0.00000 -251.11182 -0.15700 0.98760 0.00000 18.86621 0.00000 -0.00000 1.00000 0.00000
1547824882957106 0.98864 0.15027 -0.00000 -253.38764 -0.15027 0.98864 0.00000 17.20344 0.00000 -0.00000 1.00000 0.00000
1547824883205427 0.98940 0.14520 -0.00000 -255.56934 -0.14520 0.98940 0.00000 15.90747 0.00000 -0.00000 1.00000 0.00000
1547824883453475 0.98979 0.14254 -0.00000 -257.76428 -0.14254 0.98979 0.00000 15.22567 0.00000 -0.00000 1.00000 0.00000
1547824883701654 0.98975 0.14284 -0.00000 -259.91151 -0.14284 0.98975 0.00000 15.35364 0.00000 -0.00000 1.00000 0.00000
1547824883950525 0.98961 0.14381 -0.00000 -262.08292 -0.14381 0.98961 0.00000 15.58342 0.00000 -0.00000 1.00000 0.00000
1547824884200475 0.98978 0.14259 -0.00000 -264.34725 -0.14259 0.98978 0.00000 15.27457 0.00000 -0.00000 1.00000 0.00000
1547824884451159 0.98984 0.14216 -0.00000 -266.63851 -0.14216 0.98984 0.00000 15.16920 0.00000 -0.00000 1.00000 0.00000
1547824884701316 0.98949 0.14459 -0.00000 -268.88940 -0.14459 0.98949 0.00000 15.89891 0.00000 -0.00000 1.00000 0.00000
1547824884951231 0.98966 0.14346 -0.00000 -271.20864 -0.14346 0.98966 0.00000 15.57826 0.00000 -0.00000 1.00000 0.00000
1547824885200644 0.98955 0.14416 -0.00000 -273.52451 -0.14416 0.98955 0.00000 15.79218 0.00000 -0.00000 1.00000 0.00000
1547824885449419 0.98929 0.14598 -0.00000 -275.81941 -0.14598 0.98929 0.00000 16.30936 0.00000 -0.00000 1.00000 0.00000
1547824885698792 0.98937 0.14540 -0.00000 -278.10831 -0.14540 0.98937 0.00000 16.14461 0.00000 -0.00000 1.00000 0.00000
1547824885948359 0.98965 0.14353 -0.00000 -280.42954 -0.14353 0.98965 0.00000 15.64968 0.00000 -0.00000 1.00000 0.00000
1547824886197288 0.99012 0.14022 -0.00000 -282.82216 -0.14022 0.99012 0.00000 14.81925 0.00000 -0.00000 1.00000 0.00000
1547824886445398 0.99064 0.13647 -0.00000 -285.15782 -0.13647 0.99064 0.00000 13.75303 0.00000 -0.00000 1.00000 0.00000
1547824886693238 0.99098 0.13402 -0.00000 -287.43026 -0.13402 0.99098 0.00000 13.03479 0.00000 -0.00000 1.00000 0.00000
1547824886941371 0.99121 0.13230 -0.00000 -289.62592 -0.13230 0.99121 0.00000 12.55433 0.00000 -0.00000 1.00000 0.00000
1547824887189253 0.99159 0.12944 -0.00000 -291.88190 -0.12944 0.99159 0.00000 11.74535 0.00000 -0.00000 1.00000 0.00000
1547824887437844 0.99234 0.12357 -0.00000 -294.15396 -0.12357 0.99234 0.00000 10.03774 0.00000 -0.00000 1.00000 0.00000
1547824887687809 0.99261 0.12136 -0.00000 -296.41582 -0.12136 0.99261 0.00000 9.43752 0.00000 -0.00000 1.00000 0.00000
1547824887937676 0.99306 0.11765 -0.00000 -298.65916 -0.11765 0.99306 0.00000 8.35053 0.00000 -0.00000 1.00000 0.00000
1547824888187544 0.99342 0.11456 -0.00000 -300.82204 -0.11456 0.99342 0.00000 7.41158 0.00000 -0.00000 1.00000 0.00000
1547824888437345 0.99383 0.11088 -0.00000 -302.99628 -0.11088 0.99383 0.00000 6.34010 0.00000 -0.00000 1.00000 0.00000
1547824888686975 0.99407 0.10879 -0.00000 -305.19455 -0.10879 0.99407 0.00000 5.66101 0.00000 -0.00000 1.00000 0.00000
1547824888937541 0.99432 0.10642 -0.00000 -307.40710 -0.10642 0.99432 0.00000 4.97212 0.00000 -0.00000 1.00000 0.00000
1547824889189434 0.99467 0.10309 -0.00000 -309.49835 -0.10309 0.99467 0.00000 3.95168 0.00000 -0.00000 1.00000 0.00000
1547824889440917 0.99481 0.10180 -0.00000 -311.69053 -0.10180 0.99481 0.00000 3.57312 0.00000 -0.00000 1.00000 0.00000
1547824889692367 0.99498 0.10005 -0.00000 -313.84165 -0.10005 0.99498 0.00000 3.03621 0.00000 -0.00000 1.00000 0.00000
1547824889943787 0.99515 0.09834 -0.00000 -316.01603 -0.09834 0.99515 0.00000 2.50490 0.00000 -0.00000 1.00000 0.00000
1547824890194466 0.99553 0.09447 -0.00000 -318.19625 -0.09447 0.99553 0.00000 1.31811 0.00000 -0.00000 1.00000 0.00000
1547824890445560 0.99606 0.08868 -0.00000 -320.36205 -0.08868 0.99606 0.00000 -0.48508 0.00000 -0.00000 1.00000 0.00000
1547824890696880 0.99594 0.09007 -0.00000 -322.54506 -0.09007 0.99594 0.00000 -0.01891 0.00000 -0.00000 1.00000 0.00000
1547824890947932 0.99607 0.08860 -0.00000 -324.71238 -0.08860 0.99607 0.00000 -0.47438 0.00000 -0.00000 1.00000 0.00000
1547824891198899 0.99639 0.08494 -0.00000 -326.90087 -0.08494 0.99639 0.00000 -1.65689 0.00000 -0.00000 1.00000 0.00000
1547824891450158 0.99649 0.08367 -0.00000 -329.12070 -0.08367 0.99649 0.00000 -2.05843 0.00000 -0.00000 1.00000 0.00000
1547824891701253 0.99648 0.08383 -0.00000 -331.30044 -0.08383 0.99648 0.00000 -2.00683 0.00000 -0.00000 1.00000 0.00000
1547824891953489 0.99639 0.08489 -0.00000 -333.56715 -0.08489 0.99639 0.00000 -1.55075 0.00000 -0.00000 1.00000 0.00000
1547824892207000 0.99659 0.08247 -0.00000 -335.84737 -0.08247 0.99659 0.00000 -2.40728 0.00000 -0.00000 1.00000 0.00000
1547824892459403 0.99641 0.08466 -0.00000 -338.16503 -0.08466 0.99641 0.00000 -1.60329 0.00000 -0.00000 1.00000 0.00000
1547824892709408 0.99632 0.08576 -0.00000 -340.40225 -0.08576 0.99632 0.00000 -1.22234 0.00000 -0.00000 1.00000 0.00000
1547824892958141 0.99623 0.08674 -0.00000 -342.74333 -0.08674 0.99623 0.00000 -0.89356 0.00000 -0.00000 1.00000 0.00000
1547824893205992 0.99648 0.08388 -0.00000 -345.05280 -0.08388 0.99648 0.00000 -1.88243 0.00000 -0.00000 1.00000 0.00000
1547824893453388 0.99659 0.08246 -0.00000 -347.35997 -0.08246 0.99659 0.00000 -2.38644 0.00000 -0.00000 1.00000 0.00000
1547824893700818 0.99682 0.07972 -0.00000 -349.64815 -0.07972 0.99682 0.00000 -3.29822 0.00000 -0.00000 1.00000 0.00000
1547824893948874 0.99697 0.07775 -0.00000 -352.00007 -0.07775 0.99697 0.00000 -3.96162 0.00000 -0.00000 1.00000 0.00000
1547824894197911 0.99737 0.07248 -0.00000 -354.31984 -0.07248 0.99737 0.00000 -5.81443 0.00000 -0.00000 1.00000 0.00000
1547824894447964 0.99785 0.06553 -0.00000 -356.62418 -0.06553 0.99785 0.00000 -8.33659 0.00000 -0.00000 1.00000 0.00000
1547824894699208 0.99843 0.05603 -0.00000 -358.93063 -0.05603 0.99843 0.00000 -11.71290 0.00000 -0.00000 1.00000 0.00000
1547824894949896 0.99891 0.04657 -0.00000 -361.17246 -0.04657 0.99891 0.00000 -15.09861 0.00000 -0.00000 1.00000 0.00000
1547824895200067 0.99942 0.03392 -0.00000 -363.36954 -0.03392 0.99942 0.00000 -19.69029 0.00000 -0.00000 1.00000 0.00000
1547824895450443 0.99963 0.02706 -0.00000 -365.63193 -0.02706 0.99963 0.00000 -22.18139 0.00000 -0.00000 1.00000 0.00000
1547824895700544 0.99985 0.01748 -0.00000 -367.84116 -0.01748 0.99985 0.00000 -25.66136 0.00000 -0.00000 1.00000 0.00000
1547824895950220 0.99993 0.01178 -0.00000 -370.08814 -0.01178 0.99993 0.00000 -27.71903 0.00000 -0.00000 1.00000 0.00000
1547824896200072 0.99997 0.00827 -0.00000 -372.39826 -0.00827 0.99997 0.00000 -28.98208 0.00000 -0.00000 1.00000 0.00000
1547824896450154 0.99999 0.00484 -0.00000 -374.73363 -0.00484 0.99999 0.00000 -30.26932 0.00000 -0.00000 1.00000 0.00000
1547824896700913 1.00000 0.00285 -0.00000 -377.12117 -0.00285 1.00000 0.00000 -30.99690 0.00000 -0.00000 1.00000 0.00000
1547824896952821 0.99999 0.00404 -0.00000 -379.64723 -0.00404 0.99999 0.00000 -30.50024 0.00000 -0.00000 1.00000 0.00000
1547824897204588 0.99999 0.00522 -0.00000 -382.17699 -0.00522 0.99999 0.00000 -30.05491 0.00000 -0.00000 1.00000 0.00000
1547824897455871 0.99996 0.00853 -0.00000 -384.76841 -0.00853 0.99996 0.00000 -28.77750 0.00000 -0.00000 1.00000 0.00000
1547824897707123 0.99988 0.01532 -0.00000 -387.46940 -0.01532 0.99988 0.00000 -26.14439 0.00000 -0.00000 1.00000 0.00000
1547824897958132 0.99968 0.02525 -0.00000 -390.16607 -0.02525 0.99968 0.00000 -22.28475 0.00000 -0.00000 1.00000 0.00000
1547824898209368 0.99944 0.03348 -0.00000 -392.82082 -0.03348 0.99944 0.00000 -19.06144 0.00000 -0.00000 1.00000 0.00000
1547824898460797 0.99909 0.04267 -0.00000 -395.44397 -0.04267 0.99909 0.00000 -15.43619 0.00000 -0.00000 1.00000 0.00000
1547824898711935 0.99879 0.04919 -0.00000 -398.00742 -0.04919 0.99879 0.00000 -12.79946 0.00000 -0.00000 1.00000 0.00000
1547824898962999 0.99850 0.05484 -0.00000 -400.51437 -0.05484 0.99850 0.00000 -10.56159 0.00000 -0.00000 1.00000 0.00000
1547824899214323 0.99839 0.05666 -0.00000 -402.98198 -0.05666 0.99839 0.00000 -9.81504 0.00000 -0.00000 1.00000 0.00000
1547824899465956 0.99834 0.05761 -0.00000 -405.35718 -0.05761 0.99834 0.00000 -9.36398 0.00000 -0.00000 1.00000 0.00000
1547824899718350 0.99847 0.05524 -0.00000 -407.71027 -0.05524 0.99847 0.00000 -10.33159 0.00000 -0.00000 1.00000 0.00000
1547824899971735 0.99850 0.05483 -0.00000 -410.04112 -0.05483 0.99850 0.00000 -10.47378 0.00000 -0.00000 1.00000 0.00000
1547824900224499 0.99842 0.05613 -0.00000 -412.31646 -0.05613 0.99842 0.00000 -9.94164 0.00000 -0.00000 1.00000 0.00000
1547824900474989 0.99817 0.06051 -0.00000 -414.58108 -0.06051 0.99817 0.00000 -8.11010 0.00000 -0.00000 1.00000 0.00000
1547824900723676 0.99789 0.06490 -0.00000 -416.76397 -0.06490 0.99789 0.00000 -6.28819 0.00000 -0.00000 1.00000 0.00000
1547824900971064 0.99757 0.06971 -0.00000 -418.88165 -0.06971 0.99757 0.00000 -4.26054 0.00000 -0.00000 1.00000 0.00000
1547824901218234 0.99723 0.07441 -0.00000 -420.95641 -0.07441 0.99723 0.00000 -2.28677 0.00000 -0.00000 1.00000 0.00000
1547824901465961 0.99671 0.08104 -0.00000 -422.96052 -0.08104 0.99671 0.00000 0.54793 0.00000 -0.00000 1.00000 0.00000
1547824901714001 0.99634 0.08544 -0.00000 -424.91869 -0.08544 0.99634 0.00000 2.40888 0.00000 -0.00000 1.00000 0.00000
1547824901962852 0.99613 0.08791 -0.00000 -426.80992 -0.08791 0.99613 0.00000 3.47118 0.00000 -0.00000 1.00000 0.00000
1547824902213093 0.99605 0.08883 -0.00000 -428.65898 -0.08883 0.99605 0.00000 3.88628 0.00000 -0.00000 1.00000 0.00000
1547824902464495 0.99636 0.08519 -0.00000 -430.45371 -0.08519 0.99636 0.00000 2.34948 0.00000 -0.00000 1.00000 0.00000
1547824902715260 0.99687 0.07911 -0.00000 -432.17480 -0.07911 0.99687 0.00000 -0.24203 0.00000 -0.00000 1.00000 0.00000
1547824902965666 0.99753 0.07031 -0.00000 -433.76716 -0.07031 0.99753 0.00000 -4.04963 0.00000 -0.00000 1.00000 0.00000
1547824903216021 0.99849 0.05497 -0.00000 -435.16120 -0.05497 0.99849 0.00000 -10.73682 0.00000 -0.00000 1.00000 0.00000
