1. 0. 0. 0. 0. -1. -0. 0. 0. 0. -1. 0.
1. 0.002 0. -0.080 0.002 -1. -0. -0.033 0. 0. -1. 0.
1. 0.001 0. 0.010 0.001 -1. -0. 0.009 0. 0. -1. 0.
1. 0.002 0. -0.029 0.002 -1. -0. 0.037 0. 0. -1. 0.
1. -0.001 -0. -0.062 -0.001 -1. -0. -0.010 0. 0. -1. 0.
1. 0.001 0. -0.070 0.001 -1. -0. 0.001 0. 0. -1. 0.
1. 0.005 0. -0.052 0.005 -1. -0. -0.001 0. 0. -1. 0.
1. -0.002 -0. 0.005 -0.002 -1. -0. 0.010 0. 0. -1. 0.
1. 0.001 0. -0.056 0.001 -1. -0. -0.034 0. 0. -1. 0.
1. 0.000 0. -0.057 0.000 -1. -0. -0.016 0. 0. -1. 0.
1. -0.001 -0. 0.003 -0.001 -1. -0. 0.017 0. 0. -1. 0.
1. -0.003 -0. -0.034 -0.003 -1. -0. 0.025 0. 0. -1. 0.
1. -0.002 -0. -0.059 -0.002 -1. -0. 0.028 0. 0. -1. 0.
1. 0.001 0. -0.008 0.001 -1. -0. 0.053 0. 0. -1. 0.
1. -0.000 -0. -0.026 -0.000 -1. -0. -0.008 0. 0. -1. 0.
1. 0.001 0. -0.014 0.001 -1. -0. -0.029 0. 0. -1. 0.
1. -0.004 -0. -0.011 -0.004 -1. -0. 0.049 0. 0. -1. 0.
1. -0.008 -0. 0.066 -0.008 -1. -0. 0.042 0. 0. -1. 0.
1. -0.013 -0. 0.193 -0.013 -1. -0. -0.001 0. 0. -1. 0.
1.000 -0.024 -0. 0.321 -0.024 -1.000 -0. -0.043 0. 0. -1. 0.
0.999 -0.044 -0. 0.487 -0.044 -0.999 -0. -0.038 0. 0. -1. 0.
0.998 -0.063 -0. 0.695 -0.063 -0.998 -0. -0.068 0. 0. -1. 0.
0.996 -0.084 -0. 1.027 -0.084 -0.996 -0. -0.090 0. 0. -1. 0.
0.993 -0.117 -0. 1.418 -0.117 -0.993 -0. -0.197 0. 0. -1. 0.
0.988 -0.156 -0. 1.902 -0.156 -0.988 -0. -0.209 0. 0. -1. 0.
0.984 -0.177 -0. 2.588 -0.177 -0.984 -0. -0.269 0. 0. -1. 0.
0.983 -0.183 -0. 3.214 -0.183 -0.983 -0. -0.520 0. 0. -1. 0.
0.982 -0.188 -0. 3.988 -0.188 -0.982 -0. -0.683 0. 0. -1. 0.
0.982 -0.191 -0. 4.771 -0.191 -0.982 -0. -0.875 0. 0. -1. 0.
0.982 -0.189 -0. 5.699 -0.189 -0.982 -0. -1.103 0. 0. -1. 0.
0.983 -0.183 -0. 6.720 -0.183 -0.983 -0. -1.309 0. 0. -1. 0.
0.985 -0.174 -0. 7.773 -0.174 -0.985 -0. -1.382 0. 0. -1. 0.
0.986 -0.165 -0. 8.890 -0.165 -0.986 -0. -1.548 0. 0. -1. 0.
0.987 -0.160 -0. 9.982 -0.160 -0.987 -0. -1.722 0. 0. -1. 0.
0.989 -0.148 -0. 11.188 -0.148 -0.989 -0. -1.984 0. 0. -1. 0.
0.991 -0.136 -0. 12.450 -0.136 -0.991 -0. -2.139 0. 0. -1. 0.
0.993 -0.116 -0. 13.869 -0.116 -0.993 -0. -2.356 0. 0. -1. 0.
0.994 -0.112 -0. 15.295 -0.112 -0.994 -0. -2.466 0. 0. -1. 0.
0.995 -0.103 -0. 16.706 -0.103 -0.995 -0. -2.756 0. 0. -1. 0.
0.996 -0.084 -0. 18.246 -0.084 -0.996 -0. -2.779 0. 0. -1. 0.
0.997 -0.073 -0. 19.836 -0.073 -0.997 -0. -3.021 0. 0. -1. 0.
0.998 -0.068 -0. 21.436 -0.068 -0.998 -0. -3.086 0. 0. -1. 0.
0.998 -0.058 -0. 23.049 -0.058 -0.998 -0. -3.276 0. 0. -1. 0.
0.999 -0.050 -0. 24.803 -0.050 -0.999 -0. -3.358 0. 0. -1. 0.
0.999 -0.047 -0. 26.547 -0.047 -0.999 -0. -3.343 0. 0. -1. 0.
0.999 -0.040 -0. 28.370 -0.040 -0.999 -0. -3.462 0. 0. -1. 0.
0.999 -0.043 -0. 30.209 -0.043 -0.999 -0. -3.717 0. 0. -1. 0.
0.999 -0.047 -0. 31.938 -0.047 -0.999 -0. -3.773 0. 0. -1. 0.
0.999 -0.043 -0. 33.711 -0.043 -0.999 -0. -3.848 0. 0. -1. 0.
1.000 -0.030 -0. 35.490 -0.030 -1.000 -0. -4.140 0. 0. -1. 0.
1. -0.007 -0. 37.323 -0.007 -1. -0. -4.054 0. 0. -1. 0.
1. 0.001 0. 39.194 0.001 -1. -0. -3.969 0. 0. -1. 0.
1.000 0.018 0. 41.017 0.018 -1.000 -0. -4.114 0. 0. -1. 0.
1.000 0.030 0. 42.863 0.030 -1.000 -0. -4.102 0. 0. -1. 0.
1.000 0.031 0. 44.859 0.031 -1.000 -0. -3.922 0. 0. -1. 0.
0.999 0.032 0. 46.785 0.032 -0.999 -0. -3.936 0. 0. -1. 0.
0.999 0.033 0. 48.790 0.033 -0.999 -0. -3.999 0. 0. -1. 0.
1.000 0.027 0. 50.796 0.027 -1.000 -0. -3.949 0. 0. -1. 0.
1.000 0.031 0. 52.871 0.031 -1.000 -0. -3.962 0. 0. -1. 0.
1.000 0.026 0. 55.031 0.026 -1.000 -0. -4.079 0. 0. -1. 0.
1.000 0.025 0. 57.157 0.025 -1.000 -0. -3.994 0. 0. -1. 0.
0.999 0.032 0. 59.258 0.032 -0.999 -0. -3.880 0. 0. -1. 0.
0.999 0.034 0. 61.506 0.034 -0.999 -0. -3.965 0. 0. -1. 0.
0.999 0.034 0. 63.707 0.034 -0.999 -0. -3.963 0. 0. -1. 0.
1.000 0.031 0. 65.913 0.031 -1.000 -0. -3.950 0. 0. -1. 0.
1.000 0.030 0. 68.139 0.030 -1.000 -0. -3.821 0. 0. -1. 0.
1.000 0.030 0. 70.265 0.030 -1.000 -0. -3.674 0. 0. -1. 0.
1.000 0.021 0. 72.445 0.021 -1.000 -0. -3.695 0. 0. -1. 0.
1.000 0.014 0. 74.617 0.014 -1.000 -0. -3.659 0. 0. -1. 0.
1. -0.005 -0. 76.793 -0.005 -1. -0. -3.688 0. 0. -1. 0.
1.000 -0.021 -0. 78.927 -0.021 -1.000 -0. -3.718 0. 0. -1. 0.
0.999 -0.039 -0. 81.141 -0.039 -0.999 -0. -3.827 0. 0. -1. 0.
0.998 -0.069 -0. 83.224 -0.069 -0.998 -0. -3.982 0. 0. -1. 0.
0.996 -0.087 -0. 85.353 -0.087 -0.996 -0. -4.170 0. 0. -1. 0.
0.993 -0.118 -0. 87.459 -0.118 -0.993 -0. -4.410 0. 0. -1. 0.
0.987 -0.162 -0. 89.489 -0.162 -0.987 -0. -4.729 0. 0. -1. 0.
0.978 -0.211 -0. 91.565 -0.211 -0.978 -0. -5.257 0. 0. -1. 0.
0.965 -0.262 -0. 93.576 -0.262 -0.965 -0. -5.817 0. 0. -1. 0.
0.948 -0.318 -0. 95.455 -0.318 -0.948 -0. -6.483 0. 0. -1. 0.
0.927 -0.376 -0. 97.297 -0.376 -0.927 -0. -7.275 0. 0. -1. 0.
0.905 -0.425 -0. 99.252 -0.425 -0.905 -0. -8.106 0. 0. -1. 0.
0.881 -0.472 -0. 101.055 -0.472 -0.881 -0. -8.950 0. 0. -1. 0.
0.845 -0.535 -0. 102.825 -0.535 -0.845 -0. -10.096 0. 0. -1. 0.
0.802 -0.597 -0. 104.458 -0.597 -0.802 -0. -11.285 0. 0. -1. 0.
0.755 -0.656 -0. 105.909 -0.656 -0.755 -0. -12.599 0. 0. -1. 0.
0.697 -0.717 -0. 107.251 -0.717 -0.697 -0. -14.046 0. 0. -1. 0.
0.639 -0.769 -0. 108.608 -0.769 -0.639 -0. -15.499 0. 0. -1. 0.
0.571 -0.821 -0. 109.761 -0.821 -0.571 -0. -17.033 0. 0. -1. 0.
0.509 -0.860 -0. 110.660 -0.860 -0.509 -0. -18.623 0. 0. -1. 0.
0.461 -0.887 -0. 111.673 -0.887 -0.461 -0. -20.396 0. 0. -1. 0.
0.429 -0.903 -0. 112.334 -0.903 -0.429 -0. -22.279 0. 0. -1. 0.
0.407 -0.913 -0. 113.021 -0.913 -0.407 -0. -24.123 0. 0. -1. 0.
0.392 -0.920 -0. 113.744 -0.920 -0.392 -0. -26.002 0. 0. -1. 0.
0.383 -0.924 -0. 114.676 -0.924 -0.383 -0. -27.816 0. 0. -1. 0.
0.373 -0.928 -0. 115.394 -0.928 -0.373 -0. -29.755 0. 0. -1. 0.
0.376 -0.927 -0. 116.237 -0.927 -0.376 -0. -31.581 0. 0. -1. 0.
0.386 -0.922 -0. 116.897 -0.922 -0.386 -0. -33.543 0. 0. -1. 0.
0.398 -0.917 -0. 117.811 -0.917 -0.398 -0. -35.459 0. 0. -1. 0.
0.417 -0.909 -0. 118.513 -0.909 -0.417 -0. -37.370 0. 0. -1. 0.
0.434 -0.901 -0. 119.341 -0.901 -0.434 -0. -39.291 0. 0. -1. 0.
0.450 -0.893 -0. 120.375 -0.893 -0.450 -0. -41.255 0. 0. -1. 0.
0.469 -0.883 -0. 121.206 -0.883 -0.469 -0. -43.167 0. 0. -1. 0.
0.484 -0.875 -0. 122.186 -0.875 -0.484 -0. -45.000 0. 0. -1. 0.
0.505 -0.863 -0. 123.251 -0.863 -0.505 -0. -46.835 0. 0. -1. 0.
0.528 -0.849 -0. 124.411 -0.849 -0.528 -0. -48.737 0. 0. -1. 0.
0.549 -0.836 -0. 125.506 -0.836 -0.549 -0. -50.580 0. 0. -1. 0.
0.570 -0.822 -0. 126.683 -0.822 -0.570 -0. -52.315 0. 0. -1. 0.
0.590 -0.807 -0. 127.866 -0.807 -0.590 -0. -54.056 0. 0. -1. 0.
0.605 -0.796 -0. 129.150 -0.796 -0.605 -0. -55.900 0. 0. -1. 0.
0.618 -0.786 -0. 130.432 -0.786 -0.618 -0. -57.426 0. 0. -1. 0.
0.625 -0.780 -0. 131.876 -0.780 -0.625 -0. -59.135 0. 0. -1. 0.
0.641 -0.767 -0. 133.011 -0.767 -0.641 -0. -60.857 0. 0. -1. 0.
0.653 -0.757 -0. 134.365 -0.757 -0.653 -0. -62.431 0. 0. -1. 0.
0.667 -0.745 -0. 135.661 -0.745 -0.667 -0. -64.038 0. 0. -1. 0.
0.673 -0.739 -0. 137.152 -0.739 -0.673 -0. -65.372 0. 0. -1. 0.
0.683 -0.730 -0. 138.498 -0.730 -0.683 -0. -66.904 0. 0. -1. 0.
0.696 -0.718 -0. 139.834 -0.718 -0.696 -0. -68.243 0. 0. -1. 0.
0.712 -0.702 -0. 141.146 -0.702 -0.712 -0. -69.469 0. 0. -1. 0.
0.747 -0.665 -0. 142.387 -0.665 -0.747 -0. -70.804 0. 0. -1. 0.
0.789 -0.615 -0. 143.616 -0.615 -0.789 -0. -71.919 0. 0. -1. 0.
0.838 -0.546 -0. 144.963 -0.546 -0.838 -0. -72.792 0. 0. -1. 0.
0.889 -0.457 -0. 146.255 -0.457 -0.889 -0. -73.426 0. 0. -1. 0.
0.938 -0.347 -0. 147.482 -0.347 -0.938 -0. -73.925 0. 0. -1. 0.
0.974 -0.225 -0. 148.686 -0.225 -0.974 -0. -74.354 0. 0. -1. 0.
0.997 -0.082 -0. 149.844 -0.082 -0.997 -0. -74.316 0. 0. -1. 0.
0.998 0.063 0. 150.938 0.063 -0.998 -0. -74.212 0. 0. -1. 0.
0.974 0.226 0. 151.984 0.226 -0.974 -0. -73.969 0. 0. -1. 0.
0.919 0.395 0. 153.048 0.395 -0.919 -0. -73.524 0. 0. -1. 0.
0.835 0.550 0. 153.827 0.550 -0.835 -0. -72.935 0. 0. -1. 0.
0.721 0.693 0. 154.511 0.693 -0.721 -0. -72.234 0. 0. -1. 0.
0.580 0.815 0. 155.008 0.815 -0.580 -0. -71.415 0. 0. -1. 0.
0.419 0.908 0. 155.554 0.908 -0.419 -0. -70.450 0. 0. -1. 0.
0.230 0.973 0. 155.677 0.973 -0.230 -0. -69.507 0. 0. -1. 0.
0.029 1.000 0. 155.698 1.000 -0.029 -0. -68.447 0. 0. -1. 0.
-0.178 0.984 0. 155.386 0.984 0.178 0. -67.447 0. 0. -1. 0.
-0.371 0.929 0. 155.057 0.929 0.371 0. -66.429 0. 0. -1. 0.
-0.543 0.840 0. 154.425 0.840 0.543 0. -65.520 0. 0. -1. 0.
-0.682 0.731 0. 153.600 0.731 0.682 0. -64.758 0. 0. -1. 0.
-0.791 0.612 0. 152.682 0.612 0.791 0. -64.101 0. 0. -1. 0.
-0.865 0.502 0. 151.653 0.502 0.865 0. -63.319 0. 0. -1. 0.
-0.915 0.404 0. 150.435 0.404 0.915 0. -62.792 0. 0. -1. 0.
-0.938 0.346 0. 149.116 0.346 0.938 0. -62.426 0. 0. -1. 0.
-0.953 0.304 0. 147.778 0.304 0.953 0. -61.856 0. 0. -1. 0.
-0.960 0.280 0. 146.198 0.280 0.960 0. -61.656 0. 0. -1. 0.
-0.961 0.278 0. 144.820 0.278 0.961 0. -61.126 0. 0. -1. 0.
-0.959 0.284 0. 143.367 0.284 0.959 0. -60.663 0. 0. -1. 0.
-0.955 0.297 0. 141.631 0.297 0.955 0. -60.274 0. 0. -1. 0.
-0.944 0.331 0. 140.066 0.331 0.944 0. -59.523 0. 0. -1. 0.
-0.926 0.377 0. 138.454 0.377 0.926 0. -58.970 0. 0. -1. 0.
-0.905 0.426 0. 136.819 0.426 0.905 0. -58.124 0. 0. -1. 0.
-0.877 0.481 0. 135.329 0.481 0.877 0. -57.291 0. 0. -1. 0.
-0.846 0.533 0. 133.897 0.533 0.846 0. -56.324 0. 0. -1. 0.
-0.806 0.592 0. 132.276 0.592 0.806 0. -55.162 0. 0. -1. 0.
-0.772 0.635 0. 130.856 0.635 0.772 0. -53.902 0. 0. -1. 0.
-0.737 0.676 0. 129.414 0.676 0.737 0. -52.591 0. 0. -1. 0.
-0.696 0.718 0. 127.997 0.718 0.696 0. -51.239 0. 0. -1. 0.
-0.653 0.758 0. 126.678 0.758 0.653 0. -49.606 0. 0. -1. 0.
-0.615 0.789 0. 125.384 0.789 0.615 0. -47.948 0. 0. -1. 0.
-0.569 0.822 0. 124.049 0.822 0.569 0. -46.316 0. 0. -1. 0.
-0.529 0.848 0. 123.093 0.848 0.529 0. -44.546 0. 0. -1. 0.
-0.492 0.871 0. 122.030 0.871 0.492 0. -42.689 0. 0. -1. 0.
-0.456 0.890 0. 121.212 0.890 0.456 0. -40.813 0. 0. -1. 0.
-0.422 0.906 0. 120.285 0.906 0.422 0. -38.918 0. 0. -1. 0.
-0.404 0.915 0. 119.399 0.915 0.404 0. -37.026 0. 0. -1. 0.
-0.384 0.923 0. 118.732 0.923 0.384 0. -35.023 0. 0. -1. 0.
-0.371 0.929 0. 117.937 0.929 0.371 0. -33.080 0. 0. -1. 0.
-0.355 0.935 0. 117.356 0.935 0.355 0. -31.130 0. 0. -1. 0.
-0.356 0.935 0. 116.470 0.935 0.356 0. -29.208 0. 0. -1. 0.
-0.358 0.934 0. 115.706 0.934 0.358 0. -27.271 0. 0. -1. 0.
-0.375 0.927 0. 115.019 0.927 0.375 0. -25.300 0. 0. -1. 0.
-0.399 0.917 0. 114.112 0.917 0.399 0. -23.396 0. 0. -1. 0.
-0.433 0.901 0. 113.377 0.901 0.433 0. -21.461 0. 0. -1. 0.
-0.474 0.881 0. 112.595 0.881 0.474 0. -19.574 0. 0. -1. 0.
-0.523 0.853 0. 111.399 0.853 0.523 0. -17.796 0. 0. -1. 0.
-0.568 0.823 0. 110.334 0.823 0.568 0. -16.108 0. 0. -1. 0.
-0.620 0.784 0. 109.031 0.784 0.620 0. -14.640 0. 0. -1. 0.
-0.676 0.736 0. 107.828 0.736 0.676 0. -12.886 0. 0. -1. 0.
-0.730 0.684 0. 106.199 0.684 0.730 0. -11.596 0. 0. -1. 0.
-0.778 0.628 0. 104.671 0.628 0.778 0. -10.208 0. 0. -1. 0.
-0.823 0.568 0. 103.034 0.568 0.823 0. -8.968 0. 0. -1. 0.
-0.861 0.508 0. 101.304 0.508 0.861 0. -7.859 0. 0. -1. 0.
-0.897 0.442 0. 99.459 0.442 0.897 0. -6.892 0. 0. -1. 0.
-0.930 0.368 0. 97.450 0.368 0.930 0. -6.072 0. 0. -1. 0.
-0.953 0.302 0. 95.465 0.302 0.953 0. -5.451 0. 0. -1. 0.
-0.971 0.238 0. 93.467 0.238 0.971 0. -4.887 0. 0. -1. 0.
-0.983 0.183 0. 91.318 0.183 0.983 0. -4.424 0. 0. -1. 0.
-0.991 0.135 0. 89.279 0.135 0.991 0. -4.092 0. 0. -1. 0.
-0.995 0.101 0. 87.046 0.101 0.995 0. -3.842 0. 0. -1. 0.
-0.998 0.063 0. 84.896 0.063 0.998 0. -3.687 0. 0. -1. 0.
-0.999 0.046 0. 82.682 0.046 0.999 0. -3.497 0. 0. -1. 0.
-1.000 0.031 0. 80.450 0.031 1.000 0. -3.527 0. 0. -1. 0.
-1.000 0.023 0. 78.227 0.023 1.000 0. -3.459 0. 0. -1. 0.
-1.000 0.019 0. 75.971 0.019 1.000 0. -3.345 0. 0. -1. 0.
-1. 0.013 0. 73.695 0.013 1. 0. -3.237 0. 0. -1. 0.
-1. 0.001 0. 71.469 0.001 1. 0. -3.162 0. 0. -1. 0.
-1.000 -0.020 -0. 69.189 -0.020 1.000 0. -3.180 0. 0. -1. 0.
-1.000 -0.026 -0. 66.979 -0.026 1.000 0. -3.197 0. 0. -1. 0.
-0.999 -0.034 -0. 64.850 -0.034 0.999 0. -3.249 0. 0. -1. 0.
-0.999 -0.046 -0. 62.630 -0.046 0.999 0. -3.339 0. 0. -1. 0.
-0.999 -0.046 -0. 60.412 -0.046 0.999 0. -3.422 0. 0. -1. 0.
-0.999 -0.041 -0. 58.150 -0.041 0.999 0. -3.414 0. 0. -1. 0.
-0.999 -0.041 -0. 55.998 -0.041 0.999 0. -3.443 0. 0. -1. 0.
-0.999 -0.044 -0. 53.769 -0.044 0.999 0. -3.687 0. 0. -1. 0.
-0.999 -0.038 -0. 51.592 -0.038 0.999 0. -3.761 0. 0. -1. 0.
-1.000 -0.029 -0. 49.395 -0.029 1.000 0. -3.669 0. 0. -1. 0.
-1.000 -0.016 -0. 47.231 -0.016 1.000 0. -3.746 0. 0. -1. 0.
-1. -0.004 -0. 45.067 -0.004 1. 0. -3.639 0. 0. -1. 0.
-1. 0.003 0. 42.963 0.003 1. 0. -3.620 0. 0. -1. 0.
-1.000 0.020 0. 40.831 0.020 1.000 0. -3.578 0. 0. -1. 0.
-0.999 0.041 0. 38.825 0.041 0.999 0. -3.506 0. 0. -1. 0.
-0.999 0.050 0. 36.667 0.050 0.999 0. -3.325 0. 0. -1. 0.
-0.998 0.057 0. 34.527 0.057 0.998 0. -3.180 0. 0. -1. 0.
-0.998 0.068 0. 32.468 0.068 0.998 0. -2.965 0. 0. -1. 0.
-0.997 0.082 0. 30.255 0.082 0.997 0. -2.741 0. 0. -1. 0.
-0.996 0.086 0. 28.295 0.086 0.996 0. -2.489 0. 0. -1. 0.
-0.996 0.085 0. 26.223 0.085 0.996 0. -2.388 0. 0. -1. 0.
-0.996 0.089 0. 24.142 0.089 0.996 0. -2.158 0. 0. -1. 0.
-0.995 0.097 0. 22.071 0.097 0.995 0. -1.888 0. 0. -1. 0.
-0.995 0.097 0. 20.037 0.097 0.995 0. -1.596 0. 0. -1. 0.
-0.995 0.096 0. 17.991 0.096 0.995 0. -1.338 0. 0. -1. 0.
-0.996 0.091 0. 15.950 0.091 0.996 0. -1.209 0. 0. -1. 0.
-0.996 0.095 0. 13.920 0.095 0.996 0. -0.932 0. 0. -1. 0.
-0.996 0.085 0. 11.931 0.085 0.996 0. -0.803 0. 0. -1. 0.
-0.996 0.089 0. 9.790 0.089 0.996 0. -0.640 0. 0. -1. 0.
-0.996 0.087 0. 7.747 0.087 0.996 0. -0.521 0. 0. -1. 0.
-0.997 0.079 0. 5.667 0.079 0.997 0. -0.191 0. 0. -1. 0.
-0.997 0.075 0. 3.570 0.075 0.997 0. 0.014 0. 0. -1. 0.
-0.997 0.072 0. 1.535 0.072 0.997 0. 0.086 0. 0. -1. 0.
-0.998 0.068 0. -0.574 0.068 0.998 0. 0.245 0. 0. -1. 0.
-0.998 0.062 0. -2.634 0.062 0.998 0. 0.410 0. 0. -1. 0.
-0.998 0.056 0. -4.751 0.056 0.998 0. 0.549 0. 0. -1. 0.
-0.998 0.055 0. -6.827 0.055 0.998 0. 0.770 0. 0. -1. 0.
-0.999 0.045 0. -9.049 0.045 0.999 0. 0.888 0. 0. -1. 0.
-0.999 0.033 0. -11.080 0.033 0.999 0. 0.984 0. 0. -1. 0.
-0.999 0.034 0. -13.258 0.034 0.999 0. 1.078 0. 0. -1. 0.
-0.999 0.039 0. -15.406 0.039 0.999 0. 1.118 0. 0. -1. 0.
-0.999 0.035 0. -17.602 0.035 0.999 0. 1.243 0. 0. -1. 0.
-0.999 0.040 0. -19.783 0.040 0.999 0. 1.286 0. 0. -1. 0.
-0.999 0.042 0. -22.020 0.042 0.999 0. 1.598 0. 0. -1. 0.
-0.999 0.039 0. -24.271 0.039 0.999 0. 1.773 0. 0. -1. 0.
-0.999 0.037 0. -26.437 0.037 0.999 0. 1.716 0. 0. -1. 0.
-0.999 0.034 0. -28.775 0.034 0.999 0. 1.866 0. 0. -1. 0.
-0.999 0.032 0. -31.082 0.032 0.999 0. 1.918 0. 0. -1. 0.
-1.000 0.029 0. -33.297 0.029 1.000 0. 1.888 0. 0. -1. 0.
-1.000 0.027 0. -35.503 0.027 1.000 0. 1.886 0. 0. -1. 0.
-1. 0.013 0. -37.730 0.013 1. 0. 2.082 0. 0. -1. 0.
-1. 0.012 0. -39.906 0.012 1. 0. 2.181 0. 0. -1. 0.
-1. 0.008 0. -42.039 0.008 1. 0. 2.053 0. 0. -1. 0.
-1. -0.004 -0. -44.193 -0.004 1. 0. 2.194 0. 0. -1. 0.
-1. -0.009 -0. -46.342 -0.009 1. 0. 2.191 0. 0. -1. 0.
-1.000 -0.016 -0. -48.301 -0.016 1.000 0. 2.288 0. 0. -1. 0.
-1.000 -0.016 -0. -50.308 -0.016 1.000 0. 2.302 0. 0. -1. 0.
-1.000 -0.015 -0. -52.350 -0.015 1.000 0. 2.327 0. 0. -1. 0.
-1. -0.002 -0. -54.224 -0.002 1. 0. 2.248 0. 0. -1. 0.
-1. -0.003 -0. -55.960 -0.003 1. 0. 2.256 0. 0. -1. 0.
-1.000 0.022 0. -57.721 0.022 1.000 0. 2.304 0. 0. -1. 0.
-0.999 0.048 0. -59.335 0.048 0.999 0. 2.472 0. 0. -1. 0.
-0.996 0.089 0. -60.838 0.089 0.996 0. 2.678 0. 0. -1. 0.
-0.991 0.133 0. -62.259 0.133 0.991 0. 2.825 0. 0. -1. 0.
-0.981 0.192 0. -63.598 0.192 0.981 0. 3.050 0. 0. -1. 0.
-0.964 0.266 0. -64.708 0.266 0.964 0. 3.373 0. 0. -1. 0.
-0.939 0.344 0. -65.860 0.344 0.939 0. 3.875 0. 0. -1. 0.
-0.903 0.429 0. -66.795 0.429 0.903 0. 4.534 0. 0. -1. 0.
-0.850 0.527 0. -67.737 0.527 0.850 0. 5.161 0. 0. -1. 0.
-0.778 0.628 0. -68.621 0.628 0.778 0. 5.790 0. 0. -1. 0.
-0.696 0.718 0. -69.357 0.718 0.696 0. 6.732 0. 0. -1. 0.
-0.595 0.804 0. -69.973 0.804 0.595 0. 7.605 0. 0. -1. 0.
-0.500 0.866 0. -70.384 0.866 0.500 0. 8.536 0. 0. -1. 0.
-0.399 0.917 0. -70.807 0.917 0.399 0. 9.504 0. 0. -1. 0.
-0.309 0.951 0. -71.110 0.951 0.309 0. 10.561 0. 0. -1. 0.
-0.230 0.973 0. -71.378 0.973 0.230 0. 11.797 0. 0. -1. 0.
-0.156 0.988 0. -71.656 0.988 0.156 0. 12.963 0. 0. -1. 0.
-0.113 0.994 0. -71.640 0.994 0.113 0. 14.258 0. 0. -1. 0.
-0.083 0.997 0. -71.772 0.997 0.083 0. 15.738 0. 0. -1. 0.
-0.060 0.998 0. -71.849 0.998 0.060 0. 17.123 0. 0. -1. 0.
-0.050 0.999 0. -71.883 0.999 0.050 0. 18.562 0. 0. -1. 0.
-0.042 0.999 0. -71.821 0.999 0.042 0. 20.115 0. 0. -1. 0.
-0.028 1.000 0. -71.874 1.000 0.028 0. 21.717 0. 0. -1. 0.
-0.011 1. 0. -71.829 1. 0.011 0. 23.356 0. 0. -1. 0.
-0.002 1. 0. -71.951 1. 0.002 0. 25.092 0. 0. -1. 0.
0.011 1. 0. -71.783 1. -0.011 -0. 26.812 0. 0. -1. 0.
0.019 1.000 0. -71.836 1.000 -0.019 -0. 28.620 0. 0. -1. 0.
0.028 1.000 0. -71.839 1.000 -0.028 -0. 30.491 0. 0. -1. 0.
0.037 0.999 0. -71.621 0.999 -0.037 -0. 32.317 0. 0. -1. 0.
0.052 0.999 0. -71.523 0.999 -0.052 -0. 34.198 0. 0. -1. 0.
0.079 0.997 0. -71.345 0.997 -0.079 -0. 36.174 0. 0. -1. 0.
0.104 0.995 0. -71.133 0.995 -0.104 -0. 38.024 0. 0. -1. 0.
0.136 0.991 0. -70.790 0.991 -0.136 -0. 39.887 0. 0. -1. 0.
0.145 0.989 0. -70.357 0.989 -0.145 -0. 41.710 0. 0. -1. 0.
0.157 0.988 0. -70.081 0.988 -0.157 -0. 43.583 0. 0. -1. 0.
0.145 0.989 0. -69.721 0.989 -0.145 -0. 45.468 0. 0. -1. 0.
0.134 0.991 0. -69.452 0.991 -0.134 -0. 47.490 0. 0. -1. 0.
0.118 0.993 0. -69.196 0.993 -0.118 -0. 49.369 0. 0. -1. 0.
0.100 0.995 0. -68.901 0.995 -0.100 -0. 51.211 0. 0. -1. 0.
0.082 0.997 0. -68.698 0.997 -0.082 -0. 53.216 0. 0. -1. 0.
0.060 0.998 0. -68.503 0.998 -0.060 -0. 55.282 0. 0. -1. 0.
0.045 0.999 0. -68.490 0.999 -0.045 -0. 57.337 0. 0. -1. 0.
0.030 1.000 0. -68.328 1.000 -0.030 -0. 59.375 0. 0. -1. 0.
0.014 1.000 0. -68.200 1.000 -0.014 -0. 61.409 0. 0. -1. 0.
0.009 1. 0. -68.223 1. -0.009 -0. 63.554 0. 0. -1. 0.
0.011 1. 0. -68.156 1. -0.011 -0. 65.671 0. 0. -1. 0.
0.022 1.000 0. -67.972 1.000 -0.022 -0. 67.651 0. 0. -1. 0.
0.025 1.000 0. -67.964 1.000 -0.025 -0. 69.614 0. 0. -1. 0.
0.025 1.000 0. -67.872 1.000 -0.025 -0. 71.729 0. 0. -1. 0.
0.033 0.999 0. -67.806 0.999 -0.033 -0. 73.783 0. 0. -1. 0.
0.027 1.000 0. -67.711 1.000 -0.027 -0. 75.728 0. 0. -1. 0.
0.005 1. 0. -67.734 1. -0.005 -0. 77.584 0. 0. -1. 0.
-0.028 1.000 0. -67.785 1.000 0.028 0. 79.539 0. 0. -1. 0.
-0.086 0.996 0. -67.841 0.996 0.086 0. 81.252 0. 0. -1. 0.
-0.139 0.990 0. -68.141 0.990 0.139 0. 83.008 0. 0. -1. 0.
-0.204 0.979 0. -68.248 0.979 0.204 0. 84.690 0. 0. -1. 0.
-0.279 0.960 0. -68.770 0.960 0.279 0. 86.339 0. 0. -1. 0.
-0.344 0.939 0. -69.254 0.939 0.344 0. 87.814 0. 0. -1. 0.
-0.427 0.904 0. -69.815 0.904 0.427 0. 89.180 0. 0. -1. 0.
-0.499 0.867 0. -70.576 0.867 0.499 0. 90.565 0. 0. -1. 0.
-0.581 0.814 0. -71.448 0.814 0.581 0. 91.805 0. 0. -1. 0.
-0.654 0.757 0. -72.445 0.757 0.654 0. 93.038 0. 0. -1. 0.
-0.730 0.684 0. -73.533 0.684 0.730 0. 93.999 0. 0. -1. 0.
-0.789 0.615 0. -74.682 0.615 0.789 0. 95.041 0. 0. -1. 0.
-0.845 0.535 0. -75.926 0.535 0.845 0. 95.882 0. 0. -1. 0.
-0.891 0.454 0. -77.223 0.454 0.891 0. 96.605 0. 0. -1. 0.
-0.927 0.376 0. -78.551 0.376 0.927 0. 97.171 0. 0. -1. 0.
-0.949 0.315 0. -79.999 0.315 0.949 0. 97.661 0. 0. -1. 0.
-0.964 0.267 0. -81.518 0.267 0.964 0. 98.068 0. 0. -1. 0.
-0.972 0.234 0. -83.060 0.234 0.972 0. 98.340 0. 0. -1. 0.
-0.976 0.217 0. -84.573 0.217 0.976 0. 98.849 0. 0. -1. 0.
-0.974 0.226 0. -86.164 0.226 0.974 0. 99.096 0. 0. -1. 0.
-0.970 0.242 0. -87.755 0.242 0.970 0. 99.558 0. 0. -1. 0.
-0.960 0.279 0. -89.423 0.279 0.960 0. 99.939 0. 0. -1. 0.
-0.947 0.322 0. -91.009 0.322 0.947 0. 100.523 0. 0. -1. 0.
-0.929 0.370 0. -92.558 0.370 0.929 0. 101.218 0. 0. -1. 0.
-0.907 0.422 0. -94.168 0.422 0.907 0. 102.022 0. 0. -1. 0.
-0.881 0.473 0. -95.783 0.473 0.881 0. 102.875 0. 0. -1. 0.
-0.852 0.524 0. -97.337 0.524 0.852 0. 103.891 0. 0. -1. 0.
-0.824 0.567 0. -98.874 0.567 0.824 0. 105.056 0. 0. -1. 0.
-0.795 0.607 0. -100.472 0.607 0.795 0. 106.267 0. 0. -1. 0.
-0.769 0.639 0. -102.044 0.639 0.769 0. 107.462 0. 0. -1. 0.
-0.749 0.662 0. -103.517 0.662 0.749 0. 108.941 0. 0. -1. 0.
-0.738 0.675 0. -105.055 0.675 0.738 0. 110.287 0. 0. -1. 0.
-0.732 0.681 0. -106.603 0.681 0.732 0. 111.787 0. 0. -1. 0.
-0.721 0.693 0. -108.153 0.693 0.721 0. 113.365 0. 0. -1. 0.
-0.719 0.695 0. -109.825 0.695 0.719 0. 114.920 0. 0. -1. 0.
-0.724 0.689 0. -111.360 0.689 0.724 0. 116.673 0. 0. -1. 0.
-0.722 0.692 0. -113.132 0.692 0.722 0. 118.112 0. 0. -1. 0.
-0.725 0.689 0. -114.727 0.689 0.725 0. 119.744 0. 0. -1. 0.
-0.722 0.692 0. -116.536 0.692 0.722 0. 121.451 0. 0. -1. 0.
-0.722 0.692 0. -118.154 0.692 0.722 0. 123.068 0. 0. -1. 0.
-0.722 0.692 0. -119.862 0.692 0.722 0. 124.921 0. 0. -1. 0.
-0.722 0.692 0. -121.686 0.692 0.722 0. 126.395 0. 0. -1. 0.
-0.720 0.694 0. -123.276 0.694 0.720 0. 128.259 0. 0. -1. 0.
-0.719 0.695 0. -125.235 0.695 0.719 0. 129.879 0. 0. -1. 0.
-0.720 0.694 0. -126.773 0.694 0.720 0. 131.735 0. 0. -1. 0.
-0.719 0.695 0. -128.653 0.695 0.719 0. 133.495 0. 0. -1. 0.
-0.717 0.697 0. -130.321 0.697 0.717 0. 135.299 0. 0. -1. 0.
-0.713 0.701 0. -132.165 0.701 0.713 0. 136.899 0. 0. -1. 0.
-0.712 0.702 0. -133.813 0.702 0.712 0. 138.791 0. 0. -1. 0.
-0.708 0.706 0. -135.430 0.706 0.708 0. 140.684 0. 0. -1. 0.
-0.706 0.708 0. -137.258 0.708 0.706 0. 142.315 0. 0. -1. 0.
-0.703 0.711 0. -138.832 0.711 0.703 0. 144.237 0. 0. -1. 0.
-0.699 0.715 0. -140.663 0.715 0.699 0. 145.931 0. 0. -1. 0.
-0.694 0.720 0. -142.255 0.720 0.694 0. 147.730 0. 0. -1. 0.
-0.690 0.724 0. -144.113 0.724 0.690 0. 149.544 0. 0. -1. 0.
-0.672 0.740 0. -145.690 0.740 0.672 0. 151.360 0. 0. -1. 0.
-0.658 0.753 0. -147.233 0.753 0.658 0. 153.156 0. 0. -1. 0.
-0.638 0.770 0. -148.675 0.770 0.638 0. 155.139 0. 0. -1. 0.
-0.614 0.790 0. -150.182 0.790 0.614 0. 156.997 0. 0. -1. 0.
-0.588 0.809 0. -151.601 0.809 0.588 0. 159.004 0. 0. -1. 0.
-0.563 0.826 0. -152.841 0.826 0.563 0. 160.959 0. 0. -1. 0.
-0.539 0.842 0. -154.043 0.842 0.539 0. 162.942 0. 0. -1. 0.
-0.509 0.861 0. -155.319 0.861 0.509 0. 165.016 0. 0. -1. 0.
-0.477 0.879 0. -156.527 0.879 0.477 0. 167.130 0. 0. -1. 0.
-0.441 0.897 0. -157.460 0.897 0.441 0. 169.151 0. 0. -1. 0.
-0.410 0.912 0. -158.521 0.912 0.410 0. 171.252 0. 0. -1. 0.
-0.385 0.923 0. -159.356 0.923 0.385 0. 173.428 0. 0. -1. 0.
-0.355 0.935 0. -160.234 0.935 0.355 0. 175.473 0. 0. -1. 0.
-0.323 0.946 0. -160.900 0.946 0.323 0. 177.588 0. 0. -1. 0.
-0.293 0.956 0. -161.574 0.956 0.293 0. 179.746 0. 0. -1. 0.
-0.259 0.966 0. -162.013 0.966 0.259 0. 181.962 0. 0. -1. 0.
-0.226 0.974 0. -162.377 0.974 0.226 0. 184.100 0. 0. -1. 0.
-0.195 0.981 0. -162.799 0.981 0.195 0. 186.136 0. 0. -1. 0.
-0.165 0.986 0. -163.419 0.986 0.165 0. 188.176 0. 0. -1. 0.
-0.149 0.989 0. -163.620 0.989 0.149 0. 190.465 0. 0. -1. 0.
-0.134 0.991 0. -163.870 0.991 0.134 0. 192.658 0. 0. -1. 0.
-0.131 0.991 0. -164.245 0.991 0.131 0. 194.881 0. 0. -1. 0.
-0.116 0.993 0. -164.548 0.993 0.116 0. 197.127 0. 0. -1. 0.
-0.106 0.994 0. -164.731 0.994 0.106 0. 199.468 0. 0. -1. 0.
-0.104 0.995 0. -164.614 0.995 0.104 0. 201.829 0. 0. -1. 0.
-0.101 0.995 0. -164.999 0.995 0.101 0. 204.092 0. 0. -1. 0.
-0.108 0.994 0. -165.129 0.994 0.108 0. 206.281 0. 0. -1. 0.
-0.121 0.993 0. -165.258 0.993 0.121 0. 208.536 0. 0. -1. 0.
-0.138 0.990 0. -165.738 0.990 0.138 0. 210.722 0. 0. -1. 0.
-0.167 0.986 0. -166.148 0.986 0.167 0. 212.833 0. 0. -1. 0.
-0.198 0.980 0. -166.449 0.980 0.198 0. 214.991 0. 0. -1. 0.
-0.240 0.971 0. -166.889 0.971 0.240 0. 217.017 0. 0. -1. 0.
-0.283 0.959 0. -167.553 0.959 0.283 0. 219.076 0. 0. -1. 0.
-0.331 0.944 0. -168.176 0.944 0.331 0. 221.071 0. 0. -1. 0.
-0.386 0.922 0. -168.880 0.922 0.386 0. 222.981 0. 0. -1. 0.
-0.446 0.895 0. -169.776 0.895 0.446 0. 224.901 0. 0. -1. 0.
-0.503 0.864 0. -170.738 0.864 0.503 0. 226.574 0. 0. -1. 0.
-0.558 0.830 0. -171.940 0.830 0.558 0. 228.287 0. 0. -1. 0.
-0.616 0.788 0. -173.003 0.788 0.616 0. 229.937 0. 0. -1. 0.
-0.675 0.738 0. -174.454 0.738 0.675 0. 231.436 0. 0. -1. 0.
-0.734 0.679 0. -175.844 0.679 0.734 0. 232.966 0. 0. -1. 0.
-0.785 0.620 0. -177.479 0.620 0.785 0. 234.110 0. 0. -1. 0.
-0.832 0.555 0. -179.134 0.555 0.832 0. 235.306 0. 0. -1. 0.
-0.873 0.488 0. -180.870 0.488 0.873 0. 236.387 0. 0. -1. 0.
-0.908 0.419 0. -182.729 0.419 0.908 0. 237.444 0. 0. -1. 0.
-0.935 0.354 0. -184.794 0.354 0.935 0. 238.233 0. 0. -1. 0.
-0.951 0.309 0. -186.807 0.309 0.951 0. 238.893 0. 0. -1. 0.
-0.961 0.277 0. -188.952 0.277 0.961 0. 239.529 0. 0. -1. 0.
-0.966 0.259 0. -191.113 0.259 0.966 0. 240.130 0. 0. -1. 0.
-0.968 0.252 0. -193.177 0.252 0.968 0. 240.799 0. 0. -1. 0.
-0.967 0.254 0. -195.509 0.254 0.967 0. 241.363 0. 0. -1. 0.
-0.966 0.257 0. -197.740 0.257 0.966 0. 242.041 0. 0. -1. 0.
-0.966 0.257 0. -199.996 0.257 0.966 0. 242.698 0. 0. -1. 0.
-0.967 0.256 0. -202.309 0.256 0.967 0. 243.360 0. 0. -1. 0.
-0.966 0.257 0. -204.625 0.257 0.966 0. 243.960 0. 0. -1. 0.
-0.964 0.267 0. -206.937 0.267 0.964 0. 244.675 0. 0. -1. 0.
-0.961 0.276 0. -209.185 0.276 0.961 0. 245.355 0. 0. -1. 0.
-0.962 0.275 0. -211.417 0.275 0.962 0. 246.047 0. 0. -1. 0.
-0.962 0.274 0. -213.671 0.274 0.962 0. 246.766 0. 0. -1. 0.
-0.962 0.273 0. -215.944 0.273 0.962 0. 247.403 0. 0. -1. 0.
-0.962 0.275 0. -218.094 0.275 0.962 0. 248.164 0. 0. -1. 0.
-0.961 0.278 0. -220.343 0.278 0.961 0. 248.699 0. 0. -1. 0.
-0.962 0.273 0. -222.451 0.273 0.962 0. 249.301 0. 0. -1. 0.
-0.964 0.266 0. -224.703 0.266 0.964 0. 250.081 0. 0. -1. 0.
-0.964 0.267 0. -226.945 0.267 0.964 0. 250.751 0. 0. -1. 0.
-0.963 0.271 0. -229.136 0.271 0.963 0. 251.440 0. 0. -1. 0.
-0.961 0.276 0. -231.408 0.276 0.961 0. 252.027 0. 0. -1. 0.
-0.960 0.281 0. -233.669 0.281 0.960 0. 252.705 0. 0. -1. 0.
-0.953 0.305 0. -235.955 0.305 0.953 0. 253.425 0. 0. -1. 0.
-0.940 0.340 0. -237.976 0.340 0.940 0. 254.294 0. 0. -1. 0.
-0.928 0.374 0. -239.932 0.374 0.928 0. 255.121 0. 0. -1. 0.
-0.920 0.393 0. -241.886 0.393 0.920 0. 255.957 0. 0. -1. 0.
-0.913 0.408 0. -243.738 0.408 0.913 0. 256.780 0. 0. -1. 0.
-0.909 0.417 0. -245.595 0.417 0.909 0. 257.547 0. 0. -1. 0.
-0.904 0.426 0. -247.189 0.426 0.904 0. 258.327 0. 0. -1. 0.
-0.903 0.430 0. -248.746 0.430 0.903 0. 259.167 0. 0. -1. 0.
-0.895 0.445 0. -250.215 0.445 0.895 0. 260.123 0. 0. -1. 0.
-0.885 0.466 0. -251.456 0.466 0.885 0. 260.663 0. 0. -1. 0.
-0.876 0.482 0. -252.539 0.482 0.876 0. 261.386 0. 0. -1. 0.
-0.862 0.507 0. -253.792 0.507 0.862 0. 262.086 0. 0. -1. 0.
-0.846 0.534 0. -254.843 0.534 0.846 0. 262.651 0. 0. -1. 0.
-0.823 0.568 0. -255.727 0.568 0.823 0. 263.347 0. 0. -1. 0.
-0.782 0.623 0. -256.583 0.623 0.782 0. 264.202 0. 0. -1. 0.
-0.734 0.680 0. -257.359 0.680 0.734 0. 264.692 0. 0. -1. 0.
-0.677 0.736 0. -258.081 0.736 0.677 0. 265.570 0. 0. -1. 0.
-0.612 0.791 0. -258.741 0.791 0.612 0. 266.481 0. 0. -1. 0.
-0.541 0.841 0. -259.077 0.841 0.541 0. 267.384 0. 0. -1. 0.
-0.461 0.887 0. -259.600 0.887 0.461 0. 268.245 0. 0. -1. 0.
-0.392 0.920 0. -259.825 0.920 0.392 0. 269.288 0. 0. -1. 0.
-0.314 0.949 0. -260.118 0.949 0.314 0. 270.400 0. 0. -1. 0.
-0.235 0.972 0. -260.377 0.972 0.235 0. 271.450 0. 0. -1. 0.
-0.154 0.988 0. -260.561 0.988 0.154 0. 272.782 0. 0. -1. 0.
-0.080 0.997 0. -260.660 0.997 0.080 0. 274.096 0. 0. -1. 0.
-0.017 1.000 0. -260.766 1.000 0.017 0. 275.600 0. 0. -1. 0.
0.040 0.999 0. -260.667 0.999 -0.040 -0. 277.158 0. 0. -1. 0.
0.092 0.996 0. -260.455 0.996 -0.092 -0. 278.857 0. 0. -1. 0.
0.125 0.992 0. -260.100 0.992 -0.125 -0. 280.697 0. 0. -1. 0.
0.158 0.987 0. -259.752 0.987 -0.158 -0. 282.715 0. 0. -1. 0.
0.188 0.982 0. -259.339 0.982 -0.188 -0. 284.760 0. 0. -1. 0.
0.205 0.979 0. -258.960 0.979 -0.205 -0. 286.920 0. 0. -1. 0.
0.217 0.976 0. -258.288 0.976 -0.217 -0. 289.192 0. 0. -1. 0.
0.226 0.974 0. -257.693 0.974 -0.226 -0. 291.620 0. 0. -1. 0.
0.233 0.973 0. -257.017 0.973 -0.233 -0. 294.173 0. 0. -1. 0.
0.243 0.970 0. -256.222 0.970 -0.243 -0. 296.771 0. 0. -1. 0.
0.252 0.968 0. -255.605 0.968 -0.252 -0. 299.405 0. 0. -1. 0.
0.251 0.968 0. -254.789 0.968 -0.251 -0. 302.045 0. 0. -1. 0.
0.252 0.968 0. -254.036 0.968 -0.252 -0. 304.842 0. 0. -1. 0.
0.256 0.967 0. -253.177 0.967 -0.256 -0. 307.623 0. 0. -1. 0.
0.257 0.966 0. -252.497 0.966 -0.257 -0. 310.612 0. 0. -1. 0.
0.257 0.966 0. -251.619 0.966 -0.257 -0. 313.583 0. 0. -1. 0.
0.259 0.966 0. -250.787 0.966 -0.259 -0. 316.703 0. 0. -1. 0.
0.258 0.966 0. -249.722 0.966 -0.258 -0. 319.811 0. 0. -1. 0.
0.260 0.966 0. -248.796 0.966 -0.260 -0. 323.052 0. 0. -1. 0.
0.262 0.965 0. -248.001 0.965 -0.262 -0. 326.362 0. 0. -1. 0.
0.257 0.966 0. -246.894 0.966 -0.257 -0. 329.674 0. 0. -1. 0.
0.268 0.963 0. -245.966 0.963 -0.268 -0. 333.187 0. 0. -1. 0.
0.264 0.964 0. -244.985 0.964 -0.264 -0. 336.753 0. 0. -1. 0.
0.263 0.965 0. -244.060 0.965 -0.263 -0. 340.383 0. 0. -1. 0.
0.260 0.966 0. -243.058 0.966 -0.260 -0. 343.990 0. 0. -1. 0.
0.259 0.966 0. -241.964 0.966 -0.259 -0. 347.733 0. 0. -1. 0.
0.264 0.965 0. -240.860 0.965 -0.264 -0. 351.662 0. 0. -1. 0.
0.263 0.965 0. -239.819 0.965 -0.263 -0. 355.386 0. 0. -1. 0.
0.263 0.965 0. -238.734 0.965 -0.263 -0. 359.380 0. 0. -1. 0.
0.262 0.965 0. -237.530 0.965 -0.262 -0. 363.349 0. 0. -1. 0.
0.260 0.966 0. -236.200 0.966 -0.260 -0. 367.367 0. 0. -1. 0.
0.258 0.966 0. -235.272 0.966 -0.258 -0. 371.402 0. 0. -1. 0.
0.263 0.965 0. -234.068 0.965 -0.263 -0. 375.498 0. 0. -1. 0.
0.261 0.965 0. -232.936 0.965 -0.261 -0. 379.703 0. 0. -1. 0.
0.260 0.966 0. -231.725 0.966 -0.260 -0. 383.930 0. 0. -1. 0.
0.262 0.965 0. -230.390 0.965 -0.262 -0. 388.146 0. 0. -1. 0.
0.261 0.965 0. -229.140 0.965 -0.261 -0. 392.425 0. 0. -1. 0.
0.261 0.965 0. -227.836 0.965 -0.261 -0. 396.756 0. 0. -1. 0.
0.262 0.965 0. -226.740 0.965 -0.262 -0. 401.241 0. 0. -1. 0.
0.260 0.966 0. -225.405 0.966 -0.260 -0. 405.515 0. 0. -1. 0.
0.259 0.966 0. -224.275 0.966 -0.259 -0. 409.837 0. 0. -1. 0.
0.256 0.967 0. -223.049 0.967 -0.256 -0. 414.151 0. 0. -1. 0.
0.255 0.967 0. -221.983 0.967 -0.255 -0. 418.450 0. 0. -1. 0.
0.250 0.968 0. -220.661 0.968 -0.250 -0. 422.577 0. 0. -1. 0.
0.255 0.967 0. -219.572 0.967 -0.255 -0. 426.873 0. 0. -1. 0.
0.251 0.968 0. -218.341 0.968 -0.251 -0. 430.961 0. 0. -1. 0.
0.252 0.968 0. -217.229 0.968 -0.252 -0. 435.174 0. 0. -1. 0.
0.252 0.968 0. -216.133 0.968 -0.252 -0. 439.237 0. 0. -1. 0.
0.255 0.967 0. -214.966 0.967 -0.255 -0. 443.213 0. 0. -1. 0.
0.254 0.967 0. -213.868 0.967 -0.254 -0. 447.163 0. 0. -1. 0.
0.254 0.967 0. -212.835 0.967 -0.254 -0. 450.733 0. 0. -1. 0.
0.255 0.967 0. -211.864 0.967 -0.255 -0. 454.506 0. 0. -1. 0.
0.254 0.967 0. -210.658 0.967 -0.254 -0. 458.173 0. 0. -1. 0.
0.253 0.967 0. -209.562 0.967 -0.253 -0. 461.687 0. 0. -1. 0.
0.253 0.967 0. -208.689 0.967 -0.253 -0. 465.364 0. 0. -1. 0.
0.252 0.968 0. -207.591 0.968 -0.252 -0. 468.852 0. 0. -1. 0.
0.253 0.968 0. -206.632 0.968 -0.253 -0. 472.346 0. 0. -1. 0.
0.256 0.967 0. -205.726 0.967 -0.256 -0. 475.866 0. 0. -1. 0.
0.258 0.966 0. -204.908 0.966 -0.258 -0. 479.212 0. 0. -1. 0.
0.259 0.966 0. -203.882 0.966 -0.259 -0. 482.704 0. 0. -1. 0.
0.259 0.966 0. -202.796 0.966 -0.259 -0. 486.053 0. 0. -1. 0.
0.264 0.965 0. -201.906 0.965 -0.264 -0. 489.410 0. 0. -1. 0.
0.266 0.964 0. -200.779 0.964 -0.266 -0. 492.798 0. 0. -1. 0.
0.264 0.965 0. -199.806 0.965 -0.264 -0. 496.124 0. 0. -1. 0.
0.265 0.964 0. -198.813 0.964 -0.265 -0. 499.466 0. 0. -1. 0.
0.271 0.963 0. -197.865 0.963 -0.271 -0. 502.733 0. 0. -1. 0.
0.275 0.961 0. -196.907 0.961 -0.275 -0. 505.964 0. 0. -1. 0.
0.271 0.962 0. -195.928 0.962 -0.271 -0. 509.261 0. 0. -1. 0.
0.270 0.963 0. -194.797 0.963 -0.270 -0. 512.498 0. 0. -1. 0.
0.270 0.963 0. -193.950 0.963 -0.270 -0. 515.731 0. 0. -1. 0.
0.267 0.964 0. -192.955 0.964 -0.267 -0. 518.969 0. 0. -1. 0.
0.272 0.962 0. -192.091 0.962 -0.272 -0. 522.298 0. 0. -1. 0.
0.269 0.963 0. -191.110 0.963 -0.269 -0. 525.361 0. 0. -1. 0.
0.269 0.963 0. -190.192 0.963 -0.269 -0. 528.529 0. 0. -1. 0.
0.267 0.964 0. -189.288 0.964 -0.267 -0. 531.677 0. 0. -1. 0.
0.265 0.964 0. -188.271 0.964 -0.265 -0. 534.857 0. 0. -1. 0.
0.262 0.965 0. -187.424 0.965 -0.262 -0. 537.894 0. 0. -1. 0.
0.259 0.966 0. -186.473 0.966 -0.259 -0. 540.979 0. 0. -1. 0.
0.254 0.967 0. -185.721 0.967 -0.254 -0. 544.108 0. 0. -1. 0.
0.253 0.968 0. -184.856 0.968 -0.253 -0. 547.213 0. 0. -1. 0.
0.244 0.970 0. -184.034 0.970 -0.244 -0. 550.210 0. 0. -1. 0.
0.238 0.971 0. -183.423 0.971 -0.238 -0. 553.394 0. 0. -1. 0.
0.229 0.974 0. -182.555 0.974 -0.229 -0. 556.304 0. 0. -1. 0.
0.228 0.974 0. -181.638 0.974 -0.228 -0. 559.202 0. 0. -1. 0.
0.222 0.975 0. -180.957 0.975 -0.222 -0. 562.131 0. 0. -1. 0.
0.220 0.976 0. -180.359 0.976 -0.220 -0. 564.957 0. 0. -1. 0.
0.211 0.977 0. -179.663 0.977 -0.211 -0. 567.650 0. 0. -1. 0.
0.214 0.977 0. -179.074 0.977 -0.214 -0. 570.350 0. 0. -1. 0.
0.206 0.979 0. -178.443 0.979 -0.206 -0. 572.879 0. 0. -1. 0.
0.201 0.980 0. -177.782 0.980 -0.201 -0. 575.453 0. 0. -1. 0.
0.195 0.981 0. -177.290 0.981 -0.195 -0. 577.840 0. 0. -1. 0.
0.195 0.981 0. -176.877 0.981 -0.195 -0. 580.136 0. 0. -1. 0.
0.191 0.982 0. -176.385 0.982 -0.191 -0. 582.286 0. 0. -1. 0.
0.186 0.983 0. -175.914 0.983 -0.186 -0. 584.415 0. 0. -1. 0.
0.184 0.983 0. -175.614 0.983 -0.184 -0. 586.445 0. 0. -1. 0.
0.181 0.984 0. -175.133 0.984 -0.181 -0. 588.379 0. 0. -1. 0.
0.177 0.984 0. -174.853 0.984 -0.177 -0. 590.202 0. 0. -1. 0.
0.175 0.984 0. -174.524 0.984 -0.175 -0. 591.971 0. 0. -1. 0.
0.172 0.985 0. -174.164 0.985 -0.172 -0. 593.587 0. 0. -1. 0.
0.171 0.985 0. -173.897 0.985 -0.171 -0. 594.926 0. 0. -1. 0.
0.173 0.985 0. -173.833 0.985 -0.173 -0. 596.039 0. 0. -1. 0.
0.170 0.985 0. -173.556 0.985 -0.170 -0. 597.043 0. 0. -1. 0.
0.166 0.986 0. -173.323 0.986 -0.166 -0. 598.041 0. 0. -1. 0.
0.164 0.987 0. -173.227 0.987 -0.164 -0. 598.601 0. 0. -1. 0.
0.161 0.987 0. -173.082 0.987 -0.161 -0. 599.291 0. 0. -1. 0.
0.159 0.987 0. -172.986 0.987 -0.159 -0. 599.752 0. 0. -1. 0.
0.158 0.987 0. -172.959 0.987 -0.158 -0. 600.106 0. 0. -1. 0.
0.160 0.987 0. -173.060 0.987 -0.160 -0. 600.351 0. 0. -1. 0.
0.160 0.987 0. -173.027 0.987 -0.160 -0. 600.588 0. 0. -1. 0.
0.158 0.987 0. -173.019 0.987 -0.158 -0. 600.698 0. 0. -1. 0.
0.159 0.987 0. -172.827 0.987 -0.159 -0. 600.849 0. 0. -1. 0.
0.158 0.987 0. -172.845 0.987 -0.158 -0. 600.872 0. 0. -1. 0.
0.159 0.987 0. -172.957 0.987 -0.159 -0. 600.874 0. 0. -1. 0.
0.156 0.988 0. -172.793 0.988 -0.156 -0. 600.891 0. 0. -1. 0.
0.161 0.987 0. -172.900 0.987 -0.161 -0. 600.879 0. 0. -1. 0.
0.152 0.988 0. -172.888 0.988 -0.152 -0. 600.886 0. 0. -1. 0.
0.152 0.988 0. -172.772 0.988 -0.152 -0. 600.988 0. 0. -1. 0.
0.156 0.988 0. -172.767 0.988 -0.156 -0. 600.894 0. 0. -1. 0.
0.156 0.988 0. -172.781 0.988 -0.156 -0. 600.905 0. 0. -1. 0.
0.157 0.988 0. -172.848 0.988 -0.157 -0. 600.875 0. 0. -1. 0.
0.156 0.988 0. -172.893 0.988 -0.156 -0. 600.879 0. 0. -1. 0.
0.160 0.987 0. -172.919 0.987 -0.160 -0. 600.854 0. 0. -1. 0.
0.157 0.988 0. -172.859 0.988 -0.157 -0. 600.890 0. 0. -1. 0.
0.156 0.988 0. -172.981 0.988 -0.156 -0. 600.891 0. 0. -1. 0.
0.157 0.988 0. -172.940 0.988 -0.157 -0. 600.920 0. 0. -1. 0.
0.155 0.988 0. -172.840 0.988 -0.155 -0. 600.963 0. 0. -1. 0.
0.156 0.988 0. -172.802 0.988 -0.156 -0. 600.906 0. 0. -1. 0.
0.157 0.988 0. -172.862 0.988 -0.157 -0. 600.942 0. 0. -1. 0.
0.159 0.987 0. -173.012 0.987 -0.159 -0. 600.894 0. 0. -1. 0.
0.157 0.988 0. -172.869 0.988 -0.157 -0. 600.880 0. 0. -1. 0.
0.157 0.988 0. -172.828 0.988 -0.157 -0. 600.952 0. 0. -1. 0.
0.156 0.988 0. -172.876 0.988 -0.156 -0. 600.906 0. 0. -1. 0.
0.157 0.988 0. -172.960 0.988 -0.157 -0. 600.893 0. 0. -1. 0.
0.159 0.987 0. -172.983 0.987 -0.159 -0. 600.855 0. 0. -1. 0.
0.159 0.987 0. -172.915 0.987 -0.159 -0. 600.901 0. 0. -1. 0.
0.157 0.988 0. -172.826 0.988 -0.157 -0. 600.905 0. 0. -1. 0.
0.155 0.988 0. -172.851 0.988 -0.155 -0. 600.856 0. 0. -1. 0.
0.159 0.987 0. -172.837 0.987 -0.159 -0. 600.836 0. 0. -1. 0.
0.158 0.987 0. -172.779 0.987 -0.158 -0. 600.901 0. 0. -1. 0.
0.156 0.988 0. -172.863 0.988 -0.156 -0. 600.857 0. 0. -1. 0.
0.152 0.988 0. -172.837 0.988 -0.152 -0. 600.938 0. 0. -1. 0.
0.158 0.988 0. -172.972 0.988 -0.158 -0. 600.858 0. 0. -1. 0.
0.158 0.988 0. -172.972 0.988 -0.158 -0. 600.884 0. 0. -1. 0.
0.158 0.987 0. -172.859 0.987 -0.158 -0. 600.959 0. 0. -1. 0.
0.154 0.988 0. -172.879 0.988 -0.154 -0. 600.941 0. 0. -1. 0.
0.159 0.987 0. -172.915 0.987 -0.159 -0. 600.912 0. 0. -1. 0.
0.157 0.988 0. -172.798 0.988 -0.157 -0. 600.884 0. 0. -1. 0.
0.156 0.988 0. -172.795 0.988 -0.156 -0. 600.898 0. 0. -1. 0.
0.157 0.988 0. -172.911 0.988 -0.157 -0. 600.913 0. 0. -1. 0.
0.154 0.988 0. -172.793 0.988 -0.154 -0. 600.950 0. 0. -1. 0.
0.160 0.987 0. -172.954 0.987 -0.160 -0. 600.857 0. 0. -1. 0.
0.158 0.988 0. -172.985 0.988 -0.158 -0. 600.893 0. 0. -1. 0.
0.158 0.987 0. -172.972 0.987 -0.158 -0. 600.896 0. 0. -1. 0.
0.158 0.987 0. -172.974 0.987 -0.158 -0. 600.936 0. 0. -1. 0.
0.154 0.988 0. -172.903 0.988 -0.154 -0. 600.958 0. 0. -1. 0.
0.161 0.987 0. -172.890 0.987 -0.161 -0. 600.907 0. 0. -1. 0.
0.159 0.987 0. -172.789 0.987 -0.159 -0. 600.884 0. 0. -1. 0.
0.158 0.987 0. -172.918 0.987 -0.158 -0. 600.883 0. 0. -1. 0.
0.155 0.988 0. -172.875 0.988 -0.155 -0. 600.893 0. 0. -1. 0.
0.156 0.988 0. -172.844 0.988 -0.156 -0. 601.019 0. 0. -1. 0.
0.164 0.986 0. -172.816 0.986 -0.164 -0. 600.881 0. 0. -1. 0.
0.157 0.988 0. -172.724 0.988 -0.157 -0. 600.892 0. 0. -1. 0.
0.155 0.988 0. -172.715 0.988 -0.155 -0. 600.955 0. 0. -1. 0.
0.158 0.987 0. -172.745 0.987 -0.158 -0. 600.975 0. 0. -1. 0.
0.154 0.988 0. -172.753 0.988 -0.154 -0. 600.929 0. 0. -1. 0.
0.158 0.987 0. -172.941 0.987 -0.158 -0. 600.859 0. 0. -1. 0.
0.159 0.987 0. -173.044 0.987 -0.159 -0. 600.796 0. 0. -1. 0.
0.161 0.987 0. -172.934 0.987 -0.161 -0. 600.920 0. 0. -1. 0.
0.156 0.988 0. -172.813 0.988 -0.156 -0. 600.920 0. 0. -1. 0.
0.157 0.988 0. -172.964 0.988 -0.157 -0. 600.891 0. 0. -1. 0.
0.157 0.988 0. -172.962 0.988 -0.157 -0. 600.854 0. 0. -1. 0.
0.151 0.989 0. -172.857 0.989 -0.151 -0. 600.897 0. 0. -1. 0.
0.154 0.988 0. -172.844 0.988 -0.154 -0. 600.989 0. 0. -1. 0.
0.160 0.987 0. -172.946 0.987 -0.160 -0. 600.795 0. 0. -1. 0.
0.162 0.987 0. -172.905 0.987 -0.162 -0. 600.783 0. 0. -1. 0.
0.159 0.987 0. -172.943 0.987 -0.159 -0. 600.804 0. 0. -1. 0.
0.159 0.987 0. -172.973 0.987 -0.159 -0. 600.798 0. 0. -1. 0.
0.160 0.987 0. -172.987 0.987 -0.160 -0. 600.913 0. 0. -1. 0.
0.155 0.988 0. -172.803 0.988 -0.155 -0. 600.950 0. 0. -1. 0.
0.158 0.988 0. -173.002 0.988 -0.158 -0. 600.894 0. 0. -1. 0.
0.157 0.988 0. -172.806 0.988 -0.157 -0. 600.907 0. 0. -1. 0.
0.157 0.988 0. -172.840 0.988 -0.157 -0. 600.924 0. 0. -1. 0.
0.160 0.987 0. -172.892 0.987 -0.160 -0. 600.848 0. 0. -1. 0.
0.157 0.988 0. -172.761 0.988 -0.157 -0. 600.949 0. 0. -1. 0.
0.155 0.988 0. -172.974 0.988 -0.155 -0. 600.963 0. 0. -1. 0.
0.156 0.988 0. -172.871 0.988 -0.156 -0. 600.958 0. 0. -1. 0.
0.155 0.988 0. -172.786 0.988 -0.155 -0. 600.883 0. 0. -1. 0.
0.156 0.988 0. -172.805 0.988 -0.156 -0. 600.904 0. 0. -1. 0.
0.157 0.988 0. -172.775 0.988 -0.157 -0. 600.895 0. 0. -1. 0.
0.156 0.988 0. -172.785 0.988 -0.156 -0. 600.910 0. 0. -1. 0.
0.155 0.988 0. -172.818 0.988 -0.155 -0. 600.943 0. 0. -1. 0.
0.156 0.988 0. -172.824 0.988 -0.156 -0. 601.002 0. 0. -1. 0.
0.160 0.987 0. -172.975 0.987 -0.160 -0. 600.851 0. 0. -1. 0.
0.159 0.987 0. -173.001 0.987 -0.159 -0. 600.865 0. 0. -1. 0.
0.159 0.987 0. -172.982 0.987 -0.159 -0. 600.880 0. 0. -1. 0.
0.157 0.988 0. -172.827 0.988 -0.157 -0. 600.979 0. 0. -1. 0.
0.158 0.987 0. -172.743 0.987 -0.158 -0. 600.970 0. 0. -1. 0.
0.153 0.988 0. -172.884 0.988 -0.153 -0. 600.923 0. 0. -1. 0.
0.156 0.988 0. -172.868 0.988 -0.156 -0. 601.029 0. 0. -1. 0.
0.154 0.988 0. -172.808 0.988 -0.154 -0. 600.925 0. 0. -1. 0.
0.158 0.987 0. -172.965 0.987 -0.158 -0. 600.876 0. 0. -1. 0.
0.158 0.987 0. -172.764 0.987 -0.158 -0. 600.920 0. 0. -1. 0.
0.153 0.988 0. -172.821 0.988 -0.153 -0. 600.872 0. 0. -1. 0.
0.157 0.988 0. -172.876 0.988 -0.157 -0. 600.972 0. 0. -1. 0.
