1566535942021640 1.00000 0.00105 -0.00000 -3.00378 -0.00105 1.00000 0.00000 -0.03408 0.00000 -0.00000 1.00000 0.00000
1566535942270558 1.00000 0.00046 -0.00000 -3.72132 -0.00046 1.00000 0.00000 -0.02285 0.00000 -0.00000 1.00000 0.00000
1566535942520978 1.00000 -0.00071 0.00000 -4.51490 0.00071 1.00000 -0.00000 -0.01203 -0.00000 0.00000 1.00000 0.00000
1566535942770644 1.00000 -0.00155 0.00000 -5.37687 0.00155 1.00000 -0.00000 0.02290 -0.00000 0.00000 1.00000 0.00000
1566535943020268 0.99999 -0.00340 0.00000 -6.37811 0.00340 0.99999 -0.00000 -0.01969 -0.00000 0.00000 1.00000 0.00000
1566535943269371 1.00000 -0.00208 0.00000 -7.41056 0.00208 1.00000 -0.00000 -0.03931 -0.00000 0.00000 1.00000 0.00000
1566535943519180 0.99999 -0.00375 0.00000 -8.50550 0.00375 0.99999 -0.00000 -0.04109 -0.00000 0.00000 1.00000 0.00000
1566535943769051 0.99999 -0.00387 0.00000 -9.69139 0.00387 0.99999 -0.00000 -0.07744 -0.00000 0.00000 1.00000 0.00000
1566535944018719 0.99999 -0.00452 0.00000 -10.92260 0.00452 0.99999 -0.00000 -0.08758 -0.00000 0.00000 1.00000 0.00000
1566535944268685 0.99997 -0.00718 0.00000 -12.25746 0.00718 0.99997 -0.00000 -0.11464 -0.00000 0.00000 1.00000 0.00000
1566535944517541 0.99997 -0.00741 0.00000 -13.60884 0.00741 0.99997 -0.00000 -0.12754 -0.00000 0.00000 1.00000 0.00000
1566535944766296 0.99997 -0.00792 0.00000 -14.99996 0.00792 0.99997 -0.00000 -0.15897 -0.00000 0.00000 1.00000 0.00000
1566535945016203 0.99993 -0.01143 0.00000 -16.44642 0.01143 0.99993 -0.00000 -0.16758 -0.00000 0.00000 1.00000 0.00000
1566535945265124 0.99992 -0.01265 0.00000 -17.88016 0.01265 0.99992 -0.00000 -0.22170 -0.00000 0.00000 1.00000 0.00000
1566535945514554 0.99986 -0.01683 0.00000 -19.37674 0.01683 0.99986 -0.00000 -0.32907 -0.00000 0.00000 1.00000 0.00000
1566535945764314 0.99981 -0.01947 0.00000 -20.86664 0.01947 0.99981 -0.00000 -0.35517 -0.00000 0.00000 1.00000 0.00000
1566535946013528 0.99974 -0.02264 0.00000 -22.34585 0.02264 0.99974 -0.00000 -0.46787 -0.00000 0.00000 1.00000 0.00000
1566535946264334 0.99972 -0.02383 0.00000 -23.81909 0.02383 0.99972 -0.00000 -0.51794 -0.00000 0.00000 1.00000 0.00000
1566535946512332 0.99958 -0.02914 0.00000 -25.32805 0.02914 0.99958 -0.00000 -0.64004 -0.00000 0.00000 1.00000 0.00000
1566535946761695 0.99945 -0.03309 0.00000 -26.79803 0.03309 0.99945 -0.00000 -0.74129 -0.00000 0.00000 1.00000 0.00000
1566535947010971 0.99927 -0.03809 0.00000 -28.22551 0.03809 0.99927 -0.00000 -0.86053 -0.00000 0.00000 1.00000 0.00000
1566535947260221 0.99915 -0.04112 0.00000 -29.66990 0.04112 0.99915 -0.00000 -0.95416 -0.00000 0.00000 1.00000 0.00000
1566535947510168 0.99895 -0.04588 0.00000 -31.10803 0.04588 0.99895 -0.00000 -1.13004 -0.00000 0.00000 1.00000 0.00000
1566535947759271 0.99866 -0.05166 0.00000 -32.55212 0.05166 0.99866 -0.00000 -1.33919 -0.00000 0.00000 1.00000 0.00000
1566535948008317 0.99841 -0.05629 0.00000 -33.97509 0.05629 0.99841 -0.00000 -1.46085 -0.00000 0.00000 1.00000 0.00000
1566535948257711 0.99817 -0.06049 0.00000 -35.37530 0.06049 0.99817 -0.00000 -1.64049 -0.00000 0.00000 1.00000 0.00000
1566535948507781 0.99801 -0.06302 0.00000 -36.75876 0.06302 0.99801 -0.00000 -1.73181 -0.00000 0.00000 1.00000 0.00000
1566535948756909 0.99773 -0.06737 0.00000 -38.17309 0.06737 0.99773 -0.00000 -1.88452 -0.00000 0.00000 1.00000 0.00000
1566535949006260 0.99726 -0.07395 0.00000 -39.54287 0.07395 0.99726 -0.00000 -2.13668 -0.00000 0.00000 1.00000 0.00000
1566535949255437 0.99686 -0.07920 0.00000 -40.93560 0.07920 0.99686 -0.00000 -2.34289 -0.00000 0.00000 1.00000 0.00000
1566535949505717 0.99638 -0.08499 0.00000 -42.30728 0.08499 0.99638 -0.00000 -2.55317 -0.00000 0.00000 1.00000 0.00000
1566535949754550 0.99586 -0.09086 0.00000 -43.73570 0.09086 0.99586 -0.00000 -2.80083 -0.00000 0.00000 1.00000 0.00000
1566535950002784 0.99554 -0.09430 0.00000 -45.15637 0.09430 0.99554 -0.00000 -2.89553 -0.00000 0.00000 1.00000 0.00000
1566535950252264 0.99506 -0.09928 0.00000 -46.53671 0.09928 0.99506 -0.00000 -3.14769 -0.00000 0.00000 1.00000 0.00000
1566535950501968 0.99469 -0.10291 0.00000 -47.98764 0.10291 0.99469 -0.00000 -3.33846 -0.00000 0.00000 1.00000 0.00000
1566535950751412 0.99419 -0.10763 0.00000 -49.44228 0.10763 0.99419 -0.00000 -3.58621 -0.00000 0.00000 1.00000 0.00000
1566535951000620 0.99394 -0.10989 0.00000 -50.91778 0.10989 0.99394 -0.00000 -3.68722 -0.00000 0.00000 1.00000 0.00000
1566535951250011 0.99358 -0.11317 0.00000 -52.39671 0.11317 0.99358 -0.00000 -3.86003 -0.00000 0.00000 1.00000 0.00000
1566535951499592 0.99313 -0.11701 0.00000 -53.90265 0.11701 0.99313 -0.00000 -4.10908 -0.00000 0.00000 1.00000 0.00000
1566535951749176 0.99282 -0.11959 0.00000 -55.46055 0.11959 0.99282 -0.00000 -4.22502 -0.00000 0.00000 1.00000 0.00000
1566535951998891 0.99245 -0.12266 0.00000 -57.01539 0.12266 0.99245 -0.00000 -4.41912 -0.00000 0.00000 1.00000 0.00000
1566535952248542 0.99243 -0.12285 0.00000 -58.59302 0.12285 0.99243 -0.00000 -4.40371 -0.00000 0.00000 1.00000 0.00000
1566535952497983 0.99235 -0.12345 0.00000 -60.24444 0.12345 0.99235 -0.00000 -4.46304 -0.00000 0.00000 1.00000 0.00000
1566535952747322 0.99239 -0.12315 0.00000 -61.88828 0.12315 0.99239 -0.00000 -4.47385 -0.00000 0.00000 1.00000 0.00000
1566535952996459 0.99259 -0.12154 0.00000 -63.61940 0.12154 0.99259 -0.00000 -4.39305 -0.00000 0.00000 1.00000 0.00000
1566535953245929 0.99269 -0.12069 0.00000 -65.32273 0.12069 0.99269 -0.00000 -4.34472 -0.00000 0.00000 1.00000 0.00000
1566535953494906 0.99255 -0.12187 0.00000 -67.07220 0.12187 0.99255 -0.00000 -4.42001 -0.00000 0.00000 1.00000 0.00000
1566535953745060 0.99267 -0.12085 0.00000 -68.84969 0.12085 0.99267 -0.00000 -4.37894 -0.00000 0.00000 1.00000 0.00000
1566535953994202 0.99265 -0.12102 0.00000 -70.64020 0.12102 0.99265 -0.00000 -4.36111 -0.00000 0.00000 1.00000 0.00000
1566535954243427 0.99256 -0.12172 0.00000 -72.46439 0.12172 0.99256 -0.00000 -4.40679 -0.00000 0.00000 1.00000 0.00000
1566535954492858 0.99266 -0.12091 0.00000 -74.30749 0.12091 0.99266 -0.00000 -4.39991 -0.00000 0.00000 1.00000 0.00000
1566535954741809 0.99278 -0.11992 0.00000 -76.17425 0.11992 0.99278 -0.00000 -4.32050 -0.00000 0.00000 1.00000 0.00000
1566535954990885 0.99307 -0.11750 0.00000 -78.07932 0.11750 0.99307 -0.00000 -4.16382 -0.00000 0.00000 1.00000 0.00000
1566535955240396 0.99344 -0.11434 0.00000 -79.97262 0.11434 0.99344 -0.00000 -3.98791 -0.00000 0.00000 1.00000 0.00000
1566535955489638 0.99381 -0.11110 0.00000 -81.90749 0.11110 0.99381 -0.00000 -3.73000 -0.00000 0.00000 1.00000 0.00000
1566535955738760 0.99412 -0.10830 0.00000 -83.83718 0.10830 0.99412 -0.00000 -3.51171 -0.00000 0.00000 1.00000 0.00000
1566535955988617 0.99434 -0.10626 0.00000 -85.75738 0.10626 0.99434 -0.00000 -3.31690 -0.00000 0.00000 1.00000 0.00000
1566535956237968 0.99449 -0.10482 0.00000 -87.68246 0.10482 0.99449 -0.00000 -3.21971 -0.00000 0.00000 1.00000 0.00000
1566535956487033 0.99486 -0.10128 0.00000 -89.58248 0.10128 0.99486 -0.00000 -2.86497 -0.00000 0.00000 1.00000 0.00000
1566535956737010 0.99522 -0.09770 0.00000 -91.52033 0.09770 0.99522 -0.00000 -2.53537 -0.00000 0.00000 1.00000 0.00000
1566535956985852 0.99515 -0.09834 0.00000 -93.38809 0.09834 0.99515 -0.00000 -2.62254 -0.00000 0.00000 1.00000 0.00000
1566535957235208 0.99505 -0.09942 0.00000 -95.24784 0.09942 0.99505 -0.00000 -2.73567 -0.00000 0.00000 1.00000 0.00000
1566535957484693 0.99490 -0.10086 0.00000 -97.06551 0.10086 0.99490 -0.00000 -2.87362 -0.00000 0.00000 1.00000 0.00000
1566535957732858 0.99491 -0.10080 0.00000 -98.87690 0.10080 0.99491 -0.00000 -2.82077 -0.00000 0.00000 1.00000 0.00000
1566535957981782 0.99483 -0.10155 0.00000 -100.68058 0.10155 0.99483 -0.00000 -2.92913 -0.00000 0.00000 1.00000 0.00000
1566535958230942 0.99482 -0.10165 0.00000 -102.42162 0.10165 0.99482 -0.00000 -2.94640 -0.00000 0.00000 1.00000 0.00000
1566535958480029 0.99485 -0.10133 0.00000 -104.14611 0.10133 0.99485 -0.00000 -2.87757 -0.00000 0.00000 1.00000 0.00000
1566535958729285 0.99480 -0.10185 0.00000 -105.94084 0.10185 0.99480 -0.00000 -2.97067 -0.00000 0.00000 1.00000 0.00000
1566535958978428 0.99507 -0.09920 0.00000 -107.79232 0.09920 0.99507 -0.00000 -2.74073 -0.00000 0.00000 1.00000 0.00000
1566535959227794 0.99486 -0.10130 0.00000 -109.40235 0.10130 0.99486 -0.00000 -2.88712 -0.00000 0.00000 1.00000 0.00000
1566535959477424 0.99486 -0.10122 0.00000 -111.14537 0.10122 0.99486 -0.00000 -2.95606 -0.00000 0.00000 1.00000 0.00000
1566535959727158 0.99503 -0.09961 0.00000 -112.91598 0.09961 0.99503 -0.00000 -2.77954 -0.00000 0.00000 1.00000 0.00000
1566535959976426 0.99501 -0.09974 0.00000 -114.69133 0.09974 0.99501 -0.00000 -2.81035 -0.00000 0.00000 1.00000 0.00000
1566535960226371 0.99497 -0.10019 0.00000 -116.42604 0.10019 0.99497 -0.00000 -2.82117 -0.00000 0.00000 1.00000 0.00000
1566535960475286 0.99484 -0.10145 0.00000 -118.22251 0.10145 0.99484 -0.00000 -2.99704 -0.00000 0.00000 1.00000 0.00000
1566535960724075 0.99504 -0.09948 0.00000 -119.97982 0.09948 0.99504 -0.00000 -2.71093 -0.00000 0.00000 1.00000 0.00000
1566535960974910 0.99507 -0.09913 0.00000 -121.84235 0.09913 0.99507 -0.00000 -2.69248 -0.00000 0.00000 1.00000 0.00000
1566535961224604 0.99524 -0.09741 0.00000 -123.64857 0.09741 0.99524 -0.00000 -2.47982 -0.00000 0.00000 1.00000 0.00000
1566535961473779 0.99525 -0.09734 0.00000 -125.52525 0.09734 0.99525 -0.00000 -2.50545 -0.00000 0.00000 1.00000 0.00000
1566535961722217 0.99563 -0.09341 0.00000 -127.38375 0.09341 0.99563 -0.00000 -1.99828 -0.00000 0.00000 1.00000 0.00000
1566535961970372 0.99611 -0.08808 0.00000 -129.23651 0.08808 0.99611 -0.00000 -1.35120 -0.00000 0.00000 1.00000 0.00000
1566535962219594 0.99661 -0.08225 0.00000 -131.10576 0.08225 0.99661 -0.00000 -0.60112 -0.00000 0.00000 1.00000 0.00000
1566535962468881 0.99708 -0.07635 0.00000 -132.97698 0.07635 0.99708 -0.00000 0.24910 -0.00000 0.00000 1.00000 0.00000
1566535962718426 0.99750 -0.07070 0.00000 -134.78848 0.07070 0.99750 -0.00000 0.94454 -0.00000 0.00000 1.00000 0.00000
1566535962967575 0.99801 -0.06313 0.00000 -136.55629 0.06313 0.99801 -0.00000 2.01219 -0.00000 0.00000 1.00000 0.00000
1566535963217037 0.99836 -0.05728 0.00000 -138.36416 0.05728 0.99836 -0.00000 2.78124 -0.00000 0.00000 1.00000 0.00000
1566535963465845 0.99853 -0.05414 0.00000 -140.08902 0.05414 0.99853 -0.00000 3.24267 -0.00000 0.00000 1.00000 0.00000
1566535963715873 0.99875 -0.04996 0.00000 -141.79887 0.04996 0.99875 -0.00000 3.82048 -0.00000 0.00000 1.00000 0.00000
1566535963969252 0.99883 -0.04830 0.00000 -143.61062 0.04830 0.99883 -0.00000 4.03150 -0.00000 0.00000 1.00000 0.00000
1566535964215720 0.99907 -0.04301 0.00000 -145.44910 0.04301 0.99907 -0.00000 4.78605 -0.00000 0.00000 1.00000 0.00000
1566535964464719 0.99911 -0.04216 0.00000 -147.13632 0.04216 0.99911 -0.00000 4.87151 -0.00000 0.00000 1.00000 0.00000
1566535964714580 0.99909 -0.04270 0.00000 -149.00211 0.04270 0.99909 -0.00000 4.83734 -0.00000 0.00000 1.00000 0.00000
1566535964963805 0.99907 -0.04305 0.00000 -150.91213 0.04305 0.99907 -0.00000 4.75307 -0.00000 0.00000 1.00000 0.00000
1566535965213028 0.99902 -0.04427 0.00000 -152.78012 0.04427 0.99902 -0.00000 4.55849 -0.00000 0.00000 1.00000 0.00000
1566535965462506 0.99900 -0.04478 0.00000 -154.71689 0.04478 0.99900 -0.00000 4.45913 -0.00000 0.00000 1.00000 0.00000
1566535965711447 0.99898 -0.04522 0.00000 -156.63751 0.04522 0.99898 -0.00000 4.42476 -0.00000 0.00000 1.00000 0.00000
1566535965961306 0.99894 -0.04606 0.00000 -158.63241 0.04606 0.99894 -0.00000 4.26357 -0.00000 0.00000 1.00000 0.00000
1566535966210347 0.99880 -0.04890 0.00000 -160.60603 0.04890 0.99880 -0.00000 3.80410 -0.00000 0.00000 1.00000 0.00000
1566535966460196 0.99863 -0.05241 0.00000 -162.60679 0.05241 0.99863 -0.00000 3.22264 -0.00000 0.00000 1.00000 0.00000
1566535966709669 0.99852 -0.05441 0.00000 -164.60113 0.05441 0.99852 -0.00000 2.92216 -0.00000 0.00000 1.00000 0.00000
1566535966958344 0.99838 -0.05687 0.00000 -166.64310 0.05687 0.99838 -0.00000 2.51674 -0.00000 0.00000 1.00000 0.00000
1566535967207470 0.99796 -0.06386 0.00000 -168.69200 0.06386 0.99796 -0.00000 1.34029 -0.00000 0.00000 1.00000 0.00000
1566535967456521 0.99737 -0.07253 0.00000 -170.72888 0.07253 0.99737 -0.00000 -0.10573 -0.00000 0.00000 1.00000 0.00000
1566535967705834 0.99667 -0.08156 0.00000 -172.77671 0.08156 0.99667 -0.00000 -1.63470 -0.00000 0.00000 1.00000 0.00000
1566535967955168 0.99603 -0.08903 0.00000 -174.80865 0.08903 0.99603 -0.00000 -2.91407 -0.00000 0.00000 1.00000 0.00000
1566535968204630 0.99527 -0.09716 0.00000 -176.85015 0.09716 0.99527 -0.00000 -4.37601 -0.00000 0.00000 1.00000 0.00000
1566535968454562 0.99507 -0.09914 0.00000 -178.85076 0.09914 0.99507 -0.00000 -4.74070 -0.00000 0.00000 1.00000 0.00000
1566535968703572 0.99508 -0.09912 0.00000 -180.87617 0.09912 0.99508 -0.00000 -4.70912 -0.00000 0.00000 1.00000 0.00000
1566535968952282 0.99506 -0.09932 0.00000 -182.83414 0.09932 0.99506 -0.00000 -4.71925 -0.00000 0.00000 1.00000 0.00000
1566535969201451 0.99499 -0.10000 0.00000 -184.78351 0.10000 0.99499 -0.00000 -4.81733 -0.00000 0.00000 1.00000 0.00000
1566535969451207 0.99517 -0.09812 0.00000 -186.71771 0.09812 0.99517 -0.00000 -4.50119 -0.00000 0.00000 1.00000 0.00000
1566535969700123 0.99548 -0.09499 0.00000 -188.77826 0.09499 0.99548 -0.00000 -3.97950 -0.00000 0.00000 1.00000 0.00000
1566535969948797 0.99595 -0.08988 0.00000 -190.51697 0.08988 0.99595 -0.00000 -2.97655 -0.00000 0.00000 1.00000 0.00000
1566535970199345 0.99626 -0.08639 0.00000 -192.59051 0.08639 0.99626 -0.00000 -2.37263 -0.00000 0.00000 1.00000 0.00000
1566535970448327 0.99657 -0.08275 0.00000 -194.64501 0.08275 0.99657 -0.00000 -1.70950 -0.00000 0.00000 1.00000 0.00000
1566535970698069 0.99663 -0.08204 0.00000 -196.61049 0.08204 0.99663 -0.00000 -1.52044 -0.00000 0.00000 1.00000 0.00000
1566535970947902 0.99665 -0.08179 0.00000 -198.62918 0.08179 0.99665 -0.00000 -1.48950 -0.00000 0.00000 1.00000 0.00000
1566535971196936 0.99680 -0.07997 0.00000 -200.67431 0.07997 0.99680 -0.00000 -1.17854 -0.00000 0.00000 1.00000 0.00000
1566535971446379 0.99711 -0.07596 0.00000 -202.71147 0.07596 0.99711 -0.00000 -0.39011 -0.00000 0.00000 1.00000 0.00000
1566535971696472 0.99710 -0.07613 0.00000 -204.77882 0.07613 0.99710 -0.00000 -0.44730 -0.00000 0.00000 1.00000 0.00000
1566535971945458 0.99721 -0.07459 0.00000 -206.84523 0.07459 0.99721 -0.00000 -0.11491 -0.00000 0.00000 1.00000 0.00000
1566535972193585 0.99745 -0.07133 0.00000 -208.93949 0.07133 0.99745 -0.00000 0.57824 -0.00000 0.00000 1.00000 0.00000
1566535972443994 0.99755 -0.06992 0.00000 -211.02823 0.06992 0.99755 -0.00000 0.87634 -0.00000 0.00000 1.00000 0.00000
1566535972693063 0.99777 -0.06680 0.00000 -213.14480 0.06680 0.99777 -0.00000 1.54460 -0.00000 0.00000 1.00000 0.00000
1566535972942235 0.99795 -0.06400 0.00000 -215.22849 0.06400 0.99795 -0.00000 2.14402 -0.00000 0.00000 1.00000 0.00000
1566535973191337 0.99821 -0.05974 0.00000 -217.28715 0.05974 0.99821 -0.00000 3.08716 -0.00000 0.00000 1.00000 0.00000
1566535973440911 0.99845 -0.05566 0.00000 -219.31961 0.05566 0.99845 -0.00000 3.99020 -0.00000 0.00000 1.00000 0.00000
1566535973689887 0.99861 -0.05269 0.00000 -221.36648 0.05269 0.99861 -0.00000 4.65956 -0.00000 0.00000 1.00000 0.00000
1566535973938534 0.99869 -0.05111 0.00000 -223.32379 0.05111 0.99869 -0.00000 5.00371 -0.00000 0.00000 1.00000 0.00000
1566535974188261 0.99868 -0.05138 0.00000 -225.30412 0.05138 0.99868 -0.00000 4.96262 -0.00000 0.00000 1.00000 0.00000
1566535974437413 0.99879 -0.04917 0.00000 -227.23785 0.04917 0.99879 -0.00000 5.43690 -0.00000 0.00000 1.00000 0.00000
1566535974686237 0.99887 -0.04763 0.00000 -229.12474 0.04763 0.99887 -0.00000 5.77544 -0.00000 0.00000 1.00000 0.00000
1566535974935524 0.99894 -0.04606 0.00000 -230.99385 0.04606 0.99894 -0.00000 6.10671 -0.00000 0.00000 1.00000 0.00000
1566535975184318 0.99896 -0.04551 0.00000 -232.83490 0.04551 0.99896 -0.00000 6.22639 -0.00000 0.00000 1.00000 0.00000
1566535975433243 0.99910 -0.04250 0.00000 -234.66208 0.04250 0.99910 -0.00000 6.92750 -0.00000 0.00000 1.00000 0.00000
1566535975683868 0.99910 -0.04240 0.00000 -236.42148 0.04240 0.99910 -0.00000 6.89680 -0.00000 0.00000 1.00000 0.00000
1566535975933058 0.99915 -0.04128 0.00000 -238.38159 0.04128 0.99915 -0.00000 7.17529 -0.00000 0.00000 1.00000 0.00000
1566535976181689 0.99919 -0.04027 0.00000 -240.36751 0.04027 0.99919 -0.00000 7.40931 -0.00000 0.00000 1.00000 0.00000
1566535976431622 0.99933 -0.03671 0.00000 -242.12324 0.03671 0.99933 -0.00000 8.25415 -0.00000 0.00000 1.00000 0.00000
1566535976681809 0.99933 -0.03674 0.00000 -244.02783 0.03674 0.99933 -0.00000 8.24997 -0.00000 0.00000 1.00000 0.00000
1566535976930836 0.99942 -0.03397 0.00000 -245.99661 0.03397 0.99942 -0.00000 8.88324 -0.00000 0.00000 1.00000 0.00000
1566535977179717 0.99958 -0.02892 0.00000 -247.89960 0.02892 0.99958 -0.00000 10.14940 -0.00000 0.00000 1.00000 0.00000
1566535977429376 0.99974 -0.02270 0.00000 -249.82585 0.02270 0.99974 -0.00000 11.66953 -0.00000 0.00000 1.00000 0.00000
1566535977678580 0.99987 -0.01634 0.00000 -251.75497 0.01634 0.99987 -0.00000 13.25162 -0.00000 0.00000 1.00000 0.00000
1566535977928312 0.99995 -0.01010 0.00000 -253.71317 0.01010 0.99995 -0.00000 14.81952 -0.00000 0.00000 1.00000 0.00000
1566535978178137 0.99999 -0.00390 0.00000 -255.68275 0.00390 0.99999 -0.00000 16.36012 -0.00000 0.00000 1.00000 0.00000
1566535978427401 1.00000 0.00235 -0.00000 -257.68601 -0.00235 1.00000 0.00000 17.93685 0.00000 -0.00000 1.00000 -0.00000
1566535978676334 0.99995 0.00960 -0.00000 -259.64423 -0.00960 0.99995 0.00000 19.79974 0.00000 -0.00000 1.00000 -0.00000
1566535978926425 0.99990 0.01444 -0.00000 -261.69888 -0.01444 0.99990 0.00000 21.07964 0.00000 -0.00000 1.00000 -0.00000
1566535979175626 0.99980 0.02024 -0.00000 -263.73212 -0.02024 0.99980 0.00000 22.53555 0.00000 -0.00000 1.00000 -0.00000
1566535979424735 0.99968 0.02541 -0.00000 -265.81277 -0.02541 0.99968 0.00000 23.77956 0.00000 -0.00000 1.00000 -0.00000
1566535979674289 0.99966 0.02596 -0.00000 -267.97034 -0.02596 0.99966 0.00000 23.96450 0.00000 -0.00000 1.00000 -0.00000
1566535979923768 0.99971 0.02410 -0.00000 -270.20595 -0.02410 0.99971 0.00000 23.49441 0.00000 -0.00000 1.00000 -0.00000
1566535980172969 0.99969 0.02488 -0.00000 -272.38011 -0.02488 0.99969 0.00000 23.71722 0.00000 -0.00000 1.00000 -0.00000
1566535980422127 0.99967 0.02562 -0.00000 -274.57459 -0.02562 0.99967 0.00000 23.84863 0.00000 -0.00000 1.00000 -0.00000
1566535980671616 0.99970 0.02447 -0.00000 -276.80606 -0.02447 0.99970 0.00000 23.52469 0.00000 -0.00000 1.00000 -0.00000
1566535980921562 0.99975 0.02251 -0.00000 -279.08334 -0.02251 0.99975 0.00000 22.99883 0.00000 -0.00000 1.00000 -0.00000
1566535981169093 0.99980 0.01976 -0.00000 -281.35391 -0.01976 0.99980 0.00000 22.20440 0.00000 -0.00000 1.00000 -0.00000
1566535981419259 0.99984 0.01776 -0.00000 -283.58243 -0.01776 0.99984 0.00000 21.63544 0.00000 -0.00000 1.00000 -0.00000
1566535981667658 0.99984 0.01768 -0.00000 -285.77666 -0.01768 0.99984 0.00000 21.63274 0.00000 -0.00000 1.00000 -0.00000
1566535981916786 0.99982 0.01916 -0.00000 -287.87310 -0.01916 0.99982 0.00000 22.01143 0.00000 -0.00000 1.00000 -0.00000
1566535982166163 0.99980 0.01995 -0.00000 -289.96739 -0.01995 0.99980 0.00000 22.22364 0.00000 -0.00000 1.00000 -0.00000
1566535982414448 0.99980 0.01981 -0.00000 -292.06656 -0.01981 0.99980 0.00000 22.17981 0.00000 -0.00000 1.00000 -0.00000
1566535982664049 0.99983 0.01843 -0.00000 -294.15281 -0.01843 0.99983 0.00000 21.79687 0.00000 -0.00000 1.00000 -0.00000
1566535982913658 0.99978 0.02103 -0.00000 -296.29355 -0.02103 0.99978 0.00000 22.52475 0.00000 -0.00000 1.00000 -0.00000
1566535983162925 0.99975 0.02242 -0.00000 -298.34487 -0.02242 0.99975 0.00000 22.87730 0.00000 -0.00000 1.00000 -0.00000
1566535983421548 0.99970 0.02470 -0.00000 -300.48241 -0.02470 0.99970 0.00000 23.56466 0.00000 -0.00000 1.00000 -0.00000
1566535983662858 0.99966 0.02614 -0.00000 -302.66420 -0.02614 0.99966 0.00000 23.98599 0.00000 -0.00000 1.00000 -0.00000
1566535983912697 0.99961 0.02780 -0.00000 -304.80247 -0.02780 0.99961 0.00000 24.48976 0.00000 -0.00000 1.00000 -0.00000
1566535984162658 0.99960 0.02842 -0.00000 -307.02068 -0.02842 0.99960 0.00000 24.66951 0.00000 -0.00000 1.00000 -0.00000
1566535984411541 0.99957 0.02930 -0.00000 -309.23944 -0.02930 0.99957 0.00000 24.92158 0.00000 -0.00000 1.00000 -0.00000
1566535984660719 0.99950 0.03160 -0.00000 -311.41751 -0.03160 0.99950 0.00000 25.64219 0.00000 -0.00000 1.00000 -0.00000
1566535984910198 0.99942 0.03398 -0.00000 -313.60989 -0.03398 0.99942 0.00000 26.34664 0.00000 -0.00000 1.00000 -0.00000
1566535985158693 0.99932 0.03681 -0.00000 -315.77097 -0.03681 0.99932 0.00000 27.22871 0.00000 -0.00000 1.00000 -0.00000
1566535985407990 0.99920 0.03993 -0.00000 -317.93571 -0.03993 0.99920 0.00000 28.27692 0.00000 -0.00000 1.00000 -0.00000
1566535985658251 0.99901 0.04441 -0.00000 -320.01492 -0.04441 0.99901 0.00000 29.66725 0.00000 -0.00000 1.00000 -0.00000
1566535985906115 0.99884 0.04818 -0.00000 -322.12177 -0.04818 0.99884 0.00000 30.86191 0.00000 -0.00000 1.00000 -0.00000
1566535986154945 0.99860 0.05285 -0.00000 -324.17019 -0.05285 0.99860 0.00000 32.39363 0.00000 -0.00000 1.00000 -0.00000
1566535986404525 0.99842 0.05619 -0.00000 -326.20830 -0.05619 0.99842 0.00000 33.47332 0.00000 -0.00000 1.00000 -0.00000
1566535986653842 0.99826 0.05904 -0.00000 -328.25321 -0.05904 0.99826 0.00000 34.39666 0.00000 -0.00000 1.00000 -0.00000
1566535986902837 0.99803 0.06272 -0.00000 -330.18267 -0.06272 0.99803 0.00000 35.56761 0.00000 -0.00000 1.00000 -0.00000
1566535987151898 0.99786 0.06535 -0.00000 -332.22649 -0.06535 0.99786 0.00000 36.44871 0.00000 -0.00000 1.00000 -0.00000
1566535987400709 0.99760 0.06917 -0.00000 -334.24005 -0.06917 0.99760 0.00000 37.69518 0.00000 -0.00000 1.00000 -0.00000
1566535987650504 0.99709 0.07625 -0.00000 -335.87973 -0.07625 0.99709 0.00000 40.04489 0.00000 -0.00000 1.00000 -0.00000
1566535987899399 0.99644 0.08436 -0.00000 -337.68009 -0.08436 0.99644 0.00000 42.73254 0.00000 -0.00000 1.00000 -0.00000
1566535988148827 0.99574 0.09218 -0.00000 -339.37870 -0.09218 0.99574 0.00000 45.37735 0.00000 -0.00000 1.00000 -0.00000
1566535988399196 0.99528 0.09701 -0.00000 -341.20538 -0.09701 0.99528 0.00000 47.00697 0.00000 -0.00000 1.00000 -0.00000
1566535988647555 0.99469 0.10295 -0.00000 -342.96434 -0.10295 0.99469 0.00000 49.05481 0.00000 -0.00000 1.00000 -0.00000
1566535988897368 0.99407 0.10873 -0.00000 -344.69416 -0.10873 0.99407 0.00000 51.03797 0.00000 -0.00000 1.00000 -0.00000
1566535989146665 0.99382 0.11100 -0.00000 -346.61551 -0.11100 0.99382 0.00000 51.78959 0.00000 -0.00000 1.00000 -0.00000
1566535989395665 0.99361 0.11283 -0.00000 -348.55178 -0.11283 0.99361 0.00000 52.44565 0.00000 -0.00000 1.00000 -0.00000
1566535989644515 0.99361 0.11288 -0.00000 -350.56365 -0.11288 0.99361 0.00000 52.44881 0.00000 -0.00000 1.00000 -0.00000
1566535989893912 0.99343 0.11448 -0.00000 -352.44512 -0.11448 0.99343 0.00000 53.02767 0.00000 -0.00000 1.00000 -0.00000
1566535990143298 0.99339 0.11481 -0.00000 -354.39939 -0.11481 0.99339 0.00000 53.11949 0.00000 -0.00000 1.00000 -0.00000
1566535990390917 0.99318 0.11663 -0.00000 -356.23232 -0.11663 0.99318 0.00000 53.74287 0.00000 -0.00000 1.00000 -0.00000
1566535990641307 0.99286 0.11927 -0.00000 -358.02977 -0.11927 0.99286 0.00000 54.73816 0.00000 -0.00000 1.00000 -0.00000
1566535990889304 0.99262 0.12123 -0.00000 -359.86320 -0.12123 0.99262 0.00000 55.42010 0.00000 -0.00000 1.00000 -0.00000
1566535991138701 0.99213 0.12521 -0.00000 -361.53322 -0.12521 0.99213 0.00000 56.83611 0.00000 -0.00000 1.00000 -0.00000
1566535991388608 0.99180 0.12779 -0.00000 -363.37702 -0.12779 0.99180 0.00000 57.78896 0.00000 -0.00000 1.00000 -0.00000
1566535991637627 0.99115 0.13273 -0.00000 -365.07817 -0.13273 0.99115 0.00000 59.56695 0.00000 -0.00000 1.00000 -0.00000
1566535991885929 0.99101 0.13378 -0.00000 -366.93078 -0.13378 0.99101 0.00000 59.92897 0.00000 -0.00000 1.00000 -0.00000
1566535992136439 0.99073 0.13585 -0.00000 -368.85138 -0.13585 0.99073 0.00000 60.66401 0.00000 -0.00000 1.00000 -0.00000
1566535992385594 0.99033 0.13875 -0.00000 -370.75814 -0.13875 0.99033 0.00000 61.75575 0.00000 -0.00000 1.00000 -0.00000
1566535992634829 0.99034 0.13865 -0.00000 -372.78258 -0.13865 0.99034 0.00000 61.71154 0.00000 -0.00000 1.00000 -0.00000
1566535992885839 0.99046 0.13783 -0.00000 -374.90052 -0.13783 0.99046 0.00000 61.33054 0.00000 -0.00000 1.00000 -0.00000
1566535993135817 0.99041 0.13814 -0.00000 -376.95775 -0.13814 0.99041 0.00000 61.43763 0.00000 -0.00000 1.00000 -0.00000
1566535993384408 0.99078 0.13548 -0.00000 -379.23633 -0.13548 0.99078 0.00000 60.46967 0.00000 -0.00000 1.00000 -0.00000
1566535993633431 0.99121 0.13226 -0.00000 -381.50055 -0.13226 0.99121 0.00000 59.21037 0.00000 -0.00000 1.00000 -0.00000
1566535993882767 0.99168 0.12875 -0.00000 -383.77482 -0.12875 0.99168 0.00000 57.89207 0.00000 -0.00000 1.00000 -0.00000
1566535994132061 0.99223 0.12443 -0.00000 -386.08156 -0.12443 0.99223 0.00000 56.21681 0.00000 -0.00000 1.00000 -0.00000
1566535994381470 0.99256 0.12179 -0.00000 -388.23026 -0.12179 0.99256 0.00000 55.16554 0.00000 -0.00000 1.00000 -0.00000
1566535994633921 0.99261 0.12135 -0.00000 -390.25980 -0.12135 0.99261 0.00000 55.06092 0.00000 -0.00000 1.00000 -0.00000
1566535994879805 0.99229 0.12394 -0.00000 -392.06322 -0.12394 0.99229 0.00000 56.03411 0.00000 -0.00000 1.00000 -0.00000
1566535995128661 0.99218 0.12483 -0.00000 -393.89966 -0.12483 0.99218 0.00000 56.39408 0.00000 -0.00000 1.00000 -0.00000
1566535995377466 0.99191 0.12693 -0.00000 -395.73437 -0.12693 0.99191 0.00000 57.28742 0.00000 -0.00000 1.00000 -0.00000
1566535995626465 0.99116 0.13268 -0.00000 -397.40697 -0.13268 0.99116 0.00000 59.52036 0.00000 -0.00000 1.00000 -0.00000
1566535995875973 0.99116 0.13268 -0.00000 -399.32142 -0.13268 0.99116 0.00000 59.57057 0.00000 -0.00000 1.00000 -0.00000
1566535996126472 0.99099 0.13393 -0.00000 -401.20331 -0.13393 0.99099 0.00000 60.09246 0.00000 -0.00000 1.00000 -0.00000
1566535996375487 0.99001 0.14100 -0.00000 -402.78795 -0.14100 0.99001 0.00000 62.88966 0.00000 -0.00000 1.00000 -0.00000
1566535996625312 0.98961 0.14378 -0.00000 -404.66122 -0.14378 0.98961 0.00000 64.03170 0.00000 -0.00000 1.00000 -0.00000
1566535996874985 0.98910 0.14724 -0.00000 -406.48922 -0.14724 0.98910 0.00000 65.44782 0.00000 -0.00000 1.00000 -0.00000
1566535997123500 0.98808 0.15393 -0.00000 -408.10484 -0.15393 0.98808 0.00000 68.17216 0.00000 -0.00000 1.00000 -0.00000
1566535997372041 0.98708 0.16023 -0.00000 -409.75261 -0.16023 0.98708 0.00000 70.81913 0.00000 -0.00000 1.00000 -0.00000
1566535997621630 0.98578 0.16802 -0.00000 -411.28400 -0.16802 0.98578 0.00000 74.01111 0.00000 -0.00000 1.00000 -0.00000
1566535997870885 0.98474 0.17401 -0.00000 -412.95104 -0.17401 0.98474 0.00000 76.56550 0.00000 -0.00000 1.00000 -0.00000
1566535998119407 0.98271 0.18514 -0.00000 -414.18709 -0.18514 0.98271 0.00000 81.13459 0.00000 -0.00000 1.00000 -0.00000
1566535998368776 0.98089 0.19454 -0.00000 -415.56144 -0.19454 0.98089 0.00000 85.16761 0.00000 -0.00000 1.00000 -0.00000
1566535998617993 0.97850 0.20622 -0.00000 -416.70554 -0.20622 0.97850 0.00000 90.04934 0.00000 -0.00000 1.00000 -0.00000
1566535998866642 0.97662 0.21497 -0.00000 -418.07442 -0.21497 0.97662 0.00000 93.73002 0.00000 -0.00000 1.00000 -0.00000
1566535999115959 0.97460 0.22394 -0.00000 -419.39997 -0.22394 0.97460 0.00000 97.59861 0.00000 -0.00000 1.00000 -0.00000
1566535999364723 0.97281 0.23158 -0.00000 -420.80154 -0.23158 0.97281 0.00000 100.84002 0.00000 -0.00000 1.00000 -0.00000
1566535999614206 0.97071 0.24026 -0.00000 -422.10687 -0.24026 0.97071 0.00000 104.59885 0.00000 -0.00000 1.00000 -0.00000
1566535999863257 0.96871 0.24819 -0.00000 -423.42463 -0.24819 0.96871 0.00000 108.03235 0.00000 -0.00000 1.00000 0.00000
1566536000111994 0.96685 0.25535 -0.00000 -424.78425 -0.25535 0.96685 0.00000 111.20990 0.00000 -0.00000 1.00000 0.00000
1566536000360143 0.96479 0.26302 -0.00000 -426.06587 -0.26302 0.96479 0.00000 114.52415 0.00000 -0.00000 1.00000 0.00000
1566536000608759 0.96292 0.26980 -0.00000 -427.33463 -0.26980 0.96292 0.00000 117.55659 0.00000 -0.00000 1.00000 0.00000
1566536000857652 0.96166 0.27425 -0.00000 -428.86251 -0.27425 0.96166 0.00000 119.48048 0.00000 -0.00000 1.00000 0.00000
1566536001107043 0.96104 0.27640 -0.00000 -430.57343 -0.27640 0.96104 0.00000 120.42152 0.00000 -0.00000 1.00000 0.00000
1566536001355501 0.95983 0.28057 -0.00000 -431.96808 -0.28057 0.95983 0.00000 122.28847 0.00000 -0.00000 1.00000 0.00000
1566536001604452 0.95857 0.28485 -0.00000 -433.21328 -0.28485 0.95857 0.00000 124.18219 0.00000 -0.00000 1.00000 0.00000
1566536001853983 0.95800 0.28677 -0.00000 -434.69698 -0.28677 0.95800 0.00000 125.05564 0.00000 -0.00000 1.00000 0.00000
1566536002104487 0.95656 0.29155 -0.00000 -435.72866 -0.29155 0.95656 0.00000 127.20040 0.00000 -0.00000 1.00000 0.00000
1566536002354006 0.95535 0.29547 -0.00000 -436.82885 -0.29547 0.95535 0.00000 129.01517 0.00000 -0.00000 1.00000 0.00000
1566536002603207 0.95441 0.29851 -0.00000 -438.05813 -0.29851 0.95441 0.00000 130.36470 0.00000 -0.00000 1.00000 0.00000
1566536002852439 0.95299 0.30301 -0.00000 -439.14545 -0.30301 0.95299 0.00000 132.46683 0.00000 -0.00000 1.00000 0.00000
1566536003101281 0.95141 0.30791 -0.00000 -440.11207 -0.30791 0.95141 0.00000 134.75650 0.00000 -0.00000 1.00000 0.00000
1566536003351159 0.95045 0.31088 -0.00000 -441.12647 -0.31088 0.95045 0.00000 136.06688 0.00000 -0.00000 1.00000 0.00000
1566536003600539 0.94979 0.31290 -0.00000 -442.44091 -0.31290 0.94979 0.00000 137.01998 0.00000 -0.00000 1.00000 0.00000
1566536003849119 0.94877 0.31596 -0.00000 -443.56995 -0.31596 0.94877 0.00000 138.45277 0.00000 -0.00000 1.00000 0.00000
1566536004098458 0.94748 0.31983 -0.00000 -444.53514 -0.31983 0.94748 0.00000 140.26880 0.00000 -0.00000 1.00000 0.00000
1566536004347194 0.94749 0.31978 -0.00000 -446.03264 -0.31978 0.94749 0.00000 140.23216 0.00000 -0.00000 1.00000 0.00000
1566536004596184 0.94712 0.32089 -0.00000 -447.35764 -0.32089 0.94712 0.00000 140.75987 0.00000 -0.00000 1.00000 0.00000
1566536004846103 0.94757 0.31954 -0.00000 -448.95312 -0.31954 0.94757 0.00000 140.12409 0.00000 -0.00000 1.00000 0.00000
1566536005094977 0.94772 0.31911 -0.00000 -450.40142 -0.31911 0.94772 0.00000 139.89662 0.00000 -0.00000 1.00000 0.00000
1566536005344215 0.94875 0.31603 -0.00000 -452.26153 -0.31603 0.94875 0.00000 138.42368 0.00000 -0.00000 1.00000 0.00000
1566536005593381 0.95342 0.30164 -0.00000 -455.67280 -0.30164 0.95342 0.00000 131.55916 0.00000 -0.00000 1.00000 0.00000
1566536005842476 0.96138 0.27522 -0.00000 -460.42545 -0.27522 0.96138 0.00000 118.95958 0.00000 -0.00000 1.00000 0.00000
1566536006092005 0.97178 0.23590 -0.00000 -466.09634 -0.23590 0.97178 0.00000 100.12098 0.00000 -0.00000 1.00000 0.00000
1566536006341131 0.98327 0.18213 -0.00000 -472.20691 -0.18213 0.98327 0.00000 74.46787 0.00000 -0.00000 1.00000 0.00000
1566536006589787 0.99341 0.11463 -0.00000 -477.29562 -0.11463 0.99341 0.00000 42.16813 0.00000 -0.00000 1.00000 0.00000
1566536006839274 0.99959 0.02872 -0.00000 -480.25758 -0.02872 0.99959 0.00000 1.04600 0.00000 -0.00000 1.00000 0.00000
1566536007088097 0.99780 -0.06631 0.00000 -479.27126 0.06631 0.99780 -0.00000 -44.47517 -0.00000 0.00000 1.00000 0.00000
1566536007337607 0.98574 -0.16827 0.00000 -473.26990 0.16827 0.98574 -0.00000 -93.21489 -0.00000 0.00000 1.00000 0.00000
1566536007587108 0.96115 -0.27603 0.00000 -461.08909 0.27603 0.96115 -0.00000 -144.79605 -0.00000 0.00000 1.00000 0.00000
1566536007836676 0.92514 -0.37962 0.00000 -443.52538 0.37962 0.92514 -0.00000 -194.30278 -0.00000 0.00000 1.00000 0.00000
1566536008085894 0.87433 -0.48533 0.00000 -418.77310 0.48533 0.87433 -0.00000 -244.75387 -0.00000 0.00000 1.00000 0.00000
1566536008334491 0.80882 -0.58805 0.00000 -386.94282 0.58805 0.80882 -0.00000 -293.76968 -0.00000 0.00000 1.00000 0.00000
1566536008583787 0.72964 -0.68383 0.00000 -348.53351 0.68383 0.72964 -0.00000 -339.39401 -0.00000 0.00000 1.00000 0.00000
1566536008832646 0.63556 -0.77205 0.00000 -303.03272 0.77205 0.63556 -0.00000 -381.28836 -0.00000 0.00000 1.00000 0.00000
1566536009082198 0.52956 -0.84827 0.00000 -251.84851 0.84827 0.52956 -0.00000 -417.38937 -0.00000 0.00000 1.00000 0.00000
1566536009331690 0.41535 -0.90966 0.00000 -196.82469 0.90966 0.41535 -0.00000 -446.29851 -0.00000 0.00000 1.00000 0.00000
1566536009580407 0.30033 -0.95384 0.00000 -141.56424 0.95384 0.30033 -0.00000 -467.01981 -0.00000 0.00000 1.00000 0.00000
1566536009830181 0.20547 -0.97866 0.00000 -96.19827 0.97866 0.20547 -0.00000 -478.50932 -0.00000 0.00000 1.00000 0.00000
1566536010079610 0.14193 -0.98988 0.00000 -66.30858 0.98988 0.14193 -0.00000 -483.67081 -0.00000 0.00000 1.00000 0.00000
1566536010329146 0.10532 -0.99444 0.00000 -49.71393 0.99444 0.10532 -0.00000 -485.73813 -0.00000 0.00000 1.00000 0.00000
1566536010578560 0.08041 -0.99676 0.00000 -38.98732 0.99676 0.08041 -0.00000 -486.85995 -0.00000 0.00000 1.00000 0.00000
1566536010828066 0.05699 -0.99837 0.00000 -28.96775 0.99837 0.05699 -0.00000 -487.73560 -0.00000 0.00000 1.00000 0.00000
1566536011077227 0.03952 -0.99922 0.00000 -21.81358 0.99922 0.03952 -0.00000 -488.15112 -0.00000 0.00000 1.00000 0.00000
1566536011326389 0.02569 -0.99967 0.00000 -16.42150 0.99967 0.02569 -0.00000 -488.36331 -0.00000 0.00000 1.00000 0.00000
1566536011575976 0.01789 -0.99984 0.00000 -14.12572 0.99984 0.01789 -0.00000 -488.48936 -0.00000 0.00000 1.00000 0.00000
1566536011825159 0.00893 -0.99996 0.00000 -11.33057 0.99996 0.00893 -0.00000 -488.58860 -0.00000 0.00000 1.00000 0.00000
1566536012073513 0.00487 -0.99999 0.00000 -10.91726 0.99999 0.00487 -0.00000 -488.66389 -0.00000 0.00000 1.00000 0.00000
1566536012322770 0.00477 -0.99999 0.00000 -12.49234 0.99999 0.00477 -0.00000 -488.65355 -0.00000 0.00000 1.00000 0.00000
1566536012573423 0.00583 -0.99998 0.00000 -14.70860 0.99998 0.00583 -0.00000 -488.64783 -0.00000 0.00000 1.00000 0.00000
1566536012822885 0.00734 -0.99997 0.00000 -17.14802 0.99997 0.00734 -0.00000 -488.67768 -0.00000 0.00000 1.00000 0.00000
1566536013071458 0.00917 -0.99996 0.00000 -19.81329 0.99996 0.00917 -0.00000 -488.62655 -0.00000 0.00000 1.00000 0.00000
1566536013320246 0.01049 -0.99995 0.00000 -22.22534 0.99995 0.01049 -0.00000 -488.55718 -0.00000 0.00000 1.00000 0.00000
1566536013569509 0.01291 -0.99992 0.00000 -25.25738 0.99992 0.01291 -0.00000 -488.47748 -0.00000 0.00000 1.00000 0.00000
1566536013818769 0.01341 -0.99991 0.00000 -27.37913 0.99991 0.01341 -0.00000 -488.52924 -0.00000 0.00000 1.00000 0.00000
1566536014068273 0.01236 -0.99992 0.00000 -28.75175 0.99992 0.01236 -0.00000 -488.55393 -0.00000 0.00000 1.00000 0.00000
1566536014317174 0.01270 -0.99992 0.00000 -30.85584 0.99992 0.01270 -0.00000 -488.57377 -0.00000 0.00000 1.00000 0.00000
1566536014566690 0.01487 -0.99989 0.00000 -33.90794 0.99989 0.01487 -0.00000 -488.49488 -0.00000 0.00000 1.00000 0.00000
1566536014815899 0.01829 -0.99983 0.00000 -37.59534 0.99983 0.01829 -0.00000 -488.40571 -0.00000 0.00000 1.00000 0.00000
1566536015065232 0.02476 -0.99969 0.00000 -42.80814 0.99969 0.02476 -0.00000 -488.15457 -0.00000 0.00000 1.00000 0.00000
1566536015314989 0.02974 -0.99956 0.00000 -47.29970 0.99956 0.02974 -0.00000 -487.91464 -0.00000 0.00000 1.00000 0.00000
1566536015565788 0.03150 -0.99950 0.00000 -50.25641 0.99950 0.03150 -0.00000 -487.80450 -0.00000 0.00000 1.00000 0.00000
1566536015812137 0.02607 -0.99966 0.00000 -49.65829 0.99966 0.02607 -0.00000 -488.11884 -0.00000 0.00000 1.00000 0.00000
1566536016062835 0.02177 -0.99976 0.00000 -49.66587 0.99976 0.02177 -0.00000 -488.27184 -0.00000 0.00000 1.00000 0.00000
1566536016311305 0.01819 -0.99983 0.00000 -50.06230 0.99983 0.01819 -0.00000 -488.43108 -0.00000 0.00000 1.00000 0.00000
1566536016560383 0.01467 -0.99989 0.00000 -50.46872 0.99989 0.01467 -0.00000 -488.60167 -0.00000 0.00000 1.00000 0.00000
1566536016809172 0.01127 -0.99994 0.00000 -50.92880 0.99994 0.01127 -0.00000 -488.77290 -0.00000 0.00000 1.00000 0.00000
1566536017058877 0.01046 -0.99995 0.00000 -52.66229 0.99995 0.01046 -0.00000 -488.88467 -0.00000 0.00000 1.00000 0.00000
1566536017307323 0.01194 -0.99993 0.00000 -55.52499 0.99993 0.01194 -0.00000 -488.74195 -0.00000 0.00000 1.00000 0.00000
1566536017556357 0.01707 -0.99985 0.00000 -60.06501 0.99985 0.01707 -0.00000 -488.45203 -0.00000 0.00000 1.00000 0.00000
1566536017805754 0.02218 -0.99975 0.00000 -64.65829 0.99975 0.02218 -0.00000 -488.16790 -0.00000 0.00000 1.00000 0.00000
1566536018054305 0.02427 -0.99971 0.00000 -67.67650 0.99971 0.02427 -0.00000 -487.99539 -0.00000 0.00000 1.00000 0.00000
1566536018303673 0.02706 -0.99963 0.00000 -70.90798 0.99963 0.02706 -0.00000 -487.85735 -0.00000 0.00000 1.00000 0.00000
1566536018552555 0.02721 -0.99963 0.00000 -72.83290 0.99963 0.02721 -0.00000 -487.85316 -0.00000 0.00000 1.00000 0.00000
1566536018801991 0.02294 -0.99974 0.00000 -72.48540 0.99974 0.02294 -0.00000 -488.18072 -0.00000 0.00000 1.00000 0.00000
1566536019050252 0.02061 -0.99979 0.00000 -72.98256 0.99979 0.02061 -0.00000 -488.27582 -0.00000 0.00000 1.00000 0.00000
1566536019299339 0.01927 -0.99981 0.00000 -73.95161 0.99981 0.01927 -0.00000 -488.40259 -0.00000 0.00000 1.00000 0.00000
1566536019548497 0.02088 -0.99978 0.00000 -76.35094 0.99978 0.02088 -0.00000 -488.28547 -0.00000 0.00000 1.00000 0.00000
1566536019798071 0.02045 -0.99979 0.00000 -77.72171 0.99979 0.02045 -0.00000 -488.33055 -0.00000 0.00000 1.00000 0.00000
1566536020047204 0.01918 -0.99982 0.00000 -78.61885 0.99982 0.01918 -0.00000 -488.40319 -0.00000 0.00000 1.00000 0.00000
1566536020296912 0.01989 -0.99980 0.00000 -80.45509 0.99980 0.01989 -0.00000 -488.36464 -0.00000 0.00000 1.00000 0.00000
1566536020546273 0.02119 -0.99978 0.00000 -82.70337 0.99978 0.02119 -0.00000 -488.35315 -0.00000 0.00000 1.00000 0.00000
1566536020794829 0.02391 -0.99971 0.00000 -85.63870 0.99971 0.02391 -0.00000 -488.05638 -0.00000 0.00000 1.00000 0.00000
1566536021044417 0.02632 -0.99965 0.00000 -88.26598 0.99965 0.02632 -0.00000 -487.89028 -0.00000 0.00000 1.00000 0.00000
1566536021294407 0.02806 -0.99961 0.00000 -90.67131 0.99961 0.02806 -0.00000 -487.76572 -0.00000 0.00000 1.00000 0.00000
1566536021543006 0.02929 -0.99957 0.00000 -92.92063 0.99957 0.02929 -0.00000 -487.56807 -0.00000 0.00000 1.00000 0.00000
1566536021793309 0.02939 -0.99957 0.00000 -94.64697 0.99957 0.02939 -0.00000 -487.65296 -0.00000 0.00000 1.00000 0.00000
1566536022043092 0.02993 -0.99955 0.00000 -96.53821 0.99955 0.02993 -0.00000 -487.58483 -0.00000 0.00000 1.00000 0.00000
1566536022291566 0.02867 -0.99959 0.00000 -97.57348 0.99959 0.02867 -0.00000 -487.71621 -0.00000 0.00000 1.00000 0.00000
1566536022540983 0.02847 -0.99959 0.00000 -99.14078 0.99959 0.02847 -0.00000 -487.78454 -0.00000 0.00000 1.00000 0.00000
1566536022789837 0.02592 -0.99966 0.00000 -99.55156 0.99966 0.02592 -0.00000 -488.04108 -0.00000 0.00000 1.00000 0.00000
1566536023039164 0.02169 -0.99976 0.00000 -99.13373 0.99976 0.02169 -0.00000 -488.47193 -0.00000 0.00000 1.00000 0.00000
1566536023288005 0.01939 -0.99981 0.00000 -99.58595 0.99981 0.01939 -0.00000 -488.71153 -0.00000 0.00000 1.00000 0.00000
1566536023537072 0.01795 -0.99984 0.00000 -100.50530 0.99984 0.01795 -0.00000 -488.85903 -0.00000 0.00000 1.00000 0.00000
1566536023786460 0.01823 -0.99983 0.00000 -102.25349 0.99983 0.01823 -0.00000 -488.84179 -0.00000 0.00000 1.00000 0.00000
1566536024035947 0.01902 -0.99982 0.00000 -104.21054 0.99982 0.01902 -0.00000 -488.79944 -0.00000 0.00000 1.00000 0.00000
1566536024284673 0.01920 -0.99982 0.00000 -105.88747 0.99982 0.01920 -0.00000 -488.72808 -0.00000 0.00000 1.00000 0.00000
1566536024533336 0.01977 -0.99980 0.00000 -107.70052 0.99980 0.01977 -0.00000 -488.65637 -0.00000 0.00000 1.00000 0.00000
