1620321572045994 1.00000 0.00000 0.00000 -0.00000 0.00000 -1.00000 0.00000 0.00000 0.00000 -0.00000 -1.00000 0.00000
1620321572295993 1.00000 0.00003 0.00000 0.00369 0.00003 -1.00000 0.00000 -0.02679 0.00000 -0.00000 -1.00000 -0.00000
1620321572546001 1.00000 -0.00038 -0.00000 0.01313 -0.00038 -1.00000 0.00000 -0.01983 -0.00000 -0.00000 -1.00000 -0.00000
1620321572796005 1.00000 0.00072 0.00000 0.00983 0.00072 -1.00000 0.00000 -0.01292 0.00000 -0.00000 -1.00000 -0.00000
1620321573046005 1.00000 0.00090 0.00000 0.00161 0.00090 -1.00000 0.00000 -0.01574 0.00000 -0.00000 -1.00000 -0.00000
1620321573296015 1.00000 -0.00051 0.00000 0.02104 -0.00051 -1.00000 0.00000 -0.02540 -0.00000 -0.00000 -1.00000 -0.00000
1620321573546016 1.00000 0.00112 0.00000 0.01658 0.00112 -1.00000 0.00000 -0.03501 0.00000 -0.00000 -1.00000 -0.00000
1620321573796026 1.00000 0.00212 0.00000 0.00189 0.00212 -1.00000 0.00000 -0.01638 0.00000 -0.00000 -1.00000 -0.00000
1620321574046029 1.00000 0.00217 0.00000 0.00542 0.00217 -1.00000 0.00000 -0.05213 0.00000 -0.00000 -1.00000 -0.00000
1620321574296025 1.00000 0.00165 0.00000 -0.01959 0.00165 -1.00000 0.00000 -0.01812 0.00000 -0.00000 -1.00000 -0.00000
1620321574546693 1.00000 -0.00165 -0.00000 0.01405 -0.00165 -1.00000 0.00000 -0.04057 -0.00000 -0.00000 -1.00000 -0.00000
1620321574796668 0.99999 -0.00489 0.00000 -0.00042 -0.00489 -0.99999 0.00000 -0.03370 -0.00000 -0.00000 -1.00000 -0.00000
1620321575046045 1.00000 0.00111 0.00000 0.00882 0.00111 -1.00000 0.00000 -0.02961 0.00000 -0.00000 -1.00000 -0.00000
1620321575296047 1.00000 -0.00124 0.00000 -0.01648 -0.00124 -1.00000 0.00000 -0.01169 -0.00000 -0.00000 -1.00000 -0.00000
1620321575545423 0.99999 -0.00416 0.00000 0.01474 -0.00416 -0.99999 0.00000 -0.08304 -0.00000 -0.00000 -1.00000 -0.00000
1620321575796061 0.99999 -0.00365 0.00000 0.02352 -0.00365 -0.99999 0.00000 -0.07757 -0.00000 -0.00000 -1.00000 -0.00000
1620321576046689 0.99998 -0.00656 -0.00000 0.01515 -0.00656 -0.99998 0.00000 -0.02516 -0.00000 -0.00000 -1.00000 -0.00000
1620321576296695 0.99999 -0.00425 0.00000 0.02739 -0.00425 -0.99999 0.00000 -0.02923 -0.00000 -0.00000 -1.00000 -0.00000
1620321576546704 1.00000 -0.00094 -0.00000 0.01984 -0.00094 -1.00000 0.00000 -0.02220 -0.00000 -0.00000 -1.00000 -0.00000
1620321576796701 1.00000 0.00231 0.00000 -0.00563 0.00231 -1.00000 0.00000 -0.03936 0.00000 -0.00000 -1.00000 -0.00000
1620321577046706 0.99999 0.00474 0.00000 0.00666 0.00474 -0.99999 0.00000 -0.01661 0.00000 -0.00000 -1.00000 -0.00000
1620321577296708 0.99999 0.00412 0.00000 0.00991 0.00412 -0.99999 0.00000 -0.01414 0.00000 -0.00000 -1.00000 -0.00000
1620321577546709 1.00000 0.00119 0.00000 -0.00240 0.00119 -1.00000 0.00000 -0.00818 0.00000 -0.00000 -1.00000 -0.00000
1620321577796713 0.99999 -0.00321 0.00000 0.01408 -0.00321 -0.99999 0.00000 -0.02875 -0.00000 -0.00000 -1.00000 -0.00000
1620321578046715 0.99997 -0.00720 -0.00000 0.02083 -0.00720 -0.99997 0.00000 -0.03161 -0.00000 -0.00000 -1.00000 -0.00000
1620321578296725 0.99999 -0.00351 0.00000 0.02980 -0.00351 -0.99999 0.00000 -0.04804 -0.00000 -0.00000 -1.00000 -0.00000
1620321578546731 0.99999 -0.00385 -0.00000 0.00013 -0.00385 -0.99999 0.00000 -0.01065 -0.00000 -0.00000 -1.00000 -0.00000
1620321578796731 0.99999 -0.00522 0.00000 0.01489 -0.00522 -0.99999 0.00000 -0.03550 -0.00000 -0.00000 -1.00000 -0.00000
1620321579046732 0.99999 -0.00545 0.00000 0.02060 -0.00545 -0.99999 0.00000 -0.02818 -0.00000 -0.00000 -1.00000 -0.00000
1620321579296745 0.99998 -0.00664 -0.00000 0.01697 -0.00664 -0.99998 0.00000 -0.01435 -0.00000 -0.00000 -1.00000 -0.00000
1620321579546745 0.99998 -0.00616 0.00000 0.01874 -0.00616 -0.99998 0.00000 -0.03448 -0.00000 -0.00000 -1.00000 -0.00000
1620321579796127 0.99998 -0.00579 -0.00000 -0.01949 -0.00579 -0.99998 0.00000 -0.08273 -0.00000 -0.00000 -1.00000 -0.00000
1620321580046130 1.00000 0.00081 -0.00000 0.00009 0.00081 -1.00000 0.00000 -0.03408 0.00000 -0.00000 -1.00000 -0.00000
1620321580296130 1.00000 0.00001 0.00000 -0.01051 0.00001 -1.00000 0.00000 0.00301 0.00000 -0.00000 -1.00000 0.00000
1620321580546134 1.00000 -0.00075 0.00000 0.00040 -0.00075 -1.00000 0.00000 -0.03548 -0.00000 -0.00000 -1.00000 -0.00000
1620321580796145 1.00000 -0.00236 0.00000 -0.01353 -0.00236 -1.00000 0.00000 -0.03501 -0.00000 -0.00000 -1.00000 -0.00000
1620321581045519 0.99999 -0.00354 0.00000 0.00039 -0.00354 -0.99999 0.00000 -0.08756 -0.00000 -0.00000 -1.00000 -0.00000
1620321581296154 1.00000 -0.00079 0.00000 -0.07142 -0.00079 -1.00000 0.00000 0.00395 -0.00000 -0.00000 -1.00000 0.00000
1620321581546773 0.99998 -0.00574 0.00000 -0.19320 -0.00574 -0.99998 0.00000 0.03061 -0.00000 -0.00000 -1.00000 0.00000
1620321581796786 0.99988 -0.01560 0.00000 -0.33499 -0.01560 -0.99988 0.00000 -0.02867 -0.00000 -0.00000 -1.00000 -0.00000
1620321582047413 0.99929 -0.03770 0.00000 -0.56403 -0.03770 -0.99929 0.00000 -0.05722 -0.00000 -0.00000 -1.00000 -0.00000
1620321582298038 0.99765 -0.06848 0.00000 -0.94412 -0.06848 -0.99765 0.00000 -0.05313 -0.00000 -0.00000 -1.00000 -0.00000
1620321582548080 0.99514 -0.09850 0.00000 -1.40813 -0.09850 -0.99514 0.00000 -0.01915 -0.00000 -0.00000 -1.00000 -0.00000
1620321582798049 0.99034 -0.13868 0.00000 -1.96312 -0.13868 -0.99034 0.00000 0.00360 -0.00000 -0.00000 -1.00000 0.00000
1620321583047427 0.98822 -0.15302 0.00000 -2.62491 -0.15302 -0.98822 0.00000 0.01720 -0.00000 -0.00000 -1.00000 0.00000
1620321583297435 0.98413 -0.17746 -0.00000 -3.42109 -0.17746 -0.98413 0.00000 0.06521 -0.00000 -0.00000 -1.00000 0.00000
1620321583546811 0.98380 -0.17925 0.00000 -4.27941 -0.17925 -0.98380 0.00000 -0.03148 -0.00000 -0.00000 -1.00000 -0.00000
1620321583797439 0.98170 -0.19044 0.00000 -5.26637 -0.19044 -0.98170 0.00000 0.09739 -0.00000 -0.00000 -1.00000 0.00000
1620321584046822 0.98336 -0.18167 -0.00000 -6.24250 -0.18167 -0.98336 0.00000 -0.03610 -0.00000 -0.00000 -1.00000 -0.00000
1620321584296819 0.98348 -0.18100 0.00000 -7.36668 -0.18100 -0.98348 0.00000 0.02486 -0.00000 -0.00000 -1.00000 0.00000
1620321584546840 0.98458 -0.17494 0.00000 -8.52599 -0.17494 -0.98458 0.00000 -0.08828 -0.00000 -0.00000 -1.00000 -0.00000
1620321584796837 0.98597 -0.16693 0.00000 -9.84055 -0.16693 -0.98597 0.00000 -0.17562 -0.00000 -0.00000 -1.00000 -0.00000
1620321585046206 0.98796 -0.15468 0.00000 -10.99403 -0.15468 -0.98796 0.00000 -0.41626 -0.00000 -0.00000 -1.00000 -0.00000
1620321585296214 0.99100 -0.13384 0.00000 -12.37013 -0.13384 -0.99100 0.00000 -0.63751 -0.00000 -0.00000 -1.00000 -0.00000
1620321585546845 0.99305 -0.11765 0.00000 -13.78564 -0.11765 -0.99305 0.00000 -0.76896 -0.00000 -0.00000 -1.00000 -0.00000
1620321585796230 0.99482 -0.10167 -0.00000 -15.18536 -0.10167 -0.99482 0.00000 -1.09995 -0.00000 -0.00000 -1.00000 -0.00000
1620321586046852 0.99590 -0.09041 0.00000 -16.67521 -0.09041 -0.99590 0.00000 -1.18134 -0.00000 -0.00000 -1.00000 -0.00000
1620321586296857 0.99744 -0.07154 0.00000 -18.21003 -0.07154 -0.99744 0.00000 -1.56086 -0.00000 -0.00000 -1.00000 -0.00000
1620321586546859 0.99798 -0.06349 0.00000 -19.80748 -0.06349 -0.99798 0.00000 -1.68866 -0.00000 -0.00000 -1.00000 -0.00000
1620321586796240 0.99866 -0.05168 0.00000 -21.48244 -0.05168 -0.99866 0.00000 -2.04630 -0.00000 -0.00000 -1.00000 -0.00000
1620321587046245 0.99897 -0.04545 0.00000 -23.17649 -0.04545 -0.99897 0.00000 -2.10834 -0.00000 -0.00000 -1.00000 -0.00000
1620321587296255 0.99908 -0.04288 0.00000 -24.87734 -0.04288 -0.99908 0.00000 -2.17971 -0.00000 -0.00000 -1.00000 -0.00000
1620321587546252 0.99938 -0.03533 0.00000 -26.63648 -0.03533 -0.99938 0.00000 -2.41240 -0.00000 -0.00000 -1.00000 -0.00000
1620321587796880 0.99979 -0.02033 0.00000 -28.43049 -0.02033 -0.99979 0.00000 -2.80219 -0.00000 -0.00000 -1.00000 -0.00000
1620321588047517 0.99998 -0.00601 0.00000 -30.18899 -0.00601 -0.99998 0.00000 -3.28428 -0.00000 -0.00000 -1.00000 -0.00000
1620321588297516 0.99991 0.01332 0.00000 -31.95829 0.01332 -0.99991 0.00000 -3.88306 0.00000 -0.00000 -1.00000 -0.00000
1620321588548141 0.99953 0.03053 0.00000 -33.63746 0.03053 -0.99953 0.00000 -4.47094 0.00000 -0.00000 -1.00000 -0.00000
1620321588798146 0.99922 0.03954 0.00000 -35.35813 0.03954 -0.99922 0.00000 -4.84264 0.00000 -0.00000 -1.00000 -0.00000
1620321589048151 0.99888 0.04740 -0.00000 -36.94921 0.04740 -0.99888 0.00000 -5.11594 0.00000 -0.00000 -1.00000 -0.00000
1620321589297539 0.99790 0.06482 0.00000 -38.56771 0.06482 -0.99790 0.00000 -5.61675 0.00000 -0.00000 -1.00000 -0.00000
1620321589547533 0.99729 0.07354 0.00000 -40.20000 0.07354 -0.99729 0.00000 -6.03963 0.00000 -0.00000 -1.00000 -0.00000
1620321589797544 0.99729 0.07352 0.00000 -41.76435 0.07352 -0.99729 0.00000 -6.19991 0.00000 -0.00000 -1.00000 -0.00000
1620321590046921 0.99665 0.08183 0.00000 -43.20209 0.08183 -0.99665 0.00000 -6.47545 0.00000 -0.00000 -1.00000 -0.00000
1620321590297548 0.99686 0.07916 -0.00000 -44.93649 0.07916 -0.99686 0.00000 -6.39461 0.00000 -0.00000 -1.00000 -0.00000
1620321590546971 0.99639 0.08484 0.00000 -46.42965 0.08484 -0.99639 0.00000 -6.69804 0.00000 -0.00000 -1.00000 -0.00000
1620321590796931 0.99656 0.08291 -0.00000 -48.03326 0.08291 -0.99656 0.00000 -6.72163 0.00000 -0.00000 -1.00000 -0.00000
1620321591046931 0.99685 0.07926 0.00000 -49.71037 0.07926 -0.99685 0.00000 -6.54050 0.00000 -0.00000 -1.00000 -0.00000
1620321591297569 0.99797 0.06366 0.00000 -51.36283 0.06366 -0.99797 0.00000 -5.68165 0.00000 -0.00000 -1.00000 -0.00000
1620321591546947 0.99857 0.05346 0.00000 -53.09964 0.05346 -0.99857 0.00000 -5.15087 0.00000 -0.00000 -1.00000 -0.00000
1620321591796325 0.99911 0.04229 -0.00000 -54.77833 0.04229 -0.99911 0.00000 -4.66767 0.00000 -0.00000 -1.00000 -0.00000
1620321592046336 0.99938 0.03510 0.00000 -56.53592 0.03510 -0.99938 0.00000 -4.21300 0.00000 -0.00000 -1.00000 -0.00000
1620321592296334 0.99951 0.03126 0.00000 -58.29183 0.03126 -0.99951 0.00000 -4.11120 0.00000 -0.00000 -1.00000 -0.00000
1620321592546349 0.99962 0.02761 0.00000 -60.14575 0.02761 -0.99962 0.00000 -3.88673 0.00000 -0.00000 -1.00000 -0.00000
1620321592796967 0.99985 0.01721 0.00000 -61.95895 0.01721 -0.99985 0.00000 -3.23142 0.00000 -0.00000 -1.00000 -0.00000
1620321593046351 0.99979 0.02072 -0.00000 -63.83446 0.02072 -0.99979 0.00000 -3.54986 0.00000 -0.00000 -1.00000 -0.00000
1620321593296976 0.99990 0.01413 0.00000 -65.73082 0.01413 -0.99990 0.00000 -3.12151 0.00000 -0.00000 -1.00000 -0.00000
1620321593546353 0.99975 0.02241 0.00000 -67.66552 0.02241 -0.99975 0.00000 -3.70632 0.00000 -0.00000 -1.00000 -0.00000
1620321593796983 0.99984 0.01764 0.00000 -69.71891 0.01764 -0.99984 0.00000 -3.29048 0.00000 -0.00000 -1.00000 -0.00000
1620321594046989 0.99979 0.02031 0.00000 -71.64358 0.02031 -0.99979 0.00000 -3.48468 0.00000 -0.00000 -1.00000 -0.00000
1620321594296371 0.99978 0.02113 -0.00000 -73.66593 0.02113 -0.99978 0.00000 -3.73400 0.00000 -0.00000 -1.00000 -0.00000
1620321594546993 0.99992 0.01288 0.00000 -75.77521 0.01288 -0.99992 0.00000 -2.99894 0.00000 -0.00000 -1.00000 -0.00000
1620321594796997 0.99991 0.01376 0.00000 -77.74686 0.01376 -0.99991 0.00000 -3.03324 0.00000 -0.00000 -1.00000 -0.00000
1620321595047007 1.00000 0.00130 0.00000 -79.94191 0.00130 -1.00000 0.00000 -2.17383 0.00000 -0.00000 -1.00000 -0.00000
1620321595297013 0.99979 -0.02029 -0.00000 -81.92053 -0.02029 -0.99979 0.00000 -0.40385 -0.00000 -0.00000 -1.00000 -0.00000
1620321595546389 0.99910 -0.04235 0.00000 -83.99157 -0.04235 -0.99910 0.00000 1.27333 -0.00000 -0.00000 -1.00000 0.00000
1620321595795766 0.99723 -0.07435 0.00000 -85.94957 -0.07435 -0.99723 0.00000 3.97510 -0.00000 -0.00000 -1.00000 0.00000
1620321596046391 0.99297 -0.11839 0.00000 -87.66887 -0.11839 -0.99297 0.00000 7.81428 -0.00000 -0.00000 -1.00000 0.00000
1620321596297030 0.98803 -0.15429 0.00000 -89.32701 -0.15429 -0.98803 0.00000 10.97272 -0.00000 -0.00000 -1.00000 0.00000
1620321596547660 0.97933 -0.20226 0.00000 -90.79361 -0.20226 -0.97933 0.00000 15.29531 -0.00000 -0.00000 -1.00000 0.00000
1620321596797660 0.96805 -0.25078 0.00000 -92.00632 -0.25078 -0.96805 0.00000 19.83225 -0.00000 -0.00000 -1.00000 0.00000
1620321597047661 0.95349 -0.30144 0.00000 -92.65404 -0.30144 -0.95349 0.00000 24.54620 -0.00000 -0.00000 -1.00000 0.00000
1620321597297673 0.93017 -0.36713 0.00000 -92.74894 -0.36713 -0.93017 0.00000 31.00203 -0.00000 -0.00000 -1.00000 0.00000
1620321597547045 0.90636 -0.42250 0.00000 -92.73532 -0.42250 -0.90636 0.00000 36.65729 -0.00000 -0.00000 -1.00000 0.00000
1620321597796428 0.87605 -0.48223 -0.00000 -92.07030 -0.48223 -0.87605 0.00000 42.81681 -0.00000 -0.00000 -1.00000 0.00000
1620321598045808 0.84403 -0.53630 0.00000 -91.12479 -0.53630 -0.84403 0.00000 48.39972 -0.00000 -0.00000 -1.00000 0.00000
1620321598295810 0.80414 -0.59444 0.00000 -89.42837 -0.59444 -0.80414 0.00000 54.72086 -0.00000 -0.00000 -1.00000 0.00000
1620321598545826 0.77110 -0.63671 0.00000 -88.43316 -0.63671 -0.77110 0.00000 59.32124 -0.00000 -0.00000 -1.00000 0.00000
1620321598796447 0.73416 -0.67898 0.00000 -86.89768 -0.67898 -0.73416 0.00000 64.17730 -0.00000 -0.00000 -1.00000 0.00000
1620321599047075 0.68918 -0.72459 0.00000 -84.54072 -0.72459 -0.68918 0.00000 69.71095 -0.00000 -0.00000 -1.00000 0.00000
1620321599298326 0.63873 -0.76943 0.00000 -81.49481 -0.76943 -0.63873 0.00000 75.38509 -0.00000 -0.00000 -1.00000 0.00000
1620321599548329 0.58737 -0.80932 0.00000 -78.33267 -0.80932 -0.58737 0.00000 80.35945 -0.00000 -0.00000 -1.00000 0.00000
1620321599797713 0.52990 -0.84806 0.00000 -74.43901 -0.84806 -0.52990 0.00000 85.41956 -0.00000 -0.00000 -1.00000 0.00000
1620321600047091 0.47822 -0.87824 0.00000 -71.08498 -0.87824 -0.47822 0.00000 89.66576 -0.00000 -0.00000 -1.00000 0.00000
1620321600296473 0.43631 -0.89980 0.00000 -68.64155 -0.89980 -0.43631 0.00000 92.77896 -0.00000 -0.00000 -1.00000 0.00000
1620321600546478 0.41087 -0.91169 0.00000 -68.01444 -0.91169 -0.41087 0.00000 94.73387 -0.00000 -0.00000 -1.00000 0.00000
1620321600796479 0.39015 -0.92075 -0.00000 -67.79137 -0.92075 -0.39015 0.00000 96.37160 -0.00000 -0.00000 -1.00000 0.00000
1620321601045852 0.38509 -0.92288 -0.00000 -69.22209 -0.92288 -0.38509 0.00000 96.53947 -0.00000 -0.00000 -1.00000 0.00000
1620321601295856 0.38465 -0.92306 0.00000 -71.24479 -0.92306 -0.38465 0.00000 96.67436 -0.00000 -0.00000 -1.00000 0.00000
1620321601546487 0.38630 -0.92237 0.00000 -73.49371 -0.92237 -0.38630 0.00000 96.50216 -0.00000 -0.00000 -1.00000 0.00000
1620321601797122 0.39106 -0.92037 0.00000 -76.05337 -0.92037 -0.39106 0.00000 96.10982 -0.00000 -0.00000 -1.00000 0.00000
1620321602047753 0.40005 -0.91649 0.00000 -79.10890 -0.91649 -0.40005 0.00000 95.40500 -0.00000 -0.00000 -1.00000 0.00000
1620321602298382 0.41433 -0.91013 0.00000 -82.75014 -0.91013 -0.41433 0.00000 94.19515 -0.00000 -0.00000 -1.00000 0.00000
1620321602548386 0.42985 -0.90290 0.00000 -86.50606 -0.90290 -0.42985 0.00000 92.60025 -0.00000 -0.00000 -1.00000 0.00000
1620321602798387 0.44291 -0.89657 0.00000 -90.09585 -0.89657 -0.44291 0.00000 91.28411 -0.00000 -0.00000 -1.00000 0.00000
1620321603048392 0.45242 -0.89180 0.00000 -93.20374 -0.89180 -0.45242 0.00000 90.30834 -0.00000 -0.00000 -1.00000 0.00000
1620321603298398 0.46480 -0.88541 -0.00000 -96.58233 -0.88541 -0.46480 0.00000 89.00687 -0.00000 -0.00000 -1.00000 0.00000
1620321603548397 0.47786 -0.87844 -0.00000 -100.00436 -0.87844 -0.47786 0.00000 87.50484 -0.00000 -0.00000 -1.00000 0.00000
1620321603798407 0.48997 -0.87174 0.00000 -103.41540 -0.87174 -0.48997 0.00000 85.97561 -0.00000 -0.00000 -1.00000 0.00000
1620321604049034 0.49762 -0.86739 0.00000 -106.30449 -0.86739 -0.49762 0.00000 85.11566 -0.00000 -0.00000 -1.00000 0.00000
1620321604298418 0.50583 -0.86264 0.00000 -109.10943 -0.86264 -0.50583 0.00000 84.00458 -0.00000 -0.00000 -1.00000 0.00000
1620321604549042 0.50828 -0.86119 0.00000 -111.49288 -0.86119 -0.50828 0.00000 83.79088 -0.00000 -0.00000 -1.00000 0.00000
1620321604799048 0.51754 -0.85566 0.00000 -114.39677 -0.85566 -0.51754 0.00000 82.44253 -0.00000 -0.00000 -1.00000 0.00000
1620321605049055 0.52026 -0.85401 -0.00000 -116.73008 -0.85401 -0.52026 0.00000 81.91181 -0.00000 -0.00000 -1.00000 0.00000
1620321605299680 0.51819 -0.85527 0.00000 -118.64064 -0.85527 -0.51819 0.00000 82.42308 -0.00000 -0.00000 -1.00000 0.00000
1620321605549056 0.53407 -0.84544 0.00000 -121.96809 -0.84544 -0.53407 0.00000 79.97843 -0.00000 -0.00000 -1.00000 0.00000
1620321605799690 0.53932 -0.84210 -0.00000 -124.41380 -0.84210 -0.53932 0.00000 79.28676 -0.00000 -0.00000 -1.00000 0.00000
1620321606049696 0.55248 -0.83353 -0.00000 -127.55655 -0.83353 -0.55248 0.00000 77.33554 -0.00000 -0.00000 -1.00000 0.00000
1620321606299709 0.56519 -0.82496 -0.00000 -130.53565 -0.82496 -0.56519 0.00000 75.33844 -0.00000 -0.00000 -1.00000 0.00000
1620321606549704 0.57896 -0.81536 0.00000 -133.51683 -0.81536 -0.57896 0.00000 73.14756 -0.00000 -0.00000 -1.00000 0.00000
1620321606799707 0.59589 -0.80306 0.00000 -136.69729 -0.80306 -0.59589 0.00000 70.33854 -0.00000 -0.00000 -1.00000 0.00000
1620321607049712 0.61961 -0.78491 0.00000 -140.30426 -0.78491 -0.61961 0.00000 66.26047 -0.00000 -0.00000 -1.00000 0.00000
1620321607299096 0.65910 -0.75205 0.00000 -145.11538 -0.75205 -0.65910 0.00000 58.90103 -0.00000 -0.00000 -1.00000 0.00000
1620321607549092 0.69663 -0.71743 0.00000 -149.47667 -0.71743 -0.69663 0.00000 51.39236 -0.00000 -0.00000 -1.00000 0.00000
1620321607799098 0.74307 -0.66921 0.00000 -153.94243 -0.66921 -0.74307 0.00000 41.26334 -0.00000 -0.00000 -1.00000 0.00000
1620321608048480 0.79884 -0.60155 0.00000 -158.38887 -0.60155 -0.79884 0.00000 27.53196 -0.00000 -0.00000 -1.00000 0.00000
1620321608298480 0.85069 -0.52567 0.00000 -161.58489 -0.52567 -0.85069 0.00000 12.79594 -0.00000 -0.00000 -1.00000 0.00000
1620321608548495 0.90272 -0.43023 -0.00000 -163.36608 -0.43023 -0.90272 0.00000 -4.81813 -0.00000 -0.00000 -1.00000 -0.00000
1620321608798485 0.94404 -0.32982 -0.00000 -163.04792 -0.32982 -0.94404 0.00000 -22.51463 -0.00000 -0.00000 -1.00000 -0.00000
1620321609048490 0.97786 -0.20925 0.00000 -160.18216 -0.20925 -0.97786 0.00000 -42.68034 -0.00000 -0.00000 -1.00000 -0.00000
1620321609298501 0.99739 -0.07222 0.00000 -153.91129 -0.07222 -0.99739 0.00000 -64.46716 -0.00000 -0.00000 -1.00000 -0.00000
1620321609548497 0.99734 0.07290 0.00000 -144.08278 0.07290 -0.99734 0.00000 -86.00994 0.00000 -0.00000 -1.00000 -0.00000
1620321609797878 0.97043 0.24136 -0.00000 -128.48761 0.24136 -0.97043 0.00000 -109.23949 0.00000 -0.00000 -1.00000 -0.00000
1620321610047882 0.91964 0.39275 0.00000 -110.58509 0.39275 -0.91964 0.00000 -128.23633 0.00000 -0.00000 -1.00000 -0.00000
1620321610297890 0.84230 0.53900 0.00000 -88.97571 0.53900 -0.84230 0.00000 -144.73555 0.00000 -0.00000 -1.00000 -0.00000
1620321610548522 0.73122 0.68215 0.00000 -62.40245 0.68215 -0.73122 0.00000 -158.35801 0.00000 -0.00000 -1.00000 -0.00000
1620321610798523 0.60158 0.79881 -0.00000 -35.03571 0.79881 -0.60158 0.00000 -166.78446 0.00000 -0.00000 -1.00000 -0.00000
1620321611048525 0.45065 0.89270 0.00000 -5.96313 0.89270 -0.45065 0.00000 -170.31980 0.00000 -0.00000 -1.00000 -0.00000
1620321611299158 0.28107 0.95969 -0.00000 24.03892 0.95969 -0.28107 0.00000 -168.52502 0.00000 -0.00000 -1.00000 -0.00000
1620321611549169 0.10537 0.99443 -0.00000 52.69572 0.99443 -0.10537 0.00000 -161.54461 0.00000 -0.00000 -1.00000 -0.00000
1620321611799170 -0.08180 0.99665 0.00000 80.82828 0.99665 0.08180 0.00000 -148.88382 0.00000 0.00000 -1.00000 -0.00000
1620321612049166 -0.26776 0.96349 0.00000 106.09352 0.96349 0.26776 0.00000 -131.01437 0.00000 0.00000 -1.00000 -0.00000
1620321612299192 -0.44137 0.89732 0.00000 127.52289 0.89732 0.44137 0.00000 -109.11979 0.00000 0.00000 -1.00000 -0.00000
1620321612549803 -0.58962 0.80768 0.00000 143.08304 0.80768 0.58962 0.00000 -85.29409 0.00000 0.00000 -1.00000 -0.00000
1620321612799810 -0.70515 0.70905 -0.00000 153.06719 0.70905 0.70515 0.00000 -62.65294 0.00000 0.00000 -1.00000 -0.00000
1620321613049814 -0.78802 0.61565 0.00000 158.38199 0.61565 0.78802 0.00000 -43.14364 0.00000 0.00000 -1.00000 -0.00000
1620321613299818 -0.84352 0.53710 0.00000 160.53347 0.53710 0.84352 0.00000 -27.66136 0.00000 0.00000 -1.00000 -0.00000
1620321613549817 -0.87699 0.48051 0.00000 160.49151 0.48051 0.87699 0.00000 -17.09071 0.00000 0.00000 -1.00000 -0.00000
1620321613800455 -0.90267 0.43034 0.00000 159.94434 0.43034 0.90267 0.00000 -7.96178 0.00000 0.00000 -1.00000 -0.00000
1620321614050457 -0.91344 0.40698 0.00000 158.53210 0.40698 0.91344 0.00000 -4.01052 0.00000 0.00000 -1.00000 -0.00000
1620321614301098 -0.92375 0.38300 0.00000 157.12379 0.38300 0.92375 0.00000 0.27010 0.00000 0.00000 -1.00000 0.00000
1620321614551084 -0.92627 0.37686 0.00000 155.43474 0.37686 0.92627 0.00000 1.31953 0.00000 0.00000 -1.00000 0.00000
1620321614801093 -0.92518 0.37954 0.00000 153.83200 0.37954 0.92518 0.00000 0.90317 0.00000 0.00000 -1.00000 0.00000
1620321615051100 -0.91689 0.39915 0.00000 152.18366 0.39915 0.91689 0.00000 -2.35568 0.00000 0.00000 -1.00000 -0.00000
1620321615300479 -0.90408 0.42737 -0.00000 150.31020 0.42737 0.90408 0.00000 -7.17514 0.00000 0.00000 -1.00000 -0.00000
1620321615550478 -0.88573 0.46420 -0.00000 148.16778 0.46420 0.88573 0.00000 -13.37157 0.00000 0.00000 -1.00000 -0.00000
1620321615800479 -0.86483 0.50206 0.00000 145.84389 0.50206 0.86483 0.00000 -19.83176 0.00000 0.00000 -1.00000 -0.00000
1620321616050484 -0.83359 0.55239 0.00000 142.63511 0.55239 0.83359 0.00000 -28.27139 0.00000 0.00000 -1.00000 -0.00000
1620321616299868 -0.80434 0.59417 0.00000 139.24133 0.59417 0.80434 0.00000 -35.58251 0.00000 0.00000 -1.00000 -0.00000
1620321616549247 -0.76978 0.63832 0.00000 135.19293 0.63832 0.76978 0.00000 -43.39206 0.00000 0.00000 -1.00000 -0.00000
1620321616798625 -0.73274 0.68051 0.00000 130.71144 0.68051 0.73274 0.00000 -50.96419 0.00000 0.00000 -1.00000 -0.00000
1620321617048630 -0.68627 0.72735 0.00000 125.13679 0.72735 0.68627 0.00000 -59.38853 0.00000 0.00000 -1.00000 -0.00000
1620321617298012 -0.64734 0.76220 0.00000 119.88126 0.76220 0.64734 0.00000 -66.02029 0.00000 0.00000 -1.00000 -0.00000
1620321617548007 -0.60698 0.79472 0.00000 114.26582 0.79472 0.60698 0.00000 -72.07518 0.00000 0.00000 -1.00000 -0.00000
1620321617798024 -0.56004 0.82846 -0.00000 107.97124 0.82846 0.56004 0.00000 -78.61054 0.00000 0.00000 -1.00000 -0.00000
1620321618048022 -0.50948 0.86048 -0.00000 101.10523 0.86048 0.50948 0.00000 -84.86563 0.00000 0.00000 -1.00000 -0.00000
1620321618297399 -0.46625 0.88465 -0.00000 94.78290 0.88465 0.46625 0.00000 -89.79879 0.00000 0.00000 -1.00000 -0.00000
1620321618547405 -0.42363 0.90584 0.00000 88.28373 0.90584 0.42363 0.00000 -94.09504 0.00000 0.00000 -1.00000 -0.00000
1620321618796785 -0.39795 0.91741 0.00000 83.68177 0.91741 0.39795 0.00000 -96.74925 0.00000 0.00000 -1.00000 -0.00000
1620321619046788 -0.36746 0.93004 0.00000 78.34779 0.93004 0.36746 0.00000 -99.39425 0.00000 0.00000 -1.00000 -0.00000
1620321619296792 -0.34272 0.93944 -0.00000 73.56952 0.93944 0.34272 0.00000 -101.53236 0.00000 0.00000 -1.00000 -0.00000
1620321619546170 -0.33291 0.94296 0.00000 70.44537 0.94296 0.33291 0.00000 -102.26357 0.00000 0.00000 -1.00000 -0.00000
1620321619796174 -0.32093 0.94710 0.00000 67.10643 0.94710 0.32093 0.00000 -103.45841 0.00000 0.00000 -1.00000 -0.00000
1620321620046804 -0.31918 0.94769 0.00000 64.69245 0.94769 0.31918 0.00000 -103.37300 0.00000 0.00000 -1.00000 -0.00000
1620321620297430 -0.32660 0.94516 0.00000 63.32569 0.94516 0.32660 0.00000 -102.83792 0.00000 0.00000 -1.00000 -0.00000
1620321620548062 -0.33876 0.94087 0.00000 62.53433 0.94087 0.33876 0.00000 -102.05189 0.00000 0.00000 -1.00000 -0.00000
1620321620798067 -0.36608 0.93058 0.00000 63.31599 0.93058 0.36608 0.00000 -100.36398 0.00000 0.00000 -1.00000 -0.00000
1620321621048701 -0.40068 0.91622 0.00000 64.88764 0.91622 0.40068 0.00000 -97.94903 0.00000 0.00000 -1.00000 -0.00000
1620321621298703 -0.44129 0.89736 -0.00000 67.01749 0.89736 0.44129 0.00000 -95.04464 0.00000 0.00000 -1.00000 -0.00000
1620321621548703 -0.48887 0.87236 -0.00000 69.85595 0.87236 0.48887 0.00000 -91.40232 0.00000 0.00000 -1.00000 -0.00000
1620321621798708 -0.53934 0.84209 0.00000 72.96588 0.84209 0.53934 0.00000 -87.13405 0.00000 0.00000 -1.00000 -0.00000
1620321622048713 -0.59714 0.80214 0.00000 76.87409 0.80214 0.59714 0.00000 -81.92462 0.00000 0.00000 -1.00000 -0.00000
1620321622298717 -0.65318 0.75721 0.00000 80.35713 0.75721 0.65318 0.00000 -76.39769 0.00000 0.00000 -1.00000 -0.00000
1620321622548763 -0.70389 0.71031 0.00000 83.37413 0.71031 0.70389 0.00000 -70.80688 0.00000 0.00000 -1.00000 -0.00000
1620321622799350 -0.75313 0.65788 0.00000 86.19941 0.65788 0.75313 0.00000 -64.58678 0.00000 0.00000 -1.00000 -0.00000
1620321623049356 -0.80020 0.59974 0.00000 88.70136 0.59974 0.80020 0.00000 -58.13081 0.00000 0.00000 -1.00000 -0.00000
1620321623298738 -0.84210 0.53932 0.00000 90.50427 0.53932 0.84210 0.00000 -51.57043 0.00000 0.00000 -1.00000 -0.00000
1620321623549361 -0.88111 0.47292 0.00000 92.21330 0.47292 0.88111 0.00000 -44.44759 0.00000 0.00000 -1.00000 -0.00000
1620321623799366 -0.91330 0.40729 0.00000 93.06221 0.40729 0.91330 0.00000 -37.61628 0.00000 0.00000 -1.00000 -0.00000
1620321624049371 -0.93703 0.34925 0.00000 93.16803 0.34925 0.93703 0.00000 -31.72079 0.00000 0.00000 -1.00000 -0.00000
1620321624299379 -0.95749 0.28846 0.00000 92.90151 0.28846 0.95749 0.00000 -25.83729 0.00000 0.00000 -1.00000 -0.00000
1620321624549386 -0.97150 0.23705 0.00000 92.04853 0.23705 0.97150 0.00000 -20.89214 0.00000 0.00000 -1.00000 -0.00000
1620321624799384 -0.98310 0.18309 -0.00000 90.94788 0.18309 0.98310 0.00000 -15.79061 0.00000 0.00000 -1.00000 -0.00000
1620321625049388 -0.99040 0.13822 0.00000 89.36548 0.13822 0.99040 0.00000 -11.62213 0.00000 0.00000 -1.00000 -0.00000
1620321625299396 -0.99546 0.09517 0.00000 87.68819 0.09517 0.99546 0.00000 -7.84545 0.00000 0.00000 -1.00000 -0.00000
1620321625548770 -0.99787 0.06521 -0.00000 85.73772 0.06521 0.99787 0.00000 -5.22134 0.00000 0.00000 -1.00000 -0.00000
1620321625798780 -0.99899 0.04492 -0.00000 83.66233 0.04492 0.99899 0.00000 -3.46491 0.00000 0.00000 -1.00000 -0.00000
1620321626048780 -0.99918 0.04040 0.00000 81.56804 0.04040 0.99918 0.00000 -3.04015 0.00000 0.00000 -1.00000 -0.00000
1620321626298160 -0.99958 0.02888 0.00000 79.37033 0.02888 0.99958 0.00000 -2.23466 0.00000 0.00000 -1.00000 -0.00000
1620321626548162 -0.99974 0.02275 -0.00000 77.23594 0.02275 0.99974 0.00000 -1.76783 0.00000 0.00000 -1.00000 -0.00000
1620321626798171 -0.99955 0.02986 0.00000 75.11337 0.02986 0.99955 0.00000 -2.37535 0.00000 0.00000 -1.00000 -0.00000
1620321627047550 -0.99969 0.02509 0.00000 72.97833 0.02509 0.99969 0.00000 -2.09935 0.00000 0.00000 -1.00000 -0.00000
1620321627297557 -0.99982 0.01899 0.00000 70.95035 0.01899 0.99982 0.00000 -1.63808 0.00000 0.00000 -1.00000 -0.00000
1620321627547558 -0.99976 0.02188 0.00000 68.89137 0.02188 0.99976 0.00000 -1.85880 0.00000 0.00000 -1.00000 -0.00000
1620321627796933 -0.99977 0.02136 -0.00000 66.95259 0.02136 0.99977 0.00000 -1.90298 0.00000 0.00000 -1.00000 -0.00000
1620321628046948 -0.99988 0.01542 0.00000 64.90641 0.01542 0.99988 0.00000 -1.59003 0.00000 0.00000 -1.00000 -0.00000
1620321628297578 -0.99991 0.01341 -0.00000 62.89868 0.01341 0.99991 0.00000 -1.43158 0.00000 0.00000 -1.00000 -0.00000
1620321628546952 -0.99999 -0.00422 0.00000 60.94810 -0.00422 0.99999 0.00000 -0.43844 -0.00000 0.00000 -1.00000 -0.00000
1620321628796956 -0.99991 -0.01351 -0.00000 59.02053 -0.01351 0.99991 0.00000 0.06186 -0.00000 0.00000 -1.00000 0.00000
1620321629047588 -0.99966 -0.02597 0.00000 57.03344 -0.02597 0.99966 0.00000 0.87299 -0.00000 0.00000 -1.00000 0.00000
1620321629297595 -0.99942 -0.03419 0.00000 55.13816 -0.03419 0.99942 0.00000 1.30412 -0.00000 0.00000 -1.00000 0.00000
1620321629547591 -0.99885 -0.04789 0.00000 53.15866 -0.04789 0.99885 0.00000 2.07802 -0.00000 0.00000 -1.00000 0.00000
1620321629797599 -0.99792 -0.06441 -0.00000 51.27505 -0.06441 0.99792 0.00000 2.98898 -0.00000 0.00000 -1.00000 0.00000
1620321630046977 -0.99546 -0.09516 0.00000 49.20359 -0.09516 0.99546 0.00000 4.34249 -0.00000 0.00000 -1.00000 0.00000
1620321630296981 -0.99323 -0.11615 0.00000 47.24300 -0.11615 0.99323 0.00000 5.44963 -0.00000 0.00000 -1.00000 0.00000
1620321630547029 -0.99232 -0.12369 0.00000 45.28083 -0.12369 0.99232 0.00000 5.77077 -0.00000 0.00000 -1.00000 0.00000
1620321630797610 -0.99375 -0.11167 0.00000 43.49420 -0.11167 0.99375 0.00000 5.32817 -0.00000 0.00000 -1.00000 0.00000
1620321631047620 -0.99559 -0.09376 0.00000 41.81106 -0.09376 0.99559 0.00000 4.47432 -0.00000 0.00000 -1.00000 0.00000
1620321631296998 -0.99801 -0.06308 0.00000 40.08306 -0.06308 0.99801 0.00000 3.21143 -0.00000 0.00000 -1.00000 0.00000
1620321631547007 -0.99953 -0.03070 0.00000 38.32603 -0.03070 0.99953 0.00000 1.79649 -0.00000 0.00000 -1.00000 0.00000
1620321631797008 -1.00000 0.00254 0.00000 36.59988 0.00254 1.00000 0.00000 0.55053 0.00000 0.00000 -1.00000 0.00000
1620321632047008 -0.99934 0.03622 0.00000 34.76033 0.03622 0.99934 0.00000 -0.70466 0.00000 0.00000 -1.00000 -0.00000
1620321632297013 -0.99817 0.06042 -0.00000 32.80987 0.06042 0.99817 0.00000 -1.71835 0.00000 0.00000 -1.00000 -0.00000
1620321632546400 -0.99745 0.07139 0.00000 30.85478 0.07139 0.99745 0.00000 -2.11998 0.00000 0.00000 -1.00000 -0.00000
1620321632797025 -0.99601 0.08929 -0.00000 28.85365 0.08929 0.99601 0.00000 -2.66932 0.00000 0.00000 -1.00000 -0.00000
1620321633047652 -0.99448 0.10493 0.00000 26.83423 0.10493 0.99448 0.00000 -3.14979 0.00000 0.00000 -1.00000 -0.00000
1620321633297657 -0.99427 0.10690 0.00000 24.75790 0.10690 0.99427 0.00000 -3.24627 0.00000 0.00000 -1.00000 -0.00000
1620321633548907 -0.99380 0.11114 0.00000 22.69548 0.11114 0.99380 0.00000 -3.33403 0.00000 0.00000 -1.00000 -0.00000
1620321633798914 -0.99347 0.11413 0.00000 20.61549 0.11413 0.99347 0.00000 -3.44930 0.00000 0.00000 -1.00000 -0.00000
1620321634048923 -0.99403 0.10912 0.00000 18.56078 0.10912 0.99403 0.00000 -3.39313 0.00000 0.00000 -1.00000 -0.00000
1620321634298923 -0.99348 0.11403 0.00000 16.33451 0.11403 0.99348 0.00000 -3.50130 0.00000 0.00000 -1.00000 -0.00000
1620321634548919 -0.99346 0.11418 0.00000 14.27708 0.11418 0.99346 0.00000 -3.50453 0.00000 0.00000 -1.00000 -0.00000
1620321634798933 -0.99357 0.11326 0.00000 12.16282 0.11326 0.99357 0.00000 -3.47643 0.00000 0.00000 -1.00000 -0.00000
1620321635048938 -0.99263 0.12121 0.00000 10.02965 0.12121 0.99263 0.00000 -3.58751 0.00000 0.00000 -1.00000 -0.00000
1620321635298939 -0.99268 0.12077 0.00000 7.84049 0.12077 0.99268 0.00000 -3.69580 0.00000 0.00000 -1.00000 -0.00000
1620321635548943 -0.99322 0.11623 0.00000 5.72075 0.11623 0.99322 0.00000 -3.65358 0.00000 0.00000 -1.00000 -0.00000
1620321635798944 -0.99373 0.11184 0.00000 3.55604 0.11184 0.99373 0.00000 -3.57393 0.00000 0.00000 -1.00000 -0.00000
1620321636048950 -0.99386 0.11066 0.00000 1.41948 0.11066 0.99386 0.00000 -3.59272 0.00000 0.00000 -1.00000 -0.00000
1620321636298958 -0.99449 0.10483 0.00000 -0.76735 0.10483 0.99449 0.00000 -3.65619 0.00000 0.00000 -1.00000 -0.00000
1620321636548335 -0.99574 0.09225 0.00000 -2.90778 0.09225 0.99574 0.00000 -3.79661 0.00000 0.00000 -1.00000 -0.00000
1620321636798964 -0.99585 0.09097 0.00000 -5.15968 0.09097 0.99585 0.00000 -3.77000 0.00000 0.00000 -1.00000 -0.00000
1620321637048969 -0.99642 0.08459 0.00000 -7.27093 0.08459 0.99642 0.00000 -3.81416 0.00000 0.00000 -1.00000 -0.00000
1620321637298980 -0.99707 0.07656 0.00000 -9.36362 0.07656 0.99707 0.00000 -3.84662 0.00000 0.00000 -1.00000 -0.00000
1620321637548358 -0.99806 0.06221 0.00000 -11.59098 0.06221 0.99806 0.00000 -4.04006 0.00000 0.00000 -1.00000 -0.00000
1620321637798356 -0.99859 0.05301 0.00000 -13.66725 0.05301 0.99859 0.00000 -4.27572 0.00000 0.00000 -1.00000 -0.00000
1620321638048363 -0.99892 0.04654 -0.00000 -15.84108 0.04654 0.99892 0.00000 -4.28668 0.00000 0.00000 -1.00000 -0.00000
1620321638298362 -0.99938 0.03528 0.00000 -17.95824 0.03528 0.99938 0.00000 -4.53546 0.00000 0.00000 -1.00000 -0.00000
1620321638548373 -0.99960 0.02814 0.00000 -20.13851 0.02814 0.99960 0.00000 -4.70192 0.00000 0.00000 -1.00000 -0.00000
1620321638798372 -0.99986 0.01703 -0.00000 -22.34135 0.01703 0.99986 0.00000 -5.00642 0.00000 0.00000 -1.00000 -0.00000
1620321639047755 -0.99994 0.01124 0.00000 -24.70329 0.01124 0.99994 0.00000 -5.17017 0.00000 0.00000 -1.00000 -0.00000
1620321639298379 -0.99991 0.01367 0.00000 -26.67755 0.01367 0.99991 0.00000 -5.07382 0.00000 0.00000 -1.00000 -0.00000
1620321639547760 -0.99996 0.00893 0.00000 -28.99815 0.00893 0.99996 0.00000 -5.36235 0.00000 0.00000 -1.00000 -0.00000
1620321639797765 -1.00000 0.00270 0.00000 -31.13871 0.00270 1.00000 0.00000 -5.35637 0.00000 0.00000 -1.00000 -0.00000
1620321640047772 -0.99993 0.01152 0.00000 -33.32451 0.01152 0.99993 0.00000 -5.13625 0.00000 0.00000 -1.00000 -0.00000
1620321640297774 -0.99981 0.01973 0.00000 -35.49546 0.01973 0.99981 0.00000 -4.83063 0.00000 0.00000 -1.00000 -0.00000
1620321640547785 -0.99961 0.02803 0.00000 -37.73629 0.02803 0.99961 0.00000 -4.55941 0.00000 0.00000 -1.00000 -0.00000
1620321640797152 -0.99979 0.02035 0.00000 -39.70176 0.02035 0.99979 0.00000 -4.96466 0.00000 0.00000 -1.00000 -0.00000
1620321641047164 -0.99959 0.02872 0.00000 -41.94676 0.02872 0.99959 0.00000 -4.59902 0.00000 0.00000 -1.00000 -0.00000
1620321641297169 -0.99963 0.02706 0.00000 -43.96450 0.02706 0.99963 0.00000 -4.75330 0.00000 0.00000 -1.00000 -0.00000
1620321641547169 -0.99929 0.03756 0.00000 -46.10616 0.03756 0.99929 0.00000 -4.34772 0.00000 0.00000 -1.00000 -0.00000
1620321641796550 -0.99957 0.02949 0.00000 -48.03635 0.02949 0.99957 0.00000 -4.82160 0.00000 0.00000 -1.00000 -0.00000
1620321642046552 -0.99911 0.04223 0.00000 -50.13806 0.04223 0.99911 0.00000 -4.20364 0.00000 0.00000 -1.00000 -0.00000
1620321642297810 -0.99907 0.04306 0.00000 -51.95814 0.04306 0.99907 0.00000 -4.14992 0.00000 0.00000 -1.00000 -0.00000
1620321642547816 -0.99848 0.05513 -0.00000 -53.99490 0.05513 0.99848 0.00000 -3.53719 0.00000 0.00000 -1.00000 -0.00000
1620321642798443 -0.99708 0.07639 0.00000 -55.70270 0.07639 0.99708 0.00000 -2.46998 0.00000 0.00000 -1.00000 -0.00000
1620321643048444 -0.99464 0.10342 0.00000 -57.40048 0.10342 0.99464 0.00000 -1.03639 0.00000 0.00000 -1.00000 -0.00000
1620321643297825 -0.99051 0.13745 0.00000 -58.92187 0.13745 0.99051 0.00000 0.92831 0.00000 0.00000 -1.00000 0.00000
1620321643547835 -0.98247 0.18640 0.00000 -60.34007 0.18640 0.98247 0.00000 3.86624 0.00000 0.00000 -1.00000 0.00000
1620321643797841 -0.96871 0.24818 0.00000 -61.31885 0.24818 0.96871 0.00000 7.55048 0.00000 0.00000 -1.00000 0.00000
1620321644047840 -0.94813 0.31790 0.00000 -61.87864 0.31790 0.94813 0.00000 12.03330 0.00000 0.00000 -1.00000 0.00000
1620321644297219 -0.91855 0.39530 -0.00000 -61.86722 0.39530 0.91855 0.00000 17.04747 0.00000 0.00000 -1.00000 0.00000
1620321644546592 -0.87247 0.48867 0.00000 -60.96296 0.48867 0.87247 0.00000 23.54793 0.00000 0.00000 -1.00000 0.00000
1620321644796598 -0.81606 0.57797 0.00000 -59.26218 0.57797 0.81606 0.00000 29.80571 0.00000 0.00000 -1.00000 0.00000
1620321645046612 -0.74912 0.66243 0.00000 -56.78622 0.66243 0.74912 0.00000 35.91171 0.00000 0.00000 -1.00000 0.00000
1620321645297235 -0.66074 0.75061 0.00000 -53.02643 0.75061 0.66074 0.00000 42.68754 0.00000 0.00000 -1.00000 0.00000
1620321645547866 -0.56000 0.82849 0.00000 -48.17494 0.82849 0.56000 0.00000 49.12496 0.00000 0.00000 -1.00000 0.00000
1620321645797872 -0.46593 0.88482 0.00000 -43.52301 0.88482 0.46593 0.00000 53.97916 0.00000 0.00000 -1.00000 0.00000
1620321646047871 -0.37340 0.92767 -0.00000 -38.80077 0.92767 0.37340 0.00000 58.12560 0.00000 0.00000 -1.00000 0.00000
1620321646297877 -0.28378 0.95889 0.00000 -34.12594 0.95889 0.28378 0.00000 61.64906 0.00000 0.00000 -1.00000 0.00000
1620321646546674 -0.20644 0.97846 0.00000 -30.05471 0.97846 0.20644 0.00000 63.98740 0.00000 0.00000 -1.00000 0.00000
1620321646796008 -0.15014 0.98867 0.00000 -27.19037 0.98867 0.15014 0.00000 65.60099 0.00000 0.00000 -1.00000 0.00000
1620321647046647 -0.10367 0.99461 0.00000 -24.80554 0.99461 0.10367 0.00000 66.79294 0.00000 0.00000 -1.00000 0.00000
1620321647297271 -0.07358 0.99729 0.00000 -23.44016 0.99729 0.07358 0.00000 67.51113 0.00000 0.00000 -1.00000 0.00000
1620321647547902 -0.05089 0.99870 0.00000 -22.64538 0.99870 0.05089 0.00000 67.93993 0.00000 0.00000 -1.00000 0.00000
1620321647797899 -0.03538 0.99937 -0.00000 -22.07015 0.99937 0.03538 0.00000 68.18312 0.00000 0.00000 -1.00000 0.00000
1620321648048528 -0.02022 0.99980 0.00000 -21.42164 0.99980 0.02022 0.00000 68.47311 0.00000 0.00000 -1.00000 0.00000
1620321648297914 -0.01258 0.99992 0.00000 -21.36407 0.99992 0.01258 0.00000 68.72950 0.00000 0.00000 -1.00000 0.00000
1620321648547921 -0.00869 0.99996 0.00000 -21.21375 0.99996 0.00869 0.00000 68.79886 0.00000 0.00000 -1.00000 0.00000
1620321648797923 -0.00448 0.99999 0.00000 -21.34954 0.99999 0.00448 0.00000 68.78250 0.00000 0.00000 -1.00000 0.00000
1620321649047921 -0.00014 1.00000 0.00000 -21.18116 1.00000 0.00014 0.00000 68.84774 0.00000 0.00000 -1.00000 0.00000
1620321649297305 -0.00548 0.99999 0.00000 -21.77503 0.99999 0.00548 0.00000 68.70693 0.00000 0.00000 -1.00000 0.00000
1620321649547308 -0.00028 1.00000 0.00000 -21.55856 1.00000 0.00028 0.00000 68.91629 0.00000 0.00000 -1.00000 0.00000
1620321649797314 -0.00136 1.00000 0.00000 -21.72588 1.00000 0.00136 0.00000 68.76798 0.00000 0.00000 -1.00000 0.00000
1620321650046686 -0.00456 0.99999 0.00000 -22.06759 0.99999 0.00456 0.00000 68.67091 0.00000 0.00000 -1.00000 0.00000
1620321650297316 -0.00067 1.00000 0.00000 -21.86069 1.00000 0.00067 0.00000 68.92073 0.00000 0.00000 -1.00000 0.00000
1620321650547949 -0.00332 0.99999 -0.00000 -22.11679 0.99999 0.00332 0.00000 68.88497 0.00000 0.00000 -1.00000 0.00000
1620321650797966 -0.00273 1.00000 0.00000 -22.16408 1.00000 0.00273 0.00000 68.73164 0.00000 0.00000 -1.00000 0.00000
1620321651048579 -0.00298 1.00000 0.00000 -22.20296 1.00000 0.00298 0.00000 68.88230 0.00000 0.00000 -1.00000 0.00000
1620321651298585 -0.00369 0.99999 0.00000 -22.28958 0.99999 0.00369 0.00000 68.67096 0.00000 0.00000 -1.00000 0.00000
1620321651548590 -0.00567 0.99998 0.00000 -22.46447 0.99998 0.00567 0.00000 68.63145 0.00000 0.00000 -1.00000 0.00000
1620321651798597 0.00158 1.00000 0.00000 -22.05440 1.00000 -0.00158 0.00000 68.93044 0.00000 -0.00000 -1.00000 0.00000
1620321652047981 -0.00444 0.99999 0.00000 -22.51905 0.99999 0.00444 0.00000 68.57645 0.00000 0.00000 -1.00000 0.00000
1620321652297981 -0.00524 0.99999 0.00000 -22.59946 0.99999 0.00524 0.00000 68.71945 0.00000 0.00000 -1.00000 0.00000
1620321652547981 -0.00403 0.99999 0.00000 -22.62170 0.99999 0.00403 0.00000 68.75849 0.00000 0.00000 -1.00000 0.00000
1620321652797986 -0.00322 0.99999 0.00000 -22.56733 0.99999 0.00322 0.00000 68.82283 0.00000 0.00000 -1.00000 0.00000
1620321653047997 -0.00085 1.00000 0.00000 -22.45048 1.00000 0.00085 0.00000 68.89473 0.00000 0.00000 -1.00000 0.00000
1620321653297995 0.00065 1.00000 0.00000 -22.29631 1.00000 -0.00065 0.00000 68.94489 0.00000 -0.00000 -1.00000 0.00000
1620321653546746 -0.00571 0.99998 0.00000 -22.93332 0.99998 0.00571 0.00000 68.64996 0.00000 0.00000 -1.00000 0.00000
1620321653796751 -0.00383 0.99999 -0.00000 -22.85423 0.99999 0.00383 0.00000 68.75711 0.00000 0.00000 -1.00000 0.00000
1620321654047385 0.00370 0.99999 0.00000 -22.31391 0.99999 -0.00370 0.00000 68.98229 0.00000 -0.00000 -1.00000 0.00000
1620321654298016 -0.00119 1.00000 0.00000 -22.73596 1.00000 0.00119 0.00000 68.84454 0.00000 0.00000 -1.00000 0.00000
1620321654548680 -0.00004 1.00000 0.00000 -22.65391 1.00000 0.00004 0.00000 68.83109 0.00000 0.00000 -1.00000 0.00000
1620321654799268 -0.00188 1.00000 -0.00000 -22.91145 1.00000 0.00188 0.00000 68.79791 0.00000 0.00000 -1.00000 0.00000
1620321655049897 0.00216 1.00000 0.00000 -22.71046 1.00000 -0.00216 0.00000 68.95214 0.00000 -0.00000 -1.00000 0.00000
