1. 0. 0. 0. 0. -1. -0. 0. 0. 0. -1. 0.
1. 0.001 0. -0.034 0.001 -1. -0. -0.016 0. 0. -1. 0.
1. 0.001 0. 0.004 0.001 -1. -0. -0.018 0. 0. -1. 0.
1. -0.001 -0. 0.011 -0.001 -1. -0. 0.021 0. 0. -1. 0.
1. -0.001 -0. -0.012 -0.001 -1. -0. -0.001 0. 0. -1. 0.
1. -0.001 -0. 0.004 -0.001 -1. -0. 0.020 0. 0. -1. 0.
1. 0.010 0. 0.005 0.010 -1. -0. -0.019 0. 0. -1. 0.
1. 0.000 0. 0.024 0.000 -1. -0. 0.010 0. 0. -1. 0.
1. -0.001 -0. -0.035 -0.001 -1. -0. -0.013 0. 0. -1. 0.
1. 0.001 0. -0.036 0.001 -1. -0. -0.001 0. 0. -1. 0.
1. 0.005 0. 0.021 0.005 -1. -0. -0.011 0. 0. -1. 0.
1. 0.001 0. 0.001 0.001 -1. -0. -0.040 0. 0. -1. 0.
1. 0.001 0. -0.044 0.001 -1. -0. -0.026 0. 0. -1. 0.
1. 0.002 0. -0.024 0.002 -1. -0. -0.009 0. 0. -1. 0.
1. -0.000 -0. -0.005 -0.000 -1. -0. -0.005 0. 0. -1. 0.
1. 0.007 0. 0.053 0.007 -1. -0. 0.051 0. 0. -1. 0.
1. 0.008 0. 0.013 0.008 -1. -0. 0.007 0. 0. -1. 0.
1. 0.003 0. -0.026 0.003 -1. -0. -0.000 0. 0. -1. 0.
1. 0.006 0. -0.017 0.006 -1. -0. -0.021 0. 0. -1. 0.
1. 0.004 0. 0.010 0.004 -1. -0. 0.002 0. 0. -1. 0.
1. 0.005 0. 0.088 0.005 -1. -0. -0.021 0. 0. -1. 0.
1. 0.004 0. 0.096 0.004 -1. -0. 0.014 0. 0. -1. 0.
1. 0.005 0. 0.248 0.005 -1. -0. 0.009 0. 0. -1. 0.
1. -0.002 -0. 0.355 -0.002 -1. -0. 0.005 0. 0. -1. 0.
1. 0.001 0. 0.553 0.001 -1. -0. 0.033 0. 0. -1. 0.
1. -0.000 -0. 0.911 -0.000 -1. -0. 0.014 0. 0. -1. 0.
1. -0.014 -0. 1.385 -0.014 -1. -0. 0.011 0. 0. -1. 0.
1. -0.014 -0. 1.866 -0.014 -1. -0. -0.014 0. 0. -1. 0.
1.000 -0.030 -0. 2.404 -0.030 -1.000 -0. -0.047 0. 0. -1. 0.
0.999 -0.044 -0. 3.161 -0.044 -0.999 -0. -0.093 0. 0. -1. 0.
0.999 -0.052 -0. 3.857 -0.052 -0.999 -0. -0.176 0. 0. -1. 0.
0.998 -0.060 -0. 4.693 -0.060 -0.998 -0. -0.145 0. 0. -1. 0.
0.997 -0.077 -0. 5.473 -0.077 -0.997 -0. -0.312 0. 0. -1. 0.
0.996 -0.089 -0. 6.417 -0.089 -0.996 -0. -0.388 0. 0. -1. 0.
0.996 -0.094 -0. 7.397 -0.094 -0.996 -0. -0.524 0. 0. -1. 0.
0.996 -0.091 -0. 8.381 -0.091 -0.996 -0. -0.618 0. 0. -1. 0.
0.996 -0.087 -0. 9.512 -0.087 -0.996 -0. -0.659 0. 0. -1. 0.
0.997 -0.075 -0. 10.612 -0.075 -0.997 -0. -0.793 0. 0. -1. 0.
0.998 -0.070 -0. 11.810 -0.070 -0.998 -0. -0.950 0. 0. -1. 0.
0.998 -0.066 -0. 12.984 -0.066 -0.998 -0. -1.001 0. 0. -1. 0.
0.998 -0.057 -0. 14.230 -0.057 -0.998 -0. -0.978 0. 0. -1. 0.
0.999 -0.052 -0. 15.577 -0.052 -0.999 -0. -1.119 0. 0. -1. 0.
0.999 -0.047 -0. 16.900 -0.047 -0.999 -0. -1.270 0. 0. -1. 0.
0.999 -0.042 -0. 18.404 -0.042 -0.999 -0. -1.296 0. 0. -1. 0.
1.000 -0.029 -0. 19.782 -0.029 -1.000 -0. -1.425 0. 0. -1. 0.
1.000 -0.016 -0. 21.202 -0.016 -1.000 -0. -1.458 0. 0. -1. 0.
1. -0.004 -0. 22.868 -0.004 -1. -0. -1.509 0. 0. -1. 0.
1. 0.006 0. 24.357 0.006 -1. -0. -1.527 0. 0. -1. 0.
1.000 0.017 0. 25.957 0.017 -1.000 -0. -1.529 0. 0. -1. 0.
1.000 0.020 0. 27.615 0.020 -1.000 -0. -1.503 0. 0. -1. 0.
1.000 0.027 0. 29.170 0.027 -1.000 -0. -1.500 0. 0. -1. 0.
1.000 0.025 0. 30.833 0.025 -1.000 -0. -1.463 0. 0. -1. 0.
0.999 0.032 0. 32.464 0.032 -0.999 -0. -1.520 0. 0. -1. 0.
0.999 0.033 0. 34.263 0.033 -0.999 -0. -1.379 0. 0. -1. 0.
0.999 0.038 0. 35.957 0.038 -0.999 -0. -1.300 0. 0. -1. 0.
0.999 0.036 0. 37.781 0.036 -0.999 -0. -1.386 0. 0. -1. 0.
0.999 0.038 0. 39.415 0.038 -0.999 -0. -1.368 0. 0. -1. 0.
0.999 0.044 0. 41.258 0.044 -0.999 -0. -1.127 0. 0. -1. 0.
0.998 0.056 0. 43.076 0.056 -0.998 -0. -1.211 0. 0. -1. 0.
0.998 0.062 0. 44.947 0.062 -0.998 -0. -1.156 0. 0. -1. 0.
0.997 0.074 0. 46.774 0.074 -0.997 -0. -1.047 0. 0. -1. 0.
0.997 0.073 0. 48.571 0.073 -0.997 -0. -0.974 0. 0. -1. 0.
0.998 0.069 0. 50.403 0.069 -0.998 -0. -0.786 0. 0. -1. 0.
0.998 0.067 0. 52.228 0.067 -0.998 -0. -0.653 0. 0. -1. 0.
0.997 0.072 0. 54.169 0.072 -0.997 -0. -0.655 0. 0. -1. 0.
0.998 0.063 0. 56.056 0.063 -0.998 -0. -0.446 0. 0. -1. 0.
0.997 0.073 0. 58.022 0.073 -0.997 -0. -0.367 0. 0. -1. 0.
0.997 0.074 0. 60.070 0.074 -0.997 -0. -0.398 0. 0. -1. 0.
0.998 0.070 0. 61.973 0.070 -0.998 -0. -0.078 0. 0. -1. 0.
0.998 0.066 0. 63.955 0.066 -0.998 -0. -0.008 0. 0. -1. 0.
0.998 0.066 0. 65.967 0.066 -0.998 -0. -0.018 0. 0. -1. 0.
0.998 0.063 0. 67.930 0.063 -0.998 -0. 0.060 0. 0. -1. 0.
0.998 0.065 0. 69.816 0.065 -0.998 -0. 0.144 0. 0. -1. 0.
0.998 0.064 0. 71.739 0.064 -0.998 -0. 0.234 0. 0. -1. 0.
0.998 0.061 0. 73.598 0.061 -0.998 -0. 0.394 0. 0. -1. 0.
0.998 0.057 0. 75.597 0.057 -0.998 -0. 0.517 0. 0. -1. 0.
0.998 0.058 0. 77.527 0.058 -0.998 -0. 0.563 0. 0. -1. 0.
0.998 0.063 0. 79.339 0.063 -0.998 -0. 0.583 0. 0. -1. 0.
0.999 0.052 0. 81.226 0.052 -0.999 -0. 0.724 0. 0. -1. 0.
0.998 0.061 0. 83.062 0.061 -0.998 -0. 0.726 0. 0. -1. 0.
0.998 0.057 0. 84.939 0.057 -0.998 -0. 0.921 0. 0. -1. 0.
0.999 0.045 0. 86.807 0.045 -0.999 -0. 0.886 0. 0. -1. 0.
1.000 0.016 0. 88.647 0.016 -1.000 -0. 1.000 0. 0. -1. 0.
1. -0.011 -0. 90.336 -0.011 -1. -0. 0.849 0. 0. -1. 0.
0.998 -0.062 -0. 92.223 -0.062 -0.998 -0. 0.855 0. 0. -1. 0.
0.994 -0.110 -0. 93.849 -0.110 -0.994 -0. 0.674 0. 0. -1. 0.
0.985 -0.171 -0. 95.679 -0.171 -0.985 -0. 0.384 0. 0. -1. 0.
0.976 -0.218 -0. 97.332 -0.218 -0.976 -0. -0.041 0. 0. -1. 0.
0.961 -0.278 -0. 98.941 -0.278 -0.961 -0. -0.473 0. 0. -1. 0.
0.942 -0.335 -0. 100.458 -0.335 -0.942 -0. -1.098 0. 0. -1. 0.
0.920 -0.391 -0. 102.079 -0.391 -0.920 -0. -1.789 0. 0. -1. 0.
0.893 -0.451 -0. 103.608 -0.451 -0.893 -0. -2.461 0. 0. -1. 0.
0.862 -0.506 -0. 105.040 -0.506 -0.862 -0. -3.297 0. 0. -1. 0.
0.820 -0.573 -0. 106.428 -0.573 -0.820 -0. -4.334 0. 0. -1. 0.
0.775 -0.632 -0. 107.694 -0.632 -0.775 -0. -5.454 0. 0. -1. 0.
0.725 -0.688 -0. 108.951 -0.688 -0.725 -0. -6.579 0. 0. -1. 0.
0.675 -0.738 -0. 110.199 -0.738 -0.675 -0. -7.850 0. 0. -1. 0.
0.622 -0.783 -0. 111.338 -0.783 -0.622 -0. -9.259 0. 0. -1. 0.
0.572 -0.820 -0. 112.314 -0.820 -0.572 -0. -10.792 0. 0. -1. 0.
0.530 -0.848 -0. 113.240 -0.848 -0.530 -0. -12.395 0. 0. -1. 0.
0.497 -0.868 -0. 114.154 -0.868 -0.497 -0. -14.110 0. 0. -1. 0.
0.472 -0.881 -0. 115.078 -0.881 -0.472 -0. -15.898 0. 0. -1. 0.
0.464 -0.886 -0. 115.880 -0.886 -0.464 -0. -17.744 0. 0. -1. 0.
0.465 -0.885 -0. 116.810 -0.885 -0.465 -0. -19.629 0. 0. -1. 0.
0.458 -0.889 -0. 117.821 -0.889 -0.458 -0. -21.437 0. 0. -1. 0.
0.456 -0.890 -0. 118.730 -0.890 -0.456 -0. -23.280 0. 0. -1. 0.
0.455 -0.891 -0. 119.708 -0.891 -0.455 -0. -25.163 0. 0. -1. 0.
0.449 -0.894 -0. 120.698 -0.894 -0.449 -0. -26.964 0. 0. -1. 0.
0.446 -0.895 -0. 121.442 -0.895 -0.446 -0. -28.843 0. 0. -1. 0.
0.455 -0.890 -0. 122.315 -0.890 -0.455 -0. -30.728 0. 0. -1. 0.
0.457 -0.890 -0. 123.350 -0.890 -0.457 -0. -32.476 0. 0. -1. 0.
0.456 -0.890 -0. 124.229 -0.890 -0.456 -0. -34.266 0. 0. -1. 0.
0.457 -0.890 -0. 125.001 -0.890 -0.457 -0. -36.074 0. 0. -1. 0.
0.467 -0.884 -0. 125.814 -0.884 -0.467 -0. -37.787 0. 0. -1. 0.
0.473 -0.881 -0. 126.873 -0.881 -0.473 -0. -39.537 0. 0. -1. 0.
0.484 -0.875 -0. 127.738 -0.875 -0.484 -0. -41.229 0. 0. -1. 0.
0.485 -0.875 -0. 128.603 -0.875 -0.485 -0. -42.989 0. 0. -1. 0.
0.483 -0.875 -0. 129.613 -0.875 -0.483 -0. -44.594 0. 0. -1. 0.
0.488 -0.873 -0. 130.446 -0.873 -0.488 -0. -46.290 0. 0. -1. 0.
0.493 -0.870 -0. 131.269 -0.870 -0.493 -0. -47.974 0. 0. -1. 0.
0.487 -0.874 -0. 132.235 -0.874 -0.487 -0. -49.658 0. 0. -1. 0.
0.496 -0.868 -0. 133.017 -0.868 -0.496 -0. -51.189 0. 0. -1. 0.
0.498 -0.867 -0. 133.844 -0.867 -0.498 -0. -52.771 0. 0. -1. 0.
0.499 -0.867 -0. 134.964 -0.867 -0.499 -0. -54.400 0. 0. -1. 0.
0.506 -0.862 -0. 135.657 -0.862 -0.506 -0. -55.822 0. 0. -1. 0.
0.529 -0.849 -0. 136.575 -0.849 -0.529 -0. -57.333 0. 0. -1. 0.
0.558 -0.830 -0. 137.441 -0.830 -0.558 -0. -58.820 0. 0. -1. 0.
0.585 -0.811 -0. 138.485 -0.811 -0.585 -0. -60.257 0. 0. -1. 0.
0.626 -0.780 -0. 139.320 -0.780 -0.626 -0. -61.374 0. 0. -1. 0.
0.663 -0.749 -0. 140.376 -0.749 -0.663 -0. -62.552 0. 0. -1. 0.
0.702 -0.712 -0. 141.510 -0.712 -0.702 -0. -63.774 0. 0. -1. 0.
0.746 -0.666 -0. 142.524 -0.666 -0.746 -0. -64.704 0. 0. -1. 0.
0.799 -0.602 -0. 143.656 -0.602 -0.799 -0. -65.442 0. 0. -1. 0.
0.853 -0.523 -0. 144.819 -0.523 -0.853 -0. -66.201 0. 0. -1. 0.
0.899 -0.439 -0. 145.963 -0.439 -0.899 -0. -66.829 0. 0. -1. 0.
0.939 -0.344 -0. 147.078 -0.344 -0.939 -0. -67.198 0. 0. -1. 0.
0.972 -0.236 -0. 148.166 -0.236 -0.972 -0. -67.484 0. 0. -1. 0.
0.992 -0.127 -0. 149.198 -0.127 -0.992 -0. -67.539 0. 0. -1. 0.
1. -0.004 -0. 150.239 -0.004 -1. -0. -67.559 0. 0. -1. 0.
0.992 0.129 0. 151.214 0.129 -0.992 -0. -67.341 0. 0. -1. 0.
0.961 0.278 0. 152.019 0.278 -0.961 -0. -67.071 0. 0. -1. 0.
0.906 0.423 0. 152.979 0.423 -0.906 -0. -66.602 0. 0. -1. 0.
0.826 0.564 0. 153.631 0.564 -0.826 -0. -66.026 0. 0. -1. 0.
0.716 0.698 0. 154.302 0.698 -0.716 -0. -65.509 0. 0. -1. 0.
0.585 0.811 0. 154.780 0.811 -0.585 -0. -64.813 0. 0. -1. 0.
0.444 0.896 0. 155.148 0.896 -0.444 -0. -63.922 0. 0. -1. 0.
0.278 0.960 0. 155.339 0.960 -0.278 -0. -63.136 0. 0. -1. 0.
0.109 0.994 0. 155.379 0.994 -0.109 -0. -62.243 0. 0. -1. 0.
-0.067 0.998 0. 155.293 0.998 0.067 0. -61.469 0. 0. -1. 0.
-0.242 0.970 0. 155.007 0.970 0.242 0. -60.623 0. 0. -1. 0.
-0.408 0.913 0. 154.626 0.913 0.408 0. -59.798 0. 0. -1. 0.
-0.564 0.826 0. 153.976 0.826 0.564 0. -59.144 0. 0. -1. 0.
-0.684 0.729 0. 153.343 0.729 0.684 0. -58.345 0. 0. -1. 0.
-0.780 0.626 0. 152.486 0.626 0.780 0. -57.783 0. 0. -1. 0.
-0.847 0.531 0. 151.648 0.531 0.847 0. -57.242 0. 0. -1. 0.
-0.894 0.449 0. 150.589 0.449 0.894 0. -56.761 0. 0. -1. 0.
-0.919 0.395 0. 149.433 0.395 0.919 0. -56.235 0. 0. -1. 0.
-0.935 0.354 0. 148.291 0.354 0.935 0. -55.768 0. 0. -1. 0.
-0.941 0.339 0. 146.976 0.339 0.941 0. -55.427 0. 0. -1. 0.
-0.941 0.340 0. 145.788 0.340 0.941 0. -54.914 0. 0. -1. 0.
-0.938 0.346 0. 144.455 0.346 0.938 0. -54.469 0. 0. -1. 0.
-0.928 0.373 0. 143.035 0.373 0.928 0. -53.841 0. 0. -1. 0.
-0.915 0.404 0. 141.754 0.404 0.915 0. -53.274 0. 0. -1. 0.
-0.896 0.445 0. 140.381 0.445 0.896 0. -52.584 0. 0. -1. 0.
-0.870 0.493 0. 139.078 0.493 0.870 0. -51.790 0. 0. -1. 0.
-0.840 0.543 0. 137.706 0.543 0.840 0. -50.877 0. 0. -1. 0.
-0.806 0.592 0. 136.327 0.592 0.806 0. -49.913 0. 0. -1. 0.
-0.773 0.634 0. 135.055 0.634 0.773 0. -48.723 0. 0. -1. 0.
-0.728 0.685 0. 133.793 0.685 0.728 0. -47.570 0. 0. -1. 0.
-0.685 0.729 0. 132.655 0.729 0.685 0. -46.244 0. 0. -1. 0.
-0.643 0.766 0. 131.458 0.766 0.643 0. -44.830 0. 0. -1. 0.
-0.603 0.797 0. 130.391 0.797 0.603 0. -43.259 0. 0. -1. 0.
-0.558 0.830 0. 129.256 0.830 0.558 0. -41.719 0. 0. -1. 0.
-0.522 0.853 0. 128.306 0.853 0.522 0. -40.094 0. 0. -1. 0.
-0.498 0.867 0. 127.258 0.867 0.498 0. -38.346 0. 0. -1. 0.
-0.473 0.881 0. 126.210 0.881 0.473 0. -36.470 0. 0. -1. 0.
-0.450 0.893 0. 125.344 0.893 0.450 0. -34.668 0. 0. -1. 0.
-0.442 0.897 0. 124.540 0.897 0.442 0. -32.726 0. 0. -1. 0.
-0.431 0.902 0. 123.642 0.902 0.431 0. -30.919 0. 0. -1. 0.
-0.430 0.903 0. 122.856 0.903 0.430 0. -29.037 0. 0. -1. 0.
-0.423 0.906 0. 122.001 0.906 0.423 0. -27.179 0. 0. -1. 0.
-0.423 0.906 0. 121.221 0.906 0.423 0. -25.299 0. 0. -1. 0.
-0.424 0.906 0. 120.279 0.906 0.424 0. -23.452 0. 0. -1. 0.
-0.424 0.906 0. 119.356 0.906 0.424 0. -21.651 0. 0. -1. 0.
-0.433 0.901 0. 118.634 0.901 0.433 0. -19.839 0. 0. -1. 0.
-0.447 0.894 0. 117.854 0.894 0.447 0. -18.075 0. 0. -1. 0.
-0.465 0.885 0. 116.957 0.885 0.465 0. -16.316 0. 0. -1. 0.
-0.496 0.868 0. 116.101 0.868 0.496 0. -14.716 0. 0. -1. 0.
-0.519 0.855 0. 115.148 0.855 0.519 0. -12.992 0. 0. -1. 0.
-0.557 0.831 0. 114.184 0.831 0.557 0. -11.493 0. 0. -1. 0.
-0.593 0.805 0. 113.253 0.805 0.593 0. -9.876 0. 0. -1. 0.
-0.631 0.776 0. 112.006 0.776 0.631 0. -8.673 0. 0. -1. 0.
-0.670 0.742 0. 110.977 0.742 0.670 0. -7.326 0. 0. -1. 0.
-0.709 0.706 0. 109.888 0.706 0.709 0. -6.211 0. 0. -1. 0.
-0.750 0.661 0. 108.734 0.661 0.750 0. -4.976 0. 0. -1. 0.
-0.786 0.618 0. 107.387 0.618 0.786 0. -3.961 0. 0. -1. 0.
-0.824 0.566 0. 106.232 0.566 0.824 0. -3.038 0. 0. -1. 0.
-0.855 0.518 0. 104.743 0.518 0.855 0. -2.273 0. 0. -1. 0.
-0.885 0.465 0. 103.364 0.465 0.885 0. -1.595 0. 0. -1. 0.
-0.909 0.418 0. 102.014 0.418 0.909 0. -0.868 0. 0. -1. 0.
-0.935 0.355 0. 100.592 0.355 0.935 0. -0.397 0. 0. -1. 0.
-0.953 0.304 0. 99.095 0.304 0.953 0. 0.207 0. 0. -1. 0.
-0.970 0.242 0. 97.715 0.242 0.970 0. 0.734 0. 0. -1. 0.
-0.982 0.190 0. 96.070 0.190 0.982 0. 1.047 0. 0. -1. 0.
-0.992 0.128 0. 94.367 0.128 0.992 0. 1.271 0. 0. -1. 0.
-0.997 0.079 0. 92.681 0.079 0.997 0. 1.399 0. 0. -1. 0.
-0.999 0.041 0. 90.877 0.041 0.999 0. 1.463 0. 0. -1. 0.
-1.000 0.016 0. 89.035 0.016 1.000 0. 1.517 0. 0. -1. 0.
-1. -0.003 -0. 87.294 -0.003 1. 0. 1.606 0. 0. -1. 0.
-1. 0.001 0. 85.530 0.001 1. 0. 1.464 0. 0. -1. 0.
-1. -0.004 -0. 83.670 -0.004 1. 0. 1.484 0. 0. -1. 0.
-1. -0.009 -0. 81.875 -0.009 1. 0. 1.428 0. 0. -1. 0.
-1.000 -0.016 -0. 80.069 -0.016 1.000 0. 1.523 0. 0. -1. 0.
-1.000 -0.016 -0. 78.295 -0.016 1.000 0. 1.518 0. 0. -1. 0.
-1.000 -0.022 -0. 76.551 -0.022 1.000 0. 1.505 0. 0. -1. 0.
-1.000 -0.019 -0. 74.711 -0.019 1.000 0. 1.496 0. 0. -1. 0.
-1.000 -0.025 -0. 73.009 -0.025 1.000 0. 1.498 0. 0. -1. 0.
-1.000 -0.027 -0. 71.243 -0.027 1.000 0. 1.485 0. 0. -1. 0.
-1.000 -0.029 -0. 69.488 -0.029 1.000 0. 1.354 0. 0. -1. 0.
-0.999 -0.035 -0. 67.712 -0.035 0.999 0. 1.394 0. 0. -1. 0.
-0.999 -0.046 -0. 65.877 -0.046 0.999 0. 1.403 0. 0. -1. 0.
-0.998 -0.063 -0. 64.119 -0.063 0.998 0. 1.387 0. 0. -1. 0.
-0.997 -0.074 -0. 62.313 -0.074 0.997 0. 1.186 0. 0. -1. 0.
-0.997 -0.081 -0. 60.470 -0.081 0.997 0. 1.095 0. 0. -1. 0.
-0.996 -0.088 -0. 58.724 -0.088 0.996 0. 0.974 0. 0. -1. 0.
-0.996 -0.087 -0. 56.874 -0.087 0.996 0. 0.871 0. 0. -1. 0.
-0.996 -0.087 -0. 55.085 -0.087 0.996 0. 0.730 0. 0. -1. 0.
-0.997 -0.079 -0. 53.204 -0.079 0.997 0. 0.573 0. 0. -1. 0.
-0.997 -0.076 -0. 51.279 -0.076 0.997 0. 0.510 0. 0. -1. 0.
-0.998 -0.069 -0. 49.402 -0.069 0.998 0. 0.320 0. 0. -1. 0.
-0.998 -0.058 -0. 47.480 -0.058 0.998 0. 0.390 0. 0. -1. 0.
-0.999 -0.050 -0. 45.537 -0.050 0.999 0. 0.257 0. 0. -1. 0.
-0.999 -0.038 -0. 43.583 -0.038 0.999 0. 0.207 0. 0. -1. 0.
-1.000 -0.031 -0. 41.683 -0.031 1.000 0. 0.140 0. 0. -1. 0.
-1.000 -0.025 -0. 39.640 -0.025 1.000 0. 0.052 0. 0. -1. 0.
-1.000 -0.017 -0. 37.631 -0.017 1.000 0. -0.019 0. 0. -1. 0.
-1.000 -0.015 -0. 35.623 -0.015 1.000 0. 0.181 0. 0. -1. 0.
-1.000 -0.018 -0. 33.527 -0.018 1.000 0. 0.115 0. 0. -1. 0.
-1.000 -0.015 -0. 31.395 -0.015 1.000 0. 0.024 0. 0. -1. 0.
-1. -0.005 -0. 29.354 -0.005 1. 0. 0.123 0. 0. -1. 0.
-1. -0.002 -0. 27.194 -0.002 1. 0. 0.127 0. 0. -1. 0.
-1. 0.001 0. 25.076 0.001 1. 0. 0.109 0. 0. -1. 0.
-1. 0.011 0. 22.983 0.011 1. 0. 0.136 0. 0. -1. 0.
-1.000 0.015 0. 20.806 0.015 1.000 0. 0.247 0. 0. -1. 0.
-1.000 0.022 0. 18.681 0.022 1.000 0. 0.273 0. 0. -1. 0.
-0.999 0.034 0. 16.451 0.034 0.999 0. 0.381 0. 0. -1. 0.
-0.999 0.035 0. 14.363 0.035 0.999 0. 0.423 0. 0. -1. 0.
-1.000 0.031 0. 12.086 0.031 1.000 0. 0.512 0. 0. -1. 0.
-0.999 0.040 0. 9.857 0.040 0.999 0. 0.604 0. 0. -1. 0.
-0.999 0.040 0. 7.521 0.040 0.999 0. 0.692 0. 0. -1. 0.
-0.999 0.036 0. 5.313 0.036 0.999 0. 0.826 0. 0. -1. 0.
-0.999 0.039 0. 3.026 0.039 0.999 0. 0.979 0. 0. -1. 0.
-0.999 0.041 0. 0.762 0.041 0.999 0. 1.082 0. 0. -1. 0.
-0.999 0.042 0. -1.432 0.042 0.999 0. 1.193 0. 0. -1. 0.
-0.999 0.048 0. -3.658 0.048 0.999 0. 1.335 0. 0. -1. 0.
-0.999 0.036 0. -5.889 0.036 0.999 0. 1.401 0. 0. -1. 0.
-0.999 0.037 0. -8.048 0.037 0.999 0. 1.537 0. 0. -1. 0.
-0.999 0.044 0. -10.309 0.044 0.999 0. 1.573 0. 0. -1. 0.
-0.999 0.035 0. -12.505 0.035 0.999 0. 1.845 0. 0. -1. 0.
-0.999 0.033 0. -14.701 0.033 0.999 0. 1.955 0. 0. -1. 0.
-1.000 0.028 0. -16.920 0.028 1.000 0. 2.010 0. 0. -1. 0.
-1.000 0.025 0. -19.301 0.025 1.000 0. 2.224 0. 0. -1. 0.
-1.000 0.025 0. -21.404 0.025 1.000 0. 2.222 0. 0. -1. 0.
-1. 0.008 0. -23.738 0.008 1. 0. 2.336 0. 0. -1. 0.
-1. 0.002 0. -25.951 0.002 1. 0. 2.277 0. 0. -1. 0.
-1. -0.006 -0. -28.253 -0.006 1. 0. 2.348 0. 0. -1. 0.
-1. -0.008 -0. -30.544 -0.008 1. 0. 2.273 0. 0. -1. 0.
-1. -0.012 -0. -32.673 -0.012 1. 0. 2.275 0. 0. -1. 0.
-1.000 -0.031 -0. -34.899 -0.031 1.000 0. 2.306 0. 0. -1. 0.
-1.000 -0.028 -0. -37.056 -0.028 1.000 0. 2.202 0. 0. -1. 0.
-0.999 -0.037 -0. -39.048 -0.037 0.999 0. 2.131 0. 0. -1. 0.
-0.999 -0.047 -0. -41.188 -0.047 0.999 0. 2.039 0. 0. -1. 0.
-0.999 -0.053 -0. -43.022 -0.053 0.999 0. 1.968 0. 0. -1. 0.
-0.999 -0.047 -0. -45.002 -0.047 0.999 0. 1.973 0. 0. -1. 0.
-0.999 -0.049 -0. -46.866 -0.049 0.999 0. 1.786 0. 0. -1. 0.
-0.999 -0.047 -0. -48.549 -0.047 0.999 0. 1.852 0. 0. -1. 0.
-0.999 -0.045 -0. -50.283 -0.045 0.999 0. 1.763 0. 0. -1. 0.
-1.000 -0.028 -0. -51.815 -0.028 1.000 0. 1.638 0. 0. -1. 0.
-1.000 -0.018 -0. -53.328 -0.018 1.000 0. 1.739 0. 0. -1. 0.
-1. -0.001 -0. -54.729 -0.001 1. 0. 1.696 0. 0. -1. 0.
-0.999 0.035 0. -56.052 0.035 0.999 0. 1.731 0. 0. -1. 0.
-0.999 0.054 0. -57.321 0.054 0.999 0. 1.883 0. 0. -1. 0.
-0.995 0.095 0. -58.487 0.095 0.995 0. 1.950 0. 0. -1. 0.
-0.990 0.140 0. -59.554 0.140 0.990 0. 2.178 0. 0. -1. 0.
-0.981 0.196 0. -60.618 0.196 0.981 0. 2.371 0. 0. -1. 0.
-0.967 0.253 0. -61.652 0.253 0.967 0. 2.711 0. 0. -1. 0.
-0.944 0.330 0. -62.712 0.330 0.944 0. 2.951 0. 0. -1. 0.
-0.910 0.415 0. -63.643 0.415 0.910 0. 3.414 0. 0. -1. 0.
-0.866 0.501 0. -64.463 0.501 0.866 0. 4.001 0. 0. -1. 0.
-0.807 0.591 0. -65.249 0.591 0.807 0. 4.626 0. 0. -1. 0.
-0.729 0.685 0. -66.024 0.685 0.729 0. 5.390 0. 0. -1. 0.
-0.638 0.770 0. -66.503 0.770 0.638 0. 6.225 0. 0. -1. 0.
-0.528 0.849 0. -67.214 0.849 0.528 0. 7.078 0. 0. -1. 0.
-0.412 0.911 0. -67.656 0.911 0.412 0. 8.039 0. 0. -1. 0.
-0.305 0.952 0. -67.961 0.952 0.305 0. 9.102 0. 0. -1. 0.
-0.227 0.974 0. -68.148 0.974 0.227 0. 10.223 0. 0. -1. 0.
-0.161 0.987 0. -68.393 0.987 0.161 0. 11.404 0. 0. -1. 0.
-0.128 0.992 0. -68.480 0.992 0.128 0. 12.590 0. 0. -1. 0.
-0.088 0.996 0. -68.563 0.996 0.088 0. 14.021 0. 0. -1. 0.
-0.083 0.997 0. -68.653 0.997 0.083 0. 15.318 0. 0. -1. 0.
-0.064 0.998 0. -68.606 0.998 0.064 0. 16.834 0. 0. -1. 0.
-0.056 0.998 0. -68.739 0.998 0.056 0. 18.183 0. 0. -1. 0.
-0.055 0.998 0. -68.749 0.998 0.055 0. 19.686 0. 0. -1. 0.
-0.058 0.998 0. -68.916 0.998 0.058 0. 21.247 0. 0. -1. 0.
-0.053 0.999 0. -68.926 0.999 0.053 0. 22.852 0. 0. -1. 0.
-0.065 0.998 0. -68.861 0.998 0.065 0. 24.544 0. 0. -1. 0.
-0.051 0.999 0. -68.945 0.999 0.051 0. 26.135 0. 0. -1. 0.
-0.036 0.999 0. -69.051 0.999 0.036 0. 27.763 0. 0. -1. 0.
-0.022 1.000 0. -68.987 1.000 0.022 0. 29.383 0. 0. -1. 0.
-0.011 1. 0. -69.069 1. 0.011 0. 31.035 0. 0. -1. 0.
0.021 1.000 0. -68.881 1.000 -0.021 -0. 32.797 0. 0. -1. 0.
0.050 0.999 0. -68.910 0.999 -0.050 -0. 34.409 0. 0. -1. 0.
0.082 0.997 0. -68.770 0.997 -0.082 -0. 36.129 0. 0. -1. 0.
0.117 0.993 0. -68.475 0.993 -0.117 -0. 37.855 0. 0. -1. 0.
0.126 0.992 0. -68.169 0.992 -0.126 -0. 39.465 0. 0. -1. 0.
0.146 0.989 0. -67.894 0.989 -0.146 -0. 41.219 0. 0. -1. 0.
0.140 0.990 0. -67.651 0.990 -0.140 -0. 42.792 0. 0. -1. 0.
0.130 0.991 0. -67.349 0.991 -0.130 -0. 44.777 0. 0. -1. 0.
0.111 0.994 0. -67.067 0.994 -0.111 -0. 46.588 0. 0. -1. 0.
0.097 0.995 0. -66.933 0.995 -0.097 -0. 48.402 0. 0. -1. 0.
0.069 0.998 0. -66.704 0.998 -0.069 -0. 50.333 0. 0. -1. 0.
0.048 0.999 0. -66.599 0.999 -0.048 -0. 52.266 0. 0. -1. 0.
0.036 0.999 0. -66.522 0.999 -0.036 -0. 54.222 0. 0. -1. 0.
0.012 1. 0. -66.448 1. -0.012 -0. 56.240 0. 0. -1. 0.
-0.000 1. 0. -66.382 1. 0.000 0. 58.249 0. 0. -1. 0.
-0.008 1. 0. -66.422 1. 0.008 0. 60.167 0. 0. -1. 0.
-0.014 1. 0. -66.403 1. 0.014 0. 62.203 0. 0. -1. 0.
-0.022 1.000 0. -66.460 1.000 0.022 0. 64.122 0. 0. -1. 0.
-0.030 1.000 0. -66.518 1.000 0.030 0. 65.984 0. 0. -1. 0.
-0.031 1.000 0. -66.534 1.000 0.031 0. 68.092 0. 0. -1. 0.
-0.036 0.999 0. -66.539 0.999 0.036 0. 69.961 0. 0. -1. 0.
-0.034 0.999 0. -66.580 0.999 0.034 0. 71.853 0. 0. -1. 0.
-0.034 0.999 0. -66.649 0.999 0.034 0. 73.701 0. 0. -1. 0.
-0.044 0.999 0. -66.717 0.999 0.044 0. 75.477 0. 0. -1. 0.
-0.060 0.998 0. -66.731 0.998 0.060 0. 77.309 0. 0. -1. 0.
-0.082 0.997 0. -66.818 0.997 0.082 0. 79.082 0. 0. -1. 0.
-0.124 0.992 0. -67.057 0.992 0.124 0. 80.639 0. 0. -1. 0.
-0.162 0.987 0. -67.215 0.987 0.162 0. 82.305 0. 0. -1. 0.
-0.226 0.974 0. -67.552 0.974 0.226 0. 83.767 0. 0. -1. 0.
-0.286 0.958 0. -67.930 0.958 0.286 0. 85.336 0. 0. -1. 0.
-0.356 0.934 0. -68.473 0.934 0.356 0. 86.642 0. 0. -1. 0.
-0.428 0.904 0. -68.973 0.904 0.428 0. 88.006 0. 0. -1. 0.
-0.505 0.863 0. -69.615 0.863 0.505 0. 89.226 0. 0. -1. 0.
-0.578 0.816 0. -70.379 0.816 0.578 0. 90.459 0. 0. -1. 0.
-0.657 0.754 0. -71.245 0.754 0.657 0. 91.468 0. 0. -1. 0.
-0.730 0.684 0. -72.180 0.684 0.730 0. 92.395 0. 0. -1. 0.
-0.799 0.601 0. -73.245 0.601 0.799 0. 93.187 0. 0. -1. 0.
-0.858 0.513 0. -74.388 0.513 0.858 0. 93.964 0. 0. -1. 0.
-0.902 0.432 0. -75.592 0.432 0.902 0. 94.585 0. 0. -1. 0.
-0.937 0.350 0. -76.919 0.350 0.937 0. 94.971 0. 0. -1. 0.
-0.961 0.276 0. -78.348 0.276 0.961 0. 95.184 0. 0. -1. 0.
-0.974 0.224 0. -79.583 0.224 0.974 0. 95.588 0. 0. -1. 0.
-0.983 0.181 0. -81.095 0.181 0.983 0. 95.996 0. 0. -1. 0.
-0.988 0.156 0. -82.535 0.156 0.988 0. 96.375 0. 0. -1. 0.
-0.988 0.152 0. -84.172 0.152 0.988 0. 96.436 0. 0. -1. 0.
-0.987 0.162 0. -85.581 0.162 0.987 0. 96.804 0. 0. -1. 0.
-0.981 0.195 0. -87.281 0.195 0.981 0. 97.195 0. 0. -1. 0.
-0.973 0.229 0. -88.761 0.229 0.973 0. 97.507 0. 0. -1. 0.
-0.960 0.278 0. -90.355 0.278 0.960 0. 97.919 0. 0. -1. 0.
-0.942 0.335 0. -91.945 0.335 0.942 0. 98.558 0. 0. -1. 0.
-0.923 0.384 0. -93.462 0.384 0.923 0. 99.215 0. 0. -1. 0.
-0.898 0.441 0. -95.015 0.441 0.898 0. 100.098 0. 0. -1. 0.
-0.870 0.494 0. -96.523 0.494 0.870 0. 100.964 0. 0. -1. 0.
-0.843 0.538 0. -98.026 0.538 0.843 0. 101.922 0. 0. -1. 0.
-0.819 0.574 0. -99.518 0.574 0.819 0. 102.989 0. 0. -1. 0.
-0.790 0.613 0. -101.024 0.613 0.790 0. 104.122 0. 0. -1. 0.
-0.778 0.628 0. -102.567 0.628 0.778 0. 105.243 0. 0. -1. 0.
-0.763 0.646 0. -103.948 0.646 0.763 0. 106.584 0. 0. -1. 0.
-0.760 0.650 0. -105.491 0.650 0.760 0. 107.866 0. 0. -1. 0.
-0.750 0.662 0. -106.985 0.662 0.750 0. 109.191 0. 0. -1. 0.
-0.750 0.661 0. -108.480 0.661 0.750 0. 110.691 0. 0. -1. 0.
-0.743 0.669 0. -110.074 0.669 0.743 0. 111.958 0. 0. -1. 0.
-0.746 0.666 0. -111.609 0.666 0.746 0. 113.463 0. 0. -1. 0.
-0.746 0.666 0. -113.149 0.666 0.746 0. 115.043 0. 0. -1. 0.
-0.744 0.668 0. -114.764 0.668 0.744 0. 116.386 0. 0. -1. 0.
-0.742 0.671 0. -116.321 0.671 0.742 0. 117.764 0. 0. -1. 0.
-0.742 0.671 0. -117.947 0.671 0.742 0. 119.303 0. 0. -1. 0.
-0.733 0.680 0. -119.520 0.680 0.733 0. 120.887 0. 0. -1. 0.
-0.736 0.677 0. -121.216 0.677 0.736 0. 122.399 0. 0. -1. 0.
-0.734 0.680 0. -122.846 0.680 0.734 0. 123.972 0. 0. -1. 0.
-0.733 0.680 0. -124.546 0.680 0.733 0. 125.616 0. 0. -1. 0.
-0.729 0.684 0. -126.275 0.684 0.729 0. 127.207 0. 0. -1. 0.
-0.733 0.680 0. -127.861 0.680 0.733 0. 128.803 0. 0. -1. 0.
-0.731 0.682 0. -129.601 0.682 0.731 0. 130.478 0. 0. -1. 0.
-0.730 0.684 0. -131.264 0.684 0.730 0. 132.105 0. 0. -1. 0.
-0.729 0.684 0. -133.006 0.684 0.729 0. 133.744 0. 0. -1. 0.
-0.729 0.684 0. -134.722 0.684 0.729 0. 135.497 0. 0. -1. 0.
-0.728 0.686 0. -136.453 0.686 0.728 0. 137.171 0. 0. -1. 0.
-0.724 0.689 0. -138.135 0.689 0.724 0. 138.842 0. 0. -1. 0.
-0.722 0.692 0. -139.813 0.692 0.722 0. 140.502 0. 0. -1. 0.
-0.721 0.693 0. -141.502 0.693 0.721 0. 142.167 0. 0. -1. 0.
-0.717 0.697 0. -143.279 0.697 0.717 0. 143.904 0. 0. -1. 0.
-0.703 0.711 0. -144.997 0.711 0.703 0. 145.619 0. 0. -1. 0.
-0.691 0.723 0. -146.543 0.723 0.691 0. 147.353 0. 0. -1. 0.
-0.681 0.733 0. -148.155 0.733 0.681 0. 149.079 0. 0. -1. 0.
-0.661 0.750 0. -149.637 0.750 0.661 0. 150.867 0. 0. -1. 0.
-0.640 0.768 0. -151.165 0.768 0.640 0. 152.587 0. 0. -1. 0.
-0.619 0.785 0. -152.471 0.785 0.619 0. 154.448 0. 0. -1. 0.
-0.605 0.796 0. -153.736 0.796 0.605 0. 156.377 0. 0. -1. 0.
-0.577 0.817 0. -155.087 0.817 0.577 0. 158.098 0. 0. -1. 0.
-0.554 0.833 0. -156.383 0.833 0.554 0. 160.005 0. 0. -1. 0.
-0.524 0.851 0. -157.508 0.851 0.524 0. 161.921 0. 0. -1. 0.
-0.495 0.869 0. -158.625 0.869 0.495 0. 163.810 0. 0. -1. 0.
-0.463 0.886 0. -159.550 0.886 0.463 0. 165.845 0. 0. -1. 0.
-0.429 0.903 0. -160.484 0.903 0.429 0. 167.928 0. 0. -1. 0.
-0.387 0.922 0. -161.225 0.922 0.387 0. 170.080 0. 0. -1. 0.
-0.352 0.936 0. -162.080 0.936 0.352 0. 172.194 0. 0. -1. 0.
-0.311 0.950 0. -162.918 0.950 0.311 0. 174.339 0. 0. -1. 0.
-0.287 0.958 0. -163.641 0.958 0.287 0. 176.527 0. 0. -1. 0.
-0.258 0.966 0. -164.267 0.966 0.258 0. 178.725 0. 0. -1. 0.
-0.230 0.973 0. -164.595 0.973 0.230 0. 181.115 0. 0. -1. 0.
-0.213 0.977 0. -165.063 0.977 0.213 0. 183.404 0. 0. -1. 0.
-0.192 0.981 0. -165.660 0.981 0.192 0. 185.716 0. 0. -1. 0.
-0.174 0.985 0. -165.819 0.985 0.174 0. 188.051 0. 0. -1. 0.
-0.165 0.986 0. -166.015 0.986 0.165 0. 190.454 0. 0. -1. 0.
-0.157 0.988 0. -166.605 0.988 0.157 0. 192.739 0. 0. -1. 0.
-0.158 0.987 0. -166.844 0.987 0.158 0. 195.007 0. 0. -1. 0.
-0.145 0.989 0. -167.161 0.989 0.145 0. 197.307 0. 0. -1. 0.
-0.154 0.988 0. -167.287 0.988 0.154 0. 199.531 0. 0. -1. 0.
-0.157 0.988 0. -167.715 0.988 0.157 0. 201.743 0. 0. -1. 0.
-0.166 0.986 0. -167.974 0.986 0.166 0. 203.935 0. 0. -1. 0.
-0.189 0.982 0. -168.251 0.982 0.189 0. 206.071 0. 0. -1. 0.
-0.215 0.977 0. -168.720 0.977 0.215 0. 208.270 0. 0. -1. 0.
-0.240 0.971 0. -169.212 0.971 0.240 0. 210.304 0. 0. -1. 0.
-0.283 0.959 0. -169.693 0.959 0.283 0. 212.326 0. 0. -1. 0.
-0.328 0.945 0. -170.342 0.945 0.328 0. 214.308 0. 0. -1. 0.
-0.378 0.926 0. -171.053 0.926 0.378 0. 216.277 0. 0. -1. 0.
-0.429 0.903 0. -171.917 0.903 0.429 0. 218.099 0. 0. -1. 0.
-0.480 0.877 0. -172.786 0.877 0.480 0. 219.910 0. 0. -1. 0.
-0.536 0.844 0. -173.883 0.844 0.536 0. 221.674 0. 0. -1. 0.
-0.589 0.808 0. -174.980 0.808 0.589 0. 223.233 0. 0. -1. 0.
-0.643 0.765 0. -176.312 0.765 0.643 0. 224.737 0. 0. -1. 0.
-0.696 0.718 0. -177.641 0.718 0.696 0. 226.279 0. 0. -1. 0.
-0.752 0.659 0. -179.097 0.659 0.752 0. 227.515 0. 0. -1. 0.
-0.804 0.594 0. -180.741 0.594 0.804 0. 228.680 0. 0. -1. 0.
-0.850 0.528 0. -182.611 0.528 0.850 0. 229.724 0. 0. -1. 0.
-0.886 0.464 0. -184.274 0.464 0.886 0. 230.724 0. 0. -1. 0.
-0.917 0.400 0. -185.997 0.400 0.917 0. 231.622 0. 0. -1. 0.
-0.938 0.346 0. -188.101 0.346 0.938 0. 232.253 0. 0. -1. 0.
-0.954 0.300 0. -190.013 0.300 0.954 0. 233.090 0. 0. -1. 0.
-0.963 0.268 0. -191.984 0.268 0.963 0. 233.760 0. 0. -1. 0.
-0.967 0.255 0. -194.039 0.255 0.967 0. 234.397 0. 0. -1. 0.
-0.968 0.252 0. -196.181 0.252 0.968 0. 234.949 0. 0. -1. 0.
-0.969 0.246 0. -198.330 0.246 0.969 0. 235.542 0. 0. -1. 0.
-0.970 0.244 0. -200.480 0.244 0.970 0. 236.036 0. 0. -1. 0.
-0.972 0.234 0. -202.677 0.234 0.972 0. 236.675 0. 0. -1. 0.
-0.971 0.238 0. -204.948 0.238 0.971 0. 237.210 0. 0. -1. 0.
-0.970 0.243 0. -207.007 0.243 0.970 0. 237.858 0. 0. -1. 0.
-0.969 0.249 0. -209.110 0.249 0.969 0. 238.385 0. 0. -1. 0.
-0.969 0.247 0. -211.249 0.247 0.969 0. 238.942 0. 0. -1. 0.
-0.969 0.245 0. -213.459 0.245 0.969 0. 239.437 0. 0. -1. 0.
-0.970 0.241 0. -215.490 0.241 0.970 0. 240.067 0. 0. -1. 0.
-0.971 0.238 0. -217.650 0.238 0.971 0. 240.561 0. 0. -1. 0.
-0.971 0.240 0. -219.712 0.240 0.971 0. 241.070 0. 0. -1. 0.
-0.970 0.242 0. -221.673 0.242 0.970 0. 241.707 0. 0. -1. 0.
-0.971 0.239 0. -223.679 0.239 0.971 0. 242.230 0. 0. -1. 0.
-0.971 0.238 0. -225.928 0.238 0.971 0. 242.663 0. 0. -1. 0.
-0.971 0.241 0. -227.719 0.241 0.971 0. 243.241 0. 0. -1. 0.
-0.971 0.241 0. -229.656 0.241 0.971 0. 243.778 0. 0. -1. 0.
-0.970 0.244 0. -231.503 0.244 0.970 0. 244.261 0. 0. -1. 0.
-0.968 0.253 0. -233.225 0.253 0.968 0. 244.651 0. 0. -1. 0.
-0.965 0.262 0. -234.887 0.262 0.965 0. 245.107 0. 0. -1. 0.
-0.963 0.270 0. -236.473 0.270 0.963 0. 245.614 0. 0. -1. 0.
-0.958 0.285 0. -238.034 0.285 0.958 0. 246.147 0. 0. -1. 0.
-0.952 0.305 0. -239.490 0.305 0.952 0. 246.630 0. 0. -1. 0.
-0.942 0.336 0. -240.833 0.336 0.942 0. 247.069 0. 0. -1. 0.
-0.930 0.368 0. -242.046 0.368 0.930 0. 247.657 0. 0. -1. 0.
-0.917 0.399 0. -243.158 0.399 0.917 0. 248.183 0. 0. -1. 0.
-0.902 0.432 0. -244.234 0.432 0.902 0. 248.772 0. 0. -1. 0.
-0.888 0.460 0. -245.125 0.460 0.888 0. 249.148 0. 0. -1. 0.
-0.883 0.470 0. -245.993 0.470 0.883 0. 249.520 0. 0. -1. 0.
-0.882 0.471 0. -246.913 0.471 0.882 0. 250.209 0. 0. -1. 0.
-0.886 0.463 0. -247.794 0.463 0.886 0. 250.581 0. 0. -1. 0.
-0.895 0.445 0. -248.587 0.445 0.895 0. 251.200 0. 0. -1. 0.
-0.905 0.426 0. -249.354 0.426 0.905 0. 251.548 0. 0. -1. 0.
-0.917 0.398 0. -250.029 0.398 0.917 0. 251.841 0. 0. -1. 0.
-0.927 0.374 0. -250.707 0.374 0.927 0. 252.075 0. 0. -1. 0.
-0.935 0.354 0. -251.218 0.354 0.935 0. 252.171 0. 0. -1. 0.
-0.943 0.332 0. -251.665 0.332 0.943 0. 252.399 0. 0. -1. 0.
-0.946 0.324 0. -252.012 0.324 0.946 0. 252.449 0. 0. -1. 0.
-0.949 0.315 0. -252.303 0.315 0.949 0. 252.565 0. 0. -1. 0.
-0.952 0.305 0. -252.615 0.305 0.952 0. 252.722 0. 0. -1. 0.
-0.955 0.297 0. -253.005 0.297 0.955 0. 252.763 0. 0. -1. 0.
-0.956 0.294 0. -253.165 0.294 0.956 0. 252.931 0. 0. -1. 0.
-0.957 0.289 0. -253.480 0.289 0.957 0. 252.978 0. 0. -1. 0.
-0.956 0.294 0. -253.596 0.294 0.956 0. 252.914 0. 0. -1. 0.
-0.958 0.288 0. -253.681 0.288 0.958 0. 253.082 0. 0. -1. 0.
-0.957 0.289 0. -253.783 0.289 0.957 0. 253.070 0. 0. -1. 0.
-0.956 0.294 0. -253.798 0.294 0.956 0. 253.168 0. 0. -1. 0.
-0.956 0.294 0. -253.834 0.294 0.956 0. 253.192 0. 0. -1. 0.
-0.956 0.294 0. -253.795 0.294 0.956 0. 253.178 0. 0. -1. 0.
-0.954 0.298 0. -253.811 0.298 0.954 0. 253.251 0. 0. -1. 0.
-0.957 0.290 0. -253.717 0.290 0.957 0. 253.273 0. 0. -1. 0.
-0.958 0.285 0. -253.780 0.285 0.958 0. 253.102 0. 0. -1. 0.
-0.957 0.290 0. -253.803 0.290 0.957 0. 253.115 0. 0. -1. 0.
-0.956 0.294 0. -253.800 0.294 0.956 0. 253.200 0. 0. -1. 0.
-0.955 0.298 0. -253.754 0.298 0.955 0. 253.158 0. 0. -1. 0.
-0.954 0.300 0. -253.808 0.300 0.954 0. 253.214 0. 0. -1. 0.
-0.955 0.297 0. -253.793 0.297 0.955 0. 253.239 0. 0. -1. 0.
-0.957 0.291 0. -253.800 0.291 0.957 0. 253.167 0. 0. -1. 0.
-0.957 0.291 0. -253.886 0.291 0.957 0. 253.321 0. 0. -1. 0.
-0.954 0.298 0. -253.869 0.298 0.954 0. 253.274 0. 0. -1. 0.
-0.956 0.293 0. -253.862 0.293 0.956 0. 253.347 0. 0. -1. 0.
-0.955 0.296 0. -253.828 0.296 0.955 0. 253.205 0. 0. -1. 0.
-0.955 0.295 0. -253.848 0.295 0.955 0. 253.185 0. 0. -1. 0.
-0.956 0.293 0. -253.843 0.293 0.956 0. 253.237 0. 0. -1. 0.
-0.955 0.297 0. -253.871 0.297 0.955 0. 253.231 0. 0. -1. 0.
-0.956 0.294 0. -253.869 0.294 0.956 0. 253.347 0. 0. -1. 0.
-0.957 0.291 0. -253.898 0.291 0.957 0. 253.356 0. 0. -1. 0.
-0.956 0.293 0. -253.852 0.293 0.956 0. 253.247 0. 0. -1. 0.
-0.956 0.292 0. -253.959 0.292 0.956 0. 253.376 0. 0. -1. 0.
-0.955 0.296 0. -253.792 0.296 0.955 0. 253.227 0. 0. -1. 0.
-0.957 0.290 0. -253.827 0.290 0.957 0. 253.192 0. 0. -1. 0.
-0.956 0.294 0. -253.831 0.294 0.956 0. 253.452 0. 0. -1. 0.
-0.956 0.294 0. -253.841 0.294 0.956 0. 253.236 0. 0. -1. 0.
-0.957 0.291 0. -253.747 0.291 0.957 0. 253.158 0. 0. -1. 0.
-0.957 0.290 0. -253.843 0.290 0.957 0. 253.277 0. 0. -1. 0.
-0.955 0.298 0. -253.867 0.298 0.955 0. 253.192 0. 0. -1. 0.
-0.957 0.289 0. -253.816 0.289 0.957 0. 253.233 0. 0. -1. 0.
-0.957 0.291 0. -253.828 0.291 0.957 0. 253.321 0. 0. -1. 0.
-0.957 0.290 0. -253.780 0.290 0.957 0. 253.198 0. 0. -1. 0.
-0.957 0.290 0. -253.845 0.290 0.957 0. 253.213 0. 0. -1. 0.
-0.957 0.290 0. -253.781 0.290 0.957 0. 253.187 0. 0. -1. 0.
-0.957 0.290 0. -253.816 0.290 0.957 0. 253.217 0. 0. -1. 0.
-0.956 0.293 0. -253.787 0.293 0.956 0. 253.222 0. 0. -1. 0.
-0.955 0.296 0. -253.778 0.296 0.955 0. 253.200 0. 0. -1. 0.
-0.956 0.294 0. -253.774 0.294 0.956 0. 253.236 0. 0. -1. 0.
-0.957 0.290 0. -253.803 0.290 0.957 0. 253.272 0. 0. -1. 0.
-0.957 0.291 0. -253.772 0.291 0.957 0. 253.207 0. 0. -1. 0.
-0.957 0.290 0. -253.832 0.290 0.957 0. 253.226 0. 0. -1. 0.
-0.957 0.290 0. -253.861 0.290 0.957 0. 253.264 0. 0. -1. 0.
-0.957 0.290 0. -253.804 0.290 0.957 0. 253.248 0. 0. -1. 0.
-0.956 0.293 0. -253.858 0.293 0.956 0. 253.221 0. 0. -1. 0.
-0.955 0.295 0. -253.767 0.295 0.955 0. 253.154 0. 0. -1. 0.
-0.956 0.292 0. -253.791 0.292 0.956 0. 253.290 0. 0. -1. 0.
-0.955 0.298 0. -253.795 0.298 0.955 0. 253.269 0. 0. -1. 0.
-0.954 0.299 0. -253.803 0.299 0.954 0. 253.176 0. 0. -1. 0.
-0.955 0.297 0. -253.814 0.297 0.955 0. 253.262 0. 0. -1. 0.
-0.956 0.293 0. -253.830 0.293 0.956 0. 253.268 0. 0. -1. 0.
-0.956 0.295 0. -253.819 0.295 0.956 0. 253.193 0. 0. -1. 0.
-0.955 0.298 0. -253.807 0.298 0.955 0. 253.377 0. 0. -1. 0.
-0.957 0.291 0. -253.777 0.291 0.957 0. 253.317 0. 0. -1. 0.
-0.957 0.291 0. -253.887 0.291 0.957 0. 253.328 0. 0. -1. 0.
-0.956 0.294 0. -253.862 0.294 0.956 0. 253.379 0. 0. -1. 0.
-0.956 0.295 0. -253.842 0.295 0.956 0. 253.352 0. 0. -1. 0.
-0.955 0.296 0. -253.854 0.296 0.955 0. 253.380 0. 0. -1. 0.
-0.956 0.295 0. -253.847 0.295 0.956 0. 253.391 0. 0. -1. 0.
-0.957 0.290 0. -253.827 0.290 0.957 0. 253.275 0. 0. -1. 0.
-0.957 0.290 0. -253.878 0.290 0.957 0. 253.287 0. 0. -1. 0.
-0.956 0.292 0. -253.788 0.292 0.956 0. 253.347 0. 0. -1. 0.
-0.956 0.294 0. -253.815 0.294 0.956 0. 253.326 0. 0. -1. 0.
-0.956 0.294 0. -253.832 0.294 0.956 0. 253.377 0. 0. -1. 0.
-0.955 0.297 0. -253.790 0.297 0.955 0. 253.226 0. 0. -1. 0.
-0.955 0.296 0. -253.852 0.296 0.955 0. 253.378 0. 0. -1. 0.
-0.955 0.295 0. -253.835 0.295 0.955 0. 253.375 0. 0. -1. 0.
-0.954 0.301 0. -253.828 0.301 0.954 0. 253.251 0. 0. -1. 0.
-0.955 0.297 0. -253.784 0.297 0.955 0. 253.158 0. 0. -1. 0.
-0.955 0.296 0. -253.868 0.296 0.955 0. 253.236 0. 0. -1. 0.
-0.956 0.294 0. -253.865 0.294 0.956 0. 253.420 0. 0. -1. 0.
-0.956 0.295 0. -253.854 0.295 0.956 0. 253.413 0. 0. -1. 0.
-0.954 0.298 0. -253.804 0.298 0.954 0. 253.251 0. 0. -1. 0.
-0.954 0.300 0. -253.797 0.300 0.954 0. 253.217 0. 0. -1. 0.
-0.954 0.299 0. -253.787 0.299 0.954 0. 253.186 0. 0. -1. 0.
-0.954 0.299 0. -253.839 0.299 0.954 0. 253.214 0. 0. -1. 0.
-0.956 0.295 0. -253.801 0.295 0.956 0. 253.227 0. 0. -1. 0.
-0.956 0.293 0. -253.806 0.293 0.956 0. 253.275 0. 0. -1. 0.
-0.955 0.296 0. -253.833 0.296 0.955 0. 253.119 0. 0. -1. 0.
-0.957 0.291 0. -253.787 0.291 0.957 0. 253.239 0. 0. -1. 0.
-0.957 0.290 0. -253.770 0.290 0.957 0. 253.276 0. 0. -1. 0.
-0.957 0.290 0. -253.791 0.290 0.957 0. 253.307 0. 0. -1. 0.
-0.957 0.290 0. -253.804 0.290 0.957 0. 253.223 0. 0. -1. 0.
-0.957 0.289 0. -253.780 0.289 0.957 0. 253.261 0. 0. -1. 0.
-0.957 0.290 0. -253.780 0.290 0.957 0. 253.240 0. 0. -1. 0.
-0.956 0.293 0. -253.858 0.293 0.956 0. 253.351 0. 0. -1. 0.
-0.954 0.300 0. -253.824 0.300 0.954 0. 253.235 0. 0. -1. 0.
-0.955 0.296 0. -253.768 0.296 0.955 0. 253.185 0. 0. -1. 0.
-0.955 0.296 0. -253.843 0.296 0.955 0. 253.221 0. 0. -1. 0.
-0.956 0.294 0. -253.828 0.294 0.956 0. 253.162 0. 0. -1. 0.
-0.955 0.296 0. -253.823 0.296 0.955 0. 253.221 0. 0. -1. 0.
-0.955 0.298 0. -253.872 0.298 0.955 0. 253.282 0. 0. -1. 0.
-0.957 0.290 0. -253.778 0.290 0.957 0. 253.318 0. 0. -1. 0.
-0.956 0.292 0. -253.835 0.292 0.956 0. 253.316 0. 0. -1. 0.
-0.957 0.291 0. -253.814 0.291 0.957 0. 253.306 0. 0. -1. 0.
-0.954 0.301 0. -253.807 0.301 0.954 0. 253.348 0. 0. -1. 0.
-0.957 0.290 0. -253.780 0.290 0.957 0. 253.180 0. 0. -1. 0.
-0.957 0.291 0. -253.842 0.291 0.957 0. 253.369 0. 0. -1. 0.
-0.956 0.293 0. -253.834 0.293 0.956 0. 253.202 0. 0. -1. 0.
-0.954 0.300 0. -253.808 0.300 0.954 0. 253.209 0. 0. -1. 0.
-0.955 0.297 0. -253.864 0.297 0.955 0. 253.320 0. 0. -1. 0.
-0.955 0.297 0. -253.780 0.297 0.955 0. 253.152 0. 0. -1. 0.
-0.956 0.292 0. -253.837 0.292 0.956 0. 253.242 0. 0. -1. 0.
-0.957 0.290 0. -253.794 0.290 0.957 0. 253.252 0. 0. -1. 0.
-0.955 0.295 0. -253.801 0.295 0.955 0. 253.136 0. 0. -1. 0.
-0.956 0.295 0. -253.777 0.295 0.956 0. 253.184 0. 0. -1. 0.
-0.955 0.297 0. -253.841 0.297 0.955 0. 253.247 0. 0. -1. 0.
-0.955 0.297 0. -253.791 0.297 0.955 0. 253.198 0. 0. -1. 0.
-0.954 0.299 0. -253.813 0.299 0.954 0. 253.291 0. 0. -1. 0.
-0.957 0.289 0. -253.759 0.289 0.957 0. 253.250 0. 0. -1. 0.
-0.957 0.290 0. -253.909 0.290 0.957 0. 253.296 0. 0. -1. 0.
-0.956 0.292 0. -253.823 0.292 0.956 0. 253.260 0. 0. -1. 0.
-0.957 0.289 0. -253.798 0.289 0.957 0. 253.262 0. 0. -1. 0.
-0.958 0.288 0. -253.773 0.288 0.958 0. 253.248 0. 0. -1. 0.
-0.957 0.289 0. -253.795 0.289 0.957 0. 253.236 0. 0. -1. 0.
-0.957 0.291 0. -253.817 0.291 0.957 0. 253.199 0. 0. -1. 0.
-0.957 0.290 0. -253.792 0.290 0.957 0. 253.239 0. 0. -1. 0.
-0.957 0.292 0. -253.777 0.292 0.957 0. 253.192 0. 0. -1. 0.
-0.956 0.293 0. -253.786 0.293 0.956 0. 253.275 0. 0. -1. 0.
-0.956 0.294 0. -253.797 0.294 0.956 0. 253.268 0. 0. -1. 0.
-0.956 0.293 0. -253.874 0.293 0.956 0. 253.319 0. 0. -1. 0.
-0.957 0.289 0. -253.758 0.289 0.957 0. 253.259 0. 0. -1. 0.
-0.957 0.292 0. -253.894 0.292 0.957 0. 253.384 0. 0. -1. 0.
-0.954 0.298 0. -253.790 0.298 0.954 0. 253.244 0. 0. -1. 0.
-0.954 0.299 0. -253.813 0.299 0.954 0. 253.351 0. 0. -1. 0.
-0.955 0.296 0. -253.839 0.296 0.955 0. 253.382 0. 0. -1. 0.
-0.956 0.293 0. -253.843 0.293 0.956 0. 253.338 0. 0. -1. 0.
-0.955 0.295 0. -253.792 0.295 0.955 0. 253.198 0. 0. -1. 0.
-0.955 0.295 0. -253.784 0.295 0.955 0. 253.159 0. 0. -1. 0.
-0.954 0.299 0. -253.831 0.299 0.954 0. 253.258 0. 0. -1. 0.
-0.954 0.300 0. -253.803 0.300 0.954 0. 253.208 0. 0. -1. 0.
-0.956 0.292 0. -253.871 0.292 0.956 0. 253.376 0. 0. -1. 0.
-0.957 0.291 0. -253.853 0.291 0.957 0. 253.362 0. 0. -1. 0.
-0.956 0.292 0. -253.827 0.292 0.956 0. 253.356 0. 0. -1. 0.
-0.957 0.289 0. -253.795 0.289 0.957 0. 253.315 0. 0. -1. 0.
-0.957 0.289 0. -253.793 0.289 0.957 0. 253.259 0. 0. -1. 0.
-0.957 0.290 0. -253.791 0.290 0.957 0. 253.168 0. 0. -1. 0.
-0.955 0.297 0. -253.784 0.297 0.955 0. 253.218 0. 0. -1. 0.
-0.957 0.289 0. -253.743 0.289 0.957 0. 253.142 0. 0. -1. 0.
-0.956 0.292 0. -253.827 0.292 0.956 0. 253.196 0. 0. -1. 0.
-0.957 0.290 0. -253.759 0.290 0.957 0. 253.156 0. 0. -1. 0.
-0.957 0.290 0. -253.845 0.290 0.957 0. 253.262 0. 0. -1. 0.
-0.957 0.289 0. -253.743 0.289 0.957 0. 253.224 0. 0. -1. 0.
-0.957 0.291 0. -253.850 0.291 0.957 0. 253.279 0. 0. -1. 0.
-0.955 0.296 0. -253.790 0.296 0.955 0. 253.245 0. 0. -1. 0.
-0.957 0.292 0. -253.802 0.292 0.957 0. 253.344 0. 0. -1. 0.
-0.956 0.295 0. -253.832 0.295 0.956 0. 253.393 0. 0. -1. 0.
-0.955 0.298 0. -253.797 0.298 0.955 0. 253.160 0. 0. -1. 0.
-0.956 0.294 0. -253.816 0.294 0.956 0. 253.214 0. 0. -1. 0.
-0.956 0.292 0. -253.791 0.292 0.956 0. 253.342 0. 0. -1. 0.
-0.955 0.297 0. -253.769 0.297 0.955 0. 253.172 0. 0. -1. 0.
-0.956 0.295 0. -253.784 0.295 0.956 0. 253.282 0. 0. -1. 0.
-0.957 0.290 0. -253.845 0.290 0.957 0. 253.310 0. 0. -1. 0.
-0.956 0.294 0. -253.846 0.294 0.956 0. 253.229 0. 0. -1. 0.
-0.955 0.295 0. -253.783 0.295 0.955 0. 253.183 0. 0. -1. 0.
-0.956 0.293 0. -253.782 0.293 0.956 0. 253.205 0. 0. -1. 0.
-0.955 0.296 0. -253.832 0.296 0.955 0. 253.226 0. 0. -1. 0.
-0.957 0.289 0. -253.789 0.289 0.957 0. 253.206 0. 0. -1. 0.
-0.957 0.289 0. -253.806 0.289 0.957 0. 253.193 0. 0. -1. 0.
-0.957 0.291 0. -253.787 0.291 0.957 0. 253.159 0. 0. -1. 0.
-0.957 0.289 0. -253.793 0.289 0.957 0. 253.169 0. 0. -1. 0.
-0.957 0.290 0. -253.864 0.290 0.957 0. 253.229 0. 0. -1. 0.
-0.957 0.290 0. -253.776 0.290 0.957 0. 253.303 0. 0. -1. 0.
-0.957 0.291 0. -253.819 0.291 0.957 0. 253.185 0. 0. -1. 0.
-0.957 0.289 0. -253.783 0.289 0.957 0. 253.190 0. 0. -1. 0.
-0.957 0.290 0. -253.816 0.290 0.957 0. 253.190 0. 0. -1. 0.
-0.956 0.295 0. -253.808 0.295 0.956 0. 253.158 0. 0. -1. 0.
-0.956 0.294 0. -253.803 0.294 0.956 0. 253.182 0. 0. -1. 0.
-0.956 0.292 0. -253.813 0.292 0.956 0. 253.180 0. 0. -1. 0.
-0.957 0.291 0. -253.807 0.291 0.957 0. 253.208 0. 0. -1. 0.
-0.957 0.291 0. -253.824 0.291 0.957 0. 253.279 0. 0. -1. 0.
-0.957 0.290 0. -253.790 0.290 0.957 0. 253.303 0. 0. -1. 0.
-0.957 0.289 0. -253.815 0.289 0.957 0. 253.197 0. 0. -1. 0.
-0.957 0.291 0. -253.819 0.291 0.957 0. 253.165 0. 0. -1. 0.
-0.956 0.294 0. -253.829 0.294 0.956 0. 253.125 0. 0. -1. 0.
-0.955 0.298 0. -253.761 0.298 0.955 0. 253.179 0. 0. -1. 0.
-0.955 0.298 0. -253.796 0.298 0.955 0. 253.245 0. 0. -1. 0.
-0.955 0.297 0. -253.757 0.297 0.955 0. 253.187 0. 0. -1. 0.
-0.956 0.295 0. -253.896 0.295 0.956 0. 253.383 0. 0. -1. 0.
