1. 0. 0. 0. 0. 1. 0. 0. 0. 0. 1. 0.
1. 0.000 0. -0.001 -0.000 1. 0. -0.001 0. 0. 1. 0.
1. 0. 0. 0.002 -0. 1. 0. -0.006 0. 0. 1. 0.
1. 0. 0. -0.001 -0. 1. 0. -0.004 0. 0. 1. 0.
1. 0.000 0. -0.002 -0.000 1. 0. 0.003 0. 0. 1. 0.
1. 0. 0. -0. -0. 1. 0. -0.002 0. 0. 1. 0.
1. -0. 0. -0.002 0. 1. 0. -0.007 0. 0. 1. 0.
1. 0. 0. -0.000 -0. 1. 0. -0.004 0. 0. 1. 0.
1. -0. 0. -0.001 0. 1. 0. -0.007 0. 0. 1. 0.
1. -0.000 0. 0.000 0.000 1. 0. -0.008 0. 0. 1. 0.
1. -0.000 0. 0.001 0.000 1. 0. 0.001 0. 0. 1. 0.
1. 0. 0. 0.003 -0. 1. 0. -0.010 0. 0. 1. 0.
1. 0.000 0. -0.003 -0.000 1. 0. -0.009 0. 0. 1. 0.
1. 0. 0. -0.001 -0. 1. 0. -0.008 0. 0. 1. 0.
1. 0.000 0. -0.008 -0.000 1. 0. -0.009 0. 0. 1. 0.
1. 0. 0. -0.004 -0. 1. 0. -0.008 0. 0. 1. 0.
1. 0. 0. -0.007 -0. 1. 0. -0.002 0. 0. 1. 0.
1. -0.000 0. -0.004 0.000 1. 0. -0.002 0. 0. 1. 0.
1. -0.000 0. -0.008 0.000 1. 0. -0.003 0. 0. 1. 0.
1. 0. 0. -0.010 -0. 1. 0. 0. 0. 0. 1. 0.
1. -0. 0. -0.010 0. 1. 0. -0.001 0. 0. 1. 0.
1. 0.000 0. -0.005 -0.000 1. 0. 0.001 0. 0. 1. 0.
1. 0. 0. -0.004 -0. 1. 0. 0.000 0. 0. 1. 0.
1. -0.000 0. -0.003 0.000 1. 0. -0.004 0. 0. 1. 0.
1. 0.000 0. -0.003 -0.000 1. 0. 0.001 0. 0. 1. 0.
1. 0. 0. -0.002 -0. 1. 0. 0.003 0. 0. 1. 0.
1. -0. 0. -0.005 0. 1. 0. -0.003 0. 0. 1. 0.
1. 0.000 0. -0.007 -0.000 1. 0. -0.005 0. 0. 1. 0.
1. 0. 0. -0.001 -0. 1. 0. -0.005 0. 0. 1. 0.
1. -0. 0. -0.004 0. 1. 0. -0.002 0. 0. 1. 0.
1. 0.000 0. 0.001 -0.000 1. 0. -0.007 0. 0. 1. 0.
1. 0. 0. -0.002 -0. 1. 0. -0.002 0. 0. 1. 0.
1. 0. 0. -0.001 -0. 1. 0. 0.001 0. 0. 1. 0.
1. 0.000 0. -0.003 -0.000 1. 0. -0.001 0. 0. 1. 0.
1. 0.000 0. -0.000 -0.000 1. 0. -0.002 0. 0. 1. 0.
1. 0.000 0. -0.004 -0.000 1. 0. -0.006 0. 0. 1. 0.
1. 0.000 0. -0.003 -0.000 1. 0. -0.004 0. 0. 1. 0.
1. 0.000 0. -0.001 -0.000 1. 0. 0.006 0. 0. 1. 0.
1. -0. 0. -0.002 0. 1. 0. 0.005 0. 0. 1. 0.
1. -0. 0. 0. 0. 1. 0. 0.009 0. 0. 1. 0.
1. 0.000 0. -0.001 -0.000 1. 0. 0.004 0. 0. 1. 0.
1. 0.000 0. -0.005 -0.000 1. 0. 0.003 0. 0. 1. 0.
1. 0.000 0. -0.004 -0.000 1. 0. -0.002 0. 0. 1. 0.
1. 0. 0. -0.007 -0. 1. 0. 0.012 0. 0. 1. 0.
1. 0.000 0. -0.001 -0.000 1. 0. 0.006 0. 0. 1. 0.
1. 0. 0. -0.007 -0. 1. 0. 0.001 0. 0. 1. 0.
1. -0. 0. -0.003 0. 1. 0. 0.002 0. 0. 1. 0.
1. 0. 0. -0.006 -0. 1. 0. 0.005 0. 0. 1. 0.
1. -0. 0. -0.004 0. 1. 0. -0. 0. 0. 1. 0.
1. -0.000 0. -0.003 0.000 1. 0. -0.003 0. 0. 1. 0.
1. -0. 0. -0.001 0. 1. 0. 0.005 0. 0. 1. 0.
1. -0. 0. 0.005 0. 1. 0. -0.002 0. 0. 1. 0.
1. 0.000 0. -0.000 -0.000 1. 0. -0.005 0. 0. 1. 0.
1. -0.000 0. -0.003 0.000 1. 0. -0.006 0. 0. 1. 0.
1. -0.000 0. -0.003 0.000 1. 0. 0.003 0. 0. 1. 0.
1. 0. 0. -0.002 -0. 1. 0. -0.007 0. 0. 1. 0.
1. 0. 0. -0.007 -0. 1. 0. -0.003 0. 0. 1. 0.
1. 0.000 0. -0.001 -0.000 1. 0. 0.004 0. 0. 1. 0.
1. 0.000 0. -0.002 -0.000 1. 0. -0.002 0. 0. 1. 0.
1. 0.000 0. -0.005 -0.000 1. 0. -0.009 0. 0. 1. 0.
1. -0. 0. -0.002 0. 1. 0. -0.000 0. 0. 1. 0.
1. 0.000 0. -0.007 -0.000 1. 0. 0.001 0. 0. 1. 0.
1. 0.000 0. -0.000 -0.000 1. 0. 0.005 0. 0. 1. 0.
1. 0.000 0. -0.006 -0.000 1. 0. 0.001 0. 0. 1. 0.
1. 0.000 0. -0.006 -0.000 1. 0. -0.001 0. 0. 1. 0.
1. -0. 0. -0.006 0. 1. 0. 0.002 0. 0. 1. 0.
1. -0. 0. -0.001 0. 1. 0. 0.000 0. 0. 1. 0.
1. -0.000 0. -0.007 0.000 1. 0. -0.005 0. 0. 1. 0.
1. -0. 0. -0.005 0. 1. 0. 0.001 0. 0. 1. 0.
1. -0.000 0. -0.004 0.000 1. 0. -0.014 0. 0. 1. 0.
1. -0.000 0. -0.011 0.000 1. 0. -0.013 0. 0. 1. 0.
1. -0.000 0. -0.001 0.000 1. 0. -0.016 0. 0. 1. 0.
1. 0. 0. -0.003 -0. 1. 0. -0.012 0. 0. 1. 0.
1. -0.000 0. -0.010 0.000 1. 0. -0.012 0. 0. 1. 0.
1. -0.000 0. -0.004 0.000 1. 0. -0.007 0. 0. 1. 0.
1. -0.000 0. -0.006 0.000 1. 0. -0.012 0. 0. 1. 0.
1. -0.000 0. -0.007 0.000 1. 0. -0.008 0. 0. 1. 0.
1. -0. 0. -0.005 0. 1. 0. -0.009 0. 0. 1. 0.
1. 0.000 0. -0.007 -0.000 1. 0. -0.007 0. 0. 1. 0.
1. -0.000 0. -0.004 0.000 1. 0. -0.011 0. 0. 1. 0.
1. -0.000 0. -0.006 0.000 1. 0. -0.002 0. 0. 1. 0.
1. -0. 0. -0.007 0. 1. 0. -0.007 0. 0. 1. 0.
1. -0.000 0. -0.010 0.000 1. 0. -0.009 0. 0. 1. 0.
1. -0.000 0. -0.008 0.000 1. 0. -0.003 0. 0. 1. 0.
1. -0.000 0. -0.002 0.000 1. 0. -0.006 0. 0. 1. 0.
1. -0. 0. -0.004 0. 1. 0. -0.007 0. 0. 1. 0.
1. 0. 0. -0.004 -0. 1. 0. -0.008 0. 0. 1. 0.
1. 0. 0. -0.010 -0. 1. 0. -0.003 0. 0. 1. 0.
1. -0.000 0. -0.002 0.000 1. 0. -0.008 0. 0. 1. 0.
1. -0. 0. -0.004 0. 1. 0. -0.005 0. 0. 1. 0.
1. -0.000 0. -0.002 0.000 1. 0. -0.007 0. 0. 1. 0.
1. -0.000 0. -0.004 0.000 1. 0. -0.007 0. 0. 1. 0.
1. 0. 0. -0.002 -0. 1. 0. -0.012 0. 0. 1. 0.
1. -0. 0. -0.006 0. 1. 0. -0.010 0. 0. 1. 0.
1. -0.000 0. -0.009 0.000 1. 0. -0.010 0. 0. 1. 0.
1. 0.000 0. -0.005 -0.000 1. 0. -0.004 0. 0. 1. 0.
1. 0. 0. -0.002 -0. 1. 0. -0.003 0. 0. 1. 0.
1. -0. 0. -0.007 0. 1. 0. 0.002 0. 0. 1. 0.
1. -0.000 0. -0.005 0.000 1. 0. -0.006 0. 0. 1. 0.
1. 0.000 0. -0.007 -0.000 1. 0. -0.001 0. 0. 1. 0.
1. 0. 0. -0.004 -0. 1. 0. -0.003 0. 0. 1. 0.
1. -0. 0. -0.003 0. 1. 0. 0.000 0. 0. 1. 0.
1. -0.000 0. -0.002 0.000 1. 0. -0.007 0. 0. 1. 0.
1. 0. 0. -0.009 -0. 1. 0. -0.004 0. 0. 1. 0.
1. 0. 0. -0.003 -0. 1. 0. -0.006 0. 0. 1. 0.
1. 0.000 0. -0.010 -0.000 1. 0. -0.003 0. 0. 1. 0.
1. 0.000 0. -0.005 -0.000 1. 0. -0.007 0. 0. 1. 0.
1. -0. 0. -0.004 0. 1. 0. -0.005 0. 0. 1. 0.
1. -0.000 0. 0.004 0.000 1. 0. -0.013 0. 0. 1. 0.
1. -0.000 0. 0.012 0.000 1. 0. -0.010 0. 0. 1. 0.
1. -0.001 0. 0.018 0.001 1. 0. -0.008 0. 0. 1. 0.
1. -0.003 0. 0.055 0.003 1. 0. -0.031 0. 0. 1. 0.
1. -0.007 0. 0.130 0.007 1. 0. 0.001 0. 0. 1. 0.
1. -0.012 0. 0.243 0.012 1. 0. 0.043 0. 0. 1. 0.
1.000 -0.019 0. 0.408 0.019 1.000 0. 0.015 0. 0. 1. 0.
1.000 -0.029 0. 0.619 0.029 1.000 0. 0.073 0. 0. 1. 0.
0.999 -0.040 0. 0.921 0.040 0.999 0. 0.048 0. 0. 1. 0.
0.998 -0.055 0. 1.281 0.055 0.998 0. 0.083 0. 0. 1. 0.
0.997 -0.074 0. 1.666 0.074 0.997 0. 0.197 0. 0. 1. 0.
0.996 -0.095 0. 2.131 0.095 0.996 0. 0.251 0. 0. 1. 0.
0.993 -0.118 0. 2.647 0.118 0.993 0. 0.323 0. 0. 1. 0.
0.990 -0.142 0. 3.241 0.142 0.990 0. 0.451 0. 0. 1. 0.
0.986 -0.168 0. 3.876 0.168 0.986 0. 0.556 0. 0. 1. 0.
0.983 -0.186 0. 4.589 0.186 0.983 0. 0.631 0. 0. 1. 0.
0.980 -0.198 0. 5.343 0.198 0.980 0. 0.774 0. 0. 1. 0.
0.980 -0.198 0. 6.191 0.198 0.980 0. 0.956 0. 0. 1. 0.
0.982 -0.190 0. 7.136 0.190 0.982 0. 1.131 0. 0. 1. 0.
0.984 -0.178 0. 8.107 0.178 0.984 0. 1.286 0. 0. 1. 0.
0.986 -0.166 0. 9.167 0.166 0.986 0. 1.450 0. 0. 1. 0.
0.988 -0.153 0. 10.276 0.153 0.988 0. 1.617 0. 0. 1. 0.
0.991 -0.137 0. 11.445 0.137 0.991 0. 1.723 0. 0. 1. 0.
0.993 -0.119 0. 12.666 0.119 0.993 0. 1.835 0. 0. 1. 0.
0.995 -0.100 0. 13.968 0.100 0.995 0. 1.956 0. 0. 1. 0.
0.997 -0.080 0. 15.272 0.080 0.997 0. 2.017 0. 0. 1. 0.
0.998 -0.057 0. 16.590 0.057 0.998 0. 2.083 0. 0. 1. 0.
0.999 -0.039 0. 17.902 0.039 0.999 0. 2.099 0. 0. 1. 0.
1.000 -0.028 0. 19.162 0.028 1.000 0. 2.080 0. 0. 1. 0.
1.000 -0.021 0. 20.503 0.021 1.000 0. 2.068 0. 0. 1. 0.
1.000 -0.017 0. 21.861 0.017 1.000 0. 2.149 0. 0. 1. 0.
1. -0.011 0. 23.221 0.011 1. 0. 2.134 0. 0. 1. 0.
1. -0.006 0. 24.569 0.006 1. 0. 2.108 0. 0. 1. 0.
1. -0.002 0. 25.947 0.002 1. 0. 2.124 0. 0. 1. 0.
1. 0.002 0. 27.360 -0.002 1. 0. 2.086 0. 0. 1. 0.
1. 0.007 0. 28.755 -0.007 1. 0. 2.082 0. 0. 1. 0.
1. 0.012 0. 30.183 -0.012 1. 0. 1.992 0. 0. 1. 0.
1.000 0.016 0. 31.603 -0.016 1.000 0. 1.958 0. 0. 1. 0.
1.000 0.018 0. 33.118 -0.018 1.000 0. 1.898 0. 0. 1. 0.
1.000 0.019 0. 34.585 -0.019 1.000 0. 1.881 0. 0. 1. 0.
1.000 0.019 0. 36.164 -0.019 1.000 0. 1.794 0. 0. 1. 0.
1.000 0.019 0. 37.748 -0.019 1.000 0. 1.766 0. 0. 1. 0.
1.000 0.019 0. 39.307 -0.019 1.000 0. 1.683 0. 0. 1. 0.
1.000 0.018 0. 40.919 -0.018 1.000 0. 1.598 0. 0. 1. 0.
1.000 0.017 0. 42.552 -0.017 1.000 0. 1.563 0. 0. 1. 0.
1.000 0.016 0. 44.244 -0.016 1.000 0. 1.481 0. 0. 1. 0.
1.000 0.015 0. 45.961 -0.015 1.000 0. 1.422 0. 0. 1. 0.
1. 0.014 0. 47.710 -0.014 1. 0. 1.419 0. 0. 1. 0.
1. 0.010 0. 49.438 -0.010 1. 0. 1.377 0. 0. 1. 0.
1. 0.008 0. 51.166 -0.008 1. 0. 1.349 0. 0. 1. 0.
1. 0.004 0. 52.888 -0.004 1. 0. 1.295 0. 0. 1. 0.
1. 0.003 0. 54.615 -0.003 1. 0. 1.286 0. 0. 1. 0.
1. 0.001 0. 56.346 -0.001 1. 0. 1.259 0. 0. 1. 0.
1. 0.001 0. 58.076 -0.001 1. 0. 1.237 0. 0. 1. 0.
1. 0.002 0. 59.842 -0.002 1. 0. 1.226 0. 0. 1. 0.
1. 0.004 0. 61.614 -0.004 1. 0. 1.172 0. 0. 1. 0.
1. 0.006 0. 63.387 -0.006 1. 0. 1.138 0. 0. 1. 0.
1. 0.006 0. 65.208 -0.006 1. 0. 1.105 0. 0. 1. 0.
1. 0.008 0. 67.021 -0.008 1. 0. 1.074 0. 0. 1. 0.
1. 0.007 0. 68.847 -0.007 1. 0. 1.013 0. 0. 1. 0.
1. 0.009 0. 70.675 -0.009 1. 0. 0.995 0. 0. 1. 0.
1. 0.007 0. 72.484 -0.007 1. 0. 0.888 0. 0. 1. 0.
1. 0.008 0. 74.241 -0.008 1. 0. 0.886 0. 0. 1. 0.
1. 0.007 0. 76.084 -0.007 1. 0. 0.831 0. 0. 1. 0.
1. 0.006 0. 77.910 -0.006 1. 0. 0.756 0. 0. 1. 0.
1. 0.005 0. 79.732 -0.005 1. 0. 0.729 0. 0. 1. 0.
1. 0.006 0. 81.546 -0.006 1. 0. 0.712 0. 0. 1. 0.
1. 0.007 0. 83.333 -0.007 1. 0. 0.681 0. 0. 1. 0.
1. 0.008 0. 85.121 -0.008 1. 0. 0.609 0. 0. 1. 0.
1. 0.011 0. 86.876 -0.011 1. 0. 0.540 0. 0. 1. 0.
1. 0.013 0. 88.648 -0.013 1. 0. 0.507 0. 0. 1. 0.
1. 0.012 0. 90.350 -0.012 1. 0. 0.428 0. 0. 1. 0.
1. 0.011 0. 92.114 -0.011 1. 0. 0.371 0. 0. 1. 0.
1. 0.008 0. 93.836 -0.008 1. 0. 0.382 0. 0. 1. 0.
1. 0.002 0. 95.592 -0.002 1. 0. 0.334 0. 0. 1. 0.
1. -0.001 0. 97.294 0.001 1. 0. 0.326 0. 0. 1. 0.
1. -0.007 0. 98.923 0.007 1. 0. 0.310 0. 0. 1. 0.
1.000 -0.015 0. 100.592 0.015 1.000 0. 0.327 0. 0. 1. 0.
1.000 -0.021 0. 102.302 0.021 1.000 0. 0.310 0. 0. 1. 0.
1.000 -0.027 0. 103.975 0.027 1.000 0. 0.286 0. 0. 1. 0.
0.999 -0.032 0. 105.579 0.032 0.999 0. 0.336 0. 0. 1. 0.
0.999 -0.038 0. 107.202 0.038 0.999 0. 0.390 0. 0. 1. 0.
0.999 -0.042 0. 108.834 0.042 0.999 0. 0.443 0. 0. 1. 0.
0.999 -0.046 0. 110.444 0.046 0.999 0. 0.471 0. 0. 1. 0.
0.999 -0.050 0. 111.947 0.050 0.999 0. 0.535 0. 0. 1. 0.
0.999 -0.054 0. 113.494 0.054 0.999 0. 0.610 0. 0. 1. 0.
0.998 -0.056 0. 114.991 0.056 0.998 0. 0.698 0. 0. 1. 0.
0.998 -0.060 0. 116.492 0.060 0.998 0. 0.762 0. 0. 1. 0.
0.998 -0.063 0. 117.943 0.063 0.998 0. 0.871 0. 0. 1. 0.
0.998 -0.066 0. 119.419 0.066 0.998 0. 0.951 0. 0. 1. 0.
0.998 -0.065 0. 120.886 0.065 0.998 0. 1.008 0. 0. 1. 0.
0.998 -0.061 0. 122.338 0.061 0.998 0. 1.096 0. 0. 1. 0.
0.998 -0.056 0. 123.822 0.056 0.998 0. 1.157 0. 0. 1. 0.
0.999 -0.049 0. 125.315 0.049 0.999 0. 1.173 0. 0. 1. 0.
0.999 -0.042 0. 126.700 0.042 0.999 0. 1.236 0. 0. 1. 0.
0.999 -0.035 0. 128.142 0.035 0.999 0. 1.291 0. 0. 1. 0.
1.000 -0.029 0. 129.576 0.029 1.000 0. 1.281 0. 0. 1. 0.
1.000 -0.019 0. 131.005 0.019 1.000 0. 1.280 0. 0. 1. 0.
1. -0.014 0. 132.465 0.014 1. 0. 1.294 0. 0. 1. 0.
1. -0.007 0. 133.957 0.007 1. 0. 1.310 0. 0. 1. 0.
1. -0.003 0. 135.433 0.003 1. 0. 1.245 0. 0. 1. 0.
1. -0.001 0. 136.896 0.001 1. 0. 1.254 0. 0. 1. 0.
1. -0.001 0. 138.367 0.001 1. 0. 1.229 0. 0. 1. 0.
1. -0.002 0. 139.848 0.002 1. 0. 1.178 0. 0. 1. 0.
1. -0.003 0. 141.317 0.003 1. 0. 1.164 0. 0. 1. 0.
1. -0.003 0. 142.804 0.003 1. 0. 1.118 0. 0. 1. 0.
1. -0.005 0. 144.311 0.005 1. 0. 1.133 0. 0. 1. 0.
1. -0.007 0. 145.769 0.007 1. 0. 1.132 0. 0. 1. 0.
1. -0.007 0. 147.108 0.007 1. 0. 1.130 0. 0. 1. 0.
1. -0.011 0. 148.528 0.011 1. 0. 1.095 0. 0. 1. 0.
1. -0.013 0. 149.877 0.013 1. 0. 1.116 0. 0. 1. 0.
1.000 -0.015 0. 151.285 0.015 1.000 0. 1.125 0. 0. 1. 0.
1.000 -0.016 0. 152.670 0.016 1.000 0. 1.146 0. 0. 1. 0.
1.000 -0.015 0. 154.077 0.015 1.000 0. 1.147 0. 0. 1. 0.
1. -0.013 0. 155.498 0.013 1. 0. 1.148 0. 0. 1. 0.
1. -0.013 0. 156.910 0.013 1. 0. 1.171 0. 0. 1. 0.
1. -0.014 0. 158.441 0.014 1. 0. 1.186 0. 0. 1. 0.
1.000 -0.014 0. 159.925 0.014 1.000 0. 1.149 0. 0. 1. 0.
1.000 -0.016 0. 161.432 0.016 1.000 0. 1.170 0. 0. 1. 0.
1.000 -0.016 0. 162.972 0.016 1.000 0. 1.172 0. 0. 1. 0.
1.000 -0.018 0. 164.534 0.018 1.000 0. 1.172 0. 0. 1. 0.
1.000 -0.019 0. 166.087 0.019 1.000 0. 1.167 0. 0. 1. 0.
1.000 -0.022 0. 167.691 0.022 1.000 0. 1.177 0. 0. 1. 0.
1.000 -0.023 0. 169.306 0.023 1.000 0. 1.182 0. 0. 1. 0.
1.000 -0.024 0. 170.902 0.024 1.000 0. 1.194 0. 0. 1. 0.
1.000 -0.027 0. 172.596 0.027 1.000 0. 1.203 0. 0. 1. 0.
1.000 -0.028 0. 174.294 0.028 1.000 0. 1.220 0. 0. 1. 0.
1.000 -0.028 0. 176.028 0.028 1.000 0. 1.233 0. 0. 1. 0.
1.000 -0.029 0. 177.774 0.029 1.000 0. 1.284 0. 0. 1. 0.
0.999 -0.033 0. 179.503 0.033 0.999 0. 1.290 0. 0. 1. 0.
0.999 -0.033 0. 181.308 0.033 0.999 0. 1.337 0. 0. 1. 0.
0.999 -0.034 0. 183.093 0.034 0.999 0. 1.361 0. 0. 1. 0.
0.999 -0.037 0. 184.923 0.037 0.999 0. 1.390 0. 0. 1. 0.
0.999 -0.036 0. 186.754 0.036 0.999 0. 1.410 0. 0. 1. 0.
0.999 -0.037 0. 188.567 0.037 0.999 0. 1.418 0. 0. 1. 0.
0.999 -0.039 0. 190.276 0.039 0.999 0. 1.490 0. 0. 1. 0.
0.999 -0.038 0. 192.055 0.038 0.999 0. 1.531 0. 0. 1. 0.
0.999 -0.040 0. 193.854 0.040 0.999 0. 1.553 0. 0. 1. 0.
0.999 -0.041 0. 195.650 0.041 0.999 0. 1.580 0. 0. 1. 0.
0.999 -0.042 0. 197.365 0.042 0.999 0. 1.664 0. 0. 1. 0.
0.999 -0.043 0. 199.032 0.043 0.999 0. 1.714 0. 0. 1. 0.
0.999 -0.044 0. 200.676 0.044 0.999 0. 1.773 0. 0. 1. 0.
0.999 -0.045 0. 202.204 0.045 0.999 0. 1.857 0. 0. 1. 0.
0.999 -0.047 0. 203.742 0.047 0.999 0. 1.907 0. 0. 1. 0.
0.999 -0.048 0. 205.225 0.048 0.999 0. 1.962 0. 0. 1. 0.
0.999 -0.050 0. 206.760 0.050 0.999 0. 2.034 0. 0. 1. 0.
0.999 -0.051 0. 208.294 0.051 0.999 0. 2.104 0. 0. 1. 0.
0.999 -0.051 0. 209.843 0.051 0.999 0. 2.182 0. 0. 1. 0.
0.999 -0.049 0. 211.398 0.049 0.999 0. 2.247 0. 0. 1. 0.
0.999 -0.044 0. 212.960 0.044 0.999 0. 2.301 0. 0. 1. 0.
0.999 -0.038 0. 214.535 0.038 0.999 0. 2.310 0. 0. 1. 0.
0.999 -0.032 0. 216.128 0.032 0.999 0. 2.349 0. 0. 1. 0.
1.000 -0.026 0. 217.765 0.026 1.000 0. 2.334 0. 0. 1. 0.
1.000 -0.018 0. 219.449 0.018 1.000 0. 2.377 0. 0. 1. 0.
1.000 -0.016 0. 221.163 0.016 1.000 0. 2.350 0. 0. 1. 0.
1.000 -0.015 0. 222.813 0.015 1.000 0. 2.333 0. 0. 1. 0.
1.000 -0.023 0. 224.523 0.023 1.000 0. 2.301 0. 0. 1. 0.
0.999 -0.038 0. 226.254 0.038 0.999 0. 2.394 0. 0. 1. 0.
0.998 -0.058 0. 228.081 0.058 0.998 0. 2.438 0. 0. 1. 0.
0.997 -0.074 0. 229.801 0.074 0.997 0. 2.581 0. 0. 1. 0.
0.996 -0.093 0. 231.529 0.093 0.996 0. 2.723 0. 0. 1. 0.
0.994 -0.105 0. 233.224 0.105 0.994 0. 2.901 0. 0. 1. 0.
0.994 -0.113 0. 235.051 0.113 0.994 0. 3.053 0. 0. 1. 0.
0.993 -0.119 0. 236.943 0.119 0.993 0. 3.269 0. 0. 1. 0.
0.992 -0.126 0. 238.713 0.126 0.992 0. 3.488 0. 0. 1. 0.
0.991 -0.130 0. 240.555 0.130 0.991 0. 3.732 0. 0. 1. 0.
0.991 -0.134 0. 242.394 0.134 0.991 0. 3.972 0. 0. 1. 0.
0.991 -0.137 0. 244.297 0.137 0.991 0. 4.189 0. 0. 1. 0.
0.990 -0.143 0. 246.216 0.143 0.990 0. 4.434 0. 0. 1. 0.
0.990 -0.144 0. 248.162 0.144 0.990 0. 4.713 0. 0. 1. 0.
0.990 -0.142 0. 250.157 0.142 0.990 0. 4.972 0. 0. 1. 0.
0.990 -0.140 0. 252.143 0.140 0.990 0. 5.214 0. 0. 1. 0.
0.990 -0.138 0. 254.158 0.138 0.990 0. 5.469 0. 0. 1. 0.
0.991 -0.136 0. 256.147 0.136 0.991 0. 5.743 0. 0. 1. 0.
0.991 -0.137 0. 258.165 0.137 0.991 0. 5.965 0. 0. 1. 0.
0.990 -0.138 0. 260.183 0.138 0.990 0. 6.216 0. 0. 1. 0.
0.991 -0.135 0. 262.161 0.135 0.991 0. 6.433 0. 0. 1. 0.
0.991 -0.133 0. 264.182 0.133 0.991 0. 6.653 0. 0. 1. 0.
0.991 -0.132 0. 266.172 0.132 0.991 0. 6.967 0. 0. 1. 0.
0.991 -0.131 0. 268.191 0.131 0.991 0. 7.185 0. 0. 1. 0.
0.992 -0.130 0. 270.125 0.130 0.992 0. 7.444 0. 0. 1. 0.
0.992 -0.129 0. 272.087 0.129 0.992 0. 7.687 0. 0. 1. 0.
0.992 -0.130 0. 274.108 0.130 0.992 0. 7.917 0. 0. 1. 0.
0.991 -0.131 0. 276.107 0.131 0.991 0. 8.167 0. 0. 1. 0.
0.991 -0.132 0. 278.049 0.132 0.991 0. 8.377 0. 0. 1. 0.
0.991 -0.134 0. 279.934 0.134 0.991 0. 8.656 0. 0. 1. 0.
0.991 -0.135 0. 281.914 0.135 0.991 0. 8.878 0. 0. 1. 0.
0.991 -0.135 0. 283.889 0.135 0.991 0. 9.119 0. 0. 1. 0.
0.991 -0.133 0. 285.838 0.133 0.991 0. 9.391 0. 0. 1. 0.
0.991 -0.130 0. 287.870 0.130 0.991 0. 9.586 0. 0. 1. 0.
0.991 -0.131 0. 289.833 0.131 0.991 0. 9.816 0. 0. 1. 0.
0.991 -0.131 0. 291.885 0.131 0.991 0. 10.040 0. 0. 1. 0.
0.992 -0.129 0. 293.930 0.129 0.992 0. 10.259 0. 0. 1. 0.
0.992 -0.130 0. 296.048 0.130 0.992 0. 10.487 0. 0. 1. 0.
0.992 -0.129 0. 298.171 0.129 0.992 0. 10.741 0. 0. 1. 0.
0.992 -0.125 0. 300.283 0.125 0.992 0. 10.981 0. 0. 1. 0.
0.992 -0.123 0. 302.417 0.123 0.992 0. 11.210 0. 0. 1. 0.
0.993 -0.121 0. 304.514 0.121 0.993 0. 11.396 0. 0. 1. 0.
0.993 -0.117 0. 306.723 0.117 0.993 0. 11.594 0. 0. 1. 0.
0.994 -0.111 0. 308.926 0.111 0.994 0. 11.798 0. 0. 1. 0.
0.994 -0.109 0. 311.071 0.109 0.994 0. 12.001 0. 0. 1. 0.
0.994 -0.106 0. 313.249 0.106 0.994 0. 12.213 0. 0. 1. 0.
0.995 -0.104 0. 315.418 0.104 0.995 0. 12.360 0. 0. 1. 0.
0.995 -0.100 0. 317.563 0.100 0.995 0. 12.578 0. 0. 1. 0.
0.995 -0.097 0. 319.726 0.097 0.995 0. 12.771 0. 0. 1. 0.
0.996 -0.093 0. 321.939 0.093 0.996 0. 12.887 0. 0. 1. 0.
0.996 -0.092 0. 324.124 0.092 0.996 0. 13.003 0. 0. 1. 0.
0.996 -0.093 0. 326.259 0.093 0.996 0. 13.204 0. 0. 1. 0.
0.996 -0.091 0. 328.455 0.091 0.996 0. 13.360 0. 0. 1. 0.
0.996 -0.091 0. 330.678 0.091 0.996 0. 13.474 0. 0. 1. 0.
0.996 -0.087 0. 332.836 0.087 0.996 0. 13.683 0. 0. 1. 0.
0.996 -0.086 0. 335.020 0.086 0.996 0. 13.829 0. 0. 1. 0.
0.996 -0.086 0. 337.235 0.086 0.996 0. 13.967 0. 0. 1. 0.
0.996 -0.084 0. 339.427 0.084 0.996 0. 14.163 0. 0. 1. 0.
0.996 -0.087 0. 341.649 0.087 0.996 0. 14.302 0. 0. 1. 0.
0.996 -0.087 0. 343.829 0.087 0.996 0. 14.469 0. 0. 1. 0.
0.996 -0.088 0. 345.995 0.088 0.996 0. 14.617 0. 0. 1. 0.
0.996 -0.087 0. 348.259 0.087 0.996 0. 14.725 0. 0. 1. 0.
0.996 -0.085 0. 350.490 0.085 0.996 0. 14.877 0. 0. 1. 0.
0.997 -0.080 0. 352.705 0.080 0.997 0. 15.046 0. 0. 1. 0.
0.997 -0.073 0. 354.852 0.073 0.997 0. 15.129 0. 0. 1. 0.
0.998 -0.061 0. 357.036 0.061 0.998 0. 15.223 0. 0. 1. 0.
0.999 -0.050 0. 359.232 0.050 0.999 0. 15.363 0. 0. 1. 0.
0.999 -0.032 0. 361.449 0.032 0.999 0. 15.371 0. 0. 1. 0.
1.000 -0.015 0. 363.650 0.015 1.000 0. 15.348 0. 0. 1. 0.
1. 0.003 0. 365.820 -0.003 1. 0. 15.337 0. 0. 1. 0.
1.000 0.021 0. 368.107 -0.021 1.000 0. 15.258 0. 0. 1. 0.
0.999 0.038 0. 370.259 -0.038 0.999 0. 15.146 0. 0. 1. 0.
0.999 0.053 0. 372.433 -0.053 0.999 0. 15.000 0. 0. 1. 0.
0.998 0.062 0. 374.683 -0.062 0.998 0. 14.801 0. 0. 1. 0.
0.997 0.071 0. 376.801 -0.071 0.997 0. 14.615 0. 0. 1. 0.
0.997 0.074 0. 379.059 -0.074 0.997 0. 14.436 0. 0. 1. 0.
0.997 0.072 0. 381.226 -0.072 0.997 0. 14.265 0. 0. 1. 0.
0.998 0.067 0. 383.465 -0.067 0.998 0. 14.090 0. 0. 1. 0.
0.998 0.060 0. 385.574 -0.060 0.998 0. 13.889 0. 0. 1. 0.
0.999 0.051 0. 387.783 -0.051 0.999 0. 13.766 0. 0. 1. 0.
0.999 0.042 0. 389.985 -0.042 0.999 0. 13.624 0. 0. 1. 0.
0.999 0.032 0. 392.223 -0.032 0.999 0. 13.544 0. 0. 1. 0.
1.000 0.024 0. 394.423 -0.024 1.000 0. 13.426 0. 0. 1. 0.
1.000 0.017 0. 396.625 -0.017 1.000 0. 13.382 0. 0. 1. 0.
1. 0.010 0. 398.872 -0.010 1. 0. 13.315 0. 0. 1. 0.
1. 0.004 0. 401.092 -0.004 1. 0. 13.329 0. 0. 1. 0.
1. -0.001 0. 403.328 0.001 1. 0. 13.268 0. 0. 1. 0.
1. -0.005 0. 405.549 0.005 1. 0. 13.254 0. 0. 1. 0.
1. -0.011 0. 407.792 0.011 1. 0. 13.257 0. 0. 1. 0.
1. -0.014 0. 410.007 0.014 1. 0. 13.239 0. 0. 1. 0.
1.000 -0.017 0. 412.244 0.017 1.000 0. 13.257 0. 0. 1. 0.
1.000 -0.020 0. 414.482 0.020 1.000 0. 13.271 0. 0. 1. 0.
1.000 -0.024 0. 416.739 0.024 1.000 0. 13.284 0. 0. 1. 0.
1.000 -0.026 0. 418.955 0.026 1.000 0. 13.303 0. 0. 1. 0.
1.000 -0.029 0. 421.198 0.029 1.000 0. 13.320 0. 0. 1. 0.
1.000 -0.031 0. 423.481 0.031 1.000 0. 13.382 0. 0. 1. 0.
0.999 -0.033 0. 425.732 0.033 0.999 0. 13.384 0. 0. 1. 0.
0.999 -0.036 0. 428.024 0.036 0.999 0. 13.445 0. 0. 1. 0.
0.999 -0.038 0. 430.173 0.038 0.999 0. 13.512 0. 0. 1. 0.
0.999 -0.041 0. 432.435 0.041 0.999 0. 13.502 0. 0. 1. 0.
0.999 -0.042 0. 434.577 0.042 0.999 0. 13.578 0. 0. 1. 0.
0.999 -0.044 0. 436.730 0.044 0.999 0. 13.632 0. 0. 1. 0.
0.999 -0.045 0. 438.835 0.045 0.999 0. 13.704 0. 0. 1. 0.
0.999 -0.046 0. 440.872 0.046 0.999 0. 13.742 0. 0. 1. 0.
0.999 -0.047 0. 442.897 0.047 0.999 0. 13.823 0. 0. 1. 0.
0.999 -0.049 0. 444.883 0.049 0.999 0. 13.879 0. 0. 1. 0.
0.999 -0.050 0. 446.780 0.050 0.999 0. 13.951 0. 0. 1. 0.
0.999 -0.052 0. 448.617 0.052 0.999 0. 13.984 0. 0. 1. 0.
0.999 -0.052 0. 450.484 0.052 0.999 0. 14.071 0. 0. 1. 0.
0.999 -0.050 0. 452.277 0.050 0.999 0. 14.123 0. 0. 1. 0.
0.999 -0.048 0. 453.993 0.048 0.999 0. 14.155 0. 0. 1. 0.
0.999 -0.046 0. 455.655 0.046 0.999 0. 14.185 0. 0. 1. 0.
0.999 -0.041 0. 457.208 0.041 0.999 0. 14.228 0. 0. 1. 0.
0.999 -0.034 0. 458.684 0.034 0.999 0. 14.266 0. 0. 1. 0.
1.000 -0.023 0. 460.063 0.023 1.000 0. 14.257 0. 0. 1. 0.
1. -0.006 0. 461.435 0.006 1. 0. 14.216 0. 0. 1. 0.
1.000 0.016 0. 462.685 -0.016 1.000 0. 14.175 0. 0. 1. 0.
0.999 0.041 0. 463.896 -0.041 0.999 0. 14.070 0. 0. 1. 0.
0.997 0.074 0. 465.002 -0.074 0.997 0. 13.952 0. 0. 1. 0.
0.993 0.115 0. 466.061 -0.115 0.993 0. 13.806 0. 0. 1. 0.
0.987 0.161 0. 467.025 -0.161 0.987 0. 13.587 0. 0. 1. 0.
0.978 0.208 0. 467.998 -0.208 0.978 0. 13.336 0. 0. 1. 0.
0.966 0.260 0. 468.950 -0.260 0.966 0. 13.029 0. 0. 1. 0.
0.948 0.318 0. 469.782 -0.318 0.948 0. 12.700 0. 0. 1. 0.
0.924 0.382 0. 470.608 -0.382 0.924 0. 12.290 0. 0. 1. 0.
0.891 0.453 0. 471.374 -0.453 0.891 0. 11.846 0. 0. 1. 0.
0.848 0.529 0. 472.172 -0.529 0.848 0. 11.332 0. 0. 1. 0.
0.792 0.610 0. 472.804 -0.610 0.792 0. 10.706 0. 0. 1. 0.
0.723 0.691 0. 473.412 -0.691 0.723 0. 10.002 0. 0. 1. 0.
0.636 0.772 0. 473.903 -0.772 0.636 0. 9.291 0. 0. 1. 0.
0.535 0.845 0. 474.301 -0.845 0.535 0. 8.437 0. 0. 1. 0.
0.422 0.906 0. 474.585 -0.906 0.422 0. 7.631 0. 0. 1. 0.
0.295 0.955 0. 474.764 -0.955 0.295 0. 6.746 0. 0. 1. 0.
0.159 0.987 0. 474.837 -0.987 0.159 0. 5.785 0. 0. 1. 0.
0.015 1.000 0. 474.752 -1.000 0.015 0. 4.850 0. 0. 1. 0.
-0.132 0.991 0. 474.510 -0.991 -0.132 0. 3.890 0. 0. 1. 0.
-0.275 0.962 0. 474.123 -0.962 -0.275 0. 2.931 0. 0. 1. 0.
-0.409 0.913 0. 473.621 -0.913 -0.409 0. 1.944 0. 0. 1. 0.
-0.530 0.848 0. 472.950 -0.848 -0.530 0. 1.085 0. 0. 1. 0.
-0.632 0.775 0. 472.155 -0.775 -0.632 0. 0.189 0. 0. 1. 0.
-0.712 0.702 0. 471.258 -0.702 -0.712 0. -0.611 0. 0. 1. 0.
-0.771 0.637 0. 470.234 -0.637 -0.771 0. -1.352 0. 0. 1. 0.
-0.811 0.585 0. 469.141 -0.585 -0.811 0. -2.070 0. 0. 1. 0.
-0.837 0.547 0. 467.992 -0.547 -0.837 0. -2.805 0. 0. 1. 0.
-0.854 0.520 0. 466.731 -0.520 -0.854 0. -3.466 0. 0. 1. 0.
-0.866 0.500 0. 465.466 -0.500 -0.866 0. -4.139 0. 0. 1. 0.
-0.877 0.481 0. 464.101 -0.481 -0.877 0. -4.787 0. 0. 1. 0.
-0.886 0.463 0. 462.694 -0.463 -0.886 0. -5.507 0. 0. 1. 0.
-0.895 0.446 0. 461.168 -0.446 -0.895 0. -6.192 0. 0. 1. 0.
-0.901 0.434 0. 459.581 -0.434 -0.901 0. -6.874 0. 0. 1. 0.
-0.906 0.423 0. 457.907 -0.423 -0.906 0. -7.612 0. 0. 1. 0.
-0.910 0.415 0. 456.235 -0.415 -0.910 0. -8.342 0. 0. 1. 0.
-0.911 0.411 0. 454.472 -0.411 -0.911 0. -9.106 0. 0. 1. 0.
-0.912 0.411 0. 452.701 -0.411 -0.912 0. -9.842 0. 0. 1. 0.
-0.912 0.411 0. 450.843 -0.411 -0.912 0. -10.633 0. 0. 1. 0.
-0.911 0.412 0. 449.050 -0.412 -0.911 0. -11.436 0. 0. 1. 0.
-0.910 0.414 0. 447.171 -0.414 -0.910 0. -12.220 0. 0. 1. 0.
-0.909 0.417 0. 445.267 -0.417 -0.909 0. -13.095 0. 0. 1. 0.
-0.907 0.420 0. 443.333 -0.420 -0.907 0. -13.892 0. 0. 1. 0.
-0.906 0.424 0. 441.387 -0.424 -0.906 0. -14.786 0. 0. 1. 0.
-0.905 0.425 0. 439.539 -0.425 -0.905 0. -15.657 0. 0. 1. 0.
-0.905 0.426 0. 437.626 -0.426 -0.905 0. -16.471 0. 0. 1. 0.
-0.904 0.427 0. 435.738 -0.427 -0.904 0. -17.351 0. 0. 1. 0.
-0.905 0.425 0. 433.888 -0.425 -0.905 0. -18.267 0. 0. 1. 0.
-0.905 0.425 0. 431.982 -0.425 -0.905 0. -19.082 0. 0. 1. 0.
-0.906 0.424 0. 430.136 -0.424 -0.906 0. -19.947 0. 0. 1. 0.
-0.906 0.423 0. 428.251 -0.423 -0.906 0. -20.774 0. 0. 1. 0.
-0.906 0.422 0. 426.459 -0.422 -0.906 0. -21.645 0. 0. 1. 0.
-0.906 0.423 0. 424.623 -0.423 -0.906 0. -22.435 0. 0. 1. 0.
-0.906 0.423 0. 422.828 -0.423 -0.906 0. -23.270 0. 0. 1. 0.
-0.906 0.424 0. 421.031 -0.424 -0.906 0. -24.096 0. 0. 1. 0.
-0.906 0.423 0. 419.225 -0.423 -0.906 0. -24.916 0. 0. 1. 0.
-0.906 0.424 0. 417.410 -0.424 -0.906 0. -25.671 0. 0. 1. 0.
-0.906 0.423 0. 415.654 -0.423 -0.906 0. -26.474 0. 0. 1. 0.
-0.906 0.422 0. 413.925 -0.422 -0.906 0. -27.262 0. 0. 1. 0.
-0.907 0.421 0. 412.260 -0.421 -0.907 0. -28.024 0. 0. 1. 0.
-0.908 0.419 0. 410.608 -0.419 -0.908 0. -28.764 0. 0. 1. 0.
-0.908 0.419 0. 409.015 -0.419 -0.908 0. -29.535 0. 0. 1. 0.
-0.909 0.418 0. 407.470 -0.418 -0.909 0. -30.186 0. 0. 1. 0.
-0.908 0.418 0. 406.009 -0.418 -0.908 0. -30.871 0. 0. 1. 0.
-0.909 0.417 0. 404.594 -0.417 -0.909 0. -31.523 0. 0. 1. 0.
-0.909 0.416 0. 403.258 -0.416 -0.909 0. -32.142 0. 0. 1. 0.
-0.910 0.415 0. 401.971 -0.415 -0.910 0. -32.659 0. 0. 1. 0.
-0.910 0.414 0. 400.749 -0.414 -0.910 0. -33.221 0. 0. 1. 0.
-0.911 0.412 0. 399.547 -0.412 -0.911 0. -33.706 0. 0. 1. 0.
-0.911 0.413 0. 398.458 -0.413 -0.911 0. -34.198 0. 0. 1. 0.
-0.911 0.412 0. 397.410 -0.412 -0.911 0. -34.614 0. 0. 1. 0.
-0.912 0.411 0. 396.443 -0.411 -0.912 0. -35.085 0. 0. 1. 0.
-0.912 0.411 0. 395.498 -0.411 -0.912 0. -35.490 0. 0. 1. 0.
-0.912 0.411 0. 394.622 -0.411 -0.912 0. -35.871 0. 0. 1. 0.
-0.912 0.410 0. 393.798 -0.410 -0.912 0. -36.255 0. 0. 1. 0.
-0.913 0.408 0. 393.006 -0.408 -0.913 0. -36.587 0. 0. 1. 0.
-0.914 0.406 0. 392.254 -0.406 -0.914 0. -36.845 0. 0. 1. 0.
-0.914 0.405 0. 391.578 -0.405 -0.914 0. -37.183 0. 0. 1. 0.
-0.915 0.403 0. 390.913 -0.403 -0.915 0. -37.426 0. 0. 1. 0.
-0.917 0.399 0. 390.312 -0.399 -0.917 0. -37.667 0. 0. 1. 0.
-0.917 0.399 0. 389.737 -0.399 -0.917 0. -37.890 0. 0. 1. 0.
-0.917 0.398 0. 389.210 -0.398 -0.917 0. -38.146 0. 0. 1. 0.
-0.918 0.396 0. 388.701 -0.396 -0.918 0. -38.363 0. 0. 1. 0.
-0.919 0.395 0. 388.216 -0.395 -0.919 0. -38.545 0. 0. 1. 0.
-0.920 0.393 0. 387.790 -0.393 -0.920 0. -38.729 0. 0. 1. 0.
-0.920 0.391 0. 387.369 -0.391 -0.920 0. -38.872 0. 0. 1. 0.
-0.920 0.392 0. 387.022 -0.392 -0.920 0. -39.030 0. 0. 1. 0.
-0.921 0.391 0. 386.701 -0.391 -0.921 0. -39.186 0. 0. 1. 0.
-0.921 0.389 0. 386.414 -0.389 -0.921 0. -39.269 0. 0. 1. 0.
-0.922 0.388 0. 386.151 -0.388 -0.922 0. -39.372 0. 0. 1. 0.
-0.922 0.387 0. 385.934 -0.387 -0.922 0. -39.469 0. 0. 1. 0.
-0.922 0.387 0. 385.774 -0.387 -0.922 0. -39.534 0. 0. 1. 0.
-0.922 0.387 0. 385.604 -0.387 -0.922 0. -39.613 0. 0. 1. 0.
-0.922 0.387 0. 385.480 -0.387 -0.922 0. -39.659 0. 0. 1. 0.
-0.922 0.387 0. 385.375 -0.387 -0.922 0. -39.688 0. 0. 1. 0.
-0.922 0.387 0. 385.285 -0.387 -0.922 0. -39.712 0. 0. 1. 0.
-0.922 0.387 0. 385.197 -0.387 -0.922 0. -39.744 0. 0. 1. 0.
-0.922 0.387 0. 385.151 -0.387 -0.922 0. -39.778 0. 0. 1. 0.
-0.922 0.387 0. 385.130 -0.387 -0.922 0. -39.790 0. 0. 1. 0.
-0.922 0.386 0. 385.137 -0.386 -0.922 0. -39.796 0. 0. 1. 0.
-0.922 0.386 0. 385.131 -0.386 -0.922 0. -39.772 0. 0. 1. 0.
-0.922 0.386 0. 385.134 -0.386 -0.922 0. -39.781 0. 0. 1. 0.
-0.922 0.386 0. 385.126 -0.386 -0.922 0. -39.788 0. 0. 1. 0.
-0.923 0.386 0. 385.131 -0.386 -0.923 0. -39.784 0. 0. 1. 0.
-0.923 0.386 0. 385.131 -0.386 -0.923 0. -39.778 0. 0. 1. 0.
-0.922 0.386 0. 385.135 -0.386 -0.922 0. -39.787 0. 0. 1. 0.
-0.923 0.386 0. 385.132 -0.386 -0.923 0. -39.778 0. 0. 1. 0.
-0.923 0.386 0. 385.141 -0.386 -0.923 0. -39.791 0. 0. 1. 0.
-0.923 0.386 0. 385.141 -0.386 -0.923 0. -39.779 0. 0. 1. 0.
-0.922 0.386 0. 385.133 -0.386 -0.922 0. -39.787 0. 0. 1. 0.
-0.923 0.386 0. 385.143 -0.386 -0.923 0. -39.787 0. 0. 1. 0.
-0.923 0.386 0. 385.134 -0.386 -0.923 0. -39.781 0. 0. 1. 0.
-0.922 0.386 0. 385.137 -0.386 -0.922 0. -39.780 0. 0. 1. 0.
-0.922 0.386 0. 385.136 -0.386 -0.922 0. -39.785 0. 0. 1. 0.
-0.922 0.386 0. 385.139 -0.386 -0.922 0. -39.794 0. 0. 1. 0.
-0.922 0.386 0. 385.146 -0.386 -0.922 0. -39.779 0. 0. 1. 0.
-0.923 0.386 0. 385.126 -0.386 -0.923 0. -39.771 0. 0. 1. 0.
-0.923 0.386 0. 385.135 -0.386 -0.923 0. -39.781 0. 0. 1. 0.
-0.923 0.386 0. 385.133 -0.386 -0.923 0. -39.781 0. 0. 1. 0.
-0.922 0.386 0. 385.146 -0.386 -0.922 0. -39.780 0. 0. 1. 0.
-0.923 0.386 0. 385.124 -0.386 -0.923 0. -39.778 0. 0. 1. 0.
-0.922 0.386 0. 385.142 -0.386 -0.922 0. -39.778 0. 0. 1. 0.
-0.923 0.386 0. 385.134 -0.386 -0.923 0. -39.788 0. 0. 1. 0.
-0.922 0.387 0. 385.137 -0.387 -0.922 0. -39.771 0. 0. 1. 0.
-0.922 0.386 0. 385.131 -0.386 -0.922 0. -39.773 0. 0. 1. 0.
-0.922 0.387 0. 385.133 -0.387 -0.922 0. -39.778 0. 0. 1. 0.
-0.922 0.386 0. 385.138 -0.386 -0.922 0. -39.772 0. 0. 1. 0.
-0.922 0.387 0. 385.132 -0.387 -0.922 0. -39.782 0. 0. 1. 0.
-0.922 0.386 0. 385.142 -0.386 -0.922 0. -39.780 0. 0. 1. 0.
-0.923 0.385 0. 385.132 -0.385 -0.923 0. -39.765 0. 0. 1. 0.
-0.922 0.386 0. 385.140 -0.386 -0.922 0. -39.777 0. 0. 1. 0.
-0.923 0.386 0. 385.143 -0.386 -0.923 0. -39.770 0. 0. 1. 0.
-0.922 0.386 0. 385.141 -0.386 -0.922 0. -39.770 0. 0. 1. 0.
-0.923 0.386 0. 385.138 -0.386 -0.923 0. -39.787 0. 0. 1. 0.
-0.922 0.386 0. 385.137 -0.386 -0.922 0. -39.768 0. 0. 1. 0.
-0.923 0.386 0. 385.130 -0.386 -0.923 0. -39.764 0. 0. 1. 0.
-0.922 0.386 0. 385.131 -0.386 -0.922 0. -39.762 0. 0. 1. 0.
-0.923 0.385 0. 385.128 -0.385 -0.923 0. -39.766 0. 0. 1. 0.
-0.923 0.386 0. 385.134 -0.386 -0.923 0. -39.774 0. 0. 1. 0.
-0.922 0.386 0. 385.126 -0.386 -0.922 0. -39.767 0. 0. 1. 0.
-0.923 0.386 0. 385.126 -0.386 -0.923 0. -39.770 0. 0. 1. 0.
-0.923 0.385 0. 385.136 -0.385 -0.923 0. -39.775 0. 0. 1. 0.
-0.923 0.386 0. 385.128 -0.386 -0.923 0. -39.772 0. 0. 1. 0.
-0.923 0.385 0. 385.141 -0.385 -0.923 0. -39.780 0. 0. 1. 0.
-0.923 0.386 0. 385.140 -0.386 -0.923 0. -39.778 0. 0. 1. 0.
-0.923 0.386 0. 385.132 -0.386 -0.923 0. -39.775 0. 0. 1. 0.
-0.922 0.386 0. 385.132 -0.386 -0.922 0. -39.774 0. 0. 1. 0.
-0.922 0.386 0. 385.123 -0.386 -0.922 0. -39.768 0. 0. 1. 0.
-0.923 0.386 0. 385.131 -0.386 -0.923 0. -39.774 0. 0. 1. 0.
-0.922 0.386 0. 385.130 -0.386 -0.922 0. -39.769 0. 0. 1. 0.
-0.923 0.386 0. 385.127 -0.386 -0.923 0. -39.771 0. 0. 1. 0.
-0.922 0.386 0. 385.130 -0.386 -0.922 0. -39.772 0. 0. 1. 0.
-0.922 0.386 0. 385.131 -0.386 -0.922 0. -39.767 0. 0. 1. 0.
-0.922 0.386 0. 385.137 -0.386 -0.922 0. -39.765 0. 0. 1. 0.
-0.923 0.386 0. 385.142 -0.386 -0.923 0. -39.774 0. 0. 1. 0.
-0.922 0.386 0. 385.132 -0.386 -0.922 0. -39.776 0. 0. 1. 0.
-0.922 0.386 0. 385.133 -0.386 -0.922 0. -39.765 0. 0. 1. 0.
-0.922 0.386 0. 385.131 -0.386 -0.922 0. -39.776 0. 0. 1. 0.
-0.922 0.386 0. 385.136 -0.386 -0.922 0. -39.760 0. 0. 1. 0.
-0.923 0.386 0. 385.133 -0.386 -0.923 0. -39.781 0. 0. 1. 0.
-0.923 0.386 0. 385.102 -0.386 -0.923 0. -39.787 0. 0. 1. 0.
-0.923 0.385 0. 385.070 -0.385 -0.923 0. -39.804 0. 0. 1. 0.
-0.923 0.385 0. 385.021 -0.385 -0.923 0. -39.837 0. 0. 1. 0.
-0.923 0.384 0. 384.918 -0.384 -0.923 0. -39.874 0. 0. 1. 0.
-0.923 0.384 0. 384.752 -0.384 -0.923 0. -39.895 0. 0. 1. 0.
-0.923 0.385 0. 384.545 -0.385 -0.923 0. -39.975 0. 0. 1. 0.
-0.924 0.382 0. 384.257 -0.382 -0.924 0. -40.102 0. 0. 1. 0.
-0.924 0.383 0. 383.948 -0.383 -0.924 0. -40.223 0. 0. 1. 0.
-0.924 0.382 0. 383.569 -0.382 -0.924 0. -40.378 0. 0. 1. 0.
-0.924 0.383 0. 383.077 -0.383 -0.924 0. -40.553 0. 0. 1. 0.
-0.925 0.380 0. 382.550 -0.380 -0.925 0. -40.789 0. 0. 1. 0.
-0.926 0.378 0. 381.965 -0.378 -0.926 0. -41.009 0. 0. 1. 0.
-0.926 0.377 0. 381.279 -0.377 -0.926 0. -41.269 0. 0. 1. 0.
-0.927 0.376 0. 380.520 -0.376 -0.927 0. -41.573 0. 0. 1. 0.
-0.927 0.376 0. 379.706 -0.376 -0.927 0. -41.909 0. 0. 1. 0.
-0.927 0.376 0. 378.849 -0.376 -0.927 0. -42.249 0. 0. 1. 0.
-0.927 0.375 0. 377.892 -0.375 -0.927 0. -42.611 0. 0. 1. 0.
-0.928 0.374 0. 376.829 -0.374 -0.928 0. -43.010 0. 0. 1. 0.
-0.928 0.374 0. 375.789 -0.374 -0.928 0. -43.453 0. 0. 1. 0.
-0.928 0.372 0. 374.599 -0.372 -0.928 0. -43.878 0. 0. 1. 0.
-0.930 0.367 0. 373.339 -0.367 -0.930 0. -44.319 0. 0. 1. 0.
-0.931 0.365 0. 372.038 -0.365 -0.931 0. -44.760 0. 0. 1. 0.
-0.933 0.361 0. 370.741 -0.361 -0.933 0. -45.282 0. 0. 1. 0.
-0.935 0.355 0. 369.311 -0.355 -0.935 0. -45.782 0. 0. 1. 0.
-0.937 0.348 0. 367.852 -0.348 -0.937 0. -46.280 0. 0. 1. 0.
-0.940 0.342 0. 366.348 -0.342 -0.940 0. -46.783 0. 0. 1. 0.
-0.941 0.339 0. 364.732 -0.339 -0.941 0. -47.250 0. 0. 1. 0.
-0.943 0.334 0. 363.138 -0.334 -0.943 0. -47.857 0. 0. 1. 0.
-0.944 0.329 0. 361.458 -0.329 -0.944 0. -48.411 0. 0. 1. 0.
-0.946 0.325 0. 359.732 -0.325 -0.946 0. -48.979 0. 0. 1. 0.
-0.947 0.321 0. 357.947 -0.321 -0.947 0. -49.536 0. 0. 1. 0.
-0.949 0.316 0. 356.116 -0.316 -0.949 0. -50.148 0. 0. 1. 0.
-0.950 0.311 0. 354.266 -0.311 -0.950 0. -50.739 0. 0. 1. 0.
-0.952 0.307 0. 352.333 -0.307 -0.952 0. -51.316 0. 0. 1. 0.
-0.953 0.302 0. 350.349 -0.302 -0.953 0. -51.860 0. 0. 1. 0.
-0.955 0.296 0. 348.339 -0.296 -0.955 0. -52.431 0. 0. 1. 0.
-0.957 0.292 0. 346.295 -0.292 -0.957 0. -53.053 0. 0. 1. 0.
-0.958 0.287 0. 344.174 -0.287 -0.958 0. -53.668 0. 0. 1. 0.
-0.959 0.284 0. 342.039 -0.284 -0.959 0. -54.215 0. 0. 1. 0.
-0.959 0.283 0. 339.853 -0.283 -0.959 0. -54.836 0. 0. 1. 0.
-0.958 0.288 0. 337.667 -0.288 -0.958 0. -55.438 0. 0. 1. 0.
-0.957 0.290 0. 335.484 -0.290 -0.957 0. -56.089 0. 0. 1. 0.
-0.956 0.295 0. 333.263 -0.295 -0.956 0. -56.715 0. 0. 1. 0.
-0.954 0.299 0. 331.030 -0.299 -0.954 0. -57.366 0. 0. 1. 0.
-0.952 0.307 0. 328.767 -0.307 -0.952 0. -58.052 0. 0. 1. 0.
-0.949 0.315 0. 326.553 -0.315 -0.949 0. -58.768 0. 0. 1. 0.
-0.946 0.325 0. 324.308 -0.325 -0.946 0. -59.485 0. 0. 1. 0.
-0.943 0.333 0. 322.055 -0.333 -0.943 0. -60.234 0. 0. 1. 0.
-0.941 0.338 0. 319.797 -0.338 -0.941 0. -60.995 0. 0. 1. 0.
-0.940 0.340 0. 317.524 -0.340 -0.940 0. -61.773 0. 0. 1. 0.
-0.941 0.339 0. 315.214 -0.339 -0.941 0. -62.580 0. 0. 1. 0.
-0.940 0.341 0. 312.921 -0.341 -0.940 0. -63.353 0. 0. 1. 0.
-0.939 0.345 0. 310.633 -0.345 -0.939 0. -64.185 0. 0. 1. 0.
-0.937 0.349 0. 308.344 -0.349 -0.937 0. -65.028 0. 0. 1. 0.
-0.936 0.352 0. 306.025 -0.352 -0.936 0. -65.885 0. 0. 1. 0.
-0.935 0.355 0. 303.705 -0.355 -0.935 0. -66.738 0. 0. 1. 0.
-0.933 0.360 0. 301.376 -0.360 -0.933 0. -67.601 0. 0. 1. 0.
-0.931 0.364 0. 299.098 -0.364 -0.931 0. -68.463 0. 0. 1. 0.
-0.930 0.367 0. 296.784 -0.367 -0.930 0. -69.317 0. 0. 1. 0.
-0.929 0.370 0. 294.463 -0.370 -0.929 0. -70.186 0. 0. 1. 0.
-0.928 0.374 0. 292.125 -0.374 -0.928 0. -71.064 0. 0. 1. 0.
-0.928 0.374 0. 289.802 -0.374 -0.928 0. -71.935 0. 0. 1. 0.
-0.927 0.375 0. 287.436 -0.375 -0.927 0. -72.800 0. 0. 1. 0.
-0.928 0.372 0. 285.132 -0.372 -0.928 0. -73.694 0. 0. 1. 0.
-0.930 0.367 0. 282.741 -0.367 -0.930 0. -74.614 0. 0. 1. 0.
-0.930 0.368 0. 280.360 -0.368 -0.930 0. -75.491 0. 0. 1. 0.
-0.930 0.367 0. 278.004 -0.367 -0.930 0. -76.340 0. 0. 1. 0.
-0.930 0.368 0. 275.596 -0.368 -0.930 0. -77.305 0. 0. 1. 0.
-0.929 0.369 0. 273.196 -0.369 -0.929 0. -78.207 0. 0. 1. 0.
-0.930 0.367 0. 270.811 -0.367 -0.930 0. -79.042 0. 0. 1. 0.
-0.930 0.369 0. 268.405 -0.369 -0.930 0. -79.997 0. 0. 1. 0.
-0.930 0.369 0. 266.009 -0.369 -0.930 0. -80.888 0. 0. 1. 0.
-0.929 0.369 0. 263.586 -0.369 -0.929 0. -81.762 0. 0. 1. 0.
-0.928 0.372 0. 261.178 -0.372 -0.928 0. -82.708 0. 0. 1. 0.
-0.928 0.372 0. 258.751 -0.372 -0.928 0. -83.644 0. 0. 1. 0.
-0.927 0.374 0. 256.304 -0.374 -0.927 0. -84.599 0. 0. 1. 0.
-0.926 0.377 0. 253.847 -0.377 -0.926 0. -85.563 0. 0. 1. 0.
-0.926 0.378 0. 251.388 -0.378 -0.926 0. -86.549 0. 0. 1. 0.
-0.926 0.378 0. 248.944 -0.378 -0.926 0. -87.605 0. 0. 1. 0.
-0.924 0.383 0. 246.486 -0.383 -0.924 0. -88.548 0. 0. 1. 0.
-0.923 0.384 0. 244.017 -0.384 -0.923 0. -89.503 0. 0. 1. 0.
-0.923 0.386 0. 241.577 -0.386 -0.923 0. -90.493 0. 0. 1. 0.
-0.922 0.388 0. 239.101 -0.388 -0.922 0. -91.525 0. 0. 1. 0.
-0.921 0.389 0. 236.662 -0.389 -0.921 0. -92.561 0. 0. 1. 0.
-0.921 0.390 0. 234.179 -0.390 -0.921 0. -93.566 0. 0. 1. 0.
-0.921 0.389 0. 231.695 -0.389 -0.921 0. -94.552 0. 0. 1. 0.
-0.922 0.387 0. 229.208 -0.387 -0.922 0. -95.478 0. 0. 1. 0.
-0.923 0.386 0. 226.810 -0.386 -0.923 0. -96.452 0. 0. 1. 0.
-0.923 0.384 0. 224.427 -0.384 -0.923 0. -97.445 0. 0. 1. 0.
-0.925 0.381 0. 221.942 -0.381 -0.925 0. -98.435 0. 0. 1. 0.
-0.925 0.379 0. 219.515 -0.379 -0.925 0. -99.435 0. 0. 1. 0.
-0.925 0.380 0. 217.072 -0.380 -0.925 0. -100.365 0. 0. 1. 0.
-0.926 0.377 0. 214.660 -0.377 -0.926 0. -101.365 0. 0. 1. 0.
-0.926 0.377 0. 212.163 -0.377 -0.926 0. -102.287 0. 0. 1. 0.
-0.927 0.376 0. 209.787 -0.376 -0.927 0. -103.219 0. 0. 1. 0.
-0.927 0.376 0. 207.302 -0.376 -0.927 0. -104.063 0. 0. 1. 0.
-0.927 0.375 0. 204.884 -0.375 -0.927 0. -104.962 0. 0. 1. 0.
-0.927 0.376 0. 202.549 -0.376 -0.927 0. -105.945 0. 0. 1. 0.
-0.927 0.375 0. 200.179 -0.375 -0.927 0. -106.861 0. 0. 1. 0.
-0.927 0.374 0. 197.832 -0.374 -0.927 0. -107.755 0. 0. 1. 0.
-0.928 0.371 0. 195.507 -0.371 -0.928 0. -108.635 0. 0. 1. 0.
-0.929 0.369 0. 193.166 -0.369 -0.929 0. -109.479 0. 0. 1. 0.
-0.930 0.367 0. 190.847 -0.367 -0.930 0. -110.378 0. 0. 1. 0.
-0.932 0.363 0. 188.480 -0.363 -0.932 0. -111.347 0. 0. 1. 0.
-0.933 0.359 0. 186.151 -0.359 -0.933 0. -112.244 0. 0. 1. 0.
-0.934 0.357 0. 183.759 -0.357 -0.934 0. -113.032 0. 0. 1. 0.
-0.937 0.348 0. 181.429 -0.348 -0.937 0. -113.874 0. 0. 1. 0.
-0.939 0.343 0. 179.072 -0.343 -0.939 0. -114.670 0. 0. 1. 0.
-0.940 0.341 0. 176.720 -0.341 -0.940 0. -115.444 0. 0. 1. 0.
-0.941 0.338 0. 174.318 -0.338 -0.941 0. -116.238 0. 0. 1. 0.
-0.941 0.337 0. 171.923 -0.337 -0.941 0. -117.083 0. 0. 1. 0.
-0.941 0.337 0. 169.516 -0.337 -0.941 0. -117.832 0. 0. 1. 0.
-0.941 0.339 0. 167.092 -0.339 -0.941 0. -118.623 0. 0. 1. 0.
-0.940 0.341 0. 164.683 -0.341 -0.940 0. -119.416 0. 0. 1. 0.
-0.940 0.342 0. 162.283 -0.342 -0.940 0. -120.278 0. 0. 1. 0.
-0.939 0.345 0. 159.885 -0.345 -0.939 0. -121.136 0. 0. 1. 0.
-0.936 0.352 0. 157.456 -0.352 -0.936 0. -122.035 0. 0. 1. 0.
-0.934 0.357 0. 155.038 -0.357 -0.934 0. -122.908 0. 0. 1. 0.
-0.933 0.361 0. 152.696 -0.361 -0.933 0. -123.770 0. 0. 1. 0.
-0.931 0.365 0. 150.379 -0.365 -0.931 0. -124.652 0. 0. 1. 0.
-0.929 0.369 0. 148.044 -0.369 -0.929 0. -125.522 0. 0. 1. 0.
-0.929 0.369 0. 145.769 -0.369 -0.929 0. -126.394 0. 0. 1. 0.
-0.929 0.370 0. 143.448 -0.370 -0.929 0. -127.226 0. 0. 1. 0.
-0.929 0.370 0. 141.195 -0.370 -0.929 0. -128.107 0. 0. 1. 0.
-0.930 0.366 0. 138.974 -0.366 -0.930 0. -128.971 0. 0. 1. 0.
-0.932 0.364 0. 136.769 -0.364 -0.932 0. -129.760 0. 0. 1. 0.
-0.933 0.359 0. 134.638 -0.359 -0.933 0. -130.538 0. 0. 1. 0.
-0.934 0.357 0. 132.637 -0.357 -0.934 0. -131.289 0. 0. 1. 0.
-0.937 0.350 0. 130.682 -0.350 -0.937 0. -131.998 0. 0. 1. 0.
-0.938 0.346 0. 128.784 -0.346 -0.938 0. -132.629 0. 0. 1. 0.
-0.940 0.342 0. 127.019 -0.342 -0.940 0. -133.260 0. 0. 1. 0.
-0.941 0.339 0. 125.318 -0.339 -0.941 0. -133.826 0. 0. 1. 0.
-0.942 0.335 0. 123.720 -0.335 -0.942 0. -134.375 0. 0. 1. 0.
-0.943 0.333 0. 122.207 -0.333 -0.943 0. -134.875 0. 0. 1. 0.
-0.944 0.331 0. 120.831 -0.331 -0.944 0. -135.393 0. 0. 1. 0.
-0.944 0.329 0. 119.473 -0.329 -0.944 0. -135.789 0. 0. 1. 0.
-0.946 0.324 0. 118.266 -0.324 -0.946 0. -136.162 0. 0. 1. 0.
-0.946 0.324 0. 117.139 -0.324 -0.946 0. -136.514 0. 0. 1. 0.
-0.946 0.324 0. 116.148 -0.324 -0.946 0. -136.883 0. 0. 1. 0.
-0.947 0.322 0. 115.170 -0.322 -0.947 0. -137.127 0. 0. 1. 0.
-0.947 0.322 0. 114.353 -0.322 -0.947 0. -137.426 0. 0. 1. 0.
-0.947 0.320 0. 113.610 -0.320 -0.947 0. -137.713 0. 0. 1. 0.
-0.948 0.318 0. 112.930 -0.318 -0.948 0. -137.887 0. 0. 1. 0.
-0.948 0.317 0. 112.303 -0.317 -0.948 0. -138.041 0. 0. 1. 0.
-0.950 0.314 0. 111.813 -0.314 -0.950 0. -138.219 0. 0. 1. 0.
-0.950 0.313 0. 111.389 -0.313 -0.950 0. -138.402 0. 0. 1. 0.
-0.950 0.311 0. 111.044 -0.311 -0.950 0. -138.512 0. 0. 1. 0.
-0.951 0.309 0. 110.759 -0.309 -0.951 0. -138.536 0. 0. 1. 0.
-0.951 0.309 0. 110.569 -0.309 -0.951 0. -138.610 0. 0. 1. 0.
-0.952 0.307 0. 110.384 -0.307 -0.952 0. -138.652 0. 0. 1. 0.
-0.952 0.307 0. 110.215 -0.307 -0.952 0. -138.723 0. 0. 1. 0.
-0.952 0.306 0. 110.082 -0.306 -0.952 0. -138.763 0. 0. 1. 0.
-0.952 0.307 0. 110.012 -0.307 -0.952 0. -138.790 0. 0. 1. 0.
-0.952 0.307 0. 109.976 -0.307 -0.952 0. -138.790 0. 0. 1. 0.
-0.952 0.307 0. 109.980 -0.307 -0.952 0. -138.784 0. 0. 1. 0.
-0.952 0.306 0. 109.985 -0.306 -0.952 0. -138.774 0. 0. 1. 0.
-0.952 0.306 0. 109.996 -0.306 -0.952 0. -138.789 0. 0. 1. 0.
-0.952 0.306 0. 109.982 -0.306 -0.952 0. -138.778 0. 0. 1. 0.
-0.952 0.307 0. 109.991 -0.307 -0.952 0. -138.780 0. 0. 1. 0.
-0.952 0.307 0. 109.989 -0.307 -0.952 0. -138.788 0. 0. 1. 0.
-0.952 0.307 0. 109.987 -0.307 -0.952 0. -138.783 0. 0. 1. 0.
-0.951 0.308 0. 109.997 -0.308 -0.951 0. -138.797 0. 0. 1. 0.
-0.952 0.307 0. 109.981 -0.307 -0.952 0. -138.779 0. 0. 1. 0.
-0.952 0.307 0. 109.989 -0.307 -0.952 0. -138.796 0. 0. 1. 0.
