1. 0. 0. 0. 0. 1. 0. 0. 0. 0. 1. 0.
1. -0. 0. 0.003 0. 1. 0. 0.003 0. 0. 1. 0.
1. -0.000 0. 0.003 0.000 1. 0. -0.002 0. 0. 1. 0.
1. -0. 0. 0.003 0. 1. 0. 0.004 0. 0. 1. 0.
1. -0.000 0. 0.006 0.000 1. 0. 0.003 0. 0. 1. 0.
1. -0.000 0. 0.003 0.000 1. 0. 0.004 0. 0. 1. 0.
1. -0.000 0. 0.003 0.000 1. 0. 0.001 0. 0. 1. 0.
1. -0.000 0. 0.004 0.000 1. 0. -0.002 0. 0. 1. 0.
1. -0.000 0. 0.002 0.000 1. 0. 0. 0. 0. 1. 0.
1. -0.000 0. 0.004 0.000 1. 0. 0.001 0. 0. 1. 0.
1. -0.000 0. 0.000 0.000 1. 0. 0.003 0. 0. 1. 0.
1. -0.000 0. 0.003 0.000 1. 0. -0.001 0. 0. 1. 0.
1. -0.000 0. 0.005 0.000 1. 0. 0.002 0. 0. 1. 0.
1. -0. 0. 0.002 0. 1. 0. 0.002 0. 0. 1. 0.
1. -0. 0. 0.002 0. 1. 0. 0.003 0. 0. 1. 0.
1. 0. 0. 0.003 -0. 1. 0. -0.000 0. 0. 1. 0.
1. -0.000 0. 0.003 0.000 1. 0. 0.002 0. 0. 1. 0.
1. -0.000 0. 0.004 0.000 1. 0. 0.002 0. 0. 1. 0.
1. -0.000 0. 0.002 0.000 1. 0. 0.002 0. 0. 1. 0.
1. -0.000 0. 0.003 0.000 1. 0. 0.002 0. 0. 1. 0.
1. -0.000 0. 0.004 0.000 1. 0. -0.000 0. 0. 1. 0.
1. -0.000 0. 0.004 0.000 1. 0. 0.005 0. 0. 1. 0.
1. -0.000 0. 0.006 0.000 1. 0. 0.002 0. 0. 1. 0.
1. -0. 0. 0.002 0. 1. 0. 0.003 0. 0. 1. 0.
1. -0. 0. 0.001 0. 1. 0. -0.000 0. 0. 1. 0.
1. -0. 0. 0.005 0. 1. 0. 0.002 0. 0. 1. 0.
1. -0.000 0. 0.006 0.000 1. 0. 0.002 0. 0. 1. 0.
1. -0.000 0. 0.005 0.000 1. 0. -0.002 0. 0. 1. 0.
1. 0. 0. 0.006 -0. 1. 0. 0.003 0. 0. 1. 0.
1. 0. 0. 0.005 -0. 1. 0. 0.003 0. 0. 1. 0.
1. -0.000 0. 0.000 0.000 1. 0. 0.002 0. 0. 1. 0.
1. -0. 0. 0.002 0. 1. 0. 0.004 0. 0. 1. 0.
1. -0.000 0. 0.004 0.000 1. 0. 0.007 0. 0. 1. 0.
1. -0.000 0. 0.001 0.000 1. 0. 0.001 0. 0. 1. 0.
1. -0.000 0. 0.004 0.000 1. 0. 0.006 0. 0. 1. 0.
1. -0.000 0. -0.001 0.000 1. 0. 0.005 0. 0. 1. 0.
1. -0.000 0. -0.000 0.000 1. 0. -0.001 0. 0. 1. 0.
1. 0. 0. 0.001 -0. 1. 0. 0.006 0. 0. 1. 0.
1. -0. 0. 0.003 0. 1. 0. 0.007 0. 0. 1. 0.
1. -0. 0. 0.003 0. 1. 0. 0.006 0. 0. 1. 0.
1. -0. 0. 0.002 0. 1. 0. 0.003 0. 0. 1. 0.
1. -0. 0. 0.003 0. 1. 0. 0.004 0. 0. 1. 0.
1. -0. 0. 0.003 0. 1. 0. 0.004 0. 0. 1. 0.
1. 0. 0. 0.006 -0. 1. 0. 0.004 0. 0. 1. 0.
1. -0. 0. 0.005 0. 1. 0. 0.003 0. 0. 1. 0.
1. 0. 0. 0.002 -0. 1. 0. 0.003 0. 0. 1. 0.
1. -0.000 0. 0.003 0.000 1. 0. 0.003 0. 0. 1. 0.
1. 0. 0. 0.004 -0. 1. 0. 0.008 0. 0. 1. 0.
1. 0. 0. 0.006 -0. 1. 0. 0.003 0. 0. 1. 0.
1. -0.000 0. 0. 0.000 1. 0. 0.007 0. 0. 1. 0.
1. -0.000 0. -0.001 0.000 1. 0. 0.005 0. 0. 1. 0.
1. -0. 0. 0.001 0. 1. 0. 0.006 0. 0. 1. 0.
1. -0. 0. 0.005 0. 1. 0. 0.006 0. 0. 1. 0.
1. 0. 0. 0.002 -0. 1. 0. -0.001 0. 0. 1. 0.
1. -0.000 0. 0.001 0.000 1. 0. 0.006 0. 0. 1. 0.
1. -0.000 0. 0.003 0.000 1. 0. -0.001 0. 0. 1. 0.
1. -0.000 0. 0.004 0.000 1. 0. 0.003 0. 0. 1. 0.
1. -0.000 0. 0.005 0.000 1. 0. 0.003 0. 0. 1. 0.
1. -0. 0. 0.005 0. 1. 0. 0.001 0. 0. 1. 0.
1. -0.000 0. 0.001 0.000 1. 0. -0.001 0. 0. 1. 0.
1. -0. 0. 0.002 0. 1. 0. 0.001 0. 0. 1. 0.
1. 0. 0. 0.005 -0. 1. 0. 0.002 0. 0. 1. 0.
1. 0. 0. 0.003 -0. 1. 0. 0.004 0. 0. 1. 0.
1. -0.000 0. 0.004 0.000 1. 0. 0.006 0. 0. 1. 0.
1. -0. 0. -0.001 0. 1. 0. 0.004 0. 0. 1. 0.
1. -0.000 0. 0.003 0.000 1. 0. -0.003 0. 0. 1. 0.
1. -0. 0. 0.001 0. 1. 0. 0.002 0. 0. 1. 0.
1. -0.000 0. 0.001 0.000 1. 0. 0.002 0. 0. 1. 0.
1. -0.000 0. -0.001 0.000 1. 0. 0.000 0. 0. 1. 0.
1. -0. 0. 0.004 0. 1. 0. 0.003 0. 0. 1. 0.
1. -0.000 0. 0.004 0.000 1. 0. 0.002 0. 0. 1. 0.
1. -0.000 0. 0.003 0.000 1. 0. 0.002 0. 0. 1. 0.
1. -0.000 0. 0.000 0.000 1. 0. 0.003 0. 0. 1. 0.
1. -0. 0. 0.003 0. 1. 0. 0.000 0. 0. 1. 0.
1. -0.000 0. 0.001 0.000 1. 0. -0.002 0. 0. 1. 0.
1. 0. 0. 0.005 -0. 1. 0. -0.003 0. 0. 1. 0.
1. -0.000 0. 0.001 0.000 1. 0. 0.005 0. 0. 1. 0.
1. 0. 0. 0.003 -0. 1. 0. 0.003 0. 0. 1. 0.
1. -0. 0. 0.002 0. 1. 0. 0.004 0. 0. 1. 0.
1. -0. 0. 0.002 0. 1. 0. -0.001 0. 0. 1. 0.
1. -0. 0. 0.003 0. 1. 0. 0.007 0. 0. 1. 0.
1. -0. 0. 0.003 0. 1. 0. 0.005 0. 0. 1. 0.
1. -0.000 0. 0.002 0.000 1. 0. 0.005 0. 0. 1. 0.
1. -0.000 0. 0.003 0.000 1. 0. 0.003 0. 0. 1. 0.
1. -0.000 0. 0.005 0.000 1. 0. -0.002 0. 0. 1. 0.
1. -0.000 0. 0.007 0.000 1. 0. -0.001 0. 0. 1. 0.
1. -0.000 0. 0.004 0.000 1. 0. -0.002 0. 0. 1. 0.
1. -0. 0. 0.009 0. 1. 0. 0.002 0. 0. 1. 0.
1. -0.000 0. 0.002 0.000 1. 0. -0.000 0. 0. 1. 0.
1. -0.000 0. 0.003 0.000 1. 0. 0.001 0. 0. 1. 0.
1. -0.000 0. 0.003 0.000 1. 0. -0.007 0. 0. 1. 0.
1. -0.000 0. 0.027 0.000 1. 0. -0.002 0. 0. 1. 0.
1. -0.000 0. 0.093 0.000 1. 0. -0.005 0. 0. 1. 0.
1. -0.000 0. 0.142 0.000 1. 0. -0.014 0. 0. 1. 0.
1. -0.002 0. 0.246 0.002 1. 0. -0.007 0. 0. 1. 0.
1. -0.007 0. 0.445 0.007 1. 0. 0.019 0. 0. 1. 0.
1.000 -0.016 0. 0.640 0.016 1.000 0. -0.001 0. 0. 1. 0.
1.000 -0.029 0. 0.915 0.029 1.000 0. 0.035 0. 0. 1. 0.
0.999 -0.048 0. 1.273 0.048 0.999 0. 0.029 0. 0. 1. 0.
0.998 -0.068 0. 1.706 0.068 0.998 0. 0.061 0. 0. 1. 0.
0.995 -0.096 0. 2.180 0.096 0.995 0. 0.131 0. 0. 1. 0.
0.993 -0.117 0. 2.771 0.117 0.993 0. 0.169 0. 0. 1. 0.
0.990 -0.138 0. 3.450 0.138 0.990 0. 0.392 0. 0. 1. 0.
0.988 -0.158 0. 4.266 0.158 0.988 0. 0.504 0. 0. 1. 0.
0.985 -0.171 0. 5.183 0.171 0.985 0. 0.613 0. 0. 1. 0.
0.985 -0.171 0. 6.187 0.171 0.985 0. 0.733 0. 0. 1. 0.
0.985 -0.170 0. 7.326 0.170 0.985 0. 0.968 0. 0. 1. 0.
0.986 -0.168 0. 8.602 0.168 0.986 0. 1.173 0. 0. 1. 0.
0.986 -0.164 0. 9.879 0.164 0.986 0. 1.407 0. 0. 1. 0.
0.987 -0.161 0. 11.165 0.161 0.987 0. 1.617 0. 0. 1. 0.
0.988 -0.154 0. 12.572 0.154 0.988 0. 1.768 0. 0. 1. 0.
0.990 -0.143 0. 14.032 0.143 0.990 0. 1.960 0. 0. 1. 0.
0.992 -0.125 0. 15.574 0.125 0.992 0. 2.182 0. 0. 1. 0.
0.994 -0.110 0. 17.157 0.110 0.994 0. 2.301 0. 0. 1. 0.
0.996 -0.092 0. 18.797 0.092 0.996 0. 2.462 0. 0. 1. 0.
0.997 -0.074 0. 20.529 0.074 0.997 0. 2.642 0. 0. 1. 0.
0.998 -0.057 0. 22.305 0.057 0.998 0. 2.663 0. 0. 1. 0.
0.999 -0.042 0. 24.102 0.042 0.999 0. 2.777 0. 0. 1. 0.
1.000 -0.031 0. 25.879 0.031 1.000 0. 2.794 0. 0. 1. 0.
1.000 -0.020 0. 27.669 0.020 1.000 0. 2.831 0. 0. 1. 0.
1. -0.013 0. 29.415 0.013 1. 0. 2.856 0. 0. 1. 0.
1. -0.007 0. 31.200 0.007 1. 0. 2.854 0. 0. 1. 0.
1. -0.004 0. 32.992 0.004 1. 0. 2.850 0. 0. 1. 0.
1. -0.006 0. 34.777 0.006 1. 0. 2.870 0. 0. 1. 0.
1. -0.005 0. 36.603 0.005 1. 0. 2.879 0. 0. 1. 0.
1. -0.007 0. 38.449 0.007 1. 0. 2.829 0. 0. 1. 0.
1. -0.005 0. 40.294 0.005 1. 0. 2.835 0. 0. 1. 0.
1. -0.005 0. 42.167 0.005 1. 0. 2.847 0. 0. 1. 0.
1. -0.006 0. 44.046 0.006 1. 0. 2.845 0. 0. 1. 0.
1. -0.006 0. 45.954 0.006 1. 0. 2.800 0. 0. 1. 0.
1. -0.006 0. 47.845 0.006 1. 0. 2.842 0. 0. 1. 0.
1. -0.006 0. 49.702 0.006 1. 0. 2.866 0. 0. 1. 0.
1. -0.005 0. 51.585 0.005 1. 0. 2.870 0. 0. 1. 0.
1. -0.005 0. 53.444 0.005 1. 0. 2.884 0. 0. 1. 0.
1. -0.003 0. 55.316 0.003 1. 0. 2.809 0. 0. 1. 0.
1. 0.001 0. 57.203 -0.001 1. 0. 2.801 0. 0. 1. 0.
1. 0.003 0. 59.103 -0.003 1. 0. 2.786 0. 0. 1. 0.
1. 0.004 0. 60.981 -0.004 1. 0. 2.725 0. 0. 1. 0.
1. 0.005 0. 62.833 -0.005 1. 0. 2.666 0. 0. 1. 0.
1. 0.007 0. 64.646 -0.007 1. 0. 2.628 0. 0. 1. 0.
1. 0.008 0. 66.478 -0.008 1. 0. 2.657 0. 0. 1. 0.
1. 0.007 0. 68.283 -0.007 1. 0. 2.595 0. 0. 1. 0.
1. 0.007 0. 70.081 -0.007 1. 0. 2.557 0. 0. 1. 0.
1. 0.009 0. 71.865 -0.009 1. 0. 2.549 0. 0. 1. 0.
1. 0.009 0. 73.660 -0.009 1. 0. 2.499 0. 0. 1. 0.
1. 0.010 0. 75.443 -0.010 1. 0. 2.492 0. 0. 1. 0.
1. 0.013 0. 77.270 -0.013 1. 0. 2.434 0. 0. 1. 0.
1.000 0.016 0. 79.079 -0.016 1.000 0. 2.372 0. 0. 1. 0.
1.000 0.018 0. 80.860 -0.018 1.000 0. 2.312 0. 0. 1. 0.
1.000 0.017 0. 82.625 -0.017 1.000 0. 2.293 0. 0. 1. 0.
1.000 0.016 0. 84.355 -0.016 1.000 0. 2.292 0. 0. 1. 0.
1.000 0.018 0. 86.137 -0.018 1.000 0. 2.230 0. 0. 1. 0.
1.000 0.023 0. 87.921 -0.023 1.000 0. 2.146 0. 0. 1. 0.
1.000 0.027 0. 89.726 -0.027 1.000 0. 2.086 0. 0. 1. 0.
1.000 0.029 0. 91.506 -0.029 1.000 0. 1.994 0. 0. 1. 0.
1.000 0.029 0. 93.223 -0.029 1.000 0. 1.906 0. 0. 1. 0.
1.000 0.024 0. 95.048 -0.024 1.000 0. 1.843 0. 0. 1. 0.
1.000 0.018 0. 96.905 -0.018 1.000 0. 1.839 0. 0. 1. 0.
1. 0.011 0. 98.722 -0.011 1. 0. 1.796 0. 0. 1. 0.
1. 0.004 0. 100.591 -0.004 1. 0. 1.825 0. 0. 1. 0.
1. -0.003 0. 102.446 0.003 1. 0. 1.789 0. 0. 1. 0.
1. -0.013 0. 104.352 0.013 1. 0. 1.788 0. 0. 1. 0.
1.000 -0.021 0. 106.209 0.021 1.000 0. 1.759 0. 0. 1. 0.
1.000 -0.030 0. 108.145 0.030 1.000 0. 1.809 0. 0. 1. 0.
0.999 -0.039 0. 110.050 0.039 0.999 0. 1.877 0. 0. 1. 0.
0.999 -0.048 0. 112.018 0.048 0.999 0. 1.979 0. 0. 1. 0.
0.999 -0.051 0. 113.981 0.051 0.999 0. 2.069 0. 0. 1. 0.
0.998 -0.056 0. 115.959 0.056 0.998 0. 2.203 0. 0. 1. 0.
0.998 -0.057 0. 117.876 0.057 0.998 0. 2.321 0. 0. 1. 0.
0.998 -0.057 0. 119.811 0.057 0.998 0. 2.387 0. 0. 1. 0.
0.998 -0.056 0. 121.723 0.056 0.998 0. 2.447 0. 0. 1. 0.
0.998 -0.056 0. 123.682 0.056 0.998 0. 2.574 0. 0. 1. 0.
0.999 -0.053 0. 125.599 0.053 0.999 0. 2.724 0. 0. 1. 0.
0.999 -0.053 0. 127.550 0.053 0.999 0. 2.795 0. 0. 1. 0.
0.999 -0.050 0. 129.488 0.050 0.999 0. 2.871 0. 0. 1. 0.
0.999 -0.050 0. 131.435 0.050 0.999 0. 3.008 0. 0. 1. 0.
0.999 -0.048 0. 133.400 0.048 0.999 0. 3.064 0. 0. 1. 0.
0.999 -0.045 0. 135.362 0.045 0.999 0. 3.126 0. 0. 1. 0.
0.999 -0.044 0. 137.377 0.044 0.999 0. 3.240 0. 0. 1. 0.
0.999 -0.041 0. 139.344 0.041 0.999 0. 3.252 0. 0. 1. 0.
0.999 -0.039 0. 141.353 0.039 0.999 0. 3.327 0. 0. 1. 0.
0.999 -0.037 0. 143.304 0.037 0.999 0. 3.406 0. 0. 1. 0.
0.999 -0.037 0. 145.295 0.037 0.999 0. 3.439 0. 0. 1. 0.
0.999 -0.036 0. 147.279 0.036 0.999 0. 3.467 0. 0. 1. 0.
0.999 -0.034 0. 149.258 0.034 0.999 0. 3.494 0. 0. 1. 0.
0.999 -0.034 0. 151.247 0.034 0.999 0. 3.531 0. 0. 1. 0.
0.999 -0.035 0. 153.258 0.035 0.999 0. 3.647 0. 0. 1. 0.
0.999 -0.034 0. 155.290 0.034 0.999 0. 3.718 0. 0. 1. 0.
0.999 -0.033 0. 157.339 0.033 0.999 0. 3.738 0. 0. 1. 0.
0.999 -0.032 0. 159.409 0.032 0.999 0. 3.810 0. 0. 1. 0.
1.000 -0.031 0. 161.500 0.031 1.000 0. 3.883 0. 0. 1. 0.
1.000 -0.031 0. 163.618 0.031 1.000 0. 3.894 0. 0. 1. 0.
1.000 -0.030 0. 165.735 0.030 1.000 0. 3.902 0. 0. 1. 0.
1.000 -0.031 0. 167.849 0.031 1.000 0. 3.913 0. 0. 1. 0.
1.000 -0.030 0. 169.931 0.030 1.000 0. 3.982 0. 0. 1. 0.
1.000 -0.029 0. 172.016 0.029 1.000 0. 4.011 0. 0. 1. 0.
0.999 -0.034 0. 174.124 0.034 0.999 0. 4.037 0. 0. 1. 0.
0.999 -0.039 0. 176.185 0.039 0.999 0. 4.128 0. 0. 1. 0.
0.999 -0.042 0. 178.210 0.042 0.999 0. 4.183 0. 0. 1. 0.
0.999 -0.044 0. 180.197 0.044 0.999 0. 4.253 0. 0. 1. 0.
0.999 -0.047 0. 182.189 0.047 0.999 0. 4.318 0. 0. 1. 0.
0.999 -0.048 0. 184.151 0.048 0.999 0. 4.397 0. 0. 1. 0.
0.999 -0.049 0. 186.061 0.049 0.999 0. 4.472 0. 0. 1. 0.
0.999 -0.046 0. 187.956 0.046 0.999 0. 4.524 0. 0. 1. 0.
0.999 -0.047 0. 189.817 0.047 0.999 0. 4.572 0. 0. 1. 0.
0.999 -0.046 0. 191.622 0.046 0.999 0. 4.658 0. 0. 1. 0.
0.999 -0.047 0. 193.418 0.047 0.999 0. 4.725 0. 0. 1. 0.
0.999 -0.048 0. 195.181 0.048 0.999 0. 4.783 0. 0. 1. 0.
0.999 -0.050 0. 196.932 0.050 0.999 0. 4.862 0. 0. 1. 0.
0.999 -0.050 0. 198.688 0.050 0.999 0. 4.910 0. 0. 1. 0.
0.999 -0.050 0. 200.404 0.050 0.999 0. 4.985 0. 0. 1. 0.
0.999 -0.051 0. 202.094 0.051 0.999 0. 5.101 0. 0. 1. 0.
0.999 -0.051 0. 203.752 0.051 0.999 0. 5.176 0. 0. 1. 0.
0.999 -0.048 0. 205.381 0.048 0.999 0. 5.297 0. 0. 1. 0.
0.999 -0.046 0. 206.999 0.046 0.999 0. 5.348 0. 0. 1. 0.
0.999 -0.041 0. 208.580 0.041 0.999 0. 5.436 0. 0. 1. 0.
0.999 -0.039 0. 210.128 0.039 0.999 0. 5.477 0. 0. 1. 0.
0.999 -0.036 0. 211.649 0.036 0.999 0. 5.565 0. 0. 1. 0.
0.999 -0.034 0. 213.129 0.034 0.999 0. 5.572 0. 0. 1. 0.
0.999 -0.032 0. 214.518 0.032 0.999 0. 5.620 0. 0. 1. 0.
0.999 -0.034 0. 215.904 0.034 0.999 0. 5.636 0. 0. 1. 0.
0.999 -0.035 0. 217.299 0.035 0.999 0. 5.701 0. 0. 1. 0.
0.999 -0.036 0. 218.665 0.036 0.999 0. 5.733 0. 0. 1. 0.
0.999 -0.036 0. 220.075 0.036 0.999 0. 5.759 0. 0. 1. 0.
0.999 -0.036 0. 221.472 0.036 0.999 0. 5.796 0. 0. 1. 0.
0.999 -0.036 0. 222.858 0.036 0.999 0. 5.810 0. 0. 1. 0.
0.999 -0.040 0. 224.216 0.040 0.999 0. 5.875 0. 0. 1. 0.
0.999 -0.045 0. 225.569 0.045 0.999 0. 5.926 0. 0. 1. 0.
0.998 -0.059 0. 226.910 0.059 0.998 0. 5.999 0. 0. 1. 0.
0.997 -0.073 0. 228.312 0.073 0.997 0. 6.092 0. 0. 1. 0.
0.996 -0.086 0. 229.681 0.086 0.996 0. 6.201 0. 0. 1. 0.
0.995 -0.102 0. 231.075 0.102 0.995 0. 6.330 0. 0. 1. 0.
0.993 -0.118 0. 232.448 0.118 0.993 0. 6.473 0. 0. 1. 0.
0.991 -0.136 0. 233.907 0.136 0.991 0. 6.725 0. 0. 1. 0.
0.989 -0.149 0. 235.376 0.149 0.989 0. 6.969 0. 0. 1. 0.
0.988 -0.157 0. 236.909 0.157 0.988 0. 7.148 0. 0. 1. 0.
0.987 -0.160 0. 238.495 0.160 0.987 0. 7.437 0. 0. 1. 0.
0.987 -0.163 0. 240.132 0.163 0.987 0. 7.739 0. 0. 1. 0.
0.986 -0.165 0. 241.810 0.165 0.986 0. 8.033 0. 0. 1. 0.
0.985 -0.170 0. 243.535 0.170 0.985 0. 8.336 0. 0. 1. 0.
0.985 -0.174 0. 245.295 0.174 0.985 0. 8.594 0. 0. 1. 0.
0.984 -0.177 0. 247.053 0.177 0.984 0. 8.867 0. 0. 1. 0.
0.984 -0.179 0. 248.831 0.179 0.984 0. 9.207 0. 0. 1. 0.
0.984 -0.179 0. 250.630 0.179 0.984 0. 9.524 0. 0. 1. 0.
0.984 -0.180 0. 252.437 0.180 0.984 0. 9.846 0. 0. 1. 0.
0.984 -0.176 0. 254.251 0.176 0.984 0. 10.161 0. 0. 1. 0.
0.985 -0.171 0. 256.096 0.171 0.985 0. 10.473 0. 0. 1. 0.
0.986 -0.166 0. 257.945 0.166 0.986 0. 10.836 0. 0. 1. 0.
0.987 -0.162 0. 259.825 0.162 0.987 0. 11.108 0. 0. 1. 0.
0.988 -0.156 0. 261.725 0.156 0.988 0. 11.426 0. 0. 1. 0.
0.988 -0.152 0. 263.610 0.152 0.988 0. 11.729 0. 0. 1. 0.
0.989 -0.148 0. 265.502 0.148 0.989 0. 11.936 0. 0. 1. 0.
0.990 -0.144 0. 267.477 0.144 0.990 0. 12.228 0. 0. 1. 0.
0.990 -0.141 0. 269.469 0.141 0.990 0. 12.485 0. 0. 1. 0.
0.990 -0.140 0. 271.450 0.140 0.990 0. 12.746 0. 0. 1. 0.
0.991 -0.137 0. 273.480 0.137 0.991 0. 13.035 0. 0. 1. 0.
0.990 -0.138 0. 275.432 0.138 0.990 0. 13.315 0. 0. 1. 0.
0.991 -0.137 0. 277.417 0.137 0.991 0. 13.577 0. 0. 1. 0.
0.990 -0.138 0. 279.371 0.138 0.990 0. 13.813 0. 0. 1. 0.
0.990 -0.140 0. 281.311 0.140 0.990 0. 14.043 0. 0. 1. 0.
0.990 -0.140 0. 283.242 0.140 0.990 0. 14.388 0. 0. 1. 0.
0.990 -0.138 0. 285.207 0.138 0.990 0. 14.646 0. 0. 1. 0.
0.991 -0.133 0. 287.200 0.133 0.991 0. 14.883 0. 0. 1. 0.
0.992 -0.127 0. 289.164 0.127 0.992 0. 15.070 0. 0. 1. 0.
0.992 -0.124 0. 291.143 0.124 0.992 0. 15.298 0. 0. 1. 0.
0.993 -0.120 0. 293.161 0.120 0.993 0. 15.530 0. 0. 1. 0.
0.993 -0.116 0. 295.181 0.116 0.993 0. 15.753 0. 0. 1. 0.
0.993 -0.116 0. 297.145 0.116 0.993 0. 15.919 0. 0. 1. 0.
0.993 -0.119 0. 299.110 0.119 0.993 0. 16.150 0. 0. 1. 0.
0.993 -0.122 0. 301.068 0.122 0.993 0. 16.387 0. 0. 1. 0.
0.992 -0.127 0. 303.021 0.127 0.992 0. 16.608 0. 0. 1. 0.
0.991 -0.132 0. 304.971 0.132 0.991 0. 16.832 0. 0. 1. 0.
0.991 -0.137 0. 306.904 0.137 0.991 0. 17.119 0. 0. 1. 0.
0.990 -0.142 0. 308.886 0.142 0.990 0. 17.350 0. 0. 1. 0.
0.989 -0.150 0. 310.863 0.150 0.989 0. 17.590 0. 0. 1. 0.
0.988 -0.157 0. 312.843 0.157 0.988 0. 17.926 0. 0. 1. 0.
0.987 -0.164 0. 314.861 0.164 0.987 0. 18.290 0. 0. 1. 0.
0.986 -0.166 0. 316.841 0.166 0.986 0. 18.578 0. 0. 1. 0.
0.986 -0.168 0. 318.876 0.168 0.986 0. 18.852 0. 0. 1. 0.
0.986 -0.167 0. 320.936 0.167 0.986 0. 19.178 0. 0. 1. 0.
0.987 -0.164 0. 322.937 0.164 0.987 0. 19.564 0. 0. 1. 0.
0.987 -0.163 0. 324.887 0.163 0.987 0. 19.868 0. 0. 1. 0.
0.987 -0.161 0. 326.823 0.161 0.987 0. 20.145 0. 0. 1. 0.
0.988 -0.157 0. 328.766 0.157 0.988 0. 20.370 0. 0. 1. 0.
0.988 -0.152 0. 330.714 0.152 0.988 0. 20.598 0. 0. 1. 0.
0.989 -0.148 0. 332.638 0.148 0.989 0. 20.897 0. 0. 1. 0.
0.990 -0.140 0. 334.530 0.140 0.990 0. 21.278 0. 0. 1. 0.
0.992 -0.130 0. 336.495 0.130 0.992 0. 21.425 0. 0. 1. 0.
0.994 -0.112 0. 338.404 0.112 0.994 0. 21.691 0. 0. 1. 0.
0.996 -0.090 0. 340.397 0.090 0.996 0. 21.817 0. 0. 1. 0.
0.998 -0.070 0. 342.383 0.070 0.998 0. 21.843 0. 0. 1. 0.
0.999 -0.045 0. 344.375 0.045 0.999 0. 21.962 0. 0. 1. 0.
1.000 -0.022 0. 346.415 0.022 1.000 0. 21.963 0. 0. 1. 0.
1. -0.003 0. 348.386 0.003 1. 0. 22.036 0. 0. 1. 0.
1. 0.012 0. 350.440 -0.012 1. 0. 21.971 0. 0. 1. 0.
1.000 0.025 0. 352.491 -0.025 1.000 0. 21.889 0. 0. 1. 0.
0.999 0.033 0. 354.569 -0.033 0.999 0. 21.815 0. 0. 1. 0.
0.999 0.035 0. 356.689 -0.035 0.999 0. 21.702 0. 0. 1. 0.
0.999 0.036 0. 358.700 -0.036 0.999 0. 21.599 0. 0. 1. 0.
0.999 0.035 0. 360.777 -0.035 0.999 0. 21.544 0. 0. 1. 0.
0.999 0.034 0. 362.880 -0.034 0.999 0. 21.433 0. 0. 1. 0.
0.999 0.033 0. 364.928 -0.033 0.999 0. 21.331 0. 0. 1. 0.
0.999 0.032 0. 366.998 -0.032 0.999 0. 21.279 0. 0. 1. 0.
1.000 0.029 0. 369.082 -0.029 1.000 0. 21.189 0. 0. 1. 0.
1.000 0.028 0. 371.155 -0.028 1.000 0. 21.118 0. 0. 1. 0.
1.000 0.026 0. 373.243 -0.026 1.000 0. 21.044 0. 0. 1. 0.
1.000 0.025 0. 375.296 -0.025 1.000 0. 20.973 0. 0. 1. 0.
1.000 0.022 0. 377.400 -0.022 1.000 0. 20.854 0. 0. 1. 0.
1.000 0.020 0. 379.515 -0.020 1.000 0. 20.836 0. 0. 1. 0.
1.000 0.014 0. 381.570 -0.014 1.000 0. 20.824 0. 0. 1. 0.
1. 0.012 0. 383.656 -0.012 1. 0. 20.779 0. 0. 1. 0.
1. 0.011 0. 385.752 -0.011 1. 0. 20.749 0. 0. 1. 0.
1. 0.011 0. 387.817 -0.011 1. 0. 20.707 0. 0. 1. 0.
1. 0.011 0. 389.947 -0.011 1. 0. 20.658 0. 0. 1. 0.
1. 0.011 0. 392.062 -0.011 1. 0. 20.648 0. 0. 1. 0.
1. 0.009 0. 394.201 -0.009 1. 0. 20.569 0. 0. 1. 0.
1. 0.006 0. 396.306 -0.006 1. 0. 20.570 0. 0. 1. 0.
1. 0.002 0. 398.466 -0.002 1. 0. 20.577 0. 0. 1. 0.
1. -0.002 0. 400.634 0.002 1. 0. 20.522 0. 0. 1. 0.
1. -0.006 0. 402.778 0.006 1. 0. 20.581 0. 0. 1. 0.
1. -0.012 0. 404.931 0.012 1. 0. 20.595 0. 0. 1. 0.
1.000 -0.018 0. 407.079 0.018 1.000 0. 20.542 0. 0. 1. 0.
1.000 -0.023 0. 409.254 0.023 1.000 0. 20.571 0. 0. 1. 0.
1.000 -0.027 0. 411.378 0.027 1.000 0. 20.635 0. 0. 1. 0.
1.000 -0.030 0. 413.514 0.030 1.000 0. 20.678 0. 0. 1. 0.
1.000 -0.030 0. 415.667 0.030 1.000 0. 20.708 0. 0. 1. 0.
1.000 -0.032 0. 417.822 0.032 1.000 0. 20.745 0. 0. 1. 0.
0.999 -0.034 0. 419.944 0.034 0.999 0. 20.857 0. 0. 1. 0.
0.999 -0.035 0. 422.071 0.035 0.999 0. 20.862 0. 0. 1. 0.
0.999 -0.038 0. 424.215 0.038 0.999 0. 20.960 0. 0. 1. 0.
0.999 -0.041 0. 426.318 0.041 0.999 0. 21.025 0. 0. 1. 0.
0.999 -0.041 0. 428.430 0.041 0.999 0. 21.094 0. 0. 1. 0.
0.999 -0.041 0. 430.498 0.041 0.999 0. 21.154 0. 0. 1. 0.
0.999 -0.041 0. 432.564 0.041 0.999 0. 21.132 0. 0. 1. 0.
0.999 -0.042 0. 434.603 0.042 0.999 0. 21.321 0. 0. 1. 0.
0.999 -0.044 0. 436.657 0.044 0.999 0. 21.327 0. 0. 1. 0.
0.999 -0.045 0. 438.675 0.045 0.999 0. 21.421 0. 0. 1. 0.
0.999 -0.049 0. 440.713 0.049 0.999 0. 21.459 0. 0. 1. 0.
0.999 -0.053 0. 442.772 0.053 0.999 0. 21.646 0. 0. 1. 0.
0.998 -0.058 0. 444.766 0.058 0.998 0. 21.689 0. 0. 1. 0.
0.998 -0.061 0. 446.715 0.061 0.998 0. 21.816 0. 0. 1. 0.
0.998 -0.063 0. 448.669 0.063 0.998 0. 21.886 0. 0. 1. 0.
0.998 -0.066 0. 450.575 0.066 0.998 0. 21.961 0. 0. 1. 0.
0.998 -0.066 0. 452.411 0.066 0.998 0. 22.104 0. 0. 1. 0.
0.998 -0.065 0. 454.203 0.065 0.998 0. 22.220 0. 0. 1. 0.
0.998 -0.060 0. 455.930 0.060 0.998 0. 22.291 0. 0. 1. 0.
0.998 -0.055 0. 457.607 0.055 0.998 0. 22.354 0. 0. 1. 0.
0.999 -0.048 0. 459.205 0.048 0.999 0. 22.418 0. 0. 1. 0.
0.999 -0.035 0. 460.741 0.035 0.999 0. 22.492 0. 0. 1. 0.
1.000 -0.017 0. 462.223 0.017 1.000 0. 22.499 0. 0. 1. 0.
1. 0.007 0. 463.653 -0.007 1. 0. 22.404 0. 0. 1. 0.
0.999 0.037 0. 464.983 -0.037 0.999 0. 22.352 0. 0. 1. 0.
0.998 0.071 0. 466.268 -0.071 0.998 0. 22.193 0. 0. 1. 0.
0.994 0.111 0. 467.496 -0.111 0.994 0. 22.018 0. 0. 1. 0.
0.987 0.162 0. 468.614 -0.162 0.987 0. 21.857 0. 0. 1. 0.
0.975 0.224 0. 469.663 -0.224 0.975 0. 21.550 0. 0. 1. 0.
0.957 0.289 0. 470.671 -0.289 0.957 0. 21.205 0. 0. 1. 0.
0.934 0.358 0. 471.601 -0.358 0.934 0. 20.795 0. 0. 1. 0.
0.904 0.427 0. 472.443 -0.427 0.904 0. 20.291 0. 0. 1. 0.
0.869 0.496 0. 473.244 -0.496 0.869 0. 19.821 0. 0. 1. 0.
0.822 0.570 0. 473.953 -0.570 0.822 0. 19.228 0. 0. 1. 0.
0.765 0.644 0. 474.630 -0.644 0.765 0. 18.601 0. 0. 1. 0.
0.696 0.718 0. 475.217 -0.718 0.696 0. 17.886 0. 0. 1. 0.
0.606 0.796 0. 475.712 -0.796 0.606 0. 17.087 0. 0. 1. 0.
0.502 0.865 0. 476.092 -0.865 0.502 0. 16.206 0. 0. 1. 0.
0.381 0.925 0. 476.372 -0.925 0.381 0. 15.328 0. 0. 1. 0.
0.248 0.969 0. 476.549 -0.969 0.248 0. 14.404 0. 0. 1. 0.
0.106 0.994 0. 476.548 -0.994 0.106 0. 13.385 0. 0. 1. 0.
-0.041 0.999 0. 476.425 -0.999 -0.041 0. 12.378 0. 0. 1. 0.
-0.190 0.982 0. 476.120 -0.982 -0.190 0. 11.399 0. 0. 1. 0.
-0.338 0.941 0. 475.671 -0.941 -0.338 0. 10.379 0. 0. 1. 0.
-0.474 0.880 0. 475.063 -0.880 -0.474 0. 9.415 0. 0. 1. 0.
-0.599 0.801 0. 474.311 -0.801 -0.599 0. 8.584 0. 0. 1. 0.
-0.705 0.709 0. 473.404 -0.709 -0.705 0. 7.758 0. 0. 1. 0.
-0.790 0.613 0. 472.337 -0.613 -0.790 0. 7.065 0. 0. 1. 0.
-0.849 0.529 0. 471.177 -0.529 -0.849 0. 6.388 0. 0. 1. 0.
-0.880 0.474 0. 469.932 -0.474 -0.880 0. 5.762 0. 0. 1. 0.
-0.897 0.443 0. 468.655 -0.443 -0.897 0. 5.163 0. 0. 1. 0.
-0.901 0.433 0. 467.258 -0.433 -0.901 0. 4.569 0. 0. 1. 0.
-0.900 0.437 0. 465.836 -0.437 -0.900 0. 3.935 0. 0. 1. 0.
-0.897 0.441 0. 464.351 -0.441 -0.897 0. 3.272 0. 0. 1. 0.
-0.895 0.447 0. 462.804 -0.447 -0.895 0. 2.549 0. 0. 1. 0.
-0.894 0.448 0. 461.259 -0.448 -0.894 0. 1.736 0. 0. 1. 0.
-0.894 0.448 0. 459.602 -0.448 -0.894 0. 0.984 0. 0. 1. 0.
-0.894 0.447 0. 457.930 -0.447 -0.894 0. 0.208 0. 0. 1. 0.
-0.896 0.445 0. 456.179 -0.445 -0.896 0. -0.629 0. 0. 1. 0.
-0.897 0.443 0. 454.414 -0.443 -0.897 0. -1.490 0. 0. 1. 0.
-0.899 0.438 0. 452.560 -0.438 -0.899 0. -2.451 0. 0. 1. 0.
-0.899 0.437 0. 450.665 -0.437 -0.899 0. -3.317 0. 0. 1. 0.
-0.900 0.436 0. 448.682 -0.436 -0.900 0. -4.194 0. 0. 1. 0.
-0.901 0.434 0. 446.688 -0.434 -0.901 0. -5.152 0. 0. 1. 0.
-0.901 0.433 0. 444.684 -0.433 -0.901 0. -6.081 0. 0. 1. 0.
-0.903 0.430 0. 442.710 -0.430 -0.903 0. -7.006 0. 0. 1. 0.
-0.903 0.429 0. 440.731 -0.429 -0.903 0. -7.917 0. 0. 1. 0.
-0.903 0.429 0. 438.737 -0.429 -0.903 0. -8.811 0. 0. 1. 0.
-0.904 0.428 0. 436.773 -0.428 -0.904 0. -9.812 0. 0. 1. 0.
-0.904 0.428 0. 434.777 -0.428 -0.904 0. -10.745 0. 0. 1. 0.
-0.904 0.427 0. 432.735 -0.427 -0.904 0. -11.693 0. 0. 1. 0.
-0.905 0.425 0. 430.736 -0.425 -0.905 0. -12.641 0. 0. 1. 0.
-0.905 0.425 0. 428.713 -0.425 -0.905 0. -13.644 0. 0. 1. 0.
-0.906 0.424 0. 426.685 -0.424 -0.906 0. -14.540 0. 0. 1. 0.
-0.905 0.426 0. 424.678 -0.426 -0.905 0. -15.479 0. 0. 1. 0.
-0.905 0.426 0. 422.690 -0.426 -0.905 0. -16.390 0. 0. 1. 0.
-0.905 0.426 0. 420.764 -0.426 -0.905 0. -17.311 0. 0. 1. 0.
-0.905 0.425 0. 418.841 -0.425 -0.905 0. -18.196 0. 0. 1. 0.
-0.905 0.425 0. 416.927 -0.425 -0.905 0. -19.076 0. 0. 1. 0.
-0.905 0.425 0. 415.027 -0.425 -0.905 0. -19.948 0. 0. 1. 0.
-0.906 0.422 0. 413.168 -0.422 -0.906 0. -20.787 0. 0. 1. 0.
-0.908 0.419 0. 411.326 -0.419 -0.908 0. -21.673 0. 0. 1. 0.
-0.909 0.416 0. 409.506 -0.416 -0.909 0. -22.504 0. 0. 1. 0.
-0.911 0.413 0. 407.738 -0.413 -0.911 0. -23.237 0. 0. 1. 0.
-0.911 0.412 0. 406.102 -0.412 -0.911 0. -23.995 0. 0. 1. 0.
-0.912 0.411 0. 404.584 -0.411 -0.912 0. -24.682 0. 0. 1. 0.
-0.913 0.409 0. 403.127 -0.409 -0.913 0. -25.337 0. 0. 1. 0.
-0.913 0.409 0. 401.750 -0.409 -0.913 0. -25.910 0. 0. 1. 0.
-0.914 0.406 0. 400.453 -0.406 -0.914 0. -26.440 0. 0. 1. 0.
-0.913 0.407 0. 399.270 -0.407 -0.913 0. -26.992 0. 0. 1. 0.
-0.914 0.405 0. 398.159 -0.405 -0.914 0. -27.481 0. 0. 1. 0.
-0.914 0.405 0. 397.096 -0.405 -0.914 0. -27.935 0. 0. 1. 0.
-0.915 0.403 0. 396.116 -0.403 -0.915 0. -28.369 0. 0. 1. 0.
-0.915 0.403 0. 395.222 -0.403 -0.915 0. -28.791 0. 0. 1. 0.
-0.915 0.405 0. 394.356 -0.405 -0.915 0. -29.076 0. 0. 1. 0.
-0.916 0.402 0. 393.643 -0.402 -0.916 0. -29.442 0. 0. 1. 0.
-0.916 0.402 0. 392.965 -0.402 -0.916 0. -29.731 0. 0. 1. 0.
-0.915 0.403 0. 392.321 -0.403 -0.915 0. -30.001 0. 0. 1. 0.
-0.915 0.403 0. 391.736 -0.403 -0.915 0. -30.236 0. 0. 1. 0.
-0.914 0.406 0. 391.218 -0.406 -0.914 0. -30.453 0. 0. 1. 0.
-0.914 0.406 0. 390.784 -0.406 -0.914 0. -30.658 0. 0. 1. 0.
-0.913 0.407 0. 390.400 -0.407 -0.913 0. -30.816 0. 0. 1. 0.
-0.913 0.408 0. 390.111 -0.408 -0.913 0. -30.960 0. 0. 1. 0.
-0.913 0.409 0. 389.911 -0.409 -0.913 0. -31.047 0. 0. 1. 0.
-0.911 0.412 0. 389.704 -0.412 -0.911 0. -31.110 0. 0. 1. 0.
-0.911 0.412 0. 389.551 -0.412 -0.911 0. -31.196 0. 0. 1. 0.
-0.911 0.413 0. 389.363 -0.413 -0.911 0. -31.286 0. 0. 1. 0.
-0.911 0.413 0. 389.215 -0.413 -0.911 0. -31.365 0. 0. 1. 0.
-0.910 0.414 0. 389.018 -0.414 -0.910 0. -31.432 0. 0. 1. 0.
-0.910 0.414 0. 388.872 -0.414 -0.910 0. -31.504 0. 0. 1. 0.
-0.910 0.415 0. 388.728 -0.415 -0.910 0. -31.541 0. 0. 1. 0.
-0.910 0.414 0. 388.595 -0.414 -0.910 0. -31.612 0. 0. 1. 0.
-0.909 0.416 0. 388.440 -0.416 -0.909 0. -31.633 0. 0. 1. 0.
-0.910 0.415 0. 388.299 -0.415 -0.910 0. -31.724 0. 0. 1. 0.
-0.910 0.414 0. 388.161 -0.414 -0.910 0. -31.808 0. 0. 1. 0.
-0.910 0.414 0. 387.940 -0.414 -0.910 0. -31.886 0. 0. 1. 0.
-0.911 0.413 0. 387.713 -0.413 -0.911 0. -31.978 0. 0. 1. 0.
-0.910 0.414 0. 387.447 -0.414 -0.910 0. -32.115 0. 0. 1. 0.
-0.911 0.413 0. 387.101 -0.413 -0.911 0. -32.267 0. 0. 1. 0.
-0.911 0.412 0. 386.702 -0.412 -0.911 0. -32.444 0. 0. 1. 0.
-0.911 0.412 0. 386.256 -0.412 -0.911 0. -32.636 0. 0. 1. 0.
-0.912 0.409 0. 385.721 -0.409 -0.912 0. -32.867 0. 0. 1. 0.
-0.913 0.408 0. 385.121 -0.408 -0.913 0. -33.121 0. 0. 1. 0.
-0.913 0.407 0. 384.451 -0.407 -0.913 0. -33.435 0. 0. 1. 0.
-0.914 0.406 0. 383.719 -0.406 -0.914 0. -33.737 0. 0. 1. 0.
-0.914 0.405 0. 382.933 -0.405 -0.914 0. -34.099 0. 0. 1. 0.
-0.915 0.404 0. 382.058 -0.404 -0.915 0. -34.491 0. 0. 1. 0.
-0.915 0.404 0. 381.126 -0.404 -0.915 0. -34.867 0. 0. 1. 0.
-0.915 0.403 0. 380.139 -0.403 -0.915 0. -35.317 0. 0. 1. 0.
-0.915 0.404 0. 379.090 -0.404 -0.915 0. -35.754 0. 0. 1. 0.
-0.915 0.404 0. 378.018 -0.404 -0.915 0. -36.232 0. 0. 1. 0.
-0.915 0.404 0. 376.833 -0.404 -0.915 0. -36.673 0. 0. 1. 0.
-0.915 0.404 0. 375.629 -0.404 -0.915 0. -37.212 0. 0. 1. 0.
-0.915 0.403 0. 374.429 -0.403 -0.915 0. -37.818 0. 0. 1. 0.
-0.916 0.402 0. 373.121 -0.402 -0.916 0. -38.318 0. 0. 1. 0.
-0.916 0.401 0. 371.837 -0.401 -0.916 0. -38.858 0. 0. 1. 0.
-0.915 0.403 0. 370.440 -0.403 -0.915 0. -39.410 0. 0. 1. 0.
-0.916 0.401 0. 369.115 -0.401 -0.916 0. -40.033 0. 0. 1. 0.
-0.917 0.399 0. 367.740 -0.399 -0.917 0. -40.602 0. 0. 1. 0.
-0.917 0.398 0. 366.331 -0.398 -0.917 0. -41.198 0. 0. 1. 0.
-0.920 0.392 0. 364.902 -0.392 -0.920 0. -41.852 0. 0. 1. 0.
-0.923 0.386 0. 363.462 -0.386 -0.923 0. -42.436 0. 0. 1. 0.
-0.926 0.377 0. 361.990 -0.377 -0.926 0. -43.015 0. 0. 1. 0.
-0.930 0.368 0. 360.468 -0.368 -0.930 0. -43.599 0. 0. 1. 0.
-0.935 0.355 0. 358.857 -0.355 -0.935 0. -44.228 0. 0. 1. 0.
-0.944 0.330 0. 357.141 -0.330 -0.944 0. -44.840 0. 0. 1. 0.
-0.952 0.306 0. 355.342 -0.306 -0.952 0. -45.320 0. 0. 1. 0.
-0.958 0.288 0. 353.511 -0.288 -0.958 0. -45.814 0. 0. 1. 0.
-0.961 0.275 0. 351.626 -0.275 -0.961 0. -46.342 0. 0. 1. 0.
-0.964 0.267 0. 349.682 -0.267 -0.964 0. -46.863 0. 0. 1. 0.
-0.965 0.263 0. 347.729 -0.263 -0.965 0. -47.418 0. 0. 1. 0.
-0.966 0.258 0. 345.674 -0.258 -0.966 0. -47.945 0. 0. 1. 0.
-0.968 0.250 0. 343.568 -0.250 -0.968 0. -48.432 0. 0. 1. 0.
-0.969 0.246 0. 341.427 -0.246 -0.969 0. -48.981 0. 0. 1. 0.
-0.970 0.242 0. 339.275 -0.242 -0.970 0. -49.514 0. 0. 1. 0.
-0.970 0.242 0. 337.151 -0.242 -0.970 0. -50.009 0. 0. 1. 0.
-0.970 0.245 0. 335.056 -0.245 -0.970 0. -50.491 0. 0. 1. 0.
-0.968 0.250 0. 333.037 -0.250 -0.968 0. -50.974 0. 0. 1. 0.
-0.967 0.254 0. 331.010 -0.254 -0.967 0. -51.516 0. 0. 1. 0.
-0.965 0.263 0. 329.012 -0.263 -0.965 0. -52.038 0. 0. 1. 0.
-0.962 0.272 0. 327.031 -0.272 -0.962 0. -52.595 0. 0. 1. 0.
-0.960 0.281 0. 325.059 -0.281 -0.960 0. -53.201 0. 0. 1. 0.
-0.957 0.289 0. 323.058 -0.289 -0.957 0. -53.731 0. 0. 1. 0.
-0.955 0.297 0. 321.092 -0.297 -0.955 0. -54.335 0. 0. 1. 0.
-0.951 0.309 0. 319.111 -0.309 -0.951 0. -54.978 0. 0. 1. 0.
-0.948 0.319 0. 317.111 -0.319 -0.948 0. -55.622 0. 0. 1. 0.
-0.944 0.329 0. 315.141 -0.329 -0.944 0. -56.256 0. 0. 1. 0.
-0.942 0.336 0. 313.177 -0.336 -0.942 0. -56.972 0. 0. 1. 0.
-0.939 0.343 0. 311.231 -0.343 -0.939 0. -57.697 0. 0. 1. 0.
-0.937 0.350 0. 309.279 -0.350 -0.937 0. -58.409 0. 0. 1. 0.
-0.936 0.351 0. 307.304 -0.351 -0.936 0. -59.164 0. 0. 1. 0.
-0.936 0.351 0. 305.323 -0.351 -0.936 0. -59.911 0. 0. 1. 0.
-0.937 0.350 0. 303.310 -0.350 -0.937 0. -60.646 0. 0. 1. 0.
-0.937 0.349 0. 301.298 -0.349 -0.937 0. -61.387 0. 0. 1. 0.
-0.938 0.346 0. 299.214 -0.346 -0.938 0. -62.093 0. 0. 1. 0.
-0.937 0.349 0. 297.153 -0.349 -0.937 0. -62.779 0. 0. 1. 0.
-0.936 0.351 0. 295.083 -0.351 -0.936 0. -63.516 0. 0. 1. 0.
-0.936 0.352 0. 292.997 -0.352 -0.936 0. -64.274 0. 0. 1. 0.
-0.936 0.353 0. 290.898 -0.353 -0.936 0. -64.993 0. 0. 1. 0.
-0.935 0.354 0. 288.800 -0.354 -0.935 0. -65.732 0. 0. 1. 0.
-0.937 0.351 0. 286.690 -0.351 -0.937 0. -66.507 0. 0. 1. 0.
-0.937 0.350 0. 284.562 -0.350 -0.937 0. -67.354 0. 0. 1. 0.
-0.939 0.345 0. 282.468 -0.345 -0.939 0. -68.086 0. 0. 1. 0.
-0.940 0.341 0. 280.318 -0.341 -0.940 0. -68.782 0. 0. 1. 0.
-0.941 0.337 0. 278.158 -0.337 -0.941 0. -69.606 0. 0. 1. 0.
-0.942 0.336 0. 276.014 -0.336 -0.942 0. -70.352 0. 0. 1. 0.
-0.942 0.337 0. 273.861 -0.337 -0.942 0. -71.110 0. 0. 1. 0.
-0.940 0.342 0. 271.686 -0.342 -0.940 0. -71.837 0. 0. 1. 0.
-0.938 0.346 0. 269.476 -0.346 -0.938 0. -72.589 0. 0. 1. 0.
-0.937 0.350 0. 267.289 -0.350 -0.937 0. -73.372 0. 0. 1. 0.
-0.935 0.354 0. 265.127 -0.354 -0.935 0. -74.171 0. 0. 1. 0.
-0.933 0.360 0. 262.954 -0.360 -0.933 0. -74.959 0. 0. 1. 0.
-0.932 0.363 0. 260.833 -0.363 -0.932 0. -75.789 0. 0. 1. 0.
-0.930 0.368 0. 258.688 -0.368 -0.930 0. -76.574 0. 0. 1. 0.
-0.928 0.373 0. 256.580 -0.373 -0.928 0. -77.409 0. 0. 1. 0.
-0.927 0.375 0. 254.455 -0.375 -0.927 0. -78.215 0. 0. 1. 0.
-0.925 0.381 0. 252.326 -0.381 -0.925 0. -79.090 0. 0. 1. 0.
-0.924 0.382 0. 250.209 -0.382 -0.924 0. -79.987 0. 0. 1. 0.
-0.924 0.382 0. 248.086 -0.382 -0.924 0. -80.850 0. 0. 1. 0.
-0.925 0.379 0. 245.931 -0.379 -0.925 0. -81.694 0. 0. 1. 0.
-0.925 0.380 0. 243.769 -0.380 -0.925 0. -82.581 0. 0. 1. 0.
-0.924 0.382 0. 241.665 -0.382 -0.924 0. -83.507 0. 0. 1. 0.
-0.923 0.386 0. 239.523 -0.386 -0.923 0. -84.422 0. 0. 1. 0.
-0.923 0.384 0. 237.370 -0.384 -0.923 0. -85.355 0. 0. 1. 0.
-0.923 0.386 0. 235.222 -0.386 -0.923 0. -86.188 0. 0. 1. 0.
-0.923 0.386 0. 233.036 -0.386 -0.923 0. -87.037 0. 0. 1. 0.
-0.922 0.386 0. 230.903 -0.386 -0.922 0. -87.954 0. 0. 1. 0.
-0.924 0.384 0. 228.688 -0.384 -0.924 0. -88.817 0. 0. 1. 0.
-0.925 0.380 0. 226.493 -0.380 -0.925 0. -89.676 0. 0. 1. 0.
-0.926 0.378 0. 224.320 -0.378 -0.926 0. -90.606 0. 0. 1. 0.
-0.927 0.375 0. 222.142 -0.375 -0.927 0. -91.527 0. 0. 1. 0.
-0.928 0.373 0. 219.921 -0.373 -0.928 0. -92.333 0. 0. 1. 0.
-0.928 0.372 0. 217.732 -0.372 -0.928 0. -93.286 0. 0. 1. 0.
-0.929 0.370 0. 215.516 -0.370 -0.929 0. -94.147 0. 0. 1. 0.
-0.930 0.367 0. 213.287 -0.367 -0.930 0. -95.049 0. 0. 1. 0.
-0.931 0.365 0. 211.018 -0.365 -0.931 0. -95.876 0. 0. 1. 0.
-0.932 0.363 0. 208.800 -0.363 -0.932 0. -96.659 0. 0. 1. 0.
-0.932 0.362 0. 206.466 -0.362 -0.932 0. -97.461 0. 0. 1. 0.
-0.933 0.361 0. 204.219 -0.361 -0.933 0. -98.371 0. 0. 1. 0.
-0.932 0.361 0. 201.937 -0.361 -0.932 0. -99.219 0. 0. 1. 0.
-0.935 0.356 0. 199.646 -0.356 -0.935 0. -100.126 0. 0. 1. 0.
-0.936 0.353 0. 197.411 -0.353 -0.936 0. -101.039 0. 0. 1. 0.
-0.936 0.351 0. 195.178 -0.351 -0.936 0. -101.828 0. 0. 1. 0.
-0.937 0.350 0. 192.980 -0.350 -0.937 0. -102.598 0. 0. 1. 0.
-0.937 0.349 0. 190.741 -0.349 -0.937 0. -103.339 0. 0. 1. 0.
-0.938 0.345 0. 188.567 -0.345 -0.938 0. -104.167 0. 0. 1. 0.
-0.938 0.346 0. 186.424 -0.346 -0.938 0. -104.986 0. 0. 1. 0.
-0.937 0.350 0. 184.264 -0.350 -0.937 0. -105.723 0. 0. 1. 0.
-0.936 0.351 0. 182.091 -0.351 -0.936 0. -106.485 0. 0. 1. 0.
-0.936 0.351 0. 179.931 -0.351 -0.936 0. -107.253 0. 0. 1. 0.
-0.936 0.352 0. 177.851 -0.352 -0.936 0. -108.132 0. 0. 1. 0.
-0.935 0.356 0. 175.717 -0.356 -0.935 0. -108.870 0. 0. 1. 0.
-0.932 0.363 0. 173.683 -0.363 -0.932 0. -109.577 0. 0. 1. 0.
-0.928 0.372 0. 171.651 -0.372 -0.928 0. -110.285 0. 0. 1. 0.
-0.925 0.381 0. 169.726 -0.381 -0.925 0. -111.102 0. 0. 1. 0.
-0.921 0.389 0. 167.810 -0.389 -0.921 0. -111.897 0. 0. 1. 0.
-0.918 0.397 0. 165.942 -0.397 -0.918 0. -112.721 0. 0. 1. 0.
-0.914 0.405 0. 164.101 -0.405 -0.914 0. -113.496 0. 0. 1. 0.
-0.913 0.407 0. 162.305 -0.407 -0.913 0. -114.275 0. 0. 1. 0.
-0.913 0.408 0. 160.496 -0.408 -0.913 0. -115.001 0. 0. 1. 0.
-0.914 0.407 0. 158.795 -0.407 -0.914 0. -115.824 0. 0. 1. 0.
-0.913 0.408 0. 157.056 -0.408 -0.913 0. -116.549 0. 0. 1. 0.
-0.913 0.408 0. 155.383 -0.408 -0.913 0. -117.314 0. 0. 1. 0.
-0.915 0.404 0. 153.735 -0.404 -0.915 0. -118.079 0. 0. 1. 0.
-0.919 0.395 0. 152.061 -0.395 -0.919 0. -118.837 0. 0. 1. 0.
-0.925 0.381 0. 150.340 -0.381 -0.925 0. -119.512 0. 0. 1. 0.
-0.931 0.365 0. 148.646 -0.365 -0.931 0. -120.144 0. 0. 1. 0.
-0.937 0.349 0. 146.982 -0.349 -0.937 0. -120.786 0. 0. 1. 0.
-0.943 0.333 0. 145.308 -0.333 -0.943 0. -121.307 0. 0. 1. 0.
-0.948 0.317 0. 143.667 -0.317 -0.948 0. -121.864 0. 0. 1. 0.
-0.954 0.301 0. 142.055 -0.301 -0.954 0. -122.321 0. 0. 1. 0.
-0.956 0.292 0. 140.604 -0.292 -0.956 0. -122.812 0. 0. 1. 0.
-0.959 0.285 0. 139.104 -0.285 -0.959 0. -123.119 0. 0. 1. 0.
-0.958 0.285 0. 137.740 -0.285 -0.958 0. -123.533 0. 0. 1. 0.
-0.958 0.286 0. 136.427 -0.286 -0.958 0. -123.907 0. 0. 1. 0.
-0.958 0.288 0. 135.200 -0.288 -0.958 0. -124.332 0. 0. 1. 0.
-0.957 0.289 0. 133.931 -0.289 -0.957 0. -124.717 0. 0. 1. 0.
-0.956 0.294 0. 132.727 -0.294 -0.956 0. -125.036 0. 0. 1. 0.
-0.954 0.298 0. 131.534 -0.298 -0.954 0. -125.404 0. 0. 1. 0.
-0.954 0.301 0. 130.339 -0.301 -0.954 0. -125.802 0. 0. 1. 0.
-0.952 0.307 0. 129.189 -0.307 -0.952 0. -126.195 0. 0. 1. 0.
-0.949 0.315 0. 127.978 -0.315 -0.949 0. -126.492 0. 0. 1. 0.
-0.947 0.321 0. 126.857 -0.321 -0.947 0. -126.862 0. 0. 1. 0.
-0.947 0.322 0. 125.818 -0.322 -0.947 0. -127.289 0. 0. 1. 0.
-0.945 0.326 0. 124.702 -0.326 -0.945 0. -127.642 0. 0. 1. 0.
-0.944 0.329 0. 123.672 -0.329 -0.944 0. -128.024 0. 0. 1. 0.
-0.944 0.329 0. 122.673 -0.329 -0.944 0. -128.337 0. 0. 1. 0.
-0.945 0.327 0. 121.730 -0.327 -0.945 0. -128.668 0. 0. 1. 0.
-0.946 0.324 0. 120.778 -0.324 -0.946 0. -128.924 0. 0. 1. 0.
-0.947 0.323 0. 119.936 -0.323 -0.947 0. -129.196 0. 0. 1. 0.
-0.947 0.321 0. 119.159 -0.321 -0.947 0. -129.428 0. 0. 1. 0.
-0.947 0.320 0. 118.489 -0.320 -0.947 0. -129.706 0. 0. 1. 0.
-0.948 0.318 0. 117.813 -0.318 -0.948 0. -129.918 0. 0. 1. 0.
-0.949 0.315 0. 117.199 -0.315 -0.949 0. -130.138 0. 0. 1. 0.
-0.950 0.313 0. 116.599 -0.313 -0.950 0. -130.285 0. 0. 1. 0.
-0.951 0.309 0. 116.052 -0.309 -0.951 0. -130.484 0. 0. 1. 0.
-0.952 0.308 0. 115.583 -0.308 -0.952 0. -130.633 0. 0. 1. 0.
-0.953 0.302 0. 115.169 -0.302 -0.953 0. -130.775 0. 0. 1. 0.
-0.954 0.301 0. 114.797 -0.301 -0.954 0. -130.859 0. 0. 1. 0.
-0.954 0.301 0. 114.452 -0.301 -0.954 0. -130.895 0. 0. 1. 0.
-0.954 0.300 0. 114.250 -0.300 -0.954 0. -131.016 0. 0. 1. 0.
-0.954 0.300 0. 114.062 -0.300 -0.954 0. -131.093 0. 0. 1. 0.
-0.954 0.299 0. 113.913 -0.299 -0.954 0. -131.118 0. 0. 1. 0.
-0.954 0.299 0. 113.834 -0.299 -0.954 0. -131.132 0. 0. 1. 0.
-0.954 0.299 0. 113.778 -0.299 -0.954 0. -131.153 0. 0. 1. 0.
-0.954 0.298 0. 113.725 -0.298 -0.954 0. -131.112 0. 0. 1. 0.
-0.954 0.298 0. 113.734 -0.298 -0.954 0. -131.140 0. 0. 1. 0.
-0.954 0.300 0. 113.745 -0.300 -0.954 0. -131.128 0. 0. 1. 0.
-0.954 0.299 0. 113.742 -0.299 -0.954 0. -131.090 0. 0. 1. 0.
-0.954 0.299 0. 113.717 -0.299 -0.954 0. -131.102 0. 0. 1. 0.
-0.954 0.299 0. 113.733 -0.299 -0.954 0. -131.113 0. 0. 1. 0.
-0.954 0.300 0. 113.737 -0.300 -0.954 0. -131.099 0. 0. 1. 0.
-0.954 0.300 0. 113.726 -0.300 -0.954 0. -131.108 0. 0. 1. 0.
-0.954 0.299 0. 113.732 -0.299 -0.954 0. -131.135 0. 0. 1. 0.
-0.954 0.299 0. 113.733 -0.299 -0.954 0. -131.106 0. 0. 1. 0.
-0.954 0.300 0. 113.768 -0.300 -0.954 0. -131.134 0. 0. 1. 0.
-0.954 0.300 0. 113.747 -0.300 -0.954 0. -131.150 0. 0. 1. 0.
-0.954 0.299 0. 113.741 -0.299 -0.954 0. -131.136 0. 0. 1. 0.
-0.954 0.299 0. 113.730 -0.299 -0.954 0. -131.110 0. 0. 1. 0.
-0.954 0.300 0. 113.739 -0.300 -0.954 0. -131.117 0. 0. 1. 0.
-0.954 0.300 0. 113.737 -0.300 -0.954 0. -131.152 0. 0. 1. 0.
-0.954 0.299 0. 113.730 -0.299 -0.954 0. -131.127 0. 0. 1. 0.
-0.954 0.299 0. 113.741 -0.299 -0.954 0. -131.126 0. 0. 1. 0.
-0.954 0.300 0. 113.731 -0.300 -0.954 0. -131.116 0. 0. 1. 0.
-0.954 0.299 0. 113.738 -0.299 -0.954 0. -131.132 0. 0. 1. 0.
-0.954 0.300 0. 113.740 -0.300 -0.954 0. -131.133 0. 0. 1. 0.
-0.954 0.301 0. 113.738 -0.301 -0.954 0. -131.147 0. 0. 1. 0.
-0.954 0.300 0. 113.724 -0.300 -0.954 0. -131.114 0. 0. 1. 0.
-0.954 0.300 0. 113.727 -0.300 -0.954 0. -131.105 0. 0. 1. 0.
-0.954 0.300 0. 113.731 -0.300 -0.954 0. -131.120 0. 0. 1. 0.
-0.954 0.300 0. 113.733 -0.300 -0.954 0. -131.137 0. 0. 1. 0.
-0.954 0.299 0. 113.736 -0.299 -0.954 0. -131.112 0. 0. 1. 0.
-0.954 0.299 0. 113.728 -0.299 -0.954 0. -131.107 0. 0. 1. 0.
-0.954 0.299 0. 113.731 -0.299 -0.954 0. -131.105 0. 0. 1. 0.
-0.954 0.299 0. 113.723 -0.299 -0.954 0. -131.104 0. 0. 1. 0.
-0.954 0.299 0. 113.727 -0.299 -0.954 0. -131.106 0. 0. 1. 0.
-0.954 0.300 0. 113.724 -0.300 -0.954 0. -131.109 0. 0. 1. 0.
-0.954 0.300 0. 113.734 -0.300 -0.954 0. -131.130 0. 0. 1. 0.
-0.954 0.299 0. 113.729 -0.299 -0.954 0. -131.114 0. 0. 1. 0.
-0.954 0.299 0. 113.740 -0.299 -0.954 0. -131.122 0. 0. 1. 0.
-0.954 0.299 0. 113.726 -0.299 -0.954 0. -131.107 0. 0. 1. 0.
-0.954 0.299 0. 113.724 -0.299 -0.954 0. -131.098 0. 0. 1. 0.
-0.954 0.299 0. 113.727 -0.299 -0.954 0. -131.108 0. 0. 1. 0.
-0.954 0.299 0. 113.734 -0.299 -0.954 0. -131.111 0. 0. 1. 0.
-0.954 0.299 0. 113.729 -0.299 -0.954 0. -131.112 0. 0. 1. 0.
-0.954 0.299 0. 113.727 -0.299 -0.954 0. -131.101 0. 0. 1. 0.
-0.954 0.299 0. 113.732 -0.299 -0.954 0. -131.111 0. 0. 1. 0.
-0.954 0.300 0. 113.752 -0.300 -0.954 0. -131.143 0. 0. 1. 0.
-0.954 0.300 0. 113.742 -0.300 -0.954 0. -131.140 0. 0. 1. 0.
-0.954 0.301 0. 113.755 -0.301 -0.954 0. -131.147 0. 0. 1. 0.
-0.954 0.301 0. 113.755 -0.301 -0.954 0. -131.164 0. 0. 1. 0.
-0.954 0.300 0. 113.736 -0.300 -0.954 0. -131.139 0. 0. 1. 0.
-0.954 0.300 0. 113.738 -0.300 -0.954 0. -131.148 0. 0. 1. 0.
-0.954 0.300 0. 113.728 -0.300 -0.954 0. -131.128 0. 0. 1. 0.
-0.954 0.300 0. 113.732 -0.300 -0.954 0. -131.131 0. 0. 1. 0.
-0.954 0.299 0. 113.734 -0.299 -0.954 0. -131.141 0. 0. 1. 0.
-0.954 0.299 0. 113.720 -0.299 -0.954 0. -131.124 0. 0. 1. 0.
-0.954 0.300 0. 113.732 -0.300 -0.954 0. -131.118 0. 0. 1. 0.
-0.954 0.300 0. 113.730 -0.300 -0.954 0. -131.120 0. 0. 1. 0.
-0.954 0.299 0. 113.723 -0.299 -0.954 0. -131.145 0. 0. 1. 0.
-0.954 0.300 0. 113.717 -0.300 -0.954 0. -131.159 0. 0. 1. 0.
-0.954 0.299 0. 113.714 -0.299 -0.954 0. -131.119 0. 0. 1. 0.
-0.954 0.300 0. 113.742 -0.300 -0.954 0. -131.139 0. 0. 1. 0.
-0.954 0.299 0. 113.723 -0.299 -0.954 0. -131.107 0. 0. 1. 0.
-0.954 0.299 0. 113.729 -0.299 -0.954 0. -131.104 0. 0. 1. 0.
-0.954 0.299 0. 113.736 -0.299 -0.954 0. -131.102 0. 0. 1. 0.
-0.954 0.299 0. 113.746 -0.299 -0.954 0. -131.112 0. 0. 1. 0.
-0.954 0.300 0. 113.750 -0.300 -0.954 0. -131.110 0. 0. 1. 0.
-0.954 0.299 0. 113.740 -0.299 -0.954 0. -131.121 0. 0. 1. 0.
-0.954 0.299 0. 113.735 -0.299 -0.954 0. -131.129 0. 0. 1. 0.
-0.954 0.300 0. 113.745 -0.300 -0.954 0. -131.148 0. 0. 1. 0.
-0.954 0.299 0. 113.749 -0.299 -0.954 0. -131.159 0. 0. 1. 0.
-0.954 0.300 0. 113.760 -0.300 -0.954 0. -131.165 0. 0. 1. 0.
-0.954 0.299 0. 113.745 -0.299 -0.954 0. -131.132 0. 0. 1. 0.
-0.954 0.300 0. 113.736 -0.300 -0.954 0. -131.140 0. 0. 1. 0.
-0.954 0.299 0. 113.733 -0.299 -0.954 0. -131.147 0. 0. 1. 0.
-0.954 0.300 0. 113.747 -0.300 -0.954 0. -131.149 0. 0. 1. 0.
-0.954 0.300 0. 113.754 -0.300 -0.954 0. -131.137 0. 0. 1. 0.
-0.954 0.300 0. 113.740 -0.300 -0.954 0. -131.122 0. 0. 1. 0.
-0.954 0.299 0. 113.751 -0.299 -0.954 0. -131.137 0. 0. 1. 0.
-0.954 0.300 0. 113.738 -0.300 -0.954 0. -131.109 0. 0. 1. 0.
-0.954 0.299 0. 113.735 -0.299 -0.954 0. -131.120 0. 0. 1. 0.
-0.954 0.300 0. 113.744 -0.300 -0.954 0. -131.145 0. 0. 1. 0.
-0.954 0.300 0. 113.742 -0.300 -0.954 0. -131.125 0. 0. 1. 0.
-0.954 0.300 0. 113.742 -0.300 -0.954 0. -131.118 0. 0. 1. 0.
-0.954 0.300 0. 113.758 -0.300 -0.954 0. -131.134 0. 0. 1. 0.
-0.954 0.299 0. 113.760 -0.299 -0.954 0. -131.125 0. 0. 1. 0.
-0.954 0.298 0. 113.767 -0.298 -0.954 0. -131.137 0. 0. 1. 0.
-0.954 0.299 0. 113.769 -0.299 -0.954 0. -131.148 0. 0. 1. 0.
-0.954 0.300 0. 113.750 -0.300 -0.954 0. -131.129 0. 0. 1. 0.
-0.954 0.299 0. 113.754 -0.299 -0.954 0. -131.132 0. 0. 1. 0.
