1. 0.000 0. 1.746 -0.000 1. 0. -0.041 0. 0. 1. 0.
1. 0. 0. 2.162 -0. 1. 0. -0.069 0. 0. 1. 0.
1. 0. 0. 2.638 -0. 1. 0. -0.031 0. 0. 1. 0.
1. 0.003 0. 3.160 -0.003 1. 0. -0.034 0. 0. 1. 0.
1. 0.002 0. 3.742 -0.002 1. 0. -0.032 0. 0. 1. 0.
1. 0.002 0. 4.341 -0.002 1. 0. -0.060 0. 0. 1. 0.
1. 0.001 0. 5.024 -0.001 1. 0. -0.045 0. 0. 1. 0.
1. -0.000 0. 5.720 0.000 1. 0. -0.048 0. 0. 1. 0.
1. -0.001 0. 6.496 0.001 1. 0. -0.048 0. 0. 1. 0.
1. -0.001 0. 7.277 0.001 1. 0. -0.049 0. 0. 1. 0.
1. -0.003 0. 8.088 0.003 1. 0. -0.038 0. 0. 1. 0.
1. -0.001 0. 8.941 0.001 1. 0. -0.028 0. 0. 1. 0.
1. -0.003 0. 9.860 0.003 1. 0. 0.009 0. 0. 1. 0.
1. -0.003 0. 10.786 0.003 1. 0. 0.006 0. 0. 1. 0.
1. -0.003 0. 11.760 0.003 1. 0. 0.045 0. 0. 1. 0.
1. -0.005 0. 12.755 0.005 1. 0. 0.034 0. 0. 1. 0.
1. -0.007 0. 13.766 0.007 1. 0. 0.022 0. 0. 1. 0.
1. -0.006 0. 14.815 0.006 1. 0. 0.049 0. 0. 1. 0.
1. -0.007 0. 15.893 0.007 1. 0. 0.047 0. 0. 1. 0.
1. -0.005 0. 17.019 0.005 1. 0. 0.097 0. 0. 1. 0.
1. -0.007 0. 18.139 0.007 1. 0. 0.034 0. 0. 1. 0.
1. -0.008 0. 19.329 0.008 1. 0. 0.088 0. 0. 1. 0.
1. -0.007 0. 20.437 0.007 1. 0. 0.089 0. 0. 1. 0.
1. -0.008 0. 21.653 0.008 1. 0. 0.099 0. 0. 1. 0.
1. -0.007 0. 22.855 0.007 1. 0. 0.099 0. 0. 1. 0.
1. -0.009 0. 24.084 0.009 1. 0. 0.094 0. 0. 1. 0.
1.000 -0.016 0. 25.298 0.016 1.000 0. 0.123 0. 0. 1. 0.
1.000 -0.023 0. 26.503 0.023 1.000 0. 0.187 0. 0. 1. 0.
0.999 -0.035 0. 27.703 0.035 0.999 0. 0.222 0. 0. 1. 0.
0.999 -0.049 0. 28.931 0.049 0.999 0. 0.308 0. 0. 1. 0.
0.998 -0.062 0. 30.129 0.062 0.998 0. 0.369 0. 0. 1. 0.
0.997 -0.073 0. 31.403 0.073 0.997 0. 0.513 0. 0. 1. 0.
0.996 -0.084 0. 32.622 0.084 0.996 0. 0.642 0. 0. 1. 0.
0.995 -0.098 0. 33.885 0.098 0.995 0. 0.732 0. 0. 1. 0.
0.994 -0.108 0. 35.148 0.108 0.994 0. 0.866 0. 0. 1. 0.
0.993 -0.116 0. 36.412 0.116 0.993 0. 0.997 0. 0. 1. 0.
0.993 -0.119 0. 37.673 0.119 0.993 0. 1.151 0. 0. 1. 0.
0.993 -0.118 0. 38.950 0.118 0.993 0. 1.288 0. 0. 1. 0.
0.993 -0.118 0. 40.258 0.118 0.993 0. 1.442 0. 0. 1. 0.
0.993 -0.117 0. 41.537 0.117 0.993 0. 1.590 0. 0. 1. 0.
0.993 -0.116 0. 42.865 0.116 0.993 0. 1.729 0. 0. 1. 0.
0.994 -0.113 0. 44.228 0.113 0.994 0. 1.868 0. 0. 1. 0.
0.994 -0.112 0. 45.562 0.112 0.994 0. 2.065 0. 0. 1. 0.
0.994 -0.112 0. 46.953 0.112 0.994 0. 2.180 0. 0. 1. 0.
0.994 -0.114 0. 48.338 0.114 0.994 0. 2.375 0. 0. 1. 0.
0.993 -0.118 0. 49.767 0.118 0.993 0. 2.504 0. 0. 1. 0.
0.993 -0.122 0. 51.201 0.122 0.993 0. 2.640 0. 0. 1. 0.
0.992 -0.130 0. 52.626 0.130 0.992 0. 2.890 0. 0. 1. 0.
0.990 -0.138 0. 54.104 0.138 0.990 0. 3.112 0. 0. 1. 0.
0.989 -0.145 0. 55.585 0.145 0.989 0. 3.329 0. 0. 1. 0.
0.988 -0.154 0. 57.091 0.154 0.988 0. 3.587 0. 0. 1. 0.
0.987 -0.161 0. 58.617 0.161 0.987 0. 3.818 0. 0. 1. 0.
0.986 -0.168 0. 60.116 0.168 0.986 0. 4.097 0. 0. 1. 0.
0.985 -0.173 0. 61.643 0.173 0.985 0. 4.361 0. 0. 1. 0.
0.983 -0.182 0. 63.129 0.182 0.983 0. 4.693 0. 0. 1. 0.
0.982 -0.188 0. 64.628 0.188 0.982 0. 4.977 0. 0. 1. 0.
0.981 -0.194 0. 66.130 0.194 0.981 0. 5.260 0. 0. 1. 0.
0.981 -0.195 0. 67.606 0.195 0.981 0. 5.574 0. 0. 1. 0.
0.981 -0.195 0. 69.054 0.195 0.981 0. 5.875 0. 0. 1. 0.
0.981 -0.193 0. 70.525 0.193 0.981 0. 6.199 0. 0. 1. 0.
0.981 -0.193 0. 71.975 0.193 0.981 0. 6.466 0. 0. 1. 0.
0.982 -0.190 0. 73.390 0.190 0.982 0. 6.738 0. 0. 1. 0.
0.982 -0.187 0. 74.791 0.187 0.982 0. 7.002 0. 0. 1. 0.
0.983 -0.185 0. 76.050 0.185 0.983 0. 7.252 0. 0. 1. 0.
0.983 -0.181 0. 77.308 0.181 0.983 0. 7.528 0. 0. 1. 0.
0.984 -0.179 0. 78.444 0.179 0.984 0. 7.689 0. 0. 1. 0.
0.984 -0.177 0. 79.535 0.177 0.984 0. 7.885 0. 0. 1. 0.
0.984 -0.176 0. 80.544 0.176 0.984 0. 8.053 0. 0. 1. 0.
0.985 -0.174 0. 81.478 0.174 0.985 0. 8.174 0. 0. 1. 0.
0.985 -0.174 0. 82.295 0.174 0.985 0. 8.323 0. 0. 1. 0.
0.985 -0.174 0. 83.024 0.174 0.985 0. 8.463 0. 0. 1. 0.
0.985 -0.175 0. 83.642 0.175 0.985 0. 8.560 0. 0. 1. 0.
0.985 -0.174 0. 84.188 0.174 0.985 0. 8.646 0. 0. 1. 0.
0.984 -0.176 0. 84.662 0.176 0.984 0. 8.744 0. 0. 1. 0.
0.984 -0.178 0. 85.034 0.178 0.984 0. 8.861 0. 0. 1. 0.
0.984 -0.179 0. 85.414 0.179 0.984 0. 8.894 0. 0. 1. 0.
0.984 -0.180 0. 85.737 0.180 0.984 0. 9.013 0. 0. 1. 0.
0.983 -0.182 0. 86.099 0.182 0.983 0. 9.081 0. 0. 1. 0.
0.983 -0.183 0. 86.455 0.183 0.983 0. 9.124 0. 0. 1. 0.
0.983 -0.185 0. 86.800 0.185 0.983 0. 9.247 0. 0. 1. 0.
0.982 -0.189 0. 87.194 0.189 0.982 0. 9.284 0. 0. 1. 0.
0.981 -0.196 0. 87.629 0.196 0.981 0. 9.366 0. 0. 1. 0.
0.979 -0.202 0. 88.065 0.202 0.979 0. 9.476 0. 0. 1. 0.
0.978 -0.210 0. 88.551 0.210 0.978 0. 9.600 0. 0. 1. 0.
0.976 -0.218 0. 89.085 0.218 0.976 0. 9.720 0. 0. 1. 0.
0.973 -0.229 0. 89.689 0.229 0.973 0. 9.946 0. 0. 1. 0.
0.971 -0.240 0. 90.352 0.240 0.971 0. 10.104 0. 0. 1. 0.
0.968 -0.253 0. 91.054 0.253 0.968 0. 10.289 0. 0. 1. 0.
0.963 -0.269 0. 91.803 0.269 0.963 0. 10.519 0. 0. 1. 0.
0.958 -0.287 0. 92.620 0.287 0.958 0. 10.790 0. 0. 1. 0.
0.952 -0.307 0. 93.459 0.307 0.952 0. 11.062 0. 0. 1. 0.
0.945 -0.328 0. 94.331 0.328 0.945 0. 11.428 0. 0. 1. 0.
0.931 -0.364 0. 96.198 0.364 0.931 0. 12.263 0. 0. 1. 0.
0.915 -0.403 0. 97.236 0.403 0.915 0. 12.714 0. 0. 1. 0.
0.903 -0.430 0. 98.238 0.430 0.903 0. 13.240 0. 0. 1. 0.
0.890 -0.457 0. 99.271 0.457 0.890 0. 13.801 0. 0. 1. 0.
0.873 -0.488 0. 100.327 0.488 0.873 0. 14.418 0. 0. 1. 0.
0.854 -0.521 0. 101.389 0.521 0.854 0. 15.113 0. 0. 1. 0.
0.833 -0.553 0. 102.505 0.553 0.833 0. 15.909 0. 0. 1. 0.
0.812 -0.584 0. 103.603 0.584 0.812 0. 16.748 0. 0. 1. 0.
0.787 -0.617 0. 104.668 0.617 0.787 0. 17.625 0. 0. 1. 0.
0.763 -0.647 0. 105.751 0.647 0.763 0. 18.577 0. 0. 1. 0.
0.745 -0.667 0. 106.884 0.667 0.745 0. 19.621 0. 0. 1. 0.
0.729 -0.685 0. 107.970 0.685 0.729 0. 20.675 0. 0. 1. 0.
0.715 -0.699 0. 109.059 0.699 0.715 0. 21.809 0. 0. 1. 0.
0.706 -0.708 0. 110.216 0.708 0.706 0. 22.925 0. 0. 1. 0.
0.702 -0.712 0. 111.384 0.712 0.702 0. 24.077 0. 0. 1. 0.
0.702 -0.712 0. 112.573 0.712 0.702 0. 25.298 0. 0. 1. 0.
0.707 -0.707 0. 113.759 0.707 0.707 0. 26.530 0. 0. 1. 0.
0.712 -0.703 0. 115.006 0.703 0.712 0. 27.742 0. 0. 1. 0.
0.715 -0.699 0. 116.276 0.699 0.715 0. 28.992 0. 0. 1. 0.
0.719 -0.695 0. 117.586 0.695 0.719 0. 30.270 0. 0. 1. 0.
0.723 -0.691 0. 118.932 0.691 0.723 0. 31.541 0. 0. 1. 0.
0.726 -0.687 0. 120.289 0.687 0.726 0. 32.821 0. 0. 1. 0.
0.729 -0.685 0. 121.672 0.685 0.729 0. 34.151 0. 0. 1. 0.
0.732 -0.682 0. 123.106 0.682 0.732 0. 35.469 0. 0. 1. 0.
0.736 -0.677 0. 124.588 0.677 0.736 0. 36.793 0. 0. 1. 0.
0.739 -0.674 0. 126.079 0.674 0.739 0. 38.137 0. 0. 1. 0.
0.742 -0.670 0. 127.501 0.670 0.742 0. 39.498 0. 0. 1. 0.
0.746 -0.666 0. 129.038 0.666 0.746 0. 40.818 0. 0. 1. 0.
0.752 -0.659 0. 130.563 0.659 0.752 0. 42.161 0. 0. 1. 0.
0.760 -0.650 0. 132.111 0.650 0.760 0. 43.516 0. 0. 1. 0.
0.767 -0.642 0. 133.700 0.642 0.767 0. 44.830 0. 0. 1. 0.
0.779 -0.628 0. 135.335 0.628 0.779 0. 46.140 0. 0. 1. 0.
0.789 -0.614 0. 136.940 0.614 0.789 0. 47.421 0. 0. 1. 0.
0.798 -0.602 0. 138.634 0.602 0.798 0. 48.660 0. 0. 1. 0.
0.808 -0.589 0. 140.330 0.589 0.808 0. 49.894 0. 0. 1. 0.
0.818 -0.575 0. 142.077 0.575 0.818 0. 51.108 0. 0. 1. 0.
0.828 -0.561 0. 143.829 0.561 0.828 0. 52.302 0. 0. 1. 0.
0.839 -0.544 0. 145.631 0.544 0.839 0. 53.427 0. 0. 1. 0.
0.851 -0.525 0. 147.444 0.525 0.851 0. 54.580 0. 0. 1. 0.
0.865 -0.502 0. 149.279 0.502 0.865 0. 55.609 0. 0. 1. 0.
0.878 -0.478 0. 151.161 0.478 0.878 0. 56.615 0. 0. 1. 0.
0.891 -0.455 0. 153.035 0.455 0.891 0. 57.577 0. 0. 1. 0.
0.902 -0.431 0. 154.928 0.431 0.902 0. 58.461 0. 0. 1. 0.
0.914 -0.407 0. 156.877 0.407 0.914 0. 59.284 0. 0. 1. 0.
0.924 -0.383 0. 158.854 0.383 0.924 0. 60.099 0. 0. 1. 0.
0.932 -0.363 0. 160.770 0.363 0.932 0. 60.836 0. 0. 1. 0.
0.939 -0.344 0. 162.777 0.344 0.939 0. 61.563 0. 0. 1. 0.
0.946 -0.325 0. 164.780 0.325 0.946 0. 62.237 0. 0. 1. 0.
0.953 -0.304 0. 166.812 0.304 0.953 0. 62.884 0. 0. 1. 0.
0.960 -0.280 0. 168.858 0.280 0.960 0. 63.505 0. 0. 1. 0.
0.966 -0.258 0. 170.914 0.258 0.966 0. 64.001 0. 0. 1. 0.
0.972 -0.236 0. 172.964 0.236 0.972 0. 64.530 0. 0. 1. 0.
0.977 -0.214 0. 175.085 0.214 0.977 0. 64.985 0. 0. 1. 0.
0.981 -0.195 0. 177.169 0.195 0.981 0. 65.352 0. 0. 1. 0.
0.984 -0.179 0. 179.308 0.179 0.984 0. 65.745 0. 0. 1. 0.
0.986 -0.164 0. 181.451 0.164 0.986 0. 66.094 0. 0. 1. 0.
0.989 -0.148 0. 183.609 0.148 0.989 0. 66.401 0. 0. 1. 0.
0.991 -0.134 0. 185.784 0.134 0.991 0. 66.685 0. 0. 1. 0.
0.993 -0.117 0. 187.961 0.117 0.993 0. 66.934 0. 0. 1. 0.
0.995 -0.103 0. 190.165 0.103 0.995 0. 67.156 0. 0. 1. 0.
0.996 -0.090 0. 192.352 0.090 0.996 0. 67.389 0. 0. 1. 0.
0.997 -0.078 0. 194.537 0.078 0.997 0. 67.556 0. 0. 1. 0.
0.998 -0.065 0. 196.659 0.065 0.998 0. 67.697 0. 0. 1. 0.
0.999 -0.050 0. 198.828 0.050 0.999 0. 67.794 0. 0. 1. 0.
1.000 -0.031 0. 200.964 0.031 1.000 0. 67.847 0. 0. 1. 0.
1. -0.012 0. 203.076 0.012 1. 0. 67.870 0. 0. 1. 0.
1. 0.007 0. 205.222 -0.007 1. 0. 67.850 0. 0. 1. 0.
1.000 0.024 0. 207.336 -0.024 1.000 0. 67.797 0. 0. 1. 0.
0.999 0.040 0. 209.488 -0.040 0.999 0. 67.715 0. 0. 1. 0.
0.998 0.055 0. 211.611 -0.055 0.998 0. 67.570 0. 0. 1. 0.
0.997 0.073 0. 213.790 -0.073 0.997 0. 67.416 0. 0. 1. 0.
0.996 0.088 0. 215.911 -0.088 0.996 0. 67.198 0. 0. 1. 0.
0.995 0.103 0. 218.083 -0.103 0.995 0. 66.945 0. 0. 1. 0.
0.993 0.117 0. 220.244 -0.117 0.993 0. 66.724 0. 0. 1. 0.
0.992 0.128 0. 222.399 -0.128 0.992 0. 66.420 0. 0. 1. 0.
0.990 0.140 0. 224.533 -0.140 0.990 0. 66.084 0. 0. 1. 0.
0.988 0.154 0. 226.696 -0.154 0.988 0. 65.755 0. 0. 1. 0.
0.986 0.169 0. 228.867 -0.169 0.986 0. 65.389 0. 0. 1. 0.
0.983 0.185 0. 231.025 -0.185 0.983 0. 64.992 0. 0. 1. 0.
0.980 0.200 0. 233.178 -0.200 0.980 0. 64.577 0. 0. 1. 0.
0.976 0.219 0. 235.332 -0.219 0.976 0. 64.058 0. 0. 1. 0.
0.972 0.236 0. 237.438 -0.236 0.972 0. 63.498 0. 0. 1. 0.
0.968 0.251 0. 239.532 -0.251 0.968 0. 62.908 0. 0. 1. 0.
0.964 0.264 0. 241.661 -0.264 0.964 0. 62.341 0. 0. 1. 0.
0.959 0.282 0. 243.776 -0.282 0.959 0. 61.714 0. 0. 1. 0.
0.953 0.303 0. 245.849 -0.303 0.953 0. 61.010 0. 0. 1. 0.
0.944 0.330 0. 247.877 -0.330 0.944 0. 60.311 0. 0. 1. 0.
0.934 0.356 0. 249.892 -0.356 0.934 0. 59.522 0. 0. 1. 0.
0.924 0.383 0. 251.925 -0.383 0.924 0. 58.640 0. 0. 1. 0.
0.912 0.411 0. 253.912 -0.411 0.912 0. 57.754 0. 0. 1. 0.
0.900 0.436 0. 255.842 -0.436 0.900 0. 56.772 0. 0. 1. 0.
0.886 0.464 0. 257.831 -0.464 0.886 0. 55.742 0. 0. 1. 0.
0.872 0.489 0. 259.733 -0.489 0.872 0. 54.676 0. 0. 1. 0.
0.858 0.514 0. 261.602 -0.514 0.858 0. 53.527 0. 0. 1. 0.
0.846 0.533 0. 263.398 -0.533 0.846 0. 52.369 0. 0. 1. 0.
0.835 0.550 0. 265.241 -0.550 0.835 0. 51.212 0. 0. 1. 0.
0.826 0.564 0. 266.953 -0.564 0.826 0. 49.988 0. 0. 1. 0.
0.815 0.579 0. 268.674 -0.579 0.815 0. 48.747 0. 0. 1. 0.
0.805 0.594 0. 270.401 -0.594 0.805 0. 47.498 0. 0. 1. 0.
0.794 0.608 0. 272.132 -0.608 0.794 0. 46.277 0. 0. 1. 0.
0.784 0.621 0. 273.690 -0.621 0.784 0. 44.980 0. 0. 1. 0.
0.772 0.636 0. 275.200 -0.636 0.772 0. 43.620 0. 0. 1. 0.
0.758 0.652 0. 276.764 -0.652 0.758 0. 42.263 0. 0. 1. 0.
0.743 0.669 0. 278.255 -0.669 0.743 0. 40.921 0. 0. 1. 0.
0.729 0.685 0. 279.730 -0.685 0.729 0. 39.506 0. 0. 1. 0.
0.717 0.697 0. 281.154 -0.697 0.717 0. 38.074 0. 0. 1. 0.
0.706 0.708 0. 282.588 -0.708 0.706 0. 36.635 0. 0. 1. 0.
0.698 0.716 0. 284.015 -0.716 0.698 0. 35.193 0. 0. 1. 0.
0.689 0.725 0. 285.414 -0.725 0.689 0. 33.746 0. 0. 1. 0.
0.680 0.733 0. 286.801 -0.733 0.680 0. 32.258 0. 0. 1. 0.
0.675 0.738 0. 288.104 -0.738 0.675 0. 30.760 0. 0. 1. 0.
0.672 0.740 0. 289.501 -0.740 0.672 0. 29.315 0. 0. 1. 0.
0.670 0.743 0. 290.942 -0.743 0.670 0. 27.857 0. 0. 1. 0.
0.670 0.742 0. 292.204 -0.742 0.670 0. 26.406 0. 0. 1. 0.
0.673 0.739 0. 293.577 -0.739 0.673 0. 25.012 0. 0. 1. 0.
0.680 0.733 0. 294.870 -0.733 0.680 0. 23.595 0. 0. 1. 0.
0.691 0.723 0. 296.146 -0.723 0.691 0. 22.173 0. 0. 1. 0.
0.704 0.711 0. 297.536 -0.711 0.704 0. 20.867 0. 0. 1. 0.
0.718 0.696 0. 298.902 -0.696 0.718 0. 19.585 0. 0. 1. 0.
0.734 0.679 0. 300.214 -0.679 0.734 0. 18.301 0. 0. 1. 0.
0.750 0.661 0. 301.676 -0.661 0.750 0. 17.078 0. 0. 1. 0.
0.767 0.642 0. 303.120 -0.642 0.767 0. 15.918 0. 0. 1. 0.
0.783 0.622 0. 304.588 -0.622 0.783 0. 14.791 0. 0. 1. 0.
0.801 0.599 0. 306.089 -0.599 0.801 0. 13.698 0. 0. 1. 0.
0.820 0.572 0. 307.602 -0.572 0.820 0. 12.672 0. 0. 1. 0.
0.842 0.540 0. 309.214 -0.540 0.842 0. 11.692 0. 0. 1. 0.
0.862 0.506 0. 310.837 -0.506 0.862 0. 10.809 0. 0. 1. 0.
0.884 0.467 0. 312.463 -0.467 0.884 0. 9.955 0. 0. 1. 0.
0.906 0.423 0. 314.219 -0.423 0.906 0. 9.186 0. 0. 1. 0.
0.926 0.377 0. 315.949 -0.377 0.926 0. 8.504 0. 0. 1. 0.
0.945 0.327 0. 317.747 -0.327 0.945 0. 7.862 0. 0. 1. 0.
0.961 0.278 0. 319.574 -0.278 0.961 0. 7.397 0. 0. 1. 0.
0.973 0.230 0. 321.457 -0.230 0.973 0. 6.990 0. 0. 1. 0.
0.982 0.190 0. 323.386 -0.190 0.982 0. 6.641 0. 0. 1. 0.
0.987 0.161 0. 325.296 -0.161 0.987 0. 6.343 0. 0. 1. 0.
0.991 0.136 0. 327.217 -0.136 0.991 0. 6.129 0. 0. 1. 0.
0.994 0.110 0. 329.179 -0.110 0.994 0. 5.920 0. 0. 1. 0.
0.996 0.088 0. 331.143 -0.088 0.996 0. 5.751 0. 0. 1. 0.
0.997 0.072 0. 333.134 -0.072 0.997 0. 5.636 0. 0. 1. 0.
0.998 0.059 0. 335.163 -0.059 0.998 0. 5.521 0. 0. 1. 0.
0.999 0.050 0. 337.186 -0.050 0.999 0. 5.404 0. 0. 1. 0.
0.999 0.049 0. 339.204 -0.049 0.999 0. 5.341 0. 0. 1. 0.
0.999 0.049 0. 341.270 -0.049 0.999 0. 5.239 0. 0. 1. 0.
0.999 0.053 0. 343.325 -0.053 0.999 0. 5.148 0. 0. 1. 0.
0.998 0.056 0. 345.370 -0.056 0.998 0. 5.035 0. 0. 1. 0.
0.998 0.060 0. 347.446 -0.060 0.998 0. 4.888 0. 0. 1. 0.
0.998 0.065 0. 349.547 -0.065 0.998 0. 4.725 0. 0. 1. 0.
0.998 0.067 0. 351.650 -0.067 0.998 0. 4.571 0. 0. 1. 0.
0.997 0.071 0. 353.760 -0.071 0.997 0. 4.384 0. 0. 1. 0.
0.997 0.072 0. 355.895 -0.072 0.997 0. 4.232 0. 0. 1. 0.
0.997 0.076 0. 358.017 -0.076 0.997 0. 4.060 0. 0. 1. 0.
0.997 0.078 0. 360.181 -0.078 0.997 0. 3.900 0. 0. 1. 0.
0.997 0.080 0. 362.323 -0.080 0.997 0. 3.773 0. 0. 1. 0.
0.997 0.078 0. 364.503 -0.078 0.997 0. 3.596 0. 0. 1. 0.
0.997 0.076 0. 366.694 -0.076 0.997 0. 3.377 0. 0. 1. 0.
0.997 0.073 0. 368.901 -0.073 0.997 0. 3.192 0. 0. 1. 0.
0.998 0.069 0. 371.124 -0.069 0.998 0. 2.984 0. 0. 1. 0.
0.998 0.067 0. 373.321 -0.067 0.998 0. 2.848 0. 0. 1. 0.
0.998 0.064 0. 375.574 -0.064 0.998 0. 2.690 0. 0. 1. 0.
0.998 0.057 0. 377.798 -0.057 0.998 0. 2.448 0. 0. 1. 0.
0.999 0.046 0. 380.048 -0.046 0.999 0. 2.422 0. 0. 1. 0.
0.999 0.041 0. 382.323 -0.041 0.999 0. 2.274 0. 0. 1. 0.
0.999 0.034 0. 384.600 -0.034 0.999 0. 2.227 0. 0. 1. 0.
1.000 0.031 0. 386.874 -0.031 1.000 0. 2.144 0. 0. 1. 0.
1.000 0.025 0. 389.182 -0.025 1.000 0. 2.092 0. 0. 1. 0.
1.000 0.019 0. 391.465 -0.019 1.000 0. 2.015 0. 0. 1. 0.
1.000 0.015 0. 393.755 -0.015 1.000 0. 2.006 0. 0. 1. 0.
1. 0.013 0. 395.974 -0.013 1. 0. 1.921 0. 0. 1. 0.
1. 0.009 0. 398.236 -0.009 1. 0. 1.966 0. 0. 1. 0.
1. 0.009 0. 400.447 -0.009 1. 0. 1.903 0. 0. 1. 0.
1. 0.009 0. 402.647 -0.009 1. 0. 1.907 0. 0. 1. 0.
1. 0.009 0. 404.826 -0.009 1. 0. 1.867 0. 0. 1. 0.
1. 0.010 0. 407.072 -0.010 1. 0. 1.940 0. 0. 1. 0.
1. 0.008 0. 409.243 -0.008 1. 0. 1.870 0. 0. 1. 0.
1. 0.006 0. 411.470 -0.006 1. 0. 1.782 0. 0. 1. 0.
1. 0.011 0. 413.632 -0.011 1. 0. 1.839 0. 0. 1. 0.
1. 0.008 0. 415.855 -0.008 1. 0. 1.807 0. 0. 1. 0.
1. 0.012 0. 418.040 -0.012 1. 0. 1.775 0. 0. 1. 0.
1. 0.011 0. 420.245 -0.011 1. 0. 1.809 0. 0. 1. 0.
1. 0.012 0. 422.411 -0.012 1. 0. 1.831 0. 0. 1. 0.
1. 0.010 0. 424.566 -0.010 1. 0. 1.713 0. 0. 1. 0.
1. 0.009 0. 426.704 -0.009 1. 0. 1.735 0. 0. 1. 0.
1. 0.008 0. 428.833 -0.008 1. 0. 1.720 0. 0. 1. 0.
1. 0.007 0. 430.915 -0.007 1. 0. 1.722 0. 0. 1. 0.
1. 0.002 0. 433.011 -0.002 1. 0. 1.692 0. 0. 1. 0.
1. -0.003 0. 435.075 0.003 1. 0. 1.690 0. 0. 1. 0.
1. -0.007 0. 437.151 0.007 1. 0. 1.667 0. 0. 1. 0.
1. -0.007 0. 439.152 0.007 1. 0. 1.682 0. 0. 1. 0.
1. -0.011 0. 441.172 0.011 1. 0. 1.762 0. 0. 1. 0.
1. -0.010 0. 443.195 0.010 1. 0. 1.727 0. 0. 1. 0.
1. -0.012 0. 445.137 0.012 1. 0. 1.824 0. 0. 1. 0.
1. -0.014 0. 447.139 0.014 1. 0. 1.856 0. 0. 1. 0.
1.000 -0.015 0. 449.093 0.015 1.000 0. 1.971 0. 0. 1. 0.
1.000 -0.018 0. 450.974 0.018 1.000 0. 2.021 0. 0. 1. 0.
1.000 -0.015 0. 452.879 0.015 1.000 0. 1.985 0. 0. 1. 0.
1.000 -0.015 0. 454.746 0.015 1.000 0. 2.001 0. 0. 1. 0.
1. -0.012 0. 456.632 0.012 1. 0. 2.054 0. 0. 1. 0.
1. -0.012 0. 458.463 0.012 1. 0. 2.131 0. 0. 1. 0.
1. -0.010 0. 460.211 0.010 1. 0. 2.081 0. 0. 1. 0.
1. -0.008 0. 461.907 0.008 1. 0. 2.097 0. 0. 1. 0.
1. -0.006 0. 463.560 0.006 1. 0. 2.040 0. 0. 1. 0.
1. -0.002 0. 465.135 0.002 1. 0. 2.048 0. 0. 1. 0.
1. 0.005 0. 466.662 -0.005 1. 0. 2.000 0. 0. 1. 0.
1.000 0.014 0. 468.142 -0.014 1.000 0. 1.969 0. 0. 1. 0.
1.000 0.029 0. 469.517 -0.029 1.000 0. 1.891 0. 0. 1. 0.
0.999 0.053 0. 470.887 -0.053 0.999 0. 1.831 0. 0. 1. 0.
0.996 0.092 0. 472.212 -0.092 0.996 0. 1.698 0. 0. 1. 0.
0.990 0.142 0. 473.388 -0.142 0.990 0. 1.387 0. 0. 1. 0.
0.979 0.202 0. 474.612 -0.202 0.979 0. 1.091 0. 0. 1. 0.
0.966 0.260 0. 475.749 -0.260 0.966 0. 0.735 0. 0. 1. 0.
0.945 0.326 0. 476.868 -0.326 0.945 0. 0.168 0. 0. 1. 0.
0.920 0.393 0. 477.935 -0.393 0.920 0. -0.298 0. 0. 1. 0.
0.890 0.457 0. 478.956 -0.457 0.890 0. -0.834 0. 0. 1. 0.
0.852 0.524 0. 479.947 -0.524 0.852 0. -1.528 0. 0. 1. 0.
0.807 0.591 0. 480.811 -0.591 0.807 0. -2.309 0. 0. 1. 0.
0.751 0.660 0. 481.667 -0.660 0.751 0. -3.149 0. 0. 1. 0.
0.686 0.728 0. 482.376 -0.728 0.686 0. -4.072 0. 0. 1. 0.
0.612 0.791 0. 483.026 -0.791 0.612 0. -5.033 0. 0. 1. 0.
0.528 0.849 0. 483.616 -0.849 0.528 0. -6.102 0. 0. 1. 0.
0.441 0.897 0. 484.030 -0.897 0.441 0. -7.231 0. 0. 1. 0.
0.350 0.937 0. 484.372 -0.937 0.350 0. -8.394 0. 0. 1. 0.
0.278 0.961 0. 484.683 -0.961 0.278 0. -9.580 0. 0. 1. 0.
0.222 0.975 0. 484.838 -0.975 0.222 0. -10.881 0. 0. 1. 0.
0.182 0.983 0. 485.078 -0.983 0.182 0. -12.169 0. 0. 1. 0.
0.152 0.988 0. 485.248 -0.988 0.152 0. -13.548 0. 0. 1. 0.
0.131 0.991 0. 485.439 -0.991 0.131 0. -14.912 0. 0. 1. 0.
0.111 0.994 0. 485.526 -0.994 0.111 0. -16.327 0. 0. 1. 0.
0.093 0.996 0. 485.673 -0.996 0.093 0. -17.795 0. 0. 1. 0.
0.079 0.997 0. 485.791 -0.997 0.079 0. -19.253 0. 0. 1. 0.
0.068 0.998 0. 485.883 -0.998 0.068 0. -20.796 0. 0. 1. 0.
0.055 0.998 0. 485.980 -0.998 0.055 0. -22.380 0. 0. 1. 0.
0.044 0.999 0. 486.049 -0.999 0.044 0. -23.967 0. 0. 1. 0.
0.034 0.999 0. 486.063 -0.999 0.034 0. -25.624 0. 0. 1. 0.
0.021 1.000 0. 486.155 -1.000 0.021 0. -27.293 0. 0. 1. 0.
0.010 1. 0. 486.159 -1. 0.010 0. -29.033 0. 0. 1. 0.
-0.001 1. 0. 486.133 -1. -0.001 0. -30.770 0. 0. 1. 0.
-0.011 1. 0. 486.130 -1. -0.011 0. -32.562 0. 0. 1. 0.
-0.018 1.000 0. 486.062 -1.000 -0.018 0. -34.367 0. 0. 1. 0.
-0.023 1.000 0. 486.048 -1.000 -0.023 0. -36.215 0. 0. 1. 0.
-0.027 1.000 0. 485.982 -1.000 -0.027 0. -38.119 0. 0. 1. 0.
-0.030 1.000 0. 485.958 -1.000 -0.030 0. -40.014 0. 0. 1. 0.
-0.030 1.000 0. 485.899 -1.000 -0.030 0. -41.979 0. 0. 1. 0.
-0.031 1.000 0. 485.812 -1.000 -0.031 0. -43.930 0. 0. 1. 0.
-0.033 0.999 0. 485.771 -0.999 -0.033 0. -45.922 0. 0. 1. 0.
-0.035 0.999 0. 485.677 -0.999 -0.035 0. -47.913 0. 0. 1. 0.
-0.039 0.999 0. 485.570 -0.999 -0.039 0. -49.889 0. 0. 1. 0.
-0.044 0.999 0. 485.550 -0.999 -0.044 0. -51.889 0. 0. 1. 0.
-0.050 0.999 0. 485.451 -0.999 -0.050 0. -53.874 0. 0. 1. 0.
-0.047 0.999 0. 485.345 -0.999 -0.047 0. -55.903 0. 0. 1. 0.
-0.046 0.999 0. 485.261 -0.999 -0.046 0. -57.920 0. 0. 1. 0.
-0.044 0.999 0. 485.143 -0.999 -0.044 0. -59.969 0. 0. 1. 0.
-0.044 0.999 0. 485.051 -0.999 -0.044 0. -62.047 0. 0. 1. 0.
-0.043 0.999 0. 484.919 -0.999 -0.043 0. -64.128 0. 0. 1. 0.
-0.046 0.999 0. 484.890 -0.999 -0.046 0. -66.250 0. 0. 1. 0.
-0.045 0.999 0. 484.744 -0.999 -0.045 0. -68.362 0. 0. 1. 0.
-0.048 0.999 0. 484.655 -0.999 -0.048 0. -70.533 0. 0. 1. 0.
-0.049 0.999 0. 484.554 -0.999 -0.049 0. -72.680 0. 0. 1. 0.
-0.052 0.999 0. 484.458 -0.999 -0.052 0. -74.845 0. 0. 1. 0.
-0.049 0.999 0. 484.301 -0.999 -0.049 0. -77.024 0. 0. 1. 0.
-0.053 0.999 0. 484.195 -0.999 -0.053 0. -79.214 0. 0. 1. 0.
-0.057 0.998 0. 484.073 -0.998 -0.057 0. -81.433 0. 0. 1. 0.
-0.063 0.998 0. 483.944 -0.998 -0.063 0. -83.659 0. 0. 1. 0.
-0.067 0.998 0. 483.758 -0.998 -0.067 0. -85.912 0. 0. 1. 0.
-0.075 0.997 0. 483.576 -0.997 -0.075 0. -88.171 0. 0. 1. 0.
-0.084 0.996 0. 483.338 -0.996 -0.084 0. -90.468 0. 0. 1. 0.
-0.092 0.996 0. 483.095 -0.996 -0.092 0. -92.746 0. 0. 1. 0.
-0.102 0.995 0. 482.905 -0.995 -0.102 0. -95.062 0. 0. 1. 0.
-0.109 0.994 0. 482.624 -0.994 -0.109 0. -97.385 0. 0. 1. 0.
-0.116 0.993 0. 482.294 -0.993 -0.116 0. -99.689 0. 0. 1. 0.
-0.126 0.992 0. 482.082 -0.992 -0.126 0. -102.057 0. 0. 1. 0.
-0.134 0.991 0. 481.781 -0.991 -0.134 0. -104.335 0. 0. 1. 0.
-0.139 0.990 0. 481.451 -0.990 -0.139 0. -106.639 0. 0. 1. 0.
-0.147 0.989 0. 481.093 -0.989 -0.147 0. -108.910 0. 0. 1. 0.
-0.153 0.988 0. 480.744 -0.988 -0.153 0. -111.168 0. 0. 1. 0.
-0.160 0.987 0. 480.403 -0.987 -0.160 0. -113.456 0. 0. 1. 0.
-0.167 0.986 0. 480.028 -0.986 -0.167 0. -115.690 0. 0. 1. 0.
-0.174 0.985 0. 479.650 -0.985 -0.174 0. -117.968 0. 0. 1. 0.
-0.178 0.984 0. 479.203 -0.984 -0.178 0. -120.212 0. 0. 1. 0.
-0.189 0.982 0. 478.782 -0.982 -0.189 0. -122.520 0. 0. 1. 0.
-0.198 0.980 0. 478.325 -0.980 -0.198 0. -124.801 0. 0. 1. 0.
-0.206 0.979 0. 477.857 -0.979 -0.206 0. -127.109 0. 0. 1. 0.
-0.215 0.977 0. 477.330 -0.977 -0.215 0. -129.451 0. 0. 1. 0.
-0.223 0.975 0. 476.806 -0.975 -0.223 0. -131.811 0. 0. 1. 0.
-0.232 0.973 0. 476.226 -0.973 -0.232 0. -134.170 0. 0. 1. 0.
-0.244 0.970 0. 475.658 -0.970 -0.244 0. -136.583 0. 0. 1. 0.
-0.257 0.967 0. 475.035 -0.967 -0.257 0. -138.997 0. 0. 1. 0.
-0.270 0.963 0. 474.345 -0.963 -0.270 0. -141.420 0. 0. 1. 0.
-0.286 0.958 0. 473.684 -0.958 -0.286 0. -143.842 0. 0. 1. 0.
-0.302 0.953 0. 472.958 -0.953 -0.302 0. -146.256 0. 0. 1. 0.
-0.317 0.948 0. 472.160 -0.948 -0.317 0. -148.688 0. 0. 1. 0.
-0.330 0.944 0. 471.311 -0.944 -0.330 0. -151.120 0. 0. 1. 0.
-0.341 0.940 0. 470.464 -0.940 -0.341 0. -153.557 0. 0. 1. 0.
-0.353 0.936 0. 469.534 -0.936 -0.353 0. -155.991 0. 0. 1. 0.
-0.363 0.932 0. 468.578 -0.932 -0.363 0. -158.431 0. 0. 1. 0.
-0.377 0.926 0. 467.631 -0.926 -0.377 0. -160.951 0. 0. 1. 0.
-0.390 0.921 0. 466.577 -0.921 -0.390 0. -163.400 0. 0. 1. 0.
-0.401 0.916 0. 465.480 -0.916 -0.401 0. -165.805 0. 0. 1. 0.
-0.412 0.911 0. 464.437 -0.911 -0.412 0. -168.221 0. 0. 1. 0.
-0.420 0.907 0. 463.351 -0.907 -0.420 0. -170.589 0. 0. 1. 0.
-0.432 0.902 0. 462.237 -0.902 -0.432 0. -172.932 0. 0. 1. 0.
-0.442 0.897 0. 461.120 -0.897 -0.442 0. -175.232 0. 0. 1. 0.
-0.449 0.893 0. 459.962 -0.893 -0.449 0. -177.561 0. 0. 1. 0.
-0.457 0.889 0. 458.781 -0.889 -0.457 0. -179.834 0. 0. 1. 0.
-0.462 0.887 0. 457.625 -0.887 -0.462 0. -182.102 0. 0. 1. 0.
-0.466 0.885 0. 456.446 -0.885 -0.466 0. -184.401 0. 0. 1. 0.
-0.472 0.881 0. 455.247 -0.881 -0.472 0. -186.645 0. 0. 1. 0.
-0.477 0.879 0. 454.018 -0.879 -0.477 0. -188.901 0. 0. 1. 0.
-0.484 0.875 0. 452.702 -0.875 -0.484 0. -191.138 0. 0. 1. 0.
-0.488 0.873 0. 451.535 -0.873 -0.488 0. -193.404 0. 0. 1. 0.
-0.492 0.871 0. 450.274 -0.871 -0.492 0. -195.616 0. 0. 1. 0.
-0.496 0.868 0. 448.971 -0.868 -0.496 0. -197.812 0. 0. 1. 0.
-0.500 0.866 0. 447.737 -0.866 -0.500 0. -200.006 0. 0. 1. 0.
-0.506 0.863 0. 446.390 -0.863 -0.506 0. -202.095 0. 0. 1. 0.
-0.508 0.861 0. 445.160 -0.861 -0.508 0. -204.262 0. 0. 1. 0.
-0.508 0.861 0. 443.884 -0.861 -0.508 0. -206.346 0. 0. 1. 0.
-0.511 0.860 0. 442.626 -0.860 -0.511 0. -208.456 0. 0. 1. 0.
-0.510 0.860 0. 441.392 -0.860 -0.510 0. -210.546 0. 0. 1. 0.
-0.512 0.859 0. 440.138 -0.859 -0.512 0. -212.612 0. 0. 1. 0.
-0.512 0.859 0. 438.906 -0.859 -0.512 0. -214.641 0. 0. 1. 0.
-0.510 0.860 0. 437.714 -0.860 -0.510 0. -216.724 0. 0. 1. 0.
-0.510 0.860 0. 436.501 -0.860 -0.510 0. -218.712 0. 0. 1. 0.
-0.509 0.861 0. 435.270 -0.861 -0.509 0. -220.685 0. 0. 1. 0.
-0.505 0.863 0. 434.140 -0.863 -0.505 0. -222.702 0. 0. 1. 0.
-0.501 0.866 0. 432.879 -0.866 -0.501 0. -224.663 0. 0. 1. 0.
-0.496 0.869 0. 431.757 -0.869 -0.496 0. -226.618 0. 0. 1. 0.
-0.494 0.870 0. 430.669 -0.870 -0.494 0. -228.597 0. 0. 1. 0.
-0.489 0.872 0. 429.520 -0.872 -0.489 0. -230.543 0. 0. 1. 0.
-0.488 0.873 0. 428.471 -0.873 -0.488 0. -232.489 0. 0. 1. 0.
-0.487 0.873 0. 427.439 -0.873 -0.487 0. -234.420 0. 0. 1. 0.
-0.486 0.874 0. 426.317 -0.874 -0.486 0. -236.256 0. 0. 1. 0.
-0.485 0.875 0. 425.390 -0.875 -0.485 0. -238.122 0. 0. 1. 0.
-0.485 0.874 0. 424.312 -0.874 -0.485 0. -239.833 0. 0. 1. 0.
-0.484 0.875 0. 423.428 -0.875 -0.484 0. -241.534 0. 0. 1. 0.
-0.483 0.876 0. 422.468 -0.876 -0.483 0. -243.114 0. 0. 1. 0.
-0.484 0.875 0. 421.638 -0.875 -0.484 0. -244.732 0. 0. 1. 0.
-0.487 0.874 0. 420.738 -0.874 -0.487 0. -246.202 0. 0. 1. 0.
-0.494 0.869 0. 419.879 -0.869 -0.494 0. -247.640 0. 0. 1. 0.
-0.511 0.860 0. 418.966 -0.860 -0.511 0. -248.964 0. 0. 1. 0.
-0.534 0.845 0. 418.164 -0.845 -0.534 0. -250.257 0. 0. 1. 0.
-0.575 0.818 0. 417.246 -0.818 -0.575 0. -251.456 0. 0. 1. 0.
-0.629 0.778 0. 416.288 -0.778 -0.629 0. -252.510 0. 0. 1. 0.
-0.681 0.732 0. 415.308 -0.732 -0.681 0. -253.493 0. 0. 1. 0.
-0.737 0.676 0. 414.266 -0.676 -0.737 0. -254.445 0. 0. 1. 0.
-0.783 0.621 0. 413.283 -0.621 -0.783 0. -255.210 0. 0. 1. 0.
-0.828 0.560 0. 411.946 -0.560 -0.828 0. -255.982 0. 0. 1. 0.
-0.866 0.500 0. 410.899 -0.500 -0.866 0. -256.606 0. 0. 1. 0.
-0.899 0.439 0. 409.596 -0.439 -0.899 0. -257.127 0. 0. 1. 0.
-0.926 0.377 0. 408.361 -0.377 -0.926 0. -257.612 0. 0. 1. 0.
-0.947 0.320 0. 407.152 -0.320 -0.947 0. -257.972 0. 0. 1. 0.
-0.963 0.270 0. 405.812 -0.270 -0.963 0. -258.305 0. 0. 1. 0.
-0.973 0.230 0. 404.548 -0.230 -0.973 0. -258.542 0. 0. 1. 0.
-0.982 0.189 0. 403.236 -0.189 -0.982 0. -258.733 0. 0. 1. 0.
-0.988 0.156 0. 401.952 -0.156 -0.988 0. -258.886 0. 0. 1. 0.
-0.992 0.124 0. 400.627 -0.124 -0.992 0. -259.029 0. 0. 1. 0.
-0.995 0.095 0. 399.302 -0.095 -0.995 0. -259.123 0. 0. 1. 0.
-0.997 0.073 0. 398.031 -0.073 -0.997 0. -259.171 0. 0. 1. 0.
-0.999 0.054 0. 396.677 -0.054 -0.999 0. -259.308 0. 0. 1. 0.
-0.999 0.041 0. 395.503 -0.041 -0.999 0. -259.275 0. 0. 1. 0.
-0.999 0.032 0. 394.172 -0.032 -0.999 0. -259.394 0. 0. 1. 0.
-1.000 0.024 0. 392.916 -0.024 -1.000 0. -259.361 0. 0. 1. 0.
-1.000 0.020 0. 391.609 -0.020 -1.000 0. -259.378 0. 0. 1. 0.
-1. 0.014 0. 390.362 -0.014 -1. 0. -259.415 0. 0. 1. 0.
-1. 0.006 0. 389.128 -0.006 -1. 0. -259.383 0. 0. 1. 0.
-1. 0.002 0. 387.917 -0.002 -1. 0. -259.386 0. 0. 1. 0.
-1. -0.003 0. 386.686 0.003 -1. 0. -259.390 0. 0. 1. 0.
-1. -0.009 0. 385.460 0.009 -1. 0. -259.375 0. 0. 1. 0.
-1. -0.013 0. 384.215 0.013 -1. 0. -259.331 0. 0. 1. 0.
-1.000 -0.020 0. 382.979 0.020 -1.000 0. -259.309 0. 0. 1. 0.
-1.000 -0.022 0. 381.753 0.022 -1.000 0. -259.254 0. 0. 1. 0.
-1.000 -0.026 0. 380.486 0.026 -1.000 0. -259.212 0. 0. 1. 0.
-1.000 -0.024 0. 379.231 0.024 -1.000 0. -259.179 0. 0. 1. 0.
-1.000 -0.022 0. 377.925 0.022 -1.000 0. -259.153 0. 0. 1. 0.
-1.000 -0.021 0. 376.608 0.021 -1.000 0. -259.108 0. 0. 1. 0.
-1.000 -0.022 0. 375.242 0.022 -1.000 0. -259.101 0. 0. 1. 0.
-1.000 -0.020 0. 373.845 0.020 -1.000 0. -259.051 0. 0. 1. 0.
-1.000 -0.019 0. 372.400 0.019 -1.000 0. -259.063 0. 0. 1. 0.
-1.000 -0.018 0. 370.952 0.018 -1.000 0. -259.010 0. 0. 1. 0.
-1. -0.012 0. 369.512 0.012 -1. 0. -258.981 0. 0. 1. 0.
-1. -0.010 0. 368.018 0.010 -1. 0. -259.003 0. 0. 1. 0.
-1. -0.007 0. 366.499 0.007 -1. 0. -258.987 0. 0. 1. 0.
-1. -0.003 0. 364.992 0.003 -1. 0. -258.986 0. 0. 1. 0.
-1. -0.001 0. 363.499 0.001 -1. 0. -258.995 0. 0. 1. 0.
-1. 0. 0. 362.000 -0. -1. 0. -259.011 0. 0. 1. 0.
-1. 0.003 0. 360.486 -0.003 -1. 0. -258.992 0. 0. 1. 0.
-1. 0.004 0. 358.922 -0.004 -1. 0. -258.971 0. 0. 1. 0.
-1. 0.007 0. 357.371 -0.007 -1. 0. -259.013 0. 0. 1. 0.
-1. 0.007 0. 355.873 -0.007 -1. 0. -258.991 0. 0. 1. 0.
-1. 0.008 0. 354.394 -0.008 -1. 0. -259.014 0. 0. 1. 0.
-1. 0.007 0. 352.922 -0.007 -1. 0. -259.030 0. 0. 1. 0.
-1. 0.010 0. 351.495 -0.010 -1. 0. -259.008 0. 0. 1. 0.
-1. 0.010 0. 350.040 -0.010 -1. 0. -259.101 0. 0. 1. 0.
-1. 0.013 0. 348.599 -0.013 -1. 0. -259.056 0. 0. 1. 0.
-1.000 0.014 0. 347.104 -0.014 -1.000 0. -259.067 0. 0. 1. 0.
-1. 0.013 0. 345.703 -0.013 -1. 0. -259.058 0. 0. 1. 0.
-1. 0.013 0. 344.307 -0.013 -1. 0. -259.064 0. 0. 1. 0.
-1. 0.013 0. 342.737 -0.013 -1. 0. -259.146 0. 0. 1. 0.
-1. 0.011 0. 341.278 -0.011 -1. 0. -259.098 0. 0. 1. 0.
-1. 0.011 0. 339.873 -0.011 -1. 0. -259.117 0. 0. 1. 0.
-1. 0.008 0. 338.390 -0.008 -1. 0. -259.126 0. 0. 1. 0.
-1. 0.008 0. 337.004 -0.008 -1. 0. -259.164 0. 0. 1. 0.
-1. 0.008 0. 335.606 -0.008 -1. 0. -259.142 0. 0. 1. 0.
-1. 0.007 0. 334.204 -0.007 -1. 0. -259.133 0. 0. 1. 0.
-1. 0.005 0. 332.844 -0.005 -1. 0. -259.096 0. 0. 1. 0.
-1. 0.002 0. 331.472 -0.002 -1. 0. -259.164 0. 0. 1. 0.
-1. 0.001 0. 330.069 -0.001 -1. 0. -259.149 0. 0. 1. 0.
-1. 0.001 0. 328.715 -0.001 -1. 0. -259.162 0. 0. 1. 0.
-1. 0.001 0. 327.318 -0.001 -1. 0. -259.156 0. 0. 1. 0.
-1. 0.000 0. 325.904 -0.000 -1. 0. -259.173 0. 0. 1. 0.
-1. 0.000 0. 324.483 -0.000 -1. 0. -259.164 0. 0. 1. 0.
-1. -0.001 0. 323.047 0.001 -1. 0. -259.103 0. 0. 1. 0.
-1. -0.003 0. 321.535 0.003 -1. 0. -259.136 0. 0. 1. 0.
-1. -0.003 0. 320.005 0.003 -1. 0. -259.124 0. 0. 1. 0.
-1. -0.001 0. 318.458 0.001 -1. 0. -259.152 0. 0. 1. 0.
-1. 0.001 0. 316.875 -0.001 -1. 0. -259.117 0. 0. 1. 0.
-1. 0.002 0. 315.262 -0.002 -1. 0. -259.137 0. 0. 1. 0.
-1. 0.003 0. 313.656 -0.003 -1. 0. -259.148 0. 0. 1. 0.
-1. 0.004 0. 311.993 -0.004 -1. 0. -259.148 0. 0. 1. 0.
-1. 0.004 0. 310.292 -0.004 -1. 0. -259.180 0. 0. 1. 0.
-1. 0.005 0. 308.610 -0.005 -1. 0. -259.205 0. 0. 1. 0.
-1. 0.004 0. 306.864 -0.004 -1. 0. -259.214 0. 0. 1. 0.
-1. 0.006 0. 305.113 -0.006 -1. 0. -259.211 0. 0. 1. 0.
-1. 0.009 0. 303.333 -0.009 -1. 0. -259.217 0. 0. 1. 0.
-1. 0.011 0. 301.535 -0.011 -1. 0. -259.189 0. 0. 1. 0.
-1. 0.012 0. 299.697 -0.012 -1. 0. -259.258 0. 0. 1. 0.
-1. 0.014 0. 297.847 -0.014 -1. 0. -259.304 0. 0. 1. 0.
-1. 0.014 0. 296.027 -0.014 -1. 0. -259.367 0. 0. 1. 0.
-1.000 0.014 0. 294.164 -0.014 -1.000 0. -259.350 0. 0. 1. 0.
-1. 0.013 0. 292.177 -0.013 -1. 0. -259.414 0. 0. 1. 0.
-1. 0.014 0. 290.390 -0.014 -1. 0. -259.454 0. 0. 1. 0.
-1. 0.011 0. 288.463 -0.011 -1. 0. -259.468 0. 0. 1. 0.
-1. 0.009 0. 286.522 -0.009 -1. 0. -259.490 0. 0. 1. 0.
-1. 0.008 0. 284.591 -0.008 -1. 0. -259.512 0. 0. 1. 0.
-1. 0.004 0. 282.623 -0.004 -1. 0. -259.553 0. 0. 1. 0.
-1. 0.002 0. 280.637 -0.002 -1. 0. -259.557 0. 0. 1. 0.
-1. 0.002 0. 278.660 -0.002 -1. 0. -259.545 0. 0. 1. 0.
-1. 0.001 0. 276.656 -0.001 -1. 0. -259.535 0. 0. 1. 0.
-1. -0.001 0. 274.616 0.001 -1. 0. -259.501 0. 0. 1. 0.
-1. -0.003 0. 272.573 0.003 -1. 0. -259.494 0. 0. 1. 0.
-1. -0.005 0. 270.525 0.005 -1. 0. -259.492 0. 0. 1. 0.
-1. -0.007 0. 268.491 0.007 -1. 0. -259.520 0. 0. 1. 0.
-1. -0.008 0. 266.490 0.008 -1. 0. -259.466 0. 0. 1. 0.
-1. -0.008 0. 264.470 0.008 -1. 0. -259.463 0. 0. 1. 0.
-1. -0.008 0. 262.487 0.008 -1. 0. -259.403 0. 0. 1. 0.
-1. -0.011 0. 260.481 0.011 -1. 0. -259.413 0. 0. 1. 0.
-1. -0.011 0. 258.491 0.011 -1. 0. -259.400 0. 0. 1. 0.
-1. -0.013 0. 256.476 0.013 -1. 0. -259.374 0. 0. 1. 0.
-1.000 -0.016 0. 254.484 0.016 -1.000 0. -259.310 0. 0. 1. 0.
-1.000 -0.019 0. 252.481 0.019 -1.000 0. -259.263 0. 0. 1. 0.
-1.000 -0.023 0. 250.466 0.023 -1.000 0. -259.244 0. 0. 1. 0.
-1.000 -0.030 0. 248.483 0.030 -1.000 0. -259.238 0. 0. 1. 0.
-0.999 -0.035 0. 246.502 0.035 -0.999 0. -259.132 0. 0. 1. 0.
-0.999 -0.042 0. 244.485 0.042 -0.999 0. -259.070 0. 0. 1. 0.
-0.999 -0.047 0. 242.521 0.047 -0.999 0. -258.973 0. 0. 1. 0.
-0.999 -0.052 0. 240.569 0.052 -0.999 0. -258.851 0. 0. 1. 0.
-0.998 -0.058 0. 238.611 0.058 -0.998 0. -258.719 0. 0. 1. 0.
-0.998 -0.061 0. 236.702 0.061 -0.998 0. -258.688 0. 0. 1. 0.
-0.998 -0.065 0. 234.768 0.065 -0.998 0. -258.579 0. 0. 1. 0.
-0.997 -0.071 0. 232.835 0.071 -0.997 0. -258.362 0. 0. 1. 0.
-0.997 -0.077 0. 230.933 0.077 -0.997 0. -258.216 0. 0. 1. 0.
-0.997 -0.079 0. 229.042 0.079 -0.997 0. -258.042 0. 0. 1. 0.
-0.997 -0.079 0. 227.170 0.079 -0.997 0. -257.922 0. 0. 1. 0.
-0.997 -0.076 0. 225.259 0.076 -0.997 0. -257.747 0. 0. 1. 0.
-0.998 -0.070 0. 223.367 0.070 -0.998 0. -257.623 0. 0. 1. 0.
-0.998 -0.064 0. 221.474 0.064 -0.998 0. -257.482 0. 0. 1. 0.
-0.998 -0.056 0. 219.564 0.056 -0.998 0. -257.384 0. 0. 1. 0.
-0.999 -0.049 0. 217.633 0.049 -0.999 0. -257.275 0. 0. 1. 0.
-0.999 -0.043 0. 215.705 0.043 -0.999 0. -257.191 0. 0. 1. 0.
-0.999 -0.035 0. 213.764 0.035 -0.999 0. -257.158 0. 0. 1. 0.
-1.000 -0.028 0. 211.819 0.028 -1.000 0. -257.091 0. 0. 1. 0.
-1.000 -0.023 0. 209.863 0.023 -1.000 0. -257.037 0. 0. 1. 0.
-1.000 -0.019 0. 207.891 0.019 -1.000 0. -256.988 0. 0. 1. 0.
-1.000 -0.018 0. 205.926 0.018 -1.000 0. -256.983 0. 0. 1. 0.
-1.000 -0.017 0. 203.952 0.017 -1.000 0. -256.920 0. 0. 1. 0.
-1.000 -0.015 0. 201.958 0.015 -1.000 0. -256.918 0. 0. 1. 0.
-1.000 -0.017 0. 199.975 0.017 -1.000 0. -256.852 0. 0. 1. 0.
-1.000 -0.019 0. 197.984 0.019 -1.000 0. -256.832 0. 0. 1. 0.
-1.000 -0.019 0. 195.960 0.019 -1.000 0. -256.786 0. 0. 1. 0.
-1.000 -0.019 0. 193.931 0.019 -1.000 0. -256.737 0. 0. 1. 0.
-1.000 -0.020 0. 191.896 0.020 -1.000 0. -256.709 0. 0. 1. 0.
-1.000 -0.019 0. 189.892 0.019 -1.000 0. -256.645 0. 0. 1. 0.
-1.000 -0.021 0. 187.810 0.021 -1.000 0. -256.632 0. 0. 1. 0.
-1.000 -0.020 0. 185.771 0.020 -1.000 0. -256.594 0. 0. 1. 0.
-1.000 -0.019 0. 183.689 0.019 -1.000 0. -256.525 0. 0. 1. 0.
-1.000 -0.021 0. 181.593 0.021 -1.000 0. -256.484 0. 0. 1. 0.
-1.000 -0.023 0. 179.496 0.023 -1.000 0. -256.445 0. 0. 1. 0.
-1.000 -0.022 0. 177.373 0.022 -1.000 0. -256.397 0. 0. 1. 0.
-1.000 -0.020 0. 175.233 0.020 -1.000 0. -256.343 0. 0. 1. 0.
-1.000 -0.018 0. 173.086 0.018 -1.000 0. -256.297 0. 0. 1. 0.
-1. -0.013 0. 170.937 0.013 -1. 0. -256.268 0. 0. 1. 0.
-1. -0.011 0. 168.785 0.011 -1. 0. -256.222 0. 0. 1. 0.
-1. -0.007 0. 166.601 0.007 -1. 0. -256.181 0. 0. 1. 0.
-1. -0.005 0. 164.402 0.005 -1. 0. -256.153 0. 0. 1. 0.
-1. -0.002 0. 162.214 0.002 -1. 0. -256.157 0. 0. 1. 0.
-1. -0.000 0. 160.024 0.000 -1. 0. -256.130 0. 0. 1. 0.
-1. 0.002 0. 157.821 -0.002 -1. 0. -256.170 0. 0. 1. 0.
-1. 0.003 0. 155.661 -0.003 -1. 0. -256.169 0. 0. 1. 0.
-1. 0.005 0. 153.495 -0.005 -1. 0. -256.143 0. 0. 1. 0.
-1. 0.004 0. 151.369 -0.004 -1. 0. -256.167 0. 0. 1. 0.
-1. 0.006 0. 149.260 -0.006 -1. 0. -256.147 0. 0. 1. 0.
-1. 0.006 0. 147.156 -0.006 -1. 0. -256.199 0. 0. 1. 0.
-1. 0.005 0. 145.091 -0.005 -1. 0. -256.193 0. 0. 1. 0.
-1. 0.005 0. 143.039 -0.005 -1. 0. -256.211 0. 0. 1. 0.
-1. 0.004 0. 141.044 -0.004 -1. 0. -256.240 0. 0. 1. 0.
-1. 0.005 0. 139.129 -0.005 -1. 0. -256.214 0. 0. 1. 0.
-1. 0.004 0. 137.282 -0.004 -1. 0. -256.218 0. 0. 1. 0.
-1. 0.004 0. 135.520 -0.004 -1. 0. -256.227 0. 0. 1. 0.
-1. 0.004 0. 133.832 -0.004 -1. 0. -256.210 0. 0. 1. 0.
-1. 0.003 0. 132.210 -0.003 -1. 0. -256.220 0. 0. 1. 0.
-1. -0.000 0. 130.674 0.000 -1. 0. -256.214 0. 0. 1. 0.
-1. -0.003 0. 129.193 0.003 -1. 0. -256.178 0. 0. 1. 0.
-1. -0.009 0. 127.751 0.009 -1. 0. -256.150 0. 0. 1. 0.
-1.000 -0.019 0. 126.405 0.019 -1.000 0. -256.144 0. 0. 1. 0.
-0.999 -0.033 0. 125.010 0.033 -0.999 0. -256.059 0. 0. 1. 0.
-0.999 -0.053 0. 123.685 0.053 -0.999 0. -255.987 0. 0. 1. 0.
-0.997 -0.081 0. 122.371 0.081 -0.997 0. -255.839 0. 0. 1. 0.
-0.994 -0.112 0. 121.111 0.112 -0.994 0. -255.683 0. 0. 1. 0.
-0.989 -0.145 0. 119.857 0.145 -0.989 0. -255.458 0. 0. 1. 0.
-0.982 -0.190 0. 118.626 0.190 -0.982 0. -255.165 0. 0. 1. 0.
-0.971 -0.239 0. 117.470 0.239 -0.971 0. -254.875 0. 0. 1. 0.
-0.957 -0.291 0. 116.322 0.291 -0.957 0. -254.480 0. 0. 1. 0.
-0.939 -0.344 0. 115.275 0.344 -0.939 0. -254.081 0. 0. 1. 0.
-0.916 -0.401 0. 114.218 0.401 -0.916 0. -253.543 0. 0. 1. 0.
-0.887 -0.462 0. 113.261 0.462 -0.887 0. -252.975 0. 0. 1. 0.
-0.852 -0.524 0. 112.343 0.524 -0.852 0. -252.335 0. 0. 1. 0.
-0.807 -0.591 0. 111.454 0.591 -0.807 0. -251.558 0. 0. 1. 0.
-0.752 -0.659 0. 110.590 0.659 -0.752 0. -250.733 0. 0. 1. 0.
-0.689 -0.725 0. 109.917 0.725 -0.689 0. -249.762 0. 0. 1. 0.
-0.619 -0.785 0. 109.311 0.785 -0.619 0. -248.829 0. 0. 1. 0.
-0.547 -0.837 0. 108.711 0.837 -0.547 0. -247.869 0. 0. 1. 0.
-0.477 -0.879 0. 108.229 0.879 -0.477 0. -246.692 0. 0. 1. 0.
-0.417 -0.909 0. 107.712 0.909 -0.417 0. -245.512 0. 0. 1. 0.
-0.366 -0.931 0. 107.270 0.931 -0.366 0. -244.273 0. 0. 1. 0.
-0.314 -0.950 0. 106.895 0.950 -0.314 0. -242.967 0. 0. 1. 0.
-0.258 -0.966 0. 106.602 0.966 -0.258 0. -241.646 0. 0. 1. 0.
-0.198 -0.980 0. 106.384 0.980 -0.198 0. -240.212 0. 0. 1. 0.
-0.139 -0.990 0. 106.218 0.990 -0.139 0. -238.736 0. 0. 1. 0.
-0.088 -0.996 0. 106.116 0.996 -0.088 0. -237.244 0. 0. 1. 0.
-0.047 -0.999 0. 106.083 0.999 -0.047 0. -235.722 0. 0. 1. 0.
-0.011 -1. 0. 106.134 1. -0.011 0. -234.114 0. 0. 1. 0.
0.015 -1.000 0. 106.179 1.000 0.015 0. -232.458 0. 0. 1. 0.
0.035 -0.999 0. 106.278 0.999 0.035 0. -230.767 0. 0. 1. 0.
0.051 -0.999 0. 106.405 0.999 0.051 0. -229.052 0. 0. 1. 0.
0.060 -0.998 0. 106.548 0.998 0.060 0. -227.321 0. 0. 1. 0.
0.066 -0.998 0. 106.625 0.998 0.066 0. -225.499 0. 0. 1. 0.
0.064 -0.998 0. 106.753 0.998 0.064 0. -223.686 0. 0. 1. 0.
0.061 -0.998 0. 106.878 0.998 0.061 0. -221.815 0. 0. 1. 0.
0.056 -0.998 0. 107.001 0.998 0.056 0. -219.950 0. 0. 1. 0.
0.048 -0.999 0. 107.123 0.999 0.048 0. -218.001 0. 0. 1. 0.
0.040 -0.999 0. 107.195 0.999 0.040 0. -216.090 0. 0. 1. 0.
0.033 -0.999 0. 107.255 0.999 0.033 0. -214.179 0. 0. 1. 0.
0.027 -1.000 0. 107.301 1.000 0.027 0. -212.278 0. 0. 1. 0.
0.021 -1.000 0. 107.351 1.000 0.021 0. -210.390 0. 0. 1. 0.
0.017 -1.000 0. 107.403 1.000 0.017 0. -208.523 0. 0. 1. 0.
0.011 -1. 0. 107.384 1. 0.011 0. -206.679 0. 0. 1. 0.
0.008 -1. 0. 107.413 1. 0.008 0. -204.820 0. 0. 1. 0.
0.006 -1. 0. 107.435 1. 0.006 0. -202.949 0. 0. 1. 0.
0.006 -1. 0. 107.441 1. 0.006 0. -201.093 0. 0. 1. 0.
0.004 -1. 0. 107.450 1. 0.004 0. -199.238 0. 0. 1. 0.
0.003 -1. 0. 107.490 1. 0.003 0. -197.370 0. 0. 1. 0.
0.004 -1. 0. 107.480 1. 0.004 0. -195.536 0. 0. 1. 0.
0.005 -1. 0. 107.496 1. 0.005 0. -193.676 0. 0. 1. 0.
0.006 -1. 0. 107.525 1. 0.006 0. -191.843 0. 0. 1. 0.
0.008 -1. 0. 107.528 1. 0.008 0. -190.016 0. 0. 1. 0.
0.009 -1. 0. 107.547 1. 0.009 0. -188.172 0. 0. 1. 0.
0.009 -1. 0. 107.582 1. 0.009 0. -186.353 0. 0. 1. 0.
0.006 -1. 0. 107.589 1. 0.006 0. -184.528 0. 0. 1. 0.
0.004 -1. 0. 107.579 1. 0.004 0. -182.689 0. 0. 1. 0.
0.002 -1. 0. 107.585 1. 0.002 0. -180.846 0. 0. 1. 0.
0.001 -1. 0. 107.577 1. 0.001 0. -178.978 0. 0. 1. 0.
0.002 -1. 0. 107.581 1. 0.002 0. -177.112 0. 0. 1. 0.
0.001 -1. 0. 107.578 1. 0.001 0. -175.268 0. 0. 1. 0.
0.001 -1. 0. 107.585 1. 0.001 0. -173.409 0. 0. 1. 0.
0.001 -1. 0. 107.606 1. 0.001 0. -171.597 0. 0. 1. 0.
-0. -1. 0. 107.607 1. -0. 0. -169.777 0. 0. 1. 0.
-0.001 -1. 0. 107.578 1. -0.001 0. -167.978 0. 0. 1. 0.
-0.002 -1. 0. 107.602 1. -0.002 0. -166.192 0. 0. 1. 0.
-0.002 -1. 0. 107.584 1. -0.002 0. -164.448 0. 0. 1. 0.
0. -1. 0. 107.574 1. 0. 0. -162.741 0. 0. 1. 0.
0.003 -1. 0. 107.584 1. 0.003 0. -161.041 0. 0. 1. 0.
0.004 -1. 0. 107.600 1. 0.004 0. -159.329 0. 0. 1. 0.
0.006 -1. 0. 107.606 1. 0.006 0. -157.667 0. 0. 1. 0.
0.008 -1. 0. 107.659 1. 0.008 0. -156.001 0. 0. 1. 0.
0.009 -1. 0. 107.631 1. 0.009 0. -154.342 0. 0. 1. 0.
0.008 -1. 0. 107.663 1. 0.008 0. -152.707 0. 0. 1. 0.
0.008 -1. 0. 107.663 1. 0.008 0. -151.053 0. 0. 1. 0.
0.009 -1. 0. 107.740 1. 0.009 0. -149.382 0. 0. 1. 0.
0.005 -1. 0. 107.693 1. 0.005 0. -147.704 0. 0. 1. 0.
0.005 -1. 0. 107.727 1. 0.005 0. -145.984 0. 0. 1. 0.
0.004 -1. 0. 107.739 1. 0.004 0. -144.279 0. 0. 1. 0.
0.002 -1. 0. 107.753 1. 0.002 0. -142.521 0. 0. 1. 0.
0.002 -1. 0. 107.779 1. 0.002 0. -140.731 0. 0. 1. 0.
0.002 -1. 0. 107.767 1. 0.002 0. -138.931 0. 0. 1. 0.
0.003 -1. 0. 107.765 1. 0.003 0. -137.099 0. 0. 1. 0.
0.003 -1. 0. 107.786 1. 0.003 0. -135.261 0. 0. 1. 0.
0.007 -1. 0. 107.795 1. 0.007 0. -133.406 0. 0. 1. 0.
0.009 -1. 0. 107.821 1. 0.009 0. -131.531 0. 0. 1. 0.
0.008 -1. 0. 107.845 1. 0.008 0. -129.676 0. 0. 1. 0.
0.007 -1. 0. 107.883 1. 0.007 0. -127.770 0. 0. 1. 0.
0.006 -1. 0. 107.883 1. 0.006 0. -125.898 0. 0. 1. 0.
0.008 -1. 0. 107.908 1. 0.008 0. -124.006 0. 0. 1. 0.
0.009 -1. 0. 107.944 1. 0.009 0. -122.109 0. 0. 1. 0.
