1564718064522290 0.83126 0.55588 -0.00000 -2531604.64127 -0.55588 0.83126 0.00000 -3150056.89828 0.00000 -0.00000 1.00000 0.00000
1564718064773446 0.83024 0.55741 -0.00000 -2537378.49862 -0.55741 0.83024 0.00000 -3145408.49347 0.00000 -0.00000 1.00000 0.00000
1564718065024058 0.82879 0.55956 -0.00000 -2545555.68660 -0.55956 0.82879 0.00000 -3138795.08344 0.00000 -0.00000 1.00000 0.00000
1564718065275160 0.82645 0.56302 -0.00000 -2558622.94297 -0.56302 0.82645 0.00000 -3128153.03809 0.00000 -0.00000 1.00000 0.00000
1564718065526095 0.82411 0.56643 -0.00000 -2571551.08426 -0.56643 0.82411 0.00000 -3117534.70956 0.00000 -0.00000 1.00000 0.00000
1564718065777085 0.82172 0.56990 -0.00000 -2584651.05709 -0.56990 0.82172 0.00000 -3106683.40811 0.00000 -0.00000 1.00000 0.00000
1564718066027766 0.81926 0.57342 -0.00000 -2597957.33585 -0.57342 0.81926 0.00000 -3095565.56796 0.00000 -0.00000 1.00000 0.00000
1564718066277853 0.81674 0.57700 -0.00000 -2611511.34492 -0.57700 0.81674 0.00000 -3084140.55994 0.00000 -0.00000 1.00000 0.00000
1564718066529443 0.81423 0.58054 -0.00000 -2624870.35515 -0.58054 0.81423 0.00000 -3072779.93709 0.00000 -0.00000 1.00000 0.00000
1564718066780102 0.81197 0.58369 -0.00000 -2636761.63444 -0.58369 0.81197 0.00000 -3062583.19322 0.00000 -0.00000 1.00000 0.00000
1564718067031026 0.81004 0.58638 -0.00000 -2646888.69746 -0.58638 0.81004 0.00000 -3053836.14469 0.00000 -0.00000 1.00000 0.00000
1564718067281601 0.80869 0.58823 -0.00000 -2653869.43475 -0.58823 0.80869 0.00000 -3047772.89639 0.00000 -0.00000 1.00000 0.00000
1564718067532607 0.80742 0.58998 -0.00000 -2660468.61538 -0.58998 0.80742 0.00000 -3042015.35171 0.00000 -0.00000 1.00000 0.00000
1564718067783895 0.80615 0.59171 -0.00000 -2666984.73323 -0.59171 0.80615 0.00000 -3036305.57366 0.00000 -0.00000 1.00000 0.00000
1564718068034450 0.80541 0.59272 -0.00000 -2670803.33540 -0.59272 0.80541 0.00000 -3032948.64006 0.00000 -0.00000 1.00000 0.00000
1564718068285200 0.80681 0.59081 -0.00000 -2663590.95039 -0.59081 0.80681 0.00000 -3039286.15277 0.00000 -0.00000 1.00000 0.00000
1564718068536768 0.80843 0.58859 -0.00000 -2655240.32968 -0.58859 0.80843 0.00000 -3046585.85835 0.00000 -0.00000 1.00000 0.00000
1564718068787068 0.81105 0.58498 -0.00000 -2641636.48597 -0.58498 0.81105 0.00000 -3058390.60293 0.00000 -0.00000 1.00000 0.00000
1564718069037566 0.81379 0.58116 -0.00000 -2627217.39082 -0.58116 0.81379 0.00000 -3070787.39932 0.00000 -0.00000 1.00000 0.00000
1564718069288272 0.81660 0.57721 -0.00000 -2612308.00330 -0.57721 0.81660 0.00000 -3083482.39991 0.00000 -0.00000 1.00000 0.00000
1564718069538701 0.81812 0.57505 -0.00000 -2604148.63642 -0.57505 0.81812 0.00000 -3090378.16561 0.00000 -0.00000 1.00000 0.00000
1564718069789653 0.81799 0.57523 -0.00000 -2604850.05042 -0.57523 0.81799 0.00000 -3089788.71175 0.00000 -0.00000 1.00000 0.00000
1564718070040274 0.81767 0.57569 -0.00000 -2606578.49407 -0.57569 0.81767 0.00000 -3088332.50438 0.00000 -0.00000 1.00000 0.00000
1564718070290894 0.81718 0.57639 -0.00000 -2609215.28783 -0.57639 0.81718 0.00000 -3086106.93738 0.00000 -0.00000 1.00000 0.00000
1564718070541490 0.81577 0.57838 -0.00000 -2616732.47179 -0.57838 0.81577 0.00000 -3079737.55246 0.00000 -0.00000 1.00000 0.00000
1564718070792569 0.81313 0.58208 -0.00000 -2630720.05599 -0.58208 0.81313 0.00000 -3067799.93768 0.00000 -0.00000 1.00000 0.00000
1564718071043130 0.80913 0.58763 -0.00000 -2651643.82618 -0.58763 0.80913 0.00000 -3049734.75475 0.00000 -0.00000 1.00000 0.00000
1564718071294492 0.80486 0.59347 -0.00000 -2673638.26011 -0.59347 0.80486 0.00000 -3030473.31423 0.00000 -0.00000 1.00000 0.00000
1564718071544659 0.79970 0.60040 -0.00000 -2699730.37801 -0.60040 0.79970 0.00000 -3007254.42649 0.00000 -0.00000 1.00000 0.00000
1564718071794910 0.79326 0.60888 -0.00000 -2731578.84171 -0.60888 0.79326 0.00000 -2978357.61085 0.00000 -0.00000 1.00000 0.00000
1564718072045313 0.78574 0.61855 -0.00000 -2767863.67638 -0.61855 0.78574 0.00000 -2944670.07884 0.00000 -0.00000 1.00000 0.00000
1564718072295742 0.77747 0.62892 -0.00000 -2806686.99416 -0.62892 0.77747 0.00000 -2907692.19653 0.00000 -0.00000 1.00000 0.00000
1564718072545539 0.76865 0.63967 -0.00000 -2846838.81410 -0.63967 0.76865 0.00000 -2868394.94730 0.00000 -0.00000 1.00000 0.00000
1564718072796155 0.76017 0.64972 -0.00000 -2884330.79211 -0.64972 0.76017 0.00000 -2830694.66803 0.00000 -0.00000 1.00000 0.00000
1564718073048253 0.75395 0.65694 -0.00000 -2911169.21191 -0.65694 0.75395 0.00000 -2803088.72588 0.00000 -0.00000 1.00000 0.00000
1564718073299128 0.75010 0.66133 -0.00000 -2927493.29770 -0.66133 0.75010 0.00000 -2786038.76294 0.00000 -0.00000 1.00000 0.00000
1564718073550171 0.74776 0.66397 -0.00000 -2937313.04947 -0.66397 0.74776 0.00000 -2775686.91341 0.00000 -0.00000 1.00000 0.00000
1564718073800215 0.74704 0.66478 -0.00000 -2940300.41807 -0.66478 0.74704 0.00000 -2772525.25219 0.00000 -0.00000 1.00000 0.00000
1564718074050237 0.75002 0.66141 -0.00000 -2927807.51619 -0.66141 0.75002 0.00000 -2785717.72570 0.00000 -0.00000 1.00000 0.00000
1564718074301135 0.75334 0.65763 -0.00000 -2913766.91597 -0.65763 0.75334 0.00000 -2800403.53622 0.00000 -0.00000 1.00000 0.00000
1564718074551084 0.75744 0.65290 -0.00000 -2896183.52450 -0.65290 0.75744 0.00000 -2818587.62577 0.00000 -0.00000 1.00000 0.00000
1564718074801932 0.76152 0.64814 -0.00000 -2878443.45143 -0.64814 0.76152 0.00000 -2836705.17997 0.00000 -0.00000 1.00000 0.00000
1564718075052888 0.76552 0.64342 -0.00000 -2860850.97553 -0.64342 0.76552 0.00000 -2854449.61222 0.00000 -0.00000 1.00000 0.00000
1564718075302085 0.76925 0.63894 -0.00000 -2844173.23534 -0.63894 0.76925 0.00000 -2871070.78838 0.00000 -0.00000 1.00000 0.00000
1564718075552626 0.77148 0.63626 -0.00000 -2834135.80091 -0.63626 0.77148 0.00000 -2880982.69395 0.00000 -0.00000 1.00000 0.00000
1564718075803334 0.77327 0.63407 -0.00000 -2825987.25241 -0.63407 0.77327 0.00000 -2888979.26901 0.00000 -0.00000 1.00000 0.00000
1564718076053995 0.77400 0.63318 -0.00000 -2822670.90939 -0.63318 0.77400 0.00000 -2892222.70549 0.00000 -0.00000 1.00000 0.00000
1564718076303805 0.77439 0.63271 -0.00000 -2820896.01681 -0.63271 0.77439 0.00000 -2893956.96823 0.00000 -0.00000 1.00000 0.00000
1564718076555029 0.77459 0.63246 -0.00000 -2819963.54665 -0.63246 0.77459 0.00000 -2894868.69739 0.00000 -0.00000 1.00000 0.00000
1564718076805964 0.77574 0.63105 -0.00000 -2814712.63221 -0.63105 0.77574 0.00000 -2899977.53452 0.00000 -0.00000 1.00000 0.00000
1564718077055969 0.77771 0.62862 -0.00000 -2805616.40481 -0.62862 0.77771 0.00000 -2908781.72732 0.00000 -0.00000 1.00000 0.00000
1564718077305530 0.77966 0.62620 -0.00000 -2796571.23359 -0.62620 0.77966 0.00000 -2917482.05908 0.00000 -0.00000 1.00000 0.00000
1564718077557178 0.78123 0.62424 -0.00000 -2789235.63158 -0.62424 0.78123 0.00000 -2924499.01675 0.00000 -0.00000 1.00000 0.00000
1564718077807365 0.78100 0.62453 -0.00000 -2790343.38714 -0.62453 0.78100 0.00000 -2923445.07821 0.00000 -0.00000 1.00000 0.00000
1564718078058083 0.78006 0.62571 -0.00000 -2794746.67602 -0.62571 0.78006 0.00000 -2919238.91452 0.00000 -0.00000 1.00000 0.00000
1564718078308250 0.77919 0.62679 -0.00000 -2798780.66372 -0.62679 0.77919 0.00000 -2915374.62711 0.00000 -0.00000 1.00000 0.00000
1564718078559032 0.77850 0.62764 -0.00000 -2801980.45572 -0.62764 0.77850 0.00000 -2912302.43952 0.00000 -0.00000 1.00000 0.00000
1564718078809561 0.77850 0.62764 -0.00000 -2801980.34413 -0.62764 0.77850 0.00000 -2912305.54366 0.00000 -0.00000 1.00000 0.00000
1564718079060613 0.77985 0.62597 -0.00000 -2795724.76451 -0.62597 0.77985 0.00000 -2918314.22558 0.00000 -0.00000 1.00000 0.00000
1564718079310959 0.78128 0.62418 -0.00000 -2789028.58650 -0.62418 0.78128 0.00000 -2924717.41096 0.00000 -0.00000 1.00000 0.00000
1564718079561567 0.78246 0.62271 -0.00000 -2783519.07610 -0.62271 0.78246 0.00000 -2929964.39176 0.00000 -0.00000 1.00000 0.00000
1564718079812150 0.78201 0.62326 -0.00000 -2785613.27702 -0.62326 0.78201 0.00000 -2927976.39158 0.00000 -0.00000 1.00000 0.00000
1564718080062783 0.78131 0.62414 -0.00000 -2788892.93029 -0.62414 0.78131 0.00000 -2924855.65101 0.00000 -0.00000 1.00000 0.00000
1564718080313697 0.78194 0.62335 -0.00000 -2785940.81212 -0.62335 0.78194 0.00000 -2927670.67479 0.00000 -0.00000 1.00000 0.00000
1564718080564076 0.78332 0.62162 -0.00000 -2779450.93808 -0.62162 0.78332 0.00000 -2933835.64005 0.00000 -0.00000 1.00000 0.00000
1564718080814351 0.78460 0.62001 -0.00000 -2773428.68752 -0.62001 0.78460 0.00000 -2939532.20215 0.00000 -0.00000 1.00000 0.00000
1564718081064446 0.78493 0.61958 -0.00000 -2771821.09593 -0.61958 0.78493 0.00000 -2941051.03417 0.00000 -0.00000 1.00000 0.00000
1564718081315381 0.78383 0.62097 -0.00000 -2777038.07247 -0.62097 0.78383 0.00000 -2936128.44331 0.00000 -0.00000 1.00000 0.00000
1564718081566143 0.78284 0.62223 -0.00000 -2781745.79839 -0.62223 0.78284 0.00000 -2931671.58273 0.00000 -0.00000 1.00000 0.00000
1564718081815273 0.78191 0.62340 -0.00000 -2786134.77501 -0.62340 0.78191 0.00000 -2927503.73374 0.00000 -0.00000 1.00000 0.00000
1564718082065743 0.78158 0.62380 -0.00000 -2787658.44204 -0.62380 0.78158 0.00000 -2926055.84078 0.00000 -0.00000 1.00000 0.00000
1564718082319254 0.78115 0.62434 -0.00000 -2789684.13740 -0.62434 0.78115 0.00000 -2924127.63687 0.00000 -0.00000 1.00000 0.00000
1564718082567655 0.78085 0.62472 -0.00000 -2791106.52952 -0.62472 0.78085 0.00000 -2922772.92791 0.00000 -0.00000 1.00000 0.00000
1564718082818233 0.78049 0.62517 -0.00000 -2792788.98024 -0.62517 0.78049 0.00000 -2921168.31225 0.00000 -0.00000 1.00000 0.00000
1564718083068899 0.78063 0.62500 -0.00000 -2792137.34638 -0.62500 0.78063 0.00000 -2921794.14792 0.00000 -0.00000 1.00000 0.00000
1564718083319443 0.78139 0.62404 -0.00000 -2788552.80021 -0.62404 0.78139 0.00000 -2925218.42537 0.00000 -0.00000 1.00000 0.00000
1564718083569041 0.78235 0.62283 -0.00000 -2784045.36947 -0.62283 0.78235 0.00000 -2929511.62328 0.00000 -0.00000 1.00000 0.00000
1564718083820122 0.78284 0.62222 -0.00000 -2781760.36875 -0.62222 0.78284 0.00000 -2931684.44972 0.00000 -0.00000 1.00000 0.00000
1564718084070321 0.78334 0.62159 -0.00000 -2779387.37152 -0.62159 0.78334 0.00000 -2933937.23727 0.00000 -0.00000 1.00000 0.00000
1564718084320495 0.78221 0.62302 -0.00000 -2784747.03740 -0.62302 0.78221 0.00000 -2928853.60159 0.00000 -0.00000 1.00000 0.00000
1564718084571461 0.78083 0.62474 -0.00000 -2791205.10150 -0.62474 0.78083 0.00000 -2922702.72302 0.00000 -0.00000 1.00000 0.00000
1564718084821735 0.77996 0.62583 -0.00000 -2795266.46086 -0.62583 0.77996 0.00000 -2918821.70128 0.00000 -0.00000 1.00000 0.00000
1564718085071832 0.77964 0.62623 -0.00000 -2796779.06159 -0.62623 0.77964 0.00000 -2917375.39734 0.00000 -0.00000 1.00000 0.00000
1564718085322598 0.77995 0.62584 -0.00000 -2795314.65573 -0.62584 0.77995 0.00000 -2918781.61911 0.00000 -0.00000 1.00000 0.00000
1564718085572697 0.78068 0.62493 -0.00000 -2791936.24940 -0.62493 0.78068 0.00000 -2922016.38233 0.00000 -0.00000 1.00000 0.00000
1564718085822948 0.78152 0.62387 -0.00000 -2787971.59738 -0.62387 0.78152 0.00000 -2925802.36786 0.00000 -0.00000 1.00000 0.00000
1564718086073208 0.78366 0.62119 -0.00000 -2777927.20790 -0.62119 0.78366 0.00000 -2935343.71926 0.00000 -0.00000 1.00000 0.00000
1564718086323461 0.78578 0.61850 -0.00000 -2767861.61711 -0.61850 0.78578 0.00000 -2944839.81726 0.00000 -0.00000 1.00000 0.00000
1564718086573605 0.78813 0.61550 -0.00000 -2756621.80106 -0.61550 0.78813 0.00000 -2955366.74559 0.00000 -0.00000 1.00000 0.00000
1564718086823618 0.78909 0.61427 -0.00000 -2752002.60937 -0.61427 0.78909 0.00000 -2959671.38379 0.00000 -0.00000 1.00000 0.00000
1564718087073680 0.78989 0.61325 -0.00000 -2748179.14658 -0.61325 0.78989 0.00000 -2963224.78531 0.00000 -0.00000 1.00000 0.00000
1564718087324440 0.78924 0.61408 -0.00000 -2751292.81340 -0.61408 0.78924 0.00000 -2960336.88542 0.00000 -0.00000 1.00000 0.00000
1564718087574699 0.78775 0.61599 -0.00000 -2758469.30292 -0.61599 0.78775 0.00000 -2953653.75811 0.00000 -0.00000 1.00000 0.00000
1564718087824904 0.78677 0.61725 -0.00000 -2763177.55024 -0.61725 0.78677 0.00000 -2949252.44671 0.00000 -0.00000 1.00000 0.00000
1564718088074674 0.78698 0.61698 -0.00000 -2762176.70969 -0.61698 0.78698 0.00000 -2950192.65593 0.00000 -0.00000 1.00000 0.00000
1564718088325298 0.78498 0.61952 -0.00000 -2771709.48894 -0.61952 0.78498 0.00000 -2941241.29513 0.00000 -0.00000 1.00000 0.00000
1564718088575838 0.78166 0.62371 -0.00000 -2787381.86625 -0.62371 0.78166 0.00000 -2926395.92401 0.00000 -0.00000 1.00000 0.00000
1564718088825903 0.77858 0.62754 -0.00000 -2801733.28383 -0.62754 0.77858 0.00000 -2912661.72101 0.00000 -0.00000 1.00000 0.00000
1564718089076055 0.77621 0.63048 -0.00000 -2812716.19161 -0.63048 0.77621 0.00000 -2902060.01474 0.00000 -0.00000 1.00000 0.00000
1564718089325792 0.77558 0.63124 -0.00000 -2815580.42887 -0.63124 0.77558 0.00000 -2899284.15690 0.00000 -0.00000 1.00000 0.00000
1564718089579252 0.77617 0.63052 -0.00000 -2812885.77626 -0.63052 0.77617 0.00000 -2901901.53970 0.00000 -0.00000 1.00000 0.00000
1564718089828377 0.77828 0.62792 -0.00000 -2803147.69933 -0.62792 0.77828 0.00000 -2911312.17357 0.00000 -0.00000 1.00000 0.00000
1564718090077722 0.78023 0.62549 -0.00000 -2794072.21110 -0.62549 0.78023 0.00000 -2920026.13295 0.00000 -0.00000 1.00000 0.00000
1564718090329316 0.78234 0.62286 -0.00000 -2784214.83069 -0.62286 0.78234 0.00000 -2929429.38758 0.00000 -0.00000 1.00000 0.00000
1564718090578571 0.78352 0.62137 -0.00000 -2778636.09461 -0.62137 0.78352 0.00000 -2934724.26623 0.00000 -0.00000 1.00000 0.00000
1564718090827852 0.78383 0.62097 -0.00000 -2777166.81184 -0.62097 0.78383 0.00000 -2936117.46377 0.00000 -0.00000 1.00000 0.00000
1564718091078629 0.78390 0.62089 -0.00000 -2776845.35498 -0.62089 0.78390 0.00000 -2936424.24026 0.00000 -0.00000 1.00000 0.00000
1564718091329527 0.78426 0.62043 -0.00000 -2775132.40966 -0.62043 0.78426 0.00000 -2938045.90264 0.00000 -0.00000 1.00000 0.00000
1564718091579353 0.78500 0.61950 -0.00000 -2771645.24987 -0.61950 0.78500 0.00000 -2941338.52917 0.00000 -0.00000 1.00000 0.00000
1564718091829471 0.78562 0.61871 -0.00000 -2768689.23056 -0.61871 0.78562 0.00000 -2944123.94791 0.00000 -0.00000 1.00000 0.00000
1564718092079487 0.78617 0.61801 -0.00000 -2766078.29594 -0.61801 0.78617 0.00000 -2946579.86422 0.00000 -0.00000 1.00000 0.00000
1564718092329829 0.78622 0.61795 -0.00000 -2765867.31458 -0.61795 0.78622 0.00000 -2946780.66955 0.00000 -0.00000 1.00000 0.00000
1564718092580712 0.78620 0.61797 -0.00000 -2765945.53743 -0.61797 0.78620 0.00000 -2946710.02430 0.00000 -0.00000 1.00000 0.00000
1564718092830711 0.78651 0.61758 -0.00000 -2764462.48943 -0.61758 0.78651 0.00000 -2948104.17024 0.00000 -0.00000 1.00000 0.00000
1564718093081320 0.78658 0.61749 -0.00000 -2764133.70186 -0.61749 0.78658 0.00000 -2948415.24412 0.00000 -0.00000 1.00000 0.00000
1564718093331445 0.78564 0.61869 -0.00000 -2768641.28366 -0.61869 0.78564 0.00000 -2944185.74284 0.00000 -0.00000 1.00000 0.00000
1564718093582419 0.78495 0.61956 -0.00000 -2771900.56909 -0.61956 0.78495 0.00000 -2941120.24926 0.00000 -0.00000 1.00000 0.00000
1564718093832659 0.78444 0.62020 -0.00000 -2774323.80930 -0.62020 0.78444 0.00000 -2938837.43361 0.00000 -0.00000 1.00000 0.00000
1564718094083776 0.78390 0.62088 -0.00000 -2776869.59965 -0.62088 0.78390 0.00000 -2936434.99906 0.00000 -0.00000 1.00000 0.00000
1564718094333896 0.78379 0.62103 -0.00000 -2777418.56508 -0.62103 0.78379 0.00000 -2935918.73535 0.00000 -0.00000 1.00000 0.00000
1564718094583612 0.78358 0.62129 -0.00000 -2778410.27536 -0.62129 0.78358 0.00000 -2934983.22188 0.00000 -0.00000 1.00000 0.00000
1564718094834631 0.78370 0.62114 -0.00000 -2777858.41723 -0.62114 0.78370 0.00000 -2935508.55254 0.00000 -0.00000 1.00000 0.00000
1564718095085174 0.78407 0.62068 -0.00000 -2776105.56174 -0.62068 0.78407 0.00000 -2937169.31326 0.00000 -0.00000 1.00000 0.00000
1564718095335554 0.78424 0.62046 -0.00000 -2775295.28336 -0.62046 0.78424 0.00000 -2937938.03129 0.00000 -0.00000 1.00000 0.00000
1564718095585776 0.78394 0.62084 -0.00000 -2776716.78681 -0.62084 0.78394 0.00000 -2936597.65561 0.00000 -0.00000 1.00000 0.00000
1564718095835890 0.78359 0.62127 -0.00000 -2778354.91314 -0.62127 0.78359 0.00000 -2935050.95370 0.00000 -0.00000 1.00000 0.00000
1564718096085685 0.78327 0.62169 -0.00000 -2779906.65635 -0.62169 0.78327 0.00000 -2933584.41659 0.00000 -0.00000 1.00000 0.00000
1564718096335247 0.78331 0.62164 -0.00000 -2779716.88758 -0.62164 0.78331 0.00000 -2933767.42703 0.00000 -0.00000 1.00000 0.00000
1564718096585691 0.78309 0.62191 -0.00000 -2780735.28513 -0.62191 0.78309 0.00000 -2932805.37135 0.00000 -0.00000 1.00000 0.00000
1564718096835677 0.78296 0.62208 -0.00000 -2781378.61491 -0.62208 0.78296 0.00000 -2932198.47915 0.00000 -0.00000 1.00000 0.00000
1564718097086285 0.78297 0.62206 -0.00000 -2781311.16579 -0.62206 0.78297 0.00000 -2932265.71417 0.00000 -0.00000 1.00000 0.00000
1564718097338807 0.78295 0.62209 -0.00000 -2781424.30098 -0.62209 0.78295 0.00000 -2932161.73980 0.00000 -0.00000 1.00000 0.00000
1564718097588621 0.78337 0.62156 -0.00000 -2779437.07324 -0.62156 0.78337 0.00000 -2934048.81989 0.00000 -0.00000 1.00000 0.00000
1564718097838988 0.78406 0.62069 -0.00000 -2776188.25350 -0.62069 0.78406 0.00000 -2937126.33128 0.00000 -0.00000 1.00000 0.00000
1564718098089457 0.78472 0.61985 -0.00000 -2773054.16867 -0.61985 0.78472 0.00000 -2940088.86254 0.00000 -0.00000 1.00000 0.00000
1564718098340120 0.78534 0.61907 -0.00000 -2770123.60204 -0.61907 0.78534 0.00000 -2942853.57271 0.00000 -0.00000 1.00000 0.00000
1564718098590252 0.78579 0.61849 -0.00000 -2767968.74227 -0.61849 0.78579 0.00000 -2944883.82782 0.00000 -0.00000 1.00000 0.00000
1564718098840429 0.78601 0.61822 -0.00000 -2766939.69445 -0.61822 0.78601 0.00000 -2945854.07664 0.00000 -0.00000 1.00000 0.00000
1564718099090360 0.78604 0.61818 -0.00000 -2766797.05365 -0.61818 0.78604 0.00000 -2945991.44995 0.00000 -0.00000 1.00000 0.00000
1564718099340175 0.78574 0.61855 -0.00000 -2768205.98449 -0.61855 0.78574 0.00000 -2944671.04055 0.00000 -0.00000 1.00000 0.00000
1564718099590172 0.78562 0.61871 -0.00000 -2768816.65506 -0.61871 0.78562 0.00000 -2944100.27294 0.00000 -0.00000 1.00000 0.00000
1564718099840094 0.78548 0.61889 -0.00000 -2769478.61781 -0.61889 0.78548 0.00000 -2943480.96360 0.00000 -0.00000 1.00000 0.00000
1564718100090325 0.78550 0.61886 -0.00000 -2769377.73389 -0.61886 0.78550 0.00000 -2943579.27388 0.00000 -0.00000 1.00000 0.00000
1564718100340241 0.78551 0.61885 -0.00000 -2769322.95227 -0.61885 0.78551 0.00000 -2943634.23567 0.00000 -0.00000 1.00000 0.00000
1564718100590871 0.78452 0.62010 -0.00000 -2774016.90518 -0.62010 0.78452 0.00000 -2939214.57514 0.00000 -0.00000 1.00000 0.00000
1564718100841705 0.78312 0.62187 -0.00000 -2780648.25555 -0.62187 0.78312 0.00000 -2932945.17566 0.00000 -0.00000 1.00000 0.00000
1564718101091550 0.78175 0.62360 -0.00000 -2787132.45414 -0.62360 0.78175 0.00000 -2926787.48699 0.00000 -0.00000 1.00000 0.00000
1564718101341893 0.78069 0.62491 -0.00000 -2792060.61824 -0.62491 0.78069 0.00000 -2922090.05984 0.00000 -0.00000 1.00000 0.00000
1564718101591656 0.78095 0.62460 -0.00000 -2790876.58457 -0.62460 0.78095 0.00000 -2923224.40875 0.00000 -0.00000 1.00000 0.00000
1564718101842633 0.78180 0.62353 -0.00000 -2786900.32577 -0.62353 0.78180 0.00000 -2927018.94162 0.00000 -0.00000 1.00000 0.00000
1564718102093265 0.78270 0.62239 -0.00000 -2782636.18507 -0.62239 0.78270 0.00000 -2931076.52853 0.00000 -0.00000 1.00000 0.00000
1564718102342988 0.78339 0.62153 -0.00000 -2779394.45761 -0.62153 0.78339 0.00000 -2934154.18546 0.00000 -0.00000 1.00000 0.00000
1564718102593682 0.78382 0.62098 -0.00000 -2777365.79704 -0.62098 0.78382 0.00000 -2936077.98643 0.00000 -0.00000 1.00000 0.00000
1564718102843575 0.78421 0.62050 -0.00000 -2775550.61626 -0.62050 0.78421 0.00000 -2937797.42842 0.00000 -0.00000 1.00000 0.00000
1564718103094153 0.78469 0.61989 -0.00000 -2773273.01761 -0.61989 0.78469 0.00000 -2939951.06433 0.00000 -0.00000 1.00000 0.00000
1564718103344428 0.78527 0.61916 -0.00000 -2770536.79018 -0.61916 0.78527 0.00000 -2942533.29009 0.00000 -0.00000 1.00000 0.00000
1564718103594763 0.78576 0.61853 -0.00000 -2768181.92846 -0.61853 0.78576 0.00000 -2944752.20884 0.00000 -0.00000 1.00000 0.00000
1564718103844791 0.78631 0.61784 -0.00000 -2765590.70752 -0.61784 0.78631 0.00000 -2947189.37541 0.00000 -0.00000 1.00000 0.00000
1564718104095305 0.78643 0.61767 -0.00000 -2764982.62778 -0.61767 0.78643 0.00000 -2947763.37847 0.00000 -0.00000 1.00000 0.00000
1564718104345651 0.78604 0.61817 -0.00000 -2766854.92289 -0.61817 0.78604 0.00000 -2946009.61106 0.00000 -0.00000 1.00000 0.00000
1564718104595311 0.78561 0.61872 -0.00000 -2768916.93742 -0.61872 0.78561 0.00000 -2944075.14021 0.00000 -0.00000 1.00000 0.00000
1564718104845231 0.78532 0.61909 -0.00000 -2770312.01802 -0.61909 0.78532 0.00000 -2942765.93280 0.00000 -0.00000 1.00000 0.00000
1564718105096130 0.78458 0.62002 -0.00000 -2773800.76756 -0.62002 0.78458 0.00000 -2939481.29822 0.00000 -0.00000 1.00000 0.00000
1564718105344976 0.78369 0.62115 -0.00000 -2778043.36939 -0.62115 0.78369 0.00000 -2935475.62076 0.00000 -0.00000 1.00000 0.00000
1564718105595309 0.78258 0.62255 -0.00000 -2783272.67378 -0.62255 0.78258 0.00000 -2930521.49752 0.00000 -0.00000 1.00000 0.00000
1564718105845521 0.78174 0.62360 -0.00000 -2787221.83450 -0.62360 0.78174 0.00000 -2926769.25911 0.00000 -0.00000 1.00000 0.00000
1564718106095346 0.78099 0.62454 -0.00000 -2790750.50750 -0.62454 0.78099 0.00000 -2923408.35086 0.00000 -0.00000 1.00000 0.00000
1564718106345844 0.78091 0.62464 -0.00000 -2791117.02655 -0.62464 0.78091 0.00000 -2923062.02003 0.00000 -0.00000 1.00000 0.00000
1564718106597320 0.78175 0.62359 -0.00000 -2787177.20100 -0.62359 0.78175 0.00000 -2926822.46208 0.00000 -0.00000 1.00000 0.00000
1564718106846393 0.78289 0.62216 -0.00000 -2781830.79588 -0.62216 0.78289 0.00000 -2931907.92982 0.00000 -0.00000 1.00000 0.00000
1564718107096755 0.78340 0.62152 -0.00000 -2779445.77424 -0.62152 0.78340 0.00000 -2934172.51188 0.00000 -0.00000 1.00000 0.00000
1564718107347458 0.78355 0.62132 -0.00000 -2778707.33608 -0.62132 0.78355 0.00000 -2934875.33966 0.00000 -0.00000 1.00000 0.00000
1564718107597650 0.78383 0.62097 -0.00000 -2777389.01870 -0.62097 0.78383 0.00000 -2936126.37652 0.00000 -0.00000 1.00000 0.00000
1564718107847996 0.78398 0.62078 -0.00000 -2776696.52982 -0.62078 0.78398 0.00000 -2936784.67819 0.00000 -0.00000 1.00000 0.00000
1564718108097632 0.78425 0.62045 -0.00000 -2775439.88458 -0.62045 0.78425 0.00000 -2937975.73671 0.00000 -0.00000 1.00000 0.00000
1564718108348625 0.78460 0.62000 -0.00000 -2773758.02988 -0.62000 0.78460 0.00000 -2939567.10949 0.00000 -0.00000 1.00000 0.00000
1564718108598717 0.78439 0.62027 -0.00000 -2774773.10571 -0.62027 0.78439 0.00000 -2938612.36566 0.00000 -0.00000 1.00000 0.00000
1564718108849719 0.78383 0.62097 -0.00000 -2777414.62261 -0.62097 0.78383 0.00000 -2936119.28900 0.00000 -0.00000 1.00000 0.00000
1564718109099146 0.78326 0.62169 -0.00000 -2780119.22661 -0.62169 0.78326 0.00000 -2933561.94822 0.00000 -0.00000 1.00000 0.00000
1564718109349239 0.78286 0.62219 -0.00000 -2781991.92826 -0.62219 0.78286 0.00000 -2931789.54363 0.00000 -0.00000 1.00000 0.00000
1564718109599730 0.78264 0.62248 -0.00000 -2783058.71224 -0.62248 0.78264 0.00000 -2930780.33735 0.00000 -0.00000 1.00000 0.00000
1564718109849920 0.78248 0.62268 -0.00000 -2783826.29039 -0.62268 0.78248 0.00000 -2930054.67376 0.00000 -0.00000 1.00000 0.00000
1564718110100171 0.78226 0.62295 -0.00000 -2784853.55681 -0.62295 0.78226 0.00000 -2929081.78796 0.00000 -0.00000 1.00000 0.00000
1564718110350229 0.78269 0.62241 -0.00000 -2782818.36243 -0.62241 0.78269 0.00000 -2931018.90672 0.00000 -0.00000 1.00000 0.00000
1564718110600179 0.78305 0.62196 -0.00000 -2781125.38614 -0.62196 0.78305 0.00000 -2932628.78921 0.00000 -0.00000 1.00000 0.00000
1564718110850402 0.78360 0.62126 -0.00000 -2778525.91573 -0.62126 0.78360 0.00000 -2935095.20147 0.00000 -0.00000 1.00000 0.00000
1564718111101025 0.78421 0.62050 -0.00000 -2775666.27377 -0.62050 0.78421 0.00000 -2937803.12423 0.00000 -0.00000 1.00000 0.00000
1564718111351288 0.78433 0.62034 -0.00000 -2775094.94419 -0.62034 0.78433 0.00000 -2938346.30790 0.00000 -0.00000 1.00000 0.00000
1564718111601180 0.78391 0.62087 -0.00000 -2777078.83201 -0.62087 0.78391 0.00000 -2936474.81309 0.00000 -0.00000 1.00000 0.00000
1564718111851831 0.78319 0.62178 -0.00000 -2780471.52136 -0.62178 0.78319 0.00000 -2933266.01363 0.00000 -0.00000 1.00000 0.00000
1564718112101965 0.78305 0.62196 -0.00000 -2781145.91925 -0.62196 0.78305 0.00000 -2932630.09024 0.00000 -0.00000 1.00000 0.00000
1564718112352761 0.78215 0.62309 -0.00000 -2785412.88477 -0.62309 0.78215 0.00000 -2928581.17963 0.00000 -0.00000 1.00000 0.00000
1564718112602635 0.78102 0.62450 -0.00000 -2790685.71720 -0.62450 0.78102 0.00000 -2923560.55381 0.00000 -0.00000 1.00000 0.00000
1564718112852836 0.78131 0.62414 -0.00000 -2789350.47689 -0.62414 0.78131 0.00000 -2924838.01092 0.00000 -0.00000 1.00000 0.00000
1564718113102900 0.78332 0.62162 -0.00000 -2779913.89009 -0.62162 0.78332 0.00000 -2933812.00697 0.00000 -0.00000 1.00000 0.00000
1564718113352789 0.78499 0.61951 -0.00000 -2772009.70134 -0.61951 0.78499 0.00000 -2941284.95318 0.00000 -0.00000 1.00000 0.00000
1564718113603547 0.78659 0.61748 -0.00000 -2764400.40036 -0.61748 0.78659 0.00000 -2948441.27508 0.00000 -0.00000 1.00000 0.00000
1564718113853662 0.78653 0.61755 -0.00000 -2764674.01343 -0.61755 0.78653 0.00000 -2948188.18752 0.00000 -0.00000 1.00000 0.00000
1564718114104783 0.78553 0.61883 -0.00000 -2769455.92732 -0.61883 0.78553 0.00000 -2943700.16836 0.00000 -0.00000 1.00000 0.00000
1564718114355226 0.78467 0.61992 -0.00000 -2773546.44205 -0.61992 0.78467 0.00000 -2939849.99596 0.00000 -0.00000 1.00000 0.00000
1564718114605424 0.78338 0.62154 -0.00000 -2779637.43214 -0.62154 0.78338 0.00000 -2934095.15037 0.00000 -0.00000 1.00000 0.00000
1564718114855431 0.78272 0.62237 -0.00000 -2782747.53303 -0.62237 0.78272 0.00000 -2931149.17405 0.00000 -0.00000 1.00000 0.00000
1564718115104820 0.78231 0.62289 -0.00000 -2784688.42102 -0.62289 0.78231 0.00000 -2929308.91096 0.00000 -0.00000 1.00000 0.00000
1564718115355422 0.78322 0.62174 -0.00000 -2780384.94178 -0.62174 0.78322 0.00000 -2933397.55106 0.00000 -0.00000 1.00000 0.00000
1564718115605529 0.78376 0.62107 -0.00000 -2777867.45328 -0.62107 0.78376 0.00000 -2935785.24065 0.00000 -0.00000 1.00000 0.00000
1564718115856356 0.78461 0.61999 -0.00000 -2773847.84642 -0.61999 0.78461 0.00000 -2939586.97777 0.00000 -0.00000 1.00000 0.00000
1564718116108215 0.78531 0.61911 -0.00000 -2770535.93058 -0.61911 0.78531 0.00000 -2942712.25679 0.00000 -0.00000 1.00000 0.00000
1564718116357210 0.78619 0.61798 -0.00000 -2766331.42150 -0.61798 0.78619 0.00000 -2946668.69893 0.00000 -0.00000 1.00000 0.00000
1564718116608482 0.78666 0.61738 -0.00000 -2764074.70284 -0.61738 0.78666 0.00000 -2948789.24783 0.00000 -0.00000 1.00000 0.00000
1564718116857913 0.78589 0.61836 -0.00000 -2767756.86361 -0.61836 0.78589 0.00000 -2945336.91386 0.00000 -0.00000 1.00000 0.00000
1564718117108554 0.78530 0.61912 -0.00000 -2770595.04619 -0.61912 0.78530 0.00000 -2942670.83466 0.00000 -0.00000 1.00000 0.00000
1564718117359073 0.78462 0.61997 -0.00000 -2773792.74267 -0.61997 0.78462 0.00000 -2939660.42245 0.00000 -0.00000 1.00000 0.00000
1564718117608849 0.78348 0.62142 -0.00000 -2779214.46552 -0.62142 0.78348 0.00000 -2934538.65543 0.00000 -0.00000 1.00000 0.00000
1564718117859533 0.78240 0.62278 -0.00000 -2784319.71213 -0.62278 0.78240 0.00000 -2929698.69999 0.00000 -0.00000 1.00000 0.00000
1564718118110138 0.78177 0.62357 -0.00000 -2787274.48280 -0.62357 0.78177 0.00000 -2926891.27772 0.00000 -0.00000 1.00000 0.00000
1564718118360203 0.78184 0.62348 -0.00000 -2786957.79754 -0.62348 0.78184 0.00000 -2927196.41237 0.00000 -0.00000 1.00000 0.00000
1564718118609934 0.78244 0.62272 -0.00000 -2784103.54736 -0.62272 0.78244 0.00000 -2929914.79225 0.00000 -0.00000 1.00000 0.00000
1564718118860242 0.78322 0.62175 -0.00000 -2780458.26546 -0.62175 0.78322 0.00000 -2933377.85784 0.00000 -0.00000 1.00000 0.00000
1564718119110846 0.78375 0.62108 -0.00000 -2777972.70265 -0.62108 0.78375 0.00000 -2935735.40389 0.00000 -0.00000 1.00000 0.00000
1564718119361265 0.78395 0.62082 -0.00000 -2777016.28681 -0.62082 0.78395 0.00000 -2936643.71291 0.00000 -0.00000 1.00000 0.00000
1564718119611214 0.78390 0.62089 -0.00000 -2777261.09928 -0.62089 0.78390 0.00000 -2936415.70181 0.00000 -0.00000 1.00000 0.00000
1564718119861635 0.78391 0.62088 -0.00000 -2777222.11976 -0.62088 0.78391 0.00000 -2936456.06805 0.00000 -0.00000 1.00000 0.00000
1564718120111288 0.78527 0.61915 -0.00000 -2770770.60220 -0.61915 0.78527 0.00000 -2942547.85778 0.00000 -0.00000 1.00000 0.00000
1564718120362053 0.78630 0.61785 -0.00000 -2765879.14961 -0.61785 0.78630 0.00000 -2947149.65048 0.00000 -0.00000 1.00000 0.00000
1564718120612041 0.78618 0.61800 -0.00000 -2766453.42567 -0.61800 0.78618 0.00000 -2946614.06334 0.00000 -0.00000 1.00000 0.00000
1564718120861420 0.78588 0.61838 -0.00000 -2767862.51693 -0.61838 0.78588 0.00000 -2945293.94095 0.00000 -0.00000 1.00000 0.00000
1564718121112231 0.78604 0.61818 -0.00000 -2767128.01516 -0.61818 0.78604 0.00000 -2945987.53907 0.00000 -0.00000 1.00000 0.00000
1564718121362845 0.78627 0.61788 -0.00000 -2766029.56773 -0.61788 0.78627 0.00000 -2947022.45589 0.00000 -0.00000 1.00000 0.00000
1564718121612722 0.78601 0.61821 -0.00000 -2767252.44027 -0.61821 0.78601 0.00000 -2945877.67841 0.00000 -0.00000 1.00000 0.00000
1564718121864244 0.78532 0.61909 -0.00000 -2770567.83192 -0.61909 0.78532 0.00000 -2942763.29000 0.00000 -0.00000 1.00000 0.00000
1564718122112255 0.78467 0.61992 -0.00000 -2773658.75663 -0.61992 0.78467 0.00000 -2939853.65196 0.00000 -0.00000 1.00000 0.00000
1564718122362468 0.78475 0.61981 -0.00000 -2773276.83085 -0.61981 0.78475 0.00000 -2940217.49738 0.00000 -0.00000 1.00000 0.00000
1564718122612724 0.78557 0.61877 -0.00000 -2769382.23075 -0.61877 0.78557 0.00000 -2943889.59074 0.00000 -0.00000 1.00000 0.00000
1564718122862596 0.78632 0.61782 -0.00000 -2765798.00376 -0.61782 0.78632 0.00000 -2947260.70536 0.00000 -0.00000 1.00000 0.00000
1564718123112846 0.78676 0.61725 -0.00000 -2763691.69168 -0.61725 0.78676 0.00000 -2949239.42387 0.00000 -0.00000 1.00000 0.00000
1564718123363568 0.78618 0.61800 -0.00000 -2766478.13207 -0.61800 0.78618 0.00000 -2946629.36489 0.00000 -0.00000 1.00000 0.00000
1564718123613616 0.78571 0.61860 -0.00000 -2768738.03304 -0.61860 0.78571 0.00000 -2944509.48741 0.00000 -0.00000 1.00000 0.00000
1564718123863979 0.78569 0.61862 -0.00000 -2768841.09041 -0.61862 0.78569 0.00000 -2944416.05358 0.00000 -0.00000 1.00000 0.00000
1564718124114374 0.78575 0.61854 -0.00000 -2768522.45771 -0.61854 0.78575 0.00000 -2944719.17909 0.00000 -0.00000 1.00000 0.00000
1564718124364416 0.78607 0.61814 -0.00000 -2767040.89199 -0.61814 0.78607 0.00000 -2946114.93913 0.00000 -0.00000 1.00000 0.00000
1564718124614537 0.78608 0.61812 -0.00000 -2766960.13525 -0.61812 0.78608 0.00000 -2946194.27169 0.00000 -0.00000 1.00000 0.00000
1564718124864721 0.78609 0.61811 -0.00000 -2766939.15460 -0.61811 0.78609 0.00000 -2946217.44444 0.00000 -0.00000 1.00000 0.00000
1564718125114599 0.78637 0.61775 -0.00000 -2765590.74199 -0.61775 0.78637 0.00000 -2947486.74280 0.00000 -0.00000 1.00000 0.00000
1564718125365221 0.78675 0.61727 -0.00000 -2763779.72006 -0.61727 0.78675 0.00000 -2949188.51567 0.00000 -0.00000 1.00000 0.00000
1564718125615113 0.78709 0.61684 -0.00000 -2762185.79507 -0.61684 0.78709 0.00000 -2950684.91281 0.00000 -0.00000 1.00000 0.00000
1564718125866894 0.78714 0.61678 -0.00000 -2761948.04210 -0.61678 0.78714 0.00000 -2950910.94774 0.00000 -0.00000 1.00000 0.00000
1564718126116133 0.78631 0.61783 -0.00000 -2765886.26008 -0.61783 0.78631 0.00000 -2947223.48053 0.00000 -0.00000 1.00000 0.00000
1564718126368672 0.78551 0.61884 -0.00000 -2769701.34911 -0.61884 0.78551 0.00000 -2943642.06612 0.00000 -0.00000 1.00000 0.00000
1564718126618274 0.78533 0.61908 -0.00000 -2770587.31879 -0.61908 0.78533 0.00000 -2942811.69717 0.00000 -0.00000 1.00000 0.00000
1564718126867815 0.78649 0.61760 -0.00000 -2765047.82227 -0.61760 0.78649 0.00000 -2948020.66142 0.00000 -0.00000 1.00000 0.00000
1564718127117686 0.78771 0.61605 -0.00000 -2759233.12041 -0.61605 0.78771 0.00000 -2953467.22046 0.00000 -0.00000 1.00000 0.00000
1564718127367886 0.78869 0.61479 -0.00000 -2754515.18895 -0.61479 0.78869 0.00000 -2957871.36710 0.00000 -0.00000 1.00000 0.00000
1564718127618259 0.78879 0.61466 -0.00000 -2754035.54904 -0.61466 0.78879 0.00000 -2958321.42999 0.00000 -0.00000 1.00000 0.00000
1564718127868536 0.78876 0.61470 -0.00000 -2754186.30252 -0.61470 0.78876 0.00000 -2958184.54257 0.00000 -0.00000 1.00000 0.00000
1564718128118653 0.78893 0.61448 -0.00000 -2753360.37596 -0.61448 0.78893 0.00000 -2958956.80839 0.00000 -0.00000 1.00000 0.00000
1564718128368838 0.78930 0.61401 -0.00000 -2751604.87322 -0.61401 0.78930 0.00000 -2960592.90250 0.00000 -0.00000 1.00000 0.00000
1564718128618744 0.78926 0.61405 -0.00000 -2751772.82419 -0.61405 0.78926 0.00000 -2960440.26579 0.00000 -0.00000 1.00000 0.00000
1564718128868795 0.78865 0.61484 -0.00000 -2754719.10830 -0.61484 0.78865 0.00000 -2957702.37725 0.00000 -0.00000 1.00000 0.00000
1564718129119778 0.78855 0.61497 -0.00000 -2755220.91744 -0.61497 0.78855 0.00000 -2957238.46117 0.00000 -0.00000 1.00000 0.00000
1564718129370416 0.78835 0.61523 -0.00000 -2756209.87892 -0.61523 0.78835 0.00000 -2956320.31143 0.00000 -0.00000 1.00000 0.00000
1564718129620665 0.78787 0.61585 -0.00000 -2758515.88012 -0.61585 0.78787 0.00000 -2954172.21234 0.00000 -0.00000 1.00000 0.00000
1564718129870532 0.78756 0.61623 -0.00000 -2759970.57125 -0.61623 0.78756 0.00000 -2952816.67602 0.00000 -0.00000 1.00000 0.00000
1564718130120742 0.78706 0.61688 -0.00000 -2762393.55658 -0.61688 0.78706 0.00000 -2950553.61287 0.00000 -0.00000 1.00000 0.00000
1564718130370927 0.78677 0.61724 -0.00000 -2763757.27604 -0.61724 0.78677 0.00000 -2949279.84263 0.00000 -0.00000 1.00000 0.00000
1564718130620970 0.78640 0.61772 -0.00000 -2765538.62760 -0.61772 0.78640 0.00000 -2947613.04650 0.00000 -0.00000 1.00000 0.00000
1564718130871524 0.78608 0.61813 -0.00000 -2767078.72386 -0.61813 0.78608 0.00000 -2946170.83364 0.00000 -0.00000 1.00000 0.00000
1564718131121774 0.78588 0.61838 -0.00000 -2768039.33646 -0.61838 0.78588 0.00000 -2945271.88554 0.00000 -0.00000 1.00000 0.00000
1564718131371798 0.78588 0.61838 -0.00000 -2768018.55743 -0.61838 0.78588 0.00000 -2945294.99404 0.00000 -0.00000 1.00000 0.00000
1564718131621749 0.78546 0.61891 -0.00000 -2770015.33368 -0.61891 0.78546 0.00000 -2943420.63007 0.00000 -0.00000 1.00000 0.00000
1564718131871930 0.78510 0.61937 -0.00000 -2771767.77501 -0.61937 0.78510 0.00000 -2941773.92074 0.00000 -0.00000 1.00000 0.00000
1564718132121737 0.78458 0.62003 -0.00000 -2774217.19245 -0.62003 0.78458 0.00000 -2939467.63936 0.00000 -0.00000 1.00000 0.00000
1564718132372267 0.78436 0.62030 -0.00000 -2775263.71714 -0.62030 0.78436 0.00000 -2938483.14086 0.00000 -0.00000 1.00000 0.00000
1564718132622444 0.78568 0.61863 -0.00000 -2768985.46237 -0.61863 0.78568 0.00000 -2944403.46507 0.00000 -0.00000 1.00000 0.00000
1564718132873527 0.78696 0.61700 -0.00000 -2762886.22077 -0.61700 0.78696 0.00000 -2950130.89373 0.00000 -0.00000 1.00000 0.00000
1564718133123282 0.78720 0.61670 -0.00000 -2761755.87772 -0.61670 0.78720 0.00000 -2951192.55143 0.00000 -0.00000 1.00000 0.00000
1564718133373595 0.78674 0.61729 -0.00000 -2763971.23314 -0.61729 0.78674 0.00000 -2949121.34067 0.00000 -0.00000 1.00000 0.00000
1564718133624052 0.78658 0.61749 -0.00000 -2764746.70443 -0.61749 0.78658 0.00000 -2948397.81134 0.00000 -0.00000 1.00000 0.00000
1564718133873829 0.78631 0.61783 -0.00000 -2766017.04658 -0.61783 0.78631 0.00000 -2947209.51195 0.00000 -0.00000 1.00000 0.00000
1564718134124460 0.78592 0.61833 -0.00000 -2767885.38767 -0.61833 0.78592 0.00000 -2945458.41338 0.00000 -0.00000 1.00000 0.00000
1564718134374437 0.78604 0.61817 -0.00000 -2767298.95864 -0.61817 0.78604 0.00000 -2946012.89285 0.00000 -0.00000 1.00000 0.00000
1564718134625272 0.78728 0.61660 -0.00000 -2761414.79069 -0.61660 0.78728 0.00000 -2951532.52016 0.00000 -0.00000 1.00000 0.00000
1564718134875194 0.78828 0.61532 -0.00000 -2756606.20570 -0.61532 0.78828 0.00000 -2956027.45452 0.00000 -0.00000 1.00000 0.00000
1564718135124940 0.78860 0.61490 -0.00000 -2755054.16597 -0.61490 0.78860 0.00000 -2957477.47822 0.00000 -0.00000 1.00000 0.00000
1564718135374236 0.78728 0.61660 -0.00000 -2761420.60640 -0.61660 0.78728 0.00000 -2951537.44078 0.00000 -0.00000 1.00000 0.00000
1564718135624396 0.78615 0.61804 -0.00000 -2766828.18595 -0.61804 0.78615 0.00000 -2946472.31889 0.00000 -0.00000 1.00000 0.00000
1564718135874666 0.78548 0.61888 -0.00000 -2769995.28212 -0.61888 0.78548 0.00000 -2943498.55397 0.00000 -0.00000 1.00000 0.00000
1564718136124839 0.78352 0.62137 -0.00000 -2779308.07407 -0.62137 0.78352 0.00000 -2934710.32346 0.00000 -0.00000 1.00000 0.00000
1564718136375055 0.78081 0.62476 -0.00000 -2792016.54397 -0.62476 0.78081 0.00000 -2922625.93817 0.00000 -0.00000 1.00000 0.00000
1564718136625217 0.78114 0.62435 -0.00000 -2790487.42052 -0.62435 0.78114 0.00000 -2924089.46529 0.00000 -0.00000 1.00000 0.00000
1564718136875495 0.78213 0.62311 -0.00000 -2785837.33186 -0.62311 0.78213 0.00000 -2928523.52153 0.00000 -0.00000 1.00000 0.00000
1564718137127180 0.78230 0.62290 -0.00000 -2785048.73743 -0.62290 0.78230 0.00000 -2929277.02264 0.00000 -0.00000 1.00000 0.00000
1564718137377706 0.78162 0.62376 -0.00000 -2788278.42390 -0.62376 0.78162 0.00000 -2926206.50432 0.00000 -0.00000 1.00000 0.00000
1564718137628004 0.78200 0.62328 -0.00000 -2786467.17273 -0.62328 0.78200 0.00000 -2927934.79929 0.00000 -0.00000 1.00000 0.00000
1564718137876914 0.78266 0.62245 -0.00000 -2783365.22227 -0.62245 0.78266 0.00000 -2930887.19148 0.00000 -0.00000 1.00000 0.00000
1564718138128045 0.78286 0.62219 -0.00000 -2782424.74317 -0.62219 0.78286 0.00000 -2931783.55264 0.00000 -0.00000 1.00000 0.00000
1564718138377878 0.78474 0.61983 -0.00000 -2773565.03726 -0.61983 0.78474 0.00000 -2940170.02843 0.00000 -0.00000 1.00000 0.00000
1564718138628321 0.78856 0.61496 -0.00000 -2755313.44259 -0.61496 0.78856 0.00000 -2957284.37114 0.00000 -0.00000 1.00000 0.00000
1564718138878495 0.79254 0.60982 -0.00000 -2736024.60552 -0.60982 0.79254 0.00000 -2975142.40817 0.00000 -0.00000 1.00000 0.00000
1564718139128938 0.79572 0.60567 -0.00000 -2720443.47316 -0.60567 0.79572 0.00000 -2989399.65775 0.00000 -0.00000 1.00000 0.00000
1564718139379170 0.79833 0.60222 -0.00000 -2707489.45900 -0.60222 0.79833 0.00000 -3001140.43152 0.00000 -0.00000 1.00000 0.00000
1564718139629133 0.80265 0.59645 -0.00000 -2685793.60480 -0.59645 0.80265 0.00000 -3020575.34121 0.00000 -0.00000 1.00000 0.00000
1564718139879020 0.80771 0.58958 -0.00000 -2659917.98939 -0.58958 0.80771 0.00000 -3043389.28780 0.00000 -0.00000 1.00000 0.00000
1564718140129620 0.81180 0.58394 -0.00000 -2638665.54281 -0.58394 0.81180 0.00000 -3061836.97746 0.00000 -0.00000 1.00000 0.00000
1564718140379535 0.81540 0.57889 -0.00000 -2619637.15811 -0.57889 0.81540 0.00000 -3078136.13717 0.00000 -0.00000 1.00000 0.00000
1564718140629946 0.81981 0.57264 -0.00000 -2596025.92112 -0.57264 0.81981 0.00000 -3098078.32481 0.00000 -0.00000 1.00000 0.00000
1564718140880355 0.82175 0.56984 -0.00000 -2585446.30443 -0.56984 0.82175 0.00000 -3106915.85016 0.00000 -0.00000 1.00000 0.00000
1564718141130159 0.82045 0.57172 -0.00000 -2592558.95671 -0.57172 0.82045 0.00000 -3100986.24178 0.00000 -0.00000 1.00000 0.00000
