1636901260267179 0.96566 0.25981 0.00000 5.83051 0.25981 -0.96566 0.00000 1.62416 0.00000 0.00000 -1.00000 0.00000
1636901260516314 0.96566 0.25982 0.00000 5.83050 0.25982 -0.96566 0.00000 1.62427 0.00000 0.00000 -1.00000 0.00000
1636901260765567 0.96565 0.25984 0.00000 5.83051 0.25984 -0.96565 0.00000 1.62426 0.00000 0.00000 -1.00000 0.00000
1636901261014777 0.96566 0.25981 0.00000 5.83053 0.25981 -0.96566 0.00000 1.62418 0.00000 0.00000 -1.00000 0.00000
1636901261263828 0.96565 0.25983 0.00000 5.83047 0.25983 -0.96565 0.00000 1.62425 0.00000 0.00000 -1.00000 0.00000
1636901261513036 0.96566 0.25980 0.00000 5.83051 0.25980 -0.96566 0.00000 1.62412 0.00000 0.00000 -1.00000 0.00000
1636901261761924 0.96566 0.25982 0.00000 5.83048 0.25982 -0.96566 0.00000 1.62422 0.00000 0.00000 -1.00000 0.00000
1636901262010888 0.96566 0.25981 0.00000 5.83054 0.25981 -0.96566 0.00000 1.62425 0.00000 0.00000 -1.00000 0.00000
1636901262260001 0.96566 0.25980 0.00000 5.83053 0.25980 -0.96566 0.00000 1.62415 0.00000 0.00000 -1.00000 0.00000
1636901262509040 0.96566 0.25980 0.00000 5.83049 0.25980 -0.96566 0.00000 1.62409 0.00000 0.00000 -1.00000 0.00000
1636901262757914 0.96563 0.25994 0.00000 5.83014 0.25994 -0.96563 0.00000 1.62501 0.00000 0.00000 -1.00000 0.00000
1636901263006934 0.96561 0.26000 0.00000 5.83065 0.26000 -0.96561 0.00000 1.62515 0.00000 0.00000 -1.00000 0.00000
1636901263256081 0.96560 0.26004 0.00000 5.82724 0.26004 -0.96560 0.00000 1.62477 0.00000 0.00000 -1.00000 0.00000
1636901263505249 0.96567 0.25976 0.00000 5.81277 0.25976 -0.96567 0.00000 1.62193 0.00000 0.00000 -1.00000 0.00000
1636901263754241 0.96576 0.25943 0.00000 5.78529 0.25943 -0.96576 0.00000 1.61815 0.00000 0.00000 -1.00000 0.00000
1636901264003118 0.96591 0.25887 0.00000 5.75358 0.25887 -0.96591 0.00000 1.61283 0.00000 0.00000 -1.00000 0.00000
1636901264252185 0.96622 0.25771 0.00000 5.71721 0.25771 -0.96622 0.00000 1.60358 0.00000 0.00000 -1.00000 0.00000
1636901264501312 0.96670 0.25590 0.00000 5.67522 0.25590 -0.96670 0.00000 1.59040 0.00000 0.00000 -1.00000 0.00000
1636901264750530 0.96737 0.25335 0.00000 5.62552 0.25335 -0.96737 0.00000 1.57329 0.00000 0.00000 -1.00000 0.00000
1636901264999619 0.96826 0.24994 0.00000 5.56704 0.24994 -0.96826 0.00000 1.55119 0.00000 0.00000 -1.00000 0.00000
1636901265248441 0.96942 0.24540 0.00000 5.50128 0.24540 -0.96942 0.00000 1.52117 0.00000 0.00000 -1.00000 0.00000
1636901265497283 0.97070 0.24029 0.00000 5.43190 0.24029 -0.97070 0.00000 1.48534 0.00000 0.00000 -1.00000 0.00000
1636901265746254 0.97230 0.23373 0.00000 5.35883 0.23373 -0.97230 0.00000 1.44258 0.00000 0.00000 -1.00000 0.00000
1636901265995170 0.97406 0.22629 0.00000 5.27214 0.22629 -0.97406 0.00000 1.39648 0.00000 0.00000 -1.00000 0.00000
1636901266244390 0.97618 0.21697 0.00000 5.16512 0.21697 -0.97618 0.00000 1.34090 0.00000 0.00000 -1.00000 0.00000
1636901266493268 0.97846 0.20643 0.00000 5.03669 0.20643 -0.97846 0.00000 1.27855 0.00000 0.00000 -1.00000 0.00000
1636901266742335 0.98092 0.19441 0.00000 4.89507 0.19441 -0.98092 0.00000 1.20821 0.00000 0.00000 -1.00000 0.00000
1636901266991398 0.98309 0.18312 0.00000 4.73365 0.18312 -0.98309 0.00000 1.13761 0.00000 0.00000 -1.00000 0.00000
1636901267240473 0.98507 0.17215 0.00000 4.55480 0.17215 -0.98507 0.00000 1.06909 0.00000 0.00000 -1.00000 0.00000
1636901267489434 0.98723 0.15932 0.00000 4.36154 0.15932 -0.98723 0.00000 0.99802 0.00000 0.00000 -1.00000 0.00000
1636901267738516 0.98941 0.14515 0.00000 4.14766 0.14515 -0.98941 0.00000 0.92672 0.00000 0.00000 -1.00000 0.00000
1636901267987499 0.99160 0.12936 0.00000 3.90973 0.12936 -0.99160 0.00000 0.85881 0.00000 0.00000 -1.00000 0.00000
1636901268236605 0.99390 0.11024 0.00000 3.65010 0.11024 -0.99390 0.00000 0.76578 0.00000 0.00000 -1.00000 0.00000
1636901268485320 0.99606 0.08865 0.00000 3.35691 0.08865 -0.99606 0.00000 0.66457 0.00000 0.00000 -1.00000 0.00000
1636901268734185 0.99778 0.06665 0.00000 3.00631 0.06665 -0.99778 0.00000 0.57321 0.00000 0.00000 -1.00000 0.00000
1636901268983128 0.99890 0.04679 0.00000 2.59553 0.04679 -0.99890 0.00000 0.49442 0.00000 0.00000 -1.00000 0.00000
1636901269232032 0.99948 0.03222 0.00000 2.12068 0.03222 -0.99948 0.00000 0.43854 0.00000 0.00000 -1.00000 0.00000
1636901269480801 0.99975 0.02219 0.00000 1.58944 0.02219 -0.99975 0.00000 0.40921 0.00000 0.00000 -1.00000 0.00000
1636901269729846 0.99987 0.01606 0.00000 0.99884 0.01606 -0.99987 0.00000 0.38420 0.00000 0.00000 -1.00000 0.00000
1636901269978883 0.99993 0.01188 0.00000 0.35662 0.01188 -0.99993 0.00000 0.36622 0.00000 0.00000 -1.00000 0.00000
1636901270228281 0.99994 0.01064 0.00000 -0.33616 0.01064 -0.99994 0.00000 0.35303 0.00000 0.00000 -1.00000 0.00000
1636901270477305 0.99992 0.01302 0.00000 -1.07555 0.01302 -0.99992 0.00000 0.34078 0.00000 0.00000 -1.00000 0.00000
1636901270726412 0.99986 0.01643 0.00000 -1.85281 0.01643 -0.99986 0.00000 0.32379 0.00000 0.00000 -1.00000 0.00000
1636901270975461 0.99977 0.02162 0.00000 -2.67171 0.02162 -0.99977 0.00000 0.30657 0.00000 0.00000 -1.00000 0.00000
1636901271224569 0.99954 0.03017 0.00000 -3.52829 0.03017 -0.99954 0.00000 0.28072 0.00000 0.00000 -1.00000 0.00000
1636901271473705 0.99899 0.04495 0.00000 -4.41902 0.04495 -0.99899 0.00000 0.20952 0.00000 0.00000 -1.00000 0.00000
1636901271722584 0.99794 0.06420 0.00000 -5.31868 0.06420 -0.99794 0.00000 0.12213 0.00000 0.00000 -1.00000 0.00000
1636901271971425 0.99664 0.08191 0.00000 -6.24213 0.08191 -0.99664 0.00000 0.02782 0.00000 0.00000 -1.00000 0.00000
1636901272220726 0.99523 0.09758 0.00000 -7.20853 0.09758 -0.99523 0.00000 -0.09152 0.00000 0.00000 -1.00000 0.00000
1636901272469712 0.99399 0.10946 0.00000 -8.20975 0.10946 -0.99399 0.00000 -0.17794 0.00000 0.00000 -1.00000 0.00000
1636901272718673 0.99283 0.11957 0.00000 -9.24773 0.11957 -0.99283 0.00000 -0.28606 0.00000 0.00000 -1.00000 0.00000
1636901272967473 0.99175 0.12817 0.00000 -10.33594 0.12817 -0.99175 0.00000 -0.38233 0.00000 0.00000 -1.00000 0.00000
1636901273216332 0.99081 0.13525 0.00000 -11.49181 0.13525 -0.99081 0.00000 -0.47847 0.00000 0.00000 -1.00000 0.00000
1636901273465449 0.99002 0.14094 0.00000 -12.74203 0.14094 -0.99002 0.00000 -0.56606 0.00000 0.00000 -1.00000 0.00000
1636901273714803 0.98939 0.14528 0.00000 -14.00190 0.14528 -0.98939 0.00000 -0.63591 0.00000 0.00000 -1.00000 0.00000
1636901273963867 0.98900 0.14794 0.00000 -15.32057 0.14794 -0.98900 0.00000 -0.71024 0.00000 0.00000 -1.00000 0.00000
1636901274212822 0.98883 0.14904 0.00000 -16.76107 0.14904 -0.98883 0.00000 -0.73919 0.00000 0.00000 -1.00000 0.00000
1636901274462105 0.98901 0.14785 0.00000 -18.23708 0.14785 -0.98901 0.00000 -0.75732 0.00000 0.00000 -1.00000 0.00000
1636901274710987 0.98860 0.15055 0.00000 -19.77736 0.15055 -0.98860 0.00000 -0.84651 0.00000 0.00000 -1.00000 0.00000
1636901274960210 0.98735 0.15855 0.00000 -21.37348 0.15855 -0.98735 0.00000 -1.04342 0.00000 0.00000 -1.00000 0.00000
1636901275209728 0.98527 0.17101 0.00000 -22.96864 0.17101 -0.98527 0.00000 -1.35317 0.00000 0.00000 -1.00000 0.00000
1636901275458740 0.98343 0.18126 0.00000 -24.52807 0.18126 -0.98343 0.00000 -1.62262 0.00000 0.00000 -1.00000 0.00000
1636901275707665 0.98202 0.18878 0.00000 -26.07892 0.18878 -0.98202 0.00000 -1.84625 0.00000 0.00000 -1.00000 0.00000
1636901275956681 0.98104 0.19382 0.00000 -27.63879 0.19382 -0.98104 0.00000 -2.01888 0.00000 0.00000 -1.00000 0.00000
1636901276205882 0.98027 0.19765 0.00000 -29.18810 0.19765 -0.98027 0.00000 -2.17922 0.00000 0.00000 -1.00000 0.00000
1636901276455091 0.97982 0.19988 0.00000 -30.81052 0.19988 -0.97982 0.00000 -2.27590 0.00000 0.00000 -1.00000 0.00000
1636901276704308 0.97891 0.20430 0.00000 -32.40404 0.20430 -0.97891 0.00000 -2.43467 0.00000 0.00000 -1.00000 0.00000
1636901276953685 0.97858 0.20586 0.00000 -34.00274 0.20586 -0.97858 0.00000 -2.51978 0.00000 0.00000 -1.00000 0.00000
1636901277203169 0.97731 0.21180 0.00000 -35.67713 0.21180 -0.97731 0.00000 -2.72120 0.00000 0.00000 -1.00000 0.00000
1636901277452570 0.97592 0.21812 0.00000 -37.31311 0.21812 -0.97592 0.00000 -3.03608 0.00000 0.00000 -1.00000 0.00000
1636901277701827 0.97496 0.22236 0.00000 -38.94021 0.22236 -0.97496 0.00000 -3.19941 0.00000 0.00000 -1.00000 0.00000
1636901277951263 0.97481 0.22303 0.00000 -40.66996 0.22303 -0.97481 0.00000 -3.27466 0.00000 0.00000 -1.00000 0.00000
1636901278200340 0.97456 0.22411 0.00000 -42.41403 0.22411 -0.97456 0.00000 -3.35081 0.00000 0.00000 -1.00000 0.00000
1636901278449598 0.97441 0.22477 0.00000 -44.16887 0.22477 -0.97441 0.00000 -3.42487 0.00000 0.00000 -1.00000 0.00000
1636901278698817 0.97408 0.22620 0.00000 -45.97162 0.22620 -0.97408 0.00000 -3.52971 0.00000 0.00000 -1.00000 0.00000
1636901278948010 0.97394 0.22680 0.00000 -47.78114 0.22680 -0.97394 0.00000 -3.58855 0.00000 0.00000 -1.00000 0.00000
1636901279197154 0.97398 0.22665 0.00000 -49.62065 0.22665 -0.97398 0.00000 -3.61375 0.00000 0.00000 -1.00000 0.00000
1636901279446527 0.97401 0.22652 0.00000 -51.50518 0.22652 -0.97401 0.00000 -3.66742 0.00000 0.00000 -1.00000 0.00000
1636901279695763 0.97322 0.22986 0.00000 -53.36337 0.22986 -0.97322 0.00000 -3.88544 0.00000 0.00000 -1.00000 0.00000
1636901279945046 0.97180 0.23580 0.00000 -55.23461 0.23580 -0.97180 0.00000 -4.26716 0.00000 0.00000 -1.00000 0.00000
1636901280194156 0.97049 0.24114 0.00000 -57.13837 0.24114 -0.97049 0.00000 -4.61572 0.00000 0.00000 -1.00000 0.00000
1636901280443433 0.96930 0.24587 0.00000 -59.03397 0.24587 -0.96930 0.00000 -4.94338 0.00000 0.00000 -1.00000 0.00000
1636901280692349 0.96812 0.25047 0.00000 -60.92756 0.25047 -0.96812 0.00000 -5.25534 0.00000 0.00000 -1.00000 0.00000
1636901280941852 0.96704 0.25461 0.00000 -62.82062 0.25461 -0.96704 0.00000 -5.55508 0.00000 0.00000 -1.00000 0.00000
1636901281190680 0.96590 0.25893 0.00000 -64.69922 0.25893 -0.96590 0.00000 -5.87104 0.00000 0.00000 -1.00000 0.00000
1636901281439851 0.96504 0.26211 0.00000 -66.57830 0.26211 -0.96504 0.00000 -6.13259 0.00000 0.00000 -1.00000 0.00000
1636901281688879 0.96398 0.26598 0.00000 -68.43848 0.26598 -0.96398 0.00000 -6.44459 0.00000 0.00000 -1.00000 0.00000
1636901281937913 0.96298 0.26956 0.00000 -70.30401 0.26956 -0.96298 0.00000 -6.74038 0.00000 0.00000 -1.00000 0.00000
1636901282187313 0.96358 0.26742 0.00000 -72.21948 0.26742 -0.96358 0.00000 -6.60969 0.00000 0.00000 -1.00000 0.00000
1636901282436680 0.96604 0.25837 0.00000 -74.18097 0.25837 -0.96604 0.00000 -5.96365 0.00000 0.00000 -1.00000 0.00000
1636901282685746 0.97037 0.24161 0.00000 -76.17863 0.24161 -0.97037 0.00000 -4.70128 0.00000 0.00000 -1.00000 0.00000
1636901282934720 0.97647 0.21564 0.00000 -78.16749 0.21564 -0.97647 0.00000 -2.67673 0.00000 0.00000 -1.00000 0.00000
1636901283184269 0.98322 0.18242 0.00000 -80.12677 0.18242 -0.98322 0.00000 -0.03508 0.00000 0.00000 -1.00000 0.00000
1636901283433682 0.98862 0.15043 0.00000 -82.00013 0.15043 -0.98862 0.00000 2.53979 0.00000 0.00000 -1.00000 0.00000
1636901283682596 0.99324 0.11609 0.00000 -83.76087 0.11609 -0.99324 0.00000 5.36876 0.00000 0.00000 -1.00000 0.00000
1636901283932092 0.99731 0.07332 0.00000 -85.32858 0.07332 -0.99731 0.00000 8.96158 0.00000 0.00000 -1.00000 0.00000
1636901284181608 0.99966 0.02626 0.00000 -86.70463 0.02626 -0.99966 0.00000 12.95455 0.00000 0.00000 -1.00000 0.00000
1636901284430521 0.99973 -0.02311 0.00000 -87.84443 -0.02311 -0.99973 0.00000 17.21012 0.00000 -0.00000 -1.00000 0.00000
1636901284679740 0.99746 -0.07130 0.00000 -88.77374 -0.07130 -0.99746 0.00000 21.41397 0.00000 -0.00000 -1.00000 0.00000
1636901284929013 0.99281 -0.11967 0.00000 -89.46431 -0.11967 -0.99281 0.00000 25.68962 0.00000 -0.00000 -1.00000 0.00000
1636901285177874 0.98556 -0.16933 0.00000 -89.91774 -0.16933 -0.98556 0.00000 30.14264 0.00000 -0.00000 -1.00000 0.00000
1636901285427159 0.97513 -0.22165 0.00000 -90.00924 -0.22165 -0.97513 0.00000 34.88821 0.00000 -0.00000 -1.00000 0.00000
1636901285675919 0.96203 -0.27294 0.00000 -89.87709 -0.27294 -0.96203 0.00000 39.58790 0.00000 -0.00000 -1.00000 0.00000
1636901285925335 0.94591 -0.32444 0.00000 -89.43542 -0.32444 -0.94591 0.00000 44.38637 0.00000 -0.00000 -1.00000 0.00000
1636901286174815 0.92401 -0.38237 0.00000 -88.35917 -0.38237 -0.92401 0.00000 49.84405 0.00000 -0.00000 -1.00000 0.00000
1636901286424040 0.89600 -0.44405 0.00000 -86.59077 -0.44405 -0.89600 0.00000 55.71581 0.00000 -0.00000 -1.00000 0.00000
1636901286673260 0.86244 -0.50616 0.00000 -84.22251 -0.50616 -0.86244 0.00000 61.67771 0.00000 -0.00000 -1.00000 0.00000
1636901286922396 0.82356 -0.56723 0.00000 -81.32429 -0.56723 -0.82356 0.00000 67.60360 0.00000 -0.00000 -1.00000 0.00000
1636901287171577 0.78009 -0.62567 0.00000 -77.96404 -0.62567 -0.78009 0.00000 73.35288 0.00000 -0.00000 -1.00000 0.00000
1636901287420497 0.73512 -0.67793 0.00000 -74.46192 -0.67793 -0.73512 0.00000 78.54799 0.00000 -0.00000 -1.00000 0.00000
1636901287669574 0.69149 -0.72238 0.00000 -71.16895 -0.72238 -0.69149 0.00000 83.00960 0.00000 -0.00000 -1.00000 0.00000
1636901287918672 0.65622 -0.75457 0.00000 -68.86391 -0.75457 -0.65622 0.00000 86.28773 0.00000 -0.00000 -1.00000 0.00000
1636901288167712 0.62811 -0.77812 0.00000 -67.35421 -0.77812 -0.62811 0.00000 88.72317 0.00000 -0.00000 -1.00000 0.00000
1636901288416817 0.60585 -0.79558 0.00000 -66.51414 -0.79558 -0.60585 0.00000 90.57899 0.00000 -0.00000 -1.00000 0.00000
1636901288665636 0.58819 -0.80872 0.00000 -66.17948 -0.80872 -0.58819 0.00000 92.00257 0.00000 -0.00000 -1.00000 0.00000
1636901288914724 0.57355 -0.81917 0.00000 -66.19155 -0.81917 -0.57355 0.00000 93.16983 0.00000 -0.00000 -1.00000 0.00000
1636901289163719 0.56065 -0.82805 0.00000 -66.40080 -0.82805 -0.56065 0.00000 94.18146 0.00000 -0.00000 -1.00000 0.00000
1636901289412839 0.55414 -0.83242 0.00000 -67.33733 -0.83242 -0.55414 0.00000 94.66407 0.00000 -0.00000 -1.00000 0.00000
1636901289661509 0.55406 -0.83247 0.00000 -69.00331 -0.83247 -0.55406 0.00000 94.63974 0.00000 -0.00000 -1.00000 0.00000
1636901289910763 0.55709 -0.83045 0.00000 -71.02380 -0.83045 -0.55709 0.00000 94.34991 0.00000 -0.00000 -1.00000 0.00000
1636901290159869 0.56247 -0.82682 0.00000 -73.31946 -0.82682 -0.56247 0.00000 93.84793 0.00000 -0.00000 -1.00000 0.00000
1636901290409041 0.57037 -0.82139 0.00000 -75.89501 -0.82139 -0.57037 0.00000 93.10391 0.00000 -0.00000 -1.00000 0.00000
1636901290658108 0.57940 -0.81504 0.00000 -78.59761 -0.81504 -0.57940 0.00000 92.21739 0.00000 -0.00000 -1.00000 0.00000
1636901290907392 0.58921 -0.80798 0.00000 -81.39430 -0.80798 -0.58921 0.00000 91.23254 0.00000 -0.00000 -1.00000 0.00000
1636901291156831 0.60045 -0.79966 0.00000 -84.29096 -0.79966 -0.60045 0.00000 90.04014 0.00000 -0.00000 -1.00000 0.00000
1636901291405805 0.61186 -0.79097 0.00000 -87.14496 -0.79097 -0.61186 0.00000 88.79644 0.00000 -0.00000 -1.00000 0.00000
1636901291655023 0.62437 -0.78113 0.00000 -90.04158 -0.78113 -0.62437 0.00000 87.36054 0.00000 -0.00000 -1.00000 0.00000
1636901291904499 0.63603 -0.77166 0.00000 -92.71536 -0.77166 -0.63603 0.00000 85.97097 0.00000 -0.00000 -1.00000 0.00000
1636901292153506 0.64632 -0.76307 0.00000 -95.08186 -0.76307 -0.64632 0.00000 84.70491 0.00000 -0.00000 -1.00000 0.00000
1636901292402719 0.65641 -0.75440 0.00000 -97.25750 -0.75440 -0.65641 0.00000 83.39515 0.00000 -0.00000 -1.00000 0.00000
1636901292652120 0.66423 -0.74753 0.00000 -99.02707 -0.74753 -0.66423 0.00000 82.37697 0.00000 -0.00000 -1.00000 0.00000
1636901292901460 0.67146 -0.74104 0.00000 -100.59367 -0.74104 -0.67146 0.00000 81.40149 0.00000 -0.00000 -1.00000 0.00000
1636901293151052 0.67728 -0.73573 0.00000 -101.85976 -0.73573 -0.67728 0.00000 80.60051 0.00000 -0.00000 -1.00000 0.00000
1636901293400671 0.68149 -0.73182 0.00000 -102.80918 -0.73182 -0.68149 0.00000 79.98149 0.00000 -0.00000 -1.00000 0.00000
1636901293649559 0.68530 -0.72826 0.00000 -103.68406 -0.72826 -0.68530 0.00000 79.44458 0.00000 -0.00000 -1.00000 0.00000
1636901293898349 0.68877 -0.72498 0.00000 -104.52584 -0.72498 -0.68877 0.00000 78.96966 0.00000 -0.00000 -1.00000 0.00000
1636901294147519 0.69149 -0.72239 0.00000 -105.26898 -0.72239 -0.69149 0.00000 78.54829 0.00000 -0.00000 -1.00000 0.00000
1636901294396548 0.69388 -0.72009 0.00000 -105.98421 -0.72009 -0.69388 0.00000 78.21034 0.00000 -0.00000 -1.00000 0.00000
1636901294645571 0.69650 -0.71756 0.00000 -106.77086 -0.71756 -0.69650 0.00000 77.80538 0.00000 -0.00000 -1.00000 0.00000
1636901294894849 0.69766 -0.71643 0.00000 -107.49407 -0.71643 -0.69766 0.00000 77.60288 0.00000 -0.00000 -1.00000 0.00000
1636901295143814 0.70008 -0.71407 0.00000 -108.45201 -0.71407 -0.70008 0.00000 77.25945 0.00000 -0.00000 -1.00000 0.00000
1636901295392800 0.70100 -0.71316 0.00000 -109.34845 -0.71316 -0.70100 0.00000 77.08943 0.00000 -0.00000 -1.00000 0.00000
1636901295641577 0.70206 -0.71211 0.00000 -110.35667 -0.71211 -0.70206 0.00000 76.90378 0.00000 -0.00000 -1.00000 0.00000
1636901295890748 0.70279 -0.71140 0.00000 -111.42790 -0.71140 -0.70279 0.00000 76.77193 0.00000 -0.00000 -1.00000 0.00000
1636901296139826 0.70422 -0.70998 0.00000 -112.63820 -0.70998 -0.70422 0.00000 76.52470 0.00000 -0.00000 -1.00000 0.00000
1636901296388577 0.70647 -0.70775 0.00000 -114.00235 -0.70775 -0.70647 0.00000 76.14506 0.00000 -0.00000 -1.00000 0.00000
1636901296637355 0.70939 -0.70482 0.00000 -115.52265 -0.70482 -0.70939 0.00000 75.63878 0.00000 -0.00000 -1.00000 0.00000
1636901296886725 0.71201 -0.70217 0.00000 -117.08820 -0.70217 -0.71201 0.00000 75.19035 0.00000 -0.00000 -1.00000 0.00000
1636901297135605 0.71866 -0.69536 0.00000 -119.10357 -0.69536 -0.71866 0.00000 74.03244 0.00000 -0.00000 -1.00000 0.00000
1636901297384476 0.72823 -0.68534 0.00000 -121.45064 -0.68534 -0.72823 0.00000 72.34427 0.00000 -0.00000 -1.00000 0.00000
1636901297633517 0.73998 -0.67262 0.00000 -124.05381 -0.67262 -0.73998 0.00000 70.20635 0.00000 -0.00000 -1.00000 0.00000
1636901297882249 0.75503 -0.65570 0.00000 -126.98810 -0.65570 -0.75503 0.00000 67.33962 0.00000 -0.00000 -1.00000 0.00000
1636901298131670 0.77528 -0.63162 0.00000 -130.42937 -0.63162 -0.77528 0.00000 63.27336 0.00000 -0.00000 -1.00000 0.00000
1636901298380340 0.80264 -0.59647 0.00000 -134.47820 -0.59647 -0.80264 0.00000 57.36837 0.00000 -0.00000 -1.00000 0.00000
1636901298629177 0.82927 -0.55885 0.00000 -138.32580 -0.55885 -0.82927 0.00000 51.08153 0.00000 -0.00000 -1.00000 0.00000
1636901298878125 0.85571 -0.51745 0.00000 -142.01375 -0.51745 -0.85571 0.00000 44.19076 0.00000 -0.00000 -1.00000 0.00000
1636901299127175 0.88577 -0.46412 0.00000 -145.76045 -0.46412 -0.88577 0.00000 35.37792 0.00000 -0.00000 -1.00000 0.00000
1636901299376038 0.92108 -0.38937 0.00000 -149.43054 -0.38937 -0.92108 0.00000 23.18248 0.00000 -0.00000 -1.00000 0.00000
1636901299625057 0.95374 -0.30064 0.00000 -152.15470 -0.30064 -0.95374 0.00000 8.94546 0.00000 -0.00000 -1.00000 0.00000
1636901299873907 0.97977 -0.20011 0.00000 -153.40988 -0.20011 -0.97977 0.00000 -6.90387 0.00000 -0.00000 -1.00000 0.00000
1636901300123070 0.99685 -0.07935 0.00000 -152.54882 -0.07935 -0.99685 0.00000 -25.57748 0.00000 -0.00000 -1.00000 0.00000
1636901300372322 0.99865 0.05195 0.00000 -148.96922 0.05195 -0.99865 0.00000 -45.35934 0.00000 0.00000 -1.00000 0.00000
1636901300621404 0.98102 0.19393 0.00000 -142.01325 0.19393 -0.98102 0.00000 -66.18341 0.00000 0.00000 -1.00000 0.00000
1636901300870428 0.94260 0.33392 0.00000 -131.96409 0.33392 -0.94260 0.00000 -86.05760 0.00000 0.00000 -1.00000 0.00000
1636901301119704 0.87824 0.47822 0.00000 -117.75561 0.47822 -0.87824 0.00000 -105.79181 0.00000 0.00000 -1.00000 0.00000
1636901301368895 0.78826 0.61535 0.00000 -99.85129 0.61535 -0.78826 0.00000 -123.62565 0.00000 0.00000 -1.00000 0.00000
1636901301617602 0.67110 0.74136 0.00000 -78.12168 0.74136 -0.67110 0.00000 -138.90932 0.00000 0.00000 -1.00000 0.00000
1636901301866647 0.53104 0.84735 0.00000 -53.53558 0.84735 -0.53104 0.00000 -150.43960 0.00000 0.00000 -1.00000 0.00000
1636901302115739 0.37205 0.92821 0.00000 -26.88031 0.92821 -0.37205 0.00000 -157.54857 0.00000 0.00000 -1.00000 0.00000
1636901302364887 0.20044 0.97971 0.00000 0.76755 0.97971 -0.20044 0.00000 -159.80755 0.00000 0.00000 -1.00000 0.00000
1636901302613934 0.02391 0.99971 0.00000 28.14389 0.99971 -0.02391 0.00000 -157.15531 0.00000 0.00000 -1.00000 0.00000
1636901302863173 -0.15457 0.98798 0.00000 54.79593 0.98798 0.15457 0.00000 -149.62810 0.00000 0.00000 -1.00000 0.00000
1636901303112147 -0.32736 0.94490 0.00000 79.56353 0.94490 0.32736 0.00000 -137.53216 0.00000 0.00000 -1.00000 0.00000
1636901303361249 -0.49130 0.87099 0.00000 101.98802 0.87099 0.49130 0.00000 -121.04248 0.00000 0.00000 -1.00000 0.00000
1636901303610364 -0.63292 0.77421 0.00000 120.23741 0.77421 0.63292 0.00000 -101.84136 0.00000 0.00000 -1.00000 0.00000
1636901303859426 -0.74946 0.66205 0.00000 134.12132 0.66205 0.74946 0.00000 -81.12769 0.00000 0.00000 -1.00000 0.00000
1636901304108608 -0.83982 0.54286 0.00000 143.74415 0.54286 0.83982 0.00000 -60.19826 0.00000 0.00000 -1.00000 0.00000
1636901304357722 -0.90775 0.41951 0.00000 149.78699 0.41951 0.90775 0.00000 -39.43341 0.00000 0.00000 -1.00000 0.00000
1636901304607397 -0.95168 0.30709 0.00000 152.43565 0.30709 0.95168 0.00000 -21.10716 0.00000 0.00000 -1.00000 0.00000
1636901304856497 -0.97754 0.21076 0.00000 152.75147 0.21076 0.97754 0.00000 -5.80647 0.00000 0.00000 -1.00000 0.00000
1636901305105442 -0.99084 0.13508 0.00000 151.68732 0.13508 0.99084 0.00000 5.89402 0.00000 0.00000 -1.00000 0.00000
1636901305354702 -0.99653 0.08329 0.00000 150.08333 0.08329 0.99653 0.00000 13.78622 0.00000 0.00000 -1.00000 0.00000
1636901305603528 -0.99858 0.05322 0.00000 148.49568 0.05322 0.99858 0.00000 18.28959 0.00000 0.00000 -1.00000 0.00000
1636901305852204 -0.99946 0.03293 0.00000 146.94744 0.03293 0.99946 0.00000 21.26120 0.00000 0.00000 -1.00000 0.00000
1636901306101445 -0.99962 0.02773 0.00000 145.64071 0.02773 0.99962 0.00000 22.04128 0.00000 0.00000 -1.00000 0.00000
1636901306350692 -0.99872 0.05062 0.00000 144.89667 0.05062 0.99872 0.00000 18.68353 0.00000 0.00000 -1.00000 0.00000
1636901306599920 -0.99517 0.09821 0.00000 144.38649 0.09821 0.99517 0.00000 11.72749 0.00000 0.00000 -1.00000 0.00000
1636901306848733 -0.98776 0.15595 0.00000 143.54639 0.15595 0.98776 0.00000 3.28563 0.00000 0.00000 -1.00000 0.00000
1636901307097965 -0.97580 0.21866 0.00000 142.13258 0.21866 0.97580 0.00000 -5.90694 0.00000 0.00000 -1.00000 0.00000
1636901307346982 -0.95990 0.28035 0.00000 140.08737 0.28035 0.95990 0.00000 -14.96519 0.00000 0.00000 -1.00000 0.00000
1636901307596025 -0.93997 0.34126 0.00000 137.40771 0.34126 0.93997 0.00000 -23.91943 0.00000 0.00000 -1.00000 0.00000
1636901307845180 -0.91594 0.40132 0.00000 134.08023 0.40132 0.91594 0.00000 -32.76588 0.00000 0.00000 -1.00000 0.00000
1636901308093965 -0.88846 0.45895 0.00000 130.17906 0.45895 0.88846 0.00000 -41.26174 0.00000 0.00000 -1.00000 0.00000
1636901308343203 -0.85967 0.51085 0.00000 125.92417 0.51085 0.85967 0.00000 -48.92736 0.00000 0.00000 -1.00000 0.00000
1636901308591871 -0.83093 0.55638 0.00000 121.48077 0.55638 0.83093 0.00000 -55.66252 0.00000 0.00000 -1.00000 0.00000
1636901308841360 -0.80251 0.59664 0.00000 116.95219 0.59664 0.80251 0.00000 -61.61294 0.00000 0.00000 -1.00000 0.00000
1636901309090329 -0.77664 0.62994 0.00000 112.58136 0.62994 0.77664 0.00000 -66.52185 0.00000 0.00000 -1.00000 0.00000
1636901309339257 -0.75753 0.65280 0.00000 108.84641 0.65280 0.75753 0.00000 -69.87191 0.00000 0.00000 -1.00000 0.00000
1636901309588424 -0.73801 0.67479 0.00000 105.06433 0.67479 0.73801 0.00000 -73.05093 0.00000 0.00000 -1.00000 0.00000
1636901309837266 -0.71715 0.69692 0.00000 101.09814 0.69692 0.71715 0.00000 -76.21626 0.00000 0.00000 -1.00000 0.00000
1636901310086534 -0.69511 0.71890 0.00000 96.97474 0.71890 0.69511 0.00000 -79.35618 0.00000 0.00000 -1.00000 0.00000
1636901310335663 -0.67544 0.73741 0.00000 93.11904 0.73741 0.67544 0.00000 -81.97048 0.00000 0.00000 -1.00000 0.00000
1636901310584418 -0.65937 0.75182 0.00000 89.67417 0.75182 0.65937 0.00000 -84.01017 0.00000 0.00000 -1.00000 0.00000
1636901310833206 -0.64537 0.76387 0.00000 86.43597 0.76387 0.64537 0.00000 -85.68742 0.00000 0.00000 -1.00000 0.00000
1636901311082524 -0.62849 0.77782 0.00000 82.87308 0.77782 0.62849 0.00000 -87.58340 0.00000 0.00000 -1.00000 0.00000
1636901311331624 -0.60511 0.79614 0.00000 78.56765 0.79614 0.60511 0.00000 -90.04021 0.00000 0.00000 -1.00000 0.00000
1636901311580562 -0.58242 0.81288 0.00000 74.30078 0.81288 0.58242 0.00000 -92.24826 0.00000 0.00000 -1.00000 0.00000
1636901311829627 -0.56334 0.82623 0.00000 70.41943 0.82623 0.56334 0.00000 -93.98798 0.00000 0.00000 -1.00000 0.00000
1636901312078493 -0.54937 0.83558 0.00000 67.08885 0.83558 0.54937 0.00000 -95.19182 0.00000 0.00000 -1.00000 0.00000
1636901312327234 -0.54033 0.84145 0.00000 64.30129 0.84145 0.54033 0.00000 -95.93868 0.00000 0.00000 -1.00000 0.00000
1636901312576164 -0.54077 0.84117 0.00000 62.58856 0.84117 0.54077 0.00000 -95.94435 0.00000 0.00000 -1.00000 0.00000
1636901312825156 -0.55177 0.83399 0.00000 62.07903 0.83399 0.55177 0.00000 -95.15128 0.00000 0.00000 -1.00000 0.00000
1636901313074156 -0.57267 0.81979 0.00000 62.69050 0.81979 0.57267 0.00000 -93.60632 0.00000 0.00000 -1.00000 0.00000
1636901313323055 -0.60384 0.79711 0.00000 64.46991 0.79711 0.60384 0.00000 -91.18490 0.00000 0.00000 -1.00000 0.00000
1636901313572103 -0.64193 0.76676 0.00000 67.04043 0.76676 0.64193 0.00000 -88.00410 0.00000 0.00000 -1.00000 0.00000
1636901313821193 -0.68157 0.73176 0.00000 69.78183 0.73176 0.68157 0.00000 -84.41224 0.00000 0.00000 -1.00000 0.00000
1636901314070342 -0.72118 0.69275 0.00000 72.56312 0.69275 0.72118 0.00000 -80.45613 0.00000 0.00000 -1.00000 0.00000
1636901314319402 -0.76230 0.64723 0.00000 75.56318 0.64723 0.76230 0.00000 -75.93563 0.00000 0.00000 -1.00000 0.00000
1636901314568134 -0.80343 0.59540 0.00000 78.58847 0.59540 0.80343 0.00000 -70.83897 0.00000 0.00000 -1.00000 0.00000
1636901314817416 -0.84122 0.54070 0.00000 81.31284 0.54070 0.84122 0.00000 -65.54293 0.00000 0.00000 -1.00000 0.00000
1636901315066343 -0.87450 0.48502 0.00000 83.57169 0.48502 0.87450 0.00000 -60.20763 0.00000 0.00000 -1.00000 0.00000
1636901315315351 -0.90421 0.42709 0.00000 85.47829 0.42709 0.90421 0.00000 -54.70908 0.00000 0.00000 -1.00000 0.00000
1636901315564462 -0.92955 0.36871 0.00000 86.95400 0.36871 0.92955 0.00000 -49.22882 0.00000 0.00000 -1.00000 0.00000
1636901315813676 -0.95034 0.31121 0.00000 87.97720 0.31121 0.95034 0.00000 -43.88768 0.00000 0.00000 -1.00000 0.00000
1636901316062583 -0.96776 0.25188 0.00000 88.69867 0.25188 0.96776 0.00000 -38.42186 0.00000 0.00000 -1.00000 0.00000
1636901316311748 -0.98124 0.19280 0.00000 89.02999 0.19280 0.98124 0.00000 -33.04829 0.00000 0.00000 -1.00000 0.00000
1636901316560723 -0.99101 0.13381 0.00000 88.98312 0.13381 0.99101 0.00000 -27.72501 0.00000 0.00000 -1.00000 0.00000
1636901316809520 -0.99715 0.07546 0.00000 88.60747 0.07546 0.99715 0.00000 -22.53017 0.00000 0.00000 -1.00000 0.00000
1636901317058758 -0.99985 0.01721 0.00000 87.87529 0.01721 0.99985 0.00000 -17.39222 0.00000 0.00000 -1.00000 0.00000
1636901317307787 -0.99924 -0.03902 -0.00000 86.79281 -0.03902 0.99924 0.00000 -12.48456 0.00000 0.00000 -1.00000 0.00000
1636901317556793 -0.99572 -0.09239 -0.00000 85.41752 -0.09239 0.99572 0.00000 -7.89428 0.00000 0.00000 -1.00000 0.00000
1636901317806307 -0.99028 -0.13908 -0.00000 83.76480 -0.13908 0.99028 0.00000 -3.91737 0.00000 0.00000 -1.00000 0.00000
1636901318055489 -0.98455 -0.17509 -0.00000 81.91166 -0.17509 0.98455 0.00000 -0.91257 0.00000 0.00000 -1.00000 0.00000
1636901318304634 -0.97942 -0.20185 -0.00000 79.93291 -0.20185 0.97942 0.00000 1.26133 0.00000 0.00000 -1.00000 0.00000
1636901318553522 -0.97591 -0.21816 -0.00000 77.93166 -0.21816 0.97591 0.00000 2.57953 0.00000 0.00000 -1.00000 0.00000
1636901318802866 -0.97353 -0.22857 -0.00000 75.92050 -0.22857 0.97353 0.00000 3.36307 0.00000 0.00000 -1.00000 0.00000
1636901319052078 -0.97146 -0.23721 -0.00000 73.86882 -0.23721 0.97146 0.00000 3.99482 0.00000 0.00000 -1.00000 0.00000
1636901319301048 -0.96971 -0.24426 -0.00000 71.81318 -0.24426 0.96971 0.00000 4.48502 0.00000 0.00000 -1.00000 0.00000
1636901319549987 -0.96797 -0.25107 -0.00000 69.73358 -0.25107 0.96797 0.00000 4.94779 0.00000 0.00000 -1.00000 0.00000
1636901319799211 -0.96619 -0.25784 -0.00000 67.63194 -0.25784 0.96619 0.00000 5.38490 0.00000 0.00000 -1.00000 0.00000
1636901320048084 -0.96457 -0.26383 -0.00000 65.52610 -0.26383 0.96457 0.00000 5.77055 0.00000 0.00000 -1.00000 0.00000
1636901320297342 -0.96364 -0.26721 -0.00000 63.40781 -0.26721 0.96364 0.00000 5.96905 0.00000 0.00000 -1.00000 0.00000
1636901320546386 -0.96249 -0.27130 -0.00000 61.27343 -0.27130 0.96249 0.00000 6.19751 0.00000 0.00000 -1.00000 0.00000
1636901320795336 -0.96058 -0.27801 -0.00000 59.10261 -0.27801 0.96058 0.00000 6.56825 0.00000 0.00000 -1.00000 0.00000
1636901321044083 -0.95728 -0.28916 -0.00000 56.92823 -0.28916 0.95728 0.00000 7.19331 0.00000 0.00000 -1.00000 0.00000
1636901321293229 -0.95429 -0.29888 -0.00000 54.74656 -0.29888 0.95429 0.00000 7.71227 0.00000 0.00000 -1.00000 0.00000
1636901321542687 -0.95295 -0.30313 -0.00000 52.62928 -0.30313 0.95295 0.00000 7.91907 0.00000 0.00000 -1.00000 0.00000
1636901321791968 -0.95521 -0.29592 -0.00000 50.61548 -0.29592 0.95521 0.00000 7.49216 0.00000 0.00000 -1.00000 0.00000
1636901322041045 -0.95671 -0.29104 -0.00000 48.58764 -0.29104 0.95671 0.00000 7.20008 0.00000 0.00000 -1.00000 0.00000
1636901322290601 -0.95877 -0.28417 -0.00000 46.60047 -0.28417 0.95877 0.00000 6.82414 0.00000 0.00000 -1.00000 0.00000
1636901322539911 -0.96096 -0.27668 -0.00000 44.61899 -0.27668 0.96096 0.00000 6.43037 0.00000 0.00000 -1.00000 0.00000
1636901322789171 -0.96293 -0.26974 -0.00000 42.65645 -0.26974 0.96293 0.00000 6.06869 0.00000 0.00000 -1.00000 0.00000
1636901323038557 -0.96526 -0.26130 -0.00000 40.69923 -0.26130 0.96526 0.00000 5.66453 0.00000 0.00000 -1.00000 0.00000
1636901323287800 -0.96763 -0.25238 -0.00000 38.74808 -0.25238 0.96763 0.00000 5.27345 0.00000 0.00000 -1.00000 0.00000
1636901323536879 -0.97084 -0.23972 -0.00000 36.83973 -0.23972 0.97084 0.00000 4.73808 0.00000 0.00000 -1.00000 0.00000
1636901323785401 -0.97396 -0.22671 -0.00000 34.88287 -0.22671 0.97396 0.00000 4.20059 0.00000 0.00000 -1.00000 0.00000
1636901324034163 -0.97707 -0.21291 -0.00000 32.93076 -0.21291 0.97707 0.00000 3.66138 0.00000 0.00000 -1.00000 0.00000
1636901324283828 -0.97944 -0.20172 -0.00000 30.97239 -0.20172 0.97944 0.00000 3.25543 0.00000 0.00000 -1.00000 0.00000
1636901324533086 -0.98209 -0.18841 -0.00000 28.94813 -0.18841 0.98209 0.00000 2.77759 0.00000 0.00000 -1.00000 0.00000
1636901324782166 -0.98407 -0.17775 -0.00000 26.97630 -0.17775 0.98407 0.00000 2.43816 0.00000 0.00000 -1.00000 0.00000
1636901325031137 -0.98581 -0.16787 -0.00000 24.97967 -0.16787 0.98581 0.00000 2.11270 0.00000 0.00000 -1.00000 0.00000
1636901325280144 -0.98711 -0.16003 -0.00000 22.95594 -0.16003 0.98711 0.00000 1.86558 0.00000 0.00000 -1.00000 0.00000
1636901325528959 -0.98842 -0.15172 -0.00000 20.93104 -0.15172 0.98842 0.00000 1.62704 0.00000 0.00000 -1.00000 0.00000
1636901325777618 -0.98962 -0.14374 -0.00000 18.89519 -0.14374 0.98962 0.00000 1.42437 0.00000 0.00000 -1.00000 0.00000
1636901326026859 -0.99059 -0.13683 -0.00000 16.84764 -0.13683 0.99059 0.00000 1.26864 0.00000 0.00000 -1.00000 0.00000
1636901326275854 -0.99138 -0.13102 -0.00000 14.77902 -0.13102 0.99138 0.00000 1.14730 0.00000 0.00000 -1.00000 0.00000
1636901326525121 -0.99186 -0.12736 -0.00000 12.74228 -0.12736 0.99186 0.00000 1.06078 0.00000 0.00000 -1.00000 0.00000
1636901326774282 -0.99211 -0.12537 -0.00000 10.64862 -0.12537 0.99211 0.00000 1.00727 0.00000 0.00000 -1.00000 0.00000
1636901327023675 -0.99218 -0.12484 -0.00000 8.58803 -0.12484 0.99218 0.00000 0.96828 0.00000 0.00000 -1.00000 0.00000
1636901327272773 -0.99231 -0.12377 -0.00000 6.53763 -0.12377 0.99231 0.00000 0.92978 0.00000 0.00000 -1.00000 0.00000
1636901327522208 -0.99235 -0.12348 -0.00000 4.54945 -0.12348 0.99235 0.00000 0.89002 0.00000 0.00000 -1.00000 0.00000
1636901327771341 -0.99188 -0.12716 -0.00000 2.59099 -0.12716 0.99188 0.00000 0.87176 0.00000 0.00000 -1.00000 0.00000
1636901328020729 -0.99075 -0.13569 -0.00000 0.72027 -0.13569 0.99075 0.00000 0.87436 0.00000 0.00000 -1.00000 0.00000
1636901328270128 -0.98960 -0.14383 -0.00000 -1.05501 -0.14383 0.98960 0.00000 0.85339 0.00000 0.00000 -1.00000 0.00000
1636901328519366 -0.98839 -0.15197 -0.00000 -2.76191 -0.15197 0.98839 0.00000 0.81369 0.00000 0.00000 -1.00000 0.00000
1636901328768434 -0.98723 -0.15930 -0.00000 -4.35757 -0.15930 0.98723 0.00000 0.76263 0.00000 0.00000 -1.00000 0.00000
1636901329017992 -0.98633 -0.16475 -0.00000 -5.84545 -0.16475 0.98633 0.00000 0.70799 0.00000 0.00000 -1.00000 0.00000
1636901329267349 -0.98603 -0.16657 -0.00000 -7.22712 -0.16657 0.98603 0.00000 0.66963 0.00000 0.00000 -1.00000 0.00000
1636901329516669 -0.98600 -0.16677 -0.00000 -8.47295 -0.16677 0.98600 0.00000 0.63244 0.00000 0.00000 -1.00000 0.00000
1636901329765575 -0.98591 -0.16727 -0.00000 -9.61905 -0.16727 0.98591 0.00000 0.62552 0.00000 0.00000 -1.00000 0.00000
1636901330014794 -0.98567 -0.16866 -0.00000 -10.65726 -0.16866 0.98567 0.00000 0.59730 0.00000 0.00000 -1.00000 0.00000
1636901330263799 -0.98534 -0.17062 -0.00000 -11.59324 -0.17062 0.98534 0.00000 0.55883 0.00000 0.00000 -1.00000 0.00000
1636901330512765 -0.98522 -0.17128 -0.00000 -12.45511 -0.17128 0.98522 0.00000 0.55346 0.00000 0.00000 -1.00000 0.00000
1636901330761660 -0.98393 -0.17855 -0.00000 -13.28520 -0.17855 0.98393 0.00000 0.45848 0.00000 0.00000 -1.00000 0.00000
1636901331010592 -0.98316 -0.18272 -0.00000 -14.00704 -0.18272 0.98316 0.00000 0.38022 0.00000 0.00000 -1.00000 0.00000
1636901331259721 -0.98252 -0.18615 -0.00000 -14.65896 -0.18615 0.98252 0.00000 0.31631 0.00000 0.00000 -1.00000 0.00000
1636901331508969 -0.98169 -0.19047 -0.00000 -15.19839 -0.19047 0.98169 0.00000 0.25027 0.00000 0.00000 -1.00000 0.00000
1636901331758229 -0.98123 -0.19286 -0.00000 -15.62633 -0.19286 0.98123 0.00000 0.20705 0.00000 0.00000 -1.00000 0.00000
1636901332007391 -0.98080 -0.19503 -0.00000 -15.94491 -0.19503 0.98080 0.00000 0.16611 0.00000 0.00000 -1.00000 0.00000
1636901332256656 -0.98043 -0.19687 -0.00000 -16.17947 -0.19687 0.98043 0.00000 0.12606 0.00000 0.00000 -1.00000 0.00000
1636901332505561 -0.98004 -0.19878 -0.00000 -16.41015 -0.19878 0.98004 0.00000 0.09287 0.00000 0.00000 -1.00000 0.00000
1636901332754519 -0.97974 -0.20028 -0.00000 -16.67787 -0.20028 0.97974 0.00000 0.06181 0.00000 0.00000 -1.00000 0.00000
1636901333003551 -0.97942 -0.20183 -0.00000 -16.97262 -0.20183 0.97942 0.00000 0.02845 0.00000 0.00000 -1.00000 0.00000
1636901333252393 -0.97903 -0.20369 -0.00000 -17.32986 -0.20369 0.97903 0.00000 -0.00767 0.00000 0.00000 -1.00000 0.00000
1636901333501027 -0.97884 -0.20464 -0.00000 -17.83967 -0.20464 0.97884 0.00000 -0.03639 0.00000 0.00000 -1.00000 0.00000
1636901333749726 -0.97839 -0.20679 -0.00000 -18.48228 -0.20679 0.97839 0.00000 -0.08552 0.00000 0.00000 -1.00000 0.00000
1636901333998986 -0.97799 -0.20867 -0.00000 -19.24676 -0.20867 0.97799 0.00000 -0.14713 0.00000 0.00000 -1.00000 0.00000
1636901334247837 -0.97756 -0.21065 -0.00000 -20.13001 -0.21065 0.97756 0.00000 -0.19820 0.00000 0.00000 -1.00000 0.00000
1636901334496989 -0.97706 -0.21297 -0.00000 -21.12445 -0.21297 0.97706 0.00000 -0.27051 0.00000 0.00000 -1.00000 0.00000
1636901334745969 -0.97663 -0.21494 -0.00000 -22.22172 -0.21494 0.97663 0.00000 -0.35258 0.00000 0.00000 -1.00000 0.00000
1636901334994810 -0.97626 -0.21661 -0.00000 -23.42072 -0.21661 0.97626 0.00000 -0.40953 0.00000 0.00000 -1.00000 0.00000
1636901335243769 -0.97625 -0.21664 -0.00000 -24.70073 -0.21664 0.97625 0.00000 -0.45040 0.00000 0.00000 -1.00000 0.00000
1636901335492691 -0.97615 -0.21708 -0.00000 -26.03799 -0.21708 0.97615 0.00000 -0.50536 0.00000 0.00000 -1.00000 0.00000
1636901335741561 -0.97572 -0.21901 -0.00000 -27.46489 -0.21901 0.97572 0.00000 -0.59074 0.00000 0.00000 -1.00000 0.00000
1636901335990622 -0.97492 -0.22258 -0.00000 -28.96480 -0.22258 0.97492 0.00000 -0.71310 0.00000 0.00000 -1.00000 0.00000
1636901336239612 -0.97408 -0.22620 -0.00000 -30.52108 -0.22620 0.97408 0.00000 -0.84291 0.00000 0.00000 -1.00000 0.00000
1636901336488610 -0.97363 -0.22814 -0.00000 -32.12894 -0.22814 0.97363 0.00000 -0.91864 0.00000 0.00000 -1.00000 0.00000
1636901336737401 -0.97331 -0.22950 -0.00000 -33.81181 -0.22950 0.97331 0.00000 -0.98464 0.00000 0.00000 -1.00000 0.00000
1636901336986414 -0.97261 -0.23245 -0.00000 -35.55760 -0.23245 0.97261 0.00000 -1.11502 0.00000 0.00000 -1.00000 0.00000
1636901337235728 -0.97213 -0.23444 -0.00000 -37.31718 -0.23444 0.97213 0.00000 -1.21368 0.00000 0.00000 -1.00000 0.00000
1636901337484647 -0.97149 -0.23708 -0.00000 -39.11542 -0.23708 0.97149 0.00000 -1.34751 0.00000 0.00000 -1.00000 0.00000
1636901337733642 -0.97109 -0.23871 -0.00000 -41.00778 -0.23871 0.97109 0.00000 -1.44030 0.00000 0.00000 -1.00000 0.00000
1636901337982558 -0.97073 -0.24018 -0.00000 -42.92824 -0.24018 0.97073 0.00000 -1.53677 0.00000 0.00000 -1.00000 0.00000
1636901338231635 -0.97025 -0.24209 -0.00000 -44.87324 -0.24209 0.97025 0.00000 -1.67360 0.00000 0.00000 -1.00000 0.00000
1636901338480833 -0.97010 -0.24270 -0.00000 -46.87308 -0.24270 0.97010 0.00000 -1.74293 0.00000 0.00000 -1.00000 0.00000
1636901338729880 -0.97045 -0.24131 -0.00000 -48.83076 -0.24131 0.97045 0.00000 -1.71650 0.00000 0.00000 -1.00000 0.00000
1636901338978884 -0.97139 -0.23747 -0.00000 -50.81630 -0.23747 0.97139 0.00000 -1.56305 0.00000 0.00000 -1.00000 0.00000
1636901339228005 -0.97373 -0.22771 -0.00000 -52.81231 -0.22771 0.97373 0.00000 -1.09241 0.00000 0.00000 -1.00000 0.00000
1636901339477114 -0.97697 -0.21336 -0.00000 -54.78565 -0.21336 0.97697 0.00000 -0.36362 0.00000 0.00000 -1.00000 0.00000
1636901339726109 -0.98159 -0.19098 -0.00000 -56.70807 -0.19098 0.98159 0.00000 0.87343 0.00000 0.00000 -1.00000 0.00000
1636901339975368 -0.98580 -0.16790 -0.00000 -58.52561 -0.16790 0.98580 0.00000 2.17499 0.00000 0.00000 -1.00000 0.00000
1636901340224512 -0.98958 -0.14400 -0.00000 -60.20204 -0.14400 0.98958 0.00000 3.56849 0.00000 0.00000 -1.00000 0.00000
1636901340473864 -0.99354 -0.11348 -0.00000 -61.72012 -0.11348 0.99354 0.00000 5.40014 0.00000 0.00000 -1.00000 0.00000
1636901340723139 -0.99777 -0.06680 -0.00000 -62.97833 -0.06680 0.99777 0.00000 8.28183 0.00000 0.00000 -1.00000 0.00000
1636901340972198 -0.99999 -0.00495 -0.00000 -63.84700 -0.00495 0.99999 0.00000 12.15817 0.00000 0.00000 -1.00000 0.00000
1636901341221040 -0.99804 0.06253 0.00000 -64.27392 0.06253 0.99804 0.00000 16.42742 0.00000 0.00000 -1.00000 0.00000
1636901341470194 -0.99055 0.13719 0.00000 -64.16177 0.13719 0.99055 0.00000 21.19514 0.00000 0.00000 -1.00000 0.00000
1636901341719153 -0.97598 0.21788 0.00000 -63.46824 0.21788 0.97598 0.00000 26.37753 0.00000 0.00000 -1.00000 0.00000
1636901341968597 -0.95156 0.30747 0.00000 -61.97322 0.30747 0.95156 0.00000 32.14553 0.00000 0.00000 -1.00000 0.00000
1636901342217859 -0.91494 0.40359 0.00000 -59.53591 0.40359 0.91494 0.00000 38.35647 0.00000 0.00000 -1.00000 0.00000
1636901342466837 -0.86828 0.49608 0.00000 -56.43656 0.49608 0.86828 0.00000 44.28894 0.00000 0.00000 -1.00000 0.00000
1636901342716036 -0.81177 0.58398 0.00000 -52.68115 0.58398 0.81177 0.00000 49.93454 0.00000 0.00000 -1.00000 0.00000
1636901342965346 -0.74748 0.66428 0.00000 -48.43896 0.66428 0.74748 0.00000 55.07203 0.00000 0.00000 -1.00000 0.00000
1636901343214176 -0.67136 0.74113 0.00000 -43.41060 0.74113 0.67136 0.00000 59.96049 0.00000 0.00000 -1.00000 0.00000
1636901343462758 -0.58877 0.80830 0.00000 -38.05322 0.80830 0.58877 0.00000 64.22812 0.00000 0.00000 -1.00000 0.00000
1636901343712240 -0.50464 0.86333 0.00000 -32.74827 0.86333 0.50464 0.00000 67.70143 0.00000 0.00000 -1.00000 0.00000
