1614710324911017 1.00000 0.00000 0.00000 -0.00000 0.00000 -1.00000 0.00000 0.00000 0.00000 -0.00000 -1.00000 0.00000
1614710325160392 1.00000 -0.00094 0.00000 0.00856 -0.00094 -1.00000 0.00000 -0.03492 -0.00000 -0.00000 -1.00000 -0.00000
1614710325409770 1.00000 0.00237 0.00000 0.01365 0.00237 -1.00000 0.00000 -0.01506 0.00000 -0.00000 -1.00000 -0.00000
1614710325659775 1.00000 0.00040 0.00000 0.00249 0.00040 -1.00000 0.00000 0.01221 0.00000 -0.00000 -1.00000 0.00000
1614710325909776 1.00000 -0.00179 0.00000 0.00533 -0.00179 -1.00000 0.00000 -0.00904 -0.00000 -0.00000 -1.00000 -0.00000
1614710326160403 1.00000 -0.00280 0.00000 -0.01029 -0.00280 -1.00000 0.00000 0.04257 -0.00000 -0.00000 -1.00000 0.00000
1614710326410413 1.00000 -0.00061 -0.00000 0.00522 -0.00061 -1.00000 0.00000 -0.03670 -0.00000 -0.00000 -1.00000 -0.00000
1614710326661036 0.99999 -0.00474 0.00000 0.00913 -0.00474 -0.99999 0.00000 -0.01027 -0.00000 -0.00000 -1.00000 -0.00000
1614710326911041 0.99999 -0.00497 -0.00000 0.01217 -0.00497 -0.99999 0.00000 -0.01140 -0.00000 -0.00000 -1.00000 -0.00000
1614710327161043 0.99999 -0.00384 0.00000 -0.00270 -0.00384 -0.99999 0.00000 -0.00427 -0.00000 -0.00000 -1.00000 -0.00000
1614710327411043 0.99998 -0.00700 -0.00000 0.00318 -0.00700 -0.99998 0.00000 0.00174 -0.00000 -0.00000 -1.00000 0.00000
1614710327660423 1.00000 -0.00149 0.00000 0.00295 -0.00149 -1.00000 0.00000 0.00640 -0.00000 -0.00000 -1.00000 0.00000
1614710327909800 1.00000 0.00009 0.00000 0.03026 0.00009 -1.00000 0.00000 -0.05247 0.00000 -0.00000 -1.00000 -0.00000
1614710328159804 1.00000 -0.00281 0.00000 -0.00169 -0.00281 -1.00000 0.00000 0.00723 -0.00000 -0.00000 -1.00000 0.00000
1614710328409807 1.00000 0.00019 0.00000 0.01169 0.00019 -1.00000 0.00000 -0.04337 0.00000 -0.00000 -1.00000 -0.00000
1614710328660439 0.99997 -0.00777 0.00000 0.01663 -0.00777 -0.99997 0.00000 -0.02143 -0.00000 -0.00000 -1.00000 -0.00000
1614710328910434 0.99999 -0.00438 0.00000 0.00838 -0.00438 -0.99999 0.00000 -0.02301 -0.00000 -0.00000 -1.00000 -0.00000
1614710329160442 1.00000 -0.00072 0.00000 0.00402 -0.00072 -1.00000 0.00000 -0.01079 -0.00000 -0.00000 -1.00000 -0.00000
1614710329410440 1.00000 0.00239 0.00000 0.01279 0.00239 -1.00000 0.00000 -0.02462 0.00000 -0.00000 -1.00000 -0.00000
1614710329660446 1.00000 0.00311 -0.00000 0.01620 0.00311 -1.00000 0.00000 -0.02356 0.00000 -0.00000 -1.00000 -0.00000
1614710329910454 1.00000 -0.00096 0.00000 -0.02103 -0.00096 -1.00000 0.00000 0.00720 -0.00000 -0.00000 -1.00000 0.00000
1614710330160456 0.99997 -0.00718 0.00000 -0.03698 -0.00718 -0.99997 0.00000 0.03094 -0.00000 -0.00000 -1.00000 0.00000
1614710330409830 1.00000 -0.00285 0.00000 -0.07438 -0.00285 -1.00000 0.00000 -0.02283 -0.00000 -0.00000 -1.00000 -0.00000
1614710330659837 1.00000 0.00117 0.00000 -0.14577 0.00117 -1.00000 0.00000 -0.03823 0.00000 -0.00000 -1.00000 -0.00000
1614710330910465 0.99998 -0.00636 0.00000 -0.24565 -0.00636 -0.99998 0.00000 0.00885 -0.00000 -0.00000 -1.00000 0.00000
1614710331160465 0.99997 -0.00770 0.00000 -0.36095 -0.00770 -0.99997 0.00000 0.03807 -0.00000 -0.00000 -1.00000 0.00000
1614710331411087 0.99991 -0.01374 -0.00000 -0.63185 -0.01374 -0.99991 0.00000 0.04825 -0.00000 -0.00000 -1.00000 0.00000
1614710331661092 0.99991 -0.01333 0.00000 -0.95718 -0.01333 -0.99991 0.00000 -0.01096 -0.00000 -0.00000 -1.00000 -0.00000
1614710331911722 0.99978 -0.02081 0.00000 -1.36527 -0.02081 -0.99978 0.00000 0.13093 -0.00000 -0.00000 -1.00000 0.00000
1614710332161104 0.99949 -0.03185 -0.00000 -1.86278 -0.03185 -0.99949 0.00000 0.07207 -0.00000 -0.00000 -1.00000 0.00000
1614710332410479 0.99875 -0.04999 0.00000 -2.40449 -0.04999 -0.99875 0.00000 0.08813 -0.00000 -0.00000 -1.00000 0.00000
1614710332659852 0.99777 -0.06674 -0.00000 -3.06027 -0.06674 -0.99777 0.00000 0.04892 -0.00000 -0.00000 -1.00000 0.00000
1614710332909863 0.99610 -0.08823 -0.00000 -3.75946 -0.08823 -0.99610 0.00000 0.06985 -0.00000 -0.00000 -1.00000 0.00000
1614710333159866 0.99411 -0.10841 -0.00000 -4.46238 -0.10841 -0.99411 0.00000 0.13257 -0.00000 -0.00000 -1.00000 0.00000
1614710333409864 0.99343 -0.11446 0.00000 -5.28290 -0.11446 -0.99343 0.00000 0.12846 -0.00000 -0.00000 -1.00000 0.00000
1614710333660495 0.99259 -0.12149 0.00000 -6.12048 -0.12149 -0.99259 0.00000 0.25741 -0.00000 -0.00000 -1.00000 0.00000
1614710333911119 0.99203 -0.12603 -0.00000 -7.09919 -0.12603 -0.99203 0.00000 0.27140 -0.00000 -0.00000 -1.00000 0.00000
1614710334161127 0.99228 -0.12402 0.00000 -8.01314 -0.12402 -0.99228 0.00000 0.18692 -0.00000 -0.00000 -1.00000 0.00000
1614710334411134 0.99265 -0.12101 0.00000 -9.03440 -0.12101 -0.99265 0.00000 0.23178 -0.00000 -0.00000 -1.00000 0.00000
1614710334661130 0.99385 -0.11073 0.00000 -10.00044 -0.11073 -0.99385 0.00000 0.06728 -0.00000 -0.00000 -1.00000 0.00000
1614710334911139 0.99501 -0.09980 0.00000 -11.08749 -0.09980 -0.99501 0.00000 -0.02769 -0.00000 -0.00000 -1.00000 -0.00000
1614710335161142 0.99557 -0.09406 0.00000 -12.21742 -0.09406 -0.99557 0.00000 -0.06222 -0.00000 -0.00000 -1.00000 -0.00000
1614710335409890 0.99703 -0.07700 -0.00000 -13.38510 -0.07700 -0.99703 0.00000 -0.39028 -0.00000 -0.00000 -1.00000 -0.00000
1614710335659899 0.99770 -0.06780 0.00000 -14.56294 -0.06780 -0.99770 0.00000 -0.44358 -0.00000 -0.00000 -1.00000 -0.00000
1614710335909900 0.99854 -0.05393 -0.00000 -15.75629 -0.05393 -0.99854 0.00000 -0.80870 -0.00000 -0.00000 -1.00000 -0.00000
1614710336159903 0.99919 -0.04016 -0.00000 -16.96042 -0.04016 -0.99919 0.00000 -1.09181 -0.00000 -0.00000 -1.00000 -0.00000
1614710336410525 0.99955 -0.03002 0.00000 -18.33888 -0.03002 -0.99955 0.00000 -1.20785 -0.00000 -0.00000 -1.00000 -0.00000
1614710336661158 0.99971 -0.02421 -0.00000 -19.64855 -0.02421 -0.99971 0.00000 -1.27733 -0.00000 -0.00000 -1.00000 -0.00000
1614710336911158 0.99999 -0.00321 -0.00000 -20.86450 -0.00321 -0.99999 0.00000 -1.76146 -0.00000 -0.00000 -1.00000 -0.00000
1614710337161163 0.99997 0.00787 0.00000 -22.22129 0.00787 -0.99997 0.00000 -2.05356 0.00000 -0.00000 -1.00000 -0.00000
1614710337411168 0.99997 0.00803 -0.00000 -23.53239 0.00803 -0.99997 0.00000 -1.87953 0.00000 -0.00000 -1.00000 -0.00000
1614710337660567 0.99994 0.01080 -0.00000 -24.80956 0.01080 -0.99994 0.00000 -2.00194 0.00000 -0.00000 -1.00000 -0.00000
1614710337909321 0.99964 0.02666 0.00000 -26.08724 0.02666 -0.99964 0.00000 -2.53780 0.00000 -0.00000 -1.00000 -0.00000
1614710338158752 0.99949 0.03190 -0.00000 -27.54856 0.03190 -0.99949 0.00000 -2.66306 0.00000 -0.00000 -1.00000 -0.00000
1614710338408703 0.99947 0.03261 0.00000 -29.02359 0.03261 -0.99947 0.00000 -2.72385 0.00000 -0.00000 -1.00000 -0.00000
1614710338659333 0.99940 0.03459 0.00000 -30.50187 0.03459 -0.99940 0.00000 -2.78475 0.00000 -0.00000 -1.00000 -0.00000
1614710338909964 0.99932 0.03679 0.00000 -32.17646 0.03679 -0.99932 0.00000 -2.88019 0.00000 -0.00000 -1.00000 -0.00000
1614710339159962 0.99933 0.03652 0.00000 -33.84281 0.03652 -0.99933 0.00000 -2.89630 0.00000 -0.00000 -1.00000 -0.00000
1614710339410588 0.99925 0.03860 0.00000 -35.40931 0.03860 -0.99925 0.00000 -2.99141 0.00000 -0.00000 -1.00000 -0.00000
1614710339661222 0.99905 0.04358 0.00000 -37.18123 0.04358 -0.99905 0.00000 -3.14841 0.00000 -0.00000 -1.00000 -0.00000
1614710339911221 0.99887 0.04749 -0.00000 -38.93561 0.04749 -0.99887 0.00000 -3.40796 0.00000 -0.00000 -1.00000 -0.00000
1614710340161850 0.99831 0.05806 0.00000 -40.69309 0.05806 -0.99831 0.00000 -3.87488 0.00000 -0.00000 -1.00000 -0.00000
1614710340411858 0.99827 0.05878 0.00000 -42.54520 0.05878 -0.99827 0.00000 -3.88633 0.00000 -0.00000 -1.00000 -0.00000
1614710340661854 0.99856 0.05371 -0.00000 -44.43424 0.05371 -0.99856 0.00000 -3.74563 0.00000 -0.00000 -1.00000 -0.00000
1614710340911232 0.99850 0.05482 -0.00000 -46.31427 0.05482 -0.99850 0.00000 -3.75819 0.00000 -0.00000 -1.00000 -0.00000
1614710341160610 0.99840 0.05649 -0.00000 -48.25823 0.05649 -0.99840 0.00000 -3.87273 0.00000 -0.00000 -1.00000 -0.00000
1614710341409993 0.99830 0.05830 0.00000 -50.24603 0.05830 -0.99830 0.00000 -3.98838 0.00000 -0.00000 -1.00000 -0.00000
1614710341659365 0.99824 0.05924 0.00000 -52.27389 0.05924 -0.99824 0.00000 -4.10068 0.00000 -0.00000 -1.00000 -0.00000
1614710341909358 0.99822 0.05961 0.00000 -54.30473 0.05961 -0.99822 0.00000 -4.21758 0.00000 -0.00000 -1.00000 -0.00000
1614710342159984 0.99798 0.06355 0.00000 -56.40491 0.06355 -0.99798 0.00000 -4.41151 0.00000 -0.00000 -1.00000 -0.00000
1614710342409992 0.99741 0.07188 0.00000 -58.49419 0.07188 -0.99741 0.00000 -4.99243 0.00000 -0.00000 -1.00000 -0.00000
1614710342660621 0.99764 0.06862 0.00000 -60.70875 0.06862 -0.99764 0.00000 -4.79199 0.00000 -0.00000 -1.00000 -0.00000
1614710342910638 0.99661 0.08232 0.00000 -62.81444 0.08232 -0.99661 0.00000 -5.76256 0.00000 -0.00000 -1.00000 -0.00000
1614710343161256 0.99678 0.08016 0.00000 -65.00759 0.08016 -0.99678 0.00000 -5.66399 0.00000 -0.00000 -1.00000 -0.00000
1614710343411246 0.99633 0.08557 0.00000 -67.14714 0.08557 -0.99633 0.00000 -5.96729 0.00000 -0.00000 -1.00000 -0.00000
1614710343661257 0.99560 0.09369 0.00000 -69.25006 0.09369 -0.99560 0.00000 -6.43261 0.00000 -0.00000 -1.00000 -0.00000
1614710343910630 0.99497 0.10015 0.00000 -71.38724 0.10015 -0.99497 0.00000 -6.83439 0.00000 -0.00000 -1.00000 -0.00000
1614710344160005 0.99499 0.09995 -0.00000 -73.57276 0.09995 -0.99499 0.00000 -6.88004 0.00000 -0.00000 -1.00000 -0.00000
1614710344409379 0.99534 0.09639 0.00000 -75.65136 0.09639 -0.99534 0.00000 -6.77808 0.00000 -0.00000 -1.00000 -0.00000
1614710344660012 0.99668 0.08145 0.00000 -77.88499 0.08145 -0.99668 0.00000 -5.49623 0.00000 -0.00000 -1.00000 -0.00000
1614710344910635 0.99797 0.06370 0.00000 -80.02321 0.06370 -0.99797 0.00000 -4.14712 0.00000 -0.00000 -1.00000 -0.00000
1614710345160644 0.99871 0.05074 0.00000 -82.22690 0.05074 -0.99871 0.00000 -3.15418 0.00000 -0.00000 -1.00000 -0.00000
1614710345411274 0.99993 0.01223 0.00000 -84.37443 0.01223 -0.99993 0.00000 0.01028 0.00000 -0.00000 -1.00000 0.00000
1614710345661901 0.99963 -0.02708 0.00000 -86.27152 -0.02708 -0.99963 0.00000 3.31650 -0.00000 -0.00000 -1.00000 0.00000
1614710345911274 0.99778 -0.06656 -0.00000 -88.13172 -0.06656 -0.99778 0.00000 6.70219 -0.00000 -0.00000 -1.00000 0.00000
1614710346160664 0.99298 -0.11832 0.00000 -89.58352 -0.11832 -0.99298 0.00000 11.35982 -0.00000 -0.00000 -1.00000 0.00000
1614710346410659 0.98220 -0.18784 -0.00000 -90.47560 -0.18784 -0.98220 0.00000 17.70141 -0.00000 -0.00000 -1.00000 0.00000
1614710346659409 0.96715 -0.25420 -0.00000 -91.02173 -0.25420 -0.96715 0.00000 23.67597 -0.00000 -0.00000 -1.00000 0.00000
1614710346908790 0.94854 -0.31664 0.00000 -91.15945 -0.31664 -0.94854 0.00000 29.52971 -0.00000 -0.00000 -1.00000 0.00000
1614710347158792 0.92690 -0.37531 -0.00000 -91.07957 -0.37531 -0.92690 0.00000 35.18166 -0.00000 -0.00000 -1.00000 0.00000
1614710347408797 0.89787 -0.44027 0.00000 -90.24058 -0.44027 -0.89787 0.00000 41.66442 -0.00000 -0.00000 -1.00000 0.00000
1614710347659429 0.86398 -0.50352 0.00000 -88.89030 -0.50352 -0.86398 0.00000 47.90625 -0.00000 -0.00000 -1.00000 0.00000
1614710347909430 0.82562 -0.56423 0.00000 -87.11055 -0.56423 -0.82562 0.00000 54.26936 -0.00000 -0.00000 -1.00000 0.00000
1614710348160058 0.78071 -0.62489 0.00000 -84.74657 -0.62489 -0.78071 0.00000 60.68905 -0.00000 -0.00000 -1.00000 0.00000
1614710348410684 0.73305 -0.68017 0.00000 -81.89295 -0.68017 -0.73305 0.00000 66.71775 -0.00000 -0.00000 -1.00000 0.00000
1614710348660697 0.69227 -0.72164 0.00000 -79.69802 -0.72164 -0.69227 0.00000 71.31804 -0.00000 -0.00000 -1.00000 0.00000
1614710348910686 0.63908 -0.76914 0.00000 -76.26759 -0.76914 -0.63908 0.00000 76.79998 -0.00000 -0.00000 -1.00000 0.00000
1614710349160700 0.59008 -0.80735 0.00000 -73.15694 -0.80735 -0.59008 0.00000 81.32399 -0.00000 -0.00000 -1.00000 0.00000
1614710349410695 0.55497 -0.83187 0.00000 -71.44361 -0.83187 -0.55497 0.00000 84.36006 -0.00000 -0.00000 -1.00000 0.00000
1614710349660703 0.51634 -0.85638 0.00000 -69.42517 -0.85638 -0.51634 0.00000 87.74420 -0.00000 -0.00000 -1.00000 0.00000
1614710349910078 0.48805 -0.87282 0.00000 -68.42215 -0.87282 -0.48805 0.00000 89.95810 -0.00000 -0.00000 -1.00000 0.00000
1614710350160084 0.46901 -0.88319 0.00000 -68.48524 -0.88319 -0.46901 0.00000 91.44720 -0.00000 -0.00000 -1.00000 0.00000
1614710350410717 0.45676 -0.88959 0.00000 -69.35748 -0.88959 -0.45676 0.00000 92.35023 -0.00000 -0.00000 -1.00000 0.00000
1614710350661336 0.44617 -0.89495 0.00000 -70.36840 -0.89495 -0.44617 0.00000 93.21709 -0.00000 -0.00000 -1.00000 0.00000
1614710350911339 0.43993 -0.89803 0.00000 -71.90668 -0.89803 -0.43993 0.00000 93.55332 -0.00000 -0.00000 -1.00000 0.00000
1614710351161966 0.42563 -0.90490 0.00000 -72.58755 -0.90490 -0.42563 0.00000 94.64679 -0.00000 -0.00000 -1.00000 0.00000
1614710351411350 0.43297 -0.90141 0.00000 -75.68618 -0.90141 -0.43297 0.00000 93.94905 -0.00000 -0.00000 -1.00000 0.00000
1614710351661350 0.43054 -0.90257 0.00000 -77.77600 -0.90257 -0.43054 0.00000 94.30154 -0.00000 -0.00000 -1.00000 0.00000
1614710351910723 0.43793 -0.89901 0.00000 -80.77824 -0.89901 -0.43793 0.00000 93.69771 -0.00000 -0.00000 -1.00000 0.00000
1614710352160104 0.44469 -0.89569 0.00000 -83.74413 -0.89569 -0.44469 0.00000 92.82911 -0.00000 -0.00000 -1.00000 0.00000
1614710352410108 0.45246 -0.89179 0.00000 -86.78054 -0.89179 -0.45246 0.00000 92.12810 -0.00000 -0.00000 -1.00000 0.00000
1614710352660114 0.46568 -0.88495 0.00000 -90.40556 -0.88495 -0.46568 0.00000 90.79453 -0.00000 -0.00000 -1.00000 0.00000
1614710352910742 0.47397 -0.88054 0.00000 -93.50381 -0.88054 -0.47397 0.00000 89.81745 -0.00000 -0.00000 -1.00000 0.00000
1614710353160744 0.48409 -0.87502 0.00000 -96.67866 -0.87502 -0.48409 0.00000 88.72067 -0.00000 -0.00000 -1.00000 0.00000
1614710353410746 0.49598 -0.86833 0.00000 -100.03923 -0.86833 -0.49598 0.00000 87.40557 -0.00000 -0.00000 -1.00000 0.00000
1614710353661375 0.51043 -0.85992 0.00000 -103.67780 -0.85992 -0.51043 0.00000 85.57690 -0.00000 -0.00000 -1.00000 0.00000
1614710353911381 0.51782 -0.85549 -0.00000 -106.55396 -0.85549 -0.51782 0.00000 84.65483 -0.00000 -0.00000 -1.00000 0.00000
1614710354161422 0.52724 -0.84971 0.00000 -109.58070 -0.84971 -0.52724 0.00000 83.43880 -0.00000 -0.00000 -1.00000 0.00000
1614710354411376 0.53424 -0.84533 0.00000 -112.28660 -0.84533 -0.53424 0.00000 82.59343 -0.00000 -0.00000 -1.00000 0.00000
1614710354660763 0.54800 -0.83648 0.00000 -115.68133 -0.83648 -0.54800 0.00000 80.59194 -0.00000 -0.00000 -1.00000 0.00000
1614710354910142 0.56890 -0.82240 0.00000 -119.75762 -0.82240 -0.56890 0.00000 77.69129 -0.00000 -0.00000 -1.00000 0.00000
1614710355160145 0.59179 -0.80609 0.00000 -123.81283 -0.80609 -0.59179 0.00000 74.15955 -0.00000 -0.00000 -1.00000 0.00000
1614710355410144 0.62105 -0.78377 0.00000 -128.47634 -0.78377 -0.62105 0.00000 69.62002 -0.00000 -0.00000 -1.00000 0.00000
1614710355660767 0.64277 -0.76606 0.00000 -132.34489 -0.76606 -0.64277 0.00000 65.96273 -0.00000 -0.00000 -1.00000 0.00000
1614710355911401 0.66839 -0.74381 0.00000 -136.40098 -0.74381 -0.66839 0.00000 61.40295 -0.00000 -0.00000 -1.00000 0.00000
1614710356161407 0.69558 -0.71845 0.00000 -140.42206 -0.71845 -0.69558 0.00000 56.26856 -0.00000 -0.00000 -1.00000 0.00000
1614710356411411 0.72073 -0.69321 0.00000 -144.26107 -0.69321 -0.72073 0.00000 51.20151 -0.00000 -0.00000 -1.00000 0.00000
1614710356661422 0.74485 -0.66723 0.00000 -147.75316 -0.66723 -0.74485 0.00000 45.96048 -0.00000 -0.00000 -1.00000 0.00000
1614710356911412 0.76130 -0.64840 0.00000 -150.65332 -0.64840 -0.76130 0.00000 42.23418 -0.00000 -0.00000 -1.00000 0.00000
1614710357160790 0.78403 -0.62072 0.00000 -153.74969 -0.62072 -0.78403 0.00000 36.76348 -0.00000 -0.00000 -1.00000 0.00000
1614710357410170 0.80814 -0.58899 0.00000 -156.70939 -0.58899 -0.80814 0.00000 30.58599 -0.00000 -0.00000 -1.00000 0.00000
1614710357660170 0.83111 -0.55611 0.00000 -159.36161 -0.55611 -0.83111 0.00000 24.33521 -0.00000 -0.00000 -1.00000 0.00000
1614710357910804 0.86104 -0.50853 -0.00000 -162.01684 -0.50853 -0.86104 0.00000 15.33279 -0.00000 -0.00000 -1.00000 0.00000
1614710358160808 0.89530 -0.44547 0.00000 -164.25202 -0.44547 -0.89530 0.00000 3.57185 -0.00000 -0.00000 -1.00000 0.00000
1614710358410829 0.92420 -0.38192 0.00000 -165.49711 -0.38192 -0.92420 0.00000 -7.91831 -0.00000 -0.00000 -1.00000 -0.00000
1614710358660811 0.95506 -0.29641 0.00000 -165.43394 -0.29641 -0.95506 0.00000 -23.07391 -0.00000 -0.00000 -1.00000 -0.00000
1614710358910815 0.97948 -0.20155 -0.00000 -163.64912 -0.20155 -0.97948 0.00000 -39.10288 -0.00000 -0.00000 -1.00000 -0.00000
1614710359160820 0.99556 -0.09408 -0.00000 -159.60261 -0.09408 -0.99556 0.00000 -56.59974 -0.00000 -0.00000 -1.00000 -0.00000
1614710359410193 0.99954 0.03038 0.00000 -152.45928 0.03038 -0.99954 0.00000 -75.96058 0.00000 -0.00000 -1.00000 -0.00000
1614710359660196 0.98753 0.15746 -0.00000 -142.57898 0.15746 -0.98753 0.00000 -94.74212 0.00000 -0.00000 -1.00000 -0.00000
1614710359910826 0.95793 0.28700 0.00000 -129.72292 0.28700 -0.95793 0.00000 -112.76562 0.00000 -0.00000 -1.00000 -0.00000
1614710360161453 0.90546 0.42442 0.00000 -112.82526 0.42442 -0.90546 0.00000 -130.55943 0.00000 -0.00000 -1.00000 -0.00000
1614710360411458 0.83184 0.55502 0.00000 -93.05560 0.55502 -0.83184 0.00000 -145.94257 0.00000 -0.00000 -1.00000 -0.00000
1614710360661459 0.72942 0.68407 0.00000 -68.76478 0.68407 -0.72942 0.00000 -159.24033 0.00000 -0.00000 -1.00000 -0.00000
1614710360912090 0.61161 0.79116 0.00000 -43.56358 0.79116 -0.61161 0.00000 -168.05442 0.00000 -0.00000 -1.00000 -0.00000
1614710361161467 0.47240 0.88138 0.00000 -16.14099 0.88138 -0.47240 0.00000 -172.98158 0.00000 -0.00000 -1.00000 -0.00000
1614710361410840 0.30405 0.95266 0.00000 14.69091 0.95266 -0.30405 0.00000 -173.00645 0.00000 -0.00000 -1.00000 -0.00000
1614710361660854 0.13451 0.99091 0.00000 43.48476 0.99091 -0.13451 0.00000 -167.79316 0.00000 -0.00000 -1.00000 -0.00000
1614710361910228 -0.05716 0.99836 0.00000 73.66542 0.99836 0.05716 0.00000 -156.37902 0.00000 0.00000 -1.00000 -0.00000
1614710362160235 -0.24160 0.97038 0.00000 100.39805 0.97038 0.24160 0.00000 -139.78348 0.00000 0.00000 -1.00000 -0.00000
1614710362410856 -0.40548 0.91410 -0.00000 121.98258 0.91410 0.40548 0.00000 -120.41850 0.00000 0.00000 -1.00000 -0.00000
1614710362660861 -0.55510 0.83178 0.00000 139.50596 0.83178 0.55510 0.00000 -97.90429 0.00000 0.00000 -1.00000 -0.00000
1614710362912117 -0.66879 0.74345 0.00000 150.95572 0.74345 0.66879 0.00000 -76.80290 0.00000 0.00000 -1.00000 -0.00000
1614710363162118 -0.76110 0.64863 0.00000 158.51151 0.64863 0.76110 0.00000 -56.18104 0.00000 0.00000 -1.00000 -0.00000
1614710363412117 -0.82448 0.56589 0.00000 162.13785 0.56589 0.82448 0.00000 -39.42451 0.00000 0.00000 -1.00000 -0.00000
1614710363662123 -0.87951 0.47588 0.00000 164.10217 0.47588 0.87951 0.00000 -22.02931 0.00000 0.00000 -1.00000 -0.00000
1614710363912126 -0.91336 0.40716 0.00000 163.82344 0.40716 0.91336 0.00000 -9.49131 0.00000 0.00000 -1.00000 -0.00000
1614710364162132 -0.94062 0.33947 0.00000 162.71601 0.33947 0.94062 0.00000 2.57198 0.00000 0.00000 -1.00000 0.00000
1614710364411509 -0.95657 0.29149 0.00000 160.85672 0.29149 0.95657 0.00000 10.73948 0.00000 0.00000 -1.00000 0.00000
1614710364661513 -0.96290 0.26986 0.00000 159.00995 0.26986 0.96290 0.00000 14.37871 0.00000 0.00000 -1.00000 0.00000
1614710364910887 -0.96438 0.26451 0.00000 157.30895 0.26451 0.96438 0.00000 15.21965 0.00000 0.00000 -1.00000 0.00000
1614710365160891 -0.96405 0.26572 -0.00000 155.69142 0.26572 0.96405 0.00000 15.00734 0.00000 0.00000 -1.00000 0.00000
1614710365410886 -0.96130 0.27550 0.00000 154.08731 0.27550 0.96130 0.00000 13.39780 0.00000 0.00000 -1.00000 0.00000
1614710365660901 -0.95462 0.29783 0.00000 152.66876 0.29783 0.95462 0.00000 9.85903 0.00000 0.00000 -1.00000 0.00000
1614710365910907 -0.94391 0.33019 -0.00000 151.19051 0.33019 0.94391 0.00000 4.62818 0.00000 0.00000 -1.00000 0.00000
1614710366160907 -0.92975 0.36819 -0.00000 149.52043 0.36819 0.92975 0.00000 -1.51116 0.00000 0.00000 -1.00000 -0.00000
1614710366410912 -0.91178 0.41069 -0.00000 147.48812 0.41069 0.91178 0.00000 -8.39319 0.00000 0.00000 -1.00000 -0.00000
1614710366660907 -0.88265 0.47004 0.00000 144.74698 0.47004 0.88265 0.00000 -18.19146 0.00000 0.00000 -1.00000 -0.00000
1614710366910285 -0.85321 0.52156 -0.00000 141.69823 0.52156 0.85321 0.00000 -26.85186 0.00000 0.00000 -1.00000 -0.00000
1614710367159667 -0.81918 0.57354 0.00000 137.69934 0.57354 0.81918 0.00000 -35.48622 0.00000 0.00000 -1.00000 -0.00000
1614710367409044 -0.78937 0.61391 0.00000 133.88718 0.61391 0.78937 0.00000 -42.51126 0.00000 0.00000 -1.00000 -0.00000
1614710367659681 -0.75020 0.66121 0.00000 129.01238 0.66121 0.75020 0.00000 -50.60032 0.00000 0.00000 -1.00000 -0.00000
1614710367909678 -0.71295 0.70122 0.00000 123.93819 0.70122 0.71295 0.00000 -57.68817 0.00000 0.00000 -1.00000 -0.00000
1614710368160307 -0.67133 0.74116 0.00000 118.34369 0.74116 0.67133 0.00000 -64.73892 0.00000 0.00000 -1.00000 -0.00000
1614710368410937 -0.62399 0.78143 0.00000 112.00842 0.78143 0.62399 0.00000 -71.89490 0.00000 0.00000 -1.00000 -0.00000
1614710368660938 -0.58064 0.81416 0.00000 105.84749 0.81416 0.58064 0.00000 -77.92944 0.00000 0.00000 -1.00000 -0.00000
1614710368911564 -0.53355 0.84577 0.00000 99.23557 0.84577 0.53355 0.00000 -83.86036 0.00000 0.00000 -1.00000 -0.00000
1614710369161567 -0.49502 0.86888 -0.00000 93.26092 0.86888 0.49502 0.00000 -88.16997 0.00000 0.00000 -1.00000 -0.00000
1614710369410942 -0.46864 0.88339 0.00000 88.41926 0.88339 0.46864 0.00000 -90.98491 0.00000 0.00000 -1.00000 -0.00000
1614710369660320 -0.44870 0.89368 -0.00000 84.28890 0.89368 0.44870 0.00000 -93.01920 0.00000 0.00000 -1.00000 -0.00000
1614710369910330 -0.42847 0.90356 0.00000 80.07563 0.90356 0.42847 0.00000 -94.97335 0.00000 0.00000 -1.00000 -0.00000
1614710370160336 -0.41678 0.90901 -0.00000 76.79010 0.90901 0.41678 0.00000 -96.08924 0.00000 0.00000 -1.00000 -0.00000
1614710370410334 -0.41067 0.91178 0.00000 73.99924 0.91178 0.41067 0.00000 -96.48419 0.00000 0.00000 -1.00000 -0.00000
1614710370660959 -0.40449 0.91454 0.00000 71.25403 0.91454 0.40449 0.00000 -97.10701 0.00000 0.00000 -1.00000 -0.00000
1614710370910964 -0.41448 0.91006 0.00000 70.19339 0.91006 0.41448 0.00000 -96.28137 0.00000 0.00000 -1.00000 -0.00000
1614710371161592 -0.42200 0.90660 0.00000 68.86938 0.90660 0.42200 0.00000 -95.85813 0.00000 0.00000 -1.00000 -0.00000
1614710371411592 -0.43635 0.89978 0.00000 68.24544 0.89978 0.43635 0.00000 -94.69890 0.00000 0.00000 -1.00000 -0.00000
1614710371661601 -0.45207 0.89198 0.00000 67.89632 0.89198 0.45207 0.00000 -93.74305 0.00000 0.00000 -1.00000 -0.00000
1614710371910973 -0.46989 0.88272 -0.00000 67.64678 0.88272 0.46989 0.00000 -92.22658 0.00000 0.00000 -1.00000 -0.00000
1614710372160980 -0.49383 0.86956 0.00000 68.15098 0.86956 0.49383 0.00000 -90.39916 0.00000 0.00000 -1.00000 -0.00000
1614710372410356 -0.53320 0.84599 0.00000 70.12197 0.84599 0.53320 0.00000 -87.12616 0.00000 0.00000 -1.00000 -0.00000
1614710372660352 -0.57699 0.81675 0.00000 72.64433 0.81675 0.57699 0.00000 -83.40701 0.00000 0.00000 -1.00000 -0.00000
1614710372910356 -0.62909 0.77733 0.00000 76.01777 0.77733 0.62909 0.00000 -78.76177 0.00000 0.00000 -1.00000 -0.00000
1614710373160993 -0.67414 0.73860 0.00000 78.57694 0.73860 0.67414 0.00000 -73.99491 0.00000 0.00000 -1.00000 -0.00000
1614710373410991 -0.72273 0.69113 0.00000 81.50133 0.69113 0.72273 0.00000 -68.67887 0.00000 0.00000 -1.00000 -0.00000
1614710373661621 -0.76290 0.64651 0.00000 83.55696 0.64651 0.76290 0.00000 -63.56265 0.00000 0.00000 -1.00000 -0.00000
1614710373910999 -0.80589 0.59206 0.00000 85.93773 0.59206 0.80589 0.00000 -57.87009 0.00000 0.00000 -1.00000 -0.00000
1614710374161000 -0.84379 0.53667 0.00000 87.66050 0.53667 0.84379 0.00000 -52.09386 0.00000 0.00000 -1.00000 -0.00000
1614710374411015 -0.87435 0.48529 0.00000 88.76236 0.48529 0.87435 0.00000 -46.68859 0.00000 0.00000 -1.00000 -0.00000
1614710374660382 -0.90314 0.42934 0.00000 89.68879 0.42934 0.90314 0.00000 -41.14485 0.00000 0.00000 -1.00000 -0.00000
1614710374910386 -0.92750 0.37383 0.00000 90.15500 0.37383 0.92750 0.00000 -35.59023 0.00000 0.00000 -1.00000 -0.00000
1614710375161016 -0.95094 0.30938 -0.00000 90.54194 0.30938 0.95094 0.00000 -29.50629 0.00000 0.00000 -1.00000 -0.00000
1614710375411645 -0.96955 0.24491 -0.00000 90.36716 0.24491 0.96955 0.00000 -23.39510 0.00000 0.00000 -1.00000 -0.00000
1614710375661649 -0.98436 0.17618 0.00000 89.89539 0.17618 0.98436 0.00000 -16.99130 0.00000 0.00000 -1.00000 -0.00000
1614710375911649 -0.99325 0.11600 0.00000 88.76096 0.11600 0.99325 0.00000 -11.51075 0.00000 0.00000 -1.00000 -0.00000
1614710376161653 -0.99815 0.06079 0.00000 87.28143 0.06079 0.99815 0.00000 -6.58061 0.00000 0.00000 -1.00000 -0.00000
1614710376411657 -0.99983 0.01838 0.00000 85.30926 0.01838 0.99983 0.00000 -2.88728 0.00000 0.00000 -1.00000 -0.00000
1614710376661035 -0.99977 -0.02161 0.00000 83.26481 -0.02161 0.99977 0.00000 0.50465 -0.00000 0.00000 -1.00000 0.00000
1614710376911659 -0.99903 -0.04408 -0.00000 81.10685 -0.04408 0.99903 0.00000 2.42617 -0.00000 0.00000 -1.00000 0.00000
1614710377161037 -0.99715 -0.07546 0.00000 78.90946 -0.07546 0.99715 0.00000 4.92511 -0.00000 0.00000 -1.00000 0.00000
1614710377410417 -0.99622 -0.08690 0.00000 76.67141 -0.08690 0.99622 0.00000 5.78793 -0.00000 0.00000 -1.00000 0.00000
1614710377661036 -0.99602 -0.08913 -0.00000 74.40465 -0.08913 0.99602 0.00000 5.97429 -0.00000 0.00000 -1.00000 0.00000
1614710377910419 -0.99544 -0.09541 0.00000 72.15701 -0.09541 0.99544 0.00000 6.41459 -0.00000 0.00000 -1.00000 0.00000
1614710378160432 -0.99581 -0.09139 0.00000 69.99034 -0.09139 0.99581 0.00000 5.97471 -0.00000 0.00000 -1.00000 0.00000
1614710378411055 -0.99663 -0.08198 0.00000 67.82995 -0.08198 0.99663 0.00000 5.32761 -0.00000 0.00000 -1.00000 0.00000
1614710378661057 -0.99642 -0.08454 0.00000 65.63887 -0.08454 0.99642 0.00000 5.44501 -0.00000 0.00000 -1.00000 0.00000
1614710378911688 -0.99711 -0.07601 0.00000 63.48123 -0.07601 0.99711 0.00000 4.97322 -0.00000 0.00000 -1.00000 0.00000
1614710379161067 -0.99722 -0.07451 0.00000 61.37263 -0.07451 0.99722 0.00000 4.67034 -0.00000 0.00000 -1.00000 0.00000
1614710379411065 -0.99767 -0.06822 0.00000 59.23980 -0.06822 0.99767 0.00000 4.35866 -0.00000 0.00000 -1.00000 0.00000
1614710379660451 -0.99791 -0.06455 0.00000 57.12168 -0.06455 0.99791 0.00000 3.88813 -0.00000 0.00000 -1.00000 0.00000
1614710379909826 -0.99875 -0.05003 0.00000 55.10107 -0.05003 0.99875 0.00000 3.08765 -0.00000 0.00000 -1.00000 0.00000
1614710380159828 -0.99918 -0.04056 -0.00000 53.02253 -0.04056 0.99918 0.00000 2.58256 -0.00000 0.00000 -1.00000 0.00000
1614710380409832 -0.99949 -0.03184 0.00000 50.96384 -0.03184 0.99949 0.00000 2.08041 -0.00000 0.00000 -1.00000 0.00000
1614710380660453 -0.99973 -0.02344 0.00000 48.97045 -0.02344 0.99973 0.00000 1.64796 -0.00000 0.00000 -1.00000 0.00000
1614710380910461 -0.99981 -0.01974 0.00000 46.96360 -0.01974 0.99981 0.00000 1.47376 -0.00000 0.00000 -1.00000 0.00000
1614710381161089 -0.99990 -0.01387 0.00000 44.97160 -0.01387 0.99990 0.00000 1.06570 -0.00000 0.00000 -1.00000 0.00000
1614710381411721 -0.99999 -0.00538 0.00000 42.95026 -0.00538 0.99999 0.00000 0.78440 -0.00000 0.00000 -1.00000 0.00000
1614710381661725 -0.99999 -0.00502 0.00000 40.95591 -0.00502 0.99999 0.00000 0.54624 -0.00000 0.00000 -1.00000 0.00000
1614710381912352 -0.99998 0.00558 0.00000 38.99296 0.00558 0.99998 0.00000 0.20484 0.00000 0.00000 -1.00000 0.00000
1614710382161730 -0.99996 0.00932 0.00000 36.99115 0.00932 0.99996 0.00000 -0.05687 0.00000 0.00000 -1.00000 -0.00000
1614710382410485 -1.00000 0.00070 0.00000 34.99466 0.00070 1.00000 0.00000 0.21262 0.00000 0.00000 -1.00000 0.00000
1614710382660485 -0.99997 0.00797 0.00000 32.92850 0.00797 0.99997 0.00000 -0.08982 0.00000 0.00000 -1.00000 -0.00000
1614710382910490 -0.99995 0.00993 -0.00000 30.89534 0.00993 0.99995 0.00000 -0.02841 0.00000 0.00000 -1.00000 -0.00000
1614710383160491 -0.99997 0.00709 0.00000 28.80726 0.00709 0.99997 0.00000 -0.12442 0.00000 0.00000 -1.00000 -0.00000
1614710383411118 -0.99979 0.02025 0.00000 26.67219 0.02025 0.99979 0.00000 -0.39517 0.00000 0.00000 -1.00000 -0.00000
1614710383661740 -0.99964 0.02671 0.00000 24.52716 0.02671 0.99964 0.00000 -0.64304 0.00000 0.00000 -1.00000 -0.00000
1614710383911746 -0.99934 0.03622 0.00000 22.43214 0.03622 0.99934 0.00000 -0.99608 0.00000 0.00000 -1.00000 -0.00000
1614710384161752 -0.99933 0.03664 0.00000 20.26340 0.03664 0.99933 0.00000 -1.17076 0.00000 0.00000 -1.00000 -0.00000
1614710384412383 -0.99891 0.04659 0.00000 17.97478 0.04659 0.99891 0.00000 -1.34954 0.00000 0.00000 -1.00000 -0.00000
1614710384662379 -0.99879 0.04913 0.00000 15.79483 0.04913 0.99879 0.00000 -1.40850 0.00000 0.00000 -1.00000 -0.00000
1614710384911756 -0.99884 0.04807 0.00000 13.55302 0.04807 0.99884 0.00000 -1.42964 0.00000 0.00000 -1.00000 -0.00000
1614710385161765 -0.99873 0.05036 -0.00000 11.23287 0.05036 0.99873 0.00000 -1.43205 0.00000 0.00000 -1.00000 -0.00000
1614710385411144 -0.99908 0.04290 0.00000 9.00646 0.04290 0.99908 0.00000 -1.41916 0.00000 0.00000 -1.00000 -0.00000
1614710385661148 -0.99912 0.04196 0.00000 6.67538 0.04196 0.99912 0.00000 -1.43470 0.00000 0.00000 -1.00000 -0.00000
1614710385910517 -0.99929 0.03777 0.00000 4.51724 0.03777 0.99929 0.00000 -1.44460 0.00000 0.00000 -1.00000 -0.00000
1614710386161151 -0.99915 0.04125 0.00000 2.16697 0.04125 0.99915 0.00000 -1.41304 0.00000 0.00000 -1.00000 -0.00000
1614710386410531 -0.99968 0.02542 0.00000 -0.06712 0.02542 0.99968 0.00000 -1.58132 0.00000 0.00000 -1.00000 -0.00000
1614710386661164 -0.99953 0.03060 0.00000 -2.37089 0.03060 0.99953 0.00000 -1.62429 0.00000 0.00000 -1.00000 -0.00000
1614710386911156 -0.99951 0.03142 0.00000 -4.64725 0.03142 0.99951 0.00000 -1.63917 0.00000 0.00000 -1.00000 -0.00000
1614710387161165 -0.99955 0.02988 0.00000 -6.96485 0.02988 0.99955 0.00000 -1.74937 0.00000 0.00000 -1.00000 -0.00000
1614710387411164 -0.99987 0.01600 -0.00000 -9.25808 0.01600 0.99987 0.00000 -1.86820 0.00000 0.00000 -1.00000 -0.00000
1614710387661170 -0.99987 0.01611 0.00000 -11.52233 0.01611 0.99987 0.00000 -1.94784 0.00000 0.00000 -1.00000 -0.00000
1614710387910550 -0.99992 0.01275 0.00000 -13.89702 0.01275 0.99992 0.00000 -1.92262 0.00000 0.00000 -1.00000 -0.00000
1614710388160556 -0.99988 0.01547 0.00000 -16.21678 0.01547 0.99988 0.00000 -1.84164 0.00000 0.00000 -1.00000 -0.00000
1614710388410557 -0.99997 0.00708 -0.00000 -18.58596 0.00708 0.99997 0.00000 -2.15763 0.00000 0.00000 -1.00000 -0.00000
1614710388660557 -1.00000 -0.00006 -0.00000 -20.94872 -0.00006 1.00000 0.00000 -2.32374 -0.00000 0.00000 -1.00000 -0.00000
1614710388911189 -1.00000 -0.00154 0.00000 -23.33236 -0.00154 1.00000 0.00000 -2.33232 -0.00000 0.00000 -1.00000 -0.00000
1614710389161811 -1.00000 -0.00034 0.00000 -25.77107 -0.00034 1.00000 0.00000 -2.37865 -0.00000 0.00000 -1.00000 -0.00000
1614710389411818 -0.99999 -0.00460 -0.00000 -28.09216 -0.00460 0.99999 0.00000 -2.61862 -0.00000 0.00000 -1.00000 -0.00000
1614710389661823 -0.99998 -0.00704 0.00000 -30.45451 -0.00704 0.99998 0.00000 -2.62254 -0.00000 0.00000 -1.00000 -0.00000
1614710389911823 -0.99998 -0.00555 0.00000 -32.84371 -0.00555 0.99998 0.00000 -2.58643 -0.00000 0.00000 -1.00000 -0.00000
1614710390161204 -0.99989 -0.01452 0.00000 -35.21383 -0.01452 0.99989 0.00000 -2.86711 -0.00000 0.00000 -1.00000 -0.00000
1614710390410593 -0.99985 -0.01709 0.00000 -37.47846 -0.01709 0.99985 0.00000 -2.87572 -0.00000 0.00000 -1.00000 -0.00000
1614710390659953 -0.99964 -0.02676 0.00000 -39.75012 -0.02676 0.99964 0.00000 -3.43527 -0.00000 0.00000 -1.00000 -0.00000
1614710390909961 -0.99966 -0.02590 -0.00000 -42.01422 -0.02590 0.99966 0.00000 -3.38576 -0.00000 0.00000 -1.00000 -0.00000
1614710391159965 -0.99934 -0.03630 0.00000 -44.16080 -0.03630 0.99934 0.00000 -4.00265 -0.00000 0.00000 -1.00000 -0.00000
1614710391410594 -0.99926 -0.03837 0.00000 -46.31897 -0.03837 0.99926 0.00000 -4.11607 -0.00000 0.00000 -1.00000 -0.00000
1614710391661218 -0.99904 -0.04386 0.00000 -48.40651 -0.04386 0.99904 0.00000 -4.40837 -0.00000 0.00000 -1.00000 -0.00000
1614710391911845 -0.99943 -0.03385 0.00000 -50.54627 -0.03385 0.99943 0.00000 -3.92791 -0.00000 0.00000 -1.00000 -0.00000
1614710392161845 -0.99940 -0.03463 0.00000 -52.46494 -0.03463 0.99940 0.00000 -4.00411 -0.00000 0.00000 -1.00000 -0.00000
1614710392411231 -0.99918 -0.04060 0.00000 -54.41318 -0.04060 0.99918 0.00000 -4.33102 -0.00000 0.00000 -1.00000 -0.00000
1614710392661231 -0.99976 -0.02194 0.00000 -56.35478 -0.02194 0.99976 0.00000 -3.36887 -0.00000 0.00000 -1.00000 -0.00000
1614710392910612 -0.99980 -0.01990 0.00000 -58.04900 -0.01990 0.99980 0.00000 -3.03206 -0.00000 0.00000 -1.00000 -0.00000
1614710393159986 -0.99999 0.00512 0.00000 -59.79853 0.00512 0.99999 0.00000 -1.88966 0.00000 0.00000 -1.00000 -0.00000
1614710393409993 -0.99929 0.03778 0.00000 -61.34684 0.03778 0.99929 0.00000 0.14650 0.00000 0.00000 -1.00000 0.00000
1614710393660621 -0.99649 0.08367 -0.00000 -62.70511 0.08367 0.99649 0.00000 2.91828 0.00000 0.00000 -1.00000 0.00000
1614710393910624 -0.99026 0.13921 0.00000 -63.72064 0.13921 0.99026 0.00000 6.31193 0.00000 0.00000 -1.00000 0.00000
1614710394161281 -0.97666 0.21478 0.00000 -64.24300 0.21478 0.97666 0.00000 11.18102 0.00000 0.00000 -1.00000 0.00000
1614710394411253 -0.95650 0.29174 -0.00000 -64.22846 0.29174 0.95650 0.00000 16.26318 0.00000 0.00000 -1.00000 0.00000
1614710394661885 -0.91948 0.39314 0.00000 -63.19551 0.39314 0.91948 0.00000 23.14516 0.00000 0.00000 -1.00000 0.00000
1614710394911258 -0.87611 0.48211 0.00000 -61.63104 0.48211 0.87611 0.00000 29.20965 0.00000 0.00000 -1.00000 0.00000
1614710395160640 -0.80688 0.59072 0.00000 -58.43494 0.59072 0.80688 0.00000 36.92613 0.00000 0.00000 -1.00000 0.00000
1614710395410017 -0.72985 0.68361 0.00000 -54.57124 0.68361 0.72985 0.00000 43.57102 0.00000 0.00000 -1.00000 0.00000
1614710395660635 -0.63612 0.77159 0.00000 -49.48614 0.77159 0.63612 0.00000 50.19246 0.00000 0.00000 -1.00000 0.00000
1614710395910645 -0.53482 0.84497 0.00000 -43.76927 0.84497 0.53482 0.00000 56.00265 0.00000 0.00000 -1.00000 0.00000
1614710396160654 -0.43885 0.89856 -0.00000 -38.40165 0.89856 0.43885 0.00000 60.41884 0.00000 0.00000 -1.00000 0.00000
1614710396410655 -0.34020 0.94035 0.00000 -32.71402 0.94035 0.34020 0.00000 64.12856 0.00000 0.00000 -1.00000 0.00000
1614710396660660 -0.24110 0.97050 -0.00000 -27.01892 0.97050 0.24110 0.00000 67.15165 0.00000 0.00000 -1.00000 0.00000
1614710396910660 -0.16169 0.98684 0.00000 -22.62000 0.98684 0.16169 0.00000 69.18327 0.00000 0.00000 -1.00000 0.00000
1614710397161289 -0.10428 0.99455 0.00000 -19.79074 0.99455 0.10428 0.00000 70.43470 0.00000 0.00000 -1.00000 0.00000
1614710397411915 -0.07368 0.99728 -0.00000 -19.07750 0.99728 0.07368 0.00000 70.78668 0.00000 0.00000 -1.00000 0.00000
1614710397662542 -0.05085 0.99871 0.00000 -18.73519 0.99871 0.05085 0.00000 71.29643 0.00000 0.00000 -1.00000 0.00000
1614710397912548 -0.04642 0.99892 0.00000 -19.95417 0.99892 0.04642 0.00000 71.24251 0.00000 0.00000 -1.00000 0.00000
1614710398161927 -0.05062 0.99872 0.00000 -21.71384 0.99872 0.05062 0.00000 71.11844 0.00000 0.00000 -1.00000 0.00000
1614710398411941 -0.04443 0.99901 -0.00000 -22.91031 0.99901 0.04443 0.00000 71.09730 0.00000 0.00000 -1.00000 0.00000
1614710398660685 -0.05241 0.99863 0.00000 -24.96708 0.99863 0.05241 0.00000 71.04822 0.00000 0.00000 -1.00000 0.00000
1614710398910689 -0.04226 0.99911 0.00000 -26.01158 0.99911 0.04226 0.00000 71.05076 0.00000 0.00000 -1.00000 0.00000
1614710399160689 -0.04560 0.99896 0.00000 -27.87003 0.99896 0.04560 0.00000 71.09596 0.00000 0.00000 -1.00000 0.00000
1614710399410692 -0.03463 0.99940 0.00000 -28.86162 0.99940 0.03463 0.00000 71.34877 0.00000 0.00000 -1.00000 0.00000
1614710399661317 -0.01388 0.99990 0.00000 -29.01867 0.99990 0.01388 0.00000 71.89748 0.00000 0.00000 -1.00000 0.00000
1614710399911941 -0.00119 1.00000 0.00000 -29.95739 1.00000 0.00119 0.00000 72.27530 0.00000 0.00000 -1.00000 0.00000
1614710400161952 0.02036 0.99979 -0.00000 -30.04435 0.99979 -0.02036 0.00000 72.75485 0.00000 -0.00000 -1.00000 0.00000
1614710400412571 0.04127 0.99915 0.00000 -30.31395 0.99915 -0.04127 0.00000 73.43448 0.00000 -0.00000 -1.00000 0.00000
1614710400662581 0.07025 0.99753 0.00000 -29.90596 0.99753 -0.07025 0.00000 74.23310 0.00000 -0.00000 -1.00000 0.00000
1614710400911959 0.09832 0.99516 0.00000 -29.55076 0.99516 -0.09832 0.00000 75.10078 0.00000 -0.00000 -1.00000 0.00000
1614710401161962 0.13050 0.99145 0.00000 -29.03750 0.99145 -0.13050 0.00000 75.87279 0.00000 -0.00000 -1.00000 0.00000
1614710401410715 0.16420 0.98643 0.00000 -28.08078 0.98643 -0.16420 0.00000 76.76173 0.00000 -0.00000 -1.00000 0.00000
1614710401660092 0.18678 0.98240 0.00000 -28.04637 0.98240 -0.18678 0.00000 77.36203 0.00000 -0.00000 -1.00000 0.00000
1614710401909473 0.20055 0.97968 0.00000 -28.70208 0.97968 -0.20055 0.00000 77.76515 0.00000 -0.00000 -1.00000 0.00000
1614710402159521 0.18024 0.98362 0.00000 -32.09924 0.98362 -0.18024 0.00000 77.09078 0.00000 -0.00000 -1.00000 0.00000
1614710402409482 0.16511 0.98627 -0.00000 -35.23245 0.98627 -0.16511 0.00000 76.54292 0.00000 -0.00000 -1.00000 0.00000
1614710402660728 0.13677 0.99060 0.00000 -39.15932 0.99060 -0.13677 0.00000 75.48941 0.00000 -0.00000 -1.00000 0.00000
1614710402911355 0.10155 0.99483 0.00000 -43.71404 0.99483 -0.10155 0.00000 74.00633 0.00000 -0.00000 -1.00000 0.00000
1614710403161360 0.07624 0.99709 -0.00000 -47.52510 0.99709 -0.07624 0.00000 72.79867 0.00000 -0.00000 -1.00000 0.00000
1614710403411988 0.05633 0.99841 0.00000 -50.94360 0.99841 -0.05633 0.00000 71.82515 0.00000 -0.00000 -1.00000 0.00000
1614710403661993 0.03963 0.99921 -0.00000 -54.11407 0.99921 -0.03963 0.00000 70.94676 0.00000 -0.00000 -1.00000 0.00000
1614710403911990 0.02267 0.99974 0.00000 -57.32390 0.99974 -0.02267 0.00000 69.96741 0.00000 -0.00000 -1.00000 0.00000
1614710404162003 0.01790 0.99984 0.00000 -59.63962 0.99984 -0.01790 0.00000 69.64698 0.00000 -0.00000 -1.00000 0.00000
1614710404411379 0.00201 1.00000 0.00000 -62.66246 1.00000 -0.00201 0.00000 68.65978 0.00000 -0.00000 -1.00000 0.00000
1614710404661382 -0.00085 1.00000 0.00000 -64.91607 1.00000 0.00085 0.00000 68.41764 0.00000 0.00000 -1.00000 0.00000
1614710404911385 -0.00578 0.99998 -0.00000 -67.08944 0.99998 0.00578 0.00000 68.08544 0.00000 0.00000 -1.00000 0.00000
1614710405160759 -0.00740 0.99997 0.00000 -69.18023 0.99997 0.00740 0.00000 67.98898 0.00000 0.00000 -1.00000 0.00000
1614710405410764 -0.01329 0.99991 -0.00000 -71.48348 0.99991 0.01329 0.00000 67.51298 0.00000 0.00000 -1.00000 0.00000
1614710405661389 -0.00799 0.99997 0.00000 -73.01648 0.99997 0.00799 0.00000 67.90184 0.00000 0.00000 -1.00000 0.00000
1614710405911397 -0.01594 0.99987 0.00000 -75.38030 0.99987 0.01594 0.00000 67.30414 0.00000 0.00000 -1.00000 0.00000
1614710406162023 -0.02032 0.99979 0.00000 -77.51746 0.99979 0.02032 0.00000 66.91681 0.00000 0.00000 -1.00000 0.00000
1614710406412033 -0.04353 0.99905 0.00000 -80.77259 0.99905 0.04353 0.00000 65.10152 0.00000 0.00000 -1.00000 0.00000
1614710406661397 -0.07278 0.99735 -0.00000 -84.41730 0.99735 0.07278 0.00000 62.56732 0.00000 0.00000 -1.00000 0.00000
1614710406911406 -0.12120 0.99263 0.00000 -89.00869 0.99263 0.12120 0.00000 58.50327 0.00000 0.00000 -1.00000 0.00000
1614710407160782 -0.18427 0.98288 0.00000 -94.19784 0.98288 0.18427 0.00000 52.42727 0.00000 0.00000 -1.00000 0.00000
1614710407410792 -0.25402 0.96720 0.00000 -99.28482 0.96720 0.25402 0.00000 45.56411 0.00000 0.00000 -1.00000 0.00000
1614710407661410 -0.33647 0.94169 0.00000 -104.31151 0.94169 0.33647 0.00000 36.74677 0.00000 0.00000 -1.00000 0.00000
