1566533811912499 1.00000 -0.00053 0.00000 -1.32469 0.00053 1.00000 -0.00000 -0.01665 -0.00000 0.00000 1.00000 0.00000
1566533812163785 1.00000 0.00142 -0.00000 -1.69877 -0.00142 1.00000 0.00000 -0.02011 0.00000 -0.00000 1.00000 0.00000
1566533812414742 1.00000 0.00029 -0.00000 -2.11103 -0.00029 1.00000 0.00000 -0.01574 0.00000 -0.00000 1.00000 0.00000
1566533812667090 1.00000 0.00175 -0.00000 -2.55966 -0.00175 1.00000 0.00000 -0.02720 0.00000 -0.00000 1.00000 0.00000
1566533812916977 1.00000 -0.00130 0.00000 -3.03260 0.00130 1.00000 -0.00000 -0.03421 -0.00000 0.00000 1.00000 0.00000
1566533813167536 1.00000 -0.00067 0.00000 -3.52242 0.00067 1.00000 -0.00000 -0.01902 -0.00000 0.00000 1.00000 0.00000
1566533813418282 1.00000 -0.00118 0.00000 -4.02359 0.00118 1.00000 -0.00000 -0.01215 -0.00000 0.00000 1.00000 0.00000
1566533813669102 1.00000 -0.00145 0.00000 -4.52191 0.00145 1.00000 -0.00000 -0.02275 -0.00000 0.00000 1.00000 0.00000
1566533813920578 1.00000 -0.00010 0.00000 -5.05613 0.00010 1.00000 -0.00000 -0.01016 -0.00000 0.00000 1.00000 0.00000
1566533814171172 1.00000 -0.00116 0.00000 -5.56576 0.00116 1.00000 -0.00000 -0.03977 -0.00000 0.00000 1.00000 0.00000
1566533814421982 1.00000 0.00008 -0.00000 -6.09846 -0.00008 1.00000 0.00000 -0.04575 0.00000 -0.00000 1.00000 0.00000
1566533814673737 1.00000 -0.00141 0.00000 -6.67412 0.00141 1.00000 -0.00000 -0.04237 -0.00000 0.00000 1.00000 0.00000
1566533814924107 1.00000 0.00002 -0.00000 -7.20744 -0.00002 1.00000 0.00000 -0.04459 0.00000 -0.00000 1.00000 0.00000
1566533815173974 1.00000 -0.00036 0.00000 -7.75438 0.00036 1.00000 -0.00000 -0.06939 -0.00000 0.00000 1.00000 0.00000
1566533815425113 1.00000 0.00272 -0.00000 -8.25233 -0.00272 1.00000 0.00000 -0.05198 0.00000 -0.00000 1.00000 0.00000
1566533815676307 0.99999 0.00401 -0.00000 -8.80919 -0.00401 0.99999 0.00000 -0.04496 0.00000 -0.00000 1.00000 0.00000
1566533815926887 0.99997 0.00772 -0.00000 -9.35225 -0.00772 0.99997 0.00000 -0.00867 0.00000 -0.00000 1.00000 0.00000
1566533816177745 0.99993 0.01179 -0.00000 -9.90410 -0.01179 0.99993 0.00000 0.02460 0.00000 -0.00000 1.00000 0.00000
1566533816432179 0.99992 0.01288 -0.00000 -10.41788 -0.01288 0.99992 0.00000 0.02230 0.00000 -0.00000 1.00000 0.00000
1566533816681033 0.99989 0.01457 -0.00000 -10.94181 -0.01457 0.99989 0.00000 0.04815 0.00000 -0.00000 1.00000 0.00000
1566533816931605 0.99986 0.01667 -0.00000 -11.44733 -0.01667 0.99986 0.00000 0.03792 0.00000 -0.00000 1.00000 0.00000
1566533817182729 0.99982 0.01908 -0.00000 -11.95754 -0.01908 0.99982 0.00000 0.07349 0.00000 -0.00000 1.00000 0.00000
1566533817433592 0.99977 0.02130 -0.00000 -12.48187 -0.02130 0.99977 0.00000 0.08174 0.00000 -0.00000 1.00000 0.00000
1566533817684089 0.99969 0.02505 -0.00000 -12.97115 -0.02505 0.99969 0.00000 0.13333 0.00000 -0.00000 1.00000 0.00000
1566533817934790 0.99963 0.02714 -0.00000 -13.44839 -0.02714 0.99963 0.00000 0.17625 0.00000 -0.00000 1.00000 0.00000
1566533818185225 0.99959 0.02851 -0.00000 -13.93289 -0.02851 0.99959 0.00000 0.17470 0.00000 -0.00000 1.00000 0.00000
1566533818436279 0.99958 0.02885 -0.00000 -14.40467 -0.02885 0.99958 0.00000 0.15669 0.00000 -0.00000 1.00000 0.00000
1566533818687182 0.99961 0.02777 -0.00000 -14.88351 -0.02777 0.99961 0.00000 0.11950 0.00000 -0.00000 1.00000 0.00000
1566533818938772 0.99957 0.02922 -0.00000 -15.34396 -0.02922 0.99957 0.00000 0.13932 0.00000 -0.00000 1.00000 0.00000
1566533819191166 0.99954 0.03035 -0.00000 -15.79740 -0.03035 0.99954 0.00000 0.16983 0.00000 -0.00000 1.00000 0.00000
1566533819441011 0.99954 0.03047 -0.00000 -16.25659 -0.03047 0.99954 0.00000 0.15816 0.00000 -0.00000 1.00000 0.00000
1566533819691826 0.99947 0.03256 -0.00000 -16.64698 -0.03256 0.99947 0.00000 0.16549 0.00000 -0.00000 1.00000 0.00000
1566533819943282 0.99943 0.03375 -0.00000 -17.00233 -0.03375 0.99943 0.00000 0.21490 0.00000 -0.00000 1.00000 0.00000
1566533820194168 0.99929 0.03776 -0.00000 -17.33547 -0.03776 0.99929 0.00000 0.26389 0.00000 -0.00000 1.00000 0.00000
1566533820444428 0.99916 0.04103 -0.00000 -17.68730 -0.04103 0.99916 0.00000 0.27700 0.00000 -0.00000 1.00000 0.00000
1566533820696329 0.99886 0.04781 -0.00000 -17.95147 -0.04781 0.99886 0.00000 0.41771 0.00000 -0.00000 1.00000 0.00000
1566533820947074 0.99850 0.05471 -0.00000 -18.22817 -0.05471 0.99850 0.00000 0.54290 0.00000 -0.00000 1.00000 0.00000
1566533821198674 0.99804 0.06254 -0.00000 -18.54383 -0.06254 0.99804 0.00000 0.69191 0.00000 -0.00000 1.00000 0.00000
1566533821448682 0.99750 0.07066 -0.00000 -18.84906 -0.07066 0.99750 0.00000 0.80731 0.00000 -0.00000 1.00000 0.00000
1566533821699747 0.99684 0.07942 -0.00000 -19.13185 -0.07942 0.99684 0.00000 0.96046 0.00000 -0.00000 1.00000 0.00000
1566533821951128 0.99578 0.09181 -0.00000 -19.43921 -0.09181 0.99578 0.00000 1.18656 0.00000 -0.00000 1.00000 0.00000
1566533822201891 0.99483 0.10160 -0.00000 -19.79349 -0.10160 0.99483 0.00000 1.33186 0.00000 -0.00000 1.00000 0.00000
1566533822452790 0.99331 0.11544 -0.00000 -20.14443 -0.11544 0.99331 0.00000 1.60073 0.00000 -0.00000 1.00000 0.00000
1566533822704012 0.99156 0.12965 -0.00000 -20.56831 -0.12965 0.99156 0.00000 1.86224 0.00000 -0.00000 1.00000 0.00000
1566533822956019 0.98938 0.14536 -0.00000 -20.97663 -0.14536 0.98938 0.00000 2.19346 0.00000 -0.00000 1.00000 0.00000
1566533823205655 0.98669 0.16261 -0.00000 -21.45187 -0.16261 0.98669 0.00000 2.49175 0.00000 -0.00000 1.00000 0.00000
1566533823456630 0.98351 0.18087 -0.00000 -21.96922 -0.18087 0.98351 0.00000 2.87424 0.00000 -0.00000 1.00000 0.00000
1566533823707751 0.97934 0.20220 -0.00000 -22.55190 -0.20220 0.97934 0.00000 3.31002 0.00000 -0.00000 1.00000 0.00000
1566533823960026 0.97499 0.22223 -0.00000 -23.13755 -0.22223 0.97499 0.00000 3.74771 0.00000 -0.00000 1.00000 0.00000
1566533824210769 0.96917 0.24639 -0.00000 -23.74872 -0.24639 0.96917 0.00000 4.28821 0.00000 -0.00000 1.00000 0.00000
1566533824461676 0.96286 0.26998 -0.00000 -24.40314 -0.26998 0.96286 0.00000 4.86377 0.00000 -0.00000 1.00000 0.00000
1566533824712720 0.95562 0.29459 -0.00000 -25.09771 -0.29459 0.95562 0.00000 5.47992 0.00000 -0.00000 1.00000 0.00000
1566533824963602 0.94908 0.31505 -0.00000 -25.81289 -0.31505 0.94908 0.00000 5.98505 0.00000 -0.00000 1.00000 0.00000
1566533825215277 0.94331 0.33193 -0.00000 -26.58881 -0.33193 0.94331 0.00000 6.43845 0.00000 -0.00000 1.00000 0.00000
1566533825466007 0.94016 0.34074 -0.00000 -27.43760 -0.34074 0.94016 0.00000 6.70630 0.00000 -0.00000 1.00000 0.00000
1566533825717016 0.94047 0.33987 -0.00000 -28.39579 -0.33987 0.94047 0.00000 6.63806 0.00000 -0.00000 1.00000 0.00000
1566533825968043 0.94283 0.33326 -0.00000 -29.41159 -0.33326 0.94283 0.00000 6.47039 0.00000 -0.00000 1.00000 0.00000
1566533826218612 0.94738 0.32011 -0.00000 -30.51634 -0.32011 0.94738 0.00000 6.08066 0.00000 -0.00000 1.00000 0.00000
1566533826472859 0.95382 0.30037 -0.00000 -31.68870 -0.30037 0.95382 0.00000 5.44012 0.00000 -0.00000 1.00000 0.00000
1566533826720808 0.96079 0.27729 -0.00000 -32.86351 -0.27729 0.96079 0.00000 4.69047 0.00000 -0.00000 1.00000 0.00000
1566533826970654 0.96793 0.25123 -0.00000 -34.08548 -0.25123 0.96793 0.00000 3.80369 0.00000 -0.00000 1.00000 0.00000
1566533827222025 0.97487 0.22276 -0.00000 -35.31621 -0.22276 0.97487 0.00000 2.84093 0.00000 -0.00000 1.00000 0.00000
1566533827474940 0.98076 0.19523 -0.00000 -36.54278 -0.19523 0.98076 0.00000 1.88459 0.00000 -0.00000 1.00000 0.00000
1566533827723153 0.98645 0.16407 -0.00000 -37.74983 -0.16407 0.98645 0.00000 0.73208 0.00000 -0.00000 1.00000 0.00000
1566533827974823 0.99080 0.13536 -0.00000 -39.00502 -0.13536 0.99080 0.00000 -0.31927 0.00000 -0.00000 1.00000 0.00000
1566533828225504 0.99391 0.11019 -0.00000 -40.24864 -0.11019 0.99391 0.00000 -1.34148 0.00000 -0.00000 1.00000 0.00000
1566533828476424 0.99597 0.08971 -0.00000 -41.51912 -0.08971 0.99597 0.00000 -2.15614 0.00000 -0.00000 1.00000 0.00000
1566533828726694 0.99736 0.07266 -0.00000 -42.80327 -0.07266 0.99736 0.00000 -2.82344 0.00000 -0.00000 1.00000 0.00000
1566533828977875 0.99811 0.06153 -0.00000 -44.13498 -0.06153 0.99811 0.00000 -3.32338 0.00000 -0.00000 1.00000 0.00000
1566533829229036 0.99866 0.05166 -0.00000 -45.48046 -0.05166 0.99866 0.00000 -3.74158 0.00000 -0.00000 1.00000 0.00000
1566533829479449 0.99884 0.04825 -0.00000 -46.88294 -0.04825 0.99884 0.00000 -3.91416 0.00000 -0.00000 1.00000 0.00000
1566533829729889 0.99888 0.04728 -0.00000 -48.31530 -0.04728 0.99888 0.00000 -3.92433 0.00000 -0.00000 1.00000 0.00000
1566533829980516 0.99875 0.04994 -0.00000 -49.76693 -0.04994 0.99875 0.00000 -3.83820 0.00000 -0.00000 1.00000 0.00000
1566533830231197 0.99869 0.05115 -0.00000 -51.20637 -0.05115 0.99869 0.00000 -3.76515 0.00000 -0.00000 1.00000 0.00000
1566533830481744 0.99872 0.05053 -0.00000 -52.66978 -0.05053 0.99872 0.00000 -3.78822 0.00000 -0.00000 1.00000 0.00000
1566533830732078 0.99858 0.05324 -0.00000 -54.14466 -0.05324 0.99858 0.00000 -3.67118 0.00000 -0.00000 1.00000 0.00000
1566533830982761 0.99846 0.05541 -0.00000 -55.64031 -0.05541 0.99846 0.00000 -3.58870 0.00000 -0.00000 1.00000 0.00000
1566533831233578 0.99850 0.05470 -0.00000 -57.10285 -0.05470 0.99850 0.00000 -3.56450 0.00000 -0.00000 1.00000 0.00000
1566533831484455 0.99830 0.05822 -0.00000 -58.60548 -0.05822 0.99830 0.00000 -3.41794 0.00000 -0.00000 1.00000 0.00000
1566533831734959 0.99817 0.06054 -0.00000 -60.12958 -0.06054 0.99817 0.00000 -3.23022 0.00000 -0.00000 1.00000 0.00000
1566533831985723 0.99810 0.06168 -0.00000 -61.64342 -0.06168 0.99810 0.00000 -3.21828 0.00000 -0.00000 1.00000 0.00000
1566533832236873 0.99799 0.06337 -0.00000 -63.16776 -0.06337 0.99799 0.00000 -3.13543 0.00000 -0.00000 1.00000 0.00000
1566533832488106 0.99744 0.07147 -0.00000 -64.72234 -0.07147 0.99744 0.00000 -2.62939 0.00000 -0.00000 1.00000 0.00000
1566533832739659 0.99671 0.08100 -0.00000 -66.30024 -0.08100 0.99671 0.00000 -2.01401 0.00000 -0.00000 1.00000 0.00000
1566533833000067 0.99578 0.09173 -0.00000 -67.87800 -0.09173 0.99578 0.00000 -1.32849 0.00000 -0.00000 1.00000 0.00000
1566533833240549 0.99470 0.10279 -0.00000 -69.40612 -0.10279 0.99470 0.00000 -0.60698 0.00000 -0.00000 1.00000 0.00000
1566533833490745 0.99321 0.11634 -0.00000 -70.94597 -0.11634 0.99321 0.00000 0.30158 0.00000 -0.00000 1.00000 0.00000
1566533833741190 0.99139 0.13094 -0.00000 -72.46400 -0.13094 0.99139 0.00000 1.37896 0.00000 -0.00000 1.00000 0.00000
1566533833996089 0.98932 0.14576 -0.00000 -73.92554 -0.14576 0.98932 0.00000 2.39233 0.00000 -0.00000 1.00000 0.00000
1566533834242664 0.98674 0.16231 -0.00000 -75.35723 -0.16231 0.98674 0.00000 3.65100 0.00000 -0.00000 1.00000 0.00000
1566533834493504 0.98356 0.18059 -0.00000 -76.77915 -0.18059 0.98356 0.00000 5.06125 0.00000 -0.00000 1.00000 0.00000
1566533834744476 0.98033 0.19735 -0.00000 -78.17678 -0.19735 0.98033 0.00000 6.37266 0.00000 -0.00000 1.00000 0.00000
1566533834996649 0.97747 0.21109 -0.00000 -79.50842 -0.21109 0.97747 0.00000 7.35259 0.00000 -0.00000 1.00000 0.00000
1566533835246185 0.97424 0.22552 -0.00000 -80.78154 -0.22552 0.97424 0.00000 8.54381 0.00000 -0.00000 1.00000 0.00000
1566533835496506 0.97111 0.23865 -0.00000 -82.09728 -0.23865 0.97111 0.00000 9.63563 0.00000 -0.00000 1.00000 0.00000
1566533835746881 0.96647 0.25678 -0.00000 -83.27267 -0.25678 0.96647 0.00000 11.13640 0.00000 -0.00000 1.00000 0.00000
1566533836000654 0.96201 0.27302 -0.00000 -84.42020 -0.27302 0.96201 0.00000 12.54470 0.00000 -0.00000 1.00000 0.00000
1566533836249094 0.95776 0.28757 -0.00000 -85.58386 -0.28757 0.95776 0.00000 13.78686 0.00000 -0.00000 1.00000 0.00000
1566533836499594 0.95232 0.30509 -0.00000 -86.63730 -0.30509 0.95232 0.00000 15.30594 0.00000 -0.00000 1.00000 0.00000
1566533836750160 0.94635 0.32314 -0.00000 -87.64858 -0.32314 0.94635 0.00000 16.92129 0.00000 -0.00000 1.00000 0.00000
1566533837000610 0.94048 0.33986 -0.00000 -88.61760 -0.33986 0.94048 0.00000 18.41144 0.00000 -0.00000 1.00000 0.00000
1566533837251350 0.93190 0.36272 -0.00000 -89.41628 -0.36272 0.93190 0.00000 20.62105 0.00000 -0.00000 1.00000 0.00000
1566533837501602 0.92533 0.37917 -0.00000 -90.29122 -0.37917 0.92533 0.00000 22.12592 0.00000 -0.00000 1.00000 0.00000
1566533837752528 0.91665 0.39969 -0.00000 -91.04944 -0.39969 0.91665 0.00000 24.05436 0.00000 -0.00000 1.00000 0.00000
1566533838003604 0.90682 0.42151 -0.00000 -91.68245 -0.42151 0.90682 0.00000 26.22523 0.00000 -0.00000 1.00000 0.00000
1566533838253918 0.89689 0.44224 -0.00000 -92.19791 -0.44224 0.89689 0.00000 28.32098 0.00000 -0.00000 1.00000 0.00000
1566533838504739 0.88605 0.46359 -0.00000 -92.66181 -0.46359 0.88605 0.00000 30.48710 0.00000 -0.00000 1.00000 0.00000
1566533838755452 0.87292 0.48787 -0.00000 -92.93371 -0.48787 0.87292 0.00000 32.99480 0.00000 -0.00000 1.00000 0.00000
1566533839006351 0.86121 0.50825 -0.00000 -93.29622 -0.50825 0.86121 0.00000 35.10057 0.00000 -0.00000 1.00000 0.00000
1566533839257232 0.84862 0.52900 -0.00000 -93.53220 -0.52900 0.84862 0.00000 37.33484 0.00000 -0.00000 1.00000 0.00000
1566533839507285 0.83612 0.54855 -0.00000 -93.75345 -0.54855 0.83612 0.00000 39.48464 0.00000 -0.00000 1.00000 0.00000
1566533839758321 0.81931 0.57335 -0.00000 -93.60925 -0.57335 0.81931 0.00000 42.20303 0.00000 -0.00000 1.00000 0.00000
1566533840009451 0.80036 0.59952 -0.00000 -93.25392 -0.59952 0.80036 0.00000 45.19712 0.00000 -0.00000 1.00000 0.00000
1566533840259895 0.78000 0.62578 -0.00000 -92.77261 -0.62578 0.78000 0.00000 48.25652 0.00000 -0.00000 1.00000 0.00000
1566533840510289 0.76074 0.64906 -0.00000 -92.33980 -0.64906 0.76074 0.00000 50.98053 0.00000 -0.00000 1.00000 0.00000
1566533840760913 0.74237 0.66999 -0.00000 -91.97384 -0.66999 0.74237 0.00000 53.47235 0.00000 -0.00000 1.00000 0.00000
1566533841011815 0.73087 0.68251 -0.00000 -92.09080 -0.68251 0.73087 0.00000 54.99813 0.00000 -0.00000 1.00000 0.00000
1566533841262605 0.72286 0.69100 -0.00000 -92.42975 -0.69100 0.72286 0.00000 56.06568 0.00000 -0.00000 1.00000 0.00000
1566533841513326 0.71798 0.69607 -0.00000 -92.90231 -0.69607 0.71798 0.00000 56.73915 0.00000 -0.00000 1.00000 0.00000
1566533841764322 0.71612 0.69798 -0.00000 -93.56680 -0.69798 0.71612 0.00000 56.98600 0.00000 -0.00000 1.00000 0.00000
1566533842014181 0.71614 0.69796 -0.00000 -94.26673 -0.69796 0.71614 0.00000 56.96622 0.00000 -0.00000 1.00000 0.00000
1566533842265754 0.71707 0.69700 -0.00000 -94.88213 -0.69700 0.71707 0.00000 56.82106 0.00000 -0.00000 1.00000 0.00000
1566533842516067 0.71846 0.69557 -0.00000 -95.53469 -0.69557 0.71846 0.00000 56.64631 0.00000 -0.00000 1.00000 0.00000
1566533842766668 0.71959 0.69440 -0.00000 -96.12672 -0.69440 0.71959 0.00000 56.52579 0.00000 -0.00000 1.00000 0.00000
1566533843017788 0.72103 0.69290 -0.00000 -96.70711 -0.69290 0.72103 0.00000 56.33453 0.00000 -0.00000 1.00000 0.00000
1566533843268134 0.72392 0.68989 -0.00000 -97.41128 -0.68989 0.72392 0.00000 55.93151 0.00000 -0.00000 1.00000 0.00000
1566533843520033 0.72399 0.68981 -0.00000 -97.82844 -0.68981 0.72399 0.00000 55.89059 0.00000 -0.00000 1.00000 0.00000
1566533843770453 0.72492 0.68884 -0.00000 -98.36651 -0.68884 0.72492 0.00000 55.74140 0.00000 -0.00000 1.00000 0.00000
1566533844021285 0.72795 0.68563 -0.00000 -99.08690 -0.68563 0.72795 0.00000 55.31336 0.00000 -0.00000 1.00000 0.00000
1566533844272311 0.73116 0.68220 -0.00000 -99.80989 -0.68220 0.73116 0.00000 54.88727 0.00000 -0.00000 1.00000 0.00000
1566533844522470 0.73217 0.68113 -0.00000 -100.34578 -0.68113 0.73217 0.00000 54.70257 0.00000 -0.00000 1.00000 0.00000
1566533844773337 0.73291 0.68033 -0.00000 -100.91750 -0.68033 0.73291 0.00000 54.58523 0.00000 -0.00000 1.00000 0.00000
1566533845025344 0.73426 0.67887 -0.00000 -101.56019 -0.67887 0.73426 0.00000 54.38789 0.00000 -0.00000 1.00000 0.00000
1566533845275479 0.73733 0.67553 -0.00000 -102.38238 -0.67553 0.73733 0.00000 53.92079 0.00000 -0.00000 1.00000 0.00000
1566533845526513 0.73935 0.67333 -0.00000 -103.12226 -0.67333 0.73935 0.00000 53.58322 0.00000 -0.00000 1.00000 0.00000
1566533845776669 0.74031 0.67226 -0.00000 -103.87064 -0.67226 0.74031 0.00000 53.44666 0.00000 -0.00000 1.00000 0.00000
1566533846028182 0.74196 0.67045 -0.00000 -104.71646 -0.67045 0.74196 0.00000 53.22108 0.00000 -0.00000 1.00000 0.00000
1566533846278961 0.74266 0.66967 -0.00000 -105.53557 -0.66967 0.74266 0.00000 53.08611 0.00000 -0.00000 1.00000 0.00000
1566533846530127 0.74263 0.66970 -0.00000 -106.32898 -0.66970 0.74263 0.00000 53.13274 0.00000 -0.00000 1.00000 0.00000
1566533846780862 0.74441 0.66772 -0.00000 -107.31860 -0.66772 0.74441 0.00000 52.80576 0.00000 -0.00000 1.00000 0.00000
1566533847031286 0.74392 0.66827 -0.00000 -108.05414 -0.66827 0.74392 0.00000 52.89263 0.00000 -0.00000 1.00000 0.00000
1566533847282469 0.74652 0.66536 -0.00000 -109.09911 -0.66536 0.74652 0.00000 52.48668 0.00000 -0.00000 1.00000 0.00000
1566533847533299 0.74482 0.66727 -0.00000 -109.76249 -0.66727 0.74482 0.00000 52.70898 0.00000 -0.00000 1.00000 0.00000
1566533847784146 0.74419 0.66796 -0.00000 -110.61236 -0.66796 0.74419 0.00000 52.81117 0.00000 -0.00000 1.00000 0.00000
1566533848035074 0.74445 0.66768 -0.00000 -111.52066 -0.66768 0.74445 0.00000 52.76503 0.00000 -0.00000 1.00000 0.00000
1566533848285975 0.74431 0.66783 -0.00000 -112.43833 -0.66783 0.74431 0.00000 52.80861 0.00000 -0.00000 1.00000 0.00000
1566533848536456 0.74333 0.66893 -0.00000 -113.26536 -0.66893 0.74333 0.00000 52.94348 0.00000 -0.00000 1.00000 0.00000
1566533848788097 0.74239 0.66996 -0.00000 -114.15977 -0.66996 0.74239 0.00000 53.09500 0.00000 -0.00000 1.00000 0.00000
1566533849039133 0.74201 0.67038 -0.00000 -115.16075 -0.67038 0.74201 0.00000 53.21017 0.00000 -0.00000 1.00000 0.00000
1566533849290181 0.74165 0.67079 -0.00000 -116.14474 -0.67079 0.74165 0.00000 53.21785 0.00000 -0.00000 1.00000 0.00000
1566533849540813 0.73898 0.67373 -0.00000 -116.97811 -0.67373 0.73898 0.00000 53.65033 0.00000 -0.00000 1.00000 0.00000
1566533849791366 0.74083 0.67169 -0.00000 -118.24490 -0.67169 0.74083 0.00000 53.31233 0.00000 -0.00000 1.00000 0.00000
1566533850041492 0.74073 0.67180 -0.00000 -119.34390 -0.67180 0.74073 0.00000 53.36293 0.00000 -0.00000 1.00000 0.00000
1566533850293162 0.74363 0.66859 -0.00000 -120.74956 -0.66859 0.74363 0.00000 52.88243 0.00000 -0.00000 1.00000 0.00000
1566533850543720 0.74569 0.66629 -0.00000 -122.06368 -0.66629 0.74569 0.00000 52.42922 0.00000 -0.00000 1.00000 0.00000
1566533850794131 0.74805 0.66364 -0.00000 -123.44947 -0.66364 0.74805 0.00000 52.02747 0.00000 -0.00000 1.00000 0.00000
1566533851045713 0.75152 0.65971 -0.00000 -124.88101 -0.65971 0.75152 0.00000 51.33694 0.00000 -0.00000 1.00000 0.00000
1566533851295520 0.75610 0.65445 -0.00000 -126.47888 -0.65445 0.75610 0.00000 50.54109 0.00000 -0.00000 1.00000 0.00000
1566533851545869 0.75992 0.65001 -0.00000 -127.94232 -0.65001 0.75992 0.00000 49.72982 0.00000 -0.00000 1.00000 0.00000
1566533851796953 0.76344 0.64588 -0.00000 -129.48742 -0.64588 0.76344 0.00000 49.06652 0.00000 -0.00000 1.00000 0.00000
1566533852048254 0.76644 0.64232 -0.00000 -130.92392 -0.64232 0.76644 0.00000 48.34835 0.00000 -0.00000 1.00000 0.00000
1566533852298879 0.77276 0.63469 -0.00000 -132.79694 -0.63469 0.77276 0.00000 47.17153 0.00000 -0.00000 1.00000 0.00000
1566533852549761 0.77724 0.62920 -0.00000 -134.43655 -0.62920 0.77724 0.00000 46.19001 0.00000 -0.00000 1.00000 0.00000
1566533852800850 0.78399 0.62077 -0.00000 -136.23203 -0.62077 0.78399 0.00000 44.73013 0.00000 -0.00000 1.00000 0.00000
1566533853051800 0.79070 0.61221 -0.00000 -138.03203 -0.61221 0.79070 0.00000 43.23155 0.00000 -0.00000 1.00000 0.00000
1566533853302152 0.79774 0.60300 -0.00000 -139.93424 -0.60300 0.79774 0.00000 41.70236 0.00000 -0.00000 1.00000 0.00000
1566533853552910 0.80567 0.59236 -0.00000 -141.80974 -0.59236 0.80567 0.00000 39.81574 0.00000 -0.00000 1.00000 0.00000
1566533853803467 0.81338 0.58173 -0.00000 -143.67356 -0.58173 0.81338 0.00000 37.96236 0.00000 -0.00000 1.00000 0.00000
1566533854054624 0.82199 0.56950 -0.00000 -145.56470 -0.56950 0.82199 0.00000 35.81548 0.00000 -0.00000 1.00000 0.00000
1566533854305407 0.83184 0.55502 -0.00000 -147.50135 -0.55502 0.83184 0.00000 33.25180 0.00000 -0.00000 1.00000 0.00000
1566533854556166 0.84122 0.54069 -0.00000 -149.36718 -0.54069 0.84122 0.00000 30.71727 0.00000 -0.00000 1.00000 0.00000
1566533854807192 0.85258 0.52259 -0.00000 -151.25705 -0.52259 0.85258 0.00000 27.56391 0.00000 -0.00000 1.00000 0.00000
1566533855057695 0.86133 0.50804 -0.00000 -152.97697 -0.50804 0.86133 0.00000 24.99633 0.00000 -0.00000 1.00000 0.00000
1566533855308340 0.86976 0.49348 -0.00000 -154.61590 -0.49348 0.86976 0.00000 22.43766 0.00000 -0.00000 1.00000 0.00000
1566533855558748 0.87742 0.47972 -0.00000 -156.17923 -0.47972 0.87742 0.00000 19.99848 0.00000 -0.00000 1.00000 0.00000
1566533855809785 0.88541 0.46481 -0.00000 -157.65074 -0.46481 0.88541 0.00000 17.38976 0.00000 -0.00000 1.00000 0.00000
1566533856060483 0.89317 0.44971 -0.00000 -159.03033 -0.44971 0.89317 0.00000 14.70803 0.00000 -0.00000 1.00000 0.00000
1566533856310788 0.89850 0.43897 -0.00000 -160.21809 -0.43897 0.89850 0.00000 12.81825 0.00000 -0.00000 1.00000 0.00000
1566533856561406 0.90197 0.43181 -0.00000 -161.24538 -0.43181 0.90197 0.00000 11.55418 0.00000 -0.00000 1.00000 0.00000
1566533856811616 0.90382 0.42791 -0.00000 -162.16044 -0.42791 0.90382 0.00000 10.83752 0.00000 -0.00000 1.00000 0.00000
1566533857062813 0.90605 0.42317 -0.00000 -162.97410 -0.42317 0.90605 0.00000 10.01383 0.00000 -0.00000 1.00000 0.00000
1566533857313562 0.90721 0.42067 -0.00000 -163.71439 -0.42067 0.90721 0.00000 9.55610 0.00000 -0.00000 1.00000 0.00000
1566533857564005 0.90772 0.41958 -0.00000 -164.40361 -0.41958 0.90772 0.00000 9.36060 0.00000 -0.00000 1.00000 0.00000
1566533857814751 0.90734 0.42041 -0.00000 -165.01734 -0.42041 0.90734 0.00000 9.50126 0.00000 -0.00000 1.00000 0.00000
1566533858066191 0.90796 0.41906 -0.00000 -165.61966 -0.41906 0.90796 0.00000 9.25558 0.00000 -0.00000 1.00000 0.00000
1566533858316499 0.90751 0.42003 -0.00000 -166.18347 -0.42003 0.90751 0.00000 9.42375 0.00000 -0.00000 1.00000 0.00000
1566533858568058 0.90570 0.42392 -0.00000 -166.65385 -0.42392 0.90570 0.00000 10.14160 0.00000 -0.00000 1.00000 0.00000
1566533858818761 0.90258 0.43051 -0.00000 -167.15203 -0.43051 0.90258 0.00000 11.30976 0.00000 -0.00000 1.00000 0.00000
1566533859069715 0.89830 0.43939 -0.00000 -167.58613 -0.43939 0.89830 0.00000 12.98162 0.00000 -0.00000 1.00000 0.00000
1566533859320834 0.89293 0.45020 -0.00000 -167.97421 -0.45020 0.89293 0.00000 14.96783 0.00000 -0.00000 1.00000 0.00000
1566533859572464 0.88924 0.45744 -0.00000 -168.46248 -0.45744 0.88924 0.00000 16.29531 0.00000 -0.00000 1.00000 0.00000
1566533859823312 0.88817 0.45951 -0.00000 -169.06441 -0.45951 0.88817 0.00000 16.69884 0.00000 -0.00000 1.00000 0.00000
1566533860074312 0.89074 0.45451 -0.00000 -169.89319 -0.45451 0.89074 0.00000 15.71837 0.00000 -0.00000 1.00000 0.00000
1566533860325563 0.89682 0.44240 -0.00000 -170.79403 -0.44240 0.89682 0.00000 13.45398 0.00000 -0.00000 1.00000 0.00000
1566533860576634 0.90593 0.42342 -0.00000 -171.84916 -0.42342 0.90593 0.00000 9.85931 0.00000 -0.00000 1.00000 0.00000
1566533860826956 0.91616 0.40081 -0.00000 -172.90639 -0.40081 0.91616 0.00000 5.62439 0.00000 -0.00000 1.00000 0.00000
1566533861076533 0.92683 0.37547 -0.00000 -173.90118 -0.37547 0.92683 0.00000 0.89754 0.00000 -0.00000 1.00000 0.00000
1566533861328418 0.93733 0.34844 -0.00000 -174.83114 -0.34844 0.93733 0.00000 -4.10182 0.00000 -0.00000 1.00000 0.00000
1566533861579763 0.94810 0.31798 -0.00000 -175.66834 -0.31798 0.94810 0.00000 -9.68942 0.00000 -0.00000 1.00000 0.00000
1566533861829851 0.95819 0.28614 -0.00000 -176.38335 -0.28614 0.95819 0.00000 -15.53853 0.00000 -0.00000 1.00000 0.00000
1566533862079955 0.96634 0.25725 -0.00000 -177.02183 -0.25725 0.96634 0.00000 -20.80372 0.00000 -0.00000 1.00000 0.00000
1566533862330937 0.97417 0.22582 -0.00000 -177.46975 -0.22582 0.97417 0.00000 -26.50502 0.00000 -0.00000 1.00000 0.00000
1566533862581136 0.98081 0.19498 -0.00000 -177.81247 -0.19498 0.98081 0.00000 -32.02547 0.00000 -0.00000 1.00000 0.00000
1566533862831768 0.98587 0.16753 -0.00000 -178.19930 -0.16753 0.98587 0.00000 -36.94563 0.00000 -0.00000 1.00000 0.00000
1566533863082738 0.98871 0.14981 -0.00000 -178.83438 -0.14981 0.98871 0.00000 -40.08034 0.00000 -0.00000 1.00000 0.00000
1566533863333222 0.99014 0.14011 -0.00000 -179.88224 -0.14011 0.99014 0.00000 -41.88830 0.00000 -0.00000 1.00000 0.00000
1566533863583857 0.99095 0.13423 -0.00000 -181.15018 -0.13423 0.99095 0.00000 -43.04646 0.00000 -0.00000 1.00000 0.00000
1566533863836727 0.99106 0.13345 -0.00000 -182.58244 -0.13345 0.99106 0.00000 -43.18695 0.00000 -0.00000 1.00000 0.00000
1566533864087242 0.99174 0.12824 -0.00000 -183.83152 -0.12824 0.99174 0.00000 -44.15399 0.00000 -0.00000 1.00000 0.00000
1566533864338034 0.99215 0.12506 -0.00000 -185.23660 -0.12506 0.99215 0.00000 -44.73501 0.00000 -0.00000 1.00000 0.00000
1566533864589145 0.99231 0.12379 -0.00000 -186.75848 -0.12379 0.99231 0.00000 -44.97588 0.00000 -0.00000 1.00000 0.00000
1566533864839819 0.99272 0.12046 -0.00000 -188.21403 -0.12046 0.99272 0.00000 -45.57544 0.00000 -0.00000 1.00000 0.00000
1566533865090911 0.99304 0.11779 -0.00000 -189.73813 -0.11779 0.99304 0.00000 -46.07814 0.00000 -0.00000 1.00000 0.00000
1566533865341669 0.99386 0.11064 -0.00000 -191.10435 -0.11064 0.99386 0.00000 -47.47597 0.00000 -0.00000 1.00000 0.00000
1566533865591741 0.99451 0.10459 -0.00000 -192.52319 -0.10459 0.99451 0.00000 -48.64940 0.00000 -0.00000 1.00000 0.00000
1566533865842381 0.99531 0.09676 -0.00000 -193.88445 -0.09676 0.99531 0.00000 -50.19745 0.00000 -0.00000 1.00000 0.00000
1566533866093355 0.99635 0.08538 -0.00000 -195.12151 -0.08538 0.99635 0.00000 -52.41170 0.00000 -0.00000 1.00000 0.00000
1566533866344191 0.99732 0.07311 -0.00000 -196.30041 -0.07311 0.99732 0.00000 -54.80496 0.00000 -0.00000 1.00000 0.00000
1566533866595422 0.99824 0.05938 -0.00000 -197.37994 -0.05938 0.99824 0.00000 -57.52589 0.00000 -0.00000 1.00000 0.00000
1566533866846215 0.99919 0.04017 -0.00000 -198.14048 -0.04017 0.99919 0.00000 -61.34941 0.00000 -0.00000 1.00000 0.00000
1566533867096263 0.99986 0.01689 -0.00000 -198.55297 -0.01689 0.99986 0.00000 -65.90541 0.00000 -0.00000 1.00000 0.00000
1566533867347167 1.00000 -0.00012 0.00000 -199.27640 0.00012 1.00000 -0.00000 -69.32064 -0.00000 0.00000 1.00000 0.00000
1566533867598236 0.99988 -0.01530 0.00000 -200.20285 0.01530 0.99988 -0.00000 -72.35334 -0.00000 0.00000 1.00000 0.00000
1566533867848970 0.99958 -0.02882 0.00000 -201.16808 0.02882 0.99958 -0.00000 -75.04109 -0.00000 0.00000 1.00000 0.00000
1566533868098803 0.99914 -0.04146 0.00000 -202.20284 0.04146 0.99914 -0.00000 -77.59248 -0.00000 0.00000 1.00000 0.00000
1566533868349652 0.99845 -0.05563 0.00000 -203.08765 0.05563 0.99845 -0.00000 -80.43897 -0.00000 0.00000 1.00000 0.00000
1566533868599885 0.99756 -0.06982 0.00000 -203.95809 0.06982 0.99756 -0.00000 -83.35215 -0.00000 0.00000 1.00000 0.00000
1566533868850453 0.99663 -0.08197 0.00000 -204.97891 0.08197 0.99663 -0.00000 -85.82532 -0.00000 0.00000 1.00000 0.00000
1566533869101021 0.99562 -0.09346 0.00000 -206.07728 0.09346 0.99562 -0.00000 -88.15536 -0.00000 0.00000 1.00000 0.00000
1566533869351685 0.99452 -0.10459 0.00000 -207.21408 0.10459 0.99452 -0.00000 -90.45593 -0.00000 0.00000 1.00000 0.00000
1566533869602754 0.99328 -0.11574 0.00000 -208.33353 0.11574 0.99328 -0.00000 -92.81621 -0.00000 0.00000 1.00000 0.00000
1566533869853135 0.99195 -0.12667 0.00000 -209.39126 0.12667 0.99195 -0.00000 -95.07348 -0.00000 0.00000 1.00000 0.00000
1566533870103359 0.99071 -0.13600 0.00000 -210.58378 0.13600 0.99071 -0.00000 -97.06841 -0.00000 0.00000 1.00000 0.00000
1566533870353786 0.98872 -0.14975 0.00000 -211.35011 0.14975 0.98872 -0.00000 -99.95803 -0.00000 0.00000 1.00000 0.00000
1566533870604053 0.98683 -0.16176 0.00000 -212.15652 0.16176 0.98683 -0.00000 -102.52612 -0.00000 0.00000 1.00000 0.00000
1566533870855011 0.98399 -0.17823 0.00000 -212.52261 0.17823 0.98399 -0.00000 -106.03951 -0.00000 0.00000 1.00000 0.00000
1566533871105466 0.98104 -0.19383 0.00000 -212.87342 0.19383 0.98104 -0.00000 -109.39044 -0.00000 0.00000 1.00000 0.00000
1566533871356115 0.97777 -0.20966 0.00000 -213.16569 0.20966 0.97777 -0.00000 -112.82559 -0.00000 0.00000 1.00000 0.00000
1566533871606515 0.97357 -0.22837 0.00000 -213.05826 0.22837 0.97357 -0.00000 -116.92151 -0.00000 0.00000 1.00000 0.00000
1566533871856980 0.96906 -0.24683 0.00000 -212.85660 0.24683 0.96906 -0.00000 -120.91162 -0.00000 0.00000 1.00000 0.00000
1566533872107814 0.96358 -0.26742 0.00000 -212.36695 0.26742 0.96358 -0.00000 -125.45984 -0.00000 0.00000 1.00000 0.00000
1566533872357964 0.95723 -0.28933 0.00000 -211.54575 0.28933 0.95723 -0.00000 -130.24080 -0.00000 0.00000 1.00000 0.00000
1566533872607661 0.95029 -0.31136 0.00000 -210.57817 0.31136 0.95029 -0.00000 -135.08283 -0.00000 0.00000 1.00000 0.00000
1566533872857518 0.94299 -0.33281 0.00000 -209.57011 0.33281 0.94299 -0.00000 -139.81997 -0.00000 0.00000 1.00000 0.00000
1566533873108051 0.93426 -0.35659 0.00000 -208.01809 0.35659 0.93426 -0.00000 -145.05790 -0.00000 0.00000 1.00000 0.00000
1566533873357807 0.92537 -0.37906 0.00000 -206.56482 0.37906 0.92537 -0.00000 -150.04780 -0.00000 0.00000 1.00000 0.00000
1566533873607811 0.91620 -0.40072 0.00000 -205.05767 0.40072 0.91620 -0.00000 -154.86814 -0.00000 0.00000 1.00000 0.00000
1566533873858041 0.90503 -0.42535 0.00000 -202.88930 0.42535 0.90503 -0.00000 -160.38291 -0.00000 0.00000 1.00000 0.00000
1566533874108382 0.89400 -0.44807 0.00000 -200.93075 0.44807 0.89400 -0.00000 -165.40136 -0.00000 0.00000 1.00000 0.00000
1566533874358688 0.88119 -0.47275 0.00000 -198.34016 0.47275 0.88119 -0.00000 -170.89741 -0.00000 0.00000 1.00000 0.00000
1566533874608707 0.86954 -0.49386 0.00000 -196.25001 0.49386 0.86954 -0.00000 -175.70034 -0.00000 0.00000 1.00000 0.00000
1566533874858953 0.85786 -0.51388 0.00000 -194.21057 0.51388 0.85786 -0.00000 -180.19646 -0.00000 0.00000 1.00000 0.00000
1566533875108577 0.84472 -0.53522 0.00000 -191.76919 0.53522 0.84472 -0.00000 -185.00628 -0.00000 0.00000 1.00000 0.00000
1566533875358583 0.83183 -0.55504 0.00000 -189.44900 0.55504 0.83183 -0.00000 -189.52311 -0.00000 0.00000 1.00000 0.00000
1566533875608261 0.81971 -0.57278 0.00000 -187.44009 0.57278 0.81971 -0.00000 -193.52637 -0.00000 0.00000 1.00000 0.00000
1566533875858710 0.80830 -0.58877 0.00000 -185.71991 0.58877 0.80830 -0.00000 -197.13856 -0.00000 0.00000 1.00000 0.00000
1566533876109162 0.79638 -0.60480 0.00000 -183.85699 0.60480 0.79638 -0.00000 -200.82860 -0.00000 0.00000 1.00000 0.00000
1566533876359034 0.78552 -0.61883 0.00000 -182.40892 0.61883 0.78552 -0.00000 -204.07565 -0.00000 0.00000 1.00000 0.00000
1566533876609621 0.77446 -0.63262 0.00000 -180.87177 0.63262 0.77446 -0.00000 -207.24784 -0.00000 0.00000 1.00000 0.00000
1566533876859674 0.76296 -0.64644 0.00000 -179.21672 0.64644 0.76296 -0.00000 -210.45044 -0.00000 0.00000 1.00000 0.00000
1566533877108833 0.75318 -0.65781 0.00000 -178.17972 0.65781 0.75318 -0.00000 -213.16440 -0.00000 0.00000 1.00000 0.00000
1566533877359572 0.74268 -0.66964 0.00000 -176.90886 0.66964 0.74268 -0.00000 -215.96787 -0.00000 0.00000 1.00000 0.00000
1566533877609023 0.73262 -0.68064 0.00000 -175.78572 0.68064 0.73262 -0.00000 -218.52874 -0.00000 0.00000 1.00000 0.00000
1566533877859972 0.72254 -0.69133 0.00000 -174.72927 0.69133 0.72254 -0.00000 -221.09500 -0.00000 0.00000 1.00000 0.00000
1566533878109000 0.71475 -0.69938 0.00000 -174.36256 0.69938 0.71475 -0.00000 -223.05464 -0.00000 0.00000 1.00000 0.00000
1566533878358944 0.70571 -0.70851 0.00000 -173.62750 0.70851 0.70571 -0.00000 -225.28408 -0.00000 0.00000 1.00000 0.00000
1566533878609673 0.69789 -0.71621 0.00000 -173.28804 0.71621 0.69789 -0.00000 -227.19018 -0.00000 0.00000 1.00000 0.00000
1566533878859408 0.68962 -0.72417 0.00000 -172.83941 0.72417 0.68962 -0.00000 -229.20960 -0.00000 0.00000 1.00000 0.00000
1566533879109234 0.68725 -0.72642 0.00000 -174.16804 0.72642 0.68725 -0.00000 -229.79900 -0.00000 0.00000 1.00000 0.00000
1566533879359083 0.68706 -0.72660 0.00000 -176.28170 0.72660 0.68706 -0.00000 -229.92823 -0.00000 0.00000 1.00000 0.00000
1566533879609192 0.69511 -0.71890 0.00000 -180.90020 0.71890 0.69511 -0.00000 -227.90321 -0.00000 0.00000 1.00000 0.00000
1566533879859013 0.70478 -0.70943 0.00000 -186.09194 0.70943 0.70478 -0.00000 -225.48992 -0.00000 0.00000 1.00000 0.00000
1566533880109047 0.71711 -0.69696 0.00000 -192.09928 0.69696 0.71711 -0.00000 -222.20694 -0.00000 0.00000 1.00000 0.00000
1566533880359415 0.73015 -0.68329 0.00000 -198.31886 0.68329 0.73015 -0.00000 -218.57473 -0.00000 0.00000 1.00000 0.00000
1566533880610752 0.74463 -0.66748 0.00000 -205.01603 0.66748 0.74463 -0.00000 -214.29334 -0.00000 0.00000 1.00000 0.00000
1566533880860204 0.76079 -0.64899 0.00000 -212.33537 0.64899 0.76079 -0.00000 -209.25861 -0.00000 0.00000 1.00000 0.00000
1566533881110790 0.77711 -0.62936 0.00000 -219.67333 0.62936 0.77711 -0.00000 -203.75398 -0.00000 0.00000 1.00000 0.00000
1566533881360755 0.79478 -0.60689 0.00000 -227.48041 0.60689 0.79478 -0.00000 -197.39648 -0.00000 0.00000 1.00000 0.00000
1566533881610703 0.81402 -0.58084 0.00000 -235.86001 0.58084 0.81402 -0.00000 -189.94587 -0.00000 0.00000 1.00000 0.00000
1566533881860718 0.83296 -0.55333 0.00000 -244.17038 0.55333 0.83296 -0.00000 -182.01909 -0.00000 0.00000 1.00000 0.00000
1566533882111733 0.85146 -0.52442 0.00000 -252.39009 0.52442 0.85146 -0.00000 -173.58736 -0.00000 0.00000 1.00000 0.00000
1566533882361765 0.87017 -0.49275 0.00000 -260.71844 0.49275 0.87017 -0.00000 -164.23087 -0.00000 0.00000 1.00000 0.00000
1566533882611615 0.88856 -0.45876 0.00000 -269.06768 0.45876 0.88856 -0.00000 -154.07265 -0.00000 0.00000 1.00000 0.00000
1566533882861177 0.90715 -0.42082 0.00000 -277.48683 0.42082 0.90715 -0.00000 -142.59028 -0.00000 0.00000 1.00000 0.00000
1566533883111621 0.92430 -0.38167 0.00000 -285.54417 0.38167 0.92430 -0.00000 -130.60911 -0.00000 0.00000 1.00000 0.00000
1566533883362020 0.94033 -0.34026 0.00000 -293.25202 0.34026 0.94033 -0.00000 -117.83810 -0.00000 0.00000 1.00000 0.00000
1566533883611938 0.95383 -0.30035 0.00000 -300.19943 0.30035 0.95383 -0.00000 -105.37438 -0.00000 0.00000 1.00000 0.00000
1566533883862862 0.96348 -0.26777 0.00000 -305.86257 0.26777 0.96348 -0.00000 -95.14195 -0.00000 0.00000 1.00000 0.00000
1566533884113474 0.97096 -0.23924 0.00000 -310.81018 0.23924 0.97096 -0.00000 -86.13863 -0.00000 0.00000 1.00000 0.00000
1566533884363748 0.97682 -0.21406 0.00000 -315.18664 0.21406 0.97682 -0.00000 -78.12018 -0.00000 0.00000 1.00000 0.00000
1566533884613341 0.98110 -0.19348 0.00000 -319.07036 0.19348 0.98110 -0.00000 -71.51596 -0.00000 0.00000 1.00000 0.00000
1566533884863791 0.98461 -0.17477 0.00000 -322.65818 0.17477 0.98461 -0.00000 -65.46298 -0.00000 0.00000 1.00000 0.00000
1566533885114793 0.98731 -0.15881 0.00000 -326.05185 0.15881 0.98731 -0.00000 -60.20993 -0.00000 0.00000 1.00000 0.00000
1566533885364559 0.98953 -0.14431 0.00000 -329.22531 0.14431 0.98953 -0.00000 -55.44978 -0.00000 0.00000 1.00000 0.00000
1566533885614504 0.99106 -0.13339 0.00000 -332.19563 0.13339 0.99106 -0.00000 -51.83506 -0.00000 0.00000 1.00000 0.00000
1566533885865009 0.99258 -0.12163 0.00000 -335.14626 0.12163 0.99258 -0.00000 -47.88512 -0.00000 0.00000 1.00000 0.00000
1566533886115518 0.99395 -0.10984 0.00000 -338.11498 0.10984 0.99395 -0.00000 -43.89706 -0.00000 0.00000 1.00000 0.00000
1566533886365284 0.99502 -0.09971 0.00000 -340.93156 0.09971 0.99502 -0.00000 -40.51846 -0.00000 0.00000 1.00000 0.00000
1566533886615014 0.99599 -0.08946 0.00000 -343.77140 0.08946 0.99599 -0.00000 -36.95641 -0.00000 0.00000 1.00000 0.00000
1566533886865423 0.99664 -0.08186 0.00000 -346.47593 0.08186 0.99664 -0.00000 -34.35015 -0.00000 0.00000 1.00000 0.00000
1566533887115446 0.99760 -0.06929 0.00000 -349.34730 0.06929 0.99760 -0.00000 -29.92704 -0.00000 0.00000 1.00000 0.00000
1566533887365741 0.99797 -0.06369 0.00000 -351.96183 0.06369 0.99797 -0.00000 -27.99997 -0.00000 0.00000 1.00000 0.00000
1566533887615637 0.99860 -0.05285 0.00000 -354.70400 0.05285 0.99860 -0.00000 -24.14240 -0.00000 0.00000 1.00000 0.00000
1566533887865193 0.99900 -0.04477 0.00000 -357.38543 0.04477 0.99900 -0.00000 -21.28785 -0.00000 0.00000 1.00000 0.00000
1566533888115321 0.99934 -0.03621 0.00000 -360.02527 0.03621 0.99934 -0.00000 -18.24733 -0.00000 0.00000 1.00000 0.00000
1566533888366987 0.99951 -0.03144 0.00000 -362.59691 0.03144 0.99951 -0.00000 -16.60496 -0.00000 0.00000 1.00000 0.00000
1566533888615121 0.99963 -0.02730 0.00000 -365.09312 0.02730 0.99963 -0.00000 -15.06566 -0.00000 0.00000 1.00000 0.00000
1566533888866243 0.99981 -0.01974 0.00000 -367.66644 0.01974 0.99981 -0.00000 -12.33822 -0.00000 0.00000 1.00000 0.00000
1566533889116503 0.99985 -0.01734 0.00000 -370.12227 0.01734 0.99985 -0.00000 -11.44273 -0.00000 0.00000 1.00000 0.00000
1566533889366327 0.99992 -0.01232 0.00000 -372.58551 0.01232 0.99992 -0.00000 -9.56790 -0.00000 0.00000 1.00000 0.00000
1566533889616173 0.99997 -0.00746 0.00000 -375.07864 0.00746 0.99997 -0.00000 -7.74773 -0.00000 0.00000 1.00000 0.00000
1566533889866384 0.99998 -0.00598 0.00000 -377.55569 0.00598 0.99998 -0.00000 -7.22972 -0.00000 0.00000 1.00000 0.00000
1566533890115573 0.99998 -0.00567 0.00000 -379.98382 0.00567 0.99998 -0.00000 -7.09048 -0.00000 0.00000 1.00000 0.00000
1566533890365967 0.99998 -0.00646 0.00000 -382.44183 0.00646 0.99998 -0.00000 -7.42930 -0.00000 0.00000 1.00000 0.00000
1566533890616160 0.99998 -0.00602 0.00000 -384.90247 0.00602 0.99998 -0.00000 -7.23343 -0.00000 0.00000 1.00000 0.00000
1566533890866322 1.00000 -0.00237 0.00000 -387.38454 0.00237 1.00000 -0.00000 -5.84843 -0.00000 0.00000 1.00000 0.00000
1566533891115856 1.00000 -0.00261 0.00000 -389.85220 0.00261 1.00000 -0.00000 -5.97406 -0.00000 0.00000 1.00000 0.00000
1566533891365605 1.00000 0.00085 -0.00000 -392.33604 -0.00085 1.00000 0.00000 -4.62923 0.00000 -0.00000 1.00000 0.00000
1566533891615588 1.00000 0.00004 -0.00000 -394.80752 -0.00004 1.00000 0.00000 -4.93795 0.00000 -0.00000 1.00000 0.00000
1566533891865873 1.00000 0.00155 -0.00000 -397.24878 -0.00155 1.00000 0.00000 -4.34881 0.00000 -0.00000 1.00000 0.00000
1566533892115818 1.00000 0.00224 -0.00000 -399.70816 -0.00224 1.00000 0.00000 -4.04406 0.00000 -0.00000 1.00000 0.00000
1566533892365703 0.99998 0.00644 -0.00000 -402.14511 -0.00644 0.99998 0.00000 -2.35372 0.00000 -0.00000 1.00000 0.00000
1566533892617682 0.99998 0.00597 -0.00000 -404.59356 -0.00597 0.99998 0.00000 -2.55632 0.00000 -0.00000 1.00000 0.00000
1566533892867405 0.99997 0.00733 -0.00000 -407.00209 -0.00733 0.99997 0.00000 -2.04213 0.00000 -0.00000 1.00000 0.00000
1566533893116933 0.99999 0.00459 -0.00000 -409.36488 -0.00459 0.99999 0.00000 -3.23341 0.00000 -0.00000 1.00000 0.00000
1566533893365326 0.99995 0.01047 -0.00000 -411.80243 -0.01047 0.99995 0.00000 -0.85303 0.00000 -0.00000 1.00000 0.00000
1566533893615926 0.99994 0.01067 -0.00000 -414.17154 -0.01067 0.99994 0.00000 -0.72630 0.00000 -0.00000 1.00000 0.00000
1566533893866124 0.99992 0.01299 -0.00000 -416.52752 -0.01299 0.99992 0.00000 0.13661 0.00000 -0.00000 1.00000 0.00000
1566533894117313 0.99995 0.00975 -0.00000 -418.89555 -0.00975 0.99995 0.00000 -1.22106 0.00000 -0.00000 1.00000 0.00000
1566533894367266 0.99995 0.00973 -0.00000 -421.20170 -0.00973 0.99995 0.00000 -1.21407 0.00000 -0.00000 1.00000 0.00000
1566533894616661 0.99997 0.00722 -0.00000 -423.53123 -0.00722 0.99997 0.00000 -2.22859 0.00000 -0.00000 1.00000 0.00000
1566533894867018 0.99995 0.00984 -0.00000 -425.82433 -0.00984 0.99995 0.00000 -1.14973 0.00000 -0.00000 1.00000 0.00000
1566533895116796 0.99995 0.00991 -0.00000 -428.16019 -0.00991 0.99995 0.00000 -1.10008 0.00000 -0.00000 1.00000 0.00000
