1.000 0.023 0. 6.332 -0.023 1.000 0. -0.119 0. 0. 1. 0.
1.000 0.027 0. 7.218 -0.027 1.000 0. -0.184 0. 0. 1. 0.
0.999 0.033 0. 8.202 -0.033 0.999 0. -0.202 0. 0. 1. 0.
0.999 0.037 0. 9.210 -0.037 0.999 0. -0.270 0. 0. 1. 0.
0.999 0.042 0. 10.256 -0.042 0.999 0. -0.305 0. 0. 1. 0.
0.999 0.046 0. 11.365 -0.046 0.999 0. -0.371 0. 0. 1. 0.
0.999 0.048 0. 12.516 -0.048 0.999 0. -0.399 0. 0. 1. 0.
0.999 0.049 0. 13.695 -0.049 0.999 0. -0.494 0. 0. 1. 0.
0.999 0.049 0. 14.976 -0.049 0.999 0. -0.546 0. 0. 1. 0.
0.999 0.047 0. 16.272 -0.047 0.999 0. -0.612 0. 0. 1. 0.
0.999 0.047 0. 17.622 -0.047 0.999 0. -0.678 0. 0. 1. 0.
0.999 0.044 0. 19.028 -0.044 0.999 0. -0.729 0. 0. 1. 0.
0.999 0.044 0. 20.448 -0.044 0.999 0. -0.777 0. 0. 1. 0.
0.999 0.042 0. 21.916 -0.042 0.999 0. -0.842 0. 0. 1. 0.
0.999 0.044 0. 23.394 -0.044 0.999 0. -0.913 0. 0. 1. 0.
0.999 0.045 0. 25.006 -0.045 0.999 0. -0.997 0. 0. 1. 0.
0.999 0.039 0. 26.682 -0.039 0.999 0. -1.003 0. 0. 1. 0.
0.999 0.035 0. 28.404 -0.035 0.999 0. -1.091 0. 0. 1. 0.
0.999 0.035 0. 30.057 -0.035 0.999 0. -1.173 0. 0. 1. 0.
0.999 0.033 0. 31.906 -0.033 0.999 0. -1.212 0. 0. 1. 0.
1.000 0.031 0. 33.795 -0.031 1.000 0. -1.222 0. 0. 1. 0.
1.000 0.030 0. 35.715 -0.030 1.000 0. -1.311 0. 0. 1. 0.
0.999 0.032 0. 37.695 -0.032 0.999 0. -1.395 0. 0. 1. 0.
1.000 0.031 0. 39.700 -0.031 1.000 0. -1.491 0. 0. 1. 0.
1.000 0.026 0. 41.813 -0.026 1.000 0. -1.494 0. 0. 1. 0.
1.000 0.022 0. 43.953 -0.022 1.000 0. -1.525 0. 0. 1. 0.
1.000 0.018 0. 46.147 -0.018 1.000 0. -1.563 0. 0. 1. 0.
1.000 0.015 0. 48.369 -0.015 1.000 0. -1.588 0. 0. 1. 0.
1. 0.010 0. 50.569 -0.010 1. 0. -1.621 0. 0. 1. 0.
1. 0.007 0. 52.797 -0.007 1. 0. -1.609 0. 0. 1. 0.
1. 0.003 0. 54.983 -0.003 1. 0. -1.584 0. 0. 1. 0.
1. -0.002 0. 57.138 0.002 1. 0. -1.578 0. 0. 1. 0.
1. -0.008 0. 59.293 0.008 1. 0. -1.544 0. 0. 1. 0.
1. -0.012 0. 61.427 0.012 1. 0. -1.544 0. 0. 1. 0.
1.000 -0.015 0. 63.565 0.015 1.000 0. -1.507 0. 0. 1. 0.
1.000 -0.017 0. 65.702 0.017 1.000 0. -1.450 0. 0. 1. 0.
1.000 -0.019 0. 67.803 0.019 1.000 0. -1.424 0. 0. 1. 0.
1.000 -0.022 0. 69.917 0.022 1.000 0. -1.363 0. 0. 1. 0.
1.000 -0.023 0. 71.973 0.023 1.000 0. -1.308 0. 0. 1. 0.
1.000 -0.028 0. 74.013 0.028 1.000 0. -1.292 0. 0. 1. 0.
1.000 -0.028 0. 76.096 0.028 1.000 0. -1.173 0. 0. 1. 0.
0.999 -0.037 0. 78.172 0.037 0.999 0. -1.332 0. 0. 1. 0.
0.999 -0.042 0. 80.288 0.042 0.999 0. -1.113 0. 0. 1. 0.
0.999 -0.042 0. 82.281 0.042 0.999 0. -0.961 0. 0. 1. 0.
0.999 -0.048 0. 84.389 0.048 0.999 0. -0.917 0. 0. 1. 0.
0.999 -0.053 0. 86.504 0.053 0.999 0. -0.793 0. 0. 1. 0.
0.998 -0.056 0. 88.664 0.056 0.998 0. -0.675 0. 0. 1. 0.
0.998 -0.059 0. 90.795 0.059 0.998 0. -0.537 0. 0. 1. 0.
0.998 -0.060 0. 92.954 0.060 0.998 0. -0.420 0. 0. 1. 0.
0.998 -0.061 0. 95.153 0.061 0.998 0. -0.287 0. 0. 1. 0.
0.998 -0.062 0. 97.331 0.062 0.998 0. -0.134 0. 0. 1. 0.
0.998 -0.068 0. 99.519 0.068 0.998 0. 0.052 0. 0. 1. 0.
0.998 -0.070 0. 101.760 0.070 0.998 0. 0.228 0. 0. 1. 0.
0.997 -0.074 0. 103.983 0.074 0.997 0. 0.387 0. 0. 1. 0.
0.997 -0.075 0. 106.240 0.075 0.997 0. 0.582 0. 0. 1. 0.
0.997 -0.077 0. 108.504 0.077 0.997 0. 0.721 0. 0. 1. 0.
0.997 -0.078 0. 110.797 0.078 0.997 0. 0.955 0. 0. 1. 0.
0.997 -0.074 0. 113.088 0.074 0.997 0. 1.121 0. 0. 1. 0.
0.997 -0.073 0. 115.373 0.073 0.997 0. 1.284 0. 0. 1. 0.
0.997 -0.071 0. 117.702 0.071 0.997 0. 1.437 0. 0. 1. 0.
0.998 -0.070 0. 120.014 0.070 0.998 0. 1.597 0. 0. 1. 0.
0.998 -0.068 0. 122.279 0.068 0.998 0. 1.761 0. 0. 1. 0.
0.998 -0.067 0. 124.515 0.067 0.998 0. 1.970 0. 0. 1. 0.
0.998 -0.067 0. 126.739 0.067 0.998 0. 2.124 0. 0. 1. 0.
0.998 -0.068 0. 128.924 0.068 0.998 0. 2.271 0. 0. 1. 0.
0.998 -0.067 0. 131.073 0.067 0.998 0. 2.416 0. 0. 1. 0.
0.998 -0.066 0. 133.157 0.066 0.998 0. 2.542 0. 0. 1. 0.
0.998 -0.067 0. 135.368 0.067 0.998 0. 2.707 0. 0. 1. 0.
0.997 -0.071 0. 137.554 0.071 0.997 0. 2.905 0. 0. 1. 0.
0.997 -0.073 0. 139.686 0.073 0.997 0. 3.043 0. 0. 1. 0.
0.997 -0.076 0. 141.905 0.076 0.997 0. 3.193 0. 0. 1. 0.
0.997 -0.080 0. 144.114 0.080 0.997 0. 3.397 0. 0. 1. 0.
0.997 -0.082 0. 146.331 0.082 0.997 0. 3.579 0. 0. 1. 0.
0.996 -0.086 0. 148.565 0.086 0.996 0. 3.802 0. 0. 1. 0.
0.996 -0.090 0. 150.815 0.090 0.996 0. 3.997 0. 0. 1. 0.
0.996 -0.095 0. 153.067 0.095 0.996 0. 4.230 0. 0. 1. 0.
0.995 -0.099 0. 155.354 0.099 0.995 0. 4.452 0. 0. 1. 0.
0.995 -0.104 0. 157.626 0.104 0.995 0. 4.665 0. 0. 1. 0.
0.994 -0.107 0. 159.894 0.107 0.994 0. 4.908 0. 0. 1. 0.
0.994 -0.109 0. 162.184 0.109 0.994 0. 5.175 0. 0. 1. 0.
0.994 -0.112 0. 164.492 0.112 0.994 0. 5.423 0. 0. 1. 0.
0.993 -0.116 0. 166.793 0.116 0.993 0. 5.698 0. 0. 1. 0.
0.993 -0.121 0. 169.118 0.121 0.993 0. 6.006 0. 0. 1. 0.
0.992 -0.126 0. 171.429 0.126 0.992 0. 6.294 0. 0. 1. 0.
0.992 -0.130 0. 173.787 0.130 0.992 0. 6.602 0. 0. 1. 0.
0.991 -0.136 0. 176.115 0.136 0.991 0. 6.971 0. 0. 1. 0.
0.990 -0.139 0. 178.444 0.139 0.990 0. 7.241 0. 0. 1. 0.
0.990 -0.142 0. 180.853 0.142 0.990 0. 7.613 0. 0. 1. 0.
0.989 -0.145 0. 183.211 0.145 0.989 0. 7.968 0. 0. 1. 0.
0.989 -0.149 0. 185.616 0.149 0.989 0. 8.296 0. 0. 1. 0.
0.988 -0.153 0. 187.999 0.153 0.988 0. 8.685 0. 0. 1. 0.
0.988 -0.157 0. 190.353 0.157 0.988 0. 9.074 0. 0. 1. 0.
0.987 -0.163 0. 192.766 0.163 0.987 0. 9.472 0. 0. 1. 0.
0.986 -0.169 0. 195.083 0.169 0.986 0. 9.867 0. 0. 1. 0.
0.985 -0.173 0. 197.373 0.173 0.985 0. 10.293 0. 0. 1. 0.
0.984 -0.179 0. 199.641 0.179 0.984 0. 10.710 0. 0. 1. 0.
0.983 -0.184 0. 201.882 0.184 0.983 0. 11.104 0. 0. 1. 0.
0.982 -0.188 0. 204.080 0.188 0.982 0. 11.564 0. 0. 1. 0.
0.982 -0.190 0. 206.196 0.190 0.982 0. 12.023 0. 0. 1. 0.
0.980 -0.198 0. 208.466 0.198 0.980 0. 12.432 0. 0. 1. 0.
0.979 -0.203 0. 210.723 0.203 0.979 0. 12.857 0. 0. 1. 0.
0.978 -0.207 0. 212.796 0.207 0.978 0. 13.401 0. 0. 1. 0.
0.978 -0.210 0. 215.089 0.210 0.978 0. 13.851 0. 0. 1. 0.
0.977 -0.214 0. 217.295 0.214 0.977 0. 14.339 0. 0. 1. 0.
0.976 -0.217 0. 219.533 0.217 0.976 0. 14.869 0. 0. 1. 0.
0.976 -0.217 0. 221.798 0.217 0.976 0. 15.344 0. 0. 1. 0.
0.975 -0.221 0. 224.078 0.221 0.975 0. 15.814 0. 0. 1. 0.
0.975 -0.224 0. 226.345 0.224 0.975 0. 16.365 0. 0. 1. 0.
0.974 -0.226 0. 228.589 0.226 0.974 0. 16.917 0. 0. 1. 0.
0.973 -0.230 0. 230.849 0.230 0.973 0. 17.498 0. 0. 1. 0.
0.972 -0.233 0. 233.163 0.233 0.972 0. 18.015 0. 0. 1. 0.
0.971 -0.238 0. 235.415 0.238 0.971 0. 18.611 0. 0. 1. 0.
0.970 -0.243 0. 237.722 0.243 0.970 0. 19.091 0. 0. 1. 0.
0.968 -0.250 0. 240.094 0.250 0.968 0. 19.726 0. 0. 1. 0.
0.968 -0.252 0. 242.284 0.252 0.968 0. 20.295 0. 0. 1. 0.
0.966 -0.258 0. 244.691 0.258 0.966 0. 20.941 0. 0. 1. 0.
0.964 -0.265 0. 247.045 0.265 0.964 0. 21.567 0. 0. 1. 0.
0.963 -0.269 0. 249.384 0.269 0.963 0. 22.212 0. 0. 1. 0.
0.962 -0.273 0. 251.749 0.273 0.962 0. 22.872 0. 0. 1. 0.
0.960 -0.279 0. 254.112 0.279 0.960 0. 23.550 0. 0. 1. 0.
0.959 -0.283 0. 256.470 0.283 0.959 0. 24.228 0. 0. 1. 0.
0.958 -0.286 0. 258.817 0.286 0.958 0. 24.983 0. 0. 1. 0.
0.958 -0.287 0. 261.225 0.287 0.958 0. 25.676 0. 0. 1. 0.
0.957 -0.290 0. 263.609 0.290 0.957 0. 26.416 0. 0. 1. 0.
0.956 -0.293 0. 265.934 0.293 0.956 0. 27.129 0. 0. 1. 0.
0.956 -0.295 0. 268.274 0.295 0.956 0. 27.856 0. 0. 1. 0.
0.955 -0.297 0. 270.565 0.297 0.955 0. 28.606 0. 0. 1. 0.
0.954 -0.300 0. 272.861 0.300 0.954 0. 29.328 0. 0. 1. 0.
0.953 -0.303 0. 275.132 0.303 0.953 0. 30.022 0. 0. 1. 0.
0.953 -0.303 0. 277.413 0.303 0.953 0. 30.792 0. 0. 1. 0.
0.952 -0.307 0. 279.607 0.307 0.952 0. 31.459 0. 0. 1. 0.
0.951 -0.308 0. 281.781 0.308 0.951 0. 32.224 0. 0. 1. 0.
0.950 -0.311 0. 283.902 0.311 0.950 0. 32.915 0. 0. 1. 0.
0.949 -0.314 0. 286.028 0.314 0.949 0. 33.623 0. 0. 1. 0.
0.948 -0.318 0. 288.034 0.318 0.948 0. 34.253 0. 0. 1. 0.
0.947 -0.321 0. 289.971 0.321 0.947 0. 34.974 0. 0. 1. 0.
0.946 -0.324 0. 291.850 0.324 0.946 0. 35.655 0. 0. 1. 0.
0.944 -0.329 0. 293.692 0.329 0.944 0. 36.198 0. 0. 1. 0.
0.942 -0.335 0. 295.536 0.335 0.942 0. 36.922 0. 0. 1. 0.
0.940 -0.342 0. 297.331 0.342 0.940 0. 37.632 0. 0. 1. 0.
0.938 -0.348 0. 299.087 0.348 0.938 0. 38.192 0. 0. 1. 0.
0.936 -0.352 0. 300.760 0.352 0.936 0. 38.899 0. 0. 1. 0.
0.934 -0.357 0. 302.487 0.357 0.934 0. 39.536 0. 0. 1. 0.
0.932 -0.362 0. 304.162 0.362 0.932 0. 40.228 0. 0. 1. 0.
0.932 -0.362 0. 305.792 0.362 0.932 0. 40.859 0. 0. 1. 0.
0.931 -0.365 0. 307.382 0.365 0.931 0. 41.542 0. 0. 1. 0.
0.931 -0.365 0. 308.988 0.365 0.931 0. 42.127 0. 0. 1. 0.
0.934 -0.357 0. 310.442 0.357 0.934 0. 42.725 0. 0. 1. 0.
0.940 -0.342 0. 311.895 0.342 0.940 0. 43.210 0. 0. 1. 0.
0.947 -0.322 0. 313.287 0.322 0.947 0. 43.633 0. 0. 1. 0.
0.959 -0.285 0. 314.622 0.285 0.959 0. 44.090 0. 0. 1. 0.
0.973 -0.230 0. 315.880 0.230 0.973 0. 44.217 0. 0. 1. 0.
0.987 -0.161 0. 317.102 0.161 0.987 0. 44.413 0. 0. 1. 0.
0.997 -0.083 0. 318.252 0.083 0.997 0. 44.344 0. 0. 1. 0.
1. 0.008 0. 319.303 -0.008 1. 0. 44.285 0. 0. 1. 0.
0.994 0.108 0. 320.379 -0.108 0.994 0. 44.040 0. 0. 1. 0.
0.975 0.222 0. 321.443 -0.222 0.975 0. 43.721 0. 0. 1. 0.
0.940 0.342 0. 322.348 -0.342 0.940 0. 43.235 0. 0. 1. 0.
0.885 0.466 0. 323.233 -0.466 0.885 0. 42.609 0. 0. 1. 0.
0.809 0.588 0. 323.988 -0.588 0.809 0. 41.917 0. 0. 1. 0.
0.715 0.699 0. 324.644 -0.699 0.715 0. 41.031 0. 0. 1. 0.
0.602 0.799 0. 325.155 -0.799 0.602 0. 40.068 0. 0. 1. 0.
0.481 0.877 0. 325.519 -0.877 0.481 0. 39.031 0. 0. 1. 0.
0.358 0.934 0. 325.861 -0.934 0.358 0. 37.893 0. 0. 1. 0.
0.247 0.969 0. 325.970 -0.969 0.247 0. 36.754 0. 0. 1. 0.
0.164 0.986 0. 325.981 -0.986 0.164 0. 35.618 0. 0. 1. 0.
0.120 0.993 0. 326.166 -0.993 0.120 0. 34.286 0. 0. 1. 0.
0.094 0.996 0. 326.375 -0.996 0.094 0. 32.878 0. 0. 1. 0.
0.077 0.997 0. 326.548 -0.997 0.077 0. 31.391 0. 0. 1. 0.
0.069 0.998 0. 326.636 -0.998 0.069 0. 29.946 0. 0. 1. 0.
0.060 0.998 0. 326.721 -0.998 0.060 0. 28.592 0. 0. 1. 0.
0.054 0.999 0. 326.820 -0.999 0.054 0. 27.042 0. 0. 1. 0.
0.058 0.998 0. 326.843 -0.998 0.058 0. 25.429 0. 0. 1. 0.
0.065 0.998 0. 327.031 -0.998 0.065 0. 23.813 0. 0. 1. 0.
0.068 0.998 0. 327.190 -0.998 0.068 0. 22.160 0. 0. 1. 0.
0.067 0.998 0. 327.224 -0.998 0.067 0. 20.421 0. 0. 1. 0.
0.069 0.998 0. 327.368 -0.998 0.069 0. 18.697 0. 0. 1. 0.
0.068 0.998 0. 327.503 -0.998 0.068 0. 16.899 0. 0. 1. 0.
0.068 0.998 0. 327.633 -0.998 0.068 0. 15.043 0. 0. 1. 0.
0.068 0.998 0. 327.719 -0.998 0.068 0. 13.153 0. 0. 1. 0.
0.067 0.998 0. 327.896 -0.998 0.067 0. 11.226 0. 0. 1. 0.
0.063 0.998 0. 327.988 -0.998 0.063 0. 9.265 0. 0. 1. 0.
0.063 0.998 0. 328.112 -0.998 0.063 0. 7.260 0. 0. 1. 0.
0.063 0.998 0. 328.244 -0.998 0.063 0. 5.194 0. 0. 1. 0.
0.063 0.998 0. 328.382 -0.998 0.063 0. 3.100 0. 0. 1. 0.
0.066 0.998 0. 328.526 -0.998 0.066 0. 0.989 0. 0. 1. 0.
0.067 0.998 0. 328.663 -0.998 0.067 0. -1.168 0. 0. 1. 0.
0.068 0.998 0. 328.791 -0.998 0.068 0. -3.369 0. 0. 1. 0.
0.068 0.998 0. 328.893 -0.998 0.068 0. -5.583 0. 0. 1. 0.
0.068 0.998 0. 329.064 -0.998 0.068 0. -7.804 0. 0. 1. 0.
0.067 0.998 0. 329.237 -0.998 0.067 0. -10.097 0. 0. 1. 0.
0.069 0.998 0. 329.402 -0.998 0.069 0. -12.330 0. 0. 1. 0.
0.069 0.998 0. 329.538 -0.998 0.069 0. -14.521 0. 0. 1. 0.
0.071 0.997 0. 329.663 -0.997 0.071 0. -16.730 0. 0. 1. 0.
0.070 0.998 0. 329.848 -0.998 0.070 0. -18.900 0. 0. 1. 0.
0.069 0.998 0. 330.005 -0.998 0.069 0. -21.082 0. 0. 1. 0.
0.069 0.998 0. 330.135 -0.998 0.069 0. -23.212 0. 0. 1. 0.
0.068 0.998 0. 330.254 -0.998 0.068 0. -25.294 0. 0. 1. 0.
0.067 0.998 0. 330.417 -0.998 0.067 0. -27.323 0. 0. 1. 0.
0.065 0.998 0. 330.544 -0.998 0.065 0. -29.241 0. 0. 1. 0.
0.063 0.998 0. 330.705 -0.998 0.063 0. -31.068 0. 0. 1. 0.
0.064 0.998 0. 330.828 -0.998 0.064 0. -32.848 0. 0. 1. 0.
0.065 0.998 0. 330.922 -0.998 0.065 0. -34.668 0. 0. 1. 0.
0.068 0.998 0. 331.053 -0.998 0.068 0. -36.462 0. 0. 1. 0.
0.071 0.997 0. 331.204 -0.997 0.071 0. -38.175 0. 0. 1. 0.
0.071 0.997 0. 331.372 -0.997 0.071 0. -39.956 0. 0. 1. 0.
0.076 0.997 0. 331.508 -0.997 0.076 0. -41.824 0. 0. 1. 0.
0.075 0.997 0. 331.625 -0.997 0.075 0. -43.495 0. 0. 1. 0.
0.076 0.997 0. 331.721 -0.997 0.076 0. -45.212 0. 0. 1. 0.
0.075 0.997 0. 331.898 -0.997 0.075 0. -47.020 0. 0. 1. 0.
0.074 0.997 0. 332.056 -0.997 0.074 0. -48.788 0. 0. 1. 0.
0.075 0.997 0. 332.169 -0.997 0.075 0. -50.569 0. 0. 1. 0.
0.075 0.997 0. 332.296 -0.997 0.075 0. -52.359 0. 0. 1. 0.
0.074 0.997 0. 332.468 -0.997 0.074 0. -54.131 0. 0. 1. 0.
0.075 0.997 0. 332.616 -0.997 0.075 0. -55.887 0. 0. 1. 0.
0.076 0.997 0. 332.693 -0.997 0.076 0. -57.656 0. 0. 1. 0.
0.073 0.997 0. 332.847 -0.997 0.073 0. -59.410 0. 0. 1. 0.
0.075 0.997 0. 333.001 -0.997 0.075 0. -61.120 0. 0. 1. 0.
0.075 0.997 0. 333.143 -0.997 0.075 0. -62.809 0. 0. 1. 0.
0.074 0.997 0. 333.232 -0.997 0.074 0. -64.503 0. 0. 1. 0.
0.072 0.997 0. 333.358 -0.997 0.072 0. -66.138 0. 0. 1. 0.
0.069 0.998 0. 333.488 -0.998 0.069 0. -67.713 0. 0. 1. 0.
0.071 0.998 0. 333.645 -0.998 0.071 0. -69.450 0. 0. 1. 0.
0.072 0.997 0. 333.730 -0.997 0.072 0. -71.077 0. 0. 1. 0.
0.065 0.998 0. 333.849 -0.998 0.065 0. -72.580 0. 0. 1. 0.
0.062 0.998 0. 333.976 -0.998 0.062 0. -74.209 0. 0. 1. 0.
0.060 0.998 0. 333.984 -0.998 0.060 0. -75.808 0. 0. 1. 0.
0.061 0.998 0. 334.083 -0.998 0.061 0. -77.403 0. 0. 1. 0.
0.061 0.998 0. 334.179 -0.998 0.061 0. -78.962 0. 0. 1. 0.
0.062 0.998 0. 334.243 -0.998 0.062 0. -80.484 0. 0. 1. 0.
0.061 0.998 0. 334.227 -0.998 0.061 0. -81.943 0. 0. 1. 0.
0.061 0.998 0. 334.390 -0.998 0.061 0. -83.309 0. 0. 1. 0.
0.062 0.998 0. 334.431 -0.998 0.062 0. -84.548 0. 0. 1. 0.
0.060 0.998 0. 334.455 -0.998 0.060 0. -85.715 0. 0. 1. 0.
0.062 0.998 0. 334.654 -0.998 0.062 0. -86.901 0. 0. 1. 0.
0.065 0.998 0. 334.435 -0.998 0.065 0. -87.922 0. 0. 1. 0.
0.060 0.998 0. 334.690 -0.998 0.060 0. -88.870 0. 0. 1. 0.
0.060 0.998 0. 334.647 -0.998 0.060 0. -89.740 0. 0. 1. 0.
0.061 0.998 0. 334.716 -0.998 0.061 0. -90.631 0. 0. 1. 0.
0.063 0.998 0. 334.760 -0.998 0.063 0. -91.337 0. 0. 1. 0.
0.061 0.998 0. 334.791 -0.998 0.061 0. -92.048 0. 0. 1. 0.
0.064 0.998 0. 334.763 -0.998 0.064 0. -92.792 0. 0. 1. 0.
0.065 0.998 0. 334.902 -0.998 0.065 0. -93.423 0. 0. 1. 0.
0.066 0.998 0. 334.850 -0.998 0.066 0. -94.016 0. 0. 1. 0.
0.064 0.998 0. 334.948 -0.998 0.064 0. -94.637 0. 0. 1. 0.
0.065 0.998 0. 334.970 -0.998 0.065 0. -95.301 0. 0. 1. 0.
0.067 0.998 0. 334.994 -0.998 0.067 0. -95.963 0. 0. 1. 0.
0.067 0.998 0. 335.027 -0.998 0.067 0. -96.530 0. 0. 1. 0.
0.068 0.998 0. 335.090 -0.998 0.068 0. -97.145 0. 0. 1. 0.
0.069 0.998 0. 335.136 -0.998 0.069 0. -97.723 0. 0. 1. 0.
0.071 0.997 0. 335.199 -0.997 0.071 0. -98.321 0. 0. 1. 0.
0.070 0.998 0. 335.281 -0.998 0.070 0. -98.895 0. 0. 1. 0.
0.073 0.997 0. 335.340 -0.997 0.073 0. -99.473 0. 0. 1. 0.
0.075 0.997 0. 335.362 -0.997 0.075 0. -99.974 0. 0. 1. 0.
0.078 0.997 0. 335.412 -0.997 0.078 0. -100.475 0. 0. 1. 0.
0.078 0.997 0. 335.426 -0.997 0.078 0. -101.036 0. 0. 1. 0.
0.075 0.997 0. 335.476 -0.997 0.075 0. -101.627 0. 0. 1. 0.
0.072 0.997 0. 335.530 -0.997 0.072 0. -102.226 0. 0. 1. 0.
0.068 0.998 0. 335.528 -0.998 0.068 0. -102.889 0. 0. 1. 0.
0.058 0.998 0. 335.571 -0.998 0.058 0. -103.569 0. 0. 1. 0.
0.043 0.999 0. 335.571 -0.999 0.043 0. -104.252 0. 0. 1. 0.
0.013 1. 0. 335.516 -1. 0.013 0. -105.011 0. 0. 1. 0.
-0.024 1.000 0. 335.456 -1.000 -0.024 0. -105.871 0. 0. 1. 0.
-0.068 0.998 0. 335.371 -0.998 -0.068 0. -106.709 0. 0. 1. 0.
-0.121 0.993 0. 335.233 -0.993 -0.121 0. -107.620 0. 0. 1. 0.
-0.181 0.983 0. 335.019 -0.983 -0.181 0. -108.541 0. 0. 1. 0.
-0.243 0.970 0. 334.747 -0.970 -0.243 0. -109.531 0. 0. 1. 0.
-0.306 0.952 0. 334.443 -0.952 -0.306 0. -110.587 0. 0. 1. 0.
-0.368 0.930 0. 334.031 -0.930 -0.368 0. -111.551 0. 0. 1. 0.
-0.427 0.904 0. 333.515 -0.904 -0.427 0. -112.481 0. 0. 1. 0.
-0.477 0.879 0. 332.912 -0.879 -0.477 0. -113.341 0. 0. 1. 0.
-0.529 0.849 0. 332.271 -0.849 -0.529 0. -114.326 0. 0. 1. 0.
-0.575 0.818 0. 331.550 -0.818 -0.575 0. -115.187 0. 0. 1. 0.
-0.618 0.786 0. 330.842 -0.786 -0.618 0. -116.168 0. 0. 1. 0.
-0.656 0.755 0. 329.961 -0.755 -0.656 0. -117.019 0. 0. 1. 0.
-0.689 0.725 0. 328.988 -0.725 -0.689 0. -117.911 0. 0. 1. 0.
-0.719 0.695 0. 328.038 -0.695 -0.719 0. -118.845 0. 0. 1. 0.
-0.749 0.663 0. 326.962 -0.663 -0.749 0. -119.740 0. 0. 1. 0.
-0.776 0.631 0. 325.799 -0.631 -0.776 0. -120.632 0. 0. 1. 0.
-0.801 0.598 0. 324.583 -0.598 -0.801 0. -121.504 0. 0. 1. 0.
-0.824 0.567 0. 323.316 -0.567 -0.824 0. -122.362 0. 0. 1. 0.
-0.845 0.535 0. 321.968 -0.535 -0.845 0. -123.149 0. 0. 1. 0.
-0.865 0.502 0. 320.517 -0.502 -0.865 0. -124.019 0. 0. 1. 0.
-0.884 0.467 0. 318.961 -0.467 -0.884 0. -124.734 0. 0. 1. 0.
-0.902 0.433 0. 317.467 -0.433 -0.902 0. -125.423 0. 0. 1. 0.
-0.915 0.404 0. 315.976 -0.404 -0.915 0. -126.065 0. 0. 1. 0.
-0.926 0.377 0. 314.377 -0.377 -0.926 0. -126.722 0. 0. 1. 0.
-0.933 0.359 0. 312.775 -0.359 -0.933 0. -127.337 0. 0. 1. 0.
-0.937 0.350 0. 311.100 -0.350 -0.937 0. -127.977 0. 0. 1. 0.
-0.938 0.346 0. 309.478 -0.346 -0.938 0. -128.600 0. 0. 1. 0.
-0.940 0.342 0. 307.846 -0.342 -0.940 0. -129.186 0. 0. 1. 0.
-0.941 0.339 0. 306.088 -0.339 -0.941 0. -129.853 0. 0. 1. 0.
-0.940 0.341 0. 304.383 -0.341 -0.940 0. -130.489 0. 0. 1. 0.
-0.941 0.339 0. 302.665 -0.339 -0.941 0. -131.138 0. 0. 1. 0.
-0.941 0.337 0. 300.795 -0.337 -0.941 0. -131.817 0. 0. 1. 0.
-0.941 0.339 0. 298.960 -0.339 -0.941 0. -132.455 0. 0. 1. 0.
-0.940 0.343 0. 297.089 -0.343 -0.940 0. -133.170 0. 0. 1. 0.
-0.939 0.344 0. 295.194 -0.344 -0.939 0. -133.881 0. 0. 1. 0.
-0.939 0.345 0. 293.261 -0.345 -0.939 0. -134.604 0. 0. 1. 0.
-0.939 0.345 0. 291.289 -0.345 -0.939 0. -135.339 0. 0. 1. 0.
-0.938 0.346 0. 289.305 -0.346 -0.938 0. -136.064 0. 0. 1. 0.
-0.938 0.345 0. 287.282 -0.345 -0.938 0. -136.842 0. 0. 1. 0.
-0.938 0.346 0. 285.256 -0.346 -0.938 0. -137.637 0. 0. 1. 0.
-0.939 0.344 0. 283.142 -0.344 -0.939 0. -138.354 0. 0. 1. 0.
-0.938 0.346 0. 281.063 -0.346 -0.938 0. -139.131 0. 0. 1. 0.
-0.939 0.344 0. 278.874 -0.344 -0.939 0. -139.926 0. 0. 1. 0.
-0.939 0.343 0. 276.734 -0.343 -0.939 0. -140.738 0. 0. 1. 0.
-0.938 0.345 0. 274.514 -0.345 -0.938 0. -141.538 0. 0. 1. 0.
-0.938 0.345 0. 272.336 -0.345 -0.938 0. -142.371 0. 0. 1. 0.
-0.938 0.348 0. 270.138 -0.348 -0.938 0. -143.183 0. 0. 1. 0.
-0.936 0.353 0. 267.918 -0.353 -0.936 0. -144.049 0. 0. 1. 0.
-0.934 0.357 0. 265.715 -0.357 -0.934 0. -144.920 0. 0. 1. 0.
-0.931 0.366 0. 263.490 -0.366 -0.931 0. -145.801 0. 0. 1. 0.
-0.928 0.371 0. 261.262 -0.371 -0.928 0. -146.654 0. 0. 1. 0.
-0.925 0.380 0. 259.027 -0.380 -0.925 0. -147.601 0. 0. 1. 0.
-0.921 0.389 0. 256.817 -0.389 -0.921 0. -148.523 0. 0. 1. 0.
-0.917 0.398 0. 254.629 -0.398 -0.917 0. -149.510 0. 0. 1. 0.
-0.914 0.406 0. 252.392 -0.406 -0.914 0. -150.585 0. 0. 1. 0.
-0.910 0.415 0. 250.196 -0.415 -0.910 0. -151.580 0. 0. 1. 0.
-0.906 0.423 0. 247.985 -0.423 -0.906 0. -152.676 0. 0. 1. 0.
-0.901 0.433 0. 245.780 -0.433 -0.901 0. -153.745 0. 0. 1. 0.
-0.896 0.444 0. 243.595 -0.444 -0.896 0. -154.835 0. 0. 1. 0.
-0.892 0.453 0. 241.397 -0.453 -0.892 0. -155.991 0. 0. 1. 0.
-0.887 0.462 0. 239.200 -0.462 -0.887 0. -157.147 0. 0. 1. 0.
-0.879 0.477 0. 237.052 -0.477 -0.879 0. -158.353 0. 0. 1. 0.
-0.872 0.489 0. 234.950 -0.489 -0.872 0. -159.635 0. 0. 1. 0.
-0.864 0.503 0. 232.807 -0.503 -0.864 0. -160.866 0. 0. 1. 0.
-0.856 0.516 0. 230.655 -0.516 -0.856 0. -162.135 0. 0. 1. 0.
-0.850 0.527 0. 228.522 -0.527 -0.850 0. -163.477 0. 0. 1. 0.
-0.843 0.538 0. 226.458 -0.538 -0.843 0. -164.876 0. 0. 1. 0.
-0.836 0.549 0. 224.353 -0.549 -0.836 0. -166.268 0. 0. 1. 0.
-0.829 0.560 0. 222.302 -0.560 -0.829 0. -167.709 0. 0. 1. 0.
-0.822 0.570 0. 220.208 -0.570 -0.822 0. -169.159 0. 0. 1. 0.
-0.814 0.580 0. 218.166 -0.580 -0.814 0. -170.610 0. 0. 1. 0.
-0.808 0.589 0. 216.117 -0.589 -0.808 0. -172.106 0. 0. 1. 0.
-0.801 0.598 0. 214.092 -0.598 -0.801 0. -173.607 0. 0. 1. 0.
-0.794 0.608 0. 212.191 -0.608 -0.794 0. -175.167 0. 0. 1. 0.
-0.786 0.618 0. 210.252 -0.618 -0.786 0. -176.658 0. 0. 1. 0.
-0.776 0.630 0. 208.352 -0.630 -0.776 0. -178.229 0. 0. 1. 0.
-0.767 0.641 0. 206.415 -0.641 -0.767 0. -179.800 0. 0. 1. 0.
-0.759 0.651 0. 204.621 -0.651 -0.759 0. -181.455 0. 0. 1. 0.
-0.750 0.662 0. 202.749 -0.662 -0.750 0. -183.046 0. 0. 1. 0.
-0.741 0.671 0. 200.889 -0.671 -0.741 0. -184.672 0. 0. 1. 0.
-0.734 0.680 0. 199.168 -0.680 -0.734 0. -186.366 0. 0. 1. 0.
-0.728 0.686 0. 197.379 -0.686 -0.728 0. -188.062 0. 0. 1. 0.
-0.721 0.693 0. 195.585 -0.693 -0.721 0. -189.740 0. 0. 1. 0.
-0.714 0.700 0. 193.877 -0.700 -0.714 0. -191.462 0. 0. 1. 0.
-0.706 0.708 0. 192.185 -0.708 -0.706 0. -193.200 0. 0. 1. 0.
-0.698 0.716 0. 190.525 -0.716 -0.698 0. -194.903 0. 0. 1. 0.
-0.686 0.727 0. 188.879 -0.727 -0.686 0. -196.644 0. 0. 1. 0.
-0.676 0.737 0. 187.345 -0.737 -0.676 0. -198.328 0. 0. 1. 0.
-0.665 0.746 0. 185.825 -0.746 -0.665 0. -199.999 0. 0. 1. 0.
-0.653 0.757 0. 184.429 -0.757 -0.653 0. -201.679 0. 0. 1. 0.
-0.646 0.764 0. 183.073 -0.764 -0.646 0. -203.318 0. 0. 1. 0.
-0.638 0.770 0. 181.720 -0.770 -0.638 0. -204.866 0. 0. 1. 0.
-0.633 0.774 0. 180.554 -0.774 -0.633 0. -206.395 0. 0. 1. 0.
-0.629 0.778 0. 179.415 -0.778 -0.629 0. -207.805 0. 0. 1. 0.
-0.622 0.783 0. 178.304 -0.783 -0.622 0. -209.246 0. 0. 1. 0.
-0.617 0.787 0. 177.292 -0.787 -0.617 0. -210.713 0. 0. 1. 0.
-0.610 0.793 0. 176.156 -0.793 -0.610 0. -212.265 0. 0. 1. 0.
-0.602 0.799 0. 175.119 -0.799 -0.602 0. -213.756 0. 0. 1. 0.
-0.592 0.806 0. 173.942 -0.806 -0.592 0. -215.156 0. 0. 1. 0.
-0.581 0.814 0. 172.855 -0.814 -0.581 0. -216.670 0. 0. 1. 0.
-0.566 0.824 0. 171.765 -0.824 -0.566 0. -218.272 0. 0. 1. 0.
-0.554 0.832 0. 170.710 -0.832 -0.554 0. -219.918 0. 0. 1. 0.
-0.542 0.840 0. 169.675 -0.840 -0.542 0. -221.618 0. 0. 1. 0.
-0.535 0.845 0. 168.672 -0.845 -0.535 0. -223.291 0. 0. 1. 0.
-0.531 0.847 0. 167.607 -0.847 -0.531 0. -225.081 0. 0. 1. 0.
-0.524 0.851 0. 166.493 -0.851 -0.524 0. -226.888 0. 0. 1. 0.
-0.520 0.854 0. 165.356 -0.854 -0.520 0. -228.681 0. 0. 1. 0.
-0.517 0.856 0. 164.243 -0.856 -0.517 0. -230.477 0. 0. 1. 0.
-0.517 0.856 0. 163.128 -0.856 -0.517 0. -232.400 0. 0. 1. 0.
-0.516 0.857 0. 162.032 -0.857 -0.516 0. -234.255 0. 0. 1. 0.
-0.515 0.857 0. 160.846 -0.857 -0.515 0. -236.210 0. 0. 1. 0.
-0.510 0.860 0. 159.650 -0.860 -0.510 0. -238.118 0. 0. 1. 0.
-0.506 0.863 0. 158.469 -0.863 -0.506 0. -240.140 0. 0. 1. 0.
-0.503 0.864 0. 157.312 -0.864 -0.503 0. -242.099 0. 0. 1. 0.
-0.499 0.866 0. 156.082 -0.866 -0.499 0. -244.176 0. 0. 1. 0.
-0.495 0.869 0. 154.897 -0.869 -0.495 0. -246.236 0. 0. 1. 0.
-0.489 0.872 0. 153.729 -0.872 -0.489 0. -248.404 0. 0. 1. 0.
-0.478 0.878 0. 152.543 -0.878 -0.478 0. -250.519 0. 0. 1. 0.
-0.466 0.885 0. 151.312 -0.885 -0.466 0. -252.754 0. 0. 1. 0.
-0.452 0.892 0. 150.347 -0.892 -0.452 0. -254.975 0. 0. 1. 0.
-0.439 0.898 0. 149.264 -0.898 -0.439 0. -257.329 0. 0. 1. 0.
-0.428 0.904 0. 148.276 -0.904 -0.428 0. -259.609 0. 0. 1. 0.
-0.413 0.911 0. 147.199 -0.911 -0.413 0. -262.050 0. 0. 1. 0.
-0.401 0.916 0. 146.072 -0.916 -0.401 0. -264.420 0. 0. 1. 0.
-0.385 0.923 0. 145.046 -0.923 -0.385 0. -266.883 0. 0. 1. 0.
-0.372 0.928 0. 144.046 -0.928 -0.372 0. -269.337 0. 0. 1. 0.
-0.363 0.932 0. 143.127 -0.932 -0.363 0. -271.865 0. 0. 1. 0.
-0.352 0.936 0. 142.152 -0.936 -0.352 0. -274.353 0. 0. 1. 0.
-0.342 0.940 0. 141.327 -0.940 -0.342 0. -276.853 0. 0. 1. 0.
-0.330 0.944 0. 140.442 -0.944 -0.330 0. -279.370 0. 0. 1. 0.
-0.317 0.949 0. 139.484 -0.949 -0.317 0. -281.896 0. 0. 1. 0.
-0.303 0.953 0. 138.702 -0.953 -0.303 0. -284.420 0. 0. 1. 0.
-0.292 0.957 0. 137.864 -0.957 -0.292 0. -286.936 0. 0. 1. 0.
-0.278 0.961 0. 137.178 -0.961 -0.278 0. -289.467 0. 0. 1. 0.
-0.264 0.964 0. 136.492 -0.964 -0.264 0. -292.064 0. 0. 1. 0.
-0.252 0.968 0. 135.837 -0.968 -0.252 0. -294.611 0. 0. 1. 0.
-0.239 0.971 0. 135.218 -0.971 -0.239 0. -297.194 0. 0. 1. 0.
-0.223 0.975 0. 134.598 -0.975 -0.223 0. -299.828 0. 0. 1. 0.
-0.206 0.978 0. 134.037 -0.978 -0.206 0. -302.424 0. 0. 1. 0.
-0.188 0.982 0. 133.488 -0.982 -0.188 0. -305.080 0. 0. 1. 0.
-0.174 0.985 0. 133.097 -0.985 -0.174 0. -307.707 0. 0. 1. 0.
-0.156 0.988 0. 132.656 -0.988 -0.156 0. -310.409 0. 0. 1. 0.
-0.139 0.990 0. 132.207 -0.990 -0.139 0. -313.052 0. 0. 1. 0.
-0.123 0.992 0. 131.915 -0.992 -0.123 0. -315.772 0. 0. 1. 0.
-0.100 0.995 0. 131.607 -0.995 -0.100 0. -318.515 0. 0. 1. 0.
-0.075 0.997 0. 131.439 -0.997 -0.075 0. -321.282 0. 0. 1. 0.
-0.056 0.998 0. 131.196 -0.998 -0.056 0. -324.072 0. 0. 1. 0.
-0.037 0.999 0. 131.113 -0.999 -0.037 0. -326.845 0. 0. 1. 0.
-0.018 1.000 0. 131.103 -1.000 -0.018 0. -329.600 0. 0. 1. 0.
-0.001 1. 0. 131.091 -1. -0.001 0. -332.448 0. 0. 1. 0.
0.014 1. 0. 131.067 -1. 0.014 0. -335.328 0. 0. 1. 0.
0.030 1.000 0. 131.195 -1.000 0.030 0. -338.199 0. 0. 1. 0.
0.045 0.999 0. 131.401 -0.999 0.045 0. -341.086 0. 0. 1. 0.
0.052 0.999 0. 131.532 -0.999 0.052 0. -344.050 0. 0. 1. 0.
0.057 0.998 0. 131.741 -0.998 0.057 0. -346.866 0. 0. 1. 0.
0.056 0.998 0. 131.836 -0.998 0.056 0. -349.732 0. 0. 1. 0.
0.055 0.999 0. 132.067 -0.999 0.055 0. -352.622 0. 0. 1. 0.
0.052 0.999 0. 132.244 -0.999 0.052 0. -355.408 0. 0. 1. 0.
0.048 0.999 0. 132.364 -0.999 0.048 0. -358.198 0. 0. 1. 0.
0.039 0.999 0. 132.455 -0.999 0.039 0. -360.946 0. 0. 1. 0.
0.026 1.000 0. 132.562 -1.000 0.026 0. -363.578 0. 0. 1. 0.
0.003 1. 0. 132.498 -1. 0.003 0. -366.108 0. 0. 1. 0.
-0.029 1.000 0. 132.472 -1.000 -0.029 0. -368.638 0. 0. 1. 0.
-0.055 0.998 0. 132.267 -0.998 -0.055 0. -371.090 0. 0. 1. 0.
-0.081 0.997 0. 132.065 -0.997 -0.081 0. -373.464 0. 0. 1. 0.
-0.114 0.994 0. 131.812 -0.994 -0.114 0. -375.659 0. 0. 1. 0.
-0.141 0.990 0. 131.587 -0.990 -0.141 0. -377.931 0. 0. 1. 0.
-0.175 0.984 0. 131.078 -0.984 -0.175 0. -380.063 0. 0. 1. 0.
-0.215 0.977 0. 130.607 -0.977 -0.215 0. -382.099 0. 0. 1. 0.
-0.255 0.967 0. 130.039 -0.967 -0.255 0. -384.089 0. 0. 1. 0.
-0.301 0.954 0. 129.394 -0.954 -0.301 0. -386.034 0. 0. 1. 0.
-0.350 0.937 0. 128.774 -0.937 -0.350 0. -387.961 0. 0. 1. 0.
-0.406 0.914 0. 127.873 -0.914 -0.406 0. -389.792 0. 0. 1. 0.
-0.466 0.885 0. 126.867 -0.885 -0.466 0. -391.542 0. 0. 1. 0.
-0.523 0.852 0. 125.776 -0.852 -0.523 0. -393.182 0. 0. 1. 0.
-0.569 0.822 0. 124.648 -0.822 -0.569 0. -394.722 0. 0. 1. 0.
-0.609 0.793 0. 123.479 -0.793 -0.609 0. -396.300 0. 0. 1. 0.
-0.652 0.758 0. 122.214 -0.758 -0.652 0. -397.672 0. 0. 1. 0.
-0.697 0.717 0. 120.920 -0.717 -0.697 0. -398.960 0. 0. 1. 0.
-0.743 0.669 0. 119.681 -0.669 -0.743 0. -400.122 0. 0. 1. 0.
-0.784 0.621 0. 118.196 -0.621 -0.784 0. -401.108 0. 0. 1. 0.
-0.820 0.573 0. 116.639 -0.573 -0.820 0. -402.148 0. 0. 1. 0.
-0.850 0.527 0. 115.188 -0.527 -0.850 0. -403.003 0. 0. 1. 0.
-0.882 0.472 0. 113.616 -0.472 -0.882 0. -403.898 0. 0. 1. 0.
-0.909 0.418 0. 111.913 -0.418 -0.909 0. -404.628 0. 0. 1. 0.
-0.932 0.362 0. 110.213 -0.362 -0.932 0. -405.325 0. 0. 1. 0.
-0.953 0.303 0. 108.445 -0.303 -0.953 0. -405.922 0. 0. 1. 0.
-0.970 0.244 0. 106.607 -0.244 -0.970 0. -406.343 0. 0. 1. 0.
-0.980 0.198 0. 104.716 -0.198 -0.980 0. -406.636 0. 0. 1. 0.
-0.988 0.155 0. 102.794 -0.155 -0.988 0. -406.970 0. 0. 1. 0.
-0.992 0.126 0. 100.804 -0.126 -0.992 0. -407.188 0. 0. 1. 0.
-0.994 0.114 0. 98.779 -0.114 -0.994 0. -407.444 0. 0. 1. 0.
-0.994 0.109 0. 96.692 -0.109 -0.994 0. -407.558 0. 0. 1. 0.
-0.995 0.103 0. 94.586 -0.103 -0.995 0. -407.854 0. 0. 1. 0.
-0.995 0.100 0. 92.468 -0.100 -0.995 0. -408.063 0. 0. 1. 0.
-0.995 0.099 0. 90.303 -0.099 -0.995 0. -408.215 0. 0. 1. 0.
-0.995 0.098 0. 88.060 -0.098 -0.995 0. -408.434 0. 0. 1. 0.
-0.995 0.098 0. 85.826 -0.098 -0.995 0. -408.634 0. 0. 1. 0.
-0.995 0.096 0. 83.610 -0.096 -0.995 0. -408.913 0. 0. 1. 0.
-0.995 0.097 0. 81.315 -0.097 -0.995 0. -409.213 0. 0. 1. 0.
-0.995 0.097 0. 78.967 -0.097 -0.995 0. -409.370 0. 0. 1. 0.
-0.995 0.096 0. 76.637 -0.096 -0.995 0. -409.562 0. 0. 1. 0.
-0.996 0.090 0. 74.227 -0.090 -0.996 0. -409.822 0. 0. 1. 0.
-0.997 0.083 0. 71.810 -0.083 -0.997 0. -410.048 0. 0. 1. 0.
-0.997 0.072 0. 69.369 -0.072 -0.997 0. -410.245 0. 0. 1. 0.
-0.998 0.058 0. 66.897 -0.058 -0.998 0. -410.367 0. 0. 1. 0.
-0.999 0.043 0. 64.351 -0.043 -0.999 0. -410.444 0. 0. 1. 0.
-0.999 0.033 0. 61.770 -0.033 -0.999 0. -410.529 0. 0. 1. 0.
-1.000 0.023 0. 59.149 -0.023 -1.000 0. -410.552 0. 0. 1. 0.
-1.000 0.017 0. 56.522 -0.017 -1.000 0. -410.666 0. 0. 1. 0.
-1.000 0.017 0. 53.839 -0.017 -1.000 0. -410.732 0. 0. 1. 0.
-1.000 0.017 0. 51.101 -0.017 -1.000 0. -410.706 0. 0. 1. 0.
-1.000 0.021 0. 48.360 -0.021 -1.000 0. -410.759 0. 0. 1. 0.
-1.000 0.025 0. 45.570 -0.025 -1.000 0. -410.876 0. 0. 1. 0.
-1.000 0.027 0. 42.845 -0.027 -1.000 0. -410.990 0. 0. 1. 0.
-1.000 0.031 0. 40.161 -0.031 -1.000 0. -411.084 0. 0. 1. 0.
-0.999 0.035 0. 37.446 -0.035 -0.999 0. -411.218 0. 0. 1. 0.
-0.999 0.040 0. 34.776 -0.040 -0.999 0. -411.293 0. 0. 1. 0.
-0.999 0.042 0. 32.085 -0.042 -0.999 0. -411.355 0. 0. 1. 0.
-0.999 0.048 0. 29.421 -0.048 -0.999 0. -411.488 0. 0. 1. 0.
-0.999 0.050 0. 26.771 -0.050 -0.999 0. -411.656 0. 0. 1. 0.
-0.999 0.053 0. 24.111 -0.053 -0.999 0. -411.712 0. 0. 1. 0.
-0.998 0.056 0. 21.459 -0.056 -0.998 0. -411.860 0. 0. 1. 0.
-0.998 0.058 0. 18.889 -0.058 -0.998 0. -412.053 0. 0. 1. 0.
-0.998 0.059 0. 16.300 -0.059 -0.998 0. -412.222 0. 0. 1. 0.
-0.998 0.059 0. 13.687 -0.059 -0.998 0. -412.414 0. 0. 1. 0.
-0.998 0.060 0. 11.149 -0.060 -0.998 0. -412.535 0. 0. 1. 0.
-0.998 0.061 0. 8.654 -0.061 -0.998 0. -412.650 0. 0. 1. 0.
-0.998 0.061 0. 6.273 -0.061 -0.998 0. -412.836 0. 0. 1. 0.
-0.998 0.060 0. 3.983 -0.060 -0.998 0. -413.001 0. 0. 1. 0.
-0.998 0.061 0. 1.785 -0.061 -0.998 0. -413.141 0. 0. 1. 0.
-0.998 0.063 0. -0.305 -0.063 -0.998 0. -413.337 0. 0. 1. 0.
-0.998 0.062 0. -2.309 -0.062 -0.998 0. -413.414 0. 0. 1. 0.
-0.998 0.059 0. -4.228 -0.059 -0.998 0. -413.531 0. 0. 1. 0.
-0.998 0.060 0. -6.061 -0.060 -0.998 0. -413.650 0. 0. 1. 0.
-0.998 0.060 0. -7.924 -0.060 -0.998 0. -413.742 0. 0. 1. 0.
-0.998 0.061 0. -9.779 -0.061 -0.998 0. -413.816 0. 0. 1. 0.
-0.998 0.065 0. -11.569 -0.065 -0.998 0. -413.991 0. 0. 1. 0.
-0.998 0.064 0. -13.375 -0.064 -0.998 0. -414.110 0. 0. 1. 0.
-0.998 0.064 0. -15.130 -0.064 -0.998 0. -414.216 0. 0. 1. 0.
-0.998 0.062 0. -16.851 -0.062 -0.998 0. -414.354 0. 0. 1. 0.
-0.998 0.060 0. -18.552 -0.060 -0.998 0. -414.453 0. 0. 1. 0.
-0.998 0.060 0. -20.294 -0.060 -0.998 0. -414.580 0. 0. 1. 0.
-0.998 0.063 0. -21.981 -0.063 -0.998 0. -414.656 0. 0. 1. 0.
-0.998 0.062 0. -23.640 -0.062 -0.998 0. -414.746 0. 0. 1. 0.
-0.998 0.063 0. -25.227 -0.063 -0.998 0. -414.834 0. 0. 1. 0.
-0.998 0.061 0. -26.808 -0.061 -0.998 0. -414.980 0. 0. 1. 0.
-0.998 0.058 0. -28.229 -0.058 -0.998 0. -415.074 0. 0. 1. 0.
-0.998 0.058 0. -29.637 -0.058 -0.998 0. -415.099 0. 0. 1. 0.
-0.998 0.056 0. -30.908 -0.056 -0.998 0. -415.172 0. 0. 1. 0.
-0.998 0.058 0. -32.072 -0.058 -0.998 0. -415.302 0. 0. 1. 0.
-0.998 0.058 0. -33.148 -0.058 -0.998 0. -415.383 0. 0. 1. 0.
-0.998 0.061 0. -34.066 -0.061 -0.998 0. -415.418 0. 0. 1. 0.
-0.997 0.077 0. -34.874 -0.077 -0.997 0. -415.481 0. 0. 1. 0.
-0.994 0.113 0. -35.744 -0.113 -0.994 0. -415.606 0. 0. 1. 0.
-0.985 0.172 0. -36.616 -0.172 -0.985 0. -415.841 0. 0. 1. 0.
-0.969 0.248 0. -37.566 -0.248 -0.969 0. -416.198 0. 0. 1. 0.
-0.943 0.333 0. -38.458 -0.333 -0.943 0. -416.655 0. 0. 1. 0.
-0.906 0.423 0. -39.308 -0.423 -0.906 0. -417.218 0. 0. 1. 0.
-0.858 0.514 0. -40.110 -0.514 -0.858 0. -417.784 0. 0. 1. 0.
-0.799 0.602 0. -40.920 -0.602 -0.799 0. -418.488 0. 0. 1. 0.
-0.729 0.685 0. -41.498 -0.685 -0.729 0. -419.280 0. 0. 1. 0.
-0.648 0.761 0. -42.097 -0.761 -0.648 0. -420.156 0. 0. 1. 0.
-0.560 0.828 0. -42.604 -0.828 -0.560 0. -421.107 0. 0. 1. 0.
-0.467 0.884 0. -43.030 -0.884 -0.467 0. -422.127 0. 0. 1. 0.
-0.373 0.928 0. -43.357 -0.928 -0.373 0. -423.222 0. 0. 1. 0.
-0.280 0.960 0. -43.580 -0.960 -0.280 0. -424.382 0. 0. 1. 0.
-0.195 0.981 0. -43.728 -0.981 -0.195 0. -425.620 0. 0. 1. 0.
-0.129 0.992 0. -43.830 -0.992 -0.129 0. -426.877 0. 0. 1. 0.
-0.085 0.996 0. -43.805 -0.996 -0.085 0. -428.158 0. 0. 1. 0.
-0.050 0.999 0. -43.870 -0.999 -0.050 0. -429.494 0. 0. 1. 0.
-0.014 1. 0. -43.908 -1. -0.014 0. -430.911 0. 0. 1. 0.
0.017 1.000 0. -43.836 -1.000 0.017 0. -432.343 0. 0. 1. 0.
0.045 0.999 0. -43.789 -0.999 0.045 0. -433.786 0. 0. 1. 0.
0.062 0.998 0. -43.636 -0.998 0.062 0. -435.349 0. 0. 1. 0.
0.077 0.997 0. -43.525 -0.997 0.077 0. -436.884 0. 0. 1. 0.
0.087 0.996 0. -43.349 -0.996 0.087 0. -438.482 0. 0. 1. 0.
0.091 0.996 0. -43.161 -0.996 0.091 0. -440.148 0. 0. 1. 0.
0.088 0.996 0. -43.013 -0.996 0.088 0. -441.831 0. 0. 1. 0.
0.085 0.996 0. -42.843 -0.996 0.085 0. -443.616 0. 0. 1. 0.
0.083 0.997 0. -42.736 -0.997 0.083 0. -445.419 0. 0. 1. 0.
0.081 0.997 0. -42.560 -0.997 0.081 0. -447.251 0. 0. 1. 0.
0.081 0.997 0. -42.408 -0.997 0.081 0. -449.121 0. 0. 1. 0.
0.080 0.997 0. -42.253 -0.997 0.080 0. -451.082 0. 0. 1. 0.
0.079 0.997 0. -42.102 -0.997 0.079 0. -453.064 0. 0. 1. 0.
0.080 0.997 0. -41.949 -0.997 0.080 0. -455.078 0. 0. 1. 0.
0.080 0.997 0. -41.795 -0.997 0.080 0. -457.138 0. 0. 1. 0.
0.081 0.997 0. -41.593 -0.997 0.081 0. -459.233 0. 0. 1. 0.
0.084 0.996 0. -41.431 -0.996 0.084 0. -461.356 0. 0. 1. 0.
0.083 0.997 0. -41.227 -0.997 0.083 0. -463.578 0. 0. 1. 0.
0.083 0.997 0. -41.041 -0.997 0.083 0. -465.784 0. 0. 1. 0.
0.083 0.997 0. -40.838 -0.997 0.083 0. -468.040 0. 0. 1. 0.
0.084 0.996 0. -40.658 -0.996 0.084 0. -470.334 0. 0. 1. 0.
0.084 0.997 0. -40.495 -0.997 0.084 0. -472.675 0. 0. 1. 0.
0.086 0.996 0. -40.248 -0.996 0.086 0. -475.045 0. 0. 1. 0.
0.086 0.996 0. -40.018 -0.996 0.086 0. -477.462 0. 0. 1. 0.
0.086 0.996 0. -39.835 -0.996 0.086 0. -479.894 0. 0. 1. 0.
0.088 0.996 0. -39.593 -0.996 0.088 0. -482.315 0. 0. 1. 0.
0.088 0.996 0. -39.420 -0.996 0.088 0. -484.728 0. 0. 1. 0.
0.089 0.996 0. -39.205 -0.996 0.089 0. -487.132 0. 0. 1. 0.
0.090 0.996 0. -39.008 -0.996 0.090 0. -489.521 0. 0. 1. 0.
0.089 0.996 0. -38.814 -0.996 0.089 0. -491.937 0. 0. 1. 0.
0.089 0.996 0. -38.581 -0.996 0.089 0. -494.325 0. 0. 1. 0.
0.087 0.996 0. -38.377 -0.996 0.087 0. -496.759 0. 0. 1. 0.
0.087 0.996 0. -38.143 -0.996 0.087 0. -499.177 0. 0. 1. 0.
0.087 0.996 0. -38.014 -0.996 0.087 0. -501.625 0. 0. 1. 0.
0.090 0.996 0. -37.713 -0.996 0.090 0. -504.089 0. 0. 1. 0.
0.087 0.996 0. -37.610 -0.996 0.087 0. -506.558 0. 0. 1. 0.
0.089 0.996 0. -37.362 -0.996 0.089 0. -509.033 0. 0. 1. 0.
0.091 0.996 0. -37.133 -0.996 0.091 0. -511.584 0. 0. 1. 0.
0.093 0.996 0. -36.915 -0.996 0.093 0. -514.105 0. 0. 1. 0.
0.096 0.995 0. -36.703 -0.995 0.096 0. -516.645 0. 0. 1. 0.
0.098 0.995 0. -36.387 -0.995 0.098 0. -519.200 0. 0. 1. 0.
0.101 0.995 0. -36.151 -0.995 0.101 0. -521.807 0. 0. 1. 0.
0.105 0.995 0. -35.829 -0.995 0.105 0. -524.379 0. 0. 1. 0.
0.108 0.994 0. -35.474 -0.994 0.108 0. -526.993 0. 0. 1. 0.
0.110 0.994 0. -35.289 -0.994 0.110 0. -529.616 0. 0. 1. 0.
0.111 0.994 0. -34.951 -0.994 0.111 0. -532.255 0. 0. 1. 0.
0.108 0.994 0. -34.680 -0.994 0.108 0. -534.790 0. 0. 1. 0.
0.108 0.994 0. -34.363 -0.994 0.108 0. -537.445 0. 0. 1. 0.
0.108 0.994 0. -34.135 -0.994 0.108 0. -539.994 0. 0. 1. 0.
0.106 0.994 0. -33.870 -0.994 0.106 0. -542.538 0. 0. 1. 0.
0.107 0.994 0. -33.633 -0.994 0.107 0. -545.069 0. 0. 1. 0.
0.107 0.994 0. -33.330 -0.994 0.107 0. -547.525 0. 0. 1. 0.
0.106 0.994 0. -33.102 -0.994 0.106 0. -549.941 0. 0. 1. 0.
0.106 0.994 0. -32.793 -0.994 0.106 0. -552.274 0. 0. 1. 0.
0.105 0.994 0. -32.569 -0.994 0.105 0. -554.606 0. 0. 1. 0.
0.103 0.995 0. -32.313 -0.995 0.103 0. -556.896 0. 0. 1. 0.
0.101 0.995 0. -32.092 -0.995 0.101 0. -559.176 0. 0. 1. 0.
0.096 0.995 0. -31.848 -0.995 0.096 0. -561.414 0. 0. 1. 0.
0.095 0.995 0. -31.588 -0.995 0.095 0. -563.625 0. 0. 1. 0.
0.093 0.996 0. -31.406 -0.996 0.093 0. -565.784 0. 0. 1. 0.
0.090 0.996 0. -31.214 -0.996 0.090 0. -567.932 0. 0. 1. 0.
0.093 0.996 0. -30.958 -0.996 0.093 0. -570.054 0. 0. 1. 0.
0.085 0.996 0. -30.759 -0.996 0.085 0. -572.141 0. 0. 1. 0.
0.081 0.997 0. -30.628 -0.997 0.081 0. -574.173 0. 0. 1. 0.
0.085 0.996 0. -30.371 -0.996 0.085 0. -576.167 0. 0. 1. 0.
0.081 0.997 0. -30.240 -0.997 0.081 0. -578.094 0. 0. 1. 0.
0.084 0.996 0. -29.950 -0.996 0.084 0. -579.965 0. 0. 1. 0.
0.066 0.998 0. -29.830 -0.998 0.066 0. -581.803 0. 0. 1. 0.
0.045 0.999 0. -29.744 -0.999 0.045 0. -583.537 0. 0. 1. 0.
0.007 1. 0. -29.783 -1. 0.007 0. -585.199 0. 0. 1. 0.
-0.044 0.999 0. -29.825 -0.999 -0.044 0. -586.714 0. 0. 1. 0.
-0.112 0.994 0. -30.047 -0.994 -0.112 0. -588.185 0. 0. 1. 0.
-0.183 0.983 0. -30.194 -0.983 -0.183 0. -589.628 0. 0. 1. 0.
-0.264 0.964 0. -30.686 -0.964 -0.264 0. -591.012 0. 0. 1. 0.
-0.357 0.934 0. -31.386 -0.934 -0.357 0. -592.239 0. 0. 1. 0.
-0.451 0.893 0. -32.194 -0.893 -0.451 0. -593.433 0. 0. 1. 0.
-0.541 0.841 0. -33.030 -0.841 -0.541 0. -594.650 0. 0. 1. 0.
-0.627 0.779 0. -33.990 -0.779 -0.627 0. -595.685 0. 0. 1. 0.
-0.706 0.708 0. -35.060 -0.708 -0.706 0. -596.716 0. 0. 1. 0.
-0.768 0.640 0. -36.310 -0.640 -0.768 0. -597.579 0. 0. 1. 0.
-0.817 0.577 0. -37.561 -0.577 -0.817 0. -598.504 0. 0. 1. 0.
-0.850 0.527 0. -38.859 -0.527 -0.850 0. -599.386 0. 0. 1. 0.
-0.872 0.489 0. -40.253 -0.489 -0.872 0. -600.150 0. 0. 1. 0.
-0.886 0.463 0. -41.757 -0.463 -0.886 0. -600.857 0. 0. 1. 0.
-0.898 0.439 0. -43.271 -0.439 -0.898 0. -601.563 0. 0. 1. 0.
-0.905 0.425 0. -44.813 -0.425 -0.905 0. -602.326 0. 0. 1. 0.
-0.909 0.416 0. -46.420 -0.416 -0.909 0. -603.041 0. 0. 1. 0.
-0.911 0.413 0. -48.043 -0.413 -0.911 0. -603.757 0. 0. 1. 0.
-0.913 0.409 0. -49.728 -0.409 -0.913 0. -604.476 0. 0. 1. 0.
-0.912 0.410 0. -51.423 -0.410 -0.912 0. -605.272 0. 0. 1. 0.
-0.912 0.411 0. -53.159 -0.411 -0.912 0. -605.992 0. 0. 1. 0.
-0.913 0.409 0. -54.869 -0.409 -0.913 0. -606.796 0. 0. 1. 0.
-0.912 0.409 0. -56.605 -0.409 -0.912 0. -607.531 0. 0. 1. 0.
-0.913 0.408 0. -58.350 -0.408 -0.913 0. -608.364 0. 0. 1. 0.
-0.913 0.408 0. -60.165 -0.408 -0.913 0. -609.151 0. 0. 1. 0.
-0.914 0.406 0. -61.938 -0.406 -0.914 0. -610.000 0. 0. 1. 0.
-0.914 0.405 0. -63.770 -0.405 -0.914 0. -610.834 0. 0. 1. 0.
-0.914 0.405 0. -65.613 -0.405 -0.914 0. -611.654 0. 0. 1. 0.
-0.915 0.403 0. -67.512 -0.403 -0.915 0. -612.525 0. 0. 1. 0.
-0.915 0.403 0. -69.417 -0.403 -0.915 0. -613.358 0. 0. 1. 0.
-0.916 0.402 0. -71.356 -0.402 -0.916 0. -614.214 0. 0. 1. 0.
-0.916 0.400 0. -73.350 -0.400 -0.916 0. -615.132 0. 0. 1. 0.
-0.916 0.402 0. -75.367 -0.402 -0.916 0. -615.964 0. 0. 1. 0.
-0.916 0.401 0. -77.427 -0.401 -0.916 0. -616.941 0. 0. 1. 0.
-0.916 0.402 0. -79.503 -0.402 -0.916 0. -617.878 0. 0. 1. 0.
-0.916 0.402 0. -81.661 -0.402 -0.916 0. -618.787 0. 0. 1. 0.
-0.915 0.403 0. -83.787 -0.403 -0.915 0. -619.776 0. 0. 1. 0.
-0.916 0.400 0. -85.990 -0.400 -0.916 0. -620.752 0. 0. 1. 0.
-0.914 0.405 0. -88.142 -0.405 -0.914 0. -621.830 0. 0. 1. 0.
-0.916 0.402 0. -90.460 -0.402 -0.916 0. -622.696 0. 0. 1. 0.
-0.914 0.406 0. -92.714 -0.406 -0.914 0. -623.781 0. 0. 1. 0.
-0.914 0.405 0. -95.058 -0.405 -0.914 0. -624.697 0. 0. 1. 0.
-0.914 0.406 0. -97.409 -0.406 -0.914 0. -625.750 0. 0. 1. 0.
-0.914 0.406 0. -99.864 -0.406 -0.914 0. -626.800 0. 0. 1. 0.
-0.913 0.407 0. -102.272 -0.407 -0.913 0. -627.864 0. 0. 1. 0.
-0.914 0.406 0. -104.693 -0.406 -0.914 0. -628.973 0. 0. 1. 0.
-0.914 0.407 0. -107.169 -0.407 -0.914 0. -630.121 0. 0. 1. 0.
-0.914 0.406 0. -109.680 -0.406 -0.914 0. -631.169 0. 0. 1. 0.
-0.914 0.405 0. -112.242 -0.405 -0.914 0. -632.361 0. 0. 1. 0.
-0.915 0.404 0. -114.806 -0.404 -0.915 0. -633.560 0. 0. 1. 0.
-0.915 0.402 0. -117.289 -0.402 -0.915 0. -634.555 0. 0. 1. 0.
-0.915 0.403 0. -119.802 -0.403 -0.915 0. -635.731 0. 0. 1. 0.
-0.916 0.400 0. -122.267 -0.400 -0.916 0. -636.780 0. 0. 1. 0.
-0.918 0.396 0. -124.739 -0.396 -0.918 0. -637.810 0. 0. 1. 0.
-0.921 0.391 0. -127.208 -0.391 -0.921 0. -638.815 0. 0. 1. 0.
-0.924 0.383 0. -129.620 -0.383 -0.924 0. -639.865 0. 0. 1. 0.
-0.929 0.371 0. -132.085 -0.371 -0.929 0. -640.781 0. 0. 1. 0.
-0.936 0.352 0. -134.457 -0.352 -0.936 0. -641.732 0. 0. 1. 0.
-0.945 0.328 0. -136.915 -0.328 -0.945 0. -642.557 0. 0. 1. 0.
-0.954 0.301 0. -139.334 -0.301 -0.954 0. -643.376 0. 0. 1. 0.
-0.963 0.270 0. -141.816 -0.270 -0.963 0. -644.085 0. 0. 1. 0.
