1. 0. 0. 0. 0. -1. -0. 0. 0. 0. -1. 0.
1. 0.005 0. 0.001 0.005 -1. -0. -0.000 0. 0. -1. 0.
1. 0.004 0. 0.007 0.004 -1. -0. 0.004 0. 0. -1. 0.
1. 0.002 0. -0.003 0.002 -1. -0. -0.013 0. 0. -1. 0.
1. 0.001 0. -0.007 0.001 -1. -0. -0.017 0. 0. -1. 0.
1. 0.004 0. -0.011 0.004 -1. -0. -0.037 0. 0. -1. 0.
1. 0.003 0. 0.021 0.003 -1. -0. 0.011 0. 0. -1. 0.
1. 0.001 0. -0.006 0.001 -1. -0. -0.075 0. 0. -1. 0.
1. 0.005 0. 0.006 0.005 -1. -0. -0.016 0. 0. -1. 0.
1. 0.007 0. -0.000 0.007 -1. -0. -0.012 0. 0. -1. 0.
1. -0.000 -0. 0.018 -0.000 -1. -0. -0.041 0. 0. -1. 0.
1. 0.008 0. 0.001 0.008 -1. -0. -0.031 0. 0. -1. 0.
1. 0.008 0. 0.001 0.008 -1. -0. -0.010 0. 0. -1. 0.
1. 0.009 0. 0.004 0.009 -1. -0. -0.014 0. 0. -1. 0.
1. -0.001 -0. 0.023 -0.001 -1. -0. -0.037 0. 0. -1. 0.
1. 0.005 0. 0.011 0.005 -1. -0. -0.029 0. 0. -1. 0.
1. 0.006 0. 0.018 0.006 -1. -0. 0.020 0. 0. -1. 0.
1. 0.002 0. 0.001 0.002 -1. -0. 0.003 0. 0. -1. 0.
1. 0.001 0. -0.015 0.001 -1. -0. -0.025 0. 0. -1. 0.
1. 0.003 0. 0.015 0.003 -1. -0. 0.014 0. 0. -1. 0.
1. 0.007 0. 0.030 0.007 -1. -0. -0.003 0. 0. -1. 0.
1. 0.001 0. 0.000 0.001 -1. -0. -0.029 0. 0. -1. 0.
1. 0.002 0. -0.014 0.002 -1. -0. -0.017 0. 0. -1. 0.
1. 0.003 0. -0.005 0.003 -1. -0. -0.022 0. 0. -1. 0.
1. 0.008 0. -0.001 0.008 -1. -0. -0.027 0. 0. -1. 0.
1. 0.005 0. 0.002 0.005 -1. -0. 0.004 0. 0. -1. 0.
1. 0.007 0. -0.016 0.007 -1. -0. -0.025 0. 0. -1. 0.
1. -0.002 -0. 0.020 -0.002 -1. -0. -0.034 0. 0. -1. 0.
1. 0.006 0. -0.001 0.006 -1. -0. -0.049 0. 0. -1. 0.
1. 0.007 0. 0.006 0.007 -1. -0. 0.012 0. 0. -1. 0.
1. 0.006 0. -0.012 0.006 -1. -0. -0.019 0. 0. -1. 0.
1. 0.007 0. 0.027 0.007 -1. -0. -0.019 0. 0. -1. 0.
1. -0.002 -0. 0.026 -0.002 -1. -0. -0.037 0. 0. -1. 0.
1. 0.007 0. -0.002 0.007 -1. -0. -0.039 0. 0. -1. 0.
1. 0.006 0. -0.007 0.006 -1. -0. 0.005 0. 0. -1. 0.
1. 0.006 0. -0.008 0.006 -1. -0. -0.021 0. 0. -1. 0.
1. 0.005 0. 0.034 0.005 -1. -0. 0.023 0. 0. -1. 0.
1. 0.003 0. -0.007 0.003 -1. -0. -0.027 0. 0. -1. 0.
1. 0.002 0. -0.010 0.002 -1. -0. -0.013 0. 0. -1. 0.
1. 0.001 0. -0.007 0.001 -1. -0. -0.030 0. 0. -1. 0.
1. 0.005 0. -0.015 0.005 -1. -0. -0.032 0. 0. -1. 0.
1. 0.005 0. 0.007 0.005 -1. -0. 0.003 0. 0. -1. 0.
1. 0.002 0. 0.001 0.002 -1. -0. -0.000 0. 0. -1. 0.
1. -0.002 -0. 0.012 -0.002 -1. -0. -0.031 0. 0. -1. 0.
1. -0.001 -0. 0.003 -0.001 -1. -0. -0.034 0. 0. -1. 0.
1. -0.001 -0. 0.018 -0.001 -1. -0. -0.026 0. 0. -1. 0.
1. -0.002 -0. 0.037 -0.002 -1. -0. -0.052 0. 0. -1. 0.
1. -0.003 -0. 0.075 -0.003 -1. -0. -0.014 0. 0. -1. 0.
1. 0.006 0. 0.144 0.006 -1. -0. -0.024 0. 0. -1. 0.
1. 0.004 0. 0.222 0.004 -1. -0. 0.029 0. 0. -1. 0.
1. -0.005 -0. 0.300 -0.005 -1. -0. -0.106 0. 0. -1. 0.
1.000 -0.015 -0. 0.472 -0.015 -1.000 -0. -0.098 0. 0. -1. 0.
1. 0.000 0. 0.701 0.000 -1. -0. -0.027 0. 0. -1. 0.
1. -0.006 -0. 1.051 -0.006 -1. -0. 0.017 0. 0. -1. 0.
1.000 -0.016 -0. 1.375 -0.016 -1.000 -0. -0.106 0. 0. -1. 0.
0.999 -0.034 -0. 1.887 -0.034 -0.999 -0. -0.088 0. 0. -1. 0.
0.999 -0.045 -0. 2.436 -0.045 -0.999 -0. -0.156 0. 0. -1. 0.
0.999 -0.051 -0. 3.104 -0.051 -0.999 -0. -0.112 0. 0. -1. 0.
0.997 -0.071 -0. 3.853 -0.071 -0.997 -0. -0.295 0. 0. -1. 0.
0.996 -0.084 -0. 4.552 -0.084 -0.996 -0. -0.366 0. 0. -1. 0.
0.996 -0.095 -0. 5.509 -0.095 -0.996 -0. -0.434 0. 0. -1. 0.
0.994 -0.105 -0. 6.440 -0.105 -0.994 -0. -0.527 0. 0. -1. 0.
0.994 -0.108 -0. 7.400 -0.108 -0.994 -0. -0.762 0. 0. -1. 0.
0.993 -0.116 -0. 8.440 -0.116 -0.993 -0. -0.785 0. 0. -1. 0.
0.992 -0.125 -0. 9.439 -0.125 -0.992 -0. -0.975 0. 0. -1. 0.
0.993 -0.122 -0. 10.533 -0.122 -0.993 -0. -1.145 0. 0. -1. 0.
0.992 -0.128 -0. 11.737 -0.128 -0.992 -0. -1.224 0. 0. -1. 0.
0.990 -0.140 -0. 12.742 -0.140 -0.990 -0. -1.436 0. 0. -1. 0.
0.990 -0.142 -0. 13.756 -0.142 -0.990 -0. -1.651 0. 0. -1. 0.
0.990 -0.141 -0. 14.794 -0.141 -0.990 -0. -1.770 0. 0. -1. 0.
0.991 -0.137 -0. 15.819 -0.137 -0.991 -0. -1.888 0. 0. -1. 0.
0.992 -0.128 -0. 16.610 -0.128 -0.992 -0. -2.156 0. 0. -1. 0.
0.993 -0.119 -0. 17.450 -0.119 -0.993 -0. -2.195 0. 0. -1. 0.
0.994 -0.110 -0. 18.277 -0.110 -0.994 -0. -2.340 0. 0. -1. 0.
0.995 -0.102 -0. 19.008 -0.102 -0.995 -0. -2.314 0. 0. -1. 0.
0.996 -0.085 -0. 19.748 -0.085 -0.996 -0. -2.506 0. 0. -1. 0.
0.998 -0.069 -0. 20.511 -0.069 -0.998 -0. -2.363 0. 0. -1. 0.
0.998 -0.061 -0. 21.176 -0.061 -0.998 -0. -2.421 0. 0. -1. 0.
0.999 -0.052 -0. 21.774 -0.052 -0.999 -0. -2.503 0. 0. -1. 0.
0.999 -0.041 -0. 22.423 -0.041 -0.999 -0. -2.598 0. 0. -1. 0.
0.999 -0.033 -0. 23.014 -0.033 -0.999 -0. -2.537 0. 0. -1. 0.
1.000 -0.031 -0. 23.653 -0.031 -1.000 -0. -2.615 0. 0. -1. 0.
1.000 -0.020 -0. 24.309 -0.020 -1.000 -0. -2.730 0. 0. -1. 0.
1. -0.003 -0. 25.051 -0.003 -1. -0. -2.602 0. 0. -1. 0.
1. 0.003 0. 25.775 0.003 -1. -0. -2.570 0. 0. -1. 0.
1. 0.005 0. 26.564 0.005 -1. -0. -2.638 0. 0. -1. 0.
1. 0.012 0. 27.418 0.012 -1. -0. -2.772 0. 0. -1. 0.
1.000 0.028 0. 28.355 0.028 -1.000 -0. -2.618 0. 0. -1. 0.
1.000 0.027 0. 29.403 0.027 -1.000 -0. -2.662 0. 0. -1. 0.
0.999 0.036 0. 30.408 0.036 -0.999 -0. -2.692 0. 0. -1. 0.
0.999 0.043 0. 31.546 0.043 -0.999 -0. -2.635 0. 0. -1. 0.
0.999 0.038 0. 32.857 0.038 -0.999 -0. -2.653 0. 0. -1. 0.
0.999 0.044 0. 34.082 0.044 -0.999 -0. -2.555 0. 0. -1. 0.
0.999 0.046 0. 35.373 0.046 -0.999 -0. -2.528 0. 0. -1. 0.
0.999 0.046 0. 36.818 0.046 -0.999 -0. -2.464 0. 0. -1. 0.
0.999 0.048 0. 38.230 0.048 -0.999 -0. -2.428 0. 0. -1. 0.
0.999 0.054 0. 39.629 0.054 -0.999 -0. -2.413 0. 0. -1. 0.
0.999 0.047 0. 41.042 0.047 -0.999 -0. -2.298 0. 0. -1. 0.
0.999 0.041 0. 42.489 0.041 -0.999 -0. -2.277 0. 0. -1. 0.
0.999 0.047 0. 44.007 0.047 -0.999 -0. -2.310 0. 0. -1. 0.
0.999 0.049 0. 45.317 0.049 -0.999 -0. -2.157 0. 0. -1. 0.
0.999 0.046 0. 46.719 0.046 -0.999 -0. -2.050 0. 0. -1. 0.
0.999 0.040 0. 48.158 0.040 -0.999 -0. -1.983 0. 0. -1. 0.
0.999 0.041 0. 49.684 0.041 -0.999 -0. -1.998 0. 0. -1. 0.
0.999 0.046 0. 51.120 0.046 -0.999 -0. -1.915 0. 0. -1. 0.
0.999 0.054 0. 52.699 0.054 -0.999 -0. -1.842 0. 0. -1. 0.
0.999 0.052 0. 54.325 0.052 -0.999 -0. -1.768 0. 0. -1. 0.
0.998 0.056 0. 55.917 0.056 -0.998 -0. -1.782 0. 0. -1. 0.
0.998 0.059 0. 57.626 0.059 -0.998 -0. -1.692 0. 0. -1. 0.
0.998 0.062 0. 59.364 0.062 -0.998 -0. -1.628 0. 0. -1. 0.
0.997 0.071 0. 61.071 0.071 -0.997 -0. -1.546 0. 0. -1. 0.
0.997 0.078 0. 62.852 0.078 -0.997 -0. -1.379 0. 0. -1. 0.
0.997 0.082 0. 64.710 0.082 -0.997 -0. -1.236 0. 0. -1. 0.
0.995 0.095 0. 66.568 0.095 -0.995 -0. -1.147 0. 0. -1. 0.
0.995 0.101 0. 68.434 0.101 -0.995 -0. -0.926 0. 0. -1. 0.
0.995 0.103 0. 70.410 0.103 -0.995 -0. -0.798 0. 0. -1. 0.
0.996 0.094 0. 72.338 0.094 -0.996 -0. -0.591 0. 0. -1. 0.
0.996 0.092 0. 74.338 0.092 -0.996 -0. -0.400 0. 0. -1. 0.
0.997 0.082 0. 76.339 0.082 -0.997 -0. -0.271 0. 0. -1. 0.
0.997 0.072 0. 78.352 0.072 -0.997 -0. -0.220 0. 0. -1. 0.
0.999 0.039 0. 80.339 0.039 -0.999 -0. -0.105 0. 0. -1. 0.
1. 0.004 0. 82.276 0.004 -1. -0. -0.058 0. 0. -1. 0.
1.000 -0.030 -0. 84.316 -0.030 -1.000 -0. -0.179 0. 0. -1. 0.
0.997 -0.077 -0. 86.267 -0.077 -0.997 -0. -0.293 0. 0. -1. 0.
0.993 -0.118 -0. 88.076 -0.118 -0.993 -0. -0.682 0. 0. -1. 0.
0.988 -0.158 -0. 90.050 -0.158 -0.988 -0. -0.903 0. 0. -1. 0.
0.976 -0.217 -0. 92.016 -0.217 -0.976 -0. -1.412 0. 0. -1. 0.
0.963 -0.269 -0. 93.877 -0.269 -0.963 -0. -1.841 0. 0. -1. 0.
0.940 -0.340 -0. 95.707 -0.340 -0.940 -0. -2.566 0. 0. -1. 0.
0.918 -0.396 -0. 97.590 -0.396 -0.918 -0. -3.319 0. 0. -1. 0.
0.893 -0.451 -0. 99.387 -0.451 -0.893 -0. -4.193 0. 0. -1. 0.
0.863 -0.506 -0. 101.038 -0.506 -0.863 -0. -5.307 0. 0. -1. 0.
0.827 -0.562 -0. 102.719 -0.562 -0.827 -0. -6.422 0. 0. -1. 0.
0.780 -0.626 -0. 104.571 -0.626 -0.780 -0. -7.618 0. 0. -1. 0.
0.726 -0.688 -0. 105.790 -0.688 -0.726 -0. -9.081 0. 0. -1. 0.
0.663 -0.749 -0. 107.219 -0.749 -0.663 -0. -10.491 0. 0. -1. 0.
0.606 -0.795 -0. 108.337 -0.795 -0.606 -0. -12.039 0. 0. -1. 0.
0.557 -0.830 -0. 109.263 -0.830 -0.557 -0. -13.759 0. 0. -1. 0.
0.502 -0.865 -0. 110.480 -0.865 -0.502 -0. -15.374 0. 0. -1. 0.
0.464 -0.886 -0. 111.111 -0.886 -0.464 -0. -17.322 0. 0. -1. 0.
0.429 -0.903 -0. 112.251 -0.903 -0.429 -0. -19.058 0. 0. -1. 0.
0.407 -0.913 -0. 112.834 -0.913 -0.407 -0. -21.045 0. 0. -1. 0.
0.389 -0.921 -0. 113.810 -0.921 -0.389 -0. -22.891 0. 0. -1. 0.
0.380 -0.925 -0. 114.563 -0.925 -0.380 -0. -24.858 0. 0. -1. 0.
0.387 -0.922 -0. 115.159 -0.922 -0.387 -0. -26.907 0. 0. -1. 0.
0.388 -0.922 -0. 116.064 -0.922 -0.388 -0. -28.934 0. 0. -1. 0.
0.395 -0.918 -0. 116.857 -0.918 -0.395 -0. -30.906 0. 0. -1. 0.
0.407 -0.914 -0. 117.780 -0.914 -0.407 -0. -32.907 0. 0. -1. 0.
0.426 -0.905 -0. 118.655 -0.905 -0.426 -0. -34.926 0. 0. -1. 0.
0.449 -0.893 -0. 119.592 -0.893 -0.449 -0. -36.960 0. 0. -1. 0.
0.472 -0.882 -0. 120.712 -0.882 -0.472 -0. -38.928 0. 0. -1. 0.
0.487 -0.874 -0. 121.815 -0.874 -0.487 -0. -40.908 0. 0. -1. 0.
0.502 -0.865 -0. 122.781 -0.865 -0.502 -0. -42.809 0. 0. -1. 0.
0.519 -0.855 -0. 123.889 -0.855 -0.519 -0. -44.721 0. 0. -1. 0.
0.538 -0.843 -0. 124.954 -0.843 -0.538 -0. -46.616 0. 0. -1. 0.
0.544 -0.839 -0. 126.118 -0.839 -0.544 -0. -48.462 0. 0. -1. 0.
0.547 -0.837 -0. 127.232 -0.837 -0.547 -0. -50.200 0. 0. -1. 0.
0.553 -0.833 -0. 128.421 -0.833 -0.553 -0. -51.979 0. 0. -1. 0.
0.548 -0.837 -0. 129.513 -0.837 -0.548 -0. -53.725 0. 0. -1. 0.
0.545 -0.838 -0. 130.672 -0.838 -0.545 -0. -55.261 0. 0. -1. 0.
0.553 -0.833 -0. 131.695 -0.833 -0.553 -0. -57.074 0. 0. -1. 0.
0.554 -0.832 -0. 132.802 -0.832 -0.554 -0. -58.800 0. 0. -1. 0.
0.557 -0.831 -0. 133.737 -0.831 -0.557 -0. -60.254 0. 0. -1. 0.
0.575 -0.818 -0. 134.775 -0.818 -0.575 -0. -61.785 0. 0. -1. 0.
0.605 -0.797 -0. 135.832 -0.797 -0.605 -0. -63.198 0. 0. -1. 0.
0.646 -0.763 -0. 136.980 -0.763 -0.646 -0. -64.583 0. 0. -1. 0.
0.698 -0.717 -0. 138.061 -0.717 -0.698 -0. -65.667 0. 0. -1. 0.
0.758 -0.652 -0. 139.254 -0.652 -0.758 -0. -66.696 0. 0. -1. 0.
0.825 -0.566 -0. 140.424 -0.566 -0.825 -0. -67.556 0. 0. -1. 0.
0.892 -0.451 -0. 141.661 -0.451 -0.892 -0. -68.222 0. 0. -1. 0.
0.948 -0.319 -0. 142.862 -0.319 -0.948 -0. -68.616 0. 0. -1. 0.
0.983 -0.184 -0. 143.966 -0.184 -0.983 -0. -68.848 0. 0. -1. 0.
0.999 -0.034 -0. 145.100 -0.034 -0.999 -0. -68.913 0. 0. -1. 0.
0.991 0.133 0. 146.193 0.133 -0.991 -0. -68.792 0. 0. -1. 0.
0.951 0.308 0. 147.196 0.308 -0.951 -0. -68.340 0. 0. -1. 0.
0.875 0.485 0. 148.057 0.485 -0.875 -0. -67.864 0. 0. -1. 0.
0.762 0.648 0. 148.801 0.648 -0.762 -0. -67.165 0. 0. -1. 0.
0.608 0.794 0. 149.339 0.794 -0.608 -0. -66.399 0. 0. -1. 0.
0.438 0.899 0. 149.684 0.899 -0.438 -0. -65.441 0. 0. -1. 0.
0.246 0.969 0. 149.887 0.969 -0.246 -0. -64.562 0. 0. -1. 0.
0.044 0.999 0. 149.865 0.999 -0.044 -0. -63.588 0. 0. -1. 0.
-0.158 0.987 0. 149.694 0.987 0.158 0. -62.698 0. 0. -1. 0.
-0.350 0.937 0. 149.318 0.937 0.350 0. -61.853 0. 0. -1. 0.
-0.530 0.848 0. 148.731 0.848 0.530 0. -61.100 0. 0. -1. 0.
-0.671 0.742 0. 147.977 0.742 0.671 0. -60.340 0. 0. -1. 0.
-0.779 0.627 0. 147.113 0.627 0.779 0. -59.689 0. 0. -1. 0.
-0.843 0.537 0. 146.165 0.537 0.843 0. -58.947 0. 0. -1. 0.
-0.891 0.454 0. 145.150 0.454 0.891 0. -58.651 0. 0. -1. 0.
-0.916 0.400 0. 143.992 0.400 0.916 0. -58.094 0. 0. -1. 0.
-0.929 0.371 0. 142.902 0.371 0.929 0. -57.620 0. 0. -1. 0.
-0.934 0.358 0. 141.707 0.358 0.934 0. -57.208 0. 0. -1. 0.
-0.935 0.356 0. 140.543 0.356 0.935 0. -56.740 0. 0. -1. 0.
-0.934 0.357 0. 139.326 0.357 0.934 0. -56.210 0. 0. -1. 0.
-0.925 0.381 0. 137.909 0.381 0.925 0. -55.774 0. 0. -1. 0.
-0.913 0.408 0. 136.698 0.408 0.913 0. -55.147 0. 0. -1. 0.
-0.894 0.448 0. 135.313 0.448 0.894 0. -54.359 0. 0. -1. 0.
-0.877 0.480 0. 134.075 0.480 0.877 0. -53.744 0. 0. -1. 0.
-0.852 0.523 0. 132.701 0.523 0.852 0. -52.860 0. 0. -1. 0.
-0.829 0.559 0. 131.408 0.559 0.829 0. -51.812 0. 0. -1. 0.
-0.802 0.597 0. 130.116 0.597 0.802 0. -50.894 0. 0. -1. 0.
-0.767 0.642 0. 128.762 0.642 0.767 0. -49.690 0. 0. -1. 0.
-0.731 0.682 0. 127.565 0.682 0.731 0. -48.497 0. 0. -1. 0.
-0.684 0.729 0. 126.282 0.729 0.684 0. -47.176 0. 0. -1. 0.
-0.629 0.777 0. 125.229 0.777 0.629 0. -45.741 0. 0. -1. 0.
-0.576 0.817 0. 124.205 0.817 0.576 0. -44.163 0. 0. -1. 0.
-0.532 0.847 0. 123.145 0.847 0.532 0. -42.601 0. 0. -1. 0.
-0.487 0.874 0. 122.187 0.874 0.487 0. -40.940 0. 0. -1. 0.
-0.462 0.887 0. 121.319 0.887 0.462 0. -39.158 0. 0. -1. 0.
-0.425 0.905 0. 120.537 0.905 0.425 0. -37.303 0. 0. -1. 0.
-0.403 0.915 0. 119.485 0.915 0.403 0. -35.494 0. 0. -1. 0.
-0.395 0.919 0. 118.862 0.919 0.395 0. -33.451 0. 0. -1. 0.
-0.382 0.924 0. 118.032 0.924 0.382 0. -31.460 0. 0. -1. 0.
-0.369 0.929 0. 117.253 0.929 0.369 0. -29.436 0. 0. -1. 0.
-0.358 0.934 0. 116.386 0.934 0.358 0. -27.325 0. 0. -1. 0.
-0.360 0.933 0. 115.825 0.933 0.360 0. -25.313 0. 0. -1. 0.
-0.369 0.930 0. 114.941 0.930 0.369 0. -23.276 0. 0. -1. 0.
-0.378 0.926 0. 114.370 0.926 0.378 0. -21.198 0. 0. -1. 0.
-0.408 0.913 0. 113.137 0.913 0.408 0. -19.332 0. 0. -1. 0.
-0.435 0.900 0. 112.575 0.900 0.435 0. -17.325 0. 0. -1. 0.
-0.480 0.878 0. 111.338 0.878 0.480 0. -15.482 0. 0. -1. 0.
-0.528 0.849 0. 110.425 0.849 0.528 0. -13.585 0. 0. -1. 0.
-0.580 0.815 0. 109.409 0.815 0.580 0. -11.842 0. 0. -1. 0.
-0.634 0.773 0. 108.204 0.773 0.634 0. -10.233 0. 0. -1. 0.
-0.688 0.726 0. 106.819 0.726 0.688 0. -8.622 0. 0. -1. 0.
-0.737 0.676 0. 105.354 0.676 0.737 0. -7.224 0. 0. -1. 0.
-0.786 0.618 0. 103.866 0.618 0.786 0. -5.991 0. 0. -1. 0.
-0.827 0.562 0. 102.294 0.562 0.827 0. -4.703 0. 0. -1. 0.
-0.868 0.496 0. 100.543 0.496 0.868 0. -3.695 0. 0. -1. 0.
-0.904 0.428 0. 98.671 0.428 0.904 0. -2.784 0. 0. -1. 0.
-0.932 0.361 0. 96.785 0.361 0.932 0. -2.213 0. 0. -1. 0.
-0.956 0.293 0. 94.964 0.293 0.956 0. -1.504 0. 0. -1. 0.
-0.973 0.232 0. 93.013 0.232 0.973 0. -0.942 0. 0. -1. 0.
-0.986 0.166 0. 91.130 0.166 0.986 0. -0.474 0. 0. -1. 0.
-0.994 0.111 0. 89.172 0.111 0.994 0. -0.414 0. 0. -1. 0.
-0.998 0.067 0. 87.119 0.067 0.998 0. -0.303 0. 0. -1. 0.
-0.999 0.045 0. 85.109 0.045 0.999 0. -0.197 0. 0. -1. 0.
-1.000 0.029 0. 83.116 0.029 1.000 0. -0.059 0. 0. -1. 0.
-1. 0.013 0. 81.032 0.013 1. 0. 0.037 0. 0. -1. 0.
-1. 0.007 0. 78.999 0.007 1. 0. -0.036 0. 0. -1. 0.
-1. -0.003 -0. 76.916 -0.003 1. 0. -0.107 0. 0. -1. 0.
-1. -0.012 -0. 74.841 -0.012 1. 0. -0.064 0. 0. -1. 0.
-1.000 -0.025 -0. 72.743 -0.025 1.000 0. -0.109 0. 0. -1. 0.
-0.999 -0.044 -0. 70.540 -0.044 0.999 0. -0.078 0. 0. -1. 0.
-0.998 -0.059 -0. 68.327 -0.059 0.998 0. -0.161 0. 0. -1. 0.
-0.998 -0.063 -0. 66.080 -0.063 0.998 0. -0.436 0. 0. -1. 0.
-0.997 -0.073 -0. 63.848 -0.073 0.997 0. -0.490 0. 0. -1. 0.
-0.998 -0.068 -0. 61.557 -0.068 0.998 0. -0.572 0. 0. -1. 0.
-0.998 -0.063 -0. 59.178 -0.063 0.998 0. -0.613 0. 0. -1. 0.
-0.998 -0.055 -0. 56.795 -0.055 0.998 0. -0.882 0. 0. -1. 0.
-0.999 -0.053 -0. 54.420 -0.053 0.999 0. -0.773 0. 0. -1. 0.
-0.999 -0.042 -0. 52.004 -0.042 0.999 0. -0.857 0. 0. -1. 0.
-0.999 -0.036 -0. 49.518 -0.036 0.999 0. -1.129 0. 0. -1. 0.
-1.000 -0.023 -0. 47.103 -0.023 1.000 0. -1.236 0. 0. -1. 0.
-1.000 -0.020 -0. 44.718 -0.020 1.000 0. -1.191 0. 0. -1. 0.
-1. -0.014 -0. 42.261 -0.014 1. 0. -1.167 0. 0. -1. 0.
-1. -0.013 -0. 39.832 -0.013 1. 0. -1.051 0. 0. -1. 0.
-1. -0.011 -0. 37.417 -0.011 1. 0. -1.131 0. 0. -1. 0.
-1. -0.007 -0. 34.942 -0.007 1. 0. -1.088 0. 0. -1. 0.
-1. -0.001 -0. 32.502 -0.001 1. 0. -1.138 0. 0. -1. 0.
-1. 0.009 0. 29.997 0.009 1. 0. -0.940 0. 0. -1. 0.
-1.000 0.015 0. 27.509 0.015 1.000 0. -0.884 0. 0. -1. 0.
-1.000 0.026 0. 24.976 0.026 1.000 0. -0.875 0. 0. -1. 0.
-1.000 0.031 0. 22.447 0.031 1.000 0. -0.817 0. 0. -1. 0.
-1.000 0.031 0. 19.802 0.031 1.000 0. -0.566 0. 0. -1. 0.
-0.999 0.037 0. 17.260 0.037 0.999 0. -0.411 0. 0. -1. 0.
-0.999 0.039 0. 14.669 0.039 0.999 0. -0.277 0. 0. -1. 0.
-0.999 0.048 0. 12.057 0.048 0.999 0. -0.106 0. 0. -1. 0.
-0.998 0.057 0. 9.484 0.057 0.998 0. -0.009 0. 0. -1. 0.
-0.998 0.055 0. 6.905 0.055 0.998 0. 0.160 0. 0. -1. 0.
-0.998 0.063 0. 4.336 0.063 0.998 0. 0.369 0. 0. -1. 0.
-0.998 0.068 0. 1.752 0.068 0.998 0. 0.556 0. 0. -1. 0.
-0.998 0.065 0. -0.919 0.065 0.998 0. 0.866 0. 0. -1. 0.
-0.998 0.064 0. -3.318 0.064 0.998 0. 0.928 0. 0. -1. 0.
-0.999 0.046 0. -5.949 0.046 0.999 0. 1.198 0. 0. -1. 0.
-0.999 0.038 0. -8.507 0.038 0.999 0. 1.343 0. 0. -1. 0.
-0.999 0.034 0. -11.035 0.034 0.999 0. 1.394 0. 0. -1. 0.
-0.999 0.044 0. -13.620 0.044 0.999 0. 1.565 0. 0. -1. 0.
-0.999 0.039 0. -16.192 0.039 0.999 0. 1.700 0. 0. -1. 0.
-0.999 0.045 0. -18.730 0.045 0.999 0. 1.796 0. 0. -1. 0.
-0.999 0.040 0. -21.388 0.040 0.999 0. 2.015 0. 0. -1. 0.
-0.999 0.035 0. -23.965 0.035 0.999 0. 2.101 0. 0. -1. 0.
-0.999 0.035 0. -26.599 0.035 0.999 0. 2.242 0. 0. -1. 0.
-1.000 0.028 0. -29.217 0.028 1.000 0. 2.326 0. 0. -1. 0.
-1.000 0.022 0. -31.667 0.022 1.000 0. 2.258 0. 0. -1. 0.
-1.000 0.017 0. -34.349 0.017 1.000 0. 2.349 0. 0. -1. 0.
-1. 0.011 0. -36.844 0.011 1. 0. 2.474 0. 0. -1. 0.
-1. 0.013 0. -39.349 0.013 1. 0. 2.561 0. 0. -1. 0.
-1. -0.001 -0. -41.838 -0.001 1. 0. 2.543 0. 0. -1. 0.
-1. -0.005 -0. -44.255 -0.005 1. 0. 2.540 0. 0. -1. 0.
-1.000 -0.022 -0. -46.632 -0.022 1.000 0. 2.682 0. 0. -1. 0.
-1.000 -0.020 -0. -48.911 -0.020 1.000 0. 2.600 0. 0. -1. 0.
-0.999 -0.036 -0. -51.101 -0.036 0.999 0. 2.583 0. 0. -1. 0.
-0.999 -0.033 -0. -53.125 -0.033 0.999 0. 2.501 0. 0. -1. 0.
-1.000 -0.030 -0. -55.091 -0.030 1.000 0. 2.501 0. 0. -1. 0.
-1.000 -0.031 -0. -56.947 -0.031 1.000 0. 2.341 0. 0. -1. 0.
-1.000 -0.015 -0. -58.634 -0.015 1.000 0. 2.480 0. 0. -1. 0.
-1. 0.011 0. -60.203 0.011 1. 0. 2.504 0. 0. -1. 0.
-0.999 0.048 0. -61.744 0.048 0.999 0. 2.570 0. 0. -1. 0.
-0.996 0.093 0. -63.071 0.093 0.996 0. 2.857 0. 0. -1. 0.
-0.988 0.154 0. -64.290 0.154 0.988 0. 2.904 0. 0. -1. 0.
-0.976 0.218 0. -65.478 0.218 0.976 0. 3.324 0. 0. -1. 0.
-0.956 0.293 0. -66.465 0.293 0.956 0. 3.587 0. 0. -1. 0.
-0.923 0.384 0. -67.507 0.384 0.923 0. 3.985 0. 0. -1. 0.
-0.874 0.485 0. -68.461 0.485 0.874 0. 4.543 0. 0. -1. 0.
-0.813 0.583 0. -69.198 0.583 0.813 0. 5.225 0. 0. -1. 0.
-0.730 0.684 0. -70.026 0.684 0.730 0. 5.915 0. 0. -1. 0.
-0.636 0.771 0. -70.650 0.771 0.636 0. 6.709 0. 0. -1. 0.
-0.539 0.842 0. -71.158 0.842 0.539 0. 7.562 0. 0. -1. 0.
-0.438 0.899 0. -71.649 0.899 0.438 0. 8.475 0. 0. -1. 0.
-0.351 0.937 0. -71.757 0.937 0.351 0. 9.657 0. 0. -1. 0.
-0.263 0.965 0. -72.266 0.965 0.263 0. 10.712 0. 0. -1. 0.
-0.202 0.979 0. -72.434 0.979 0.202 0. 11.942 0. 0. -1. 0.
-0.142 0.990 0. -72.549 0.990 0.142 0. 13.233 0. 0. -1. 0.
-0.112 0.994 0. -72.782 0.994 0.112 0. 14.498 0. 0. -1. 0.
-0.089 0.996 0. -72.684 0.996 0.089 0. 15.934 0. 0. -1. 0.
-0.076 0.997 0. -72.920 0.997 0.076 0. 17.463 0. 0. -1. 0.
-0.066 0.998 0. -72.943 0.998 0.066 0. 18.979 0. 0. -1. 0.
-0.063 0.998 0. -73.023 0.998 0.063 0. 20.593 0. 0. -1. 0.
-0.048 0.999 0. -72.995 0.999 0.048 0. 22.321 0. 0. -1. 0.
-0.042 0.999 0. -73.176 0.999 0.042 0. 24.101 0. 0. -1. 0.
-0.024 1.000 0. -73.065 1.000 0.024 0. 25.871 0. 0. -1. 0.
-0.009 1. 0. -73.170 1. 0.009 0. 27.697 0. 0. -1. 0.
0.010 1. 0. -73.150 1. -0.010 -0. 29.523 0. 0. -1. 0.
0.031 1.000 0. -73.021 1.000 -0.031 -0. 31.389 0. 0. -1. 0.
0.055 0.999 0. -72.883 0.999 -0.055 -0. 33.298 0. 0. -1. 0.
0.086 0.996 0. -72.668 0.996 -0.086 -0. 35.241 0. 0. -1. 0.
0.118 0.993 0. -72.573 0.993 -0.118 -0. 37.161 0. 0. -1. 0.
0.139 0.990 0. -72.013 0.990 -0.139 -0. 39.116 0. 0. -1. 0.
0.163 0.987 0. -71.734 0.987 -0.163 -0. 41.178 0. 0. -1. 0.
0.162 0.987 0. -71.406 0.987 -0.162 -0. 43.073 0. 0. -1. 0.
0.153 0.988 0. -70.990 0.988 -0.153 -0. 45.217 0. 0. -1. 0.
0.132 0.991 0. -70.580 0.991 -0.132 -0. 47.342 0. 0. -1. 0.
0.113 0.994 0. -70.390 0.994 -0.113 -0. 49.278 0. 0. -1. 0.
0.085 0.996 0. -70.184 0.996 -0.085 -0. 51.364 0. 0. -1. 0.
0.064 0.998 0. -69.979 0.998 -0.064 -0. 53.480 0. 0. -1. 0.
0.038 0.999 0. -69.910 0.999 -0.038 -0. 55.617 0. 0. -1. 0.
0.028 1.000 0. -69.608 1.000 -0.028 -0. 57.736 0. 0. -1. 0.
0.007 1. 0. -69.637 1. -0.007 -0. 59.809 0. 0. -1. 0.
-0.007 1. 0. -69.589 1. 0.007 0. 61.915 0. 0. -1. 0.
-0.019 1.000 0. -69.748 1.000 0.019 0. 64.047 0. 0. -1. 0.
-0.028 1.000 0. -69.697 1.000 0.028 0. 66.151 0. 0. -1. 0.
-0.022 1.000 0. -69.638 1.000 0.022 0. 68.124 0. 0. -1. 0.
-0.025 1.000 0. -69.703 1.000 0.025 0. 70.227 0. 0. -1. 0.
-0.025 1.000 0. -69.750 1.000 0.025 0. 72.288 0. 0. -1. 0.
-0.026 1.000 0. -69.778 1.000 0.026 0. 74.242 0. 0. -1. 0.
-0.021 1.000 0. -69.791 1.000 0.021 0. 76.272 0. 0. -1. 0.
-0.050 0.999 0. -69.723 0.999 0.050 0. 78.195 0. 0. -1. 0.
-0.086 0.996 0. -69.987 0.996 0.086 0. 80.047 0. 0. -1. 0.
-0.133 0.991 0. -70.015 0.991 0.133 0. 81.973 0. 0. -1. 0.
-0.192 0.981 0. -70.294 0.981 0.192 0. 83.796 0. 0. -1. 0.
-0.261 0.965 0. -70.854 0.965 0.261 0. 85.578 0. 0. -1. 0.
-0.340 0.940 0. -71.276 0.940 0.340 0. 87.247 0. 0. -1. 0.
-0.425 0.905 0. -71.984 0.905 0.425 0. 88.788 0. 0. -1. 0.
-0.503 0.864 0. -72.708 0.864 0.503 0. 90.475 0. 0. -1. 0.
-0.596 0.803 0. -73.680 0.803 0.596 0. 91.779 0. 0. -1. 0.
-0.676 0.737 0. -74.779 0.737 0.676 0. 93.121 0. 0. -1. 0.
-0.757 0.654 0. -76.086 0.654 0.757 0. 94.301 0. 0. -1. 0.
-0.820 0.572 0. -77.498 0.572 0.820 0. 95.146 0. 0. -1. 0.
-0.877 0.481 0. -78.913 0.481 0.877 0. 95.999 0. 0. -1. 0.
-0.921 0.389 0. -80.315 0.389 0.921 0. 96.660 0. 0. -1. 0.
-0.954 0.300 0. -81.818 0.300 0.954 0. 97.148 0. 0. -1. 0.
-0.976 0.219 0. -83.373 0.219 0.976 0. 97.447 0. 0. -1. 0.
-0.984 0.180 0. -85.147 0.180 0.984 0. 97.608 0. 0. -1. 0.
-0.987 0.162 0. -86.647 0.162 0.987 0. 98.041 0. 0. -1. 0.
-0.988 0.157 0. -88.059 0.157 0.988 0. 98.468 0. 0. -1. 0.
-0.986 0.167 0. -89.726 0.167 0.986 0. 98.614 0. 0. -1. 0.
-0.980 0.197 0. -91.423 0.197 0.980 0. 98.982 0. 0. -1. 0.
-0.972 0.237 0. -92.867 0.237 0.972 0. 99.294 0. 0. -1. 0.
-0.957 0.289 0. -94.356 0.289 0.957 0. 99.938 0. 0. -1. 0.
-0.936 0.353 0. -96.061 0.353 0.936 0. 100.493 0. 0. -1. 0.
-0.909 0.416 0. -97.542 0.416 0.909 0. 101.384 0. 0. -1. 0.
-0.877 0.481 0. -99.111 0.481 0.877 0. 102.119 0. 0. -1. 0.
-0.840 0.542 0. -100.526 0.542 0.840 0. 103.177 0. 0. -1. 0.
-0.810 0.586 0. -102.014 0.586 0.810 0. 104.274 0. 0. -1. 0.
-0.787 0.617 0. -103.421 0.617 0.787 0. 105.433 0. 0. -1. 0.
-0.768 0.641 0. -104.888 0.641 0.768 0. 106.649 0. 0. -1. 0.
-0.753 0.658 0. -106.304 0.658 0.753 0. 107.896 0. 0. -1. 0.
-0.740 0.672 0. -107.876 0.672 0.740 0. 109.152 0. 0. -1. 0.
-0.731 0.683 0. -109.360 0.683 0.731 0. 110.548 0. 0. -1. 0.
-0.728 0.686 0. -110.795 0.686 0.728 0. 112.012 0. 0. -1. 0.
-0.724 0.689 0. -112.327 0.689 0.724 0. 113.445 0. 0. -1. 0.
-0.723 0.691 0. -113.882 0.691 0.723 0. 114.891 0. 0. -1. 0.
-0.723 0.691 0. -115.514 0.691 0.723 0. 116.385 0. 0. -1. 0.
-0.723 0.691 0. -117.036 0.691 0.723 0. 117.978 0. 0. -1. 0.
-0.726 0.687 0. -118.606 0.687 0.726 0. 119.538 0. 0. -1. 0.
-0.728 0.686 0. -120.247 0.686 0.728 0. 121.224 0. 0. -1. 0.
-0.726 0.688 0. -121.895 0.688 0.726 0. 122.650 0. 0. -1. 0.
-0.726 0.688 0. -123.600 0.688 0.726 0. 124.392 0. 0. -1. 0.
-0.722 0.692 0. -125.275 0.692 0.722 0. 126.052 0. 0. -1. 0.
-0.720 0.694 0. -126.970 0.694 0.720 0. 127.708 0. 0. -1. 0.
-0.721 0.693 0. -128.727 0.693 0.721 0. 129.493 0. 0. -1. 0.
-0.725 0.689 0. -130.330 0.689 0.725 0. 131.238 0. 0. -1. 0.
-0.723 0.691 0. -132.067 0.691 0.723 0. 133.090 0. 0. -1. 0.
-0.720 0.694 0. -133.930 0.694 0.720 0. 134.699 0. 0. -1. 0.
-0.723 0.690 0. -135.714 0.690 0.723 0. 136.492 0. 0. -1. 0.
-0.726 0.688 0. -137.473 0.688 0.726 0. 138.278 0. 0. -1. 0.
-0.723 0.691 0. -139.286 0.691 0.723 0. 139.985 0. 0. -1. 0.
-0.719 0.695 0. -141.086 0.695 0.719 0. 141.795 0. 0. -1. 0.
-0.716 0.698 0. -142.863 0.698 0.716 0. 143.624 0. 0. -1. 0.
-0.709 0.705 0. -144.622 0.705 0.709 0. 145.427 0. 0. -1. 0.
-0.693 0.721 0. -146.285 0.721 0.693 0. 147.326 0. 0. -1. 0.
-0.677 0.736 0. -148.036 0.736 0.677 0. 149.177 0. 0. -1. 0.
-0.660 0.751 0. -149.639 0.751 0.660 0. 151.075 0. 0. -1. 0.
-0.640 0.768 0. -151.207 0.768 0.640 0. 153.090 0. 0. -1. 0.
-0.616 0.788 0. -152.766 0.788 0.616 0. 155.089 0. 0. -1. 0.
-0.593 0.805 0. -154.252 0.805 0.593 0. 157.204 0. 0. -1. 0.
-0.572 0.820 0. -155.643 0.820 0.572 0. 159.372 0. 0. -1. 0.
-0.544 0.839 0. -157.074 0.839 0.544 0. 161.588 0. 0. -1. 0.
-0.502 0.865 0. -158.420 0.865 0.502 0. 163.789 0. 0. -1. 0.
-0.461 0.887 0. -159.696 0.887 0.461 0. 166.165 0. 0. -1. 0.
-0.420 0.907 0. -160.662 0.907 0.420 0. 168.631 0. 0. -1. 0.
-0.377 0.926 0. -161.733 0.926 0.377 0. 171.061 0. 0. -1. 0.
-0.333 0.943 0. -162.387 0.943 0.333 0. 173.647 0. 0. -1. 0.
-0.284 0.959 0. -163.412 0.959 0.284 0. 176.124 0. 0. -1. 0.
-0.240 0.971 0. -164.000 0.971 0.240 0. 178.675 0. 0. -1. 0.
-0.203 0.979 0. -164.437 0.979 0.203 0. 181.315 0. 0. -1. 0.
-0.170 0.985 0. -164.996 0.985 0.170 0. 183.926 0. 0. -1. 0.
-0.157 0.988 0. -165.256 0.988 0.157 0. 186.568 0. 0. -1. 0.
-0.139 0.990 0. -165.539 0.990 0.139 0. 189.243 0. 0. -1. 0.
-0.133 0.991 0. -165.702 0.991 0.133 0. 191.899 0. 0. -1. 0.
-0.127 0.992 0. -165.860 0.992 0.127 0. 194.538 0. 0. -1. 0.
-0.127 0.992 0. -166.421 0.992 0.127 0. 197.107 0. 0. -1. 0.
-0.136 0.991 0. -166.435 0.991 0.136 0. 199.745 0. 0. -1. 0.
-0.146 0.989 0. -166.768 0.989 0.146 0. 202.378 0. 0. -1. 0.
-0.154 0.988 0. -167.127 0.988 0.154 0. 204.931 0. 0. -1. 0.
-0.170 0.985 0. -167.401 0.985 0.170 0. 207.508 0. 0. -1. 0.
-0.186 0.982 0. -168.158 0.982 0.186 0. 209.923 0. 0. -1. 0.
-0.218 0.976 0. -168.645 0.976 0.218 0. 212.392 0. 0. -1. 0.
-0.257 0.966 0. -169.216 0.966 0.257 0. 214.809 0. 0. -1. 0.
-0.304 0.953 0. -169.932 0.953 0.304 0. 217.155 0. 0. -1. 0.
-0.366 0.931 0. -170.530 0.931 0.366 0. 219.424 0. 0. -1. 0.
-0.436 0.900 0. -171.623 0.900 0.436 0. 221.458 0. 0. -1. 0.
-0.506 0.863 0. -172.799 0.863 0.506 0. 223.420 0. 0. -1. 0.
-0.577 0.817 0. -173.890 0.817 0.577 0. 225.379 0. 0. -1. 0.
-0.645 0.764 0. -175.379 0.764 0.645 0. 227.028 0. 0. -1. 0.
-0.703 0.711 0. -176.933 0.711 0.703 0. 228.615 0. 0. -1. 0.
-0.757 0.654 0. -178.595 0.654 0.757 0. 230.110 0. 0. -1. 0.
-0.808 0.590 0. -180.346 0.590 0.808 0. 231.446 0. 0. -1. 0.
-0.852 0.524 0. -182.263 0.524 0.852 0. 232.632 0. 0. -1. 0.
-0.889 0.458 0. -184.202 0.458 0.889 0. 233.718 0. 0. -1. 0.
-0.918 0.397 0. -186.287 0.397 0.918 0. 234.590 0. 0. -1. 0.
-0.939 0.343 0. -188.456 0.343 0.939 0. 235.499 0. 0. -1. 0.
-0.953 0.304 0. -190.703 0.304 0.953 0. 236.343 0. 0. -1. 0.
-0.959 0.283 0. -192.959 0.283 0.959 0. 237.022 0. 0. -1. 0.
-0.965 0.264 0. -195.282 0.264 0.965 0. 237.721 0. 0. -1. 0.
-0.968 0.253 0. -197.634 0.253 0.968 0. 238.408 0. 0. -1. 0.
-0.969 0.248 0. -200.090 0.248 0.969 0. 239.019 0. 0. -1. 0.
-0.969 0.246 0. -202.600 0.246 0.969 0. 239.661 0. 0. -1. 0.
-0.969 0.247 0. -205.056 0.247 0.969 0. 240.402 0. 0. -1. 0.
-0.969 0.248 0. -207.482 0.248 0.969 0. 241.036 0. 0. -1. 0.
-0.965 0.261 0. -209.969 0.261 0.965 0. 241.697 0. 0. -1. 0.
-0.963 0.270 0. -212.419 0.270 0.963 0. 242.447 0. 0. -1. 0.
-0.963 0.270 0. -214.922 0.270 0.963 0. 243.164 0. 0. -1. 0.
-0.963 0.270 0. -217.435 0.270 0.963 0. 243.806 0. 0. -1. 0.
-0.965 0.263 0. -219.822 0.263 0.965 0. 244.554 0. 0. -1. 0.
-0.965 0.263 0. -222.327 0.263 0.965 0. 245.160 0. 0. -1. 0.
-0.963 0.270 0. -224.639 0.270 0.963 0. 245.859 0. 0. -1. 0.
-0.963 0.271 0. -226.956 0.271 0.963 0. 246.631 0. 0. -1. 0.
-0.963 0.269 0. -229.338 0.269 0.963 0. 247.251 0. 0. -1. 0.
-0.962 0.274 0. -231.593 0.274 0.962 0. 247.967 0. 0. -1. 0.
-0.958 0.286 0. -233.765 0.286 0.958 0. 248.728 0. 0. -1. 0.
-0.955 0.298 0. -235.891 0.298 0.955 0. 249.391 0. 0. -1. 0.
-0.950 0.313 0. -237.822 0.313 0.950 0. 249.998 0. 0. -1. 0.
-0.945 0.326 0. -239.861 0.326 0.945 0. 250.745 0. 0. -1. 0.
-0.933 0.359 0. -241.661 0.359 0.933 0. 251.448 0. 0. -1. 0.
-0.923 0.384 0. -243.200 0.384 0.923 0. 252.126 0. 0. -1. 0.
-0.914 0.406 0. -244.747 0.406 0.914 0. 252.850 0. 0. -1. 0.
-0.910 0.414 0. -246.237 0.414 0.910 0. 253.502 0. 0. -1. 0.
-0.909 0.416 0. -247.622 0.416 0.909 0. 254.185 0. 0. -1. 0.
-0.904 0.428 0. -248.892 0.428 0.904 0. 254.830 0. 0. -1. 0.
-0.900 0.436 0. -249.969 0.436 0.900 0. 255.395 0. 0. -1. 0.
-0.896 0.444 0. -250.962 0.444 0.896 0. 255.918 0. 0. -1. 0.
-0.895 0.446 0. -251.947 0.446 0.895 0. 256.426 0. 0. -1. 0.
-0.892 0.451 0. -252.784 0.451 0.892 0. 256.913 0. 0. -1. 0.
-0.893 0.451 0. -253.383 0.451 0.893 0. 257.278 0. 0. -1. 0.
-0.894 0.448 0. -254.025 0.448 0.894 0. 257.648 0. 0. -1. 0.
-0.891 0.455 0. -254.531 0.455 0.891 0. 257.872 0. 0. -1. 0.
-0.895 0.446 0. -254.872 0.446 0.895 0. 258.112 0. 0. -1. 0.
-0.896 0.445 0. -255.381 0.445 0.896 0. 258.263 0. 0. -1. 0.
-0.893 0.451 0. -255.692 0.451 0.893 0. 258.390 0. 0. -1. 0.
-0.892 0.453 0. -255.833 0.453 0.892 0. 258.468 0. 0. -1. 0.
-0.893 0.450 0. -256.046 0.450 0.893 0. 258.571 0. 0. -1. 0.
-0.892 0.452 0. -256.107 0.452 0.892 0. 258.656 0. 0. -1. 0.
-0.891 0.454 0. -256.174 0.454 0.891 0. 258.683 0. 0. -1. 0.
-0.889 0.457 0. -256.114 0.457 0.889 0. 258.668 0. 0. -1. 0.
-0.889 0.459 0. -256.137 0.459 0.889 0. 258.671 0. 0. -1. 0.
-0.888 0.459 0. -256.097 0.459 0.888 0. 258.651 0. 0. -1. 0.
-0.892 0.452 0. -256.097 0.452 0.892 0. 258.734 0. 0. -1. 0.
-0.892 0.451 0. -256.158 0.451 0.892 0. 258.665 0. 0. -1. 0.
-0.891 0.455 0. -256.167 0.455 0.891 0. 258.660 0. 0. -1. 0.
-0.890 0.457 0. -256.091 0.457 0.890 0. 258.696 0. 0. -1. 0.
-0.891 0.454 0. -256.102 0.454 0.891 0. 258.734 0. 0. -1. 0.
-0.890 0.456 0. -256.136 0.456 0.890 0. 258.666 0. 0. -1. 0.
-0.889 0.458 0. -256.091 0.458 0.889 0. 258.647 0. 0. -1. 0.
-0.888 0.459 0. -256.114 0.459 0.888 0. 258.649 0. 0. -1. 0.
-0.889 0.458 0. -256.124 0.458 0.889 0. 258.648 0. 0. -1. 0.
-0.891 0.454 0. -256.140 0.454 0.891 0. 258.663 0. 0. -1. 0.
-0.890 0.457 0. -256.159 0.457 0.890 0. 258.696 0. 0. -1. 0.
-0.889 0.457 0. -256.084 0.457 0.889 0. 258.883 0. 0. -1. 0.
-0.892 0.452 0. -256.110 0.452 0.892 0. 258.708 0. 0. -1. 0.
-0.893 0.450 0. -256.178 0.450 0.893 0. 258.636 0. 0. -1. 0.
-0.893 0.451 0. -256.142 0.451 0.893 0. 258.664 0. 0. -1. 0.
-0.891 0.454 0. -256.121 0.454 0.891 0. 258.631 0. 0. -1. 0.
-0.891 0.454 0. -256.121 0.454 0.891 0. 258.668 0. 0. -1. 0.
-0.889 0.458 0. -256.142 0.458 0.889 0. 258.654 0. 0. -1. 0.
-0.890 0.456 0. -256.074 0.456 0.890 0. 258.651 0. 0. -1. 0.
-0.892 0.452 0. -256.161 0.452 0.892 0. 258.698 0. 0. -1. 0.
-0.892 0.451 0. -256.148 0.451 0.892 0. 258.728 0. 0. -1. 0.
-0.889 0.457 0. -256.110 0.457 0.889 0. 258.623 0. 0. -1. 0.
-0.890 0.455 0. -256.114 0.455 0.890 0. 258.786 0. 0. -1. 0.
-0.890 0.457 0. -256.116 0.457 0.890 0. 258.734 0. 0. -1. 0.
-0.889 0.458 0. -256.100 0.458 0.889 0. 258.651 0. 0. -1. 0.
-0.888 0.459 0. -256.112 0.459 0.888 0. 258.657 0. 0. -1. 0.
-0.889 0.458 0. -256.121 0.458 0.889 0. 258.673 0. 0. -1. 0.
-0.889 0.457 0. -256.123 0.457 0.889 0. 258.668 0. 0. -1. 0.
-0.889 0.457 0. -256.123 0.457 0.889 0. 258.642 0. 0. -1. 0.
-0.892 0.453 0. -256.083 0.453 0.892 0. 258.710 0. 0. -1. 0.
-0.892 0.452 0. -256.149 0.452 0.892 0. 258.674 0. 0. -1. 0.
-0.891 0.454 0. -256.136 0.454 0.891 0. 258.665 0. 0. -1. 0.
-0.888 0.459 0. -256.115 0.459 0.888 0. 258.659 0. 0. -1. 0.
-0.888 0.460 0. -256.103 0.460 0.888 0. 258.670 0. 0. -1. 0.
-0.889 0.457 0. -256.127 0.457 0.889 0. 258.640 0. 0. -1. 0.
-0.890 0.456 0. -256.160 0.456 0.890 0. 258.690 0. 0. -1. 0.
-0.889 0.457 0. -256.105 0.457 0.889 0. 258.736 0. 0. -1. 0.
-0.889 0.459 0. -256.106 0.459 0.889 0. 258.651 0. 0. -1. 0.
-0.889 0.459 0. -256.094 0.459 0.889 0. 258.650 0. 0. -1. 0.
-0.889 0.457 0. -256.125 0.457 0.889 0. 258.710 0. 0. -1. 0.
-0.890 0.455 0. -256.128 0.455 0.890 0. 258.819 0. 0. -1. 0.
-0.891 0.454 0. -256.120 0.454 0.891 0. 258.843 0. 0. -1. 0.
-0.892 0.452 0. -256.140 0.452 0.892 0. 258.690 0. 0. -1. 0.
-0.892 0.452 0. -256.181 0.452 0.892 0. 258.685 0. 0. -1. 0.
-0.891 0.454 0. -256.144 0.454 0.891 0. 258.874 0. 0. -1. 0.
-0.890 0.456 0. -256.193 0.456 0.890 0. 258.697 0. 0. -1. 0.
-0.892 0.452 0. -256.196 0.452 0.892 0. 258.646 0. 0. -1. 0.
-0.892 0.453 0. -256.222 0.453 0.892 0. 258.656 0. 0. -1. 0.
-0.891 0.454 0. -256.212 0.454 0.891 0. 258.681 0. 0. -1. 0.
-0.891 0.455 0. -256.216 0.455 0.891 0. 258.691 0. 0. -1. 0.
-0.891 0.453 0. -256.190 0.453 0.891 0. 258.662 0. 0. -1. 0.
-0.892 0.453 0. -256.215 0.453 0.892 0. 258.669 0. 0. -1. 0.
-0.892 0.453 0. -256.186 0.453 0.892 0. 258.692 0. 0. -1. 0.
-0.890 0.455 0. -256.210 0.455 0.890 0. 258.723 0. 0. -1. 0.
-0.889 0.457 0. -256.208 0.457 0.889 0. 258.697 0. 0. -1. 0.
-0.891 0.455 0. -256.212 0.455 0.891 0. 258.685 0. 0. -1. 0.
-0.891 0.454 0. -256.278 0.454 0.891 0. 258.693 0. 0. -1. 0.
-0.890 0.456 0. -256.219 0.456 0.890 0. 258.717 0. 0. -1. 0.
-0.894 0.449 0. -256.206 0.449 0.894 0. 258.707 0. 0. -1. 0.
-0.894 0.448 0. -256.268 0.448 0.894 0. 258.693 0. 0. -1. 0.
-0.892 0.451 0. -256.265 0.451 0.892 0. 258.686 0. 0. -1. 0.
-0.891 0.453 0. -256.221 0.453 0.891 0. 258.674 0. 0. -1. 0.
-0.890 0.455 0. -256.243 0.455 0.890 0. 258.685 0. 0. -1. 0.
-0.892 0.452 0. -256.247 0.452 0.892 0. 258.808 0. 0. -1. 0.
-0.892 0.453 0. -256.271 0.453 0.892 0. 258.744 0. 0. -1. 0.
-0.891 0.453 0. -256.245 0.453 0.891 0. 258.709 0. 0. -1. 0.
-0.893 0.451 0. -256.205 0.451 0.893 0. 258.664 0. 0. -1. 0.
-0.892 0.451 0. -256.308 0.451 0.892 0. 258.790 0. 0. -1. 0.
-0.892 0.453 0. -256.214 0.453 0.892 0. 258.666 0. 0. -1. 0.
-0.891 0.453 0. -256.232 0.453 0.891 0. 258.671 0. 0. -1. 0.
-0.891 0.454 0. -256.237 0.454 0.891 0. 258.678 0. 0. -1. 0.
-0.892 0.452 0. -256.216 0.452 0.892 0. 258.811 0. 0. -1. 0.
-0.891 0.454 0. -256.229 0.454 0.891 0. 258.651 0. 0. -1. 0.
-0.892 0.453 0. -256.214 0.453 0.892 0. 258.662 0. 0. -1. 0.
-0.891 0.454 0. -256.268 0.454 0.891 0. 258.684 0. 0. -1. 0.
-0.891 0.454 0. -256.231 0.454 0.891 0. 258.762 0. 0. -1. 0.
-0.893 0.450 0. -256.155 0.450 0.893 0. 258.730 0. 0. -1. 0.
-0.893 0.450 0. -256.273 0.450 0.893 0. 258.692 0. 0. -1. 0.
-0.891 0.454 0. -256.244 0.454 0.891 0. 258.675 0. 0. -1. 0.
-0.890 0.456 0. -256.200 0.456 0.890 0. 258.660 0. 0. -1. 0.
-0.890 0.456 0. -256.234 0.456 0.890 0. 258.671 0. 0. -1. 0.
-0.893 0.449 0. -256.183 0.449 0.893 0. 258.722 0. 0. -1. 0.
-0.894 0.447 0. -256.262 0.447 0.894 0. 258.704 0. 0. -1. 0.
-0.893 0.450 0. -256.267 0.450 0.893 0. 258.695 0. 0. -1. 0.
-0.892 0.452 0. -256.208 0.452 0.892 0. 258.645 0. 0. -1. 0.
-0.893 0.451 0. -256.224 0.451 0.893 0. 258.673 0. 0. -1. 0.
-0.892 0.453 0. -256.284 0.453 0.892 0. 258.713 0. 0. -1. 0.
-0.892 0.452 0. -256.195 0.452 0.892 0. 258.807 0. 0. -1. 0.
-0.890 0.455 0. -256.219 0.455 0.890 0. 258.695 0. 0. -1. 0.
-0.891 0.454 0. -256.193 0.454 0.891 0. 258.667 0. 0. -1. 0.
-0.892 0.452 0. -256.239 0.452 0.892 0. 258.609 0. 0. -1. 0.
-0.892 0.452 0. -256.290 0.452 0.892 0. 258.780 0. 0. -1. 0.
-0.890 0.455 0. -256.224 0.455 0.890 0. 258.644 0. 0. -1. 0.
-0.890 0.456 0. -256.205 0.456 0.890 0. 258.666 0. 0. -1. 0.
-0.891 0.454 0. -256.211 0.454 0.891 0. 258.657 0. 0. -1. 0.
-0.893 0.451 0. -256.240 0.451 0.893 0. 258.688 0. 0. -1. 0.
-0.892 0.451 0. -256.251 0.451 0.892 0. 258.679 0. 0. -1. 0.
-0.893 0.450 0. -256.219 0.450 0.893 0. 258.668 0. 0. -1. 0.
-0.893 0.449 0. -256.226 0.449 0.893 0. 258.685 0. 0. -1. 0.
-0.892 0.452 0. -256.244 0.452 0.892 0. 258.696 0. 0. -1. 0.
-0.891 0.454 0. -256.215 0.454 0.891 0. 258.650 0. 0. -1. 0.
-0.891 0.454 0. -256.222 0.454 0.891 0. 258.673 0. 0. -1. 0.
-0.893 0.451 0. -256.198 0.451 0.893 0. 258.667 0. 0. -1. 0.
-0.894 0.448 0. -256.231 0.448 0.894 0. 258.683 0. 0. -1. 0.
-0.894 0.448 0. -256.263 0.448 0.894 0. 258.696 0. 0. -1. 0.
-0.892 0.452 0. -256.240 0.452 0.892 0. 258.672 0. 0. -1. 0.
-0.891 0.453 0. -256.219 0.453 0.891 0. 258.654 0. 0. -1. 0.
-0.891 0.454 0. -256.246 0.454 0.891 0. 258.668 0. 0. -1. 0.
-0.892 0.452 0. -256.213 0.452 0.892 0. 258.667 0. 0. -1. 0.
-0.892 0.452 0. -256.270 0.452 0.892 0. 258.693 0. 0. -1. 0.
-0.891 0.453 0. -256.231 0.453 0.891 0. 258.655 0. 0. -1. 0.
-0.891 0.453 0. -256.229 0.453 0.891 0. 258.656 0. 0. -1. 0.
-0.892 0.452 0. -256.226 0.452 0.892 0. 258.669 0. 0. -1. 0.
-0.892 0.453 0. -256.290 0.453 0.892 0. 258.761 0. 0. -1. 0.
-0.890 0.455 0. -256.215 0.455 0.890 0. 258.682 0. 0. -1. 0.
-0.893 0.450 0. -256.196 0.450 0.893 0. 258.716 0. 0. -1. 0.
-0.893 0.449 0. -256.275 0.449 0.893 0. 258.695 0. 0. -1. 0.
-0.894 0.449 0. -256.230 0.449 0.894 0. 258.664 0. 0. -1. 0.
-0.894 0.448 0. -256.222 0.448 0.894 0. 258.684 0. 0. -1. 0.
-0.894 0.448 0. -256.248 0.448 0.894 0. 258.689 0. 0. -1. 0.
-0.892 0.452 0. -256.263 0.452 0.892 0. 258.688 0. 0. -1. 0.
-0.891 0.453 0. -256.220 0.453 0.891 0. 258.648 0. 0. -1. 0.
-0.891 0.454 0. -256.231 0.454 0.891 0. 258.652 0. 0. -1. 0.
-0.891 0.454 0. -256.235 0.454 0.891 0. 258.658 0. 0. -1. 0.
-0.891 0.454 0. -256.234 0.454 0.891 0. 258.647 0. 0. -1. 0.
-0.890 0.455 0. -256.252 0.455 0.890 0. 258.674 0. 0. -1. 0.
-0.892 0.453 0. -256.252 0.453 0.892 0. 258.749 0. 0. -1. 0.
-0.891 0.454 0. -256.234 0.454 0.891 0. 258.672 0. 0. -1. 0.
-0.893 0.450 0. -256.201 0.450 0.893 0. 258.723 0. 0. -1. 0.
-0.893 0.451 0. -256.258 0.451 0.893 0. 258.673 0. 0. -1. 0.
-0.893 0.450 0. -256.227 0.450 0.893 0. 258.664 0. 0. -1. 0.
-0.893 0.450 0. -256.235 0.450 0.893 0. 258.667 0. 0. -1. 0.
-0.893 0.451 0. -256.253 0.451 0.893 0. 258.681 0. 0. -1. 0.
-0.891 0.453 0. -256.253 0.453 0.891 0. 258.651 0. 0. -1. 0.
-0.890 0.456 0. -256.282 0.456 0.890 0. 258.692 0. 0. -1. 0.
-0.891 0.453 0. -256.339 0.453 0.891 0. 258.747 0. 0. -1. 0.
-0.891 0.454 0. -256.582 0.454 0.891 0. 258.821 0. 0. -1. 0.
-0.890 0.456 0. -256.746 0.456 0.890 0. 258.909 0. 0. -1. 0.
-0.891 0.453 0. -257.079 0.453 0.891 0. 259.036 0. 0. -1. 0.
-0.893 0.450 0. -257.540 0.450 0.893 0. 259.393 0. 0. -1. 0.
-0.891 0.454 0. -257.956 0.454 0.891 0. 259.504 0. 0. -1. 0.
-0.889 0.457 0. -258.520 0.457 0.889 0. 259.897 0. 0. -1. 0.
-0.881 0.474 0. -259.137 0.474 0.881 0. 260.190 0. 0. -1. 0.
-0.866 0.500 0. -259.652 0.500 0.866 0. 260.490 0. 0. -1. 0.
-0.835 0.550 0. -260.313 0.550 0.835 0. 260.906 0. 0. -1. 0.
-0.801 0.599 0. -260.734 0.599 0.801 0. 261.218 0. 0. -1. 0.
-0.759 0.651 0. -261.359 0.651 0.759 0. 261.757 0. 0. -1. 0.
-0.700 0.714 0. -261.662 0.714 0.700 0. 262.424 0. 0. -1. 0.
-0.639 0.769 0. -262.161 0.769 0.639 0. 262.934 0. 0. -1. 0.
-0.560 0.828 0. -262.636 0.828 0.560 0. 263.579 0. 0. -1. 0.
-0.479 0.878 0. -262.873 0.878 0.479 0. 264.440 0. 0. -1. 0.
-0.385 0.923 0. -263.219 0.923 0.385 0. 265.392 0. 0. -1. 0.
-0.295 0.955 0. -263.461 0.955 0.295 0. 266.232 0. 0. -1. 0.
-0.205 0.979 0. -263.712 0.979 0.205 0. 267.355 0. 0. -1. 0.
-0.132 0.991 0. -263.751 0.991 0.132 0. 268.586 0. 0. -1. 0.
-0.077 0.997 0. -263.874 0.997 0.077 0. 269.755 0. 0. -1. 0.
-0.024 1.000 0. -263.839 1.000 0.024 0. 271.096 0. 0. -1. 0.
0.022 1.000 0. -263.810 1.000 -0.022 -0. 272.421 0. 0. -1. 0.
0.072 0.997 0. -263.633 0.997 -0.072 -0. 274.015 0. 0. -1. 0.
0.105 0.994 0. -263.408 0.994 -0.105 -0. 275.553 0. 0. -1. 0.
0.146 0.989 0. -263.181 0.989 -0.146 -0. 277.305 0. 0. -1. 0.
0.179 0.984 0. -262.640 0.984 -0.179 -0. 279.028 0. 0. -1. 0.
0.199 0.980 0. -262.429 0.980 -0.199 -0. 280.949 0. 0. -1. 0.
0.223 0.975 0. -261.900 0.975 -0.223 -0. 282.803 0. 0. -1. 0.
0.226 0.974 0. -261.353 0.974 -0.226 -0. 284.876 0. 0. -1. 0.
0.228 0.974 0. -260.815 0.974 -0.228 -0. 286.904 0. 0. -1. 0.
0.231 0.973 0. -260.311 0.973 -0.231 -0. 289.085 0. 0. -1. 0.
0.228 0.974 0. -259.784 0.974 -0.228 -0. 291.387 0. 0. -1. 0.
0.230 0.973 0. -259.158 0.973 -0.230 -0. 293.602 0. 0. -1. 0.
0.228 0.974 0. -258.606 0.974 -0.228 -0. 295.950 0. 0. -1. 0.
0.228 0.974 0. -257.947 0.974 -0.228 -0. 298.348 0. 0. -1. 0.
0.225 0.974 0. -257.359 0.974 -0.225 -0. 300.802 0. 0. -1. 0.
0.224 0.974 0. -256.751 0.974 -0.224 -0. 303.361 0. 0. -1. 0.
0.228 0.974 0. -256.108 0.974 -0.228 -0. 306.019 0. 0. -1. 0.
0.232 0.973 0. -255.352 0.973 -0.232 -0. 308.704 0. 0. -1. 0.
0.236 0.972 0. -254.652 0.972 -0.236 -0. 311.455 0. 0. -1. 0.
0.240 0.971 0. -253.914 0.971 -0.240 -0. 314.286 0. 0. -1. 0.
0.230 0.973 0. -253.156 0.973 -0.230 -0. 317.211 0. 0. -1. 0.
0.232 0.973 0. -252.451 0.973 -0.232 -0. 320.233 0. 0. -1. 0.
0.235 0.972 0. -251.589 0.972 -0.235 -0. 323.239 0. 0. -1. 0.
0.236 0.972 0. -250.796 0.972 -0.236 -0. 326.344 0. 0. -1. 0.
0.235 0.972 0. -249.887 0.972 -0.235 -0. 329.489 0. 0. -1. 0.
