1. 0. 0. 0. 0. 1. 0. 0. 0. 0. 1. 0.
1. -0. 0. 0.000 0. 1. 0. 0. 0. 0. 1. 0.
1. 0. 0. 0.000 -0. 1. -0. 0. -0. 0. 1. 0.
1. 0. 0. 0.000 -0. 1. -0. 0. -0. 0. 1. 0.
1. 0. 0. 0. -0. 1. -0. -0. -0. 0. 1. 0.
1. 0. 0. -0. -0. 1. -0. -0. -0. 0. 1. 0.
1. 0. 0. -0.000 -0. 1. -0. 0. -0. 0. 1. 0.
1. 0. 0. -0.000 -0. 1. -0. 0. -0. 0. 1. 0.
1. -0. 0. -0.000 0. 1. 0. 0.000 0. 0. 1. 0.
1. -0. 0. -0.000 0. 1. 0. 0.000 0. 0. 1. 0.
1. -0. 0. -0.000 0. 1. 0. 0. 0. 0. 1. 0.
1. -0. 0. -0.000 0. 1. 0. 0. 0. 0. 1. 0.
1. -0. 0. -0.000 0. 1. 0. 0. 0. 0. 1. 0.
1. -0. 0. -0.000 0. 1. 0. 0. 0. 0. 1. 0.
1. 0. 0. -0. -0. 1. -0. 0. -0. 0. 1. 0.
1. 0. 0. -0.000 -0. 1. -0. 0. -0. 0. 1. 0.
1. 0. 0. -0. -0. 1. -0. 0. -0. 0. 1. 0.
1. 0. 0. -0. -0. 1. -0. 0. -0. 0. 1. 0.
1. 0. 0. -0.000 -0. 1. -0. 0. -0. 0. 1. 0.
1. 0. 0. -0. -0. 1. -0. 0. -0. 0. 1. 0.
1. 0. 0. -0. -0. 1. -0. 0. -0. 0. 1. 0.
1. 0. 0. -0. -0. 1. -0. 0. -0. 0. 1. 0.
1. 0. 0. -0. -0. 1. -0. 0. -0. 0. 1. 0.
1. 0. 0. 0. -0. 1. -0. 0. -0. 0. 1. 0.
1. 0. 0. 0. -0. 1. -0. 0. -0. 0. 1. 0.
1. 0. 0. 0.000 -0. 1. -0. -0. -0. 0. 1. 0.
1. 0. 0. 0. -0. 1. -0. -0. -0. 0. 1. 0.
1. 0. 0. -0. -0. 1. -0. -0. -0. 0. 1. 0.
1. 0. 0. 0. -0. 1. -0. -0. -0. 0. 1. 0.
1. -0. 0. 0.000 0. 1. 0. -0.000 0. 0. 1. 0.
1. -0. 0. 0. 0. 1. 0. -0.000 0. 0. 1. 0.
1. -0. 0. 0. 0. 1. 0. -0.000 0. 0. 1. 0.
1. 0. 0. 0. -0. 1. -0. -0.000 -0. 0. 1. 0.
1. -0. 0. 0. 0. 1. 0. -0.000 0. 0. 1. 0.
1. 0. 0. 0. -0. 1. -0. -0.000 -0. 0. 1. 0.
1. -0. 0. 0.000 0. 1. 0. -0.000 0. 0. 1. 0.
1. -0. 0. 0.000 0. 1. 0. -0.000 0. 0. 1. 0.
1. -0. 0. 0.000 0. 1. 0. -0.000 0. 0. 1. 0.
1. -0. 0. 0.000 0. 1. 0. -0.000 0. 0. 1. 0.
1. -0. 0. 0.000 0. 1. 0. -0.000 0. 0. 1. 0.
1. -0. 0. 0.000 0. 1. 0. -0.000 0. 0. 1. 0.
1. -0. 0. 0.000 0. 1. 0. -0.000 0. 0. 1. 0.
1. -0. 0. 0.000 0. 1. 0. -0.000 0. 0. 1. 0.
1. -0. 0. 0.000 0. 1. 0. -0.000 0. 0. 1. 0.
1. -0. 0. 0.001 0. 1. 0. -0.000 0. 0. 1. 0.
1. -0. 0. 0.001 0. 1. 0. -0.000 0. 0. 1. 0.
1. -0. 0. 0.001 0. 1. 0. -0.000 0. 0. 1. 0.
1. -0. 0. 0.001 0. 1. 0. -0.000 0. 0. 1. 0.
1. 0. 0. 0.001 -0. 1. -0. -0.000 -0. 0. 1. 0.
1. 0. 0. 0.001 -0. 1. -0. -0.000 -0. 0. 1. 0.
1. 0. 0. 0.000 -0. 1. -0. -0.000 -0. 0. 1. 0.
1. 0. 0. 0.000 -0. 1. -0. -0.000 -0. 0. 1. 0.
1. -0. 0. 0.001 0. 1. 0. -0.000 0. 0. 1. 0.
1. 0. 0. 0.001 -0. 1. -0. -0.000 -0. 0. 1. 0.
1. -0. 0. 0.001 0. 1. 0. -0.000 0. 0. 1. 0.
1. -0. 0. 0.001 0. 1. 0. -0.000 0. 0. 1. 0.
1. -0. 0. 0.001 0. 1. 0. -0.000 0. 0. 1. 0.
1. 0. 0. 0.000 -0. 1. -0. -0.000 -0. 0. 1. 0.
1. -0. 0. 0.000 0. 1. 0. -0. 0. 0. 1. 0.
1. -0. 0. 0. 0. 1. 0. -0. 0. 0. 1. 0.
1. 0. 0. 0. -0. 1. -0. 0. -0. 0. 1. 0.
1. 0. 0. 0. -0. 1. -0. 0. -0. 0. 1. 0.
1. -0. 0. 0. 0. 1. 0. -0. 0. 0. 1. 0.
1. -0. 0. 0.000 0. 1. 0. -0. 0. 0. 1. 0.
1. 0. 0. -0. -0. 1. -0. -0. -0. 0. 1. 0.
1. 0. 0. 0. -0. 1. -0. -0.000 -0. 0. 1. 0.
1. 0. 0. 0.000 -0. 1. -0. -0. -0. 0. 1. 0.
1. -0. 0. -0.000 0. 1. 0. -0. 0. 0. 1. 0.
1. -0. 0. -0.000 0. 1. 0. -0. 0. 0. 1. 0.
1. -0. 0. -0.000 0. 1. 0. -0. 0. 0. 1. 0.
1. -0. 0. 0. 0. 1. 0. -0. 0. 0. 1. 0.
1. -0. 0. 0.000 0. 1. 0. -0. 0. 0. 1. 0.
1. -0. 0. 0.000 0. 1. 0. -0. 0. 0. 1. 0.
1. 0. 0. -0. -0. 1. -0. 0. -0. 0. 1. 0.
1. 0. 0. -0. -0. 1. -0. 0. -0. 0. 1. 0.
1. 0. 0. -0. -0. 1. -0. 0. -0. 0. 1. 0.
1. 0. 0. 0. -0. 1. -0. -0. -0. 0. 1. 0.
1. 0. 0. 0.000 -0. 1. -0. -0. -0. 0. 1. 0.
1. 0. 0. -0. -0. 1. -0. 0. -0. 0. 1. 0.
1. 0. 0. 0.000 -0. 1. -0. 0. -0. 0. 1. 0.
1. 0. 0. 0.000 -0. 1. -0. 0. -0. 0. 1. 0.
1. 0. 0. -0. -0. 1. -0. 0.000 -0. 0. 1. 0.
1. 0. 0. -0.000 -0. 1. -0. 0.000 -0. 0. 1. 0.
1. 0. 0. -0.000 -0. 1. -0. 0.000 -0. 0. 1. 0.
1. 0. 0. -0.000 -0. 1. -0. 0.000 -0. 0. 1. 0.
1. 0. 0. -0.000 -0. 1. -0. 0. -0. 0. 1. 0.
1. 0. 0. -0.000 -0. 1. -0. 0. -0. 0. 1. 0.
1. 0. 0. -0.000 -0. 1. -0. 0. -0. 0. 1. 0.
1. 0. 0. -0.000 -0. 1. -0. 0. -0. 0. 1. 0.
1. 0. 0. -0.001 -0. 1. -0. 0. -0. 0. 1. 0.
1. 0. 0. -0.001 -0. 1. -0. 0.000 -0. 0. 1. 0.
1. 0. 0. -0.001 -0. 1. -0. 0. -0. 0. 1. 0.
1. 0. 0. -0.001 -0. 1. -0. 0. -0. 0. 1. 0.
1. -0. 0. -0.001 0. 1. 0. 0. 0. 0. 1. 0.
1. -0. 0. -0.001 0. 1. 0. 0. 0. 0. 1. 0.
1. -0. 0. -0.000 0. 1. 0. 0. 0. 0. 1. 0.
1. -0. 0. -0.000 0. 1. 0. 0. 0. 0. 1. 0.
1. -0. 0. -0.000 0. 1. 0. 0.000 0. 0. 1. 0.
1. 0. 0. -0.000 -0. 1. -0. 0.000 -0. 0. 1. 0.
1. -0. 0. -0.000 0. 1. 0. 0.000 0. 0. 1. 0.
1. 0. 0. -0.001 -0. 1. -0. 0.000 -0. 0. 1. 0.
1. 0. 0. -0.001 -0. 1. -0. 0.000 -0. 0. 1. 0.
1. 0. 0. -0.001 -0. 1. -0. 0.000 -0. 0. 1. 0.
1. 0. 0. -0.001 -0. 1. -0. 0.000 -0. 0. 1. 0.
1. 0. 0. -0.001 -0. 1. -0. 0.000 -0. 0. 1. 0.
1. -0. 0. -0.001 0. 1. 0. 0.000 0. 0. 1. 0.
1. 0. 0. -0.001 -0. 1. -0. 0.000 -0. 0. 1. 0.
1. 0. 0. -0.001 -0. 1. -0. 0.000 -0. 0. 1. 0.
1. -0. 0. -0.001 0. 1. 0. 0.000 0. 0. 1. 0.
1. -0. 0. -0.001 0. 1. 0. 0.000 0. 0. 1. 0.
1. -0. 0. -0.001 0. 1. 0. 0.000 0. 0. 1. 0.
1. -0. 0. -0.001 0. 1. 0. 0.000 0. 0. 1. 0.
1. -0. 0. -0.001 0. 1. 0. 0.000 0. 0. 1. 0.
1. -0. 0. -0.001 0. 1. 0. 0.000 0. 0. 1. 0.
1. 0. 0. -0.001 -0. 1. -0. 0.000 -0. 0. 1. 0.
1. -0. 0. -0.001 0. 1. 0. 0.000 0. 0. 1. 0.
1. -0. 0. -0.001 0. 1. 0. 0.000 0. 0. 1. 0.
1. -0. 0. -0.001 0. 1. 0. 0.000 0. 0. 1. 0.
1. -0. 0. -0.001 0. 1. 0. 0.000 0. 0. 1. 0.
1. -0. 0. -0.001 0. 1. 0. 0.000 0. 0. 1. 0.
1. -0. 0. -0.001 0. 1. 0. 0.000 0. 0. 1. 0.
1. -0. 0. -0.001 0. 1. 0. 0.000 0. 0. 1. 0.
1. -0. 0. -0.001 0. 1. 0. 0.000 0. 0. 1. 0.
1. -0. 0. -0.001 0. 1. 0. 0.000 0. 0. 1. 0.
1. -0. 0. -0.001 0. 1. 0. 0.000 0. 0. 1. 0.
1. -0. 0. -0.001 0. 1. 0. 0.000 0. 0. 1. 0.
1. -0. 0. -0.001 0. 1. 0. 0.000 0. 0. 1. 0.
1. -0. 0. -0.001 0. 1. 0. 0.000 0. 0. 1. 0.
1. -0. 0. -0.001 0. 1. 0. 0.000 0. 0. 1. 0.
1. 0. 0. -0.001 -0. 1. -0. 0.000 -0. 0. 1. 0.
1. 0. 0. -0.001 -0. 1. -0. 0.000 -0. 0. 1. 0.
1. 0. 0. -0.001 -0. 1. -0. 0.000 -0. 0. 1. 0.
1. 0. 0. -0.001 -0. 1. -0. 0.000 -0. 0. 1. 0.
1. 0. 0. -0.001 -0. 1. -0. 0.000 -0. 0. 1. 0.
1. 0. 0. -0.001 -0. 1. -0. 0.000 -0. 0. 1. 0.
1. 0. 0. -0.001 -0. 1. -0. 0.000 -0. 0. 1. 0.
1. 0. 0. -0.001 -0. 1. -0. 0.000 -0. 0. 1. 0.
1. 0. 0. -0.001 -0. 1. -0. 0.000 -0. 0. 1. 0.
1. 0. 0. -0.001 -0. 1. -0. 0.000 -0. 0. 1. 0.
1. 0. 0. -0.001 -0. 1. -0. 0.001 -0. 0. 1. 0.
1. 0. 0. -0.001 -0. 1. -0. 0.001 -0. 0. 1. 0.
1. 0. 0. -0.001 -0. 1. -0. 0.001 -0. 0. 1. 0.
1. 0. 0. -0.001 -0. 1. -0. 0.001 -0. 0. 1. 0.
1. 0. 0. -0.001 -0. 1. -0. 0.001 -0. 0. 1. 0.
1. 0. 0. -0.001 -0. 1. -0. 0.000 -0. 0. 1. 0.
1. 0. 0. -0.001 -0. 1. -0. 0.001 -0. 0. 1. 0.
1. 0. 0. -0.001 -0. 1. -0. 0.001 -0. 0. 1. 0.
1. 0. 0. -0.000 -0. 1. -0. 0.001 -0. 0. 1. 0.
1. 0. 0. -0.001 -0. 1. -0. 0.001 -0. 0. 1. 0.
1. 0. 0. -0.000 -0. 1. -0. 0.001 -0. 0. 1. 0.
1. 0. 0. -0.000 -0. 1. -0. 0.001 -0. 0. 1. 0.
1. 0. 0. -0.000 -0. 1. -0. 0.001 -0. 0. 1. 0.
1. 0. 0. -0.001 -0. 1. -0. 0.001 -0. 0. 1. 0.
1. 0. 0. -0.001 -0. 1. -0. 0.001 -0. 0. 1. 0.
1. 0. 0. -0.001 -0. 1. -0. 0.001 -0. 0. 1. 0.
1. 0. 0. -0.001 -0. 1. -0. 0.001 -0. 0. 1. 0.
1. 0. 0. -0.001 -0. 1. -0. 0.001 -0. 0. 1. 0.
1. 0. 0. -0.001 -0. 1. -0. 0.001 -0. 0. 1. 0.
1. 0. 0. -0.001 -0. 1. -0. 0.001 -0. 0. 1. 0.
1. 0. 0. -0.000 -0. 1. -0. 0.001 -0. 0. 1. 0.
1. 0. 0. -0.000 -0. 1. -0. 0.001 -0. 0. 1. 0.
1. 0. 0. -0.001 -0. 1. -0. 0.001 -0. 0. 1. 0.
1. 0. 0. -0.001 -0. 1. -0. 0.001 -0. 0. 1. 0.
1. 0. 0. -0.001 -0. 1. -0. 0.001 -0. 0. 1. 0.
1. 0. 0. -0.001 -0. 1. -0. 0.001 -0. 0. 1. 0.
1. 0. 0. -0.001 -0. 1. -0. 0.001 -0. 0. 1. 0.
1. 0. 0. -0.001 -0. 1. -0. 0.001 -0. 0. 1. 0.
1. 0. 0. -0.001 -0. 1. -0. 0.001 -0. 0. 1. 0.
1. 0. 0. -0.001 -0. 1. -0. 0.001 -0. 0. 1. 0.
1. 0. 0. -0.001 -0. 1. -0. 0.001 -0. 0. 1. 0.
1. 0. 0. -0.000 -0. 1. -0. 0.001 -0. 0. 1. 0.
1. 0. 0. -0.000 -0. 1. -0. 0.001 -0. 0. 1. 0.
1. -0. 0. -0.000 0. 1. 0. 0.001 0. 0. 1. 0.
1. -0. 0. -0.000 0. 1. 0. 0.001 0. 0. 1. 0.
1. -0. 0. -0.000 0. 1. 0. 0.001 0. 0. 1. 0.
1. 0. 0. -0.000 -0. 1. -0. 0.001 -0. 0. 1. 0.
1. 0. 0. -0.000 -0. 1. -0. 0.001 -0. 0. 1. 0.
1. 0. 0. -0.000 -0. 1. -0. 0.001 -0. 0. 1. 0.
1. 0. 0. -0.000 -0. 1. -0. 0.001 -0. 0. 1. 0.
1. 0. 0. -0.000 -0. 1. -0. 0.001 -0. 0. 1. 0.
1. 0. 0. -0. -0. 1. -0. 0.001 -0. 0. 1. 0.
1. 0. 0. 0. -0. 1. -0. 0.001 -0. 0. 1. 0.
1. 0. 0. 0. -0. 1. -0. 0.001 -0. 0. 1. 0.
1. 0. 0. 0. -0. 1. -0. 0.001 -0. 0. 1. 0.
1. 0. 0. 0.000 -0. 1. -0. 0.001 -0. 0. 1. 0.
1. 0. 0. 0.000 -0. 1. -0. 0.001 -0. 0. 1. 0.
1. 0. 0. 0.000 -0. 1. -0. 0.001 -0. 0. 1. 0.
1. 0. 0. -0.000 -0. 1. -0. 0.001 -0. 0. 1. 0.
1. 0. 0. -0.000 -0. 1. -0. 0.001 -0. 0. 1. 0.
1. 0. 0. -0. -0. 1. -0. 0.001 -0. 0. 1. 0.
1. 0. 0. 0. -0. 1. -0. 0.001 -0. 0. 1. 0.
1. 0. 0. 0.000 -0. 1. -0. 0.001 -0. 0. 1. 0.
1. 0. 0. 0.000 -0. 1. -0. 0.001 -0. 0. 1. 0.
1. 0. 0. 0.000 -0. 1. -0. 0.001 -0. 0. 1. 0.
1. 0. 0. 0.000 -0. 1. -0. 0.001 -0. 0. 1. 0.
1. 0. 0. 0.000 -0. 1. -0. 0.001 -0. 0. 1. 0.
1. 0. 0. 0.000 -0. 1. -0. 0.001 -0. 0. 1. 0.
1. 0. 0. 0.001 -0. 1. -0. 0.001 -0. 0. 1. 0.
1. 0. 0. 0.001 -0. 1. -0. 0.001 -0. 0. 1. 0.
1. 0. 0. 0.001 -0. 1. -0. 0.001 -0. 0. 1. 0.
1. 0. 0. 0.001 -0. 1. -0. 0.001 -0. 0. 1. 0.
1. 0. 0. 0.001 -0. 1. -0. 0.001 -0. 0. 1. 0.
1. 0. 0. 0.001 -0. 1. -0. 0.001 -0. 0. 1. 0.
1. 0. 0. 0.001 -0. 1. -0. 0.001 -0. 0. 1. 0.
1. 0. 0. 0.001 -0. 1. -0. 0.001 -0. 0. 1. 0.
1. 0. 0. 0.001 -0. 1. -0. 0.001 -0. 0. 1. 0.
1. 0. 0. 0.001 -0. 1. -0. 0.001 -0. 0. 1. 0.
1. 0. 0. 0.001 -0. 1. -0. 0.001 -0. 0. 1. 0.
1. 0. 0. 0.001 -0. 1. -0. 0.001 -0. 0. 1. 0.
1. 0. 0. 0.001 -0. 1. -0. 0.001 -0. 0. 1. 0.
1. 0. 0. 0.001 -0. 1. -0. 0.001 -0. 0. 1. 0.
1. 0. 0. 0.001 -0. 1. -0. 0.001 -0. 0. 1. 0.
1. 0. 0. 0.001 -0. 1. -0. 0.001 -0. 0. 1. 0.
1. 0. 0. 0.001 -0. 1. -0. 0.001 -0. 0. 1. 0.
1. 0. 0. 0.001 -0. 1. -0. 0.001 -0. 0. 1. 0.
1. 0. 0. 0.001 -0. 1. -0. 0.001 -0. 0. 1. 0.
1. 0. 0. 0.001 -0. 1. -0. 0.001 -0. 0. 1. 0.
1. 0. 0. 0.001 -0. 1. -0. 0.001 -0. 0. 1. 0.
1. 0. 0. 0.001 -0. 1. -0. 0.001 -0. 0. 1. 0.
1. 0. 0. 0.001 -0. 1. -0. 0.001 -0. 0. 1. 0.
1. 0. 0. 0.001 -0. 1. -0. 0.001 -0. 0. 1. 0.
1. 0. 0. 0.001 -0. 1. -0. 0.001 -0. 0. 1. 0.
1. 0. 0. 0.001 -0. 1. -0. 0.001 -0. 0. 1. 0.
1. 0. 0. 0.001 -0. 1. -0. 0.001 -0. 0. 1. 0.
1. 0. 0. 0.001 -0. 1. -0. 0.001 -0. 0. 1. 0.
1. 0. 0. 0.001 -0. 1. -0. 0.001 -0. 0. 1. 0.
1. 0. 0. 0.001 -0. 1. -0. 0.001 -0. 0. 1. 0.
1. 0. 0. 0.001 -0. 1. -0. 0.001 -0. 0. 1. 0.
1. 0. 0. 0.001 -0. 1. -0. 0.001 -0. 0. 1. 0.
1. 0. 0. 0.001 -0. 1. -0. 0.001 -0. 0. 1. 0.
1. 0. 0. 0.001 -0. 1. -0. 0.001 -0. 0. 1. 0.
1. 0. 0. 0.001 -0. 1. -0. 0.001 -0. 0. 1. 0.
1. 0. 0. 0.001 -0. 1. -0. 0.001 -0. 0. 1. 0.
1. 0. 0. 0.001 -0. 1. -0. 0.001 -0. 0. 1. 0.
1. 0. 0. 0.001 -0. 1. -0. 0.001 -0. 0. 1. 0.
1. 0. 0. 0.001 -0. 1. -0. 0.001 -0. 0. 1. 0.
1. 0. 0. 0.001 -0. 1. -0. 0.001 -0. 0. 1. 0.
1. 0. 0. 0.001 -0. 1. -0. 0.001 -0. 0. 1. 0.
1. 0. 0. 0.001 -0. 1. -0. 0.001 -0. 0. 1. 0.
1. 0. 0. 0.001 -0. 1. -0. 0.001 -0. 0. 1. 0.
1. 0. 0. 0.001 -0. 1. -0. 0.001 -0. 0. 1. 0.
1. 0. 0. 0.001 -0. 1. -0. 0.001 -0. 0. 1. 0.
1. 0. 0. 0.002 -0. 1. -0. 0.001 -0. 0. 1. 0.
1. 0. 0. 0.002 -0. 1. -0. 0.001 -0. 0. 1. 0.
1. 0. 0. 0.002 -0. 1. -0. 0.001 -0. 0. 1. 0.
1. 0. 0. 0.002 -0. 1. -0. 0.001 -0. 0. 1. 0.
1. 0. 0. 0.002 -0. 1. -0. 0.001 -0. 0. 1. 0.
1. 0. 0. 0.002 -0. 1. -0. 0.001 -0. 0. 1. 0.
1. 0. 0. 0.002 -0. 1. -0. 0.001 -0. 0. 1. 0.
1. 0. 0. 0.002 -0. 1. -0. 0.001 -0. 0. 1. 0.
1. 0. 0. 0.002 -0. 1. -0. 0.001 -0. 0. 1. 0.
1. 0. 0. 0.002 -0. 1. -0. 0.001 -0. 0. 1. 0.
1. 0. 0. 0.002 -0. 1. -0. 0.001 -0. 0. 1. 0.
1. 0. 0. 0.002 -0. 1. -0. 0.001 -0. 0. 1. 0.
1. 0. 0. 0.002 -0. 1. -0. 0.001 -0. 0. 1. 0.
1. 0. 0. 0.002 -0. 1. -0. 0.001 -0. 0. 1. 0.
1. 0. 0. 0.002 -0. 1. -0. 0.001 -0. 0. 1. 0.
1. 0.000 0. 0.002 -0.000 1. -0. 0.001 -0. 0. 1. 0.
1. 0.000 0. 0.002 -0.000 1. -0. 0.001 -0. 0. 1. 0.
1. -0.000 0. 0.003 0.000 1. 0. 0.001 0. 0. 1. 0.
1. -0.001 0. 0.016 0.001 1. 0. 0.003 0. 0. 1. 0.
1. -0.003 0. 0.032 0.003 1. 0. 0.005 0. 0. 1. 0.
1. -0.005 0. 0.052 0.005 1. 0. 0.005 0. 0. 1. 0.
1. -0.010 0. 0.085 0.010 1. 0. 0.008 0. 0. 1. 0.
1.000 -0.018 0. 0.144 0.018 1.000 0. 0.015 0. 0. 1. 0.
1.000 -0.030 0. 0.228 0.030 1.000 0. 0.022 0. 0. 1. 0.
0.999 -0.048 0. 0.378 0.048 0.999 0. 0.048 0. 0. 1. 0.
0.997 -0.072 0. 0.570 0.072 0.997 0. 0.080 0. 0. 1. 0.
0.995 -0.101 0. 0.798 0.101 0.995 0. 0.123 0. 0. 1. 0.
0.991 -0.135 0. 1.071 0.135 0.991 0. 0.182 0. 0. 1. 0.
0.985 -0.172 0. 1.389 0.172 0.985 0. 0.259 0. 0. 1. 0.
0.978 -0.211 0. 1.779 0.211 0.978 0. 0.361 0. 0. 1. 0.
0.969 -0.246 0. 2.233 0.246 0.969 0. 0.494 0. 0. 1. 0.
0.961 -0.276 0. 2.752 0.276 0.961 0. 0.655 0. 0. 1. 0.
0.955 -0.297 0. 3.345 0.297 0.955 0. 0.840 0. 0. 1. 0.
0.954 -0.299 0. 4.013 0.299 0.954 0. 1.036 0. 0. 1. 0.
0.957 -0.289 0. 4.766 0.289 0.957 0. 1.249 0. 0. 1. 0.
0.963 -0.268 0. 5.592 0.268 0.963 0. 1.461 0. 0. 1. 0.
0.970 -0.243 0. 6.507 0.243 0.970 0. 1.668 0. 0. 1. 0.
0.976 -0.216 0. 7.522 0.216 0.976 0. 1.873 0. 0. 1. 0.
0.981 -0.193 0. 8.617 0.193 0.981 0. 2.072 0. 0. 1. 0.
0.985 -0.172 0. 9.798 0.172 0.985 0. 2.262 0. 0. 1. 0.
0.989 -0.150 0. 11.065 0.150 0.989 0. 2.438 0. 0. 1. 0.
0.992 -0.130 0. 12.400 0.130 0.992 0. 2.597 0. 0. 1. 0.
0.993 -0.115 0. 13.802 0.115 0.993 0. 2.743 0. 0. 1. 0.
0.995 -0.103 0. 15.270 0.103 0.995 0. 2.884 0. 0. 1. 0.
0.996 -0.094 0. 16.793 0.094 0.996 0. 3.015 0. 0. 1. 0.
0.996 -0.084 0. 18.347 0.084 0.996 0. 3.132 0. 0. 1. 0.
0.997 -0.074 0. 19.922 0.074 0.997 0. 3.242 0. 0. 1. 0.
0.998 -0.068 0. 21.548 0.068 0.998 0. 3.334 0. 0. 1. 0.
0.998 -0.064 0. 23.195 0.064 0.998 0. 3.430 0. 0. 1. 0.
0.998 -0.060 0. 24.836 0.060 0.998 0. 3.518 0. 0. 1. 0.
0.998 -0.055 0. 26.476 0.055 0.998 0. 3.602 0. 0. 1. 0.
0.999 -0.052 0. 28.138 0.052 0.999 0. 3.678 0. 0. 1. 0.
0.999 -0.053 0. 29.807 0.053 0.999 0. 3.755 0. 0. 1. 0.
0.998 -0.060 0. 31.448 0.060 0.998 0. 3.838 0. 0. 1. 0.
0.998 -0.065 0. 33.079 0.065 0.998 0. 3.938 0. 0. 1. 0.
0.997 -0.072 0. 34.920 0.072 0.997 0. 4.056 0. 0. 1. 0.
0.997 -0.074 0. 36.892 0.074 0.997 0. 4.195 0. 0. 1. 0.
0.997 -0.071 0. 38.889 0.071 0.997 0. 4.329 0. 0. 1. 0.
0.998 -0.070 0. 40.880 0.070 0.998 0. 4.452 0. 0. 1. 0.
0.997 -0.073 0. 42.870 0.073 0.997 0. 4.575 0. 0. 1. 0.
0.997 -0.077 0. 44.842 0.077 0.997 0. 4.715 0. 0. 1. 0.
0.997 -0.081 0. 46.826 0.081 0.997 0. 4.865 0. 0. 1. 0.
0.996 -0.085 0. 48.823 0.085 0.996 0. 5.021 0. 0. 1. 0.
0.996 -0.090 0. 50.797 0.090 0.996 0. 5.186 0. 0. 1. 0.
0.996 -0.092 0. 52.764 0.092 0.996 0. 5.357 0. 0. 1. 0.
0.996 -0.092 0. 54.700 0.092 0.996 0. 5.524 0. 0. 1. 0.
0.996 -0.088 0. 56.614 0.088 0.996 0. 5.684 0. 0. 1. 0.
0.997 -0.083 0. 58.530 0.083 0.997 0. 5.837 0. 0. 1. 0.
0.997 -0.078 0. 60.431 0.078 0.997 0. 5.981 0. 0. 1. 0.
0.997 -0.075 0. 62.277 0.075 0.997 0. 6.118 0. 0. 1. 0.
0.997 -0.071 0. 64.099 0.071 0.997 0. 6.242 0. 0. 1. 0.
0.998 -0.068 0. 65.920 0.068 0.998 0. 6.361 0. 0. 1. 0.
0.998 -0.062 0. 67.744 0.062 0.998 0. 6.472 0. 0. 1. 0.
0.998 -0.056 0. 69.489 0.056 0.998 0. 6.564 0. 0. 1. 0.
0.999 -0.047 0. 71.650 0.047 0.999 0. 6.668 0. 0. 1. 0.
0.999 -0.039 0. 73.894 0.039 0.999 0. 6.750 0. 0. 1. 0.
0.999 -0.034 0. 76.103 0.034 0.999 0. 6.810 0. 0. 1. 0.
1.000 -0.027 0. 78.287 0.027 1.000 0. 6.867 0. 0. 1. 0.
1.000 -0.022 0. 80.462 0.022 1.000 0. 6.908 0. 0. 1. 0.
1.000 -0.020 0. 82.636 0.020 1.000 0. 6.947 0. 0. 1. 0.
1.000 -0.016 0. 84.767 0.016 1.000 0. 6.981 0. 0. 1. 0.
1.000 -0.018 0. 86.859 0.018 1.000 0. 7.011 0. 0. 1. 0.
1.000 -0.021 0. 88.922 0.021 1.000 0. 7.048 0. 0. 1. 0.
1.000 -0.025 0. 90.956 0.025 1.000 0. 7.096 0. 0. 1. 0.
1.000 -0.030 0. 92.966 0.030 1.000 0. 7.150 0. 0. 1. 0.
0.999 -0.035 0. 94.913 0.035 0.999 0. 7.208 0. 0. 1. 0.
0.999 -0.043 0. 96.839 0.043 0.999 0. 7.280 0. 0. 1. 0.
0.999 -0.050 0. 98.754 0.050 0.999 0. 7.372 0. 0. 1. 0.
0.998 -0.058 0. 100.651 0.058 0.998 0. 7.473 0. 0. 1. 0.
0.998 -0.064 0. 102.457 0.064 0.998 0. 7.580 0. 0. 1. 0.
0.998 -0.070 0. 104.236 0.070 0.998 0. 7.695 0. 0. 1. 0.
0.997 -0.076 0. 106.156 0.076 0.997 0. 7.834 0. 0. 1. 0.
0.997 -0.082 0. 108.345 0.082 0.997 0. 7.995 0. 0. 1. 0.
0.996 -0.087 0. 110.498 0.087 0.996 0. 8.171 0. 0. 1. 0.
0.996 -0.092 0. 112.614 0.092 0.996 0. 8.356 0. 0. 1. 0.
0.995 -0.096 0. 114.722 0.096 0.995 0. 8.544 0. 0. 1. 0.
0.995 -0.099 0. 116.788 0.099 0.995 0. 8.741 0. 0. 1. 0.
0.995 -0.101 0. 118.807 0.101 0.995 0. 8.933 0. 0. 1. 0.
0.995 -0.104 0. 120.777 0.104 0.995 0. 9.128 0. 0. 1. 0.
0.995 -0.105 0. 122.738 0.105 0.995 0. 9.324 0. 0. 1. 0.
0.995 -0.104 0. 124.695 0.104 0.995 0. 9.522 0. 0. 1. 0.
0.995 -0.102 0. 126.609 0.102 0.995 0. 9.712 0. 0. 1. 0.
0.995 -0.098 0. 128.481 0.098 0.995 0. 9.902 0. 0. 1. 0.
0.996 -0.093 0. 130.366 0.093 0.996 0. 10.081 0. 0. 1. 0.
0.996 -0.087 0. 132.249 0.087 0.996 0. 10.251 0. 0. 1. 0.
0.997 -0.082 0. 134.316 0.082 0.997 0. 10.424 0. 0. 1. 0.
0.997 -0.077 0. 136.599 0.077 0.997 0. 10.597 0. 0. 1. 0.
0.997 -0.076 0. 138.832 0.076 0.997 0. 10.777 0. 0. 1. 0.
0.997 -0.077 0. 141.048 0.077 0.997 0. 10.950 0. 0. 1. 0.
0.997 -0.078 0. 143.256 0.078 0.997 0. 11.119 0. 0. 1. 0.
0.997 -0.078 0. 145.443 0.078 0.997 0. 11.300 0. 0. 1. 0.
0.997 -0.077 0. 147.605 0.077 0.997 0. 11.471 0. 0. 1. 0.
0.997 -0.076 0. 149.738 0.076 0.997 0. 11.642 0. 0. 1. 0.
0.997 -0.076 0. 151.813 0.076 0.997 0. 11.801 0. 0. 1. 0.
0.997 -0.076 0. 153.878 0.076 0.997 0. 11.952 0. 0. 1. 0.
0.997 -0.078 0. 155.934 0.078 0.997 0. 12.104 0. 0. 1. 0.
0.997 -0.079 0. 157.987 0.079 0.997 0. 12.257 0. 0. 1. 0.
0.997 -0.081 0. 159.958 0.081 0.997 0. 12.416 0. 0. 1. 0.
0.996 -0.084 0. 162.390 0.084 0.996 0. 12.620 0. 0. 1. 0.
0.996 -0.086 0. 164.807 0.086 0.996 0. 12.830 0. 0. 1. 0.
0.996 -0.088 0. 167.197 0.088 0.996 0. 13.038 0. 0. 1. 0.
0.996 -0.090 0. 169.588 0.090 0.996 0. 13.236 0. 0. 1. 0.
0.996 -0.091 0. 171.949 0.091 0.996 0. 13.435 0. 0. 1. 0.
0.996 -0.093 0. 174.241 0.093 0.996 0. 13.638 0. 0. 1. 0.
0.995 -0.095 0. 176.498 0.095 0.995 0. 13.838 0. 0. 1. 0.
0.995 -0.097 0. 178.701 0.097 0.995 0. 14.046 0. 0. 1. 0.
0.995 -0.098 0. 180.843 0.098 0.995 0. 14.253 0. 0. 1. 0.
0.995 -0.099 0. 182.959 0.099 0.995 0. 14.464 0. 0. 1. 0.
0.995 -0.100 0. 185.051 0.100 0.995 0. 14.670 0. 0. 1. 0.
0.995 -0.101 0. 187.068 0.101 0.995 0. 14.862 0. 0. 1. 0.
0.995 -0.102 0. 189.029 0.102 0.995 0. 15.051 0. 0. 1. 0.
0.995 -0.103 0. 191.086 0.103 0.995 0. 15.252 0. 0. 1. 0.
0.995 -0.104 0. 193.301 0.104 0.995 0. 15.467 0. 0. 1. 0.
0.995 -0.104 0. 195.473 0.104 0.995 0. 15.684 0. 0. 1. 0.
0.995 -0.105 0. 197.560 0.105 0.995 0. 15.896 0. 0. 1. 0.
0.994 -0.106 0. 199.569 0.106 0.994 0. 16.098 0. 0. 1. 0.
0.994 -0.106 0. 201.541 0.106 0.994 0. 16.298 0. 0. 1. 0.
0.994 -0.107 0. 203.438 0.107 0.994 0. 16.491 0. 0. 1. 0.
0.994 -0.107 0. 205.272 0.107 0.994 0. 16.682 0. 0. 1. 0.
0.994 -0.108 0. 207.055 0.108 0.994 0. 16.871 0. 0. 1. 0.
0.994 -0.109 0. 208.786 0.109 0.994 0. 17.056 0. 0. 1. 0.
0.994 -0.107 0. 210.450 0.107 0.994 0. 17.241 0. 0. 1. 0.
0.994 -0.106 0. 212.043 0.106 0.994 0. 17.410 0. 0. 1. 0.
0.995 -0.104 0. 213.632 0.104 0.995 0. 17.578 0. 0. 1. 0.
0.995 -0.102 0. 215.146 0.102 0.995 0. 17.731 0. 0. 1. 0.
0.995 -0.101 0. 216.565 0.101 0.995 0. 17.873 0. 0. 1. 0.
0.995 -0.100 0. 217.903 0.100 0.995 0. 18.002 0. 0. 1. 0.
0.995 -0.098 0. 219.170 0.098 0.995 0. 18.125 0. 0. 1. 0.
0.995 -0.099 0. 220.360 0.099 0.995 0. 18.240 0. 0. 1. 0.
0.995 -0.099 0. 221.497 0.099 0.995 0. 18.349 0. 0. 1. 0.
0.995 -0.100 0. 222.569 0.100 0.995 0. 18.458 0. 0. 1. 0.
0.995 -0.103 0. 223.588 0.103 0.995 0. 18.562 0. 0. 1. 0.
0.994 -0.108 0. 224.569 0.108 0.994 0. 18.673 0. 0. 1. 0.
0.994 -0.114 0. 225.503 0.114 0.994 0. 18.778 0. 0. 1. 0.
0.993 -0.118 0. 226.404 0.118 0.993 0. 18.884 0. 0. 1. 0.
0.992 -0.122 0. 227.277 0.122 0.992 0. 18.995 0. 0. 1. 0.
0.992 -0.127 0. 228.133 0.127 0.992 0. 19.105 0. 0. 1. 0.
0.991 -0.131 0. 228.979 0.131 0.991 0. 19.215 0. 0. 1. 0.
0.991 -0.136 0. 229.831 0.136 0.991 0. 19.338 0. 0. 1. 0.
0.990 -0.140 0. 230.698 0.140 0.990 0. 19.464 0. 0. 1. 0.
0.989 -0.146 0. 231.604 0.146 0.989 0. 19.597 0. 0. 1. 0.
0.989 -0.151 0. 232.554 0.151 0.989 0. 19.744 0. 0. 1. 0.
0.988 -0.157 0. 233.527 0.157 0.988 0. 19.899 0. 0. 1. 0.
0.987 -0.162 0. 234.468 0.162 0.987 0. 20.057 0. 0. 1. 0.
0.986 -0.167 0. 235.365 0.167 0.986 0. 20.210 0. 0. 1. 0.
0.985 -0.173 0. 236.260 0.173 0.985 0. 20.370 0. 0. 1. 0.
0.984 -0.178 0. 237.163 0.178 0.984 0. 20.537 0. 0. 1. 0.
0.983 -0.183 0. 238.085 0.183 0.983 0. 20.710 0. 0. 1. 0.
0.983 -0.186 0. 239.024 0.186 0.983 0. 20.892 0. 0. 1. 0.
0.982 -0.189 0. 240.064 0.189 0.982 0. 21.092 0. 0. 1. 0.
0.982 -0.191 0. 241.147 0.191 0.982 0. 21.300 0. 0. 1. 0.
0.982 -0.191 0. 242.247 0.191 0.982 0. 21.517 0. 0. 1. 0.
0.982 -0.191 0. 243.369 0.191 0.982 0. 21.733 0. 0. 1. 0.
0.982 -0.190 0. 244.531 0.190 0.982 0. 21.957 0. 0. 1. 0.
0.982 -0.190 0. 245.711 0.190 0.982 0. 22.182 0. 0. 1. 0.
0.982 -0.191 0. 246.925 0.191 0.982 0. 22.412 0. 0. 1. 0.
0.982 -0.190 0. 248.186 0.190 0.982 0. 22.653 0. 0. 1. 0.
0.982 -0.189 0. 249.493 0.189 0.982 0. 22.904 0. 0. 1. 0.
0.982 -0.189 0. 250.834 0.189 0.982 0. 23.155 0. 0. 1. 0.
0.982 -0.188 0. 252.185 0.188 0.982 0. 23.415 0. 0. 1. 0.
0.982 -0.188 0. 253.562 0.188 0.982 0. 23.677 0. 0. 1. 0.
0.982 -0.189 0. 254.957 0.189 0.982 0. 23.941 0. 0. 1. 0.
0.982 -0.190 0. 256.384 0.190 0.982 0. 24.218 0. 0. 1. 0.
0.982 -0.191 0. 257.837 0.191 0.982 0. 24.497 0. 0. 1. 0.
0.981 -0.192 0. 259.363 0.192 0.981 0. 24.798 0. 0. 1. 0.
0.981 -0.196 0. 260.905 0.196 0.981 0. 25.098 0. 0. 1. 0.
0.980 -0.197 0. 262.459 0.197 0.980 0. 25.406 0. 0. 1. 0.
0.980 -0.197 0. 264.024 0.197 0.980 0. 25.722 0. 0. 1. 0.
0.980 -0.197 0. 265.653 0.197 0.980 0. 26.042 0. 0. 1. 0.
0.980 -0.198 0. 267.296 0.198 0.980 0. 26.369 0. 0. 1. 0.
0.980 -0.197 0. 268.948 0.197 0.980 0. 26.698 0. 0. 1. 0.
0.980 -0.197 0. 270.620 0.197 0.980 0. 27.029 0. 0. 1. 0.
0.980 -0.197 0. 272.329 0.197 0.980 0. 27.367 0. 0. 1. 0.
0.981 -0.196 0. 274.035 0.196 0.981 0. 27.702 0. 0. 1. 0.
0.981 -0.196 0. 275.750 0.196 0.981 0. 28.042 0. 0. 1. 0.
0.980 -0.198 0. 277.480 0.198 0.980 0. 28.387 0. 0. 1. 0.
0.980 -0.200 0. 279.251 0.200 0.980 0. 28.749 0. 0. 1. 0.
0.979 -0.202 0. 281.044 0.202 0.979 0. 29.115 0. 0. 1. 0.
0.979 -0.203 0. 282.824 0.203 0.979 0. 29.477 0. 0. 1. 0.
0.979 -0.203 0. 284.592 0.203 0.979 0. 29.839 0. 0. 1. 0.
0.979 -0.202 0. 286.361 0.202 0.979 0. 30.199 0. 0. 1. 0.
0.979 -0.202 0. 288.091 0.202 0.979 0. 30.549 0. 0. 1. 0.
0.979 -0.202 0. 289.805 0.202 0.979 0. 30.900 0. 0. 1. 0.
0.979 -0.204 0. 291.601 0.204 0.979 0. 31.272 0. 0. 1. 0.
0.979 -0.205 0. 293.383 0.205 0.979 0. 31.640 0. 0. 1. 0.
0.978 -0.207 0. 295.129 0.207 0.978 0. 32.000 0. 0. 1. 0.
0.978 -0.207 0. 296.841 0.207 0.978 0. 32.357 0. 0. 1. 0.
0.978 -0.208 0. 298.532 0.208 0.978 0. 32.709 0. 0. 1. 0.
0.978 -0.209 0. 300.211 0.209 0.978 0. 33.059 0. 0. 1. 0.
0.978 -0.209 0. 302.010 0.209 0.978 0. 33.434 0. 0. 1. 0.
0.978 -0.208 0. 303.852 0.208 0.978 0. 33.818 0. 0. 1. 0.
0.979 -0.205 0. 305.698 0.205 0.979 0. 34.195 0. 0. 1. 0.
0.979 -0.203 0. 307.548 0.203 0.979 0. 34.569 0. 0. 1. 0.
0.980 -0.199 0. 309.402 0.199 0.980 0. 34.936 0. 0. 1. 0.
0.981 -0.196 0. 311.254 0.196 0.981 0. 35.297 0. 0. 1. 0.
0.981 -0.192 0. 313.111 0.192 0.981 0. 35.650 0. 0. 1. 0.
0.982 -0.190 0. 314.963 0.190 0.982 0. 36.002 0. 0. 1. 0.
0.982 -0.189 0. 316.820 0.189 0.982 0. 36.352 0. 0. 1. 0.
0.982 -0.189 0. 318.676 0.189 0.982 0. 36.702 0. 0. 1. 0.
0.982 -0.189 0. 320.528 0.189 0.982 0. 37.049 0. 0. 1. 0.
0.982 -0.189 0. 322.384 0.189 0.982 0. 37.398 0. 0. 1. 0.
0.983 -0.186 0. 324.189 0.186 0.983 0. 37.732 0. 0. 1. 0.
0.983 -0.182 0. 325.947 0.182 0.983 0. 38.053 0. 0. 1. 0.
0.985 -0.175 0. 327.684 0.175 0.985 0. 38.354 0. 0. 1. 0.
0.985 -0.171 0. 329.392 0.171 0.985 0. 38.641 0. 0. 1. 0.
0.986 -0.169 0. 331.089 0.169 0.986 0. 38.924 0. 0. 1. 0.
0.986 -0.166 0. 332.782 0.166 0.986 0. 39.203 0. 0. 1. 0.
0.986 -0.165 0. 334.400 0.165 0.986 0. 39.465 0. 0. 1. 0.
0.987 -0.160 0. 335.919 0.160 0.987 0. 39.708 0. 0. 1. 0.
0.988 -0.157 0. 337.360 0.157 0.988 0. 39.931 0. 0. 1. 0.
0.988 -0.155 0. 338.747 0.155 0.988 0. 40.142 0. 0. 1. 0.
0.988 -0.152 0. 340.051 0.152 0.988 0. 40.339 0. 0. 1. 0.
0.989 -0.148 0. 341.279 0.148 0.989 0. 40.522 0. 0. 1. 0.
0.989 -0.145 0. 342.460 0.145 0.989 0. 40.689 0. 0. 1. 0.
0.990 -0.144 0. 343.571 0.144 0.990 0. 40.849 0. 0. 1. 0.
0.990 -0.140 0. 344.621 0.140 0.990 0. 40.990 0. 0. 1. 0.
0.991 -0.137 0. 345.601 0.137 0.991 0. 41.128 0. 0. 1. 0.
0.991 -0.135 0. 346.523 0.135 0.991 0. 41.243 0. 0. 1. 0.
0.991 -0.132 0. 347.426 0.132 0.991 0. 41.357 0. 0. 1. 0.
0.992 -0.129 0. 348.278 0.129 0.992 0. 41.464 0. 0. 1. 0.
0.992 -0.128 0. 349.081 0.128 0.992 0. 41.560 0. 0. 1. 0.
0.992 -0.124 0. 349.824 0.124 0.992 0. 41.649 0. 0. 1. 0.
0.993 -0.121 0. 350.515 0.121 0.993 0. 41.730 0. 0. 1. 0.
0.993 -0.118 0. 351.165 0.118 0.993 0. 41.804 0. 0. 1. 0.
0.993 -0.115 0. 351.775 0.115 0.993 0. 41.873 0. 0. 1. 0.
0.994 -0.111 0. 352.350 0.111 0.994 0. 41.930 0. 0. 1. 0.
0.994 -0.109 0. 352.882 0.109 0.994 0. 41.984 0. 0. 1. 0.
0.994 -0.106 0. 353.371 0.106 0.994 0. 42.031 0. 0. 1. 0.
0.995 -0.104 0. 353.800 0.104 0.995 0. 42.072 0. 0. 1. 0.
0.995 -0.103 0. 354.178 0.103 0.995 0. 42.114 0. 0. 1. 0.
0.995 -0.102 0. 354.495 0.102 0.995 0. 42.140 0. 0. 1. 0.
0.995 -0.102 0. 354.745 0.102 0.995 0. 42.166 0. 0. 1. 0.
0.995 -0.102 0. 354.936 0.102 0.995 0. 42.184 0. 0. 1. 0.
0.995 -0.102 0. 355.064 0.102 0.995 0. 42.196 0. 0. 1. 0.
0.995 -0.102 0. 355.142 0.102 0.995 0. 42.202 0. 0. 1. 0.
0.995 -0.102 0. 355.169 0.102 0.995 0. 42.204 0. 0. 1. 0.
0.995 -0.102 0. 355.184 0.102 0.995 0. 42.206 0. 0. 1. 0.
0.995 -0.102 0. 355.187 0.102 0.995 0. 42.206 0. 0. 1. 0.
0.995 -0.102 0. 355.187 0.102 0.995 0. 42.206 0. 0. 1. 0.
0.995 -0.102 0. 355.188 0.102 0.995 0. 42.206 0. 0. 1. 0.
0.995 -0.102 0. 355.189 0.102 0.995 0. 42.206 0. 0. 1. 0.
0.995 -0.102 0. 355.190 0.102 0.995 0. 42.206 0. 0. 1. 0.
0.995 -0.102 0. 355.190 0.102 0.995 0. 42.207 0. 0. 1. 0.
0.995 -0.102 0. 355.191 0.102 0.995 0. 42.207 0. 0. 1. 0.
0.995 -0.102 0. 355.192 0.102 0.995 0. 42.207 0. 0. 1. 0.
0.995 -0.102 0. 355.193 0.102 0.995 0. 42.207 0. 0. 1. 0.
0.995 -0.102 0. 355.194 0.102 0.995 0. 42.207 0. 0. 1. 0.
0.995 -0.102 0. 355.194 0.102 0.995 0. 42.207 0. 0. 1. 0.
0.995 -0.102 0. 355.195 0.102 0.995 0. 42.208 0. 0. 1. 0.
0.995 -0.102 0. 355.196 0.102 0.995 0. 42.208 0. 0. 1. 0.
0.995 -0.102 0. 355.197 0.102 0.995 0. 42.208 0. 0. 1. 0.
0.995 -0.102 0. 355.197 0.102 0.995 0. 42.208 0. 0. 1. 0.
0.995 -0.102 0. 355.198 0.102 0.995 0. 42.208 0. 0. 1. 0.
0.995 -0.102 0. 355.199 0.102 0.995 0. 42.209 0. 0. 1. 0.
0.995 -0.102 0. 355.200 0.102 0.995 0. 42.209 0. 0. 1. 0.
0.995 -0.102 0. 355.201 0.102 0.995 0. 42.209 0. 0. 1. 0.
0.995 -0.102 0. 355.201 0.102 0.995 0. 42.209 0. 0. 1. 0.
0.995 -0.102 0. 355.202 0.102 0.995 0. 42.209 0. 0. 1. 0.
0.995 -0.102 0. 355.203 0.102 0.995 0. 42.209 0. 0. 1. 0.
0.995 -0.102 0. 355.204 0.102 0.995 0. 42.210 0. 0. 1. 0.
0.995 -0.102 0. 355.204 0.102 0.995 0. 42.210 0. 0. 1. 0.
0.995 -0.102 0. 355.205 0.102 0.995 0. 42.210 0. 0. 1. 0.
0.995 -0.102 0. 355.206 0.102 0.995 0. 42.210 0. 0. 1. 0.
0.995 -0.102 0. 355.207 0.102 0.995 0. 42.210 0. 0. 1. 0.
0.995 -0.102 0. 355.208 0.102 0.995 0. 42.210 0. 0. 1. 0.
0.995 -0.102 0. 355.208 0.102 0.995 0. 42.211 0. 0. 1. 0.
0.995 -0.102 0. 355.209 0.102 0.995 0. 42.211 0. 0. 1. 0.
0.995 -0.102 0. 355.210 0.102 0.995 0. 42.211 0. 0. 1. 0.
0.995 -0.102 0. 355.211 0.102 0.995 0. 42.211 0. 0. 1. 0.
0.995 -0.101 0. 355.212 0.101 0.995 0. 42.211 0. 0. 1. 0.
0.995 -0.101 0. 355.212 0.101 0.995 0. 42.212 0. 0. 1. 0.
0.995 -0.101 0. 355.213 0.101 0.995 0. 42.212 0. 0. 1. 0.
0.995 -0.101 0. 355.214 0.101 0.995 0. 42.212 0. 0. 1. 0.
0.995 -0.101 0. 355.215 0.101 0.995 0. 42.212 0. 0. 1. 0.
0.995 -0.101 0. 355.216 0.101 0.995 0. 42.212 0. 0. 1. 0.
0.995 -0.101 0. 355.216 0.101 0.995 0. 42.212 0. 0. 1. 0.
0.995 -0.101 0. 355.217 0.101 0.995 0. 42.212 0. 0. 1. 0.
0.995 -0.101 0. 355.218 0.101 0.995 0. 42.213 0. 0. 1. 0.
0.995 -0.101 0. 355.219 0.101 0.995 0. 42.213 0. 0. 1. 0.
0.995 -0.101 0. 355.219 0.101 0.995 0. 42.213 0. 0. 1. 0.
0.995 -0.101 0. 355.220 0.101 0.995 0. 42.213 0. 0. 1. 0.
0.995 -0.101 0. 355.221 0.101 0.995 0. 42.213 0. 0. 1. 0.
0.995 -0.101 0. 355.222 0.101 0.995 0. 42.214 0. 0. 1. 0.
0.995 -0.101 0. 355.222 0.101 0.995 0. 42.214 0. 0. 1. 0.
0.995 -0.101 0. 355.223 0.101 0.995 0. 42.214 0. 0. 1. 0.
0.995 -0.101 0. 355.224 0.101 0.995 0. 42.214 0. 0. 1. 0.
0.995 -0.101 0. 355.225 0.101 0.995 0. 42.214 0. 0. 1. 0.
0.995 -0.101 0. 355.226 0.101 0.995 0. 42.214 0. 0. 1. 0.
0.995 -0.101 0. 355.226 0.101 0.995 0. 42.215 0. 0. 1. 0.
0.995 -0.101 0. 355.227 0.101 0.995 0. 42.215 0. 0. 1. 0.
0.995 -0.101 0. 355.228 0.101 0.995 0. 42.215 0. 0. 1. 0.
0.995 -0.101 0. 355.229 0.101 0.995 0. 42.215 0. 0. 1. 0.
0.995 -0.101 0. 355.229 0.101 0.995 0. 42.215 0. 0. 1. 0.
0.995 -0.101 0. 355.230 0.101 0.995 0. 42.215 0. 0. 1. 0.
0.995 -0.101 0. 355.231 0.101 0.995 0. 42.216 0. 0. 1. 0.
0.995 -0.101 0. 355.232 0.101 0.995 0. 42.216 0. 0. 1. 0.
0.995 -0.101 0. 355.233 0.101 0.995 0. 42.216 0. 0. 1. 0.
0.995 -0.101 0. 355.233 0.101 0.995 0. 42.216 0. 0. 1. 0.
0.995 -0.101 0. 355.234 0.101 0.995 0. 42.216 0. 0. 1. 0.
0.995 -0.101 0. 355.235 0.101 0.995 0. 42.216 0. 0. 1. 0.
0.995 -0.101 0. 355.236 0.101 0.995 0. 42.217 0. 0. 1. 0.
0.995 -0.101 0. 355.237 0.101 0.995 0. 42.217 0. 0. 1. 0.
0.995 -0.101 0. 355.237 0.101 0.995 0. 42.217 0. 0. 1. 0.
0.995 -0.101 0. 355.252 0.101 0.995 0. 42.219 0. 0. 1. 0.
0.995 -0.101 0. 355.302 0.101 0.995 0. 42.224 0. 0. 1. 0.
0.995 -0.101 0. 355.385 0.101 0.995 0. 42.233 0. 0. 1. 0.
0.995 -0.101 0. 355.551 0.101 0.995 0. 42.251 0. 0. 1. 0.
0.995 -0.102 0. 355.785 0.102 0.995 0. 42.273 0. 0. 1. 0.
0.995 -0.102 0. 356.093 0.102 0.995 0. 42.302 0. 0. 1. 0.
0.995 -0.102 0. 356.498 0.102 0.995 0. 42.341 0. 0. 1. 0.
0.995 -0.101 0. 356.984 0.101 0.995 0. 42.387 0. 0. 1. 0.
0.995 -0.099 0. 357.567 0.099 0.995 0. 42.434 0. 0. 1. 0.
0.996 -0.094 0. 358.242 0.094 0.996 0. 42.484 0. 0. 1. 0.
0.996 -0.089 0. 359.029 0.089 0.996 0. 42.542 0. 0. 1. 0.
0.997 -0.080 0. 359.922 0.080 0.997 0. 42.597 0. 0. 1. 0.
0.998 -0.070 0. 360.911 0.070 0.998 0. 42.651 0. 0. 1. 0.
0.998 -0.059 0. 362.020 0.059 0.998 0. 42.700 0. 0. 1. 0.
0.999 -0.050 0. 363.242 0.050 0.999 0. 42.747 0. 0. 1. 0.
0.999 -0.041 0. 364.564 0.041 0.999 0. 42.794 0. 0. 1. 0.
0.999 -0.035 0. 365.972 0.035 0.999 0. 42.831 0. 0. 1. 0.
1.000 -0.030 0. 367.459 0.030 1.000 0. 42.868 0. 0. 1. 0.
1.000 -0.026 0. 369.057 0.026 1.000 0. 42.902 0. 0. 1. 0.
1.000 -0.022 0. 370.729 0.022 1.000 0. 42.934 0. 0. 1. 0.
1.000 -0.018 0. 372.455 0.018 1.000 0. 42.956 0. 0. 1. 0.
1. -0.013 0. 374.245 0.013 1. 0. 42.971 0. 0. 1. 0.
1. -0.010 0. 376.111 0.010 1. 0. 42.978 0. 0. 1. 0.
1. -0.009 0. 378.020 0.009 1. 0. 42.986 0. 0. 1. 0.
1. -0.009 0. 379.963 0.009 1. 0. 42.996 0. 0. 1. 0.
1. -0.012 0. 381.946 0.012 1. 0. 43.008 0. 0. 1. 0.
1. -0.014 0. 383.942 0.014 1. 0. 43.025 0. 0. 1. 0.
1.000 -0.019 0. 385.949 0.019 1.000 0. 43.055 0. 0. 1. 0.
1.000 -0.024 0. 387.950 0.024 1.000 0. 43.100 0. 0. 1. 0.
1.000 -0.026 0. 389.969 0.026 1.000 0. 43.155 0. 0. 1. 0.
1.000 -0.030 0. 392.005 0.030 1.000 0. 43.209 0. 0. 1. 0.
0.999 -0.032 0. 394.069 0.032 0.999 0. 43.271 0. 0. 1. 0.
0.999 -0.036 0. 396.123 0.036 0.999 0. 43.342 0. 0. 1. 0.
0.999 -0.042 0. 398.191 0.042 0.999 0. 43.419 0. 0. 1. 0.
0.999 -0.048 0. 400.279 0.048 0.999 0. 43.514 0. 0. 1. 0.
0.999 -0.055 0. 402.368 0.055 0.999 0. 43.619 0. 0. 1. 0.
0.998 -0.061 0. 404.487 0.061 0.998 0. 43.738 0. 0. 1. 0.
0.998 -0.068 0. 406.580 0.068 0.998 0. 43.872 0. 0. 1. 0.
0.997 -0.074 0. 408.661 0.074 0.997 0. 44.010 0. 0. 1. 0.
0.997 -0.079 0. 410.705 0.079 0.997 0. 44.160 0. 0. 1. 0.
0.997 -0.083 0. 412.733 0.083 0.997 0. 44.321 0. 0. 1. 0.
0.996 -0.087 0. 414.733 0.087 0.996 0. 44.484 0. 0. 1. 0.
0.996 -0.091 0. 416.695 0.091 0.996 0. 44.648 0. 0. 1. 0.
0.996 -0.094 0. 418.663 0.094 0.996 0. 44.815 0. 0. 1. 0.
0.995 -0.098 0. 420.642 0.098 0.995 0. 44.992 0. 0. 1. 0.
0.995 -0.101 0. 422.585 0.101 0.995 0. 45.174 0. 0. 1. 0.
0.995 -0.104 0. 424.496 0.104 0.995 0. 45.348 0. 0. 1. 0.
0.994 -0.107 0. 426.356 0.107 0.994 0. 45.535 0. 0. 1. 0.
0.994 -0.110 0. 428.244 0.110 0.994 0. 45.728 0. 0. 1. 0.
0.994 -0.111 0. 430.088 0.111 0.994 0. 45.925 0. 0. 1. 0.
0.994 -0.112 0. 431.869 0.112 0.994 0. 46.114 0. 0. 1. 0.
0.994 -0.114 0. 433.880 0.114 0.994 0. 46.327 0. 0. 1. 0.
0.994 -0.114 0. 435.902 0.114 0.994 0. 46.543 0. 0. 1. 0.
0.993 -0.114 0. 437.891 0.114 0.993 0. 46.752 0. 0. 1. 0.
0.993 -0.115 0. 439.837 0.115 0.993 0. 46.963 0. 0. 1. 0.
0.993 -0.116 0. 441.764 0.116 0.993 0. 47.171 0. 0. 1. 0.
0.993 -0.117 0. 443.685 0.117 0.993 0. 47.381 0. 0. 1. 0.
0.993 -0.118 0. 445.585 0.118 0.993 0. 47.590 0. 0. 1. 0.
0.993 -0.118 0. 447.400 0.118 0.993 0. 47.790 0. 0. 1. 0.
0.993 -0.118 0. 449.183 0.118 0.993 0. 47.983 0. 0. 1. 0.
0.993 -0.116 0. 450.961 0.116 0.993 0. 48.168 0. 0. 1. 0.
0.993 -0.114 0. 452.663 0.114 0.993 0. 48.349 0. 0. 1. 0.
0.994 -0.113 0. 454.266 0.113 0.994 0. 48.517 0. 0. 1. 0.
0.994 -0.111 0. 455.804 0.111 0.994 0. 48.675 0. 0. 1. 0.
0.994 -0.108 0. 457.270 0.108 0.994 0. 48.829 0. 0. 1. 0.
0.995 -0.101 0. 458.667 0.101 0.995 0. 48.964 0. 0. 1. 0.
0.996 -0.090 0. 460.001 0.090 0.996 0. 49.077 0. 0. 1. 0.
0.997 -0.071 0. 461.257 0.071 0.997 0. 49.159 0. 0. 1. 0.
0.999 -0.045 0. 462.512 0.045 0.999 0. 49.201 0. 0. 1. 0.
1. -0.013 0. 463.752 0.013 1. 0. 49.203 0. 0. 1. 0.
1.000 0.024 0. 464.894 -0.024 1.000 -0. 49.157 -0. 0. 1. 0.
0.998 0.070 0. 465.957 -0.070 0.998 -0. 49.067 -0. 0. 1. 0.
0.992 0.123 0. 466.908 -0.123 0.992 -0. 48.926 -0. 0. 1. 0.
0.984 0.179 0. 467.773 -0.179 0.984 -0. 48.743 -0. 0. 1. 0.
0.972 0.235 0. 468.544 -0.235 0.972 -0. 48.526 -0. 0. 1. 0.
0.957 0.292 0. 469.227 -0.292 0.957 -0. 48.283 -0. 0. 1. 0.
0.938 0.347 0. 469.831 -0.347 0.938 -0. 48.023 -0. 0. 1. 0.
0.918 0.396 0. 470.379 -0.396 0.918 -0. 47.754 -0. 0. 1. 0.
0.900 0.437 0. 470.871 -0.437 0.900 -0. 47.483 -0. 0. 1. 0.
0.880 0.474 0. 471.311 -0.474 0.880 -0. 47.217 -0. 0. 1. 0.
0.862 0.508 0. 471.662 -0.508 0.862 -0. 46.975 -0. 0. 1. 0.
0.845 0.535 0. 471.947 -0.535 0.845 -0. 46.767 -0. 0. 1. 0.
0.831 0.556 0. 472.167 -0.556 0.831 -0. 46.595 -0. 0. 1. 0.
0.819 0.573 0. 472.349 -0.573 0.819 -0. 46.446 -0. 0. 1. 0.
0.807 0.590 0. 472.531 -0.590 0.807 -0. 46.290 -0. 0. 1. 0.
0.793 0.609 0. 472.716 -0.609 0.793 -0. 46.125 -0. 0. 1. 0.
0.778 0.629 0. 472.901 -0.629 0.778 -0. 45.948 -0. 0. 1. 0.
0.758 0.653 0. 473.103 -0.653 0.758 -0. 45.740 -0. 0. 1. 0.
0.729 0.684 0. 473.331 -0.684 0.729 -0. 45.486 -0. 0. 1. 0.
0.689 0.725 0. 473.579 -0.725 0.689 -0. 45.169 -0. 0. 1. 0.
0.634 0.773 0. 473.840 -0.773 0.634 -0. 44.776 -0. 0. 1. 0.
0.566 0.825 0. 474.100 -0.825 0.566 -0. 44.306 -0. 0. 1. 0.
0.483 0.875 0. 474.337 -0.875 0.483 -0. 43.751 -0. 0. 1. 0.
0.383 0.924 0. 474.542 -0.924 0.383 -0. 43.113 -0. 0. 1. 0.
0.272 0.962 0. 474.695 -0.962 0.272 -0. 42.384 -0. 0. 1. 0.
0.150 0.989 0. 474.758 -0.989 0.150 -0. 41.604 -0. 0. 1. 0.
0.015 1.000 0. 474.717 -1.000 0.015 -0. 40.757 -0. 0. 1. 0.
-0.129 0.992 0. 474.545 -0.992 -0.129 -0. 39.842 -0. 0. 1. 0.
-0.274 0.962 0. 474.221 -0.962 -0.274 -0. 38.903 -0. 0. 1. 0.
-0.404 0.915 0. 473.751 -0.915 -0.404 -0. 37.949 -0. 0. 1. 0.
-0.520 0.854 0. 473.125 -0.854 -0.520 -0. 36.998 -0. 0. 1. 0.
-0.619 0.786 0. 472.361 -0.786 -0.619 0. 36.074 0. 0. 1. 0.
-0.696 0.718 0. 471.461 -0.718 -0.696 0. 35.186 0. 0. 1. 0.
-0.754 0.656 0. 470.458 -0.656 -0.754 0. 34.340 0. 0. 1. 0.
-0.792 0.610 0. 469.361 -0.610 -0.792 0. 33.511 0. 0. 1. 0.
-0.816 0.578 0. 468.073 -0.578 -0.816 0. 32.612 0. 0. 1. 0.
-0.831 0.556 0. 466.693 -0.556 -0.831 0. 31.696 0. 0. 1. 0.
-0.842 0.540 0. 465.266 -0.540 -0.842 0. 30.791 0. 0. 1. 0.
-0.850 0.526 0. 463.810 -0.526 -0.850 0. 29.897 0. 0. 1. 0.
-0.856 0.517 0. 462.296 -0.517 -0.856 0. 28.991 0. 0. 1. 0.
-0.859 0.512 0. 460.759 -0.512 -0.859 0. 28.084 0. 0. 1. 0.
-0.861 0.508 0. 459.206 -0.508 -0.861 0. 27.178 0. 0. 1. 0.
-0.864 0.504 0. 457.637 -0.504 -0.864 0. 26.274 0. 0. 1. 0.
-0.866 0.499 0. 456.046 -0.499 -0.866 0. 25.374 0. 0. 1. 0.
-0.869 0.494 0. 454.460 -0.494 -0.869 0. 24.483 0. 0. 1. 0.
-0.873 0.489 0. 452.866 -0.489 -0.873 0. 23.597 0. 0. 1. 0.
-0.875 0.484 0. 451.224 -0.484 -0.875 0. 22.704 0. 0. 1. 0.
-0.876 0.483 0. 449.331 -0.483 -0.876 0. 21.674 0. 0. 1. 0.
-0.875 0.484 0. 447.302 -0.484 -0.875 0. 20.571 0. 0. 1. 0.
-0.874 0.485 0. 445.305 -0.485 -0.874 0. 19.474 0. 0. 1. 0.
-0.875 0.485 0. 443.352 -0.485 -0.875 0. 18.407 0. 0. 1. 0.
-0.875 0.484 0. 441.435 -0.484 -0.875 0. 17.355 0. 0. 1. 0.
-0.876 0.482 0. 439.533 -0.482 -0.876 0. 16.320 0. 0. 1. 0.
-0.877 0.480 0. 437.652 -0.480 -0.877 0. 15.303 0. 0. 1. 0.
-0.879 0.478 0. 435.806 -0.478 -0.879 0. 14.314 0. 0. 1. 0.
-0.880 0.475 0. 434.007 -0.475 -0.880 0. 13.359 0. 0. 1. 0.
-0.881 0.474 0. 431.936 -0.474 -0.881 0. 12.252 0. 0. 1. 0.
-0.881 0.473 0. 429.909 -0.473 -0.881 0. 11.173 0. 0. 1. 0.
-0.881 0.473 0. 427.961 -0.473 -0.881 0. 10.135 0. 0. 1. 0.
-0.881 0.473 0. 426.088 -0.473 -0.881 0. 9.137 0. 0. 1. 0.
-0.881 0.472 0. 424.298 -0.472 -0.881 0. 8.192 0. 0. 1. 0.
-0.882 0.471 0. 422.572 -0.471 -0.882 0. 7.278 0. 0. 1. 0.
-0.883 0.469 0. 420.904 -0.469 -0.883 0. 6.395 0. 0. 1. 0.
-0.884 0.468 0. 419.234 -0.468 -0.884 0. 5.514 0. 0. 1. 0.
-0.885 0.466 0. 417.507 -0.466 -0.885 0. 4.609 0. 0. 1. 0.
-0.886 0.464 0. 415.862 -0.464 -0.886 0. 3.751 0. 0. 1. 0.
-0.886 0.463 0. 414.274 -0.463 -0.886 0. 2.926 0. 0. 1. 0.
-0.887 0.462 0. 412.743 -0.462 -0.887 0. 2.130 0. 0. 1. 0.
-0.887 0.461 0. 411.267 -0.461 -0.887 0. 1.371 0. 0. 1. 0.
-0.888 0.460 0. 409.826 -0.460 -0.888 0. 0.626 0. 0. 1. 0.
-0.889 0.459 0. 408.388 -0.459 -0.889 0. -0.107 0. 0. 1. 0.
-0.889 0.457 0. 406.945 -0.457 -0.889 0. -0.846 0. 0. 1. 0.
-0.890 0.455 0. 405.373 -0.455 -0.890 0. -1.655 0. 0. 1. 0.
-0.891 0.453 0. 403.738 -0.453 -0.891 0. -2.483 0. 0. 1. 0.
-0.892 0.452 0. 402.110 -0.452 -0.892 0. -3.304 0. 0. 1. 0.
-0.893 0.450 0. 400.484 -0.450 -0.893 0. -4.120 0. 0. 1. 0.
-0.894 0.448 0. 398.868 -0.448 -0.894 0. -4.921 0. 0. 1. 0.
-0.895 0.446 0. 397.267 -0.446 -0.895 0. -5.719 0. 0. 1. 0.
-0.896 0.444 0. 395.669 -0.444 -0.896 0. -6.507 0. 0. 1. 0.
-0.897 0.442 0. 394.055 -0.442 -0.897 0. -7.297 0. 0. 1. 0.
-0.898 0.440 0. 392.286 -0.440 -0.898 0. -8.161 0. 0. 1. 0.
-0.899 0.438 0. 390.526 -0.438 -0.899 0. -9.015 0. 0. 1. 0.
-0.900 0.436 0. 388.748 -0.436 -0.900 0. -9.875 0. 0. 1. 0.
-0.901 0.434 0. 386.957 -0.434 -0.901 0. -10.731 0. 0. 1. 0.
-0.902 0.433 0. 385.149 -0.433 -0.902 0. -11.590 0. 0. 1. 0.
-0.902 0.432 0. 383.331 -0.432 -0.902 0. -12.450 0. 0. 1. 0.
-0.902 0.431 0. 381.488 -0.431 -0.902 0. -13.321 0. 0. 1. 0.
-0.903 0.429 0. 379.481 -0.429 -0.903 0. -14.262 0. 0. 1. 0.
-0.904 0.427 0. 377.374 -0.427 -0.904 0. -15.240 0. 0. 1. 0.
-0.905 0.425 0. 375.248 -0.425 -0.905 0. -16.223 0. 0. 1. 0.
-0.908 0.420 0. 373.172 -0.420 -0.908 0. -17.171 0. 0. 1. 0.
-0.910 0.414 0. 371.119 -0.414 -0.910 0. -18.096 0. 0. 1. 0.
-0.913 0.407 0. 369.072 -0.407 -0.913 0. -19.003 0. 0. 1. 0.
-0.917 0.400 0. 367.021 -0.400 -0.917 0. -19.897 0. 0. 1. 0.
-0.920 0.391 0. 364.988 -0.391 -0.920 0. -20.760 0. 0. 1. 0.
-0.925 0.381 0. 363.016 -0.381 -0.925 0. -21.565 0. 0. 1. 0.
-0.929 0.371 0. 361.052 -0.371 -0.929 0. -22.345 0. 0. 1. 0.
-0.932 0.361 0. 359.112 -0.361 -0.932 0. -23.091 0. 0. 1. 0.
-0.936 0.353 0. 357.191 -0.353 -0.936 0. -23.805 0. 0. 1. 0.
-0.938 0.345 0. 355.337 -0.345 -0.938 0. -24.478 0. 0. 1. 0.
-0.941 0.339 0. 353.550 -0.339 -0.941 0. -25.117 0. 0. 1. 0.
-0.942 0.336 0. 351.783 -0.336 -0.942 0. -25.737 0. 0. 1. 0.
-0.942 0.335 0. 350.026 -0.335 -0.942 0. -26.346 0. 0. 1. 0.
-0.942 0.336 0. 348.353 -0.336 -0.942 0. -26.924 0. 0. 1. 0.
-0.942 0.337 0. 346.653 -0.337 -0.942 0. -27.516 0. 0. 1. 0.
-0.941 0.338 0. 344.532 -0.338 -0.941 0. -28.271 0. 0. 1. 0.
-0.941 0.338 0. 342.476 -0.338 -0.941 0. -29.005 0. 0. 1. 0.
-0.941 0.338 0. 340.458 -0.338 -0.941 0. -29.726 0. 0. 1. 0.
-0.941 0.340 0. 338.487 -0.340 -0.941 0. -30.437 0. 0. 1. 0.
-0.940 0.341 0. 336.552 -0.341 -0.940 0. -31.132 0. 0. 1. 0.
-0.938 0.346 0. 334.665 -0.346 -0.938 0. -31.821 0. 0. 1. 0.
-0.936 0.351 0. 332.823 -0.351 -0.936 0. -32.510 0. 0. 1. 0.
-0.934 0.357 0. 331.050 -0.357 -0.934 0. -33.181 0. 0. 1. 0.
-0.933 0.361 0. 329.120 -0.361 -0.933 0. -33.919 0. 0. 1. 0.
-0.931 0.365 0. 327.031 -0.365 -0.931 0. -34.729 0. 0. 1. 0.
-0.930 0.367 0. 324.976 -0.367 -0.930 0. -35.535 0. 0. 1. 0.
