1. 0.000 0. 1.332 -0.000 1. 0. 0.003 0. 0. 1. 0.
1. -0.001 0. 1.706 0.001 1. 0. 0.002 0. 0. 1. 0.
1. 0. 0. 2.118 -0. 1. 0. 0.016 0. 0. 1. 0.
1. -0.001 0. 2.569 0.001 1. 0. 0.013 0. 0. 1. 0.
1. 0.000 0. 3.041 -0.000 1. 0. 0.029 0. 0. 1. 0.
1. 0.001 0. 3.523 -0.001 1. 0. 0.006 0. 0. 1. 0.
1. 0.001 0. 4.015 -0.001 1. 0. 0.005 0. 0. 1. 0.
1. 0.002 0. 4.525 -0.002 1. 0. 0.014 0. 0. 1. 0.
1. 0.001 0. 5.068 -0.001 1. 0. 0.015 0. 0. 1. 0.
1. 0.002 0. 5.573 -0.002 1. 0. 0.029 0. 0. 1. 0.
1. 0.002 0. 6.119 -0.002 1. 0. 0.064 0. 0. 1. 0.
1. 0.001 0. 6.674 -0.001 1. 0. 0.033 0. 0. 1. 0.
1. 0.000 0. 7.209 -0.000 1. 0. 0.047 0. 0. 1. 0.
1. 0.000 0. 7.757 -0.000 1. 0. 0.078 0. 0. 1. 0.
1. -0.002 0. 8.259 0.002 1. 0. 0.077 0. 0. 1. 0.
1. -0.004 0. 8.818 0.004 1. 0. 0.090 0. 0. 1. 0.
1. -0.007 0. 9.364 0.007 1. 0. 0.102 0. 0. 1. 0.
1. -0.010 0. 9.892 0.010 1. 0. 0.094 0. 0. 1. 0.
1. -0.011 0. 10.428 0.011 1. 0. 0.122 0. 0. 1. 0.
1. -0.014 0. 10.940 0.014 1. 0. 0.132 0. 0. 1. 0.
1.000 -0.017 0. 11.459 0.017 1.000 0. 0.145 0. 0. 1. 0.
1.000 -0.018 0. 11.972 0.018 1.000 0. 0.169 0. 0. 1. 0.
1.000 -0.021 0. 12.489 0.021 1.000 0. 0.173 0. 0. 1. 0.
1.000 -0.024 0. 12.996 0.024 1.000 0. 0.189 0. 0. 1. 0.
1.000 -0.027 0. 13.461 0.027 1.000 0. 0.199 0. 0. 1. 0.
1.000 -0.028 0. 13.955 0.028 1.000 0. 0.227 0. 0. 1. 0.
1.000 -0.028 0. 14.409 0.028 1.000 0. 0.276 0. 0. 1. 0.
1.000 -0.028 0. 14.890 0.028 1.000 0. 0.271 0. 0. 1. 0.
1.000 -0.029 0. 15.350 0.029 1.000 0. 0.295 0. 0. 1. 0.
1.000 -0.028 0. 15.821 0.028 1.000 0. 0.300 0. 0. 1. 0.
1.000 -0.030 0. 16.263 0.030 1.000 0. 0.321 0. 0. 1. 0.
1.000 -0.031 0. 16.667 0.031 1.000 0. 0.374 0. 0. 1. 0.
0.999 -0.033 0. 17.018 0.033 0.999 0. 0.359 0. 0. 1. 0.
0.999 -0.037 0. 17.357 0.037 0.999 0. 0.380 0. 0. 1. 0.
0.999 -0.041 0. 17.679 0.041 0.999 0. 0.427 0. 0. 1. 0.
0.999 -0.048 0. 17.968 0.048 0.999 0. 0.436 0. 0. 1. 0.
0.999 -0.055 0. 18.253 0.055 0.999 0. 0.452 0. 0. 1. 0.
0.998 -0.062 0. 18.566 0.062 0.998 0. 0.469 0. 0. 1. 0.
0.998 -0.069 0. 18.867 0.069 0.998 0. 0.514 0. 0. 1. 0.
0.997 -0.079 0. 19.168 0.079 0.997 0. 0.557 0. 0. 1. 0.
0.996 -0.091 0. 19.496 0.091 0.996 0. 0.581 0. 0. 1. 0.
0.995 -0.102 0. 19.845 0.102 0.995 0. 0.657 0. 0. 1. 0.
0.993 -0.115 0. 20.219 0.115 0.993 0. 0.732 0. 0. 1. 0.
0.992 -0.129 0. 20.652 0.129 0.992 0. 0.813 0. 0. 1. 0.
0.989 -0.146 0. 21.095 0.146 0.989 0. 0.858 0. 0. 1. 0.
0.987 -0.162 0. 21.599 0.162 0.987 0. 1.012 0. 0. 1. 0.
0.984 -0.180 0. 22.147 0.180 0.984 0. 1.153 0. 0. 1. 0.
0.979 -0.202 0. 22.789 0.202 0.979 0. 1.277 0. 0. 1. 0.
0.975 -0.223 0. 23.424 0.223 0.975 0. 1.479 0. 0. 1. 0.
0.969 -0.246 0. 24.114 0.246 0.969 0. 1.688 0. 0. 1. 0.
0.963 -0.271 0. 24.833 0.271 0.963 0. 1.876 0. 0. 1. 0.
0.955 -0.295 0. 25.619 0.295 0.955 0. 2.145 0. 0. 1. 0.
0.949 -0.315 0. 26.406 0.315 0.949 0. 2.446 0. 0. 1. 0.
0.944 -0.330 0. 27.259 0.330 0.944 0. 2.779 0. 0. 1. 0.
0.941 -0.340 0. 28.113 0.340 0.941 0. 3.069 0. 0. 1. 0.
0.941 -0.339 0. 29.014 0.339 0.941 0. 3.429 0. 0. 1. 0.
0.943 -0.333 0. 29.913 0.333 0.943 0. 3.744 0. 0. 1. 0.
0.948 -0.318 0. 30.899 0.318 0.948 0. 4.056 0. 0. 1. 0.
0.954 -0.300 0. 31.889 0.300 0.954 0. 4.362 0. 0. 1. 0.
0.961 -0.277 0. 32.905 0.277 0.961 0. 4.655 0. 0. 1. 0.
0.968 -0.251 0. 33.972 0.251 0.968 0. 4.923 0. 0. 1. 0.
0.975 -0.222 0. 35.086 0.222 0.975 0. 5.149 0. 0. 1. 0.
0.981 -0.195 0. 36.232 0.195 0.981 0. 5.335 0. 0. 1. 0.
0.986 -0.164 0. 37.397 0.164 0.986 0. 5.544 0. 0. 1. 0.
0.991 -0.135 0. 38.658 0.135 0.991 0. 5.657 0. 0. 1. 0.
0.994 -0.109 0. 39.922 0.109 0.994 0. 5.828 0. 0. 1. 0.
0.996 -0.089 0. 41.211 0.089 0.996 0. 5.930 0. 0. 1. 0.
0.997 -0.074 0. 42.527 0.074 0.997 0. 5.997 0. 0. 1. 0.
0.998 -0.061 0. 43.904 0.061 0.998 0. 6.080 0. 0. 1. 0.
0.999 -0.052 0. 45.301 0.052 0.999 0. 6.162 0. 0. 1. 0.
0.999 -0.048 0. 46.727 0.048 0.999 0. 6.238 0. 0. 1. 0.
0.999 -0.048 0. 48.140 0.048 0.999 0. 6.312 0. 0. 1. 0.
0.999 -0.050 0. 49.596 0.050 0.999 0. 6.409 0. 0. 1. 0.
0.999 -0.050 0. 51.021 0.050 0.999 0. 6.479 0. 0. 1. 0.
0.999 -0.051 0. 52.461 0.051 0.999 0. 6.536 0. 0. 1. 0.
0.999 -0.052 0. 53.933 0.052 0.999 0. 6.630 0. 0. 1. 0.
0.999 -0.055 0. 55.431 0.055 0.999 0. 6.757 0. 0. 1. 0.
0.998 -0.056 0. 56.889 0.056 0.998 0. 6.809 0. 0. 1. 0.
0.998 -0.058 0. 58.385 0.058 0.998 0. 6.935 0. 0. 1. 0.
0.998 -0.060 0. 59.898 0.060 0.998 0. 7.027 0. 0. 1. 0.
0.998 -0.061 0. 61.423 0.061 0.998 0. 7.118 0. 0. 1. 0.
0.998 -0.063 0. 62.925 0.063 0.998 0. 7.294 0. 0. 1. 0.
0.998 -0.071 0. 64.439 0.071 0.998 0. 7.386 0. 0. 1. 0.
0.997 -0.081 0. 65.997 0.081 0.997 0. 7.517 0. 0. 1. 0.
0.996 -0.091 0. 67.575 0.091 0.996 0. 7.675 0. 0. 1. 0.
0.995 -0.103 0. 69.070 0.103 0.995 0. 7.892 0. 0. 1. 0.
0.993 -0.116 0. 70.604 0.116 0.993 0. 8.087 0. 0. 1. 0.
0.992 -0.130 0. 72.111 0.130 0.992 0. 8.244 0. 0. 1. 0.
0.989 -0.145 0. 73.575 0.145 0.989 0. 8.519 0. 0. 1. 0.
0.987 -0.162 0. 75.064 0.162 0.987 0. 8.752 0. 0. 1. 0.
0.984 -0.180 0. 76.529 0.180 0.984 0. 8.993 0. 0. 1. 0.
0.981 -0.196 0. 78.022 0.196 0.981 0. 9.283 0. 0. 1. 0.
0.978 -0.210 0. 79.362 0.210 0.978 0. 9.663 0. 0. 1. 0.
0.974 -0.225 0. 80.757 0.225 0.974 0. 9.949 0. 0. 1. 0.
0.971 -0.240 0. 82.135 0.240 0.971 0. 10.305 0. 0. 1. 0.
0.966 -0.257 0. 83.452 0.257 0.966 0. 10.677 0. 0. 1. 0.
0.962 -0.272 0. 84.764 0.272 0.962 0. 11.107 0. 0. 1. 0.
0.957 -0.289 0. 86.049 0.289 0.957 0. 11.498 0. 0. 1. 0.
0.952 -0.307 0. 87.289 0.307 0.952 0. 11.929 0. 0. 1. 0.
0.946 -0.326 0. 88.531 0.326 0.946 0. 12.328 0. 0. 1. 0.
0.940 -0.341 0. 89.703 0.341 0.940 0. 12.870 0. 0. 1. 0.
0.932 -0.363 0. 90.896 0.363 0.932 0. 13.233 0. 0. 1. 0.
0.924 -0.381 0. 92.083 0.381 0.924 0. 13.780 0. 0. 1. 0.
0.916 -0.401 0. 93.215 0.401 0.916 0. 14.324 0. 0. 1. 0.
0.906 -0.423 0. 94.287 0.423 0.906 0. 14.866 0. 0. 1. 0.
0.895 -0.445 0. 95.310 0.445 0.895 0. 15.359 0. 0. 1. 0.
0.885 -0.466 0. 96.324 0.466 0.885 0. 15.968 0. 0. 1. 0.
0.874 -0.486 0. 97.313 0.486 0.874 0. 16.570 0. 0. 1. 0.
0.861 -0.509 0. 98.308 0.509 0.861 0. 17.166 0. 0. 1. 0.
0.848 -0.530 0. 99.255 0.530 0.848 0. 17.777 0. 0. 1. 0.
0.834 -0.552 0. 100.141 0.552 0.834 0. 18.419 0. 0. 1. 0.
0.818 -0.576 0. 100.998 0.576 0.818 0. 19.098 0. 0. 1. 0.
0.799 -0.601 0. 101.826 0.601 0.799 0. 19.757 0. 0. 1. 0.
0.779 -0.627 0. 102.665 0.627 0.779 0. 20.437 0. 0. 1. 0.
0.760 -0.650 0. 103.449 0.650 0.760 0. 21.186 0. 0. 1. 0.
0.742 -0.670 0. 104.195 0.670 0.742 0. 21.928 0. 0. 1. 0.
0.730 -0.683 0. 104.944 0.683 0.730 0. 22.696 0. 0. 1. 0.
0.722 -0.692 0. 105.685 0.692 0.722 0. 23.373 0. 0. 1. 0.
0.717 -0.698 0. 106.298 0.698 0.717 0. 23.973 0. 0. 1. 0.
0.715 -0.699 0. 106.880 0.699 0.715 0. 24.565 0. 0. 1. 0.
0.716 -0.698 0. 107.326 0.698 0.716 0. 25.091 0. 0. 1. 0.
0.716 -0.698 0. 107.742 0.698 0.716 0. 25.448 0. 0. 1. 0.
0.718 -0.696 0. 108.199 0.696 0.718 0. 25.827 0. 0. 1. 0.
0.719 -0.695 0. 108.555 0.695 0.719 0. 26.137 0. 0. 1. 0.
0.719 -0.695 0. 108.854 0.695 0.719 0. 26.418 0. 0. 1. 0.
0.722 -0.692 0. 109.174 0.692 0.722 0. 26.774 0. 0. 1. 0.
0.722 -0.691 0. 109.495 0.691 0.722 0. 27.095 0. 0. 1. 0.
0.724 -0.690 0. 109.834 0.690 0.724 0. 27.399 0. 0. 1. 0.
0.727 -0.686 0. 110.144 0.686 0.727 0. 27.706 0. 0. 1. 0.
0.730 -0.684 0. 110.498 0.684 0.730 0. 28.039 0. 0. 1. 0.
0.731 -0.682 0. 110.837 0.682 0.731 0. 28.382 0. 0. 1. 0.
0.732 -0.681 0. 111.182 0.681 0.732 0. 28.703 0. 0. 1. 0.
0.734 -0.679 0. 111.592 0.679 0.734 0. 29.071 0. 0. 1. 0.
0.737 -0.676 0. 112.034 0.676 0.737 0. 29.472 0. 0. 1. 0.
0.738 -0.675 0. 112.484 0.675 0.738 0. 29.885 0. 0. 1. 0.
0.740 -0.673 0. 112.978 0.673 0.740 0. 30.325 0. 0. 1. 0.
0.741 -0.672 0. 113.497 0.672 0.741 0. 30.765 0. 0. 1. 0.
0.742 -0.671 0. 114.039 0.671 0.742 0. 31.301 0. 0. 1. 0.
0.742 -0.670 0. 114.643 0.670 0.742 0. 31.814 0. 0. 1. 0.
0.743 -0.669 0. 115.296 0.669 0.743 0. 32.377 0. 0. 1. 0.
0.744 -0.668 0. 115.835 0.668 0.744 0. 32.909 0. 0. 1. 0.
0.743 -0.669 0. 116.406 0.669 0.743 0. 33.489 0. 0. 1. 0.
0.744 -0.668 0. 117.045 0.668 0.744 0. 34.042 0. 0. 1. 0.
0.743 -0.669 0. 117.679 0.669 0.743 0. 34.646 0. 0. 1. 0.
0.743 -0.670 0. 118.360 0.670 0.743 0. 35.218 0. 0. 1. 0.
0.742 -0.671 0. 119.021 0.671 0.742 0. 35.834 0. 0. 1. 0.
0.742 -0.671 0. 119.721 0.671 0.742 0. 36.486 0. 0. 1. 0.
0.739 -0.673 0. 120.392 0.673 0.739 0. 37.131 0. 0. 1. 0.
0.740 -0.673 0. 121.159 0.673 0.740 0. 37.794 0. 0. 1. 0.
0.738 -0.675 0. 121.880 0.675 0.738 0. 38.527 0. 0. 1. 0.
0.737 -0.676 0. 122.678 0.676 0.737 0. 39.214 0. 0. 1. 0.
0.738 -0.675 0. 123.439 0.675 0.738 0. 40.012 0. 0. 1. 0.
0.739 -0.673 0. 124.291 0.673 0.739 0. 40.725 0. 0. 1. 0.
0.740 -0.672 0. 125.109 0.672 0.740 0. 41.530 0. 0. 1. 0.
0.743 -0.669 0. 126.033 0.669 0.743 0. 42.290 0. 0. 1. 0.
0.744 -0.668 0. 126.855 0.668 0.744 0. 43.105 0. 0. 1. 0.
0.748 -0.664 0. 127.804 0.664 0.748 0. 43.893 0. 0. 1. 0.
0.750 -0.661 0. 128.658 0.661 0.750 0. 44.699 0. 0. 1. 0.
0.756 -0.654 0. 129.657 0.654 0.756 0. 45.480 0. 0. 1. 0.
0.760 -0.650 0. 130.456 0.650 0.760 0. 46.303 0. 0. 1. 0.
0.765 -0.645 0. 131.583 0.645 0.765 0. 47.099 0. 0. 1. 0.
0.769 -0.639 0. 132.483 0.639 0.769 0. 48.014 0. 0. 1. 0.
0.776 -0.631 0. 133.547 0.631 0.776 0. 48.751 0. 0. 1. 0.
0.782 -0.623 0. 134.510 0.623 0.782 0. 49.638 0. 0. 1. 0.
0.789 -0.614 0. 135.719 0.614 0.789 0. 50.402 0. 0. 1. 0.
0.797 -0.604 0. 136.700 0.604 0.797 0. 51.238 0. 0. 1. 0.
0.804 -0.595 0. 137.745 0.595 0.804 0. 52.009 0. 0. 1. 0.
0.811 -0.585 0. 138.869 0.585 0.811 0. 52.857 0. 0. 1. 0.
0.821 -0.571 0. 140.016 0.571 0.821 0. 53.570 0. 0. 1. 0.
0.830 -0.558 0. 141.095 0.558 0.830 0. 54.358 0. 0. 1. 0.
0.839 -0.544 0. 142.172 0.544 0.839 0. 55.056 0. 0. 1. 0.
0.851 -0.525 0. 143.250 0.525 0.851 0. 55.682 0. 0. 1. 0.
0.860 -0.511 0. 144.396 0.511 0.860 0. 56.344 0. 0. 1. 0.
0.868 -0.497 0. 145.450 0.497 0.868 0. 56.929 0. 0. 1. 0.
0.876 -0.482 0. 146.510 0.482 0.876 0. 57.497 0. 0. 1. 0.
0.884 -0.467 0. 147.545 0.467 0.884 0. 58.038 0. 0. 1. 0.
0.892 -0.452 0. 148.507 0.452 0.892 0. 58.502 0. 0. 1. 0.
0.897 -0.441 0. 149.485 0.441 0.897 0. 58.976 0. 0. 1. 0.
0.900 -0.436 0. 150.308 0.436 0.900 0. 59.374 0. 0. 1. 0.
0.902 -0.433 0. 151.106 0.433 0.902 0. 59.771 0. 0. 1. 0.
0.904 -0.428 0. 151.785 0.428 0.904 0. 60.079 0. 0. 1. 0.
0.904 -0.427 0. 152.414 0.427 0.904 0. 60.374 0. 0. 1. 0.
0.906 -0.423 0. 153.028 0.423 0.906 0. 60.648 0. 0. 1. 0.
0.905 -0.425 0. 153.627 0.425 0.905 0. 60.934 0. 0. 1. 0.
0.906 -0.423 0. 154.151 0.423 0.906 0. 61.225 0. 0. 1. 0.
0.906 -0.424 0. 154.626 0.424 0.906 0. 61.437 0. 0. 1. 0.
0.904 -0.428 0. 155.118 0.428 0.904 0. 61.681 0. 0. 1. 0.
0.901 -0.435 0. 155.600 0.435 0.901 0. 61.927 0. 0. 1. 0.
0.897 -0.443 0. 156.134 0.443 0.897 0. 62.178 0. 0. 1. 0.
0.891 -0.454 0. 156.598 0.454 0.891 0. 62.483 0. 0. 1. 0.
0.888 -0.460 0. 157.151 0.460 0.888 0. 62.782 0. 0. 1. 0.
0.887 -0.462 0. 157.763 0.462 0.887 0. 63.063 0. 0. 1. 0.
0.889 -0.458 0. 158.332 0.458 0.889 0. 63.374 0. 0. 1. 0.
0.896 -0.445 0. 158.982 0.445 0.896 0. 63.702 0. 0. 1. 0.
0.905 -0.426 0. 159.755 0.426 0.905 0. 64.020 0. 0. 1. 0.
0.915 -0.403 0. 160.541 0.403 0.915 0. 64.376 0. 0. 1. 0.
0.925 -0.379 0. 161.411 0.379 0.925 0. 64.654 0. 0. 1. 0.
0.936 -0.352 0. 162.331 0.352 0.936 0. 64.987 0. 0. 1. 0.
0.947 -0.322 0. 163.375 0.322 0.947 0. 65.268 0. 0. 1. 0.
0.957 -0.290 0. 164.416 0.290 0.957 0. 65.585 0. 0. 1. 0.
0.965 -0.261 0. 165.576 0.261 0.965 0. 65.846 0. 0. 1. 0.
0.973 -0.230 0. 166.802 0.230 0.973 0. 66.113 0. 0. 1. 0.
0.980 -0.201 0. 168.054 0.201 0.980 0. 66.315 0. 0. 1. 0.
0.985 -0.173 0. 169.391 0.173 0.985 0. 66.503 0. 0. 1. 0.
0.988 -0.155 0. 170.704 0.155 0.988 0. 66.682 0. 0. 1. 0.
0.989 -0.145 0. 172.122 0.145 0.989 0. 66.941 0. 0. 1. 0.
0.990 -0.139 0. 173.612 0.139 0.990 0. 67.208 0. 0. 1. 0.
0.990 -0.138 0. 175.089 0.138 0.990 0. 67.418 0. 0. 1. 0.
0.991 -0.133 0. 176.517 0.133 0.991 0. 67.584 0. 0. 1. 0.
0.992 -0.129 0. 178.051 0.129 0.992 0. 67.792 0. 0. 1. 0.
0.992 -0.127 0. 179.629 0.127 0.992 0. 68.022 0. 0. 1. 0.
0.992 -0.125 0. 181.231 0.125 0.992 0. 68.179 0. 0. 1. 0.
0.993 -0.122 0. 182.878 0.122 0.993 0. 68.372 0. 0. 1. 0.
0.993 -0.115 0. 184.548 0.115 0.993 0. 68.611 0. 0. 1. 0.
0.994 -0.109 0. 186.261 0.109 0.994 0. 68.794 0. 0. 1. 0.
0.995 -0.102 0. 188.001 0.102 0.995 0. 68.995 0. 0. 1. 0.
0.996 -0.091 0. 189.835 0.091 0.996 0. 69.170 0. 0. 1. 0.
0.997 -0.078 0. 191.657 0.078 0.997 0. 69.307 0. 0. 1. 0.
0.998 -0.065 0. 193.489 0.065 0.998 0. 69.437 0. 0. 1. 0.
0.999 -0.045 0. 195.440 0.045 0.999 0. 69.556 0. 0. 1. 0.
1.000 -0.022 0. 197.323 0.022 1.000 0. 69.556 0. 0. 1. 0.
1. -0.005 0. 199.206 0.005 1. 0. 69.605 0. 0. 1. 0.
1. 0.010 0. 201.210 -0.010 1. 0. 69.598 0. 0. 1. 0.
1.000 0.023 0. 203.159 -0.023 1.000 0. 69.545 0. 0. 1. 0.
0.999 0.037 0. 205.180 -0.037 0.999 0. 69.471 0. 0. 1. 0.
0.999 0.050 0. 207.163 -0.050 0.999 0. 69.377 0. 0. 1. 0.
0.998 0.064 0. 209.185 -0.064 0.998 0. 69.271 0. 0. 1. 0.
0.997 0.077 0. 211.216 -0.077 0.997 0. 69.138 0. 0. 1. 0.
0.996 0.088 0. 213.295 -0.088 0.996 0. 68.925 0. 0. 1. 0.
0.995 0.100 0. 215.440 -0.100 0.995 0. 68.702 0. 0. 1. 0.
0.994 0.110 0. 217.556 -0.110 0.994 0. 68.499 0. 0. 1. 0.
0.993 0.121 0. 219.650 -0.121 0.993 0. 68.218 0. 0. 1. 0.
0.991 0.131 0. 221.700 -0.131 0.991 0. 67.969 0. 0. 1. 0.
0.989 0.145 0. 223.848 -0.145 0.989 0. 67.659 0. 0. 1. 0.
0.988 0.156 0. 225.849 -0.156 0.988 0. 67.339 0. 0. 1. 0.
0.985 0.172 0. 227.949 -0.172 0.985 0. 66.960 0. 0. 1. 0.
0.982 0.188 0. 229.950 -0.188 0.982 0. 66.579 0. 0. 1. 0.
0.979 0.204 0. 231.967 -0.204 0.979 0. 66.136 0. 0. 1. 0.
0.975 0.222 0. 234.040 -0.222 0.975 0. 65.710 0. 0. 1. 0.
0.970 0.242 0. 236.052 -0.242 0.970 0. 65.209 0. 0. 1. 0.
0.965 0.261 0. 238.127 -0.261 0.965 0. 64.653 0. 0. 1. 0.
0.959 0.284 0. 240.132 -0.284 0.959 0. 64.063 0. 0. 1. 0.
0.952 0.305 0. 242.168 -0.305 0.952 0. 63.427 0. 0. 1. 0.
0.945 0.327 0. 244.136 -0.327 0.945 0. 62.718 0. 0. 1. 0.
0.937 0.350 0. 246.065 -0.350 0.937 0. 61.996 0. 0. 1. 0.
0.928 0.373 0. 248.036 -0.373 0.928 0. 61.222 0. 0. 1. 0.
0.919 0.394 0. 249.937 -0.394 0.919 0. 60.382 0. 0. 1. 0.
0.908 0.419 0. 251.850 -0.419 0.908 0. 59.506 0. 0. 1. 0.
0.897 0.442 0. 253.766 -0.442 0.897 0. 58.532 0. 0. 1. 0.
0.884 0.467 0. 255.601 -0.467 0.884 0. 57.534 0. 0. 1. 0.
0.873 0.488 0. 257.434 -0.488 0.873 0. 56.542 0. 0. 1. 0.
0.861 0.508 0. 259.277 -0.508 0.861 0. 55.479 0. 0. 1. 0.
0.849 0.528 0. 261.038 -0.528 0.849 0. 54.364 0. 0. 1. 0.
0.836 0.548 0. 262.821 -0.548 0.836 0. 53.221 0. 0. 1. 0.
0.824 0.567 0. 264.579 -0.567 0.824 0. 52.032 0. 0. 1. 0.
0.812 0.583 0. 266.294 -0.583 0.812 0. 50.773 0. 0. 1. 0.
0.801 0.598 0. 267.969 -0.598 0.801 0. 49.522 0. 0. 1. 0.
0.790 0.613 0. 269.683 -0.613 0.790 0. 48.214 0. 0. 1. 0.
0.779 0.627 0. 271.351 -0.627 0.779 0. 46.899 0. 0. 1. 0.
0.769 0.639 0. 272.966 -0.639 0.769 0. 45.565 0. 0. 1. 0.
0.758 0.653 0. 274.559 -0.653 0.758 0. 44.172 0. 0. 1. 0.
0.748 0.663 0. 276.179 -0.663 0.748 0. 42.759 0. 0. 1. 0.
0.738 0.675 0. 277.720 -0.675 0.738 0. 41.323 0. 0. 1. 0.
0.728 0.686 0. 279.302 -0.686 0.728 0. 39.861 0. 0. 1. 0.
0.720 0.694 0. 280.840 -0.694 0.720 0. 38.341 0. 0. 1. 0.
0.711 0.703 0. 282.390 -0.703 0.711 0. 36.840 0. 0. 1. 0.
0.703 0.711 0. 283.925 -0.711 0.703 0. 35.313 0. 0. 1. 0.
0.695 0.719 0. 285.468 -0.719 0.695 0. 33.770 0. 0. 1. 0.
0.692 0.722 0. 286.929 -0.722 0.692 0. 32.272 0. 0. 1. 0.
0.694 0.720 0. 288.438 -0.720 0.694 0. 30.777 0. 0. 1. 0.
0.701 0.714 0. 289.885 -0.714 0.701 0. 29.250 0. 0. 1. 0.
0.711 0.703 0. 291.457 -0.703 0.711 0. 27.749 0. 0. 1. 0.
0.723 0.691 0. 292.983 -0.691 0.723 0. 26.340 0. 0. 1. 0.
0.736 0.677 0. 294.536 -0.677 0.736 0. 24.964 0. 0. 1. 0.
0.751 0.661 0. 296.064 -0.661 0.751 0. 23.600 0. 0. 1. 0.
0.766 0.643 0. 297.721 -0.643 0.766 0. 22.267 0. 0. 1. 0.
0.782 0.623 0. 299.340 -0.623 0.782 0. 20.987 0. 0. 1. 0.
0.801 0.599 0. 300.996 -0.599 0.801 0. 19.748 0. 0. 1. 0.
0.819 0.573 0. 302.787 -0.573 0.819 0. 18.579 0. 0. 1. 0.
0.838 0.546 0. 304.575 -0.546 0.838 0. 17.457 0. 0. 1. 0.
0.856 0.516 0. 306.383 -0.516 0.856 0. 16.412 0. 0. 1. 0.
0.875 0.485 0. 308.302 -0.485 0.875 0. 15.422 0. 0. 1. 0.
0.893 0.449 0. 310.241 -0.449 0.893 0. 14.446 0. 0. 1. 0.
0.911 0.412 0. 312.244 -0.412 0.911 0. 13.582 0. 0. 1. 0.
0.928 0.373 0. 314.296 -0.373 0.928 0. 12.775 0. 0. 1. 0.
0.944 0.331 0. 316.399 -0.331 0.944 0. 12.086 0. 0. 1. 0.
0.957 0.291 0. 318.561 -0.291 0.957 0. 11.396 0. 0. 1. 0.
0.966 0.259 0. 320.744 -0.259 0.966 0. 10.877 0. 0. 1. 0.
0.973 0.230 0. 322.966 -0.230 0.973 0. 10.390 0. 0. 1. 0.
0.979 0.205 0. 325.209 -0.205 0.979 0. 9.948 0. 0. 1. 0.
0.983 0.184 0. 327.475 -0.184 0.983 0. 9.615 0. 0. 1. 0.
0.986 0.165 0. 329.753 -0.165 0.986 0. 9.257 0. 0. 1. 0.
0.989 0.149 0. 332.092 -0.149 0.989 0. 8.914 0. 0. 1. 0.
0.991 0.134 0. 334.413 -0.134 0.991 0. 8.618 0. 0. 1. 0.
0.992 0.122 0. 336.754 -0.122 0.992 0. 8.339 0. 0. 1. 0.
0.994 0.111 0. 339.115 -0.111 0.994 0. 8.082 0. 0. 1. 0.
0.995 0.100 0. 341.508 -0.100 0.995 0. 7.842 0. 0. 1. 0.
0.996 0.090 0. 343.932 -0.090 0.996 0. 7.643 0. 0. 1. 0.
0.997 0.080 0. 346.366 -0.080 0.997 0. 7.404 0. 0. 1. 0.
0.997 0.071 0. 348.793 -0.071 0.997 0. 7.236 0. 0. 1. 0.
0.998 0.059 0. 351.257 -0.059 0.998 0. 7.084 0. 0. 1. 0.
0.999 0.054 0. 353.695 -0.054 0.999 0. 6.964 0. 0. 1. 0.
0.999 0.044 0. 356.178 -0.044 0.999 0. 6.868 0. 0. 1. 0.
0.999 0.035 0. 358.665 -0.035 0.999 0. 6.738 0. 0. 1. 0.
1.000 0.028 0. 361.175 -0.028 1.000 0. 6.730 0. 0. 1. 0.
1.000 0.021 0. 363.635 -0.021 1.000 0. 6.731 0. 0. 1. 0.
1.000 0.018 0. 366.092 -0.018 1.000 0. 6.630 0. 0. 1. 0.
1. 0.010 0. 368.574 -0.010 1. 0. 6.625 0. 0. 1. 0.
1. 0.008 0. 370.983 -0.008 1. 0. 6.606 0. 0. 1. 0.
1. 0.002 0. 373.435 -0.002 1. 0. 6.597 0. 0. 1. 0.
1. -0.001 0. 375.861 0.001 1. 0. 6.604 0. 0. 1. 0.
1. -0.004 0. 378.360 0.004 1. 0. 6.654 0. 0. 1. 0.
1. -0.003 0. 380.762 0.003 1. 0. 6.620 0. 0. 1. 0.
1. -0.003 0. 383.236 0.003 1. 0. 6.653 0. 0. 1. 0.
1. -0.004 0. 385.691 0.004 1. 0. 6.660 0. 0. 1. 0.
1. -0.007 0. 388.143 0.007 1. 0. 6.677 0. 0. 1. 0.
1. -0.007 0. 390.625 0.007 1. 0. 6.714 0. 0. 1. 0.
1. -0.010 0. 393.082 0.010 1. 0. 6.751 0. 0. 1. 0.
1. -0.009 0. 395.567 0.009 1. 0. 6.774 0. 0. 1. 0.
1. -0.010 0. 397.998 0.010 1. 0. 6.800 0. 0. 1. 0.
1. -0.012 0. 400.450 0.012 1. 0. 6.830 0. 0. 1. 0.
1. -0.014 0. 402.866 0.014 1. 0. 6.865 0. 0. 1. 0.
1.000 -0.016 0. 405.317 0.016 1.000 0. 6.933 0. 0. 1. 0.
1.000 -0.016 0. 407.728 0.016 1.000 0. 6.998 0. 0. 1. 0.
1.000 -0.016 0. 410.088 0.016 1.000 0. 7.049 0. 0. 1. 0.
1.000 -0.019 0. 412.522 0.019 1.000 0. 7.105 0. 0. 1. 0.
1.000 -0.020 0. 414.857 0.020 1.000 0. 7.139 0. 0. 1. 0.
1.000 -0.023 0. 417.265 0.023 1.000 0. 7.230 0. 0. 1. 0.
1.000 -0.019 0. 419.606 0.019 1.000 0. 7.302 0. 0. 1. 0.
1.000 -0.019 0. 421.926 0.019 1.000 0. 7.348 0. 0. 1. 0.
1.000 -0.016 0. 424.254 0.016 1.000 0. 7.339 0. 0. 1. 0.
1.000 -0.019 0. 426.556 0.019 1.000 0. 7.394 0. 0. 1. 0.
1.000 -0.018 0. 428.870 0.018 1.000 0. 7.430 0. 0. 1. 0.
1.000 -0.017 0. 431.089 0.017 1.000 0. 7.468 0. 0. 1. 0.
1.000 -0.019 0. 433.374 0.019 1.000 0. 7.500 0. 0. 1. 0.
1.000 -0.018 0. 435.597 0.018 1.000 0. 7.536 0. 0. 1. 0.
1.000 -0.018 0. 437.811 0.018 1.000 0. 7.568 0. 0. 1. 0.
1.000 -0.016 0. 440.000 0.016 1.000 0. 7.592 0. 0. 1. 0.
1.000 -0.015 0. 442.189 0.015 1.000 0. 7.661 0. 0. 1. 0.
1. -0.013 0. 444.365 0.013 1. 0. 7.687 0. 0. 1. 0.
1.000 -0.014 0. 446.489 0.014 1.000 0. 7.752 0. 0. 1. 0.
1. -0.012 0. 448.573 0.012 1. 0. 7.769 0. 0. 1. 0.
1. -0.012 0. 450.558 0.012 1. 0. 7.813 0. 0. 1. 0.
1. -0.009 0. 452.544 0.009 1. 0. 7.840 0. 0. 1. 0.
1. -0.007 0. 454.439 0.007 1. 0. 7.841 0. 0. 1. 0.
1. -0.009 0. 456.262 0.009 1. 0. 7.839 0. 0. 1. 0.
1. -0.006 0. 458.018 0.006 1. 0. 7.843 0. 0. 1. 0.
1. -0.004 0. 459.723 0.004 1. 0. 7.852 0. 0. 1. 0.
1. -0.005 0. 461.387 0.005 1. 0. 7.892 0. 0. 1. 0.
1. -0.003 0. 462.949 0.003 1. 0. 7.833 0. 0. 1. 0.
1. -0.001 0. 464.440 0.001 1. 0. 7.840 0. 0. 1. 0.
1. 0.006 0. 465.898 -0.006 1. 0. 7.802 0. 0. 1. 0.
1.000 0.020 0. 467.270 -0.020 1.000 0. 7.796 0. 0. 1. 0.
0.999 0.042 0. 468.599 -0.042 0.999 0. 7.710 0. 0. 1. 0.
0.997 0.076 0. 469.875 -0.076 0.997 0. 7.598 0. 0. 1. 0.
0.993 0.118 0. 471.101 -0.118 0.993 0. 7.407 0. 0. 1. 0.
0.987 0.162 0. 472.315 -0.162 0.987 0. 7.174 0. 0. 1. 0.
0.976 0.218 0. 473.505 -0.218 0.976 0. 6.834 0. 0. 1. 0.
0.961 0.278 0. 474.634 -0.278 0.961 0. 6.428 0. 0. 1. 0.
0.940 0.340 0. 475.783 -0.340 0.940 0. 6.022 0. 0. 1. 0.
0.911 0.412 0. 476.830 -0.412 0.911 0. 5.459 0. 0. 1. 0.
0.872 0.490 0. 477.874 -0.490 0.872 0. 4.830 0. 0. 1. 0.
0.821 0.571 0. 478.775 -0.571 0.821 0. 4.072 0. 0. 1. 0.
0.756 0.655 0. 479.621 -0.655 0.756 0. 3.189 0. 0. 1. 0.
0.682 0.732 0. 480.347 -0.732 0.682 0. 2.258 0. 0. 1. 0.
0.596 0.803 0. 481.003 -0.803 0.596 0. 1.242 0. 0. 1. 0.
0.506 0.863 0. 481.531 -0.863 0.506 0. 0.113 0. 0. 1. 0.
0.424 0.906 0. 482.017 -0.906 0.424 0. -1.077 0. 0. 1. 0.
0.355 0.935 0. 482.422 -0.935 0.355 0. -2.365 0. 0. 1. 0.
0.304 0.953 0. 482.872 -0.953 0.304 0. -3.689 0. 0. 1. 0.
0.259 0.966 0. 483.239 -0.966 0.259 0. -5.056 0. 0. 1. 0.
0.217 0.976 0. 483.533 -0.976 0.217 0. -6.491 0. 0. 1. 0.
0.186 0.983 0. 483.796 -0.983 0.186 0. -7.958 0. 0. 1. 0.
0.161 0.987 0. 484.042 -0.987 0.161 0. -9.504 0. 0. 1. 0.
0.141 0.990 0. 484.215 -0.990 0.141 0. -11.106 0. 0. 1. 0.
0.122 0.992 0. 484.414 -0.992 0.122 0. -12.765 0. 0. 1. 0.
0.103 0.995 0. 484.545 -0.995 0.103 0. -14.477 0. 0. 1. 0.
0.083 0.997 0. 484.690 -0.997 0.083 0. -16.217 0. 0. 1. 0.
0.067 0.998 0. 484.806 -0.998 0.067 0. -18.035 0. 0. 1. 0.
0.048 0.999 0. 484.903 -0.999 0.048 0. -19.901 0. 0. 1. 0.
0.030 1.000 0. 484.970 -1.000 0.030 0. -21.787 0. 0. 1. 0.
0.014 1. 0. 485.023 -1. 0.014 0. -23.738 0. 0. 1. 0.
-0.000 1. 0. 485.017 -1. -0.000 0. -25.733 0. 0. 1. 0.
-0.010 1. 0. 485.004 -1. -0.010 0. -27.742 0. 0. 1. 0.
-0.023 1.000 0. 484.958 -1.000 -0.023 0. -29.834 0. 0. 1. 0.
-0.036 0.999 0. 484.895 -0.999 -0.036 0. -31.970 0. 0. 1. 0.
-0.045 0.999 0. 484.826 -0.999 -0.045 0. -34.146 0. 0. 1. 0.
-0.052 0.999 0. 484.707 -0.999 -0.052 0. -36.360 0. 0. 1. 0.
-0.053 0.999 0. 484.577 -0.999 -0.053 0. -38.626 0. 0. 1. 0.
-0.052 0.999 0. 484.449 -0.999 -0.052 0. -40.930 0. 0. 1. 0.
-0.050 0.999 0. 484.340 -0.999 -0.050 0. -43.258 0. 0. 1. 0.
-0.048 0.999 0. 484.220 -0.999 -0.048 0. -45.653 0. 0. 1. 0.
-0.047 0.999 0. 484.141 -0.999 -0.047 0. -48.067 0. 0. 1. 0.
-0.045 0.999 0. 484.023 -0.999 -0.045 0. -50.483 0. 0. 1. 0.
-0.041 0.999 0. 483.967 -0.999 -0.041 0. -52.925 0. 0. 1. 0.
-0.040 0.999 0. 483.860 -0.999 -0.040 0. -55.391 0. 0. 1. 0.
-0.038 0.999 0. 483.738 -0.999 -0.038 0. -57.852 0. 0. 1. 0.
-0.037 0.999 0. 483.701 -0.999 -0.037 0. -60.388 0. 0. 1. 0.
-0.034 0.999 0. 483.635 -0.999 -0.034 0. -62.913 0. 0. 1. 0.
-0.033 0.999 0. 483.580 -0.999 -0.033 0. -65.486 0. 0. 1. 0.
-0.031 1.000 0. 483.529 -1.000 -0.031 0. -68.050 0. 0. 1. 0.
-0.029 1.000 0. 483.409 -1.000 -0.029 0. -70.627 0. 0. 1. 0.
-0.031 1.000 0. 483.402 -1.000 -0.031 0. -73.203 0. 0. 1. 0.
-0.036 0.999 0. 483.295 -0.999 -0.036 0. -75.810 0. 0. 1. 0.
-0.040 0.999 0. 483.178 -0.999 -0.040 0. -78.439 0. 0. 1. 0.
-0.046 0.999 0. 483.071 -0.999 -0.046 0. -81.054 0. 0. 1. 0.
-0.049 0.999 0. 482.957 -0.999 -0.049 0. -83.694 0. 0. 1. 0.
-0.054 0.999 0. 482.806 -0.999 -0.054 0. -86.304 0. 0. 1. 0.
-0.059 0.998 0. 482.679 -0.998 -0.059 0. -88.963 0. 0. 1. 0.
-0.069 0.998 0. 482.481 -0.998 -0.069 0. -91.690 0. 0. 1. 0.
-0.076 0.997 0. 482.306 -0.997 -0.076 0. -94.290 0. 0. 1. 0.
-0.087 0.996 0. 482.060 -0.996 -0.087 0. -96.951 0. 0. 1. 0.
-0.100 0.995 0. 481.832 -0.995 -0.100 0. -99.622 0. 0. 1. 0.
-0.115 0.993 0. 481.520 -0.993 -0.115 0. -102.264 0. 0. 1. 0.
-0.128 0.992 0. 481.167 -0.992 -0.128 0. -104.928 0. 0. 1. 0.
-0.139 0.990 0. 480.831 -0.990 -0.139 0. -107.509 0. 0. 1. 0.
-0.151 0.989 0. 480.473 -0.989 -0.151 0. -110.120 0. 0. 1. 0.
-0.160 0.987 0. 480.021 -0.987 -0.160 0. -112.779 0. 0. 1. 0.
-0.170 0.986 0. 479.620 -0.986 -0.170 0. -115.339 0. 0. 1. 0.
-0.182 0.983 0. 479.109 -0.983 -0.182 0. -117.927 0. 0. 1. 0.
-0.194 0.981 0. 478.602 -0.981 -0.194 0. -120.563 0. 0. 1. 0.
-0.207 0.978 0. 478.093 -0.978 -0.207 0. -123.173 0. 0. 1. 0.
-0.223 0.975 0. 477.527 -0.975 -0.223 0. -125.820 0. 0. 1. 0.
-0.238 0.971 0. 476.904 -0.971 -0.238 0. -128.478 0. 0. 1. 0.
-0.255 0.967 0. 476.268 -0.967 -0.255 0. -131.101 0. 0. 1. 0.
-0.272 0.962 0. 475.588 -0.962 -0.272 0. -133.766 0. 0. 1. 0.
-0.288 0.958 0. 474.793 -0.958 -0.288 0. -136.403 0. 0. 1. 0.
-0.304 0.953 0. 473.948 -0.953 -0.304 0. -139.070 0. 0. 1. 0.
-0.320 0.947 0. 473.103 -0.947 -0.320 0. -141.684 0. 0. 1. 0.
-0.334 0.943 0. 472.195 -0.943 -0.334 0. -144.325 0. 0. 1. 0.
-0.343 0.939 0. 471.270 -0.939 -0.343 0. -146.971 0. 0. 1. 0.
-0.354 0.935 0. 470.303 -0.935 -0.354 0. -149.594 0. 0. 1. 0.
-0.362 0.932 0. 469.343 -0.932 -0.362 0. -152.176 0. 0. 1. 0.
-0.374 0.927 0. 468.342 -0.927 -0.374 0. -154.777 0. 0. 1. 0.
-0.383 0.924 0. 467.287 -0.924 -0.383 0. -157.338 0. 0. 1. 0.
-0.392 0.920 0. 466.222 -0.920 -0.392 0. -159.873 0. 0. 1. 0.
-0.403 0.915 0. 465.087 -0.915 -0.403 0. -162.450 0. 0. 1. 0.
-0.414 0.910 0. 463.922 -0.910 -0.414 0. -164.987 0. 0. 1. 0.
-0.426 0.905 0. 462.737 -0.905 -0.426 0. -167.549 0. 0. 1. 0.
-0.434 0.901 0. 461.595 -0.901 -0.434 0. -170.091 0. 0. 1. 0.
-0.440 0.898 0. 460.384 -0.898 -0.440 0. -172.655 0. 0. 1. 0.
-0.442 0.897 0. 459.108 -0.897 -0.442 0. -175.184 0. 0. 1. 0.
-0.441 0.897 0. 457.850 -0.897 -0.441 0. -177.749 0. 0. 1. 0.
-0.442 0.897 0. 456.628 -0.897 -0.442 0. -180.349 0. 0. 1. 0.
-0.441 0.897 0. 455.379 -0.897 -0.441 0. -182.909 0. 0. 1. 0.
-0.442 0.897 0. 454.132 -0.897 -0.442 0. -185.522 0. 0. 1. 0.
-0.442 0.897 0. 452.870 -0.897 -0.442 0. -188.083 0. 0. 1. 0.
-0.444 0.896 0. 451.626 -0.896 -0.444 0. -190.661 0. 0. 1. 0.
-0.447 0.895 0. 450.368 -0.895 -0.447 0. -193.257 0. 0. 1. 0.
-0.446 0.895 0. 449.040 -0.895 -0.446 0. -195.836 0. 0. 1. 0.
-0.449 0.894 0. 447.806 -0.894 -0.449 0. -198.421 0. 0. 1. 0.
-0.449 0.894 0. 446.457 -0.894 -0.449 0. -200.957 0. 0. 1. 0.
-0.450 0.893 0. 445.153 -0.893 -0.450 0. -203.537 0. 0. 1. 0.
-0.452 0.892 0. 443.880 -0.892 -0.452 0. -206.130 0. 0. 1. 0.
-0.453 0.892 0. 442.613 -0.892 -0.453 0. -208.652 0. 0. 1. 0.
-0.449 0.894 0. 441.295 -0.894 -0.449 0. -211.177 0. 0. 1. 0.
-0.449 0.893 0. 440.011 -0.893 -0.449 0. -213.738 0. 0. 1. 0.
-0.446 0.895 0. 438.813 -0.895 -0.446 0. -216.257 0. 0. 1. 0.
-0.445 0.896 0. 437.530 -0.896 -0.445 0. -218.729 0. 0. 1. 0.
-0.441 0.898 0. 436.322 -0.898 -0.441 0. -221.207 0. 0. 1. 0.
-0.441 0.898 0. 435.063 -0.898 -0.441 0. -223.698 0. 0. 1. 0.
-0.441 0.898 0. 433.920 -0.898 -0.441 0. -226.147 0. 0. 1. 0.
-0.444 0.896 0. 432.722 -0.896 -0.444 0. -228.609 0. 0. 1. 0.
-0.447 0.894 0. 431.528 -0.894 -0.447 0. -231.029 0. 0. 1. 0.
-0.452 0.892 0. 430.310 -0.892 -0.452 0. -233.460 0. 0. 1. 0.
-0.459 0.889 0. 429.089 -0.889 -0.459 0. -235.871 0. 0. 1. 0.
-0.465 0.886 0. 427.865 -0.886 -0.465 0. -238.303 0. 0. 1. 0.
-0.471 0.882 0. 426.577 -0.882 -0.471 0. -240.726 0. 0. 1. 0.
-0.479 0.878 0. 425.262 -0.878 -0.479 0. -243.110 0. 0. 1. 0.
-0.488 0.873 0. 423.989 -0.873 -0.488 0. -245.422 0. 0. 1. 0.
-0.498 0.867 0. 422.618 -0.867 -0.498 0. -247.858 0. 0. 1. 0.
-0.508 0.861 0. 421.272 -0.861 -0.508 0. -250.273 0. 0. 1. 0.
-0.517 0.856 0. 419.807 -0.856 -0.517 0. -252.565 0. 0. 1. 0.
-0.526 0.851 0. 418.324 -0.851 -0.526 0. -254.998 0. 0. 1. 0.
-0.535 0.845 0. 416.817 -0.845 -0.535 0. -257.373 0. 0. 1. 0.
-0.541 0.841 0. 415.407 -0.841 -0.541 0. -259.640 0. 0. 1. 0.
-0.551 0.835 0. 413.944 -0.835 -0.551 0. -262.041 0. 0. 1. 0.
-0.560 0.829 0. 412.359 -0.829 -0.560 0. -264.426 0. 0. 1. 0.
-0.567 0.824 0. 410.728 -0.824 -0.567 0. -266.758 0. 0. 1. 0.
-0.571 0.821 0. 409.163 -0.821 -0.571 0. -269.118 0. 0. 1. 0.
-0.578 0.816 0. 407.591 -0.816 -0.578 0. -271.501 0. 0. 1. 0.
-0.584 0.812 0. 405.966 -0.812 -0.584 0. -273.831 0. 0. 1. 0.
-0.590 0.808 0. 404.305 -0.808 -0.590 0. -276.135 0. 0. 1. 0.
-0.596 0.803 0. 402.658 -0.803 -0.596 0. -278.439 0. 0. 1. 0.
-0.602 0.799 0. 401.005 -0.799 -0.602 0. -280.685 0. 0. 1. 0.
-0.608 0.794 0. 399.304 -0.794 -0.608 0. -282.930 0. 0. 1. 0.
-0.613 0.790 0. 397.586 -0.790 -0.613 0. -285.134 0. 0. 1. 0.
-0.614 0.790 0. 395.931 -0.790 -0.614 0. -287.338 0. 0. 1. 0.
-0.613 0.790 0. 394.212 -0.790 -0.613 0. -289.535 0. 0. 1. 0.
-0.614 0.789 0. 392.547 -0.789 -0.614 0. -291.756 0. 0. 1. 0.
-0.615 0.788 0. 390.830 -0.788 -0.615 0. -293.944 0. 0. 1. 0.
-0.616 0.788 0. 389.190 -0.788 -0.616 0. -296.119 0. 0. 1. 0.
-0.615 0.789 0. 387.457 -0.789 -0.615 0. -298.289 0. 0. 1. 0.
-0.609 0.793 0. 385.812 -0.793 -0.609 0. -300.466 0. 0. 1. 0.
-0.600 0.800 0. 384.215 -0.800 -0.600 0. -302.692 0. 0. 1. 0.
-0.591 0.807 0. 382.592 -0.807 -0.591 0. -304.934 0. 0. 1. 0.
-0.582 0.813 0. 380.959 -0.813 -0.582 0. -307.105 0. 0. 1. 0.
-0.572 0.820 0. 379.442 -0.820 -0.572 0. -309.339 0. 0. 1. 0.
-0.563 0.827 0. 377.870 -0.827 -0.563 0. -311.713 0. 0. 1. 0.
-0.552 0.834 0. 376.343 -0.834 -0.552 0. -313.971 0. 0. 1. 0.
-0.541 0.841 0. 374.921 -0.841 -0.541 0. -316.312 0. 0. 1. 0.
-0.531 0.848 0. 373.420 -0.848 -0.531 0. -318.695 0. 0. 1. 0.
-0.518 0.855 0. 371.965 -0.855 -0.518 0. -321.084 0. 0. 1. 0.
-0.506 0.863 0. 370.527 -0.863 -0.506 0. -323.516 0. 0. 1. 0.
-0.492 0.871 0. 369.109 -0.871 -0.492 0. -326. 0. 0. 1. 0.
-0.483 0.876 0. 367.718 -0.876 -0.483 0. -328.430 0. 0. 1. 0.
-0.474 0.880 0. 366.466 -0.880 -0.474 0. -330.994 0. 0. 1. 0.
-0.467 0.884 0. 365.102 -0.884 -0.467 0. -333.576 0. 0. 1. 0.
-0.459 0.889 0. 363.841 -0.889 -0.459 0. -336.112 0. 0. 1. 0.
-0.453 0.891 0. 362.564 -0.891 -0.453 0. -338.696 0. 0. 1. 0.
-0.452 0.892 0. 361.259 -0.892 -0.452 0. -341.249 0. 0. 1. 0.
-0.453 0.891 0. 359.997 -0.891 -0.453 0. -343.813 0. 0. 1. 0.
-0.452 0.892 0. 358.712 -0.892 -0.452 0. -346.382 0. 0. 1. 0.
-0.452 0.892 0. 357.418 -0.892 -0.452 0. -348.937 0. 0. 1. 0.
-0.452 0.892 0. 356.096 -0.892 -0.452 0. -351.507 0. 0. 1. 0.
-0.451 0.893 0. 354.812 -0.893 -0.451 0. -354.037 0. 0. 1. 0.
-0.449 0.894 0. 353.548 -0.894 -0.449 0. -356.647 0. 0. 1. 0.
-0.449 0.894 0. 352.235 -0.894 -0.449 0. -359.189 0. 0. 1. 0.
-0.450 0.893 0. 350.930 -0.893 -0.450 0. -361.794 0. 0. 1. 0.
-0.450 0.893 0. 349.620 -0.893 -0.450 0. -364.359 0. 0. 1. 0.
-0.450 0.893 0. 348.284 -0.893 -0.450 0. -366.973 0. 0. 1. 0.
-0.450 0.893 0. 346.985 -0.893 -0.450 0. -369.627 0. 0. 1. 0.
-0.450 0.893 0. 345.728 -0.893 -0.450 0. -372.293 0. 0. 1. 0.
-0.451 0.892 0. 344.494 -0.892 -0.451 0. -374.932 0. 0. 1. 0.
-0.449 0.894 0. 343.160 -0.894 -0.449 0. -377.597 0. 0. 1. 0.
-0.447 0.894 0. 341.881 -0.894 -0.447 0. -380.293 0. 0. 1. 0.
-0.446 0.895 0. 340.518 -0.895 -0.446 0. -382.937 0. 0. 1. 0.
-0.445 0.895 0. 339.134 -0.895 -0.445 0. -385.566 0. 0. 1. 0.
-0.443 0.897 0. 337.831 -0.897 -0.443 0. -388.269 0. 0. 1. 0.
-0.442 0.897 0. 336.462 -0.897 -0.442 0. -390.932 0. 0. 1. 0.
-0.440 0.898 0. 335.162 -0.898 -0.440 0. -393.677 0. 0. 1. 0.
-0.440 0.898 0. 333.844 -0.898 -0.440 0. -396.385 0. 0. 1. 0.
-0.439 0.899 0. 332.529 -0.899 -0.439 0. -399.103 0. 0. 1. 0.
-0.437 0.899 0. 331.178 -0.899 -0.437 0. -401.808 0. 0. 1. 0.
-0.437 0.899 0. 329.917 -0.899 -0.437 0. -404.531 0. 0. 1. 0.
-0.436 0.900 0. 328.627 -0.900 -0.436 0. -407.240 0. 0. 1. 0.
-0.435 0.901 0. 327.276 -0.901 -0.435 0. -409.964 0. 0. 1. 0.
-0.434 0.901 0. 325.976 -0.901 -0.434 0. -412.658 0. 0. 1. 0.
-0.433 0.901 0. 324.668 -0.901 -0.433 0. -415.343 0. 0. 1. 0.
-0.435 0.901 0. 323.297 -0.901 -0.435 0. -418.022 0. 0. 1. 0.
-0.436 0.900 0. 322.082 -0.900 -0.436 0. -420.739 0. 0. 1. 0.
-0.440 0.898 0. 320.791 -0.898 -0.440 0. -423.381 0. 0. 1. 0.
-0.443 0.896 0. 319.474 -0.896 -0.443 0. -425.988 0. 0. 1. 0.
-0.443 0.896 0. 318.195 -0.896 -0.443 0. -428.677 0. 0. 1. 0.
-0.442 0.897 0. 316.892 -0.897 -0.442 0. -431.293 0. 0. 1. 0.
-0.441 0.897 0. 315.632 -0.897 -0.441 0. -433.908 0. 0. 1. 0.
-0.439 0.898 0. 314.354 -0.898 -0.439 0. -436.543 0. 0. 1. 0.
-0.438 0.899 0. 313.128 -0.899 -0.438 0. -439.157 0. 0. 1. 0.
-0.434 0.901 0. 311.923 -0.901 -0.434 0. -441.766 0. 0. 1. 0.
-0.437 0.899 0. 310.685 -0.899 -0.437 0. -444.300 0. 0. 1. 0.
-0.436 0.900 0. 309.442 -0.900 -0.436 0. -446.870 0. 0. 1. 0.
-0.432 0.902 0. 308.276 -0.902 -0.432 0. -449.474 0. 0. 1. 0.
-0.431 0.902 0. 307.016 -0.902 -0.431 0. -451.992 0. 0. 1. 0.
-0.428 0.904 0. 305.784 -0.904 -0.428 0. -454.468 0. 0. 1. 0.
-0.427 0.904 0. 304.630 -0.904 -0.427 0. -456.956 0. 0. 1. 0.
-0.425 0.905 0. 303.440 -0.905 -0.425 0. -459.444 0. 0. 1. 0.
-0.421 0.907 0. 302.263 -0.907 -0.421 0. -461.900 0. 0. 1. 0.
-0.416 0.909 0. 301.220 -0.909 -0.416 0. -464.388 0. 0. 1. 0.
-0.414 0.910 0. 300.099 -0.910 -0.414 0. -466.827 0. 0. 1. 0.
-0.414 0.910 0. 298.995 -0.910 -0.414 0. -469.255 0. 0. 1. 0.
-0.410 0.912 0. 297.879 -0.912 -0.410 0. -471.684 0. 0. 1. 0.
-0.407 0.913 0. 296.773 -0.913 -0.407 0. -474.063 0. 0. 1. 0.
-0.407 0.913 0. 295.723 -0.913 -0.407 0. -476.513 0. 0. 1. 0.
-0.406 0.914 0. 294.625 -0.914 -0.406 0. -478.825 0. 0. 1. 0.
-0.409 0.913 0. 293.639 -0.913 -0.409 0. -481.158 0. 0. 1. 0.
-0.413 0.911 0. 292.610 -0.911 -0.413 0. -483.434 0. 0. 1. 0.
-0.417 0.909 0. 291.569 -0.909 -0.417 0. -485.692 0. 0. 1. 0.
-0.420 0.908 0. 290.567 -0.908 -0.420 0. -487.861 0. 0. 1. 0.
-0.423 0.906 0. 289.527 -0.906 -0.423 0. -489.970 0. 0. 1. 0.
-0.427 0.904 0. 288.508 -0.904 -0.427 0. -492.107 0. 0. 1. 0.
-0.432 0.902 0. 287.516 -0.902 -0.432 0. -494.201 0. 0. 1. 0.
-0.437 0.900 0. 286.559 -0.900 -0.437 0. -496.244 0. 0. 1. 0.
-0.443 0.897 0. 285.563 -0.897 -0.443 0. -498.314 0. 0. 1. 0.
-0.447 0.894 0. 284.596 -0.894 -0.447 0. -500.311 0. 0. 1. 0.
-0.456 0.890 0. 283.598 -0.890 -0.456 0. -502.164 0. 0. 1. 0.
-0.466 0.885 0. 282.579 -0.885 -0.466 0. -503.997 0. 0. 1. 0.
-0.484 0.875 0. 281.693 -0.875 -0.484 0. -505.742 0. 0. 1. 0.
-0.509 0.861 0. 280.731 -0.861 -0.509 0. -507.347 0. 0. 1. 0.
-0.542 0.841 0. 279.768 -0.841 -0.542 0. -508.821 0. 0. 1. 0.
-0.578 0.816 0. 278.702 -0.816 -0.578 0. -510.232 0. 0. 1. 0.
-0.619 0.785 0. 277.705 -0.785 -0.619 0. -511.432 0. 0. 1. 0.
-0.664 0.748 0. 276.654 -0.748 -0.664 0. -512.529 0. 0. 1. 0.
-0.713 0.702 0. 275.547 -0.702 -0.713 0. -513.503 0. 0. 1. 0.
-0.766 0.643 0. 274.331 -0.643 -0.766 0. -514.351 0. 0. 1. 0.
-0.815 0.580 0. 273.252 -0.580 -0.815 0. -515.090 0. 0. 1. 0.
-0.857 0.515 0. 272.027 -0.515 -0.857 0. -515.815 0. 0. 1. 0.
-0.894 0.448 0. 270.759 -0.448 -0.894 0. -516.384 0. 0. 1. 0.
-0.924 0.382 0. 269.390 -0.382 -0.924 0. -516.926 0. 0. 1. 0.
-0.948 0.319 0. 268.034 -0.319 -0.948 0. -517.327 0. 0. 1. 0.
-0.966 0.257 0. 266.647 -0.257 -0.966 0. -517.661 0. 0. 1. 0.
-0.978 0.208 0. 265.307 -0.208 -0.978 0. -517.921 0. 0. 1. 0.
-0.986 0.164 0. 263.907 -0.164 -0.986 0. -518.091 0. 0. 1. 0.
-0.992 0.123 0. 262.478 -0.123 -0.992 0. -518.201 0. 0. 1. 0.
-0.997 0.083 0. 261.046 -0.083 -0.997 0. -518.361 0. 0. 1. 0.
-0.999 0.049 0. 259.701 -0.049 -0.999 0. -518.437 0. 0. 1. 0.
-1.000 0.020 0. 258.174 -0.020 -1.000 0. -518.436 0. 0. 1. 0.
-1. 0.002 0. 256.771 -0.002 -1. 0. -518.431 0. 0. 1. 0.
-1. -0.013 0. 255.297 0.013 -1. 0. -518.437 0. 0. 1. 0.
-1.000 -0.021 0. 253.828 0.021 -1.000 0. -518.396 0. 0. 1. 0.
-1.000 -0.025 0. 252.313 0.025 -1.000 0. -518.370 0. 0. 1. 0.
-1.000 -0.029 0. 250.785 0.029 -1.000 0. -518.320 0. 0. 1. 0.
-1.000 -0.030 0. 249.216 0.030 -1.000 0. -518.297 0. 0. 1. 0.
-1.000 -0.031 0. 247.674 0.031 -1.000 0. -518.210 0. 0. 1. 0.
-1.000 -0.027 0. 246.037 0.027 -1.000 0. -518.166 0. 0. 1. 0.
-1.000 -0.023 0. 244.431 0.023 -1.000 0. -518.093 0. 0. 1. 0.
-1.000 -0.021 0. 242.829 0.021 -1.000 0. -518.056 0. 0. 1. 0.
-1.000 -0.015 0. 241.215 0.015 -1.000 0. -518.030 0. 0. 1. 0.
-1. -0.009 0. 239.522 0.009 -1. 0. -517.993 0. 0. 1. 0.
-1. -0.005 0. 237.874 0.005 -1. 0. -517.948 0. 0. 1. 0.
-1. -0.001 0. 236.233 0.001 -1. 0. -517.994 0. 0. 1. 0.
-1. 0.001 0. 234.495 -0.001 -1. 0. -517.927 0. 0. 1. 0.
-1. 0.001 0. 232.832 -0.001 -1. 0. -517.906 0. 0. 1. 0.
-1. -0.006 0. 231.142 0.006 -1. 0. -517.915 0. 0. 1. 0.
-1. -0.011 0. 229.481 0.011 -1. 0. -517.900 0. 0. 1. 0.
-1.000 -0.018 0. 227.821 0.018 -1.000 0. -517.902 0. 0. 1. 0.
-0.999 -0.036 0. 226.195 0.036 -0.999 0. -517.849 0. 0. 1. 0.
-0.998 -0.055 0. 224.581 0.055 -0.998 0. -517.735 0. 0. 1. 0.
-0.997 -0.075 0. 223.009 0.075 -0.997 0. -517.603 0. 0. 1. 0.
-0.995 -0.097 0. 221.444 0.097 -0.995 0. -517.492 0. 0. 1. 0.
-0.993 -0.118 0. 219.875 0.118 -0.993 0. -517.293 0. 0. 1. 0.
-0.990 -0.138 0. 218.327 0.138 -0.990 0. -517.070 0. 0. 1. 0.
-0.988 -0.152 0. 216.851 0.152 -0.988 0. -516.872 0. 0. 1. 0.
-0.986 -0.164 0. 215.360 0.164 -0.986 0. -516.646 0. 0. 1. 0.
-0.986 -0.167 0. 213.866 0.167 -0.986 0. -516.368 0. 0. 1. 0.
-0.987 -0.162 0. 212.398 0.162 -0.987 0. -516.188 0. 0. 1. 0.
-0.989 -0.149 0. 210.860 0.149 -0.989 0. -515.946 0. 0. 1. 0.
-0.991 -0.132 0. 209.452 0.132 -0.991 0. -515.772 0. 0. 1. 0.
-0.994 -0.109 0. 207.963 0.109 -0.994 0. -515.552 0. 0. 1. 0.
-0.997 -0.083 0. 206.424 0.083 -0.997 0. -515.501 0. 0. 1. 0.
-0.999 -0.054 0. 204.914 0.054 -0.999 0. -515.427 0. 0. 1. 0.
-1.000 -0.023 0. 203.396 0.023 -1.000 0. -515.429 0. 0. 1. 0.
-1. 0.010 0. 201.890 -0.010 -1. 0. -515.441 0. 0. 1. 0.
-0.999 0.043 0. 200.357 -0.043 -0.999 0. -515.561 0. 0. 1. 0.
-0.997 0.080 0. 198.848 -0.080 -0.997 0. -515.635 0. 0. 1. 0.
-0.993 0.115 0. 197.296 -0.115 -0.993 0. -515.923 0. 0. 1. 0.
-0.988 0.152 0. 195.695 -0.152 -0.988 0. -516.137 0. 0. 1. 0.
-0.984 0.177 0. 194.140 -0.177 -0.984 0. -516.456 0. 0. 1. 0.
-0.982 0.191 0. 192.583 -0.191 -0.982 0. -516.810 0. 0. 1. 0.
-0.981 0.196 0. 190.981 -0.196 -0.981 0. -517.088 0. 0. 1. 0.
-0.982 0.190 0. 189.368 -0.190 -0.982 0. -517.421 0. 0. 1. 0.
-0.983 0.181 0. 187.733 -0.181 -0.983 0. -517.676 0. 0. 1. 0.
-0.985 0.170 0. 186.087 -0.170 -0.985 0. -517.977 0. 0. 1. 0.
-0.987 0.163 0. 184.446 -0.163 -0.987 0. -518.290 0. 0. 1. 0.
-0.989 0.151 0. 182.773 -0.151 -0.989 0. -518.537 0. 0. 1. 0.
-0.990 0.141 0. 181.052 -0.141 -0.990 0. -518.757 0. 0. 1. 0.
-0.991 0.132 0. 179.329 -0.132 -0.991 0. -518.976 0. 0. 1. 0.
-0.992 0.124 0. 177.642 -0.124 -0.992 0. -519.231 0. 0. 1. 0.
-0.993 0.116 0. 175.895 -0.116 -0.993 0. -519.391 0. 0. 1. 0.
-0.994 0.108 0. 174.226 -0.108 -0.994 0. -519.642 0. 0. 1. 0.
-0.995 0.103 0. 172.462 -0.103 -0.995 0. -519.805 0. 0. 1. 0.
-0.995 0.098 0. 170.766 -0.098 -0.995 0. -520.001 0. 0. 1. 0.
-0.996 0.092 0. 169.031 -0.092 -0.996 0. -520.175 0. 0. 1. 0.
-0.996 0.088 0. 167.344 -0.088 -0.996 0. -520.355 0. 0. 1. 0.
-0.996 0.084 0. 165.632 -0.084 -0.996 0. -520.524 0. 0. 1. 0.
-0.997 0.080 0. 163.926 -0.080 -0.997 0. -520.625 0. 0. 1. 0.
-0.997 0.077 0. 162.207 -0.077 -0.997 0. -520.758 0. 0. 1. 0.
-0.997 0.072 0. 160.509 -0.072 -0.997 0. -520.926 0. 0. 1. 0.
-0.998 0.068 0. 158.807 -0.068 -0.998 0. -521.013 0. 0. 1. 0.
-0.998 0.067 0. 157.075 -0.067 -0.998 0. -521.130 0. 0. 1. 0.
-0.998 0.063 0. 155.360 -0.063 -0.998 0. -521.251 0. 0. 1. 0.
-0.998 0.059 0. 153.712 -0.059 -0.998 0. -521.353 0. 0. 1. 0.
-0.998 0.055 0. 152.031 -0.055 -0.998 0. -521.413 0. 0. 1. 0.
-0.999 0.051 0. 150.395 -0.051 -0.999 0. -521.518 0. 0. 1. 0.
-0.999 0.048 0. 148.742 -0.048 -0.999 0. -521.611 0. 0. 1. 0.
-0.999 0.045 0. 147.125 -0.045 -0.999 0. -521.683 0. 0. 1. 0.
-0.999 0.041 0. 145.535 -0.041 -0.999 0. -521.758 0. 0. 1. 0.
-0.999 0.038 0. 143.940 -0.038 -0.999 0. -521.834 0. 0. 1. 0.
-0.999 0.034 0. 142.361 -0.034 -0.999 0. -521.877 0. 0. 1. 0.
-1.000 0.029 0. 140.792 -0.029 -1.000 0. -521.986 0. 0. 1. 0.
-1.000 0.023 0. 139.235 -0.023 -1.000 0. -522.019 0. 0. 1. 0.
-1.000 0.019 0. 137.730 -0.019 -1.000 0. -522.066 0. 0. 1. 0.
-1.000 0.017 0. 136.220 -0.017 -1.000 0. -522.101 0. 0. 1. 0.
-1. 0.012 0. 134.700 -0.012 -1. 0. -522.153 0. 0. 1. 0.
-1. 0.007 0. 133.222 -0.007 -1. 0. -522.160 0. 0. 1. 0.
-1. 0.003 0. 131.699 -0.003 -1. 0. -522.186 0. 0. 1. 0.
-1. -0.005 0. 130.234 0.005 -1. 0. -522.178 0. 0. 1. 0.
-1.000 -0.016 0. 128.788 0.016 -1.000 0. -522.133 0. 0. 1. 0.
-0.999 -0.032 0. 127.348 0.032 -0.999 0. -522.145 0. 0. 1. 0.
-0.999 -0.054 0. 125.932 0.054 -0.999 0. -522.060 0. 0. 1. 0.
-0.997 -0.084 0. 124.504 0.084 -0.997 0. -521.884 0. 0. 1. 0.
-0.993 -0.114 0. 123.171 0.114 -0.993 0. -521.732 0. 0. 1. 0.
