1561000452974693 0.99975 -0.02258 0.00000 -6.33340 0.02258 0.99975 -0.00000 -0.02367 -0.00000 0.00000 1.00000 0.00000
1561000453225385 0.99962 -0.02740 0.00000 -7.22081 0.02740 0.99962 -0.00000 -0.01369 -0.00000 0.00000 1.00000 0.00000
1561000453476360 0.99947 -0.03248 0.00000 -8.20099 0.03248 0.99947 -0.00000 -0.07058 -0.00000 0.00000 1.00000 0.00000
1561000453727328 0.99931 -0.03719 0.00000 -9.21148 0.03719 0.99931 -0.00000 -0.08047 -0.00000 0.00000 1.00000 0.00000
1561000453978190 0.99912 -0.04201 0.00000 -10.25730 0.04201 0.99912 -0.00000 -0.12915 -0.00000 0.00000 1.00000 0.00000
1561000454228891 0.99896 -0.04568 0.00000 -11.36414 0.04568 0.99896 -0.00000 -0.15586 -0.00000 0.00000 1.00000 0.00000
1561000454479651 0.99884 -0.04825 0.00000 -12.52179 0.04825 0.99884 -0.00000 -0.21801 -0.00000 0.00000 1.00000 0.00000
1561000454730705 0.99876 -0.04979 0.00000 -13.70190 0.04979 0.99876 -0.00000 -0.19623 -0.00000 0.00000 1.00000 0.00000
1561000454982122 0.99881 -0.04876 0.00000 -14.97520 0.04876 0.99881 -0.00000 -0.19770 -0.00000 0.00000 1.00000 0.00000
1561000455232943 0.99891 -0.04666 0.00000 -16.28131 0.04666 0.99891 -0.00000 -0.16172 -0.00000 0.00000 1.00000 0.00000
1561000455484980 0.99891 -0.04658 0.00000 -17.62824 0.04658 0.99891 -0.00000 -0.15649 -0.00000 0.00000 1.00000 0.00000
1561000455733801 0.99901 -0.04458 0.00000 -19.03356 0.04458 0.99901 -0.00000 -0.14218 -0.00000 0.00000 1.00000 0.00000
1561000455985716 0.99906 -0.04331 0.00000 -20.46507 0.04331 0.99906 -0.00000 -0.11823 -0.00000 0.00000 1.00000 0.00000
1561000456235346 0.99909 -0.04269 0.00000 -21.93264 0.04269 0.99909 -0.00000 -0.11235 -0.00000 0.00000 1.00000 0.00000
1561000456483580 0.99904 -0.04380 0.00000 -23.41013 0.04380 0.99904 -0.00000 -0.12888 -0.00000 0.00000 1.00000 0.00000
1561000456733214 0.99899 -0.04492 0.00000 -25.00997 0.04492 0.99899 -0.00000 -0.13877 -0.00000 0.00000 1.00000 0.00000
1561000456983059 0.99928 -0.03794 0.00000 -26.68099 0.03794 0.99928 -0.00000 0.04723 -0.00000 0.00000 1.00000 0.00000
1561000457232398 0.99945 -0.03322 0.00000 -28.39063 0.03322 0.99945 -0.00000 0.26279 -0.00000 0.00000 1.00000 0.00000
1561000457481918 0.99942 -0.03418 0.00000 -30.06489 0.03418 0.99942 -0.00000 0.14964 -0.00000 0.00000 1.00000 0.00000
1561000457731848 0.99950 -0.03175 0.00000 -31.88187 0.03175 0.99950 -0.00000 0.19644 -0.00000 0.00000 1.00000 0.00000
1561000457981349 0.99957 -0.02922 0.00000 -33.78940 0.02922 0.99957 -0.00000 0.24699 -0.00000 0.00000 1.00000 0.00000
1561000458230556 0.99955 -0.02985 0.00000 -35.71005 0.02985 0.99955 -0.00000 0.24016 -0.00000 0.00000 1.00000 0.00000
1561000458480313 0.99951 -0.03129 0.00000 -37.69097 0.03129 0.99951 -0.00000 0.20468 -0.00000 0.00000 1.00000 0.00000
1561000458730184 0.99960 -0.02814 0.00000 -39.69719 0.02814 0.99960 -0.00000 0.36691 -0.00000 0.00000 1.00000 0.00000
1561000458979946 0.99971 -0.02409 0.00000 -41.83203 0.02409 0.99971 -0.00000 0.47204 -0.00000 0.00000 1.00000 0.00000
1561000459230310 0.99979 -0.02026 0.00000 -43.96154 0.02026 0.99979 -0.00000 0.58690 -0.00000 0.00000 1.00000 0.00000
1561000459478978 0.99987 -0.01637 0.00000 -46.14345 0.01637 0.99987 -0.00000 0.75396 -0.00000 0.00000 1.00000 0.00000
1561000459728263 0.99991 -0.01362 0.00000 -48.36521 0.01362 0.99991 -0.00000 0.88921 -0.00000 0.00000 1.00000 0.00000
1561000459976957 0.99996 -0.00870 0.00000 -50.56675 0.00870 0.99996 -0.00000 1.11456 -0.00000 0.00000 1.00000 0.00000
1561000460228619 0.99999 -0.00497 0.00000 -52.78524 0.00497 0.99999 -0.00000 1.28274 -0.00000 0.00000 1.00000 0.00000
1561000460479057 1.00000 -0.00072 0.00000 -54.98120 0.00072 1.00000 -0.00000 1.48947 -0.00000 0.00000 1.00000 0.00000
1561000460725813 0.99999 0.00456 -0.00000 -57.11576 -0.00456 0.99999 0.00000 1.77736 0.00000 -0.00000 1.00000 -0.00000
1561000460974620 0.99995 0.01036 -0.00000 -59.26423 -0.01036 0.99995 0.00000 2.09288 0.00000 -0.00000 1.00000 -0.00000
1561000461223439 0.99990 0.01429 -0.00000 -61.38754 -0.01429 0.99990 0.00000 2.32555 0.00000 -0.00000 1.00000 -0.00000
1561000461472649 0.99986 0.01692 -0.00000 -63.50970 -0.01692 0.99986 0.00000 2.52382 0.00000 -0.00000 1.00000 -0.00000
1561000461722049 0.99981 0.01926 -0.00000 -65.63962 -0.01926 0.99981 0.00000 2.63658 0.00000 -0.00000 1.00000 -0.00000
1561000461972031 0.99977 0.02157 -0.00000 -67.74073 -0.02157 0.99977 0.00000 2.78593 0.00000 -0.00000 1.00000 -0.00000
1561000462221366 0.99969 0.02474 -0.00000 -69.84488 -0.02474 0.99969 0.00000 2.99651 0.00000 -0.00000 1.00000 -0.00000
1561000462470059 0.99966 0.02589 -0.00000 -71.90844 -0.02589 0.99966 0.00000 3.10337 0.00000 -0.00000 1.00000 -0.00000
1561000462719578 0.99955 0.02998 -0.00000 -73.92426 -0.02998 0.99955 0.00000 3.42869 0.00000 -0.00000 1.00000 -0.00000
1561000462968357 0.99952 0.03082 -0.00000 -76.02223 -0.03082 0.99952 0.00000 3.42674 0.00000 -0.00000 1.00000 -0.00000
1561000463216710 0.99914 0.04148 -0.00000 -78.06619 -0.04148 0.99914 0.00000 4.49005 0.00000 -0.00000 1.00000 -0.00000
1561000463465334 0.99904 0.04375 -0.00000 -80.15513 -0.04375 0.99904 0.00000 4.56989 0.00000 -0.00000 1.00000 -0.00000
1561000463713591 0.99900 0.04470 -0.00000 -82.14321 -0.04470 0.99900 0.00000 4.51705 0.00000 -0.00000 1.00000 -0.00000
1561000463960454 0.99870 0.05105 -0.00000 -84.23859 -0.05105 0.99870 0.00000 5.08325 0.00000 -0.00000 1.00000 -0.00000
1561000464208915 0.99846 0.05539 -0.00000 -86.33963 -0.05539 0.99846 0.00000 5.45638 0.00000 -0.00000 1.00000 -0.00000
1561000464457911 0.99833 0.05785 -0.00000 -88.46928 -0.05785 0.99833 0.00000 5.67021 0.00000 -0.00000 1.00000 -0.00000
1561000464706861 0.99816 0.06070 -0.00000 -90.59928 -0.06070 0.99816 0.00000 5.90213 0.00000 -0.00000 1.00000 -0.00000
1561000464955386 0.99809 0.06180 -0.00000 -92.75822 -0.06180 0.99809 0.00000 6.01609 0.00000 -0.00000 1.00000 -0.00000
1561000465204330 0.99799 0.06331 -0.00000 -94.94184 -0.06331 0.99799 0.00000 6.15503 0.00000 -0.00000 1.00000 -0.00000
1561000465452887 0.99794 0.06419 -0.00000 -97.13362 -0.06419 0.99794 0.00000 6.23880 0.00000 -0.00000 1.00000 0.00000
1561000465702264 0.99752 0.07033 -0.00000 -99.28137 -0.07033 0.99752 0.00000 6.79582 0.00000 -0.00000 1.00000 0.00000
1561000465950620 0.99740 0.07208 -0.00000 -101.51119 -0.07208 0.99740 0.00000 6.95997 0.00000 -0.00000 1.00000 0.00000
1561000466198884 0.99719 0.07494 -0.00000 -103.73527 -0.07494 0.99719 0.00000 7.23466 0.00000 -0.00000 1.00000 0.00000
1561000466449565 0.99705 0.07671 -0.00000 -105.97097 -0.07671 0.99705 0.00000 7.39376 0.00000 -0.00000 1.00000 0.00000
1561000466701233 0.99693 0.07828 -0.00000 -108.23416 -0.07828 0.99693 0.00000 7.59911 0.00000 -0.00000 1.00000 0.00000
1561000466946421 0.99687 0.07908 -0.00000 -110.52516 -0.07908 0.99687 0.00000 7.63872 0.00000 -0.00000 1.00000 0.00000
1561000467195307 0.99711 0.07594 -0.00000 -112.85433 -0.07594 0.99711 0.00000 7.26383 0.00000 -0.00000 1.00000 0.00000
1561000467442628 0.99726 0.07403 -0.00000 -115.15372 -0.07403 0.99726 0.00000 7.05666 0.00000 -0.00000 1.00000 0.00000
1561000467692524 0.99740 0.07213 -0.00000 -117.50100 -0.07213 0.99740 0.00000 6.85733 0.00000 -0.00000 1.00000 0.00000
1561000467939932 0.99750 0.07063 -0.00000 -119.83596 -0.07063 0.99750 0.00000 6.65722 0.00000 -0.00000 1.00000 0.00000
1561000468188233 0.99761 0.06904 -0.00000 -122.11150 -0.06904 0.99761 0.00000 6.47632 0.00000 -0.00000 1.00000 0.00000
1561000468437391 0.99766 0.06839 -0.00000 -124.34523 -0.06839 0.99766 0.00000 6.35783 0.00000 -0.00000 1.00000 0.00000
1561000468685721 0.99770 0.06780 -0.00000 -126.59969 -0.06780 0.99770 0.00000 6.27597 0.00000 -0.00000 1.00000 0.00000
1561000468935357 0.99762 0.06895 -0.00000 -128.76764 -0.06895 0.99762 0.00000 6.38875 0.00000 -0.00000 1.00000 0.00000
1561000469184222 0.99766 0.06841 -0.00000 -130.92496 -0.06841 0.99766 0.00000 6.33291 0.00000 -0.00000 1.00000 0.00000
1561000469433306 0.99777 0.06670 -0.00000 -133.03675 -0.06670 0.99777 0.00000 6.11826 0.00000 -0.00000 1.00000 0.00000
1561000469681796 0.99769 0.06793 -0.00000 -135.22787 -0.06793 0.99769 0.00000 6.28145 0.00000 -0.00000 1.00000 0.00000
1561000469927877 0.99730 0.07338 -0.00000 -137.34197 -0.07338 0.99730 0.00000 6.95254 0.00000 -0.00000 1.00000 0.00000
1561000470178079 0.99722 0.07449 -0.00000 -139.52833 -0.07449 0.99722 0.00000 7.15878 0.00000 -0.00000 1.00000 0.00000
1561000470426619 0.99694 0.07817 -0.00000 -141.75872 -0.07817 0.99694 0.00000 7.69121 0.00000 -0.00000 1.00000 0.00000
1561000470675629 0.99659 0.08252 -0.00000 -143.91541 -0.08252 0.99659 0.00000 8.25192 0.00000 -0.00000 1.00000 0.00000
1561000470925518 0.99640 0.08476 -0.00000 -146.12525 -0.08476 0.99640 0.00000 8.57034 0.00000 -0.00000 1.00000 0.00000
1561000471173754 0.99606 0.08864 -0.00000 -148.33735 -0.08864 0.99606 0.00000 9.10256 0.00000 -0.00000 1.00000 0.00000
1561000471421537 0.99569 0.09274 -0.00000 -150.55785 -0.09274 0.99569 0.00000 9.73621 0.00000 -0.00000 1.00000 0.00000
1561000471670336 0.99526 0.09725 -0.00000 -152.77548 -0.09725 0.99526 0.00000 10.40528 0.00000 -0.00000 1.00000 0.00000
1561000471918821 0.99491 0.10078 -0.00000 -155.03409 -0.10078 0.99491 0.00000 10.94857 0.00000 -0.00000 1.00000 0.00000
1561000472167107 0.99440 0.10569 -0.00000 -157.26008 -0.10569 0.99440 0.00000 11.71874 0.00000 -0.00000 1.00000 0.00000
1561000472416228 0.99399 0.10943 -0.00000 -159.50089 -0.10943 0.99399 0.00000 12.30383 0.00000 -0.00000 1.00000 0.00000
1561000472666413 0.99373 0.11183 -0.00000 -161.77586 -0.11183 0.99373 0.00000 12.66267 0.00000 -0.00000 1.00000 0.00000
1561000472913322 0.99344 0.11435 -0.00000 -164.06431 -0.11435 0.99344 0.00000 13.10216 0.00000 -0.00000 1.00000 0.00000
1561000473162044 0.99299 0.11824 -0.00000 -166.33463 -0.11824 0.99299 0.00000 13.73766 0.00000 -0.00000 1.00000 0.00000
1561000473410540 0.99230 0.12386 -0.00000 -168.60045 -0.12386 0.99230 0.00000 14.66480 0.00000 -0.00000 1.00000 0.00000
1561000473659389 0.99170 0.12857 -0.00000 -170.85825 -0.12857 0.99170 0.00000 15.45648 0.00000 -0.00000 1.00000 0.00000
1561000473908074 0.99120 0.13235 -0.00000 -173.16586 -0.13235 0.99120 0.00000 16.11213 0.00000 -0.00000 1.00000 0.00000
1561000474156096 0.99030 0.13895 -0.00000 -175.41436 -0.13895 0.99030 0.00000 17.21719 0.00000 -0.00000 1.00000 0.00000
1561000474404915 0.99005 0.14075 -0.00000 -177.73237 -0.14075 0.99005 0.00000 17.59907 0.00000 -0.00000 1.00000 0.00000
1561000474653473 0.98954 0.14427 -0.00000 -180.08851 -0.14427 0.98954 0.00000 18.19474 0.00000 -0.00000 1.00000 0.00000
1561000474902028 0.98896 0.14820 -0.00000 -182.39365 -0.14820 0.98896 0.00000 18.92262 0.00000 -0.00000 1.00000 0.00000
1561000475152686 0.98847 0.15145 -0.00000 -184.75386 -0.15145 0.98847 0.00000 19.54193 0.00000 -0.00000 1.00000 0.00000
1561000475401664 0.98756 0.15723 -0.00000 -187.06468 -0.15723 0.98756 0.00000 20.59535 0.00000 -0.00000 1.00000 0.00000
1561000475650569 0.98692 0.16120 -0.00000 -189.36791 -0.16120 0.98692 0.00000 21.32354 0.00000 -0.00000 1.00000 0.00000
1561000475898137 0.98604 0.16652 -0.00000 -191.67996 -0.16652 0.98604 0.00000 22.35362 0.00000 -0.00000 1.00000 0.00000
1561000476146222 0.98504 0.17234 -0.00000 -193.90252 -0.17234 0.98504 0.00000 23.48702 0.00000 -0.00000 1.00000 0.00000
1561000476395683 0.98414 0.17737 -0.00000 -196.10748 -0.17737 0.98414 0.00000 24.43772 0.00000 -0.00000 1.00000 0.00000
1561000476643462 0.98328 0.18212 -0.00000 -198.30323 -0.18212 0.98328 0.00000 25.37406 0.00000 -0.00000 1.00000 0.00000
1561000476892166 0.98213 0.18822 -0.00000 -200.40974 -0.18822 0.98213 0.00000 26.61848 0.00000 -0.00000 1.00000 0.00000
1561000477139985 0.98131 0.19244 -0.00000 -202.54730 -0.19244 0.98131 0.00000 27.45090 0.00000 -0.00000 1.00000 0.00000
1561000477388986 0.98074 0.19531 -0.00000 -204.63398 -0.19531 0.98074 0.00000 28.03876 0.00000 -0.00000 1.00000 0.00000
1561000477638141 0.97905 0.20362 -0.00000 -206.70007 -0.20362 0.97905 0.00000 29.77892 0.00000 -0.00000 1.00000 0.00000
1561000477885064 0.97832 0.20709 -0.00000 -208.79504 -0.20709 0.97832 0.00000 30.51440 0.00000 -0.00000 1.00000 0.00000
1561000478134686 0.97720 0.21231 -0.00000 -210.88237 -0.21231 0.97720 0.00000 31.56507 0.00000 -0.00000 1.00000 0.00000
1561000478383453 0.97636 0.21614 -0.00000 -213.05003 -0.21614 0.97636 0.00000 32.51003 0.00000 -0.00000 1.00000 0.00000
1561000478631209 0.97556 0.21973 -0.00000 -215.21422 -0.21973 0.97556 0.00000 33.24621 0.00000 -0.00000 1.00000 0.00000
1561000478880766 0.97484 0.22291 -0.00000 -217.38854 -0.22291 0.97484 0.00000 33.91735 0.00000 -0.00000 1.00000 0.00000
1561000479129084 0.97472 0.22342 -0.00000 -219.68319 -0.22342 0.97472 0.00000 34.06795 0.00000 -0.00000 1.00000 0.00000
1561000479378844 0.97378 0.22750 -0.00000 -221.85415 -0.22750 0.97378 0.00000 35.00655 0.00000 -0.00000 1.00000 0.00000
1561000479627125 0.97319 0.23001 -0.00000 -224.09307 -0.23001 0.97319 0.00000 35.56309 0.00000 -0.00000 1.00000 0.00000
1561000479876716 0.97261 0.23244 -0.00000 -226.31765 -0.23244 0.97261 0.00000 36.09451 0.00000 -0.00000 1.00000 0.00000
1561000480125473 0.97170 0.23621 -0.00000 -228.51454 -0.23621 0.97170 0.00000 36.94485 0.00000 -0.00000 1.00000 0.00000
1561000480374775 0.97076 0.24005 -0.00000 -230.72449 -0.24005 0.97076 0.00000 37.86019 0.00000 -0.00000 1.00000 0.00000
1561000480623560 0.96971 0.24427 -0.00000 -232.88866 -0.24427 0.96971 0.00000 38.86031 0.00000 -0.00000 1.00000 0.00000
1561000480870641 0.96834 0.24965 -0.00000 -235.00753 -0.24965 0.96834 0.00000 40.16946 0.00000 -0.00000 1.00000 0.00000
1561000481120367 0.96684 0.25538 -0.00000 -237.19848 -0.25538 0.96684 0.00000 41.55657 0.00000 -0.00000 1.00000 0.00000
1561000481366978 0.96676 0.25567 -0.00000 -239.45933 -0.25567 0.96676 0.00000 41.58885 0.00000 -0.00000 1.00000 0.00000
1561000481616133 0.96478 0.26307 -0.00000 -241.60211 -0.26307 0.96478 0.00000 43.42166 0.00000 -0.00000 1.00000 0.00000
1561000481866421 0.96361 0.26732 -0.00000 -243.82641 -0.26732 0.96361 0.00000 44.50260 0.00000 -0.00000 1.00000 0.00000
1561000482112963 0.96139 0.27519 -0.00000 -245.86718 -0.27519 0.96139 0.00000 46.47126 0.00000 -0.00000 1.00000 0.00000
1561000482362365 0.96061 0.27789 -0.00000 -248.21330 -0.27789 0.96061 0.00000 47.21968 0.00000 -0.00000 1.00000 0.00000
1561000482611024 0.95898 0.28347 -0.00000 -250.38739 -0.28347 0.95898 0.00000 48.62429 0.00000 -0.00000 1.00000 0.00000
1561000482859436 0.95797 0.28687 -0.00000 -252.66248 -0.28687 0.95797 0.00000 49.51542 0.00000 -0.00000 1.00000 0.00000
1561000483108000 0.95658 0.29148 -0.00000 -254.89430 -0.29148 0.95658 0.00000 50.70120 0.00000 -0.00000 1.00000 0.00000
1561000483358185 0.95657 0.29151 -0.00000 -257.40426 -0.29151 0.95657 0.00000 50.77193 0.00000 -0.00000 1.00000 0.00000
1561000483607228 0.95539 0.29533 -0.00000 -259.68227 -0.29533 0.95539 0.00000 51.74857 0.00000 -0.00000 1.00000 0.00000
1561000483855459 0.95454 0.29808 -0.00000 -261.97381 -0.29808 0.95454 0.00000 52.49191 0.00000 -0.00000 1.00000 0.00000
1561000484105565 0.95382 0.30037 -0.00000 -264.29941 -0.30037 0.95382 0.00000 53.11829 0.00000 -0.00000 1.00000 0.00000
1561000484355879 0.95308 0.30273 -0.00000 -266.56488 -0.30273 0.95308 0.00000 53.74124 0.00000 -0.00000 1.00000 0.00000
1561000484607632 0.95220 0.30546 -0.00000 -268.80774 -0.30546 0.95220 0.00000 54.50193 0.00000 -0.00000 1.00000 0.00000
1561000484855670 0.95142 0.30788 -0.00000 -271.04868 -0.30788 0.95142 0.00000 55.20213 0.00000 -0.00000 1.00000 0.00000
1561000485107056 0.95066 0.31023 -0.00000 -273.26774 -0.31023 0.95066 0.00000 55.81399 0.00000 -0.00000 1.00000 0.00000
1561000485357265 0.94975 0.31302 -0.00000 -275.43210 -0.31302 0.94975 0.00000 56.66605 0.00000 -0.00000 1.00000 0.00000
1561000485606059 0.94913 0.31489 -0.00000 -277.61113 -0.31489 0.94913 0.00000 57.16415 0.00000 -0.00000 1.00000 0.00000
1561000485855914 0.94851 0.31676 -0.00000 -279.74409 -0.31676 0.94851 0.00000 57.70028 0.00000 -0.00000 1.00000 0.00000
1561000486105793 0.94724 0.32053 -0.00000 -281.73925 -0.32053 0.94724 0.00000 58.81260 0.00000 -0.00000 1.00000 0.00000
1561000486356023 0.94632 0.32322 -0.00000 -283.66860 -0.32322 0.94632 0.00000 59.62516 0.00000 -0.00000 1.00000 0.00000
1561000486605821 0.94510 0.32679 -0.00000 -285.50234 -0.32679 0.94510 0.00000 60.67059 0.00000 -0.00000 1.00000 0.00000
1561000486855034 0.94399 0.32997 -0.00000 -287.29871 -0.32997 0.94399 0.00000 61.60180 0.00000 -0.00000 1.00000 0.00000
1561000487104650 0.94190 0.33588 -0.00000 -288.82960 -0.33588 0.94190 0.00000 63.48559 0.00000 -0.00000 1.00000 0.00000
1561000487355764 0.93967 0.34207 -0.00000 -290.44489 -0.34207 0.93967 0.00000 65.36994 0.00000 -0.00000 1.00000 0.00000
1561000487604426 0.93715 0.34892 -0.00000 -291.83814 -0.34892 0.93715 0.00000 67.49313 0.00000 -0.00000 1.00000 0.00000
1561000487853333 0.93514 0.35427 -0.00000 -293.30950 -0.35427 0.93514 0.00000 69.18237 0.00000 -0.00000 1.00000 0.00000
1561000488102970 0.93350 0.35859 -0.00000 -294.81572 -0.35859 0.93350 0.00000 70.49275 0.00000 -0.00000 1.00000 0.00000
1561000488353303 0.93102 0.36496 -0.00000 -296.19890 -0.36496 0.93102 0.00000 72.52418 0.00000 -0.00000 1.00000 0.00000
1561000488601939 0.92938 0.36913 -0.00000 -297.63833 -0.36913 0.92938 0.00000 73.83063 0.00000 -0.00000 1.00000 0.00000
1561000488851590 0.92938 0.36911 -0.00000 -299.40062 -0.36911 0.92938 0.00000 73.81571 0.00000 -0.00000 1.00000 0.00000
1561000489100383 0.92835 0.37170 -0.00000 -300.93377 -0.37170 0.92835 0.00000 74.62250 0.00000 -0.00000 1.00000 0.00000
1561000489349993 0.92848 0.37137 -0.00000 -302.65438 -0.37137 0.92848 0.00000 74.54232 0.00000 -0.00000 1.00000 0.00000
1561000489598667 0.93174 0.36312 -0.00000 -304.88107 -0.36312 0.93174 0.00000 71.83937 0.00000 -0.00000 1.00000 0.00000
1561000489848267 0.93732 0.34847 -0.00000 -307.47465 -0.34847 0.93732 0.00000 67.06631 0.00000 -0.00000 1.00000 0.00000
1561000490097367 0.94442 0.32873 -0.00000 -310.28087 -0.32873 0.94442 0.00000 60.63403 0.00000 -0.00000 1.00000 0.00000
1561000490346899 0.95648 0.29179 -0.00000 -313.80119 -0.29179 0.95648 0.00000 48.52311 0.00000 -0.00000 1.00000 0.00000
1561000490595732 0.97177 0.23595 -0.00000 -317.33309 -0.23595 0.97177 0.00000 30.44502 0.00000 -0.00000 1.00000 0.00000
1561000490847327 0.98610 0.16616 -0.00000 -319.93203 -0.16616 0.98610 0.00000 7.80842 0.00000 -0.00000 1.00000 0.00000
1561000491095033 0.99604 0.08891 -0.00000 -320.74209 -0.08891 0.99604 0.00000 -16.99269 0.00000 -0.00000 1.00000 0.00000
1561000491346093 1.00000 -0.00177 0.00000 -318.91431 0.00177 1.00000 -0.00000 -45.93121 -0.00000 0.00000 1.00000 0.00000
1561000491595361 0.99460 -0.10378 0.00000 -313.64946 0.10378 0.99460 -0.00000 -78.08563 -0.00000 0.00000 1.00000 0.00000
1561000491844124 0.97622 -0.21676 0.00000 -303.78389 0.21676 0.97622 -0.00000 -113.33494 -0.00000 0.00000 1.00000 0.00000
1561000492092937 0.94150 -0.33701 0.00000 -288.27329 0.33701 0.94150 -0.00000 -150.26908 -0.00000 0.00000 1.00000 0.00000
1561000492343725 0.88702 -0.46173 0.00000 -266.28244 0.46173 0.88702 -0.00000 -187.86845 -0.00000 0.00000 1.00000 0.00000
1561000492591695 0.81164 -0.58416 0.00000 -237.58348 0.58416 0.81164 -0.00000 -224.00844 -0.00000 0.00000 1.00000 0.00000
1561000492841061 0.71834 -0.69569 0.00000 -203.68094 0.69569 0.71834 -0.00000 -255.92121 -0.00000 0.00000 1.00000 0.00000
1561000493090115 0.60609 -0.79540 0.00000 -164.16570 0.79540 0.60609 -0.00000 -283.37091 -0.00000 0.00000 1.00000 0.00000
1561000493339874 0.48464 -0.87471 0.00000 -122.52987 0.87471 0.48464 -0.00000 -303.97018 -0.00000 0.00000 1.00000 0.00000
1561000493588818 0.36209 -0.93214 0.00000 -81.52987 0.93214 0.36209 -0.00000 -317.61954 -0.00000 0.00000 1.00000 0.00000
1561000493837382 0.25110 -0.96796 0.00000 -45.16445 0.96796 0.25110 -0.00000 -324.80529 -0.00000 0.00000 1.00000 0.00000
1561000494085943 0.16455 -0.98637 0.00000 -17.42460 0.98637 0.16455 -0.00000 -327.42080 -0.00000 0.00000 1.00000 0.00000
1561000494334607 0.11768 -0.99305 0.00000 -3.19862 0.99305 0.11768 -0.00000 -327.85482 -0.00000 0.00000 1.00000 0.00000
1561000494583785 0.09557 -0.99542 0.00000 2.68931 0.99542 0.09557 -0.00000 -327.97080 -0.00000 0.00000 1.00000 0.00000
1561000494831690 0.07849 -0.99691 0.00000 6.82030 0.99691 0.07849 -0.00000 -327.87754 -0.00000 0.00000 1.00000 0.00000
1561000495080401 0.06778 -0.99770 0.00000 8.87336 0.99770 0.06778 -0.00000 -327.86051 -0.00000 0.00000 1.00000 0.00000
1561000495329482 0.06053 -0.99817 0.00000 9.84640 0.99817 0.06053 -0.00000 -327.76148 -0.00000 0.00000 1.00000 0.00000
1561000495578160 0.05570 -0.99845 0.00000 9.91564 0.99845 0.05570 -0.00000 -327.76789 -0.00000 0.00000 1.00000 0.00000
1561000495826671 0.05907 -0.99825 0.00000 7.20002 0.99825 0.05907 -0.00000 -327.78639 -0.00000 0.00000 1.00000 0.00000
1561000496077519 0.06502 -0.99788 0.00000 3.59588 0.99788 0.06502 -0.00000 -327.83548 -0.00000 0.00000 1.00000 0.00000
1561000496325382 0.06791 -0.99769 0.00000 0.99994 0.99769 0.06791 -0.00000 -327.88579 -0.00000 0.00000 1.00000 0.00000
1561000496574033 0.06715 -0.99774 0.00000 -0.47897 0.99774 0.06715 -0.00000 -327.80099 -0.00000 0.00000 1.00000 0.00000
1561000496822812 0.06811 -0.99768 0.00000 -2.53565 0.99768 0.06811 -0.00000 -327.83690 -0.00000 0.00000 1.00000 0.00000
1561000497071469 0.06727 -0.99773 0.00000 -4.06106 0.99773 0.06727 -0.00000 -327.86875 -0.00000 0.00000 1.00000 0.00000
1561000497319987 0.06633 -0.99780 0.00000 -5.60167 0.99780 0.06633 -0.00000 -327.86507 -0.00000 0.00000 1.00000 0.00000
1561000497569198 0.06660 -0.99778 0.00000 -7.58134 0.99778 0.06660 -0.00000 -327.84058 -0.00000 0.00000 1.00000 0.00000
1561000497818140 0.06477 -0.99790 0.00000 -8.92825 0.99790 0.06477 -0.00000 -327.90198 -0.00000 0.00000 1.00000 0.00000
1561000498067011 0.06310 -0.99801 0.00000 -10.34474 0.99801 0.06310 -0.00000 -327.88643 -0.00000 0.00000 1.00000 0.00000
1561000498315736 0.06291 -0.99802 0.00000 -12.29111 0.99802 0.06291 -0.00000 -327.88200 -0.00000 0.00000 1.00000 0.00000
1561000498564888 0.06128 -0.99812 0.00000 -13.81304 0.99812 0.06128 -0.00000 -327.91449 -0.00000 0.00000 1.00000 0.00000
1561000498812965 0.06214 -0.99807 0.00000 -16.19118 0.99807 0.06214 -0.00000 -327.91917 -0.00000 0.00000 1.00000 0.00000
1561000499062066 0.06581 -0.99783 0.00000 -19.51539 0.99783 0.06581 -0.00000 -327.83560 -0.00000 0.00000 1.00000 0.00000
1561000499311038 0.06593 -0.99782 0.00000 -21.72426 0.99782 0.06593 -0.00000 -327.85691 -0.00000 0.00000 1.00000 0.00000
1561000499559641 0.06861 -0.99764 0.00000 -24.80918 0.99764 0.06861 -0.00000 -327.75997 -0.00000 0.00000 1.00000 0.00000
1561000499808736 0.06816 -0.99767 0.00000 -26.87610 0.99767 0.06816 -0.00000 -327.73294 -0.00000 0.00000 1.00000 0.00000
1561000500058177 0.06713 -0.99774 0.00000 -28.75730 0.99774 0.06713 -0.00000 -327.75897 -0.00000 0.00000 1.00000 0.00000
1561000500306236 0.06666 -0.99778 0.00000 -30.88650 0.99778 0.06666 -0.00000 -327.79194 -0.00000 0.00000 1.00000 0.00000
1561000500554493 0.06870 -0.99764 0.00000 -33.79085 0.99764 0.06870 -0.00000 -327.72451 -0.00000 0.00000 1.00000 0.00000
1561000500803151 0.06907 -0.99761 0.00000 -36.13201 0.99761 0.06907 -0.00000 -327.70792 -0.00000 0.00000 1.00000 0.00000
1561000501052399 0.07047 -0.99751 0.00000 -38.79577 0.99751 0.07047 -0.00000 -327.64939 -0.00000 0.00000 1.00000 0.00000
1561000501300405 0.06966 -0.99757 0.00000 -40.68996 0.99757 0.06966 -0.00000 -327.71171 -0.00000 0.00000 1.00000 0.00000
1561000501548683 0.06809 -0.99768 0.00000 -42.34095 0.99768 0.06809 -0.00000 -327.78693 -0.00000 0.00000 1.00000 0.00000
1561000501797420 0.06861 -0.99764 0.00000 -44.65836 0.99764 0.06861 -0.00000 -327.72925 -0.00000 0.00000 1.00000 0.00000
1561000502045587 0.06665 -0.99778 0.00000 -46.10016 0.99778 0.06665 -0.00000 -327.79932 -0.00000 0.00000 1.00000 0.00000
1561000502294218 0.06725 -0.99774 0.00000 -48.31845 0.99774 0.06725 -0.00000 -327.79946 -0.00000 0.00000 1.00000 0.00000
1561000502542698 0.06553 -0.99785 0.00000 -49.66679 0.99785 0.06553 -0.00000 -327.87305 -0.00000 0.00000 1.00000 0.00000
1561000502791208 0.06414 -0.99794 0.00000 -51.03276 0.99794 0.06414 -0.00000 -327.99644 -0.00000 0.00000 1.00000 0.00000
1561000503039928 0.06390 -0.99796 0.00000 -52.76786 0.99796 0.06390 -0.00000 -327.99551 -0.00000 0.00000 1.00000 0.00000
1561000503288553 0.06390 -0.99796 0.00000 -54.57404 0.99796 0.06390 -0.00000 -327.96091 -0.00000 0.00000 1.00000 0.00000
1561000503536966 0.06794 -0.99769 0.00000 -57.67621 0.99769 0.06794 -0.00000 -327.74269 -0.00000 0.00000 1.00000 0.00000
1561000503785986 0.07175 -0.99742 0.00000 -60.65718 0.99742 0.07175 -0.00000 -327.50248 -0.00000 0.00000 1.00000 0.00000
1561000504035525 0.07183 -0.99742 0.00000 -62.46697 0.99742 0.07183 -0.00000 -327.54650 -0.00000 0.00000 1.00000 0.00000
1561000504283553 0.07731 -0.99701 0.00000 -66.11138 0.99701 0.07731 -0.00000 -327.20428 -0.00000 0.00000 1.00000 0.00000
1561000504532585 0.07449 -0.99722 0.00000 -66.85617 0.99722 0.07449 -0.00000 -327.43049 -0.00000 0.00000 1.00000 0.00000
1561000504782610 0.07457 -0.99722 0.00000 -68.61060 0.99722 0.07457 -0.00000 -327.32056 -0.00000 0.00000 1.00000 0.00000
1561000505030858 0.07555 -0.99714 0.00000 -70.74933 0.99714 0.07555 -0.00000 -327.30409 -0.00000 0.00000 1.00000 0.00000
1561000505279647 0.07564 -0.99714 0.00000 -72.56185 0.99714 0.07564 -0.00000 -327.36630 -0.00000 0.00000 1.00000 0.00000
1561000505528361 0.07562 -0.99714 0.00000 -74.32951 0.99714 0.07562 -0.00000 -327.32635 -0.00000 0.00000 1.00000 0.00000
1561000505776839 0.07522 -0.99717 0.00000 -75.99142 0.99717 0.07522 -0.00000 -327.36022 -0.00000 0.00000 1.00000 0.00000
1561000506026467 0.07511 -0.99718 0.00000 -77.74293 0.99718 0.07511 -0.00000 -327.39833 -0.00000 0.00000 1.00000 0.00000
1561000506274435 0.07493 -0.99719 0.00000 -79.44506 0.99719 0.07493 -0.00000 -327.42552 -0.00000 0.00000 1.00000 0.00000
1561000506522728 0.07707 -0.99703 0.00000 -81.92779 0.99703 0.07707 -0.00000 -327.16704 -0.00000 0.00000 1.00000 0.00000
1561000506771484 0.07467 -0.99721 0.00000 -82.88574 0.99721 0.07467 -0.00000 -327.38658 -0.00000 0.00000 1.00000 0.00000
1561000507019403 0.07512 -0.99717 0.00000 -84.76636 0.99717 0.07512 -0.00000 -327.37972 -0.00000 0.00000 1.00000 0.00000
1561000507267492 0.07496 -0.99719 0.00000 -86.41356 0.99719 0.07496 -0.00000 -327.39804 -0.00000 0.00000 1.00000 0.00000
1561000507518284 0.07385 -0.99727 0.00000 -87.72864 0.99727 0.07385 -0.00000 -327.47635 -0.00000 0.00000 1.00000 0.00000
1561000507766170 0.07263 -0.99736 0.00000 -88.96542 0.99736 0.07263 -0.00000 -327.56079 -0.00000 0.00000 1.00000 0.00000
1561000508013903 0.07041 -0.99752 0.00000 -89.82896 0.99752 0.07041 -0.00000 -327.78731 -0.00000 0.00000 1.00000 0.00000
1561000508262180 0.07267 -0.99736 0.00000 -92.32439 0.99736 0.07267 -0.00000 -327.61771 -0.00000 0.00000 1.00000 0.00000
1561000508509641 0.07522 -0.99717 0.00000 -94.75012 0.99717 0.07522 -0.00000 -327.30721 -0.00000 0.00000 1.00000 0.00000
1561000508758606 0.06731 -0.99773 0.00000 -93.71033 0.99773 0.06731 -0.00000 -328.11473 -0.00000 0.00000 1.00000 0.00000
1561000509007129 0.06494 -0.99789 0.00000 -94.55087 0.99789 0.06494 -0.00000 -328.31961 -0.00000 0.00000 1.00000 0.00000
1561000509255537 0.06136 -0.99812 0.00000 -94.96093 0.99812 0.06136 -0.00000 -328.59101 -0.00000 0.00000 1.00000 0.00000
1561000509504245 0.06163 -0.99810 0.00000 -96.63482 0.99810 0.06163 -0.00000 -328.54670 -0.00000 0.00000 1.00000 0.00000
1561000509752852 0.06192 -0.99808 0.00000 -98.30749 0.99808 0.06192 -0.00000 -328.52708 -0.00000 0.00000 1.00000 0.00000
1561000510002366 0.06389 -0.99796 0.00000 -100.46976 0.99796 0.06389 -0.00000 -328.33593 -0.00000 0.00000 1.00000 0.00000
1561000510249360 0.06234 -0.99806 0.00000 -101.41373 0.99806 0.06234 -0.00000 -328.39784 -0.00000 0.00000 1.00000 0.00000
1561000510497742 0.06335 -0.99799 0.00000 -103.10021 0.99799 0.06335 -0.00000 -328.35321 -0.00000 0.00000 1.00000 0.00000
1561000510745578 0.06370 -0.99797 0.00000 -104.45527 0.99797 0.06370 -0.00000 -328.25531 -0.00000 0.00000 1.00000 0.00000
1561000510995224 0.06222 -0.99806 0.00000 -105.15678 0.99806 0.06222 -0.00000 -328.41030 -0.00000 0.00000 1.00000 0.00000
1561000511243813 0.06422 -0.99794 0.00000 -106.95618 0.99794 0.06422 -0.00000 -328.24890 -0.00000 0.00000 1.00000 0.00000
1561000511492329 0.06678 -0.99777 0.00000 -108.85597 0.99777 0.06678 -0.00000 -327.72983 -0.00000 0.00000 1.00000 0.00000
1561000511740688 0.06292 -0.99802 0.00000 -108.53839 0.99802 0.06292 -0.00000 -328.35836 -0.00000 0.00000 1.00000 0.00000
1561000511989413 0.06117 -0.99813 0.00000 -108.86040 0.99813 0.06117 -0.00000 -328.45956 -0.00000 0.00000 1.00000 0.00000
1561000512237795 0.06224 -0.99806 0.00000 -110.09655 0.99806 0.06224 -0.00000 -328.33950 -0.00000 0.00000 1.00000 0.00000
1561000512486134 0.06534 -0.99786 0.00000 -111.81225 0.99786 0.06534 -0.00000 -328.02847 -0.00000 0.00000 1.00000 0.00000
1561000512735063 0.06291 -0.99802 0.00000 -111.76776 0.99802 0.06291 -0.00000 -328.28290 -0.00000 0.00000 1.00000 0.00000
1561000512983185 0.06543 -0.99786 0.00000 -113.31717 0.99786 0.06543 -0.00000 -327.89498 -0.00000 0.00000 1.00000 0.00000
1561000513231889 0.06757 -0.99771 0.00000 -114.58851 0.99771 0.06757 -0.00000 -327.77558 -0.00000 0.00000 1.00000 0.00000
1561000513480731 0.06635 -0.99780 0.00000 -114.81274 0.99780 0.06635 -0.00000 -327.79994 -0.00000 0.00000 1.00000 0.00000
1561000513729669 0.06775 -0.99770 0.00000 -115.90207 0.99770 0.06775 -0.00000 -327.73886 -0.00000 0.00000 1.00000 0.00000
1561000513978253 0.06750 -0.99772 0.00000 -116.47816 0.99772 0.06750 -0.00000 -327.71215 -0.00000 0.00000 1.00000 0.00000
1561000514227208 0.07013 -0.99754 0.00000 -117.97540 0.99754 0.07013 -0.00000 -327.39205 -0.00000 0.00000 1.00000 0.00000
1561000514476332 0.06956 -0.99758 0.00000 -118.36720 0.99758 0.06956 -0.00000 -327.45257 -0.00000 0.00000 1.00000 0.00000
1561000514725267 0.07153 -0.99744 0.00000 -119.63114 0.99744 0.07153 -0.00000 -327.23761 -0.00000 0.00000 1.00000 0.00000
1561000514972584 0.07187 -0.99741 0.00000 -120.34038 0.99741 0.07187 -0.00000 -327.21530 -0.00000 0.00000 1.00000 0.00000
1561000515221715 0.07253 -0.99737 0.00000 -121.15387 0.99737 0.07253 -0.00000 -327.13256 -0.00000 0.00000 1.00000 0.00000
1561000515470307 0.07264 -0.99736 0.00000 -121.77149 0.99736 0.07264 -0.00000 -327.19952 -0.00000 0.00000 1.00000 0.00000
1561000515718448 0.07542 -0.99715 0.00000 -123.24576 0.99715 0.07542 -0.00000 -326.86002 -0.00000 0.00000 1.00000 0.00000
1561000515966886 0.07751 -0.99699 0.00000 -124.44095 0.99699 0.07751 -0.00000 -326.56086 -0.00000 0.00000 1.00000 0.00000
1561000516215963 0.07852 -0.99691 0.00000 -125.30602 0.99691 0.07852 -0.00000 -326.50971 -0.00000 0.00000 1.00000 0.00000
1561000516464636 0.08025 -0.99678 0.00000 -126.40687 0.99678 0.08025 -0.00000 -326.21694 -0.00000 0.00000 1.00000 0.00000
1561000516713821 0.07713 -0.99702 0.00000 -125.97002 0.99702 0.07713 -0.00000 -326.61765 -0.00000 0.00000 1.00000 0.00000
1561000516961938 0.07405 -0.99725 0.00000 -125.54894 0.99725 0.07405 -0.00000 -327.02744 -0.00000 0.00000 1.00000 0.00000
1561000517211616 0.06987 -0.99756 0.00000 -124.84044 0.99756 0.06987 -0.00000 -327.47764 -0.00000 0.00000 1.00000 0.00000
1561000517460275 0.06099 -0.99814 0.00000 -122.61299 0.99814 0.06099 -0.00000 -328.58707 -0.00000 0.00000 1.00000 0.00000
1561000517709473 0.04484 -0.99899 0.00000 -117.96608 0.99899 0.04484 -0.00000 -330.50699 -0.00000 0.00000 1.00000 0.00000
1561000517957895 0.01415 -0.99990 0.00000 -108.53215 0.99990 0.01415 -0.00000 -333.87601 -0.00000 0.00000 1.00000 0.00000
1561000518208302 -0.02280 -0.99974 0.00000 -96.98144 0.99974 -0.02280 0.00000 -337.65420 0.00000 0.00000 1.00000 0.00000
1561000518456073 -0.06649 -0.99779 0.00000 -82.96857 0.99779 -0.06649 0.00000 -341.51221 0.00000 0.00000 1.00000 0.00000
1561000518704360 -0.11954 -0.99283 0.00000 -65.57800 0.99283 -0.11954 0.00000 -345.41649 0.00000 0.00000 1.00000 0.00000
1561000518952738 -0.18096 -0.98349 0.00000 -44.96911 0.98349 -0.18096 0.00000 -348.79029 0.00000 0.00000 1.00000 0.00000
1561000519201414 -0.24286 -0.97006 0.00000 -23.79727 0.97006 -0.24286 0.00000 -350.92776 0.00000 0.00000 1.00000 0.00000
1561000519450184 -0.30671 -0.95180 0.00000 -1.53485 0.95180 -0.30671 0.00000 -351.73012 0.00000 0.00000 1.00000 0.00000
1561000519698791 -0.36902 -0.92942 0.00000 20.65008 0.92942 -0.36902 0.00000 -351.07480 0.00000 0.00000 1.00000 0.00000
1561000519946740 -0.42603 -0.90471 0.00000 41.33874 0.90471 -0.42603 0.00000 -348.93924 0.00000 0.00000 1.00000 0.00000
1561000520194963 -0.47989 -0.87733 0.00000 61.29655 0.87733 -0.47989 0.00000 -345.82387 0.00000 0.00000 1.00000 0.00000
1561000520443529 -0.52961 -0.84824 0.00000 79.96917 0.84824 -0.52961 0.00000 -341.64934 0.00000 0.00000 1.00000 0.00000
1561000520692718 -0.57722 -0.81659 0.00000 98.19870 0.81659 -0.57722 0.00000 -336.44203 0.00000 0.00000 1.00000 0.00000
1561000520941216 -0.62013 -0.78450 0.00000 114.89860 0.78450 -0.62013 0.00000 -330.69802 0.00000 0.00000 1.00000 0.00000
1561000521190042 -0.65732 -0.75361 0.00000 129.52237 0.75361 -0.65732 0.00000 -324.68259 0.00000 0.00000 1.00000 0.00000
1561000521438428 -0.68976 -0.72404 0.00000 142.33171 0.72404 -0.68976 0.00000 -318.61023 0.00000 0.00000 1.00000 0.00000
1561000521686973 -0.71997 -0.69401 0.00000 154.42808 0.69401 -0.71997 0.00000 -312.25963 0.00000 0.00000 1.00000 0.00000
1561000521936232 -0.74981 -0.66166 0.00000 166.62544 0.66166 -0.74981 0.00000 -305.13031 0.00000 0.00000 1.00000 0.00000
1561000522184825 -0.77725 -0.62919 0.00000 177.96711 0.62919 -0.77725 0.00000 -297.72490 0.00000 0.00000 1.00000 0.00000
1561000522434006 -0.80208 -0.59722 0.00000 188.37519 0.59722 -0.80208 0.00000 -290.26076 0.00000 0.00000 1.00000 0.00000
1561000522682510 -0.82491 -0.56527 0.00000 198.07923 0.56527 -0.82491 0.00000 -282.61384 0.00000 0.00000 1.00000 0.00000
1561000522930740 -0.84622 -0.53284 0.00000 207.34540 0.53284 -0.84622 0.00000 -274.66901 0.00000 0.00000 1.00000 0.00000
1561000523179422 -0.86623 -0.49964 0.00000 216.13337 0.49964 -0.86623 0.00000 -266.44532 0.00000 0.00000 1.00000 0.00000
1561000523427524 -0.88597 -0.46374 0.00000 225.14359 0.46374 -0.88597 0.00000 -257.27363 0.00000 0.00000 1.00000 0.00000
1561000523677368 -0.90310 -0.42943 0.00000 233.21143 0.42943 -0.90310 0.00000 -248.43493 0.00000 0.00000 1.00000 0.00000
1561000523925798 -0.91568 -0.40190 0.00000 238.96216 0.40190 -0.91568 0.00000 -241.23470 0.00000 0.00000 1.00000 0.00000
1561000524172970 -0.92696 -0.37517 0.00000 244.14052 0.37517 -0.92696 0.00000 -234.21637 0.00000 0.00000 1.00000 0.00000
1561000524421854 -0.93399 -0.35730 0.00000 246.89546 0.35730 -0.93399 0.00000 -229.50552 0.00000 0.00000 1.00000 0.00000
1561000524670398 -0.93749 -0.34802 0.00000 247.38239 0.34802 -0.93749 0.00000 -227.05806 0.00000 0.00000 1.00000 0.00000
1561000524918014 -0.93866 -0.34485 0.00000 246.42174 0.34485 -0.93866 0.00000 -226.20502 0.00000 0.00000 1.00000 0.00000
1561000525167246 -0.94050 -0.33978 0.00000 245.88869 0.33978 -0.94050 0.00000 -224.86152 0.00000 0.00000 1.00000 0.00000
1561000525415724 -0.94133 -0.33750 0.00000 244.55070 0.33750 -0.94133 0.00000 -224.28458 0.00000 0.00000 1.00000 0.00000
1561000525663724 -0.94122 -0.33779 0.00000 242.69200 0.33779 -0.94122 0.00000 -224.40279 0.00000 0.00000 1.00000 0.00000
1561000525913211 -0.94196 -0.33574 0.00000 241.32905 0.33574 -0.94196 0.00000 -223.90437 0.00000 0.00000 1.00000 0.00000
1561000526163307 -0.94186 -0.33600 0.00000 239.28743 0.33600 -0.94186 0.00000 -223.96317 0.00000 0.00000 1.00000 0.00000
1561000526414617 -0.94098 -0.33847 0.00000 236.75956 0.33847 -0.94098 0.00000 -224.56005 0.00000 0.00000 1.00000 0.00000
1561000526665710 -0.93976 -0.34184 0.00000 233.96445 0.34184 -0.93976 0.00000 -225.45118 0.00000 0.00000 1.00000 0.00000
1561000526916227 -0.93913 -0.34357 0.00000 231.51638 0.34357 -0.93913 0.00000 -225.87950 0.00000 0.00000 1.00000 0.00000
1561000527166829 -0.93830 -0.34581 0.00000 228.91127 0.34581 -0.93830 0.00000 -226.42362 0.00000 0.00000 1.00000 0.00000
1561000527417714 -0.93838 -0.34561 0.00000 226.85076 0.34561 -0.93838 0.00000 -226.39830 0.00000 0.00000 1.00000 0.00000
1561000527668435 -0.93842 -0.34551 0.00000 224.77737 0.34551 -0.93842 0.00000 -226.36597 0.00000 0.00000 1.00000 0.00000
1561000527918860 -0.93842 -0.34550 0.00000 222.61152 0.34550 -0.93842 0.00000 -226.39127 0.00000 0.00000 1.00000 0.00000
1561000528169999 -0.93817 -0.34618 0.00000 220.26012 0.34618 -0.93817 0.00000 -226.59514 0.00000 0.00000 1.00000 0.00000
1561000528420228 -0.93889 -0.34420 0.00000 218.51713 0.34420 -0.93889 0.00000 -226.07349 0.00000 0.00000 1.00000 0.00000
1561000528670614 -0.93837 -0.34563 0.00000 215.94841 0.34563 -0.93837 0.00000 -226.43847 0.00000 0.00000 1.00000 0.00000
1561000528921762 -0.93888 -0.34424 0.00000 213.95087 0.34424 -0.93888 0.00000 -226.11149 0.00000 0.00000 1.00000 0.00000
1561000529172457 -0.93900 -0.34393 0.00000 211.72612 0.34393 -0.93900 0.00000 -226.03720 0.00000 0.00000 1.00000 0.00000
1561000529422664 -0.93849 -0.34529 0.00000 209.04245 0.34529 -0.93849 0.00000 -226.35590 0.00000 0.00000 1.00000 0.00000
1561000529673344 -0.93849 -0.34530 0.00000 206.71513 0.34530 -0.93849 0.00000 -226.38648 0.00000 0.00000 1.00000 0.00000
1561000529924123 -0.93728 -0.34857 0.00000 203.57740 0.34857 -0.93728 0.00000 -227.11396 0.00000 0.00000 1.00000 0.00000
1561000530174548 -0.93533 -0.35378 0.00000 199.92805 0.35378 -0.93533 0.00000 -228.23757 0.00000 0.00000 1.00000 0.00000
1561000530425589 -0.93350 -0.35857 0.00000 196.39803 0.35857 -0.93350 0.00000 -229.26504 0.00000 0.00000 1.00000 0.00000
1561000530675455 -0.93034 -0.36671 0.00000 191.99680 0.36671 -0.93034 0.00000 -230.99689 0.00000 0.00000 1.00000 0.00000
1561000530927043 -0.92832 -0.37179 0.00000 188.35297 0.37179 -0.92832 0.00000 -232.02039 0.00000 0.00000 1.00000 0.00000
1561000531177380 -0.92477 -0.38053 0.00000 183.74065 0.38053 -0.92477 0.00000 -233.79795 0.00000 0.00000 1.00000 0.00000
1561000531427599 -0.92099 -0.38958 0.00000 179.03420 0.38958 -0.92099 0.00000 -235.58368 0.00000 0.00000 1.00000 0.00000
1561000531678707 -0.91719 -0.39845 0.00000 174.34474 0.39845 -0.91719 0.00000 -237.33296 0.00000 0.00000 1.00000 0.00000
1561000531929042 -0.91319 -0.40754 0.00000 169.49949 0.40754 -0.91319 0.00000 -239.08318 0.00000 0.00000 1.00000 0.00000
1561000532183767 -0.90883 -0.41716 0.00000 164.56232 0.41716 -0.90883 0.00000 -240.86985 0.00000 0.00000 1.00000 0.00000
1561000532430064 -0.90495 -0.42552 0.00000 159.87441 0.42552 -0.90495 0.00000 -242.44936 0.00000 0.00000 1.00000 0.00000
1561000532680169 -0.90033 -0.43521 0.00000 154.80256 0.43521 -0.90033 0.00000 -244.12480 0.00000 0.00000 1.00000 0.00000
1561000532931005 -0.89628 -0.44350 0.00000 150.08822 0.44350 -0.89628 0.00000 -245.60310 0.00000 0.00000 1.00000 0.00000
1561000533181895 -0.89069 -0.45461 0.00000 144.56201 0.45461 -0.89069 0.00000 -247.45595 0.00000 0.00000 1.00000 0.00000
1561000533430693 -0.88546 -0.46471 0.00000 139.26494 0.46471 -0.88546 0.00000 -249.10409 0.00000 0.00000 1.00000 0.00000
1561000533679593 -0.87814 -0.47841 0.00000 132.91630 0.47841 -0.87814 0.00000 -251.27611 0.00000 0.00000 1.00000 0.00000
1561000533927904 -0.87127 -0.49080 0.00000 126.89822 0.49080 -0.87127 0.00000 -253.21304 0.00000 0.00000 1.00000 0.00000
1561000534176940 -0.86292 -0.50534 0.00000 120.14436 0.50534 -0.86292 0.00000 -255.28640 0.00000 0.00000 1.00000 0.00000
1561000534425502 -0.85524 -0.51824 0.00000 113.80413 0.51824 -0.85524 0.00000 -257.03418 0.00000 0.00000 1.00000 0.00000
1561000534674038 -0.84818 -0.52971 0.00000 107.80976 0.52971 -0.84818 0.00000 -258.55460 0.00000 0.00000 1.00000 0.00000
1561000534922322 -0.84085 -0.54127 0.00000 101.77247 0.54127 -0.84085 0.00000 -260.03590 0.00000 0.00000 1.00000 0.00000
1561000535170077 -0.83412 -0.55158 0.00000 96.04119 0.55158 -0.83412 0.00000 -261.30865 0.00000 0.00000 1.00000 0.00000
1561000535418260 -0.82745 -0.56154 0.00000 90.40418 0.56154 -0.82745 0.00000 -262.44946 0.00000 0.00000 1.00000 0.00000
