1547822825867784 1.00000 0.00000 0.00000 -0.00000 0.00000 1.00000 0.00000 -0.00000 0.00000 0.00000 1.00000 -0.00000
1547822826121499 1.00000 -0.00008 0.00000 -0.00337 0.00008 1.00000 -0.00000 -0.00613 -0.00000 0.00000 1.00000 0.00000
1547822826375238 1.00000 -0.00009 0.00000 -0.00018 0.00009 1.00000 -0.00000 -0.00283 -0.00000 0.00000 1.00000 0.00000
1547822826627382 1.00000 -0.00008 0.00000 0.00115 0.00008 1.00000 -0.00000 -0.00268 -0.00000 0.00000 1.00000 -0.00000
1547822826878072 1.00000 0.00019 -0.00000 -0.00295 -0.00019 1.00000 0.00000 -0.00106 0.00000 -0.00000 1.00000 0.00000
1547822827127130 1.00000 0.00008 -0.00000 -0.00066 -0.00008 1.00000 0.00000 -0.00167 0.00000 -0.00000 1.00000 0.00000
1547822827376029 1.00000 0.00023 -0.00000 0.00035 -0.00023 1.00000 0.00000 -0.00267 0.00000 -0.00000 1.00000 0.00000
1547822827624825 1.00000 -0.00001 0.00000 -0.00248 0.00001 1.00000 -0.00000 -0.00544 -0.00000 0.00000 1.00000 0.00000
1547822827873296 1.00000 -0.00015 0.00000 -0.00276 0.00015 1.00000 -0.00000 -0.00847 -0.00000 0.00000 1.00000 0.00000
1547822828122845 1.00000 0.00009 -0.00000 -0.00275 -0.00009 1.00000 0.00000 -0.00372 0.00000 -0.00000 1.00000 0.00000
1547822828373564 1.00000 0.00015 -0.00000 0.00023 -0.00015 1.00000 0.00000 0.00230 0.00000 -0.00000 1.00000 0.00000
1547822828624376 1.00000 0.00011 -0.00000 0.00218 -0.00011 1.00000 0.00000 -0.00055 0.00000 -0.00000 1.00000 0.00000
1547822828874856 1.00000 0.00015 -0.00000 -0.00109 -0.00015 1.00000 0.00000 -0.00516 0.00000 -0.00000 1.00000 0.00000
1547822829124871 1.00000 0.00025 -0.00000 -0.00159 -0.00025 1.00000 0.00000 0.00244 0.00000 -0.00000 1.00000 -0.00000
1547822829374308 1.00000 0.00003 -0.00000 0.00075 -0.00003 1.00000 0.00000 -0.00243 0.00000 -0.00000 1.00000 0.00000
1547822829623733 1.00000 0.00006 -0.00000 0.00251 -0.00006 1.00000 0.00000 -0.00261 0.00000 -0.00000 1.00000 0.00000
1547822829872930 1.00000 0.00004 -0.00000 0.00295 -0.00004 1.00000 0.00000 -0.00505 0.00000 -0.00000 1.00000 0.00000
1547822830121632 1.00000 0.00024 -0.00000 0.00139 -0.00024 1.00000 0.00000 -0.00447 0.00000 -0.00000 1.00000 0.00000
1547822830370486 1.00000 0.00029 -0.00000 0.00042 -0.00029 1.00000 0.00000 -0.00355 0.00000 -0.00000 1.00000 0.00000
1547822830618760 1.00000 0.00030 -0.00000 0.00247 -0.00030 1.00000 0.00000 -0.00236 0.00000 -0.00000 1.00000 0.00000
1547822830866789 1.00000 0.00008 -0.00000 0.00036 -0.00008 1.00000 0.00000 -0.00633 0.00000 -0.00000 1.00000 0.00000
1547822831114886 1.00000 -0.00002 0.00000 0.00135 0.00002 1.00000 -0.00000 -0.00958 -0.00000 0.00000 1.00000 -0.00000
1547822831362678 1.00000 0.00015 -0.00000 -0.00155 -0.00015 1.00000 0.00000 -0.00579 0.00000 -0.00000 1.00000 0.00000
1547822831609903 1.00000 0.00015 -0.00000 0.00262 -0.00015 1.00000 0.00000 -0.00494 0.00000 -0.00000 1.00000 0.00000
1547822831858236 1.00000 0.00018 -0.00000 -0.00126 -0.00018 1.00000 0.00000 -0.00268 0.00000 -0.00000 1.00000 0.00000
1547822832107572 1.00000 0.00023 -0.00000 -0.00208 -0.00023 1.00000 0.00000 -0.00532 0.00000 -0.00000 1.00000 0.00000
1547822832357645 1.00000 0.00035 -0.00000 0.00225 -0.00035 1.00000 0.00000 0.00399 0.00000 -0.00000 1.00000 0.00000
1547822832608849 1.00000 0.00017 -0.00000 -0.00143 -0.00017 1.00000 0.00000 -0.00026 0.00000 -0.00000 1.00000 0.00000
1547822832861016 1.00000 0.00006 -0.00000 0.00106 -0.00006 1.00000 0.00000 0.00212 0.00000 -0.00000 1.00000 0.00000
1547822833113101 1.00000 0.00018 -0.00000 0.00061 -0.00018 1.00000 0.00000 -0.00094 0.00000 -0.00000 1.00000 0.00000
1547822833365031 1.00000 0.00015 -0.00000 -0.00259 -0.00015 1.00000 0.00000 -0.00187 0.00000 -0.00000 1.00000 0.00000
1547822833615634 1.00000 0.00023 -0.00000 -0.00499 -0.00023 1.00000 0.00000 -0.00069 0.00000 -0.00000 1.00000 0.00000
1547822833864713 1.00000 0.00022 -0.00000 -0.00382 -0.00022 1.00000 0.00000 -0.00057 0.00000 -0.00000 1.00000 0.00000
1547822834113552 1.00000 0.00018 -0.00000 -0.00143 -0.00018 1.00000 0.00000 -0.00121 0.00000 -0.00000 1.00000 0.00000
1547822834361968 1.00000 0.00021 -0.00000 0.00089 -0.00021 1.00000 0.00000 0.00157 0.00000 -0.00000 1.00000 0.00000
1547822834610327 1.00000 0.00012 -0.00000 -0.00228 -0.00012 1.00000 0.00000 0.00177 0.00000 -0.00000 1.00000 -0.00000
1547822834859781 1.00000 0.00009 -0.00000 -0.00146 -0.00009 1.00000 0.00000 0.00116 0.00000 -0.00000 1.00000 -0.00000
1547822835110436 1.00000 0.00011 -0.00000 -0.00033 -0.00011 1.00000 0.00000 -0.00603 0.00000 -0.00000 1.00000 0.00000
1547822835361471 1.00000 0.00024 -0.00000 0.00056 -0.00024 1.00000 0.00000 0.00056 0.00000 -0.00000 1.00000 0.00000
1547822835612263 1.00000 0.00025 -0.00000 -0.00189 -0.00025 1.00000 0.00000 0.00113 0.00000 -0.00000 1.00000 -0.00000
1547822835862186 1.00000 0.00016 -0.00000 -0.00201 -0.00016 1.00000 0.00000 -0.00336 0.00000 -0.00000 1.00000 0.00000
1547822836111540 1.00000 0.00011 -0.00000 0.00148 -0.00011 1.00000 0.00000 -0.01079 0.00000 -0.00000 1.00000 0.00000
1547822836361160 1.00000 0.00032 -0.00000 0.00022 -0.00032 1.00000 0.00000 -0.00025 0.00000 -0.00000 1.00000 0.00000
1547822836610228 1.00000 0.00010 -0.00000 0.00178 -0.00010 1.00000 0.00000 -0.00128 0.00000 -0.00000 1.00000 0.00000
1547822836858728 1.00000 0.00018 -0.00000 -0.00348 -0.00018 1.00000 0.00000 -0.00141 0.00000 -0.00000 1.00000 0.00000
1547822837107203 1.00000 0.00026 -0.00000 0.00198 -0.00026 1.00000 0.00000 0.00233 0.00000 -0.00000 1.00000 0.00000
1547822837355546 1.00000 0.00014 -0.00000 0.00119 -0.00014 1.00000 0.00000 -0.00043 0.00000 -0.00000 1.00000 0.00000
1547822837603843 1.00000 0.00021 -0.00000 0.00125 -0.00021 1.00000 0.00000 -0.00429 0.00000 -0.00000 1.00000 0.00000
1547822837852005 1.00000 0.00019 -0.00000 -0.00372 -0.00019 1.00000 0.00000 0.00056 0.00000 -0.00000 1.00000 -0.00000
1547822838099834 1.00000 0.00019 -0.00000 -0.00174 -0.00019 1.00000 0.00000 -0.00459 0.00000 -0.00000 1.00000 0.00000
1547822838347517 1.00000 -0.00006 0.00000 -0.00266 0.00006 1.00000 -0.00000 -0.00728 -0.00000 0.00000 1.00000 0.00000
1547822838595750 1.00000 0.00003 -0.00000 -0.00566 -0.00003 1.00000 0.00000 -0.00495 0.00000 -0.00000 1.00000 0.00000
1547822838845277 1.00000 0.00014 -0.00000 -0.00142 -0.00014 1.00000 0.00000 -0.00684 0.00000 -0.00000 1.00000 0.00000
1547822839095594 1.00000 0.00002 -0.00000 -0.00190 -0.00002 1.00000 0.00000 -0.00601 0.00000 -0.00000 1.00000 0.00000
1547822839347404 1.00000 0.00015 -0.00000 -0.00311 -0.00015 1.00000 0.00000 -0.00153 0.00000 -0.00000 1.00000 0.00000
1547822839600116 1.00000 0.00019 -0.00000 -0.00282 -0.00019 1.00000 0.00000 -0.00508 0.00000 -0.00000 1.00000 0.00000
1547822839852279 1.00000 -0.00003 0.00000 -0.00374 0.00003 1.00000 -0.00000 -0.00364 -0.00000 0.00000 1.00000 0.00000
1547822840104407 1.00000 0.00007 -0.00000 -0.00569 -0.00007 1.00000 0.00000 -0.00332 0.00000 -0.00000 1.00000 0.00000
1547822840355089 1.00000 0.00023 -0.00000 -0.00093 -0.00023 1.00000 0.00000 -0.00381 0.00000 -0.00000 1.00000 0.00000
1547822840604250 1.00000 0.00035 -0.00000 -0.00109 -0.00035 1.00000 0.00000 -0.00322 0.00000 -0.00000 1.00000 0.00000
1547822840853313 1.00000 0.00015 -0.00000 0.00073 -0.00015 1.00000 0.00000 -0.00181 0.00000 -0.00000 1.00000 0.00000
1547822841102178 1.00000 0.00010 -0.00000 0.00145 -0.00010 1.00000 0.00000 -0.00241 0.00000 -0.00000 1.00000 0.00000
1547822841350765 1.00000 0.00021 -0.00000 0.00354 -0.00021 1.00000 0.00000 -0.00216 0.00000 -0.00000 1.00000 0.00000
1547822841599157 1.00000 0.00024 -0.00000 0.00044 -0.00024 1.00000 0.00000 -0.00283 0.00000 -0.00000 1.00000 0.00000
1547822841848305 1.00000 0.00023 -0.00000 0.00076 -0.00023 1.00000 0.00000 -0.00168 0.00000 -0.00000 1.00000 0.00000
1547822842098486 1.00000 0.00039 -0.00000 0.00309 -0.00039 1.00000 0.00000 -0.00074 0.00000 -0.00000 1.00000 0.00000
1547822842349567 1.00000 0.00019 -0.00000 -0.00254 -0.00019 1.00000 0.00000 -0.00659 0.00000 -0.00000 1.00000 0.00000
1547822842600384 1.00000 0.00015 -0.00000 -0.00133 -0.00015 1.00000 0.00000 0.00057 0.00000 -0.00000 1.00000 -0.00000
1547822842850675 1.00000 0.00017 -0.00000 -0.00169 -0.00017 1.00000 0.00000 -0.00502 0.00000 -0.00000 1.00000 0.00000
1547822843100694 1.00000 0.00019 -0.00000 0.00246 -0.00019 1.00000 0.00000 -0.00813 0.00000 -0.00000 1.00000 0.00000
1547822843350208 1.00000 0.00033 -0.00000 -0.00244 -0.00033 1.00000 0.00000 -0.00651 0.00000 -0.00000 1.00000 0.00000
1547822843599292 1.00000 0.00029 -0.00000 -0.00107 -0.00029 1.00000 0.00000 -0.00314 0.00000 -0.00000 1.00000 0.00000
1547822843848382 1.00000 0.00031 -0.00000 -0.00110 -0.00031 1.00000 0.00000 -0.00158 0.00000 -0.00000 1.00000 0.00000
1547822844097013 1.00000 0.00017 -0.00000 -0.00379 -0.00017 1.00000 0.00000 -0.00456 0.00000 -0.00000 1.00000 0.00000
1547822844345504 1.00000 0.00030 -0.00000 -0.00047 -0.00030 1.00000 0.00000 -0.00161 0.00000 -0.00000 1.00000 0.00000
1547822844594085 1.00000 0.00022 -0.00000 -0.00341 -0.00022 1.00000 0.00000 -0.00597 0.00000 -0.00000 1.00000 0.00000
1547822844842581 1.00000 0.00021 -0.00000 -0.00153 -0.00021 1.00000 0.00000 -0.00228 0.00000 -0.00000 1.00000 0.00000
1547822845090349 1.00000 0.00039 -0.00000 -0.00143 -0.00039 1.00000 0.00000 -0.00016 0.00000 -0.00000 1.00000 0.00000
1547822845338145 1.00000 0.00038 -0.00000 -0.00413 -0.00038 1.00000 0.00000 -0.00055 0.00000 -0.00000 1.00000 0.00000
1547822845586656 1.00000 0.00028 -0.00000 -0.00085 -0.00028 1.00000 0.00000 -0.00619 0.00000 -0.00000 1.00000 0.00000
1547822845835664 1.00000 0.00045 -0.00000 0.00515 -0.00045 1.00000 0.00000 -0.00240 0.00000 -0.00000 1.00000 0.00000
1547822846084399 1.00000 0.00039 -0.00000 -0.00134 -0.00039 1.00000 0.00000 -0.00148 0.00000 -0.00000 1.00000 0.00000
1547822846332752 1.00000 0.00028 -0.00000 -0.00256 -0.00028 1.00000 0.00000 -0.00086 0.00000 -0.00000 1.00000 0.00000
1547822846581526 1.00000 0.00042 -0.00000 -0.00343 -0.00042 1.00000 0.00000 0.00226 0.00000 -0.00000 1.00000 -0.00000
1547822846832242 1.00000 0.00011 -0.00000 -0.00359 -0.00011 1.00000 0.00000 -0.00133 0.00000 -0.00000 1.00000 0.00000
1547822847083617 1.00000 0.00008 -0.00000 -0.00165 -0.00008 1.00000 0.00000 -0.00412 0.00000 -0.00000 1.00000 0.00000
1547822847334528 1.00000 0.00020 -0.00000 -0.00247 -0.00020 1.00000 0.00000 -0.00398 0.00000 -0.00000 1.00000 0.00000
1547822847585319 1.00000 0.00024 -0.00000 0.00155 -0.00024 1.00000 0.00000 -0.00141 0.00000 -0.00000 1.00000 0.00000
1547822847835851 1.00000 0.00034 -0.00000 0.00007 -0.00034 1.00000 0.00000 -0.00335 0.00000 -0.00000 1.00000 0.00000
1547822848085864 1.00000 0.00029 -0.00000 -0.00293 -0.00029 1.00000 0.00000 -0.00086 0.00000 -0.00000 1.00000 0.00000
1547822848335900 1.00000 0.00031 -0.00000 -0.00039 -0.00031 1.00000 0.00000 -0.00015 0.00000 -0.00000 1.00000 0.00000
1547822848586203 1.00000 0.00028 -0.00000 -0.00313 -0.00028 1.00000 0.00000 -0.00445 0.00000 -0.00000 1.00000 0.00000
1547822848836585 1.00000 0.00020 -0.00000 -0.00236 -0.00020 1.00000 0.00000 0.00300 0.00000 -0.00000 1.00000 -0.00000
1547822849086755 1.00000 -0.00010 0.00000 -0.00636 0.00010 1.00000 -0.00000 -0.00080 -0.00000 0.00000 1.00000 0.00000
1547822849336780 1.00000 0.00011 -0.00000 -0.00155 -0.00011 1.00000 0.00000 -0.00294 0.00000 -0.00000 1.00000 0.00000
1547822849587809 1.00000 0.00021 -0.00000 -0.00230 -0.00021 1.00000 0.00000 -0.00059 0.00000 -0.00000 1.00000 0.00000
1547822849840215 1.00000 0.00026 -0.00000 0.00154 -0.00026 1.00000 0.00000 -0.00088 0.00000 -0.00000 1.00000 0.00000
1547822850092772 1.00000 0.00025 -0.00000 -0.00732 -0.00025 1.00000 0.00000 -0.00311 0.00000 -0.00000 1.00000 0.00000
1547822850344510 1.00000 0.00018 -0.00000 -0.00161 -0.00018 1.00000 0.00000 -0.00761 0.00000 -0.00000 1.00000 0.00000
1547822850595858 1.00000 0.00010 -0.00000 -0.00381 -0.00010 1.00000 0.00000 -0.00592 0.00000 -0.00000 1.00000 0.00000
1547822850846116 1.00000 0.00020 -0.00000 0.00017 -0.00020 1.00000 0.00000 -0.00117 0.00000 -0.00000 1.00000 0.00000
1547822851095191 1.00000 0.00010 -0.00000 0.00256 -0.00010 1.00000 0.00000 -0.00193 0.00000 -0.00000 1.00000 0.00000
1547822851344440 1.00000 0.00018 -0.00000 -0.00052 -0.00018 1.00000 0.00000 -0.00467 0.00000 -0.00000 1.00000 0.00000
1547822851593430 1.00000 0.00022 -0.00000 -0.00215 -0.00022 1.00000 0.00000 -0.00532 0.00000 -0.00000 1.00000 0.00000
1547822851841989 1.00000 0.00034 -0.00000 -0.00055 -0.00034 1.00000 0.00000 -0.00081 0.00000 -0.00000 1.00000 0.00000
1547822852090312 1.00000 0.00030 -0.00000 -0.00053 -0.00030 1.00000 0.00000 0.00031 0.00000 -0.00000 1.00000 -0.00000
1547822852338391 1.00000 0.00014 -0.00000 0.00289 -0.00014 1.00000 0.00000 -0.00084 0.00000 -0.00000 1.00000 0.00000
1547822852586019 1.00000 0.00015 -0.00000 -0.00361 -0.00015 1.00000 0.00000 -0.00104 0.00000 -0.00000 1.00000 0.00000
1547822852834036 1.00000 0.00025 -0.00000 -0.00595 -0.00025 1.00000 0.00000 0.00328 0.00000 -0.00000 1.00000 -0.00000
1547822853082561 1.00000 0.00021 -0.00000 -0.00340 -0.00021 1.00000 0.00000 0.00337 0.00000 -0.00000 1.00000 -0.00000
1547822853331224 1.00000 0.00035 -0.00000 -0.00141 -0.00035 1.00000 0.00000 0.00253 0.00000 -0.00000 1.00000 -0.00000
1547822853580601 1.00000 0.00022 -0.00000 -0.00379 -0.00022 1.00000 0.00000 0.00026 0.00000 -0.00000 1.00000 -0.00000
1547822853830768 1.00000 0.00016 -0.00000 -0.00491 -0.00016 1.00000 0.00000 0.00104 0.00000 -0.00000 1.00000 -0.00000
1547822854081841 1.00000 0.00031 -0.00000 -0.00199 -0.00031 1.00000 0.00000 0.00262 0.00000 -0.00000 1.00000 -0.00000
1547822854333805 1.00000 0.00037 -0.00000 -0.00255 -0.00037 1.00000 0.00000 0.00373 0.00000 -0.00000 1.00000 -0.00000
1547822854585931 1.00000 0.00037 -0.00000 -0.00602 -0.00037 1.00000 0.00000 0.00525 0.00000 -0.00000 1.00000 -0.00000
1547822854838010 1.00000 0.00060 -0.00000 -0.02045 -0.00060 1.00000 0.00000 0.00179 0.00000 -0.00000 1.00000 -0.00000
1547822855089538 1.00000 0.00036 -0.00000 -0.05110 -0.00036 1.00000 0.00000 -0.01061 0.00000 -0.00000 1.00000 0.00000
1547822855340161 1.00000 0.00092 -0.00000 -0.08849 -0.00092 1.00000 0.00000 -0.00856 0.00000 -0.00000 1.00000 0.00000
1547822855590179 1.00000 0.00224 -0.00000 -0.14471 -0.00224 1.00000 0.00000 -0.02358 0.00000 -0.00000 1.00000 0.00000
1547822855840646 0.99999 0.00335 -0.00000 -0.21556 -0.00335 0.99999 0.00000 -0.04126 0.00000 -0.00000 1.00000 0.00000
1547822856090899 0.99998 0.00614 -0.00000 -0.30379 -0.00614 0.99998 0.00000 -0.06576 0.00000 -0.00000 1.00000 0.00000
1547822856340826 0.99987 0.01596 -0.00000 -0.46566 -0.01596 0.99987 0.00000 -0.01662 0.00000 -0.00000 1.00000 0.00000
1547822856590539 0.99957 0.02944 -0.00000 -0.66548 -0.02944 0.99957 0.00000 0.00087 0.00000 -0.00000 1.00000 0.00000
1547822856840055 0.99891 0.04657 -0.00000 -1.01520 -0.04657 0.99891 0.00000 0.00086 0.00000 -0.00000 1.00000 0.00000
1547822857090284 0.99778 0.06657 -0.00000 -1.42111 -0.06657 0.99778 0.00000 0.04603 0.00000 -0.00000 1.00000 0.00000
1547822857342175 0.99595 0.08991 -0.00000 -1.92214 -0.08991 0.99595 0.00000 0.04814 0.00000 -0.00000 1.00000 0.00000
1547822857594441 0.99341 0.11458 -0.00000 -2.52247 -0.11458 0.99341 0.00000 0.07494 0.00000 -0.00000 1.00000 0.00000
1547822857845558 0.99054 0.13724 -0.00000 -3.23358 -0.13724 0.99054 0.00000 0.10882 0.00000 -0.00000 1.00000 0.00000
1547822858096357 0.98759 0.15708 -0.00000 -4.00346 -0.15708 0.98759 0.00000 0.12524 0.00000 -0.00000 1.00000 0.00000
1547822858346379 0.98512 0.17187 -0.00000 -4.86676 -0.17187 0.98512 0.00000 0.18953 0.00000 -0.00000 1.00000 0.00000
1547822858596569 0.98310 0.18309 -0.00000 -5.83403 -0.18309 0.98310 0.00000 0.26212 0.00000 -0.00000 1.00000 0.00000
1547822858847064 0.98225 0.18759 -0.00000 -6.89330 -0.18759 0.98225 0.00000 0.28217 0.00000 -0.00000 1.00000 0.00000
1547822859097138 0.98231 0.18724 -0.00000 -8.02659 -0.18724 0.98231 0.00000 0.28918 0.00000 -0.00000 1.00000 0.00000
1547822859346549 0.98281 0.18463 -0.00000 -9.24378 -0.18463 0.98281 0.00000 0.26843 0.00000 -0.00000 1.00000 0.00000
1547822859596178 0.98312 0.18295 -0.00000 -10.53080 -0.18295 0.98312 0.00000 0.24527 0.00000 -0.00000 1.00000 0.00000
1547822859845905 0.98367 0.17998 -0.00000 -11.88199 -0.17998 0.98367 0.00000 0.23679 0.00000 -0.00000 1.00000 0.00000
1547822860095386 0.98466 0.17448 -0.00000 -13.36413 -0.17448 0.98466 0.00000 0.16942 0.00000 -0.00000 1.00000 0.00000
1547822860345041 0.98521 0.17137 -0.00000 -14.89362 -0.17137 0.98521 0.00000 0.13679 0.00000 -0.00000 1.00000 0.00000
1547822860594219 0.98626 0.16518 -0.00000 -16.43922 -0.16518 0.98626 0.00000 0.07637 0.00000 -0.00000 1.00000 0.00000
1547822860842856 0.98730 0.15886 -0.00000 -18.06182 -0.15886 0.98730 0.00000 0.00311 0.00000 -0.00000 1.00000 0.00000
1547822861091613 0.98864 0.15033 -0.00000 -19.72917 -0.15033 0.98864 0.00000 -0.15080 0.00000 -0.00000 1.00000 0.00000
1547822861340210 0.99006 0.14066 -0.00000 -21.44529 -0.14066 0.99006 0.00000 -0.34185 0.00000 -0.00000 1.00000 0.00000
1547822861588404 0.99202 0.12610 -0.00000 -23.22775 -0.12610 0.99202 0.00000 -0.65734 0.00000 -0.00000 1.00000 0.00000
1547822861837080 0.99369 0.11217 -0.00000 -24.99758 -0.11217 0.99369 0.00000 -0.95962 0.00000 -0.00000 1.00000 0.00000
1547822862087317 0.99533 0.09656 -0.00000 -26.79707 -0.09656 0.99533 0.00000 -1.31664 0.00000 -0.00000 1.00000 0.00000
1547822862337836 0.99644 0.08428 -0.00000 -28.67026 -0.08428 0.99644 0.00000 -1.62889 0.00000 -0.00000 1.00000 0.00000
1547822862587707 0.99752 0.07041 -0.00000 -30.54208 -0.07041 0.99752 0.00000 -1.99396 0.00000 -0.00000 1.00000 0.00000
1547822862837555 0.99840 0.05654 -0.00000 -32.42726 -0.05654 0.99840 0.00000 -2.43269 0.00000 -0.00000 1.00000 0.00000
1547822863087376 0.99915 0.04115 -0.00000 -34.33270 -0.04115 0.99915 0.00000 -2.93705 0.00000 -0.00000 1.00000 0.00000
1547822863337331 0.99962 0.02752 -0.00000 -36.23043 -0.02752 0.99962 0.00000 -3.37653 0.00000 -0.00000 1.00000 0.00000
1547822863587126 0.99984 0.01805 -0.00000 -38.17787 -0.01805 0.99984 0.00000 -3.70167 0.00000 -0.00000 1.00000 0.00000
1547822863836532 0.99997 0.00778 -0.00000 -40.17958 -0.00778 0.99997 0.00000 -4.11584 0.00000 -0.00000 1.00000 0.00000
1547822864086051 1.00000 0.00157 -0.00000 -42.19650 -0.00157 1.00000 0.00000 -4.33297 0.00000 -0.00000 1.00000 0.00000
1547822864335351 1.00000 -0.00273 0.00000 -44.23472 0.00273 1.00000 -0.00000 -4.53895 -0.00000 0.00000 1.00000 0.00000
1547822864584851 0.99999 -0.00524 0.00000 -46.33131 0.00524 0.99999 -0.00000 -4.58030 -0.00000 0.00000 1.00000 0.00000
1547822864835526 0.99992 -0.01245 0.00000 -48.42062 0.01245 0.99992 -0.00000 -4.90165 -0.00000 0.00000 1.00000 0.00000
1547822865087739 0.99985 -0.01747 0.00000 -50.51303 0.01747 0.99985 -0.00000 -5.11068 -0.00000 0.00000 1.00000 0.00000
1547822865340078 0.99971 -0.02424 0.00000 -52.62293 0.02424 0.99971 -0.00000 -5.41933 -0.00000 0.00000 1.00000 0.00000
1547822865591662 0.99947 -0.03261 0.00000 -54.69551 0.03261 0.99947 -0.00000 -5.87171 -0.00000 0.00000 1.00000 0.00000
1547822865842576 0.99933 -0.03656 0.00000 -56.79276 0.03656 0.99933 -0.00000 -6.03575 -0.00000 0.00000 1.00000 0.00000
1547822866092925 0.99940 -0.03477 0.00000 -58.95824 0.03477 0.99940 -0.00000 -5.90935 -0.00000 0.00000 1.00000 0.00000
1547822866343178 0.99960 -0.02838 0.00000 -61.17931 0.02838 0.99960 -0.00000 -5.52048 -0.00000 0.00000 1.00000 0.00000
1547822866593271 0.99976 -0.02207 0.00000 -63.41853 0.02207 0.99976 -0.00000 -5.08694 -0.00000 0.00000 1.00000 0.00000
1547822866843046 0.99997 -0.00767 0.00000 -65.68251 0.00767 0.99997 -0.00000 -4.18093 -0.00000 0.00000 1.00000 0.00000
1547822867092688 0.99997 0.00816 -0.00000 -67.94699 -0.00816 0.99997 0.00000 -3.10343 0.00000 -0.00000 1.00000 0.00000
1547822867341777 0.99964 0.02693 -0.00000 -70.28549 -0.02693 0.99964 0.00000 -1.78839 0.00000 -0.00000 1.00000 0.00000
1547822867591099 0.99912 0.04201 -0.00000 -72.47274 -0.04201 0.99912 0.00000 -0.79036 0.00000 -0.00000 1.00000 0.00000
1547822867840559 0.99801 0.06311 -0.00000 -74.65713 -0.06311 0.99801 0.00000 0.72444 0.00000 -0.00000 1.00000 0.00000
1547822868089660 0.99687 0.07906 -0.00000 -76.92900 -0.07906 0.99687 0.00000 1.99033 0.00000 -0.00000 1.00000 0.00000
1547822868338534 0.99595 0.08994 -0.00000 -79.00928 -0.08994 0.99595 0.00000 2.84591 0.00000 -0.00000 1.00000 0.00000
1547822868587630 0.99528 0.09702 -0.00000 -81.19593 -0.09702 0.99528 0.00000 3.44846 0.00000 -0.00000 1.00000 0.00000
1547822868836457 0.99460 0.10381 -0.00000 -83.38900 -0.10381 0.99460 0.00000 3.99405 0.00000 -0.00000 1.00000 0.00000
1547822869085166 0.99453 0.10449 -0.00000 -85.60379 -0.10449 0.99453 0.00000 4.07183 0.00000 -0.00000 1.00000 0.00000
1547822869333798 0.99432 0.10642 -0.00000 -87.80135 -0.10642 0.99432 0.00000 4.22437 0.00000 -0.00000 1.00000 0.00000
1547822869582340 0.99457 0.10402 -0.00000 -90.00880 -0.10402 0.99457 0.00000 4.05964 0.00000 -0.00000 1.00000 0.00000
1547822869831341 0.99482 0.10168 -0.00000 -92.21567 -0.10168 0.99482 0.00000 3.85644 0.00000 -0.00000 1.00000 0.00000
1547822870081818 0.99525 0.09737 -0.00000 -94.48867 -0.09737 0.99525 0.00000 3.49270 0.00000 -0.00000 1.00000 0.00000
1547822870332320 0.99568 0.09289 -0.00000 -96.76613 -0.09289 0.99568 0.00000 3.10061 0.00000 -0.00000 1.00000 0.00000
1547822870582694 0.99559 0.09377 -0.00000 -99.01784 -0.09377 0.99559 0.00000 3.17798 0.00000 -0.00000 1.00000 0.00000
1547822870832406 0.99526 0.09724 -0.00000 -101.24107 -0.09724 0.99526 0.00000 3.49215 0.00000 -0.00000 1.00000 0.00000
1547822871082242 0.99563 0.09342 -0.00000 -103.45797 -0.09342 0.99563 0.00000 3.06384 0.00000 -0.00000 1.00000 0.00000
1547822871332707 0.99645 0.08414 -0.00000 -105.78596 -0.08414 0.99645 0.00000 2.12217 0.00000 -0.00000 1.00000 0.00000
1547822871583086 0.99739 0.07224 -0.00000 -108.09993 -0.07224 0.99739 0.00000 0.88401 0.00000 -0.00000 1.00000 0.00000
1547822871833110 0.99830 0.05825 -0.00000 -110.39958 -0.05825 0.99830 0.00000 -0.62821 0.00000 -0.00000 1.00000 0.00000
1547822872083012 0.99894 0.04610 -0.00000 -112.71261 -0.04610 0.99894 0.00000 -1.96342 0.00000 -0.00000 1.00000 0.00000
1547822872333281 0.99932 0.03687 -0.00000 -115.02844 -0.03687 0.99932 0.00000 -2.91602 0.00000 -0.00000 1.00000 0.00000
1547822872584161 0.99943 0.03383 -0.00000 -117.38912 -0.03383 0.99943 0.00000 -3.21804 0.00000 -0.00000 1.00000 0.00000
1547822872836256 0.99944 0.03358 -0.00000 -119.83986 -0.03358 0.99944 0.00000 -3.26036 0.00000 -0.00000 1.00000 0.00000
1547822873088556 0.99953 0.03072 -0.00000 -122.27098 -0.03072 0.99953 0.00000 -3.59833 0.00000 -0.00000 1.00000 0.00000
1547822873339952 0.99956 0.02959 -0.00000 -124.70115 -0.02959 0.99956 0.00000 -3.70976 0.00000 -0.00000 1.00000 0.00000
1547822873590573 0.99948 0.03221 -0.00000 -127.14834 -0.03221 0.99948 0.00000 -3.38511 0.00000 -0.00000 1.00000 0.00000
1547822873839946 0.99941 0.03438 -0.00000 -129.58503 -0.03438 0.99941 0.00000 -3.09454 0.00000 -0.00000 1.00000 0.00000
1547822874089162 0.99936 0.03571 -0.00000 -132.00451 -0.03571 0.99936 0.00000 -2.92462 0.00000 -0.00000 1.00000 0.00000
1547822874337961 0.99935 0.03603 -0.00000 -134.39999 -0.03603 0.99935 0.00000 -2.92624 0.00000 -0.00000 1.00000 0.00000
1547822874586347 0.99921 0.03985 -0.00000 -136.78721 -0.03985 0.99921 0.00000 -2.34332 0.00000 -0.00000 1.00000 0.00000
1547822874834690 0.99905 0.04357 -0.00000 -139.19355 -0.04357 0.99905 0.00000 -1.77435 0.00000 -0.00000 1.00000 0.00000
1547822875082834 0.99898 0.04509 -0.00000 -141.56928 -0.04509 0.99898 0.00000 -1.55622 0.00000 -0.00000 1.00000 0.00000
1547822875331031 0.99887 0.04762 -0.00000 -143.92288 -0.04762 0.99887 0.00000 -1.15746 0.00000 -0.00000 1.00000 0.00000
1547822875579277 0.99865 0.05188 -0.00000 -146.31931 -0.05188 0.99865 0.00000 -0.52705 0.00000 -0.00000 1.00000 0.00000
1547822875827580 0.99859 0.05300 -0.00000 -148.70749 -0.05300 0.99859 0.00000 -0.34149 0.00000 -0.00000 1.00000 0.00000
1547822876076730 0.99862 0.05251 -0.00000 -151.07575 -0.05251 0.99862 0.00000 -0.42573 0.00000 -0.00000 1.00000 0.00000
1547822876326504 0.99869 0.05115 -0.00000 -153.43482 -0.05115 0.99869 0.00000 -0.55840 0.00000 -0.00000 1.00000 0.00000
1547822876576888 0.99873 0.05037 -0.00000 -155.80482 -0.05037 0.99873 0.00000 -0.66157 0.00000 -0.00000 1.00000 0.00000
1547822876826865 0.99869 0.05117 -0.00000 -158.19644 -0.05117 0.99869 0.00000 -0.50598 0.00000 -0.00000 1.00000 0.00000
1547822877076528 0.99869 0.05123 -0.00000 -160.53028 -0.05123 0.99869 0.00000 -0.43772 0.00000 -0.00000 1.00000 0.00000
1547822877327567 0.99870 0.05105 -0.00000 -162.89411 -0.05105 0.99870 0.00000 -0.45155 0.00000 -0.00000 1.00000 0.00000
1547822877579617 0.99850 0.05471 -0.00000 -165.23890 -0.05471 0.99850 0.00000 0.09586 0.00000 -0.00000 1.00000 0.00000
1547822877832011 0.99832 0.05786 -0.00000 -167.55112 -0.05786 0.99832 0.00000 0.67130 0.00000 -0.00000 1.00000 0.00000
1547822878083834 0.99825 0.05914 -0.00000 -169.86180 -0.05914 0.99825 0.00000 0.95408 0.00000 -0.00000 1.00000 0.00000
1547822878335366 0.99818 0.06039 -0.00000 -172.12929 -0.06039 0.99818 0.00000 1.13102 0.00000 -0.00000 1.00000 0.00000
1547822878585629 0.99806 0.06226 -0.00000 -174.35924 -0.06226 0.99806 0.00000 1.45501 0.00000 -0.00000 1.00000 0.00000
1547822878835273 0.99791 0.06457 -0.00000 -176.54383 -0.06457 0.99791 0.00000 1.89364 0.00000 -0.00000 1.00000 0.00000
1547822879085362 0.99771 0.06761 -0.00000 -178.73425 -0.06761 0.99771 0.00000 2.42043 0.00000 -0.00000 1.00000 0.00000
1547822879335136 0.99740 0.07202 -0.00000 -180.90069 -0.07202 0.99740 0.00000 3.18149 0.00000 -0.00000 1.00000 0.00000
1547822879584774 0.99722 0.07455 -0.00000 -183.03731 -0.07455 0.99722 0.00000 3.65987 0.00000 -0.00000 1.00000 0.00000
1547822879834446 0.99713 0.07570 -0.00000 -185.21096 -0.07570 0.99713 0.00000 3.86587 0.00000 -0.00000 1.00000 0.00000
1547822880084157 0.99705 0.07669 -0.00000 -187.31585 -0.07669 0.99705 0.00000 4.05605 0.00000 -0.00000 1.00000 0.00000
1547822880334868 0.99671 0.08100 -0.00000 -189.41591 -0.08100 0.99671 0.00000 4.88009 0.00000 -0.00000 1.00000 0.00000
1547822880586935 0.99624 0.08663 -0.00000 -191.51228 -0.08663 0.99624 0.00000 5.96897 0.00000 -0.00000 1.00000 0.00000
1547822880839126 0.99564 0.09326 -0.00000 -193.58496 -0.09326 0.99564 0.00000 7.25075 0.00000 -0.00000 1.00000 0.00000
1547822881090919 0.99470 0.10278 -0.00000 -195.57198 -0.10278 0.99470 0.00000 9.15564 0.00000 -0.00000 1.00000 0.00000
1547822881341747 0.99392 0.11014 -0.00000 -197.57408 -0.11014 0.99392 0.00000 10.60116 0.00000 -0.00000 1.00000 0.00000
1547822881590941 0.99301 0.11803 -0.00000 -199.57071 -0.11803 0.99301 0.00000 12.20314 0.00000 -0.00000 1.00000 0.00000
1547822881840007 0.99213 0.12525 -0.00000 -201.55833 -0.12525 0.99213 0.00000 13.65155 0.00000 -0.00000 1.00000 0.00000
1547822882089257 0.99134 0.13130 -0.00000 -203.54124 -0.13130 0.99134 0.00000 14.89113 0.00000 -0.00000 1.00000 0.00000
1547822882337515 0.99040 0.13822 -0.00000 -205.44509 -0.13822 0.99040 0.00000 16.31096 0.00000 -0.00000 1.00000 0.00000
1547822882585764 0.98925 0.14626 -0.00000 -207.35922 -0.14626 0.98925 0.00000 17.98012 0.00000 -0.00000 1.00000 0.00000
1547822882834182 0.98818 0.15330 -0.00000 -209.28103 -0.15330 0.98818 0.00000 19.49361 0.00000 -0.00000 1.00000 0.00000
1547822883082047 0.98706 0.16034 -0.00000 -211.22473 -0.16034 0.98706 0.00000 21.02611 0.00000 -0.00000 1.00000 0.00000
1547822883330993 0.98701 0.16064 -0.00000 -213.26393 -0.16064 0.98701 0.00000 21.01356 0.00000 -0.00000 1.00000 0.00000
1547822883581903 0.98717 0.15967 -0.00000 -215.37045 -0.15967 0.98717 0.00000 20.80110 0.00000 -0.00000 1.00000 0.00000
1547822883832525 0.98743 0.15803 -0.00000 -217.50855 -0.15803 0.98743 0.00000 20.46443 0.00000 -0.00000 1.00000 0.00000
1547822884082926 0.98772 0.15621 -0.00000 -219.58318 -0.15621 0.98772 0.00000 20.07442 0.00000 -0.00000 1.00000 0.00000
1547822884333178 0.98771 0.15629 -0.00000 -221.63377 -0.15629 0.98771 0.00000 20.11154 0.00000 -0.00000 1.00000 0.00000
1547822884582873 0.98741 0.15816 -0.00000 -223.65404 -0.15816 0.98741 0.00000 20.55279 0.00000 -0.00000 1.00000 0.00000
1547822884832921 0.98721 0.15943 -0.00000 -225.66758 -0.15943 0.98721 0.00000 20.90364 0.00000 -0.00000 1.00000 0.00000
1547822885083277 0.98699 0.16077 -0.00000 -227.67361 -0.16077 0.98699 0.00000 21.16055 0.00000 -0.00000 1.00000 0.00000
1547822885334811 0.98699 0.16076 -0.00000 -229.68763 -0.16076 0.98699 0.00000 21.19940 0.00000 -0.00000 1.00000 0.00000
1547822885587146 0.98645 0.16409 -0.00000 -231.65950 -0.16409 0.98645 0.00000 21.93366 0.00000 -0.00000 1.00000 0.00000
1547822885838562 0.98609 0.16624 -0.00000 -233.60002 -0.16624 0.98609 0.00000 22.52243 0.00000 -0.00000 1.00000 0.00000
1547822886089875 0.98562 0.16898 -0.00000 -235.50360 -0.16898 0.98562 0.00000 23.19747 0.00000 -0.00000 1.00000 0.00000
1547822886341685 0.98528 0.17097 -0.00000 -237.43683 -0.17097 0.98528 0.00000 23.67132 0.00000 -0.00000 1.00000 0.00000
1547822886593195 0.98445 0.17566 -0.00000 -239.29535 -0.17566 0.98445 0.00000 24.76403 0.00000 -0.00000 1.00000 0.00000
1547822886844532 0.98399 0.17821 -0.00000 -241.18559 -0.17821 0.98399 0.00000 25.41176 0.00000 -0.00000 1.00000 0.00000
1547822887095942 0.98383 0.17910 -0.00000 -243.06987 -0.17910 0.98383 0.00000 25.63923 0.00000 -0.00000 1.00000 0.00000
1547822887347225 0.98341 0.18137 -0.00000 -244.91891 -0.18137 0.98341 0.00000 26.22196 0.00000 -0.00000 1.00000 0.00000
1547822887598431 0.98299 0.18365 -0.00000 -246.74526 -0.18365 0.98299 0.00000 26.73787 0.00000 -0.00000 1.00000 0.00000
1547822887849560 0.98254 0.18603 -0.00000 -248.60021 -0.18603 0.98254 0.00000 27.34658 0.00000 -0.00000 1.00000 0.00000
1547822888101207 0.98221 0.18777 -0.00000 -250.47280 -0.18777 0.98221 0.00000 27.84794 0.00000 -0.00000 1.00000 0.00000
1547822888354216 0.98188 0.18949 -0.00000 -252.29235 -0.18949 0.98188 0.00000 28.32644 0.00000 -0.00000 1.00000 0.00000
1547822888608062 0.98133 0.19232 -0.00000 -254.10649 -0.19232 0.98133 0.00000 29.02073 0.00000 -0.00000 1.00000 0.00000
1547822888860194 0.98112 0.19341 -0.00000 -256.00072 -0.19341 0.98112 0.00000 29.33358 0.00000 -0.00000 1.00000 0.00000
1547822889109930 0.98098 0.19409 -0.00000 -257.87310 -0.19409 0.98098 0.00000 29.53531 0.00000 -0.00000 1.00000 0.00000
1547822889358159 0.98088 0.19460 -0.00000 -259.68684 -0.19460 0.98088 0.00000 29.68545 0.00000 -0.00000 1.00000 0.00000
1547822889605993 0.98084 0.19483 -0.00000 -261.52295 -0.19483 0.98084 0.00000 29.79538 0.00000 -0.00000 1.00000 0.00000
1547822889853368 0.98054 0.19630 -0.00000 -263.30250 -0.19630 0.98054 0.00000 30.16386 0.00000 -0.00000 1.00000 0.00000
1547822890100730 0.98042 0.19691 -0.00000 -265.13535 -0.19691 0.98042 0.00000 30.36063 0.00000 -0.00000 1.00000 0.00000
1547822890348458 0.98091 0.19447 -0.00000 -267.04205 -0.19447 0.98091 0.00000 29.74397 0.00000 -0.00000 1.00000 0.00000
1547822890597356 0.98156 0.19116 -0.00000 -268.98414 -0.19116 0.98156 0.00000 28.81885 0.00000 -0.00000 1.00000 0.00000
1547822890847899 0.98245 0.18653 -0.00000 -270.95760 -0.18653 0.98245 0.00000 27.56263 0.00000 -0.00000 1.00000 0.00000
1547822891098185 0.98375 0.17952 -0.00000 -273.01233 -0.17952 0.98375 0.00000 25.57595 0.00000 -0.00000 1.00000 0.00000
1547822891348124 0.98449 0.17545 -0.00000 -274.97143 -0.17545 0.98449 0.00000 24.53240 0.00000 -0.00000 1.00000 0.00000
1547822891598232 0.98536 0.17046 -0.00000 -276.94196 -0.17046 0.98536 0.00000 23.13537 0.00000 -0.00000 1.00000 0.00000
1547822891848298 0.98639 0.16443 -0.00000 -278.96631 -0.16443 0.98639 0.00000 21.43446 0.00000 -0.00000 1.00000 0.00000
1547822892097928 0.98708 0.16020 -0.00000 -280.94614 -0.16020 0.98708 0.00000 20.24900 0.00000 -0.00000 1.00000 0.00000
1547822892347706 0.98776 0.15598 -0.00000 -282.93177 -0.15598 0.98776 0.00000 19.05743 0.00000 -0.00000 1.00000 0.00000
1547822892597961 0.98893 0.14837 -0.00000 -284.94860 -0.14837 0.98893 0.00000 16.92138 0.00000 -0.00000 1.00000 0.00000
1547822892849081 0.98937 0.14543 -0.00000 -286.92180 -0.14543 0.98937 0.00000 16.11887 0.00000 -0.00000 1.00000 0.00000
1547822893101113 0.98982 0.14234 -0.00000 -288.83726 -0.14234 0.98982 0.00000 15.19486 0.00000 -0.00000 1.00000 0.00000
1547822893352876 0.99020 0.13963 -0.00000 -290.80371 -0.13963 0.99020 0.00000 14.49408 0.00000 -0.00000 1.00000 0.00000
1547822893604326 0.99091 0.13453 -0.00000 -292.78355 -0.13453 0.99091 0.00000 12.95490 0.00000 -0.00000 1.00000 0.00000
1547822893856162 0.99173 0.12832 -0.00000 -294.82751 -0.12832 0.99173 0.00000 11.18411 0.00000 -0.00000 1.00000 0.00000
1547822894107378 0.99240 0.12305 -0.00000 -296.87790 -0.12305 0.99240 0.00000 9.59916 0.00000 -0.00000 1.00000 0.00000
1547822894358345 0.99272 0.12041 -0.00000 -298.90949 -0.12041 0.99272 0.00000 8.90456 0.00000 -0.00000 1.00000 0.00000
1547822894609791 0.99321 0.11634 -0.00000 -300.97692 -0.11634 0.99321 0.00000 7.68275 0.00000 -0.00000 1.00000 0.00000
1547822894860873 0.99377 0.11148 -0.00000 -303.08362 -0.11148 0.99377 0.00000 6.19481 0.00000 -0.00000 1.00000 0.00000
1547822895111948 0.99393 0.10999 -0.00000 -305.18402 -0.10999 0.99393 0.00000 5.78081 0.00000 -0.00000 1.00000 0.00000
1547822895362967 0.99430 0.10664 -0.00000 -307.26124 -0.10664 0.99430 0.00000 4.75381 0.00000 -0.00000 1.00000 0.00000
1547822895614109 0.99409 0.10858 -0.00000 -309.34013 -0.10858 0.99409 0.00000 5.37568 0.00000 -0.00000 1.00000 0.00000
1547822895866460 0.99396 0.10977 -0.00000 -311.45749 -0.10977 0.99396 0.00000 5.76149 0.00000 -0.00000 1.00000 0.00000
1547822896120057 0.99393 0.11005 -0.00000 -313.58093 -0.11005 0.99393 0.00000 5.79986 0.00000 -0.00000 1.00000 0.00000
1547822896373645 0.99399 0.10948 -0.00000 -315.69980 -0.10948 0.99399 0.00000 5.69060 0.00000 -0.00000 1.00000 0.00000
1547822896625304 0.99438 0.10586 -0.00000 -317.82933 -0.10586 0.99438 0.00000 4.57082 0.00000 -0.00000 1.00000 0.00000
1547822896875010 0.99462 0.10364 -0.00000 -319.95787 -0.10364 0.99462 0.00000 3.91035 0.00000 -0.00000 1.00000 0.00000
1547822897122986 0.99480 0.10183 -0.00000 -322.04026 -0.10183 0.99480 0.00000 3.28511 0.00000 -0.00000 1.00000 0.00000
1547822897370330 0.99531 0.09673 -0.00000 -324.12308 -0.09673 0.99531 0.00000 1.66548 0.00000 -0.00000 1.00000 0.00000
1547822897617820 0.99617 0.08746 -0.00000 -326.20763 -0.08746 0.99617 0.00000 -1.34598 0.00000 -0.00000 1.00000 0.00000
1547822897865134 0.99705 0.07673 -0.00000 -328.25406 -0.07673 0.99705 0.00000 -4.82219 0.00000 -0.00000 1.00000 0.00000
1547822898112813 0.99783 0.06587 -0.00000 -330.23691 -0.06587 0.99783 0.00000 -8.35584 0.00000 -0.00000 1.00000 0.00000
1547822898361967 0.99838 0.05695 -0.00000 -332.24633 -0.05695 0.99838 0.00000 -11.30666 0.00000 -0.00000 1.00000 0.00000
1547822898612159 0.99894 0.04599 -0.00000 -334.24615 -0.04599 0.99894 0.00000 -14.93488 0.00000 -0.00000 1.00000 0.00000
1547822898862492 0.99938 0.03533 -0.00000 -336.18930 -0.03533 0.99938 0.00000 -18.44213 0.00000 -0.00000 1.00000 0.00000
1547822899113018 0.99956 0.02963 -0.00000 -338.16062 -0.02963 0.99956 0.00000 -20.32968 0.00000 -0.00000 1.00000 0.00000
1547822899363096 0.99980 0.01977 -0.00000 -340.07821 -0.01977 0.99980 0.00000 -23.65608 0.00000 -0.00000 1.00000 0.00000
1547822899612893 0.99989 0.01450 -0.00000 -342.10693 -0.01450 0.99989 0.00000 -25.43818 0.00000 -0.00000 1.00000 0.00000
1547822899863046 0.99992 0.01244 -0.00000 -344.17470 -0.01244 0.99992 0.00000 -26.13735 0.00000 -0.00000 1.00000 0.00000
1547822900112950 0.99996 0.00876 -0.00000 -346.23930 -0.00876 0.99996 0.00000 -27.43135 0.00000 -0.00000 1.00000 0.00000
1547822900363497 0.99997 0.00783 -0.00000 -348.36182 -0.00783 0.99997 0.00000 -27.71333 0.00000 -0.00000 1.00000 0.00000
1547822900615876 0.99997 0.00709 -0.00000 -350.53038 -0.00709 0.99997 0.00000 -27.94925 0.00000 -0.00000 1.00000 0.00000
1547822900867937 0.99997 0.00743 -0.00000 -352.70925 -0.00743 0.99997 0.00000 -27.87037 0.00000 -0.00000 1.00000 0.00000
1547822901118896 0.99996 0.00896 -0.00000 -354.91509 -0.00896 0.99996 0.00000 -27.33210 0.00000 -0.00000 1.00000 0.00000
1547822901370397 0.99996 0.00902 -0.00000 -357.08491 -0.00902 0.99996 0.00000 -27.34187 0.00000 -0.00000 1.00000 0.00000
1547822901621520 0.99993 0.01193 -0.00000 -359.32955 -0.01193 0.99993 0.00000 -26.26940 0.00000 -0.00000 1.00000 0.00000
1547822901872881 0.99989 0.01502 -0.00000 -361.60116 -0.01502 0.99989 0.00000 -25.15267 0.00000 -0.00000 1.00000 0.00000
1547822902124658 0.99984 0.01773 -0.00000 -363.83541 -0.01773 0.99984 0.00000 -24.17032 0.00000 -0.00000 1.00000 0.00000
1547822902375703 0.99973 0.02328 -0.00000 -366.17186 -0.02328 0.99973 0.00000 -22.11101 0.00000 -0.00000 1.00000 0.00000
1547822902626543 0.99961 0.02779 -0.00000 -368.42264 -0.02779 0.99961 0.00000 -20.48905 0.00000 -0.00000 1.00000 0.00000
1547822902877640 0.99950 0.03175 -0.00000 -370.70882 -0.03175 0.99950 0.00000 -18.99467 0.00000 -0.00000 1.00000 0.00000
1547822903128741 0.99932 0.03685 -0.00000 -372.97798 -0.03685 0.99932 0.00000 -17.16034 0.00000 -0.00000 1.00000 0.00000
1547822903380836 0.99919 0.04026 -0.00000 -375.21010 -0.04026 0.99919 0.00000 -15.83999 0.00000 -0.00000 1.00000 0.00000
1547822903634228 0.99899 0.04488 -0.00000 -377.49043 -0.04488 0.99899 0.00000 -14.08785 0.00000 -0.00000 1.00000 0.00000
1547822903887650 0.99882 0.04866 -0.00000 -379.72955 -0.04866 0.99882 0.00000 -12.68392 0.00000 -0.00000 1.00000 0.00000
1547822904139465 0.99859 0.05301 -0.00000 -381.96705 -0.05301 0.99859 0.00000 -10.96278 0.00000 -0.00000 1.00000 0.00000
1547822904389372 0.99824 0.05930 -0.00000 -384.18460 -0.05930 0.99824 0.00000 -8.55133 0.00000 -0.00000 1.00000 0.00000
1547822904637934 0.99824 0.05925 -0.00000 -386.31361 -0.05925 0.99824 0.00000 -8.54730 0.00000 -0.00000 1.00000 0.00000
1547822904885339 0.99835 0.05746 -0.00000 -388.43399 -0.05746 0.99835 0.00000 -9.24460 0.00000 -0.00000 1.00000 0.00000
1547822905132818 0.99833 0.05770 -0.00000 -390.55533 -0.05770 0.99833 0.00000 -9.10926 0.00000 -0.00000 1.00000 0.00000
1547822905380229 0.99838 0.05696 -0.00000 -392.66595 -0.05696 0.99838 0.00000 -9.41093 0.00000 -0.00000 1.00000 0.00000
1547822905627873 0.99830 0.05836 -0.00000 -394.78369 -0.05836 0.99830 0.00000 -8.85530 0.00000 -0.00000 1.00000 0.00000
1547822905877249 0.99828 0.05864 -0.00000 -396.91789 -0.05864 0.99828 0.00000 -8.73047 0.00000 -0.00000 1.00000 0.00000
1547822906127705 0.99821 0.05973 -0.00000 -399.05213 -0.05973 0.99821 0.00000 -8.28673 0.00000 -0.00000 1.00000 0.00000
1547822906378076 0.99805 0.06249 -0.00000 -401.17733 -0.06249 0.99805 0.00000 -7.15122 0.00000 -0.00000 1.00000 0.00000
1547822906628765 0.99784 0.06570 -0.00000 -403.29069 -0.06570 0.99784 0.00000 -5.88124 0.00000 -0.00000 1.00000 0.00000
1547822906878978 0.99765 0.06858 -0.00000 -405.33324 -0.06858 0.99765 0.00000 -4.66775 0.00000 -0.00000 1.00000 0.00000
1547822907129179 0.99748 0.07089 -0.00000 -407.38712 -0.07089 0.99748 0.00000 -3.73493 0.00000 -0.00000 1.00000 0.00000
1547822907379250 0.99729 0.07351 -0.00000 -409.43013 -0.07351 0.99729 0.00000 -2.64180 0.00000 -0.00000 1.00000 0.00000
1547822907628452 0.99722 0.07451 -0.00000 -411.43134 -0.07451 0.99722 0.00000 -2.24938 0.00000 -0.00000 1.00000 0.00000
1547822907878273 0.99705 0.07669 -0.00000 -413.41400 -0.07669 0.99705 0.00000 -1.31357 0.00000 -0.00000 1.00000 0.00000
1547822908129256 0.99701 0.07729 -0.00000 -415.37061 -0.07729 0.99701 0.00000 -1.01310 0.00000 -0.00000 1.00000 0.00000
1547822908380901 0.99697 0.07782 -0.00000 -417.30130 -0.07782 0.99697 0.00000 -0.81872 0.00000 -0.00000 1.00000 0.00000
1547822908632677 0.99694 0.07814 -0.00000 -419.14113 -0.07814 0.99694 0.00000 -0.73308 0.00000 -0.00000 1.00000 0.00000
1547822908883766 0.99700 0.07740 -0.00000 -420.91838 -0.07740 0.99700 0.00000 -1.02017 0.00000 -0.00000 1.00000 0.00000
1547822909134820 0.99719 0.07496 -0.00000 -422.63497 -0.07496 0.99719 0.00000 -1.99996 0.00000 -0.00000 1.00000 0.00000
1547822909386235 0.99728 0.07376 -0.00000 -424.30460 -0.07376 0.99728 0.00000 -2.50284 0.00000 -0.00000 1.00000 0.00000
1547822909637943 0.99716 0.07536 -0.00000 -425.93067 -0.07536 0.99716 0.00000 -1.84467 0.00000 -0.00000 1.00000 0.00000
