1. 0. 0. 0. 0. -1. -0. 0. 0. 0. -1. 0.
1. -0.002 -0. -0.001 -0.002 -1. -0. 0.028 0. 0. -1. 0.
1. -0.002 -0. -0.008 -0.002 -1. -0. 0.023 0. 0. -1. 0.
1. -0.001 -0. 0.005 -0.001 -1. -0. 0.015 0. 0. -1. 0.
1. -0.003 -0. 0.014 -0.003 -1. -0. 0.020 0. 0. -1. 0.
1. -0.005 -0. 0.006 -0.005 -1. -0. 0.001 0. 0. -1. 0.
1. -0.014 -0. 0.009 -0.014 -1. -0. 0.004 0. 0. -1. 0.
1. -0.006 -0. 0.021 -0.006 -1. -0. 0.041 0. 0. -1. 0.
1. -0.007 -0. -0.016 -0.007 -1. -0. 0.017 0. 0. -1. 0.
1. -0.002 -0. -0.013 -0.002 -1. -0. -0.027 0. 0. -1. 0.
1. -0.003 -0. -0.003 -0.003 -1. -0. 0.021 0. 0. -1. 0.
1. -0.002 -0. -0.009 -0.002 -1. -0. -0.032 0. 0. -1. 0.
1. -0.004 -0. -0.013 -0.004 -1. -0. 0.017 0. 0. -1. 0.
1. -0.009 -0. -0.008 -0.009 -1. -0. 0.048 0. 0. -1. 0.
1. -0.004 -0. 0.007 -0.004 -1. -0. 0.003 0. 0. -1. 0.
1. -0.013 -0. 0.016 -0.013 -1. -0. 0.006 0. 0. -1. 0.
1. -0.005 -0. 0.020 -0.005 -1. -0. 0.036 0. 0. -1. 0.
1. -0.007 -0. -0.000 -0.007 -1. -0. 0.005 0. 0. -1. 0.
1. -0.011 -0. -0.011 -0.011 -1. -0. 0.013 0. 0. -1. 0.
1. -0.010 -0. 0.038 -0.010 -1. -0. 0.024 0. 0. -1. 0.
1. -0.005 -0. -0.013 -0.005 -1. -0. 0.022 0. 0. -1. 0.
1. -0.013 -0. 0.022 -0.013 -1. -0. 0.024 0. 0. -1. 0.
1. -0.005 -0. 0.032 -0.005 -1. -0. -0.012 0. 0. -1. 0.
1. -0.011 -0. 0.024 -0.011 -1. -0. 0.008 0. 0. -1. 0.
1. -0.003 -0. 0.053 -0.003 -1. -0. 0.011 0. 0. -1. 0.
1. -0.008 -0. 0.134 -0.008 -1. -0. 0.066 0. 0. -1. 0.
1. -0.002 -0. 0.187 -0.002 -1. -0. 0.006 0. 0. -1. 0.
1. -0.006 -0. 0.324 -0.006 -1. -0. 0.051 0. 0. -1. 0.
1.000 -0.017 -0. 0.553 -0.017 -1.000 -0. 0.041 0. 0. -1. 0.
1.000 -0.017 -0. 0.810 -0.017 -1.000 -0. 0.029 0. 0. -1. 0.
1.000 -0.028 -0. 1.331 -0.028 -1.000 -0. -0.037 0. 0. -1. 0.
0.999 -0.040 -0. 1.819 -0.040 -0.999 -0. -0.016 0. 0. -1. 0.
0.999 -0.053 -0. 2.281 -0.053 -0.999 -0. -0.096 0. 0. -1. 0.
0.998 -0.062 -0. 2.924 -0.062 -0.998 -0. -0.172 0. 0. -1. 0.
0.997 -0.076 -0. 3.639 -0.076 -0.997 -0. -0.175 0. 0. -1. 0.
0.997 -0.077 -0. 4.414 -0.077 -0.997 -0. -0.337 0. 0. -1. 0.
0.996 -0.094 -0. 5.333 -0.094 -0.996 -0. -0.366 0. 0. -1. 0.
0.995 -0.099 -0. 6.219 -0.099 -0.995 -0. -0.452 0. 0. -1. 0.
0.994 -0.106 -0. 7.162 -0.106 -0.994 -0. -0.547 0. 0. -1. 0.
0.995 -0.104 -0. 8.176 -0.104 -0.995 -0. -0.706 0. 0. -1. 0.
0.995 -0.099 -0. 9.229 -0.099 -0.995 -0. -0.793 0. 0. -1. 0.
0.995 -0.101 -0. 10.296 -0.101 -0.995 -0. -0.937 0. 0. -1. 0.
0.995 -0.102 -0. 11.450 -0.102 -0.995 -0. -1.044 0. 0. -1. 0.
0.996 -0.095 -0. 12.603 -0.095 -0.996 -0. -1.291 0. 0. -1. 0.
0.996 -0.084 -0. 13.896 -0.084 -0.996 -0. -1.307 0. 0. -1. 0.
0.997 -0.078 -0. 15.095 -0.078 -0.997 -0. -1.422 0. 0. -1. 0.
0.997 -0.071 -0. 16.493 -0.071 -0.997 -0. -1.475 0. 0. -1. 0.
0.997 -0.075 -0. 17.781 -0.075 -0.997 -0. -1.682 0. 0. -1. 0.
0.998 -0.063 -0. 19.268 -0.063 -0.998 -0. -1.769 0. 0. -1. 0.
0.998 -0.061 -0. 20.746 -0.061 -0.998 -0. -1.899 0. 0. -1. 0.
0.999 -0.050 -0. 22.143 -0.050 -0.999 -0. -2.033 0. 0. -1. 0.
0.999 -0.040 -0. 23.745 -0.040 -0.999 -0. -2.069 0. 0. -1. 0.
1.000 -0.022 -0. 25.334 -0.022 -1.000 -0. -2.158 0. 0. -1. 0.
1.000 -0.021 -0. 26.999 -0.021 -1.000 -0. -2.206 0. 0. -1. 0.
1. -0.012 -0. 28.621 -0.012 -1. -0. -2.340 0. 0. -1. 0.
1. 0.004 0. 30.323 0.004 -1. -0. -2.341 0. 0. -1. 0.
1.000 0.015 0. 32.129 0.015 -1.000 -0. -2.269 0. 0. -1. 0.
1.000 0.030 0. 33.700 0.030 -1.000 -0. -2.197 0. 0. -1. 0.
0.999 0.034 0. 35.424 0.034 -0.999 -0. -2.130 0. 0. -1. 0.
0.999 0.042 0. 37.324 0.042 -0.999 -0. -2.160 0. 0. -1. 0.
0.999 0.052 0. 39.033 0.052 -0.999 -0. -2.174 0. 0. -1. 0.
0.999 0.052 0. 40.911 0.052 -0.999 -0. -2.054 0. 0. -1. 0.
0.999 0.050 0. 42.812 0.050 -0.999 -0. -1.907 0. 0. -1. 0.
0.998 0.057 0. 44.640 0.057 -0.998 -0. -1.898 0. 0. -1. 0.
0.998 0.058 0. 46.535 0.058 -0.998 -0. -1.718 0. 0. -1. 0.
0.999 0.052 0. 48.451 0.052 -0.999 -0. -1.742 0. 0. -1. 0.
0.998 0.055 0. 50.356 0.055 -0.998 -0. -1.597 0. 0. -1. 0.
0.999 0.045 0. 52.347 0.045 -0.999 -0. -1.583 0. 0. -1. 0.
0.999 0.047 0. 54.268 0.047 -0.999 -0. -1.489 0. 0. -1. 0.
0.999 0.048 0. 56.286 0.048 -0.999 -0. -1.481 0. 0. -1. 0.
0.999 0.045 0. 58.307 0.045 -0.999 -0. -1.401 0. 0. -1. 0.
0.999 0.049 0. 60.309 0.049 -0.999 -0. -1.475 0. 0. -1. 0.
0.999 0.045 0. 62.388 0.045 -0.999 -0. -1.363 0. 0. -1. 0.
0.999 0.054 0. 64.301 0.054 -0.999 -0. -1.157 0. 0. -1. 0.
0.999 0.052 0. 66.333 0.052 -0.999 -0. -1.191 0. 0. -1. 0.
0.999 0.045 0. 68.360 0.045 -0.999 -0. -1.022 0. 0. -1. 0.
0.999 0.053 0. 70.350 0.053 -0.999 -0. -0.925 0. 0. -1. 0.
0.999 0.040 0. 72.381 0.040 -0.999 -0. -0.879 0. 0. -1. 0.
0.999 0.034 0. 74.297 0.034 -0.999 -0. -0.798 0. 0. -1. 0.
1.000 0.020 0. 76.295 0.020 -1.000 -0. -0.769 0. 0. -1. 0.
1. 0.006 0. 78.233 0.006 -1. -0. -0.760 0. 0. -1. 0.
1.000 -0.022 -0. 80.191 -0.022 -1.000 -0. -0.848 0. 0. -1. 0.
0.999 -0.047 -0. 82.105 -0.047 -0.999 -0. -1.020 0. 0. -1. 0.
0.996 -0.086 -0. 84.081 -0.086 -0.996 -0. -1.157 0. 0. -1. 0.
0.992 -0.124 -0. 85.850 -0.124 -0.992 -0. -1.472 0. 0. -1. 0.
0.984 -0.176 -0. 87.723 -0.176 -0.984 -0. -1.645 0. 0. -1. 0.
0.973 -0.230 -0. 89.565 -0.230 -0.973 -0. -2.088 0. 0. -1. 0.
0.959 -0.283 -0. 91.328 -0.283 -0.959 -0. -2.669 0. 0. -1. 0.
0.944 -0.330 -0. 93.056 -0.330 -0.944 -0. -3.269 0. 0. -1. 0.
0.924 -0.381 -0. 94.723 -0.381 -0.924 -0. -4.071 0. 0. -1. 0.
0.902 -0.432 -0. 96.419 -0.432 -0.902 -0. -4.810 0. 0. -1. 0.
0.870 -0.494 -0. 97.947 -0.494 -0.870 -0. -5.660 0. 0. -1. 0.
0.838 -0.545 -0. 99.367 -0.545 -0.838 -0. -6.804 0. 0. -1. 0.
0.802 -0.598 -0. 101.012 -0.598 -0.802 -0. -7.741 0. 0. -1. 0.
0.764 -0.646 -0. 102.456 -0.646 -0.764 -0. -8.927 0. 0. -1. 0.
0.718 -0.697 -0. 103.617 -0.697 -0.718 -0. -10.085 0. 0. -1. 0.
0.666 -0.746 -0. 104.714 -0.746 -0.666 -0. -11.466 0. 0. -1. 0.
0.611 -0.792 -0. 105.846 -0.792 -0.611 -0. -12.792 0. 0. -1. 0.
0.561 -0.828 -0. 106.587 -0.828 -0.561 -0. -14.296 0. 0. -1. 0.
0.505 -0.863 -0. 107.608 -0.863 -0.505 -0. -15.633 0. 0. -1. 0.
0.458 -0.889 -0. 108.401 -0.889 -0.458 -0. -17.210 0. 0. -1. 0.
0.425 -0.905 -0. 109.041 -0.905 -0.425 -0. -18.956 0. 0. -1. 0.
0.393 -0.919 -0. 109.785 -0.919 -0.393 -0. -20.509 0. 0. -1. 0.
0.378 -0.926 -0. 110.439 -0.926 -0.378 -0. -22.184 0. 0. -1. 0.
0.364 -0.932 -0. 110.944 -0.932 -0.364 -0. -23.940 0. 0. -1. 0.
0.351 -0.936 -0. 111.686 -0.936 -0.351 -0. -25.661 0. 0. -1. 0.
0.351 -0.937 -0. 112.362 -0.937 -0.351 -0. -27.374 0. 0. -1. 0.
0.369 -0.929 -0. 112.838 -0.929 -0.369 -0. -29.133 0. 0. -1. 0.
0.387 -0.922 -0. 113.786 -0.922 -0.387 -0. -30.858 0. 0. -1. 0.
0.400 -0.916 -0. 114.549 -0.916 -0.400 -0. -32.583 0. 0. -1. 0.
0.422 -0.907 -0. 115.207 -0.907 -0.422 -0. -34.386 0. 0. -1. 0.
0.434 -0.901 -0. 116.085 -0.901 -0.434 -0. -36.214 0. 0. -1. 0.
0.454 -0.891 -0. 116.833 -0.891 -0.454 -0. -37.956 0. 0. -1. 0.
0.465 -0.885 -0. 117.939 -0.885 -0.465 -0. -39.735 0. 0. -1. 0.
0.484 -0.875 -0. 118.660 -0.875 -0.484 -0. -41.482 0. 0. -1. 0.
0.505 -0.863 -0. 119.501 -0.863 -0.505 -0. -43.283 0. 0. -1. 0.
0.524 -0.852 -0. 120.505 -0.852 -0.524 -0. -44.932 0. 0. -1. 0.
0.550 -0.835 -0. 121.556 -0.835 -0.550 -0. -46.503 0. 0. -1. 0.
0.571 -0.821 -0. 122.776 -0.821 -0.571 -0. -48.137 0. 0. -1. 0.
0.588 -0.809 -0. 123.780 -0.809 -0.588 -0. -49.681 0. 0. -1. 0.
0.603 -0.797 -0. 124.883 -0.797 -0.603 -0. -51.204 0. 0. -1. 0.
0.621 -0.784 -0. 126.190 -0.784 -0.621 -0. -52.645 0. 0. -1. 0.
0.643 -0.766 -0. 127.172 -0.766 -0.643 -0. -54.149 0. 0. -1. 0.
0.656 -0.755 -0. 128.492 -0.755 -0.656 -0. -55.591 0. 0. -1. 0.
0.671 -0.742 -0. 129.649 -0.742 -0.671 -0. -56.954 0. 0. -1. 0.
0.682 -0.732 -0. 130.952 -0.732 -0.682 -0. -58.221 0. 0. -1. 0.
0.695 -0.719 -0. 132.058 -0.719 -0.695 -0. -59.662 0. 0. -1. 0.
0.702 -0.712 -0. 133.294 -0.712 -0.702 -0. -60.900 0. 0. -1. 0.
0.710 -0.704 -0. 134.593 -0.704 -0.710 -0. -62.141 0. 0. -1. 0.
0.716 -0.698 -0. 135.869 -0.698 -0.716 -0. -63.395 0. 0. -1. 0.
0.723 -0.691 -0. 137.083 -0.691 -0.723 -0. -64.627 0. 0. -1. 0.
0.726 -0.688 -0. 138.302 -0.688 -0.726 -0. -65.723 0. 0. -1. 0.
0.735 -0.678 -0. 139.480 -0.678 -0.735 -0. -66.809 0. 0. -1. 0.
0.755 -0.656 -0. 140.624 -0.656 -0.755 -0. -67.813 0. 0. -1. 0.
0.792 -0.610 -0. 141.661 -0.610 -0.792 -0. -68.780 0. 0. -1. 0.
0.833 -0.554 -0. 142.842 -0.554 -0.833 -0. -69.572 0. 0. -1. 0.
0.870 -0.494 -0. 143.874 -0.494 -0.870 -0. -70.179 0. 0. -1. 0.
0.915 -0.404 -0. 144.857 -0.404 -0.915 -0. -70.587 0. 0. -1. 0.
0.951 -0.309 -0. 145.917 -0.309 -0.951 -0. -70.900 0. 0. -1. 0.
0.982 -0.191 -0. 146.864 -0.191 -0.982 -0. -71.159 0. 0. -1. 0.
0.999 -0.042 -0. 147.835 -0.042 -0.999 -0. -71.175 0. 0. -1. 0.
0.994 0.107 0. 148.783 0.107 -0.994 -0. -70.987 0. 0. -1. 0.
0.964 0.264 0. 149.666 0.264 -0.964 -0. -70.777 0. 0. -1. 0.
0.906 0.424 0. 150.463 0.424 -0.906 -0. -70.318 0. 0. -1. 0.
0.817 0.577 0. 151.147 0.577 -0.817 -0. -69.823 0. 0. -1. 0.
0.699 0.715 0. 151.708 0.715 -0.699 -0. -69.171 0. 0. -1. 0.
0.552 0.834 0. 152.146 0.834 -0.552 -0. -68.383 0. 0. -1. 0.
0.388 0.922 0. 152.448 0.922 -0.388 -0. -67.610 0. 0. -1. 0.
0.204 0.979 0. 152.526 0.979 -0.204 -0. -66.799 0. 0. -1. 0.
0.010 1. 0. 152.533 1. -0.010 -0. -65.870 0. 0. -1. 0.
-0.193 0.981 0. 152.301 0.981 0.193 0. -65.023 0. 0. -1. 0.
-0.393 0.919 0. 151.828 0.919 0.393 0. -64.212 0. 0. -1. 0.
-0.559 0.829 0. 151.233 0.829 0.559 0. -63.425 0. 0. -1. 0.
-0.680 0.733 0. 150.506 0.733 0.680 0. -62.650 0. 0. -1. 0.
-0.767 0.641 0. 149.544 0.641 0.767 0. -61.919 0. 0. -1. 0.
-0.831 0.557 0. 148.643 0.557 0.831 0. -61.288 0. 0. -1. 0.
-0.878 0.479 0. 147.582 0.479 0.878 0. -60.801 0. 0. -1. 0.
-0.907 0.422 0. 146.454 0.422 0.907 0. -60.220 0. 0. -1. 0.
-0.924 0.382 0. 145.236 0.382 0.924 0. -59.825 0. 0. -1. 0.
-0.930 0.368 0. 144.036 0.368 0.930 0. -59.257 0. 0. -1. 0.
-0.933 0.361 0. 142.803 0.361 0.933 0. -58.791 0. 0. -1. 0.
-0.935 0.355 0. 141.462 0.355 0.935 0. -58.276 0. 0. -1. 0.
-0.935 0.355 0. 140.099 0.355 0.935 0. -57.761 0. 0. -1. 0.
-0.928 0.373 0. 138.722 0.373 0.928 0. -57.164 0. 0. -1. 0.
-0.921 0.390 0. 137.364 0.390 0.921 0. -56.682 0. 0. -1. 0.
-0.908 0.418 0. 135.895 0.418 0.908 0. -56.020 0. 0. -1. 0.
-0.896 0.443 0. 134.552 0.443 0.896 0. -55.328 0. 0. -1. 0.
-0.874 0.485 0. 133.092 0.485 0.874 0. -54.445 0. 0. -1. 0.
-0.848 0.530 0. 131.852 0.530 0.848 0. -53.560 0. 0. -1. 0.
-0.820 0.573 0. 130.512 0.573 0.820 0. -52.556 0. 0. -1. 0.
-0.790 0.613 0. 129.138 0.613 0.790 0. -51.470 0. 0. -1. 0.
-0.763 0.647 0. 127.935 0.647 0.763 0. -50.357 0. 0. -1. 0.
-0.732 0.681 0. 126.536 0.681 0.732 0. -49.199 0. 0. -1. 0.
-0.697 0.717 0. 125.338 0.717 0.697 0. -47.863 0. 0. -1. 0.
-0.661 0.750 0. 124.239 0.750 0.661 0. -46.367 0. 0. -1. 0.
-0.619 0.785 0. 122.938 0.785 0.619 0. -45.093 0. 0. -1. 0.
-0.577 0.817 0. 121.869 0.817 0.577 0. -43.513 0. 0. -1. 0.
-0.539 0.842 0. 121.040 0.842 0.539 0. -41.953 0. 0. -1. 0.
-0.504 0.864 0. 120.157 0.864 0.504 0. -40.275 0. 0. -1. 0.
-0.461 0.887 0. 119.184 0.887 0.461 0. -38.611 0. 0. -1. 0.
-0.435 0.901 0. 118.529 0.901 0.435 0. -36.938 0. 0. -1. 0.
-0.412 0.911 0. 117.774 0.911 0.412 0. -35.186 0. 0. -1. 0.
-0.399 0.917 0. 116.990 0.917 0.399 0. -33.431 0. 0. -1. 0.
-0.379 0.925 0. 116.377 0.925 0.379 0. -31.717 0. 0. -1. 0.
-0.370 0.929 0. 115.585 0.929 0.370 0. -29.968 0. 0. -1. 0.
-0.359 0.933 0. 115.053 0.933 0.359 0. -28.140 0. 0. -1. 0.
-0.361 0.933 0. 114.188 0.933 0.361 0. -26.302 0. 0. -1. 0.
-0.369 0.929 0. 113.750 0.929 0.369 0. -24.507 0. 0. -1. 0.
-0.391 0.921 0. 112.795 0.921 0.391 0. -22.687 0. 0. -1. 0.
-0.409 0.912 0. 112.370 0.912 0.409 0. -20.848 0. 0. -1. 0.
-0.439 0.899 0. 111.256 0.899 0.439 0. -19.147 0. 0. -1. 0.
-0.474 0.880 0. 110.687 0.880 0.474 0. -17.395 0. 0. -1. 0.
-0.510 0.860 0. 109.558 0.860 0.510 0. -15.697 0. 0. -1. 0.
-0.549 0.836 0. 108.600 0.836 0.549 0. -14.079 0. 0. -1. 0.
-0.597 0.802 0. 107.611 0.802 0.597 0. -12.514 0. 0. -1. 0.
-0.645 0.764 0. 106.393 0.764 0.645 0. -10.995 0. 0. -1. 0.
-0.697 0.717 0. 105.136 0.717 0.697 0. -9.574 0. 0. -1. 0.
-0.741 0.671 0. 103.520 0.671 0.741 0. -8.256 0. 0. -1. 0.
-0.790 0.613 0. 102.295 0.613 0.790 0. -7.077 0. 0. -1. 0.
-0.828 0.560 0. 100.664 0.560 0.828 0. -5.945 0. 0. -1. 0.
-0.857 0.515 0. 98.973 0.515 0.857 0. -4.877 0. 0. -1. 0.
-0.890 0.455 0. 97.317 0.455 0.890 0. -3.911 0. 0. -1. 0.
-0.918 0.396 0. 95.610 0.396 0.918 0. -3.189 0. 0. -1. 0.
-0.939 0.343 0. 93.790 0.343 0.939 0. -2.496 0. 0. -1. 0.
-0.958 0.288 0. 91.980 0.288 0.958 0. -1.822 0. 0. -1. 0.
-0.971 0.241 0. 89.979 0.241 0.971 0. -1.327 0. 0. -1. 0.
-0.983 0.185 0. 88.126 0.185 0.983 0. -0.929 0. 0. -1. 0.
-0.990 0.139 0. 86.109 0.139 0.990 0. -0.701 0. 0. -1. 0.
-0.995 0.095 0. 84.055 0.095 0.995 0. -0.475 0. 0. -1. 0.
-0.998 0.058 0. 82.048 0.058 0.998 0. -0.309 0. 0. -1. 0.
-1.000 0.029 0. 80.028 0.029 1.000 0. -0.276 0. 0. -1. 0.
-1. 0.002 0. 77.966 0.002 1. 0. -0.328 0. 0. -1. 0.
-1.000 -0.020 -0. 75.868 -0.020 1.000 0. -0.290 0. 0. -1. 0.
-1.000 -0.026 -0. 73.737 -0.026 1.000 0. -0.322 0. 0. -1. 0.
-0.999 -0.039 -0. 71.685 -0.039 0.999 0. -0.294 0. 0. -1. 0.
-0.999 -0.049 -0. 69.573 -0.049 0.999 0. -0.439 0. 0. -1. 0.
-0.999 -0.046 -0. 67.427 -0.046 0.999 0. -0.420 0. 0. -1. 0.
-0.999 -0.050 -0. 65.284 -0.050 0.999 0. -0.575 0. 0. -1. 0.
-0.999 -0.047 -0. 63.193 -0.047 0.999 0. -0.580 0. 0. -1. 0.
-0.999 -0.042 -0. 61.025 -0.042 0.999 0. -0.654 0. 0. -1. 0.
-0.999 -0.044 -0. 58.933 -0.044 0.999 0. -0.666 0. 0. -1. 0.
-0.999 -0.038 -0. 56.785 -0.038 0.999 0. -0.779 0. 0. -1. 0.
-0.999 -0.038 -0. 54.733 -0.038 0.999 0. -0.738 0. 0. -1. 0.
-1.000 -0.030 -0. 52.651 -0.030 1.000 0. -0.801 0. 0. -1. 0.
-1.000 -0.027 -0. 50.491 -0.027 1.000 0. -0.830 0. 0. -1. 0.
-1.000 -0.020 -0. 48.354 -0.020 1.000 0. -0.839 0. 0. -1. 0.
-1.000 -0.016 -0. 46.299 -0.016 1.000 0. -0.922 0. 0. -1. 0.
-1.000 -0.017 -0. 44.200 -0.017 1.000 0. -0.742 0. 0. -1. 0.
-1. -0.006 -0. 42.115 -0.006 1. 0. -0.804 0. 0. -1. 0.
-1. -0.000 -0. 40.131 -0.000 1. 0. -0.802 0. 0. -1. 0.
-1. 0.001 0. 38.044 0.001 1. 0. -0.721 0. 0. -1. 0.
-1. 0.012 0. 36.018 0.012 1. 0. -0.848 0. 0. -1. 0.
-1.000 0.019 0. 34.009 0.019 1.000 0. -0.702 0. 0. -1. 0.
-1.000 0.021 0. 31.998 0.021 1.000 0. -0.603 0. 0. -1. 0.
-1.000 0.021 0. 29.989 0.021 1.000 0. -0.575 0. 0. -1. 0.
-1.000 0.021 0. 27.944 0.021 1.000 0. -0.401 0. 0. -1. 0.
-1.000 0.030 0. 25.994 0.030 1.000 0. -0.383 0. 0. -1. 0.
-0.999 0.034 0. 23.907 0.034 0.999 0. -0.334 0. 0. -1. 0.
-0.999 0.036 0. 21.936 0.036 0.999 0. -0.158 0. 0. -1. 0.
-0.999 0.036 0. 19.828 0.036 0.999 0. -0.158 0. 0. -1. 0.
-0.999 0.044 0. 17.776 0.044 0.999 0. 0.038 0. 0. -1. 0.
-0.999 0.049 0. 15.674 0.049 0.999 0. 0.149 0. 0. -1. 0.
-0.998 0.057 0. 13.615 0.057 0.998 0. 0.250 0. 0. -1. 0.
-0.998 0.056 0. 11.508 0.056 0.998 0. 0.429 0. 0. -1. 0.
-0.998 0.067 0. 9.427 0.067 0.998 0. 0.654 0. 0. -1. 0.
-0.998 0.065 0. 7.283 0.065 0.998 0. 0.636 0. 0. -1. 0.
-0.998 0.059 0. 5.103 0.059 0.998 0. 0.857 0. 0. -1. 0.
-0.998 0.060 0. 3.002 0.060 0.998 0. 0.997 0. 0. -1. 0.
-0.999 0.054 0. 0.885 0.054 0.999 0. 1.108 0. 0. -1. 0.
-0.998 0.069 0. -1.219 0.069 0.998 0. 1.277 0. 0. -1. 0.
-0.998 0.068 0. -3.409 0.068 0.998 0. 1.430 0. 0. -1. 0.
-0.998 0.067 0. -5.491 0.067 0.998 0. 1.685 0. 0. -1. 0.
-0.998 0.070 0. -7.638 0.070 0.998 0. 1.861 0. 0. -1. 0.
-0.997 0.076 0. -9.755 0.076 0.997 0. 1.988 0. 0. -1. 0.
-0.997 0.078 0. -11.953 0.078 0.997 0. 2.089 0. 0. -1. 0.
-0.997 0.081 0. -13.998 0.081 0.997 0. 2.344 0. 0. -1. 0.
-0.995 0.096 0. -16.173 0.096 0.995 0. 2.498 0. 0. -1. 0.
-0.994 0.105 0. -18.263 0.105 0.994 0. 2.789 0. 0. -1. 0.
-0.995 0.096 0. -20.335 0.096 0.995 0. 2.998 0. 0. -1. 0.
-0.995 0.095 0. -22.488 0.095 0.995 0. 3.210 0. 0. -1. 0.
-0.996 0.094 0. -24.655 0.094 0.996 0. 3.435 0. 0. -1. 0.
-0.998 0.070 0. -26.804 0.070 0.998 0. 3.761 0. 0. -1. 0.
-0.999 0.053 0. -28.953 0.053 0.999 0. 3.889 0. 0. -1. 0.
-0.999 0.035 0. -31.128 0.035 0.999 0. 4.016 0. 0. -1. 0.
-1.000 0.017 0. -33.300 0.017 1.000 0. 4.115 0. 0. -1. 0.
-1. 0.003 0. -35.495 0.003 1. 0. 4.049 0. 0. -1. 0.
-1.000 -0.017 -0. -37.555 -0.017 1.000 0. 4.011 0. 0. -1. 0.
-0.999 -0.040 -0. -39.724 -0.040 0.999 0. 4.011 0. 0. -1. 0.
-0.998 -0.055 -0. -41.918 -0.055 0.998 0. 3.889 0. 0. -1. 0.
-0.998 -0.058 -0. -43.998 -0.058 0.998 0. 3.768 0. 0. -1. 0.
-0.998 -0.064 -0. -46.133 -0.064 0.998 0. 3.692 0. 0. -1. 0.
-0.997 -0.071 -0. -48.193 -0.071 0.997 0. 3.587 0. 0. -1. 0.
-0.997 -0.072 -0. -50.230 -0.072 0.997 0. 3.484 0. 0. -1. 0.
-0.997 -0.071 -0. -52.209 -0.071 0.997 0. 3.416 0. 0. -1. 0.
-0.998 -0.056 -0. -54.207 -0.056 0.998 0. 3.291 0. 0. -1. 0.
-0.999 -0.042 -0. -56.031 -0.042 0.999 0. 3.236 0. 0. -1. 0.
-0.999 -0.033 -0. -57.859 -0.033 0.999 0. 3.182 0. 0. -1. 0.
-1. -0.003 -0. -59.497 -0.003 1. 0. 3.177 0. 0. -1. 0.
-1.000 0.022 0. -61.093 0.022 1.000 0. 3.224 0. 0. -1. 0.
-0.998 0.065 0. -62.636 0.065 0.998 0. 3.345 0. 0. -1. 0.
-0.992 0.125 0. -64.005 0.125 0.992 0. 3.568 0. 0. -1. 0.
-0.983 0.186 0. -65.264 0.186 0.983 0. 3.855 0. 0. -1. 0.
-0.964 0.265 0. -66.456 0.265 0.964 0. 4.197 0. 0. -1. 0.
-0.936 0.353 0. -67.517 0.353 0.936 0. 4.556 0. 0. -1. 0.
-0.890 0.455 0. -68.528 0.455 0.890 0. 5.053 0. 0. -1. 0.
-0.837 0.547 0. -69.262 0.547 0.837 0. 5.809 0. 0. -1. 0.
-0.758 0.652 0. -70.106 0.652 0.758 0. 6.501 0. 0. -1. 0.
-0.679 0.734 0. -70.767 0.734 0.679 0. 7.213 0. 0. -1. 0.
-0.584 0.812 0. -71.392 0.812 0.584 0. 8.056 0. 0. -1. 0.
-0.501 0.865 0. -71.791 0.865 0.501 0. 9.023 0. 0. -1. 0.
-0.417 0.909 0. -72.268 0.909 0.417 0. 9.986 0. 0. -1. 0.
-0.342 0.940 0. -72.757 0.940 0.342 0. 11.088 0. 0. -1. 0.
-0.273 0.962 0. -73.033 0.962 0.273 0. 12.296 0. 0. -1. 0.
-0.215 0.977 0. -73.302 0.977 0.215 0. 13.480 0. 0. -1. 0.
-0.169 0.986 0. -73.541 0.986 0.169 0. 14.868 0. 0. -1. 0.
-0.119 0.993 0. -73.612 0.993 0.119 0. 16.318 0. 0. -1. 0.
-0.092 0.996 0. -73.694 0.996 0.092 0. 17.825 0. 0. -1. 0.
-0.067 0.998 0. -73.809 0.998 0.067 0. 19.366 0. 0. -1. 0.
-0.043 0.999 0. -73.830 0.999 0.043 0. 20.945 0. 0. -1. 0.
-0.046 0.999 0. -73.896 0.999 0.046 0. 22.520 0. 0. -1. 0.
-0.030 1.000 0. -73.752 1.000 0.030 0. 24.166 0. 0. -1. 0.
-0.027 1.000 0. -73.886 1.000 0.027 0. 25.785 0. 0. -1. 0.
-0.024 1.000 0. -73.910 1.000 0.024 0. 27.504 0. 0. -1. 0.
-0.011 1. 0. -73.816 1. 0.011 0. 29.114 0. 0. -1. 0.
0.001 1. 0. -73.924 1. -0.001 -0. 30.864 0. 0. -1. 0.
0.017 1.000 0. -73.723 1.000 -0.017 -0. 32.548 0. 0. -1. 0.
0.029 1.000 0. -73.691 1.000 -0.029 -0. 34.287 0. 0. -1. 0.
0.059 0.998 0. -73.490 0.998 -0.059 -0. 36.004 0. 0. -1. 0.
0.090 0.996 0. -73.385 0.996 -0.090 -0. 37.744 0. 0. -1. 0.
0.115 0.993 0. -73.098 0.993 -0.115 -0. 39.486 0. 0. -1. 0.
0.144 0.990 0. -72.720 0.990 -0.144 -0. 41.392 0. 0. -1. 0.
0.159 0.987 0. -72.345 0.987 -0.159 -0. 42.908 0. 0. -1. 0.
0.164 0.987 0. -72.144 0.987 -0.164 -0. 44.763 0. 0. -1. 0.
0.160 0.987 0. -71.757 0.987 -0.160 -0. 46.545 0. 0. -1. 0.
0.146 0.989 0. -71.461 0.989 -0.146 -0. 48.480 0. 0. -1. 0.
0.130 0.992 0. -71.238 0.992 -0.130 -0. 50.210 0. 0. -1. 0.
0.104 0.995 0. -70.986 0.995 -0.104 -0. 52.109 0. 0. -1. 0.
0.095 0.995 0. -70.792 0.995 -0.095 -0. 54.097 0. 0. -1. 0.
0.070 0.998 0. -70.647 0.998 -0.070 -0. 56.027 0. 0. -1. 0.
0.058 0.998 0. -70.474 0.998 -0.058 -0. 58.081 0. 0. -1. 0.
0.039 0.999 0. -70.384 0.999 -0.039 -0. 60.075 0. 0. -1. 0.
0.025 1.000 0. -70.271 1.000 -0.025 -0. 62.068 0. 0. -1. 0.
0.010 1. 0. -70.222 1. -0.010 -0. 64.123 0. 0. -1. 0.
-0.006 1. 0. -70.137 1. 0.006 0. 66.089 0. 0. -1. 0.
-0.009 1. 0. -70.171 1. 0.009 0. 68.110 0. 0. -1. 0.
-0.010 1. 0. -70.179 1. 0.010 0. 69.997 0. 0. -1. 0.
-0.008 1. 0. -70.221 1. 0.008 0. 71.896 0. 0. -1. 0.
-0.015 1.000 0. -70.157 1.000 0.015 0. 73.831 0. 0. -1. 0.
-0.008 1. 0. -70.148 1. 0.008 0. 75.713 0. 0. -1. 0.
-0.012 1. 0. -70.189 1. 0.012 0. 77.447 0. 0. -1. 0.
-0.014 1. 0. -70.165 1. 0.014 0. 79.229 0. 0. -1. 0.
-0.028 1.000 0. -70.150 1.000 0.028 0. 80.942 0. 0. -1. 0.
-0.051 0.999 0. -70.140 0.999 0.051 0. 82.672 0. 0. -1. 0.
-0.093 0.996 0. -70.230 0.996 0.093 0. 84.259 0. 0. -1. 0.
-0.144 0.990 0. -70.517 0.990 0.144 0. 85.748 0. 0. -1. 0.
-0.213 0.977 0. -70.721 0.977 0.213 0. 87.160 0. 0. -1. 0.
-0.291 0.957 0. -71.126 0.957 0.291 0. 88.566 0. 0. -1. 0.
-0.379 0.925 0. -71.591 0.925 0.379 0. 89.983 0. 0. -1. 0.
-0.470 0.883 0. -72.281 0.883 0.470 0. 91.068 0. 0. -1. 0.
-0.551 0.834 0. -72.974 0.834 0.551 0. 92.189 0. 0. -1. 0.
-0.639 0.769 0. -73.793 0.769 0.639 0. 93.201 0. 0. -1. 0.
-0.719 0.695 0. -74.706 0.695 0.719 0. 94.219 0. 0. -1. 0.
-0.791 0.612 0. -75.742 0.612 0.791 0. 95.007 0. 0. -1. 0.
-0.851 0.526 0. -76.962 0.526 0.851 0. 95.829 0. 0. -1. 0.
-0.906 0.423 0. -78.185 0.423 0.906 0. 96.408 0. 0. -1. 0.
-0.947 0.321 0. -79.575 0.321 0.947 0. 96.920 0. 0. -1. 0.
-0.972 0.233 0. -80.944 0.233 0.972 0. 97.151 0. 0. -1. 0.
-0.987 0.163 0. -82.470 0.163 0.987 0. 97.345 0. 0. -1. 0.
-0.994 0.113 0. -83.865 0.113 0.994 0. 97.471 0. 0. -1. 0.
-0.995 0.103 0. -85.530 0.103 0.995 0. 97.561 0. 0. -1. 0.
-0.993 0.114 0. -86.913 0.114 0.993 0. 97.981 0. 0. -1. 0.
-0.991 0.135 0. -88.474 0.135 0.991 0. 98.129 0. 0. -1. 0.
-0.984 0.176 0. -90.084 0.176 0.984 0. 98.432 0. 0. -1. 0.
-0.975 0.223 0. -91.568 0.223 0.975 0. 98.806 0. 0. -1. 0.
-0.962 0.275 0. -93.174 0.275 0.962 0. 99.264 0. 0. -1. 0.
-0.941 0.339 0. -94.786 0.339 0.941 0. 99.832 0. 0. -1. 0.
-0.916 0.402 0. -96.217 0.402 0.916 0. 100.517 0. 0. -1. 0.
-0.887 0.462 0. -97.813 0.462 0.887 0. 101.421 0. 0. -1. 0.
-0.850 0.527 0. -99.296 0.527 0.850 0. 102.461 0. 0. -1. 0.
-0.810 0.586 0. -100.753 0.586 0.810 0. 103.478 0. 0. -1. 0.
-0.770 0.637 0. -102.231 0.637 0.770 0. 104.598 0. 0. -1. 0.
-0.744 0.668 0. -103.604 0.668 0.744 0. 105.854 0. 0. -1. 0.
-0.720 0.694 0. -105.044 0.694 0.720 0. 107.190 0. 0. -1. 0.
-0.713 0.701 0. -106.386 0.701 0.713 0. 108.709 0. 0. -1. 0.
-0.711 0.703 0. -107.879 0.703 0.711 0. 110.087 0. 0. -1. 0.
-0.711 0.703 0. -109.266 0.703 0.711 0. 111.660 0. 0. -1. 0.
-0.711 0.703 0. -110.802 0.703 0.711 0. 113.135 0. 0. -1. 0.
-0.712 0.703 0. -112.272 0.703 0.712 0. 114.720 0. 0. -1. 0.
-0.716 0.698 0. -113.849 0.698 0.716 0. 116.155 0. 0. -1. 0.
-0.719 0.695 0. -115.457 0.695 0.719 0. 117.723 0. 0. -1. 0.
-0.718 0.696 0. -117.116 0.696 0.718 0. 119.381 0. 0. -1. 0.
-0.721 0.693 0. -118.664 0.693 0.721 0. 121.039 0. 0. -1. 0.
-0.721 0.693 0. -120.367 0.693 0.721 0. 122.684 0. 0. -1. 0.
-0.717 0.697 0. -122.038 0.697 0.717 0. 124.361 0. 0. -1. 0.
-0.714 0.700 0. -123.789 0.700 0.714 0. 126.067 0. 0. -1. 0.
-0.712 0.702 0. -125.543 0.702 0.712 0. 127.875 0. 0. -1. 0.
-0.720 0.694 0. -127.273 0.694 0.720 0. 129.690 0. 0. -1. 0.
-0.719 0.695 0. -129.124 0.695 0.719 0. 131.433 0. 0. -1. 0.
-0.716 0.698 0. -130.847 0.698 0.716 0. 133.342 0. 0. -1. 0.
-0.714 0.700 0. -132.695 0.700 0.714 0. 135.158 0. 0. -1. 0.
-0.709 0.705 0. -134.427 0.705 0.709 0. 137.046 0. 0. -1. 0.
-0.705 0.709 0. -136.352 0.709 0.705 0. 138.822 0. 0. -1. 0.
-0.700 0.714 0. -138.077 0.714 0.700 0. 140.864 0. 0. -1. 0.
-0.698 0.716 0. -139.789 0.716 0.698 0. 142.662 0. 0. -1. 0.
-0.692 0.722 0. -141.459 0.722 0.692 0. 144.621 0. 0. -1. 0.
-0.691 0.723 0. -143.204 0.723 0.691 0. 146.444 0. 0. -1. 0.
-0.689 0.725 0. -144.991 0.725 0.689 0. 148.198 0. 0. -1. 0.
-0.684 0.729 0. -146.731 0.729 0.684 0. 149.964 0. 0. -1. 0.
-0.678 0.735 0. -148.319 0.735 0.678 0. 151.868 0. 0. -1. 0.
-0.667 0.745 0. -149.907 0.745 0.667 0. 153.659 0. 0. -1. 0.
-0.657 0.754 0. -151.416 0.754 0.657 0. 155.585 0. 0. -1. 0.
-0.635 0.772 0. -152.950 0.772 0.635 0. 157.387 0. 0. -1. 0.
-0.612 0.791 0. -154.294 0.791 0.612 0. 159.293 0. 0. -1. 0.
-0.586 0.810 0. -155.629 0.810 0.586 0. 161.228 0. 0. -1. 0.
-0.554 0.833 0. -156.950 0.833 0.554 0. 163.133 0. 0. -1. 0.
-0.536 0.844 0. -158.061 0.844 0.536 0. 165.146 0. 0. -1. 0.
-0.522 0.853 0. -159.213 0.853 0.522 0. 167.108 0. 0. -1. 0.
-0.505 0.863 0. -160.365 0.863 0.505 0. 169.064 0. 0. -1. 0.
-0.490 0.872 0. -161.432 0.872 0.490 0. 171.047 0. 0. -1. 0.
-0.477 0.879 0. -162.430 0.879 0.477 0. 173.032 0. 0. -1. 0.
-0.455 0.890 0. -163.435 0.890 0.455 0. 174.916 0. 0. -1. 0.
-0.432 0.902 0. -164.319 0.902 0.432 0. 176.767 0. 0. -1. 0.
-0.403 0.915 0. -165.325 0.915 0.403 0. 178.541 0. 0. -1. 0.
-0.355 0.935 0. -166.007 0.935 0.355 0. 180.416 0. 0. -1. 0.
-0.315 0.949 0. -166.592 0.949 0.315 0. 182.295 0. 0. -1. 0.
-0.277 0.961 0. -167.053 0.961 0.277 0. 184.167 0. 0. -1. 0.
-0.234 0.972 0. -167.523 0.972 0.234 0. 186.033 0. 0. -1. 0.
-0.200 0.980 0. -167.863 0.980 0.200 0. 187.912 0. 0. -1. 0.
-0.180 0.984 0. -168.218 0.984 0.180 0. 189.815 0. 0. -1. 0.
-0.171 0.985 0. -168.255 0.985 0.171 0. 191.885 0. 0. -1. 0.
-0.160 0.987 0. -168.507 0.987 0.160 0. 193.916 0. 0. -1. 0.
-0.146 0.989 0. -169.029 0.989 0.146 0. 195.831 0. 0. -1. 0.
-0.138 0.990 0. -169.146 0.990 0.138 0. 197.930 0. 0. -1. 0.
-0.120 0.993 0. -169.528 0.993 0.120 0. 200.055 0. 0. -1. 0.
-0.095 0.995 0. -169.584 0.995 0.095 0. 202.126 0. 0. -1. 0.
-0.076 0.997 0. -169.876 0.997 0.076 0. 204.138 0. 0. -1. 0.
-0.064 0.998 0. -170.020 0.998 0.064 0. 206.202 0. 0. -1. 0.
-0.060 0.998 0. -169.986 0.998 0.060 0. 208.331 0. 0. -1. 0.
-0.059 0.998 0. -170.223 0.998 0.059 0. 210.325 0. 0. -1. 0.
-0.085 0.996 0. -170.183 0.996 0.085 0. 212.368 0. 0. -1. 0.
-0.101 0.995 0. -170.394 0.995 0.101 0. 214.376 0. 0. -1. 0.
-0.140 0.990 0. -170.604 0.990 0.140 0. 216.276 0. 0. -1. 0.
-0.196 0.981 0. -170.868 0.981 0.196 0. 218.276 0. 0. -1. 0.
-0.241 0.971 0. -171.565 0.971 0.241 0. 220.247 0. 0. -1. 0.
-0.297 0.955 0. -171.897 0.955 0.297 0. 221.997 0. 0. -1. 0.
-0.363 0.932 0. -172.590 0.932 0.363 0. 223.914 0. 0. -1. 0.
-0.431 0.902 0. -173.355 0.902 0.431 0. 225.596 0. 0. -1. 0.
-0.494 0.869 0. -174.493 0.869 0.494 0. 227.201 0. 0. -1. 0.
-0.558 0.830 0. -175.300 0.830 0.558 0. 228.814 0. 0. -1. 0.
-0.625 0.781 0. -176.429 0.781 0.625 0. 230.358 0. 0. -1. 0.
-0.687 0.727 0. -177.824 0.727 0.687 0. 231.623 0. 0. -1. 0.
-0.744 0.668 0. -179.192 0.668 0.744 0. 232.953 0. 0. -1. 0.
-0.796 0.605 0. -180.764 0.605 0.796 0. 234.238 0. 0. -1. 0.
-0.841 0.541 0. -182.346 0.541 0.841 0. 235.411 0. 0. -1. 0.
-0.878 0.478 0. -184.155 0.478 0.878 0. 236.353 0. 0. -1. 0.
-0.907 0.421 0. -186.104 0.421 0.907 0. 237.195 0. 0. -1. 0.
-0.929 0.370 0. -188.048 0.370 0.929 0. 238.042 0. 0. -1. 0.
-0.945 0.327 0. -190.072 0.327 0.945 0. 238.857 0. 0. -1. 0.
-0.955 0.297 0. -192.161 0.297 0.955 0. 239.615 0. 0. -1. 0.
-0.963 0.269 0. -194.483 0.269 0.963 0. 240.253 0. 0. -1. 0.
-0.967 0.255 0. -196.870 0.255 0.967 0. 240.867 0. 0. -1. 0.
-0.969 0.246 0. -199.237 0.246 0.969 0. 241.502 0. 0. -1. 0.
-0.971 0.240 0. -201.792 0.240 0.971 0. 242.192 0. 0. -1. 0.
-0.970 0.243 0. -204.293 0.243 0.970 0. 242.865 0. 0. -1. 0.
-0.969 0.248 0. -206.861 0.248 0.969 0. 243.588 0. 0. -1. 0.
-0.969 0.247 0. -209.510 0.247 0.969 0. 244.273 0. 0. -1. 0.
-0.968 0.251 0. -212.169 0.251 0.968 0. 245.040 0. 0. -1. 0.
-0.967 0.257 0. -214.875 0.257 0.967 0. 245.775 0. 0. -1. 0.
-0.966 0.258 0. -217.536 0.258 0.966 0. 246.523 0. 0. -1. 0.
-0.966 0.258 0. -220.209 0.258 0.966 0. 247.227 0. 0. -1. 0.
-0.966 0.257 0. -222.929 0.257 0.966 0. 247.999 0. 0. -1. 0.
-0.966 0.260 0. -225.540 0.260 0.966 0. 248.793 0. 0. -1. 0.
-0.964 0.266 0. -228.142 0.266 0.964 0. 249.524 0. 0. -1. 0.
-0.964 0.266 0. -230.746 0.266 0.964 0. 250.213 0. 0. -1. 0.
-0.964 0.264 0. -233.368 0.264 0.964 0. 250.911 0. 0. -1. 0.
-0.964 0.267 0. -235.918 0.267 0.964 0. 251.686 0. 0. -1. 0.
-0.963 0.270 0. -238.449 0.270 0.963 0. 252.416 0. 0. -1. 0.
-0.958 0.286 0. -240.904 0.286 0.958 0. 253.102 0. 0. -1. 0.
-0.952 0.306 0. -243.112 0.306 0.952 0. 254.057 0. 0. -1. 0.
-0.942 0.335 0. -245.361 0.335 0.942 0. 254.721 0. 0. -1. 0.
-0.931 0.365 0. -247.453 0.365 0.931 0. 255.472 0. 0. -1. 0.
-0.917 0.398 0. -249.289 0.398 0.917 0. 256.356 0. 0. -1. 0.
-0.906 0.424 0. -250.968 0.424 0.906 0. 257.093 0. 0. -1. 0.
-0.893 0.450 0. -252.586 0.450 0.893 0. 258.058 0. 0. -1. 0.
-0.876 0.482 0. -253.976 0.482 0.876 0. 258.886 0. 0. -1. 0.
-0.854 0.520 0. -255.340 0.520 0.854 0. 259.742 0. 0. -1. 0.
-0.825 0.565 0. -256.588 0.565 0.825 0. 260.573 0. 0. -1. 0.
-0.789 0.614 0. -257.714 0.614 0.789 0. 261.391 0. 0. -1. 0.
-0.742 0.670 0. -258.720 0.670 0.742 0. 262.372 0. 0. -1. 0.
-0.679 0.734 0. -259.676 0.734 0.679 0. 263.299 0. 0. -1. 0.
-0.613 0.790 0. -260.465 0.790 0.613 0. 264.249 0. 0. -1. 0.
-0.537 0.844 0. -261.323 0.844 0.537 0. 265.380 0. 0. -1. 0.
-0.464 0.886 0. -261.448 0.886 0.464 0. 266.483 0. 0. -1. 0.
-0.376 0.927 0. -262.136 0.927 0.376 0. 267.670 0. 0. -1. 0.
-0.312 0.950 0. -262.220 0.950 0.312 0. 268.726 0. 0. -1. 0.
-0.238 0.971 0. -262.638 0.971 0.238 0. 270.295 0. 0. -1. 0.
-0.163 0.987 0. -262.782 0.987 0.163 0. 271.612 0. 0. -1. 0.
-0.087 0.996 0. -262.949 0.996 0.087 0. 273.216 0. 0. -1. 0.
-0.005 1. 0. -263. 1. 0.005 0. 274.943 0. 0. -1. 0.
0.069 0.998 0. -262.730 0.998 -0.069 -0. 276.717 0. 0. -1. 0.
0.127 0.992 0. -262.464 0.992 -0.127 -0. 278.636 0. 0. -1. 0.
0.163 0.987 0. -262.054 0.987 -0.163 -0. 280.633 0. 0. -1. 0.
0.189 0.982 0. -261.614 0.982 -0.189 -0. 282.840 0. 0. -1. 0.
0.200 0.980 0. -261.111 0.980 -0.200 -0. 285.008 0. 0. -1. 0.
0.202 0.979 0. -260.722 0.979 -0.202 -0. 287.467 0. 0. -1. 0.
0.202 0.979 0. -260.034 0.979 -0.202 -0. 289.852 0. 0. -1. 0.
0.211 0.977 0. -259.485 0.977 -0.211 -0. 292.355 0. 0. -1. 0.
0.217 0.976 0. -258.909 0.976 -0.217 -0. 294.902 0. 0. -1. 0.
0.213 0.977 0. -258.150 0.977 -0.213 -0. 297.455 0. 0. -1. 0.
0.218 0.976 0. -257.641 0.976 -0.218 -0. 300.176 0. 0. -1. 0.
0.228 0.974 0. -256.946 0.974 -0.228 -0. 302.818 0. 0. -1. 0.
0.234 0.972 0. -256.247 0.972 -0.234 -0. 305.609 0. 0. -1. 0.
0.230 0.973 0. -255.564 0.973 -0.230 -0. 308.466 0. 0. -1. 0.
0.233 0.973 0. -254.798 0.973 -0.233 -0. 311.425 0. 0. -1. 0.
0.246 0.969 0. -253.959 0.969 -0.246 -0. 314.368 0. 0. -1. 0.
0.240 0.971 0. -253.093 0.971 -0.240 -0. 317.402 0. 0. -1. 0.
0.242 0.970 0. -252.331 0.970 -0.242 -0. 320.542 0. 0. -1. 0.
0.249 0.969 0. -251.434 0.969 -0.249 -0. 323.642 0. 0. -1. 0.
0.247 0.969 0. -250.598 0.969 -0.247 -0. 326.838 0. 0. -1. 0.
0.247 0.969 0. -249.655 0.969 -0.247 -0. 330.125 0. 0. -1. 0.
0.247 0.969 0. -248.762 0.969 -0.247 -0. 333.442 0. 0. -1. 0.
0.248 0.969 0. -247.839 0.969 -0.248 -0. 336.796 0. 0. -1. 0.
0.247 0.969 0. -247.006 0.969 -0.247 -0. 340.189 0. 0. -1. 0.
0.246 0.969 0. -246.006 0.969 -0.246 -0. 343.516 0. 0. -1. 0.
0.244 0.970 0. -245.153 0.970 -0.244 -0. 347.012 0. 0. -1. 0.
0.249 0.969 0. -244.178 0.969 -0.249 -0. 350.373 0. 0. -1. 0.
0.247 0.969 0. -243.246 0.969 -0.247 -0. 353.851 0. 0. -1. 0.
0.244 0.970 0. -242.265 0.970 -0.244 -0. 357.415 0. 0. -1. 0.
0.245 0.970 0. -241.356 0.970 -0.245 -0. 360.941 0. 0. -1. 0.
0.247 0.969 0. -240.348 0.969 -0.247 -0. 364.429 0. 0. -1. 0.
0.246 0.969 0. -239.392 0.969 -0.246 -0. 367.969 0. 0. -1. 0.
0.255 0.967 0. -238.421 0.967 -0.255 -0. 371.490 0. 0. -1. 0.
0.252 0.968 0. -237.360 0.968 -0.252 -0. 375.033 0. 0. -1. 0.
0.251 0.968 0. -236.345 0.968 -0.251 -0. 378.586 0. 0. -1. 0.
0.251 0.968 0. -235.333 0.968 -0.251 -0. 382.134 0. 0. -1. 0.
0.247 0.969 0. -234.369 0.969 -0.247 -0. 385.677 0. 0. -1. 0.
0.245 0.969 0. -233.482 0.969 -0.245 -0. 389.305 0. 0. -1. 0.
0.244 0.970 0. -232.528 0.970 -0.244 -0. 392.842 0. 0. -1. 0.
0.244 0.970 0. -231.427 0.970 -0.244 -0. 396.396 0. 0. -1. 0.
0.244 0.970 0. -230.471 0.970 -0.244 -0. 399.870 0. 0. -1. 0.
0.247 0.969 0. -229.664 0.969 -0.247 -0. 403.475 0. 0. -1. 0.
0.249 0.968 0. -228.617 0.968 -0.249 -0. 406.864 0. 0. -1. 0.
0.250 0.968 0. -227.742 0.968 -0.250 -0. 410.373 0. 0. -1. 0.
0.243 0.970 0. -226.725 0.970 -0.243 -0. 413.737 0. 0. -1. 0.
0.244 0.970 0. -225.926 0.970 -0.244 -0. 417.192 0. 0. -1. 0.
0.249 0.969 0. -224.938 0.969 -0.249 -0. 420.498 0. 0. -1. 0.
0.243 0.970 0. -224.001 0.970 -0.243 -0. 423.731 0. 0. -1. 0.
0.241 0.971 0. -223.179 0.971 -0.241 -0. 426.960 0. 0. -1. 0.
0.242 0.970 0. -222.273 0.970 -0.242 -0. 429.944 0. 0. -1. 0.
0.245 0.969 0. -221.568 0.969 -0.245 -0. 432.864 0. 0. -1. 0.
0.242 0.970 0. -220.757 0.970 -0.242 -0. 435.693 0. 0. -1. 0.
0.245 0.970 0. -220.073 0.970 -0.245 -0. 438.416 0. 0. -1. 0.
0.244 0.970 0. -219.269 0.970 -0.244 -0. 440.955 0. 0. -1. 0.
0.239 0.971 0. -218.731 0.971 -0.239 -0. 443.529 0. 0. -1. 0.
0.240 0.971 0. -218.030 0.971 -0.240 -0. 445.963 0. 0. -1. 0.
0.241 0.970 0. -217.430 0.970 -0.241 -0. 448.294 0. 0. -1. 0.
0.241 0.971 0. -216.809 0.971 -0.241 -0. 450.523 0. 0. -1. 0.
0.246 0.969 0. -216.284 0.969 -0.246 -0. 452.732 0. 0. -1. 0.
0.245 0.970 0. -215.663 0.970 -0.245 -0. 454.746 0. 0. -1. 0.
0.238 0.971 0. -215.173 0.971 -0.238 -0. 456.767 0. 0. -1. 0.
0.237 0.972 0. -214.635 0.972 -0.237 -0. 458.674 0. 0. -1. 0.
0.239 0.971 0. -214.158 0.971 -0.239 -0. 460.451 0. 0. -1. 0.
0.239 0.971 0. -213.722 0.971 -0.239 -0. 462.180 0. 0. -1. 0.
0.238 0.971 0. -213.303 0.971 -0.238 -0. 463.765 0. 0. -1. 0.
0.231 0.973 0. -212.850 0.973 -0.231 -0. 465.220 0. 0. -1. 0.
0.229 0.974 0. -212.603 0.974 -0.229 -0. 466.647 0. 0. -1. 0.
0.229 0.974 0. -212.289 0.974 -0.229 -0. 467.851 0. 0. -1. 0.
0.226 0.974 0. -211.991 0.974 -0.226 -0. 469.037 0. 0. -1. 0.
0.224 0.975 0. -211.759 0.975 -0.224 -0. 470.090 0. 0. -1. 0.
0.226 0.974 0. -211.525 0.974 -0.226 -0. 471.106 0. 0. -1. 0.
0.224 0.975 0. -211.284 0.975 -0.224 -0. 471.960 0. 0. -1. 0.
0.222 0.975 0. -211.025 0.975 -0.222 -0. 472.887 0. 0. -1. 0.
0.226 0.974 0. -210.896 0.974 -0.226 -0. 473.518 0. 0. -1. 0.
0.224 0.975 0. -210.724 0.975 -0.224 -0. 474.105 0. 0. -1. 0.
0.233 0.973 0. -210.576 0.973 -0.233 -0. 474.532 0. 0. -1. 0.
0.228 0.974 0. -210.453 0.974 -0.228 -0. 474.827 0. 0. -1. 0.
0.227 0.974 0. -210.512 0.974 -0.227 -0. 475.239 0. 0. -1. 0.
0.234 0.972 0. -210.413 0.972 -0.234 -0. 475.394 0. 0. -1. 0.
0.230 0.973 0. -210.376 0.973 -0.230 -0. 475.577 0. 0. -1. 0.
0.232 0.973 0. -210.357 0.973 -0.232 -0. 475.736 0. 0. -1. 0.
0.233 0.972 0. -210.319 0.972 -0.233 -0. 475.858 0. 0. -1. 0.
0.232 0.973 0. -210.280 0.973 -0.232 -0. 476.002 0. 0. -1. 0.
0.230 0.973 0. -210.200 0.973 -0.230 -0. 476.053 0. 0. -1. 0.
0.231 0.973 0. -210.222 0.973 -0.231 -0. 476.229 0. 0. -1. 0.
0.236 0.972 0. -210.105 0.972 -0.236 -0. 476.286 0. 0. -1. 0.
0.234 0.972 0. -210.210 0.972 -0.234 -0. 476.377 0. 0. -1. 0.
0.239 0.971 0. -210.201 0.971 -0.239 -0. 476.420 0. 0. -1. 0.
0.240 0.971 0. -210.138 0.971 -0.240 -0. 476.450 0. 0. -1. 0.
0.238 0.971 0. -210.136 0.971 -0.238 -0. 476.524 0. 0. -1. 0.
0.238 0.971 0. -210.120 0.971 -0.238 -0. 476.557 0. 0. -1. 0.
0.239 0.971 0. -210.080 0.971 -0.239 -0. 476.592 0. 0. -1. 0.
0.236 0.972 0. -210.098 0.972 -0.236 -0. 476.629 0. 0. -1. 0.
0.233 0.972 0. -210.086 0.972 -0.233 -0. 476.690 0. 0. -1. 0.
0.232 0.973 0. -210.096 0.973 -0.232 -0. 476.738 0. 0. -1. 0.
0.234 0.972 0. -210.108 0.972 -0.234 -0. 476.766 0. 0. -1. 0.
0.233 0.972 0. -210.081 0.972 -0.233 -0. 476.802 0. 0. -1. 0.
0.235 0.972 0. -210.087 0.972 -0.235 -0. 476.841 0. 0. -1. 0.
0.236 0.972 0. -210.095 0.972 -0.236 -0. 476.865 0. 0. -1. 0.
0.237 0.971 0. -210.067 0.971 -0.237 -0. 476.888 0. 0. -1. 0.
0.235 0.972 0. -210.058 0.972 -0.235 -0. 476.918 0. 0. -1. 0.
0.235 0.972 0. -210.029 0.972 -0.235 -0. 476.987 0. 0. -1. 0.
0.238 0.971 0. -209.988 0.971 -0.238 -0. 477.066 0. 0. -1. 0.
0.243 0.970 0. -209.982 0.970 -0.243 -0. 477.188 0. 0. -1. 0.
0.243 0.970 0. -209.913 0.970 -0.243 -0. 477.313 0. 0. -1. 0.
0.244 0.970 0. -209.920 0.970 -0.244 -0. 477.493 0. 0. -1. 0.
0.241 0.971 0. -209.823 0.971 -0.241 -0. 477.691 0. 0. -1. 0.
0.237 0.971 0. -209.788 0.971 -0.237 -0. 477.990 0. 0. -1. 0.
0.242 0.970 0. -209.699 0.970 -0.242 -0. 478.313 0. 0. -1. 0.
0.247 0.969 0. -209.550 0.969 -0.247 -0. 478.731 0. 0. -1. 0.
0.250 0.968 0. -209.379 0.968 -0.250 -0. 479.252 0. 0. -1. 0.
0.249 0.968 0. -209.280 0.968 -0.249 -0. 479.842 0. 0. -1. 0.
0.246 0.969 0. -209.067 0.969 -0.246 -0. 480.519 0. 0. -1. 0.
0.248 0.969 0. -208.854 0.969 -0.248 -0. 481.260 0. 0. -1. 0.
0.248 0.969 0. -208.674 0.969 -0.248 -0. 482.052 0. 0. -1. 0.
0.248 0.969 0. -208.448 0.969 -0.248 -0. 482.937 0. 0. -1. 0.
0.251 0.968 0. -208.093 0.968 -0.251 -0. 483.862 0. 0. -1. 0.
0.254 0.967 0. -207.847 0.967 -0.254 -0. 484.819 0. 0. -1. 0.
0.255 0.967 0. -207.596 0.967 -0.255 -0. 485.886 0. 0. -1. 0.
0.251 0.968 0. -207.172 0.968 -0.251 -0. 486.900 0. 0. -1. 0.
0.249 0.969 0. -206.952 0.969 -0.249 -0. 488.095 0. 0. -1. 0.
0.248 0.969 0. -206.658 0.969 -0.248 -0. 489.281 0. 0. -1. 0.
0.246 0.969 0. -206.303 0.969 -0.246 -0. 490.556 0. 0. -1. 0.
0.256 0.967 0. -205.939 0.967 -0.256 -0. 491.859 0. 0. -1. 0.
0.248 0.969 0. -205.549 0.969 -0.248 -0. 493.230 0. 0. -1. 0.
0.251 0.968 0. -205.161 0.968 -0.251 -0. 494.688 0. 0. -1. 0.
0.250 0.968 0. -204.752 0.968 -0.250 -0. 496.188 0. 0. -1. 0.
0.252 0.968 0. -204.315 0.968 -0.252 -0. 497.792 0. 0. -1. 0.
0.256 0.967 0. -203.884 0.967 -0.256 -0. 499.425 0. 0. -1. 0.
0.253 0.967 0. -203.444 0.967 -0.253 -0. 501.066 0. 0. -1. 0.
0.246 0.969 0. -202.955 0.969 -0.246 -0. 502.839 0. 0. -1. 0.
0.247 0.969 0. -202.444 0.969 -0.247 -0. 504.609 0. 0. -1. 0.
0.252 0.968 0. -201.991 0.968 -0.252 -0. 506.352 0. 0. -1. 0.
0.246 0.969 0. -201.485 0.969 -0.246 -0. 508.213 0. 0. -1. 0.
0.244 0.970 0. -200.981 0.970 -0.244 -0. 510.135 0. 0. -1. 0.
0.247 0.969 0. -200.436 0.969 -0.247 -0. 512.155 0. 0. -1. 0.
0.246 0.969 0. -199.912 0.969 -0.246 -0. 514.106 0. 0. -1. 0.
0.249 0.969 0. -199.402 0.969 -0.249 -0. 516.204 0. 0. -1. 0.
0.247 0.969 0. -198.823 0.969 -0.247 -0. 518.247 0. 0. -1. 0.
0.242 0.970 0. -198.205 0.970 -0.242 -0. 520.478 0. 0. -1. 0.
0.243 0.970 0. -197.700 0.970 -0.243 -0. 522.689 0. 0. -1. 0.
0.247 0.969 0. -196.990 0.969 -0.247 -0. 524.827 0. 0. -1. 0.
0.245 0.969 0. -196.403 0.969 -0.245 -0. 526.980 0. 0. -1. 0.
0.251 0.968 0. -195.900 0.968 -0.251 -0. 529.300 0. 0. -1. 0.
0.263 0.965 0. -195.241 0.965 -0.263 -0. 531.541 0. 0. -1. 0.
0.267 0.964 0. -194.644 0.964 -0.267 -0. 533.779 0. 0. -1. 0.
0.272 0.962 0. -193.906 0.962 -0.272 -0. 536.099 0. 0. -1. 0.
0.267 0.964 0. -193.100 0.964 -0.267 -0. 538.337 0. 0. -1. 0.
0.260 0.966 0. -192.556 0.966 -0.260 -0. 540.786 0. 0. -1. 0.
0.263 0.965 0. -191.822 0.965 -0.263 -0. 543.131 0. 0. -1. 0.
0.266 0.964 0. -191.145 0.964 -0.266 -0. 545.633 0. 0. -1. 0.
0.266 0.964 0. -190.434 0.964 -0.266 -0. 548.123 0. 0. -1. 0.
0.259 0.966 0. -189.677 0.966 -0.259 -0. 550.564 0. 0. -1. 0.
0.255 0.967 0. -189.073 0.967 -0.255 -0. 553.103 0. 0. -1. 0.
0.251 0.968 0. -188.328 0.968 -0.251 -0. 555.661 0. 0. -1. 0.
0.245 0.970 0. -187.588 0.970 -0.245 -0. 558.185 0. 0. -1. 0.
0.237 0.971 0. -186.939 0.971 -0.237 -0. 560.820 0. 0. -1. 0.
0.232 0.973 0. -186.135 0.973 -0.232 -0. 563.493 0. 0. -1. 0.
0.230 0.973 0. -185.509 0.973 -0.230 -0. 566.091 0. 0. -1. 0.
0.226 0.974 0. -184.840 0.974 -0.226 -0. 568.752 0. 0. -1. 0.
0.215 0.977 0. -184.076 0.977 -0.215 -0. 571.504 0. 0. -1. 0.
0.208 0.978 0. -183.476 0.978 -0.208 -0. 574.277 0. 0. -1. 0.
0.200 0.980 0. -182.892 0.980 -0.200 -0. 576.972 0. 0. -1. 0.
0.197 0.980 0. -182.357 0.980 -0.197 -0. 579.779 0. 0. -1. 0.
0.196 0.981 0. -181.735 0.981 -0.196 -0. 582.580 0. 0. -1. 0.
0.194 0.981 0. -181.052 0.981 -0.194 -0. 585.466 0. 0. -1. 0.
0.188 0.982 0. -180.394 0.982 -0.188 -0. 588.351 0. 0. -1. 0.
0.184 0.983 0. -179.834 0.983 -0.184 -0. 591.255 0. 0. -1. 0.
0.178 0.984 0. -179.396 0.984 -0.178 -0. 594.130 0. 0. -1. 0.
0.173 0.985 0. -178.872 0.985 -0.173 -0. 597.007 0. 0. -1. 0.
0.162 0.987 0. -178.293 0.987 -0.162 -0. 599.958 0. 0. -1. 0.
0.155 0.988 0. -177.778 0.988 -0.155 -0. 602.921 0. 0. -1. 0.
0.149 0.989 0. -177.328 0.989 -0.149 -0. 605.801 0. 0. -1. 0.
0.142 0.990 0. -176.855 0.990 -0.142 -0. 608.685 0. 0. -1. 0.
0.137 0.991 0. -176.332 0.991 -0.137 -0. 611.524 0. 0. -1. 0.
0.133 0.991 0. -175.970 0.991 -0.133 -0. 614.415 0. 0. -1. 0.
0.133 0.991 0. -175.395 0.991 -0.133 -0. 617.265 0. 0. -1. 0.
0.132 0.991 0. -174.986 0.991 -0.132 -0. 619.968 0. 0. -1. 0.
0.132 0.991 0. -174.677 0.991 -0.132 -0. 622.566 0. 0. -1. 0.
0.128 0.992 0. -174.248 0.992 -0.128 -0. 625.152 0. 0. -1. 0.
0.116 0.993 0. -173.894 0.993 -0.116 -0. 627.652 0. 0. -1. 0.
0.117 0.993 0. -173.665 0.993 -0.117 -0. 630.220 0. 0. -1. 0.
0.117 0.993 0. -173.306 0.993 -0.117 -0. 632.492 0. 0. -1. 0.
