1606417097528151 1.00000 0.00000 0.00000 -0.00000 0.00000 -1.00000 0.00000 0.00000 0.00000 -0.00000 -1.00000 0.00000
1606417097778155 1.00000 -0.00231 0.00000 0.00129 -0.00231 -1.00000 0.00000 0.02760 -0.00000 -0.00000 -1.00000 0.00000
1606417098028163 1.00000 -0.00186 0.00000 0.00790 -0.00186 -1.00000 0.00000 0.02269 -0.00000 -0.00000 -1.00000 0.00000
1606417098278165 1.00000 -0.00118 -0.00000 -0.00484 -0.00118 -1.00000 0.00000 0.01534 -0.00000 -0.00000 -1.00000 0.00000
1606417098528170 1.00000 -0.00295 -0.00000 -0.01420 -0.00295 -1.00000 0.00000 0.02018 -0.00000 -0.00000 -1.00000 0.00000
1606417098778172 0.99999 -0.00479 0.00000 -0.00623 -0.00479 -0.99999 0.00000 0.00140 -0.00000 -0.00000 -1.00000 0.00000
1606417099028175 0.99991 -0.01368 -0.00000 -0.00894 -0.01368 -0.99991 0.00000 0.00376 -0.00000 -0.00000 -1.00000 0.00000
1606417099278172 0.99998 -0.00581 0.00000 -0.02110 -0.00581 -0.99998 0.00000 0.04067 -0.00000 -0.00000 -1.00000 0.00000
1606417099528182 0.99997 -0.00725 0.00000 0.01635 -0.00725 -0.99997 0.00000 0.01720 -0.00000 -0.00000 -1.00000 0.00000
1606417099778184 1.00000 -0.00219 0.00000 0.01263 -0.00219 -1.00000 0.00000 -0.02699 -0.00000 -0.00000 -1.00000 -0.00000
1606417100028811 1.00000 -0.00272 0.00000 0.00270 -0.00272 -1.00000 0.00000 0.02058 -0.00000 -0.00000 -1.00000 0.00000
1606417100278814 1.00000 -0.00203 0.00000 0.00884 -0.00203 -1.00000 0.00000 -0.03156 -0.00000 -0.00000 -1.00000 -0.00000
1606417100529448 0.99999 -0.00355 -0.00000 0.01282 -0.00355 -0.99999 0.00000 0.01702 -0.00000 -0.00000 -1.00000 0.00000
1606417100779458 0.99996 -0.00850 0.00000 0.00806 -0.00850 -0.99996 0.00000 0.04760 -0.00000 -0.00000 -1.00000 0.00000
1606417101028822 0.99999 -0.00395 0.00000 -0.00707 -0.00395 -0.99999 0.00000 0.00260 -0.00000 -0.00000 -1.00000 0.00000
1606417101278829 0.99992 -0.01259 0.00000 -0.01578 -0.01259 -0.99992 0.00000 0.00593 -0.00000 -0.00000 -1.00000 0.00000
1606417101528831 0.99999 -0.00493 0.00000 -0.01940 -0.00493 -0.99999 0.00000 0.03567 -0.00000 -0.00000 -1.00000 0.00000
1606417101778837 0.99997 -0.00735 0.00000 0.00032 -0.00735 -0.99997 0.00000 0.00544 -0.00000 -0.00000 -1.00000 0.00000
1606417102028836 0.99994 -0.01097 0.00000 0.01142 -0.01097 -0.99994 0.00000 0.01284 -0.00000 -0.00000 -1.00000 0.00000
1606417102278841 0.99995 -0.01001 0.00000 -0.03812 -0.01001 -0.99995 0.00000 0.02400 -0.00000 -0.00000 -1.00000 0.00000
1606417102528845 0.99999 -0.00503 -0.00000 0.01314 -0.00503 -0.99999 0.00000 0.02180 -0.00000 -0.00000 -1.00000 0.00000
1606417102778846 0.99991 -0.01330 0.00000 -0.02199 -0.01330 -0.99991 0.00000 0.02474 -0.00000 -0.00000 -1.00000 0.00000
1606417103028234 0.99999 -0.00465 0.00000 -0.03185 -0.00465 -0.99999 0.00000 -0.01153 -0.00000 -0.00000 -1.00000 -0.00000
1606417103278861 0.99994 -0.01072 -0.00000 -0.02386 -0.01072 -0.99994 0.00000 0.00796 -0.00000 -0.00000 -1.00000 0.00000
1606417103528239 0.99999 -0.00340 0.00000 -0.05273 -0.00340 -0.99999 0.00000 0.01142 -0.00000 -0.00000 -1.00000 0.00000
1606417103778867 0.99997 -0.00779 0.00000 -0.13318 -0.00779 -0.99997 0.00000 0.06739 -0.00000 -0.00000 -1.00000 0.00000
1606417104028251 1.00000 -0.00170 0.00000 -0.18725 -0.00170 -1.00000 0.00000 0.00620 -0.00000 -0.00000 -1.00000 0.00000
1606417104278290 0.99998 -0.00642 -0.00000 -0.32368 -0.00642 -0.99998 0.00000 0.05328 -0.00000 -0.00000 -1.00000 0.00000
1606417104528251 0.99985 -0.01740 0.00000 -0.55206 -0.01740 -0.99985 0.00000 0.05026 -0.00000 -0.00000 -1.00000 0.00000
1606417104778254 0.99986 -0.01657 0.00000 -0.80986 -0.01657 -0.99986 0.00000 0.04270 -0.00000 -0.00000 -1.00000 0.00000
1606417105027635 0.99961 -0.02808 -0.00000 -1.33144 -0.02808 -0.99961 0.00000 0.00074 -0.00000 -0.00000 -1.00000 0.00000
1606417105277633 0.99920 -0.03995 0.00000 -1.81815 -0.03995 -0.99920 0.00000 0.05639 -0.00000 -0.00000 -1.00000 0.00000
1606417105528268 0.99857 -0.05340 0.00000 -2.28321 -0.05340 -0.99857 0.00000 0.02632 -0.00000 -0.00000 -1.00000 0.00000
1606417105778266 0.99805 -0.06248 0.00000 -2.92874 -0.06248 -0.99805 0.00000 0.01134 -0.00000 -0.00000 -1.00000 0.00000
1606417106028897 0.99713 -0.07575 0.00000 -3.64179 -0.07575 -0.99713 0.00000 0.10083 -0.00000 -0.00000 -1.00000 0.00000
1606417106278898 0.99706 -0.07666 -0.00000 -4.42641 -0.07666 -0.99706 0.00000 0.00270 -0.00000 -0.00000 -1.00000 0.00000
1606417106529195 0.99559 -0.09377 0.00000 -5.34369 -0.09377 -0.99559 0.00000 0.13603 -0.00000 -0.00000 -1.00000 0.00000
1606417106778912 0.99507 -0.09915 0.00000 -6.23345 -0.09915 -0.99507 0.00000 0.16701 -0.00000 -0.00000 -1.00000 0.00000
1606417107028912 0.99432 -0.10645 0.00000 -7.17948 -0.10645 -0.99432 0.00000 0.21892 -0.00000 -0.00000 -1.00000 0.00000
1606417107278292 0.99448 -0.10495 0.00000 -8.19474 -0.10495 -0.99448 0.00000 0.16374 -0.00000 -0.00000 -1.00000 0.00000
1606417107528290 0.99506 -0.09923 0.00000 -9.23848 -0.09923 -0.99506 0.00000 0.12839 -0.00000 -0.00000 -1.00000 0.00000
1606417107778301 0.99473 -0.10254 -0.00000 -10.34810 -0.10254 -0.99473 0.00000 0.13722 -0.00000 -0.00000 -1.00000 0.00000
1606417108028300 0.99487 -0.10114 -0.00000 -11.48441 -0.10114 -0.99487 0.00000 0.12123 -0.00000 -0.00000 -1.00000 0.00000
1606417108278306 0.99565 -0.09322 0.00000 -12.66862 -0.09322 -0.99565 0.00000 -0.06784 -0.00000 -0.00000 -1.00000 -0.00000
1606417108528306 0.99630 -0.08592 0.00000 -13.96890 -0.08592 -0.99630 0.00000 -0.12289 -0.00000 -0.00000 -1.00000 -0.00000
1606417108778321 0.99692 -0.07838 0.00000 -15.16286 -0.07838 -0.99692 0.00000 -0.24287 -0.00000 -0.00000 -1.00000 -0.00000
1606417109028320 0.99736 -0.07266 0.00000 -16.53252 -0.07266 -0.99736 0.00000 -0.30674 -0.00000 -0.00000 -1.00000 -0.00000
1606417109278939 0.99709 -0.07624 -0.00000 -17.84838 -0.07624 -0.99709 0.00000 -0.35701 -0.00000 -0.00000 -1.00000 -0.00000
1606417109528326 0.99795 -0.06403 0.00000 -19.33217 -0.06403 -0.99795 0.00000 -0.54045 -0.00000 -0.00000 -1.00000 -0.00000
1606417109778954 0.99805 -0.06241 -0.00000 -20.80816 -0.06241 -0.99805 0.00000 -0.60205 -0.00000 -0.00000 -1.00000 -0.00000
1606417110028333 0.99854 -0.05393 0.00000 -22.22297 -0.05393 -0.99854 0.00000 -0.87370 -0.00000 -0.00000 -1.00000 -0.00000
1606417110278336 0.99903 -0.04395 0.00000 -23.79494 -0.04395 -0.99903 0.00000 -1.09128 -0.00000 -0.00000 -1.00000 -0.00000
1606417110528337 0.99966 -0.02599 0.00000 -25.35453 -0.02599 -0.99966 0.00000 -1.57113 -0.00000 -0.00000 -1.00000 -0.00000
1606417110778342 0.99977 -0.02160 0.00000 -27.08287 -0.02160 -0.99977 0.00000 -1.65543 -0.00000 -0.00000 -1.00000 -0.00000
1606417111028973 0.99989 -0.01463 0.00000 -28.67476 -0.01463 -0.99989 0.00000 -1.97634 -0.00000 -0.00000 -1.00000 -0.00000
1606417111278970 1.00000 0.00101 -0.00000 -30.31029 0.00101 -1.00000 0.00000 -2.44454 0.00000 -0.00000 -1.00000 -0.00000
1606417111528979 0.99996 0.00946 0.00000 -32.08391 0.00946 -0.99996 0.00000 -2.66007 0.00000 -0.00000 -1.00000 -0.00000
1606417111778357 0.99965 0.02640 0.00000 -33.66428 0.02640 -0.99965 0.00000 -3.20952 0.00000 -0.00000 -1.00000 -0.00000
1606417112028364 0.99953 0.03080 -0.00000 -35.40613 0.03080 -0.99953 0.00000 -3.35952 0.00000 -0.00000 -1.00000 -0.00000
1606417112277745 0.99921 0.03964 0.00000 -37.23440 0.03964 -0.99921 0.00000 -3.72788 0.00000 -0.00000 -1.00000 -0.00000
1606417112527735 0.99879 0.04925 -0.00000 -38.89072 0.04925 -0.99879 0.00000 -4.17431 0.00000 -0.00000 -1.00000 -0.00000
1606417112778377 0.99879 0.04919 0.00000 -40.78208 0.04919 -0.99879 0.00000 -4.18995 0.00000 -0.00000 -1.00000 -0.00000
1606417113028997 0.99878 0.04945 -0.00000 -42.71384 0.04945 -0.99878 0.00000 -4.11530 0.00000 -0.00000 -1.00000 -0.00000
1606417113279002 0.99857 0.05354 0.00000 -44.52252 0.05354 -0.99857 0.00000 -4.43023 0.00000 -0.00000 -1.00000 -0.00000
1606417113529006 0.99854 0.05400 0.00000 -46.43533 0.05400 -0.99854 0.00000 -4.38317 0.00000 -0.00000 -1.00000 -0.00000
1606417113779006 0.99881 0.04869 0.00000 -48.34172 0.04869 -0.99881 0.00000 -4.22518 0.00000 -0.00000 -1.00000 -0.00000
1606417114029010 0.99866 0.05177 0.00000 -50.25827 0.05177 -0.99866 0.00000 -4.38820 0.00000 -0.00000 -1.00000 -0.00000
1606417114279014 0.99913 0.04161 0.00000 -52.29971 0.04161 -0.99913 0.00000 -3.90530 0.00000 -0.00000 -1.00000 -0.00000
1606417114528388 0.99907 0.04320 0.00000 -54.19972 0.04320 -0.99907 0.00000 -4.00825 0.00000 -0.00000 -1.00000 -0.00000
1606417114778397 0.99903 0.04411 0.00000 -56.22282 0.04411 -0.99903 0.00000 -4.13655 0.00000 -0.00000 -1.00000 -0.00000
1606417115028402 0.99918 0.04057 -0.00000 -58.25257 0.04057 -0.99918 0.00000 -3.94445 0.00000 -0.00000 -1.00000 -0.00000
1606417115277781 0.99904 0.04388 0.00000 -60.29477 0.04388 -0.99904 0.00000 -4.22760 0.00000 -0.00000 -1.00000 -0.00000
1606417115528409 0.99911 0.04208 0.00000 -62.32244 0.04208 -0.99911 0.00000 -4.15104 0.00000 -0.00000 -1.00000 -0.00000
1606417115778414 0.99881 0.04871 -0.00000 -64.27372 0.04871 -0.99881 0.00000 -4.51752 0.00000 -0.00000 -1.00000 -0.00000
1606417116028412 0.99891 0.04663 0.00000 -66.31006 0.04663 -0.99891 0.00000 -4.51881 0.00000 -0.00000 -1.00000 -0.00000
1606417116279045 0.99917 0.04064 0.00000 -68.39188 0.04064 -0.99917 0.00000 -4.01240 0.00000 -0.00000 -1.00000 -0.00000
1606417116529050 0.99876 0.04988 0.00000 -70.33943 0.04988 -0.99876 0.00000 -4.66744 0.00000 -0.00000 -1.00000 -0.00000
1606417116779061 0.99932 0.03694 0.00000 -72.42308 0.03694 -0.99932 0.00000 -3.79718 0.00000 -0.00000 -1.00000 -0.00000
1606417117029057 0.99948 0.03231 0.00000 -74.36344 0.03231 -0.99948 0.00000 -3.43567 0.00000 -0.00000 -1.00000 -0.00000
1606417117279052 0.99984 0.01767 0.00000 -76.40877 0.01767 -0.99984 0.00000 -2.30364 0.00000 -0.00000 -1.00000 -0.00000
1606417117529063 1.00000 0.00266 0.00000 -78.35391 0.00266 -1.00000 0.00000 -1.19433 0.00000 -0.00000 -1.00000 -0.00000
1606417117779062 0.99964 -0.02695 0.00000 -80.32291 -0.02695 -0.99964 0.00000 1.06262 -0.00000 -0.00000 -1.00000 0.00000
1606417118028448 0.99884 -0.04806 0.00000 -82.20385 -0.04806 -0.99884 0.00000 2.72281 -0.00000 -0.00000 -1.00000 0.00000
1606417118278449 0.99613 -0.08793 -0.00000 -84.05228 -0.08793 -0.99613 0.00000 5.99420 -0.00000 -0.00000 -1.00000 0.00000
1606417118528451 0.99142 -0.13075 0.00000 -85.49176 -0.13075 -0.99142 0.00000 9.52943 -0.00000 -0.00000 -1.00000 0.00000
1606417118778455 0.98337 -0.18164 0.00000 -86.77701 -0.18164 -0.98337 0.00000 14.03217 -0.00000 -0.00000 -1.00000 0.00000
1606417119028459 0.97214 -0.23441 0.00000 -87.77028 -0.23441 -0.97214 0.00000 18.69494 -0.00000 -0.00000 -1.00000 0.00000
1606417119277837 0.95771 -0.28773 0.00000 -88.43227 -0.28773 -0.95771 0.00000 23.47237 -0.00000 -0.00000 -1.00000 0.00000
1606417119528465 0.94217 -0.33514 0.00000 -88.98185 -0.33514 -0.94217 0.00000 27.85305 -0.00000 -0.00000 -1.00000 0.00000
1606417119778470 0.92198 -0.38724 0.00000 -89.18423 -0.38724 -0.92198 0.00000 32.70094 -0.00000 -0.00000 -1.00000 0.00000
1606417120029095 0.89936 -0.43720 0.00000 -89.07165 -0.43720 -0.89936 0.00000 37.54136 -0.00000 -0.00000 -1.00000 0.00000
1606417120279103 0.86813 -0.49633 0.00000 -88.11971 -0.49633 -0.86813 0.00000 43.40354 -0.00000 -0.00000 -1.00000 0.00000
1606417120529103 0.83595 -0.54881 0.00000 -87.07456 -0.54881 -0.83595 0.00000 48.58709 -0.00000 -0.00000 -1.00000 0.00000
1606417120779103 0.79920 -0.60106 0.00000 -85.66651 -0.60106 -0.79920 0.00000 54.26622 -0.00000 -0.00000 -1.00000 0.00000
1606417121028484 0.76160 -0.64805 0.00000 -84.12115 -0.64805 -0.76160 0.00000 59.37618 -0.00000 -0.00000 -1.00000 0.00000
1606417121278501 0.71523 -0.69889 0.00000 -81.51722 -0.69889 -0.71523 0.00000 64.99527 -0.00000 -0.00000 -1.00000 0.00000
1606417121527868 0.66274 -0.74885 0.00000 -78.28607 -0.74885 -0.66274 0.00000 70.58169 -0.00000 -0.00000 -1.00000 0.00000
1606417121777870 0.60707 -0.79465 0.00000 -74.75869 -0.79465 -0.60707 0.00000 76.11784 -0.00000 -0.00000 -1.00000 0.00000
1606417122027242 0.55876 -0.82933 0.00000 -71.78547 -0.82933 -0.55876 0.00000 80.32457 -0.00000 -0.00000 -1.00000 0.00000
1606417122277873 0.50151 -0.86515 -0.00000 -67.88205 -0.86515 -0.50151 0.00000 85.13923 -0.00000 -0.00000 -1.00000 0.00000
1606417122528502 0.45438 -0.89081 0.00000 -64.98620 -0.89081 -0.45438 0.00000 88.62409 -0.00000 -0.00000 -1.00000 0.00000
1606417122778513 0.42086 -0.90712 0.00000 -63.46317 -0.90712 -0.42086 0.00000 90.81283 -0.00000 -0.00000 -1.00000 0.00000
1606417123029141 0.38839 -0.92149 0.00000 -61.95053 -0.92149 -0.38839 0.00000 93.04411 -0.00000 -0.00000 -1.00000 0.00000
1606417123279141 0.37390 -0.92747 0.00000 -62.26473 -0.92747 -0.37390 0.00000 93.98889 -0.00000 -0.00000 -1.00000 0.00000
1606417123529146 0.36074 -0.93267 0.00000 -62.74503 -0.93267 -0.36074 0.00000 94.75163 -0.00000 -0.00000 -1.00000 0.00000
1606417123779773 0.34742 -0.93771 0.00000 -63.25547 -0.93771 -0.34742 0.00000 95.66989 -0.00000 -0.00000 -1.00000 0.00000
1606417124029774 0.34679 -0.93794 0.00000 -65.03461 -0.93794 -0.34679 0.00000 95.73431 -0.00000 -0.00000 -1.00000 0.00000
1606417124279156 0.36565 -0.93075 0.00000 -68.82451 -0.93075 -0.36565 0.00000 94.29277 -0.00000 -0.00000 -1.00000 0.00000
1606417124529150 0.38273 -0.92386 0.00000 -72.47779 -0.92386 -0.38273 0.00000 93.09405 -0.00000 -0.00000 -1.00000 0.00000
1606417124779172 0.39171 -0.92009 0.00000 -75.25292 -0.92009 -0.39171 0.00000 92.26639 -0.00000 -0.00000 -1.00000 0.00000
1606417125028544 0.41680 -0.90900 0.00000 -79.73085 -0.90900 -0.41680 0.00000 90.19463 -0.00000 -0.00000 -1.00000 0.00000
1606417125278542 0.42868 -0.90345 0.00000 -82.90010 -0.90345 -0.42868 0.00000 89.09647 -0.00000 -0.00000 -1.00000 0.00000
1606417125527920 0.45266 -0.89168 0.00000 -87.14513 -0.89168 -0.45266 0.00000 86.78278 -0.00000 -0.00000 -1.00000 0.00000
1606417125778546 0.45877 -0.88856 0.00000 -89.80446 -0.88856 -0.45877 0.00000 86.19556 -0.00000 -0.00000 -1.00000 0.00000
1606417126028554 0.48029 -0.87711 0.00000 -93.78562 -0.87711 -0.48029 0.00000 83.86395 -0.00000 -0.00000 -1.00000 0.00000
1606417126278558 0.50234 -0.86467 -0.00000 -97.87987 -0.86467 -0.50234 0.00000 81.33882 -0.00000 -0.00000 -1.00000 0.00000
1606417126529181 0.52015 -0.85407 0.00000 -101.49430 -0.85407 -0.52015 0.00000 79.26640 -0.00000 -0.00000 -1.00000 0.00000
1606417126779194 0.54617 -0.83767 0.00000 -105.77211 -0.83767 -0.54617 0.00000 76.04730 -0.00000 -0.00000 -1.00000 0.00000
1606417127029196 0.56928 -0.82214 0.00000 -109.87632 -0.82214 -0.56928 0.00000 73.12226 -0.00000 -0.00000 -1.00000 0.00000
1606417127279201 0.58537 -0.81077 0.00000 -113.12658 -0.81077 -0.58537 0.00000 70.86590 -0.00000 -0.00000 -1.00000 0.00000
1606417127529202 0.59920 -0.80060 -0.00000 -116.22233 -0.80060 -0.59920 0.00000 68.87153 -0.00000 -0.00000 -1.00000 0.00000
1606417127779203 0.61627 -0.78754 0.00000 -119.57322 -0.78754 -0.61627 0.00000 66.42621 -0.00000 -0.00000 -1.00000 0.00000
1606417128028583 0.63927 -0.76898 0.00000 -123.29694 -0.76898 -0.63927 0.00000 62.69923 -0.00000 -0.00000 -1.00000 0.00000
1606417128278594 0.65254 -0.75776 0.00000 -126.30617 -0.75776 -0.65254 0.00000 60.56841 -0.00000 -0.00000 -1.00000 0.00000
1606417128528589 0.66681 -0.74523 0.00000 -129.24239 -0.74523 -0.66681 0.00000 58.06920 -0.00000 -0.00000 -1.00000 0.00000
1606417128778593 0.67641 -0.73652 0.00000 -131.79327 -0.73652 -0.67641 0.00000 56.48095 -0.00000 -0.00000 -1.00000 0.00000
1606417129028600 0.69121 -0.72265 0.00000 -134.74994 -0.72265 -0.69121 0.00000 53.68064 -0.00000 -0.00000 -1.00000 0.00000
1606417129279226 0.69796 -0.71614 0.00000 -137.01328 -0.71614 -0.69796 0.00000 52.39705 -0.00000 -0.00000 -1.00000 0.00000
1606417129529232 0.70590 -0.70831 0.00000 -139.38931 -0.70831 -0.70590 0.00000 50.89342 -0.00000 -0.00000 -1.00000 0.00000
1606417129779237 0.71225 -0.70193 0.00000 -141.63218 -0.70193 -0.71225 0.00000 49.60156 -0.00000 -0.00000 -1.00000 0.00000
1606417130029239 0.71922 -0.69478 -0.00000 -143.84191 -0.69478 -0.71922 0.00000 48.17798 -0.00000 -0.00000 -1.00000 0.00000
1606417130279241 0.72193 -0.69197 0.00000 -145.66418 -0.69197 -0.72193 0.00000 47.60018 -0.00000 -0.00000 -1.00000 0.00000
1606417130529251 0.73179 -0.68153 0.00000 -147.95591 -0.68153 -0.73179 0.00000 45.51675 -0.00000 -0.00000 -1.00000 0.00000
1606417130779253 0.75247 -0.65863 0.00000 -150.75583 -0.65863 -0.75247 0.00000 40.97556 -0.00000 -0.00000 -1.00000 0.00000
1606417131028634 0.78841 -0.61515 0.00000 -154.27957 -0.61515 -0.78841 0.00000 32.23519 -0.00000 -0.00000 -1.00000 0.00000
1606417131278635 0.82883 -0.55950 0.00000 -157.54730 -0.55950 -0.82883 0.00000 21.52080 -0.00000 -0.00000 -1.00000 0.00000
1606417131528635 0.86560 -0.50074 0.00000 -159.78806 -0.50074 -0.86560 0.00000 10.55561 -0.00000 -0.00000 -1.00000 0.00000
1606417131778009 0.91288 -0.40823 0.00000 -161.12311 -0.40823 -0.91288 0.00000 -6.08691 -0.00000 -0.00000 -1.00000 -0.00000
1606417132028641 0.94874 -0.31606 0.00000 -160.84821 -0.31606 -0.94874 0.00000 -21.93017 -0.00000 -0.00000 -1.00000 -0.00000
1606417132278649 0.98051 -0.19645 0.00000 -157.86452 -0.19645 -0.98051 0.00000 -41.68880 -0.00000 -0.00000 -1.00000 -0.00000
1606417132528646 0.99883 -0.04838 0.00000 -150.89459 -0.04838 -0.99883 0.00000 -64.66350 -0.00000 -0.00000 -1.00000 -0.00000
1606417132779289 0.99517 0.09815 0.00000 -140.77337 0.09815 -0.99517 0.00000 -86.01001 0.00000 -0.00000 -1.00000 -0.00000
1606417133029905 0.96631 0.25739 0.00000 -125.97189 0.25739 -0.96631 0.00000 -107.61260 0.00000 -0.00000 -1.00000 -0.00000
1606417133279913 0.90906 0.41667 0.00000 -106.93227 0.41667 -0.90906 0.00000 -127.24221 0.00000 -0.00000 -1.00000 -0.00000
1606417133529917 0.82164 0.57001 0.00000 -83.75477 0.57001 -0.82164 0.00000 -144.05179 0.00000 -0.00000 -1.00000 -0.00000
1606417133779922 0.70539 0.70882 0.00000 -57.25177 0.70882 -0.70539 0.00000 -156.76285 0.00000 -0.00000 -1.00000 -0.00000
1606417134029917 0.56070 0.82802 0.00000 -27.91187 0.82802 -0.56070 0.00000 -164.62582 0.00000 -0.00000 -1.00000 -0.00000
1606417134279917 0.39752 0.91759 -0.00000 2.26962 0.91759 -0.39752 0.00000 -166.91619 0.00000 -0.00000 -1.00000 -0.00000
1606417134529927 0.21354 0.97693 0.00000 33.51417 0.97693 -0.21354 0.00000 -163.25128 0.00000 -0.00000 -1.00000 -0.00000
1606417134779933 0.01970 0.99981 -0.00000 63.66547 0.99981 -0.01970 0.00000 -153.64932 0.00000 -0.00000 -1.00000 -0.00000
1606417135029311 -0.18313 0.98309 0.00000 92.54766 0.98309 0.18313 0.00000 -137.51594 0.00000 0.00000 -1.00000 -0.00000
1606417135279932 -0.38413 0.92328 0.00000 118.31960 0.92328 0.38413 0.00000 -115.10495 0.00000 0.00000 -1.00000 -0.00000
1606417135529944 -0.55042 0.83488 0.00000 136.77381 0.83488 0.55042 0.00000 -90.78544 0.00000 0.00000 -1.00000 -0.00000
1606417135779943 -0.67104 0.74142 0.00000 147.92903 0.74142 0.67104 0.00000 -68.92112 0.00000 0.00000 -1.00000 -0.00000
1606417136030575 -0.75916 0.65091 0.00000 154.24408 0.65091 0.75916 0.00000 -49.67632 0.00000 0.00000 -1.00000 -0.00000
1606417136280616 -0.82361 0.56716 -0.00000 157.49422 0.56716 0.82361 0.00000 -33.10117 0.00000 0.00000 -1.00000 -0.00000
1606417136530581 -0.87157 0.49027 0.00000 158.69153 0.49027 0.87157 0.00000 -18.65932 0.00000 0.00000 -1.00000 -0.00000
1606417136780580 -0.90160 0.43257 0.00000 158.31932 0.43257 0.90160 0.00000 -8.34243 0.00000 0.00000 -1.00000 -0.00000
1606417137030591 -0.91989 0.39217 0.00000 157.22835 0.39217 0.91989 0.00000 -1.19884 0.00000 0.00000 -1.00000 -0.00000
1606417137280589 -0.92518 0.37953 -0.00000 155.93898 0.37953 0.92518 0.00000 0.85115 0.00000 0.00000 -1.00000 0.00000
1606417137530592 -0.92811 0.37232 0.00000 154.55613 0.37232 0.92811 0.00000 2.13028 0.00000 0.00000 -1.00000 0.00000
1606417137779972 -0.92969 0.36835 0.00000 153.14556 0.36835 0.92969 0.00000 2.70695 0.00000 0.00000 -1.00000 0.00000
1606417138029978 -0.92993 0.36773 0.00000 151.66496 0.36773 0.92993 0.00000 2.86403 0.00000 0.00000 -1.00000 0.00000
1606417138279983 -0.92380 0.38287 -0.00000 150.18550 0.38287 0.92380 0.00000 0.36366 0.00000 0.00000 -1.00000 0.00000
1606417138529987 -0.91570 0.40186 0.00000 148.72383 0.40186 0.91570 0.00000 -2.66393 0.00000 0.00000 -1.00000 -0.00000
1606417138779985 -0.90178 0.43220 -0.00000 146.95728 0.43220 0.90178 0.00000 -7.64390 0.00000 0.00000 -1.00000 -0.00000
1606417139029365 -0.88877 0.45836 0.00000 145.16719 0.45836 0.88877 0.00000 -12.00993 0.00000 0.00000 -1.00000 -0.00000
1606417139279371 -0.86639 0.49937 0.00000 142.76141 0.49937 0.86639 0.00000 -18.82134 0.00000 0.00000 -1.00000 -0.00000
1606417139529375 -0.84092 0.54116 0.00000 140.12536 0.54116 0.84092 0.00000 -25.80463 0.00000 0.00000 -1.00000 -0.00000
1606417139779378 -0.81296 0.58233 0.00000 136.99145 0.58233 0.81296 0.00000 -32.73979 0.00000 0.00000 -1.00000 -0.00000
1606417140029376 -0.78245 0.62271 0.00000 133.42368 0.62271 0.78245 0.00000 -39.64136 0.00000 0.00000 -1.00000 -0.00000
1606417140278755 -0.75437 0.65644 0.00000 129.92833 0.65644 0.75437 0.00000 -45.57180 0.00000 0.00000 -1.00000 -0.00000
1606417140528763 -0.72312 0.69072 0.00000 125.83611 0.69072 0.72312 0.00000 -51.43481 0.00000 0.00000 -1.00000 -0.00000
1606417140778770 -0.68709 0.72658 0.00000 121.25708 0.72658 0.68709 0.00000 -57.80457 0.00000 0.00000 -1.00000 -0.00000
1606417141028146 -0.65073 0.75931 0.00000 116.42822 0.75931 0.65073 0.00000 -63.88347 0.00000 0.00000 -1.00000 -0.00000
1606417141278764 -0.60944 0.79283 0.00000 111.05835 0.79283 0.60944 0.00000 -69.72476 0.00000 0.00000 -1.00000 -0.00000
1606417141529393 -0.56705 0.82368 0.00000 105.32228 0.82368 0.56705 0.00000 -75.47003 0.00000 0.00000 -1.00000 -0.00000
1606417141779402 -0.52726 0.84970 0.00000 99.87409 0.84970 0.52726 0.00000 -80.50834 0.00000 0.00000 -1.00000 -0.00000
1606417142029407 -0.49349 0.86975 0.00000 94.74278 0.86975 0.49349 0.00000 -84.42749 0.00000 0.00000 -1.00000 -0.00000
1606417142280031 -0.44921 0.89343 -0.00000 88.46285 0.89343 0.44921 0.00000 -89.04246 0.00000 0.00000 -1.00000 -0.00000
1606417142529414 -0.42246 0.90638 0.00000 83.98000 0.90638 0.42246 0.00000 -91.74738 0.00000 0.00000 -1.00000 -0.00000
1606417142778786 -0.39775 0.91750 0.00000 79.56105 0.91750 0.39775 0.00000 -94.01140 0.00000 0.00000 -1.00000 -0.00000
1606417143028798 -0.38645 0.92231 0.00000 76.48481 0.92231 0.38645 0.00000 -95.03010 0.00000 0.00000 -1.00000 -0.00000
1606417143278798 -0.36591 0.93065 -0.00000 72.52405 0.93065 0.36591 0.00000 -96.71865 0.00000 0.00000 -1.00000 -0.00000
1606417143528805 -0.35942 0.93318 0.00000 69.94009 0.93318 0.35942 0.00000 -97.19766 0.00000 0.00000 -1.00000 -0.00000
1606417143778809 -0.34638 0.93809 0.00000 66.68927 0.93809 0.34638 0.00000 -98.30967 0.00000 0.00000 -1.00000 -0.00000
1606417144028825 -0.34834 0.93737 0.00000 64.90121 0.93737 0.34834 0.00000 -98.07103 0.00000 0.00000 -1.00000 -0.00000
1606417144278825 -0.35540 0.93471 -0.00000 63.79464 0.93471 0.35540 0.00000 -97.85548 0.00000 0.00000 -1.00000 -0.00000
1606417144528817 -0.37775 0.92591 0.00000 64.08511 0.92591 0.37775 0.00000 -96.15290 0.00000 0.00000 -1.00000 -0.00000
1606417144778821 -0.39616 0.91818 -0.00000 64.08354 0.91818 0.39616 0.00000 -95.02843 0.00000 0.00000 -1.00000 -0.00000
1606417145029445 -0.42390 0.90571 0.00000 64.97675 0.90571 0.42390 0.00000 -92.98396 0.00000 0.00000 -1.00000 -0.00000
1606417145278830 -0.46185 0.88696 0.00000 66.97230 0.88696 0.46185 0.00000 -90.28518 0.00000 0.00000 -1.00000 -0.00000
1606417145528831 -0.49253 0.87030 0.00000 68.09348 0.87030 0.49253 0.00000 -87.90468 0.00000 0.00000 -1.00000 -0.00000
1606417145778836 -0.53686 0.84367 0.00000 70.62010 0.84367 0.53686 0.00000 -84.27609 0.00000 0.00000 -1.00000 -0.00000
1606417146028842 -0.58420 0.81161 0.00000 73.45083 0.81161 0.58420 0.00000 -80.23769 0.00000 0.00000 -1.00000 -0.00000
1606417146278844 -0.63294 0.77420 0.00000 76.32381 0.77420 0.63294 0.00000 -75.65163 0.00000 0.00000 -1.00000 -0.00000
1606417146528848 -0.68677 0.72688 -0.00000 79.66446 0.72688 0.68677 0.00000 -70.13251 0.00000 0.00000 -1.00000 -0.00000
1606417146778852 -0.73103 0.68234 0.00000 81.82716 0.68234 0.73103 0.00000 -64.86494 0.00000 0.00000 -1.00000 -0.00000
1606417147029476 -0.78134 0.62410 -0.00000 84.84595 0.62410 0.78134 0.00000 -58.57045 0.00000 0.00000 -1.00000 -0.00000
1606417147279485 -0.82005 0.57230 0.00000 86.48856 0.57230 0.82005 0.00000 -52.96710 0.00000 0.00000 -1.00000 -0.00000
1606417147530107 -0.84949 0.52761 0.00000 87.20086 0.52761 0.84949 0.00000 -48.34300 0.00000 0.00000 -1.00000 -0.00000
1606417147779490 -0.88574 0.46418 0.00000 88.58932 0.46418 0.88574 0.00000 -41.84639 0.00000 0.00000 -1.00000 -0.00000
1606417148029490 -0.91065 0.41317 0.00000 88.95894 0.41317 0.91065 0.00000 -36.85456 0.00000 0.00000 -1.00000 -0.00000
1606417148279488 -0.93316 0.35947 0.00000 88.99197 0.35947 0.93316 0.00000 -31.60585 0.00000 0.00000 -1.00000 -0.00000
1606417148529495 -0.95199 0.30612 0.00000 88.64311 0.30612 0.95199 0.00000 -26.64277 0.00000 0.00000 -1.00000 -0.00000
1606417148779505 -0.96720 0.25402 0.00000 87.96276 0.25402 0.96720 0.00000 -21.78783 0.00000 0.00000 -1.00000 -0.00000
1606417149029509 -0.97944 0.20174 0.00000 87.06086 0.20174 0.97944 0.00000 -17.05286 0.00000 0.00000 -1.00000 -0.00000
1606417149279512 -0.98751 0.15754 0.00000 85.72506 0.15754 0.98751 0.00000 -13.09240 0.00000 0.00000 -1.00000 -0.00000
1606417149529515 -0.99352 0.11363 0.00000 84.14476 0.11363 0.99352 0.00000 -9.30213 0.00000 0.00000 -1.00000 -0.00000
1606417149778886 -0.99714 0.07557 0.00000 82.48530 0.07557 0.99714 0.00000 -6.15728 0.00000 0.00000 -1.00000 -0.00000
1606417150028275 -0.99885 0.04792 0.00000 80.55043 0.04792 0.99885 0.00000 -3.83419 0.00000 0.00000 -1.00000 -0.00000
1606417150278278 -0.99974 0.02271 0.00000 78.54041 0.02271 0.99974 0.00000 -1.76240 0.00000 0.00000 -1.00000 -0.00000
1606417150528907 -1.00000 0.00102 0.00000 76.45441 0.00102 1.00000 0.00000 -0.12641 0.00000 0.00000 -1.00000 -0.00000
1606417150779532 -0.99999 -0.00483 -0.00000 74.35093 -0.00483 0.99999 0.00000 0.30960 -0.00000 0.00000 -1.00000 0.00000
1606417151029531 -0.99978 -0.02087 0.00000 72.26453 -0.02087 0.99978 0.00000 1.42850 -0.00000 0.00000 -1.00000 0.00000
1606417151279535 -0.99952 -0.03099 0.00000 70.12830 -0.03099 0.99952 0.00000 2.18856 -0.00000 0.00000 -1.00000 0.00000
1606417151529548 -0.99961 -0.02795 0.00000 67.98741 -0.02795 0.99961 0.00000 1.82301 -0.00000 0.00000 -1.00000 0.00000
1606417151779546 -0.99960 -0.02846 0.00000 65.86368 -0.02846 0.99960 0.00000 1.91944 -0.00000 0.00000 -1.00000 0.00000
1606417152029547 -0.99964 -0.02695 0.00000 63.74350 -0.02695 0.99964 0.00000 1.73326 -0.00000 0.00000 -1.00000 0.00000
1606417152279555 -0.99972 -0.02364 0.00000 61.58496 -0.02364 0.99972 0.00000 1.49290 -0.00000 0.00000 -1.00000 0.00000
1606417152528934 -0.99967 -0.02570 -0.00000 59.50574 -0.02570 0.99967 0.00000 1.53684 -0.00000 0.00000 -1.00000 0.00000
1606417152778937 -0.99985 -0.01728 -0.00000 57.38024 -0.01728 0.99985 0.00000 1.03217 -0.00000 0.00000 -1.00000 0.00000
1606417153028939 -0.99983 -0.01822 0.00000 55.30177 -0.01822 0.99983 0.00000 0.95432 -0.00000 0.00000 -1.00000 0.00000
1606417153278940 -0.99993 -0.01182 0.00000 53.22940 -0.01182 0.99993 0.00000 0.60916 -0.00000 0.00000 -1.00000 0.00000
1606417153528317 -0.99997 -0.00801 0.00000 51.07918 -0.00801 0.99997 0.00000 0.38128 -0.00000 0.00000 -1.00000 0.00000
1606417153778953 -1.00000 -0.00070 0.00000 48.94055 -0.00070 1.00000 0.00000 -0.03625 -0.00000 0.00000 -1.00000 -0.00000
1606417154028958 -0.99999 0.00364 0.00000 46.88806 0.00364 0.99999 0.00000 -0.22197 0.00000 0.00000 -1.00000 -0.00000
1606417154278959 -0.99999 0.00380 0.00000 44.77402 0.00380 0.99999 0.00000 -0.34259 0.00000 0.00000 -1.00000 -0.00000
1606417154528964 -0.99991 0.01368 0.00000 42.68923 0.01368 0.99991 0.00000 -0.79175 0.00000 0.00000 -1.00000 -0.00000
1606417154779586 -0.99983 0.01847 0.00000 40.70478 0.01847 0.99983 0.00000 -1.01995 0.00000 0.00000 -1.00000 -0.00000
1606417155028969 -0.99982 0.01905 0.00000 38.62427 0.01905 0.99982 0.00000 -1.11446 0.00000 0.00000 -1.00000 -0.00000
1606417155278969 -0.99951 0.03143 0.00000 36.57468 0.03143 0.99951 0.00000 -1.47733 0.00000 0.00000 -1.00000 -0.00000
1606417155528973 -0.99927 0.03816 -0.00000 34.52681 0.03816 0.99927 0.00000 -1.79348 0.00000 0.00000 -1.00000 -0.00000
1606417155778981 -0.99906 0.04334 0.00000 32.52479 0.04334 0.99906 0.00000 -2.03197 0.00000 0.00000 -1.00000 -0.00000
1606417156028985 -0.99907 0.04309 0.00000 30.51497 0.04309 0.99907 0.00000 -1.97117 0.00000 0.00000 -1.00000 -0.00000
1606417156278989 -0.99914 0.04149 -0.00000 28.48406 0.04149 0.99914 0.00000 -2.02021 0.00000 0.00000 -1.00000 -0.00000
1606417156528991 -0.99865 0.05192 0.00000 26.50445 0.05192 0.99865 0.00000 -2.27726 0.00000 0.00000 -1.00000 -0.00000
1606417156779629 -0.99845 0.05569 -0.00000 24.41489 0.05569 0.99845 0.00000 -2.38472 0.00000 0.00000 -1.00000 -0.00000
1606417157029616 -0.99843 0.05602 0.00000 22.42156 0.05602 0.99843 0.00000 -2.49928 0.00000 0.00000 -1.00000 -0.00000
1606417157279624 -0.99834 0.05756 0.00000 20.27729 0.05756 0.99834 0.00000 -2.46531 0.00000 0.00000 -1.00000 -0.00000
1606417157529627 -0.99788 0.06506 0.00000 18.22517 0.06506 0.99788 0.00000 -2.74272 0.00000 0.00000 -1.00000 -0.00000
1606417157779633 -0.99745 0.07132 0.00000 16.09083 0.07132 0.99745 0.00000 -2.86146 0.00000 0.00000 -1.00000 -0.00000
1606417158029638 -0.99697 0.07778 0.00000 14.03519 0.07778 0.99697 0.00000 -2.91437 0.00000 0.00000 -1.00000 -0.00000
1606417158279009 -0.99717 0.07518 0.00000 11.90692 0.07518 0.99717 0.00000 -2.97323 0.00000 0.00000 -1.00000 -0.00000
1606417158529645 -0.99643 0.08439 0.00000 9.80994 0.08439 0.99643 0.00000 -3.15255 0.00000 0.00000 -1.00000 -0.00000
1606417158779649 -0.99648 0.08385 -0.00000 7.68363 0.08385 0.99648 0.00000 -3.05866 0.00000 0.00000 -1.00000 -0.00000
1606417159029653 -0.99702 0.07721 0.00000 5.52181 0.07721 0.99702 0.00000 -3.04587 0.00000 0.00000 -1.00000 -0.00000
1606417159279658 -0.99687 0.07900 0.00000 3.37891 0.07900 0.99687 0.00000 -3.06393 0.00000 0.00000 -1.00000 -0.00000
1606417159529653 -0.99720 0.07474 0.00000 1.26200 0.07474 0.99720 0.00000 -3.09405 0.00000 0.00000 -1.00000 -0.00000
1606417159779654 -0.99624 0.08659 0.00000 -0.94134 0.08659 0.99624 0.00000 -3.07672 0.00000 0.00000 -1.00000 -0.00000
1606417160029661 -0.99641 0.08467 0.00000 -3.08804 0.08467 0.99641 0.00000 -3.10564 0.00000 0.00000 -1.00000 -0.00000
1606417160279674 -0.99626 0.08640 0.00000 -5.20742 0.08640 0.99626 0.00000 -3.18229 0.00000 0.00000 -1.00000 -0.00000
1606417160529043 -0.99614 0.08780 -0.00000 -7.33271 0.08780 0.99614 0.00000 -3.23804 0.00000 0.00000 -1.00000 -0.00000
1606417160779046 -0.99573 0.09230 0.00000 -9.50455 0.09230 0.99573 0.00000 -3.22406 0.00000 0.00000 -1.00000 -0.00000
1606417161029055 -0.99547 0.09509 0.00000 -11.67319 0.09509 0.99547 0.00000 -3.12364 0.00000 0.00000 -1.00000 -0.00000
1606417161279057 -0.99524 0.09748 0.00000 -13.76122 0.09748 0.99524 0.00000 -3.18370 0.00000 0.00000 -1.00000 -0.00000
1606417161529680 -0.99326 0.11587 0.00000 -15.96921 0.11587 0.99326 0.00000 -2.85708 0.00000 0.00000 -1.00000 -0.00000
1606417161779685 -0.99324 0.11607 0.00000 -18.09022 0.11607 0.99324 0.00000 -2.94954 0.00000 0.00000 -1.00000 -0.00000
1606417162029691 -0.99349 0.11388 0.00000 -20.20688 0.11388 0.99349 0.00000 -3.03986 0.00000 0.00000 -1.00000 -0.00000
1606417162279696 -0.99378 0.11136 0.00000 -22.36120 0.11136 0.99378 0.00000 -3.12840 0.00000 0.00000 -1.00000 -0.00000
1606417162529694 -0.99398 0.10960 0.00000 -24.53390 0.10960 0.99398 0.00000 -3.23673 0.00000 0.00000 -1.00000 -0.00000
1606417162779078 -0.99641 0.08460 0.00000 -26.57742 0.08460 0.99641 0.00000 -3.97947 0.00000 0.00000 -1.00000 -0.00000
1606417163029076 -0.99766 0.06835 0.00000 -28.71188 0.06835 0.99766 0.00000 -4.41074 0.00000 0.00000 -1.00000 -0.00000
1606417163279088 -0.99884 0.04823 0.00000 -30.76507 0.04823 0.99884 0.00000 -5.04489 0.00000 0.00000 -1.00000 -0.00000
1606417163529084 -0.99950 0.03151 0.00000 -32.91393 0.03151 0.99950 0.00000 -5.52377 0.00000 0.00000 -1.00000 -0.00000
1606417163779719 -0.99987 0.01595 0.00000 -35.01703 0.01595 0.99987 0.00000 -6.02644 0.00000 0.00000 -1.00000 -0.00000
1606417164029721 -1.00000 -0.00198 0.00000 -36.98000 -0.00198 1.00000 0.00000 -6.66160 -0.00000 0.00000 -1.00000 -0.00000
1606417164279722 -0.99969 -0.02501 0.00000 -39.01119 -0.02501 0.99969 0.00000 -7.57847 -0.00000 0.00000 -1.00000 -0.00000
1606417164529726 -0.99925 -0.03862 0.00000 -41.08766 -0.03862 0.99925 0.00000 -8.09455 -0.00000 0.00000 -1.00000 -0.00000
1606417164779738 -0.99915 -0.04112 0.00000 -43.10555 -0.04112 0.99915 0.00000 -8.27208 -0.00000 0.00000 -1.00000 -0.00000
1606417165029731 -0.99884 -0.04818 0.00000 -45.22716 -0.04818 0.99884 0.00000 -8.57548 -0.00000 0.00000 -1.00000 -0.00000
1606417165279740 -0.99851 -0.05459 -0.00000 -47.24825 -0.05459 0.99851 0.00000 -8.90518 -0.00000 0.00000 -1.00000 -0.00000
1606417165529741 -0.99837 -0.05713 0.00000 -49.25541 -0.05713 0.99837 0.00000 -9.06771 -0.00000 0.00000 -1.00000 -0.00000
1606417165779740 -0.99854 -0.05406 0.00000 -51.26484 -0.05406 0.99854 0.00000 -8.99374 -0.00000 0.00000 -1.00000 -0.00000
1606417166029750 -0.99919 -0.04013 0.00000 -53.36775 -0.04013 0.99919 0.00000 -8.24962 -0.00000 0.00000 -1.00000 -0.00000
1606417166279747 -0.99962 -0.02766 0.00000 -55.32634 -0.02766 0.99962 0.00000 -7.59836 -0.00000 0.00000 -1.00000 -0.00000
1606417166529129 -0.99983 -0.01842 -0.00000 -57.19978 -0.01842 0.99983 0.00000 -7.10376 -0.00000 0.00000 -1.00000 -0.00000
1606417166779125 -0.99995 0.01018 -0.00000 -59.01255 0.01018 0.99995 0.00000 -5.48038 0.00000 0.00000 -1.00000 -0.00000
1606417167029136 -0.99936 0.03584 0.00000 -60.76579 0.03584 0.99936 0.00000 -3.97112 0.00000 0.00000 -1.00000 -0.00000
1606417167279144 -0.99686 0.07917 0.00000 -62.42535 0.07917 0.99686 0.00000 -1.40454 0.00000 0.00000 -1.00000 -0.00000
1606417167529141 -0.99018 0.13979 0.00000 -63.77969 0.13979 0.99018 0.00000 2.37928 0.00000 0.00000 -1.00000 0.00000
1606417167779148 -0.97987 0.19963 -0.00000 -64.81971 0.19963 0.97987 0.00000 6.21964 0.00000 0.00000 -1.00000 0.00000
1606417168029146 -0.96051 0.27826 0.00000 -65.27792 0.27826 0.96051 0.00000 11.38960 0.00000 0.00000 -1.00000 0.00000
1606417168279164 -0.93051 0.36626 0.00000 -65.15556 0.36626 0.93051 0.00000 17.42597 0.00000 0.00000 -1.00000 0.00000
1606417168529160 -0.88427 0.46698 -0.00000 -63.95159 0.46698 0.88427 0.00000 24.59772 0.00000 0.00000 -1.00000 0.00000
1606417168778539 -0.82818 0.56046 0.00000 -61.92927 0.56046 0.82818 0.00000 31.16689 0.00000 0.00000 -1.00000 0.00000
1606417169029164 -0.74926 0.66227 0.00000 -58.47918 0.66227 0.74926 0.00000 38.87963 0.00000 0.00000 -1.00000 0.00000
1606417169278544 -0.66841 0.74379 0.00000 -54.60254 0.74379 0.66841 0.00000 45.28862 0.00000 0.00000 -1.00000 0.00000
1606417169529174 -0.57285 0.81966 -0.00000 -49.73202 0.81966 0.57285 0.00000 51.68733 0.00000 0.00000 -1.00000 0.00000
1606417169779176 -0.48917 0.87219 -0.00000 -45.44399 0.87219 0.48917 0.00000 56.17546 0.00000 0.00000 -1.00000 0.00000
1606417170029803 -0.40416 0.91469 -0.00000 -40.96633 0.91469 0.40416 0.00000 60.19210 0.00000 0.00000 -1.00000 0.00000
1606417170279805 -0.32847 0.94452 0.00000 -37.15500 0.94452 0.32847 0.00000 63.44063 0.00000 0.00000 -1.00000 0.00000
1606417170529818 -0.25850 0.96601 0.00000 -33.64236 0.96601 0.25850 0.00000 65.91676 0.00000 0.00000 -1.00000 0.00000
1606417170779817 -0.20117 0.97956 0.00000 -30.91915 0.97956 0.20117 0.00000 67.77856 0.00000 0.00000 -1.00000 0.00000
1606417171029822 -0.15452 0.98799 0.00000 -29.09062 0.98799 0.15452 0.00000 69.15753 0.00000 0.00000 -1.00000 0.00000
1606417171279819 -0.10537 0.99443 0.00000 -27.05585 0.99443 0.10537 0.00000 70.45893 0.00000 0.00000 -1.00000 0.00000
1606417171529198 -0.07607 0.99710 0.00000 -26.47494 0.99710 0.07607 0.00000 71.15873 0.00000 0.00000 -1.00000 0.00000
1606417171779205 -0.05198 0.99865 0.00000 -26.30506 0.99865 0.05198 0.00000 71.77174 0.00000 0.00000 -1.00000 0.00000
1606417172029210 -0.02744 0.99962 -0.00000 -26.10525 0.99962 0.02744 0.00000 72.36225 0.00000 0.00000 -1.00000 0.00000
1606417172278584 -0.03074 0.99953 0.00000 -27.90418 0.99953 0.03074 0.00000 72.33154 0.00000 0.00000 -1.00000 0.00000
1606417172529213 -0.01574 0.99988 0.00000 -28.46071 0.99988 0.01574 0.00000 72.50919 0.00000 0.00000 -1.00000 0.00000
1606417172779848 -0.00935 0.99996 -0.00000 -29.63182 0.99996 0.00935 0.00000 72.79215 0.00000 0.00000 -1.00000 0.00000
1606417173029849 -0.00525 0.99999 0.00000 -31.03713 0.99999 0.00525 0.00000 72.90124 0.00000 0.00000 -1.00000 0.00000
1606417173280472 0.00448 0.99999 0.00000 -31.94600 0.99999 -0.00448 0.00000 73.06506 0.00000 -0.00000 -1.00000 0.00000
1606417173530482 0.01479 0.99989 -0.00000 -32.94166 0.99989 -0.01479 0.00000 73.42990 0.00000 -0.00000 -1.00000 0.00000
1606417173779859 0.03008 0.99955 0.00000 -33.49642 0.99955 -0.03008 0.00000 73.68445 0.00000 -0.00000 -1.00000 0.00000
1606417174029234 0.04357 0.99905 -0.00000 -34.23883 0.99905 -0.04357 0.00000 74.23136 0.00000 -0.00000 -1.00000 0.00000
1606417174279242 0.07100 0.99748 -0.00000 -33.90556 0.99748 -0.07100 0.00000 74.99273 0.00000 -0.00000 -1.00000 0.00000
1606417174529241 0.10329 0.99465 0.00000 -33.19264 0.99465 -0.10329 0.00000 76.09847 0.00000 -0.00000 -1.00000 0.00000
1606417174779249 0.12409 0.99227 0.00000 -33.37954 0.99227 -0.12409 0.00000 76.65856 0.00000 -0.00000 -1.00000 0.00000
1606417175028628 0.15263 0.98828 -0.00000 -33.06378 0.98828 -0.15263 0.00000 77.49736 0.00000 -0.00000 -1.00000 0.00000
1606417175278628 0.16639 0.98606 0.00000 -33.58060 0.98606 -0.16639 0.00000 77.78473 0.00000 -0.00000 -1.00000 0.00000
1606417175528634 0.17270 0.98497 0.00000 -34.92695 0.98497 -0.17270 0.00000 78.06813 0.00000 -0.00000 -1.00000 0.00000
1606417175779263 0.16828 0.98574 0.00000 -37.06964 0.98574 -0.16828 0.00000 77.83758 0.00000 -0.00000 -1.00000 0.00000
1606417176029268 0.15732 0.98755 0.00000 -39.88352 0.98755 -0.15732 0.00000 77.42071 0.00000 -0.00000 -1.00000 0.00000
1606417176279902 0.13879 0.99032 0.00000 -43.10035 0.99032 -0.13879 0.00000 76.62473 0.00000 -0.00000 -1.00000 0.00000
1606417176529891 0.11695 0.99314 0.00000 -46.81194 0.99314 -0.11695 0.00000 75.61167 0.00000 -0.00000 -1.00000 0.00000
1606417176780527 0.10203 0.99478 0.00000 -49.89977 0.99478 -0.10203 0.00000 74.89390 0.00000 -0.00000 -1.00000 0.00000
1606417177029903 0.08073 0.99674 0.00000 -53.42943 0.99674 -0.08073 0.00000 73.81743 0.00000 -0.00000 -1.00000 0.00000
1606417177279906 0.06641 0.99779 0.00000 -56.54228 0.99779 -0.06641 0.00000 73.00728 0.00000 -0.00000 -1.00000 0.00000
1606417177529913 0.04738 0.99888 0.00000 -59.94364 0.99888 -0.04738 0.00000 71.87127 0.00000 -0.00000 -1.00000 0.00000
1606417177779907 0.03223 0.99948 -0.00000 -63.01739 0.99948 -0.03223 0.00000 70.92524 0.00000 -0.00000 -1.00000 0.00000
1606417178029922 0.01827 0.99983 0.00000 -66.05319 0.99983 -0.01827 0.00000 70.00344 0.00000 -0.00000 -1.00000 0.00000
1606417178279922 0.00228 1.00000 0.00000 -69.11591 1.00000 -0.00228 0.00000 68.85374 0.00000 -0.00000 -1.00000 0.00000
1606417178529925 -0.00001 1.00000 -0.00000 -71.30203 1.00000 0.00001 0.00000 68.70283 0.00000 0.00000 -1.00000 0.00000
1606417178779923 -0.00004 1.00000 0.00000 -73.20756 1.00000 0.00004 0.00000 68.65542 0.00000 0.00000 -1.00000 0.00000
1606417179029926 0.00301 1.00000 0.00000 -74.91415 1.00000 -0.00301 0.00000 68.91350 0.00000 -0.00000 -1.00000 0.00000
1606417179279308 -0.00503 0.99999 0.00000 -77.37224 0.99999 0.00503 0.00000 68.25727 0.00000 0.00000 -1.00000 0.00000
1606417179529318 0.00113 1.00000 0.00000 -78.84738 1.00000 -0.00113 0.00000 68.70598 0.00000 -0.00000 -1.00000 0.00000
1606417179778692 -0.00188 1.00000 0.00000 -80.80070 1.00000 0.00188 0.00000 68.48198 0.00000 0.00000 -1.00000 0.00000
1606417180028691 -0.00346 0.99999 0.00000 -82.69844 0.99999 0.00346 0.00000 68.32347 0.00000 0.00000 -1.00000 0.00000
1606417180278695 -0.01749 0.99985 0.00000 -85.32737 0.99985 0.01749 0.00000 67.11991 0.00000 0.00000 -1.00000 0.00000
