1620321572045994 1.00000 0.00000 0.00000 -0.00000 0.00000 -1.00000 0.00000 0.00000 0.00000 -0.00000 -1.00000 0.00000
1620321572295993 1.00000 -0.00016 0.00000 0.00148 -0.00016 -1.00000 0.00000 -0.02271 -0.00000 -0.00000 -1.00000 -0.00000
1620321572546001 1.00000 -0.00038 0.00000 0.00929 -0.00038 -1.00000 0.00000 -0.01687 -0.00000 -0.00000 -1.00000 -0.00000
1620321572796005 1.00000 0.00061 0.00000 0.00538 0.00061 -1.00000 0.00000 -0.01194 0.00000 -0.00000 -1.00000 -0.00000
1620321573046005 1.00000 0.00060 0.00000 0.00167 0.00060 -1.00000 0.00000 -0.01579 0.00000 -0.00000 -1.00000 -0.00000
1620321573296015 1.00000 -0.00048 0.00000 0.01650 -0.00048 -1.00000 0.00000 -0.01787 -0.00000 -0.00000 -1.00000 -0.00000
1620321573546016 1.00000 0.00099 -0.00000 0.01781 0.00099 -1.00000 0.00000 -0.03039 0.00000 -0.00000 -1.00000 -0.00000
1620321573796026 1.00000 0.00188 0.00000 0.00533 0.00188 -1.00000 0.00000 -0.00989 0.00000 -0.00000 -1.00000 -0.00000
1620321574046029 1.00000 0.00212 0.00000 0.01229 0.00212 -1.00000 0.00000 -0.03650 0.00000 -0.00000 -1.00000 -0.00000
1620321574296025 1.00000 0.00195 0.00000 -0.01434 0.00195 -1.00000 0.00000 -0.01429 0.00000 -0.00000 -1.00000 -0.00000
1620321574546693 1.00000 -0.00128 0.00000 0.00663 -0.00128 -1.00000 0.00000 -0.02989 -0.00000 -0.00000 -1.00000 -0.00000
1620321574796668 0.99999 -0.00523 0.00000 0.00131 -0.00523 -0.99999 0.00000 -0.02304 -0.00000 -0.00000 -1.00000 -0.00000
1620321575046045 1.00000 0.00193 0.00000 0.00598 0.00193 -1.00000 0.00000 -0.01257 0.00000 -0.00000 -1.00000 -0.00000
1620321575296047 1.00000 -0.00116 0.00000 -0.01225 -0.00116 -1.00000 0.00000 -0.00063 -0.00000 -0.00000 -1.00000 -0.00000
1620321575545423 0.99999 -0.00480 -0.00000 0.01966 -0.00480 -0.99999 0.00000 -0.04351 -0.00000 -0.00000 -1.00000 -0.00000
1620321575796061 0.99999 -0.00398 0.00000 0.02789 -0.00398 -0.99999 0.00000 -0.05421 -0.00000 -0.00000 -1.00000 -0.00000
1620321576046689 0.99998 -0.00632 0.00000 0.02366 -0.00632 -0.99998 0.00000 -0.02132 -0.00000 -0.00000 -1.00000 -0.00000
1620321576296695 0.99999 -0.00389 0.00000 0.02550 -0.00389 -0.99999 0.00000 -0.01560 -0.00000 -0.00000 -1.00000 -0.00000
1620321576546704 1.00000 -0.00098 0.00000 0.01672 -0.00098 -1.00000 0.00000 -0.01417 -0.00000 -0.00000 -1.00000 -0.00000
1620321576796701 1.00000 0.00246 0.00000 0.00153 0.00246 -1.00000 0.00000 -0.03017 0.00000 -0.00000 -1.00000 -0.00000
1620321577046706 0.99999 0.00503 0.00000 0.00361 0.00503 -0.99999 0.00000 -0.01008 0.00000 -0.00000 -1.00000 -0.00000
1620321577296708 0.99999 0.00414 0.00000 0.00834 0.00414 -0.99999 0.00000 -0.01096 0.00000 -0.00000 -1.00000 -0.00000
1620321577546709 1.00000 0.00060 0.00000 0.00063 0.00060 -1.00000 0.00000 -0.00169 0.00000 -0.00000 -1.00000 -0.00000
1620321577796713 0.99999 -0.00361 0.00000 0.01210 -0.00361 -0.99999 0.00000 -0.01794 -0.00000 -0.00000 -1.00000 -0.00000
1620321578046715 0.99998 -0.00670 -0.00000 0.02375 -0.00670 -0.99998 0.00000 -0.02114 -0.00000 -0.00000 -1.00000 -0.00000
1620321578296725 1.00000 -0.00259 0.00000 0.01807 -0.00259 -1.00000 0.00000 -0.02179 -0.00000 -0.00000 -1.00000 -0.00000
1620321578546731 0.99999 -0.00391 0.00000 0.00123 -0.00391 -0.99999 0.00000 -0.00781 -0.00000 -0.00000 -1.00000 -0.00000
1620321578796731 0.99998 -0.00697 0.00000 0.01827 -0.00697 -0.99998 0.00000 -0.01690 -0.00000 -0.00000 -1.00000 -0.00000
1620321579046732 0.99999 -0.00501 -0.00000 0.02388 -0.00501 -0.99999 0.00000 -0.02066 -0.00000 -0.00000 -1.00000 -0.00000
1620321579296745 0.99998 -0.00612 -0.00000 0.01732 -0.00612 -0.99998 0.00000 -0.00570 -0.00000 -0.00000 -1.00000 -0.00000
1620321579546745 0.99998 -0.00570 0.00000 0.01989 -0.00570 -0.99998 0.00000 -0.01993 -0.00000 -0.00000 -1.00000 -0.00000
1620321579796127 0.99998 -0.00698 0.00000 -0.01780 -0.00698 -0.99998 0.00000 -0.04222 -0.00000 -0.00000 -1.00000 -0.00000
1620321580046130 1.00000 0.00232 -0.00000 -0.00160 0.00232 -1.00000 0.00000 -0.01750 0.00000 -0.00000 -1.00000 -0.00000
1620321580296130 1.00000 0.00034 0.00000 -0.01826 0.00034 -1.00000 0.00000 0.00713 0.00000 -0.00000 -1.00000 0.00000
1620321580546134 1.00000 -0.00101 0.00000 0.00310 -0.00101 -1.00000 0.00000 -0.02931 -0.00000 -0.00000 -1.00000 -0.00000
1620321580796145 1.00000 -0.00245 0.00000 -0.00696 -0.00245 -1.00000 0.00000 -0.02669 -0.00000 -0.00000 -1.00000 -0.00000
1620321581045519 0.99999 -0.00496 -0.00000 -0.00557 -0.00496 -0.99999 0.00000 -0.05586 -0.00000 -0.00000 -1.00000 -0.00000
1620321581296154 1.00000 -0.00071 0.00000 -0.06467 -0.00071 -1.00000 0.00000 0.00207 -0.00000 -0.00000 -1.00000 0.00000
1620321581546773 0.99999 -0.00526 0.00000 -0.17836 -0.00526 -0.99999 0.00000 0.02844 -0.00000 -0.00000 -1.00000 0.00000
1620321581796786 0.99989 -0.01450 0.00000 -0.31196 -0.01450 -0.99989 0.00000 -0.00975 -0.00000 -0.00000 -1.00000 -0.00000
1620321582047413 0.99932 -0.03699 0.00000 -0.51710 -0.03699 -0.99932 0.00000 -0.04191 -0.00000 -0.00000 -1.00000 -0.00000
1620321582298038 0.99778 -0.06653 0.00000 -0.92034 -0.06653 -0.99778 0.00000 -0.09072 -0.00000 -0.00000 -1.00000 -0.00000
1620321582548080 0.99517 -0.09815 0.00000 -1.40011 -0.09815 -0.99517 0.00000 -0.00928 -0.00000 -0.00000 -1.00000 -0.00000
1620321582798049 0.99032 -0.13879 0.00000 -1.95060 -0.13879 -0.99032 0.00000 -0.00151 -0.00000 -0.00000 -1.00000 -0.00000
1620321583047427 0.98855 -0.15091 -0.00000 -2.63367 -0.15091 -0.98855 0.00000 0.06494 -0.00000 -0.00000 -1.00000 0.00000
1620321583297435 0.98421 -0.17700 0.00000 -3.41370 -0.17700 -0.98421 0.00000 0.06902 -0.00000 -0.00000 -1.00000 0.00000
1620321583546811 0.98420 -0.17708 -0.00000 -4.28953 -0.17708 -0.98420 0.00000 0.01054 -0.00000 -0.00000 -1.00000 0.00000
1620321583797439 0.98179 -0.18999 0.00000 -5.25029 -0.18999 -0.98179 0.00000 0.08677 -0.00000 -0.00000 -1.00000 0.00000
1620321584046822 0.98383 -0.17908 0.00000 -6.25218 -0.17908 -0.98383 0.00000 -0.01526 -0.00000 -0.00000 -1.00000 -0.00000
1620321584296819 0.98353 -0.18076 0.00000 -7.36385 -0.18076 -0.98353 0.00000 0.02965 -0.00000 -0.00000 -1.00000 0.00000
1620321584546840 0.98472 -0.17416 0.00000 -8.51414 -0.17416 -0.98472 0.00000 -0.07474 -0.00000 -0.00000 -1.00000 -0.00000
1620321584796837 0.98613 -0.16595 0.00000 -9.83157 -0.16595 -0.98613 0.00000 -0.18228 -0.00000 -0.00000 -1.00000 -0.00000
1620321585046206 0.98755 -0.15729 0.00000 -10.99987 -0.15729 -0.98755 0.00000 -0.37442 -0.00000 -0.00000 -1.00000 -0.00000
1620321585296214 0.99110 -0.13312 0.00000 -12.36753 -0.13312 -0.99110 0.00000 -0.63715 -0.00000 -0.00000 -1.00000 -0.00000
1620321585546845 0.99320 -0.11643 0.00000 -13.77925 -0.11643 -0.99320 0.00000 -0.78008 -0.00000 -0.00000 -1.00000 -0.00000
1620321585796230 0.99470 -0.10278 0.00000 -15.18774 -0.10278 -0.99470 0.00000 -1.04258 -0.00000 -0.00000 -1.00000 -0.00000
1620321586046852 0.99585 -0.09106 0.00000 -16.68792 -0.09106 -0.99585 0.00000 -1.15281 -0.00000 -0.00000 -1.00000 -0.00000
1620321586296857 0.99739 -0.07214 -0.00000 -18.22339 -0.07214 -0.99739 0.00000 -1.52494 -0.00000 -0.00000 -1.00000 -0.00000
1620321586546859 0.99797 -0.06364 0.00000 -19.80700 -0.06364 -0.99797 0.00000 -1.66913 -0.00000 -0.00000 -1.00000 -0.00000
1620321586796240 0.99876 -0.04987 0.00000 -21.48429 -0.04987 -0.99876 0.00000 -2.06392 -0.00000 -0.00000 -1.00000 -0.00000
1620321587046245 0.99898 -0.04509 0.00000 -23.19236 -0.04509 -0.99898 0.00000 -2.08905 -0.00000 -0.00000 -1.00000 -0.00000
1620321587296255 0.99908 -0.04293 -0.00000 -24.85835 -0.04293 -0.99908 0.00000 -2.16046 -0.00000 -0.00000 -1.00000 -0.00000
1620321587546252 0.99938 -0.03522 0.00000 -26.62666 -0.03522 -0.99938 0.00000 -2.38162 -0.00000 -0.00000 -1.00000 -0.00000
1620321587796880 0.99979 -0.02045 0.00000 -28.43644 -0.02045 -0.99979 0.00000 -2.76779 -0.00000 -0.00000 -1.00000 -0.00000
1620321588047517 0.99998 -0.00617 -0.00000 -30.20451 -0.00617 -0.99998 0.00000 -3.24561 -0.00000 -0.00000 -1.00000 -0.00000
1620321588297516 0.99991 0.01337 -0.00000 -31.95560 0.01337 -0.99991 0.00000 -3.84360 0.00000 -0.00000 -1.00000 -0.00000
1620321588548141 0.99954 0.03037 -0.00000 -33.64227 0.03037 -0.99954 0.00000 -4.39124 0.00000 -0.00000 -1.00000 -0.00000
1620321588798146 0.99919 0.04029 0.00000 -35.35155 0.04029 -0.99919 0.00000 -4.81938 0.00000 -0.00000 -1.00000 -0.00000
1620321589048151 0.99884 0.04809 0.00000 -36.93889 0.04809 -0.99884 0.00000 -5.08942 0.00000 -0.00000 -1.00000 -0.00000
1620321589297539 0.99787 0.06520 0.00000 -38.57853 0.06520 -0.99787 0.00000 -5.58856 0.00000 -0.00000 -1.00000 -0.00000
1620321589547533 0.99725 0.07407 0.00000 -40.17452 0.07407 -0.99725 0.00000 -6.04744 0.00000 -0.00000 -1.00000 -0.00000
1620321589797544 0.99723 0.07433 0.00000 -41.75239 0.07433 -0.99723 0.00000 -6.19214 0.00000 -0.00000 -1.00000 -0.00000
1620321590046921 0.99670 0.08113 0.00000 -43.23696 0.08113 -0.99670 0.00000 -6.41795 0.00000 -0.00000 -1.00000 -0.00000
1620321590297548 0.99685 0.07934 -0.00000 -44.91134 0.07934 -0.99685 0.00000 -6.36645 0.00000 -0.00000 -1.00000 -0.00000
1620321590546971 0.99642 0.08455 0.00000 -46.40606 0.08455 -0.99642 0.00000 -6.66143 0.00000 -0.00000 -1.00000 -0.00000
1620321590796931 0.99657 0.08278 0.00000 -48.01266 0.08278 -0.99657 0.00000 -6.69261 0.00000 -0.00000 -1.00000 -0.00000
1620321591046931 0.99685 0.07931 0.00000 -49.68931 0.07931 -0.99685 0.00000 -6.47672 0.00000 -0.00000 -1.00000 -0.00000
1620321591297569 0.99797 0.06365 0.00000 -51.33464 0.06365 -0.99797 0.00000 -5.67457 0.00000 -0.00000 -1.00000 -0.00000
1620321591546947 0.99856 0.05370 0.00000 -53.07582 0.05370 -0.99856 0.00000 -5.12325 0.00000 -0.00000 -1.00000 -0.00000
1620321591796325 0.99904 0.04374 0.00000 -54.74166 0.04374 -0.99904 0.00000 -4.73132 0.00000 -0.00000 -1.00000 -0.00000
1620321592046336 0.99934 0.03633 -0.00000 -56.49990 0.03633 -0.99934 0.00000 -4.26924 0.00000 -0.00000 -1.00000 -0.00000
1620321592296334 0.99947 0.03264 -0.00000 -58.23887 0.03264 -0.99947 0.00000 -4.14856 0.00000 -0.00000 -1.00000 -0.00000
1620321592546349 0.99960 0.02839 0.00000 -60.09423 0.02839 -0.99960 0.00000 -3.90476 0.00000 -0.00000 -1.00000 -0.00000
1620321592796967 0.99983 0.01821 0.00000 -61.90569 0.01821 -0.99983 0.00000 -3.28627 0.00000 -0.00000 -1.00000 -0.00000
1620321593046351 0.99977 0.02149 0.00000 -63.79784 0.02149 -0.99977 0.00000 -3.55657 0.00000 -0.00000 -1.00000 -0.00000
1620321593296976 0.99989 0.01503 0.00000 -65.68358 0.01503 -0.99989 0.00000 -3.15569 0.00000 -0.00000 -1.00000 -0.00000
1620321593546353 0.99974 0.02298 -0.00000 -67.62412 0.02298 -0.99974 0.00000 -3.71489 0.00000 -0.00000 -1.00000 -0.00000
1620321593796983 0.99981 0.01947 0.00000 -69.61235 0.01947 -0.99981 0.00000 -3.38510 0.00000 -0.00000 -1.00000 -0.00000
1620321594046989 0.99977 0.02125 0.00000 -71.56619 0.02125 -0.99977 0.00000 -3.49945 0.00000 -0.00000 -1.00000 -0.00000
1620321594296371 0.99975 0.02227 0.00000 -73.58015 0.02227 -0.99975 0.00000 -3.75599 0.00000 -0.00000 -1.00000 -0.00000
1620321594546993 0.99990 0.01398 0.00000 -75.69426 0.01398 -0.99990 0.00000 -3.02967 0.00000 -0.00000 -1.00000 -0.00000
1620321594796997 0.99989 0.01508 0.00000 -77.66290 0.01508 -0.99989 0.00000 -3.08671 0.00000 -0.00000 -1.00000 -0.00000
1620321595047007 1.00000 0.00222 -0.00000 -79.83782 0.00222 -1.00000 0.00000 -2.17427 0.00000 -0.00000 -1.00000 -0.00000
1620321595297013 0.99979 -0.02050 0.00000 -81.84603 -0.02050 -0.99979 0.00000 -0.33344 -0.00000 -0.00000 -1.00000 -0.00000
1620321595546389 0.99914 -0.04158 -0.00000 -83.94523 -0.04158 -0.99914 0.00000 1.27688 -0.00000 -0.00000 -1.00000 0.00000
1620321595795766 0.99732 -0.07318 0.00000 -85.85430 -0.07318 -0.99732 0.00000 3.91820 -0.00000 -0.00000 -1.00000 0.00000
1620321596046391 0.99302 -0.11795 0.00000 -87.60295 -0.11795 -0.99302 0.00000 7.84145 -0.00000 -0.00000 -1.00000 0.00000
1620321596297030 0.98826 -0.15276 0.00000 -89.24932 -0.15276 -0.98826 0.00000 10.85841 -0.00000 -0.00000 -1.00000 0.00000
1620321596547660 0.97955 -0.20122 0.00000 -90.73241 -0.20122 -0.97955 0.00000 15.24209 -0.00000 -0.00000 -1.00000 0.00000
1620321596797660 0.96836 -0.24956 0.00000 -91.92047 -0.24956 -0.96836 0.00000 19.75967 -0.00000 -0.00000 -1.00000 0.00000
1620321597047661 0.95366 -0.30088 0.00000 -92.57494 -0.30088 -0.95366 0.00000 24.53778 -0.00000 -0.00000 -1.00000 0.00000
1620321597297673 0.93058 -0.36609 0.00000 -92.66627 -0.36609 -0.93058 0.00000 30.93869 -0.00000 -0.00000 -1.00000 0.00000
1620321597547045 0.90660 -0.42199 0.00000 -92.63975 -0.42199 -0.90660 0.00000 36.62691 -0.00000 -0.00000 -1.00000 0.00000
1620321597796428 0.87642 -0.48154 0.00000 -91.95944 -0.48154 -0.87642 0.00000 42.77137 -0.00000 -0.00000 -1.00000 0.00000
1620321598045808 0.84400 -0.53634 -0.00000 -91.00394 -0.53634 -0.84400 0.00000 48.43811 -0.00000 -0.00000 -1.00000 0.00000
1620321598295810 0.80423 -0.59432 0.00000 -89.31465 -0.59432 -0.80423 0.00000 54.72280 -0.00000 -0.00000 -1.00000 0.00000
1620321598545826 0.77064 -0.63727 0.00000 -88.25619 -0.63727 -0.77064 0.00000 59.36695 -0.00000 -0.00000 -1.00000 0.00000
1620321598796447 0.73402 -0.67912 -0.00000 -86.74158 -0.67912 -0.73402 0.00000 64.19208 -0.00000 -0.00000 -1.00000 0.00000
1620321599047075 0.69022 -0.72360 0.00000 -84.47968 -0.72360 -0.69022 0.00000 69.57594 -0.00000 -0.00000 -1.00000 0.00000
1620321599298326 0.63882 -0.76936 0.00000 -81.37109 -0.76936 -0.63882 0.00000 75.35820 -0.00000 -0.00000 -1.00000 0.00000
1620321599548329 0.58772 -0.80907 -0.00000 -78.21647 -0.80907 -0.58772 0.00000 80.30002 -0.00000 -0.00000 -1.00000 0.00000
1620321599797713 0.53026 -0.84784 0.00000 -74.32631 -0.84784 -0.53026 0.00000 85.35451 -0.00000 -0.00000 -1.00000 0.00000
1620321600047091 0.47975 -0.87741 0.00000 -71.10603 -0.87741 -0.47975 0.00000 89.53606 -0.00000 -0.00000 -1.00000 0.00000
1620321600296473 0.43703 -0.89945 0.00000 -68.58169 -0.89945 -0.43703 0.00000 92.68891 -0.00000 -0.00000 -1.00000 0.00000
1620321600546478 0.41085 -0.91170 -0.00000 -67.87221 -0.91170 -0.41085 0.00000 94.66736 -0.00000 -0.00000 -1.00000 0.00000
1620321600796479 0.39027 -0.92070 0.00000 -67.67912 -0.92070 -0.39027 0.00000 96.31213 -0.00000 -0.00000 -1.00000 0.00000
1620321601045852 0.38804 -0.92164 0.00000 -69.41120 -0.92164 -0.38804 0.00000 96.35324 -0.00000 -0.00000 -1.00000 0.00000
1620321601295856 0.38544 -0.92273 0.00000 -71.18551 -0.92273 -0.38544 0.00000 96.56128 -0.00000 -0.00000 -1.00000 0.00000
1620321601546487 0.38625 -0.92239 0.00000 -73.32441 -0.92239 -0.38625 0.00000 96.40059 -0.00000 -0.00000 -1.00000 0.00000
1620321601797122 0.38999 -0.92082 0.00000 -75.79276 -0.92082 -0.38999 0.00000 96.08242 -0.00000 -0.00000 -1.00000 0.00000
1620321602047753 0.39914 -0.91689 0.00000 -78.88324 -0.91689 -0.39914 0.00000 95.36704 -0.00000 -0.00000 -1.00000 0.00000
1620321602298382 0.41335 -0.91057 -0.00000 -82.50986 -0.91057 -0.41335 0.00000 94.17791 -0.00000 -0.00000 -1.00000 0.00000
1620321602548386 0.43045 -0.90261 0.00000 -86.41671 -0.90261 -0.43045 0.00000 92.45878 -0.00000 -0.00000 -1.00000 0.00000
1620321602798387 0.44287 -0.89659 0.00000 -89.93619 -0.89659 -0.44287 0.00000 91.21437 -0.00000 -0.00000 -1.00000 0.00000
1620321603048392 0.45370 -0.89115 -0.00000 -93.16931 -0.89115 -0.45370 0.00000 90.10706 -0.00000 -0.00000 -1.00000 0.00000
1620321603298398 0.46527 -0.88517 0.00000 -96.47171 -0.88517 -0.46527 0.00000 88.89399 -0.00000 -0.00000 -1.00000 0.00000
1620321603548397 0.47780 -0.87847 0.00000 -99.83466 -0.87847 -0.47780 0.00000 87.43633 -0.00000 -0.00000 -1.00000 0.00000
1620321603798407 0.49037 -0.87151 0.00000 -103.28790 -0.87151 -0.49037 0.00000 85.88617 -0.00000 -0.00000 -1.00000 0.00000
1620321604049034 0.49836 -0.86697 -0.00000 -106.19479 -0.86697 -0.49836 0.00000 84.96141 -0.00000 -0.00000 -1.00000 0.00000
1620321604298418 0.50610 -0.86247 0.00000 -108.98486 -0.86247 -0.50610 0.00000 83.92055 -0.00000 -0.00000 -1.00000 0.00000
1620321604549042 0.50901 -0.86076 0.00000 -111.38113 -0.86076 -0.50901 0.00000 83.62006 -0.00000 -0.00000 -1.00000 0.00000
1620321604799048 0.51779 -0.85551 -0.00000 -114.24549 -0.85551 -0.51779 0.00000 82.35957 -0.00000 -0.00000 -1.00000 0.00000
1620321605049055 0.52032 -0.85397 0.00000 -116.53231 -0.85397 -0.52032 0.00000 81.87091 -0.00000 -0.00000 -1.00000 0.00000
1620321605299680 0.51950 -0.85447 0.00000 -118.55471 -0.85447 -0.51950 0.00000 82.14881 -0.00000 -0.00000 -1.00000 0.00000
1620321605549056 0.53499 -0.84486 0.00000 -121.86610 -0.84486 -0.53499 0.00000 79.78752 -0.00000 -0.00000 -1.00000 0.00000
1620321605799690 0.54007 -0.84162 0.00000 -124.29786 -0.84162 -0.54007 0.00000 79.13115 -0.00000 -0.00000 -1.00000 0.00000
1620321606049696 0.55317 -0.83307 0.00000 -127.42792 -0.83307 -0.55317 0.00000 77.18410 -0.00000 -0.00000 -1.00000 0.00000
1620321606299709 0.56620 -0.82427 0.00000 -130.42552 -0.82427 -0.56620 0.00000 75.13323 -0.00000 -0.00000 -1.00000 0.00000
1620321606549704 0.58007 -0.81457 0.00000 -133.43216 -0.81457 -0.58007 0.00000 72.92290 -0.00000 -0.00000 -1.00000 0.00000
1620321606799707 0.59666 -0.80249 0.00000 -136.55340 -0.80249 -0.59666 0.00000 70.19264 -0.00000 -0.00000 -1.00000 0.00000
1620321607049712 0.62038 -0.78431 0.00000 -140.17573 -0.78431 -0.62038 0.00000 66.12416 -0.00000 -0.00000 -1.00000 0.00000
1620321607299096 0.66018 -0.75111 0.00000 -144.99668 -0.75111 -0.66018 0.00000 58.71489 -0.00000 -0.00000 -1.00000 0.00000
1620321607549092 0.69705 -0.71702 0.00000 -149.29744 -0.71702 -0.69705 0.00000 51.33798 -0.00000 -0.00000 -1.00000 0.00000
1620321607799098 0.74349 -0.66874 0.00000 -153.76925 -0.66874 -0.74349 0.00000 41.21241 -0.00000 -0.00000 -1.00000 0.00000
1620321608048480 0.79951 -0.60065 -0.00000 -158.23511 -0.60065 -0.79951 0.00000 27.42361 -0.00000 -0.00000 -1.00000 0.00000
1620321608298480 0.85109 -0.52502 -0.00000 -161.39816 -0.52502 -0.85109 0.00000 12.77338 -0.00000 -0.00000 -1.00000 0.00000
1620321608548495 0.90238 -0.43094 0.00000 -163.17699 -0.43094 -0.90238 0.00000 -4.55937 -0.00000 -0.00000 -1.00000 -0.00000
1620321608798485 0.94395 -0.33007 0.00000 -162.87440 -0.33007 -0.94395 0.00000 -22.31864 -0.00000 -0.00000 -1.00000 -0.00000
1620321609048490 0.97791 -0.20904 0.00000 -160.01414 -0.20904 -0.97791 0.00000 -42.55328 -0.00000 -0.00000 -1.00000 -0.00000
1620321609298501 0.99737 -0.07252 0.00000 -153.79189 -0.07252 -0.99737 0.00000 -64.20752 -0.00000 -0.00000 -1.00000 -0.00000
1620321609548497 0.99736 0.07260 0.00000 -143.98892 0.07260 -0.99736 0.00000 -85.75435 0.00000 -0.00000 -1.00000 -0.00000
1620321609797878 0.97039 0.24153 0.00000 -128.40034 0.24153 -0.97039 0.00000 -109.03262 0.00000 -0.00000 -1.00000 -0.00000
1620321610047882 0.91982 0.39234 0.00000 -110.60071 0.39234 -0.91982 0.00000 -127.94164 0.00000 -0.00000 -1.00000 -0.00000
1620321610297890 0.84247 0.53874 0.00000 -89.01586 0.53874 -0.84247 0.00000 -144.43809 0.00000 -0.00000 -1.00000 -0.00000
1620321610548522 0.73217 0.68112 0.00000 -62.67616 0.68112 -0.73217 0.00000 -158.00884 0.00000 -0.00000 -1.00000 -0.00000
1620321610798523 0.60020 0.79985 0.00000 -34.82518 0.79985 -0.60020 0.00000 -166.59271 0.00000 -0.00000 -1.00000 -0.00000
1620321611048525 0.45142 0.89231 0.00000 -6.22479 0.89231 -0.45142 0.00000 -170.09853 0.00000 -0.00000 -1.00000 -0.00000
1620321611299158 0.28329 0.95904 0.00000 23.48674 0.95904 -0.28329 0.00000 -168.38748 0.00000 -0.00000 -1.00000 -0.00000
1620321611549169 0.10594 0.99437 0.00000 52.39784 0.99437 -0.10594 0.00000 -161.39837 0.00000 -0.00000 -1.00000 -0.00000
1620321611799170 -0.08170 0.99666 0.00000 80.57799 0.99666 0.08170 0.00000 -148.72767 0.00000 0.00000 -1.00000 -0.00000
1620321612049166 -0.26586 0.96401 0.00000 105.61454 0.96401 0.26586 0.00000 -131.13655 0.00000 0.00000 -1.00000 -0.00000
1620321612299192 -0.44190 0.89706 0.00000 127.33202 0.89706 0.44190 0.00000 -109.01321 0.00000 0.00000 -1.00000 -0.00000
1620321612549803 -0.58932 0.80790 0.00000 142.77697 0.80790 0.58932 0.00000 -85.33804 0.00000 0.00000 -1.00000 -0.00000
1620321612799810 -0.70489 0.70932 0.00000 152.78249 0.70932 0.70489 0.00000 -62.70753 0.00000 0.00000 -1.00000 -0.00000
1620321613049814 -0.78975 0.61343 0.00000 158.29085 0.61343 0.78975 0.00000 -42.68177 0.00000 0.00000 -1.00000 -0.00000
1620321613299818 -0.84482 0.53505 0.00000 160.34105 0.53505 0.84482 0.00000 -27.28762 0.00000 0.00000 -1.00000 -0.00000
1620321613549817 -0.87827 0.47816 0.00000 160.34623 0.47816 0.87827 0.00000 -16.68632 0.00000 0.00000 -1.00000 -0.00000
1620321613800455 -0.90356 0.42847 0.00000 159.75464 0.42847 0.90356 0.00000 -7.63935 0.00000 0.00000 -1.00000 -0.00000
1620321614050457 -0.91528 0.40281 0.00000 158.32418 0.40281 0.91528 0.00000 -3.24705 0.00000 0.00000 -1.00000 -0.00000
1620321614301098 -0.92513 0.37966 -0.00000 156.90964 0.37966 0.92513 0.00000 0.83939 0.00000 0.00000 -1.00000 0.00000
1620321614551084 -0.92793 0.37276 0.00000 155.23286 0.37276 0.92793 0.00000 2.00488 0.00000 0.00000 -1.00000 0.00000
1620321614801093 -0.92685 0.37543 0.00000 153.64244 0.37543 0.92685 0.00000 1.59002 0.00000 0.00000 -1.00000 0.00000
1620321615051100 -0.91917 0.39386 0.00000 151.99174 0.39386 0.91917 0.00000 -1.46114 0.00000 0.00000 -1.00000 -0.00000
1620321615300479 -0.90639 0.42245 -0.00000 150.14758 0.42245 0.90639 0.00000 -6.29705 0.00000 0.00000 -1.00000 -0.00000
1620321615550478 -0.88881 0.45828 0.00000 148.05725 0.45828 0.88881 0.00000 -12.29391 0.00000 0.00000 -1.00000 -0.00000
1620321615800479 -0.86816 0.49628 0.00000 145.75476 0.49628 0.86816 0.00000 -18.75505 0.00000 0.00000 -1.00000 -0.00000
1620321616050484 -0.83742 0.54656 0.00000 142.64621 0.54656 0.83742 0.00000 -27.15686 0.00000 0.00000 -1.00000 -0.00000
1620321616299868 -0.80833 0.58873 0.00000 139.30481 0.58873 0.80833 0.00000 -34.49025 0.00000 0.00000 -1.00000 -0.00000
1620321616549247 -0.77443 0.63266 0.00000 135.33824 0.63266 0.77443 0.00000 -42.22205 0.00000 0.00000 -1.00000 -0.00000
1620321616798625 -0.73813 0.67466 0.00000 130.93281 0.67466 0.73813 0.00000 -49.73099 0.00000 0.00000 -1.00000 -0.00000
1620321617048630 -0.69144 0.72243 0.00000 125.41312 0.72243 0.69144 0.00000 -58.27663 0.00000 0.00000 -1.00000 -0.00000
1620321617298012 -0.65310 0.75727 0.00000 120.24313 0.75727 0.65310 0.00000 -64.86644 0.00000 0.00000 -1.00000 -0.00000
1620321617548007 -0.61285 0.79020 0.00000 114.72872 0.79020 0.61285 0.00000 -70.94496 0.00000 0.00000 -1.00000 -0.00000
1620321617798024 -0.56609 0.82434 -0.00000 108.45325 0.82434 0.56609 0.00000 -77.53807 0.00000 0.00000 -1.00000 -0.00000
1620321618048022 -0.51459 0.85743 0.00000 101.55220 0.85743 0.51459 0.00000 -83.97369 0.00000 0.00000 -1.00000 -0.00000
1620321618297399 -0.47249 0.88133 -0.00000 95.37071 0.88133 0.47249 0.00000 -88.85085 0.00000 0.00000 -1.00000 -0.00000
1620321618547405 -0.42931 0.90315 0.00000 88.85540 0.90315 0.42931 0.00000 -93.25195 0.00000 0.00000 -1.00000 -0.00000
1620321618796785 -0.40343 0.91501 0.00000 84.23965 0.91501 0.40343 0.00000 -95.96980 0.00000 0.00000 -1.00000 -0.00000
1620321619046788 -0.37319 0.92775 0.00000 78.94539 0.92775 0.37319 0.00000 -98.59539 0.00000 0.00000 -1.00000 -0.00000
1620321619296792 -0.34753 0.93767 0.00000 74.10929 0.93767 0.34753 0.00000 -100.83540 0.00000 0.00000 -1.00000 -0.00000
1620321619546170 -0.33771 0.94125 0.00000 70.98390 0.94125 0.33771 0.00000 -101.61841 0.00000 0.00000 -1.00000 -0.00000
1620321619796174 -0.32637 0.94524 -0.00000 67.72517 0.94524 0.32637 0.00000 -102.74377 0.00000 0.00000 -1.00000 -0.00000
1620321620046804 -0.32349 0.94623 0.00000 65.19095 0.94623 0.32349 0.00000 -102.78502 0.00000 0.00000 -1.00000 -0.00000
1620321620297430 -0.33112 0.94359 -0.00000 63.83847 0.94359 0.33112 0.00000 -102.18755 0.00000 0.00000 -1.00000 -0.00000
1620321620548062 -0.34291 0.93937 0.00000 62.96974 0.93937 0.34291 0.00000 -101.42131 0.00000 0.00000 -1.00000 -0.00000
1620321620798067 -0.36907 0.92940 0.00000 63.61839 0.92940 0.36907 0.00000 -99.77621 0.00000 0.00000 -1.00000 -0.00000
1620321621048701 -0.40554 0.91408 0.00000 65.39770 0.91408 0.40554 0.00000 -97.24164 0.00000 0.00000 -1.00000 -0.00000
1620321621298703 -0.44431 0.89587 -0.00000 67.30845 0.89587 0.44431 0.00000 -94.42073 0.00000 0.00000 -1.00000 -0.00000
1620321621548703 -0.49176 0.87073 0.00000 70.10801 0.87073 0.49176 0.00000 -90.75525 0.00000 0.00000 -1.00000 -0.00000
1620321621798708 -0.54224 0.84022 0.00000 73.21435 0.84022 0.54224 0.00000 -86.45597 0.00000 0.00000 -1.00000 -0.00000
1620321622048713 -0.59989 0.80008 0.00000 77.05263 0.80008 0.59989 0.00000 -81.26306 0.00000 0.00000 -1.00000 -0.00000
1620321622298717 -0.65504 0.75559 0.00000 80.41935 0.75559 0.65504 0.00000 -75.75930 0.00000 0.00000 -1.00000 -0.00000
1620321622548763 -0.70583 0.70838 0.00000 83.44455 0.70838 0.70583 0.00000 -70.19912 0.00000 0.00000 -1.00000 -0.00000
1620321622799350 -0.75511 0.65560 0.00000 86.22528 0.65560 0.75511 0.00000 -63.93260 0.00000 0.00000 -1.00000 -0.00000
1620321623049356 -0.80233 0.59688 0.00000 88.72583 0.59688 0.80233 0.00000 -57.42871 0.00000 0.00000 -1.00000 -0.00000
1620321623298738 -0.84328 0.53748 0.00000 90.40592 0.53748 0.84328 0.00000 -50.99710 0.00000 0.00000 -1.00000 -0.00000
1620321623549361 -0.88233 0.47064 0.00000 92.12838 0.47064 0.88233 0.00000 -43.86593 0.00000 0.00000 -1.00000 -0.00000
1620321623799366 -0.91406 0.40559 0.00000 92.89546 0.40559 0.91406 0.00000 -37.08609 0.00000 0.00000 -1.00000 -0.00000
1620321624049371 -0.93817 0.34618 0.00000 93.02030 0.34618 0.93817 0.00000 -31.04845 0.00000 0.00000 -1.00000 -0.00000
1620321624299379 -0.95817 0.28621 0.00000 92.70467 0.28621 0.95817 0.00000 -25.25238 0.00000 0.00000 -1.00000 -0.00000
1620321624549386 -0.97209 0.23461 0.00000 91.83183 0.23461 0.97209 0.00000 -20.32291 0.00000 0.00000 -1.00000 -0.00000
1620321624799384 -0.98384 0.17906 0.00000 90.74174 0.17906 0.98384 0.00000 -15.11016 0.00000 0.00000 -1.00000 -0.00000
1620321625049388 -0.99094 0.13430 0.00000 89.11302 0.13430 0.99094 0.00000 -10.96368 0.00000 0.00000 -1.00000 -0.00000
1620321625299396 -0.99568 0.09283 0.00000 87.43150 0.09283 0.99568 0.00000 -7.33488 0.00000 0.00000 -1.00000 -0.00000
1620321625548770 -0.99812 0.06135 0.00000 85.43811 0.06135 0.99812 0.00000 -4.58043 0.00000 0.00000 -1.00000 -0.00000
1620321625798780 -0.99914 0.04141 -0.00000 83.35304 0.04141 0.99914 0.00000 -2.88589 0.00000 0.00000 -1.00000 -0.00000
1620321626048780 -0.99935 0.03614 0.00000 81.27164 0.03614 0.99935 0.00000 -2.37262 0.00000 0.00000 -1.00000 -0.00000
1620321626298160 -0.99969 0.02475 0.00000 79.01569 0.02475 0.99969 0.00000 -1.58413 0.00000 0.00000 -1.00000 -0.00000
1620321626548162 -0.99982 0.01919 0.00000 76.89149 0.01919 0.99982 0.00000 -1.17382 0.00000 0.00000 -1.00000 -0.00000
1620321626798171 -0.99969 0.02473 0.00000 74.80290 0.02473 0.99969 0.00000 -1.64941 0.00000 0.00000 -1.00000 -0.00000
1620321627047550 -0.99977 0.02149 0.00000 72.65003 0.02149 0.99977 0.00000 -1.52005 0.00000 0.00000 -1.00000 -0.00000
1620321627297557 -0.99987 0.01588 0.00000 70.61718 0.01588 0.99987 0.00000 -1.07770 0.00000 0.00000 -1.00000 -0.00000
1620321627547558 -0.99983 0.01843 0.00000 68.55855 0.01843 0.99983 0.00000 -1.29345 0.00000 0.00000 -1.00000 -0.00000
1620321627796933 -0.99987 0.01581 0.00000 66.60144 0.01581 0.99987 0.00000 -1.16557 0.00000 0.00000 -1.00000 -0.00000
1620321628046948 -0.99995 0.01025 0.00000 64.57258 0.01025 0.99995 0.00000 -0.89722 0.00000 0.00000 -1.00000 -0.00000
1620321628297578 -0.99995 0.01008 0.00000 62.57166 0.01008 0.99995 0.00000 -0.88635 0.00000 0.00000 -1.00000 -0.00000
1620321628546952 -0.99996 -0.00937 0.00000 60.60755 -0.00937 0.99996 0.00000 0.22221 -0.00000 0.00000 -1.00000 0.00000
1620321628796956 -0.99984 -0.01771 -0.00000 58.69445 -0.01771 0.99984 0.00000 0.65931 -0.00000 0.00000 -1.00000 0.00000
1620321629047588 -0.99955 -0.03015 0.00000 56.70325 -0.03015 0.99955 0.00000 1.50778 -0.00000 0.00000 -1.00000 0.00000
1620321629297595 -0.99928 -0.03783 0.00000 54.81478 -0.03783 0.99928 0.00000 1.83988 -0.00000 0.00000 -1.00000 0.00000
1620321629547591 -0.99857 -0.05338 0.00000 52.78765 -0.05338 0.99857 0.00000 2.75176 -0.00000 0.00000 -1.00000 0.00000
1620321629797599 -0.99772 -0.06755 -0.00000 50.89968 -0.06755 0.99772 0.00000 3.49968 -0.00000 0.00000 -1.00000 0.00000
1620321630046977 -0.99497 -0.10014 0.00000 48.82093 -0.10014 0.99497 0.00000 4.99968 -0.00000 0.00000 -1.00000 0.00000
1620321630296981 -0.99279 -0.11985 0.00000 46.86162 -0.11985 0.99279 0.00000 6.01105 -0.00000 0.00000 -1.00000 0.00000
1620321630547029 -0.99171 -0.12848 0.00000 44.92860 -0.12848 0.99171 0.00000 6.39003 -0.00000 0.00000 -1.00000 0.00000
1620321630797610 -0.99338 -0.11485 0.00000 43.16050 -0.11485 0.99338 0.00000 5.87385 -0.00000 0.00000 -1.00000 0.00000
1620321631047620 -0.99520 -0.09783 0.00000 41.48013 -0.09783 0.99520 0.00000 5.06482 -0.00000 0.00000 -1.00000 0.00000
1620321631296998 -0.99772 -0.06751 0.00000 39.75273 -0.06751 0.99772 0.00000 3.83807 -0.00000 0.00000 -1.00000 0.00000
1620321631547007 -0.99940 -0.03453 0.00000 38.03557 -0.03453 0.99940 0.00000 2.42307 -0.00000 0.00000 -1.00000 0.00000
1620321631797008 -1.00000 -0.00070 0.00000 36.33315 -0.00070 1.00000 0.00000 1.15858 -0.00000 0.00000 -1.00000 0.00000
1620321632047008 -0.99947 0.03249 -0.00000 34.50870 0.03249 0.99947 0.00000 -0.09563 0.00000 0.00000 -1.00000 -0.00000
1620321632297013 -0.99833 0.05781 0.00000 32.57980 0.05781 0.99833 0.00000 -1.12723 0.00000 0.00000 -1.00000 -0.00000
1620321632546400 -0.99773 0.06735 0.00000 30.63409 0.06735 0.99773 0.00000 -1.51324 0.00000 0.00000 -1.00000 -0.00000
1620321632797025 -0.99638 0.08497 0.00000 28.65025 0.08497 0.99638 0.00000 -2.03404 0.00000 0.00000 -1.00000 -0.00000
1620321633047652 -0.99483 0.10153 0.00000 26.62776 0.10153 0.99483 0.00000 -2.57009 0.00000 0.00000 -1.00000 -0.00000
1620321633297657 -0.99457 0.10410 0.00000 24.56332 0.10410 0.99457 0.00000 -2.70129 0.00000 0.00000 -1.00000 -0.00000
1620321633548907 -0.99409 0.10856 0.00000 22.51733 0.10856 0.99409 0.00000 -2.79406 0.00000 0.00000 -1.00000 -0.00000
1620321633798914 -0.99389 0.11036 0.00000 20.43242 0.11036 0.99389 0.00000 -2.89045 0.00000 0.00000 -1.00000 -0.00000
1620321634048923 -0.99444 0.10533 -0.00000 18.36110 0.10533 0.99444 0.00000 -2.84132 0.00000 0.00000 -1.00000 -0.00000
1620321634298923 -0.99391 0.11020 0.00000 16.17933 0.11020 0.99391 0.00000 -2.91695 0.00000 0.00000 -1.00000 -0.00000
1620321634548919 -0.99386 0.11063 0.00000 14.10274 0.11063 0.99386 0.00000 -2.96430 0.00000 0.00000 -1.00000 -0.00000
1620321634798933 -0.99408 0.10867 0.00000 12.00566 0.10867 0.99408 0.00000 -2.91811 0.00000 0.00000 -1.00000 -0.00000
1620321635048938 -0.99327 0.11582 0.00000 9.87346 0.11582 0.99327 0.00000 -3.00818 0.00000 0.00000 -1.00000 -0.00000
1620321635298939 -0.99340 0.11466 -0.00000 7.68118 0.11466 0.99340 0.00000 -3.11645 0.00000 0.00000 -1.00000 -0.00000
1620321635548943 -0.99382 0.11102 -0.00000 5.56121 0.11102 0.99382 0.00000 -3.09859 0.00000 0.00000 -1.00000 -0.00000
1620321635798944 -0.99427 0.10690 0.00000 3.39759 0.10690 0.99427 0.00000 -3.01400 0.00000 0.00000 -1.00000 -0.00000
1620321636048950 -0.99447 0.10501 0.00000 1.25836 0.10501 0.99447 0.00000 -3.04472 0.00000 0.00000 -1.00000 -0.00000
1620321636298958 -0.99503 0.09957 0.00000 -0.92973 0.09957 0.99503 0.00000 -3.12924 0.00000 0.00000 -1.00000 -0.00000
1620321636548335 -0.99623 0.08675 0.00000 -3.08614 0.08675 0.99623 0.00000 -3.21227 0.00000 0.00000 -1.00000 -0.00000
1620321636798964 -0.99640 0.08477 0.00000 -5.30899 0.08477 0.99640 0.00000 -3.21727 0.00000 0.00000 -1.00000 -0.00000
1620321637048969 -0.99690 0.07869 0.00000 -7.44023 0.07869 0.99690 0.00000 -3.27644 0.00000 0.00000 -1.00000 -0.00000
1620321637298980 -0.99751 0.07055 0.00000 -9.53340 0.07055 0.99751 0.00000 -3.33118 0.00000 0.00000 -1.00000 -0.00000
1620321637548358 -0.99838 0.05688 -0.00000 -11.75933 0.05688 0.99838 0.00000 -3.53789 0.00000 0.00000 -1.00000 -0.00000
1620321637798356 -0.99887 0.04759 0.00000 -13.85047 0.04759 0.99887 0.00000 -3.76057 0.00000 0.00000 -1.00000 -0.00000
1620321638048363 -0.99915 0.04129 0.00000 -16.02037 0.04129 0.99915 0.00000 -3.79049 0.00000 0.00000 -1.00000 -0.00000
1620321638298362 -0.99954 0.03020 0.00000 -18.13159 0.03020 0.99954 0.00000 -4.04365 0.00000 0.00000 -1.00000 -0.00000
1620321638548373 -0.99971 0.02401 0.00000 -20.33903 0.02401 0.99971 0.00000 -4.20053 0.00000 0.00000 -1.00000 -0.00000
1620321638798372 -0.99993 0.01174 0.00000 -22.51584 0.01174 0.99993 0.00000 -4.52831 0.00000 0.00000 -1.00000 -0.00000
1620321639047755 -0.99998 0.00658 0.00000 -24.94576 0.00658 0.99998 0.00000 -4.64677 0.00000 0.00000 -1.00000 -0.00000
1620321639298379 -0.99997 0.00708 0.00000 -26.85482 0.00708 0.99997 0.00000 -4.64479 0.00000 0.00000 -1.00000 -0.00000
1620321639547760 -0.99999 0.00540 0.00000 -29.22414 0.00540 0.99999 0.00000 -4.76551 0.00000 0.00000 -1.00000 -0.00000
1620321639797765 -1.00000 -0.00314 0.00000 -31.30887 -0.00314 1.00000 0.00000 -4.85369 -0.00000 0.00000 -1.00000 -0.00000
1620321640047772 -0.99998 0.00697 0.00000 -33.51791 0.00697 0.99998 0.00000 -4.60619 0.00000 0.00000 -1.00000 -0.00000
1620321640297774 -0.99990 0.01405 0.00000 -35.65735 0.01405 0.99990 0.00000 -4.32430 0.00000 0.00000 -1.00000 -0.00000
1620321640547785 -0.99973 0.02325 0.00000 -37.91215 0.02325 0.99973 0.00000 -4.01531 0.00000 0.00000 -1.00000 -0.00000
1620321640797152 -0.99991 0.01358 0.00000 -39.90130 0.01358 0.99991 0.00000 -4.43354 0.00000 0.00000 -1.00000 -0.00000
1620321641047164 -0.99973 0.02311 0.00000 -42.10401 0.02311 0.99973 0.00000 -4.08098 0.00000 0.00000 -1.00000 -0.00000
1620321641297169 -0.99977 0.02129 0.00000 -44.13237 0.02129 0.99977 0.00000 -4.22710 0.00000 0.00000 -1.00000 -0.00000
1620321641547169 -0.99948 0.03225 0.00000 -46.27533 0.03225 0.99948 0.00000 -3.80620 0.00000 0.00000 -1.00000 -0.00000
1620321641796550 -0.99975 0.02250 0.00000 -48.21713 0.02250 0.99975 0.00000 -4.30308 0.00000 0.00000 -1.00000 -0.00000
1620321642046552 -0.99932 0.03676 0.00000 -50.33121 0.03676 0.99932 0.00000 -3.59925 0.00000 0.00000 -1.00000 -0.00000
1620321642297810 -0.99934 0.03627 0.00000 -52.13375 0.03627 0.99934 0.00000 -3.63564 0.00000 0.00000 -1.00000 -0.00000
1620321642547816 -0.99875 0.04991 -0.00000 -54.14371 0.04991 0.99875 0.00000 -2.94057 0.00000 0.00000 -1.00000 -0.00000
1620321642798443 -0.99747 0.07105 0.00000 -55.86352 0.07105 0.99747 0.00000 -1.81911 0.00000 0.00000 -1.00000 -0.00000
1620321643048444 -0.99525 0.09737 0.00000 -57.52116 0.09737 0.99525 0.00000 -0.45309 0.00000 0.00000 -1.00000 -0.00000
1620321643297825 -0.99121 0.13227 -0.00000 -59.03929 0.13227 0.99121 0.00000 1.58031 0.00000 0.00000 -1.00000 0.00000
1620321643547835 -0.98350 0.18091 0.00000 -60.38829 0.18091 0.98350 0.00000 4.47051 0.00000 0.00000 -1.00000 0.00000
1620321643797841 -0.97014 0.24255 0.00000 -61.38986 0.24255 0.97014 0.00000 8.26261 0.00000 0.00000 -1.00000 0.00000
1620321644047840 -0.94980 0.31287 0.00000 -61.82295 0.31287 0.94980 0.00000 12.70265 0.00000 0.00000 -1.00000 0.00000
1620321644297219 -0.92055 0.39063 0.00000 -61.72379 0.39063 0.92055 0.00000 17.83441 0.00000 0.00000 -1.00000 0.00000
1620321644546592 -0.87476 0.48456 0.00000 -60.74795 0.48456 0.87476 0.00000 24.19368 0.00000 0.00000 -1.00000 0.00000
1620321644796598 -0.81898 0.57383 0.00000 -58.96615 0.57383 0.81898 0.00000 30.39535 0.00000 0.00000 -1.00000 0.00000
1620321645046612 -0.75249 0.65861 0.00000 -56.45613 0.65861 0.75249 0.00000 36.48865 0.00000 0.00000 -1.00000 0.00000
1620321645297235 -0.66443 0.74735 0.00000 -52.59147 0.74735 0.66443 0.00000 43.22503 0.00000 0.00000 -1.00000 0.00000
1620321645547866 -0.56359 0.82605 -0.00000 -47.68630 0.82605 0.56359 0.00000 49.61399 0.00000 0.00000 -1.00000 0.00000
1620321645797872 -0.46969 0.88283 0.00000 -42.96107 0.88283 0.46969 0.00000 54.41796 0.00000 0.00000 -1.00000 0.00000
1620321646047871 -0.37744 0.92603 0.00000 -38.21120 0.92603 0.37744 0.00000 58.48112 0.00000 0.00000 -1.00000 0.00000
1620321646297877 -0.28795 0.95765 0.00000 -33.49954 0.95765 0.28795 0.00000 61.98763 0.00000 0.00000 -1.00000 0.00000
1620321646546674 -0.21079 0.97753 -0.00000 -29.41363 0.97753 0.21079 0.00000 64.23908 0.00000 0.00000 -1.00000 0.00000
1620321646796008 -0.15493 0.98793 0.00000 -26.53799 0.98793 0.15493 0.00000 65.86054 0.00000 0.00000 -1.00000 0.00000
1620321647046647 -0.10729 0.99423 0.00000 -24.08075 0.99423 0.10729 0.00000 67.03149 0.00000 0.00000 -1.00000 0.00000
1620321647297271 -0.07769 0.99698 0.00000 -22.72019 0.99698 0.07769 0.00000 67.67538 0.00000 0.00000 -1.00000 0.00000
1620321647547902 -0.05373 0.99856 -0.00000 -21.90198 0.99856 0.05373 0.00000 68.09057 0.00000 0.00000 -1.00000 0.00000
1620321647797899 -0.03818 0.99927 -0.00000 -21.24836 0.99927 0.03818 0.00000 68.36027 0.00000 0.00000 -1.00000 0.00000
1620321648048528 -0.02307 0.99973 0.00000 -20.66226 0.99973 0.02307 0.00000 68.60727 0.00000 0.00000 -1.00000 0.00000
1620321648297914 -0.01584 0.99987 0.00000 -20.60220 0.99987 0.01584 0.00000 68.86855 0.00000 0.00000 -1.00000 0.00000
1620321648547921 -0.01095 0.99994 -0.00000 -20.39659 0.99994 0.01095 0.00000 68.90347 0.00000 0.00000 -1.00000 0.00000
1620321648797923 -0.00668 0.99998 0.00000 -20.52973 0.99998 0.00668 0.00000 68.91656 0.00000 0.00000 -1.00000 0.00000
1620321649047921 -0.00366 0.99999 0.00000 -20.43640 0.99999 0.00366 0.00000 68.92605 0.00000 0.00000 -1.00000 0.00000
1620321649297305 -0.00732 0.99997 -0.00000 -20.92467 0.99997 0.00732 0.00000 68.85663 0.00000 0.00000 -1.00000 0.00000
1620321649547308 -0.00387 0.99999 0.00000 -20.84098 0.99999 0.00387 0.00000 69.01568 0.00000 0.00000 -1.00000 0.00000
1620321649797314 -0.00441 0.99999 0.00000 -20.95552 0.99999 0.00441 0.00000 68.91050 0.00000 0.00000 -1.00000 0.00000
1620321650046686 -0.00772 0.99997 0.00000 -21.30941 0.99997 0.00772 0.00000 68.81539 0.00000 0.00000 -1.00000 0.00000
1620321650297316 -0.00478 0.99999 -0.00000 -21.17013 0.99999 0.00478 0.00000 69.00152 0.00000 0.00000 -1.00000 0.00000
1620321650547949 -0.00553 0.99998 0.00000 -21.31416 0.99998 0.00553 0.00000 69.01185 0.00000 0.00000 -1.00000 0.00000
1620321650797966 -0.00231 1.00000 0.00000 -21.11983 1.00000 0.00231 0.00000 68.95835 0.00000 0.00000 -1.00000 0.00000
1620321651048579 -0.00655 0.99998 0.00000 -21.49715 0.99998 0.00655 0.00000 68.96530 0.00000 0.00000 -1.00000 0.00000
1620321651298585 -0.00878 0.99996 -0.00000 -21.64398 0.99996 0.00878 0.00000 68.73923 0.00000 0.00000 -1.00000 0.00000
1620321651548590 -0.00913 0.99996 0.00000 -21.77239 0.99996 0.00913 0.00000 68.77026 0.00000 0.00000 -1.00000 0.00000
1620321651798597 -0.00090 1.00000 0.00000 -21.23527 1.00000 0.00090 0.00000 69.03736 0.00000 0.00000 -1.00000 0.00000
1620321652047981 -0.00742 0.99997 0.00000 -21.77117 0.99997 0.00742 0.00000 68.67860 0.00000 0.00000 -1.00000 0.00000
1620321652297981 -0.00837 0.99996 0.00000 -21.85702 0.99996 0.00837 0.00000 68.86016 0.00000 0.00000 -1.00000 0.00000
1620321652547981 -0.00650 0.99998 0.00000 -21.79966 0.99998 0.00650 0.00000 68.85491 0.00000 0.00000 -1.00000 0.00000
1620321652797986 -0.00585 0.99998 0.00000 -21.76558 0.99998 0.00585 0.00000 68.97887 0.00000 0.00000 -1.00000 0.00000
1620321653047997 -0.00457 0.99999 0.00000 -21.72113 0.99999 0.00457 0.00000 68.96533 0.00000 0.00000 -1.00000 0.00000
1620321653297995 -0.00017 1.00000 0.00000 -21.39333 1.00000 0.00017 0.00000 69.14533 0.00000 0.00000 -1.00000 0.00000
1620321653546746 -0.00761 0.99997 0.00000 -22.08657 0.99997 0.00761 0.00000 68.78825 0.00000 0.00000 -1.00000 0.00000
1620321653796751 -0.00669 0.99998 -0.00000 -22.06440 0.99998 0.00669 0.00000 68.92162 0.00000 0.00000 -1.00000 0.00000
1620321654047385 0.00129 1.00000 0.00000 -21.49770 1.00000 -0.00129 0.00000 69.12682 0.00000 -0.00000 -1.00000 0.00000
1620321654298016 -0.00475 0.99999 0.00000 -22.01061 0.99999 0.00475 0.00000 68.97667 0.00000 0.00000 -1.00000 0.00000
1620321654548680 -0.00281 1.00000 0.00000 -21.86487 1.00000 0.00281 0.00000 68.99708 0.00000 0.00000 -1.00000 0.00000
1620321654799268 -0.00357 0.99999 0.00000 -22.02485 0.99999 0.00357 0.00000 68.91352 0.00000 0.00000 -1.00000 0.00000
1620321655049897 0.00081 1.00000 0.00000 -21.79974 1.00000 -0.00081 0.00000 69.12550 0.00000 -0.00000 -1.00000 0.00000
