1547820889039724 1.00000 0.00000 0.00000 -0.00000 0.00000 1.00000 0.00000 -0.00000 0.00000 0.00000 1.00000 -0.00000
1547820889287537 1.00000 0.00012 -0.00000 -0.00370 -0.00012 1.00000 0.00000 0.00267 0.00000 -0.00000 1.00000 -0.00000
1547820889536894 1.00000 0.00022 -0.00000 -0.00092 -0.00022 1.00000 0.00000 0.00436 0.00000 -0.00000 1.00000 -0.00000
1547820889787535 1.00000 0.00022 -0.00000 0.00078 -0.00022 1.00000 0.00000 0.00138 0.00000 -0.00000 1.00000 0.00000
1547820890038201 1.00000 -0.00000 0.00000 -0.00634 0.00000 1.00000 -0.00000 -0.00328 -0.00000 0.00000 1.00000 0.00000
1547820890288613 1.00000 0.00020 -0.00000 -0.00104 -0.00020 1.00000 0.00000 -0.00049 0.00000 -0.00000 1.00000 0.00000
1547820890538490 1.00000 -0.00006 0.00000 -0.00447 0.00006 1.00000 -0.00000 -0.00003 -0.00000 0.00000 1.00000 0.00000
1547820890788163 1.00000 0.00010 -0.00000 -0.00626 -0.00010 1.00000 0.00000 -0.00647 0.00000 -0.00000 1.00000 0.00000
1547820891038124 1.00000 0.00003 -0.00000 -0.00234 -0.00003 1.00000 0.00000 0.00491 0.00000 -0.00000 1.00000 -0.00000
1547820891287827 1.00000 -0.00001 0.00000 0.00209 0.00001 1.00000 -0.00000 0.00197 -0.00000 0.00000 1.00000 0.00000
1547820891538072 1.00000 0.00015 -0.00000 -0.00211 -0.00015 1.00000 0.00000 0.00469 0.00000 -0.00000 1.00000 -0.00000
1547820891789654 1.00000 -0.00039 0.00000 -0.00337 0.00039 1.00000 -0.00000 0.00083 -0.00000 0.00000 1.00000 0.00000
1547820892042114 1.00000 -0.00035 0.00000 -0.00166 0.00035 1.00000 -0.00000 -0.00362 -0.00000 0.00000 1.00000 0.00000
1547820892294765 1.00000 -0.00015 0.00000 -0.00378 0.00015 1.00000 -0.00000 -0.00201 -0.00000 0.00000 1.00000 0.00000
1547820892546632 1.00000 -0.00007 0.00000 -0.00395 0.00007 1.00000 -0.00000 -0.00171 -0.00000 0.00000 1.00000 0.00000
1547820892797269 1.00000 -0.00014 0.00000 -0.00511 0.00014 1.00000 -0.00000 -0.00094 -0.00000 0.00000 1.00000 0.00000
1547820893046834 1.00000 0.00004 -0.00000 -0.00153 -0.00004 1.00000 0.00000 0.00314 0.00000 -0.00000 1.00000 -0.00000
1547820893295797 1.00000 0.00007 -0.00000 0.00182 -0.00007 1.00000 0.00000 0.00380 0.00000 -0.00000 1.00000 0.00000
1547820893544467 1.00000 -0.00028 0.00000 0.00418 0.00028 1.00000 -0.00000 0.00257 -0.00000 0.00000 1.00000 0.00000
1547820893792594 1.00000 0.00002 -0.00000 -0.00115 -0.00002 1.00000 0.00000 0.00270 0.00000 -0.00000 1.00000 -0.00000
1547820894040926 1.00000 -0.00013 0.00000 -0.00105 0.00013 1.00000 -0.00000 0.00912 -0.00000 0.00000 1.00000 0.00000
1547820894289856 1.00000 -0.00000 0.00000 0.00053 0.00000 1.00000 -0.00000 0.01134 -0.00000 0.00000 1.00000 0.00000
1547820894538252 1.00000 0.00009 -0.00000 0.00017 -0.00009 1.00000 0.00000 0.00864 0.00000 -0.00000 1.00000 0.00000
1547820894785934 1.00000 -0.00013 0.00000 -0.00178 0.00013 1.00000 -0.00000 0.00185 -0.00000 0.00000 1.00000 0.00000
1547820895033592 1.00000 0.00000 -0.00000 -0.00569 -0.00000 1.00000 0.00000 0.00663 0.00000 -0.00000 1.00000 -0.00000
1547820895281210 1.00000 -0.00012 0.00000 -0.00377 0.00012 1.00000 -0.00000 0.00479 -0.00000 0.00000 1.00000 0.00000
1547820895529403 1.00000 -0.00015 0.00000 -0.00125 0.00015 1.00000 -0.00000 0.00108 -0.00000 0.00000 1.00000 0.00000
1547820895779778 1.00000 -0.00008 0.00000 -0.00338 0.00008 1.00000 -0.00000 0.00064 -0.00000 0.00000 1.00000 0.00000
1547820896031546 1.00000 0.00011 -0.00000 -0.00041 -0.00011 1.00000 0.00000 0.00855 0.00000 -0.00000 1.00000 -0.00000
1547820896283312 1.00000 0.00038 -0.00000 -0.00107 -0.00038 1.00000 0.00000 0.00987 0.00000 -0.00000 1.00000 -0.00000
1547820896535200 1.00000 0.00016 -0.00000 -0.00004 -0.00016 1.00000 0.00000 -0.00142 0.00000 -0.00000 1.00000 0.00000
1547820896786725 1.00000 -0.00018 0.00000 -0.00957 0.00018 1.00000 -0.00000 -0.00206 -0.00000 0.00000 1.00000 0.00000
1547820897037688 1.00000 -0.00008 0.00000 -0.00386 0.00008 1.00000 -0.00000 0.00493 -0.00000 0.00000 1.00000 0.00000
1547820897287668 1.00000 0.00011 -0.00000 -0.01073 -0.00011 1.00000 0.00000 -0.00307 0.00000 -0.00000 1.00000 0.00000
1547820897537405 1.00000 0.00015 -0.00000 -0.00376 -0.00015 1.00000 0.00000 -0.00317 0.00000 -0.00000 1.00000 0.00000
1547820897787272 1.00000 0.00023 -0.00000 -0.00704 -0.00023 1.00000 0.00000 0.00991 0.00000 -0.00000 1.00000 -0.00000
1547820898038158 1.00000 0.00004 -0.00000 -0.00870 -0.00004 1.00000 0.00000 0.00279 0.00000 -0.00000 1.00000 -0.00000
1547820898290376 1.00000 -0.00018 0.00000 -0.00460 0.00018 1.00000 -0.00000 0.00236 -0.00000 0.00000 1.00000 0.00000
1547820898542927 1.00000 -0.00031 0.00000 -0.00681 0.00031 1.00000 -0.00000 0.00661 -0.00000 0.00000 1.00000 0.00000
1547820898794645 1.00000 -0.00011 0.00000 -0.00690 0.00011 1.00000 -0.00000 0.00461 -0.00000 0.00000 1.00000 0.00000
1547820899045087 1.00000 -0.00018 0.00000 -0.00343 0.00018 1.00000 -0.00000 0.00718 -0.00000 0.00000 1.00000 0.00000
1547820899293855 1.00000 0.00008 -0.00000 -0.00647 -0.00008 1.00000 0.00000 0.01266 0.00000 -0.00000 1.00000 -0.00000
1547820899541721 1.00000 0.00018 -0.00000 -0.00807 -0.00018 1.00000 0.00000 0.01098 0.00000 -0.00000 1.00000 -0.00000
1547820899789284 1.00000 -0.00020 0.00000 -0.00507 0.00020 1.00000 -0.00000 -0.00024 -0.00000 0.00000 1.00000 0.00000
1547820900036999 1.00000 -0.00011 0.00000 -0.00136 0.00011 1.00000 -0.00000 0.00121 -0.00000 0.00000 1.00000 0.00000
1547820900285089 1.00000 0.00037 -0.00000 -0.00746 -0.00037 1.00000 0.00000 0.00543 0.00000 -0.00000 1.00000 -0.00000
1547820900534082 1.00000 -0.00021 0.00000 -0.00891 0.00021 1.00000 -0.00000 0.00080 -0.00000 0.00000 1.00000 0.00000
1547820900784508 1.00000 -0.00012 0.00000 -0.00738 0.00012 1.00000 -0.00000 0.00526 -0.00000 0.00000 1.00000 0.00000
1547820901035269 1.00000 -0.00005 0.00000 -0.00519 0.00005 1.00000 -0.00000 0.00268 -0.00000 0.00000 1.00000 0.00000
1547820901285629 1.00000 -0.00001 0.00000 -0.00879 0.00001 1.00000 -0.00000 -0.00014 -0.00000 0.00000 1.00000 0.00000
1547820901535690 1.00000 0.00019 -0.00000 -0.00706 -0.00019 1.00000 0.00000 0.01397 0.00000 -0.00000 1.00000 -0.00000
1547820901786144 1.00000 -0.00001 0.00000 -0.00588 0.00001 1.00000 -0.00000 0.00606 -0.00000 0.00000 1.00000 0.00000
1547820902037964 1.00000 -0.00045 0.00000 -0.00500 0.00045 1.00000 -0.00000 0.00632 -0.00000 0.00000 1.00000 0.00000
1547820902290465 1.00000 0.00014 -0.00000 -0.00643 -0.00014 1.00000 0.00000 0.01967 0.00000 -0.00000 1.00000 -0.00000
1547820902542749 1.00000 -0.00002 0.00000 0.00010 0.00002 1.00000 -0.00000 0.00363 -0.00000 0.00000 1.00000 0.00000
1547820902794836 1.00000 -0.00023 0.00000 -0.00089 0.00023 1.00000 -0.00000 0.00820 -0.00000 0.00000 1.00000 0.00000
1547820903045370 1.00000 -0.00020 0.00000 -0.00140 0.00020 1.00000 -0.00000 0.00437 -0.00000 0.00000 1.00000 0.00000
1547820903294670 1.00000 -0.00048 0.00000 -0.00210 0.00048 1.00000 -0.00000 -0.00655 -0.00000 0.00000 1.00000 0.00000
1547820903543538 1.00000 0.00006 -0.00000 -0.00638 -0.00006 1.00000 0.00000 -0.00093 0.00000 -0.00000 1.00000 0.00000
1547820903792083 1.00000 -0.00006 0.00000 0.00145 0.00006 1.00000 -0.00000 0.01106 -0.00000 0.00000 1.00000 0.00000
1547820904040539 1.00000 0.00027 -0.00000 0.00310 -0.00027 1.00000 0.00000 0.01553 0.00000 -0.00000 1.00000 0.00000
1547820904289230 1.00000 0.00021 -0.00000 -0.00058 -0.00021 1.00000 0.00000 0.01612 0.00000 -0.00000 1.00000 -0.00000
1547820904539134 1.00000 0.00017 -0.00000 -0.00416 -0.00017 1.00000 0.00000 0.01345 0.00000 -0.00000 1.00000 -0.00000
1547820904789922 1.00000 -0.00033 0.00000 -0.00835 0.00033 1.00000 -0.00000 0.01049 -0.00000 0.00000 1.00000 0.00000
1547820905040590 1.00000 -0.00058 0.00000 -0.00622 0.00058 1.00000 -0.00000 0.00917 -0.00000 0.00000 1.00000 0.00000
1547820905290743 1.00000 -0.00048 0.00000 -0.00794 0.00048 1.00000 -0.00000 -0.00008 -0.00000 0.00000 1.00000 0.00000
1547820905540441 1.00000 -0.00007 0.00000 -0.00836 0.00007 1.00000 -0.00000 0.00248 -0.00000 0.00000 1.00000 0.00000
1547820905789676 1.00000 -0.00032 0.00000 -0.00598 0.00032 1.00000 -0.00000 -0.00070 -0.00000 0.00000 1.00000 0.00000
1547820906038827 1.00000 -0.00022 0.00000 -0.00815 0.00022 1.00000 -0.00000 0.00618 -0.00000 0.00000 1.00000 0.00000
1547820906287729 1.00000 0.00004 -0.00000 -0.00554 -0.00004 1.00000 0.00000 0.01185 0.00000 -0.00000 1.00000 -0.00000
1547820906536488 1.00000 0.00016 -0.00000 -0.01094 -0.00016 1.00000 0.00000 0.01294 0.00000 -0.00000 1.00000 -0.00000
1547820906785027 1.00000 0.00008 -0.00000 -0.00664 -0.00008 1.00000 0.00000 0.00610 0.00000 -0.00000 1.00000 -0.00000
1547820907033081 1.00000 -0.00029 0.00000 -0.00530 0.00029 1.00000 -0.00000 0.01518 -0.00000 0.00000 1.00000 0.00000
1547820907281060 1.00000 -0.00009 0.00000 -0.00199 0.00009 1.00000 -0.00000 0.01243 -0.00000 0.00000 1.00000 0.00000
1547820907529254 1.00000 0.00005 -0.00000 -0.00270 -0.00005 1.00000 0.00000 0.00787 0.00000 -0.00000 1.00000 -0.00000
1547820907777753 1.00000 0.00012 -0.00000 -0.00924 -0.00012 1.00000 0.00000 0.00444 0.00000 -0.00000 1.00000 -0.00000
1547820908026396 1.00000 -0.00000 0.00000 -0.00438 0.00000 1.00000 -0.00000 0.00576 -0.00000 0.00000 1.00000 0.00000
1547820908275063 1.00000 -0.00001 0.00000 -0.00090 0.00001 1.00000 -0.00000 0.01011 -0.00000 0.00000 1.00000 0.00000
1547820908524038 1.00000 -0.00024 0.00000 0.00087 0.00024 1.00000 -0.00000 0.01065 -0.00000 0.00000 1.00000 0.00000
1547820908774450 1.00000 -0.00035 0.00000 0.00170 0.00035 1.00000 -0.00000 0.01090 -0.00000 0.00000 1.00000 0.00000
1547820909025439 1.00000 0.00019 -0.00000 0.00262 -0.00019 1.00000 0.00000 0.01514 0.00000 -0.00000 1.00000 0.00000
1547820909275585 1.00000 -0.00011 0.00000 -0.00098 0.00011 1.00000 -0.00000 -0.00141 -0.00000 0.00000 1.00000 0.00000
1547820909525691 1.00000 -0.00013 0.00000 -0.00369 0.00013 1.00000 -0.00000 0.00612 -0.00000 0.00000 1.00000 0.00000
1547820909775868 1.00000 0.00022 -0.00000 -0.00278 -0.00022 1.00000 0.00000 0.01915 0.00000 -0.00000 1.00000 -0.00000
1547820910025926 1.00000 -0.00014 0.00000 -0.00096 0.00014 1.00000 -0.00000 0.01131 -0.00000 0.00000 1.00000 0.00000
1547820910275856 1.00000 -0.00020 0.00000 -0.00535 0.00020 1.00000 -0.00000 0.00213 -0.00000 0.00000 1.00000 0.00000
1547820910526081 1.00000 0.00004 -0.00000 -0.00363 -0.00004 1.00000 0.00000 0.01089 0.00000 -0.00000 1.00000 -0.00000
1547820910777460 1.00000 -0.00003 0.00000 -0.00844 0.00003 1.00000 -0.00000 0.00278 -0.00000 0.00000 1.00000 0.00000
1547820911029695 1.00000 -0.00008 0.00000 0.00038 0.00008 1.00000 -0.00000 0.01274 -0.00000 0.00000 1.00000 0.00000
1547820911282104 1.00000 -0.00037 0.00000 -0.00202 0.00037 1.00000 -0.00000 0.00600 -0.00000 0.00000 1.00000 0.00000
1547820911533699 1.00000 -0.00020 0.00000 -0.00298 0.00020 1.00000 -0.00000 0.00688 -0.00000 0.00000 1.00000 0.00000
1547820911784159 1.00000 -0.00003 0.00000 -0.00426 0.00003 1.00000 -0.00000 0.00503 -0.00000 0.00000 1.00000 0.00000
1547820912033495 1.00000 0.00040 -0.00000 -0.00176 -0.00040 1.00000 0.00000 0.01489 0.00000 -0.00000 1.00000 -0.00000
1547820912282849 1.00000 0.00034 -0.00000 -0.00210 -0.00034 1.00000 0.00000 0.00596 0.00000 -0.00000 1.00000 -0.00000
1547820912531940 1.00000 -0.00007 0.00000 0.00059 0.00007 1.00000 -0.00000 0.00831 -0.00000 0.00000 1.00000 0.00000
1547820912780584 1.00000 -0.00017 0.00000 -0.00281 0.00017 1.00000 -0.00000 0.00535 -0.00000 0.00000 1.00000 0.00000
1547820913029000 1.00000 -0.00022 0.00000 -0.00191 0.00022 1.00000 -0.00000 0.00226 -0.00000 0.00000 1.00000 0.00000
1547820913277254 1.00000 0.00036 -0.00000 0.00031 -0.00036 1.00000 0.00000 0.00884 0.00000 -0.00000 1.00000 0.00000
1547820913525368 1.00000 -0.00006 0.00000 0.00232 0.00006 1.00000 -0.00000 0.00221 -0.00000 0.00000 1.00000 0.00000
1547820913773556 1.00000 -0.00003 0.00000 -0.00502 0.00003 1.00000 -0.00000 0.01336 -0.00000 0.00000 1.00000 0.00000
1547820914021071 1.00000 0.00011 -0.00000 -0.00564 -0.00011 1.00000 0.00000 0.01341 0.00000 -0.00000 1.00000 -0.00000
1547820914268376 1.00000 0.00033 -0.00000 -0.00988 -0.00033 1.00000 0.00000 0.02068 0.00000 -0.00000 1.00000 -0.00000
1547820914516381 1.00000 0.00017 -0.00000 -0.00247 -0.00017 1.00000 0.00000 0.01097 0.00000 -0.00000 1.00000 -0.00000
1547820914766385 1.00000 -0.00004 0.00000 -0.00167 0.00004 1.00000 -0.00000 0.01163 -0.00000 0.00000 1.00000 0.00000
1547820915019040 1.00000 -0.00015 0.00000 0.00513 0.00015 1.00000 -0.00000 0.00276 -0.00000 0.00000 1.00000 0.00000
1547820915272892 1.00000 0.00033 -0.00000 -0.00989 -0.00033 1.00000 0.00000 0.01622 0.00000 -0.00000 1.00000 -0.00000
1547820915526278 1.00000 0.00007 -0.00000 -0.00026 -0.00007 1.00000 0.00000 0.01239 0.00000 -0.00000 1.00000 -0.00000
1547820915778490 1.00000 -0.00004 0.00000 -0.00181 0.00004 1.00000 -0.00000 0.00941 -0.00000 0.00000 1.00000 0.00000
1547820916029086 1.00000 0.00000 -0.00000 -0.00066 -0.00000 1.00000 0.00000 0.00627 0.00000 -0.00000 1.00000 -0.00000
1547820916278291 1.00000 0.00036 -0.00000 -0.00069 -0.00036 1.00000 0.00000 0.01322 0.00000 -0.00000 1.00000 -0.00000
1547820916526839 1.00000 0.00029 -0.00000 -0.00505 -0.00029 1.00000 0.00000 0.00976 0.00000 -0.00000 1.00000 -0.00000
1547820916775402 1.00000 -0.00012 0.00000 -0.00508 0.00012 1.00000 -0.00000 0.00769 -0.00000 0.00000 1.00000 0.00000
1547820917026524 1.00000 -0.00019 0.00000 -0.00517 0.00019 1.00000 -0.00000 0.00516 -0.00000 0.00000 1.00000 0.00000
1547820917276453 1.00000 0.00001 -0.00000 -0.00475 -0.00001 1.00000 0.00000 0.00562 0.00000 -0.00000 1.00000 -0.00000
1547820917525494 1.00000 0.00002 -0.00000 -0.00810 -0.00002 1.00000 0.00000 0.00385 0.00000 -0.00000 1.00000 -0.00000
1547820917776519 1.00000 0.00010 -0.00000 -0.01266 -0.00010 1.00000 0.00000 0.00922 0.00000 -0.00000 1.00000 -0.00000
1547820918026778 1.00000 -0.00034 0.00000 -0.00580 0.00034 1.00000 -0.00000 0.00146 -0.00000 0.00000 1.00000 0.00000
1547820918276858 1.00000 -0.00003 0.00000 -0.00847 0.00003 1.00000 -0.00000 0.00502 -0.00000 0.00000 1.00000 0.00000
1547820918526251 1.00000 -0.00013 0.00000 -0.00233 0.00013 1.00000 -0.00000 0.00252 -0.00000 0.00000 1.00000 0.00000
1547820918775149 1.00000 -0.00007 0.00000 -0.00323 0.00007 1.00000 -0.00000 0.00249 -0.00000 0.00000 1.00000 0.00000
1547820919024183 1.00000 0.00022 -0.00000 -0.01170 -0.00022 1.00000 0.00000 0.00488 0.00000 -0.00000 1.00000 -0.00000
1547820919272742 1.00000 0.00006 -0.00000 -0.00856 -0.00006 1.00000 0.00000 0.00453 0.00000 -0.00000 1.00000 -0.00000
1547820919521076 1.00000 0.00022 -0.00000 -0.00337 -0.00022 1.00000 0.00000 0.00828 0.00000 -0.00000 1.00000 -0.00000
1547820919769349 1.00000 0.00002 -0.00000 -0.00365 -0.00002 1.00000 0.00000 0.00580 0.00000 -0.00000 1.00000 -0.00000
1547820920017425 1.00000 -0.00031 0.00000 -0.01243 0.00031 1.00000 -0.00000 -0.00104 -0.00000 0.00000 1.00000 0.00000
1547820920265131 1.00000 -0.00017 0.00000 -0.00532 0.00017 1.00000 -0.00000 0.00126 -0.00000 0.00000 1.00000 0.00000
1547820920513034 1.00000 -0.00004 0.00000 -0.00766 0.00004 1.00000 -0.00000 0.00651 -0.00000 0.00000 1.00000 0.00000
1547820920761493 1.00000 -0.00042 0.00000 0.00061 0.00042 1.00000 -0.00000 0.00847 -0.00000 0.00000 1.00000 0.00000
1547820921010852 1.00000 -0.00013 0.00000 0.00112 0.00013 1.00000 -0.00000 0.00825 -0.00000 0.00000 1.00000 0.00000
1547820921260824 1.00000 -0.00014 0.00000 -0.00166 0.00014 1.00000 -0.00000 0.00522 -0.00000 0.00000 1.00000 0.00000
1547820921511678 1.00000 -0.00036 0.00000 -0.00943 0.00036 1.00000 -0.00000 -0.00283 -0.00000 0.00000 1.00000 0.00000
1547820921764141 1.00000 -0.00041 0.00000 -0.00259 0.00041 1.00000 -0.00000 0.00052 -0.00000 0.00000 1.00000 0.00000
1547820922016670 1.00000 -0.00032 0.00000 -0.00077 0.00032 1.00000 -0.00000 -0.00164 -0.00000 0.00000 1.00000 0.00000
1547820922268174 1.00000 -0.00042 0.00000 -0.00656 0.00042 1.00000 -0.00000 -0.00533 -0.00000 0.00000 1.00000 0.00000
1547820922519804 1.00000 -0.00001 0.00000 -0.00555 0.00001 1.00000 -0.00000 0.00751 -0.00000 0.00000 1.00000 0.00000
1547820922770703 1.00000 0.00003 -0.00000 0.00160 -0.00003 1.00000 0.00000 0.00380 0.00000 -0.00000 1.00000 0.00000
1547820923020499 1.00000 0.00016 -0.00000 0.00122 -0.00016 1.00000 0.00000 0.00836 0.00000 -0.00000 1.00000 0.00000
1547820923270340 1.00000 -0.00034 0.00000 -0.00120 0.00034 1.00000 -0.00000 0.00001 -0.00000 0.00000 1.00000 0.00000
1547820923520849 1.00000 0.00012 -0.00000 0.00467 -0.00012 1.00000 0.00000 0.00736 0.00000 -0.00000 1.00000 0.00000
1547820923772273 1.00000 -0.00018 0.00000 0.00214 0.00018 1.00000 -0.00000 -0.00039 -0.00000 0.00000 1.00000 -0.00000
1547820924024393 1.00000 -0.00035 0.00000 0.00348 0.00035 1.00000 -0.00000 -0.00100 -0.00000 0.00000 1.00000 -0.00000
1547820924276827 1.00000 -0.00025 0.00000 0.00478 0.00025 1.00000 -0.00000 0.00558 -0.00000 0.00000 1.00000 0.00000
1547820924528599 1.00000 0.00008 -0.00000 0.00395 -0.00008 1.00000 0.00000 0.00775 0.00000 -0.00000 1.00000 0.00000
1547820924778698 1.00000 0.00014 -0.00000 0.00428 -0.00014 1.00000 0.00000 0.00366 0.00000 -0.00000 1.00000 0.00000
1547820925028018 1.00000 0.00014 -0.00000 0.00611 -0.00014 1.00000 0.00000 0.00396 0.00000 -0.00000 1.00000 0.00000
1547820925277584 1.00000 -0.00011 0.00000 0.00758 0.00011 1.00000 -0.00000 0.01175 -0.00000 0.00000 1.00000 0.00000
1547820925526556 1.00000 0.00010 -0.00000 0.00203 -0.00010 1.00000 0.00000 0.00499 0.00000 -0.00000 1.00000 0.00000
1547820925775094 1.00000 -0.00001 0.00000 0.00149 0.00001 1.00000 -0.00000 0.00193 -0.00000 0.00000 1.00000 0.00000
1547820926023354 1.00000 0.00001 -0.00000 0.00299 -0.00001 1.00000 0.00000 0.00635 0.00000 -0.00000 1.00000 0.00000
1547820926271369 1.00000 -0.00030 0.00000 0.00004 0.00030 1.00000 -0.00000 0.00330 -0.00000 0.00000 1.00000 0.00000
1547820926519303 1.00000 -0.00036 0.00000 0.00286 0.00036 1.00000 -0.00000 0.00056 -0.00000 0.00000 1.00000 0.00000
1547820926767105 1.00000 -0.00030 0.00000 0.00569 0.00030 1.00000 -0.00000 0.00519 -0.00000 0.00000 1.00000 0.00000
1547820927015984 1.00000 -0.00049 0.00000 -0.00009 0.00049 1.00000 -0.00000 0.00183 -0.00000 0.00000 1.00000 0.00000
1547820927264748 1.00000 -0.00050 0.00000 0.00431 0.00050 1.00000 -0.00000 0.00254 -0.00000 0.00000 1.00000 0.00000
1547820927512840 1.00000 -0.00027 0.00000 -0.00480 0.00027 1.00000 -0.00000 0.00248 -0.00000 0.00000 1.00000 0.00000
1547820927761636 1.00000 -0.00029 0.00000 -0.00609 0.00029 1.00000 -0.00000 0.00362 -0.00000 0.00000 1.00000 0.00000
1547820928012094 1.00000 -0.00019 0.00000 0.00030 0.00019 1.00000 -0.00000 0.00152 -0.00000 0.00000 1.00000 0.00000
1547820928263359 1.00000 -0.00041 0.00000 -0.00332 0.00041 1.00000 -0.00000 -0.00208 -0.00000 0.00000 1.00000 0.00000
1547820928513988 1.00000 -0.00018 0.00000 -0.00351 0.00018 1.00000 -0.00000 0.00417 -0.00000 0.00000 1.00000 0.00000
1547820928764173 1.00000 -0.00037 0.00000 -0.00424 0.00037 1.00000 -0.00000 -0.00528 -0.00000 0.00000 1.00000 0.00000
1547820929014482 1.00000 0.00000 -0.00000 -0.00585 -0.00000 1.00000 0.00000 -0.00147 0.00000 -0.00000 1.00000 0.00000
1547820929264511 1.00000 -0.00027 0.00000 -0.00894 0.00027 1.00000 -0.00000 -0.00423 -0.00000 0.00000 1.00000 0.00000
1547820929514436 1.00000 -0.00036 0.00000 -0.00713 0.00036 1.00000 -0.00000 -0.00304 -0.00000 0.00000 1.00000 0.00000
1547820929764852 1.00000 -0.00019 0.00000 -0.00226 0.00019 1.00000 -0.00000 0.00552 -0.00000 0.00000 1.00000 0.00000
1547820930016262 1.00000 -0.00049 0.00000 0.00289 0.00049 1.00000 -0.00000 0.00491 -0.00000 0.00000 1.00000 0.00000
1547820930268357 1.00000 -0.00050 0.00000 -0.00409 0.00050 1.00000 -0.00000 -0.00005 -0.00000 0.00000 1.00000 0.00000
1547820930520591 1.00000 -0.00005 0.00000 0.00031 0.00005 1.00000 -0.00000 0.00749 -0.00000 0.00000 1.00000 0.00000
1547820930772645 1.00000 -0.00014 0.00000 -0.00119 0.00014 1.00000 -0.00000 0.01096 -0.00000 0.00000 1.00000 0.00000
1547820931023607 1.00000 -0.00007 0.00000 -0.00208 0.00007 1.00000 -0.00000 0.00356 -0.00000 0.00000 1.00000 0.00000
1547820931273355 1.00000 -0.00015 0.00000 -0.00427 0.00015 1.00000 -0.00000 0.01079 -0.00000 0.00000 1.00000 0.00000
1547820931522173 1.00000 -0.00020 0.00000 -0.00200 0.00020 1.00000 -0.00000 0.00096 -0.00000 0.00000 1.00000 0.00000
1547820931770749 1.00000 -0.00011 0.00000 -0.00206 0.00011 1.00000 -0.00000 0.00569 -0.00000 0.00000 1.00000 0.00000
1547820932019190 1.00000 -0.00012 0.00000 -0.00057 0.00012 1.00000 -0.00000 0.00198 -0.00000 0.00000 1.00000 0.00000
1547820932267518 1.00000 -0.00009 0.00000 -0.00519 0.00009 1.00000 -0.00000 0.00453 -0.00000 0.00000 1.00000 0.00000
1547820932515574 1.00000 -0.00016 0.00000 -0.00030 0.00016 1.00000 -0.00000 0.00360 -0.00000 0.00000 1.00000 0.00000
1547820932763416 1.00000 -0.00034 0.00000 0.00554 0.00034 1.00000 -0.00000 0.00668 -0.00000 0.00000 1.00000 0.00000
1547820933011413 1.00000 -0.00026 0.00000 0.00768 0.00026 1.00000 -0.00000 0.00271 -0.00000 0.00000 1.00000 0.00000
1547820933260386 1.00000 -0.00042 0.00000 0.00019 0.00042 1.00000 -0.00000 0.00106 -0.00000 0.00000 1.00000 0.00000
1547820933510040 1.00000 -0.00036 0.00000 0.00575 0.00036 1.00000 -0.00000 0.00524 -0.00000 0.00000 1.00000 0.00000
1547820933760281 1.00000 -0.00033 0.00000 -0.00585 0.00033 1.00000 -0.00000 0.00894 -0.00000 0.00000 1.00000 0.00000
1547820934011382 1.00000 0.00011 -0.00000 -0.00228 -0.00011 1.00000 0.00000 0.00998 0.00000 -0.00000 1.00000 -0.00000
1547820934263773 1.00000 -0.00009 0.00000 -0.00699 0.00009 1.00000 -0.00000 0.00505 -0.00000 0.00000 1.00000 0.00000
1547820934516092 1.00000 -0.00042 0.00000 0.00045 0.00042 1.00000 -0.00000 -0.00483 -0.00000 0.00000 1.00000 -0.00000
1547820934767699 1.00000 -0.00046 0.00000 0.00061 0.00046 1.00000 -0.00000 0.00307 -0.00000 0.00000 1.00000 0.00000
1547820935019613 1.00000 -0.00024 0.00000 0.00353 0.00024 1.00000 -0.00000 0.00062 -0.00000 0.00000 1.00000 0.00000
1547820935270207 1.00000 -0.00004 0.00000 0.00306 0.00004 1.00000 -0.00000 0.00773 -0.00000 0.00000 1.00000 0.00000
1547820935519179 1.00000 -0.00026 0.00000 0.00123 0.00026 1.00000 -0.00000 0.00579 -0.00000 0.00000 1.00000 0.00000
1547820935767591 1.00000 -0.00006 0.00000 0.00083 0.00006 1.00000 -0.00000 0.00308 -0.00000 0.00000 1.00000 0.00000
1547820936016418 1.00000 -0.00040 0.00000 0.00225 0.00040 1.00000 -0.00000 -0.00713 -0.00000 0.00000 1.00000 -0.00000
1547820936266135 1.00000 -0.00055 0.00000 0.00292 0.00055 1.00000 -0.00000 -0.00219 -0.00000 0.00000 1.00000 -0.00000
1547820936516968 1.00000 -0.00039 0.00000 0.00458 0.00039 1.00000 -0.00000 -0.00053 -0.00000 0.00000 1.00000 -0.00000
1547820936768143 1.00000 -0.00037 0.00000 0.00673 0.00037 1.00000 -0.00000 0.00597 -0.00000 0.00000 1.00000 0.00000
1547820937018707 1.00000 -0.00008 0.00000 0.00199 0.00008 1.00000 -0.00000 0.00654 -0.00000 0.00000 1.00000 0.00000
1547820937268575 1.00000 0.00020 -0.00000 -0.00721 -0.00020 1.00000 0.00000 0.00513 0.00000 -0.00000 1.00000 -0.00000
1547820937517652 1.00000 0.00027 -0.00000 -0.03289 -0.00027 1.00000 0.00000 0.00062 0.00000 -0.00000 1.00000 -0.00000
1547820937766742 1.00000 0.00083 -0.00000 -0.08403 -0.00083 1.00000 0.00000 -0.00111 0.00000 -0.00000 1.00000 0.00000
1547820938015723 1.00000 0.00207 -0.00000 -0.15180 -0.00207 1.00000 0.00000 -0.02276 0.00000 -0.00000 1.00000 0.00000
1547820938264329 1.00000 0.00287 -0.00000 -0.24185 -0.00287 1.00000 0.00000 -0.02054 0.00000 -0.00000 1.00000 0.00000
1547820938512866 0.99998 0.00671 -0.00000 -0.34859 -0.00671 0.99998 0.00000 -0.00548 0.00000 -0.00000 1.00000 0.00000
1547820938761428 0.99991 0.01325 -0.00000 -0.49446 -0.01325 0.99991 0.00000 -0.00951 0.00000 -0.00000 1.00000 0.00000
1547820939009685 0.99978 0.02090 -0.00000 -0.70152 -0.02090 0.99978 0.00000 -0.04285 0.00000 -0.00000 1.00000 0.00000
1547820939257657 0.99940 0.03458 -0.00000 -0.95424 -0.03458 0.99940 0.00000 -0.02179 0.00000 -0.00000 1.00000 0.00000
1547820939505057 0.99883 0.04826 -0.00000 -1.27289 -0.04826 0.99883 0.00000 -0.01549 0.00000 -0.00000 1.00000 0.00000
1547820939752470 0.99824 0.05930 -0.00000 -1.64064 -0.05930 0.99824 0.00000 0.01464 0.00000 -0.00000 1.00000 0.00000
1547820940000583 0.99721 0.07467 -0.00000 -2.09488 -0.07467 0.99721 0.00000 -0.01294 0.00000 -0.00000 1.00000 0.00000
1547820940250046 0.99602 0.08912 -0.00000 -2.61889 -0.08912 0.99602 0.00000 0.05992 0.00000 -0.00000 1.00000 0.00000
1547820940501358 0.99472 0.10262 -0.00000 -3.27798 -0.10262 0.99472 0.00000 0.09687 0.00000 -0.00000 1.00000 0.00000
1547820940754163 0.99377 0.11148 -0.00000 -3.93297 -0.11148 0.99377 0.00000 0.10050 0.00000 -0.00000 1.00000 0.00000
1547820941007080 0.99278 0.11996 -0.00000 -4.73952 -0.11996 0.99278 0.00000 0.13319 0.00000 -0.00000 1.00000 0.00000
1547820941259855 0.99225 0.12427 -0.00000 -5.58622 -0.12427 0.99225 0.00000 0.15238 0.00000 -0.00000 1.00000 0.00000
1547820941511941 0.99208 0.12562 -0.00000 -6.50445 -0.12562 0.99208 0.00000 0.17057 0.00000 -0.00000 1.00000 0.00000
1547820941762507 0.99228 0.12405 -0.00000 -7.53689 -0.12405 0.99228 0.00000 0.14083 0.00000 -0.00000 1.00000 0.00000
1547820942011393 0.99245 0.12267 -0.00000 -8.56883 -0.12267 0.99245 0.00000 0.14419 0.00000 -0.00000 1.00000 0.00000
1547820942259756 0.99255 0.12187 -0.00000 -9.68029 -0.12187 0.99255 0.00000 0.13675 0.00000 -0.00000 1.00000 0.00000
1547820942507873 0.99282 0.11965 -0.00000 -10.86293 -0.11965 0.99282 0.00000 0.11621 0.00000 -0.00000 1.00000 0.00000
1547820942756056 0.99318 0.11662 -0.00000 -12.10151 -0.11662 0.99318 0.00000 0.09833 0.00000 -0.00000 1.00000 0.00000
1547820943004857 0.99358 0.11316 -0.00000 -13.32011 -0.11316 0.99358 0.00000 0.03721 0.00000 -0.00000 1.00000 0.00000
1547820943254606 0.99389 0.11037 -0.00000 -14.58290 -0.11037 0.99389 0.00000 0.03753 0.00000 -0.00000 1.00000 0.00000
1547820943505223 0.99426 0.10699 -0.00000 -15.83391 -0.10699 0.99426 0.00000 -0.02070 0.00000 -0.00000 1.00000 0.00000
1547820943755975 0.99481 0.10171 -0.00000 -17.16338 -0.10171 0.99481 0.00000 -0.05365 0.00000 -0.00000 1.00000 0.00000
1547820944006012 0.99518 0.09811 -0.00000 -18.45051 -0.09811 0.99518 0.00000 -0.12623 0.00000 -0.00000 1.00000 0.00000
1547820944255465 0.99580 0.09151 -0.00000 -19.79049 -0.09151 0.99580 0.00000 -0.19575 0.00000 -0.00000 1.00000 0.00000
1547820944504647 0.99651 0.08349 -0.00000 -21.12466 -0.08349 0.99651 0.00000 -0.37911 0.00000 -0.00000 1.00000 0.00000
1547820944754085 0.99724 0.07421 -0.00000 -22.49775 -0.07421 0.99724 0.00000 -0.52457 0.00000 -0.00000 1.00000 0.00000
1547820945002952 0.99764 0.06873 -0.00000 -23.84151 -0.06873 0.99764 0.00000 -0.68658 0.00000 -0.00000 1.00000 0.00000
1547820945251517 0.99791 0.06467 -0.00000 -25.19977 -0.06467 0.99791 0.00000 -0.72410 0.00000 -0.00000 1.00000 0.00000
1547820945499475 0.99799 0.06335 -0.00000 -26.56513 -0.06335 0.99799 0.00000 -0.76404 0.00000 -0.00000 1.00000 0.00000
1547820945747337 0.99810 0.06159 -0.00000 -27.99546 -0.06159 0.99810 0.00000 -0.74998 0.00000 -0.00000 1.00000 0.00000
1547820945995219 0.99827 0.05874 -0.00000 -29.40109 -0.05874 0.99827 0.00000 -0.86102 0.00000 -0.00000 1.00000 0.00000
1547820946242839 0.99828 0.05866 -0.00000 -30.95124 -0.05866 0.99828 0.00000 -0.81208 0.00000 -0.00000 1.00000 0.00000
1547820946491533 0.99837 0.05705 -0.00000 -32.48324 -0.05705 0.99837 0.00000 -0.84901 0.00000 -0.00000 1.00000 0.00000
1547820946741455 0.99836 0.05728 -0.00000 -34.11952 -0.05728 0.99836 0.00000 -0.82837 0.00000 -0.00000 1.00000 0.00000
1547820946991027 0.99849 0.05500 -0.00000 -35.80554 -0.05500 0.99849 0.00000 -0.85273 0.00000 -0.00000 1.00000 0.00000
1547820947240890 0.99854 0.05406 -0.00000 -37.51531 -0.05406 0.99854 0.00000 -0.90973 0.00000 -0.00000 1.00000 0.00000
1547820947491714 0.99867 0.05153 -0.00000 -39.32086 -0.05153 0.99867 0.00000 -0.98099 0.00000 -0.00000 1.00000 0.00000
1547820947743412 0.99902 0.04430 -0.00000 -41.14787 -0.04430 0.99902 0.00000 -1.24764 0.00000 -0.00000 1.00000 0.00000
1547820947994910 0.99921 0.03963 -0.00000 -42.98788 -0.03963 0.99921 0.00000 -1.41744 0.00000 -0.00000 1.00000 0.00000
1547820948246254 0.99937 0.03556 -0.00000 -44.85435 -0.03556 0.99937 0.00000 -1.59770 0.00000 -0.00000 1.00000 0.00000
1547820948497349 0.99947 0.03267 -0.00000 -46.78283 -0.03267 0.99947 0.00000 -1.73791 0.00000 -0.00000 1.00000 0.00000
1547820948748169 0.99965 0.02638 -0.00000 -48.70148 -0.02638 0.99965 0.00000 -1.99315 0.00000 -0.00000 1.00000 0.00000
1547820948999212 0.99979 0.02027 -0.00000 -50.65021 -0.02027 0.99979 0.00000 -2.27787 0.00000 -0.00000 1.00000 0.00000
1547820949250771 0.99988 0.01534 -0.00000 -52.62991 -0.01534 0.99988 0.00000 -2.46749 0.00000 -0.00000 1.00000 0.00000
1547820949503725 0.99999 0.00446 -0.00000 -54.57587 -0.00446 0.99999 0.00000 -3.06441 0.00000 -0.00000 1.00000 0.00000
1547820949757505 0.99998 -0.00677 0.00000 -56.56206 0.00677 0.99998 -0.00000 -3.67663 -0.00000 0.00000 1.00000 0.00000
1547820950009721 0.99989 -0.01470 0.00000 -58.56011 0.01470 0.99989 -0.00000 -4.08716 -0.00000 0.00000 1.00000 0.00000
1547820950260174 0.99971 -0.02397 0.00000 -60.49179 0.02397 0.99971 -0.00000 -4.57470 -0.00000 0.00000 1.00000 0.00000
1547820950508373 0.99969 -0.02485 0.00000 -62.45249 0.02485 0.99969 -0.00000 -4.59840 -0.00000 0.00000 1.00000 0.00000
1547820950755254 0.99989 -0.01466 0.00000 -64.50244 0.01466 0.99989 -0.00000 -3.92822 -0.00000 0.00000 1.00000 0.00000
1547820951002070 1.00000 -0.00240 0.00000 -66.53952 0.00240 1.00000 -0.00000 -3.15203 -0.00000 0.00000 1.00000 0.00000
1547820951248627 0.99997 0.00787 -0.00000 -68.59066 -0.00787 0.99997 0.00000 -2.42107 0.00000 -0.00000 1.00000 0.00000
1547820951496269 0.99981 0.01935 -0.00000 -70.65121 -0.01935 0.99981 0.00000 -1.67667 0.00000 -0.00000 1.00000 0.00000
1547820951745695 0.99956 0.02970 -0.00000 -72.75863 -0.02970 0.99956 0.00000 -0.92002 0.00000 -0.00000 1.00000 0.00000
1547820951995970 0.99920 0.04005 -0.00000 -74.85769 -0.04005 0.99920 0.00000 -0.15505 0.00000 -0.00000 1.00000 0.00000
1547820952247071 0.99868 0.05142 -0.00000 -76.96470 -0.05142 0.99868 0.00000 0.68905 0.00000 -0.00000 1.00000 0.00000
1547820952497121 0.99812 0.06128 -0.00000 -79.07115 -0.06128 0.99812 0.00000 1.50606 0.00000 -0.00000 1.00000 0.00000
1547820952746211 0.99785 0.06548 -0.00000 -81.17796 -0.06548 0.99785 0.00000 1.83133 0.00000 -0.00000 1.00000 0.00000
1547820952996165 0.99783 0.06591 -0.00000 -83.34026 -0.06591 0.99783 0.00000 1.83261 0.00000 -0.00000 1.00000 0.00000
1547820953246699 0.99796 0.06380 -0.00000 -85.53672 -0.06380 0.99796 0.00000 1.67825 0.00000 -0.00000 1.00000 0.00000
1547820953497991 0.99792 0.06444 -0.00000 -87.75154 -0.06444 0.99792 0.00000 1.76967 0.00000 -0.00000 1.00000 0.00000
1547820953749588 0.99791 0.06460 -0.00000 -89.93362 -0.06460 0.99791 0.00000 1.79746 0.00000 -0.00000 1.00000 0.00000
1547820954001121 0.99798 0.06356 -0.00000 -92.14063 -0.06356 0.99798 0.00000 1.70305 0.00000 -0.00000 1.00000 0.00000
1547820954252720 0.99807 0.06212 -0.00000 -94.40076 -0.06212 0.99807 0.00000 1.59590 0.00000 -0.00000 1.00000 0.00000
1547820954504539 0.99832 0.05790 -0.00000 -96.67691 -0.05790 0.99832 0.00000 1.18796 0.00000 -0.00000 1.00000 0.00000
1547820954755618 0.99862 0.05254 -0.00000 -98.94877 -0.05254 0.99862 0.00000 0.69951 0.00000 -0.00000 1.00000 0.00000
1547820955006846 0.99882 0.04859 -0.00000 -101.25392 -0.04859 0.99882 0.00000 0.32105 0.00000 -0.00000 1.00000 0.00000
1547820955258641 0.99902 0.04426 -0.00000 -103.56239 -0.04426 0.99902 0.00000 -0.13717 0.00000 -0.00000 1.00000 0.00000
1547820955510540 0.99918 0.04042 -0.00000 -105.88997 -0.04042 0.99918 0.00000 -0.53770 0.00000 -0.00000 1.00000 0.00000
1547820955762650 0.99931 0.03722 -0.00000 -108.26786 -0.03722 0.99931 0.00000 -0.85394 0.00000 -0.00000 1.00000 0.00000
1547820956016056 0.99944 0.03360 -0.00000 -110.64625 -0.03360 0.99944 0.00000 -1.21128 0.00000 -0.00000 1.00000 0.00000
1547820956269148 0.99940 0.03469 -0.00000 -113.06000 -0.03469 0.99940 0.00000 -1.06025 0.00000 -0.00000 1.00000 0.00000
1547820956519540 0.99945 0.03312 -0.00000 -115.44666 -0.03312 0.99945 0.00000 -1.22077 0.00000 -0.00000 1.00000 0.00000
1547820956767543 0.99943 0.03386 -0.00000 -117.87649 -0.03386 0.99943 0.00000 -1.09861 0.00000 -0.00000 1.00000 0.00000
1547820957015081 0.99938 0.03522 -0.00000 -120.29222 -0.03522 0.99938 0.00000 -0.93038 0.00000 -0.00000 1.00000 0.00000
1547820957262315 0.99931 0.03712 -0.00000 -122.72505 -0.03712 0.99931 0.00000 -0.68554 0.00000 -0.00000 1.00000 0.00000
1547820957509607 0.99932 0.03687 -0.00000 -125.13449 -0.03687 0.99932 0.00000 -0.72375 0.00000 -0.00000 1.00000 0.00000
1547820957757729 0.99932 0.03688 -0.00000 -127.59996 -0.03688 0.99932 0.00000 -0.69952 0.00000 -0.00000 1.00000 0.00000
1547820958006973 0.99936 0.03578 -0.00000 -130.07183 -0.03578 0.99936 0.00000 -0.84940 0.00000 -0.00000 1.00000 0.00000
1547820958257647 0.99935 0.03614 -0.00000 -132.59338 -0.03614 0.99935 0.00000 -0.79609 0.00000 -0.00000 1.00000 0.00000
1547820958508389 0.99927 0.03822 -0.00000 -135.13648 -0.03822 0.99927 0.00000 -0.51423 0.00000 -0.00000 1.00000 0.00000
1547820958759351 0.99933 0.03668 -0.00000 -137.65681 -0.03668 0.99933 0.00000 -0.72220 0.00000 -0.00000 1.00000 0.00000
1547820959009893 0.99933 0.03664 -0.00000 -140.21344 -0.03664 0.99933 0.00000 -0.66641 0.00000 -0.00000 1.00000 0.00000
1547820959260015 0.99933 0.03667 -0.00000 -142.67538 -0.03667 0.99933 0.00000 -0.60742 0.00000 -0.00000 1.00000 0.00000
1547820959510286 0.99924 0.03888 -0.00000 -145.22027 -0.03888 0.99924 0.00000 -0.24828 0.00000 -0.00000 1.00000 0.00000
1547820959760494 0.99914 0.04139 -0.00000 -147.76169 -0.04139 0.99914 0.00000 0.12508 0.00000 -0.00000 1.00000 0.00000
1547820960010416 0.99918 0.04059 -0.00000 -150.26264 -0.04059 0.99918 0.00000 0.04333 0.00000 -0.00000 1.00000 0.00000
1547820960261598 0.99912 0.04200 -0.00000 -152.70893 -0.04200 0.99912 0.00000 0.30464 0.00000 -0.00000 1.00000 0.00000
1547820960513967 0.99912 0.04205 -0.00000 -155.16306 -0.04205 0.99912 0.00000 0.32304 0.00000 -0.00000 1.00000 0.00000
1547820960765841 0.99913 0.04173 -0.00000 -157.57585 -0.04173 0.99913 0.00000 0.29155 0.00000 -0.00000 1.00000 0.00000
1547820961017359 0.99912 0.04193 -0.00000 -159.98845 -0.04193 0.99912 0.00000 0.37681 0.00000 -0.00000 1.00000 0.00000
1547820961268537 0.99908 0.04289 -0.00000 -162.34373 -0.04289 0.99908 0.00000 0.56209 0.00000 -0.00000 1.00000 0.00000
1547820961519764 0.99898 0.04517 -0.00000 -164.67414 -0.04517 0.99898 0.00000 0.94044 0.00000 -0.00000 1.00000 0.00000
1547820961771425 0.99899 0.04493 -0.00000 -166.98814 -0.04493 0.99899 0.00000 0.94695 0.00000 -0.00000 1.00000 0.00000
1547820962022885 0.99890 0.04690 -0.00000 -169.29247 -0.04690 0.99890 0.00000 1.28758 0.00000 -0.00000 1.00000 0.00000
1547820962274092 0.99884 0.04809 -0.00000 -171.53713 -0.04809 0.99884 0.00000 1.44496 0.00000 -0.00000 1.00000 0.00000
1547820962524959 0.99876 0.04985 -0.00000 -173.75619 -0.04985 0.99876 0.00000 1.77870 0.00000 -0.00000 1.00000 0.00000
1547820962776097 0.99856 0.05355 -0.00000 -175.90930 -0.05355 0.99856 0.00000 2.43148 0.00000 -0.00000 1.00000 0.00000
1547820963027594 0.99847 0.05522 -0.00000 -178.10943 -0.05522 0.99847 0.00000 2.70456 0.00000 -0.00000 1.00000 0.00000
1547820963278976 0.99836 0.05727 -0.00000 -180.24161 -0.05727 0.99836 0.00000 3.06730 0.00000 -0.00000 1.00000 0.00000
1547820963531446 0.99825 0.05919 -0.00000 -182.35301 -0.05919 0.99825 0.00000 3.43763 0.00000 -0.00000 1.00000 0.00000
1547820963785125 0.99812 0.06124 -0.00000 -184.51841 -0.06124 0.99812 0.00000 3.80607 0.00000 -0.00000 1.00000 0.00000
1547820964037846 0.99798 0.06360 -0.00000 -186.58540 -0.06360 0.99798 0.00000 4.18312 0.00000 -0.00000 1.00000 0.00000
1547820964287988 0.99786 0.06536 -0.00000 -188.61444 -0.06536 0.99786 0.00000 4.54213 0.00000 -0.00000 1.00000 0.00000
1547820964536256 0.99768 0.06808 -0.00000 -190.57187 -0.06808 0.99768 0.00000 5.09636 0.00000 -0.00000 1.00000 0.00000
1547820964784060 0.99720 0.07483 -0.00000 -192.48286 -0.07483 0.99720 0.00000 6.39194 0.00000 -0.00000 1.00000 0.00000
1547820965031668 0.99655 0.08305 -0.00000 -194.38371 -0.08305 0.99655 0.00000 8.00183 0.00000 -0.00000 1.00000 0.00000
1547820965278727 0.99569 0.09279 -0.00000 -196.14688 -0.09279 0.99569 0.00000 9.90930 0.00000 -0.00000 1.00000 0.00000
1547820965526557 0.99480 0.10186 -0.00000 -197.88786 -0.10186 0.99480 0.00000 11.71712 0.00000 -0.00000 1.00000 0.00000
1547820965775640 0.99372 0.11190 -0.00000 -199.54881 -0.11190 0.99372 0.00000 13.75735 0.00000 -0.00000 1.00000 0.00000
1547820966026015 0.99260 0.12145 -0.00000 -201.18290 -0.12145 0.99260 0.00000 15.68360 0.00000 -0.00000 1.00000 0.00000
1547820966276803 0.99184 0.12746 -0.00000 -202.86007 -0.12746 0.99184 0.00000 16.86475 0.00000 -0.00000 1.00000 0.00000
1547820966527025 0.99141 0.13079 -0.00000 -204.52118 -0.13079 0.99141 0.00000 17.56620 0.00000 -0.00000 1.00000 0.00000
1547820966776998 0.99103 0.13365 -0.00000 -206.17238 -0.13365 0.99103 0.00000 18.16286 0.00000 -0.00000 1.00000 0.00000
1547820967027446 0.99050 0.13753 -0.00000 -207.78945 -0.13753 0.99050 0.00000 18.93374 0.00000 -0.00000 1.00000 0.00000
1547820967277890 0.99062 0.13663 -0.00000 -209.48704 -0.13663 0.99062 0.00000 18.77117 0.00000 -0.00000 1.00000 0.00000
1547820967527678 0.98990 0.14179 -0.00000 -211.02996 -0.14179 0.98990 0.00000 19.86866 0.00000 -0.00000 1.00000 0.00000
1547820967778283 0.98963 0.14362 -0.00000 -212.63187 -0.14362 0.98963 0.00000 20.25092 0.00000 -0.00000 1.00000 0.00000
1547820968030538 0.98945 0.14489 -0.00000 -214.25969 -0.14489 0.98945 0.00000 20.51270 0.00000 -0.00000 1.00000 0.00000
1547820968283018 0.98893 0.14838 -0.00000 -215.82674 -0.14838 0.98893 0.00000 21.30616 0.00000 -0.00000 1.00000 0.00000
1547820968534959 0.98824 0.15294 -0.00000 -217.33951 -0.15294 0.98824 0.00000 22.32510 0.00000 -0.00000 1.00000 0.00000
1547820968786053 0.98748 0.15773 -0.00000 -218.76875 -0.15773 0.98748 0.00000 23.35099 0.00000 -0.00000 1.00000 0.00000
1547820969036366 0.98702 0.16058 -0.00000 -220.25144 -0.16058 0.98702 0.00000 23.97865 0.00000 -0.00000 1.00000 0.00000
1547820969286652 0.98703 0.16053 -0.00000 -221.80870 -0.16053 0.98703 0.00000 23.96632 0.00000 -0.00000 1.00000 0.00000
1547820969536591 0.98708 0.16022 -0.00000 -223.25597 -0.16022 0.98708 0.00000 23.91358 0.00000 -0.00000 1.00000 0.00000
1547820969786535 0.98739 0.15833 -0.00000 -224.71309 -0.15833 0.98739 0.00000 23.51216 0.00000 -0.00000 1.00000 0.00000
1547820970036968 0.98737 0.15842 -0.00000 -226.11183 -0.15842 0.98737 0.00000 23.51656 0.00000 -0.00000 1.00000 0.00000
1547820970288225 0.98749 0.15768 -0.00000 -227.46840 -0.15768 0.98749 0.00000 23.34063 0.00000 -0.00000 1.00000 0.00000
1547820970540626 0.98759 0.15704 -0.00000 -228.82581 -0.15704 0.98759 0.00000 23.18316 0.00000 -0.00000 1.00000 0.00000
1547820970793181 0.98742 0.15814 -0.00000 -230.06558 -0.15814 0.98742 0.00000 23.46730 0.00000 -0.00000 1.00000 0.00000
1547820971044836 0.98746 0.15787 -0.00000 -231.31471 -0.15787 0.98746 0.00000 23.42373 0.00000 -0.00000 1.00000 0.00000
1547820971295046 0.98741 0.15818 -0.00000 -232.55516 -0.15818 0.98741 0.00000 23.54058 0.00000 -0.00000 1.00000 0.00000
1547820971544229 0.98714 0.15988 -0.00000 -233.71824 -0.15988 0.98714 0.00000 23.93612 0.00000 -0.00000 1.00000 0.00000
1547820971793653 0.98648 0.16389 -0.00000 -234.84688 -0.16389 0.98648 0.00000 24.89780 0.00000 -0.00000 1.00000 0.00000
1547820972042293 0.98570 0.16853 -0.00000 -235.92396 -0.16853 0.98570 0.00000 25.96406 0.00000 -0.00000 1.00000 0.00000
1547820972290585 0.98573 0.16835 -0.00000 -237.07244 -0.16835 0.98573 0.00000 25.91845 0.00000 -0.00000 1.00000 0.00000
1547820972539086 0.98600 0.16673 -0.00000 -238.27627 -0.16673 0.98600 0.00000 25.51986 0.00000 -0.00000 1.00000 0.00000
1547820972787153 0.98632 0.16482 -0.00000 -239.47838 -0.16482 0.98632 0.00000 25.10485 0.00000 -0.00000 1.00000 0.00000
1547820973035243 0.98705 0.16041 -0.00000 -240.76335 -0.16041 0.98705 0.00000 24.03976 0.00000 -0.00000 1.00000 0.00000
1547820973284197 0.98787 0.15530 -0.00000 -242.08646 -0.15530 0.98787 0.00000 22.81527 0.00000 -0.00000 1.00000 0.00000
1547820973533201 0.98822 0.15303 -0.00000 -243.38428 -0.15303 0.98822 0.00000 22.16448 0.00000 -0.00000 1.00000 0.00000
