1. 0. 0. 0. 0. -1. -0. 0. 0. 0. -1. 0.
1. -0. -0. 0.002 -0. -1. -0. 0.003 0. 0. -1. 0.
1. -0.000 -0. -0.006 -0.000 -1. -0. -0.001 0. 0. -1. 0.
1. -0.000 -0. -0.005 -0.000 -1. -0. 0.001 0. 0. -1. 0.
1. -0.000 -0. -0.009 -0.000 -1. -0. 0.000 0. 0. -1. 0.
1. -0.000 -0. -0.003 -0.000 -1. -0. -0.004 0. 0. -1. 0.
1. -0. -0. -0.004 -0. -1. -0. -0.004 0. 0. -1. 0.
1. -0.000 -0. -0.015 -0.000 -1. -0. 0.000 0. 0. -1. 0.
1. -0.000 -0. -0.005 -0.000 -1. -0. 0.005 0. 0. -1. 0.
1. -0.000 -0. -0.010 -0.000 -1. -0. -0.003 0. 0. -1. 0.
1. -0.000 -0. -0.014 -0.000 -1. -0. 0.004 0. 0. -1. 0.
1. -0.000 -0. -0.004 -0.000 -1. -0. 0.006 0. 0. -1. 0.
1. -0.000 -0. -0.005 -0.000 -1. -0. 0.002 0. 0. -1. 0.
1. -0.001 -0. -0.010 -0.001 -1. -0. 0.003 0. 0. -1. 0.
1. -0.000 -0. 0.001 -0.000 -1. -0. 0.009 0. 0. -1. 0.
1. -0.001 -0. 0.019 -0.001 -1. -0. 0.000 0. 0. -1. 0.
1. -0.001 -0. 0.046 -0.001 -1. -0. 0.001 0. 0. -1. 0.
1. -0.002 -0. 0.104 -0.002 -1. -0. 0.008 0. 0. -1. 0.
1. -0.004 -0. 0.153 -0.004 -1. -0. 0.016 0. 0. -1. 0.
1. -0.010 -0. 0.243 -0.010 -1. -0. -0.019 0. 0. -1. 0.
1.000 -0.020 -0. 0.412 -0.020 -1.000 -0. -0.027 0. 0. -1. 0.
0.999 -0.036 -0. 0.658 -0.036 -0.999 -0. -0.035 0. 0. -1. 0.
0.998 -0.061 -0. 0.983 -0.061 -0.998 -0. -0.059 0. 0. -1. 0.
0.997 -0.083 -0. 1.328 -0.083 -0.997 -0. -0.130 0. 0. -1. 0.
0.995 -0.103 -0. 1.815 -0.103 -0.995 -0. -0.218 0. 0. -1. 0.
0.994 -0.109 -0. 2.390 -0.109 -0.994 -0. -0.326 0. 0. -1. 0.
0.994 -0.110 -0. 3.071 -0.110 -0.994 -0. -0.340 0. 0. -1. 0.
0.994 -0.106 -0. 3.864 -0.106 -0.994 -0. -0.390 0. 0. -1. 0.
0.994 -0.109 -0. 4.625 -0.109 -0.994 -0. -0.548 0. 0. -1. 0.
0.994 -0.105 -0. 5.500 -0.105 -0.994 -0. -0.647 0. 0. -1. 0.
0.995 -0.101 -0. 6.421 -0.101 -0.995 -0. -0.737 0. 0. -1. 0.
0.995 -0.100 -0. 7.446 -0.100 -0.995 -0. -0.814 0. 0. -1. 0.
0.995 -0.103 -0. 8.487 -0.103 -0.995 -0. -0.952 0. 0. -1. 0.
0.994 -0.107 -0. 9.625 -0.107 -0.994 -0. -1.044 0. 0. -1. 0.
0.994 -0.111 -0. 10.776 -0.111 -0.994 -0. -1.190 0. 0. -1. 0.
0.993 -0.120 -0. 11.965 -0.120 -0.993 -0. -1.288 0. 0. -1. 0.
0.992 -0.130 -0. 13.168 -0.130 -0.992 -0. -1.424 0. 0. -1. 0.
0.990 -0.140 -0. 14.480 -0.140 -0.990 -0. -1.610 0. 0. -1. 0.
0.989 -0.145 -0. 15.809 -0.145 -0.989 -0. -1.772 0. 0. -1. 0.
0.987 -0.158 -0. 17.155 -0.158 -0.987 -0. -2.074 0. 0. -1. 0.
0.987 -0.159 -0. 18.562 -0.159 -0.987 -0. -2.322 0. 0. -1. 0.
0.987 -0.160 -0. 19.943 -0.160 -0.987 -0. -2.578 0. 0. -1. 0.
0.988 -0.156 -0. 21.377 -0.156 -0.988 -0. -2.787 0. 0. -1. 0.
0.990 -0.141 -0. 22.868 -0.141 -0.990 -0. -3.098 0. 0. -1. 0.
0.993 -0.121 -0. 24.360 -0.121 -0.993 -0. -3.282 0. 0. -1. 0.
0.995 -0.104 -0. 25.838 -0.104 -0.995 -0. -3.401 0. 0. -1. 0.
0.996 -0.090 -0. 27.261 -0.090 -0.996 -0. -3.658 0. 0. -1. 0.
0.997 -0.075 -0. 28.705 -0.075 -0.997 -0. -3.732 0. 0. -1. 0.
0.998 -0.060 -0. 30.114 -0.060 -0.998 -0. -3.743 0. 0. -1. 0.
0.999 -0.048 -0. 31.531 -0.048 -0.999 -0. -3.901 0. 0. -1. 0.
0.999 -0.044 -0. 33.057 -0.044 -0.999 -0. -4.020 0. 0. -1. 0.
0.999 -0.042 -0. 34.526 -0.042 -0.999 -0. -4.037 0. 0. -1. 0.
0.999 -0.040 -0. 36.084 -0.040 -0.999 -0. -4.182 0. 0. -1. 0.
1.000 -0.032 -0. 37.723 -0.032 -1.000 -0. -4.263 0. 0. -1. 0.
1.000 -0.022 -0. 39.277 -0.022 -1.000 -0. -4.289 0. 0. -1. 0.
1. -0.009 -0. 40.950 -0.009 -1. -0. -4.323 0. 0. -1. 0.
1. 0.004 0. 42.618 0.004 -1. -0. -4.317 0. 0. -1. 0.
1.000 0.018 0. 44.283 0.018 -1.000 -0. -4.292 0. 0. -1. 0.
1.000 0.029 0. 45.897 0.029 -1.000 -0. -4.198 0. 0. -1. 0.
0.999 0.037 0. 47.580 0.037 -0.999 -0. -4.218 0. 0. -1. 0.
0.999 0.035 0. 49.330 0.035 -0.999 -0. -4.182 0. 0. -1. 0.
0.999 0.036 0. 51.102 0.036 -0.999 -0. -4.134 0. 0. -1. 0.
0.999 0.035 0. 52.885 0.035 -0.999 -0. -4.097 0. 0. -1. 0.
0.999 0.037 0. 54.661 0.037 -0.999 -0. -4.019 0. 0. -1. 0.
0.999 0.035 0. 56.536 0.035 -0.999 -0. -4.035 0. 0. -1. 0.
1.000 0.031 0. 58.374 0.031 -1.000 -0. -3.977 0. 0. -1. 0.
1.000 0.031 0. 60.262 0.031 -1.000 -0. -3.927 0. 0. -1. 0.
1.000 0.028 0. 62.174 0.028 -1.000 -0. -3.906 0. 0. -1. 0.
0.999 0.032 0. 64.139 0.032 -0.999 -0. -3.927 0. 0. -1. 0.
0.999 0.034 0. 66.146 0.034 -0.999 -0. -3.922 0. 0. -1. 0.
1.000 0.030 0. 68.205 0.030 -1.000 -0. -3.876 0. 0. -1. 0.
1.000 0.030 0. 70.189 0.030 -1.000 -0. -3.753 0. 0. -1. 0.
1.000 0.028 0. 72.213 0.028 -1.000 -0. -3.672 0. 0. -1. 0.
1.000 0.021 0. 74.268 0.021 -1.000 -0. -3.664 0. 0. -1. 0.
1.000 0.014 0. 76.341 0.014 -1.000 -0. -3.650 0. 0. -1. 0.
1. 0.008 0. 78.372 0.008 -1. -0. -3.618 0. 0. -1. 0.
1. -0.004 -0. 80.418 -0.004 -1. -0. -3.624 0. 0. -1. 0.
1. -0.011 -0. 82.475 -0.011 -1. -0. -3.649 0. 0. -1. 0.
0.999 -0.037 -0. 84.476 -0.037 -0.999 -0. -3.727 0. 0. -1. 0.
0.998 -0.070 -0. 86.481 -0.070 -0.998 -0. -3.851 0. 0. -1. 0.
0.994 -0.106 -0. 88.529 -0.106 -0.994 -0. -4.069 0. 0. -1. 0.
0.990 -0.142 -0. 90.498 -0.142 -0.990 -0. -4.376 0. 0. -1. 0.
0.983 -0.185 -0. 92.482 -0.185 -0.983 -0. -4.700 0. 0. -1. 0.
0.971 -0.238 -0. 94.381 -0.238 -0.971 -0. -5.156 0. 0. -1. 0.
0.957 -0.291 -0. 96.209 -0.291 -0.957 -0. -5.744 0. 0. -1. 0.
0.941 -0.338 -0. 98.054 -0.338 -0.941 -0. -6.446 0. 0. -1. 0.
0.921 -0.390 -0. 99.820 -0.390 -0.921 -0. -7.168 0. 0. -1. 0.
0.898 -0.439 -0. 101.566 -0.439 -0.898 -0. -7.987 0. 0. -1. 0.
0.874 -0.487 -0. 103.243 -0.487 -0.874 -0. -8.901 0. 0. -1. 0.
0.845 -0.535 -0. 104.888 -0.535 -0.845 -0. -9.897 0. 0. -1. 0.
0.809 -0.588 -0. 106.513 -0.588 -0.809 -0. -11.004 0. 0. -1. 0.
0.771 -0.637 -0. 107.933 -0.637 -0.771 -0. -12.148 0. 0. -1. 0.
0.726 -0.688 -0. 109.187 -0.688 -0.726 -0. -13.376 0. 0. -1. 0.
0.677 -0.736 -0. 110.400 -0.736 -0.677 -0. -14.687 0. 0. -1. 0.
0.627 -0.779 -0. 111.519 -0.779 -0.627 -0. -16.023 0. 0. -1. 0.
0.576 -0.817 -0. 112.464 -0.817 -0.576 -0. -17.475 0. 0. -1. 0.
0.528 -0.849 -0. 113.368 -0.849 -0.528 -0. -18.910 0. 0. -1. 0.
0.486 -0.874 -0. 114.114 -0.874 -0.486 -0. -20.419 0. 0. -1. 0.
0.453 -0.892 -0. 114.912 -0.892 -0.453 -0. -21.925 0. 0. -1. 0.
0.416 -0.909 -0. 115.609 -0.909 -0.416 -0. -23.459 0. 0. -1. 0.
0.383 -0.924 -0. 116.223 -0.924 -0.383 -0. -24.986 0. 0. -1. 0.
0.354 -0.935 -0. 116.794 -0.935 -0.354 -0. -26.539 0. 0. -1. 0.
0.336 -0.942 -0. 117.390 -0.942 -0.336 -0. -28.108 0. 0. -1. 0.
0.333 -0.943 -0. 117.843 -0.943 -0.333 -0. -29.683 0. 0. -1. 0.
0.347 -0.938 -0. 118.370 -0.938 -0.347 -0. -31.259 0. 0. -1. 0.
0.370 -0.929 -0. 118.994 -0.929 -0.370 -0. -32.820 0. 0. -1. 0.
0.393 -0.919 -0. 119.758 -0.919 -0.393 -0. -34.444 0. 0. -1. 0.
0.416 -0.909 -0. 120.512 -0.909 -0.416 -0. -36.073 0. 0. -1. 0.
0.436 -0.900 -0. 121.236 -0.900 -0.436 -0. -37.635 0. 0. -1. 0.
0.453 -0.891 -0. 121.930 -0.891 -0.453 -0. -39.176 0. 0. -1. 0.
0.470 -0.883 -0. 122.691 -0.883 -0.470 -0. -40.717 0. 0. -1. 0.
0.488 -0.873 -0. 123.590 -0.873 -0.488 -0. -42.194 0. 0. -1. 0.
0.504 -0.864 -0. 124.444 -0.864 -0.504 -0. -43.663 0. 0. -1. 0.
0.522 -0.853 -0. 125.270 -0.853 -0.522 -0. -45.111 0. 0. -1. 0.
0.537 -0.844 -0. 126.088 -0.844 -0.537 -0. -46.508 0. 0. -1. 0.
0.552 -0.834 -0. 126.991 -0.834 -0.552 -0. -47.864 0. 0. -1. 0.
0.571 -0.821 -0. 127.919 -0.821 -0.571 -0. -49.233 0. 0. -1. 0.
0.593 -0.805 -0. 128.850 -0.805 -0.593 -0. -50.592 0. 0. -1. 0.
0.616 -0.788 -0. 129.843 -0.788 -0.616 -0. -51.834 0. 0. -1. 0.
0.637 -0.771 -0. 130.811 -0.771 -0.637 -0. -53.099 0. 0. -1. 0.
0.654 -0.757 -0. 131.854 -0.757 -0.654 -0. -54.285 0. 0. -1. 0.
0.671 -0.742 -0. 132.833 -0.742 -0.671 -0. -55.413 0. 0. -1. 0.
0.682 -0.731 -0. 133.959 -0.731 -0.682 -0. -56.588 0. 0. -1. 0.
0.694 -0.720 -0. 135.030 -0.720 -0.694 -0. -57.709 0. 0. -1. 0.
0.707 -0.707 -0. 136.018 -0.707 -0.707 -0. -58.813 0. 0. -1. 0.
0.722 -0.692 -0. 137.166 -0.692 -0.722 -0. -59.824 0. 0. -1. 0.
0.736 -0.677 -0. 138.244 -0.677 -0.736 -0. -60.860 0. 0. -1. 0.
0.750 -0.661 -0. 139.293 -0.661 -0.750 -0. -61.788 0. 0. -1. 0.
0.765 -0.644 -0. 140.388 -0.644 -0.765 -0. -62.756 0. 0. -1. 0.
0.781 -0.624 -0. 141.510 -0.624 -0.781 -0. -63.653 0. 0. -1. 0.
0.802 -0.598 -0. 142.601 -0.598 -0.802 -0. -64.446 0. 0. -1. 0.
0.838 -0.546 -0. 143.590 -0.546 -0.838 -0. -65.201 0. 0. -1. 0.
0.885 -0.466 -0. 144.670 -0.466 -0.885 -0. -65.811 0. 0. -1. 0.
0.935 -0.355 -0. 145.680 -0.355 -0.935 -0. -66.213 0. 0. -1. 0.
0.976 -0.218 -0. 146.632 -0.218 -0.976 -0. -66.304 0. 0. -1. 0.
0.998 -0.069 -0. 147.452 -0.069 -0.998 -0. -66.324 0. 0. -1. 0.
0.996 0.089 0. 148.238 0.089 -0.996 -0. -66.165 0. 0. -1. 0.
0.967 0.253 0. 148.938 0.253 -0.967 -0. -66.038 0. 0. -1. 0.
0.912 0.411 0. 149.609 0.411 -0.912 -0. -65.500 0. 0. -1. 0.
0.829 0.560 0. 150.184 0.560 -0.829 -0. -65.019 0. 0. -1. 0.
0.727 0.686 0. 150.759 0.686 -0.727 -0. -64.471 0. 0. -1. 0.
0.608 0.794 0. 151.132 0.794 -0.608 -0. -63.898 0. 0. -1. 0.
0.476 0.880 0. 151.458 0.880 -0.476 -0. -63.251 0. 0. -1. 0.
0.329 0.944 0. 151.603 0.944 -0.329 -0. -62.585 0. 0. -1. 0.
0.176 0.984 0. 151.680 0.984 -0.176 -0. -61.892 0. 0. -1. 0.
0.019 1.000 0. 151.673 1.000 -0.019 -0. -61.189 0. 0. -1. 0.
-0.144 0.990 0. 151.527 0.990 0.144 0. -60.431 0. 0. -1. 0.
-0.307 0.952 0. 151.241 0.952 0.307 0. -59.782 0. 0. -1. 0.
-0.467 0.884 0. 150.913 0.884 0.467 0. -59.151 0. 0. -1. 0.
-0.616 0.788 0. 150.357 0.788 0.616 0. -58.480 0. 0. -1. 0.
-0.745 0.667 0. 149.779 0.667 0.745 0. -57.995 0. 0. -1. 0.
-0.845 0.535 0. 149.005 0.535 0.845 0. -57.624 0. 0. -1. 0.
-0.913 0.407 0. 148.194 0.407 0.913 0. -57.247 0. 0. -1. 0.
-0.955 0.296 0. 147.400 0.296 0.955 0. -57.033 0. 0. -1. 0.
-0.978 0.207 0. 146.412 0.207 0.978 0. -56.815 0. 0. -1. 0.
-0.990 0.144 0. 145.495 0.144 0.990 0. -56.766 0. 0. -1. 0.
-0.992 0.124 0. 144.471 0.124 0.992 0. -56.599 0. 0. -1. 0.
-0.991 0.131 0. 143.455 0.131 0.991 0. -56.509 0. 0. -1. 0.
-0.986 0.164 0. 142.245 0.164 0.986 0. -56.320 0. 0. -1. 0.
-0.977 0.214 0. 141.094 0.214 0.977 0. -56.169 0. 0. -1. 0.
-0.961 0.276 0. 139.949 0.276 0.961 0. -55.796 0. 0. -1. 0.
-0.940 0.340 0. 138.747 0.340 0.940 0. -55.363 0. 0. -1. 0.
-0.914 0.406 0. 137.577 0.406 0.914 0. -54.846 0. 0. -1. 0.
-0.883 0.469 0. 136.404 0.469 0.883 0. -54.213 0. 0. -1. 0.
-0.851 0.525 0. 135.160 0.525 0.851 0. -53.433 0. 0. -1. 0.
-0.819 0.574 0. 133.928 0.574 0.819 0. -52.569 0. 0. -1. 0.
-0.784 0.621 0. 132.694 0.621 0.784 0. -51.653 0. 0. -1. 0.
-0.746 0.666 0. 131.519 0.666 0.746 0. -50.587 0. 0. -1. 0.
-0.708 0.706 0. 130.333 0.706 0.708 0. -49.447 0. 0. -1. 0.
-0.668 0.744 0. 129.368 0.744 0.668 0. -48.183 0. 0. -1. 0.
-0.634 0.773 0. 128.207 0.773 0.634 0. -46.878 0. 0. -1. 0.
-0.603 0.798 0. 127.158 0.798 0.603 0. -45.492 0. 0. -1. 0.
-0.568 0.823 0. 126.125 0.823 0.568 0. -44.034 0. 0. -1. 0.
-0.528 0.849 0. 125.134 0.849 0.528 0. -42.499 0. 0. -1. 0.
-0.490 0.872 0. 124.160 0.872 0.490 0. -40.872 0. 0. -1. 0.
-0.452 0.892 0. 123.409 0.892 0.452 0. -39.175 0. 0. -1. 0.
-0.418 0.908 0. 122.572 0.908 0.418 0. -37.430 0. 0. -1. 0.
-0.393 0.919 0. 121.882 0.919 0.393 0. -35.566 0. 0. -1. 0.
-0.371 0.929 0. 121.158 0.929 0.371 0. -33.786 0. 0. -1. 0.
-0.354 0.935 0. 120.454 0.935 0.354 0. -31.958 0. 0. -1. 0.
-0.341 0.940 0. 119.787 0.940 0.341 0. -30.091 0. 0. -1. 0.
-0.339 0.941 0. 119.199 0.941 0.339 0. -28.299 0. 0. -1. 0.
-0.343 0.939 0. 118.542 0.939 0.343 0. -26.464 0. 0. -1. 0.
-0.350 0.937 0. 117.931 0.937 0.350 0. -24.650 0. 0. -1. 0.
-0.364 0.931 0. 117.280 0.931 0.364 0. -22.847 0. 0. -1. 0.
-0.390 0.921 0. 116.503 0.921 0.390 0. -21.139 0. 0. -1. 0.
-0.422 0.907 0. 115.765 0.907 0.422 0. -19.407 0. 0. -1. 0.
-0.468 0.884 0. 115.016 0.884 0.468 0. -17.735 0. 0. -1. 0.
-0.516 0.856 0. 114.089 0.856 0.516 0. -16.177 0. 0. -1. 0.
-0.573 0.820 0. 113.051 0.820 0.573 0. -14.688 0. 0. -1. 0.
-0.629 0.778 0. 111.978 0.778 0.629 0. -13.248 0. 0. -1. 0.
-0.688 0.726 0. 110.729 0.726 0.688 0. -11.859 0. 0. -1. 0.
-0.740 0.673 0. 109.408 0.673 0.740 0. -10.661 0. 0. -1. 0.
-0.788 0.616 0. 108.109 0.616 0.788 0. -9.558 0. 0. -1. 0.
-0.831 0.556 0. 106.624 0.556 0.831 0. -8.576 0. 0. -1. 0.
-0.869 0.495 0. 105.118 0.495 0.869 0. -7.664 0. 0. -1. 0.
-0.900 0.437 0. 103.500 0.437 0.900 0. -6.923 0. 0. -1. 0.
-0.925 0.381 0. 101.927 0.381 0.925 0. -6.250 0. 0. -1. 0.
-0.944 0.330 0. 100.176 0.330 0.944 0. -5.609 0. 0. -1. 0.
-0.960 0.281 0. 98.449 0.281 0.960 0. -5.085 0. 0. -1. 0.
-0.972 0.234 0. 96.628 0.234 0.972 0. -4.629 0. 0. -1. 0.
-0.982 0.188 0. 94.803 0.188 0.982 0. -4.223 0. 0. -1. 0.
-0.989 0.147 0. 92.865 0.147 0.989 0. -3.905 0. 0. -1. 0.
-0.994 0.113 0. 90.985 0.113 0.994 0. -3.716 0. 0. -1. 0.
-0.996 0.087 0. 88.984 0.087 0.996 0. -3.551 0. 0. -1. 0.
-0.998 0.059 0. 86.925 0.059 0.998 0. -3.431 0. 0. -1. 0.
-0.999 0.045 0. 84.872 0.045 0.999 0. -3.302 0. 0. -1. 0.
-1.000 0.028 0. 82.754 0.028 1.000 0. -3.263 0. 0. -1. 0.
-1. 0.013 0. 80.704 0.013 1. 0. -3.306 0. 0. -1. 0.
-1. 0.000 0. 78.493 0.000 1. 0. -3.289 0. 0. -1. 0.
-1. -0.010 -0. 76.374 -0.010 1. 0. -3.231 0. 0. -1. 0.
-1.000 -0.018 -0. 74.174 -0.018 1.000 0. -3.198 0. 0. -1. 0.
-1.000 -0.030 -0. 72.101 -0.030 1.000 0. -3.302 0. 0. -1. 0.
-0.999 -0.041 -0. 70.005 -0.041 0.999 0. -3.382 0. 0. -1. 0.
-0.999 -0.047 -0. 67.948 -0.047 0.999 0. -3.473 0. 0. -1. 0.
-0.999 -0.047 -0. 65.871 -0.047 0.999 0. -3.560 0. 0. -1. 0.
-0.999 -0.049 -0. 63.872 -0.049 0.999 0. -3.641 0. 0. -1. 0.
-0.999 -0.049 -0. 61.776 -0.049 0.999 0. -3.707 0. 0. -1. 0.
-0.998 -0.055 -0. 59.847 -0.055 0.998 0. -3.704 0. 0. -1. 0.
-0.998 -0.056 -0. 57.883 -0.056 0.998 0. -3.846 0. 0. -1. 0.
-0.998 -0.056 -0. 55.918 -0.056 0.998 0. -3.977 0. 0. -1. 0.
-0.998 -0.057 -0. 53.966 -0.057 0.998 0. -3.999 0. 0. -1. 0.
-0.999 -0.054 -0. 52.066 -0.054 0.999 0. -4.115 0. 0. -1. 0.
-0.999 -0.048 -0. 50.166 -0.048 0.999 0. -4.252 0. 0. -1. 0.
-0.999 -0.033 -0. 48.280 -0.033 0.999 0. -4.333 0. 0. -1. 0.
-1.000 -0.023 -0. 46.419 -0.023 1.000 0. -4.360 0. 0. -1. 0.
-1. -0.008 -0. 44.524 -0.008 1. 0. -4.390 0. 0. -1. 0.
-1.000 0.015 0. 42.676 0.015 1.000 0. -4.312 0. 0. -1. 0.
-0.999 0.040 0. 40.882 0.040 0.999 0. -4.271 0. 0. -1. 0.
-0.999 0.052 0. 39.080 0.052 0.999 0. -4.140 0. 0. -1. 0.
-0.999 0.053 0. 37.257 0.053 0.999 0. -4.015 0. 0. -1. 0.
-0.999 0.051 0. 35.473 0.051 0.999 0. -3.934 0. 0. -1. 0.
-0.999 0.048 0. 33.641 0.048 0.999 0. -3.841 0. 0. -1. 0.
-0.998 0.060 0. 31.897 0.060 0.998 0. -3.794 0. 0. -1. 0.
-0.998 0.070 0. 30.129 0.070 0.998 0. -3.601 0. 0. -1. 0.
-0.997 0.082 0. 28.361 0.082 0.997 0. -3.439 0. 0. -1. 0.
-0.996 0.091 0. 26.578 0.091 0.996 0. -3.234 0. 0. -1. 0.
-0.995 0.101 0. 24.823 0.101 0.995 0. -3.037 0. 0. -1. 0.
-0.994 0.108 0. 23.087 0.108 0.994 0. -2.828 0. 0. -1. 0.
-0.994 0.111 0. 21.366 0.111 0.994 0. -2.586 0. 0. -1. 0.
-0.994 0.109 0. 19.566 0.109 0.994 0. -2.420 0. 0. -1. 0.
-0.995 0.104 0. 17.821 0.104 0.995 0. -2.238 0. 0. -1. 0.
-0.995 0.104 0. 16.066 0.104 0.995 0. -2.047 0. 0. -1. 0.
-0.995 0.095 0. 14.369 0.095 0.995 0. -1.882 0. 0. -1. 0.
-0.996 0.088 0. 12.622 0.088 0.996 0. -1.719 0. 0. -1. 0.
-0.997 0.083 0. 10.896 0.083 0.997 0. -1.559 0. 0. -1. 0.
-0.997 0.078 0. 9.157 0.078 0.997 0. -1.421 0. 0. -1. 0.
-0.997 0.075 0. 7.455 0.075 0.997 0. -1.256 0. 0. -1. 0.
-0.997 0.074 0. 5.729 0.074 0.997 0. -1.106 0. 0. -1. 0.
-0.998 0.070 0. 4.013 0.070 0.998 0. -0.944 0. 0. -1. 0.
-0.998 0.063 0. 2.293 0.063 0.998 0. -0.869 0. 0. -1. 0.
-0.998 0.058 0. 0.543 0.058 0.998 0. -0.714 0. 0. -1. 0.
-0.999 0.050 0. -1.221 0.050 0.999 0. -0.559 0. 0. -1. 0.
-0.999 0.043 0. -3.005 0.043 0.999 0. -0.514 0. 0. -1. 0.
-0.999 0.032 0. -4.844 0.032 0.999 0. -0.424 0. 0. -1. 0.
-1.000 0.020 0. -6.672 0.020 1.000 0. -0.360 0. 0. -1. 0.
-1.000 0.017 0. -8.539 0.017 1.000 0. -0.313 0. 0. -1. 0.
-1. 0.012 0. -10.466 0.012 1. 0. -0.275 0. 0. -1. 0.
-1. 0.012 0. -12.404 0.012 1. 0. -0.249 0. 0. -1. 0.
-1. 0.010 0. -14.332 0.010 1. 0. -0.172 0. 0. -1. 0.
-1. 0.009 0. -16.259 0.009 1. 0. -0.176 0. 0. -1. 0.
-1. 0.010 0. -18.297 0.010 1. 0. -0.116 0. 0. -1. 0.
-1.000 0.015 0. -20.354 0.015 1.000 0. -0.075 0. 0. -1. 0.
-1.000 0.020 0. -22.445 0.020 1.000 0. -0.046 0. 0. -1. 0.
-1.000 0.020 0. -24.473 0.020 1.000 0. 0.041 0. 0. -1. 0.
-1.000 0.024 0. -26.605 0.024 1.000 0. 0.034 0. 0. -1. 0.
-1.000 0.026 0. -28.627 0.026 1.000 0. 0.100 0. 0. -1. 0.
-1.000 0.024 0. -30.711 0.024 1.000 0. 0.163 0. 0. -1. 0.
-1.000 0.020 0. -32.729 0.020 1.000 0. 0.130 0. 0. -1. 0.
-1.000 0.015 0. -34.803 0.015 1.000 0. 0.234 0. 0. -1. 0.
-1. 0.011 0. -36.833 0.011 1. 0. 0.270 0. 0. -1. 0.
-1. 0.012 0. -38.823 0.012 1. 0. 0.244 0. 0. -1. 0.
-1.000 0.017 0. -40.804 0.017 1.000 0. 0.362 0. 0. -1. 0.
-1.000 0.021 0. -42.762 0.021 1.000 0. 0.401 0. 0. -1. 0.
-1.000 0.025 0. -44.658 0.025 1.000 0. 0.522 0. 0. -1. 0.
-0.999 0.035 0. -46.496 0.035 0.999 0. 0.608 0. 0. -1. 0.
-0.999 0.041 0. -48.423 0.041 0.999 0. 0.722 0. 0. -1. 0.
-0.999 0.043 0. -50.241 0.043 0.999 0. 0.816 0. 0. -1. 0.
-0.999 0.045 0. -52.015 0.045 0.999 0. 0.891 0. 0. -1. 0.
-0.999 0.045 0. -53.782 0.045 0.999 0. 0.991 0. 0. -1. 0.
-0.999 0.047 0. -55.543 0.047 0.999 0. 1.038 0. 0. -1. 0.
-0.999 0.048 0. -57.238 0.048 0.999 0. 1.154 0. 0. -1. 0.
-0.999 0.054 0. -58.909 0.054 0.999 0. 1.273 0. 0. -1. 0.
-0.998 0.059 0. -60.565 0.059 0.998 0. 1.328 0. 0. -1. 0.
-0.998 0.070 0. -62.133 0.070 0.998 0. 1.489 0. 0. -1. 0.
-0.997 0.083 0. -63.672 0.083 0.997 0. 1.672 0. 0. -1. 0.
-0.995 0.096 0. -65.228 0.096 0.995 0. 1.884 0. 0. -1. 0.
-0.994 0.112 0. -66.639 0.112 0.994 0. 2.023 0. 0. -1. 0.
-0.992 0.129 0. -68.001 0.129 0.992 0. 2.182 0. 0. -1. 0.
-0.990 0.143 0. -69.290 0.143 0.990 0. 2.309 0. 0. -1. 0.
-0.987 0.159 0. -70.457 0.159 0.987 0. 2.590 0. 0. -1. 0.
-0.984 0.179 0. -71.693 0.179 0.984 0. 2.848 0. 0. -1. 0.
-0.980 0.199 0. -72.770 0.199 0.980 0. 3.045 0. 0. -1. 0.
-0.973 0.232 0. -73.899 0.232 0.973 0. 3.428 0. 0. -1. 0.
-0.961 0.276 0. -75.013 0.276 0.961 0. 3.712 0. 0. -1. 0.
-0.946 0.325 0. -76.103 0.325 0.946 0. 4.052 0. 0. -1. 0.
-0.925 0.379 0. -77.117 0.379 0.925 0. 4.548 0. 0. -1. 0.
-0.899 0.438 0. -78.223 0.438 0.899 0. 5.045 0. 0. -1. 0.
-0.867 0.498 0. -79.191 0.498 0.867 0. 5.589 0. 0. -1. 0.
-0.831 0.556 0. -80.149 0.556 0.831 0. 6.343 0. 0. -1. 0.
-0.790 0.613 0. -81.076 0.613 0.790 0. 7.060 0. 0. -1. 0.
-0.742 0.670 0. -81.910 0.670 0.742 0. 7.789 0. 0. -1. 0.
-0.689 0.725 0. -82.565 0.725 0.689 0. 8.652 0. 0. -1. 0.
-0.626 0.780 0. -83.298 0.780 0.626 0. 9.581 0. 0. -1. 0.
-0.564 0.826 0. -83.964 0.826 0.564 0. 10.645 0. 0. -1. 0.
-0.499 0.867 0. -84.633 0.867 0.499 0. 11.731 0. 0. -1. 0.
-0.434 0.901 0. -85.089 0.901 0.434 0. 12.824 0. 0. -1. 0.
-0.367 0.930 0. -85.520 0.930 0.367 0. 14.128 0. 0. -1. 0.
-0.305 0.952 0. -86.000 0.952 0.305 0. 15.457 0. 0. -1. 0.
-0.240 0.971 0. -86.422 0.971 0.240 0. 16.814 0. 0. -1. 0.
-0.184 0.983 0. -86.659 0.983 0.184 0. 18.231 0. 0. -1. 0.
-0.134 0.991 0. -86.807 0.991 0.134 0. 19.683 0. 0. -1. 0.
-0.102 0.995 0. -86.934 0.995 0.102 0. 21.216 0. 0. -1. 0.
-0.082 0.997 0. -87.117 0.997 0.082 0. 22.756 0. 0. -1. 0.
-0.065 0.998 0. -87.175 0.998 0.065 0. 24.321 0. 0. -1. 0.
-0.046 0.999 0. -87.143 0.999 0.046 0. 25.920 0. 0. -1. 0.
-0.033 0.999 0. -87.279 0.999 0.033 0. 27.510 0. 0. -1. 0.
-0.018 1.000 0. -87.255 1.000 0.018 0. 29.145 0. 0. -1. 0.
-0.015 1.000 0. -87.217 1.000 0.015 0. 30.744 0. 0. -1. 0.
-0.015 1.000 0. -87.323 1.000 0.015 0. 32.482 0. 0. -1. 0.
-0.020 1.000 0. -87.296 1.000 0.020 0. 34.050 0. 0. -1. 0.
-0.020 1.000 0. -87.292 1.000 0.020 0. 35.786 0. 0. -1. 0.
-0.023 1.000 0. -87.318 1.000 0.023 0. 37.597 0. 0. -1. 0.
-0.027 1.000 0. -87.355 1.000 0.027 0. 39.280 0. 0. -1. 0.
-0.025 1.000 0. -87.363 1.000 0.025 0. 41.168 0. 0. -1. 0.
-0.025 1.000 0. -87.374 1.000 0.025 0. 43.007 0. 0. -1. 0.
-0.024 1.000 0. -87.485 1.000 0.024 0. 44.860 0. 0. -1. 0.
-0.024 1.000 0. -87.500 1.000 0.024 0. 46.655 0. 0. -1. 0.
-0.024 1.000 0. -87.488 1.000 0.024 0. 48.472 0. 0. -1. 0.
-0.023 1.000 0. -87.518 1.000 0.023 0. 50.258 0. 0. -1. 0.
-0.021 1.000 0. -87.509 1.000 0.021 0. 52.027 0. 0. -1. 0.
-0.024 1.000 0. -87.541 1.000 0.024 0. 53.788 0. 0. -1. 0.
-0.021 1.000 0. -87.553 1.000 0.021 0. 55.578 0. 0. -1. 0.
-0.025 1.000 0. -87.573 1.000 0.025 0. 57.315 0. 0. -1. 0.
-0.023 1.000 0. -87.576 1.000 0.023 0. 59.041 0. 0. -1. 0.
-0.018 1.000 0. -87.574 1.000 0.018 0. 60.859 0. 0. -1. 0.
-0.010 1. 0. -87.592 1. 0.010 0. 62.643 0. 0. -1. 0.
-0.005 1. 0. -87.626 1. 0.005 0. 64.268 0. 0. -1. 0.
-0.002 1. 0. -87.586 1. 0.002 0. 65.940 0. 0. -1. 0.
-0.001 1. 0. -87.552 1. 0.001 0. 67.773 0. 0. -1. 0.
-0.004 1. 0. -87.499 1. 0.004 0. 69.453 0. 0. -1. 0.
-0.011 1. 0. -87.520 1. 0.011 0. 71.196 0. 0. -1. 0.
-0.019 1.000 0. -87.555 1.000 0.019 0. 72.892 0. 0. -1. 0.
-0.039 0.999 0. -87.560 0.999 0.039 0. 74.696 0. 0. -1. 0.
-0.069 0.998 0. -87.622 0.998 0.069 0. 76.440 0. 0. -1. 0.
-0.113 0.994 0. -87.827 0.994 0.113 0. 78.167 0. 0. -1. 0.
-0.162 0.987 0. -88.082 0.987 0.162 0. 79.946 0. 0. -1. 0.
-0.214 0.977 0. -88.389 0.977 0.214 0. 81.718 0. 0. -1. 0.
-0.264 0.964 0. -88.736 0.964 0.264 0. 83.531 0. 0. -1. 0.
-0.320 0.947 0. -89.414 0.947 0.320 0. 85.329 0. 0. -1. 0.
-0.375 0.927 0. -90.051 0.927 0.375 0. 86.954 0. 0. -1. 0.
-0.424 0.906 0. -90.777 0.906 0.424 0. 88.835 0. 0. -1. 0.
-0.480 0.878 0. -91.674 0.878 0.480 0. 90.624 0. 0. -1. 0.
-0.528 0.849 0. -92.623 0.849 0.528 0. 92.328 0. 0. -1. 0.
-0.576 0.818 0. -93.751 0.818 0.576 0. 94.115 0. 0. -1. 0.
-0.612 0.791 0. -94.991 0.791 0.612 0. 95.716 0. 0. -1. 0.
-0.639 0.769 0. -96.272 0.769 0.639 0. 97.364 0. 0. -1. 0.
-0.658 0.753 0. -97.576 0.753 0.658 0. 98.991 0. 0. -1. 0.
-0.675 0.737 0. -99.066 0.737 0.675 0. 100.563 0. 0. -1. 0.
-0.684 0.730 0. -100.534 0.730 0.684 0. 102.172 0. 0. -1. 0.
-0.690 0.724 0. -102.048 0.724 0.690 0. 103.746 0. 0. -1. 0.
-0.694 0.720 0. -103.611 0.720 0.694 0. 105.289 0. 0. -1. 0.
-0.697 0.717 0. -105.215 0.717 0.697 0. 106.977 0. 0. -1. 0.
-0.699 0.715 0. -106.812 0.715 0.699 0. 108.593 0. 0. -1. 0.
-0.702 0.712 0. -108.474 0.712 0.702 0. 110.250 0. 0. -1. 0.
-0.704 0.710 0. -110.077 0.710 0.704 0. 111.930 0. 0. -1. 0.
-0.707 0.707 0. -111.747 0.707 0.707 0. 113.648 0. 0. -1. 0.
-0.709 0.705 0. -113.406 0.705 0.709 0. 115.434 0. 0. -1. 0.
-0.712 0.702 0. -115.146 0.702 0.712 0. 117.089 0. 0. -1. 0.
-0.714 0.700 0. -116.874 0.700 0.714 0. 118.815 0. 0. -1. 0.
-0.716 0.698 0. -118.588 0.698 0.716 0. 120.645 0. 0. -1. 0.
-0.716 0.698 0. -120.362 0.698 0.716 0. 122.368 0. 0. -1. 0.
-0.717 0.697 0. -122.157 0.697 0.717 0. 124.128 0. 0. -1. 0.
-0.718 0.696 0. -123.916 0.696 0.718 0. 125.942 0. 0. -1. 0.
-0.719 0.695 0. -125.771 0.695 0.719 0. 127.747 0. 0. -1. 0.
-0.719 0.695 0. -127.546 0.695 0.719 0. 129.525 0. 0. -1. 0.
-0.718 0.696 0. -129.335 0.696 0.718 0. 131.379 0. 0. -1. 0.
-0.719 0.695 0. -131.129 0.695 0.719 0. 133.134 0. 0. -1. 0.
-0.715 0.699 0. -132.909 0.699 0.715 0. 134.985 0. 0. -1. 0.
-0.716 0.699 0. -134.757 0.699 0.716 0. 136.777 0. 0. -1. 0.
-0.714 0.700 0. -136.483 0.700 0.714 0. 138.635 0. 0. -1. 0.
-0.711 0.703 0. -138.290 0.703 0.711 0. 140.421 0. 0. -1. 0.
-0.708 0.706 0. -140.026 0.706 0.708 0. 142.257 0. 0. -1. 0.
-0.701 0.713 0. -141.925 0.713 0.701 0. 144.070 0. 0. -1. 0.
-0.692 0.721 0. -143.648 0.721 0.692 0. 145.905 0. 0. -1. 0.
-0.679 0.734 0. -145.365 0.734 0.679 0. 147.775 0. 0. -1. 0.
-0.665 0.746 0. -146.996 0.746 0.665 0. 149.661 0. 0. -1. 0.
-0.649 0.761 0. -148.544 0.761 0.649 0. 151.633 0. 0. -1. 0.
-0.630 0.776 0. -150.168 0.776 0.630 0. 153.528 0. 0. -1. 0.
-0.606 0.796 0. -151.504 0.796 0.606 0. 155.514 0. 0. -1. 0.
-0.579 0.815 0. -152.982 0.815 0.579 0. 157.469 0. 0. -1. 0.
-0.549 0.836 0. -154.255 0.836 0.549 0. 159.542 0. 0. -1. 0.
-0.513 0.858 0. -155.558 0.858 0.513 0. 161.584 0. 0. -1. 0.
-0.471 0.882 0. -156.689 0.882 0.471 0. 163.678 0. 0. -1. 0.
-0.430 0.903 0. -157.752 0.903 0.430 0. 165.856 0. 0. -1. 0.
-0.390 0.921 0. -158.629 0.921 0.390 0. 168.096 0. 0. -1. 0.
-0.347 0.938 0. -159.453 0.938 0.347 0. 170.342 0. 0. -1. 0.
-0.305 0.952 0. -160.268 0.952 0.305 0. 172.660 0. 0. -1. 0.
-0.263 0.965 0. -160.922 0.965 0.263 0. 175.007 0. 0. -1. 0.
-0.225 0.974 0. -161.402 0.974 0.225 0. 177.401 0. 0. -1. 0.
-0.196 0.981 0. -161.881 0.981 0.196 0. 179.801 0. 0. -1. 0.
-0.175 0.985 0. -162.330 0.985 0.175 0. 182.221 0. 0. -1. 0.
-0.161 0.987 0. -162.726 0.987 0.161 0. 184.649 0. 0. -1. 0.
-0.145 0.989 0. -162.991 0.989 0.145 0. 187.089 0. 0. -1. 0.
-0.137 0.991 0. -163.393 0.991 0.137 0. 189.502 0. 0. -1. 0.
-0.126 0.992 0. -163.604 0.992 0.126 0. 191.954 0. 0. -1. 0.
-0.124 0.992 0. -163.892 0.992 0.124 0. 194.317 0. 0. -1. 0.
-0.121 0.993 0. -164.041 0.993 0.121 0. 196.711 0. 0. -1. 0.
-0.126 0.992 0. -164.342 0.992 0.126 0. 199.041 0. 0. -1. 0.
-0.132 0.991 0. -164.590 0.991 0.132 0. 201.352 0. 0. -1. 0.
-0.145 0.989 0. -164.913 0.989 0.145 0. 203.618 0. 0. -1. 0.
-0.162 0.987 0. -165.199 0.987 0.162 0. 205.864 0. 0. -1. 0.
-0.183 0.983 0. -165.622 0.983 0.183 0. 208.071 0. 0. -1. 0.
-0.211 0.977 0. -166.099 0.977 0.211 0. 210.270 0. 0. -1. 0.
-0.245 0.970 0. -166.596 0.970 0.245 0. 212.391 0. 0. -1. 0.
-0.286 0.958 0. -167.230 0.958 0.286 0. 214.416 0. 0. -1. 0.
-0.341 0.940 0. -167.910 0.940 0.341 0. 216.443 0. 0. -1. 0.
-0.403 0.915 0. -168.652 0.915 0.403 0. 218.425 0. 0. -1. 0.
-0.464 0.886 0. -169.639 0.886 0.464 0. 220.263 0. 0. -1. 0.
-0.521 0.853 0. -170.767 0.853 0.521 0. 222.000 0. 0. -1. 0.
-0.583 0.812 0. -171.944 0.812 0.583 0. 223.680 0. 0. -1. 0.
-0.642 0.767 0. -173.270 0.767 0.642 0. 225.211 0. 0. -1. 0.
-0.701 0.714 0. -174.619 0.714 0.701 0. 226.746 0. 0. -1. 0.
-0.754 0.657 0. -176.134 0.657 0.754 0. 228.101 0. 0. -1. 0.
-0.804 0.595 0. -177.771 0.595 0.804 0. 229.290 0. 0. -1. 0.
-0.844 0.536 0. -179.485 0.536 0.844 0. 230.397 0. 0. -1. 0.
-0.880 0.475 0. -181.305 0.475 0.880 0. 231.408 0. 0. -1. 0.
-0.908 0.419 0. -183.203 0.419 0.908 0. 232.365 0. 0. -1. 0.
-0.929 0.371 0. -185.190 0.371 0.929 0. 233.147 0. 0. -1. 0.
-0.943 0.333 0. -187.268 0.333 0.943 0. 233.905 0. 0. -1. 0.
-0.952 0.306 0. -189.405 0.306 0.952 0. 234.751 0. 0. -1. 0.
-0.957 0.291 0. -191.684 0.291 0.957 0. 235.473 0. 0. -1. 0.
-0.958 0.287 0. -194.019 0.287 0.958 0. 236.171 0. 0. -1. 0.
-0.958 0.287 0. -196.380 0.287 0.958 0. 236.922 0. 0. -1. 0.
-0.958 0.286 0. -198.813 0.286 0.958 0. 237.716 0. 0. -1. 0.
-0.960 0.281 0. -201.375 0.281 0.960 0. 238.473 0. 0. -1. 0.
-0.961 0.277 0. -203.998 0.277 0.961 0. 239.222 0. 0. -1. 0.
-0.961 0.275 0. -206.461 0.275 0.961 0. 239.996 0. 0. -1. 0.
-0.962 0.273 0. -209.020 0.273 0.962 0. 240.711 0. 0. -1. 0.
-0.963 0.270 0. -211.573 0.270 0.963 0. 241.437 0. 0. -1. 0.
-0.963 0.268 0. -214.078 0.268 0.963 0. 242.176 0. 0. -1. 0.
-0.963 0.269 0. -216.583 0.269 0.963 0. 242.885 0. 0. -1. 0.
-0.963 0.270 0. -219.064 0.270 0.963 0. 243.606 0. 0. -1. 0.
-0.963 0.271 0. -221.538 0.271 0.963 0. 244.325 0. 0. -1. 0.
-0.962 0.273 0. -223.955 0.273 0.962 0. 245.036 0. 0. -1. 0.
-0.962 0.274 0. -226.346 0.274 0.962 0. 245.746 0. 0. -1. 0.
-0.961 0.277 0. -228.714 0.277 0.961 0. 246.494 0. 0. -1. 0.
-0.959 0.283 0. -231.078 0.283 0.959 0. 247.180 0. 0. -1. 0.
-0.954 0.298 0. -233.417 0.298 0.954 0. 247.885 0. 0. -1. 0.
-0.946 0.323 0. -235.580 0.323 0.946 0. 248.658 0. 0. -1. 0.
-0.933 0.360 0. -237.584 0.360 0.933 0. 249.479 0. 0. -1. 0.
-0.919 0.393 0. -239.450 0.393 0.919 0. 250.313 0. 0. -1. 0.
-0.906 0.424 0. -241.279 0.424 0.906 0. 251.175 0. 0. -1. 0.
-0.894 0.448 0. -242.987 0.448 0.894 0. 252.030 0. 0. -1. 0.
-0.886 0.463 0. -244.656 0.463 0.886 0. 252.928 0. 0. -1. 0.
-0.886 0.465 0. -246.208 0.465 0.886 0. 253.760 0. 0. -1. 0.
-0.889 0.459 0. -247.692 0.459 0.889 0. 254.599 0. 0. -1. 0.
-0.891 0.453 0. -249.195 0.453 0.891 0. 255.383 0. 0. -1. 0.
-0.890 0.456 0. -250.605 0.456 0.890 0. 256.163 0. 0. -1. 0.
-0.885 0.466 0. -251.766 0.466 0.885 0. 256.882 0. 0. -1. 0.
-0.874 0.485 0. -253.062 0.485 0.874 0. 257.511 0. 0. -1. 0.
-0.854 0.520 0. -254.143 0.520 0.854 0. 258.157 0. 0. -1. 0.
-0.823 0.568 0. -255.196 0.568 0.823 0. 258.904 0. 0. -1. 0.
-0.775 0.632 0. -256.105 0.632 0.775 0. 259.690 0. 0. -1. 0.
-0.715 0.699 0. -256.964 0.699 0.715 0. 260.482 0. 0. -1. 0.
-0.640 0.768 0. -257.654 0.768 0.640 0. 261.309 0. 0. -1. 0.
-0.554 0.833 0. -258.268 0.833 0.554 0. 262.311 0. 0. -1. 0.
-0.460 0.888 0. -258.756 0.888 0.460 0. 263.288 0. 0. -1. 0.
-0.362 0.932 0. -259.027 0.932 0.362 0. 264.347 0. 0. -1. 0.
-0.249 0.968 0. -259.375 0.968 0.249 0. 265.456 0. 0. -1. 0.
-0.143 0.990 0. -259.451 0.990 0.143 0. 266.661 0. 0. -1. 0.
-0.051 0.999 0. -259.414 0.999 0.051 0. 267.931 0. 0. -1. 0.
0.022 1.000 0. -259.390 1.000 -0.022 -0. 269.332 0. 0. -1. 0.
0.086 0.996 0. -259.243 0.996 -0.086 -0. 270.801 0. 0. -1. 0.
0.146 0.989 0. -259.018 0.989 -0.146 -0. 272.382 0. 0. -1. 0.
0.191 0.982 0. -258.648 0.982 -0.191 -0. 274.031 0. 0. -1. 0.
0.223 0.975 0. -258.178 0.975 -0.223 -0. 275.826 0. 0. -1. 0.
0.240 0.971 0. -257.659 0.971 -0.240 -0. 277.736 0. 0. -1. 0.
0.248 0.969 0. -257.184 0.969 -0.248 -0. 279.820 0. 0. -1. 0.
0.249 0.968 0. -256.606 0.968 -0.249 -0. 281.976 0. 0. -1. 0.
0.254 0.967 0. -256.011 0.967 -0.254 -0. 284.271 0. 0. -1. 0.
0.252 0.968 0. -255.336 0.968 -0.252 -0. 286.625 0. 0. -1. 0.
0.255 0.967 0. -254.651 0.967 -0.255 -0. 289.134 0. 0. -1. 0.
0.252 0.968 0. -253.963 0.968 -0.252 -0. 291.726 0. 0. -1. 0.
0.247 0.969 0. -253.226 0.969 -0.247 -0. 294.353 0. 0. -1. 0.
0.238 0.971 0. -252.538 0.971 -0.238 -0. 297.059 0. 0. -1. 0.
0.231 0.973 0. -251.852 0.973 -0.231 -0. 299.851 0. 0. -1. 0.
0.220 0.975 0. -251.140 0.975 -0.220 -0. 302.722 0. 0. -1. 0.
0.210 0.978 0. -250.469 0.978 -0.210 -0. 305.626 0. 0. -1. 0.
0.203 0.979 0. -249.782 0.979 -0.203 -0. 308.661 0. 0. -1. 0.
0.196 0.981 0. -249.165 0.981 -0.196 -0. 311.785 0. 0. -1. 0.
0.191 0.982 0. -248.476 0.982 -0.191 -0. 314.958 0. 0. -1. 0.
0.189 0.982 0. -247.827 0.982 -0.189 -0. 318.220 0. 0. -1. 0.
0.188 0.982 0. -247.162 0.982 -0.188 -0. 321.554 0. 0. -1. 0.
0.189 0.982 0. -246.505 0.982 -0.189 -0. 324.948 0. 0. -1. 0.
0.189 0.982 0. -245.811 0.982 -0.189 -0. 328.397 0. 0. -1. 0.
0.193 0.981 0. -245.113 0.981 -0.193 -0. 331.984 0. 0. -1. 0.
0.201 0.980 0. -244.427 0.980 -0.201 -0. 335.568 0. 0. -1. 0.
0.211 0.978 0. -243.604 0.978 -0.211 -0. 339.223 0. 0. -1. 0.
0.217 0.976 0. -242.787 0.976 -0.217 -0. 342.977 0. 0. -1. 0.
0.223 0.975 0. -241.887 0.975 -0.223 -0. 346.767 0. 0. -1. 0.
0.224 0.975 0. -241.010 0.975 -0.224 -0. 350.620 0. 0. -1. 0.
0.229 0.973 0. -240.078 0.973 -0.229 -0. 354.591 0. 0. -1. 0.
0.234 0.972 0. -239.043 0.972 -0.234 -0. 358.522 0. 0. -1. 0.
0.236 0.972 0. -238.088 0.972 -0.236 -0. 362.536 0. 0. -1. 0.
0.241 0.971 0. -237.111 0.971 -0.241 -0. 366.533 0. 0. -1. 0.
0.245 0.970 0. -235.958 0.970 -0.245 -0. 370.503 0. 0. -1. 0.
0.248 0.969 0. -234.970 0.969 -0.248 -0. 374.502 0. 0. -1. 0.
0.248 0.969 0. -233.912 0.969 -0.248 -0. 378.468 0. 0. -1. 0.
0.248 0.969 0. -232.813 0.969 -0.248 -0. 382.384 0. 0. -1. 0.
0.247 0.969 0. -231.826 0.969 -0.247 -0. 386.307 0. 0. -1. 0.
0.245 0.969 0. -230.693 0.969 -0.245 -0. 390.211 0. 0. -1. 0.
0.244 0.970 0. -229.706 0.970 -0.244 -0. 394.113 0. 0. -1. 0.
0.244 0.970 0. -228.693 0.970 -0.244 -0. 397.985 0. 0. -1. 0.
0.243 0.970 0. -227.663 0.970 -0.243 -0. 401.828 0. 0. -1. 0.
0.243 0.970 0. -226.702 0.970 -0.243 -0. 405.612 0. 0. -1. 0.
0.242 0.970 0. -225.736 0.970 -0.242 -0. 409.436 0. 0. -1. 0.
0.243 0.970 0. -224.768 0.970 -0.243 -0. 413.201 0. 0. -1. 0.
0.246 0.969 0. -223.764 0.969 -0.246 -0. 416.901 0. 0. -1. 0.
0.250 0.968 0. -222.752 0.968 -0.250 -0. 420.589 0. 0. -1. 0.
0.249 0.969 0. -221.800 0.969 -0.249 -0. 424.275 0. 0. -1. 0.
0.250 0.968 0. -220.805 0.968 -0.250 -0. 427.905 0. 0. -1. 0.
0.251 0.968 0. -219.840 0.968 -0.251 -0. 431.514 0. 0. -1. 0.
0.252 0.968 0. -218.857 0.968 -0.252 -0. 435.083 0. 0. -1. 0.
0.249 0.969 0. -217.929 0.969 -0.249 -0. 438.662 0. 0. -1. 0.
0.248 0.969 0. -216.880 0.969 -0.248 -0. 442.155 0. 0. -1. 0.
0.248 0.969 0. -215.989 0.969 -0.248 -0. 445.652 0. 0. -1. 0.
0.249 0.969 0. -215.050 0.969 -0.249 -0. 449.114 0. 0. -1. 0.
0.248 0.969 0. -214.150 0.969 -0.248 -0. 452.547 0. 0. -1. 0.
0.247 0.969 0. -213.200 0.969 -0.247 -0. 455.977 0. 0. -1. 0.
0.245 0.969 0. -212.318 0.969 -0.245 -0. 459.335 0. 0. -1. 0.
0.248 0.969 0. -211.467 0.969 -0.248 -0. 462.687 0. 0. -1. 0.
0.250 0.968 0. -210.552 0.968 -0.250 -0. 465.998 0. 0. -1. 0.
0.252 0.968 0. -209.671 0.968 -0.252 -0. 469.327 0. 0. -1. 0.
0.254 0.967 0. -208.767 0.967 -0.254 -0. 472.594 0. 0. -1. 0.
0.254 0.967 0. -207.873 0.967 -0.254 -0. 475.828 0. 0. -1. 0.
0.255 0.967 0. -206.955 0.967 -0.255 -0. 479.071 0. 0. -1. 0.
0.255 0.967 0. -206.100 0.967 -0.255 -0. 482.266 0. 0. -1. 0.
0.254 0.967 0. -205.206 0.967 -0.254 -0. 485.403 0. 0. -1. 0.
0.251 0.968 0. -204.353 0.968 -0.251 -0. 488.533 0. 0. -1. 0.
0.250 0.968 0. -203.558 0.968 -0.250 -0. 491.579 0. 0. -1. 0.
0.246 0.969 0. -202.769 0.969 -0.246 -0. 494.509 0. 0. -1. 0.
0.244 0.970 0. -202.009 0.970 -0.244 -0. 497.268 0. 0. -1. 0.
0.248 0.969 0. -201.387 0.969 -0.248 -0. 499.855 0. 0. -1. 0.
0.252 0.968 0. -200.727 0.968 -0.252 -0. 502.193 0. 0. -1. 0.
0.253 0.967 0. -200.157 0.967 -0.253 -0. 504.342 0. 0. -1. 0.
0.257 0.967 0. -199.617 0.967 -0.257 -0. 506.281 0. 0. -1. 0.
0.259 0.966 0. -199.164 0.966 -0.259 -0. 508.001 0. 0. -1. 0.
0.260 0.966 0. -198.683 0.966 -0.260 -0. 509.574 0. 0. -1. 0.
0.263 0.965 0. -198.310 0.965 -0.263 -0. 511.057 0. 0. -1. 0.
0.263 0.965 0. -197.917 0.965 -0.263 -0. 512.417 0. 0. -1. 0.
0.263 0.965 0. -197.574 0.965 -0.263 -0. 513.730 0. 0. -1. 0.
0.265 0.964 0. -197.257 0.964 -0.265 -0. 514.846 0. 0. -1. 0.
0.266 0.964 0. -196.937 0.964 -0.266 -0. 515.875 0. 0. -1. 0.
0.267 0.964 0. -196.671 0.964 -0.267 -0. 516.907 0. 0. -1. 0.
0.266 0.964 0. -196.394 0.964 -0.266 -0. 517.927 0. 0. -1. 0.
0.267 0.964 0. -196.137 0.964 -0.267 -0. 518.894 0. 0. -1. 0.
0.268 0.963 0. -195.843 0.963 -0.268 -0. 519.794 0. 0. -1. 0.
0.268 0.964 0. -195.548 0.964 -0.268 -0. 520.735 0. 0. -1. 0.
0.267 0.964 0. -195.286 0.964 -0.267 -0. 521.689 0. 0. -1. 0.
0.268 0.963 0. -194.994 0.963 -0.268 -0. 522.658 0. 0. -1. 0.
0.265 0.964 0. -194.755 0.964 -0.265 -0. 523.603 0. 0. -1. 0.
0.266 0.964 0. -194.487 0.964 -0.266 -0. 524.646 0. 0. -1. 0.
0.263 0.965 0. -194.151 0.965 -0.263 -0. 525.768 0. 0. -1. 0.
0.261 0.965 0. -193.780 0.965 -0.261 -0. 526.982 0. 0. -1. 0.
0.261 0.965 0. -193.447 0.965 -0.261 -0. 528.285 0. 0. -1. 0.
0.256 0.967 0. -193.050 0.967 -0.256 -0. 529.685 0. 0. -1. 0.
0.251 0.968 0. -192.661 0.968 -0.251 -0. 531.160 0. 0. -1. 0.
0.245 0.970 0. -192.266 0.970 -0.245 -0. 532.747 0. 0. -1. 0.
0.241 0.971 0. -191.810 0.971 -0.241 -0. 534.457 0. 0. -1. 0.
0.236 0.972 0. -191.360 0.972 -0.236 -0. 536.258 0. 0. -1. 0.
0.231 0.973 0. -190.908 0.973 -0.231 -0. 538.126 0. 0. -1. 0.
0.227 0.974 0. -190.431 0.974 -0.227 -0. 540.082 0. 0. -1. 0.
0.226 0.974 0. -189.965 0.974 -0.226 -0. 541.957 0. 0. -1. 0.
0.225 0.974 0. -189.497 0.974 -0.225 -0. 543.957 0. 0. -1. 0.
0.223 0.975 0. -189.046 0.975 -0.223 -0. 545.918 0. 0. -1. 0.
0.225 0.974 0. -188.583 0.974 -0.225 -0. 547.861 0. 0. -1. 0.
0.227 0.974 0. -188.138 0.974 -0.227 -0. 549.824 0. 0. -1. 0.
0.227 0.974 0. -187.653 0.974 -0.227 -0. 551.751 0. 0. -1. 0.
0.229 0.974 0. -187.184 0.974 -0.229 -0. 553.681 0. 0. -1. 0.
0.231 0.973 0. -186.756 0.973 -0.231 -0. 555.600 0. 0. -1. 0.
0.233 0.972 0. -186.318 0.972 -0.233 -0. 557.503 0. 0. -1. 0.
0.233 0.973 0. -185.787 0.973 -0.233 -0. 559.420 0. 0. -1. 0.
0.234 0.972 0. -185.316 0.972 -0.234 -0. 561.299 0. 0. -1. 0.
0.234 0.972 0. -184.872 0.972 -0.234 -0. 563.243 0. 0. -1. 0.
0.232 0.973 0. -184.439 0.973 -0.232 -0. 565.152 0. 0. -1. 0.
0.230 0.973 0. -183.910 0.973 -0.230 -0. 567.071 0. 0. -1. 0.
0.223 0.975 0. -183.397 0.975 -0.223 -0. 568.975 0. 0. -1. 0.
0.218 0.976 0. -182.971 0.976 -0.218 -0. 571.009 0. 0. -1. 0.
0.211 0.978 0. -182.507 0.978 -0.211 -0. 572.976 0. 0. -1. 0.
0.207 0.978 0. -182.047 0.978 -0.207 -0. 574.998 0. 0. -1. 0.
0.203 0.979 0. -181.556 0.979 -0.203 -0. 577.010 0. 0. -1. 0.
0.199 0.980 0. -181.132 0.980 -0.199 -0. 579.067 0. 0. -1. 0.
0.198 0.980 0. -180.695 0.980 -0.198 -0. 581.135 0. 0. -1. 0.
0.197 0.980 0. -180.263 0.980 -0.197 -0. 583.202 0. 0. -1. 0.
0.199 0.980 0. -179.826 0.980 -0.199 -0. 585.290 0. 0. -1. 0.
0.200 0.980 0. -179.371 0.980 -0.200 -0. 587.446 0. 0. -1. 0.
0.201 0.980 0. -178.909 0.980 -0.201 -0. 589.656 0. 0. -1. 0.
0.201 0.980 0. -178.390 0.980 -0.201 -0. 591.883 0. 0. -1. 0.
0.197 0.980 0. -177.946 0.980 -0.197 -0. 594.147 0. 0. -1. 0.
0.193 0.981 0. -177.465 0.981 -0.193 -0. 596.410 0. 0. -1. 0.
0.187 0.982 0. -177.026 0.982 -0.187 -0. 598.689 0. 0. -1. 0.
0.185 0.983 0. -176.526 0.983 -0.185 -0. 600.983 0. 0. -1. 0.
0.178 0.984 0. -176.083 0.984 -0.178 -0. 603.262 0. 0. -1. 0.
0.173 0.985 0. -175.662 0.985 -0.173 -0. 605.631 0. 0. -1. 0.
0.168 0.986 0. -175.247 0.986 -0.168 -0. 608.051 0. 0. -1. 0.
0.161 0.987 0. -174.774 0.987 -0.161 -0. 610.453 0. 0. -1. 0.
0.155 0.988 0. -174.426 0.988 -0.155 -0. 612.955 0. 0. -1. 0.
0.154 0.988 0. -174.011 0.988 -0.154 -0. 615.405 0. 0. -1. 0.
0.151 0.988 0. -173.620 0.988 -0.151 -0. 617.957 0. 0. -1. 0.
0.150 0.989 0. -173.180 0.989 -0.150 -0. 620.482 0. 0. -1. 0.
0.146 0.989 0. -172.780 0.989 -0.146 -0. 623.035 0. 0. -1. 0.
0.143 0.990 0. -172.394 0.990 -0.143 -0. 625.706 0. 0. -1. 0.
0.135 0.991 0. -171.972 0.991 -0.135 -0. 628.340 0. 0. -1. 0.
0.128 0.992 0. -171.539 0.992 -0.128 -0. 631.113 0. 0. -1. 0.
0.117 0.993 0. -171.151 0.993 -0.117 -0. 633.836 0. 0. -1. 0.
0.105 0.994 0. -170.837 0.994 -0.105 -0. 636.651 0. 0. -1. 0.
0.095 0.996 0. -170.539 0.996 -0.095 -0. 639.594 0. 0. -1. 0.
0.087 0.996 0. -170.215 0.996 -0.087 -0. 642.518 0. 0. -1. 0.
0.079 0.997 0. -169.928 0.997 -0.079 -0. 645.494 0. 0. -1. 0.
0.072 0.997 0. -169.759 0.997 -0.072 -0. 648.570 0. 0. -1. 0.
0.068 0.998 0. -169.530 0.998 -0.068 -0. 651.695 0. 0. -1. 0.
0.064 0.998 0. -169.235 0.998 -0.064 -0. 654.822 0. 0. -1. 0.
0.064 0.998 0. -168.996 0.998 -0.064 -0. 658.025 0. 0. -1. 0.
0.062 0.998 0. -168.786 0.998 -0.062 -0. 661.227 0. 0. -1. 0.
0.062 0.998 0. -168.602 0.998 -0.062 -0. 664.486 0. 0. -1. 0.
0.062 0.998 0. -168.360 0.998 -0.062 -0. 667.744 0. 0. -1. 0.
0.061 0.998 0. -168.096 0.998 -0.061 -0. 670.998 0. 0. -1. 0.
0.059 0.998 0. -167.826 0.998 -0.059 -0. 674.243 0. 0. -1. 0.
0.055 0.998 0. -167.569 0.998 -0.055 -0. 677.501 0. 0. -1. 0.
0.053 0.999 0. -167.425 0.999 -0.053 -0. 680.726 0. 0. -1. 0.
0.049 0.999 0. -167.167 0.999 -0.049 -0. 683.900 0. 0. -1. 0.
0.048 0.999 0. -167.048 0.999 -0.048 -0. 687.005 0. 0. -1. 0.
0.049 0.999 0. -166.822 0.999 -0.049 -0. 689.923 0. 0. -1. 0.
0.051 0.999 0. -166.740 0.999 -0.051 -0. 692.705 0. 0. -1. 0.
0.051 0.999 0. -166.491 0.999 -0.051 -0. 695.431 0. 0. -1. 0.
0.055 0.998 0. -166.349 0.998 -0.055 -0. 697.930 0. 0. -1. 0.
0.059 0.998 0. -166.236 0.998 -0.059 -0. 700.312 0. 0. -1. 0.
0.061 0.998 0. -166.092 0.998 -0.061 -0. 702.587 0. 0. -1. 0.
0.063 0.998 0. -165.955 0.998 -0.063 -0. 704.776 0. 0. -1. 0.
0.064 0.998 0. -165.757 0.998 -0.064 -0. 706.792 0. 0. -1. 0.
0.062 0.998 0. -165.597 0.998 -0.062 -0. 708.724 0. 0. -1. 0.
0.061 0.998 0. -165.527 0.998 -0.061 -0. 710.564 0. 0. -1. 0.
0.058 0.998 0. -165.376 0.998 -0.058 -0. 712.261 0. 0. -1. 0.
0.056 0.998 0. -165.293 0.998 -0.056 -0. 713.847 0. 0. -1. 0.
0.054 0.999 0. -165.195 0.999 -0.054 -0. 715.342 0. 0. -1. 0.
0.052 0.999 0. -165.087 0.999 -0.052 -0. 716.737 0. 0. -1. 0.
0.054 0.999 0. -165.021 0.999 -0.054 -0. 717.992 0. 0. -1. 0.
0.058 0.998 0. -164.958 0.998 -0.058 -0. 719.185 0. 0. -1. 0.
0.060 0.998 0. -164.872 0.998 -0.060 -0. 720.322 0. 0. -1. 0.
0.064 0.998 0. -164.806 0.998 -0.064 -0. 721.333 0. 0. -1. 0.
0.066 0.998 0. -164.738 0.998 -0.066 -0. 722.335 0. 0. -1. 0.
0.066 0.998 0. -164.664 0.998 -0.066 -0. 723.258 0. 0. -1. 0.
0.067 0.998 0. -164.626 0.998 -0.067 -0. 724.149 0. 0. -1. 0.
0.068 0.998 0. -164.537 0.998 -0.068 -0. 724.981 0. 0. -1. 0.
0.067 0.998 0. -164.484 0.998 -0.067 -0. 725.743 0. 0. -1. 0.
0.069 0.998 0. -164.457 0.998 -0.069 -0. 726.380 0. 0. -1. 0.
0.069 0.998 0. -164.415 0.998 -0.069 -0. 726.969 0. 0. -1. 0.
0.069 0.998 0. -164.364 0.998 -0.069 -0. 727.491 0. 0. -1. 0.
0.070 0.998 0. -164.302 0.998 -0.070 -0. 727.922 0. 0. -1. 0.
0.069 0.998 0. -164.317 0.998 -0.069 -0. 728.213 0. 0. -1. 0.
0.071 0.997 0. -164.313 0.997 -0.071 -0. 728.512 0. 0. -1. 0.
