1611086935960000 1.00000 0.00000 0.00000 -0.00000 0.00000 -1.00000 0.00000 0.00000 0.00000 -0.00000 -1.00000 0.00000
1611086936210638 0.99994 -0.01052 0.00000 -0.00953 -0.01052 -0.99994 0.00000 -0.01062 -0.00000 -0.00000 -1.00000 -0.00000
1611086936460638 0.99995 -0.01043 0.00000 0.00740 -0.01043 -0.99995 0.00000 -0.01643 -0.00000 -0.00000 -1.00000 -0.00000
1611086936710016 0.99998 -0.00548 0.00000 0.03641 -0.00548 -0.99998 0.00000 -0.00851 -0.00000 -0.00000 -1.00000 -0.00000
1611086936960028 1.00000 0.00158 0.00000 -0.02359 0.00158 -1.00000 0.00000 0.00725 0.00000 -0.00000 -1.00000 0.00000
1611086937210644 0.99996 -0.00852 0.00000 -0.05150 -0.00852 -0.99996 0.00000 0.01519 -0.00000 -0.00000 -1.00000 0.00000
1611086937460645 0.99994 -0.01052 0.00000 0.00488 -0.01052 -0.99994 0.00000 -0.00559 -0.00000 -0.00000 -1.00000 -0.00000
1611086937710656 0.99994 -0.01106 0.00000 0.00014 -0.01106 -0.99994 0.00000 -0.01185 -0.00000 -0.00000 -1.00000 -0.00000
1611086937960658 0.99994 -0.01085 0.00000 0.00111 -0.01085 -0.99994 0.00000 -0.00414 -0.00000 -0.00000 -1.00000 -0.00000
1611086938210656 0.99996 -0.00945 -0.00000 -0.00625 -0.00945 -0.99996 0.00000 0.01143 -0.00000 -0.00000 -1.00000 0.00000
1611086938460656 0.99996 -0.00937 0.00000 -0.01703 -0.00937 -0.99996 0.00000 0.01465 -0.00000 -0.00000 -1.00000 0.00000
1611086938710664 0.99997 -0.00788 0.00000 -0.01222 -0.00788 -0.99997 0.00000 0.01284 -0.00000 -0.00000 -1.00000 0.00000
1611086938960666 0.99998 -0.00640 -0.00000 0.03144 -0.00640 -0.99998 0.00000 0.01100 -0.00000 -0.00000 -1.00000 0.00000
1611086939210041 1.00000 -0.00191 0.00000 -0.00989 -0.00191 -1.00000 0.00000 0.00569 -0.00000 -0.00000 -1.00000 0.00000
1611086939460043 1.00000 -0.00290 -0.00000 -0.02140 -0.00290 -1.00000 0.00000 0.02456 -0.00000 -0.00000 -1.00000 0.00000
1611086939710064 0.99999 -0.00463 0.00000 -0.00102 -0.00463 -0.99999 0.00000 0.00212 -0.00000 -0.00000 -1.00000 0.00000
1611086939960058 0.99998 -0.00665 0.00000 -0.00092 -0.00665 -0.99998 0.00000 0.00488 -0.00000 -0.00000 -1.00000 0.00000
1611086940210063 0.99998 -0.00677 -0.00000 0.01507 -0.00677 -0.99998 0.00000 -0.00065 -0.00000 -0.00000 -1.00000 -0.00000
1611086940460064 0.99999 -0.00394 -0.00000 -0.01196 -0.00394 -0.99999 0.00000 0.01292 -0.00000 -0.00000 -1.00000 0.00000
1611086940710062 0.99997 -0.00720 0.00000 -0.02336 -0.00720 -0.99997 0.00000 0.02395 -0.00000 -0.00000 -1.00000 0.00000
1611086940960061 0.99994 -0.01067 0.00000 0.00303 -0.01067 -0.99994 0.00000 0.00055 -0.00000 -0.00000 -1.00000 0.00000
1611086941210074 0.99995 -0.00972 -0.00000 -0.00866 -0.00972 -0.99995 0.00000 0.00375 -0.00000 -0.00000 -1.00000 0.00000
1611086941460071 0.99998 -0.00690 0.00000 0.00225 -0.00690 -0.99998 0.00000 0.00100 -0.00000 -0.00000 -1.00000 0.00000
1611086941710074 1.00000 -0.00310 0.00000 -0.00565 -0.00310 -1.00000 0.00000 -0.00012 -0.00000 -0.00000 -1.00000 -0.00000
1611086941960073 0.99999 -0.00342 0.00000 -0.00108 -0.00342 -0.99999 0.00000 0.00876 -0.00000 -0.00000 -1.00000 0.00000
1611086942210088 0.99996 -0.00840 0.00000 -0.01133 -0.00840 -0.99996 0.00000 0.02180 -0.00000 -0.00000 -1.00000 0.00000
1611086942460088 0.99993 -0.01190 -0.00000 0.00269 -0.01190 -0.99993 0.00000 0.05676 -0.00000 -0.00000 -1.00000 0.00000
1611086942710089 0.99994 -0.01131 0.00000 -0.02144 -0.01131 -0.99994 0.00000 0.02398 -0.00000 -0.00000 -1.00000 0.00000
1611086942960088 0.99996 -0.00870 0.00000 -0.01156 -0.00870 -0.99996 0.00000 0.04808 -0.00000 -0.00000 -1.00000 0.00000
1611086943209465 1.00000 0.00107 0.00000 -0.01195 0.00107 -1.00000 0.00000 -0.00045 0.00000 -0.00000 -1.00000 -0.00000
1611086943460094 0.99996 -0.00859 0.00000 -0.04482 -0.00859 -0.99996 0.00000 0.07883 -0.00000 -0.00000 -1.00000 0.00000
1611086943710098 0.99996 -0.00896 0.00000 0.00761 -0.00896 -0.99996 0.00000 0.02385 -0.00000 -0.00000 -1.00000 0.00000
1611086943960100 0.99997 -0.00810 0.00000 -0.00917 -0.00810 -0.99997 0.00000 0.05284 -0.00000 -0.00000 -1.00000 0.00000
1611086944209476 1.00000 -0.00176 0.00000 -0.01320 -0.00176 -1.00000 0.00000 0.03383 -0.00000 -0.00000 -1.00000 0.00000
1611086944459479 1.00000 0.00040 0.00000 -0.02757 0.00040 -1.00000 0.00000 0.01139 0.00000 -0.00000 -1.00000 0.00000
1611086944709494 1.00000 -0.00010 0.00000 -0.02359 -0.00010 -1.00000 0.00000 0.01274 -0.00000 -0.00000 -1.00000 0.00000
1611086944959501 1.00000 -0.00145 0.00000 -0.00415 -0.00145 -1.00000 0.00000 0.01464 -0.00000 -0.00000 -1.00000 0.00000
1611086945209492 1.00000 -0.00153 0.00000 -0.01365 -0.00153 -1.00000 0.00000 0.02077 -0.00000 -0.00000 -1.00000 0.00000
1611086945459496 1.00000 -0.00194 0.00000 -0.00597 -0.00194 -1.00000 0.00000 0.00574 -0.00000 -0.00000 -1.00000 0.00000
1611086945709498 1.00000 -0.00196 0.00000 -0.00115 -0.00196 -1.00000 0.00000 0.00399 -0.00000 -0.00000 -1.00000 0.00000
1611086945959510 0.99999 -0.00367 0.00000 -0.00846 -0.00367 -0.99999 0.00000 0.01027 -0.00000 -0.00000 -1.00000 0.00000
1611086946209506 1.00000 -0.00304 -0.00000 0.00497 -0.00304 -1.00000 0.00000 0.00493 -0.00000 -0.00000 -1.00000 0.00000
1611086946459511 1.00000 -0.00030 0.00000 -0.00108 -0.00030 -1.00000 0.00000 0.00546 -0.00000 -0.00000 -1.00000 0.00000
1611086946709515 0.99999 -0.00473 0.00000 -0.03900 -0.00473 -0.99999 0.00000 0.02788 -0.00000 -0.00000 -1.00000 0.00000
1611086946959522 0.99998 -0.00550 -0.00000 0.00073 -0.00550 -0.99998 0.00000 0.00630 -0.00000 -0.00000 -1.00000 0.00000
1611086947209518 0.99997 -0.00770 -0.00000 -0.01574 -0.00770 -0.99997 0.00000 0.01737 -0.00000 -0.00000 -1.00000 0.00000
1611086947459527 0.99999 -0.00435 0.00000 0.00696 -0.00435 -0.99999 0.00000 -0.00753 -0.00000 -0.00000 -1.00000 -0.00000
1611086947709526 0.99999 -0.00474 0.00000 -0.03254 -0.00474 -0.99999 0.00000 0.03217 -0.00000 -0.00000 -1.00000 0.00000
1611086947959527 0.99996 -0.00871 0.00000 -0.01502 -0.00871 -0.99996 0.00000 0.01266 -0.00000 -0.00000 -1.00000 0.00000
1611086948209534 0.99996 -0.00941 0.00000 -0.00590 -0.00941 -0.99996 0.00000 0.01492 -0.00000 -0.00000 -1.00000 0.00000
1611086948459538 1.00000 -0.00314 0.00000 -0.00290 -0.00314 -1.00000 0.00000 0.03667 -0.00000 -0.00000 -1.00000 0.00000
1611086948708919 1.00000 0.00064 0.00000 -0.03551 0.00064 -1.00000 0.00000 0.03265 0.00000 -0.00000 -1.00000 0.00000
1611086948958915 0.99999 -0.00372 -0.00000 -0.01853 -0.00372 -0.99999 0.00000 0.01883 -0.00000 -0.00000 -1.00000 0.00000
1611086949208914 1.00000 -0.00302 0.00000 -0.00070 -0.00302 -1.00000 0.00000 0.00371 -0.00000 -0.00000 -1.00000 0.00000
1611086949458925 0.99999 -0.00481 0.00000 -0.00677 -0.00481 -0.99999 0.00000 0.01625 -0.00000 -0.00000 -1.00000 0.00000
1611086949708926 1.00000 -0.00297 0.00000 -0.00514 -0.00297 -1.00000 0.00000 0.00468 -0.00000 -0.00000 -1.00000 0.00000
1611086949958934 0.99999 -0.00397 0.00000 -0.00828 -0.00397 -0.99999 0.00000 0.02698 -0.00000 -0.00000 -1.00000 0.00000
1611086950208940 1.00000 -0.00099 0.00000 0.00199 -0.00099 -1.00000 0.00000 -0.00961 -0.00000 -0.00000 -1.00000 -0.00000
1611086950458935 1.00000 -0.00123 0.00000 -0.01892 -0.00123 -1.00000 0.00000 0.01351 -0.00000 -0.00000 -1.00000 0.00000
1611086950708942 0.99998 -0.00650 0.00000 -0.01310 -0.00650 -0.99998 0.00000 0.02742 -0.00000 -0.00000 -1.00000 0.00000
1611086950958935 0.99998 -0.00639 0.00000 0.01662 -0.00639 -0.99998 0.00000 0.00930 -0.00000 -0.00000 -1.00000 0.00000
1611086951208940 1.00000 -0.00211 0.00000 0.00309 -0.00211 -1.00000 0.00000 0.00658 -0.00000 -0.00000 -1.00000 0.00000
1611086951458941 1.00000 -0.00192 0.00000 -0.00898 -0.00192 -1.00000 0.00000 0.01694 -0.00000 -0.00000 -1.00000 0.00000
1611086951708949 1.00000 -0.00077 -0.00000 0.00220 -0.00077 -1.00000 0.00000 -0.01026 -0.00000 -0.00000 -1.00000 -0.00000
1611086951958957 1.00000 -0.00177 0.00000 -0.01780 -0.00177 -1.00000 0.00000 0.03541 -0.00000 -0.00000 -1.00000 0.00000
1611086952208957 0.99997 -0.00797 0.00000 -0.00437 -0.00797 -0.99997 0.00000 0.01306 -0.00000 -0.00000 -1.00000 0.00000
1611086952458952 0.99997 -0.00831 0.00000 0.00551 -0.00831 -0.99997 0.00000 0.01100 -0.00000 -0.00000 -1.00000 0.00000
1611086952708959 0.99996 -0.00905 0.00000 -0.02260 -0.00905 -0.99996 0.00000 0.04852 -0.00000 -0.00000 -1.00000 0.00000
1611086952958353 1.00000 0.00083 0.00000 -0.00669 0.00083 -1.00000 0.00000 0.00507 0.00000 -0.00000 -1.00000 0.00000
1611086953208353 1.00000 -0.00053 0.00000 -0.03884 -0.00053 -1.00000 0.00000 0.04338 -0.00000 -0.00000 -1.00000 0.00000
1611086953458348 0.99998 -0.00666 0.00000 -0.01428 -0.00666 -0.99998 0.00000 0.02268 -0.00000 -0.00000 -1.00000 0.00000
1611086953708353 0.99996 -0.00846 0.00000 0.01055 -0.00846 -0.99996 0.00000 -0.00609 -0.00000 -0.00000 -1.00000 -0.00000
1611086953958354 0.99995 -0.00959 0.00000 -0.01607 -0.00959 -0.99995 0.00000 0.01312 -0.00000 -0.00000 -1.00000 0.00000
1611086954208357 0.99998 -0.00699 0.00000 -0.00459 -0.00699 -0.99998 0.00000 0.00633 -0.00000 -0.00000 -1.00000 0.00000
1611086954458360 0.99999 -0.00504 -0.00000 -0.00689 -0.00504 -0.99999 0.00000 0.02015 -0.00000 -0.00000 -1.00000 0.00000
1611086954708363 0.99993 -0.01149 -0.00000 -0.03253 -0.01149 -0.99993 0.00000 0.01255 -0.00000 -0.00000 -1.00000 0.00000
1611086954958362 0.99999 -0.00488 -0.00000 0.02992 -0.00488 -0.99999 0.00000 -0.05143 -0.00000 -0.00000 -1.00000 -0.00000
1611086955208998 0.99999 -0.00527 0.00000 0.00430 -0.00527 -0.99999 0.00000 0.00381 -0.00000 -0.00000 -1.00000 0.00000
1611086955459621 1.00000 -0.00077 0.00000 -0.04374 -0.00077 -1.00000 0.00000 0.05118 -0.00000 -0.00000 -1.00000 0.00000
1611086955709625 1.00000 -0.00097 -0.00000 0.00906 -0.00097 -1.00000 0.00000 -0.01378 -0.00000 -0.00000 -1.00000 -0.00000
1611086955959631 1.00000 0.00078 0.00000 -0.00935 0.00078 -1.00000 0.00000 0.00978 0.00000 -0.00000 -1.00000 0.00000
1611086956209628 0.99999 -0.00398 0.00000 -0.01532 -0.00398 -0.99999 0.00000 0.02657 -0.00000 -0.00000 -1.00000 0.00000
1611086956459633 0.99998 -0.00608 0.00000 0.00527 -0.00608 -0.99998 0.00000 0.01036 -0.00000 -0.00000 -1.00000 0.00000
1611086956709636 0.99998 -0.00569 -0.00000 -0.00789 -0.00569 -0.99998 0.00000 0.01937 -0.00000 -0.00000 -1.00000 0.00000
1611086956959012 1.00000 -0.00276 0.00000 0.01349 -0.00276 -1.00000 0.00000 -0.04685 -0.00000 -0.00000 -1.00000 -0.00000
1611086957209017 0.99999 -0.00331 0.00000 -0.01792 -0.00331 -0.99999 0.00000 0.02976 -0.00000 -0.00000 -1.00000 0.00000
1611086957459018 1.00000 0.00030 0.00000 -0.00484 0.00030 -1.00000 0.00000 -0.00920 0.00000 -0.00000 -1.00000 -0.00000
1611086957709649 0.99996 -0.00886 0.00000 -0.08286 -0.00886 -0.99996 0.00000 0.00731 -0.00000 -0.00000 -1.00000 0.00000
1611086957959650 0.99994 -0.01127 -0.00000 -0.00015 -0.01127 -0.99994 0.00000 -0.00562 -0.00000 -0.00000 -1.00000 -0.00000
1611086958209666 0.99994 -0.01067 0.00000 -0.03625 -0.01067 -0.99994 0.00000 0.03694 -0.00000 -0.00000 -1.00000 0.00000
1611086958459656 0.99997 -0.00807 0.00000 -0.02370 -0.00807 -0.99997 0.00000 0.04754 -0.00000 -0.00000 -1.00000 0.00000
1611086958709036 1.00000 0.00096 0.00000 -0.01229 0.00096 -1.00000 0.00000 0.00870 0.00000 -0.00000 -1.00000 0.00000
1611086958959666 0.99998 -0.00675 0.00000 -0.05372 -0.00675 -0.99998 0.00000 0.06478 -0.00000 -0.00000 -1.00000 0.00000
1611086959209671 1.00000 -0.00173 0.00000 -0.04338 -0.00173 -1.00000 0.00000 0.04634 -0.00000 -0.00000 -1.00000 0.00000
1611086959459047 1.00000 -0.00218 0.00000 -0.04066 -0.00218 -1.00000 0.00000 0.02196 -0.00000 -0.00000 -1.00000 0.00000
1611086959709047 0.99995 -0.00974 0.00000 -0.03336 -0.00974 -0.99995 0.00000 0.04715 -0.00000 -0.00000 -1.00000 0.00000
1611086959959050 0.99995 -0.00978 0.00000 0.00623 -0.00978 -0.99995 0.00000 0.00610 -0.00000 -0.00000 -1.00000 0.00000
1611086960209054 0.99996 -0.00841 0.00000 -0.02519 -0.00841 -0.99996 0.00000 0.04314 -0.00000 -0.00000 -1.00000 0.00000
1611086960458435 1.00000 0.00092 -0.00000 -0.03754 0.00092 -1.00000 0.00000 0.01633 0.00000 -0.00000 -1.00000 0.00000
1611086960709064 0.99995 -0.00952 0.00000 -0.02715 -0.00952 -0.99995 0.00000 0.02436 -0.00000 -0.00000 -1.00000 0.00000
1611086960959072 0.99997 -0.00820 0.00000 0.00339 -0.00820 -0.99997 0.00000 0.00304 -0.00000 -0.00000 -1.00000 0.00000
1611086961209072 0.99995 -0.01024 0.00000 -0.02833 -0.01024 -0.99995 0.00000 0.00611 -0.00000 -0.00000 -1.00000 0.00000
1611086961459074 0.99998 -0.00676 0.00000 -0.02416 -0.00676 -0.99998 0.00000 -0.00856 -0.00000 -0.00000 -1.00000 -0.00000
1611086961709073 1.00000 -0.00263 0.00000 -0.07302 -0.00263 -1.00000 0.00000 -0.00142 -0.00000 -0.00000 -1.00000 -0.00000
1611086961959075 0.99997 -0.00772 0.00000 -0.18418 -0.00772 -0.99997 0.00000 -0.00490 -0.00000 -0.00000 -1.00000 -0.00000
1611086962209081 0.99992 -0.01272 0.00000 -0.33864 -0.01272 -0.99992 0.00000 -0.11090 -0.00000 -0.00000 -1.00000 -0.00000
1611086962459089 0.99986 -0.01686 0.00000 -0.55114 -0.01686 -0.99986 0.00000 -0.04285 -0.00000 -0.00000 -1.00000 -0.00000
1611086962709090 0.99963 -0.02728 0.00000 -0.83796 -0.02728 -0.99963 0.00000 -0.00668 -0.00000 -0.00000 -1.00000 -0.00000
1611086962959090 0.99889 -0.04701 -0.00000 -1.25051 -0.04701 -0.99889 0.00000 0.00063 -0.00000 -0.00000 -1.00000 0.00000
1611086963209103 0.99771 -0.06761 0.00000 -1.74184 -0.06761 -0.99771 0.00000 0.01992 -0.00000 -0.00000 -1.00000 0.00000
1611086963459099 0.99622 -0.08685 0.00000 -2.30445 -0.08685 -0.99622 0.00000 0.02310 -0.00000 -0.00000 -1.00000 0.00000
1611086963709723 0.99373 -0.11180 -0.00000 -2.96485 -0.11180 -0.99373 0.00000 0.13807 -0.00000 -0.00000 -1.00000 0.00000
1611086963959729 0.99159 -0.12941 0.00000 -3.68468 -0.12941 -0.99159 0.00000 0.23032 -0.00000 -0.00000 -1.00000 0.00000
1611086964209101 0.99008 -0.14053 0.00000 -4.43452 -0.14053 -0.99008 0.00000 0.15292 -0.00000 -0.00000 -1.00000 0.00000
1611086964459106 0.98782 -0.15561 0.00000 -5.34589 -0.15561 -0.98782 0.00000 0.14070 -0.00000 -0.00000 -1.00000 0.00000
1611086964709110 0.98742 -0.15815 0.00000 -6.21676 -0.15815 -0.98742 0.00000 0.16596 -0.00000 -0.00000 -1.00000 0.00000
1611086964958488 0.98884 -0.14900 0.00000 -7.23757 -0.14900 -0.98884 0.00000 0.09835 -0.00000 -0.00000 -1.00000 0.00000
1611086965208492 0.99023 -0.13947 0.00000 -8.23701 -0.13947 -0.99023 0.00000 0.04544 -0.00000 -0.00000 -1.00000 0.00000
1611086965458493 0.99166 -0.12892 0.00000 -9.31829 -0.12892 -0.99166 0.00000 -0.00282 -0.00000 -0.00000 -1.00000 -0.00000
1611086965708496 0.99237 -0.12326 0.00000 -10.37961 -0.12326 -0.99237 0.00000 -0.06908 -0.00000 -0.00000 -1.00000 -0.00000
1611086965958506 0.99277 -0.12007 0.00000 -11.47770 -0.12007 -0.99277 0.00000 -0.13960 -0.00000 -0.00000 -1.00000 -0.00000
1611086966208512 0.99342 -0.11454 0.00000 -12.66056 -0.11454 -0.99342 0.00000 -0.25780 -0.00000 -0.00000 -1.00000 -0.00000
1611086966458506 0.99480 -0.10184 0.00000 -13.87027 -0.10184 -0.99480 0.00000 -0.31591 -0.00000 -0.00000 -1.00000 -0.00000
1611086966708508 0.99621 -0.08703 0.00000 -15.16468 -0.08703 -0.99621 0.00000 -0.51555 -0.00000 -0.00000 -1.00000 -0.00000
1611086966958512 0.99637 -0.08518 0.00000 -16.44614 -0.08518 -0.99637 0.00000 -0.59262 -0.00000 -0.00000 -1.00000 -0.00000
1611086967209146 0.99653 -0.08323 0.00000 -17.75177 -0.08323 -0.99653 0.00000 -0.67594 -0.00000 -0.00000 -1.00000 -0.00000
1611086967459148 0.99703 -0.07695 0.00000 -19.04058 -0.07695 -0.99703 0.00000 -0.88847 -0.00000 -0.00000 -1.00000 -0.00000
1611086967709150 0.99751 -0.07055 0.00000 -20.51221 -0.07055 -0.99751 0.00000 -0.94351 -0.00000 -0.00000 -1.00000 -0.00000
1611086967959151 0.99825 -0.05911 0.00000 -21.92560 -0.05911 -0.99825 0.00000 -1.10095 -0.00000 -0.00000 -1.00000 -0.00000
1611086968209165 0.99815 -0.06086 0.00000 -23.36190 -0.06086 -0.99815 0.00000 -1.13142 -0.00000 -0.00000 -1.00000 -0.00000
1611086968459151 0.99811 -0.06138 0.00000 -24.88914 -0.06138 -0.99811 0.00000 -1.13855 -0.00000 -0.00000 -1.00000 -0.00000
1611086968709157 0.99846 -0.05553 0.00000 -26.28103 -0.05553 -0.99846 0.00000 -1.37208 -0.00000 -0.00000 -1.00000 -0.00000
1611086968958551 0.99922 -0.03944 -0.00000 -27.76922 -0.03944 -0.99922 0.00000 -1.82009 -0.00000 -0.00000 -1.00000 -0.00000
1611086969208539 0.99956 -0.02957 0.00000 -29.18423 -0.02957 -0.99956 0.00000 -2.17670 -0.00000 -0.00000 -1.00000 -0.00000
1611086969459162 0.99955 -0.02985 0.00000 -30.76740 -0.02985 -0.99955 0.00000 -2.11280 -0.00000 -0.00000 -1.00000 -0.00000
1611086969709168 0.99972 -0.02347 0.00000 -32.16857 -0.02347 -0.99972 0.00000 -2.36454 -0.00000 -0.00000 -1.00000 -0.00000
1611086969959171 0.99989 -0.01500 0.00000 -33.62153 -0.01500 -0.99989 0.00000 -2.67255 -0.00000 -0.00000 -1.00000 -0.00000
1611086970209172 1.00000 -0.00007 -0.00000 -35.09245 -0.00007 -1.00000 0.00000 -3.20771 -0.00000 -0.00000 -1.00000 -0.00000
1611086970459805 1.00000 0.00011 -0.00000 -36.55983 0.00011 -1.00000 0.00000 -3.15203 0.00000 -0.00000 -1.00000 -0.00000
1611086970709810 0.99992 0.01256 0.00000 -38.03925 0.01256 -0.99992 0.00000 -3.71088 0.00000 -0.00000 -1.00000 -0.00000
1611086970959815 0.99997 0.00754 0.00000 -39.60777 0.00754 -0.99997 0.00000 -3.57901 0.00000 -0.00000 -1.00000 -0.00000
1611086971209810 0.99988 0.01530 -0.00000 -41.02650 0.01530 -0.99988 0.00000 -3.91642 0.00000 -0.00000 -1.00000 -0.00000
1611086971459815 0.99996 0.00844 -0.00000 -42.58048 0.00844 -0.99996 0.00000 -3.57692 0.00000 -0.00000 -1.00000 -0.00000
1611086971709815 0.99993 0.01171 0.00000 -44.13214 0.01171 -0.99993 0.00000 -3.80744 0.00000 -0.00000 -1.00000 -0.00000
1611086971960443 0.99997 0.00769 0.00000 -45.73584 0.00769 -0.99997 0.00000 -3.59278 0.00000 -0.00000 -1.00000 -0.00000
1611086972210452 0.99997 0.00800 -0.00000 -47.34831 0.00800 -0.99997 0.00000 -3.72972 0.00000 -0.00000 -1.00000 -0.00000
1611086972461078 0.99999 0.00422 0.00000 -49.07064 0.00422 -0.99999 0.00000 -3.45305 0.00000 -0.00000 -1.00000 -0.00000
1611086972710450 0.99994 0.01089 -0.00000 -50.72701 0.01089 -0.99994 0.00000 -3.93087 0.00000 -0.00000 -1.00000 -0.00000
1611086972961081 0.99999 0.00474 0.00000 -52.48517 0.00474 -0.99999 0.00000 -3.53678 0.00000 -0.00000 -1.00000 -0.00000
1611086973210460 0.99995 0.00961 0.00000 -54.20728 0.00961 -0.99995 0.00000 -3.91784 0.00000 -0.00000 -1.00000 -0.00000
1611086973460469 0.99998 0.00604 -0.00000 -56.01630 0.00604 -0.99998 0.00000 -3.68895 0.00000 -0.00000 -1.00000 -0.00000
1611086973710469 0.99998 0.00690 0.00000 -57.81550 0.00690 -0.99998 0.00000 -3.83460 0.00000 -0.00000 -1.00000 -0.00000
1611086973960474 0.99998 0.00632 0.00000 -59.66911 0.00632 -0.99998 0.00000 -3.83955 0.00000 -0.00000 -1.00000 -0.00000
1611086974210475 1.00000 -0.00225 0.00000 -61.64027 -0.00225 -1.00000 0.00000 -3.35851 -0.00000 -0.00000 -1.00000 -0.00000
1611086974460479 1.00000 0.00031 0.00000 -63.58209 0.00031 -1.00000 0.00000 -3.62743 0.00000 -0.00000 -1.00000 -0.00000
1611086974710484 1.00000 -0.00146 -0.00000 -65.56304 -0.00146 -1.00000 0.00000 -3.55354 -0.00000 -0.00000 -1.00000 -0.00000
1611086974960484 1.00000 -0.00240 -0.00000 -67.46641 -0.00240 -1.00000 0.00000 -3.47708 -0.00000 -0.00000 -1.00000 -0.00000
1611086975210484 0.99999 -0.00343 0.00000 -69.40398 -0.00343 -0.99999 0.00000 -3.34431 -0.00000 -0.00000 -1.00000 -0.00000
1611086975460491 1.00000 -0.00192 0.00000 -71.35165 -0.00192 -1.00000 0.00000 -3.46902 -0.00000 -0.00000 -1.00000 -0.00000
1611086975710491 0.99999 -0.00512 0.00000 -73.30435 -0.00512 -0.99999 0.00000 -3.26775 -0.00000 -0.00000 -1.00000 -0.00000
1611086975960498 0.99995 -0.01008 -0.00000 -75.30411 -0.01008 -0.99995 0.00000 -2.90327 -0.00000 -0.00000 -1.00000 -0.00000
1611086976210508 0.99988 -0.01576 0.00000 -77.22256 -0.01576 -0.99988 0.00000 -2.51221 -0.00000 -0.00000 -1.00000 -0.00000
1611086976460498 0.99970 -0.02462 0.00000 -79.19017 -0.02462 -0.99970 0.00000 -1.75405 -0.00000 -0.00000 -1.00000 -0.00000
1611086976710501 0.99925 -0.03883 0.00000 -81.12562 -0.03883 -0.99925 0.00000 -0.69679 -0.00000 -0.00000 -1.00000 -0.00000
1611086976959903 0.99912 -0.04195 -0.00000 -83.04151 -0.04195 -0.99912 0.00000 -0.42366 -0.00000 -0.00000 -1.00000 -0.00000
1611086977210517 0.99742 -0.07175 0.00000 -84.93976 -0.07175 -0.99742 0.00000 2.20600 -0.00000 -0.00000 -1.00000 0.00000
1611086977460515 0.99526 -0.09728 0.00000 -86.72230 -0.09728 -0.99526 0.00000 4.25775 -0.00000 -0.00000 -1.00000 0.00000
1611086977711147 0.98930 -0.14589 -0.00000 -88.26931 -0.14589 -0.98930 0.00000 8.43067 -0.00000 -0.00000 -1.00000 0.00000
1611086977961771 0.98066 -0.19572 0.00000 -89.61265 -0.19572 -0.98066 0.00000 12.97726 -0.00000 -0.00000 -1.00000 0.00000
1611086978211782 0.96903 -0.24694 0.00000 -90.64973 -0.24694 -0.96903 0.00000 17.66439 -0.00000 -0.00000 -1.00000 0.00000
1611086978461154 0.95445 -0.29837 0.00000 -91.45783 -0.29837 -0.95445 0.00000 22.40928 -0.00000 -0.00000 -1.00000 0.00000
1611086978711159 0.94076 -0.33908 0.00000 -92.24336 -0.33908 -0.94076 0.00000 26.31371 -0.00000 -0.00000 -1.00000 0.00000
1611086978961162 0.91983 -0.39232 0.00000 -92.39024 -0.39232 -0.91983 0.00000 31.62836 -0.00000 -0.00000 -1.00000 0.00000
1611086979211163 0.89568 -0.44470 0.00000 -92.28206 -0.44470 -0.89568 0.00000 36.87795 -0.00000 -0.00000 -1.00000 0.00000
1611086979461165 0.86921 -0.49445 -0.00000 -91.84929 -0.49445 -0.86921 0.00000 41.95548 -0.00000 -0.00000 -1.00000 0.00000
1611086979711170 0.83990 -0.54274 0.00000 -91.10195 -0.54274 -0.83990 0.00000 47.15482 -0.00000 -0.00000 -1.00000 0.00000
1611086979960549 0.81026 -0.58607 0.00000 -90.32238 -0.58607 -0.81026 0.00000 51.78909 -0.00000 -0.00000 -1.00000 0.00000
1611086980211179 0.76584 -0.64303 0.00000 -88.21414 -0.64303 -0.76584 0.00000 58.25948 -0.00000 -0.00000 -1.00000 0.00000
1611086980461180 0.72282 -0.69103 0.00000 -86.00450 -0.69103 -0.72282 0.00000 63.78442 -0.00000 -0.00000 -1.00000 0.00000
1611086980711188 0.67390 -0.73883 0.00000 -83.18162 -0.73883 -0.67390 0.00000 69.44986 -0.00000 -0.00000 -1.00000 0.00000
1611086980960566 0.62917 -0.77727 0.00000 -80.71600 -0.77727 -0.62917 0.00000 74.18504 -0.00000 -0.00000 -1.00000 0.00000
1611086981210560 0.58239 -0.81291 0.00000 -77.96242 -0.81291 -0.58239 0.00000 78.94325 -0.00000 -0.00000 -1.00000 0.00000
1611086981460563 0.53551 -0.84453 0.00000 -75.08139 -0.84453 -0.53551 0.00000 83.20642 -0.00000 -0.00000 -1.00000 0.00000
1611086981710573 0.48923 -0.87215 -0.00000 -72.24721 -0.87215 -0.48923 0.00000 87.02443 -0.00000 -0.00000 -1.00000 0.00000
1611086981960572 0.45346 -0.89128 0.00000 -70.43029 -0.89128 -0.45346 0.00000 89.79848 -0.00000 -0.00000 -1.00000 0.00000
1611086982210582 0.43073 -0.90248 0.00000 -69.88208 -0.90248 -0.43073 0.00000 91.57464 -0.00000 -0.00000 -1.00000 0.00000
1611086982459949 0.41250 -0.91096 0.00000 -69.78495 -0.91096 -0.41250 0.00000 93.02571 -0.00000 -0.00000 -1.00000 0.00000
1611086982709952 0.38810 -0.92162 -0.00000 -69.11242 -0.92162 -0.38810 0.00000 94.79182 -0.00000 -0.00000 -1.00000 0.00000
1611086982959964 0.36581 -0.93069 -0.00000 -68.60000 -0.93069 -0.36581 0.00000 96.42411 -0.00000 -0.00000 -1.00000 0.00000
1611086983209966 0.36320 -0.93171 0.00000 -70.23632 -0.93171 -0.36320 0.00000 96.64829 -0.00000 -0.00000 -1.00000 0.00000
1611086983459966 0.36404 -0.93138 0.00000 -72.17235 -0.93138 -0.36404 0.00000 96.58933 -0.00000 -0.00000 -1.00000 0.00000
1611086983709975 0.36700 -0.93022 0.00000 -74.38584 -0.93022 -0.36700 0.00000 96.30648 -0.00000 -0.00000 -1.00000 0.00000
1611086983959973 0.36288 -0.93184 0.00000 -75.88861 -0.93184 -0.36288 0.00000 96.66186 -0.00000 -0.00000 -1.00000 0.00000
1611086984209981 0.36502 -0.93100 0.00000 -77.98363 -0.93100 -0.36502 0.00000 96.30126 -0.00000 -0.00000 -1.00000 0.00000
1611086984459980 0.36734 -0.93009 0.00000 -80.16821 -0.93009 -0.36734 0.00000 96.17835 -0.00000 -0.00000 -1.00000 0.00000
1611086984709985 0.38001 -0.92498 0.00000 -83.44284 -0.92498 -0.38001 0.00000 95.19014 -0.00000 -0.00000 -1.00000 0.00000
1611086984959991 0.38870 -0.92137 -0.00000 -86.34333 -0.92137 -0.38870 0.00000 94.20661 -0.00000 -0.00000 -1.00000 0.00000
1611086985209984 0.40832 -0.91284 0.00000 -90.31089 -0.91284 -0.40832 0.00000 92.20605 -0.00000 -0.00000 -1.00000 0.00000
1611086985459994 0.41658 -0.90910 0.00000 -93.12766 -0.90910 -0.41658 0.00000 91.38786 -0.00000 -0.00000 -1.00000 0.00000
1611086985709994 0.43244 -0.90166 0.00000 -96.66966 -0.90166 -0.43244 0.00000 89.84911 -0.00000 -0.00000 -1.00000 0.00000
1611086985959997 0.45792 -0.88899 -0.00000 -101.14258 -0.88899 -0.45792 0.00000 86.87812 -0.00000 -0.00000 -1.00000 0.00000
1611086986210000 0.47785 -0.87844 -0.00000 -105.10699 -0.87844 -0.47785 0.00000 84.63696 -0.00000 -0.00000 -1.00000 0.00000
1611086986460627 0.48986 -0.87180 0.00000 -108.23151 -0.87180 -0.48986 0.00000 83.17165 -0.00000 -0.00000 -1.00000 0.00000
1611086986710632 0.50528 -0.86296 0.00000 -111.59013 -0.86296 -0.50528 0.00000 81.22976 -0.00000 -0.00000 -1.00000 0.00000
1611086986960009 0.52842 -0.84898 0.00000 -115.74658 -0.84898 -0.52842 0.00000 78.07384 -0.00000 -0.00000 -1.00000 0.00000
1611086987210638 0.53707 -0.84354 -0.00000 -118.44828 -0.84354 -0.53707 0.00000 76.80288 -0.00000 -0.00000 -1.00000 0.00000
1611086987460640 0.55591 -0.83125 0.00000 -122.03678 -0.83125 -0.55591 0.00000 74.18885 -0.00000 -0.00000 -1.00000 0.00000
1611086987710645 0.56992 -0.82170 0.00000 -125.20544 -0.82170 -0.56992 0.00000 72.02121 -0.00000 -0.00000 -1.00000 0.00000
1611086987960644 0.59018 -0.80728 0.00000 -128.78836 -0.80728 -0.59018 0.00000 68.85290 -0.00000 -0.00000 -1.00000 0.00000
1611086988210654 0.60625 -0.79527 0.00000 -132.00778 -0.79527 -0.60625 0.00000 66.30210 -0.00000 -0.00000 -1.00000 0.00000
1611086988460648 0.62606 -0.77977 0.00000 -135.49170 -0.77977 -0.62606 0.00000 63.01913 -0.00000 -0.00000 -1.00000 0.00000
1611086988710028 0.65446 -0.75610 0.00000 -139.52476 -0.75610 -0.65446 0.00000 57.81050 -0.00000 -0.00000 -1.00000 0.00000
1611086988960659 0.66484 -0.74699 0.00000 -142.24792 -0.74699 -0.66484 0.00000 55.82510 -0.00000 -0.00000 -1.00000 0.00000
1611086989210664 0.68850 -0.72524 0.00000 -145.55433 -0.72524 -0.68850 0.00000 51.27607 -0.00000 -0.00000 -1.00000 0.00000
1611086989460663 0.70703 -0.70718 0.00000 -148.67768 -0.70718 -0.70703 0.00000 47.37148 -0.00000 -0.00000 -1.00000 0.00000
1611086989710666 0.73110 -0.68228 0.00000 -151.95600 -0.68228 -0.73110 0.00000 42.22298 -0.00000 -0.00000 -1.00000 0.00000
1611086989960674 0.76173 -0.64790 -0.00000 -155.35162 -0.64790 -0.76173 0.00000 35.19123 -0.00000 -0.00000 -1.00000 0.00000
1611086990211304 0.80089 -0.59882 0.00000 -158.88656 -0.59882 -0.80089 0.00000 25.34691 -0.00000 -0.00000 -1.00000 0.00000
1611086990460684 0.84806 -0.52990 0.00000 -161.96009 -0.52990 -0.84806 0.00000 11.87179 -0.00000 -0.00000 -1.00000 0.00000
1611086990710680 0.89442 -0.44722 0.00000 -163.83894 -0.44722 -0.89442 0.00000 -3.54334 -0.00000 -0.00000 -1.00000 -0.00000
1611086990960683 0.93838 -0.34560 0.00000 -163.78349 -0.34560 -0.93838 0.00000 -21.80870 -0.00000 -0.00000 -1.00000 -0.00000
1611086991211312 0.97442 -0.22473 0.00000 -161.00099 -0.22473 -0.97442 0.00000 -42.13937 -0.00000 -0.00000 -1.00000 -0.00000
1611086991461318 0.99613 -0.08794 0.00000 -154.76402 -0.08794 -0.99613 0.00000 -63.99646 -0.00000 -0.00000 -1.00000 -0.00000
1611086991711318 0.99796 0.06387 0.00000 -144.40324 0.06387 -0.99796 0.00000 -86.67173 0.00000 -0.00000 -1.00000 -0.00000
1611086991961322 0.97487 0.22279 0.00000 -129.73617 0.22279 -0.97487 0.00000 -108.65269 0.00000 -0.00000 -1.00000 -0.00000
1611086992211950 0.92503 0.37989 -0.00000 -111.17012 0.37989 -0.92503 0.00000 -128.43228 0.00000 -0.00000 -1.00000 -0.00000
1611086992461323 0.83839 0.54507 0.00000 -86.41161 0.54507 -0.83839 0.00000 -146.85275 0.00000 -0.00000 -1.00000 -0.00000
1611086992711961 0.72938 0.68411 0.00000 -60.15975 0.68411 -0.72938 0.00000 -159.75665 0.00000 -0.00000 -1.00000 -0.00000
1611086992962579 0.59139 0.80639 0.00000 -30.77245 0.80639 -0.59139 0.00000 -167.97088 0.00000 -0.00000 -1.00000 -0.00000
1611086993212583 0.42781 0.90387 0.00000 0.67777 0.90387 -0.42781 0.00000 -170.72421 0.00000 -0.00000 -1.00000 -0.00000
1611086993462589 0.24459 0.96963 -0.00000 32.80545 0.96963 -0.24459 0.00000 -167.32342 0.00000 -0.00000 -1.00000 -0.00000
1611086993713217 0.06332 0.99799 0.00000 61.83636 0.99799 -0.06332 0.00000 -158.40986 0.00000 -0.00000 -1.00000 -0.00000
1611086993963227 -0.12143 0.99260 0.00000 89.04215 0.99260 0.12143 0.00000 -144.26010 0.00000 0.00000 -1.00000 -0.00000
1611086994213850 -0.29485 0.95554 0.00000 112.05778 0.95554 0.29485 0.00000 -126.39503 0.00000 0.00000 -1.00000 -0.00000
1611086994463851 -0.44636 0.89485 0.00000 130.08665 0.89485 0.44636 0.00000 -106.36485 0.00000 0.00000 -1.00000 -0.00000
1611086994713856 -0.58515 0.81092 0.00000 144.54881 0.81092 0.58515 0.00000 -83.96504 0.00000 0.00000 -1.00000 -0.00000
1611086994964483 -0.69546 0.71857 0.00000 153.91076 0.71857 0.69546 0.00000 -62.34929 0.00000 0.00000 -1.00000 -0.00000
1611086995214482 -0.78946 0.61380 0.00000 159.87980 0.61380 0.78946 0.00000 -40.08762 0.00000 0.00000 -1.00000 -0.00000
1611086995465110 -0.85115 0.52492 -0.00000 162.04429 0.52492 0.85115 0.00000 -22.61438 0.00000 0.00000 -1.00000 -0.00000
1611086995715739 -0.89110 0.45381 0.00000 162.16169 0.45381 0.89110 0.00000 -9.27635 0.00000 0.00000 -1.00000 -0.00000
1611086995965754 -0.91638 0.40030 0.00000 161.04780 0.40030 0.91638 0.00000 0.28537 0.00000 0.00000 -1.00000 0.00000
1611086996215751 -0.92890 0.37032 0.00000 159.59435 0.37032 0.92890 0.00000 5.56534 0.00000 0.00000 -1.00000 0.00000
1611086996465747 -0.93915 0.34352 0.00000 158.00921 0.34352 0.93915 0.00000 10.10909 0.00000 0.00000 -1.00000 0.00000
1611086996715754 -0.94028 0.34040 0.00000 156.48079 0.34040 0.94028 0.00000 10.60268 0.00000 0.00000 -1.00000 0.00000
1611086996966378 -0.93647 0.35076 0.00000 155.06562 0.35076 0.93647 0.00000 8.89252 0.00000 0.00000 -1.00000 0.00000
1611086997216383 -0.92710 0.37481 -0.00000 153.67021 0.37481 0.92710 0.00000 4.92635 0.00000 0.00000 -1.00000 0.00000
1611086997466386 -0.91381 0.40615 0.00000 152.25400 0.40615 0.91381 0.00000 -0.30877 0.00000 0.00000 -1.00000 -0.00000
1611086997716388 -0.89557 0.44493 0.00000 150.42753 0.44493 0.89557 0.00000 -6.77619 0.00000 0.00000 -1.00000 -0.00000
1611086997965768 -0.88131 0.47255 0.00000 148.53348 0.47255 0.88131 0.00000 -11.55287 0.00000 0.00000 -1.00000 -0.00000
1611086998215771 -0.85776 0.51406 -0.00000 146.04802 0.51406 0.85776 0.00000 -18.66618 0.00000 0.00000 -1.00000 -0.00000
1611086998465770 -0.83691 0.54734 0.00000 143.63597 0.54734 0.83691 0.00000 -24.39638 0.00000 0.00000 -1.00000 -0.00000
1611086998715785 -0.80173 0.59769 0.00000 140.00047 0.59769 0.80173 0.00000 -33.23783 0.00000 0.00000 -1.00000 -0.00000
1611086998965150 -0.77643 0.63020 0.00000 136.73280 0.63020 0.77643 0.00000 -39.05104 0.00000 0.00000 -1.00000 -0.00000
1611086999215779 -0.74014 0.67246 -0.00000 132.52173 0.67246 0.74014 0.00000 -46.55057 0.00000 0.00000 -1.00000 -0.00000
1611086999465780 -0.70440 0.70980 0.00000 128.15774 0.70980 0.70440 0.00000 -53.38767 0.00000 0.00000 -1.00000 -0.00000
1611086999715785 -0.66365 0.74804 0.00000 123.05653 0.74804 0.66365 0.00000 -60.50482 0.00000 0.00000 -1.00000 -0.00000
1611086999965173 -0.62421 0.78125 0.00000 117.91037 0.78125 0.62421 0.00000 -66.81891 0.00000 0.00000 -1.00000 -0.00000
1611087000215176 -0.58023 0.81445 0.00000 112.15571 0.81445 0.58023 0.00000 -73.10564 0.00000 0.00000 -1.00000 -0.00000
1611087000465168 -0.53741 0.84332 0.00000 106.36900 0.84332 0.53741 0.00000 -78.82233 0.00000 0.00000 -1.00000 -0.00000
1611087000714549 -0.50442 0.86346 -0.00000 101.45549 0.86346 0.50442 0.00000 -82.98152 0.00000 0.00000 -1.00000 -0.00000
1611087000963927 -0.47185 0.88168 0.00000 96.42500 0.88168 0.47185 0.00000 -86.74443 0.00000 0.00000 -1.00000 -0.00000
1611087001214559 -0.43836 0.89880 0.00000 91.26067 0.89880 0.43836 0.00000 -90.29508 0.00000 0.00000 -1.00000 -0.00000
1611087001464555 -0.41365 0.91044 0.00000 86.94226 0.91044 0.41365 0.00000 -92.81022 0.00000 0.00000 -1.00000 -0.00000
1611087001714560 -0.39696 0.91783 0.00000 83.38025 0.91783 0.39696 0.00000 -94.46960 0.00000 0.00000 -1.00000 -0.00000
1611087001964566 -0.38937 0.92108 0.00000 80.76668 0.92108 0.38937 0.00000 -95.19971 0.00000 0.00000 -1.00000 -0.00000
1611087002214574 -0.37847 0.92561 0.00000 77.80401 0.92561 0.37847 0.00000 -96.24529 0.00000 0.00000 -1.00000 -0.00000
1611087002464577 -0.37244 0.92806 0.00000 75.28224 0.92806 0.37244 0.00000 -96.82649 0.00000 0.00000 -1.00000 -0.00000
1611087002714574 -0.36050 0.93276 0.00000 72.12032 0.93276 0.36050 0.00000 -97.88139 0.00000 0.00000 -1.00000 -0.00000
1611087002964579 -0.36180 0.93226 0.00000 70.25723 0.93226 0.36180 0.00000 -97.76214 0.00000 0.00000 -1.00000 -0.00000
1611087003214581 -0.37209 0.92820 -0.00000 69.40584 0.92820 0.37209 0.00000 -96.98588 0.00000 0.00000 -1.00000 -0.00000
1611087003464585 -0.38150 0.92437 0.00000 68.40900 0.92437 0.38150 0.00000 -96.33502 0.00000 0.00000 -1.00000 -0.00000
1611087003714593 -0.41004 0.91207 -0.00000 69.40087 0.91207 0.41004 0.00000 -93.98713 0.00000 0.00000 -1.00000 -0.00000
1611087003964597 -0.44258 0.89673 0.00000 70.90013 0.89673 0.44258 0.00000 -91.78984 0.00000 0.00000 -1.00000 -0.00000
1611087004215229 -0.46980 0.88277 0.00000 71.73784 0.88277 0.46980 0.00000 -89.59343 0.00000 0.00000 -1.00000 -0.00000
1611087004465226 -0.50575 0.86268 0.00000 73.48907 0.86268 0.50575 0.00000 -86.67048 0.00000 0.00000 -1.00000 -0.00000
1611087004715229 -0.54729 0.83695 0.00000 75.79703 0.83695 0.54729 0.00000 -82.98920 0.00000 0.00000 -1.00000 -0.00000
1611087004965229 -0.58461 0.81131 0.00000 77.64649 0.81131 0.58461 0.00000 -79.40924 0.00000 0.00000 -1.00000 -0.00000
1611087005215857 -0.62386 0.78154 0.00000 79.54877 0.78154 0.62386 0.00000 -75.51486 0.00000 0.00000 -1.00000 -0.00000
1611087005466484 -0.66667 0.74535 0.00000 81.92499 0.74535 0.66667 0.00000 -71.02791 0.00000 0.00000 -1.00000 -0.00000
1611087005716494 -0.70783 0.70638 0.00000 84.05476 0.70638 0.70783 0.00000 -66.42032 0.00000 0.00000 -1.00000 -0.00000
1611087005967116 -0.75181 0.65938 0.00000 86.37770 0.65938 0.75181 0.00000 -60.79971 0.00000 0.00000 -1.00000 -0.00000
1611087006216491 -0.79930 0.60093 0.00000 88.87553 0.60093 0.79930 0.00000 -54.22748 0.00000 0.00000 -1.00000 -0.00000
1611087006467117 -0.83411 0.55160 0.00000 90.13670 0.55160 0.83411 0.00000 -48.75685 0.00000 0.00000 -1.00000 -0.00000
1611087006717140 -0.86909 0.49466 -0.00000 91.37294 0.49466 0.86909 0.00000 -42.77197 0.00000 0.00000 -1.00000 -0.00000
1611087006967753 -0.89769 0.44063 0.00000 91.90640 0.44063 0.89769 0.00000 -37.04807 0.00000 0.00000 -1.00000 -0.00000
1611087007217762 -0.92411 0.38213 0.00000 92.29245 0.38213 0.92411 0.00000 -31.21363 0.00000 0.00000 -1.00000 -0.00000
1611087007468383 -0.94344 0.33155 0.00000 91.86615 0.33155 0.94344 0.00000 -26.02659 0.00000 0.00000 -1.00000 -0.00000
1611087007718389 -0.96018 0.27937 -0.00000 91.23187 0.27937 0.96018 0.00000 -20.92765 0.00000 0.00000 -1.00000 -0.00000
1611087007969022 -0.97348 0.22878 -0.00000 90.30433 0.22878 0.97348 0.00000 -16.27053 0.00000 0.00000 -1.00000 -0.00000
1611087008219650 -0.98154 0.19128 0.00000 88.89086 0.19128 0.98154 0.00000 -12.75530 0.00000 0.00000 -1.00000 -0.00000
1611087008469647 -0.98766 0.15663 0.00000 87.31289 0.15663 0.98766 0.00000 -9.68576 0.00000 0.00000 -1.00000 -0.00000
1611087008719651 -0.99097 0.13409 -0.00000 85.47757 0.13409 0.99097 0.00000 -7.63365 0.00000 0.00000 -1.00000 -0.00000
1611087008969023 -0.99490 0.10090 0.00000 83.73038 0.10090 0.99490 0.00000 -4.79898 0.00000 0.00000 -1.00000 -0.00000
1611087009217783 -0.99712 0.07588 0.00000 81.78506 0.07588 0.99712 0.00000 -2.81019 0.00000 0.00000 -1.00000 -0.00000
1611087009467784 -0.99842 0.05614 0.00000 79.77661 0.05614 0.99842 0.00000 -1.17113 0.00000 0.00000 -1.00000 -0.00000
1611087009717788 -0.99916 0.04087 0.00000 77.72539 0.04087 0.99916 0.00000 0.10785 0.00000 0.00000 -1.00000 0.00000
1611087009967168 -0.99975 0.02214 0.00000 75.70107 0.02214 0.99975 0.00000 1.41836 0.00000 0.00000 -1.00000 0.00000
1611087010217169 -0.99993 0.01153 0.00000 73.59175 0.01153 0.99993 0.00000 2.20078 0.00000 0.00000 -1.00000 0.00000
1611087010467173 -0.99998 0.00678 0.00000 71.57176 0.00678 0.99998 0.00000 2.53228 0.00000 0.00000 -1.00000 0.00000
1611087010717803 -0.99997 0.00745 0.00000 69.56157 0.00745 0.99997 0.00000 2.50646 0.00000 0.00000 -1.00000 0.00000
1611087010967803 -0.99999 -0.00343 0.00000 67.55558 -0.00343 0.99999 0.00000 3.26519 -0.00000 0.00000 -1.00000 0.00000
1611087011217808 -1.00000 -0.00049 0.00000 65.60954 -0.00049 1.00000 0.00000 3.05367 -0.00000 0.00000 -1.00000 0.00000
1611087011467811 -0.99998 -0.00683 0.00000 63.59523 -0.00683 0.99998 0.00000 3.45158 -0.00000 0.00000 -1.00000 0.00000
1611087011718455 -0.99998 -0.00553 -0.00000 61.67782 -0.00553 0.99998 0.00000 3.27669 -0.00000 0.00000 -1.00000 0.00000
1611087011968456 -0.99999 -0.00458 0.00000 59.80020 -0.00458 0.99999 0.00000 3.06265 -0.00000 0.00000 -1.00000 0.00000
1611087012218441 -0.99998 -0.00555 0.00000 57.92763 -0.00555 0.99998 0.00000 3.17380 -0.00000 0.00000 -1.00000 0.00000
1611087012468444 -1.00000 -0.00114 0.00000 56.17178 -0.00114 1.00000 0.00000 2.92720 -0.00000 0.00000 -1.00000 0.00000
1611087012718451 -1.00000 -0.00070 0.00000 54.31107 -0.00070 1.00000 0.00000 2.70783 -0.00000 0.00000 -1.00000 0.00000
1611087012967828 -0.99993 -0.01145 -0.00000 52.48029 -0.01145 0.99993 0.00000 3.42572 -0.00000 0.00000 -1.00000 0.00000
1611087013217834 -0.99992 -0.01266 -0.00000 50.71867 -0.01266 0.99992 0.00000 3.36471 -0.00000 0.00000 -1.00000 0.00000
1611087013467835 -0.99996 -0.00887 0.00000 48.91483 -0.00887 0.99996 0.00000 3.20970 -0.00000 0.00000 -1.00000 0.00000
1611087013717840 -0.99994 -0.01064 -0.00000 47.15094 -0.01064 0.99994 0.00000 3.25174 -0.00000 0.00000 -1.00000 0.00000
1611087013967842 -0.99991 -0.01337 0.00000 45.28634 -0.01337 0.99991 0.00000 3.35018 -0.00000 0.00000 -1.00000 0.00000
1611087014218467 -0.99995 -0.01041 -0.00000 43.40340 -0.01041 0.99995 0.00000 3.23422 -0.00000 0.00000 -1.00000 0.00000
1611087014467845 -0.99994 -0.01055 -0.00000 41.56088 -0.01055 0.99994 0.00000 3.07222 -0.00000 0.00000 -1.00000 0.00000
1611087014718483 -0.99999 0.00411 0.00000 39.69771 0.00411 0.99999 0.00000 2.66216 0.00000 0.00000 -1.00000 0.00000
1611087014969101 -0.99995 0.00966 0.00000 37.80044 0.00966 0.99995 0.00000 2.30676 0.00000 0.00000 -1.00000 0.00000
1611087015219741 -0.99983 0.01837 0.00000 35.86588 0.01837 0.99983 0.00000 1.89556 0.00000 0.00000 -1.00000 0.00000
1611087015469114 -0.99982 0.01889 0.00000 34.00689 0.01889 0.99982 0.00000 1.88489 0.00000 0.00000 -1.00000 0.00000
1611087015719115 -0.99954 0.03041 0.00000 32.00712 0.03041 0.99954 0.00000 1.49510 0.00000 0.00000 -1.00000 0.00000
1611087015969113 -0.99901 0.04458 0.00000 30.14203 0.04458 0.99901 0.00000 1.07949 0.00000 0.00000 -1.00000 0.00000
1611087016218489 -0.99900 0.04476 0.00000 28.20938 0.04476 0.99900 0.00000 0.98727 0.00000 0.00000 -1.00000 0.00000
1611087016468499 -0.99870 0.05090 -0.00000 26.26004 0.05090 0.99870 0.00000 0.83105 0.00000 0.00000 -1.00000 0.00000
1611087016717873 -0.99837 0.05709 0.00000 24.37856 0.05709 0.99837 0.00000 0.63541 0.00000 0.00000 -1.00000 0.00000
1611087016967876 -0.99810 0.06163 -0.00000 22.45008 0.06163 0.99810 0.00000 0.44373 0.00000 0.00000 -1.00000 0.00000
1611087017217881 -0.99758 0.06947 0.00000 20.52833 0.06947 0.99758 0.00000 0.20606 0.00000 0.00000 -1.00000 0.00000
1611087017467258 -0.99753 0.07031 -0.00000 18.61848 0.07031 0.99753 0.00000 0.05848 0.00000 0.00000 -1.00000 0.00000
1611087017717888 -0.99675 0.08055 0.00000 16.72683 0.08055 0.99675 0.00000 -0.00940 0.00000 0.00000 -1.00000 -0.00000
1611087017967889 -0.99593 0.09018 0.00000 14.83188 0.09018 0.99593 0.00000 -0.12038 0.00000 0.00000 -1.00000 -0.00000
1611087018217889 -0.99580 0.09154 0.00000 12.91167 0.09154 0.99580 0.00000 -0.14481 0.00000 0.00000 -1.00000 -0.00000
1611087018467890 -0.99516 0.09825 0.00000 10.92018 0.09825 0.99516 0.00000 -0.21471 0.00000 0.00000 -1.00000 -0.00000
1611087018717276 -0.99591 0.09038 0.00000 8.95910 0.09038 0.99591 0.00000 -0.18465 0.00000 0.00000 -1.00000 -0.00000
