1. 0. 0. 0. 0. -1. -0. 0. 0. 0. -1. 0.
1. -0.000 -0. -0.001 -0.000 -1. -0. -0.023 0. 0. -1. 0.
1. -0.000 -0. -0.009 -0.000 -1. -0. -0.017 0. 0. -1. 0.
1. 0.001 0. -0.005 0.001 -1. -0. -0.012 0. 0. -1. 0.
1. 0.001 0. -0.002 0.001 -1. -0. -0.016 0. 0. -1. 0.
1. -0.000 -0. -0.017 -0.000 -1. -0. -0.018 0. 0. -1. 0.
1. 0.001 0. -0.018 0.001 -1. -0. -0.030 0. 0. -1. 0.
1. 0.002 0. -0.005 0.002 -1. -0. -0.010 0. 0. -1. 0.
1. 0.002 0. -0.012 0.002 -1. -0. -0.037 0. 0. -1. 0.
1. 0.002 0. 0.014 0.002 -1. -0. -0.014 0. 0. -1. 0.
1. -0.001 -0. -0.007 -0.001 -1. -0. -0.030 0. 0. -1. 0.
1. -0.005 -0. -0.001 -0.005 -1. -0. -0.023 0. 0. -1. 0.
1. 0.002 0. -0.006 0.002 -1. -0. -0.013 0. 0. -1. 0.
1. -0.001 -0. 0.012 -0.001 -1. -0. -0.001 0. 0. -1. 0.
1. -0.005 -0. -0.020 -0.005 -1. -0. -0.043 0. 0. -1. 0.
1. -0.004 -0. -0.028 -0.004 -1. -0. -0.054 0. 0. -1. 0.
1. -0.006 -0. -0.024 -0.006 -1. -0. -0.021 0. 0. -1. 0.
1. -0.004 -0. -0.026 -0.004 -1. -0. -0.016 0. 0. -1. 0.
1. -0.001 -0. -0.017 -0.001 -1. -0. -0.014 0. 0. -1. 0.
1. 0.002 0. -0.001 0.002 -1. -0. -0.030 0. 0. -1. 0.
1. 0.005 0. -0.004 0.005 -1. -0. -0.010 0. 0. -1. 0.
1. 0.004 0. -0.008 0.004 -1. -0. -0.011 0. 0. -1. 0.
1. 0.001 0. -0.001 0.001 -1. -0. -0.002 0. 0. -1. 0.
1. -0.004 -0. -0.012 -0.004 -1. -0. -0.018 0. 0. -1. 0.
1. -0.007 -0. -0.024 -0.007 -1. -0. -0.021 0. 0. -1. 0.
1. -0.003 -0. -0.018 -0.003 -1. -0. -0.022 0. 0. -1. 0.
1. -0.004 -0. -0.001 -0.004 -1. -0. -0.008 0. 0. -1. 0.
1. -0.007 -0. -0.018 -0.007 -1. -0. -0.017 0. 0. -1. 0.
1. -0.005 -0. -0.024 -0.005 -1. -0. -0.021 0. 0. -1. 0.
1. -0.006 -0. -0.017 -0.006 -1. -0. -0.006 0. 0. -1. 0.
1. -0.006 -0. -0.020 -0.006 -1. -0. -0.020 0. 0. -1. 0.
1. -0.007 -0. 0.018 -0.007 -1. -0. -0.042 0. 0. -1. 0.
1. 0.002 0. 0.002 0.002 -1. -0. -0.017 0. 0. -1. 0.
1. 0.000 0. 0.018 0.000 -1. -0. 0.007 0. 0. -1. 0.
1. -0.001 -0. -0.003 -0.001 -1. -0. -0.029 0. 0. -1. 0.
1. -0.002 -0. 0.007 -0.002 -1. -0. -0.027 0. 0. -1. 0.
1. -0.005 -0. 0.005 -0.005 -1. -0. -0.056 0. 0. -1. 0.
1. -0.001 -0. 0.065 -0.001 -1. -0. 0.002 0. 0. -1. 0.
1. -0.005 -0. 0.179 -0.005 -1. -0. 0.027 0. 0. -1. 0.
1.000 -0.015 -0. 0.312 -0.015 -1.000 -0. -0.014 0. 0. -1. 0.
0.999 -0.037 -0. 0.515 -0.037 -0.999 -0. -0.061 0. 0. -1. 0.
0.998 -0.067 -0. 0.912 -0.067 -0.998 -0. -0.152 0. 0. -1. 0.
0.995 -0.098 -0. 1.392 -0.098 -0.995 -0. -0.147 0. 0. -1. 0.
0.990 -0.139 -0. 1.932 -0.139 -0.990 -0. -0.272 0. 0. -1. 0.
0.989 -0.151 -0. 2.613 -0.151 -0.989 -0. -0.333 0. 0. -1. 0.
0.984 -0.177 -0. 3.372 -0.177 -0.984 -0. -0.536 0. 0. -1. 0.
0.984 -0.177 -0. 4.224 -0.177 -0.984 -0. -0.749 0. 0. -1. 0.
0.982 -0.190 -0. 5.171 -0.190 -0.982 -0. -0.912 0. 0. -1. 0.
0.984 -0.179 -0. 6.148 -0.179 -0.984 -0. -1.135 0. 0. -1. 0.
0.984 -0.181 -0. 7.248 -0.181 -0.984 -0. -1.302 0. 0. -1. 0.
0.985 -0.174 -0. 8.371 -0.174 -0.985 -0. -1.556 0. 0. -1. 0.
0.986 -0.166 -0. 9.665 -0.166 -0.986 -0. -1.811 0. 0. -1. 0.
0.988 -0.157 -0. 10.804 -0.157 -0.988 -0. -2.100 0. 0. -1. 0.
0.991 -0.133 -0. 12.173 -0.133 -0.991 -0. -2.278 0. 0. -1. 0.
0.993 -0.116 -0. 13.595 -0.116 -0.993 -0. -2.379 0. 0. -1. 0.
0.995 -0.103 -0. 15.000 -0.103 -0.995 -0. -2.598 0. 0. -1. 0.
0.996 -0.091 -0. 16.514 -0.091 -0.996 -0. -2.668 0. 0. -1. 0.
0.997 -0.072 -0. 18.066 -0.072 -0.997 -0. -2.836 0. 0. -1. 0.
0.998 -0.064 -0. 19.661 -0.064 -0.998 -0. -2.926 0. 0. -1. 0.
0.999 -0.050 -0. 21.355 -0.050 -0.999 -0. -3.133 0. 0. -1. 0.
0.999 -0.045 -0. 23.075 -0.045 -0.999 -0. -3.133 0. 0. -1. 0.
0.999 -0.043 -0. 24.743 -0.043 -0.999 -0. -3.226 0. 0. -1. 0.
0.999 -0.035 -0. 26.526 -0.035 -0.999 -0. -3.318 0. 0. -1. 0.
1.000 -0.020 -0. 28.374 -0.020 -1.000 -0. -3.349 0. 0. -1. 0.
1. -0.006 -0. 30.184 -0.006 -1. -0. -3.432 0. 0. -1. 0.
1. 0.013 0. 32.004 0.013 -1. -0. -3.416 0. 0. -1. 0.
1.000 0.030 0. 33.760 0.030 -1.000 -0. -3.367 0. 0. -1. 0.
0.999 0.040 0. 35.517 0.040 -0.999 -0. -3.391 0. 0. -1. 0.
0.999 0.048 0. 37.141 0.048 -0.999 -0. -3.307 0. 0. -1. 0.
0.998 0.065 0. 38.861 0.065 -0.998 -0. -3.061 0. 0. -1. 0.
0.997 0.074 0. 40.512 0.074 -0.997 -0. -3.055 0. 0. -1. 0.
0.997 0.074 0. 42.097 0.074 -0.997 -0. -3.072 0. 0. -1. 0.
0.997 0.081 0. 43.615 0.081 -0.997 -0. -2.889 0. 0. -1. 0.
0.997 0.079 0. 45.275 0.079 -0.997 -0. -2.783 0. 0. -1. 0.
0.996 0.085 0. 46.803 0.085 -0.996 -0. -2.714 0. 0. -1. 0.
0.997 0.083 0. 48.402 0.083 -0.997 -0. -2.695 0. 0. -1. 0.
0.997 0.079 0. 50.046 0.079 -0.997 -0. -2.516 0. 0. -1. 0.
0.998 0.064 0. 51.592 0.064 -0.998 -0. -2.396 0. 0. -1. 0.
0.999 0.054 0. 53.274 0.054 -0.999 -0. -2.266 0. 0. -1. 0.
0.999 0.044 0. 54.896 0.044 -0.999 -0. -2.332 0. 0. -1. 0.
0.999 0.036 0. 56.618 0.036 -0.999 -0. -2.214 0. 0. -1. 0.
0.999 0.033 0. 58.343 0.033 -0.999 -0. -2.245 0. 0. -1. 0.
1.000 0.028 0. 60.181 0.028 -1.000 -0. -2.197 0. 0. -1. 0.
1.000 0.018 0. 61.955 0.018 -1.000 -0. -2.158 0. 0. -1. 0.
1.000 0.021 0. 63.860 0.021 -1.000 -0. -2.185 0. 0. -1. 0.
1.000 0.015 0. 65.724 0.015 -1.000 -0. -2.168 0. 0. -1. 0.
1.000 0.023 0. 67.692 0.023 -1.000 -0. -2.160 0. 0. -1. 0.
1.000 0.019 0. 69.665 0.019 -1.000 -0. -2.029 0. 0. -1. 0.
1.000 0.021 0. 71.624 0.021 -1.000 -0. -1.978 0. 0. -1. 0.
1.000 0.022 0. 73.646 0.022 -1.000 -0. -2.117 0. 0. -1. 0.
1. 0.014 0. 75.729 0.014 -1. -0. -1.971 0. 0. -1. 0.
1.000 0.015 0. 77.701 0.015 -1.000 -0. -1.915 0. 0. -1. 0.
1. 0.002 0. 79.842 0.002 -1. -0. -1.997 0. 0. -1. 0.
1.000 -0.021 -0. 81.822 -0.021 -1.000 -0. -2.012 0. 0. -1. 0.
0.999 -0.042 -0. 83.926 -0.042 -0.999 -0. -2.215 0. 0. -1. 0.
0.997 -0.073 -0. 85.911 -0.073 -0.997 -0. -2.375 0. 0. -1. 0.
0.993 -0.118 -0. 87.916 -0.118 -0.993 -0. -2.546 0. 0. -1. 0.
0.988 -0.153 -0. 89.861 -0.153 -0.988 -0. -2.903 0. 0. -1. 0.
0.980 -0.201 -0. 91.944 -0.201 -0.980 -0. -3.327 0. 0. -1. 0.
0.968 -0.250 -0. 93.943 -0.250 -0.968 -0. -3.805 0. 0. -1. 0.
0.954 -0.301 -0. 95.668 -0.301 -0.954 -0. -4.454 0. 0. -1. 0.
0.931 -0.366 -0. 97.560 -0.366 -0.931 -0. -5.134 0. 0. -1. 0.
0.907 -0.422 -0. 99.443 -0.422 -0.907 -0. -5.887 0. 0. -1. 0.
0.876 -0.482 -0. 101.192 -0.482 -0.876 -0. -6.796 0. 0. -1. 0.
0.844 -0.536 -0. 102.787 -0.536 -0.844 -0. -7.927 0. 0. -1. 0.
0.804 -0.594 -0. 104.352 -0.594 -0.804 -0. -9.072 0. 0. -1. 0.
0.771 -0.637 -0. 105.847 -0.637 -0.771 -0. -10.492 0. 0. -1. 0.
0.734 -0.679 -0. 107.265 -0.679 -0.734 -0. -11.790 0. 0. -1. 0.
0.690 -0.724 -0. 108.655 -0.724 -0.690 -0. -13.107 0. 0. -1. 0.
0.639 -0.769 -0. 109.959 -0.769 -0.639 -0. -14.463 0. 0. -1. 0.
0.588 -0.809 -0. 110.937 -0.809 -0.588 -0. -16.089 0. 0. -1. 0.
0.530 -0.848 -0. 111.779 -0.848 -0.530 -0. -17.757 0. 0. -1. 0.
0.480 -0.877 -0. 112.673 -0.877 -0.480 -0. -19.434 0. 0. -1. 0.
0.437 -0.899 -0. 113.341 -0.899 -0.437 -0. -21.178 0. 0. -1. 0.
0.411 -0.912 -0. 114.194 -0.912 -0.411 -0. -22.985 0. 0. -1. 0.
0.390 -0.921 -0. 115.088 -0.921 -0.390 -0. -24.724 0. 0. -1. 0.
0.388 -0.922 -0. 115.737 -0.922 -0.388 -0. -26.584 0. 0. -1. 0.
0.385 -0.923 -0. 116.538 -0.923 -0.385 -0. -28.467 0. 0. -1. 0.
0.386 -0.922 -0. 117.241 -0.922 -0.386 -0. -30.399 0. 0. -1. 0.
0.390 -0.921 -0. 118.033 -0.921 -0.390 -0. -32.321 0. 0. -1. 0.
0.399 -0.917 -0. 118.926 -0.917 -0.399 -0. -34.263 0. 0. -1. 0.
0.413 -0.911 -0. 119.861 -0.911 -0.413 -0. -36.203 0. 0. -1. 0.
0.430 -0.903 -0. 120.653 -0.903 -0.430 -0. -38.202 0. 0. -1. 0.
0.443 -0.897 -0. 121.612 -0.897 -0.443 -0. -40.240 0. 0. -1. 0.
0.454 -0.891 -0. 122.570 -0.891 -0.454 -0. -42.146 0. 0. -1. 0.
0.465 -0.885 -0. 123.571 -0.885 -0.465 -0. -44.035 0. 0. -1. 0.
0.478 -0.878 -0. 124.511 -0.878 -0.478 -0. -45.924 0. 0. -1. 0.
0.490 -0.872 -0. 125.500 -0.872 -0.490 -0. -47.901 0. 0. -1. 0.
0.498 -0.867 -0. 126.582 -0.867 -0.498 -0. -49.726 0. 0. -1. 0.
0.506 -0.862 -0. 127.537 -0.862 -0.506 -0. -51.524 0. 0. -1. 0.
0.509 -0.861 -0. 128.671 -0.861 -0.509 -0. -53.309 0. 0. -1. 0.
0.518 -0.856 -0. 129.614 -0.856 -0.518 -0. -55.093 0. 0. -1. 0.
0.520 -0.854 -0. 130.549 -0.854 -0.520 -0. -56.917 0. 0. -1. 0.
0.519 -0.854 -0. 131.783 -0.854 -0.519 -0. -58.626 0. 0. -1. 0.
0.535 -0.845 -0. 132.606 -0.845 -0.535 -0. -60.275 0. 0. -1. 0.
0.540 -0.842 -0. 133.728 -0.842 -0.540 -0. -61.876 0. 0. -1. 0.
0.553 -0.833 -0. 134.789 -0.833 -0.553 -0. -63.460 0. 0. -1. 0.
0.566 -0.824 -0. 135.776 -0.824 -0.566 -0. -64.966 0. 0. -1. 0.
0.580 -0.815 -0. 136.800 -0.815 -0.580 -0. -66.390 0. 0. -1. 0.
0.597 -0.802 -0. 137.805 -0.802 -0.597 -0. -67.702 0. 0. -1. 0.
0.620 -0.784 -0. 138.823 -0.784 -0.620 -0. -68.919 0. 0. -1. 0.
0.660 -0.751 -0. 139.825 -0.751 -0.660 -0. -70.145 0. 0. -1. 0.
0.697 -0.717 -0. 140.879 -0.717 -0.697 -0. -71.264 0. 0. -1. 0.
0.743 -0.669 -0. 141.887 -0.669 -0.743 -0. -72.191 0. 0. -1. 0.
0.800 -0.601 -0. 142.983 -0.601 -0.800 -0. -73.118 0. 0. -1. 0.
0.851 -0.525 -0. 144.071 -0.525 -0.851 -0. -73.866 0. 0. -1. 0.
0.902 -0.431 -0. 145.283 -0.431 -0.902 -0. -74.434 0. 0. -1. 0.
0.944 -0.330 -0. 146.379 -0.330 -0.944 -0. -74.829 0. 0. -1. 0.
0.978 -0.209 -0. 147.583 -0.209 -0.978 -0. -75.063 0. 0. -1. 0.
0.997 -0.073 -0. 148.730 -0.073 -0.997 -0. -75.192 0. 0. -1. 0.
0.997 0.073 0. 149.835 0.073 -0.997 -0. -75.074 0. 0. -1. 0.
0.970 0.242 0. 150.933 0.242 -0.970 -0. -74.793 0. 0. -1. 0.
0.920 0.392 0. 151.929 0.392 -0.920 -0. -74.290 0. 0. -1. 0.
0.842 0.539 0. 152.808 0.539 -0.842 -0. -73.729 0. 0. -1. 0.
0.732 0.681 0. 153.513 0.681 -0.732 -0. -72.999 0. 0. -1. 0.
0.600 0.800 0. 154.151 0.800 -0.600 -0. -72.134 0. 0. -1. 0.
0.451 0.892 0. 154.591 0.892 -0.451 -0. -71.232 0. 0. -1. 0.
0.283 0.959 0. 154.836 0.959 -0.283 -0. -70.226 0. 0. -1. 0.
0.106 0.994 0. 154.939 0.994 -0.106 -0. -69.202 0. 0. -1. 0.
-0.082 0.997 0. 154.813 0.997 0.082 0. -68.158 0. 0. -1. 0.
-0.266 0.964 0. 154.496 0.964 0.266 0. -66.950 0. 0. -1. 0.
-0.442 0.897 0. 154.060 0.897 0.442 0. -66.052 0. 0. -1. 0.
-0.589 0.808 0. 153.086 0.808 0.589 0. -65.058 0. 0. -1. 0.
-0.705 0.709 0. 152.174 0.709 0.705 0. -64.170 0. 0. -1. 0.
-0.790 0.613 0. 151.192 0.613 0.790 0. -63.392 0. 0. -1. 0.
-0.845 0.535 0. 150.059 0.535 0.845 0. -62.738 0. 0. -1. 0.
-0.878 0.478 0. 148.806 0.478 0.878 0. -62.017 0. 0. -1. 0.
-0.904 0.428 0. 147.621 0.428 0.904 0. -61.547 0. 0. -1. 0.
-0.915 0.403 0. 146.219 0.403 0.915 0. -60.803 0. 0. -1. 0.
-0.925 0.380 0. 144.843 0.380 0.925 0. -60.348 0. 0. -1. 0.
-0.928 0.373 0. 143.297 0.373 0.928 0. -59.725 0. 0. -1. 0.
-0.927 0.375 0. 141.807 0.375 0.927 0. -59.155 0. 0. -1. 0.
-0.919 0.394 0. 140.282 0.394 0.919 0. -58.520 0. 0. -1. 0.
-0.906 0.422 0. 138.752 0.422 0.906 0. -57.722 0. 0. -1. 0.
-0.889 0.458 0. 137.228 0.458 0.889 0. -56.925 0. 0. -1. 0.
-0.868 0.496 0. 135.846 0.496 0.868 0. -56.053 0. 0. -1. 0.
-0.837 0.547 0. 134.297 0.547 0.837 0. -55.224 0. 0. -1. 0.
-0.808 0.589 0. 132.910 0.589 0.808 0. -54.133 0. 0. -1. 0.
-0.774 0.633 0. 131.522 0.633 0.774 0. -52.925 0. 0. -1. 0.
-0.738 0.675 0. 130.197 0.675 0.738 0. -51.628 0. 0. -1. 0.
-0.691 0.722 0. 128.817 0.722 0.691 0. -50.308 0. 0. -1. 0.
-0.653 0.757 0. 127.652 0.757 0.653 0. -48.693 0. 0. -1. 0.
-0.613 0.790 0. 126.372 0.790 0.613 0. -47.180 0. 0. -1. 0.
-0.566 0.824 0. 125.312 0.824 0.566 0. -45.509 0. 0. -1. 0.
-0.515 0.857 0. 124.260 0.857 0.515 0. -43.862 0. 0. -1. 0.
-0.472 0.881 0. 123.369 0.881 0.472 0. -42.072 0. 0. -1. 0.
-0.429 0.903 0. 122.368 0.903 0.429 0. -40.216 0. 0. -1. 0.
-0.403 0.915 0. 121.798 0.915 0.403 0. -38.363 0. 0. -1. 0.
-0.373 0.928 0. 120.934 0.928 0.373 0. -36.447 0. 0. -1. 0.
-0.348 0.938 0. 120.305 0.938 0.348 0. -34.447 0. 0. -1. 0.
-0.338 0.941 0. 119.620 0.941 0.338 0. -32.497 0. 0. -1. 0.
-0.326 0.945 0. 119.221 0.945 0.326 0. -30.484 0. 0. -1. 0.
-0.323 0.946 0. 118.347 0.946 0.323 0. -28.436 0. 0. -1. 0.
-0.331 0.944 0. 117.561 0.944 0.331 0. -26.401 0. 0. -1. 0.
-0.343 0.939 0. 116.865 0.939 0.343 0. -24.373 0. 0. -1. 0.
-0.369 0.929 0. 116.212 0.929 0.369 0. -22.303 0. 0. -1. 0.
-0.406 0.914 0. 115.408 0.914 0.406 0. -20.343 0. 0. -1. 0.
-0.444 0.896 0. 114.495 0.896 0.444 0. -18.348 0. 0. -1. 0.
-0.492 0.871 0. 113.500 0.871 0.492 0. -16.416 0. 0. -1. 0.
-0.542 0.840 0. 112.342 0.840 0.542 0. -14.636 0. 0. -1. 0.
-0.600 0.800 0. 111.240 0.800 0.600 0. -12.899 0. 0. -1. 0.
-0.655 0.756 0. 109.921 0.756 0.655 0. -11.139 0. 0. -1. 0.
-0.706 0.708 0. 108.625 0.708 0.706 0. -9.562 0. 0. -1. 0.
-0.755 0.656 0. 107.024 0.656 0.755 0. -8.254 0. 0. -1. 0.
-0.802 0.597 0. 105.466 0.597 0.802 0. -6.881 0. 0. -1. 0.
-0.843 0.537 0. 103.647 0.537 0.843 0. -5.587 0. 0. -1. 0.
-0.882 0.471 0. 101.932 0.471 0.882 0. -4.655 0. 0. -1. 0.
-0.914 0.406 0. 99.953 0.406 0.914 0. -3.778 0. 0. -1. 0.
-0.938 0.346 0. 98.017 0.346 0.938 0. -3.073 0. 0. -1. 0.
-0.958 0.286 0. 96.054 0.286 0.958 0. -2.337 0. 0. -1. 0.
-0.972 0.235 0. 94.037 0.235 0.972 0. -1.789 0. 0. -1. 0.
-0.984 0.179 0. 91.981 0.179 0.984 0. -1.382 0. 0. -1. 0.
-0.991 0.134 0. 89.778 0.134 0.991 0. -1.104 0. 0. -1. 0.
-0.996 0.093 0. 87.735 0.093 0.996 0. -0.813 0. 0. -1. 0.
-0.998 0.061 0. 85.558 0.061 0.998 0. -0.670 0. 0. -1. 0.
-0.999 0.041 0. 83.401 0.041 0.999 0. -0.568 0. 0. -1. 0.
-0.999 0.036 0. 81.304 0.036 0.999 0. -0.566 0. 0. -1. 0.
-1.000 0.025 0. 79.031 0.025 1.000 0. -0.372 0. 0. -1. 0.
-1.000 0.019 0. 76.900 0.019 1.000 0. -0.302 0. 0. -1. 0.
-1.000 0.025 0. 74.821 0.025 1.000 0. -0.201 0. 0. -1. 0.
-1.000 0.021 0. 72.666 0.021 1.000 0. -0.042 0. 0. -1. 0.
-1.000 0.016 0. 70.625 0.016 1.000 0. -0.044 0. 0. -1. 0.
-1.000 0.018 0. 68.571 0.018 1.000 0. 0.030 0. 0. -1. 0.
-1.000 0.016 0. 66.612 0.016 1.000 0. 0.112 0. 0. -1. 0.
-1. 0.010 0. 64.578 0.010 1. 0. 0.236 0. 0. -1. 0.
-1. 0.010 0. 62.577 0.010 1. 0. 0.256 0. 0. -1. 0.
-1. -0.009 -0. 60.607 -0.009 1. 0. 0.346 0. 0. -1. 0.
-1.000 -0.018 -0. 58.697 -0.018 1.000 0. 0.381 0. 0. -1. 0.
-1.000 -0.030 -0. 56.723 -0.030 1.000 0. 0.203 0. 0. -1. 0.
-0.999 -0.038 -0. 54.845 -0.038 0.999 0. 0.235 0. 0. -1. 0.
-0.999 -0.053 -0. 52.859 -0.053 0.999 0. 0.070 0. 0. -1. 0.
-0.998 -0.068 -0. 51.020 -0.068 0.998 0. -0.053 0. 0. -1. 0.
-0.995 -0.100 -0. 49.076 -0.100 0.995 0. -0.086 0. 0. -1. 0.
-0.993 -0.120 -0. 47.244 -0.120 0.993 0. -0.351 0. 0. -1. 0.
-0.992 -0.128 -0. 45.377 -0.128 0.992 0. -0.565 0. 0. -1. 0.
-0.993 -0.115 -0. 43.550 -0.115 0.993 0. -0.878 0. 0. -1. 0.
-0.995 -0.098 -0. 41.777 -0.098 0.995 0. -0.982 0. 0. -1. 0.
-0.998 -0.068 -0. 39.921 -0.068 0.998 0. -1.146 0. 0. -1. 0.
-0.999 -0.035 -0. 38.097 -0.035 0.999 0. -1.108 0. 0. -1. 0.
-1. -0.001 -0. 36.334 -0.001 1. 0. -1.133 0. 0. -1. 0.
-0.999 0.032 0. 34.494 0.032 0.999 0. -1.026 0. 0. -1. 0.
-0.998 0.058 0. 32.590 0.058 0.998 0. -0.758 0. 0. -1. 0.
-0.998 0.067 0. 30.666 0.067 0.998 0. -0.553 0. 0. -1. 0.
-0.996 0.085 0. 28.719 0.085 0.996 0. -0.408 0. 0. -1. 0.
-0.995 0.102 0. 26.751 0.102 0.995 0. -0.147 0. 0. -1. 0.
-0.995 0.104 0. 24.711 0.104 0.995 0. 0.130 0. 0. -1. 0.
-0.994 0.109 0. 22.688 0.109 0.994 0. 0.333 0. 0. -1. 0.
-0.994 0.110 0. 20.627 0.110 0.994 0. 0.618 0. 0. -1. 0.
-0.994 0.105 0. 18.558 0.105 0.994 0. 0.891 0. 0. -1. 0.
-0.994 0.110 0. 16.402 0.110 0.994 0. 1.116 0. 0. -1. 0.
-0.994 0.111 0. 14.344 0.111 0.994 0. 1.386 0. 0. -1. 0.
-0.994 0.109 0. 12.252 0.109 0.994 0. 1.596 0. 0. -1. 0.
-0.993 0.116 0. 10.155 0.116 0.993 0. 1.844 0. 0. -1. 0.
-0.993 0.115 0. 7.988 0.115 0.993 0. 2.215 0. 0. -1. 0.
-0.994 0.111 0. 5.871 0.111 0.994 0. 2.462 0. 0. -1. 0.
-0.994 0.107 0. 3.700 0.107 0.994 0. 2.634 0. 0. -1. 0.
-0.994 0.105 0. 1.571 0.105 0.994 0. 2.896 0. 0. -1. 0.
-0.995 0.100 0. -0.614 0.100 0.995 0. 3.206 0. 0. -1. 0.
-0.996 0.087 0. -2.796 0.087 0.996 0. 3.468 0. 0. -1. 0.
-0.996 0.085 0. -5.017 0.085 0.996 0. 3.656 0. 0. -1. 0.
-0.997 0.079 0. -7.159 0.079 0.997 0. 3.852 0. 0. -1. 0.
-0.998 0.071 0. -9.275 0.071 0.998 0. 3.995 0. 0. -1. 0.
-0.998 0.057 0. -11.539 0.057 0.998 0. 4.201 0. 0. -1. 0.
-0.999 0.048 0. -13.656 0.048 0.999 0. 4.415 0. 0. -1. 0.
-0.999 0.041 0. -15.850 0.041 0.999 0. 4.449 0. 0. -1. 0.
-1.000 0.030 0. -18.001 0.030 1.000 0. 4.589 0. 0. -1. 0.
-1.000 0.024 0. -20.232 0.024 1.000 0. 4.688 0. 0. -1. 0.
-1. 0.012 0. -22.461 0.012 1. 0. 4.792 0. 0. -1. 0.
-1. 0.007 0. -24.915 0.007 1. 0. 4.811 0. 0. -1. 0.
-1. 0.007 0. -26.821 0.007 1. 0. 4.835 0. 0. -1. 0.
-1. 0.005 0. -29.198 0.005 1. 0. 4.923 0. 0. -1. 0.
-1. -0.003 -0. -31.324 -0.003 1. 0. 4.755 0. 0. -1. 0.
-1. 0.007 0. -33.485 0.007 1. 0. 4.840 0. 0. -1. 0.
-1. 0.014 0. -35.593 0.014 1. 0. 4.825 0. 0. -1. 0.
-1.000 0.023 0. -37.809 0.023 1.000 0. 4.896 0. 0. -1. 0.
-1. 0.014 0. -39.837 0.014 1. 0. 4.975 0. 0. -1. 0.
-1.000 0.023 0. -41.998 0.023 1.000 0. 5.053 0. 0. -1. 0.
-1.000 0.021 0. -44.032 0.021 1.000 0. 5.166 0. 0. -1. 0.
-0.999 0.032 0. -46.129 0.032 0.999 0. 5.296 0. 0. -1. 0.
-1.000 0.023 0. -48.108 0.023 1.000 0. 5.387 0. 0. -1. 0.
-0.999 0.037 0. -50.165 0.037 0.999 0. 5.447 0. 0. -1. 0.
-0.999 0.036 0. -51.968 0.036 0.999 0. 5.524 0. 0. -1. 0.
-0.999 0.050 0. -53.929 0.050 0.999 0. 5.639 0. 0. -1. 0.
-0.997 0.071 0. -55.593 0.071 0.997 0. 5.784 0. 0. -1. 0.
-0.995 0.097 0. -57.204 0.097 0.995 0. 6.052 0. 0. -1. 0.
-0.991 0.132 0. -58.730 0.132 0.991 0. 6.242 0. 0. -1. 0.
-0.984 0.181 0. -60.201 0.181 0.984 0. 6.528 0. 0. -1. 0.
-0.970 0.243 0. -61.561 0.243 0.970 0. 6.874 0. 0. -1. 0.
-0.950 0.313 0. -62.693 0.313 0.950 0. 7.278 0. 0. -1. 0.
-0.921 0.391 0. -63.786 0.391 0.921 0. 7.693 0. 0. -1. 0.
-0.875 0.485 0. -64.863 0.485 0.875 0. 8.272 0. 0. -1. 0.
-0.819 0.574 0. -65.734 0.574 0.819 0. 8.943 0. 0. -1. 0.
-0.752 0.659 0. -66.514 0.659 0.752 0. 9.725 0. 0. -1. 0.
-0.664 0.747 0. -67.248 0.747 0.664 0. 10.584 0. 0. -1. 0.
-0.564 0.826 0. -67.859 0.826 0.564 0. 11.430 0. 0. -1. 0.
-0.470 0.883 0. -68.220 0.883 0.470 0. 12.368 0. 0. -1. 0.
-0.377 0.926 0. -68.578 0.926 0.377 0. 13.312 0. 0. -1. 0.
-0.288 0.958 0. -69.008 0.958 0.288 0. 14.231 0. 0. -1. 0.
-0.211 0.978 0. -68.996 0.978 0.211 0. 15.212 0. 0. -1. 0.
-0.155 0.988 0. -69.177 0.988 0.155 0. 16.014 0. 0. -1. 0.
-0.107 0.994 0. -69.228 0.994 0.107 0. 16.750 0. 0. -1. 0.
-0.078 0.997 0. -69.236 0.997 0.078 0. 17.394 0. 0. -1. 0.
-0.054 0.999 0. -69.169 0.999 0.054 0. 18.212 0. 0. -1. 0.
-0.038 0.999 0. -69.122 0.999 0.038 0. 18.623 0. 0. -1. 0.
-0.023 1.000 0. -69.066 1.000 0.023 0. 19.074 0. 0. -1. 0.
-0.016 1.000 0. -69.186 1.000 0.016 0. 19.509 0. 0. -1. 0.
-0.011 1. 0. -69.123 1. 0.011 0. 19.641 0. 0. -1. 0.
-0.007 1. 0. -69.052 1. 0.007 0. 20.069 0. 0. -1. 0.
-0.004 1. 0. -69.000 1. 0.004 0. 20.184 0. 0. -1. 0.
-0.007 1. 0. -69.008 1. 0.007 0. 20.420 0. 0. -1. 0.
-0.004 1. 0. -69.096 1. 0.004 0. 20.574 0. 0. -1. 0.
-0.004 1. 0. -69.002 1. 0.004 0. 20.651 0. 0. -1. 0.
-0.008 1. 0. -68.978 1. 0.008 0. 20.777 0. 0. -1. 0.
-0.005 1. 0. -69.102 1. 0.005 0. 20.840 0. 0. -1. 0.
-0.006 1. 0. -69.129 1. 0.006 0. 20.932 0. 0. -1. 0.
-0.002 1. 0. -69.007 1. 0.002 0. 20.960 0. 0. -1. 0.
-0.007 1. 0. -69.105 1. 0.007 0. 21.045 0. 0. -1. 0.
-0.009 1. 0. -68.927 1. 0.009 0. 21.039 0. 0. -1. 0.
-0.009 1. 0. -68.966 1. 0.009 0. 21.144 0. 0. -1. 0.
-0.001 1. 0. -69.056 1. 0.001 0. 21.173 0. 0. -1. 0.
-0.007 1. 0. -68.838 1. 0.007 0. 21.261 0. 0. -1. 0.
-0.008 1. 0. -69.041 1. 0.008 0. 21.280 0. 0. -1. 0.
-0.006 1. 0. -68.995 1. 0.006 0. 21.352 0. 0. -1. 0.
-0.006 1. 0. -69.105 1. 0.006 0. 21.362 0. 0. -1. 0.
-0.005 1. 0. -69.064 1. 0.005 0. 21.406 0. 0. -1. 0.
-0.000 1. 0. -69.149 1. 0.000 0. 21.382 0. 0. -1. 0.
-0.008 1. 0. -68.954 1. 0.008 0. 21.563 0. 0. -1. 0.
-0.007 1. 0. -69.068 1. 0.007 0. 21.603 0. 0. -1. 0.
0.001 1. 0. -69.099 1. -0.001 -0. 21.587 0. 0. -1. 0.
-0.005 1. 0. -69.081 1. 0.005 0. 21.682 0. 0. -1. 0.
-0.003 1. 0. -69.058 1. 0.003 0. 21.671 0. 0. -1. 0.
-0.004 1. 0. -68.992 1. 0.004 0. 21.779 0. 0. -1. 0.
0.001 1. 0. -69.108 1. -0.001 -0. 21.855 0. 0. -1. 0.
-0.000 1. 0. -69.106 1. 0.000 0. 21.919 0. 0. -1. 0.
0.003 1. 0. -69.131 1. -0.003 -0. 22.146 0. 0. -1. 0.
-0.000 1. 0. -69.097 1. 0.000 0. 22.303 0. 0. -1. 0.
0.003 1. 0. -69.045 1. -0.003 -0. 22.554 0. 0. -1. 0.
-0.006 1. 0. -69.128 1. 0.006 0. 22.876 0. 0. -1. 0.
0.000 1. 0. -69.013 1. -0.000 -0. 23.371 0. 0. -1. 0.
-0.002 1. 0. -69.077 1. 0.002 0. 23.854 0. 0. -1. 0.
0.003 1. 0. -69.068 1. -0.003 -0. 24.514 0. 0. -1. 0.
0.006 1. 0. -69.068 1. -0.006 -0. 25.180 0. 0. -1. 0.
0.008 1. 0. -69.069 1. -0.008 -0. 25.987 0. 0. -1. 0.
0.003 1. 0. -68.986 1. -0.003 -0. 26.764 0. 0. -1. 0.
0.009 1. 0. -69.011 1. -0.009 -0. 27.734 0. 0. -1. 0.
0.005 1. 0. -68.935 1. -0.005 -0. 28.698 0. 0. -1. 0.
0.006 1. 0. -68.828 1. -0.006 -0. 29.677 0. 0. -1. 0.
0.004 1. 0. -68.979 1. -0.004 -0. 30.814 0. 0. -1. 0.
0.002 1. 0. -68.933 1. -0.002 -0. 31.880 0. 0. -1. 0.
0.008 1. 0. -68.948 1. -0.008 -0. 33.077 0. 0. -1. 0.
0.008 1. 0. -68.977 1. -0.008 -0. 34.270 0. 0. -1. 0.
0.014 1.000 0. -68.855 1.000 -0.014 -0. 35.571 0. 0. -1. 0.
0.020 1.000 0. -68.748 1.000 -0.020 -0. 36.820 0. 0. -1. 0.
0.038 0.999 0. -68.635 0.999 -0.038 -0. 38.211 0. 0. -1. 0.
0.065 0.998 0. -68.641 0.998 -0.065 -0. 39.606 0. 0. -1. 0.
0.088 0.996 0. -68.543 0.996 -0.088 -0. 40.919 0. 0. -1. 0.
0.126 0.992 0. -68.317 0.992 -0.126 -0. 42.443 0. 0. -1. 0.
0.150 0.989 0. -68.000 0.989 -0.150 -0. 43.894 0. 0. -1. 0.
0.186 0.983 0. -67.709 0.983 -0.186 -0. 45.470 0. 0. -1. 0.
0.199 0.980 0. -67.349 0.980 -0.199 -0. 46.888 0. 0. -1. 0.
0.224 0.975 0. -66.982 0.975 -0.224 -0. 48.499 0. 0. -1. 0.
0.220 0.976 0. -66.574 0.976 -0.220 -0. 50.101 0. 0. -1. 0.
0.211 0.977 0. -66.227 0.977 -0.211 -0. 51.711 0. 0. -1. 0.
0.199 0.980 0. -65.886 0.980 -0.199 -0. 53.350 0. 0. -1. 0.
0.168 0.986 0. -65.496 0.986 -0.168 -0. 54.966 0. 0. -1. 0.
0.148 0.989 0. -65.164 0.989 -0.148 -0. 56.812 0. 0. -1. 0.
0.116 0.993 0. -65.054 0.993 -0.116 -0. 58.523 0. 0. -1. 0.
0.087 0.996 0. -64.789 0.996 -0.087 -0. 60.322 0. 0. -1. 0.
0.063 0.998 0. -64.654 0.998 -0.063 -0. 62.180 0. 0. -1. 0.
0.051 0.999 0. -64.529 0.999 -0.051 -0. 63.994 0. 0. -1. 0.
0.037 0.999 0. -64.446 0.999 -0.037 -0. 65.795 0. 0. -1. 0.
0.021 1.000 0. -64.415 1.000 -0.021 -0. 67.719 0. 0. -1. 0.
0.006 1. 0. -64.333 1. -0.006 -0. 69.533 0. 0. -1. 0.
0.004 1. 0. -64.283 1. -0.004 -0. 71.402 0. 0. -1. 0.
-0.005 1. 0. -64.211 1. 0.005 0. 73.185 0. 0. -1. 0.
-0.002 1. 0. -64.223 1. 0.002 0. 75.025 0. 0. -1. 0.
-0.006 1. 0. -64.128 1. 0.006 0. 76.790 0. 0. -1. 0.
-0.014 1. 0. -64.174 1. 0.014 0. 78.540 0. 0. -1. 0.
-0.020 1.000 0. -64.198 1.000 0.020 0. 80.225 0. 0. -1. 0.
-0.026 1.000 0. -64.198 1.000 0.026 0. 82.028 0. 0. -1. 0.
-0.042 0.999 0. -64.249 0.999 0.042 0. 83.707 0. 0. -1. 0.
-0.063 0.998 0. -64.352 0.998 0.063 0. 85.455 0. 0. -1. 0.
-0.088 0.996 0. -64.440 0.996 0.088 0. 87.024 0. 0. -1. 0.
-0.135 0.991 0. -64.638 0.991 0.135 0. 88.611 0. 0. -1. 0.
-0.197 0.980 0. -65.009 0.980 0.197 0. 90.224 0. 0. -1. 0.
-0.270 0.963 0. -65.281 0.963 0.270 0. 91.730 0. 0. -1. 0.
-0.359 0.933 0. -65.882 0.933 0.359 0. 93.217 0. 0. -1. 0.
-0.445 0.895 0. -66.378 0.895 0.445 0. 94.623 0. 0. -1. 0.
-0.546 0.838 0. -67.234 0.838 0.546 0. 95.863 0. 0. -1. 0.
-0.623 0.782 0. -68.189 0.782 0.623 0. 97.213 0. 0. -1. 0.
-0.704 0.710 0. -69.200 0.710 0.704 0. 98.225 0. 0. -1. 0.
-0.774 0.633 0. -70.295 0.633 0.774 0. 99.186 0. 0. -1. 0.
-0.839 0.545 0. -71.434 0.545 0.839 0. 99.875 0. 0. -1. 0.
-0.894 0.449 0. -72.811 0.449 0.894 0. 100.556 0. 0. -1. 0.
-0.933 0.359 0. -74.153 0.359 0.933 0. 101.119 0. 0. -1. 0.
-0.957 0.290 0. -75.554 0.290 0.957 0. 101.477 0. 0. -1. 0.
-0.969 0.249 0. -76.859 0.249 0.969 0. 101.809 0. 0. -1. 0.
-0.974 0.225 0. -78.332 0.225 0.974 0. 102.167 0. 0. -1. 0.
-0.977 0.213 0. -79.819 0.213 0.977 0. 102.506 0. 0. -1. 0.
-0.977 0.215 0. -81.192 0.215 0.977 0. 102.943 0. 0. -1. 0.
-0.970 0.242 0. -82.729 0.242 0.970 0. 103.325 0. 0. -1. 0.
-0.965 0.262 0. -84.181 0.262 0.965 0. 103.732 0. 0. -1. 0.
-0.953 0.303 0. -85.727 0.303 0.953 0. 104.300 0. 0. -1. 0.
-0.936 0.353 0. -87.301 0.353 0.936 0. 104.756 0. 0. -1. 0.
-0.918 0.396 0. -88.699 0.396 0.918 0. 105.531 0. 0. -1. 0.
-0.891 0.455 0. -90.141 0.455 0.891 0. 106.359 0. 0. -1. 0.
-0.860 0.510 0. -91.557 0.510 0.860 0. 107.213 0. 0. -1. 0.
-0.822 0.570 0. -93.007 0.570 0.822 0. 108.203 0. 0. -1. 0.
-0.783 0.622 0. -94.384 0.622 0.783 0. 109.329 0. 0. -1. 0.
-0.749 0.662 0. -95.664 0.662 0.749 0. 110.561 0. 0. -1. 0.
-0.719 0.695 0. -97.136 0.695 0.719 0. 111.675 0. 0. -1. 0.
-0.700 0.715 0. -98.470 0.715 0.700 0. 113.055 0. 0. -1. 0.
-0.690 0.724 0. -99.689 0.724 0.690 0. 114.598 0. 0. -1. 0.
-0.689 0.724 0. -101.079 0.724 0.689 0. 116.016 0. 0. -1. 0.
-0.688 0.726 0. -102.465 0.726 0.688 0. 117.500 0. 0. -1. 0.
-0.683 0.730 0. -103.855 0.730 0.683 0. 119.000 0. 0. -1. 0.
-0.684 0.730 0. -105.285 0.730 0.684 0. 120.517 0. 0. -1. 0.
-0.688 0.726 0. -106.563 0.726 0.688 0. 122.274 0. 0. -1. 0.
-0.687 0.727 0. -108.187 0.727 0.687 0. 123.755 0. 0. -1. 0.
-0.683 0.730 0. -109.650 0.730 0.683 0. 125.349 0. 0. -1. 0.
-0.690 0.724 0. -111.038 0.724 0.690 0. 127.071 0. 0. -1. 0.
-0.690 0.724 0. -112.611 0.724 0.690 0. 128.726 0. 0. -1. 0.
-0.687 0.727 0. -114.169 0.727 0.687 0. 130.289 0. 0. -1. 0.
-0.688 0.725 0. -115.667 0.725 0.688 0. 132.062 0. 0. -1. 0.
-0.687 0.727 0. -117.154 0.727 0.687 0. 133.607 0. 0. -1. 0.
-0.691 0.723 0. -118.799 0.723 0.691 0. 135.420 0. 0. -1. 0.
-0.691 0.723 0. -120.422 0.723 0.691 0. 137.093 0. 0. -1. 0.
-0.691 0.723 0. -122.027 0.723 0.691 0. 138.888 0. 0. -1. 0.
-0.691 0.723 0. -123.607 0.723 0.691 0. 140.657 0. 0. -1. 0.
-0.690 0.724 0. -125.288 0.724 0.690 0. 142.400 0. 0. -1. 0.
-0.685 0.729 0. -126.963 0.729 0.685 0. 144.298 0. 0. -1. 0.
-0.684 0.729 0. -128.596 0.729 0.684 0. 146.278 0. 0. -1. 0.
-0.682 0.732 0. -130.262 0.732 0.682 0. 148.029 0. 0. -1. 0.
-0.681 0.732 0. -131.871 0.732 0.681 0. 149.860 0. 0. -1. 0.
-0.682 0.731 0. -133.578 0.731 0.682 0. 151.631 0. 0. -1. 0.
-0.676 0.736 0. -135.237 0.736 0.676 0. 153.581 0. 0. -1. 0.
-0.670 0.742 0. -136.918 0.742 0.670 0. 155.347 0. 0. -1. 0.
-0.667 0.745 0. -138.471 0.745 0.667 0. 157.212 0. 0. -1. 0.
-0.657 0.753 0. -140.090 0.753 0.657 0. 159.090 0. 0. -1. 0.
-0.641 0.767 0. -141.613 0.767 0.641 0. 161.036 0. 0. -1. 0.
-0.622 0.783 0. -143.248 0.783 0.622 0. 162.987 0. 0. -1. 0.
-0.592 0.806 0. -144.622 0.806 0.592 0. 165.002 0. 0. -1. 0.
-0.564 0.826 0. -145.986 0.826 0.564 0. 167.118 0. 0. -1. 0.
-0.528 0.849 0. -147.342 0.849 0.528 0. 169.235 0. 0. -1. 0.
-0.489 0.872 0. -148.526 0.872 0.489 0. 171.431 0. 0. -1. 0.
-0.448 0.894 0. -149.523 0.894 0.448 0. 173.688 0. 0. -1. 0.
-0.400 0.917 0. -150.634 0.917 0.400 0. 176.069 0. 0. -1. 0.
-0.355 0.935 0. -151.494 0.935 0.355 0. 178.458 0. 0. -1. 0.
-0.309 0.951 0. -152.319 0.951 0.309 0. 180.841 0. 0. -1. 0.
-0.267 0.964 0. -152.845 0.964 0.267 0. 183.304 0. 0. -1. 0.
-0.218 0.976 0. -153.542 0.976 0.218 0. 185.793 0. 0. -1. 0.
-0.182 0.983 0. -153.781 0.983 0.182 0. 188.318 0. 0. -1. 0.
-0.154 0.988 0. -154.229 0.988 0.154 0. 190.775 0. 0. -1. 0.
-0.131 0.991 0. -154.337 0.991 0.131 0. 193.378 0. 0. -1. 0.
-0.114 0.993 0. -154.589 0.993 0.114 0. 195.885 0. 0. -1. 0.
-0.102 0.995 0. -154.970 0.995 0.102 0. 198.415 0. 0. -1. 0.
-0.098 0.995 0. -155.068 0.995 0.098 0. 200.984 0. 0. -1. 0.
-0.090 0.996 0. -155.504 0.996 0.090 0. 203.557 0. 0. -1. 0.
-0.089 0.996 0. -155.538 0.996 0.089 0. 206.068 0. 0. -1. 0.
-0.089 0.996 0. -155.686 0.996 0.089 0. 208.631 0. 0. -1. 0.
-0.089 0.996 0. -155.786 0.996 0.089 0. 211.205 0. 0. -1. 0.
-0.091 0.996 0. -155.978 0.996 0.091 0. 213.722 0. 0. -1. 0.
-0.108 0.994 0. -155.976 0.994 0.108 0. 216.231 0. 0. -1. 0.
-0.131 0.991 0. -156.354 0.991 0.131 0. 218.679 0. 0. -1. 0.
-0.169 0.986 0. -156.808 0.986 0.169 0. 221.107 0. 0. -1. 0.
-0.216 0.976 0. -157.419 0.976 0.216 0. 223.705 0. 0. -1. 0.
-0.275 0.962 0. -157.890 0.962 0.275 0. 226.007 0. 0. -1. 0.
-0.336 0.942 0. -158.619 0.942 0.336 0. 228.349 0. 0. -1. 0.
-0.400 0.917 0. -159.477 0.917 0.400 0. 230.565 0. 0. -1. 0.
-0.464 0.886 0. -160.517 0.886 0.464 0. 232.724 0. 0. -1. 0.
-0.533 0.846 0. -161.704 0.846 0.533 0. 234.632 0. 0. -1. 0.
-0.600 0.800 0. -163.035 0.800 0.600 0. 236.529 0. 0. -1. 0.
-0.664 0.747 0. -164.480 0.747 0.664 0. 238.340 0. 0. -1. 0.
-0.725 0.689 0. -166.092 0.689 0.725 0. 239.927 0. 0. -1. 0.
-0.779 0.627 0. -168.016 0.627 0.779 0. 241.359 0. 0. -1. 0.
-0.824 0.566 0. -169.758 0.566 0.824 0. 242.695 0. 0. -1. 0.
-0.863 0.505 0. -171.638 0.505 0.863 0. 243.894 0. 0. -1. 0.
-0.897 0.443 0. -173.797 0.443 0.897 0. 244.913 0. 0. -1. 0.
-0.922 0.388 0. -175.769 0.388 0.922 0. 245.990 0. 0. -1. 0.
-0.934 0.358 0. -177.911 0.358 0.934 0. 246.816 0. 0. -1. 0.
-0.943 0.333 0. -180.047 0.333 0.943 0. 247.738 0. 0. -1. 0.
-0.950 0.311 0. -182.379 0.311 0.950 0. 248.496 0. 0. -1. 0.
-0.954 0.299 0. -184.734 0.299 0.954 0. 249.311 0. 0. -1. 0.
-0.957 0.289 0. -187.119 0.289 0.957 0. 249.926 0. 0. -1. 0.
-0.960 0.279 0. -189.576 0.279 0.960 0. 250.681 0. 0. -1. 0.
-0.962 0.275 0. -192.177 0.275 0.962 0. 251.432 0. 0. -1. 0.
-0.960 0.279 0. -194.702 0.279 0.960 0. 252.229 0. 0. -1. 0.
-0.959 0.282 0. -197.264 0.282 0.959 0. 253.100 0. 0. -1. 0.
-0.958 0.288 0. -199.893 0.288 0.958 0. 253.878 0. 0. -1. 0.
-0.959 0.284 0. -202.594 0.284 0.959 0. 254.682 0. 0. -1. 0.
-0.960 0.281 0. -205.354 0.281 0.960 0. 255.650 0. 0. -1. 0.
-0.958 0.286 0. -207.993 0.286 0.958 0. 256.417 0. 0. -1. 0.
-0.957 0.289 0. -210.739 0.289 0.957 0. 257.237 0. 0. -1. 0.
-0.956 0.292 0. -213.372 0.292 0.956 0. 258.121 0. 0. -1. 0.
-0.956 0.293 0. -216.042 0.293 0.956 0. 259.061 0. 0. -1. 0.
-0.955 0.296 0. -218.739 0.296 0.955 0. 259.886 0. 0. -1. 0.
-0.952 0.306 0. -221.293 0.306 0.952 0. 260.714 0. 0. -1. 0.
-0.949 0.315 0. -223.742 0.315 0.949 0. 261.622 0. 0. -1. 0.
-0.946 0.324 0. -226.224 0.324 0.946 0. 262.420 0. 0. -1. 0.
-0.938 0.348 0. -228.581 0.348 0.938 0. 263.314 0. 0. -1. 0.
-0.931 0.366 0. -230.669 0.366 0.931 0. 264.204 0. 0. -1. 0.
-0.920 0.393 0. -232.704 0.393 0.920 0. 265.044 0. 0. -1. 0.
-0.904 0.428 0. -234.588 0.428 0.904 0. 266.022 0. 0. -1. 0.
-0.891 0.454 0. -236.271 0.454 0.891 0. 266.902 0. 0. -1. 0.
-0.878 0.479 0. -237.899 0.479 0.878 0. 267.682 0. 0. -1. 0.
-0.867 0.499 0. -239.262 0.499 0.867 0. 268.608 0. 0. -1. 0.
-0.856 0.517 0. -240.584 0.517 0.856 0. 269.521 0. 0. -1. 0.
-0.846 0.533 0. -241.734 0.533 0.846 0. 270.295 0. 0. -1. 0.
-0.829 0.559 0. -242.982 0.559 0.829 0. 270.998 0. 0. -1. 0.
-0.811 0.586 0. -244.024 0.586 0.811 0. 271.731 0. 0. -1. 0.
-0.788 0.615 0. -244.979 0.615 0.788 0. 272.464 0. 0. -1. 0.
-0.767 0.642 0. -245.872 0.642 0.767 0. 273.246 0. 0. -1. 0.
-0.725 0.689 0. -246.936 0.689 0.725 0. 274.004 0. 0. -1. 0.
-0.679 0.734 0. -247.514 0.734 0.679 0. 274.863 0. 0. -1. 0.
-0.621 0.784 0. -248.044 0.784 0.621 0. 275.824 0. 0. -1. 0.
-0.550 0.835 0. -248.660 0.835 0.550 0. 276.696 0. 0. -1. 0.
-0.485 0.874 0. -249.021 0.874 0.485 0. 277.638 0. 0. -1. 0.
-0.398 0.917 0. -249.675 0.917 0.398 0. 278.725 0. 0. -1. 0.
-0.289 0.957 0. -249.819 0.957 0.289 0. 279.899 0. 0. -1. 0.
-0.179 0.984 0. -250.018 0.984 0.179 0. 281.121 0. 0. -1. 0.
-0.083 0.997 0. -250.056 0.997 0.083 0. 282.458 0. 0. -1. 0.
-0.009 1. 0. -250.044 1. 0.009 0. 283.808 0. 0. -1. 0.
0.055 0.998 0. -249.869 0.998 -0.055 -0. 285.287 0. 0. -1. 0.
0.104 0.995 0. -249.751 0.995 -0.104 -0. 286.882 0. 0. -1. 0.
0.159 0.987 0. -249.406 0.987 -0.159 -0. 288.551 0. 0. -1. 0.
0.197 0.980 0. -249.048 0.980 -0.197 -0. 290.287 0. 0. -1. 0.
0.226 0.974 0. -248.603 0.974 -0.226 -0. 292.162 0. 0. -1. 0.
0.243 0.970 0. -247.929 0.970 -0.243 -0. 294.050 0. 0. -1. 0.
0.257 0.966 0. -247.454 0.966 -0.257 -0. 296.096 0. 0. -1. 0.
0.268 0.963 0. -246.883 0.963 -0.268 -0. 298.158 0. 0. -1. 0.
0.276 0.961 0. -246.204 0.961 -0.276 -0. 300.281 0. 0. -1. 0.
0.272 0.962 0. -245.525 0.962 -0.272 -0. 302.445 0. 0. -1. 0.
0.280 0.960 0. -244.889 0.960 -0.280 -0. 304.682 0. 0. -1. 0.
0.276 0.961 0. -244.052 0.961 -0.276 -0. 306.876 0. 0. -1. 0.
0.271 0.963 0. -243.373 0.963 -0.271 -0. 309.313 0. 0. -1. 0.
0.275 0.962 0. -242.775 0.962 -0.275 -0. 311.682 0. 0. -1. 0.
0.272 0.962 0. -241.932 0.962 -0.272 -0. 314.164 0. 0. -1. 0.
0.279 0.960 0. -241.227 0.960 -0.279 -0. 316.651 0. 0. -1. 0.
0.276 0.961 0. -240.401 0.961 -0.276 -0. 319.337 0. 0. -1. 0.
0.277 0.961 0. -239.593 0.961 -0.277 -0. 322.027 0. 0. -1. 0.
0.275 0.961 0. -238.667 0.961 -0.275 -0. 324.715 0. 0. -1. 0.
0.279 0.960 0. -237.927 0.960 -0.279 -0. 327.489 0. 0. -1. 0.
0.280 0.960 0. -237.025 0.960 -0.280 -0. 330.362 0. 0. -1. 0.
0.285 0.958 0. -236.109 0.958 -0.285 -0. 333.264 0. 0. -1. 0.
0.285 0.958 0. -235.194 0.958 -0.285 -0. 336.185 0. 0. -1. 0.
0.281 0.960 0. -234.157 0.960 -0.281 -0. 339.304 0. 0. -1. 0.
0.280 0.960 0. -233.210 0.960 -0.280 -0. 342.360 0. 0. -1. 0.
0.282 0.959 0. -232.354 0.959 -0.282 -0. 345.463 0. 0. -1. 0.
0.279 0.960 0. -231.291 0.960 -0.279 -0. 348.625 0. 0. -1. 0.
0.281 0.960 0. -230.362 0.960 -0.281 -0. 351.900 0. 0. -1. 0.
0.279 0.960 0. -229.197 0.960 -0.279 -0. 355.114 0. 0. -1. 0.
0.277 0.961 0. -228.283 0.961 -0.277 -0. 358.468 0. 0. -1. 0.
0.278 0.960 0. -227.301 0.960 -0.278 -0. 361.829 0. 0. -1. 0.
0.276 0.961 0. -226.145 0.961 -0.276 -0. 365.180 0. 0. -1. 0.
0.285 0.958 0. -225.252 0.958 -0.285 -0. 368.649 0. 0. -1. 0.
0.286 0.958 0. -224.047 0.958 -0.286 -0. 372.035 0. 0. -1. 0.
0.280 0.960 0. -222.977 0.960 -0.280 -0. 375.507 0. 0. -1. 0.
0.283 0.959 0. -222.034 0.959 -0.283 -0. 379.046 0. 0. -1. 0.
0.286 0.958 0. -220.868 0.958 -0.286 -0. 382.524 0. 0. -1. 0.
0.284 0.959 0. -219.670 0.959 -0.284 -0. 386.108 0. 0. -1. 0.
0.280 0.960 0. -218.620 0.960 -0.280 -0. 389.678 0. 0. -1. 0.
0.277 0.961 0. -217.645 0.961 -0.277 -0. 393.331 0. 0. -1. 0.
0.279 0.960 0. -216.204 0.960 -0.279 -0. 396.835 0. 0. -1. 0.
0.284 0.959 0. -215.233 0.959 -0.284 -0. 400.520 0. 0. -1. 0.
0.277 0.961 0. -214.038 0.961 -0.277 -0. 404.083 0. 0. -1. 0.
0.275 0.961 0. -213.013 0.961 -0.275 -0. 407.803 0. 0. -1. 0.
0.272 0.962 0. -211.820 0.962 -0.272 -0. 411.490 0. 0. -1. 0.
0.277 0.961 0. -210.761 0.961 -0.277 -0. 415.256 0. 0. -1. 0.
0.274 0.962 0. -209.525 0.962 -0.274 -0. 418.919 0. 0. -1. 0.
0.274 0.962 0. -208.465 0.962 -0.274 -0. 422.745 0. 0. -1. 0.
0.278 0.961 0. -207.244 0.961 -0.278 -0. 426.458 0. 0. -1. 0.
0.271 0.963 0. -206.106 0.963 -0.271 -0. 430.134 0. 0. -1. 0.
0.272 0.962 0. -204.947 0.962 -0.272 -0. 433.914 0. 0. -1. 0.
0.274 0.962 0. -203.818 0.962 -0.274 -0. 437.591 0. 0. -1. 0.
0.279 0.960 0. -202.616 0.960 -0.279 -0. 441.300 0. 0. -1. 0.
0.282 0.960 0. -201.480 0.960 -0.282 -0. 444.994 0. 0. -1. 0.
0.277 0.961 0. -200.282 0.961 -0.277 -0. 448.647 0. 0. -1. 0.
0.276 0.961 0. -199.163 0.961 -0.276 -0. 452.362 0. 0. -1. 0.
0.278 0.961 0. -197.963 0.961 -0.278 -0. 456.000 0. 0. -1. 0.
0.279 0.960 0. -196.881 0.960 -0.279 -0. 459.611 0. 0. -1. 0.
0.278 0.960 0. -195.734 0.960 -0.278 -0. 463.250 0. 0. -1. 0.
0.278 0.961 0. -194.538 0.961 -0.278 -0. 466.908 0. 0. -1. 0.
0.290 0.957 0. -193.432 0.957 -0.290 -0. 470.526 0. 0. -1. 0.
0.285 0.959 0. -192.270 0.959 -0.285 -0. 474.129 0. 0. -1. 0.
0.288 0.958 0. -191.175 0.958 -0.288 -0. 477.743 0. 0. -1. 0.
0.295 0.956 0. -190.048 0.956 -0.295 -0. 481.352 0. 0. -1. 0.
0.285 0.958 0. -188.696 0.958 -0.285 -0. 484.921 0. 0. -1. 0.
0.282 0.959 0. -187.594 0.959 -0.282 -0. 488.571 0. 0. -1. 0.
0.284 0.959 0. -186.451 0.959 -0.284 -0. 492.135 0. 0. -1. 0.
0.287 0.958 0. -185.352 0.958 -0.287 -0. 495.825 0. 0. -1. 0.
0.289 0.957 0. -184.232 0.957 -0.289 -0. 499.494 0. 0. -1. 0.
0.294 0.956 0. -183.040 0.956 -0.294 -0. 503.096 0. 0. -1. 0.
0.294 0.956 0. -181.962 0.956 -0.294 -0. 506.734 0. 0. -1. 0.
0.291 0.957 0. -180.702 0.957 -0.291 -0. 510.368 0. 0. -1. 0.
0.288 0.958 0. -179.500 0.958 -0.288 -0. 514.030 0. 0. -1. 0.
0.293 0.956 0. -178.336 0.956 -0.293 -0. 517.662 0. 0. -1. 0.
0.298 0.955 0. -177.155 0.955 -0.298 -0. 521.298 0. 0. -1. 0.
0.293 0.956 0. -175.986 0.956 -0.293 -0. 524.909 0. 0. -1. 0.
0.288 0.958 0. -174.821 0.958 -0.288 -0. 528.585 0. 0. -1. 0.
0.293 0.956 0. -173.627 0.956 -0.293 -0. 532.159 0. 0. -1. 0.
0.300 0.954 0. -172.477 0.954 -0.300 -0. 535.694 0. 0. -1. 0.
0.299 0.954 0. -171.358 0.954 -0.299 -0. 539.258 0. 0. -1. 0.
0.292 0.956 0. -170.038 0.956 -0.292 -0. 542.762 0. 0. -1. 0.
0.290 0.957 0. -169.066 0.957 -0.290 -0. 546.324 0. 0. -1. 0.
0.291 0.957 0. -167.993 0.957 -0.291 -0. 549.743 0. 0. -1. 0.
0.289 0.957 0. -166.912 0.957 -0.289 -0. 553.201 0. 0. -1. 0.
0.288 0.958 0. -165.928 0.958 -0.288 -0. 556.543 0. 0. -1. 0.
0.289 0.957 0. -164.843 0.957 -0.289 -0. 559.747 0. 0. -1. 0.
0.281 0.960 0. -163.836 0.960 -0.281 -0. 562.945 0. 0. -1. 0.
0.268 0.963 0. -162.673 0.963 -0.268 -0. 566.070 0. 0. -1. 0.
0.262 0.965 0. -162.024 0.965 -0.262 -0. 569.138 0. 0. -1. 0.
0.255 0.967 0. -161.203 0.967 -0.255 -0. 572.014 0. 0. -1. 0.
0.243 0.970 0. -160.526 0.970 -0.243 -0. 574.897 0. 0. -1. 0.
0.236 0.972 0. -159.687 0.972 -0.236 -0. 577.744 0. 0. -1. 0.
0.234 0.972 0. -158.934 0.972 -0.234 -0. 580.373 0. 0. -1. 0.
0.222 0.975 0. -158.321 0.975 -0.222 -0. 583.058 0. 0. -1. 0.
0.207 0.978 0. -157.706 0.978 -0.207 -0. 585.655 0. 0. -1. 0.
0.197 0.980 0. -157.176 0.980 -0.197 -0. 588.249 0. 0. -1. 0.
0.189 0.982 0. -156.635 0.982 -0.189 -0. 590.690 0. 0. -1. 0.
0.186 0.982 0. -156.177 0.982 -0.186 -0. 593.042 0. 0. -1. 0.
0.178 0.984 0. -155.747 0.984 -0.178 -0. 595.245 0. 0. -1. 0.
0.176 0.984 0. -155.296 0.984 -0.176 -0. 597.476 0. 0. -1. 0.
0.177 0.984 0. -154.859 0.984 -0.177 -0. 599.506 0. 0. -1. 0.
0.179 0.984 0. -154.497 0.984 -0.179 -0. 601.432 0. 0. -1. 0.
0.178 0.984 0. -154.135 0.984 -0.178 -0. 603.203 0. 0. -1. 0.
0.180 0.984 0. -153.807 0.984 -0.180 -0. 604.925 0. 0. -1. 0.
0.174 0.985 0. -153.543 0.985 -0.174 -0. 606.436 0. 0. -1. 0.
0.164 0.986 0. -153.230 0.986 -0.164 -0. 607.884 0. 0. -1. 0.
0.165 0.986 0. -152.997 0.986 -0.165 -0. 609.168 0. 0. -1. 0.
0.163 0.987 0. -152.739 0.987 -0.163 -0. 610.274 0. 0. -1. 0.
0.160 0.987 0. -152.452 0.987 -0.160 -0. 611.284 0. 0. -1. 0.
0.159 0.987 0. -152.362 0.987 -0.159 -0. 612.211 0. 0. -1. 0.
0.156 0.988 0. -152.348 0.988 -0.156 -0. 612.904 0. 0. -1. 0.
0.159 0.987 0. -152.246 0.987 -0.159 -0. 613.544 0. 0. -1. 0.
0.158 0.987 0. -152.147 0.987 -0.158 -0. 613.960 0. 0. -1. 0.
0.161 0.987 0. -152.100 0.987 -0.161 -0. 614.353 0. 0. -1. 0.
0.165 0.986 0. -152.060 0.986 -0.165 -0. 614.618 0. 0. -1. 0.
0.167 0.986 0. -152.044 0.986 -0.167 -0. 614.819 0. 0. -1. 0.
0.160 0.987 0. -151.992 0.987 -0.160 -0. 614.967 0. 0. -1. 0.
0.163 0.987 0. -151.987 0.987 -0.163 -0. 615.059 0. 0. -1. 0.
0.162 0.987 0. -152.008 0.987 -0.162 -0. 615.067 0. 0. -1. 0.
0.161 0.987 0. -151.971 0.987 -0.161 -0. 615.087 0. 0. -1. 0.
0.165 0.986 0. -151.988 0.986 -0.165 -0. 615.030 0. 0. -1. 0.
0.161 0.987 0. -151.913 0.987 -0.161 -0. 615.079 0. 0. -1. 0.
0.164 0.986 0. -151.980 0.986 -0.164 -0. 615.080 0. 0. -1. 0.
0.160 0.987 0. -151.945 0.987 -0.160 -0. 615.048 0. 0. -1. 0.
0.160 0.987 0. -151.965 0.987 -0.160 -0. 615.119 0. 0. -1. 0.
0.160 0.987 0. -151.952 0.987 -0.160 -0. 615.099 0. 0. -1. 0.
0.163 0.987 0. -151.986 0.987 -0.163 -0. 615.097 0. 0. -1. 0.
0.165 0.986 0. -151.963 0.986 -0.165 -0. 615.054 0. 0. -1. 0.
0.163 0.987 0. -151.972 0.987 -0.163 -0. 615.054 0. 0. -1. 0.
0.166 0.986 0. -151.996 0.986 -0.166 -0. 615.116 0. 0. -1. 0.
0.158 0.987 0. -151.921 0.987 -0.158 -0. 615.077 0. 0. -1. 0.
0.157 0.988 0. -151.968 0.988 -0.157 -0. 615.110 0. 0. -1. 0.
0.163 0.987 0. -151.973 0.987 -0.163 -0. 615.106 0. 0. -1. 0.
0.163 0.987 0. -151.815 0.987 -0.163 -0. 615.050 0. 0. -1. 0.
0.159 0.987 0. -151.945 0.987 -0.159 -0. 615.112 0. 0. -1. 0.
0.158 0.988 0. -151.973 0.988 -0.158 -0. 615.107 0. 0. -1. 0.
0.160 0.987 0. -151.956 0.987 -0.160 -0. 615.083 0. 0. -1. 0.
0.165 0.986 0. -151.964 0.986 -0.165 -0. 615.078 0. 0. -1. 0.
0.168 0.986 0. -151.939 0.986 -0.168 -0. 615.034 0. 0. -1. 0.
0.167 0.986 0. -151.953 0.986 -0.167 -0. 615.035 0. 0. -1. 0.
0.164 0.986 0. -151.968 0.986 -0.164 -0. 615.069 0. 0. -1. 0.
0.164 0.986 0. -151.979 0.986 -0.164 -0. 615.101 0. 0. -1. 0.
0.167 0.986 0. -151.978 0.986 -0.167 -0. 615.101 0. 0. -1. 0.
0.159 0.987 0. -151.871 0.987 -0.159 -0. 615.102 0. 0. -1. 0.
0.160 0.987 0. -151.866 0.987 -0.160 -0. 615.066 0. 0. -1. 0.
0.165 0.986 0. -151.999 0.986 -0.165 -0. 615.109 0. 0. -1. 0.
0.159 0.987 0. -151.923 0.987 -0.159 -0. 615.077 0. 0. -1. 0.
0.159 0.987 0. -151.938 0.987 -0.159 -0. 615.091 0. 0. -1. 0.
