1634917014146399 0.96132 0.27543 0.00000 5.28275 0.27543 -0.96132 0.00000 1.69325 0.00000 0.00000 -1.00000 0.00000
1634917014396570 0.96132 0.27543 0.00000 5.28273 0.27543 -0.96132 0.00000 1.69326 0.00000 0.00000 -1.00000 0.00000
1634917014646483 0.96133 0.27540 0.00000 5.28277 0.27540 -0.96133 0.00000 1.69310 0.00000 0.00000 -1.00000 0.00000
1634917014896327 0.96134 0.27538 0.00000 5.28281 0.27538 -0.96134 0.00000 1.69300 0.00000 0.00000 -1.00000 0.00000
1634917015146486 0.96133 0.27538 0.00000 5.28282 0.27538 -0.96133 0.00000 1.69302 0.00000 0.00000 -1.00000 0.00000
1634917015396433 0.96134 0.27535 0.00000 5.28285 0.27535 -0.96134 0.00000 1.69285 0.00000 0.00000 -1.00000 0.00000
1634917015646378 0.96135 0.27535 0.00000 5.28287 0.27535 -0.96135 0.00000 1.69281 0.00000 0.00000 -1.00000 0.00000
1634917015896403 0.96135 0.27535 0.00000 5.28287 0.27535 -0.96135 0.00000 1.69282 0.00000 0.00000 -1.00000 0.00000
1634917016146075 0.96135 0.27534 0.00000 5.28289 0.27534 -0.96135 0.00000 1.69281 0.00000 0.00000 -1.00000 0.00000
1634917016395958 0.96135 0.27534 0.00000 5.28289 0.27534 -0.96135 0.00000 1.69278 0.00000 0.00000 -1.00000 0.00000
1634917016645915 0.96133 0.27541 0.00000 5.28276 0.27541 -0.96133 0.00000 1.69317 0.00000 0.00000 -1.00000 0.00000
1634917016896122 0.96129 0.27553 0.00000 5.28255 0.27553 -0.96129 0.00000 1.69389 0.00000 0.00000 -1.00000 0.00000
1634917017146065 0.96131 0.27549 0.00000 5.28263 0.27549 -0.96131 0.00000 1.69367 0.00000 0.00000 -1.00000 0.00000
1634917017395886 0.96135 0.27532 0.00000 5.28290 0.27532 -0.96135 0.00000 1.69283 0.00000 0.00000 -1.00000 0.00000
1634917017645956 0.96138 0.27522 0.00000 5.28300 0.27522 -0.96138 0.00000 1.69235 0.00000 0.00000 -1.00000 0.00000
1634917017895875 0.96139 0.27519 0.00000 5.28308 0.27519 -0.96139 0.00000 1.69223 0.00000 0.00000 -1.00000 0.00000
1634917018145580 0.96163 0.27435 0.00000 5.28455 0.27435 -0.96163 0.00000 1.68775 0.00000 0.00000 -1.00000 0.00000
1634917018395363 0.96166 0.27423 0.00000 5.28488 0.27423 -0.96166 0.00000 1.68695 0.00000 0.00000 -1.00000 0.00000
1634917018645370 0.96167 0.27420 0.00000 5.28492 0.27420 -0.96167 0.00000 1.68683 0.00000 0.00000 -1.00000 0.00000
1634917018895083 0.96169 0.27413 0.00000 5.28501 0.27413 -0.96169 0.00000 1.68646 0.00000 0.00000 -1.00000 0.00000
1634917019144826 0.96172 0.27404 0.00000 5.28521 0.27404 -0.96172 0.00000 1.68585 0.00000 0.00000 -1.00000 0.00000
1634917019394665 0.96172 0.27404 0.00000 5.28517 0.27404 -0.96172 0.00000 1.68591 0.00000 0.00000 -1.00000 0.00000
1634917019644851 0.96171 0.27407 0.00000 5.28507 0.27407 -0.96171 0.00000 1.68618 0.00000 0.00000 -1.00000 0.00000
1634917019894903 0.96173 0.27401 0.00000 5.28536 0.27401 -0.96173 0.00000 1.68574 0.00000 0.00000 -1.00000 0.00000
1634917020144716 0.96173 0.27398 0.00000 5.28554 0.27398 -0.96173 0.00000 1.68566 0.00000 0.00000 -1.00000 0.00000
1634917020394687 0.96178 0.27383 0.00000 5.28577 0.27383 -0.96178 0.00000 1.68425 0.00000 0.00000 -1.00000 0.00000
1634917020644592 0.96204 0.27291 0.00000 5.28204 0.27291 -0.96204 0.00000 1.67874 0.00000 0.00000 -1.00000 0.00000
1634917020894552 0.96245 0.27145 0.00000 5.26054 0.27145 -0.96245 0.00000 1.66913 0.00000 0.00000 -1.00000 0.00000
1634917021144403 0.96300 0.26950 0.00000 5.23232 0.26950 -0.96300 0.00000 1.65637 0.00000 0.00000 -1.00000 0.00000
1634917021394164 0.96395 0.26608 0.00000 5.19859 0.26608 -0.96395 0.00000 1.63570 0.00000 0.00000 -1.00000 0.00000
1634917021644268 0.96506 0.26202 0.00000 5.15688 0.26202 -0.96506 0.00000 1.61130 0.00000 0.00000 -1.00000 0.00000
1634917021894376 0.96635 0.25721 0.00000 5.10373 0.25721 -0.96635 0.00000 1.58321 0.00000 0.00000 -1.00000 0.00000
1634917022144397 0.96795 0.25114 0.00000 5.04139 0.25114 -0.96795 0.00000 1.54726 0.00000 0.00000 -1.00000 0.00000
1634917022394423 0.96976 0.24406 0.00000 4.97634 0.24406 -0.96976 0.00000 1.50604 0.00000 0.00000 -1.00000 0.00000
1634917022644319 0.97161 0.23657 0.00000 4.90491 0.23657 -0.97161 0.00000 1.46051 0.00000 0.00000 -1.00000 0.00000
1634917022893804 0.97378 0.22749 0.00000 4.82782 0.22749 -0.97378 0.00000 1.40871 0.00000 0.00000 -1.00000 0.00000
1634917023143846 0.97607 0.21743 0.00000 4.74163 0.21743 -0.97607 0.00000 1.34717 0.00000 0.00000 -1.00000 0.00000
1634917023393641 0.97913 0.20324 0.00000 4.62975 0.20324 -0.97913 0.00000 1.26751 0.00000 0.00000 -1.00000 0.00000
1634917023643539 0.98311 0.18300 0.00000 4.46388 0.18300 -0.98311 0.00000 1.15795 0.00000 0.00000 -1.00000 0.00000
1634917023893435 0.98750 0.15761 0.00000 4.23696 0.15761 -0.98750 0.00000 1.02361 0.00000 0.00000 -1.00000 0.00000
1634917024143192 0.99177 0.12807 0.00000 3.94216 0.12807 -0.99177 0.00000 0.88527 0.00000 0.00000 -1.00000 0.00000
1634917024393064 0.99505 0.09936 0.00000 3.57453 0.09936 -0.99505 0.00000 0.74933 0.00000 0.00000 -1.00000 0.00000
1634917024642901 0.99743 0.07166 0.00000 3.13390 0.07166 -0.99743 0.00000 0.62350 0.00000 0.00000 -1.00000 0.00000
1634917024892478 0.99884 0.04814 0.00000 2.59029 0.04814 -0.99884 0.00000 0.53486 0.00000 0.00000 -1.00000 0.00000
1634917025141892 0.99949 0.03198 0.00000 1.93634 0.03198 -0.99949 0.00000 0.47345 0.00000 0.00000 -1.00000 0.00000
1634917025391536 0.99980 0.01981 0.00000 1.17978 0.01981 -0.99980 0.00000 0.44319 0.00000 0.00000 -1.00000 0.00000
1634917025641293 0.99992 0.01230 0.00000 0.31733 0.01230 -0.99992 0.00000 0.41118 0.00000 0.00000 -1.00000 0.00000
1634917025891156 0.99997 0.00819 0.00000 -0.63897 0.00819 -0.99997 0.00000 0.39224 0.00000 0.00000 -1.00000 0.00000
1634917026140943 0.99999 0.00444 0.00000 -1.68790 0.00444 -0.99999 0.00000 0.38445 0.00000 0.00000 -1.00000 0.00000
1634917026390729 0.99996 0.00881 0.00000 -2.83149 0.00881 -0.99996 0.00000 0.34893 0.00000 0.00000 -1.00000 0.00000
1634917026640635 0.99980 0.01992 0.00000 -4.07548 0.01992 -0.99980 0.00000 0.30799 0.00000 0.00000 -1.00000 0.00000
1634917026890913 0.99951 0.03126 0.00000 -5.38197 0.03126 -0.99951 0.00000 0.24063 0.00000 0.00000 -1.00000 0.00000
1634917027140701 0.99907 0.04301 0.00000 -6.74152 0.04301 -0.99907 0.00000 0.15077 0.00000 0.00000 -1.00000 0.00000
1634917027390873 0.99858 0.05324 0.00000 -8.17320 0.05324 -0.99858 0.00000 0.05449 0.00000 0.00000 -1.00000 0.00000
1634917027640815 0.99786 0.06536 0.00000 -9.68011 0.06536 -0.99786 0.00000 -0.07569 0.00000 0.00000 -1.00000 0.00000
1634917027890475 0.99664 0.08185 0.00000 -11.28021 0.08185 -0.99664 0.00000 -0.28354 0.00000 0.00000 -1.00000 0.00000
1634917028140120 0.99503 0.09961 0.00000 -12.99265 0.09961 -0.99503 0.00000 -0.51022 0.00000 0.00000 -1.00000 0.00000
1634917028390399 0.99318 0.11658 0.00000 -14.74231 0.11658 -0.99318 0.00000 -0.76964 0.00000 0.00000 -1.00000 0.00000
1634917028639847 0.99113 0.13287 0.00000 -16.59757 0.13287 -0.99113 0.00000 -1.04020 0.00000 0.00000 -1.00000 0.00000
1634917028890095 0.98881 0.14921 0.00000 -18.56020 0.14921 -0.98881 0.00000 -1.35808 0.00000 0.00000 -1.00000 0.00000
1634917029139864 0.98620 0.16554 0.00000 -20.58658 0.16554 -0.98620 0.00000 -1.72147 0.00000 0.00000 -1.00000 0.00000
1634917029389972 0.98341 0.18139 0.00000 -22.70681 0.18139 -0.98341 0.00000 -2.11832 0.00000 0.00000 -1.00000 0.00000
1634917029640101 0.98049 0.19656 0.00000 -24.84252 0.19656 -0.98049 0.00000 -2.54500 0.00000 0.00000 -1.00000 0.00000
1634917029890089 0.97676 0.21435 0.00000 -26.93408 0.21435 -0.97676 0.00000 -3.05272 0.00000 0.00000 -1.00000 0.00000
1634917030140748 0.97241 0.23326 0.00000 -29.00895 0.23326 -0.97241 0.00000 -3.64654 0.00000 0.00000 -1.00000 0.00000
1634917030390763 0.96911 0.24665 0.00000 -31.09603 0.24665 -0.96911 0.00000 -4.09081 0.00000 0.00000 -1.00000 0.00000
1634917030640611 0.96766 0.25224 0.00000 -33.16189 0.25224 -0.96766 0.00000 -4.31456 0.00000 0.00000 -1.00000 0.00000
1634917030890470 0.96699 0.25483 0.00000 -35.24025 0.25483 -0.96699 0.00000 -4.43236 0.00000 0.00000 -1.00000 0.00000
1634917031140803 0.96765 0.25229 0.00000 -37.34472 0.25229 -0.96765 0.00000 -4.37631 0.00000 0.00000 -1.00000 0.00000
1634917031390990 0.96794 0.25119 0.00000 -39.35241 0.25119 -0.96794 0.00000 -4.36563 0.00000 0.00000 -1.00000 0.00000
1634917031640662 0.96844 0.24924 0.00000 -41.40947 0.24924 -0.96844 0.00000 -4.32065 0.00000 0.00000 -1.00000 0.00000
1634917031891102 0.96912 0.24660 0.00000 -43.43844 0.24660 -0.96912 0.00000 -4.25490 0.00000 0.00000 -1.00000 0.00000
1634917032140914 0.97081 0.23985 0.00000 -45.49545 0.23985 -0.97081 0.00000 -3.99133 0.00000 0.00000 -1.00000 0.00000
1634917032390948 0.97118 0.23833 0.00000 -47.59676 0.23833 -0.97118 0.00000 -3.96896 0.00000 0.00000 -1.00000 0.00000
1634917032640793 0.97051 0.24107 0.00000 -49.71720 0.24107 -0.97051 0.00000 -4.15045 0.00000 0.00000 -1.00000 0.00000
1634917032890840 0.96868 0.24831 0.00000 -51.89598 0.24831 -0.96868 0.00000 -4.59306 0.00000 0.00000 -1.00000 0.00000
1634917033140937 0.96753 0.25276 0.00000 -54.08633 0.25276 -0.96753 0.00000 -4.88282 0.00000 0.00000 -1.00000 0.00000
1634917033390651 0.96737 0.25336 0.00000 -56.34873 0.25336 -0.96737 0.00000 -4.97799 0.00000 0.00000 -1.00000 0.00000
1634917033641207 0.96702 0.25471 0.00000 -58.65546 0.25471 -0.96702 0.00000 -5.11846 0.00000 0.00000 -1.00000 0.00000
1634917033891402 0.96747 0.25298 0.00000 -60.97012 0.25298 -0.96747 0.00000 -5.05550 0.00000 0.00000 -1.00000 0.00000
1634917034141362 0.96869 0.24826 0.00000 -63.30890 0.24826 -0.96869 0.00000 -4.79510 0.00000 0.00000 -1.00000 0.00000
1634917034390878 0.96987 0.24361 0.00000 -65.62894 0.24361 -0.96987 0.00000 -4.52765 0.00000 0.00000 -1.00000 0.00000
1634917034640841 0.97139 0.23749 0.00000 -67.95518 0.23749 -0.97139 0.00000 -4.16343 0.00000 0.00000 -1.00000 0.00000
1634917034890902 0.97249 0.23295 0.00000 -70.27937 0.23295 -0.97249 0.00000 -3.89332 0.00000 0.00000 -1.00000 0.00000
1634917035140892 0.97391 0.22695 0.00000 -72.60837 0.22695 -0.97391 0.00000 -3.49753 0.00000 0.00000 -1.00000 0.00000
1634917035391119 0.97521 0.22126 0.00000 -74.93444 0.22126 -0.97521 0.00000 -3.11318 0.00000 0.00000 -1.00000 0.00000
1634917035641393 0.97836 0.20689 0.00000 -77.26279 0.20689 -0.97836 0.00000 -2.01698 0.00000 0.00000 -1.00000 0.00000
1634917035891886 0.98413 0.17745 0.00000 -79.56062 0.17745 -0.98413 0.00000 0.29346 0.00000 0.00000 -1.00000 0.00000
1634917036141763 0.98972 0.14300 0.00000 -81.77625 0.14300 -0.98972 0.00000 3.04234 0.00000 0.00000 -1.00000 0.00000
1634917036391799 0.99407 0.10876 0.00000 -83.85719 0.10876 -0.99407 0.00000 5.84819 0.00000 0.00000 -1.00000 0.00000
1634917036642096 0.99775 0.06711 0.00000 -85.73587 0.06711 -0.99775 0.00000 9.35610 0.00000 0.00000 -1.00000 0.00000
1634917036892297 0.99992 0.01246 0.00000 -87.28435 0.01246 -0.99992 0.00000 14.03080 0.00000 0.00000 -1.00000 0.00000
1634917037142271 0.99902 -0.04430 0.00000 -88.50930 -0.04430 -0.99902 0.00000 18.95298 0.00000 -0.00000 -1.00000 0.00000
1634917037392455 0.99496 -0.10032 0.00000 -89.42418 -0.10032 -0.99496 0.00000 23.89156 0.00000 -0.00000 -1.00000 0.00000
1634917037642349 0.98754 -0.15737 0.00000 -90.03886 -0.15737 -0.98754 0.00000 28.99699 0.00000 -0.00000 -1.00000 0.00000
1634917037892669 0.97583 -0.21854 0.00000 -90.18152 -0.21854 -0.97583 0.00000 34.55335 0.00000 -0.00000 -1.00000 0.00000
1634917038142537 0.95899 -0.28345 0.00000 -89.78853 -0.28345 -0.95899 0.00000 40.52413 0.00000 -0.00000 -1.00000 0.00000
1634917038392659 0.93755 -0.34784 0.00000 -88.94639 -0.34784 -0.93755 0.00000 46.53965 0.00000 -0.00000 -1.00000 0.00000
1634917038643033 0.90914 -0.41650 0.00000 -87.37563 -0.41650 -0.90914 0.00000 53.04118 0.00000 -0.00000 -1.00000 0.00000
1634917038893119 0.87278 -0.48811 0.00000 -84.90130 -0.48811 -0.87278 0.00000 59.89412 0.00000 -0.00000 -1.00000 0.00000
1634917039143045 0.83126 -0.55589 0.00000 -81.94229 -0.55589 -0.83126 0.00000 66.44815 0.00000 -0.00000 -1.00000 0.00000
1634917039393261 0.78450 -0.62013 0.00000 -78.47258 -0.62013 -0.78450 0.00000 72.76974 0.00000 -0.00000 -1.00000 0.00000
1634917039643304 0.73336 -0.67984 0.00000 -74.53699 -0.67984 -0.73336 0.00000 78.72450 0.00000 -0.00000 -1.00000 0.00000
1634917039892911 0.68052 -0.73273 0.00000 -70.48405 -0.73273 -0.68052 0.00000 84.06496 0.00000 -0.00000 -1.00000 0.00000
1634917040143295 0.63661 -0.77118 0.00000 -67.48992 -0.77118 -0.63661 0.00000 88.00251 0.00000 -0.00000 -1.00000 0.00000
1634917040392848 0.60751 -0.79431 0.00000 -66.20236 -0.79431 -0.60751 0.00000 90.41958 0.00000 -0.00000 -1.00000 0.00000
1634917040642992 0.58846 -0.80853 0.00000 -66.09486 -0.80853 -0.58846 0.00000 91.95145 0.00000 -0.00000 -1.00000 0.00000
1634917040892915 0.57531 -0.81794 0.00000 -66.66713 -0.81794 -0.57531 0.00000 92.99472 0.00000 -0.00000 -1.00000 0.00000
1634917041142971 0.56621 -0.82426 0.00000 -67.70501 -0.82426 -0.56621 0.00000 93.70473 0.00000 -0.00000 -1.00000 0.00000
1634917041393063 0.56250 -0.82679 0.00000 -69.34748 -0.82679 -0.56250 0.00000 93.96508 0.00000 -0.00000 -1.00000 0.00000
1634917041643208 0.56165 -0.82738 0.00000 -71.29253 -0.82738 -0.56165 0.00000 93.99212 0.00000 -0.00000 -1.00000 0.00000
1634917041893115 0.56386 -0.82587 0.00000 -73.54678 -0.82587 -0.56386 0.00000 93.75178 0.00000 -0.00000 -1.00000 0.00000
1634917042143414 0.56911 -0.82226 0.00000 -76.07721 -0.82226 -0.56911 0.00000 93.23548 0.00000 -0.00000 -1.00000 0.00000
1634917042393228 0.57920 -0.81519 0.00000 -79.08202 -0.81519 -0.57920 0.00000 92.23672 0.00000 -0.00000 -1.00000 0.00000
1634917042643356 0.59454 -0.80407 0.00000 -82.60467 -0.80407 -0.59454 0.00000 90.68029 0.00000 -0.00000 -1.00000 0.00000
1634917042893740 0.61144 -0.79129 0.00000 -86.19247 -0.79129 -0.61144 0.00000 88.86512 0.00000 -0.00000 -1.00000 0.00000
1634917043143553 0.62651 -0.77941 0.00000 -89.47736 -0.77941 -0.62651 0.00000 87.16141 0.00000 -0.00000 -1.00000 0.00000
1634917043393915 0.63956 -0.76874 0.00000 -92.39075 -0.76874 -0.63956 0.00000 85.59785 0.00000 -0.00000 -1.00000 0.00000
1634917043643968 0.65115 -0.75895 0.00000 -94.97570 -0.75895 -0.65115 0.00000 84.16929 0.00000 -0.00000 -1.00000 0.00000
1634917043894073 0.66209 -0.74942 0.00000 -97.30545 -0.74942 -0.66209 0.00000 82.74791 0.00000 -0.00000 -1.00000 0.00000
1634917044144493 0.66951 -0.74280 0.00000 -99.07002 -0.74280 -0.66951 0.00000 81.75652 0.00000 -0.00000 -1.00000 0.00000
1634917044394891 0.67662 -0.73633 0.00000 -100.62742 -0.73633 -0.67662 0.00000 80.79359 0.00000 -0.00000 -1.00000 0.00000
1634917044644845 0.68217 -0.73120 0.00000 -101.85150 -0.73120 -0.68217 0.00000 80.02322 0.00000 -0.00000 -1.00000 0.00000
1634917044894845 0.68658 -0.72705 0.00000 -102.79781 -0.72705 -0.68658 0.00000 79.39779 0.00000 -0.00000 -1.00000 0.00000
1634917045144942 0.69050 -0.72333 0.00000 -103.60538 -0.72333 -0.69050 0.00000 78.80836 0.00000 -0.00000 -1.00000 0.00000
1634917045394581 0.69332 -0.72063 0.00000 -104.29905 -0.72063 -0.69332 0.00000 78.38944 0.00000 -0.00000 -1.00000 0.00000
1634917045644654 0.69679 -0.71728 0.00000 -105.07623 -0.71728 -0.69679 0.00000 77.91345 0.00000 -0.00000 -1.00000 0.00000
1634917045894907 0.70024 -0.71391 0.00000 -105.84862 -0.71391 -0.70024 0.00000 77.38113 0.00000 -0.00000 -1.00000 0.00000
1634917046144665 0.70336 -0.71083 0.00000 -106.65345 -0.71083 -0.70336 0.00000 76.90839 0.00000 -0.00000 -1.00000 0.00000
1634917046394823 0.70706 -0.70716 0.00000 -107.63586 -0.70716 -0.70706 0.00000 76.35021 0.00000 -0.00000 -1.00000 0.00000
1634917046644479 0.71419 -0.69995 0.00000 -109.11147 -0.69995 -0.71419 0.00000 75.20845 0.00000 -0.00000 -1.00000 0.00000
1634917046894248 0.72395 -0.68985 0.00000 -110.96932 -0.68985 -0.72395 0.00000 73.67768 0.00000 -0.00000 -1.00000 0.00000
1634917047144568 0.73586 -0.67713 0.00000 -113.17260 -0.67713 -0.73586 0.00000 71.70966 0.00000 -0.00000 -1.00000 0.00000
1634917047394202 0.74799 -0.66371 0.00000 -115.49898 -0.66371 -0.74799 0.00000 69.61604 0.00000 -0.00000 -1.00000 0.00000
1634917047643930 0.75975 -0.65022 0.00000 -117.88833 -0.65022 -0.75975 0.00000 67.50505 0.00000 -0.00000 -1.00000 0.00000
1634917047893981 0.77291 -0.63451 0.00000 -120.48638 -0.63451 -0.77291 0.00000 65.05150 0.00000 -0.00000 -1.00000 0.00000
1634917048143995 0.78633 -0.61781 0.00000 -123.17017 -0.61781 -0.78633 0.00000 62.41980 0.00000 -0.00000 -1.00000 0.00000
1634917048394108 0.79608 -0.60520 0.00000 -125.50388 -0.60520 -0.79608 0.00000 60.41425 0.00000 -0.00000 -1.00000 0.00000
1634917048644217 0.80191 -0.59744 0.00000 -127.41001 -0.59744 -0.80191 0.00000 59.17174 0.00000 -0.00000 -1.00000 0.00000
1634917048893995 0.80662 -0.59107 0.00000 -129.21485 -0.59107 -0.80662 0.00000 58.10827 0.00000 -0.00000 -1.00000 0.00000
1634917049143982 0.80975 -0.58677 0.00000 -130.90839 -0.58677 -0.80975 0.00000 57.39831 0.00000 -0.00000 -1.00000 0.00000
1634917049394244 0.81172 -0.58404 0.00000 -132.50462 -0.58404 -0.81172 0.00000 56.92741 0.00000 -0.00000 -1.00000 0.00000
1634917049644304 0.81276 -0.58260 0.00000 -134.03276 -0.58260 -0.81276 0.00000 56.65483 0.00000 -0.00000 -1.00000 0.00000
1634917049894556 0.81397 -0.58090 0.00000 -135.60752 -0.58090 -0.81397 0.00000 56.34204 0.00000 -0.00000 -1.00000 0.00000
1634917050144771 0.81596 -0.57811 0.00000 -137.27171 -0.57811 -0.81596 0.00000 55.85702 0.00000 -0.00000 -1.00000 0.00000
1634917050394630 0.81803 -0.57517 0.00000 -138.95177 -0.57517 -0.81803 0.00000 55.33052 0.00000 -0.00000 -1.00000 0.00000
1634917050644784 0.82128 -0.57052 0.00000 -140.72788 -0.57052 -0.82128 0.00000 54.53194 0.00000 -0.00000 -1.00000 0.00000
1634917050894855 0.83001 -0.55775 0.00000 -142.96742 -0.55775 -0.83001 0.00000 52.30021 0.00000 -0.00000 -1.00000 0.00000
1634917051144716 0.84316 -0.53767 0.00000 -145.52670 -0.53767 -0.84316 0.00000 48.83492 0.00000 -0.00000 -1.00000 0.00000
1634917051394826 0.85901 -0.51195 0.00000 -148.20470 -0.51195 -0.85901 0.00000 44.38035 0.00000 -0.00000 -1.00000 0.00000
1634917051644514 0.88445 -0.46663 0.00000 -151.49627 -0.46663 -0.88445 0.00000 36.56914 0.00000 -0.00000 -1.00000 0.00000
1634917051894493 0.91821 -0.39610 0.00000 -155.03191 -0.39610 -0.91821 0.00000 24.59916 0.00000 -0.00000 -1.00000 0.00000
1634917052144655 0.95334 -0.30189 0.00000 -157.84360 -0.30189 -0.95334 0.00000 8.86633 0.00000 -0.00000 -1.00000 0.00000
1634917052394812 0.98014 -0.19829 0.00000 -158.98485 -0.19829 -0.98014 0.00000 -8.06766 0.00000 -0.00000 -1.00000 0.00000
1634917052644630 0.99713 -0.07576 0.00000 -157.84023 -0.07576 -0.99713 0.00000 -27.68065 0.00000 -0.00000 -1.00000 0.00000
1634917052894656 0.99782 0.06595 0.00000 -153.39078 0.06595 -0.99782 0.00000 -49.73301 0.00000 0.00000 -1.00000 0.00000
1634917053144737 0.97644 0.21580 0.00000 -145.14824 0.21580 -0.97644 0.00000 -72.33669 0.00000 0.00000 -1.00000 0.00000
1634917053394707 0.92893 0.37027 0.00000 -132.59321 0.37027 -0.92893 0.00000 -94.78551 0.00000 0.00000 -1.00000 0.00000
1634917053644869 0.85466 0.51918 0.00000 -116.00750 0.51918 -0.85466 0.00000 -115.46817 0.00000 0.00000 -1.00000 0.00000
1634917053894598 0.75614 0.65441 0.00000 -96.07378 0.65441 -0.75614 0.00000 -133.19073 0.00000 0.00000 -1.00000 0.00000
1634917054145116 0.63333 0.77388 0.00000 -72.85262 0.77388 -0.63333 0.00000 -147.64608 0.00000 0.00000 -1.00000 0.00000
1634917054395051 0.49017 0.87163 0.00000 -47.17293 0.87163 -0.49017 0.00000 -158.00059 0.00000 0.00000 -1.00000 0.00000
1634917054645309 0.33570 0.94197 0.00000 -20.67090 0.94197 -0.33570 0.00000 -163.69779 0.00000 0.00000 -1.00000 0.00000
1634917054895262 0.17242 0.98502 0.00000 6.27430 0.98502 -0.17242 0.00000 -164.83252 0.00000 0.00000 -1.00000 0.00000
1634917055145889 0.00630 0.99998 0.00000 32.69289 0.99998 -0.00630 0.00000 -161.50186 0.00000 0.00000 -1.00000 0.00000
1634917055395829 -0.15964 0.98718 0.00000 58.14411 0.98718 0.15964 0.00000 -153.84259 0.00000 0.00000 -1.00000 0.00000
1634917055645831 -0.32198 0.94675 0.00000 82.06933 0.94675 0.32198 0.00000 -142.00053 0.00000 0.00000 -1.00000 0.00000
1634917055895843 -0.47292 0.88111 0.00000 103.27451 0.88111 0.47292 0.00000 -126.61845 0.00000 0.00000 -1.00000 0.00000
1634917056145957 -0.60544 0.79589 0.00000 120.82151 0.79589 0.60544 0.00000 -108.85067 0.00000 0.00000 -1.00000 0.00000
1634917056395908 -0.71968 0.69430 0.00000 134.87173 0.69430 0.71968 0.00000 -89.18996 0.00000 0.00000 -1.00000 0.00000
1634917056645983 -0.81276 0.58259 0.00000 145.19814 0.58259 0.81276 0.00000 -68.73196 0.00000 0.00000 -1.00000 0.00000
1634917056895929 -0.88007 0.47484 0.00000 151.51439 0.47484 0.88007 0.00000 -49.79474 0.00000 0.00000 -1.00000 0.00000
1634917057146015 -0.92028 0.39127 0.00000 154.16541 0.39127 0.92028 0.00000 -35.57308 0.00000 0.00000 -1.00000 0.00000
1634917057395567 -0.94749 0.31978 0.00000 155.06787 0.31978 0.94749 0.00000 -23.73983 0.00000 0.00000 -1.00000 0.00000
1634917057645612 -0.97036 0.24164 0.00000 155.09047 0.24164 0.97036 0.00000 -11.07528 0.00000 0.00000 -1.00000 0.00000
1634917057895570 -0.98572 0.16842 0.00000 154.04166 0.16842 0.98572 0.00000 0.49807 0.00000 0.00000 -1.00000 0.00000
1634917058145813 -0.99387 0.11053 0.00000 152.26769 0.11053 0.99387 0.00000 9.48667 0.00000 0.00000 -1.00000 0.00000
1634917058395903 -0.99698 0.07762 0.00000 150.33837 0.07762 0.99698 0.00000 14.45068 0.00000 0.00000 -1.00000 0.00000
1634917058645546 -0.99872 0.05049 0.00000 148.33833 0.05049 0.99872 0.00000 18.49751 0.00000 0.00000 -1.00000 0.00000
1634917058895800 -0.99921 0.03985 0.00000 146.51329 0.03985 0.99921 0.00000 20.05238 0.00000 0.00000 -1.00000 0.00000
1634917059146003 -0.99889 0.04715 0.00000 144.99070 0.04715 0.99889 0.00000 18.96974 0.00000 0.00000 -1.00000 0.00000
1634917059396008 -0.99619 0.08721 0.00000 143.98570 0.08721 0.99619 0.00000 13.13203 0.00000 0.00000 -1.00000 0.00000
1634917059646162 -0.98912 0.14712 0.00000 142.84280 0.14712 0.98912 0.00000 4.40784 0.00000 0.00000 -1.00000 0.00000
1634917059896388 -0.97553 0.21985 0.00000 141.07248 0.21985 0.97553 0.00000 -6.17513 0.00000 0.00000 -1.00000 0.00000
1634917060146416 -0.95628 0.29247 0.00000 138.47749 0.29247 0.95628 0.00000 -16.75365 0.00000 0.00000 -1.00000 0.00000
1634917060396656 -0.93134 0.36416 0.00000 135.04849 0.36416 0.93134 0.00000 -27.21347 0.00000 0.00000 -1.00000 0.00000
1634917060646574 -0.90036 0.43514 0.00000 130.75502 0.43514 0.90036 0.00000 -37.57979 0.00000 0.00000 -1.00000 0.00000
1634917060896667 -0.86390 0.50367 0.00000 125.62364 0.50367 0.86390 0.00000 -47.60917 0.00000 0.00000 -1.00000 0.00000
1634917061147094 -0.82415 0.56637 0.00000 119.88381 0.56637 0.82415 0.00000 -56.82078 0.00000 0.00000 -1.00000 0.00000
1634917061396619 -0.78391 0.62087 0.00000 113.88276 0.62087 0.78391 0.00000 -64.82659 0.00000 0.00000 -1.00000 0.00000
1634917061646928 -0.73976 0.67288 0.00000 107.26011 0.67288 0.73976 0.00000 -72.44075 0.00000 0.00000 -1.00000 0.00000
1634917061897205 -0.69492 0.71909 0.00000 100.42801 0.71909 0.69492 0.00000 -79.19954 0.00000 0.00000 -1.00000 0.00000
1634917062146847 -0.65636 0.75445 0.00000 94.15315 0.75445 0.65636 0.00000 -84.34142 0.00000 0.00000 -1.00000 0.00000
1634917062396785 -0.62234 0.78275 0.00000 88.27805 0.78275 0.62234 0.00000 -88.43268 0.00000 0.00000 -1.00000 0.00000
1634917062647017 -0.59945 0.80041 0.00000 83.63747 0.80041 0.59945 0.00000 -90.98886 0.00000 0.00000 -1.00000 0.00000
1634917062896533 -0.58238 0.81292 0.00000 79.60639 0.81292 0.58238 0.00000 -92.79471 0.00000 0.00000 -1.00000 0.00000
1634917063146773 -0.56937 0.82208 0.00000 75.98489 0.82208 0.56937 0.00000 -94.09427 0.00000 0.00000 -1.00000 0.00000
1634917063396576 -0.55795 0.82988 0.00000 72.53750 0.82988 0.55795 0.00000 -95.17434 0.00000 0.00000 -1.00000 0.00000
1634917063646550 -0.55239 0.83359 0.00000 69.73267 0.83359 0.55239 0.00000 -95.70802 0.00000 0.00000 -1.00000 0.00000
1634917063896578 -0.55525 0.83168 0.00000 67.90045 0.83168 0.55525 0.00000 -95.52632 0.00000 0.00000 -1.00000 0.00000
1634917064146553 -0.56215 0.82704 0.00000 66.53379 0.82704 0.56215 0.00000 -95.01958 0.00000 0.00000 -1.00000 0.00000
1634917064396256 -0.57066 0.82119 0.00000 65.35897 0.82119 0.57066 0.00000 -94.38670 0.00000 0.00000 -1.00000 0.00000
1634917064646411 -0.58854 0.80847 0.00000 65.27302 0.80847 0.58854 0.00000 -93.01387 0.00000 0.00000 -1.00000 0.00000
1634917064896559 -0.61504 0.78850 0.00000 66.18899 0.78850 0.61504 0.00000 -90.86892 0.00000 0.00000 -1.00000 0.00000
1634917065146198 -0.64891 0.76086 0.00000 67.99246 0.76086 0.64891 0.00000 -87.97879 0.00000 0.00000 -1.00000 0.00000
1634917065396140 -0.69355 0.72041 0.00000 71.07074 0.72041 0.69355 0.00000 -83.83196 0.00000 0.00000 -1.00000 0.00000
1634917065646482 -0.73858 0.67416 0.00000 74.29272 0.67416 0.73858 0.00000 -79.14208 0.00000 0.00000 -1.00000 0.00000
1634917065896231 -0.78020 0.62553 0.00000 77.18250 0.62553 0.78020 0.00000 -74.30949 0.00000 0.00000 -1.00000 0.00000
1634917066146486 -0.81847 0.57455 0.00000 79.75528 0.57455 0.81847 0.00000 -69.33344 0.00000 0.00000 -1.00000 0.00000
1634917066396636 -0.85477 0.51901 0.00000 82.21978 0.51901 0.85477 0.00000 -63.97936 0.00000 0.00000 -1.00000 0.00000
1634917066646400 -0.88975 0.45644 0.00000 84.64671 0.45644 0.88975 0.00000 -58.02129 0.00000 0.00000 -1.00000 0.00000
1634917066896529 -0.92266 0.38561 0.00000 86.97132 0.38561 0.92266 0.00000 -51.31993 0.00000 0.00000 -1.00000 0.00000
1634917067146632 -0.94765 0.31931 0.00000 88.42814 0.31931 0.94765 0.00000 -45.11914 0.00000 0.00000 -1.00000 0.00000
1634917067396521 -0.96776 0.25189 0.00000 89.40384 0.25189 0.96776 0.00000 -38.85691 0.00000 0.00000 -1.00000 0.00000
1634917067646908 -0.98240 0.18677 0.00000 89.80485 0.18677 0.98240 0.00000 -32.89660 0.00000 0.00000 -1.00000 0.00000
1634917067896492 -0.99261 0.12131 0.00000 89.77456 0.12131 0.99261 0.00000 -26.95715 0.00000 0.00000 -1.00000 0.00000
1634917068146513 -0.99829 0.05851 0.00000 89.27990 0.05851 0.99829 0.00000 -21.33966 0.00000 0.00000 -1.00000 0.00000
1634917068396541 -1.00000 -0.00169 -0.00000 88.36164 -0.00169 1.00000 0.00000 -16.00992 0.00000 0.00000 -1.00000 0.00000
1634917068646351 -0.99864 -0.05209 -0.00000 86.97605 -0.05209 0.99864 0.00000 -11.58603 0.00000 0.00000 -1.00000 0.00000
1634917068896658 -0.99511 -0.09874 -0.00000 85.34999 -0.09874 0.99511 0.00000 -7.58142 0.00000 0.00000 -1.00000 0.00000
1634917069146773 -0.99037 -0.13846 -0.00000 83.53924 -0.13846 0.99037 0.00000 -4.21685 0.00000 0.00000 -1.00000 0.00000
1634917069396794 -0.98541 -0.17017 -0.00000 81.59562 -0.17017 0.98541 0.00000 -1.58818 0.00000 0.00000 -1.00000 0.00000
1634917069647273 -0.98036 -0.19721 -0.00000 79.55198 -0.19721 0.98036 0.00000 0.59748 0.00000 0.00000 -1.00000 0.00000
1634917069897213 -0.97546 -0.22016 -0.00000 77.46494 -0.22016 0.97546 0.00000 2.42094 0.00000 0.00000 -1.00000 0.00000
1634917070147072 -0.97115 -0.23849 -0.00000 75.30964 -0.23849 0.97115 0.00000 3.82382 0.00000 0.00000 -1.00000 0.00000
1634917070397181 -0.96516 -0.26166 -0.00000 73.05388 -0.26166 0.96516 0.00000 5.55808 0.00000 0.00000 -1.00000 0.00000
1634917070647290 -0.95940 -0.28205 -0.00000 70.75490 -0.28205 0.95940 0.00000 7.05276 0.00000 0.00000 -1.00000 0.00000
1634917070897377 -0.95428 -0.29892 -0.00000 68.44903 -0.29892 0.95428 0.00000 8.24374 0.00000 0.00000 -1.00000 0.00000
1634917071147593 -0.94982 -0.31280 -0.00000 66.16354 -0.31280 0.94982 0.00000 9.18584 0.00000 0.00000 -1.00000 0.00000
1634917071397494 -0.94719 -0.32067 -0.00000 63.94540 -0.32067 0.94719 0.00000 9.70210 0.00000 0.00000 -1.00000 0.00000
1634917071647730 -0.94822 -0.31761 -0.00000 61.83605 -0.31761 0.94822 0.00000 9.46496 0.00000 0.00000 -1.00000 0.00000
1634917071897444 -0.94962 -0.31339 -0.00000 59.74439 -0.31339 0.94962 0.00000 9.14066 0.00000 0.00000 -1.00000 0.00000
1634917072147701 -0.95166 -0.30717 -0.00000 57.65051 -0.30717 0.95166 0.00000 8.70258 0.00000 0.00000 -1.00000 0.00000
1634917072397622 -0.95434 -0.29874 -0.00000 55.54381 -0.29874 0.95434 0.00000 8.13942 0.00000 0.00000 -1.00000 0.00000
1634917072647432 -0.95697 -0.29018 -0.00000 53.41365 -0.29018 0.95697 0.00000 7.59056 0.00000 0.00000 -1.00000 0.00000
1634917072897608 -0.95972 -0.28095 -0.00000 51.27334 -0.28095 0.95972 0.00000 7.04792 0.00000 0.00000 -1.00000 0.00000
1634917073147902 -0.96275 -0.27041 -0.00000 49.11823 -0.27041 0.96275 0.00000 6.45583 0.00000 0.00000 -1.00000 0.00000
1634917073397861 -0.96431 -0.26477 -0.00000 46.96013 -0.26477 0.96431 0.00000 6.13329 0.00000 0.00000 -1.00000 0.00000
1634917073647706 -0.96431 -0.26476 -0.00000 44.76482 -0.26476 0.96431 0.00000 6.07595 0.00000 0.00000 -1.00000 0.00000
1634917073897927 -0.96418 -0.26523 -0.00000 42.56632 -0.26523 0.96418 0.00000 6.05845 0.00000 0.00000 -1.00000 0.00000
1634917074147973 -0.96702 -0.25469 -0.00000 40.43580 -0.25469 0.96702 0.00000 5.57082 0.00000 0.00000 -1.00000 0.00000
1634917074398261 -0.97188 -0.23549 -0.00000 38.36994 -0.23549 0.97188 0.00000 4.75636 0.00000 0.00000 -1.00000 0.00000
1634917074648235 -0.97668 -0.21468 -0.00000 36.32706 -0.21468 0.97668 0.00000 3.90069 0.00000 0.00000 -1.00000 0.00000
1634917074898209 -0.98024 -0.19782 -0.00000 34.22012 -0.19782 0.98024 0.00000 3.21605 0.00000 0.00000 -1.00000 0.00000
1634917075148046 -0.98278 -0.18479 -0.00000 32.14402 -0.18479 0.98278 0.00000 2.72421 0.00000 0.00000 -1.00000 0.00000
1634917075397902 -0.98477 -0.17388 -0.00000 30.04405 -0.17388 0.98477 0.00000 2.32133 0.00000 0.00000 -1.00000 0.00000
1634917075648181 -0.98583 -0.16775 -0.00000 27.91554 -0.16775 0.98583 0.00000 2.09561 0.00000 0.00000 -1.00000 0.00000
1634917075897978 -0.98608 -0.16628 -0.00000 25.84568 -0.16628 0.98608 0.00000 1.98839 0.00000 0.00000 -1.00000 0.00000
1634917076148087 -0.98611 -0.16608 -0.00000 23.72923 -0.16608 0.98611 0.00000 1.92844 0.00000 0.00000 -1.00000 0.00000
1634917076398169 -0.98618 -0.16569 -0.00000 21.62071 -0.16569 0.98618 0.00000 1.86372 0.00000 0.00000 -1.00000 0.00000
1634917076648284 -0.98631 -0.16493 -0.00000 19.51016 -0.16493 0.98631 0.00000 1.79717 0.00000 0.00000 -1.00000 0.00000
1634917076898494 -0.98647 -0.16396 -0.00000 17.39968 -0.16396 0.98647 0.00000 1.74580 0.00000 0.00000 -1.00000 0.00000
1634917077148406 -0.98676 -0.16216 -0.00000 15.28298 -0.16216 0.98676 0.00000 1.68455 0.00000 0.00000 -1.00000 0.00000
1634917077398765 -0.98695 -0.16104 -0.00000 13.19829 -0.16104 0.98695 0.00000 1.63919 0.00000 0.00000 -1.00000 0.00000
1634917077648710 -0.98728 -0.15899 -0.00000 11.08360 -0.15899 0.98728 0.00000 1.58315 0.00000 0.00000 -1.00000 0.00000
1634917077899327 -0.98752 -0.15751 -0.00000 9.02259 -0.15751 0.98752 0.00000 1.53508 0.00000 0.00000 -1.00000 0.00000
1634917078149266 -0.98783 -0.15557 -0.00000 7.02836 -0.15557 0.98783 0.00000 1.49301 0.00000 0.00000 -1.00000 0.00000
1634917078399827 -0.98888 -0.14869 -0.00000 5.10870 -0.14869 0.98888 0.00000 1.40966 0.00000 0.00000 -1.00000 0.00000
1634917078649787 -0.98916 -0.14683 -0.00000 3.20637 -0.14683 0.98916 0.00000 1.36026 0.00000 0.00000 -1.00000 0.00000
1634917078900111 -0.98915 -0.14688 -0.00000 1.30128 -0.14688 0.98915 0.00000 1.35081 0.00000 0.00000 -1.00000 0.00000
1634917079149981 -0.98942 -0.14511 -0.00000 -0.54784 -0.14511 0.98942 0.00000 1.32134 0.00000 0.00000 -1.00000 0.00000
1634917079399776 -0.98982 -0.14231 -0.00000 -2.38913 -0.14231 0.98982 0.00000 1.29430 0.00000 0.00000 -1.00000 0.00000
1634917079650295 -0.99052 -0.13738 -0.00000 -4.18244 -0.13738 0.99052 0.00000 1.27429 0.00000 0.00000 -1.00000 0.00000
1634917079900075 -0.99181 -0.12775 -0.00000 -5.87704 -0.12775 0.99181 0.00000 1.28871 0.00000 0.00000 -1.00000 0.00000
1634917080150294 -0.99269 -0.12066 -0.00000 -7.50967 -0.12066 0.99269 0.00000 1.28446 0.00000 0.00000 -1.00000 0.00000
1634917080400387 -0.99185 -0.12744 -0.00000 -9.06853 -0.12744 0.99185 0.00000 1.19267 0.00000 0.00000 -1.00000 0.00000
1634917080650455 -0.99012 -0.14019 -0.00000 -10.56278 -0.14019 0.99012 0.00000 1.07420 0.00000 0.00000 -1.00000 0.00000
1634917080900820 -0.98849 -0.15126 -0.00000 -11.85672 -0.15126 0.98849 0.00000 0.92141 0.00000 0.00000 -1.00000 0.00000
1634917081150777 -0.98643 -0.16419 -0.00000 -12.98832 -0.16419 0.98643 0.00000 0.76689 0.00000 0.00000 -1.00000 0.00000
1634917081401205 -0.98494 -0.17287 -0.00000 -14.01598 -0.17287 0.98494 0.00000 0.64118 0.00000 0.00000 -1.00000 0.00000
1634917081651278 -0.98282 -0.18459 -0.00000 -14.88128 -0.18459 0.98282 0.00000 0.43301 0.00000 0.00000 -1.00000 0.00000
1634917081901845 -0.98149 -0.19151 -0.00000 -15.59562 -0.19151 0.98149 0.00000 0.33944 0.00000 0.00000 -1.00000 0.00000
1634917082151989 -0.98001 -0.19893 -0.00000 -16.16770 -0.19893 0.98001 0.00000 0.19565 0.00000 0.00000 -1.00000 0.00000
1634917082402261 -0.97896 -0.20407 -0.00000 -16.61607 -0.20407 0.97896 0.00000 0.09567 0.00000 0.00000 -1.00000 0.00000
1634917082652436 -0.97823 -0.20754 -0.00000 -16.97129 -0.20754 0.97823 0.00000 0.03752 0.00000 0.00000 -1.00000 0.00000
1634917082901861 -0.97812 -0.20803 -0.00000 -17.33581 -0.20803 0.97812 0.00000 0.02181 0.00000 0.00000 -1.00000 0.00000
1634917083152065 -0.97838 -0.20683 -0.00000 -17.73399 -0.20683 0.97838 0.00000 0.02968 0.00000 0.00000 -1.00000 0.00000
1634917083402246 -0.97859 -0.20580 -0.00000 -18.14931 -0.20580 0.97859 0.00000 0.04278 0.00000 0.00000 -1.00000 0.00000
1634917083652064 -0.97883 -0.20466 -0.00000 -18.59899 -0.20466 0.97883 0.00000 0.04697 0.00000 0.00000 -1.00000 0.00000
1634917083901894 -0.97908 -0.20347 -0.00000 -19.12478 -0.20347 0.97908 0.00000 0.05038 0.00000 0.00000 -1.00000 0.00000
1634917084152096 -0.97925 -0.20268 -0.00000 -19.75150 -0.20268 0.97925 0.00000 0.05725 0.00000 0.00000 -1.00000 0.00000
1634917084402364 -0.97953 -0.20128 -0.00000 -20.47356 -0.20128 0.97953 0.00000 0.06979 0.00000 0.00000 -1.00000 0.00000
1634917084652131 -0.97986 -0.19968 -0.00000 -21.28874 -0.19968 0.97986 0.00000 0.07412 0.00000 0.00000 -1.00000 0.00000
1634917084901860 -0.98020 -0.19800 -0.00000 -22.19978 -0.19800 0.98020 0.00000 0.08252 0.00000 0.00000 -1.00000 0.00000
1634917085151915 -0.98031 -0.19747 -0.00000 -23.21608 -0.19747 0.98031 0.00000 0.07287 0.00000 0.00000 -1.00000 0.00000
1634917085402153 -0.98034 -0.19732 -0.00000 -24.33687 -0.19732 0.98034 0.00000 0.03912 0.00000 0.00000 -1.00000 0.00000
1634917085652267 -0.98044 -0.19682 -0.00000 -25.54389 -0.19682 0.98044 0.00000 0.01376 0.00000 0.00000 -1.00000 0.00000
1634917085902033 -0.98012 -0.19841 -0.00000 -26.83232 -0.19841 0.98012 0.00000 -0.07130 0.00000 0.00000 -1.00000 0.00000
1634917086151952 -0.97885 -0.20458 -0.00000 -28.20954 -0.20458 0.97885 0.00000 -0.26664 0.00000 0.00000 -1.00000 0.00000
1634917086402046 -0.97759 -0.21053 -0.00000 -29.66562 -0.21053 0.97759 0.00000 -0.46750 0.00000 0.00000 -1.00000 0.00000
1634917086651787 -0.97652 -0.21544 -0.00000 -31.19348 -0.21544 0.97652 0.00000 -0.62878 0.00000 0.00000 -1.00000 0.00000
1634917086901834 -0.97556 -0.21971 -0.00000 -32.80990 -0.21971 0.97556 0.00000 -0.79071 0.00000 0.00000 -1.00000 0.00000
1634917087151879 -0.97450 -0.22439 -0.00000 -34.52935 -0.22439 0.97450 0.00000 -0.96776 0.00000 0.00000 -1.00000 0.00000
1634917087402019 -0.97361 -0.22823 -0.00000 -36.31617 -0.22823 0.97361 0.00000 -1.13292 0.00000 0.00000 -1.00000 0.00000
1634917087651998 -0.97272 -0.23199 -0.00000 -38.13555 -0.23199 0.97272 0.00000 -1.30345 0.00000 0.00000 -1.00000 0.00000
1634917087902333 -0.97163 -0.23650 -0.00000 -40.03916 -0.23650 0.97163 0.00000 -1.51179 0.00000 0.00000 -1.00000 0.00000
1634917088152565 -0.97068 -0.24037 -0.00000 -42.00342 -0.24037 0.97068 0.00000 -1.70884 0.00000 0.00000 -1.00000 0.00000
1634917088402760 -0.96977 -0.24403 -0.00000 -43.96428 -0.24403 0.96977 0.00000 -1.91240 0.00000 0.00000 -1.00000 0.00000
1634917088652462 -0.96886 -0.24759 -0.00000 -46.02071 -0.24759 0.96886 0.00000 -2.13387 0.00000 0.00000 -1.00000 0.00000
1634917088902842 -0.96794 -0.25119 -0.00000 -48.10208 -0.25119 0.96794 0.00000 -2.35357 0.00000 0.00000 -1.00000 0.00000
1634917089152924 -0.96842 -0.24931 -0.00000 -50.21419 -0.24931 0.96842 0.00000 -2.29392 0.00000 0.00000 -1.00000 0.00000
1634917089403017 -0.97064 -0.24055 -0.00000 -52.38543 -0.24055 0.97064 0.00000 -1.89239 0.00000 0.00000 -1.00000 0.00000
1634917089652777 -0.97301 -0.23077 -0.00000 -54.53575 -0.23077 0.97301 0.00000 -1.41924 0.00000 0.00000 -1.00000 0.00000
1634917089903201 -0.97657 -0.21519 -0.00000 -56.64547 -0.21519 0.97657 0.00000 -0.56876 0.00000 0.00000 -1.00000 0.00000
1634917090153353 -0.98086 -0.19473 -0.00000 -58.64721 -0.19473 0.98086 0.00000 0.59307 0.00000 0.00000 -1.00000 0.00000
1634917090403584 -0.98570 -0.16850 -0.00000 -60.49058 -0.16850 0.98570 0.00000 2.13561 0.00000 0.00000 -1.00000 0.00000
1634917090654026 -0.99074 -0.13577 -0.00000 -62.13810 -0.13577 0.99074 0.00000 4.11523 0.00000 0.00000 -1.00000 0.00000
1634917090904393 -0.99559 -0.09379 -0.00000 -63.52538 -0.09379 0.99559 0.00000 6.71861 0.00000 0.00000 -1.00000 0.00000
1634917091154711 -0.99900 -0.04473 -0.00000 -64.60388 -0.04473 0.99900 0.00000 9.82586 0.00000 0.00000 -1.00000 0.00000
1634917091404966 -0.99986 0.01660 0.00000 -65.24858 0.01660 0.99986 0.00000 13.77541 0.00000 0.00000 -1.00000 0.00000
1634917091655073 -0.99548 0.09502 0.00000 -65.26944 0.09502 0.99548 0.00000 18.84929 0.00000 0.00000 -1.00000 0.00000
1634917091905297 -0.98313 0.18292 0.00000 -64.62605 0.18292 0.98313 0.00000 24.56016 0.00000 0.00000 -1.00000 0.00000
1634917092155731 -0.96065 0.27775 0.00000 -63.16434 0.27775 0.96065 0.00000 30.73582 0.00000 0.00000 -1.00000 0.00000
1634917092405745 -0.92395 0.38252 0.00000 -60.54659 0.38252 0.92395 0.00000 37.56025 0.00000 0.00000 -1.00000 0.00000
1634917092656007 -0.86821 0.49619 0.00000 -56.46943 0.49619 0.86821 0.00000 44.88147 0.00000 0.00000 -1.00000 0.00000
1634917092906008 -0.79444 0.60735 0.00000 -51.12663 0.60735 0.79444 0.00000 51.99695 0.00000 0.00000 -1.00000 0.00000
1634917093156436 -0.70564 0.70857 0.00000 -44.79194 0.70857 0.70564 0.00000 58.37717 0.00000 0.00000 -1.00000 0.00000
1634917093406651 -0.60589 0.79555 0.00000 -37.78085 0.79555 0.60589 0.00000 63.74989 0.00000 0.00000 -1.00000 0.00000
1634917093656838 -0.50649 0.86224 0.00000 -30.96780 0.86224 0.50649 0.00000 67.78428 0.00000 0.00000 -1.00000 0.00000
1634917093906699 -0.41900 0.90799 0.00000 -25.25292 0.90799 0.41900 0.00000 70.46951 0.00000 0.00000 -1.00000 0.00000
1634917094156577 -0.35491 0.93490 0.00000 -21.48343 0.93490 0.35491 0.00000 72.00318 0.00000 0.00000 -1.00000 0.00000
1634917094406532 -0.31821 0.94802 0.00000 -19.92088 0.94802 0.31821 0.00000 72.75284 0.00000 0.00000 -1.00000 0.00000
1634917094656507 -0.30153 0.95346 0.00000 -19.97826 0.95346 0.30153 0.00000 73.04422 0.00000 0.00000 -1.00000 0.00000
1634917094906235 -0.29303 0.95610 0.00000 -20.73279 0.95610 0.29303 0.00000 73.19390 0.00000 0.00000 -1.00000 0.00000
1634917095156102 -0.28491 0.95855 0.00000 -21.59336 0.95855 0.28491 0.00000 73.32746 0.00000 0.00000 -1.00000 0.00000
1634917095406131 -0.27905 0.96028 0.00000 -22.71210 0.96028 0.27905 0.00000 73.42727 0.00000 0.00000 -1.00000 0.00000
1634917095656497 -0.27345 0.96189 0.00000 -23.91360 0.96189 0.27345 0.00000 73.51373 0.00000 0.00000 -1.00000 0.00000
1634917095906177 -0.26644 0.96385 0.00000 -25.10855 0.96385 0.26644 0.00000 73.64224 0.00000 0.00000 -1.00000 0.00000
1634917096156245 -0.25711 0.96638 0.00000 -26.21702 0.96638 0.25711 0.00000 73.83919 0.00000 0.00000 -1.00000 0.00000
1634917096406415 -0.24912 0.96847 0.00000 -27.48030 0.96847 0.24912 0.00000 74.02401 0.00000 0.00000 -1.00000 0.00000
1634917096656344 -0.24808 0.96874 0.00000 -29.27844 0.96874 0.24808 0.00000 73.99735 0.00000 0.00000 -1.00000 0.00000
1634917096906405 -0.23960 0.97087 0.00000 -30.53057 0.97087 0.23960 0.00000 74.23308 0.00000 0.00000 -1.00000 0.00000
1634917097156853 -0.21954 0.97560 0.00000 -30.89306 0.97560 0.21954 0.00000 74.81601 0.00000 0.00000 -1.00000 0.00000
1634917097406445 -0.19450 0.98090 0.00000 -30.87162 0.98090 0.19450 0.00000 75.55950 0.00000 0.00000 -1.00000 0.00000
1634917097656850 -0.17048 0.98536 0.00000 -30.90768 0.98536 0.17048 0.00000 76.27379 0.00000 0.00000 -1.00000 0.00000
1634917097906389 -0.14562 0.98934 0.00000 -30.89179 0.98934 0.14562 0.00000 77.00791 0.00000 0.00000 -1.00000 0.00000
