1567496044208661 1.00000 -0.00146 0.00000 -1.74782 0.00146 1.00000 -0.00000 0.01878 -0.00000 0.00000 1.00000 0.00000
1567496044458734 1.00000 -0.00097 0.00000 -2.16172 0.00097 1.00000 -0.00000 0.03368 -0.00000 0.00000 1.00000 0.00000
1567496044708736 1.00000 -0.00091 0.00000 -2.63285 0.00091 1.00000 -0.00000 0.00450 -0.00000 0.00000 1.00000 0.00000
1567496044958860 0.99999 -0.00342 0.00000 -3.19331 0.00342 0.99999 -0.00000 -0.00812 -0.00000 0.00000 1.00000 0.00000
1567496045208898 1.00000 -0.00231 0.00000 -3.76647 0.00231 1.00000 -0.00000 0.01268 -0.00000 0.00000 1.00000 0.00000
1567496045458307 1.00000 -0.00254 0.00000 -4.34739 0.00254 1.00000 -0.00000 0.02513 -0.00000 0.00000 1.00000 0.00000
1567496045708609 1.00000 -0.00142 0.00000 -5.03208 0.00142 1.00000 -0.00000 0.01744 -0.00000 0.00000 1.00000 0.00000
1567496045958342 1.00000 -0.00036 0.00000 -5.73026 0.00036 1.00000 -0.00000 0.03710 -0.00000 0.00000 1.00000 0.00000
1567496046208105 1.00000 0.00179 -0.00000 -6.49647 -0.00179 1.00000 0.00000 0.06677 0.00000 -0.00000 1.00000 -0.00000
1567496046458065 1.00000 -0.00016 0.00000 -7.28576 0.00016 1.00000 -0.00000 0.04152 -0.00000 0.00000 1.00000 0.00000
1567496046708295 1.00000 0.00145 -0.00000 -8.09537 -0.00145 1.00000 0.00000 0.03976 0.00000 -0.00000 1.00000 -0.00000
1567496046957574 1.00000 0.00101 -0.00000 -8.96369 -0.00101 1.00000 0.00000 0.02210 0.00000 -0.00000 1.00000 -0.00000
1567496047208161 1.00000 0.00242 -0.00000 -9.88055 -0.00242 1.00000 0.00000 0.00522 0.00000 -0.00000 1.00000 0.00000
1567496047456982 1.00000 0.00194 -0.00000 -10.79628 -0.00194 1.00000 0.00000 0.00784 0.00000 -0.00000 1.00000 0.00000
1567496047706938 0.99999 0.00328 -0.00000 -11.76401 -0.00328 0.99999 0.00000 -0.00551 0.00000 -0.00000 1.00000 0.00000
1567496047956733 0.99999 0.00522 -0.00000 -12.76887 -0.00522 0.99999 0.00000 0.05307 0.00000 -0.00000 1.00000 0.00000
1567496048207905 0.99998 0.00560 -0.00000 -13.79157 -0.00560 0.99998 0.00000 0.03212 0.00000 -0.00000 1.00000 0.00000
1567496048456499 0.99999 0.00517 -0.00000 -14.83920 -0.00517 0.99999 0.00000 0.01407 0.00000 -0.00000 1.00000 0.00000
1567496048705706 0.99998 0.00646 -0.00000 -15.91904 -0.00646 0.99998 0.00000 0.04002 0.00000 -0.00000 1.00000 0.00000
1567496048955486 0.99999 0.00429 -0.00000 -17.04090 -0.00429 0.99999 0.00000 -0.05895 0.00000 -0.00000 1.00000 0.00000
1567496049205250 0.99998 0.00647 -0.00000 -18.15865 -0.00647 0.99998 0.00000 0.05602 0.00000 -0.00000 1.00000 0.00000
1567496049455491 0.99998 0.00636 -0.00000 -19.34834 -0.00636 0.99998 0.00000 0.00003 0.00000 -0.00000 1.00000 0.00000
1567496049704658 0.99998 0.00626 -0.00000 -20.44721 -0.00626 0.99998 0.00000 0.02783 0.00000 -0.00000 1.00000 0.00000
1567496049954843 0.99998 0.00677 -0.00000 -21.68682 -0.00677 0.99998 0.00000 0.01322 0.00000 -0.00000 1.00000 0.00000
1567496050204620 0.99998 0.00679 -0.00000 -22.88313 -0.00679 0.99998 0.00000 0.01410 0.00000 -0.00000 1.00000 0.00000
1567496050454180 0.99996 0.00883 -0.00000 -24.10731 -0.00883 0.99996 0.00000 0.08972 0.00000 -0.00000 1.00000 0.00000
1567496050703862 0.99989 0.01496 -0.00000 -25.30716 -0.01496 0.99989 0.00000 0.23827 0.00000 -0.00000 1.00000 0.00000
1567496050953311 0.99975 0.02236 -0.00000 -26.53276 -0.02236 0.99975 0.00000 0.38507 0.00000 -0.00000 1.00000 0.00000
1567496051203127 0.99943 0.03362 -0.00000 -27.73550 -0.03362 0.99943 0.00000 0.69715 0.00000 -0.00000 1.00000 0.00000
1567496051452110 0.99890 0.04694 -0.00000 -28.95732 -0.04694 0.99890 0.00000 1.00847 0.00000 -0.00000 1.00000 0.00000
1567496051702327 0.99811 0.06143 -0.00000 -30.13422 -0.06143 0.99811 0.00000 1.43931 0.00000 -0.00000 1.00000 0.00000
1567496051951662 0.99739 0.07221 -0.00000 -31.42121 -0.07221 0.99739 0.00000 1.72604 0.00000 -0.00000 1.00000 0.00000
1567496052201336 0.99657 0.08271 -0.00000 -32.60541 -0.08271 0.99657 0.00000 2.03496 0.00000 -0.00000 1.00000 0.00000
1567496052451203 0.99535 0.09630 -0.00000 -33.85385 -0.09630 0.99535 0.00000 2.47430 0.00000 -0.00000 1.00000 0.00000
1567496052700896 0.99434 0.10622 -0.00000 -35.11479 -0.10622 0.99434 0.00000 2.82476 0.00000 -0.00000 1.00000 0.00000
1567496052950250 0.99348 0.11397 -0.00000 -36.34373 -0.11397 0.99348 0.00000 3.09164 0.00000 -0.00000 1.00000 0.00000
1567496053200246 0.99308 0.11748 -0.00000 -37.60723 -0.11748 0.99308 0.00000 3.21261 0.00000 -0.00000 1.00000 0.00000
1567496053449597 0.99316 0.11676 -0.00000 -38.89614 -0.11676 0.99316 0.00000 3.21099 0.00000 -0.00000 1.00000 0.00000
1567496053699317 0.99330 0.11560 -0.00000 -40.21791 -0.11560 0.99330 0.00000 3.12988 0.00000 -0.00000 1.00000 0.00000
1567496053948891 0.99329 0.11561 -0.00000 -41.50823 -0.11561 0.99329 0.00000 3.15298 0.00000 -0.00000 1.00000 0.00000
1567496054198143 0.99345 0.11428 -0.00000 -42.85251 -0.11428 0.99345 0.00000 3.13673 0.00000 -0.00000 1.00000 0.00000
1567496054447792 0.99371 0.11200 -0.00000 -44.22550 -0.11200 0.99371 0.00000 3.04381 0.00000 -0.00000 1.00000 0.00000
1567496054697412 0.99383 0.11093 -0.00000 -45.58360 -0.11093 0.99383 0.00000 2.95573 0.00000 -0.00000 1.00000 0.00000
1567496054947386 0.99382 0.11102 -0.00000 -46.97616 -0.11102 0.99382 0.00000 3.01304 0.00000 -0.00000 1.00000 0.00000
1567496055196845 0.99350 0.11387 -0.00000 -48.37894 -0.11387 0.99350 0.00000 3.08866 0.00000 -0.00000 1.00000 0.00000
1567496055446536 0.99319 0.11653 -0.00000 -49.78662 -0.11653 0.99319 0.00000 3.27285 0.00000 -0.00000 1.00000 0.00000
1567496055696648 0.99238 0.12323 -0.00000 -51.21094 -0.12323 0.99238 0.00000 3.61129 0.00000 -0.00000 1.00000 0.00000
1567496055945897 0.99169 0.12867 -0.00000 -52.63476 -0.12867 0.99169 0.00000 3.87553 0.00000 -0.00000 1.00000 0.00000
1567496056195905 0.99046 0.13778 -0.00000 -54.09069 -0.13778 0.99046 0.00000 4.33627 0.00000 -0.00000 1.00000 0.00000
1567496056446224 0.98957 0.14408 -0.00000 -55.54649 -0.14408 0.98957 0.00000 4.69764 0.00000 -0.00000 1.00000 0.00000
1567496056694831 0.98830 0.15254 -0.00000 -57.03240 -0.15254 0.98830 0.00000 5.12941 0.00000 -0.00000 1.00000 0.00000
1567496056944880 0.98705 0.16044 -0.00000 -58.52416 -0.16044 0.98705 0.00000 5.59594 0.00000 -0.00000 1.00000 0.00000
1567496057194671 0.98591 0.16726 -0.00000 -60.01318 -0.16726 0.98591 0.00000 5.97827 0.00000 -0.00000 1.00000 0.00000
1567496057444230 0.98489 0.17321 -0.00000 -61.53813 -0.17321 0.98489 0.00000 6.35397 0.00000 -0.00000 1.00000 0.00000
1567496057693906 0.98352 0.18080 -0.00000 -63.00398 -0.18080 0.98352 0.00000 6.77743 0.00000 -0.00000 1.00000 0.00000
1567496057943012 0.98224 0.18764 -0.00000 -64.48469 -0.18764 0.98224 0.00000 7.20936 0.00000 -0.00000 1.00000 0.00000
1567496058192800 0.98119 0.19307 -0.00000 -65.97921 -0.19307 0.98119 0.00000 7.58248 0.00000 -0.00000 1.00000 0.00000
1567496058442061 0.98077 0.19519 -0.00000 -67.47256 -0.19519 0.98077 0.00000 7.70675 0.00000 -0.00000 1.00000 0.00000
1567496058691625 0.98095 0.19426 -0.00000 -68.97121 -0.19426 0.98095 0.00000 7.62813 0.00000 -0.00000 1.00000 0.00000
1567496058940870 0.98106 0.19371 -0.00000 -70.48116 -0.19371 0.98106 0.00000 7.55272 0.00000 -0.00000 1.00000 0.00000
1567496059190321 0.98129 0.19255 -0.00000 -71.97069 -0.19255 0.98129 0.00000 7.49125 0.00000 -0.00000 1.00000 0.00000
1567496059439084 0.98179 0.18995 -0.00000 -73.41504 -0.18995 0.98179 0.00000 7.29108 0.00000 -0.00000 1.00000 0.00000
1567496059689663 0.98241 0.18672 -0.00000 -74.86772 -0.18672 0.98241 0.00000 7.05495 0.00000 -0.00000 1.00000 0.00000
1567496059939374 0.98258 0.18583 -0.00000 -76.17440 -0.18583 0.98258 0.00000 6.97681 0.00000 -0.00000 1.00000 0.00000
1567496060187809 0.98327 0.18218 -0.00000 -77.47704 -0.18218 0.98327 0.00000 6.64496 0.00000 -0.00000 1.00000 0.00000
1567496060437407 0.98396 0.17837 -0.00000 -78.67713 -0.17837 0.98396 0.00000 6.39757 0.00000 -0.00000 1.00000 0.00000
1567496060686218 0.98406 0.17781 -0.00000 -79.75846 -0.17781 0.98406 0.00000 6.33342 0.00000 -0.00000 1.00000 0.00000
1567496060935536 0.98423 0.17688 -0.00000 -80.83159 -0.17688 0.98423 0.00000 6.30069 0.00000 -0.00000 1.00000 0.00000
1567496061184476 0.98461 0.17476 -0.00000 -81.78617 -0.17476 0.98461 0.00000 6.10996 0.00000 -0.00000 1.00000 0.00000
1567496061433868 0.98461 0.17476 -0.00000 -82.61179 -0.17476 0.98461 0.00000 6.11649 0.00000 -0.00000 1.00000 0.00000
1567496061682817 0.98480 0.17368 -0.00000 -83.36435 -0.17368 0.98480 0.00000 6.03019 0.00000 -0.00000 1.00000 0.00000
1567496061932278 0.98438 0.17608 -0.00000 -83.96852 -0.17608 0.98438 0.00000 6.28202 0.00000 -0.00000 1.00000 0.00000
1567496062181768 0.98454 0.17518 -0.00000 -84.53272 -0.17518 0.98454 0.00000 6.19051 0.00000 -0.00000 1.00000 0.00000
1567496062431678 0.98426 0.17675 -0.00000 -84.99715 -0.17675 0.98426 0.00000 6.32542 0.00000 -0.00000 1.00000 0.00000
1567496062680767 0.98385 0.17900 -0.00000 -85.38897 -0.17900 0.98385 0.00000 6.47238 0.00000 -0.00000 1.00000 0.00000
1567496062930851 0.98346 0.18111 -0.00000 -85.75583 -0.18111 0.98346 0.00000 6.68223 0.00000 -0.00000 1.00000 0.00000
1567496063180257 0.98348 0.18104 -0.00000 -86.08361 -0.18104 0.98348 0.00000 6.66071 0.00000 -0.00000 1.00000 0.00000
1567496063430137 0.98315 0.18278 -0.00000 -86.45225 -0.18278 0.98315 0.00000 6.78080 0.00000 -0.00000 1.00000 0.00000
1567496063679618 0.98294 0.18390 -0.00000 -86.79151 -0.18390 0.98294 0.00000 6.91420 0.00000 -0.00000 1.00000 0.00000
1567496063929427 0.98268 0.18531 -0.00000 -87.14931 -0.18531 0.98268 0.00000 6.98385 0.00000 -0.00000 1.00000 0.00000
1567496064179168 0.98175 0.19017 -0.00000 -87.51744 -0.19017 0.98175 0.00000 7.44532 0.00000 -0.00000 1.00000 0.00000
1567496064428829 0.98060 0.19603 -0.00000 -87.91851 -0.19603 0.98060 0.00000 7.94891 0.00000 -0.00000 1.00000 0.00000
1567496064678126 0.97917 0.20306 -0.00000 -88.30344 -0.20306 0.97917 0.00000 8.56749 0.00000 -0.00000 1.00000 0.00000
1567496064928311 0.97748 0.21104 -0.00000 -88.73046 -0.21104 0.97748 0.00000 9.28207 0.00000 -0.00000 1.00000 0.00000
1567496065177498 0.97565 0.21934 -0.00000 -89.19621 -0.21934 0.97565 0.00000 10.02948 0.00000 -0.00000 1.00000 0.00000
1567496065427818 0.97343 0.22897 -0.00000 -89.73226 -0.22897 0.97343 0.00000 10.82536 0.00000 -0.00000 1.00000 0.00000
1567496065677899 0.97086 0.23964 -0.00000 -90.27553 -0.23964 0.97086 0.00000 11.82751 0.00000 -0.00000 1.00000 0.00000
1567496065927661 0.96735 0.25344 -0.00000 -90.84205 -0.25344 0.96735 0.00000 13.08615 0.00000 -0.00000 1.00000 0.00000
1567496066177316 0.96303 0.26941 -0.00000 -91.40406 -0.26941 0.96303 0.00000 14.55552 0.00000 -0.00000 1.00000 0.00000
1567496066427294 0.95790 0.28709 -0.00000 -91.96777 -0.28709 0.95790 0.00000 16.22705 0.00000 -0.00000 1.00000 0.00000
1567496066676715 0.95145 0.30780 -0.00000 -92.48101 -0.30780 0.95145 0.00000 18.23446 0.00000 -0.00000 1.00000 0.00000
1567496066926255 0.94461 0.32820 -0.00000 -93.03417 -0.32820 0.94461 0.00000 20.16347 0.00000 -0.00000 1.00000 0.00000
1567496067175966 0.93156 0.36358 -0.00000 -94.24406 -0.36358 0.93156 0.00000 23.51322 0.00000 -0.00000 1.00000 0.00000
1567496067676073 0.91473 0.40406 -0.00000 -94.27185 -0.40406 0.91473 0.00000 27.68824 0.00000 -0.00000 1.00000 0.00000
1567496067926080 0.90278 0.43010 -0.00000 -94.55088 -0.43010 0.90278 0.00000 30.31066 0.00000 -0.00000 1.00000 0.00000
1567496068175147 0.88925 0.45743 -0.00000 -94.74478 -0.45743 0.88925 0.00000 33.13221 0.00000 -0.00000 1.00000 0.00000
1567496068424728 0.87235 0.48888 -0.00000 -94.71524 -0.48888 0.87235 0.00000 36.47929 0.00000 -0.00000 1.00000 0.00000
1567496068674704 0.85345 0.52118 -0.00000 -94.55693 -0.52118 0.85345 0.00000 39.94929 0.00000 -0.00000 1.00000 0.00000
1567496068924480 0.83273 0.55368 -0.00000 -94.31966 -0.55368 0.83273 0.00000 43.52998 0.00000 -0.00000 1.00000 0.00000
1567496069174319 0.81092 0.58516 -0.00000 -93.95929 -0.58516 0.81092 0.00000 47.05860 0.00000 -0.00000 1.00000 0.00000
1567496069424627 0.78714 0.61677 -0.00000 -93.40215 -0.61677 0.78714 0.00000 50.70500 0.00000 -0.00000 1.00000 0.00000
1567496069674120 0.76351 0.64579 -0.00000 -92.89310 -0.64579 0.76351 0.00000 54.15549 0.00000 -0.00000 1.00000 0.00000
1567496069923495 0.74407 0.66810 -0.00000 -92.80307 -0.66810 0.74407 0.00000 56.86341 0.00000 -0.00000 1.00000 0.00000
1567496070173420 0.72874 0.68479 -0.00000 -93.00040 -0.68479 0.72874 0.00000 58.93365 0.00000 -0.00000 1.00000 0.00000
1567496070423567 0.71529 0.69882 -0.00000 -93.39915 -0.69882 0.71529 0.00000 60.69311 0.00000 -0.00000 1.00000 0.00000
1567496070673831 0.70618 0.70803 -0.00000 -94.21592 -0.70803 0.70618 0.00000 61.91762 0.00000 -0.00000 1.00000 0.00000
1567496070923353 0.70154 0.71263 -0.00000 -95.45363 -0.71263 0.70154 0.00000 62.55265 0.00000 -0.00000 1.00000 0.00000
1567496071173338 0.70268 0.71151 -0.00000 -97.26626 -0.71151 0.70268 0.00000 62.40705 0.00000 -0.00000 1.00000 0.00000
1567496071421800 0.70662 0.70760 -0.00000 -99.30241 -0.70760 0.70662 0.00000 61.81078 0.00000 -0.00000 1.00000 0.00000
1567496071671839 0.71095 0.70324 -0.00000 -101.39921 -0.70324 0.71095 0.00000 61.20264 0.00000 -0.00000 1.00000 0.00000
1567496071921655 0.71482 0.69931 -0.00000 -103.51497 -0.69931 0.71482 0.00000 60.62373 0.00000 -0.00000 1.00000 0.00000
1567496072171411 0.71841 0.69562 -0.00000 -105.66545 -0.69562 0.71841 0.00000 60.10074 0.00000 -0.00000 1.00000 0.00000
1567496072421113 0.72194 0.69196 -0.00000 -107.82100 -0.69196 0.72194 0.00000 59.56699 0.00000 -0.00000 1.00000 0.00000
1567496072670255 0.72552 0.68820 -0.00000 -109.98983 -0.68820 0.72552 0.00000 59.00273 0.00000 -0.00000 1.00000 0.00000
1567496072919958 0.72879 0.68474 -0.00000 -112.21768 -0.68474 0.72879 0.00000 58.48783 0.00000 -0.00000 1.00000 0.00000
1567496073169332 0.73194 0.68136 -0.00000 -114.45376 -0.68136 0.73194 0.00000 57.97820 0.00000 -0.00000 1.00000 0.00000
1567496073418366 0.73496 0.67811 -0.00000 -116.64915 -0.67811 0.73496 0.00000 57.48396 0.00000 -0.00000 1.00000 0.00000
1567496073668840 0.73769 0.67514 -0.00000 -118.89357 -0.67514 0.73769 0.00000 57.03554 0.00000 -0.00000 1.00000 0.00000
1567496073918408 0.74109 0.67141 -0.00000 -121.15858 -0.67141 0.74109 0.00000 56.39443 0.00000 -0.00000 1.00000 0.00000
1567496074167821 0.74499 0.66708 -0.00000 -123.50279 -0.66708 0.74499 0.00000 55.73217 0.00000 -0.00000 1.00000 0.00000
1567496074417463 0.75051 0.66086 -0.00000 -126.01223 -0.66086 0.75051 0.00000 54.70692 0.00000 -0.00000 1.00000 0.00000
1567496074666935 0.75913 0.65093 -0.00000 -128.76690 -0.65093 0.75913 0.00000 53.02112 0.00000 -0.00000 1.00000 0.00000
1567496074916070 0.76628 0.64251 -0.00000 -131.40837 -0.64251 0.76628 0.00000 51.59352 0.00000 -0.00000 1.00000 0.00000
1567496075165752 0.77780 0.62851 -0.00000 -134.40808 -0.62851 0.77780 0.00000 49.21112 0.00000 -0.00000 1.00000 0.00000
1567496075415834 0.78834 0.61525 -0.00000 -137.28577 -0.61525 0.78834 0.00000 46.92552 0.00000 -0.00000 1.00000 0.00000
1567496075665704 0.79814 0.60247 -0.00000 -140.12542 -0.60247 0.79814 0.00000 44.73774 0.00000 -0.00000 1.00000 0.00000
1567496075915003 0.80789 0.58933 -0.00000 -142.93465 -0.58933 0.80789 0.00000 42.42757 0.00000 -0.00000 1.00000 0.00000
1567496076164285 0.81787 0.57540 -0.00000 -145.77981 -0.57540 0.81787 0.00000 40.00496 0.00000 -0.00000 1.00000 0.00000
1567496076413865 0.82770 0.56116 -0.00000 -148.57839 -0.56116 0.82770 0.00000 37.46843 0.00000 -0.00000 1.00000 0.00000
1567496076663175 0.83933 0.54362 -0.00000 -151.43985 -0.54362 0.83933 0.00000 34.35437 0.00000 -0.00000 1.00000 0.00000
1567496076913315 0.85147 0.52440 -0.00000 -154.31638 -0.52440 0.85147 0.00000 30.88089 0.00000 -0.00000 1.00000 0.00000
1567496077162711 0.86503 0.50172 -0.00000 -157.18510 -0.50172 0.86503 0.00000 26.82726 0.00000 -0.00000 1.00000 0.00000
1567496077412134 0.87837 0.47798 -0.00000 -160.00171 -0.47798 0.87837 0.00000 22.54924 0.00000 -0.00000 1.00000 0.00000
1567496077661653 0.89115 0.45372 -0.00000 -162.67795 -0.45372 0.89115 0.00000 18.16606 0.00000 -0.00000 1.00000 0.00000
1567496077911286 0.90242 0.43085 -0.00000 -165.15186 -0.43085 0.90242 0.00000 14.02590 0.00000 -0.00000 1.00000 0.00000
1567496078161017 0.91387 0.40600 -0.00000 -167.59506 -0.40600 0.91387 0.00000 9.53914 0.00000 -0.00000 1.00000 0.00000
1567496078409966 0.92430 0.38167 -0.00000 -169.92668 -0.38167 0.92430 0.00000 5.10138 0.00000 -0.00000 1.00000 0.00000
1567496078660146 0.93243 0.36134 -0.00000 -172.04147 -0.36134 0.93243 0.00000 1.40641 0.00000 -0.00000 1.00000 0.00000
1567496078909901 0.93945 0.34268 -0.00000 -174.18028 -0.34268 0.93945 0.00000 -2.03816 0.00000 -0.00000 1.00000 0.00000
1567496079159659 0.94604 0.32406 -0.00000 -176.24288 -0.32406 0.94604 0.00000 -5.44760 0.00000 -0.00000 1.00000 0.00000
1567496079409416 0.95297 0.30307 -0.00000 -178.19923 -0.30307 0.95297 0.00000 -9.33144 0.00000 -0.00000 1.00000 0.00000
1567496079658533 0.96009 0.27970 -0.00000 -180.07029 -0.27970 0.96009 0.00000 -13.69379 0.00000 -0.00000 1.00000 0.00000
1567496079907638 0.96643 0.25693 -0.00000 -181.80561 -0.25693 0.96643 0.00000 -17.90661 0.00000 -0.00000 1.00000 0.00000
1567496080157855 0.97196 0.23514 -0.00000 -183.49326 -0.23514 0.97196 0.00000 -21.99574 0.00000 -0.00000 1.00000 0.00000
1567496080407781 0.97688 0.21377 -0.00000 -185.14776 -0.21377 0.97688 0.00000 -26.01903 0.00000 -0.00000 1.00000 0.00000
1567496080658690 0.98106 0.19372 -0.00000 -186.68675 -0.19372 0.98106 0.00000 -29.78518 0.00000 -0.00000 1.00000 0.00000
1567496080907506 0.98408 0.17770 -0.00000 -188.34525 -0.17770 0.98408 0.00000 -32.81429 0.00000 -0.00000 1.00000 0.00000
1567496081157219 0.98672 0.16245 -0.00000 -190.01702 -0.16245 0.98672 0.00000 -35.70608 0.00000 -0.00000 1.00000 0.00000
1567496081406925 0.98913 0.14706 -0.00000 -191.61328 -0.14706 0.98913 0.00000 -38.65532 0.00000 -0.00000 1.00000 0.00000
1567496081657171 0.99130 0.13162 -0.00000 -193.15061 -0.13162 0.99130 0.00000 -41.61430 0.00000 -0.00000 1.00000 0.00000
1567496081905471 0.99329 0.11569 -0.00000 -194.67174 -0.11569 0.99329 0.00000 -44.70625 0.00000 -0.00000 1.00000 0.00000
1567496082154706 0.99480 0.10184 -0.00000 -196.23257 -0.10184 0.99480 0.00000 -47.44529 0.00000 -0.00000 1.00000 0.00000
1567496082404332 0.99598 0.08952 -0.00000 -197.82677 -0.08952 0.99598 0.00000 -49.87303 0.00000 -0.00000 1.00000 0.00000
1567496082653810 0.99696 0.07793 -0.00000 -199.41790 -0.07793 0.99696 0.00000 -52.15794 0.00000 -0.00000 1.00000 0.00000
1567496082904078 0.99796 0.06390 -0.00000 -200.80247 -0.06390 0.99796 0.00000 -54.96978 0.00000 -0.00000 1.00000 0.00000
1567496083153689 0.99880 0.04899 -0.00000 -202.09563 -0.04899 0.99880 0.00000 -57.95106 0.00000 -0.00000 1.00000 0.00000
1567496083403225 0.99952 0.03110 -0.00000 -203.18964 -0.03110 0.99952 0.00000 -61.55334 0.00000 -0.00000 1.00000 0.00000
1567496083653160 0.99994 0.01069 -0.00000 -204.01601 -0.01069 0.99994 0.00000 -65.69543 0.00000 -0.00000 1.00000 0.00000
1567496083902332 0.99998 -0.00679 0.00000 -204.94413 0.00679 0.99998 -0.00000 -69.24967 -0.00000 0.00000 1.00000 0.00000
1567496084152166 0.99969 -0.02498 0.00000 -205.78825 0.02498 0.99969 -0.00000 -72.97605 -0.00000 0.00000 1.00000 0.00000
1567496084401368 0.99916 -0.04091 0.00000 -206.72296 0.04091 0.99916 -0.00000 -76.23735 -0.00000 0.00000 1.00000 0.00000
1567496084651279 0.99841 -0.05641 0.00000 -207.65051 0.05641 0.99841 -0.00000 -79.42581 -0.00000 0.00000 1.00000 0.00000
1567496084900757 0.99724 -0.07423 0.00000 -208.40877 0.07423 0.99724 -0.00000 -83.13963 -0.00000 0.00000 1.00000 0.00000
1567496085150056 0.99597 -0.08971 0.00000 -209.19709 0.08971 0.99597 -0.00000 -86.34681 -0.00000 0.00000 1.00000 0.00000
1567496085399998 0.99445 -0.10522 0.00000 -210.02808 0.10522 0.99445 -0.00000 -89.57109 -0.00000 0.00000 1.00000 0.00000
1567496085648829 0.99301 -0.11803 0.00000 -211.03252 0.11803 0.99301 -0.00000 -92.27249 -0.00000 0.00000 1.00000 0.00000
1567496085897991 0.99140 -0.13086 0.00000 -212.03150 0.13086 0.99140 -0.00000 -94.99483 -0.00000 0.00000 1.00000 0.00000
1567496086147735 0.98989 -0.14185 0.00000 -213.12308 0.14185 0.98989 -0.00000 -97.33167 -0.00000 0.00000 1.00000 0.00000
1567496086397123 0.98773 -0.15617 0.00000 -213.86984 0.15617 0.98773 -0.00000 -100.39611 -0.00000 0.00000 1.00000 0.00000
1567496086646129 0.98534 -0.17058 0.00000 -214.60009 0.17058 0.98534 -0.00000 -103.52612 -0.00000 0.00000 1.00000 0.00000
1567496086895438 0.98266 -0.18539 0.00000 -215.18571 0.18539 0.98266 -0.00000 -106.78111 -0.00000 0.00000 1.00000 0.00000
1567496087145130 0.97935 -0.20219 0.00000 -215.54882 0.20219 0.97935 -0.00000 -110.45780 -0.00000 0.00000 1.00000 0.00000
1567496087394943 0.97533 -0.22076 0.00000 -215.62493 0.22076 0.97533 -0.00000 -114.53491 -0.00000 0.00000 1.00000 0.00000
1567496087643900 0.97108 -0.23877 0.00000 -215.64276 0.23877 0.97108 -0.00000 -118.50464 -0.00000 0.00000 1.00000 0.00000
1567496087893738 0.96719 -0.25406 0.00000 -215.90884 0.25406 0.96719 -0.00000 -121.85358 -0.00000 0.00000 1.00000 0.00000
1567496088143113 0.96359 -0.26739 0.00000 -216.42407 0.26739 0.96359 -0.00000 -124.81553 -0.00000 0.00000 1.00000 0.00000
1567496088392933 0.95864 -0.28462 0.00000 -216.35958 0.28462 0.95864 -0.00000 -128.70672 -0.00000 0.00000 1.00000 0.00000
1567496088642511 0.95209 -0.30583 0.00000 -215.64103 0.30583 0.95209 -0.00000 -133.43053 -0.00000 0.00000 1.00000 0.00000
1567496088892161 0.94290 -0.33307 0.00000 -213.90098 0.33307 0.94290 -0.00000 -139.59525 -0.00000 0.00000 1.00000 0.00000
1567496089141376 0.93320 -0.35935 0.00000 -212.04453 0.35935 0.93320 -0.00000 -145.49214 -0.00000 0.00000 1.00000 0.00000
1567496089391114 0.92246 -0.38609 0.00000 -210.03630 0.38609 0.92246 -0.00000 -151.53943 -0.00000 0.00000 1.00000 0.00000
1567496089640949 0.91062 -0.41325 0.00000 -207.61545 0.41325 0.91062 -0.00000 -157.67682 -0.00000 0.00000 1.00000 0.00000
1567496089891064 0.89873 -0.43849 0.00000 -205.32916 0.43849 0.89873 -0.00000 -163.42372 -0.00000 0.00000 1.00000 0.00000
1567496090140033 0.88422 -0.46708 0.00000 -202.22859 0.46708 0.88422 -0.00000 -169.86798 -0.00000 0.00000 1.00000 0.00000
1567496090389710 0.87050 -0.49218 0.00000 -199.47545 0.49218 0.87050 -0.00000 -175.58667 -0.00000 0.00000 1.00000 0.00000
1567496090639579 0.85656 -0.51604 0.00000 -196.72642 0.51604 0.85656 -0.00000 -181.01487 -0.00000 0.00000 1.00000 0.00000
1567496090888285 0.84442 -0.53567 0.00000 -194.64544 0.53567 0.84442 -0.00000 -185.49625 -0.00000 0.00000 1.00000 0.00000
1567496091138897 0.83400 -0.55177 0.00000 -193.22655 0.55177 0.83400 -0.00000 -189.23216 -0.00000 0.00000 1.00000 0.00000
1567496091388657 0.82408 -0.56647 0.00000 -191.95314 0.56647 0.82408 -0.00000 -192.58195 -0.00000 0.00000 1.00000 0.00000
1567496091637931 0.81378 -0.58118 0.00000 -190.59160 0.58118 0.81378 -0.00000 -196.00275 -0.00000 0.00000 1.00000 0.00000
1567496091887795 0.80350 -0.59530 0.00000 -189.26169 0.59530 0.80350 -0.00000 -199.31246 -0.00000 0.00000 1.00000 0.00000
1567496092136815 0.79254 -0.60982 0.00000 -187.70876 0.60982 0.79254 -0.00000 -202.75816 -0.00000 0.00000 1.00000 0.00000
1567496092385539 0.78124 -0.62424 0.00000 -186.01093 0.62424 0.78124 -0.00000 -206.15106 -0.00000 0.00000 1.00000 0.00000
1567496092635302 0.76961 -0.63851 0.00000 -184.22248 0.63851 0.76961 -0.00000 -209.45576 -0.00000 0.00000 1.00000 0.00000
1567496092884264 0.75577 -0.65483 0.00000 -181.75087 0.65483 0.75577 -0.00000 -213.33420 -0.00000 0.00000 1.00000 0.00000
1567496093133682 0.74137 -0.67110 0.00000 -179.08325 0.67110 0.74137 -0.00000 -217.23697 -0.00000 0.00000 1.00000 0.00000
1567496093383564 0.72733 -0.68629 0.00000 -176.58157 0.68629 0.72733 -0.00000 -220.90215 -0.00000 0.00000 1.00000 0.00000
1567496093633135 0.71570 -0.69841 0.00000 -174.87498 0.69841 0.71570 -0.00000 -223.80004 -0.00000 0.00000 1.00000 0.00000
1567496093882828 0.70424 -0.70997 0.00000 -173.27510 0.70997 0.70424 -0.00000 -226.60489 -0.00000 0.00000 1.00000 0.00000
1567496094132528 0.69670 -0.71736 0.00000 -172.89707 0.71736 0.69670 -0.00000 -228.45329 -0.00000 0.00000 1.00000 0.00000
1567496094381693 0.68692 -0.72673 0.00000 -171.81337 0.72673 0.68692 -0.00000 -230.78890 -0.00000 0.00000 1.00000 0.00000
1567496094630899 0.67818 -0.73490 0.00000 -171.06241 0.73490 0.67818 -0.00000 -232.82372 -0.00000 0.00000 1.00000 0.00000
1567496094880531 0.67276 -0.73986 0.00000 -171.35453 0.73986 0.67276 -0.00000 -234.04425 -0.00000 0.00000 1.00000 0.00000
1567496095130028 0.66955 -0.74276 0.00000 -172.36075 0.74276 0.66955 -0.00000 -234.79888 -0.00000 0.00000 1.00000 0.00000
1567496095379688 0.66793 -0.74422 0.00000 -173.89187 0.74422 0.66793 -0.00000 -235.23236 -0.00000 0.00000 1.00000 0.00000
1567496095628683 0.66803 -0.74414 0.00000 -175.85417 0.74414 0.66803 -0.00000 -235.19142 -0.00000 0.00000 1.00000 0.00000
1567496095878575 0.67083 -0.74161 0.00000 -178.70379 0.74161 0.67083 -0.00000 -234.58702 -0.00000 0.00000 1.00000 0.00000
1567496096128010 0.67786 -0.73519 0.00000 -182.84885 0.73519 0.67786 -0.00000 -232.85955 -0.00000 0.00000 1.00000 0.00000
1567496096377257 0.68893 -0.72483 0.00000 -188.29687 0.72483 0.68893 -0.00000 -230.06874 -0.00000 0.00000 1.00000 0.00000
1567496096626094 0.70138 -0.71279 0.00000 -194.14809 0.71279 0.70138 -0.00000 -226.80897 -0.00000 0.00000 1.00000 0.00000
1567496096875592 0.71617 -0.69792 0.00000 -200.73863 0.69792 0.71617 -0.00000 -222.70210 -0.00000 0.00000 1.00000 0.00000
1567496097124690 0.73176 -0.68157 0.00000 -207.57159 0.68157 0.73176 -0.00000 -218.07389 -0.00000 0.00000 1.00000 0.00000
1567496097374330 0.74906 -0.66250 0.00000 -214.99347 0.66250 0.74906 -0.00000 -212.66712 -0.00000 0.00000 1.00000 0.00000
1567496097623552 0.76493 -0.64411 0.00000 -221.96328 0.64411 0.76493 -0.00000 -207.44933 -0.00000 0.00000 1.00000 0.00000
1567496097873048 0.78238 -0.62281 0.00000 -229.43714 0.62281 0.78238 -0.00000 -201.25296 -0.00000 0.00000 1.00000 0.00000
1567496098122692 0.80045 -0.59940 0.00000 -237.17513 0.59940 0.80045 -0.00000 -194.40478 -0.00000 0.00000 1.00000 0.00000
1567496098371761 0.82009 -0.57224 0.00000 -245.40161 0.57224 0.82009 -0.00000 -186.37199 -0.00000 0.00000 1.00000 0.00000
1567496098621900 0.84103 -0.54100 0.00000 -254.13042 0.54100 0.84103 -0.00000 -177.08968 -0.00000 0.00000 1.00000 0.00000
1567496098870709 0.86187 -0.50713 0.00000 -262.80168 0.50713 0.86187 -0.00000 -166.85488 -0.00000 0.00000 1.00000 0.00000
1567496099120136 0.88322 -0.46896 0.00000 -271.71054 0.46896 0.88322 -0.00000 -155.23167 -0.00000 0.00000 1.00000 0.00000
1567496099369399 0.90515 -0.42508 0.00000 -280.88158 0.42508 0.90515 -0.00000 -141.73922 -0.00000 0.00000 1.00000 0.00000
1567496099619284 0.92552 -0.37869 0.00000 -289.58978 0.37869 0.92552 -0.00000 -127.36174 -0.00000 0.00000 1.00000 0.00000
1567496099868919 0.94412 -0.32959 0.00000 -297.80946 0.32959 0.94412 -0.00000 -112.02823 -0.00000 0.00000 1.00000 0.00000
1567496100118770 0.96052 -0.27821 0.00000 -305.29941 0.27821 0.96052 -0.00000 -95.82944 -0.00000 0.00000 1.00000 0.00000
1567496100369525 0.97300 -0.23079 0.00000 -311.60424 0.23079 0.97300 -0.00000 -80.78601 -0.00000 0.00000 1.00000 0.00000
1567496100618466 0.98141 -0.19191 0.00000 -316.50088 0.19191 0.98141 -0.00000 -68.33746 -0.00000 0.00000 1.00000 0.00000
1567496100868466 0.98653 -0.16357 0.00000 -320.27322 0.16357 0.98653 -0.00000 -59.19110 -0.00000 0.00000 1.00000 0.00000
1567496101117424 0.99048 -0.13768 0.00000 -323.64605 0.13768 0.99048 -0.00000 -50.84685 -0.00000 0.00000 1.00000 0.00000
1567496101366663 0.99368 -0.11227 0.00000 -326.81034 0.11227 0.99368 -0.00000 -42.55515 -0.00000 0.00000 1.00000 0.00000
1567496101616703 0.99601 -0.08927 0.00000 -329.68173 0.08927 0.99601 -0.00000 -35.00217 -0.00000 0.00000 1.00000 0.00000
1567496101866283 0.99731 -0.07329 0.00000 -332.21142 0.07329 0.99731 -0.00000 -29.74331 -0.00000 0.00000 1.00000 0.00000
1567496102116560 0.99815 -0.06076 0.00000 -334.58175 0.06076 0.99815 -0.00000 -25.57727 -0.00000 0.00000 1.00000 0.00000
1567496102365647 0.99863 -0.05227 0.00000 -336.83988 0.05227 0.99863 -0.00000 -22.73304 -0.00000 0.00000 1.00000 0.00000
1567496102615469 0.99873 -0.05043 0.00000 -338.89074 0.05043 0.99873 -0.00000 -22.12575 -0.00000 0.00000 1.00000 0.00000
1567496102864891 0.99869 -0.05121 0.00000 -340.94255 0.05121 0.99869 -0.00000 -22.40684 -0.00000 0.00000 1.00000 0.00000
1567496103114240 0.99855 -0.05386 0.00000 -342.94538 0.05386 0.99855 -0.00000 -23.31117 -0.00000 0.00000 1.00000 0.00000
1567496103363683 0.99831 -0.05804 0.00000 -344.90346 0.05804 0.99831 -0.00000 -24.75547 -0.00000 0.00000 1.00000 0.00000
1567496103612813 0.99810 -0.06162 0.00000 -346.88178 0.06162 0.99810 -0.00000 -25.95929 -0.00000 0.00000 1.00000 0.00000
1567496103862855 0.99777 -0.06671 0.00000 -348.88700 0.06671 0.99777 -0.00000 -27.70566 -0.00000 0.00000 1.00000 0.00000
1567496104112598 0.99757 -0.06973 0.00000 -350.88985 0.06973 0.99757 -0.00000 -28.78796 -0.00000 0.00000 1.00000 0.00000
1567496104361948 0.99731 -0.07330 0.00000 -352.89817 0.07330 0.99731 -0.00000 -29.98146 -0.00000 0.00000 1.00000 0.00000
1567496104611871 0.99718 -0.07503 0.00000 -354.98125 0.07503 0.99718 -0.00000 -30.61612 -0.00000 0.00000 1.00000 0.00000
1567496104861611 0.99694 -0.07816 0.00000 -357.04768 0.07816 0.99694 -0.00000 -31.68577 -0.00000 0.00000 1.00000 0.00000
1567496105111526 0.99680 -0.07991 0.00000 -359.15526 0.07991 0.99680 -0.00000 -32.34295 -0.00000 0.00000 1.00000 0.00000
1567496105360392 0.99656 -0.08284 0.00000 -361.19451 0.08284 0.99656 -0.00000 -33.45215 -0.00000 0.00000 1.00000 0.00000
1567496105610628 0.99678 -0.08022 0.00000 -363.50441 0.08022 0.99678 -0.00000 -32.47543 -0.00000 0.00000 1.00000 0.00000
1567496105860239 0.99705 -0.07679 0.00000 -365.80640 0.07679 0.99705 -0.00000 -31.18384 -0.00000 0.00000 1.00000 0.00000
1567496106110117 0.99712 -0.07583 0.00000 -368.03504 0.07583 0.99712 -0.00000 -30.81123 -0.00000 0.00000 1.00000 0.00000
1567496106359938 0.99755 -0.06996 0.00000 -370.46235 0.06996 0.99755 -0.00000 -28.61857 -0.00000 0.00000 1.00000 0.00000
1567496106609707 0.99760 -0.06920 0.00000 -372.70593 0.06920 0.99760 -0.00000 -28.36145 -0.00000 0.00000 1.00000 0.00000
1567496106858412 0.99786 -0.06541 0.00000 -375.03071 0.06541 0.99786 -0.00000 -26.94120 -0.00000 0.00000 1.00000 0.00000
1567496107108321 0.99819 -0.06007 0.00000 -377.41225 0.06007 0.99819 -0.00000 -24.83993 -0.00000 0.00000 1.00000 0.00000
1567496107359514 0.99880 -0.04897 0.00000 -379.93662 0.04897 0.99880 -0.00000 -20.71038 -0.00000 0.00000 1.00000 0.00000
1567496107607877 0.99909 -0.04273 0.00000 -382.34370 0.04273 0.99909 -0.00000 -18.32505 -0.00000 0.00000 1.00000 0.00000
1567496107856731 0.99931 -0.03720 0.00000 -384.69420 0.03720 0.99931 -0.00000 -16.22321 -0.00000 0.00000 1.00000 0.00000
1567496108107880 0.99943 -0.03383 0.00000 -387.03319 0.03383 0.99943 -0.00000 -14.89082 -0.00000 0.00000 1.00000 0.00000
1567496108356618 0.99958 -0.02911 0.00000 -389.39347 0.02911 0.99958 -0.00000 -13.06531 -0.00000 0.00000 1.00000 0.00000
1567496108606214 0.99975 -0.02226 0.00000 -391.75654 0.02226 0.99975 -0.00000 -10.38459 -0.00000 0.00000 1.00000 0.00000
1567496108855611 0.99982 -0.01898 0.00000 -394.08141 0.01898 0.99982 -0.00000 -9.10821 -0.00000 0.00000 1.00000 0.00000
1567496109105175 0.99987 -0.01596 0.00000 -396.33804 0.01596 0.99987 -0.00000 -7.86706 -0.00000 0.00000 1.00000 0.00000
1567496109354603 0.99992 -0.01262 0.00000 -398.62912 0.01262 0.99992 -0.00000 -6.59557 -0.00000 0.00000 1.00000 0.00000
1567496109604149 0.99993 -0.01188 0.00000 -400.84809 0.01188 0.99993 -0.00000 -6.26869 -0.00000 0.00000 1.00000 0.00000
1567496109853407 0.99992 -0.01246 0.00000 -403.04327 0.01246 0.99992 -0.00000 -6.50755 -0.00000 0.00000 1.00000 0.00000
1567496110103382 0.99992 -0.01268 0.00000 -405.22831 0.01268 0.99992 -0.00000 -6.58585 -0.00000 0.00000 1.00000 0.00000
1567496110352670 0.99993 -0.01193 0.00000 -407.47715 0.01193 0.99993 -0.00000 -6.32432 -0.00000 0.00000 1.00000 0.00000
1567496110601996 0.99995 -0.01027 0.00000 -409.68534 0.01027 0.99995 -0.00000 -5.64942 -0.00000 0.00000 1.00000 0.00000
1567496110851055 0.99995 -0.01029 0.00000 -411.88573 0.01029 0.99995 -0.00000 -5.60321 -0.00000 0.00000 1.00000 0.00000
1567496111101356 0.99991 -0.01322 0.00000 -414.05105 0.01322 0.99991 -0.00000 -6.84782 -0.00000 0.00000 1.00000 0.00000
1567496111350626 0.99992 -0.01300 0.00000 -416.28174 0.01300 0.99992 -0.00000 -6.74600 -0.00000 0.00000 1.00000 0.00000
1567496111600354 0.99989 -0.01496 0.00000 -418.44061 0.01496 0.99989 -0.00000 -7.55362 -0.00000 0.00000 1.00000 0.00000
1567496111850027 0.99988 -0.01525 0.00000 -420.67273 0.01525 0.99988 -0.00000 -7.70622 -0.00000 0.00000 1.00000 0.00000
1567496112099076 0.99983 -0.01828 0.00000 -422.76437 0.01828 0.99983 -0.00000 -9.06345 -0.00000 0.00000 1.00000 0.00000
1567496112348443 0.99989 -0.01457 0.00000 -424.96516 0.01457 0.99989 -0.00000 -7.43652 -0.00000 0.00000 1.00000 0.00000
1567496112598053 0.99990 -0.01425 0.00000 -427.11869 0.01425 0.99990 -0.00000 -7.30127 -0.00000 0.00000 1.00000 0.00000
1567496112847558 0.99992 -0.01299 0.00000 -429.23917 0.01299 0.99992 -0.00000 -6.75723 -0.00000 0.00000 1.00000 0.00000
1567496113097215 0.99993 -0.01219 0.00000 -431.34287 0.01219 0.99993 -0.00000 -6.44639 -0.00000 0.00000 1.00000 0.00000
1567496113346212 0.99997 -0.00783 0.00000 -433.44931 0.00783 0.99997 -0.00000 -4.54279 -0.00000 0.00000 1.00000 0.00000
1567496113595860 1.00000 -0.00308 0.00000 -435.55273 0.00308 1.00000 -0.00000 -2.47377 -0.00000 0.00000 1.00000 0.00000
1567496113844895 1.00000 0.00163 -0.00000 -437.63826 -0.00163 1.00000 0.00000 -0.41135 0.00000 -0.00000 1.00000 0.00000
1567496114093853 1.00000 0.00158 -0.00000 -439.63337 -0.00158 1.00000 0.00000 -0.42046 0.00000 -0.00000 1.00000 0.00000
1567496114343976 0.99998 0.00585 -0.00000 -441.65875 -0.00585 0.99998 0.00000 1.42910 0.00000 -0.00000 1.00000 0.00000
1567496114592980 0.99998 0.00634 -0.00000 -443.66524 -0.00634 0.99998 0.00000 1.66425 0.00000 -0.00000 1.00000 0.00000
1567496114842650 0.99997 0.00783 -0.00000 -445.62106 -0.00783 0.99997 0.00000 2.30518 0.00000 -0.00000 1.00000 0.00000
1567496115092437 0.99996 0.00908 -0.00000 -447.61207 -0.00908 0.99996 0.00000 2.84328 0.00000 -0.00000 1.00000 0.00000
1567496115341574 0.99995 0.01035 -0.00000 -449.54961 -0.01035 0.99995 0.00000 3.37264 0.00000 -0.00000 1.00000 0.00000
1567496115590983 0.99994 0.01070 -0.00000 -451.43136 -0.01070 0.99994 0.00000 3.55380 0.00000 -0.00000 1.00000 0.00000
1567496115840084 0.99995 0.00977 -0.00000 -453.36607 -0.00977 0.99995 0.00000 3.13809 0.00000 -0.00000 1.00000 0.00000
1567496116089399 0.99996 0.00868 -0.00000 -455.26579 -0.00868 0.99996 0.00000 2.63707 0.00000 -0.00000 1.00000 0.00000
1567496116339059 0.99998 0.00564 -0.00000 -457.14831 -0.00564 0.99998 0.00000 1.24940 0.00000 -0.00000 1.00000 0.00000
1567496116587775 0.99998 0.00577 -0.00000 -459.00419 -0.00577 0.99998 0.00000 1.26030 0.00000 -0.00000 1.00000 0.00000
1567496116836421 0.99999 0.00425 -0.00000 -460.74733 -0.00425 0.99999 0.00000 0.59295 0.00000 -0.00000 1.00000 0.00000
1567496117086189 1.00000 0.00173 -0.00000 -462.45399 -0.00173 1.00000 0.00000 -0.54938 0.00000 -0.00000 1.00000 0.00000
1567496117335086 1.00000 0.00022 -0.00000 -464.10863 -0.00022 1.00000 0.00000 -1.25680 0.00000 -0.00000 1.00000 0.00000
1567496117584271 0.99999 -0.00448 0.00000 -465.66995 0.00448 0.99999 -0.00000 -3.41699 -0.00000 0.00000 1.00000 0.00000
1567496117833397 0.99994 -0.01058 0.00000 -467.16887 0.01058 0.99994 -0.00000 -6.25323 -0.00000 0.00000 1.00000 0.00000
1567496118082946 0.99979 -0.02038 0.00000 -468.55058 0.02038 0.99979 -0.00000 -10.79424 -0.00000 0.00000 1.00000 0.00000
1567496118332578 0.99939 -0.03497 0.00000 -469.72293 0.03497 0.99939 -0.00000 -17.58906 -0.00000 0.00000 1.00000 0.00000
1567496118582155 0.99828 -0.05864 0.00000 -470.53703 0.05864 0.99828 -0.00000 -28.70997 -0.00000 0.00000 1.00000 0.00000
1567496118831140 0.99525 -0.09739 0.00000 -470.43192 0.09739 0.99525 -0.00000 -46.97178 -0.00000 0.00000 1.00000 0.00000
1567496119080578 0.98913 -0.14701 0.00000 -468.68317 0.14701 0.98913 -0.00000 -70.30496 -0.00000 0.00000 1.00000 0.00000
1567496119329474 0.97852 -0.20614 0.00000 -464.88918 0.20614 0.97852 -0.00000 -98.32148 -0.00000 0.00000 1.00000 0.00000
1567496119578972 0.96421 -0.26513 0.00000 -459.24047 0.26513 0.96421 -0.00000 -126.25760 -0.00000 0.00000 1.00000 0.00000
1567496119828534 0.94416 -0.32948 0.00000 -450.94922 0.32948 0.94416 -0.00000 -156.77313 -0.00000 0.00000 1.00000 0.00000
1567496120077921 0.91846 -0.39550 0.00000 -439.88478 0.39550 0.91846 -0.00000 -188.29987 -0.00000 0.00000 1.00000 0.00000
1567496120327163 0.88718 -0.46143 0.00000 -426.14095 0.46143 0.88718 -0.00000 -219.82606 -0.00000 0.00000 1.00000 0.00000
1567496120576319 0.84907 -0.52828 0.00000 -409.17846 0.52828 0.84907 -0.00000 -251.86459 -0.00000 0.00000 1.00000 0.00000
1567496120826270 0.80368 -0.59506 0.00000 -388.69905 0.59506 0.80368 -0.00000 -283.95749 -0.00000 0.00000 1.00000 0.00000
1567496121075563 0.74874 -0.66286 0.00000 -363.66213 0.66286 0.74874 -0.00000 -316.71115 -0.00000 0.00000 1.00000 0.00000
1567496121325034 0.68283 -0.73057 0.00000 -333.31618 0.73057 0.68283 -0.00000 -349.49904 -0.00000 0.00000 1.00000 0.00000
1567496121574013 0.60903 -0.79315 0.00000 -299.11847 0.79315 0.60903 -0.00000 -379.97924 -0.00000 0.00000 1.00000 0.00000
1567496121823226 0.52453 -0.85139 0.00000 -259.82926 0.85139 0.52453 -0.00000 -408.59650 -0.00000 0.00000 1.00000 0.00000
1567496122072827 0.43692 -0.89950 0.00000 -218.93727 0.89950 0.43692 -0.00000 -432.36627 -0.00000 0.00000 1.00000 0.00000
1567496122322117 0.34565 -0.93836 0.00000 -176.23815 0.93836 0.34565 -0.00000 -451.85827 -0.00000 0.00000 1.00000 0.00000
1567496122571555 0.27279 -0.96207 0.00000 -142.35599 0.96207 0.27279 -0.00000 -463.97948 -0.00000 0.00000 1.00000 0.00000
1567496122821083 0.21812 -0.97592 0.00000 -117.26623 0.97592 0.21812 -0.00000 -471.14237 -0.00000 0.00000 1.00000 0.00000
1567496123070229 0.17713 -0.98419 0.00000 -98.77218 0.98419 0.17713 -0.00000 -475.63237 -0.00000 0.00000 1.00000 0.00000
1567496123320171 0.14809 -0.98897 0.00000 -86.12362 0.98897 0.14809 -0.00000 -478.31516 -0.00000 0.00000 1.00000 0.00000
1567496123569899 0.12662 -0.99195 0.00000 -77.12347 0.99195 0.12662 -0.00000 -480.04677 -0.00000 0.00000 1.00000 0.00000
1567496123819142 0.10471 -0.99450 0.00000 -67.94798 0.99450 0.10471 -0.00000 -481.56389 -0.00000 0.00000 1.00000 0.00000
1567496124068886 0.08756 -0.99616 0.00000 -61.10773 0.99616 0.08756 -0.00000 -482.65757 -0.00000 0.00000 1.00000 0.00000
1567496124318467 0.07414 -0.99725 0.00000 -56.07494 0.99725 0.07414 -0.00000 -483.45958 -0.00000 0.00000 1.00000 0.00000
1567496124567914 0.06294 -0.99802 0.00000 -52.17886 0.99802 0.06294 -0.00000 -484.01538 -0.00000 0.00000 1.00000 0.00000
1567496124816799 0.04918 -0.99879 0.00000 -47.10794 0.99879 0.04918 -0.00000 -484.69440 -0.00000 0.00000 1.00000 0.00000
1567496125066788 0.03822 -0.99927 0.00000 -43.36592 0.99927 0.03822 -0.00000 -485.15835 -0.00000 0.00000 1.00000 0.00000
1567496125316423 0.02791 -0.99961 0.00000 -40.03315 0.99961 0.02791 -0.00000 -485.53259 -0.00000 0.00000 1.00000 0.00000
1567496125565309 0.01434 -0.99990 0.00000 -35.09908 0.99990 0.01434 -0.00000 -486.08223 -0.00000 0.00000 1.00000 0.00000
1567496125814692 0.00401 -0.99999 0.00000 -31.80669 0.99999 0.00401 -0.00000 -486.39151 -0.00000 0.00000 1.00000 0.00000
1567496126064926 -0.00750 -0.99997 0.00000 -27.94645 0.99997 -0.00750 0.00000 -486.66966 0.00000 0.00000 1.00000 0.00000
1567496126313932 -0.01704 -0.99985 0.00000 -25.09826 0.99985 -0.01704 0.00000 -486.92176 0.00000 0.00000 1.00000 0.00000
1567496126563326 -0.02527 -0.99968 0.00000 -22.89489 0.99968 -0.02527 0.00000 -487.08080 0.00000 0.00000 1.00000 0.00000
1567496126812995 -0.02931 -0.99957 0.00000 -22.77618 0.99957 -0.02931 0.00000 -487.17825 0.00000 0.00000 1.00000 0.00000
1567496127062752 -0.03417 -0.99942 0.00000 -22.31360 0.99942 -0.03417 0.00000 -487.26682 0.00000 0.00000 1.00000 0.00000
1567496127312321 -0.03744 -0.99930 0.00000 -22.63190 0.99930 -0.03744 0.00000 -487.33921 0.00000 0.00000 1.00000 0.00000
