1564718977663696 0.98833 0.15236 -0.00000 -6.71050 -0.15236 0.98833 0.00000 0.31014 0.00000 -0.00000 1.00000 0.00000
1564718977914059 0.98372 0.17969 -0.00000 -7.55058 -0.17969 0.98372 0.00000 0.45917 0.00000 -0.00000 1.00000 0.00000
1564718978164186 0.97762 0.21036 -0.00000 -8.43940 -0.21036 0.97762 0.00000 0.66659 0.00000 -0.00000 1.00000 0.00000
1564718978415483 0.97081 0.23985 -0.00000 -9.37677 -0.23985 0.97081 0.00000 0.87932 0.00000 -0.00000 1.00000 0.00000
1564718978665729 0.96374 0.26685 -0.00000 -10.33309 -0.26685 0.96374 0.00000 1.09248 0.00000 -0.00000 1.00000 0.00000
1564718978915990 0.95685 0.29060 -0.00000 -11.30517 -0.29060 0.95685 0.00000 1.33008 0.00000 -0.00000 1.00000 0.00000
1564718979166553 0.95075 0.30995 -0.00000 -12.35554 -0.30995 0.95075 0.00000 1.50352 0.00000 -0.00000 1.00000 0.00000
1564718979417842 0.94616 0.32370 -0.00000 -13.42217 -0.32370 0.94616 0.00000 1.69006 0.00000 -0.00000 1.00000 0.00000
1564718979668768 0.94432 0.32904 -0.00000 -14.56351 -0.32904 0.94432 0.00000 1.73260 0.00000 -0.00000 1.00000 0.00000
1564718979918879 0.94336 0.33176 -0.00000 -15.73833 -0.33176 0.94336 0.00000 1.75344 0.00000 -0.00000 1.00000 0.00000
1564718980169365 0.94368 0.33087 -0.00000 -16.95585 -0.33087 0.94368 0.00000 1.74586 0.00000 -0.00000 1.00000 0.00000
1564718980420800 0.94321 0.33220 -0.00000 -18.21320 -0.33220 0.94321 0.00000 1.76247 0.00000 -0.00000 1.00000 0.00000
1564718980670424 0.94417 0.32945 -0.00000 -19.52205 -0.32945 0.94417 0.00000 1.73176 0.00000 -0.00000 1.00000 0.00000
1564718980920502 0.94455 0.32837 -0.00000 -20.85101 -0.32837 0.94455 0.00000 1.70626 0.00000 -0.00000 1.00000 0.00000
1564718981170678 0.94487 0.32746 -0.00000 -22.19606 -0.32746 0.94487 0.00000 1.63986 0.00000 -0.00000 1.00000 0.00000
1564718981421350 0.94393 0.33015 -0.00000 -23.56387 -0.33015 0.94393 0.00000 1.71431 0.00000 -0.00000 1.00000 0.00000
1564718981671646 0.94169 0.33649 -0.00000 -24.97279 -0.33649 0.94169 0.00000 1.84551 0.00000 -0.00000 1.00000 0.00000
1564718981921895 0.93935 0.34296 -0.00000 -26.44525 -0.34296 0.93935 0.00000 1.94082 0.00000 -0.00000 1.00000 0.00000
1564718982172353 0.93756 0.34783 -0.00000 -27.92257 -0.34783 0.93756 0.00000 2.06716 0.00000 -0.00000 1.00000 0.00000
1564718982423172 0.93367 0.35815 -0.00000 -29.41172 -0.35815 0.93367 0.00000 2.31190 0.00000 -0.00000 1.00000 0.00000
1564718982674261 0.92856 0.37118 -0.00000 -30.95554 -0.37118 0.92856 0.00000 2.76678 0.00000 -0.00000 1.00000 0.00000
1564718982924224 0.92328 0.38413 -0.00000 -32.48669 -0.38413 0.92328 0.00000 3.12715 0.00000 -0.00000 1.00000 0.00000
1564718983174398 0.91652 0.40000 -0.00000 -34.06633 -0.40000 0.91652 0.00000 3.65113 0.00000 -0.00000 1.00000 0.00000
1564718983424771 0.90723 0.42063 -0.00000 -35.65576 -0.42063 0.90723 0.00000 4.37751 0.00000 -0.00000 1.00000 0.00000
1564718983675983 0.89564 0.44479 -0.00000 -37.24430 -0.44479 0.89564 0.00000 5.28524 0.00000 -0.00000 1.00000 0.00000
1564718983926542 0.88138 0.47240 -0.00000 -38.82924 -0.47240 0.88138 0.00000 6.37710 0.00000 -0.00000 1.00000 0.00000
1564718984175593 0.86736 0.49768 -0.00000 -40.44599 -0.49768 0.86736 0.00000 7.50379 0.00000 -0.00000 1.00000 0.00000
1564718984425904 0.85104 0.52509 -0.00000 -42.02255 -0.52509 0.85104 0.00000 8.76726 0.00000 -0.00000 1.00000 0.00000
1564718984676392 0.83430 0.55131 -0.00000 -43.61284 -0.55131 0.83430 0.00000 10.00958 0.00000 -0.00000 1.00000 0.00000
1564718984926656 0.81747 0.57598 -0.00000 -45.20995 -0.57598 0.81747 0.00000 11.25493 0.00000 -0.00000 1.00000 0.00000
1564718985177860 0.80099 0.59867 -0.00000 -46.82163 -0.59867 0.80099 0.00000 12.48935 0.00000 -0.00000 1.00000 0.00000
1564718985428174 0.78929 0.61402 -0.00000 -48.53336 -0.61402 0.78929 0.00000 13.32047 0.00000 -0.00000 1.00000 0.00000
1564718985678474 0.78133 0.62412 -0.00000 -50.33097 -0.62412 0.78133 0.00000 13.91772 0.00000 -0.00000 1.00000 0.00000
1564718985929491 0.77229 0.63527 -0.00000 -52.12396 -0.63527 0.77229 0.00000 14.64458 0.00000 -0.00000 1.00000 0.00000
1564718986178608 0.76506 0.64395 -0.00000 -53.99344 -0.64395 0.76506 0.00000 15.21422 0.00000 -0.00000 1.00000 0.00000
1564718986428674 0.75869 0.65146 -0.00000 -55.87681 -0.65146 0.75869 0.00000 15.70638 0.00000 -0.00000 1.00000 0.00000
1564718986679023 0.75353 0.65741 -0.00000 -57.80989 -0.65741 0.75353 0.00000 16.11623 0.00000 -0.00000 1.00000 0.00000
1564718986929175 0.75412 0.65674 -0.00000 -59.92572 -0.65674 0.75412 0.00000 16.04229 0.00000 -0.00000 1.00000 0.00000
1564718987179531 0.75531 0.65537 -0.00000 -61.98816 -0.65537 0.75531 0.00000 15.89758 0.00000 -0.00000 1.00000 0.00000
1564718987429648 0.75783 0.65246 -0.00000 -64.12500 -0.65246 0.75783 0.00000 15.65952 0.00000 -0.00000 1.00000 0.00000
1564718987680265 0.75919 0.65087 -0.00000 -66.20794 -0.65087 0.75919 0.00000 15.49228 0.00000 -0.00000 1.00000 0.00000
1564718987930777 0.76195 0.64763 -0.00000 -68.26601 -0.64763 0.76195 0.00000 15.15280 0.00000 -0.00000 1.00000 0.00000
1564718988180460 0.76806 0.64038 -0.00000 -70.40409 -0.64038 0.76806 0.00000 14.50214 0.00000 -0.00000 1.00000 0.00000
1564718988431390 0.77395 0.63325 -0.00000 -72.56367 -0.63325 0.77395 0.00000 13.88624 0.00000 -0.00000 1.00000 0.00000
1564718988680326 0.78201 0.62327 -0.00000 -74.74889 -0.62327 0.78201 0.00000 12.92723 0.00000 -0.00000 1.00000 0.00000
1564718988931150 0.79077 0.61211 -0.00000 -76.92594 -0.61211 0.79077 0.00000 11.84783 0.00000 -0.00000 1.00000 0.00000
1564718989180571 0.79982 0.60025 -0.00000 -79.13526 -0.60025 0.79982 0.00000 10.68275 0.00000 -0.00000 1.00000 0.00000
1564718989431513 0.80800 0.58919 -0.00000 -81.27066 -0.58919 0.80800 0.00000 9.60491 0.00000 -0.00000 1.00000 0.00000
1564718989681898 0.81751 0.57592 -0.00000 -83.46080 -0.57592 0.81751 0.00000 8.25326 0.00000 -0.00000 1.00000 0.00000
1564718989932423 0.82694 0.56229 -0.00000 -85.61765 -0.56229 0.82694 0.00000 6.87964 0.00000 -0.00000 1.00000 0.00000
1564718990182409 0.83891 0.54427 -0.00000 -87.75203 -0.54427 0.83891 0.00000 4.99268 0.00000 -0.00000 1.00000 0.00000
1564718990432558 0.85046 0.52603 -0.00000 -89.86636 -0.52603 0.85046 0.00000 3.05801 0.00000 -0.00000 1.00000 0.00000
1564718990682749 0.86140 0.50793 -0.00000 -91.91934 -0.50793 0.86140 0.00000 1.14924 0.00000 -0.00000 1.00000 0.00000
1564718990933330 0.87311 0.48752 -0.00000 -93.97130 -0.48752 0.87311 0.00000 -1.01262 0.00000 -0.00000 1.00000 0.00000
1564718991183637 0.88383 0.46780 -0.00000 -95.99940 -0.46780 0.88383 0.00000 -3.09448 0.00000 -0.00000 1.00000 0.00000
1564718991434059 0.89527 0.44553 -0.00000 -97.98456 -0.44553 0.89527 0.00000 -5.51240 0.00000 -0.00000 1.00000 0.00000
1564718991684437 0.90551 0.42433 -0.00000 -99.85237 -0.42433 0.90551 0.00000 -7.80338 0.00000 -0.00000 1.00000 0.00000
1564718991934725 0.91559 0.40210 -0.00000 -101.68789 -0.40210 0.91559 0.00000 -10.25212 0.00000 -0.00000 1.00000 0.00000
1564718992185213 0.92513 0.37965 -0.00000 -103.46511 -0.37965 0.92513 0.00000 -12.74135 0.00000 -0.00000 1.00000 0.00000
1564718992435208 0.93425 0.35662 -0.00000 -105.21522 -0.35662 0.93425 0.00000 -15.30034 0.00000 -0.00000 1.00000 0.00000
1564718992684601 0.94245 0.33436 -0.00000 -106.92133 -0.33436 0.94245 0.00000 -17.78962 0.00000 -0.00000 1.00000 0.00000
1564718992935097 0.94922 0.31460 -0.00000 -108.61566 -0.31460 0.94922 0.00000 -20.02529 0.00000 -0.00000 1.00000 0.00000
1564718993185284 0.95538 0.29537 -0.00000 -110.29462 -0.29537 0.95538 0.00000 -22.20119 0.00000 -0.00000 1.00000 0.00000
1564718993435400 0.96055 0.27812 -0.00000 -112.00505 -0.27812 0.96055 0.00000 -24.18852 0.00000 -0.00000 1.00000 0.00000
1564718993685763 0.96511 0.26186 -0.00000 -113.70894 -0.26186 0.96511 0.00000 -26.09105 0.00000 -0.00000 1.00000 0.00000
1564718993935835 0.96923 0.24615 -0.00000 -115.37750 -0.24615 0.96923 0.00000 -27.93328 0.00000 -0.00000 1.00000 0.00000
1564718994186303 0.97335 0.22930 -0.00000 -117.05218 -0.22930 0.97335 0.00000 -29.97331 0.00000 -0.00000 1.00000 0.00000
1564718994436138 0.97782 0.20943 -0.00000 -118.56355 -0.20943 0.97782 0.00000 -32.32537 0.00000 -0.00000 1.00000 0.00000
1564718994688191 0.98135 0.19222 -0.00000 -120.10028 -0.19222 0.98135 0.00000 -34.41523 0.00000 -0.00000 1.00000 0.00000
1564718994938898 0.98513 0.17179 -0.00000 -121.52150 -0.17179 0.98513 0.00000 -36.94793 0.00000 -0.00000 1.00000 0.00000
1564718995188289 0.98834 0.15224 -0.00000 -122.89690 -0.15224 0.98834 0.00000 -39.31522 0.00000 -0.00000 1.00000 0.00000
1564718995438662 0.99126 0.13192 -0.00000 -124.24072 -0.13192 0.99126 0.00000 -41.84060 0.00000 -0.00000 1.00000 0.00000
1564718995689352 0.99372 0.11187 -0.00000 -125.60282 -0.11187 0.99372 0.00000 -44.33882 0.00000 -0.00000 1.00000 0.00000
1564718995938679 0.99570 0.09262 -0.00000 -126.91946 -0.09262 0.99570 0.00000 -46.76594 0.00000 -0.00000 1.00000 0.00000
1564718996189084 0.99726 0.07398 -0.00000 -128.23532 -0.07398 0.99726 0.00000 -49.14619 0.00000 -0.00000 1.00000 0.00000
1564718996440221 0.99856 0.05364 -0.00000 -129.41542 -0.05364 0.99856 0.00000 -51.76519 0.00000 -0.00000 1.00000 0.00000
1564718996690742 0.99946 0.03283 -0.00000 -130.51265 -0.03283 0.99946 0.00000 -54.48102 0.00000 -0.00000 1.00000 0.00000
1564718996941499 0.99991 0.01355 -0.00000 -131.64941 -0.01355 0.99991 0.00000 -56.97351 0.00000 -0.00000 1.00000 0.00000
1564718997191494 1.00000 -0.00273 0.00000 -132.96887 0.00273 1.00000 -0.00000 -59.12757 -0.00000 0.00000 1.00000 0.00000
1564718997442117 0.99979 -0.02069 0.00000 -134.12519 0.02069 0.99979 -0.00000 -61.50448 -0.00000 0.00000 1.00000 0.00000
1564718997692585 0.99933 -0.03669 0.00000 -135.42855 0.03669 0.99933 -0.00000 -63.66064 -0.00000 0.00000 1.00000 0.00000
1564718997942988 0.99856 -0.05374 0.00000 -136.63977 0.05374 0.99856 -0.00000 -65.97612 -0.00000 0.00000 1.00000 0.00000
1564718998191904 0.99750 -0.07071 0.00000 -137.79361 0.07071 0.99750 -0.00000 -68.28280 -0.00000 0.00000 1.00000 0.00000
1564718998442780 0.99600 -0.08933 0.00000 -138.82296 0.08933 0.99600 -0.00000 -70.86616 -0.00000 0.00000 1.00000 0.00000
1564718998693162 0.99401 -0.10933 0.00000 -139.72315 0.10933 0.99401 -0.00000 -73.66546 -0.00000 0.00000 1.00000 0.00000
1564718998943101 0.99184 -0.12746 0.00000 -140.68071 0.12746 0.99184 -0.00000 -76.22254 -0.00000 0.00000 1.00000 0.00000
1564718999193840 0.98884 -0.14896 0.00000 -141.41789 0.14896 0.98884 -0.00000 -79.24709 -0.00000 0.00000 1.00000 0.00000
1564718999443854 0.98568 -0.16863 0.00000 -142.20527 0.16863 0.98568 -0.00000 -82.04053 -0.00000 0.00000 1.00000 0.00000
1564718999695371 0.98234 -0.18712 0.00000 -143.04341 0.18712 0.98234 -0.00000 -84.72453 -0.00000 0.00000 1.00000 0.00000
1564718999944884 0.97900 -0.20385 0.00000 -144.01983 0.20385 0.97900 -0.00000 -87.16898 -0.00000 0.00000 1.00000 0.00000
1564719000195599 0.97523 -0.22119 0.00000 -144.85938 0.22119 0.97523 -0.00000 -89.69906 -0.00000 0.00000 1.00000 0.00000
1564719000445958 0.97099 -0.23914 0.00000 -145.62414 0.23914 0.97099 -0.00000 -92.37273 -0.00000 0.00000 1.00000 0.00000
1564719000696512 0.96688 -0.25525 0.00000 -146.54956 0.25525 0.96688 -0.00000 -94.82434 -0.00000 0.00000 1.00000 0.00000
1564719000947006 0.96278 -0.27029 0.00000 -147.55786 0.27029 0.96278 -0.00000 -97.09350 -0.00000 0.00000 1.00000 0.00000
1564719001196448 0.95796 -0.28690 0.00000 -148.29896 0.28690 0.95796 -0.00000 -99.65023 -0.00000 0.00000 1.00000 0.00000
1564719001446824 0.95329 -0.30205 0.00000 -149.21395 0.30205 0.95329 -0.00000 -101.96597 -0.00000 0.00000 1.00000 0.00000
1564719001696884 0.94933 -0.31429 0.00000 -150.39874 0.31429 0.94933 -0.00000 -103.88008 -0.00000 0.00000 1.00000 0.00000
1564719001947351 0.94531 -0.32616 0.00000 -151.62024 0.32616 0.94531 -0.00000 -105.75692 -0.00000 0.00000 1.00000 0.00000
1564719002197261 0.93981 -0.34171 0.00000 -152.36172 0.34171 0.93981 -0.00000 -108.26218 -0.00000 0.00000 1.00000 0.00000
1564719002447812 0.93347 -0.35865 0.00000 -152.94629 0.35865 0.93347 -0.00000 -111.00224 -0.00000 0.00000 1.00000 0.00000
1564719002697694 0.92621 -0.37701 0.00000 -153.32296 0.37701 0.92621 -0.00000 -114.02686 -0.00000 0.00000 1.00000 0.00000
1564719002948409 0.91887 -0.39456 0.00000 -153.68130 0.39456 0.91887 -0.00000 -116.88984 -0.00000 0.00000 1.00000 0.00000
1564719003198863 0.90918 -0.41641 0.00000 -153.39391 0.41641 0.90918 -0.00000 -120.53099 -0.00000 0.00000 1.00000 0.00000
1564719003448808 0.89833 -0.43932 0.00000 -152.83926 0.43932 0.89833 -0.00000 -124.47384 -0.00000 0.00000 1.00000 0.00000
1564719003698874 0.88553 -0.46458 0.00000 -151.71863 0.46458 0.88553 -0.00000 -128.73308 -0.00000 0.00000 1.00000 0.00000
1564719003949267 0.87201 -0.48949 0.00000 -150.45767 0.48949 0.87201 -0.00000 -132.97943 -0.00000 0.00000 1.00000 0.00000
1564719004198695 0.85838 -0.51302 0.00000 -149.28915 0.51302 0.85838 -0.00000 -137.03833 -0.00000 0.00000 1.00000 0.00000
1564719004448739 0.84373 -0.53676 0.00000 -147.84725 0.53676 0.84373 -0.00000 -141.14001 -0.00000 0.00000 1.00000 0.00000
1564719004698732 0.82855 -0.55992 0.00000 -146.35148 0.55992 0.82855 -0.00000 -145.20997 -0.00000 0.00000 1.00000 0.00000
1564719004949478 0.81253 -0.58293 0.00000 -144.63688 0.58293 0.81253 -0.00000 -149.26631 -0.00000 0.00000 1.00000 0.00000
1564719005199968 0.79454 -0.60721 0.00000 -142.48441 0.60721 0.79454 -0.00000 -153.61196 -0.00000 0.00000 1.00000 0.00000
1564719005450483 0.77560 -0.63122 0.00000 -140.16388 0.63122 0.77560 -0.00000 -157.91099 -0.00000 0.00000 1.00000 0.00000
1564719005699955 0.75584 -0.65475 0.00000 -137.62787 0.65475 0.75584 -0.00000 -162.18435 -0.00000 0.00000 1.00000 0.00000
1564719005950440 0.73643 -0.67652 0.00000 -135.23293 0.67652 0.73643 -0.00000 -166.11477 -0.00000 0.00000 1.00000 0.00000
1564719006200566 0.71611 -0.69799 0.00000 -132.60356 0.69799 0.71611 -0.00000 -169.99486 -0.00000 0.00000 1.00000 0.00000
1564719006450693 0.69630 -0.71775 0.00000 -130.11629 0.71775 0.69630 -0.00000 -173.66765 -0.00000 0.00000 1.00000 0.00000
1564719006700620 0.67812 -0.73495 0.00000 -128.08377 0.73495 0.67812 -0.00000 -176.95815 -0.00000 0.00000 1.00000 0.00000
1564719006950662 0.66599 -0.74596 0.00000 -127.51093 0.74596 0.66599 -0.00000 -178.99998 -0.00000 0.00000 1.00000 0.00000
1564719007200239 0.65656 -0.75427 0.00000 -127.53760 0.75427 0.65656 -0.00000 -180.59182 -0.00000 0.00000 1.00000 0.00000
1564719007450133 0.64724 -0.76229 0.00000 -127.61533 0.76229 0.64724 -0.00000 -182.22397 -0.00000 0.00000 1.00000 0.00000
1564719007700305 0.63899 -0.76922 0.00000 -127.90691 0.76922 0.63899 -0.00000 -183.64816 -0.00000 0.00000 1.00000 0.00000
1564719007951403 0.63572 -0.77192 0.00000 -129.38148 0.77192 0.63572 -0.00000 -184.20838 -0.00000 0.00000 1.00000 0.00000
1564719008200715 0.63742 -0.77052 0.00000 -132.05902 0.77052 0.63742 -0.00000 -183.93127 -0.00000 0.00000 1.00000 0.00000
1564719008450855 0.64203 -0.76668 0.00000 -135.43527 0.76668 0.64203 -0.00000 -183.17629 -0.00000 0.00000 1.00000 0.00000
1564719008701308 0.64845 -0.76126 0.00000 -139.24345 0.76126 0.64845 -0.00000 -182.04835 -0.00000 0.00000 1.00000 0.00000
1564719008951448 0.65496 -0.75566 0.00000 -143.03055 0.75566 0.65496 -0.00000 -180.87550 -0.00000 0.00000 1.00000 0.00000
1564719009201017 0.66663 -0.74539 0.00000 -148.05265 0.74539 0.66663 -0.00000 -178.65845 -0.00000 0.00000 1.00000 0.00000
1564719009450245 0.67960 -0.73358 0.00000 -153.37452 0.73358 0.67960 -0.00000 -176.04807 -0.00000 0.00000 1.00000 0.00000
1564719009700899 0.69488 -0.71913 0.00000 -159.29097 0.71913 0.69488 -0.00000 -172.80601 -0.00000 0.00000 1.00000 0.00000
1564719009951521 0.71206 -0.70211 0.00000 -165.59550 0.70211 0.71206 -0.00000 -168.93085 -0.00000 0.00000 1.00000 0.00000
1564719010201706 0.73132 -0.68203 0.00000 -172.44357 0.68203 0.73132 -0.00000 -164.29542 -0.00000 0.00000 1.00000 0.00000
1564719010452274 0.74991 -0.66154 0.00000 -179.14916 0.66154 0.74991 -0.00000 -159.50550 -0.00000 0.00000 1.00000 0.00000
1564719010704335 0.77380 -0.63344 0.00000 -187.10807 0.63344 0.77380 -0.00000 -152.82467 -0.00000 0.00000 1.00000 0.00000
1564719010952658 0.79721 -0.60371 0.00000 -194.97690 0.60371 0.79721 -0.00000 -145.69007 -0.00000 0.00000 1.00000 0.00000
1564719011202749 0.82287 -0.56824 0.00000 -203.39428 0.56824 0.82287 -0.00000 -137.03261 -0.00000 0.00000 1.00000 0.00000
1564719011453711 0.84868 -0.52890 0.00000 -211.85252 0.52890 0.84868 -0.00000 -127.34821 -0.00000 0.00000 1.00000 0.00000
1564719011704808 0.87271 -0.48823 0.00000 -219.86469 0.48823 0.87271 -0.00000 -117.22572 -0.00000 0.00000 1.00000 0.00000
1564719011954429 0.89600 -0.44405 0.00000 -227.74494 0.44405 0.89600 -0.00000 -106.08863 -0.00000 0.00000 1.00000 0.00000
1564719012204716 0.91654 -0.39995 0.00000 -234.93072 0.39995 0.91654 -0.00000 -94.96271 -0.00000 0.00000 1.00000 0.00000
1564719012453800 0.93531 -0.35383 0.00000 -241.62541 0.35383 0.93531 -0.00000 -83.14715 -0.00000 0.00000 1.00000 0.00000
1564719012704300 0.95022 -0.31159 0.00000 -247.48491 0.31159 0.95022 -0.00000 -72.27338 -0.00000 0.00000 1.00000 0.00000
1564719012954770 0.96006 -0.27981 0.00000 -252.06148 0.27981 0.96006 -0.00000 -64.02541 -0.00000 0.00000 1.00000 0.00000
1564719013204215 0.96664 -0.25613 0.00000 -255.93481 0.25613 0.96664 -0.00000 -57.86817 -0.00000 0.00000 1.00000 0.00000
1564719013455314 0.97256 -0.23265 0.00000 -259.60976 0.23265 0.97256 -0.00000 -51.66400 -0.00000 0.00000 1.00000 0.00000
1564719013705146 0.97633 -0.21629 0.00000 -262.85197 0.21629 0.97633 -0.00000 -47.32023 -0.00000 0.00000 1.00000 0.00000
1564719013955674 0.97937 -0.20207 0.00000 -265.92015 0.20207 0.97937 -0.00000 -43.55971 -0.00000 0.00000 1.00000 0.00000
1564719014205984 0.98172 -0.19031 0.00000 -268.86036 0.19031 0.98172 -0.00000 -40.36909 -0.00000 0.00000 1.00000 0.00000
1564719014456331 0.98384 -0.17903 0.00000 -271.73439 0.17903 0.98384 -0.00000 -37.36186 -0.00000 0.00000 1.00000 0.00000
1564719014706497 0.98521 -0.17136 0.00000 -274.49604 0.17136 0.98521 -0.00000 -35.24066 -0.00000 0.00000 1.00000 0.00000
1564719014955948 0.98717 -0.15969 0.00000 -277.38136 0.15969 0.98717 -0.00000 -31.99586 -0.00000 0.00000 1.00000 0.00000
1564719015207763 0.98842 -0.15174 0.00000 -280.14179 0.15174 0.98842 -0.00000 -29.78145 -0.00000 0.00000 1.00000 0.00000
1564719015457314 0.98999 -0.14111 0.00000 -282.99672 0.14111 0.98999 -0.00000 -26.74647 -0.00000 0.00000 1.00000 0.00000
1564719015707564 0.99141 -0.13076 0.00000 -285.78215 0.13076 0.99141 -0.00000 -23.83805 -0.00000 0.00000 1.00000 0.00000
1564719015957977 0.99267 -0.12086 0.00000 -288.55714 0.12086 0.99267 -0.00000 -20.96732 -0.00000 0.00000 1.00000 0.00000
1564719016209018 0.99341 -0.11461 0.00000 -291.30132 0.11461 0.99341 -0.00000 -19.12326 -0.00000 0.00000 1.00000 0.00000
1564719016458920 0.99416 -0.10792 0.00000 -294.01115 0.10792 0.99416 -0.00000 -17.20363 -0.00000 0.00000 1.00000 0.00000
1564719016709758 0.99461 -0.10372 0.00000 -296.69204 0.10372 0.99461 -0.00000 -15.96233 -0.00000 0.00000 1.00000 0.00000
1564719016959710 0.99501 -0.09977 0.00000 -299.39842 0.09977 0.99501 -0.00000 -14.85906 -0.00000 0.00000 1.00000 0.00000
1564719017210173 0.99554 -0.09430 0.00000 -302.10833 0.09430 0.99554 -0.00000 -13.20032 -0.00000 0.00000 1.00000 0.00000
1564719017460621 0.99584 -0.09116 0.00000 -304.82902 0.09116 0.99584 -0.00000 -12.24887 -0.00000 0.00000 1.00000 0.00000
1564719017710763 0.99624 -0.08668 0.00000 -307.51654 0.08668 0.99624 -0.00000 -10.86602 -0.00000 0.00000 1.00000 0.00000
1564719017961254 0.99656 -0.08293 0.00000 -310.26877 0.08293 0.99656 -0.00000 -9.68637 -0.00000 0.00000 1.00000 0.00000
1564719018211691 0.99703 -0.07697 0.00000 -312.92769 0.07697 0.99703 -0.00000 -7.84638 -0.00000 0.00000 1.00000 0.00000
1564719018460863 0.99745 -0.07131 0.00000 -315.66320 0.07131 0.99745 -0.00000 -6.04474 -0.00000 0.00000 1.00000 0.00000
1564719018711620 0.99764 -0.06861 0.00000 -318.26310 0.06861 0.99764 -0.00000 -5.22305 -0.00000 0.00000 1.00000 0.00000
1564719018961623 0.99796 -0.06385 0.00000 -320.81592 0.06385 0.99796 -0.00000 -3.71951 -0.00000 0.00000 1.00000 0.00000
1564719019211362 0.99826 -0.05893 0.00000 -323.45299 0.05893 0.99826 -0.00000 -2.12234 -0.00000 0.00000 1.00000 0.00000
1564719019461513 0.99847 -0.05521 0.00000 -325.96961 0.05521 0.99847 -0.00000 -0.94342 -0.00000 0.00000 1.00000 0.00000
1564719019711745 0.99871 -0.05069 0.00000 -328.52005 0.05069 0.99871 -0.00000 0.48742 -0.00000 0.00000 1.00000 0.00000
1564719019962042 0.99902 -0.04427 0.00000 -331.02042 0.04427 0.99902 -0.00000 2.61030 -0.00000 0.00000 1.00000 0.00000
1564719020212041 0.99911 -0.04227 0.00000 -333.52989 0.04227 0.99911 -0.00000 3.24888 -0.00000 0.00000 1.00000 0.00000
1564719020461846 0.99919 -0.04022 0.00000 -335.97633 0.04022 0.99919 -0.00000 3.92908 -0.00000 0.00000 1.00000 0.00000
1564719020711895 0.99916 -0.04101 0.00000 -338.46717 0.04101 0.99916 -0.00000 3.60121 -0.00000 0.00000 1.00000 0.00000
1564719020962530 0.99918 -0.04042 0.00000 -340.93009 0.04042 0.99918 -0.00000 3.80149 -0.00000 0.00000 1.00000 0.00000
1564719021212816 0.99896 -0.04563 0.00000 -343.42050 0.04563 0.99896 -0.00000 1.99534 -0.00000 0.00000 1.00000 0.00000
1564719021463031 0.99880 -0.04894 0.00000 -345.91943 0.04894 0.99880 -0.00000 0.85403 -0.00000 0.00000 1.00000 0.00000
1564719021713168 0.99809 -0.06173 0.00000 -348.31873 0.06173 0.99809 -0.00000 -3.62802 -0.00000 0.00000 1.00000 0.00000
1564719021962858 0.99762 -0.06893 0.00000 -350.77227 0.06893 0.99762 -0.00000 -6.07956 -0.00000 0.00000 1.00000 0.00000
1564719022213047 0.99693 -0.07831 0.00000 -353.12359 0.07831 0.99693 -0.00000 -9.40720 -0.00000 0.00000 1.00000 0.00000
1564719022463359 0.99688 -0.07887 0.00000 -355.59107 0.07887 0.99688 -0.00000 -9.68662 -0.00000 0.00000 1.00000 0.00000
1564719022713755 0.99665 -0.08184 0.00000 -358.02141 0.08184 0.99665 -0.00000 -10.74955 -0.00000 0.00000 1.00000 0.00000
1564719022963754 0.99665 -0.08179 0.00000 -360.48001 0.08179 0.99665 -0.00000 -10.75355 -0.00000 0.00000 1.00000 0.00000
1564719023213906 0.99683 -0.07960 0.00000 -362.97040 0.07960 0.99683 -0.00000 -9.94794 -0.00000 0.00000 1.00000 0.00000
1564719023463820 0.99721 -0.07462 0.00000 -365.50906 0.07462 0.99721 -0.00000 -8.12086 -0.00000 0.00000 1.00000 0.00000
1564719023713833 0.99752 -0.07041 0.00000 -367.95996 0.07041 0.99752 -0.00000 -6.64457 -0.00000 0.00000 1.00000 0.00000
1564719023963875 0.99756 -0.06979 0.00000 -370.42732 0.06979 0.99756 -0.00000 -6.37202 -0.00000 0.00000 1.00000 0.00000
1564719024214331 0.99749 -0.07083 0.00000 -372.83266 0.07083 0.99749 -0.00000 -6.80757 -0.00000 0.00000 1.00000 0.00000
1564719024464227 0.99742 -0.07184 0.00000 -375.19168 0.07184 0.99742 -0.00000 -7.12246 -0.00000 0.00000 1.00000 0.00000
1564719024714345 0.99728 -0.07372 0.00000 -377.55426 0.07372 0.99728 -0.00000 -7.94874 -0.00000 0.00000 1.00000 0.00000
1564719024964609 0.99743 -0.07169 0.00000 -379.92476 0.07169 0.99743 -0.00000 -7.12245 -0.00000 0.00000 1.00000 0.00000
1564719025214673 0.99747 -0.07114 0.00000 -382.29615 0.07114 0.99747 -0.00000 -6.99813 -0.00000 0.00000 1.00000 0.00000
1564719025464627 0.99769 -0.06791 0.00000 -384.57433 0.06791 0.99769 -0.00000 -5.89249 -0.00000 0.00000 1.00000 0.00000
1564719025714939 0.99773 -0.06738 0.00000 -386.81734 0.06738 0.99773 -0.00000 -5.68109 -0.00000 0.00000 1.00000 0.00000
1564719025964984 0.99792 -0.06446 0.00000 -388.95730 0.06446 0.99792 -0.00000 -4.51618 -0.00000 0.00000 1.00000 0.00000
1564719026215276 0.99785 -0.06552 0.00000 -391.03023 0.06552 0.99785 -0.00000 -4.93870 -0.00000 0.00000 1.00000 0.00000
1564719026465560 0.99806 -0.06222 0.00000 -393.01903 0.06222 0.99806 -0.00000 -3.67217 -0.00000 0.00000 1.00000 0.00000
1564719026715436 0.99821 -0.05974 0.00000 -394.98302 0.05974 0.99821 -0.00000 -2.66442 -0.00000 0.00000 1.00000 0.00000
1564719026965553 0.99817 -0.06054 0.00000 -396.84645 0.06054 0.99817 -0.00000 -3.01092 -0.00000 0.00000 1.00000 0.00000
1564719027215439 0.99828 -0.05867 0.00000 -398.69685 0.05867 0.99828 -0.00000 -2.27007 -0.00000 0.00000 1.00000 0.00000
1564719027465133 0.99805 -0.06236 0.00000 -400.40690 0.06236 0.99805 -0.00000 -3.68797 -0.00000 0.00000 1.00000 0.00000
1564719027715516 0.99816 -0.06059 0.00000 -402.08291 0.06059 0.99816 -0.00000 -3.02251 -0.00000 0.00000 1.00000 0.00000
1564719027965866 0.99745 -0.07138 0.00000 -403.64796 0.07138 0.99745 -0.00000 -7.33422 -0.00000 0.00000 1.00000 0.00000
1564719028216101 0.99602 -0.08913 0.00000 -404.98884 0.08913 0.99602 -0.00000 -14.51777 -0.00000 0.00000 1.00000 0.00000
1564719028465986 0.99272 -0.12041 0.00000 -405.79207 0.12041 0.99272 -0.00000 -27.24147 -0.00000 0.00000 1.00000 0.00000
1564719028716187 0.98587 -0.16749 0.00000 -405.40739 0.16749 0.98587 -0.00000 -46.46464 -0.00000 0.00000 1.00000 0.00000
1564719028965881 0.97607 -0.21744 0.00000 -403.74438 0.21744 0.97607 -0.00000 -66.96039 -0.00000 0.00000 1.00000 0.00000
1564719029216335 0.96062 -0.27787 0.00000 -400.05815 0.27787 0.96062 -0.00000 -91.97856 -0.00000 0.00000 1.00000 0.00000
1564719029466311 0.93929 -0.34313 0.00000 -393.96327 0.34313 0.93929 -0.00000 -119.15851 -0.00000 0.00000 1.00000 0.00000
1564719029716026 0.91006 -0.41447 0.00000 -384.75669 0.41447 0.91006 -0.00000 -149.10115 -0.00000 0.00000 1.00000 0.00000
1564719029965442 0.87461 -0.48483 0.00000 -372.94583 0.48483 0.87461 -0.00000 -178.87600 -0.00000 0.00000 1.00000 0.00000
1564719030216491 0.82856 -0.55989 0.00000 -356.87247 0.55989 0.82856 -0.00000 -210.91179 -0.00000 0.00000 1.00000 0.00000
1564719030466893 0.77393 -0.63327 0.00000 -337.18096 0.63327 0.77393 -0.00000 -242.53764 -0.00000 0.00000 1.00000 0.00000
1564719030717153 0.71835 -0.69569 0.00000 -316.83804 0.69569 0.71835 -0.00000 -269.75380 -0.00000 0.00000 1.00000 0.00000
1564719030967519 0.65920 -0.75196 0.00000 -294.90598 0.75196 0.65920 -0.00000 -294.64916 -0.00000 0.00000 1.00000 0.00000
1564719031217844 0.59862 -0.80103 0.00000 -272.15550 0.80103 0.59862 -0.00000 -316.63809 -0.00000 0.00000 1.00000 0.00000
1564719031468078 0.54202 -0.84037 0.00000 -250.80762 0.84037 0.54202 -0.00000 -334.56920 -0.00000 0.00000 1.00000 0.00000
1564719031718079 0.48705 -0.87337 0.00000 -230.00944 0.87337 0.48705 -0.00000 -349.96700 -0.00000 0.00000 1.00000 0.00000
1564719031968496 0.43509 -0.90039 0.00000 -210.31367 0.90039 0.43509 -0.00000 -362.77215 -0.00000 0.00000 1.00000 0.00000
1564719032218616 0.38205 -0.92414 0.00000 -190.05769 0.92414 0.38205 -0.00000 -374.27716 -0.00000 0.00000 1.00000 0.00000
1564719032468650 0.34242 -0.93955 0.00000 -175.16973 0.93955 0.34242 -0.00000 -382.04444 -0.00000 0.00000 1.00000 0.00000
1564719032718435 0.29793 -0.95459 0.00000 -158.33677 0.95459 0.29793 -0.00000 -389.79220 -0.00000 0.00000 1.00000 0.00000
1564719032968938 0.25508 -0.96692 0.00000 -142.08810 0.96692 0.25508 -0.00000 -396.44184 -0.00000 0.00000 1.00000 0.00000
1564719033219151 0.20952 -0.97780 0.00000 -124.73081 0.97780 0.20952 -0.00000 -402.62501 -0.00000 0.00000 1.00000 0.00000
1564719033469291 0.16010 -0.98710 0.00000 -105.78457 0.98710 0.16010 -0.00000 -408.37508 -0.00000 0.00000 1.00000 0.00000
1564719033719044 0.11033 -0.99389 0.00000 -86.59950 0.99389 0.11033 -0.00000 -413.13184 -0.00000 0.00000 1.00000 0.00000
1564719033968820 0.06232 -0.99806 0.00000 -68.07321 0.99806 0.06232 -0.00000 -416.79311 -0.00000 0.00000 1.00000 0.00000
1564719034218744 0.02501 -0.99969 0.00000 -54.02312 0.99969 0.02501 -0.00000 -418.99295 -0.00000 0.00000 1.00000 0.00000
1564719034469335 -0.01136 -0.99994 0.00000 -40.35981 0.99994 -0.01136 0.00000 -420.69186 0.00000 0.00000 1.00000 0.00000
1564719034720049 -0.04148 -0.99914 0.00000 -29.33781 0.99914 -0.04148 0.00000 -421.73110 0.00000 0.00000 1.00000 0.00000
1564719034970019 -0.06674 -0.99777 0.00000 -20.40773 0.99777 -0.06674 0.00000 -422.33334 0.00000 0.00000 1.00000 0.00000
1564719035219589 -0.08753 -0.99616 0.00000 -13.34233 0.99616 -0.08753 0.00000 -422.70007 0.00000 0.00000 1.00000 0.00000
1564719035470293 -0.10106 -0.99488 0.00000 -9.44616 0.99488 -0.10106 0.00000 -422.82682 0.00000 0.00000 1.00000 0.00000
1564719035720924 -0.11289 -0.99361 0.00000 -6.29980 0.99361 -0.11289 0.00000 -422.93493 0.00000 0.00000 1.00000 0.00000
1564719035970342 -0.11515 -0.99335 0.00000 -7.27650 0.99335 -0.11515 0.00000 -422.98171 0.00000 0.00000 1.00000 0.00000
1564719036220514 -0.11399 -0.99348 0.00000 -9.78830 0.99348 -0.11399 0.00000 -422.89200 0.00000 0.00000 1.00000 0.00000
1564719036471097 -0.11471 -0.99340 0.00000 -11.52274 0.99340 -0.11471 0.00000 -422.97928 0.00000 0.00000 1.00000 0.00000
1564719036721010 -0.11353 -0.99353 0.00000 -14.12851 0.99353 -0.11353 0.00000 -422.94218 0.00000 0.00000 1.00000 0.00000
1564719036971009 -0.11296 -0.99360 0.00000 -16.53103 0.99360 -0.11296 0.00000 -422.97790 0.00000 0.00000 1.00000 0.00000
1564719037221058 -0.11131 -0.99379 0.00000 -19.46684 0.99379 -0.11131 0.00000 -422.94421 0.00000 0.00000 1.00000 0.00000
1564719037471194 -0.11164 -0.99375 0.00000 -21.56508 0.99375 -0.11164 0.00000 -422.98470 0.00000 0.00000 1.00000 0.00000
1564719037722073 -0.11302 -0.99359 0.00000 -23.31102 0.99359 -0.11302 0.00000 -423.00601 0.00000 0.00000 1.00000 0.00000
1564719037971186 -0.11368 -0.99352 0.00000 -25.37991 0.99352 -0.11368 0.00000 -423.03984 0.00000 0.00000 1.00000 0.00000
1564719038221261 -0.11822 -0.99299 0.00000 -25.83215 0.99299 -0.11822 0.00000 -423.15055 0.00000 0.00000 1.00000 0.00000
1564719038471381 -0.11897 -0.99290 0.00000 -27.90121 0.99290 -0.11897 0.00000 -423.17898 0.00000 0.00000 1.00000 0.00000
1564719038721169 -0.11767 -0.99305 0.00000 -30.85369 0.99305 -0.11767 0.00000 -423.14886 0.00000 0.00000 1.00000 0.00000
1564719038971509 -0.11573 -0.99328 0.00000 -34.07534 0.99328 -0.11573 0.00000 -423.10735 0.00000 0.00000 1.00000 0.00000
1564719039221254 -0.11456 -0.99342 0.00000 -37.03331 0.99342 -0.11456 0.00000 -423.04108 0.00000 0.00000 1.00000 0.00000
1564719039471317 -0.11429 -0.99345 0.00000 -39.62802 0.99345 -0.11429 0.00000 -423.09418 0.00000 0.00000 1.00000 0.00000
1564719039721591 -0.11211 -0.99370 0.00000 -43.02854 0.99370 -0.11211 0.00000 -423.02179 0.00000 0.00000 1.00000 0.00000
1564719039971551 -0.11211 -0.99370 0.00000 -45.56615 0.99370 -0.11211 0.00000 -423.03456 0.00000 0.00000 1.00000 0.00000
1564719040222150 -0.11316 -0.99358 0.00000 -47.67483 0.99358 -0.11316 0.00000 -423.13455 0.00000 0.00000 1.00000 0.00000
1564719040472247 -0.11296 -0.99360 0.00000 -50.34616 0.99360 -0.11296 0.00000 -423.09220 0.00000 0.00000 1.00000 0.00000
1564719040722561 -0.11475 -0.99339 0.00000 -52.22340 0.99339 -0.11475 0.00000 -423.24296 0.00000 0.00000 1.00000 0.00000
1564719040972392 -0.11801 -0.99301 0.00000 -53.47702 0.99301 -0.11801 0.00000 -423.43210 0.00000 0.00000 1.00000 0.00000
1564719041223009 -0.12106 -0.99265 0.00000 -54.87419 0.99265 -0.12106 0.00000 -423.63574 0.00000 0.00000 1.00000 0.00000
1564719041472802 -0.12561 -0.99208 0.00000 -55.64281 0.99208 -0.12561 0.00000 -423.93366 0.00000 0.00000 1.00000 0.00000
1564719041723744 -0.13014 -0.99150 0.00000 -56.45629 0.99150 -0.13014 0.00000 -424.13912 0.00000 0.00000 1.00000 0.00000
1564719041973892 -0.13403 -0.99098 0.00000 -57.59356 0.99098 -0.13403 0.00000 -424.38241 0.00000 0.00000 1.00000 0.00000
1564719042223165 -0.14161 -0.98992 0.00000 -57.13667 0.98992 -0.14161 0.00000 -424.87132 0.00000 0.00000 1.00000 0.00000
1564719042473412 -0.14708 -0.98913 0.00000 -57.64886 0.98913 -0.14708 0.00000 -425.14159 0.00000 0.00000 1.00000 0.00000
1564719042723529 -0.15544 -0.98785 0.00000 -56.91612 0.98785 -0.15544 0.00000 -425.61924 0.00000 0.00000 1.00000 0.00000
1564719042973797 -0.16760 -0.98586 0.00000 -54.56885 0.98586 -0.16760 0.00000 -426.32284 0.00000 0.00000 1.00000 0.00000
1564719043223157 -0.17785 -0.98406 0.00000 -53.03843 0.98406 -0.17785 0.00000 -426.93604 0.00000 0.00000 1.00000 0.00000
1564719043473468 -0.19013 -0.98176 0.00000 -50.65165 0.98176 -0.19013 0.00000 -427.57183 0.00000 0.00000 1.00000 0.00000
1564719043724019 -0.19984 -0.97983 0.00000 -49.38431 0.97983 -0.19984 0.00000 -428.13886 0.00000 0.00000 1.00000 0.00000
1564719043976133 -0.21166 -0.97734 0.00000 -47.21131 0.97734 -0.21166 0.00000 -428.68239 0.00000 0.00000 1.00000 0.00000
1564719044223823 -0.22439 -0.97450 0.00000 -44.64226 0.97450 -0.22439 0.00000 -429.37403 0.00000 0.00000 1.00000 0.00000
1564719044473937 -0.23996 -0.97078 0.00000 -40.83046 0.97078 -0.23996 0.00000 -430.10711 0.00000 0.00000 1.00000 0.00000
1564719044723610 -0.25262 -0.96757 0.00000 -38.24872 0.96757 -0.25262 0.00000 -430.60885 0.00000 0.00000 1.00000 0.00000
1564719044973336 -0.26778 -0.96348 0.00000 -34.56653 0.96348 -0.26778 0.00000 -431.17746 0.00000 0.00000 1.00000 0.00000
1564719045223091 -0.28379 -0.95889 0.00000 -30.44612 0.95889 -0.28379 0.00000 -431.76629 0.00000 0.00000 1.00000 0.00000
1564719045473107 -0.30547 -0.95220 0.00000 -23.75244 0.95220 -0.30547 0.00000 -432.40049 0.00000 0.00000 1.00000 0.00000
1564719045723781 -0.32233 -0.94663 0.00000 -19.21470 0.94663 -0.32233 0.00000 -432.72908 0.00000 0.00000 1.00000 0.00000
1564719045973362 -0.33800 -0.94115 0.00000 -15.17665 0.94115 -0.33800 0.00000 -433.05961 0.00000 0.00000 1.00000 0.00000
1564719046223614 -0.35426 -0.93515 0.00000 -10.84787 0.93515 -0.35426 0.00000 -433.34836 0.00000 0.00000 1.00000 0.00000
1564719046473905 -0.36898 -0.92944 0.00000 -7.18723 0.92944 -0.36898 0.00000 -433.50857 0.00000 0.00000 1.00000 0.00000
1564719046723814 -0.37753 -0.92600 0.00000 -6.39881 0.92600 -0.37753 0.00000 -433.61455 0.00000 0.00000 1.00000 0.00000
1564719046973942 -0.38940 -0.92107 0.00000 -4.03868 0.92107 -0.38940 0.00000 -433.73545 0.00000 0.00000 1.00000 0.00000
1564719047223739 -0.40155 -0.91584 0.00000 -1.49515 0.91584 -0.40155 0.00000 -433.77668 0.00000 0.00000 1.00000 0.00000
1564719047474529 -0.41462 -0.91000 0.00000 1.45362 0.91000 -0.41462 0.00000 -433.79002 0.00000 0.00000 1.00000 0.00000
1564719047724427 -0.42445 -0.90545 0.00000 2.94044 0.90545 -0.42445 0.00000 -433.84968 0.00000 0.00000 1.00000 0.00000
1564719047974199 -0.43568 -0.90010 0.00000 5.06430 0.90010 -0.43568 0.00000 -433.75101 0.00000 0.00000 1.00000 0.00000
1564719048224261 -0.44662 -0.89472 0.00000 7.11171 0.89472 -0.44662 0.00000 -433.70568 0.00000 0.00000 1.00000 0.00000
1564719048474825 -0.45883 -0.88853 0.00000 9.74373 0.88853 -0.45883 0.00000 -433.55668 0.00000 0.00000 1.00000 0.00000
1564719048724790 -0.46931 -0.88303 0.00000 11.58224 0.88303 -0.46931 0.00000 -433.58395 0.00000 0.00000 1.00000 0.00000
1564719048974998 -0.48276 -0.87575 0.00000 14.91087 0.87575 -0.48276 0.00000 -433.43766 0.00000 0.00000 1.00000 0.00000
1564719049225278 -0.49471 -0.86906 0.00000 17.48831 0.86906 -0.49471 0.00000 -433.14816 0.00000 0.00000 1.00000 0.00000
1564719049475311 -0.50176 -0.86501 0.00000 17.72905 0.86501 -0.50176 0.00000 -433.12138 0.00000 0.00000 1.00000 0.00000
1564719049725138 -0.50740 -0.86171 0.00000 17.30076 0.86171 -0.50740 0.00000 -433.01004 0.00000 0.00000 1.00000 0.00000
1564719049976394 -0.50707 -0.86190 0.00000 13.88782 0.86190 -0.50707 0.00000 -433.11001 0.00000 0.00000 1.00000 0.00000
1564719050224893 -0.50633 -0.86234 0.00000 10.31955 0.86234 -0.50633 0.00000 -433.10614 0.00000 0.00000 1.00000 0.00000
1564719050474928 -0.50288 -0.86436 0.00000 5.32600 0.86436 -0.50288 0.00000 -433.17861 0.00000 0.00000 1.00000 0.00000
1564719050724652 -0.50136 -0.86524 0.00000 1.34310 0.86524 -0.50136 0.00000 -433.19731 0.00000 0.00000 1.00000 0.00000
1564719050974480 -0.50207 -0.86483 0.00000 -1.48231 0.86483 -0.50207 0.00000 -433.26878 0.00000 0.00000 1.00000 0.00000
1564719051224409 -0.50175 -0.86501 0.00000 -4.81789 0.86501 -0.50175 0.00000 -433.26105 0.00000 0.00000 1.00000 0.00000
1564719051474577 -0.50217 -0.86477 0.00000 -7.74329 0.86477 -0.50217 0.00000 -433.27191 0.00000 0.00000 1.00000 0.00000
1564719051724565 -0.50235 -0.86466 0.00000 -10.82660 0.86466 -0.50235 0.00000 -433.35583 0.00000 0.00000 1.00000 0.00000
1564719051974990 -0.50272 -0.86445 0.00000 -13.77860 0.86445 -0.50272 0.00000 -433.32851 0.00000 0.00000 1.00000 0.00000
1564719052224948 -0.50302 -0.86428 0.00000 -16.73204 0.86428 -0.50302 0.00000 -433.44229 0.00000 0.00000 1.00000 0.00000
1564719052475318 -0.50539 -0.86289 0.00000 -18.65070 0.86289 -0.50539 0.00000 -433.40416 0.00000 0.00000 1.00000 0.00000
1564719052725208 -0.50660 -0.86218 0.00000 -21.09135 0.86218 -0.50660 0.00000 -433.42470 0.00000 0.00000 1.00000 0.00000
1564719052974913 -0.50803 -0.86134 0.00000 -23.46641 0.86134 -0.50803 0.00000 -433.56292 0.00000 0.00000 1.00000 0.00000
1564719053227306 -0.50962 -0.86040 0.00000 -25.73350 0.86040 -0.50962 0.00000 -433.63998 0.00000 0.00000 1.00000 0.00000
1564719053476835 -0.51119 -0.85947 0.00000 -27.98098 0.85947 -0.51119 0.00000 -433.67301 0.00000 0.00000 1.00000 0.00000
1564719053728886 -0.51796 -0.85541 0.00000 -27.58969 0.85541 -0.51796 0.00000 -433.89793 0.00000 0.00000 1.00000 0.00000
1564719053976661 -0.51944 -0.85451 0.00000 -29.87622 0.85451 -0.51944 0.00000 -433.89699 0.00000 0.00000 1.00000 0.00000
1564719054226472 -0.52147 -0.85327 0.00000 -31.86085 0.85327 -0.52147 0.00000 -434.09906 0.00000 0.00000 1.00000 0.00000
1564719054476670 -0.52581 -0.85060 0.00000 -32.64646 0.85060 -0.52581 0.00000 -434.23338 0.00000 0.00000 1.00000 0.00000
1564719054727490 -0.52925 -0.84846 0.00000 -33.86760 0.84846 -0.52925 0.00000 -434.40080 0.00000 0.00000 1.00000 0.00000
1564719054977946 -0.53457 -0.84513 0.00000 -34.13861 0.84513 -0.53457 0.00000 -434.60686 0.00000 0.00000 1.00000 0.00000
1564719055228208 -0.54122 -0.84088 0.00000 -33.72582 0.84088 -0.54122 0.00000 -434.92406 0.00000 0.00000 1.00000 0.00000
1564719055478045 -0.54652 -0.83745 0.00000 -33.97279 0.83745 -0.54652 0.00000 -435.07775 0.00000 0.00000 1.00000 0.00000
1564719055727260 -0.55379 -0.83265 0.00000 -33.16892 0.83265 -0.55379 0.00000 -435.45714 0.00000 0.00000 1.00000 0.00000
1564719055977614 -0.55797 -0.82986 0.00000 -33.97093 0.82986 -0.55797 0.00000 -435.56866 0.00000 0.00000 1.00000 0.00000
1564719056227725 -0.56751 -0.82337 0.00000 -31.93165 0.82337 -0.56751 0.00000 -436.05438 0.00000 0.00000 1.00000 0.00000
1564719056477542 -0.57579 -0.81760 0.00000 -30.52219 0.81760 -0.57579 0.00000 -436.25023 0.00000 0.00000 1.00000 0.00000
1564719056726953 -0.58405 -0.81172 0.00000 -29.08349 0.81172 -0.58405 0.00000 -436.62860 0.00000 0.00000 1.00000 0.00000
1564719056976181 -0.59214 -0.80583 0.00000 -27.71306 0.80583 -0.59214 0.00000 -436.83502 0.00000 0.00000 1.00000 0.00000
1564719057226842 -0.60121 -0.79909 0.00000 -25.72872 0.79909 -0.60121 0.00000 -437.18250 0.00000 0.00000 1.00000 0.00000
1564719057477803 -0.60983 -0.79253 0.00000 -24.02003 0.79253 -0.60983 0.00000 -437.56182 0.00000 0.00000 1.00000 0.00000
1564719057727384 -0.61717 -0.78683 0.00000 -22.92058 0.78683 -0.61717 0.00000 -437.84304 0.00000 0.00000 1.00000 0.00000
1564719057977368 -0.62416 -0.78130 0.00000 -22.00877 0.78130 -0.62416 0.00000 -438.04627 0.00000 0.00000 1.00000 0.00000
1564719058227362 -0.63163 -0.77527 0.00000 -20.79978 0.77527 -0.63163 0.00000 -438.22031 0.00000 0.00000 1.00000 0.00000
1564719058477223 -0.63812 -0.76994 0.00000 -20.12414 0.76994 -0.63812 0.00000 -438.43021 0.00000 0.00000 1.00000 0.00000
1564719058727111 -0.64299 -0.76588 0.00000 -20.36096 0.76588 -0.64299 0.00000 -438.64819 0.00000 0.00000 1.00000 0.00000
1564719058976991 -0.64582 -0.76349 0.00000 -21.73084 0.76349 -0.64582 0.00000 -438.75688 0.00000 0.00000 1.00000 0.00000
1564719059227814 -0.64758 -0.76199 0.00000 -23.69499 0.76199 -0.64758 0.00000 -438.84975 0.00000 0.00000 1.00000 0.00000
1564719059477374 -0.64929 -0.76054 0.00000 -25.71760 0.76054 -0.64929 0.00000 -438.95632 0.00000 0.00000 1.00000 0.00000
1564719059727903 -0.65243 -0.75785 0.00000 -26.91968 0.75785 -0.65243 0.00000 -439.08885 0.00000 0.00000 1.00000 0.00000
1564719059978041 -0.65432 -0.75621 0.00000 -28.80913 0.75621 -0.65432 0.00000 -439.24257 0.00000 0.00000 1.00000 0.00000
1564719060228565 -0.65684 -0.75403 0.00000 -30.35452 0.75403 -0.65684 0.00000 -439.31689 0.00000 0.00000 1.00000 0.00000
