1566535942021640 -0.53371 0.84567 0.00000 -3216108.44362 -0.84567 -0.53371 0.00000 2447309.94464 0.00000 0.00000 1.00000 -0.00000
1566535942270558 -0.53204 0.84672 0.00000 -3220931.19529 -0.84672 -0.53204 0.00000 2440960.16766 0.00000 0.00000 1.00000 -0.00000
1566535942520978 -0.53005 0.84797 0.00000 -3226664.12444 -0.84797 -0.53005 0.00000 2433377.95478 0.00000 0.00000 1.00000 -0.00000
1566535942770644 -0.52795 0.84928 0.00000 -3232690.89380 -0.84928 -0.52795 0.00000 2425366.99191 0.00000 0.00000 1.00000 -0.00000
1566535943020268 -0.52702 0.84985 0.00000 -3235344.26566 -0.84985 -0.52702 0.00000 2421827.65308 0.00000 0.00000 1.00000 -0.00000
1566535943269371 -0.52642 0.85022 0.00000 -3237041.90356 -0.85022 -0.52642 0.00000 2419559.49725 0.00000 0.00000 1.00000 -0.00000
1566535943519180 -0.52463 0.85133 0.00000 -3242130.79025 -0.85133 -0.52463 0.00000 2412737.79907 0.00000 0.00000 1.00000 -0.00000
1566535943769051 -0.52261 0.85257 0.00000 -3247829.38393 -0.85257 -0.52261 0.00000 2405062.95371 0.00000 0.00000 1.00000 -0.00000
1566535944018719 -0.52099 0.85356 0.00000 -3252407.17741 -0.85356 -0.52099 0.00000 2398870.42387 0.00000 0.00000 1.00000 -0.00000
1566535944268685 -0.51937 0.85455 0.00000 -3256959.32151 -0.85455 -0.51937 0.00000 2392688.11189 0.00000 0.00000 1.00000 -0.00000
1566535944517541 -0.51783 0.85548 0.00000 -3261247.24717 -0.85548 -0.51783 0.00000 2386842.21151 0.00000 0.00000 1.00000 -0.00000
1566535944766296 -0.51629 0.85641 0.00000 -3265532.58979 -0.85641 -0.51629 0.00000 2380977.82397 0.00000 0.00000 1.00000 -0.00000
1566535945016203 -0.51398 0.85780 0.00000 -3271952.75687 -0.85780 -0.51398 0.00000 2372149.44873 0.00000 0.00000 1.00000 -0.00000
1566535945265124 -0.51170 0.85916 0.00000 -3278235.92790 -0.85916 -0.51170 0.00000 2363460.72195 0.00000 0.00000 1.00000 -0.00000
1566535945514554 -0.50976 0.86032 0.00000 -3283573.08625 -0.86032 -0.50976 0.00000 2356042.20273 0.00000 0.00000 1.00000 -0.00000
1566535945764314 -0.50591 0.86259 0.00000 -3294061.71304 -0.86259 -0.50591 0.00000 2341357.36546 0.00000 0.00000 1.00000 -0.00000
1566535946013528 -0.50350 0.86399 0.00000 -3300584.61229 -0.86399 -0.50350 0.00000 2332155.21185 0.00000 0.00000 1.00000 -0.00000
1566535946264334 -0.50109 0.86539 0.00000 -3307072.62614 -0.86539 -0.50109 0.00000 2322947.95979 0.00000 0.00000 1.00000 -0.00000
1566535946512332 -0.49756 0.86743 0.00000 -3316509.08271 -0.86743 -0.49756 0.00000 2309457.46692 0.00000 0.00000 1.00000 -0.00000
1566535946761695 -0.49344 0.86978 0.00000 -3327428.86228 -0.86978 -0.49344 0.00000 2293698.59015 0.00000 0.00000 1.00000 -0.00000
1566535947010971 -0.48969 0.87190 0.00000 -3337283.99025 -0.87190 -0.48969 0.00000 2279337.92257 0.00000 0.00000 1.00000 -0.00000
1566535947260221 -0.48618 0.87386 0.00000 -3346429.48865 -0.87386 -0.48618 0.00000 2265891.69745 0.00000 0.00000 1.00000 -0.00000
1566535947510168 -0.48245 0.87592 0.00000 -3356055.95541 -0.87592 -0.48245 0.00000 2251611.33696 0.00000 0.00000 1.00000 -0.00000
1566535947759271 -0.47860 0.87803 0.00000 -3365903.14774 -0.87803 -0.47860 0.00000 2236866.29203 0.00000 0.00000 1.00000 -0.00000
1566535948008317 -0.47422 0.88041 0.00000 -3377022.19563 -0.88041 -0.47422 0.00000 2220046.26751 0.00000 0.00000 1.00000 -0.00000
1566535948257711 -0.47062 0.88234 0.00000 -3386051.00611 -0.88234 -0.47062 0.00000 2206253.04574 0.00000 0.00000 1.00000 -0.00000
1566535948507781 -0.46737 0.88406 0.00000 -3394148.13692 -0.88406 -0.46737 0.00000 2193777.99594 0.00000 0.00000 1.00000 -0.00000
1566535948756909 -0.46249 0.88662 0.00000 -3406192.71612 -0.88662 -0.46249 0.00000 2175031.98129 0.00000 0.00000 1.00000 -0.00000
1566535949006260 -0.45767 0.88912 0.00000 -3417940.48618 -0.88912 -0.45767 0.00000 2156526.21489 0.00000 0.00000 1.00000 -0.00000
1566535949255437 -0.45274 0.89164 0.00000 -3429838.45072 -0.89164 -0.45274 0.00000 2137554.72364 0.00000 0.00000 1.00000 -0.00000
1566535949505717 -0.44808 0.89399 0.00000 -3440959.31871 -0.89399 -0.44808 0.00000 2119608.59418 0.00000 0.00000 1.00000 -0.00000
1566535949754550 -0.44285 0.89660 0.00000 -3453278.63663 -0.89660 -0.44285 0.00000 2099480.38641 0.00000 0.00000 1.00000 -0.00000
1566535950002784 -0.43823 0.89886 0.00000 -3464039.33298 -0.89886 -0.43823 0.00000 2081680.21147 0.00000 0.00000 1.00000 -0.00000
1566535950252264 -0.43485 0.90050 0.00000 -3471831.61254 -0.90050 -0.43485 0.00000 2068660.48221 0.00000 0.00000 1.00000 -0.00000
1566535950501968 -0.43186 0.90194 0.00000 -3478674.57829 -0.90194 -0.43186 0.00000 2057134.95496 0.00000 0.00000 1.00000 -0.00000
1566535950751412 -0.42912 0.90325 0.00000 -3484900.62996 -0.90325 -0.42912 0.00000 2046572.47295 0.00000 0.00000 1.00000 -0.00000
1566535951000620 -0.42591 0.90477 0.00000 -3492157.15076 -0.90477 -0.42591 0.00000 2034168.15409 0.00000 0.00000 1.00000 -0.00000
1566535951250011 -0.42247 0.90638 0.00000 -3499862.52644 -0.90638 -0.42247 0.00000 2020884.58396 0.00000 0.00000 1.00000 -0.00000
1566535951499592 -0.41924 0.90788 0.00000 -3507044.85541 -0.90788 -0.41924 0.00000 2008397.19075 0.00000 0.00000 1.00000 -0.00000
1566535951749176 -0.41624 0.90926 0.00000 -3513651.45336 -0.90926 -0.41624 0.00000 1996819.27940 0.00000 0.00000 1.00000 -0.00000
1566535951998891 -0.41523 0.90971 0.00000 -3515857.25668 -0.90971 -0.41523 0.00000 1992935.69043 0.00000 0.00000 1.00000 -0.00000
1566535952248542 -0.41610 0.90932 0.00000 -3513954.86739 -0.90932 -0.41610 0.00000 1996290.91377 0.00000 0.00000 1.00000 -0.00000
1566535952497983 -0.41692 0.90894 0.00000 -3512156.04593 -0.90894 -0.41692 0.00000 1999456.84735 0.00000 0.00000 1.00000 -0.00000
1566535952747322 -0.41778 0.90855 0.00000 -3510273.22275 -0.90855 -0.41778 0.00000 2002763.44014 0.00000 0.00000 1.00000 -0.00000
1566535952996459 -0.41832 0.90830 0.00000 -3509083.98659 -0.90830 -0.41832 0.00000 2004849.37228 0.00000 0.00000 1.00000 -0.00000
1566535953245929 -0.41919 0.90790 0.00000 -3507158.93064 -0.90790 -0.41919 0.00000 2008218.05312 0.00000 0.00000 1.00000 -0.00000
1566535953494906 -0.41946 0.90777 0.00000 -3506565.07094 -0.90777 -0.41946 0.00000 2009257.86746 0.00000 0.00000 1.00000 -0.00000
1566535953745060 -0.41905 0.90796 0.00000 -3507477.76354 -0.90796 -0.41905 0.00000 2007667.30766 0.00000 0.00000 1.00000 -0.00000
1566535953994202 -0.41869 0.90813 0.00000 -3508271.84575 -0.90813 -0.41869 0.00000 2006282.51902 0.00000 0.00000 1.00000 -0.00000
1566535954243427 -0.41834 0.90829 0.00000 -3509053.36826 -0.90829 -0.41834 0.00000 2004918.49254 0.00000 0.00000 1.00000 -0.00000
1566535954492858 -0.41861 0.90817 0.00000 -3508445.75242 -0.90817 -0.41861 0.00000 2005984.80711 0.00000 0.00000 1.00000 -0.00000
1566535954741809 -0.42067 0.90721 0.00000 -3503887.97560 -0.90721 -0.42067 0.00000 2013938.62572 0.00000 0.00000 1.00000 -0.00000
1566535954990885 -0.42366 0.90582 0.00000 -3497236.46665 -0.90582 -0.42366 0.00000 2025470.33501 0.00000 0.00000 1.00000 -0.00000
1566535955240396 -0.42647 0.90450 0.00000 -3490916.90139 -0.90450 -0.42647 0.00000 2036346.12300 0.00000 0.00000 1.00000 -0.00000
1566535955489638 -0.42950 0.90307 0.00000 -3484092.15002 -0.90307 -0.42950 0.00000 2048004.29080 0.00000 0.00000 1.00000 -0.00000
1566535955738760 -0.43204 0.90186 0.00000 -3478317.20448 -0.90186 -0.43204 0.00000 2057800.38780 0.00000 0.00000 1.00000 -0.00000
1566535955988617 -0.43487 0.90049 0.00000 -3471830.38897 -0.90049 -0.43487 0.00000 2068729.11983 0.00000 0.00000 1.00000 -0.00000
1566535956237968 -0.43744 0.89925 0.00000 -3465918.72847 -0.89925 -0.43744 0.00000 2078621.44610 0.00000 0.00000 1.00000 -0.00000
1566535956487033 -0.43988 0.89806 0.00000 -3460263.25228 -0.89806 -0.43988 0.00000 2088025.67109 0.00000 0.00000 1.00000 -0.00000
1566535956737010 -0.44040 0.89780 0.00000 -3459055.92823 -0.89780 -0.44040 0.00000 2090028.26969 0.00000 0.00000 1.00000 -0.00000
1566535956985852 -0.43972 0.89814 0.00000 -3460632.52329 -0.89814 -0.43972 0.00000 2087419.82941 0.00000 0.00000 1.00000 -0.00000
1566535957235208 -0.43891 0.89853 0.00000 -3462517.02111 -0.89853 -0.43891 0.00000 2084295.49011 0.00000 0.00000 1.00000 -0.00000
1566535957484693 -0.43812 0.89892 0.00000 -3464338.62141 -0.89892 -0.43812 0.00000 2081269.42878 0.00000 0.00000 1.00000 -0.00000
1566535957732858 -0.43752 0.89921 0.00000 -3465732.94429 -0.89921 -0.43752 0.00000 2078949.77831 0.00000 0.00000 1.00000 -0.00000
1566535957981782 -0.43697 0.89947 0.00000 -3466997.78379 -0.89947 -0.43697 0.00000 2076842.75038 0.00000 0.00000 1.00000 -0.00000
1566535958230942 -0.43667 0.89962 0.00000 -3467704.28600 -0.89962 -0.43667 0.00000 2075665.85394 0.00000 0.00000 1.00000 -0.00000
1566535958480029 -0.43664 0.89964 0.00000 -3467771.92072 -0.89964 -0.43664 0.00000 2075555.77566 0.00000 0.00000 1.00000 -0.00000
1566535958729285 -0.43686 0.89953 0.00000 -3467258.77516 -0.89953 -0.43686 0.00000 2076415.76777 0.00000 0.00000 1.00000 -0.00000
1566535958978428 -0.43763 0.89915 0.00000 -3465479.52666 -0.89915 -0.43763 0.00000 2079386.81186 0.00000 0.00000 1.00000 -0.00000
1566535959227794 -0.43710 0.89941 0.00000 -3466709.09400 -0.89941 -0.43710 0.00000 2077339.18747 0.00000 0.00000 1.00000 -0.00000
1566535959477424 -0.43717 0.89938 0.00000 -3466547.51903 -0.89938 -0.43717 0.00000 2077611.72923 0.00000 0.00000 1.00000 -0.00000
1566535959727158 -0.43681 0.89955 0.00000 -3467392.77411 -0.89955 -0.43681 0.00000 2076203.67071 0.00000 0.00000 1.00000 -0.00000
1566535959976426 -0.43692 0.89950 0.00000 -3467128.28628 -0.89950 -0.43692 0.00000 2076648.26033 0.00000 0.00000 1.00000 -0.00000
1566535960226371 -0.43670 0.89961 0.00000 -3467636.11819 -0.89961 -0.43670 0.00000 2075803.12800 0.00000 0.00000 1.00000 -0.00000
1566535960475286 -0.43628 0.89981 0.00000 -3468624.09059 -0.89981 -0.43628 0.00000 2074154.82877 0.00000 0.00000 1.00000 -0.00000
1566535960724075 -0.43660 0.89965 0.00000 -3467874.40674 -0.89965 -0.43660 0.00000 2075411.02545 0.00000 0.00000 1.00000 -0.00000
1566535960974910 -0.43718 0.89937 0.00000 -3466543.94760 -0.89937 -0.43718 0.00000 2077635.57585 0.00000 0.00000 1.00000 -0.00000
1566535961224604 -0.43811 0.89892 0.00000 -3464394.72310 -0.89892 -0.43811 0.00000 2081220.43148 0.00000 0.00000 1.00000 -0.00000
1566535961473779 -0.44055 0.89773 0.00000 -3458730.34280 -0.89773 -0.44055 0.00000 2090623.47277 0.00000 0.00000 1.00000 -0.00000
1566535961722217 -0.44487 0.89560 0.00000 -3448626.94848 -0.89560 -0.44487 0.00000 2107251.08751 0.00000 0.00000 1.00000 -0.00000
1566535961970372 -0.45022 0.89292 0.00000 -3435951.53825 -0.89292 -0.45022 0.00000 2127859.19994 0.00000 0.00000 1.00000 -0.00000
1566535962219594 -0.45557 0.89020 0.00000 -3423121.42686 -0.89020 -0.45557 0.00000 2148441.32771 0.00000 0.00000 1.00000 -0.00000
1566535962468881 -0.46032 0.88775 0.00000 -3411595.48232 -0.88775 -0.46032 0.00000 2166700.08709 0.00000 0.00000 1.00000 -0.00000
1566535962718426 -0.46551 0.88504 0.00000 -3398847.88313 -0.88504 -0.46551 0.00000 2186645.48521 0.00000 0.00000 1.00000 -0.00000
1566535962967575 -0.47077 0.88226 0.00000 -3385791.26051 -0.88226 -0.47077 0.00000 2206811.07625 0.00000 0.00000 1.00000 -0.00000
1566535963217037 -0.47533 0.87981 0.00000 -3374320.80762 -0.87981 -0.47533 0.00000 2224313.08645 0.00000 0.00000 1.00000 -0.00000
1566535963465845 -0.47933 0.87763 0.00000 -3364152.64331 -0.87763 -0.47933 0.00000 2239664.82298 0.00000 0.00000 1.00000 -0.00000
1566535963715873 -0.48265 0.87581 0.00000 -3355642.32440 -0.87581 -0.48265 0.00000 2252398.27853 0.00000 0.00000 1.00000 -0.00000
1566535963969252 -0.48521 0.87440 0.00000 -3349051.56367 -0.87440 -0.48521 0.00000 2262188.96726 0.00000 0.00000 1.00000 -0.00000
1566535964215720 -0.48769 0.87302 0.00000 -3342621.08927 -0.87302 -0.48769 0.00000 2271682.50748 0.00000 0.00000 1.00000 -0.00000
1566535964464719 -0.48864 0.87249 0.00000 -3340156.69467 -0.87249 -0.48864 0.00000 2275307.14135 0.00000 0.00000 1.00000 -0.00000
1566535964714580 -0.48902 0.87227 0.00000 -3339143.78515 -0.87227 -0.48902 0.00000 2276796.11087 0.00000 0.00000 1.00000 -0.00000
1566535964963805 -0.48853 0.87255 0.00000 -3340429.40732 -0.87255 -0.48853 0.00000 2274912.22775 0.00000 0.00000 1.00000 -0.00000
1566535965213028 -0.48741 0.87317 0.00000 -3343360.64502 -0.87317 -0.48741 0.00000 2270604.89294 0.00000 0.00000 1.00000 -0.00000
1566535965462506 -0.48673 0.87355 0.00000 -3345116.88573 -0.87355 -0.48673 0.00000 2268019.60495 0.00000 0.00000 1.00000 -0.00000
1566535965711447 -0.48601 0.87395 0.00000 -3346995.60110 -0.87395 -0.48601 0.00000 2265249.07126 0.00000 0.00000 1.00000 -0.00000
1566535965961306 -0.48469 0.87469 0.00000 -3350416.17604 -0.87469 -0.48469 0.00000 2260189.71627 0.00000 0.00000 1.00000 -0.00000
1566535966210347 -0.48289 0.87568 0.00000 -3355061.26732 -0.87568 -0.48289 0.00000 2253291.65508 0.00000 0.00000 1.00000 -0.00000
1566535966460196 -0.48076 0.87685 0.00000 -3360520.07754 -0.87685 -0.48076 0.00000 2245145.35869 0.00000 0.00000 1.00000 -0.00000
1566535966709669 -0.47838 0.87815 0.00000 -3366608.94485 -0.87815 -0.47838 0.00000 2236007.75099 0.00000 0.00000 1.00000 -0.00000
1566535966958344 -0.47416 0.88044 0.00000 -3377287.98636 -0.88044 -0.47416 0.00000 2219848.16489 0.00000 0.00000 1.00000 -0.00000
1566535967207470 -0.46701 0.88425 0.00000 -3395182.67340 -0.88425 -0.46701 0.00000 2192384.15615 0.00000 0.00000 1.00000 -0.00000
1566535967456521 -0.45930 0.88828 0.00000 -3414116.86312 -0.88828 -0.45930 0.00000 2162783.74879 0.00000 0.00000 1.00000 -0.00000
1566535967705834 -0.45175 0.89214 0.00000 -3432344.99526 -0.89214 -0.45175 0.00000 2133740.68912 0.00000 0.00000 1.00000 -0.00000
1566535967955168 -0.44447 0.89579 0.00000 -3449607.53402 -0.89579 -0.44447 0.00000 2105721.61133 0.00000 0.00000 1.00000 -0.00000
1566535968204630 -0.44022 0.89789 0.00000 -3459553.34713 -0.89789 -0.44022 0.00000 2089344.49864 0.00000 0.00000 1.00000 -0.00000
1566535968454562 -0.43913 0.89842 0.00000 -3462078.37029 -0.89842 -0.43913 0.00000 2085161.20119 0.00000 0.00000 1.00000 -0.00000
1566535968703572 -0.43896 0.89851 0.00000 -3462486.91442 -0.89851 -0.43896 0.00000 2084486.05607 0.00000 0.00000 1.00000 -0.00000
1566535968952282 -0.43883 0.89857 0.00000 -3462790.79316 -0.89857 -0.43883 0.00000 2083984.50508 0.00000 0.00000 1.00000 -0.00000
1566535969201451 -0.43987 0.89806 0.00000 -3460362.80385 -0.89806 -0.43987 0.00000 2088016.85894 0.00000 0.00000 1.00000 -0.00000
1566535969451207 -0.44262 0.89671 0.00000 -3453966.35426 -0.89671 -0.44262 0.00000 2098583.98015 0.00000 0.00000 1.00000 -0.00000
1566535969700123 -0.44635 0.89486 0.00000 -3445188.92998 -0.89486 -0.44635 0.00000 2112965.86538 0.00000 0.00000 1.00000 -0.00000
1566535969948797 -0.45006 0.89300 0.00000 -3436388.14716 -0.89300 -0.45006 0.00000 2127252.09315 0.00000 0.00000 1.00000 -0.00000
1566535970199345 -0.45380 0.89110 0.00000 -3427447.62097 -0.89110 -0.45380 0.00000 2141630.55729 0.00000 0.00000 1.00000 -0.00000
1566535970448327 -0.45510 0.89044 0.00000 -3424310.50085 -0.89044 -0.45510 0.00000 2146646.19688 0.00000 0.00000 1.00000 -0.00000
1566535970698069 -0.45595 0.89001 0.00000 -3422278.57339 -0.89001 -0.45595 0.00000 2149887.29316 0.00000 0.00000 1.00000 -0.00000
1566535970947902 -0.45729 0.88932 0.00000 -3419026.77553 -0.88932 -0.45729 0.00000 2155058.16414 0.00000 0.00000 1.00000 -0.00000
1566535971196936 -0.45942 0.88822 0.00000 -3413861.39474 -0.88822 -0.45942 0.00000 2163234.59377 0.00000 0.00000 1.00000 -0.00000
1566535971446379 -0.46131 0.88724 0.00000 -3409240.23929 -0.88724 -0.46131 0.00000 2170513.38668 0.00000 0.00000 1.00000 -0.00000
1566535971696472 -0.46314 0.88629 0.00000 -3404768.46390 -0.88629 -0.46314 0.00000 2177524.52384 0.00000 0.00000 1.00000 -0.00000
1566535971945458 -0.46465 0.88550 0.00000 -3401053.85839 -0.88550 -0.46465 0.00000 2183325.01064 0.00000 0.00000 1.00000 -0.00000
1566535972193585 -0.46610 0.88473 0.00000 -3397482.53725 -0.88473 -0.46610 0.00000 2188881.45664 0.00000 0.00000 1.00000 -0.00000
1566535972443994 -0.46776 0.88386 0.00000 -3393364.17760 -0.88386 -0.46776 0.00000 2195263.89069 0.00000 0.00000 1.00000 -0.00000
1566535972693063 -0.46943 0.88297 0.00000 -3389208.40155 -0.88297 -0.46943 0.00000 2201677.70430 0.00000 0.00000 1.00000 -0.00000
1566535972942235 -0.47229 0.88144 0.00000 -3382050.40268 -0.88144 -0.47229 0.00000 2212660.73440 0.00000 0.00000 1.00000 -0.00000
1566535973191337 -0.47657 0.87914 0.00000 -3371262.16562 -0.87914 -0.47657 0.00000 2229066.58945 0.00000 0.00000 1.00000 -0.00000
1566535973440911 -0.48022 0.87715 0.00000 -3361961.59557 -0.87715 -0.48022 0.00000 2243072.55617 0.00000 0.00000 1.00000 -0.00000
1566535973689887 -0.48219 0.87607 0.00000 -3356910.15701 -0.87607 -0.48219 0.00000 2250628.36860 0.00000 0.00000 1.00000 -0.00000
1566535973938534 -0.48369 0.87524 0.00000 -3353060.48267 -0.87524 -0.48369 0.00000 2256362.69570 0.00000 0.00000 1.00000 -0.00000
1566535974188261 -0.48473 0.87466 0.00000 -3350371.88056 -0.87466 -0.48473 0.00000 2260355.87777 0.00000 0.00000 1.00000 -0.00000
1566535974437413 -0.48586 0.87404 0.00000 -3347457.12693 -0.87404 -0.48586 0.00000 2264673.08565 0.00000 0.00000 1.00000 -0.00000
1566535974686237 -0.48706 0.87337 0.00000 -3344352.80964 -0.87337 -0.48706 0.00000 2269257.67417 0.00000 0.00000 1.00000 -0.00000
1566535974935524 -0.48796 0.87287 0.00000 -3342012.37770 -0.87287 -0.48796 0.00000 2272705.85897 0.00000 0.00000 1.00000 -0.00000
1566535975184318 -0.48936 0.87208 0.00000 -3338348.18504 -0.87208 -0.48936 0.00000 2278087.45339 0.00000 0.00000 1.00000 -0.00000
1566535975433243 -0.48997 0.87174 0.00000 -3336761.26397 -0.87174 -0.48997 0.00000 2280413.92719 0.00000 0.00000 1.00000 -0.00000
1566535975683868 -0.49198 0.87061 0.00000 -3331489.39868 -0.87061 -0.49198 0.00000 2288111.47770 0.00000 0.00000 1.00000 -0.00000
1566535975933058 -0.49211 0.87053 0.00000 -3331158.65907 -0.87053 -0.49211 0.00000 2288595.63880 0.00000 0.00000 1.00000 -0.00000
1566535976181689 -0.49312 0.86996 0.00000 -3328481.72023 -0.86996 -0.49312 0.00000 2292489.90552 0.00000 0.00000 1.00000 -0.00000
1566535976431622 -0.49406 0.86943 0.00000 -3326029.32534 -0.86943 -0.49406 0.00000 2296049.26548 0.00000 0.00000 1.00000 -0.00000
1566535976681809 -0.49485 0.86898 0.00000 -3323923.82891 -0.86898 -0.49485 0.00000 2299099.10134 0.00000 0.00000 1.00000 -0.00000
1566535976930836 -0.49784 0.86727 0.00000 -3315992.91639 -0.86727 -0.49784 0.00000 2310525.96452 0.00000 0.00000 1.00000 -0.00000
1566535977179717 -0.50318 0.86418 0.00000 -3301668.10241 -0.86418 -0.50318 0.00000 2330952.59934 0.00000 0.00000 1.00000 -0.00000
1566535977429376 -0.50882 0.86087 0.00000 -3286378.72475 -0.86087 -0.50882 0.00000 2352462.61806 0.00000 0.00000 1.00000 -0.00000
1566535977678580 -0.51461 0.85743 0.00000 -3270457.78290 -0.85743 -0.51461 0.00000 2374549.36323 0.00000 0.00000 1.00000 -0.00000
1566535977928312 -0.52001 0.85416 0.00000 -3255387.50212 -0.85416 -0.52001 0.00000 2395171.05772 0.00000 0.00000 1.00000 -0.00000
1566535978178137 -0.52547 0.85081 0.00000 -3239990.39029 -0.85081 -0.52547 0.00000 2415961.06312 0.00000 0.00000 1.00000 -0.00000
1566535978427401 -0.53068 0.84757 0.00000 -3225109.68973 -0.84757 -0.53068 0.00000 2435792.79526 0.00000 0.00000 1.00000 -0.00000
1566535978676334 -0.53579 0.84435 0.00000 -3210347.18403 -0.84435 -0.53579 0.00000 2455219.65040 0.00000 0.00000 1.00000 -0.00000
1566535978926425 -0.54068 0.84123 0.00000 -3196030.65448 -0.84123 -0.54068 0.00000 2473829.89232 0.00000 0.00000 1.00000 -0.00000
1566535979175626 -0.54493 0.83848 0.00000 -3183485.86292 -0.83848 -0.54493 0.00000 2489955.39069 0.00000 0.00000 1.00000 -0.00000
1566535979424735 -0.54645 0.83749 0.00000 -3178956.87481 -0.83749 -0.54645 0.00000 2495737.79023 0.00000 0.00000 1.00000 -0.00000
1566535979674289 -0.54635 0.83756 0.00000 -3179278.99021 -0.83756 -0.54635 0.00000 2495330.23360 0.00000 0.00000 1.00000 -0.00000
1566535979923768 -0.54641 0.83752 0.00000 -3179100.52328 -0.83752 -0.54641 0.00000 2495560.39398 0.00000 0.00000 1.00000 -0.00000
1566535980172969 -0.54676 0.83729 0.00000 -3178064.83599 -0.83729 -0.54676 0.00000 2496882.00293 0.00000 0.00000 1.00000 -0.00000
1566535980422127 -0.54612 0.83771 0.00000 -3179973.62652 -0.83771 -0.54612 0.00000 2494453.37319 0.00000 0.00000 1.00000 -0.00000
1566535980671616 -0.54416 0.83898 0.00000 -3185785.10578 -0.83898 -0.54416 0.00000 2487029.81462 0.00000 0.00000 1.00000 -0.00000
1566535980921562 -0.54199 0.84039 0.00000 -3192206.95587 -0.84039 -0.54199 0.00000 2478784.56362 0.00000 0.00000 1.00000 -0.00000
1566535981169093 -0.54024 0.84151 0.00000 -3197356.95772 -0.84151 -0.54024 0.00000 2472140.89647 0.00000 0.00000 1.00000 -0.00000
1566535981419259 -0.53995 0.84170 0.00000 -3198209.10787 -0.84170 -0.53995 0.00000 2471041.21461 0.00000 0.00000 1.00000 -0.00000
1566535981667658 -0.54015 0.84157 0.00000 -3197612.33981 -0.84157 -0.54015 0.00000 2471816.19342 0.00000 0.00000 1.00000 -0.00000
1566535981916786 -0.54043 0.84139 0.00000 -3196814.80751 -0.84139 -0.54043 0.00000 2472850.32035 0.00000 0.00000 1.00000 -0.00000
1566535982166163 -0.54049 0.84135 0.00000 -3196627.58218 -0.84135 -0.54049 0.00000 2473095.08784 0.00000 0.00000 1.00000 -0.00000
1566535982414448 -0.54062 0.84127 0.00000 -3196261.16888 -0.84127 -0.54062 0.00000 2473571.37995 0.00000 0.00000 1.00000 -0.00000
1566535982664049 -0.54192 0.84043 0.00000 -3192417.09758 -0.84043 -0.54192 0.00000 2478533.29933 0.00000 0.00000 1.00000 -0.00000
1566535982913658 -0.54227 0.84020 0.00000 -3191382.81080 -0.84020 -0.54227 0.00000 2479867.63994 0.00000 0.00000 1.00000 -0.00000
1566535983162925 -0.54376 0.83924 0.00000 -3186990.43770 -0.83924 -0.54376 0.00000 2485512.71663 0.00000 0.00000 1.00000 -0.00000
1566535983421548 -0.54487 0.83852 0.00000 -3183703.71538 -0.83852 -0.54487 0.00000 2489724.20113 0.00000 0.00000 1.00000 -0.00000
1566535983662858 -0.54599 0.83779 0.00000 -3180365.50597 -0.83779 -0.54599 0.00000 2493989.72814 0.00000 0.00000 1.00000 -0.00000
1566535983912697 -0.54711 0.83706 0.00000 -3177039.26132 -0.83706 -0.54711 0.00000 2498228.39143 0.00000 0.00000 1.00000 -0.00000
1566535984162658 -0.54797 0.83650 0.00000 -3174464.83340 -0.83650 -0.54797 0.00000 2501501.70979 0.00000 0.00000 1.00000 -0.00000
1566535984411541 -0.54930 0.83562 0.00000 -3170475.91153 -0.83562 -0.54930 0.00000 2506558.29265 0.00000 0.00000 1.00000 -0.00000
1566535984660719 -0.55077 0.83466 0.00000 -3166082.03130 -0.83466 -0.55077 0.00000 2512108.82798 0.00000 0.00000 1.00000 -0.00000
1566535984910198 -0.55328 0.83299 0.00000 -3158495.93726 -0.83299 -0.55328 0.00000 2521643.07384 0.00000 0.00000 1.00000 -0.00000
1566535985158693 -0.55624 0.83102 0.00000 -3149519.20650 -0.83102 -0.55624 0.00000 2532848.84036 0.00000 0.00000 1.00000 -0.00000
1566535985407990 -0.55927 0.82898 0.00000 -3140234.91892 -0.82898 -0.55927 0.00000 2544353.18886 0.00000 0.00000 1.00000 -0.00000
1566535985658251 -0.56222 0.82699 0.00000 -3131158.90436 -0.82699 -0.56222 0.00000 2555516.86186 0.00000 0.00000 1.00000 -0.00000
1566535985906115 -0.56520 0.82496 0.00000 -3121939.79181 -0.82496 -0.56520 0.00000 2566773.87906 0.00000 0.00000 1.00000 -0.00000
1566535986154945 -0.56814 0.82293 0.00000 -3112760.62664 -0.82293 -0.56814 0.00000 2577900.51388 0.00000 0.00000 1.00000 -0.00000
1566535986404525 -0.57075 0.82113 0.00000 -3104562.31869 -0.82113 -0.57075 0.00000 2587770.46827 0.00000 0.00000 1.00000 -0.00000
1566535986653842 -0.57355 0.81917 0.00000 -3095700.15310 -0.81917 -0.57355 0.00000 2598368.13437 0.00000 0.00000 1.00000 -0.00000
1566535986902837 -0.57620 0.81731 0.00000 -3087260.25928 -0.81731 -0.57620 0.00000 2608392.87280 0.00000 0.00000 1.00000 -0.00000
1566535987151898 -0.58015 0.81451 0.00000 -3074597.67514 -0.81451 -0.58015 0.00000 2623309.18029 0.00000 0.00000 1.00000 -0.00000
1566535987400709 -0.58462 0.81130 0.00000 -3060130.71514 -0.81130 -0.58462 0.00000 2640173.20356 0.00000 0.00000 1.00000 -0.00000
1566535987650504 -0.59085 0.80678 0.00000 -3039713.41063 -0.80678 -0.59085 0.00000 2663657.15633 0.00000 0.00000 1.00000 -0.00000
1566535987899399 -0.59639 0.80269 0.00000 -3021310.15631 -0.80269 -0.59639 0.00000 2684515.68522 0.00000 0.00000 1.00000 -0.00000
1566535988148827 -0.60116 0.79913 0.00000 -3005265.61390 -0.79913 -0.60116 0.00000 2702467.46753 0.00000 0.00000 1.00000 -0.00000
1566535988399196 -0.60557 0.79579 0.00000 -2990295.33707 -0.79579 -0.60557 0.00000 2719025.18027 0.00000 0.00000 1.00000 -0.00000
1566535988647555 -0.60979 0.79256 0.00000 -2975802.09755 -0.79256 -0.60979 0.00000 2734881.74735 0.00000 0.00000 1.00000 -0.00000
1566535988897368 -0.61260 0.79039 0.00000 -2966077.88946 -0.79039 -0.61260 0.00000 2745427.17450 0.00000 0.00000 1.00000 -0.00000
1566535989146665 -0.61402 0.78929 0.00000 -2961139.84394 -0.78929 -0.61402 0.00000 2750754.67927 0.00000 0.00000 1.00000 -0.00000
1566535989395665 -0.61460 0.78884 0.00000 -2959124.13858 -0.78884 -0.61460 0.00000 2752925.13234 0.00000 0.00000 1.00000 -0.00000
1566535989644515 -0.61542 0.78820 0.00000 -2956267.03704 -0.78820 -0.61542 0.00000 2755995.19685 0.00000 0.00000 1.00000 -0.00000
1566535989893912 -0.61628 0.78753 0.00000 -2953236.49622 -0.78753 -0.61628 0.00000 2759244.50371 0.00000 0.00000 1.00000 -0.00000
1566535990143298 -0.61729 0.78674 0.00000 -2949708.32827 -0.78674 -0.61729 0.00000 2763017.98773 0.00000 0.00000 1.00000 -0.00000
1566535990390917 -0.61846 0.78582 0.00000 -2945594.06019 -0.78582 -0.61846 0.00000 2767405.76158 0.00000 0.00000 1.00000 -0.00000
1566535990641307 -0.62118 0.78367 0.00000 -2935981.00219 -0.78367 -0.62118 0.00000 2777604.36498 0.00000 0.00000 1.00000 -0.00000
1566535990889304 -0.62339 0.78191 0.00000 -2928140.24991 -0.78191 -0.62339 0.00000 2785870.86747 0.00000 0.00000 1.00000 -0.00000
1566535991138701 -0.62615 0.77970 0.00000 -2918255.85976 -0.77970 -0.62615 0.00000 2796225.32131 0.00000 0.00000 1.00000 -0.00000
1566535991388608 -0.62895 0.77744 0.00000 -2908186.19759 -0.77744 -0.62895 0.00000 2806698.70824 0.00000 0.00000 1.00000 -0.00000
1566535991637627 -0.63141 0.77545 0.00000 -2899303.49236 -0.77545 -0.63141 0.00000 2815875.57704 0.00000 0.00000 1.00000 -0.00000
1566535991885929 -0.63406 0.77329 0.00000 -2889643.01415 -0.77329 -0.63406 0.00000 2825790.29555 0.00000 0.00000 1.00000 -0.00000
1566535992136439 -0.63555 0.77206 0.00000 -2884173.20934 -0.77206 -0.63555 0.00000 2831374.93978 0.00000 0.00000 1.00000 -0.00000
1566535992385594 -0.63641 0.77135 0.00000 -2881023.35030 -0.77135 -0.63641 0.00000 2834582.03053 0.00000 0.00000 1.00000 -0.00000
1566535992634829 -0.63710 0.77078 0.00000 -2878507.61627 -0.77078 -0.63710 0.00000 2837138.77450 0.00000 0.00000 1.00000 -0.00000
1566535992885839 -0.63561 0.77201 0.00000 -2883961.92280 -0.77201 -0.63561 0.00000 2831596.38772 0.00000 0.00000 1.00000 -0.00000
1566535993135817 -0.63396 0.77337 0.00000 -2890023.59826 -0.77337 -0.63396 0.00000 2825411.51871 0.00000 0.00000 1.00000 -0.00000
1566535993384408 -0.63207 0.77491 0.00000 -2896902.23129 -0.77491 -0.63207 0.00000 2818360.55796 0.00000 0.00000 1.00000 -0.00000
1566535993633431 -0.62878 0.77759 0.00000 -2908838.30071 -0.77759 -0.62878 0.00000 2806041.81076 0.00000 0.00000 1.00000 -0.00000
1566535993882767 -0.62605 0.77978 0.00000 -2918633.25924 -0.77978 -0.62605 0.00000 2795854.57687 0.00000 0.00000 1.00000 -0.00000
1566535994132061 -0.62293 0.78228 0.00000 -2929791.01904 -0.78228 -0.62293 0.00000 2784162.25182 0.00000 0.00000 1.00000 -0.00000
1566535994381470 -0.62125 0.78361 0.00000 -2935761.92810 -0.78361 -0.62125 0.00000 2777867.63346 0.00000 0.00000 1.00000 -0.00000
1566535994633921 -0.62208 0.78296 0.00000 -2932829.01988 -0.78296 -0.62208 0.00000 2780966.10185 0.00000 0.00000 1.00000 -0.00000
1566535994879805 -0.62359 0.78175 0.00000 -2927449.61355 -0.78175 -0.62359 0.00000 2786630.33939 0.00000 0.00000 1.00000 -0.00000
1566535995128661 -0.62520 0.78046 0.00000 -2921684.78077 -0.78046 -0.62520 0.00000 2792676.01448 0.00000 0.00000 1.00000 -0.00000
1566535995377466 -0.62732 0.77876 0.00000 -2914104.69794 -0.77876 -0.62732 0.00000 2800586.74082 0.00000 0.00000 1.00000 -0.00000
1566535995626465 -0.62952 0.77698 0.00000 -2906161.71157 -0.77698 -0.62952 0.00000 2808830.29446 0.00000 0.00000 1.00000 -0.00000
1566535995875973 -0.63156 0.77533 0.00000 -2898779.86714 -0.77533 -0.63156 0.00000 2816449.93459 0.00000 0.00000 1.00000 -0.00000
1566535996126472 -0.63533 0.77224 0.00000 -2885012.22117 -0.77224 -0.63533 0.00000 2830553.12605 0.00000 0.00000 1.00000 -0.00000
1566535996375487 -0.63855 0.76958 0.00000 -2873182.76683 -0.76958 -0.63855 0.00000 2842562.02297 0.00000 0.00000 1.00000 -0.00000
1566535996625312 -0.64142 0.76719 0.00000 -2862556.78342 -0.76719 -0.64142 0.00000 2853264.50558 0.00000 0.00000 1.00000 -0.00000
1566535996874985 -0.64493 0.76424 0.00000 -2849449.18372 -0.76424 -0.64493 0.00000 2866356.70439 0.00000 0.00000 1.00000 -0.00000
1566535997123500 -0.64951 0.76035 0.00000 -2832160.27531 -0.76035 -0.64951 0.00000 2883442.62303 0.00000 0.00000 1.00000 -0.00000
1566535997372041 -0.65442 0.75613 0.00000 -2813450.96523 -0.75613 -0.65442 0.00000 2901702.72000 0.00000 0.00000 1.00000 -0.00000
1566535997621630 -0.66018 0.75111 0.00000 -2791171.00377 -0.75111 -0.66018 0.00000 2923142.36725 0.00000 0.00000 1.00000 -0.00000
1566535997870885 -0.66621 0.74576 0.00000 -2767533.39126 -0.74576 -0.66621 0.00000 2945533.51163 0.00000 0.00000 1.00000 -0.00000
1566535998119407 -0.67411 0.73863 0.00000 -2736022.13375 -0.73863 -0.67411 0.00000 2974828.30018 0.00000 0.00000 1.00000 -0.00000
1566535998368776 -0.68281 0.73059 0.00000 -2700604.57603 -0.73059 -0.68281 0.00000 3007019.66272 0.00000 0.00000 1.00000 -0.00000
1566535998617993 -0.69016 0.72365 0.00000 -2670063.11164 -0.72365 -0.69016 0.00000 3034173.20615 0.00000 0.00000 1.00000 -0.00000
1566535998866642 -0.69634 0.71771 0.00000 -2643972.79892 -0.71771 -0.69634 0.00000 3056936.94827 0.00000 0.00000 1.00000 -0.00000
1566535999115959 -0.70232 0.71186 0.00000 -2618309.73773 -0.71186 -0.70232 0.00000 3078948.09304 0.00000 0.00000 1.00000 -0.00000
1566535999364723 -0.70821 0.70600 0.00000 -2592627.48777 -0.70600 -0.70821 0.00000 3100606.62512 0.00000 0.00000 1.00000 -0.00000
1566535999614206 -0.71411 0.70003 0.00000 -2566522.19082 -0.70003 -0.71411 0.00000 3122251.42718 0.00000 0.00000 1.00000 -0.00000
1566535999863257 -0.71977 0.69421 0.00000 -2541076.97170 -0.69421 -0.71977 0.00000 3142996.83527 0.00000 0.00000 1.00000 -0.00000
1566536000111994 -0.72524 0.68850 0.00000 -2516145.44263 -0.68850 -0.72524 0.00000 3162992.93860 0.00000 0.00000 1.00000 -0.00000
1566536000360143 -0.73012 0.68332 0.00000 -2493588.44745 -0.68332 -0.73012 0.00000 3180808.01260 0.00000 0.00000 1.00000 -0.00000
1566536000608759 -0.73337 0.67983 0.00000 -2478398.95833 -0.67983 -0.73337 0.00000 3192659.09315 0.00000 0.00000 1.00000 -0.00000
1566536000857652 -0.73559 0.67743 0.00000 -2467939.45798 -0.67743 -0.73559 0.00000 3200752.80121 0.00000 0.00000 1.00000 -0.00000
1566536001107043 -0.73804 0.67475 0.00000 -2456306.98365 -0.67475 -0.73804 0.00000 3209689.92463 0.00000 0.00000 1.00000 -0.00000
1566536001355501 -0.73984 0.67278 0.00000 -2447741.24647 -0.67278 -0.73984 0.00000 3216228.43911 0.00000 0.00000 1.00000 -0.00000
1566536001604452 -0.74252 0.66982 0.00000 -2434871.16279 -0.66982 -0.74252 0.00000 3225984.13799 0.00000 0.00000 1.00000 -0.00000
1566536001853983 -0.74495 0.66712 0.00000 -2423121.66925 -0.66712 -0.74495 0.00000 3234820.06984 0.00000 0.00000 1.00000 -0.00000
1566536002104487 -0.74760 0.66415 0.00000 -2410239.94508 -0.66415 -0.74760 0.00000 3244430.78340 0.00000 0.00000 1.00000 -0.00000
1566536002354006 -0.75048 0.66090 0.00000 -2396144.47202 -0.66090 -0.75048 0.00000 3254855.96574 0.00000 0.00000 1.00000 -0.00000
1566536002603207 -0.75283 0.65822 0.00000 -2384520.14527 -0.65822 -0.75283 0.00000 3263382.76218 0.00000 0.00000 1.00000 -0.00000
1566536002852439 -0.75658 0.65390 0.00000 -2365835.84260 -0.65390 -0.75658 0.00000 3276954.63604 0.00000 0.00000 1.00000 -0.00000
1566536003101281 -0.75930 0.65074 0.00000 -2352126.15409 -0.65074 -0.75930 0.00000 3286810.15205 0.00000 0.00000 1.00000 -0.00000
1566536003351159 -0.76162 0.64803 0.00000 -2340391.62274 -0.64803 -0.76162 0.00000 3295177.22822 0.00000 0.00000 1.00000 -0.00000
1566536003600539 -0.76391 0.64532 0.00000 -2328698.12166 -0.64532 -0.76391 0.00000 3303452.48738 0.00000 0.00000 1.00000 -0.00000
1566536003849119 -0.76653 0.64221 0.00000 -2315251.61735 -0.64221 -0.76653 0.00000 3312891.55214 0.00000 0.00000 1.00000 -0.00000
1566536004098458 -0.76883 0.63946 0.00000 -2303349.36450 -0.63946 -0.76883 0.00000 3321178.90224 0.00000 0.00000 1.00000 -0.00000
1566536004347194 -0.77014 0.63788 0.00000 -2296523.14380 -0.63788 -0.77014 0.00000 3325903.78440 0.00000 0.00000 1.00000 -0.00000
1566536004596184 -0.77093 0.63692 0.00000 -2292388.48326 -0.63692 -0.77093 0.00000 3328755.96268 0.00000 0.00000 1.00000 -0.00000
1566536004846103 -0.77102 0.63682 0.00000 -2291951.72817 -0.63682 -0.77102 0.00000 3329057.66447 0.00000 0.00000 1.00000 -0.00000
1566536005094977 -0.77006 0.63797 0.00000 -2296935.38841 -0.63797 -0.77006 0.00000 3325622.01539 0.00000 0.00000 1.00000 -0.00000
1566536005344215 -0.76593 0.64293 0.00000 -2318352.61128 -0.64293 -0.76593 0.00000 3310728.22450 0.00000 0.00000 1.00000 -0.00000
1566536005593381 -0.75341 0.65756 0.00000 -2381668.99522 -0.65756 -0.75341 0.00000 3265476.87277 0.00000 0.00000 1.00000 -0.00000
1566536005842476 -0.73149 0.68185 0.00000 -2487213.46708 -0.68185 -0.73149 0.00000 3185821.99901 0.00000 0.00000 1.00000 -0.00000
1566536006092005 -0.69850 0.71561 0.00000 -2634786.83610 -0.71561 -0.69850 0.00000 3064897.59913 0.00000 0.00000 1.00000 -0.00000
1566536006341131 -0.65237 0.75790 0.00000 -2821340.18508 -0.75790 -0.65237 0.00000 2894087.94042 0.00000 0.00000 1.00000 -0.00000
1566536006589787 -0.59152 0.80629 0.00000 -3037634.63940 -0.80629 -0.59152 0.00000 2666174.76841 0.00000 0.00000 1.00000 -0.00000
1566536006839274 -0.51420 0.85767 0.00000 -3271811.07362 -0.85767 -0.51420 0.00000 2372966.76606 0.00000 0.00000 1.00000 -0.00000
1566536007088097 -0.42596 0.90474 0.00000 -3492479.40103 -0.90474 -0.42596 0.00000 2034284.59240 0.00000 0.00000 1.00000 -0.00000
1566536007337607 -0.32415 0.94601 0.00000 -3694541.90895 -0.94601 -0.32415 0.00000 1638930.72880 0.00000 0.00000 1.00000 -0.00000
1566536007587108 -0.21602 0.97639 0.00000 -3855020.59166 -0.97639 -0.21602 0.00000 1214313.78619 0.00000 0.00000 1.00000 -0.00000
1566536007836676 -0.10467 0.99451 0.00000 -3967265.55601 -0.99451 -0.10467 0.00000 772369.04150 0.00000 0.00000 1.00000 -0.00000
1566536008085894 0.01513 0.99989 -0.00000 -4031197.15563 -0.99989 0.01513 0.00000 291903.66950 0.00000 -0.00000 1.00000 0.00000
1566536008334491 0.13839 0.99038 -0.00000 -4036411.11041 -0.99038 0.13839 0.00000 -207730.59325 0.00000 -0.00000 1.00000 0.00000
1566536008583787 0.26273 0.96487 -0.00000 -3977583.08524 -0.96487 0.26273 0.00000 -717361.74615 0.00000 -0.00000 1.00000 0.00000
1566536008832646 0.38493 0.92295 -0.00000 -3851910.75512 -0.92295 0.38493 0.00000 -1224159.68290 0.00000 -0.00000 1.00000 0.00000
1566536009082198 0.50270 0.86446 -0.00000 -3657982.77129 -0.86446 0.50270 0.00000 -1718997.84577 0.00000 -0.00000 1.00000 0.00000
1566536009331690 0.60906 0.79312 -0.00000 -3408283.87068 -0.79312 0.60906 0.00000 -2172418.12664 0.00000 -0.00000 1.00000 0.00000
1566536009580407 0.69425 0.71974 -0.00000 -3142874.36902 -0.71974 0.69425 0.00000 -2541288.58737 0.00000 -0.00000 1.00000 0.00000
1566536009830181 0.74798 0.66372 -0.00000 -2936276.33167 -0.66372 0.74798 0.00000 -2777426.07385 0.00000 -0.00000 1.00000 0.00000
1566536010079610 0.77874 0.62735 -0.00000 -2800701.29658 -0.62735 0.77874 0.00000 -2914085.38539 0.00000 -0.00000 1.00000 0.00000
1566536010329146 0.79848 0.60202 -0.00000 -2705688.84092 -0.60202 0.79848 0.00000 -3002511.64788 0.00000 -0.00000 1.00000 0.00000
1566536010578560 0.81371 0.58127 -0.00000 -2627532.15126 -0.58127 0.81371 0.00000 -3071141.49152 0.00000 -0.00000 1.00000 0.00000
1566536010828066 0.82566 0.56417 -0.00000 -2562894.26564 -0.56417 0.82566 0.00000 -3125286.44626 0.00000 -0.00000 1.00000 0.00000
1566536011077227 0.83479 0.55057 -0.00000 -2511364.08414 -0.55057 0.83479 0.00000 -3166843.86846 0.00000 -0.00000 1.00000 0.00000
1566536011326389 0.84078 0.54138 -0.00000 -2476472.33745 -0.54138 0.84078 0.00000 -3194204.39647 0.00000 -0.00000 1.00000 0.00000
1566536011575976 0.84537 0.53418 -0.00000 -2449111.96515 -0.53418 0.84537 0.00000 -3215231.72231 0.00000 -0.00000 1.00000 0.00000
1566536011825159 0.84823 0.52963 -0.00000 -2431777.54889 -0.52963 0.84823 0.00000 -3228363.35751 0.00000 -0.00000 1.00000 0.00000
1566536012073513 0.84942 0.52772 -0.00000 -2424502.22635 -0.52772 0.84942 0.00000 -3233831.89302 0.00000 -0.00000 1.00000 0.00000
1566536012322770 0.84937 0.52779 -0.00000 -2424793.90967 -0.52779 0.84937 0.00000 -3233614.41924 0.00000 -0.00000 1.00000 0.00000
1566536012573423 0.84862 0.52901 -0.00000 -2429430.18981 -0.52901 0.84862 0.00000 -3230133.88031 0.00000 -0.00000 1.00000 0.00000
1566536012822885 0.84826 0.52958 -0.00000 -2431614.03208 -0.52958 0.84826 0.00000 -3228491.52063 0.00000 -0.00000 1.00000 0.00000
1566536013071458 0.84812 0.52980 -0.00000 -2432452.90592 -0.52980 0.84812 0.00000 -3227860.85894 0.00000 -0.00000 1.00000 0.00000
1566536013320246 0.84774 0.53041 -0.00000 -2434746.54081 -0.53041 0.84774 0.00000 -3226132.50122 0.00000 -0.00000 1.00000 0.00000
1566536013569509 0.84766 0.53054 -0.00000 -2435244.27392 -0.53054 0.84766 0.00000 -3225758.19327 0.00000 -0.00000 1.00000 0.00000
1566536013818769 0.84783 0.53027 -0.00000 -2434228.92669 -0.53027 0.84783 0.00000 -3226525.88606 0.00000 -0.00000 1.00000 0.00000
1566536014068273 0.84789 0.53017 -0.00000 -2433843.71800 -0.53017 0.84789 0.00000 -3226817.92056 0.00000 -0.00000 1.00000 0.00000
1566536014317174 0.84674 0.53200 -0.00000 -2440838.49140 -0.53200 0.84674 0.00000 -3221531.64381 0.00000 -0.00000 1.00000 0.00000
1566536014566690 0.84500 0.53476 -0.00000 -2451323.24308 -0.53476 0.84500 0.00000 -3213562.32007 0.00000 -0.00000 1.00000 0.00000
1566536014815899 0.84236 0.53892 -0.00000 -2467131.25340 -0.53892 0.84236 0.00000 -3201443.69561 0.00000 -0.00000 1.00000 0.00000
1566536015065232 0.83976 0.54296 -0.00000 -2482507.46439 -0.54296 0.83976 0.00000 -3189536.80790 0.00000 -0.00000 1.00000 0.00000
1566536015314989 0.83872 0.54457 -0.00000 -2488609.23895 -0.54457 0.83872 0.00000 -3184779.82757 0.00000 -0.00000 1.00000 0.00000
1566536015565788 0.84059 0.54168 -0.00000 -2477620.36483 -0.54168 0.84059 0.00000 -3193337.76266 0.00000 -0.00000 1.00000 0.00000
1566536015812137 0.84291 0.53806 -0.00000 -2463861.26780 -0.53806 0.84291 0.00000 -3203967.30519 0.00000 -0.00000 1.00000 0.00000
1566536016062835 0.84512 0.53458 -0.00000 -2450631.53969 -0.53458 0.84512 0.00000 -3214099.29991 0.00000 -0.00000 1.00000 0.00000
1566536016311305 0.84727 0.53117 -0.00000 -2437670.73743 -0.53117 0.84727 0.00000 -3223941.83970 0.00000 -0.00000 1.00000 0.00000
1566536016560383 0.84912 0.52819 -0.00000 -2426349.61153 -0.52819 0.84912 0.00000 -3232472.35395 0.00000 -0.00000 1.00000 0.00000
1566536016809172 0.85042 0.52610 -0.00000 -2418395.57202 -0.52610 0.85042 0.00000 -3238429.11050 0.00000 -0.00000 1.00000 0.00000
1566536017058877 0.85011 0.52661 -0.00000 -2420328.17772 -0.52661 0.85011 0.00000 -3236986.56353 0.00000 -0.00000 1.00000 0.00000
1566536017307323 0.84781 0.53030 -0.00000 -2434382.02712 -0.53030 0.84781 0.00000 -3226432.21482 0.00000 -0.00000 1.00000 0.00000
1566536017556357 0.84530 0.53430 -0.00000 -2449584.31471 -0.53430 0.84530 0.00000 -3214907.08177 0.00000 -0.00000 1.00000 0.00000
1566536017805754 0.84400 0.53635 -0.00000 -2457386.55781 -0.53635 0.84400 0.00000 -3208948.77558 0.00000 -0.00000 1.00000 0.00000
1566536018054305 0.84311 0.53773 -0.00000 -2462660.06299 -0.53773 0.84311 0.00000 -3204905.00378 0.00000 -0.00000 1.00000 0.00000
1566536018303673 0.84318 0.53762 -0.00000 -2462242.05902 -0.53762 0.84318 0.00000 -3205227.61113 0.00000 -0.00000 1.00000 0.00000
