1547123578802910 1.00000 0.00000 0.00000 -0.00000 0.00000 1.00000 0.00000 -0.00000 0.00000 0.00000 1.00000 -0.00000
1547123579053189 1.00000 -0.00011 0.00000 0.00025 0.00011 1.00000 -0.00000 0.00189 -0.00000 0.00000 1.00000 0.00000
1547123579303131 1.00000 -0.00006 0.00000 -0.00155 0.00006 1.00000 -0.00000 0.00313 -0.00000 0.00000 1.00000 0.00000
1547123579553071 1.00000 -0.00007 0.00000 0.00083 0.00007 1.00000 -0.00000 0.00176 -0.00000 0.00000 1.00000 0.00000
1547123579802407 1.00000 -0.00012 0.00000 0.00171 0.00012 1.00000 -0.00000 -0.00477 -0.00000 0.00000 1.00000 -0.00000
1547123580051552 1.00000 0.00002 -0.00000 0.00003 -0.00002 1.00000 0.00000 -0.00055 0.00000 -0.00000 1.00000 0.00000
1547123580300494 1.00000 0.00006 -0.00000 0.00057 -0.00006 1.00000 0.00000 0.00334 0.00000 -0.00000 1.00000 0.00000
1547123580549180 1.00000 -0.00000 0.00000 0.00033 0.00000 1.00000 -0.00000 -0.00047 -0.00000 0.00000 1.00000 -0.00000
1547123580797735 1.00000 0.00003 -0.00000 0.00106 -0.00003 1.00000 0.00000 0.00570 0.00000 -0.00000 1.00000 0.00000
1547123581046226 1.00000 0.00013 -0.00000 0.00057 -0.00013 1.00000 0.00000 0.00626 0.00000 -0.00000 1.00000 0.00000
1547123581294198 1.00000 0.00012 -0.00000 -0.00003 -0.00012 1.00000 0.00000 -0.00158 0.00000 -0.00000 1.00000 0.00000
1547123581543365 1.00000 0.00002 -0.00000 -0.00147 -0.00002 1.00000 0.00000 0.00575 0.00000 -0.00000 1.00000 -0.00000
1547123581793464 1.00000 -0.00004 0.00000 0.00172 0.00004 1.00000 -0.00000 0.00370 -0.00000 0.00000 1.00000 0.00000
1547123582043132 1.00000 -0.00001 0.00000 -0.00015 0.00001 1.00000 -0.00000 0.00374 -0.00000 0.00000 1.00000 0.00000
1547123582292500 1.00000 -0.00004 0.00000 0.00517 0.00004 1.00000 -0.00000 0.00676 -0.00000 0.00000 1.00000 0.00000
1547123582542671 1.00000 0.00003 -0.00000 0.00283 -0.00003 1.00000 0.00000 0.00509 0.00000 -0.00000 1.00000 0.00000
1547123582794224 1.00000 0.00003 -0.00000 0.00345 -0.00003 1.00000 0.00000 0.00271 0.00000 -0.00000 1.00000 0.00000
1547123583045854 1.00000 0.00023 -0.00000 0.00081 -0.00023 1.00000 0.00000 -0.00039 0.00000 -0.00000 1.00000 0.00000
1547123583296639 1.00000 0.00011 -0.00000 0.00412 -0.00011 1.00000 0.00000 0.00077 0.00000 -0.00000 1.00000 0.00000
1547123583547136 1.00000 -0.00008 0.00000 0.00701 0.00008 1.00000 -0.00000 -0.00067 -0.00000 0.00000 1.00000 -0.00000
1547123583797840 1.00000 0.00002 -0.00000 0.00604 -0.00002 1.00000 0.00000 -0.00218 0.00000 -0.00000 1.00000 0.00000
1547123584048010 1.00000 -0.00026 0.00000 0.00134 0.00026 1.00000 -0.00000 -0.00344 -0.00000 0.00000 1.00000 -0.00000
1547123584298110 1.00000 -0.00002 0.00000 0.00216 0.00002 1.00000 -0.00000 -0.00308 -0.00000 0.00000 1.00000 -0.00000
1547123584548175 1.00000 0.00018 -0.00000 0.00291 -0.00018 1.00000 0.00000 0.00079 0.00000 -0.00000 1.00000 0.00000
1547123584797506 1.00000 -0.00004 0.00000 0.00268 0.00004 1.00000 -0.00000 -0.00007 -0.00000 0.00000 1.00000 -0.00000
1547123585046530 1.00000 -0.00001 0.00000 0.00067 0.00001 1.00000 -0.00000 -0.00182 -0.00000 0.00000 1.00000 -0.00000
1547123585295722 1.00000 0.00011 -0.00000 0.00261 -0.00011 1.00000 0.00000 0.00124 0.00000 -0.00000 1.00000 0.00000
1547123585544558 1.00000 -0.00021 0.00000 0.00413 0.00021 1.00000 -0.00000 0.00269 -0.00000 0.00000 1.00000 0.00000
1547123585793296 1.00000 0.00002 -0.00000 -0.00104 -0.00002 1.00000 0.00000 0.00472 0.00000 -0.00000 1.00000 -0.00000
1547123586041496 1.00000 0.00014 -0.00000 0.00270 -0.00014 1.00000 0.00000 0.00064 0.00000 -0.00000 1.00000 0.00000
1547123586289535 1.00000 -0.00014 0.00000 -0.00177 0.00014 1.00000 -0.00000 0.00326 -0.00000 0.00000 1.00000 0.00000
1547123586537976 1.00000 -0.00003 0.00000 0.00102 0.00003 1.00000 -0.00000 0.00006 -0.00000 0.00000 1.00000 0.00000
1547123586787286 1.00000 0.00001 -0.00000 0.00061 -0.00001 1.00000 0.00000 -0.00269 0.00000 -0.00000 1.00000 0.00000
1547123587037343 1.00000 -0.00019 0.00000 0.00131 0.00019 1.00000 -0.00000 -0.00276 -0.00000 0.00000 1.00000 -0.00000
1547123587286736 1.00000 -0.00022 0.00000 0.00020 0.00022 1.00000 -0.00000 -0.00244 -0.00000 0.00000 1.00000 -0.00000
1547123587535943 1.00000 -0.00013 0.00000 0.00242 0.00013 1.00000 -0.00000 0.00315 -0.00000 0.00000 1.00000 0.00000
1547123587785794 1.00000 -0.00005 0.00000 0.00072 0.00005 1.00000 -0.00000 -0.00002 -0.00000 0.00000 1.00000 -0.00000
1547123588036782 1.00000 -0.00028 0.00000 -0.00011 0.00028 1.00000 -0.00000 -0.00780 -0.00000 0.00000 1.00000 0.00000
1547123588288374 1.00000 0.00003 -0.00000 0.00029 -0.00003 1.00000 0.00000 -0.00501 0.00000 -0.00000 1.00000 0.00000
1547123588539896 1.00000 0.00004 -0.00000 -0.00001 -0.00004 1.00000 0.00000 -0.00876 0.00000 -0.00000 1.00000 0.00000
1547123588791019 1.00000 -0.00033 0.00000 0.00098 0.00033 1.00000 -0.00000 -0.00320 -0.00000 0.00000 1.00000 -0.00000
1547123589041476 1.00000 -0.00012 0.00000 0.00377 0.00012 1.00000 -0.00000 -0.00492 -0.00000 0.00000 1.00000 -0.00000
1547123589291881 1.00000 -0.00013 0.00000 -0.00027 0.00013 1.00000 -0.00000 0.00095 -0.00000 0.00000 1.00000 0.00000
1547123589542064 1.00000 -0.00001 0.00000 0.00592 0.00001 1.00000 -0.00000 -0.00868 -0.00000 0.00000 1.00000 -0.00000
1547123589791661 1.00000 -0.00023 0.00000 0.00015 0.00023 1.00000 -0.00000 -0.00416 -0.00000 0.00000 1.00000 -0.00000
1547123590041328 1.00000 -0.00010 0.00000 0.00630 0.00010 1.00000 -0.00000 -0.00301 -0.00000 0.00000 1.00000 -0.00000
1547123590290515 1.00000 0.00005 -0.00000 0.00159 -0.00005 1.00000 0.00000 -0.00414 0.00000 -0.00000 1.00000 0.00000
1547123590539724 1.00000 0.00001 -0.00000 0.00404 -0.00001 1.00000 0.00000 -0.00399 0.00000 -0.00000 1.00000 0.00000
1547123590788965 1.00000 0.00010 -0.00000 0.00128 -0.00010 1.00000 0.00000 -0.00193 0.00000 -0.00000 1.00000 0.00000
1547123591037794 1.00000 0.00011 -0.00000 0.00004 -0.00011 1.00000 0.00000 -0.00148 0.00000 -0.00000 1.00000 0.00000
1547123591286036 1.00000 0.00009 -0.00000 -0.00034 -0.00009 1.00000 0.00000 -0.00710 0.00000 -0.00000 1.00000 0.00000
1547123591534081 1.00000 0.00008 -0.00000 -0.00469 -0.00008 1.00000 0.00000 -0.00162 0.00000 -0.00000 1.00000 0.00000
1547123591782403 1.00000 -0.00004 0.00000 -0.00139 0.00004 1.00000 -0.00000 0.00134 -0.00000 0.00000 1.00000 0.00000
1547123592032370 1.00000 0.00026 -0.00000 0.00009 -0.00026 1.00000 0.00000 0.00307 0.00000 -0.00000 1.00000 0.00000
1547123592282088 1.00000 0.00007 -0.00000 0.00079 -0.00007 1.00000 0.00000 -0.00378 0.00000 -0.00000 1.00000 0.00000
1547123592531024 1.00000 0.00007 -0.00000 -0.00151 -0.00007 1.00000 0.00000 0.00114 0.00000 -0.00000 1.00000 -0.00000
1547123592780392 1.00000 0.00001 -0.00000 0.00427 -0.00001 1.00000 0.00000 -0.00024 0.00000 -0.00000 1.00000 0.00000
1547123593030591 1.00000 -0.00032 0.00000 -0.00083 0.00032 1.00000 -0.00000 -0.00652 -0.00000 0.00000 1.00000 0.00000
1547123593282164 1.00000 -0.00026 0.00000 -0.00127 0.00026 1.00000 -0.00000 -0.00217 -0.00000 0.00000 1.00000 0.00000
1547123593533787 1.00000 -0.00014 0.00000 0.00122 0.00014 1.00000 -0.00000 0.00306 -0.00000 0.00000 1.00000 0.00000
1547123593784940 1.00000 0.00009 -0.00000 -0.00098 -0.00009 1.00000 0.00000 -0.00116 0.00000 -0.00000 1.00000 0.00000
1547123594035921 1.00000 -0.00033 0.00000 0.00225 0.00033 1.00000 -0.00000 -0.00387 -0.00000 0.00000 1.00000 -0.00000
1547123594286439 1.00000 -0.00008 0.00000 -0.00110 0.00008 1.00000 -0.00000 -0.00641 -0.00000 0.00000 1.00000 0.00000
1547123594536835 1.00000 -0.00031 0.00000 0.00231 0.00031 1.00000 -0.00000 -0.00263 -0.00000 0.00000 1.00000 -0.00000
1547123594787139 1.00000 -0.00021 0.00000 0.00169 0.00021 1.00000 -0.00000 -0.00189 -0.00000 0.00000 1.00000 -0.00000
1547123595036777 1.00000 0.00008 -0.00000 0.00198 -0.00008 1.00000 0.00000 -0.00302 0.00000 -0.00000 1.00000 0.00000
1547123595285981 1.00000 -0.00005 0.00000 0.00159 0.00005 1.00000 -0.00000 -0.00238 -0.00000 0.00000 1.00000 -0.00000
1547123595535202 1.00000 0.00020 -0.00000 0.00364 -0.00020 1.00000 0.00000 0.00263 0.00000 -0.00000 1.00000 0.00000
1547123595784115 1.00000 0.00005 -0.00000 0.00259 -0.00005 1.00000 0.00000 -0.00195 0.00000 -0.00000 1.00000 0.00000
1547123596032926 1.00000 0.00024 -0.00000 -0.00056 -0.00024 1.00000 0.00000 0.00752 0.00000 -0.00000 1.00000 -0.00000
1547123596281305 1.00000 0.00035 -0.00000 0.00592 -0.00035 1.00000 0.00000 0.00705 0.00000 -0.00000 1.00000 0.00000
1547123596529189 1.00000 0.00028 -0.00000 -0.00033 -0.00028 1.00000 0.00000 0.00956 0.00000 -0.00000 1.00000 -0.00000
1547123596777342 1.00000 0.00005 -0.00000 0.00015 -0.00005 1.00000 0.00000 0.00687 0.00000 -0.00000 1.00000 0.00000
1547123597026746 1.00000 0.00028 -0.00000 0.00610 -0.00028 1.00000 0.00000 0.00558 0.00000 -0.00000 1.00000 0.00000
1547123597276657 1.00000 0.00027 -0.00000 0.00042 -0.00027 1.00000 0.00000 0.00144 0.00000 -0.00000 1.00000 0.00000
1547123597526067 1.00000 0.00034 -0.00000 0.00337 -0.00034 1.00000 0.00000 0.00462 0.00000 -0.00000 1.00000 0.00000
1547123597775460 1.00000 0.00019 -0.00000 0.00277 -0.00019 1.00000 0.00000 0.00133 0.00000 -0.00000 1.00000 0.00000
1547123598025055 1.00000 0.00017 -0.00000 0.00183 -0.00017 1.00000 0.00000 0.00313 0.00000 -0.00000 1.00000 0.00000
1547123598275939 1.00000 0.00007 -0.00000 0.00358 -0.00007 1.00000 0.00000 0.00277 0.00000 -0.00000 1.00000 0.00000
1547123598527571 1.00000 0.00026 -0.00000 0.00167 -0.00026 1.00000 0.00000 0.00435 0.00000 -0.00000 1.00000 0.00000
1547123598779036 1.00000 0.00027 -0.00000 0.00340 -0.00027 1.00000 0.00000 -0.00291 0.00000 -0.00000 1.00000 0.00000
1547123599030225 1.00000 0.00018 -0.00000 0.00442 -0.00018 1.00000 0.00000 0.00315 0.00000 -0.00000 1.00000 0.00000
1547123599281219 1.00000 0.00034 -0.00000 0.00480 -0.00034 1.00000 0.00000 0.00324 0.00000 -0.00000 1.00000 0.00000
1547123599531713 1.00000 0.00006 -0.00000 0.00468 -0.00006 1.00000 0.00000 0.00020 0.00000 -0.00000 1.00000 0.00000
1547123599781866 1.00000 0.00030 -0.00000 0.00066 -0.00030 1.00000 0.00000 0.00358 0.00000 -0.00000 1.00000 0.00000
1547123600031613 1.00000 0.00007 -0.00000 0.00155 -0.00007 1.00000 0.00000 0.00686 0.00000 -0.00000 1.00000 0.00000
1547123600281337 1.00000 -0.00010 0.00000 0.00012 0.00010 1.00000 -0.00000 0.00460 -0.00000 0.00000 1.00000 0.00000
1547123600530745 1.00000 -0.00007 0.00000 0.00486 0.00007 1.00000 -0.00000 -0.00006 -0.00000 0.00000 1.00000 -0.00000
1547123600779752 1.00000 0.00024 -0.00000 0.00138 -0.00024 1.00000 0.00000 0.00328 0.00000 -0.00000 1.00000 0.00000
1547123601028851 1.00000 0.00015 -0.00000 0.00091 -0.00015 1.00000 0.00000 0.00296 0.00000 -0.00000 1.00000 0.00000
1547123601277679 1.00000 0.00009 -0.00000 -0.00068 -0.00009 1.00000 0.00000 0.00438 0.00000 -0.00000 1.00000 -0.00000
1547123601525966 1.00000 0.00008 -0.00000 0.00346 -0.00008 1.00000 0.00000 0.00550 0.00000 -0.00000 1.00000 0.00000
1547123601773916 1.00000 -0.00011 0.00000 -0.00239 0.00011 1.00000 -0.00000 0.00739 -0.00000 0.00000 1.00000 0.00000
1547123602021955 1.00000 0.00004 -0.00000 0.00301 -0.00004 1.00000 0.00000 0.00938 0.00000 -0.00000 1.00000 0.00000
1547123602271426 1.00000 0.00008 -0.00000 0.00415 -0.00008 1.00000 0.00000 0.00840 0.00000 -0.00000 1.00000 0.00000
1547123602521522 1.00000 -0.00016 0.00000 -0.00018 0.00016 1.00000 -0.00000 0.00180 -0.00000 0.00000 1.00000 0.00000
1547123602770891 1.00000 -0.00005 0.00000 -0.00190 0.00005 1.00000 -0.00000 0.00066 -0.00000 0.00000 1.00000 0.00000
1547123603020230 1.00000 0.00007 -0.00000 0.00462 -0.00007 1.00000 0.00000 -0.00128 0.00000 -0.00000 1.00000 0.00000
1547123603270061 1.00000 0.00003 -0.00000 0.00096 -0.00003 1.00000 0.00000 0.00522 0.00000 -0.00000 1.00000 0.00000
1547123603521100 1.00000 -0.00007 0.00000 0.00397 0.00007 1.00000 -0.00000 -0.00011 -0.00000 0.00000 1.00000 -0.00000
1547123603772754 1.00000 -0.00016 0.00000 0.00199 0.00016 1.00000 -0.00000 0.00277 -0.00000 0.00000 1.00000 0.00000
1547123604024005 1.00000 -0.00007 0.00000 0.00079 0.00007 1.00000 -0.00000 0.00031 -0.00000 0.00000 1.00000 0.00000
1547123604275043 1.00000 0.00004 -0.00000 0.00055 -0.00004 1.00000 0.00000 0.00510 0.00000 -0.00000 1.00000 0.00000
1547123604525918 1.00000 -0.00001 0.00000 0.00540 0.00001 1.00000 -0.00000 0.00150 -0.00000 0.00000 1.00000 0.00000
1547123604776396 1.00000 0.00004 -0.00000 -0.00054 -0.00004 1.00000 0.00000 0.00137 0.00000 -0.00000 1.00000 -0.00000
1547123605026320 1.00000 -0.00013 0.00000 0.00474 0.00013 1.00000 -0.00000 0.00074 -0.00000 0.00000 1.00000 0.00000
1547123605276253 1.00000 -0.00016 0.00000 0.00342 0.00016 1.00000 -0.00000 0.00405 -0.00000 0.00000 1.00000 0.00000
1547123605525696 1.00000 0.00002 -0.00000 0.00116 -0.00002 1.00000 0.00000 0.00266 0.00000 -0.00000 1.00000 0.00000
1547123605774584 1.00000 0.00020 -0.00000 -0.00722 -0.00020 1.00000 0.00000 0.01255 0.00000 -0.00000 1.00000 -0.00000
1547123606023513 1.00000 0.00019 -0.00000 -0.01056 -0.00019 1.00000 0.00000 0.00963 0.00000 -0.00000 1.00000 -0.00000
1547123606272521 1.00000 0.00093 -0.00000 -0.02046 -0.00093 1.00000 0.00000 0.01230 0.00000 -0.00000 1.00000 -0.00000
1547123606521676 1.00000 0.00226 -0.00000 -0.05783 -0.00226 1.00000 0.00000 0.02814 0.00000 -0.00000 1.00000 -0.00000
1547123606770284 0.99997 0.00746 -0.00000 -0.14015 -0.00746 0.99997 0.00000 0.01470 0.00000 -0.00000 1.00000 -0.00000
1547123607018229 0.99994 0.01094 -0.00000 -0.24265 -0.01094 0.99994 0.00000 -0.04624 0.00000 -0.00000 1.00000 0.00000
1547123607266377 0.99984 0.01774 -0.00000 -0.40848 -0.01774 0.99984 0.00000 -0.03239 0.00000 -0.00000 1.00000 0.00000
1547123607515616 0.99954 0.03020 -0.00000 -0.62330 -0.03020 0.99954 0.00000 -0.07246 0.00000 -0.00000 1.00000 0.00000
1547123607765430 0.99917 0.04081 -0.00000 -0.92614 -0.04081 0.99917 0.00000 -0.01516 0.00000 -0.00000 1.00000 0.00000
1547123608014826 0.99850 0.05480 -0.00000 -1.28257 -0.05480 0.99850 0.00000 -0.00463 0.00000 -0.00000 1.00000 0.00000
1547123608263822 0.99732 0.07319 -0.00000 -1.67368 -0.07319 0.99732 0.00000 -0.05582 0.00000 -0.00000 1.00000 0.00000
1547123608512367 0.99557 0.09407 -0.00000 -2.15940 -0.09407 0.99557 0.00000 -0.03962 0.00000 -0.00000 1.00000 0.00000
1547123608761110 0.99314 0.11695 -0.00000 -2.67231 -0.11695 0.99314 0.00000 0.00350 0.00000 -0.00000 1.00000 0.00000
1547123609010155 0.98975 0.14281 -0.00000 -3.27371 -0.14281 0.98975 0.00000 0.06135 0.00000 -0.00000 1.00000 0.00000
1547123609259141 0.98577 0.16808 -0.00000 -3.89997 -0.16808 0.98577 0.00000 0.16106 0.00000 -0.00000 1.00000 0.00000
1547123609509207 0.98258 0.18586 -0.00000 -4.62757 -0.18586 0.98258 0.00000 0.26433 0.00000 -0.00000 1.00000 0.00000
1547123609760283 0.97974 0.20025 -0.00000 -5.41065 -0.20025 0.97974 0.00000 0.30939 0.00000 -0.00000 1.00000 0.00000
1547123610011317 0.98001 0.19893 -0.00000 -6.26765 -0.19893 0.98001 0.00000 0.32790 0.00000 -0.00000 1.00000 0.00000
1547123610262703 0.98144 0.19179 -0.00000 -7.21956 -0.19179 0.98144 0.00000 0.27743 0.00000 -0.00000 1.00000 0.00000
1547123610513222 0.98370 0.17984 -0.00000 -8.21594 -0.17984 0.98370 0.00000 0.23395 0.00000 -0.00000 1.00000 0.00000
1547123610763380 0.98593 0.16715 -0.00000 -9.26921 -0.16715 0.98593 0.00000 0.12518 0.00000 -0.00000 1.00000 0.00000
1547123611013619 0.98814 0.15354 -0.00000 -10.39778 -0.15354 0.98814 0.00000 -0.00310 0.00000 -0.00000 1.00000 0.00000
1547123611263761 0.99039 0.13828 -0.00000 -11.56446 -0.13828 0.99039 0.00000 -0.09592 0.00000 -0.00000 1.00000 0.00000
1547123611513403 0.99277 0.12005 -0.00000 -12.79939 -0.12005 0.99277 0.00000 -0.28742 0.00000 -0.00000 1.00000 0.00000
1547123611762864 0.99488 0.10109 -0.00000 -14.09651 -0.10109 0.99488 0.00000 -0.52095 0.00000 -0.00000 1.00000 0.00000
1547123612011272 0.99670 0.08123 -0.00000 -15.38741 -0.08123 0.99670 0.00000 -0.76278 0.00000 -0.00000 1.00000 0.00000
1547123612259258 0.99826 0.05892 -0.00000 -16.67657 -0.05892 0.99826 0.00000 -1.09185 0.00000 -0.00000 1.00000 0.00000
1547123612507339 0.99920 0.04005 -0.00000 -17.95938 -0.04005 0.99920 0.00000 -1.35164 0.00000 -0.00000 1.00000 0.00000
1547123612755436 0.99957 0.02940 -0.00000 -19.21171 -0.02940 0.99957 0.00000 -1.52781 0.00000 -0.00000 1.00000 0.00000
1547123613004683 0.99976 0.02194 -0.00000 -20.53043 -0.02194 0.99976 0.00000 -1.60373 0.00000 -0.00000 1.00000 0.00000
1547123613254825 0.99984 0.01780 -0.00000 -21.89239 -0.01780 0.99984 0.00000 -1.76188 0.00000 -0.00000 1.00000 0.00000
1547123613504122 0.99993 0.01200 -0.00000 -23.22040 -0.01200 0.99993 0.00000 -1.85010 0.00000 -0.00000 1.00000 0.00000
1547123613753205 0.99997 0.00765 -0.00000 -24.58316 -0.00765 0.99997 0.00000 -1.94792 0.00000 -0.00000 1.00000 0.00000
1547123614002629 1.00000 0.00264 -0.00000 -25.95070 -0.00264 1.00000 0.00000 -2.07466 0.00000 -0.00000 1.00000 0.00000
1547123614251565 1.00000 0.00044 -0.00000 -27.36259 -0.00044 1.00000 0.00000 -2.09058 0.00000 -0.00000 1.00000 0.00000
1547123614500497 0.99998 -0.00558 0.00000 -28.74695 0.00558 0.99998 -0.00000 -2.29529 -0.00000 0.00000 1.00000 0.00000
1547123614750097 0.99995 -0.01015 0.00000 -30.16436 0.01015 0.99995 -0.00000 -2.32337 -0.00000 0.00000 1.00000 0.00000
1547123615001027 0.99991 -0.01344 0.00000 -31.58205 0.01344 0.99991 -0.00000 -2.39758 -0.00000 0.00000 1.00000 0.00000
1547123615252060 0.99987 -0.01606 0.00000 -33.07429 0.01606 0.99987 -0.00000 -2.44543 -0.00000 0.00000 1.00000 0.00000
1547123615502615 0.99985 -0.01733 0.00000 -34.55123 0.01733 0.99985 -0.00000 -2.52071 -0.00000 0.00000 1.00000 0.00000
1547123615753592 0.99985 -0.01713 0.00000 -36.12330 0.01713 0.99985 -0.00000 -2.42806 -0.00000 0.00000 1.00000 0.00000
1547123616004024 0.99984 -0.01779 0.00000 -37.69665 0.01779 0.99984 -0.00000 -2.45571 -0.00000 0.00000 1.00000 0.00000
1547123616253848 0.99985 -0.01753 0.00000 -39.28931 0.01753 0.99985 -0.00000 -2.38001 -0.00000 0.00000 1.00000 0.00000
1547123616503586 0.99988 -0.01561 0.00000 -40.90255 0.01561 0.99988 -0.00000 -2.25943 -0.00000 0.00000 1.00000 0.00000
1547123616753154 0.99988 -0.01561 0.00000 -42.54967 0.01561 0.99988 -0.00000 -2.24173 -0.00000 0.00000 1.00000 0.00000
1547123617002758 0.99990 -0.01442 0.00000 -44.23956 0.01442 0.99990 -0.00000 -2.15285 -0.00000 0.00000 1.00000 0.00000
1547123617251606 0.99990 -0.01379 0.00000 -45.95436 0.01379 0.99990 -0.00000 -2.06382 -0.00000 0.00000 1.00000 0.00000
1547123617500520 0.99993 -0.01196 0.00000 -47.69943 0.01196 0.99993 -0.00000 -2.02353 -0.00000 0.00000 1.00000 0.00000
1547123617749452 0.99996 -0.00888 0.00000 -49.45097 0.00888 0.99996 -0.00000 -1.84597 -0.00000 0.00000 1.00000 0.00000
1547123617997665 0.99998 -0.00566 0.00000 -51.17502 0.00566 0.99998 -0.00000 -1.66364 -0.00000 0.00000 1.00000 0.00000
1547123618245507 1.00000 -0.00235 0.00000 -52.91328 0.00235 1.00000 -0.00000 -1.43785 -0.00000 0.00000 1.00000 0.00000
1547123618494564 1.00000 -0.00093 0.00000 -54.63833 0.00093 1.00000 -0.00000 -1.35844 -0.00000 0.00000 1.00000 0.00000
1547123618744601 1.00000 0.00061 -0.00000 -56.37343 -0.00061 1.00000 0.00000 -1.24694 0.00000 -0.00000 1.00000 0.00000
1547123618994112 1.00000 0.00103 -0.00000 -58.11574 -0.00103 1.00000 0.00000 -1.22481 0.00000 -0.00000 1.00000 0.00000
1547123619243535 1.00000 0.00006 -0.00000 -59.86898 -0.00006 1.00000 0.00000 -1.27404 0.00000 -0.00000 1.00000 0.00000
1547123619492749 1.00000 -0.00209 0.00000 -61.64584 0.00209 1.00000 -0.00000 -1.34055 -0.00000 0.00000 1.00000 0.00000
1547123619741945 0.99999 -0.00446 0.00000 -63.42048 0.00446 0.99999 -0.00000 -1.46972 -0.00000 0.00000 1.00000 0.00000
1547123619991173 0.99999 -0.00435 0.00000 -65.24887 0.00435 0.99999 -0.00000 -1.43133 -0.00000 0.00000 1.00000 0.00000
1547123620240636 0.99998 -0.00597 0.00000 -67.05724 0.00597 0.99998 -0.00000 -1.53575 -0.00000 0.00000 1.00000 0.00000
1547123620491293 0.99999 -0.00514 0.00000 -68.89300 0.00514 0.99999 -0.00000 -1.41397 -0.00000 0.00000 1.00000 0.00000
1547123620742923 0.99997 -0.00714 0.00000 -70.72560 0.00714 0.99997 -0.00000 -1.55845 -0.00000 0.00000 1.00000 0.00000
1547123620993767 0.99999 -0.00514 0.00000 -72.52151 0.00514 0.99999 -0.00000 -1.32689 -0.00000 0.00000 1.00000 0.00000
1547123621244364 0.99998 -0.00665 0.00000 -74.31128 0.00665 0.99998 -0.00000 -1.41971 -0.00000 0.00000 1.00000 0.00000
1547123621494712 0.99999 -0.00537 0.00000 -76.13744 0.00537 0.99999 -0.00000 -1.28190 -0.00000 0.00000 1.00000 0.00000
1547123621744473 0.99999 -0.00435 0.00000 -77.96980 0.00435 0.99999 -0.00000 -1.14110 -0.00000 0.00000 1.00000 0.00000
1547123621994199 0.99999 -0.00324 0.00000 -79.79334 0.00324 0.99999 -0.00000 -1.02613 -0.00000 0.00000 1.00000 0.00000
1547123622244071 0.99999 -0.00403 0.00000 -81.61764 0.00403 0.99999 -0.00000 -1.08858 -0.00000 0.00000 1.00000 0.00000
1547123622493464 0.99999 -0.00442 0.00000 -83.40499 0.00442 0.99999 -0.00000 -1.08588 -0.00000 0.00000 1.00000 0.00000
1547123622742124 0.99997 -0.00750 0.00000 -85.18775 0.00750 0.99997 -0.00000 -1.29440 -0.00000 0.00000 1.00000 0.00000
1547123622990367 0.99995 -0.00995 0.00000 -86.94911 0.00995 0.99995 -0.00000 -1.47335 -0.00000 0.00000 1.00000 0.00000
1547123623238869 0.99994 -0.01140 0.00000 -88.70820 0.01140 0.99994 -0.00000 -1.54885 -0.00000 0.00000 1.00000 0.00000
1547123623487014 0.99995 -0.01008 0.00000 -90.42754 0.01008 0.99995 -0.00000 -1.40533 -0.00000 0.00000 1.00000 0.00000
1547123623735089 0.99996 -0.00919 0.00000 -92.17663 0.00919 0.99996 -0.00000 -1.27166 -0.00000 0.00000 1.00000 0.00000
1547123623985249 0.99998 -0.00572 0.00000 -93.92192 0.00572 0.99998 -0.00000 -0.96977 -0.00000 0.00000 1.00000 0.00000
1547123624237071 1.00000 -0.00074 0.00000 -95.67600 0.00074 1.00000 -0.00000 -0.43383 -0.00000 0.00000 1.00000 0.00000
1547123624487901 1.00000 0.00311 -0.00000 -97.36633 -0.00311 1.00000 0.00000 -0.07585 0.00000 -0.00000 1.00000 0.00000
1547123624738420 0.99996 0.00909 -0.00000 -99.00474 -0.00909 0.99996 0.00000 0.54873 0.00000 -0.00000 1.00000 0.00000
1547123624989376 0.99986 0.01696 -0.00000 -100.68484 -0.01696 0.99986 0.00000 1.34259 0.00000 -0.00000 1.00000 0.00000
1547123625241471 0.99975 0.02224 -0.00000 -102.37636 -0.02224 0.99975 0.00000 1.92940 0.00000 -0.00000 1.00000 0.00000
1547123625494384 0.99956 0.02974 -0.00000 -104.02565 -0.02974 0.99956 0.00000 2.74321 0.00000 -0.00000 1.00000 0.00000
1547123625746524 0.99945 0.03316 -0.00000 -105.63562 -0.03316 0.99945 0.00000 3.12128 0.00000 -0.00000 1.00000 0.00000
1547123625998063 0.99925 0.03870 -0.00000 -107.23714 -0.03870 0.99925 0.00000 3.72928 0.00000 -0.00000 1.00000 0.00000
1547123626247714 0.99906 0.04342 -0.00000 -108.84763 -0.04342 0.99906 0.00000 4.23669 0.00000 -0.00000 1.00000 0.00000
1547123626495512 0.99881 0.04869 -0.00000 -110.41543 -0.04869 0.99881 0.00000 4.84192 0.00000 -0.00000 1.00000 0.00000
1547123626742729 0.99868 0.05139 -0.00000 -111.92137 -0.05139 0.99868 0.00000 5.15259 0.00000 -0.00000 1.00000 0.00000
1547123626989654 0.99850 0.05477 -0.00000 -113.44623 -0.05477 0.99850 0.00000 5.55166 0.00000 -0.00000 1.00000 0.00000
1547123627236411 0.99835 0.05741 -0.00000 -114.92797 -0.05741 0.99835 0.00000 5.83639 0.00000 -0.00000 1.00000 0.00000
1547123627484230 0.99806 0.06230 -0.00000 -116.38812 -0.06230 0.99806 0.00000 6.42179 0.00000 -0.00000 1.00000 0.00000
1547123627733036 0.99791 0.06461 -0.00000 -117.83067 -0.06461 0.99791 0.00000 6.66455 0.00000 -0.00000 1.00000 0.00000
1547123627983194 0.99780 0.06625 -0.00000 -119.28041 -0.06625 0.99780 0.00000 6.88880 0.00000 -0.00000 1.00000 0.00000
1547123628234755 0.99781 0.06617 -0.00000 -120.76450 -0.06617 0.99781 0.00000 6.90454 0.00000 -0.00000 1.00000 0.00000
1547123628486016 0.99809 0.06179 -0.00000 -122.24898 -0.06179 0.99809 0.00000 6.36716 0.00000 -0.00000 1.00000 0.00000
1547123628737943 0.99836 0.05722 -0.00000 -123.75270 -0.05722 0.99836 0.00000 5.84063 0.00000 -0.00000 1.00000 0.00000
1547123628990668 0.99871 0.05078 -0.00000 -125.24309 -0.05078 0.99871 0.00000 5.07188 0.00000 -0.00000 1.00000 0.00000
1547123629242083 0.99906 0.04342 -0.00000 -126.68786 -0.04342 0.99906 0.00000 4.16260 0.00000 -0.00000 1.00000 0.00000
1547123629492441 0.99926 0.03842 -0.00000 -128.14141 -0.03842 0.99926 0.00000 3.51776 0.00000 -0.00000 1.00000 0.00000
1547123629741947 0.99951 0.03131 -0.00000 -129.59360 -0.03131 0.99951 0.00000 2.66029 0.00000 -0.00000 1.00000 0.00000
1547123629992574 0.99976 0.02193 -0.00000 -131.03972 -0.02193 0.99976 0.00000 1.44442 0.00000 -0.00000 1.00000 0.00000
1547123630244302 0.99985 0.01749 -0.00000 -132.51071 -0.01749 0.99985 0.00000 0.87603 0.00000 -0.00000 1.00000 0.00000
1547123630495774 0.99995 0.00964 -0.00000 -133.99902 -0.00964 0.99995 0.00000 -0.16725 0.00000 -0.00000 1.00000 0.00000
1547123630747060 0.99998 0.00560 -0.00000 -135.47682 -0.00560 0.99998 0.00000 -0.64705 0.00000 -0.00000 1.00000 0.00000
1547123630997689 0.99999 0.00382 -0.00000 -136.92722 -0.00382 0.99999 0.00000 -0.88404 0.00000 -0.00000 1.00000 0.00000
1547123631247714 1.00000 0.00304 -0.00000 -138.39975 -0.00304 1.00000 0.00000 -0.96277 0.00000 -0.00000 1.00000 0.00000
1547123631497919 0.99999 0.00493 -0.00000 -139.90599 -0.00493 0.99999 0.00000 -0.63381 0.00000 -0.00000 1.00000 0.00000
1547123631747741 0.99998 0.00621 -0.00000 -141.36846 -0.00621 0.99998 0.00000 -0.41590 0.00000 -0.00000 1.00000 0.00000
1547123631997279 0.99997 0.00741 -0.00000 -142.84853 -0.00741 0.99997 0.00000 -0.17797 0.00000 -0.00000 1.00000 0.00000
1547123632246556 0.99996 0.00874 -0.00000 -144.34383 -0.00874 0.99996 0.00000 -0.01690 0.00000 -0.00000 1.00000 0.00000
1547123632495250 0.99994 0.01108 -0.00000 -145.81048 -0.01108 0.99994 0.00000 0.37591 0.00000 -0.00000 1.00000 0.00000
1547123632743486 0.99994 0.01115 -0.00000 -147.18199 -0.01115 0.99994 0.00000 0.36203 0.00000 -0.00000 1.00000 0.00000
1547123632991673 0.99990 0.01388 -0.00000 -148.55049 -0.01388 0.99990 0.00000 0.81815 0.00000 -0.00000 1.00000 0.00000
1547123633239434 0.99987 0.01617 -0.00000 -149.90583 -0.01617 0.99987 0.00000 1.17184 0.00000 -0.00000 1.00000 0.00000
1547123633488286 0.99983 0.01827 -0.00000 -151.30202 -0.01827 0.99983 0.00000 1.44855 0.00000 -0.00000 1.00000 0.00000
1547123633739167 0.99983 0.01849 -0.00000 -152.68489 -0.01849 0.99983 0.00000 1.53013 0.00000 -0.00000 1.00000 0.00000
1547123633990247 0.99983 0.01817 -0.00000 -154.10148 -0.01817 0.99983 0.00000 1.47364 0.00000 -0.00000 1.00000 0.00000
1547123634241235 0.99985 0.01709 -0.00000 -155.52599 -0.01709 0.99985 0.00000 1.32032 0.00000 -0.00000 1.00000 0.00000
1547123634492230 0.99984 0.01798 -0.00000 -156.96932 -0.01798 0.99984 0.00000 1.47132 0.00000 -0.00000 1.00000 0.00000
1547123634744311 0.99985 0.01726 -0.00000 -158.44865 -0.01726 0.99985 0.00000 1.38190 0.00000 -0.00000 1.00000 0.00000
1547123634997520 0.99983 0.01859 -0.00000 -159.94649 -0.01859 0.99983 0.00000 1.60273 0.00000 -0.00000 1.00000 0.00000
1547123635250418 0.99981 0.01960 -0.00000 -161.45768 -0.01960 0.99981 0.00000 1.81579 0.00000 -0.00000 1.00000 0.00000
1547123635501763 0.99979 0.02027 -0.00000 -162.99333 -0.02027 0.99979 0.00000 1.94107 0.00000 -0.00000 1.00000 0.00000
1547123635751425 0.99974 0.02263 -0.00000 -164.54698 -0.02263 0.99974 0.00000 2.36611 0.00000 -0.00000 1.00000 0.00000
1547123635998898 0.99974 0.02275 -0.00000 -166.08753 -0.02275 0.99974 0.00000 2.41172 0.00000 -0.00000 1.00000 0.00000
1547123636245284 0.99966 0.02623 -0.00000 -167.68011 -0.02623 0.99966 0.00000 3.02377 0.00000 -0.00000 1.00000 0.00000
1547123636492660 0.99959 0.02867 -0.00000 -169.28127 -0.02867 0.99959 0.00000 3.44879 0.00000 -0.00000 1.00000 0.00000
1547123636740624 0.99958 0.02892 -0.00000 -170.89087 -0.02892 0.99958 0.00000 3.53170 0.00000 -0.00000 1.00000 0.00000
1547123636989665 0.99951 0.03126 -0.00000 -172.55791 -0.03126 0.99951 0.00000 3.97676 0.00000 -0.00000 1.00000 0.00000
1547123637239639 0.99948 0.03237 -0.00000 -174.25865 -0.03237 0.99948 0.00000 4.19770 0.00000 -0.00000 1.00000 0.00000
1547123637490035 0.99945 0.03317 -0.00000 -175.98374 -0.03317 0.99945 0.00000 4.37557 0.00000 -0.00000 1.00000 0.00000
1547123637740123 0.99940 0.03462 -0.00000 -177.71104 -0.03462 0.99940 0.00000 4.64517 0.00000 -0.00000 1.00000 0.00000
1547123637989589 0.99928 0.03786 -0.00000 -179.43497 -0.03786 0.99928 0.00000 5.28762 0.00000 -0.00000 1.00000 0.00000
1547123638239098 0.99928 0.03786 -0.00000 -181.22638 -0.03786 0.99928 0.00000 5.29745 0.00000 -0.00000 1.00000 0.00000
1547123638489764 0.99919 0.04019 -0.00000 -183.01675 -0.04019 0.99919 0.00000 5.76148 0.00000 -0.00000 1.00000 0.00000
1547123638740823 0.99909 0.04264 -0.00000 -184.82159 -0.04264 0.99909 0.00000 6.23612 0.00000 -0.00000 1.00000 0.00000
1547123638991892 0.99913 0.04173 -0.00000 -186.65216 -0.04173 0.99913 0.00000 6.12524 0.00000 -0.00000 1.00000 0.00000
1547123639243005 0.99906 0.04331 -0.00000 -188.45514 -0.04331 0.99906 0.00000 6.49321 0.00000 -0.00000 1.00000 0.00000
1547123639493309 0.99899 0.04498 -0.00000 -190.18250 -0.04498 0.99899 0.00000 6.80459 0.00000 -0.00000 1.00000 0.00000
1547123639743639 0.99903 0.04399 -0.00000 -191.94920 -0.04399 0.99903 0.00000 6.63020 0.00000 -0.00000 1.00000 0.00000
1547123639995903 0.99897 0.04540 -0.00000 -193.73388 -0.04540 0.99897 0.00000 6.96412 0.00000 -0.00000 1.00000 0.00000
1547123640249167 0.99891 0.04669 -0.00000 -195.51917 -0.04669 0.99891 0.00000 7.25297 0.00000 -0.00000 1.00000 0.00000
1547123640502090 0.99884 0.04808 -0.00000 -197.22256 -0.04808 0.99884 0.00000 7.52869 0.00000 -0.00000 1.00000 0.00000
1547123640753719 0.99884 0.04817 -0.00000 -198.86928 -0.04817 0.99884 0.00000 7.56691 0.00000 -0.00000 1.00000 0.00000
1547123641003079 0.99874 0.05018 -0.00000 -200.49312 -0.05018 0.99874 0.00000 7.97582 0.00000 -0.00000 1.00000 0.00000
1547123641250824 0.99870 0.05106 -0.00000 -202.03895 -0.05106 0.99870 0.00000 8.12665 0.00000 -0.00000 1.00000 0.00000
1547123641498296 0.99864 0.05206 -0.00000 -203.56673 -0.05206 0.99864 0.00000 8.35500 0.00000 -0.00000 1.00000 0.00000
1547123641745686 0.99853 0.05419 -0.00000 -205.04716 -0.05419 0.99853 0.00000 8.78351 0.00000 -0.00000 1.00000 0.00000
1547123641993452 0.99849 0.05497 -0.00000 -206.57881 -0.05497 0.99849 0.00000 8.96628 0.00000 -0.00000 1.00000 0.00000
1547123642242122 0.99837 0.05706 -0.00000 -208.09182 -0.05706 0.99837 0.00000 9.40702 0.00000 -0.00000 1.00000 0.00000
1547123642492454 0.99838 0.05682 -0.00000 -209.64886 -0.05682 0.99838 0.00000 9.35208 0.00000 -0.00000 1.00000 0.00000
1547123642742964 0.99853 0.05412 -0.00000 -211.21475 -0.05412 0.99853 0.00000 8.79802 0.00000 -0.00000 1.00000 0.00000
1547123642992573 0.99876 0.04980 -0.00000 -212.82169 -0.04980 0.99876 0.00000 7.90658 0.00000 -0.00000 1.00000 0.00000
1547123643241956 0.99904 0.04391 -0.00000 -214.43839 -0.04391 0.99904 0.00000 6.69366 0.00000 -0.00000 1.00000 0.00000
1547123643491972 0.99927 0.03830 -0.00000 -216.06916 -0.03830 0.99927 0.00000 5.48215 0.00000 -0.00000 1.00000 0.00000
1547123643743244 0.99951 0.03139 -0.00000 -217.74015 -0.03139 0.99951 0.00000 4.04379 0.00000 -0.00000 1.00000 0.00000
1547123643995121 0.99973 0.02320 -0.00000 -219.44050 -0.02320 0.99973 0.00000 2.25911 0.00000 -0.00000 1.00000 0.00000
1547123644246118 0.99978 0.02083 -0.00000 -221.14659 -0.02083 0.99978 0.00000 1.77937 0.00000 -0.00000 1.00000 0.00000
1547123644496362 0.99980 0.02014 -0.00000 -222.81473 -0.02014 0.99980 0.00000 1.67207 0.00000 -0.00000 1.00000 0.00000
1547123644747338 0.99960 0.02813 -0.00000 -224.49388 -0.02813 0.99960 0.00000 3.53203 0.00000 -0.00000 1.00000 0.00000
1547123644999556 0.99908 0.04299 -0.00000 -226.15757 -0.04299 0.99908 0.00000 6.85196 0.00000 -0.00000 1.00000 0.00000
1547123645252103 0.99809 0.06185 -0.00000 -227.80974 -0.06185 0.99809 0.00000 11.16881 0.00000 -0.00000 1.00000 0.00000
1547123645504412 0.99688 0.07890 -0.00000 -229.32002 -0.07890 0.99688 0.00000 15.04511 0.00000 -0.00000 1.00000 0.00000
1547123645755362 0.99523 0.09758 -0.00000 -230.72197 -0.09758 0.99523 0.00000 19.35557 0.00000 -0.00000 1.00000 0.00000
1547123646004205 0.99390 0.11032 -0.00000 -232.23423 -0.11032 0.99390 0.00000 22.34281 0.00000 -0.00000 1.00000 0.00000
1547123646253110 0.99297 0.11836 -0.00000 -233.83159 -0.11836 0.99297 0.00000 24.24340 0.00000 -0.00000 1.00000 0.00000
1547123646502010 0.99231 0.12379 -0.00000 -235.59594 -0.12379 0.99231 0.00000 25.53067 0.00000 -0.00000 1.00000 0.00000
1547123646750657 0.99154 0.12980 -0.00000 -237.23480 -0.12980 0.99154 0.00000 26.95527 0.00000 -0.00000 1.00000 0.00000
1547123646999222 0.99086 0.13491 -0.00000 -238.95309 -0.13491 0.99086 0.00000 28.19102 0.00000 -0.00000 1.00000 0.00000
1547123647247247 0.99042 0.13807 -0.00000 -240.72032 -0.13807 0.99042 0.00000 28.94637 0.00000 -0.00000 1.00000 0.00000
1547123647494853 0.98992 0.14162 -0.00000 -242.52076 -0.14162 0.98992 0.00000 29.86079 0.00000 -0.00000 1.00000 0.00000
1547123647742767 0.98913 0.14705 -0.00000 -244.29443 -0.14705 0.98913 0.00000 31.21789 0.00000 -0.00000 1.00000 0.00000
1547123647992275 0.98909 0.14733 -0.00000 -246.23721 -0.14733 0.98909 0.00000 31.28505 0.00000 -0.00000 1.00000 0.00000
1547123648243765 0.98924 0.14629 -0.00000 -248.28518 -0.14629 0.98924 0.00000 31.05860 0.00000 -0.00000 1.00000 0.00000
1547123648496315 0.98973 0.14295 -0.00000 -250.38820 -0.14295 0.98973 0.00000 30.24637 0.00000 -0.00000 1.00000 0.00000
1547123648748805 0.98987 0.14197 -0.00000 -252.42499 -0.14197 0.98987 0.00000 30.02888 0.00000 -0.00000 1.00000 0.00000
1547123649001061 0.99013 0.14013 -0.00000 -254.49391 -0.14013 0.99013 0.00000 29.56930 0.00000 -0.00000 1.00000 0.00000
1547123649252022 0.99003 0.14086 -0.00000 -256.49864 -0.14086 0.99003 0.00000 29.81199 0.00000 -0.00000 1.00000 0.00000
1547123649502465 0.98997 0.14128 -0.00000 -258.50865 -0.14128 0.98997 0.00000 29.94247 0.00000 -0.00000 1.00000 0.00000
1547123649753916 0.99019 0.13974 -0.00000 -260.55190 -0.13974 0.99019 0.00000 29.60319 0.00000 -0.00000 1.00000 0.00000
1547123650004956 0.99073 0.13588 -0.00000 -262.67667 -0.13588 0.99073 0.00000 28.62196 0.00000 -0.00000 1.00000 0.00000
1547123650256032 0.99085 0.13494 -0.00000 -264.70837 -0.13494 0.99085 0.00000 28.33237 0.00000 -0.00000 1.00000 0.00000
1547123650507450 0.99089 0.13469 -0.00000 -266.74674 -0.13469 0.99089 0.00000 28.30406 0.00000 -0.00000 1.00000 0.00000
1547123650757834 0.99105 0.13346 -0.00000 -268.75076 -0.13346 0.99105 0.00000 28.00050 0.00000 -0.00000 1.00000 0.00000
1547123651008218 0.99128 0.13176 -0.00000 -270.76122 -0.13176 0.99128 0.00000 27.55417 0.00000 -0.00000 1.00000 0.00000
1547123651258572 0.99103 0.13360 -0.00000 -272.72472 -0.13360 0.99103 0.00000 28.11386 0.00000 -0.00000 1.00000 0.00000
1547123651508457 0.99096 0.13413 -0.00000 -274.70439 -0.13413 0.99096 0.00000 28.24431 0.00000 -0.00000 1.00000 0.00000
1547123651757522 0.99080 0.13533 -0.00000 -276.63106 -0.13533 0.99080 0.00000 28.63344 0.00000 -0.00000 1.00000 0.00000
1547123652006381 0.99049 0.13757 -0.00000 -278.47923 -0.13757 0.99049 0.00000 29.24446 0.00000 -0.00000 1.00000 0.00000
1547123652255162 0.99038 0.13838 -0.00000 -280.44079 -0.13838 0.99038 0.00000 29.50923 0.00000 -0.00000 1.00000 0.00000
1547123652503763 0.99041 0.13815 -0.00000 -282.43994 -0.13815 0.99041 0.00000 29.48601 0.00000 -0.00000 1.00000 0.00000
1547123652752088 0.99077 0.13557 -0.00000 -284.48511 -0.13557 0.99077 0.00000 28.74812 0.00000 -0.00000 1.00000 0.00000
1547123653001176 0.99108 0.13326 -0.00000 -286.58625 -0.13326 0.99108 0.00000 28.15301 0.00000 -0.00000 1.00000 0.00000
1547123653250479 0.99088 0.13473 -0.00000 -288.59443 -0.13473 0.99088 0.00000 28.59658 0.00000 -0.00000 1.00000 0.00000
1547123653499499 0.99077 0.13554 -0.00000 -290.61587 -0.13554 0.99077 0.00000 28.88876 0.00000 -0.00000 1.00000 0.00000
1547123653748830 0.99124 0.13207 -0.00000 -292.76040 -0.13207 0.99124 0.00000 27.94293 0.00000 -0.00000 1.00000 0.00000
1547123653998063 0.99112 0.13295 -0.00000 -294.86393 -0.13295 0.99112 0.00000 28.24585 0.00000 -0.00000 1.00000 0.00000
1547123654247402 0.99118 0.13254 -0.00000 -296.99126 -0.13254 0.99118 0.00000 28.13552 0.00000 -0.00000 1.00000 0.00000
1547123654497800 0.99155 0.12973 -0.00000 -299.18472 -0.12973 0.99155 0.00000 27.32682 0.00000 -0.00000 1.00000 0.00000
1547123654749027 0.99198 0.12637 -0.00000 -301.43165 -0.12637 0.99198 0.00000 26.37154 0.00000 -0.00000 1.00000 0.00000
1547123654999907 0.99220 0.12468 -0.00000 -303.58492 -0.12468 0.99220 0.00000 25.91636 0.00000 -0.00000 1.00000 0.00000
1547123655250761 0.99268 0.12077 -0.00000 -305.89085 -0.12077 0.99268 0.00000 24.77496 0.00000 -0.00000 1.00000 0.00000
1547123655501287 0.99335 0.11510 -0.00000 -308.23591 -0.11510 0.99335 0.00000 23.08321 0.00000 -0.00000 1.00000 0.00000
1547123655751571 0.99366 0.11244 -0.00000 -310.45980 -0.11244 0.99366 0.00000 22.24706 0.00000 -0.00000 1.00000 0.00000
1547123656001281 0.99395 0.10984 -0.00000 -312.69918 -0.10984 0.99395 0.00000 21.46868 0.00000 -0.00000 1.00000 0.00000
1547123656250890 0.99417 0.10780 -0.00000 -314.91819 -0.10780 0.99417 0.00000 20.92813 0.00000 -0.00000 1.00000 0.00000
1547123656500277 0.99456 0.10420 -0.00000 -317.15538 -0.10420 0.99456 0.00000 19.81919 0.00000 -0.00000 1.00000 0.00000
1547123656749099 0.99484 0.10150 -0.00000 -319.38140 -0.10150 0.99484 0.00000 18.97175 0.00000 -0.00000 1.00000 0.00000
1547123656997620 0.99537 0.09611 -0.00000 -321.68714 -0.09611 0.99537 0.00000 17.32170 0.00000 -0.00000 1.00000 0.00000
1547123657245821 0.99536 0.09619 -0.00000 -323.86501 -0.09619 0.99536 0.00000 17.45010 0.00000 -0.00000 1.00000 0.00000
1547123657493719 0.99529 0.09698 -0.00000 -326.00326 -0.09698 0.99529 0.00000 17.71518 0.00000 -0.00000 1.00000 0.00000
1547123657741687 0.99550 0.09473 -0.00000 -328.23537 -0.09473 0.99550 0.00000 17.02971 0.00000 -0.00000 1.00000 0.00000
1547123657990861 0.99546 0.09516 -0.00000 -330.44292 -0.09516 0.99546 0.00000 17.22795 0.00000 -0.00000 1.00000 0.00000
1547123658240457 0.99585 0.09104 -0.00000 -332.67666 -0.09104 0.99585 0.00000 15.84393 0.00000 -0.00000 1.00000 0.00000
1547123658489500 0.99592 0.09023 -0.00000 -334.87443 -0.09023 0.99592 0.00000 15.62595 0.00000 -0.00000 1.00000 0.00000
1547123658738814 0.99590 0.09042 -0.00000 -337.09792 -0.09042 0.99590 0.00000 15.74445 0.00000 -0.00000 1.00000 0.00000
1547123658988384 0.99607 0.08862 -0.00000 -339.30545 -0.08862 0.99607 0.00000 15.13592 0.00000 -0.00000 1.00000 0.00000
1547123659237924 0.99581 0.09147 -0.00000 -341.47030 -0.09147 0.99581 0.00000 16.16905 0.00000 -0.00000 1.00000 0.00000
1547123659486939 0.99581 0.09142 -0.00000 -343.64518 -0.09142 0.99581 0.00000 16.19955 0.00000 -0.00000 1.00000 0.00000
1547123659736541 0.99576 0.09201 -0.00000 -345.81478 -0.09201 0.99576 0.00000 16.40085 0.00000 -0.00000 1.00000 0.00000
1547123659987608 0.99587 0.09074 -0.00000 -348.08129 -0.09074 0.99587 0.00000 16.09264 0.00000 -0.00000 1.00000 0.00000
1547123660238914 0.99601 0.08920 -0.00000 -350.35043 -0.08920 0.99601 0.00000 15.55357 0.00000 -0.00000 1.00000 0.00000
1547123660489814 0.99654 0.08311 -0.00000 -352.65370 -0.08311 0.99654 0.00000 13.43091 0.00000 -0.00000 1.00000 0.00000
1547123660740286 0.99702 0.07711 -0.00000 -354.89789 -0.07711 0.99702 0.00000 11.37306 0.00000 -0.00000 1.00000 0.00000
1547123660990880 0.99788 0.06507 -0.00000 -357.18754 -0.06507 0.99788 0.00000 7.15031 0.00000 -0.00000 1.00000 0.00000
1547123661240601 0.99855 0.05376 -0.00000 -359.45230 -0.05376 0.99855 0.00000 3.07204 0.00000 -0.00000 1.00000 0.00000
1547123661490268 0.99934 0.03634 -0.00000 -361.66220 -0.03634 0.99934 0.00000 -3.16455 0.00000 -0.00000 1.00000 0.00000
1547123661740035 0.99981 0.01954 -0.00000 -363.74676 -0.01954 0.99981 0.00000 -9.13680 0.00000 -0.00000 1.00000 0.00000
1547123661989337 1.00000 0.00108 -0.00000 -365.69213 -0.00108 1.00000 0.00000 -15.86680 0.00000 -0.00000 1.00000 0.00000
1547123662238173 0.99987 -0.01607 0.00000 -367.64795 0.01607 0.99987 -0.00000 -22.08519 -0.00000 0.00000 1.00000 0.00000
1547123662486666 0.99943 -0.03386 0.00000 -369.34080 0.03386 0.99943 -0.00000 -28.61019 -0.00000 0.00000 1.00000 0.00000
1547123662735023 0.99881 -0.04870 0.00000 -371.05737 0.04870 0.99881 -0.00000 -34.03402 -0.00000 0.00000 1.00000 0.00000
