1547824819123090 1.00000 0.00000 0.00000 -0.00000 0.00000 1.00000 0.00000 -0.00000 0.00000 0.00000 1.00000 -0.00000
1547824819371845 1.00000 -0.00009 0.00000 -0.00250 0.00009 1.00000 -0.00000 0.00155 -0.00000 0.00000 1.00000 0.00000
1547824819622545 1.00000 -0.00008 0.00000 0.00171 0.00008 1.00000 -0.00000 0.00622 -0.00000 0.00000 1.00000 0.00000
1547824819873996 1.00000 -0.00009 0.00000 -0.00153 0.00009 1.00000 -0.00000 0.00856 -0.00000 0.00000 1.00000 0.00000
1547824820125061 1.00000 -0.00004 0.00000 -0.00223 0.00004 1.00000 -0.00000 0.00654 -0.00000 0.00000 1.00000 0.00000
1547824820375822 1.00000 -0.00009 0.00000 -0.00309 0.00009 1.00000 -0.00000 0.00278 -0.00000 0.00000 1.00000 0.00000
1547824820626211 1.00000 -0.00004 0.00000 -0.00035 0.00004 1.00000 -0.00000 0.00708 -0.00000 0.00000 1.00000 0.00000
1547824820875915 1.00000 0.00001 -0.00000 -0.00074 -0.00001 1.00000 0.00000 0.00539 0.00000 -0.00000 1.00000 -0.00000
1547824821125550 1.00000 -0.00001 0.00000 0.00269 0.00001 1.00000 -0.00000 0.00038 -0.00000 0.00000 1.00000 0.00000
1547824821375720 1.00000 -0.00001 0.00000 0.00122 0.00001 1.00000 -0.00000 0.00714 -0.00000 0.00000 1.00000 0.00000
1547824821626183 1.00000 -0.00006 0.00000 -0.00240 0.00006 1.00000 -0.00000 0.00200 -0.00000 0.00000 1.00000 0.00000
1547824821877818 1.00000 -0.00004 0.00000 0.00188 0.00004 1.00000 -0.00000 -0.00302 -0.00000 0.00000 1.00000 -0.00000
1547824822130148 1.00000 -0.00002 0.00000 -0.00320 0.00002 1.00000 -0.00000 -0.00213 -0.00000 0.00000 1.00000 0.00000
1547824822381860 1.00000 -0.00006 0.00000 -0.00260 0.00006 1.00000 -0.00000 -0.00918 -0.00000 0.00000 1.00000 0.00000
1547824822633275 1.00000 -0.00023 0.00000 0.00061 0.00023 1.00000 -0.00000 0.00088 -0.00000 0.00000 1.00000 0.00000
1547824822884923 1.00000 -0.00009 0.00000 0.00131 0.00009 1.00000 -0.00000 0.00188 -0.00000 0.00000 1.00000 0.00000
1547824823136898 1.00000 -0.00026 0.00000 0.00174 0.00026 1.00000 -0.00000 0.00123 -0.00000 0.00000 1.00000 0.00000
1547824823388609 1.00000 -0.00014 0.00000 0.00079 0.00014 1.00000 -0.00000 0.00460 -0.00000 0.00000 1.00000 0.00000
1547824823640078 1.00000 -0.00001 0.00000 0.00007 0.00001 1.00000 -0.00000 0.00157 -0.00000 0.00000 1.00000 0.00000
1547824823891351 1.00000 -0.00007 0.00000 -0.00359 0.00007 1.00000 -0.00000 -0.00759 -0.00000 0.00000 1.00000 0.00000
1547824824143446 1.00000 -0.00022 0.00000 -0.00014 0.00022 1.00000 -0.00000 -0.00240 -0.00000 0.00000 1.00000 0.00000
1547824824397099 1.00000 -0.00009 0.00000 0.00022 0.00009 1.00000 -0.00000 0.00144 -0.00000 0.00000 1.00000 0.00000
1547824824649967 1.00000 -0.00011 0.00000 -0.00195 0.00011 1.00000 -0.00000 -0.00498 -0.00000 0.00000 1.00000 0.00000
1547824824900291 1.00000 -0.00018 0.00000 -0.00256 0.00018 1.00000 -0.00000 -0.00934 -0.00000 0.00000 1.00000 0.00000
1547824825149224 1.00000 -0.00017 0.00000 -0.00333 0.00017 1.00000 -0.00000 -0.01238 -0.00000 0.00000 1.00000 0.00000
1547824825397332 1.00000 -0.00017 0.00000 0.00162 0.00017 1.00000 -0.00000 -0.00870 -0.00000 0.00000 1.00000 -0.00000
1547824825645344 1.00000 0.00003 -0.00000 -0.00237 -0.00003 1.00000 0.00000 0.00042 0.00000 -0.00000 1.00000 -0.00000
1547824825892896 1.00000 -0.00011 0.00000 -0.00273 0.00011 1.00000 -0.00000 0.00385 -0.00000 0.00000 1.00000 0.00000
1547824826140508 1.00000 -0.00014 0.00000 0.00237 0.00014 1.00000 -0.00000 -0.00296 -0.00000 0.00000 1.00000 -0.00000
1547824826388431 1.00000 -0.00022 0.00000 -0.00473 0.00022 1.00000 -0.00000 -0.00335 -0.00000 0.00000 1.00000 0.00000
1547824826637706 1.00000 -0.00014 0.00000 -0.00143 0.00014 1.00000 -0.00000 -0.00253 -0.00000 0.00000 1.00000 0.00000
1547824826888525 1.00000 0.00007 -0.00000 0.00216 -0.00007 1.00000 0.00000 -0.00043 0.00000 -0.00000 1.00000 0.00000
1547824827139461 1.00000 -0.00008 0.00000 0.00072 0.00008 1.00000 -0.00000 0.00472 -0.00000 0.00000 1.00000 0.00000
1547824827390345 1.00000 -0.00016 0.00000 0.00334 0.00016 1.00000 -0.00000 0.00122 -0.00000 0.00000 1.00000 0.00000
1547824827641155 1.00000 -0.00019 0.00000 -0.00041 0.00019 1.00000 -0.00000 0.00026 -0.00000 0.00000 1.00000 0.00000
1547824827891290 1.00000 -0.00018 0.00000 0.00405 0.00018 1.00000 -0.00000 0.00229 -0.00000 0.00000 1.00000 0.00000
1547824828140937 1.00000 -0.00014 0.00000 0.00262 0.00014 1.00000 -0.00000 0.00577 -0.00000 0.00000 1.00000 0.00000
1547824828390939 1.00000 -0.00001 0.00000 -0.00142 0.00001 1.00000 -0.00000 0.00145 -0.00000 0.00000 1.00000 0.00000
1547824828640974 1.00000 -0.00004 0.00000 -0.00018 0.00004 1.00000 -0.00000 0.00539 -0.00000 0.00000 1.00000 0.00000
1547824828892369 1.00000 -0.00016 0.00000 -0.00104 0.00016 1.00000 -0.00000 0.00467 -0.00000 0.00000 1.00000 0.00000
1547824829144762 1.00000 -0.00014 0.00000 0.00375 0.00014 1.00000 -0.00000 0.00304 -0.00000 0.00000 1.00000 0.00000
1547824829396831 1.00000 -0.00012 0.00000 -0.00247 0.00012 1.00000 -0.00000 -0.00067 -0.00000 0.00000 1.00000 0.00000
1547824829648682 1.00000 -0.00014 0.00000 0.00042 0.00014 1.00000 -0.00000 0.00045 -0.00000 0.00000 1.00000 0.00000
1547824829900320 1.00000 -0.00013 0.00000 -0.00270 0.00013 1.00000 -0.00000 -0.00250 -0.00000 0.00000 1.00000 0.00000
1547824830151406 1.00000 -0.00005 0.00000 0.00161 0.00005 1.00000 -0.00000 -0.00388 -0.00000 0.00000 1.00000 -0.00000
1547824830401582 1.00000 -0.00014 0.00000 -0.00343 0.00014 1.00000 -0.00000 -0.00722 -0.00000 0.00000 1.00000 0.00000
1547824830651459 1.00000 -0.00007 0.00000 0.00048 0.00007 1.00000 -0.00000 0.00373 -0.00000 0.00000 1.00000 0.00000
1547824830901072 1.00000 -0.00020 0.00000 0.00018 0.00020 1.00000 -0.00000 -0.00135 -0.00000 0.00000 1.00000 -0.00000
1547824831151734 1.00000 -0.00027 0.00000 0.00125 0.00027 1.00000 -0.00000 0.00037 -0.00000 0.00000 1.00000 0.00000
1547824831404071 1.00000 -0.00023 0.00000 0.00043 0.00023 1.00000 -0.00000 -0.00082 -0.00000 0.00000 1.00000 -0.00000
1547824831656658 1.00000 -0.00016 0.00000 -0.00349 0.00016 1.00000 -0.00000 -0.00790 -0.00000 0.00000 1.00000 0.00000
1547824831908478 1.00000 -0.00016 0.00000 -0.00169 0.00016 1.00000 -0.00000 -0.00850 -0.00000 0.00000 1.00000 0.00000
1547824832159564 1.00000 -0.00030 0.00000 -0.00182 0.00030 1.00000 -0.00000 -0.00604 -0.00000 0.00000 1.00000 0.00000
1547824832409652 1.00000 -0.00012 0.00000 0.00067 0.00012 1.00000 -0.00000 -0.00309 -0.00000 0.00000 1.00000 -0.00000
1547824832659006 1.00000 0.00013 -0.00000 0.00316 -0.00013 1.00000 0.00000 0.00566 0.00000 -0.00000 1.00000 0.00000
1547824832907870 1.00000 -0.00019 0.00000 0.00238 0.00019 1.00000 -0.00000 -0.00425 -0.00000 0.00000 1.00000 -0.00000
1547824833156363 1.00000 -0.00003 0.00000 0.00248 0.00003 1.00000 -0.00000 0.00445 -0.00000 0.00000 1.00000 0.00000
1547824833404917 1.00000 0.00004 -0.00000 -0.00028 -0.00004 1.00000 0.00000 0.00109 0.00000 -0.00000 1.00000 -0.00000
1547824833653130 1.00000 0.00013 -0.00000 0.00465 -0.00013 1.00000 0.00000 0.00489 0.00000 -0.00000 1.00000 0.00000
1547824833901139 1.00000 -0.00008 0.00000 0.00510 0.00008 1.00000 -0.00000 0.00167 -0.00000 0.00000 1.00000 0.00000
1547824834149153 1.00000 -0.00007 0.00000 0.00563 0.00007 1.00000 -0.00000 0.00011 -0.00000 0.00000 1.00000 0.00000
1547824834397236 1.00000 0.00007 -0.00000 0.00225 -0.00007 1.00000 0.00000 0.00070 0.00000 -0.00000 1.00000 0.00000
1547824834645637 1.00000 0.00015 -0.00000 0.00365 -0.00015 1.00000 0.00000 0.00420 0.00000 -0.00000 1.00000 0.00000
1547824834895046 1.00000 0.00002 -0.00000 0.00319 -0.00002 1.00000 0.00000 0.00802 0.00000 -0.00000 1.00000 0.00000
1547824835144923 1.00000 -0.00016 0.00000 0.00268 0.00016 1.00000 -0.00000 0.00423 -0.00000 0.00000 1.00000 0.00000
1547824835395190 1.00000 -0.00004 0.00000 0.00070 0.00004 1.00000 -0.00000 -0.00249 -0.00000 0.00000 1.00000 -0.00000
1547824835646323 1.00000 -0.00005 0.00000 0.00151 0.00005 1.00000 -0.00000 0.00140 -0.00000 0.00000 1.00000 0.00000
1547824835898312 1.00000 -0.00013 0.00000 0.00759 0.00013 1.00000 -0.00000 -0.00012 -0.00000 0.00000 1.00000 -0.00000
1547824836150392 1.00000 -0.00018 0.00000 0.00132 0.00018 1.00000 -0.00000 0.00629 -0.00000 0.00000 1.00000 0.00000
1547824836402103 1.00000 -0.00019 0.00000 -0.00202 0.00019 1.00000 -0.00000 -0.00040 -0.00000 0.00000 1.00000 0.00000
1547824836653911 1.00000 -0.00002 0.00000 -0.00274 0.00002 1.00000 -0.00000 -0.00388 -0.00000 0.00000 1.00000 0.00000
1547824836904747 1.00000 -0.00015 0.00000 -0.00188 0.00015 1.00000 -0.00000 -0.00394 -0.00000 0.00000 1.00000 0.00000
1547824837154567 1.00000 -0.00024 0.00000 -0.00146 0.00024 1.00000 -0.00000 0.00126 -0.00000 0.00000 1.00000 0.00000
1547824837404247 1.00000 -0.00005 0.00000 -0.00160 0.00005 1.00000 -0.00000 0.00250 -0.00000 0.00000 1.00000 0.00000
1547824837653944 1.00000 0.00016 -0.00000 0.00141 -0.00016 1.00000 0.00000 0.00101 0.00000 -0.00000 1.00000 0.00000
1547824837904519 1.00000 -0.00003 0.00000 0.00016 0.00003 1.00000 -0.00000 0.00204 -0.00000 0.00000 1.00000 0.00000
1547824838156155 1.00000 -0.00010 0.00000 -0.00252 0.00010 1.00000 -0.00000 0.00304 -0.00000 0.00000 1.00000 0.00000
1547824838408514 1.00000 -0.00015 0.00000 0.00069 0.00015 1.00000 -0.00000 -0.00164 -0.00000 0.00000 1.00000 -0.00000
1547824838660664 1.00000 0.00011 -0.00000 -0.00363 -0.00011 1.00000 0.00000 -0.00194 0.00000 -0.00000 1.00000 0.00000
1547824838912231 1.00000 0.00017 -0.00000 0.00235 -0.00017 1.00000 0.00000 -0.00419 0.00000 -0.00000 1.00000 0.00000
1547824839162364 1.00000 -0.00002 0.00000 -0.00979 0.00002 1.00000 -0.00000 -0.00054 -0.00000 0.00000 1.00000 0.00000
1547824839411412 1.00000 0.00011 -0.00000 -0.00255 -0.00011 1.00000 0.00000 0.00449 0.00000 -0.00000 1.00000 -0.00000
1547824839660638 1.00000 -0.00000 0.00000 -0.00339 0.00000 1.00000 -0.00000 -0.00194 -0.00000 0.00000 1.00000 0.00000
1547824839909837 1.00000 -0.00005 0.00000 -0.00090 0.00005 1.00000 -0.00000 0.00167 -0.00000 0.00000 1.00000 0.00000
1547824840158483 1.00000 -0.00003 0.00000 -0.00552 0.00003 1.00000 -0.00000 -0.00121 -0.00000 0.00000 1.00000 0.00000
1547824840406965 1.00000 -0.00020 0.00000 -0.00455 0.00020 1.00000 -0.00000 -0.00193 -0.00000 0.00000 1.00000 0.00000
1547824840655215 1.00000 0.00002 -0.00000 -0.00190 -0.00002 1.00000 0.00000 0.00324 0.00000 -0.00000 1.00000 -0.00000
1547824840903016 1.00000 0.00015 -0.00000 -0.00359 -0.00015 1.00000 0.00000 0.00146 0.00000 -0.00000 1.00000 -0.00000
1547824841151118 1.00000 -0.00012 0.00000 -0.00258 0.00012 1.00000 -0.00000 -0.00040 -0.00000 0.00000 1.00000 0.00000
1547824841399622 1.00000 -0.00023 0.00000 -0.00059 0.00023 1.00000 -0.00000 0.00846 -0.00000 0.00000 1.00000 0.00000
1547824841648375 1.00000 0.00002 -0.00000 -0.00205 -0.00002 1.00000 0.00000 0.00311 0.00000 -0.00000 1.00000 -0.00000
1547824841897242 1.00000 -0.00012 0.00000 -0.00043 0.00012 1.00000 -0.00000 0.00909 -0.00000 0.00000 1.00000 0.00000
1547824842145770 1.00000 0.00004 -0.00000 -0.00579 -0.00004 1.00000 0.00000 0.00564 0.00000 -0.00000 1.00000 -0.00000
1547824842394197 1.00000 0.00009 -0.00000 -0.00412 -0.00009 1.00000 0.00000 0.00691 0.00000 -0.00000 1.00000 -0.00000
1547824842643083 1.00000 -0.00015 0.00000 -0.00162 0.00015 1.00000 -0.00000 0.00771 -0.00000 0.00000 1.00000 0.00000
1547824842893347 1.00000 -0.00034 0.00000 -0.00574 0.00034 1.00000 -0.00000 0.00416 -0.00000 0.00000 1.00000 0.00000
1547824843144201 1.00000 -0.00012 0.00000 -0.00212 0.00012 1.00000 -0.00000 0.00146 -0.00000 0.00000 1.00000 0.00000
1547824843394721 1.00000 0.00011 -0.00000 -0.00727 -0.00011 1.00000 0.00000 -0.00020 0.00000 -0.00000 1.00000 0.00000
1547824843645262 1.00000 -0.00006 0.00000 -0.00297 0.00006 1.00000 -0.00000 0.00369 -0.00000 0.00000 1.00000 0.00000
1547824843895740 1.00000 -0.00012 0.00000 -0.00086 0.00012 1.00000 -0.00000 -0.00358 -0.00000 0.00000 1.00000 0.00000
1547824844145734 1.00000 -0.00034 0.00000 -0.00041 0.00034 1.00000 -0.00000 0.00218 -0.00000 0.00000 1.00000 0.00000
1547824844395524 1.00000 -0.00008 0.00000 0.00101 0.00008 1.00000 -0.00000 0.00585 -0.00000 0.00000 1.00000 0.00000
1547824844645479 1.00000 0.00003 -0.00000 -0.00178 -0.00003 1.00000 0.00000 0.00455 0.00000 -0.00000 1.00000 -0.00000
1547824844896337 1.00000 -0.00002 0.00000 -0.00096 0.00002 1.00000 -0.00000 0.00399 -0.00000 0.00000 1.00000 0.00000
1547824845148268 1.00000 -0.00018 0.00000 -0.00057 0.00018 1.00000 -0.00000 0.00611 -0.00000 0.00000 1.00000 0.00000
1547824845400453 1.00000 -0.00009 0.00000 0.00104 0.00009 1.00000 -0.00000 -0.00021 -0.00000 0.00000 1.00000 -0.00000
1547824845652513 1.00000 -0.00028 0.00000 0.00148 0.00028 1.00000 -0.00000 0.00040 -0.00000 0.00000 1.00000 0.00000
1547824845903892 1.00000 -0.00007 0.00000 -0.00158 0.00007 1.00000 -0.00000 -0.00659 -0.00000 0.00000 1.00000 0.00000
1547824846153750 1.00000 -0.00028 0.00000 -0.00096 0.00028 1.00000 -0.00000 -0.00206 -0.00000 0.00000 1.00000 0.00000
1547824846402704 1.00000 -0.00016 0.00000 0.00369 0.00016 1.00000 -0.00000 -0.00084 -0.00000 0.00000 1.00000 -0.00000
1547824846652127 1.00000 -0.00016 0.00000 0.00439 0.00016 1.00000 -0.00000 -0.01177 -0.00000 0.00000 1.00000 -0.00000
1547824846900759 1.00000 -0.00000 0.00000 0.00075 0.00000 1.00000 -0.00000 0.00385 -0.00000 0.00000 1.00000 0.00000
1547824847149075 1.00000 -0.00007 0.00000 0.00183 0.00007 1.00000 -0.00000 -0.00240 -0.00000 0.00000 1.00000 -0.00000
1547824847397202 1.00000 0.00003 -0.00000 -0.00508 -0.00003 1.00000 0.00000 -0.00298 0.00000 -0.00000 1.00000 0.00000
1547824847645025 1.00000 0.00006 -0.00000 0.00108 -0.00006 1.00000 0.00000 0.01015 0.00000 -0.00000 1.00000 0.00000
1547824847893121 1.00000 -0.00006 0.00000 0.00133 0.00006 1.00000 -0.00000 -0.00211 -0.00000 0.00000 1.00000 -0.00000
1547824848141326 1.00000 -0.00023 0.00000 0.00022 0.00023 1.00000 -0.00000 0.00092 -0.00000 0.00000 1.00000 0.00000
1547824848389699 1.00000 -0.00015 0.00000 -0.00008 0.00015 1.00000 -0.00000 -0.00080 -0.00000 0.00000 1.00000 0.00000
1547824848639158 1.00000 -0.00005 0.00000 0.00574 0.00005 1.00000 -0.00000 0.00375 -0.00000 0.00000 1.00000 0.00000
1547824848889153 1.00000 0.00014 -0.00000 -0.00396 -0.00014 1.00000 0.00000 0.00464 0.00000 -0.00000 1.00000 -0.00000
1547824849138982 1.00000 0.00012 -0.00000 0.00419 -0.00012 1.00000 0.00000 0.01419 0.00000 -0.00000 1.00000 0.00000
1547824849390355 1.00000 -0.00005 0.00000 0.00208 0.00005 1.00000 -0.00000 0.00521 -0.00000 0.00000 1.00000 0.00000
1547824849642695 1.00000 -0.00011 0.00000 -0.00443 0.00011 1.00000 -0.00000 0.00175 -0.00000 0.00000 1.00000 0.00000
1547824849894731 1.00000 0.00000 -0.00000 0.00298 -0.00000 1.00000 0.00000 0.00710 0.00000 -0.00000 1.00000 0.00000
1547824850146409 1.00000 -0.00005 0.00000 0.00279 0.00005 1.00000 -0.00000 -0.00263 -0.00000 0.00000 1.00000 -0.00000
1547824850397808 1.00000 -0.00008 0.00000 -0.00174 0.00008 1.00000 -0.00000 0.00331 -0.00000 0.00000 1.00000 0.00000
1547824850648691 1.00000 -0.00005 0.00000 0.00162 0.00005 1.00000 -0.00000 0.00265 -0.00000 0.00000 1.00000 0.00000
1547824850898711 1.00000 0.00014 -0.00000 0.00475 -0.00014 1.00000 0.00000 0.00942 0.00000 -0.00000 1.00000 0.00000
1547824851148552 1.00000 0.00009 -0.00000 0.00192 -0.00009 1.00000 0.00000 0.00929 0.00000 -0.00000 1.00000 0.00000
1547824851398124 1.00000 0.00014 -0.00000 -0.00027 -0.00014 1.00000 0.00000 0.01291 0.00000 -0.00000 1.00000 -0.00000
1547824851648093 1.00000 0.00004 -0.00000 0.00226 -0.00004 1.00000 0.00000 0.00847 0.00000 -0.00000 1.00000 0.00000
1547824851899173 1.00000 0.00003 -0.00000 -0.00478 -0.00003 1.00000 0.00000 0.00730 0.00000 -0.00000 1.00000 -0.00000
1547824852151114 1.00000 -0.00008 0.00000 -0.00638 0.00008 1.00000 -0.00000 0.00475 -0.00000 0.00000 1.00000 0.00000
1547824852403120 1.00000 -0.00027 0.00000 0.00066 0.00027 1.00000 -0.00000 0.00325 -0.00000 0.00000 1.00000 0.00000
1547824852655189 1.00000 -0.00024 0.00000 -0.00162 0.00024 1.00000 -0.00000 -0.00324 -0.00000 0.00000 1.00000 0.00000
1547824852906590 1.00000 -0.00001 0.00000 -0.00291 0.00001 1.00000 -0.00000 0.00510 -0.00000 0.00000 1.00000 0.00000
1547824853156421 1.00000 -0.00005 0.00000 0.00202 0.00005 1.00000 -0.00000 0.00010 -0.00000 0.00000 1.00000 0.00000
1547824853405390 1.00000 -0.00000 0.00000 0.00172 0.00000 1.00000 -0.00000 0.00431 -0.00000 0.00000 1.00000 0.00000
1547824853654393 1.00000 0.00018 -0.00000 -0.03647 -0.00018 1.00000 0.00000 0.02385 0.00000 -0.00000 1.00000 -0.00000
1547824853903422 1.00000 0.00004 -0.00000 -0.08440 -0.00004 1.00000 0.00000 0.01814 0.00000 -0.00000 1.00000 -0.00000
1547824854151926 1.00000 0.00087 -0.00000 -0.22170 -0.00087 1.00000 0.00000 0.01254 0.00000 -0.00000 1.00000 -0.00000
1547824854400130 0.99998 0.00610 -0.00000 -0.43449 -0.00610 0.99998 0.00000 -0.00039 0.00000 -0.00000 1.00000 0.00000
1547824854647818 0.99986 0.01684 -0.00000 -0.80582 -0.01684 0.99986 0.00000 -0.00293 0.00000 -0.00000 1.00000 0.00000
1547824854895780 0.99954 0.03036 -0.00000 -1.20558 -0.03036 0.99954 0.00000 0.01502 0.00000 -0.00000 1.00000 0.00000
1547824855144567 0.99886 0.04784 -0.00000 -1.76558 -0.04784 0.99886 0.00000 0.00583 0.00000 -0.00000 1.00000 0.00000
1547824855394191 0.99801 0.06301 -0.00000 -2.41136 -0.06301 0.99801 0.00000 0.07929 0.00000 -0.00000 1.00000 0.00000
1547824855644160 0.99687 0.07902 -0.00000 -3.23939 -0.07902 0.99687 0.00000 0.08956 0.00000 -0.00000 1.00000 0.00000
1547824855894057 0.99570 0.09260 -0.00000 -4.12466 -0.09260 0.99570 0.00000 0.10730 0.00000 -0.00000 1.00000 0.00000
1547824856143517 0.99447 0.10502 -0.00000 -5.10626 -0.10502 0.99447 0.00000 0.15151 0.00000 -0.00000 1.00000 0.00000
1547824856393049 0.99381 0.11111 -0.00000 -6.24013 -0.11111 0.99381 0.00000 0.22352 0.00000 -0.00000 1.00000 0.00000
1547824856642890 0.99360 0.11299 -0.00000 -7.48952 -0.11299 0.99360 0.00000 0.23226 0.00000 -0.00000 1.00000 0.00000
1547824856892493 0.99386 0.11060 -0.00000 -8.90794 -0.11060 0.99386 0.00000 0.25047 0.00000 -0.00000 1.00000 0.00000
1547824857142999 0.99421 0.10741 -0.00000 -10.38032 -0.10741 0.99421 0.00000 0.21114 0.00000 -0.00000 1.00000 0.00000
1547824857394938 0.99443 0.10544 -0.00000 -12.00000 -0.10544 0.99443 0.00000 0.20739 0.00000 -0.00000 1.00000 0.00000
1547824857646687 0.99473 0.10248 -0.00000 -13.77487 -0.10248 0.99473 0.00000 0.14652 0.00000 -0.00000 1.00000 0.00000
1547824857897975 0.99516 0.09824 -0.00000 -15.61176 -0.09824 0.99516 0.00000 0.09328 0.00000 -0.00000 1.00000 0.00000
1547824858149506 0.99556 0.09408 -0.00000 -17.54642 -0.09408 0.99556 0.00000 0.05547 0.00000 -0.00000 1.00000 0.00000
1547824858401043 0.99593 0.09013 -0.00000 -19.56934 -0.09013 0.99593 0.00000 -0.00318 0.00000 -0.00000 1.00000 0.00000
1547824858651757 0.99651 0.08353 -0.00000 -21.62269 -0.08353 0.99651 0.00000 -0.10844 0.00000 -0.00000 1.00000 0.00000
1547824858902801 0.99703 0.07707 -0.00000 -23.74074 -0.07707 0.99703 0.00000 -0.22667 0.00000 -0.00000 1.00000 0.00000
1547824859154377 0.99752 0.07032 -0.00000 -25.90295 -0.07032 0.99752 0.00000 -0.35012 0.00000 -0.00000 1.00000 0.00000
1547824859405236 0.99795 0.06400 -0.00000 -28.13051 -0.06400 0.99795 0.00000 -0.51467 0.00000 -0.00000 1.00000 0.00000
1547824859655944 0.99819 0.06022 -0.00000 -30.39705 -0.06022 0.99819 0.00000 -0.65438 0.00000 -0.00000 1.00000 0.00000
1547824859907238 0.99823 0.05947 -0.00000 -32.70795 -0.05947 0.99823 0.00000 -0.63392 0.00000 -0.00000 1.00000 0.00000
1547824860159501 0.99836 0.05726 -0.00000 -35.04517 -0.05726 0.99836 0.00000 -0.70634 0.00000 -0.00000 1.00000 0.00000
1547824860412560 0.99847 0.05535 -0.00000 -37.42130 -0.05535 0.99847 0.00000 -0.76275 0.00000 -0.00000 1.00000 0.00000
1547824860665971 0.99858 0.05319 -0.00000 -39.83617 -0.05319 0.99858 0.00000 -0.82705 0.00000 -0.00000 1.00000 0.00000
1547824860917690 0.99886 0.04771 -0.00000 -42.19431 -0.04771 0.99886 0.00000 -1.04568 0.00000 -0.00000 1.00000 0.00000
1547824861168430 0.99900 0.04478 -0.00000 -44.50593 -0.04478 0.99900 0.00000 -1.10382 0.00000 -0.00000 1.00000 0.00000
1547824861416574 0.99932 0.03687 -0.00000 -46.74716 -0.03687 0.99932 0.00000 -1.45702 0.00000 -0.00000 1.00000 0.00000
1547824861662842 0.99952 0.03104 -0.00000 -48.97155 -0.03104 0.99952 0.00000 -1.70554 0.00000 -0.00000 1.00000 0.00000
1547824861910497 0.99963 0.02711 -0.00000 -51.20098 -0.02711 0.99963 0.00000 -1.88957 0.00000 -0.00000 1.00000 0.00000
1547824862158777 0.99965 0.02629 -0.00000 -53.49976 -0.02629 0.99965 0.00000 -1.86591 0.00000 -0.00000 1.00000 0.00000
1547824862407958 0.99957 0.02918 -0.00000 -55.74681 -0.02918 0.99957 0.00000 -1.74161 0.00000 -0.00000 1.00000 0.00000
1547824862658183 0.99950 0.03166 -0.00000 -58.04220 -0.03166 0.99950 0.00000 -1.58427 0.00000 -0.00000 1.00000 0.00000
1547824862908910 0.99939 0.03506 -0.00000 -60.32661 -0.03506 0.99939 0.00000 -1.33206 0.00000 -0.00000 1.00000 0.00000
1547824863159595 0.99909 0.04267 -0.00000 -62.60788 -0.04267 0.99909 0.00000 -0.89521 0.00000 -0.00000 1.00000 0.00000
1547824863410332 0.99886 0.04764 -0.00000 -64.85537 -0.04764 0.99886 0.00000 -0.53974 0.00000 -0.00000 1.00000 0.00000
1547824863661175 0.99863 0.05240 -0.00000 -67.09495 -0.05240 0.99863 0.00000 -0.16971 0.00000 -0.00000 1.00000 0.00000
1547824863911593 0.99824 0.05936 -0.00000 -69.37663 -0.05936 0.99824 0.00000 0.29429 0.00000 -0.00000 1.00000 0.00000
1547824864161571 0.99782 0.06600 -0.00000 -71.64416 -0.06600 0.99782 0.00000 0.75573 0.00000 -0.00000 1.00000 0.00000
1547824864411256 0.99720 0.07472 -0.00000 -73.97087 -0.07472 0.99720 0.00000 1.41888 0.00000 -0.00000 1.00000 0.00000
1547824864660993 0.99653 0.08323 -0.00000 -76.20542 -0.08323 0.99653 0.00000 2.06233 0.00000 -0.00000 1.00000 0.00000
1547824864911531 0.99580 0.09151 -0.00000 -78.47134 -0.09151 0.99580 0.00000 2.72926 0.00000 -0.00000 1.00000 0.00000
1547824865163198 0.99545 0.09533 -0.00000 -80.79528 -0.09533 0.99545 0.00000 3.04237 0.00000 -0.00000 1.00000 0.00000
1547824865414900 0.99542 0.09560 -0.00000 -83.17202 -0.09560 0.99542 0.00000 3.09077 0.00000 -0.00000 1.00000 0.00000
1547824865666415 0.99621 0.08695 -0.00000 -85.53394 -0.08695 0.99621 0.00000 2.34205 0.00000 -0.00000 1.00000 0.00000
1547824865918294 0.99732 0.07316 -0.00000 -87.97303 -0.07316 0.99732 0.00000 1.20298 0.00000 -0.00000 1.00000 0.00000
1547824866169713 0.99847 0.05530 -0.00000 -90.40329 -0.05530 0.99847 0.00000 -0.33868 0.00000 -0.00000 1.00000 0.00000
1547824866421108 0.99928 0.03793 -0.00000 -92.83119 -0.03793 0.99928 0.00000 -1.91091 0.00000 -0.00000 1.00000 0.00000
1547824866672532 0.99963 0.02706 -0.00000 -95.35562 -0.02706 0.99963 0.00000 -2.85175 0.00000 -0.00000 1.00000 0.00000
1547824866923615 0.99973 0.02342 -0.00000 -97.90791 -0.02342 0.99973 0.00000 -3.20019 0.00000 -0.00000 1.00000 0.00000
1547824867174577 0.99967 0.02571 -0.00000 -100.51017 -0.02571 0.99967 0.00000 -3.01829 0.00000 -0.00000 1.00000 0.00000
1547824867425343 0.99968 0.02549 -0.00000 -103.15464 -0.02549 0.99968 0.00000 -2.97933 0.00000 -0.00000 1.00000 0.00000
1547824867676803 0.99968 0.02549 -0.00000 -105.86451 -0.02549 0.99968 0.00000 -2.96713 0.00000 -0.00000 1.00000 0.00000
1547824867928345 0.99961 0.02779 -0.00000 -108.55226 -0.02779 0.99961 0.00000 -2.70444 0.00000 -0.00000 1.00000 0.00000
1547824868180075 0.99951 0.03143 -0.00000 -111.27810 -0.03143 0.99951 0.00000 -2.34550 0.00000 -0.00000 1.00000 0.00000
1547824868433468 0.99946 0.03298 -0.00000 -114.00117 -0.03298 0.99946 0.00000 -2.14167 0.00000 -0.00000 1.00000 0.00000
1547824868687288 0.99937 0.03552 -0.00000 -116.73601 -0.03552 0.99937 0.00000 -1.82036 0.00000 -0.00000 1.00000 0.00000
1547824868939541 0.99924 0.03892 -0.00000 -119.43145 -0.03892 0.99924 0.00000 -1.41020 0.00000 -0.00000 1.00000 0.00000
1547824869189798 0.99916 0.04088 -0.00000 -122.09662 -0.04088 0.99916 0.00000 -1.13709 0.00000 -0.00000 1.00000 0.00000
1547824869438380 0.99910 0.04233 -0.00000 -124.70245 -0.04233 0.99910 0.00000 -0.96722 0.00000 -0.00000 1.00000 0.00000
1547824869686163 0.99901 0.04455 -0.00000 -127.37171 -0.04455 0.99901 0.00000 -0.70231 0.00000 -0.00000 1.00000 0.00000
1547824869933815 0.99896 0.04565 -0.00000 -129.99322 -0.04565 0.99896 0.00000 -0.56943 0.00000 -0.00000 1.00000 0.00000
1547824870181772 0.99888 0.04734 -0.00000 -132.62441 -0.04734 0.99888 0.00000 -0.32105 0.00000 -0.00000 1.00000 0.00000
1547824870430087 0.99875 0.04997 -0.00000 -135.26357 -0.04997 0.99875 0.00000 0.08946 0.00000 -0.00000 1.00000 0.00000
1547824870679311 0.99866 0.05170 -0.00000 -137.93643 -0.05170 0.99866 0.00000 0.34497 0.00000 -0.00000 1.00000 0.00000
1547824870929784 0.99869 0.05116 -0.00000 -140.61336 -0.05116 0.99869 0.00000 0.32154 0.00000 -0.00000 1.00000 0.00000
1547824871180324 0.99861 0.05267 -0.00000 -143.28311 -0.05267 0.99861 0.00000 0.54602 0.00000 -0.00000 1.00000 0.00000
1547824871431113 0.99844 0.05591 -0.00000 -145.91988 -0.05591 0.99844 0.00000 1.04105 0.00000 -0.00000 1.00000 0.00000
1547824871682005 0.99830 0.05824 -0.00000 -148.58502 -0.05824 0.99830 0.00000 1.42384 0.00000 -0.00000 1.00000 0.00000
1547824871932487 0.99808 0.06199 -0.00000 -151.21620 -0.06199 0.99808 0.00000 2.00558 0.00000 -0.00000 1.00000 0.00000
1547824872182806 0.99802 0.06289 -0.00000 -153.85664 -0.06289 0.99802 0.00000 2.19586 0.00000 -0.00000 1.00000 0.00000
1547824872432970 0.99786 0.06541 -0.00000 -156.51119 -0.06541 0.99786 0.00000 2.65113 0.00000 -0.00000 1.00000 0.00000
1547824872682712 0.99778 0.06665 -0.00000 -159.09391 -0.06665 0.99778 0.00000 2.84308 0.00000 -0.00000 1.00000 0.00000
1547824872932243 0.99778 0.06665 -0.00000 -161.79249 -0.06665 0.99778 0.00000 2.81023 0.00000 -0.00000 1.00000 0.00000
1547824873182173 0.99770 0.06780 -0.00000 -164.41707 -0.06780 0.99770 0.00000 3.03393 0.00000 -0.00000 1.00000 0.00000
1547824873433367 0.99746 0.07127 -0.00000 -166.98780 -0.07127 0.99746 0.00000 3.69561 0.00000 -0.00000 1.00000 0.00000
1547824873685450 0.99739 0.07220 -0.00000 -169.60447 -0.07220 0.99739 0.00000 3.85400 0.00000 -0.00000 1.00000 0.00000
1547824873937053 0.99719 0.07490 -0.00000 -172.20414 -0.07490 0.99719 0.00000 4.30554 0.00000 -0.00000 1.00000 0.00000
1547824874188347 0.99697 0.07777 -0.00000 -174.81305 -0.07777 0.99697 0.00000 4.83209 0.00000 -0.00000 1.00000 0.00000
1547824874439582 0.99686 0.07920 -0.00000 -177.39289 -0.07920 0.99686 0.00000 5.08847 0.00000 -0.00000 1.00000 0.00000
1547824874690653 0.99669 0.08130 -0.00000 -179.92966 -0.08130 0.99669 0.00000 5.46601 0.00000 -0.00000 1.00000 0.00000
1547824874942116 0.99657 0.08275 -0.00000 -182.47502 -0.08275 0.99657 0.00000 5.71334 0.00000 -0.00000 1.00000 0.00000
1547824875193733 0.99647 0.08399 -0.00000 -185.04983 -0.08399 0.99647 0.00000 5.92755 0.00000 -0.00000 1.00000 0.00000
1547824875444789 0.99637 0.08514 -0.00000 -187.60517 -0.08514 0.99637 0.00000 6.17189 0.00000 -0.00000 1.00000 0.00000
1547824875695641 0.99604 0.08891 -0.00000 -190.09937 -0.08891 0.99604 0.00000 6.94966 0.00000 -0.00000 1.00000 0.00000
1547824875946587 0.99564 0.09330 -0.00000 -192.54913 -0.09330 0.99564 0.00000 7.78681 0.00000 -0.00000 1.00000 0.00000
1547824876197957 0.99523 0.09753 -0.00000 -195.00152 -0.09753 0.99523 0.00000 8.63528 0.00000 -0.00000 1.00000 0.00000
1547824876449619 0.99423 0.10726 -0.00000 -197.34111 -0.10726 0.99423 0.00000 10.54570 0.00000 -0.00000 1.00000 0.00000
1547824876703018 0.99288 0.11913 -0.00000 -199.64041 -0.11913 0.99288 0.00000 12.97497 0.00000 -0.00000 1.00000 0.00000
1547824876956532 0.99095 0.13422 -0.00000 -201.81821 -0.13422 0.99095 0.00000 15.99811 0.00000 -0.00000 1.00000 0.00000
1547824877208554 0.99013 0.14016 -0.00000 -204.08904 -0.14016 0.99013 0.00000 17.22381 0.00000 -0.00000 1.00000 0.00000
1547824877458349 0.98903 0.14770 -0.00000 -206.25925 -0.14770 0.98903 0.00000 18.76937 0.00000 -0.00000 1.00000 0.00000
1547824877706753 0.98778 0.15588 -0.00000 -208.39095 -0.15588 0.98778 0.00000 20.52711 0.00000 -0.00000 1.00000 0.00000
1547824877954292 0.98701 0.16067 -0.00000 -210.57031 -0.16067 0.98701 0.00000 21.51993 0.00000 -0.00000 1.00000 0.00000
1547824878201045 0.98607 0.16635 -0.00000 -212.70728 -0.16635 0.98607 0.00000 22.73414 0.00000 -0.00000 1.00000 0.00000
1547824878448220 0.98529 0.17088 -0.00000 -214.78650 -0.17088 0.98529 0.00000 23.71960 0.00000 -0.00000 1.00000 0.00000
1547824878696397 0.98518 0.17152 -0.00000 -216.99631 -0.17152 0.98518 0.00000 23.88219 0.00000 -0.00000 1.00000 0.00000
1547824878945100 0.98489 0.17317 -0.00000 -219.14990 -0.17317 0.98489 0.00000 24.30161 0.00000 -0.00000 1.00000 0.00000
1547824879195386 0.98421 0.17700 -0.00000 -221.23834 -0.17700 0.98421 0.00000 25.18232 0.00000 -0.00000 1.00000 0.00000
1547824879446417 0.98307 0.18325 -0.00000 -223.27149 -0.18325 0.98307 0.00000 26.58475 0.00000 -0.00000 1.00000 0.00000
1547824879697561 0.98179 0.18997 -0.00000 -225.24825 -0.18997 0.98179 0.00000 28.12556 0.00000 -0.00000 1.00000 0.00000
1547824879948314 0.98016 0.19821 -0.00000 -227.16423 -0.19821 0.98016 0.00000 30.01411 0.00000 -0.00000 1.00000 0.00000
1547824880198386 0.97892 0.20424 -0.00000 -229.09114 -0.20424 0.97892 0.00000 31.45446 0.00000 -0.00000 1.00000 0.00000
1547824880448369 0.97781 0.20949 -0.00000 -231.04749 -0.20949 0.97781 0.00000 32.61559 0.00000 -0.00000 1.00000 0.00000
1547824880698463 0.97641 0.21590 -0.00000 -232.92771 -0.21590 0.97641 0.00000 34.13416 0.00000 -0.00000 1.00000 0.00000
1547824880948491 0.97660 0.21507 -0.00000 -235.03158 -0.21507 0.97660 0.00000 33.93831 0.00000 -0.00000 1.00000 0.00000
1547824881198041 0.97598 0.21786 -0.00000 -236.99394 -0.21786 0.97598 0.00000 34.65819 0.00000 -0.00000 1.00000 0.00000
1547824881448611 0.97704 0.21305 -0.00000 -239.24568 -0.21305 0.97704 0.00000 33.44148 0.00000 -0.00000 1.00000 0.00000
1547824881701262 0.97875 0.20504 -0.00000 -241.59008 -0.20504 0.97875 0.00000 31.47860 0.00000 -0.00000 1.00000 0.00000
1547824881954262 0.98127 0.19265 -0.00000 -244.07144 -0.19265 0.98127 0.00000 28.47579 0.00000 -0.00000 1.00000 0.00000
1547824882206089 0.98382 0.17915 -0.00000 -246.49353 -0.17915 0.98382 0.00000 25.14387 0.00000 -0.00000 1.00000 0.00000
1547824882457928 0.98635 0.16469 -0.00000 -248.88913 -0.16469 0.98635 0.00000 21.52733 0.00000 -0.00000 1.00000 0.00000
1547824882708267 0.98811 0.15378 -0.00000 -251.25901 -0.15378 0.98811 0.00000 18.77802 0.00000 -0.00000 1.00000 0.00000
1547824882957106 0.98891 0.14855 -0.00000 -253.49061 -0.14855 0.98891 0.00000 17.50297 0.00000 -0.00000 1.00000 0.00000
1547824883205427 0.98988 0.14188 -0.00000 -255.72407 -0.14188 0.98988 0.00000 15.79823 0.00000 -0.00000 1.00000 0.00000
1547824883453475 0.99015 0.13998 -0.00000 -257.90124 -0.13998 0.99015 0.00000 15.32291 0.00000 -0.00000 1.00000 0.00000
1547824883701654 0.99018 0.13978 -0.00000 -260.05259 -0.13978 0.99018 0.00000 15.27655 0.00000 -0.00000 1.00000 0.00000
1547824883950525 0.99021 0.13960 -0.00000 -262.25565 -0.13960 0.99021 0.00000 15.22390 0.00000 -0.00000 1.00000 0.00000
1547824884200475 0.99037 0.13842 -0.00000 -264.53388 -0.13842 0.99037 0.00000 14.95279 0.00000 -0.00000 1.00000 0.00000
1547824884451159 0.99036 0.13853 -0.00000 -266.80922 -0.13853 0.99036 0.00000 14.99345 0.00000 -0.00000 1.00000 0.00000
1547824884701316 0.99001 0.14098 -0.00000 -269.04629 -0.14098 0.99001 0.00000 15.69265 0.00000 -0.00000 1.00000 0.00000
1547824884951231 0.99026 0.13926 -0.00000 -271.37202 -0.13926 0.99026 0.00000 15.21749 0.00000 -0.00000 1.00000 0.00000
1547824885200644 0.99010 0.14038 -0.00000 -273.68361 -0.14038 0.99010 0.00000 15.56524 0.00000 -0.00000 1.00000 0.00000
1547824885449419 0.98988 0.14188 -0.00000 -275.99334 -0.14188 0.98988 0.00000 15.99634 0.00000 -0.00000 1.00000 0.00000
1547824885698792 0.99006 0.14064 -0.00000 -278.28570 -0.14064 0.99006 0.00000 15.63646 0.00000 -0.00000 1.00000 0.00000
1547824885948359 0.99037 0.13846 -0.00000 -280.63235 -0.13846 0.99037 0.00000 15.05865 0.00000 -0.00000 1.00000 0.00000
1547824886197288 0.99066 0.13636 -0.00000 -282.98569 -0.13636 0.99066 0.00000 14.53397 0.00000 -0.00000 1.00000 0.00000
1547824886445398 0.99117 0.13257 -0.00000 -285.31812 -0.13257 0.99117 0.00000 13.46206 0.00000 -0.00000 1.00000 0.00000
1547824886693238 0.99147 0.13032 -0.00000 -287.60046 -0.13032 0.99147 0.00000 12.79280 0.00000 -0.00000 1.00000 0.00000
1547824886941371 0.99166 0.12885 -0.00000 -289.77057 -0.12885 0.99166 0.00000 12.42605 0.00000 -0.00000 1.00000 0.00000
1547824887189253 0.99205 0.12583 -0.00000 -292.04189 -0.12583 0.99205 0.00000 11.56398 0.00000 -0.00000 1.00000 0.00000
1547824887437844 0.99257 0.12166 -0.00000 -294.32221 -0.12166 0.99257 0.00000 10.39100 0.00000 -0.00000 1.00000 0.00000
1547824887687809 0.99311 0.11716 -0.00000 -296.58553 -0.11716 0.99311 0.00000 9.06345 0.00000 -0.00000 1.00000 0.00000
1547824887937676 0.99336 0.11504 -0.00000 -298.79864 -0.11504 0.99336 0.00000 8.46069 0.00000 -0.00000 1.00000 0.00000
1547824888187544 0.99374 0.11175 -0.00000 -300.97456 -0.11175 0.99374 0.00000 7.47952 0.00000 -0.00000 1.00000 0.00000
1547824888437345 0.99429 0.10675 -0.00000 -303.16610 -0.10675 0.99429 0.00000 6.04571 0.00000 -0.00000 1.00000 0.00000
1547824888686975 0.99432 0.10643 -0.00000 -305.32403 -0.10643 0.99432 0.00000 5.87266 0.00000 -0.00000 1.00000 0.00000
1547824888937541 0.99465 0.10335 -0.00000 -307.55133 -0.10335 0.99465 0.00000 4.96685 0.00000 -0.00000 1.00000 0.00000
1547824889189434 0.99501 0.09979 -0.00000 -309.66275 -0.09979 0.99501 0.00000 3.90061 0.00000 -0.00000 1.00000 0.00000
1547824889440917 0.99512 0.09872 -0.00000 -311.85378 -0.09872 0.99512 0.00000 3.57319 0.00000 -0.00000 1.00000 0.00000
1547824889692367 0.99523 0.09758 -0.00000 -314.00258 -0.09758 0.99523 0.00000 3.22654 0.00000 -0.00000 1.00000 0.00000
1547824889943787 0.99544 0.09535 -0.00000 -316.17303 -0.09535 0.99544 0.00000 2.52951 0.00000 -0.00000 1.00000 0.00000
1547824890194466 0.99578 0.09180 -0.00000 -318.34040 -0.09180 0.99578 0.00000 1.46381 0.00000 -0.00000 1.00000 0.00000
1547824890445560 0.99617 0.08744 -0.00000 -320.51154 -0.08744 0.99617 0.00000 0.11619 0.00000 -0.00000 1.00000 0.00000
1547824890696880 0.99605 0.08882 -0.00000 -322.69889 -0.08882 0.99605 0.00000 0.56874 0.00000 -0.00000 1.00000 0.00000
1547824890947932 0.99622 0.08686 -0.00000 -324.86427 -0.08686 0.99622 0.00000 -0.07644 0.00000 -0.00000 1.00000 0.00000
1547824891198899 0.99647 0.08397 -0.00000 -327.06411 -0.08397 0.99647 0.00000 -1.03463 0.00000 -0.00000 1.00000 0.00000
1547824891450158 0.99647 0.08393 -0.00000 -329.28137 -0.08393 0.99647 0.00000 -1.02612 0.00000 -0.00000 1.00000 0.00000
1547824891701253 0.99648 0.08385 -0.00000 -331.46785 -0.08385 0.99648 0.00000 -1.02527 0.00000 -0.00000 1.00000 0.00000
1547824891953489 0.99649 0.08367 -0.00000 -333.73625 -0.08367 0.99649 0.00000 -1.00091 0.00000 -0.00000 1.00000 0.00000
1547824892207000 0.99665 0.08179 -0.00000 -336.02549 -0.08179 0.99665 0.00000 -1.64390 0.00000 -0.00000 1.00000 0.00000
1547824892459403 0.99658 0.08269 -0.00000 -338.33256 -0.08269 0.99658 0.00000 -1.27315 0.00000 -0.00000 1.00000 0.00000
1547824892709408 0.99648 0.08380 -0.00000 -340.58056 -0.08380 0.99648 0.00000 -0.85960 0.00000 -0.00000 1.00000 0.00000
1547824892958141 0.99643 0.08447 -0.00000 -342.91765 -0.08447 0.99643 0.00000 -0.65464 0.00000 -0.00000 1.00000 0.00000
1547824893205992 0.99660 0.08244 -0.00000 -345.22852 -0.08244 0.99660 0.00000 -1.34634 0.00000 -0.00000 1.00000 0.00000
1547824893453388 0.99682 0.07962 -0.00000 -347.54445 -0.07962 0.99682 0.00000 -2.37418 0.00000 -0.00000 1.00000 0.00000
1547824893700818 0.99691 0.07860 -0.00000 -349.83494 -0.07860 0.99691 0.00000 -2.72288 0.00000 -0.00000 1.00000 0.00000
1547824893948874 0.99700 0.07736 -0.00000 -352.17364 -0.07736 0.99700 0.00000 -3.09531 0.00000 -0.00000 1.00000 0.00000
1547824894197911 0.99742 0.07184 -0.00000 -354.50586 -0.07184 0.99742 0.00000 -5.03006 0.00000 -0.00000 1.00000 0.00000
1547824894447964 0.99796 0.06385 -0.00000 -356.81478 -0.06385 0.99796 0.00000 -7.93950 0.00000 -0.00000 1.00000 0.00000
1547824894699208 0.99850 0.05482 -0.00000 -359.12370 -0.05482 0.99850 0.00000 -11.12532 0.00000 -0.00000 1.00000 0.00000
1547824894949896 0.99898 0.04526 -0.00000 -361.38626 -0.04526 0.99898 0.00000 -14.56501 0.00000 -0.00000 1.00000 0.00000
1547824895200067 0.99940 0.03472 -0.00000 -363.62606 -0.03472 0.99940 0.00000 -18.36745 0.00000 -0.00000 1.00000 0.00000
1547824895450443 0.99969 0.02473 -0.00000 -365.83585 -0.02473 0.99969 0.00000 -22.01758 0.00000 -0.00000 1.00000 0.00000
1547824895700544 0.99987 0.01642 -0.00000 -368.11202 -0.01642 0.99987 0.00000 -25.03229 0.00000 -0.00000 1.00000 0.00000
1547824895950220 0.99995 0.01041 -0.00000 -370.33192 -0.01041 0.99995 0.00000 -27.21495 0.00000 -0.00000 1.00000 0.00000
1547824896200072 0.99998 0.00678 -0.00000 -372.66590 -0.00678 0.99998 0.00000 -28.53241 0.00000 -0.00000 1.00000 0.00000
1547824896450154 0.99999 0.00327 -0.00000 -375.02495 -0.00327 0.99999 0.00000 -29.82372 0.00000 -0.00000 1.00000 0.00000
1547824896700913 1.00000 0.00100 -0.00000 -377.39282 -0.00100 1.00000 0.00000 -30.67919 0.00000 -0.00000 1.00000 0.00000
1547824896952821 1.00000 0.00180 -0.00000 -379.90439 -0.00180 1.00000 0.00000 -30.30920 0.00000 -0.00000 1.00000 0.00000
1547824897204588 1.00000 0.00259 -0.00000 -382.42182 -0.00259 1.00000 0.00000 -30.01642 0.00000 -0.00000 1.00000 0.00000
1547824897455871 0.99998 0.00645 -0.00000 -385.02917 -0.00645 0.99998 0.00000 -28.55297 0.00000 -0.00000 1.00000 0.00000
1547824897707123 0.99992 0.01296 -0.00000 -387.71988 -0.01296 0.99992 0.00000 -26.02064 0.00000 -0.00000 1.00000 0.00000
1547824897958132 0.99975 0.02239 -0.00000 -390.40454 -0.02239 0.99975 0.00000 -22.35665 0.00000 -0.00000 1.00000 0.00000
1547824898209368 0.99956 0.02972 -0.00000 -393.05688 -0.02972 0.99956 0.00000 -19.49187 0.00000 -0.00000 1.00000 0.00000
1547824898460797 0.99923 0.03935 -0.00000 -395.68686 -0.03935 0.99923 0.00000 -15.67746 0.00000 -0.00000 1.00000 0.00000
1547824898711935 0.99894 0.04610 -0.00000 -398.25040 -0.04610 0.99894 0.00000 -12.97550 0.00000 -0.00000 1.00000 0.00000
1547824898962999 0.99868 0.05143 -0.00000 -400.73534 -0.05143 0.99868 0.00000 -10.86751 0.00000 -0.00000 1.00000 0.00000
1547824899214323 0.99852 0.05437 -0.00000 -403.23848 -0.05437 0.99852 0.00000 -9.65043 0.00000 -0.00000 1.00000 0.00000
1547824899465956 0.99847 0.05534 -0.00000 -405.61348 -0.05534 0.99847 0.00000 -9.19140 0.00000 -0.00000 1.00000 0.00000
1547824899718350 0.99861 0.05271 -0.00000 -407.95476 -0.05271 0.99861 0.00000 -10.26224 0.00000 -0.00000 1.00000 0.00000
1547824899971735 0.99863 0.05239 -0.00000 -410.28250 -0.05239 0.99863 0.00000 -10.36369 0.00000 -0.00000 1.00000 0.00000
1547824900224499 0.99857 0.05355 -0.00000 -412.55719 -0.05355 0.99857 0.00000 -9.90852 0.00000 -0.00000 1.00000 0.00000
1547824900474989 0.99828 0.05862 -0.00000 -414.82272 -0.05862 0.99828 0.00000 -7.78376 0.00000 -0.00000 1.00000 0.00000
1547824900723676 0.99801 0.06303 -0.00000 -417.01224 -0.06303 0.99801 0.00000 -5.92089 0.00000 -0.00000 1.00000 0.00000
1547824900971064 0.99773 0.06742 -0.00000 -419.12957 -0.06742 0.99773 0.00000 -4.05349 0.00000 -0.00000 1.00000 0.00000
1547824901218234 0.99740 0.07213 -0.00000 -421.19791 -0.07213 0.99740 0.00000 -2.07414 0.00000 -0.00000 1.00000 0.00000
1547824901465961 0.99694 0.07815 -0.00000 -423.19944 -0.07815 0.99694 0.00000 0.50069 0.00000 -0.00000 1.00000 0.00000
1547824901714001 0.99658 0.08262 -0.00000 -425.15436 -0.08262 0.99658 0.00000 2.39458 0.00000 -0.00000 1.00000 0.00000
1547824901962852 0.99641 0.08465 -0.00000 -427.05314 -0.08465 0.99641 0.00000 3.26304 0.00000 -0.00000 1.00000 0.00000
1547824902213093 0.99636 0.08527 -0.00000 -428.89756 -0.08527 0.99636 0.00000 3.55158 0.00000 -0.00000 1.00000 0.00000
1547824902464495 0.99667 0.08151 -0.00000 -430.69435 -0.08151 0.99667 0.00000 1.95805 0.00000 -0.00000 1.00000 0.00000
1547824902715260 0.99714 0.07558 -0.00000 -432.41082 -0.07558 0.99714 0.00000 -0.56648 0.00000 -0.00000 1.00000 0.00000
1547824902965666 0.99775 0.06702 -0.00000 -434.01490 -0.06702 0.99775 0.00000 -4.25276 0.00000 -0.00000 1.00000 0.00000
1547824903216021 0.99866 0.05179 -0.00000 -435.40244 -0.05179 0.99866 0.00000 -10.91074 0.00000 -0.00000 1.00000 0.00000
