0.999 -0.038 0. 3.305 0.038 0.999 0. 0.216 0. 0. 1. 0.
0.999 -0.040 0. 4.006 0.040 0.999 0. 0.229 0. 0. 1. 0.
0.999 -0.040 0. 4.807 0.040 0.999 0. 0.259 0. 0. 1. 0.
0.999 -0.044 0. 5.660 0.044 0.999 0. 0.327 0. 0. 1. 0.
0.999 -0.046 0. 6.580 0.046 0.999 0. 0.370 0. 0. 1. 0.
0.999 -0.049 0. 7.569 0.049 0.999 0. 0.424 0. 0. 1. 0.
0.999 -0.052 0. 8.636 0.052 0.999 0. 0.499 0. 0. 1. 0.
0.998 -0.055 0. 9.758 0.055 0.998 0. 0.579 0. 0. 1. 0.
0.998 -0.058 0. 10.948 0.058 0.998 0. 0.658 0. 0. 1. 0.
0.998 -0.061 0. 12.234 0.061 0.998 0. 0.725 0. 0. 1. 0.
0.998 -0.065 0. 13.574 0.065 0.998 0. 0.856 0. 0. 1. 0.
0.998 -0.067 0. 15.001 0.067 0.998 0. 0.962 0. 0. 1. 0.
0.998 -0.068 0. 16.470 0.068 0.998 0. 1.065 0. 0. 1. 0.
0.998 -0.069 0. 18.045 0.069 0.998 0. 1.184 0. 0. 1. 0.
0.997 -0.071 0. 19.643 0.071 0.997 0. 1.312 0. 0. 1. 0.
0.998 -0.070 0. 21.341 0.070 0.998 0. 1.500 0. 0. 1. 0.
0.998 -0.066 0. 23.088 0.066 0.998 0. 1.572 0. 0. 1. 0.
0.998 -0.062 0. 24.919 0.062 0.998 0. 1.679 0. 0. 1. 0.
0.998 -0.059 0. 26.797 0.059 0.998 0. 1.777 0. 0. 1. 0.
0.999 -0.053 0. 28.749 0.053 0.999 0. 1.835 0. 0. 1. 0.
0.999 -0.052 0. 30.746 0.052 0.999 0. 1.972 0. 0. 1. 0.
0.999 -0.050 0. 32.810 0.050 0.999 0. 2.045 0. 0. 1. 0.
0.999 -0.053 0. 34.924 0.053 0.999 0. 2.199 0. 0. 1. 0.
0.999 -0.053 0. 37.109 0.053 0.999 0. 2.276 0. 0. 1. 0.
0.999 -0.054 0. 39.354 0.054 0.999 0. 2.413 0. 0. 1. 0.
0.998 -0.057 0. 41.648 0.057 0.998 0. 2.537 0. 0. 1. 0.
0.998 -0.062 0. 43.967 0.062 0.998 0. 2.645 0. 0. 1. 0.
0.997 -0.071 0. 46.398 0.071 0.997 0. 2.804 0. 0. 1. 0.
0.997 -0.079 0. 48.839 0.079 0.997 0. 3.019 0. 0. 1. 0.
0.996 -0.088 0. 51.308 0.088 0.996 0. 3.207 0. 0. 1. 0.
0.995 -0.101 0. 53.878 0.101 0.995 0. 3.520 0. 0. 1. 0.
0.994 -0.112 0. 56.449 0.112 0.994 0. 3.797 0. 0. 1. 0.
0.992 -0.126 0. 59.129 0.126 0.992 0. 4.153 0. 0. 1. 0.
0.990 -0.138 0. 61.775 0.138 0.990 0. 4.559 0. 0. 1. 0.
0.989 -0.149 0. 64.466 0.149 0.989 0. 4.978 0. 0. 1. 0.
0.988 -0.157 0. 67.238 0.157 0.988 0. 5.431 0. 0. 1. 0.
0.987 -0.161 0. 70.032 0.161 0.987 0. 5.901 0. 0. 1. 0.
0.987 -0.162 0. 72.896 0.162 0.987 0. 6.357 0. 0. 1. 0.
0.987 -0.163 0. 75.796 0.163 0.987 0. 6.849 0. 0. 1. 0.
0.988 -0.157 0. 78.742 0.157 0.988 0. 7.311 0. 0. 1. 0.
0.988 -0.154 0. 81.714 0.154 0.988 0. 7.716 0. 0. 1. 0.
0.990 -0.144 0. 84.818 0.144 0.990 0. 8.142 0. 0. 1. 0.
0.990 -0.141 0. 87.908 0.141 0.990 0. 8.587 0. 0. 1. 0.
0.991 -0.136 0. 91.035 0.136 0.991 0. 8.987 0. 0. 1. 0.
0.992 -0.129 0. 94.189 0.129 0.992 0. 9.382 0. 0. 1. 0.
0.992 -0.126 0. 97.354 0.126 0.992 0. 9.789 0. 0. 1. 0.
0.992 -0.124 0. 100.531 0.124 0.992 0. 10.148 0. 0. 1. 0.
0.992 -0.123 0. 103.713 0.123 0.992 0. 10.558 0. 0. 1. 0.
0.993 -0.118 0. 106.872 0.118 0.993 0. 10.966 0. 0. 1. 0.
0.993 -0.120 0. 110.018 0.120 0.993 0. 11.330 0. 0. 1. 0.
0.993 -0.116 0. 113.161 0.116 0.993 0. 11.722 0. 0. 1. 0.
0.993 -0.114 0. 116.272 0.114 0.993 0. 12.080 0. 0. 1. 0.
0.994 -0.112 0. 119.385 0.112 0.994 0. 12.484 0. 0. 1. 0.
0.994 -0.111 0. 122.510 0.111 0.994 0. 12.823 0. 0. 1. 0.
0.994 -0.113 0. 125.639 0.113 0.994 0. 13.140 0. 0. 1. 0.
0.993 -0.115 0. 128.751 0.115 0.993 0. 13.558 0. 0. 1. 0.
0.993 -0.116 0. 131.847 0.116 0.993 0. 13.880 0. 0. 1. 0.
0.993 -0.116 0. 134.938 0.116 0.993 0. 14.274 0. 0. 1. 0.
0.993 -0.116 0. 138.058 0.116 0.993 0. 14.609 0. 0. 1. 0.
0.994 -0.113 0. 141.149 0.113 0.994 0. 14.998 0. 0. 1. 0.
0.994 -0.112 0. 144.230 0.112 0.994 0. 15.351 0. 0. 1. 0.
0.994 -0.111 0. 147.323 0.111 0.994 0. 15.694 0. 0. 1. 0.
0.994 -0.113 0. 150.436 0.113 0.994 0. 16.051 0. 0. 1. 0.
0.994 -0.113 0. 153.548 0.113 0.994 0. 16.445 0. 0. 1. 0.
0.994 -0.111 0. 156.613 0.111 0.994 0. 16.759 0. 0. 1. 0.
0.994 -0.108 0. 159.707 0.108 0.994 0. 17.125 0. 0. 1. 0.
0.994 -0.107 0. 162.792 0.107 0.994 0. 17.421 0. 0. 1. 0.
0.994 -0.107 0. 165.848 0.107 0.994 0. 17.778 0. 0. 1. 0.
0.994 -0.108 0. 168.952 0.108 0.994 0. 18.091 0. 0. 1. 0.
0.994 -0.109 0. 172.003 0.109 0.994 0. 18.432 0. 0. 1. 0.
0.994 -0.109 0. 175.096 0.109 0.994 0. 18.782 0. 0. 1. 0.
0.994 -0.109 0. 178.183 0.109 0.994 0. 19.145 0. 0. 1. 0.
0.994 -0.111 0. 181.266 0.111 0.994 0. 19.490 0. 0. 1. 0.
0.994 -0.109 0. 184.367 0.109 0.994 0. 19.816 0. 0. 1. 0.
0.994 -0.112 0. 187.478 0.112 0.994 0. 20.175 0. 0. 1. 0.
0.994 -0.110 0. 190.575 0.110 0.994 0. 20.546 0. 0. 1. 0.
0.994 -0.105 0. 193.658 0.105 0.994 0. 20.958 0. 0. 1. 0.
0.994 -0.106 0. 196.798 0.106 0.994 0. 21.246 0. 0. 1. 0.
0.995 -0.104 0. 199.896 0.104 0.995 0. 21.590 0. 0. 1. 0.
0.995 -0.103 0. 203.023 0.103 0.995 0. 21.945 0. 0. 1. 0.
0.994 -0.106 0. 206.167 0.106 0.994 0. 22.291 0. 0. 1. 0.
0.994 -0.108 0. 209.311 0.108 0.994 0. 22.712 0. 0. 1. 0.
0.994 -0.109 0. 212.425 0.109 0.994 0. 23.066 0. 0. 1. 0.
0.994 -0.107 0. 215.579 0.107 0.994 0. 23.399 0. 0. 1. 0.
0.994 -0.107 0. 218.685 0.107 0.994 0. 23.738 0. 0. 1. 0.
0.994 -0.105 0. 221.813 0.105 0.994 0. 24.053 0. 0. 1. 0.
0.994 -0.105 0. 224.871 0.105 0.994 0. 24.407 0. 0. 1. 0.
0.995 -0.101 0. 227.967 0.101 0.995 0. 24.698 0. 0. 1. 0.
0.995 -0.099 0. 231.025 0.099 0.995 0. 25.016 0. 0. 1. 0.
0.996 -0.094 0. 234.025 0.094 0.996 0. 25.384 0. 0. 1. 0.
0.996 -0.093 0. 237.083 0.093 0.996 0. 25.631 0. 0. 1. 0.
0.996 -0.094 0. 240.104 0.094 0.996 0. 25.954 0. 0. 1. 0.
0.995 -0.096 0. 243.144 0.096 0.995 0. 26.286 0. 0. 1. 0.
0.995 -0.099 0. 246.162 0.099 0.995 0. 26.590 0. 0. 1. 0.
0.995 -0.098 0. 249.208 0.098 0.995 0. 26.963 0. 0. 1. 0.
0.995 -0.099 0. 252.216 0.099 0.995 0. 27.285 0. 0. 1. 0.
0.995 -0.102 0. 255.221 0.102 0.995 0. 27.620 0. 0. 1. 0.
0.994 -0.108 0. 258.269 0.108 0.994 0. 27.910 0. 0. 1. 0.
0.994 -0.112 0. 261.299 0.112 0.994 0. 28.219 0. 0. 1. 0.
0.994 -0.113 0. 264.325 0.113 0.994 0. 28.614 0. 0. 1. 0.
0.993 -0.115 0. 267.300 0.115 0.993 0. 28.973 0. 0. 1. 0.
0.994 -0.113 0. 270.350 0.113 0.994 0. 29.265 0. 0. 1. 0.
0.994 -0.110 0. 273.288 0.110 0.994 0. 29.646 0. 0. 1. 0.
0.994 -0.107 0. 276.238 0.107 0.994 0. 29.961 0. 0. 1. 0.
0.994 -0.105 0. 279.145 0.105 0.994 0. 30.285 0. 0. 1. 0.
0.995 -0.104 0. 282.051 0.104 0.995 0. 30.552 0. 0. 1. 0.
0.995 -0.104 0. 284.973 0.104 0.995 0. 30.936 0. 0. 1. 0.
0.995 -0.103 0. 287.874 0.103 0.995 0. 31.223 0. 0. 1. 0.
0.995 -0.103 0. 290.735 0.103 0.995 0. 31.540 0. 0. 1. 0.
0.995 -0.103 0. 293.663 0.103 0.995 0. 31.815 0. 0. 1. 0.
0.995 -0.102 0. 296.567 0.102 0.995 0. 32.124 0. 0. 1. 0.
0.995 -0.101 0. 299.509 0.101 0.995 0. 32.387 0. 0. 1. 0.
0.995 -0.101 0. 302.421 0.101 0.995 0. 32.732 0. 0. 1. 0.
0.995 -0.102 0. 305.380 0.102 0.995 0. 32.993 0. 0. 1. 0.
0.995 -0.101 0. 308.341 0.101 0.995 0. 33.265 0. 0. 1. 0.
0.995 -0.101 0. 311.322 0.101 0.995 0. 33.611 0. 0. 1. 0.
0.995 -0.105 0. 314.337 0.105 0.995 0. 33.936 0. 0. 1. 0.
0.995 -0.104 0. 317.364 0.104 0.995 0. 34.283 0. 0. 1. 0.
0.995 -0.104 0. 320.424 0.104 0.995 0. 34.606 0. 0. 1. 0.
0.995 -0.104 0. 323.516 0.104 0.995 0. 34.920 0. 0. 1. 0.
0.994 -0.106 0. 326.585 0.106 0.994 0. 35.340 0. 0. 1. 0.
0.994 -0.107 0. 329.752 0.107 0.994 0. 35.632 0. 0. 1. 0.
0.994 -0.106 0. 332.951 0.106 0.994 0. 35.932 0. 0. 1. 0.
0.994 -0.106 0. 336.174 0.106 0.994 0. 36.258 0. 0. 1. 0.
0.994 -0.109 0. 339.425 0.109 0.994 0. 36.594 0. 0. 1. 0.
0.994 -0.110 0. 342.700 0.110 0.994 0. 36.966 0. 0. 1. 0.
0.994 -0.109 0. 345.992 0.109 0.994 0. 37.296 0. 0. 1. 0.
0.994 -0.111 0. 349.311 0.111 0.994 0. 37.689 0. 0. 1. 0.
0.994 -0.113 0. 352.652 0.113 0.994 0. 38.079 0. 0. 1. 0.
0.994 -0.112 0. 356.028 0.112 0.994 0. 38.519 0. 0. 1. 0.
0.994 -0.113 0. 359.461 0.113 0.994 0. 38.892 0. 0. 1. 0.
0.994 -0.113 0. 362.892 0.113 0.994 0. 39.280 0. 0. 1. 0.
0.994 -0.112 0. 366.364 0.112 0.994 0. 39.657 0. 0. 1. 0.
0.994 -0.110 0. 369.840 0.110 0.994 0. 40.012 0. 0. 1. 0.
0.994 -0.109 0. 373.377 0.109 0.994 0. 40.366 0. 0. 1. 0.
0.994 -0.109 0. 376.908 0.109 0.994 0. 40.771 0. 0. 1. 0.
0.994 -0.108 0. 380.437 0.108 0.994 0. 41.166 0. 0. 1. 0.
0.994 -0.107 0. 384.026 0.107 0.994 0. 41.476 0. 0. 1. 0.
0.995 -0.104 0. 387.644 0.104 0.995 0. 41.849 0. 0. 1. 0.
0.994 -0.105 0. 391.240 0.105 0.994 0. 42.202 0. 0. 1. 0.
0.994 -0.107 0. 394.862 0.107 0.994 0. 42.624 0. 0. 1. 0.
0.994 -0.107 0. 398.482 0.107 0.994 0. 43.045 0. 0. 1. 0.
0.994 -0.107 0. 402.045 0.107 0.994 0. 43.443 0. 0. 1. 0.
0.995 -0.105 0. 405.665 0.105 0.995 0. 43.806 0. 0. 1. 0.
0.995 -0.105 0. 409.240 0.105 0.995 0. 44.116 0. 0. 1. 0.
0.994 -0.108 0. 412.840 0.108 0.994 0. 44.532 0. 0. 1. 0.
0.994 -0.112 0. 416.440 0.112 0.994 0. 44.916 0. 0. 1. 0.
0.993 -0.115 0. 420.062 0.115 0.993 0. 45.346 0. 0. 1. 0.
0.993 -0.115 0. 423.670 0.115 0.993 0. 45.829 0. 0. 1. 0.
0.994 -0.113 0. 427.312 0.113 0.994 0. 46.221 0. 0. 1. 0.
0.994 -0.112 0. 430.929 0.112 0.994 0. 46.601 0. 0. 1. 0.
0.994 -0.113 0. 434.595 0.113 0.994 0. 46.962 0. 0. 1. 0.
0.994 -0.112 0. 438.202 0.112 0.994 0. 47.309 0. 0. 1. 0.
0.994 -0.111 0. 441.868 0.111 0.994 0. 47.927 0. 0. 1. 0.
0.994 -0.112 0. 445.525 0.112 0.994 0. 48.163 0. 0. 1. 0.
0.994 -0.112 0. 449.200 0.112 0.994 0. 48.595 0. 0. 1. 0.
0.994 -0.111 0. 452.874 0.111 0.994 0. 49.030 0. 0. 1. 0.
0.994 -0.109 0. 456.562 0.109 0.994 0. 49.511 0. 0. 1. 0.
0.994 -0.110 0. 460.265 0.110 0.994 0. 49.811 0. 0. 1. 0.
0.994 -0.110 0. 463.974 0.110 0.994 0. 50.250 0. 0. 1. 0.
0.994 -0.109 0. 467.688 0.109 0.994 0. 50.691 0. 0. 1. 0.
0.994 -0.111 0. 471.408 0.111 0.994 0. 51.084 0. 0. 1. 0.
0.994 -0.112 0. 475.131 0.112 0.994 0. 51.531 0. 0. 1. 0.
0.994 -0.113 0. 478.876 0.113 0.994 0. 51.880 0. 0. 1. 0.
0.993 -0.116 0. 482.615 0.116 0.993 0. 52.397 0. 0. 1. 0.
0.993 -0.116 0. 486.372 0.116 0.993 0. 52.707 0. 0. 1. 0.
0.993 -0.118 0. 490.074 0.118 0.993 0. 53.223 0. 0. 1. 0.
0.993 -0.117 0. 493.777 0.117 0.993 0. 53.567 0. 0. 1. 0.
0.993 -0.118 0. 497.462 0.118 0.993 0. 54.142 0. 0. 1. 0.
0.993 -0.116 0. 501.091 0.116 0.993 0. 54.530 0. 0. 1. 0.
0.994 -0.114 0. 504.720 0.114 0.994 0. 54.984 0. 0. 1. 0.
0.993 -0.116 0. 508.359 0.116 0.993 0. 55.415 0. 0. 1. 0.
0.993 -0.116 0. 511.979 0.116 0.993 0. 55.928 0. 0. 1. 0.
0.993 -0.114 0. 515.576 0.114 0.993 0. 56.424 0. 0. 1. 0.
0.994 -0.114 0. 519.158 0.114 0.994 0. 56.824 0. 0. 1. 0.
0.993 -0.115 0. 522.763 0.115 0.993 0. 57.172 0. 0. 1. 0.
0.993 -0.114 0. 526.358 0.114 0.993 0. 57.678 0. 0. 1. 0.
0.993 -0.114 0. 529.977 0.114 0.993 0. 58.138 0. 0. 1. 0.
0.993 -0.115 0. 533.571 0.115 0.993 0. 58.505 0. 0. 1. 0.
0.993 -0.114 0. 537.162 0.114 0.993 0. 59.052 0. 0. 1. 0.
0.993 -0.115 0. 540.796 0.115 0.993 0. 59.337 0. 0. 1. 0.
0.993 -0.117 0. 544.380 0.117 0.993 0. 59.751 0. 0. 1. 0.
0.993 -0.119 0. 547.997 0.119 0.993 0. 60.187 0. 0. 1. 0.
0.993 -0.118 0. 551.588 0.118 0.993 0. 60.555 0. 0. 1. 0.
0.993 -0.118 0. 555.214 0.118 0.993 0. 60.981 0. 0. 1. 0.
0.993 -0.117 0. 558.826 0.117 0.993 0. 61.340 0. 0. 1. 0.
0.993 -0.117 0. 562.450 0.117 0.993 0. 61.762 0. 0. 1. 0.
0.993 -0.115 0. 566.117 0.115 0.993 0. 62.139 0. 0. 1. 0.
0.993 -0.118 0. 569.714 0.118 0.993 0. 62.533 0. 0. 1. 0.
0.993 -0.116 0. 573.323 0.116 0.993 0. 63.002 0. 0. 1. 0.
0.993 -0.118 0. 576.942 0.118 0.993 0. 63.374 0. 0. 1. 0.
0.993 -0.117 0. 580.595 0.117 0.993 0. 63.888 0. 0. 1. 0.
0.993 -0.121 0. 584.274 0.121 0.993 0. 64.205 0. 0. 1. 0.
0.993 -0.117 0. 587.957 0.117 0.993 0. 64.744 0. 0. 1. 0.
0.993 -0.119 0. 591.618 0.119 0.993 0. 65.180 0. 0. 1. 0.
0.993 -0.115 0. 595.297 0.115 0.993 0. 65.687 0. 0. 1. 0.
0.994 -0.112 0. 598.970 0.112 0.994 0. 66.121 0. 0. 1. 0.
0.993 -0.114 0. 602.708 0.114 0.993 0. 66.471 0. 0. 1. 0.
0.994 -0.113 0. 606.429 0.113 0.994 0. 66.903 0. 0. 1. 0.
0.994 -0.112 0. 610.140 0.112 0.994 0. 67.296 0. 0. 1. 0.
0.993 -0.116 0. 613.891 0.116 0.993 0. 67.734 0. 0. 1. 0.
0.993 -0.117 0. 617.576 0.117 0.993 0. 68.198 0. 0. 1. 0.
0.993 -0.117 0. 621.325 0.117 0.993 0. 68.630 0. 0. 1. 0.
0.993 -0.118 0. 625.039 0.118 0.993 0. 69.014 0. 0. 1. 0.
0.993 -0.119 0. 628.834 0.119 0.993 0. 69.484 0. 0. 1. 0.
0.993 -0.117 0. 632.594 0.117 0.993 0. 69.796 0. 0. 1. 0.
0.993 -0.115 0. 636.374 0.115 0.993 0. 70.252 0. 0. 1. 0.
0.993 -0.115 0. 640.150 0.115 0.993 0. 70.672 0. 0. 1. 0.
0.993 -0.114 0. 643.919 0.114 0.993 0. 71.111 0. 0. 1. 0.
0.993 -0.114 0. 647.683 0.114 0.993 0. 71.526 0. 0. 1. 0.
0.993 -0.115 0. 651.404 0.115 0.993 0. 71.905 0. 0. 1. 0.
0.993 -0.116 0. 655.142 0.116 0.993 0. 72.344 0. 0. 1. 0.
0.993 -0.116 0. 658.835 0.116 0.993 0. 72.790 0. 0. 1. 0.
0.993 -0.118 0. 662.520 0.118 0.993 0. 73.261 0. 0. 1. 0.
0.993 -0.120 0. 666.216 0.120 0.993 0. 73.648 0. 0. 1. 0.
0.993 -0.119 0. 669.894 0.119 0.993 0. 74.069 0. 0. 1. 0.
0.993 -0.119 0. 673.632 0.119 0.993 0. 74.566 0. 0. 1. 0.
0.993 -0.116 0. 677.318 0.116 0.993 0. 75.044 0. 0. 1. 0.
0.993 -0.118 0. 681.051 0.118 0.993 0. 75.460 0. 0. 1. 0.
0.993 -0.115 0. 684.796 0.115 0.993 0. 75.874 0. 0. 1. 0.
0.993 -0.117 0. 688.486 0.117 0.993 0. 76.270 0. 0. 1. 0.
0.993 -0.117 0. 692.242 0.117 0.993 0. 76.630 0. 0. 1. 0.
0.993 -0.118 0. 695.927 0.118 0.993 0. 76.979 0. 0. 1. 0.
0.993 -0.115 0. 699.595 0.115 0.993 0. 77.401 0. 0. 1. 0.
0.993 -0.117 0. 703.314 0.117 0.993 0. 77.866 0. 0. 1. 0.
0.993 -0.115 0. 707.041 0.115 0.993 0. 78.311 0. 0. 1. 0.
0.993 -0.115 0. 710.721 0.115 0.993 0. 78.711 0. 0. 1. 0.
0.993 -0.115 0. 714.447 0.115 0.993 0. 79.157 0. 0. 1. 0.
0.993 -0.114 0. 718.106 0.114 0.993 0. 79.573 0. 0. 1. 0.
0.993 -0.116 0. 721.814 0.116 0.993 0. 80.012 0. 0. 1. 0.
0.993 -0.116 0. 725.528 0.116 0.993 0. 80.504 0. 0. 1. 0.
0.993 -0.115 0. 729.186 0.115 0.993 0. 80.921 0. 0. 1. 0.
0.994 -0.112 0. 732.879 0.112 0.994 0. 81.385 0. 0. 1. 0.
0.994 -0.111 0. 736.609 0.111 0.994 0. 81.681 0. 0. 1. 0.
0.994 -0.112 0. 740.282 0.112 0.994 0. 82.206 0. 0. 1. 0.
0.994 -0.110 0. 743.969 0.110 0.994 0. 82.603 0. 0. 1. 0.
0.994 -0.111 0. 747.699 0.111 0.994 0. 82.973 0. 0. 1. 0.
0.994 -0.112 0. 751.418 0.112 0.994 0. 83.440 0. 0. 1. 0.
0.994 -0.112 0. 755.106 0.112 0.994 0. 83.804 0. 0. 1. 0.
0.994 -0.110 0. 758.808 0.110 0.994 0. 84.256 0. 0. 1. 0.
0.994 -0.108 0. 762.501 0.108 0.994 0. 84.656 0. 0. 1. 0.
0.994 -0.109 0. 766.231 0.109 0.994 0. 85.128 0. 0. 1. 0.
0.994 -0.109 0. 769.921 0.109 0.994 0. 85.467 0. 0. 1. 0.
0.994 -0.109 0. 773.638 0.109 0.994 0. 85.832 0. 0. 1. 0.
0.994 -0.110 0. 777.355 0.110 0.994 0. 86.245 0. 0. 1. 0.
0.994 -0.108 0. 781.059 0.108 0.994 0. 86.616 0. 0. 1. 0.
0.994 -0.109 0. 784.784 0.109 0.994 0. 87.005 0. 0. 1. 0.
0.994 -0.113 0. 788.515 0.113 0.994 0. 87.277 0. 0. 1. 0.
0.994 -0.113 0. 792.259 0.113 0.994 0. 87.726 0. 0. 1. 0.
0.994 -0.113 0. 795.967 0.113 0.994 0. 88.078 0. 0. 1. 0.
0.994 -0.111 0. 799.671 0.111 0.994 0. 88.523 0. 0. 1. 0.
0.994 -0.110 0. 803.383 0.110 0.994 0. 88.890 0. 0. 1. 0.
0.994 -0.112 0. 807.129 0.112 0.994 0. 89.314 0. 0. 1. 0.
0.994 -0.109 0. 810.854 0.109 0.994 0. 89.730 0. 0. 1. 0.
0.994 -0.109 0. 814.556 0.109 0.994 0. 90.171 0. 0. 1. 0.
0.994 -0.111 0. 818.294 0.111 0.994 0. 90.394 0. 0. 1. 0.
0.994 -0.108 0. 821.997 0.108 0.994 0. 90.850 0. 0. 1. 0.
0.994 -0.109 0. 825.721 0.109 0.994 0. 91.315 0. 0. 1. 0.
0.994 -0.112 0. 829.480 0.112 0.994 0. 91.670 0. 0. 1. 0.
0.994 -0.112 0. 833.213 0.112 0.994 0. 91.972 0. 0. 1. 0.
0.993 -0.115 0. 836.952 0.115 0.993 0. 92.442 0. 0. 1. 0.
0.994 -0.113 0. 840.686 0.113 0.994 0. 92.817 0. 0. 1. 0.
0.994 -0.113 0. 844.429 0.113 0.994 0. 93.287 0. 0. 1. 0.
0.994 -0.112 0. 848.177 0.112 0.994 0. 93.682 0. 0. 1. 0.
0.994 -0.112 0. 851.891 0.112 0.994 0. 94.140 0. 0. 1. 0.
0.994 -0.112 0. 855.663 0.112 0.994 0. 94.600 0. 0. 1. 0.
0.994 -0.112 0. 859.396 0.112 0.994 0. 94.940 0. 0. 1. 0.
0.994 -0.112 0. 863.128 0.112 0.994 0. 95.359 0. 0. 1. 0.
0.994 -0.113 0. 866.825 0.113 0.994 0. 95.750 0. 0. 1. 0.
0.994 -0.112 0. 870.612 0.112 0.994 0. 96.132 0. 0. 1. 0.
0.994 -0.113 0. 874.273 0.113 0.994 0. 96.523 0. 0. 1. 0.
0.994 -0.110 0. 877.949 0.110 0.994 0. 96.965 0. 0. 1. 0.
0.994 -0.113 0. 881.640 0.113 0.994 0. 97.380 0. 0. 1. 0.
0.994 -0.109 0. 885.300 0.109 0.994 0. 97.793 0. 0. 1. 0.
0.994 -0.109 0. 888.929 0.109 0.994 0. 98.262 0. 0. 1. 0.
0.994 -0.109 0. 892.607 0.109 0.994 0. 98.670 0. 0. 1. 0.
0.994 -0.109 0. 896.276 0.109 0.994 0. 99.032 0. 0. 1. 0.
0.994 -0.110 0. 899.928 0.110 0.994 0. 99.379 0. 0. 1. 0.
0.994 -0.112 0. 903.615 0.112 0.994 0. 99.784 0. 0. 1. 0.
0.994 -0.106 0. 907.296 0.106 0.994 0. 100.157 0. 0. 1. 0.
0.994 -0.108 0. 910.981 0.108 0.994 0. 100.546 0. 0. 1. 0.
0.994 -0.109 0. 914.636 0.109 0.994 0. 101.062 0. 0. 1. 0.
0.995 -0.102 0. 918.324 0.102 0.995 0. 101.280 0. 0. 1. 0.
0.995 -0.104 0. 921.991 0.104 0.995 0. 101.715 0. 0. 1. 0.
0.995 -0.103 0. 925.662 0.103 0.995 0. 102.082 0. 0. 1. 0.
0.994 -0.105 0. 929.340 0.105 0.994 0. 102.476 0. 0. 1. 0.
0.994 -0.107 0. 932.993 0.107 0.994 0. 102.782 0. 0. 1. 0.
0.994 -0.105 0. 936.688 0.105 0.994 0. 103.190 0. 0. 1. 0.
0.994 -0.105 0. 940.318 0.105 0.994 0. 103.538 0. 0. 1. 0.
0.995 -0.103 0. 943.981 0.103 0.995 0. 103.924 0. 0. 1. 0.
0.995 -0.100 0. 947.654 0.100 0.995 0. 104.275 0. 0. 1. 0.
0.995 -0.100 0. 951.320 0.100 0.995 0. 104.582 0. 0. 1. 0.
0.995 -0.098 0. 955.018 0.098 0.995 0. 104.821 0. 0. 1. 0.
0.995 -0.097 0. 958.617 0.097 0.995 0. 105.268 0. 0. 1. 0.
0.995 -0.095 0. 962.306 0.095 0.995 0. 105.586 0. 0. 1. 0.
0.996 -0.091 0. 965.967 0.091 0.996 0. 105.947 0. 0. 1. 0.
0.997 -0.083 0. 969.618 0.083 0.997 0. 106.285 0. 0. 1. 0.
0.997 -0.078 0. 973.301 0.078 0.997 0. 106.610 0. 0. 1. 0.
0.997 -0.072 0. 976.971 0.072 0.997 0. 106.906 0. 0. 1. 0.
0.998 -0.062 0. 980.604 0.062 0.998 0. 107.119 0. 0. 1. 0.
0.998 -0.059 0. 984.247 0.059 0.998 0. 107.373 0. 0. 1. 0.
0.999 -0.045 0. 987.901 0.045 0.999 0. 107.607 0. 0. 1. 0.
0.999 -0.039 0. 991.564 0.039 0.999 0. 107.812 0. 0. 1. 0.
1.000 -0.031 0. 995.187 0.031 1.000 0. 107.864 0. 0. 1. 0.
1.000 -0.020 0. 998.888 0.020 1.000 0. 107.990 0. 0. 1. 0.
1.000 -0.017 0. 1002.534 0.017 1.000 0. 107.987 0. 0. 1. 0.
1.000 -0.019 0. 1006.201 0.019 1.000 0. 107.961 0. 0. 1. 0.
1.000 -0.019 0. 1009.851 0.019 1.000 0. 108.031 0. 0. 1. 0.
1.000 -0.017 0. 1013.499 0.017 1.000 0. 108.127 0. 0. 1. 0.
1.000 -0.017 0. 1017.125 0.017 1.000 0. 108.209 0. 0. 1. 0.
1. -0.012 0. 1020.783 0.012 1. 0. 108.219 0. 0. 1. 0.
1. -0.007 0. 1024.424 0.007 1. 0. 108.188 0. 0. 1. 0.
1. -0.004 0. 1028.057 0.004 1. 0. 108.246 0. 0. 1. 0.
1. -0.003 0. 1031.684 0.003 1. 0. 108.203 0. 0. 1. 0.
1. -0.003 0. 1035.315 0.003 1. 0. 108.254 0. 0. 1. 0.
1. -0.002 0. 1038.977 0.002 1. 0. 108.188 0. 0. 1. 0.
1. -0.003 0. 1042.614 0.003 1. 0. 108.232 0. 0. 1. 0.
1. -0.005 0. 1046.246 0.005 1. 0. 108.173 0. 0. 1. 0.
1. -0.006 0. 1049.866 0.006 1. 0. 108.182 0. 0. 1. 0.
1. -0.007 0. 1053.479 0.007 1. 0. 108.264 0. 0. 1. 0.
1. -0.009 0. 1057.116 0.009 1. 0. 108.337 0. 0. 1. 0.
1. -0.011 0. 1060.727 0.011 1. 0. 108.234 0. 0. 1. 0.
1. -0.013 0. 1064.350 0.013 1. 0. 108.382 0. 0. 1. 0.
1. -0.010 0. 1067.952 0.010 1. 0. 108.372 0. 0. 1. 0.
1. -0.008 0. 1071.552 0.008 1. 0. 108.496 0. 0. 1. 0.
1. -0.003 0. 1075.162 0.003 1. 0. 108.451 0. 0. 1. 0.
1. -0.000 0. 1078.737 0.000 1. 0. 108.554 0. 0. 1. 0.
1. 0.003 0. 1082.346 -0.003 1. 0. 108.479 0. 0. 1. 0.
1. 0.004 0. 1085.947 -0.004 1. 0. 108.573 0. 0. 1. 0.
1. 0.004 0. 1089.547 -0.004 1. 0. 108.474 0. 0. 1. 0.
1. 0.002 0. 1093.126 -0.002 1. 0. 108.451 0. 0. 1. 0.
1. 0.002 0. 1096.724 -0.002 1. 0. 108.371 0. 0. 1. 0.
1. -0.002 0. 1100.281 0.002 1. 0. 108.424 0. 0. 1. 0.
1. -0.000 0. 1103.899 0.000 1. 0. 108.453 0. 0. 1. 0.
1. -0.006 0. 1107.478 0.006 1. 0. 108.381 0. 0. 1. 0.
1. -0.004 0. 1111.079 0.004 1. 0. 108.414 0. 0. 1. 0.
1. -0.003 0. 1114.651 0.003 1. 0. 108.381 0. 0. 1. 0.
1. -0.004 0. 1118.244 0.004 1. 0. 108.422 0. 0. 1. 0.
1. -0.004 0. 1121.799 0.004 1. 0. 108.398 0. 0. 1. 0.
1. -0.006 0. 1125.383 0.006 1. 0. 108.433 0. 0. 1. 0.
1. -0.006 0. 1128.983 0.006 1. 0. 108.448 0. 0. 1. 0.
1. -0.007 0. 1132.527 0.007 1. 0. 108.456 0. 0. 1. 0.
1. -0.009 0. 1136.148 0.009 1. 0. 108.432 0. 0. 1. 0.
1. -0.009 0. 1139.719 0.009 1. 0. 108.506 0. 0. 1. 0.
1. -0.008 0. 1143.246 0.008 1. 0. 108.531 0. 0. 1. 0.
1. -0.004 0. 1146.833 0.004 1. 0. 108.620 0. 0. 1. 0.
1. -0.003 0. 1150.384 0.003 1. 0. 108.581 0. 0. 1. 0.
1. -0.003 0. 1153.925 0.003 1. 0. 108.617 0. 0. 1. 0.
1. -0.001 0. 1157.454 0.001 1. 0. 108.608 0. 0. 1. 0.
1. -0.001 0. 1161. 0.001 1. 0. 108.607 0. 0. 1. 0.
1. -0.004 0. 1164.566 0.004 1. 0. 108.562 0. 0. 1. 0.
1. -0.002 0. 1168.110 0.002 1. 0. 108.541 0. 0. 1. 0.
1. 0.001 0. 1171.641 -0.001 1. 0. 108.513 0. 0. 1. 0.
1. 0.001 0. 1175.176 -0.001 1. 0. 108.560 0. 0. 1. 0.
1. -0.001 0. 1178.697 0.001 1. 0. 108.533 0. 0. 1. 0.
1. 0.001 0. 1182.231 -0.001 1. 0. 108.515 0. 0. 1. 0.
1. 0.001 0. 1185.686 -0.001 1. 0. 108.522 0. 0. 1. 0.
1. 0.001 0. 1189.248 -0.001 1. 0. 108.463 0. 0. 1. 0.
1. 0.001 0. 1192.764 -0.001 1. 0. 108.367 0. 0. 1. 0.
1. -0.001 0. 1196.294 0.001 1. 0. 108.439 0. 0. 1. 0.
1. 0.000 0. 1199.851 -0.000 1. 0. 108.373 0. 0. 1. 0.
1. -0. 0. 1203.342 0. 1. 0. 108.447 0. 0. 1. 0.
1. 0.001 0. 1206.855 -0.001 1. 0. 108.312 0. 0. 1. 0.
1. 0.002 0. 1210.161 -0.002 1. 0. 108.313 0. 0. 1. 0.
1. 0.001 0. 1213.421 -0.001 1. 0. 108.344 0. 0. 1. 0.
1. 0.002 0. 1216.558 -0.002 1. 0. 108.297 0. 0. 1. 0.
1. 0.001 0. 1219.606 -0.001 1. 0. 108.245 0. 0. 1. 0.
1. 0.002 0. 1222.527 -0.002 1. 0. 108.194 0. 0. 1. 0.
1. 0.002 0. 1225.363 -0.002 1. 0. 108.185 0. 0. 1. 0.
1. -0.001 0. 1228.092 0.001 1. 0. 108.204 0. 0. 1. 0.
1. 0.001 0. 1230.599 -0.001 1. 0. 108.180 0. 0. 1. 0.
1. 0.000 0. 1233.042 -0.000 1. 0. 108.199 0. 0. 1. 0.
1. 0.000 0. 1235.418 -0.000 1. 0. 108.183 0. 0. 1. 0.
1. 0.001 0. 1237.607 -0.001 1. 0. 108.211 0. 0. 1. 0.
1. 0.001 0. 1239.708 -0.001 1. 0. 108.280 0. 0. 1. 0.
1. -0.001 0. 1241.668 0.001 1. 0. 108.209 0. 0. 1. 0.
1. 0.002 0. 1243.538 -0.002 1. 0. 108.313 0. 0. 1. 0.
1. 0.001 0. 1245.270 -0.001 1. 0. 108.290 0. 0. 1. 0.
1. 0.001 0. 1246.931 -0.001 1. 0. 108.303 0. 0. 1. 0.
1. 0.001 0. 1248.429 -0.001 1. 0. 108.324 0. 0. 1. 0.
1. 0.004 0. 1249.911 -0.004 1. 0. 108.325 0. 0. 1. 0.
1. 0.003 0. 1251.244 -0.003 1. 0. 108.336 0. 0. 1. 0.
1. 0.003 0. 1252.589 -0.003 1. 0. 108.322 0. 0. 1. 0.
1. 0.003 0. 1253.775 -0.003 1. 0. 108.354 0. 0. 1. 0.
1. 0.005 0. 1254.937 -0.005 1. 0. 108.357 0. 0. 1. 0.
1. 0.002 0. 1256.032 -0.002 1. 0. 108.323 0. 0. 1. 0.
1. 0.005 0. 1257.103 -0.005 1. 0. 108.356 0. 0. 1. 0.
1. 0.004 0. 1258.146 -0.004 1. 0. 108.322 0. 0. 1. 0.
1. 0.005 0. 1259.168 -0.005 1. 0. 108.321 0. 0. 1. 0.
1. 0.005 0. 1260.119 -0.005 1. 0. 108.331 0. 0. 1. 0.
1. 0.005 0. 1261.079 -0.005 1. 0. 108.342 0. 0. 1. 0.
1. 0.005 0. 1261.936 -0.005 1. 0. 108.333 0. 0. 1. 0.
1. 0.006 0. 1262.796 -0.006 1. 0. 108.360 0. 0. 1. 0.
1. 0.006 0. 1263.508 -0.006 1. 0. 108.342 0. 0. 1. 0.
1. 0.006 0. 1264.210 -0.006 1. 0. 108.298 0. 0. 1. 0.
1. 0.005 0. 1264.843 -0.005 1. 0. 108.313 0. 0. 1. 0.
1. 0.006 0. 1265.369 -0.006 1. 0. 108.319 0. 0. 1. 0.
1. 0.006 0. 1265.808 -0.006 1. 0. 108.354 0. 0. 1. 0.
1. 0.006 0. 1266.195 -0.006 1. 0. 108.435 0. 0. 1. 0.
1. 0.007 0. 1266.430 -0.007 1. 0. 108.422 0. 0. 1. 0.
1. 0.008 0. 1266.608 -0.008 1. 0. 108.401 0. 0. 1. 0.
1. 0.008 0. 1266.719 -0.008 1. 0. 108.406 0. 0. 1. 0.
1. 0.008 0. 1266.793 -0.008 1. 0. 108.395 0. 0. 1. 0.
1. 0.007 0. 1266.808 -0.007 1. 0. 108.407 0. 0. 1. 0.
1. 0.007 0. 1266.803 -0.007 1. 0. 108.344 0. 0. 1. 0.
1. 0.010 0. 1266.793 -0.010 1. 0. 108.448 0. 0. 1. 0.
1. 0.008 0. 1266.785 -0.008 1. 0. 108.411 0. 0. 1. 0.
1. 0.007 0. 1266.810 -0.007 1. 0. 108.390 0. 0. 1. 0.
1. 0.010 0. 1266.799 -0.010 1. 0. 108.478 0. 0. 1. 0.
1. 0.007 0. 1266.807 -0.007 1. 0. 108.408 0. 0. 1. 0.
1. 0.007 0. 1266.823 -0.007 1. 0. 108.412 0. 0. 1. 0.
1. 0.007 0. 1266.805 -0.007 1. 0. 108.407 0. 0. 1. 0.
1. 0.007 0. 1266.782 -0.007 1. 0. 108.405 0. 0. 1. 0.
1. 0.009 0. 1266.790 -0.009 1. 0. 108.464 0. 0. 1. 0.
1. 0.007 0. 1266.794 -0.007 1. 0. 108.416 0. 0. 1. 0.
1. 0.007 0. 1266.796 -0.007 1. 0. 108.422 0. 0. 1. 0.
1. 0.007 0. 1266.797 -0.007 1. 0. 108.414 0. 0. 1. 0.
1. 0.008 0. 1266.784 -0.008 1. 0. 108.427 0. 0. 1. 0.
1. 0.008 0. 1266.796 -0.008 1. 0. 108.425 0. 0. 1. 0.
1. 0.007 0. 1266.799 -0.007 1. 0. 108.406 0. 0. 1. 0.
1. 0.008 0. 1266.808 -0.008 1. 0. 108.429 0. 0. 1. 0.
1. 0.007 0. 1266.811 -0.007 1. 0. 108.369 0. 0. 1. 0.
1. 0.007 0. 1266.813 -0.007 1. 0. 108.359 0. 0. 1. 0.
1. 0.006 0. 1266.797 -0.006 1. 0. 108.365 0. 0. 1. 0.
1. 0.007 0. 1266.778 -0.007 1. 0. 108.406 0. 0. 1. 0.
1. 0.007 0. 1266.787 -0.007 1. 0. 108.392 0. 0. 1. 0.
1. 0.008 0. 1266.796 -0.008 1. 0. 108.426 0. 0. 1. 0.
1. 0.007 0. 1266.788 -0.007 1. 0. 108.389 0. 0. 1. 0.
1. 0.007 0. 1266.808 -0.007 1. 0. 108.406 0. 0. 1. 0.
1. 0.008 0. 1266.798 -0.008 1. 0. 108.440 0. 0. 1. 0.
1. 0.008 0. 1266.808 -0.008 1. 0. 108.435 0. 0. 1. 0.
1. 0.006 0. 1266.801 -0.006 1. 0. 108.333 0. 0. 1. 0.
1. 0.009 0. 1266.819 -0.009 1. 0. 108.441 0. 0. 1. 0.
1. 0.006 0. 1266.787 -0.006 1. 0. 108.373 0. 0. 1. 0.
1. 0.007 0. 1266.827 -0.007 1. 0. 108.408 0. 0. 1. 0.
1. 0.007 0. 1266.807 -0.007 1. 0. 108.396 0. 0. 1. 0.
1. 0.007 0. 1266.788 -0.007 1. 0. 108.424 0. 0. 1. 0.
1. 0.007 0. 1266.820 -0.007 1. 0. 108.408 0. 0. 1. 0.
1. 0.007 0. 1266.816 -0.007 1. 0. 108.394 0. 0. 1. 0.
1. 0.006 0. 1266.800 -0.006 1. 0. 108.382 0. 0. 1. 0.
1. 0.007 0. 1266.791 -0.007 1. 0. 108.417 0. 0. 1. 0.
1. 0.006 0. 1266.802 -0.006 1. 0. 108.369 0. 0. 1. 0.
1. 0.007 0. 1266.815 -0.007 1. 0. 108.408 0. 0. 1. 0.
1. 0.007 0. 1266.796 -0.007 1. 0. 108.414 0. 0. 1. 0.
1. 0.006 0. 1266.805 -0.006 1. 0. 108.378 0. 0. 1. 0.
1. 0.006 0. 1266.805 -0.006 1. 0. 108.354 0. 0. 1. 0.
1. 0.008 0. 1266.808 -0.008 1. 0. 108.420 0. 0. 1. 0.
1. 0.007 0. 1266.813 -0.007 1. 0. 108.434 0. 0. 1. 0.
1. 0.008 0. 1266.792 -0.008 1. 0. 108.436 0. 0. 1. 0.
1. 0.008 0. 1266.802 -0.008 1. 0. 108.406 0. 0. 1. 0.
1. 0.007 0. 1266.852 -0.007 1. 0. 108.399 0. 0. 1. 0.
1. 0.006 0. 1266.959 -0.006 1. 0. 108.329 0. 0. 1. 0.
1. 0.005 0. 1267.110 -0.005 1. 0. 108.336 0. 0. 1. 0.
1. 0.005 0. 1267.334 -0.005 1. 0. 108.379 0. 0. 1. 0.
1. 0.006 0. 1267.655 -0.006 1. 0. 108.386 0. 0. 1. 0.
1. 0.005 0. 1268.000 -0.005 1. 0. 108.361 0. 0. 1. 0.
1. 0.005 0. 1268.438 -0.005 1. 0. 108.346 0. 0. 1. 0.
1. 0.006 0. 1268.950 -0.006 1. 0. 108.354 0. 0. 1. 0.
1. 0.005 0. 1269.545 -0.005 1. 0. 108.362 0. 0. 1. 0.
1. 0.005 0. 1270.212 -0.005 1. 0. 108.334 0. 0. 1. 0.
1. 0.006 0. 1270.954 -0.006 1. 0. 108.388 0. 0. 1. 0.
1. 0.006 0. 1271.799 -0.006 1. 0. 108.352 0. 0. 1. 0.
1. 0.008 0. 1272.720 -0.008 1. 0. 108.332 0. 0. 1. 0.
1. 0.010 0. 1273.698 -0.010 1. 0. 108.317 0. 0. 1. 0.
1. 0.012 0. 1274.780 -0.012 1. 0. 108.341 0. 0. 1. 0.
1.000 0.015 0. 1275.924 -0.015 1.000 0. 108.341 0. 0. 1. 0.
1.000 0.016 0. 1277.141 -0.016 1.000 0. 108.283 0. 0. 1. 0.
1.000 0.015 0. 1278.432 -0.015 1.000 0. 108.295 0. 0. 1. 0.
1. 0.013 0. 1279.783 -0.013 1. 0. 108.262 0. 0. 1. 0.
1. 0.012 0. 1281.200 -0.012 1. 0. 108.299 0. 0. 1. 0.
1. 0.010 0. 1282.672 -0.010 1. 0. 108.244 0. 0. 1. 0.
1. 0.010 0. 1284.210 -0.010 1. 0. 108.334 0. 0. 1. 0.
1. 0.008 0. 1285.817 -0.008 1. 0. 108.283 0. 0. 1. 0.
1. 0.005 0. 1287.502 -0.005 1. 0. 108.289 0. 0. 1. 0.
1. 0.004 0. 1289.202 -0.004 1. 0. 108.303 0. 0. 1. 0.
1. 0.003 0. 1290.991 -0.003 1. 0. 108.322 0. 0. 1. 0.
1. 0.001 0. 1292.804 -0.001 1. 0. 108.315 0. 0. 1. 0.
1. 0. 0. 1294.699 -0. 1. 0. 108.295 0. 0. 1. 0.
1. -0.002 0. 1296.645 0.002 1. 0. 108.327 0. 0. 1. 0.
1. -0.004 0. 1298.653 0.004 1. 0. 108.315 0. 0. 1. 0.
1. -0.006 0. 1300.711 0.006 1. 0. 108.342 0. 0. 1. 0.
1. -0.006 0. 1302.829 0.006 1. 0. 108.380 0. 0. 1. 0.
1. -0.005 0. 1304.997 0.005 1. 0. 108.344 0. 0. 1. 0.
1. -0.003 0. 1307.231 0.003 1. 0. 108.361 0. 0. 1. 0.
1. -0.001 0. 1309.488 0.001 1. 0. 108.368 0. 0. 1. 0.
1. 0.000 0. 1311.823 -0.000 1. 0. 108.378 0. 0. 1. 0.
1. 0.004 0. 1314.207 -0.004 1. 0. 108.379 0. 0. 1. 0.
1. 0.003 0. 1316.628 -0.003 1. 0. 108.326 0. 0. 1. 0.
1. 0.005 0. 1319.124 -0.005 1. 0. 108.365 0. 0. 1. 0.
1. 0.002 0. 1321.649 -0.002 1. 0. 108.331 0. 0. 1. 0.
1. 0.004 0. 1324.230 -0.004 1. 0. 108.289 0. 0. 1. 0.
1. 0.003 0. 1326.858 -0.003 1. 0. 108.279 0. 0. 1. 0.
1. 0.002 0. 1329.542 -0.002 1. 0. 108.301 0. 0. 1. 0.
1. 0.002 0. 1332.262 -0.002 1. 0. 108.319 0. 0. 1. 0.
1. 0.003 0. 1335.039 -0.003 1. 0. 108.295 0. 0. 1. 0.
1. 0.004 0. 1337.885 -0.004 1. 0. 108.313 0. 0. 1. 0.
1. 0.003 0. 1340.704 -0.003 1. 0. 108.282 0. 0. 1. 0.
1. 0.003 0. 1343.621 -0.003 1. 0. 108.314 0. 0. 1. 0.
1. 0.007 0. 1346.596 -0.007 1. 0. 108.320 0. 0. 1. 0.
1. 0.004 0. 1349.577 -0.004 1. 0. 108.298 0. 0. 1. 0.
1. 0.004 0. 1352.623 -0.004 1. 0. 108.311 0. 0. 1. 0.
1. 0.002 0. 1355.684 -0.002 1. 0. 108.303 0. 0. 1. 0.
1. 0.002 0. 1358.793 -0.002 1. 0. 108.342 0. 0. 1. 0.
1. 0.000 0. 1361.933 -0.000 1. 0. 108.309 0. 0. 1. 0.
1. 0.000 0. 1365.120 -0.000 1. 0. 108.369 0. 0. 1. 0.
1. 0.000 0. 1368.258 -0.000 1. 0. 108.385 0. 0. 1. 0.
1. -0.002 0. 1371.403 0.002 1. 0. 108.419 0. 0. 1. 0.
1. -0. 0. 1374.514 0. 1. 0. 108.470 0. 0. 1. 0.
1. -0.002 0. 1377.601 0.002 1. 0. 108.470 0. 0. 1. 0.
1. -0.001 0. 1380.707 0.001 1. 0. 108.570 0. 0. 1. 0.
1. -0.000 0. 1383.792 0.000 1. 0. 108.440 0. 0. 1. 0.
1. -0.001 0. 1386.872 0.001 1. 0. 108.611 0. 0. 1. 0.
1. -0.000 0. 1389.977 0.000 1. 0. 108.529 0. 0. 1. 0.
1. 0.000 0. 1393.075 -0.000 1. 0. 108.499 0. 0. 1. 0.
1. -0.001 0. 1396.190 0.001 1. 0. 108.507 0. 0. 1. 0.
1. -0.001 0. 1399.327 0.001 1. 0. 108.494 0. 0. 1. 0.
1. -0.001 0. 1402.495 0.001 1. 0. 108.445 0. 0. 1. 0.
1. -0.001 0. 1405.678 0.001 1. 0. 108.525 0. 0. 1. 0.
1. 0.001 0. 1408.883 -0.001 1. 0. 108.652 0. 0. 1. 0.
1. 0.003 0. 1412.093 -0.003 1. 0. 108.641 0. 0. 1. 0.
1. 0.008 0. 1415.275 -0.008 1. 0. 108.511 0. 0. 1. 0.
1. 0.013 0. 1418.546 -0.013 1. 0. 108.568 0. 0. 1. 0.
1.000 0.022 0. 1421.776 -0.022 1.000 0. 108.586 0. 0. 1. 0.
1.000 0.031 0. 1424.987 -0.031 1.000 0. 108.434 0. 0. 1. 0.
0.999 0.041 0. 1428.189 -0.041 0.999 0. 108.295 0. 0. 1. 0.
0.999 0.053 0. 1431.396 -0.053 0.999 0. 108.120 0. 0. 1. 0.
0.998 0.065 0. 1434.597 -0.065 0.998 0. 107.911 0. 0. 1. 0.
0.997 0.077 0. 1437.802 -0.077 0.997 0. 107.709 0. 0. 1. 0.
0.996 0.084 0. 1440.988 -0.084 0.996 0. 107.535 0. 0. 1. 0.
0.997 0.083 0. 1444.167 -0.083 0.997 0. 107.273 0. 0. 1. 0.
0.997 0.074 0. 1447.339 -0.074 0.997 0. 107.056 0. 0. 1. 0.
0.998 0.067 0. 1450.519 -0.067 0.998 0. 106.801 0. 0. 1. 0.
0.998 0.059 0. 1453.677 -0.059 0.998 0. 106.630 0. 0. 1. 0.
0.999 0.055 0. 1456.788 -0.055 0.999 0. 106.484 0. 0. 1. 0.
0.999 0.050 0. 1459.929 -0.050 0.999 0. 106.427 0. 0. 1. 0.
0.999 0.047 0. 1463.037 -0.047 0.999 0. 106.189 0. 0. 1. 0.
0.999 0.043 0. 1466.123 -0.043 0.999 0. 106.123 0. 0. 1. 0.
0.999 0.039 0. 1469.150 -0.039 0.999 0. 105.984 0. 0. 1. 0.
0.999 0.037 0. 1472.194 -0.037 0.999 0. 105.977 0. 0. 1. 0.
0.999 0.034 0. 1475.187 -0.034 0.999 0. 105.913 0. 0. 1. 0.
1.000 0.030 0. 1478.210 -0.030 1.000 0. 105.769 0. 0. 1. 0.
1.000 0.029 0. 1481.220 -0.029 1.000 0. 105.725 0. 0. 1. 0.
1.000 0.032 0. 1484.156 -0.032 1.000 0. 105.583 0. 0. 1. 0.
0.999 0.036 0. 1487.096 -0.036 0.999 0. 105.526 0. 0. 1. 0.
0.999 0.043 0. 1489.987 -0.043 0.999 0. 105.382 0. 0. 1. 0.
0.999 0.049 0. 1492.842 -0.049 0.999 0. 105.243 0. 0. 1. 0.
0.998 0.055 0. 1495.716 -0.055 0.998 0. 105.047 0. 0. 1. 0.
0.998 0.060 0. 1498.495 -0.060 0.998 0. 104.887 0. 0. 1. 0.
0.998 0.068 0. 1501.182 -0.068 0.998 0. 104.692 0. 0. 1. 0.
0.997 0.071 0. 1503.775 -0.071 0.997 0. 104.541 0. 0. 1. 0.
0.997 0.076 0. 1506.296 -0.076 0.997 0. 104.343 0. 0. 1. 0.
0.997 0.081 0. 1508.717 -0.081 0.997 0. 104.113 0. 0. 1. 0.
0.996 0.087 0. 1511.006 -0.087 0.996 0. 103.940 0. 0. 1. 0.
0.996 0.090 0. 1513.284 -0.090 0.996 0. 103.734 0. 0. 1. 0.
0.995 0.097 0. 1515.480 -0.097 0.995 0. 103.533 0. 0. 1. 0.
0.995 0.097 0. 1517.576 -0.097 0.995 0. 103.308 0. 0. 1. 0.
0.995 0.098 0. 1519.608 -0.098 0.995 0. 103.111 0. 0. 1. 0.
0.995 0.099 0. 1521.555 -0.099 0.995 0. 102.956 0. 0. 1. 0.
0.995 0.100 0. 1523.426 -0.100 0.995 0. 102.727 0. 0. 1. 0.
0.995 0.101 0. 1525.139 -0.101 0.995 0. 102.599 0. 0. 1. 0.
0.995 0.101 0. 1526.826 -0.101 0.995 0. 102.425 0. 0. 1. 0.
0.994 0.105 0. 1528.490 -0.105 0.994 0. 102.250 0. 0. 1. 0.
0.994 0.107 0. 1529.979 -0.107 0.994 0. 102.084 0. 0. 1. 0.
0.994 0.109 0. 1531.410 -0.109 0.994 0. 101.965 0. 0. 1. 0.
0.994 0.111 0. 1532.693 -0.111 0.994 0. 101.832 0. 0. 1. 0.
0.994 0.113 0. 1533.852 -0.113 0.994 0. 101.679 0. 0. 1. 0.
0.993 0.117 0. 1534.950 -0.117 0.993 0. 101.570 0. 0. 1. 0.
0.992 0.123 0. 1535.953 -0.123 0.992 0. 101.416 0. 0. 1. 0.
0.992 0.127 0. 1536.833 -0.127 0.992 0. 101.331 0. 0. 1. 0.
0.991 0.133 0. 1537.639 -0.133 0.991 0. 101.214 0. 0. 1. 0.
0.990 0.138 0. 1538.298 -0.138 0.990 0. 101.118 0. 0. 1. 0.
0.989 0.147 0. 1538.882 -0.147 0.989 0. 101.022 0. 0. 1. 0.
0.988 0.156 0. 1539.377 -0.156 0.988 0. 100.943 0. 0. 1. 0.
0.986 0.169 0. 1539.775 -0.169 0.986 0. 100.831 0. 0. 1. 0.
0.984 0.180 0. 1540.095 -0.180 0.984 0. 100.756 0. 0. 1. 0.
0.982 0.190 0. 1540.312 -0.190 0.982 0. 100.728 0. 0. 1. 0.
0.980 0.198 0. 1540.483 -0.198 0.980 0. 100.687 0. 0. 1. 0.
0.980 0.201 0. 1540.551 -0.201 0.980 0. 100.650 0. 0. 1. 0.
0.979 0.205 0. 1540.650 -0.205 0.979 0. 100.656 0. 0. 1. 0.
0.978 0.209 0. 1540.727 -0.209 0.978 0. 100.619 0. 0. 1. 0.
0.977 0.213 0. 1540.827 -0.213 0.977 0. 100.588 0. 0. 1. 0.
0.976 0.218 0. 1540.924 -0.218 0.976 0. 100.561 0. 0. 1. 0.
0.974 0.228 0. 1541.080 -0.228 0.974 0. 100.520 0. 0. 1. 0.
0.972 0.237 0. 1541.257 -0.237 0.972 0. 100.460 0. 0. 1. 0.
0.969 0.249 0. 1541.466 -0.249 0.969 0. 100.401 0. 0. 1. 0.
0.965 0.263 0. 1541.725 -0.263 0.965 0. 100.300 0. 0. 1. 0.
0.960 0.279 0. 1542.058 -0.279 0.960 0. 100.162 0. 0. 1. 0.
0.955 0.298 0. 1542.422 -0.298 0.955 0. 100.042 0. 0. 1. 0.
0.947 0.321 0. 1542.806 -0.321 0.947 0. 99.878 0. 0. 1. 0.
0.939 0.345 0. 1543.276 -0.345 0.939 0. 99.672 0. 0. 1. 0.
0.928 0.373 0. 1543.745 -0.373 0.928 0. 99.432 0. 0. 1. 0.
0.915 0.403 0. 1544.283 -0.403 0.915 0. 99.193 0. 0. 1. 0.
0.901 0.434 0. 1544.840 -0.434 0.901 0. 98.878 0. 0. 1. 0.
0.886 0.465 0. 1545.453 -0.465 0.886 0. 98.533 0. 0. 1. 0.
0.869 0.495 0. 1546.039 -0.495 0.869 0. 98.124 0. 0. 1. 0.
0.849 0.528 0. 1546.708 -0.528 0.849 0. 97.699 0. 0. 1. 0.
0.828 0.561 0. 1547.345 -0.561 0.828 0. 97.198 0. 0. 1. 0.
0.803 0.596 0. 1548.016 -0.596 0.803 0. 96.673 0. 0. 1. 0.
0.775 0.632 0. 1548.706 -0.632 0.775 0. 96.072 0. 0. 1. 0.
0.741 0.671 0. 1549.365 -0.671 0.741 0. 95.424 0. 0. 1. 0.
0.703 0.711 0. 1549.966 -0.711 0.703 0. 94.703 0. 0. 1. 0.
0.662 0.749 0. 1550.524 -0.749 0.662 0. 93.999 0. 0. 1. 0.
0.619 0.785 0. 1551.036 -0.785 0.619 0. 93.261 0. 0. 1. 0.
0.571 0.821 0. 1551.550 -0.821 0.571 0. 92.498 0. 0. 1. 0.
0.524 0.852 0. 1551.921 -0.852 0.524 0. 91.736 0. 0. 1. 0.
0.475 0.880 0. 1552.256 -0.880 0.475 0. 90.983 0. 0. 1. 0.
0.424 0.906 0. 1552.542 -0.906 0.424 0. 90.232 0. 0. 1. 0.
0.367 0.930 0. 1552.778 -0.930 0.367 0. 89.416 0. 0. 1. 0.
0.307 0.952 0. 1553.008 -0.952 0.307 0. 88.585 0. 0. 1. 0.
0.242 0.970 0. 1553.162 -0.970 0.242 0. 87.695 0. 0. 1. 0.
0.171 0.985 0. 1553.255 -0.985 0.171 0. 86.766 0. 0. 1. 0.
0.090 0.996 0. 1553.242 -0.996 0.090 0. 85.785 0. 0. 1. 0.
0.008 1. 0. 1553.203 -1. 0.008 0. 84.784 0. 0. 1. 0.
-0.077 0.997 0. 1553.062 -0.997 -0.077 0. 83.754 0. 0. 1. 0.
-0.166 0.986 0. 1552.801 -0.986 -0.166 0. 82.673 0. 0. 1. 0.
-0.256 0.967 0. 1552.420 -0.967 -0.256 0. 81.565 0. 0. 1. 0.
-0.335 0.942 0. 1551.976 -0.942 -0.335 0. 80.479 0. 0. 1. 0.
-0.401 0.916 0. 1551.428 -0.916 -0.401 0. 79.327 0. 0. 1. 0.
-0.453 0.891 0. 1550.859 -0.891 -0.453 0. 78.149 0. 0. 1. 0.
-0.491 0.871 0. 1550.029 -0.871 -0.491 0. 76.986 0. 0. 1. 0.
-0.523 0.852 0. 1549.256 -0.852 -0.523 0. 75.725 0. 0. 1. 0.
-0.551 0.835 0. 1548.495 -0.835 -0.551 0. 74.436 0. 0. 1. 0.
-0.568 0.823 0. 1547.514 -0.823 -0.568 0. 73.173 0. 0. 1. 0.
-0.578 0.816 0. 1546.561 -0.816 -0.578 0. 71.779 0. 0. 1. 0.
-0.583 0.812 0. 1545.566 -0.812 -0.583 0. 70.383 0. 0. 1. 0.
-0.578 0.816 0. 1544.465 -0.816 -0.578 0. 68.899 0. 0. 1. 0.
-0.575 0.818 0. 1543.406 -0.818 -0.575 0. 67.386 0. 0. 1. 0.
-0.574 0.819 0. 1542.270 -0.819 -0.574 0. 65.771 0. 0. 1. 0.
-0.571 0.821 0. 1541.145 -0.821 -0.571 0. 64.158 0. 0. 1. 0.
-0.571 0.821 0. 1539.985 -0.821 -0.571 0. 62.454 0. 0. 1. 0.
-0.569 0.822 0. 1538.770 -0.822 -0.569 0. 60.740 0. 0. 1. 0.
-0.571 0.821 0. 1537.529 -0.821 -0.571 0. 58.964 0. 0. 1. 0.
-0.571 0.821 0. 1536.283 -0.821 -0.571 0. 57.145 0. 0. 1. 0.
-0.571 0.821 0. 1534.970 -0.821 -0.571 0. 55.258 0. 0. 1. 0.
-0.571 0.821 0. 1533.620 -0.821 -0.571 0. 53.336 0. 0. 1. 0.
-0.571 0.821 0. 1532.227 -0.821 -0.571 0. 51.365 0. 0. 1. 0.
-0.570 0.822 0. 1530.852 -0.822 -0.570 0. 49.378 0. 0. 1. 0.
-0.569 0.822 0. 1529.426 -0.822 -0.569 0. 47.300 0. 0. 1. 0.
-0.569 0.822 0. 1527.975 -0.822 -0.569 0. 45.209 0. 0. 1. 0.
-0.567 0.824 0. 1526.521 -0.824 -0.567 0. 43.038 0. 0. 1. 0.
-0.570 0.822 0. 1525.000 -0.822 -0.570 0. 40.812 0. 0. 1. 0.
-0.570 0.821 0. 1523.435 -0.821 -0.570 0. 38.618 0. 0. 1. 0.
-0.573 0.819 0. 1521.920 -0.819 -0.573 0. 36.358 0. 0. 1. 0.
-0.574 0.819 0. 1520.308 -0.819 -0.574 0. 34.055 0. 0. 1. 0.
-0.576 0.817 0. 1518.685 -0.817 -0.576 0. 31.739 0. 0. 1. 0.
-0.577 0.817 0. 1517.053 -0.817 -0.577 0. 29.460 0. 0. 1. 0.
-0.579 0.815 0. 1515.419 -0.815 -0.579 0. 27.183 0. 0. 1. 0.
-0.580 0.815 0. 1513.842 -0.815 -0.580 0. 24.919 0. 0. 1. 0.
-0.580 0.815 0. 1512.218 -0.815 -0.580 0. 22.618 0. 0. 1. 0.
-0.576 0.817 0. 1510.519 -0.817 -0.576 0. 20.309 0. 0. 1. 0.
-0.575 0.818 0. 1508.893 -0.818 -0.575 0. 18.009 0. 0. 1. 0.
-0.574 0.819 0. 1507.287 -0.819 -0.574 0. 15.671 0. 0. 1. 0.
-0.574 0.819 0. 1505.610 -0.819 -0.574 0. 13.307 0. 0. 1. 0.
-0.572 0.820 0. 1503.927 -0.820 -0.572 0. 10.920 0. 0. 1. 0.
-0.572 0.820 0. 1502.250 -0.820 -0.572 0. 8.518 0. 0. 1. 0.
-0.572 0.821 0. 1500.575 -0.821 -0.572 0. 6.112 0. 0. 1. 0.
-0.571 0.821 0. 1498.903 -0.821 -0.571 0. 3.656 0. 0. 1. 0.
-0.569 0.822 0. 1497.224 -0.822 -0.569 0. 1.211 0. 0. 1. 0.
-0.569 0.822 0. 1495.460 -0.822 -0.569 0. -1.253 0. 0. 1. 0.
-0.570 0.822 0. 1493.772 -0.822 -0.570 0. -3.769 0. 0. 1. 0.
-0.568 0.823 0. 1492.033 -0.823 -0.568 0. -6.268 0. 0. 1. 0.
-0.568 0.823 0. 1490.341 -0.823 -0.568 0. -8.793 0. 0. 1. 0.
-0.569 0.823 0. 1488.606 -0.823 -0.569 0. -11.336 0. 0. 1. 0.
-0.569 0.822 0. 1486.873 -0.822 -0.569 0. -13.893 0. 0. 1. 0.
-0.569 0.822 0. 1485.084 -0.822 -0.569 0. -16.455 0. 0. 1. 0.
-0.569 0.822 0. 1483.283 -0.822 -0.569 0. -19.027 0. 0. 1. 0.
-0.569 0.822 0. 1481.464 -0.822 -0.569 0. -21.634 0. 0. 1. 0.
-0.570 0.822 0. 1479.699 -0.822 -0.570 0. -24.207 0. 0. 1. 0.
-0.571 0.821 0. 1477.857 -0.821 -0.571 0. -26.808 0. 0. 1. 0.
-0.572 0.820 0. 1476.063 -0.820 -0.572 0. -29.392 0. 0. 1. 0.
-0.574 0.819 0. 1474.235 -0.819 -0.574 0. -31.996 0. 0. 1. 0.
-0.576 0.818 0. 1472.405 -0.818 -0.576 0. -34.618 0. 0. 1. 0.
-0.574 0.819 0. 1470.571 -0.819 -0.574 0. -37.198 0. 0. 1. 0.
-0.576 0.817 0. 1468.700 -0.817 -0.576 0. -39.845 0. 0. 1. 0.
-0.578 0.816 0. 1466.882 -0.816 -0.578 0. -42.470 0. 0. 1. 0.
-0.579 0.815 0. 1465.070 -0.815 -0.579 0. -45.066 0. 0. 1. 0.
-0.579 0.815 0. 1463.205 -0.815 -0.579 0. -47.710 0. 0. 1. 0.
-0.580 0.815 0. 1461.257 -0.815 -0.580 0. -50.370 0. 0. 1. 0.
-0.579 0.815 0. 1459.435 -0.815 -0.579 0. -52.997 0. 0. 1. 0.
-0.577 0.816 0. 1457.580 -0.816 -0.577 0. -55.686 0. 0. 1. 0.
-0.578 0.816 0. 1455.709 -0.816 -0.578 0. -58.332 0. 0. 1. 0.
-0.577 0.817 0. 1453.807 -0.817 -0.577 0. -61.015 0. 0. 1. 0.
-0.574 0.819 0. 1451.972 -0.819 -0.574 0. -63.629 0. 0. 1. 0.
-0.575 0.818 0. 1450.060 -0.818 -0.575 0. -66.296 0. 0. 1. 0.
-0.575 0.818 0. 1448.135 -0.818 -0.575 0. -68.972 0. 0. 1. 0.
-0.573 0.820 0. 1446.252 -0.820 -0.573 0. -71.676 0. 0. 1. 0.
-0.572 0.820 0. 1444.343 -0.820 -0.572 0. -74.372 0. 0. 1. 0.
-0.571 0.821 0. 1442.465 -0.821 -0.571 0. -77.088 0. 0. 1. 0.
-0.571 0.821 0. 1440.535 -0.821 -0.571 0. -79.813 0. 0. 1. 0.
-0.570 0.822 0. 1438.648 -0.822 -0.570 0. -82.578 0. 0. 1. 0.
-0.571 0.821 0. 1436.746 -0.821 -0.571 0. -85.319 0. 0. 1. 0.
-0.571 0.821 0. 1434.879 -0.821 -0.571 0. -88.078 0. 0. 1. 0.
-0.570 0.822 0. 1432.962 -0.822 -0.570 0. -90.800 0. 0. 1. 0.
-0.571 0.821 0. 1431.132 -0.821 -0.571 0. -93.479 0. 0. 1. 0.
-0.569 0.822 0. 1429.324 -0.822 -0.569 0. -96.130 0. 0. 1. 0.
-0.568 0.823 0. 1427.364 -0.823 -0.568 0. -98.835 0. 0. 1. 0.
-0.568 0.823 0. 1425.560 -0.823 -0.568 0. -101.462 0. 0. 1. 0.
