0.982 0.190 0. -3.776 0.190 -0.982 0. -0.517 0. 0. -1. 0.
0.982 0.190 0. -3.776 0.190 -0.982 0. -0.517 0. 0. -1. 0.
0.982 0.190 0. -3.776 0.190 -0.982 0. -0.517 0. 0. -1. 0.
0.982 0.190 0. -3.776 0.190 -0.982 0. -0.516 0. 0. -1. 0.
0.982 0.191 0. -3.776 0.191 -0.982 0. -0.517 0. 0. -1. 0.
0.982 0.190 0. -3.776 0.190 -0.982 0. -0.517 0. 0. -1. 0.
0.982 0.190 0. -3.776 0.190 -0.982 0. -0.517 0. 0. -1. 0.
0.982 0.190 0. -3.776 0.190 -0.982 0. -0.517 0. 0. -1. 0.
0.982 0.190 0. -3.776 0.190 -0.982 0. -0.516 0. 0. -1. 0.
0.982 0.190 0. -3.776 0.190 -0.982 0. -0.517 0. 0. -1. 0.
0.982 0.190 0. -3.776 0.190 -0.982 0. -0.517 0. 0. -1. 0.
0.982 0.190 0. -3.776 0.190 -0.982 0. -0.517 0. 0. -1. 0.
0.982 0.190 0. -3.776 0.190 -0.982 0. -0.517 0. 0. -1. 0.
0.982 0.191 0. -3.776 0.191 -0.982 0. -0.517 0. 0. -1. 0.
0.982 0.190 0. -3.776 0.190 -0.982 0. -0.517 0. 0. -1. 0.
0.982 0.190 0. -3.776 0.190 -0.982 0. -0.517 0. 0. -1. 0.
0.982 0.190 0. -3.776 0.190 -0.982 0. -0.517 0. 0. -1. 0.
0.982 0.190 0. -3.776 0.190 -0.982 0. -0.517 0. 0. -1. 0.
0.982 0.190 0. -3.776 0.190 -0.982 0. -0.517 0. 0. -1. 0.
0.982 0.190 0. -3.776 0.190 -0.982 0. -0.517 0. 0. -1. 0.
0.982 0.190 0. -3.776 0.190 -0.982 0. -0.517 0. 0. -1. 0.
0.982 0.190 0. -3.776 0.190 -0.982 0. -0.517 0. 0. -1. 0.
0.982 0.190 0. -3.776 0.190 -0.982 0. -0.517 0. 0. -1. 0.
0.982 0.190 0. -3.776 0.190 -0.982 0. -0.517 0. 0. -1. 0.
0.982 0.190 0. -3.776 0.190 -0.982 0. -0.516 0. 0. -1. 0.
0.982 0.190 0. -3.776 0.190 -0.982 0. -0.516 0. 0. -1. 0.
0.982 0.190 0. -3.776 0.190 -0.982 0. -0.516 0. 0. -1. 0.
0.982 0.190 0. -3.776 0.190 -0.982 0. -0.517 0. 0. -1. 0.
0.982 0.190 0. -3.776 0.190 -0.982 0. -0.517 0. 0. -1. 0.
0.982 0.190 0. -3.776 0.190 -0.982 0. -0.516 0. 0. -1. 0.
0.982 0.190 0. -3.776 0.190 -0.982 0. -0.516 0. 0. -1. 0.
0.982 0.190 0. -3.776 0.190 -0.982 0. -0.516 0. 0. -1. 0.
0.982 0.190 0. -3.776 0.190 -0.982 0. -0.516 0. 0. -1. 0.
0.982 0.190 0. -3.776 0.190 -0.982 0. -0.517 0. 0. -1. 0.
0.982 0.190 0. -3.776 0.190 -0.982 0. -0.517 0. 0. -1. 0.
0.982 0.190 0. -3.776 0.190 -0.982 0. -0.517 0. 0. -1. 0.
0.982 0.190 0. -3.776 0.190 -0.982 0. -0.517 0. 0. -1. 0.
0.982 0.190 0. -3.776 0.190 -0.982 0. -0.517 0. 0. -1. 0.
0.982 0.190 0. -3.776 0.190 -0.982 0. -0.517 0. 0. -1. 0.
0.982 0.190 0. -3.776 0.190 -0.982 0. -0.517 0. 0. -1. 0.
0.982 0.190 0. -3.776 0.190 -0.982 0. -0.516 0. 0. -1. 0.
0.982 0.190 0. -3.776 0.190 -0.982 0. -0.517 0. 0. -1. 0.
0.982 0.190 0. -3.776 0.190 -0.982 0. -0.517 0. 0. -1. 0.
0.982 0.190 0. -3.776 0.190 -0.982 0. -0.517 0. 0. -1. 0.
0.982 0.190 0. -3.776 0.190 -0.982 0. -0.517 0. 0. -1. 0.
0.982 0.190 0. -3.776 0.190 -0.982 0. -0.517 0. 0. -1. 0.
0.982 0.190 0. -3.776 0.190 -0.982 0. -0.516 0. 0. -1. 0.
0.982 0.191 0. -3.769 0.191 -0.982 0. -0.515 0. 0. -1. 0.
0.982 0.190 0. -3.740 0.190 -0.982 0. -0.511 0. 0. -1. 0.
0.982 0.188 0. -3.673 0.188 -0.982 0. -0.498 0. 0. -1. 0.
0.983 0.181 0. -3.520 0.181 -0.983 0. -0.475 0. 0. -1. 0.
0.986 0.169 0. -3.258 0.169 -0.986 0. -0.442 0. 0. -1. 0.
0.988 0.152 0. -2.901 0.152 -0.988 0. -0.401 0. 0. -1. 0.
0.991 0.132 0. -2.453 0.132 -0.991 0. -0.361 0. 0. -1. 0.
0.994 0.111 0. -1.916 0.111 -0.994 0. -0.318 0. 0. -1. 0.
0.996 0.094 0. -1.277 0.094 -0.996 0. -0.270 0. 0. -1. 0.
0.997 0.082 0. -0.531 0.082 -0.997 0. -0.232 0. 0. -1. 0.
0.997 0.076 0. 0.304 0.076 -0.997 0. -0.191 0. 0. -1. 0.
0.997 0.077 0. 1.235 0.077 -0.997 0. -0.121 0. 0. -1. 0.
0.997 0.081 0. 2.238 0.081 -0.997 0. -0.057 0. 0. -1. 0.
0.996 0.088 0. 3.321 0.088 -0.996 0. 0.017 0. 0. -1. 0.
0.995 0.095 0. 4.474 0.095 -0.995 0. 0.124 0. 0. -1. 0.
0.995 0.105 0. 5.655 0.105 -0.995 0. 0.226 0. 0. -1. 0.
0.993 0.115 0. 6.899 0.115 -0.993 0. 0.347 0. 0. -1. 0.
0.992 0.123 0. 8.213 0.123 -0.992 0. 0.494 0. 0. -1. 0.
0.991 0.131 0. 9.573 0.131 -0.991 0. 0.655 0. 0. -1. 0.
0.991 0.137 0. 10.993 0.137 -0.991 0. 0.818 0. 0. -1. 0.
0.990 0.141 0. 12.513 0.141 -0.990 0. 1.008 0. 0. -1. 0.
0.989 0.145 0. 14.054 0.145 -0.989 0. 1.218 0. 0. -1. 0.
0.989 0.148 0. 15.632 0.148 -0.989 0. 1.418 0. 0. -1. 0.
0.989 0.151 0. 17.334 0.151 -0.989 0. 1.656 0. 0. -1. 0.
0.988 0.155 0. 19.047 0.155 -0.988 0. 1.881 0. 0. -1. 0.
0.987 0.158 0. 20.843 0.158 -0.987 0. 2.128 0. 0. -1. 0.
0.986 0.165 0. 22.689 0.165 -0.986 0. 2.388 0. 0. -1. 0.
0.985 0.174 0. 24.534 0.174 -0.985 0. 2.671 0. 0. -1. 0.
0.983 0.181 0. 26.396 0.181 -0.983 0. 2.973 0. 0. -1. 0.
0.982 0.189 0. 28.274 0.189 -0.982 0. 3.274 0. 0. -1. 0.
0.980 0.198 0. 30.174 0.198 -0.980 0. 3.598 0. 0. -1. 0.
0.978 0.209 0. 32.113 0.209 -0.978 0. 3.985 0. 0. -1. 0.
0.976 0.217 0. 34.012 0.217 -0.976 0. 4.366 0. 0. -1. 0.
0.973 0.229 0. 36.002 0.229 -0.973 0. 4.801 0. 0. -1. 0.
0.971 0.239 0. 37.986 0.239 -0.971 0. 5.233 0. 0. -1. 0.
0.968 0.250 0. 39.949 0.250 -0.968 0. 5.706 0. 0. -1. 0.
0.966 0.258 0. 41.994 0.258 -0.966 0. 6.211 0. 0. -1. 0.
0.965 0.263 0. 43.998 0.263 -0.965 0. 6.708 0. 0. -1. 0.
0.964 0.265 0. 46.034 0.265 -0.964 0. 7.222 0. 0. -1. 0.
0.964 0.266 0. 48.072 0.266 -0.964 0. 7.747 0. 0. -1. 0.
0.964 0.266 0. 50.115 0.266 -0.964 0. 8.254 0. 0. -1. 0.
0.964 0.266 0. 52.155 0.266 -0.964 0. 8.771 0. 0. -1. 0.
0.964 0.268 0. 54.167 0.268 -0.964 0. 9.271 0. 0. -1. 0.
0.964 0.268 0. 56.211 0.268 -0.964 0. 9.793 0. 0. -1. 0.
0.963 0.268 0. 58.239 0.268 -0.963 0. 10.297 0. 0. -1. 0.
0.964 0.268 0. 60.266 0.268 -0.964 0. 10.807 0. 0. -1. 0.
0.963 0.268 0. 62.283 0.268 -0.963 0. 11.331 0. 0. -1. 0.
0.963 0.270 0. 64.303 0.270 -0.963 0. 11.868 0. 0. -1. 0.
0.963 0.269 0. 66.309 0.269 -0.963 0. 12.391 0. 0. -1. 0.
0.963 0.270 0. 68.323 0.270 -0.963 0. 12.907 0. 0. -1. 0.
0.963 0.269 0. 70.326 0.269 -0.963 0. 13.431 0. 0. -1. 0.
0.964 0.264 0. 72.312 0.264 -0.964 0. 13.938 0. 0. -1. 0.
0.967 0.254 0. 74.287 0.254 -0.967 0. 14.427 0. 0. -1. 0.
0.972 0.234 0. 76.244 0.234 -0.972 0. 14.894 0. 0. -1. 0.
0.980 0.200 0. 78.196 0.200 -0.980 0. 15.279 0. 0. -1. 0.
0.987 0.160 0. 80.181 0.160 -0.987 0. 15.600 0. 0. -1. 0.
0.993 0.116 0. 82.164 0.116 -0.993 0. 15.815 0. 0. -1. 0.
0.997 0.073 0. 84.111 0.073 -0.997 0. 15.954 0. 0. -1. 0.
1.000 0.028 0. 86.098 0.028 -1.000 0. 16.005 0. 0. -1. 0.
1.000 -0.024 0. 88.064 -0.024 -1.000 -0. 15.961 0. 0. -1. 0.
0.997 -0.080 0. 90.001 -0.080 -0.997 -0. 15.798 0. 0. -1. 0.
0.991 -0.135 0. 91.901 -0.135 -0.991 -0. 15.535 0. 0. -1. 0.
0.981 -0.193 0. 93.799 -0.193 -0.981 -0. 15.160 0. 0. -1. 0.
0.967 -0.254 0. 95.646 -0.254 -0.967 -0. 14.693 0. 0. -1. 0.
0.948 -0.319 0. 97.445 -0.319 -0.948 -0. 14.084 0. 0. -1. 0.
0.925 -0.381 0. 99.194 -0.381 -0.925 -0. 13.368 0. 0. -1. 0.
0.897 -0.442 0. 100.897 -0.442 -0.897 -0. 12.530 0. 0. -1. 0.
0.865 -0.501 0. 102.514 -0.501 -0.865 -0. 11.600 0. 0. -1. 0.
0.830 -0.558 0. 104.037 -0.558 -0.830 -0. 10.559 0. 0. -1. 0.
0.790 -0.613 0. 105.494 -0.613 -0.790 -0. 9.418 0. 0. -1. 0.
0.748 -0.663 0. 106.883 -0.663 -0.748 -0. 8.199 0. 0. -1. 0.
0.704 -0.710 0. 108.166 -0.710 -0.704 -0. 6.899 0. 0. -1. 0.
0.662 -0.749 0. 109.386 -0.749 -0.662 -0. 5.487 0. 0. -1. 0.
0.622 -0.783 0. 110.541 -0.783 -0.622 -0. 4.009 0. 0. -1. 0.
0.582 -0.813 0. 111.620 -0.813 -0.582 -0. 2.465 0. 0. -1. 0.
0.552 -0.834 0. 112.657 -0.834 -0.552 -0. 0.864 0. 0. -1. 0.
0.531 -0.847 0. 113.670 -0.847 -0.531 -0. -0.767 0. 0. -1. 0.
0.523 -0.852 0. 114.679 -0.852 -0.523 -0. -2.434 0. 0. -1. 0.
0.527 -0.850 0. 115.699 -0.850 -0.527 -0. -4.123 0. 0. -1. 0.
0.538 -0.843 0. 116.740 -0.843 -0.538 -0. -5.818 0. 0. -1. 0.
0.554 -0.833 0. 117.802 -0.833 -0.554 -0. -7.521 0. 0. -1. 0.
0.576 -0.818 0. 118.921 -0.818 -0.576 -0. -9.225 0. 0. -1. 0.
0.601 -0.799 0. 120.109 -0.799 -0.601 -0. -10.905 0. 0. -1. 0.
0.624 -0.782 0. 121.378 -0.782 -0.624 -0. -12.565 0. 0. -1. 0.
0.644 -0.765 0. 122.671 -0.765 -0.644 -0. -14.209 0. 0. -1. 0.
0.664 -0.748 0. 124.038 -0.748 -0.664 -0. -15.857 0. 0. -1. 0.
0.683 -0.730 0. 125.468 -0.730 -0.683 -0. -17.487 0. 0. -1. 0.
0.700 -0.714 0. 126.922 -0.714 -0.700 -0. -19.059 0. 0. -1. 0.
0.715 -0.699 0. 128.426 -0.699 -0.715 -0. -20.602 0. 0. -1. 0.
0.727 -0.687 0. 129.953 -0.687 -0.727 -0. -22.119 0. 0. -1. 0.
0.740 -0.673 0. 131.475 -0.673 -0.740 -0. -23.576 0. 0. -1. 0.
0.751 -0.660 0. 133.040 -0.660 -0.751 -0. -25.030 0. 0. -1. 0.
0.762 -0.648 0. 134.586 -0.648 -0.762 -0. -26.418 0. 0. -1. 0.
0.772 -0.635 0. 136.158 -0.635 -0.772 -0. -27.779 0. 0. -1. 0.
0.781 -0.625 0. 137.755 -0.625 -0.781 -0. -29.124 0. 0. -1. 0.
0.790 -0.613 0. 139.315 -0.613 -0.790 -0. -30.409 0. 0. -1. 0.
0.799 -0.601 0. 140.919 -0.601 -0.799 -0. -31.671 0. 0. -1. 0.
0.807 -0.591 0. 142.509 -0.591 -0.807 -0. -32.891 0. 0. -1. 0.
0.814 -0.581 0. 144.110 -0.581 -0.814 -0. -34.081 0. 0. -1. 0.
0.820 -0.572 0. 145.710 -0.572 -0.820 -0. -35.233 0. 0. -1. 0.
0.826 -0.564 0. 147.290 -0.564 -0.826 -0. -36.342 0. 0. -1. 0.
0.836 -0.549 0. 148.818 -0.549 -0.836 -0. -37.422 0. 0. -1. 0.
0.856 -0.518 0. 150.344 -0.518 -0.856 -0. -38.407 0. 0. -1. 0.
0.882 -0.472 0. 151.843 -0.472 -0.882 -0. -39.287 0. 0. -1. 0.
0.914 -0.406 0. 153.340 -0.406 -0.914 -0. -40.020 0. 0. -1. 0.
0.947 -0.322 0. 154.813 -0.322 -0.947 -0. -40.606 0. 0. -1. 0.
0.976 -0.220 0. 156.271 -0.220 -0.976 -0. -41.005 0. 0. -1. 0.
0.994 -0.105 0. 157.685 -0.105 -0.994 -0. -41.215 0. 0. -1. 0.
1.000 0.019 0. 159.017 0.019 -1.000 0. -41.234 0. 0. -1. 0.
0.988 0.154 0. 160.263 0.154 -0.988 0. -41.076 0. 0. -1. 0.
0.954 0.301 0. 161.417 0.301 -0.954 0. -40.753 0. 0. -1. 0.
0.891 0.454 0. 162.443 0.454 -0.891 0. -40.259 0. 0. -1. 0.
0.800 0.600 0. 163.335 0.600 -0.800 0. -39.618 0. 0. -1. 0.
0.680 0.733 0. 164.087 0.733 -0.680 0. -38.840 0. 0. -1. 0.
0.535 0.845 0. 164.668 0.845 -0.535 0. -37.949 0. 0. -1. 0.
0.366 0.931 0. 165.061 0.931 -0.366 0. -36.986 0. 0. -1. 0.
0.182 0.983 0. 165.263 0.983 -0.182 0. -35.977 0. 0. -1. 0.
-0.015 1.000 0. 165.254 1.000 0.015 0. -34.965 0. 0. -1. 0.
-0.213 0.977 0. 165.042 0.977 0.213 0. -33.995 0. 0. -1. 0.
-0.401 0.916 0. 164.658 0.916 0.401 0. -33.097 0. 0. -1. 0.
-0.570 0.822 0. 164.093 0.822 0.570 0. -32.311 0. 0. -1. 0.
-0.710 0.705 0. 163.396 0.705 0.710 0. -31.623 0. 0. -1. 0.
-0.819 0.574 0. 162.571 0.574 0.819 0. -31.030 0. 0. -1. 0.
-0.898 0.440 0. 161.627 0.440 0.898 0. -30.561 0. 0. -1. 0.
-0.947 0.320 0. 160.588 0.320 0.947 0. -30.193 0. 0. -1. 0.
-0.975 0.220 0. 159.471 0.220 0.975 0. -29.912 0. 0. -1. 0.
-0.989 0.145 0. 158.298 0.145 0.989 0. -29.726 0. 0. -1. 0.
-0.996 0.093 0. 157.092 0.093 0.996 0. -29.606 0. 0. -1. 0.
-0.998 0.059 0. 155.835 0.059 0.998 0. -29.500 0. 0. -1. 0.
-0.999 0.041 0. 154.511 0.041 0.999 0. -29.441 0. 0. -1. 0.
-0.999 0.036 0. 153.170 0.036 0.999 0. -29.362 0. 0. -1. 0.
-0.999 0.043 0. 151.789 0.043 0.999 0. -29.278 0. 0. -1. 0.
-0.998 0.062 0. 150.344 0.062 0.998 0. -29.175 0. 0. -1. 0.
-0.996 0.090 0. 148.869 0.090 0.996 0. -29.008 0. 0. -1. 0.
-0.992 0.125 0. 147.373 0.125 0.992 0. -28.818 0. 0. -1. 0.
-0.985 0.172 0. 145.868 0.172 0.985 0. -28.535 0. 0. -1. 0.
-0.974 0.225 0. 144.314 0.225 0.974 0. -28.170 0. 0. -1. 0.
-0.961 0.276 0. 142.773 0.276 0.961 0. -27.707 0. 0. -1. 0.
-0.945 0.328 0. 141.256 0.328 0.945 0. -27.169 0. 0. -1. 0.
-0.926 0.378 0. 139.731 0.378 0.926 0. -26.520 0. 0. -1. 0.
-0.904 0.427 0. 138.213 0.427 0.904 0. -25.781 0. 0. -1. 0.
-0.880 0.475 0. 136.706 0.475 0.880 0. -24.954 0. 0. -1. 0.
-0.853 0.522 0. 135.224 0.522 0.853 0. -24.023 0. 0. -1. 0.
-0.824 0.566 0. 133.765 0.566 0.824 0. -23.007 0. 0. -1. 0.
-0.795 0.606 0. 132.325 0.606 0.795 0. -21.885 0. 0. -1. 0.
-0.765 0.644 0. 130.915 0.644 0.765 0. -20.666 0. 0. -1. 0.
-0.733 0.680 0. 129.533 0.680 0.733 0. -19.352 0. 0. -1. 0.
-0.702 0.712 0. 128.177 0.712 0.702 0. -17.956 0. 0. -1. 0.
-0.669 0.743 0. 126.863 0.743 0.669 0. -16.499 0. 0. -1. 0.
-0.642 0.767 0. 125.571 0.767 0.642 0. -14.950 0. 0. -1. 0.
-0.620 0.785 0. 124.299 0.785 0.620 0. -13.300 0. 0. -1. 0.
-0.607 0.795 0. 123.082 0.795 0.607 0. -11.622 0. 0. -1. 0.
-0.596 0.803 0. 121.845 0.803 0.596 0. -9.868 0. 0. -1. 0.
-0.584 0.812 0. 120.619 0.812 0.584 0. -8.096 0. 0. -1. 0.
-0.573 0.819 0. 119.414 0.819 0.573 0. -6.316 0. 0. -1. 0.
-0.562 0.827 0. 118.243 0.827 0.562 0. -4.525 0. 0. -1. 0.
-0.556 0.831 0. 117.094 0.831 0.556 0. -2.726 0. 0. -1. 0.
-0.557 0.830 0. 115.959 0.830 0.557 0. -0.922 0. 0. -1. 0.
-0.570 0.822 0. 114.805 0.822 0.570 0. 0.865 0. 0. -1. 0.
-0.591 0.807 0. 113.618 0.807 0.591 0. 2.605 0. 0. -1. 0.
-0.620 0.785 0. 112.377 0.785 0.620 0. 4.302 0. 0. -1. 0.
-0.656 0.755 0. 111.074 0.755 0.656 0. 5.933 0. 0. -1. 0.
-0.699 0.715 0. 109.680 0.715 0.699 0. 7.489 0. 0. -1. 0.
-0.744 0.668 0. 108.231 0.668 0.744 0. 8.905 0. 0. -1. 0.
-0.788 0.615 0. 106.674 0.615 0.788 0. 10.223 0. 0. -1. 0.
-0.829 0.559 0. 105.065 0.559 0.829 0. 11.426 0. 0. -1. 0.
-0.866 0.500 0. 103.403 0.500 0.866 0. 12.480 0. 0. -1. 0.
-0.899 0.438 0. 101.677 0.438 0.899 0. 13.411 0. 0. -1. 0.
-0.928 0.372 0. 99.886 0.372 0.928 0. 14.210 0. 0. -1. 0.
-0.951 0.309 0. 98.058 0.309 0.951 0. 14.893 0. 0. -1. 0.
-0.970 0.244 0. 96.196 0.244 0.970 0. 15.420 0. 0. -1. 0.
-0.983 0.183 0. 94.300 0.183 0.983 0. 15.858 0. 0. -1. 0.
-0.993 0.120 0. 92.368 0.120 0.993 0. 16.167 0. 0. -1. 0.
-0.998 0.057 0. 90.424 0.057 0.998 0. 16.371 0. 0. -1. 0.
-1. -0.007 0. 88.462 -0.007 1. 0. 16.442 -0. 0. -1. 0.
-0.998 -0.068 0. 86.455 -0.068 0.998 0. 16.358 -0. 0. -1. 0.
-0.993 -0.121 0. 84.442 -0.121 0.993 0. 16.178 -0. 0. -1. 0.
-0.986 -0.166 0. 82.446 -0.166 0.986 0. 15.897 -0. 0. -1. 0.
-0.979 -0.204 0. 80.457 -0.204 0.979 0. 15.536 -0. 0. -1. 0.
-0.973 -0.231 0. 78.433 -0.231 0.973 0. 15.113 -0. 0. -1. 0.
-0.968 -0.249 0. 76.445 -0.249 0.968 0. 14.623 -0. 0. -1. 0.
-0.966 -0.258 0. 74.435 -0.258 0.966 0. 14.130 -0. 0. -1. 0.
-0.963 -0.268 0. 72.391 -0.268 0.963 0. 13.613 -0. 0. -1. 0.
-0.961 -0.276 0. 70.343 -0.276 0.961 0. 13.070 -0. 0. -1. 0.
-0.962 -0.274 0. 68.268 -0.274 0.962 0. 12.504 -0. 0. -1. 0.
-0.963 -0.268 0. 66.180 -0.268 0.963 0. 11.974 -0. 0. -1. 0.
-0.965 -0.264 0. 64.083 -0.264 0.965 0. 11.431 -0. 0. -1. 0.
-0.966 -0.258 0. 61.975 -0.258 0.966 0. 10.893 -0. 0. -1. 0.
-0.967 -0.253 0. 59.870 -0.253 0.967 0. 10.380 -0. 0. -1. 0.
-0.968 -0.249 0. 57.757 -0.249 0.968 0. 9.888 -0. 0. -1. 0.
-0.969 -0.247 0. 55.663 -0.247 0.969 0. 9.409 -0. 0. -1. 0.
-0.969 -0.245 0. 53.566 -0.245 0.969 0. 8.922 -0. 0. -1. 0.
-0.970 -0.242 0. 51.521 -0.242 0.970 0. 8.466 -0. 0. -1. 0.
-0.972 -0.235 0. 49.458 -0.235 0.972 0. 8.011 -0. 0. -1. 0.
-0.972 -0.234 0. 47.415 -0.234 0.972 0. 7.572 -0. 0. -1. 0.
-0.972 -0.235 0. 45.403 -0.235 0.972 0. 7.124 -0. 0. -1. 0.
-0.970 -0.242 0. 43.387 -0.242 0.970 0. 6.685 -0. 0. -1. 0.
-0.969 -0.248 0. 41.406 -0.248 0.969 0. 6.219 -0. 0. -1. 0.
-0.968 -0.251 0. 39.423 -0.251 0.968 0. 5.728 -0. 0. -1. 0.
-0.971 -0.239 0. 37.469 -0.239 0.971 0. 5.283 -0. 0. -1. 0.
-0.974 -0.227 0. 35.513 -0.227 0.974 0. 4.857 -0. 0. -1. 0.
-0.977 -0.215 0. 33.508 -0.215 0.977 0. 4.437 -0. 0. -1. 0.
-0.978 -0.207 0. 31.562 -0.207 0.978 0. 4.044 -0. 0. -1. 0.
-0.980 -0.200 0. 29.529 -0.200 0.980 0. 3.684 -0. 0. -1. 0.
-0.981 -0.195 0. 27.514 -0.195 0.981 0. 3.327 -0. 0. -1. 0.
-0.982 -0.190 0. 25.507 -0.190 0.982 0. 2.986 -0. 0. -1. 0.
-0.983 -0.186 0. 23.438 -0.186 0.983 0. 2.632 -0. 0. -1. 0.
-0.983 -0.181 0. 21.377 -0.181 0.983 0. 2.297 -0. 0. -1. 0.
-0.984 -0.177 0. 19.271 -0.177 0.984 0. 1.965 -0. 0. -1. 0.
-0.985 -0.173 0. 17.167 -0.173 0.985 0. 1.633 -0. 0. -1. 0.
-0.985 -0.170 0. 15.029 -0.170 0.985 0. 1.291 -0. 0. -1. 0.
-0.986 -0.166 0. 12.924 -0.166 0.986 0. 0.971 -0. 0. -1. 0.
-0.987 -0.162 0. 10.748 -0.162 0.987 0. 0.640 -0. 0. -1. 0.
-0.987 -0.159 0. 8.568 -0.159 0.987 0. 0.325 -0. 0. -1. 0.
-0.988 -0.156 0. 6.362 -0.156 0.988 0. 0.001 -0. 0. -1. 0.
-0.988 -0.154 0. 4.142 -0.154 0.988 0. -0.305 -0. 0. -1. 0.
-0.988 -0.154 0. 1.879 -0.154 0.988 0. -0.632 -0. 0. -1. 0.
-0.988 -0.154 0. -0.375 -0.154 0.988 0. -0.958 -0. 0. -1. 0.
-0.988 -0.154 0. -2.670 -0.154 0.988 0. -1.277 -0. 0. -1. 0.
-0.988 -0.156 0. -4.971 -0.156 0.988 0. -1.596 -0. 0. -1. 0.
-0.988 -0.156 0. -7.283 -0.156 0.988 0. -1.907 -0. 0. -1. 0.
-0.987 -0.159 0. -9.630 -0.159 0.987 0. -2.231 -0. 0. -1. 0.
-0.986 -0.164 0. -11.978 -0.164 0.986 0. -2.600 -0. 0. -1. 0.
-0.986 -0.169 0. -14.297 -0.169 0.986 0. -2.967 -0. 0. -1. 0.
-0.985 -0.175 0. -16.696 -0.175 0.985 0. -3.321 -0. 0. -1. 0.
-0.983 -0.183 0. -19.038 -0.183 0.983 0. -3.694 -0. 0. -1. 0.
-0.982 -0.189 0. -21.420 -0.189 0.982 0. -4.086 -0. 0. -1. 0.
-0.981 -0.195 0. -23.778 -0.195 0.981 0. -4.475 -0. 0. -1. 0.
-0.980 -0.200 0. -26.110 -0.200 0.980 0. -4.874 -0. 0. -1. 0.
-0.978 -0.207 0. -28.440 -0.207 0.978 0. -5.307 -0. 0. -1. 0.
-0.977 -0.213 0. -30.744 -0.213 0.977 0. -5.784 -0. 0. -1. 0.
-0.976 -0.218 0. -33.031 -0.218 0.976 0. -6.266 -0. 0. -1. 0.
-0.975 -0.224 0. -35.327 -0.224 0.975 0. -6.761 -0. 0. -1. 0.
-0.974 -0.228 0. -37.567 -0.228 0.974 0. -7.246 -0. 0. -1. 0.
-0.972 -0.234 0. -39.809 -0.234 0.972 0. -7.741 -0. 0. -1. 0.
-0.972 -0.237 0. -42.036 -0.237 0.972 0. -8.245 -0. 0. -1. 0.
-0.971 -0.240 0. -44.195 -0.240 0.971 0. -8.720 -0. 0. -1. 0.
-0.970 -0.244 0. -46.339 -0.244 0.970 0. -9.195 -0. 0. -1. 0.
-0.969 -0.247 0. -48.400 -0.247 0.969 0. -9.673 -0. 0. -1. 0.
-0.968 -0.250 0. -50.417 -0.250 0.968 0. -10.133 -0. 0. -1. 0.
-0.968 -0.252 0. -52.375 -0.252 0.968 0. -10.600 -0. 0. -1. 0.
-0.968 -0.252 0. -54.248 -0.252 0.968 0. -11.043 -0. 0. -1. 0.
-0.970 -0.245 0. -56.042 -0.245 0.970 0. -11.486 -0. 0. -1. 0.
-0.974 -0.228 0. -57.757 -0.228 0.974 0. -11.868 -0. 0. -1. 0.
-0.979 -0.202 0. -59.362 -0.202 0.979 0. -12.185 -0. 0. -1. 0.
-0.986 -0.167 0. -60.888 -0.167 0.986 0. -12.421 -0. 0. -1. 0.
-0.992 -0.123 0. -62.328 -0.123 0.992 0. -12.587 -0. 0. -1. 0.
-0.998 -0.067 0. -63.708 -0.067 0.998 0. -12.665 -0. 0. -1. 0.
-1. -0.003 0. -65.013 -0.003 1. 0. -12.680 -0. 0. -1. 0.
-0.997 0.076 0. -66.239 0.076 0.997 0. -12.577 0. 0. -1. 0.
-0.986 0.166 0. -67.424 0.166 0.986 0. -12.380 0. 0. -1. 0.
-0.965 0.263 0. -68.549 0.263 0.965 0. -12.056 0. 0. -1. 0.
-0.930 0.367 0. -69.611 0.367 0.930 0. -11.654 0. 0. -1. 0.
-0.882 0.472 0. -70.589 0.472 0.882 0. -11.107 0. 0. -1. 0.
-0.816 0.578 0. -71.483 0.578 0.816 0. -10.460 0. 0. -1. 0.
-0.739 0.674 0. -72.293 0.674 0.739 0. -9.722 0. 0. -1. 0.
-0.653 0.757 0. -72.968 0.757 0.653 0. -8.892 0. 0. -1. 0.
-0.565 0.825 0. -73.544 0.825 0.565 0. -7.998 0. 0. -1. 0.
-0.484 0.875 0. -74.049 0.875 0.484 0. -7.037 0. 0. -1. 0.
-0.418 0.908 0. -74.476 0.908 0.418 0. -5.995 0. 0. -1. 0.
-0.374 0.928 0. -74.878 0.928 0.374 0. -4.904 0. 0. -1. 0.
-0.342 0.940 0. -75.268 0.940 0.342 0. -3.750 0. 0. -1. 0.
-0.321 0.947 0. -75.637 0.947 0.321 0. -2.532 0. 0. -1. 0.
-0.306 0.952 0. -76.022 0.952 0.306 0. -1.273 0. 0. -1. 0.
-0.293 0.956 0. -76.388 0.956 0.293 0. 0.038 0. 0. -1. 0.
-0.280 0.960 0. -76.765 0.960 0.280 0. 1.392 0. 0. -1. 0.
-0.269 0.963 0. -77.110 0.963 0.269 0. 2.780 0. 0. -1. 0.
-0.258 0.966 0. -77.464 0.966 0.258 0. 4.233 0. 0. -1. 0.
-0.247 0.969 0. -77.812 0.969 0.247 0. 5.737 0. 0. -1. 0.
-0.236 0.972 0. -78.159 0.972 0.236 0. 7.284 0. 0. -1. 0.
-0.226 0.974 0. -78.501 0.974 0.226 0. 8.860 0. 0. -1. 0.
-0.213 0.977 0. -78.818 0.977 0.213 0. 10.474 0. 0. -1. 0.
-0.201 0.980 0. -79.132 0.980 0.201 0. 12.135 0. 0. -1. 0.
-0.188 0.982 0. -79.421 0.982 0.188 0. 13.798 0. 0. -1. 0.
-0.169 0.986 0. -79.701 0.986 0.169 0. 15.512 0. 0. -1. 0.
-0.147 0.989 0. -79.935 0.989 0.147 0. 17.253 0. 0. -1. 0.
-0.124 0.992 0. -80.148 0.992 0.124 0. 19.018 0. 0. -1. 0.
-0.099 0.995 0. -80.303 0.995 0.099 0. 20.830 0. 0. -1. 0.
-0.074 0.997 0. -80.388 0.997 0.074 0. 22.651 0. 0. -1. 0.
-0.058 0.998 0. -80.429 0.998 0.058 0. 24.446 0. 0. -1. 0.
-0.053 0.999 0. -80.475 0.999 0.053 0. 26.296 0. 0. -1. 0.
-0.061 0.998 0. -80.561 0.998 0.061 0. 28.191 0. 0. -1. 0.
-0.077 0.997 0. -80.644 0.997 0.077 0. 30.059 0. 0. -1. 0.
-0.102 0.995 0. -80.778 0.995 0.102 0. 31.875 0. 0. -1. 0.
-0.129 0.992 0. -80.976 0.992 0.129 0. 33.803 0. 0. -1. 0.
-0.152 0.988 0. -81.245 0.988 0.152 0. 35.735 0. 0. -1. 0.
-0.172 0.985 0. -81.532 0.985 0.172 0. 37.662 0. 0. -1. 0.
-0.192 0.981 0. -81.863 0.981 0.192 0. 39.594 0. 0. -1. 0.
-0.212 0.977 0. -82.224 0.977 0.212 0. 41.520 0. 0. -1. 0.
-0.228 0.974 0. -82.634 0.974 0.228 0. 43.466 0. 0. -1. 0.
-0.238 0.971 0. -83.058 0.971 0.238 0. 45.443 0. 0. -1. 0.
-0.242 0.970 0. -83.535 0.970 0.242 0. 47.371 0. 0. -1. 0.
-0.241 0.970 0. -83.984 0.970 0.241 0. 49.300 0. 0. -1. 0.
-0.234 0.972 0. -84.428 0.972 0.234 0. 51.245 0. 0. -1. 0.
-0.223 0.975 0. -84.825 0.975 0.223 0. 53.150 0. 0. -1. 0.
-0.213 0.977 0. -85.208 0.977 0.213 0. 55.043 0. 0. -1. 0.
-0.212 0.977 0. -85.570 0.977 0.212 0. 56.916 0. 0. -1. 0.
-0.226 0.974 0. -85.925 0.974 0.226 0. 58.759 0. 0. -1. 0.
-0.262 0.965 0. -86.318 0.965 0.262 0. 60.532 0. 0. -1. 0.
-0.318 0.948 0. -86.815 0.948 0.318 0. 62.189 0. 0. -1. 0.
-0.383 0.924 0. -87.399 0.924 0.383 0. 63.791 0. 0. -1. 0.
-0.458 0.889 0. -88.091 0.889 0.458 0. 65.307 0. 0. -1. 0.
-0.535 0.845 0. -88.889 0.845 0.535 0. 66.724 0. 0. -1. 0.
-0.612 0.791 0. -89.845 0.791 0.612 0. 68.050 0. 0. -1. 0.
-0.683 0.730 0. -90.901 0.730 0.683 0. 69.267 0. 0. -1. 0.
-0.748 0.664 0. -92.005 0.664 0.748 0. 70.358 0. 0. -1. 0.
-0.809 0.587 0. -93.227 0.587 0.809 0. 71.323 0. 0. -1. 0.
-0.860 0.510 0. -94.528 0.510 0.860 0. 72.159 0. 0. -1. 0.
-0.906 0.424 0. -95.898 0.424 0.906 0. 72.837 0. 0. -1. 0.
-0.942 0.337 0. -97.338 0.337 0.942 0. 73.415 0. 0. -1. 0.
-0.969 0.245 0. -98.792 0.245 0.969 0. 73.856 0. 0. -1. 0.
-0.988 0.156 0. -100.307 0.156 0.988 0. 74.127 0. 0. -1. 0.
-0.997 0.074 0. -101.826 0.074 0.997 0. 74.312 0. 0. -1. 0.
-1. 0.013 0. -103.382 0.013 1. 0. 74.332 0. 0. -1. 0.
-1.000 -0.029 0. -104.950 -0.029 1.000 0. 74.373 -0. 0. -1. 0.
-0.998 -0.058 0. -106.535 -0.058 0.998 0. 74.270 -0. 0. -1. 0.
-0.998 -0.068 0. -108.109 -0.068 0.998 0. 74.202 -0. 0. -1. 0.
-0.998 -0.056 0. -109.689 -0.056 0.998 0. 74.113 -0. 0. -1. 0.
-1.000 -0.030 0. -111.328 -0.030 1.000 0. 74.081 -0. 0. -1. 0.
-1. 0.009 0. -112.947 0.009 1. 0. 74.097 0. 0. -1. 0.
-0.998 0.060 0. -114.629 0.060 0.998 0. 74.189 0. 0. -1. 0.
-0.993 0.119 0. -116.282 0.119 0.993 0. 74.416 0. 0. -1. 0.
-0.983 0.183 0. -117.950 0.183 0.983 0. 74.740 0. 0. -1. 0.
-0.969 0.246 0. -119.668 0.246 0.969 0. 75.207 0. 0. -1. 0.
-0.951 0.308 0. -121.368 0.308 0.951 0. 75.757 0. 0. -1. 0.
-0.933 0.361 0. -123.086 0.361 0.933 0. 76.436 0. 0. -1. 0.
-0.914 0.405 0. -124.822 0.405 0.914 0. 77.216 0. 0. -1. 0.
-0.898 0.440 0. -126.558 0.440 0.898 0. 78.081 0. 0. -1. 0.
-0.885 0.465 0. -128.321 0.465 0.885 0. 79.033 0. 0. -1. 0.
-0.877 0.481 0. -130.102 0.481 0.877 0. 80.042 0. 0. -1. 0.
-0.871 0.492 0. -131.927 0.492 0.871 0. 81.101 0. 0. -1. 0.
-0.866 0.500 0. -133.770 0.500 0.866 0. 82.195 0. 0. -1. 0.
-0.864 0.503 0. -135.638 0.503 0.864 0. 83.341 0. 0. -1. 0.
-0.864 0.504 0. -137.542 0.504 0.864 0. 84.506 0. 0. -1. 0.
-0.863 0.505 0. -139.484 0.505 0.863 0. 85.690 0. 0. -1. 0.
-0.862 0.507 0. -141.469 0.507 0.862 0. 86.908 0. 0. -1. 0.
-0.861 0.509 0. -143.457 0.509 0.861 0. 88.141 0. 0. -1. 0.
-0.859 0.512 0. -145.502 0.512 0.859 0. 89.414 0. 0. -1. 0.
-0.856 0.517 0. -147.577 0.517 0.856 0. 90.715 0. 0. -1. 0.
-0.854 0.520 0. -149.685 0.520 0.854 0. 92.056 0. 0. -1. 0.
-0.852 0.523 0. -151.804 0.523 0.852 0. 93.423 0. 0. -1. 0.
-0.852 0.524 0. -153.960 0.524 0.852 0. 94.812 0. 0. -1. 0.
-0.850 0.526 0. -156.137 0.526 0.850 0. 96.222 0. 0. -1. 0.
-0.849 0.528 0. -158.333 0.528 0.849 0. 97.675 0. 0. -1. 0.
-0.848 0.529 0. -160.553 0.529 0.848 0. 99.145 0. 0. -1. 0.
-0.848 0.530 0. -162.796 0.530 0.848 0. 100.614 0. 0. -1. 0.
-0.848 0.530 0. -165.096 0.530 0.848 0. 102.122 0. 0. -1. 0.
-0.847 0.531 0. -167.402 0.531 0.847 0. 103.642 0. 0. -1. 0.
-0.846 0.533 0. -169.713 0.533 0.846 0. 105.178 0. 0. -1. 0.
-0.845 0.535 0. -172.009 0.535 0.845 0. 106.710 0. 0. -1. 0.
-0.842 0.539 0. -174.322 0.539 0.842 0. 108.222 0. 0. -1. 0.
-0.836 0.548 0. -176.598 0.548 0.836 0. 109.731 0. 0. -1. 0.
-0.827 0.563 0. -178.821 0.563 0.827 0. 111.290 0. 0. -1. 0.
-0.816 0.578 0. -180.981 0.578 0.816 0. 112.885 0. 0. -1. 0.
-0.801 0.598 0. -183.087 0.598 0.801 0. 114.499 0. 0. -1. 0.
-0.783 0.622 0. -185.141 0.622 0.783 0. 116.163 0. 0. -1. 0.
-0.763 0.646 0. -187.112 0.646 0.763 0. 117.881 0. 0. -1. 0.
-0.741 0.672 0. -189.025 0.672 0.741 0. 119.642 0. 0. -1. 0.
-0.715 0.699 0. -190.867 0.699 0.715 0. 121.456 0. 0. -1. 0.
-0.686 0.728 0. -192.623 0.728 0.686 0. 123.339 0. 0. -1. 0.
-0.652 0.758 0. -194.300 0.758 0.652 0. 125.285 0. 0. -1. 0.
-0.618 0.787 0. -195.890 0.787 0.618 0. 127.329 0. 0. -1. 0.
-0.583 0.813 0. -197.380 0.813 0.583 0. 129.438 0. 0. -1. 0.
-0.547 0.837 0. -198.804 0.837 0.547 0. 131.620 0. 0. -1. 0.
-0.510 0.860 0. -200.126 0.860 0.510 0. 133.866 0. 0. -1. 0.
-0.474 0.881 0. -201.359 0.881 0.474 0. 136.179 0. 0. -1. 0.
-0.438 0.899 0. -202.512 0.899 0.438 0. 138.549 0. 0. -1. 0.
-0.409 0.913 0. -203.579 0.913 0.409 0. 140.977 0. 0. -1. 0.
-0.386 0.922 0. -204.584 0.922 0.386 0. 143.447 0. 0. -1. 0.
-0.370 0.929 0. -205.536 0.929 0.370 0. 145.943 0. 0. -1. 0.
-0.361 0.933 0. -206.447 0.933 0.361 0. 148.458 0. 0. -1. 0.
-0.358 0.934 0. -207.354 0.934 0.358 0. 151.007 0. 0. -1. 0.
-0.362 0.932 0. -208.255 0.932 0.362 0. 153.529 0. 0. -1. 0.
-0.370 0.929 0. -209.181 0.929 0.370 0. 156.053 0. 0. -1. 0.
-0.380 0.925 0. -210.134 0.925 0.380 0. 158.544 0. 0. -1. 0.
-0.394 0.919 0. -211.109 0.919 0.394 0. 161.012 0. 0. -1. 0.
-0.413 0.911 0. -212.117 0.911 0.413 0. 163.435 0. 0. -1. 0.
-0.440 0.898 0. -213.188 0.898 0.440 0. 165.803 0. 0. -1. 0.
-0.476 0.880 0. -214.326 0.880 0.476 0. 168.122 0. 0. -1. 0.
-0.520 0.854 0. -215.556 0.854 0.520 0. 170.334 0. 0. -1. 0.
-0.572 0.821 0. -216.921 0.821 0.572 0. 172.468 0. 0. -1. 0.
-0.630 0.777 0. -218.366 0.777 0.630 0. 174.485 0. 0. -1. 0.
-0.693 0.721 0. -219.963 0.721 0.693 0. 176.350 0. 0. -1. 0.
-0.754 0.657 0. -221.746 0.657 0.754 0. 178.036 0. 0. -1. 0.
-0.811 0.585 0. -223.604 0.585 0.811 0. 179.524 0. 0. -1. 0.
-0.860 0.510 0. -225.569 0.510 0.860 0. 180.836 0. 0. -1. 0.
-0.904 0.428 0. -227.637 0.428 0.904 0. 181.975 0. 0. -1. 0.
-0.938 0.347 0. -229.767 0.347 0.938 0. 182.898 0. 0. -1. 0.
-0.963 0.270 0. -231.967 0.270 0.963 0. 183.620 0. 0. -1. 0.
-0.980 0.201 0. -234.188 0.201 0.980 0. 184.175 0. 0. -1. 0.
-0.989 0.150 0. -236.491 0.150 0.989 0. 184.611 0. 0. -1. 0.
-0.994 0.113 0. -238.820 0.113 0.994 0. 184.970 0. 0. -1. 0.
-0.996 0.085 0. -241.207 0.085 0.996 0. 185.251 0. 0. -1. 0.
-0.998 0.063 0. -243.633 0.063 0.998 0. 185.457 0. 0. -1. 0.
-0.999 0.048 0. -246.117 0.048 0.999 0. 185.630 0. 0. -1. 0.
-0.999 0.037 0. -248.633 0.037 0.999 0. 185.786 0. 0. -1. 0.
-0.999 0.035 0. -251.223 0.035 0.999 0. 185.928 0. 0. -1. 0.
-0.999 0.035 0. -253.841 0.035 0.999 0. 186.066 0. 0. -1. 0.
-0.999 0.036 0. -256.487 0.036 0.999 0. 186.193 0. 0. -1. 0.
-0.999 0.041 0. -259.174 0.041 0.999 0. 186.370 0. 0. -1. 0.
-0.999 0.042 0. -261.849 0.042 0.999 0. 186.552 0. 0. -1. 0.
-0.999 0.043 0. -264.544 0.043 0.999 0. 186.716 0. 0. -1. 0.
-0.999 0.040 0. -267.217 0.040 0.999 0. 186.889 0. 0. -1. 0.
-0.999 0.037 0. -269.875 0.037 0.999 0. 187.026 0. 0. -1. 0.
-0.999 0.035 0. -272.496 0.035 0.999 0. 187.176 0. 0. -1. 0.
-0.999 0.033 0. -275.073 0.033 0.999 0. 187.331 0. 0. -1. 0.
-0.999 0.033 0. -277.581 0.033 0.999 0. 187.465 0. 0. -1. 0.
-0.999 0.039 0. -280.001 0.039 0.999 0. 187.610 0. 0. -1. 0.
-0.999 0.052 0. -282.302 0.052 0.999 0. 187.771 0. 0. -1. 0.
-0.998 0.067 0. -284.502 0.067 0.998 0. 187.950 0. 0. -1. 0.
-0.996 0.084 0. -286.573 0.084 0.996 0. 188.167 0. 0. -1. 0.
-0.995 0.102 0. -288.570 0.102 0.995 0. 188.429 0. 0. -1. 0.
-0.993 0.122 0. -290.411 0.122 0.993 0. 188.684 0. 0. -1. 0.
-0.990 0.139 0. -292.148 0.139 0.990 0. 188.966 0. 0. -1. 0.
-0.987 0.159 0. -293.804 0.159 0.987 0. 189.234 0. 0. -1. 0.
-0.985 0.171 0. -295.353 0.171 0.985 0. 189.559 0. 0. -1. 0.
-0.985 0.174 0. -296.828 0.174 0.985 0. 189.832 0. 0. -1. 0.
-0.985 0.175 0. -298.252 0.175 0.985 0. 190.118 0. 0. -1. 0.
-0.984 0.176 0. -299.566 0.176 0.984 0. 190.373 0. 0. -1. 0.
-0.985 0.175 0. -300.766 0.175 0.985 0. 190.627 0. 0. -1. 0.
-0.984 0.179 0. -301.872 0.179 0.984 0. 190.849 0. 0. -1. 0.
-0.984 0.180 0. -302.893 0.180 0.984 0. 191.027 0. 0. -1. 0.
-0.983 0.182 0. -303.830 0.182 0.983 0. 191.271 0. 0. -1. 0.
-0.983 0.186 0. -304.717 0.186 0.983 0. 191.445 0. 0. -1. 0.
-0.982 0.189 0. -305.488 0.189 0.982 0. 191.608 0. 0. -1. 0.
-0.981 0.192 0. -306.144 0.192 0.981 0. 191.812 0. 0. -1. 0.
-0.981 0.193 0. -306.709 0.193 0.981 0. 191.901 0. 0. -1. 0.
-0.981 0.196 0. -307.167 0.196 0.981 0. 191.994 0. 0. -1. 0.
-0.981 0.196 0. -307.589 0.196 0.981 0. 192.095 0. 0. -1. 0.
-0.980 0.197 0. -307.938 0.197 0.980 0. 192.173 0. 0. -1. 0.
-0.980 0.197 0. -308.231 0.197 0.980 0. 192.242 0. 0. -1. 0.
-0.980 0.198 0. -308.533 0.198 0.980 0. 192.294 0. 0. -1. 0.
-0.980 0.199 0. -308.819 0.199 0.980 0. 192.357 0. 0. -1. 0.
-0.980 0.200 0. -309.090 0.200 0.980 0. 192.422 0. 0. -1. 0.
-0.980 0.201 0. -309.366 0.201 0.980 0. 192.471 0. 0. -1. 0.
-0.979 0.203 0. -309.639 0.203 0.979 0. 192.528 0. 0. -1. 0.
-0.979 0.205 0. -309.919 0.205 0.979 0. 192.580 0. 0. -1. 0.
-0.978 0.208 0. -310.222 0.208 0.978 0. 192.648 0. 0. -1. 0.
-0.977 0.212 0. -310.553 0.212 0.977 0. 192.731 0. 0. -1. 0.
-0.976 0.216 0. -310.919 0.216 0.976 0. 192.806 0. 0. -1. 0.
-0.975 0.224 0. -311.348 0.224 0.975 0. 192.891 0. 0. -1. 0.
-0.971 0.238 0. -311.859 0.238 0.971 0. 193.029 0. 0. -1. 0.
-0.965 0.264 0. -312.400 0.264 0.965 0. 193.221 0. 0. -1. 0.
-0.953 0.301 0. -313.025 0.301 0.953 0. 193.353 0. 0. -1. 0.
-0.932 0.362 0. -313.663 0.362 0.932 0. 193.678 0. 0. -1. 0.
-0.901 0.434 0. -314.376 0.434 0.901 0. 193.955 0. 0. -1. 0.
-0.863 0.506 0. -315.104 0.506 0.863 0. 194.403 0. 0. -1. 0.
-0.810 0.586 0. -315.712 0.586 0.810 0. 195.025 0. 0. -1. 0.
-0.741 0.671 0. -316.350 0.671 0.741 0. 195.590 0. 0. -1. 0.
-0.667 0.745 0. -317.009 0.745 0.667 0. 196.273 0. 0. -1. 0.
-0.586 0.810 0. -317.499 0.810 0.586 0. 197.189 0. 0. -1. 0.
-0.503 0.864 0. -318.025 0.864 0.503 0. 198.152 0. 0. -1. 0.
-0.428 0.904 0. -318.538 0.904 0.428 0. 199.225 0. 0. -1. 0.
-0.357 0.934 0. -318.927 0.934 0.357 0. 200.413 0. 0. -1. 0.
-0.288 0.957 0. -319.349 0.957 0.288 0. 201.727 0. 0. -1. 0.
-0.220 0.975 0. -319.651 0.975 0.220 0. 203.192 0. 0. -1. 0.
-0.159 0.987 0. -319.890 0.987 0.159 0. 204.794 0. 0. -1. 0.
-0.109 0.994 0. -320.072 0.994 0.109 0. 206.550 0. 0. -1. 0.
-0.073 0.997 0. -320.169 0.997 0.073 0. 208.435 0. 0. -1. 0.
-0.052 0.999 0. -320.247 0.999 0.052 0. 210.459 0. 0. -1. 0.
-0.036 0.999 0. -320.289 0.999 0.036 0. 212.602 0. 0. -1. 0.
-0.025 1.000 0. -320.298 1.000 0.025 0. 214.868 0. 0. -1. 0.
-0.020 1.000 0. -320.300 1.000 0.020 0. 217.237 0. 0. -1. 0.
-0.018 1.000 0. -320.292 1.000 0.018 0. 219.696 0. 0. -1. 0.
-0.017 1.000 0. -320.284 1.000 0.017 0. 222.235 0. 0. -1. 0.
-0.016 1.000 0. -320.265 1.000 0.016 0. 224.820 0. 0. -1. 0.
-0.014 1.000 0. -320.244 1.000 0.014 0. 227.470 0. 0. -1. 0.
-0.013 1. 0. -320.221 1. 0.013 0. 230.197 0. 0. -1. 0.
-0.012 1. 0. -320.194 1. 0.012 0. 232.997 0. 0. -1. 0.
-0.010 1. 0. -320.161 1. 0.010 0. 235.875 0. 0. -1. 0.
-0.009 1. 0. -320.122 1. 0.009 0. 238.842 0. 0. -1. 0.
-0.007 1. 0. -320.085 1. 0.007 0. 241.874 0. 0. -1. 0.
-0.006 1. 0. -320.036 1. 0.006 0. 244.997 0. 0. -1. 0.
-0.005 1. 0. -319.984 1. 0.005 0. 248.192 0. 0. -1. 0.
-0.003 1. 0. -319.924 1. 0.003 0. 251.448 0. 0. -1. 0.
-0.001 1. 0. -319.857 1. 0.001 0. 254.759 0. 0. -1. 0.
0.001 1. 0. -319.784 1. -0.001 0. 258.108 0. 0. -1. 0.
0.004 1. 0. -319.706 1. -0.004 0. 261.452 0. 0. -1. 0.
0.006 1. 0. -319.612 1. -0.006 0. 264.803 0. 0. -1. 0.
0.008 1. 0. -319.516 1. -0.008 0. 268.137 0. 0. -1. 0.
0.009 1. 0. -319.416 1. -0.009 0. 271.454 0. 0. -1. 0.
0.009 1. 0. -319.315 1. -0.009 0. 274.758 0. 0. -1. 0.
0.010 1. 0. -319.213 1. -0.010 0. 278.061 0. 0. -1. 0.
0.010 1. 0. -319.110 1. -0.010 0. 281.345 0. 0. -1. 0.
0.010 1. 0. -319.011 1. -0.010 0. 284.611 0. 0. -1. 0.
0.009 1. 0. -318.914 1. -0.009 0. 287.860 0. 0. -1. 0.
0.009 1. 0. -318.823 1. -0.009 0. 291.074 0. 0. -1. 0.
0.009 1. 0. -318.726 1. -0.009 0. 294.268 0. 0. -1. 0.
0.008 1. 0. -318.630 1. -0.008 0. 297.431 0. 0. -1. 0.
0.008 1. 0. -318.543 1. -0.008 0. 300.573 0. 0. -1. 0.
0.009 1. 0. -318.451 1. -0.009 0. 303.689 0. 0. -1. 0.
0.009 1. 0. -318.361 1. -0.009 0. 306.791 0. 0. -1. 0.
0.009 1. 0. -318.267 1. -0.009 0. 309.869 0. 0. -1. 0.
0.008 1. 0. -318.175 1. -0.008 0. 312.917 0. 0. -1. 0.
0.008 1. 0. -318.093 1. -0.008 0. 315.941 0. 0. -1. 0.
0.007 1. 0. -318.007 1. -0.007 0. 318.938 0. 0. -1. 0.
0.006 1. 0. -317.922 1. -0.006 0. 321.900 0. 0. -1. 0.
0.005 1. 0. -317.839 1. -0.005 0. 324.832 0. 0. -1. 0.
0.004 1. 0. -317.759 1. -0.004 0. 327.746 0. 0. -1. 0.
0.002 1. 0. -317.692 1. -0.002 0. 330.632 0. 0. -1. 0.
0.001 1. 0. -317.629 1. -0.001 0. 333.492 0. 0. -1. 0.
-0.002 1. 0. -317.566 1. 0.002 0. 336.335 0. 0. -1. 0.
-0.004 1. 0. -317.519 1. 0.004 0. 339.160 0. 0. -1. 0.
-0.007 1. 0. -317.481 1. 0.007 0. 341.928 0. 0. -1. 0.
-0.009 1. 0. -317.447 1. 0.009 0. 344.669 0. 0. -1. 0.
-0.011 1. 0. -317.419 1. 0.011 0. 347.364 0. 0. -1. 0.
-0.011 1. 0. -317.392 1. 0.011 0. 350.013 0. 0. -1. 0.
-0.010 1. 0. -317.365 1. 0.010 0. 352.601 0. 0. -1. 0.
-0.010 1. 0. -317.340 1. 0.010 0. 355.149 0. 0. -1. 0.
-0.009 1. 0. -317.311 1. 0.009 0. 357.614 0. 0. -1. 0.
-0.007 1. 0. -317.279 1. 0.007 0. 359.984 0. 0. -1. 0.
-0.006 1. 0. -317.247 1. 0.006 0. 362.247 0. 0. -1. 0.
-0.005 1. 0. -317.214 1. 0.005 0. 364.407 0. 0. -1. 0.
-0.003 1. 0. -317.177 1. 0.003 0. 366.468 0. 0. -1. 0.
-0.003 1. 0. -317.142 1. 0.003 0. 368.436 0. 0. -1. 0.
-0.003 1. 0. -317.108 1. 0.003 0. 370.299 0. 0. -1. 0.
-0.003 1. 0. -317.078 1. 0.003 0. 372.057 0. 0. -1. 0.
-0.002 1. 0. -317.047 1. 0.002 0. 373.718 0. 0. -1. 0.
-0.001 1. 0. -317.015 1. 0.001 0. 375.276 0. 0. -1. 0.
-0.001 1. 0. -316.981 1. 0.001 0. 376.742 0. 0. -1. 0.
-0.001 1. 0. -316.962 1. 0.001 0. 378.129 0. 0. -1. 0.
-0.002 1. 0. -316.923 1. 0.002 0. 379.425 0. 0. -1. 0.
-0.003 1. 0. -316.899 1. 0.003 0. 380.627 0. 0. -1. 0.
-0.005 1. 0. -316.881 1. 0.005 0. 381.745 0. 0. -1. 0.
-0.007 1. 0. -316.872 1. 0.007 0. 382.800 0. 0. -1. 0.
-0.008 1. 0. -316.854 1. 0.008 0. 383.794 0. 0. -1. 0.
-0.009 1. 0. -316.854 1. 0.009 0. 384.722 0. 0. -1. 0.
-0.009 1. 0. -316.843 1. 0.009 0. 385.583 0. 0. -1. 0.
-0.009 1. 0. -316.833 1. 0.009 0. 386.387 0. 0. -1. 0.
-0.007 1. 0. -316.823 1. 0.007 0. 387.143 0. 0. -1. 0.
-0.006 1. 0. -316.809 1. 0.006 0. 387.850 0. 0. -1. 0.
-0.005 1. 0. -316.798 1. 0.005 0. 388.509 0. 0. -1. 0.
-0.003 1. 0. -316.789 1. 0.003 0. 389.119 0. 0. -1. 0.
-0.002 1. 0. -316.774 1. 0.002 0. 389.678 0. 0. -1. 0.
-0.001 1. 0. -316.766 1. 0.001 0. 390.179 0. 0. -1. 0.
-0.000 1. 0. -316.755 1. 0.000 0. 390.615 0. 0. -1. 0.
0.000 1. 0. -316.746 1. -0.000 0. 390.986 0. 0. -1. 0.
0.001 1. 0. -316.739 1. -0.001 0. 391.299 0. 0. -1. 0.
0.001 1. 0. -316.733 1. -0.001 0. 391.556 0. 0. -1. 0.
0.002 1. 0. -316.728 1. -0.002 0. 391.764 0. 0. -1. 0.
0.002 1. 0. -316.724 1. -0.002 0. 391.932 0. 0. -1. 0.
0.002 1. 0. -316.720 1. -0.002 0. 392.060 0. 0. -1. 0.
0.002 1. 0. -316.719 1. -0.002 0. 392.151 0. 0. -1. 0.
0.003 1. 0. -316.717 1. -0.003 0. 392.203 0. 0. -1. 0.
0.002 1. 0. -316.717 1. -0.002 0. 392.213 0. 0. -1. 0.
0.002 1. 0. -316.717 1. -0.002 0. 392.212 0. 0. -1. 0.
0.002 1. 0. -316.717 1. -0.002 0. 392.212 0. 0. -1. 0.
0.002 1. 0. -316.717 1. -0.002 0. 392.212 0. 0. -1. 0.
0.002 1. 0. -316.717 1. -0.002 0. 392.212 0. 0. -1. 0.
0.002 1. 0. -316.717 1. -0.002 0. 392.212 0. 0. -1. 0.
0.002 1. 0. -316.717 1. -0.002 0. 392.212 0. 0. -1. 0.
0.002 1. 0. -316.717 1. -0.002 0. 392.212 0. 0. -1. 0.
0.002 1. 0. -316.717 1. -0.002 0. 392.212 0. 0. -1. 0.
0.002 1. 0. -316.717 1. -0.002 0. 392.212 0. 0. -1. 0.
0.002 1. 0. -316.717 1. -0.002 0. 392.212 0. 0. -1. 0.
0.002 1. 0. -316.717 1. -0.002 0. 392.212 0. 0. -1. 0.
0.002 1. 0. -316.717 1. -0.002 0. 392.212 0. 0. -1. 0.
0.002 1. 0. -316.717 1. -0.002 0. 392.212 0. 0. -1. 0.
0.002 1. 0. -316.717 1. -0.002 0. 392.212 0. 0. -1. 0.
0.002 1. 0. -316.717 1. -0.002 0. 392.212 0. 0. -1. 0.
0.002 1. 0. -316.717 1. -0.002 0. 392.212 0. 0. -1. 0.
0.002 1. 0. -316.717 1. -0.002 0. 392.212 0. 0. -1. 0.
0.002 1. 0. -316.717 1. -0.002 0. 392.212 0. 0. -1. 0.
0.002 1. 0. -316.717 1. -0.002 0. 392.212 0. 0. -1. 0.
0.002 1. 0. -316.717 1. -0.002 0. 392.212 0. 0. -1. 0.
0.002 1. 0. -316.717 1. -0.002 0. 392.212 0. 0. -1. 0.
0.002 1. 0. -316.717 1. -0.002 0. 392.212 0. 0. -1. 0.
0.002 1. 0. -316.717 1. -0.002 0. 392.212 0. 0. -1. 0.
0.002 1. 0. -316.717 1. -0.002 0. 392.212 0. 0. -1. 0.
0.002 1. 0. -316.717 1. -0.002 0. 392.212 0. 0. -1. 0.
0.002 1. 0. -316.717 1. -0.002 0. 392.212 0. 0. -1. 0.
0.002 1. 0. -316.717 1. -0.002 0. 392.212 0. 0. -1. 0.
0.002 1. 0. -316.717 1. -0.002 0. 392.212 0. 0. -1. 0.
0.002 1. 0. -316.717 1. -0.002 0. 392.212 0. 0. -1. 0.
0.002 1. 0. -316.717 1. -0.002 0. 392.212 0. 0. -1. 0.
0.002 1. 0. -316.717 1. -0.002 0. 392.212 0. 0. -1. 0.
0.002 1. 0. -316.717 1. -0.002 0. 392.212 0. 0. -1. 0.
0.002 1. 0. -316.717 1. -0.002 0. 392.212 0. 0. -1. 0.
0.002 1. 0. -316.717 1. -0.002 0. 392.212 0. 0. -1. 0.
0.002 1. 0. -316.717 1. -0.002 0. 392.212 0. 0. -1. 0.
0.002 1. 0. -316.717 1. -0.002 0. 392.212 0. 0. -1. 0.
0.002 1. 0. -316.717 1. -0.002 0. 392.212 0. 0. -1. 0.
0.002 1. 0. -316.717 1. -0.002 0. 392.212 0. 0. -1. 0.
0.002 1. 0. -316.717 1. -0.002 0. 392.212 0. 0. -1. 0.
0.002 1. 0. -316.717 1. -0.002 0. 392.212 0. 0. -1. 0.
0.002 1. 0. -316.717 1. -0.002 0. 392.212 0. 0. -1. 0.
0.002 1. 0. -316.717 1. -0.002 0. 392.212 0. 0. -1. 0.
0.002 1. 0. -316.717 1. -0.002 0. 392.212 0. 0. -1. 0.
0.002 1. 0. -316.717 1. -0.002 0. 392.212 0. 0. -1. 0.
0.002 1. 0. -316.717 1. -0.002 0. 392.212 0. 0. -1. 0.
0.002 1. 0. -316.717 1. -0.002 0. 392.212 0. 0. -1. 0.
0.002 1. 0. -316.717 1. -0.002 0. 392.212 0. 0. -1. 0.
0.002 1. 0. -316.717 1. -0.002 0. 392.212 0. 0. -1. 0.
0.002 1. 0. -316.717 1. -0.002 0. 392.212 0. 0. -1. 0.
0.002 1. 0. -316.717 1. -0.002 0. 392.212 0. 0. -1. 0.
0.002 1. 0. -316.717 1. -0.002 0. 392.212 0. 0. -1. 0.
0.002 1. 0. -316.717 1. -0.002 0. 392.212 0. 0. -1. 0.
0.002 1. 0. -316.717 1. -0.002 0. 392.212 0. 0. -1. 0.
0.002 1. 0. -316.717 1. -0.002 0. 392.212 0. 0. -1. 0.
0.002 1. 0. -316.717 1. -0.002 0. 392.212 0. 0. -1. 0.
0.002 1. 0. -316.717 1. -0.002 0. 392.212 0. 0. -1. 0.
0.002 1. 0. -316.717 1. -0.002 0. 392.212 0. 0. -1. 0.
0.002 1. 0. -316.717 1. -0.002 0. 392.212 0. 0. -1. 0.
0.002 1. 0. -316.717 1. -0.002 0. 392.212 0. 0. -1. 0.
0.002 1. 0. -316.717 1. -0.002 0. 392.212 0. 0. -1. 0.
0.002 1. 0. -316.717 1. -0.002 0. 392.212 0. 0. -1. 0.
0.002 1. 0. -316.717 1. -0.002 0. 392.212 0. 0. -1. 0.
0.002 1. 0. -316.717 1. -0.002 0. 392.212 0. 0. -1. 0.
0.002 1. 0. -316.717 1. -0.002 0. 392.212 0. 0. -1. 0.
0.002 1. 0. -316.717 1. -0.002 0. 392.212 0. 0. -1. 0.
0.002 1. 0. -316.717 1. -0.002 0. 392.212 0. 0. -1. 0.
0.002 1. 0. -316.716 1. -0.002 0. 392.217 0. 0. -1. 0.
0.002 1. 0. -316.716 1. -0.002 0. 392.237 0. 0. -1. 0.
0.003 1. 0. -316.715 1. -0.003 0. 392.275 0. 0. -1. 0.
0.003 1. 0. -316.713 1. -0.003 0. 392.341 0. 0. -1. 0.
0.003 1. 0. -316.712 1. -0.003 0. 392.426 0. 0. -1. 0.
0.003 1. 0. -316.709 1. -0.003 0. 392.528 0. 0. -1. 0.
0.003 1. 0. -316.706 1. -0.003 0. 392.647 0. 0. -1. 0.
0.003 1. 0. -316.703 1. -0.003 0. 392.779 0. 0. -1. 0.
0.004 1. 0. -316.699 1. -0.004 0. 392.923 0. 0. -1. 0.
0.004 1. 0. -316.696 1. -0.004 0. 393.074 0. 0. -1. 0.
0.004 1. 0. -316.690 1. -0.004 0. 393.228 0. 0. -1. 0.
0.004 1. 0. -316.686 1. -0.004 0. 393.381 0. 0. -1. 0.
0.004 1. 0. -316.683 1. -0.004 0. 393.531 0. 0. -1. 0.
0.004 1. 0. -316.679 1. -0.004 0. 393.683 0. 0. -1. 0.
0.005 1. 0. -316.674 1. -0.005 0. 393.840 0. 0. -1. 0.
0.005 1. 0. -316.669 1. -0.005 0. 394.000 0. 0. -1. 0.
0.005 1. 0. -316.663 1. -0.005 0. 394.172 0. 0. -1. 0.
0.006 1. 0. -316.659 1. -0.006 0. 394.362 0. 0. -1. 0.
0.006 1. 0. -316.654 1. -0.006 0. 394.569 0. 0. -1. 0.
0.006 1. 0. -316.648 1. -0.006 0. 394.795 0. 0. -1. 0.
0.007 1. 0. -316.642 1. -0.007 0. 395.035 0. 0. -1. 0.
0.007 1. 0. -316.636 1. -0.007 0. 395.300 0. 0. -1. 0.
0.007 1. 0. -316.627 1. -0.007 0. 395.616 0. 0. -1. 0.
