1564718977663696 -0.17650 0.98430 0.00000 -3900801.15715 -0.98430 -0.17650 0.00000 1060791.85530 0.00000 0.00000 1.00000 -0.00000
1564718977914059 -0.20863 0.97800 0.00000 -3863992.01808 -0.97800 -0.20863 0.00000 1187898.01739 0.00000 0.00000 1.00000 -0.00000
1564718978164186 -0.24185 0.97031 0.00000 -3821243.81807 -0.97031 -0.24185 0.00000 1318953.70687 0.00000 0.00000 1.00000 -0.00000
1564718978415483 -0.27427 0.96165 0.00000 -3774842.14621 -0.96165 -0.27427 0.00000 1446415.36582 0.00000 0.00000 1.00000 -0.00000
1564718978665729 -0.30424 0.95259 0.00000 -3727708.16324 -0.95259 -0.30424 0.00000 1563889.40991 0.00000 0.00000 1.00000 -0.00000
1564718978915990 -0.32974 0.94407 0.00000 -3684312.22310 -0.94407 -0.32974 0.00000 1663553.26052 0.00000 0.00000 1.00000 -0.00000
1564718979166553 -0.34855 0.93729 0.00000 -3650317.24885 -0.93729 -0.34855 0.00000 1736881.67721 0.00000 0.00000 1.00000 -0.00000
1564718979417842 -0.36087 0.93262 0.00000 -3627131.11751 -0.93262 -0.36087 0.00000 1784797.47388 0.00000 0.00000 1.00000 -0.00000
1564718979668768 -0.36452 0.93120 0.00000 -3620105.02158 -0.93120 -0.36452 0.00000 1799008.05208 0.00000 0.00000 1.00000 -0.00000
1564718979918879 -0.36514 0.93095 0.00000 -3618915.41986 -0.93095 -0.36514 0.00000 1801402.22306 0.00000 0.00000 1.00000 -0.00000
1564718980169365 -0.36432 0.93127 0.00000 -3620497.26798 -0.93127 -0.36432 0.00000 1798223.30222 0.00000 0.00000 1.00000 -0.00000
1564718980420800 -0.36377 0.93149 0.00000 -3621553.46627 -0.93149 -0.36377 0.00000 1796097.72971 0.00000 0.00000 1.00000 -0.00000
1564718980670424 -0.36231 0.93206 0.00000 -3624374.25951 -0.93206 -0.36231 0.00000 1790401.36672 0.00000 0.00000 1.00000 -0.00000
1564718980920502 -0.36140 0.93241 0.00000 -3626114.72556 -0.93241 -0.36140 0.00000 1786876.41013 0.00000 0.00000 1.00000 -0.00000
1564718981170678 -0.36343 0.93162 0.00000 -3622208.61904 -0.93162 -0.36343 0.00000 1794784.04554 0.00000 0.00000 1.00000 -0.00000
1564718981421350 -0.36981 0.92911 0.00000 -3609818.28299 -0.92911 -0.36981 0.00000 1819578.79398 0.00000 0.00000 1.00000 -0.00000
1564718981671646 -0.37780 0.92589 0.00000 -3594015.54163 -0.92589 -0.37780 0.00000 1850599.25233 0.00000 0.00000 1.00000 -0.00000
1564718981921895 -0.38626 0.92239 0.00000 -3576918.62594 -0.92239 -0.38626 0.00000 1883435.39097 0.00000 0.00000 1.00000 -0.00000
1564718982172353 -0.39680 0.91790 0.00000 -3555115.62970 -0.91790 -0.39680 0.00000 1924276.27712 0.00000 0.00000 1.00000 -0.00000
1564718982423172 -0.40994 0.91211 0.00000 -3527127.32467 -0.91211 -0.40994 0.00000 1975112.65624 0.00000 0.00000 1.00000 -0.00000
1564718982674261 -0.42204 0.90658 0.00000 -3500529.48870 -0.90658 -0.42204 0.00000 2021880.69736 0.00000 0.00000 1.00000 -0.00000
1564718982924224 -0.43953 0.89823 0.00000 -3460690.69423 -0.89823 -0.43953 0.00000 2089339.47381 0.00000 0.00000 1.00000 -0.00000
1564718983174398 -0.45977 0.88804 0.00000 -3412454.71918 -0.88804 -0.45977 0.00000 2167229.49183 0.00000 0.00000 1.00000 -0.00000
1564718983424771 -0.48217 0.87608 0.00000 -3356336.15163 -0.87608 -0.48217 0.00000 2253164.43693 0.00000 0.00000 1.00000 -0.00000
1564718983675983 -0.50799 0.86136 0.00000 -3287902.52096 -0.86136 -0.50799 0.00000 2351903.68433 0.00000 0.00000 1.00000 -0.00000
1564718983926542 -0.53445 0.84520 0.00000 -3213410.44618 -0.84520 -0.53445 0.00000 2452704.37704 0.00000 0.00000 1.00000 -0.00000
1564718984175593 -0.56034 0.82826 0.00000 -3135993.31036 -0.82826 -0.56034 0.00000 2550945.48020 0.00000 0.00000 1.00000 -0.00000
1564718984425904 -0.58583 0.81043 0.00000 -3055136.89416 -0.81043 -0.58583 0.00000 2647248.92282 0.00000 0.00000 1.00000 -0.00000
1564718984676392 -0.60871 0.79339 0.00000 -2978381.80765 -0.79339 -0.60871 0.00000 2733320.57129 0.00000 0.00000 1.00000 -0.00000
1564718984926656 -0.63022 0.77642 0.00000 -2902396.04815 -0.77642 -0.63022 0.00000 2813877.73030 0.00000 0.00000 1.00000 -0.00000
1564718985177860 -0.64610 0.76325 0.00000 -2843710.43203 -0.76325 -0.64610 0.00000 2873174.70455 0.00000 0.00000 1.00000 -0.00000
1564718985428174 -0.65580 0.75494 0.00000 -2806796.80035 -0.75494 -0.65580 0.00000 2909248.13373 0.00000 0.00000 1.00000 -0.00000
1564718985678474 -0.66608 0.74588 0.00000 -2766654.76773 -0.74588 -0.66608 0.00000 2947450.66114 0.00000 0.00000 1.00000 -0.00000
1564718985929491 -0.67501 0.73781 0.00000 -2731001.48133 -0.73781 -0.67501 0.00000 2980517.72782 0.00000 0.00000 1.00000 -0.00000
1564718986178608 -0.68171 0.73162 0.00000 -2703688.55217 -0.73162 -0.68171 0.00000 3005317.63750 0.00000 0.00000 1.00000 -0.00000
1564718986428674 -0.68710 0.72657 0.00000 -2681428.37393 -0.72657 -0.68710 0.00000 3025197.29753 0.00000 0.00000 1.00000 -0.00000
1564718986679023 -0.68942 0.72436 0.00000 -2671720.47459 -0.72436 -0.68942 0.00000 3033776.07720 0.00000 0.00000 1.00000 -0.00000
1564718986929175 -0.68807 0.72565 0.00000 -2677378.42136 -0.72565 -0.68807 0.00000 3028785.76060 0.00000 0.00000 1.00000 -0.00000
1564718987179531 -0.68651 0.72712 0.00000 -2683884.02909 -0.72712 -0.68651 0.00000 3023024.27261 0.00000 0.00000 1.00000 -0.00000
1564718987429648 -0.68403 0.72945 0.00000 -2694160.50250 -0.72945 -0.68403 0.00000 3013871.13217 0.00000 0.00000 1.00000 -0.00000
1564718987680265 -0.68056 0.73269 0.00000 -2708430.21374 -0.73269 -0.68056 0.00000 3001055.92654 0.00000 0.00000 1.00000 -0.00000
1564718987930777 -0.67547 0.73738 0.00000 -2729140.08585 -0.73738 -0.67547 0.00000 2982236.77527 0.00000 0.00000 1.00000 -0.00000
1564718988180460 -0.66840 0.74381 0.00000 -2757516.94961 -0.74381 -0.66840 0.00000 2956019.79051 0.00000 0.00000 1.00000 -0.00000
1564718988431390 -0.66007 0.75120 0.00000 -2790271.82951 -0.75120 -0.66007 0.00000 2925123.40679 0.00000 0.00000 1.00000 -0.00000
1564718988680326 -0.65077 0.75928 0.00000 -2826086.51713 -0.75928 -0.65077 0.00000 2890538.01142 0.00000 0.00000 1.00000 -0.00000
1564718988931150 -0.64055 0.76792 0.00000 -2864525.97255 -0.76792 -0.64055 0.00000 2852451.10860 0.00000 0.00000 1.00000 -0.00000
1564718989180571 -0.62953 0.77697 0.00000 -2904898.40905 -0.77697 -0.62953 0.00000 2811327.64255 0.00000 0.00000 1.00000 -0.00000
1564718989431513 -0.61810 0.78610 0.00000 -2945721.87572 -0.78610 -0.61810 0.00000 2768525.28833 0.00000 0.00000 1.00000 -0.00000
1564718989681898 -0.60565 0.79573 0.00000 -2988921.39867 -0.79573 -0.60565 0.00000 2721832.21275 0.00000 0.00000 1.00000 -0.00000
1564718989932423 -0.59088 0.80676 0.00000 -3038598.82604 -0.80676 -0.59088 0.00000 2666261.64987 0.00000 0.00000 1.00000 -0.00000
1564718990182409 -0.57569 0.81767 0.00000 -3087936.43826 -0.81767 -0.57569 0.00000 2608964.35837 0.00000 0.00000 1.00000 -0.00000
1564718990432558 -0.55825 0.82967 0.00000 -3142477.09086 -0.82967 -0.55825 0.00000 2543009.40370 0.00000 0.00000 1.00000 -0.00000
1564718990682749 -0.53840 0.84269 0.00000 -3201951.42067 -0.84269 -0.53840 0.00000 2467707.21820 0.00000 0.00000 1.00000 -0.00000
1564718990933330 -0.51781 0.85549 0.00000 -3260834.03885 -0.85549 -0.51781 0.00000 2389361.04687 0.00000 0.00000 1.00000 -0.00000
1564718991183637 -0.49731 0.86758 0.00000 -3316777.41763 -0.86758 -0.49731 0.00000 2311078.90270 0.00000 0.00000 1.00000 -0.00000
1564718991434059 -0.47619 0.87934 0.00000 -3371678.89356 -0.87934 -0.47619 0.00000 2230222.66795 0.00000 0.00000 1.00000 -0.00000
1564718991684437 -0.45595 0.89001 0.00000 -3421819.48890 -0.89001 -0.45595 0.00000 2152504.83786 0.00000 0.00000 1.00000 -0.00000
1564718991934725 -0.43516 0.90035 0.00000 -3470880.35449 -0.90035 -0.43516 0.00000 2072469.41434 0.00000 0.00000 1.00000 -0.00000
1564718992185213 -0.41391 0.91032 0.00000 -3518558.73567 -0.91032 -0.41391 0.00000 1990451.89884 0.00000 0.00000 1.00000 -0.00000
1564718992435208 -0.39254 0.91973 0.00000 -3564079.70671 -0.91973 -0.39254 0.00000 1907748.62580 0.00000 0.00000 1.00000 -0.00000
1564718992684601 -0.37171 0.92835 0.00000 -3606178.36882 -0.92835 -0.37171 0.00000 1826926.75319 0.00000 0.00000 1.00000 -0.00000
1564718992935097 -0.35339 0.93548 0.00000 -3641389.68114 -0.93548 -0.35339 0.00000 1755699.31995 0.00000 0.00000 1.00000 -0.00000
1564718993185284 -0.33596 0.94188 0.00000 -3673361.95301 -0.94188 -0.33596 0.00000 1687787.34587 0.00000 0.00000 1.00000 -0.00000
1564718993435400 -0.32006 0.94740 0.00000 -3701251.44247 -0.94740 -0.32006 0.00000 1625720.55533 0.00000 0.00000 1.00000 -0.00000
1564718993685763 -0.30364 0.95279 0.00000 -3728803.35218 -0.95279 -0.30364 0.00000 1561496.29296 0.00000 0.00000 1.00000 -0.00000
1564718993935835 -0.28673 0.95801 0.00000 -3755845.13559 -0.95801 -0.28673 0.00000 1495288.64813 0.00000 0.00000 1.00000 -0.00000
1564718994186303 -0.26997 0.96287 0.00000 -3781369.81283 -0.96287 -0.26997 0.00000 1429517.07278 0.00000 0.00000 1.00000 -0.00000
1564718994436138 -0.25119 0.96794 0.00000 -3808462.07986 -0.96794 -0.25119 0.00000 1355695.15548 0.00000 0.00000 1.00000 -0.00000
1564718994688191 -0.23200 0.97272 0.00000 -3834537.13638 -0.97272 -0.23200 0.00000 1280091.47361 0.00000 0.00000 1.00000 -0.00000
1564718994938898 -0.21236 0.97719 0.00000 -3859541.90019 -0.97719 -0.21236 0.00000 1202606.37067 0.00000 0.00000 1.00000 -0.00000
1564718995188289 -0.19294 0.98121 0.00000 -3882635.91869 -0.98121 -0.19294 0.00000 1125824.44954 0.00000 0.00000 1.00000 -0.00000
1564718995438662 -0.17355 0.98482 0.00000 -3904082.24623 -0.98482 -0.17355 0.00000 1049047.64729 0.00000 0.00000 1.00000 -0.00000
1564718995689352 -0.15311 0.98821 0.00000 -3924978.03667 -0.98821 -0.15311 0.00000 967948.08156 0.00000 0.00000 1.00000 -0.00000
1564718995938679 -0.13317 0.99109 0.00000 -3943691.29817 -0.99109 -0.13317 0.00000 888646.16011 0.00000 0.00000 1.00000 -0.00000
1564718996189084 -0.11257 0.99364 0.00000 -3961281.47434 -0.99364 -0.11257 0.00000 806634.56131 0.00000 0.00000 1.00000 -0.00000
1564718996440221 -0.09213 0.99575 0.00000 -3977023.10819 -0.99575 -0.09213 0.00000 725061.91363 0.00000 0.00000 1.00000 -0.00000
1564718996690742 -0.07095 0.99748 0.00000 -3991538.05270 -0.99748 -0.07095 0.00000 640366.26477 0.00000 0.00000 1.00000 -0.00000
1564718996941499 -0.05161 0.99867 0.00000 -4003196.19764 -0.99867 -0.05161 0.00000 562923.41521 0.00000 0.00000 1.00000 -0.00000
1564718997191494 -0.03314 0.99945 0.00000 -4012920.73719 -0.99945 -0.03314 0.00000 488822.49120 0.00000 0.00000 1.00000 -0.00000
1564718997442117 -0.01538 0.99988 0.00000 -4020974.46082 -0.99988 -0.01538 0.00000 417447.62473 0.00000 0.00000 1.00000 -0.00000
1564718997692585 0.00162 1.00000 -0.00000 -4027491.48349 -1.00000 0.00162 0.00000 349039.29053 0.00000 -0.00000 1.00000 0.00000
1564718997942988 0.01927 0.99981 -0.00000 -4033025.86934 -0.99981 0.01927 0.00000 277914.52164 0.00000 -0.00000 1.00000 0.00000
1564718998191904 0.03776 0.99929 -0.00000 -4037480.09402 -0.99929 0.03776 0.00000 203240.63309 0.00000 -0.00000 1.00000 0.00000
1564718998442780 0.05728 0.99836 -0.00000 -4040682.48431 -0.99836 0.05728 0.00000 124320.95570 0.00000 -0.00000 1.00000 0.00000
1564718998693162 0.07633 0.99708 -0.00000 -4042321.70468 -0.99708 0.07633 0.00000 47163.08626 0.00000 -0.00000 1.00000 0.00000
1564718998943101 0.09601 0.99538 -0.00000 -4042466.77292 -0.99538 0.09601 0.00000 -32711.72410 0.00000 -0.00000 1.00000 0.00000
1564718999193840 0.11550 0.99331 -0.00000 -4041051.92370 -0.99331 0.11550 0.00000 -111918.59008 0.00000 -0.00000 1.00000 0.00000
1564718999443854 0.13453 0.99091 -0.00000 -4038163.31768 -0.99091 0.13453 0.00000 -189426.20916 0.00000 -0.00000 1.00000 0.00000
1564718999695371 0.15069 0.98858 -0.00000 -4034536.26979 -0.98858 0.15069 0.00000 -255306.48304 0.00000 -0.00000 1.00000 0.00000
1564718999944884 0.16635 0.98607 -0.00000 -4029981.36778 -0.98607 0.16635 0.00000 -319270.15298 0.00000 -0.00000 1.00000 0.00000
1564719000195599 0.18146 0.98340 -0.00000 -4024611.95290 -0.98340 0.18146 0.00000 -381052.52051 0.00000 -0.00000 1.00000 0.00000
1564719000445958 0.19797 0.98021 -0.00000 -4017636.11582 -0.98021 0.19797 0.00000 -448688.85079 0.00000 -0.00000 1.00000 0.00000
1564719000696512 0.21506 0.97660 -0.00000 -4009189.87420 -0.97660 0.21506 0.00000 -518784.70107 0.00000 -0.00000 1.00000 0.00000
1564719000947006 0.23204 0.97271 -0.00000 -3999546.17787 -0.97271 0.23204 0.00000 -588549.76833 0.00000 -0.00000 1.00000 0.00000
1564719001196448 0.24841 0.96865 -0.00000 -3989054.01795 -0.96865 0.24841 0.00000 -655917.61927 0.00000 -0.00000 1.00000 0.00000
1564719001446824 0.26110 0.96531 -0.00000 -3980103.82051 -0.96531 0.26110 0.00000 -708218.19740 0.00000 -0.00000 1.00000 0.00000
1564719001696884 0.27406 0.96171 -0.00000 -3970222.00218 -0.96171 0.27406 0.00000 -761679.90677 0.00000 -0.00000 1.00000 0.00000
1564719001947351 0.28828 0.95754 -0.00000 -3958501.20225 -0.95754 0.28828 0.00000 -820430.91886 0.00000 -0.00000 1.00000 0.00000
1564719002197261 0.30471 0.95244 -0.00000 -3943805.78992 -0.95244 0.30471 0.00000 -888399.78153 0.00000 -0.00000 1.00000 0.00000
1564719002447812 0.32302 0.94639 -0.00000 -3925945.30490 -0.94639 0.32302 0.00000 -964277.61983 0.00000 -0.00000 1.00000 0.00000
1564719002697694 0.34194 0.93972 -0.00000 -3905812.62614 -0.93972 0.34194 0.00000 -1042844.75875 0.00000 -0.00000 1.00000 0.00000
1564719002948409 0.36240 0.93202 -0.00000 -3882091.83742 -0.93202 0.36240 0.00000 -1127953.86032 0.00000 -0.00000 1.00000 0.00000
1564719003198863 0.38434 0.92319 -0.00000 -3854328.93706 -0.92319 0.38434 0.00000 -1219460.79383 0.00000 -0.00000 1.00000 0.00000
1564719003448808 0.41041 0.91190 -0.00000 -3818137.18017 -0.91190 0.41041 0.00000 -1328451.56397 0.00000 -0.00000 1.00000 0.00000
1564719003698874 0.43617 0.89986 -0.00000 -3778818.02602 -0.89986 0.43617 0.00000 -1436491.57243 0.00000 -0.00000 1.00000 0.00000
1564719003949267 0.46132 0.88724 -0.00000 -3736915.64129 -0.88724 0.46132 0.00000 -1542223.56310 0.00000 -0.00000 1.00000 0.00000
1564719004198695 0.48578 0.87408 -0.00000 -3692645.46039 -0.87408 0.48578 0.00000 -1645411.62112 0.00000 -0.00000 1.00000 0.00000
1564719004448739 0.50996 0.86020 -0.00000 -3645339.83117 -0.86020 0.50996 0.00000 -1747719.95233 0.00000 -0.00000 1.00000 0.00000
1564719004698732 0.53425 0.84532 -0.00000 -3594082.51065 -0.84532 0.53425 0.00000 -1850841.89620 0.00000 -0.00000 1.00000 0.00000
1564719004949478 0.55895 0.82920 -0.00000 -3537939.65600 -0.82920 0.55895 0.00000 -1956027.82599 0.00000 -0.00000 1.00000 0.00000
1564719005199968 0.58426 0.81157 -0.00000 -3475929.21928 -0.81157 0.58426 0.00000 -2064217.67098 0.00000 -0.00000 1.00000 0.00000
1564719005450483 0.60902 0.79315 -0.00000 -3410582.68280 -0.79315 0.60902 0.00000 -2170488.56368 0.00000 -0.00000 1.00000 0.00000
1564719005699955 0.63297 0.77417 -0.00000 -3342672.92710 -0.77417 0.63297 0.00000 -2273686.08395 0.00000 -0.00000 1.00000 0.00000
1564719005950440 0.65597 0.75479 -0.00000 -3272784.44964 -0.75479 0.65597 0.00000 -2373185.23902 0.00000 -0.00000 1.00000 0.00000
1564719006200566 0.67760 0.73543 -0.00000 -3202541.73287 -0.73543 0.67760 0.00000 -2467157.82005 0.00000 -0.00000 1.00000 0.00000
1564719006450693 0.69626 0.71779 -0.00000 -3138110.79689 -0.71779 0.69626 0.00000 -2548610.69263 0.00000 -0.00000 1.00000 0.00000
1564719006700620 0.71158 0.70261 -0.00000 -3082437.10812 -0.70261 0.71158 0.00000 -2615674.19472 0.00000 -0.00000 1.00000 0.00000
1564719006950662 0.72157 0.69235 -0.00000 -3044665.56594 -0.69235 0.72157 0.00000 -2659547.98192 0.00000 -0.00000 1.00000 0.00000
1564719007200239 0.73019 0.68324 -0.00000 -3011068.23245 -0.68324 0.73019 0.00000 -2697529.52817 0.00000 -0.00000 1.00000 0.00000
1564719007450133 0.73795 0.67485 -0.00000 -2980050.27186 -0.67485 0.73795 0.00000 -2731759.72761 0.00000 -0.00000 1.00000 0.00000
1564719007700305 0.74372 0.66849 -0.00000 -2956474.29711 -0.66849 0.74372 0.00000 -2757260.19994 0.00000 -0.00000 1.00000 0.00000
1564719007951403 0.74420 0.66795 -0.00000 -2954487.59374 -0.66795 0.74420 0.00000 -2759391.29931 0.00000 -0.00000 1.00000 0.00000
1564719008200715 0.74107 0.67142 -0.00000 -2967358.92218 -0.67142 0.74107 0.00000 -2745547.56474 0.00000 -0.00000 1.00000 0.00000
1564719008450855 0.73632 0.67663 -0.00000 -2986652.24805 -0.67663 0.73632 0.00000 -2724549.86478 0.00000 -0.00000 1.00000 0.00000
1564719008701308 0.73073 0.68266 -0.00000 -3008948.64026 -0.68266 0.73073 0.00000 -2699908.32604 0.00000 -0.00000 1.00000 0.00000
1564719008951448 0.72223 0.69166 -0.00000 -3042147.18688 -0.69166 0.72223 0.00000 -2662448.25471 0.00000 -0.00000 1.00000 0.00000
1564719009201017 0.71157 0.70262 -0.00000 -3082484.89218 -0.70262 0.71157 0.00000 -2615643.41935 0.00000 -0.00000 1.00000 0.00000
1564719009450245 0.69804 0.71605 -0.00000 -3131799.10346 -0.71605 0.69804 0.00000 -2556394.23584 0.00000 -0.00000 1.00000 0.00000
1564719009700899 0.68104 0.73224 -0.00000 -3190951.26208 -0.73224 0.68104 0.00000 -2482168.58962 0.00000 -0.00000 1.00000 0.00000
1564719009951521 0.66129 0.75013 -0.00000 -3255948.71951 -0.75013 0.66129 0.00000 -2396276.84715 0.00000 -0.00000 1.00000 0.00000
1564719010201706 0.63997 0.76840 -0.00000 -3321951.61049 -0.76840 0.63997 0.00000 -2303908.95514 0.00000 -0.00000 1.00000 0.00000
1564719010452274 0.61542 0.78820 -0.00000 -3392950.00955 -0.78820 0.61542 0.00000 -2198013.57858 0.00000 -0.00000 1.00000 0.00000
1564719010704335 0.58505 0.81100 -0.00000 -3473955.65014 -0.81100 0.58505 0.00000 -2067612.28136 0.00000 -0.00000 1.00000 0.00000
1564719010952658 0.55085 0.83460 -0.00000 -3556866.80318 -0.83460 0.55085 0.00000 -1921484.34346 0.00000 -0.00000 1.00000 0.00000
1564719011202749 0.51177 0.85912 -0.00000 -3641711.11865 -0.85912 0.51177 0.00000 -1755380.10740 0.00000 -0.00000 1.00000 0.00000
1564719011453711 0.47040 0.88245 -0.00000 -3720953.40037 -0.88245 0.47040 0.00000 -1580487.62857 0.00000 -0.00000 1.00000 0.00000
1564719011704808 0.42684 0.90433 -0.00000 -3793552.22421 -0.90433 0.42684 0.00000 -1397287.90584 0.00000 -0.00000 1.00000 0.00000
1564719011954429 0.38204 0.92415 -0.00000 -3857430.83847 -0.92415 0.38204 0.00000 -1209833.12866 0.00000 -0.00000 1.00000 0.00000
1564719012204716 0.33560 0.94201 -0.00000 -3912838.83052 -0.94201 0.33560 0.00000 -1016453.88491 0.00000 -0.00000 1.00000 0.00000
1564719012453800 0.28949 0.95718 -0.00000 -3957553.66605 -0.95718 0.28949 0.00000 -825392.52704 0.00000 -0.00000 1.00000 0.00000
1564719012704300 0.24964 0.96834 -0.00000 -3988318.81221 -0.96834 0.24964 0.00000 -660934.91088 0.00000 -0.00000 1.00000 0.00000
1564719012954770 0.22389 0.97462 -0.00000 -4004437.52113 -0.97462 0.22389 0.00000 -554995.82958 0.00000 -0.00000 1.00000 0.00000
1564719013204215 0.20173 0.97944 -0.00000 -4015995.93335 -0.97944 0.20173 0.00000 -464042.40607 0.00000 -0.00000 1.00000 0.00000
1564719013455314 0.18291 0.98313 -0.00000 -4024156.89190 -0.98313 0.18291 0.00000 -386961.01184 0.00000 -0.00000 1.00000 0.00000
1564719013705146 0.16758 0.98586 -0.00000 -4029698.26764 -0.98586 0.16758 0.00000 -324234.90686 0.00000 -0.00000 1.00000 0.00000
1564719013955674 0.15454 0.98799 -0.00000 -4033632.79695 -0.98799 0.15454 0.00000 -270964.87342 0.00000 -0.00000 1.00000 0.00000
1564719014205984 0.14577 0.98932 -0.00000 -4035877.99959 -0.98932 0.14577 0.00000 -235209.52736 0.00000 -0.00000 1.00000 0.00000
1564719014456331 0.13686 0.99059 -0.00000 -4037835.47749 -0.99059 0.13686 0.00000 -198843.75012 0.00000 -0.00000 1.00000 0.00000
1564719014706497 0.12822 0.99175 -0.00000 -4039416.93879 -0.99175 0.12822 0.00000 -163659.84292 0.00000 -0.00000 1.00000 0.00000
1564719014955948 0.11830 0.99298 -0.00000 -4040853.54474 -0.99298 0.11830 0.00000 -123272.33906 0.00000 -0.00000 1.00000 0.00000
1564719015207763 0.10856 0.99409 -0.00000 -4041870.49353 -0.99409 0.10856 0.00000 -83644.19985 0.00000 -0.00000 1.00000 0.00000
1564719015457314 0.09922 0.99507 -0.00000 -4042480.27520 -0.99507 0.09922 0.00000 -45680.04526 0.00000 -0.00000 1.00000 0.00000
1564719015707564 0.08991 0.99595 -0.00000 -4042733.16907 -0.99595 0.08991 0.00000 -7884.03928 0.00000 -0.00000 1.00000 0.00000
1564719015957977 0.08154 0.99667 -0.00000 -4042659.25847 -0.99667 0.08154 0.00000 26078.71001 0.00000 -0.00000 1.00000 0.00000
1564719016209018 0.07571 0.99713 -0.00000 -4042440.35325 -0.99713 0.07571 0.00000 49704.19524 0.00000 -0.00000 1.00000 0.00000
1564719016458920 0.07045 0.99752 -0.00000 -4042123.98989 -0.99752 0.07045 0.00000 71054.68280 0.00000 -0.00000 1.00000 0.00000
1564719016709758 0.06510 0.99788 -0.00000 -4041688.14739 -0.99788 0.06510 0.00000 92697.83642 0.00000 -0.00000 1.00000 0.00000
1564719016959710 0.06045 0.99817 -0.00000 -4041214.30127 -0.99817 0.06045 0.00000 111551.86710 0.00000 -0.00000 1.00000 0.00000
1564719017210173 0.05617 0.99842 -0.00000 -4040701.52970 -0.99842 0.05617 0.00000 128876.15482 0.00000 -0.00000 1.00000 0.00000
1564719017460621 0.05173 0.99866 -0.00000 -4040091.23213 -0.99866 0.05173 0.00000 146839.83278 0.00000 -0.00000 1.00000 0.00000
1564719017710763 0.04749 0.99887 -0.00000 -4039434.50615 -0.99887 0.04749 0.00000 163978.98329 0.00000 -0.00000 1.00000 0.00000
1564719017961254 0.04313 0.99907 -0.00000 -4038682.24661 -0.99907 0.04313 0.00000 181623.18003 0.00000 -0.00000 1.00000 0.00000
1564719018211691 0.03922 0.99923 -0.00000 -4037942.76324 -0.99923 0.03922 0.00000 197434.56013 0.00000 -0.00000 1.00000 0.00000
1564719018460863 0.03504 0.99939 -0.00000 -4037084.55754 -0.99939 0.03504 0.00000 214315.40719 0.00000 -0.00000 1.00000 0.00000
1564719018711620 0.03130 0.99951 -0.00000 -4036257.30880 -0.99951 0.03130 0.00000 229413.18363 0.00000 -0.00000 1.00000 0.00000
1564719018961623 0.02718 0.99963 -0.00000 -4035280.39433 -0.99963 0.02718 0.00000 246040.80205 0.00000 -0.00000 1.00000 0.00000
1564719019211362 0.02331 0.99973 -0.00000 -4034299.71392 -0.99973 0.02331 0.00000 261667.78208 0.00000 -0.00000 1.00000 0.00000
1564719019461513 0.01855 0.99983 -0.00000 -4033011.18152 -0.99983 0.01855 0.00000 280865.12861 0.00000 -0.00000 1.00000 0.00000
1564719019711745 0.01323 0.99991 -0.00000 -4031460.31967 -0.99991 0.01323 0.00000 302344.38888 0.00000 -0.00000 1.00000 0.00000
1564719019962042 0.00854 0.99996 -0.00000 -4030002.83916 -0.99996 0.00854 0.00000 321218.72889 0.00000 -0.00000 1.00000 0.00000
1564719020212041 0.00516 0.99999 -0.00000 -4028895.39904 -0.99999 0.00516 0.00000 334852.04285 0.00000 -0.00000 1.00000 0.00000
1564719020461846 0.00263 1.00000 -0.00000 -4028036.63683 -1.00000 0.00263 0.00000 345057.23316 0.00000 -0.00000 1.00000 0.00000
1564719020711895 0.00224 1.00000 -0.00000 -4027905.65823 -1.00000 0.00224 0.00000 346610.90128 0.00000 -0.00000 1.00000 0.00000
1564719020962530 0.00404 0.99999 -0.00000 -4028526.68365 -0.99999 0.00404 0.00000 339345.46561 0.00000 -0.00000 1.00000 0.00000
1564719021212816 0.00912 0.99996 -0.00000 -4030199.52080 -0.99996 0.00912 0.00000 318894.71199 0.00000 -0.00000 1.00000 0.00000
1564719021463031 0.01835 0.99983 -0.00000 -4032974.30054 -0.99983 0.01835 0.00000 281673.20364 0.00000 -0.00000 1.00000 0.00000
1564719021713168 0.03017 0.99954 -0.00000 -4036023.73758 -0.99954 0.03017 0.00000 233994.22033 0.00000 -0.00000 1.00000 0.00000
1564719021962858 0.03918 0.99923 -0.00000 -4037972.97359 -0.99923 0.03918 0.00000 197571.98488 0.00000 -0.00000 1.00000 0.00000
1564719022213047 0.04409 0.99903 -0.00000 -4038896.68787 -0.99903 0.04409 0.00000 177745.48461 0.00000 -0.00000 1.00000 0.00000
1564719022463359 0.04413 0.99903 -0.00000 -4038906.94432 -0.99903 0.04413 0.00000 177567.39772 0.00000 -0.00000 1.00000 0.00000
1564719022713755 0.04462 0.99900 -0.00000 -4038996.59394 -0.99900 0.04462 0.00000 175572.20359 0.00000 -0.00000 1.00000 0.00000
1564719022963754 0.04578 0.99895 -0.00000 -4039198.55743 -0.99895 0.04578 0.00000 170920.05964 0.00000 -0.00000 1.00000 0.00000
1564719023213906 0.04175 0.99913 -0.00000 -4038479.87801 -0.99913 0.04175 0.00000 187185.74496 0.00000 -0.00000 1.00000 0.00000
1564719023463820 0.03659 0.99933 -0.00000 -4037461.38061 -0.99933 0.03659 0.00000 208046.36770 0.00000 -0.00000 1.00000 0.00000
1564719023713833 0.03257 0.99947 -0.00000 -4036593.39672 -0.99947 0.03257 0.00000 224300.62001 0.00000 -0.00000 1.00000 0.00000
1564719023963875 0.03147 0.99950 -0.00000 -4036346.33696 -0.99950 0.03147 0.00000 228745.48304 0.00000 -0.00000 1.00000 0.00000
1564719024214331 0.03216 0.99948 -0.00000 -4036506.22185 -0.99948 0.03216 0.00000 225948.81330 0.00000 -0.00000 1.00000 0.00000
1564719024464227 0.03285 0.99946 -0.00000 -4036664.82026 -0.99946 0.03285 0.00000 223139.88582 0.00000 -0.00000 1.00000 0.00000
1564719024714345 0.03367 0.99943 -0.00000 -4036847.68486 -0.99943 0.03367 0.00000 219849.52760 0.00000 -0.00000 1.00000 0.00000
1564719024964609 0.03328 0.99945 -0.00000 -4036764.57823 -0.99945 0.03328 0.00000 221412.37710 0.00000 -0.00000 1.00000 0.00000
1564719025214673 0.03082 0.99953 -0.00000 -4036208.74690 -0.99953 0.03082 0.00000 231363.40449 0.00000 -0.00000 1.00000 0.00000
1564719025464627 0.02855 0.99959 -0.00000 -4035675.89496 -0.99959 0.02855 0.00000 240516.39443 0.00000 -0.00000 1.00000 0.00000
1564719025714939 0.02632 0.99965 -0.00000 -4035132.50129 -0.99965 0.02632 0.00000 249502.05007 0.00000 -0.00000 1.00000 0.00000
1564719025964984 0.02434 0.99970 -0.00000 -4034632.64901 -0.99970 0.02434 0.00000 257491.48989 0.00000 -0.00000 1.00000 0.00000
1564719026215276 0.02246 0.99975 -0.00000 -4034141.31057 -0.99975 0.02246 0.00000 265108.74614 0.00000 -0.00000 1.00000 0.00000
1564719026465560 0.02082 0.99978 -0.00000 -4033703.86489 -0.99978 0.02082 0.00000 271712.38309 0.00000 -0.00000 1.00000 0.00000
1564719026715436 0.01953 0.99981 -0.00000 -4033351.24946 -0.99981 0.01953 0.00000 276924.99032 0.00000 -0.00000 1.00000 0.00000
1564719026965553 0.01851 0.99983 -0.00000 -4033069.17062 -0.99983 0.01851 0.00000 281029.61202 0.00000 -0.00000 1.00000 0.00000
1564719027215439 0.01812 0.99984 -0.00000 -4032959.72516 -0.99984 0.01812 0.00000 282621.25319 0.00000 -0.00000 1.00000 0.00000
1564719027465133 0.01907 0.99982 -0.00000 -4033229.12834 -0.99982 0.01907 0.00000 278774.99235 0.00000 -0.00000 1.00000 0.00000
1564719027715516 0.02259 0.99974 -0.00000 -4034188.43211 -0.99974 0.02259 0.00000 264555.55479 0.00000 -0.00000 1.00000 0.00000
1564719027965866 0.03416 0.99942 -0.00000 -4036980.78185 -0.99942 0.03416 0.00000 217864.15342 0.00000 -0.00000 1.00000 0.00000
1564719028216101 0.05886 0.99827 -0.00000 -4041135.43781 -0.99827 0.05886 0.00000 117962.14843 0.00000 -0.00000 1.00000 0.00000
1564719028465986 0.09831 0.99516 -0.00000 -4042639.95889 -0.99516 0.09831 0.00000 -42003.27434 0.00000 -0.00000 1.00000 0.00000
1564719028716187 0.14776 0.98902 -0.00000 -4035531.41257 -0.98902 0.14776 0.00000 -243308.55547 0.00000 -0.00000 1.00000 0.00000
1564719028965881 0.20391 0.97899 -0.00000 -4015095.93044 -0.97899 0.20391 0.00000 -472998.55272 0.00000 -0.00000 1.00000 0.00000
1564719029216335 0.26910 0.96311 -0.00000 -3974338.67741 -0.96311 0.26910 0.00000 -741191.33052 0.00000 -0.00000 1.00000 0.00000
1564719029466311 0.34041 0.94028 -0.00000 -3907732.89877 -0.94028 0.34041 0.00000 -1036515.83298 0.00000 -0.00000 1.00000 0.00000
1564719029716026 0.41363 0.91045 -0.00000 -3813642.92366 -0.91045 0.41363 0.00000 -1341967.88650 0.00000 -0.00000 1.00000 0.00000
1564719029965442 0.48812 0.87278 -0.00000 -3688440.88679 -0.87278 0.48812 0.00000 -1655343.52515 0.00000 -0.00000 1.00000 0.00000
1564719030216491 0.56501 0.82509 -0.00000 -3523723.39815 -0.82509 0.56501 0.00000 -1981953.48523 0.00000 -0.00000 1.00000 0.00000
1564719030466893 0.63555 0.77206 -0.00000 -3335248.77319 -0.77206 0.63555 0.00000 -2284926.51086 0.00000 -0.00000 1.00000 0.00000
1564719030717153 0.69577 0.71826 -0.00000 -3140022.75640 -0.71826 0.69577 0.00000 -2546573.69406 0.00000 -0.00000 1.00000 0.00000
1564719030967519 0.75014 0.66128 -0.00000 -2929880.15752 -0.66128 0.75014 0.00000 -2785783.43432 0.00000 -0.00000 1.00000 0.00000
1564719031217844 0.79723 0.60367 -0.00000 -2714632.54750 -0.60367 0.79723 0.00000 -2995924.46292 0.00000 -0.00000 1.00000 0.00000
1564719031468078 0.83561 0.54932 -0.00000 -2509415.60577 -0.54932 0.83561 0.00000 -3169800.04601 0.00000 -0.00000 1.00000 0.00000
1564719031718079 0.86755 0.49735 -0.00000 -2311448.02649 -0.49735 0.86755 0.00000 -3316928.16994 0.00000 -0.00000 1.00000 0.00000
1564719031968496 0.89570 0.44467 -0.00000 -2109305.07889 -0.44467 0.89570 0.00000 -3449005.89135 0.00000 -0.00000 1.00000 0.00000
1564719032218616 0.91647 0.40011 -0.00000 -1937271.66113 -0.40011 0.91647 0.00000 -3548491.63066 0.00000 -0.00000 1.00000 0.00000
1564719032468650 0.93351 0.35856 -0.00000 -1776008.72720 -0.35856 0.93351 0.00000 -3631888.19487 0.00000 -0.00000 1.00000 0.00000
1564719032718435 0.94900 0.31526 -0.00000 -1607138.04319 -0.31526 0.94900 0.00000 -3709707.58921 0.00000 -0.00000 1.00000 0.00000
1564719032968938 0.96243 0.27154 -0.00000 -1435839.02329 -0.27154 0.96243 0.00000 -3779311.22122 0.00000 -0.00000 1.00000 0.00000
1564719033219151 0.97403 0.22641 -0.00000 -1258221.44809 -0.22641 0.97403 0.00000 -3842097.00679 0.00000 -0.00000 1.00000 0.00000
1564719033469291 0.98413 0.17745 -0.00000 -1064627.21483 -0.17745 0.98413 0.00000 -3900179.83325 0.00000 -0.00000 1.00000 0.00000
1564719033719044 0.99181 0.12770 -0.00000 -867025.09897 -0.12770 0.99181 0.00000 -3948810.46550 0.00000 -0.00000 1.00000 0.00000
1564719033968820 0.99652 0.08332 -0.00000 -689952.77889 -0.08332 0.99652 0.00000 -3983566.75269 0.00000 -0.00000 1.00000 0.00000
1564719034218744 0.99887 0.04751 -0.00000 -546569.23281 -0.04751 0.99887 0.00000 -4005758.71457 0.00000 -0.00000 1.00000 0.00000
1564719034469335 0.99985 0.01711 -0.00000 -424530.29039 -0.01711 0.99985 0.00000 -4020524.39171 0.00000 -0.00000 1.00000 0.00000
1564719034720049 0.99993 -0.01187 -0.00000 -307836.17728 0.01187 0.99993 0.00000 -4031138.84976 0.00000 -0.00000 1.00000 0.00000
1564719034970019 0.99943 -0.03381 -0.00000 -219292.82727 0.03381 0.99943 0.00000 -4036923.96128 0.00000 -0.00000 1.00000 0.00000
1564719035219589 0.99871 -0.05076 -0.00000 -150785.70541 0.05076 0.99871 0.00000 -4040062.96000 0.00000 -0.00000 1.00000 0.00000
1564719035470293 0.99794 -0.06409 -0.00000 -96839.66727 0.06409 0.99794 0.00000 -4041715.91764 0.00000 -0.00000 1.00000 0.00000
1564719035720924 0.99761 -0.06915 -0.00000 -76341.44471 0.06915 0.99761 0.00000 -4042155.08599 0.00000 -0.00000 1.00000 0.00000
1564719035970342 0.99767 -0.06828 -0.00000 -79861.81248 0.06828 0.99767 0.00000 -4042087.09932 0.00000 -0.00000 1.00000 0.00000
1564719036220514 0.99773 -0.06727 -0.00000 -83945.73743 0.06727 0.99773 0.00000 -4042004.38478 0.00000 -0.00000 1.00000 0.00000
1564719036471097 0.99781 -0.06614 -0.00000 -88533.79356 0.06614 0.99781 0.00000 -4041906.53617 0.00000 -0.00000 1.00000 0.00000
1564719036721010 0.99784 -0.06564 -0.00000 -90560.45652 0.06564 0.99784 0.00000 -4041861.68137 0.00000 -0.00000 1.00000 0.00000
1564719036971009 0.99793 -0.06428 -0.00000 -96073.29086 0.06428 0.99793 0.00000 -4041734.44972 0.00000 -0.00000 1.00000 0.00000
1564719037221058 0.99801 -0.06304 -0.00000 -101085.18108 0.06304 0.99801 0.00000 -4041612.25959 0.00000 -0.00000 1.00000 0.00000
1564719037471194 0.99801 -0.06308 -0.00000 -100951.40756 0.06308 0.99801 0.00000 -4041615.65835 0.00000 -0.00000 1.00000 0.00000
1564719037722073 0.99788 -0.06509 -0.00000 -92816.77489 0.06509 0.99788 0.00000 -4041810.70587 0.00000 -0.00000 1.00000 0.00000
1564719037971186 0.99773 -0.06733 -0.00000 -83727.60544 0.06733 0.99773 0.00000 -4042009.25475 0.00000 -0.00000 1.00000 0.00000
1564719038221261 0.99757 -0.06963 -0.00000 -74428.82119 0.06963 0.99757 0.00000 -4042191.21743 0.00000 -0.00000 1.00000 0.00000
1564719038471381 0.99760 -0.06923 -0.00000 -76028.38092 0.06923 0.99760 0.00000 -4042161.48944 0.00000 -0.00000 1.00000 0.00000
1564719038721169 0.99775 -0.06704 -0.00000 -84891.82099 0.06704 0.99775 0.00000 -4041985.10046 0.00000 -0.00000 1.00000 0.00000
1564719038971509 0.99787 -0.06524 -0.00000 -92205.15574 0.06524 0.99787 0.00000 -4041824.93363 0.00000 -0.00000 1.00000 0.00000
1564719039221254 0.99798 -0.06346 -0.00000 -99431.76370 0.06346 0.99798 0.00000 -4041653.66648 0.00000 -0.00000 1.00000 0.00000
1564719039471317 0.99808 -0.06198 -0.00000 -105412.22641 0.06198 0.99808 0.00000 -4041502.16945 0.00000 -0.00000 1.00000 0.00000
1564719039721591 0.99818 -0.06035 -0.00000 -112032.28721 0.06035 0.99818 0.00000 -4041324.13869 0.00000 -0.00000 1.00000 0.00000
1564719039971551 0.99824 -0.05937 -0.00000 -116002.55024 0.05937 0.99824 0.00000 -4041212.19295 0.00000 -0.00000 1.00000 0.00000
1564719040222150 0.99827 -0.05888 -0.00000 -117971.63878 0.05888 0.99827 0.00000 -4041155.26283 0.00000 -0.00000 1.00000 0.00000
1564719040472247 0.99817 -0.06039 -0.00000 -111864.86504 0.06039 0.99817 0.00000 -4041328.98790 0.00000 -0.00000 1.00000 0.00000
1564719040722561 0.99804 -0.06258 -0.00000 -102988.91561 0.06258 0.99804 0.00000 -4041564.98886 0.00000 -0.00000 1.00000 0.00000
1564719040972392 0.99790 -0.06475 -0.00000 -94226.02529 0.06475 0.99790 0.00000 -4041778.84514 0.00000 -0.00000 1.00000 0.00000
1564719041223009 0.99773 -0.06729 -0.00000 -83921.39053 0.06729 0.99773 0.00000 -4042005.99247 0.00000 -0.00000 1.00000 0.00000
1564719041472802 0.99742 -0.07184 -0.00000 -65468.39023 0.07184 0.99742 0.00000 -4042347.03128 0.00000 -0.00000 1.00000 0.00000
1564719041723744 0.99705 -0.07671 -0.00000 -45737.47035 0.07671 0.99705 0.00000 -4042618.45886 0.00000 -0.00000 1.00000 0.00000
1564719041973892 0.99660 -0.08237 -0.00000 -22789.27983 0.08237 0.99660 0.00000 -4042812.97429 0.00000 -0.00000 1.00000 0.00000
1564719042223165 0.99605 -0.08880 -0.00000 3307.82067 0.08880 0.99605 0.00000 -4042875.85852 0.00000 -0.00000 1.00000 0.00000
1564719042473412 0.99533 -0.09658 -0.00000 34865.62002 0.09658 0.99533 0.00000 -4042726.85531 0.00000 -0.00000 1.00000 0.00000
1564719042723529 0.99435 -0.10618 -0.00000 73868.68161 0.10618 0.99435 0.00000 -4042202.26322 0.00000 -0.00000 1.00000 0.00000
1564719042973797 0.99318 -0.11658 -0.00000 116166.83183 0.11658 0.99318 0.00000 -4041207.79448 0.00000 -0.00000 1.00000 0.00000
1564719043223157 0.99189 -0.12707 -0.00000 158892.50598 0.12707 0.99189 0.00000 -4039753.40259 0.00000 -0.00000 1.00000 0.00000
1564719043473468 0.99047 -0.13774 -0.00000 202349.59380 0.13774 0.99047 0.00000 -4037809.79907 0.00000 -0.00000 1.00000 0.00000
1564719043724019 0.98881 -0.14917 -0.00000 248956.01511 0.14917 0.98881 0.00000 -4035204.19717 0.00000 -0.00000 1.00000 0.00000
1564719043976133 0.98708 -0.16024 -0.00000 294171.53323 0.16024 0.98708 0.00000 -4032159.90496 0.00000 -0.00000 1.00000 0.00000
1564719044223823 0.98491 -0.17307 -0.00000 346583.04331 0.17307 0.98491 0.00000 -4027993.13719 0.00000 -0.00000 1.00000 0.00000
1564719044473937 0.98255 -0.18601 -0.00000 399541.75549 0.18601 0.98255 0.00000 -4023084.97074 0.00000 -0.00000 1.00000 0.00000
1564719044723610 0.97957 -0.20112 -0.00000 461463.02635 0.20112 0.97957 0.00000 -4016453.11156 0.00000 -0.00000 1.00000 0.00000
1564719044973336 0.97597 -0.21792 -0.00000 530389.85235 0.21792 0.97597 0.00000 -4007933.05170 0.00000 -0.00000 1.00000 0.00000
1564719045223091 0.97129 -0.23789 -0.00000 612474.62838 0.23789 0.97129 0.00000 -3996212.22113 0.00000 -0.00000 1.00000 0.00000
1564719045473107 0.96654 -0.25653 -0.00000 689235.40930 0.25653 0.96654 0.00000 -3983690.23162 0.00000 -0.00000 1.00000 0.00000
1564719045723781 0.96194 -0.27324 -0.00000 758173.80975 0.27324 0.96194 0.00000 -3971146.09899 0.00000 -0.00000 1.00000 0.00000
1564719045973362 0.95712 -0.28970 -0.00000 826155.14834 0.28970 0.95712 0.00000 -3957561.32772 0.00000 -0.00000 1.00000 0.00000
1564719046223614 0.95230 -0.30517 -0.00000 890188.03925 0.30517 0.95230 0.00000 -3943651.08953 0.00000 -0.00000 1.00000 0.00000
1564719046473905 0.94825 -0.31753 -0.00000 941384.57836 0.31753 0.94825 0.00000 -3931743.63608 0.00000 -0.00000 1.00000 0.00000
1564719046723814 0.94416 -0.32949 -0.00000 991020.73889 0.32949 0.94416 0.00000 -3919526.09272 0.00000 -0.00000 1.00000 0.00000
1564719046973942 0.93986 -0.34156 -0.00000 1041137.23264 0.34156 0.93986 0.00000 -3906511.71388 0.00000 -0.00000 1.00000 0.00000
1564719047223739 0.93548 -0.35338 -0.00000 1090302.54710 0.35338 0.93548 0.00000 -3893075.15402 0.00000 -0.00000 1.00000 0.00000
1564719047474529 0.93076 -0.36562 -0.00000 1141260.61534 0.36562 0.93076 0.00000 -3878441.81579 0.00000 -0.00000 1.00000 0.00000
1564719047724427 0.92603 -0.37744 -0.00000 1190548.63671 0.37744 0.92603 0.00000 -3863595.89710 0.00000 -0.00000 1.00000 0.00000
1564719047974199 0.92110 -0.38933 -0.00000 1240165.50241 0.38933 0.92110 0.00000 -3847955.44412 0.00000 -0.00000 1.00000 0.00000
1564719048224261 0.91577 -0.40169 -0.00000 1291865.17492 0.40169 0.91577 0.00000 -3830906.92135 0.00000 -0.00000 1.00000 0.00000
1564719048474825 0.91037 -0.41379 -0.00000 1342509.45726 0.41379 0.91037 0.00000 -3813452.93876 0.00000 -0.00000 1.00000 0.00000
1564719048724790 0.90490 -0.42562 -0.00000 1392057.32397 0.42562 0.90490 0.00000 -3795645.20914 0.00000 -0.00000 1.00000 0.00000
1564719048974998 0.89903 -0.43789 -0.00000 1443594.77693 0.43789 0.89903 0.00000 -3776343.61378 0.00000 -0.00000 1.00000 0.00000
1564719049225278 0.89342 -0.44921 -0.00000 1491169.24160 0.44921 0.89342 0.00000 -3757810.76235 0.00000 -0.00000 1.00000 0.00000
1564719049475311 0.88973 -0.45648 -0.00000 1521744.51923 0.45648 0.88973 0.00000 -3745532.17646 0.00000 -0.00000 1.00000 0.00000
1564719049725138 0.88968 -0.45658 -0.00000 1522180.41435 0.45658 0.88968 0.00000 -3745353.74390 0.00000 -0.00000 1.00000 0.00000
1564719049976394 0.89069 -0.45461 -0.00000 1513853.68196 0.45461 0.89069 0.00000 -3748725.80385 0.00000 -0.00000 1.00000 0.00000
1564719050224893 0.89147 -0.45309 -0.00000 1507451.93412 0.45309 0.89147 0.00000 -3751303.41093 0.00000 -0.00000 1.00000 0.00000
1564719050474928 0.89185 -0.45233 -0.00000 1504284.10100 0.45233 0.89185 0.00000 -3752573.57819 0.00000 -0.00000 1.00000 0.00000
1564719050724652 0.89225 -0.45153 -0.00000 1500911.81663 0.45153 0.89225 0.00000 -3753922.40167 0.00000 -0.00000 1.00000 0.00000
1564719050974480 0.89257 -0.45092 -0.00000 1498317.70672 0.45092 0.89257 0.00000 -3754957.30497 0.00000 -0.00000 1.00000 0.00000
1564719051224409 0.89287 -0.45032 -0.00000 1495798.65484 0.45032 0.89287 0.00000 -3755960.24920 0.00000 -0.00000 1.00000 0.00000
1564719051474577 0.89304 -0.44998 -0.00000 1494375.85102 0.44998 0.89304 0.00000 -3756525.33163 0.00000 -0.00000 1.00000 0.00000
1564719051724565 0.89278 -0.45049 -0.00000 1496517.44537 0.45049 0.89278 0.00000 -3755671.45467 0.00000 -0.00000 1.00000 0.00000
1564719051974990 0.89251 -0.45103 -0.00000 1498789.23675 0.45103 0.89251 0.00000 -3754764.19782 0.00000 -0.00000 1.00000 0.00000
1564719052224948 0.89210 -0.45184 -0.00000 1502166.00171 0.45184 0.89210 0.00000 -3753413.31649 0.00000 -0.00000 1.00000 0.00000
1564719052475318 0.89136 -0.45329 -0.00000 1508291.44087 0.45329 0.89136 0.00000 -3750954.81449 0.00000 -0.00000 1.00000 0.00000
1564719052725208 0.89052 -0.45495 -0.00000 1515251.60136 0.45495 0.89052 0.00000 -3748147.35126 0.00000 -0.00000 1.00000 0.00000
1564719052974913 0.88943 -0.45707 -0.00000 1524173.65780 0.45707 0.88943 0.00000 -3744526.87272 0.00000 -0.00000 1.00000 0.00000
1564719053227306 0.88808 -0.45969 -0.00000 1535192.79958 0.45969 0.88808 0.00000 -3740021.47861 0.00000 -0.00000 1.00000 0.00000
1564719053476835 0.88636 -0.46300 -0.00000 1549143.34037 0.46300 0.88636 0.00000 -3734263.42375 0.00000 -0.00000 1.00000 0.00000
1564719053728886 0.88446 -0.46662 -0.00000 1564410.78940 0.46662 0.88446 0.00000 -3727891.89056 0.00000 -0.00000 1.00000 0.00000
1564719053976661 0.88276 -0.46982 -0.00000 1577875.65108 0.46982 0.88276 0.00000 -3722211.47587 0.00000 -0.00000 1.00000 0.00000
1564719054226472 0.88072 -0.47364 -0.00000 1594012.45088 0.47364 0.88072 0.00000 -3715328.35904 0.00000 -0.00000 1.00000 0.00000
1564719054476670 0.87878 -0.47722 -0.00000 1609093.95640 0.47722 0.87878 0.00000 -3708820.26202 0.00000 -0.00000 1.00000 0.00000
1564719054727490 0.87639 -0.48159 -0.00000 1627559.98671 0.48159 0.87639 0.00000 -3700752.63473 0.00000 -0.00000 1.00000 0.00000
