0.999 -0.038 0. 3.305 0.038 0.999 0. 0.216 0. 0. 1. 0.
0.999 -0.040 0. 4.006 0.040 0.999 0. 0.229 0. 0. 1. 0.
0.999 -0.040 0. 4.807 0.040 0.999 0. 0.259 0. 0. 1. 0.
0.999 -0.044 0. 5.660 0.044 0.999 0. 0.327 0. 0. 1. 0.
0.999 -0.046 0. 6.580 0.046 0.999 0. 0.370 0. 0. 1. 0.
0.999 -0.050 0. 7.568 0.050 0.999 0. 0.426 0. 0. 1. 0.
0.999 -0.052 0. 8.632 0.052 0.999 0. 0.500 0. 0. 1. 0.
0.998 -0.055 0. 9.756 0.055 0.998 0. 0.585 0. 0. 1. 0.
0.998 -0.058 0. 10.939 0.058 0.998 0. 0.661 0. 0. 1. 0.
0.998 -0.061 0. 12.233 0.061 0.998 0. 0.721 0. 0. 1. 0.
0.998 -0.065 0. 13.566 0.065 0.998 0. 0.844 0. 0. 1. 0.
0.998 -0.067 0. 15.002 0.067 0.998 0. 0.918 0. 0. 1. 0.
0.998 -0.069 0. 16.474 0.069 0.998 0. 1.054 0. 0. 1. 0.
0.998 -0.071 0. 18.051 0.071 0.998 0. 1.143 0. 0. 1. 0.
0.997 -0.072 0. 19.655 0.072 0.997 0. 1.270 0. 0. 1. 0.
0.998 -0.070 0. 21.355 0.070 0.998 0. 1.428 0. 0. 1. 0.
0.998 -0.067 0. 23.087 0.067 0.998 0. 1.549 0. 0. 1. 0.
0.998 -0.063 0. 24.921 0.063 0.998 0. 1.661 0. 0. 1. 0.
0.998 -0.059 0. 26.795 0.059 0.998 0. 1.766 0. 0. 1. 0.
0.999 -0.053 0. 28.739 0.053 0.999 0. 1.829 0. 0. 1. 0.
0.999 -0.053 0. 30.740 0.053 0.999 0. 1.983 0. 0. 1. 0.
0.999 -0.051 0. 32.808 0.051 0.999 0. 2.053 0. 0. 1. 0.
0.999 -0.053 0. 34.930 0.053 0.999 0. 2.217 0. 0. 1. 0.
0.999 -0.052 0. 37.095 0.052 0.999 0. 2.312 0. 0. 1. 0.
0.999 -0.052 0. 39.357 0.052 0.999 0. 2.428 0. 0. 1. 0.
0.998 -0.056 0. 41.642 0.056 0.998 0. 2.570 0. 0. 1. 0.
0.998 -0.063 0. 43.982 0.063 0.998 0. 2.683 0. 0. 1. 0.
0.998 -0.071 0. 46.394 0.071 0.998 0. 2.889 0. 0. 1. 0.
0.997 -0.080 0. 48.836 0.080 0.997 0. 3.066 0. 0. 1. 0.
0.996 -0.089 0. 51.326 0.089 0.996 0. 3.275 0. 0. 1. 0.
0.995 -0.100 0. 53.896 0.100 0.995 0. 3.597 0. 0. 1. 0.
0.994 -0.114 0. 56.460 0.114 0.994 0. 3.868 0. 0. 1. 0.
0.992 -0.125 0. 59.141 0.125 0.992 0. 4.248 0. 0. 1. 0.
0.990 -0.139 0. 61.763 0.139 0.990 0. 4.602 0. 0. 1. 0.
0.989 -0.150 0. 64.458 0.150 0.989 0. 5.053 0. 0. 1. 0.
0.987 -0.158 0. 67.257 0.158 0.987 0. 5.485 0. 0. 1. 0.
0.987 -0.163 0. 70.014 0.163 0.987 0. 5.964 0. 0. 1. 0.
0.986 -0.164 0. 72.913 0.164 0.986 0. 6.425 0. 0. 1. 0.
0.987 -0.164 0. 75.820 0.164 0.987 0. 6.912 0. 0. 1. 0.
0.987 -0.158 0. 78.830 0.158 0.987 0. 7.372 0. 0. 1. 0.
0.988 -0.155 0. 81.738 0.155 0.988 0. 7.733 0. 0. 1. 0.
0.989 -0.147 0. 84.902 0.147 0.989 0. 8.225 0. 0. 1. 0.
0.990 -0.141 0. 87.908 0.141 0.990 0. 8.633 0. 0. 1. 0.
0.991 -0.134 0. 91.010 0.134 0.991 0. 9.135 0. 0. 1. 0.
0.991 -0.130 0. 94.179 0.130 0.991 0. 9.519 0. 0. 1. 0.
0.992 -0.128 0. 97.325 0.128 0.992 0. 9.936 0. 0. 1. 0.
0.992 -0.123 0. 100.489 0.123 0.992 0. 10.296 0. 0. 1. 0.
0.992 -0.125 0. 103.702 0.125 0.992 0. 10.688 0. 0. 1. 0.
0.993 -0.119 0. 106.850 0.119 0.993 0. 11.115 0. 0. 1. 0.
0.993 -0.121 0. 109.979 0.121 0.993 0. 11.432 0. 0. 1. 0.
0.993 -0.118 0. 113.148 0.118 0.993 0. 11.844 0. 0. 1. 0.
0.993 -0.116 0. 116.246 0.116 0.993 0. 12.198 0. 0. 1. 0.
0.994 -0.113 0. 119.343 0.113 0.994 0. 12.655 0. 0. 1. 0.
0.994 -0.112 0. 122.424 0.112 0.994 0. 13.027 0. 0. 1. 0.
0.993 -0.114 0. 125.571 0.114 0.993 0. 13.337 0. 0. 1. 0.
0.993 -0.116 0. 128.699 0.116 0.993 0. 13.752 0. 0. 1. 0.
0.993 -0.117 0. 131.803 0.117 0.993 0. 14.089 0. 0. 1. 0.
0.993 -0.117 0. 134.900 0.117 0.993 0. 14.491 0. 0. 1. 0.
0.993 -0.115 0. 138.007 0.115 0.993 0. 14.830 0. 0. 1. 0.
0.994 -0.114 0. 141.107 0.114 0.994 0. 15.194 0. 0. 1. 0.
0.994 -0.112 0. 144.190 0.112 0.994 0. 15.553 0. 0. 1. 0.
0.994 -0.110 0. 147.272 0.110 0.994 0. 15.913 0. 0. 1. 0.
0.994 -0.112 0. 150.386 0.112 0.994 0. 16.243 0. 0. 1. 0.
0.994 -0.112 0. 153.483 0.112 0.994 0. 16.628 0. 0. 1. 0.
0.994 -0.110 0. 156.565 0.110 0.994 0. 16.953 0. 0. 1. 0.
0.994 -0.108 0. 159.646 0.108 0.994 0. 17.320 0. 0. 1. 0.
0.994 -0.106 0. 162.722 0.106 0.994 0. 17.646 0. 0. 1. 0.
0.994 -0.107 0. 165.796 0.107 0.994 0. 17.968 0. 0. 1. 0.
0.994 -0.109 0. 168.883 0.109 0.994 0. 18.305 0. 0. 1. 0.
0.994 -0.109 0. 171.949 0.109 0.994 0. 18.618 0. 0. 1. 0.
0.994 -0.110 0. 175.033 0.110 0.994 0. 18.988 0. 0. 1. 0.
0.994 -0.110 0. 178.122 0.110 0.994 0. 19.347 0. 0. 1. 0.
0.994 -0.111 0. 181.207 0.111 0.994 0. 19.709 0. 0. 1. 0.
0.994 -0.110 0. 184.307 0.110 0.994 0. 20.039 0. 0. 1. 0.
0.994 -0.112 0. 187.426 0.112 0.994 0. 20.438 0. 0. 1. 0.
0.994 -0.110 0. 190.511 0.110 0.994 0. 20.807 0. 0. 1. 0.
0.994 -0.106 0. 193.604 0.106 0.994 0. 21.244 0. 0. 1. 0.
0.994 -0.106 0. 196.736 0.106 0.994 0. 21.517 0. 0. 1. 0.
0.995 -0.105 0. 199.837 0.105 0.995 0. 21.857 0. 0. 1. 0.
0.994 -0.105 0. 202.969 0.105 0.994 0. 22.223 0. 0. 1. 0.
0.994 -0.107 0. 206.111 0.107 0.994 0. 22.599 0. 0. 1. 0.
0.994 -0.109 0. 209.255 0.109 0.994 0. 23.021 0. 0. 1. 0.
0.994 -0.110 0. 212.368 0.110 0.994 0. 23.372 0. 0. 1. 0.
0.994 -0.112 0. 215.514 0.112 0.994 0. 23.703 0. 0. 1. 0.
0.994 -0.110 0. 218.631 0.110 0.994 0. 24.043 0. 0. 1. 0.
0.994 -0.107 0. 221.752 0.107 0.994 0. 24.360 0. 0. 1. 0.
0.994 -0.107 0. 224.817 0.107 0.994 0. 24.722 0. 0. 1. 0.
0.995 -0.103 0. 227.914 0.103 0.995 0. 25.078 0. 0. 1. 0.
0.995 -0.098 0. 230.985 0.098 0.995 0. 25.479 0. 0. 1. 0.
0.996 -0.094 0. 233.964 0.094 0.996 0. 25.767 0. 0. 1. 0.
0.996 -0.093 0. 237.045 0.093 0.996 0. 26.033 0. 0. 1. 0.
0.995 -0.095 0. 240.065 0.095 0.995 0. 26.297 0. 0. 1. 0.
0.995 -0.099 0. 243.082 0.099 0.995 0. 26.668 0. 0. 1. 0.
0.995 -0.099 0. 246.092 0.099 0.995 0. 26.979 0. 0. 1. 0.
0.995 -0.099 0. 249.137 0.099 0.995 0. 27.332 0. 0. 1. 0.
0.995 -0.099 0. 252.168 0.099 0.995 0. 27.654 0. 0. 1. 0.
0.995 -0.103 0. 255.163 0.103 0.995 0. 28.005 0. 0. 1. 0.
0.994 -0.108 0. 258.206 0.108 0.994 0. 28.301 0. 0. 1. 0.
0.994 -0.113 0. 261.244 0.113 0.994 0. 28.603 0. 0. 1. 0.
0.993 -0.114 0. 264.252 0.114 0.993 0. 29.002 0. 0. 1. 0.
0.993 -0.116 0. 267.228 0.116 0.993 0. 29.366 0. 0. 1. 0.
0.993 -0.114 0. 270.291 0.114 0.993 0. 29.648 0. 0. 1. 0.
0.994 -0.111 0. 273.182 0.111 0.994 0. 30.062 0. 0. 1. 0.
0.994 -0.107 0. 276.160 0.107 0.994 0. 30.356 0. 0. 1. 0.
0.994 -0.106 0. 279.073 0.106 0.994 0. 30.687 0. 0. 1. 0.
0.994 -0.105 0. 281.951 0.105 0.994 0. 30.969 0. 0. 1. 0.
0.994 -0.105 0. 284.910 0.105 0.994 0. 31.327 0. 0. 1. 0.
0.994 -0.105 0. 287.819 0.105 0.994 0. 31.617 0. 0. 1. 0.
0.994 -0.106 0. 290.650 0.106 0.994 0. 31.959 0. 0. 1. 0.
0.994 -0.105 0. 293.601 0.105 0.994 0. 32.200 0. 0. 1. 0.
0.995 -0.103 0. 296.474 0.103 0.995 0. 32.602 0. 0. 1. 0.
0.995 -0.103 0. 299.428 0.103 0.995 0. 32.806 0. 0. 1. 0.
0.995 -0.102 0. 302.340 0.102 0.995 0. 33.205 0. 0. 1. 0.
0.995 -0.103 0. 305.286 0.103 0.995 0. 33.488 0. 0. 1. 0.
0.995 -0.103 0. 308.237 0.103 0.995 0. 33.764 0. 0. 1. 0.
0.995 -0.103 0. 311.240 0.103 0.995 0. 34.115 0. 0. 1. 0.
0.994 -0.105 0. 314.241 0.105 0.994 0. 34.408 0. 0. 1. 0.
0.995 -0.104 0. 317.251 0.104 0.995 0. 34.801 0. 0. 1. 0.
0.995 -0.104 0. 320.336 0.104 0.995 0. 35.084 0. 0. 1. 0.
0.994 -0.105 0. 323.425 0.105 0.994 0. 35.434 0. 0. 1. 0.
0.994 -0.110 0. 326.564 0.110 0.994 0. 35.827 0. 0. 1. 0.
0.994 -0.109 0. 329.698 0.109 0.994 0. 36.175 0. 0. 1. 0.
0.994 -0.108 0. 332.902 0.108 0.994 0. 36.492 0. 0. 1. 0.
0.994 -0.109 0. 336.116 0.109 0.994 0. 36.805 0. 0. 1. 0.
0.994 -0.111 0. 339.371 0.111 0.994 0. 37.144 0. 0. 1. 0.
0.994 -0.112 0. 342.619 0.112 0.994 0. 37.554 0. 0. 1. 0.
0.994 -0.110 0. 345.878 0.110 0.994 0. 37.950 0. 0. 1. 0.
0.994 -0.111 0. 349.174 0.111 0.994 0. 38.353 0. 0. 1. 0.
0.994 -0.113 0. 352.531 0.113 0.994 0. 38.693 0. 0. 1. 0.
0.993 -0.115 0. 355.939 0.115 0.993 0. 39.107 0. 0. 1. 0.
0.993 -0.116 0. 359.357 0.116 0.993 0. 39.530 0. 0. 1. 0.
0.993 -0.114 0. 362.787 0.114 0.993 0. 39.918 0. 0. 1. 0.
0.994 -0.113 0. 366.264 0.113 0.994 0. 40.307 0. 0. 1. 0.
0.994 -0.112 0. 369.738 0.112 0.994 0. 40.664 0. 0. 1. 0.
0.994 -0.111 0. 373.265 0.111 0.994 0. 41.047 0. 0. 1. 0.
0.994 -0.110 0. 376.792 0.110 0.994 0. 41.475 0. 0. 1. 0.
0.994 -0.109 0. 380.331 0.109 0.994 0. 41.913 0. 0. 1. 0.
0.994 -0.107 0. 383.917 0.107 0.994 0. 42.225 0. 0. 1. 0.
0.994 -0.105 0. 387.533 0.105 0.994 0. 42.544 0. 0. 1. 0.
0.994 -0.106 0. 391.137 0.106 0.994 0. 42.913 0. 0. 1. 0.
0.994 -0.108 0. 394.744 0.108 0.994 0. 43.371 0. 0. 1. 0.
0.994 -0.108 0. 398.361 0.108 0.994 0. 43.847 0. 0. 1. 0.
0.994 -0.108 0. 401.938 0.108 0.994 0. 44.216 0. 0. 1. 0.
0.994 -0.106 0. 405.548 0.106 0.994 0. 44.719 0. 0. 1. 0.
0.994 -0.106 0. 409.123 0.106 0.994 0. 44.968 0. 0. 1. 0.
0.994 -0.109 0. 412.720 0.109 0.994 0. 45.335 0. 0. 1. 0.
0.994 -0.113 0. 416.319 0.113 0.994 0. 45.717 0. 0. 1. 0.
0.993 -0.117 0. 419.935 0.117 0.993 0. 46.123 0. 0. 1. 0.
0.993 -0.117 0. 423.542 0.117 0.993 0. 46.661 0. 0. 1. 0.
0.993 -0.114 0. 427.173 0.114 0.993 0. 47.045 0. 0. 1. 0.
0.994 -0.113 0. 430.798 0.113 0.994 0. 47.501 0. 0. 1. 0.
0.994 -0.113 0. 434.448 0.113 0.994 0. 47.845 0. 0. 1. 0.
0.994 -0.112 0. 438.076 0.112 0.994 0. 48.234 0. 0. 1. 0.
0.994 -0.111 0. 441.743 0.111 0.994 0. 48.669 0. 0. 1. 0.
0.994 -0.112 0. 445.405 0.112 0.994 0. 49.039 0. 0. 1. 0.
0.994 -0.110 0. 449.073 0.110 0.994 0. 49.436 0. 0. 1. 0.
0.994 -0.109 0. 452.759 0.109 0.994 0. 49.855 0. 0. 1. 0.
0.994 -0.107 0. 456.452 0.107 0.994 0. 50.334 0. 0. 1. 0.
0.994 -0.109 0. 460.144 0.109 0.994 0. 50.680 0. 0. 1. 0.
0.994 -0.109 0. 463.855 0.109 0.994 0. 51.028 0. 0. 1. 0.
0.994 -0.108 0. 467.579 0.108 0.994 0. 51.534 0. 0. 1. 0.
0.994 -0.110 0. 471.298 0.110 0.994 0. 51.902 0. 0. 1. 0.
0.994 -0.109 0. 475.020 0.109 0.994 0. 52.427 0. 0. 1. 0.
0.994 -0.111 0. 478.764 0.111 0.994 0. 52.723 0. 0. 1. 0.
0.994 -0.113 0. 482.506 0.113 0.994 0. 53.274 0. 0. 1. 0.
0.993 -0.114 0. 486.265 0.114 0.993 0. 53.549 0. 0. 1. 0.
0.993 -0.116 0. 489.978 0.116 0.993 0. 54.035 0. 0. 1. 0.
0.994 -0.114 0. 493.681 0.114 0.994 0. 54.402 0. 0. 1. 0.
0.993 -0.116 0. 497.357 0.116 0.993 0. 54.948 0. 0. 1. 0.
0.993 -0.114 0. 501.003 0.114 0.993 0. 55.349 0. 0. 1. 0.
0.994 -0.112 0. 504.634 0.112 0.994 0. 55.789 0. 0. 1. 0.
0.994 -0.113 0. 508.267 0.113 0.994 0. 56.180 0. 0. 1. 0.
0.994 -0.113 0. 511.888 0.113 0.994 0. 56.724 0. 0. 1. 0.
0.994 -0.110 0. 515.494 0.110 0.994 0. 57.148 0. 0. 1. 0.
0.994 -0.111 0. 519.080 0.111 0.994 0. 57.576 0. 0. 1. 0.
0.994 -0.113 0. 522.691 0.113 0.994 0. 57.874 0. 0. 1. 0.
0.994 -0.112 0. 526.281 0.112 0.994 0. 58.428 0. 0. 1. 0.
0.994 -0.112 0. 529.915 0.112 0.994 0. 58.841 0. 0. 1. 0.
0.994 -0.112 0. 533.493 0.112 0.994 0. 59.256 0. 0. 1. 0.
0.994 -0.113 0. 537.103 0.113 0.994 0. 59.768 0. 0. 1. 0.
0.994 -0.113 0. 540.721 0.113 0.994 0. 60.000 0. 0. 1. 0.
0.994 -0.113 0. 544.282 0.113 0.994 0. 60.515 0. 0. 1. 0.
0.993 -0.115 0. 547.909 0.115 0.993 0. 60.973 0. 0. 1. 0.
0.993 -0.116 0. 551.503 0.116 0.993 0. 61.299 0. 0. 1. 0.
0.994 -0.113 0. 555.093 0.113 0.994 0. 61.752 0. 0. 1. 0.
0.993 -0.115 0. 558.752 0.115 0.993 0. 62.155 0. 0. 1. 0.
0.993 -0.115 0. 562.349 0.115 0.993 0. 62.544 0. 0. 1. 0.
0.993 -0.116 0. 565.985 0.116 0.993 0. 62.901 0. 0. 1. 0.
0.993 -0.118 0. 569.588 0.118 0.993 0. 63.333 0. 0. 1. 0.
0.993 -0.116 0. 573.231 0.116 0.993 0. 63.730 0. 0. 1. 0.
0.993 -0.117 0. 576.818 0.117 0.993 0. 64.196 0. 0. 1. 0.
0.993 -0.117 0. 580.482 0.117 0.993 0. 64.644 0. 0. 1. 0.
0.993 -0.120 0. 584.171 0.120 0.993 0. 64.955 0. 0. 1. 0.
0.993 -0.117 0. 587.830 0.117 0.993 0. 65.461 0. 0. 1. 0.
0.993 -0.118 0. 591.504 0.118 0.993 0. 65.925 0. 0. 1. 0.
0.993 -0.115 0. 595.184 0.115 0.993 0. 66.419 0. 0. 1. 0.
0.994 -0.112 0. 598.843 0.112 0.994 0. 66.855 0. 0. 1. 0.
0.994 -0.114 0. 602.580 0.114 0.994 0. 67.195 0. 0. 1. 0.
0.993 -0.114 0. 606.305 0.114 0.993 0. 67.604 0. 0. 1. 0.
0.994 -0.113 0. 610.016 0.113 0.994 0. 67.985 0. 0. 1. 0.
0.993 -0.115 0. 613.753 0.115 0.993 0. 68.480 0. 0. 1. 0.
0.993 -0.116 0. 617.470 0.116 0.993 0. 68.919 0. 0. 1. 0.
0.993 -0.116 0. 621.227 0.116 0.993 0. 69.377 0. 0. 1. 0.
0.993 -0.118 0. 624.948 0.118 0.993 0. 69.776 0. 0. 1. 0.
0.993 -0.118 0. 628.710 0.118 0.993 0. 70.206 0. 0. 1. 0.
0.993 -0.115 0. 632.511 0.115 0.993 0. 70.452 0. 0. 1. 0.
0.994 -0.112 0. 636.266 0.112 0.994 0. 70.827 0. 0. 1. 0.
0.994 -0.113 0. 640.040 0.113 0.994 0. 71.183 0. 0. 1. 0.
0.994 -0.112 0. 643.783 0.112 0.994 0. 71.682 0. 0. 1. 0.
0.994 -0.112 0. 647.574 0.112 0.994 0. 72.033 0. 0. 1. 0.
0.994 -0.114 0. 651.284 0.114 0.994 0. 72.441 0. 0. 1. 0.
0.993 -0.114 0. 655.018 0.114 0.993 0. 72.876 0. 0. 1. 0.
0.993 -0.114 0. 658.726 0.114 0.993 0. 73.336 0. 0. 1. 0.
0.993 -0.116 0. 662.432 0.116 0.993 0. 73.835 0. 0. 1. 0.
0.993 -0.117 0. 666.128 0.117 0.993 0. 74.261 0. 0. 1. 0.
0.993 -0.117 0. 669.804 0.117 0.993 0. 74.712 0. 0. 1. 0.
0.993 -0.115 0. 673.497 0.115 0.993 0. 75.133 0. 0. 1. 0.
0.994 -0.114 0. 677.198 0.114 0.994 0. 75.658 0. 0. 1. 0.
0.993 -0.114 0. 680.906 0.114 0.993 0. 76.037 0. 0. 1. 0.
0.993 -0.115 0. 684.644 0.115 0.993 0. 76.432 0. 0. 1. 0.
0.994 -0.113 0. 688.334 0.113 0.994 0. 76.864 0. 0. 1. 0.
0.993 -0.118 0. 692.112 0.118 0.993 0. 77.119 0. 0. 1. 0.
0.993 -0.117 0. 695.742 0.117 0.993 0. 77.627 0. 0. 1. 0.
0.994 -0.111 0. 699.397 0.111 0.994 0. 77.962 0. 0. 1. 0.
0.993 -0.115 0. 703.111 0.115 0.993 0. 78.473 0. 0. 1. 0.
0.994 -0.111 0. 706.827 0.111 0.994 0. 78.888 0. 0. 1. 0.
0.994 -0.112 0. 710.501 0.112 0.994 0. 79.297 0. 0. 1. 0.
0.994 -0.111 0. 714.227 0.111 0.994 0. 79.753 0. 0. 1. 0.
0.994 -0.113 0. 717.900 0.113 0.994 0. 80.158 0. 0. 1. 0.
0.993 -0.114 0. 721.603 0.114 0.993 0. 80.598 0. 0. 1. 0.
0.994 -0.114 0. 725.317 0.114 0.994 0. 81.081 0. 0. 1. 0.
0.993 -0.114 0. 728.980 0.114 0.993 0. 81.468 0. 0. 1. 0.
0.994 -0.110 0. 732.674 0.110 0.994 0. 81.899 0. 0. 1. 0.
0.994 -0.110 0. 736.394 0.110 0.994 0. 82.208 0. 0. 1. 0.
0.994 -0.110 0. 740.080 0.110 0.994 0. 82.690 0. 0. 1. 0.
0.994 -0.108 0. 743.764 0.108 0.994 0. 83.127 0. 0. 1. 0.
0.994 -0.112 0. 747.485 0.112 0.994 0. 83.499 0. 0. 1. 0.
0.994 -0.109 0. 751.211 0.109 0.994 0. 83.951 0. 0. 1. 0.
0.994 -0.112 0. 754.904 0.112 0.994 0. 84.283 0. 0. 1. 0.
0.994 -0.112 0. 758.611 0.112 0.994 0. 84.661 0. 0. 1. 0.
0.994 -0.110 0. 762.308 0.110 0.994 0. 85.125 0. 0. 1. 0.
0.994 -0.109 0. 766.029 0.109 0.994 0. 85.563 0. 0. 1. 0.
0.994 -0.109 0. 769.720 0.109 0.994 0. 85.939 0. 0. 1. 0.
0.994 -0.110 0. 773.442 0.110 0.994 0. 86.270 0. 0. 1. 0.
0.994 -0.107 0. 777.134 0.107 0.994 0. 86.818 0. 0. 1. 0.
0.994 -0.107 0. 780.847 0.107 0.994 0. 87.109 0. 0. 1. 0.
0.994 -0.108 0. 784.575 0.108 0.994 0. 87.624 0. 0. 1. 0.
0.994 -0.111 0. 788.297 0.111 0.994 0. 87.902 0. 0. 1. 0.
0.994 -0.111 0. 792.033 0.111 0.994 0. 88.301 0. 0. 1. 0.
0.994 -0.112 0. 795.756 0.112 0.994 0. 88.721 0. 0. 1. 0.
0.994 -0.109 0. 799.458 0.109 0.994 0. 89.125 0. 0. 1. 0.
0.994 -0.109 0. 803.167 0.109 0.994 0. 89.549 0. 0. 1. 0.
0.994 -0.110 0. 806.922 0.110 0.994 0. 89.929 0. 0. 1. 0.
0.994 -0.109 0. 810.664 0.109 0.994 0. 90.354 0. 0. 1. 0.
0.994 -0.109 0. 814.357 0.109 0.994 0. 90.784 0. 0. 1. 0.
0.994 -0.110 0. 818.064 0.110 0.994 0. 91.073 0. 0. 1. 0.
0.994 -0.109 0. 821.811 0.109 0.994 0. 91.457 0. 0. 1. 0.
0.994 -0.109 0. 825.539 0.109 0.994 0. 91.926 0. 0. 1. 0.
0.994 -0.109 0. 829.284 0.109 0.994 0. 92.255 0. 0. 1. 0.
0.994 -0.109 0. 833.031 0.109 0.994 0. 92.667 0. 0. 1. 0.
0.994 -0.110 0. 836.766 0.110 0.994 0. 93.086 0. 0. 1. 0.
0.994 -0.109 0. 840.505 0.109 0.994 0. 93.468 0. 0. 1. 0.
0.994 -0.109 0. 844.241 0.109 0.994 0. 93.954 0. 0. 1. 0.
0.994 -0.109 0. 847.968 0.109 0.994 0. 94.258 0. 0. 1. 0.
0.994 -0.110 0. 851.685 0.110 0.994 0. 94.733 0. 0. 1. 0.
0.994 -0.109 0. 855.465 0.109 0.994 0. 95.103 0. 0. 1. 0.
0.994 -0.112 0. 859.198 0.112 0.994 0. 95.380 0. 0. 1. 0.
0.994 -0.113 0. 862.901 0.113 0.994 0. 95.793 0. 0. 1. 0.
0.994 -0.112 0. 866.618 0.112 0.994 0. 96.275 0. 0. 1. 0.
0.994 -0.108 0. 870.436 0.108 0.994 0. 96.648 0. 0. 1. 0.
0.994 -0.111 0. 874.071 0.111 0.994 0. 96.961 0. 0. 1. 0.
0.994 -0.110 0. 877.742 0.110 0.994 0. 97.399 0. 0. 1. 0.
0.994 -0.110 0. 881.402 0.110 0.994 0. 97.880 0. 0. 1. 0.
0.994 -0.108 0. 885.076 0.108 0.994 0. 98.260 0. 0. 1. 0.
0.994 -0.107 0. 888.737 0.107 0.994 0. 98.783 0. 0. 1. 0.
0.994 -0.108 0. 892.409 0.108 0.994 0. 99.161 0. 0. 1. 0.
0.994 -0.107 0. 896.072 0.107 0.994 0. 99.566 0. 0. 1. 0.
0.994 -0.106 0. 899.702 0.106 0.994 0. 99.942 0. 0. 1. 0.
0.994 -0.111 0. 903.423 0.111 0.994 0. 100.298 0. 0. 1. 0.
0.995 -0.104 0. 907.117 0.104 0.995 0. 100.675 0. 0. 1. 0.
0.994 -0.106 0. 910.776 0.106 0.994 0. 101.055 0. 0. 1. 0.
0.994 -0.107 0. 914.449 0.107 0.994 0. 101.567 0. 0. 1. 0.
0.995 -0.103 0. 918.119 0.103 0.995 0. 101.801 0. 0. 1. 0.
0.995 -0.103 0. 921.793 0.103 0.995 0. 102.222 0. 0. 1. 0.
0.995 -0.103 0. 925.466 0.103 0.995 0. 102.593 0. 0. 1. 0.
0.995 -0.105 0. 929.148 0.105 0.995 0. 102.977 0. 0. 1. 0.
0.994 -0.106 0. 932.799 0.106 0.994 0. 103.315 0. 0. 1. 0.
0.994 -0.105 0. 936.484 0.105 0.994 0. 103.620 0. 0. 1. 0.
0.995 -0.104 0. 940.123 0.104 0.995 0. 104.073 0. 0. 1. 0.
0.995 -0.102 0. 943.777 0.102 0.995 0. 104.406 0. 0. 1. 0.
0.995 -0.100 0. 947.462 0.100 0.995 0. 104.739 0. 0. 1. 0.
0.995 -0.099 0. 951.130 0.099 0.995 0. 105.042 0. 0. 1. 0.
0.995 -0.099 0. 954.850 0.099 0.995 0. 105.300 0. 0. 1. 0.
0.995 -0.097 0. 958.437 0.097 0.995 0. 105.704 0. 0. 1. 0.
0.995 -0.097 0. 962.138 0.097 0.995 0. 106.120 0. 0. 1. 0.
0.996 -0.091 0. 965.772 0.091 0.996 0. 106.434 0. 0. 1. 0.
0.996 -0.085 0. 969.436 0.085 0.996 0. 106.801 0. 0. 1. 0.
0.997 -0.079 0. 973.121 0.079 0.997 0. 107.123 0. 0. 1. 0.
0.997 -0.073 0. 976.777 0.073 0.997 0. 107.426 0. 0. 1. 0.
0.998 -0.064 0. 980.415 0.064 0.998 0. 107.653 0. 0. 1. 0.
0.998 -0.060 0. 984.059 0.060 0.998 0. 107.894 0. 0. 1. 0.
0.999 -0.047 0. 987.733 0.047 0.999 0. 108.143 0. 0. 1. 0.
0.999 -0.041 0. 991.371 0.041 0.999 0. 108.361 0. 0. 1. 0.
0.999 -0.034 0. 995.002 0.034 0.999 0. 108.408 0. 0. 1. 0.
1.000 -0.024 0. 998.707 0.024 1.000 0. 108.506 0. 0. 1. 0.
1.000 -0.019 0. 1002.304 0.019 1.000 0. 108.662 0. 0. 1. 0.
1.000 -0.022 0. 1006.017 0.022 1.000 0. 108.591 0. 0. 1. 0.
1.000 -0.019 0. 1009.701 0.019 1.000 0. 108.665 0. 0. 1. 0.
1.000 -0.021 0. 1013.284 0.021 1.000 0. 108.773 0. 0. 1. 0.
1.000 -0.018 0. 1016.934 0.018 1.000 0. 108.865 0. 0. 1. 0.
1.000 -0.016 0. 1020.622 0.016 1.000 0. 108.893 0. 0. 1. 0.
1. -0.013 0. 1024.219 0.013 1. 0. 108.869 0. 0. 1. 0.
1. -0.008 0. 1027.882 0.008 1. 0. 108.962 0. 0. 1. 0.
1. -0.007 0. 1031.526 0.007 1. 0. 108.954 0. 0. 1. 0.
1. -0.007 0. 1035.162 0.007 1. 0. 109.019 0. 0. 1. 0.
1. -0.006 0. 1038.829 0.006 1. 0. 109.059 0. 0. 1. 0.
1. -0.007 0. 1042.450 0.007 1. 0. 109.072 0. 0. 1. 0.
1. -0.007 0. 1046.089 0.007 1. 0. 109.089 0. 0. 1. 0.
1. -0.010 0. 1049.696 0.010 1. 0. 109.105 0. 0. 1. 0.
1. -0.009 0. 1053.316 0.009 1. 0. 109.173 0. 0. 1. 0.
1. -0.010 0. 1056.956 0.010 1. 0. 109.254 0. 0. 1. 0.
1. -0.013 0. 1060.563 0.013 1. 0. 109.193 0. 0. 1. 0.
1. -0.014 0. 1064.190 0.014 1. 0. 109.358 0. 0. 1. 0.
1. -0.014 0. 1067.805 0.014 1. 0. 109.319 0. 0. 1. 0.
1. -0.009 0. 1071.401 0.009 1. 0. 109.487 0. 0. 1. 0.
1. -0.006 0. 1075.007 0.006 1. 0. 109.481 0. 0. 1. 0.
1. -0.001 0. 1078.599 0.001 1. 0. 109.476 0. 0. 1. 0.
1. 0.003 0. 1082.226 -0.003 1. 0. 109.476 0. 0. 1. 0.
1. -0.001 0. 1085.801 0.001 1. 0. 109.479 0. 0. 1. 0.
1. 0.001 0. 1089.413 -0.001 1. 0. 109.455 0. 0. 1. 0.
1. 0.000 0. 1092.989 -0.000 1. 0. 109.503 0. 0. 1. 0.
1. -0.001 0. 1096.591 0.001 1. 0. 109.403 0. 0. 1. 0.
1. -0.005 0. 1100.170 0.005 1. 0. 109.459 0. 0. 1. 0.
1. -0.006 0. 1103.777 0.006 1. 0. 109.467 0. 0. 1. 0.
1. -0.009 0. 1107.354 0.009 1. 0. 109.453 0. 0. 1. 0.
1. -0.008 0. 1110.949 0.008 1. 0. 109.533 0. 0. 1. 0.
1. -0.007 0. 1114.524 0.007 1. 0. 109.490 0. 0. 1. 0.
1. -0.009 0. 1118.098 0.009 1. 0. 109.542 0. 0. 1. 0.
1. -0.009 0. 1121.658 0.009 1. 0. 109.538 0. 0. 1. 0.
1. -0.011 0. 1125.221 0.011 1. 0. 109.598 0. 0. 1. 0.
1. -0.011 0. 1128.810 0.011 1. 0. 109.630 0. 0. 1. 0.
1. -0.013 0. 1132.378 0.013 1. 0. 109.671 0. 0. 1. 0.
1.000 -0.014 0. 1136.018 0.014 1.000 0. 109.670 0. 0. 1. 0.
1. -0.014 0. 1139.550 0.014 1. 0. 109.803 0. 0. 1. 0.
1. -0.010 0. 1143.063 0.010 1. 0. 109.880 0. 0. 1. 0.
1. -0.008 0. 1146.651 0.008 1. 0. 109.905 0. 0. 1. 0.
1. -0.007 0. 1150.168 0.007 1. 0. 109.909 0. 0. 1. 0.
1. -0.006 0. 1153.726 0.006 1. 0. 109.967 0. 0. 1. 0.
1. -0.008 0. 1157.259 0.008 1. 0. 109.956 0. 0. 1. 0.
1. -0.006 0. 1160.825 0.006 1. 0. 109.962 0. 0. 1. 0.
1. -0.007 0. 1164.400 0.007 1. 0. 109.926 0. 0. 1. 0.
1. -0.006 0. 1167.940 0.006 1. 0. 109.939 0. 0. 1. 0.
1. -0.003 0. 1171.482 0.003 1. 0. 109.918 0. 0. 1. 0.
1. -0.003 0. 1175.007 0.003 1. 0. 109.969 0. 0. 1. 0.
1. -0.004 0. 1178.535 0.004 1. 0. 109.999 0. 0. 1. 0.
1. -0.002 0. 1182.065 0.002 1. 0. 110.035 0. 0. 1. 0.
1. -0.004 0. 1185.557 0.004 1. 0. 110.017 0. 0. 1. 0.
1. -0.003 0. 1189.110 0.003 1. 0. 109.952 0. 0. 1. 0.
1. -0.002 0. 1192.634 0.002 1. 0. 109.861 0. 0. 1. 0.
1. -0.004 0. 1196.182 0.004 1. 0. 109.955 0. 0. 1. 0.
1. -0.004 0. 1199.707 0.004 1. 0. 109.903 0. 0. 1. 0.
1. -0.008 0. 1203.197 0.008 1. 0. 109.913 0. 0. 1. 0.
1. -0.005 0. 1206.708 0.005 1. 0. 109.894 0. 0. 1. 0.
1. 0.001 0. 1210.007 -0.001 1. 0. 109.909 0. 0. 1. 0.
1. -0.004 0. 1213.257 0.004 1. 0. 110.011 0. 0. 1. 0.
1. -0.003 0. 1216.422 0.003 1. 0. 110.083 0. 0. 1. 0.
1. -0.005 0. 1219.449 0.005 1. 0. 110.042 0. 0. 1. 0.
1. -0.004 0. 1222.344 0.004 1. 0. 109.982 0. 0. 1. 0.
1. -0.002 0. 1225.223 0.002 1. 0. 109.997 0. 0. 1. 0.
1. -0.005 0. 1227.971 0.005 1. 0. 110.003 0. 0. 1. 0.
1. -0.005 0. 1230.454 0.005 1. 0. 110.012 0. 0. 1. 0.
1. -0.006 0. 1232.901 0.006 1. 0. 110.017 0. 0. 1. 0.
1. -0.005 0. 1235.259 0.005 1. 0. 110.036 0. 0. 1. 0.
1. -0.005 0. 1237.427 0.005 1. 0. 110.090 0. 0. 1. 0.
1. -0.005 0. 1239.542 0.005 1. 0. 110.172 0. 0. 1. 0.
1. -0.007 0. 1241.504 0.007 1. 0. 110.116 0. 0. 1. 0.
1. -0.003 0. 1243.347 0.003 1. 0. 110.231 0. 0. 1. 0.
1. -0.005 0. 1245.092 0.005 1. 0. 110.207 0. 0. 1. 0.
1. -0.004 0. 1246.756 0.004 1. 0. 110.241 0. 0. 1. 0.
1. -0.005 0. 1248.254 0.005 1. 0. 110.263 0. 0. 1. 0.
1. -0.001 0. 1249.739 0.001 1. 0. 110.284 0. 0. 1. 0.
1. -0.003 0. 1251.068 0.003 1. 0. 110.277 0. 0. 1. 0.
1. -0.003 0. 1252.409 0.003 1. 0. 110.295 0. 0. 1. 0.
1. -0.001 0. 1253.588 0.001 1. 0. 110.346 0. 0. 1. 0.
1. -0.001 0. 1254.754 0.001 1. 0. 110.356 0. 0. 1. 0.
1. -0.004 0. 1255.875 0.004 1. 0. 110.370 0. 0. 1. 0.
1. -0.002 0. 1256.924 0.002 1. 0. 110.386 0. 0. 1. 0.
1. -0.004 0. 1257.988 0.004 1. 0. 110.360 0. 0. 1. 0.
1. -0.001 0. 1258.987 0.001 1. 0. 110.362 0. 0. 1. 0.
1. -0.002 0. 1259.964 0.002 1. 0. 110.380 0. 0. 1. 0.
1. -0.002 0. 1260.894 0.002 1. 0. 110.397 0. 0. 1. 0.
1. -0.001 0. 1261.766 0.001 1. 0. 110.412 0. 0. 1. 0.
1. -0.002 0. 1262.594 0.002 1. 0. 110.442 0. 0. 1. 0.
1. -0.001 0. 1263.330 0.001 1. 0. 110.438 0. 0. 1. 0.
1. -0.002 0. 1264.036 0.002 1. 0. 110.390 0. 0. 1. 0.
1. -0.004 0. 1264.641 0.004 1. 0. 110.411 0. 0. 1. 0.
1. -0.003 0. 1265.163 0.003 1. 0. 110.434 0. 0. 1. 0.
1. -0.002 0. 1265.600 0.002 1. 0. 110.487 0. 0. 1. 0.
1. -0.002 0. 1265.969 0.002 1. 0. 110.542 0. 0. 1. 0.
1. -0.001 0. 1266.224 0.001 1. 0. 110.518 0. 0. 1. 0.
1. -0.000 0. 1266.416 0.000 1. 0. 110.509 0. 0. 1. 0.
1. 0.001 0. 1266.531 -0.001 1. 0. 110.498 0. 0. 1. 0.
1. 0.001 0. 1266.592 -0.001 1. 0. 110.495 0. 0. 1. 0.
1. 0.000 0. 1266.607 -0.000 1. 0. 110.499 0. 0. 1. 0.
1. 0.001 0. 1266.598 -0.001 1. 0. 110.451 0. 0. 1. 0.
1. 0.001 0. 1266.597 -0.001 1. 0. 110.547 0. 0. 1. 0.
1. -0. 0. 1266.611 0. 1. 0. 110.474 0. 0. 1. 0.
1. 0.001 0. 1266.611 -0.001 1. 0. 110.497 0. 0. 1. 0.
1. 0.001 0. 1266.589 -0.001 1. 0. 110.571 0. 0. 1. 0.
1. 0.001 0. 1266.613 -0.001 1. 0. 110.533 0. 0. 1. 0.
1. -0.000 0. 1266.620 0.000 1. 0. 110.486 0. 0. 1. 0.
1. 0.000 0. 1266.616 -0.000 1. 0. 110.518 0. 0. 1. 0.
1. 0.000 0. 1266.598 -0.000 1. 0. 110.525 0. 0. 1. 0.
1. 0.001 0. 1266.599 -0.001 1. 0. 110.564 0. 0. 1. 0.
1. 0.001 0. 1266.597 -0.001 1. 0. 110.532 0. 0. 1. 0.
1. -0.000 0. 1266.613 0.000 1. 0. 110.508 0. 0. 1. 0.
1. -0.001 0. 1266.615 0.001 1. 0. 110.473 0. 0. 1. 0.
1. 0.001 0. 1266.595 -0.001 1. 0. 110.547 0. 0. 1. 0.
1. -0.001 0. 1266.605 0.001 1. 0. 110.460 0. 0. 1. 0.
1. 0.000 0. 1266.604 -0.000 1. 0. 110.507 0. 0. 1. 0.
1. -0.000 0. 1266.600 0.000 1. 0. 110.514 0. 0. 1. 0.
1. 0.000 0. 1266.619 -0.000 1. 0. 110.468 0. 0. 1. 0.
1. -0.001 0. 1266.613 0.001 1. 0. 110.442 0. 0. 1. 0.
1. 0. 0. 1266.615 -0. 1. 0. 110.488 0. 0. 1. 0.
1. -0.001 0. 1266.598 0.001 1. 0. 110.486 0. 0. 1. 0.
1. 0.001 0. 1266.610 -0.001 1. 0. 110.497 0. 0. 1. 0.
1. 0.001 0. 1266.590 -0.001 1. 0. 110.529 0. 0. 1. 0.
1. -0.000 0. 1266.600 0.000 1. 0. 110.489 0. 0. 1. 0.
1. 0.000 0. 1266.612 -0.000 1. 0. 110.491 0. 0. 1. 0.
1. 0.001 0. 1266.598 -0.001 1. 0. 110.545 0. 0. 1. 0.
1. -0.000 0. 1266.611 0.000 1. 0. 110.490 0. 0. 1. 0.
1. -0.001 0. 1266.612 0.001 1. 0. 110.431 0. 0. 1. 0.
1. 0. 0. 1266.615 -0. 1. 0. 110.525 0. 0. 1. 0.
1. -0.001 0. 1266.605 0.001 1. 0. 110.491 0. 0. 1. 0.
1. 0.001 0. 1266.614 -0.001 1. 0. 110.531 0. 0. 1. 0.
1. -0.000 0. 1266.606 0.000 1. 0. 110.484 0. 0. 1. 0.
1. 0.001 0. 1266.592 -0.001 1. 0. 110.551 0. 0. 1. 0.
1. -0.001 0. 1266.612 0.001 1. 0. 110.504 0. 0. 1. 0.
1. -0.000 0. 1266.618 0.000 1. 0. 110.511 0. 0. 1. 0.
1. -0.000 0. 1266.602 0.000 1. 0. 110.498 0. 0. 1. 0.
1. -0. 0. 1266.603 0. 1. 0. 110.518 0. 0. 1. 0.
1. -0.001 0. 1266.615 0.001 1. 0. 110.486 0. 0. 1. 0.
1. -0.000 0. 1266.614 0.000 1. 0. 110.504 0. 0. 1. 0.
1. -0.000 0. 1266.608 0.000 1. 0. 110.492 0. 0. 1. 0.
1. -0.000 0. 1266.614 0.000 1. 0. 110.500 0. 0. 1. 0.
1. -0.001 0. 1266.612 0.001 1. 0. 110.447 0. 0. 1. 0.
1. 0.001 0. 1266.604 -0.001 1. 0. 110.544 0. 0. 1. 0.
1. 0.001 0. 1266.595 -0.001 1. 0. 110.560 0. 0. 1. 0.
1. 0.000 0. 1266.595 -0.000 1. 0. 110.523 0. 0. 1. 0.
1. 0.001 0. 1266.620 -0.001 1. 0. 110.536 0. 0. 1. 0.
1. 0.001 0. 1266.664 -0.001 1. 0. 110.534 0. 0. 1. 0.
1. -0.001 0. 1266.774 0.001 1. 0. 110.417 0. 0. 1. 0.
1. -0.001 0. 1266.948 0.001 1. 0. 110.470 0. 0. 1. 0.
1. -0.001 0. 1267.177 0.001 1. 0. 110.490 0. 0. 1. 0.
1. -0.001 0. 1267.500 0.001 1. 0. 110.496 0. 0. 1. 0.
1. -0. 0. 1267.842 0. 1. 0. 110.514 0. 0. 1. 0.
1. -0.001 0. 1268.267 0.001 1. 0. 110.475 0. 0. 1. 0.
1. -0.000 0. 1268.790 0.000 1. 0. 110.472 0. 0. 1. 0.
1. -0.001 0. 1269.401 0.001 1. 0. 110.480 0. 0. 1. 0.
1. -0.001 0. 1270.069 0.001 1. 0. 110.443 0. 0. 1. 0.
1. 0.000 0. 1270.820 -0.000 1. 0. 110.502 0. 0. 1. 0.
1. 0.000 0. 1271.650 -0.000 1. 0. 110.469 0. 0. 1. 0.
1. 0.003 0. 1272.575 -0.003 1. 0. 110.461 0. 0. 1. 0.
1. 0.005 0. 1273.562 -0.005 1. 0. 110.452 0. 0. 1. 0.
1. 0.007 0. 1274.628 -0.007 1. 0. 110.492 0. 0. 1. 0.
1. 0.010 0. 1275.752 -0.010 1. 0. 110.484 0. 0. 1. 0.
1. 0.010 0. 1276.984 -0.010 1. 0. 110.422 0. 0. 1. 0.
1. 0.010 0. 1278.274 -0.010 1. 0. 110.424 0. 0. 1. 0.
1. 0.008 0. 1279.623 -0.008 1. 0. 110.463 0. 0. 1. 0.
1. 0.007 0. 1281.053 -0.007 1. 0. 110.462 0. 0. 1. 0.
1. 0.005 0. 1282.522 -0.005 1. 0. 110.430 0. 0. 1. 0.
1. 0.005 0. 1284.067 -0.005 1. 0. 110.521 0. 0. 1. 0.
1. 0.003 0. 1285.657 -0.003 1. 0. 110.493 0. 0. 1. 0.
1. -0.001 0. 1287.355 0.001 1. 0. 110.521 0. 0. 1. 0.
1. -0.001 0. 1289.049 0.001 1. 0. 110.497 0. 0. 1. 0.
1. -0.002 0. 1290.831 0.002 1. 0. 110.560 0. 0. 1. 0.
1. -0.004 0. 1292.647 0.004 1. 0. 110.540 0. 0. 1. 0.
1. -0.005 0. 1294.539 0.005 1. 0. 110.541 0. 0. 1. 0.
1. -0.007 0. 1296.489 0.007 1. 0. 110.575 0. 0. 1. 0.
1. -0.009 0. 1298.495 0.009 1. 0. 110.607 0. 0. 1. 0.
1. -0.011 0. 1300.553 0.011 1. 0. 110.637 0. 0. 1. 0.
1. -0.011 0. 1302.679 0.011 1. 0. 110.741 0. 0. 1. 0.
1. -0.010 0. 1304.838 0.010 1. 0. 110.693 0. 0. 1. 0.
1. -0.009 0. 1307.082 0.009 1. 0. 110.731 0. 0. 1. 0.
1. -0.008 0. 1309.338 0.008 1. 0. 110.736 0. 0. 1. 0.
1. -0.006 0. 1311.673 0.006 1. 0. 110.775 0. 0. 1. 0.
1. -0.002 0. 1314.047 0.002 1. 0. 110.811 0. 0. 1. 0.
1. -0.003 0. 1316.476 0.003 1. 0. 110.773 0. 0. 1. 0.
1. -0.002 0. 1318.967 0.002 1. 0. 110.811 0. 0. 1. 0.
1. -0.003 0. 1321.495 0.003 1. 0. 110.750 0. 0. 1. 0.
1. -0.002 0. 1324.080 0.002 1. 0. 110.772 0. 0. 1. 0.
1. -0.002 0. 1326.696 0.002 1. 0. 110.754 0. 0. 1. 0.
1. -0.003 0. 1329.381 0.003 1. 0. 110.767 0. 0. 1. 0.
1. -0.004 0. 1332.107 0.004 1. 0. 110.817 0. 0. 1. 0.
1. -0.002 0. 1334.898 0.002 1. 0. 110.831 0. 0. 1. 0.
1. -0.002 0. 1337.711 0.002 1. 0. 110.857 0. 0. 1. 0.
1. -0.002 0. 1340.547 0.002 1. 0. 110.816 0. 0. 1. 0.
1. -0.003 0. 1343.458 0.003 1. 0. 110.856 0. 0. 1. 0.
1. 0.001 0. 1346.428 -0.001 1. 0. 110.896 0. 0. 1. 0.
1. -0.002 0. 1349.407 0.002 1. 0. 110.879 0. 0. 1. 0.
1. -0.001 0. 1352.453 0.001 1. 0. 110.896 0. 0. 1. 0.
1. -0.004 0. 1355.514 0.004 1. 0. 110.919 0. 0. 1. 0.
1. -0.003 0. 1358.621 0.003 1. 0. 110.957 0. 0. 1. 0.
1. -0.005 0. 1361.759 0.005 1. 0. 110.911 0. 0. 1. 0.
1. -0.005 0. 1364.945 0.005 1. 0. 110.975 0. 0. 1. 0.
1. -0.005 0. 1368.087 0.005 1. 0. 111.044 0. 0. 1. 0.
1. -0.006 0. 1371.246 0.006 1. 0. 111.036 0. 0. 1. 0.
1. -0.008 0. 1374.334 0.008 1. 0. 111.085 0. 0. 1. 0.
1. -0.008 0. 1377.438 0.008 1. 0. 111.091 0. 0. 1. 0.
1. -0.009 0. 1380.537 0.009 1. 0. 111.291 0. 0. 1. 0.
1. -0.007 0. 1383.627 0.007 1. 0. 111.150 0. 0. 1. 0.
1. -0.008 0. 1386.704 0.008 1. 0. 111.374 0. 0. 1. 0.
1. -0.007 0. 1389.807 0.007 1. 0. 111.262 0. 0. 1. 0.
1. -0.005 0. 1392.910 0.005 1. 0. 111.215 0. 0. 1. 0.
1. -0.008 0. 1396.027 0.008 1. 0. 111.313 0. 0. 1. 0.
1. -0.007 0. 1399.169 0.007 1. 0. 111.300 0. 0. 1. 0.
1. -0.008 0. 1402.338 0.008 1. 0. 111.267 0. 0. 1. 0.
1. -0.007 0. 1405.516 0.007 1. 0. 111.440 0. 0. 1. 0.
1. -0.004 0. 1408.720 0.004 1. 0. 111.540 0. 0. 1. 0.
1. -0.003 0. 1411.941 0.003 1. 0. 111.585 0. 0. 1. 0.
1. 0.003 0. 1415.118 -0.003 1. 0. 111.477 0. 0. 1. 0.
1. 0.006 0. 1418.371 -0.006 1. 0. 111.586 0. 0. 1. 0.
1.000 0.015 0. 1421.579 -0.015 1.000 0. 111.514 0. 0. 1. 0.
1.000 0.022 0. 1424.821 -0.022 1.000 0. 111.487 0. 0. 1. 0.
0.999 0.035 0. 1427.993 -0.035 0.999 0. 111.314 0. 0. 1. 0.
0.999 0.046 0. 1431.215 -0.046 0.999 0. 111.202 0. 0. 1. 0.
0.998 0.058 0. 1434.424 -0.058 0.998 0. 110.970 0. 0. 1. 0.
0.998 0.069 0. 1437.661 -0.069 0.998 0. 110.831 0. 0. 1. 0.
0.997 0.077 0. 1440.810 -0.077 0.997 0. 110.718 0. 0. 1. 0.
0.997 0.075 0. 1443.951 -0.075 0.997 0. 110.502 0. 0. 1. 0.
0.998 0.066 0. 1447.160 -0.066 0.998 0. 110.277 0. 0. 1. 0.
0.998 0.059 0. 1450.322 -0.059 0.998 0. 110.034 0. 0. 1. 0.
0.999 0.050 0. 1453.469 -0.050 0.999 0. 109.895 0. 0. 1. 0.
0.999 0.045 0. 1456.595 -0.045 0.999 0. 109.744 0. 0. 1. 0.
0.999 0.041 0. 1459.705 -0.041 0.999 0. 109.692 0. 0. 1. 0.
0.999 0.038 0. 1462.834 -0.038 0.999 0. 109.553 0. 0. 1. 0.
0.999 0.034 0. 1465.904 -0.034 0.999 0. 109.488 0. 0. 1. 0.
1.000 0.030 0. 1468.946 -0.030 1.000 0. 109.344 0. 0. 1. 0.
1.000 0.027 0. 1471.986 -0.027 1.000 0. 109.378 0. 0. 1. 0.
1.000 0.024 0. 1475.002 -0.024 1.000 0. 109.303 0. 0. 1. 0.
1.000 0.020 0. 1478.012 -0.020 1.000 0. 109.226 0. 0. 1. 0.
1.000 0.020 0. 1481.027 -0.020 1.000 0. 109.201 0. 0. 1. 0.
1.000 0.021 0. 1483.980 -0.021 1.000 0. 109.086 0. 0. 1. 0.
1.000 0.025 0. 1486.929 -0.025 1.000 0. 109.044 0. 0. 1. 0.
0.999 0.033 0. 1489.803 -0.033 0.999 0. 108.966 0. 0. 1. 0.
0.999 0.038 0. 1492.660 -0.038 0.999 0. 108.837 0. 0. 1. 0.
0.999 0.044 0. 1495.540 -0.044 0.999 0. 108.696 0. 0. 1. 0.
0.999 0.050 0. 1498.303 -0.050 0.999 0. 108.570 0. 0. 1. 0.
0.998 0.057 0. 1501.013 -0.057 0.998 0. 108.416 0. 0. 1. 0.
0.998 0.061 0. 1503.597 -0.061 0.998 0. 108.280 0. 0. 1. 0.
0.998 0.067 0. 1506.102 -0.067 0.998 0. 108.137 0. 0. 1. 0.
0.997 0.071 0. 1508.514 -0.071 0.997 0. 107.947 0. 0. 1. 0.
0.997 0.078 0. 1510.785 -0.078 0.997 0. 107.807 0. 0. 1. 0.
0.997 0.081 0. 1513.046 -0.081 0.997 0. 107.628 0. 0. 1. 0.
0.996 0.087 0. 1515.258 -0.087 0.996 0. 107.463 0. 0. 1. 0.
0.996 0.088 0. 1517.355 -0.088 0.996 0. 107.241 0. 0. 1. 0.
0.996 0.089 0. 1519.393 -0.089 0.996 0. 107.072 0. 0. 1. 0.
0.996 0.090 0. 1521.349 -0.090 0.996 0. 106.919 0. 0. 1. 0.
0.996 0.092 0. 1523.220 -0.092 0.996 0. 106.707 0. 0. 1. 0.
0.996 0.092 0. 1524.914 -0.092 0.996 0. 106.598 0. 0. 1. 0.
0.996 0.093 0. 1526.619 -0.093 0.996 0. 106.441 0. 0. 1. 0.
0.995 0.096 0. 1528.297 -0.096 0.995 0. 106.284 0. 0. 1. 0.
0.995 0.098 0. 1529.810 -0.098 0.995 0. 106.153 0. 0. 1. 0.
0.995 0.099 0. 1531.207 -0.099 0.995 0. 106.020 0. 0. 1. 0.
0.995 0.101 0. 1532.516 -0.101 0.995 0. 105.897 0. 0. 1. 0.
0.995 0.105 0. 1533.670 -0.105 0.995 0. 105.746 0. 0. 1. 0.
0.994 0.108 0. 1534.769 -0.108 0.994 0. 105.688 0. 0. 1. 0.
0.993 0.114 0. 1535.762 -0.114 0.993 0. 105.530 0. 0. 1. 0.
0.993 0.118 0. 1536.658 -0.118 0.993 0. 105.467 0. 0. 1. 0.
0.992 0.122 0. 1537.427 -0.122 0.992 0. 105.345 0. 0. 1. 0.
0.992 0.129 0. 1538.119 -0.129 0.992 0. 105.241 0. 0. 1. 0.
0.990 0.138 0. 1538.678 -0.138 0.990 0. 105.167 0. 0. 1. 0.
0.989 0.148 0. 1539.167 -0.148 0.989 0. 105.101 0. 0. 1. 0.
0.987 0.160 0. 1539.564 -0.160 0.987 0. 104.986 0. 0. 1. 0.
0.985 0.171 0. 1539.889 -0.171 0.985 0. 104.957 0. 0. 1. 0.
0.983 0.181 0. 1540.109 -0.181 0.983 0. 104.903 0. 0. 1. 0.
0.982 0.189 0. 1540.259 -0.189 0.982 0. 104.867 0. 0. 1. 0.
0.981 0.192 0. 1540.336 -0.192 0.981 0. 104.843 0. 0. 1. 0.
0.981 0.196 0. 1540.429 -0.196 0.981 0. 104.822 0. 0. 1. 0.
0.980 0.201 0. 1540.520 -0.201 0.980 0. 104.790 0. 0. 1. 0.
0.979 0.204 0. 1540.619 -0.204 0.979 0. 104.776 0. 0. 1. 0.
0.978 0.209 0. 1540.739 -0.209 0.978 0. 104.741 0. 0. 1. 0.
0.976 0.219 0. 1540.902 -0.219 0.976 0. 104.684 0. 0. 1. 0.
0.974 0.228 0. 1541.051 -0.228 0.974 0. 104.646 0. 0. 1. 0.
0.971 0.241 0. 1541.287 -0.241 0.971 0. 104.570 0. 0. 1. 0.
0.967 0.253 0. 1541.546 -0.253 0.967 0. 104.479 0. 0. 1. 0.
0.963 0.270 0. 1541.872 -0.270 0.963 0. 104.331 0. 0. 1. 0.
0.957 0.290 0. 1542.229 -0.290 0.957 0. 104.213 0. 0. 1. 0.
0.950 0.312 0. 1542.617 -0.312 0.950 0. 104.058 0. 0. 1. 0.
0.942 0.336 0. 1543.077 -0.336 0.942 0. 103.843 0. 0. 1. 0.
0.932 0.362 0. 1543.595 -0.362 0.932 0. 103.644 0. 0. 1. 0.
0.919 0.394 0. 1544.088 -0.394 0.919 0. 103.366 0. 0. 1. 0.
0.906 0.424 0. 1544.688 -0.424 0.906 0. 103.067 0. 0. 1. 0.
0.890 0.456 0. 1545.300 -0.456 0.890 0. 102.724 0. 0. 1. 0.
0.873 0.487 0. 1545.919 -0.487 0.873 0. 102.306 0. 0. 1. 0.
0.855 0.519 0. 1546.568 -0.519 0.855 0. 101.912 0. 0. 1. 0.
0.833 0.553 0. 1547.200 -0.553 0.833 0. 101.413 0. 0. 1. 0.
0.809 0.588 0. 1547.906 -0.588 0.809 0. 100.888 0. 0. 1. 0.
0.781 0.625 0. 1548.601 -0.625 0.781 0. 100.304 0. 0. 1. 0.
0.746 0.666 0. 1549.214 -0.666 0.746 0. 99.670 0. 0. 1. 0.
0.709 0.705 0. 1549.834 -0.705 0.709 0. 98.962 0. 0. 1. 0.
0.668 0.744 0. 1550.423 -0.744 0.668 0. 98.269 0. 0. 1. 0.
0.626 0.780 0. 1550.940 -0.780 0.626 0. 97.516 0. 0. 1. 0.
0.579 0.816 0. 1551.424 -0.816 0.579 0. 96.782 0. 0. 1. 0.
0.532 0.847 0. 1551.821 -0.847 0.532 0. 96.021 0. 0. 1. 0.
0.482 0.876 0. 1552.175 -0.876 0.482 0. 95.265 0. 0. 1. 0.
0.431 0.902 0. 1552.478 -0.902 0.431 0. 94.502 0. 0. 1. 0.
0.374 0.927 0. 1552.718 -0.927 0.374 0. 93.708 0. 0. 1. 0.
0.315 0.949 0. 1552.944 -0.949 0.315 0. 92.872 0. 0. 1. 0.
0.249 0.968 0. 1553.086 -0.968 0.249 0. 91.973 0. 0. 1. 0.
0.179 0.984 0. 1553.205 -0.984 0.179 0. 91.052 0. 0. 1. 0.
0.100 0.995 0. 1553.220 -0.995 0.100 0. 90.078 0. 0. 1. 0.
0.019 1.000 0. 1553.188 -1.000 0.019 0. 89.069 0. 0. 1. 0.
-0.068 0.998 0. 1553.022 -0.998 -0.068 0. 88.043 0. 0. 1. 0.
-0.158 0.987 0. 1552.780 -0.987 -0.158 0. 86.966 0. 0. 1. 0.
-0.249 0.969 0. 1552.408 -0.969 -0.249 0. 85.876 0. 0. 1. 0.
-0.329 0.944 0. 1551.974 -0.944 -0.329 0. 84.781 0. 0. 1. 0.
-0.395 0.919 0. 1551.437 -0.919 -0.395 0. 83.620 0. 0. 1. 0.
-0.446 0.895 0. 1550.879 -0.895 -0.446 0. 82.431 0. 0. 1. 0.
-0.484 0.875 0. 1550.061 -0.875 -0.484 0. 81.259 0. 0. 1. 0.
-0.516 0.856 0. 1549.295 -0.856 -0.516 0. 79.992 0. 0. 1. 0.
-0.543 0.839 0. 1548.467 -0.839 -0.543 0. 78.703 0. 0. 1. 0.
-0.561 0.828 0. 1547.535 -0.828 -0.561 0. 77.411 0. 0. 1. 0.
-0.571 0.821 0. 1546.596 -0.821 -0.571 0. 76.033 0. 0. 1. 0.
-0.576 0.817 0. 1545.604 -0.817 -0.576 0. 74.624 0. 0. 1. 0.
-0.572 0.820 0. 1544.537 -0.820 -0.572 0. 73.131 0. 0. 1. 0.
-0.570 0.821 0. 1543.450 -0.821 -0.570 0. 71.628 0. 0. 1. 0.
-0.568 0.823 0. 1542.385 -0.823 -0.568 0. 69.982 0. 0. 1. 0.
-0.565 0.825 0. 1541.243 -0.825 -0.565 0. 68.396 0. 0. 1. 0.
-0.565 0.825 0. 1540.106 -0.825 -0.565 0. 66.653 0. 0. 1. 0.
-0.565 0.825 0. 1538.889 -0.825 -0.565 0. 64.960 0. 0. 1. 0.
-0.566 0.824 0. 1537.696 -0.824 -0.566 0. 63.156 0. 0. 1. 0.
-0.565 0.825 0. 1536.449 -0.825 -0.565 0. 61.308 0. 0. 1. 0.
-0.567 0.824 0. 1535.161 -0.824 -0.567 0. 59.429 0. 0. 1. 0.
-0.566 0.824 0. 1533.811 -0.824 -0.566 0. 57.491 0. 0. 1. 0.
-0.567 0.824 0. 1532.416 -0.824 -0.567 0. 55.526 0. 0. 1. 0.
-0.566 0.825 0. 1531.093 -0.825 -0.566 0. 53.520 0. 0. 1. 0.
-0.565 0.825 0. 1529.667 -0.825 -0.565 0. 51.437 0. 0. 1. 0.
-0.564 0.826 0. 1528.220 -0.826 -0.564 0. 49.352 0. 0. 1. 0.
-0.564 0.826 0. 1526.791 -0.826 -0.564 0. 47.174 0. 0. 1. 0.
-0.566 0.824 0. 1525.243 -0.824 -0.566 0. 44.968 0. 0. 1. 0.
-0.567 0.824 0. 1523.721 -0.824 -0.567 0. 42.735 0. 0. 1. 0.
-0.569 0.822 0. 1522.206 -0.822 -0.569 0. 40.429 0. 0. 1. 0.
-0.571 0.821 0. 1520.621 -0.821 -0.571 0. 38.155 0. 0. 1. 0.
-0.573 0.820 0. 1519.007 -0.820 -0.573 0. 35.802 0. 0. 1. 0.
-0.574 0.819 0. 1517.436 -0.819 -0.574 0. 33.492 0. 0. 1. 0.
-0.575 0.818 0. 1515.793 -0.818 -0.575 0. 31.232 0. 0. 1. 0.
-0.575 0.818 0. 1514.241 -0.818 -0.575 0. 28.962 0. 0. 1. 0.
-0.575 0.818 0. 1512.625 -0.818 -0.575 0. 26.654 0. 0. 1. 0.
-0.572 0.820 0. 1510.971 -0.820 -0.572 0. 24.325 0. 0. 1. 0.
-0.571 0.821 0. 1509.343 -0.821 -0.571 0. 22.025 0. 0. 1. 0.
-0.569 0.822 0. 1507.734 -0.822 -0.569 0. 19.648 0. 0. 1. 0.
-0.570 0.822 0. 1506.097 -0.822 -0.570 0. 17.253 0. 0. 1. 0.
-0.568 0.823 0. 1504.429 -0.823 -0.568 0. 14.866 0. 0. 1. 0.
-0.569 0.823 0. 1502.782 -0.823 -0.569 0. 12.443 0. 0. 1. 0.
-0.568 0.823 0. 1501.164 -0.823 -0.568 0. 9.996 0. 0. 1. 0.
-0.567 0.824 0. 1499.475 -0.824 -0.567 0. 7.547 0. 0. 1. 0.
-0.565 0.825 0. 1497.803 -0.825 -0.565 0. 5.113 0. 0. 1. 0.
-0.565 0.825 0. 1496.086 -0.825 -0.565 0. 2.630 0. 0. 1. 0.
-0.565 0.825 0. 1494.418 -0.825 -0.565 0. 0.100 0. 0. 1. 0.
-0.564 0.825 0. 1492.703 -0.825 -0.564 0. -2.427 0. 0. 1. 0.
-0.564 0.826 0. 1491.008 -0.826 -0.564 0. -4.943 0. 0. 1. 0.
-0.564 0.826 0. 1489.299 -0.826 -0.564 0. -7.506 0. 0. 1. 0.
-0.565 0.825 0. 1487.607 -0.825 -0.565 0. -10.067 0. 0. 1. 0.
-0.565 0.825 0. 1485.837 -0.825 -0.565 0. -12.654 0. 0. 1. 0.
-0.565 0.825 0. 1484.044 -0.825 -0.565 0. -15.227 0. 0. 1. 0.
-0.565 0.825 0. 1482.267 -0.825 -0.565 0. -17.850 0. 0. 1. 0.
-0.566 0.824 0. 1480.493 -0.824 -0.566 0. -20.433 0. 0. 1. 0.
-0.567 0.824 0. 1478.685 -0.824 -0.567 0. -23.052 0. 0. 1. 0.
-0.568 0.823 0. 1476.907 -0.823 -0.568 0. -25.649 0. 0. 1. 0.
-0.568 0.823 0. 1475.178 -0.823 -0.568 0. -28.288 0. 0. 1. 0.
-0.570 0.822 0. 1473.332 -0.822 -0.570 0. -30.912 0. 0. 1. 0.
-0.570 0.822 0. 1471.543 -0.822 -0.570 0. -33.535 0. 0. 1. 0.
-0.571 0.821 0. 1469.691 -0.821 -0.571 0. -36.185 0. 0. 1. 0.
-0.572 0.820 0. 1467.892 -0.820 -0.572 0. -38.801 0. 0. 1. 0.
-0.575 0.818 0. 1466.044 -0.818 -0.575 0. -41.432 0. 0. 1. 0.
-0.573 0.819 0. 1464.306 -0.819 -0.573 0. -44.036 0. 0. 1. 0.
-0.572 0.820 0. 1462.391 -0.820 -0.572 0. -46.729 0. 0. 1. 0.
-0.570 0.822 0. 1460.598 -0.822 -0.570 0. -49.418 0. 0. 1. 0.
-0.569 0.823 0. 1458.775 -0.823 -0.569 0. -52.123 0. 0. 1. 0.
-0.570 0.822 0. 1456.912 -0.822 -0.570 0. -54.779 0. 0. 1. 0.
-0.569 0.822 0. 1455.036 -0.822 -0.569 0. -57.452 0. 0. 1. 0.
-0.567 0.824 0. 1453.254 -0.824 -0.567 0. -60.117 0. 0. 1. 0.
-0.567 0.824 0. 1451.337 -0.824 -0.567 0. -62.800 0. 0. 1. 0.
-0.568 0.823 0. 1449.454 -0.823 -0.568 0. -65.498 0. 0. 1. 0.
-0.566 0.824 0. 1447.573 -0.824 -0.566 0. -68.221 0. 0. 1. 0.
-0.566 0.824 0. 1445.720 -0.824 -0.566 0. -70.935 0. 0. 1. 0.
-0.564 0.826 0. 1443.863 -0.826 -0.564 0. -73.666 0. 0. 1. 0.
-0.565 0.825 0. 1441.996 -0.825 -0.565 0. -76.450 0. 0. 1. 0.
-0.564 0.826 0. 1440.086 -0.826 -0.564 0. -79.217 0. 0. 1. 0.
-0.564 0.825 0. 1438.271 -0.825 -0.564 0. -81.967 0. 0. 1. 0.
-0.565 0.825 0. 1436.417 -0.825 -0.565 0. -84.749 0. 0. 1. 0.
-0.563 0.826 0. 1434.523 -0.826 -0.563 0. -87.479 0. 0. 1. 0.
-0.562 0.827 0. 1432.647 -0.827 -0.562 0. -90.178 0. 0. 1. 0.
-0.562 0.827 0. 1430.919 -0.827 -0.562 0. -92.842 0. 0. 1. 0.
-0.561 0.828 0. 1428.986 -0.828 -0.561 0. -95.559 0. 0. 1. 0.
-0.561 0.828 0. 1427.200 -0.828 -0.561 0. -98.209 0. 0. 1. 0.
