1. 0. 0. 0. 0. -1. -0. 0. 0. 0. -1. 0.
1. 0.000 0. -0.005 0.000 -1. -0. 0.002 0. 0. -1. 0.
1. 0. 0. -0.002 0. -1. -0. -0.002 0. 0. -1. 0.
1. 0.000 0. -0.002 0.000 -1. -0. -0.002 0. 0. -1. 0.
1. 0.000 0. -0.005 0.000 -1. -0. -0.002 0. 0. -1. 0.
1. 0.000 0. -0.001 0.000 -1. -0. -0.002 0. 0. -1. 0.
1. 0. 0. -0.004 0. -1. -0. -0.002 0. 0. -1. 0.
1. 0. 0. 0.000 0. -1. -0. 0.007 0. 0. -1. 0.
1. -0.000 -0. 0.031 -0.000 -1. -0. 0.008 0. 0. -1. 0.
1. -0.001 -0. 0.071 -0.001 -1. -0. -0.004 0. 0. -1. 0.
1. -0.002 -0. 0.114 -0.002 -1. -0. -0.011 0. 0. -1. 0.
1. -0.005 -0. 0.182 -0.005 -1. -0. 0.010 0. 0. -1. 0.
1. -0.014 -0. 0.321 -0.014 -1. -0. -0.015 0. 0. -1. 0.
1.000 -0.030 -0. 0.493 -0.030 -1.000 -0. -0.081 0. 0. -1. 0.
0.999 -0.048 -0. 0.755 -0.048 -0.999 -0. -0.095 0. 0. -1. 0.
0.998 -0.069 -0. 1.044 -0.069 -0.998 -0. -0.129 0. 0. -1. 0.
0.996 -0.092 -0. 1.434 -0.092 -0.996 -0. -0.158 0. 0. -1. 0.
0.993 -0.117 -0. 1.847 -0.117 -0.993 -0. -0.225 0. 0. -1. 0.
0.990 -0.138 -0. 2.304 -0.138 -0.990 -0. -0.356 0. 0. -1. 0.
0.989 -0.147 -0. 2.833 -0.147 -0.989 -0. -0.413 0. 0. -1. 0.
0.988 -0.152 -0. 3.502 -0.152 -0.988 -0. -0.518 0. 0. -1. 0.
0.988 -0.156 -0. 4.117 -0.156 -0.988 -0. -0.650 0. 0. -1. 0.
0.988 -0.155 -0. 4.808 -0.155 -0.988 -0. -0.808 0. 0. -1. 0.
0.989 -0.146 -0. 5.571 -0.146 -0.989 -0. -0.865 0. 0. -1. 0.
0.990 -0.143 -0. 6.269 -0.143 -0.990 -0. -1.011 0. 0. -1. 0.
0.990 -0.138 -0. 7.099 -0.138 -0.990 -0. -1.181 0. 0. -1. 0.
0.991 -0.130 -0. 7.926 -0.130 -0.991 -0. -1.253 0. 0. -1. 0.
0.992 -0.124 -0. 8.834 -0.124 -0.992 -0. -1.392 0. 0. -1. 0.
0.993 -0.118 -0. 9.773 -0.118 -0.993 -0. -1.563 0. 0. -1. 0.
0.994 -0.113 -0. 10.727 -0.113 -0.994 -0. -1.629 0. 0. -1. 0.
0.995 -0.104 -0. 11.751 -0.104 -0.995 -0. -1.722 0. 0. -1. 0.
0.995 -0.104 -0. 12.825 -0.104 -0.995 -0. -1.865 0. 0. -1. 0.
0.994 -0.105 -0. 13.938 -0.105 -0.994 -0. -2.000 0. 0. -1. 0.
0.994 -0.106 -0. 15.023 -0.106 -0.994 -0. -2.191 0. 0. -1. 0.
0.994 -0.108 -0. 16.235 -0.108 -0.994 -0. -2.348 0. 0. -1. 0.
0.994 -0.107 -0. 17.560 -0.107 -0.994 -0. -2.473 0. 0. -1. 0.
0.995 -0.103 -0. 18.905 -0.103 -0.995 -0. -2.712 0. 0. -1. 0.
0.995 -0.095 -0. 20.345 -0.095 -0.995 -0. -2.868 0. 0. -1. 0.
0.996 -0.095 -0. 21.842 -0.095 -0.996 -0. -3.011 0. 0. -1. 0.
0.996 -0.093 -0. 23.462 -0.093 -0.996 -0. -3.265 0. 0. -1. 0.
0.996 -0.087 -0. 25.066 -0.087 -0.996 -0. -3.446 0. 0. -1. 0.
0.997 -0.080 -0. 26.708 -0.080 -0.997 -0. -3.587 0. 0. -1. 0.
0.997 -0.079 -0. 28.480 -0.079 -0.997 -0. -3.772 0. 0. -1. 0.
0.997 -0.075 -0. 30.195 -0.075 -0.997 -0. -3.982 0. 0. -1. 0.
0.998 -0.066 -0. 31.998 -0.066 -0.998 -0. -4.153 0. 0. -1. 0.
0.999 -0.051 -0. 33.815 -0.051 -0.999 -0. -4.285 0. 0. -1. 0.
0.999 -0.036 -0. 35.597 -0.036 -0.999 -0. -4.341 0. 0. -1. 0.
1.000 -0.026 -0. 37.509 -0.026 -1.000 -0. -4.421 0. 0. -1. 0.
1.000 -0.015 -0. 39.405 -0.015 -1.000 -0. -4.534 0. 0. -1. 0.
1. -0.002 -0. 41.369 -0.002 -1. -0. -4.531 0. 0. -1. 0.
1. 0.006 0. 43.380 0.006 -1. -0. -4.554 0. 0. -1. 0.
1.000 0.014 0. 45.357 0.014 -1.000 -0. -4.557 0. 0. -1. 0.
1.000 0.021 0. 47.457 0.021 -1.000 -0. -4.607 0. 0. -1. 0.
1.000 0.023 0. 49.574 0.023 -1.000 -0. -4.636 0. 0. -1. 0.
1.000 0.026 0. 51.708 0.026 -1.000 -0. -4.628 0. 0. -1. 0.
1.000 0.026 0. 53.862 0.026 -1.000 -0. -4.613 0. 0. -1. 0.
1.000 0.027 0. 56.060 0.027 -1.000 -0. -4.653 0. 0. -1. 0.
1.000 0.028 0. 58.314 0.028 -1.000 -0. -4.642 0. 0. -1. 0.
0.999 0.033 0. 60.491 0.033 -0.999 -0. -4.652 0. 0. -1. 0.
0.999 0.033 0. 62.717 0.033 -0.999 -0. -4.613 0. 0. -1. 0.
1.000 0.031 0. 64.913 0.031 -1.000 -0. -4.541 0. 0. -1. 0.
1.000 0.031 0. 67.109 0.031 -1.000 -0. -4.519 0. 0. -1. 0.
1.000 0.028 0. 69.295 0.028 -1.000 -0. -4.544 0. 0. -1. 0.
1.000 0.029 0. 71.468 0.029 -1.000 -0. -4.454 0. 0. -1. 0.
1.000 0.023 0. 73.681 0.023 -1.000 -0. -4.442 0. 0. -1. 0.
1. 0.014 0. 75.805 0.014 -1. -0. -4.459 0. 0. -1. 0.
1. -0.005 -0. 77.945 -0.005 -1. -0. -4.466 0. 0. -1. 0.
1.000 -0.031 -0. 80.059 -0.031 -1.000 -0. -4.586 0. 0. -1. 0.
0.998 -0.066 -0. 82.162 -0.066 -0.998 -0. -4.717 0. 0. -1. 0.
0.994 -0.109 -0. 84.297 -0.109 -0.994 -0. -4.985 0. 0. -1. 0.
0.989 -0.151 -0. 86.353 -0.151 -0.989 -0. -5.315 0. 0. -1. 0.
0.980 -0.200 -0. 88.411 -0.200 -0.980 -0. -5.683 0. 0. -1. 0.
0.968 -0.253 -0. 90.376 -0.253 -0.968 -0. -6.203 0. 0. -1. 0.
0.953 -0.304 -0. 92.279 -0.304 -0.953 -0. -6.869 0. 0. -1. 0.
0.936 -0.353 -0. 94.255 -0.353 -0.936 -0. -7.594 0. 0. -1. 0.
0.916 -0.402 -0. 96.143 -0.402 -0.916 -0. -8.387 0. 0. -1. 0.
0.892 -0.453 -0. 97.999 -0.453 -0.892 -0. -9.323 0. 0. -1. 0.
0.863 -0.505 -0. 99.687 -0.505 -0.863 -0. -10.405 0. 0. -1. 0.
0.830 -0.558 -0. 101.515 -0.558 -0.830 -0. -11.489 0. 0. -1. 0.
0.792 -0.610 -0. 103.095 -0.610 -0.792 -0. -12.744 0. 0. -1. 0.
0.748 -0.664 -0. 104.477 -0.664 -0.748 -0. -14.046 0. 0. -1. 0.
0.697 -0.717 -0. 105.901 -0.717 -0.697 -0. -15.448 0. 0. -1. 0.
0.641 -0.767 -0. 107.095 -0.767 -0.641 -0. -16.975 0. 0. -1. 0.
0.582 -0.813 -0. 108.175 -0.813 -0.582 -0. -18.525 0. 0. -1. 0.
0.523 -0.852 -0. 109.206 -0.852 -0.523 -0. -20.165 0. 0. -1. 0.
0.466 -0.885 -0. 110.093 -0.885 -0.466 -0. -21.932 0. 0. -1. 0.
0.414 -0.910 -0. 110.831 -0.910 -0.414 -0. -23.625 0. 0. -1. 0.
0.374 -0.927 -0. 111.524 -0.927 -0.374 -0. -25.491 0. 0. -1. 0.
0.350 -0.937 -0. 112.025 -0.937 -0.350 -0. -27.347 0. 0. -1. 0.
0.346 -0.938 -0. 112.770 -0.938 -0.346 -0. -29.146 0. 0. -1. 0.
0.348 -0.937 -0. 113.361 -0.937 -0.348 -0. -30.987 0. 0. -1. 0.
0.357 -0.934 -0. 114.108 -0.934 -0.357 -0. -32.790 0. 0. -1. 0.
0.367 -0.930 -0. 114.821 -0.930 -0.367 -0. -34.679 0. 0. -1. 0.
0.379 -0.925 -0. 115.540 -0.925 -0.379 -0. -36.520 0. 0. -1. 0.
0.394 -0.919 -0. 116.180 -0.919 -0.394 -0. -38.422 0. 0. -1. 0.
0.416 -0.910 -0. 117.028 -0.910 -0.416 -0. -40.324 0. 0. -1. 0.
0.438 -0.899 -0. 117.880 -0.899 -0.438 -0. -42.231 0. 0. -1. 0.
0.462 -0.887 -0. 118.786 -0.887 -0.462 -0. -44.072 0. 0. -1. 0.
0.487 -0.874 -0. 119.811 -0.874 -0.487 -0. -45.903 0. 0. -1. 0.
0.512 -0.859 -0. 120.690 -0.859 -0.512 -0. -47.714 0. 0. -1. 0.
0.540 -0.842 -0. 121.757 -0.842 -0.540 -0. -49.465 0. 0. -1. 0.
0.568 -0.823 -0. 122.970 -0.823 -0.568 -0. -51.223 0. 0. -1. 0.
0.595 -0.804 -0. 124.074 -0.804 -0.595 -0. -52.886 0. 0. -1. 0.
0.620 -0.784 -0. 125.292 -0.784 -0.620 -0. -54.541 0. 0. -1. 0.
0.644 -0.765 -0. 126.570 -0.765 -0.644 -0. -56.113 0. 0. -1. 0.
0.665 -0.746 -0. 127.732 -0.746 -0.665 -0. -57.656 0. 0. -1. 0.
0.680 -0.733 -0. 129.272 -0.733 -0.680 -0. -59.178 0. 0. -1. 0.
0.697 -0.717 -0. 130.539 -0.717 -0.697 -0. -60.561 0. 0. -1. 0.
0.708 -0.707 -0. 131.928 -0.707 -0.708 -0. -61.966 0. 0. -1. 0.
0.720 -0.694 -0. 133.264 -0.694 -0.720 -0. -63.361 0. 0. -1. 0.
0.732 -0.682 -0. 134.623 -0.682 -0.732 -0. -64.668 0. 0. -1. 0.
0.738 -0.675 -0. 136.056 -0.675 -0.738 -0. -66.059 0. 0. -1. 0.
0.736 -0.678 -0. 137.457 -0.678 -0.736 -0. -67.405 0. 0. -1. 0.
0.733 -0.680 -0. 138.756 -0.680 -0.733 -0. -68.623 0. 0. -1. 0.
0.729 -0.685 -0. 140.062 -0.685 -0.729 -0. -69.918 0. 0. -1. 0.
0.725 -0.688 -0. 141.274 -0.688 -0.725 -0. -71.094 0. 0. -1. 0.
0.727 -0.687 -0. 142.471 -0.687 -0.727 -0. -72.235 0. 0. -1. 0.
0.739 -0.673 -0. 143.596 -0.673 -0.739 -0. -73.279 0. 0. -1. 0.
0.768 -0.641 -0. 144.694 -0.641 -0.768 -0. -74.269 0. 0. -1. 0.
0.813 -0.583 -0. 145.759 -0.583 -0.813 -0. -75.187 0. 0. -1. 0.
0.864 -0.503 -0. 146.819 -0.503 -0.864 -0. -75.867 0. 0. -1. 0.
0.916 -0.401 -0. 147.833 -0.401 -0.916 -0. -76.356 0. 0. -1. 0.
0.961 -0.278 -0. 148.939 -0.278 -0.961 -0. -76.617 0. 0. -1. 0.
0.991 -0.135 -0. 150.010 -0.135 -0.991 -0. -76.737 0. 0. -1. 0.
1.000 0.017 0. 151.074 0.017 -1.000 -0. -76.694 0. 0. -1. 0.
0.985 0.174 0. 152. 0.174 -0.985 -0. -76.539 0. 0. -1. 0.
0.943 0.333 0. 152.957 0.333 -0.943 -0. -76.154 0. 0. -1. 0.
0.875 0.485 0. 153.829 0.485 -0.875 -0. -75.682 0. 0. -1. 0.
0.777 0.629 0. 154.687 0.629 -0.777 -0. -75.049 0. 0. -1. 0.
0.651 0.759 0. 155.283 0.759 -0.651 -0. -74.340 0. 0. -1. 0.
0.495 0.869 0. 155.822 0.869 -0.495 -0. -73.390 0. 0. -1. 0.
0.314 0.949 0. 156.214 0.949 -0.314 -0. -72.331 0. 0. -1. 0.
0.114 0.993 0. 156.330 0.993 -0.114 -0. -71.156 0. 0. -1. 0.
-0.092 0.996 0. 156.171 0.996 0.092 0. -69.974 0. 0. -1. 0.
-0.291 0.957 0. 155.832 0.957 0.291 0. -68.752 0. 0. -1. 0.
-0.476 0.880 0. 155.255 0.880 0.476 0. -67.575 0. 0. -1. 0.
-0.628 0.778 0. 154.302 0.778 0.628 0. -66.567 0. 0. -1. 0.
-0.748 0.663 0. 153.261 0.663 0.748 0. -65.628 0. 0. -1. 0.
-0.831 0.556 0. 152.062 0.556 0.831 0. -64.798 0. 0. -1. 0.
-0.886 0.463 0. 150.767 0.463 0.886 0. -64.037 0. 0. -1. 0.
-0.924 0.381 0. 149.335 0.381 0.924 0. -63.388 0. 0. -1. 0.
-0.944 0.329 0. 147.820 0.329 0.944 0. -62.931 0. 0. -1. 0.
-0.953 0.302 0. 146.240 0.302 0.953 0. -62.382 0. 0. -1. 0.
-0.959 0.285 0. 144.631 0.285 0.959 0. -61.985 0. 0. -1. 0.
-0.961 0.278 0. 143.041 0.278 0.961 0. -61.367 0. 0. -1. 0.
-0.961 0.275 0. 141.358 0.275 0.961 0. -60.985 0. 0. -1. 0.
-0.960 0.282 0. 139.673 0.282 0.960 0. -60.421 0. 0. -1. 0.
-0.952 0.306 0. 137.953 0.306 0.952 0. -59.887 0. 0. -1. 0.
-0.939 0.343 0. 136.245 0.343 0.939 0. -59.293 0. 0. -1. 0.
-0.922 0.386 0. 134.583 0.386 0.922 0. -58.453 0. 0. -1. 0.
-0.901 0.434 0. 132.906 0.434 0.901 0. -57.705 0. 0. -1. 0.
-0.872 0.489 0. 131.297 0.489 0.872 0. -56.761 0. 0. -1. 0.
-0.841 0.540 0. 129.707 0.540 0.841 0. -55.696 0. 0. -1. 0.
-0.807 0.591 0. 128.079 0.591 0.807 0. -54.516 0. 0. -1. 0.
-0.766 0.643 0. 126.653 0.643 0.766 0. -53.228 0. 0. -1. 0.
-0.721 0.693 0. 125.203 0.693 0.721 0. -51.831 0. 0. -1. 0.
-0.672 0.740 0. 123.867 0.740 0.672 0. -50.292 0. 0. -1. 0.
-0.620 0.785 0. 122.585 0.785 0.620 0. -48.717 0. 0. -1. 0.
-0.565 0.825 0. 121.492 0.825 0.565 0. -47.021 0. 0. -1. 0.
-0.513 0.858 0. 120.469 0.858 0.513 0. -45.273 0. 0. -1. 0.
-0.466 0.885 0. 119.520 0.885 0.466 0. -43.446 0. 0. -1. 0.
-0.423 0.906 0. 118.648 0.906 0.423 0. -41.577 0. 0. -1. 0.
-0.392 0.920 0. 117.973 0.920 0.392 0. -39.643 0. 0. -1. 0.
-0.371 0.929 0. 117.190 0.929 0.371 0. -37.679 0. 0. -1. 0.
-0.359 0.933 0. 116.510 0.933 0.359 0. -35.697 0. 0. -1. 0.
-0.349 0.937 0. 115.800 0.937 0.349 0. -33.761 0. 0. -1. 0.
-0.349 0.937 0. 115.172 0.937 0.349 0. -31.778 0. 0. -1. 0.
-0.352 0.936 0. 114.537 0.936 0.352 0. -29.757 0. 0. -1. 0.
-0.362 0.932 0. 113.767 0.932 0.362 0. -27.822 0. 0. -1. 0.
-0.376 0.927 0. 113.041 0.927 0.376 0. -25.900 0. 0. -1. 0.
-0.396 0.918 0. 112.273 0.918 0.396 0. -23.999 0. 0. -1. 0.
-0.418 0.908 0. 111.495 0.908 0.418 0. -22.123 0. 0. -1. 0.
-0.451 0.893 0. 110.603 0.893 0.451 0. -20.338 0. 0. -1. 0.
-0.496 0.868 0. 109.738 0.868 0.496 0. -18.512 0. 0. -1. 0.
-0.547 0.837 0. 108.725 0.837 0.547 0. -16.873 0. 0. -1. 0.
-0.602 0.799 0. 107.739 0.799 0.602 0. -15.279 0. 0. -1. 0.
-0.662 0.749 0. 106.582 0.749 0.662 0. -13.820 0. 0. -1. 0.
-0.720 0.694 0. 105.242 0.694 0.720 0. -12.410 0. 0. -1. 0.
-0.776 0.631 0. 103.802 0.631 0.776 0. -11.111 0. 0. -1. 0.
-0.822 0.569 0. 102.263 0.569 0.822 0. -9.934 0. 0. -1. 0.
-0.863 0.505 0. 100.562 0.505 0.863 0. -8.875 0. 0. -1. 0.
-0.899 0.439 0. 98.852 0.439 0.899 0. -8.028 0. 0. -1. 0.
-0.926 0.378 0. 96.977 0.378 0.926 0. -7.220 0. 0. -1. 0.
-0.948 0.318 0. 95.152 0.318 0.948 0. -6.515 0. 0. -1. 0.
-0.965 0.262 0. 93.197 0.262 0.965 0. -5.985 0. 0. -1. 0.
-0.977 0.214 0. 91.271 0.214 0.977 0. -5.542 0. 0. -1. 0.
-0.986 0.166 0. 89.275 0.166 0.986 0. -5.097 0. 0. -1. 0.
-0.993 0.120 0. 87.186 0.120 0.993 0. -4.795 0. 0. -1. 0.
-0.997 0.080 0. 85.072 0.080 0.997 0. -4.593 0. 0. -1. 0.
-0.999 0.048 0. 82.982 0.048 0.999 0. -4.507 0. 0. -1. 0.
-1.000 0.029 0. 80.798 0.029 1.000 0. -4.365 0. 0. -1. 0.
-1. 0.014 0. 78.600 0.014 1. 0. -4.320 0. 0. -1. 0.
-1. -0.001 -0. 76.363 -0.001 1. 0. -4.306 0. 0. -1. 0.
-1. -0.011 -0. 74.223 -0.011 1. 0. -4.351 0. 0. -1. 0.
-1.000 -0.018 -0. 72.029 -0.018 1.000 0. -4.285 0. 0. -1. 0.
-1.000 -0.023 -0. 69.760 -0.023 1.000 0. -4.272 0. 0. -1. 0.
-1.000 -0.030 -0. 67.618 -0.030 1.000 0. -4.298 0. 0. -1. 0.
-0.999 -0.032 -0. 65.415 -0.032 0.999 0. -4.307 0. 0. -1. 0.
-0.999 -0.032 -0. 63.257 -0.032 0.999 0. -4.353 0. 0. -1. 0.
-0.999 -0.032 -0. 61.115 -0.032 0.999 0. -4.383 0. 0. -1. 0.
-0.999 -0.035 -0. 58.964 -0.035 0.999 0. -4.388 0. 0. -1. 0.
-0.999 -0.034 -0. 56.788 -0.034 0.999 0. -4.354 0. 0. -1. 0.
-0.999 -0.034 -0. 54.660 -0.034 0.999 0. -4.366 0. 0. -1. 0.
-0.999 -0.036 -0. 52.595 -0.036 0.999 0. -4.383 0. 0. -1. 0.
-0.999 -0.035 -0. 50.482 -0.035 0.999 0. -4.425 0. 0. -1. 0.
-0.999 -0.037 -0. 48.427 -0.037 0.999 0. -4.467 0. 0. -1. 0.
-0.999 -0.037 -0. 46.402 -0.037 0.999 0. -4.568 0. 0. -1. 0.
-1.000 -0.031 -0. 44.369 -0.031 1.000 0. -4.506 0. 0. -1. 0.
-1.000 -0.024 -0. 42.383 -0.024 1.000 0. -4.531 0. 0. -1. 0.
-1.000 -0.015 -0. 40.370 -0.015 1.000 0. -4.570 0. 0. -1. 0.
-1. -0.001 -0. 38.338 -0.001 1. 0. -4.488 0. 0. -1. 0.
-1.000 0.017 0. 36.390 0.017 1.000 0. -4.487 0. 0. -1. 0.
-1.000 0.025 0. 34.367 0.025 1.000 0. -4.344 0. 0. -1. 0.
-0.999 0.039 0. 32.380 0.039 0.999 0. -4.186 0. 0. -1. 0.
-0.999 0.052 0. 30.365 0.052 0.999 0. -4.067 0. 0. -1. 0.
-0.998 0.060 0. 28.297 0.060 0.998 0. -3.793 0. 0. -1. 0.
-0.998 0.067 0. 26.302 0.067 0.998 0. -3.701 0. 0. -1. 0.
-0.997 0.073 0. 24.262 0.073 0.997 0. -3.473 0. 0. -1. 0.
-0.997 0.075 0. 22.183 0.075 0.997 0. -3.285 0. 0. -1. 0.
-0.997 0.079 0. 20.080 0.079 0.997 0. -3.091 0. 0. -1. 0.
-0.997 0.080 0. 17.959 0.080 0.997 0. -2.909 0. 0. -1. 0.
-0.997 0.082 0. 15.840 0.082 0.997 0. -2.749 0. 0. -1. 0.
-0.997 0.083 0. 13.772 0.083 0.997 0. -2.546 0. 0. -1. 0.
-0.996 0.087 0. 11.600 0.087 0.996 0. -2.357 0. 0. -1. 0.
-0.996 0.091 0. 9.492 0.091 0.996 0. -2.075 0. 0. -1. 0.
-0.996 0.091 0. 7.404 0.091 0.996 0. -1.825 0. 0. -1. 0.
-0.996 0.092 0. 5.337 0.092 0.996 0. -1.617 0. 0. -1. 0.
-0.996 0.091 0. 3.339 0.091 0.996 0. -1.382 0. 0. -1. 0.
-0.996 0.092 0. 1.441 0.092 0.996 0. -1.229 0. 0. -1. 0.
-0.996 0.089 0. -0.515 0.089 0.996 0. -0.941 0. 0. -1. 0.
-0.996 0.088 0. -2.443 0.088 0.996 0. -0.715 0. 0. -1. 0.
-0.997 0.081 0. -4.296 0.081 0.997 0. -0.583 0. 0. -1. 0.
-0.997 0.072 0. -6.139 0.072 0.997 0. -0.308 0. 0. -1. 0.
-0.997 0.071 0. -8.041 0.071 0.997 0. -0.181 0. 0. -1. 0.
-0.998 0.065 0. -9.927 0.065 0.998 0. -0.041 0. 0. -1. 0.
-0.998 0.061 0. -11.735 0.061 0.998 0. 0.126 0. 0. -1. 0.
-0.999 0.051 0. -13.583 0.051 0.999 0. 0.245 0. 0. -1. 0.
-0.999 0.051 0. -15.425 0.051 0.999 0. 0.392 0. 0. -1. 0.
-0.999 0.048 0. -17.260 0.048 0.999 0. 0.451 0. 0. -1. 0.
-0.999 0.043 0. -19.085 0.043 0.999 0. 0.637 0. 0. -1. 0.
-0.999 0.039 0. -20.937 0.039 0.999 0. 0.734 0. 0. -1. 0.
-0.999 0.037 0. -22.764 0.037 0.999 0. 0.906 0. 0. -1. 0.
-0.999 0.035 0. -24.586 0.035 0.999 0. 1.019 0. 0. -1. 0.
-0.999 0.034 0. -26.468 0.034 0.999 0. 1.106 0. 0. -1. 0.
-0.999 0.032 0. -28.401 0.032 0.999 0. 1.143 0. 0. -1. 0.
-1.000 0.029 0. -30.276 0.029 1.000 0. 1.250 0. 0. -1. 0.
-1.000 0.026 0. -32.329 0.026 1.000 0. 1.295 0. 0. -1. 0.
-1.000 0.022 0. -34.281 0.022 1.000 0. 1.407 0. 0. -1. 0.
-1.000 0.020 0. -36.375 0.020 1.000 0. 1.467 0. 0. -1. 0.
-1.000 0.019 0. -38.370 0.019 1.000 0. 1.576 0. 0. -1. 0.
-1.000 0.015 0. -40.395 0.015 1.000 0. 1.622 0. 0. -1. 0.
-1. 0.013 0. -42.416 0.013 1. 0. 1.664 0. 0. -1. 0.
-1. 0.009 0. -44.397 0.009 1. 0. 1.743 0. 0. -1. 0.
-1. 0.000 0. -46.382 0.000 1. 0. 1.761 0. 0. -1. 0.
-1. -0.005 -0. -48.289 -0.005 1. 0. 1.798 0. 0. -1. 0.
-1. -0.009 -0. -50.090 -0.009 1. 0. 1.832 0. 0. -1. 0.
-1.000 -0.015 -0. -51.936 -0.015 1.000 0. 1.796 0. 0. -1. 0.
-1.000 -0.020 -0. -53.625 -0.020 1.000 0. 1.809 0. 0. -1. 0.
-1.000 -0.027 -0. -55.234 -0.027 1.000 0. 1.756 0. 0. -1. 0.
-1.000 -0.028 -0. -56.840 -0.028 1.000 0. 1.697 0. 0. -1. 0.
-1.000 -0.023 -0. -58.324 -0.023 1.000 0. 1.718 0. 0. -1. 0.
-1. -0.010 -0. -59.805 -0.010 1. 0. 1.671 0. 0. -1. 0.
-1.000 0.016 0. -61.134 0.016 1.000 0. 1.775 0. 0. -1. 0.
-0.999 0.050 0. -62.360 0.050 0.999 0. 1.822 0. 0. -1. 0.
-0.996 0.093 0. -63.607 0.093 0.996 0. 2.003 0. 0. -1. 0.
-0.989 0.146 0. -64.729 0.146 0.989 0. 2.173 0. 0. -1. 0.
-0.977 0.211 0. -65.819 0.211 0.977 0. 2.450 0. 0. -1. 0.
-0.958 0.286 0. -66.898 0.286 0.958 0. 2.828 0. 0. -1. 0.
-0.926 0.378 0. -67.943 0.378 0.926 0. 3.251 0. 0. -1. 0.
-0.880 0.475 0. -68.891 0.475 0.880 0. 3.856 0. 0. -1. 0.
-0.817 0.577 0. -69.702 0.577 0.817 0. 4.393 0. 0. -1. 0.
-0.735 0.678 0. -70.488 0.678 0.735 0. 5.169 0. 0. -1. 0.
-0.635 0.772 0. -71.072 0.772 0.635 0. 6.048 0. 0. -1. 0.
-0.525 0.851 0. -71.668 0.851 0.525 0. 7.021 0. 0. -1. 0.
-0.409 0.913 0. -72.130 0.913 0.409 0. 8.126 0. 0. -1. 0.
-0.292 0.957 0. -72.606 0.957 0.292 0. 9.249 0. 0. -1. 0.
-0.198 0.980 0. -72.795 0.980 0.198 0. 10.478 0. 0. -1. 0.
-0.132 0.991 0. -72.998 0.991 0.132 0. 11.956 0. 0. -1. 0.
-0.090 0.996 0. -73.034 0.996 0.090 0. 13.479 0. 0. -1. 0.
-0.056 0.998 0. -73.011 0.998 0.056 0. 15.053 0. 0. -1. 0.
-0.035 0.999 0. -72.998 0.999 0.035 0. 16.705 0. 0. -1. 0.
-0.024 1.000 0. -72.934 1.000 0.024 0. 18.407 0. 0. -1. 0.
-0.015 1.000 0. -72.997 1.000 0.015 0. 20.133 0. 0. -1. 0.
-0.008 1. 0. -72.868 1. 0.008 0. 21.914 0. 0. -1. 0.
-0.004 1. 0. -72.958 1. 0.004 0. 23.758 0. 0. -1. 0.
-0.003 1. 0. -72.761 1. 0.003 0. 25.592 0. 0. -1. 0.
0.003 1. 0. -72.732 1. -0.003 -0. 27.457 0. 0. -1. 0.
0.016 1.000 0. -72.699 1.000 -0.016 -0. 29.352 0. 0. -1. 0.
0.023 1.000 0. -72.565 1.000 -0.023 -0. 31.202 0. 0. -1. 0.
0.038 0.999 0. -72.360 0.999 -0.038 -0. 33.116 0. 0. -1. 0.
0.058 0.998 0. -72.299 0.998 -0.058 -0. 34.990 0. 0. -1. 0.
0.078 0.997 0. -72.126 0.997 -0.078 -0. 36.905 0. 0. -1. 0.
0.097 0.995 0. -71.892 0.995 -0.097 -0. 38.763 0. 0. -1. 0.
0.107 0.994 0. -71.533 0.994 -0.107 -0. 40.702 0. 0. -1. 0.
0.111 0.994 0. -71.383 0.994 -0.111 -0. 42.405 0. 0. -1. 0.
0.113 0.994 0. -71.028 0.994 -0.113 -0. 44.335 0. 0. -1. 0.
0.100 0.995 0. -70.757 0.995 -0.100 -0. 46.157 0. 0. -1. 0.
0.090 0.996 0. -70.706 0.996 -0.090 -0. 47.972 0. 0. -1. 0.
0.075 0.997 0. -70.448 0.997 -0.075 -0. 49.826 0. 0. -1. 0.
0.062 0.998 0. -70.295 0.998 -0.062 -0. 51.770 0. 0. -1. 0.
0.051 0.999 0. -70.132 0.999 -0.051 -0. 53.672 0. 0. -1. 0.
0.041 0.999 0. -70.029 0.999 -0.041 -0. 55.647 0. 0. -1. 0.
0.028 1.000 0. -69.894 1.000 -0.028 -0. 57.562 0. 0. -1. 0.
0.024 1.000 0. -69.770 1.000 -0.024 -0. 59.544 0. 0. -1. 0.
0.016 1.000 0. -69.740 1.000 -0.016 -0. 61.447 0. 0. -1. 0.
0.009 1. 0. -69.659 1. -0.009 -0. 63.431 0. 0. -1. 0.
0.002 1. 0. -69.675 1. -0.002 -0. 65.304 0. 0. -1. 0.
-0.000 1. 0. -69.599 1. 0.000 0. 67.241 0. 0. -1. 0.
-0.005 1. 0. -69.530 1. 0.005 0. 69.141 0. 0. -1. 0.
-0.008 1. 0. -69.494 1. 0.008 0. 70.995 0. 0. -1. 0.
-0.016 1.000 0. -69.422 1.000 0.016 0. 72.880 0. 0. -1. 0.
-0.022 1.000 0. -69.494 1.000 0.022 0. 74.693 0. 0. -1. 0.
-0.026 1.000 0. -69.462 1.000 0.026 0. 76.478 0. 0. -1. 0.
-0.034 0.999 0. -69.526 0.999 0.034 0. 78.194 0. 0. -1. 0.
-0.053 0.999 0. -69.552 0.999 0.053 0. 79.959 0. 0. -1. 0.
-0.085 0.996 0. -69.677 0.996 0.085 0. 81.675 0. 0. -1. 0.
-0.127 0.992 0. -69.742 0.992 0.127 0. 83.305 0. 0. -1. 0.
-0.193 0.981 0. -70.049 0.981 0.193 0. 84.900 0. 0. -1. 0.
-0.263 0.965 0. -70.386 0.965 0.263 0. 86.555 0. 0. -1. 0.
-0.348 0.937 0. -70.872 0.937 0.348 0. 88.028 0. 0. -1. 0.
-0.442 0.897 0. -71.504 0.897 0.442 0. 89.472 0. 0. -1. 0.
-0.540 0.842 0. -72.255 0.842 0.540 0. 90.743 0. 0. -1. 0.
-0.636 0.771 0. -73.257 0.771 0.636 0. 91.975 0. 0. -1. 0.
-0.724 0.690 0. -74.246 0.690 0.724 0. 93.030 0. 0. -1. 0.
-0.798 0.603 0. -75.463 0.603 0.798 0. 93.928 0. 0. -1. 0.
-0.857 0.515 0. -76.699 0.515 0.857 0. 94.780 0. 0. -1. 0.
-0.901 0.433 0. -77.995 0.433 0.901 0. 95.410 0. 0. -1. 0.
-0.933 0.361 0. -79.298 0.361 0.933 0. 95.856 0. 0. -1. 0.
-0.955 0.298 0. -80.640 0.298 0.955 0. 96.324 0. 0. -1. 0.
-0.970 0.245 0. -82.039 0.245 0.970 0. 96.745 0. 0. -1. 0.
-0.979 0.204 0. -83.417 0.204 0.979 0. 97.064 0. 0. -1. 0.
-0.983 0.183 0. -84.939 0.183 0.983 0. 97.461 0. 0. -1. 0.
-0.983 0.184 0. -86.452 0.184 0.983 0. 97.731 0. 0. -1. 0.
-0.981 0.193 0. -88.048 0.193 0.981 0. 98.022 0. 0. -1. 0.
-0.975 0.224 0. -89.732 0.224 0.975 0. 98.500 0. 0. -1. 0.
-0.964 0.267 0. -91.347 0.267 0.964 0. 98.905 0. 0. -1. 0.
-0.946 0.323 0. -93.005 0.323 0.946 0. 99.462 0. 0. -1. 0.
-0.920 0.392 0. -94.650 0.392 0.920 0. 100.228 0. 0. -1. 0.
-0.887 0.461 0. -96.210 0.461 0.887 0. 101.105 0. 0. -1. 0.
-0.856 0.518 0. -97.745 0.518 0.856 0. 102.138 0. 0. -1. 0.
-0.826 0.564 0. -99.299 0.564 0.826 0. 103.236 0. 0. -1. 0.
-0.798 0.602 0. -100.853 0.602 0.798 0. 104.399 0. 0. -1. 0.
-0.774 0.633 0. -102.378 0.633 0.774 0. 105.661 0. 0. -1. 0.
-0.756 0.654 0. -103.867 0.654 0.756 0. 106.981 0. 0. -1. 0.
-0.742 0.671 0. -105.363 0.671 0.742 0. 108.414 0. 0. -1. 0.
-0.730 0.683 0. -106.837 0.683 0.730 0. 109.821 0. 0. -1. 0.
-0.720 0.694 0. -108.374 0.694 0.720 0. 111.267 0. 0. -1. 0.
-0.712 0.702 0. -109.842 0.702 0.712 0. 112.815 0. 0. -1. 0.
-0.707 0.708 0. -111.384 0.708 0.707 0. 114.324 0. 0. -1. 0.
-0.703 0.711 0. -112.830 0.711 0.703 0. 116.003 0. 0. -1. 0.
-0.702 0.712 0. -114.429 0.712 0.702 0. 117.678 0. 0. -1. 0.
-0.700 0.714 0. -115.882 0.714 0.700 0. 119.294 0. 0. -1. 0.
-0.701 0.713 0. -117.649 0.713 0.701 0. 121.046 0. 0. -1. 0.
-0.700 0.714 0. -119.204 0.714 0.700 0. 122.701 0. 0. -1. 0.
-0.701 0.713 0. -120.864 0.713 0.701 0. 124.582 0. 0. -1. 0.
-0.702 0.712 0. -122.570 0.712 0.702 0. 126.300 0. 0. -1. 0.
-0.703 0.711 0. -124.236 0.711 0.703 0. 128.180 0. 0. -1. 0.
-0.703 0.711 0. -125.975 0.711 0.703 0. 130.017 0. 0. -1. 0.
-0.704 0.710 0. -127.721 0.710 0.704 0. 131.884 0. 0. -1. 0.
-0.702 0.712 0. -129.482 0.712 0.702 0. 133.711 0. 0. -1. 0.
-0.703 0.711 0. -131.276 0.711 0.703 0. 135.569 0. 0. -1. 0.
-0.703 0.711 0. -132.932 0.711 0.703 0. 137.481 0. 0. -1. 0.
-0.702 0.712 0. -134.744 0.712 0.702 0. 139.353 0. 0. -1. 0.
-0.703 0.711 0. -136.451 0.711 0.703 0. 141.197 0. 0. -1. 0.
-0.702 0.712 0. -138.194 0.712 0.702 0. 143.057 0. 0. -1. 0.
-0.703 0.711 0. -139.958 0.711 0.703 0. 144.892 0. 0. -1. 0.
-0.700 0.714 0. -141.688 0.714 0.700 0. 146.764 0. 0. -1. 0.
-0.694 0.720 0. -143.374 0.720 0.694 0. 148.618 0. 0. -1. 0.
-0.687 0.727 0. -145.059 0.727 0.687 0. 150.412 0. 0. -1. 0.
-0.679 0.734 0. -146.763 0.734 0.679 0. 152.262 0. 0. -1. 0.
-0.666 0.746 0. -148.302 0.746 0.666 0. 154.159 0. 0. -1. 0.
-0.646 0.763 0. -149.945 0.763 0.646 0. 156.048 0. 0. -1. 0.
-0.621 0.784 0. -151.331 0.784 0.621 0. 157.965 0. 0. -1. 0.
-0.595 0.804 0. -152.768 0.804 0.595 0. 159.939 0. 0. -1. 0.
-0.564 0.825 0. -154.083 0.825 0.564 0. 161.964 0. 0. -1. 0.
-0.530 0.848 0. -155.337 0.848 0.530 0. 163.965 0. 0. -1. 0.
-0.492 0.871 0. -156.480 0.871 0.492 0. 166.022 0. 0. -1. 0.
-0.443 0.896 0. -157.492 0.896 0.443 0. 168.138 0. 0. -1. 0.
-0.398 0.917 0. -158.410 0.917 0.398 0. 170.310 0. 0. -1. 0.
-0.351 0.936 0. -159.194 0.936 0.351 0. 172.497 0. 0. -1. 0.
-0.303 0.953 0. -159.862 0.953 0.303 0. 174.730 0. 0. -1. 0.
-0.256 0.967 0. -160.462 0.967 0.256 0. 176.960 0. 0. -1. 0.
-0.213 0.977 0. -160.866 0.977 0.213 0. 179.246 0. 0. -1. 0.
-0.180 0.984 0. -161.315 0.984 0.180 0. 181.545 0. 0. -1. 0.
-0.150 0.989 0. -161.532 0.989 0.150 0. 183.848 0. 0. -1. 0.
-0.134 0.991 0. -161.888 0.991 0.134 0. 186.188 0. 0. -1. 0.
-0.121 0.993 0. -162.057 0.993 0.121 0. 188.553 0. 0. -1. 0.
-0.114 0.993 0. -162.283 0.993 0.114 0. 190.934 0. 0. -1. 0.
-0.111 0.994 0. -162.438 0.994 0.111 0. 193.339 0. 0. -1. 0.
-0.108 0.994 0. -162.611 0.994 0.108 0. 195.759 0. 0. -1. 0.
-0.109 0.994 0. -162.857 0.994 0.109 0. 198.187 0. 0. -1. 0.
-0.111 0.994 0. -162.873 0.994 0.111 0. 200.584 0. 0. -1. 0.
-0.117 0.993 0. -163.212 0.993 0.117 0. 203.005 0. 0. -1. 0.
-0.123 0.992 0. -163.478 0.992 0.123 0. 205.337 0. 0. -1. 0.
-0.137 0.991 0. -163.591 0.991 0.137 0. 207.659 0. 0. -1. 0.
-0.159 0.987 0. -163.976 0.987 0.159 0. 209.971 0. 0. -1. 0.
-0.191 0.982 0. -164.388 0.982 0.191 0. 212.288 0. 0. -1. 0.
-0.221 0.975 0. -164.852 0.975 0.221 0. 214.583 0. 0. -1. 0.
-0.251 0.968 0. -165.331 0.968 0.251 0. 216.760 0. 0. -1. 0.
-0.297 0.955 0. -165.929 0.955 0.297 0. 218.946 0. 0. -1. 0.
-0.350 0.937 0. -166.687 0.937 0.350 0. 220.978 0. 0. -1. 0.
-0.413 0.911 0. -167.501 0.911 0.413 0. 222.982 0. 0. -1. 0.
-0.483 0.875 0. -168.523 0.875 0.483 0. 224.944 0. 0. -1. 0.
-0.550 0.835 0. -169.657 0.835 0.550 0. 226.725 0. 0. -1. 0.
-0.614 0.790 0. -170.921 0.790 0.614 0. 228.409 0. 0. -1. 0.
-0.674 0.739 0. -172.304 0.739 0.674 0. 229.992 0. 0. -1. 0.
-0.731 0.682 0. -173.767 0.682 0.731 0. 231.510 0. 0. -1. 0.
-0.782 0.623 0. -175.457 0.623 0.782 0. 232.843 0. 0. -1. 0.
-0.827 0.562 0. -177.283 0.562 0.827 0. 234.147 0. 0. -1. 0.
-0.866 0.500 0. -179.066 0.500 0.866 0. 235.278 0. 0. -1. 0.
-0.896 0.444 0. -181.091 0.444 0.896 0. 236.261 0. 0. -1. 0.
-0.921 0.390 0. -182.997 0.390 0.921 0. 237.292 0. 0. -1. 0.
-0.937 0.349 0. -185.042 0.349 0.937 0. 238.097 0. 0. -1. 0.
-0.948 0.317 0. -187.172 0.317 0.948 0. 238.893 0. 0. -1. 0.
-0.955 0.295 0. -189.383 0.295 0.955 0. 239.621 0. 0. -1. 0.
-0.960 0.279 0. -191.578 0.279 0.960 0. 240.354 0. 0. -1. 0.
-0.963 0.269 0. -193.845 0.269 0.963 0. 240.997 0. 0. -1. 0.
-0.965 0.261 0. -196.101 0.261 0.965 0. 241.696 0. 0. -1. 0.
-0.966 0.258 0. -198.441 0.258 0.966 0. 242.357 0. 0. -1. 0.
-0.967 0.256 0. -200.796 0.256 0.967 0. 243.046 0. 0. -1. 0.
-0.966 0.258 0. -203.167 0.258 0.966 0. 243.737 0. 0. -1. 0.
-0.966 0.260 0. -205.453 0.260 0.966 0. 244.419 0. 0. -1. 0.
-0.965 0.261 0. -207.833 0.261 0.965 0. 245.102 0. 0. -1. 0.
-0.965 0.261 0. -210.154 0.261 0.965 0. 245.803 0. 0. -1. 0.
-0.965 0.264 0. -212.502 0.264 0.965 0. 246.460 0. 0. -1. 0.
-0.964 0.267 0. -214.817 0.267 0.964 0. 247.154 0. 0. -1. 0.
-0.963 0.270 0. -217.071 0.270 0.963 0. 247.815 0. 0. -1. 0.
-0.962 0.272 0. -219.391 0.272 0.962 0. 248.519 0. 0. -1. 0.
-0.962 0.274 0. -221.548 0.274 0.962 0. 249.222 0. 0. -1. 0.
-0.960 0.279 0. -223.677 0.279 0.960 0. 249.905 0. 0. -1. 0.
-0.958 0.286 0. -225.746 0.286 0.958 0. 250.619 0. 0. -1. 0.
-0.956 0.293 0. -227.749 0.293 0.956 0. 251.202 0. 0. -1. 0.
-0.954 0.301 0. -229.636 0.301 0.954 0. 251.833 0. 0. -1. 0.
-0.950 0.312 0. -231.414 0.312 0.950 0. 252.501 0. 0. -1. 0.
-0.944 0.331 0. -233.092 0.331 0.944 0. 253.194 0. 0. -1. 0.
-0.935 0.355 0. -234.557 0.355 0.935 0. 253.795 0. 0. -1. 0.
-0.924 0.383 0. -236.005 0.383 0.924 0. 254.387 0. 0. -1. 0.
-0.910 0.416 0. -237.297 0.416 0.910 0. 254.972 0. 0. -1. 0.
-0.897 0.441 0. -238.465 0.441 0.897 0. 255.634 0. 0. -1. 0.
-0.890 0.457 0. -239.552 0.457 0.890 0. 256.257 0. 0. -1. 0.
-0.886 0.463 0. -240.672 0.463 0.886 0. 256.820 0. 0. -1. 0.
-0.887 0.462 0. -241.775 0.462 0.887 0. 257.399 0. 0. -1. 0.
-0.889 0.457 0. -242.805 0.457 0.889 0. 257.952 0. 0. -1. 0.
-0.895 0.445 0. -243.786 0.445 0.895 0. 258.504 0. 0. -1. 0.
-0.903 0.429 0. -244.774 0.429 0.903 0. 258.957 0. 0. -1. 0.
-0.910 0.414 0. -245.633 0.414 0.910 0. 259.392 0. 0. -1. 0.
-0.912 0.410 0. -246.481 0.410 0.912 0. 259.903 0. 0. -1. 0.
-0.914 0.405 0. -247.393 0.405 0.914 0. 260.231 0. 0. -1. 0.
-0.915 0.403 0. -248.075 0.403 0.915 0. 260.606 0. 0. -1. 0.
-0.916 0.402 0. -248.773 0.402 0.916 0. 260.926 0. 0. -1. 0.
-0.914 0.405 0. -249.326 0.405 0.914 0. 261.207 0. 0. -1. 0.
-0.913 0.407 0. -249.835 0.407 0.913 0. 261.438 0. 0. -1. 0.
-0.913 0.407 0. -250.306 0.407 0.913 0. 261.680 0. 0. -1. 0.
-0.913 0.407 0. -250.790 0.407 0.913 0. 261.877 0. 0. -1. 0.
-0.912 0.410 0. -251.189 0.410 0.912 0. 262.042 0. 0. -1. 0.
-0.911 0.413 0. -251.468 0.413 0.911 0. 262.167 0. 0. -1. 0.
-0.910 0.414 0. -251.705 0.414 0.910 0. 262.309 0. 0. -1. 0.
-0.910 0.414 0. -251.940 0.414 0.910 0. 262.391 0. 0. -1. 0.
-0.909 0.417 0. -252.180 0.417 0.909 0. 262.495 0. 0. -1. 0.
-0.905 0.425 0. -252.450 0.425 0.905 0. 262.645 0. 0. -1. 0.
-0.902 0.431 0. -252.683 0.431 0.902 0. 262.749 0. 0. -1. 0.
-0.896 0.444 0. -253.090 0.444 0.896 0. 262.992 0. 0. -1. 0.
-0.887 0.462 0. -253.559 0.462 0.887 0. 263.253 0. 0. -1. 0.
-0.870 0.494 0. -254.126 0.494 0.870 0. 263.600 0. 0. -1. 0.
-0.847 0.531 0. -254.704 0.531 0.847 0. 263.950 0. 0. -1. 0.
-0.815 0.580 0. -255.358 0.580 0.815 0. 264.507 0. 0. -1. 0.
-0.769 0.639 0. -255.945 0.639 0.769 0. 265.004 0. 0. -1. 0.
-0.709 0.706 0. -256.573 0.706 0.709 0. 265.730 0. 0. -1. 0.
-0.634 0.774 0. -257.112 0.774 0.634 0. 266.489 0. 0. -1. 0.
-0.544 0.839 0. -257.652 0.839 0.544 0. 267.228 0. 0. -1. 0.
-0.458 0.889 0. -258.020 0.889 0.458 0. 268.100 0. 0. -1. 0.
-0.361 0.932 0. -258.296 0.932 0.361 0. 269.205 0. 0. -1. 0.
-0.259 0.966 0. -258.596 0.966 0.259 0. 270.248 0. 0. -1. 0.
-0.157 0.988 0. -258.721 0.988 0.157 0. 271.452 0. 0. -1. 0.
-0.064 0.998 0. -258.814 0.998 0.064 0. 272.794 0. 0. -1. 0.
0.010 1. 0. -258.729 1. -0.010 -0. 274.185 0. 0. -1. 0.
0.062 0.998 0. -258.557 0.998 -0.062 -0. 275.697 0. 0. -1. 0.
0.106 0.994 0. -258.378 0.994 -0.106 -0. 277.390 0. 0. -1. 0.
0.148 0.989 0. -258.068 0.989 -0.148 -0. 279.140 0. 0. -1. 0.
0.179 0.984 0. -257.716 0.984 -0.179 -0. 280.990 0. 0. -1. 0.
0.203 0.979 0. -257.261 0.979 -0.203 -0. 282.908 0. 0. -1. 0.
0.217 0.976 0. -256.790 0.976 -0.217 -0. 284.948 0. 0. -1. 0.
0.223 0.975 0. -256.218 0.975 -0.223 -0. 287.069 0. 0. -1. 0.
0.227 0.974 0. -255.668 0.974 -0.227 -0. 289.307 0. 0. -1. 0.
0.228 0.974 0. -255.110 0.974 -0.228 -0. 291.587 0. 0. -1. 0.
0.229 0.973 0. -254.465 0.973 -0.229 -0. 294.009 0. 0. -1. 0.
0.231 0.973 0. -253.793 0.973 -0.231 -0. 296.507 0. 0. -1. 0.
0.231 0.973 0. -253.161 0.973 -0.231 -0. 299.058 0. 0. -1. 0.
0.233 0.973 0. -252.449 0.973 -0.233 -0. 301.637 0. 0. -1. 0.
0.233 0.972 0. -251.739 0.972 -0.233 -0. 304.334 0. 0. -1. 0.
0.236 0.972 0. -251.021 0.972 -0.236 -0. 307.062 0. 0. -1. 0.
0.236 0.972 0. -250.236 0.972 -0.236 -0. 309.918 0. 0. -1. 0.
0.240 0.971 0. -249.450 0.971 -0.240 -0. 312.843 0. 0. -1. 0.
0.243 0.970 0. -248.662 0.970 -0.243 -0. 315.781 0. 0. -1. 0.
0.244 0.970 0. -247.788 0.970 -0.244 -0. 318.868 0. 0. -1. 0.
0.247 0.969 0. -246.907 0.969 -0.247 -0. 321.995 0. 0. -1. 0.
0.251 0.968 0. -246.034 0.968 -0.251 -0. 325.195 0. 0. -1. 0.
0.250 0.968 0. -245.064 0.968 -0.250 -0. 328.475 0. 0. -1. 0.
0.252 0.968 0. -244.107 0.968 -0.252 -0. 331.879 0. 0. -1. 0.
0.251 0.968 0. -243.099 0.968 -0.251 -0. 335.313 0. 0. -1. 0.
0.253 0.968 0. -242.190 0.968 -0.253 -0. 338.827 0. 0. -1. 0.
0.252 0.968 0. -241.112 0.968 -0.252 -0. 342.412 0. 0. -1. 0.
0.251 0.968 0. -240.161 0.968 -0.251 -0. 346.097 0. 0. -1. 0.
0.251 0.968 0. -239.048 0.968 -0.251 -0. 349.827 0. 0. -1. 0.
0.253 0.967 0. -237.972 0.967 -0.253 -0. 353.597 0. 0. -1. 0.
0.250 0.968 0. -236.870 0.968 -0.250 -0. 357.552 0. 0. -1. 0.
0.253 0.968 0. -235.696 0.968 -0.253 -0. 361.489 0. 0. -1. 0.
0.253 0.967 0. -234.513 0.967 -0.253 -0. 365.492 0. 0. -1. 0.
0.253 0.967 0. -233.360 0.967 -0.253 -0. 369.551 0. 0. -1. 0.
0.252 0.968 0. -232.231 0.968 -0.252 -0. 373.667 0. 0. -1. 0.
0.252 0.968 0. -231.063 0.968 -0.252 -0. 377.799 0. 0. -1. 0.
0.255 0.967 0. -229.866 0.967 -0.255 -0. 381.958 0. 0. -1. 0.
0.254 0.967 0. -228.670 0.967 -0.254 -0. 386.113 0. 0. -1. 0.
0.254 0.967 0. -227.459 0.967 -0.254 -0. 390.240 0. 0. -1. 0.
0.256 0.967 0. -226.281 0.967 -0.256 -0. 394.348 0. 0. -1. 0.
0.254 0.967 0. -225.040 0.967 -0.254 -0. 398.417 0. 0. -1. 0.
0.252 0.968 0. -223.931 0.968 -0.252 -0. 402.509 0. 0. -1. 0.
0.250 0.968 0. -222.806 0.968 -0.250 -0. 406.595 0. 0. -1. 0.
0.248 0.969 0. -221.681 0.969 -0.248 -0. 410.634 0. 0. -1. 0.
0.248 0.969 0. -220.495 0.969 -0.248 -0. 414.639 0. 0. -1. 0.
0.246 0.969 0. -219.441 0.969 -0.246 -0. 418.641 0. 0. -1. 0.
0.246 0.969 0. -218.281 0.969 -0.246 -0. 422.578 0. 0. -1. 0.
0.245 0.969 0. -217.177 0.969 -0.245 -0. 426.537 0. 0. -1. 0.
0.245 0.969 0. -216.100 0.969 -0.245 -0. 430.442 0. 0. -1. 0.
0.246 0.969 0. -215.040 0.969 -0.246 -0. 434.332 0. 0. -1. 0.
0.246 0.969 0. -213.895 0.969 -0.246 -0. 438.178 0. 0. -1. 0.
0.245 0.969 0. -212.876 0.969 -0.245 -0. 442.026 0. 0. -1. 0.
0.246 0.969 0. -211.808 0.969 -0.246 -0. 445.859 0. 0. -1. 0.
0.246 0.969 0. -210.759 0.969 -0.246 -0. 449.632 0. 0. -1. 0.
0.247 0.969 0. -209.695 0.969 -0.247 -0. 453.400 0. 0. -1. 0.
0.248 0.969 0. -208.631 0.969 -0.248 -0. 457.154 0. 0. -1. 0.
0.249 0.969 0. -207.563 0.969 -0.249 -0. 460.892 0. 0. -1. 0.
0.250 0.968 0. -206.521 0.968 -0.250 -0. 464.599 0. 0. -1. 0.
0.252 0.968 0. -205.447 0.968 -0.252 -0. 468.265 0. 0. -1. 0.
0.253 0.967 0. -204.400 0.967 -0.253 -0. 471.938 0. 0. -1. 0.
0.253 0.967 0. -203.357 0.967 -0.253 -0. 475.573 0. 0. -1. 0.
0.251 0.968 0. -202.315 0.968 -0.251 -0. 479.174 0. 0. -1. 0.
0.252 0.968 0. -201.296 0.968 -0.252 -0. 482.731 0. 0. -1. 0.
0.250 0.968 0. -200.343 0.968 -0.250 -0. 486.246 0. 0. -1. 0.
0.250 0.968 0. -199.296 0.968 -0.250 -0. 489.720 0. 0. -1. 0.
0.249 0.969 0. -198.364 0.969 -0.249 -0. 493.121 0. 0. -1. 0.
0.249 0.968 0. -197.385 0.968 -0.249 -0. 496.505 0. 0. -1. 0.
0.250 0.968 0. -196.536 0.968 -0.250 -0. 499.804 0. 0. -1. 0.
0.251 0.968 0. -195.596 0.968 -0.251 -0. 503.063 0. 0. -1. 0.
0.252 0.968 0. -194.684 0.968 -0.252 -0. 506.265 0. 0. -1. 0.
0.254 0.967 0. -193.785 0.967 -0.254 -0. 509.407 0. 0. -1. 0.
0.257 0.966 0. -192.911 0.966 -0.257 -0. 512.490 0. 0. -1. 0.
0.257 0.966 0. -192.004 0.966 -0.257 -0. 515.532 0. 0. -1. 0.
0.257 0.966 0. -191.111 0.966 -0.257 -0. 518.493 0. 0. -1. 0.
0.258 0.966 0. -190.330 0.966 -0.258 -0. 521.459 0. 0. -1. 0.
0.260 0.966 0. -189.472 0.966 -0.260 -0. 524.310 0. 0. -1. 0.
0.261 0.965 0. -188.668 0.965 -0.261 -0. 527.117 0. 0. -1. 0.
0.261 0.965 0. -187.888 0.965 -0.261 -0. 529.772 0. 0. -1. 0.
0.261 0.965 0. -187.139 0.965 -0.261 -0. 532.397 0. 0. -1. 0.
0.261 0.965 0. -186.394 0.965 -0.261 -0. 534.855 0. 0. -1. 0.
0.261 0.965 0. -185.670 0.965 -0.261 -0. 537.233 0. 0. -1. 0.
0.260 0.966 0. -185.008 0.966 -0.260 -0. 539.452 0. 0. -1. 0.
0.260 0.966 0. -184.426 0.966 -0.260 -0. 541.580 0. 0. -1. 0.
0.259 0.966 0. -183.875 0.966 -0.259 -0. 543.534 0. 0. -1. 0.
0.257 0.966 0. -183.339 0.966 -0.257 -0. 545.348 0. 0. -1. 0.
0.255 0.967 0. -182.848 0.967 -0.255 -0. 546.962 0. 0. -1. 0.
0.254 0.967 0. -182.427 0.967 -0.254 -0. 548.448 0. 0. -1. 0.
0.252 0.968 0. -182.085 0.968 -0.252 -0. 549.806 0. 0. -1. 0.
0.250 0.968 0. -181.745 0.968 -0.250 -0. 550.969 0. 0. -1. 0.
0.247 0.969 0. -181.472 0.969 -0.247 -0. 551.972 0. 0. -1. 0.
0.245 0.969 0. -181.223 0.969 -0.245 -0. 552.891 0. 0. -1. 0.
0.244 0.970 0. -181.003 0.970 -0.244 -0. 553.679 0. 0. -1. 0.
0.242 0.970 0. -180.833 0.970 -0.242 -0. 554.390 0. 0. -1. 0.
0.239 0.971 0. -180.666 0.971 -0.239 -0. 554.967 0. 0. -1. 0.
0.236 0.972 0. -180.558 0.972 -0.236 -0. 555.437 0. 0. -1. 0.
0.235 0.972 0. -180.473 0.972 -0.235 -0. 555.890 0. 0. -1. 0.
0.234 0.972 0. -180.351 0.972 -0.234 -0. 556.197 0. 0. -1. 0.
0.234 0.972 0. -180.290 0.972 -0.234 -0. 556.489 0. 0. -1. 0.
0.233 0.973 0. -180.217 0.973 -0.233 -0. 556.712 0. 0. -1. 0.
0.232 0.973 0. -180.179 0.973 -0.232 -0. 556.930 0. 0. -1. 0.
0.231 0.973 0. -180.161 0.973 -0.231 -0. 557.090 0. 0. -1. 0.
0.230 0.973 0. -180.117 0.973 -0.230 -0. 557.219 0. 0. -1. 0.
0.232 0.973 0. -180.129 0.973 -0.232 -0. 557.348 0. 0. -1. 0.
0.231 0.973 0. -180.069 0.973 -0.231 -0. 557.401 0. 0. -1. 0.
0.232 0.973 0. -180.037 0.973 -0.232 -0. 557.449 0. 0. -1. 0.
0.231 0.973 0. -180.039 0.973 -0.231 -0. 557.457 0. 0. -1. 0.
0.232 0.973 0. -180.025 0.973 -0.232 -0. 557.458 0. 0. -1. 0.
0.231 0.973 0. -180.037 0.973 -0.231 -0. 557.451 0. 0. -1. 0.
0.231 0.973 0. -180.033 0.973 -0.231 -0. 557.454 0. 0. -1. 0.
0.231 0.973 0. -180.033 0.973 -0.231 -0. 557.451 0. 0. -1. 0.
0.231 0.973 0. -180.035 0.973 -0.231 -0. 557.454 0. 0. -1. 0.
0.231 0.973 0. -180.029 0.973 -0.231 -0. 557.455 0. 0. -1. 0.
0.231 0.973 0. -180.040 0.973 -0.231 -0. 557.457 0. 0. -1. 0.
0.231 0.973 0. -180.035 0.973 -0.231 -0. 557.461 0. 0. -1. 0.
0.231 0.973 0. -180.037 0.973 -0.231 -0. 557.457 0. 0. -1. 0.
0.231 0.973 0. -180.033 0.973 -0.231 -0. 557.461 0. 0. -1. 0.
0.231 0.973 0. -180.038 0.973 -0.231 -0. 557.464 0. 0. -1. 0.
0.231 0.973 0. -180.025 0.973 -0.231 -0. 557.460 0. 0. -1. 0.
0.231 0.973 0. -180.028 0.973 -0.231 -0. 557.461 0. 0. -1. 0.
0.231 0.973 0. -180.038 0.973 -0.231 -0. 557.472 0. 0. -1. 0.
0.231 0.973 0. -180.038 0.973 -0.231 -0. 557.476 0. 0. -1. 0.
0.231 0.973 0. -180.025 0.973 -0.231 -0. 557.470 0. 0. -1. 0.
0.231 0.973 0. -180.027 0.973 -0.231 -0. 557.458 0. 0. -1. 0.
0.231 0.973 0. -180.035 0.973 -0.231 -0. 557.468 0. 0. -1. 0.
0.231 0.973 0. -180.026 0.973 -0.231 -0. 557.459 0. 0. -1. 0.
0.231 0.973 0. -180.032 0.973 -0.231 -0. 557.458 0. 0. -1. 0.
0.231 0.973 0. -180.035 0.973 -0.231 -0. 557.450 0. 0. -1. 0.
0.232 0.973 0. -180.037 0.973 -0.232 -0. 557.464 0. 0. -1. 0.
0.232 0.973 0. -180.034 0.973 -0.232 -0. 557.456 0. 0. -1. 0.
0.232 0.973 0. -180.052 0.973 -0.232 -0. 557.463 0. 0. -1. 0.
0.232 0.973 0. -180.064 0.973 -0.232 -0. 557.454 0. 0. -1. 0.
0.232 0.973 0. -180.063 0.973 -0.232 -0. 557.456 0. 0. -1. 0.
0.232 0.973 0. -180.056 0.973 -0.232 -0. 557.445 0. 0. -1. 0.
0.232 0.973 0. -180.048 0.973 -0.232 -0. 557.444 0. 0. -1. 0.
0.231 0.973 0. -180.041 0.973 -0.231 -0. 557.434 0. 0. -1. 0.
0.231 0.973 0. -180.057 0.973 -0.231 -0. 557.450 0. 0. -1. 0.
0.231 0.973 0. -180.040 0.973 -0.231 -0. 557.446 0. 0. -1. 0.
0.231 0.973 0. -180.046 0.973 -0.231 -0. 557.462 0. 0. -1. 0.
0.231 0.973 0. -180.045 0.973 -0.231 -0. 557.457 0. 0. -1. 0.
0.231 0.973 0. -180.042 0.973 -0.231 -0. 557.449 0. 0. -1. 0.
0.231 0.973 0. -180.025 0.973 -0.231 -0. 557.459 0. 0. -1. 0.
0.231 0.973 0. -180.026 0.973 -0.231 -0. 557.468 0. 0. -1. 0.
0.231 0.973 0. -180.013 0.973 -0.231 -0. 557.467 0. 0. -1. 0.
0.231 0.973 0. -180.039 0.973 -0.231 -0. 557.454 0. 0. -1. 0.
0.231 0.973 0. -180.034 0.973 -0.231 -0. 557.447 0. 0. -1. 0.
0.231 0.973 0. -180.051 0.973 -0.231 -0. 557.452 0. 0. -1. 0.
0.231 0.973 0. -180.045 0.973 -0.231 -0. 557.451 0. 0. -1. 0.
0.231 0.973 0. -180.051 0.973 -0.231 -0. 557.461 0. 0. -1. 0.
0.231 0.973 0. -180.041 0.973 -0.231 -0. 557.454 0. 0. -1. 0.
0.231 0.973 0. -180.042 0.973 -0.231 -0. 557.455 0. 0. -1. 0.
0.231 0.973 0. -180.030 0.973 -0.231 -0. 557.455 0. 0. -1. 0.
0.231 0.973 0. -180.038 0.973 -0.231 -0. 557.456 0. 0. -1. 0.
0.231 0.973 0. -180.035 0.973 -0.231 -0. 557.444 0. 0. -1. 0.
0.231 0.973 0. -180.034 0.973 -0.231 -0. 557.457 0. 0. -1. 0.
0.231 0.973 0. -180.035 0.973 -0.231 -0. 557.453 0. 0. -1. 0.
0.231 0.973 0. -180.047 0.973 -0.231 -0. 557.457 0. 0. -1. 0.
0.231 0.973 0. -180.041 0.973 -0.231 -0. 557.450 0. 0. -1. 0.
0.231 0.973 0. -180.035 0.973 -0.231 -0. 557.452 0. 0. -1. 0.
0.231 0.973 0. -180.058 0.973 -0.231 -0. 557.449 0. 0. -1. 0.
0.231 0.973 0. -180.051 0.973 -0.231 -0. 557.454 0. 0. -1. 0.
0.231 0.973 0. -180.048 0.973 -0.231 -0. 557.460 0. 0. -1. 0.
0.231 0.973 0. -180.032 0.973 -0.231 -0. 557.463 0. 0. -1. 0.
0.231 0.973 0. -180.043 0.973 -0.231 -0. 557.456 0. 0. -1. 0.
0.231 0.973 0. -180.041 0.973 -0.231 -0. 557.457 0. 0. -1. 0.
0.231 0.973 0. -180.054 0.973 -0.231 -0. 557.458 0. 0. -1. 0.
0.231 0.973 0. -180.046 0.973 -0.231 -0. 557.465 0. 0. -1. 0.
0.231 0.973 0. -180.057 0.973 -0.231 -0. 557.457 0. 0. -1. 0.
0.231 0.973 0. -180.045 0.973 -0.231 -0. 557.452 0. 0. -1. 0.
0.231 0.973 0. -180.046 0.973 -0.231 -0. 557.455 0. 0. -1. 0.
0.231 0.973 0. -180.060 0.973 -0.231 -0. 557.450 0. 0. -1. 0.
0.231 0.973 0. -180.036 0.973 -0.231 -0. 557.446 0. 0. -1. 0.
0.231 0.973 0. -180.029 0.973 -0.231 -0. 557.459 0. 0. -1. 0.
0.230 0.973 0. -180.030 0.973 -0.230 -0. 557.443 0. 0. -1. 0.
0.231 0.973 0. -180.025 0.973 -0.231 -0. 557.453 0. 0. -1. 0.
0.231 0.973 0. -180.032 0.973 -0.231 -0. 557.451 0. 0. -1. 0.
0.231 0.973 0. -180.032 0.973 -0.231 -0. 557.465 0. 0. -1. 0.
0.231 0.973 0. -180.024 0.973 -0.231 -0. 557.456 0. 0. -1. 0.
0.231 0.973 0. -180.038 0.973 -0.231 -0. 557.449 0. 0. -1. 0.
0.231 0.973 0. -180.038 0.973 -0.231 -0. 557.454 0. 0. -1. 0.
0.231 0.973 0. -180.034 0.973 -0.231 -0. 557.450 0. 0. -1. 0.
0.231 0.973 0. -180.029 0.973 -0.231 -0. 557.455 0. 0. -1. 0.
0.231 0.973 0. -180.045 0.973 -0.231 -0. 557.471 0. 0. -1. 0.
0.231 0.973 0. -180.025 0.973 -0.231 -0. 557.465 0. 0. -1. 0.
0.232 0.973 0. -180.046 0.973 -0.232 -0. 557.467 0. 0. -1. 0.
0.231 0.973 0. -180.047 0.973 -0.231 -0. 557.461 0. 0. -1. 0.
