1610731064202404 1.00000 0.00000 0.00000 -0.00000 0.00000 -1.00000 0.00000 0.00000 0.00000 -0.00000 -1.00000 0.00000
1610731064451781 1.00000 -0.00049 0.00000 -0.00590 -0.00049 -1.00000 0.00000 0.01404 -0.00000 -0.00000 -1.00000 0.00000
1610731064701159 1.00000 -0.00042 0.00000 -0.00630 -0.00042 -1.00000 0.00000 -0.00622 -0.00000 -0.00000 -1.00000 -0.00000
1610731064951160 1.00000 0.00004 0.00000 -0.02220 0.00004 -1.00000 0.00000 -0.01036 0.00000 -0.00000 -1.00000 -0.00000
1610731065201796 1.00000 0.00042 0.00000 -0.00065 0.00042 -1.00000 0.00000 0.02865 0.00000 -0.00000 -1.00000 0.00000
1610731065451793 1.00000 0.00004 0.00000 -0.00045 0.00004 -1.00000 0.00000 -0.00706 0.00000 -0.00000 -1.00000 -0.00000
1610731065702438 1.00000 -0.00107 0.00000 0.00717 -0.00107 -1.00000 0.00000 0.03225 -0.00000 -0.00000 -1.00000 0.00000
1610731065952419 1.00000 -0.00149 -0.00000 0.00490 -0.00149 -1.00000 0.00000 -0.00813 -0.00000 -0.00000 -1.00000 -0.00000
1610731066203056 1.00000 -0.00229 0.00000 0.01514 -0.00229 -1.00000 0.00000 0.03159 -0.00000 -0.00000 -1.00000 0.00000
1610731066453063 1.00000 -0.00067 0.00000 -0.00398 -0.00067 -1.00000 0.00000 -0.01268 -0.00000 -0.00000 -1.00000 -0.00000
1610731066703685 0.99999 -0.00420 0.00000 -0.00757 -0.00420 -0.99999 0.00000 0.03775 -0.00000 -0.00000 -1.00000 0.00000
1610731066953694 1.00000 -0.00225 0.00000 -0.01348 -0.00225 -1.00000 0.00000 0.06502 -0.00000 -0.00000 -1.00000 0.00000
1610731067202442 1.00000 -0.00021 0.00000 -0.00508 -0.00021 -1.00000 0.00000 -0.01214 -0.00000 -0.00000 -1.00000 -0.00000
1610731067451821 1.00000 -0.00128 0.00000 0.00230 -0.00128 -1.00000 0.00000 0.01866 -0.00000 -0.00000 -1.00000 0.00000
1610731067700573 1.00000 0.00017 0.00000 0.01681 0.00017 -1.00000 0.00000 0.01622 0.00000 -0.00000 -1.00000 0.00000
1610731067950576 1.00000 -0.00034 0.00000 -0.00492 -0.00034 -1.00000 0.00000 0.03817 -0.00000 -0.00000 -1.00000 0.00000
1610731068200579 1.00000 0.00048 0.00000 0.00930 0.00048 -1.00000 0.00000 0.04378 0.00000 -0.00000 -1.00000 0.00000
1610731068450578 0.99998 -0.00649 0.00000 -0.03835 -0.00649 -0.99998 0.00000 0.00774 -0.00000 -0.00000 -1.00000 0.00000
1610731068701210 0.99999 -0.00373 0.00000 0.01201 -0.00373 -0.99999 0.00000 0.02440 -0.00000 -0.00000 -1.00000 0.00000
1610731068951216 1.00000 0.00006 -0.00000 -0.01097 0.00006 -1.00000 0.00000 -0.00653 0.00000 -0.00000 -1.00000 -0.00000
1610731069201845 1.00000 -0.00302 -0.00000 -0.00430 -0.00302 -1.00000 0.00000 0.03998 -0.00000 -0.00000 -1.00000 0.00000
1610731069451854 1.00000 0.00014 0.00000 0.01250 0.00014 -1.00000 0.00000 0.03608 0.00000 -0.00000 -1.00000 0.00000
1610731069701843 1.00000 -0.00000 0.00000 -0.00577 -0.00000 -1.00000 0.00000 -0.00582 -0.00000 -0.00000 -1.00000 -0.00000
1610731069952474 1.00000 -0.00286 0.00000 -0.00495 -0.00286 -1.00000 0.00000 0.04667 -0.00000 -0.00000 -1.00000 0.00000
1610731070202487 1.00000 -0.00258 0.00000 0.01145 -0.00258 -1.00000 0.00000 -0.01740 -0.00000 -0.00000 -1.00000 -0.00000
1610731070453110 0.99997 -0.00714 0.00000 -0.00913 -0.00714 -0.99997 0.00000 0.03492 -0.00000 -0.00000 -1.00000 0.00000
1610731070702486 1.00000 -0.00263 0.00000 0.00935 -0.00263 -1.00000 0.00000 -0.09098 -0.00000 -0.00000 -1.00000 -0.00000
1610731070953114 0.99999 -0.00387 0.00000 -0.00627 -0.00387 -0.99999 0.00000 0.05928 -0.00000 -0.00000 -1.00000 0.00000
1610731071203123 0.99999 -0.00432 0.00000 -0.01977 -0.00432 -0.99999 0.00000 -0.00266 -0.00000 -0.00000 -1.00000 -0.00000
1610731071453123 1.00000 -0.00105 0.00000 0.00517 -0.00105 -1.00000 0.00000 0.01599 -0.00000 -0.00000 -1.00000 0.00000
1610731071702502 1.00000 0.00184 0.00000 0.00897 0.00184 -1.00000 0.00000 -0.00196 0.00000 -0.00000 -1.00000 -0.00000
1610731071952500 0.99999 -0.00325 0.00000 -0.00666 -0.00325 -0.99999 0.00000 0.03510 -0.00000 -0.00000 -1.00000 0.00000
1610731072201883 1.00000 -0.00110 0.00000 0.02672 -0.00110 -1.00000 0.00000 -0.01136 -0.00000 -0.00000 -1.00000 -0.00000
1610731072451889 1.00000 0.00023 0.00000 0.00085 0.00023 -1.00000 0.00000 -0.00782 0.00000 -0.00000 -1.00000 -0.00000
1610731072701894 1.00000 -0.00264 0.00000 -0.00548 -0.00264 -1.00000 0.00000 -0.02032 -0.00000 -0.00000 -1.00000 -0.00000
1610731072952514 1.00000 -0.00297 -0.00000 0.02101 -0.00297 -1.00000 0.00000 0.03274 -0.00000 -0.00000 -1.00000 0.00000
1610731073202533 1.00000 0.00028 -0.00000 0.00292 0.00028 -1.00000 0.00000 -0.01243 0.00000 -0.00000 -1.00000 -0.00000
1610731073453145 1.00000 -0.00268 0.00000 -0.00252 -0.00268 -1.00000 0.00000 0.03645 -0.00000 -0.00000 -1.00000 0.00000
1610731073703155 1.00000 0.00099 0.00000 0.00990 0.00099 -1.00000 0.00000 0.03161 0.00000 -0.00000 -1.00000 0.00000
1610731073953147 1.00000 -0.00023 0.00000 -0.00929 -0.00023 -1.00000 0.00000 -0.00066 -0.00000 -0.00000 -1.00000 -0.00000
1610731074203156 1.00000 0.00033 0.00000 0.02709 0.00033 -1.00000 0.00000 -0.01403 0.00000 -0.00000 -1.00000 -0.00000
1610731074453166 1.00000 -0.00144 0.00000 -0.00438 -0.00144 -1.00000 0.00000 0.04847 -0.00000 -0.00000 -1.00000 0.00000
1610731074701915 1.00000 0.00001 0.00000 0.00400 0.00001 -1.00000 0.00000 -0.00737 0.00000 -0.00000 -1.00000 -0.00000
1610731074951297 1.00000 -0.00310 0.00000 -0.01238 -0.00310 -1.00000 0.00000 0.01983 -0.00000 -0.00000 -1.00000 0.00000
1610731075201297 0.99998 -0.00681 0.00000 0.00148 -0.00681 -0.99998 0.00000 0.03594 -0.00000 -0.00000 -1.00000 0.00000
1610731075450674 1.00000 -0.00253 0.00000 0.00913 -0.00253 -1.00000 0.00000 -0.05656 -0.00000 -0.00000 -1.00000 -0.00000
1610731075700681 0.99999 -0.00349 0.00000 -0.01455 -0.00349 -0.99999 0.00000 0.02388 -0.00000 -0.00000 -1.00000 0.00000
1610731075951302 1.00000 0.00054 0.00000 0.00842 0.00054 -1.00000 0.00000 0.03129 0.00000 -0.00000 -1.00000 0.00000
1610731076201307 1.00000 0.00025 -0.00000 -0.00171 0.00025 -1.00000 0.00000 0.02134 0.00000 -0.00000 -1.00000 0.00000
1610731076451941 0.99999 -0.00395 0.00000 0.00466 -0.00395 -0.99999 0.00000 0.03905 -0.00000 -0.00000 -1.00000 0.00000
1610731076701944 1.00000 0.00011 0.00000 -0.00001 0.00011 -1.00000 0.00000 -0.00420 0.00000 -0.00000 -1.00000 -0.00000
1610731076951946 0.99999 -0.00417 0.00000 -0.01878 -0.00417 -0.99999 0.00000 -0.00208 -0.00000 -0.00000 -1.00000 -0.00000
1610731077202573 1.00000 -0.00258 -0.00000 0.02575 -0.00258 -1.00000 0.00000 0.02894 -0.00000 -0.00000 -1.00000 0.00000
1610731077452590 1.00000 0.00020 0.00000 -0.00206 0.00020 -1.00000 0.00000 0.01155 0.00000 -0.00000 -1.00000 0.00000
1610731077703206 1.00000 -0.00247 0.00000 -0.01543 -0.00247 -1.00000 0.00000 0.02949 -0.00000 -0.00000 -1.00000 0.00000
1610731077952579 1.00000 -0.00247 0.00000 -0.00860 -0.00247 -1.00000 0.00000 0.00222 -0.00000 -0.00000 -1.00000 0.00000
1610731078202579 1.00000 -0.00140 0.00000 -0.01242 -0.00140 -1.00000 0.00000 -0.05851 -0.00000 -0.00000 -1.00000 -0.00000
1610731078453210 1.00000 -0.00006 -0.00000 0.00499 -0.00006 -1.00000 0.00000 0.02795 -0.00000 -0.00000 -1.00000 0.00000
1610731078703222 0.99999 -0.00359 0.00000 -0.00102 -0.00359 -0.99999 0.00000 0.00672 -0.00000 -0.00000 -1.00000 0.00000
1610731078952594 0.99999 -0.00439 0.00000 -0.01801 -0.00439 -0.99999 0.00000 0.01689 -0.00000 -0.00000 -1.00000 0.00000
1610731079203263 1.00000 -0.00146 0.00000 -0.00133 -0.00146 -1.00000 0.00000 0.02439 -0.00000 -0.00000 -1.00000 0.00000
1610731079452600 1.00000 0.00009 -0.00000 0.00062 0.00009 -1.00000 0.00000 0.00577 0.00000 -0.00000 -1.00000 0.00000
1610731079701984 1.00000 0.00010 0.00000 0.00181 0.00010 -1.00000 0.00000 0.00361 0.00000 -0.00000 -1.00000 0.00000
1610731079951987 0.99999 -0.00372 0.00000 0.00678 -0.00372 -0.99999 0.00000 0.04363 -0.00000 -0.00000 -1.00000 0.00000
1610731080201365 0.99999 -0.00445 0.00000 -0.00574 -0.00445 -0.99999 0.00000 0.01865 -0.00000 -0.00000 -1.00000 0.00000
1610731080451988 1.00000 -0.00076 0.00000 0.00854 -0.00076 -1.00000 0.00000 0.02926 -0.00000 -0.00000 -1.00000 0.00000
1610731080702617 1.00000 -0.00112 0.00000 -0.03040 -0.00112 -1.00000 0.00000 0.06775 -0.00000 -0.00000 -1.00000 0.00000
1610731080952620 1.00000 0.00157 0.00000 -0.04804 0.00157 -1.00000 0.00000 0.02359 0.00000 -0.00000 -1.00000 0.00000
1610731081202620 0.99999 0.00385 0.00000 -0.11490 0.00385 -0.99999 0.00000 0.05324 0.00000 -0.00000 -1.00000 0.00000
1610731081453260 0.99998 0.00666 0.00000 -0.16296 0.00666 -0.99998 0.00000 0.01813 0.00000 -0.00000 -1.00000 0.00000
1610731081703259 0.99977 0.02153 -0.00000 -0.27913 0.02153 -0.99977 0.00000 -0.00374 0.00000 -0.00000 -1.00000 -0.00000
1610731081953255 0.99901 0.04438 0.00000 -0.50718 0.04438 -0.99901 0.00000 0.03469 0.00000 -0.00000 -1.00000 0.00000
1610731082202641 0.99727 0.07386 0.00000 -0.82367 0.07386 -0.99727 0.00000 -0.00631 0.00000 -0.00000 -1.00000 -0.00000
1610731082452020 0.99551 0.09464 0.00000 -1.27475 0.09464 -0.99551 0.00000 0.00912 0.00000 -0.00000 -1.00000 0.00000
1610731082701396 0.99303 0.11788 0.00000 -1.68648 0.11788 -0.99303 0.00000 -0.06859 0.00000 -0.00000 -1.00000 -0.00000
1610731082952023 0.98924 0.14633 0.00000 -2.24363 0.14633 -0.98924 0.00000 -0.06192 0.00000 -0.00000 -1.00000 -0.00000
1610731083202022 0.98536 0.17049 0.00000 -2.86351 0.17049 -0.98536 0.00000 -0.05254 0.00000 -0.00000 -1.00000 -0.00000
1610731083452029 0.98394 0.17852 0.00000 -3.48670 0.17852 -0.98394 0.00000 -0.13683 0.00000 -0.00000 -1.00000 -0.00000
1610731083702657 0.98323 0.18238 0.00000 -4.22569 0.18238 -0.98323 0.00000 -0.11937 0.00000 -0.00000 -1.00000 -0.00000
1610731083952656 0.98184 0.18970 0.00000 -4.94224 0.18970 -0.98184 0.00000 -0.10376 0.00000 -0.00000 -1.00000 -0.00000
1610731084202661 0.98255 0.18600 0.00000 -5.71118 0.18600 -0.98255 0.00000 -0.09405 0.00000 -0.00000 -1.00000 -0.00000
1610731084452670 0.98332 0.18186 -0.00000 -6.59310 0.18186 -0.98332 0.00000 -0.11516 0.00000 -0.00000 -1.00000 -0.00000
1610731084703293 0.98596 0.16696 0.00000 -7.52992 0.16696 -0.98596 0.00000 0.00193 0.00000 -0.00000 -1.00000 0.00000
1610731084953298 0.98668 0.16267 0.00000 -8.49572 0.16267 -0.98668 0.00000 -0.06359 0.00000 -0.00000 -1.00000 -0.00000
1610731085203298 0.98936 0.14546 0.00000 -9.47413 0.14546 -0.98936 0.00000 0.05527 0.00000 -0.00000 -1.00000 0.00000
1610731085453306 0.99157 0.12957 0.00000 -10.60871 0.12957 -0.99157 0.00000 0.23380 0.00000 -0.00000 -1.00000 0.00000
1610731085702687 0.99191 0.12695 0.00000 -11.65026 0.12695 -0.99191 0.00000 0.27926 0.00000 -0.00000 -1.00000 0.00000
1610731085952061 0.99184 0.12747 0.00000 -12.72764 0.12747 -0.99184 0.00000 0.32705 0.00000 -0.00000 -1.00000 0.00000
1610731086201442 0.99226 0.12421 0.00000 -13.94634 0.12421 -0.99226 0.00000 0.35279 0.00000 -0.00000 -1.00000 0.00000
1610731086451441 0.99217 0.12493 0.00000 -15.08083 0.12493 -0.99217 0.00000 0.26156 0.00000 -0.00000 -1.00000 0.00000
1610731086702066 0.99225 0.12422 0.00000 -16.42290 0.12422 -0.99225 0.00000 0.28641 0.00000 -0.00000 -1.00000 0.00000
1610731086952075 0.99181 0.12770 0.00000 -17.85856 0.12770 -0.99181 0.00000 0.13266 0.00000 -0.00000 -1.00000 0.00000
1610731087202734 0.99259 0.12147 -0.00000 -19.31777 0.12147 -0.99259 0.00000 0.24023 0.00000 -0.00000 -1.00000 0.00000
1610731087453334 0.99321 0.11635 0.00000 -20.78823 0.11635 -0.99321 0.00000 0.32802 0.00000 -0.00000 -1.00000 0.00000
1610731087703335 0.99280 0.11982 0.00000 -22.29086 0.11982 -0.99280 0.00000 0.19964 0.00000 -0.00000 -1.00000 0.00000
1610731087953339 0.99183 0.12757 -0.00000 -23.86645 0.12757 -0.99183 0.00000 0.04390 0.00000 -0.00000 -1.00000 0.00000
1610731088203345 0.99084 0.13508 0.00000 -25.42167 0.13508 -0.99084 0.00000 -0.23537 0.00000 -0.00000 -1.00000 -0.00000
1610731088453349 0.99055 0.13712 0.00000 -26.94510 0.13712 -0.99055 0.00000 -0.26592 0.00000 -0.00000 -1.00000 -0.00000
1610731088703347 0.99081 0.13528 0.00000 -28.52107 0.13528 -0.99081 0.00000 -0.24619 0.00000 -0.00000 -1.00000 -0.00000
1610731088952722 0.99000 0.14107 0.00000 -29.96290 0.14107 -0.99000 0.00000 -0.47995 0.00000 -0.00000 -1.00000 -0.00000
1610731089201476 0.98954 0.14426 -0.00000 -31.42317 0.14426 -0.98954 0.00000 -0.56202 0.00000 -0.00000 -1.00000 -0.00000
1610731089450854 0.98910 0.14725 0.00000 -32.96572 0.14725 -0.98910 0.00000 -0.65751 0.00000 -0.00000 -1.00000 -0.00000
1610731089701483 0.98913 0.14703 0.00000 -34.51170 0.14703 -0.98913 0.00000 -0.61929 0.00000 -0.00000 -1.00000 -0.00000
1610731089951483 0.98734 0.15863 -0.00000 -35.98216 0.15863 -0.98734 0.00000 -1.15012 0.00000 -0.00000 -1.00000 -0.00000
1610731090201487 0.98474 0.17404 0.00000 -37.53173 0.17404 -0.98474 0.00000 -1.65422 0.00000 -0.00000 -1.00000 -0.00000
1610731090452120 0.98616 0.16581 -0.00000 -39.03343 0.16581 -0.98616 0.00000 -1.33584 0.00000 -0.00000 -1.00000 -0.00000
1610731090702120 0.98472 0.17414 0.00000 -40.59754 0.17414 -0.98472 0.00000 -1.75791 0.00000 -0.00000 -1.00000 -0.00000
1610731090952132 0.98418 0.17719 0.00000 -42.14928 0.17719 -0.98418 0.00000 -1.92979 0.00000 -0.00000 -1.00000 -0.00000
1610731091202752 0.98458 0.17492 0.00000 -43.73485 0.17492 -0.98458 0.00000 -1.81858 0.00000 -0.00000 -1.00000 -0.00000
1610731091452128 0.98280 0.18468 0.00000 -45.30381 0.18468 -0.98280 0.00000 -2.34417 0.00000 -0.00000 -1.00000 -0.00000
1610731091702766 0.98258 0.18586 0.00000 -46.92742 0.18586 -0.98258 0.00000 -2.39392 0.00000 -0.00000 -1.00000 -0.00000
1610731091952771 0.98178 0.19002 0.00000 -48.53015 0.19002 -0.98178 0.00000 -2.62242 0.00000 -0.00000 -1.00000 -0.00000
1610731092203397 0.98212 0.18826 0.00000 -50.23233 0.18826 -0.98212 0.00000 -2.47946 0.00000 -0.00000 -1.00000 -0.00000
1610731092453398 0.98206 0.18856 0.00000 -51.95731 0.18856 -0.98206 0.00000 -2.52582 0.00000 -0.00000 -1.00000 -0.00000
1610731092703401 0.98407 0.17776 -0.00000 -53.72567 0.17776 -0.98407 0.00000 -1.92768 0.00000 -0.00000 -1.00000 -0.00000
1610731092953406 0.98608 0.16627 0.00000 -55.56171 0.16627 -0.98608 0.00000 -1.33706 0.00000 -0.00000 -1.00000 -0.00000
1610731093202151 0.98589 0.16742 0.00000 -57.42140 0.16742 -0.98589 0.00000 -1.59725 0.00000 -0.00000 -1.00000 -0.00000
1610731093451540 0.98694 0.16110 0.00000 -59.30616 0.16110 -0.98694 0.00000 -1.20428 0.00000 -0.00000 -1.00000 -0.00000
1610731093700907 0.98710 0.16011 0.00000 -61.10225 0.16011 -0.98710 0.00000 -1.26020 0.00000 -0.00000 -1.00000 -0.00000
1610731093951540 0.98805 0.15413 -0.00000 -63.10812 0.15413 -0.98805 0.00000 -0.71599 0.00000 -0.00000 -1.00000 -0.00000
1610731094201546 0.98840 0.15188 0.00000 -64.97037 0.15188 -0.98840 0.00000 -0.58884 0.00000 -0.00000 -1.00000 -0.00000
1610731094451549 0.98987 0.14195 0.00000 -66.86239 0.14195 -0.98987 0.00000 0.14192 0.00000 -0.00000 -1.00000 0.00000
1610731094701550 0.98984 0.14216 -0.00000 -68.77109 0.14216 -0.98984 0.00000 0.01443 0.00000 -0.00000 -1.00000 0.00000
1610731094952179 0.99147 0.13036 0.00000 -70.69353 0.13036 -0.99147 0.00000 0.89769 0.00000 -0.00000 -1.00000 0.00000
1610731095202188 0.99186 0.12732 0.00000 -72.56676 0.12732 -0.99186 0.00000 1.03292 0.00000 -0.00000 -1.00000 0.00000
1610731095452181 0.99380 0.11121 0.00000 -74.47273 0.11121 -0.99380 0.00000 2.19932 0.00000 -0.00000 -1.00000 0.00000
1610731095702817 0.99588 0.09070 -0.00000 -76.28605 0.09070 -0.99588 0.00000 3.76403 0.00000 -0.00000 -1.00000 0.00000
1610731095953439 0.99825 0.05916 0.00000 -78.04072 0.05916 -0.99825 0.00000 6.18084 0.00000 -0.00000 -1.00000 0.00000
1610731096203440 0.99962 0.02739 -0.00000 -79.71625 0.02739 -0.99962 0.00000 8.69856 0.00000 -0.00000 -1.00000 0.00000
1610731096453438 0.99982 -0.01886 -0.00000 -81.13271 -0.01886 -0.99982 0.00000 12.35651 -0.00000 -0.00000 -1.00000 0.00000
1610731096702821 0.99829 -0.05850 0.00000 -82.42039 -0.05850 -0.99829 0.00000 15.47136 -0.00000 -0.00000 -1.00000 0.00000
1610731096952203 0.99486 -0.10129 0.00000 -83.59929 -0.10129 -0.99486 0.00000 19.05574 -0.00000 -0.00000 -1.00000 0.00000
1610731097202205 0.98710 -0.16013 -0.00000 -84.14246 -0.16013 -0.98710 0.00000 24.03242 -0.00000 -0.00000 -1.00000 0.00000
1610731097451586 0.98046 -0.19671 -0.00000 -85.08854 -0.19671 -0.98046 0.00000 27.03996 -0.00000 -0.00000 -1.00000 0.00000
1610731097702215 0.96772 -0.25201 0.00000 -85.37451 -0.25201 -0.96772 0.00000 31.84098 -0.00000 -0.00000 -1.00000 0.00000
1610731097952220 0.95503 -0.29652 0.00000 -85.72832 -0.29652 -0.95503 0.00000 35.81917 -0.00000 -0.00000 -1.00000 0.00000
1610731098202227 0.93999 -0.34120 0.00000 -85.79812 -0.34120 -0.93999 0.00000 39.69939 -0.00000 -0.00000 -1.00000 0.00000
1610731098452224 0.92011 -0.39165 0.00000 -85.47313 -0.39165 -0.92011 0.00000 44.41848 -0.00000 -0.00000 -1.00000 0.00000
1610731098702850 0.88925 -0.45742 0.00000 -83.97112 -0.45742 -0.88925 0.00000 50.57582 -0.00000 -0.00000 -1.00000 0.00000
1610731098952857 0.85784 -0.51392 -0.00000 -82.42634 -0.51392 -0.85784 0.00000 55.88686 -0.00000 -0.00000 -1.00000 0.00000
1610731099203484 0.81854 -0.57444 0.00000 -80.09893 -0.57444 -0.81854 0.00000 61.65606 -0.00000 -0.00000 -1.00000 0.00000
1610731099453485 0.77905 -0.62697 0.00000 -77.75668 -0.62697 -0.77905 0.00000 66.73044 -0.00000 -0.00000 -1.00000 0.00000
1610731099703486 0.73330 -0.67990 0.00000 -74.79207 -0.67990 -0.73330 0.00000 72.04749 -0.00000 -0.00000 -1.00000 0.00000
1610731099953495 0.68484 -0.72869 0.00000 -71.50153 -0.72869 -0.68484 0.00000 77.04807 -0.00000 -0.00000 -1.00000 0.00000
1610731100202250 0.63482 -0.77266 0.00000 -68.07684 -0.77266 -0.63482 0.00000 81.60957 -0.00000 -0.00000 -1.00000 0.00000
1610731100450375 0.58277 -0.81264 0.00000 -64.39026 -0.81264 -0.58277 0.00000 85.87716 -0.00000 -0.00000 -1.00000 0.00000
1610731100699748 0.54197 -0.84040 0.00000 -61.98648 -0.84040 -0.54197 0.00000 88.69597 -0.00000 -0.00000 -1.00000 0.00000
1610731100949757 0.51660 -0.85623 0.00000 -61.20976 -0.85623 -0.51660 0.00000 90.48730 -0.00000 -0.00000 -1.00000 0.00000
1610731101199759 0.49393 -0.86950 0.00000 -60.67590 -0.86950 -0.49393 0.00000 92.14995 -0.00000 -0.00000 -1.00000 0.00000
1610731101449774 0.47266 -0.88125 0.00000 -60.29789 -0.88125 -0.47266 0.00000 93.59309 -0.00000 -0.00000 -1.00000 0.00000
1610731101700392 0.45984 -0.88800 0.00000 -60.80111 -0.88800 -0.45984 0.00000 94.40311 -0.00000 -0.00000 -1.00000 0.00000
1610731101950397 0.45957 -0.88814 -0.00000 -62.67304 -0.88814 -0.45957 0.00000 94.31695 -0.00000 -0.00000 -1.00000 0.00000
1610731102201024 0.45715 -0.88939 0.00000 -64.34652 -0.88939 -0.45715 0.00000 94.66725 -0.00000 -0.00000 -1.00000 0.00000
1610731102451029 0.46385 -0.88591 0.00000 -66.86674 -0.88591 -0.46385 0.00000 94.05709 -0.00000 -0.00000 -1.00000 0.00000
1610731102701033 0.46798 -0.88374 0.00000 -69.14154 -0.88374 -0.46798 0.00000 93.64388 -0.00000 -0.00000 -1.00000 0.00000
1610731102951656 0.46761 -0.88393 0.00000 -70.92211 -0.88393 -0.46761 0.00000 93.67993 -0.00000 -0.00000 -1.00000 0.00000
1610731103201667 0.47185 -0.88168 0.00000 -73.14174 -0.88168 -0.47185 0.00000 93.34038 -0.00000 -0.00000 -1.00000 0.00000
1610731103451663 0.48423 -0.87494 -0.00000 -76.17149 -0.87494 -0.48423 0.00000 92.37464 -0.00000 -0.00000 -1.00000 0.00000
1610731103702295 0.49261 -0.87025 -0.00000 -78.65045 -0.87025 -0.49261 0.00000 91.54914 -0.00000 -0.00000 -1.00000 0.00000
1610731103952295 0.51241 -0.85874 0.00000 -82.27996 -0.85874 -0.51241 0.00000 89.67795 -0.00000 -0.00000 -1.00000 0.00000
1610731104202302 0.53849 -0.84263 0.00000 -86.44669 -0.84263 -0.53849 0.00000 87.00327 -0.00000 -0.00000 -1.00000 0.00000
1610731104452303 0.55233 -0.83362 0.00000 -89.19119 -0.83362 -0.55233 0.00000 85.37766 -0.00000 -0.00000 -1.00000 0.00000
1610731104702930 0.57098 -0.82096 0.00000 -92.26883 -0.82096 -0.57098 0.00000 83.57218 -0.00000 -0.00000 -1.00000 0.00000
1610731104952935 0.58890 -0.80821 0.00000 -95.07051 -0.80821 -0.58890 0.00000 81.18578 -0.00000 -0.00000 -1.00000 0.00000
1610731105203557 0.60095 -0.79928 0.00000 -97.14095 -0.79928 -0.60095 0.00000 79.85957 -0.00000 -0.00000 -1.00000 0.00000
1610731105453561 0.60667 -0.79495 0.00000 -98.41674 -0.79495 -0.60667 0.00000 79.18580 -0.00000 -0.00000 -1.00000 0.00000
1610731105703568 0.61264 -0.79036 0.00000 -99.57479 -0.79036 -0.61264 0.00000 78.31737 -0.00000 -0.00000 -1.00000 0.00000
1610731105952950 0.62060 -0.78413 0.00000 -100.83726 -0.78413 -0.62060 0.00000 77.33753 -0.00000 -0.00000 -1.00000 0.00000
1610731106202322 0.62762 -0.77852 -0.00000 -101.95591 -0.77852 -0.62762 0.00000 76.52607 -0.00000 -0.00000 -1.00000 0.00000
1610731106451078 0.63491 -0.77258 -0.00000 -103.11192 -0.77258 -0.63491 0.00000 75.44064 -0.00000 -0.00000 -1.00000 0.00000
1610731106701077 0.63798 -0.77005 0.00000 -103.92691 -0.77005 -0.63798 0.00000 75.11187 -0.00000 -0.00000 -1.00000 0.00000
1610731106951081 0.64267 -0.76614 0.00000 -105.00278 -0.76614 -0.64267 0.00000 74.53806 -0.00000 -0.00000 -1.00000 0.00000
1610731107201711 0.64691 -0.76256 0.00000 -106.12561 -0.76256 -0.64691 0.00000 73.87365 -0.00000 -0.00000 -1.00000 0.00000
1610731107452343 0.65449 -0.75607 -0.00000 -107.49177 -0.75607 -0.65449 0.00000 72.78314 -0.00000 -0.00000 -1.00000 0.00000
1610731107702347 0.66098 -0.75041 0.00000 -109.07409 -0.75041 -0.66098 0.00000 71.90158 -0.00000 -0.00000 -1.00000 0.00000
1610731107952351 0.67189 -0.74065 0.00000 -111.05023 -0.74065 -0.67189 0.00000 70.15834 -0.00000 -0.00000 -1.00000 0.00000
1610731108202970 0.67919 -0.73396 0.00000 -112.82057 -0.73396 -0.67919 0.00000 69.10658 -0.00000 -0.00000 -1.00000 0.00000
1610731108452986 0.68766 -0.72604 0.00000 -114.75476 -0.72604 -0.68766 0.00000 67.76918 -0.00000 -0.00000 -1.00000 0.00000
1610731108702986 0.69966 -0.71447 0.00000 -117.17350 -0.71447 -0.69966 0.00000 65.75903 -0.00000 -0.00000 -1.00000 0.00000
1610731108953612 0.71121 -0.70298 0.00000 -119.76130 -0.70298 -0.71121 0.00000 64.01225 -0.00000 -0.00000 -1.00000 0.00000
1610731109203594 0.72181 -0.69210 0.00000 -122.22650 -0.69210 -0.72181 0.00000 62.10838 -0.00000 -0.00000 -1.00000 0.00000
1610731109453628 0.73535 -0.67769 0.00000 -124.94827 -0.67769 -0.73535 0.00000 59.74113 -0.00000 -0.00000 -1.00000 0.00000
1610731109703629 0.75275 -0.65831 0.00000 -128.14750 -0.65831 -0.75275 0.00000 56.29630 -0.00000 -0.00000 -1.00000 0.00000
1610731109953628 0.77194 -0.63569 0.00000 -131.31591 -0.63569 -0.77194 0.00000 52.48576 -0.00000 -0.00000 -1.00000 0.00000
1610731110203624 0.78530 -0.61912 0.00000 -134.12051 -0.61912 -0.78530 0.00000 49.64920 -0.00000 -0.00000 -1.00000 0.00000
1610731110453002 0.80304 -0.59593 0.00000 -137.08849 -0.59593 -0.80304 0.00000 45.66718 -0.00000 -0.00000 -1.00000 0.00000
1610731110702387 0.81276 -0.58260 0.00000 -139.48156 -0.58260 -0.81276 0.00000 43.31026 -0.00000 -0.00000 -1.00000 0.00000
1610731110952389 0.82009 -0.57224 0.00000 -141.67439 -0.57224 -0.82009 0.00000 41.69396 -0.00000 -0.00000 -1.00000 0.00000
1610731111202425 0.82743 -0.56156 0.00000 -143.83847 -0.56156 -0.82743 0.00000 39.79455 -0.00000 -0.00000 -1.00000 0.00000
1610731111452393 0.83370 -0.55221 0.00000 -145.96316 -0.55221 -0.83370 0.00000 38.06968 -0.00000 -0.00000 -1.00000 0.00000
1610731111703018 0.83941 -0.54350 -0.00000 -148.03249 -0.54350 -0.83941 0.00000 36.69538 -0.00000 -0.00000 -1.00000 0.00000
1610731111953027 0.84414 -0.53613 0.00000 -149.95900 -0.53613 -0.84414 0.00000 35.40721 -0.00000 -0.00000 -1.00000 0.00000
1610731112203033 0.85146 -0.52442 0.00000 -152.04854 -0.52442 -0.85146 0.00000 33.26612 -0.00000 -0.00000 -1.00000 0.00000
1610731112453032 0.85822 -0.51329 -0.00000 -154.17099 -0.51329 -0.85822 0.00000 31.20137 -0.00000 -0.00000 -1.00000 0.00000
1610731112703659 0.86486 -0.50202 -0.00000 -156.21869 -0.50202 -0.86486 0.00000 29.21678 -0.00000 -0.00000 -1.00000 0.00000
1610731112953660 0.87944 -0.47601 0.00000 -158.65467 -0.47601 -0.87944 0.00000 24.54404 -0.00000 -0.00000 -1.00000 0.00000
1610731113203043 0.90018 -0.43552 0.00000 -161.18803 -0.43552 -0.90018 0.00000 17.25831 -0.00000 -0.00000 -1.00000 0.00000
1610731113453042 0.92051 -0.39071 0.00000 -163.48240 -0.39071 -0.92051 0.00000 9.21655 -0.00000 -0.00000 -1.00000 0.00000
1610731113703047 0.94325 -0.33207 0.00000 -165.32023 -0.33207 -0.94325 0.00000 -1.06328 -0.00000 -0.00000 -1.00000 -0.00000
1610731113953051 0.96639 -0.25707 0.00000 -166.27182 -0.25707 -0.96639 0.00000 -14.06559 -0.00000 -0.00000 -1.00000 -0.00000
1610731114203051 0.98705 -0.16039 0.00000 -165.58906 -0.16039 -0.98705 0.00000 -30.40920 -0.00000 -0.00000 -1.00000 -0.00000
1610731114453059 0.99975 -0.02257 0.00000 -161.19636 -0.02257 -0.99975 0.00000 -53.09357 -0.00000 -0.00000 -1.00000 -0.00000
1610731114703058 0.99441 0.10556 -0.00000 -154.58014 0.10556 -0.99441 0.00000 -73.18068 0.00000 -0.00000 -1.00000 -0.00000
1610731114953687 0.96593 0.25880 0.00000 -142.68096 0.25880 -0.96593 0.00000 -96.34673 0.00000 -0.00000 -1.00000 -0.00000
1610731115203694 0.91094 0.41253 0.00000 -126.39660 0.41253 -0.91094 0.00000 -118.26725 0.00000 -0.00000 -1.00000 -0.00000
1610731115454323 0.82600 0.56367 0.00000 -105.49383 0.56367 -0.82600 0.00000 -138.36638 0.00000 -0.00000 -1.00000 -0.00000
1610731115704324 0.70930 0.70490 -0.00000 -79.80552 0.70490 -0.70930 0.00000 -155.26621 0.00000 -0.00000 -1.00000 -0.00000
1610731115953706 0.57076 0.82111 0.00000 -51.70619 0.82111 -0.57076 0.00000 -166.99526 0.00000 -0.00000 -1.00000 -0.00000
1610731116203078 0.41427 0.91015 0.00000 -22.23422 0.91015 -0.41427 0.00000 -173.60521 0.00000 -0.00000 -1.00000 -0.00000
1610731116452455 0.23931 0.97094 0.00000 8.97972 0.97094 -0.23931 0.00000 -174.64357 0.00000 -0.00000 -1.00000 -0.00000
1610731116702459 0.05654 0.99840 0.00000 39.82957 0.99840 -0.05654 0.00000 -169.98897 0.00000 -0.00000 -1.00000 -0.00000
1610731116952466 -0.12867 0.99169 -0.00000 69.25215 0.99169 0.12867 0.00000 -159.64523 0.00000 0.00000 -1.00000 -0.00000
1610731117203095 -0.30906 0.95104 0.00000 96.34242 0.95104 0.30906 0.00000 -144.20501 0.00000 0.00000 -1.00000 -0.00000
1610731117453099 -0.47872 0.87797 0.00000 120.00102 0.87797 0.47872 0.00000 -123.93663 0.00000 0.00000 -1.00000 -0.00000
1610731117703721 -0.63149 0.77539 0.00000 139.45409 0.77539 0.63149 0.00000 -99.86470 0.00000 0.00000 -1.00000 -0.00000
1610731117954359 -0.74651 0.66538 0.00000 152.16404 0.66538 0.74651 0.00000 -76.36202 0.00000 0.00000 -1.00000 -0.00000
1610731118204353 -0.83018 0.55750 0.00000 159.75237 0.55750 0.83018 0.00000 -54.91872 0.00000 0.00000 -1.00000 -0.00000
1610731118453742 -0.88517 0.46527 0.00000 163.29098 0.46527 0.88517 0.00000 -37.44860 0.00000 0.00000 -1.00000 -0.00000
1610731118703110 -0.92245 0.38611 0.00000 164.53369 0.38611 0.92245 0.00000 -23.04870 0.00000 0.00000 -1.00000 -0.00000
1610731118952491 -0.94939 0.31409 0.00000 164.27935 0.31409 0.94939 0.00000 -10.33328 0.00000 0.00000 -1.00000 -0.00000
1610731119202538 -0.96903 0.24694 0.00000 163.02139 0.24694 0.96903 0.00000 1.11906 0.00000 0.00000 -1.00000 0.00000
1610731119453123 -0.98103 0.19387 0.00000 161.10490 0.19387 0.98103 0.00000 10.00176 0.00000 0.00000 -1.00000 0.00000
1610731119703125 -0.98903 0.14771 0.00000 158.78385 0.14771 0.98903 0.00000 17.44564 0.00000 0.00000 -1.00000 0.00000
1610731119953754 -0.99237 0.12330 0.00000 156.58015 0.12330 0.99237 0.00000 21.32077 0.00000 0.00000 -1.00000 0.00000
1610731120203763 -0.99472 0.10264 -0.00000 154.49235 0.10264 0.99472 0.00000 24.56476 0.00000 0.00000 -1.00000 0.00000
1610731120453768 -0.99557 0.09404 -0.00000 152.46507 0.09404 0.99557 0.00000 25.91673 0.00000 0.00000 -1.00000 0.00000
1610731120703769 -0.99619 0.08715 0.00000 150.58747 0.08715 0.99619 0.00000 26.92535 0.00000 0.00000 -1.00000 0.00000
1610731120953140 -0.99591 0.09033 0.00000 148.89898 0.09033 0.99591 0.00000 26.35856 0.00000 0.00000 -1.00000 0.00000
1610731121203146 -0.99477 0.10213 0.00000 147.36567 0.10213 0.99477 0.00000 24.71346 0.00000 0.00000 -1.00000 0.00000
1610731121452522 -0.99271 0.12052 0.00000 146.07694 0.12052 0.99271 0.00000 22.00352 0.00000 0.00000 -1.00000 0.00000
1610731121702533 -0.98866 0.15019 -0.00000 144.92101 0.15019 0.98866 0.00000 17.65948 0.00000 0.00000 -1.00000 0.00000
1610731121952531 -0.98227 0.18750 0.00000 143.77755 0.18750 0.98227 0.00000 12.18833 0.00000 0.00000 -1.00000 0.00000
1610731122202537 -0.97338 0.22919 -0.00000 142.35620 0.22919 0.97338 0.00000 5.97036 0.00000 0.00000 -1.00000 0.00000
1610731122452533 -0.96015 0.27948 -0.00000 140.61291 0.27948 0.96015 0.00000 -1.57481 0.00000 0.00000 -1.00000 -0.00000
1610731122702542 -0.94502 0.32701 0.00000 138.75489 0.32701 0.94502 0.00000 -8.56108 0.00000 0.00000 -1.00000 -0.00000
1610731122953171 -0.92277 0.38534 0.00000 135.96642 0.38534 0.92277 0.00000 -17.25421 0.00000 0.00000 -1.00000 -0.00000
1610731123203171 -0.89726 0.44150 0.00000 132.89223 0.44150 0.89726 0.00000 -25.58777 0.00000 0.00000 -1.00000 -0.00000
1610731123453178 -0.86409 0.50334 0.00000 128.98349 0.50334 0.86409 0.00000 -34.92484 0.00000 0.00000 -1.00000 -0.00000
1610731123703176 -0.82953 0.55847 0.00000 124.60094 0.55847 0.82953 0.00000 -43.34458 0.00000 0.00000 -1.00000 -0.00000
1610731123953181 -0.79357 0.60848 0.00000 119.75969 0.60848 0.79357 0.00000 -50.86837 0.00000 0.00000 -1.00000 -0.00000
1610731124203809 -0.75040 0.66099 0.00000 114.13460 0.66099 0.75040 0.00000 -58.91929 0.00000 0.00000 -1.00000 -0.00000
1610731124453821 -0.70504 0.70917 0.00000 108.13366 0.70917 0.70504 0.00000 -66.37106 0.00000 0.00000 -1.00000 -0.00000
1610731124703193 -0.66343 0.74824 0.00000 102.32575 0.74824 0.66343 0.00000 -72.56949 0.00000 0.00000 -1.00000 -0.00000
1610731124952572 -0.62903 0.77738 0.00000 97.12743 0.77738 0.62903 0.00000 -77.09688 0.00000 0.00000 -1.00000 -0.00000
1610731125202532 -0.58984 0.80752 0.00000 91.31225 0.80752 0.58984 0.00000 -81.64497 0.00000 0.00000 -1.00000 -0.00000
1610731125451962 -0.56326 0.82628 0.00000 86.75299 0.82628 0.56326 0.00000 -84.81357 0.00000 0.00000 -1.00000 -0.00000
1610731125702580 -0.52365 0.85193 -0.00000 80.78034 0.85193 0.52365 0.00000 -88.64694 0.00000 0.00000 -1.00000 -0.00000
1610731125952581 -0.49393 0.86950 0.00000 75.81352 0.86950 0.49393 0.00000 -91.41921 0.00000 0.00000 -1.00000 -0.00000
1610731126202596 -0.46806 0.88370 0.00000 71.17916 0.88370 0.46806 0.00000 -93.74795 0.00000 0.00000 -1.00000 -0.00000
1610731126452593 -0.44690 0.89459 0.00000 67.07044 0.89459 0.44690 0.00000 -95.43297 0.00000 0.00000 -1.00000 -0.00000
1610731126703217 -0.43326 0.90127 0.00000 63.73684 0.90127 0.43326 0.00000 -96.54032 0.00000 0.00000 -1.00000 -0.00000
1610731126953217 -0.41522 0.90972 -0.00000 59.88491 0.90972 0.41522 0.00000 -97.97041 0.00000 0.00000 -1.00000 -0.00000
1610731127203886 -0.41051 0.91186 0.00000 57.53779 0.91186 0.41051 0.00000 -98.24478 0.00000 0.00000 -1.00000 -0.00000
1610731127453856 -0.41477 0.90993 0.00000 56.07580 0.90993 0.41477 0.00000 -97.93450 0.00000 0.00000 -1.00000 -0.00000
1610731127703857 -0.42696 0.90427 0.00000 55.55638 0.90427 0.42696 0.00000 -97.28757 0.00000 0.00000 -1.00000 -0.00000
1610731127953233 -0.45311 0.89146 0.00000 56.48692 0.89146 0.45311 0.00000 -95.63359 0.00000 0.00000 -1.00000 -0.00000
1610731128203236 -0.47597 0.87946 0.00000 57.09866 0.87946 0.47597 0.00000 -94.16319 0.00000 0.00000 -1.00000 -0.00000
1610731128453241 -0.50703 0.86193 0.00000 58.60094 0.86193 0.50703 0.00000 -92.10287 0.00000 0.00000 -1.00000 -0.00000
1610731128703248 -0.54497 0.83846 0.00000 60.78597 0.83846 0.54497 0.00000 -89.55059 0.00000 0.00000 -1.00000 -0.00000
1610731128953876 -0.59128 0.80647 -0.00000 63.94160 0.80647 0.59128 0.00000 -85.89562 0.00000 0.00000 -1.00000 -0.00000
1610731129203876 -0.63685 0.77099 0.00000 66.93527 0.77099 0.63685 0.00000 -82.33106 0.00000 0.00000 -1.00000 -0.00000
1610731129453876 -0.68754 0.72615 0.00000 70.62181 0.72615 0.68754 0.00000 -77.67231 0.00000 0.00000 -1.00000 -0.00000
1610731129703881 -0.73123 0.68213 -0.00000 73.51464 0.68213 0.73123 0.00000 -73.34336 0.00000 0.00000 -1.00000 -0.00000
1610731129953264 -0.77154 0.63618 0.00000 76.11815 0.63618 0.77154 0.00000 -68.65598 0.00000 0.00000 -1.00000 -0.00000
1610731130202639 -0.81275 0.58261 0.00000 78.84519 0.58261 0.81275 0.00000 -63.38400 0.00000 0.00000 -1.00000 -0.00000
1610731130452642 -0.84656 0.53230 0.00000 80.71729 0.53230 0.84656 0.00000 -58.48724 0.00000 0.00000 -1.00000 -0.00000
1610731130702644 -0.87479 0.48451 -0.00000 82.02361 0.48451 0.87479 0.00000 -53.93263 0.00000 0.00000 -1.00000 -0.00000
1610731130953274 -0.89777 0.44046 0.00000 82.90060 0.44046 0.89777 0.00000 -49.78679 0.00000 0.00000 -1.00000 -0.00000
1610731131203274 -0.92517 0.37956 -0.00000 84.28579 0.37956 0.92517 0.00000 -44.18858 0.00000 0.00000 -1.00000 -0.00000
1610731131453903 -0.94313 0.33244 0.00000 84.66126 0.33244 0.94313 0.00000 -39.93596 0.00000 0.00000 -1.00000 -0.00000
1610731131703906 -0.96265 0.27076 0.00000 85.31795 0.27076 0.96265 0.00000 -34.38200 0.00000 0.00000 -1.00000 -0.00000
1610731131953912 -0.97498 0.22228 0.00000 85.15557 0.22228 0.97498 0.00000 -30.20422 0.00000 0.00000 -1.00000 -0.00000
1610731132203910 -0.98551 0.16961 0.00000 84.84281 0.16961 0.98551 0.00000 -25.60562 0.00000 0.00000 -1.00000 -0.00000
1610731132453296 -0.99345 0.11423 -0.00000 84.34704 0.11423 0.99345 0.00000 -20.89505 0.00000 0.00000 -1.00000 -0.00000
1610731132702666 -0.99759 0.06938 0.00000 83.40636 0.06938 0.99759 0.00000 -16.99519 0.00000 0.00000 -1.00000 -0.00000
1610731132952671 -0.99967 0.02568 0.00000 82.21988 0.02568 0.99967 0.00000 -13.35638 0.00000 0.00000 -1.00000 -0.00000
1610731133203308 -0.99999 -0.00443 0.00000 80.76514 -0.00443 0.99999 0.00000 -10.88065 -0.00000 0.00000 -1.00000 -0.00000
1610731133453320 -0.99917 -0.04069 -0.00000 79.30433 -0.04069 0.99917 0.00000 -7.95424 -0.00000 0.00000 -1.00000 -0.00000
1610731133703310 -0.99827 -0.05878 0.00000 77.60494 -0.05878 0.99827 0.00000 -6.52650 -0.00000 0.00000 -1.00000 -0.00000
1610731133953315 -0.99657 -0.08276 -0.00000 75.82927 -0.08276 0.99657 0.00000 -4.65263 -0.00000 0.00000 -1.00000 -0.00000
1610731134203939 -0.99569 -0.09274 0.00000 74.04585 -0.09274 0.99569 0.00000 -3.94034 -0.00000 0.00000 -1.00000 -0.00000
1610731134453943 -0.99562 -0.09346 0.00000 72.09266 -0.09346 0.99562 0.00000 -3.86137 -0.00000 0.00000 -1.00000 -0.00000
1610731134703947 -0.99509 -0.09898 0.00000 70.28794 -0.09898 0.99509 0.00000 -3.47948 -0.00000 0.00000 -1.00000 -0.00000
1610731134953324 -0.99519 -0.09794 0.00000 68.41107 -0.09794 0.99519 0.00000 -3.56159 -0.00000 0.00000 -1.00000 -0.00000
1610731135202085 -0.99350 -0.11382 0.00000 66.56492 -0.11382 0.99350 0.00000 -2.58535 -0.00000 0.00000 -1.00000 -0.00000
1610731135452081 -0.99419 -0.10761 0.00000 64.67910 -0.10761 0.99419 0.00000 -2.96424 -0.00000 0.00000 -1.00000 -0.00000
1610731135701462 -0.99311 -0.11722 -0.00000 62.82047 -0.11722 0.99311 0.00000 -2.35334 -0.00000 0.00000 -1.00000 -0.00000
1610731135952090 -0.99183 -0.12758 0.00000 60.95030 -0.12758 0.99183 0.00000 -1.73578 -0.00000 0.00000 -1.00000 -0.00000
1610731136202723 -0.99155 -0.12976 0.00000 59.01380 -0.12976 0.99155 0.00000 -1.61211 -0.00000 0.00000 -1.00000 -0.00000
1610731136452721 -0.99031 -0.13891 0.00000 57.13270 -0.13891 0.99031 0.00000 -1.10561 -0.00000 0.00000 -1.00000 -0.00000
1610731136702721 -0.98847 -0.15144 0.00000 55.21638 -0.15144 0.98847 0.00000 -0.49253 -0.00000 0.00000 -1.00000 -0.00000
1610731136952728 -0.98644 -0.16412 0.00000 53.16829 -0.16412 0.98644 0.00000 0.08143 -0.00000 0.00000 -1.00000 0.00000
1610731137203365 -0.98637 -0.16456 -0.00000 51.21391 -0.16456 0.98637 0.00000 0.16716 -0.00000 0.00000 -1.00000 0.00000
1610731137452737 -0.98432 -0.17637 0.00000 49.37241 -0.17637 0.98432 0.00000 0.60652 -0.00000 0.00000 -1.00000 0.00000
1610731137703358 -0.98399 -0.17825 0.00000 47.28158 -0.17825 0.98399 0.00000 0.74484 -0.00000 0.00000 -1.00000 0.00000
1610731137953989 -0.98259 -0.18579 0.00000 45.29705 -0.18579 0.98259 0.00000 1.14651 -0.00000 0.00000 -1.00000 0.00000
1610731138203993 -0.98226 -0.18754 0.00000 43.27773 -0.18754 0.98226 0.00000 1.20421 -0.00000 0.00000 -1.00000 0.00000
1610731138453995 -0.98188 -0.18951 0.00000 41.24655 -0.18951 0.98188 0.00000 1.16339 -0.00000 0.00000 -1.00000 0.00000
1610731138703375 -0.98185 -0.18966 0.00000 39.28376 -0.18966 0.98185 0.00000 1.14879 -0.00000 0.00000 -1.00000 0.00000
1610731138952750 -0.98296 -0.18382 0.00000 37.24984 -0.18382 0.98296 0.00000 0.90036 -0.00000 0.00000 -1.00000 0.00000
1610731139202755 -0.98623 -0.16538 0.00000 35.21871 -0.16538 0.98623 0.00000 0.23759 -0.00000 0.00000 -1.00000 0.00000
1610731139452763 -0.98888 -0.14873 -0.00000 33.17739 -0.14873 0.98888 0.00000 -0.27397 -0.00000 0.00000 -1.00000 -0.00000
1610731139702765 -0.99137 -0.13109 0.00000 31.07792 -0.13109 0.99137 0.00000 -0.94546 -0.00000 0.00000 -1.00000 -0.00000
1610731139953387 -0.99416 -0.10793 0.00000 29.04783 -0.10793 0.99416 0.00000 -1.63467 -0.00000 0.00000 -1.00000 -0.00000
1610731140203387 -0.99634 -0.08552 0.00000 26.94742 -0.08552 0.99634 0.00000 -2.29256 -0.00000 0.00000 -1.00000 -0.00000
1610731140454025 -0.99752 -0.07038 -0.00000 24.80796 -0.07038 0.99752 0.00000 -2.74515 -0.00000 0.00000 -1.00000 -0.00000
1610731140704032 -0.99864 -0.05205 0.00000 22.66352 -0.05205 0.99864 0.00000 -3.29162 -0.00000 0.00000 -1.00000 -0.00000
1610731140954022 -0.99911 -0.04210 0.00000 20.58127 -0.04210 0.99911 0.00000 -3.47594 -0.00000 0.00000 -1.00000 -0.00000
1610731141204035 -0.99920 -0.04002 0.00000 18.48613 -0.04002 0.99920 0.00000 -3.55889 -0.00000 0.00000 -1.00000 -0.00000
1610731141454041 -0.99949 -0.03183 0.00000 16.39327 -0.03183 0.99949 0.00000 -3.72520 -0.00000 0.00000 -1.00000 -0.00000
1610731141703418 -0.99967 -0.02581 0.00000 14.34523 -0.02581 0.99967 0.00000 -3.90656 -0.00000 0.00000 -1.00000 -0.00000
1610731141952795 -0.99974 -0.02268 -0.00000 12.28482 -0.02268 0.99974 0.00000 -3.95063 -0.00000 0.00000 -1.00000 -0.00000
1610731142202169 -0.99972 -0.02360 0.00000 10.31940 -0.02360 0.99972 0.00000 -4.00163 -0.00000 0.00000 -1.00000 -0.00000
1610731142452169 -0.99981 -0.01959 0.00000 8.24607 -0.01959 0.99981 0.00000 -4.00677 -0.00000 0.00000 -1.00000 -0.00000
1610731142702797 -0.99980 -0.02011 0.00000 6.29869 -0.02011 0.99980 0.00000 -4.03646 -0.00000 0.00000 -1.00000 -0.00000
1610731142952182 -0.99978 -0.02074 0.00000 4.15570 -0.02074 0.99978 0.00000 -4.10973 -0.00000 0.00000 -1.00000 -0.00000
1610731143202851 -0.99975 -0.02234 0.00000 2.26260 -0.02234 0.99975 0.00000 -4.00357 -0.00000 0.00000 -1.00000 -0.00000
1610731143452810 -0.99957 -0.02940 0.00000 0.22904 -0.02940 0.99957 0.00000 -4.07509 -0.00000 0.00000 -1.00000 -0.00000
1610731143702816 -0.99948 -0.03211 -0.00000 -1.74140 -0.03211 0.99948 0.00000 -4.11917 -0.00000 0.00000 -1.00000 -0.00000
1610731143952819 -0.99917 -0.04083 0.00000 -3.71043 -0.04083 0.99917 0.00000 -4.09263 -0.00000 0.00000 -1.00000 -0.00000
1610731144203448 -0.99942 -0.03404 0.00000 -5.77366 -0.03404 0.99942 0.00000 -4.07364 -0.00000 0.00000 -1.00000 -0.00000
1610731144453447 -0.99922 -0.03939 0.00000 -7.74964 -0.03939 0.99922 0.00000 -4.09677 -0.00000 0.00000 -1.00000 -0.00000
1610731144704075 -0.99928 -0.03782 0.00000 -9.68336 -0.03782 0.99928 0.00000 -4.12267 -0.00000 0.00000 -1.00000 -0.00000
1610731144954081 -0.99905 -0.04347 0.00000 -11.64973 -0.04347 0.99905 0.00000 -4.23905 -0.00000 0.00000 -1.00000 -0.00000
1610731145204085 -0.99919 -0.04023 -0.00000 -13.68835 -0.04023 0.99919 0.00000 -4.26346 -0.00000 0.00000 -1.00000 -0.00000
1610731145454087 -0.99881 -0.04868 -0.00000 -15.54790 -0.04868 0.99881 0.00000 -4.30996 -0.00000 0.00000 -1.00000 -0.00000
1610731145703465 -0.99844 -0.05587 0.00000 -17.45680 -0.05587 0.99844 0.00000 -4.52483 -0.00000 0.00000 -1.00000 -0.00000
1610731145953469 -0.99877 -0.04953 0.00000 -19.48679 -0.04953 0.99877 0.00000 -4.40180 -0.00000 0.00000 -1.00000 -0.00000
1610731146203474 -0.99878 -0.04930 -0.00000 -21.43455 -0.04930 0.99878 0.00000 -4.41758 -0.00000 0.00000 -1.00000 -0.00000
1610731146453475 -0.99867 -0.05158 -0.00000 -23.58200 -0.05158 0.99867 0.00000 -4.60822 -0.00000 0.00000 -1.00000 -0.00000
1610731146704101 -0.99876 -0.04971 0.00000 -25.45081 -0.04971 0.99876 0.00000 -4.46507 -0.00000 0.00000 -1.00000 -0.00000
1610731146954113 -0.99862 -0.05248 0.00000 -27.55520 -0.05248 0.99862 0.00000 -4.68263 -0.00000 0.00000 -1.00000 -0.00000
