0.980 0.199 0. -0.006 0.199 -0.980 0. -0.011 0. 0. -1. 0.
0.980 0.199 0. -0.006 0.199 -0.980 0. -0.011 0. 0. -1. 0.
0.980 0.199 0. -0.006 0.199 -0.980 0. -0.011 0. 0. -1. 0.
0.980 0.199 0. -0.006 0.199 -0.980 0. -0.011 0. 0. -1. 0.
0.980 0.199 0. -0.006 0.199 -0.980 0. -0.011 0. 0. -1. 0.
0.980 0.199 0. -0.006 0.199 -0.980 0. -0.011 0. 0. -1. 0.
0.980 0.199 0. -0.006 0.199 -0.980 0. -0.011 0. 0. -1. 0.
0.980 0.199 0. -0.006 0.199 -0.980 0. -0.011 0. 0. -1. 0.
0.980 0.199 0. -0.006 0.199 -0.980 0. -0.011 0. 0. -1. 0.
0.980 0.199 0. -0.006 0.199 -0.980 0. -0.011 0. 0. -1. 0.
0.980 0.199 0. -0.006 0.199 -0.980 0. -0.011 0. 0. -1. 0.
0.980 0.199 0. -0.006 0.199 -0.980 0. -0.011 0. 0. -1. 0.
0.980 0.199 0. -0.006 0.199 -0.980 0. -0.011 0. 0. -1. 0.
0.980 0.199 0. -0.006 0.199 -0.980 0. -0.011 0. 0. -1. 0.
0.980 0.199 0. -0.006 0.199 -0.980 0. -0.011 0. 0. -1. 0.
0.980 0.199 0. -0.006 0.199 -0.980 0. -0.011 0. 0. -1. 0.
0.980 0.199 0. -0.006 0.199 -0.980 0. -0.011 0. 0. -1. 0.
0.980 0.199 0. -0.006 0.199 -0.980 0. -0.011 0. 0. -1. 0.
0.980 0.199 0. -0.006 0.199 -0.980 0. -0.011 0. 0. -1. 0.
0.980 0.199 0. -0.006 0.199 -0.980 0. -0.011 0. 0. -1. 0.
0.980 0.199 0. -0.006 0.199 -0.980 0. -0.011 0. 0. -1. 0.
0.980 0.199 0. -0.006 0.199 -0.980 0. -0.011 0. 0. -1. 0.
0.980 0.199 0. -0.006 0.199 -0.980 0. -0.011 0. 0. -1. 0.
0.980 0.199 0. 0.002 0.199 -0.980 0. -0.010 0. 0. -1. 0.
0.980 0.199 0. 0.039 0.199 -0.980 0. -0.004 0. 0. -1. 0.
0.980 0.198 0. 0.090 0.198 -0.980 0. 0.005 0. 0. -1. 0.
0.981 0.196 0. 0.173 0.196 -0.981 0. 0.018 0. 0. -1. 0.
0.981 0.192 0. 0.310 0.192 -0.981 0. 0.044 0. 0. -1. 0.
0.982 0.187 0. 0.520 0.187 -0.982 0. 0.080 0. 0. -1. 0.
0.984 0.178 0. 0.812 0.178 -0.984 0. 0.126 0. 0. -1. 0.
0.986 0.168 0. 1.186 0.168 -0.986 0. 0.184 0. 0. -1. 0.
0.988 0.155 0. 1.640 0.155 -0.988 0. 0.237 0. 0. -1. 0.
0.990 0.144 0. 2.173 0.144 -0.990 0. 0.303 0. 0. -1. 0.
0.991 0.135 0. 2.776 0.135 -0.991 0. 0.378 0. 0. -1. 0.
0.992 0.125 0. 3.467 0.125 -0.992 0. 0.461 0. 0. -1. 0.
0.993 0.117 0. 4.233 0.117 -0.993 0. 0.549 0. 0. -1. 0.
0.994 0.108 0. 5.072 0.108 -0.994 0. 0.629 0. 0. -1. 0.
0.995 0.102 0. 5.983 0.102 -0.995 0. 0.714 0. 0. -1. 0.
0.995 0.097 0. 6.953 0.097 -0.995 0. 0.792 0. 0. -1. 0.
0.995 0.096 0. 7.972 0.096 -0.995 0. 0.886 0. 0. -1. 0.
0.995 0.098 0. 9.023 0.098 -0.995 0. 0.962 0. 0. -1. 0.
0.995 0.101 0. 10.099 0.101 -0.995 0. 1.054 0. 0. -1. 0.
0.994 0.107 0. 11.221 0.107 -0.994 0. 1.151 0. 0. -1. 0.
0.994 0.113 0. 12.401 0.113 -0.994 0. 1.260 0. 0. -1. 0.
0.993 0.120 0. 13.596 0.120 -0.993 0. 1.391 0. 0. -1. 0.
0.992 0.127 0. 14.823 0.127 -0.992 0. 1.517 0. 0. -1. 0.
0.991 0.132 0. 16.144 0.132 -0.991 0. 1.678 0. 0. -1. 0.
0.991 0.136 0. 17.532 0.136 -0.991 0. 1.841 0. 0. -1. 0.
0.990 0.141 0. 18.944 0.141 -0.990 0. 2.010 0. 0. -1. 0.
0.989 0.145 0. 20.406 0.145 -0.989 0. 2.196 0. 0. -1. 0.
0.988 0.152 0. 21.894 0.152 -0.988 0. 2.383 0. 0. -1. 0.
0.986 0.165 0. 23.410 0.165 -0.986 0. 2.606 0. 0. -1. 0.
0.984 0.176 0. 24.958 0.176 -0.984 0. 2.847 0. 0. -1. 0.
0.982 0.187 0. 26.548 0.187 -0.982 0. 3.116 0. 0. -1. 0.
0.980 0.197 0. 28.161 0.197 -0.980 0. 3.394 0. 0. -1. 0.
0.978 0.206 0. 29.791 0.206 -0.978 0. 3.682 0. 0. -1. 0.
0.976 0.216 0. 31.474 0.216 -0.976 0. 4.038 0. 0. -1. 0.
0.974 0.226 0. 33.098 0.226 -0.974 0. 4.375 0. 0. -1. 0.
0.972 0.234 0. 34.796 0.234 -0.972 0. 4.767 0. 0. -1. 0.
0.970 0.244 0. 36.542 0.244 -0.970 0. 5.169 0. 0. -1. 0.
0.968 0.251 0. 38.255 0.251 -0.968 0. 5.583 0. 0. -1. 0.
0.967 0.255 0. 40.027 0.255 -0.967 0. 6.017 0. 0. -1. 0.
0.967 0.255 0. 41.845 0.255 -0.967 0. 6.466 0. 0. -1. 0.
0.967 0.256 0. 43.652 0.256 -0.967 0. 6.902 0. 0. -1. 0.
0.967 0.256 0. 45.497 0.256 -0.967 0. 7.352 0. 0. -1. 0.
0.967 0.255 0. 47.351 0.255 -0.967 0. 7.808 0. 0. -1. 0.
0.967 0.254 0. 49.218 0.254 -0.967 0. 8.269 0. 0. -1. 0.
0.968 0.252 0. 51.133 0.252 -0.968 0. 8.707 0. 0. -1. 0.
0.967 0.253 0. 53.014 0.253 -0.967 0. 9.160 0. 0. -1. 0.
0.968 0.252 0. 54.943 0.252 -0.968 0. 9.615 0. 0. -1. 0.
0.968 0.251 0. 56.903 0.251 -0.968 0. 10.074 0. 0. -1. 0.
0.968 0.251 0. 58.847 0.251 -0.968 0. 10.524 0. 0. -1. 0.
0.968 0.250 0. 60.811 0.250 -0.968 0. 10.989 0. 0. -1. 0.
0.968 0.250 0. 62.756 0.250 -0.968 0. 11.460 0. 0. -1. 0.
0.968 0.250 0. 64.706 0.250 -0.968 0. 11.938 0. 0. -1. 0.
0.969 0.249 0. 66.654 0.249 -0.969 0. 12.402 0. 0. -1. 0.
0.969 0.247 0. 68.607 0.247 -0.969 0. 12.857 0. 0. -1. 0.
0.970 0.244 0. 70.550 0.244 -0.970 0. 13.311 0. 0. -1. 0.
0.971 0.239 0. 72.484 0.239 -0.971 0. 13.752 0. 0. -1. 0.
0.974 0.228 0. 74.412 0.228 -0.974 0. 14.176 0. 0. -1. 0.
0.977 0.212 0. 76.323 0.212 -0.977 0. 14.584 0. 0. -1. 0.
0.982 0.187 0. 78.220 0.187 -0.982 0. 14.927 0. 0. -1. 0.
0.988 0.156 0. 80.131 0.156 -0.988 0. 15.220 0. 0. -1. 0.
0.993 0.118 0. 82.036 0.118 -0.993 0. 15.434 0. 0. -1. 0.
0.997 0.077 0. 83.914 0.077 -0.997 0. 15.571 0. 0. -1. 0.
1.000 0.030 0. 85.799 0.030 -1.000 0. 15.622 0. 0. -1. 0.
1.000 -0.020 0. 87.679 -0.020 -1.000 -0. 15.579 0. 0. -1. 0.
0.997 -0.071 0. 89.529 -0.071 -0.997 -0. 15.439 0. 0. -1. 0.
0.992 -0.125 0. 91.340 -0.125 -0.992 -0. 15.206 0. 0. -1. 0.
0.983 -0.183 0. 93.131 -0.183 -0.983 -0. 14.871 0. 0. -1. 0.
0.970 -0.242 0. 94.889 -0.242 -0.970 -0. 14.438 0. 0. -1. 0.
0.954 -0.301 0. 96.595 -0.301 -0.954 -0. 13.891 0. 0. -1. 0.
0.934 -0.358 0. 98.263 -0.358 -0.934 -0. 13.248 0. 0. -1. 0.
0.910 -0.414 0. 99.885 -0.414 -0.910 -0. 12.521 0. 0. -1. 0.
0.881 -0.474 0. 101.455 -0.474 -0.881 -0. 11.681 0. 0. -1. 0.
0.847 -0.532 0. 102.919 -0.532 -0.847 -0. 10.760 0. 0. -1. 0.
0.809 -0.588 0. 104.306 -0.588 -0.809 -0. 9.732 0. 0. -1. 0.
0.767 -0.642 0. 105.629 -0.642 -0.767 -0. 8.622 0. 0. -1. 0.
0.724 -0.689 0. 106.871 -0.689 -0.724 -0. 7.449 0. 0. -1. 0.
0.679 -0.735 0. 108.034 -0.735 -0.679 -0. 6.179 0. 0. -1. 0.
0.638 -0.770 0. 109.137 -0.770 -0.638 -0. 4.800 0. 0. -1. 0.
0.606 -0.796 0. 110.171 -0.796 -0.606 -0. 3.374 0. 0. -1. 0.
0.582 -0.813 0. 111.177 -0.813 -0.582 -0. 1.907 0. 0. -1. 0.
0.564 -0.826 0. 112.177 -0.826 -0.564 -0. 0.425 0. 0. -1. 0.
0.552 -0.834 0. 113.172 -0.834 -0.552 -0. -1.084 0. 0. -1. 0.
0.548 -0.837 0. 114.176 -0.837 -0.548 -0. -2.623 0. 0. -1. 0.
0.550 -0.835 0. 115.191 -0.835 -0.550 -0. -4.176 0. 0. -1. 0.
0.559 -0.829 0. 116.211 -0.829 -0.559 -0. -5.740 0. 0. -1. 0.
0.572 -0.820 0. 117.250 -0.820 -0.572 -0. -7.318 0. 0. -1. 0.
0.588 -0.809 0. 118.334 -0.809 -0.588 -0. -8.888 0. 0. -1. 0.
0.603 -0.797 0. 119.462 -0.797 -0.603 -0. -10.447 0. 0. -1. 0.
0.618 -0.786 0. 120.648 -0.786 -0.618 -0. -12.013 0. 0. -1. 0.
0.633 -0.774 0. 121.854 -0.774 -0.633 -0. -13.561 0. 0. -1. 0.
0.647 -0.762 0. 123.087 -0.762 -0.647 -0. -15.104 0. 0. -1. 0.
0.662 -0.749 0. 124.352 -0.749 -0.662 -0. -16.639 0. 0. -1. 0.
0.680 -0.733 0. 125.646 -0.733 -0.680 -0. -18.117 0. 0. -1. 0.
0.698 -0.716 0. 126.964 -0.716 -0.698 -0. -19.554 0. 0. -1. 0.
0.716 -0.698 0. 128.330 -0.698 -0.716 -0. -20.954 0. 0. -1. 0.
0.733 -0.680 0. 129.713 -0.680 -0.733 -0. -22.303 0. 0. -1. 0.
0.751 -0.661 0. 131.107 -0.661 -0.751 -0. -23.590 0. 0. -1. 0.
0.766 -0.643 0. 132.533 -0.643 -0.766 -0. -24.855 0. 0. -1. 0.
0.780 -0.626 0. 133.963 -0.626 -0.780 -0. -26.074 0. 0. -1. 0.
0.793 -0.609 0. 135.399 -0.609 -0.793 -0. -27.223 0. 0. -1. 0.
0.804 -0.594 0. 136.888 -0.594 -0.804 -0. -28.382 0. 0. -1. 0.
0.815 -0.579 0. 138.339 -0.579 -0.815 -0. -29.476 0. 0. -1. 0.
0.826 -0.564 0. 139.817 -0.564 -0.826 -0. -30.540 0. 0. -1. 0.
0.835 -0.551 0. 141.309 -0.551 -0.835 -0. -31.565 0. 0. -1. 0.
0.842 -0.540 0. 142.790 -0.540 -0.842 -0. -32.564 0. 0. -1. 0.
0.847 -0.532 0. 144.274 -0.532 -0.847 -0. -33.528 0. 0. -1. 0.
0.851 -0.525 0. 145.757 -0.525 -0.851 -0. -34.476 0. 0. -1. 0.
0.854 -0.520 0. 147.221 -0.520 -0.854 -0. -35.392 0. 0. -1. 0.
0.858 -0.514 0. 148.650 -0.514 -0.858 -0. -36.283 0. 0. -1. 0.
0.866 -0.500 0. 150.040 -0.500 -0.866 -0. -37.138 0. 0. -1. 0.
0.882 -0.472 0. 151.372 -0.472 -0.882 -0. -37.903 0. 0. -1. 0.
0.905 -0.424 0. 152.655 -0.424 -0.905 -0. -38.549 0. 0. -1. 0.
0.931 -0.365 0. 153.905 -0.365 -0.931 -0. -39.078 0. 0. -1. 0.
0.957 -0.291 0. 155.076 -0.291 -0.957 -0. -39.471 0. 0. -1. 0.
0.980 -0.198 0. 156.187 -0.198 -0.980 -0. -39.728 0. 0. -1. 0.
0.996 -0.091 0. 157.269 -0.091 -0.996 -0. -39.841 0. 0. -1. 0.
0.999 0.034 0. 158.292 0.034 -0.999 0. -39.827 0. 0. -1. 0.
0.985 0.173 0. 159.261 0.173 -0.985 0. -39.659 0. 0. -1. 0.
0.947 0.321 0. 160.169 0.321 -0.947 0. -39.375 0. 0. -1. 0.
0.883 0.469 0. 160.984 0.469 -0.883 0. -38.940 0. 0. -1. 0.
0.791 0.612 0. 161.690 0.612 -0.791 0. -38.380 0. 0. -1. 0.
0.671 0.742 0. 162.280 0.742 -0.671 0. -37.727 0. 0. -1. 0.
0.524 0.852 0. 162.712 0.852 -0.524 0. -36.983 0. 0. -1. 0.
0.354 0.935 0. 162.994 0.935 -0.354 0. -36.192 0. 0. -1. 0.
0.170 0.985 0. 163.124 0.985 -0.170 0. -35.366 0. 0. -1. 0.
-0.019 1.000 0. 163.095 1.000 0.019 0. -34.526 0. 0. -1. 0.
-0.213 0.977 0. 162.892 0.977 0.213 0. -33.696 0. 0. -1. 0.
-0.407 0.914 0. 162.542 0.914 0.407 0. -32.891 0. 0. -1. 0.
-0.586 0.810 0. 162.005 0.810 0.586 0. -32.140 0. 0. -1. 0.
-0.725 0.689 0. 161.282 0.689 0.725 0. -31.500 0. 0. -1. 0.
-0.823 0.568 0. 160.448 0.568 0.823 0. -30.903 0. 0. -1. 0.
-0.891 0.455 0. 159.481 0.455 0.891 0. -30.391 0. 0. -1. 0.
-0.934 0.357 0. 158.428 0.357 0.934 0. -29.967 0. 0. -1. 0.
-0.961 0.277 0. 157.307 0.277 0.961 0. -29.635 0. 0. -1. 0.
-0.977 0.211 0. 156.125 0.211 0.977 0. -29.357 0. 0. -1. 0.
-0.985 0.172 0. 154.864 0.172 0.985 0. -29.134 0. 0. -1. 0.
-0.988 0.153 0. 153.571 0.153 0.988 0. -28.913 0. 0. -1. 0.
-0.989 0.149 0. 152.253 0.149 0.989 0. -28.665 0. 0. -1. 0.
-0.989 0.150 0. 150.878 0.150 0.989 0. -28.438 0. 0. -1. 0.
-0.988 0.152 0. 149.446 0.152 0.988 0. -28.186 0. 0. -1. 0.
-0.987 0.162 0. 147.987 0.162 0.987 0. -27.956 0. 0. -1. 0.
-0.983 0.183 0. 146.516 0.183 0.983 0. -27.673 0. 0. -1. 0.
-0.977 0.214 0. 144.993 0.214 0.977 0. -27.323 0. 0. -1. 0.
-0.968 0.251 0. 143.462 0.251 0.968 0. -26.898 0. 0. -1. 0.
-0.956 0.293 0. 141.935 0.293 0.956 0. -26.398 0. 0. -1. 0.
-0.942 0.336 0. 140.411 0.336 0.942 0. -25.834 0. 0. -1. 0.
-0.924 0.383 0. 138.893 0.383 0.924 0. -25.174 0. 0. -1. 0.
-0.904 0.428 0. 137.370 0.428 0.904 0. -24.439 0. 0. -1. 0.
-0.881 0.472 0. 135.866 0.472 0.881 0. -23.624 0. 0. -1. 0.
-0.857 0.515 0. 134.375 0.515 0.857 0. -22.723 0. 0. -1. 0.
-0.832 0.555 0. 132.902 0.555 0.832 0. -21.720 0. 0. -1. 0.
-0.804 0.595 0. 131.449 0.595 0.804 0. -20.620 0. 0. -1. 0.
-0.772 0.635 0. 130.055 0.635 0.772 0. -19.432 0. 0. -1. 0.
-0.739 0.673 0. 128.684 0.673 0.739 0. -18.173 0. 0. -1. 0.
-0.706 0.708 0. 127.390 0.708 0.706 0. -16.867 0. 0. -1. 0.
-0.676 0.737 0. 126.123 0.737 0.676 0. -15.511 0. 0. -1. 0.
-0.645 0.765 0. 124.917 0.765 0.645 0. -14.060 0. 0. -1. 0.
-0.619 0.786 0. 123.779 0.786 0.619 0. -12.580 0. 0. -1. 0.
-0.598 0.802 0. 122.713 0.802 0.598 0. -11.061 0. 0. -1. 0.
-0.582 0.813 0. 121.637 0.813 0.582 0. -9.497 0. 0. -1. 0.
-0.569 0.823 0. 120.601 0.823 0.569 0. -7.933 0. 0. -1. 0.
-0.559 0.829 0. 119.569 0.829 0.559 0. -6.346 0. 0. -1. 0.
-0.553 0.833 0. 118.548 0.833 0.553 0. -4.736 0. 0. -1. 0.
-0.552 0.834 0. 117.527 0.834 0.552 0. -3.120 0. 0. -1. 0.
-0.560 0.828 0. 116.500 0.828 0.560 0. -1.495 0. 0. -1. 0.
-0.576 0.817 0. 115.430 0.817 0.576 0. 0.115 0. 0. -1. 0.
-0.599 0.801 0. 114.325 0.801 0.599 0. 1.709 0. 0. -1. 0.
-0.627 0.779 0. 113.157 0.779 0.627 0. 3.262 0. 0. -1. 0.
-0.654 0.757 0. 111.933 0.757 0.654 0. 4.773 0. 0. -1. 0.
-0.685 0.728 0. 110.657 0.728 0.685 0. 6.239 0. 0. -1. 0.
-0.721 0.693 0. 109.308 0.693 0.721 0. 7.634 0. 0. -1. 0.
-0.758 0.652 0. 107.915 0.652 0.758 0. 8.926 0. 0. -1. 0.
-0.795 0.606 0. 106.421 0.606 0.795 0. 10.147 0. 0. -1. 0.
-0.834 0.551 0. 104.890 0.551 0.834 0. 11.273 0. 0. -1. 0.
-0.872 0.490 0. 103.285 0.490 0.872 0. 12.246 0. 0. -1. 0.
-0.904 0.427 0. 101.613 0.427 0.904 0. 13.133 0. 0. -1. 0.
-0.932 0.363 0. 99.880 0.363 0.932 0. 13.882 0. 0. -1. 0.
-0.952 0.305 0. 98.096 0.305 0.952 0. 14.536 0. 0. -1. 0.
-0.969 0.246 0. 96.262 0.246 0.969 0. 15.052 0. 0. -1. 0.
-0.982 0.188 0. 94.397 0.188 0.982 0. 15.490 0. 0. -1. 0.
-0.992 0.128 0. 92.481 0.128 0.992 0. 15.802 0. 0. -1. 0.
-0.998 0.069 0. 90.554 0.069 0.998 0. 16.020 0. 0. -1. 0.
-1. 0.011 0. 88.603 0.011 1. 0. 16.110 0. 0. -1. 0.
-0.999 -0.042 0. 86.611 -0.042 0.999 0. 16.074 -0. 0. -1. 0.
-0.996 -0.089 0. 84.624 -0.089 0.996 0. 15.958 -0. 0. -1. 0.
-0.991 -0.131 0. 82.635 -0.131 0.991 0. 15.749 -0. 0. -1. 0.
-0.986 -0.168 0. 80.665 -0.168 0.986 0. 15.467 -0. 0. -1. 0.
-0.981 -0.196 0. 78.655 -0.196 0.981 0. 15.124 -0. 0. -1. 0.
-0.975 -0.220 0. 76.658 -0.220 0.975 0. 14.706 -0. 0. -1. 0.
-0.971 -0.238 0. 74.656 -0.238 0.971 0. 14.258 -0. 0. -1. 0.
-0.968 -0.251 0. 72.619 -0.251 0.968 0. 13.773 -0. 0. -1. 0.
-0.965 -0.262 0. 70.588 -0.262 0.965 0. 13.272 -0. 0. -1. 0.
-0.964 -0.268 0. 68.550 -0.268 0.964 0. 12.740 -0. 0. -1. 0.
-0.963 -0.270 0. 66.502 -0.270 0.963 0. 12.213 -0. 0. -1. 0.
-0.963 -0.271 0. 64.459 -0.271 0.963 0. 11.666 -0. 0. -1. 0.
-0.963 -0.270 0. 62.401 -0.270 0.963 0. 11.118 -0. 0. -1. 0.
-0.963 -0.269 0. 60.347 -0.269 0.963 0. 10.583 -0. 0. -1. 0.
-0.964 -0.266 0. 58.289 -0.266 0.964 0. 10.056 -0. 0. -1. 0.
-0.966 -0.259 0. 56.238 -0.259 0.966 0. 9.553 -0. 0. -1. 0.
-0.967 -0.254 0. 54.169 -0.254 0.967 0. 9.059 -0. 0. -1. 0.
-0.968 -0.251 0. 52.127 -0.251 0.968 0. 8.579 -0. 0. -1. 0.
-0.969 -0.248 0. 50.080 -0.248 0.969 0. 8.105 -0. 0. -1. 0.
-0.969 -0.248 0. 48.010 -0.248 0.969 0. 7.624 -0. 0. -1. 0.
-0.969 -0.246 0. 45.980 -0.246 0.969 0. 7.140 -0. 0. -1. 0.
-0.971 -0.240 0. 43.931 -0.240 0.971 0. 6.680 -0. 0. -1. 0.
-0.972 -0.233 0. 41.905 -0.233 0.972 0. 6.229 -0. 0. -1. 0.
-0.974 -0.228 0. 39.876 -0.228 0.974 0. 5.785 -0. 0. -1. 0.
-0.975 -0.220 0. 37.887 -0.220 0.975 0. 5.377 -0. 0. -1. 0.
-0.977 -0.215 0. 35.920 -0.215 0.977 0. 4.970 -0. 0. -1. 0.
-0.978 -0.209 0. 33.911 -0.209 0.978 0. 4.571 -0. 0. -1. 0.
-0.979 -0.205 0. 31.963 -0.205 0.979 0. 4.173 -0. 0. -1. 0.
-0.980 -0.201 0. 29.987 -0.201 0.980 0. 3.826 -0. 0. -1. 0.
-0.980 -0.197 0. 27.989 -0.197 0.980 0. 3.465 -0. 0. -1. 0.
-0.981 -0.194 0. 26.048 -0.194 0.981 0. 3.133 -0. 0. -1. 0.
-0.982 -0.191 0. 24.035 -0.191 0.982 0. 2.774 -0. 0. -1. 0.
-0.982 -0.188 0. 22.039 -0.188 0.982 0. 2.434 -0. 0. -1. 0.
-0.983 -0.183 0. 20.009 -0.183 0.983 0. 2.097 -0. 0. -1. 0.
-0.984 -0.177 0. 17.967 -0.177 0.984 0. 1.769 -0. 0. -1. 0.
-0.985 -0.171 0. 15.901 -0.171 0.985 0. 1.444 -0. 0. -1. 0.
-0.986 -0.169 0. 13.836 -0.169 0.986 0. 1.112 -0. 0. -1. 0.
-0.986 -0.166 0. 11.764 -0.166 0.986 0. 0.798 -0. 0. -1. 0.
-0.986 -0.165 0. 9.644 -0.165 0.986 0. 0.476 -0. 0. -1. 0.
-0.987 -0.163 0. 7.542 -0.163 0.987 0. 0.151 -0. 0. -1. 0.
-0.987 -0.162 0. 5.427 -0.162 0.987 0. -0.167 -0. 0. -1. 0.
-0.987 -0.160 0. 3.303 -0.160 0.987 0. -0.482 -0. 0. -1. 0.
-0.987 -0.161 0. 1.172 -0.161 0.987 0. -0.815 -0. 0. -1. 0.
-0.987 -0.160 0. -0.934 -0.160 0.987 0. -1.129 -0. 0. -1. 0.
-0.987 -0.159 0. -3.067 -0.159 0.987 0. -1.441 -0. 0. -1. 0.
-0.987 -0.158 0. -5.174 -0.158 0.987 0. -1.737 -0. 0. -1. 0.
-0.988 -0.156 0. -7.279 -0.156 0.988 0. -2.025 -0. 0. -1. 0.
-0.988 -0.152 0. -9.403 -0.152 0.988 0. -2.315 -0. 0. -1. 0.
-0.989 -0.150 0. -11.530 -0.150 0.989 0. -2.625 -0. 0. -1. 0.
-0.990 -0.144 0. -13.584 -0.144 0.990 0. -2.916 -0. 0. -1. 0.
-0.991 -0.135 0. -15.738 -0.135 0.991 0. -3.160 -0. 0. -1. 0.
-0.992 -0.130 0. -17.831 -0.130 0.992 0. -3.385 -0. 0. -1. 0.
-0.992 -0.128 0. -19.949 -0.128 0.992 0. -3.607 -0. 0. -1. 0.
-0.992 -0.128 0. -22.095 -0.128 0.992 0. -3.821 -0. 0. -1. 0.
-0.991 -0.132 0. -24.240 -0.132 0.991 0. -4.022 -0. 0. -1. 0.
-0.989 -0.147 0. -26.387 -0.147 0.989 0. -4.254 -0. 0. -1. 0.
-0.986 -0.168 0. -28.528 -0.168 0.986 0. -4.555 -0. 0. -1. 0.
-0.982 -0.189 0. -30.655 -0.189 0.982 0. -4.934 -0. 0. -1. 0.
-0.978 -0.210 0. -32.775 -0.210 0.978 0. -5.364 -0. 0. -1. 0.
-0.973 -0.229 0. -34.895 -0.229 0.973 0. -5.837 -0. 0. -1. 0.
-0.969 -0.247 0. -36.985 -0.247 0.969 0. -6.326 -0. 0. -1. 0.
-0.965 -0.263 0. -39.049 -0.263 0.965 0. -6.838 -0. 0. -1. 0.
-0.962 -0.275 0. -41.131 -0.275 0.962 0. -7.386 -0. 0. -1. 0.
-0.959 -0.284 0. -43.167 -0.284 0.959 0. -7.933 -0. 0. -1. 0.
-0.957 -0.291 0. -45.192 -0.291 0.957 0. -8.495 -0. 0. -1. 0.
-0.956 -0.295 0. -47.191 -0.295 0.956 0. -9.068 -0. 0. -1. 0.
-0.955 -0.295 0. -49.144 -0.295 0.955 0. -9.623 -0. 0. -1. 0.
-0.956 -0.292 0. -51.090 -0.292 0.956 0. -10.173 -0. 0. -1. 0.
-0.959 -0.284 0. -52.979 -0.284 0.959 0. -10.703 -0. 0. -1. 0.
-0.962 -0.272 0. -54.795 -0.272 0.962 0. -11.188 -0. 0. -1. 0.
-0.966 -0.257 0. -56.539 -0.257 0.966 0. -11.638 -0. 0. -1. 0.
-0.972 -0.236 0. -58.207 -0.236 0.972 0. -12.024 -0. 0. -1. 0.
-0.978 -0.208 0. -59.787 -0.208 0.978 0. -12.345 -0. 0. -1. 0.
-0.985 -0.170 0. -61.297 -0.170 0.985 0. -12.592 -0. 0. -1. 0.
-0.994 -0.113 0. -62.725 -0.113 0.994 0. -12.745 -0. 0. -1. 0.
-0.999 -0.042 0. -64.052 -0.042 0.999 0. -12.796 -0. 0. -1. 0.
-0.999 0.037 0. -65.271 0.037 0.999 0. -12.756 0. 0. -1. 0.
-0.991 0.133 0. -66.388 0.133 0.991 0. -12.594 0. 0. -1. 0.
-0.971 0.237 0. -67.457 0.237 0.971 0. -12.333 0. 0. -1. 0.
-0.939 0.345 0. -68.457 0.345 0.939 0. -11.938 0. 0. -1. 0.
-0.891 0.455 0. -69.390 0.455 0.891 0. -11.468 0. 0. -1. 0.
-0.829 0.559 0. -70.232 0.559 0.829 0. -10.882 0. 0. -1. 0.
-0.758 0.652 0. -70.987 0.652 0.758 0. -10.195 0. 0. -1. 0.
-0.689 0.725 0. -71.691 0.725 0.689 0. -9.446 0. 0. -1. 0.
-0.621 0.784 0. -72.336 0.784 0.621 0. -8.599 0. 0. -1. 0.
-0.552 0.834 0. -72.951 0.834 0.552 0. -7.652 0. 0. -1. 0.
-0.491 0.871 0. -73.499 0.871 0.491 0. -6.609 0. 0. -1. 0.
-0.439 0.899 0. -74.021 0.899 0.439 0. -5.476 0. 0. -1. 0.
-0.391 0.920 0. -74.524 0.920 0.391 0. -4.253 0. 0. -1. 0.
-0.349 0.937 0. -74.972 0.937 0.349 0. -2.936 0. 0. -1. 0.
-0.317 0.948 0. -75.417 0.948 0.317 0. -1.541 0. 0. -1. 0.
-0.297 0.955 0. -75.856 0.955 0.297 0. -0.074 0. 0. -1. 0.
-0.282 0.959 0. -76.281 0.959 0.282 0. 1.453 0. 0. -1. 0.
-0.273 0.962 0. -76.675 0.962 0.273 0. 2.981 0. 0. -1. 0.
-0.268 0.963 0. -77.067 0.963 0.268 0. 4.543 0. 0. -1. 0.
-0.263 0.965 0. -77.460 0.965 0.263 0. 6.142 0. 0. -1. 0.
-0.257 0.966 0. -77.857 0.966 0.257 0. 7.740 0. 0. -1. 0.
-0.251 0.968 0. -78.243 0.968 0.251 0. 9.360 0. 0. -1. 0.
-0.240 0.971 0. -78.628 0.971 0.240 0. 11.019 0. 0. -1. 0.
-0.227 0.974 0. -78.993 0.974 0.227 0. 12.704 0. 0. -1. 0.
-0.206 0.978 0. -79.326 0.978 0.206 0. 14.375 0. 0. -1. 0.
-0.181 0.983 0. -79.622 0.983 0.181 0. 16.085 0. 0. -1. 0.
-0.151 0.989 0. -79.873 0.989 0.151 0. 17.792 0. 0. -1. 0.
-0.121 0.993 0. -80.073 0.993 0.121 0. 19.538 0. 0. -1. 0.
-0.092 0.996 0. -80.211 0.996 0.092 0. 21.304 0. 0. -1. 0.
-0.073 0.997 0. -80.269 0.997 0.073 0. 23.083 0. 0. -1. 0.
-0.070 0.998 0. -80.329 0.998 0.070 0. 24.833 0. 0. -1. 0.
-0.078 0.997 0. -80.421 0.997 0.078 0. 26.675 0. 0. -1. 0.
-0.094 0.996 0. -80.568 0.996 0.094 0. 28.549 0. 0. -1. 0.
-0.111 0.994 0. -80.723 0.994 0.111 0. 30.419 0. 0. -1. 0.
-0.130 0.992 0. -80.916 0.992 0.130 0. 32.262 0. 0. -1. 0.
-0.147 0.989 0. -81.166 0.989 0.147 0. 34.244 0. 0. -1. 0.
-0.164 0.986 0. -81.461 0.986 0.164 0. 36.201 0. 0. -1. 0.
-0.180 0.984 0. -81.769 0.984 0.180 0. 38.184 0. 0. -1. 0.
-0.196 0.981 0. -82.123 0.981 0.196 0. 40.175 0. 0. -1. 0.
-0.210 0.978 0. -82.498 0.978 0.210 0. 42.143 0. 0. -1. 0.
-0.226 0.974 0. -82.907 0.974 0.226 0. 44.113 0. 0. -1. 0.
-0.239 0.971 0. -83.341 0.971 0.239 0. 46.080 0. 0. -1. 0.
-0.249 0.969 0. -83.812 0.969 0.249 0. 47.964 0. 0. -1. 0.
-0.250 0.968 0. -84.281 0.968 0.250 0. 49.880 0. 0. -1. 0.
-0.251 0.968 0. -84.727 0.968 0.251 0. 51.757 0. 0. -1. 0.
-0.252 0.968 0. -85.172 0.968 0.252 0. 53.593 0. 0. -1. 0.
-0.250 0.968 0. -85.623 0.968 0.250 0. 55.405 0. 0. -1. 0.
-0.249 0.968 0. -86.036 0.968 0.249 0. 57.185 0. 0. -1. 0.
-0.250 0.968 0. -86.440 0.968 0.250 0. 58.932 0. 0. -1. 0.
-0.260 0.966 0. -86.810 0.966 0.260 0. 60.621 0. 0. -1. 0.
-0.287 0.958 0. -87.259 0.958 0.287 0. 62.236 0. 0. -1. 0.
-0.326 0.945 0. -87.727 0.945 0.326 0. 63.781 0. 0. -1. 0.
-0.378 0.926 0. -88.260 0.926 0.378 0. 65.217 0. 0. -1. 0.
-0.439 0.899 0. -88.847 0.899 0.439 0. 66.572 0. 0. -1. 0.
-0.512 0.859 0. -89.539 0.859 0.512 0. 67.832 0. 0. -1. 0.
-0.589 0.808 0. -90.352 0.808 0.589 0. 69.000 0. 0. -1. 0.
-0.666 0.746 0. -91.211 0.746 0.666 0. 70.053 0. 0. -1. 0.
-0.736 0.677 0. -92.151 0.677 0.736 0. 70.960 0. 0. -1. 0.
-0.805 0.594 0. -93.150 0.594 0.805 0. 71.781 0. 0. -1. 0.
-0.863 0.505 0. -94.268 0.505 0.863 0. 72.464 0. 0. -1. 0.
-0.914 0.406 0. -95.455 0.406 0.914 0. 73.027 0. 0. -1. 0.
-0.953 0.302 0. -96.749 0.302 0.953 0. 73.473 0. 0. -1. 0.
-0.981 0.195 0. -98.109 0.195 0.981 0. 73.787 0. 0. -1. 0.
-0.996 0.089 0. -99.500 0.089 0.996 0. 73.982 0. 0. -1. 0.
-1. -0.010 0. -100.925 -0.010 1. 0. 73.983 -0. 0. -1. 0.
-0.996 -0.085 0. -102.352 -0.085 0.996 0. 73.911 -0. 0. -1. 0.
-0.992 -0.126 0. -103.825 -0.126 0.992 0. 73.705 -0. 0. -1. 0.
-0.991 -0.135 0. -105.310 -0.135 0.991 0. 73.544 -0. 0. -1. 0.
-0.992 -0.123 0. -106.864 -0.123 0.992 0. 73.357 -0. 0. -1. 0.
-0.995 -0.100 0. -108.407 -0.100 0.995 0. 73.214 -0. 0. -1. 0.
-0.998 -0.058 0. -109.980 -0.058 0.998 0. 73.140 -0. 0. -1. 0.
-1. -0.008 0. -111.588 -0.008 1. 0. 73.124 -0. 0. -1. 0.
-0.999 0.046 0. -113.194 0.046 0.999 0. 73.218 0. 0. -1. 0.
-0.994 0.110 0. -114.867 0.110 0.994 0. 73.399 0. 0. -1. 0.
-0.985 0.175 0. -116.526 0.175 0.985 0. 73.691 0. 0. -1. 0.
-0.970 0.242 0. -118.186 0.242 0.970 0. 74.115 0. 0. -1. 0.
-0.951 0.310 0. -119.891 0.310 0.951 0. 74.695 0. 0. -1. 0.
-0.926 0.377 0. -121.567 0.377 0.926 0. 75.368 0. 0. -1. 0.
-0.900 0.435 0. -123.229 0.435 0.900 0. 76.175 0. 0. -1. 0.
-0.878 0.479 0. -124.879 0.479 0.878 0. 77.091 0. 0. -1. 0.
-0.865 0.501 0. -126.534 0.501 0.865 0. 78.084 0. 0. -1. 0.
-0.860 0.511 0. -128.229 0.511 0.860 0. 79.124 0. 0. -1. 0.
-0.858 0.514 0. -129.950 0.514 0.858 0. 80.190 0. 0. -1. 0.
-0.857 0.515 0. -131.709 0.515 0.857 0. 81.283 0. 0. -1. 0.
-0.857 0.515 0. -133.505 0.515 0.857 0. 82.393 0. 0. -1. 0.
-0.858 0.514 0. -135.326 0.514 0.858 0. 83.540 0. 0. -1. 0.
-0.860 0.510 0. -137.177 0.510 0.860 0. 84.695 0. 0. -1. 0.
-0.863 0.506 0. -139.074 0.506 0.863 0. 85.865 0. 0. -1. 0.
-0.864 0.503 0. -141.027 0.503 0.864 0. 87.053 0. 0. -1. 0.
-0.864 0.504 0. -142.981 0.504 0.864 0. 88.246 0. 0. -1. 0.
-0.863 0.505 0. -144.987 0.505 0.863 0. 89.478 0. 0. -1. 0.
-0.863 0.505 0. -147.030 0.505 0.863 0. 90.724 0. 0. -1. 0.
-0.863 0.506 0. -149.103 0.506 0.863 0. 91.991 0. 0. -1. 0.
-0.862 0.507 0. -151.201 0.507 0.862 0. 93.293 0. 0. -1. 0.
-0.863 0.506 0. -153.321 0.506 0.863 0. 94.594 0. 0. -1. 0.
-0.862 0.507 0. -155.481 0.507 0.862 0. 95.908 0. 0. -1. 0.
-0.861 0.509 0. -157.650 0.509 0.861 0. 97.252 0. 0. -1. 0.
-0.859 0.512 0. -159.839 0.512 0.859 0. 98.626 0. 0. -1. 0.
-0.856 0.517 0. -162.025 0.517 0.856 0. 99.998 0. 0. -1. 0.
-0.854 0.521 0. -164.232 0.521 0.854 0. 101.401 0. 0. -1. 0.
-0.851 0.525 0. -166.402 0.525 0.851 0. 102.793 0. 0. -1. 0.
-0.849 0.529 0. -168.559 0.529 0.849 0. 104.206 0. 0. -1. 0.
-0.846 0.533 0. -170.700 0.533 0.846 0. 105.633 0. 0. -1. 0.
-0.845 0.535 0. -172.816 0.535 0.845 0. 107.029 0. 0. -1. 0.
-0.843 0.538 0. -174.927 0.538 0.843 0. 108.399 0. 0. -1. 0.
-0.841 0.542 0. -177.005 0.542 0.841 0. 109.761 0. 0. -1. 0.
-0.836 0.549 0. -179.033 0.549 0.836 0. 111.143 0. 0. -1. 0.
-0.829 0.559 0. -181.031 0.559 0.829 0. 112.540 0. 0. -1. 0.
-0.817 0.577 0. -182.976 0.577 0.817 0. 113.945 0. 0. -1. 0.
-0.800 0.600 0. -184.869 0.600 0.800 0. 115.394 0. 0. -1. 0.
-0.782 0.623 0. -186.678 0.623 0.782 0. 116.886 0. 0. -1. 0.
-0.761 0.649 0. -188.434 0.649 0.761 0. 118.415 0. 0. -1. 0.
-0.736 0.677 0. -190.127 0.677 0.736 0. 119.990 0. 0. -1. 0.
-0.721 0.693 0. -191.757 0.693 0.721 0. 121.619 0. 0. -1. 0.
-0.708 0.706 0. -193.369 0.706 0.708 0. 123.265 0. 0. -1. 0.
-0.696 0.718 0. -194.948 0.718 0.696 0. 124.918 0. 0. -1. 0.
-0.683 0.731 0. -196.469 0.731 0.683 0. 126.570 0. 0. -1. 0.
-0.670 0.743 0. -197.928 0.743 0.670 0. 128.216 0. 0. -1. 0.
-0.653 0.757 0. -199.334 0.757 0.653 0. 129.855 0. 0. -1. 0.
-0.633 0.774 0. -200.647 0.774 0.633 0. 131.476 0. 0. -1. 0.
-0.605 0.796 0. -201.878 0.796 0.605 0. 133.089 0. 0. -1. 0.
-0.569 0.822 0. -203.028 0.822 0.569 0. 134.731 0. 0. -1. 0.
-0.530 0.848 0. -204.069 0.848 0.530 0. 136.383 0. 0. -1. 0.
-0.493 0.870 0. -205.013 0.870 0.493 0. 138.082 0. 0. -1. 0.
-0.459 0.888 0. -205.882 0.888 0.459 0. 139.811 0. 0. -1. 0.
-0.432 0.902 0. -206.687 0.902 0.432 0. 141.556 0. 0. -1. 0.
-0.413 0.911 0. -207.461 0.911 0.413 0. 143.337 0. 0. -1. 0.
-0.401 0.916 0. -208.227 0.916 0.401 0. 145.142 0. 0. -1. 0.
-0.389 0.921 0. -208.991 0.921 0.389 0. 146.989 0. 0. -1. 0.
-0.378 0.926 0. -209.740 0.926 0.378 0. 148.890 0. 0. -1. 0.
-0.366 0.931 0. -210.481 0.931 0.366 0. 150.819 0. 0. -1. 0.
-0.349 0.937 0. -211.187 0.937 0.349 0. 152.791 0. 0. -1. 0.
-0.331 0.944 0. -211.857 0.944 0.331 0. 154.798 0. 0. -1. 0.
-0.314 0.950 0. -212.480 0.950 0.314 0. 156.805 0. 0. -1. 0.
-0.299 0.954 0. -213.074 0.954 0.299 0. 158.802 0. 0. -1. 0.
-0.293 0.956 0. -213.636 0.956 0.293 0. 160.795 0. 0. -1. 0.
-0.296 0.955 0. -214.183 0.955 0.296 0. 162.772 0. 0. -1. 0.
-0.312 0.950 0. -214.735 0.950 0.312 0. 164.718 0. 0. -1. 0.
-0.337 0.941 0. -215.344 0.941 0.337 0. 166.639 0. 0. -1. 0.
-0.375 0.927 0. -216.023 0.927 0.375 0. 168.509 0. 0. -1. 0.
-0.419 0.908 0. -216.791 0.908 0.419 0. 170.308 0. 0. -1. 0.
-0.468 0.884 0. -217.646 0.884 0.468 0. 172.079 0. 0. -1. 0.
-0.523 0.853 0. -218.571 0.853 0.523 0. 173.764 0. 0. -1. 0.
-0.580 0.814 0. -219.626 0.814 0.580 0. 175.360 0. 0. -1. 0.
-0.634 0.773 0. -220.796 0.773 0.634 0. 176.881 0. 0. -1. 0.
-0.689 0.725 0. -222.055 0.725 0.689 0. 178.290 0. 0. -1. 0.
-0.743 0.669 0. -223.386 0.669 0.743 0. 179.595 0. 0. -1. 0.
-0.795 0.607 0. -224.826 0.607 0.795 0. 180.782 0. 0. -1. 0.
-0.841 0.541 0. -226.367 0.541 0.841 0. 181.891 0. 0. -1. 0.
-0.882 0.471 0. -228.002 0.471 0.882 0. 182.864 0. 0. -1. 0.
-0.918 0.397 0. -229.742 0.397 0.918 0. 183.711 0. 0. -1. 0.
-0.947 0.321 0. -231.582 0.321 0.947 0. 184.427 0. 0. -1. 0.
-0.967 0.254 0. -233.507 0.254 0.967 0. 185.015 0. 0. -1. 0.
-0.981 0.196 0. -235.528 0.196 0.981 0. 185.511 0. 0. -1. 0.
-0.990 0.143 0. -237.630 0.143 0.990 0. 185.901 0. 0. -1. 0.
-0.995 0.097 0. -239.801 0.097 0.995 0. 186.179 0. 0. -1. 0.
-0.998 0.062 0. -242.048 0.062 0.998 0. 186.376 0. 0. -1. 0.
-0.999 0.035 0. -244.377 0.035 0.999 0. 186.527 0. 0. -1. 0.
-1.000 0.016 0. -246.792 0.016 1.000 0. 186.617 0. 0. -1. 0.
-1. 0.008 0. -249.249 0.008 1. 0. 186.681 0. 0. -1. 0.
-1. 0.005 0. -251.810 0.005 1. 0. 186.748 0. 0. -1. 0.
-1. 0.004 0. -254.409 0.004 1. 0. 186.809 0. 0. -1. 0.
-1. 0.004 0. -257.081 0.004 1. 0. 186.868 0. 0. -1. 0.
-1. 0.007 0. -259.810 0.007 1. 0. 186.947 0. 0. -1. 0.
-1. 0.012 0. -262.568 0.012 1. 0. 187.029 0. 0. -1. 0.
-1.000 0.015 0. -265.375 0.015 1.000 0. 187.128 0. 0. -1. 0.
-1.000 0.017 0. -268.145 0.017 1.000 0. 187.220 0. 0. -1. 0.
-1.000 0.019 0. -270.935 0.019 1.000 0. 187.326 0. 0. -1. 0.
-1.000 0.021 0. -273.707 0.021 1.000 0. 187.443 0. 0. -1. 0.
-1.000 0.023 0. -276.450 0.023 1.000 0. 187.565 0. 0. -1. 0.
-1.000 0.026 0. -279.193 0.026 1.000 0. 187.705 0. 0. -1. 0.
-1.000 0.028 0. -281.903 0.028 1.000 0. 187.847 0. 0. -1. 0.
-1.000 0.029 0. -284.584 0.029 1.000 0. 187.977 0. 0. -1. 0.
-1.000 0.030 0. -287.235 0.030 1.000 0. 188.111 0. 0. -1. 0.
-0.999 0.036 0. -289.872 0.036 0.999 0. 188.243 0. 0. -1. 0.
-0.999 0.050 0. -292.408 0.050 0.999 0. 188.392 0. 0. -1. 0.
-0.997 0.072 0. -294.883 0.072 0.997 0. 188.586 0. 0. -1. 0.
-0.995 0.099 0. -297.233 0.099 0.995 0. 188.834 0. 0. -1. 0.
-0.992 0.130 0. -299.478 0.130 0.992 0. 189.155 0. 0. -1. 0.
-0.987 0.163 0. -301.528 0.163 0.987 0. 189.507 0. 0. -1. 0.
-0.981 0.193 0. -303.424 0.193 0.981 0. 189.902 0. 0. -1. 0.
-0.975 0.223 0. -305.202 0.223 0.975 0. 190.316 0. 0. -1. 0.
-0.965 0.261 0. -306.807 0.261 0.965 0. 190.807 0. 0. -1. 0.
-0.955 0.297 0. -308.295 0.297 0.955 0. 191.282 0. 0. -1. 0.
-0.936 0.351 0. -309.726 0.351 0.936 0. 191.847 0. 0. -1. 0.
-0.913 0.409 0. -311.047 0.409 0.913 0. 192.387 0. 0. -1. 0.
-0.879 0.476 0. -312.273 0.476 0.879 0. 193.040 0. 0. -1. 0.
-0.836 0.549 0. -313.388 0.549 0.836 0. 193.752 0. 0. -1. 0.
-0.781 0.624 0. -314.412 0.624 0.781 0. 194.502 0. 0. -1. 0.
-0.724 0.690 0. -315.338 0.690 0.724 0. 195.368 0. 0. -1. 0.
-0.663 0.749 0. -316.038 0.749 0.663 0. 196.358 0. 0. -1. 0.
-0.590 0.807 0. -316.762 0.807 0.590 0. 197.288 0. 0. -1. 0.
-0.531 0.848 0. -317.398 0.848 0.531 0. 198.409 0. 0. -1. 0.
-0.461 0.887 0. -317.935 0.887 0.461 0. 199.642 0. 0. -1. 0.
-0.392 0.920 0. -318.541 0.920 0.392 0. 200.977 0. 0. -1. 0.
-0.318 0.948 0. -319.023 0.948 0.318 0. 202.447 0. 0. -1. 0.
-0.239 0.971 0. -319.418 0.971 0.239 0. 204.066 0. 0. -1. 0.
-0.171 0.985 0. -319.721 0.985 0.171 0. 205.828 0. 0. -1. 0.
-0.113 0.994 0. -319.926 0.994 0.113 0. 207.730 0. 0. -1. 0.
-0.075 0.997 0. -320.047 0.997 0.075 0. 209.763 0. 0. -1. 0.
-0.053 0.999 0. -320.125 0.999 0.053 0. 211.912 0. 0. -1. 0.
-0.044 0.999 0. -320.182 0.999 0.044 0. 214.190 0. 0. -1. 0.
-0.040 0.999 0. -320.232 0.999 0.040 0. 216.568 0. 0. -1. 0.
-0.038 0.999 0. -320.280 0.999 0.038 0. 219.034 0. 0. -1. 0.
-0.035 0.999 0. -320.320 0.999 0.035 0. 221.585 0. 0. -1. 0.
-0.030 1.000 0. -320.348 1.000 0.030 0. 224.177 0. 0. -1. 0.
-0.026 1.000 0. -320.361 1.000 0.026 0. 226.819 0. 0. -1. 0.
-0.021 1.000 0. -320.366 1.000 0.021 0. 229.524 0. 0. -1. 0.
-0.017 1.000 0. -320.358 1.000 0.017 0. 232.313 0. 0. -1. 0.
-0.013 1. 0. -320.339 1. 0.013 0. 235.157 0. 0. -1. 0.
-0.010 1. 0. -320.313 1. 0.010 0. 238.080 0. 0. -1. 0.
-0.006 1. 0. -320.275 1. 0.006 0. 241.078 0. 0. -1. 0.
-0.002 1. 0. -320.217 1. 0.002 0. 244.154 0. 0. -1. 0.
0.001 1. 0. -320.152 1. -0.001 0. 247.274 0. 0. -1. 0.
0.002 1. 0. -320.077 1. -0.002 0. 250.464 0. 0. -1. 0.
0.002 1. 0. -320.001 1. -0.002 0. 253.708 0. 0. -1. 0.
0.003 1. 0. -319.924 1. -0.003 0. 257.010 0. 0. -1. 0.
0.003 1. 0. -319.847 1. -0.003 0. 260.368 0. 0. -1. 0.
0.004 1. 0. -319.761 1. -0.004 0. 263.773 0. 0. -1. 0.
0.004 1. 0. -319.670 1. -0.004 0. 267.240 0. 0. -1. 0.
0.004 1. 0. -319.582 1. -0.004 0. 270.722 0. 0. -1. 0.
0.005 1. 0. -319.491 1. -0.005 0. 274.226 0. 0. -1. 0.
0.005 1. 0. -319.400 1. -0.005 0. 277.769 0. 0. -1. 0.
0.005 1. 0. -319.304 1. -0.005 0. 281.345 0. 0. -1. 0.
0.005 1. 0. -319.214 1. -0.005 0. 284.943 0. 0. -1. 0.
0.007 1. 0. -319.123 1. -0.007 0. 288.581 0. 0. -1. 0.
0.007 1. 0. -319.025 1. -0.007 0. 292.221 0. 0. -1. 0.
0.008 1. 0. -318.923 1. -0.008 0. 295.873 0. 0. -1. 0.
0.010 1. 0. -318.810 1. -0.010 0. 299.525 0. 0. -1. 0.
0.010 1. 0. -318.697 1. -0.010 0. 303.183 0. 0. -1. 0.
0.011 1. 0. -318.586 1. -0.011 0. 306.849 0. 0. -1. 0.
0.010 1. 0. -318.473 1. -0.010 0. 310.534 0. 0. -1. 0.
0.009 1. 0. -318.356 1. -0.009 0. 314.232 0. 0. -1. 0.
0.008 1. 0. -318.253 1. -0.008 0. 317.922 0. 0. -1. 0.
0.008 1. 0. -318.148 1. -0.008 0. 321.615 0. 0. -1. 0.
0.007 1. 0. -318.038 1. -0.007 0. 325.304 0. 0. -1. 0.
0.006 1. 0. -317.935 1. -0.006 0. 328.973 0. 0. -1. 0.
0.004 1. 0. -317.835 1. -0.004 0. 332.626 0. 0. -1. 0.
0.004 1. 0. -317.745 1. -0.004 0. 336.256 0. 0. -1. 0.
0.002 1. 0. -317.655 1. -0.002 0. 339.865 0. 0. -1. 0.
0.002 1. 0. -317.575 1. -0.002 0. 343.440 0. 0. -1. 0.
0.002 1. 0. -317.491 1. -0.002 0. 346.979 0. 0. -1. 0.
0.001 1. 0. -317.407 1. -0.001 0. 350.508 0. 0. -1. 0.
0.001 1. 0. -317.334 1. -0.001 0. 353.984 0. 0. -1. 0.
0.001 1. 0. -317.262 1. -0.001 0. 357.395 0. 0. -1. 0.
0.001 1. 0. -317.190 1. -0.001 0. 360.694 0. 0. -1. 0.
0.001 1. 0. -317.118 1. -0.001 0. 363.882 0. 0. -1. 0.
-0.000 1. 0. -317.050 1. 0.000 0. 366.949 0. 0. -1. 0.
-0.002 1. 0. -316.994 1. 0.002 0. 369.891 0. 0. -1. 0.
-0.003 1. 0. -316.945 1. 0.003 0. 372.714 0. 0. -1. 0.
-0.002 1. 0. -316.898 1. 0.002 0. 375.423 0. 0. -1. 0.
-0.002 1. 0. -316.849 1. 0.002 0. 378.053 0. 0. -1. 0.
-0.001 1. 0. -316.788 1. 0.001 0. 380.604 0. 0. -1. 0.
-0.001 1. 0. -316.740 1. 0.001 0. 383.042 0. 0. -1. 0.
0.000 1. 0. -316.698 1. -0.000 0. 385.402 0. 0. -1. 0.
0.001 1. 0. -316.653 1. -0.001 0. 387.665 0. 0. -1. 0.
-0.001 1. 0. -316.600 1. 0.001 0. 389.835 0. 0. -1. 0.
-0.004 1. 0. -316.565 1. 0.004 0. 391.926 0. 0. -1. 0.
-0.007 1. 0. -316.534 1. 0.007 0. 393.914 0. 0. -1. 0.
-0.006 1. 0. -316.507 1. 0.006 0. 395.808 0. 0. -1. 0.
-0.008 1. 0. -316.482 1. 0.008 0. 397.593 0. 0. -1. 0.
-0.009 1. 0. -316.462 1. 0.009 0. 399.268 0. 0. -1. 0.
-0.009 1. 0. -316.448 1. 0.009 0. 400.827 0. 0. -1. 0.
-0.011 1. 0. -316.433 1. 0.011 0. 402.265 0. 0. -1. 0.
-0.014 1.000 0. -316.429 1.000 0.014 0. 403.583 0. 0. -1. 0.
-0.017 1.000 0. -316.428 1.000 0.017 0. 404.790 0. 0. -1. 0.
-0.019 1.000 0. -316.429 1.000 0.019 0. 405.904 0. 0. -1. 0.
-0.021 1.000 0. -316.432 1.000 0.021 0. 406.944 0. 0. -1. 0.
-0.021 1.000 0. -316.435 1.000 0.021 0. 407.906 0. 0. -1. 0.
-0.021 1.000 0. -316.435 1.000 0.021 0. 408.779 0. 0. -1. 0.
-0.019 1.000 0. -316.435 1.000 0.019 0. 409.540 0. 0. -1. 0.
-0.016 1.000 0. -316.431 1.000 0.016 0. 410.170 0. 0. -1. 0.
-0.015 1.000 0. -316.427 1.000 0.015 0. 410.669 0. 0. -1. 0.
-0.013 1. 0. -316.421 1. 0.013 0. 411.052 0. 0. -1. 0.
-0.012 1. 0. -316.423 1. 0.012 0. 411.339 0. 0. -1. 0.
-0.011 1. 0. -316.422 1. 0.011 0. 411.576 0. 0. -1. 0.
-0.011 1. 0. -316.417 1. 0.011 0. 411.771 0. 0. -1. 0.
-0.010 1. 0. -316.416 1. 0.010 0. 411.939 0. 0. -1. 0.
-0.010 1. 0. -316.413 1. 0.010 0. 412.082 0. 0. -1. 0.
-0.009 1. 0. -316.411 1. 0.009 0. 412.208 0. 0. -1. 0.
-0.009 1. 0. -316.410 1. 0.009 0. 412.320 0. 0. -1. 0.
-0.008 1. 0. -316.408 1. 0.008 0. 412.423 0. 0. -1. 0.
-0.008 1. 0. -316.407 1. 0.008 0. 412.519 0. 0. -1. 0.
-0.008 1. 0. -316.406 1. 0.008 0. 412.599 0. 0. -1. 0.
-0.008 1. 0. -316.405 1. 0.008 0. 412.664 0. 0. -1. 0.
-0.008 1. 0. -316.404 1. 0.008 0. 412.716 0. 0. -1. 0.
-0.007 1. 0. -316.404 1. 0.007 0. 412.763 0. 0. -1. 0.
-0.007 1. 0. -316.404 1. 0.007 0. 412.803 0. 0. -1. 0.
-0.007 1. 0. -316.403 1. 0.007 0. 412.841 0. 0. -1. 0.
-0.007 1. 0. -316.403 1. 0.007 0. 412.882 0. 0. -1. 0.
-0.007 1. 0. -316.402 1. 0.007 0. 412.924 0. 0. -1. 0.
-0.007 1. 0. -316.402 1. 0.007 0. 412.966 0. 0. -1. 0.
-0.006 1. 0. -316.401 1. 0.006 0. 413.006 0. 0. -1. 0.
-0.006 1. 0. -316.400 1. 0.006 0. 413.044 0. 0. -1. 0.
-0.006 1. 0. -316.400 1. 0.006 0. 413.079 0. 0. -1. 0.
-0.006 1. 0. -316.399 1. 0.006 0. 413.112 0. 0. -1. 0.
-0.006 1. 0. -316.399 1. 0.006 0. 413.140 0. 0. -1. 0.
-0.006 1. 0. -316.398 1. 0.006 0. 413.173 0. 0. -1. 0.
-0.006 1. 0. -316.398 1. 0.006 0. 413.229 0. 0. -1. 0.
-0.006 1. 0. -316.396 1. 0.006 0. 413.313 0. 0. -1. 0.
-0.005 1. 0. -316.394 1. 0.005 0. 413.425 0. 0. -1. 0.
-0.005 1. 0. -316.391 1. 0.005 0. 413.564 0. 0. -1. 0.
-0.004 1. 0. -316.390 1. 0.004 0. 413.730 0. 0. -1. 0.
-0.003 1. 0. -316.388 1. 0.003 0. 413.935 0. 0. -1. 0.
-0.002 1. 0. -316.380 1. 0.002 0. 414.201 0. 0. -1. 0.
-0.000 1. 0. -316.372 1. 0.000 0. 414.541 0. 0. -1. 0.
0.001 1. 0. -316.361 1. -0.001 0. 414.967 0. 0. -1. 0.
0.003 1. 0. -316.348 1. -0.003 0. 415.482 0. 0. -1. 0.
0.005 1. 0. -316.333 1. -0.005 0. 416.078 0. 0. -1. 0.
0.006 1. 0. -316.314 1. -0.006 0. 416.751 0. 0. -1. 0.
0.008 1. 0. -316.290 1. -0.008 0. 417.496 0. 0. -1. 0.
0.010 1. 0. -316.265 1. -0.010 0. 418.308 0. 0. -1. 0.
0.011 1. 0. -316.238 1. -0.011 0. 419.192 0. 0. -1. 0.
0.011 1. 0. -316.207 1. -0.011 0. 420.145 0. 0. -1. 0.
0.010 1. 0. -316.177 1. -0.010 0. 421.155 0. 0. -1. 0.
0.009 1. 0. -316.150 1. -0.009 0. 422.214 0. 0. -1. 0.
0.009 1. 0. -316.115 1. -0.009 0. 423.321 0. 0. -1. 0.
0.009 1. 0. -316.085 1. -0.009 0. 424.490 0. 0. -1. 0.
0.008 1. 0. -316.051 1. -0.008 0. 425.711 0. 0. -1. 0.
0.008 1. 0. -316.011 1. -0.008 0. 426.992 0. 0. -1. 0.
0.008 1. 0. -315.976 1. -0.008 0. 428.337 0. 0. -1. 0.
0.008 1. 0. -315.935 1. -0.008 0. 429.742 0. 0. -1. 0.
0.008 1. 0. -315.894 1. -0.008 0. 431.231 0. 0. -1. 0.
0.008 1. 0. -315.852 1. -0.008 0. 432.789 0. 0. -1. 0.
0.008 1. 0. -315.809 1. -0.008 0. 434.409 0. 0. -1. 0.
0.007 1. 0. -315.763 1. -0.007 0. 436.086 0. 0. -1. 0.
0.007 1. 0. -315.718 1. -0.007 0. 437.815 0. 0. -1. 0.
0.006 1. 0. -315.670 1. -0.006 0. 439.589 0. 0. -1. 0.
0.006 1. 0. -315.621 1. -0.006 0. 441.398 0. 0. -1. 0.
0.006 1. 0. -315.571 1. -0.006 0. 443.261 0. 0. -1. 0.
0.006 1. 0. -315.518 1. -0.006 0. 445.168 0. 0. -1. 0.
0.006 1. 0. -315.468 1. -0.006 0. 447.127 0. 0. -1. 0.
0.005 1. 0. -315.417 1. -0.005 0. 449.136 0. 0. -1. 0.
0.004 1. 0. -315.369 1. -0.004 0. 451.201 0. 0. -1. 0.
0.003 1. 0. -315.321 1. -0.003 0. 453.316 0. 0. -1. 0.
0.002 1. 0. -315.274 1. -0.002 0. 455.483 0. 0. -1. 0.
0.000 1. 0. -315.228 1. -0.000 0. 457.699 0. 0. -1. 0.
-0.001 1. 0. -315.182 1. 0.001 0. 459.942 0. 0. -1. 0.
0.000 1. 0. -315.138 1. -0.000 0. 462.203 0. 0. -1. 0.
0.003 1. 0. -315.089 1. -0.003 0. 464.497 0. 0. -1. 0.
0.009 1. 0. -315.031 1. -0.009 0. 466.795 0. 0. -1. 0.
0.014 1.000 0. -314.956 1.000 -0.014 0. 469.123 0. 0. -1. 0.
0.018 1.000 0. -314.871 1.000 -0.018 0. 471.476 0. 0. -1. 0.
0.020 1.000 0. -314.780 1.000 -0.020 0. 473.854 0. 0. -1. 0.
0.021 1.000 0. -314.681 1.000 -0.021 0. 476.256 0. 0. -1. 0.
0.020 1.000 0. -314.588 1.000 -0.020 0. 478.682 0. 0. -1. 0.
0.019 1.000 0. -314.500 1.000 -0.019 0. 481.169 0. 0. -1. 0.
0.017 1.000 0. -314.407 1.000 -0.017 0. 483.703 0. 0. -1. 0.
0.016 1.000 0. -314.318 1.000 -0.016 0. 486.262 0. 0. -1. 0.
0.012 1. 0. -314.231 1. -0.012 0. 488.842 0. 0. -1. 0.
0.008 1. 0. -314.154 1. -0.008 0. 491.463 0. 0. -1. 0.
0.003 1. 0. -314.085 1. -0.003 0. 494.098 0. 0. -1. 0.
-0.002 1. 0. -314.031 1. 0.002 0. 496.751 0. 0. -1. 0.
-0.007 1. 0. -313.990 1. 0.007 0. 499.436 0. 0. -1. 0.
-0.013 1. 0. -313.958 1. 0.013 0. 502.150 0. 0. -1. 0.
-0.020 1.000 0. -313.948 1.000 0.020 0. 504.895 0. 0. -1. 0.
-0.027 1.000 0. -313.959 1.000 0.027 0. 507.653 0. 0. -1. 0.
-0.034 0.999 0. -313.988 0.999 0.034 0. 510.429 0. 0. -1. 0.
-0.040 0.999 0. -314.040 0.999 0.040 0. 513.229 0. 0. -1. 0.
-0.046 0.999 0. -314.103 0.999 0.046 0. 516.057 0. 0. -1. 0.
-0.049 0.999 0. -314.184 0.999 0.049 0. 518.902 0. 0. -1. 0.
-0.051 0.999 0. -314.276 0.999 0.051 0. 521.771 0. 0. -1. 0.
-0.055 0.999 0. -314.371 0.999 0.055 0. 524.662 0. 0. -1. 0.
-0.061 0.998 0. -314.486 0.998 0.061 0. 527.587 0. 0. -1. 0.
-0.065 0.998 0. -314.611 0.998 0.065 0. 530.536 0. 0. -1. 0.
-0.072 0.997 0. -314.747 0.997 0.072 0. 533.516 0. 0. -1. 0.
-0.080 0.997 0. -314.919 0.997 0.080 0. 536.486 0. 0. -1. 0.
-0.089 0.996 0. -315.114 0.996 0.089 0. 539.455 0. 0. -1. 0.
-0.097 0.995 0. -315.328 0.995 0.097 0. 542.407 0. 0. -1. 0.
-0.103 0.995 0. -315.572 0.995 0.103 0. 545.344 0. 0. -1. 0.
-0.106 0.994 0. -315.814 0.994 0.106 0. 548.255 0. 0. -1. 0.
-0.109 0.994 0. -316.056 0.994 0.109 0. 551.139 0. 0. -1. 0.
-0.113 0.994 0. -316.319 0.994 0.113 0. 554.001 0. 0. -1. 0.
-0.117 0.993 0. -316.582 0.993 0.117 0. 556.843 0. 0. -1. 0.
-0.119 0.993 0. -316.852 0.993 0.119 0. 559.621 0. 0. -1. 0.
-0.123 0.992 0. -317.130 0.992 0.123 0. 562.339 0. 0. -1. 0.
-0.126 0.992 0. -317.406 0.992 0.126 0. 564.945 0. 0. -1. 0.
-0.130 0.992 0. -317.690 0.992 0.130 0. 567.468 0. 0. -1. 0.
-0.134 0.991 0. -317.974 0.991 0.134 0. 569.940 0. 0. -1. 0.
-0.138 0.990 0. -318.241 0.990 0.138 0. 572.304 0. 0. -1. 0.
-0.143 0.990 0. -318.513 0.990 0.143 0. 574.616 0. 0. -1. 0.
-0.148 0.989 0. -318.790 0.989 0.148 0. 576.845 0. 0. -1. 0.
-0.156 0.988 0. -319.061 0.988 0.156 0. 579.006 0. 0. -1. 0.
-0.165 0.986 0. -319.354 0.986 0.165 0. 581.040 0. 0. -1. 0.
-0.172 0.985 0. -319.639 0.985 0.172 0. 583.004 0. 0. -1. 0.
-0.180 0.984 0. -319.920 0.984 0.180 0. 584.873 0. 0. -1. 0.
-0.188 0.982 0. -320.207 0.982 0.188 0. 586.617 0. 0. -1. 0.
-0.196 0.981 0. -320.506 0.981 0.196 0. 588.298 0. 0. -1. 0.
-0.203 0.979 0. -320.813 0.979 0.203 0. 589.905 0. 0. -1. 0.
-0.208 0.978 0. -321.111 0.978 0.208 0. 591.440 0. 0. -1. 0.
-0.211 0.977 0. -321.407 0.977 0.211 0. 592.915 0. 0. -1. 0.
-0.213 0.977 0. -321.687 0.977 0.213 0. 594.320 0. 0. -1. 0.
-0.215 0.977 0. -321.961 0.977 0.215 0. 595.672 0. 0. -1. 0.
-0.215 0.977 0. -322.220 0.977 0.215 0. 596.978 0. 0. -1. 0.
-0.215 0.977 0. -322.481 0.977 0.215 0. 598.247 0. 0. -1. 0.
