1608317079518053 1.00000 0.00000 0.00000 -0.00000 0.00000 -1.00000 0.00000 0.00000 0.00000 -0.00000 -1.00000 0.00000
1608317079768059 1.00000 0.00132 0.00000 0.01547 0.00132 -1.00000 0.00000 -0.02087 0.00000 -0.00000 -1.00000 -0.00000
1608317080018069 1.00000 -0.00114 0.00000 -0.00415 -0.00114 -1.00000 0.00000 0.00218 -0.00000 -0.00000 -1.00000 0.00000
1608317080268064 1.00000 -0.00120 0.00000 0.00402 -0.00120 -1.00000 0.00000 -0.01254 -0.00000 -0.00000 -1.00000 -0.00000
1608317080518063 1.00000 -0.00061 0.00000 0.00274 -0.00061 -1.00000 0.00000 -0.00830 -0.00000 -0.00000 -1.00000 -0.00000
1608317080768066 1.00000 -0.00122 -0.00000 -0.01028 -0.00122 -1.00000 0.00000 0.00040 -0.00000 -0.00000 -1.00000 0.00000
1608317081018069 0.99998 -0.00674 0.00000 0.00204 -0.00674 -0.99998 0.00000 -0.00354 -0.00000 -0.00000 -1.00000 -0.00000
1608317081268075 0.99999 -0.00545 0.00000 0.03426 -0.00545 -0.99999 0.00000 -0.01594 -0.00000 -0.00000 -1.00000 -0.00000
1608317081518069 1.00000 0.00075 0.00000 0.01291 0.00075 -1.00000 0.00000 -0.02055 0.00000 -0.00000 -1.00000 -0.00000
1608317081768074 0.99997 -0.00802 0.00000 -0.00544 -0.00802 -0.99997 0.00000 0.00054 -0.00000 -0.00000 -1.00000 0.00000
1608317082017457 0.99999 -0.00372 0.00000 0.04895 -0.00372 -0.99999 0.00000 -0.12283 -0.00000 -0.00000 -1.00000 -0.00000
1608317082267462 1.00000 0.00197 0.00000 -0.02379 0.00197 -1.00000 0.00000 -0.01462 0.00000 -0.00000 -1.00000 -0.00000
1608317082518089 0.99999 -0.00345 0.00000 0.00260 -0.00345 -0.99999 0.00000 -0.02740 -0.00000 -0.00000 -1.00000 -0.00000
1608317082768091 0.99999 -0.00354 0.00000 0.01250 -0.00354 -0.99999 0.00000 -0.01041 -0.00000 -0.00000 -1.00000 -0.00000
1608317083018090 0.99999 -0.00474 0.00000 0.00038 -0.00474 -0.99999 0.00000 -0.01065 -0.00000 -0.00000 -1.00000 -0.00000
1608317083268100 0.99998 -0.00681 0.00000 0.02470 -0.00681 -0.99998 0.00000 -0.00440 -0.00000 -0.00000 -1.00000 -0.00000
1608317083518140 0.99999 -0.00496 0.00000 0.01193 -0.00496 -0.99999 0.00000 -0.01207 -0.00000 -0.00000 -1.00000 -0.00000
1608317083768105 0.99999 -0.00349 0.00000 0.00691 -0.00349 -0.99999 0.00000 -0.00175 -0.00000 -0.00000 -1.00000 -0.00000
1608317084018104 1.00000 0.00132 -0.00000 0.01429 0.00132 -1.00000 0.00000 -0.02594 0.00000 -0.00000 -1.00000 -0.00000
1608317084268105 1.00000 0.00127 0.00000 -0.00618 0.00127 -1.00000 0.00000 0.00181 0.00000 -0.00000 -1.00000 0.00000
1608317084518111 1.00000 0.00046 0.00000 0.00507 0.00046 -1.00000 0.00000 -0.01098 0.00000 -0.00000 -1.00000 -0.00000
1608317084768119 1.00000 0.00091 0.00000 0.01787 0.00091 -1.00000 0.00000 -0.02842 0.00000 -0.00000 -1.00000 -0.00000
1608317085018116 0.99999 -0.00545 0.00000 0.02463 -0.00545 -0.99999 0.00000 -0.09720 -0.00000 -0.00000 -1.00000 -0.00000
1608317085268121 1.00000 0.00094 0.00000 0.01149 0.00094 -1.00000 0.00000 -0.00751 0.00000 -0.00000 -1.00000 -0.00000
1608317085518120 1.00000 0.00210 0.00000 -0.00072 0.00210 -1.00000 0.00000 0.00359 0.00000 -0.00000 -1.00000 0.00000
1608317085768131 1.00000 0.00227 -0.00000 0.01622 0.00227 -1.00000 0.00000 -0.04106 0.00000 -0.00000 -1.00000 -0.00000
1608317086018132 1.00000 0.00189 0.00000 0.01067 0.00189 -1.00000 0.00000 -0.02221 0.00000 -0.00000 -1.00000 -0.00000
1608317086268135 1.00000 0.00156 0.00000 0.00959 0.00156 -1.00000 0.00000 -0.02952 0.00000 -0.00000 -1.00000 -0.00000
1608317086518136 1.00000 0.00102 0.00000 -0.00116 0.00102 -1.00000 0.00000 -0.01003 0.00000 -0.00000 -1.00000 -0.00000
1608317086768136 0.99999 -0.00477 0.00000 -0.00862 -0.00477 -0.99999 0.00000 0.01017 -0.00000 -0.00000 -1.00000 0.00000
1608317087017517 0.99998 -0.00617 0.00000 0.02798 -0.00617 -0.99998 0.00000 -0.10528 -0.00000 -0.00000 -1.00000 -0.00000
1608317087267522 1.00000 -0.00236 0.00000 -0.00704 -0.00236 -1.00000 0.00000 -0.07190 -0.00000 -0.00000 -1.00000 -0.00000
1608317087518146 0.99996 -0.00934 0.00000 0.00897 -0.00934 -0.99996 0.00000 -0.02034 -0.00000 -0.00000 -1.00000 -0.00000
1608317087767524 1.00000 0.00158 0.00000 0.01051 0.00158 -1.00000 0.00000 -0.04793 0.00000 -0.00000 -1.00000 -0.00000
1608317088017539 0.99999 0.00422 0.00000 -0.00957 0.00422 -0.99999 0.00000 0.01747 0.00000 -0.00000 -1.00000 0.00000
1608317088268157 0.99999 -0.00339 0.00000 0.02203 -0.00339 -0.99999 0.00000 -0.01424 -0.00000 -0.00000 -1.00000 -0.00000
1608317088518158 1.00000 -0.00205 -0.00000 0.01940 -0.00205 -1.00000 0.00000 -0.05321 -0.00000 -0.00000 -1.00000 -0.00000
1608317088768785 0.99997 -0.00752 0.00000 0.02021 -0.00752 -0.99997 0.00000 -0.00469 -0.00000 -0.00000 -1.00000 -0.00000
1608317089018788 0.99999 -0.00501 0.00000 0.02482 -0.00501 -0.99999 0.00000 -0.00194 -0.00000 -0.00000 -1.00000 -0.00000
1608317089268800 1.00000 0.00091 0.00000 0.01307 0.00091 -1.00000 0.00000 -0.02764 0.00000 -0.00000 -1.00000 -0.00000
1608317089518802 1.00000 0.00143 0.00000 -0.00437 0.00143 -1.00000 0.00000 -0.03628 0.00000 -0.00000 -1.00000 -0.00000
1608317089768799 1.00000 0.00083 -0.00000 0.00607 0.00083 -1.00000 0.00000 -0.01258 0.00000 -0.00000 -1.00000 -0.00000
1608317090018805 1.00000 0.00018 0.00000 0.02305 0.00018 -1.00000 0.00000 -0.03639 0.00000 -0.00000 -1.00000 -0.00000
1608317090269438 0.99997 -0.00795 0.00000 0.03017 -0.00795 -0.99997 0.00000 -0.01313 -0.00000 -0.00000 -1.00000 -0.00000
1608317090518815 0.99999 -0.00502 0.00000 0.03023 -0.00502 -0.99999 0.00000 -0.10098 -0.00000 -0.00000 -1.00000 -0.00000
1608317090769438 0.99998 -0.00637 0.00000 0.02459 -0.00637 -0.99998 0.00000 -0.00373 -0.00000 -0.00000 -1.00000 -0.00000
1608317091019440 0.99999 -0.00461 0.00000 0.01512 -0.00461 -0.99999 0.00000 -0.00463 -0.00000 -0.00000 -1.00000 -0.00000
1608317091269449 0.99999 -0.00488 0.00000 -0.00640 -0.00488 -0.99999 0.00000 -0.00470 -0.00000 -0.00000 -1.00000 -0.00000
1608317091519454 0.99999 -0.00359 0.00000 0.01533 -0.00359 -0.99999 0.00000 -0.00520 -0.00000 -0.00000 -1.00000 -0.00000
1608317091769452 1.00000 -0.00014 0.00000 0.00653 -0.00014 -1.00000 0.00000 -0.01501 -0.00000 -0.00000 -1.00000 -0.00000
1608317092019457 0.99999 -0.00406 -0.00000 -0.00973 -0.00406 -0.99999 0.00000 0.00184 -0.00000 -0.00000 -1.00000 0.00000
1608317092269452 0.99995 -0.01020 0.00000 0.01241 -0.01020 -0.99995 0.00000 -0.01801 -0.00000 -0.00000 -1.00000 -0.00000
1608317092518831 1.00000 -0.00129 0.00000 0.01844 -0.00129 -1.00000 0.00000 -0.05418 -0.00000 -0.00000 -1.00000 -0.00000
1608317092768837 0.99999 0.00363 0.00000 0.01119 0.00363 -0.99999 0.00000 -0.00925 0.00000 -0.00000 -1.00000 -0.00000
1608317093019462 0.99999 -0.00358 -0.00000 0.03832 -0.00358 -0.99999 0.00000 -0.01632 -0.00000 -0.00000 -1.00000 -0.00000
1608317093269469 1.00000 -0.00182 0.00000 0.03378 -0.00182 -1.00000 0.00000 -0.01182 -0.00000 -0.00000 -1.00000 -0.00000
1608317093519468 0.99999 0.00427 0.00000 0.01815 0.00427 -0.99999 0.00000 -0.01774 0.00000 -0.00000 -1.00000 -0.00000
1608317093769469 0.99985 0.01710 0.00000 -0.05663 0.01710 -0.99985 0.00000 -0.00169 0.00000 -0.00000 -1.00000 -0.00000
1608317094019480 0.99937 0.03536 0.00000 -0.14584 0.03536 -0.99937 0.00000 0.00372 0.00000 -0.00000 -1.00000 0.00000
1608317094268856 0.99717 0.07518 0.00000 -0.27005 0.07518 -0.99717 0.00000 0.00019 0.00000 -0.00000 -1.00000 0.00000
1608317094518855 0.99344 0.11432 0.00000 -0.46233 0.11432 -0.99344 0.00000 0.04966 0.00000 -0.00000 -1.00000 0.00000
1608317094768858 0.98547 0.16985 0.00000 -0.64160 0.16985 -0.98547 0.00000 0.05031 0.00000 -0.00000 -1.00000 0.00000
1608317095018863 0.97315 0.23018 0.00000 -1.06786 0.23018 -0.97315 0.00000 0.04399 0.00000 -0.00000 -1.00000 0.00000
1608317095269491 0.95795 0.28695 0.00000 -1.44588 0.28695 -0.95795 0.00000 -0.04728 0.00000 -0.00000 -1.00000 -0.00000
1608317095520116 0.95081 0.30979 0.00000 -1.87549 0.30979 -0.95081 0.00000 -0.03026 0.00000 -0.00000 -1.00000 -0.00000
1608317095770123 0.94297 0.33287 0.00000 -2.29253 0.33287 -0.94297 0.00000 -0.18002 0.00000 -0.00000 -1.00000 -0.00000
1608317096020138 0.94185 0.33603 0.00000 -2.87362 0.33603 -0.94185 0.00000 -0.13735 0.00000 -0.00000 -1.00000 -0.00000
1608317096270132 0.94699 0.32125 0.00000 -3.46037 0.32125 -0.94699 0.00000 -0.12949 0.00000 -0.00000 -1.00000 -0.00000
1608317096520755 0.95748 0.28851 0.00000 -4.06443 0.28851 -0.95748 0.00000 0.06628 0.00000 -0.00000 -1.00000 0.00000
1608317096770757 0.96801 0.25091 0.00000 -4.70111 0.25091 -0.96801 0.00000 0.12521 0.00000 -0.00000 -1.00000 0.00000
1608317097020137 0.97696 0.21344 0.00000 -5.48920 0.21344 -0.97696 0.00000 0.24757 0.00000 -0.00000 -1.00000 0.00000
1608317097270144 0.98554 0.16945 0.00000 -6.24550 0.16945 -0.98554 0.00000 0.49777 0.00000 -0.00000 -1.00000 0.00000
1608317097519516 0.99150 0.13010 0.00000 -7.05161 0.13010 -0.99150 0.00000 0.75500 0.00000 -0.00000 -1.00000 0.00000
1608317097768897 0.99637 0.08512 0.00000 -7.96286 0.08512 -0.99637 0.00000 0.98311 0.00000 -0.00000 -1.00000 0.00000
1608317098018903 0.99909 0.04256 0.00000 -8.86687 0.04256 -0.99909 0.00000 1.34611 0.00000 -0.00000 -1.00000 0.00000
1608317098269532 0.99998 0.00699 0.00000 -9.86816 0.00699 -0.99998 0.00000 1.69412 0.00000 -0.00000 -1.00000 0.00000
1608317098518280 0.99990 -0.01383 0.00000 -10.88920 -0.01383 -0.99990 0.00000 1.79411 -0.00000 -0.00000 -1.00000 0.00000
1608317098768909 0.99920 -0.04007 0.00000 -12.03243 -0.04007 -0.99920 0.00000 2.20084 -0.00000 -0.00000 -1.00000 0.00000
1608317099018287 0.99877 -0.04951 0.00000 -13.22987 -0.04951 -0.99877 0.00000 2.07324 -0.00000 -0.00000 -1.00000 0.00000
1608317099268291 0.99816 -0.06059 0.00000 -14.49461 -0.06059 -0.99816 0.00000 2.32499 -0.00000 -0.00000 -1.00000 0.00000
1608317099518299 0.99831 -0.05816 0.00000 -15.74072 -0.05816 -0.99831 0.00000 2.23305 -0.00000 -0.00000 -1.00000 0.00000
1608317099768296 0.99850 -0.05478 0.00000 -17.19876 -0.05478 -0.99850 0.00000 2.19031 -0.00000 -0.00000 -1.00000 0.00000
1608317100018929 0.99843 -0.05607 0.00000 -18.66204 -0.05607 -0.99843 0.00000 2.23495 -0.00000 -0.00000 -1.00000 0.00000
1608317100268928 0.99847 -0.05529 0.00000 -20.18128 -0.05529 -0.99847 0.00000 2.18766 -0.00000 -0.00000 -1.00000 0.00000
1608317100518929 0.99864 -0.05222 0.00000 -21.84969 -0.05222 -0.99864 0.00000 2.03473 -0.00000 -0.00000 -1.00000 0.00000
1608317100768930 0.99913 -0.04162 0.00000 -23.53162 -0.04162 -0.99913 0.00000 1.70412 -0.00000 -0.00000 -1.00000 0.00000
1608317101019562 0.99912 -0.04204 0.00000 -25.20806 -0.04204 -0.99912 0.00000 1.75184 -0.00000 -0.00000 -1.00000 0.00000
1608317101269565 0.99945 -0.03315 0.00000 -27.02487 -0.03315 -0.99945 0.00000 1.42140 -0.00000 -0.00000 -1.00000 0.00000
1608317101519568 0.99960 -0.02836 0.00000 -28.71887 -0.02836 -0.99960 0.00000 1.30254 -0.00000 -0.00000 -1.00000 0.00000
1608317101769568 0.99965 -0.02647 0.00000 -30.36398 -0.02647 -0.99965 0.00000 1.26907 -0.00000 -0.00000 -1.00000 0.00000
1608317102019572 0.99986 -0.01664 0.00000 -32.19632 -0.01664 -0.99986 0.00000 0.94156 -0.00000 -0.00000 -1.00000 0.00000
1608317102269583 0.99992 -0.01302 0.00000 -33.97204 -0.01302 -0.99992 0.00000 0.74159 -0.00000 -0.00000 -1.00000 0.00000
1608317102519579 1.00000 0.00005 0.00000 -35.82707 0.00005 -1.00000 0.00000 0.37382 0.00000 -0.00000 -1.00000 0.00000
1608317102768953 0.99990 0.01411 0.00000 -37.69020 0.01411 -0.99990 0.00000 -0.24188 0.00000 -0.00000 -1.00000 -0.00000
1608317103018959 0.99987 0.01591 0.00000 -39.57467 0.01591 -0.99987 0.00000 -0.33746 0.00000 -0.00000 -1.00000 -0.00000
1608317103269589 0.99993 0.01209 0.00000 -41.34459 0.01209 -0.99993 0.00000 -0.16646 0.00000 -0.00000 -1.00000 -0.00000
1608317103519593 0.99994 0.01116 -0.00000 -43.28945 0.01116 -0.99994 0.00000 -0.17146 0.00000 -0.00000 -1.00000 -0.00000
1608317103769596 0.99996 0.00949 -0.00000 -45.24643 0.00949 -0.99996 0.00000 -0.23153 0.00000 -0.00000 -1.00000 -0.00000
1608317104019610 1.00000 0.00223 -0.00000 -47.13917 0.00223 -1.00000 0.00000 0.27395 0.00000 -0.00000 -1.00000 0.00000
1608317104269603 1.00000 0.00178 0.00000 -49.17334 0.00178 -1.00000 0.00000 0.21893 0.00000 -0.00000 -1.00000 0.00000
1608317104519610 0.99997 0.00795 0.00000 -51.19131 0.00795 -0.99997 0.00000 -0.21891 0.00000 -0.00000 -1.00000 -0.00000
1608317104769610 0.99999 0.00481 0.00000 -53.27494 0.00481 -0.99999 0.00000 -0.16268 0.00000 -0.00000 -1.00000 -0.00000
1608317105019610 0.99996 0.00946 -0.00000 -55.35611 0.00946 -0.99996 0.00000 -0.51017 0.00000 -0.00000 -1.00000 -0.00000
1608317105269615 0.99991 0.01320 0.00000 -57.45652 0.01320 -0.99991 0.00000 -0.71701 0.00000 -0.00000 -1.00000 -0.00000
1608317105519617 0.99999 0.00509 0.00000 -59.53488 0.00509 -0.99999 0.00000 -0.19739 0.00000 -0.00000 -1.00000 -0.00000
1608317105769615 0.99997 0.00779 0.00000 -61.57916 0.00779 -0.99997 0.00000 -0.30336 0.00000 -0.00000 -1.00000 -0.00000
1608317106019622 1.00000 0.00124 0.00000 -63.55979 0.00124 -1.00000 0.00000 0.09504 0.00000 -0.00000 -1.00000 0.00000
1608317106269625 0.99999 -0.00518 0.00000 -65.61704 -0.00518 -0.99999 0.00000 0.47408 -0.00000 -0.00000 -1.00000 0.00000
1608317106520248 0.99989 -0.01460 -0.00000 -67.66983 -0.01460 -0.99989 0.00000 1.17034 -0.00000 -0.00000 -1.00000 0.00000
1608317106770256 0.99980 -0.02013 0.00000 -69.70642 -0.02013 -0.99980 0.00000 1.55223 -0.00000 -0.00000 -1.00000 0.00000
1608317107020260 0.99937 -0.03544 -0.00000 -71.72564 -0.03544 -0.99937 0.00000 2.58315 -0.00000 -0.00000 -1.00000 0.00000
1608317107270265 0.99893 -0.04627 0.00000 -73.70323 -0.04627 -0.99893 0.00000 3.30328 -0.00000 -0.00000 -1.00000 0.00000
1608317107520266 0.99796 -0.06382 0.00000 -75.72913 -0.06382 -0.99796 0.00000 4.50086 -0.00000 -0.00000 -1.00000 0.00000
1608317107770267 0.99566 -0.09305 0.00000 -77.62916 -0.09305 -0.99566 0.00000 6.69551 -0.00000 -0.00000 -1.00000 0.00000
1608317108020273 0.99254 -0.12196 0.00000 -79.40466 -0.12196 -0.99254 0.00000 8.95648 -0.00000 -0.00000 -1.00000 0.00000
1608317108270900 0.98572 -0.16840 0.00000 -80.88092 -0.16840 -0.98572 0.00000 12.79227 -0.00000 -0.00000 -1.00000 0.00000
1608317108520895 0.97348 -0.22878 0.00000 -81.97650 -0.22878 -0.97348 0.00000 17.78831 -0.00000 -0.00000 -1.00000 0.00000
1608317108770273 0.96017 -0.27940 0.00000 -82.76097 -0.27940 -0.96017 0.00000 22.05963 -0.00000 -0.00000 -1.00000 0.00000
1608317109019028 0.94170 -0.33645 0.00000 -83.27310 -0.33645 -0.94170 0.00000 26.97985 -0.00000 -0.00000 -1.00000 0.00000
1608317109268410 0.92185 -0.38755 0.00000 -83.76504 -0.38755 -0.92185 0.00000 31.41742 -0.00000 -0.00000 -1.00000 0.00000
1608317109517790 0.89722 -0.44157 0.00000 -83.77486 -0.44157 -0.89722 0.00000 36.47013 -0.00000 -0.00000 -1.00000 0.00000
1608317109767164 0.87357 -0.48671 0.00000 -83.68128 -0.48671 -0.87357 0.00000 40.59503 -0.00000 -0.00000 -1.00000 0.00000
1608317110017174 0.83896 -0.54419 0.00000 -82.81417 -0.54419 -0.83896 0.00000 46.16862 -0.00000 -0.00000 -1.00000 0.00000
1608317110267174 0.79863 -0.60182 0.00000 -81.37856 -0.60182 -0.79863 0.00000 51.81135 -0.00000 -0.00000 -1.00000 0.00000
1608317110516560 0.75299 -0.65804 0.00000 -79.42212 -0.65804 -0.75299 0.00000 57.61707 -0.00000 -0.00000 -1.00000 0.00000
1608317110766557 0.70268 -0.71151 0.00000 -77.00160 -0.71151 -0.70268 0.00000 63.27113 -0.00000 -0.00000 -1.00000 0.00000
1608317111017182 0.64862 -0.76111 -0.00000 -74.06809 -0.76111 -0.64862 0.00000 68.78179 -0.00000 -0.00000 -1.00000 0.00000
1608317111267184 0.58913 -0.80804 0.00000 -70.67267 -0.80804 -0.58913 0.00000 74.27679 -0.00000 -0.00000 -1.00000 0.00000
1608317111517189 0.52752 -0.84954 0.00000 -66.93596 -0.84954 -0.52752 0.00000 79.30423 -0.00000 -0.00000 -1.00000 0.00000
1608317111767189 0.46503 -0.88530 -0.00000 -62.95839 -0.88530 -0.46503 0.00000 83.88776 -0.00000 -0.00000 -1.00000 0.00000
1608317112016578 0.41265 -0.91089 0.00000 -59.97742 -0.91089 -0.41265 0.00000 87.31035 -0.00000 -0.00000 -1.00000 0.00000
1608317112265947 0.36944 -0.92926 0.00000 -57.75835 -0.92926 -0.36944 0.00000 89.71155 -0.00000 -0.00000 -1.00000 0.00000
1608317112515950 0.34428 -0.93887 0.00000 -57.25187 -0.93887 -0.34428 0.00000 91.25510 -0.00000 -0.00000 -1.00000 0.00000
1608317112766575 0.32182 -0.94680 0.00000 -56.93464 -0.94680 -0.32182 0.00000 92.81324 -0.00000 -0.00000 -1.00000 0.00000
1608317113015953 0.32294 -0.94642 0.00000 -58.96311 -0.94642 -0.32294 0.00000 92.51119 -0.00000 -0.00000 -1.00000 0.00000
1608317113266583 0.31540 -0.94896 0.00000 -60.20870 -0.94896 -0.31540 0.00000 93.17636 -0.00000 -0.00000 -1.00000 0.00000
1608317113516590 0.31300 -0.94975 0.00000 -61.90621 -0.94975 -0.31300 0.00000 93.43744 -0.00000 -0.00000 -1.00000 0.00000
1608317113765961 0.32086 -0.94713 -0.00000 -64.57808 -0.94713 -0.32086 0.00000 92.47878 -0.00000 -0.00000 -1.00000 0.00000
1608317114015963 0.32881 -0.94440 0.00000 -67.28035 -0.94440 -0.32881 0.00000 91.92603 -0.00000 -0.00000 -1.00000 0.00000
1608317114266601 0.33490 -0.94225 0.00000 -69.89553 -0.94225 -0.33490 0.00000 91.69750 -0.00000 -0.00000 -1.00000 0.00000
1608317114515974 0.35557 -0.93465 0.00000 -73.77437 -0.93465 -0.35557 0.00000 89.90655 -0.00000 -0.00000 -1.00000 0.00000
1608317114765978 0.37854 -0.92559 0.00000 -77.99993 -0.92559 -0.37854 0.00000 88.10926 -0.00000 -0.00000 -1.00000 0.00000
1608317115016604 0.39942 -0.91677 -0.00000 -81.94037 -0.91677 -0.39942 0.00000 86.37774 -0.00000 -0.00000 -1.00000 0.00000
1608317115266607 0.42176 -0.90671 -0.00000 -85.93282 -0.90671 -0.42176 0.00000 84.18707 -0.00000 -0.00000 -1.00000 0.00000
1608317115516655 0.44502 -0.89552 0.00000 -90.01255 -0.89552 -0.44502 0.00000 82.02631 -0.00000 -0.00000 -1.00000 0.00000
1608317115767241 0.47219 -0.88150 -0.00000 -94.35623 -0.88150 -0.47219 0.00000 79.14379 -0.00000 -0.00000 -1.00000 0.00000
1608317116017241 0.49980 -0.86614 -0.00000 -98.74346 -0.86614 -0.49980 0.00000 76.08293 -0.00000 -0.00000 -1.00000 0.00000
1608317116267241 0.52189 -0.85301 0.00000 -102.72889 -0.85301 -0.52189 0.00000 73.53337 -0.00000 -0.00000 -1.00000 0.00000
1608317116517251 0.54167 -0.84059 0.00000 -106.25861 -0.84059 -0.54167 0.00000 71.03789 -0.00000 -0.00000 -1.00000 0.00000
1608317116767252 0.55796 -0.82987 0.00000 -109.61635 -0.82987 -0.55796 0.00000 68.90634 -0.00000 -0.00000 -1.00000 0.00000
1608317117017252 0.57716 -0.81663 0.00000 -113.17682 -0.81663 -0.57716 0.00000 66.33159 -0.00000 -0.00000 -1.00000 0.00000
1608317117267880 0.59013 -0.80731 0.00000 -116.07103 -0.80731 -0.59013 0.00000 64.36897 -0.00000 -0.00000 -1.00000 0.00000
1608317117517879 0.60338 -0.79746 0.00000 -119.25117 -0.79746 -0.60338 0.00000 62.47459 -0.00000 -0.00000 -1.00000 0.00000
1608317117767888 0.61347 -0.78972 0.00000 -122.09961 -0.78972 -0.61347 0.00000 60.97363 -0.00000 -0.00000 -1.00000 0.00000
1608317118017894 0.63039 -0.77628 0.00000 -125.30078 -0.77628 -0.63039 0.00000 58.25696 -0.00000 -0.00000 -1.00000 0.00000
1608317118267894 0.64379 -0.76520 0.00000 -128.40809 -0.76520 -0.64379 0.00000 56.08626 -0.00000 -0.00000 -1.00000 0.00000
1608317118517900 0.65896 -0.75218 0.00000 -131.54103 -0.75218 -0.65896 0.00000 53.31229 -0.00000 -0.00000 -1.00000 0.00000
1608317118768524 0.66790 -0.74425 0.00000 -134.25047 -0.74425 -0.66790 0.00000 51.84423 -0.00000 -0.00000 -1.00000 0.00000
1608317119018527 0.67965 -0.73354 0.00000 -137.08282 -0.73354 -0.67965 0.00000 49.68509 -0.00000 -0.00000 -1.00000 0.00000
1608317119268531 0.69222 -0.72169 0.00000 -139.92843 -0.72169 -0.69222 0.00000 47.29496 -0.00000 -0.00000 -1.00000 0.00000
1608317119518529 0.70595 -0.70826 0.00000 -142.91392 -0.70826 -0.70595 0.00000 44.53666 -0.00000 -0.00000 -1.00000 0.00000
1608317119768534 0.72307 -0.69078 -0.00000 -145.98074 -0.69078 -0.72307 0.00000 40.92701 -0.00000 -0.00000 -1.00000 0.00000
1608317120018552 0.73477 -0.67832 0.00000 -148.65249 -0.67832 -0.73477 0.00000 38.37416 -0.00000 -0.00000 -1.00000 0.00000
1608317120268542 0.74258 -0.66976 0.00000 -151.04626 -0.66976 -0.74258 0.00000 36.73132 -0.00000 -0.00000 -1.00000 0.00000
1608317120518546 0.75154 -0.65969 0.00000 -153.48923 -0.65969 -0.75154 0.00000 34.59484 -0.00000 -0.00000 -1.00000 0.00000
1608317120767925 0.77047 -0.63747 0.00000 -156.26531 -0.63747 -0.77047 0.00000 30.17289 -0.00000 -0.00000 -1.00000 0.00000
1608317121017923 0.80116 -0.59845 0.00000 -159.40211 -0.59845 -0.80116 0.00000 22.22277 -0.00000 -0.00000 -1.00000 0.00000
1608317121268556 0.83340 -0.55267 0.00000 -162.26308 -0.55267 -0.83340 0.00000 13.22537 -0.00000 -0.00000 -1.00000 0.00000
1608317121517934 0.87727 -0.47999 0.00000 -164.49422 -0.47999 -0.87727 0.00000 -0.69838 -0.00000 -0.00000 -1.00000 -0.00000
1608317121768562 0.92023 -0.39138 0.00000 -165.29273 -0.39138 -0.92023 0.00000 -16.79779 -0.00000 -0.00000 -1.00000 -0.00000
1608317122018567 0.95830 -0.28576 0.00000 -163.95946 -0.28576 -0.95830 0.00000 -35.31412 -0.00000 -0.00000 -1.00000 -0.00000
1608317122268565 0.98741 -0.15819 0.00000 -159.41052 -0.15819 -0.98741 0.00000 -56.50318 -0.00000 -0.00000 -1.00000 -0.00000
1608317122518568 0.99959 -0.02858 0.00000 -152.22447 -0.02858 -0.99959 0.00000 -76.60528 -0.00000 -0.00000 -1.00000 -0.00000
1608317122768570 0.99260 0.12141 0.00000 -140.48403 0.12141 -0.99260 0.00000 -98.59954 0.00000 -0.00000 -1.00000 -0.00000
1608317123019198 0.96203 0.27294 0.00000 -124.82149 0.27294 -0.96203 0.00000 -119.03803 0.00000 -0.00000 -1.00000 -0.00000
1608317123269203 0.90953 0.41563 0.00000 -106.59517 0.41563 -0.90953 0.00000 -136.57268 0.00000 -0.00000 -1.00000 -0.00000
1608317123519251 0.83002 0.55774 0.00000 -84.21945 0.55774 -0.83002 0.00000 -152.08353 0.00000 -0.00000 -1.00000 -0.00000
1608317123769210 0.72805 0.68553 0.00000 -59.53273 0.68553 -0.72805 0.00000 -163.86155 0.00000 -0.00000 -1.00000 -0.00000
1608317124019841 0.59792 0.80156 0.00000 -31.26938 0.80156 -0.59792 0.00000 -171.60028 0.00000 -0.00000 -1.00000 -0.00000
1608317124269838 0.44753 0.89427 0.00000 -1.68251 0.89427 -0.44753 0.00000 -174.44025 0.00000 -0.00000 -1.00000 -0.00000
1608317124519841 0.28598 0.95823 0.00000 27.39814 0.95823 -0.28598 0.00000 -172.03181 0.00000 -0.00000 -1.00000 -0.00000
1608317124770468 0.09890 0.99510 0.00000 58.39648 0.99510 -0.09890 0.00000 -163.60730 0.00000 -0.00000 -1.00000 -0.00000
1608317125021101 -0.08602 0.99629 0.00000 86.35275 0.99629 0.08602 0.00000 -150.00276 0.00000 0.00000 -1.00000 -0.00000
1608317125271106 -0.26388 0.96455 -0.00000 110.79887 0.96455 0.26388 0.00000 -132.06093 0.00000 0.00000 -1.00000 -0.00000
1608317125521728 -0.43492 0.90047 0.00000 131.62321 0.90047 0.43492 0.00000 -109.62583 0.00000 0.00000 -1.00000 -0.00000
1608317125771729 -0.57165 0.82050 0.00000 146.01377 0.82050 0.57165 0.00000 -87.43639 0.00000 0.00000 -1.00000 -0.00000
1608317126021116 -0.67992 0.73329 0.00000 155.33990 0.73329 0.67992 0.00000 -66.33654 0.00000 0.00000 -1.00000 -0.00000
1608317126269866 -0.76068 0.64913 0.00000 160.58104 0.64913 0.76068 0.00000 -47.82912 0.00000 0.00000 -1.00000 -0.00000
1608317126518620 -0.81557 0.57866 0.00000 162.70518 0.57866 0.81557 0.00000 -33.21256 0.00000 0.00000 -1.00000 -0.00000
1608317126768623 -0.84213 0.53927 0.00000 162.63100 0.53927 0.84213 0.00000 -25.47179 0.00000 0.00000 -1.00000 -0.00000
1608317127017996 -0.86736 0.49768 0.00000 162.26598 0.49768 0.86736 0.00000 -17.68105 0.00000 0.00000 -1.00000 -0.00000
1608317127268002 -0.88677 0.46221 0.00000 161.19638 0.46221 0.88677 0.00000 -11.06754 0.00000 0.00000 -1.00000 -0.00000
1608317127518008 -0.90686 0.42144 0.00000 159.92843 0.42144 0.90686 0.00000 -3.84807 0.00000 0.00000 -1.00000 -0.00000
1608317127768007 -0.92490 0.38022 0.00000 158.16400 0.38022 0.92490 0.00000 3.35206 0.00000 0.00000 -1.00000 0.00000
1608317128018022 -0.93881 0.34445 -0.00000 156.23968 0.34445 0.93881 0.00000 9.33745 0.00000 0.00000 -1.00000 0.00000
1608317128268013 -0.94823 0.31758 0.00000 154.16752 0.31758 0.94823 0.00000 13.73648 0.00000 0.00000 -1.00000 0.00000
1608317128518021 -0.95447 0.29832 0.00000 151.99784 0.29832 0.95447 0.00000 16.91064 0.00000 0.00000 -1.00000 0.00000
1608317128768018 -0.95616 0.29283 0.00000 150.12524 0.29283 0.95616 0.00000 17.60124 0.00000 0.00000 -1.00000 0.00000
1608317129018023 -0.96129 0.27552 0.00000 147.99527 0.27552 0.96129 0.00000 20.44231 0.00000 0.00000 -1.00000 0.00000
1608317129268033 -0.95985 0.28052 0.00000 146.25974 0.28052 0.95985 0.00000 19.48655 0.00000 0.00000 -1.00000 0.00000
1608317129518649 -0.95995 0.28017 0.00000 144.47895 0.28017 0.95995 0.00000 19.55383 0.00000 0.00000 -1.00000 0.00000
1608317129768654 -0.95609 0.29307 -0.00000 142.96817 0.29307 0.95609 0.00000 17.63050 0.00000 0.00000 -1.00000 0.00000
1608317130018040 -0.95011 0.31191 0.00000 141.41847 0.31191 0.95011 0.00000 14.67162 0.00000 0.00000 -1.00000 0.00000
1608317130268033 -0.93815 0.34623 -0.00000 140.26501 0.34623 0.93815 0.00000 9.67135 0.00000 0.00000 -1.00000 0.00000
1608317130518039 -0.91700 0.39888 0.00000 138.88634 0.39888 0.91700 0.00000 1.70526 0.00000 0.00000 -1.00000 0.00000
1608317130768040 -0.88733 0.46113 0.00000 136.89254 0.46113 0.88733 0.00000 -8.00582 0.00000 0.00000 -1.00000 -0.00000
1608317131018671 -0.85065 0.52574 -0.00000 134.36154 0.52574 0.85065 0.00000 -18.08833 0.00000 0.00000 -1.00000 -0.00000
1608317131268057 -0.81483 0.57970 0.00000 131.19593 0.57970 0.81483 0.00000 -26.87308 0.00000 0.00000 -1.00000 -0.00000
1608317131518100 -0.76622 0.64258 0.00000 126.88749 0.64258 0.76622 0.00000 -37.15348 0.00000 0.00000 -1.00000 -0.00000
1608317131768059 -0.71718 0.69689 0.00000 122.14220 0.69689 0.71718 0.00000 -46.41505 0.00000 0.00000 -1.00000 -0.00000
1608317132018060 -0.66021 0.75108 0.00000 116.23339 0.75108 0.66021 0.00000 -55.78350 0.00000 0.00000 -1.00000 -0.00000
1608317132268060 -0.60333 0.79749 0.00000 110.12114 0.79749 0.60333 0.00000 -64.39553 0.00000 0.00000 -1.00000 -0.00000
1608317132518065 -0.55402 0.83250 0.00000 104.15383 0.83250 0.55402 0.00000 -70.80779 0.00000 0.00000 -1.00000 -0.00000
1608317132768066 -0.51216 0.85889 0.00000 98.73922 0.85889 0.51216 0.00000 -76.04086 0.00000 0.00000 -1.00000 -0.00000
1608317133018069 -0.48478 0.87464 0.00000 94.46408 0.87464 0.48478 0.00000 -79.09256 0.00000 0.00000 -1.00000 -0.00000
1608317133268069 -0.45719 0.88937 0.00000 90.08094 0.88937 0.45719 0.00000 -81.94685 0.00000 0.00000 -1.00000 -0.00000
1608317133518090 -0.43194 0.90190 0.00000 85.80019 0.90190 0.43194 0.00000 -84.57056 0.00000 0.00000 -1.00000 -0.00000
1608317133768088 -0.39933 0.91681 0.00000 80.89869 0.91681 0.39933 0.00000 -87.60768 0.00000 0.00000 -1.00000 -0.00000
1608317134018088 -0.36666 0.93035 0.00000 75.89630 0.93035 0.36666 0.00000 -90.48513 0.00000 0.00000 -1.00000 -0.00000
1608317134267462 -0.34588 0.93828 0.00000 71.87251 0.93828 0.34588 0.00000 -92.15592 0.00000 0.00000 -1.00000 -0.00000
1608317134517462 -0.32611 0.94533 -0.00000 68.06664 0.94533 0.32611 0.00000 -93.73594 0.00000 0.00000 -1.00000 -0.00000
1608317134767466 -0.31048 0.95058 -0.00000 64.52998 0.95058 0.31048 0.00000 -94.75077 0.00000 0.00000 -1.00000 -0.00000
1608317135017469 -0.30255 0.95313 0.00000 61.80592 0.95313 0.30255 0.00000 -95.26049 0.00000 0.00000 -1.00000 -0.00000
1608317135268100 -0.30187 0.95335 -0.00000 59.79719 0.95335 0.30187 0.00000 -95.42995 0.00000 0.00000 -1.00000 -0.00000
1608317135518106 -0.31310 0.94972 0.00000 58.95247 0.94972 0.31310 0.00000 -94.67022 0.00000 0.00000 -1.00000 -0.00000
1608317135768102 -0.32708 0.94500 0.00000 58.43544 0.94500 0.32708 0.00000 -94.03106 0.00000 0.00000 -1.00000 -0.00000
1608317136018124 -0.34037 0.94029 -0.00000 57.77968 0.94029 0.34037 0.00000 -93.14786 0.00000 0.00000 -1.00000 -0.00000
1608317136268115 -0.37120 0.92855 0.00000 58.93173 0.92855 0.37120 0.00000 -91.38700 0.00000 0.00000 -1.00000 -0.00000
1608317136518738 -0.39712 0.91777 0.00000 59.56430 0.91777 0.39712 0.00000 -89.63972 0.00000 0.00000 -1.00000 -0.00000
1608317136768120 -0.44432 0.89587 0.00000 62.30827 0.89587 0.44432 0.00000 -86.67564 0.00000 0.00000 -1.00000 -0.00000
1608317137018745 -0.48741 0.87317 0.00000 64.56224 0.87317 0.48741 0.00000 -83.40286 0.00000 0.00000 -1.00000 -0.00000
1608317137268748 -0.54584 0.83789 0.00000 68.33209 0.83789 0.54584 0.00000 -78.86592 0.00000 0.00000 -1.00000 -0.00000
1608317137518754 -0.60573 0.79567 0.00000 72.03490 0.79567 0.60573 0.00000 -73.74693 0.00000 0.00000 -1.00000 -0.00000
1608317137768755 -0.66190 0.74959 0.00000 75.31099 0.74959 0.66190 0.00000 -68.50089 0.00000 0.00000 -1.00000 -0.00000
1608317138019381 -0.70822 0.70599 0.00000 77.78709 0.70599 0.70822 0.00000 -63.55464 0.00000 0.00000 -1.00000 -0.00000
1608317138269381 -0.74836 0.66329 0.00000 79.52385 0.66329 0.74836 0.00000 -58.93569 0.00000 0.00000 -1.00000 -0.00000
1608317138519399 -0.78892 0.61449 0.00000 81.32972 0.61449 0.78892 0.00000 -53.79855 0.00000 0.00000 -1.00000 -0.00000
1608317138770018 -0.81447 0.58020 0.00000 81.60212 0.58020 0.81447 0.00000 -50.27857 0.00000 0.00000 -1.00000 -0.00000
1608317139020020 -0.83752 0.54641 0.00000 81.79811 0.54641 0.83752 0.00000 -46.90840 0.00000 0.00000 -1.00000 -0.00000
1608317139269399 -0.85924 0.51157 0.00000 81.93967 0.51157 0.85924 0.00000 -43.71273 0.00000 0.00000 -1.00000 -0.00000
1608317139520056 -0.88841 0.45906 0.00000 82.54578 0.45906 0.88841 0.00000 -38.59949 0.00000 0.00000 -1.00000 -0.00000
1608317139770025 -0.91890 0.39448 -0.00000 83.30945 0.39448 0.91890 0.00000 -32.83324 0.00000 0.00000 -1.00000 -0.00000
1608317140020661 -0.93974 0.34190 0.00000 82.99751 0.34190 0.93974 0.00000 -28.03121 0.00000 0.00000 -1.00000 -0.00000
1608317140271285 -0.95440 0.29853 0.00000 82.42505 0.29853 0.95440 0.00000 -24.15128 0.00000 0.00000 -1.00000 -0.00000
1608317140521290 -0.96893 0.24733 0.00000 81.66297 0.24733 0.96893 0.00000 -19.76888 0.00000 0.00000 -1.00000 -0.00000
1608317140771289 -0.97863 0.20565 -0.00000 80.46281 0.20565 0.97863 0.00000 -16.27314 0.00000 0.00000 -1.00000 -0.00000
1608317141020669 -0.98649 0.16383 -0.00000 79.07948 0.16383 0.98649 0.00000 -12.83604 0.00000 0.00000 -1.00000 -0.00000
1608317141269428 -0.99197 0.12648 0.00000 77.59338 0.12648 0.99197 0.00000 -9.87335 0.00000 0.00000 -1.00000 -0.00000
1608317141519426 -0.99551 0.09461 0.00000 75.73105 0.09461 0.99551 0.00000 -7.44131 0.00000 0.00000 -1.00000 -0.00000
1608317141768800 -0.99747 0.07106 0.00000 73.79642 0.07106 0.99747 0.00000 -5.68141 0.00000 0.00000 -1.00000 -0.00000
1608317142018805 -0.99875 0.05006 0.00000 71.88757 0.05006 0.99875 0.00000 -4.08857 0.00000 0.00000 -1.00000 -0.00000
1608317142268804 -0.99956 0.02960 0.00000 69.95681 0.02960 0.99956 0.00000 -2.66475 0.00000 0.00000 -1.00000 -0.00000
1608317142518814 -0.99992 0.01301 -0.00000 67.95166 0.01301 0.99992 0.00000 -1.53978 0.00000 0.00000 -1.00000 -0.00000
1608317142768811 -0.99996 0.00851 0.00000 65.88631 0.00851 0.99996 0.00000 -1.18740 0.00000 0.00000 -1.00000 -0.00000
1608317143018193 -0.99999 -0.00411 0.00000 63.82080 -0.00411 0.99999 0.00000 -0.45578 -0.00000 0.00000 -1.00000 -0.00000
1608317143268820 -0.99998 -0.00560 0.00000 61.76642 -0.00560 0.99998 0.00000 -0.26718 -0.00000 0.00000 -1.00000 -0.00000
1608317143518827 -0.99993 -0.01192 0.00000 59.64812 -0.01192 0.99993 0.00000 0.08754 -0.00000 0.00000 -1.00000 0.00000
1608317143768826 -0.99986 -0.01680 0.00000 57.56142 -0.01680 0.99986 0.00000 0.31233 -0.00000 0.00000 -1.00000 0.00000
1608317144018841 -0.99987 -0.01639 0.00000 55.52751 -0.01639 0.99987 0.00000 0.12030 -0.00000 0.00000 -1.00000 0.00000
1608317144269455 -0.99998 -0.00685 -0.00000 53.45402 -0.00685 0.99998 0.00000 -0.43271 -0.00000 0.00000 -1.00000 -0.00000
1608317144519462 -0.99999 -0.00457 0.00000 51.38885 -0.00457 0.99999 0.00000 -0.63131 -0.00000 0.00000 -1.00000 -0.00000
1608317144769460 -0.99999 -0.00338 0.00000 49.43723 -0.00338 0.99999 0.00000 -0.63677 -0.00000 0.00000 -1.00000 -0.00000
1608317145019465 -0.99997 -0.00710 -0.00000 47.44728 -0.00710 0.99997 0.00000 -0.50928 -0.00000 0.00000 -1.00000 -0.00000
1608317145269473 -0.99988 -0.01566 0.00000 45.41043 -0.01566 0.99988 0.00000 -0.28019 -0.00000 0.00000 -1.00000 -0.00000
1608317145519471 -0.99983 -0.01836 0.00000 43.40907 -0.01836 0.99983 0.00000 -0.07368 -0.00000 0.00000 -1.00000 -0.00000
1608317145770097 -0.99989 -0.01511 0.00000 41.49748 -0.01511 0.99989 0.00000 -0.17525 -0.00000 0.00000 -1.00000 -0.00000
1608317146020109 -0.99981 -0.01956 0.00000 39.62776 -0.01956 0.99981 0.00000 -0.15183 -0.00000 0.00000 -1.00000 -0.00000
1608317146270108 -0.99994 -0.01089 0.00000 37.64088 -0.01089 0.99994 0.00000 -0.48671 -0.00000 0.00000 -1.00000 -0.00000
1608317146520104 -0.99995 0.00966 0.00000 35.67100 0.00966 0.99995 0.00000 -1.37636 0.00000 0.00000 -1.00000 -0.00000
1608317146770735 -0.99942 0.03392 0.00000 33.77042 0.03392 0.99942 0.00000 -2.11181 0.00000 0.00000 -1.00000 -0.00000
1608317147020739 -0.99852 0.05442 0.00000 31.79050 0.05442 0.99852 0.00000 -2.81015 0.00000 0.00000 -1.00000 -0.00000
1608317147270742 -0.99724 0.07424 0.00000 29.78936 0.07424 0.99724 0.00000 -3.47665 0.00000 0.00000 -1.00000 -0.00000
1608317147520164 -0.99668 0.08147 0.00000 27.82488 0.08147 0.99668 0.00000 -3.81472 0.00000 0.00000 -1.00000 -0.00000
1608317147770749 -0.99548 0.09500 0.00000 25.86482 0.09500 0.99548 0.00000 -4.19861 0.00000 0.00000 -1.00000 -0.00000
1608317148020756 -0.99549 0.09491 0.00000 23.92468 0.09491 0.99549 0.00000 -4.21482 0.00000 0.00000 -1.00000 -0.00000
1608317148270756 -0.99482 0.10163 0.00000 21.97568 0.10163 0.99482 0.00000 -4.44985 0.00000 0.00000 -1.00000 -0.00000
1608317148520752 -0.99417 0.10786 0.00000 19.98201 0.10786 0.99417 0.00000 -4.56363 0.00000 0.00000 -1.00000 -0.00000
1608317148770759 -0.99409 0.10852 0.00000 18.05454 0.10852 0.99409 0.00000 -4.67956 0.00000 0.00000 -1.00000 -0.00000
1608317149020765 -0.99354 0.11346 0.00000 16.09216 0.11346 0.99354 0.00000 -4.77008 0.00000 0.00000 -1.00000 -0.00000
1608317149270761 -0.99308 0.11744 0.00000 14.13510 0.11744 0.99308 0.00000 -4.81904 0.00000 0.00000 -1.00000 -0.00000
1608317149520766 -0.99345 0.11427 0.00000 12.20786 0.11427 0.99345 0.00000 -4.92343 0.00000 0.00000 -1.00000 -0.00000
1608317149770778 -0.99361 0.11284 0.00000 10.24697 0.11284 0.99361 0.00000 -4.83142 0.00000 0.00000 -1.00000 -0.00000
1608317150020780 -0.99347 0.11408 0.00000 8.39581 0.11408 0.99347 0.00000 -4.86953 0.00000 0.00000 -1.00000 -0.00000
1608317150270781 -0.99278 0.11993 0.00000 6.41610 0.11993 0.99278 0.00000 -4.96571 0.00000 0.00000 -1.00000 -0.00000
1608317150520778 -0.99307 0.11756 0.00000 4.54984 0.11756 0.99307 0.00000 -4.93293 0.00000 0.00000 -1.00000 -0.00000
1608317150770788 -0.99257 0.12167 0.00000 2.63776 0.12167 0.99257 0.00000 -4.99733 0.00000 0.00000 -1.00000 -0.00000
1608317151020786 -0.99382 0.11096 0.00000 0.79672 0.11096 0.99382 0.00000 -5.03368 0.00000 0.00000 -1.00000 -0.00000
1608317151270790 -0.99443 0.10538 0.00000 -1.09556 0.10538 0.99443 0.00000 -5.06225 0.00000 0.00000 -1.00000 -0.00000
1608317151520790 -0.99484 0.10141 0.00000 -2.86910 0.10141 0.99484 0.00000 -5.04548 0.00000 0.00000 -1.00000 -0.00000
1608317151770792 -0.99516 0.09822 0.00000 -4.73534 0.09822 0.99516 0.00000 -5.00674 0.00000 0.00000 -1.00000 -0.00000
1608317152020808 -0.99585 0.09098 0.00000 -6.55235 0.09098 0.99585 0.00000 -5.12195 0.00000 0.00000 -1.00000 -0.00000
1608317152270809 -0.99615 0.08769 0.00000 -8.38563 0.08769 0.99615 0.00000 -5.17488 0.00000 0.00000 -1.00000 -0.00000
1608317152520803 -0.99649 0.08373 0.00000 -10.13534 0.08373 0.99649 0.00000 -5.30452 0.00000 0.00000 -1.00000 -0.00000
1608317152770807 -0.99621 0.08694 0.00000 -11.95390 0.08694 0.99621 0.00000 -5.36090 0.00000 0.00000 -1.00000 -0.00000
1608317153021435 -0.99511 0.09875 0.00000 -13.71889 0.09875 0.99511 0.00000 -5.14074 0.00000 0.00000 -1.00000 -0.00000
1608317153271444 -0.99568 0.09286 0.00000 -15.35467 0.09286 0.99568 0.00000 -5.18822 0.00000 0.00000 -1.00000 -0.00000
1608317153521446 -0.99555 0.09428 -0.00000 -17.03379 0.09428 0.99555 0.00000 -5.25422 0.00000 0.00000 -1.00000 -0.00000
1608317153770819 -0.99521 0.09780 0.00000 -18.67742 0.09780 0.99521 0.00000 -5.07328 0.00000 0.00000 -1.00000 -0.00000
1608317154019575 -0.99570 0.09267 0.00000 -20.23449 0.09267 0.99570 0.00000 -5.26032 0.00000 0.00000 -1.00000 -0.00000
1608317154268970 -0.99449 0.10482 0.00000 -21.85790 0.10482 0.99449 0.00000 -5.15127 0.00000 0.00000 -1.00000 -0.00000
1608317154518332 -0.99303 0.11783 0.00000 -23.54140 0.11783 0.99303 0.00000 -4.91719 0.00000 0.00000 -1.00000 -0.00000
1608317154768337 -0.99110 0.13310 -0.00000 -25.22700 0.13310 0.99110 0.00000 -4.64443 0.00000 0.00000 -1.00000 -0.00000
1608317155018333 -0.99069 0.13615 0.00000 -26.84045 0.13615 0.99069 0.00000 -4.49417 0.00000 0.00000 -1.00000 -0.00000
1608317155268337 -0.98964 0.14359 0.00000 -28.58795 0.14359 0.98964 0.00000 -4.36539 0.00000 0.00000 -1.00000 -0.00000
1608317155518976 -0.98785 0.15542 0.00000 -30.39031 0.15542 0.98785 0.00000 -3.95061 0.00000 0.00000 -1.00000 -0.00000
1608317155768973 -0.98843 0.15171 0.00000 -32.11006 0.15171 0.98843 0.00000 -4.07855 0.00000 0.00000 -1.00000 -0.00000
1608317156018974 -0.98991 0.14167 0.00000 -33.90194 0.14167 0.98991 0.00000 -4.43455 0.00000 0.00000 -1.00000 -0.00000
1608317156268979 -0.99186 0.12730 0.00000 -35.68853 0.12730 0.99186 0.00000 -4.94204 0.00000 0.00000 -1.00000 -0.00000
1608317156518356 -0.99485 0.10132 0.00000 -37.45459 0.10132 0.99485 0.00000 -5.95410 0.00000 0.00000 -1.00000 -0.00000
1608317156768357 -0.99625 0.08651 0.00000 -39.27137 0.08651 0.99625 0.00000 -6.46432 0.00000 0.00000 -1.00000 -0.00000
1608317157018359 -0.99757 0.06972 -0.00000 -41.09290 0.06972 0.99757 0.00000 -7.13703 0.00000 0.00000 -1.00000 -0.00000
1608317157268361 -0.99864 0.05218 0.00000 -42.90638 0.05218 0.99864 0.00000 -7.88364 0.00000 0.00000 -1.00000 -0.00000
1608317157518363 -0.99935 0.03596 0.00000 -44.78563 0.03596 0.99935 0.00000 -8.51207 0.00000 0.00000 -1.00000 -0.00000
1608317157768368 -0.99941 0.03422 0.00000 -46.75252 0.03422 0.99941 0.00000 -8.70616 0.00000 0.00000 -1.00000 -0.00000
1608317158018376 -0.99983 0.01847 0.00000 -48.47439 0.01847 0.99983 0.00000 -9.44716 0.00000 0.00000 -1.00000 -0.00000
1608317158268381 -0.99996 0.00895 0.00000 -50.34271 0.00895 0.99996 0.00000 -9.92982 0.00000 0.00000 -1.00000 -0.00000
1608317158518374 -0.99998 0.00650 0.00000 -52.20559 0.00650 0.99998 0.00000 -10.13541 0.00000 0.00000 -1.00000 -0.00000
1608317158768381 -0.99992 0.01255 -0.00000 -54.21209 0.01255 0.99992 0.00000 -9.83825 0.00000 0.00000 -1.00000 -0.00000
1608317159017757 -0.99999 0.00333 -0.00000 -55.96982 0.00333 0.99999 0.00000 -10.39404 0.00000 0.00000 -1.00000 -0.00000
1608317159267764 -0.99999 0.00496 -0.00000 -57.86966 0.00496 0.99999 0.00000 -10.29752 0.00000 0.00000 -1.00000 -0.00000
1608317159517766 -0.99998 0.00656 0.00000 -59.74294 0.00656 0.99998 0.00000 -10.23210 0.00000 0.00000 -1.00000 -0.00000
1608317159767765 -0.99995 0.00995 0.00000 -61.64977 0.00995 0.99995 0.00000 -10.00777 0.00000 0.00000 -1.00000 -0.00000
1608317160017781 -0.99990 0.01421 0.00000 -63.41906 0.01421 0.99990 0.00000 -9.79587 0.00000 0.00000 -1.00000 -0.00000
1608317160267776 -0.99950 0.03156 0.00000 -65.36819 0.03156 0.99950 0.00000 -8.74241 0.00000 0.00000 -1.00000 -0.00000
1608317160518407 -0.99862 0.05247 0.00000 -67.21513 0.05247 0.99862 0.00000 -7.36162 0.00000 0.00000 -1.00000 -0.00000
1608317160767779 -0.99808 0.06187 0.00000 -69.00426 0.06187 0.99808 0.00000 -6.76193 0.00000 0.00000 -1.00000 -0.00000
1608317161017784 -0.99633 0.08563 0.00000 -70.86378 0.08563 0.99633 0.00000 -5.14322 0.00000 0.00000 -1.00000 -0.00000
1608317161267787 -0.99410 0.10850 0.00000 -72.63535 0.10850 0.99410 0.00000 -3.49645 0.00000 0.00000 -1.00000 -0.00000
1608317161517787 -0.99076 0.13566 0.00000 -74.44813 0.13566 0.99076 0.00000 -1.60738 0.00000 0.00000 -1.00000 -0.00000
1608317161767793 -0.98686 0.16160 0.00000 -76.13916 0.16160 0.98686 0.00000 0.34579 0.00000 0.00000 -1.00000 0.00000
1608317162017797 -0.98272 0.18507 -0.00000 -77.80782 0.18507 0.98272 0.00000 2.14230 0.00000 0.00000 -1.00000 0.00000
1608317162267796 -0.97846 0.20646 0.00000 -79.44644 0.20646 0.97846 0.00000 3.81334 0.00000 0.00000 -1.00000 0.00000
1608317162517803 -0.97316 0.23012 0.00000 -81.02891 0.23012 0.97316 0.00000 5.70100 0.00000 0.00000 -1.00000 0.00000
