1547120787769098 1.00000 0.00000 0.00000 -0.00000 0.00000 1.00000 0.00000 -0.00000 0.00000 0.00000 1.00000 -0.00000
1547120788016732 1.00000 -0.00008 0.00000 0.00072 0.00008 1.00000 -0.00000 0.00251 -0.00000 0.00000 1.00000 0.00000
1547120788264695 1.00000 0.00019 -0.00000 -0.00051 -0.00019 1.00000 0.00000 -0.00548 0.00000 -0.00000 1.00000 0.00000
1547120788513789 1.00000 -0.00004 0.00000 0.00312 0.00004 1.00000 -0.00000 0.00038 -0.00000 0.00000 1.00000 0.00000
1547120788764096 1.00000 0.00016 -0.00000 0.00019 -0.00016 1.00000 0.00000 -0.00006 0.00000 -0.00000 1.00000 0.00000
1547120789014720 1.00000 -0.00008 0.00000 -0.00244 0.00008 1.00000 -0.00000 -0.00070 -0.00000 0.00000 1.00000 0.00000
1547120789265342 1.00000 -0.00003 0.00000 -0.00607 0.00003 1.00000 -0.00000 0.00176 -0.00000 0.00000 1.00000 0.00000
1547120789515434 1.00000 0.00025 -0.00000 0.00253 -0.00025 1.00000 0.00000 0.00123 0.00000 -0.00000 1.00000 0.00000
1547120789765153 1.00000 0.00014 -0.00000 0.00330 -0.00014 1.00000 0.00000 0.00138 0.00000 -0.00000 1.00000 0.00000
1547120790015995 1.00000 -0.00001 0.00000 0.00063 0.00001 1.00000 -0.00000 -0.00283 -0.00000 0.00000 1.00000 -0.00000
1547120790267628 1.00000 -0.00027 0.00000 0.00204 0.00027 1.00000 -0.00000 0.00189 -0.00000 0.00000 1.00000 0.00000
1547120790519172 1.00000 -0.00008 0.00000 -0.00089 0.00008 1.00000 -0.00000 -0.00272 -0.00000 0.00000 1.00000 0.00000
1547120790770225 1.00000 -0.00007 0.00000 0.00088 0.00007 1.00000 -0.00000 -0.00280 -0.00000 0.00000 1.00000 -0.00000
1547120791021370 1.00000 -0.00000 0.00000 0.00136 0.00000 1.00000 -0.00000 -0.00067 -0.00000 0.00000 1.00000 -0.00000
1547120791273822 1.00000 0.00009 -0.00000 0.00366 -0.00009 1.00000 0.00000 -0.00545 0.00000 -0.00000 1.00000 0.00000
1547120791527537 1.00000 -0.00006 0.00000 0.00224 0.00006 1.00000 -0.00000 0.00345 -0.00000 0.00000 1.00000 0.00000
1547120791780077 1.00000 -0.00019 0.00000 -0.00186 0.00019 1.00000 -0.00000 -0.00305 -0.00000 0.00000 1.00000 0.00000
1547120792030807 1.00000 0.00001 -0.00000 -0.00079 -0.00001 1.00000 0.00000 0.00067 0.00000 -0.00000 1.00000 -0.00000
1547120792279321 1.00000 0.00003 -0.00000 0.00635 -0.00003 1.00000 0.00000 0.00029 0.00000 -0.00000 1.00000 0.00000
1547120792526850 1.00000 0.00008 -0.00000 0.00643 -0.00008 1.00000 0.00000 -0.00057 0.00000 -0.00000 1.00000 0.00000
1547120792774589 1.00000 0.00014 -0.00000 0.00325 -0.00014 1.00000 0.00000 -0.00579 0.00000 -0.00000 1.00000 0.00000
1547120793022159 1.00000 -0.00002 0.00000 0.00384 0.00002 1.00000 -0.00000 -0.00252 -0.00000 0.00000 1.00000 -0.00000
1547120793270216 1.00000 -0.00007 0.00000 -0.00143 0.00007 1.00000 -0.00000 -0.00465 -0.00000 0.00000 1.00000 0.00000
1547120793519397 1.00000 0.00010 -0.00000 0.00149 -0.00010 1.00000 0.00000 -0.00589 0.00000 -0.00000 1.00000 0.00000
1547120793770153 1.00000 0.00000 -0.00000 -0.00122 -0.00000 1.00000 0.00000 -0.00412 0.00000 -0.00000 1.00000 0.00000
1547120794021214 1.00000 -0.00006 0.00000 0.00145 0.00006 1.00000 -0.00000 -0.00346 -0.00000 0.00000 1.00000 -0.00000
1547120794271697 1.00000 0.00002 -0.00000 0.00183 -0.00002 1.00000 0.00000 -0.00451 0.00000 -0.00000 1.00000 0.00000
1547120794522110 1.00000 -0.00006 0.00000 -0.00176 0.00006 1.00000 -0.00000 -0.00035 -0.00000 0.00000 1.00000 0.00000
1547120794772017 1.00000 0.00005 -0.00000 -0.00198 -0.00005 1.00000 0.00000 -0.00381 0.00000 -0.00000 1.00000 0.00000
1547120795021706 1.00000 -0.00009 0.00000 0.00253 0.00009 1.00000 -0.00000 -0.00213 -0.00000 0.00000 1.00000 -0.00000
1547120795272382 1.00000 -0.00013 0.00000 0.00257 0.00013 1.00000 -0.00000 -0.00223 -0.00000 0.00000 1.00000 -0.00000
1547120795524344 1.00000 -0.00005 0.00000 0.00319 0.00005 1.00000 -0.00000 0.00103 -0.00000 0.00000 1.00000 0.00000
1547120795776088 1.00000 -0.00014 0.00000 0.00169 0.00014 1.00000 -0.00000 0.00096 -0.00000 0.00000 1.00000 0.00000
1547120796027417 1.00000 -0.00002 0.00000 0.00763 0.00002 1.00000 -0.00000 0.00071 -0.00000 0.00000 1.00000 0.00000
1547120796278867 1.00000 -0.00009 0.00000 0.00318 0.00009 1.00000 -0.00000 0.00275 -0.00000 0.00000 1.00000 0.00000
1547120796531086 1.00000 -0.00014 0.00000 0.00442 0.00014 1.00000 -0.00000 0.00472 -0.00000 0.00000 1.00000 0.00000
1547120796784665 1.00000 -0.00008 0.00000 0.00128 0.00008 1.00000 -0.00000 0.00423 -0.00000 0.00000 1.00000 0.00000
1547120797037256 1.00000 0.00006 -0.00000 0.00052 -0.00006 1.00000 0.00000 -0.00008 0.00000 -0.00000 1.00000 0.00000
1547120797288016 1.00000 -0.00001 0.00000 0.00250 0.00001 1.00000 -0.00000 0.00097 -0.00000 0.00000 1.00000 0.00000
1547120797536537 1.00000 -0.00004 0.00000 -0.00044 0.00004 1.00000 -0.00000 0.00120 -0.00000 0.00000 1.00000 0.00000
1547120797783307 1.00000 -0.00001 0.00000 -0.00186 0.00001 1.00000 -0.00000 0.00082 -0.00000 0.00000 1.00000 0.00000
1547120798029640 1.00000 0.00012 -0.00000 0.00063 -0.00012 1.00000 0.00000 -0.00210 0.00000 -0.00000 1.00000 0.00000
1547120798275872 1.00000 0.00016 -0.00000 -0.00076 -0.00016 1.00000 0.00000 0.00209 0.00000 -0.00000 1.00000 -0.00000
1547120798522809 1.00000 0.00006 -0.00000 0.00143 -0.00006 1.00000 0.00000 0.00405 0.00000 -0.00000 1.00000 0.00000
1547120798770766 1.00000 0.00010 -0.00000 0.00076 -0.00010 1.00000 0.00000 0.00485 0.00000 -0.00000 1.00000 0.00000
1547120799020087 1.00000 -0.00001 0.00000 0.00260 0.00001 1.00000 -0.00000 0.00066 -0.00000 0.00000 1.00000 0.00000
1547120799270373 1.00000 -0.00025 0.00000 -0.00094 0.00025 1.00000 -0.00000 0.00629 -0.00000 0.00000 1.00000 0.00000
1547120799520797 1.00000 -0.00002 0.00000 0.00021 0.00002 1.00000 -0.00000 0.00464 -0.00000 0.00000 1.00000 0.00000
1547120799771135 1.00000 -0.00000 0.00000 0.00405 0.00000 1.00000 -0.00000 0.00501 -0.00000 0.00000 1.00000 0.00000
1547120800021300 1.00000 0.00010 -0.00000 0.00297 -0.00010 1.00000 0.00000 0.00362 0.00000 -0.00000 1.00000 0.00000
1547120800270994 1.00000 0.00003 -0.00000 0.00127 -0.00003 1.00000 0.00000 0.00888 0.00000 -0.00000 1.00000 0.00000
1547120800521390 1.00000 0.00005 -0.00000 0.00344 -0.00005 1.00000 0.00000 0.00428 0.00000 -0.00000 1.00000 0.00000
1547120800773180 1.00000 -0.00021 0.00000 0.00309 0.00021 1.00000 -0.00000 0.00320 -0.00000 0.00000 1.00000 0.00000
1547120801025067 1.00000 0.00005 -0.00000 0.00167 -0.00005 1.00000 0.00000 0.00351 0.00000 -0.00000 1.00000 0.00000
1547120801276376 1.00000 -0.00028 0.00000 0.00388 0.00028 1.00000 -0.00000 0.00352 -0.00000 0.00000 1.00000 0.00000
1547120801527482 1.00000 -0.00004 0.00000 0.00202 0.00004 1.00000 -0.00000 0.00271 -0.00000 0.00000 1.00000 0.00000
1547120801779350 1.00000 -0.00002 0.00000 0.00478 0.00002 1.00000 -0.00000 -0.00078 -0.00000 0.00000 1.00000 -0.00000
1547120802032933 1.00000 -0.00013 0.00000 0.00392 0.00013 1.00000 -0.00000 -0.00009 -0.00000 0.00000 1.00000 -0.00000
1547120802286448 1.00000 -0.00010 0.00000 0.00312 0.00010 1.00000 -0.00000 0.00164 -0.00000 0.00000 1.00000 0.00000
1547120802538505 1.00000 -0.00008 0.00000 0.00701 0.00008 1.00000 -0.00000 0.00450 -0.00000 0.00000 1.00000 0.00000
1547120802788785 1.00000 -0.00005 0.00000 0.00149 0.00005 1.00000 -0.00000 0.00684 -0.00000 0.00000 1.00000 0.00000
1547120803037246 1.00000 -0.00007 0.00000 0.00385 0.00007 1.00000 -0.00000 0.00223 -0.00000 0.00000 1.00000 0.00000
1547120803285165 1.00000 0.00008 -0.00000 0.00595 -0.00008 1.00000 0.00000 -0.00049 0.00000 -0.00000 1.00000 0.00000
1547120803532526 1.00000 -0.00013 0.00000 0.00348 0.00013 1.00000 -0.00000 0.00536 -0.00000 0.00000 1.00000 0.00000
1547120803779896 1.00000 -0.00010 0.00000 0.00435 0.00010 1.00000 -0.00000 0.00177 -0.00000 0.00000 1.00000 0.00000
1547120804027983 1.00000 -0.00009 0.00000 0.00373 0.00009 1.00000 -0.00000 0.00472 -0.00000 0.00000 1.00000 0.00000
1547120804277306 1.00000 -0.00020 0.00000 0.00280 0.00020 1.00000 -0.00000 0.00621 -0.00000 0.00000 1.00000 0.00000
1547120804527690 1.00000 -0.00012 0.00000 0.00502 0.00012 1.00000 -0.00000 0.00471 -0.00000 0.00000 1.00000 0.00000
1547120804778196 1.00000 -0.00017 0.00000 0.00619 0.00017 1.00000 -0.00000 0.00178 -0.00000 0.00000 1.00000 0.00000
1547120805028470 1.00000 -0.00011 0.00000 0.00420 0.00011 1.00000 -0.00000 0.00232 -0.00000 0.00000 1.00000 0.00000
1547120805278340 1.00000 -0.00005 0.00000 0.00330 0.00005 1.00000 -0.00000 0.00508 -0.00000 0.00000 1.00000 0.00000
1547120805527954 1.00000 -0.00002 0.00000 0.00312 0.00002 1.00000 -0.00000 0.00443 -0.00000 0.00000 1.00000 0.00000
1547120805778400 1.00000 -0.00008 0.00000 0.00590 0.00008 1.00000 -0.00000 0.00132 -0.00000 0.00000 1.00000 0.00000
1547120806030571 1.00000 0.00001 -0.00000 0.00158 -0.00001 1.00000 0.00000 0.00249 0.00000 -0.00000 1.00000 0.00000
1547120806282182 1.00000 -0.00009 0.00000 0.00180 0.00009 1.00000 -0.00000 0.00359 -0.00000 0.00000 1.00000 0.00000
1547120806533240 1.00000 0.00003 -0.00000 0.00206 -0.00003 1.00000 0.00000 0.00297 0.00000 -0.00000 1.00000 0.00000
1547120806784666 1.00000 -0.00007 0.00000 0.00223 0.00007 1.00000 -0.00000 -0.00083 -0.00000 0.00000 1.00000 -0.00000
1547120807036835 1.00000 -0.00019 0.00000 0.00067 0.00019 1.00000 -0.00000 0.00207 -0.00000 0.00000 1.00000 0.00000
1547120807290077 1.00000 -0.00015 0.00000 0.00216 0.00015 1.00000 -0.00000 0.00255 -0.00000 0.00000 1.00000 0.00000
1547120807543365 1.00000 -0.00019 0.00000 0.00349 0.00019 1.00000 -0.00000 0.00193 -0.00000 0.00000 1.00000 0.00000
1547120807795546 1.00000 0.00008 -0.00000 0.00119 -0.00008 1.00000 0.00000 0.00010 0.00000 -0.00000 1.00000 0.00000
1547120808046380 1.00000 0.00022 -0.00000 0.00475 -0.00022 1.00000 0.00000 -0.00237 0.00000 -0.00000 1.00000 0.00000
1547120808295145 1.00000 0.00004 -0.00000 0.00338 -0.00004 1.00000 0.00000 0.00331 0.00000 -0.00000 1.00000 0.00000
1547120808542747 1.00000 0.00023 -0.00000 -0.00039 -0.00023 1.00000 0.00000 0.00079 0.00000 -0.00000 1.00000 -0.00000
1547120808790558 1.00000 0.00002 -0.00000 0.00084 -0.00002 1.00000 0.00000 0.00314 0.00000 -0.00000 1.00000 0.00000
1547120809038304 1.00000 -0.00001 0.00000 0.00085 0.00001 1.00000 -0.00000 0.00257 -0.00000 0.00000 1.00000 0.00000
1547120809286559 1.00000 0.00016 -0.00000 -0.00113 -0.00016 1.00000 0.00000 0.00197 0.00000 -0.00000 1.00000 -0.00000
1547120809535645 1.00000 -0.00008 0.00000 0.00041 0.00008 1.00000 -0.00000 0.00537 -0.00000 0.00000 1.00000 0.00000
1547120809785005 1.00000 0.00010 -0.00000 0.00096 -0.00010 1.00000 0.00000 0.00341 0.00000 -0.00000 1.00000 0.00000
1547120810034364 1.00000 0.00012 -0.00000 0.00102 -0.00012 1.00000 0.00000 0.00114 0.00000 -0.00000 1.00000 0.00000
1547120810283392 1.00000 0.00009 -0.00000 0.00049 -0.00009 1.00000 0.00000 0.00556 0.00000 -0.00000 1.00000 0.00000
1547120810531905 1.00000 0.00011 -0.00000 -0.00090 -0.00011 1.00000 0.00000 0.00368 0.00000 -0.00000 1.00000 -0.00000
1547120810780632 1.00000 0.00011 -0.00000 0.00085 -0.00011 1.00000 0.00000 0.00493 0.00000 -0.00000 1.00000 0.00000
1547120811030401 1.00000 0.00018 -0.00000 0.00215 -0.00018 1.00000 0.00000 -0.00134 0.00000 -0.00000 1.00000 0.00000
1547120811280903 1.00000 -0.00002 0.00000 0.00025 0.00002 1.00000 -0.00000 0.00184 -0.00000 0.00000 1.00000 0.00000
1547120811530756 1.00000 0.00019 -0.00000 -0.00044 -0.00019 1.00000 0.00000 -0.00017 0.00000 -0.00000 1.00000 0.00000
1547120811780658 1.00000 0.00002 -0.00000 0.00133 -0.00002 1.00000 0.00000 0.00159 0.00000 -0.00000 1.00000 0.00000
1547120812030843 1.00000 0.00002 -0.00000 0.00076 -0.00002 1.00000 0.00000 0.00317 0.00000 -0.00000 1.00000 0.00000
1547120812281858 1.00000 0.00007 -0.00000 0.00064 -0.00007 1.00000 0.00000 -0.00027 0.00000 -0.00000 1.00000 0.00000
1547120812534039 1.00000 0.00005 -0.00000 0.00100 -0.00005 1.00000 0.00000 0.00133 0.00000 -0.00000 1.00000 0.00000
1547120812785840 1.00000 -0.00003 0.00000 0.00077 0.00003 1.00000 -0.00000 0.00301 -0.00000 0.00000 1.00000 0.00000
1547120813037197 1.00000 0.00003 -0.00000 -0.00036 -0.00003 1.00000 0.00000 0.00086 0.00000 -0.00000 1.00000 -0.00000
1547120813288326 1.00000 0.00004 -0.00000 0.00018 -0.00004 1.00000 0.00000 0.00133 0.00000 -0.00000 1.00000 0.00000
1547120813539047 1.00000 0.00003 -0.00000 0.00145 -0.00003 1.00000 0.00000 0.00070 0.00000 -0.00000 1.00000 0.00000
1547120813789412 1.00000 -0.00015 0.00000 0.00275 0.00015 1.00000 -0.00000 0.00357 -0.00000 0.00000 1.00000 0.00000
1547120814039865 1.00000 0.00003 -0.00000 0.00444 -0.00003 1.00000 0.00000 0.00113 0.00000 -0.00000 1.00000 0.00000
1547120814289695 1.00000 -0.00017 0.00000 0.00093 0.00017 1.00000 -0.00000 0.00722 -0.00000 0.00000 1.00000 0.00000
1547120814539088 1.00000 -0.00020 0.00000 0.00258 0.00020 1.00000 -0.00000 0.00308 -0.00000 0.00000 1.00000 0.00000
1547120814788302 1.00000 -0.00005 0.00000 0.00265 0.00005 1.00000 -0.00000 0.00492 -0.00000 0.00000 1.00000 0.00000
1547120815037484 1.00000 0.00001 -0.00000 0.00034 -0.00001 1.00000 0.00000 0.00332 0.00000 -0.00000 1.00000 0.00000
1547120815286359 1.00000 -0.00012 0.00000 0.00454 0.00012 1.00000 -0.00000 0.00496 -0.00000 0.00000 1.00000 0.00000
1547120815534998 1.00000 -0.00007 0.00000 0.00419 0.00007 1.00000 -0.00000 0.00317 -0.00000 0.00000 1.00000 0.00000
1547120815783102 1.00000 -0.00005 0.00000 0.00366 0.00005 1.00000 -0.00000 0.00428 -0.00000 0.00000 1.00000 0.00000
1547120816031829 1.00000 -0.00015 0.00000 0.00061 0.00015 1.00000 -0.00000 0.00662 -0.00000 0.00000 1.00000 0.00000
1547120816281636 1.00000 -0.00003 0.00000 0.00212 0.00003 1.00000 -0.00000 0.00340 -0.00000 0.00000 1.00000 0.00000
1547120816532047 1.00000 0.00006 -0.00000 0.00357 -0.00006 1.00000 0.00000 0.00223 0.00000 -0.00000 1.00000 0.00000
1547120816781869 1.00000 0.00011 -0.00000 0.00174 -0.00011 1.00000 0.00000 0.00091 0.00000 -0.00000 1.00000 0.00000
1547120817031595 1.00000 -0.00023 0.00000 0.00452 0.00023 1.00000 -0.00000 0.00496 -0.00000 0.00000 1.00000 0.00000
1547120817281909 1.00000 -0.00009 0.00000 0.00325 0.00009 1.00000 -0.00000 0.00798 -0.00000 0.00000 1.00000 0.00000
1547120817533620 1.00000 -0.00014 0.00000 0.00242 0.00014 1.00000 -0.00000 0.00155 -0.00000 0.00000 1.00000 0.00000
1547120817785964 1.00000 -0.00011 0.00000 0.00095 0.00011 1.00000 -0.00000 0.00147 -0.00000 0.00000 1.00000 0.00000
1547120818037662 1.00000 -0.00006 0.00000 0.00132 0.00006 1.00000 -0.00000 0.00277 -0.00000 0.00000 1.00000 0.00000
1547120818289139 1.00000 0.00003 -0.00000 0.00422 -0.00003 1.00000 0.00000 0.00390 0.00000 -0.00000 1.00000 0.00000
1547120818540025 1.00000 -0.00014 0.00000 0.00435 0.00014 1.00000 -0.00000 0.00577 -0.00000 0.00000 1.00000 0.00000
1547120818790848 1.00000 0.00009 -0.00000 0.00217 -0.00009 1.00000 0.00000 0.00219 0.00000 -0.00000 1.00000 0.00000
1547120819041322 1.00000 -0.00018 0.00000 0.00730 0.00018 1.00000 -0.00000 0.00011 -0.00000 0.00000 1.00000 0.00000
1547120819291660 1.00000 -0.00029 0.00000 0.00415 0.00029 1.00000 -0.00000 0.00637 -0.00000 0.00000 1.00000 0.00000
1547120819541459 1.00000 -0.00005 0.00000 0.00312 0.00005 1.00000 -0.00000 0.00316 -0.00000 0.00000 1.00000 0.00000
1547120819790848 1.00000 -0.00024 0.00000 0.00587 0.00024 1.00000 -0.00000 0.00483 -0.00000 0.00000 1.00000 0.00000
1547120820040282 1.00000 -0.00014 0.00000 0.00528 0.00014 1.00000 -0.00000 0.00608 -0.00000 0.00000 1.00000 0.00000
1547120820289262 1.00000 -0.00012 0.00000 0.00441 0.00012 1.00000 -0.00000 0.00606 -0.00000 0.00000 1.00000 0.00000
1547120820537944 1.00000 -0.00017 0.00000 0.00402 0.00017 1.00000 -0.00000 0.00646 -0.00000 0.00000 1.00000 0.00000
1547120820786206 1.00000 -0.00019 0.00000 0.00337 0.00019 1.00000 -0.00000 0.00444 -0.00000 0.00000 1.00000 0.00000
1547120821034859 1.00000 -0.00010 0.00000 -0.00011 0.00010 1.00000 -0.00000 -0.00192 -0.00000 0.00000 1.00000 0.00000
1547120821285060 1.00000 -0.00025 0.00000 0.00447 0.00025 1.00000 -0.00000 0.00572 -0.00000 0.00000 1.00000 0.00000
1547120821535732 1.00000 -0.00001 0.00000 0.00443 0.00001 1.00000 -0.00000 0.00298 -0.00000 0.00000 1.00000 0.00000
1547120821785583 1.00000 -0.00009 0.00000 0.00350 0.00009 1.00000 -0.00000 0.00649 -0.00000 0.00000 1.00000 0.00000
1547120822035615 1.00000 -0.00011 0.00000 0.00200 0.00011 1.00000 -0.00000 0.00320 -0.00000 0.00000 1.00000 0.00000
1547120822286216 1.00000 0.00001 -0.00000 0.00332 -0.00001 1.00000 0.00000 0.00290 0.00000 -0.00000 1.00000 0.00000
1547120822538333 1.00000 0.00013 -0.00000 0.00261 -0.00013 1.00000 0.00000 0.00360 0.00000 -0.00000 1.00000 0.00000
1547120822790719 1.00000 -0.00016 0.00000 0.00643 0.00016 1.00000 -0.00000 -0.00323 -0.00000 0.00000 1.00000 -0.00000
1547120823042566 1.00000 0.00001 -0.00000 0.00140 -0.00001 1.00000 0.00000 0.00246 0.00000 -0.00000 1.00000 0.00000
1547120823293847 1.00000 -0.00022 0.00000 -0.00051 0.00022 1.00000 -0.00000 -0.00647 -0.00000 0.00000 1.00000 0.00000
1547120823544176 1.00000 -0.00023 0.00000 -0.00227 0.00023 1.00000 -0.00000 -0.00482 -0.00000 0.00000 1.00000 0.00000
1547120823793570 1.00000 0.00004 -0.00000 0.00019 -0.00004 1.00000 0.00000 -0.00595 0.00000 -0.00000 1.00000 0.00000
1547120824042763 1.00000 0.00003 -0.00000 0.00110 -0.00003 1.00000 0.00000 -0.00689 0.00000 -0.00000 1.00000 0.00000
1547120824291678 1.00000 -0.00000 0.00000 0.00285 0.00000 1.00000 -0.00000 0.00182 -0.00000 0.00000 1.00000 0.00000
1547120824540328 1.00000 -0.00011 0.00000 0.00023 0.00011 1.00000 -0.00000 0.00436 -0.00000 0.00000 1.00000 0.00000
1547120824788347 1.00000 -0.00006 0.00000 0.00413 0.00006 1.00000 -0.00000 0.00204 -0.00000 0.00000 1.00000 0.00000
1547120825036273 1.00000 -0.00009 0.00000 0.00332 0.00009 1.00000 -0.00000 -0.00247 -0.00000 0.00000 1.00000 -0.00000
1547120825284002 1.00000 0.00001 -0.00000 0.00542 -0.00001 1.00000 0.00000 -0.00200 0.00000 -0.00000 1.00000 0.00000
1547120825532574 1.00000 0.00002 -0.00000 0.00137 -0.00002 1.00000 0.00000 -0.00443 0.00000 -0.00000 1.00000 0.00000
1547120825782089 1.00000 -0.00016 0.00000 0.00500 0.00016 1.00000 -0.00000 0.00413 -0.00000 0.00000 1.00000 0.00000
1547120826031641 1.00000 0.00012 -0.00000 0.00220 -0.00012 1.00000 0.00000 0.00189 0.00000 -0.00000 1.00000 0.00000
1547120826282203 1.00000 0.00005 -0.00000 0.00120 -0.00005 1.00000 0.00000 0.00090 0.00000 -0.00000 1.00000 0.00000
1547120826534081 1.00000 -0.00005 0.00000 0.00279 0.00005 1.00000 -0.00000 -0.00244 -0.00000 0.00000 1.00000 -0.00000
1547120826785862 1.00000 -0.00003 0.00000 0.00526 0.00003 1.00000 -0.00000 0.00328 -0.00000 0.00000 1.00000 0.00000
1547120827037246 1.00000 -0.00008 0.00000 0.00262 0.00008 1.00000 -0.00000 0.00131 -0.00000 0.00000 1.00000 0.00000
1547120827288425 1.00000 0.00003 -0.00000 0.00247 -0.00003 1.00000 0.00000 -0.00166 0.00000 -0.00000 1.00000 0.00000
1547120827541001 1.00000 0.00011 -0.00000 -0.00206 -0.00011 1.00000 0.00000 -0.00250 0.00000 -0.00000 1.00000 0.00000
1547120827794051 1.00000 0.00003 -0.00000 0.00307 -0.00003 1.00000 0.00000 0.00230 0.00000 -0.00000 1.00000 0.00000
1547120828046040 1.00000 0.00007 -0.00000 0.00400 -0.00007 1.00000 0.00000 -0.00207 0.00000 -0.00000 1.00000 0.00000
1547120828296652 1.00000 0.00005 -0.00000 0.00037 -0.00005 1.00000 0.00000 0.00023 0.00000 -0.00000 1.00000 0.00000
1547120828545682 1.00000 0.00009 -0.00000 0.00171 -0.00009 1.00000 0.00000 0.00161 0.00000 -0.00000 1.00000 0.00000
1547120828793752 1.00000 0.00019 -0.00000 0.00177 -0.00019 1.00000 0.00000 0.00090 0.00000 -0.00000 1.00000 0.00000
1547120829041490 1.00000 0.00021 -0.00000 0.00051 -0.00021 1.00000 0.00000 0.00023 0.00000 -0.00000 1.00000 0.00000
1547120829289216 1.00000 0.00016 -0.00000 0.00281 -0.00016 1.00000 0.00000 -0.00121 0.00000 -0.00000 1.00000 0.00000
1547120829536763 1.00000 -0.00004 0.00000 0.00097 0.00004 1.00000 -0.00000 0.00426 -0.00000 0.00000 1.00000 0.00000
1547120829784784 1.00000 -0.00012 0.00000 0.00104 0.00012 1.00000 -0.00000 0.00327 -0.00000 0.00000 1.00000 0.00000
1547120830034262 1.00000 0.00001 -0.00000 0.00280 -0.00001 1.00000 0.00000 0.00028 0.00000 -0.00000 1.00000 0.00000
1547120830284504 1.00000 -0.00002 0.00000 0.00342 0.00002 1.00000 -0.00000 0.00000 -0.00000 0.00000 1.00000 0.00000
1547120830535245 1.00000 -0.00003 0.00000 0.00117 0.00003 1.00000 -0.00000 0.00331 -0.00000 0.00000 1.00000 0.00000
1547120830785804 1.00000 -0.00010 0.00000 0.00254 0.00010 1.00000 -0.00000 0.00346 -0.00000 0.00000 1.00000 0.00000
1547120831035687 1.00000 -0.00010 0.00000 0.00126 0.00010 1.00000 -0.00000 0.00256 -0.00000 0.00000 1.00000 0.00000
1547120831285198 1.00000 -0.00009 0.00000 0.00242 0.00009 1.00000 -0.00000 0.00310 -0.00000 0.00000 1.00000 0.00000
1547120831535170 1.00000 -0.00000 0.00000 0.00406 0.00000 1.00000 -0.00000 0.00275 -0.00000 0.00000 1.00000 0.00000
1547120831786963 1.00000 -0.00001 0.00000 0.00480 0.00001 1.00000 -0.00000 0.00226 -0.00000 0.00000 1.00000 0.00000
1547120832038912 1.00000 0.00001 -0.00000 0.00296 -0.00001 1.00000 0.00000 -0.00238 0.00000 -0.00000 1.00000 0.00000
1547120832290215 1.00000 -0.00000 0.00000 0.00532 0.00000 1.00000 -0.00000 -0.00142 -0.00000 0.00000 1.00000 -0.00000
1547120832541352 1.00000 -0.00004 0.00000 0.00345 0.00004 1.00000 -0.00000 -0.00042 -0.00000 0.00000 1.00000 -0.00000
1547120832793497 1.00000 -0.00012 0.00000 0.00244 0.00012 1.00000 -0.00000 0.00261 -0.00000 0.00000 1.00000 0.00000
1547120833047136 1.00000 -0.00010 0.00000 0.00269 0.00010 1.00000 -0.00000 -0.00354 -0.00000 0.00000 1.00000 -0.00000
1547120833300359 1.00000 0.00016 -0.00000 0.00093 -0.00016 1.00000 0.00000 -0.00382 0.00000 -0.00000 1.00000 0.00000
1547120833552531 1.00000 0.00016 -0.00000 0.00287 -0.00016 1.00000 0.00000 -0.00284 0.00000 -0.00000 1.00000 0.00000
1547120833802623 1.00000 0.00015 -0.00000 0.00055 -0.00015 1.00000 0.00000 0.00252 0.00000 -0.00000 1.00000 0.00000
1547120834050925 1.00000 0.00006 -0.00000 0.00052 -0.00006 1.00000 0.00000 0.00177 0.00000 -0.00000 1.00000 0.00000
1547120834298703 1.00000 0.00013 -0.00000 0.00093 -0.00013 1.00000 0.00000 -0.00325 0.00000 -0.00000 1.00000 0.00000
1547120834546375 1.00000 0.00001 -0.00000 0.00320 -0.00001 1.00000 0.00000 -0.00047 0.00000 -0.00000 1.00000 0.00000
1547120834794008 1.00000 -0.00018 0.00000 0.00162 0.00018 1.00000 -0.00000 -0.00033 -0.00000 0.00000 1.00000 -0.00000
1547120835042089 1.00000 -0.00010 0.00000 0.00309 0.00010 1.00000 -0.00000 0.00090 -0.00000 0.00000 1.00000 0.00000
1547120835290957 1.00000 0.00005 -0.00000 0.00249 -0.00005 1.00000 0.00000 0.00337 0.00000 -0.00000 1.00000 0.00000
1547120835541038 1.00000 -0.00016 0.00000 0.00174 0.00016 1.00000 -0.00000 0.00579 -0.00000 0.00000 1.00000 0.00000
1547120835791382 1.00000 -0.00019 0.00000 0.00238 0.00019 1.00000 -0.00000 0.00213 -0.00000 0.00000 1.00000 0.00000
1547120836041547 1.00000 -0.00006 0.00000 0.00216 0.00006 1.00000 -0.00000 0.00037 -0.00000 0.00000 1.00000 0.00000
1547120836291403 1.00000 -0.00013 0.00000 0.00230 0.00013 1.00000 -0.00000 0.00710 -0.00000 0.00000 1.00000 0.00000
1547120836541359 1.00000 0.00005 -0.00000 0.00187 -0.00005 1.00000 0.00000 0.00586 0.00000 -0.00000 1.00000 0.00000
1547120836792721 1.00000 -0.00005 0.00000 0.00249 0.00005 1.00000 -0.00000 0.00971 -0.00000 0.00000 1.00000 0.00000
1547120837045588 1.00000 -0.00003 0.00000 0.00465 0.00003 1.00000 -0.00000 0.00435 -0.00000 0.00000 1.00000 0.00000
1547120837296833 1.00000 0.00003 -0.00000 0.00186 -0.00003 1.00000 0.00000 0.00165 0.00000 -0.00000 1.00000 0.00000
1547120837546997 1.00000 -0.00008 0.00000 -0.00112 0.00008 1.00000 -0.00000 0.00132 -0.00000 0.00000 1.00000 0.00000
1547120837798424 1.00000 0.00008 -0.00000 -0.00201 -0.00008 1.00000 0.00000 0.00388 0.00000 -0.00000 1.00000 -0.00000
1547120838051350 1.00000 0.00012 -0.00000 -0.00101 -0.00012 1.00000 0.00000 0.00116 0.00000 -0.00000 1.00000 -0.00000
1547120838305056 1.00000 -0.00005 0.00000 0.00186 0.00005 1.00000 -0.00000 0.00605 -0.00000 0.00000 1.00000 0.00000
1547120838557257 1.00000 0.00000 -0.00000 -0.00060 -0.00000 1.00000 0.00000 0.00511 0.00000 -0.00000 1.00000 -0.00000
1547120838807651 1.00000 -0.00003 0.00000 0.00301 0.00003 1.00000 -0.00000 0.00451 -0.00000 0.00000 1.00000 0.00000
1547120839056323 1.00000 0.00013 -0.00000 -0.00152 -0.00013 1.00000 0.00000 0.00122 0.00000 -0.00000 1.00000 -0.00000
1547120839304064 1.00000 0.00014 -0.00000 -0.00394 -0.00014 1.00000 0.00000 0.00307 0.00000 -0.00000 1.00000 -0.00000
1547120839551750 1.00000 0.00018 -0.00000 -0.00255 -0.00018 1.00000 0.00000 0.00273 0.00000 -0.00000 1.00000 -0.00000
1547120839799418 1.00000 0.00018 -0.00000 0.00174 -0.00018 1.00000 0.00000 0.00709 0.00000 -0.00000 1.00000 0.00000
1547120840047482 1.00000 0.00007 -0.00000 0.00475 -0.00007 1.00000 0.00000 -0.00224 0.00000 -0.00000 1.00000 0.00000
1547120840296832 1.00000 0.00004 -0.00000 0.00166 -0.00004 1.00000 0.00000 0.00158 0.00000 -0.00000 1.00000 0.00000
1547120840547094 1.00000 -0.00004 0.00000 0.00528 0.00004 1.00000 -0.00000 -0.00450 -0.00000 0.00000 1.00000 -0.00000
1547120840797712 1.00000 0.00002 -0.00000 0.00285 -0.00002 1.00000 0.00000 0.00124 0.00000 -0.00000 1.00000 0.00000
1547120841048270 1.00000 -0.00010 0.00000 0.00545 0.00010 1.00000 -0.00000 0.00335 -0.00000 0.00000 1.00000 0.00000
1547120841298418 1.00000 -0.00001 0.00000 0.00392 0.00001 1.00000 -0.00000 -0.00096 -0.00000 0.00000 1.00000 -0.00000
1547120841548258 1.00000 -0.00001 0.00000 0.00145 0.00001 1.00000 -0.00000 0.00493 -0.00000 0.00000 1.00000 0.00000
1547120841798840 1.00000 0.00001 -0.00000 0.00202 -0.00001 1.00000 0.00000 0.00302 0.00000 -0.00000 1.00000 0.00000
1547120842050822 1.00000 -0.00010 0.00000 0.00245 0.00010 1.00000 -0.00000 0.00543 -0.00000 0.00000 1.00000 0.00000
1547120842302651 1.00000 -0.00019 0.00000 0.00160 0.00019 1.00000 -0.00000 -0.00017 -0.00000 0.00000 1.00000 -0.00000
1547120842553827 1.00000 -0.00014 0.00000 0.00235 0.00014 1.00000 -0.00000 0.00483 -0.00000 0.00000 1.00000 0.00000
1547120842805052 1.00000 -0.00027 0.00000 0.00290 0.00027 1.00000 -0.00000 0.00397 -0.00000 0.00000 1.00000 0.00000
1547120843057466 1.00000 -0.00027 0.00000 0.00078 0.00027 1.00000 -0.00000 0.00374 -0.00000 0.00000 1.00000 0.00000
1547120843310662 1.00000 0.00003 -0.00000 -0.00121 -0.00003 1.00000 0.00000 0.00008 0.00000 -0.00000 1.00000 -0.00000
1547120843562963 1.00000 0.00003 -0.00000 0.00444 -0.00003 1.00000 0.00000 0.00813 0.00000 -0.00000 1.00000 0.00000
1547120843813553 1.00000 0.00022 -0.00000 0.00222 -0.00022 1.00000 0.00000 0.00185 0.00000 -0.00000 1.00000 0.00000
1547120844062486 1.00000 -0.00014 0.00000 0.00152 0.00014 1.00000 -0.00000 0.00210 -0.00000 0.00000 1.00000 0.00000
1547120844310775 1.00000 0.00011 -0.00000 -0.00175 -0.00011 1.00000 0.00000 0.00337 0.00000 -0.00000 1.00000 -0.00000
1547120844558465 1.00000 0.00027 -0.00000 0.00318 -0.00027 1.00000 0.00000 0.00575 0.00000 -0.00000 1.00000 0.00000
1547120844806138 1.00000 0.00003 -0.00000 0.00411 -0.00003 1.00000 0.00000 -0.00034 0.00000 -0.00000 1.00000 0.00000
1547120845054622 1.00000 0.00010 -0.00000 0.00175 -0.00010 1.00000 0.00000 0.00734 0.00000 -0.00000 1.00000 0.00000
1547120845304075 1.00000 0.00002 -0.00000 0.00177 -0.00002 1.00000 0.00000 0.00417 0.00000 -0.00000 1.00000 0.00000
1547120845553745 1.00000 -0.00007 0.00000 -0.00103 0.00007 1.00000 -0.00000 0.00268 -0.00000 0.00000 1.00000 0.00000
1547120845803036 1.00000 -0.00004 0.00000 0.00148 0.00004 1.00000 -0.00000 -0.00025 -0.00000 0.00000 1.00000 -0.00000
1547120846051944 1.00000 -0.00005 0.00000 -0.00188 0.00005 1.00000 -0.00000 0.00648 -0.00000 0.00000 1.00000 0.00000
1547120846300667 1.00000 -0.00010 0.00000 -0.00554 0.00010 1.00000 -0.00000 0.00243 -0.00000 0.00000 1.00000 0.00000
1547120846549074 1.00000 -0.00024 0.00000 -0.00208 0.00024 1.00000 -0.00000 0.00009 -0.00000 0.00000 1.00000 0.00000
1547120846797497 1.00000 -0.00009 0.00000 -0.00365 0.00009 1.00000 -0.00000 0.00268 -0.00000 0.00000 1.00000 0.00000
1547120847047307 1.00000 -0.00015 0.00000 0.00405 0.00015 1.00000 -0.00000 0.00056 -0.00000 0.00000 1.00000 0.00000
1547120847297612 1.00000 0.00002 -0.00000 -0.00175 -0.00002 1.00000 0.00000 0.01301 0.00000 -0.00000 1.00000 -0.00000
1547120847547521 1.00000 0.00008 -0.00000 0.00482 -0.00008 1.00000 0.00000 -0.00300 0.00000 -0.00000 1.00000 0.00000
1547120847797456 1.00000 -0.00012 0.00000 -0.00260 0.00012 1.00000 -0.00000 0.01041 -0.00000 0.00000 1.00000 0.00000
1547120848047367 1.00000 -0.00011 0.00000 0.00255 0.00011 1.00000 -0.00000 0.00804 -0.00000 0.00000 1.00000 0.00000
1547120848298480 1.00000 -0.00012 0.00000 0.00273 0.00012 1.00000 -0.00000 0.00803 -0.00000 0.00000 1.00000 0.00000
1547120848550843 1.00000 -0.00014 0.00000 0.00113 0.00014 1.00000 -0.00000 0.00992 -0.00000 0.00000 1.00000 0.00000
1547120848802886 1.00000 -0.00042 0.00000 0.00447 0.00042 1.00000 -0.00000 0.00337 -0.00000 0.00000 1.00000 0.00000
1547120849054140 1.00000 0.00007 -0.00000 -0.00187 -0.00007 1.00000 0.00000 -0.00089 0.00000 -0.00000 1.00000 0.00000
1547120849305053 1.00000 -0.00017 0.00000 0.00751 0.00017 1.00000 -0.00000 0.00325 -0.00000 0.00000 1.00000 0.00000
1547120849555592 1.00000 -0.00011 0.00000 0.00062 0.00011 1.00000 -0.00000 0.00516 -0.00000 0.00000 1.00000 0.00000
1547120849806318 1.00000 0.00008 -0.00000 0.00042 -0.00008 1.00000 0.00000 0.00470 0.00000 -0.00000 1.00000 0.00000
1547120850056860 1.00000 -0.00018 0.00000 -0.00304 0.00018 1.00000 -0.00000 0.00600 -0.00000 0.00000 1.00000 0.00000
1547120850306730 1.00000 0.00004 -0.00000 0.00166 -0.00004 1.00000 0.00000 0.00354 0.00000 -0.00000 1.00000 0.00000
1547120850556004 1.00000 0.00010 -0.00000 0.00405 -0.00010 1.00000 0.00000 0.00114 0.00000 -0.00000 1.00000 0.00000
1547120850804949 1.00000 0.00007 -0.00000 0.00403 -0.00007 1.00000 0.00000 0.00202 0.00000 -0.00000 1.00000 0.00000
1547120851053719 1.00000 -0.00002 0.00000 0.00290 0.00002 1.00000 -0.00000 0.00758 -0.00000 0.00000 1.00000 0.00000
1547120851302402 1.00000 0.00014 -0.00000 0.00370 -0.00014 1.00000 0.00000 -0.00322 0.00000 -0.00000 1.00000 0.00000
1547120851550780 1.00000 0.00004 -0.00000 0.00151 -0.00004 1.00000 0.00000 0.00013 0.00000 -0.00000 1.00000 0.00000
1547120851799417 1.00000 -0.00003 0.00000 -0.00069 0.00003 1.00000 -0.00000 0.00302 -0.00000 0.00000 1.00000 0.00000
1547120852049180 1.00000 -0.00021 0.00000 0.00071 0.00021 1.00000 -0.00000 0.00248 -0.00000 0.00000 1.00000 0.00000
1547120852299730 1.00000 -0.00003 0.00000 0.00267 0.00003 1.00000 -0.00000 0.00255 -0.00000 0.00000 1.00000 0.00000
1547120852549731 1.00000 -0.00022 0.00000 0.00654 0.00022 1.00000 -0.00000 0.00191 -0.00000 0.00000 1.00000 0.00000
1547120852799364 1.00000 0.00062 -0.00000 -0.00062 -0.00062 1.00000 0.00000 0.00220 0.00000 -0.00000 1.00000 -0.00000
1547120853049479 1.00000 0.00198 -0.00000 -0.01710 -0.00198 1.00000 0.00000 0.00916 0.00000 -0.00000 1.00000 -0.00000
1547120853301048 0.99999 0.00362 -0.00000 -0.03936 -0.00362 0.99999 0.00000 0.02062 0.00000 -0.00000 1.00000 -0.00000
1547120853553302 0.99995 0.00959 -0.00000 -0.07511 -0.00959 0.99995 0.00000 0.00538 0.00000 -0.00000 1.00000 -0.00000
1547120853805079 0.99985 0.01748 -0.00000 -0.15325 -0.01748 0.99985 0.00000 -0.01506 0.00000 -0.00000 1.00000 0.00000
1547120854056406 0.99955 0.03002 -0.00000 -0.24463 -0.03002 0.99955 0.00000 -0.01233 0.00000 -0.00000 1.00000 0.00000
1547120854307573 0.99895 0.04582 -0.00000 -0.38153 -0.04582 0.99895 0.00000 0.01970 0.00000 -0.00000 1.00000 -0.00000
1547120854558360 0.99755 0.06995 -0.00000 -0.58096 -0.06995 0.99755 0.00000 0.00979 0.00000 -0.00000 1.00000 0.00000
1547120854808518 0.99520 0.09785 -0.00000 -0.79572 -0.09785 0.99520 0.00000 -0.00391 0.00000 -0.00000 1.00000 0.00000
1547120855058531 0.99113 0.13291 -0.00000 -1.06026 -0.13291 0.99113 0.00000 -0.01508 0.00000 -0.00000 1.00000 0.00000
1547120855308496 0.98562 0.16900 -0.00000 -1.38271 -0.16900 0.98562 0.00000 -0.01321 0.00000 -0.00000 1.00000 0.00000
1547120855557955 0.97813 0.20798 -0.00000 -1.76545 -0.20798 0.97813 0.00000 0.05961 0.00000 -0.00000 1.00000 0.00000
1547120855806873 0.97009 0.24275 -0.00000 -2.21946 -0.24275 0.97009 0.00000 0.10267 0.00000 -0.00000 1.00000 0.00000
1547120856055826 0.96204 0.27291 -0.00000 -2.72464 -0.27291 0.96204 0.00000 0.16062 0.00000 -0.00000 1.00000 0.00000
1547120856305224 0.95599 0.29340 -0.00000 -3.30694 -0.29340 0.95599 0.00000 0.23395 0.00000 -0.00000 1.00000 0.00000
1547120856553889 0.95537 0.29543 -0.00000 -3.98284 -0.29543 0.95537 0.00000 0.26188 0.00000 -0.00000 1.00000 0.00000
1547120856801856 0.95876 0.28423 -0.00000 -4.71839 -0.28423 0.95876 0.00000 0.24712 0.00000 -0.00000 1.00000 0.00000
1547120857051166 0.96385 0.26646 -0.00000 -5.58252 -0.26646 0.96385 0.00000 0.15691 0.00000 -0.00000 1.00000 0.00000
1547120857301208 0.97066 0.24047 -0.00000 -6.46545 -0.24047 0.97066 0.00000 0.07716 0.00000 -0.00000 1.00000 0.00000
1547120857550653 0.97676 0.21434 -0.00000 -7.47784 -0.21434 0.97676 0.00000 -0.11655 0.00000 -0.00000 1.00000 0.00000
1547120857800508 0.98189 0.18943 -0.00000 -8.53080 -0.18943 0.98189 0.00000 -0.26752 0.00000 -0.00000 1.00000 0.00000
1547120858050213 0.98566 0.16875 -0.00000 -9.61848 -0.16875 0.98566 0.00000 -0.41505 0.00000 -0.00000 1.00000 0.00000
1547120858300055 0.98920 0.14659 -0.00000 -10.82016 -0.14659 0.98920 0.00000 -0.60581 0.00000 -0.00000 1.00000 0.00000
1547120858549837 0.99225 0.12428 -0.00000 -12.09260 -0.12428 0.99225 0.00000 -0.80881 0.00000 -0.00000 1.00000 0.00000
1547120858800157 0.99397 0.10961 -0.00000 -13.44619 -0.10961 0.99397 0.00000 -0.97857 0.00000 -0.00000 1.00000 0.00000
1547120859051930 0.99528 0.09702 -0.00000 -14.86601 -0.09702 0.99528 0.00000 -1.08897 0.00000 -0.00000 1.00000 0.00000
1547120859303081 0.99614 0.08779 -0.00000 -16.33182 -0.08779 0.99614 0.00000 -1.21803 0.00000 -0.00000 1.00000 0.00000
1547120859554126 0.99713 0.07566 -0.00000 -17.78932 -0.07566 0.99713 0.00000 -1.40877 0.00000 -0.00000 1.00000 0.00000
1547120859805212 0.99790 0.06481 -0.00000 -19.39220 -0.06481 0.99790 0.00000 -1.59462 0.00000 -0.00000 1.00000 0.00000
1547120860055582 0.99833 0.05771 -0.00000 -20.97936 -0.05771 0.99833 0.00000 -1.66368 0.00000 -0.00000 1.00000 0.00000
1547120860305586 0.99855 0.05379 -0.00000 -22.62392 -0.05379 0.99855 0.00000 -1.73155 0.00000 -0.00000 1.00000 0.00000
1547120860555428 0.99876 0.04979 -0.00000 -24.27705 -0.04979 0.99876 0.00000 -1.81123 0.00000 -0.00000 1.00000 0.00000
1547120860804440 0.99897 0.04545 -0.00000 -25.97929 -0.04545 0.99897 0.00000 -1.92739 0.00000 -0.00000 1.00000 0.00000
1547120861053940 0.99916 0.04092 -0.00000 -27.69215 -0.04092 0.99916 0.00000 -1.99400 0.00000 -0.00000 1.00000 0.00000
1547120861302992 0.99915 0.04117 -0.00000 -29.43899 -0.04117 0.99915 0.00000 -2.00965 0.00000 -0.00000 1.00000 0.00000
1547120861551517 0.99889 0.04707 -0.00000 -31.18517 -0.04707 0.99889 0.00000 -1.78745 0.00000 -0.00000 1.00000 0.00000
1547120861799957 0.99863 0.05225 -0.00000 -32.98212 -0.05225 0.99863 0.00000 -1.63613 0.00000 -0.00000 1.00000 0.00000
1547120862048022 0.99830 0.05826 -0.00000 -34.79891 -0.05826 0.99830 0.00000 -1.40570 0.00000 -0.00000 1.00000 0.00000
1547120862297013 0.99812 0.06121 -0.00000 -36.60007 -0.06121 0.99812 0.00000 -1.28995 0.00000 -0.00000 1.00000 0.00000
1547120862547596 0.99819 0.06020 -0.00000 -38.47969 -0.06020 0.99819 0.00000 -1.26412 0.00000 -0.00000 1.00000 0.00000
1547120862797755 0.99826 0.05901 -0.00000 -40.34655 -0.05901 0.99826 0.00000 -1.25097 0.00000 -0.00000 1.00000 0.00000
1547120863047278 0.99817 0.06053 -0.00000 -42.23988 -0.06053 0.99817 0.00000 -1.16174 0.00000 -0.00000 1.00000 0.00000
1547120863296520 0.99799 0.06345 -0.00000 -44.15313 -0.06345 0.99799 0.00000 -1.03946 0.00000 -0.00000 1.00000 0.00000
1547120863547696 0.99759 0.06939 -0.00000 -46.09226 -0.06939 0.99759 0.00000 -0.69000 0.00000 -0.00000 1.00000 0.00000
1547120863799870 0.99730 0.07339 -0.00000 -48.00812 -0.07339 0.99730 0.00000 -0.48637 0.00000 -0.00000 1.00000 0.00000
1547120864050982 0.99695 0.07802 -0.00000 -49.99536 -0.07802 0.99695 0.00000 -0.27757 0.00000 -0.00000 1.00000 0.00000
1547120864301986 0.99676 0.08040 -0.00000 -51.97012 -0.08040 0.99676 0.00000 -0.10329 0.00000 -0.00000 1.00000 0.00000
1547120864552855 0.99670 0.08120 -0.00000 -53.96126 -0.08120 0.99670 0.00000 -0.03809 0.00000 -0.00000 1.00000 0.00000
1547120864803556 0.99705 0.07677 -0.00000 -55.95976 -0.07677 0.99705 0.00000 -0.24141 0.00000 -0.00000 1.00000 0.00000
1547120865053725 0.99737 0.07242 -0.00000 -58.01062 -0.07242 0.99737 0.00000 -0.40502 0.00000 -0.00000 1.00000 0.00000
1547120865303443 0.99768 0.06811 -0.00000 -60.01059 -0.06811 0.99768 0.00000 -0.64374 0.00000 -0.00000 1.00000 0.00000
1547120865553008 0.99787 0.06522 -0.00000 -62.00377 -0.06522 0.99787 0.00000 -0.76240 0.00000 -0.00000 1.00000 0.00000
1547120865802141 0.99803 0.06271 -0.00000 -64.06083 -0.06271 0.99803 0.00000 -0.85361 0.00000 -0.00000 1.00000 0.00000
1547120866050895 0.99820 0.05998 -0.00000 -66.14904 -0.05998 0.99820 0.00000 -0.96190 0.00000 -0.00000 1.00000 0.00000
1547120866299413 0.99856 0.05365 -0.00000 -68.16224 -0.05365 0.99856 0.00000 -1.36564 0.00000 -0.00000 1.00000 0.00000
1547120866547889 0.99878 0.04941 -0.00000 -70.20755 -0.04941 0.99878 0.00000 -1.66276 0.00000 -0.00000 1.00000 0.00000
1547120866796493 0.99922 0.03944 -0.00000 -72.19692 -0.03944 0.99922 0.00000 -2.34471 0.00000 -0.00000 1.00000 0.00000
1547120867046439 0.99942 0.03395 -0.00000 -74.28431 -0.03395 0.99942 0.00000 -2.67204 0.00000 -0.00000 1.00000 0.00000
1547120867296638 0.99956 0.02970 -0.00000 -76.33063 -0.02970 0.99956 0.00000 -2.95135 0.00000 -0.00000 1.00000 0.00000
1547120867546159 0.99970 0.02447 -0.00000 -78.40495 -0.02447 0.99970 0.00000 -3.30330 0.00000 -0.00000 1.00000 0.00000
1547120867796056 0.99977 0.02139 -0.00000 -80.45156 -0.02139 0.99977 0.00000 -3.48386 0.00000 -0.00000 1.00000 0.00000
1547120868047187 0.99985 0.01724 -0.00000 -82.45132 -0.01724 0.99985 0.00000 -3.83099 0.00000 -0.00000 1.00000 0.00000
1547120868299103 0.99988 0.01558 -0.00000 -84.60637 -0.01558 0.99988 0.00000 -3.95164 0.00000 -0.00000 1.00000 0.00000
1547120868550316 0.99983 0.01819 -0.00000 -86.68904 -0.01819 0.99983 0.00000 -3.66767 0.00000 -0.00000 1.00000 0.00000
1547120868801013 0.99976 0.02208 -0.00000 -88.73882 -0.02208 0.99976 0.00000 -3.27250 0.00000 -0.00000 1.00000 0.00000
1547120869051543 0.99969 0.02471 -0.00000 -90.89905 -0.02471 0.99969 0.00000 -3.03786 0.00000 -0.00000 1.00000 0.00000
1547120869301605 0.99951 0.03134 -0.00000 -92.91042 -0.03134 0.99951 0.00000 -2.38438 0.00000 -0.00000 1.00000 0.00000
1547120869551398 0.99932 0.03684 -0.00000 -94.96893 -0.03684 0.99932 0.00000 -1.83691 0.00000 -0.00000 1.00000 0.00000
1547120869801162 0.99902 0.04427 -0.00000 -97.09687 -0.04427 0.99902 0.00000 -1.03193 0.00000 -0.00000 1.00000 0.00000
1547120870050426 0.99874 0.05025 -0.00000 -99.18201 -0.05025 0.99874 0.00000 -0.50396 0.00000 -0.00000 1.00000 0.00000
1547120870299556 0.99815 0.06080 -0.00000 -101.21141 -0.06080 0.99815 0.00000 0.57460 0.00000 -0.00000 1.00000 0.00000
1547120870548510 0.99775 0.06697 -0.00000 -103.28196 -0.06697 0.99775 0.00000 1.27477 0.00000 -0.00000 1.00000 0.00000
1547120870797225 0.99726 0.07400 -0.00000 -105.31255 -0.07400 0.99726 0.00000 2.03105 0.00000 -0.00000 1.00000 0.00000
1547120871045838 0.99681 0.07980 -0.00000 -107.35473 -0.07980 0.99681 0.00000 2.71780 0.00000 -0.00000 1.00000 0.00000
1547120871294076 0.99631 0.08582 -0.00000 -109.42002 -0.08582 0.99631 0.00000 3.39140 0.00000 -0.00000 1.00000 0.00000
1547120871542891 0.99602 0.08917 -0.00000 -111.41792 -0.08917 0.99602 0.00000 3.77315 0.00000 -0.00000 1.00000 0.00000
1547120871792444 0.99554 0.09438 -0.00000 -113.42536 -0.09438 0.99554 0.00000 4.43689 0.00000 -0.00000 1.00000 0.00000
1547120872042355 0.99515 0.09841 -0.00000 -115.45850 -0.09841 0.99515 0.00000 4.88693 0.00000 -0.00000 1.00000 0.00000
1547120872292140 0.99489 0.10100 -0.00000 -117.46896 -0.10100 0.99489 0.00000 5.22163 0.00000 -0.00000 1.00000 0.00000
1547120872541909 0.99482 0.10169 -0.00000 -119.46391 -0.10169 0.99482 0.00000 5.31501 0.00000 -0.00000 1.00000 0.00000
1547120872791603 0.99447 0.10506 -0.00000 -121.45209 -0.10506 0.99447 0.00000 5.74865 0.00000 -0.00000 1.00000 0.00000
