1547644183119935 1.00000 0.00000 0.00000 -0.00000 0.00000 1.00000 0.00000 -0.00000 0.00000 0.00000 1.00000 -0.00000
1547644183371618 1.00000 0.00002 -0.00000 -0.01095 -0.00002 1.00000 0.00000 0.00148 0.00000 -0.00000 1.00000 -0.00000
1547644183623152 1.00000 0.00004 -0.00000 -0.01085 -0.00004 1.00000 0.00000 0.00182 0.00000 -0.00000 1.00000 -0.00000
1547644183874212 1.00000 0.00004 -0.00000 -0.00707 -0.00004 1.00000 0.00000 0.00186 0.00000 -0.00000 1.00000 -0.00000
1547644184124624 1.00000 0.00005 -0.00000 -0.00315 -0.00005 1.00000 0.00000 0.00181 0.00000 -0.00000 1.00000 -0.00000
1547644184374722 1.00000 0.00008 -0.00000 0.00109 -0.00008 1.00000 0.00000 0.00043 0.00000 -0.00000 1.00000 0.00000
1547644184625021 1.00000 0.00007 -0.00000 -0.00803 -0.00007 1.00000 0.00000 0.00210 0.00000 -0.00000 1.00000 -0.00000
1547644184874969 1.00000 0.00001 -0.00000 -0.01021 -0.00001 1.00000 0.00000 0.00206 0.00000 -0.00000 1.00000 -0.00000
1547644185124530 1.00000 -0.00005 -0.00000 -0.01125 0.00005 1.00000 0.00000 0.00162 0.00000 -0.00000 1.00000 -0.00000
1547644185373924 1.00000 -0.00004 -0.00000 -0.01025 0.00004 1.00000 0.00000 0.00133 0.00000 -0.00000 1.00000 -0.00000
1547644185623053 1.00000 0.00009 -0.00000 0.00244 -0.00009 1.00000 0.00000 0.00090 0.00000 -0.00000 1.00000 0.00000
1547644185871728 1.00000 0.00006 -0.00000 -0.00939 -0.00006 1.00000 0.00000 0.00150 0.00000 -0.00000 1.00000 -0.00000
1547644186120371 1.00000 0.00006 -0.00000 -0.00914 -0.00006 1.00000 0.00000 0.00206 0.00000 -0.00000 1.00000 -0.00000
1547644186368602 1.00000 0.00004 -0.00000 -0.00790 -0.00004 1.00000 0.00000 0.00233 0.00000 -0.00000 1.00000 -0.00000
1547644186617907 1.00000 -0.00000 -0.00000 -0.01056 0.00000 1.00000 0.00000 0.00215 0.00000 -0.00000 1.00000 -0.00000
1547644186868482 1.00000 -0.00004 -0.00000 -0.01404 0.00004 1.00000 0.00000 0.00143 0.00000 -0.00000 1.00000 -0.00000
1547644187118525 1.00000 -0.00000 -0.00000 -0.00775 0.00000 1.00000 0.00000 0.00195 0.00000 -0.00000 1.00000 -0.00000
1547644187368213 1.00000 0.00001 -0.00000 -0.00110 -0.00001 1.00000 0.00000 0.00140 0.00000 -0.00000 1.00000 -0.00000
1547644187618113 1.00000 -0.00001 -0.00000 -0.00351 0.00001 1.00000 0.00000 0.00100 0.00000 -0.00000 1.00000 -0.00000
1547644187867842 1.00000 -0.00003 -0.00000 -0.01285 0.00003 1.00000 0.00000 0.00142 0.00000 -0.00000 1.00000 -0.00000
1547644188117636 1.00000 -0.00001 -0.00000 -0.00692 0.00001 1.00000 0.00000 0.00138 0.00000 -0.00000 1.00000 -0.00000
1547644188368750 1.00000 -0.00000 -0.00000 -0.01276 0.00000 1.00000 0.00000 0.00147 0.00000 -0.00000 1.00000 -0.00000
1547644188620565 1.00000 0.00001 -0.00000 -0.01011 -0.00001 1.00000 0.00000 0.00168 0.00000 -0.00000 1.00000 -0.00000
1547644188872246 1.00000 -0.00001 -0.00000 -0.00418 0.00001 1.00000 0.00000 0.00125 0.00000 -0.00000 1.00000 -0.00000
1547644189123187 1.00000 -0.00003 -0.00000 -0.00210 0.00003 1.00000 0.00000 0.00041 0.00000 -0.00000 1.00000 -0.00000
1547644189373423 1.00000 -0.00006 -0.00000 -0.01158 0.00006 1.00000 0.00000 0.00039 0.00000 -0.00000 1.00000 -0.00000
1547644189623712 1.00000 -0.00008 -0.00000 -0.01208 0.00008 1.00000 0.00000 0.00100 0.00000 -0.00000 1.00000 -0.00000
1547644189874264 1.00000 -0.00004 -0.00000 -0.01416 0.00004 1.00000 0.00000 0.00178 0.00000 -0.00000 1.00000 -0.00000
1547644190124411 1.00000 -0.00004 -0.00000 -0.01548 0.00004 1.00000 0.00000 0.00178 0.00000 -0.00000 1.00000 -0.00000
1547644190373883 1.00000 -0.00006 -0.00000 -0.01521 0.00006 1.00000 0.00000 0.00110 0.00000 -0.00000 1.00000 -0.00000
1547644190623238 1.00000 -0.00003 -0.00000 -0.01295 0.00003 1.00000 0.00000 0.00093 0.00000 -0.00000 1.00000 -0.00000
1547644190872452 1.00000 -0.00001 -0.00000 -0.01272 0.00001 1.00000 0.00000 0.00186 0.00000 -0.00000 1.00000 -0.00000
1547644191121325 1.00000 0.00002 -0.00000 -0.01256 -0.00002 1.00000 0.00000 0.00254 0.00000 -0.00000 1.00000 -0.00000
1547644191370279 1.00000 0.00002 -0.00000 -0.01467 -0.00002 1.00000 0.00000 0.00235 0.00000 -0.00000 1.00000 -0.00000
1547644191618709 1.00000 -0.00001 -0.00000 -0.01784 0.00001 1.00000 0.00000 0.00158 0.00000 -0.00000 1.00000 -0.00000
1547644191867993 1.00000 0.00004 -0.00000 -0.01658 -0.00004 1.00000 0.00000 0.00178 0.00000 -0.00000 1.00000 -0.00000
1547644192118685 1.00000 0.00004 -0.00000 -0.01310 -0.00004 1.00000 0.00000 0.00210 0.00000 -0.00000 1.00000 -0.00000
1547644192368690 1.00000 0.00001 -0.00000 -0.01114 -0.00001 1.00000 0.00000 0.00140 0.00000 -0.00000 1.00000 -0.00000
1547644192618263 1.00000 -0.00001 -0.00000 -0.01048 0.00001 1.00000 0.00000 0.00087 0.00000 -0.00000 1.00000 -0.00000
1547644192868660 1.00000 0.00001 -0.00000 -0.01051 -0.00001 1.00000 0.00000 0.00107 0.00000 -0.00000 1.00000 -0.00000
1547644193118478 1.00000 0.00004 -0.00000 -0.01141 -0.00004 1.00000 0.00000 0.00154 0.00000 -0.00000 1.00000 -0.00000
1547644193368026 1.00000 0.00012 -0.00000 -0.00105 -0.00012 1.00000 0.00000 0.00394 0.00000 -0.00000 1.00000 -0.00000
1547644193618526 1.00000 0.00008 -0.00000 -0.00521 -0.00008 1.00000 0.00000 0.00354 0.00000 -0.00000 1.00000 -0.00000
1547644193869637 1.00000 0.00003 -0.00000 -0.01245 -0.00003 1.00000 0.00000 0.00253 0.00000 -0.00000 1.00000 -0.00000
1547644194121006 1.00000 -0.00001 -0.00000 -0.01509 0.00001 1.00000 0.00000 0.00207 0.00000 -0.00000 1.00000 -0.00000
1547644194372366 1.00000 -0.00009 -0.00000 -0.01439 0.00009 1.00000 0.00000 0.00208 0.00000 -0.00000 1.00000 -0.00000
1547644194623600 1.00000 -0.00011 -0.00000 -0.01568 0.00011 1.00000 0.00000 0.00154 0.00000 -0.00000 1.00000 -0.00000
1547644194874044 1.00000 -0.00012 -0.00000 -0.01359 0.00012 1.00000 0.00000 0.00075 0.00000 -0.00000 1.00000 -0.00000
1547644195124694 1.00000 -0.00013 -0.00000 -0.01134 0.00013 1.00000 0.00000 0.00021 0.00000 -0.00000 1.00000 -0.00000
1547644195375014 1.00000 -0.00011 -0.00000 -0.01030 0.00011 1.00000 0.00000 0.00012 0.00000 -0.00000 1.00000 -0.00000
1547644195624510 1.00000 -0.00003 -0.00000 -0.00973 0.00003 1.00000 0.00000 0.00059 0.00000 -0.00000 1.00000 -0.00000
1547644195874208 1.00000 -0.00006 -0.00000 -0.01009 0.00006 1.00000 0.00000 0.00017 0.00000 -0.00000 1.00000 -0.00000
1547644196123531 1.00000 -0.00004 -0.00000 -0.01105 0.00004 1.00000 0.00000 0.00041 0.00000 -0.00000 1.00000 -0.00000
1547644196372327 1.00000 -0.00001 -0.00000 -0.01286 0.00001 1.00000 0.00000 0.00092 0.00000 -0.00000 1.00000 -0.00000
1547644196621263 1.00000 0.00002 -0.00000 -0.01161 -0.00002 1.00000 0.00000 0.00126 0.00000 -0.00000 1.00000 -0.00000
1547644196869785 1.00000 0.00001 -0.00000 0.00253 -0.00001 1.00000 0.00000 0.00058 0.00000 -0.00000 1.00000 0.00000
1547644197117819 1.00000 0.00001 -0.00000 -0.00961 -0.00001 1.00000 0.00000 0.00098 0.00000 -0.00000 1.00000 -0.00000
1547644197367470 1.00000 -0.00000 -0.00000 -0.01161 0.00000 1.00000 0.00000 0.00120 0.00000 -0.00000 1.00000 -0.00000
1547644197618196 1.00000 -0.00000 -0.00000 -0.01014 0.00000 1.00000 0.00000 0.00155 0.00000 -0.00000 1.00000 -0.00000
1547644197868356 1.00000 0.00004 -0.00000 -0.00974 -0.00004 1.00000 0.00000 0.00193 0.00000 -0.00000 1.00000 -0.00000
1547644198118069 1.00000 0.00000 -0.00000 -0.01018 -0.00000 1.00000 0.00000 0.00140 0.00000 -0.00000 1.00000 -0.00000
1547644198368125 1.00000 -0.00012 -0.00000 -0.01292 0.00012 1.00000 0.00000 0.00109 0.00000 -0.00000 1.00000 -0.00000
1547644198618103 1.00000 -0.00008 -0.00000 -0.01182 0.00008 1.00000 0.00000 0.00136 0.00000 -0.00000 1.00000 -0.00000
1547644198867976 1.00000 -0.00003 -0.00000 -0.00991 0.00003 1.00000 0.00000 0.00148 0.00000 -0.00000 1.00000 -0.00000
1547644199118525 1.00000 0.00000 -0.00000 -0.00911 -0.00000 1.00000 0.00000 0.00152 0.00000 -0.00000 1.00000 -0.00000
1547644199370260 1.00000 0.00012 -0.00000 -0.00885 -0.00012 1.00000 0.00000 0.00193 0.00000 -0.00000 1.00000 -0.00000
1547644199622231 1.00000 0.00013 -0.00000 -0.00950 -0.00013 1.00000 0.00000 0.00169 0.00000 -0.00000 1.00000 -0.00000
1547644199873065 1.00000 0.00010 -0.00000 -0.01108 -0.00010 1.00000 0.00000 0.00160 0.00000 -0.00000 1.00000 -0.00000
1547644200123403 1.00000 0.00007 -0.00000 -0.01384 -0.00007 1.00000 0.00000 0.00174 0.00000 -0.00000 1.00000 -0.00000
1547644200373846 1.00000 0.00006 -0.00000 -0.01588 -0.00006 1.00000 0.00000 0.00195 0.00000 -0.00000 1.00000 -0.00000
1547644200623836 1.00000 0.00008 -0.00000 -0.01273 -0.00008 1.00000 0.00000 0.00190 0.00000 -0.00000 1.00000 -0.00000
1547644200873760 1.00000 0.00020 -0.00000 -0.01210 -0.00020 1.00000 0.00000 0.00316 0.00000 -0.00000 1.00000 -0.00000
1547644201123666 1.00000 0.00004 -0.00000 -0.03053 -0.00004 1.00000 0.00000 0.00184 0.00000 -0.00000 1.00000 -0.00000
1547644201373143 1.00000 -0.00028 -0.00000 -0.06742 0.00028 1.00000 0.00000 -0.00106 0.00000 -0.00000 1.00000 0.00000
1547644201622167 1.00000 0.00053 -0.00000 -0.10274 -0.00053 1.00000 0.00000 -0.00309 0.00000 -0.00000 1.00000 0.00000
1547644201871356 0.99999 0.00385 -0.00000 -0.16679 -0.00385 0.99999 0.00000 -0.00358 0.00000 -0.00000 1.00000 0.00000
1547644202120522 0.99994 0.01122 -0.00000 -0.27732 -0.01122 0.99994 0.00000 -0.00561 0.00000 -0.00000 1.00000 0.00000
1547644202369343 0.99974 0.02289 -0.00000 -0.45061 -0.02289 0.99974 0.00000 -0.01006 0.00000 -0.00000 1.00000 0.00000
1547644202618407 0.99925 0.03866 -0.00000 -0.67510 -0.03866 0.99925 0.00000 -0.01107 0.00000 -0.00000 1.00000 0.00000
1547644202868381 0.99827 0.05881 -0.00000 -0.96438 -0.05881 0.99827 0.00000 -0.00659 0.00000 -0.00000 1.00000 0.00000
1547644203117933 0.99659 0.08248 -0.00000 -1.32840 -0.08248 0.99659 0.00000 0.00646 0.00000 -0.00000 1.00000 0.00000
1547644203367811 0.99438 0.10586 -0.00000 -1.77211 -0.10586 0.99438 0.00000 0.02528 0.00000 -0.00000 1.00000 0.00000
1547644203617789 0.99158 0.12953 -0.00000 -2.28787 -0.12953 0.99158 0.00000 0.05527 0.00000 -0.00000 1.00000 0.00000
1547644203867094 0.98864 0.15031 -0.00000 -2.87412 -0.15031 0.98864 0.00000 0.10076 0.00000 -0.00000 1.00000 0.00000
1547644204116427 0.98613 0.16599 -0.00000 -3.54279 -0.16599 0.98613 0.00000 0.14054 0.00000 -0.00000 1.00000 0.00000
1547644204365736 0.98500 0.17258 -0.00000 -4.29606 -0.17258 0.98500 0.00000 0.17033 0.00000 -0.00000 1.00000 0.00000
1547644204615387 0.98506 0.17222 -0.00000 -5.12439 -0.17222 0.98506 0.00000 0.17394 0.00000 -0.00000 1.00000 0.00000
1547644204866367 0.98564 0.16885 -0.00000 -6.03723 -0.16885 0.98564 0.00000 0.16679 0.00000 -0.00000 1.00000 0.00000
1547644205117986 0.98621 0.16548 -0.00000 -7.04006 -0.16548 0.98621 0.00000 0.16302 0.00000 -0.00000 1.00000 0.00000
1547644205369074 0.98727 0.15904 -0.00000 -8.12054 -0.15904 0.98727 0.00000 0.13545 0.00000 -0.00000 1.00000 0.00000
1547644205619524 0.98878 0.14941 -0.00000 -9.27000 -0.14941 0.98878 0.00000 0.07167 0.00000 -0.00000 1.00000 0.00000
1547644205870366 0.99079 0.13538 -0.00000 -10.50358 -0.13538 0.99079 0.00000 -0.04852 0.00000 -0.00000 1.00000 0.00000
1547644206120997 0.99290 0.11894 -0.00000 -11.80420 -0.11894 0.99290 0.00000 -0.20305 0.00000 -0.00000 1.00000 0.00000
1547644206371372 0.99510 0.09888 -0.00000 -13.15555 -0.09888 0.99510 0.00000 -0.42595 0.00000 -0.00000 1.00000 0.00000
1547644206621450 0.99691 0.07852 -0.00000 -14.54216 -0.07852 0.99691 0.00000 -0.68467 0.00000 -0.00000 1.00000 0.00000
1547644206870464 0.99842 0.05616 -0.00000 -15.98177 -0.05616 0.99842 0.00000 -0.99427 0.00000 -0.00000 1.00000 0.00000
1547644207119359 0.99951 0.03136 -0.00000 -17.35109 -0.03136 0.99951 0.00000 -1.38278 0.00000 -0.00000 1.00000 0.00000
1547644207368278 0.99992 0.01239 -0.00000 -18.82570 -0.01239 0.99992 0.00000 -1.70045 0.00000 -0.00000 1.00000 0.00000
1547644207616528 0.99999 0.00535 -0.00000 -20.38159 -0.00535 0.99999 0.00000 -1.81308 0.00000 -0.00000 1.00000 0.00000
1547644207865180 0.99999 0.00360 -0.00000 -21.97751 -0.00360 0.99999 0.00000 -1.83763 0.00000 -0.00000 1.00000 0.00000
1547644208115036 0.99997 0.00775 -0.00000 -23.61684 -0.00775 0.99997 0.00000 -1.72884 0.00000 -0.00000 1.00000 0.00000
1547644208365072 0.99996 0.00925 -0.00000 -25.16611 -0.00925 0.99996 0.00000 -1.68620 0.00000 -0.00000 1.00000 0.00000
1547644208615077 0.99995 0.00953 -0.00000 -26.82183 -0.00953 0.99995 0.00000 -1.66502 0.00000 -0.00000 1.00000 0.00000
1547644208864320 0.99995 0.01015 -0.00000 -28.52517 -0.01015 0.99995 0.00000 -1.62568 0.00000 -0.00000 1.00000 0.00000
1547644209113512 0.99994 0.01056 -0.00000 -30.25665 -0.01056 0.99994 0.00000 -1.59516 0.00000 -0.00000 1.00000 0.00000
1547644209363364 0.99995 0.01024 -0.00000 -32.01878 -0.01024 0.99995 0.00000 -1.59416 0.00000 -0.00000 1.00000 0.00000
1547644209613257 0.99994 0.01110 -0.00000 -33.75190 -0.01110 0.99994 0.00000 -1.55754 0.00000 -0.00000 1.00000 0.00000
1547644209862865 0.99995 0.01024 -0.00000 -35.50242 -0.01024 0.99995 0.00000 -1.57541 0.00000 -0.00000 1.00000 0.00000
1547644210112725 0.99996 0.00909 -0.00000 -37.31632 -0.00909 0.99996 0.00000 -1.60321 0.00000 -0.00000 1.00000 0.00000
1547644210363410 0.99997 0.00766 -0.00000 -39.19814 -0.00766 0.99997 0.00000 -1.64180 0.00000 -0.00000 1.00000 0.00000
1547644210615351 0.99998 0.00687 -0.00000 -41.09664 -0.00687 0.99998 0.00000 -1.65640 0.00000 -0.00000 1.00000 0.00000
1547644210867117 0.99998 0.00555 -0.00000 -43.05848 -0.00555 0.99998 0.00000 -1.69730 0.00000 -0.00000 1.00000 0.00000
1547644211117868 0.99999 0.00410 -0.00000 -44.99868 -0.00410 0.99999 0.00000 -1.74579 0.00000 -0.00000 1.00000 0.00000
1547644211367883 1.00000 0.00249 -0.00000 -46.93842 -0.00249 1.00000 0.00000 -1.80510 0.00000 -0.00000 1.00000 0.00000
1547644211618346 1.00000 0.00133 -0.00000 -48.90261 -0.00133 1.00000 0.00000 -1.84597 0.00000 -0.00000 1.00000 0.00000
1547644211868854 1.00000 -0.00148 -0.00000 -50.79884 0.00148 1.00000 0.00000 -1.97540 0.00000 -0.00000 1.00000 0.00000
1547644212118447 0.99999 -0.00348 -0.00000 -52.73803 0.00348 0.99999 0.00000 -2.06278 0.00000 -0.00000 1.00000 0.00000
1547644212367770 0.99999 -0.00515 -0.00000 -54.63488 0.00515 0.99999 0.00000 -2.12536 0.00000 -0.00000 1.00000 0.00000
1547644212616916 0.99997 -0.00752 -0.00000 -56.67189 0.00752 0.99997 0.00000 -2.23873 0.00000 -0.00000 1.00000 0.00000
1547644212865835 0.99995 -0.00963 -0.00000 -58.80561 0.00963 0.99995 0.00000 -2.35012 0.00000 -0.00000 1.00000 0.00000
1547644213114948 0.99993 -0.01210 -0.00000 -60.96696 0.01210 0.99993 0.00000 -2.49175 0.00000 -0.00000 1.00000 0.00000
1547644213363579 0.99989 -0.01462 -0.00000 -63.07541 0.01462 0.99989 0.00000 -2.64054 0.00000 -0.00000 1.00000 0.00000
1547644213612061 0.99987 -0.01610 -0.00000 -65.21026 0.01610 0.99987 0.00000 -2.72747 0.00000 -0.00000 1.00000 0.00000
1547644213861630 0.99982 -0.01880 -0.00000 -67.34720 0.01880 0.99982 0.00000 -2.89543 0.00000 -0.00000 1.00000 0.00000
1547644214111778 0.99980 -0.02001 -0.00000 -69.53612 0.02001 0.99980 0.00000 -2.96771 0.00000 -0.00000 1.00000 0.00000
1547644214361677 0.99974 -0.02277 -0.00000 -71.83493 0.02277 0.99974 0.00000 -3.15603 0.00000 -0.00000 1.00000 0.00000
1547644214611639 0.99973 -0.02329 -0.00000 -74.17054 0.02329 0.99973 0.00000 -3.17569 0.00000 -0.00000 1.00000 0.00000
1547644214862739 0.99972 -0.02347 -0.00000 -76.54157 0.02347 0.99972 0.00000 -3.18046 0.00000 -0.00000 1.00000 0.00000
1547644215114350 0.99972 -0.02359 -0.00000 -78.84819 0.02359 0.99972 0.00000 -3.17972 0.00000 -0.00000 1.00000 0.00000
1547644215365495 0.99971 -0.02411 -0.00000 -81.02447 0.02411 0.99971 0.00000 -3.21425 0.00000 -0.00000 1.00000 0.00000
1547644215616343 0.99966 -0.02606 -0.00000 -83.17067 0.02606 0.99966 0.00000 -3.36808 0.00000 -0.00000 1.00000 0.00000
1547644215866777 0.99966 -0.02612 -0.00000 -85.48785 0.02612 0.99966 0.00000 -3.36412 0.00000 -0.00000 1.00000 0.00000
1547644216116790 0.99969 -0.02506 -0.00000 -87.76068 0.02506 0.99969 0.00000 -3.26775 0.00000 -0.00000 1.00000 0.00000
1547644216366565 0.99975 -0.02245 -0.00000 -90.03185 0.02245 0.99975 0.00000 -3.03587 0.00000 -0.00000 1.00000 0.00000
1547644216616096 0.99983 -0.01844 -0.00000 -92.36732 0.01844 0.99983 0.00000 -2.66415 0.00000 -0.00000 1.00000 0.00000
1547644216865292 0.99994 -0.01095 -0.00000 -94.83550 0.01095 0.99994 0.00000 -1.95320 0.00000 -0.00000 1.00000 0.00000
1547644217114310 0.99999 -0.00521 -0.00000 -97.31412 0.00521 0.99999 0.00000 -1.39987 0.00000 -0.00000 1.00000 0.00000
1547644217363368 1.00000 0.00198 -0.00000 -99.75911 -0.00198 1.00000 0.00000 -0.68627 0.00000 -0.00000 1.00000 0.00000
1547644217612399 0.99997 0.00817 -0.00000 -102.21395 -0.00817 0.99997 0.00000 -0.05770 0.00000 -0.00000 1.00000 0.00000
1547644217860843 0.99990 0.01414 -0.00000 -104.62464 -0.01414 0.99990 0.00000 0.56329 0.00000 -0.00000 1.00000 0.00000
1547644218109308 0.99982 0.01876 -0.00000 -106.80703 -0.01876 0.99982 0.00000 1.06236 0.00000 -0.00000 1.00000 0.00000
1547644218357974 0.99983 0.01831 -0.00000 -109.29143 -0.01831 0.99983 0.00000 1.02050 0.00000 -0.00000 1.00000 0.00000
1547644218607521 0.99986 0.01689 -0.00000 -111.78406 -0.01689 0.99986 0.00000 0.87067 0.00000 -0.00000 1.00000 0.00000
1547644218857661 0.99988 0.01545 -0.00000 -114.27427 -0.01545 0.99988 0.00000 0.71939 0.00000 -0.00000 1.00000 0.00000
1547644219107635 0.99990 0.01409 -0.00000 -116.74856 -0.01409 0.99990 0.00000 0.57145 0.00000 -0.00000 1.00000 0.00000
1547644219357393 0.99992 0.01283 -0.00000 -119.21349 -0.01283 0.99992 0.00000 0.42905 0.00000 -0.00000 1.00000 0.00000
1547644219606961 0.99992 0.01250 -0.00000 -121.39459 -0.01250 0.99992 0.00000 0.40031 0.00000 -0.00000 1.00000 0.00000
1547644219856543 0.99993 0.01186 -0.00000 -123.70900 -0.01186 0.99993 0.00000 0.33365 0.00000 -0.00000 1.00000 0.00000
1547644220106107 0.99992 0.01239 -0.00000 -126.10103 -0.01239 0.99992 0.00000 0.40796 0.00000 -0.00000 1.00000 0.00000
1547644220356658 0.99993 0.01183 -0.00000 -128.43047 -0.01183 0.99993 0.00000 0.34330 0.00000 -0.00000 1.00000 0.00000
1547644220608577 0.99993 0.01182 -0.00000 -130.53559 -0.01182 0.99993 0.00000 0.34577 0.00000 -0.00000 1.00000 0.00000
1547644220860341 0.99994 0.01131 -0.00000 -132.88585 -0.01131 0.99994 0.00000 0.27819 0.00000 -0.00000 1.00000 0.00000
1547644221111129 0.99994 0.01101 -0.00000 -135.14886 -0.01101 0.99994 0.00000 0.24018 0.00000 -0.00000 1.00000 0.00000
1547644221361654 0.99995 0.01030 -0.00000 -137.39310 -0.01030 0.99995 0.00000 0.14456 0.00000 -0.00000 1.00000 0.00000
1547644221612112 0.99995 0.00977 -0.00000 -139.62717 -0.00977 0.99995 0.00000 0.07327 0.00000 -0.00000 1.00000 0.00000
1547644221862543 0.99996 0.00848 -0.00000 -141.79724 -0.00848 0.99996 0.00000 -0.11560 0.00000 -0.00000 1.00000 0.00000
1547644222112328 0.99997 0.00792 -0.00000 -143.91093 -0.00792 0.99997 0.00000 -0.19503 0.00000 -0.00000 1.00000 0.00000
1547644222361484 0.99997 0.00751 -0.00000 -145.94474 -0.00751 0.99997 0.00000 -0.25763 0.00000 -0.00000 1.00000 0.00000
1547644222610738 0.99998 0.00655 -0.00000 -147.73493 -0.00655 0.99998 0.00000 -0.40090 0.00000 -0.00000 1.00000 0.00000
1547644222859759 0.99998 0.00604 -0.00000 -149.36053 -0.00604 0.99998 0.00000 -0.47414 0.00000 -0.00000 1.00000 0.00000
1547644223108660 0.99998 0.00554 -0.00000 -151.27451 -0.00554 0.99998 0.00000 -0.54802 0.00000 -0.00000 1.00000 0.00000
1547644223357600 0.99999 0.00519 -0.00000 -153.09589 -0.00519 0.99999 0.00000 -0.59522 0.00000 -0.00000 1.00000 0.00000
1547644223605777 0.99999 0.00489 -0.00000 -154.84791 -0.00489 0.99999 0.00000 -0.63492 0.00000 -0.00000 1.00000 0.00000
1547644223854677 0.99999 0.00522 -0.00000 -156.55729 -0.00522 0.99999 0.00000 -0.56838 0.00000 -0.00000 1.00000 0.00000
1547644224105587 0.99998 0.00548 -0.00000 -158.21163 -0.00548 0.99998 0.00000 -0.52125 0.00000 -0.00000 1.00000 0.00000
1547644224356200 0.99999 0.00543 -0.00000 -159.78031 -0.00543 0.99999 0.00000 -0.54086 0.00000 -0.00000 1.00000 0.00000
1547644224606056 0.99998 0.00594 -0.00000 -161.31936 -0.00594 0.99998 0.00000 -0.45130 0.00000 -0.00000 1.00000 0.00000
1547644224856292 0.99998 0.00651 -0.00000 -162.78496 -0.00651 0.99998 0.00000 -0.35510 0.00000 -0.00000 1.00000 0.00000
1547644225106758 0.99997 0.00755 -0.00000 -164.18085 -0.00755 0.99997 0.00000 -0.18126 0.00000 -0.00000 1.00000 0.00000
1547644225357832 0.99996 0.00928 -0.00000 -165.51404 -0.00928 0.99996 0.00000 0.10633 0.00000 -0.00000 1.00000 0.00000
1547644225610045 0.99993 0.01183 -0.00000 -166.77700 -0.01183 0.99993 0.00000 0.53914 0.00000 -0.00000 1.00000 0.00000
1547644225862124 0.99990 0.01400 -0.00000 -167.99739 -0.01400 0.99990 0.00000 0.91094 0.00000 -0.00000 1.00000 0.00000
1547644226113018 0.99987 0.01599 -0.00000 -169.10709 -0.01599 0.99987 0.00000 1.24690 0.00000 -0.00000 1.00000 0.00000
1547644226363831 0.99985 0.01748 -0.00000 -170.15748 -0.01748 0.99985 0.00000 1.50009 0.00000 -0.00000 1.00000 0.00000
1547644226614036 0.99982 0.01884 -0.00000 -171.15103 -0.01884 0.99982 0.00000 1.73197 0.00000 -0.00000 1.00000 0.00000
1547644226864299 0.99980 0.01996 -0.00000 -172.06932 -0.01996 0.99980 0.00000 1.92465 0.00000 -0.00000 1.00000 0.00000
1547644227114377 0.99978 0.02114 -0.00000 -172.90196 -0.02114 0.99978 0.00000 2.13292 0.00000 -0.00000 1.00000 0.00000
1547644227363511 0.99976 0.02182 -0.00000 -173.66459 -0.02182 0.99976 0.00000 2.25309 0.00000 -0.00000 1.00000 0.00000
1547644227612823 0.99976 0.02209 -0.00000 -174.35752 -0.02209 0.99976 0.00000 2.30317 0.00000 -0.00000 1.00000 0.00000
1547644227862065 0.99976 0.02210 -0.00000 -174.99105 -0.02210 0.99976 0.00000 2.30829 0.00000 -0.00000 1.00000 0.00000
1547644228111027 0.99977 0.02166 -0.00000 -175.57739 -0.02166 0.99977 0.00000 2.23149 0.00000 -0.00000 1.00000 0.00000
1547644228359832 0.99976 0.02194 -0.00000 -176.09300 -0.02194 0.99976 0.00000 2.28165 0.00000 -0.00000 1.00000 0.00000
1547644228608383 0.99976 0.02207 -0.00000 -176.54006 -0.02207 0.99976 0.00000 2.30095 0.00000 -0.00000 1.00000 0.00000
1547644228856570 0.99975 0.02221 -0.00000 -176.90646 -0.02221 0.99975 0.00000 2.32650 0.00000 -0.00000 1.00000 0.00000
1547644229105355 0.99974 0.02272 -0.00000 -177.19780 -0.02272 0.99974 0.00000 2.42273 0.00000 -0.00000 1.00000 0.00000
1547644229356268 0.99974 0.02275 -0.00000 -177.44619 -0.02275 0.99974 0.00000 2.42898 0.00000 -0.00000 1.00000 0.00000
1547644229607074 0.99973 0.02305 -0.00000 -177.65699 -0.02305 0.99973 0.00000 2.48412 0.00000 -0.00000 1.00000 0.00000
1547644229857091 0.99973 0.02307 -0.00000 -177.79884 -0.02307 0.99973 0.00000 2.48482 0.00000 -0.00000 1.00000 0.00000
1547644230107556 0.99973 0.02307 -0.00000 -177.87574 -0.02307 0.99973 0.00000 2.47936 0.00000 -0.00000 1.00000 0.00000
1547644230358000 0.99973 0.02305 -0.00000 -177.90894 -0.02305 0.99973 0.00000 2.46808 0.00000 -0.00000 1.00000 0.00000
1547644230607867 0.99972 0.02354 -0.00000 -178.03672 -0.02354 0.99972 0.00000 2.56737 0.00000 -0.00000 1.00000 0.00000
1547644230858464 0.99973 0.02344 -0.00000 -178.15757 -0.02344 0.99973 0.00000 2.55080 0.00000 -0.00000 1.00000 0.00000
1547644231110130 0.99973 0.02340 -0.00000 -178.24708 -0.02340 0.99973 0.00000 2.54431 0.00000 -0.00000 1.00000 0.00000
1547644231361871 0.99972 0.02349 -0.00000 -178.32820 -0.02349 0.99972 0.00000 2.55920 0.00000 -0.00000 1.00000 0.00000
1547644231613356 0.99972 0.02347 -0.00000 -178.40387 -0.02347 0.99972 0.00000 2.55683 0.00000 -0.00000 1.00000 0.00000
1547644231864276 0.99973 0.02343 -0.00000 -178.48481 -0.02343 0.99973 0.00000 2.54829 0.00000 -0.00000 1.00000 0.00000
1547644232115005 0.99972 0.02350 -0.00000 -178.56195 -0.02350 0.99972 0.00000 2.56229 0.00000 -0.00000 1.00000 0.00000
1547644232365741 0.99972 0.02366 -0.00000 -178.70294 -0.02366 0.99972 0.00000 2.58977 0.00000 -0.00000 1.00000 0.00000
1547644232615971 0.99972 0.02382 -0.00000 -178.80050 -0.02382 0.99972 0.00000 2.62051 0.00000 -0.00000 1.00000 0.00000
1547644232865859 0.99971 0.02395 -0.00000 -178.97866 -0.02395 0.99971 0.00000 2.64306 0.00000 -0.00000 1.00000 0.00000
1547644233115626 0.99971 0.02393 -0.00000 -179.16708 -0.02393 0.99971 0.00000 2.63783 0.00000 -0.00000 1.00000 0.00000
1547644233364846 0.99972 0.02379 -0.00000 -179.41881 -0.02379 0.99972 0.00000 2.61486 0.00000 -0.00000 1.00000 0.00000
1547644233613768 0.99973 0.02344 -0.00000 -179.71752 -0.02344 0.99973 0.00000 2.55479 0.00000 -0.00000 1.00000 0.00000
1547644233862395 0.99973 0.02309 -0.00000 -180.06428 -0.02309 0.99973 0.00000 2.49400 0.00000 -0.00000 1.00000 0.00000
1547644234110791 0.99974 0.02263 -0.00000 -180.46810 -0.02263 0.99974 0.00000 2.41586 0.00000 -0.00000 1.00000 0.00000
1547644234360045 0.99976 0.02179 -0.00000 -180.93536 -0.02179 0.99976 0.00000 2.26486 0.00000 -0.00000 1.00000 0.00000
1547644234610493 0.99980 0.02022 -0.00000 -181.46315 -0.02022 0.99980 0.00000 1.97269 0.00000 -0.00000 1.00000 0.00000
1547644234860287 0.99981 0.01959 -0.00000 -182.08103 -0.01959 0.99981 0.00000 1.86556 0.00000 -0.00000 1.00000 0.00000
1547644235109952 0.99982 0.01880 -0.00000 -182.76811 -0.01880 0.99982 0.00000 1.73133 0.00000 -0.00000 1.00000 0.00000
1547644235360304 0.99985 0.01745 -0.00000 -183.52646 -0.01745 0.99985 0.00000 1.48833 0.00000 -0.00000 1.00000 0.00000
1547644235610017 0.99985 0.01717 -0.00000 -184.37515 -0.01717 0.99985 0.00000 1.44879 0.00000 -0.00000 1.00000 0.00000
1547644235859436 0.99988 0.01539 -0.00000 -185.33532 -0.01539 0.99988 0.00000 1.11833 0.00000 -0.00000 1.00000 0.00000
1547644236109158 0.99990 0.01385 -0.00000 -186.40015 -0.01385 0.99990 0.00000 0.83561 0.00000 -0.00000 1.00000 0.00000
1547644236358953 0.99993 0.01220 -0.00000 -187.55071 -0.01220 0.99993 0.00000 0.53219 0.00000 -0.00000 1.00000 0.00000
1547644236609500 0.99994 0.01119 -0.00000 -188.80278 -0.01119 0.99994 0.00000 0.34631 0.00000 -0.00000 1.00000 0.00000
1547644236861202 0.99995 0.01030 -0.00000 -190.15116 -0.01030 0.99995 0.00000 0.17947 0.00000 -0.00000 1.00000 0.00000
1547644237112525 0.99995 0.00987 -0.00000 -191.57496 -0.00987 0.99995 0.00000 0.10524 0.00000 -0.00000 1.00000 0.00000
1547644237363202 0.99995 0.00990 -0.00000 -193.06674 -0.00990 0.99995 0.00000 0.12138 0.00000 -0.00000 1.00000 0.00000
1547644237613912 0.99995 0.00976 -0.00000 -194.63974 -0.00976 0.99995 0.00000 0.10129 0.00000 -0.00000 1.00000 0.00000
1547644237864330 0.99996 0.00946 -0.00000 -196.28119 -0.00946 0.99996 0.00000 0.04971 0.00000 -0.00000 1.00000 0.00000
1547644238114435 0.99996 0.00938 -0.00000 -197.98126 -0.00938 0.99996 0.00000 0.04066 0.00000 -0.00000 1.00000 0.00000
1547644238364348 0.99995 0.00993 -0.00000 -199.73364 -0.00993 0.99995 0.00000 0.16116 0.00000 -0.00000 1.00000 0.00000
1547644238613576 0.99994 0.01106 -0.00000 -201.55968 -0.01106 0.99994 0.00000 0.39783 0.00000 -0.00000 1.00000 0.00000
1547644238862852 0.99993 0.01207 -0.00000 -203.41037 -0.01207 0.99993 0.00000 0.61181 0.00000 -0.00000 1.00000 0.00000
1547644239112149 0.99991 0.01339 -0.00000 -205.29211 -0.01339 0.99991 0.00000 0.89024 0.00000 -0.00000 1.00000 0.00000
1547644239360750 0.99989 0.01484 -0.00000 -207.20330 -0.01484 0.99989 0.00000 1.18495 0.00000 -0.00000 1.00000 0.00000
1547644239609306 0.99985 0.01719 -0.00000 -209.13310 -0.01719 0.99985 0.00000 1.67516 0.00000 -0.00000 1.00000 0.00000
1547644239857943 0.99979 0.02066 -0.00000 -211.09681 -0.02066 0.99979 0.00000 2.40177 0.00000 -0.00000 1.00000 0.00000
1547644240107088 0.99971 0.02416 -0.00000 -213.09302 -0.02416 0.99971 0.00000 3.14267 0.00000 -0.00000 1.00000 0.00000
1547644240357019 0.99958 0.02911 -0.00000 -215.09380 -0.02911 0.99958 0.00000 4.20166 0.00000 -0.00000 1.00000 0.00000
1547644240607443 0.99939 0.03490 -0.00000 -217.10885 -0.03490 0.99939 0.00000 5.45253 0.00000 -0.00000 1.00000 0.00000
1547644240857165 0.99915 0.04118 -0.00000 -219.11220 -0.04118 0.99915 0.00000 6.81951 0.00000 -0.00000 1.00000 0.00000
1547644241106877 0.99883 0.04845 -0.00000 -221.07732 -0.04845 0.99883 0.00000 8.41624 0.00000 -0.00000 1.00000 0.00000
1547644241356547 0.99841 0.05637 -0.00000 -223.04867 -0.05637 0.99841 0.00000 10.17581 0.00000 -0.00000 1.00000 0.00000
1547644241605974 0.99780 0.06636 -0.00000 -225.00425 -0.06636 0.99780 0.00000 12.41778 0.00000 -0.00000 1.00000 0.00000
1547644241855324 0.99704 0.07685 -0.00000 -226.86653 -0.07685 0.99704 0.00000 14.78812 0.00000 -0.00000 1.00000 0.00000
1547644242105246 0.99600 0.08938 -0.00000 -228.74779 -0.08938 0.99600 0.00000 17.64298 0.00000 -0.00000 1.00000 0.00000
1547644242356019 0.99493 0.10052 -0.00000 -230.62960 -0.10052 0.99493 0.00000 20.21123 0.00000 -0.00000 1.00000 0.00000
1547644242607381 0.99411 0.10833 -0.00000 -232.42813 -0.10833 0.99411 0.00000 22.02415 0.00000 -0.00000 1.00000 0.00000
1547644242859167 0.99323 0.11614 -0.00000 -234.07416 -0.11614 0.99323 0.00000 23.85184 0.00000 -0.00000 1.00000 0.00000
1547644243109695 0.99239 0.12312 -0.00000 -235.99941 -0.12312 0.99239 0.00000 25.49900 0.00000 -0.00000 1.00000 0.00000
1547644243360167 0.99171 0.12848 -0.00000 -237.97503 -0.12848 0.99171 0.00000 26.77792 0.00000 -0.00000 1.00000 0.00000
1547644243610804 0.99139 0.13093 -0.00000 -240.04834 -0.13093 0.99139 0.00000 27.37377 0.00000 -0.00000 1.00000 0.00000
1547644243861217 0.99122 0.13223 -0.00000 -242.14896 -0.13223 0.99122 0.00000 27.69064 0.00000 -0.00000 1.00000 0.00000
1547644244110831 0.99123 0.13218 -0.00000 -244.28937 -0.13218 0.99123 0.00000 27.67905 0.00000 -0.00000 1.00000 0.00000
1547644244360169 0.99101 0.13380 -0.00000 -246.40727 -0.13380 0.99101 0.00000 28.08994 0.00000 -0.00000 1.00000 0.00000
1547644244609550 0.99101 0.13379 -0.00000 -248.54395 -0.13379 0.99101 0.00000 28.09158 0.00000 -0.00000 1.00000 0.00000
1547644244858321 0.99116 0.13265 -0.00000 -250.71939 -0.13265 0.99116 0.00000 27.80797 0.00000 -0.00000 1.00000 0.00000
1547644245107322 0.99124 0.13210 -0.00000 -252.91106 -0.13210 0.99124 0.00000 27.67545 0.00000 -0.00000 1.00000 0.00000
1547644245355956 0.99125 0.13198 -0.00000 -255.11615 -0.13198 0.99125 0.00000 27.64939 0.00000 -0.00000 1.00000 0.00000
1547644245604222 0.99141 0.13083 -0.00000 -257.35315 -0.13083 0.99141 0.00000 27.35997 0.00000 -0.00000 1.00000 0.00000
1547644245853535 0.99137 0.13111 -0.00000 -259.56684 -0.13111 0.99137 0.00000 27.44576 0.00000 -0.00000 1.00000 0.00000
1547644246103724 0.99146 0.13040 -0.00000 -261.81285 -0.13040 0.99146 0.00000 27.26377 0.00000 -0.00000 1.00000 0.00000
1547644246353415 0.99152 0.12994 -0.00000 -264.07900 -0.12994 0.99152 0.00000 27.14598 0.00000 -0.00000 1.00000 0.00000
1547644246603049 0.99149 0.13016 -0.00000 -266.36367 -0.13016 0.99149 0.00000 27.21465 0.00000 -0.00000 1.00000 0.00000
1547644246853089 0.99152 0.12998 -0.00000 -268.58639 -0.12998 0.99152 0.00000 27.17524 0.00000 -0.00000 1.00000 0.00000
1547644247103097 0.99152 0.12997 -0.00000 -270.81022 -0.12997 0.99152 0.00000 27.18423 0.00000 -0.00000 1.00000 0.00000
1547644247352693 0.99153 0.12984 -0.00000 -273.10140 -0.12984 0.99153 0.00000 27.15238 0.00000 -0.00000 1.00000 0.00000
1547644247602042 0.99163 0.12910 -0.00000 -275.43949 -0.12910 0.99163 0.00000 26.94643 0.00000 -0.00000 1.00000 0.00000
1547644247852333 0.99163 0.12915 -0.00000 -277.76372 -0.12915 0.99163 0.00000 26.96677 0.00000 -0.00000 1.00000 0.00000
1547644248104500 0.99169 0.12862 -0.00000 -280.15365 -0.12862 0.99169 0.00000 26.83285 0.00000 -0.00000 1.00000 0.00000
1547644248356131 0.99178 0.12792 -0.00000 -282.52647 -0.12792 0.99178 0.00000 26.64129 0.00000 -0.00000 1.00000 0.00000
1547644248606518 0.99182 0.12762 -0.00000 -284.76192 -0.12762 0.99182 0.00000 26.56327 0.00000 -0.00000 1.00000 0.00000
1547644248856995 0.99183 0.12753 -0.00000 -286.99659 -0.12753 0.99183 0.00000 26.54463 0.00000 -0.00000 1.00000 0.00000
1547644249107361 0.99117 0.13258 -0.00000 -289.22987 -0.13258 0.99117 0.00000 28.01992 0.00000 -0.00000 1.00000 0.00000
1547644249357387 0.99058 0.13696 -0.00000 -291.55500 -0.13696 0.99058 0.00000 29.29933 0.00000 -0.00000 1.00000 0.00000
1547644249607310 0.98988 0.14190 -0.00000 -293.80800 -0.14190 0.98988 0.00000 30.76159 0.00000 -0.00000 1.00000 0.00000
1547644249856698 0.98930 0.14586 -0.00000 -295.92089 -0.14586 0.98930 0.00000 31.95277 0.00000 -0.00000 1.00000 0.00000
1547644250105763 0.98924 0.14631 -0.00000 -298.14047 -0.14631 0.98924 0.00000 32.09930 0.00000 -0.00000 1.00000 0.00000
1547644250355176 0.98935 0.14553 -0.00000 -300.52021 -0.14553 0.98935 0.00000 31.87488 0.00000 -0.00000 1.00000 0.00000
1547644250604167 0.98977 0.14268 -0.00000 -302.93328 -0.14268 0.98977 0.00000 31.01584 0.00000 -0.00000 1.00000 0.00000
1547644250852798 0.98997 0.14126 -0.00000 -305.07695 -0.14126 0.98997 0.00000 30.59099 0.00000 -0.00000 1.00000 0.00000
1547644251101798 0.99012 0.14023 -0.00000 -307.32624 -0.14023 0.99012 0.00000 30.28403 0.00000 -0.00000 1.00000 0.00000
1547644251351206 0.99029 0.13903 -0.00000 -309.51534 -0.13903 0.99029 0.00000 29.92237 0.00000 -0.00000 1.00000 0.00000
1547644251601207 0.99045 0.13786 -0.00000 -311.56982 -0.13786 0.99045 0.00000 29.56727 0.00000 -0.00000 1.00000 0.00000
1547644251851182 0.99069 0.13614 -0.00000 -313.73118 -0.13614 0.99069 0.00000 29.03017 0.00000 -0.00000 1.00000 0.00000
1547644252101269 0.99094 0.13429 -0.00000 -315.85667 -0.13429 0.99094 0.00000 28.45016 0.00000 -0.00000 1.00000 0.00000
1547644252351119 0.99109 0.13316 -0.00000 -317.87465 -0.13316 0.99109 0.00000 28.09887 0.00000 -0.00000 1.00000 0.00000
1547644252601066 0.99131 0.13151 -0.00000 -319.87273 -0.13151 0.99131 0.00000 27.57408 0.00000 -0.00000 1.00000 0.00000
1547644252850910 0.99168 0.12876 -0.00000 -321.88764 -0.12876 0.99168 0.00000 26.68958 0.00000 -0.00000 1.00000 0.00000
1547644253100564 0.99192 0.12683 -0.00000 -323.85275 -0.12683 0.99192 0.00000 26.07190 0.00000 -0.00000 1.00000 0.00000
1547644253350369 0.99215 0.12509 -0.00000 -325.74798 -0.12509 0.99215 0.00000 25.51164 0.00000 -0.00000 1.00000 0.00000
1547644253601028 0.99238 0.12323 -0.00000 -327.61721 -0.12323 0.99238 0.00000 24.90758 0.00000 -0.00000 1.00000 0.00000
1547644253852931 0.99271 0.12049 -0.00000 -329.45146 -0.12049 0.99271 0.00000 24.01319 0.00000 -0.00000 1.00000 0.00000
1547644254104614 0.99297 0.11835 -0.00000 -331.18775 -0.11835 0.99297 0.00000 23.31252 0.00000 -0.00000 1.00000 0.00000
1547644254355113 0.99327 0.11584 -0.00000 -332.88160 -0.11584 0.99327 0.00000 22.48295 0.00000 -0.00000 1.00000 0.00000
1547644254605743 0.99371 0.11196 -0.00000 -334.41248 -0.11196 0.99371 0.00000 21.18992 0.00000 -0.00000 1.00000 0.00000
1547644254856570 0.99415 0.10802 -0.00000 -335.98904 -0.10802 0.99415 0.00000 19.87754 0.00000 -0.00000 1.00000 0.00000
1547644255106395 0.99466 0.10319 -0.00000 -337.58239 -0.10319 0.99466 0.00000 18.24789 0.00000 -0.00000 1.00000 0.00000
1547644255356045 0.99507 0.09922 -0.00000 -339.10588 -0.09922 0.99507 0.00000 16.90801 0.00000 -0.00000 1.00000 0.00000
1547644255606178 0.99540 0.09582 -0.00000 -340.51666 -0.09582 0.99540 0.00000 15.75842 0.00000 -0.00000 1.00000 0.00000
1547644255855555 0.99563 0.09338 -0.00000 -341.84555 -0.09338 0.99563 0.00000 14.92896 0.00000 -0.00000 1.00000 0.00000
1547644256104105 0.99587 0.09078 -0.00000 -343.12454 -0.09078 0.99587 0.00000 14.04131 0.00000 -0.00000 1.00000 0.00000
1547644256352914 0.99613 0.08787 -0.00000 -344.34872 -0.08787 0.99613 0.00000 13.04788 0.00000 -0.00000 1.00000 0.00000
1547644256601597 0.99628 0.08615 -0.00000 -345.50846 -0.08615 0.99628 0.00000 12.45962 0.00000 -0.00000 1.00000 0.00000
1547644256850018 0.99646 0.08411 -0.00000 -346.60904 -0.08411 0.99646 0.00000 11.76000 0.00000 -0.00000 1.00000 0.00000
1547644257099699 0.99663 0.08198 -0.00000 -347.65513 -0.08198 0.99663 0.00000 11.02457 0.00000 -0.00000 1.00000 0.00000
1547644257350121 0.99680 0.07993 -0.00000 -348.64392 -0.07993 0.99680 0.00000 10.31460 0.00000 -0.00000 1.00000 0.00000
1547644257599956 0.99721 0.07471 -0.00000 -349.60005 -0.07471 0.99721 0.00000 8.49362 0.00000 -0.00000 1.00000 0.00000
1547644257849823 0.99778 0.06659 -0.00000 -350.50204 -0.06659 0.99778 0.00000 5.65762 0.00000 -0.00000 1.00000 0.00000
1547644258099848 0.99846 0.05544 -0.00000 -351.32931 -0.05544 0.99846 0.00000 1.74856 0.00000 -0.00000 1.00000 0.00000
1547644258349814 0.99896 0.04554 -0.00000 -352.05382 -0.04554 0.99896 0.00000 -1.72411 0.00000 -0.00000 1.00000 0.00000
1547644258600577 0.99934 0.03645 -0.00000 -352.70302 -0.03645 0.99934 0.00000 -4.91502 0.00000 -0.00000 1.00000 0.00000
1547644258852441 0.99962 0.02759 -0.00000 -353.28357 -0.02759 0.99962 0.00000 -8.03227 0.00000 -0.00000 1.00000 0.00000
1547644259104487 0.99978 0.02100 -0.00000 -353.81998 -0.02100 0.99978 0.00000 -10.35406 0.00000 -0.00000 1.00000 0.00000
1547644259356270 0.99989 0.01505 -0.00000 -354.29579 -0.01505 0.99989 0.00000 -12.45400 0.00000 -0.00000 1.00000 0.00000
1547644259606933 0.99993 0.01187 -0.00000 -354.74204 -0.01187 0.99993 0.00000 -13.57158 0.00000 -0.00000 1.00000 0.00000
1547644259857039 0.99994 0.01066 -0.00000 -355.13901 -0.01066 0.99994 0.00000 -13.99741 0.00000 -0.00000 1.00000 0.00000
1547644260107835 0.99996 0.00947 -0.00000 -355.45666 -0.00947 0.99996 0.00000 -14.41866 0.00000 -0.00000 1.00000 0.00000
1547644260357876 0.99996 0.00939 -0.00000 -355.71651 -0.00939 0.99996 0.00000 -14.44179 0.00000 -0.00000 1.00000 0.00000
1547644260607378 0.99997 0.00804 -0.00000 -355.88346 -0.00804 0.99997 0.00000 -14.92370 0.00000 -0.00000 1.00000 0.00000
1547644260857259 0.99997 0.00780 -0.00000 -355.96426 -0.00780 0.99997 0.00000 -15.00596 0.00000 -0.00000 1.00000 0.00000
1547644261106956 0.99997 0.00720 -0.00000 -356.02933 -0.00720 0.99997 0.00000 -15.22130 0.00000 -0.00000 1.00000 0.00000
1547644261356198 0.99998 0.00684 -0.00000 -356.08459 -0.00684 0.99998 0.00000 -15.34865 0.00000 -0.00000 1.00000 0.00000
1547644261605468 0.99998 0.00589 -0.00000 -356.17456 -0.00589 0.99998 0.00000 -15.68630 0.00000 -0.00000 1.00000 0.00000
1547644261854293 0.99999 0.00362 -0.00000 -356.30686 -0.00362 0.99999 0.00000 -16.49111 0.00000 -0.00000 1.00000 0.00000
1547644262102499 1.00000 -0.00011 -0.00000 -356.44491 0.00011 1.00000 0.00000 -17.81603 0.00000 -0.00000 1.00000 0.00000
1547644262351691 0.99999 -0.00494 -0.00000 -356.61380 0.00494 0.99999 0.00000 -19.53109 0.00000 -0.00000 1.00000 0.00000
1547644262601680 0.99994 -0.01099 -0.00000 -356.80682 0.01099 0.99994 0.00000 -21.67666 0.00000 -0.00000 1.00000 0.00000
1547644262851624 0.99984 -0.01812 -0.00000 -357.00785 0.01812 0.99984 0.00000 -24.21005 0.00000 -0.00000 1.00000 0.00000
1547644263101402 0.99962 -0.02746 -0.00000 -357.18927 0.02746 0.99962 0.00000 -27.53992 0.00000 -0.00000 1.00000 0.00000
1547644263351039 0.99933 -0.03669 -0.00000 -357.39370 0.03669 0.99933 0.00000 -30.83458 0.00000 -0.00000 1.00000 0.00000
1547644263601110 0.99907 -0.04312 -0.00000 -357.70635 0.04312 0.99907 0.00000 -33.12742 0.00000 -0.00000 1.00000 0.00000
1547644263851210 0.99875 -0.04994 -0.00000 -358.03788 0.04994 0.99875 0.00000 -35.55716 0.00000 -0.00000 1.00000 0.00000
1547644264100876 0.99860 -0.05298 -0.00000 -358.53695 0.05298 0.99860 0.00000 -36.64215 0.00000 -0.00000 1.00000 0.00000
1547644264351470 0.99843 -0.05597 -0.00000 -359.09160 0.05597 0.99843 0.00000 -37.71145 0.00000 -0.00000 1.00000 0.00000
1547644264603708 0.99826 -0.05899 -0.00000 -359.71079 0.05899 0.99826 0.00000 -38.79423 0.00000 -0.00000 1.00000 0.00000
1547644264855089 0.99814 -0.06103 -0.00000 -360.38092 0.06103 0.99814 0.00000 -39.51593 0.00000 -0.00000 1.00000 0.00000
1547644265105573 0.99807 -0.06214 -0.00000 -361.12609 0.06214 0.99807 0.00000 -39.91332 0.00000 -0.00000 1.00000 0.00000
1547644265356595 0.99798 -0.06351 -0.00000 -361.93526 0.06351 0.99798 0.00000 -40.40304 0.00000 -0.00000 1.00000 0.00000
1547644265606702 0.99799 -0.06330 -0.00000 -362.93985 0.06330 0.99799 0.00000 -40.31822 0.00000 -0.00000 1.00000 0.00000
1547644265856528 0.99797 -0.06363 -0.00000 -364.02722 0.06363 0.99797 0.00000 -40.43361 0.00000 -0.00000 1.00000 0.00000
1547644266106420 0.99797 -0.06371 -0.00000 -365.20424 0.06371 0.99797 0.00000 -40.45916 0.00000 -0.00000 1.00000 0.00000
1547644266355540 0.99815 -0.06080 -0.00000 -366.59486 0.06080 0.99815 0.00000 -39.39328 0.00000 -0.00000 1.00000 0.00000
1547644266604512 0.99830 -0.05820 -0.00000 -368.07909 0.05820 0.99830 0.00000 -38.43450 0.00000 -0.00000 1.00000 0.00000
