1. 0.001 0. 1.325 -0.001 1. 0. 0.016 0. 0. 1. 0.
1. -0.001 0. 1.699 0.001 1. 0. 0.023 0. 0. 1. 0.
1. -0.000 0. 2.111 0.000 1. 0. 0.016 0. 0. 1. 0.
1. -0.002 0. 2.560 0.002 1. 0. 0.032 0. 0. 1. 0.
1. 0.001 0. 3.033 -0.001 1. 0. 0.030 0. 0. 1. 0.
1. 0.001 0. 3.522 -0.001 1. 0. 0.017 0. 0. 1. 0.
1. 0.001 0. 4.024 -0.001 1. 0. 0.007 0. 0. 1. 0.
1. 0.001 0. 4.522 -0.001 1. 0. 0.016 0. 0. 1. 0.
1. 0.000 0. 5.056 -0.000 1. 0. 0.010 0. 0. 1. 0.
1. 0.001 0. 5.566 -0.001 1. 0. 0.033 0. 0. 1. 0.
1. -0. 0. 6.098 0. 1. 0. 0.046 0. 0. 1. 0.
1. 0.001 0. 6.674 -0.001 1. 0. 0.033 0. 0. 1. 0.
1. -0.000 0. 7.207 0.000 1. 0. 0.042 0. 0. 1. 0.
1. 0.001 0. 7.753 -0.001 1. 0. 0.065 0. 0. 1. 0.
1. -0.003 0. 8.251 0.003 1. 0. 0.077 0. 0. 1. 0.
1. -0.004 0. 8.810 0.004 1. 0. 0.074 0. 0. 1. 0.
1. -0.007 0. 9.348 0.007 1. 0. 0.084 0. 0. 1. 0.
1. -0.012 0. 9.888 0.012 1. 0. 0.092 0. 0. 1. 0.
1. -0.012 0. 10.416 0.012 1. 0. 0.113 0. 0. 1. 0.
1.000 -0.014 0. 10.927 0.014 1.000 0. 0.113 0. 0. 1. 0.
1.000 -0.017 0. 11.444 0.017 1.000 0. 0.152 0. 0. 1. 0.
1.000 -0.018 0. 11.954 0.018 1.000 0. 0.158 0. 0. 1. 0.
1.000 -0.021 0. 12.471 0.021 1.000 0. 0.176 0. 0. 1. 0.
1.000 -0.024 0. 12.977 0.024 1.000 0. 0.200 0. 0. 1. 0.
1.000 -0.027 0. 13.451 0.027 1.000 0. 0.214 0. 0. 1. 0.
1.000 -0.029 0. 13.934 0.029 1.000 0. 0.229 0. 0. 1. 0.
1.000 -0.029 0. 14.399 0.029 1.000 0. 0.274 0. 0. 1. 0.
1.000 -0.028 0. 14.864 0.028 1.000 0. 0.266 0. 0. 1. 0.
1.000 -0.029 0. 15.334 0.029 1.000 0. 0.294 0. 0. 1. 0.
1.000 -0.028 0. 15.795 0.028 1.000 0. 0.301 0. 0. 1. 0.
1.000 -0.030 0. 16.242 0.030 1.000 0. 0.322 0. 0. 1. 0.
0.999 -0.032 0. 16.642 0.032 0.999 0. 0.368 0. 0. 1. 0.
0.999 -0.033 0. 16.995 0.033 0.999 0. 0.356 0. 0. 1. 0.
0.999 -0.037 0. 17.332 0.037 0.999 0. 0.376 0. 0. 1. 0.
0.999 -0.041 0. 17.657 0.041 0.999 0. 0.417 0. 0. 1. 0.
0.999 -0.047 0. 17.951 0.047 0.999 0. 0.440 0. 0. 1. 0.
0.999 -0.055 0. 18.221 0.055 0.999 0. 0.440 0. 0. 1. 0.
0.998 -0.062 0. 18.541 0.062 0.998 0. 0.453 0. 0. 1. 0.
0.998 -0.070 0. 18.846 0.070 0.998 0. 0.506 0. 0. 1. 0.
0.997 -0.079 0. 19.135 0.079 0.997 0. 0.545 0. 0. 1. 0.
0.996 -0.091 0. 19.462 0.091 0.996 0. 0.584 0. 0. 1. 0.
0.995 -0.102 0. 19.811 0.102 0.995 0. 0.648 0. 0. 1. 0.
0.993 -0.115 0. 20.187 0.115 0.993 0. 0.713 0. 0. 1. 0.
0.992 -0.130 0. 20.623 0.130 0.992 0. 0.786 0. 0. 1. 0.
0.989 -0.146 0. 21.051 0.146 0.989 0. 0.837 0. 0. 1. 0.
0.987 -0.162 0. 21.561 0.162 0.987 0. 0.999 0. 0. 1. 0.
0.984 -0.181 0. 22.110 0.181 0.984 0. 1.123 0. 0. 1. 0.
0.979 -0.203 0. 22.753 0.203 0.979 0. 1.272 0. 0. 1. 0.
0.975 -0.223 0. 23.388 0.223 0.975 0. 1.457 0. 0. 1. 0.
0.969 -0.247 0. 24.076 0.247 0.969 0. 1.653 0. 0. 1. 0.
0.963 -0.271 0. 24.797 0.271 0.963 0. 1.870 0. 0. 1. 0.
0.955 -0.295 0. 25.583 0.295 0.955 0. 2.128 0. 0. 1. 0.
0.949 -0.316 0. 26.363 0.316 0.949 0. 2.435 0. 0. 1. 0.
0.943 -0.332 0. 27.197 0.332 0.943 0. 2.753 0. 0. 1. 0.
0.940 -0.341 0. 28.045 0.341 0.940 0. 3.037 0. 0. 1. 0.
0.940 -0.340 0. 28.935 0.340 0.940 0. 3.395 0. 0. 1. 0.
0.943 -0.334 0. 29.857 0.334 0.943 0. 3.706 0. 0. 1. 0.
0.948 -0.319 0. 30.838 0.319 0.948 0. 4.023 0. 0. 1. 0.
0.954 -0.300 0. 31.835 0.300 0.954 0. 4.337 0. 0. 1. 0.
0.961 -0.277 0. 32.858 0.277 0.961 0. 4.621 0. 0. 1. 0.
0.968 -0.251 0. 33.908 0.251 0.968 0. 4.894 0. 0. 1. 0.
0.975 -0.223 0. 35.029 0.223 0.975 0. 5.111 0. 0. 1. 0.
0.981 -0.195 0. 36.172 0.195 0.981 0. 5.301 0. 0. 1. 0.
0.986 -0.164 0. 37.342 0.164 0.986 0. 5.501 0. 0. 1. 0.
0.991 -0.135 0. 38.594 0.135 0.991 0. 5.634 0. 0. 1. 0.
0.994 -0.110 0. 39.860 0.110 0.994 0. 5.793 0. 0. 1. 0.
0.996 -0.089 0. 41.164 0.089 0.996 0. 5.908 0. 0. 1. 0.
0.997 -0.074 0. 42.464 0.074 0.997 0. 5.950 0. 0. 1. 0.
0.998 -0.062 0. 43.831 0.062 0.998 0. 6.056 0. 0. 1. 0.
0.999 -0.053 0. 45.230 0.053 0.999 0. 6.122 0. 0. 1. 0.
0.999 -0.049 0. 46.634 0.049 0.999 0. 6.198 0. 0. 1. 0.
0.999 -0.049 0. 48.078 0.049 0.999 0. 6.269 0. 0. 1. 0.
0.999 -0.051 0. 49.525 0.051 0.999 0. 6.368 0. 0. 1. 0.
0.999 -0.051 0. 50.951 0.051 0.999 0. 6.444 0. 0. 1. 0.
0.999 -0.052 0. 52.396 0.052 0.999 0. 6.504 0. 0. 1. 0.
0.999 -0.053 0. 53.871 0.053 0.999 0. 6.592 0. 0. 1. 0.
0.999 -0.054 0. 55.354 0.054 0.999 0. 6.717 0. 0. 1. 0.
0.998 -0.055 0. 56.821 0.055 0.998 0. 6.750 0. 0. 1. 0.
0.998 -0.058 0. 58.309 0.058 0.998 0. 6.896 0. 0. 1. 0.
0.998 -0.060 0. 59.822 0.060 0.998 0. 6.944 0. 0. 1. 0.
0.998 -0.062 0. 61.345 0.062 0.998 0. 7.060 0. 0. 1. 0.
0.998 -0.063 0. 62.863 0.063 0.998 0. 7.191 0. 0. 1. 0.
0.998 -0.070 0. 64.376 0.070 0.998 0. 7.294 0. 0. 1. 0.
0.997 -0.081 0. 65.933 0.081 0.997 0. 7.434 0. 0. 1. 0.
0.996 -0.090 0. 67.492 0.090 0.996 0. 7.587 0. 0. 1. 0.
0.995 -0.103 0. 68.983 0.103 0.995 0. 7.787 0. 0. 1. 0.
0.993 -0.116 0. 70.515 0.116 0.993 0. 7.997 0. 0. 1. 0.
0.991 -0.130 0. 72.024 0.130 0.991 0. 8.158 0. 0. 1. 0.
0.989 -0.146 0. 73.495 0.146 0.989 0. 8.440 0. 0. 1. 0.
0.987 -0.161 0. 74.961 0.161 0.987 0. 8.655 0. 0. 1. 0.
0.984 -0.180 0. 76.420 0.180 0.984 0. 8.905 0. 0. 1. 0.
0.981 -0.196 0. 77.903 0.196 0.981 0. 9.183 0. 0. 1. 0.
0.977 -0.212 0. 79.274 0.212 0.977 0. 9.569 0. 0. 1. 0.
0.974 -0.225 0. 80.653 0.225 0.974 0. 9.829 0. 0. 1. 0.
0.971 -0.240 0. 82.037 0.240 0.971 0. 10.151 0. 0. 1. 0.
0.966 -0.258 0. 83.348 0.258 0.966 0. 10.588 0. 0. 1. 0.
0.962 -0.272 0. 84.645 0.272 0.962 0. 11.010 0. 0. 1. 0.
0.957 -0.290 0. 85.941 0.290 0.957 0. 11.408 0. 0. 1. 0.
0.951 -0.308 0. 87.189 0.308 0.951 0. 11.819 0. 0. 1. 0.
0.945 -0.326 0. 88.416 0.326 0.945 0. 12.219 0. 0. 1. 0.
0.940 -0.341 0. 89.594 0.341 0.940 0. 12.711 0. 0. 1. 0.
0.931 -0.364 0. 90.797 0.364 0.931 0. 13.116 0. 0. 1. 0.
0.924 -0.381 0. 91.965 0.381 0.924 0. 13.659 0. 0. 1. 0.
0.916 -0.401 0. 93.082 0.401 0.916 0. 14.196 0. 0. 1. 0.
0.906 -0.423 0. 94.161 0.423 0.906 0. 14.749 0. 0. 1. 0.
0.895 -0.446 0. 95.195 0.446 0.895 0. 15.199 0. 0. 1. 0.
0.884 -0.467 0. 96.224 0.467 0.884 0. 15.854 0. 0. 1. 0.
0.874 -0.485 0. 97.201 0.485 0.874 0. 16.448 0. 0. 1. 0.
0.861 -0.509 0. 98.199 0.509 0.861 0. 17.027 0. 0. 1. 0.
0.847 -0.531 0. 99.123 0.531 0.847 0. 17.670 0. 0. 1. 0.
0.834 -0.552 0. 100.014 0.552 0.834 0. 18.286 0. 0. 1. 0.
0.817 -0.577 0. 100.875 0.577 0.817 0. 18.964 0. 0. 1. 0.
0.798 -0.602 0. 101.699 0.602 0.798 0. 19.637 0. 0. 1. 0.
0.779 -0.627 0. 102.528 0.627 0.779 0. 20.350 0. 0. 1. 0.
0.759 -0.651 0. 103.312 0.651 0.759 0. 21.096 0. 0. 1. 0.
0.742 -0.671 0. 104.066 0.671 0.742 0. 21.812 0. 0. 1. 0.
0.729 -0.684 0. 104.793 0.684 0.729 0. 22.590 0. 0. 1. 0.
0.721 -0.693 0. 105.538 0.693 0.721 0. 23.274 0. 0. 1. 0.
0.715 -0.699 0. 106.125 0.699 0.715 0. 23.864 0. 0. 1. 0.
0.714 -0.700 0. 106.773 0.700 0.714 0. 24.463 0. 0. 1. 0.
0.715 -0.699 0. 107.214 0.699 0.715 0. 24.988 0. 0. 1. 0.
0.715 -0.699 0. 107.609 0.699 0.715 0. 25.337 0. 0. 1. 0.
0.717 -0.697 0. 108.070 0.697 0.717 0. 25.728 0. 0. 1. 0.
0.717 -0.697 0. 108.433 0.697 0.717 0. 26.032 0. 0. 1. 0.
0.719 -0.695 0. 108.736 0.695 0.719 0. 26.323 0. 0. 1. 0.
0.720 -0.694 0. 109.051 0.694 0.720 0. 26.670 0. 0. 1. 0.
0.722 -0.692 0. 109.385 0.692 0.722 0. 26.991 0. 0. 1. 0.
0.723 -0.691 0. 109.690 0.691 0.723 0. 27.305 0. 0. 1. 0.
0.726 -0.687 0. 109.996 0.687 0.726 0. 27.616 0. 0. 1. 0.
0.729 -0.685 0. 110.366 0.685 0.729 0. 27.935 0. 0. 1. 0.
0.731 -0.683 0. 110.720 0.683 0.731 0. 28.282 0. 0. 1. 0.
0.731 -0.682 0. 111.066 0.682 0.731 0. 28.616 0. 0. 1. 0.
0.733 -0.680 0. 111.490 0.680 0.733 0. 28.977 0. 0. 1. 0.
0.736 -0.677 0. 111.911 0.677 0.736 0. 29.382 0. 0. 1. 0.
0.737 -0.676 0. 112.362 0.676 0.737 0. 29.782 0. 0. 1. 0.
0.739 -0.674 0. 112.857 0.674 0.739 0. 30.231 0. 0. 1. 0.
0.740 -0.672 0. 113.358 0.672 0.740 0. 30.685 0. 0. 1. 0.
0.741 -0.671 0. 113.933 0.671 0.741 0. 31.221 0. 0. 1. 0.
0.742 -0.670 0. 114.512 0.670 0.742 0. 31.737 0. 0. 1. 0.
0.743 -0.669 0. 115.168 0.669 0.743 0. 32.285 0. 0. 1. 0.
0.743 -0.669 0. 115.705 0.669 0.743 0. 32.835 0. 0. 1. 0.
0.743 -0.669 0. 116.291 0.669 0.743 0. 33.415 0. 0. 1. 0.
0.743 -0.669 0. 116.917 0.669 0.743 0. 33.960 0. 0. 1. 0.
0.742 -0.670 0. 117.544 0.670 0.742 0. 34.550 0. 0. 1. 0.
0.742 -0.670 0. 118.224 0.670 0.742 0. 35.145 0. 0. 1. 0.
0.741 -0.672 0. 118.904 0.672 0.741 0. 35.755 0. 0. 1. 0.
0.741 -0.672 0. 119.578 0.672 0.741 0. 36.412 0. 0. 1. 0.
0.739 -0.674 0. 120.277 0.674 0.739 0. 37.057 0. 0. 1. 0.
0.739 -0.673 0. 121.032 0.673 0.739 0. 37.725 0. 0. 1. 0.
0.738 -0.675 0. 121.741 0.675 0.738 0. 38.451 0. 0. 1. 0.
0.736 -0.677 0. 122.533 0.677 0.736 0. 39.152 0. 0. 1. 0.
0.737 -0.676 0. 123.319 0.676 0.737 0. 39.942 0. 0. 1. 0.
0.739 -0.674 0. 124.194 0.674 0.739 0. 40.647 0. 0. 1. 0.
0.740 -0.673 0. 124.995 0.673 0.740 0. 41.446 0. 0. 1. 0.
0.742 -0.670 0. 125.902 0.670 0.742 0. 42.205 0. 0. 1. 0.
0.743 -0.669 0. 126.791 0.669 0.743 0. 43.045 0. 0. 1. 0.
0.747 -0.665 0. 127.690 0.665 0.747 0. 43.804 0. 0. 1. 0.
0.749 -0.662 0. 128.583 0.662 0.749 0. 44.610 0. 0. 1. 0.
0.754 -0.656 0. 129.489 0.656 0.754 0. 45.413 0. 0. 1. 0.
0.759 -0.652 0. 130.366 0.652 0.759 0. 46.220 0. 0. 1. 0.
0.764 -0.646 0. 131.443 0.646 0.764 0. 47.053 0. 0. 1. 0.
0.768 -0.641 0. 132.364 0.641 0.768 0. 47.928 0. 0. 1. 0.
0.774 -0.633 0. 133.446 0.633 0.774 0. 48.721 0. 0. 1. 0.
0.781 -0.624 0. 134.425 0.624 0.781 0. 49.562 0. 0. 1. 0.
0.788 -0.615 0. 135.584 0.615 0.788 0. 50.357 0. 0. 1. 0.
0.796 -0.606 0. 136.593 0.606 0.796 0. 51.182 0. 0. 1. 0.
0.802 -0.597 0. 137.675 0.597 0.802 0. 51.964 0. 0. 1. 0.
0.810 -0.587 0. 138.765 0.587 0.810 0. 52.802 0. 0. 1. 0.
0.820 -0.572 0. 139.902 0.572 0.820 0. 53.516 0. 0. 1. 0.
0.829 -0.560 0. 141.014 0.560 0.829 0. 54.290 0. 0. 1. 0.
0.838 -0.546 0. 142.027 0.546 0.838 0. 54.991 0. 0. 1. 0.
0.850 -0.527 0. 143.121 0.527 0.850 0. 55.625 0. 0. 1. 0.
0.859 -0.511 0. 144.290 0.511 0.859 0. 56.278 0. 0. 1. 0.
0.867 -0.498 0. 145.356 0.498 0.867 0. 56.857 0. 0. 1. 0.
0.876 -0.483 0. 146.410 0.483 0.876 0. 57.445 0. 0. 1. 0.
0.884 -0.468 0. 147.458 0.468 0.884 0. 57.995 0. 0. 1. 0.
0.891 -0.454 0. 148.402 0.454 0.891 0. 58.455 0. 0. 1. 0.
0.897 -0.442 0. 149.366 0.442 0.897 0. 58.918 0. 0. 1. 0.
0.899 -0.438 0. 150.212 0.438 0.899 0. 59.337 0. 0. 1. 0.
0.901 -0.434 0. 150.996 0.434 0.901 0. 59.716 0. 0. 1. 0.
0.903 -0.431 0. 151.694 0.431 0.903 0. 60.036 0. 0. 1. 0.
0.904 -0.428 0. 152.331 0.428 0.904 0. 60.321 0. 0. 1. 0.
0.905 -0.424 0. 152.908 0.424 0.905 0. 60.608 0. 0. 1. 0.
0.904 -0.427 0. 153.504 0.427 0.904 0. 60.888 0. 0. 1. 0.
0.905 -0.425 0. 154.033 0.425 0.905 0. 61.146 0. 0. 1. 0.
0.905 -0.426 0. 154.538 0.426 0.905 0. 61.395 0. 0. 1. 0.
0.903 -0.430 0. 155.009 0.430 0.903 0. 61.641 0. 0. 1. 0.
0.899 -0.437 0. 155.505 0.437 0.899 0. 61.898 0. 0. 1. 0.
0.896 -0.445 0. 156.037 0.445 0.896 0. 62.167 0. 0. 1. 0.
0.890 -0.455 0. 156.480 0.455 0.890 0. 62.434 0. 0. 1. 0.
0.887 -0.462 0. 157.042 0.462 0.887 0. 62.737 0. 0. 1. 0.
0.886 -0.464 0. 157.633 0.464 0.886 0. 63.025 0. 0. 1. 0.
0.887 -0.461 0. 158.226 0.461 0.887 0. 63.345 0. 0. 1. 0.
0.894 -0.448 0. 158.895 0.448 0.894 0. 63.666 0. 0. 1. 0.
0.903 -0.429 0. 159.644 0.429 0.903 0. 63.991 0. 0. 1. 0.
0.914 -0.406 0. 160.437 0.406 0.914 0. 64.332 0. 0. 1. 0.
0.925 -0.381 0. 161.312 0.381 0.925 0. 64.642 0. 0. 1. 0.
0.935 -0.354 0. 162.232 0.354 0.935 0. 64.964 0. 0. 1. 0.
0.946 -0.324 0. 163.251 0.324 0.946 0. 65.251 0. 0. 1. 0.
0.956 -0.293 0. 164.333 0.293 0.956 0. 65.560 0. 0. 1. 0.
0.965 -0.263 0. 165.469 0.263 0.965 0. 65.827 0. 0. 1. 0.
0.973 -0.231 0. 166.674 0.231 0.973 0. 66.086 0. 0. 1. 0.
0.979 -0.203 0. 167.929 0.203 0.979 0. 66.290 0. 0. 1. 0.
0.985 -0.175 0. 169.282 0.175 0.985 0. 66.485 0. 0. 1. 0.
0.988 -0.156 0. 170.612 0.156 0.988 0. 66.670 0. 0. 1. 0.
0.989 -0.147 0. 172.017 0.147 0.989 0. 66.943 0. 0. 1. 0.
0.990 -0.140 0. 173.506 0.140 0.990 0. 67.226 0. 0. 1. 0.
0.990 -0.139 0. 174.969 0.139 0.990 0. 67.434 0. 0. 1. 0.
0.991 -0.134 0. 176.391 0.134 0.991 0. 67.587 0. 0. 1. 0.
0.992 -0.130 0. 177.935 0.130 0.992 0. 67.800 0. 0. 1. 0.
0.992 -0.127 0. 179.526 0.127 0.992 0. 68.038 0. 0. 1. 0.
0.992 -0.126 0. 181.124 0.126 0.992 0. 68.164 0. 0. 1. 0.
0.992 -0.123 0. 182.762 0.123 0.992 0. 68.376 0. 0. 1. 0.
0.993 -0.115 0. 184.431 0.115 0.993 0. 68.598 0. 0. 1. 0.
0.994 -0.109 0. 186.153 0.109 0.994 0. 68.808 0. 0. 1. 0.
0.995 -0.102 0. 187.893 0.102 0.995 0. 69.009 0. 0. 1. 0.
0.996 -0.091 0. 189.700 0.091 0.996 0. 69.188 0. 0. 1. 0.
0.997 -0.079 0. 191.511 0.079 0.997 0. 69.334 0. 0. 1. 0.
0.998 -0.065 0. 193.375 0.065 0.998 0. 69.482 0. 0. 1. 0.
0.999 -0.046 0. 195.287 0.046 0.999 0. 69.592 0. 0. 1. 0.
1.000 -0.023 0. 197.189 0.023 1.000 0. 69.602 0. 0. 1. 0.
1. -0.005 0. 199.069 0.005 1. 0. 69.637 0. 0. 1. 0.
1. 0.009 0. 201.050 -0.009 1. 0. 69.659 0. 0. 1. 0.
1.000 0.022 0. 202.998 -0.022 1.000 0. 69.621 0. 0. 1. 0.
0.999 0.036 0. 205.024 -0.036 0.999 0. 69.538 0. 0. 1. 0.
0.999 0.050 0. 207.014 -0.050 0.999 0. 69.442 0. 0. 1. 0.
0.998 0.062 0. 209.035 -0.062 0.998 0. 69.350 0. 0. 1. 0.
0.997 0.076 0. 211.078 -0.076 0.997 0. 69.202 0. 0. 1. 0.
0.996 0.086 0. 213.190 -0.086 0.996 0. 68.967 0. 0. 1. 0.
0.995 0.099 0. 215.326 -0.099 0.995 0. 68.762 0. 0. 1. 0.
0.994 0.108 0. 217.434 -0.108 0.994 0. 68.560 0. 0. 1. 0.
0.993 0.119 0. 219.514 -0.119 0.993 0. 68.285 0. 0. 1. 0.
0.992 0.129 0. 221.592 -0.129 0.992 0. 68.029 0. 0. 1. 0.
0.990 0.143 0. 223.702 -0.143 0.990 0. 67.710 0. 0. 1. 0.
0.988 0.155 0. 225.726 -0.155 0.988 0. 67.393 0. 0. 1. 0.
0.985 0.171 0. 227.811 -0.171 0.985 0. 67.024 0. 0. 1. 0.
0.982 0.187 0. 229.827 -0.187 0.982 0. 66.643 0. 0. 1. 0.
0.979 0.203 0. 231.865 -0.203 0.979 0. 66.210 0. 0. 1. 0.
0.975 0.221 0. 233.912 -0.221 0.975 0. 65.778 0. 0. 1. 0.
0.971 0.241 0. 235.925 -0.241 0.971 0. 65.252 0. 0. 1. 0.
0.965 0.261 0. 237.975 -0.261 0.965 0. 64.702 0. 0. 1. 0.
0.959 0.283 0. 239.979 -0.283 0.959 0. 64.104 0. 0. 1. 0.
0.952 0.305 0. 241.988 -0.305 0.952 0. 63.459 0. 0. 1. 0.
0.945 0.327 0. 243.966 -0.327 0.945 0. 62.755 0. 0. 1. 0.
0.936 0.351 0. 245.880 -0.351 0.936 0. 62.024 0. 0. 1. 0.
0.928 0.373 0. 247.839 -0.373 0.928 0. 61.237 0. 0. 1. 0.
0.919 0.395 0. 249.742 -0.395 0.919 0. 60.404 0. 0. 1. 0.
0.908 0.419 0. 251.659 -0.419 0.908 0. 59.535 0. 0. 1. 0.
0.897 0.442 0. 253.543 -0.442 0.897 0. 58.563 0. 0. 1. 0.
0.884 0.467 0. 255.360 -0.467 0.884 0. 57.553 0. 0. 1. 0.
0.873 0.488 0. 257.181 -0.488 0.873 0. 56.547 0. 0. 1. 0.
0.861 0.508 0. 259.047 -0.508 0.861 0. 55.499 0. 0. 1. 0.
0.849 0.529 0. 260.800 -0.529 0.849 0. 54.367 0. 0. 1. 0.
0.836 0.549 0. 262.592 -0.549 0.836 0. 53.226 0. 0. 1. 0.
0.824 0.567 0. 264.336 -0.567 0.824 0. 52.034 0. 0. 1. 0.
0.812 0.583 0. 266.032 -0.583 0.812 0. 50.772 0. 0. 1. 0.
0.801 0.599 0. 267.705 -0.599 0.801 0. 49.505 0. 0. 1. 0.
0.790 0.614 0. 269.417 -0.614 0.790 0. 48.204 0. 0. 1. 0.
0.779 0.627 0. 271.074 -0.627 0.779 0. 46.889 0. 0. 1. 0.
0.769 0.640 0. 272.705 -0.640 0.769 0. 45.533 0. 0. 1. 0.
0.757 0.653 0. 274.284 -0.653 0.757 0. 44.134 0. 0. 1. 0.
0.748 0.664 0. 275.904 -0.664 0.748 0. 42.736 0. 0. 1. 0.
0.737 0.676 0. 277.445 -0.676 0.737 0. 41.294 0. 0. 1. 0.
0.727 0.686 0. 279.023 -0.686 0.727 0. 39.817 0. 0. 1. 0.
0.720 0.694 0. 280.560 -0.694 0.720 0. 38.317 0. 0. 1. 0.
0.711 0.703 0. 282.103 -0.703 0.711 0. 36.819 0. 0. 1. 0.
0.702 0.712 0. 283.627 -0.712 0.702 0. 35.292 0. 0. 1. 0.
0.695 0.719 0. 285.177 -0.719 0.695 0. 33.750 0. 0. 1. 0.
0.692 0.722 0. 286.652 -0.722 0.692 0. 32.256 0. 0. 1. 0.
0.693 0.721 0. 288.145 -0.721 0.693 0. 30.758 0. 0. 1. 0.
0.700 0.714 0. 289.607 -0.714 0.700 0. 29.267 0. 0. 1. 0.
0.710 0.704 0. 291.140 -0.704 0.710 0. 27.751 0. 0. 1. 0.
0.721 0.693 0. 292.678 -0.693 0.721 0. 26.326 0. 0. 1. 0.
0.734 0.679 0. 294.212 -0.679 0.734 0. 24.967 0. 0. 1. 0.
0.749 0.663 0. 295.743 -0.663 0.749 0. 23.627 0. 0. 1. 0.
0.764 0.645 0. 297.403 -0.645 0.764 0. 22.297 0. 0. 1. 0.
0.781 0.625 0. 299.026 -0.625 0.781 0. 21.003 0. 0. 1. 0.
0.799 0.601 0. 300.664 -0.601 0.799 0. 19.760 0. 0. 1. 0.
0.818 0.576 0. 302.437 -0.576 0.818 0. 18.589 0. 0. 1. 0.
0.836 0.549 0. 304.231 -0.549 0.836 0. 17.487 0. 0. 1. 0.
0.855 0.519 0. 306.044 -0.519 0.855 0. 16.427 0. 0. 1. 0.
0.873 0.487 0. 307.944 -0.487 0.873 0. 15.431 0. 0. 1. 0.
0.892 0.452 0. 309.903 -0.452 0.892 0. 14.448 0. 0. 1. 0.
0.910 0.415 0. 311.903 -0.415 0.910 0. 13.579 0. 0. 1. 0.
0.926 0.376 0. 313.940 -0.376 0.926 0. 12.771 0. 0. 1. 0.
0.942 0.334 0. 316.029 -0.334 0.942 0. 12.067 0. 0. 1. 0.
0.956 0.295 0. 318.168 -0.295 0.956 0. 11.395 0. 0. 1. 0.
0.965 0.262 0. 320.345 -0.262 0.965 0. 10.853 0. 0. 1. 0.
0.972 0.234 0. 322.567 -0.234 0.972 0. 10.369 0. 0. 1. 0.
0.978 0.208 0. 324.796 -0.208 0.978 0. 9.914 0. 0. 1. 0.
0.982 0.188 0. 327.072 -0.188 0.982 0. 9.557 0. 0. 1. 0.
0.986 0.168 0. 329.329 -0.168 0.986 0. 9.184 0. 0. 1. 0.
0.988 0.153 0. 331.682 -0.153 0.988 0. 8.836 0. 0. 1. 0.
0.991 0.137 0. 333.987 -0.137 0.991 0. 8.531 0. 0. 1. 0.
0.992 0.125 0. 336.355 -0.125 0.992 0. 8.257 0. 0. 1. 0.
0.994 0.114 0. 338.693 -0.114 0.994 0. 7.980 0. 0. 1. 0.
0.995 0.103 0. 341.094 -0.103 0.995 0. 7.736 0. 0. 1. 0.
0.996 0.093 0. 343.499 -0.093 0.996 0. 7.516 0. 0. 1. 0.
0.997 0.083 0. 345.935 -0.083 0.997 0. 7.270 0. 0. 1. 0.
0.997 0.073 0. 348.346 -0.073 0.997 0. 7.096 0. 0. 1. 0.
0.998 0.062 0. 350.804 -0.062 0.998 0. 6.950 0. 0. 1. 0.
0.998 0.056 0. 353.247 -0.056 0.998 0. 6.817 0. 0. 1. 0.
0.999 0.046 0. 355.725 -0.046 0.999 0. 6.663 0. 0. 1. 0.
0.999 0.037 0. 358.212 -0.037 0.999 0. 6.547 0. 0. 1. 0.
1.000 0.031 0. 360.693 -0.031 1.000 0. 6.520 0. 0. 1. 0.
1.000 0.023 0. 363.156 -0.023 1.000 0. 6.474 0. 0. 1. 0.
1.000 0.020 0. 365.613 -0.020 1.000 0. 6.405 0. 0. 1. 0.
1. 0.013 0. 368.089 -0.013 1. 0. 6.384 0. 0. 1. 0.
1. 0.010 0. 370.498 -0.010 1. 0. 6.375 0. 0. 1. 0.
1. 0.005 0. 372.924 -0.005 1. 0. 6.351 0. 0. 1. 0.
1. 0.001 0. 375.368 -0.001 1. 0. 6.341 0. 0. 1. 0.
1. -0.001 0. 377.846 0.001 1. 0. 6.381 0. 0. 1. 0.
1. -0.001 0. 380.251 0.001 1. 0. 6.362 0. 0. 1. 0.
1. -0.000 0. 382.716 0.000 1. 0. 6.382 0. 0. 1. 0.
1. -0.001 0. 385.172 0.001 1. 0. 6.366 0. 0. 1. 0.
1. -0.004 0. 387.624 0.004 1. 0. 6.391 0. 0. 1. 0.
1. -0.005 0. 390.101 0.005 1. 0. 6.436 0. 0. 1. 0.
1. -0.008 0. 392.563 0.008 1. 0. 6.452 0. 0. 1. 0.
1. -0.007 0. 395.043 0.007 1. 0. 6.469 0. 0. 1. 0.
1. -0.008 0. 397.475 0.008 1. 0. 6.494 0. 0. 1. 0.
1. -0.010 0. 399.925 0.010 1. 0. 6.504 0. 0. 1. 0.
1. -0.013 0. 402.333 0.013 1. 0. 6.526 0. 0. 1. 0.
1.000 -0.014 0. 404.782 0.014 1.000 0. 6.571 0. 0. 1. 0.
1.000 -0.014 0. 407.195 0.014 1.000 0. 6.641 0. 0. 1. 0.
1. -0.014 0. 409.558 0.014 1. 0. 6.717 0. 0. 1. 0.
1.000 -0.020 0. 411.985 0.020 1.000 0. 6.793 0. 0. 1. 0.
1.000 -0.019 0. 414.341 0.019 1.000 0. 6.794 0. 0. 1. 0.
1.000 -0.022 0. 416.715 0.022 1.000 0. 6.895 0. 0. 1. 0.
1.000 -0.018 0. 419.094 0.018 1.000 0. 6.969 0. 0. 1. 0.
1.000 -0.020 0. 421.409 0.020 1.000 0. 6.987 0. 0. 1. 0.
1.000 -0.016 0. 423.730 0.016 1.000 0. 6.999 0. 0. 1. 0.
1.000 -0.018 0. 426.027 0.018 1.000 0. 7.028 0. 0. 1. 0.
1.000 -0.018 0. 428.352 0.018 1.000 0. 7.084 0. 0. 1. 0.
1.000 -0.018 0. 430.576 0.018 1.000 0. 7.111 0. 0. 1. 0.
1.000 -0.019 0. 432.844 0.019 1.000 0. 7.156 0. 0. 1. 0.
1.000 -0.018 0. 435.075 0.018 1.000 0. 7.156 0. 0. 1. 0.
1.000 -0.018 0. 437.297 0.018 1.000 0. 7.205 0. 0. 1. 0.
1.000 -0.016 0. 439.471 0.016 1.000 0. 7.236 0. 0. 1. 0.
1.000 -0.014 0. 441.674 0.014 1.000 0. 7.284 0. 0. 1. 0.
1. -0.013 0. 443.828 0.013 1. 0. 7.298 0. 0. 1. 0.
1. -0.013 0. 445.964 0.013 1. 0. 7.360 0. 0. 1. 0.
1. -0.011 0. 448.049 0.011 1. 0. 7.356 0. 0. 1. 0.
1. -0.012 0. 450.032 0.012 1. 0. 7.397 0. 0. 1. 0.
1. -0.009 0. 452.016 0.009 1. 0. 7.415 0. 0. 1. 0.
1. -0.007 0. 453.902 0.007 1. 0. 7.424 0. 0. 1. 0.
1. -0.007 0. 455.717 0.007 1. 0. 7.388 0. 0. 1. 0.
1. -0.004 0. 457.479 0.004 1. 0. 7.396 0. 0. 1. 0.
1. -0.002 0. 459.186 0.002 1. 0. 7.406 0. 0. 1. 0.
1. -0.003 0. 460.826 0.003 1. 0. 7.417 0. 0. 1. 0.
1. -0.001 0. 462.399 0.001 1. 0. 7.342 0. 0. 1. 0.
1. 0.001 0. 463.900 -0.001 1. 0. 7.342 0. 0. 1. 0.
1. 0.008 0. 465.349 -0.008 1. 0. 7.275 0. 0. 1. 0.
1.000 0.022 0. 466.720 -0.022 1.000 0. 7.331 0. 0. 1. 0.
0.999 0.047 0. 468.029 -0.047 0.999 0. 7.191 0. 0. 1. 0.
0.997 0.078 0. 469.331 -0.078 0.997 0. 7.131 0. 0. 1. 0.
0.993 0.121 0. 470.557 -0.121 0.993 0. 6.902 0. 0. 1. 0.
0.986 0.165 0. 471.795 -0.165 0.986 0. 6.661 0. 0. 1. 0.
0.975 0.221 0. 472.992 -0.221 0.975 0. 6.331 0. 0. 1. 0.
0.960 0.279 0. 474.113 -0.279 0.960 0. 5.974 0. 0. 1. 0.
0.940 0.342 0. 475.246 -0.342 0.940 0. 5.551 0. 0. 1. 0.
0.910 0.414 0. 476.290 -0.414 0.910 0. 4.951 0. 0. 1. 0.
0.871 0.492 0. 477.326 -0.492 0.871 0. 4.319 0. 0. 1. 0.
0.820 0.573 0. 478.210 -0.573 0.820 0. 3.533 0. 0. 1. 0.
0.754 0.656 0. 479.056 -0.656 0.754 0. 2.662 0. 0. 1. 0.
0.680 0.733 0. 479.783 -0.733 0.680 0. 1.720 0. 0. 1. 0.
0.595 0.804 0. 480.429 -0.804 0.595 0. 0.686 0. 0. 1. 0.
0.504 0.864 0. 480.951 -0.864 0.504 0. -0.445 0. 0. 1. 0.
0.422 0.907 0. 481.421 -0.907 0.422 0. -1.641 0. 0. 1. 0.
0.352 0.936 0. 481.840 -0.936 0.352 0. -2.923 0. 0. 1. 0.
0.303 0.953 0. 482.221 -0.953 0.303 0. -4.241 0. 0. 1. 0.
0.258 0.966 0. 482.622 -0.966 0.258 0. -5.616 0. 0. 1. 0.
0.216 0.976 0. 482.946 -0.976 0.216 0. -7.057 0. 0. 1. 0.
0.185 0.983 0. 483.226 -0.983 0.185 0. -8.530 0. 0. 1. 0.
0.160 0.987 0. 483.433 -0.987 0.160 0. -10.078 0. 0. 1. 0.
0.140 0.990 0. 483.621 -0.990 0.140 0. -11.666 0. 0. 1. 0.
0.122 0.993 0. 483.816 -0.993 0.122 0. -13.332 0. 0. 1. 0.
0.102 0.995 0. 483.960 -0.995 0.102 0. -15.036 0. 0. 1. 0.
0.082 0.997 0. 484.093 -0.997 0.082 0. -16.780 0. 0. 1. 0.
0.067 0.998 0. 484.214 -0.998 0.067 0. -18.597 0. 0. 1. 0.
0.048 0.999 0. 484.309 -0.999 0.048 0. -20.458 0. 0. 1. 0.
0.029 1.000 0. 484.372 -1.000 0.029 0. -22.352 0. 0. 1. 0.
0.013 1. 0. 484.432 -1. 0.013 0. -24.308 0. 0. 1. 0.
-0.001 1. 0. 484.436 -1. -0.001 0. -26.295 0. 0. 1. 0.
-0.011 1. 0. 484.426 -1. -0.011 0. -28.307 0. 0. 1. 0.
-0.022 1.000 0. 484.370 -1.000 -0.022 0. -30.400 0. 0. 1. 0.
-0.037 0.999 0. 484.309 -0.999 -0.037 0. -32.545 0. 0. 1. 0.
-0.045 0.999 0. 484.232 -0.999 -0.045 0. -34.712 0. 0. 1. 0.
-0.052 0.999 0. 484.124 -0.999 -0.052 0. -36.926 0. 0. 1. 0.
-0.053 0.999 0. 483.990 -0.999 -0.053 0. -39.183 0. 0. 1. 0.
-0.052 0.999 0. 483.854 -0.999 -0.052 0. -41.494 0. 0. 1. 0.
-0.050 0.999 0. 483.743 -0.999 -0.050 0. -43.832 0. 0. 1. 0.
-0.048 0.999 0. 483.616 -0.999 -0.048 0. -46.215 0. 0. 1. 0.
-0.048 0.999 0. 483.548 -0.999 -0.048 0. -48.631 0. 0. 1. 0.
-0.045 0.999 0. 483.427 -0.999 -0.045 0. -51.037 0. 0. 1. 0.
-0.042 0.999 0. 483.339 -0.999 -0.042 0. -53.485 0. 0. 1. 0.
-0.041 0.999 0. 483.243 -0.999 -0.041 0. -55.943 0. 0. 1. 0.
-0.040 0.999 0. 483.105 -0.999 -0.040 0. -58.399 0. 0. 1. 0.
-0.037 0.999 0. 483.063 -0.999 -0.037 0. -60.955 0. 0. 1. 0.
-0.034 0.999 0. 483.016 -0.999 -0.034 0. -63.468 0. 0. 1. 0.
-0.033 0.999 0. 482.965 -0.999 -0.033 0. -66.034 0. 0. 1. 0.
-0.031 1.000 0. 482.899 -1.000 -0.031 0. -68.601 0. 0. 1. 0.
-0.028 1.000 0. 482.834 -1.000 -0.028 0. -71.173 0. 0. 1. 0.
-0.031 1.000 0. 482.799 -1.000 -0.031 0. -73.756 0. 0. 1. 0.
-0.036 0.999 0. 482.704 -0.999 -0.036 0. -76.357 0. 0. 1. 0.
-0.040 0.999 0. 482.587 -0.999 -0.040 0. -78.965 0. 0. 1. 0.
-0.046 0.999 0. 482.464 -0.999 -0.046 0. -81.593 0. 0. 1. 0.
-0.049 0.999 0. 482.340 -0.999 -0.049 0. -84.238 0. 0. 1. 0.
-0.054 0.999 0. 482.220 -0.999 -0.054 0. -86.849 0. 0. 1. 0.
-0.059 0.998 0. 482.065 -0.998 -0.059 0. -89.488 0. 0. 1. 0.
-0.068 0.998 0. 481.918 -0.998 -0.068 0. -92.164 0. 0. 1. 0.
-0.076 0.997 0. 481.741 -0.997 -0.076 0. -94.797 0. 0. 1. 0.
-0.088 0.996 0. 481.484 -0.996 -0.088 0. -97.453 0. 0. 1. 0.
-0.100 0.995 0. 481.261 -0.995 -0.100 0. -100.127 0. 0. 1. 0.
-0.115 0.993 0. 480.986 -0.993 -0.115 0. -102.751 0. 0. 1. 0.
-0.128 0.992 0. 480.606 -0.992 -0.128 0. -105.411 0. 0. 1. 0.
-0.139 0.990 0. 480.258 -0.990 -0.139 0. -107.993 0. 0. 1. 0.
-0.150 0.989 0. 479.907 -0.989 -0.150 0. -110.582 0. 0. 1. 0.
-0.160 0.987 0. 479.454 -0.987 -0.160 0. -113.224 0. 0. 1. 0.
-0.171 0.985 0. 479.061 -0.985 -0.171 0. -115.791 0. 0. 1. 0.
-0.182 0.983 0. 478.538 -0.983 -0.182 0. -118.375 0. 0. 1. 0.
-0.194 0.981 0. 478.058 -0.981 -0.194 0. -121.009 0. 0. 1. 0.
-0.207 0.978 0. 477.553 -0.978 -0.207 0. -123.620 0. 0. 1. 0.
-0.223 0.975 0. 476.978 -0.975 -0.223 0. -126.277 0. 0. 1. 0.
-0.238 0.971 0. 476.371 -0.971 -0.238 0. -128.931 0. 0. 1. 0.
-0.255 0.967 0. 475.723 -0.967 -0.255 0. -131.552 0. 0. 1. 0.
-0.272 0.962 0. 475.070 -0.962 -0.272 0. -134.202 0. 0. 1. 0.
-0.289 0.957 0. 474.260 -0.957 -0.289 0. -136.846 0. 0. 1. 0.
-0.304 0.953 0. 473.441 -0.953 -0.304 0. -139.510 0. 0. 1. 0.
-0.321 0.947 0. 472.565 -0.947 -0.321 0. -142.120 0. 0. 1. 0.
-0.335 0.942 0. 471.670 -0.942 -0.335 0. -144.769 0. 0. 1. 0.
-0.343 0.939 0. 470.748 -0.939 -0.343 0. -147.410 0. 0. 1. 0.
-0.354 0.935 0. 469.793 -0.935 -0.354 0. -150.035 0. 0. 1. 0.
-0.363 0.932 0. 468.794 -0.932 -0.363 0. -152.604 0. 0. 1. 0.
-0.375 0.927 0. 467.812 -0.927 -0.375 0. -155.213 0. 0. 1. 0.
-0.384 0.923 0. 466.756 -0.923 -0.384 0. -157.744 0. 0. 1. 0.
-0.393 0.920 0. 465.672 -0.920 -0.393 0. -160.287 0. 0. 1. 0.
-0.404 0.915 0. 464.556 -0.915 -0.404 0. -162.862 0. 0. 1. 0.
-0.415 0.910 0. 463.395 -0.910 -0.415 0. -165.376 0. 0. 1. 0.
-0.426 0.904 0. 462.239 -0.904 -0.426 0. -167.936 0. 0. 1. 0.
-0.435 0.900 0. 461.098 -0.900 -0.435 0. -170.515 0. 0. 1. 0.
-0.441 0.897 0. 459.868 -0.897 -0.441 0. -173.061 0. 0. 1. 0.
-0.443 0.897 0. 458.622 -0.897 -0.443 0. -175.599 0. 0. 1. 0.
-0.443 0.897 0. 457.366 -0.897 -0.443 0. -178.171 0. 0. 1. 0.
-0.443 0.897 0. 456.114 -0.897 -0.443 0. -180.763 0. 0. 1. 0.
-0.443 0.897 0. 454.853 -0.897 -0.443 0. -183.316 0. 0. 1. 0.
-0.443 0.897 0. 453.569 -0.897 -0.443 0. -185.867 0. 0. 1. 0.
-0.444 0.896 0. 452.351 -0.896 -0.444 0. -188.467 0. 0. 1. 0.
-0.446 0.895 0. 451.073 -0.895 -0.446 0. -191.032 0. 0. 1. 0.
-0.448 0.894 0. 449.850 -0.894 -0.448 0. -193.648 0. 0. 1. 0.
-0.447 0.894 0. 448.522 -0.894 -0.447 0. -196.211 0. 0. 1. 0.
-0.450 0.893 0. 447.278 -0.893 -0.450 0. -198.809 0. 0. 1. 0.
-0.450 0.893 0. 445.947 -0.893 -0.450 0. -201.338 0. 0. 1. 0.
-0.451 0.893 0. 444.608 -0.893 -0.451 0. -203.903 0. 0. 1. 0.
-0.452 0.892 0. 443.353 -0.892 -0.452 0. -206.492 0. 0. 1. 0.
-0.454 0.891 0. 442.095 -0.891 -0.454 0. -209.041 0. 0. 1. 0.
-0.449 0.893 0. 440.778 -0.893 -0.449 0. -211.556 0. 0. 1. 0.
-0.450 0.893 0. 439.506 -0.893 -0.450 0. -214.098 0. 0. 1. 0.
-0.447 0.894 0. 438.289 -0.894 -0.447 0. -216.619 0. 0. 1. 0.
-0.445 0.896 0. 437.033 -0.896 -0.445 0. -219.118 0. 0. 1. 0.
-0.441 0.897 0. 435.821 -0.897 -0.441 0. -221.596 0. 0. 1. 0.
-0.441 0.898 0. 434.576 -0.898 -0.441 0. -224.079 0. 0. 1. 0.
-0.441 0.897 0. 433.449 -0.897 -0.441 0. -226.538 0. 0. 1. 0.
-0.444 0.896 0. 432.230 -0.896 -0.444 0. -228.994 0. 0. 1. 0.
-0.448 0.894 0. 431.056 -0.894 -0.448 0. -231.425 0. 0. 1. 0.
-0.451 0.892 0. 429.821 -0.892 -0.451 0. -233.842 0. 0. 1. 0.
-0.459 0.889 0. 428.600 -0.889 -0.459 0. -236.249 0. 0. 1. 0.
-0.465 0.885 0. 427.364 -0.885 -0.465 0. -238.668 0. 0. 1. 0.
-0.470 0.883 0. 426.089 -0.883 -0.470 0. -241.093 0. 0. 1. 0.
-0.479 0.878 0. 424.765 -0.878 -0.479 0. -243.475 0. 0. 1. 0.
-0.489 0.873 0. 423.506 -0.873 -0.489 0. -245.799 0. 0. 1. 0.
-0.498 0.867 0. 422.104 -0.867 -0.498 0. -248.222 0. 0. 1. 0.
-0.508 0.861 0. 420.811 -0.861 -0.508 0. -250.637 0. 0. 1. 0.
-0.517 0.856 0. 419.332 -0.856 -0.517 0. -252.931 0. 0. 1. 0.
-0.526 0.851 0. 417.850 -0.851 -0.526 0. -255.355 0. 0. 1. 0.
-0.536 0.844 0. 416.347 -0.844 -0.536 0. -257.749 0. 0. 1. 0.
-0.542 0.840 0. 414.946 -0.840 -0.542 0. -260.029 0. 0. 1. 0.
-0.551 0.834 0. 413.492 -0.834 -0.551 0. -262.423 0. 0. 1. 0.
-0.561 0.828 0. 411.917 -0.828 -0.561 0. -264.793 0. 0. 1. 0.
-0.568 0.823 0. 410.293 -0.823 -0.568 0. -267.128 0. 0. 1. 0.
-0.573 0.820 0. 408.711 -0.820 -0.573 0. -269.494 0. 0. 1. 0.
-0.578 0.816 0. 407.155 -0.816 -0.578 0. -271.846 0. 0. 1. 0.
-0.584 0.812 0. 405.539 -0.812 -0.584 0. -274.173 0. 0. 1. 0.
-0.591 0.806 0. 403.887 -0.806 -0.591 0. -276.492 0. 0. 1. 0.
-0.597 0.802 0. 402.215 -0.802 -0.597 0. -278.768 0. 0. 1. 0.
-0.604 0.797 0. 400.596 -0.797 -0.604 0. -281.049 0. 0. 1. 0.
-0.610 0.793 0. 398.887 -0.793 -0.610 0. -283.287 0. 0. 1. 0.
-0.614 0.789 0. 397.171 -0.789 -0.614 0. -285.497 0. 0. 1. 0.
-0.616 0.788 0. 395.514 -0.788 -0.616 0. -287.696 0. 0. 1. 0.
-0.616 0.788 0. 393.804 -0.788 -0.616 0. -289.883 0. 0. 1. 0.
-0.617 0.787 0. 392.116 -0.787 -0.617 0. -292.102 0. 0. 1. 0.
-0.617 0.787 0. 390.438 -0.787 -0.617 0. -294.270 0. 0. 1. 0.
-0.618 0.786 0. 388.787 -0.786 -0.618 0. -296.456 0. 0. 1. 0.
-0.617 0.787 0. 387.063 -0.787 -0.617 0. -298.618 0. 0. 1. 0.
-0.612 0.791 0. 385.384 -0.791 -0.612 0. -300.782 0. 0. 1. 0.
-0.604 0.797 0. 383.789 -0.797 -0.604 0. -302.980 0. 0. 1. 0.
-0.594 0.805 0. 382.183 -0.805 -0.594 0. -305.211 0. 0. 1. 0.
-0.585 0.811 0. 380.542 -0.811 -0.585 0. -307.378 0. 0. 1. 0.
-0.576 0.818 0. 378.995 -0.818 -0.576 0. -309.583 0. 0. 1. 0.
-0.566 0.824 0. 377.456 -0.824 -0.566 0. -311.957 0. 0. 1. 0.
-0.556 0.831 0. 375.912 -0.831 -0.556 0. -314.183 0. 0. 1. 0.
-0.544 0.839 0. 374.463 -0.839 -0.544 0. -316.541 0. 0. 1. 0.
-0.535 0.845 0. 372.976 -0.845 -0.535 0. -318.912 0. 0. 1. 0.
-0.521 0.854 0. 371.498 -0.854 -0.521 0. -321.288 0. 0. 1. 0.
-0.508 0.861 0. 370.033 -0.861 -0.508 0. -323.703 0. 0. 1. 0.
-0.494 0.869 0. 368.598 -0.869 -0.494 0. -326.158 0. 0. 1. 0.
-0.485 0.874 0. 367.199 -0.874 -0.485 0. -328.567 0. 0. 1. 0.
-0.477 0.879 0. 365.932 -0.879 -0.477 0. -331.157 0. 0. 1. 0.
-0.470 0.883 0. 364.571 -0.883 -0.470 0. -333.714 0. 0. 1. 0.
-0.462 0.887 0. 363.313 -0.887 -0.462 0. -336.227 0. 0. 1. 0.
-0.456 0.890 0. 362.049 -0.890 -0.456 0. -338.821 0. 0. 1. 0.
-0.454 0.891 0. 360.703 -0.891 -0.454 0. -341.352 0. 0. 1. 0.
-0.455 0.890 0. 359.457 -0.890 -0.455 0. -343.908 0. 0. 1. 0.
-0.454 0.891 0. 358.173 -0.891 -0.454 0. -346.482 0. 0. 1. 0.
-0.454 0.891 0. 356.877 -0.891 -0.454 0. -349.009 0. 0. 1. 0.
-0.454 0.891 0. 355.533 -0.891 -0.454 0. -351.546 0. 0. 1. 0.
-0.453 0.892 0. 354.255 -0.892 -0.453 0. -354.091 0. 0. 1. 0.
-0.450 0.893 0. 352.998 -0.893 -0.450 0. -356.687 0. 0. 1. 0.
-0.451 0.893 0. 351.651 -0.893 -0.451 0. -359.204 0. 0. 1. 0.
-0.453 0.892 0. 350.329 -0.892 -0.453 0. -361.808 0. 0. 1. 0.
-0.452 0.892 0. 349.045 -0.892 -0.452 0. -364.365 0. 0. 1. 0.
-0.452 0.892 0. 347.709 -0.892 -0.452 0. -366.978 0. 0. 1. 0.
-0.452 0.892 0. 346.395 -0.892 -0.452 0. -369.641 0. 0. 1. 0.
-0.452 0.892 0. 345.123 -0.892 -0.452 0. -372.295 0. 0. 1. 0.
-0.454 0.891 0. 343.889 -0.891 -0.454 0. -374.923 0. 0. 1. 0.
-0.450 0.893 0. 342.558 -0.893 -0.450 0. -377.594 0. 0. 1. 0.
-0.450 0.893 0. 341.234 -0.893 -0.450 0. -380.281 0. 0. 1. 0.
-0.448 0.894 0. 339.889 -0.894 -0.448 0. -382.902 0. 0. 1. 0.
-0.447 0.895 0. 338.505 -0.895 -0.447 0. -385.537 0. 0. 1. 0.
-0.444 0.896 0. 337.194 -0.896 -0.444 0. -388.212 0. 0. 1. 0.
-0.444 0.896 0. 335.801 -0.896 -0.444 0. -390.882 0. 0. 1. 0.
-0.442 0.897 0. 334.530 -0.897 -0.442 0. -393.612 0. 0. 1. 0.
-0.441 0.897 0. 333.204 -0.897 -0.441 0. -396.307 0. 0. 1. 0.
-0.440 0.898 0. 331.877 -0.898 -0.440 0. -399.018 0. 0. 1. 0.
-0.439 0.899 0. 330.553 -0.899 -0.439 0. -401.727 0. 0. 1. 0.
-0.438 0.899 0. 329.303 -0.899 -0.438 0. -404.459 0. 0. 1. 0.
-0.438 0.899 0. 328.000 -0.899 -0.438 0. -407.177 0. 0. 1. 0.
-0.436 0.900 0. 326.653 -0.900 -0.436 0. -409.891 0. 0. 1. 0.
-0.436 0.900 0. 325.366 -0.900 -0.436 0. -412.596 0. 0. 1. 0.
-0.434 0.901 0. 324.056 -0.901 -0.434 0. -415.281 0. 0. 1. 0.
-0.436 0.900 0. 322.687 -0.900 -0.436 0. -417.955 0. 0. 1. 0.
-0.437 0.899 0. 321.493 -0.899 -0.437 0. -420.681 0. 0. 1. 0.
-0.442 0.897 0. 320.192 -0.897 -0.442 0. -423.320 0. 0. 1. 0.
-0.445 0.895 0. 318.849 -0.895 -0.445 0. -425.926 0. 0. 1. 0.
-0.445 0.895 0. 317.569 -0.895 -0.445 0. -428.607 0. 0. 1. 0.
-0.445 0.896 0. 316.252 -0.896 -0.445 0. -431.210 0. 0. 1. 0.
-0.444 0.896 0. 314.999 -0.896 -0.444 0. -433.815 0. 0. 1. 0.
-0.441 0.898 0. 313.700 -0.898 -0.441 0. -436.436 0. 0. 1. 0.
-0.440 0.898 0. 312.477 -0.898 -0.440 0. -439.049 0. 0. 1. 0.
-0.437 0.900 0. 311.265 -0.900 -0.437 0. -441.657 0. 0. 1. 0.
-0.438 0.899 0. 310.041 -0.899 -0.438 0. -444.191 0. 0. 1. 0.
-0.437 0.899 0. 308.791 -0.899 -0.437 0. -446.789 0. 0. 1. 0.
-0.434 0.901 0. 307.613 -0.901 -0.434 0. -449.354 0. 0. 1. 0.
-0.433 0.902 0. 306.380 -0.902 -0.433 0. -451.902 0. 0. 1. 0.
-0.431 0.902 0. 305.110 -0.902 -0.431 0. -454.353 0. 0. 1. 0.
-0.429 0.903 0. 303.941 -0.903 -0.429 0. -456.842 0. 0. 1. 0.
-0.427 0.904 0. 302.791 -0.904 -0.427 0. -459.323 0. 0. 1. 0.
-0.423 0.906 0. 301.595 -0.906 -0.423 0. -461.765 0. 0. 1. 0.
-0.418 0.909 0. 300.554 -0.909 -0.418 0. -464.276 0. 0. 1. 0.
-0.416 0.909 0. 299.357 -0.909 -0.416 0. -466.676 0. 0. 1. 0.
-0.415 0.910 0. 298.345 -0.910 -0.415 0. -469.153 0. 0. 1. 0.
-0.412 0.911 0. 297.240 -0.911 -0.412 0. -471.548 0. 0. 1. 0.
-0.409 0.913 0. 296.114 -0.913 -0.409 0. -473.949 0. 0. 1. 0.
-0.409 0.913 0. 295.055 -0.913 -0.409 0. -476.366 0. 0. 1. 0.
-0.407 0.914 0. 293.994 -0.914 -0.407 0. -478.710 0. 0. 1. 0.
-0.411 0.912 0. 292.997 -0.912 -0.411 0. -481.029 0. 0. 1. 0.
-0.414 0.910 0. 291.941 -0.910 -0.414 0. -483.307 0. 0. 1. 0.
-0.419 0.908 0. 290.880 -0.908 -0.419 0. -485.559 0. 0. 1. 0.
-0.421 0.907 0. 289.861 -0.907 -0.421 0. -487.716 0. 0. 1. 0.
-0.426 0.905 0. 288.819 -0.905 -0.426 0. -489.816 0. 0. 1. 0.
-0.430 0.903 0. 287.810 -0.903 -0.430 0. -491.963 0. 0. 1. 0.
-0.434 0.901 0. 286.818 -0.901 -0.434 0. -494.033 0. 0. 1. 0.
-0.439 0.898 0. 285.845 -0.898 -0.439 0. -496.094 0. 0. 1. 0.
-0.445 0.895 0. 284.872 -0.895 -0.445 0. -498.147 0. 0. 1. 0.
-0.450 0.893 0. 283.881 -0.893 -0.450 0. -500.120 0. 0. 1. 0.
-0.459 0.888 0. 282.868 -0.888 -0.459 0. -501.944 0. 0. 1. 0.
-0.468 0.884 0. 281.833 -0.884 -0.468 0. -503.771 0. 0. 1. 0.
-0.487 0.874 0. 280.929 -0.874 -0.487 0. -505.514 0. 0. 1. 0.
-0.511 0.859 0. 279.987 -0.859 -0.511 0. -507.106 0. 0. 1. 0.
-0.544 0.839 0. 279.019 -0.839 -0.544 0. -508.544 0. 0. 1. 0.
-0.579 0.815 0. 277.907 -0.815 -0.579 0. -509.958 0. 0. 1. 0.
-0.621 0.784 0. 276.929 -0.784 -0.621 0. -511.173 0. 0. 1. 0.
-0.666 0.746 0. 275.886 -0.746 -0.666 0. -512.280 0. 0. 1. 0.
-0.714 0.700 0. 274.783 -0.700 -0.714 0. -513.256 0. 0. 1. 0.
-0.768 0.640 0. 273.552 -0.640 -0.768 0. -514.103 0. 0. 1. 0.
-0.817 0.576 0. 272.485 -0.576 -0.817 0. -514.841 0. 0. 1. 0.
-0.858 0.513 0. 271.233 -0.513 -0.858 0. -515.531 0. 0. 1. 0.
-0.895 0.446 0. 269.947 -0.446 -0.895 0. -516.104 0. 0. 1. 0.
-0.925 0.380 0. 268.597 -0.380 -0.925 0. -516.675 0. 0. 1. 0.
-0.948 0.318 0. 267.251 -0.318 -0.948 0. -517.055 0. 0. 1. 0.
-0.967 0.255 0. 265.847 -0.255 -0.967 0. -517.362 0. 0. 1. 0.
-0.979 0.206 0. 264.507 -0.206 -0.979 0. -517.646 0. 0. 1. 0.
-0.987 0.162 0. 263.114 -0.162 -0.987 0. -517.815 0. 0. 1. 0.
-0.993 0.120 0. 261.661 -0.120 -0.993 0. -517.924 0. 0. 1. 0.
-0.997 0.080 0. 260.257 -0.080 -0.997 0. -518.078 0. 0. 1. 0.
-0.999 0.046 0. 258.902 -0.046 -0.999 0. -518.169 0. 0. 1. 0.
-1.000 0.017 0. 257.354 -0.017 -1.000 0. -518.106 0. 0. 1. 0.
-1. -0.001 0. 255.965 0.001 -1. 0. -518.120 0. 0. 1. 0.
-1.000 -0.015 0. 254.536 0.015 -1.000 0. -518.123 0. 0. 1. 0.
-1.000 -0.023 0. 253.026 0.023 -1.000 0. -518.067 0. 0. 1. 0.
-1.000 -0.028 0. 251.517 0.028 -1.000 0. -518.025 0. 0. 1. 0.
-1.000 -0.030 0. 249.975 0.030 -1.000 0. -517.982 0. 0. 1. 0.
-1.000 -0.031 0. 248.428 0.031 -1.000 0. -517.925 0. 0. 1. 0.
-0.999 -0.033 0. 246.886 0.033 -0.999 0. -517.871 0. 0. 1. 0.
-1.000 -0.029 0. 245.246 0.029 -1.000 0. -517.810 0. 0. 1. 0.
-1.000 -0.025 0. 243.634 0.025 -1.000 0. -517.729 0. 0. 1. 0.
-1.000 -0.022 0. 242.026 0.022 -1.000 0. -517.658 0. 0. 1. 0.
-1.000 -0.017 0. 240.399 0.017 -1.000 0. -517.658 0. 0. 1. 0.
-1. -0.011 0. 238.716 0.011 -1. 0. -517.605 0. 0. 1. 0.
-1. -0.007 0. 237.058 0.007 -1. 0. -517.579 0. 0. 1. 0.
-1. -0.003 0. 235.404 0.003 -1. 0. -517.623 0. 0. 1. 0.
-1. -0.001 0. 233.681 0.001 -1. 0. -517.540 0. 0. 1. 0.
-1. -0.001 0. 232.013 0.001 -1. 0. -517.479 0. 0. 1. 0.
-1. -0.006 0. 230.343 0.006 -1. 0. -517.508 0. 0. 1. 0.
-1. -0.012 0. 228.671 0.012 -1. 0. -517.481 0. 0. 1. 0.
-1.000 -0.019 0. 227.014 0.019 -1.000 0. -517.475 0. 0. 1. 0.
-0.999 -0.036 0. 225.393 0.036 -0.999 0. -517.425 0. 0. 1. 0.
-0.998 -0.055 0. 223.795 0.055 -0.998 0. -517.330 0. 0. 1. 0.
-0.997 -0.076 0. 222.215 0.076 -0.997 0. -517.184 0. 0. 1. 0.
-0.995 -0.098 0. 220.651 0.098 -0.995 0. -517.090 0. 0. 1. 0.
-0.993 -0.118 0. 219.091 0.118 -0.993 0. -516.861 0. 0. 1. 0.
-0.990 -0.139 0. 217.557 0.139 -0.990 0. -516.645 0. 0. 1. 0.
-0.988 -0.152 0. 216.068 0.152 -0.988 0. -516.452 0. 0. 1. 0.
-0.986 -0.165 0. 214.597 0.165 -0.986 0. -516.206 0. 0. 1. 0.
-0.986 -0.167 0. 213.104 0.167 -0.986 0. -515.905 0. 0. 1. 0.
-0.987 -0.162 0. 211.622 0.162 -0.987 0. -515.720 0. 0. 1. 0.
-0.989 -0.149 0. 210.094 0.149 -0.989 0. -515.510 0. 0. 1. 0.
-0.991 -0.132 0. 208.652 0.132 -0.991 0. -515.320 0. 0. 1. 0.
-0.994 -0.109 0. 207.165 0.109 -0.994 0. -515.141 0. 0. 1. 0.
-0.997 -0.083 0. 205.642 0.083 -0.997 0. -515.078 0. 0. 1. 0.
-0.999 -0.054 0. 204.149 0.054 -0.999 0. -515.016 0. 0. 1. 0.
-1.000 -0.023 0. 202.619 0.023 -1.000 0. -515.006 0. 0. 1. 0.
-1. 0.010 0. 201.126 -0.010 -1. 0. -515.021 0. 0. 1. 0.
-0.999 0.042 0. 199.615 -0.042 -0.999 0. -515.122 0. 0. 1. 0.
-0.997 0.079 0. 198.126 -0.079 -0.997 0. -515.244 0. 0. 1. 0.
-0.994 0.114 0. 196.554 -0.114 -0.994 0. -515.533 0. 0. 1. 0.
-0.989 0.150 0. 194.987 -0.150 -0.989 0. -515.791 0. 0. 1. 0.
-0.984 0.176 0. 193.423 -0.176 -0.984 0. -516.109 0. 0. 1. 0.
-0.982 0.188 0. 191.865 -0.188 -0.982 0. -516.424 0. 0. 1. 0.
-0.981 0.194 0. 190.265 -0.194 -0.981 0. -516.735 0. 0. 1. 0.
-0.982 0.188 0. 188.655 -0.188 -0.982 0. -517.062 0. 0. 1. 0.
-0.983 0.181 0. 187.014 -0.181 -0.983 0. -517.330 0. 0. 1. 0.
-0.986 0.169 0. 185.378 -0.169 -0.986 0. -517.624 0. 0. 1. 0.
-0.987 0.162 0. 183.730 -0.162 -0.987 0. -517.931 0. 0. 1. 0.
-0.989 0.150 0. 182.059 -0.150 -0.989 0. -518.168 0. 0. 1. 0.
-0.990 0.140 0. 180.346 -0.140 -0.990 0. -518.391 0. 0. 1. 0.
-0.991 0.132 0. 178.633 -0.132 -0.991 0. -518.602 0. 0. 1. 0.
-0.992 0.124 0. 176.946 -0.124 -0.992 0. -518.861 0. 0. 1. 0.
-0.993 0.116 0. 175.206 -0.116 -0.993 0. -519.056 0. 0. 1. 0.
-0.994 0.106 0. 173.542 -0.106 -0.994 0. -519.292 0. 0. 1. 0.
-0.995 0.102 0. 171.783 -0.102 -0.995 0. -519.451 0. 0. 1. 0.
-0.995 0.096 0. 170.097 -0.096 -0.995 0. -519.624 0. 0. 1. 0.
-0.996 0.092 0. 168.354 -0.092 -0.996 0. -519.792 0. 0. 1. 0.
-0.996 0.087 0. 166.669 -0.087 -0.996 0. -519.966 0. 0. 1. 0.
-0.996 0.085 0. 164.961 -0.085 -0.996 0. -520.145 0. 0. 1. 0.
-0.997 0.079 0. 163.252 -0.079 -0.997 0. -520.238 0. 0. 1. 0.
-0.997 0.077 0. 161.530 -0.077 -0.997 0. -520.377 0. 0. 1. 0.
-0.997 0.071 0. 159.831 -0.071 -0.997 0. -520.540 0. 0. 1. 0.
-0.998 0.068 0. 158.133 -0.068 -0.998 0. -520.642 0. 0. 1. 0.
-0.998 0.066 0. 156.430 -0.066 -0.998 0. -520.751 0. 0. 1. 0.
-0.998 0.063 0. 154.724 -0.063 -0.998 0. -520.868 0. 0. 1. 0.
-0.998 0.058 0. 153.052 -0.058 -0.998 0. -520.955 0. 0. 1. 0.
-0.998 0.055 0. 151.375 -0.055 -0.998 0. -521.039 0. 0. 1. 0.
-0.999 0.051 0. 149.739 -0.051 -0.999 0. -521.130 0. 0. 1. 0.
-0.999 0.047 0. 148.098 -0.047 -0.999 0. -521.225 0. 0. 1. 0.
-0.999 0.044 0. 146.484 -0.044 -0.999 0. -521.319 0. 0. 1. 0.
-0.999 0.041 0. 144.899 -0.041 -0.999 0. -521.368 0. 0. 1. 0.
-0.999 0.038 0. 143.303 -0.038 -0.999 0. -521.446 0. 0. 1. 0.
-0.999 0.033 0. 141.743 -0.033 -0.999 0. -521.487 0. 0. 1. 0.
-1.000 0.030 0. 140.197 -0.030 -1.000 0. -521.587 0. 0. 1. 0.
-1.000 0.024 0. 138.640 -0.024 -1.000 0. -521.614 0. 0. 1. 0.
-1.000 0.020 0. 137.132 -0.020 -1.000 0. -521.664 0. 0. 1. 0.
-1.000 0.017 0. 135.620 -0.017 -1.000 0. -521.695 0. 0. 1. 0.
-1. 0.011 0. 134.110 -0.011 -1. 0. -521.743 0. 0. 1. 0.
-1. 0.007 0. 132.623 -0.007 -1. 0. -521.758 0. 0. 1. 0.
-1. 0.003 0. 131.128 -0.003 -1. 0. -521.748 0. 0. 1. 0.
-1. -0.006 0. 129.672 0.006 -1. 0. -521.735 0. 0. 1. 0.
-1.000 -0.016 0. 128.204 0.016 -1.000 0. -521.704 0. 0. 1. 0.
-0.999 -0.032 0. 126.773 0.032 -0.999 0. -521.706 0. 0. 1. 0.
-0.999 -0.054 0. 125.335 0.054 -0.999 0. -521.643 0. 0. 1. 0.
-0.996 -0.084 0. 123.923 0.084 -0.996 0. -521.486 0. 0. 1. 0.
-0.993 -0.114 0. 122.576 0.114 -0.993 0. -521.318 0. 0. 1. 0.
