1547820889039724 1.00000 0.00000 0.00000 -0.00000 0.00000 1.00000 0.00000 -0.00000 0.00000 0.00000 1.00000 -0.00000
1547820889287537 1.00000 -0.00001 -0.00000 -0.00021 0.00001 1.00000 0.00000 -0.00010 0.00000 -0.00000 1.00000 0.00000
1547820889536894 1.00000 -0.00002 -0.00000 -0.00035 0.00002 1.00000 0.00000 -0.00013 0.00000 -0.00000 1.00000 0.00000
1547820889787535 1.00000 -0.00001 -0.00000 -0.00046 0.00001 1.00000 0.00000 -0.00013 0.00000 -0.00000 1.00000 0.00000
1547820890038201 1.00000 0.00000 -0.00000 -0.00050 -0.00000 1.00000 0.00000 -0.00019 0.00000 -0.00000 1.00000 0.00000
1547820890288613 1.00000 0.00000 -0.00000 -0.00060 -0.00000 1.00000 0.00000 -0.00024 0.00000 -0.00000 1.00000 0.00000
1547820890538490 1.00000 0.00001 -0.00000 -0.00053 -0.00001 1.00000 0.00000 -0.00021 0.00000 -0.00000 1.00000 0.00000
1547820890788163 1.00000 0.00001 -0.00000 -0.00068 -0.00001 1.00000 0.00000 -0.00029 0.00000 -0.00000 1.00000 0.00000
1547820891038124 1.00000 0.00003 -0.00000 -0.00072 -0.00003 1.00000 0.00000 -0.00033 0.00000 -0.00000 1.00000 0.00000
1547820891287827 1.00000 0.00003 -0.00000 -0.00073 -0.00003 1.00000 0.00000 -0.00030 0.00000 -0.00000 1.00000 0.00000
1547820891538072 1.00000 0.00003 -0.00000 -0.00110 -0.00003 1.00000 0.00000 -0.00033 0.00000 -0.00000 1.00000 0.00000
1547820891789654 1.00000 0.00003 -0.00000 -0.00105 -0.00003 1.00000 0.00000 -0.00035 0.00000 -0.00000 1.00000 0.00000
1547820892042114 1.00000 0.00003 -0.00000 -0.00132 -0.00003 1.00000 0.00000 -0.00035 0.00000 -0.00000 1.00000 0.00000
1547820892294765 1.00000 0.00004 -0.00000 -0.00144 -0.00004 1.00000 0.00000 -0.00035 0.00000 -0.00000 1.00000 0.00000
1547820892546632 1.00000 0.00005 -0.00000 -0.00119 -0.00005 1.00000 0.00000 -0.00042 0.00000 -0.00000 1.00000 0.00000
1547820892797269 1.00000 0.00007 -0.00000 -0.00132 -0.00007 1.00000 0.00000 -0.00046 0.00000 -0.00000 1.00000 0.00000
1547820893046834 1.00000 0.00007 -0.00000 -0.00158 -0.00007 1.00000 0.00000 -0.00055 0.00000 -0.00000 1.00000 0.00000
1547820893295797 1.00000 0.00007 -0.00000 -0.00174 -0.00007 1.00000 0.00000 -0.00061 0.00000 -0.00000 1.00000 0.00000
1547820893544467 1.00000 0.00008 -0.00000 -0.00194 -0.00008 1.00000 0.00000 -0.00059 0.00000 -0.00000 1.00000 0.00000
1547820893792594 1.00000 0.00008 -0.00000 -0.00211 -0.00008 1.00000 0.00000 -0.00060 0.00000 -0.00000 1.00000 0.00000
1547820894040926 1.00000 0.00008 -0.00000 -0.00227 -0.00008 1.00000 0.00000 -0.00071 0.00000 -0.00000 1.00000 0.00000
1547820894289856 1.00000 0.00009 -0.00000 -0.00266 -0.00009 1.00000 0.00000 -0.00075 0.00000 -0.00000 1.00000 0.00000
1547820894538252 1.00000 0.00010 -0.00000 -0.00271 -0.00010 1.00000 0.00000 -0.00076 0.00000 -0.00000 1.00000 0.00000
1547820894785934 1.00000 0.00011 -0.00000 -0.00264 -0.00011 1.00000 0.00000 -0.00085 0.00000 -0.00000 1.00000 0.00000
1547820895033592 1.00000 0.00012 -0.00000 -0.00261 -0.00012 1.00000 0.00000 -0.00085 0.00000 -0.00000 1.00000 0.00000
1547820895281210 1.00000 0.00012 -0.00000 -0.00258 -0.00012 1.00000 0.00000 -0.00088 0.00000 -0.00000 1.00000 0.00000
1547820895529403 1.00000 0.00012 -0.00000 -0.00259 -0.00012 1.00000 0.00000 -0.00094 0.00000 -0.00000 1.00000 0.00000
1547820895779778 1.00000 0.00013 -0.00000 -0.00266 -0.00013 1.00000 0.00000 -0.00094 0.00000 -0.00000 1.00000 0.00000
1547820896031546 1.00000 0.00013 -0.00000 -0.00285 -0.00013 1.00000 0.00000 -0.00095 0.00000 -0.00000 1.00000 0.00000
1547820896283312 1.00000 0.00013 -0.00000 -0.00289 -0.00013 1.00000 0.00000 -0.00100 0.00000 -0.00000 1.00000 0.00000
1547820896535200 1.00000 0.00015 -0.00000 -0.00297 -0.00015 1.00000 0.00000 -0.00098 0.00000 -0.00000 1.00000 0.00000
1547820896786725 1.00000 0.00015 -0.00000 -0.00298 -0.00015 1.00000 0.00000 -0.00099 0.00000 -0.00000 1.00000 0.00000
1547820897037688 1.00000 0.00016 -0.00000 -0.00310 -0.00016 1.00000 0.00000 -0.00102 0.00000 -0.00000 1.00000 0.00000
1547820897287668 1.00000 0.00017 -0.00000 -0.00308 -0.00017 1.00000 0.00000 -0.00108 0.00000 -0.00000 1.00000 0.00000
1547820897537405 1.00000 0.00017 -0.00000 -0.00324 -0.00017 1.00000 0.00000 -0.00110 0.00000 -0.00000 1.00000 0.00000
1547820897787272 1.00000 0.00017 -0.00000 -0.00311 -0.00017 1.00000 0.00000 -0.00120 0.00000 -0.00000 1.00000 0.00000
1547820898038158 1.00000 0.00018 -0.00000 -0.00301 -0.00018 1.00000 0.00000 -0.00125 0.00000 -0.00000 1.00000 0.00000
1547820898290376 1.00000 0.00017 -0.00000 -0.00264 -0.00017 1.00000 0.00000 -0.00164 0.00000 -0.00000 1.00000 0.00000
1547820898542927 1.00000 0.00017 -0.00000 -0.00274 -0.00017 1.00000 0.00000 -0.00166 0.00000 -0.00000 1.00000 0.00000
1547820898794645 1.00000 0.00018 -0.00000 -0.00290 -0.00018 1.00000 0.00000 -0.00169 0.00000 -0.00000 1.00000 0.00000
1547820899045087 1.00000 0.00019 -0.00000 -0.00294 -0.00019 1.00000 0.00000 -0.00171 0.00000 -0.00000 1.00000 0.00000
1547820899293855 1.00000 0.00020 -0.00000 -0.00303 -0.00020 1.00000 0.00000 -0.00172 0.00000 -0.00000 1.00000 0.00000
1547820899541721 1.00000 0.00020 -0.00000 -0.00308 -0.00020 1.00000 0.00000 -0.00175 0.00000 -0.00000 1.00000 0.00000
1547820899789284 1.00000 0.00021 -0.00000 -0.00290 -0.00021 1.00000 0.00000 -0.00175 0.00000 -0.00000 1.00000 0.00000
1547820900036999 1.00000 0.00022 -0.00000 -0.00309 -0.00022 1.00000 0.00000 -0.00177 0.00000 -0.00000 1.00000 0.00000
1547820900285089 1.00000 0.00023 -0.00000 -0.00301 -0.00023 1.00000 0.00000 -0.00178 0.00000 -0.00000 1.00000 0.00000
1547820900534082 1.00000 0.00023 -0.00000 -0.00320 -0.00023 1.00000 0.00000 -0.00176 0.00000 -0.00000 1.00000 0.00000
1547820900784508 1.00000 0.00023 -0.00000 -0.00415 -0.00023 1.00000 0.00000 -0.00162 0.00000 -0.00000 1.00000 0.00000
1547820901035269 1.00000 0.00023 -0.00000 -0.00425 -0.00023 1.00000 0.00000 -0.00164 0.00000 -0.00000 1.00000 0.00000
1547820901285629 1.00000 0.00024 -0.00000 -0.00429 -0.00024 1.00000 0.00000 -0.00165 0.00000 -0.00000 1.00000 0.00000
1547820901535690 1.00000 0.00024 -0.00000 -0.00452 -0.00024 1.00000 0.00000 -0.00166 0.00000 -0.00000 1.00000 0.00000
1547820901786144 1.00000 0.00024 -0.00000 -0.00465 -0.00024 1.00000 0.00000 -0.00171 0.00000 -0.00000 1.00000 0.00000
1547820902037964 1.00000 0.00024 -0.00000 -0.00478 -0.00024 1.00000 0.00000 -0.00175 0.00000 -0.00000 1.00000 0.00000
1547820902290465 1.00000 0.00025 -0.00000 -0.00483 -0.00025 1.00000 0.00000 -0.00181 0.00000 -0.00000 1.00000 0.00000
1547820902542749 1.00000 0.00026 -0.00000 -0.00494 -0.00026 1.00000 0.00000 -0.00183 0.00000 -0.00000 1.00000 0.00000
1547820902794836 1.00000 0.00028 -0.00000 -0.00516 -0.00028 1.00000 0.00000 -0.00183 0.00000 -0.00000 1.00000 0.00000
1547820903045370 1.00000 0.00029 -0.00000 -0.00524 -0.00029 1.00000 0.00000 -0.00188 0.00000 -0.00000 1.00000 0.00000
1547820903294670 1.00000 0.00029 -0.00000 -0.00528 -0.00029 1.00000 0.00000 -0.00196 0.00000 -0.00000 1.00000 0.00000
1547820903543538 1.00000 0.00028 -0.00000 -0.00540 -0.00028 1.00000 0.00000 -0.00206 0.00000 -0.00000 1.00000 0.00000
1547820903792083 1.00000 0.00029 -0.00000 -0.00540 -0.00029 1.00000 0.00000 -0.00210 0.00000 -0.00000 1.00000 0.00000
1547820904040539 1.00000 0.00030 -0.00000 -0.00549 -0.00030 1.00000 0.00000 -0.00212 0.00000 -0.00000 1.00000 0.00000
1547820904289230 1.00000 0.00032 -0.00000 -0.00552 -0.00032 1.00000 0.00000 -0.00209 0.00000 -0.00000 1.00000 0.00000
1547820904539134 1.00000 0.00032 -0.00000 -0.00561 -0.00032 1.00000 0.00000 -0.00214 0.00000 -0.00000 1.00000 0.00000
1547820904789922 1.00000 0.00032 -0.00000 -0.00579 -0.00032 1.00000 0.00000 -0.00216 0.00000 -0.00000 1.00000 0.00000
1547820905040590 1.00000 0.00032 -0.00000 -0.00579 -0.00032 1.00000 0.00000 -0.00222 0.00000 -0.00000 1.00000 0.00000
1547820905290743 1.00000 0.00033 -0.00000 -0.00587 -0.00033 1.00000 0.00000 -0.00224 0.00000 -0.00000 1.00000 0.00000
1547820905540441 1.00000 0.00035 -0.00000 -0.00596 -0.00035 1.00000 0.00000 -0.00219 0.00000 -0.00000 1.00000 0.00000
1547820905789676 1.00000 0.00035 -0.00000 -0.00593 -0.00035 1.00000 0.00000 -0.00222 0.00000 -0.00000 1.00000 0.00000
1547820906038827 1.00000 0.00034 -0.00000 -0.00613 -0.00034 1.00000 0.00000 -0.00226 0.00000 -0.00000 1.00000 0.00000
1547820906287729 1.00000 0.00035 -0.00000 -0.00622 -0.00035 1.00000 0.00000 -0.00229 0.00000 -0.00000 1.00000 0.00000
1547820906536488 1.00000 0.00035 -0.00000 -0.00620 -0.00035 1.00000 0.00000 -0.00235 0.00000 -0.00000 1.00000 0.00000
1547820906785027 1.00000 0.00036 -0.00000 -0.00629 -0.00036 1.00000 0.00000 -0.00237 0.00000 -0.00000 1.00000 0.00000
1547820907033081 1.00000 0.00037 -0.00000 -0.00638 -0.00037 1.00000 0.00000 -0.00240 0.00000 -0.00000 1.00000 0.00000
1547820907281060 1.00000 0.00037 -0.00000 -0.00645 -0.00037 1.00000 0.00000 -0.00245 0.00000 -0.00000 1.00000 0.00000
1547820907529254 1.00000 0.00039 -0.00000 -0.00661 -0.00039 1.00000 0.00000 -0.00248 0.00000 -0.00000 1.00000 0.00000
1547820907777753 1.00000 0.00039 -0.00000 -0.00675 -0.00039 1.00000 0.00000 -0.00249 0.00000 -0.00000 1.00000 0.00000
1547820908026396 1.00000 0.00039 -0.00000 -0.00688 -0.00039 1.00000 0.00000 -0.00251 0.00000 -0.00000 1.00000 0.00000
1547820908275063 1.00000 0.00040 -0.00000 -0.00729 -0.00040 1.00000 0.00000 -0.00249 0.00000 -0.00000 1.00000 0.00000
1547820908524038 1.00000 0.00040 -0.00000 -0.00722 -0.00040 1.00000 0.00000 -0.00257 0.00000 -0.00000 1.00000 0.00000
1547820908774450 1.00000 0.00041 -0.00000 -0.00720 -0.00041 1.00000 0.00000 -0.00258 0.00000 -0.00000 1.00000 0.00000
1547820909025439 1.00000 0.00042 -0.00000 -0.00726 -0.00042 1.00000 0.00000 -0.00263 0.00000 -0.00000 1.00000 0.00000
1547820909275585 1.00000 0.00043 -0.00000 -0.00728 -0.00043 1.00000 0.00000 -0.00264 0.00000 -0.00000 1.00000 0.00000
1547820909525691 1.00000 0.00044 -0.00000 -0.00736 -0.00044 1.00000 0.00000 -0.00269 0.00000 -0.00000 1.00000 0.00000
1547820909775868 1.00000 0.00045 -0.00000 -0.00739 -0.00045 1.00000 0.00000 -0.00274 0.00000 -0.00000 1.00000 0.00000
1547820910025926 1.00000 0.00045 -0.00000 -0.00738 -0.00045 1.00000 0.00000 -0.00276 0.00000 -0.00000 1.00000 0.00000
1547820910275856 1.00000 0.00046 -0.00000 -0.00743 -0.00046 1.00000 0.00000 -0.00279 0.00000 -0.00000 1.00000 0.00000
1547820910526081 1.00000 0.00047 -0.00000 -0.00729 -0.00047 1.00000 0.00000 -0.00284 0.00000 -0.00000 1.00000 0.00000
1547820910777460 1.00000 0.00048 -0.00000 -0.00743 -0.00048 1.00000 0.00000 -0.00288 0.00000 -0.00000 1.00000 0.00000
1547820911029695 1.00000 0.00049 -0.00000 -0.00744 -0.00049 1.00000 0.00000 -0.00289 0.00000 -0.00000 1.00000 0.00000
1547820911282104 1.00000 0.00051 -0.00000 -0.00744 -0.00051 1.00000 0.00000 -0.00293 0.00000 -0.00000 1.00000 0.00000
1547820911533699 1.00000 0.00051 -0.00000 -0.00731 -0.00051 1.00000 0.00000 -0.00299 0.00000 -0.00000 1.00000 0.00000
1547820911784159 1.00000 0.00052 -0.00000 -0.00735 -0.00052 1.00000 0.00000 -0.00302 0.00000 -0.00000 1.00000 0.00000
1547820912033495 1.00000 0.00053 -0.00000 -0.00725 -0.00053 1.00000 0.00000 -0.00305 0.00000 -0.00000 1.00000 0.00000
1547820912282849 1.00000 0.00053 -0.00000 -0.00731 -0.00053 1.00000 0.00000 -0.00312 0.00000 -0.00000 1.00000 0.00000
1547820912531940 1.00000 0.00053 -0.00000 -0.00739 -0.00053 1.00000 0.00000 -0.00318 0.00000 -0.00000 1.00000 0.00000
1547820912780584 1.00000 0.00054 -0.00000 -0.00734 -0.00054 1.00000 0.00000 -0.00321 0.00000 -0.00000 1.00000 0.00000
1547820913029000 1.00000 0.00056 -0.00000 -0.00755 -0.00056 1.00000 0.00000 -0.00300 0.00000 -0.00000 1.00000 0.00000
1547820913277254 1.00000 0.00056 -0.00000 -0.00759 -0.00056 1.00000 0.00000 -0.00307 0.00000 -0.00000 1.00000 0.00000
1547820913525368 1.00000 0.00056 -0.00000 -0.00753 -0.00056 1.00000 0.00000 -0.00308 0.00000 -0.00000 1.00000 0.00000
1547820913773556 1.00000 0.00057 -0.00000 -0.00758 -0.00057 1.00000 0.00000 -0.00314 0.00000 -0.00000 1.00000 0.00000
1547820914021071 1.00000 0.00057 -0.00000 -0.00765 -0.00057 1.00000 0.00000 -0.00318 0.00000 -0.00000 1.00000 0.00000
1547820914268376 1.00000 0.00057 -0.00000 -0.00758 -0.00057 1.00000 0.00000 -0.00326 0.00000 -0.00000 1.00000 0.00000
1547820914516381 1.00000 0.00057 -0.00000 -0.00759 -0.00057 1.00000 0.00000 -0.00337 0.00000 -0.00000 1.00000 0.00000
1547820914766385 1.00000 0.00057 -0.00000 -0.00762 -0.00057 1.00000 0.00000 -0.00344 0.00000 -0.00000 1.00000 0.00000
1547820915019040 1.00000 0.00056 -0.00000 -0.00782 -0.00056 1.00000 0.00000 -0.00346 0.00000 -0.00000 1.00000 0.00000
1547820915272892 1.00000 0.00057 -0.00000 -0.00757 -0.00057 1.00000 0.00000 -0.00349 0.00000 -0.00000 1.00000 0.00000
1547820915526278 1.00000 0.00059 -0.00000 -0.00764 -0.00059 1.00000 0.00000 -0.00351 0.00000 -0.00000 1.00000 0.00000
1547820915778490 1.00000 0.00059 -0.00000 -0.00765 -0.00059 1.00000 0.00000 -0.00354 0.00000 -0.00000 1.00000 0.00000
1547820916029086 1.00000 0.00058 -0.00000 -0.00780 -0.00058 1.00000 0.00000 -0.00358 0.00000 -0.00000 1.00000 0.00000
1547820916278291 1.00000 0.00059 -0.00000 -0.00782 -0.00059 1.00000 0.00000 -0.00361 0.00000 -0.00000 1.00000 0.00000
1547820916526839 1.00000 0.00061 -0.00000 -0.00778 -0.00061 1.00000 0.00000 -0.00358 0.00000 -0.00000 1.00000 0.00000
1547820916775402 1.00000 0.00060 -0.00000 -0.00787 -0.00060 1.00000 0.00000 -0.00366 0.00000 -0.00000 1.00000 0.00000
1547820917026524 1.00000 0.00061 -0.00000 -0.00790 -0.00061 1.00000 0.00000 -0.00368 0.00000 -0.00000 1.00000 0.00000
1547820917276453 1.00000 0.00061 -0.00000 -0.00797 -0.00061 1.00000 0.00000 -0.00374 0.00000 -0.00000 1.00000 0.00000
1547820917525494 1.00000 0.00063 -0.00000 -0.00786 -0.00063 1.00000 0.00000 -0.00377 0.00000 -0.00000 1.00000 0.00000
1547820917776519 1.00000 0.00063 -0.00000 -0.00796 -0.00063 1.00000 0.00000 -0.00381 0.00000 -0.00000 1.00000 0.00000
1547820918026778 1.00000 0.00065 -0.00000 -0.00803 -0.00065 1.00000 0.00000 -0.00383 0.00000 -0.00000 1.00000 0.00000
1547820918276858 1.00000 0.00066 -0.00000 -0.00812 -0.00066 1.00000 0.00000 -0.00387 0.00000 -0.00000 1.00000 0.00000
1547820918526251 1.00000 0.00067 -0.00000 -0.00824 -0.00067 1.00000 0.00000 -0.00390 0.00000 -0.00000 1.00000 0.00000
1547820918775149 1.00000 0.00068 -0.00000 -0.00841 -0.00068 1.00000 0.00000 -0.00390 0.00000 -0.00000 1.00000 0.00000
1547820919024183 1.00000 0.00068 -0.00000 -0.00846 -0.00068 1.00000 0.00000 -0.00393 0.00000 -0.00000 1.00000 0.00000
1547820919272742 1.00000 0.00069 -0.00000 -0.00863 -0.00069 1.00000 0.00000 -0.00396 0.00000 -0.00000 1.00000 0.00000
1547820919521076 1.00000 0.00070 -0.00000 -0.00857 -0.00070 1.00000 0.00000 -0.00397 0.00000 -0.00000 1.00000 0.00000
1547820919769349 1.00000 0.00070 -0.00000 -0.00861 -0.00070 1.00000 0.00000 -0.00400 0.00000 -0.00000 1.00000 0.00000
1547820920017425 1.00000 0.00071 -0.00000 -0.00871 -0.00071 1.00000 0.00000 -0.00404 0.00000 -0.00000 1.00000 0.00000
1547820920265131 1.00000 0.00072 -0.00000 -0.00883 -0.00072 1.00000 0.00000 -0.00405 0.00000 -0.00000 1.00000 0.00000
1547820920513034 1.00000 0.00073 -0.00000 -0.00893 -0.00073 1.00000 0.00000 -0.00411 0.00000 -0.00000 1.00000 0.00000
1547820920761493 1.00000 0.00074 -0.00000 -0.00904 -0.00074 1.00000 0.00000 -0.00417 0.00000 -0.00000 1.00000 0.00000
1547820921010852 1.00000 0.00075 -0.00000 -0.00893 -0.00075 1.00000 0.00000 -0.00426 0.00000 -0.00000 1.00000 0.00000
1547820921260824 1.00000 0.00076 -0.00000 -0.00915 -0.00076 1.00000 0.00000 -0.00426 0.00000 -0.00000 1.00000 0.00000
1547820921511678 1.00000 0.00077 -0.00000 -0.00928 -0.00077 1.00000 0.00000 -0.00430 0.00000 -0.00000 1.00000 0.00000
1547820921764141 1.00000 0.00078 -0.00000 -0.00931 -0.00078 1.00000 0.00000 -0.00433 0.00000 -0.00000 1.00000 0.00000
1547820922016670 1.00000 0.00078 -0.00000 -0.00948 -0.00078 1.00000 0.00000 -0.00436 0.00000 -0.00000 1.00000 0.00000
1547820922268174 1.00000 0.00080 -0.00000 -0.00956 -0.00080 1.00000 0.00000 -0.00437 0.00000 -0.00000 1.00000 0.00000
1547820922519804 1.00000 0.00080 -0.00000 -0.00972 -0.00080 1.00000 0.00000 -0.00441 0.00000 -0.00000 1.00000 0.00000
1547820922770703 1.00000 0.00080 -0.00000 -0.00969 -0.00080 1.00000 0.00000 -0.00449 0.00000 -0.00000 1.00000 0.00000
1547820923020499 1.00000 0.00081 -0.00000 -0.00968 -0.00081 1.00000 0.00000 -0.00452 0.00000 -0.00000 1.00000 0.00000
1547820923270340 1.00000 0.00081 -0.00000 -0.00970 -0.00081 1.00000 0.00000 -0.00456 0.00000 -0.00000 1.00000 0.00000
1547820923520849 1.00000 0.00082 -0.00000 -0.00987 -0.00082 1.00000 0.00000 -0.00462 0.00000 -0.00000 1.00000 0.00000
1547820923772273 1.00000 0.00082 -0.00000 -0.00996 -0.00082 1.00000 0.00000 -0.00463 0.00000 -0.00000 1.00000 0.00000
1547820924024393 1.00000 0.00083 -0.00000 -0.00999 -0.00083 1.00000 0.00000 -0.00467 0.00000 -0.00000 1.00000 0.00000
1547820924276827 1.00000 0.00084 -0.00000 -0.01036 -0.00084 1.00000 0.00000 -0.00469 0.00000 -0.00000 1.00000 0.00000
1547820924528599 1.00000 0.00085 -0.00000 -0.01044 -0.00085 1.00000 0.00000 -0.00472 0.00000 -0.00000 1.00000 0.00000
1547820924778698 1.00000 0.00086 -0.00000 -0.01047 -0.00086 1.00000 0.00000 -0.00481 0.00000 -0.00000 1.00000 0.00000
1547820925028018 1.00000 0.00086 -0.00000 -0.01062 -0.00086 1.00000 0.00000 -0.00487 0.00000 -0.00000 1.00000 0.00000
1547820925277584 1.00000 0.00086 -0.00000 -0.01074 -0.00086 1.00000 0.00000 -0.00492 0.00000 -0.00000 1.00000 0.00000
1547820925526556 1.00000 0.00088 -0.00000 -0.01089 -0.00088 1.00000 0.00000 -0.00491 0.00000 -0.00000 1.00000 0.00000
1547820925775094 1.00000 0.00089 -0.00000 -0.01131 -0.00089 1.00000 0.00000 -0.00484 0.00000 -0.00000 1.00000 0.00000
1547820926023354 1.00000 0.00090 -0.00000 -0.01137 -0.00090 1.00000 0.00000 -0.00485 0.00000 -0.00000 1.00000 0.00000
1547820926271369 1.00000 0.00090 -0.00000 -0.01158 -0.00090 1.00000 0.00000 -0.00494 0.00000 -0.00000 1.00000 0.00000
1547820926519303 1.00000 0.00090 -0.00000 -0.01167 -0.00090 1.00000 0.00000 -0.00497 0.00000 -0.00000 1.00000 0.00000
1547820926767105 1.00000 0.00090 -0.00000 -0.01168 -0.00090 1.00000 0.00000 -0.00502 0.00000 -0.00000 1.00000 0.00000
1547820927015984 1.00000 0.00091 -0.00000 -0.01171 -0.00091 1.00000 0.00000 -0.00505 0.00000 -0.00000 1.00000 0.00000
1547820927264748 1.00000 0.00092 -0.00000 -0.01177 -0.00092 1.00000 0.00000 -0.00507 0.00000 -0.00000 1.00000 0.00000
1547820927512840 1.00000 0.00094 -0.00000 -0.01181 -0.00094 1.00000 0.00000 -0.00508 0.00000 -0.00000 1.00000 0.00000
1547820927761636 1.00000 0.00094 -0.00000 -0.01186 -0.00094 1.00000 0.00000 -0.00511 0.00000 -0.00000 1.00000 0.00000
1547820928012094 1.00000 0.00095 -0.00000 -0.01189 -0.00095 1.00000 0.00000 -0.00514 0.00000 -0.00000 1.00000 0.00000
1547820928263359 1.00000 0.00096 -0.00000 -0.01195 -0.00096 1.00000 0.00000 -0.00514 0.00000 -0.00000 1.00000 0.00000
1547820928513988 1.00000 0.00097 -0.00000 -0.01205 -0.00097 1.00000 0.00000 -0.00517 0.00000 -0.00000 1.00000 0.00000
1547820928764173 1.00000 0.00098 -0.00000 -0.01213 -0.00098 1.00000 0.00000 -0.00519 0.00000 -0.00000 1.00000 0.00000
1547820929014482 1.00000 0.00099 -0.00000 -0.01224 -0.00099 1.00000 0.00000 -0.00522 0.00000 -0.00000 1.00000 0.00000
1547820929264511 1.00000 0.00100 -0.00000 -0.01225 -0.00100 1.00000 0.00000 -0.00525 0.00000 -0.00000 1.00000 0.00000
1547820929514436 1.00000 0.00101 -0.00000 -0.01230 -0.00101 1.00000 0.00000 -0.00531 0.00000 -0.00000 1.00000 0.00000
1547820929764852 1.00000 0.00102 -0.00000 -0.01227 -0.00102 1.00000 0.00000 -0.00531 0.00000 -0.00000 1.00000 0.00000
1547820930016262 1.00000 0.00103 -0.00000 -0.01220 -0.00103 1.00000 0.00000 -0.00538 0.00000 -0.00000 1.00000 0.00000
1547820930268357 1.00000 0.00104 -0.00000 -0.01227 -0.00104 1.00000 0.00000 -0.00538 0.00000 -0.00000 1.00000 0.00000
1547820930520591 1.00000 0.00105 -0.00000 -0.01246 -0.00105 1.00000 0.00000 -0.00543 0.00000 -0.00000 1.00000 0.00000
1547820930772645 1.00000 0.00105 -0.00000 -0.01249 -0.00105 1.00000 0.00000 -0.00546 0.00000 -0.00000 1.00000 0.00000
1547820931023607 1.00000 0.00106 -0.00000 -0.01250 -0.00106 1.00000 0.00000 -0.00555 0.00000 -0.00000 1.00000 0.00000
1547820931273355 1.00000 0.00106 -0.00000 -0.01256 -0.00106 1.00000 0.00000 -0.00561 0.00000 -0.00000 1.00000 0.00000
1547820931522173 1.00000 0.00109 -0.00000 -0.01245 -0.00109 1.00000 0.00000 -0.00564 0.00000 -0.00000 1.00000 0.00000
1547820931770749 1.00000 0.00110 -0.00000 -0.01242 -0.00110 1.00000 0.00000 -0.00568 0.00000 -0.00000 1.00000 0.00000
1547820932019190 1.00000 0.00111 -0.00000 -0.01241 -0.00111 1.00000 0.00000 -0.00568 0.00000 -0.00000 1.00000 0.00000
1547820932267518 1.00000 0.00112 -0.00000 -0.01247 -0.00112 1.00000 0.00000 -0.00571 0.00000 -0.00000 1.00000 0.00000
1547820932515574 1.00000 0.00114 -0.00000 -0.01252 -0.00114 1.00000 0.00000 -0.00569 0.00000 -0.00000 1.00000 0.00000
1547820932763416 1.00000 0.00115 -0.00000 -0.01266 -0.00115 1.00000 0.00000 -0.00573 0.00000 -0.00000 1.00000 0.00000
1547820933011413 1.00000 0.00116 -0.00000 -0.01274 -0.00116 1.00000 0.00000 -0.00572 0.00000 -0.00000 1.00000 0.00000
1547820933260386 1.00000 0.00118 -0.00000 -0.01280 -0.00118 1.00000 0.00000 -0.00574 0.00000 -0.00000 1.00000 0.00000
1547820933510040 1.00000 0.00117 -0.00000 -0.01286 -0.00117 1.00000 0.00000 -0.00581 0.00000 -0.00000 1.00000 0.00000
1547820933760281 1.00000 0.00119 -0.00000 -0.01283 -0.00119 1.00000 0.00000 -0.00581 0.00000 -0.00000 1.00000 0.00000
1547820934011382 1.00000 0.00118 -0.00000 -0.01292 -0.00118 1.00000 0.00000 -0.00590 0.00000 -0.00000 1.00000 0.00000
1547820934263773 1.00000 0.00120 -0.00000 -0.01285 -0.00120 1.00000 0.00000 -0.00598 0.00000 -0.00000 1.00000 0.00000
1547820934516092 1.00000 0.00120 -0.00000 -0.01300 -0.00120 1.00000 0.00000 -0.00597 0.00000 -0.00000 1.00000 0.00000
1547820934767699 1.00000 0.00119 -0.00000 -0.01309 -0.00119 1.00000 0.00000 -0.00604 0.00000 -0.00000 1.00000 0.00000
1547820935019613 1.00000 0.00119 -0.00000 -0.01310 -0.00119 1.00000 0.00000 -0.00610 0.00000 -0.00000 1.00000 0.00000
1547820935270207 1.00000 0.00121 -0.00000 -0.01284 -0.00121 1.00000 0.00000 -0.00615 0.00000 -0.00000 1.00000 0.00000
1547820935519179 1.00000 0.00120 -0.00000 -0.01281 -0.00120 1.00000 0.00000 -0.00622 0.00000 -0.00000 1.00000 0.00000
1547820935767591 1.00000 0.00122 -0.00000 -0.01296 -0.00122 1.00000 0.00000 -0.00624 0.00000 -0.00000 1.00000 0.00000
1547820936016418 1.00000 0.00122 -0.00000 -0.01289 -0.00122 1.00000 0.00000 -0.00627 0.00000 -0.00000 1.00000 0.00000
1547820936266135 1.00000 0.00122 -0.00000 -0.01306 -0.00122 1.00000 0.00000 -0.00634 0.00000 -0.00000 1.00000 0.00000
1547820936516968 1.00000 0.00124 -0.00000 -0.01317 -0.00124 1.00000 0.00000 -0.00630 0.00000 -0.00000 1.00000 0.00000
1547820936768143 1.00000 0.00123 -0.00000 -0.01316 -0.00123 1.00000 0.00000 -0.00651 0.00000 -0.00000 1.00000 0.00000
1547820937018707 1.00000 0.00123 -0.00000 -0.01314 -0.00123 1.00000 0.00000 -0.00662 0.00000 -0.00000 1.00000 0.00000
1547820937268575 1.00000 0.00117 -0.00000 -0.01425 -0.00117 1.00000 0.00000 -0.00703 0.00000 -0.00000 1.00000 0.00000
1547820937517652 1.00000 0.00148 -0.00000 -0.02336 -0.00148 1.00000 0.00000 -0.00685 0.00000 -0.00000 1.00000 0.00000
1547820937766742 1.00000 0.00229 -0.00000 -0.02848 -0.00229 1.00000 0.00000 -0.00674 0.00000 -0.00000 1.00000 0.00000
1547820938015723 0.99999 0.00386 -0.00000 -0.05795 -0.00386 0.99999 0.00000 -0.00539 0.00000 -0.00000 1.00000 0.00000
1547820938264329 0.99998 0.00629 -0.00000 -0.08043 -0.00629 0.99998 0.00000 -0.00266 0.00000 -0.00000 1.00000 0.00000
1547820938512866 0.99994 0.01063 -0.00000 -0.13488 -0.01063 0.99994 0.00000 0.00089 0.00000 -0.00000 1.00000 0.00000
1547820938761428 0.99985 0.01728 -0.00000 -0.21228 -0.01728 0.99985 0.00000 0.00667 0.00000 -0.00000 1.00000 -0.00000
1547820939009685 0.99966 0.02619 -0.00000 -0.36550 -0.02619 0.99966 0.00000 0.01039 0.00000 -0.00000 1.00000 -0.00000
1547820939257657 0.99928 0.03805 -0.00000 -0.61781 -0.03805 0.99928 0.00000 0.01052 0.00000 -0.00000 1.00000 0.00000
1547820939505057 0.99875 0.05004 -0.00000 -0.92927 -0.05004 0.99875 0.00000 0.01480 0.00000 -0.00000 1.00000 0.00000
1547820939752470 0.99796 0.06389 -0.00000 -1.31022 -0.06389 0.99796 0.00000 0.02099 0.00000 -0.00000 1.00000 0.00000
1547820940000583 0.99688 0.07899 -0.00000 -1.77734 -0.07899 0.99688 0.00000 0.03665 0.00000 -0.00000 1.00000 0.00000
1547820940250046 0.99559 0.09379 -0.00000 -2.32005 -0.09379 0.99559 0.00000 0.06142 0.00000 -0.00000 1.00000 0.00000
1547820940501358 0.99423 0.10726 -0.00000 -2.94032 -0.10726 0.99423 0.00000 0.09261 0.00000 -0.00000 1.00000 0.00000
1547820940754163 0.99298 0.11832 -0.00000 -3.64963 -0.11832 0.99298 0.00000 0.12638 0.00000 -0.00000 1.00000 0.00000
1547820941007080 0.99195 0.12661 -0.00000 -4.44536 -0.12661 0.99195 0.00000 0.16080 0.00000 -0.00000 1.00000 0.00000
1547820941259855 0.99148 0.13027 -0.00000 -5.30022 -0.13027 0.99148 0.00000 0.17923 0.00000 -0.00000 1.00000 0.00000
1547820941511941 0.99144 0.13055 -0.00000 -6.19703 -0.13055 0.99144 0.00000 0.17683 0.00000 -0.00000 1.00000 0.00000
1547820941762507 0.99165 0.12897 -0.00000 -7.15258 -0.12897 0.99165 0.00000 0.16334 0.00000 -0.00000 1.00000 0.00000
1547820942011393 0.99179 0.12791 -0.00000 -8.21464 -0.12791 0.99179 0.00000 0.16479 0.00000 -0.00000 1.00000 0.00000
1547820942259756 0.99195 0.12666 -0.00000 -9.34340 -0.12666 0.99195 0.00000 0.16692 0.00000 -0.00000 1.00000 0.00000
1547820942507873 0.99218 0.12484 -0.00000 -10.52512 -0.12484 0.99218 0.00000 0.15931 0.00000 -0.00000 1.00000 0.00000
1547820942756056 0.99252 0.12211 -0.00000 -11.74654 -0.12211 0.99252 0.00000 0.13965 0.00000 -0.00000 1.00000 0.00000
1547820943004857 0.99292 0.11882 -0.00000 -12.99291 -0.11882 0.99292 0.00000 0.10717 0.00000 -0.00000 1.00000 0.00000
1547820943254606 0.99328 0.11578 -0.00000 -14.25921 -0.11578 0.99328 0.00000 0.07835 0.00000 -0.00000 1.00000 0.00000
1547820943505223 0.99379 0.11130 -0.00000 -15.54767 -0.11130 0.99379 0.00000 0.02455 0.00000 -0.00000 1.00000 0.00000
1547820943755975 0.99425 0.10705 -0.00000 -16.82426 -0.10705 0.99425 0.00000 -0.03603 0.00000 -0.00000 1.00000 0.00000
1547820944006012 0.99482 0.10170 -0.00000 -18.08668 -0.10170 0.99482 0.00000 -0.12204 0.00000 -0.00000 1.00000 0.00000
1547820944255465 0.99548 0.09501 -0.00000 -19.45344 -0.09501 0.99548 0.00000 -0.23297 0.00000 -0.00000 1.00000 0.00000
1547820944504647 0.99610 0.08822 -0.00000 -20.82816 -0.08822 0.99610 0.00000 -0.35342 0.00000 -0.00000 1.00000 0.00000
1547820944754085 0.99672 0.08091 -0.00000 -22.17334 -0.08091 0.99672 0.00000 -0.49686 0.00000 -0.00000 1.00000 0.00000
1547820945002952 0.99731 0.07330 -0.00000 -23.50036 -0.07330 0.99731 0.00000 -0.65824 0.00000 -0.00000 1.00000 0.00000
1547820945251517 0.99762 0.06901 -0.00000 -24.80840 -0.06901 0.99762 0.00000 -0.75152 0.00000 -0.00000 1.00000 0.00000
1547820945499475 0.99769 0.06792 -0.00000 -26.06115 -0.06792 0.99769 0.00000 -0.76842 0.00000 -0.00000 1.00000 0.00000
1547820945747337 0.99784 0.06566 -0.00000 -27.41029 -0.06566 0.99784 0.00000 -0.82122 0.00000 -0.00000 1.00000 0.00000
1547820945995219 0.99793 0.06424 -0.00000 -28.83254 -0.06424 0.99793 0.00000 -0.85487 0.00000 -0.00000 1.00000 0.00000
1547820946242839 0.99798 0.06354 -0.00000 -30.29470 -0.06354 0.99798 0.00000 -0.86461 0.00000 -0.00000 1.00000 0.00000
1547820946491533 0.99809 0.06179 -0.00000 -31.80419 -0.06179 0.99809 0.00000 -0.91543 0.00000 -0.00000 1.00000 0.00000
1547820946741455 0.99822 0.05967 -0.00000 -33.38394 -0.05967 0.99822 0.00000 -0.97861 0.00000 -0.00000 1.00000 0.00000
1547820946991027 0.99835 0.05738 -0.00000 -35.01561 -0.05738 0.99835 0.00000 -1.05221 0.00000 -0.00000 1.00000 0.00000
1547820947240890 0.99845 0.05557 -0.00000 -36.67370 -0.05557 0.99845 0.00000 -1.11275 0.00000 -0.00000 1.00000 0.00000
1547820947491714 0.99866 0.05183 -0.00000 -38.36350 -0.05183 0.99866 0.00000 -1.24700 0.00000 -0.00000 1.00000 0.00000
1547820947743412 0.99893 0.04618 -0.00000 -40.11024 -0.04618 0.99893 0.00000 -1.46030 0.00000 -0.00000 1.00000 0.00000
1547820947994910 0.99911 0.04210 -0.00000 -41.89316 -0.04210 0.99911 0.00000 -1.61614 0.00000 -0.00000 1.00000 0.00000
1547820948246254 0.99934 0.03623 -0.00000 -43.76131 -0.03623 0.99934 0.00000 -1.85376 0.00000 -0.00000 1.00000 0.00000
1547820948497349 0.99954 0.03037 -0.00000 -45.61812 -0.03037 0.99954 0.00000 -2.10316 0.00000 -0.00000 1.00000 0.00000
1547820948748169 0.99969 0.02478 -0.00000 -47.50410 -0.02478 0.99969 0.00000 -2.34733 0.00000 -0.00000 1.00000 0.00000
1547820948999212 0.99985 0.01741 -0.00000 -49.40033 -0.01741 0.99985 0.00000 -2.68783 0.00000 -0.00000 1.00000 0.00000
1547820949250771 0.99996 0.00937 -0.00000 -51.29577 -0.00937 0.99996 0.00000 -3.07950 0.00000 -0.00000 1.00000 0.00000
1547820949503725 1.00000 -0.00022 -0.00000 -53.20765 0.00022 1.00000 0.00000 -3.57324 0.00000 -0.00000 1.00000 0.00000
1547820949757505 0.99993 -0.01168 -0.00000 -55.10828 0.01168 0.99993 0.00000 -4.18314 0.00000 -0.00000 1.00000 0.00000
1547820950009721 0.99975 -0.02239 -0.00000 -56.97527 0.02239 0.99975 0.00000 -4.77261 0.00000 -0.00000 1.00000 0.00000
1547820950260174 0.99959 -0.02853 -0.00000 -58.84159 0.02853 0.99959 0.00000 -5.11528 0.00000 -0.00000 1.00000 0.00000
1547820950508373 0.99965 -0.02632 -0.00000 -60.73283 0.02632 0.99965 0.00000 -4.97587 0.00000 -0.00000 1.00000 0.00000
1547820950755254 0.99985 -0.01739 -0.00000 -62.69838 0.01739 0.99985 0.00000 -4.42567 0.00000 -0.00000 1.00000 0.00000
1547820951002070 0.99998 -0.00666 -0.00000 -64.75288 0.00666 0.99998 0.00000 -3.74441 0.00000 -0.00000 1.00000 0.00000
1547820951248627 0.99999 0.00431 -0.00000 -66.83018 -0.00431 0.99999 0.00000 -3.02122 0.00000 -0.00000 1.00000 0.00000
1547820951496269 0.99991 0.01361 -0.00000 -68.89605 -0.01361 0.99991 0.00000 -2.38938 0.00000 -0.00000 1.00000 0.00000
1547820951745695 0.99971 0.02418 -0.00000 -71.00765 -0.02418 0.99971 0.00000 -1.65070 0.00000 -0.00000 1.00000 0.00000
1547820951995970 0.99938 0.03522 -0.00000 -73.18323 -0.03522 0.99938 0.00000 -0.85922 0.00000 -0.00000 1.00000 0.00000
1547820952247071 0.99892 0.04645 -0.00000 -75.32436 -0.04645 0.99892 0.00000 -0.02671 0.00000 -0.00000 1.00000 0.00000
1547820952497121 0.99840 0.05646 -0.00000 -77.42853 -0.05646 0.99840 0.00000 0.74094 0.00000 -0.00000 1.00000 0.00000
1547820952746211 0.99819 0.06006 -0.00000 -79.57067 -0.06006 0.99819 0.00000 1.01799 0.00000 -0.00000 1.00000 0.00000
1547820952996165 0.99821 0.05985 -0.00000 -81.60203 -0.05985 0.99821 0.00000 1.01821 0.00000 -0.00000 1.00000 0.00000
1547820953246699 0.99825 0.05915 -0.00000 -83.82809 -0.05915 0.99825 0.00000 0.96038 0.00000 -0.00000 1.00000 0.00000
1547820953497991 0.99830 0.05835 -0.00000 -86.07284 -0.05835 0.99830 0.00000 0.90116 0.00000 -0.00000 1.00000 0.00000
1547820953749588 0.99829 0.05850 -0.00000 -88.33550 -0.05850 0.99829 0.00000 0.93618 0.00000 -0.00000 1.00000 0.00000
1547820954001121 0.99829 0.05852 -0.00000 -90.55671 -0.05852 0.99829 0.00000 0.94999 0.00000 -0.00000 1.00000 0.00000
1547820954252720 0.99836 0.05733 -0.00000 -92.77570 -0.05733 0.99836 0.00000 0.85235 0.00000 -0.00000 1.00000 0.00000
1547820954504539 0.99865 0.05185 -0.00000 -94.89157 -0.05185 0.99865 0.00000 0.34956 0.00000 -0.00000 1.00000 0.00000
1547820954755618 0.99885 0.04794 -0.00000 -97.17877 -0.04794 0.99885 0.00000 -0.00669 0.00000 -0.00000 1.00000 0.00000
1547820955006846 0.99902 0.04422 -0.00000 -99.52602 -0.04422 0.99902 0.00000 -0.36115 0.00000 -0.00000 1.00000 0.00000
1547820955258641 0.99919 0.04021 -0.00000 -101.85518 -0.04021 0.99919 0.00000 -0.75728 0.00000 -0.00000 1.00000 0.00000
1547820955510540 0.99935 0.03600 -0.00000 -104.06993 -0.03600 0.99935 0.00000 -1.18991 0.00000 -0.00000 1.00000 0.00000
1547820955762650 0.99948 0.03224 -0.00000 -106.45571 -0.03224 0.99948 0.00000 -1.57383 0.00000 -0.00000 1.00000 0.00000
1547820956016056 0.99960 0.02842 -0.00000 -108.87175 -0.02842 0.99960 0.00000 -1.99226 0.00000 -0.00000 1.00000 0.00000
1547820956269148 0.99960 0.02835 -0.00000 -111.36049 -0.02835 0.99960 0.00000 -1.99476 0.00000 -0.00000 1.00000 0.00000
1547820956519540 0.99962 0.02764 -0.00000 -113.87908 -0.02764 0.99962 0.00000 -2.07665 0.00000 -0.00000 1.00000 0.00000
1547820956767543 0.99961 0.02782 -0.00000 -116.37198 -0.02782 0.99961 0.00000 -2.05098 0.00000 -0.00000 1.00000 0.00000
1547820957015081 0.99959 0.02866 -0.00000 -118.83256 -0.02866 0.99959 0.00000 -1.95320 0.00000 -0.00000 1.00000 0.00000
1547820957262315 0.99958 0.02914 -0.00000 -121.08488 -0.02914 0.99958 0.00000 -1.90096 0.00000 -0.00000 1.00000 0.00000
1547820957509607 0.99957 0.02938 -0.00000 -123.40910 -0.02938 0.99957 0.00000 -1.86131 0.00000 -0.00000 1.00000 0.00000
1547820957757729 0.99958 0.02901 -0.00000 -125.96563 -0.02901 0.99958 0.00000 -1.90397 0.00000 -0.00000 1.00000 0.00000
1547820958006973 0.99955 0.02994 -0.00000 -128.55225 -0.02994 0.99955 0.00000 -1.76425 0.00000 -0.00000 1.00000 0.00000
1547820958257647 0.99955 0.02996 -0.00000 -131.13409 -0.02996 0.99955 0.00000 -1.74537 0.00000 -0.00000 1.00000 0.00000
1547820958508389 0.99955 0.03000 -0.00000 -133.67772 -0.03000 0.99955 0.00000 -1.73765 0.00000 -0.00000 1.00000 0.00000
1547820958759351 0.99955 0.03001 -0.00000 -136.27045 -0.03001 0.99955 0.00000 -1.73065 0.00000 -0.00000 1.00000 0.00000
1547820959009893 0.99954 0.03033 -0.00000 -138.88887 -0.03033 0.99954 0.00000 -1.68293 0.00000 -0.00000 1.00000 0.00000
1547820959260015 0.99949 0.03190 -0.00000 -141.51844 -0.03190 0.99949 0.00000 -1.44484 0.00000 -0.00000 1.00000 0.00000
1547820959510286 0.99947 0.03250 -0.00000 -144.12742 -0.03250 0.99947 0.00000 -1.35964 0.00000 -0.00000 1.00000 0.00000
1547820959760494 0.99941 0.03427 -0.00000 -146.69196 -0.03427 0.99941 0.00000 -1.08504 0.00000 -0.00000 1.00000 0.00000
1547820960010416 0.99938 0.03528 -0.00000 -149.15780 -0.03528 0.99938 0.00000 -0.92341 0.00000 -0.00000 1.00000 0.00000
1547820960261598 0.99934 0.03621 -0.00000 -151.53889 -0.03621 0.99934 0.00000 -0.77496 0.00000 -0.00000 1.00000 0.00000
1547820960513967 0.99928 0.03787 -0.00000 -154.09734 -0.03787 0.99928 0.00000 -0.50059 0.00000 -0.00000 1.00000 0.00000
1547820960765841 0.99925 0.03870 -0.00000 -156.60897 -0.03870 0.99925 0.00000 -0.36767 0.00000 -0.00000 1.00000 0.00000
1547820961017359 0.99921 0.03971 -0.00000 -159.07464 -0.03971 0.99921 0.00000 -0.20855 0.00000 -0.00000 1.00000 0.00000
1547820961268537 0.99918 0.04044 -0.00000 -161.51630 -0.04044 0.99918 0.00000 -0.08587 0.00000 -0.00000 1.00000 0.00000
1547820961519764 0.99913 0.04172 -0.00000 -163.95601 -0.04172 0.99913 0.00000 0.13560 0.00000 -0.00000 1.00000 0.00000
1547820961771425 0.99908 0.04284 -0.00000 -166.30212 -0.04284 0.99908 0.00000 0.33261 0.00000 -0.00000 1.00000 0.00000
1547820962022885 0.99903 0.04400 -0.00000 -168.63136 -0.04400 0.99903 0.00000 0.53775 0.00000 -0.00000 1.00000 0.00000
1547820962274092 0.99896 0.04558 -0.00000 -170.93431 -0.04558 0.99896 0.00000 0.81483 0.00000 -0.00000 1.00000 0.00000
1547820962524959 0.99884 0.04825 -0.00000 -173.19403 -0.04825 0.99884 0.00000 1.29032 0.00000 -0.00000 1.00000 0.00000
1547820962776097 0.99868 0.05133 -0.00000 -175.45310 -0.05133 0.99868 0.00000 1.83322 0.00000 -0.00000 1.00000 0.00000
1547820963027594 0.99855 0.05385 -0.00000 -177.65845 -0.05385 0.99855 0.00000 2.28163 0.00000 -0.00000 1.00000 0.00000
1547820963278976 0.99836 0.05721 -0.00000 -179.85846 -0.05721 0.99836 0.00000 2.89195 0.00000 -0.00000 1.00000 0.00000
1547820963531446 0.99821 0.05986 -0.00000 -182.02591 -0.05986 0.99821 0.00000 3.37354 0.00000 -0.00000 1.00000 0.00000
1547820963785125 0.99803 0.06274 -0.00000 -184.18165 -0.06274 0.99803 0.00000 3.89906 0.00000 -0.00000 1.00000 0.00000
1547820964037846 0.99785 0.06556 -0.00000 -186.30199 -0.06556 0.99785 0.00000 4.42384 0.00000 -0.00000 1.00000 0.00000
1547820964287988 0.99762 0.06893 -0.00000 -188.37477 -0.06893 0.99762 0.00000 5.05969 0.00000 -0.00000 1.00000 0.00000
1547820964536256 0.99732 0.07318 -0.00000 -190.38397 -0.07318 0.99732 0.00000 5.86738 0.00000 -0.00000 1.00000 0.00000
1547820964784060 0.99687 0.07900 -0.00000 -192.34382 -0.07900 0.99687 0.00000 6.98065 0.00000 -0.00000 1.00000 0.00000
1547820965031668 0.99614 0.08778 -0.00000 -194.22202 -0.08778 0.99614 0.00000 8.68280 0.00000 -0.00000 1.00000 0.00000
1547820965278727 0.99534 0.09646 -0.00000 -196.03486 -0.09646 0.99534 0.00000 10.38108 0.00000 -0.00000 1.00000 0.00000
1547820965526557 0.99426 0.10696 -0.00000 -197.76032 -0.10696 0.99426 0.00000 12.46027 0.00000 -0.00000 1.00000 0.00000
1547820965775640 0.99301 0.11806 -0.00000 -199.43298 -0.11806 0.99301 0.00000 14.67328 0.00000 -0.00000 1.00000 0.00000
1547820966026015 0.99190 0.12700 -0.00000 -201.11712 -0.12700 0.99190 0.00000 16.47417 0.00000 -0.00000 1.00000 0.00000
1547820966276803 0.99115 0.13276 -0.00000 -202.82112 -0.13276 0.99115 0.00000 17.64530 0.00000 -0.00000 1.00000 0.00000
1547820966527025 0.99061 0.13673 -0.00000 -204.52833 -0.13673 0.99061 0.00000 18.46576 0.00000 -0.00000 1.00000 0.00000
1547820966776998 0.99018 0.13980 -0.00000 -206.22414 -0.13980 0.99018 0.00000 19.10144 0.00000 -0.00000 1.00000 0.00000
1547820967027446 0.98975 0.14284 -0.00000 -207.91181 -0.14284 0.98975 0.00000 19.73521 0.00000 -0.00000 1.00000 0.00000
1547820967277890 0.98951 0.14445 -0.00000 -209.30601 -0.14445 0.98951 0.00000 20.07218 0.00000 -0.00000 1.00000 0.00000
1547820967527678 0.98898 0.14802 -0.00000 -210.74447 -0.14802 0.98898 0.00000 20.82969 0.00000 -0.00000 1.00000 0.00000
1547820967778283 0.98860 0.15059 -0.00000 -212.37670 -0.15059 0.98860 0.00000 21.38228 0.00000 -0.00000 1.00000 0.00000
1547820968030538 0.98827 0.15271 -0.00000 -214.01326 -0.15271 0.98827 0.00000 21.83648 0.00000 -0.00000 1.00000 0.00000
1547820968283018 0.98779 0.15578 -0.00000 -215.58915 -0.15578 0.98779 0.00000 22.51025 0.00000 -0.00000 1.00000 0.00000
1547820968534959 0.98710 0.16008 -0.00000 -217.11608 -0.16008 0.98710 0.00000 23.45150 0.00000 -0.00000 1.00000 0.00000
1547820968786053 0.98619 0.16562 -0.00000 -218.59878 -0.16562 0.98619 0.00000 24.67812 0.00000 -0.00000 1.00000 0.00000
1547820969036366 0.98569 0.16860 -0.00000 -220.10746 -0.16860 0.98569 0.00000 25.34668 0.00000 -0.00000 1.00000 0.00000
1547820969286652 0.98572 0.16839 -0.00000 -221.64685 -0.16839 0.98572 0.00000 25.30286 0.00000 -0.00000 1.00000 0.00000
1547820969536591 0.98593 0.16716 -0.00000 -223.17183 -0.16716 0.98593 0.00000 25.03007 0.00000 -0.00000 1.00000 0.00000
1547820969786535 0.98605 0.16642 -0.00000 -224.62993 -0.16642 0.98605 0.00000 24.86786 0.00000 -0.00000 1.00000 0.00000
1547820970036968 0.98625 0.16528 -0.00000 -226.06847 -0.16528 0.98625 0.00000 24.61022 0.00000 -0.00000 1.00000 0.00000
1547820970288225 0.98641 0.16428 -0.00000 -227.48665 -0.16428 0.98641 0.00000 24.38526 0.00000 -0.00000 1.00000 0.00000
1547820970540626 0.98629 0.16503 -0.00000 -228.83510 -0.16503 0.98629 0.00000 24.56787 0.00000 -0.00000 1.00000 0.00000
1547820970793181 0.98620 0.16557 -0.00000 -230.13849 -0.16557 0.98620 0.00000 24.69776 0.00000 -0.00000 1.00000 0.00000
1547820971044836 0.98605 0.16644 -0.00000 -231.38248 -0.16644 0.98605 0.00000 24.90733 0.00000 -0.00000 1.00000 0.00000
1547820971295046 0.98594 0.16708 -0.00000 -232.62604 -0.16708 0.98594 0.00000 25.06245 0.00000 -0.00000 1.00000 0.00000
1547820971544229 0.98558 0.16920 -0.00000 -233.81551 -0.16920 0.98558 0.00000 25.56422 0.00000 -0.00000 1.00000 0.00000
1547820971793653 0.98486 0.17337 -0.00000 -234.93657 -0.17337 0.98486 0.00000 26.55815 0.00000 -0.00000 1.00000 0.00000
1547820972042293 0.98417 0.17722 -0.00000 -236.04192 -0.17722 0.98417 0.00000 27.48130 0.00000 -0.00000 1.00000 0.00000
1547820972290585 0.98419 0.17712 -0.00000 -237.24643 -0.17712 0.98419 0.00000 27.46413 0.00000 -0.00000 1.00000 0.00000
1547820972539086 0.98452 0.17527 -0.00000 -238.48956 -0.17527 0.98452 0.00000 27.02415 0.00000 -0.00000 1.00000 0.00000
1547820972787153 0.98479 0.17373 -0.00000 -239.72170 -0.17373 0.98479 0.00000 26.65678 0.00000 -0.00000 1.00000 0.00000
1547820973035243 0.98536 0.17046 -0.00000 -241.00643 -0.17046 0.98536 0.00000 25.86763 0.00000 -0.00000 1.00000 0.00000
