1635866214305464 0.97340 0.22912 0.00000 4.69193 0.22912 -0.97340 0.00000 1.09076 0.00000 0.00000 -1.00000 0.00000
1635866214554723 0.97339 0.22917 0.00000 4.69189 0.22917 -0.97339 0.00000 1.09098 0.00000 0.00000 -1.00000 0.00000
1635866214803855 0.97338 0.22918 0.00000 4.69190 0.22918 -0.97338 0.00000 1.09104 0.00000 0.00000 -1.00000 0.00000
1635866215052690 0.97339 0.22916 0.00000 4.69192 0.22916 -0.97339 0.00000 1.09090 0.00000 0.00000 -1.00000 0.00000
1635866215302113 0.97339 0.22916 0.00000 4.69187 0.22916 -0.97339 0.00000 1.09091 0.00000 0.00000 -1.00000 0.00000
1635866215551409 0.97338 0.22918 0.00000 4.69185 0.22918 -0.97338 0.00000 1.09101 0.00000 0.00000 -1.00000 0.00000
1635866215800623 0.97339 0.22916 0.00000 4.69189 0.22916 -0.97339 0.00000 1.09086 0.00000 0.00000 -1.00000 0.00000
1635866216049532 0.97339 0.22916 0.00000 4.69186 0.22916 -0.97339 0.00000 1.09089 0.00000 0.00000 -1.00000 0.00000
1635866216298806 0.97340 0.22913 0.00000 4.69188 0.22913 -0.97340 0.00000 1.09081 0.00000 0.00000 -1.00000 0.00000
1635866216547867 0.97340 0.22912 0.00000 4.69188 0.22912 -0.97340 0.00000 1.09070 0.00000 0.00000 -1.00000 0.00000
1635866216797204 0.97339 0.22914 0.00000 4.69183 0.22914 -0.97339 0.00000 1.09085 0.00000 0.00000 -1.00000 0.00000
1635866217046669 0.97339 0.22915 0.00000 4.69177 0.22915 -0.97339 0.00000 1.09085 0.00000 0.00000 -1.00000 0.00000
1635866217295968 0.97339 0.22914 0.00000 4.69177 0.22914 -0.97339 0.00000 1.09085 0.00000 0.00000 -1.00000 0.00000
1635866217545233 0.97339 0.22914 0.00000 4.69211 0.22914 -0.97339 0.00000 1.09093 0.00000 0.00000 -1.00000 0.00000
1635866217794477 0.97339 0.22914 0.00000 4.69118 0.22914 -0.97339 0.00000 1.09143 0.00000 0.00000 -1.00000 0.00000
1635866218043462 0.97335 0.22933 0.00000 4.68023 0.22933 -0.97335 0.00000 1.09178 0.00000 0.00000 -1.00000 0.00000
1635866218292459 0.97349 0.22872 0.00000 4.64790 0.22872 -0.97349 0.00000 1.08846 0.00000 0.00000 -1.00000 0.00000
1635866218541726 0.97379 0.22746 0.00000 4.60762 0.22746 -0.97379 0.00000 1.08187 0.00000 0.00000 -1.00000 0.00000
1635866218790740 0.97426 0.22541 0.00000 4.55723 0.22541 -0.97426 0.00000 1.07002 0.00000 0.00000 -1.00000 0.00000
1635866219040180 0.97542 0.22033 0.00000 4.48134 0.22033 -0.97542 0.00000 1.04306 0.00000 0.00000 -1.00000 0.00000
1635866219289371 0.97776 0.20971 0.00000 4.34348 0.20971 -0.97776 0.00000 0.98641 0.00000 0.00000 -1.00000 0.00000
1635866219538444 0.98132 0.19238 0.00000 4.13546 0.19238 -0.98132 0.00000 0.90030 0.00000 0.00000 -1.00000 0.00000
1635866219787617 0.98533 0.17065 0.00000 3.84725 0.17065 -0.98533 0.00000 0.79473 0.00000 0.00000 -1.00000 0.00000
1635866220036696 0.98892 0.14843 0.00000 3.46967 0.14843 -0.98892 0.00000 0.68341 0.00000 0.00000 -1.00000 0.00000
1635866220285727 0.99098 0.13404 0.00000 2.99456 0.13404 -0.99098 0.00000 0.61183 0.00000 0.00000 -1.00000 0.00000
1635866220534899 0.99185 0.12741 0.00000 2.43082 0.12741 -0.99185 0.00000 0.58127 0.00000 0.00000 -1.00000 0.00000
1635866220784136 0.99231 0.12377 0.00000 1.79220 0.12377 -0.99231 0.00000 0.56044 0.00000 0.00000 -1.00000 0.00000
1635866221033052 0.99259 0.12154 0.00000 1.07821 0.12154 -0.99259 0.00000 0.54297 0.00000 0.00000 -1.00000 0.00000
1635866221281861 0.99246 0.12261 0.00000 0.29173 0.12261 -0.99246 0.00000 0.52206 0.00000 0.00000 -1.00000 0.00000
1635866221531373 0.99207 0.12569 0.00000 -0.56292 0.12569 -0.99207 0.00000 0.51340 0.00000 0.00000 -1.00000 0.00000
1635866221780462 0.99168 0.12874 0.00000 -1.48552 0.12874 -0.99168 0.00000 0.49484 0.00000 0.00000 -1.00000 0.00000
1635866222030009 0.99169 0.12863 0.00000 -2.47477 0.12863 -0.99169 0.00000 0.48033 0.00000 0.00000 -1.00000 0.00000
1635866222279027 0.99199 0.12635 0.00000 -3.52952 0.12635 -0.99199 0.00000 0.48089 0.00000 0.00000 -1.00000 0.00000
1635866222528047 0.99259 0.12147 0.00000 -4.63106 0.12147 -0.99259 0.00000 0.49554 0.00000 0.00000 -1.00000 0.00000
1635866222777493 0.99327 0.11579 0.00000 -5.76683 0.11579 -0.99327 0.00000 0.51785 0.00000 0.00000 -1.00000 0.00000
1635866223026710 0.99413 0.10819 0.00000 -6.95643 0.10819 -0.99413 0.00000 0.55841 0.00000 0.00000 -1.00000 0.00000
1635866223276102 0.99513 0.09861 0.00000 -8.19766 0.09861 -0.99513 0.00000 0.62637 0.00000 0.00000 -1.00000 0.00000
1635866223525329 0.99613 0.08790 0.00000 -9.47528 0.08790 -0.99613 0.00000 0.68517 0.00000 0.00000 -1.00000 0.00000
1635866223774135 0.99688 0.07897 0.00000 -10.79288 0.07897 -0.99688 0.00000 0.74500 0.00000 0.00000 -1.00000 0.00000
1635866224023219 0.99735 0.07276 0.00000 -12.17454 0.07276 -0.99735 0.00000 0.77361 0.00000 0.00000 -1.00000 0.00000
1635866224272603 0.99760 0.06920 0.00000 -13.59943 0.06920 -0.99760 0.00000 0.77675 0.00000 0.00000 -1.00000 0.00000
1635866224521680 0.99765 0.06859 0.00000 -15.00292 0.06859 -0.99765 0.00000 0.75236 0.00000 0.00000 -1.00000 0.00000
1635866224770399 0.99744 0.07157 0.00000 -16.48634 0.07157 -0.99744 0.00000 0.66366 0.00000 0.00000 -1.00000 0.00000
1635866225019896 0.99609 0.08835 0.00000 -17.98601 0.08835 -0.99609 0.00000 0.34418 0.00000 0.00000 -1.00000 0.00000
1635866225269027 0.99422 0.10735 0.00000 -19.45920 0.10735 -0.99422 0.00000 -0.03034 0.00000 0.00000 -1.00000 0.00000
1635866225518529 0.99232 0.12373 0.00000 -20.93339 0.12373 -0.99232 0.00000 -0.38891 0.00000 0.00000 -1.00000 0.00000
1635866225767698 0.99030 0.13893 0.00000 -22.37833 0.13893 -0.99030 0.00000 -0.75152 0.00000 0.00000 -1.00000 0.00000
1635866226016819 0.98809 0.15386 0.00000 -23.78802 0.15386 -0.98809 0.00000 -1.11768 0.00000 0.00000 -1.00000 0.00000
1635866226266136 0.98590 0.16736 0.00000 -25.17424 0.16736 -0.98590 0.00000 -1.48407 0.00000 0.00000 -1.00000 0.00000
1635866226515330 0.98395 0.17842 0.00000 -26.56720 0.17842 -0.98395 0.00000 -1.78777 0.00000 0.00000 -1.00000 0.00000
1635866226764769 0.98276 0.18486 0.00000 -28.00730 0.18486 -0.98276 0.00000 -2.01266 0.00000 0.00000 -1.00000 0.00000
1635866227013704 0.98253 0.18610 0.00000 -29.49347 0.18610 -0.98253 0.00000 -2.08674 0.00000 0.00000 -1.00000 0.00000
1635866227262655 0.98177 0.19009 0.00000 -31.06884 0.19009 -0.98177 0.00000 -2.24409 0.00000 0.00000 -1.00000 0.00000
1635866227512053 0.98040 0.19704 0.00000 -32.61858 0.19704 -0.98040 0.00000 -2.49872 0.00000 0.00000 -1.00000 0.00000
1635866227760750 0.97812 0.20803 0.00000 -34.17232 0.20803 -0.97812 0.00000 -2.89687 0.00000 0.00000 -1.00000 0.00000
1635866228010288 0.97505 0.22200 0.00000 -35.76473 0.22200 -0.97505 0.00000 -3.41628 0.00000 0.00000 -1.00000 0.00000
1635866228259251 0.97231 0.23368 0.00000 -37.33678 0.23368 -0.97231 0.00000 -3.88687 0.00000 0.00000 -1.00000 0.00000
1635866228508346 0.96947 0.24520 0.00000 -38.88499 0.24520 -0.96947 0.00000 -4.35428 0.00000 0.00000 -1.00000 0.00000
1635866228757725 0.96675 0.25572 0.00000 -40.49714 0.25572 -0.96675 0.00000 -4.80904 0.00000 0.00000 -1.00000 0.00000
1635866229007122 0.96484 0.26284 0.00000 -42.16274 0.26284 -0.96484 0.00000 -5.14174 0.00000 0.00000 -1.00000 0.00000
1635866229256445 0.96487 0.26271 0.00000 -43.86255 0.26271 -0.96487 0.00000 -5.17811 0.00000 0.00000 -1.00000 0.00000
1635866229505681 0.96430 0.26483 0.00000 -45.61437 0.26483 -0.96430 0.00000 -5.31050 0.00000 0.00000 -1.00000 0.00000
1635866229755371 0.96438 0.26451 0.00000 -47.38074 0.26451 -0.96438 0.00000 -5.32834 0.00000 0.00000 -1.00000 0.00000
1635866230004324 0.96424 0.26505 0.00000 -49.16452 0.26505 -0.96424 0.00000 -5.38353 0.00000 0.00000 -1.00000 0.00000
1635866230253289 0.96497 0.26235 0.00000 -51.01593 0.26235 -0.96497 0.00000 -5.30796 0.00000 0.00000 -1.00000 0.00000
1635866230502557 0.96560 0.26005 0.00000 -52.86413 0.26005 -0.96560 0.00000 -5.22000 0.00000 0.00000 -1.00000 0.00000
1635866230751621 0.96591 0.25886 0.00000 -54.73159 0.25886 -0.96591 0.00000 -5.21467 0.00000 0.00000 -1.00000 0.00000
1635866231000488 0.96625 0.25761 0.00000 -56.65479 0.25761 -0.96625 0.00000 -5.18490 0.00000 0.00000 -1.00000 0.00000
1635866231249806 0.96648 0.25675 0.00000 -58.59853 0.25675 -0.96648 0.00000 -5.19377 0.00000 0.00000 -1.00000 0.00000
1635866231499255 0.96671 0.25589 0.00000 -60.55743 0.25589 -0.96671 0.00000 -5.18498 0.00000 0.00000 -1.00000 0.00000
1635866231748398 0.96699 0.25481 0.00000 -62.55452 0.25481 -0.96699 0.00000 -5.15472 0.00000 0.00000 -1.00000 0.00000
1635866231997458 0.96723 0.25390 0.00000 -64.56781 0.25390 -0.96723 0.00000 -5.12700 0.00000 0.00000 -1.00000 0.00000
1635866232246880 0.96806 0.25070 0.00000 -66.61173 0.25070 -0.96806 0.00000 -4.95336 0.00000 0.00000 -1.00000 0.00000
1635866232496095 0.96924 0.24612 0.00000 -68.66691 0.24612 -0.96924 0.00000 -4.67984 0.00000 0.00000 -1.00000 0.00000
1635866232745387 0.97046 0.24125 0.00000 -70.73154 0.24125 -0.97046 0.00000 -4.37912 0.00000 0.00000 -1.00000 0.00000
1635866232994647 0.97218 0.23425 0.00000 -72.80386 0.23425 -0.97218 0.00000 -3.90319 0.00000 0.00000 -1.00000 0.00000
1635866233244082 0.97477 0.22320 0.00000 -74.88800 0.22320 -0.97477 0.00000 -3.11110 0.00000 0.00000 -1.00000 0.00000
1635866233493350 0.97831 0.20716 0.00000 -76.96404 0.20716 -0.97831 0.00000 -1.89590 0.00000 0.00000 -1.00000 0.00000
1635866233743098 0.98317 0.18272 0.00000 -79.00009 0.18272 -0.98317 0.00000 0.00192 0.00000 0.00000 -1.00000 0.00000
1635866233992125 0.98830 0.15255 0.00000 -80.98810 0.15255 -0.98830 0.00000 2.40357 0.00000 0.00000 -1.00000 0.00000
1635866234241378 0.99310 0.11731 0.00000 -82.86114 0.11731 -0.99310 0.00000 5.26649 0.00000 0.00000 -1.00000 0.00000
1635866234490758 0.99688 0.07888 0.00000 -84.57915 0.07888 -0.99688 0.00000 8.45136 0.00000 0.00000 -1.00000 0.00000
1635866234740304 0.99949 0.03203 0.00000 -86.07309 0.03203 -0.99949 0.00000 12.40023 0.00000 0.00000 -1.00000 0.00000
1635866234989496 0.99980 -0.02014 0.00000 -87.29535 -0.02014 -0.99980 0.00000 16.86607 0.00000 -0.00000 -1.00000 0.00000
1635866235239001 0.99735 -0.07274 0.00000 -88.24809 -0.07274 -0.99735 0.00000 21.42778 0.00000 -0.00000 -1.00000 0.00000
1635866235488276 0.99215 -0.12507 0.00000 -88.91874 -0.12507 -0.99215 0.00000 26.02628 0.00000 -0.00000 -1.00000 0.00000
1635866235737375 0.98377 -0.17945 0.00000 -89.28633 -0.17945 -0.98377 0.00000 30.87510 0.00000 -0.00000 -1.00000 0.00000
1635866235986732 0.97251 -0.23287 0.00000 -89.37582 -0.23287 -0.97251 0.00000 35.69016 0.00000 -0.00000 -1.00000 0.00000
1635866236235594 0.95807 -0.28652 0.00000 -89.16091 -0.28652 -0.95807 0.00000 40.59493 0.00000 -0.00000 -1.00000 0.00000
1635866236484848 0.93915 -0.34352 0.00000 -88.44111 -0.34352 -0.93915 0.00000 45.88454 0.00000 -0.00000 -1.00000 0.00000
1635866236733911 0.91559 -0.40211 0.00000 -87.25117 -0.40211 -0.91559 0.00000 51.37289 0.00000 -0.00000 -1.00000 0.00000
1635866236983634 0.88750 -0.46082 0.00000 -85.56414 -0.46082 -0.88750 0.00000 56.93844 0.00000 -0.00000 -1.00000 0.00000
1635866237233051 0.85538 -0.51800 0.00000 -83.43644 -0.51800 -0.85538 0.00000 62.41676 0.00000 -0.00000 -1.00000 0.00000
1635866237482645 0.81906 -0.57371 0.00000 -80.89520 -0.57371 -0.81906 0.00000 67.80865 0.00000 -0.00000 -1.00000 0.00000
1635866237731918 0.77940 -0.62653 0.00000 -78.00660 -0.62653 -0.77940 0.00000 73.01680 0.00000 -0.00000 -1.00000 0.00000
1635866237981128 0.73727 -0.67560 0.00000 -74.85382 -0.67560 -0.73727 0.00000 77.89324 0.00000 -0.00000 -1.00000 0.00000
1635866238230128 0.69551 -0.71852 0.00000 -71.79053 -0.71852 -0.69551 0.00000 82.20920 0.00000 -0.00000 -1.00000 0.00000
1635866238479239 0.66047 -0.75086 0.00000 -69.50369 -0.75086 -0.66047 0.00000 85.51161 0.00000 -0.00000 -1.00000 0.00000
1635866238728557 0.62954 -0.77697 0.00000 -67.66770 -0.77697 -0.62954 0.00000 88.22301 0.00000 -0.00000 -1.00000 0.00000
1635866238977937 0.59943 -0.80043 0.00000 -65.92096 -0.80043 -0.59943 0.00000 90.73533 0.00000 -0.00000 -1.00000 0.00000
1635866239226999 0.56944 -0.82203 0.00000 -64.16310 -0.82203 -0.56944 0.00000 93.09774 0.00000 -0.00000 -1.00000 0.00000
1635866239476084 0.54510 -0.83837 0.00000 -63.04508 -0.83837 -0.54510 0.00000 94.93393 0.00000 -0.00000 -1.00000 0.00000
1635866239725595 0.52950 -0.84831 0.00000 -62.92623 -0.84831 -0.52950 0.00000 96.07079 0.00000 -0.00000 -1.00000 0.00000
1635866239974349 0.52776 -0.84939 0.00000 -64.38624 -0.84939 -0.52776 0.00000 96.17644 0.00000 -0.00000 -1.00000 0.00000
1635866240223411 0.54016 -0.84156 0.00000 -67.47333 -0.84156 -0.54016 0.00000 95.18528 0.00000 -0.00000 -1.00000 0.00000
1635866240472687 0.55899 -0.82918 0.00000 -71.30502 -0.82918 -0.55899 0.00000 93.59925 0.00000 -0.00000 -1.00000 0.00000
1635866240721492 0.57771 -0.81624 0.00000 -75.13720 -0.81624 -0.57771 0.00000 91.90366 0.00000 -0.00000 -1.00000 0.00000
1635866240971029 0.59644 -0.80266 0.00000 -78.96834 -0.80266 -0.59644 0.00000 90.09430 0.00000 -0.00000 -1.00000 0.00000
1635866241220453 0.61457 -0.78886 0.00000 -82.73504 -0.78886 -0.61457 0.00000 88.22396 0.00000 -0.00000 -1.00000 0.00000
1635866241469715 0.63105 -0.77575 0.00000 -86.31464 -0.77575 -0.63105 0.00000 86.43163 0.00000 -0.00000 -1.00000 0.00000
1635866241718983 0.64551 -0.76375 0.00000 -89.63108 -0.76375 -0.64551 0.00000 84.73922 0.00000 -0.00000 -1.00000 0.00000
1635866241967741 0.65950 -0.75171 0.00000 -92.88860 -0.75171 -0.65950 0.00000 83.03170 0.00000 -0.00000 -1.00000 0.00000
1635866242216823 0.67396 -0.73877 0.00000 -96.18665 -0.73877 -0.67396 0.00000 81.15985 0.00000 -0.00000 -1.00000 0.00000
1635866242466170 0.68797 -0.72574 0.00000 -99.40363 -0.72574 -0.68797 0.00000 79.27112 0.00000 -0.00000 -1.00000 0.00000
1635866242715645 0.70169 -0.71248 0.00000 -102.55299 -0.71248 -0.70169 0.00000 77.31044 0.00000 -0.00000 -1.00000 0.00000
1635866242964545 0.71421 -0.69993 0.00000 -105.56056 -0.69993 -0.71421 0.00000 75.44726 0.00000 -0.00000 -1.00000 0.00000
1635866243213638 0.72968 -0.68379 0.00000 -108.87390 -0.68379 -0.72968 0.00000 73.01499 0.00000 -0.00000 -1.00000 0.00000
1635866243463162 0.74842 -0.66322 0.00000 -112.46824 -0.66322 -0.74842 0.00000 69.92046 0.00000 -0.00000 -1.00000 0.00000
1635866243712116 0.76660 -0.64213 0.00000 -115.97260 -0.64213 -0.76660 0.00000 66.72145 0.00000 -0.00000 -1.00000 0.00000
1635866243961271 0.78330 -0.62165 0.00000 -119.29327 -0.62165 -0.78330 0.00000 63.58597 0.00000 -0.00000 -1.00000 0.00000
1635866244210572 0.79777 -0.60296 0.00000 -122.33694 -0.60296 -0.79777 0.00000 60.70780 0.00000 -0.00000 -1.00000 0.00000
1635866244459803 0.81022 -0.58613 0.00000 -125.12525 -0.58613 -0.81022 0.00000 58.10212 0.00000 -0.00000 -1.00000 0.00000
1635866244708781 0.81885 -0.57401 0.00000 -127.53965 -0.57401 -0.81885 0.00000 56.19202 0.00000 -0.00000 -1.00000 0.00000
1635866244958302 0.82828 -0.56031 0.00000 -129.99580 -0.56031 -0.82828 0.00000 54.03002 0.00000 -0.00000 -1.00000 0.00000
1635866245207350 0.83935 -0.54359 0.00000 -132.56311 -0.54359 -0.83935 0.00000 51.36696 0.00000 -0.00000 -1.00000 0.00000
1635866245456341 0.85049 -0.52598 0.00000 -135.11728 -0.52598 -0.85049 0.00000 48.55716 0.00000 -0.00000 -1.00000 0.00000
1635866245705460 0.86063 -0.50924 0.00000 -137.53077 -0.50924 -0.86063 0.00000 45.87344 0.00000 -0.00000 -1.00000 0.00000
1635866245954660 0.87147 -0.49045 0.00000 -139.95374 -0.49045 -0.87147 0.00000 42.83015 0.00000 -0.00000 -1.00000 0.00000
1635866246203602 0.88286 -0.46963 0.00000 -142.36954 -0.46963 -0.88286 0.00000 39.46904 0.00000 -0.00000 -1.00000 0.00000
1635866246452878 0.89403 -0.44801 0.00000 -144.71533 -0.44801 -0.89403 0.00000 35.95963 0.00000 -0.00000 -1.00000 0.00000
1635866246702202 0.90884 -0.41713 0.00000 -147.23359 -0.41713 -0.90884 0.00000 30.92874 0.00000 -0.00000 -1.00000 0.00000
1635866246951021 0.93368 -0.35812 0.00000 -150.20236 -0.35812 -0.93368 0.00000 21.38120 0.00000 -0.00000 -1.00000 0.00000
1635866247200197 0.96319 -0.26883 0.00000 -152.74818 -0.26883 -0.96319 0.00000 7.14004 0.00000 -0.00000 -1.00000 0.00000
1635866247449356 0.98848 -0.15135 0.00000 -153.58164 -0.15135 -0.98848 0.00000 -11.26024 0.00000 -0.00000 -1.00000 0.00000
1635866247698664 0.99994 -0.01095 0.00000 -151.41846 -0.01095 -0.99994 0.00000 -32.71775 0.00000 -0.00000 -1.00000 0.00000
1635866247947771 0.99023 0.13942 0.00000 -145.62619 0.13942 -0.99023 0.00000 -55.08362 0.00000 0.00000 -1.00000 0.00000
1635866248196870 0.95570 0.29433 0.00000 -135.87439 0.29433 -0.95570 0.00000 -77.42998 0.00000 0.00000 -1.00000 0.00000
1635866248446115 0.89400 0.44806 0.00000 -121.99360 0.44806 -0.89400 0.00000 -98.77449 0.00000 0.00000 -1.00000 0.00000
1635866248695245 0.80574 0.59227 0.00000 -104.36110 0.59227 -0.80574 0.00000 -117.87468 0.00000 0.00000 -1.00000 0.00000
1635866248944617 0.69377 0.72020 0.00000 -83.62879 0.72020 -0.69377 0.00000 -133.80969 0.00000 0.00000 -1.00000 0.00000
1635866249193830 0.56558 0.82469 0.00000 -61.16007 0.82469 -0.56558 0.00000 -145.75135 0.00000 0.00000 -1.00000 0.00000
1635866249443131 0.42508 0.90516 0.00000 -37.55290 0.90516 -0.42508 0.00000 -153.67625 0.00000 0.00000 -1.00000 0.00000
1635866249692267 0.27498 0.96145 0.00000 -13.20061 0.96145 -0.27498 0.00000 -157.68345 0.00000 0.00000 -1.00000 0.00000
1635866249941514 0.12026 0.99274 0.00000 11.08691 0.99274 -0.12026 0.00000 -157.77234 0.00000 0.00000 -1.00000 0.00000
1635866250190735 -0.03757 0.99929 0.00000 35.10676 0.99929 0.03757 0.00000 -154.01619 0.00000 0.00000 -1.00000 0.00000
1635866250439821 -0.19617 0.98057 0.00000 58.48936 0.98057 0.19617 0.00000 -146.43610 0.00000 0.00000 -1.00000 0.00000
1635866250689237 -0.35348 0.93544 0.00000 80.87272 0.93544 0.35348 0.00000 -134.92560 0.00000 0.00000 -1.00000 0.00000
1635866250938683 -0.50435 0.86350 0.00000 101.48413 0.86350 0.50435 0.00000 -119.54146 0.00000 0.00000 -1.00000 0.00000
1635866251187799 -0.64591 0.76341 0.00000 119.85865 0.76341 0.64591 0.00000 -100.19531 0.00000 0.00000 -1.00000 0.00000
1635866251436996 -0.77051 0.63743 0.00000 134.89466 0.63743 0.77051 0.00000 -77.47971 0.00000 0.00000 -1.00000 0.00000
1635866251686110 -0.87124 0.49085 0.00000 145.69382 0.49085 0.87124 0.00000 -52.31759 0.00000 0.00000 -1.00000 0.00000
1635866251935641 -0.94170 0.33645 0.00000 151.64238 0.33645 0.94170 0.00000 -26.89396 0.00000 0.00000 -1.00000 0.00000
1635866252184999 -0.98068 0.19564 0.00000 153.11584 0.19564 0.98068 0.00000 -4.49765 0.00000 0.00000 -1.00000 0.00000
1635866252434045 -0.99702 0.07717 0.00000 151.68716 0.07717 0.99702 0.00000 13.82342 0.00000 0.00000 -1.00000 0.00000
1635866252683425 -0.99987 -0.01590 -0.00000 148.84282 -0.01590 0.99987 0.00000 27.85128 0.00000 0.00000 -1.00000 0.00000
1635866252932908 -0.99681 -0.07975 -0.00000 145.82322 -0.07975 0.99681 0.00000 37.31241 0.00000 0.00000 -1.00000 0.00000
1635866253182281 -0.99414 -0.10809 -0.00000 143.70531 -0.10809 0.99414 0.00000 41.44595 0.00000 0.00000 -1.00000 0.00000
1635866253431468 -0.99531 -0.09675 -0.00000 143.09563 -0.09675 0.99531 0.00000 39.79360 0.00000 0.00000 -1.00000 0.00000
1635866253680805 -0.99828 -0.05866 -0.00000 143.36533 -0.05866 0.99828 0.00000 34.28872 0.00000 0.00000 -1.00000 0.00000
1635866253930052 -0.99999 -0.00459 -0.00000 143.82776 -0.00459 0.99999 0.00000 26.46852 0.00000 0.00000 -1.00000 0.00000
1635866254179348 -0.99801 0.06299 0.00000 144.06479 0.06299 0.99801 0.00000 16.67399 0.00000 0.00000 -1.00000 0.00000
1635866254428504 -0.99108 0.13329 0.00000 143.61153 0.13329 0.99108 0.00000 6.43755 0.00000 0.00000 -1.00000 0.00000
1635866254677417 -0.97868 0.20540 0.00000 142.38065 0.20540 0.97868 0.00000 -4.10330 0.00000 0.00000 -1.00000 0.00000
1635866254926413 -0.96156 0.27460 0.00000 140.35836 0.27460 0.96156 0.00000 -14.25989 0.00000 0.00000 -1.00000 0.00000
1635866255175210 -0.94210 0.33532 0.00000 137.74780 0.33532 0.94210 0.00000 -23.19510 0.00000 0.00000 -1.00000 0.00000
1635866255424163 -0.92089 0.38983 0.00000 134.69242 0.38983 0.92089 0.00000 -31.22161 0.00000 0.00000 -1.00000 0.00000
1635866255673696 -0.89605 0.44396 0.00000 131.08350 0.44396 0.89605 0.00000 -39.19068 0.00000 0.00000 -1.00000 0.00000
1635866255922804 -0.86868 0.49537 0.00000 127.03020 0.49537 0.86868 0.00000 -46.77002 0.00000 0.00000 -1.00000 0.00000
1635866256171894 -0.83866 0.54466 0.00000 122.50761 0.54466 0.83866 0.00000 -54.04735 0.00000 0.00000 -1.00000 0.00000
1635866256421138 -0.80909 0.58769 0.00000 117.87579 0.58769 0.80909 0.00000 -60.40119 0.00000 0.00000 -1.00000 0.00000
1635866256670368 -0.78235 0.62284 0.00000 113.40087 0.62284 0.78235 0.00000 -65.58053 0.00000 0.00000 -1.00000 0.00000
1635866256919774 -0.75655 0.65394 0.00000 108.92092 0.65394 0.75655 0.00000 -70.11732 0.00000 0.00000 -1.00000 0.00000
1635866257169012 -0.72696 0.68668 0.00000 103.97554 0.68668 0.72696 0.00000 -74.86498 0.00000 0.00000 -1.00000 0.00000
1635866257417927 -0.69613 0.71791 0.00000 98.78879 0.71791 0.69613 0.00000 -79.34235 0.00000 0.00000 -1.00000 0.00000
1635866257667315 -0.66166 0.74980 0.00000 93.08511 0.74980 0.66166 0.00000 -83.90674 0.00000 0.00000 -1.00000 0.00000
1635866257916296 -0.62934 0.77713 0.00000 87.56564 0.77713 0.62934 0.00000 -87.79010 0.00000 0.00000 -1.00000 0.00000
1635866258165380 -0.59804 0.80147 0.00000 82.10117 0.80147 0.59804 0.00000 -91.23888 0.00000 0.00000 -1.00000 0.00000
1635866258414524 -0.57528 0.81795 0.00000 77.53687 0.81795 0.57528 0.00000 -93.55208 0.00000 0.00000 -1.00000 0.00000
1635866258663676 -0.55658 0.83080 0.00000 73.45179 0.83080 0.55658 0.00000 -95.32202 0.00000 0.00000 -1.00000 0.00000
1635866258912998 -0.54219 0.84025 0.00000 69.84589 0.84025 0.54219 0.00000 -96.60091 0.00000 0.00000 -1.00000 0.00000
1635866259161967 -0.53098 0.84738 0.00000 66.61142 0.84738 0.53098 0.00000 -97.56139 0.00000 0.00000 -1.00000 0.00000
1635866259411252 -0.52941 0.84837 0.00000 64.49150 0.84837 0.52941 0.00000 -97.73494 0.00000 0.00000 -1.00000 0.00000
1635866259660671 -0.53219 0.84663 0.00000 62.88185 0.84663 0.53219 0.00000 -97.56942 0.00000 0.00000 -1.00000 0.00000
1635866259909692 -0.53929 0.84212 0.00000 61.78889 0.84212 0.53929 0.00000 -97.08930 0.00000 0.00000 -1.00000 0.00000
1635866260158844 -0.55267 0.83340 0.00000 61.43645 0.83340 0.55267 0.00000 -96.15357 0.00000 0.00000 -1.00000 0.00000
1635866260408133 -0.57514 0.81805 0.00000 62.14842 0.81805 0.57514 0.00000 -94.50766 0.00000 0.00000 -1.00000 0.00000
1635866260657579 -0.60442 0.79666 0.00000 63.65921 0.79666 0.60442 0.00000 -92.25836 0.00000 0.00000 -1.00000 0.00000
1635866260906790 -0.64223 0.76651 0.00000 66.18456 0.76651 0.64223 0.00000 -89.14989 0.00000 0.00000 -1.00000 0.00000
1635866261155891 -0.68637 0.72725 0.00000 69.49165 0.72725 0.68637 0.00000 -85.15445 0.00000 0.00000 -1.00000 0.00000
1635866261405206 -0.73449 0.67861 0.00000 73.36721 0.67861 0.73449 0.00000 -80.28459 0.00000 0.00000 -1.00000 0.00000
1635866261654382 -0.78313 0.62185 0.00000 77.35223 0.62185 0.78313 0.00000 -74.65019 0.00000 0.00000 -1.00000 0.00000
1635866261903610 -0.82829 0.56030 0.00000 81.04336 0.56030 0.82829 0.00000 -68.61491 0.00000 0.00000 -1.00000 0.00000
1635866262152519 -0.86812 0.49636 0.00000 84.22927 0.49636 0.86812 0.00000 -62.38160 0.00000 0.00000 -1.00000 0.00000
1635866262401922 -0.90345 0.42869 0.00000 86.99547 0.42869 0.90345 0.00000 -55.85137 0.00000 0.00000 -1.00000 0.00000
1635866262650829 -0.93307 0.35970 0.00000 89.19211 0.35970 0.93307 0.00000 -49.23717 0.00000 0.00000 -1.00000 0.00000
1635866262900259 -0.95640 0.29206 0.00000 90.72180 0.29206 0.95640 0.00000 -42.79713 0.00000 0.00000 -1.00000 0.00000
1635866263149736 -0.97383 0.22729 0.00000 91.62967 0.22729 0.97383 0.00000 -36.68960 0.00000 0.00000 -1.00000 0.00000
1635866263398881 -0.98594 0.16710 0.00000 91.94371 0.16710 0.98594 0.00000 -31.04157 0.00000 0.00000 -1.00000 0.00000
1635866263648224 -0.99347 0.11408 0.00000 91.69945 0.11408 0.99347 0.00000 -26.14770 0.00000 0.00000 -1.00000 0.00000
1635866263897207 -0.99801 0.06299 0.00000 91.13161 0.06299 0.99801 0.00000 -21.45896 0.00000 0.00000 -1.00000 0.00000
1635866264146372 -0.99989 0.01512 0.00000 90.25150 0.01512 0.99989 0.00000 -17.13330 0.00000 0.00000 -1.00000 0.00000
1635866264395737 -0.99950 -0.03168 -0.00000 89.10148 -0.03168 0.99950 0.00000 -12.93820 0.00000 0.00000 -1.00000 0.00000
1635866264645143 -0.99742 -0.07173 -0.00000 87.63284 -0.07173 0.99742 0.00000 -9.41009 0.00000 0.00000 -1.00000 0.00000
1635866264894437 -0.99434 -0.10626 -0.00000 85.97060 -0.10626 0.99434 0.00000 -6.41996 0.00000 0.00000 -1.00000 0.00000
1635866265143954 -0.99055 -0.13715 -0.00000 84.15894 -0.13715 0.99055 0.00000 -3.79723 0.00000 0.00000 -1.00000 0.00000
1635866265393349 -0.98671 -0.16250 -0.00000 82.22886 -0.16250 0.98671 0.00000 -1.68748 0.00000 0.00000 -1.00000 0.00000
1635866265642843 -0.98380 -0.17927 -0.00000 80.18458 -0.17927 0.98380 0.00000 -0.33382 0.00000 0.00000 -1.00000 0.00000
1635866265892019 -0.98117 -0.19317 -0.00000 78.10558 -0.19317 0.98117 0.00000 0.76591 0.00000 0.00000 -1.00000 0.00000
1635866266141238 -0.97850 -0.20624 -0.00000 75.99378 -0.20624 0.97850 0.00000 1.75842 0.00000 0.00000 -1.00000 0.00000
1635866266390279 -0.97576 -0.21886 -0.00000 73.82314 -0.21886 0.97576 0.00000 2.68785 0.00000 0.00000 -1.00000 0.00000
1635866266639667 -0.97302 -0.23070 -0.00000 71.64226 -0.23070 0.97302 0.00000 3.53017 0.00000 0.00000 -1.00000 0.00000
1635866266888916 -0.97020 -0.24230 -0.00000 69.46377 -0.24230 0.97020 0.00000 4.33820 0.00000 0.00000 -1.00000 0.00000
1635866267138051 -0.96733 -0.25351 -0.00000 67.30388 -0.25351 0.96733 0.00000 5.08514 0.00000 0.00000 -1.00000 0.00000
1635866267387222 -0.96458 -0.26380 -0.00000 65.16749 -0.26380 0.96458 0.00000 5.76347 0.00000 0.00000 -1.00000 0.00000
1635866267636554 -0.96278 -0.27030 -0.00000 63.05751 -0.27030 0.96278 0.00000 6.17312 0.00000 0.00000 -1.00000 0.00000
1635866267885837 -0.96190 -0.27340 -0.00000 60.99225 -0.27340 0.96190 0.00000 6.33895 0.00000 0.00000 -1.00000 0.00000
1635866268134922 -0.96126 -0.27565 -0.00000 58.94024 -0.27565 0.96126 0.00000 6.43191 0.00000 0.00000 -1.00000 0.00000
1635866268384366 -0.96067 -0.27770 -0.00000 56.91852 -0.27770 0.96067 0.00000 6.50806 0.00000 0.00000 -1.00000 0.00000
1635866268633677 -0.95997 -0.28010 -0.00000 54.89386 -0.28010 0.95997 0.00000 6.59387 0.00000 0.00000 -1.00000 0.00000
1635866268882992 -0.95909 -0.28309 -0.00000 52.90432 -0.28309 0.95909 0.00000 6.72287 0.00000 0.00000 -1.00000 0.00000
1635866269132463 -0.95904 -0.28326 -0.00000 50.95058 -0.28326 0.95904 0.00000 6.68057 0.00000 0.00000 -1.00000 0.00000
1635866269381757 -0.95886 -0.28387 -0.00000 48.99219 -0.28387 0.95886 0.00000 6.67837 0.00000 0.00000 -1.00000 0.00000
1635866269631046 -0.95932 -0.28232 -0.00000 47.09003 -0.28232 0.95932 0.00000 6.57793 0.00000 0.00000 -1.00000 0.00000
1635866269880207 -0.96152 -0.27475 -0.00000 45.22562 -0.27475 0.96152 0.00000 6.18867 0.00000 0.00000 -1.00000 0.00000
1635866270129614 -0.96526 -0.26129 -0.00000 43.41306 -0.26129 0.96526 0.00000 5.51879 0.00000 0.00000 -1.00000 0.00000
1635866270378895 -0.96894 -0.24731 -0.00000 41.60694 -0.24731 0.96894 0.00000 4.84823 0.00000 0.00000 -1.00000 0.00000
1635866270627998 -0.97294 -0.23106 -0.00000 39.80638 -0.23106 0.97294 0.00000 4.14671 0.00000 0.00000 -1.00000 0.00000
1635866270877331 -0.97725 -0.21207 -0.00000 38.04384 -0.21207 0.97725 0.00000 3.34113 0.00000 0.00000 -1.00000 0.00000
1635866271126332 -0.98225 -0.18755 -0.00000 36.31175 -0.18755 0.98225 0.00000 2.35080 0.00000 0.00000 -1.00000 0.00000
1635866271375567 -0.98453 -0.17524 -0.00000 34.49266 -0.17524 0.98453 0.00000 1.83671 0.00000 0.00000 -1.00000 0.00000
1635866271624830 -0.98490 -0.17310 -0.00000 32.70401 -0.17310 0.98490 0.00000 1.74639 0.00000 0.00000 -1.00000 0.00000
1635866271874106 -0.98460 -0.17483 -0.00000 30.93204 -0.17483 0.98460 0.00000 1.75035 0.00000 0.00000 -1.00000 0.00000
1635866272123184 -0.98495 -0.17281 -0.00000 29.10761 -0.17281 0.98495 0.00000 1.65030 0.00000 0.00000 -1.00000 0.00000
1635866272372781 -0.98625 -0.16526 -0.00000 27.38275 -0.16526 0.98625 0.00000 1.38755 0.00000 0.00000 -1.00000 0.00000
1635866272621963 -0.98809 -0.15388 -0.00000 25.62689 -0.15388 0.98809 0.00000 1.02726 0.00000 0.00000 -1.00000 0.00000
1635866272871102 -0.98950 -0.14456 -0.00000 23.86936 -0.14456 0.98950 0.00000 0.75765 0.00000 0.00000 -1.00000 0.00000
1635866273120443 -0.99092 -0.13442 -0.00000 22.12327 -0.13442 0.99092 0.00000 0.47243 0.00000 0.00000 -1.00000 0.00000
1635866273369607 -0.99214 -0.12517 -0.00000 20.35792 -0.12517 0.99214 0.00000 0.23022 0.00000 0.00000 -1.00000 0.00000
1635866273618940 -0.99297 -0.11840 -0.00000 18.59924 -0.11840 0.99297 0.00000 0.04893 0.00000 0.00000 -1.00000 0.00000
1635866273868118 -0.99319 -0.11650 -0.00000 16.84174 -0.11650 0.99319 0.00000 -0.03066 0.00000 0.00000 -1.00000 0.00000
1635866274117381 -0.99281 -0.11969 -0.00000 15.06577 -0.11969 0.99281 0.00000 -0.02109 0.00000 0.00000 -1.00000 0.00000
1635866274366657 -0.99229 -0.12390 -0.00000 13.34268 -0.12390 0.99229 0.00000 -0.00224 0.00000 0.00000 -1.00000 0.00000
1635866274615847 -0.99168 -0.12876 -0.00000 11.56449 -0.12876 0.99168 0.00000 0.01548 0.00000 0.00000 -1.00000 0.00000
1635866274865376 -0.99098 -0.13398 -0.00000 9.82024 -0.13398 0.99098 0.00000 0.04576 0.00000 0.00000 -1.00000 0.00000
1635866275114226 -0.99016 -0.13997 -0.00000 8.08791 -0.13997 0.99016 0.00000 0.07282 0.00000 0.00000 -1.00000 0.00000
1635866275363636 -0.98938 -0.14537 -0.00000 6.33381 -0.14537 0.98938 0.00000 0.11228 0.00000 0.00000 -1.00000 0.00000
1635866275613071 -0.98857 -0.15076 -0.00000 4.61689 -0.15076 0.98857 0.00000 0.13135 0.00000 0.00000 -1.00000 0.00000
1635866275862042 -0.98794 -0.15483 -0.00000 2.88411 -0.15483 0.98794 0.00000 0.13207 0.00000 0.00000 -1.00000 0.00000
1635866276111219 -0.98732 -0.15873 -0.00000 1.16664 -0.15873 0.98732 0.00000 0.11354 0.00000 0.00000 -1.00000 0.00000
1635866276360214 -0.98655 -0.16343 -0.00000 -0.55359 -0.16343 0.98655 0.00000 0.08534 0.00000 0.00000 -1.00000 0.00000
1635866276609144 -0.98574 -0.16828 -0.00000 -2.29493 -0.16828 0.98574 0.00000 0.04752 0.00000 0.00000 -1.00000 0.00000
1635866276858313 -0.98492 -0.17300 -0.00000 -4.04383 -0.17300 0.98492 0.00000 0.00357 0.00000 0.00000 -1.00000 0.00000
1635866277107018 -0.98345 -0.18117 -0.00000 -5.80430 -0.18117 0.98345 0.00000 -0.08218 0.00000 0.00000 -1.00000 0.00000
1635866277356374 -0.98182 -0.18982 -0.00000 -7.59550 -0.18982 0.98182 0.00000 -0.18186 0.00000 0.00000 -1.00000 0.00000
1635866277605714 -0.97987 -0.19963 -0.00000 -9.41199 -0.19963 0.97987 0.00000 -0.29587 0.00000 0.00000 -1.00000 0.00000
1635866277854948 -0.97791 -0.20904 -0.00000 -11.25278 -0.20904 0.97791 0.00000 -0.41070 0.00000 0.00000 -1.00000 0.00000
1635866278104234 -0.97630 -0.21642 -0.00000 -13.08526 -0.21642 0.97630 0.00000 -0.49721 0.00000 0.00000 -1.00000 0.00000
1635866278353621 -0.97557 -0.21969 -0.00000 -14.98847 -0.21969 0.97557 0.00000 -0.57846 0.00000 0.00000 -1.00000 0.00000
1635866278603060 -0.97547 -0.22013 -0.00000 -16.90620 -0.22013 0.97547 0.00000 -0.62935 0.00000 0.00000 -1.00000 0.00000
1635866278852226 -0.97506 -0.22195 -0.00000 -18.83159 -0.22195 0.97506 0.00000 -0.72074 0.00000 0.00000 -1.00000 0.00000
1635866279101509 -0.97507 -0.22188 -0.00000 -20.80858 -0.22188 0.97507 0.00000 -0.76970 0.00000 0.00000 -1.00000 0.00000
1635866279350929 -0.97530 -0.22090 -0.00000 -22.80681 -0.22090 0.97530 0.00000 -0.80679 0.00000 0.00000 -1.00000 0.00000
1635866279600297 -0.97646 -0.21568 -0.00000 -24.82850 -0.21568 0.97646 0.00000 -0.74360 0.00000 0.00000 -1.00000 0.00000
1635866279849220 -0.97734 -0.21166 -0.00000 -26.85827 -0.21166 0.97734 0.00000 -0.70563 0.00000 0.00000 -1.00000 0.00000
1635866280098124 -0.97807 -0.20826 -0.00000 -28.91768 -0.20826 0.97807 0.00000 -0.65540 0.00000 0.00000 -1.00000 0.00000
1635866280347436 -0.97846 -0.20642 -0.00000 -30.98429 -0.20642 0.97846 0.00000 -0.62122 0.00000 0.00000 -1.00000 0.00000
1635866280596457 -0.97894 -0.20414 -0.00000 -33.04120 -0.20414 0.97894 0.00000 -0.57019 0.00000 0.00000 -1.00000 0.00000
1635866280845463 -0.97886 -0.20452 -0.00000 -35.11930 -0.20452 0.97886 0.00000 -0.61191 0.00000 0.00000 -1.00000 0.00000
1635866281094834 -0.97814 -0.20794 -0.00000 -37.17334 -0.20794 0.97814 0.00000 -0.77405 0.00000 0.00000 -1.00000 0.00000
1635866281343856 -0.97703 -0.21309 -0.00000 -39.17860 -0.21309 0.97703 0.00000 -1.00729 0.00000 0.00000 -1.00000 0.00000
1635866281593125 -0.97621 -0.21684 -0.00000 -41.20345 -0.21684 0.97621 0.00000 -1.19941 0.00000 0.00000 -1.00000 0.00000
1635866281842525 -0.97648 -0.21563 -0.00000 -43.19109 -0.21563 0.97648 0.00000 -1.17907 0.00000 0.00000 -1.00000 0.00000
1635866282091963 -0.97754 -0.21075 -0.00000 -45.14827 -0.21075 0.97754 0.00000 -1.01589 0.00000 0.00000 -1.00000 0.00000
1635866282341131 -0.97840 -0.20671 -0.00000 -47.11001 -0.20671 0.97840 0.00000 -0.87856 0.00000 0.00000 -1.00000 0.00000
1635866282590178 -0.97960 -0.20094 -0.00000 -49.01507 -0.20094 0.97960 0.00000 -0.63923 0.00000 0.00000 -1.00000 0.00000
1635866282838886 -0.98113 -0.19334 -0.00000 -50.90728 -0.19334 0.98113 0.00000 -0.29785 0.00000 0.00000 -1.00000 0.00000
1635866283088080 -0.98206 -0.18856 -0.00000 -52.79049 -0.18856 0.98206 0.00000 -0.09450 0.00000 0.00000 -1.00000 0.00000
1635866283337282 -0.98298 -0.18369 -0.00000 -54.63400 -0.18369 0.98298 0.00000 0.13381 0.00000 0.00000 -1.00000 0.00000
1635866283586481 -0.98288 -0.18426 -0.00000 -56.44527 -0.18426 0.98288 0.00000 0.06830 0.00000 0.00000 -1.00000 0.00000
1635866283835947 -0.98302 -0.18349 -0.00000 -58.22319 -0.18349 0.98302 0.00000 0.08285 0.00000 0.00000 -1.00000 0.00000
1635866284085119 -0.98324 -0.18230 -0.00000 -59.96966 -0.18230 0.98324 0.00000 0.12474 0.00000 0.00000 -1.00000 0.00000
1635866284334362 -0.98355 -0.18063 -0.00000 -61.67361 -0.18063 0.98355 0.00000 0.18581 0.00000 0.00000 -1.00000 0.00000
1635866284583468 -0.98434 -0.17627 -0.00000 -63.34437 -0.17627 0.98434 0.00000 0.42262 0.00000 0.00000 -1.00000 0.00000
1635866284832647 -0.98571 -0.16844 -0.00000 -64.97179 -0.16844 0.98571 0.00000 0.90598 0.00000 0.00000 -1.00000 0.00000
1635866285082113 -0.98716 -0.15976 -0.00000 -66.54242 -0.15976 0.98716 0.00000 1.44824 0.00000 0.00000 -1.00000 0.00000
1635866285331278 -0.98901 -0.14785 -0.00000 -68.05879 -0.14785 0.98901 0.00000 2.23857 0.00000 0.00000 -1.00000 0.00000
1635866285580578 -0.99098 -0.13405 -0.00000 -69.53756 -0.13405 0.99098 0.00000 3.16624 0.00000 0.00000 -1.00000 0.00000
1635866285829910 -0.99280 -0.11976 -0.00000 -70.94165 -0.11976 0.99280 0.00000 4.13624 0.00000 0.00000 -1.00000 0.00000
1635866286079034 -0.99462 -0.10360 -0.00000 -72.23753 -0.10360 0.99462 0.00000 5.26315 0.00000 0.00000 -1.00000 0.00000
1635866286328358 -0.99610 -0.08821 -0.00000 -73.42575 -0.08821 0.99610 0.00000 6.35363 0.00000 0.00000 -1.00000 0.00000
1635866286577537 -0.99726 -0.07403 -0.00000 -74.55152 -0.07403 0.99726 0.00000 7.36909 0.00000 0.00000 -1.00000 0.00000
1635866286826586 -0.99841 -0.05638 -0.00000 -75.60689 -0.05638 0.99841 0.00000 8.64804 0.00000 0.00000 -1.00000 0.00000
1635866287075876 -0.99944 -0.03356 -0.00000 -76.54535 -0.03356 0.99944 0.00000 10.37916 0.00000 0.00000 -1.00000 0.00000
1635866287325390 -1.00000 0.00158 0.00000 -77.26832 0.00158 1.00000 0.00000 13.02560 0.00000 0.00000 -1.00000 0.00000
1635866287574592 -0.99888 0.04737 0.00000 -77.74276 0.04737 0.99888 0.00000 16.52992 0.00000 0.00000 -1.00000 0.00000
1635866287823936 -0.99495 0.10038 0.00000 -77.90383 0.10038 0.99495 0.00000 20.63833 0.00000 0.00000 -1.00000 0.00000
1635866288073002 -0.98749 0.15770 0.00000 -77.72748 0.15770 0.98749 0.00000 25.06682 0.00000 0.00000 -1.00000 0.00000
1635866288322232 -0.97572 0.21901 0.00000 -77.17446 0.21901 0.97572 0.00000 29.84525 0.00000 0.00000 -1.00000 0.00000
1635866288571434 -0.95901 0.28336 0.00000 -76.19821 0.28336 0.95901 0.00000 34.92632 0.00000 0.00000 -1.00000 0.00000
1635866288820807 -0.93746 0.34809 0.00000 -74.80438 0.34809 0.93746 0.00000 39.97936 0.00000 0.00000 -1.00000 0.00000
1635866289070450 -0.90812 0.41870 0.00000 -72.65411 0.41870 0.90812 0.00000 45.54285 0.00000 0.00000 -1.00000 0.00000
1635866289319237 -0.87380 0.48629 0.00000 -70.12090 0.48629 0.87380 0.00000 50.92183 0.00000 0.00000 -1.00000 0.00000
1635866289568592 -0.83421 0.55145 0.00000 -67.18963 0.55145 0.83421 0.00000 56.02093 0.00000 0.00000 -1.00000 0.00000
1635866289817554 -0.78669 0.61735 0.00000 -63.58989 0.61735 0.78669 0.00000 61.29170 0.00000 0.00000 -1.00000 0.00000
1635866290066776 -0.73728 0.67559 0.00000 -59.92498 0.67559 0.73728 0.00000 65.91502 0.00000 0.00000 -1.00000 0.00000
1635866290316066 -0.68186 0.73148 0.00000 -55.78823 0.73148 0.68186 0.00000 70.38981 0.00000 0.00000 -1.00000 0.00000
1635866290565169 -0.62557 0.78017 0.00000 -51.66765 0.78017 0.62557 0.00000 74.35863 0.00000 0.00000 -1.00000 0.00000
1635866290814483 -0.56818 0.82291 0.00000 -47.54936 0.82291 0.56818 0.00000 77.83696 0.00000 0.00000 -1.00000 0.00000
1635866291063483 -0.51334 0.85819 0.00000 -43.74184 0.85819 0.51334 0.00000 80.73716 0.00000 0.00000 -1.00000 0.00000
1635866291312963 -0.45413 0.89094 0.00000 -39.57679 0.89094 0.45413 0.00000 83.52634 0.00000 0.00000 -1.00000 0.00000
1635866291562287 -0.40240 0.91546 0.00000 -36.16742 0.91546 0.40240 0.00000 85.63031 0.00000 0.00000 -1.00000 0.00000
1635866291811423 -0.35621 0.93441 0.00000 -33.31619 0.93441 0.35621 0.00000 87.30779 0.00000 0.00000 -1.00000 0.00000
1635866292060014 -0.32885 0.94438 0.00000 -32.27510 0.94438 0.32885 0.00000 88.22776 0.00000 0.00000 -1.00000 0.00000
1635866292309477 -0.30603 0.95202 0.00000 -31.69260 0.95202 0.30603 0.00000 88.94582 0.00000 0.00000 -1.00000 0.00000
1635866292558468 -0.28747 0.95779 0.00000 -31.53555 0.95779 0.28747 0.00000 89.54763 0.00000 0.00000 -1.00000 0.00000
1635866292807816 -0.27446 0.96160 0.00000 -31.88639 0.96160 0.27446 0.00000 89.92659 0.00000 0.00000 -1.00000 0.00000
1635866293057132 -0.25793 0.96616 0.00000 -31.94312 0.96616 0.25793 0.00000 90.44857 0.00000 0.00000 -1.00000 0.00000
1635866293306380 -0.24608 0.96925 0.00000 -32.46558 0.96925 0.24608 0.00000 90.80445 0.00000 0.00000 -1.00000 0.00000
1635866293555258 -0.24188 0.97031 0.00000 -33.67081 0.97031 0.24188 0.00000 90.90089 0.00000 0.00000 -1.00000 0.00000
1635866293804326 -0.24402 0.96977 0.00000 -35.56240 0.96977 0.24402 0.00000 90.80227 0.00000 0.00000 -1.00000 0.00000
1635866294053778 -0.24651 0.96914 0.00000 -37.42211 0.96914 0.24651 0.00000 90.67104 0.00000 0.00000 -1.00000 0.00000
1635866294303083 -0.24760 0.96886 0.00000 -39.18491 0.96886 0.24760 0.00000 90.58766 0.00000 0.00000 -1.00000 0.00000
1635866294552606 -0.25192 0.96775 0.00000 -41.38534 0.96775 0.25192 0.00000 90.37607 0.00000 0.00000 -1.00000 0.00000
1635866294801637 -0.25427 0.96713 0.00000 -43.34267 0.96713 0.25427 0.00000 90.21890 0.00000 0.00000 -1.00000 0.00000
1635866295050573 -0.25511 0.96691 0.00000 -45.25254 0.96691 0.25511 0.00000 90.15969 0.00000 0.00000 -1.00000 0.00000
1635866295299796 -0.25687 0.96645 0.00000 -47.24902 0.96645 0.25687 0.00000 90.03571 0.00000 0.00000 -1.00000 0.00000
1635866295548666 -0.25703 0.96640 0.00000 -49.08605 0.96640 0.25703 0.00000 90.00370 0.00000 0.00000 -1.00000 0.00000
1635866295798052 -0.25485 0.96698 0.00000 -50.70893 0.96698 0.25485 0.00000 90.07492 0.00000 0.00000 -1.00000 0.00000
1635866296047502 -0.25438 0.96710 0.00000 -52.47346 0.96710 0.25438 0.00000 90.06098 0.00000 0.00000 -1.00000 0.00000
1635866296296662 -0.25441 0.96710 0.00000 -54.25933 0.96710 0.25441 0.00000 90.01954 0.00000 0.00000 -1.00000 0.00000
1635866296545870 -0.25420 0.96715 0.00000 -56.03012 0.96715 0.25420 0.00000 89.99438 0.00000 0.00000 -1.00000 0.00000
1635866296795044 -0.25402 0.96720 0.00000 -57.78545 0.96720 0.25402 0.00000 89.95721 0.00000 0.00000 -1.00000 0.00000
1635866297044193 -0.25391 0.96723 0.00000 -59.51866 0.96723 0.25391 0.00000 89.92092 0.00000 0.00000 -1.00000 0.00000
1635866297293152 -0.25493 0.96696 0.00000 -61.36632 0.96696 0.25493 0.00000 89.82093 0.00000 0.00000 -1.00000 0.00000
1635866297542263 -0.25394 0.96722 0.00000 -63.01614 0.96722 0.25394 0.00000 89.85438 0.00000 0.00000 -1.00000 0.00000
1635866297791295 -0.24970 0.96832 0.00000 -64.34165 0.96832 0.24970 0.00000 90.10414 0.00000 0.00000 -1.00000 0.00000
