1. 0. 0. 0. 0. -1. -0. 0. 0. 0. -1. 0.
1. -0.002 -0. -0.012 -0.002 -1. -0. 0.001 0. 0. -1. 0.
1. -0.000 -0. -0.015 -0.000 -1. -0. -0.010 0. 0. -1. 0.
1. 0.000 0. -0.019 0.000 -1. -0. -0.017 0. 0. -1. 0.
1. 0.001 0. -0.005 0.001 -1. -0. -0.011 0. 0. -1. 0.
1. -0.001 -0. 0.004 -0.001 -1. -0. -0.001 0. 0. -1. 0.
1. 0.005 0. 0.003 0.005 -1. -0. -0.002 0. 0. -1. 0.
1. 0.004 0. -0.002 0.004 -1. -0. -0.009 0. 0. -1. 0.
1. 0.004 0. -0.010 0.004 -1. -0. -0.007 0. 0. -1. 0.
1. 0.001 0. 0.004 0.001 -1. -0. -0.029 0. 0. -1. 0.
1. -0.001 -0. -0.019 -0.001 -1. -0. 0.006 0. 0. -1. 0.
1. -0.006 -0. -0.023 -0.006 -1. -0. -0.005 0. 0. -1. 0.
1. -0.002 -0. -0.025 -0.002 -1. -0. -0.001 0. 0. -1. 0.
1. -0.002 -0. -0.017 -0.002 -1. -0. -0.000 0. 0. -1. 0.
1. -0.000 -0. -0.007 -0.000 -1. -0. -0.008 0. 0. -1. 0.
1. -0. -0. -0.007 -0. -1. -0. -0.006 0. 0. -1. 0.
1. -0.001 -0. 0.003 -0.001 -1. -0. -0.024 0. 0. -1. 0.
1. -0.003 -0. 0.014 -0.003 -1. -0. 0.002 0. 0. -1. 0.
1. -0.004 -0. -0.025 -0.004 -1. -0. -0.006 0. 0. -1. 0.
1. 0.001 0. -0.016 0.001 -1. -0. -0.011 0. 0. -1. 0.
1. 0.001 0. 0.014 0.001 -1. -0. 0.002 0. 0. -1. 0.
1. -0.001 -0. -0.015 -0.001 -1. -0. -0.006 0. 0. -1. 0.
1. -0.002 -0. -0.014 -0.002 -1. -0. 0.004 0. 0. -1. 0.
1. -0.005 -0. 0.007 -0.005 -1. -0. -0.018 0. 0. -1. 0.
1. -0.001 -0. 0.021 -0.001 -1. -0. -0.016 0. 0. -1. 0.
1. -0.003 -0. 0.018 -0.003 -1. -0. -0.010 0. 0. -1. 0.
1. -0.004 -0. -0.029 -0.004 -1. -0. 0.004 0. 0. -1. 0.
1. -0.001 -0. -0.023 -0.001 -1. -0. -0.013 0. 0. -1. 0.
1. 0.004 0. 0.008 0.004 -1. -0. -0.002 0. 0. -1. 0.
1. 0.002 0. 0.003 0.002 -1. -0. 0.003 0. 0. -1. 0.
1. -0.001 -0. -0.003 -0.001 -1. -0. -0.002 0. 0. -1. 0.
1. 0.003 0. -0.007 0.003 -1. -0. -0.020 0. 0. -1. 0.
1. 0.002 0. -0.002 0.002 -1. -0. 0.004 0. 0. -1. 0.
1. 0.002 0. 0.011 0.002 -1. -0. 0.018 0. 0. -1. 0.
1. -0. -0. -0.014 -0. -1. -0. -0.009 0. 0. -1. 0.
1. -0.002 -0. -0.022 -0.002 -1. -0. -0.016 0. 0. -1. 0.
1. 0.000 0. -0.011 0.000 -1. -0. -0.014 0. 0. -1. 0.
1. 0.002 0. -0.006 0.002 -1. -0. -0.006 0. 0. -1. 0.
1. 0.003 0. 0.002 0.003 -1. -0. -0.000 0. 0. -1. 0.
1. 0.001 0. -0.005 0.001 -1. -0. 0.002 0. 0. -1. 0.
1. 0.001 0. -0.011 0.001 -1. -0. -0.012 0. 0. -1. 0.
1. 0.003 0. -0.007 0.003 -1. -0. -0.001 0. 0. -1. 0.
1. 0.004 0. -0.008 0.004 -1. -0. -0.007 0. 0. -1. 0.
1. 0.004 0. 0.005 0.004 -1. -0. -0.002 0. 0. -1. 0.
1. 0.001 0. 0.002 0.001 -1. -0. -0.017 0. 0. -1. 0.
1. 0.005 0. -0.009 0.005 -1. -0. -0.012 0. 0. -1. 0.
1. 0.002 0. 0.020 0.002 -1. -0. 0.002 0. 0. -1. 0.
1. -0.002 -0. -0.011 -0.002 -1. -0. 0.001 0. 0. -1. 0.
1. -0.003 -0. 0.033 -0.003 -1. -0. 0.010 0. 0. -1. 0.
1. -0.002 -0. 0.133 -0.002 -1. -0. 0.018 0. 0. -1. 0.
1. -0.010 -0. 0.308 -0.010 -1. -0. -0.001 0. 0. -1. 0.
1.000 -0.020 -0. 0.599 -0.020 -1.000 -0. -0.021 0. 0. -1. 0.
0.999 -0.032 -0. 0.988 -0.032 -0.999 -0. -0.063 0. 0. -1. 0.
0.998 -0.060 -0. 1.443 -0.060 -0.998 -0. -0.115 0. 0. -1. 0.
0.997 -0.082 -0. 1.984 -0.082 -0.997 -0. -0.137 0. 0. -1. 0.
0.995 -0.100 -0. 2.659 -0.100 -0.995 -0. -0.312 0. 0. -1. 0.
0.993 -0.116 -0. 3.455 -0.116 -0.993 -0. -0.334 0. 0. -1. 0.
0.993 -0.114 -0. 4.284 -0.114 -0.993 -0. -0.517 0. 0. -1. 0.
0.994 -0.110 -0. 5.256 -0.110 -0.994 -0. -0.564 0. 0. -1. 0.
0.994 -0.106 -0. 6.280 -0.106 -0.994 -0. -0.620 0. 0. -1. 0.
0.995 -0.099 -0. 7.361 -0.099 -0.995 -0. -0.821 0. 0. -1. 0.
0.996 -0.094 -0. 8.543 -0.094 -0.996 -0. -1.018 0. 0. -1. 0.
0.997 -0.080 -0. 9.725 -0.080 -0.997 -0. -1.130 0. 0. -1. 0.
0.997 -0.073 -0. 11.007 -0.073 -0.997 -0. -1.256 0. 0. -1. 0.
0.998 -0.070 -0. 12.307 -0.070 -0.998 -0. -1.284 0. 0. -1. 0.
0.998 -0.061 -0. 13.690 -0.061 -0.998 -0. -1.352 0. 0. -1. 0.
0.999 -0.049 -0. 15.083 -0.049 -0.999 -0. -1.596 0. 0. -1. 0.
0.999 -0.053 -0. 16.658 -0.053 -0.999 -0. -1.628 0. 0. -1. 0.
0.999 -0.051 -0. 18.198 -0.051 -0.999 -0. -1.738 0. 0. -1. 0.
0.999 -0.043 -0. 19.907 -0.043 -0.999 -0. -1.773 0. 0. -1. 0.
0.999 -0.042 -0. 21.574 -0.042 -0.999 -0. -1.870 0. 0. -1. 0.
0.999 -0.039 -0. 23.310 -0.039 -0.999 -0. -2.083 0. 0. -1. 0.
0.999 -0.033 -0. 25.148 -0.033 -0.999 -0. -2.166 0. 0. -1. 0.
1.000 -0.022 -0. 26.970 -0.022 -1.000 -0. -2.223 0. 0. -1. 0.
1.000 -0.015 -0. 28.900 -0.015 -1.000 -0. -2.199 0. 0. -1. 0.
1.000 -0.015 -0. 30.800 -0.015 -1.000 -0. -2.269 0. 0. -1. 0.
1. -0.002 -0. 32.635 -0.002 -1. -0. -2.470 0. 0. -1. 0.
1. 0.003 0. 34.707 0.003 -1. -0. -2.376 0. 0. -1. 0.
1.000 0.018 0. 36.676 0.018 -1.000 -0. -2.393 0. 0. -1. 0.
1.000 0.028 0. 38.598 0.028 -1.000 -0. -2.356 0. 0. -1. 0.
0.999 0.040 0. 40.632 0.040 -0.999 -0. -2.298 0. 0. -1. 0.
0.999 0.053 0. 42.646 0.053 -0.999 -0. -2.211 0. 0. -1. 0.
0.998 0.065 0. 44.714 0.065 -0.998 -0. -2.041 0. 0. -1. 0.
0.998 0.065 0. 46.742 0.065 -0.998 -0. -2.038 0. 0. -1. 0.
0.998 0.069 0. 48.852 0.069 -0.998 -0. -1.870 0. 0. -1. 0.
0.997 0.071 0. 50.971 0.071 -0.997 -0. -1.816 0. 0. -1. 0.
0.998 0.069 0. 53.079 0.069 -0.998 -0. -1.673 0. 0. -1. 0.
0.997 0.072 0. 55.222 0.072 -0.997 -0. -1.568 0. 0. -1. 0.
0.997 0.074 0. 57.280 0.074 -0.997 -0. -1.412 0. 0. -1. 0.
0.997 0.082 0. 59.365 0.082 -0.997 -0. -1.280 0. 0. -1. 0.
0.997 0.075 0. 61.490 0.075 -0.997 -0. -0.972 0. 0. -1. 0.
0.997 0.080 0. 63.569 0.080 -0.997 -0. -1.011 0. 0. -1. 0.
0.997 0.080 0. 65.686 0.080 -0.997 -0. -0.922 0. 0. -1. 0.
0.997 0.077 0. 67.737 0.077 -0.997 -0. -0.818 0. 0. -1. 0.
0.997 0.080 0. 69.784 0.080 -0.997 -0. -0.714 0. 0. -1. 0.
0.997 0.080 0. 71.883 0.080 -0.997 -0. -0.434 0. 0. -1. 0.
0.997 0.082 0. 73.962 0.082 -0.997 -0. -0.256 0. 0. -1. 0.
0.997 0.081 0. 76.029 0.081 -0.997 -0. -0.063 0. 0. -1. 0.
0.997 0.077 0. 78.055 0.077 -0.997 -0. 0.081 0. 0. -1. 0.
0.998 0.065 0. 80.065 0.065 -0.998 -0. 0.203 0. 0. -1. 0.
0.999 0.046 0. 82.084 0.046 -0.999 -0. 0.141 0. 0. -1. 0.
1. 0.013 0. 84.138 0.013 -1. -0. 0.208 0. 0. -1. 0.
1.000 -0.028 -0. 86.157 -0.028 -1.000 -0. 0.056 0. 0. -1. 0.
0.997 -0.078 -0. 88.078 -0.078 -0.997 -0. 0.081 0. 0. -1. 0.
0.993 -0.117 -0. 90.029 -0.117 -0.993 -0. -0.334 0. 0. -1. 0.
0.987 -0.159 -0. 92.034 -0.159 -0.987 -0. -0.539 0. 0. -1. 0.
0.978 -0.209 -0. 93.940 -0.209 -0.978 -0. -0.933 0. 0. -1. 0.
0.965 -0.263 -0. 95.788 -0.263 -0.965 -0. -1.540 0. 0. -1. 0.
0.947 -0.322 -0. 97.551 -0.322 -0.947 -0. -2.124 0. 0. -1. 0.
0.925 -0.381 -0. 99.419 -0.381 -0.925 -0. -2.804 0. 0. -1. 0.
0.900 -0.436 -0. 101.156 -0.436 -0.900 -0. -3.657 0. 0. -1. 0.
0.869 -0.495 -0. 102.793 -0.495 -0.869 -0. -4.600 0. 0. -1. 0.
0.835 -0.551 -0. 104.317 -0.551 -0.835 -0. -5.746 0. 0. -1. 0.
0.796 -0.605 -0. 105.848 -0.605 -0.796 -0. -6.923 0. 0. -1. 0.
0.749 -0.663 -0. 107.312 -0.663 -0.749 -0. -8.128 0. 0. -1. 0.
0.702 -0.713 -0. 108.588 -0.713 -0.702 -0. -9.448 0. 0. -1. 0.
0.654 -0.756 -0. 109.831 -0.756 -0.654 -0. -10.850 0. 0. -1. 0.
0.607 -0.795 -0. 110.833 -0.795 -0.607 -0. -12.343 0. 0. -1. 0.
0.553 -0.833 -0. 111.942 -0.833 -0.553 -0. -13.819 0. 0. -1. 0.
0.502 -0.865 -0. 112.907 -0.865 -0.502 -0. -15.405 0. 0. -1. 0.
0.459 -0.889 -0. 113.551 -0.889 -0.459 -0. -17.199 0. 0. -1. 0.
0.417 -0.909 -0. 114.439 -0.909 -0.417 -0. -18.871 0. 0. -1. 0.
0.376 -0.927 -0. 115.228 -0.927 -0.376 -0. -20.637 0. 0. -1. 0.
0.354 -0.935 -0. 115.830 -0.935 -0.354 -0. -22.501 0. 0. -1. 0.
0.346 -0.938 -0. 116.351 -0.938 -0.346 -0. -24.361 0. 0. -1. 0.
0.345 -0.938 -0. 117.258 -0.938 -0.345 -0. -26.096 0. 0. -1. 0.
0.359 -0.934 -0. 117.829 -0.934 -0.359 -0. -28.033 0. 0. -1. 0.
0.382 -0.924 -0. 118.505 -0.924 -0.382 -0. -29.897 0. 0. -1. 0.
0.403 -0.915 -0. 119.409 -0.915 -0.403 -0. -31.791 0. 0. -1. 0.
0.425 -0.905 -0. 120.183 -0.905 -0.425 -0. -33.702 0. 0. -1. 0.
0.455 -0.890 -0. 120.953 -0.890 -0.455 -0. -35.600 0. 0. -1. 0.
0.478 -0.878 -0. 121.925 -0.878 -0.478 -0. -37.482 0. 0. -1. 0.
0.499 -0.867 -0. 122.982 -0.867 -0.499 -0. -39.346 0. 0. -1. 0.
0.519 -0.855 -0. 124.164 -0.855 -0.519 -0. -41.214 0. 0. -1. 0.
0.542 -0.840 -0. 125.306 -0.840 -0.542 -0. -43.040 0. 0. -1. 0.
0.561 -0.828 -0. 126.520 -0.828 -0.561 -0. -44.832 0. 0. -1. 0.
0.573 -0.820 -0. 127.734 -0.820 -0.573 -0. -46.625 0. 0. -1. 0.
0.589 -0.808 -0. 128.771 -0.808 -0.589 -0. -48.318 0. 0. -1. 0.
0.602 -0.799 -0. 130.102 -0.799 -0.602 -0. -50.062 0. 0. -1. 0.
0.618 -0.786 -0. 131.277 -0.786 -0.618 -0. -51.726 0. 0. -1. 0.
0.632 -0.775 -0. 132.508 -0.775 -0.632 -0. -53.420 0. 0. -1. 0.
0.636 -0.772 -0. 133.914 -0.772 -0.636 -0. -55.040 0. 0. -1. 0.
0.654 -0.757 -0. 135.132 -0.757 -0.654 -0. -56.523 0. 0. -1. 0.
0.664 -0.748 -0. 136.540 -0.748 -0.664 -0. -58.089 0. 0. -1. 0.
0.673 -0.739 -0. 137.809 -0.739 -0.673 -0. -59.659 0. 0. -1. 0.
0.677 -0.736 -0. 139.185 -0.736 -0.677 -0. -61.040 0. 0. -1. 0.
0.685 -0.729 -0. 140.500 -0.729 -0.685 -0. -62.464 0. 0. -1. 0.
0.693 -0.721 -0. 141.877 -0.721 -0.693 -0. -63.816 0. 0. -1. 0.
0.708 -0.706 -0. 143.171 -0.706 -0.708 -0. -65.171 0. 0. -1. 0.
0.737 -0.676 -0. 144.393 -0.676 -0.737 -0. -66.487 0. 0. -1. 0.
0.773 -0.634 -0. 145.739 -0.634 -0.773 -0. -67.490 0. 0. -1. 0.
0.817 -0.577 -0. 147.071 -0.577 -0.817 -0. -68.483 0. 0. -1. 0.
0.864 -0.503 -0. 148.385 -0.503 -0.864 -0. -69.360 0. 0. -1. 0.
0.909 -0.416 -0. 149.762 -0.416 -0.909 -0. -70.055 0. 0. -1. 0.
0.952 -0.307 -0. 151.037 -0.307 -0.952 -0. -70.570 0. 0. -1. 0.
0.983 -0.182 -0. 152.277 -0.182 -0.983 -0. -70.775 0. 0. -1. 0.
0.999 -0.047 -0. 153.543 -0.047 -0.999 -0. -70.843 0. 0. -1. 0.
0.994 0.107 0. 154.691 0.107 -0.994 -0. -70.647 0. 0. -1. 0.
0.965 0.263 0. 155.827 0.263 -0.965 -0. -70.374 0. 0. -1. 0.
0.904 0.427 0. 156.808 0.427 -0.904 -0. -69.998 0. 0. -1. 0.
0.812 0.584 0. 157.666 0.584 -0.812 -0. -69.235 0. 0. -1. 0.
0.695 0.719 0. 158.363 0.719 -0.695 -0. -68.507 0. 0. -1. 0.
0.545 0.838 0. 158.906 0.838 -0.545 -0. -67.587 0. 0. -1. 0.
0.377 0.926 0. 159.305 0.926 -0.377 -0. -66.575 0. 0. -1. 0.
0.189 0.982 0. 159.383 0.982 -0.189 -0. -65.615 0. 0. -1. 0.
-0.016 1.000 0. 159.314 1.000 0.016 0. -64.687 0. 0. -1. 0.
-0.216 0.976 0. 159.066 0.976 0.216 0. -63.712 0. 0. -1. 0.
-0.392 0.920 0. 158.652 0.920 0.392 0. -62.797 0. 0. -1. 0.
-0.554 0.832 0. 158.087 0.832 0.554 0. -62.054 0. 0. -1. 0.
-0.687 0.727 0. 157.357 0.727 0.687 0. -61.318 0. 0. -1. 0.
-0.790 0.613 0. 156.470 0.613 0.790 0. -60.622 0. 0. -1. 0.
-0.862 0.507 0. 155.375 0.507 0.862 0. -60.099 0. 0. -1. 0.
-0.912 0.409 0. 154.386 0.409 0.912 0. -59.595 0. 0. -1. 0.
-0.941 0.339 0. 153.218 0.339 0.941 0. -59.164 0. 0. -1. 0.
-0.955 0.298 0. 152.104 0.298 0.955 0. -58.832 0. 0. -1. 0.
-0.965 0.262 0. 150.879 0.262 0.965 0. -58.513 0. 0. -1. 0.
-0.971 0.241 0. 149.520 0.241 0.971 0. -58.188 0. 0. -1. 0.
-0.972 0.235 0. 148.237 0.235 0.972 0. -57.844 0. 0. -1. 0.
-0.969 0.247 0. 146.879 0.247 0.969 0. -57.515 0. 0. -1. 0.
-0.967 0.255 0. 145.500 0.255 0.967 0. -57.096 0. 0. -1. 0.
-0.959 0.284 0. 143.915 0.284 0.959 0. -56.584 0. 0. -1. 0.
-0.947 0.322 0. 142.660 0.322 0.947 0. -56.181 0. 0. -1. 0.
-0.928 0.373 0. 141.165 0.373 0.928 0. -55.577 0. 0. -1. 0.
-0.913 0.408 0. 139.783 0.408 0.913 0. -55.012 0. 0. -1. 0.
-0.890 0.457 0. 138.323 0.457 0.890 0. -54.204 0. 0. -1. 0.
-0.865 0.502 0. 137.110 0.502 0.865 0. -53.446 0. 0. -1. 0.
-0.838 0.546 0. 135.567 0.546 0.838 0. -52.488 0. 0. -1. 0.
-0.803 0.596 0. 134.302 0.596 0.803 0. -51.441 0. 0. -1. 0.
-0.776 0.631 0. 132.974 0.631 0.776 0. -50.268 0. 0. -1. 0.
-0.732 0.681 0. 131.601 0.681 0.732 0. -49.087 0. 0. -1. 0.
-0.698 0.716 0. 130.486 0.716 0.698 0. -47.798 0. 0. -1. 0.
-0.663 0.748 0. 129.267 0.748 0.663 0. -46.321 0. 0. -1. 0.
-0.623 0.782 0. 128.149 0.782 0.623 0. -44.779 0. 0. -1. 0.
-0.584 0.812 0. 126.995 0.812 0.584 0. -43.285 0. 0. -1. 0.
-0.549 0.836 0. 125.967 0.836 0.549 0. -41.650 0. 0. -1. 0.
-0.508 0.861 0. 124.883 0.861 0.508 0. -39.992 0. 0. -1. 0.
-0.480 0.877 0. 123.980 0.877 0.480 0. -38.165 0. 0. -1. 0.
-0.453 0.891 0. 123.065 0.891 0.453 0. -36.402 0. 0. -1. 0.
-0.442 0.897 0. 122.249 0.897 0.442 0. -34.409 0. 0. -1. 0.
-0.428 0.904 0. 121.348 0.904 0.428 0. -32.422 0. 0. -1. 0.
-0.415 0.910 0. 120.485 0.910 0.415 0. -30.451 0. 0. -1. 0.
-0.401 0.916 0. 119.625 0.916 0.401 0. -28.514 0. 0. -1. 0.
-0.392 0.920 0. 118.949 0.920 0.392 0. -26.469 0. 0. -1. 0.
-0.386 0.923 0. 118.204 0.923 0.386 0. -24.468 0. 0. -1. 0.
-0.391 0.920 0. 117.284 0.920 0.391 0. -22.480 0. 0. -1. 0.
-0.400 0.917 0. 116.436 0.917 0.400 0. -20.549 0. 0. -1. 0.
-0.422 0.906 0. 115.443 0.906 0.422 0. -18.653 0. 0. -1. 0.
-0.455 0.890 0. 114.554 0.890 0.455 0. -16.768 0. 0. -1. 0.
-0.497 0.868 0. 113.746 0.868 0.497 0. -14.845 0. 0. -1. 0.
-0.544 0.839 0. 112.505 0.839 0.544 0. -13.135 0. 0. -1. 0.
-0.596 0.803 0. 111.534 0.803 0.596 0. -11.425 0. 0. -1. 0.
-0.647 0.763 0. 110.344 0.763 0.647 0. -9.822 0. 0. -1. 0.
-0.697 0.717 0. 108.958 0.717 0.697 0. -8.345 0. 0. -1. 0.
-0.747 0.665 0. 107.533 0.665 0.747 0. -6.884 0. 0. -1. 0.
-0.792 0.610 0. 105.982 0.610 0.792 0. -5.727 0. 0. -1. 0.
-0.837 0.547 0. 104.438 0.547 0.837 0. -4.449 0. 0. -1. 0.
-0.873 0.489 0. 102.700 0.489 0.873 0. -3.548 0. 0. -1. 0.
-0.901 0.433 0. 101.029 0.433 0.901 0. -2.642 0. 0. -1. 0.
-0.925 0.380 0. 99.180 0.380 0.925 0. -1.895 0. 0. -1. 0.
-0.947 0.320 0. 97.470 0.320 0.947 0. -1.189 0. 0. -1. 0.
-0.965 0.263 0. 95.509 0.263 0.965 0. -0.637 0. 0. -1. 0.
-0.981 0.195 0. 93.668 0.195 0.981 0. -0.237 0. 0. -1. 0.
-0.991 0.134 0. 91.625 0.134 0.991 0. 0.150 0. 0. -1. 0.
-0.996 0.088 0. 89.580 0.088 0.996 0. 0.250 0. 0. -1. 0.
-0.999 0.044 0. 87.495 0.044 0.999 0. 0.452 0. 0. -1. 0.
-1. 0.001 0. 85.487 0.001 1. 0. 0.357 0. 0. -1. 0.
-1.000 -0.024 -0. 83.414 -0.024 1.000 0. 0.289 0. 0. -1. 0.
-0.999 -0.050 -0. 81.328 -0.050 0.999 0. 0.251 0. 0. -1. 0.
-0.998 -0.062 -0. 79.273 -0.062 0.998 0. 0.196 0. 0. -1. 0.
-0.997 -0.074 -0. 77.099 -0.074 0.997 0. -0.015 0. 0. -1. 0.
-0.997 -0.081 -0. 74.973 -0.081 0.997 0. 0.012 0. 0. -1. 0.
-0.997 -0.073 -0. 72.831 -0.073 0.997 0. -0.173 0. 0. -1. 0.
-0.998 -0.069 -0. 70.677 -0.069 0.998 0. -0.350 0. 0. -1. 0.
-0.998 -0.063 -0. 68.469 -0.063 0.998 0. -0.521 0. 0. -1. 0.
-0.998 -0.056 -0. 66.354 -0.056 0.998 0. -0.560 0. 0. -1. 0.
-0.999 -0.046 -0. 64.164 -0.046 0.999 0. -0.610 0. 0. -1. 0.
-0.999 -0.036 -0. 62.031 -0.036 0.999 0. -0.645 0. 0. -1. 0.
-0.999 -0.043 -0. 59.855 -0.043 0.999 0. -0.601 0. 0. -1. 0.
-0.999 -0.039 -0. 57.734 -0.039 0.999 0. -0.794 0. 0. -1. 0.
-0.999 -0.039 -0. 55.635 -0.039 0.999 0. -0.861 0. 0. -1. 0.
-1.000 -0.030 -0. 53.502 -0.030 1.000 0. -0.837 0. 0. -1. 0.
-0.999 -0.032 -0. 51.445 -0.032 0.999 0. -0.896 0. 0. -1. 0.
-1.000 -0.029 -0. 49.371 -0.029 1.000 0. -0.906 0. 0. -1. 0.
-0.999 -0.034 -0. 47.337 -0.034 0.999 0. -0.913 0. 0. -1. 0.
-0.999 -0.044 -0. 45.286 -0.044 0.999 0. -0.869 0. 0. -1. 0.
-0.999 -0.050 -0. 43.292 -0.050 0.999 0. -0.888 0. 0. -1. 0.
-0.999 -0.036 -0. 41.260 -0.036 0.999 0. -1.036 0. 0. -1. 0.
-1.000 -0.020 -0. 39.261 -0.020 1.000 0. -1.142 0. 0. -1. 0.
-1. -0.009 -0. 37.198 -0.009 1. 0. -1.165 0. 0. -1. 0.
-1. -0.002 -0. 35.242 -0.002 1. 0. -1.011 0. 0. -1. 0.
-1. 0.002 0. 33.131 0.002 1. 0. -1.081 0. 0. -1. 0.
-1. 0.006 0. 31.129 0.006 1. 0. -1.078 0. 0. -1. 0.
-1. 0.007 0. 29.065 0.007 1. 0. -0.950 0. 0. -1. 0.
-1.000 0.016 0. 26.944 0.016 1.000 0. -0.955 0. 0. -1. 0.
-1.000 0.020 0. 24.861 0.020 1.000 0. -0.723 0. 0. -1. 0.
-1.000 0.032 0. 22.685 0.032 1.000 0. -0.759 0. 0. -1. 0.
-0.999 0.033 0. 20.593 0.033 0.999 0. -0.480 0. 0. -1. 0.
-0.999 0.034 0. 18.443 0.034 0.999 0. -0.434 0. 0. -1. 0.
-0.999 0.033 0. 16.335 0.033 0.999 0. -0.339 0. 0. -1. 0.
-0.999 0.039 0. 14.069 0.039 0.999 0. -0.280 0. 0. -1. 0.
-0.999 0.049 0. 11.915 0.049 0.999 0. -0.125 0. 0. -1. 0.
-0.999 0.049 0. 9.687 0.049 0.999 0. 0.026 0. 0. -1. 0.
-0.999 0.045 0. 7.430 0.045 0.999 0. 0.139 0. 0. -1. 0.
-0.999 0.050 0. 5.157 0.050 0.999 0. 0.336 0. 0. -1. 0.
-0.999 0.048 0. 2.891 0.048 0.999 0. 0.454 0. 0. -1. 0.
-0.999 0.051 0. 0.544 0.051 0.999 0. 0.555 0. 0. -1. 0.
-0.999 0.051 0. -1.736 0.051 0.999 0. 0.676 0. 0. -1. 0.
-0.999 0.052 0. -4.100 0.052 0.999 0. 0.905 0. 0. -1. 0.
-0.999 0.044 0. -6.499 0.044 0.999 0. 1.107 0. 0. -1. 0.
-0.999 0.041 0. -8.836 0.041 0.999 0. 1.085 0. 0. -1. 0.
-0.999 0.038 0. -11.200 0.038 0.999 0. 1.170 0. 0. -1. 0.
-0.999 0.036 0. -13.656 0.036 0.999 0. 1.427 0. 0. -1. 0.
-1.000 0.021 0. -15.913 0.021 1.000 0. 1.434 0. 0. -1. 0.
-1.000 0.019 0. -18.474 0.019 1.000 0. 1.569 0. 0. -1. 0.
-1.000 0.017 0. -20.732 0.017 1.000 0. 1.672 0. 0. -1. 0.
-1. 0.009 0. -23.176 0.009 1. 0. 1.814 0. 0. -1. 0.
-1. 0.002 0. -25.494 0.002 1. 0. 1.757 0. 0. -1. 0.
-1. -0.007 -0. -27.813 -0.007 1. 0. 1.654 0. 0. -1. 0.
-1. -0.014 -0. -30.161 -0.014 1. 0. 1.776 0. 0. -1. 0.
-1.000 -0.016 -0. -32.542 -0.016 1.000 0. 1.765 0. 0. -1. 0.
-1.000 -0.022 -0. -34.755 -0.022 1.000 0. 1.707 0. 0. -1. 0.
-1.000 -0.022 -0. -37.148 -0.022 1.000 0. 1.589 0. 0. -1. 0.
-1.000 -0.027 -0. -39.448 -0.027 1.000 0. 1.578 0. 0. -1. 0.
-1.000 -0.025 -0. -41.668 -0.025 1.000 0. 1.573 0. 0. -1. 0.
-0.999 -0.033 -0. -43.885 -0.033 0.999 0. 1.512 0. 0. -1. 0.
-0.999 -0.033 -0. -45.980 -0.033 0.999 0. 1.517 0. 0. -1. 0.
-0.999 -0.045 -0. -48.063 -0.045 0.999 0. 1.511 0. 0. -1. 0.
-0.999 -0.035 -0. -49.998 -0.035 0.999 0. 1.408 0. 0. -1. 0.
-0.999 -0.042 -0. -51.930 -0.042 0.999 0. 1.339 0. 0. -1. 0.
-1.000 -0.031 -0. -53.785 -0.031 1.000 0. 1.357 0. 0. -1. 0.
-1.000 -0.015 -0. -55.435 -0.015 1.000 0. 1.200 0. 0. -1. 0.
-1. 0.005 0. -57.071 0.005 1. 0. 1.361 0. 0. -1. 0.
-0.999 0.051 0. -58.649 0.051 0.999 0. 1.444 0. 0. -1. 0.
-0.996 0.092 0. -60.123 0.092 0.996 0. 1.810 0. 0. -1. 0.
-0.989 0.146 0. -61.369 0.146 0.989 0. 1.862 0. 0. -1. 0.
-0.978 0.208 0. -62.652 0.208 0.978 0. 2.182 0. 0. -1. 0.
-0.957 0.288 0. -63.906 0.288 0.957 0. 2.445 0. 0. -1. 0.
-0.927 0.374 0. -64.970 0.374 0.927 0. 3.016 0. 0. -1. 0.
-0.888 0.459 0. -65.977 0.459 0.888 0. 3.640 0. 0. -1. 0.
-0.831 0.556 0. -66.974 0.556 0.831 0. 4.227 0. 0. -1. 0.
-0.760 0.650 0. -67.759 0.650 0.760 0. 4.995 0. 0. -1. 0.
-0.677 0.736 0. -68.439 0.736 0.677 0. 5.826 0. 0. -1. 0.
-0.581 0.814 0. -69.101 0.814 0.581 0. 6.727 0. 0. -1. 0.
-0.471 0.882 0. -69.825 0.882 0.471 0. 7.633 0. 0. -1. 0.
-0.374 0.927 0. -69.922 0.927 0.374 0. 8.708 0. 0. -1. 0.
-0.278 0.961 0. -70.422 0.961 0.278 0. 9.750 0. 0. -1. 0.
-0.205 0.979 0. -70.623 0.979 0.205 0. 10.919 0. 0. -1. 0.
-0.168 0.986 0. -70.650 0.986 0.168 0. 12.158 0. 0. -1. 0.
-0.128 0.992 0. -70.954 0.992 0.128 0. 13.307 0. 0. -1. 0.
-0.110 0.994 0. -70.757 0.994 0.110 0. 14.615 0. 0. -1. 0.
-0.092 0.996 0. -70.993 0.996 0.092 0. 15.996 0. 0. -1. 0.
-0.077 0.997 0. -70.899 0.997 0.077 0. 17.307 0. 0. -1. 0.
-0.075 0.997 0. -71.088 0.997 0.075 0. 18.712 0. 0. -1. 0.
-0.050 0.999 0. -71.063 0.999 0.050 0. 20.215 0. 0. -1. 0.
-0.032 0.999 0. -71.139 0.999 0.032 0. 21.690 0. 0. -1. 0.
-0.038 0.999 0. -71.119 0.999 0.038 0. 23.274 0. 0. -1. 0.
-0.009 1. 0. -71.085 1. 0.009 0. 24.890 0. 0. -1. 0.
-0.010 1. 0. -71.252 1. 0.010 0. 26.430 0. 0. -1. 0.
0.001 1. 0. -71.011 1. -0.001 -0. 28.163 0. 0. -1. 0.
0.016 1.000 0. -71.042 1.000 -0.016 -0. 29.865 0. 0. -1. 0.
0.029 1.000 0. -70.919 1.000 -0.029 -0. 31.507 0. 0. -1. 0.
0.052 0.999 0. -70.816 0.999 -0.052 -0. 33.326 0. 0. -1. 0.
0.075 0.997 0. -70.705 0.997 -0.075 -0. 35.017 0. 0. -1. 0.
0.090 0.996 0. -70.487 0.996 -0.090 -0. 36.828 0. 0. -1. 0.
0.118 0.993 0. -70.265 0.993 -0.118 -0. 38.678 0. 0. -1. 0.
0.141 0.990 0. -69.898 0.990 -0.141 -0. 40.491 0. 0. -1. 0.
0.150 0.989 0. -69.588 0.989 -0.150 -0. 42.170 0. 0. -1. 0.
0.156 0.988 0. -69.322 0.988 -0.156 -0. 44.100 0. 0. -1. 0.
0.145 0.989 0. -69.014 0.989 -0.145 -0. 45.883 0. 0. -1. 0.
0.136 0.991 0. -68.650 0.991 -0.136 -0. 47.765 0. 0. -1. 0.
0.110 0.994 0. -68.428 0.994 -0.110 -0. 49.494 0. 0. -1. 0.
0.089 0.996 0. -68.217 0.996 -0.089 -0. 51.511 0. 0. -1. 0.
0.066 0.998 0. -68.028 0.998 -0.066 -0. 53.400 0. 0. -1. 0.
0.047 0.999 0. -67.949 0.999 -0.047 -0. 55.435 0. 0. -1. 0.
0.026 1.000 0. -67.877 1.000 -0.026 -0. 57.368 0. 0. -1. 0.
0.003 1. 0. -67.725 1. -0.003 -0. 59.338 0. 0. -1. 0.
-0.012 1. 0. -67.777 1. 0.012 0. 61.328 0. 0. -1. 0.
-0.019 1.000 0. -67.813 1.000 0.019 0. 63.316 0. 0. -1. 0.
-0.030 1.000 0. -67.799 1.000 0.030 0. 65.370 0. 0. -1. 0.
-0.028 1.000 0. -67.866 1.000 0.028 0. 67.282 0. 0. -1. 0.
-0.016 1.000 0. -67.898 1.000 0.016 0. 69.294 0. 0. -1. 0.
-0.010 1. 0. -67.841 1. 0.010 0. 71.212 0. 0. -1. 0.
0.001 1. 0. -67.829 1. -0.001 -0. 73.230 0. 0. -1. 0.
0.005 1. 0. -67.797 1. -0.005 -0. 75.048 0. 0. -1. 0.
-0.014 1.000 0. -67.787 1.000 0.014 0. 76.904 0. 0. -1. 0.
-0.049 0.999 0. -67.804 0.999 0.049 0. 78.716 0. 0. -1. 0.
-0.111 0.994 0. -68.040 0.994 0.111 0. 80.295 0. 0. -1. 0.
-0.180 0.984 0. -68.188 0.984 0.180 0. 82.095 0. 0. -1. 0.
-0.256 0.967 0. -68.569 0.967 0.256 0. 83.682 0. 0. -1. 0.
-0.333 0.943 0. -69.042 0.943 0.333 0. 85.229 0. 0. -1. 0.
-0.428 0.904 0. -69.695 0.904 0.428 0. 86.778 0. 0. -1. 0.
-0.505 0.863 0. -70.409 0.863 0.505 0. 88.154 0. 0. -1. 0.
-0.583 0.813 0. -71.331 0.813 0.583 0. 89.448 0. 0. -1. 0.
-0.654 0.756 0. -72.321 0.756 0.654 0. 90.643 0. 0. -1. 0.
-0.726 0.688 0. -73.434 0.688 0.726 0. 91.757 0. 0. -1. 0.
-0.787 0.617 0. -74.639 0.617 0.787 0. 92.816 0. 0. -1. 0.
-0.842 0.539 0. -75.971 0.539 0.842 0. 93.523 0. 0. -1. 0.
-0.890 0.455 0. -77.252 0.455 0.890 0. 94.375 0. 0. -1. 0.
-0.928 0.374 0. -78.728 0.374 0.928 0. 94.933 0. 0. -1. 0.
-0.958 0.288 0. -80.187 0.288 0.958 0. 95.360 0. 0. -1. 0.
-0.973 0.230 0. -81.785 0.230 0.973 0. 95.642 0. 0. -1. 0.
-0.982 0.190 0. -83.334 0.190 0.982 0. 95.998 0. 0. -1. 0.
-0.987 0.161 0. -84.844 0.161 0.987 0. 96.263 0. 0. -1. 0.
-0.989 0.150 0. -86.442 0.150 0.989 0. 96.519 0. 0. -1. 0.
-0.988 0.155 0. -87.969 0.155 0.988 0. 96.946 0. 0. -1. 0.
-0.982 0.189 0. -89.620 0.189 0.982 0. 97.126 0. 0. -1. 0.
-0.974 0.228 0. -91.185 0.228 0.974 0. 97.558 0. 0. -1. 0.
-0.961 0.276 0. -92.837 0.276 0.961 0. 97.900 0. 0. -1. 0.
-0.944 0.329 0. -94.360 0.329 0.944 0. 98.562 0. 0. -1. 0.
-0.922 0.388 0. -95.941 0.388 0.922 0. 99.251 0. 0. -1. 0.
-0.895 0.446 0. -97.512 0.446 0.895 0. 100.192 0. 0. -1. 0.
-0.861 0.508 0. -99.078 0.508 0.861 0. 101.042 0. 0. -1. 0.
-0.836 0.549 0. -100.586 0.549 0.836 0. 102.139 0. 0. -1. 0.
-0.805 0.593 0. -102.160 0.593 0.805 0. 103.228 0. 0. -1. 0.
-0.782 0.623 0. -103.692 0.623 0.782 0. 104.485 0. 0. -1. 0.
-0.765 0.644 0. -105.244 0.644 0.765 0. 105.730 0. 0. -1. 0.
-0.753 0.658 0. -106.732 0.658 0.753 0. 107.114 0. 0. -1. 0.
-0.747 0.665 0. -108.307 0.665 0.747 0. 108.629 0. 0. -1. 0.
-0.740 0.673 0. -109.824 0.673 0.740 0. 110.116 0. 0. -1. 0.
-0.735 0.678 0. -111.512 0.678 0.735 0. 111.560 0. 0. -1. 0.
-0.733 0.680 0. -113.184 0.680 0.733 0. 113.030 0. 0. -1. 0.
-0.733 0.680 0. -114.767 0.680 0.733 0. 114.683 0. 0. -1. 0.
-0.733 0.680 0. -116.466 0.680 0.733 0. 116.279 0. 0. -1. 0.
-0.733 0.681 0. -118.255 0.681 0.733 0. 117.798 0. 0. -1. 0.
-0.727 0.687 0. -119.887 0.687 0.727 0. 119.633 0. 0. -1. 0.
-0.723 0.691 0. -121.732 0.691 0.723 0. 121.206 0. 0. -1. 0.
-0.718 0.696 0. -123.465 0.696 0.718 0. 123.085 0. 0. -1. 0.
-0.719 0.695 0. -125.246 0.695 0.719 0. 124.833 0. 0. -1. 0.
-0.721 0.693 0. -127.013 0.693 0.721 0. 126.745 0. 0. -1. 0.
-0.717 0.697 0. -128.950 0.697 0.717 0. 128.496 0. 0. -1. 0.
-0.710 0.704 0. -130.639 0.704 0.710 0. 130.472 0. 0. -1. 0.
-0.712 0.702 0. -132.539 0.702 0.712 0. 132.419 0. 0. -1. 0.
-0.716 0.698 0. -134.414 0.698 0.716 0. 134.395 0. 0. -1. 0.
-0.715 0.699 0. -136.311 0.699 0.715 0. 136.404 0. 0. -1. 0.
-0.712 0.702 0. -138.318 0.702 0.712 0. 138.220 0. 0. -1. 0.
-0.712 0.702 0. -140.172 0.702 0.712 0. 140.349 0. 0. -1. 0.
-0.710 0.704 0. -142.153 0.704 0.710 0. 142.276 0. 0. -1. 0.
-0.709 0.705 0. -144.027 0.705 0.709 0. 144.335 0. 0. -1. 0.
-0.697 0.717 0. -145.951 0.717 0.697 0. 146.181 0. 0. -1. 0.
-0.685 0.729 0. -147.805 0.729 0.685 0. 148.140 0. 0. -1. 0.
-0.674 0.739 0. -149.561 0.739 0.674 0. 150.134 0. 0. -1. 0.
-0.658 0.753 0. -151.214 0.753 0.658 0. 152.242 0. 0. -1. 0.
-0.635 0.772 0. -152.922 0.772 0.635 0. 154.290 0. 0. -1. 0.
-0.609 0.793 0. -154.373 0.793 0.609 0. 156.401 0. 0. -1. 0.
-0.581 0.814 0. -155.850 0.814 0.581 0. 158.508 0. 0. -1. 0.
-0.548 0.836 0. -157.234 0.836 0.548 0. 160.718 0. 0. -1. 0.
-0.512 0.859 0. -158.456 0.859 0.512 0. 162.951 0. 0. -1. 0.
-0.480 0.878 0. -159.724 0.878 0.480 0. 165.193 0. 0. -1. 0.
-0.436 0.900 0. -160.823 0.900 0.436 0. 167.531 0. 0. -1. 0.
-0.394 0.919 0. -161.864 0.919 0.394 0. 169.891 0. 0. -1. 0.
-0.359 0.933 0. -162.716 0.933 0.359 0. 172.372 0. 0. -1. 0.
-0.313 0.950 0. -163.527 0.950 0.313 0. 174.832 0. 0. -1. 0.
-0.275 0.962 0. -164.070 0.962 0.275 0. 177.423 0. 0. -1. 0.
-0.237 0.972 0. -164.923 0.972 0.237 0. 179.874 0. 0. -1. 0.
-0.204 0.979 0. -165.237 0.979 0.204 0. 182.544 0. 0. -1. 0.
-0.176 0.984 0. -165.967 0.984 0.176 0. 185.102 0. 0. -1. 0.
-0.160 0.987 0. -166.048 0.987 0.160 0. 187.827 0. 0. -1. 0.
-0.155 0.988 0. -166.612 0.988 0.155 0. 190.423 0. 0. -1. 0.
-0.149 0.989 0. -166.638 0.989 0.149 0. 193.186 0. 0. -1. 0.
-0.147 0.989 0. -167.127 0.989 0.147 0. 195.791 0. 0. -1. 0.
-0.154 0.988 0. -167.446 0.988 0.154 0. 198.459 0. 0. -1. 0.
-0.169 0.986 0. -167.799 0.986 0.169 0. 201.128 0. 0. -1. 0.
-0.184 0.983 0. -168.236 0.983 0.184 0. 203.750 0. 0. -1. 0.
-0.207 0.978 0. -168.545 0.978 0.207 0. 206.264 0. 0. -1. 0.
-0.230 0.973 0. -169.304 0.973 0.230 0. 208.815 0. 0. -1. 0.
-0.269 0.963 0. -169.836 0.963 0.269 0. 211.315 0. 0. -1. 0.
-0.319 0.948 0. -170.516 0.948 0.319 0. 213.763 0. 0. -1. 0.
-0.374 0.927 0. -171.457 0.927 0.374 0. 216.113 0. 0. -1. 0.
-0.438 0.899 0. -172.348 0.899 0.438 0. 218.397 0. 0. -1. 0.
-0.511 0.859 0. -173.521 0.859 0.511 0. 220.613 0. 0. -1. 0.
-0.585 0.811 0. -174.878 0.811 0.585 0. 222.580 0. 0. -1. 0.
-0.656 0.755 0. -176.536 0.755 0.656 0. 224.270 0. 0. -1. 0.
-0.723 0.691 0. -178.226 0.691 0.723 0. 225.956 0. 0. -1. 0.
-0.786 0.619 0. -180.381 0.619 0.786 0. 227.397 0. 0. -1. 0.
-0.839 0.544 0. -182.088 0.544 0.839 0. 228.784 0. 0. -1. 0.
-0.881 0.474 0. -184.034 0.474 0.881 0. 229.962 0. 0. -1. 0.
-0.913 0.408 0. -186.134 0.408 0.913 0. 230.886 0. 0. -1. 0.
-0.937 0.349 0. -188.377 0.349 0.937 0. 231.651 0. 0. -1. 0.
-0.951 0.309 0. -190.629 0.309 0.951 0. 232.482 0. 0. -1. 0.
-0.958 0.286 0. -192.920 0.286 0.958 0. 233.325 0. 0. -1. 0.
-0.964 0.266 0. -195.275 0.266 0.964 0. 234.025 0. 0. -1. 0.
-0.967 0.255 0. -197.564 0.255 0.967 0. 234.733 0. 0. -1. 0.
-0.968 0.251 0. -200.055 0.251 0.968 0. 235.294 0. 0. -1. 0.
-0.969 0.248 0. -202.585 0.248 0.969 0. 235.975 0. 0. -1. 0.
-0.970 0.243 0. -205.153 0.243 0.970 0. 236.672 0. 0. -1. 0.
-0.970 0.245 0. -207.694 0.245 0.970 0. 237.421 0. 0. -1. 0.
-0.967 0.253 0. -210.312 0.253 0.967 0. 238.059 0. 0. -1. 0.
-0.966 0.257 0. -212.823 0.257 0.966 0. 238.887 0. 0. -1. 0.
-0.966 0.257 0. -215.430 0.257 0.966 0. 239.583 0. 0. -1. 0.
-0.968 0.250 0. -218.079 0.250 0.968 0. 240.152 0. 0. -1. 0.
-0.969 0.245 0. -220.723 0.245 0.969 0. 240.787 0. 0. -1. 0.
-0.970 0.243 0. -223.178 0.243 0.970 0. 241.521 0. 0. -1. 0.
-0.970 0.243 0. -225.804 0.243 0.970 0. 242.100 0. 0. -1. 0.
-0.971 0.241 0. -228.139 0.241 0.971 0. 242.778 0. 0. -1. 0.
-0.969 0.246 0. -230.449 0.246 0.969 0. 243.470 0. 0. -1. 0.
-0.966 0.258 0. -232.635 0.258 0.966 0. 244.012 0. 0. -1. 0.
-0.961 0.276 0. -234.760 0.276 0.961 0. 244.634 0. 0. -1. 0.
-0.956 0.295 0. -236.643 0.295 0.956 0. 245.216 0. 0. -1. 0.
-0.952 0.306 0. -238.540 0.306 0.952 0. 245.939 0. 0. -1. 0.
-0.946 0.325 0. -240.240 0.325 0.946 0. 246.544 0. 0. -1. 0.
-0.939 0.343 0. -241.920 0.343 0.939 0. 247.173 0. 0. -1. 0.
-0.932 0.363 0. -243.468 0.363 0.932 0. 247.810 0. 0. -1. 0.
-0.927 0.375 0. -244.835 0.375 0.927 0. 248.380 0. 0. -1. 0.
-0.926 0.378 0. -246.238 0.378 0.926 0. 248.988 0. 0. -1. 0.
-0.925 0.379 0. -247.551 0.379 0.925 0. 249.527 0. 0. -1. 0.
-0.925 0.380 0. -248.782 0.380 0.925 0. 249.967 0. 0. -1. 0.
-0.924 0.383 0. -249.867 0.383 0.924 0. 250.529 0. 0. -1. 0.
-0.924 0.382 0. -250.962 0.382 0.924 0. 250.952 0. 0. -1. 0.
-0.925 0.380 0. -251.882 0.380 0.925 0. 251.369 0. 0. -1. 0.
-0.922 0.386 0. -252.748 0.386 0.922 0. 251.827 0. 0. -1. 0.
-0.922 0.387 0. -253.500 0.387 0.922 0. 252.160 0. 0. -1. 0.
-0.919 0.395 0. -254.219 0.395 0.919 0. 252.460 0. 0. -1. 0.
-0.919 0.394 0. -254.753 0.394 0.919 0. 252.686 0. 0. -1. 0.
-0.919 0.395 0. -255.339 0.395 0.919 0. 253.090 0. 0. -1. 0.
-0.918 0.397 0. -255.692 0.397 0.918 0. 253.275 0. 0. -1. 0.
-0.916 0.401 0. -256.120 0.401 0.916 0. 253.418 0. 0. -1. 0.
-0.917 0.399 0. -256.390 0.399 0.917 0. 253.568 0. 0. -1. 0.
-0.918 0.396 0. -256.654 0.396 0.918 0. 253.651 0. 0. -1. 0.
-0.917 0.399 0. -257.009 0.399 0.917 0. 253.736 0. 0. -1. 0.
-0.916 0.400 0. -257.189 0.400 0.916 0. 253.935 0. 0. -1. 0.
-0.916 0.402 0. -257.519 0.402 0.916 0. 253.959 0. 0. -1. 0.
-0.916 0.402 0. -257.744 0.402 0.916 0. 254.084 0. 0. -1. 0.
-0.915 0.403 0. -258.025 0.403 0.915 0. 254.192 0. 0. -1. 0.
-0.913 0.407 0. -258.320 0.407 0.913 0. 254.170 0. 0. -1. 0.
-0.914 0.407 0. -258.558 0.407 0.914 0. 254.437 0. 0. -1. 0.
-0.911 0.413 0. -258.937 0.413 0.911 0. 254.619 0. 0. -1. 0.
-0.907 0.421 0. -259.297 0.421 0.907 0. 254.783 0. 0. -1. 0.
-0.907 0.420 0. -259.676 0.420 0.907 0. 254.926 0. 0. -1. 0.
-0.897 0.441 0. -260.282 0.441 0.897 0. 255.329 0. 0. -1. 0.
-0.886 0.463 0. -260.714 0.463 0.886 0. 255.474 0. 0. -1. 0.
-0.864 0.503 0. -261.287 0.503 0.864 0. 255.902 0. 0. -1. 0.
-0.836 0.549 0. -261.906 0.549 0.836 0. 256.364 0. 0. -1. 0.
-0.793 0.609 0. -262.469 0.609 0.793 0. 256.714 0. 0. -1. 0.
-0.738 0.674 0. -263.009 0.674 0.738 0. 257.294 0. 0. -1. 0.
-0.668 0.744 0. -263.531 0.744 0.668 0. 257.991 0. 0. -1. 0.
-0.584 0.812 0. -264.105 0.812 0.584 0. 258.715 0. 0. -1. 0.
-0.496 0.869 0. -264.488 0.869 0.496 0. 259.485 0. 0. -1. 0.
-0.407 0.913 0. -264.759 0.913 0.407 0. 260.608 0. 0. -1. 0.
-0.312 0.950 0. -265.143 0.950 0.312 0. 261.685 0. 0. -1. 0.
-0.230 0.973 0. -265.347 0.973 0.230 0. 262.821 0. 0. -1. 0.
-0.151 0.989 0. -265.466 0.989 0.151 0. 264.153 0. 0. -1. 0.
-0.080 0.997 0. -265.604 0.997 0.080 0. 265.560 0. 0. -1. 0.
-0.004 1. 0. -265.623 1. 0.004 0. 267.069 0. 0. -1. 0.
0.054 0.999 0. -265.454 0.999 -0.054 -0. 268.693 0. 0. -1. 0.
0.104 0.995 0. -265.236 0.995 -0.104 -0. 270.502 0. 0. -1. 0.
0.140 0.990 0. -264.879 0.990 -0.140 -0. 272.364 0. 0. -1. 0.
0.159 0.987 0. -264.496 0.987 -0.159 -0. 274.338 0. 0. -1. 0.
0.179 0.984 0. -264.218 0.984 -0.179 -0. 276.586 0. 0. -1. 0.
0.189 0.982 0. -263.611 0.982 -0.189 -0. 278.781 0. 0. -1. 0.
0.197 0.980 0. -263.161 0.980 -0.197 -0. 281.145 0. 0. -1. 0.
0.194 0.981 0. -262.697 0.981 -0.194 -0. 283.626 0. 0. -1. 0.
0.197 0.980 0. -262.165 0.980 -0.197 -0. 286.117 0. 0. -1. 0.
0.199 0.980 0. -261.574 0.980 -0.199 -0. 288.673 0. 0. -1. 0.
0.197 0.980 0. -260.880 0.980 -0.197 -0. 291.224 0. 0. -1. 0.
0.204 0.979 0. -260.374 0.979 -0.204 -0. 293.938 0. 0. -1. 0.
0.201 0.980 0. -259.784 0.980 -0.201 -0. 296.662 0. 0. -1. 0.
0.207 0.978 0. -259.102 0.978 -0.207 -0. 299.507 0. 0. -1. 0.
0.211 0.977 0. -258.411 0.977 -0.211 -0. 302.437 0. 0. -1. 0.
0.207 0.978 0. -257.749 0.978 -0.207 -0. 305.383 0. 0. -1. 0.
0.208 0.978 0. -257.066 0.978 -0.208 -0. 308.481 0. 0. -1. 0.
0.215 0.977 0. -256.350 0.977 -0.215 -0. 311.609 0. 0. -1. 0.
0.208 0.978 0. -255.554 0.978 -0.208 -0. 314.748 0. 0. -1. 0.
0.213 0.977 0. -254.852 0.977 -0.213 -0. 318.032 0. 0. -1. 0.
0.221 0.975 0. -254.061 0.975 -0.221 -0. 321.274 0. 0. -1. 0.
0.216 0.976 0. -253.231 0.976 -0.216 -0. 324.495 0. 0. -1. 0.
0.225 0.974 0. -252.447 0.974 -0.225 -0. 327.766 0. 0. -1. 0.
0.225 0.974 0. -251.661 0.974 -0.225 -0. 331.014 0. 0. -1. 0.
0.225 0.974 0. -250.822 0.974 -0.225 -0. 334.217 0. 0. -1. 0.
0.222 0.975 0. -250.059 0.975 -0.222 -0. 337.413 0. 0. -1. 0.
0.227 0.974 0. -249.239 0.974 -0.227 -0. 340.655 0. 0. -1. 0.
0.227 0.974 0. -248.405 0.974 -0.227 -0. 343.809 0. 0. -1. 0.
0.223 0.975 0. -247.636 0.975 -0.223 -0. 346.986 0. 0. -1. 0.
0.224 0.975 0. -246.874 0.975 -0.224 -0. 350.164 0. 0. -1. 0.
0.222 0.975 0. -246.022 0.975 -0.222 -0. 353.212 0. 0. -1. 0.
0.224 0.975 0. -245.318 0.975 -0.224 -0. 356.368 0. 0. -1. 0.
0.221 0.975 0. -244.438 0.975 -0.221 -0. 359.373 0. 0. -1. 0.
0.222 0.975 0. -243.777 0.975 -0.222 -0. 362.461 0. 0. -1. 0.
0.223 0.975 0. -242.975 0.975 -0.223 -0. 365.438 0. 0. -1. 0.
0.229 0.973 0. -242.351 0.973 -0.229 -0. 368.484 0. 0. -1. 0.
0.230 0.973 0. -241.615 0.973 -0.230 -0. 371.473 0. 0. -1. 0.
0.223 0.975 0. -240.715 0.975 -0.223 -0. 374.382 0. 0. -1. 0.
0.223 0.975 0. -240.083 0.975 -0.223 -0. 377.332 0. 0. -1. 0.
0.228 0.974 0. -239.355 0.974 -0.228 -0. 380.235 0. 0. -1. 0.
0.229 0.973 0. -238.597 0.973 -0.229 -0. 383.069 0. 0. -1. 0.
0.218 0.976 0. -237.893 0.976 -0.218 -0. 385.924 0. 0. -1. 0.
0.219 0.976 0. -237.224 0.976 -0.219 -0. 388.821 0. 0. -1. 0.
0.215 0.977 0. -236.488 0.977 -0.215 -0. 391.536 0. 0. -1. 0.
0.214 0.977 0. -235.882 0.977 -0.214 -0. 394.358 0. 0. -1. 0.
0.216 0.976 0. -235.204 0.976 -0.216 -0. 397.137 0. 0. -1. 0.
0.216 0.976 0. -234.611 0.976 -0.216 -0. 399.856 0. 0. -1. 0.
0.209 0.978 0. -233.911 0.978 -0.209 -0. 402.523 0. 0. -1. 0.
0.208 0.978 0. -233.270 0.978 -0.208 -0. 405.182 0. 0. -1. 0.
0.206 0.979 0. -232.644 0.979 -0.206 -0. 407.846 0. 0. -1. 0.
0.203 0.979 0. -232.060 0.979 -0.203 -0. 410.337 0. 0. -1. 0.
0.206 0.979 0. -231.589 0.979 -0.206 -0. 412.936 0. 0. -1. 0.
0.212 0.977 0. -230.972 0.977 -0.212 -0. 415.353 0. 0. -1. 0.
0.212 0.977 0. -230.433 0.977 -0.212 -0. 417.742 0. 0. -1. 0.
0.215 0.977 0. -229.879 0.977 -0.215 -0. 420.032 0. 0. -1. 0.
0.212 0.977 0. -229.244 0.977 -0.212 -0. 422.184 0. 0. -1. 0.
0.214 0.977 0. -228.882 0.977 -0.214 -0. 424.289 0. 0. -1. 0.
0.214 0.977 0. -228.346 0.977 -0.214 -0. 426.220 0. 0. -1. 0.
0.216 0.976 0. -227.933 0.976 -0.216 -0. 428.140 0. 0. -1. 0.
0.218 0.976 0. -227.503 0.976 -0.218 -0. 429.925 0. 0. -1. 0.
0.218 0.976 0. -227.084 0.976 -0.218 -0. 431.589 0. 0. -1. 0.
0.219 0.976 0. -226.808 0.976 -0.219 -0. 433.205 0. 0. -1. 0.
0.220 0.976 0. -226.372 0.976 -0.220 -0. 434.725 0. 0. -1. 0.
0.218 0.976 0. -225.953 0.976 -0.218 -0. 436.081 0. 0. -1. 0.
0.220 0.976 0. -225.741 0.976 -0.220 -0. 437.415 0. 0. -1. 0.
0.216 0.976 0. -225.308 0.976 -0.216 -0. 438.655 0. 0. -1. 0.
0.213 0.977 0. -225.145 0.977 -0.213 -0. 439.827 0. 0. -1. 0.
0.211 0.978 0. -224.826 0.978 -0.211 -0. 440.913 0. 0. -1. 0.
0.210 0.978 0. -224.660 0.978 -0.210 -0. 441.891 0. 0. -1. 0.
0.211 0.978 0. -224.399 0.978 -0.211 -0. 442.790 0. 0. -1. 0.
0.210 0.978 0. -224.241 0.978 -0.210 -0. 443.771 0. 0. -1. 0.
0.209 0.978 0. -224.025 0.978 -0.209 -0. 444.575 0. 0. -1. 0.
0.208 0.978 0. -223.693 0.978 -0.208 -0. 445.252 0. 0. -1. 0.
0.210 0.978 0. -223.618 0.978 -0.210 -0. 446.046 0. 0. -1. 0.
0.210 0.978 0. -223.422 0.978 -0.210 -0. 446.663 0. 0. -1. 0.
0.213 0.977 0. -223.329 0.977 -0.213 -0. 447.366 0. 0. -1. 0.
0.212 0.977 0. -223.191 0.977 -0.212 -0. 447.893 0. 0. -1. 0.
0.216 0.976 0. -223.159 0.976 -0.216 -0. 448.471 0. 0. -1. 0.
0.218 0.976 0. -222.986 0.976 -0.218 -0. 448.935 0. 0. -1. 0.
0.222 0.975 0. -222.869 0.975 -0.222 -0. 449.319 0. 0. -1. 0.
0.221 0.975 0. -222.755 0.975 -0.221 -0. 449.648 0. 0. -1. 0.
0.216 0.976 0. -222.694 0.976 -0.216 -0. 449.975 0. 0. -1. 0.
0.217 0.976 0. -222.538 0.976 -0.217 -0. 450.129 0. 0. -1. 0.
0.224 0.975 0. -222.562 0.975 -0.224 -0. 450.392 0. 0. -1. 0.
0.220 0.976 0. -222.492 0.976 -0.220 -0. 450.532 0. 0. -1. 0.
0.221 0.975 0. -222.486 0.975 -0.221 -0. 450.647 0. 0. -1. 0.
0.224 0.975 0. -222.495 0.975 -0.224 -0. 450.754 0. 0. -1. 0.
0.221 0.975 0. -222.431 0.975 -0.221 -0. 450.768 0. 0. -1. 0.
0.217 0.976 0. -222.433 0.976 -0.217 -0. 450.793 0. 0. -1. 0.
0.219 0.976 0. -222.459 0.976 -0.219 -0. 450.808 0. 0. -1. 0.
0.224 0.975 0. -222.541 0.975 -0.224 -0. 450.819 0. 0. -1. 0.
0.222 0.975 0. -222.495 0.975 -0.222 -0. 450.801 0. 0. -1. 0.
0.221 0.975 0. -222.546 0.975 -0.221 -0. 450.819 0. 0. -1. 0.
0.223 0.975 0. -222.504 0.975 -0.223 -0. 450.817 0. 0. -1. 0.
0.222 0.975 0. -222.526 0.975 -0.222 -0. 450.835 0. 0. -1. 0.
0.219 0.976 0. -222.444 0.976 -0.219 -0. 450.792 0. 0. -1. 0.
0.218 0.976 0. -222.540 0.976 -0.218 -0. 450.837 0. 0. -1. 0.
0.221 0.975 0. -222.507 0.975 -0.221 -0. 450.814 0. 0. -1. 0.
0.221 0.975 0. -222.433 0.975 -0.221 -0. 450.756 0. 0. -1. 0.
0.223 0.975 0. -222.543 0.975 -0.223 -0. 450.833 0. 0. -1. 0.
0.222 0.975 0. -222.587 0.975 -0.222 -0. 450.847 0. 0. -1. 0.
0.222 0.975 0. -222.541 0.975 -0.222 -0. 450.820 0. 0. -1. 0.
0.222 0.975 0. -222.435 0.975 -0.222 -0. 450.797 0. 0. -1. 0.
0.221 0.975 0. -222.492 0.975 -0.221 -0. 450.809 0. 0. -1. 0.
0.217 0.976 0. -222.457 0.976 -0.217 -0. 450.781 0. 0. -1. 0.
0.217 0.976 0. -222.505 0.976 -0.217 -0. 450.809 0. 0. -1. 0.
0.222 0.975 0. -222.577 0.975 -0.222 -0. 450.838 0. 0. -1. 0.
0.225 0.974 0. -222.536 0.974 -0.225 -0. 450.818 0. 0. -1. 0.
0.221 0.975 0. -222.434 0.975 -0.221 -0. 450.793 0. 0. -1. 0.
0.221 0.975 0. -222.472 0.975 -0.221 -0. 450.817 0. 0. -1. 0.
0.218 0.976 0. -222.483 0.976 -0.218 -0. 450.767 0. 0. -1. 0.
0.218 0.976 0. -222.528 0.976 -0.218 -0. 450.837 0. 0. -1. 0.
0.221 0.975 0. -222.555 0.975 -0.221 -0. 450.799 0. 0. -1. 0.
0.221 0.975 0. -222.519 0.975 -0.221 -0. 450.839 0. 0. -1. 0.
0.219 0.976 0. -222.513 0.976 -0.219 -0. 450.799 0. 0. -1. 0.
0.222 0.975 0. -222.506 0.975 -0.222 -0. 450.791 0. 0. -1. 0.
0.222 0.975 0. -222.459 0.975 -0.222 -0. 450.803 0. 0. -1. 0.
0.222 0.975 0. -222.565 0.975 -0.222 -0. 450.842 0. 0. -1. 0.
0.221 0.975 0. -222.543 0.975 -0.221 -0. 450.828 0. 0. -1. 0.
0.218 0.976 0. -222.443 0.976 -0.218 -0. 450.805 0. 0. -1. 0.
0.217 0.976 0. -222.536 0.976 -0.217 -0. 450.843 0. 0. -1. 0.
0.218 0.976 0. -222.476 0.976 -0.218 -0. 450.773 0. 0. -1. 0.
0.222 0.975 0. -222.517 0.975 -0.222 -0. 450.834 0. 0. -1. 0.
0.222 0.975 0. -222.411 0.975 -0.222 -0. 450.761 0. 0. -1. 0.
0.221 0.975 0. -222.516 0.975 -0.221 -0. 450.785 0. 0. -1. 0.
0.221 0.975 0. -222.525 0.975 -0.221 -0. 450.833 0. 0. -1. 0.
0.224 0.975 0. -222.543 0.975 -0.224 -0. 450.814 0. 0. -1. 0.
0.220 0.975 0. -222.457 0.975 -0.220 -0. 450.750 0. 0. -1. 0.
0.219 0.976 0. -222.533 0.976 -0.219 -0. 450.856 0. 0. -1. 0.
0.219 0.976 0. -222.469 0.976 -0.219 -0. 450.781 0. 0. -1. 0.
0.225 0.974 0. -222.511 0.974 -0.225 -0. 450.806 0. 0. -1. 0.
0.220 0.976 0. -222.446 0.976 -0.220 -0. 450.806 0. 0. -1. 0.
0.219 0.976 0. -222.511 0.976 -0.219 -0. 450.846 0. 0. -1. 0.
0.221 0.975 0. -222.570 0.975 -0.221 -0. 450.834 0. 0. -1. 0.
0.218 0.976 0. -222.496 0.976 -0.218 -0. 450.820 0. 0. -1. 0.
0.224 0.975 0. -222.534 0.975 -0.224 -0. 450.827 0. 0. -1. 0.
0.220 0.975 0. -222.428 0.975 -0.220 -0. 450.786 0. 0. -1. 0.
0.224 0.975 0. -222.514 0.975 -0.224 -0. 450.831 0. 0. -1. 0.
0.220 0.976 0. -222.440 0.976 -0.220 -0. 450.766 0. 0. -1. 0.
0.222 0.975 0. -222.536 0.975 -0.222 -0. 450.838 0. 0. -1. 0.
0.220 0.975 0. -222.342 0.975 -0.220 -0. 450.710 0. 0. -1. 0.
0.225 0.974 0. -222.494 0.974 -0.225 -0. 450.807 0. 0. -1. 0.
0.224 0.975 0. -222.499 0.975 -0.224 -0. 450.798 0. 0. -1. 0.
0.226 0.974 0. -222.516 0.974 -0.226 -0. 450.826 0. 0. -1. 0.
0.219 0.976 0. -222.397 0.976 -0.219 -0. 450.738 0. 0. -1. 0.
0.223 0.975 0. -222.504 0.975 -0.223 -0. 450.819 0. 0. -1. 0.
0.226 0.974 0. -222.507 0.974 -0.226 -0. 450.807 0. 0. -1. 0.
0.227 0.974 0. -222.501 0.974 -0.227 -0. 450.806 0. 0. -1. 0.
0.222 0.975 0. -222.448 0.975 -0.222 -0. 450.780 0. 0. -1. 0.
0.220 0.975 0. -222.467 0.975 -0.220 -0. 450.791 0. 0. -1. 0.
0.220 0.975 0. -222.452 0.975 -0.220 -0. 450.790 0. 0. -1. 0.
0.222 0.975 0. -222.484 0.975 -0.222 -0. 450.791 0. 0. -1. 0.
0.220 0.976 0. -222.505 0.976 -0.220 -0. 450.815 0. 0. -1. 0.
0.221 0.975 0. -222.515 0.975 -0.221 -0. 450.827 0. 0. -1. 0.
0.224 0.975 0. -222.551 0.975 -0.224 -0. 450.833 0. 0. -1. 0.
0.217 0.976 0. -222.481 0.976 -0.217 -0. 450.817 0. 0. -1. 0.
0.217 0.976 0. -222.510 0.976 -0.217 -0. 450.872 0. 0. -1. 0.
0.221 0.975 0. -222.500 0.975 -0.221 -0. 450.878 0. 0. -1. 0.
0.224 0.975 0. -222.484 0.975 -0.224 -0. 450.940 0. 0. -1. 0.
0.219 0.976 0. -222.396 0.976 -0.219 -0. 451.019 0. 0. -1. 0.
0.221 0.975 0. -222.475 0.975 -0.221 -0. 451.159 0. 0. -1. 0.
0.221 0.975 0. -222.412 0.975 -0.221 -0. 451.209 0. 0. -1. 0.
