1. 0. 0. 0. 0. -1. -0. 0. 0. 0. -1. 0.
1. -0.000 -0. 0.008 -0.000 -1. -0. 0.021 0. 0. -1. 0.
1. 0.001 0. 0.002 0.001 -1. -0. 0.011 0. 0. -1. 0.
1. 0.003 0. 0.005 0.003 -1. -0. 0.016 0. 0. -1. 0.
1. 0.004 0. -0.023 0.004 -1. -0. -0.072 0. 0. -1. 0.
1. -0.001 -0. 0.001 -0.001 -1. -0. 0.013 0. 0. -1. 0.
1. 0.003 0. -0.042 0.003 -1. -0. -0.047 0. 0. -1. 0.
1. 0.011 0. 0.012 0.011 -1. -0. 0.006 0. 0. -1. 0.
1. 0.003 0. 0.015 0.003 -1. -0. 0.009 0. 0. -1. 0.
1. 0.006 0. -0.031 0.006 -1. -0. -0.015 0. 0. -1. 0.
1. 0.012 0. 0.003 0.012 -1. -0. 0.011 0. 0. -1. 0.
1. 0.006 0. -0.008 0.006 -1. -0. -0.032 0. 0. -1. 0.
1. 0.010 0. -0.002 0.010 -1. -0. -0.027 0. 0. -1. 0.
1. 0.001 0. 0.006 0.001 -1. -0. 0.016 0. 0. -1. 0.
1. 0.001 0. -0.004 0.001 -1. -0. -0.017 0. 0. -1. 0.
1. 0.002 0. 0.002 0.002 -1. -0. -0.007 0. 0. -1. 0.
1. 0.002 0. 0.027 0.002 -1. -0. 0.042 0. 0. -1. 0.
1. 0.002 0. -0.025 0.002 -1. -0. -0.071 0. 0. -1. 0.
1. 0.005 0. -0.036 0.005 -1. -0. -0.052 0. 0. -1. 0.
1. 0.002 0. 0.023 0.002 -1. -0. 0.044 0. 0. -1. 0.
1. -0.000 -0. -0.005 -0.000 -1. -0. 0.020 0. 0. -1. 0.
1. 0.002 0. -0.015 0.002 -1. -0. -0.013 0. 0. -1. 0.
1. 0.006 0. -0.001 0.006 -1. -0. 0.030 0. 0. -1. 0.
1. 0.002 0. 0.023 0.002 -1. -0. 0.048 0. 0. -1. 0.
1. 0.002 0. -0.035 0.002 -1. -0. -0.099 0. 0. -1. 0.
1. 0.011 0. -0.000 0.011 -1. -0. 0.016 0. 0. -1. 0.
1. 0.011 0. 0.006 0.011 -1. -0. 0.037 0. 0. -1. 0.
1. 0.010 0. 0.018 0.010 -1. -0. 0.006 0. 0. -1. 0.
1. 0.002 0. -0.003 0.002 -1. -0. 0.006 0. 0. -1. 0.
1. 0.004 0. -0.032 0.004 -1. -0. -0.021 0. 0. -1. 0.
1. -0.002 -0. 0.006 -0.002 -1. -0. 0.009 0. 0. -1. 0.
1. -0.001 -0. -0.004 -0.001 -1. -0. 0.008 0. 0. -1. 0.
1. -0.001 -0. -0.001 -0.001 -1. -0. -0.002 0. 0. -1. 0.
1. 0.003 0. -0.015 0.003 -1. -0. -0.053 0. 0. -1. 0.
1. 0.010 0. -0.001 0.010 -1. -0. 0.020 0. 0. -1. 0.
1. 0.011 0. 0.017 0.011 -1. -0. 0.015 0. 0. -1. 0.
1. -0.001 -0. 0.005 -0.001 -1. -0. -0.004 0. 0. -1. 0.
1. -0.003 -0. -0.016 -0.003 -1. -0. -0.032 0. 0. -1. 0.
1. -0.000 -0. 0.026 -0.000 -1. -0. -0.019 0. 0. -1. 0.
1. 0.000 0. 0.092 0.000 -1. -0. -0.013 0. 0. -1. 0.
1. 0.002 0. 0.122 0.002 -1. -0. 0.002 0. 0. -1. 0.
1. 0.001 0. 0.174 0.001 -1. -0. 0.004 0. 0. -1. 0.
1. -0.001 -0. 0.224 -0.001 -1. -0. 0.007 0. 0. -1. 0.
1. -0.006 -0. 0.340 -0.006 -1. -0. -0.045 0. 0. -1. 0.
1.000 -0.026 -0. 0.566 -0.026 -1.000 -0. -0.035 0. 0. -1. 0.
0.999 -0.046 -0. 0.734 -0.046 -0.999 -0. -0.052 0. 0. -1. 0.
0.997 -0.083 -0. 1.155 -0.083 -0.997 -0. -0.096 0. 0. -1. 0.
0.991 -0.131 -0. 1.601 -0.131 -0.991 -0. -0.110 0. 0. -1. 0.
0.984 -0.179 -0. 2.078 -0.179 -0.984 -0. -0.243 0. 0. -1. 0.
0.976 -0.219 -0. 2.563 -0.219 -0.976 -0. -0.564 0. 0. -1. 0.
0.968 -0.253 -0. 3.219 -0.253 -0.968 -0. -0.645 0. 0. -1. 0.
0.963 -0.268 -0. 3.893 -0.268 -0.963 -0. -0.930 0. 0. -1. 0.
0.960 -0.279 -0. 4.589 -0.279 -0.960 -0. -1.104 0. 0. -1. 0.
0.964 -0.266 -0. 5.377 -0.266 -0.964 -0. -1.355 0. 0. -1. 0.
0.971 -0.241 -0. 6.269 -0.241 -0.971 -0. -1.565 0. 0. -1. 0.
0.975 -0.222 -0. 7.191 -0.222 -0.975 -0. -1.755 0. 0. -1. 0.
0.979 -0.203 -0. 8.060 -0.203 -0.979 -0. -1.873 0. 0. -1. 0.
0.981 -0.193 -0. 9.045 -0.193 -0.981 -0. -2.102 0. 0. -1. 0.
0.985 -0.173 -0. 10.009 -0.173 -0.985 -0. -2.187 0. 0. -1. 0.
0.988 -0.152 -0. 11.009 -0.152 -0.988 -0. -2.417 0. 0. -1. 0.
0.990 -0.140 -0. 12.107 -0.140 -0.990 -0. -2.549 0. 0. -1. 0.
0.992 -0.127 -0. 13.190 -0.127 -0.992 -0. -2.723 0. 0. -1. 0.
0.994 -0.105 -0. 14.340 -0.105 -0.994 -0. -2.894 0. 0. -1. 0.
0.995 -0.095 -0. 15.573 -0.095 -0.995 -0. -2.965 0. 0. -1. 0.
0.996 -0.086 -0. 16.780 -0.086 -0.996 -0. -3.074 0. 0. -1. 0.
0.997 -0.071 -0. 18.050 -0.071 -0.997 -0. -3.274 0. 0. -1. 0.
0.998 -0.065 -0. 19.421 -0.065 -0.998 -0. -3.294 0. 0. -1. 0.
0.998 -0.059 -0. 20.712 -0.059 -0.998 -0. -3.381 0. 0. -1. 0.
0.999 -0.050 -0. 22.114 -0.050 -0.999 -0. -3.472 0. 0. -1. 0.
0.999 -0.042 -0. 23.653 -0.042 -0.999 -0. -3.568 0. 0. -1. 0.
0.999 -0.044 -0. 25.232 -0.044 -0.999 -0. -3.726 0. 0. -1. 0.
0.999 -0.046 -0. 26.825 -0.046 -0.999 -0. -3.760 0. 0. -1. 0.
0.999 -0.046 -0. 28.426 -0.046 -0.999 -0. -3.896 0. 0. -1. 0.
0.999 -0.045 -0. 30.163 -0.045 -0.999 -0. -3.970 0. 0. -1. 0.
0.999 -0.046 -0. 31.785 -0.046 -0.999 -0. -4.168 0. 0. -1. 0.
0.999 -0.044 -0. 33.666 -0.044 -0.999 -0. -4.283 0. 0. -1. 0.
0.999 -0.047 -0. 35.282 -0.047 -0.999 -0. -4.316 0. 0. -1. 0.
0.999 -0.044 -0. 37.034 -0.044 -0.999 -0. -4.435 0. 0. -1. 0.
1.000 -0.032 -0. 38.702 -0.032 -1.000 -0. -4.557 0. 0. -1. 0.
1.000 -0.025 -0. 40.574 -0.025 -1.000 -0. -4.595 0. 0. -1. 0.
1.000 -0.020 -0. 42.355 -0.020 -1.000 -0. -4.599 0. 0. -1. 0.
1. -0.003 -0. 44.167 -0.003 -1. -0. -4.738 0. 0. -1. 0.
1. 0.001 0. 46.093 0.001 -1. -0. -4.672 0. 0. -1. 0.
1. 0.007 0. 47.988 0.007 -1. -0. -4.746 0. 0. -1. 0.
1.000 0.015 0. 49.944 0.015 -1.000 -0. -4.744 0. 0. -1. 0.
1. 0.005 0. 51.912 0.005 -1. -0. -4.699 0. 0. -1. 0.
1. 0.009 0. 53.832 0.009 -1. -0. -4.734 0. 0. -1. 0.
1. 0.007 0. 55.817 0.007 -1. -0. -4.827 0. 0. -1. 0.
1. 0.009 0. 57.799 0.009 -1. -0. -4.830 0. 0. -1. 0.
1. 0.005 0. 59.866 0.005 -1. -0. -4.793 0. 0. -1. 0.
1. 0.006 0. 61.857 0.006 -1. -0. -4.926 0. 0. -1. 0.
1. 0.005 0. 63.853 0.005 -1. -0. -4.930 0. 0. -1. 0.
1. 0.003 0. 65.933 0.003 -1. -0. -4.932 0. 0. -1. 0.
1. -0.003 -0. 67.939 -0.003 -1. -0. -4.899 0. 0. -1. 0.
1. -0.005 -0. 69.907 -0.005 -1. -0. -4.948 0. 0. -1. 0.
1. -0. -0. 71.933 -0. -1. -0. -4.937 0. 0. -1. 0.
1. -0.001 -0. 73.984 -0.001 -1. -0. -5.006 0. 0. -1. 0.
1.000 -0.014 -0. 75.928 -0.014 -1.000 -0. -4.960 0. 0. -1. 0.
1.000 -0.027 -0. 77.944 -0.027 -1.000 -0. -5.016 0. 0. -1. 0.
0.999 -0.047 -0. 79.953 -0.047 -0.999 -0. -5.173 0. 0. -1. 0.
0.997 -0.072 -0. 81.893 -0.072 -0.997 -0. -5.363 0. 0. -1. 0.
0.995 -0.098 -0. 83.824 -0.098 -0.995 -0. -5.616 0. 0. -1. 0.
0.990 -0.141 -0. 85.821 -0.141 -0.990 -0. -5.811 0. 0. -1. 0.
0.986 -0.165 -0. 87.648 -0.165 -0.986 -0. -6.195 0. 0. -1. 0.
0.978 -0.207 -0. 89.629 -0.207 -0.978 -0. -6.542 0. 0. -1. 0.
0.967 -0.253 -0. 91.410 -0.253 -0.967 -0. -7.053 0. 0. -1. 0.
0.953 -0.301 -0. 93.265 -0.301 -0.953 -0. -7.682 0. 0. -1. 0.
0.941 -0.337 -0. 94.951 -0.337 -0.941 -0. -8.313 0. 0. -1. 0.
0.923 -0.385 -0. 96.779 -0.385 -0.923 -0. -8.971 0. 0. -1. 0.
0.906 -0.423 -0. 98.443 -0.423 -0.906 -0. -9.782 0. 0. -1. 0.
0.882 -0.472 -0. 100.102 -0.472 -0.882 -0. -10.564 0. 0. -1. 0.
0.855 -0.519 -0. 101.675 -0.519 -0.855 -0. -11.603 0. 0. -1. 0.
0.820 -0.573 -0. 103.197 -0.573 -0.820 -0. -12.672 0. 0. -1. 0.
0.781 -0.624 -0. 104.580 -0.624 -0.781 -0. -13.859 0. 0. -1. 0.
0.731 -0.682 -0. 105.970 -0.682 -0.731 -0. -14.975 0. 0. -1. 0.
0.677 -0.736 -0. 107.097 -0.736 -0.677 -0. -16.421 0. 0. -1. 0.
0.611 -0.791 -0. 108.262 -0.791 -0.611 -0. -17.762 0. 0. -1. 0.
0.552 -0.834 -0. 109.268 -0.834 -0.552 -0. -19.272 0. 0. -1. 0.
0.499 -0.867 -0. 109.950 -0.867 -0.499 -0. -20.945 0. 0. -1. 0.
0.454 -0.891 -0. 110.699 -0.891 -0.454 -0. -22.636 0. 0. -1. 0.
0.420 -0.907 -0. 111.673 -0.907 -0.420 -0. -24.267 0. 0. -1. 0.
0.401 -0.916 -0. 112.359 -0.916 -0.401 -0. -25.967 0. 0. -1. 0.
0.383 -0.924 -0. 113.050 -0.924 -0.383 -0. -27.797 0. 0. -1. 0.
0.382 -0.924 -0. 113.883 -0.924 -0.382 -0. -29.630 0. 0. -1. 0.
0.378 -0.926 -0. 114.489 -0.926 -0.378 -0. -31.538 0. 0. -1. 0.
0.375 -0.927 -0. 115.232 -0.927 -0.375 -0. -33.494 0. 0. -1. 0.
0.375 -0.927 -0. 116.170 -0.927 -0.375 -0. -35.432 0. 0. -1. 0.
0.385 -0.923 -0. 116.913 -0.923 -0.385 -0. -37.427 0. 0. -1. 0.
0.392 -0.920 -0. 117.647 -0.920 -0.392 -0. -39.434 0. 0. -1. 0.
0.405 -0.915 -0. 118.580 -0.915 -0.405 -0. -41.458 0. 0. -1. 0.
0.420 -0.908 -0. 119.444 -0.908 -0.420 -0. -43.404 0. 0. -1. 0.
0.437 -0.900 -0. 120.359 -0.900 -0.437 -0. -45.317 0. 0. -1. 0.
0.455 -0.891 -0. 121.206 -0.891 -0.455 -0. -47.208 0. 0. -1. 0.
0.467 -0.884 -0. 122.185 -0.884 -0.467 -0. -49.098 0. 0. -1. 0.
0.487 -0.873 -0. 123.038 -0.873 -0.487 -0. -50.893 0. 0. -1. 0.
0.506 -0.863 -0. 124.143 -0.863 -0.506 -0. -52.733 0. 0. -1. 0.
0.519 -0.855 -0. 125.140 -0.855 -0.519 -0. -54.522 0. 0. -1. 0.
0.532 -0.847 -0. 126.229 -0.847 -0.532 -0. -56.213 0. 0. -1. 0.
0.548 -0.837 -0. 127.297 -0.837 -0.548 -0. -57.922 0. 0. -1. 0.
0.562 -0.827 -0. 128.334 -0.827 -0.562 -0. -59.523 0. 0. -1. 0.
0.574 -0.819 -0. 129.568 -0.819 -0.574 -0. -61.327 0. 0. -1. 0.
0.584 -0.812 -0. 130.598 -0.812 -0.584 -0. -62.785 0. 0. -1. 0.
0.607 -0.794 -0. 131.646 -0.794 -0.607 -0. -64.232 0. 0. -1. 0.
0.625 -0.781 -0. 132.748 -0.781 -0.625 -0. -65.666 0. 0. -1. 0.
0.654 -0.756 -0. 133.868 -0.756 -0.654 -0. -67.004 0. 0. -1. 0.
0.676 -0.737 -0. 135.013 -0.737 -0.676 -0. -68.166 0. 0. -1. 0.
0.710 -0.704 -0. 136.082 -0.704 -0.710 -0. -69.231 0. 0. -1. 0.
0.755 -0.655 -0. 137.139 -0.655 -0.755 -0. -70.138 0. 0. -1. 0.
0.811 -0.585 -0. 138.275 -0.585 -0.811 -0. -71.126 0. 0. -1. 0.
0.863 -0.506 -0. 139.347 -0.506 -0.863 -0. -71.642 0. 0. -1. 0.
0.914 -0.407 -0. 140.474 -0.407 -0.914 -0. -72.290 0. 0. -1. 0.
0.955 -0.296 -0. 141.462 -0.296 -0.955 -0. -72.521 0. 0. -1. 0.
0.987 -0.161 -0. 142.363 -0.161 -0.987 -0. -72.771 0. 0. -1. 0.
1. -0.005 -0. 143.309 -0.005 -1. -0. -72.700 0. 0. -1. 0.
0.986 0.168 0. 144.194 0.168 -0.986 -0. -72.553 0. 0. -1. 0.
0.939 0.345 0. 145.093 0.345 -0.939 -0. -72.216 0. 0. -1. 0.
0.854 0.520 0. 145.682 0.520 -0.854 -0. -71.714 0. 0. -1. 0.
0.740 0.673 0. 146.285 0.673 -0.740 -0. -71.064 0. 0. -1. 0.
0.601 0.799 0. 146.809 0.799 -0.601 -0. -70.290 0. 0. -1. 0.
0.447 0.894 0. 147.092 0.894 -0.447 -0. -69.500 0. 0. -1. 0.
0.274 0.962 0. 147.243 0.962 -0.274 -0. -68.682 0. 0. -1. 0.
0.087 0.996 0. 147.285 0.996 -0.087 -0. -67.881 0. 0. -1. 0.
-0.102 0.995 0. 147.197 0.995 0.102 0. -67.002 0. 0. -1. 0.
-0.299 0.954 0. 146.879 0.954 0.299 0. -66.192 0. 0. -1. 0.
-0.489 0.872 0. 146.386 0.872 0.489 0. -65.342 0. 0. -1. 0.
-0.654 0.757 0. 145.711 0.757 0.654 0. -64.533 0. 0. -1. 0.
-0.772 0.636 0. 144.835 0.636 0.772 0. -63.930 0. 0. -1. 0.
-0.848 0.529 0. 143.882 0.529 0.848 0. -63.355 0. 0. -1. 0.
-0.895 0.446 0. 142.683 0.446 0.895 0. -62.678 0. 0. -1. 0.
-0.918 0.397 0. 141.468 0.397 0.918 0. -62.334 0. 0. -1. 0.
-0.928 0.374 0. 140.321 0.374 0.928 0. -61.917 0. 0. -1. 0.
-0.928 0.373 0. 138.975 0.373 0.928 0. -61.455 0. 0. -1. 0.
-0.918 0.396 0. 137.697 0.396 0.918 0. -60.879 0. 0. -1. 0.
-0.904 0.427 0. 136.378 0.427 0.904 0. -60.307 0. 0. -1. 0.
-0.882 0.472 0. 135.036 0.472 0.882 0. -59.540 0. 0. -1. 0.
-0.854 0.520 0. 133.679 0.520 0.854 0. -58.711 0. 0. -1. 0.
-0.820 0.572 0. 132.358 0.572 0.820 0. -57.638 0. 0. -1. 0.
-0.784 0.621 0. 130.976 0.621 0.784 0. -56.603 0. 0. -1. 0.
-0.749 0.662 0. 129.656 0.662 0.749 0. -55.436 0. 0. -1. 0.
-0.713 0.702 0. 128.312 0.702 0.713 0. -54.097 0. 0. -1. 0.
-0.680 0.733 0. 127.078 0.733 0.680 0. -52.647 0. 0. -1. 0.
-0.640 0.769 0. 125.815 0.769 0.640 0. -51.117 0. 0. -1. 0.
-0.597 0.802 0. 124.630 0.802 0.597 0. -49.615 0. 0. -1. 0.
-0.553 0.833 0. 123.529 0.833 0.553 0. -47.879 0. 0. -1. 0.
-0.506 0.863 0. 122.511 0.863 0.506 0. -46.238 0. 0. -1. 0.
-0.468 0.884 0. 121.638 0.884 0.468 0. -44.423 0. 0. -1. 0.
-0.438 0.899 0. 120.562 0.899 0.438 0. -42.505 0. 0. -1. 0.
-0.413 0.911 0. 119.855 0.911 0.413 0. -40.583 0. 0. -1. 0.
-0.395 0.919 0. 119.011 0.919 0.395 0. -38.553 0. 0. -1. 0.
-0.377 0.926 0. 118.367 0.926 0.377 0. -36.567 0. 0. -1. 0.
-0.360 0.933 0. 117.592 0.933 0.360 0. -34.612 0. 0. -1. 0.
-0.346 0.938 0. 116.858 0.938 0.346 0. -32.602 0. 0. -1. 0.
-0.342 0.940 0. 116.085 0.940 0.342 0. -30.627 0. 0. -1. 0.
-0.341 0.940 0. 115.455 0.940 0.341 0. -28.605 0. 0. -1. 0.
-0.351 0.937 0. 114.767 0.937 0.351 0. -26.631 0. 0. -1. 0.
-0.378 0.926 0. 114.151 0.926 0.378 0. -24.592 0. 0. -1. 0.
-0.408 0.913 0. 113.210 0.913 0.408 0. -22.753 0. 0. -1. 0.
-0.455 0.890 0. 112.434 0.890 0.455 0. -20.839 0. 0. -1. 0.
-0.501 0.865 0. 111.547 0.865 0.501 0. -18.991 0. 0. -1. 0.
-0.551 0.834 0. 110.310 0.834 0.551 0. -17.442 0. 0. -1. 0.
-0.609 0.793 0. 109.348 0.793 0.609 0. -15.777 0. 0. -1. 0.
-0.671 0.741 0. 108.003 0.741 0.671 0. -14.229 0. 0. -1. 0.
-0.725 0.689 0. 106.557 0.689 0.725 0. -12.838 0. 0. -1. 0.
-0.777 0.630 0. 105.278 0.630 0.777 0. -11.459 0. 0. -1. 0.
-0.817 0.576 0. 103.593 0.576 0.817 0. -10.398 0. 0. -1. 0.
-0.861 0.509 0. 102.142 0.509 0.861 0. -9.298 0. 0. -1. 0.
-0.893 0.450 0. 100.330 0.450 0.893 0. -8.505 0. 0. -1. 0.
-0.924 0.383 0. 98.506 0.383 0.924 0. -7.559 0. 0. -1. 0.
-0.945 0.327 0. 96.637 0.327 0.945 0. -6.966 0. 0. -1. 0.
-0.964 0.267 0. 94.623 0.267 0.964 0. -6.345 0. 0. -1. 0.
-0.977 0.212 0. 92.637 0.212 0.977 0. -5.887 0. 0. -1. 0.
-0.985 0.172 0. 90.544 0.172 0.985 0. -5.422 0. 0. -1. 0.
-0.991 0.133 0. 88.433 0.133 0.991 0. -5.081 0. 0. -1. 0.
-0.995 0.097 0. 86.228 0.097 0.995 0. -4.906 0. 0. -1. 0.
-0.997 0.071 0. 83.984 0.071 0.997 0. -4.658 0. 0. -1. 0.
-0.998 0.055 0. 81.618 0.055 0.998 0. -4.458 0. 0. -1. 0.
-0.999 0.036 0. 79.294 0.036 0.999 0. -4.338 0. 0. -1. 0.
-1.000 0.025 0. 77.009 0.025 1.000 0. -4.320 0. 0. -1. 0.
-1.000 0.023 0. 74.557 0.023 1.000 0. -4.160 0. 0. -1. 0.
-1.000 0.021 0. 72.147 0.021 1.000 0. -4.072 0. 0. -1. 0.
-1. 0.012 0. 69.694 0.012 1. 0. -4.043 0. 0. -1. 0.
-1. 0.007 0. 67.367 0.007 1. 0. -3.854 0. 0. -1. 0.
-1. 0.014 0. 65.082 0.014 1. 0. -3.905 0. 0. -1. 0.
-1. 0.006 0. 62.687 0.006 1. 0. -3.828 0. 0. -1. 0.
-1. -0.004 -0. 60.435 -0.004 1. 0. -3.770 0. 0. -1. 0.
-1. -0.012 -0. 57.984 -0.012 1. 0. -3.697 0. 0. -1. 0.
-1.000 -0.028 -0. 55.778 -0.028 1.000 0. -3.776 0. 0. -1. 0.
-0.999 -0.037 -0. 53.561 -0.037 0.999 0. -3.791 0. 0. -1. 0.
-0.999 -0.043 -0. 51.295 -0.043 0.999 0. -3.887 0. 0. -1. 0.
-0.999 -0.044 -0. 49.144 -0.044 0.999 0. -3.860 0. 0. -1. 0.
-0.999 -0.033 -0. 46.937 -0.033 0.999 0. -3.999 0. 0. -1. 0.
-1.000 -0.017 -0. 44.754 -0.017 1.000 0. -3.992 0. 0. -1. 0.
-1.000 0.016 0. 42.608 0.016 1.000 0. -4.003 0. 0. -1. 0.
-0.999 0.037 0. 40.512 0.037 0.999 0. -3.885 0. 0. -1. 0.
-0.998 0.063 0. 38.448 0.063 0.998 0. -3.586 0. 0. -1. 0.
-0.996 0.087 0. 36.248 0.087 0.996 0. -3.410 0. 0. -1. 0.
-0.995 0.102 0. 34.282 0.102 0.995 0. -3.118 0. 0. -1. 0.
-0.993 0.119 0. 32.168 0.119 0.993 0. -2.815 0. 0. -1. 0.
-0.993 0.116 0. 30.132 0.116 0.993 0. -2.489 0. 0. -1. 0.
-0.993 0.116 0. 28.078 0.116 0.993 0. -2.329 0. 0. -1. 0.
-0.993 0.118 0. 26.005 0.118 0.993 0. -1.986 0. 0. -1. 0.
-0.993 0.115 0. 23.966 0.115 0.993 0. -1.686 0. 0. -1. 0.
-0.993 0.117 0. 21.836 0.117 0.993 0. -1.394 0. 0. -1. 0.
-0.993 0.114 0. 19.839 0.114 0.993 0. -1.120 0. 0. -1. 0.
-0.994 0.113 0. 17.788 0.113 0.994 0. -0.862 0. 0. -1. 0.
-0.994 0.114 0. 15.818 0.114 0.994 0. -0.755 0. 0. -1. 0.
-0.994 0.109 0. 13.649 0.109 0.994 0. -0.379 0. 0. -1. 0.
-0.994 0.113 0. 11.689 0.113 0.994 0. -0.154 0. 0. -1. 0.
-0.995 0.097 0. 9.551 0.097 0.995 0. 0.077 0. 0. -1. 0.
-0.995 0.098 0. 7.525 0.098 0.995 0. 0.301 0. 0. -1. 0.
-0.995 0.099 0. 5.434 0.099 0.995 0. 0.546 0. 0. -1. 0.
-0.996 0.087 0. 3.435 0.087 0.996 0. 0.814 0. 0. -1. 0.
-0.996 0.090 0. 1.333 0.090 0.996 0. 0.878 0. 0. -1. 0.
-0.997 0.078 0. -0.705 0.078 0.997 0. 1.189 0. 0. -1. 0.
-0.997 0.073 0. -2.820 0.073 0.997 0. 1.300 0. 0. -1. 0.
-0.997 0.083 0. -4.965 0.083 0.997 0. 1.578 0. 0. -1. 0.
-0.997 0.078 0. -7.157 0.078 0.997 0. 1.817 0. 0. -1. 0.
-0.997 0.074 0. -9.383 0.074 0.997 0. 2.064 0. 0. -1. 0.
-0.998 0.066 0. -11.656 0.066 0.998 0. 2.185 0. 0. -1. 0.
-0.998 0.068 0. -14.029 0.068 0.998 0. 2.230 0. 0. -1. 0.
-0.998 0.067 0. -16.212 0.067 0.998 0. 2.514 0. 0. -1. 0.
-0.998 0.061 0. -18.588 0.061 0.998 0. 2.767 0. 0. -1. 0.
-0.998 0.071 0. -20.950 0.071 0.998 0. 2.915 0. 0. -1. 0.
-0.998 0.065 0. -23.146 0.065 0.998 0. 3.086 0. 0. -1. 0.
-0.998 0.059 0. -25.558 0.059 0.998 0. 3.217 0. 0. -1. 0.
-0.998 0.056 0. -27.963 0.056 0.998 0. 3.352 0. 0. -1. 0.
-0.999 0.050 0. -30.096 0.050 0.999 0. 3.420 0. 0. -1. 0.
-0.999 0.049 0. -32.562 0.049 0.999 0. 3.522 0. 0. -1. 0.
-0.999 0.046 0. -34.758 0.046 0.999 0. 3.758 0. 0. -1. 0.
-0.999 0.040 0. -37.080 0.040 0.999 0. 4.011 0. 0. -1. 0.
-0.999 0.033 0. -39.307 0.033 0.999 0. 3.980 0. 0. -1. 0.
-0.999 0.039 0. -41.534 0.039 0.999 0. 4.075 0. 0. -1. 0.
-1.000 0.030 0. -43.632 0.030 1.000 0. 4.209 0. 0. -1. 0.
-1.000 0.030 0. -45.830 0.030 1.000 0. 4.276 0. 0. -1. 0.
-1.000 0.025 0. -47.880 0.025 1.000 0. 4.413 0. 0. -1. 0.
-1.000 0.028 0. -49.773 0.028 1.000 0. 4.563 0. 0. -1. 0.
-0.999 0.037 0. -51.692 0.037 0.999 0. 4.584 0. 0. -1. 0.
-0.999 0.036 0. -53.536 0.036 0.999 0. 4.781 0. 0. -1. 0.
-0.999 0.050 0. -55.258 0.050 0.999 0. 4.938 0. 0. -1. 0.
-0.997 0.072 0. -56.960 0.072 0.997 0. 4.873 0. 0. -1. 0.
-0.995 0.102 0. -58.441 0.102 0.995 0. 5.103 0. 0. -1. 0.
-0.992 0.124 0. -59.900 0.124 0.992 0. 5.323 0. 0. -1. 0.
-0.986 0.167 0. -61.277 0.167 0.986 0. 5.660 0. 0. -1. 0.
-0.977 0.215 0. -62.538 0.215 0.977 0. 5.914 0. 0. -1. 0.
-0.959 0.285 0. -63.681 0.285 0.959 0. 6.332 0. 0. -1. 0.
-0.935 0.355 0. -64.729 0.355 0.935 0. 6.637 0. 0. -1. 0.
-0.901 0.433 0. -65.766 0.433 0.901 0. 7.311 0. 0. -1. 0.
-0.847 0.532 0. -66.684 0.532 0.847 0. 8.041 0. 0. -1. 0.
-0.778 0.628 0. -67.413 0.628 0.778 0. 8.711 0. 0. -1. 0.
-0.708 0.706 0. -68.130 0.706 0.708 0. 9.544 0. 0. -1. 0.
-0.628 0.778 0. -68.790 0.778 0.628 0. 10.504 0. 0. -1. 0.
-0.536 0.845 0. -69.350 0.845 0.536 0. 11.345 0. 0. -1. 0.
-0.438 0.899 0. -69.856 0.899 0.438 0. 12.305 0. 0. -1. 0.
-0.347 0.938 0. -70.144 0.938 0.347 0. 13.359 0. 0. -1. 0.
-0.254 0.967 0. -70.482 0.967 0.254 0. 14.538 0. 0. -1. 0.
-0.164 0.986 0. -70.658 0.986 0.164 0. 15.624 0. 0. -1. 0.
-0.108 0.994 0. -70.721 0.994 0.108 0. 16.927 0. 0. -1. 0.
-0.076 0.997 0. -70.857 0.997 0.076 0. 18.272 0. 0. -1. 0.
-0.049 0.999 0. -70.837 0.999 0.049 0. 19.714 0. 0. -1. 0.
-0.037 0.999 0. -70.917 0.999 0.037 0. 21.203 0. 0. -1. 0.
-0.021 1.000 0. -70.883 1.000 0.021 0. 22.674 0. 0. -1. 0.
-0.013 1. 0. -70.917 1. 0.013 0. 24.286 0. 0. -1. 0.
0.003 1. 0. -71.056 1. -0.003 -0. 25.906 0. 0. -1. 0.
0.012 1. 0. -70.946 1. -0.012 -0. 27.588 0. 0. -1. 0.
0.018 1.000 0. -70.810 1.000 -0.018 -0. 29.380 0. 0. -1. 0.
0.033 0.999 0. -70.623 0.999 -0.033 -0. 31.192 0. 0. -1. 0.
0.059 0.998 0. -70.608 0.998 -0.059 -0. 32.932 0. 0. -1. 0.
0.074 0.997 0. -70.478 0.997 -0.074 -0. 34.671 0. 0. -1. 0.
0.091 0.996 0. -70.199 0.996 -0.091 -0. 36.503 0. 0. -1. 0.
0.119 0.993 0. -70.035 0.993 -0.119 -0. 38.303 0. 0. -1. 0.
0.160 0.987 0. -69.758 0.987 -0.160 -0. 39.989 0. 0. -1. 0.
0.194 0.981 0. -69.347 0.981 -0.194 -0. 41.773 0. 0. -1. 0.
0.209 0.978 0. -68.953 0.978 -0.209 -0. 43.478 0. 0. -1. 0.
0.222 0.975 0. -68.394 0.975 -0.222 -0. 45.109 0. 0. -1. 0.
0.216 0.976 0. -67.981 0.976 -0.216 -0. 46.910 0. 0. -1. 0.
0.204 0.979 0. -67.595 0.979 -0.204 -0. 48.610 0. 0. -1. 0.
0.171 0.985 0. -67.242 0.985 -0.171 -0. 50.503 0. 0. -1. 0.
0.151 0.988 0. -66.965 0.988 -0.151 -0. 52.336 0. 0. -1. 0.
0.123 0.992 0. -66.718 0.992 -0.123 -0. 54.132 0. 0. -1. 0.
0.086 0.996 0. -66.511 0.996 -0.086 -0. 56.106 0. 0. -1. 0.
0.061 0.998 0. -66.352 0.998 -0.061 -0. 58.120 0. 0. -1. 0.
0.044 0.999 0. -66.274 0.999 -0.044 -0. 60.209 0. 0. -1. 0.
0.037 0.999 0. -66.147 0.999 -0.037 -0. 62.210 0. 0. -1. 0.
0.032 0.999 0. -66.080 0.999 -0.032 -0. 64.252 0. 0. -1. 0.
0.031 1.000 0. -65.956 1.000 -0.031 -0. 66.319 0. 0. -1. 0.
0.032 0.999 0. -65.909 0.999 -0.032 -0. 68.398 0. 0. -1. 0.
0.034 0.999 0. -65.807 0.999 -0.034 -0. 70.392 0. 0. -1. 0.
0.039 0.999 0. -65.676 0.999 -0.039 -0. 72.419 0. 0. -1. 0.
0.031 1.000 0. -65.522 1.000 -0.031 -0. 74.395 0. 0. -1. 0.
0.028 1.000 0. -65.476 1.000 -0.028 -0. 76.403 0. 0. -1. 0.
0.042 0.999 0. -65.381 0.999 -0.042 -0. 78.236 0. 0. -1. 0.
0.029 1.000 0. -65.265 1.000 -0.029 -0. 79.964 0. 0. -1. 0.
0.015 1.000 0. -65.121 1.000 -0.015 -0. 81.815 0. 0. -1. 0.
-0.008 1. 0. -65.187 1. 0.008 0. 83.436 0. 0. -1. 0.
-0.032 0.999 0. -65.230 0.999 0.032 0. 85.096 0. 0. -1. 0.
-0.063 0.998 0. -65.249 0.998 0.063 0. 86.665 0. 0. -1. 0.
-0.117 0.993 0. -65.421 0.993 0.117 0. 88.029 0. 0. -1. 0.
-0.186 0.983 0. -65.540 0.983 0.186 0. 89.559 0. 0. -1. 0.
-0.258 0.966 0. -65.957 0.966 0.258 0. 91.039 0. 0. -1. 0.
-0.343 0.939 0. -66.381 0.939 0.343 0. 92.281 0. 0. -1. 0.
-0.431 0.902 0. -66.900 0.902 0.431 0. 93.549 0. 0. -1. 0.
-0.511 0.859 0. -67.557 0.859 0.511 0. 94.802 0. 0. -1. 0.
-0.594 0.804 0. -68.303 0.804 0.594 0. 95.975 0. 0. -1. 0.
-0.664 0.748 0. -69.223 0.748 0.664 0. 96.931 0. 0. -1. 0.
-0.741 0.671 0. -70.237 0.671 0.741 0. 97.868 0. 0. -1. 0.
-0.799 0.601 0. -71.366 0.601 0.799 0. 98.842 0. 0. -1. 0.
-0.859 0.511 0. -72.608 0.511 0.859 0. 99.494 0. 0. -1. 0.
-0.904 0.427 0. -74.035 0.427 0.904 0. 100.262 0. 0. -1. 0.
-0.939 0.343 0. -75.469 0.343 0.939 0. 100.781 0. 0. -1. 0.
-0.963 0.270 0. -77.108 0.270 0.963 0. 101.317 0. 0. -1. 0.
-0.975 0.223 0. -78.606 0.223 0.975 0. 101.508 0. 0. -1. 0.
-0.982 0.190 0. -80.085 0.190 0.982 0. 101.998 0. 0. -1. 0.
-0.984 0.179 0. -81.763 0.179 0.984 0. 102.179 0. 0. -1. 0.
-0.978 0.207 0. -83.228 0.207 0.978 0. 102.493 0. 0. -1. 0.
-0.969 0.248 0. -84.842 0.248 0.969 0. 102.846 0. 0. -1. 0.
-0.956 0.293 0. -86.375 0.293 0.956 0. 103.364 0. 0. -1. 0.
-0.943 0.334 0. -87.966 0.334 0.943 0. 104.050 0. 0. -1. 0.
-0.927 0.376 0. -89.571 0.376 0.927 0. 104.654 0. 0. -1. 0.
-0.906 0.424 0. -91.130 0.424 0.906 0. 105.386 0. 0. -1. 0.
-0.879 0.476 0. -92.699 0.476 0.879 0. 106.256 0. 0. -1. 0.
-0.850 0.527 0. -94.211 0.527 0.850 0. 107.266 0. 0. -1. 0.
-0.814 0.581 0. -95.708 0.581 0.814 0. 108.329 0. 0. -1. 0.
-0.780 0.626 0. -97.088 0.626 0.780 0. 109.570 0. 0. -1. 0.
-0.746 0.666 0. -98.461 0.666 0.746 0. 110.775 0. 0. -1. 0.
-0.716 0.698 0. -99.917 0.698 0.716 0. 112.056 0. 0. -1. 0.
-0.695 0.719 0. -101.231 0.719 0.695 0. 113.389 0. 0. -1. 0.
-0.687 0.726 0. -102.538 0.726 0.687 0. 114.860 0. 0. -1. 0.
-0.688 0.726 0. -103.845 0.726 0.688 0. 116.359 0. 0. -1. 0.
-0.688 0.726 0. -105.254 0.726 0.688 0. 117.932 0. 0. -1. 0.
-0.683 0.731 0. -106.733 0.731 0.683 0. 119.403 0. 0. -1. 0.
-0.685 0.729 0. -108.157 0.729 0.685 0. 120.974 0. 0. -1. 0.
-0.689 0.725 0. -109.592 0.725 0.689 0. 122.787 0. 0. -1. 0.
-0.691 0.723 0. -110.992 0.723 0.691 0. 124.505 0. 0. -1. 0.
-0.687 0.727 0. -112.751 0.727 0.687 0. 125.976 0. 0. -1. 0.
-0.693 0.721 0. -114.285 0.721 0.693 0. 127.690 0. 0. -1. 0.
-0.694 0.720 0. -115.976 0.720 0.694 0. 129.479 0. 0. -1. 0.
-0.693 0.721 0. -117.581 0.721 0.693 0. 131.305 0. 0. -1. 0.
-0.693 0.721 0. -119.174 0.721 0.693 0. 133.069 0. 0. -1. 0.
-0.692 0.722 0. -120.808 0.722 0.692 0. 134.914 0. 0. -1. 0.
-0.693 0.721 0. -122.599 0.721 0.693 0. 136.784 0. 0. -1. 0.
-0.691 0.723 0. -124.303 0.723 0.691 0. 138.658 0. 0. -1. 0.
-0.685 0.729 0. -126.097 0.729 0.685 0. 140.571 0. 0. -1. 0.
-0.688 0.726 0. -127.836 0.726 0.688 0. 142.507 0. 0. -1. 0.
-0.683 0.731 0. -129.515 0.731 0.683 0. 144.465 0. 0. -1. 0.
-0.685 0.728 0. -131.234 0.728 0.685 0. 146.447 0. 0. -1. 0.
-0.680 0.733 0. -133.007 0.733 0.680 0. 148.420 0. 0. -1. 0.
-0.673 0.740 0. -134.736 0.740 0.673 0. 150.444 0. 0. -1. 0.
-0.675 0.737 0. -136.507 0.737 0.675 0. 152.437 0. 0. -1. 0.
-0.659 0.752 0. -138.187 0.752 0.659 0. 154.366 0. 0. -1. 0.
-0.652 0.758 0. -139.927 0.758 0.652 0. 156.320 0. 0. -1. 0.
-0.640 0.768 0. -141.586 0.768 0.640 0. 158.414 0. 0. -1. 0.
-0.625 0.781 0. -143.081 0.781 0.625 0. 160.499 0. 0. -1. 0.
-0.604 0.797 0. -144.616 0.797 0.604 0. 162.463 0. 0. -1. 0.
-0.582 0.813 0. -146.054 0.813 0.582 0. 164.597 0. 0. -1. 0.
-0.562 0.827 0. -147.399 0.827 0.562 0. 166.737 0. 0. -1. 0.
-0.528 0.849 0. -148.712 0.849 0.528 0. 168.834 0. 0. -1. 0.
-0.499 0.866 0. -149.892 0.866 0.499 0. 171.007 0. 0. -1. 0.
-0.458 0.889 0. -151.016 0.889 0.458 0. 173.174 0. 0. -1. 0.
-0.419 0.908 0. -152.033 0.908 0.419 0. 175.444 0. 0. -1. 0.
-0.373 0.928 0. -152.838 0.928 0.373 0. 177.680 0. 0. -1. 0.
-0.321 0.947 0. -153.652 0.947 0.321 0. 180.073 0. 0. -1. 0.
-0.277 0.961 0. -154.437 0.961 0.277 0. 182.382 0. 0. -1. 0.
-0.237 0.972 0. -154.994 0.972 0.237 0. 184.822 0. 0. -1. 0.
-0.198 0.980 0. -155.454 0.980 0.198 0. 187.256 0. 0. -1. 0.
-0.173 0.985 0. -155.745 0.985 0.173 0. 189.757 0. 0. -1. 0.
-0.144 0.990 0. -156.438 0.990 0.144 0. 192.140 0. 0. -1. 0.
-0.129 0.992 0. -156.506 0.992 0.129 0. 194.702 0. 0. -1. 0.
-0.117 0.993 0. -156.784 0.993 0.117 0. 197.273 0. 0. -1. 0.
-0.102 0.995 0. -157.150 0.995 0.102 0. 199.825 0. 0. -1. 0.
-0.099 0.995 0. -157.255 0.995 0.099 0. 202.361 0. 0. -1. 0.
-0.096 0.995 0. -157.426 0.995 0.096 0. 204.973 0. 0. -1. 0.
-0.092 0.996 0. -157.523 0.996 0.092 0. 207.457 0. 0. -1. 0.
-0.082 0.997 0. -157.797 0.997 0.082 0. 210.050 0. 0. -1. 0.
-0.085 0.996 0. -157.976 0.996 0.085 0. 212.448 0. 0. -1. 0.
-0.093 0.996 0. -158.206 0.996 0.093 0. 214.968 0. 0. -1. 0.
-0.115 0.993 0. -158.387 0.993 0.115 0. 217.358 0. 0. -1. 0.
-0.152 0.988 0. -158.589 0.988 0.152 0. 219.666 0. 0. -1. 0.
-0.188 0.982 0. -159.176 0.982 0.188 0. 222.072 0. 0. -1. 0.
-0.236 0.972 0. -159.535 0.972 0.236 0. 224.354 0. 0. -1. 0.
-0.285 0.959 0. -160.077 0.959 0.285 0. 226.694 0. 0. -1. 0.
-0.336 0.942 0. -160.920 0.942 0.336 0. 228.612 0. 0. -1. 0.
-0.397 0.918 0. -161.721 0.918 0.397 0. 230.749 0. 0. -1. 0.
-0.457 0.889 0. -162.767 0.889 0.457 0. 232.665 0. 0. -1. 0.
-0.522 0.853 0. -163.737 0.853 0.522 0. 234.646 0. 0. -1. 0.
-0.591 0.807 0. -164.984 0.807 0.591 0. 236.470 0. 0. -1. 0.
-0.658 0.753 0. -166.330 0.753 0.658 0. 238.121 0. 0. -1. 0.
-0.722 0.692 0. -167.994 0.692 0.722 0. 239.659 0. 0. -1. 0.
-0.782 0.623 0. -169.582 0.623 0.782 0. 241.128 0. 0. -1. 0.
-0.832 0.555 0. -171.380 0.555 0.832 0. 242.392 0. 0. -1. 0.
-0.875 0.484 0. -173.320 0.484 0.875 0. 243.450 0. 0. -1. 0.
-0.912 0.410 0. -175.312 0.410 0.912 0. 244.540 0. 0. -1. 0.
-0.935 0.355 0. -177.523 0.355 0.935 0. 245.337 0. 0. -1. 0.
-0.946 0.323 0. -179.567 0.323 0.946 0. 246.086 0. 0. -1. 0.
-0.950 0.313 0. -181.799 0.313 0.950 0. 246.858 0. 0. -1. 0.
-0.952 0.306 0. -183.917 0.306 0.952 0. 247.711 0. 0. -1. 0.
-0.954 0.299 0. -186.194 0.299 0.954 0. 248.363 0. 0. -1. 0.
-0.954 0.299 0. -188.311 0.299 0.954 0. 249.152 0. 0. -1. 0.
-0.956 0.294 0. -190.639 0.294 0.956 0. 249.890 0. 0. -1. 0.
-0.960 0.281 0. -192.922 0.281 0.960 0. 250.552 0. 0. -1. 0.
-0.961 0.275 0. -195.382 0.275 0.961 0. 251.114 0. 0. -1. 0.
-0.959 0.282 0. -197.490 0.282 0.959 0. 251.856 0. 0. -1. 0.
-0.959 0.283 0. -199.646 0.283 0.959 0. 252.599 0. 0. -1. 0.
-0.959 0.284 0. -201.931 0.284 0.959 0. 253.355 0. 0. -1. 0.
-0.957 0.291 0. -204.084 0.291 0.957 0. 253.978 0. 0. -1. 0.
-0.954 0.301 0. -206.195 0.301 0.954 0. 254.685 0. 0. -1. 0.
-0.950 0.312 0. -208.345 0.312 0.950 0. 255.409 0. 0. -1. 0.
-0.951 0.309 0. -210.516 0.309 0.951 0. 256.057 0. 0. -1. 0.
-0.951 0.309 0. -212.621 0.309 0.951 0. 256.807 0. 0. -1. 0.
-0.951 0.308 0. -214.674 0.308 0.951 0. 257.510 0. 0. -1. 0.
-0.951 0.309 0. -216.724 0.309 0.951 0. 258.236 0. 0. -1. 0.
-0.950 0.312 0. -218.757 0.312 0.950 0. 258.988 0. 0. -1. 0.
-0.948 0.319 0. -220.607 0.319 0.948 0. 259.600 0. 0. -1. 0.
-0.946 0.325 0. -222.466 0.325 0.946 0. 260.218 0. 0. -1. 0.
-0.943 0.334 0. -224.261 0.334 0.943 0. 260.840 0. 0. -1. 0.
-0.938 0.345 0. -225.944 0.345 0.938 0. 261.476 0. 0. -1. 0.
-0.929 0.369 0. -227.540 0.369 0.929 0. 262.072 0. 0. -1. 0.
-0.916 0.401 0. -228.837 0.401 0.916 0. 262.731 0. 0. -1. 0.
-0.895 0.447 0. -230.022 0.447 0.895 0. 263.347 0. 0. -1. 0.
-0.870 0.493 0. -231.018 0.493 0.870 0. 264.088 0. 0. -1. 0.
-0.839 0.544 0. -232.034 0.544 0.839 0. 264.692 0. 0. -1. 0.
-0.807 0.590 0. -232.649 0.590 0.807 0. 265.158 0. 0. -1. 0.
-0.778 0.628 0. -233.311 0.628 0.778 0. 265.766 0. 0. -1. 0.
-0.742 0.671 0. -233.710 0.671 0.742 0. 266.127 0. 0. -1. 0.
-0.717 0.697 0. -234.000 0.697 0.717 0. 266.513 0. 0. -1. 0.
-0.694 0.720 0. -234.296 0.720 0.694 0. 266.730 0. 0. -1. 0.
-0.672 0.741 0. -234.489 0.741 0.672 0. 266.959 0. 0. -1. 0.
-0.654 0.756 0. -234.680 0.756 0.654 0. 267.152 0. 0. -1. 0.
-0.646 0.763 0. -234.789 0.763 0.646 0. 267.371 0. 0. -1. 0.
-0.637 0.771 0. -234.948 0.771 0.637 0. 267.562 0. 0. -1. 0.
-0.628 0.778 0. -234.970 0.778 0.628 0. 267.525 0. 0. -1. 0.
-0.625 0.781 0. -234.995 0.781 0.625 0. 267.666 0. 0. -1. 0.
-0.621 0.784 0. -235.062 0.784 0.621 0. 267.705 0. 0. -1. 0.
-0.618 0.786 0. -235.100 0.786 0.618 0. 267.697 0. 0. -1. 0.
-0.617 0.787 0. -235.196 0.787 0.617 0. 267.747 0. 0. -1. 0.
-0.618 0.786 0. -235.062 0.786 0.618 0. 267.661 0. 0. -1. 0.
-0.619 0.786 0. -235.089 0.786 0.619 0. 267.746 0. 0. -1. 0.
-0.617 0.787 0. -235.059 0.787 0.617 0. 267.768 0. 0. -1. 0.
-0.619 0.786 0. -235.079 0.786 0.619 0. 267.707 0. 0. -1. 0.
-0.619 0.786 0. -235.111 0.786 0.619 0. 267.696 0. 0. -1. 0.
-0.619 0.786 0. -235.139 0.786 0.619 0. 267.787 0. 0. -1. 0.
-0.619 0.786 0. -235.232 0.786 0.619 0. 267.830 0. 0. -1. 0.
-0.626 0.780 0. -235.432 0.780 0.626 0. 267.974 0. 0. -1. 0.
-0.640 0.769 0. -235.299 0.769 0.640 0. 268.099 0. 0. -1. 0.
-0.662 0.750 0. -235.423 0.750 0.662 0. 268.149 0. 0. -1. 0.
-0.686 0.727 0. -235.606 0.727 0.686 0. 268.323 0. 0. -1. 0.
-0.716 0.699 0. -235.695 0.699 0.716 0. 268.346 0. 0. -1. 0.
-0.746 0.666 0. -235.945 0.666 0.746 0. 268.464 0. 0. -1. 0.
-0.782 0.624 0. -236.144 0.624 0.782 0. 268.683 0. 0. -1. 0.
-0.811 0.585 0. -236.363 0.585 0.811 0. 268.733 0. 0. -1. 0.
-0.842 0.539 0. -236.565 0.539 0.842 0. 268.864 0. 0. -1. 0.
-0.869 0.494 0. -236.826 0.494 0.869 0. 269.047 0. 0. -1. 0.
-0.894 0.449 0. -237.080 0.449 0.894 0. 269.155 0. 0. -1. 0.
-0.910 0.414 0. -237.343 0.414 0.910 0. 269.202 0. 0. -1. 0.
-0.929 0.371 0. -237.645 0.371 0.929 0. 269.363 0. 0. -1. 0.
-0.945 0.326 0. -238.156 0.326 0.945 0. 269.477 0. 0. -1. 0.
-0.958 0.288 0. -238.802 0.288 0.958 0. 269.624 0. 0. -1. 0.
-0.965 0.262 0. -239.325 0.262 0.965 0. 269.830 0. 0. -1. 0.
-0.971 0.239 0. -239.916 0.239 0.971 0. 269.975 0. 0. -1. 0.
-0.971 0.241 0. -240.566 0.241 0.971 0. 270.134 0. 0. -1. 0.
-0.970 0.242 0. -241.105 0.242 0.970 0. 270.215 0. 0. -1. 0.
-0.971 0.241 0. -241.666 0.241 0.971 0. 270.400 0. 0. -1. 0.
-0.966 0.257 0. -242.228 0.257 0.966 0. 270.685 0. 0. -1. 0.
-0.963 0.268 0. -242.759 0.268 0.963 0. 270.709 0. 0. -1. 0.
-0.961 0.278 0. -243.235 0.278 0.961 0. 270.918 0. 0. -1. 0.
-0.955 0.295 0. -243.682 0.295 0.955 0. 270.992 0. 0. -1. 0.
-0.952 0.307 0. -244.024 0.307 0.952 0. 271.161 0. 0. -1. 0.
-0.949 0.314 0. -244.306 0.314 0.949 0. 271.367 0. 0. -1. 0.
-0.948 0.317 0. -244.597 0.317 0.948 0. 271.380 0. 0. -1. 0.
-0.947 0.321 0. -244.889 0.321 0.947 0. 271.469 0. 0. -1. 0.
-0.946 0.325 0. -245.072 0.325 0.946 0. 271.535 0. 0. -1. 0.
-0.946 0.323 0. -245.242 0.323 0.946 0. 271.601 0. 0. -1. 0.
-0.946 0.325 0. -245.485 0.325 0.946 0. 271.756 0. 0. -1. 0.
-0.941 0.338 0. -245.559 0.338 0.941 0. 271.787 0. 0. -1. 0.
-0.940 0.341 0. -245.574 0.341 0.940 0. 271.809 0. 0. -1. 0.
-0.942 0.336 0. -245.702 0.336 0.942 0. 271.810 0. 0. -1. 0.
-0.942 0.336 0. -245.830 0.336 0.942 0. 271.762 0. 0. -1. 0.
-0.942 0.336 0. -245.770 0.336 0.942 0. 271.823 0. 0. -1. 0.
-0.940 0.340 0. -245.857 0.340 0.940 0. 271.679 0. 0. -1. 0.
-0.941 0.338 0. -245.776 0.338 0.941 0. 271.766 0. 0. -1. 0.
-0.940 0.341 0. -245.852 0.341 0.940 0. 271.845 0. 0. -1. 0.
-0.941 0.339 0. -245.881 0.339 0.941 0. 271.947 0. 0. -1. 0.
-0.940 0.342 0. -245.789 0.342 0.940 0. 271.787 0. 0. -1. 0.
-0.941 0.338 0. -245.805 0.338 0.941 0. 271.831 0. 0. -1. 0.
-0.940 0.342 0. -245.854 0.342 0.940 0. 271.816 0. 0. -1. 0.
-0.940 0.340 0. -245.816 0.340 0.940 0. 271.886 0. 0. -1. 0.
-0.941 0.338 0. -245.942 0.338 0.941 0. 271.943 0. 0. -1. 0.
-0.940 0.341 0. -245.977 0.341 0.940 0. 271.824 0. 0. -1. 0.
-0.941 0.339 0. -246.152 0.339 0.941 0. 271.898 0. 0. -1. 0.
-0.940 0.342 0. -246.359 0.342 0.940 0. 272.018 0. 0. -1. 0.
-0.939 0.344 0. -246.550 0.344 0.939 0. 272.106 0. 0. -1. 0.
-0.937 0.350 0. -246.786 0.350 0.937 0. 272.293 0. 0. -1. 0.
-0.930 0.367 0. -246.891 0.367 0.930 0. 272.330 0. 0. -1. 0.
-0.927 0.375 0. -247.103 0.375 0.927 0. 272.358 0. 0. -1. 0.
-0.922 0.386 0. -247.386 0.386 0.922 0. 272.531 0. 0. -1. 0.
-0.913 0.407 0. -247.808 0.407 0.913 0. 272.623 0. 0. -1. 0.
-0.898 0.440 0. -248.329 0.440 0.898 0. 272.895 0. 0. -1. 0.
-0.868 0.497 0. -248.840 0.497 0.868 0. 273.182 0. 0. -1. 0.
-0.825 0.566 0. -249.217 0.566 0.825 0. 273.575 0. 0. -1. 0.
-0.763 0.646 0. -249.924 0.646 0.763 0. 274.200 0. 0. -1. 0.
-0.685 0.728 0. -250.131 0.728 0.685 0. 274.630 0. 0. -1. 0.
-0.595 0.804 0. -250.744 0.804 0.595 0. 275.460 0. 0. -1. 0.
-0.476 0.880 0. -251.087 0.880 0.476 0. 276.083 0. 0. -1. 0.
-0.361 0.933 0. -251.069 0.933 0.361 0. 277.007 0. 0. -1. 0.
-0.265 0.964 0. -251.398 0.964 0.265 0. 278.123 0. 0. -1. 0.
-0.180 0.984 0. -251.444 0.984 0.180 0. 279.219 0. 0. -1. 0.
-0.097 0.995 0. -251.628 0.995 0.097 0. 280.533 0. 0. -1. 0.
-0.019 1.000 0. -251.850 1.000 0.019 0. 281.938 0. 0. -1. 0.
0.041 0.999 0. -251.615 0.999 -0.041 -0. 283.492 0. 0. -1. 0.
0.096 0.995 0. -251.424 0.995 -0.096 -0. 285.216 0. 0. -1. 0.
0.141 0.990 0. -251.085 0.990 -0.141 -0. 287.041 0. 0. -1. 0.
0.185 0.983 0. -250.773 0.983 -0.185 -0. 288.920 0. 0. -1. 0.
0.214 0.977 0. -250.206 0.977 -0.214 -0. 290.886 0. 0. -1. 0.
0.238 0.971 0. -249.553 0.971 -0.238 -0. 293.072 0. 0. -1. 0.
0.251 0.968 0. -248.979 0.968 -0.251 -0. 295.325 0. 0. -1. 0.
0.257 0.966 0. -248.345 0.966 -0.257 -0. 297.510 0. 0. -1. 0.
0.261 0.965 0. -247.719 0.965 -0.261 -0. 300.144 0. 0. -1. 0.
0.269 0.963 0. -246.861 0.963 -0.269 -0. 302.641 0. 0. -1. 0.
0.267 0.964 0. -245.949 0.964 -0.267 -0. 305.361 0. 0. -1. 0.
0.270 0.963 0. -245.184 0.963 -0.270 -0. 308.266 0. 0. -1. 0.
0.283 0.959 0. -244.309 0.959 -0.283 -0. 311.322 0. 0. -1. 0.
0.290 0.957 0. -243.287 0.957 -0.290 -0. 314.322 0. 0. -1. 0.
0.289 0.957 0. -242.212 0.957 -0.289 -0. 317.642 0. 0. -1. 0.
0.289 0.957 0. -241.154 0.957 -0.289 -0. 320.933 0. 0. -1. 0.
0.294 0.956 0. -240.144 0.956 -0.294 -0. 324.278 0. 0. -1. 0.
0.288 0.958 0. -239.017 0.958 -0.288 -0. 327.645 0. 0. -1. 0.
0.284 0.959 0. -237.952 0.959 -0.284 -0. 331.015 0. 0. -1. 0.
0.289 0.957 0. -236.874 0.957 -0.289 -0. 334.418 0. 0. -1. 0.
0.291 0.957 0. -235.871 0.957 -0.291 -0. 337.766 0. 0. -1. 0.
0.287 0.958 0. -234.743 0.958 -0.287 -0. 341.051 0. 0. -1. 0.
0.285 0.959 0. -233.682 0.959 -0.285 -0. 344.425 0. 0. -1. 0.
0.288 0.958 0. -232.577 0.958 -0.288 -0. 347.715 0. 0. -1. 0.
0.292 0.956 0. -231.581 0.956 -0.292 -0. 350.947 0. 0. -1. 0.
0.294 0.956 0. -230.487 0.956 -0.294 -0. 354.245 0. 0. -1. 0.
0.287 0.958 0. -229.207 0.958 -0.287 -0. 357.438 0. 0. -1. 0.
0.287 0.958 0. -228.419 0.958 -0.287 -0. 360.813 0. 0. -1. 0.
0.282 0.959 0. -227.485 0.959 -0.282 -0. 363.929 0. 0. -1. 0.
0.285 0.959 0. -226.470 0.959 -0.285 -0. 367.149 0. 0. -1. 0.
0.281 0.960 0. -225.471 0.960 -0.281 -0. 370.360 0. 0. -1. 0.
0.283 0.959 0. -224.468 0.959 -0.283 -0. 373.532 0. 0. -1. 0.
0.284 0.959 0. -223.467 0.959 -0.284 -0. 376.584 0. 0. -1. 0.
0.284 0.959 0. -222.436 0.959 -0.284 -0. 379.757 0. 0. -1. 0.
0.294 0.956 0. -221.445 0.956 -0.294 -0. 382.803 0. 0. -1. 0.
0.290 0.957 0. -220.435 0.957 -0.290 -0. 385.797 0. 0. -1. 0.
0.294 0.956 0. -219.537 0.956 -0.294 -0. 388.915 0. 0. -1. 0.
0.291 0.957 0. -218.573 0.957 -0.291 -0. 391.806 0. 0. -1. 0.
0.290 0.957 0. -217.530 0.957 -0.290 -0. 394.822 0. 0. -1. 0.
0.285 0.959 0. -216.622 0.959 -0.285 -0. 397.733 0. 0. -1. 0.
0.289 0.957 0. -215.766 0.957 -0.289 -0. 400.744 0. 0. -1. 0.
0.288 0.958 0. -214.833 0.958 -0.288 -0. 403.616 0. 0. -1. 0.
0.284 0.959 0. -213.871 0.959 -0.284 -0. 406.471 0. 0. -1. 0.
0.281 0.960 0. -213.081 0.960 -0.281 -0. 409.250 0. 0. -1. 0.
0.276 0.961 0. -212.133 0.961 -0.276 -0. 412.030 0. 0. -1. 0.
0.281 0.960 0. -211.534 0.960 -0.281 -0. 414.910 0. 0. -1. 0.
0.278 0.961 0. -210.418 0.961 -0.278 -0. 417.515 0. 0. -1. 0.
0.275 0.962 0. -209.731 0.962 -0.275 -0. 420.358 0. 0. -1. 0.
0.277 0.961 0. -208.923 0.961 -0.277 -0. 423.039 0. 0. -1. 0.
0.276 0.961 0. -208.110 0.961 -0.276 -0. 425.709 0. 0. -1. 0.
0.274 0.962 0. -207.235 0.962 -0.274 -0. 428.304 0. 0. -1. 0.
0.278 0.961 0. -206.609 0.961 -0.278 -0. 431.132 0. 0. -1. 0.
0.272 0.962 0. -205.643 0.962 -0.272 -0. 433.679 0. 0. -1. 0.
0.273 0.962 0. -204.855 0.962 -0.273 -0. 436.362 0. 0. -1. 0.
0.276 0.961 0. -204.080 0.961 -0.276 -0. 438.981 0. 0. -1. 0.
0.283 0.959 0. -203.236 0.959 -0.283 -0. 441.680 0. 0. -1. 0.
0.281 0.960 0. -202.375 0.960 -0.281 -0. 444.162 0. 0. -1. 0.
0.278 0.961 0. -201.540 0.961 -0.278 -0. 446.928 0. 0. -1. 0.
0.277 0.961 0. -200.853 0.961 -0.277 -0. 449.553 0. 0. -1. 0.
0.277 0.961 0. -200.063 0.961 -0.277 -0. 452.206 0. 0. -1. 0.
0.275 0.961 0. -199.206 0.961 -0.275 -0. 454.706 0. 0. -1. 0.
0.270 0.963 0. -198.421 0.963 -0.270 -0. 457.322 0. 0. -1. 0.
0.268 0.963 0. -197.545 0.963 -0.268 -0. 459.854 0. 0. -1. 0.
0.270 0.963 0. -196.838 0.963 -0.270 -0. 462.380 0. 0. -1. 0.
0.277 0.961 0. -196.112 0.961 -0.277 -0. 464.850 0. 0. -1. 0.
0.279 0.960 0. -195.320 0.960 -0.279 -0. 467.261 0. 0. -1. 0.
0.278 0.960 0. -194.559 0.960 -0.278 -0. 469.531 0. 0. -1. 0.
0.279 0.960 0. -193.884 0.960 -0.279 -0. 471.878 0. 0. -1. 0.
0.284 0.959 0. -193.236 0.959 -0.284 -0. 474.066 0. 0. -1. 0.
0.288 0.958 0. -192.536 0.958 -0.288 -0. 476.137 0. 0. -1. 0.
0.290 0.957 0. -191.876 0.957 -0.290 -0. 478.175 0. 0. -1. 0.
0.291 0.957 0. -191.274 0.957 -0.291 -0. 480.198 0. 0. -1. 0.
0.292 0.957 0. -190.690 0.957 -0.292 -0. 482.097 0. 0. -1. 0.
0.289 0.957 0. -190.022 0.957 -0.289 -0. 483.964 0. 0. -1. 0.
0.286 0.958 0. -189.481 0.958 -0.286 -0. 485.776 0. 0. -1. 0.
0.295 0.956 0. -188.844 0.956 -0.295 -0. 487.498 0. 0. -1. 0.
0.293 0.956 0. -188.407 0.956 -0.293 -0. 489.206 0. 0. -1. 0.
0.291 0.957 0. -187.755 0.957 -0.291 -0. 490.940 0. 0. -1. 0.
0.287 0.958 0. -187.188 0.958 -0.287 -0. 492.491 0. 0. -1. 0.
0.296 0.955 0. -186.803 0.955 -0.296 -0. 494.243 0. 0. -1. 0.
0.297 0.955 0. -186.249 0.955 -0.297 -0. 495.838 0. 0. -1. 0.
0.293 0.956 0. -185.594 0.956 -0.293 -0. 497.401 0. 0. -1. 0.
0.294 0.956 0. -185.199 0.956 -0.294 -0. 499.060 0. 0. -1. 0.
0.293 0.956 0. -184.695 0.956 -0.293 -0. 500.591 0. 0. -1. 0.
0.289 0.957 0. -184.122 0.957 -0.289 -0. 502.158 0. 0. -1. 0.
0.292 0.956 0. -183.627 0.956 -0.292 -0. 503.688 0. 0. -1. 0.
0.284 0.959 0. -183.222 0.959 -0.284 -0. 505.161 0. 0. -1. 0.
0.281 0.960 0. -182.692 0.960 -0.281 -0. 506.727 0. 0. -1. 0.
0.282 0.959 0. -182.275 0.959 -0.282 -0. 508.135 0. 0. -1. 0.
0.275 0.962 0. -181.882 0.962 -0.275 -0. 509.480 0. 0. -1. 0.
0.274 0.962 0. -181.375 0.962 -0.274 -0. 510.940 0. 0. -1. 0.
0.277 0.961 0. -181.030 0.961 -0.277 -0. 512.191 0. 0. -1. 0.
0.278 0.961 0. -180.660 0.961 -0.278 -0. 513.442 0. 0. -1. 0.
0.275 0.962 0. -180.250 0.962 -0.275 -0. 514.670 0. 0. -1. 0.
0.279 0.960 0. -179.881 0.960 -0.279 -0. 515.867 0. 0. -1. 0.
0.279 0.960 0. -179.510 0.960 -0.279 -0. 516.978 0. 0. -1. 0.
0.279 0.960 0. -179.148 0.960 -0.279 -0. 518.095 0. 0. -1. 0.
0.277 0.961 0. -178.853 0.961 -0.277 -0. 519.216 0. 0. -1. 0.
0.278 0.960 0. -178.499 0.960 -0.278 -0. 520.305 0. 0. -1. 0.
0.281 0.960 0. -178.151 0.960 -0.281 -0. 521.384 0. 0. -1. 0.
0.279 0.960 0. -177.792 0.960 -0.279 -0. 522.451 0. 0. -1. 0.
0.288 0.958 0. -177.502 0.958 -0.288 -0. 523.609 0. 0. -1. 0.
0.289 0.957 0. -177.156 0.957 -0.289 -0. 524.643 0. 0. -1. 0.
0.289 0.957 0. -176.792 0.957 -0.289 -0. 525.694 0. 0. -1. 0.
0.289 0.957 0. -176.443 0.957 -0.289 -0. 526.825 0. 0. -1. 0.
0.282 0.959 0. -176.074 0.959 -0.282 -0. 527.998 0. 0. -1. 0.
0.280 0.960 0. -175.717 0.960 -0.280 -0. 529.222 0. 0. -1. 0.
0.277 0.961 0. -175.302 0.961 -0.277 -0. 530.529 0. 0. -1. 0.
0.284 0.959 0. -174.963 0.959 -0.284 -0. 531.798 0. 0. -1. 0.
0.283 0.959 0. -174.445 0.959 -0.283 -0. 533.213 0. 0. -1. 0.
0.282 0.959 0. -173.918 0.959 -0.282 -0. 534.667 0. 0. -1. 0.
0.285 0.959 0. -173.475 0.959 -0.285 -0. 536.306 0. 0. -1. 0.
0.285 0.958 0. -172.955 0.958 -0.285 -0. 537.904 0. 0. -1. 0.
0.282 0.959 0. -172.457 0.959 -0.282 -0. 539.614 0. 0. -1. 0.
0.284 0.959 0. -171.855 0.959 -0.284 -0. 541.366 0. 0. -1. 0.
0.290 0.957 0. -171.336 0.957 -0.290 -0. 543.091 0. 0. -1. 0.
0.291 0.957 0. -170.754 0.957 -0.291 -0. 544.826 0. 0. -1. 0.
0.286 0.958 0. -170.084 0.958 -0.286 -0. 546.701 0. 0. -1. 0.
0.285 0.959 0. -169.565 0.959 -0.285 -0. 548.660 0. 0. -1. 0.
