1608317079518053 1.00000 0.00000 0.00000 -0.00000 0.00000 -1.00000 0.00000 0.00000 0.00000 -0.00000 -1.00000 0.00000
1608317079768059 1.00000 0.00132 0.00000 0.01547 0.00132 -1.00000 0.00000 -0.02087 0.00000 -0.00000 -1.00000 -0.00000
1608317080018069 1.00000 -0.00114 0.00000 -0.00415 -0.00114 -1.00000 0.00000 0.00218 -0.00000 -0.00000 -1.00000 0.00000
1608317080268064 1.00000 -0.00120 0.00000 0.00402 -0.00120 -1.00000 0.00000 -0.01254 -0.00000 -0.00000 -1.00000 -0.00000
1608317080518063 1.00000 -0.00061 0.00000 0.00274 -0.00061 -1.00000 0.00000 -0.00830 -0.00000 -0.00000 -1.00000 -0.00000
1608317080768066 1.00000 -0.00122 -0.00000 -0.01028 -0.00122 -1.00000 0.00000 0.00040 -0.00000 -0.00000 -1.00000 0.00000
1608317081018069 0.99998 -0.00674 0.00000 0.00204 -0.00674 -0.99998 0.00000 -0.00354 -0.00000 -0.00000 -1.00000 -0.00000
1608317081268075 0.99999 -0.00545 0.00000 0.03426 -0.00545 -0.99999 0.00000 -0.01594 -0.00000 -0.00000 -1.00000 -0.00000
1608317081518069 1.00000 0.00075 0.00000 0.01291 0.00075 -1.00000 0.00000 -0.02055 0.00000 -0.00000 -1.00000 -0.00000
1608317081768074 0.99997 -0.00802 0.00000 -0.00544 -0.00802 -0.99997 0.00000 0.00054 -0.00000 -0.00000 -1.00000 0.00000
1608317082017457 0.99999 -0.00372 0.00000 0.04895 -0.00372 -0.99999 0.00000 -0.12283 -0.00000 -0.00000 -1.00000 -0.00000
1608317082267462 1.00000 0.00197 0.00000 -0.02379 0.00197 -1.00000 0.00000 -0.01462 0.00000 -0.00000 -1.00000 -0.00000
1608317082518089 0.99999 -0.00345 0.00000 0.00260 -0.00345 -0.99999 0.00000 -0.02740 -0.00000 -0.00000 -1.00000 -0.00000
1608317082768091 0.99999 -0.00354 0.00000 0.01250 -0.00354 -0.99999 0.00000 -0.01041 -0.00000 -0.00000 -1.00000 -0.00000
1608317083018090 0.99999 -0.00474 0.00000 0.00038 -0.00474 -0.99999 0.00000 -0.01065 -0.00000 -0.00000 -1.00000 -0.00000
1608317083268100 0.99998 -0.00681 0.00000 0.02470 -0.00681 -0.99998 0.00000 -0.00440 -0.00000 -0.00000 -1.00000 -0.00000
1608317083518140 0.99999 -0.00496 0.00000 0.01193 -0.00496 -0.99999 0.00000 -0.01207 -0.00000 -0.00000 -1.00000 -0.00000
1608317083768105 0.99999 -0.00349 0.00000 0.00691 -0.00349 -0.99999 0.00000 -0.00175 -0.00000 -0.00000 -1.00000 -0.00000
1608317084018104 1.00000 0.00132 -0.00000 0.01429 0.00132 -1.00000 0.00000 -0.02594 0.00000 -0.00000 -1.00000 -0.00000
1608317084268105 1.00000 0.00127 0.00000 -0.00618 0.00127 -1.00000 0.00000 0.00181 0.00000 -0.00000 -1.00000 0.00000
1608317084518111 1.00000 0.00046 0.00000 0.00507 0.00046 -1.00000 0.00000 -0.01098 0.00000 -0.00000 -1.00000 -0.00000
1608317084768119 1.00000 0.00091 0.00000 0.01787 0.00091 -1.00000 0.00000 -0.02842 0.00000 -0.00000 -1.00000 -0.00000
1608317085018116 0.99999 -0.00545 0.00000 0.02463 -0.00545 -0.99999 0.00000 -0.09720 -0.00000 -0.00000 -1.00000 -0.00000
1608317085268121 1.00000 0.00094 0.00000 0.01149 0.00094 -1.00000 0.00000 -0.00751 0.00000 -0.00000 -1.00000 -0.00000
1608317085518120 1.00000 0.00210 0.00000 -0.00072 0.00210 -1.00000 0.00000 0.00359 0.00000 -0.00000 -1.00000 0.00000
1608317085768131 1.00000 0.00227 -0.00000 0.01622 0.00227 -1.00000 0.00000 -0.04106 0.00000 -0.00000 -1.00000 -0.00000
1608317086018132 1.00000 0.00189 0.00000 0.01067 0.00189 -1.00000 0.00000 -0.02221 0.00000 -0.00000 -1.00000 -0.00000
1608317086268135 1.00000 0.00156 0.00000 0.00959 0.00156 -1.00000 0.00000 -0.02952 0.00000 -0.00000 -1.00000 -0.00000
1608317086518136 1.00000 0.00102 0.00000 -0.00116 0.00102 -1.00000 0.00000 -0.01003 0.00000 -0.00000 -1.00000 -0.00000
1608317086768136 0.99999 -0.00477 0.00000 -0.00862 -0.00477 -0.99999 0.00000 0.01017 -0.00000 -0.00000 -1.00000 0.00000
1608317087017517 0.99998 -0.00617 0.00000 0.02798 -0.00617 -0.99998 0.00000 -0.10528 -0.00000 -0.00000 -1.00000 -0.00000
1608317087267522 1.00000 -0.00236 0.00000 -0.00704 -0.00236 -1.00000 0.00000 -0.07190 -0.00000 -0.00000 -1.00000 -0.00000
1608317087518146 0.99996 -0.00934 0.00000 0.00897 -0.00934 -0.99996 0.00000 -0.02034 -0.00000 -0.00000 -1.00000 -0.00000
1608317087767524 1.00000 0.00158 0.00000 0.01051 0.00158 -1.00000 0.00000 -0.04793 0.00000 -0.00000 -1.00000 -0.00000
1608317088017539 0.99999 0.00422 0.00000 -0.00957 0.00422 -0.99999 0.00000 0.01747 0.00000 -0.00000 -1.00000 0.00000
1608317088268157 0.99999 -0.00339 0.00000 0.02203 -0.00339 -0.99999 0.00000 -0.01424 -0.00000 -0.00000 -1.00000 -0.00000
1608317088518158 1.00000 -0.00205 -0.00000 0.01940 -0.00205 -1.00000 0.00000 -0.05321 -0.00000 -0.00000 -1.00000 -0.00000
1608317088768785 0.99997 -0.00752 0.00000 0.02021 -0.00752 -0.99997 0.00000 -0.00469 -0.00000 -0.00000 -1.00000 -0.00000
1608317089018788 0.99999 -0.00501 0.00000 0.02482 -0.00501 -0.99999 0.00000 -0.00194 -0.00000 -0.00000 -1.00000 -0.00000
1608317089268800 1.00000 0.00091 0.00000 0.01307 0.00091 -1.00000 0.00000 -0.02764 0.00000 -0.00000 -1.00000 -0.00000
1608317089518802 1.00000 0.00143 0.00000 -0.00437 0.00143 -1.00000 0.00000 -0.03628 0.00000 -0.00000 -1.00000 -0.00000
1608317089768799 1.00000 0.00083 -0.00000 0.00607 0.00083 -1.00000 0.00000 -0.01258 0.00000 -0.00000 -1.00000 -0.00000
1608317090018805 1.00000 0.00018 0.00000 0.02305 0.00018 -1.00000 0.00000 -0.03639 0.00000 -0.00000 -1.00000 -0.00000
1608317090269438 0.99997 -0.00795 0.00000 0.03017 -0.00795 -0.99997 0.00000 -0.01313 -0.00000 -0.00000 -1.00000 -0.00000
1608317090518815 0.99999 -0.00502 0.00000 0.03023 -0.00502 -0.99999 0.00000 -0.10098 -0.00000 -0.00000 -1.00000 -0.00000
1608317090769438 0.99998 -0.00637 0.00000 0.02459 -0.00637 -0.99998 0.00000 -0.00373 -0.00000 -0.00000 -1.00000 -0.00000
1608317091019440 0.99999 -0.00461 0.00000 0.01512 -0.00461 -0.99999 0.00000 -0.00463 -0.00000 -0.00000 -1.00000 -0.00000
1608317091269449 0.99999 -0.00488 0.00000 -0.00640 -0.00488 -0.99999 0.00000 -0.00470 -0.00000 -0.00000 -1.00000 -0.00000
1608317091519454 0.99999 -0.00359 0.00000 0.01533 -0.00359 -0.99999 0.00000 -0.00520 -0.00000 -0.00000 -1.00000 -0.00000
1608317091769452 1.00000 -0.00014 0.00000 0.00653 -0.00014 -1.00000 0.00000 -0.01501 -0.00000 -0.00000 -1.00000 -0.00000
1608317092019457 0.99999 -0.00406 -0.00000 -0.00973 -0.00406 -0.99999 0.00000 0.00184 -0.00000 -0.00000 -1.00000 0.00000
1608317092269452 0.99995 -0.01020 0.00000 0.01241 -0.01020 -0.99995 0.00000 -0.01801 -0.00000 -0.00000 -1.00000 -0.00000
1608317092518831 1.00000 -0.00129 0.00000 0.01844 -0.00129 -1.00000 0.00000 -0.05418 -0.00000 -0.00000 -1.00000 -0.00000
1608317092768837 0.99999 0.00363 0.00000 0.01119 0.00363 -0.99999 0.00000 -0.00925 0.00000 -0.00000 -1.00000 -0.00000
1608317093019462 0.99999 -0.00358 -0.00000 0.03832 -0.00358 -0.99999 0.00000 -0.01632 -0.00000 -0.00000 -1.00000 -0.00000
1608317093269469 1.00000 -0.00182 0.00000 0.03378 -0.00182 -1.00000 0.00000 -0.01182 -0.00000 -0.00000 -1.00000 -0.00000
1608317093519468 0.99999 0.00427 0.00000 0.01815 0.00427 -0.99999 0.00000 -0.01774 0.00000 -0.00000 -1.00000 -0.00000
1608317093769469 0.99985 0.01710 0.00000 -0.05663 0.01710 -0.99985 0.00000 -0.00169 0.00000 -0.00000 -1.00000 -0.00000
1608317094019480 0.99937 0.03536 0.00000 -0.14584 0.03536 -0.99937 0.00000 0.00372 0.00000 -0.00000 -1.00000 0.00000
1608317094268856 0.99717 0.07518 0.00000 -0.27005 0.07518 -0.99717 0.00000 0.00019 0.00000 -0.00000 -1.00000 0.00000
1608317094518855 0.99344 0.11432 0.00000 -0.46233 0.11432 -0.99344 0.00000 0.04966 0.00000 -0.00000 -1.00000 0.00000
1608317094768858 0.98547 0.16985 0.00000 -0.64160 0.16985 -0.98547 0.00000 0.05031 0.00000 -0.00000 -1.00000 0.00000
1608317095018863 0.97315 0.23018 0.00000 -1.06786 0.23018 -0.97315 0.00000 0.04399 0.00000 -0.00000 -1.00000 0.00000
1608317095269491 0.95795 0.28695 0.00000 -1.44588 0.28695 -0.95795 0.00000 -0.04728 0.00000 -0.00000 -1.00000 -0.00000
1608317095520116 0.95081 0.30979 0.00000 -1.87549 0.30979 -0.95081 0.00000 -0.03026 0.00000 -0.00000 -1.00000 -0.00000
1608317095770123 0.94297 0.33287 0.00000 -2.29253 0.33287 -0.94297 0.00000 -0.18002 0.00000 -0.00000 -1.00000 -0.00000
1608317096020138 0.94185 0.33603 0.00000 -2.87362 0.33603 -0.94185 0.00000 -0.13735 0.00000 -0.00000 -1.00000 -0.00000
1608317096270132 0.94699 0.32125 0.00000 -3.46037 0.32125 -0.94699 0.00000 -0.12949 0.00000 -0.00000 -1.00000 -0.00000
1608317096520755 0.95748 0.28851 0.00000 -4.06443 0.28851 -0.95748 0.00000 0.06628 0.00000 -0.00000 -1.00000 0.00000
1608317096770757 0.96822 0.25012 0.00000 -4.72747 0.25012 -0.96822 0.00000 0.12734 0.00000 -0.00000 -1.00000 0.00000
1608317097020137 0.97679 0.21422 -0.00000 -5.49973 0.21422 -0.97679 0.00000 0.24101 0.00000 -0.00000 -1.00000 0.00000
1608317097270144 0.98554 0.16942 0.00000 -6.25201 0.16942 -0.98554 0.00000 0.49912 0.00000 -0.00000 -1.00000 0.00000
1608317097519516 0.99148 0.13024 0.00000 -7.05152 0.13024 -0.99148 0.00000 0.75247 0.00000 -0.00000 -1.00000 0.00000
1608317097768897 0.99648 0.08381 0.00000 -7.97219 0.08381 -0.99648 0.00000 0.95736 0.00000 -0.00000 -1.00000 0.00000
1608317098018903 0.99918 0.04054 -0.00000 -8.87407 0.04054 -0.99918 0.00000 1.31073 0.00000 -0.00000 -1.00000 0.00000
1608317098269532 0.99999 0.00492 -0.00000 -9.86998 0.00492 -0.99999 0.00000 1.69568 0.00000 -0.00000 -1.00000 0.00000
1608317098518280 0.99986 -0.01703 0.00000 -10.88813 -0.01703 -0.99986 0.00000 1.76284 -0.00000 -0.00000 -1.00000 0.00000
1608317098768909 0.99910 -0.04241 0.00000 -12.04903 -0.04241 -0.99910 0.00000 2.17624 -0.00000 -0.00000 -1.00000 0.00000
1608317099018287 0.99878 -0.04929 0.00000 -13.25618 -0.04929 -0.99878 0.00000 2.06330 -0.00000 -0.00000 -1.00000 0.00000
1608317099268291 0.99810 -0.06162 0.00000 -14.53234 -0.06162 -0.99810 0.00000 2.33117 -0.00000 -0.00000 -1.00000 0.00000
1608317099518299 0.99821 -0.05973 0.00000 -15.77078 -0.05973 -0.99821 0.00000 2.24200 -0.00000 -0.00000 -1.00000 0.00000
1608317099768296 0.99832 -0.05790 0.00000 -17.24062 -0.05790 -0.99832 0.00000 2.20822 -0.00000 -0.00000 -1.00000 0.00000
1608317100018929 0.99821 -0.05981 0.00000 -18.69479 -0.05981 -0.99821 0.00000 2.24051 -0.00000 -0.00000 -1.00000 0.00000
1608317100268928 0.99838 -0.05697 -0.00000 -20.23413 -0.05697 -0.99838 0.00000 2.21485 -0.00000 -0.00000 -1.00000 0.00000
1608317100518929 0.99864 -0.05219 0.00000 -21.87377 -0.05219 -0.99864 0.00000 2.04009 -0.00000 -0.00000 -1.00000 0.00000
1608317100768930 0.99914 -0.04146 0.00000 -23.58588 -0.04146 -0.99914 0.00000 1.67674 -0.00000 -0.00000 -1.00000 0.00000
1608317101019562 0.99909 -0.04268 -0.00000 -25.26885 -0.04268 -0.99909 0.00000 1.74179 -0.00000 -0.00000 -1.00000 0.00000
1608317101269565 0.99943 -0.03373 -0.00000 -27.07018 -0.03373 -0.99943 0.00000 1.41713 -0.00000 -0.00000 -1.00000 0.00000
1608317101519568 0.99951 -0.03119 -0.00000 -28.76928 -0.03119 -0.99951 0.00000 1.36747 -0.00000 -0.00000 -1.00000 0.00000
1608317101769568 0.99962 -0.02764 -0.00000 -30.40268 -0.02764 -0.99962 0.00000 1.24989 -0.00000 -0.00000 -1.00000 0.00000
1608317102019572 0.99986 -0.01699 0.00000 -32.23082 -0.01699 -0.99986 0.00000 0.90772 -0.00000 -0.00000 -1.00000 0.00000
1608317102269583 0.99989 -0.01513 0.00000 -34.00957 -0.01513 -0.99989 0.00000 0.77731 -0.00000 -0.00000 -1.00000 0.00000
1608317102519579 1.00000 -0.00128 0.00000 -35.85180 -0.00128 -1.00000 0.00000 0.37124 -0.00000 -0.00000 -1.00000 0.00000
1608317102768953 0.99993 0.01197 0.00000 -37.68982 0.01197 -0.99993 0.00000 -0.18474 0.00000 -0.00000 -1.00000 -0.00000
1608317103018959 0.99988 0.01576 0.00000 -39.56350 0.01576 -0.99988 0.00000 -0.31988 0.00000 -0.00000 -1.00000 -0.00000
1608317103269589 0.99992 0.01225 0.00000 -41.34663 0.01225 -0.99992 0.00000 -0.17959 0.00000 -0.00000 -1.00000 -0.00000
1608317103519593 0.99993 0.01147 0.00000 -43.27612 0.01147 -0.99993 0.00000 -0.21180 0.00000 -0.00000 -1.00000 -0.00000
1608317103769596 0.99996 0.00915 0.00000 -45.23221 0.00915 -0.99996 0.00000 -0.17699 0.00000 -0.00000 -1.00000 -0.00000
1608317104019610 1.00000 0.00296 0.00000 -47.15371 0.00296 -1.00000 0.00000 0.20842 0.00000 -0.00000 -1.00000 0.00000
1608317104269603 0.99999 0.00457 -0.00000 -49.18326 0.00457 -0.99999 0.00000 0.04840 0.00000 -0.00000 -1.00000 0.00000
1608317104519610 0.99997 0.00802 -0.00000 -51.20443 0.00802 -0.99997 0.00000 -0.20550 0.00000 -0.00000 -1.00000 -0.00000
1608317104769610 0.99998 0.00552 -0.00000 -53.29899 0.00552 -0.99998 0.00000 -0.18424 0.00000 -0.00000 -1.00000 -0.00000
1608317105019610 0.99997 0.00832 0.00000 -55.35950 0.00832 -0.99997 0.00000 -0.38346 0.00000 -0.00000 -1.00000 -0.00000
1608317105269615 0.99993 0.01209 0.00000 -57.45111 0.01209 -0.99993 0.00000 -0.62465 0.00000 -0.00000 -1.00000 -0.00000
1608317105519617 0.99998 0.00565 0.00000 -59.53106 0.00565 -0.99998 0.00000 -0.16157 0.00000 -0.00000 -1.00000 -0.00000
1608317105769615 0.99997 0.00761 0.00000 -61.55515 0.00761 -0.99997 0.00000 -0.22493 0.00000 -0.00000 -1.00000 -0.00000
1608317106019622 1.00000 0.00231 0.00000 -63.58725 0.00231 -1.00000 0.00000 0.06842 0.00000 -0.00000 -1.00000 0.00000
1608317106269625 0.99999 -0.00341 0.00000 -65.63792 -0.00341 -0.99999 0.00000 0.42808 -0.00000 -0.00000 -1.00000 0.00000
1608317106520248 0.99988 -0.01518 -0.00000 -67.67682 -0.01518 -0.99988 0.00000 1.25272 -0.00000 -0.00000 -1.00000 0.00000
1608317106770256 0.99975 -0.02227 0.00000 -69.71872 -0.02227 -0.99975 0.00000 1.69723 -0.00000 -0.00000 -1.00000 0.00000
1608317107020260 0.99940 -0.03472 0.00000 -71.75274 -0.03472 -0.99940 0.00000 2.58947 -0.00000 -0.00000 -1.00000 0.00000
1608317107270265 0.99902 -0.04427 -0.00000 -73.73242 -0.04427 -0.99902 0.00000 3.22050 -0.00000 -0.00000 -1.00000 0.00000
1608317107520266 0.99782 -0.06603 0.00000 -75.72615 -0.06603 -0.99782 0.00000 4.67741 -0.00000 -0.00000 -1.00000 0.00000
1608317107770267 0.99614 -0.08777 -0.00000 -77.69743 -0.08777 -0.99614 0.00000 6.50016 -0.00000 -0.00000 -1.00000 0.00000
1608317108020273 0.99260 -0.12146 0.00000 -79.40985 -0.12146 -0.99260 0.00000 9.08913 -0.00000 -0.00000 -1.00000 0.00000
1608317108270900 0.98605 -0.16646 0.00000 -80.91311 -0.16646 -0.98605 0.00000 12.72643 -0.00000 -0.00000 -1.00000 0.00000
1608317108520895 0.97530 -0.22088 0.00000 -82.13145 -0.22088 -0.97530 0.00000 17.21660 -0.00000 -0.00000 -1.00000 0.00000
1608317108770273 0.96273 -0.27048 0.00000 -83.03060 -0.27048 -0.96273 0.00000 21.40766 -0.00000 -0.00000 -1.00000 0.00000
1608317109019028 0.94457 -0.32831 0.00000 -83.50440 -0.32831 -0.94457 0.00000 26.38891 -0.00000 -0.00000 -1.00000 0.00000
1608317109268410 0.92402 -0.38235 -0.00000 -83.92855 -0.38235 -0.92402 0.00000 31.08075 -0.00000 -0.00000 -1.00000 0.00000
1608317109517790 0.90087 -0.43409 0.00000 -84.07739 -0.43409 -0.90087 0.00000 35.94486 -0.00000 -0.00000 -1.00000 0.00000
1608317109767164 0.87790 -0.47885 0.00000 -84.00848 -0.47885 -0.87790 0.00000 40.03674 -0.00000 -0.00000 -1.00000 0.00000
1608317110017174 0.84173 -0.53990 0.00000 -83.01248 -0.53990 -0.84173 0.00000 45.94126 -0.00000 -0.00000 -1.00000 0.00000
1608317110267174 0.80279 -0.59627 -0.00000 -81.65442 -0.59627 -0.80279 0.00000 51.44432 -0.00000 -0.00000 -1.00000 0.00000
1608317110516560 0.75794 -0.65232 0.00000 -79.80745 -0.65232 -0.75794 0.00000 57.24066 -0.00000 -0.00000 -1.00000 0.00000
1608317110766557 0.70787 -0.70635 0.00000 -77.39498 -0.70635 -0.70787 0.00000 62.90982 -0.00000 -0.00000 -1.00000 0.00000
1608317111017182 0.65437 -0.75618 0.00000 -74.50426 -0.75618 -0.65437 0.00000 68.43839 -0.00000 -0.00000 -1.00000 0.00000
1608317111267184 0.59625 -0.80280 0.00000 -71.16018 -0.80280 -0.59625 0.00000 73.82781 -0.00000 -0.00000 -1.00000 0.00000
1608317111517189 0.53397 -0.84551 0.00000 -67.36958 -0.84551 -0.53397 0.00000 78.97367 -0.00000 -0.00000 -1.00000 0.00000
1608317111767189 0.47240 -0.88139 -0.00000 -63.47980 -0.88139 -0.47240 0.00000 83.57408 -0.00000 -0.00000 -1.00000 0.00000
1608317112016578 0.42031 -0.90738 -0.00000 -60.49978 -0.90738 -0.42031 0.00000 87.01544 -0.00000 -0.00000 -1.00000 0.00000
1608317112265947 0.37717 -0.92615 0.00000 -58.28042 -0.92615 -0.37717 0.00000 89.48998 -0.00000 -0.00000 -1.00000 0.00000
1608317112515950 0.35016 -0.93669 0.00000 -57.59630 -0.93669 -0.35016 0.00000 91.09853 -0.00000 -0.00000 -1.00000 0.00000
1608317112766575 0.33055 -0.94379 0.00000 -57.58009 -0.94379 -0.33055 0.00000 92.55034 -0.00000 -0.00000 -1.00000 0.00000
1608317113015953 0.33110 -0.94360 0.00000 -59.54654 -0.94360 -0.33110 0.00000 92.30615 -0.00000 -0.00000 -1.00000 0.00000
1608317113266583 0.32361 -0.94619 0.00000 -60.81238 -0.94619 -0.32361 0.00000 92.93244 -0.00000 -0.00000 -1.00000 0.00000
1608317113516590 0.32082 -0.94714 0.00000 -62.45862 -0.94714 -0.32082 0.00000 93.10780 -0.00000 -0.00000 -1.00000 0.00000
1608317113765961 0.32750 -0.94485 0.00000 -65.00607 -0.94485 -0.32750 0.00000 92.32443 -0.00000 -0.00000 -1.00000 0.00000
1608317114015963 0.33574 -0.94195 0.00000 -67.74531 -0.94195 -0.33574 0.00000 91.78129 -0.00000 -0.00000 -1.00000 0.00000
1608317114266601 0.34264 -0.93947 -0.00000 -70.39109 -0.93947 -0.34264 0.00000 91.38198 -0.00000 -0.00000 -1.00000 0.00000
1608317114515974 0.36356 -0.93157 -0.00000 -74.34368 -0.93157 -0.36356 0.00000 89.63517 -0.00000 -0.00000 -1.00000 0.00000
1608317114765978 0.38552 -0.92270 0.00000 -78.44867 -0.92270 -0.38552 0.00000 87.82444 -0.00000 -0.00000 -1.00000 0.00000
1608317115016604 0.40558 -0.91406 0.00000 -82.28995 -0.91406 -0.40558 0.00000 86.08336 -0.00000 -0.00000 -1.00000 0.00000
1608317115266607 0.42688 -0.90431 0.00000 -86.19581 -0.90431 -0.42688 0.00000 83.99250 -0.00000 -0.00000 -1.00000 0.00000
1608317115516655 0.45032 -0.89287 0.00000 -90.32197 -0.89287 -0.45032 0.00000 81.82621 -0.00000 -0.00000 -1.00000 0.00000
1608317115767241 0.47902 -0.87781 0.00000 -94.78900 -0.87781 -0.47902 0.00000 78.81911 -0.00000 -0.00000 -1.00000 0.00000
1608317116017241 0.50561 -0.86276 0.00000 -99.10038 -0.86276 -0.50561 0.00000 75.82388 -0.00000 -0.00000 -1.00000 0.00000
1608317116267241 0.52637 -0.85025 0.00000 -102.90836 -0.85025 -0.52637 0.00000 73.34228 -0.00000 -0.00000 -1.00000 0.00000
1608317116517251 0.54633 -0.83757 0.00000 -106.51750 -0.83757 -0.54633 0.00000 70.88490 -0.00000 -0.00000 -1.00000 0.00000
1608317116767252 0.56304 -0.82643 0.00000 -109.91372 -0.82643 -0.56304 0.00000 68.66011 -0.00000 -0.00000 -1.00000 0.00000
1608317117017252 0.58218 -0.81306 0.00000 -113.45515 -0.81306 -0.58218 0.00000 66.06092 -0.00000 -0.00000 -1.00000 0.00000
1608317117267880 0.59479 -0.80388 0.00000 -116.36642 -0.80388 -0.59479 0.00000 64.13715 -0.00000 -0.00000 -1.00000 0.00000
1608317117517879 0.60863 -0.79346 0.00000 -119.57192 -0.79346 -0.60863 0.00000 62.17917 -0.00000 -0.00000 -1.00000 0.00000
1608317117767888 0.61720 -0.78680 0.00000 -122.28535 -0.78680 -0.61720 0.00000 60.81349 -0.00000 -0.00000 -1.00000 0.00000
1608317118017894 0.63513 -0.77241 -0.00000 -125.57189 -0.77241 -0.63513 0.00000 57.93951 -0.00000 -0.00000 -1.00000 0.00000
1608317118267894 0.64854 -0.76118 0.00000 -128.70147 -0.76118 -0.64854 0.00000 55.74751 -0.00000 -0.00000 -1.00000 0.00000
1608317118517900 0.66424 -0.74752 -0.00000 -131.88244 -0.74752 -0.66424 0.00000 52.87612 -0.00000 -0.00000 -1.00000 0.00000
1608317118768524 0.67286 -0.73977 0.00000 -134.56328 -0.73977 -0.67286 0.00000 51.43033 -0.00000 -0.00000 -1.00000 0.00000
1608317119018527 0.68564 -0.72794 0.00000 -137.52067 -0.72794 -0.68564 0.00000 49.07117 -0.00000 -0.00000 -1.00000 0.00000
1608317119268531 0.69697 -0.71710 0.00000 -140.23948 -0.71710 -0.69697 0.00000 46.88798 -0.00000 -0.00000 -1.00000 0.00000
1608317119518529 0.71096 -0.70323 0.00000 -143.21495 -0.70323 -0.71096 0.00000 44.08561 -0.00000 -0.00000 -1.00000 0.00000
1608317119768534 0.72774 -0.68585 0.00000 -146.27810 -0.68585 -0.72774 0.00000 40.50502 -0.00000 -0.00000 -1.00000 0.00000
1608317120018552 0.73912 -0.67358 0.00000 -148.92359 -0.67358 -0.73912 0.00000 38.02886 -0.00000 -0.00000 -1.00000 0.00000
1608317120268542 0.74771 -0.66402 0.00000 -151.33624 -0.66402 -0.74771 0.00000 36.12293 -0.00000 -0.00000 -1.00000 0.00000
1608317120518546 0.75712 -0.65328 0.00000 -153.82724 -0.65328 -0.75712 0.00000 33.89759 -0.00000 -0.00000 -1.00000 0.00000
1608317120767925 0.77457 -0.63249 -0.00000 -156.53756 -0.63249 -0.77457 0.00000 29.76408 -0.00000 -0.00000 -1.00000 0.00000
1608317121017923 0.80491 -0.59339 0.00000 -159.62884 -0.59339 -0.80491 0.00000 21.77134 -0.00000 -0.00000 -1.00000 0.00000
1608317121268556 0.83664 -0.54776 0.00000 -162.48146 -0.54776 -0.83664 0.00000 12.83236 -0.00000 -0.00000 -1.00000 0.00000
1608317121517934 0.88157 -0.47206 0.00000 -164.66907 -0.47206 -0.88157 0.00000 -1.54208 -0.00000 -0.00000 -1.00000 -0.00000
1608317121768562 0.92295 -0.38492 -0.00000 -165.42331 -0.38492 -0.92295 0.00000 -17.32940 -0.00000 -0.00000 -1.00000 -0.00000
1608317122018567 0.96015 -0.27948 0.00000 -164.02014 -0.27948 -0.96015 0.00000 -35.75453 -0.00000 -0.00000 -1.00000 -0.00000
1608317122268565 0.98853 -0.15100 0.00000 -159.38321 -0.15100 -0.98853 0.00000 -57.04931 -0.00000 -0.00000 -1.00000 -0.00000
1608317122518568 0.99978 -0.02118 0.00000 -152.09494 -0.02118 -0.99978 0.00000 -77.20034 -0.00000 -0.00000 -1.00000 -0.00000
1608317122768570 0.99171 0.12849 0.00000 -140.27431 0.12849 -0.99171 0.00000 -99.10896 0.00000 -0.00000 -1.00000 -0.00000
1608317123019198 0.96014 0.27951 0.00000 -124.58452 0.27951 -0.96014 0.00000 -119.50643 0.00000 -0.00000 -1.00000 -0.00000
1608317123269203 0.90622 0.42281 0.00000 -106.19353 0.42281 -0.90622 0.00000 -137.06321 0.00000 -0.00000 -1.00000 -0.00000
1608317123519251 0.82631 0.56321 0.00000 -83.90414 0.56321 -0.82631 0.00000 -152.40220 0.00000 -0.00000 -1.00000 -0.00000
1608317123769210 0.72309 0.69075 0.00000 -59.07763 0.69075 -0.72309 0.00000 -164.08040 0.00000 -0.00000 -1.00000 -0.00000
1608317124019841 0.59338 0.80492 0.00000 -31.04829 0.80492 -0.59338 0.00000 -171.70997 0.00000 -0.00000 -1.00000 -0.00000
1608317124269838 0.44072 0.89764 0.00000 -1.13532 0.89764 -0.44072 0.00000 -174.53762 0.00000 -0.00000 -1.00000 -0.00000
1608317124519841 0.28170 0.95950 0.00000 27.42948 0.95950 -0.28170 0.00000 -172.10530 0.00000 -0.00000 -1.00000 -0.00000
1608317124770468 0.09117 0.99584 0.00000 58.99514 0.99584 -0.09117 0.00000 -163.52207 0.00000 -0.00000 -1.00000 -0.00000
1608317125021101 -0.09125 0.99583 0.00000 86.56507 0.99583 0.09125 0.00000 -150.03753 0.00000 0.00000 -1.00000 -0.00000
1608317125271106 -0.27000 0.96286 0.00000 111.09776 0.96286 0.27000 0.00000 -131.89504 0.00000 0.00000 -1.00000 -0.00000
1608317125521728 -0.43882 0.89857 0.00000 131.74166 0.89857 0.43882 0.00000 -109.69628 0.00000 0.00000 -1.00000 -0.00000
1608317125771729 -0.57619 0.81732 0.00000 146.21989 0.81732 0.57619 0.00000 -87.31654 0.00000 0.00000 -1.00000 -0.00000
1608317126021116 -0.68481 0.72872 0.00000 155.56754 0.72872 0.68481 0.00000 -65.99090 0.00000 0.00000 -1.00000 -0.00000
1608317126269866 -0.76340 0.64593 0.00000 160.57806 0.64593 0.76340 0.00000 -47.84133 0.00000 0.00000 -1.00000 -0.00000
1608317126518620 -0.81789 0.57538 0.00000 162.75102 0.57538 0.81789 0.00000 -33.29616 0.00000 0.00000 -1.00000 -0.00000
1608317126768623 -0.84431 0.53585 0.00000 162.64921 0.53585 0.84431 0.00000 -25.52381 0.00000 0.00000 -1.00000 -0.00000
1608317127017996 -0.87544 0.48333 0.00000 162.32872 0.48333 0.87544 0.00000 -15.59977 0.00000 0.00000 -1.00000 -0.00000
1608317127268002 -0.89334 0.44938 0.00000 161.19076 0.44938 0.89334 0.00000 -9.34882 0.00000 0.00000 -1.00000 -0.00000
1608317127518008 -0.91356 0.40670 0.00000 159.85459 0.40670 0.91356 0.00000 -1.72703 0.00000 0.00000 -1.00000 -0.00000
1608317127768007 -0.92959 0.36859 0.00000 158.06911 0.36859 0.92959 0.00000 4.78300 0.00000 0.00000 -1.00000 0.00000
1608317128018022 -0.94343 0.33158 0.00000 156.06022 0.33158 0.94343 0.00000 10.99061 0.00000 0.00000 -1.00000 0.00000
1608317128268013 -0.95204 0.30597 0.00000 153.98058 0.30597 0.95204 0.00000 15.14603 0.00000 0.00000 -1.00000 0.00000
1608317128518021 -0.95846 0.28522 0.00000 151.74338 0.28522 0.95846 0.00000 18.54024 0.00000 0.00000 -1.00000 0.00000
1608317128768018 -0.95931 0.28236 -0.00000 149.91962 0.28236 0.95931 0.00000 18.78821 0.00000 0.00000 -1.00000 0.00000
1608317129018023 -0.96439 0.26448 0.00000 147.78447 0.26448 0.96439 0.00000 21.73381 0.00000 0.00000 -1.00000 0.00000
1608317129268033 -0.96298 0.26956 0.00000 146.02723 0.26956 0.96298 0.00000 20.73985 0.00000 0.00000 -1.00000 0.00000
1608317129518649 -0.96316 0.26891 -0.00000 144.25817 0.26891 0.96316 0.00000 20.86807 0.00000 0.00000 -1.00000 0.00000
1608317129768654 -0.95942 0.28197 0.00000 142.74120 0.28197 0.95942 0.00000 18.91886 0.00000 0.00000 -1.00000 0.00000
1608317130018040 -0.95370 0.30075 -0.00000 141.26190 0.30075 0.95370 0.00000 16.01334 0.00000 0.00000 -1.00000 0.00000
1608317130268033 -0.94160 0.33673 0.00000 140.13653 0.33673 0.94160 0.00000 10.70189 0.00000 0.00000 -1.00000 0.00000
1608317130518039 -0.92135 0.38873 0.00000 138.79264 0.38873 0.92135 0.00000 2.89372 0.00000 0.00000 -1.00000 0.00000
1608317130768040 -0.89217 0.45170 0.00000 136.91287 0.45170 0.89217 0.00000 -6.87700 0.00000 0.00000 -1.00000 -0.00000
1608317131018671 -0.85635 0.51640 -0.00000 134.46217 0.51640 0.85635 0.00000 -16.92457 0.00000 0.00000 -1.00000 -0.00000
1608317131268057 -0.82024 0.57201 0.00000 131.37448 0.57201 0.82024 0.00000 -25.93937 0.00000 0.00000 -1.00000 -0.00000
1608317131518100 -0.77419 0.63295 0.00000 127.17857 0.63295 0.77419 0.00000 -35.78106 0.00000 0.00000 -1.00000 -0.00000
1608317131768059 -0.72534 0.68839 0.00000 122.55052 0.68839 0.72534 0.00000 -45.20233 0.00000 0.00000 -1.00000 -0.00000
1608317132018060 -0.66959 0.74273 0.00000 116.77715 0.74273 0.66959 0.00000 -54.46614 0.00000 0.00000 -1.00000 -0.00000
1608317132268060 -0.61314 0.78997 0.00000 110.75846 0.78997 0.61314 0.00000 -63.13062 0.00000 0.00000 -1.00000 -0.00000
1608317132518065 -0.56411 0.82570 0.00000 104.84113 0.82570 0.56411 0.00000 -69.59977 0.00000 0.00000 -1.00000 -0.00000
1608317132768066 -0.52220 0.85282 0.00000 99.45478 0.85282 0.52220 0.00000 -74.90136 0.00000 0.00000 -1.00000 -0.00000
1608317133018069 -0.49422 0.86934 -0.00000 95.13398 0.86934 0.49422 0.00000 -78.06594 0.00000 0.00000 -1.00000 -0.00000
1608317133268069 -0.46874 0.88333 -0.00000 90.96170 0.88333 0.46874 0.00000 -80.66590 0.00000 0.00000 -1.00000 -0.00000
1608317133518090 -0.44266 0.89669 0.00000 86.62880 0.89669 0.44266 0.00000 -83.45283 0.00000 0.00000 -1.00000 -0.00000
1608317133768088 -0.41067 0.91178 0.00000 81.79693 0.91178 0.41067 0.00000 -86.45022 0.00000 0.00000 -1.00000 -0.00000
1608317134018088 -0.37696 0.92623 -0.00000 76.70637 0.92623 0.37696 0.00000 -89.48285 0.00000 0.00000 -1.00000 -0.00000
1608317134267462 -0.35810 0.93368 0.00000 72.89129 0.93368 0.35810 0.00000 -91.00549 0.00000 0.00000 -1.00000 -0.00000
1608317134517462 -0.33833 0.94103 0.00000 69.11247 0.94103 0.33833 0.00000 -92.69207 0.00000 0.00000 -1.00000 -0.00000
1608317134767466 -0.32283 0.94646 0.00000 65.60049 0.94646 0.32283 0.00000 -93.71902 0.00000 0.00000 -1.00000 -0.00000
1608317135017469 -0.31426 0.94934 0.00000 62.84102 0.94934 0.31426 0.00000 -94.32924 0.00000 0.00000 -1.00000 -0.00000
1608317135268100 -0.31455 0.94924 -0.00000 60.91770 0.94924 0.31455 0.00000 -94.40714 0.00000 0.00000 -1.00000 -0.00000
1608317135518106 -0.32499 0.94572 0.00000 60.00027 0.94572 0.32499 0.00000 -93.76530 0.00000 0.00000 -1.00000 -0.00000
1608317135768102 -0.33809 0.94111 0.00000 59.38971 0.94111 0.33809 0.00000 -93.08766 0.00000 0.00000 -1.00000 -0.00000
1608317136018124 -0.35169 0.93612 0.00000 58.74463 0.93612 0.35169 0.00000 -92.18520 0.00000 0.00000 -1.00000 -0.00000
1608317136268115 -0.38289 0.92379 0.00000 59.90615 0.92379 0.38289 0.00000 -90.32702 0.00000 0.00000 -1.00000 -0.00000
1608317136518738 -0.40798 0.91299 0.00000 60.42740 0.91299 0.40798 0.00000 -88.60632 0.00000 0.00000 -1.00000 -0.00000
1608317136768120 -0.45456 0.89072 -0.00000 63.08478 0.89072 0.45456 0.00000 -85.64359 0.00000 0.00000 -1.00000 -0.00000
1608317137018745 -0.49790 0.86724 -0.00000 65.34250 0.86724 0.49790 0.00000 -82.32437 0.00000 0.00000 -1.00000 -0.00000
1608317137268748 -0.55495 0.83188 0.00000 68.95503 0.83188 0.55495 0.00000 -77.87410 0.00000 0.00000 -1.00000 -0.00000
1608317137518754 -0.61315 0.78996 0.00000 72.46275 0.78996 0.61315 0.00000 -72.75788 0.00000 0.00000 -1.00000 -0.00000
1608317137768755 -0.67029 0.74210 -0.00000 75.79941 0.74210 0.67029 0.00000 -67.39335 0.00000 0.00000 -1.00000 -0.00000
1608317138019381 -0.71310 0.70107 0.00000 77.89093 0.70107 0.71310 0.00000 -62.71590 0.00000 0.00000 -1.00000 -0.00000
1608317138269381 -0.75418 0.65667 0.00000 79.72193 0.65667 0.75418 0.00000 -57.95138 0.00000 0.00000 -1.00000 -0.00000
1608317138519399 -0.79351 0.60856 0.00000 81.36433 0.60856 0.79351 0.00000 -52.91515 0.00000 0.00000 -1.00000 -0.00000
1608317138770018 -0.81841 0.57463 0.00000 81.59566 0.57463 0.81841 0.00000 -49.50828 0.00000 0.00000 -1.00000 -0.00000
1608317139020020 -0.84195 0.53956 -0.00000 81.79176 0.53956 0.84195 0.00000 -45.94795 0.00000 0.00000 -1.00000 -0.00000
1608317139269399 -0.86302 0.50517 -0.00000 81.87829 0.50517 0.86302 0.00000 -42.83716 0.00000 0.00000 -1.00000 -0.00000
1608317139520056 -0.89535 0.44537 -0.00000 82.71957 0.44537 0.89535 0.00000 -37.00575 0.00000 0.00000 -1.00000 -0.00000
1608317139770025 -0.92194 0.38733 0.00000 83.15912 0.38733 0.92194 0.00000 -31.96505 0.00000 0.00000 -1.00000 -0.00000
1608317140020661 -0.94245 0.33434 0.00000 82.77688 0.33434 0.94245 0.00000 -27.15339 0.00000 0.00000 -1.00000 -0.00000
1608317140271285 -0.95682 0.29069 0.00000 82.17922 0.29069 0.95682 0.00000 -23.26594 0.00000 0.00000 -1.00000 -0.00000
1608317140521290 -0.96950 0.24509 0.00000 81.27836 0.24509 0.96950 0.00000 -19.32362 0.00000 0.00000 -1.00000 -0.00000
1608317140771289 -0.97982 0.19986 0.00000 80.10920 0.19986 0.97982 0.00000 -15.55446 0.00000 0.00000 -1.00000 -0.00000
1608317141020669 -0.98757 0.15721 0.00000 78.68528 0.15721 0.98757 0.00000 -12.10739 0.00000 0.00000 -1.00000 -0.00000
1608317141269428 -0.99258 0.12157 0.00000 77.17414 0.12157 0.99258 0.00000 -9.28577 0.00000 0.00000 -1.00000 -0.00000
1608317141519426 -0.99626 0.08646 0.00000 75.30975 0.08646 0.99626 0.00000 -6.61109 0.00000 0.00000 -1.00000 -0.00000
1608317141768800 -0.99791 0.06460 0.00000 73.35025 0.06460 0.99791 0.00000 -5.01998 0.00000 0.00000 -1.00000 -0.00000
1608317142018805 -0.99897 0.04531 0.00000 71.39033 0.04531 0.99897 0.00000 -3.54731 0.00000 0.00000 -1.00000 -0.00000
1608317142268804 -0.99971 0.02403 0.00000 69.46391 0.02403 0.99971 0.00000 -2.07402 0.00000 0.00000 -1.00000 -0.00000
1608317142518814 -0.99997 0.00727 0.00000 67.45582 0.00727 0.99997 0.00000 -0.96262 0.00000 0.00000 -1.00000 -0.00000
1608317142768811 -0.99999 0.00362 -0.00000 65.35204 0.00362 0.99999 0.00000 -0.68593 0.00000 0.00000 -1.00000 -0.00000
1608317143018193 -0.99996 -0.00884 0.00000 63.30819 -0.00884 0.99996 0.00000 0.01289 -0.00000 0.00000 -1.00000 0.00000
1608317143268820 -0.99995 -0.00968 0.00000 61.26898 -0.00968 0.99995 0.00000 0.19677 -0.00000 0.00000 -1.00000 0.00000
1608317143518827 -0.99986 -0.01692 -0.00000 59.16617 -0.01692 0.99986 0.00000 0.63973 -0.00000 0.00000 -1.00000 0.00000
1608317143768826 -0.99976 -0.02169 0.00000 57.03899 -0.02169 0.99976 0.00000 0.81251 -0.00000 0.00000 -1.00000 0.00000
1608317144018841 -0.99977 -0.02145 -0.00000 55.02352 -0.02145 0.99977 0.00000 0.69212 -0.00000 0.00000 -1.00000 0.00000
1608317144269455 -0.99993 -0.01177 0.00000 52.96778 -0.01177 0.99993 0.00000 0.14290 -0.00000 0.00000 -1.00000 0.00000
1608317144519462 -0.99992 -0.01282 -0.00000 50.85594 -0.01282 0.99992 0.00000 0.14084 -0.00000 0.00000 -1.00000 0.00000
1608317144769460 -0.99994 -0.01077 -0.00000 48.92254 -0.01077 0.99994 0.00000 0.06655 -0.00000 0.00000 -1.00000 0.00000
1608317145019465 -0.99994 -0.01055 0.00000 46.94045 -0.01055 0.99994 0.00000 -0.03670 -0.00000 0.00000 -1.00000 -0.00000
1608317145269473 -0.99978 -0.02080 0.00000 44.88573 -0.02080 0.99978 0.00000 0.31843 -0.00000 0.00000 -1.00000 0.00000
1608317145519471 -0.99978 -0.02121 0.00000 42.88597 -0.02121 0.99978 0.00000 0.32675 -0.00000 0.00000 -1.00000 0.00000
1608317145770097 -0.99983 -0.01852 0.00000 40.97368 -0.01852 0.99983 0.00000 0.26230 -0.00000 0.00000 -1.00000 0.00000
1608317146020109 -0.99974 -0.02274 0.00000 39.09564 -0.02274 0.99974 0.00000 0.28871 -0.00000 0.00000 -1.00000 0.00000
1608317146270108 -0.99992 -0.01287 0.00000 37.11106 -0.01287 0.99992 0.00000 -0.10853 -0.00000 0.00000 -1.00000 -0.00000
1608317146520104 -0.99998 0.00678 -0.00000 35.13213 0.00678 0.99998 0.00000 -0.89302 0.00000 0.00000 -1.00000 -0.00000
1608317146770735 -0.99946 0.03287 -0.00000 33.24242 0.03287 0.99946 0.00000 -1.70658 0.00000 0.00000 -1.00000 -0.00000
1608317147020739 -0.99861 0.05280 0.00000 31.27155 0.05280 0.99861 0.00000 -2.38349 0.00000 0.00000 -1.00000 -0.00000
1608317147270742 -0.99721 0.07458 -0.00000 29.22240 0.07458 0.99721 0.00000 -3.12680 0.00000 0.00000 -1.00000 -0.00000
1608317147520164 -0.99674 0.08073 0.00000 27.26731 0.08073 0.99674 0.00000 -3.37082 0.00000 0.00000 -1.00000 -0.00000
1608317147770749 -0.99560 0.09374 0.00000 25.31709 0.09374 0.99560 0.00000 -3.65807 0.00000 0.00000 -1.00000 -0.00000
1608317148020756 -0.99570 0.09269 0.00000 23.39085 0.09269 0.99570 0.00000 -3.72224 0.00000 0.00000 -1.00000 -0.00000
1608317148270756 -0.99509 0.09894 0.00000 21.41693 0.09894 0.99509 0.00000 -3.95004 0.00000 0.00000 -1.00000 -0.00000
1608317148520752 -0.99439 0.10575 0.00000 19.43955 0.10575 0.99439 0.00000 -4.08103 0.00000 0.00000 -1.00000 -0.00000
1608317148770759 -0.99439 0.10578 0.00000 17.51673 0.10578 0.99439 0.00000 -4.15516 0.00000 0.00000 -1.00000 -0.00000
1608317149020765 -0.99414 0.10808 0.00000 15.56825 0.10808 0.99414 0.00000 -4.23859 0.00000 0.00000 -1.00000 -0.00000
1608317149270761 -0.99370 0.11208 0.00000 13.60324 0.11208 0.99370 0.00000 -4.28825 0.00000 0.00000 -1.00000 -0.00000
1608317149520766 -0.99390 0.11029 -0.00000 11.66482 0.11029 0.99390 0.00000 -4.39011 0.00000 0.00000 -1.00000 -0.00000
1608317149770778 -0.99423 0.10730 0.00000 9.71506 0.10730 0.99423 0.00000 -4.29341 0.00000 0.00000 -1.00000 -0.00000
1608317150020780 -0.99404 0.10903 -0.00000 7.83682 0.10903 0.99404 0.00000 -4.30816 0.00000 0.00000 -1.00000 -0.00000
1608317150270781 -0.99341 0.11460 0.00000 5.87375 0.11460 0.99341 0.00000 -4.40530 0.00000 0.00000 -1.00000 -0.00000
1608317150520778 -0.99368 0.11227 0.00000 4.00899 0.11227 0.99368 0.00000 -4.37489 0.00000 0.00000 -1.00000 -0.00000
1608317150770788 -0.99304 0.11776 0.00000 2.07918 0.11776 0.99304 0.00000 -4.41576 0.00000 0.00000 -1.00000 -0.00000
1608317151020786 -0.99438 0.10586 0.00000 0.25090 0.10586 0.99438 0.00000 -4.46974 0.00000 0.00000 -1.00000 -0.00000
1608317151270790 -0.99473 0.10257 0.00000 -1.69845 0.10257 0.99473 0.00000 -4.48444 0.00000 0.00000 -1.00000 -0.00000
1608317151520790 -0.99499 0.09994 0.00000 -3.49280 0.09994 0.99499 0.00000 -4.46940 0.00000 0.00000 -1.00000 -0.00000
1608317151770792 -0.99548 0.09501 -0.00000 -5.36885 0.09501 0.99548 0.00000 -4.41462 0.00000 0.00000 -1.00000 -0.00000
1608317152020808 -0.99606 0.08870 0.00000 -7.17107 0.08870 0.99606 0.00000 -4.48903 0.00000 0.00000 -1.00000 -0.00000
1608317152270809 -0.99641 0.08468 0.00000 -9.02283 0.08468 0.99641 0.00000 -4.55211 0.00000 0.00000 -1.00000 -0.00000
1608317152520803 -0.99675 0.08051 0.00000 -10.81491 0.08051 0.99675 0.00000 -4.65911 0.00000 0.00000 -1.00000 -0.00000
1608317152770807 -0.99642 0.08449 0.00000 -12.62582 0.08449 0.99642 0.00000 -4.73416 0.00000 0.00000 -1.00000 -0.00000
1608317153021435 -0.99526 0.09725 -0.00000 -14.39153 0.09725 0.99526 0.00000 -4.51984 0.00000 0.00000 -1.00000 -0.00000
1608317153271444 -0.99570 0.09265 -0.00000 -15.97431 0.09265 0.99570 0.00000 -4.55526 0.00000 0.00000 -1.00000 -0.00000
1608317153521446 -0.99602 0.08913 -0.00000 -17.67096 0.08913 0.99602 0.00000 -4.69878 0.00000 0.00000 -1.00000 -0.00000
1608317153770819 -0.99544 0.09542 0.00000 -19.28608 0.09542 0.99544 0.00000 -4.52854 0.00000 0.00000 -1.00000 -0.00000
1608317154019575 -0.99608 0.08850 0.00000 -20.83893 0.08850 0.99608 0.00000 -4.72272 0.00000 0.00000 -1.00000 -0.00000
1608317154268970 -0.99482 0.10161 0.00000 -22.45603 0.10161 0.99482 0.00000 -4.59187 0.00000 0.00000 -1.00000 -0.00000
1608317154518332 -0.99356 0.11333 0.00000 -24.14334 0.11333 0.99356 0.00000 -4.34335 0.00000 0.00000 -1.00000 -0.00000
1608317154768337 -0.99174 0.12828 0.00000 -25.80490 0.12828 0.99174 0.00000 -4.01262 0.00000 0.00000 -1.00000 -0.00000
1608317155018333 -0.99152 0.12994 0.00000 -27.40678 0.12994 0.99152 0.00000 -3.91553 0.00000 0.00000 -1.00000 -0.00000
1608317155268337 -0.99005 0.14068 0.00000 -29.13049 0.14068 0.99005 0.00000 -3.74517 0.00000 0.00000 -1.00000 -0.00000
1608317155518976 -0.98873 0.14972 0.00000 -30.89246 0.14972 0.98873 0.00000 -3.38825 0.00000 0.00000 -1.00000 -0.00000
1608317155768973 -0.98931 0.14585 0.00000 -32.64482 0.14585 0.98931 0.00000 -3.53513 0.00000 0.00000 -1.00000 -0.00000
1608317156018974 -0.99079 0.13538 -0.00000 -34.43422 0.13538 0.99079 0.00000 -3.88726 0.00000 0.00000 -1.00000 -0.00000
1608317156268979 -0.99265 0.12104 0.00000 -36.26713 0.12104 0.99265 0.00000 -4.38255 0.00000 0.00000 -1.00000 -0.00000
1608317156518356 -0.99539 0.09591 0.00000 -38.03293 0.09591 0.99539 0.00000 -5.42039 0.00000 0.00000 -1.00000 -0.00000
1608317156768357 -0.99676 0.08044 0.00000 -39.89390 0.08044 0.99676 0.00000 -5.89751 0.00000 0.00000 -1.00000 -0.00000
1608317157018359 -0.99803 0.06279 -0.00000 -41.73881 0.06279 0.99803 0.00000 -6.62637 0.00000 0.00000 -1.00000 -0.00000
1608317157268361 -0.99890 0.04699 0.00000 -43.54211 0.04699 0.99890 0.00000 -7.35656 0.00000 0.00000 -1.00000 -0.00000
1608317157518363 -0.99953 0.03054 0.00000 -45.43846 0.03054 0.99953 0.00000 -8.00141 0.00000 0.00000 -1.00000 -0.00000
1608317157768368 -0.99960 0.02815 0.00000 -47.37185 0.02815 0.99960 0.00000 -8.16450 0.00000 0.00000 -1.00000 -0.00000
1608317158018376 -0.99987 0.01622 0.00000 -49.18987 0.01622 0.99987 0.00000 -8.75695 0.00000 0.00000 -1.00000 -0.00000
1608317158268381 -1.00000 0.00214 0.00000 -51.00733 0.00214 1.00000 0.00000 -9.40573 0.00000 0.00000 -1.00000 -0.00000
1608317158518374 -1.00000 0.00232 0.00000 -52.92194 0.00232 1.00000 0.00000 -9.50507 0.00000 0.00000 -1.00000 -0.00000
1608317158768381 -0.99997 0.00808 0.00000 -54.86396 0.00808 0.99997 0.00000 -9.17963 0.00000 0.00000 -1.00000 -0.00000
1608317159017757 -1.00000 -0.00174 0.00000 -56.65717 -0.00174 1.00000 0.00000 -9.77667 -0.00000 0.00000 -1.00000 -0.00000
1608317159267764 -1.00000 0.00047 0.00000 -58.53653 0.00047 1.00000 0.00000 -9.67977 0.00000 0.00000 -1.00000 -0.00000
1608317159517766 -1.00000 0.00164 0.00000 -60.42179 0.00164 1.00000 0.00000 -9.62943 0.00000 0.00000 -1.00000 -0.00000
1608317159767765 -0.99999 0.00426 0.00000 -62.28320 0.00426 0.99999 0.00000 -9.48119 0.00000 0.00000 -1.00000 -0.00000
1608317160017781 -0.99996 0.00865 0.00000 -64.06675 0.00865 0.99996 0.00000 -9.23308 0.00000 0.00000 -1.00000 -0.00000
1608317160267776 -0.99963 0.02702 0.00000 -65.93763 0.02702 0.99963 0.00000 -8.12718 0.00000 0.00000 -1.00000 -0.00000
1608317160518407 -0.99892 0.04643 0.00000 -67.82433 0.04643 0.99892 0.00000 -6.82852 0.00000 0.00000 -1.00000 -0.00000
1608317160767779 -0.99842 0.05620 0.00000 -69.58998 0.05620 0.99842 0.00000 -6.19464 0.00000 0.00000 -1.00000 -0.00000
1608317161017784 -0.99681 0.07987 0.00000 -71.45507 0.07987 0.99681 0.00000 -4.55187 0.00000 0.00000 -1.00000 -0.00000
1608317161267787 -0.99465 0.10334 0.00000 -73.18629 0.10334 0.99465 0.00000 -2.92970 0.00000 0.00000 -1.00000 -0.00000
1608317161517787 -0.99145 0.13046 0.00000 -74.97099 0.13046 0.99145 0.00000 -0.99003 0.00000 0.00000 -1.00000 -0.00000
1608317161767793 -0.98798 0.15456 0.00000 -76.63894 0.15456 0.98798 0.00000 0.81052 0.00000 0.00000 -1.00000 0.00000
1608317162017797 -0.98377 0.17941 -0.00000 -78.32458 0.17941 0.98377 0.00000 2.75612 0.00000 0.00000 -1.00000 0.00000
1608317162267796 -0.97944 0.20174 0.00000 -79.92436 0.20174 0.97944 0.00000 4.50154 0.00000 0.00000 -1.00000 0.00000
1608317162517803 -0.97460 0.22396 0.00000 -81.51376 0.22396 0.97460 0.00000 6.26890 0.00000 0.00000 -1.00000 0.00000
