1618339756109153 1.00000 0.00000 0.00000 -0.00000 0.00000 -1.00000 0.00000 0.00000 0.00000 -0.00000 -1.00000 0.00000
1618339756359163 1.00000 -0.00184 0.00000 0.01153 -0.00184 -1.00000 0.00000 -0.01188 -0.00000 -0.00000 -1.00000 -0.00000
1618339756609167 1.00000 -0.00107 0.00000 0.01093 -0.00107 -1.00000 0.00000 -0.02906 -0.00000 -0.00000 -1.00000 -0.00000
1618339756859169 1.00000 -0.00008 0.00000 0.02210 -0.00008 -1.00000 0.00000 -0.02637 -0.00000 -0.00000 -1.00000 -0.00000
1618339757109174 1.00000 0.00133 0.00000 0.00111 0.00133 -1.00000 0.00000 -0.01272 0.00000 -0.00000 -1.00000 -0.00000
1618339757359177 1.00000 -0.00036 0.00000 -0.01047 -0.00036 -1.00000 0.00000 -0.00980 -0.00000 -0.00000 -1.00000 -0.00000
1618339757608556 0.99999 0.00410 -0.00000 -0.00828 0.00410 -0.99999 0.00000 -0.01736 0.00000 -0.00000 -1.00000 -0.00000
1618339757858563 0.99999 0.00450 0.00000 0.00082 0.00450 -0.99999 0.00000 -0.01467 0.00000 -0.00000 -1.00000 -0.00000
1618339758108561 0.99999 0.00375 0.00000 0.00522 0.00375 -0.99999 0.00000 -0.00714 0.00000 -0.00000 -1.00000 -0.00000
1618339758358566 1.00000 0.00113 -0.00000 -0.01009 0.00113 -1.00000 0.00000 -0.03280 0.00000 -0.00000 -1.00000 -0.00000
1618339758609195 1.00000 -0.00254 0.00000 0.02223 -0.00254 -1.00000 0.00000 -0.01013 -0.00000 -0.00000 -1.00000 -0.00000
1618339758858577 0.99998 -0.00607 0.00000 0.02120 -0.00607 -0.99998 0.00000 -0.00737 -0.00000 -0.00000 -1.00000 -0.00000
1618339759109213 0.99999 -0.00384 0.00000 0.02297 -0.00384 -0.99999 0.00000 -0.01428 -0.00000 -0.00000 -1.00000 -0.00000
1618339759359204 1.00000 -0.00208 0.00000 0.01956 -0.00208 -1.00000 0.00000 -0.00281 -0.00000 -0.00000 -1.00000 -0.00000
1618339759609209 1.00000 -0.00011 0.00000 0.00570 -0.00011 -1.00000 0.00000 -0.00541 -0.00000 -0.00000 -1.00000 -0.00000
1618339759859230 1.00000 0.00010 0.00000 0.00974 0.00010 -1.00000 0.00000 -0.00339 0.00000 -0.00000 -1.00000 -0.00000
1618339760109220 1.00000 -0.00067 0.00000 -0.00005 -0.00067 -1.00000 0.00000 -0.02938 -0.00000 -0.00000 -1.00000 -0.00000
1618339760359227 0.99999 -0.00452 0.00000 -0.01260 -0.00452 -0.99999 0.00000 -0.01199 -0.00000 -0.00000 -1.00000 -0.00000
1618339760609852 0.99999 -0.00393 0.00000 0.01985 -0.00393 -0.99999 0.00000 -0.01844 -0.00000 -0.00000 -1.00000 -0.00000
1618339760859854 1.00000 0.00087 -0.00000 0.01212 0.00087 -1.00000 0.00000 -0.00946 0.00000 -0.00000 -1.00000 -0.00000
1618339761109863 1.00000 0.00119 0.00000 -0.01929 0.00119 -1.00000 0.00000 -0.00120 0.00000 -0.00000 -1.00000 -0.00000
1618339761359865 1.00000 -0.00113 0.00000 0.01231 -0.00113 -1.00000 0.00000 -0.00859 -0.00000 -0.00000 -1.00000 -0.00000
1618339761609873 1.00000 -0.00303 0.00000 0.02070 -0.00303 -1.00000 0.00000 0.00928 -0.00000 -0.00000 -1.00000 0.00000
1618339761859247 0.99999 -0.00475 0.00000 -0.01329 -0.00475 -0.99999 0.00000 -0.03320 -0.00000 -0.00000 -1.00000 -0.00000
1618339762109251 1.00000 -0.00248 -0.00000 -0.03171 -0.00248 -1.00000 0.00000 -0.02451 -0.00000 -0.00000 -1.00000 -0.00000
1618339762359261 1.00000 -0.00288 0.00000 -0.02441 -0.00288 -1.00000 0.00000 -0.01909 -0.00000 -0.00000 -1.00000 -0.00000
1618339762609886 0.99999 -0.00414 0.00000 0.02704 -0.00414 -0.99999 0.00000 0.00206 -0.00000 -0.00000 -1.00000 0.00000
1618339762859889 1.00000 -0.00095 0.00000 0.03570 -0.00095 -1.00000 0.00000 -0.01181 -0.00000 -0.00000 -1.00000 -0.00000
1618339763109893 0.99999 0.00401 0.00000 -0.00582 0.00401 -0.99999 0.00000 -0.00144 0.00000 -0.00000 -1.00000 -0.00000
1618339763359894 1.00000 0.00184 -0.00000 -0.00477 0.00184 -1.00000 0.00000 0.00427 0.00000 -0.00000 -1.00000 0.00000
1618339763609899 1.00000 -0.00116 0.00000 0.00405 -0.00116 -1.00000 0.00000 -0.00186 -0.00000 -0.00000 -1.00000 -0.00000
1618339763859287 1.00000 -0.00045 -0.00000 0.02012 -0.00045 -1.00000 0.00000 -0.03021 -0.00000 -0.00000 -1.00000 -0.00000
1618339764109288 1.00000 0.00184 0.00000 0.01178 0.00184 -1.00000 0.00000 0.00165 0.00000 -0.00000 -1.00000 0.00000
1618339764359918 1.00000 0.00237 0.00000 -0.02014 0.00237 -1.00000 0.00000 0.02338 0.00000 -0.00000 -1.00000 0.00000
1618339764609919 1.00000 0.00027 0.00000 0.01611 0.00027 -1.00000 0.00000 -0.00869 0.00000 -0.00000 -1.00000 -0.00000
1618339764859925 1.00000 -0.00170 0.00000 0.02909 -0.00170 -1.00000 0.00000 -0.01124 -0.00000 -0.00000 -1.00000 -0.00000
1618339765109925 1.00000 0.00102 0.00000 0.01554 0.00102 -1.00000 0.00000 -0.01454 0.00000 -0.00000 -1.00000 -0.00000
1618339765359935 1.00000 0.00222 0.00000 0.00596 0.00222 -1.00000 0.00000 -0.00600 0.00000 -0.00000 -1.00000 -0.00000
1618339765609934 1.00000 0.00290 0.00000 -0.00484 0.00290 -1.00000 0.00000 -0.00070 0.00000 -0.00000 -1.00000 -0.00000
1618339765859942 1.00000 0.00157 0.00000 0.00512 0.00157 -1.00000 0.00000 -0.00254 0.00000 -0.00000 -1.00000 -0.00000
1618339766109946 1.00000 0.00164 0.00000 0.01689 0.00164 -1.00000 0.00000 -0.01316 0.00000 -0.00000 -1.00000 -0.00000
1618339766359941 1.00000 0.00313 0.00000 0.00016 0.00313 -1.00000 0.00000 0.00107 0.00000 -0.00000 -1.00000 0.00000
1618339766609951 0.99999 0.00408 -0.00000 -0.00091 0.00408 -0.99999 0.00000 -0.01032 0.00000 -0.00000 -1.00000 -0.00000
1618339766859951 0.99999 0.00342 0.00000 -0.00861 0.00342 -0.99999 0.00000 -0.00452 0.00000 -0.00000 -1.00000 -0.00000
1618339767109970 1.00000 0.00094 0.00000 -0.00258 0.00094 -1.00000 0.00000 -0.01700 0.00000 -0.00000 -1.00000 -0.00000
1618339767359961 0.99999 0.00317 0.00000 -0.00008 0.00317 -0.99999 0.00000 -0.01526 0.00000 -0.00000 -1.00000 -0.00000
1618339767609962 1.00000 0.00193 0.00000 -0.02076 0.00193 -1.00000 0.00000 0.00220 0.00000 -0.00000 -1.00000 0.00000
1618339767859980 1.00000 -0.00280 0.00000 0.00430 -0.00280 -1.00000 0.00000 0.00449 -0.00000 -0.00000 -1.00000 0.00000
1618339768109972 1.00000 -0.00249 0.00000 -0.02852 -0.00249 -1.00000 0.00000 0.00692 -0.00000 -0.00000 -1.00000 0.00000
1618339768359982 1.00000 -0.00215 0.00000 -0.12583 -0.00215 -1.00000 0.00000 0.01713 -0.00000 -0.00000 -1.00000 0.00000
1618339768609982 0.99994 -0.01110 0.00000 -0.29552 -0.01110 -0.99994 0.00000 -0.00184 -0.00000 -0.00000 -1.00000 -0.00000
1618339768859989 0.99980 -0.02025 0.00000 -0.58706 -0.02025 -0.99980 0.00000 -0.00996 -0.00000 -0.00000 -1.00000 -0.00000
1618339769109987 0.99947 -0.03249 0.00000 -0.98922 -0.03249 -0.99947 0.00000 -0.03546 -0.00000 -0.00000 -1.00000 -0.00000
1618339769360615 0.99819 -0.06020 0.00000 -1.41569 -0.06020 -0.99819 0.00000 -0.03196 -0.00000 -0.00000 -1.00000 -0.00000
1618339769609999 0.99657 -0.08281 0.00000 -1.97493 -0.08281 -0.99657 0.00000 0.05342 -0.00000 -0.00000 -1.00000 0.00000
1618339769859374 0.99490 -0.10084 0.00000 -2.65864 -0.10084 -0.99490 0.00000 -0.03614 -0.00000 -0.00000 -1.00000 -0.00000
1618339770110009 0.99318 -0.11656 0.00000 -3.46111 -0.11656 -0.99318 0.00000 0.10226 -0.00000 -0.00000 -1.00000 0.00000
1618339770359385 0.99335 -0.11516 0.00000 -4.30438 -0.11516 -0.99335 0.00000 0.00029 -0.00000 -0.00000 -1.00000 0.00000
1618339770609390 0.99372 -0.11185 0.00000 -5.28349 -0.11185 -0.99372 0.00000 0.03723 -0.00000 -0.00000 -1.00000 0.00000
1618339770859395 0.99423 -0.10726 0.00000 -6.29608 -0.10726 -0.99423 0.00000 0.06737 -0.00000 -0.00000 -1.00000 0.00000
1618339771109395 0.99487 -0.10113 -0.00000 -7.40220 -0.10113 -0.99487 0.00000 -0.07369 -0.00000 -0.00000 -1.00000 -0.00000
1618339771359401 0.99540 -0.09584 0.00000 -8.59532 -0.09584 -0.99540 0.00000 -0.19881 -0.00000 -0.00000 -1.00000 -0.00000
1618339771609405 0.99682 -0.07966 0.00000 -9.79267 -0.07966 -0.99682 0.00000 -0.33050 -0.00000 -0.00000 -1.00000 -0.00000
1618339771859409 0.99733 -0.07305 0.00000 -11.05716 -0.07305 -0.99733 0.00000 -0.45195 -0.00000 -0.00000 -1.00000 -0.00000
1618339772110042 0.99745 -0.07142 0.00000 -12.33065 -0.07142 -0.99745 0.00000 -0.42117 -0.00000 -0.00000 -1.00000 -0.00000
1618339772360043 0.99799 -0.06337 0.00000 -13.69813 -0.06337 -0.99799 0.00000 -0.50330 -0.00000 -0.00000 -1.00000 -0.00000
1618339772609422 0.99870 -0.05097 0.00000 -15.15849 -0.05097 -0.99870 0.00000 -0.81966 -0.00000 -0.00000 -1.00000 -0.00000
1618339772860053 0.99856 -0.05367 -0.00000 -16.73774 -0.05367 -0.99856 0.00000 -0.72633 -0.00000 -0.00000 -1.00000 -0.00000
1618339773110058 0.99868 -0.05138 -0.00000 -18.29905 -0.05138 -0.99868 0.00000 -0.79883 -0.00000 -0.00000 -1.00000 -0.00000
1618339773359437 0.99923 -0.03911 -0.00000 -20.01124 -0.03911 -0.99923 0.00000 -1.03765 -0.00000 -0.00000 -1.00000 -0.00000
1618339773610060 0.99916 -0.04097 0.00000 -21.69809 -0.04097 -0.99916 0.00000 -1.02801 -0.00000 -0.00000 -1.00000 -0.00000
1618339773859442 0.99928 -0.03789 -0.00000 -23.43902 -0.03789 -0.99928 0.00000 -1.21198 -0.00000 -0.00000 -1.00000 -0.00000
1618339774109442 0.99954 -0.03029 0.00000 -25.24658 -0.03029 -0.99954 0.00000 -1.38830 -0.00000 -0.00000 -1.00000 -0.00000
1618339774359452 0.99971 -0.02417 0.00000 -27.10389 -0.02417 -0.99971 0.00000 -1.61284 -0.00000 -0.00000 -1.00000 -0.00000
1618339774609452 0.99982 -0.01873 0.00000 -29.04838 -0.01873 -0.99982 0.00000 -1.74078 -0.00000 -0.00000 -1.00000 -0.00000
1618339774859462 0.99989 -0.01450 -0.00000 -30.91148 -0.01450 -0.99989 0.00000 -1.84984 -0.00000 -0.00000 -1.00000 -0.00000
1618339775109473 0.99999 -0.00341 0.00000 -32.73467 -0.00341 -0.99999 0.00000 -2.40259 -0.00000 -0.00000 -1.00000 -0.00000
1618339775360088 1.00000 0.00178 0.00000 -34.77110 0.00178 -1.00000 0.00000 -2.49729 0.00000 -0.00000 -1.00000 -0.00000
1618339775610093 0.99987 0.01596 0.00000 -36.73235 0.01596 -0.99987 0.00000 -2.98847 0.00000 -0.00000 -1.00000 -0.00000
1618339775860138 0.99964 0.02672 -0.00000 -38.62676 0.02672 -0.99964 0.00000 -3.45192 0.00000 -0.00000 -1.00000 -0.00000
1618339776110106 0.99924 0.03905 0.00000 -40.59629 0.03905 -0.99924 0.00000 -3.94568 0.00000 -0.00000 -1.00000 -0.00000
1618339776360734 0.99875 0.04989 0.00000 -42.60057 0.04989 -0.99875 0.00000 -4.44402 0.00000 -0.00000 -1.00000 -0.00000
1618339776610734 0.99799 0.06339 0.00000 -44.61540 0.06339 -0.99799 0.00000 -4.97736 0.00000 -0.00000 -1.00000 -0.00000
1618339776861365 0.99794 0.06410 -0.00000 -46.62450 0.06410 -0.99794 0.00000 -5.08525 0.00000 -0.00000 -1.00000 -0.00000
1618339777111371 0.99770 0.06784 -0.00000 -48.71364 0.06784 -0.99770 0.00000 -5.23568 0.00000 -0.00000 -1.00000 -0.00000
1618339777360749 0.99754 0.07008 0.00000 -50.84588 0.07008 -0.99754 0.00000 -5.43770 0.00000 -0.00000 -1.00000 -0.00000
1618339777611377 0.99763 0.06886 0.00000 -52.97553 0.06886 -0.99763 0.00000 -5.41090 0.00000 -0.00000 -1.00000 -0.00000
1618339777860765 0.99734 0.07288 0.00000 -55.07983 0.07288 -0.99734 0.00000 -5.68363 0.00000 -0.00000 -1.00000 -0.00000
1618339778110758 0.99738 0.07228 0.00000 -57.18573 0.07228 -0.99738 0.00000 -5.61067 0.00000 -0.00000 -1.00000 -0.00000
1618339778360764 0.99671 0.08099 0.00000 -59.23620 0.08099 -0.99671 0.00000 -6.18518 0.00000 -0.00000 -1.00000 -0.00000
1618339778610768 0.99733 0.07297 0.00000 -61.41205 0.07297 -0.99733 0.00000 -5.60848 0.00000 -0.00000 -1.00000 -0.00000
1618339778860147 0.99704 0.07684 0.00000 -63.48170 0.07684 -0.99704 0.00000 -6.02289 0.00000 -0.00000 -1.00000 -0.00000
1618339779110151 0.99695 0.07810 -0.00000 -65.58678 0.07810 -0.99695 0.00000 -6.17311 0.00000 -0.00000 -1.00000 -0.00000
1618339779360157 0.99711 0.07600 0.00000 -67.65633 0.07600 -0.99711 0.00000 -6.06288 0.00000 -0.00000 -1.00000 -0.00000
1618339779610610 0.99686 0.07919 0.00000 -69.68227 0.07919 -0.99686 0.00000 -6.32901 0.00000 -0.00000 -1.00000 -0.00000
1618339779860160 0.99684 0.07947 0.00000 -71.81977 0.07947 -0.99684 0.00000 -6.29156 0.00000 -0.00000 -1.00000 -0.00000
1618339780110166 0.99668 0.08140 -0.00000 -73.88198 0.08140 -0.99668 0.00000 -6.43006 0.00000 -0.00000 -1.00000 -0.00000
1618339780360163 0.99681 0.07977 0.00000 -76.03302 0.07977 -0.99681 0.00000 -6.28832 0.00000 -0.00000 -1.00000 -0.00000
1618339780610172 0.99701 0.07728 0.00000 -78.05658 0.07728 -0.99701 0.00000 -6.14221 0.00000 -0.00000 -1.00000 -0.00000
1618339780860178 0.99792 0.06443 0.00000 -80.15670 0.06443 -0.99792 0.00000 -5.14771 0.00000 -0.00000 -1.00000 -0.00000
1618339781110179 0.99899 0.04503 -0.00000 -82.26304 0.04503 -0.99899 0.00000 -3.69530 0.00000 -0.00000 -1.00000 -0.00000
1618339781360182 0.99995 0.01009 0.00000 -84.40486 0.01009 -0.99995 0.00000 -0.83823 0.00000 -0.00000 -1.00000 -0.00000
1618339781610186 0.99963 -0.02709 0.00000 -86.37759 -0.02709 -0.99963 0.00000 2.27658 -0.00000 -0.00000 -1.00000 0.00000
1618339781860821 0.99716 -0.07525 0.00000 -88.12578 -0.07525 -0.99716 0.00000 6.60734 -0.00000 -0.00000 -1.00000 0.00000
1618339782110203 0.99298 -0.11831 -0.00000 -89.71270 -0.11831 -0.99298 0.00000 10.18817 -0.00000 -0.00000 -1.00000 0.00000
1618339782360200 0.98741 -0.15818 0.00000 -91.25740 -0.15818 -0.98741 0.00000 13.91275 -0.00000 -0.00000 -1.00000 0.00000
1618339782610203 0.97821 -0.20760 -0.00000 -92.42047 -0.20760 -0.97821 0.00000 18.46753 -0.00000 -0.00000 -1.00000 0.00000
1618339782859589 0.96489 -0.26265 -0.00000 -93.16896 -0.26265 -0.96489 0.00000 23.59411 -0.00000 -0.00000 -1.00000 0.00000
1618339783109596 0.94768 -0.31922 0.00000 -93.47815 -0.31922 -0.94768 0.00000 29.05993 -0.00000 -0.00000 -1.00000 0.00000
1618339783359596 0.92454 -0.38109 0.00000 -93.35013 -0.38109 -0.92454 0.00000 35.17137 -0.00000 -0.00000 -1.00000 0.00000
1618339783608973 0.89939 -0.43714 0.00000 -92.93143 -0.43714 -0.89939 0.00000 40.88171 -0.00000 -0.00000 -1.00000 0.00000
1618339783858355 0.86916 -0.49454 0.00000 -92.00267 -0.49454 -0.86916 0.00000 46.83976 -0.00000 -0.00000 -1.00000 0.00000
1618339784107729 0.83568 -0.54921 -0.00000 -90.67956 -0.54921 -0.83568 0.00000 52.46745 -0.00000 -0.00000 -1.00000 0.00000
1618339784357749 0.79755 -0.60325 0.00000 -88.96275 -0.60325 -0.79755 0.00000 58.35989 -0.00000 -0.00000 -1.00000 0.00000
1618339784608365 0.75015 -0.66126 0.00000 -86.21909 -0.66126 -0.75015 0.00000 64.91230 -0.00000 -0.00000 -1.00000 0.00000
1618339784858371 0.70346 -0.71074 -0.00000 -83.45347 -0.71074 -0.70346 0.00000 70.59619 -0.00000 -0.00000 -1.00000 0.00000
1618339785108366 0.65562 -0.75509 0.00000 -80.55796 -0.75509 -0.65562 0.00000 75.91131 -0.00000 -0.00000 -1.00000 0.00000
1618339785357752 0.60816 -0.79382 0.00000 -77.52519 -0.79382 -0.60816 0.00000 80.56009 -0.00000 -0.00000 -1.00000 0.00000
1618339785607755 0.55683 -0.83063 0.00000 -74.16015 -0.83063 -0.55683 0.00000 85.46325 -0.00000 -0.00000 -1.00000 0.00000
1618339785857136 0.50594 -0.86257 -0.00000 -70.74741 -0.86257 -0.50594 0.00000 89.79996 -0.00000 -0.00000 -1.00000 0.00000
1618339786106513 0.46148 -0.88715 0.00000 -67.99842 -0.88715 -0.46148 0.00000 93.00539 -0.00000 -0.00000 -1.00000 0.00000
1618339786355891 0.42098 -0.90707 0.00000 -65.60943 -0.90707 -0.42098 0.00000 96.10848 -0.00000 -0.00000 -1.00000 0.00000
1618339786605895 0.37888 -0.92544 0.00000 -63.09476 -0.92544 -0.37888 0.00000 99.00404 -0.00000 -0.00000 -1.00000 0.00000
1618339786855278 0.35966 -0.93308 0.00000 -62.96114 -0.93308 -0.35966 0.00000 100.27847 -0.00000 -0.00000 -1.00000 0.00000
1618339787104655 0.34843 -0.93734 0.00000 -63.68185 -0.93734 -0.34843 0.00000 100.88140 -0.00000 -0.00000 -1.00000 0.00000
1618339787354655 0.34912 -0.93708 0.00000 -65.69995 -0.93708 -0.34912 0.00000 101.07908 -0.00000 -0.00000 -1.00000 0.00000
1618339787604037 0.36004 -0.93294 0.00000 -68.89125 -0.93294 -0.36004 0.00000 100.08851 -0.00000 -0.00000 -1.00000 0.00000
1618339787853415 0.38424 -0.92323 -0.00000 -73.46504 -0.92323 -0.38424 0.00000 98.21374 -0.00000 -0.00000 -1.00000 0.00000
1618339788103420 0.40348 -0.91499 0.00000 -77.60215 -0.91499 -0.40348 0.00000 96.68511 -0.00000 -0.00000 -1.00000 0.00000
1618339788353420 0.42616 -0.90465 0.00000 -82.05304 -0.90465 -0.42616 0.00000 94.66887 -0.00000 -0.00000 -1.00000 0.00000
1618339788602798 0.45602 -0.88997 0.00000 -87.18925 -0.88997 -0.45602 0.00000 91.68794 -0.00000 -0.00000 -1.00000 0.00000
1618339788852808 0.47953 -0.87752 0.00000 -91.68712 -0.87752 -0.47953 0.00000 89.30721 -0.00000 -0.00000 -1.00000 0.00000
1618339789103439 0.50025 -0.86588 0.00000 -95.95081 -0.86588 -0.50025 0.00000 87.08135 -0.00000 -0.00000 -1.00000 0.00000
1618339789354690 0.52035 -0.85396 -0.00000 -100.17248 -0.85396 -0.52035 0.00000 84.83204 -0.00000 -0.00000 -1.00000 0.00000
1618339789605320 0.54259 -0.84000 0.00000 -104.51385 -0.84000 -0.54259 0.00000 82.12495 -0.00000 -0.00000 -1.00000 0.00000
1618339789855947 0.56248 -0.82681 0.00000 -108.61043 -0.82681 -0.56248 0.00000 79.58790 -0.00000 -0.00000 -1.00000 0.00000
1618339790106575 0.57151 -0.82059 0.00000 -111.63054 -0.82059 -0.57151 0.00000 78.27942 -0.00000 -0.00000 -1.00000 0.00000
1618339790356579 0.58925 -0.80795 0.00000 -115.31287 -0.80795 -0.58925 0.00000 75.79212 -0.00000 -0.00000 -1.00000 0.00000
1618339790606585 0.60314 -0.79764 0.00000 -118.81257 -0.79764 -0.60314 0.00000 73.78995 -0.00000 -0.00000 -1.00000 0.00000
1618339790856591 0.61875 -0.78559 0.00000 -122.28416 -0.78559 -0.61875 0.00000 71.30953 -0.00000 -0.00000 -1.00000 0.00000
1618339791106604 0.63343 -0.77380 0.00000 -125.73042 -0.77380 -0.63343 0.00000 68.85372 -0.00000 -0.00000 -1.00000 0.00000
1618339791357222 0.63674 -0.77108 0.00000 -128.14800 -0.77108 -0.63674 0.00000 68.38357 -0.00000 -0.00000 -1.00000 0.00000
1618339791606600 0.65458 -0.75600 0.00000 -131.59010 -0.75600 -0.65458 0.00000 65.30304 -0.00000 -0.00000 -1.00000 0.00000
1618339791856615 0.66581 -0.74612 -0.00000 -134.67625 -0.74612 -0.66581 0.00000 63.36577 -0.00000 -0.00000 -1.00000 0.00000
1618339792106609 0.67531 -0.73753 0.00000 -137.51240 -0.73753 -0.67531 0.00000 61.46837 -0.00000 -0.00000 -1.00000 0.00000
1618339792357237 0.67850 -0.73460 0.00000 -139.69608 -0.73460 -0.67850 0.00000 60.96371 -0.00000 -0.00000 -1.00000 0.00000
1618339792607244 0.68649 -0.72714 -0.00000 -142.30436 -0.72714 -0.68649 0.00000 59.39150 -0.00000 -0.00000 -1.00000 0.00000
1618339792857248 0.69600 -0.71804 0.00000 -145.02830 -0.71804 -0.69600 0.00000 57.55959 -0.00000 -0.00000 -1.00000 0.00000
1618339793106623 0.71058 -0.70362 0.00000 -148.04679 -0.70362 -0.71058 0.00000 54.53165 -0.00000 -0.00000 -1.00000 0.00000
1618339793356002 0.73782 -0.67500 0.00000 -151.84338 -0.67500 -0.73782 0.00000 48.47807 -0.00000 -0.00000 -1.00000 0.00000
1618339793606004 0.77439 -0.63271 0.00000 -155.98790 -0.63271 -0.77439 0.00000 39.97259 -0.00000 -0.00000 -1.00000 0.00000
1618339793856012 0.81948 -0.57310 0.00000 -160.20721 -0.57310 -0.81948 0.00000 28.19116 -0.00000 -0.00000 -1.00000 0.00000
1618339794106014 0.86611 -0.49985 0.00000 -163.66683 -0.49985 -0.86611 0.00000 14.13691 -0.00000 -0.00000 -1.00000 0.00000
1618339794356026 0.91179 -0.41065 0.00000 -165.74981 -0.41065 -0.91179 0.00000 -2.38255 -0.00000 -0.00000 -1.00000 -0.00000
1618339794606647 0.95336 -0.30184 0.00000 -165.72995 -0.30184 -0.95336 0.00000 -21.72126 -0.00000 -0.00000 -1.00000 -0.00000
1618339794856029 0.98405 -0.17791 0.00000 -162.84788 -0.17791 -0.98405 0.00000 -42.66957 -0.00000 -0.00000 -1.00000 -0.00000
1618339795106031 0.99910 -0.04249 0.00000 -156.78845 -0.04249 -0.99910 0.00000 -64.34653 -0.00000 -0.00000 -1.00000 -0.00000
1618339795356034 0.99400 0.10935 0.00000 -146.42606 0.10935 -0.99400 0.00000 -87.35196 0.00000 -0.00000 -1.00000 -0.00000
1618339795606659 0.96369 0.26704 0.00000 -131.72676 0.26704 -0.96369 0.00000 -109.64539 0.00000 -0.00000 -1.00000 -0.00000
1618339795856683 0.90331 0.42899 0.00000 -111.91797 0.42899 -0.90331 0.00000 -130.71543 0.00000 -0.00000 -1.00000 -0.00000
1618339796106677 0.81005 0.58637 0.00000 -87.32787 0.58637 -0.81005 0.00000 -148.89508 0.00000 -0.00000 -1.00000 -0.00000
1618339796356679 0.69219 0.72171 0.00000 -60.35052 0.72171 -0.69219 0.00000 -162.08997 0.00000 -0.00000 -1.00000 -0.00000
1618339796606681 0.54272 0.83991 -0.00000 -29.58807 0.83991 -0.54272 0.00000 -170.59870 0.00000 -0.00000 -1.00000 -0.00000
1618339796856688 0.37312 0.92778 -0.00000 2.29857 0.92778 -0.37312 0.00000 -173.05034 0.00000 -0.00000 -1.00000 -0.00000
1618339797106687 0.18560 0.98262 0.00000 34.92526 0.98262 -0.18560 0.00000 -169.23994 0.00000 -0.00000 -1.00000 -0.00000
1618339797357316 -0.01824 0.99983 0.00000 67.71726 0.99983 0.01824 0.00000 -158.55903 0.00000 0.00000 -1.00000 -0.00000
1618339797607945 -0.21408 0.97682 -0.00000 96.55012 0.97682 0.21408 0.00000 -142.16554 0.00000 0.00000 -1.00000 -0.00000
1618339797858573 -0.39230 0.91984 0.00000 120.30160 0.91984 0.39230 0.00000 -121.64665 0.00000 0.00000 -1.00000 -0.00000
1618339798108576 -0.55502 0.83184 0.00000 139.73014 0.83184 0.55502 0.00000 -97.31874 0.00000 0.00000 -1.00000 -0.00000
1618339798359211 -0.68722 0.72645 0.00000 153.07309 0.72645 0.68722 0.00000 -72.36695 0.00000 0.00000 -1.00000 -0.00000
1618339798609839 -0.78910 0.61427 0.00000 161.11925 0.61427 0.78910 0.00000 -48.42362 0.00000 0.00000 -1.00000 -0.00000
1618339798860467 -0.86157 0.50765 -0.00000 164.82536 0.50765 0.86157 0.00000 -27.18705 0.00000 0.00000 -1.00000 -0.00000
1618339799110486 -0.91089 0.41264 0.00000 165.63022 0.41264 0.91089 0.00000 -9.52174 0.00000 0.00000 -1.00000 -0.00000
1618339799360476 -0.93778 0.34723 -0.00000 164.56579 0.34723 0.93778 0.00000 2.13546 0.00000 0.00000 -1.00000 0.00000
1618339799611104 -0.95455 0.29804 0.00000 163.13008 0.29804 0.95455 0.00000 10.81241 0.00000 0.00000 -1.00000 0.00000
1618339799861113 -0.96475 0.26315 0.00000 161.33464 0.26315 0.96475 0.00000 16.71528 0.00000 0.00000 -1.00000 0.00000
1618339800111112 -0.97020 0.24229 0.00000 159.60824 0.24229 0.97020 0.00000 20.19060 0.00000 0.00000 -1.00000 0.00000
1618339800361116 -0.97157 0.23675 0.00000 158.15923 0.23675 0.97157 0.00000 21.10406 0.00000 0.00000 -1.00000 0.00000
1618339800611116 -0.96908 0.24675 0.00000 157.01006 0.24675 0.96908 0.00000 19.47838 0.00000 0.00000 -1.00000 0.00000
1618339800860501 -0.96634 0.25729 0.00000 155.76084 0.25729 0.96634 0.00000 17.76753 0.00000 0.00000 -1.00000 0.00000
1618339801110507 -0.95810 0.28644 0.00000 154.56352 0.28644 0.95810 0.00000 12.94694 0.00000 0.00000 -1.00000 0.00000
1618339801361131 -0.94650 0.32270 0.00000 153.61172 0.32270 0.94650 0.00000 7.18101 0.00000 0.00000 -1.00000 0.00000
1618339801611136 -0.92744 0.37397 0.00000 152.19467 0.37397 0.92744 0.00000 -1.27240 0.00000 0.00000 -1.00000 -0.00000
1618339801860516 -0.91234 0.40943 0.00000 150.51771 0.40943 0.91234 0.00000 -7.10262 0.00000 0.00000 -1.00000 -0.00000
1618339802110517 -0.88817 0.45952 0.00000 148.19010 0.45952 0.88817 0.00000 -15.51533 0.00000 0.00000 -1.00000 -0.00000
1618339802359901 -0.86356 0.50424 0.00000 145.79606 0.50424 0.86356 0.00000 -23.11524 0.00000 0.00000 -1.00000 -0.00000
1618339802609904 -0.83446 0.55107 0.00000 142.48355 0.55107 0.83446 0.00000 -31.09253 0.00000 0.00000 -1.00000 -0.00000
1618339802859904 -0.80033 0.59956 0.00000 138.71129 0.59956 0.80033 0.00000 -39.53707 0.00000 0.00000 -1.00000 -0.00000
1618339803109285 -0.77254 0.63497 -0.00000 135.07158 0.63497 0.77254 0.00000 -45.84147 0.00000 0.00000 -1.00000 -0.00000
1618339803359292 -0.72957 0.68391 0.00000 129.95799 0.68391 0.72957 0.00000 -54.41760 0.00000 0.00000 -1.00000 -0.00000
1618339803608669 -0.69660 0.71746 0.00000 125.57603 0.71746 0.69660 0.00000 -60.57826 0.00000 0.00000 -1.00000 -0.00000
1618339803858052 -0.66067 0.75067 -0.00000 120.55180 0.75067 0.66067 0.00000 -66.73540 0.00000 0.00000 -1.00000 -0.00000
1618339804108051 -0.62151 0.78340 0.00000 115.08452 0.78340 0.62151 0.00000 -72.87641 0.00000 0.00000 -1.00000 -0.00000
1618339804358686 -0.58074 0.81409 0.00000 109.28074 0.81409 0.58074 0.00000 -78.55189 0.00000 0.00000 -1.00000 -0.00000
1618339804608058 -0.54618 0.83767 0.00000 104.00515 0.83767 0.54618 0.00000 -83.11671 0.00000 0.00000 -1.00000 -0.00000
1618339804858058 -0.50634 0.86233 0.00000 97.98296 0.86233 0.50634 0.00000 -87.72679 0.00000 0.00000 -1.00000 -0.00000
1618339805106817 -0.47598 0.87946 -0.00000 92.87901 0.87946 0.47598 0.00000 -91.18560 0.00000 0.00000 -1.00000 -0.00000
1618339805356821 -0.45095 0.89255 0.00000 88.22383 0.89255 0.45095 0.00000 -93.77788 0.00000 0.00000 -1.00000 -0.00000
1618339805606201 -0.43926 0.89836 -0.00000 84.86750 0.89836 0.43926 0.00000 -95.00195 0.00000 0.00000 -1.00000 -0.00000
1618339805856208 -0.42295 0.90615 0.00000 80.93994 0.90615 0.42295 0.00000 -96.55078 0.00000 0.00000 -1.00000 -0.00000
1618339806106204 -0.41049 0.91186 0.00000 77.48143 0.91186 0.41049 0.00000 -97.70292 0.00000 0.00000 -1.00000 -0.00000
1618339806356209 -0.39645 0.91806 -0.00000 73.86646 0.91806 0.39645 0.00000 -98.92263 0.00000 0.00000 -1.00000 -0.00000
1618339806605586 -0.38831 0.92153 0.00000 70.83695 0.92153 0.38831 0.00000 -99.75728 0.00000 0.00000 -1.00000 -0.00000
1618339806855596 -0.38167 0.92430 0.00000 67.97555 0.92430 0.38167 0.00000 -100.36917 0.00000 0.00000 -1.00000 -0.00000
1618339807105601 -0.38713 0.92203 0.00000 66.41510 0.92203 0.38713 0.00000 -99.88177 0.00000 0.00000 -1.00000 -0.00000
1618339807355601 -0.39646 0.91805 0.00000 65.28209 0.91805 0.39646 0.00000 -99.18633 0.00000 0.00000 -1.00000 -0.00000
1618339807605603 -0.42121 0.90696 0.00000 65.83657 0.90696 0.42121 0.00000 -97.41545 0.00000 0.00000 -1.00000 -0.00000
1618339807855628 -0.45181 0.89212 0.00000 67.00701 0.89212 0.45181 0.00000 -95.13102 0.00000 0.00000 -1.00000 -0.00000
1618339808105613 -0.49174 0.87074 0.00000 69.14483 0.87074 0.49174 0.00000 -92.31178 0.00000 0.00000 -1.00000 -0.00000
1618339808356245 -0.54054 0.84132 0.00000 72.21664 0.84132 0.54054 0.00000 -88.03711 0.00000 0.00000 -1.00000 -0.00000
1618339808606246 -0.59424 0.80429 0.00000 75.81754 0.80429 0.59424 0.00000 -83.37006 0.00000 0.00000 -1.00000 -0.00000
1618339808856255 -0.64407 0.76497 0.00000 78.93391 0.76497 0.64407 0.00000 -78.45050 0.00000 0.00000 -1.00000 -0.00000
1618339809106255 -0.69522 0.71879 0.00000 82.13392 0.71879 0.69522 0.00000 -72.90134 0.00000 0.00000 -1.00000 -0.00000
1618339809356268 -0.74380 0.66840 0.00000 84.97888 0.66840 0.74380 0.00000 -67.11060 0.00000 0.00000 -1.00000 -0.00000
1618339809606261 -0.78993 0.61320 0.00000 87.67386 0.61320 0.78993 0.00000 -60.77736 0.00000 0.00000 -1.00000 -0.00000
1618339809856267 -0.83442 0.55112 0.00000 90.06248 0.55112 0.83442 0.00000 -54.09555 0.00000 0.00000 -1.00000 -0.00000
1618339810106272 -0.87043 0.49230 0.00000 91.63826 0.49230 0.87043 0.00000 -47.74678 0.00000 0.00000 -1.00000 -0.00000
1618339810356277 -0.89855 0.43888 -0.00000 92.41128 0.43888 0.89855 0.00000 -42.27983 0.00000 0.00000 -1.00000 -0.00000
1618339810606904 -0.92402 0.38235 0.00000 92.89793 0.38235 0.92402 0.00000 -36.42348 0.00000 0.00000 -1.00000 -0.00000
1618339810856906 -0.94559 0.32538 0.00000 93.07045 0.32538 0.94559 0.00000 -30.78173 0.00000 0.00000 -1.00000 -0.00000
1618339811106911 -0.96456 0.26385 0.00000 92.86912 0.26385 0.96456 0.00000 -24.76311 0.00000 0.00000 -1.00000 -0.00000
1618339811356288 -0.97989 0.19954 0.00000 92.34253 0.19954 0.97989 0.00000 -18.58042 0.00000 0.00000 -1.00000 -0.00000
1618339811606300 -0.99000 0.14107 0.00000 91.22296 0.14107 0.99000 0.00000 -13.18215 0.00000 0.00000 -1.00000 -0.00000
1618339811856928 -0.99559 0.09377 0.00000 89.73001 0.09377 0.99559 0.00000 -8.74253 0.00000 0.00000 -1.00000 -0.00000
1618339812106928 -0.99882 0.04860 0.00000 87.96162 0.04860 0.99882 0.00000 -4.75859 0.00000 0.00000 -1.00000 -0.00000
1618339812356933 -0.99999 0.00389 -0.00000 86.07525 0.00389 0.99999 0.00000 -0.75611 0.00000 0.00000 -1.00000 -0.00000
1618339812606941 -0.99988 -0.01518 0.00000 83.97228 -0.01518 0.99988 0.00000 0.87026 -0.00000 0.00000 -1.00000 0.00000
1618339812856317 -0.99891 -0.04660 0.00000 81.84556 -0.04660 0.99891 0.00000 3.48551 -0.00000 0.00000 -1.00000 0.00000
1618339813106319 -0.99840 -0.05662 0.00000 79.68984 -0.05662 0.99840 0.00000 4.23017 -0.00000 0.00000 -1.00000 0.00000
1618339813356319 -0.99753 -0.07018 -0.00000 77.44783 -0.07018 0.99753 0.00000 5.32557 -0.00000 0.00000 -1.00000 0.00000
1618339813606328 -0.99718 -0.07511 0.00000 75.32738 -0.07511 0.99718 0.00000 5.52698 -0.00000 0.00000 -1.00000 0.00000
1618339813856960 -0.99776 -0.06692 0.00000 73.21252 -0.06692 0.99776 0.00000 4.89593 -0.00000 0.00000 -1.00000 0.00000
1618339814106333 -0.99771 -0.06761 0.00000 71.04417 -0.06761 0.99771 0.00000 4.98506 -0.00000 0.00000 -1.00000 0.00000
1618339814356353 -0.99813 -0.06109 0.00000 68.84089 -0.06109 0.99813 0.00000 4.54596 -0.00000 0.00000 -1.00000 0.00000
1618339814606342 -0.99858 -0.05335 0.00000 66.78519 -0.05335 0.99858 0.00000 3.94553 -0.00000 0.00000 -1.00000 0.00000
1618339814856344 -0.99907 -0.04308 0.00000 64.61669 -0.04308 0.99907 0.00000 3.24486 -0.00000 0.00000 -1.00000 0.00000
1618339815106364 -0.99937 -0.03549 0.00000 62.51329 -0.03549 0.99937 0.00000 2.71851 -0.00000 0.00000 -1.00000 0.00000
1618339815355736 -0.99925 -0.03880 0.00000 60.30969 -0.03880 0.99925 0.00000 2.72462 -0.00000 0.00000 -1.00000 0.00000
1618339815606359 -0.99937 -0.03559 0.00000 58.20493 -0.03559 0.99937 0.00000 2.70660 -0.00000 0.00000 -1.00000 0.00000
1618339815855739 -0.99927 -0.03821 0.00000 56.07154 -0.03821 0.99927 0.00000 2.85760 -0.00000 0.00000 -1.00000 0.00000
1618339816105739 -0.99956 -0.02981 0.00000 53.99310 -0.02981 0.99956 0.00000 2.27227 -0.00000 0.00000 -1.00000 0.00000
1618339816355748 -0.99957 -0.02936 0.00000 51.90168 -0.02936 0.99957 0.00000 2.23740 -0.00000 0.00000 -1.00000 0.00000
1618339816605748 -0.99959 -0.02848 0.00000 49.84603 -0.02848 0.99959 0.00000 2.11069 -0.00000 0.00000 -1.00000 0.00000
1618339816855753 -0.99944 -0.03335 0.00000 47.78292 -0.03335 0.99944 0.00000 2.34234 -0.00000 0.00000 -1.00000 0.00000
1618339817105750 -0.99904 -0.04376 0.00000 45.71848 -0.04376 0.99904 0.00000 2.67076 -0.00000 0.00000 -1.00000 0.00000
1618339817355770 -0.99891 -0.04678 0.00000 43.69578 -0.04678 0.99891 0.00000 2.71781 -0.00000 0.00000 -1.00000 0.00000
1618339817606391 -0.99939 -0.03484 0.00000 41.64691 -0.03484 0.99939 0.00000 2.31302 -0.00000 0.00000 -1.00000 0.00000
1618339817856394 -0.99983 -0.01858 0.00000 39.67295 -0.01858 0.99983 0.00000 1.67760 -0.00000 0.00000 -1.00000 0.00000
1618339818106398 -0.99998 -0.00639 0.00000 37.62298 -0.00639 0.99998 0.00000 1.14683 -0.00000 0.00000 -1.00000 0.00000
1618339818355775 -0.99999 -0.00442 0.00000 35.71439 -0.00442 0.99999 0.00000 0.97972 -0.00000 0.00000 -1.00000 0.00000
1618339818605783 -1.00000 0.00274 0.00000 33.57857 0.00274 1.00000 0.00000 0.80791 0.00000 0.00000 -1.00000 0.00000
1618339818855787 -0.99998 0.00685 0.00000 31.56668 0.00685 0.99998 0.00000 0.62847 0.00000 0.00000 -1.00000 0.00000
1618339819105164 -0.99997 0.00770 -0.00000 29.51885 0.00770 0.99997 0.00000 0.49592 0.00000 0.00000 -1.00000 0.00000
1618339819355168 -0.99989 0.01484 -0.00000 27.36552 0.01484 0.99989 0.00000 0.34013 0.00000 0.00000 -1.00000 0.00000
1618339819604546 -0.99980 0.01995 0.00000 25.30348 0.01995 0.99980 0.00000 -0.00125 0.00000 0.00000 -1.00000 -0.00000
1618339819854552 -0.99954 0.03034 -0.00000 23.10571 0.03034 0.99954 0.00000 -0.14715 0.00000 0.00000 -1.00000 -0.00000
1618339820103928 -0.99950 0.03153 0.00000 21.07192 0.03153 0.99950 0.00000 -0.38777 0.00000 0.00000 -1.00000 -0.00000
1618339820353315 -0.99946 0.03290 0.00000 18.85070 0.03290 0.99946 0.00000 -0.35723 0.00000 0.00000 -1.00000 -0.00000
1618339820603315 -0.99946 0.03300 -0.00000 16.76448 0.03300 0.99946 0.00000 -0.40083 0.00000 0.00000 -1.00000 -0.00000
1618339820853318 -0.99924 0.03904 0.00000 14.50882 0.03904 0.99924 0.00000 -0.50283 0.00000 0.00000 -1.00000 -0.00000
1618339821104573 -0.99883 0.04829 -0.00000 12.32257 0.04829 0.99883 0.00000 -0.64135 0.00000 0.00000 -1.00000 -0.00000
1618339821355204 -0.99884 0.04808 0.00000 10.10000 0.04808 0.99884 0.00000 -0.67751 0.00000 0.00000 -1.00000 -0.00000
1618339821605840 -0.99914 0.04158 -0.00000 7.84330 0.04158 0.99914 0.00000 -0.66361 0.00000 0.00000 -1.00000 -0.00000
1618339821855838 -0.99890 0.04698 0.00000 5.54626 0.04698 0.99890 0.00000 -0.72996 0.00000 0.00000 -1.00000 -0.00000
1618339822105850 -0.99907 0.04315 0.00000 3.28934 0.04315 0.99907 0.00000 -0.71573 0.00000 0.00000 -1.00000 -0.00000
1618339822355850 -0.99889 0.04718 0.00000 0.88395 0.04718 0.99889 0.00000 -0.69779 0.00000 0.00000 -1.00000 -0.00000
1618339822605848 -0.99883 0.04830 0.00000 -1.38152 0.04830 0.99883 0.00000 -0.66056 0.00000 0.00000 -1.00000 -0.00000
1618339822855850 -0.99877 0.04963 -0.00000 -3.77351 0.04963 0.99877 0.00000 -0.78604 0.00000 0.00000 -1.00000 -0.00000
1618339823105232 -0.99914 0.04158 -0.00000 -6.16682 0.04158 0.99914 0.00000 -0.90854 0.00000 0.00000 -1.00000 -0.00000
1618339823355249 -0.99924 0.03900 -0.00000 -8.52629 0.03900 0.99924 0.00000 -0.79879 0.00000 0.00000 -1.00000 -0.00000
1618339823604617 -0.99936 0.03573 0.00000 -10.87918 0.03573 0.99936 0.00000 -0.83229 0.00000 0.00000 -1.00000 -0.00000
1618339823854619 -0.99941 0.03420 0.00000 -13.29258 0.03420 0.99941 0.00000 -0.93790 0.00000 0.00000 -1.00000 -0.00000
1618339824104000 -0.99984 0.01792 0.00000 -15.53964 0.01792 0.99984 0.00000 -1.27088 0.00000 0.00000 -1.00000 -0.00000
1618339824353998 -0.99985 0.01734 0.00000 -18.15062 0.01734 0.99985 0.00000 -1.22574 0.00000 0.00000 -1.00000 -0.00000
1618339824604003 -0.99989 0.01484 -0.00000 -20.35325 0.01484 0.99989 0.00000 -1.37597 0.00000 0.00000 -1.00000 -0.00000
1618339824853390 -0.99998 0.00662 0.00000 -22.76604 0.00662 0.99998 0.00000 -1.62491 0.00000 0.00000 -1.00000 -0.00000
1618339825103393 -1.00000 0.00053 0.00000 -25.07416 0.00053 1.00000 0.00000 -1.69689 0.00000 0.00000 -1.00000 -0.00000
1618339825354023 -0.99997 -0.00834 0.00000 -27.40969 -0.00834 0.99997 0.00000 -1.88683 -0.00000 0.00000 -1.00000 -0.00000
1618339825604645 -0.99990 -0.01400 -0.00000 -29.80373 -0.01400 0.99990 0.00000 -2.12439 -0.00000 0.00000 -1.00000 -0.00000
1618339825855274 -0.99986 -0.01697 0.00000 -32.17281 -0.01697 0.99986 0.00000 -2.20165 -0.00000 0.00000 -1.00000 -0.00000
1618339826105911 -0.99972 -0.02387 0.00000 -34.35778 -0.02387 0.99972 0.00000 -2.47289 -0.00000 0.00000 -1.00000 -0.00000
1618339826356528 -0.99973 -0.02340 -0.00000 -36.77319 -0.02340 0.99973 0.00000 -2.38997 -0.00000 0.00000 -1.00000 -0.00000
1618339826606535 -0.99956 -0.02975 0.00000 -39.10201 -0.02975 0.99956 0.00000 -2.66303 -0.00000 0.00000 -1.00000 -0.00000
1618339826856544 -0.99965 -0.02629 -0.00000 -41.34221 -0.02629 0.99965 0.00000 -2.58912 -0.00000 0.00000 -1.00000 -0.00000
1618339827105922 -0.99938 -0.03518 0.00000 -43.46095 -0.03518 0.99938 0.00000 -2.99656 -0.00000 0.00000 -1.00000 -0.00000
1618339827355925 -0.99940 -0.03470 0.00000 -45.60734 -0.03470 0.99940 0.00000 -2.99764 -0.00000 0.00000 -1.00000 -0.00000
1618339827605302 -0.99891 -0.04663 0.00000 -47.61196 -0.04663 0.99891 0.00000 -3.66853 -0.00000 0.00000 -1.00000 -0.00000
1618339827855305 -0.99930 -0.03749 0.00000 -49.64179 -0.03749 0.99930 0.00000 -3.14236 -0.00000 0.00000 -1.00000 -0.00000
1618339828104685 -0.99912 -0.04189 0.00000 -51.48535 -0.04189 0.99912 0.00000 -3.41208 -0.00000 0.00000 -1.00000 -0.00000
1618339828354687 -0.99941 -0.03435 0.00000 -53.44242 -0.03435 0.99941 0.00000 -3.03116 -0.00000 0.00000 -1.00000 -0.00000
1618339828604687 -0.99986 -0.01653 0.00000 -55.13728 -0.01653 0.99986 0.00000 -2.04143 -0.00000 0.00000 -1.00000 -0.00000
1618339828854072 -0.99997 0.00785 0.00000 -56.78355 0.00785 0.99997 0.00000 -0.61849 0.00000 0.00000 -1.00000 -0.00000
1618339829103451 -0.99879 0.04925 -0.00000 -58.33752 0.04925 0.99879 0.00000 1.60242 0.00000 0.00000 -1.00000 0.00000
1618339829352833 -0.99603 0.08898 0.00000 -59.73119 0.08898 0.99603 0.00000 3.80795 0.00000 0.00000 -1.00000 0.00000
1618339829603458 -0.98916 0.14682 0.00000 -60.69345 0.14682 0.98916 0.00000 7.29105 0.00000 0.00000 -1.00000 0.00000
1618339829854085 -0.97863 0.20561 0.00000 -61.43490 0.20561 0.97863 0.00000 10.88408 0.00000 0.00000 -1.00000 0.00000
1618339830105338 -0.95874 0.28428 0.00000 -61.63944 0.28428 0.95874 0.00000 15.92455 0.00000 0.00000 -1.00000 0.00000
1618339830355967 -0.92867 0.37091 -0.00000 -61.10151 0.37091 0.92867 0.00000 21.39421 0.00000 0.00000 -1.00000 0.00000
1618339830605977 -0.89063 0.45473 0.00000 -60.05853 0.45473 0.89063 0.00000 26.84019 0.00000 0.00000 -1.00000 0.00000
1618339830855983 -0.83372 0.55218 -0.00000 -57.88195 0.55218 0.83372 0.00000 33.47299 0.00000 0.00000 -1.00000 0.00000
1618339831105360 -0.76463 0.64447 0.00000 -54.73033 0.64447 0.76463 0.00000 39.80837 0.00000 0.00000 -1.00000 0.00000
1618339831354732 -0.67960 0.73358 0.00000 -50.44753 0.73358 0.67960 0.00000 46.26372 0.00000 0.00000 -1.00000 0.00000
1618339831604741 -0.58538 0.81076 0.00000 -45.54967 0.81076 0.58538 0.00000 52.00002 0.00000 0.00000 -1.00000 0.00000
1618339831854120 -0.47640 0.87923 0.00000 -39.65747 0.87923 0.47640 0.00000 57.65375 0.00000 0.00000 -1.00000 0.00000
1618339832102869 -0.37966 0.92513 0.00000 -34.28434 0.92513 0.37966 0.00000 61.28618 0.00000 0.00000 -1.00000 0.00000
1618339832352878 -0.28268 0.95921 0.00000 -28.91122 0.95921 0.28268 0.00000 64.55920 0.00000 0.00000 -1.00000 0.00000
1618339832602880 -0.21324 0.97700 -0.00000 -25.36243 0.97700 0.21324 0.00000 66.38678 0.00000 0.00000 -1.00000 0.00000
1618339832852891 -0.17189 0.98512 0.00000 -23.82368 0.98512 0.17189 0.00000 67.31277 0.00000 0.00000 -1.00000 0.00000
1618339833104142 -0.13488 0.99086 -0.00000 -22.45257 0.99086 0.13488 0.00000 68.26725 0.00000 0.00000 -1.00000 0.00000
1618339833354779 -0.11660 0.99318 0.00000 -22.53737 0.99318 0.11660 0.00000 68.46493 0.00000 0.00000 -1.00000 0.00000
1618339833606024 -0.09733 0.99525 0.00000 -22.52117 0.99525 0.09733 0.00000 68.93262 0.00000 0.00000 -1.00000 0.00000
1618339833856667 -0.08255 0.99659 0.00000 -22.90745 0.99659 0.08255 0.00000 69.13926 0.00000 0.00000 -1.00000 0.00000
1618339834106657 -0.07961 0.99683 0.00000 -24.04900 0.99683 0.07961 0.00000 69.20933 0.00000 0.00000 -1.00000 0.00000
1618339834356659 -0.05706 0.99837 0.00000 -23.97780 0.99837 0.05706 0.00000 69.70867 0.00000 0.00000 -1.00000 0.00000
1618339834606663 -0.03847 0.99926 0.00000 -24.12911 0.99926 0.03847 0.00000 70.15782 0.00000 0.00000 -1.00000 0.00000
1618339834856041 -0.04205 0.99912 0.00000 -26.00613 0.99912 0.04205 0.00000 70.05683 0.00000 0.00000 -1.00000 0.00000
1618339835106050 -0.01869 0.99983 0.00000 -25.93832 0.99983 0.01869 0.00000 70.52352 0.00000 0.00000 -1.00000 0.00000
1618339835355429 -0.01292 0.99992 0.00000 -27.10120 0.99992 0.01292 0.00000 70.75059 0.00000 0.00000 -1.00000 0.00000
1618339835605431 -0.00516 0.99999 0.00000 -28.24636 0.99999 0.00516 0.00000 70.82804 0.00000 0.00000 -1.00000 0.00000
1618339835855432 0.00869 0.99996 0.00000 -29.00189 0.99996 -0.00869 0.00000 71.18829 0.00000 -0.00000 -1.00000 0.00000
1618339836104809 0.02068 0.99979 0.00000 -29.79439 0.99979 -0.02068 0.00000 71.52186 0.00000 -0.00000 -1.00000 0.00000
1618339836354816 0.04213 0.99911 -0.00000 -30.06660 0.99911 -0.04213 0.00000 72.05138 0.00000 -0.00000 -1.00000 0.00000
1618339836604825 0.06426 0.99793 0.00000 -30.17830 0.99793 -0.06426 0.00000 72.71146 0.00000 -0.00000 -1.00000 0.00000
1618339836854202 0.08325 0.99653 0.00000 -30.58924 0.99653 -0.08325 0.00000 73.22117 0.00000 -0.00000 -1.00000 0.00000
1618339837104203 0.11019 0.99391 0.00000 -30.39454 0.99391 -0.11019 0.00000 74.00442 0.00000 -0.00000 -1.00000 0.00000
1618339837353579 0.13297 0.99112 0.00000 -30.52957 0.99112 -0.13297 0.00000 74.62426 0.00000 -0.00000 -1.00000 0.00000
1618339837603591 0.14440 0.98952 -0.00000 -31.41544 0.98952 -0.14440 0.00000 74.92982 0.00000 -0.00000 -1.00000 0.00000
1618339837853593 0.14834 0.98894 0.00000 -33.06375 0.98894 -0.14834 0.00000 75.06390 0.00000 -0.00000 -1.00000 0.00000
1618339838104845 0.14093 0.99002 0.00000 -35.46810 0.99002 -0.14093 0.00000 74.81073 0.00000 -0.00000 -1.00000 0.00000
1618339838355477 0.13187 0.99127 0.00000 -38.06536 0.99127 -0.13187 0.00000 74.37723 0.00000 -0.00000 -1.00000 0.00000
1618339838606102 0.10368 0.99461 0.00000 -41.79837 0.99461 -0.10368 0.00000 73.21924 0.00000 -0.00000 -1.00000 0.00000
1618339838856731 0.08229 0.99661 0.00000 -45.53417 0.99661 -0.08229 0.00000 72.28657 0.00000 -0.00000 -1.00000 0.00000
