1620936720162098 0.97568 0.21919 0.00000 2.23904 0.21919 -0.97568 0.00000 0.67538 0.00000 0.00000 -1.00000 0.00000
1620936720411139 0.97569 0.21917 0.00000 2.23906 0.21917 -0.97569 0.00000 0.67531 0.00000 0.00000 -1.00000 0.00000
1620936720661137 0.97568 0.21919 0.00000 2.23902 0.21919 -0.97568 0.00000 0.67537 0.00000 0.00000 -1.00000 0.00000
1620936720911145 0.97568 0.21920 0.00000 2.23899 0.21920 -0.97568 0.00000 0.67540 0.00000 0.00000 -1.00000 0.00000
1620936721161773 0.97567 0.21922 0.00000 2.23902 0.21922 -0.97567 0.00000 0.67546 0.00000 0.00000 -1.00000 0.00000
1620936721411777 0.97568 0.21922 0.00000 2.23900 0.21922 -0.97568 0.00000 0.67547 0.00000 0.00000 -1.00000 0.00000
1620936721662404 0.97567 0.21925 0.00000 2.23896 0.21925 -0.97567 0.00000 0.67552 0.00000 0.00000 -1.00000 0.00000
1620936721912406 0.97567 0.21924 0.00000 2.23897 0.21924 -0.97567 0.00000 0.67549 0.00000 0.00000 -1.00000 0.00000
1620936722162424 0.97567 0.21924 0.00000 2.23897 0.21924 -0.97567 0.00000 0.67552 0.00000 0.00000 -1.00000 0.00000
1620936722411788 0.97567 0.21925 0.00000 2.23898 0.21925 -0.97567 0.00000 0.67550 0.00000 0.00000 -1.00000 0.00000
1620936722661799 0.97567 0.21924 0.00000 2.23896 0.21924 -0.97567 0.00000 0.67549 0.00000 0.00000 -1.00000 0.00000
1620936722911176 0.97568 0.21920 0.00000 2.23898 0.21920 -0.97568 0.00000 0.67541 0.00000 0.00000 -1.00000 0.00000
1620936723160557 0.97568 0.21920 0.00000 2.23900 0.21920 -0.97568 0.00000 0.67537 0.00000 0.00000 -1.00000 0.00000
1620936723409939 0.97568 0.21922 0.00000 2.23894 0.21922 -0.97568 0.00000 0.67547 0.00000 0.00000 -1.00000 0.00000
1620936723659941 0.97567 0.21925 0.00000 2.23889 0.21925 -0.97567 0.00000 0.67548 0.00000 0.00000 -1.00000 0.00000
1620936723910564 0.97567 0.21923 0.00000 2.23892 0.21923 -0.97567 0.00000 0.67546 0.00000 0.00000 -1.00000 0.00000
1620936724161825 0.97568 0.21920 0.00000 2.23900 0.21920 -0.97568 0.00000 0.67540 0.00000 0.00000 -1.00000 0.00000
1620936724411828 0.97569 0.21917 0.00000 2.23910 0.21917 -0.97569 0.00000 0.67529 0.00000 0.00000 -1.00000 0.00000
1620936724662458 0.97569 0.21916 0.00000 2.23919 0.21916 -0.97569 0.00000 0.67526 0.00000 0.00000 -1.00000 0.00000
1620936724912461 0.97568 0.21919 0.00000 2.23926 0.21919 -0.97568 0.00000 0.67532 0.00000 0.00000 -1.00000 0.00000
1620936725162503 0.97569 0.21918 0.00000 2.23920 0.21918 -0.97569 0.00000 0.67529 0.00000 0.00000 -1.00000 0.00000
1620936725411848 0.97569 0.21917 0.00000 2.23921 0.21917 -0.97569 0.00000 0.67528 0.00000 0.00000 -1.00000 0.00000
1620936725661226 0.97569 0.21916 0.00000 2.23923 0.21916 -0.97569 0.00000 0.67526 0.00000 0.00000 -1.00000 0.00000
1620936725911227 0.97569 0.21915 0.00000 2.23926 0.21915 -0.97569 0.00000 0.67526 0.00000 0.00000 -1.00000 0.00000
1620936726160607 0.97569 0.21916 0.00000 2.23912 0.21916 -0.97569 0.00000 0.67540 0.00000 0.00000 -1.00000 0.00000
1620936726410607 0.97568 0.21918 0.00000 2.23913 0.21918 -0.97568 0.00000 0.67621 0.00000 0.00000 -1.00000 0.00000
1620936726661869 0.97569 0.21914 0.00000 2.23202 0.21914 -0.97569 0.00000 0.67480 0.00000 0.00000 -1.00000 0.00000
1620936726912491 0.97568 0.21920 0.00000 2.21065 0.21920 -0.97568 0.00000 0.67554 0.00000 0.00000 -1.00000 0.00000
1620936727163120 0.97565 0.21932 0.00000 2.17900 0.21932 -0.97565 0.00000 0.67520 0.00000 0.00000 -1.00000 0.00000
1620936727413136 0.97582 0.21857 0.00000 2.13737 0.21857 -0.97582 0.00000 0.67349 0.00000 0.00000 -1.00000 0.00000
1620936727662501 0.97618 0.21694 0.00000 2.07628 0.21694 -0.97618 0.00000 0.66942 0.00000 0.00000 -1.00000 0.00000
1620936727911885 0.97697 0.21340 0.00000 1.96800 0.21340 -0.97697 0.00000 0.65947 0.00000 0.00000 -1.00000 0.00000
1620936728161264 0.97841 0.20669 0.00000 1.79408 0.20669 -0.97841 0.00000 0.64145 0.00000 0.00000 -1.00000 0.00000
1620936728410644 0.98051 0.19648 0.00000 1.54355 0.19648 -0.98051 0.00000 0.61541 0.00000 0.00000 -1.00000 0.00000
1620936728660646 0.98292 0.18403 0.00000 1.20156 0.18403 -0.98292 0.00000 0.58224 0.00000 0.00000 -1.00000 0.00000
1620936728910649 0.98517 0.17160 0.00000 0.76375 0.17160 -0.98517 0.00000 0.54921 0.00000 0.00000 -1.00000 0.00000
1620936729160653 0.98679 0.16202 0.00000 0.22972 0.16202 -0.98679 0.00000 0.53063 0.00000 0.00000 -1.00000 0.00000
1620936729411909 0.98831 0.15244 0.00000 -0.39633 0.15244 -0.98831 0.00000 0.51854 0.00000 0.00000 -1.00000 0.00000
1620936729662540 0.98987 0.14198 0.00000 -1.10402 0.14198 -0.98987 0.00000 0.50449 0.00000 0.00000 -1.00000 0.00000
1620936729913170 0.99121 0.13228 0.00000 -1.88461 0.13228 -0.99121 0.00000 0.50023 0.00000 0.00000 -1.00000 0.00000
1620936730163181 0.99251 0.12219 0.00000 -2.74084 0.12219 -0.99251 0.00000 0.51291 0.00000 0.00000 -1.00000 0.00000
1620936730413172 0.99355 0.11343 0.00000 -3.68757 0.11343 -0.99355 0.00000 0.52658 0.00000 0.00000 -1.00000 0.00000
1620936730662555 0.99449 0.10479 0.00000 -4.69347 0.10479 -0.99449 0.00000 0.56035 0.00000 0.00000 -1.00000 0.00000
1620936730911932 0.99528 0.09703 0.00000 -5.75140 0.09703 -0.99528 0.00000 0.59307 0.00000 0.00000 -1.00000 0.00000
1620936731161314 0.99596 0.08983 0.00000 -6.86506 0.08983 -0.99596 0.00000 0.62942 0.00000 0.00000 -1.00000 0.00000
1620936731410692 0.99646 0.08408 0.00000 -8.02647 0.08408 -0.99646 0.00000 0.67021 0.00000 0.00000 -1.00000 0.00000
1620936731660072 0.99645 0.08416 0.00000 -9.22172 0.08416 -0.99645 0.00000 0.63928 0.00000 0.00000 -1.00000 0.00000
1620936731910078 0.99613 0.08788 0.00000 -10.45441 0.08788 -0.99613 0.00000 0.58939 0.00000 0.00000 -1.00000 0.00000
1620936732160079 0.99585 0.09099 0.00000 -11.75202 0.09099 -0.99585 0.00000 0.52782 0.00000 0.00000 -1.00000 0.00000
1620936732411331 0.99553 0.09444 0.00000 -13.15441 0.09444 -0.99553 0.00000 0.45042 0.00000 0.00000 -1.00000 0.00000
1620936732661966 0.99516 0.09823 0.00000 -14.55584 0.09823 -0.99516 0.00000 0.36925 0.00000 0.00000 -1.00000 0.00000
1620936732912587 0.99476 0.10228 0.00000 -16.04029 0.10228 -0.99476 0.00000 0.27549 0.00000 0.00000 -1.00000 0.00000
1620936733163250 0.99421 0.10742 0.00000 -17.61321 0.10742 -0.99421 0.00000 0.15815 0.00000 0.00000 -1.00000 0.00000
1620936733412604 0.99335 0.11516 0.00000 -19.20712 0.11516 -0.99335 0.00000 -0.01634 0.00000 0.00000 -1.00000 0.00000
1620936733662606 0.99226 0.12419 0.00000 -20.86922 0.12419 -0.99226 0.00000 -0.23021 0.00000 0.00000 -1.00000 0.00000
1620936733911354 0.99082 0.13520 0.00000 -22.55818 0.13520 -0.99082 0.00000 -0.50220 0.00000 0.00000 -1.00000 0.00000
1620936734160732 0.98911 0.14720 0.00000 -24.26982 0.14720 -0.98911 0.00000 -0.81265 0.00000 0.00000 -1.00000 0.00000
1620936734410739 0.98692 0.16123 0.00000 -26.00351 0.16123 -0.98692 0.00000 -1.20503 0.00000 0.00000 -1.00000 0.00000
1620936734660746 0.98354 0.18071 0.00000 -27.74445 0.18071 -0.98354 0.00000 -1.77273 0.00000 0.00000 -1.00000 0.00000
1620936734911375 0.98031 0.19748 0.00000 -29.47534 0.19748 -0.98031 0.00000 -2.30219 0.00000 0.00000 -1.00000 0.00000
1620936735162622 0.97717 0.21246 0.00000 -31.30827 0.21246 -0.97717 0.00000 -2.78613 0.00000 0.00000 -1.00000 0.00000
1620936735413254 0.97445 0.22462 0.00000 -33.11530 0.22462 -0.97445 0.00000 -3.21338 0.00000 0.00000 -1.00000 0.00000
1620936735662632 0.97231 0.23367 0.00000 -34.99280 0.23367 -0.97231 0.00000 -3.54329 0.00000 0.00000 -1.00000 0.00000
1620936735912014 0.96968 0.24437 0.00000 -36.93810 0.24437 -0.96968 0.00000 -3.97662 0.00000 0.00000 -1.00000 0.00000
1620936736162019 0.96783 0.25160 0.00000 -38.84976 0.25160 -0.96783 0.00000 -4.27968 0.00000 0.00000 -1.00000 0.00000
1620936736411400 0.96669 0.25597 0.00000 -40.87198 0.25597 -0.96669 0.00000 -4.49733 0.00000 0.00000 -1.00000 0.00000
1620936736660156 0.96591 0.25886 0.00000 -42.92105 0.25886 -0.96591 0.00000 -4.65838 0.00000 0.00000 -1.00000 0.00000
1620936736910155 0.96519 0.26153 0.00000 -45.00060 0.26153 -0.96519 0.00000 -4.82325 0.00000 0.00000 -1.00000 0.00000
1620936737160789 0.96473 0.26323 0.00000 -47.14731 0.26323 -0.96473 0.00000 -4.94515 0.00000 0.00000 -1.00000 0.00000
1620936737411413 0.96454 0.26394 0.00000 -49.32045 0.26394 -0.96454 0.00000 -5.00940 0.00000 0.00000 -1.00000 0.00000
1620936737662045 0.96490 0.26262 0.00000 -51.55657 0.26262 -0.96490 0.00000 -5.00739 0.00000 0.00000 -1.00000 0.00000
1620936737912672 0.96451 0.26403 0.00000 -53.74922 0.26403 -0.96451 0.00000 -5.12959 0.00000 0.00000 -1.00000 0.00000
1620936738163314 0.96474 0.26320 0.00000 -55.97516 0.26320 -0.96474 0.00000 -5.12846 0.00000 0.00000 -1.00000 0.00000
1620936738412682 0.96466 0.26348 0.00000 -58.19425 0.26348 -0.96466 0.00000 -5.20233 0.00000 0.00000 -1.00000 0.00000
1620936738662065 0.96498 0.26233 0.00000 -60.40256 0.26233 -0.96498 0.00000 -5.19046 0.00000 0.00000 -1.00000 0.00000
1620936738911437 0.96536 0.26091 0.00000 -62.60954 0.26091 -0.96536 0.00000 -5.14249 0.00000 0.00000 -1.00000 0.00000
1620936739160820 0.96589 0.25896 0.00000 -64.81193 0.25896 -0.96589 0.00000 -5.03826 0.00000 0.00000 -1.00000 0.00000
1620936739410824 0.96685 0.25534 0.00000 -67.02158 0.25534 -0.96685 0.00000 -4.82658 0.00000 0.00000 -1.00000 0.00000
1620936739660831 0.96789 0.25138 0.00000 -69.22324 0.25138 -0.96789 0.00000 -4.59606 0.00000 0.00000 -1.00000 0.00000
1620936739910829 0.96933 0.24576 0.00000 -71.42671 0.24576 -0.96933 0.00000 -4.23117 0.00000 0.00000 -1.00000 0.00000
1620936740161456 0.97152 0.23697 0.00000 -73.62791 0.23697 -0.97152 0.00000 -3.61640 0.00000 0.00000 -1.00000 0.00000
1620936740412087 0.97503 0.22205 0.00000 -75.83207 0.22205 -0.97503 0.00000 -2.51403 0.00000 0.00000 -1.00000 0.00000
1620936740662719 0.97878 0.20493 0.00000 -77.99957 0.20493 -0.97878 0.00000 -1.19694 0.00000 0.00000 -1.00000 0.00000
1620936740913343 0.98473 0.17406 0.00000 -80.11669 0.17406 -0.98473 0.00000 1.25712 0.00000 0.00000 -1.00000 0.00000
1620936741163355 0.99091 0.13456 0.00000 -82.12836 0.13456 -0.99091 0.00000 4.44995 0.00000 0.00000 -1.00000 0.00000
1620936741412731 0.99593 0.09008 0.00000 -83.93620 0.09008 -0.99593 0.00000 8.10399 0.00000 0.00000 -1.00000 0.00000
1620936741662108 0.99900 0.04467 0.00000 -85.55552 0.04467 -0.99900 0.00000 11.91634 0.00000 0.00000 -1.00000 0.00000
1620936741911487 0.99999 -0.00491 0.00000 -86.95023 -0.00491 -0.99999 0.00000 16.14243 0.00000 -0.00000 -1.00000 0.00000
1620936742160865 0.99855 -0.05386 0.00000 -88.12711 -0.05386 -0.99855 0.00000 20.37906 0.00000 -0.00000 -1.00000 0.00000
1620936742410244 0.99467 -0.10313 0.00000 -89.04999 -0.10313 -0.99467 0.00000 24.69980 0.00000 -0.00000 -1.00000 0.00000
1620936742660253 0.98792 -0.15498 0.00000 -89.66571 -0.15498 -0.98792 0.00000 29.32058 0.00000 -0.00000 -1.00000 0.00000
1620936742910877 0.97760 -0.21047 0.00000 -89.90148 -0.21047 -0.97760 0.00000 34.35066 0.00000 -0.00000 -1.00000 0.00000
1620936743161508 0.96205 -0.27289 0.00000 -89.50772 -0.27289 -0.96205 0.00000 40.06954 0.00000 -0.00000 -1.00000 0.00000
1620936743412138 0.94065 -0.33939 0.00000 -88.47683 -0.33939 -0.94065 0.00000 46.23559 0.00000 -0.00000 -1.00000 0.00000
1620936743662760 0.91240 -0.40931 0.00000 -86.71321 -0.40931 -0.91240 0.00000 52.78434 0.00000 -0.00000 -1.00000 0.00000
1620936743912767 0.87630 -0.48177 0.00000 -84.08720 -0.48177 -0.87630 0.00000 59.64673 0.00000 -0.00000 -1.00000 0.00000
1620936744162770 0.83490 -0.55040 0.00000 -80.93760 -0.55040 -0.83490 0.00000 66.19002 0.00000 -0.00000 -1.00000 0.00000
1620936744412147 0.78914 -0.61421 0.00000 -77.38673 -0.61421 -0.78914 0.00000 72.33246 0.00000 -0.00000 -1.00000 0.00000
1620936744661534 0.74239 -0.66997 0.00000 -73.80467 -0.66997 -0.74239 0.00000 77.77830 0.00000 -0.00000 -1.00000 0.00000
1620936744910907 0.69460 -0.71939 0.00000 -70.12668 -0.71939 -0.69460 0.00000 82.66621 0.00000 -0.00000 -1.00000 0.00000
1620936745160293 0.64820 -0.76147 0.00000 -66.67374 -0.76147 -0.64820 0.00000 86.87659 0.00000 -0.00000 -1.00000 0.00000
1620936745410295 0.61007 -0.79234 0.00000 -64.18630 -0.79234 -0.61007 0.00000 90.01216 0.00000 -0.00000 -1.00000 0.00000
1620936745660300 0.58250 -0.81283 0.00000 -62.90383 -0.81283 -0.58250 0.00000 92.12790 0.00000 -0.00000 -1.00000 0.00000
1620936745910923 0.56677 -0.82388 0.00000 -62.98835 -0.82388 -0.56677 0.00000 93.29678 0.00000 -0.00000 -1.00000 0.00000
1620936746161566 0.55977 -0.82865 0.00000 -64.06620 -0.82865 -0.55977 0.00000 93.80917 0.00000 -0.00000 -1.00000 0.00000
1620936746412810 0.55842 -0.82956 0.00000 -65.80379 -0.82956 -0.55842 0.00000 93.90935 0.00000 -0.00000 -1.00000 0.00000
1620936746662817 0.55987 -0.82858 0.00000 -67.86584 -0.82858 -0.55987 0.00000 93.77094 0.00000 -0.00000 -1.00000 0.00000
1620936746912822 0.56450 -0.82543 0.00000 -70.31002 -0.82543 -0.56450 0.00000 93.35732 0.00000 -0.00000 -1.00000 0.00000
1620936747162817 0.57005 -0.82161 0.00000 -72.87522 -0.82161 -0.57005 0.00000 92.83832 0.00000 -0.00000 -1.00000 0.00000
1620936747412195 0.57641 -0.81716 0.00000 -75.55489 -0.81716 -0.57641 0.00000 92.22321 0.00000 -0.00000 -1.00000 0.00000
1620936747661571 0.58312 -0.81239 0.00000 -78.28674 -0.81239 -0.58312 0.00000 91.55294 0.00000 -0.00000 -1.00000 0.00000
1620936747910959 0.58972 -0.80760 0.00000 -81.03609 -0.80760 -0.58972 0.00000 90.87851 0.00000 -0.00000 -1.00000 0.00000
1620936748160334 0.60075 -0.79943 0.00000 -84.26632 -0.79943 -0.60075 0.00000 89.70360 0.00000 -0.00000 -1.00000 0.00000
1620936748410967 0.61438 -0.78901 0.00000 -87.78851 -0.78901 -0.61438 0.00000 88.19512 0.00000 -0.00000 -1.00000 0.00000
1620936748660973 0.62849 -0.77781 0.00000 -91.36368 -0.77781 -0.62849 0.00000 86.54155 0.00000 -0.00000 -1.00000 0.00000
1620936748911604 0.64236 -0.76640 0.00000 -94.87151 -0.76640 -0.64236 0.00000 84.83709 0.00000 -0.00000 -1.00000 0.00000
1620936749162853 0.65554 -0.75516 0.00000 -98.26813 -0.75516 -0.65554 0.00000 83.12565 0.00000 -0.00000 -1.00000 0.00000
1620936749412858 0.66839 -0.74381 0.00000 -101.60849 -0.74381 -0.66839 0.00000 81.38492 0.00000 -0.00000 -1.00000 0.00000
1620936749663487 0.67951 -0.73367 0.00000 -104.69958 -0.73367 -0.67951 0.00000 79.80804 0.00000 -0.00000 -1.00000 0.00000
1620936749913491 0.68855 -0.72519 0.00000 -107.49398 -0.72519 -0.68855 0.00000 78.46536 0.00000 -0.00000 -1.00000 0.00000
1620936750162237 0.69426 -0.71973 0.00000 -109.90224 -0.71973 -0.69426 0.00000 77.56613 0.00000 -0.00000 -1.00000 0.00000
1620936750412254 0.69880 -0.71532 0.00000 -112.14477 -0.71532 -0.69880 0.00000 76.82373 0.00000 -0.00000 -1.00000 0.00000
1620936750661628 0.70461 -0.70959 0.00000 -114.43913 -0.70959 -0.70461 0.00000 75.86921 0.00000 -0.00000 -1.00000 0.00000
1620936750911634 0.70792 -0.70630 0.00000 -116.51598 -0.70630 -0.70792 0.00000 75.30170 0.00000 -0.00000 -1.00000 0.00000
1620936751161631 0.71154 -0.70264 0.00000 -118.56279 -0.70264 -0.71154 0.00000 74.66435 0.00000 -0.00000 -1.00000 0.00000
1620936751411638 0.71586 -0.69825 0.00000 -120.61997 -0.69825 -0.71586 0.00000 73.90378 0.00000 -0.00000 -1.00000 0.00000
1620936751662276 0.72045 -0.69351 0.00000 -122.71346 -0.69351 -0.72045 0.00000 73.07327 0.00000 -0.00000 -1.00000 0.00000
1620936751912899 0.72439 -0.68939 0.00000 -124.70352 -0.68939 -0.72439 0.00000 72.34115 0.00000 -0.00000 -1.00000 0.00000
1620936752163522 0.73018 -0.68326 0.00000 -126.83301 -0.68326 -0.73018 0.00000 71.24636 0.00000 -0.00000 -1.00000 0.00000
1620936752413527 0.74029 -0.67228 0.00000 -129.36319 -0.67228 -0.74029 0.00000 69.30877 0.00000 -0.00000 -1.00000 0.00000
1620936752663535 0.75673 -0.65373 0.00000 -132.49167 -0.65373 -0.75673 0.00000 66.05589 0.00000 -0.00000 -1.00000 0.00000
1620936752912915 0.78020 -0.62552 0.00000 -136.23556 -0.62552 -0.78020 0.00000 61.12213 0.00000 -0.00000 -1.00000 0.00000
1620936753162292 0.80883 -0.58805 0.00000 -140.32603 -0.58805 -0.80883 0.00000 54.61246 0.00000 -0.00000 -1.00000 0.00000
1620936753411672 0.84206 -0.53938 0.00000 -144.62509 -0.53938 -0.84206 0.00000 46.22664 0.00000 -0.00000 -1.00000 0.00000
1620936753661051 0.87817 -0.47835 0.00000 -148.81466 -0.47835 -0.87817 0.00000 35.81456 0.00000 -0.00000 -1.00000 0.00000
1620936753911060 0.91696 -0.39897 0.00000 -152.62528 -0.39897 -0.91696 0.00000 22.50395 0.00000 -0.00000 -1.00000 0.00000
1620936754161063 0.95302 -0.30290 0.00000 -155.32172 -0.30290 -0.95302 0.00000 6.69238 0.00000 -0.00000 -1.00000 0.00000
1620936754411684 0.98135 -0.19221 0.00000 -156.23707 -0.19221 -0.98135 0.00000 -11.10918 0.00000 -0.00000 -1.00000 0.00000
1620936754662321 0.99805 -0.06238 0.00000 -154.58237 -0.06238 -0.99805 0.00000 -31.43674 0.00000 -0.00000 -1.00000 0.00000
1620936754912944 0.99674 0.08067 0.00000 -149.63116 0.08067 -0.99674 0.00000 -53.19454 0.00000 0.00000 -1.00000 0.00000
1620936755163575 0.97385 0.22719 0.00000 -141.21955 0.22719 -0.97385 0.00000 -74.75072 0.00000 0.00000 -1.00000 0.00000
1620936755412957 0.92555 0.37861 0.00000 -128.65565 0.37861 -0.92555 0.00000 -96.20273 0.00000 0.00000 -1.00000 0.00000
1620936755662334 0.84953 0.52754 0.00000 -111.87527 0.52754 -0.84953 0.00000 -116.31583 0.00000 0.00000 -1.00000 0.00000
1620936755912337 0.74441 0.66772 0.00000 -90.89560 0.66772 -0.74441 0.00000 -134.07041 0.00000 0.00000 -1.00000 0.00000
1620936756161716 0.61554 0.78811 0.00000 -66.94477 0.78811 -0.61554 0.00000 -147.96833 0.00000 0.00000 -1.00000 0.00000
1620936756411721 0.46458 0.88553 0.00000 -40.38487 0.88553 -0.46458 0.00000 -157.57435 0.00000 0.00000 -1.00000 0.00000
1620936756661725 0.29933 0.95415 0.00000 -12.64421 0.95415 -0.29933 0.00000 -162.25125 0.00000 0.00000 -1.00000 0.00000
1620936756912348 0.12439 0.99223 0.00000 15.51299 0.99223 -0.12439 0.00000 -161.90840 0.00000 0.00000 -1.00000 0.00000
1620936757162988 -0.05210 0.99864 0.00000 42.78159 0.99864 0.05210 0.00000 -156.66313 0.00000 0.00000 -1.00000 0.00000
1620936757413624 -0.22556 0.97423 0.00000 68.51136 0.97423 0.22556 0.00000 -146.79194 0.00000 0.00000 -1.00000 0.00000
1620936757663610 -0.38948 0.92104 0.00000 91.75352 0.92104 0.38948 0.00000 -132.85211 0.00000 0.00000 -1.00000 0.00000
1620936757913623 -0.53761 0.84319 0.00000 111.66961 0.84319 0.53761 0.00000 -115.68921 0.00000 0.00000 -1.00000 0.00000
1620936758162996 -0.66335 0.74831 0.00000 127.47424 0.74831 0.66335 0.00000 -96.71884 0.00000 0.00000 -1.00000 0.00000
1620936758412377 -0.76322 0.64614 0.00000 138.94764 0.64614 0.76322 0.00000 -77.56733 0.00000 0.00000 -1.00000 0.00000
1620936758662386 -0.83698 0.54724 0.00000 146.38089 0.54724 0.83698 0.00000 -59.87569 0.00000 0.00000 -1.00000 0.00000
1620936758912388 -0.89174 0.45255 0.00000 150.94093 0.45255 0.89174 0.00000 -43.54841 0.00000 0.00000 -1.00000 0.00000
1620936759161767 -0.93061 0.36602 0.00000 153.24547 0.36602 0.93061 0.00000 -29.07880 0.00000 0.00000 -1.00000 0.00000
1620936759411767 -0.95644 0.29194 0.00000 153.86285 0.29194 0.95644 0.00000 -17.01706 0.00000 0.00000 -1.00000 0.00000
1620936759661767 -0.97246 0.23308 0.00000 153.35516 0.23308 0.97246 0.00000 -7.61577 0.00000 0.00000 -1.00000 0.00000
1620936759912401 -0.98098 0.19411 0.00000 152.21916 0.19411 0.98098 0.00000 -1.52020 0.00000 0.00000 -1.00000 0.00000
1620936760163037 -0.98416 0.17730 0.00000 150.86743 0.17730 0.98416 0.00000 1.09062 0.00000 0.00000 -1.00000 0.00000
1620936760413037 -0.98395 0.17847 0.00000 149.49201 0.17847 0.98395 0.00000 0.90295 0.00000 0.00000 -1.00000 0.00000
1620936760663044 -0.98069 0.19556 0.00000 148.04424 0.19556 0.98069 0.00000 -1.72049 0.00000 0.00000 -1.00000 0.00000
1620936760912416 -0.97560 0.21955 0.00000 146.47046 0.21955 0.97560 0.00000 -5.37499 0.00000 0.00000 -1.00000 0.00000
1620936761161796 -0.96899 0.24710 0.00000 144.74936 0.24710 0.96899 0.00000 -9.56621 0.00000 0.00000 -1.00000 0.00000
1620936761411179 -0.95931 0.28234 0.00000 142.74956 0.28234 0.95931 0.00000 -14.86023 0.00000 0.00000 -1.00000 0.00000
1620936761661183 -0.94574 0.32493 0.00000 140.34326 0.32493 0.94574 0.00000 -21.25215 0.00000 0.00000 -1.00000 0.00000
1620936761911185 -0.92861 0.37106 0.00000 137.48747 0.37106 0.92861 0.00000 -28.14882 0.00000 0.00000 -1.00000 0.00000
1620936762161195 -0.90805 0.41887 0.00000 134.17217 0.41887 0.90805 0.00000 -35.27338 0.00000 0.00000 -1.00000 0.00000
1620936762411823 -0.88422 0.46707 0.00000 130.38843 0.46707 0.88422 0.00000 -42.44660 0.00000 0.00000 -1.00000 0.00000
1620936762663067 -0.85737 0.51471 0.00000 126.14989 0.51471 0.85737 0.00000 -49.51258 0.00000 0.00000 -1.00000 0.00000
1620936762913078 -0.82730 0.56176 0.00000 121.42538 0.56176 0.82730 0.00000 -56.49824 0.00000 0.00000 -1.00000 0.00000
1620936763163083 -0.79395 0.60798 0.00000 116.22482 0.60798 0.79395 0.00000 -63.34868 0.00000 0.00000 -1.00000 0.00000
1620936763413086 -0.75787 0.65240 0.00000 110.59410 0.65240 0.75787 0.00000 -69.91102 0.00000 0.00000 -1.00000 0.00000
1620936763662468 -0.72314 0.69070 0.00000 104.99764 0.69070 0.72314 0.00000 -75.54545 0.00000 0.00000 -1.00000 0.00000
1620936763911840 -0.69095 0.72290 0.00000 99.62809 0.72290 0.69095 0.00000 -80.25170 0.00000 0.00000 -1.00000 0.00000
1620936764161217 -0.66294 0.74867 0.00000 94.64462 0.74867 0.66294 0.00000 -83.98293 0.00000 0.00000 -1.00000 0.00000
1620936764411227 -0.63547 0.77212 0.00000 89.65932 0.77212 0.63547 0.00000 -87.35559 0.00000 0.00000 -1.00000 0.00000
1620936764661231 -0.61439 0.78900 0.00000 85.39953 0.78900 0.61439 0.00000 -89.78678 0.00000 0.00000 -1.00000 0.00000
1620936764911858 -0.59780 0.80165 0.00000 81.60449 0.80165 0.59780 0.00000 -91.59934 0.00000 0.00000 -1.00000 0.00000
1620936765163111 -0.58360 0.81204 0.00000 78.04234 0.81204 0.58360 0.00000 -93.05687 0.00000 0.00000 -1.00000 0.00000
1620936765413739 -0.57042 0.82135 0.00000 74.60861 0.82135 0.57042 0.00000 -94.33807 0.00000 0.00000 -1.00000 0.00000
1620936765663116 -0.56085 0.82792 0.00000 71.56534 0.82792 0.56085 0.00000 -95.22970 0.00000 0.00000 -1.00000 0.00000
1620936765913129 -0.55307 0.83313 0.00000 68.71154 0.83313 0.55307 0.00000 -95.93762 0.00000 0.00000 -1.00000 0.00000
1620936766161873 -0.55206 0.83380 0.00000 66.63008 0.83380 0.55206 0.00000 -96.06870 0.00000 0.00000 -1.00000 0.00000
1620936766411884 -0.55782 0.82996 0.00000 65.30121 0.82996 0.55782 0.00000 -95.66028 0.00000 0.00000 -1.00000 0.00000
1620936766661264 -0.57286 0.81965 0.00000 65.02715 0.81965 0.57286 0.00000 -94.52017 0.00000 0.00000 -1.00000 0.00000
1620936766911264 -0.59829 0.80128 0.00000 65.93650 0.80128 0.59829 0.00000 -92.50847 0.00000 0.00000 -1.00000 0.00000
1620936767161890 -0.63173 0.77519 0.00000 67.74440 0.77519 0.63173 0.00000 -89.70565 0.00000 0.00000 -1.00000 0.00000
1620936767412525 -0.66642 0.74558 0.00000 69.69751 0.74558 0.66642 0.00000 -86.59905 0.00000 0.00000 -1.00000 0.00000
1620936767663153 -0.70286 0.71133 0.00000 71.84467 0.71133 0.70286 0.00000 -83.09190 0.00000 0.00000 -1.00000 0.00000
1620936767913785 -0.73944 0.67323 0.00000 74.06445 0.67323 0.73944 0.00000 -79.25450 0.00000 0.00000 -1.00000 0.00000
1620936768164408 -0.77731 0.62912 0.00000 76.44415 0.62912 0.77731 0.00000 -74.90390 0.00000 0.00000 -1.00000 0.00000
1620936768413789 -0.82046 0.57171 0.00000 79.54874 0.57171 0.82046 0.00000 -69.33909 0.00000 0.00000 -1.00000 0.00000
1620936768663794 -0.86238 0.50626 0.00000 82.64146 0.50626 0.86238 0.00000 -63.05021 0.00000 0.00000 -1.00000 0.00000
1620936768913173 -0.89912 0.43771 0.00000 85.24292 0.43771 0.89912 0.00000 -56.52624 0.00000 0.00000 -1.00000 0.00000
1620936769162544 -0.93092 0.36522 0.00000 87.39904 0.36522 0.93092 0.00000 -49.69636 0.00000 0.00000 -1.00000 0.00000
1620936769412556 -0.95552 0.29491 0.00000 88.82338 0.29491 0.95552 0.00000 -43.13779 0.00000 0.00000 -1.00000 0.00000
1620936769661937 -0.97433 0.22513 0.00000 89.69117 0.22513 0.97433 0.00000 -36.68618 0.00000 0.00000 -1.00000 0.00000
1620936769911942 -0.98745 0.15791 0.00000 89.95776 0.15791 0.98745 0.00000 -30.54787 0.00000 0.00000 -1.00000 0.00000
1620936770161947 -0.99625 0.08654 0.00000 89.86091 0.08654 0.99625 0.00000 -24.10625 0.00000 0.00000 -1.00000 0.00000
1620936770411951 -0.99987 0.01588 0.00000 89.28841 0.01588 0.99987 0.00000 -17.78609 0.00000 0.00000 -1.00000 0.00000
1620936770663196 -0.99848 -0.05519 -0.00000 88.22509 -0.05519 0.99848 0.00000 -11.48221 0.00000 0.00000 -1.00000 0.00000
1620936770913830 -0.99274 -0.12027 -0.00000 86.67287 -0.12027 0.99274 0.00000 -5.76548 0.00000 0.00000 -1.00000 0.00000
1620936771163830 -0.98565 -0.16881 -0.00000 84.72262 -0.16881 0.98565 0.00000 -1.56366 0.00000 0.00000 -1.00000 0.00000
1620936771413841 -0.97927 -0.20254 -0.00000 82.61260 -0.20254 0.97927 0.00000 1.29376 0.00000 0.00000 -1.00000 0.00000
1620936771663844 -0.97538 -0.22053 -0.00000 80.39623 -0.22053 0.97538 0.00000 2.76706 0.00000 0.00000 -1.00000 0.00000
1620936771913223 -0.97266 -0.23225 -0.00000 78.17774 -0.23225 0.97266 0.00000 3.70939 0.00000 0.00000 -1.00000 0.00000
1620936772162597 -0.97140 -0.23744 -0.00000 75.97700 -0.23744 0.97140 0.00000 4.08527 0.00000 0.00000 -1.00000 0.00000
1620936772411978 -0.97025 -0.24212 -0.00000 73.72530 -0.24212 0.97025 0.00000 4.40584 0.00000 0.00000 -1.00000 0.00000
1620936772661355 -0.96934 -0.24571 -0.00000 71.46651 -0.24571 0.96934 0.00000 4.63125 0.00000 0.00000 -1.00000 0.00000
1620936772911361 -0.96895 -0.24728 -0.00000 69.19005 -0.24728 0.96895 0.00000 4.70915 0.00000 0.00000 -1.00000 0.00000
1620936773161410 -0.96889 -0.24749 -0.00000 66.90277 -0.24749 0.96889 0.00000 4.67546 0.00000 0.00000 -1.00000 0.00000
1620936773411998 -0.96840 -0.24940 -0.00000 64.59595 -0.24940 0.96840 0.00000 4.77265 0.00000 0.00000 -1.00000 0.00000
1620936773662626 -0.96818 -0.25025 -0.00000 62.28855 -0.25025 0.96818 0.00000 4.79827 0.00000 0.00000 -1.00000 0.00000
1620936773913256 -0.96777 -0.25184 -0.00000 59.99439 -0.25184 0.96777 0.00000 4.85029 0.00000 0.00000 -1.00000 0.00000
1620936774163886 -0.96631 -0.25739 -0.00000 57.68536 -0.25739 0.96631 0.00000 5.12746 0.00000 0.00000 -1.00000 0.00000
1620936774414513 -0.96411 -0.26549 -0.00000 55.36368 -0.26549 0.96411 0.00000 5.54773 0.00000 0.00000 -1.00000 0.00000
1620936774663892 -0.96180 -0.27376 -0.00000 53.07111 -0.27376 0.96180 0.00000 5.97632 0.00000 0.00000 -1.00000 0.00000
1620936774913897 -0.96015 -0.27950 -0.00000 50.81663 -0.27950 0.96015 0.00000 6.22660 0.00000 0.00000 -1.00000 0.00000
1620936775163275 -0.95854 -0.28495 -0.00000 48.55382 -0.28495 0.95854 0.00000 6.46684 0.00000 0.00000 -1.00000 0.00000
1620936775412655 -0.95826 -0.28590 -0.00000 46.37333 -0.28590 0.95826 0.00000 6.49426 0.00000 0.00000 -1.00000 0.00000
1620936775662034 -0.96039 -0.27867 -0.00000 44.23593 -0.27867 0.96039 0.00000 6.11849 0.00000 0.00000 -1.00000 0.00000
1620936775912035 -0.96398 -0.26599 -0.00000 42.14401 -0.26599 0.96398 0.00000 5.49826 0.00000 0.00000 -1.00000 0.00000
1620936776162040 -0.96782 -0.25164 -0.00000 40.06695 -0.25164 0.96782 0.00000 4.84215 0.00000 0.00000 -1.00000 0.00000
1620936776412669 -0.97170 -0.23624 -0.00000 37.98919 -0.23624 0.97170 0.00000 4.19723 0.00000 0.00000 -1.00000 0.00000
1620936776663299 -0.97660 -0.21507 -0.00000 35.94181 -0.21507 0.97660 0.00000 3.34301 0.00000 0.00000 -1.00000 0.00000
1620936776913302 -0.97996 -0.19920 -0.00000 33.81417 -0.19920 0.97996 0.00000 2.71295 0.00000 0.00000 -1.00000 0.00000
1620936777163305 -0.98232 -0.18719 -0.00000 31.71469 -0.18719 0.98232 0.00000 2.28250 0.00000 0.00000 -1.00000 0.00000
1620936777412687 -0.98479 -0.17375 -0.00000 29.56077 -0.17375 0.98479 0.00000 1.80206 0.00000 0.00000 -1.00000 0.00000
1620936777662070 -0.98625 -0.16526 -0.00000 27.40949 -0.16526 0.98625 0.00000 1.49839 0.00000 0.00000 -1.00000 0.00000
1620936777912076 -0.98760 -0.15697 -0.00000 25.24253 -0.15697 0.98760 0.00000 1.22487 0.00000 0.00000 -1.00000 0.00000
1620936778161463 -0.98857 -0.15077 -0.00000 23.03994 -0.15077 0.98857 0.00000 1.02486 0.00000 0.00000 -1.00000 0.00000
1620936778412077 -0.98945 -0.14490 -0.00000 20.81655 -0.14490 0.98945 0.00000 0.84011 0.00000 0.00000 -1.00000 0.00000
1620936778662703 -0.98998 -0.14119 -0.00000 18.56776 -0.14119 0.98998 0.00000 0.71652 0.00000 0.00000 -1.00000 0.00000
1620936778913340 -0.99003 -0.14088 -0.00000 16.30995 -0.14088 0.99003 0.00000 0.66563 0.00000 0.00000 -1.00000 0.00000
1620936779163964 -0.98982 -0.14231 -0.00000 14.04209 -0.14231 0.98982 0.00000 0.65365 0.00000 0.00000 -1.00000 0.00000
1620936779413342 -0.98978 -0.14262 -0.00000 11.80977 -0.14262 0.98978 0.00000 0.61658 0.00000 0.00000 -1.00000 0.00000
1620936779662718 -0.98942 -0.14507 -0.00000 9.54149 -0.14507 0.98942 0.00000 0.60659 0.00000 0.00000 -1.00000 0.00000
1620936779912098 -0.98912 -0.14712 -0.00000 7.30261 -0.14712 0.98912 0.00000 0.59461 0.00000 0.00000 -1.00000 0.00000
1620936780161483 -0.98838 -0.15203 -0.00000 5.06089 -0.15203 0.98838 0.00000 0.60131 0.00000 0.00000 -1.00000 0.00000
1620936780411489 -0.98763 -0.15678 -0.00000 2.81404 -0.15678 0.98763 0.00000 0.59893 0.00000 0.00000 -1.00000 0.00000
1620936780662116 -0.98687 -0.16152 -0.00000 0.57782 -0.16152 0.98687 0.00000 0.58694 0.00000 0.00000 -1.00000 0.00000
1620936780912744 -0.98603 -0.16657 -0.00000 -1.64340 -0.16657 0.98603 0.00000 0.55053 0.00000 0.00000 -1.00000 0.00000
1620936781163412 -0.98508 -0.17208 -0.00000 -3.87087 -0.17208 0.98508 0.00000 0.50033 0.00000 0.00000 -1.00000 0.00000
1620936781414005 -0.98418 -0.17719 -0.00000 -6.05828 -0.17719 0.98418 0.00000 0.43233 0.00000 0.00000 -1.00000 0.00000
1620936781664002 -0.98333 -0.18184 -0.00000 -8.24376 -0.18184 0.98333 0.00000 0.34922 0.00000 0.00000 -1.00000 0.00000
1620936781914011 -0.98221 -0.18777 -0.00000 -10.44545 -0.18777 0.98221 0.00000 0.26678 0.00000 0.00000 -1.00000 0.00000
1620936782163393 -0.98144 -0.19175 -0.00000 -12.58780 -0.19175 0.98144 0.00000 0.20763 0.00000 0.00000 -1.00000 0.00000
1620936782412147 -0.98058 -0.19612 -0.00000 -14.72512 -0.19612 0.98058 0.00000 0.11668 0.00000 0.00000 -1.00000 0.00000
1620936782662151 -0.97989 -0.19952 -0.00000 -16.89597 -0.19952 0.97989 0.00000 0.00987 0.00000 0.00000 -1.00000 0.00000
1620936782911529 -0.97901 -0.20381 -0.00000 -19.01247 -0.20381 0.97901 0.00000 -0.11469 0.00000 0.00000 -1.00000 0.00000
1620936783162154 -0.97877 -0.20497 -0.00000 -21.17000 -0.20497 0.97877 0.00000 -0.18611 0.00000 0.00000 -1.00000 0.00000
1620936783412781 -0.97866 -0.20546 -0.00000 -23.31880 -0.20546 0.97866 0.00000 -0.25900 0.00000 0.00000 -1.00000 0.00000
1620936783663415 -0.97855 -0.20602 -0.00000 -25.47322 -0.20602 0.97855 0.00000 -0.33434 0.00000 0.00000 -1.00000 0.00000
1620936783913417 -0.97849 -0.20627 -0.00000 -27.61831 -0.20627 0.97849 0.00000 -0.40079 0.00000 0.00000 -1.00000 0.00000
1620936784163419 -0.97801 -0.20854 -0.00000 -29.78923 -0.20854 0.97801 0.00000 -0.50272 0.00000 0.00000 -1.00000 0.00000
1620936784412801 -0.97775 -0.20978 -0.00000 -31.93743 -0.20978 0.97775 0.00000 -0.55376 0.00000 0.00000 -1.00000 0.00000
1620936784662805 -0.97736 -0.21159 -0.00000 -34.10429 -0.21159 0.97736 0.00000 -0.63663 0.00000 0.00000 -1.00000 0.00000
1620936784912184 -0.97685 -0.21392 -0.00000 -36.27391 -0.21392 0.97685 0.00000 -0.74474 0.00000 0.00000 -1.00000 0.00000
1620936785161561 -0.97664 -0.21487 -0.00000 -38.39521 -0.21487 0.97664 0.00000 -0.81246 0.00000 0.00000 -1.00000 0.00000
1620936785411569 -0.97611 -0.21729 -0.00000 -40.54790 -0.21729 0.97611 0.00000 -0.94368 0.00000 0.00000 -1.00000 0.00000
1620936785662197 -0.97571 -0.21908 -0.00000 -42.69596 -0.21908 0.97571 0.00000 -1.05229 0.00000 0.00000 -1.00000 0.00000
1620936785912198 -0.97492 -0.22257 -0.00000 -44.77511 -0.22257 0.97492 0.00000 -1.26570 0.00000 0.00000 -1.00000 0.00000
1620936786162846 -0.97376 -0.22758 -0.00000 -46.85947 -0.22758 0.97376 0.00000 -1.55559 0.00000 0.00000 -1.00000 0.00000
1620936786413465 -0.97305 -0.23060 -0.00000 -48.87888 -0.23060 0.97305 0.00000 -1.74423 0.00000 0.00000 -1.00000 0.00000
1620936786664083 -0.97215 -0.23437 -0.00000 -50.85597 -0.23437 0.97215 0.00000 -1.99123 0.00000 0.00000 -1.00000 0.00000
1620936786913465 -0.97165 -0.23642 -0.00000 -52.78301 -0.23642 0.97165 0.00000 -2.14198 0.00000 0.00000 -1.00000 0.00000
1620936787163469 -0.97183 -0.23568 -0.00000 -54.64799 -0.23568 0.97183 0.00000 -2.14320 0.00000 0.00000 -1.00000 0.00000
1620936787412849 -0.97329 -0.22957 -0.00000 -56.43715 -0.22957 0.97329 0.00000 -1.81146 0.00000 0.00000 -1.00000 0.00000
1620936787662233 -0.97536 -0.22063 -0.00000 -58.15983 -0.22063 0.97536 0.00000 -1.31761 0.00000 0.00000 -1.00000 0.00000
1620936787911608 -0.97825 -0.20745 -0.00000 -59.79135 -0.20745 0.97825 0.00000 -0.55343 0.00000 0.00000 -1.00000 0.00000
1620936788161617 -0.98192 -0.18928 -0.00000 -61.32870 -0.18928 0.98192 0.00000 0.53087 0.00000 0.00000 -1.00000 0.00000
1620936788411616 -0.98630 -0.16499 -0.00000 -62.75697 -0.16499 0.98630 0.00000 2.02272 0.00000 0.00000 -1.00000 0.00000
1620936788662250 -0.99117 -0.13260 -0.00000 -64.02977 -0.13260 0.99117 0.00000 4.05677 0.00000 0.00000 -1.00000 0.00000
1620936788912873 -0.99591 -0.09037 -0.00000 -65.07388 -0.09037 0.99591 0.00000 6.77256 0.00000 0.00000 -1.00000 0.00000
1620936789162883 -0.99918 -0.04060 -0.00000 -65.82697 -0.04060 0.99918 0.00000 9.99879 0.00000 0.00000 -1.00000 0.00000
1620936789413506 -0.99972 0.02356 0.00000 -66.16144 0.02356 0.99972 0.00000 14.19890 0.00000 0.00000 -1.00000 0.00000
1620936789662885 -0.99500 0.09989 0.00000 -65.96994 0.09989 0.99500 0.00000 19.20823 0.00000 0.00000 -1.00000 0.00000
1620936789912267 -0.98178 0.19002 0.00000 -65.00599 0.19002 0.98178 0.00000 25.11858 0.00000 0.00000 -1.00000 0.00000
1620936790162266 -0.95519 0.29598 0.00000 -62.91779 0.29598 0.95519 0.00000 32.07460 0.00000 0.00000 -1.00000 0.00000
1620936790411643 -0.91259 0.40888 0.00000 -59.61266 0.40888 0.91259 0.00000 39.38382 0.00000 0.00000 -1.00000 0.00000
1620936790661647 -0.85419 0.51996 0.00000 -55.20976 0.51996 0.85419 0.00000 46.51078 0.00000 0.00000 -1.00000 0.00000
1620936790912276 -0.78361 0.62126 0.00000 -50.05734 0.62126 0.78361 0.00000 52.95153 0.00000 0.00000 -1.00000 0.00000
1620936791162904 -0.70415 0.71005 0.00000 -44.39299 0.71005 0.70415 0.00000 58.50191 0.00000 0.00000 -1.00000 0.00000
1620936791413537 -0.62267 0.78248 0.00000 -38.75449 0.78248 0.62267 0.00000 62.95023 0.00000 0.00000 -1.00000 0.00000
1620936791663544 -0.53902 0.84230 0.00000 -33.11102 0.84230 0.53902 0.00000 66.58738 0.00000 0.00000 -1.00000 0.00000
1620936791913547 -0.45922 0.88832 0.00000 -27.92072 0.88832 0.45922 0.00000 69.32006 0.00000 0.00000 -1.00000 0.00000
1620936792162297 -0.39495 0.91870 0.00000 -24.04368 0.91870 0.39495 0.00000 71.08576 0.00000 0.00000 -1.00000 0.00000
1620936792411686 -0.34964 0.93689 0.00000 -21.72371 0.93689 0.34964 0.00000 72.14393 0.00000 0.00000 -1.00000 0.00000
1620936792661057 -0.31956 0.94757 0.00000 -20.64760 0.94757 0.31956 0.00000 72.76509 0.00000 0.00000 -1.00000 0.00000
1620936792911062 -0.29805 0.95455 0.00000 -20.30031 0.95455 0.29805 0.00000 73.17721 0.00000 0.00000 -1.00000 0.00000
1620936793161689 -0.28515 0.95848 0.00000 -20.67921 0.95848 0.28515 0.00000 73.41852 0.00000 0.00000 -1.00000 0.00000
1620936793412326 -0.27534 0.96135 0.00000 -21.36846 0.96135 0.27534 0.00000 73.59190 0.00000 0.00000 -1.00000 0.00000
1620936793662959 -0.26598 0.96398 0.00000 -22.15947 0.96398 0.26598 0.00000 73.77282 0.00000 0.00000 -1.00000 0.00000
1620936793913582 -0.25565 0.96677 0.00000 -22.93174 0.96677 0.25565 0.00000 73.96494 0.00000 0.00000 -1.00000 0.00000
1620936794164225 -0.24546 0.96941 0.00000 -23.80914 0.96941 0.24546 0.00000 74.16769 0.00000 0.00000 -1.00000 0.00000
1620936794414210 -0.23455 0.97210 0.00000 -24.67690 0.97210 0.23455 0.00000 74.39675 0.00000 0.00000 -1.00000 0.00000
1620936794663597 -0.22304 0.97481 0.00000 -25.53353 0.97481 0.22304 0.00000 74.66607 0.00000 0.00000 -1.00000 0.00000
1620936794912344 -0.21007 0.97769 0.00000 -26.30010 0.97769 0.21007 0.00000 74.96467 0.00000 0.00000 -1.00000 0.00000
1620936795161730 -0.19496 0.98081 0.00000 -26.95957 0.98081 0.19496 0.00000 75.33718 0.00000 0.00000 -1.00000 0.00000
1620936795411729 -0.17821 0.98399 0.00000 -27.50294 0.98399 0.17821 0.00000 75.75981 0.00000 0.00000 -1.00000 0.00000
1620936795661741 -0.15811 0.98742 0.00000 -27.79644 0.98742 0.15811 0.00000 76.29019 0.00000 0.00000 -1.00000 0.00000
1620936795912986 -0.13604 0.99070 0.00000 -27.95259 0.99070 0.13604 0.00000 76.87125 0.00000 0.00000 -1.00000 0.00000
1620936796162995 -0.11431 0.99345 0.00000 -28.12809 0.99345 0.11431 0.00000 77.45369 0.00000 0.00000 -1.00000 0.00000
1620936796413619 -0.09486 0.99549 0.00000 -28.50387 0.99549 0.09486 0.00000 77.95928 0.00000 0.00000 -1.00000 0.00000
1620936796663623 -0.08383 0.99648 0.00000 -29.52985 0.99648 0.08383 0.00000 78.20161 0.00000 0.00000 -1.00000 0.00000
1620936796913633 -0.08601 0.99629 0.00000 -31.55109 0.99629 0.08601 0.00000 78.07099 0.00000 0.00000 -1.00000 0.00000
1620936797163048 -0.09691 0.99529 0.00000 -34.32915 0.99529 0.09691 0.00000 77.67037 0.00000 0.00000 -1.00000 0.00000
1620936797412388 -0.11124 0.99379 0.00000 -37.41379 0.99379 0.11124 0.00000 77.13310 0.00000 0.00000 -1.00000 0.00000
1620936797661767 -0.12659 0.99195 0.00000 -40.52696 0.99195 0.12659 0.00000 76.48853 0.00000 0.00000 -1.00000 0.00000
1620936797911772 -0.14296 0.98973 0.00000 -43.71357 0.98973 0.14296 0.00000 75.75913 0.00000 0.00000 -1.00000 0.00000
1620936798161776 -0.15802 0.98744 0.00000 -46.91070 0.98744 0.15802 0.00000 75.04193 0.00000 0.00000 -1.00000 0.00000
1620936798412405 -0.17329 0.98487 0.00000 -50.09347 0.98487 0.17329 0.00000 74.26589 0.00000 0.00000 -1.00000 0.00000
1620936798663034 -0.18555 0.98263 0.00000 -53.06203 0.98263 0.18555 0.00000 73.58190 0.00000 0.00000 -1.00000 0.00000
1620936798913664 -0.20153 0.97948 0.00000 -56.28977 0.97948 0.20153 0.00000 72.66303 0.00000 0.00000 -1.00000 0.00000
1620936799163661 -0.21611 0.97637 0.00000 -59.38086 0.97637 0.21611 0.00000 71.77494 0.00000 0.00000 -1.00000 0.00000
1620936799413667 -0.23122 0.97290 0.00000 -62.51385 0.97290 0.23122 0.00000 70.80269 0.00000 0.00000 -1.00000 0.00000
1620936799663383 -0.24501 0.96952 0.00000 -65.51973 0.96952 0.24501 0.00000 69.87417 0.00000 0.00000 -1.00000 0.00000
1620936799913055 -0.25239 0.96763 0.00000 -67.98563 0.96763 0.25239 0.00000 69.34484 0.00000 0.00000 -1.00000 0.00000
1620936800161801 -0.25400 0.96720 0.00000 -70.06073 0.96720 0.25400 0.00000 69.18928 0.00000 0.00000 -1.00000 0.00000
1620936800411813 -0.25213 0.96769 0.00000 -71.82795 0.96769 0.25213 0.00000 69.28748 0.00000 0.00000 -1.00000 0.00000
1620936800661817 -0.25044 0.96813 0.00000 -73.57725 0.96813 0.25044 0.00000 69.38609 0.00000 0.00000 -1.00000 0.00000
1620936800911819 -0.25043 0.96813 0.00000 -75.38985 0.96813 0.25043 0.00000 69.35798 0.00000 0.00000 -1.00000 0.00000
1620936801161819 -0.25510 0.96691 0.00000 -77.49891 0.96691 0.25510 0.00000 68.94699 0.00000 0.00000 -1.00000 0.00000
1620936801412452 -0.26543 0.96413 0.00000 -79.96385 0.96413 0.26543 0.00000 68.06089 0.00000 0.00000 -1.00000 0.00000
1620936801663702 -0.28728 0.95785 0.00000 -83.18571 0.95785 0.28728 0.00000 66.16626 0.00000 0.00000 -1.00000 0.00000
1620936801913712 -0.31938 0.94763 0.00000 -87.00515 0.94763 0.31938 0.00000 63.29013 0.00000 0.00000 -1.00000 0.00000
1620936802163721 -0.36282 0.93186 0.00000 -91.42328 0.93186 0.36282 0.00000 59.14439 0.00000 0.00000 -1.00000 0.00000
1620936802413716 -0.41553 0.90958 0.00000 -96.20696 0.90958 0.41553 0.00000 53.76355 0.00000 0.00000 -1.00000 0.00000
1620936802663095 -0.48031 0.87710 0.00000 -101.38364 0.87710 0.48031 0.00000 46.61219 0.00000 0.00000 -1.00000 0.00000
1620936802913103 -0.54416 0.83898 0.00000 -106.11245 0.83898 0.54416 0.00000 38.90123 0.00000 0.00000 -1.00000 0.00000
1620936803162476 -0.61376 0.78949 0.00000 -110.51733 0.78949 0.61376 0.00000 29.63489 0.00000 0.00000 -1.00000 0.00000
1620936803411863 -0.68396 0.72952 0.00000 -114.24445 0.72952 0.68396 0.00000 19.23554 0.00000 0.00000 -1.00000 0.00000
1620936803661856 -0.75432 0.65651 0.00000 -117.06645 0.65651 0.75432 0.00000 7.51346 0.00000 0.00000 -1.00000 0.00000
1620936803912489 -0.81858 0.57439 0.00000 -118.66576 0.57439 0.81858 0.00000 -4.77731 0.00000 0.00000 -1.00000 0.00000
1620936804163744 -0.87635 0.48167 0.00000 -118.88053 0.48167 0.87635 0.00000 -17.71806 0.00000 0.00000 -1.00000 0.00000
