1. 0. 0. 0. 0. -1. -0. 0. 0. 0. -1. 0.
1. -0.002 -0. -0.001 -0.002 -1. -0. 0.028 0. 0. -1. 0.
1. -0.002 -0. -0.008 -0.002 -1. -0. 0.023 0. 0. -1. 0.
1. -0.001 -0. 0.005 -0.001 -1. -0. 0.015 0. 0. -1. 0.
1. -0.003 -0. 0.014 -0.003 -1. -0. 0.020 0. 0. -1. 0.
1. -0.005 -0. 0.006 -0.005 -1. -0. 0.001 0. 0. -1. 0.
1. -0.014 -0. 0.009 -0.014 -1. -0. 0.004 0. 0. -1. 0.
1. -0.006 -0. 0.021 -0.006 -1. -0. 0.041 0. 0. -1. 0.
1. -0.007 -0. -0.016 -0.007 -1. -0. 0.017 0. 0. -1. 0.
1. -0.002 -0. -0.013 -0.002 -1. -0. -0.027 0. 0. -1. 0.
1. -0.003 -0. -0.003 -0.003 -1. -0. 0.021 0. 0. -1. 0.
1. -0.002 -0. -0.009 -0.002 -1. -0. -0.032 0. 0. -1. 0.
1. -0.004 -0. -0.013 -0.004 -1. -0. 0.017 0. 0. -1. 0.
1. -0.009 -0. -0.008 -0.009 -1. -0. 0.048 0. 0. -1. 0.
1. -0.004 -0. 0.007 -0.004 -1. -0. 0.003 0. 0. -1. 0.
1. -0.013 -0. 0.016 -0.013 -1. -0. 0.006 0. 0. -1. 0.
1. -0.005 -0. 0.020 -0.005 -1. -0. 0.036 0. 0. -1. 0.
1. -0.007 -0. -0.000 -0.007 -1. -0. 0.005 0. 0. -1. 0.
1. -0.011 -0. -0.011 -0.011 -1. -0. 0.013 0. 0. -1. 0.
1. -0.010 -0. 0.038 -0.010 -1. -0. 0.024 0. 0. -1. 0.
1. -0.005 -0. -0.013 -0.005 -1. -0. 0.022 0. 0. -1. 0.
1. -0.013 -0. 0.022 -0.013 -1. -0. 0.024 0. 0. -1. 0.
1. -0.005 -0. 0.032 -0.005 -1. -0. -0.012 0. 0. -1. 0.
1. -0.011 -0. 0.024 -0.011 -1. -0. 0.008 0. 0. -1. 0.
1. -0.003 -0. 0.053 -0.003 -1. -0. 0.011 0. 0. -1. 0.
1. -0.008 -0. 0.134 -0.008 -1. -0. 0.066 0. 0. -1. 0.
1. -0.002 -0. 0.187 -0.002 -1. -0. 0.006 0. 0. -1. 0.
1. -0.006 -0. 0.324 -0.006 -1. -0. 0.051 0. 0. -1. 0.
1.000 -0.017 -0. 0.553 -0.017 -1.000 -0. 0.041 0. 0. -1. 0.
1.000 -0.017 -0. 0.810 -0.017 -1.000 -0. 0.029 0. 0. -1. 0.
1.000 -0.028 -0. 1.331 -0.028 -1.000 -0. -0.037 0. 0. -1. 0.
0.999 -0.040 -0. 1.819 -0.040 -0.999 -0. -0.016 0. 0. -1. 0.
0.999 -0.053 -0. 2.281 -0.053 -0.999 -0. -0.096 0. 0. -1. 0.
0.998 -0.062 -0. 2.924 -0.062 -0.998 -0. -0.172 0. 0. -1. 0.
0.997 -0.076 -0. 3.639 -0.076 -0.997 -0. -0.175 0. 0. -1. 0.
0.997 -0.077 -0. 4.414 -0.077 -0.997 -0. -0.337 0. 0. -1. 0.
0.996 -0.094 -0. 5.333 -0.094 -0.996 -0. -0.366 0. 0. -1. 0.
0.995 -0.099 -0. 6.219 -0.099 -0.995 -0. -0.452 0. 0. -1. 0.
0.994 -0.106 -0. 7.162 -0.106 -0.994 -0. -0.547 0. 0. -1. 0.
0.994 -0.105 -0. 8.167 -0.105 -0.994 -0. -0.697 0. 0. -1. 0.
0.995 -0.099 -0. 9.206 -0.099 -0.995 -0. -0.789 0. 0. -1. 0.
0.995 -0.103 -0. 10.308 -0.103 -0.995 -0. -0.925 0. 0. -1. 0.
0.995 -0.101 -0. 11.438 -0.101 -0.995 -0. -1.041 0. 0. -1. 0.
0.996 -0.093 -0. 12.607 -0.093 -0.996 -0. -1.249 0. 0. -1. 0.
0.996 -0.086 -0. 13.907 -0.086 -0.996 -0. -1.323 0. 0. -1. 0.
0.997 -0.078 -0. 15.097 -0.078 -0.997 -0. -1.431 0. 0. -1. 0.
0.997 -0.073 -0. 16.467 -0.073 -0.997 -0. -1.507 0. 0. -1. 0.
0.997 -0.076 -0. 17.769 -0.076 -0.997 -0. -1.717 0. 0. -1. 0.
0.998 -0.064 -0. 19.258 -0.064 -0.998 -0. -1.777 0. 0. -1. 0.
0.998 -0.062 -0. 20.730 -0.062 -0.998 -0. -1.900 0. 0. -1. 0.
0.999 -0.054 -0. 22.144 -0.054 -0.999 -0. -2.071 0. 0. -1. 0.
0.999 -0.044 -0. 23.724 -0.044 -0.999 -0. -2.136 0. 0. -1. 0.
1.000 -0.026 -0. 25.305 -0.026 -1.000 -0. -2.230 0. 0. -1. 0.
1.000 -0.022 -0. 27.041 -0.022 -1.000 -0. -2.240 0. 0. -1. 0.
1.000 -0.015 -0. 28.643 -0.015 -1.000 -0. -2.396 0. 0. -1. 0.
1. 0.001 0. 30.313 0.001 -1. -0. -2.414 0. 0. -1. 0.
1. 0.009 0. 32.108 0.009 -1. -0. -2.357 0. 0. -1. 0.
1.000 0.026 0. 33.737 0.026 -1.000 -0. -2.320 0. 0. -1. 0.
1.000 0.031 0. 35.493 0.031 -1.000 -0. -2.267 0. 0. -1. 0.
0.999 0.040 0. 37.353 0.040 -0.999 -0. -2.249 0. 0. -1. 0.
0.999 0.049 0. 39.049 0.049 -0.999 -0. -2.254 0. 0. -1. 0.
0.999 0.049 0. 40.939 0.049 -0.999 -0. -2.179 0. 0. -1. 0.
0.999 0.049 0. 42.865 0.049 -0.999 -0. -1.998 0. 0. -1. 0.
0.999 0.054 0. 44.696 0.054 -0.999 -0. -2.040 0. 0. -1. 0.
0.999 0.054 0. 46.604 0.054 -0.999 -0. -1.869 0. 0. -1. 0.
0.999 0.049 0. 48.490 0.049 -0.999 -0. -1.866 0. 0. -1. 0.
0.999 0.052 0. 50.418 0.052 -0.999 -0. -1.780 0. 0. -1. 0.
0.999 0.042 0. 52.417 0.042 -0.999 -0. -1.726 0. 0. -1. 0.
0.999 0.043 0. 54.322 0.043 -0.999 -0. -1.663 0. 0. -1. 0.
0.999 0.044 0. 56.351 0.044 -0.999 -0. -1.652 0. 0. -1. 0.
0.999 0.041 0. 58.365 0.041 -0.999 -0. -1.578 0. 0. -1. 0.
0.999 0.044 0. 60.422 0.044 -0.999 -0. -1.578 0. 0. -1. 0.
0.999 0.042 0. 62.442 0.042 -0.999 -0. -1.525 0. 0. -1. 0.
0.999 0.049 0. 64.417 0.049 -0.999 -0. -1.381 0. 0. -1. 0.
0.999 0.047 0. 66.449 0.047 -0.999 -0. -1.422 0. 0. -1. 0.
0.999 0.041 0. 68.498 0.041 -0.999 -0. -1.229 0. 0. -1. 0.
0.999 0.050 0. 70.485 0.050 -0.999 -0. -1.153 0. 0. -1. 0.
0.999 0.037 0. 72.514 0.037 -0.999 -0. -1.119 0. 0. -1. 0.
0.999 0.032 0. 74.436 0.032 -0.999 -0. -1.031 0. 0. -1. 0.
1.000 0.018 0. 76.438 0.018 -1.000 -0. -0.953 0. 0. -1. 0.
1. 0.003 0. 78.357 0.003 -1. -0. -0.986 0. 0. -1. 0.
1.000 -0.027 -0. 80.322 -0.027 -1.000 -0. -1.102 0. 0. -1. 0.
0.999 -0.048 -0. 82.240 -0.048 -0.999 -0. -1.231 0. 0. -1. 0.
0.996 -0.088 -0. 84.254 -0.088 -0.996 -0. -1.420 0. 0. -1. 0.
0.991 -0.131 -0. 86.004 -0.131 -0.991 -0. -1.731 0. 0. -1. 0.
0.983 -0.182 -0. 87.882 -0.182 -0.983 -0. -1.963 0. 0. -1. 0.
0.972 -0.234 -0. 89.707 -0.234 -0.972 -0. -2.400 0. 0. -1. 0.
0.958 -0.288 -0. 91.446 -0.288 -0.958 -0. -2.965 0. 0. -1. 0.
0.942 -0.335 -0. 93.171 -0.335 -0.942 -0. -3.579 0. 0. -1. 0.
0.922 -0.387 -0. 94.889 -0.387 -0.922 -0. -4.386 0. 0. -1. 0.
0.899 -0.437 -0. 96.521 -0.437 -0.899 -0. -5.179 0. 0. -1. 0.
0.868 -0.496 -0. 98.042 -0.496 -0.868 -0. -6.057 0. 0. -1. 0.
0.836 -0.549 -0. 99.455 -0.549 -0.836 -0. -7.171 0. 0. -1. 0.
0.799 -0.601 -0. 101.082 -0.601 -0.799 -0. -8.121 0. 0. -1. 0.
0.762 -0.648 -0. 102.545 -0.648 -0.762 -0. -9.294 0. 0. -1. 0.
0.715 -0.699 -0. 103.728 -0.699 -0.715 -0. -10.485 0. 0. -1. 0.
0.663 -0.749 -0. 104.738 -0.749 -0.663 -0. -11.847 0. 0. -1. 0.
0.607 -0.795 -0. 105.871 -0.795 -0.607 -0. -13.199 0. 0. -1. 0.
0.559 -0.829 -0. 106.726 -0.829 -0.559 -0. -14.651 0. 0. -1. 0.
0.502 -0.865 -0. 107.702 -0.865 -0.502 -0. -16.030 0. 0. -1. 0.
0.454 -0.891 -0. 108.476 -0.891 -0.454 -0. -17.621 0. 0. -1. 0.
0.421 -0.907 -0. 109.088 -0.907 -0.421 -0. -19.349 0. 0. -1. 0.
0.388 -0.921 -0. 109.801 -0.921 -0.388 -0. -20.949 0. 0. -1. 0.
0.374 -0.927 -0. 110.453 -0.927 -0.374 -0. -22.606 0. 0. -1. 0.
0.361 -0.933 -0. 111.006 -0.933 -0.361 -0. -24.340 0. 0. -1. 0.
0.347 -0.938 -0. 111.687 -0.938 -0.347 -0. -26.077 0. 0. -1. 0.
0.347 -0.938 -0. 112.347 -0.938 -0.347 -0. -27.800 0. 0. -1. 0.
0.366 -0.931 -0. 112.929 -0.931 -0.366 -0. -29.581 0. 0. -1. 0.
0.383 -0.924 -0. 113.745 -0.924 -0.383 -0. -31.329 0. 0. -1. 0.
0.392 -0.920 -0. 114.370 -0.920 -0.392 -0. -33.098 0. 0. -1. 0.
0.417 -0.909 -0. 115.219 -0.909 -0.417 -0. -34.882 0. 0. -1. 0.
0.429 -0.903 -0. 116.033 -0.903 -0.429 -0. -36.702 0. 0. -1. 0.
0.453 -0.892 -0. 116.830 -0.892 -0.453 -0. -38.422 0. 0. -1. 0.
0.459 -0.889 -0. 117.789 -0.889 -0.459 -0. -40.253 0. 0. -1. 0.
0.480 -0.877 -0. 118.602 -0.877 -0.480 -0. -41.982 0. 0. -1. 0.
0.502 -0.865 -0. 119.500 -0.865 -0.502 -0. -43.774 0. 0. -1. 0.
0.520 -0.854 -0. 120.492 -0.854 -0.520 -0. -45.453 0. 0. -1. 0.
0.546 -0.838 -0. 121.473 -0.838 -0.546 -0. -47.067 0. 0. -1. 0.
0.569 -0.822 -0. 122.667 -0.822 -0.569 -0. -48.707 0. 0. -1. 0.
0.585 -0.811 -0. 123.677 -0.811 -0.585 -0. -50.237 0. 0. -1. 0.
0.599 -0.801 -0. 124.779 -0.801 -0.599 -0. -51.780 0. 0. -1. 0.
0.616 -0.788 -0. 126.002 -0.788 -0.616 -0. -53.232 0. 0. -1. 0.
0.639 -0.769 -0. 127.035 -0.769 -0.639 -0. -54.731 0. 0. -1. 0.
0.653 -0.758 -0. 128.315 -0.758 -0.653 -0. -56.186 0. 0. -1. 0.
0.667 -0.745 -0. 129.455 -0.745 -0.667 -0. -57.594 0. 0. -1. 0.
0.676 -0.737 -0. 130.746 -0.737 -0.676 -0. -58.864 0. 0. -1. 0.
0.691 -0.723 -0. 131.933 -0.723 -0.691 -0. -60.273 0. 0. -1. 0.
0.698 -0.716 -0. 133.153 -0.716 -0.698 -0. -61.550 0. 0. -1. 0.
0.706 -0.708 -0. 134.443 -0.708 -0.706 -0. -62.806 0. 0. -1. 0.
0.712 -0.702 -0. 135.694 -0.702 -0.712 -0. -64.087 0. 0. -1. 0.
0.719 -0.695 -0. 136.927 -0.695 -0.719 -0. -65.288 0. 0. -1. 0.
0.722 -0.692 -0. 138.097 -0.692 -0.722 -0. -66.431 0. 0. -1. 0.
0.732 -0.682 -0. 139.294 -0.682 -0.732 -0. -67.528 0. 0. -1. 0.
0.752 -0.659 -0. 140.426 -0.659 -0.752 -0. -68.460 0. 0. -1. 0.
0.788 -0.615 -0. 141.465 -0.615 -0.788 -0. -69.491 0. 0. -1. 0.
0.829 -0.560 -0. 142.620 -0.560 -0.829 -0. -70.311 0. 0. -1. 0.
0.866 -0.501 -0. 143.598 -0.501 -0.866 -0. -70.876 0. 0. -1. 0.
0.913 -0.408 -0. 144.601 -0.408 -0.913 -0. -71.332 0. 0. -1. 0.
0.949 -0.316 -0. 145.672 -0.316 -0.949 -0. -71.643 0. 0. -1. 0.
0.981 -0.196 -0. 146.599 -0.196 -0.981 -0. -71.889 0. 0. -1. 0.
0.999 -0.048 -0. 147.589 -0.048 -0.999 -0. -71.888 0. 0. -1. 0.
0.995 0.098 0. 148.535 0.098 -0.995 -0. -71.778 0. 0. -1. 0.
0.966 0.257 0. 149.426 0.257 -0.966 -0. -71.563 0. 0. -1. 0.
0.909 0.417 0. 150.226 0.417 -0.909 -0. -71.115 0. 0. -1. 0.
0.822 0.570 0. 150.927 0.570 -0.822 -0. -70.618 0. 0. -1. 0.
0.705 0.709 0. 151.501 0.709 -0.705 -0. -69.998 0. 0. -1. 0.
0.561 0.828 0. 151.963 0.828 -0.561 -0. -69.195 0. 0. -1. 0.
0.398 0.918 0. 152.259 0.918 -0.398 -0. -68.435 0. 0. -1. 0.
0.214 0.977 0. 152.329 0.977 -0.214 -0. -67.601 0. 0. -1. 0.
0.020 1.000 0. 152.365 1.000 -0.020 -0. -66.680 0. 0. -1. 0.
-0.183 0.983 0. 152.138 0.983 0.183 0. -65.800 0. 0. -1. 0.
-0.384 0.923 0. 151.724 0.923 0.384 0. -65.027 0. 0. -1. 0.
-0.550 0.835 0. 151.079 0.835 0.550 0. -64.220 0. 0. -1. 0.
-0.671 0.741 0. 150.366 0.741 0.671 0. -63.430 0. 0. -1. 0.
-0.759 0.651 0. 149.430 0.651 0.759 0. -62.686 0. 0. -1. 0.
-0.824 0.567 0. 148.487 0.567 0.824 0. -62.062 0. 0. -1. 0.
-0.872 0.490 0. 147.459 0.490 0.872 0. -61.539 0. 0. -1. 0.
-0.902 0.433 0. 146.350 0.433 0.902 0. -60.962 0. 0. -1. 0.
-0.920 0.392 0. 145.103 0.392 0.920 0. -60.558 0. 0. -1. 0.
-0.925 0.380 0. 143.949 0.380 0.925 0. -59.971 0. 0. -1. 0.
-0.928 0.372 0. 142.651 0.372 0.928 0. -59.521 0. 0. -1. 0.
-0.930 0.368 0. 141.380 0.368 0.930 0. -58.928 0. 0. -1. 0.
-0.930 0.368 0. 139.985 0.368 0.930 0. -58.435 0. 0. -1. 0.
-0.924 0.383 0. 138.603 0.383 0.924 0. -57.837 0. 0. -1. 0.
-0.916 0.402 0. 137.257 0.402 0.916 0. -57.326 0. 0. -1. 0.
-0.902 0.432 0. 135.827 0.432 0.902 0. -56.621 0. 0. -1. 0.
-0.889 0.458 0. 134.525 0.458 0.889 0. -55.865 0. 0. -1. 0.
-0.866 0.499 0. 133.086 0.499 0.866 0. -54.984 0. 0. -1. 0.
-0.841 0.541 0. 131.798 0.541 0.841 0. -54.131 0. 0. -1. 0.
-0.813 0.582 0. 130.433 0.582 0.813 0. -53.158 0. 0. -1. 0.
-0.782 0.623 0. 129.083 0.623 0.782 0. -52.067 0. 0. -1. 0.
-0.754 0.656 0. 127.930 0.656 0.754 0. -50.912 0. 0. -1. 0.
-0.723 0.691 0. 126.522 0.691 0.723 0. -49.724 0. 0. -1. 0.
-0.687 0.727 0. 125.313 0.727 0.687 0. -48.386 0. 0. -1. 0.
-0.651 0.759 0. 124.271 0.759 0.651 0. -46.834 0. 0. -1. 0.
-0.609 0.793 0. 122.963 0.793 0.609 0. -45.558 0. 0. -1. 0.
-0.567 0.824 0. 121.886 0.824 0.567 0. -43.957 0. 0. -1. 0.
-0.527 0.850 0. 121.068 0.850 0.527 0. -42.415 0. 0. -1. 0.
-0.493 0.870 0. 120.185 0.870 0.493 0. -40.739 0. 0. -1. 0.
-0.449 0.893 0. 119.291 0.893 0.449 0. -39.036 0. 0. -1. 0.
-0.422 0.906 0. 118.636 0.906 0.422 0. -37.358 0. 0. -1. 0.
-0.398 0.917 0. 117.900 0.917 0.398 0. -35.604 0. 0. -1. 0.
-0.386 0.922 0. 117.205 0.922 0.386 0. -33.818 0. 0. -1. 0.
-0.366 0.931 0. 116.548 0.931 0.366 0. -32.104 0. 0. -1. 0.
-0.359 0.933 0. 115.840 0.933 0.359 0. -30.332 0. 0. -1. 0.
-0.346 0.938 0. 115.324 0.938 0.346 0. -28.508 0. 0. -1. 0.
-0.348 0.937 0. 114.536 0.937 0.348 0. -26.675 0. 0. -1. 0.
-0.355 0.935 0. 114.140 0.935 0.355 0. -24.851 0. 0. -1. 0.
-0.378 0.926 0. 113.237 0.926 0.378 0. -23.015 0. 0. -1. 0.
-0.396 0.918 0. 112.641 0.918 0.396 0. -21.194 0. 0. -1. 0.
-0.424 0.906 0. 111.760 0.906 0.424 0. -19.434 0. 0. -1. 0.
-0.462 0.887 0. 111.010 0.887 0.462 0. -17.703 0. 0. -1. 0.
-0.493 0.870 0. 110.041 0.870 0.493 0. -15.966 0. 0. -1. 0.
-0.537 0.844 0. 109.014 0.844 0.537 0. -14.336 0. 0. -1. 0.
-0.584 0.812 0. 108.032 0.812 0.584 0. -12.739 0. 0. -1. 0.
-0.633 0.774 0. 106.878 0.774 0.633 0. -11.206 0. 0. -1. 0.
-0.687 0.727 0. 105.689 0.727 0.687 0. -9.741 0. 0. -1. 0.
-0.731 0.682 0. 104.078 0.682 0.731 0. -8.415 0. 0. -1. 0.
-0.781 0.624 0. 102.848 0.624 0.781 0. -7.189 0. 0. -1. 0.
-0.820 0.572 0. 101.238 0.572 0.820 0. -6.062 0. 0. -1. 0.
-0.849 0.528 0. 99.582 0.528 0.849 0. -4.941 0. 0. -1. 0.
-0.886 0.464 0. 97.891 0.464 0.886 0. -4.057 0. 0. -1. 0.
-0.911 0.413 0. 96.238 0.413 0.911 0. -3.194 0. 0. -1. 0.
-0.933 0.359 0. 94.405 0.359 0.933 0. -2.497 0. 0. -1. 0.
-0.952 0.306 0. 92.543 0.306 0.952 0. -1.772 0. 0. -1. 0.
-0.967 0.254 0. 90.612 0.254 0.967 0. -1.271 0. 0. -1. 0.
-0.979 0.202 0. 88.711 0.202 0.979 0. -0.862 0. 0. -1. 0.
-0.988 0.158 0. 86.717 0.158 0.988 0. -0.576 0. 0. -1. 0.
-0.994 0.114 0. 84.657 0.114 0.994 0. -0.319 0. 0. -1. 0.
-0.997 0.076 0. 82.715 0.076 0.997 0. -0.094 0. 0. -1. 0.
-0.999 0.048 0. 80.642 0.048 0.999 0. -0.031 0. 0. -1. 0.
-1.000 0.023 0. 78.560 0.023 1.000 0. -0.022 0. 0. -1. 0.
-1. 0.001 0. 76.454 0.001 1. 0. 0.048 0. 0. -1. 0.
-1. -0.005 -0. 74.352 -0.005 1. 0. 0.050 0. 0. -1. 0.
-1.000 -0.021 -0. 72.279 -0.021 1.000 0. 0.080 0. 0. -1. 0.
-1.000 -0.031 -0. 70.162 -0.031 1.000 0. -0.014 0. 0. -1. 0.
-1.000 -0.028 -0. 68.012 -0.028 1.000 0. 0.078 0. 0. -1. 0.
-1.000 -0.028 -0. 65.892 -0.028 1.000 0. -0.044 0. 0. -1. 0.
-1.000 -0.027 -0. 63.767 -0.027 1.000 0. -0.015 0. 0. -1. 0.
-1.000 -0.024 -0. 61.603 -0.024 1.000 0. -0.036 0. 0. -1. 0.
-1.000 -0.026 -0. 59.526 -0.026 1.000 0. -0.007 0. 0. -1. 0.
-1.000 -0.017 -0. 57.390 -0.017 1.000 0. -0.041 0. 0. -1. 0.
-1.000 -0.018 -0. 55.310 -0.018 1.000 0. 0.054 0. 0. -1. 0.
-1. -0.012 -0. 53.233 -0.012 1. 0. 0.020 0. 0. -1. 0.
-1. -0.008 -0. 51.081 -0.008 1. 0. 0.028 0. 0. -1. 0.
-1. -0.001 -0. 48.941 -0.001 1. 0. 0.071 0. 0. -1. 0.
-1. 0.004 0. 46.889 0.004 1. 0. 0.051 0. 0. -1. 0.
-1. 0.004 0. 44.775 0.004 1. 0. 0.173 0. 0. -1. 0.
-1. 0.014 0. 42.696 0.014 1. 0. 0.208 0. 0. -1. 0.
-1.000 0.018 0. 40.717 0.018 1.000 0. 0.268 0. 0. -1. 0.
-1.000 0.019 0. 38.638 0.019 1.000 0. 0.378 0. 0. -1. 0.
-1.000 0.031 0. 36.603 0.031 1.000 0. 0.327 0. 0. -1. 0.
-0.999 0.038 0. 34.570 0.038 0.999 0. 0.475 0. 0. -1. 0.
-0.999 0.043 0. 32.582 0.043 0.999 0. 0.621 0. 0. -1. 0.
-0.999 0.043 0. 30.572 0.043 0.999 0. 0.654 0. 0. -1. 0.
-0.999 0.041 0. 28.543 0.041 0.999 0. 0.837 0. 0. -1. 0.
-0.999 0.052 0. 26.587 0.052 0.999 0. 0.898 0. 0. -1. 0.
-0.998 0.056 0. 24.510 0.056 0.998 0. 1.021 0. 0. -1. 0.
-0.998 0.056 0. 22.526 0.056 0.998 0. 1.239 0. 0. -1. 0.
-0.998 0.058 0. 20.386 0.058 0.998 0. 1.294 0. 0. -1. 0.
-0.998 0.065 0. 18.365 0.065 0.998 0. 1.551 0. 0. -1. 0.
-0.997 0.071 0. 16.254 0.071 0.997 0. 1.707 0. 0. -1. 0.
-0.997 0.078 0. 14.219 0.078 0.997 0. 1.814 0. 0. -1. 0.
-0.997 0.075 0. 12.097 0.075 0.997 0. 2.070 0. 0. -1. 0.
-0.996 0.084 0. 10.041 0.084 0.996 0. 2.313 0. 0. -1. 0.
-0.996 0.084 0. 7.913 0.084 0.996 0. 2.404 0. 0. -1. 0.
-0.997 0.077 0. 5.740 0.077 0.997 0. 2.610 0. 0. -1. 0.
-0.997 0.079 0. 3.610 0.079 0.997 0. 2.787 0. 0. -1. 0.
-0.997 0.075 0. 1.490 0.075 0.997 0. 2.991 0. 0. -1. 0.
-0.996 0.087 0. -0.671 0.087 0.996 0. 3.147 0. 0. -1. 0.
-0.996 0.085 0. -2.814 0.085 0.996 0. 3.356 0. 0. -1. 0.
-0.996 0.086 0. -4.913 0.086 0.996 0. 3.620 0. 0. -1. 0.
-0.996 0.088 0. -7.020 0.088 0.996 0. 3.869 0. 0. -1. 0.
-0.996 0.092 0. -9.166 0.092 0.996 0. 4.088 0. 0. -1. 0.
-0.995 0.095 0. -11.323 0.095 0.995 0. 4.219 0. 0. -1. 0.
-0.995 0.097 0. -13.385 0.097 0.995 0. 4.510 0. 0. -1. 0.
-0.993 0.116 0. -15.531 0.116 0.993 0. 4.688 0. 0. -1. 0.
-0.993 0.116 0. -17.626 0.116 0.993 0. 5.029 0. 0. -1. 0.
-0.993 0.114 0. -19.729 0.114 0.993 0. 5.321 0. 0. -1. 0.
-0.994 0.111 0. -21.874 0.111 0.994 0. 5.599 0. 0. -1. 0.
-0.994 0.110 0. -24.031 0.110 0.994 0. 5.906 0. 0. -1. 0.
-0.996 0.085 0. -26.145 0.085 0.996 0. 6.214 0. 0. -1. 0.
-0.998 0.068 0. -28.343 0.068 0.998 0. 6.363 0. 0. -1. 0.
-0.999 0.048 0. -30.486 0.048 0.999 0. 6.523 0. 0. -1. 0.
-1.000 0.032 0. -32.724 0.032 1.000 0. 6.558 0. 0. -1. 0.
-1.000 0.016 0. -34.916 0.016 1.000 0. 6.584 0. 0. -1. 0.
-1. -0.002 -0. -36.993 -0.002 1. 0. 6.588 0. 0. -1. 0.
-1.000 -0.025 -0. -39.189 -0.025 1.000 0. 6.601 0. 0. -1. 0.
-0.999 -0.039 -0. -41.370 -0.039 0.999 0. 6.502 0. 0. -1. 0.
-0.999 -0.041 -0. -43.409 -0.041 0.999 0. 6.493 0. 0. -1. 0.
-0.999 -0.048 -0. -45.588 -0.048 0.999 0. 6.386 0. 0. -1. 0.
-0.999 -0.055 -0. -47.664 -0.055 0.999 0. 6.312 0. 0. -1. 0.
-0.998 -0.057 -0. -49.693 -0.057 0.998 0. 6.239 0. 0. -1. 0.
-0.999 -0.054 -0. -51.676 -0.054 0.999 0. 6.209 0. 0. -1. 0.
-0.999 -0.040 -0. -53.656 -0.040 0.999 0. 6.101 0. 0. -1. 0.
-1.000 -0.028 -0. -55.515 -0.028 1.000 0. 6.065 0. 0. -1. 0.
-1.000 -0.018 -0. -57.321 -0.018 1.000 0. 6.049 0. 0. -1. 0.
-1. 0.010 0. -58.954 0.010 1. 0. 6.081 0. 0. -1. 0.
-0.999 0.036 0. -60.584 0.036 0.999 0. 6.146 0. 0. -1. 0.
-0.997 0.079 0. -62.118 0.079 0.997 0. 6.342 0. 0. -1. 0.
-0.990 0.140 0. -63.486 0.140 0.990 0. 6.560 0. 0. -1. 0.
-0.980 0.200 0. -64.757 0.200 0.980 0. 6.845 0. 0. -1. 0.
-0.961 0.278 0. -65.869 0.278 0.961 0. 7.225 0. 0. -1. 0.
-0.931 0.366 0. -67.010 0.366 0.931 0. 7.649 0. 0. -1. 0.
-0.884 0.467 0. -68.037 0.467 0.884 0. 8.113 0. 0. -1. 0.
-0.828 0.560 0. -68.756 0.560 0.828 0. 8.897 0. 0. -1. 0.
-0.749 0.662 0. -69.565 0.662 0.749 0. 9.598 0. 0. -1. 0.
-0.668 0.744 0. -70.182 0.744 0.668 0. 10.341 0. 0. -1. 0.
-0.573 0.820 0. -70.855 0.820 0.573 0. 11.154 0. 0. -1. 0.
-0.489 0.872 0. -71.225 0.872 0.489 0. 12.156 0. 0. -1. 0.
-0.404 0.915 0. -71.614 0.915 0.404 0. 13.144 0. 0. -1. 0.
-0.328 0.945 0. -72.125 0.945 0.328 0. 14.255 0. 0. -1. 0.
-0.259 0.966 0. -72.373 0.966 0.259 0. 15.459 0. 0. -1. 0.
-0.201 0.980 0. -72.613 0.980 0.201 0. 16.652 0. 0. -1. 0.
-0.155 0.988 0. -72.822 0.988 0.155 0. 18.055 0. 0. -1. 0.
-0.105 0.994 0. -72.917 0.994 0.105 0. 19.481 0. 0. -1. 0.
-0.076 0.997 0. -72.967 0.997 0.076 0. 20.985 0. 0. -1. 0.
-0.052 0.999 0. -73.042 0.999 0.052 0. 22.539 0. 0. -1. 0.
-0.027 1.000 0. -73.051 1.000 0.027 0. 24.110 0. 0. -1. 0.
-0.031 1.000 0. -73.155 1.000 0.031 0. 25.668 0. 0. -1. 0.
-0.016 1.000 0. -72.948 1.000 0.016 0. 27.316 0. 0. -1. 0.
-0.009 1. 0. -73.066 1. 0.009 0. 28.950 0. 0. -1. 0.
-0.005 1. 0. -73.063 1. 0.005 0. 30.654 0. 0. -1. 0.
0.004 1. 0. -72.921 1. -0.004 -0. 32.273 0. 0. -1. 0.
0.015 1.000 0. -72.935 1.000 -0.015 -0. 34.024 0. 0. -1. 0.
0.030 1.000 0. -72.643 1.000 -0.030 -0. 35.698 0. 0. -1. 0.
0.044 0.999 0. -72.669 0.999 -0.044 -0. 37.441 0. 0. -1. 0.
0.071 0.997 0. -72.396 0.997 -0.071 -0. 39.144 0. 0. -1. 0.
0.103 0.995 0. -72.263 0.995 -0.103 -0. 40.876 0. 0. -1. 0.
0.124 0.992 0. -71.924 0.992 -0.124 -0. 42.634 0. 0. -1. 0.
0.153 0.988 0. -71.543 0.988 -0.153 -0. 44.504 0. 0. -1. 0.
0.166 0.986 0. -71.113 0.986 -0.166 -0. 46.055 0. 0. -1. 0.
0.173 0.985 0. -70.863 0.985 -0.173 -0. 47.884 0. 0. -1. 0.
0.168 0.986 0. -70.489 0.986 -0.168 -0. 49.640 0. 0. -1. 0.
0.157 0.988 0. -70.182 0.988 -0.157 -0. 51.567 0. 0. -1. 0.
0.139 0.990 0. -69.901 0.990 -0.139 -0. 53.318 0. 0. -1. 0.
0.117 0.993 0. -69.618 0.993 -0.117 -0. 55.333 0. 0. -1. 0.
0.102 0.995 0. -69.412 0.995 -0.102 -0. 57.281 0. 0. -1. 0.
0.081 0.997 0. -69.263 0.997 -0.081 -0. 59.214 0. 0. -1. 0.
0.066 0.998 0. -69.091 0.998 -0.066 -0. 61.266 0. 0. -1. 0.
0.047 0.999 0. -68.950 0.999 -0.047 -0. 63.282 0. 0. -1. 0.
0.032 0.999 0. -68.858 0.999 -0.032 -0. 65.270 0. 0. -1. 0.
0.018 1.000 0. -68.785 1.000 -0.018 -0. 67.321 0. 0. -1. 0.
0.002 1. 0. -68.696 1. -0.002 -0. 69.273 0. 0. -1. 0.
-0. 1. 0. -68.703 1. 0. 0. 71.301 0. 0. -1. 0.
-0. 1. 0. -68.658 1. 0. 0. 73.205 0. 0. -1. 0.
0.003 1. 0. -68.688 1. -0.003 -0. 75.121 0. 0. -1. 0.
-0.005 1. 0. -68.645 1. 0.005 0. 77.028 0. 0. -1. 0.
0.001 1. 0. -68.617 1. -0.001 -0. 78.925 0. 0. -1. 0.
-0.002 1. 0. -68.634 1. 0.002 0. 80.672 0. 0. -1. 0.
-0.003 1. 0. -68.609 1. 0.003 0. 82.462 0. 0. -1. 0.
-0.017 1.000 0. -68.602 1.000 0.017 0. 84.141 0. 0. -1. 0.
-0.039 0.999 0. -68.564 0.999 0.039 0. 85.881 0. 0. -1. 0.
-0.082 0.997 0. -68.619 0.997 0.082 0. 87.482 0. 0. -1. 0.
-0.134 0.991 0. -68.867 0.991 0.134 0. 88.974 0. 0. -1. 0.
-0.201 0.980 0. -69.107 0.980 0.201 0. 90.424 0. 0. -1. 0.
-0.281 0.960 0. -69.437 0.960 0.281 0. 91.816 0. 0. -1. 0.
-0.369 0.930 0. -69.924 0.930 0.369 0. 93.225 0. 0. -1. 0.
-0.460 0.888 0. -70.578 0.888 0.460 0. 94.346 0. 0. -1. 0.
-0.542 0.841 0. -71.293 0.841 0.542 0. 95.466 0. 0. -1. 0.
-0.631 0.776 0. -72.059 0.776 0.631 0. 96.497 0. 0. -1. 0.
-0.713 0.702 0. -73.022 0.702 0.713 0. 97.482 0. 0. -1. 0.
-0.785 0.619 0. -74.037 0.619 0.785 0. 98.296 0. 0. -1. 0.
-0.846 0.533 0. -75.276 0.533 0.846 0. 99.110 0. 0. -1. 0.
-0.902 0.432 0. -76.495 0.432 0.902 0. 99.725 0. 0. -1. 0.
-0.944 0.329 0. -77.880 0.329 0.944 0. 100.189 0. 0. -1. 0.
-0.970 0.244 0. -79.244 0.244 0.970 0. 100.534 0. 0. -1. 0.
-0.985 0.172 0. -80.784 0.172 0.985 0. 100.714 0. 0. -1. 0.
-0.992 0.125 0. -82.255 0.125 0.992 0. 100.840 0. 0. -1. 0.
-0.993 0.116 0. -83.939 0.116 0.993 0. 101.008 0. 0. -1. 0.
-0.992 0.124 0. -85.287 0.124 0.992 0. 101.387 0. 0. -1. 0.
-0.990 0.144 0. -86.897 0.144 0.990 0. 101.547 0. 0. -1. 0.
-0.982 0.187 0. -88.502 0.187 0.982 0. 101.854 0. 0. -1. 0.
-0.973 0.231 0. -89.973 0.231 0.973 0. 102.187 0. 0. -1. 0.
-0.959 0.284 0. -91.569 0.284 0.959 0. 102.714 0. 0. -1. 0.
-0.938 0.348 0. -93.193 0.348 0.938 0. 103.264 0. 0. -1. 0.
-0.912 0.411 0. -94.624 0.411 0.912 0. 103.995 0. 0. -1. 0.
-0.883 0.470 0. -96.181 0.470 0.883 0. 104.896 0. 0. -1. 0.
-0.846 0.533 0. -97.651 0.533 0.846 0. 105.974 0. 0. -1. 0.
-0.806 0.591 0. -99.109 0.591 0.806 0. 106.994 0. 0. -1. 0.
-0.766 0.643 0. -100.543 0.643 0.766 0. 108.130 0. 0. -1. 0.
-0.739 0.674 0. -101.883 0.674 0.739 0. 109.437 0. 0. -1. 0.
-0.715 0.699 0. -103.308 0.699 0.715 0. 110.763 0. 0. -1. 0.
-0.708 0.706 0. -104.618 0.706 0.708 0. 112.327 0. 0. -1. 0.
-0.704 0.710 0. -106.075 0.710 0.704 0. 113.721 0. 0. -1. 0.
-0.704 0.710 0. -107.464 0.710 0.704 0. 115.323 0. 0. -1. 0.
-0.705 0.709 0. -108.968 0.709 0.705 0. 116.804 0. 0. -1. 0.
-0.706 0.709 0. -110.444 0.709 0.706 0. 118.388 0. 0. -1. 0.
-0.710 0.704 0. -111.997 0.704 0.710 0. 119.847 0. 0. -1. 0.
-0.712 0.702 0. -113.648 0.702 0.712 0. 121.396 0. 0. -1. 0.
-0.713 0.701 0. -115.278 0.701 0.713 0. 123.049 0. 0. -1. 0.
-0.715 0.699 0. -116.788 0.699 0.715 0. 124.757 0. 0. -1. 0.
-0.716 0.698 0. -118.524 0.698 0.716 0. 126.387 0. 0. -1. 0.
-0.713 0.701 0. -120.149 0.701 0.713 0. 128.108 0. 0. -1. 0.
-0.710 0.704 0. -121.902 0.704 0.710 0. 129.800 0. 0. -1. 0.
-0.707 0.707 0. -123.598 0.707 0.707 0. 131.616 0. 0. -1. 0.
-0.714 0.700 0. -125.340 0.700 0.714 0. 133.429 0. 0. -1. 0.
-0.715 0.699 0. -127.156 0.699 0.715 0. 135.208 0. 0. -1. 0.
-0.713 0.701 0. -128.922 0.701 0.713 0. 137.065 0. 0. -1. 0.
-0.710 0.704 0. -130.751 0.704 0.710 0. 138.923 0. 0. -1. 0.
-0.706 0.709 0. -132.471 0.709 0.706 0. 140.816 0. 0. -1. 0.
-0.701 0.713 0. -134.427 0.713 0.701 0. 142.580 0. 0. -1. 0.
-0.697 0.717 0. -136.084 0.717 0.697 0. 144.681 0. 0. -1. 0.
-0.695 0.719 0. -137.837 0.719 0.695 0. 146.433 0. 0. -1. 0.
-0.690 0.724 0. -139.564 0.724 0.690 0. 148.381 0. 0. -1. 0.
-0.689 0.724 0. -141.301 0.724 0.689 0. 150.261 0. 0. -1. 0.
-0.686 0.728 0. -143.076 0.728 0.686 0. 152.029 0. 0. -1. 0.
-0.682 0.732 0. -144.779 0.732 0.682 0. 153.791 0. 0. -1. 0.
-0.676 0.737 0. -146.376 0.737 0.676 0. 155.698 0. 0. -1. 0.
-0.664 0.748 0. -147.933 0.748 0.664 0. 157.517 0. 0. -1. 0.
-0.654 0.757 0. -149.455 0.757 0.654 0. 159.420 0. 0. -1. 0.
-0.633 0.775 0. -150.961 0.775 0.633 0. 161.221 0. 0. -1. 0.
-0.610 0.793 0. -152.320 0.793 0.610 0. 163.132 0. 0. -1. 0.
-0.584 0.811 0. -153.639 0.811 0.584 0. 165.087 0. 0. -1. 0.
-0.552 0.834 0. -155.002 0.834 0.552 0. 166.998 0. 0. -1. 0.
-0.535 0.845 0. -156.109 0.845 0.535 0. 169.006 0. 0. -1. 0.
-0.516 0.856 0. -157.251 0.856 0.516 0. 171.023 0. 0. -1. 0.
-0.503 0.864 0. -158.441 0.864 0.503 0. 172.942 0. 0. -1. 0.
-0.490 0.871 0. -159.532 0.871 0.490 0. 174.915 0. 0. -1. 0.
-0.475 0.880 0. -160.566 0.880 0.475 0. 176.914 0. 0. -1. 0.
-0.453 0.891 0. -161.500 0.891 0.453 0. 178.810 0. 0. -1. 0.
-0.431 0.902 0. -162.392 0.902 0.431 0. 180.670 0. 0. -1. 0.
-0.401 0.916 0. -163.361 0.916 0.401 0. 182.446 0. 0. -1. 0.
-0.353 0.936 0. -164.061 0.936 0.353 0. 184.313 0. 0. -1. 0.
-0.313 0.950 0. -164.625 0.950 0.313 0. 186.201 0. 0. -1. 0.
-0.276 0.961 0. -165.112 0.961 0.276 0. 188.059 0. 0. -1. 0.
-0.232 0.973 0. -165.563 0.973 0.232 0. 189.939 0. 0. -1. 0.
-0.198 0.980 0. -165.890 0.980 0.198 0. 191.829 0. 0. -1. 0.
-0.177 0.984 0. -166.207 0.984 0.177 0. 193.752 0. 0. -1. 0.
-0.166 0.986 0. -166.203 0.986 0.166 0. 195.837 0. 0. -1. 0.
-0.156 0.988 0. -166.471 0.988 0.156 0. 197.871 0. 0. -1. 0.
-0.143 0.990 0. -166.950 0.990 0.143 0. 199.784 0. 0. -1. 0.
-0.135 0.991 0. -167.103 0.991 0.135 0. 201.876 0. 0. -1. 0.
-0.118 0.993 0. -167.433 0.993 0.118 0. 204.026 0. 0. -1. 0.
-0.090 0.996 0. -167.533 0.996 0.090 0. 206.089 0. 0. -1. 0.
-0.070 0.998 0. -167.757 0.998 0.070 0. 208.160 0. 0. -1. 0.
-0.057 0.998 0. -167.927 0.998 0.057 0. 210.220 0. 0. -1. 0.
-0.055 0.998 0. -167.843 0.998 0.055 0. 212.324 0. 0. -1. 0.
-0.050 0.999 0. -168.029 0.999 0.050 0. 214.339 0. 0. -1. 0.
-0.078 0.997 0. -168.008 0.997 0.078 0. 216.391 0. 0. -1. 0.
-0.096 0.995 0. -168.282 0.995 0.096 0. 218.386 0. 0. -1. 0.
-0.133 0.991 0. -168.411 0.991 0.133 0. 220.291 0. 0. -1. 0.
-0.189 0.982 0. -168.679 0.982 0.189 0. 222.290 0. 0. -1. 0.
-0.234 0.972 0. -169.333 0.972 0.234 0. 224.247 0. 0. -1. 0.
-0.290 0.957 0. -169.701 0.957 0.290 0. 225.995 0. 0. -1. 0.
-0.356 0.934 0. -170.473 0.934 0.356 0. 227.863 0. 0. -1. 0.
-0.427 0.904 0. -171.176 0.904 0.427 0. 229.552 0. 0. -1. 0.
-0.488 0.873 0. -172.272 0.873 0.488 0. 231.198 0. 0. -1. 0.
-0.550 0.835 0. -173.043 0.835 0.550 0. 232.832 0. 0. -1. 0.
-0.618 0.786 0. -174.198 0.786 0.618 0. 234.383 0. 0. -1. 0.
-0.680 0.733 0. -175.655 0.733 0.680 0. 235.647 0. 0. -1. 0.
-0.739 0.674 0. -176.944 0.674 0.739 0. 236.988 0. 0. -1. 0.
-0.790 0.613 0. -178.415 0.613 0.790 0. 238.317 0. 0. -1. 0.
-0.836 0.549 0. -180.031 0.549 0.836 0. 239.499 0. 0. -1. 0.
-0.874 0.486 0. -181.847 0.486 0.874 0. 240.458 0. 0. -1. 0.
-0.904 0.428 0. -183.756 0.428 0.904 0. 241.401 0. 0. -1. 0.
-0.926 0.378 0. -185.742 0.378 0.926 0. 242.255 0. 0. -1. 0.
-0.942 0.336 0. -187.741 0.336 0.942 0. 243.089 0. 0. -1. 0.
-0.953 0.303 0. -189.842 0.303 0.953 0. 243.819 0. 0. -1. 0.
-0.961 0.277 0. -192.160 0.277 0.961 0. 244.493 0. 0. -1. 0.
-0.965 0.262 0. -194.506 0.262 0.965 0. 245.155 0. 0. -1. 0.
-0.968 0.252 0. -196.881 0.252 0.968 0. 245.763 0. 0. -1. 0.
-0.970 0.244 0. -199.394 0.244 0.970 0. 246.491 0. 0. -1. 0.
-0.969 0.246 0. -201.887 0.246 0.969 0. 247.180 0. 0. -1. 0.
-0.969 0.248 0. -204.453 0.248 0.969 0. 247.898 0. 0. -1. 0.
-0.969 0.249 0. -207.144 0.249 0.969 0. 248.585 0. 0. -1. 0.
-0.967 0.255 0. -209.810 0.255 0.967 0. 249.386 0. 0. -1. 0.
-0.966 0.258 0. -212.462 0.258 0.966 0. 250.125 0. 0. -1. 0.
-0.965 0.261 0. -215.149 0.261 0.965 0. 250.852 0. 0. -1. 0.
-0.966 0.260 0. -217.783 0.260 0.966 0. 251.562 0. 0. -1. 0.
-0.966 0.259 0. -220.534 0.259 0.966 0. 252.363 0. 0. -1. 0.
-0.965 0.262 0. -223.113 0.262 0.965 0. 253.167 0. 0. -1. 0.
-0.963 0.269 0. -225.733 0.269 0.963 0. 253.907 0. 0. -1. 0.
-0.964 0.268 0. -228.326 0.268 0.964 0. 254.603 0. 0. -1. 0.
-0.964 0.266 0. -230.955 0.266 0.964 0. 255.286 0. 0. -1. 0.
-0.963 0.269 0. -233.529 0.269 0.963 0. 256.087 0. 0. -1. 0.
-0.963 0.270 0. -236.092 0.270 0.963 0. 256.821 0. 0. -1. 0.
-0.957 0.289 0. -238.528 0.289 0.957 0. 257.551 0. 0. -1. 0.
-0.951 0.308 0. -240.752 0.308 0.951 0. 258.403 0. 0. -1. 0.
-0.942 0.335 0. -242.976 0.335 0.942 0. 259.097 0. 0. -1. 0.
-0.930 0.367 0. -245.105 0.367 0.930 0. 259.914 0. 0. -1. 0.
-0.917 0.398 0. -246.898 0.398 0.917 0. 260.782 0. 0. -1. 0.
-0.905 0.425 0. -248.617 0.425 0.905 0. 261.520 0. 0. -1. 0.
-0.893 0.451 0. -250.195 0.451 0.893 0. 262.440 0. 0. -1. 0.
-0.876 0.483 0. -251.645 0.483 0.876 0. 263.278 0. 0. -1. 0.
-0.853 0.521 0. -252.980 0.521 0.853 0. 264.167 0. 0. -1. 0.
-0.824 0.567 0. -254.234 0.567 0.824 0. 264.978 0. 0. -1. 0.
-0.788 0.615 0. -255.348 0.615 0.788 0. 265.811 0. 0. -1. 0.
-0.740 0.672 0. -256.378 0.672 0.740 0. 266.783 0. 0. -1. 0.
-0.677 0.736 0. -257.309 0.736 0.677 0. 267.692 0. 0. -1. 0.
-0.611 0.792 0. -258.104 0.792 0.611 0. 268.654 0. 0. -1. 0.
-0.536 0.844 0. -258.762 0.844 0.536 0. 269.770 0. 0. -1. 0.
-0.459 0.888 0. -259.133 0.888 0.459 0. 270.924 0. 0. -1. 0.
-0.375 0.927 0. -259.628 0.927 0.375 0. 272.051 0. 0. -1. 0.
-0.307 0.952 0. -259.819 0.952 0.307 0. 273.190 0. 0. -1. 0.
-0.232 0.973 0. -260.266 0.973 0.232 0. 274.674 0. 0. -1. 0.
-0.160 0.987 0. -260.373 0.987 0.160 0. 276.051 0. 0. -1. 0.
-0.082 0.997 0. -260.596 0.997 0.082 0. 277.691 0. 0. -1. 0.
-0. 1. 0. -260.642 1. 0. 0. 279.391 0. 0. -1. 0.
0.072 0.997 0. -260.384 0.997 -0.072 -0. 281.210 0. 0. -1. 0.
0.129 0.992 0. -260.127 0.992 -0.129 -0. 283.091 0. 0. -1. 0.
0.164 0.986 0. -259.740 0.986 -0.164 -0. 285.109 0. 0. -1. 0.
0.190 0.982 0. -259.254 0.982 -0.190 -0. 287.263 0. 0. -1. 0.
0.202 0.979 0. -258.772 0.979 -0.202 -0. 289.468 0. 0. -1. 0.
0.203 0.979 0. -258.353 0.979 -0.203 -0. 291.907 0. 0. -1. 0.
0.205 0.979 0. -257.656 0.979 -0.205 -0. 294.295 0. 0. -1. 0.
0.214 0.977 0. -257.105 0.977 -0.214 -0. 296.772 0. 0. -1. 0.
0.219 0.976 0. -256.529 0.976 -0.219 -0. 299.326 0. 0. -1. 0.
0.216 0.976 0. -255.755 0.976 -0.216 -0. 301.887 0. 0. -1. 0.
0.221 0.975 0. -255.224 0.975 -0.221 -0. 304.604 0. 0. -1. 0.
0.231 0.973 0. -254.541 0.973 -0.231 -0. 307.260 0. 0. -1. 0.
0.237 0.971 0. -253.846 0.971 -0.237 -0. 310.056 0. 0. -1. 0.
0.232 0.973 0. -253.150 0.973 -0.232 -0. 312.888 0. 0. -1. 0.
0.235 0.972 0. -252.352 0.972 -0.235 -0. 315.868 0. 0. -1. 0.
0.248 0.969 0. -251.515 0.969 -0.248 -0. 318.806 0. 0. -1. 0.
0.243 0.970 0. -250.649 0.970 -0.243 -0. 321.837 0. 0. -1. 0.
0.243 0.970 0. -249.890 0.970 -0.243 -0. 324.992 0. 0. -1. 0.
0.251 0.968 0. -248.996 0.968 -0.251 -0. 328.113 0. 0. -1. 0.
0.250 0.968 0. -248.086 0.968 -0.250 -0. 331.284 0. 0. -1. 0.
0.249 0.969 0. -247.192 0.969 -0.249 -0. 334.598 0. 0. -1. 0.
0.248 0.969 0. -246.253 0.969 -0.248 -0. 337.874 0. 0. -1. 0.
0.249 0.969 0. -245.368 0.969 -0.249 -0. 341.234 0. 0. -1. 0.
0.248 0.969 0. -244.553 0.969 -0.248 -0. 344.607 0. 0. -1. 0.
0.247 0.969 0. -243.530 0.969 -0.247 -0. 347.960 0. 0. -1. 0.
0.245 0.969 0. -242.656 0.969 -0.245 -0. 351.440 0. 0. -1. 0.
0.248 0.969 0. -241.713 0.969 -0.248 -0. 354.817 0. 0. -1. 0.
0.246 0.969 0. -240.761 0.969 -0.246 -0. 358.293 0. 0. -1. 0.
0.244 0.970 0. -239.785 0.970 -0.244 -0. 361.832 0. 0. -1. 0.
0.244 0.970 0. -238.838 0.970 -0.244 -0. 365.348 0. 0. -1. 0.
0.247 0.969 0. -237.846 0.969 -0.247 -0. 368.841 0. 0. -1. 0.
0.246 0.969 0. -236.888 0.969 -0.246 -0. 372.385 0. 0. -1. 0.
0.254 0.967 0. -235.886 0.967 -0.254 -0. 375.916 0. 0. -1. 0.
0.252 0.968 0. -234.841 0.968 -0.252 -0. 379.460 0. 0. -1. 0.
0.253 0.968 0. -233.837 0.968 -0.253 -0. 383.010 0. 0. -1. 0.
0.249 0.969 0. -232.876 0.969 -0.249 -0. 386.527 0. 0. -1. 0.
0.247 0.969 0. -231.845 0.969 -0.247 -0. 390.060 0. 0. -1. 0.
0.248 0.969 0. -230.916 0.969 -0.248 -0. 393.667 0. 0. -1. 0.
0.245 0.970 0. -229.921 0.970 -0.245 -0. 397.218 0. 0. -1. 0.
0.244 0.970 0. -228.896 0.970 -0.244 -0. 400.802 0. 0. -1. 0.
0.244 0.970 0. -227.919 0.970 -0.244 -0. 404.279 0. 0. -1. 0.
0.247 0.969 0. -227.007 0.969 -0.247 -0. 407.843 0. 0. -1. 0.
0.250 0.968 0. -226.009 0.968 -0.250 -0. 411.282 0. 0. -1. 0.
0.249 0.968 0. -225.094 0.968 -0.249 -0. 414.775 0. 0. -1. 0.
0.245 0.970 0. -224.108 0.970 -0.245 -0. 418.136 0. 0. -1. 0.
0.245 0.970 0. -223.300 0.970 -0.245 -0. 421.606 0. 0. -1. 0.
0.251 0.968 0. -222.305 0.968 -0.251 -0. 424.909 0. 0. -1. 0.
0.243 0.970 0. -221.385 0.970 -0.243 -0. 428.142 0. 0. -1. 0.
0.242 0.970 0. -220.539 0.970 -0.242 -0. 431.362 0. 0. -1. 0.
0.244 0.970 0. -219.620 0.970 -0.244 -0. 434.328 0. 0. -1. 0.
0.247 0.969 0. -218.914 0.969 -0.247 -0. 437.235 0. 0. -1. 0.
0.242 0.970 0. -218.120 0.970 -0.242 -0. 440.083 0. 0. -1. 0.
0.245 0.970 0. -217.419 0.970 -0.245 -0. 442.789 0. 0. -1. 0.
0.244 0.970 0. -216.625 0.970 -0.244 -0. 445.355 0. 0. -1. 0.
0.240 0.971 0. -216.083 0.971 -0.240 -0. 447.905 0. 0. -1. 0.
0.242 0.970 0. -215.349 0.970 -0.242 -0. 450.333 0. 0. -1. 0.
0.243 0.970 0. -214.764 0.970 -0.243 -0. 452.680 0. 0. -1. 0.
0.242 0.970 0. -214.135 0.970 -0.242 -0. 454.893 0. 0. -1. 0.
0.249 0.969 0. -213.590 0.969 -0.249 -0. 457.110 0. 0. -1. 0.
0.247 0.969 0. -212.976 0.969 -0.247 -0. 459.138 0. 0. -1. 0.
0.239 0.971 0. -212.467 0.971 -0.239 -0. 461.156 0. 0. -1. 0.
0.239 0.971 0. -211.941 0.971 -0.239 -0. 463.060 0. 0. -1. 0.
0.241 0.971 0. -211.486 0.971 -0.241 -0. 464.841 0. 0. -1. 0.
0.241 0.971 0. -211.024 0.971 -0.241 -0. 466.554 0. 0. -1. 0.
0.239 0.971 0. -210.611 0.971 -0.239 -0. 468.153 0. 0. -1. 0.
0.233 0.972 0. -210.170 0.972 -0.233 -0. 469.589 0. 0. -1. 0.
0.230 0.973 0. -209.909 0.973 -0.230 -0. 471.031 0. 0. -1. 0.
0.231 0.973 0. -209.590 0.973 -0.231 -0. 472.228 0. 0. -1. 0.
0.228 0.974 0. -209.262 0.974 -0.228 -0. 473.411 0. 0. -1. 0.
0.227 0.974 0. -209.017 0.974 -0.227 -0. 474.461 0. 0. -1. 0.
0.228 0.974 0. -208.797 0.974 -0.228 -0. 475.470 0. 0. -1. 0.
0.226 0.974 0. -208.566 0.974 -0.226 -0. 476.336 0. 0. -1. 0.
0.224 0.975 0. -208.321 0.975 -0.224 -0. 477.267 0. 0. -1. 0.
0.228 0.974 0. -208.164 0.974 -0.228 -0. 477.903 0. 0. -1. 0.
0.224 0.975 0. -208.038 0.975 -0.224 -0. 478.505 0. 0. -1. 0.
0.235 0.972 0. -207.879 0.972 -0.235 -0. 478.921 0. 0. -1. 0.
0.229 0.973 0. -207.741 0.973 -0.229 -0. 479.195 0. 0. -1. 0.
0.227 0.974 0. -207.748 0.974 -0.227 -0. 479.599 0. 0. -1. 0.
0.234 0.972 0. -207.670 0.972 -0.234 -0. 479.770 0. 0. -1. 0.
0.232 0.973 0. -207.643 0.973 -0.232 -0. 479.955 0. 0. -1. 0.
0.234 0.972 0. -207.610 0.972 -0.234 -0. 480.085 0. 0. -1. 0.
0.235 0.972 0. -207.572 0.972 -0.235 -0. 480.223 0. 0. -1. 0.
0.234 0.972 0. -207.535 0.972 -0.234 -0. 480.368 0. 0. -1. 0.
0.232 0.973 0. -207.441 0.973 -0.232 -0. 480.418 0. 0. -1. 0.
0.232 0.973 0. -207.496 0.973 -0.232 -0. 480.589 0. 0. -1. 0.
0.238 0.971 0. -207.374 0.971 -0.238 -0. 480.634 0. 0. -1. 0.
0.236 0.972 0. -207.485 0.972 -0.236 -0. 480.754 0. 0. -1. 0.
0.241 0.971 0. -207.444 0.971 -0.241 -0. 480.780 0. 0. -1. 0.
0.242 0.970 0. -207.394 0.970 -0.242 -0. 480.819 0. 0. -1. 0.
0.240 0.971 0. -207.391 0.971 -0.240 -0. 480.886 0. 0. -1. 0.
0.240 0.971 0. -207.410 0.971 -0.240 -0. 480.928 0. 0. -1. 0.
0.240 0.971 0. -207.341 0.971 -0.240 -0. 480.973 0. 0. -1. 0.
0.239 0.971 0. -207.363 0.971 -0.239 -0. 480.990 0. 0. -1. 0.
0.236 0.972 0. -207.350 0.972 -0.236 -0. 481.058 0. 0. -1. 0.
0.234 0.972 0. -207.380 0.972 -0.234 -0. 481.119 0. 0. -1. 0.
0.236 0.972 0. -207.367 0.972 -0.236 -0. 481.140 0. 0. -1. 0.
0.236 0.972 0. -207.346 0.972 -0.236 -0. 481.173 0. 0. -1. 0.
0.237 0.971 0. -207.349 0.971 -0.237 -0. 481.204 0. 0. -1. 0.
0.239 0.971 0. -207.343 0.971 -0.239 -0. 481.241 0. 0. -1. 0.
0.240 0.971 0. -207.326 0.971 -0.240 -0. 481.259 0. 0. -1. 0.
0.238 0.971 0. -207.296 0.971 -0.238 -0. 481.276 0. 0. -1. 0.
0.237 0.971 0. -207.295 0.971 -0.237 -0. 481.347 0. 0. -1. 0.
0.240 0.971 0. -207.290 0.971 -0.240 -0. 481.422 0. 0. -1. 0.
0.245 0.970 0. -207.237 0.970 -0.245 -0. 481.541 0. 0. -1. 0.
0.246 0.969 0. -207.183 0.969 -0.246 -0. 481.685 0. 0. -1. 0.
0.246 0.969 0. -207.179 0.969 -0.246 -0. 481.859 0. 0. -1. 0.
0.243 0.970 0. -207.088 0.970 -0.243 -0. 482.045 0. 0. -1. 0.
0.239 0.971 0. -207.040 0.971 -0.239 -0. 482.349 0. 0. -1. 0.
0.242 0.970 0. -206.961 0.970 -0.242 -0. 482.649 0. 0. -1. 0.
0.248 0.969 0. -206.789 0.969 -0.248 -0. 483.085 0. 0. -1. 0.
0.251 0.968 0. -206.686 0.968 -0.251 -0. 483.625 0. 0. -1. 0.
0.250 0.968 0. -206.554 0.968 -0.250 -0. 484.190 0. 0. -1. 0.
0.246 0.969 0. -206.377 0.969 -0.246 -0. 484.859 0. 0. -1. 0.
0.249 0.969 0. -206.142 0.969 -0.249 -0. 485.612 0. 0. -1. 0.
0.250 0.968 0. -205.948 0.968 -0.250 -0. 486.402 0. 0. -1. 0.
0.249 0.968 0. -205.716 0.968 -0.249 -0. 487.280 0. 0. -1. 0.
0.253 0.968 0. -205.391 0.968 -0.253 -0. 488.233 0. 0. -1. 0.
0.255 0.967 0. -205.150 0.967 -0.255 -0. 489.156 0. 0. -1. 0.
0.256 0.967 0. -204.888 0.967 -0.256 -0. 490.233 0. 0. -1. 0.
0.251 0.968 0. -204.489 0.968 -0.251 -0. 491.256 0. 0. -1. 0.
0.250 0.968 0. -204.243 0.968 -0.250 -0. 492.448 0. 0. -1. 0.
0.250 0.968 0. -203.919 0.968 -0.250 -0. 493.630 0. 0. -1. 0.
0.248 0.969 0. -203.536 0.969 -0.248 -0. 494.895 0. 0. -1. 0.
0.257 0.966 0. -203.209 0.966 -0.257 -0. 496.202 0. 0. -1. 0.
0.249 0.969 0. -202.801 0.969 -0.249 -0. 497.543 0. 0. -1. 0.
0.252 0.968 0. -202.421 0.968 -0.252 -0. 499.019 0. 0. -1. 0.
0.251 0.968 0. -202.016 0.968 -0.251 -0. 500.529 0. 0. -1. 0.
0.253 0.967 0. -201.579 0.967 -0.253 -0. 502.129 0. 0. -1. 0.
0.257 0.966 0. -201.157 0.966 -0.257 -0. 503.752 0. 0. -1. 0.
0.254 0.967 0. -200.709 0.967 -0.254 -0. 505.410 0. 0. -1. 0.
0.249 0.969 0. -200.207 0.969 -0.249 -0. 507.163 0. 0. -1. 0.
0.250 0.968 0. -199.699 0.968 -0.250 -0. 508.952 0. 0. -1. 0.
0.254 0.967 0. -199.232 0.967 -0.254 -0. 510.717 0. 0. -1. 0.
0.249 0.968 0. -198.724 0.968 -0.249 -0. 512.550 0. 0. -1. 0.
0.245 0.969 0. -198.233 0.969 -0.245 -0. 514.483 0. 0. -1. 0.
0.247 0.969 0. -197.661 0.969 -0.247 -0. 516.522 0. 0. -1. 0.
0.246 0.969 0. -197.157 0.969 -0.246 -0. 518.454 0. 0. -1. 0.
0.251 0.968 0. -196.643 0.968 -0.251 -0. 520.551 0. 0. -1. 0.
0.247 0.969 0. -196.060 0.969 -0.247 -0. 522.577 0. 0. -1. 0.
0.242 0.970 0. -195.440 0.970 -0.242 -0. 524.818 0. 0. -1. 0.
0.241 0.970 0. -194.960 0.970 -0.241 -0. 527.062 0. 0. -1. 0.
0.248 0.969 0. -194.244 0.969 -0.248 -0. 529.156 0. 0. -1. 0.
0.245 0.970 0. -193.692 0.970 -0.245 -0. 531.341 0. 0. -1. 0.
0.250 0.968 0. -193.148 0.968 -0.250 -0. 533.664 0. 0. -1. 0.
0.260 0.966 0. -192.502 0.966 -0.260 -0. 535.880 0. 0. -1. 0.
0.265 0.964 0. -191.904 0.964 -0.265 -0. 538.116 0. 0. -1. 0.
0.271 0.962 0. -191.182 0.962 -0.271 -0. 540.459 0. 0. -1. 0.
0.265 0.964 0. -190.393 0.964 -0.265 -0. 542.720 0. 0. -1. 0.
0.259 0.966 0. -189.812 0.966 -0.259 -0. 545.128 0. 0. -1. 0.
0.263 0.965 0. -189.074 0.965 -0.263 -0. 547.474 0. 0. -1. 0.
0.266 0.964 0. -188.395 0.964 -0.266 -0. 549.981 0. 0. -1. 0.
0.268 0.963 0. -187.616 0.963 -0.268 -0. 552.462 0. 0. -1. 0.
0.260 0.966 0. -186.930 0.966 -0.260 -0. 554.946 0. 0. -1. 0.
0.257 0.966 0. -186.272 0.966 -0.257 -0. 557.464 0. 0. -1. 0.
0.254 0.967 0. -185.558 0.967 -0.254 -0. 560.033 0. 0. -1. 0.
0.247 0.969 0. -184.812 0.969 -0.247 -0. 562.572 0. 0. -1. 0.
0.239 0.971 0. -184.133 0.971 -0.239 -0. 565.195 0. 0. -1. 0.
0.235 0.972 0. -183.309 0.972 -0.235 -0. 567.887 0. 0. -1. 0.
0.231 0.973 0. -182.714 0.973 -0.231 -0. 570.474 0. 0. -1. 0.
0.226 0.974 0. -182.076 0.974 -0.226 -0. 573.144 0. 0. -1. 0.
0.216 0.976 0. -181.266 0.976 -0.216 -0. 575.849 0. 0. -1. 0.
0.210 0.978 0. -180.657 0.978 -0.210 -0. 578.679 0. 0. -1. 0.
0.202 0.979 0. -180.062 0.979 -0.202 -0. 581.339 0. 0. -1. 0.
0.199 0.980 0. -179.490 0.980 -0.199 -0. 584.155 0. 0. -1. 0.
0.198 0.980 0. -178.860 0.980 -0.198 -0. 586.951 0. 0. -1. 0.
0.194 0.981 0. -178.211 0.981 -0.194 -0. 589.809 0. 0. -1. 0.
0.191 0.982 0. -177.510 0.982 -0.191 -0. 592.765 0. 0. -1. 0.
0.186 0.983 0. -176.980 0.983 -0.186 -0. 595.647 0. 0. -1. 0.
0.180 0.984 0. -176.533 0.984 -0.180 -0. 598.489 0. 0. -1. 0.
0.174 0.985 0. -176.000 0.985 -0.174 -0. 601.387 0. 0. -1. 0.
0.165 0.986 0. -175.460 0.986 -0.165 -0. 604.317 0. 0. -1. 0.
0.158 0.988 0. -174.941 0.988 -0.158 -0. 607.271 0. 0. -1. 0.
0.151 0.989 0. -174.428 0.989 -0.151 -0. 610.155 0. 0. -1. 0.
0.144 0.990 0. -173.981 0.990 -0.144 -0. 613.017 0. 0. -1. 0.
0.139 0.990 0. -173.445 0.990 -0.139 -0. 615.873 0. 0. -1. 0.
0.136 0.991 0. -173.057 0.991 -0.136 -0. 618.770 0. 0. -1. 0.
0.136 0.991 0. -172.546 0.991 -0.136 -0. 621.609 0. 0. -1. 0.
0.134 0.991 0. -172.161 0.991 -0.134 -0. 624.352 0. 0. -1. 0.
0.133 0.991 0. -171.822 0.991 -0.133 -0. 626.930 0. 0. -1. 0.
0.129 0.992 0. -171.378 0.992 -0.129 -0. 629.563 0. 0. -1. 0.
0.117 0.993 0. -171.035 0.993 -0.117 -0. 632.059 0. 0. -1. 0.
0.120 0.993 0. -170.729 0.993 -0.120 -0. 634.591 0. 0. -1. 0.
0.119 0.993 0. -170.404 0.993 -0.119 -0. 636.853 0. 0. -1. 0.
0.107 0.994 0. -169.984 0.994 -0.107 -0. 639.129 0. 0. -1. 0.
