1617128628173077 1.00000 0.00000 0.00000 -0.00000 0.00000 -1.00000 0.00000 0.00000 0.00000 -0.00000 -1.00000 0.00000
1617128628423073 1.00000 0.00186 0.00000 0.01717 0.00186 -1.00000 0.00000 -0.06212 0.00000 -0.00000 -1.00000 -0.00000
1617128628673082 1.00000 0.00093 0.00000 0.01193 0.00093 -1.00000 0.00000 -0.06138 0.00000 -0.00000 -1.00000 -0.00000
1617128628922456 1.00000 -0.00090 0.00000 0.04011 -0.00090 -1.00000 0.00000 -0.07718 -0.00000 -0.00000 -1.00000 -0.00000
1617128629172465 0.99998 -0.00592 0.00000 0.02253 -0.00592 -0.99998 0.00000 -0.02422 -0.00000 -0.00000 -1.00000 -0.00000
1617128629421212 1.00000 -0.00029 0.00000 0.04510 -0.00029 -1.00000 0.00000 -0.06460 -0.00000 -0.00000 -1.00000 -0.00000
1617128629671230 1.00000 0.00122 -0.00000 0.00719 0.00122 -1.00000 0.00000 -0.04192 0.00000 -0.00000 -1.00000 -0.00000
1617128629921226 1.00000 0.00130 0.00000 0.01323 0.00130 -1.00000 0.00000 -0.07649 0.00000 -0.00000 -1.00000 -0.00000
1617128630171859 1.00000 0.00003 0.00000 -0.00062 0.00003 -1.00000 0.00000 0.00390 0.00000 -0.00000 -1.00000 0.00000
1617128630421859 1.00000 0.00119 0.00000 0.01503 0.00119 -1.00000 0.00000 -0.05277 0.00000 -0.00000 -1.00000 -0.00000
1617128630672489 1.00000 0.00109 0.00000 0.00874 0.00109 -1.00000 0.00000 -0.01572 0.00000 -0.00000 -1.00000 -0.00000
1617128630922489 1.00000 0.00089 0.00000 0.00980 0.00089 -1.00000 0.00000 -0.01876 0.00000 -0.00000 -1.00000 -0.00000
1617128631173121 1.00000 -0.00012 0.00000 0.00221 -0.00012 -1.00000 0.00000 0.01392 -0.00000 -0.00000 -1.00000 0.00000
1617128631423125 1.00000 -0.00130 0.00000 -0.00829 -0.00130 -1.00000 0.00000 -0.03901 -0.00000 -0.00000 -1.00000 -0.00000
1617128631673758 1.00000 -0.00285 0.00000 0.01769 -0.00285 -1.00000 0.00000 -0.02382 -0.00000 -0.00000 -1.00000 -0.00000
1617128631923137 1.00000 -0.00034 0.00000 0.00458 -0.00034 -1.00000 0.00000 -0.02148 -0.00000 -0.00000 -1.00000 -0.00000
1617128632172516 1.00000 0.00137 0.00000 -0.03603 0.00137 -1.00000 0.00000 -0.04494 0.00000 -0.00000 -1.00000 -0.00000
1617128632421891 0.99996 -0.00945 0.00000 -0.07448 -0.00945 -0.99996 0.00000 -0.09332 -0.00000 -0.00000 -1.00000 -0.00000
1617128632671268 0.99999 -0.00364 0.00000 -0.14491 -0.00364 -0.99999 0.00000 -0.06176 -0.00000 -0.00000 -1.00000 -0.00000
1617128632921271 0.99998 -0.00604 0.00000 -0.22970 -0.00604 -0.99998 0.00000 -0.03052 -0.00000 -0.00000 -1.00000 -0.00000
1617128633171283 0.99994 -0.01068 0.00000 -0.32566 -0.01068 -0.99994 0.00000 -0.05004 -0.00000 -0.00000 -1.00000 -0.00000
1617128633421279 0.99996 -0.00871 0.00000 -0.57754 -0.00871 -0.99996 0.00000 -0.05256 -0.00000 -0.00000 -1.00000 -0.00000
1617128633671902 0.99975 -0.02257 -0.00000 -0.83313 -0.02257 -0.99975 0.00000 -0.08495 -0.00000 -0.00000 -1.00000 -0.00000
1617128633921915 0.99955 -0.02987 -0.00000 -1.25567 -0.02987 -0.99955 0.00000 -0.10927 -0.00000 -0.00000 -1.00000 -0.00000
1617128634172544 0.99916 -0.04087 0.00000 -1.82927 -0.04087 -0.99916 0.00000 -0.04828 -0.00000 -0.00000 -1.00000 -0.00000
1617128634422544 0.99900 -0.04477 -0.00000 -2.40831 -0.04477 -0.99900 0.00000 -0.12039 -0.00000 -0.00000 -1.00000 -0.00000
1617128634673171 0.99821 -0.05982 -0.00000 -3.09711 -0.05982 -0.99821 0.00000 -0.00534 -0.00000 -0.00000 -1.00000 -0.00000
1617128634923805 0.99792 -0.06439 0.00000 -3.84491 -0.06439 -0.99792 0.00000 0.08868 -0.00000 -0.00000 -1.00000 0.00000
1617128635173820 0.99746 -0.07119 0.00000 -4.71183 -0.07119 -0.99746 0.00000 0.05680 -0.00000 -0.00000 -1.00000 0.00000
1617128635423188 0.99719 -0.07496 0.00000 -5.65501 -0.07496 -0.99719 0.00000 0.07431 -0.00000 -0.00000 -1.00000 0.00000
1617128635672574 0.99671 -0.08100 0.00000 -6.64460 -0.08100 -0.99671 0.00000 0.09927 -0.00000 -0.00000 -1.00000 0.00000
1617128635921938 0.99693 -0.07830 0.00000 -7.68427 -0.07830 -0.99693 0.00000 0.06910 -0.00000 -0.00000 -1.00000 0.00000
1617128636171953 0.99591 -0.09035 0.00000 -8.73192 -0.09035 -0.99591 0.00000 0.15034 -0.00000 -0.00000 -1.00000 0.00000
1617128636421329 0.99631 -0.08585 0.00000 -9.84649 -0.08585 -0.99631 0.00000 0.03876 -0.00000 -0.00000 -1.00000 0.00000
1617128636671962 0.99570 -0.09266 0.00000 -10.99681 -0.09266 -0.99570 0.00000 0.25241 -0.00000 -0.00000 -1.00000 0.00000
1617128636921956 0.99603 -0.08898 0.00000 -12.14692 -0.08898 -0.99603 0.00000 0.09351 -0.00000 -0.00000 -1.00000 0.00000
1617128637172585 0.99507 -0.09916 0.00000 -13.47221 -0.09916 -0.99507 0.00000 0.13466 -0.00000 -0.00000 -1.00000 0.00000
1617128637421969 0.99637 -0.08517 0.00000 -14.73790 -0.08517 -0.99637 0.00000 0.00168 -0.00000 -0.00000 -1.00000 0.00000
1617128637672605 0.99636 -0.08521 0.00000 -16.08454 -0.08521 -0.99636 0.00000 -0.02037 -0.00000 -0.00000 -1.00000 -0.00000
1617128637923228 0.99645 -0.08415 0.00000 -17.39421 -0.08415 -0.99645 0.00000 -0.04255 -0.00000 -0.00000 -1.00000 -0.00000
1617128638173233 0.99738 -0.07230 0.00000 -18.89394 -0.07230 -0.99738 0.00000 -0.34580 -0.00000 -0.00000 -1.00000 -0.00000
1617128638423230 0.99807 -0.06216 0.00000 -20.35674 -0.06216 -0.99807 0.00000 -0.57987 -0.00000 -0.00000 -1.00000 -0.00000
1617128638672621 0.99833 -0.05781 0.00000 -21.83243 -0.05781 -0.99833 0.00000 -0.76274 -0.00000 -0.00000 -1.00000 -0.00000
1617128638921991 0.99878 -0.04946 0.00000 -23.35926 -0.04946 -0.99878 0.00000 -0.96679 -0.00000 -0.00000 -1.00000 -0.00000
1617128639171993 0.99874 -0.05010 0.00000 -24.94467 -0.05010 -0.99874 0.00000 -0.88073 -0.00000 -0.00000 -1.00000 -0.00000
1617128639421375 0.99926 -0.03851 0.00000 -26.58836 -0.03851 -0.99926 0.00000 -1.25043 -0.00000 -0.00000 -1.00000 -0.00000
1617128639671386 0.99944 -0.03361 0.00000 -28.18717 -0.03361 -0.99944 0.00000 -1.43691 -0.00000 -0.00000 -1.00000 -0.00000
1617128639921381 0.99977 -0.02155 0.00000 -29.91907 -0.02155 -0.99977 0.00000 -1.83292 -0.00000 -0.00000 -1.00000 -0.00000
1617128640171391 0.99995 -0.01011 0.00000 -31.50739 -0.01011 -0.99995 0.00000 -2.10812 -0.00000 -0.00000 -1.00000 -0.00000
1617128640421394 0.99995 -0.01035 0.00000 -33.30127 -0.01035 -0.99995 0.00000 -2.17637 -0.00000 -0.00000 -1.00000 -0.00000
1617128640671400 0.99998 0.00642 -0.00000 -35.00201 0.00642 -0.99998 0.00000 -2.80431 0.00000 -0.00000 -1.00000 -0.00000
1617128640921396 0.99989 0.01483 0.00000 -36.73434 0.01483 -0.99989 0.00000 -2.98062 0.00000 -0.00000 -1.00000 -0.00000
1617128641170778 0.99967 0.02560 0.00000 -38.46967 0.02560 -0.99967 0.00000 -3.51903 0.00000 -0.00000 -1.00000 -0.00000
1617128641421411 0.99954 0.03033 0.00000 -40.35856 0.03033 -0.99954 0.00000 -3.68243 0.00000 -0.00000 -1.00000 -0.00000
1617128641672041 0.99943 0.03372 0.00000 -42.22886 0.03372 -0.99943 0.00000 -3.75186 0.00000 -0.00000 -1.00000 -0.00000
1617128641922036 0.99916 0.04100 0.00000 -44.13072 0.04100 -0.99916 0.00000 -4.20478 0.00000 -0.00000 -1.00000 -0.00000
1617128642172667 0.99928 0.03797 0.00000 -46.08434 0.03797 -0.99928 0.00000 -4.02367 0.00000 -0.00000 -1.00000 -0.00000
1617128642422672 0.99900 0.04476 0.00000 -48.03123 0.04476 -0.99900 0.00000 -4.37471 0.00000 -0.00000 -1.00000 -0.00000
1617128642673310 0.99911 0.04216 0.00000 -50.03807 0.04216 -0.99911 0.00000 -4.31888 0.00000 -0.00000 -1.00000 -0.00000
1617128642923310 0.99895 0.04584 -0.00000 -52.07199 0.04584 -0.99895 0.00000 -4.51489 0.00000 -0.00000 -1.00000 -0.00000
1617128643173314 0.99868 0.05138 0.00000 -54.12893 0.05138 -0.99868 0.00000 -4.86209 0.00000 -0.00000 -1.00000 -0.00000
1617128643422064 0.99849 0.05493 0.00000 -56.15304 0.05493 -0.99849 0.00000 -5.13440 0.00000 -0.00000 -1.00000 -0.00000
1617128643672071 0.99852 0.05441 -0.00000 -58.33346 0.05441 -0.99852 0.00000 -5.11836 0.00000 -0.00000 -1.00000 -0.00000
1617128643921443 0.99809 0.06178 0.00000 -60.40340 0.06178 -0.99809 0.00000 -5.62737 0.00000 -0.00000 -1.00000 -0.00000
1617128644170825 0.99789 0.06487 0.00000 -62.53383 0.06487 -0.99789 0.00000 -5.85044 0.00000 -0.00000 -1.00000 -0.00000
1617128644421452 0.99845 0.05559 -0.00000 -64.68673 0.05559 -0.99845 0.00000 -5.20289 0.00000 -0.00000 -1.00000 -0.00000
1617128644671462 0.99810 0.06168 0.00000 -66.82959 0.06168 -0.99810 0.00000 -5.74944 0.00000 -0.00000 -1.00000 -0.00000
1617128644922087 0.99845 0.05559 -0.00000 -69.02942 0.05559 -0.99845 0.00000 -5.22374 0.00000 -0.00000 -1.00000 -0.00000
1617128645172096 0.99882 0.04854 0.00000 -71.19168 0.04854 -0.99882 0.00000 -4.72118 0.00000 -0.00000 -1.00000 -0.00000
1617128645422092 0.99877 0.04968 0.00000 -73.38129 0.04968 -0.99877 0.00000 -4.82027 0.00000 -0.00000 -1.00000 -0.00000
1617128645672107 0.99882 0.04865 0.00000 -75.49979 0.04865 -0.99882 0.00000 -4.82127 0.00000 -0.00000 -1.00000 -0.00000
1617128645922729 0.99954 0.03019 0.00000 -77.71557 0.03019 -0.99954 0.00000 -3.32766 0.00000 -0.00000 -1.00000 -0.00000
1617128646172734 0.99984 0.01792 0.00000 -79.87601 0.01792 -0.99984 0.00000 -2.48016 0.00000 -0.00000 -1.00000 -0.00000
1617128646423357 0.99993 -0.01170 0.00000 -82.05411 -0.01170 -0.99993 0.00000 -0.08094 -0.00000 -0.00000 -1.00000 -0.00000
1617128646673362 0.99855 -0.05389 0.00000 -84.01743 -0.05389 -0.99855 0.00000 3.46806 -0.00000 -0.00000 -1.00000 0.00000
1617128646922744 0.99564 -0.09323 0.00000 -85.91279 -0.09323 -0.99564 0.00000 6.79368 -0.00000 -0.00000 -1.00000 0.00000
1617128647171499 0.99024 -0.13938 0.00000 -87.52130 -0.13938 -0.99024 0.00000 10.61486 -0.00000 -0.00000 -1.00000 0.00000
1617128647420877 0.98138 -0.19210 0.00000 -88.85671 -0.19210 -0.98138 0.00000 15.30813 -0.00000 -0.00000 -1.00000 0.00000
1617128647670886 0.96734 -0.25349 -0.00000 -89.68810 -0.25349 -0.96734 0.00000 20.98143 -0.00000 -0.00000 -1.00000 0.00000
1617128647920259 0.95223 -0.30538 0.00000 -90.42486 -0.30538 -0.95223 0.00000 25.51454 -0.00000 -0.00000 -1.00000 0.00000
1617128648170887 0.93394 -0.35743 -0.00000 -90.77248 -0.35743 -0.93394 0.00000 30.55540 -0.00000 -0.00000 -1.00000 0.00000
1617128648420892 0.90925 -0.41626 0.00000 -90.51979 -0.41626 -0.90925 0.00000 36.32272 -0.00000 -0.00000 -1.00000 0.00000
1617128648670901 0.88102 -0.47308 0.00000 -89.97170 -0.47308 -0.88102 0.00000 41.98659 -0.00000 -0.00000 -1.00000 0.00000
1617128648920898 0.84822 -0.52964 0.00000 -88.99749 -0.52964 -0.84822 0.00000 47.66161 -0.00000 -0.00000 -1.00000 0.00000
1617128649171534 0.81390 -0.58101 0.00000 -87.77977 -0.58101 -0.81390 0.00000 53.19857 -0.00000 -0.00000 -1.00000 0.00000
1617128649421533 0.77525 -0.63165 0.00000 -86.14598 -0.63165 -0.77525 0.00000 58.69088 -0.00000 -0.00000 -1.00000 0.00000
1617128649671535 0.72926 -0.68424 0.00000 -83.62495 -0.68424 -0.72926 0.00000 64.55009 -0.00000 -0.00000 -1.00000 0.00000
1617128649921542 0.68182 -0.73152 0.00000 -80.90978 -0.73152 -0.68182 0.00000 70.00689 -0.00000 -0.00000 -1.00000 0.00000
1617128650172167 0.62262 -0.78253 0.00000 -77.00404 -0.78253 -0.62262 0.00000 76.11268 -0.00000 -0.00000 -1.00000 0.00000
1617128650421546 0.57337 -0.81929 0.00000 -73.94991 -0.81929 -0.57337 0.00000 80.58041 -0.00000 -0.00000 -1.00000 0.00000
1617128650671552 0.52396 -0.85174 0.00000 -70.76596 -0.85174 -0.52396 0.00000 84.69456 -0.00000 -0.00000 -1.00000 0.00000
1617128650921560 0.47832 -0.87819 0.00000 -68.00012 -0.87819 -0.47832 0.00000 88.25613 -0.00000 -0.00000 -1.00000 0.00000
1617128651171602 0.44414 -0.89596 0.00000 -66.24351 -0.89596 -0.44414 0.00000 91.05237 -0.00000 -0.00000 -1.00000 0.00000
1617128651421566 0.41331 -0.91059 0.00000 -64.93500 -0.91059 -0.41331 0.00000 93.02039 -0.00000 -0.00000 -1.00000 0.00000
1617128651672194 0.38581 -0.92258 -0.00000 -63.87977 -0.92258 -0.38581 0.00000 94.99643 -0.00000 -0.00000 -1.00000 0.00000
1617128651922197 0.37743 -0.92604 0.00000 -64.81003 -0.92604 -0.37743 0.00000 95.59079 -0.00000 -0.00000 -1.00000 0.00000
1617128652172203 0.37212 -0.92819 0.00000 -66.14465 -0.92819 -0.37212 0.00000 95.95912 -0.00000 -0.00000 -1.00000 0.00000
1617128652422204 0.37783 -0.92587 0.00000 -68.67150 -0.92587 -0.37783 0.00000 95.62225 -0.00000 -0.00000 -1.00000 0.00000
1617128652672207 0.38770 -0.92178 -0.00000 -71.54560 -0.92178 -0.38770 0.00000 94.85867 -0.00000 -0.00000 -1.00000 0.00000
1617128652922840 0.38935 -0.92109 0.00000 -73.65944 -0.92109 -0.38935 0.00000 94.70116 -0.00000 -0.00000 -1.00000 0.00000
1617128653172847 0.40223 -0.91554 0.00000 -76.92723 -0.91554 -0.40223 0.00000 93.36804 -0.00000 -0.00000 -1.00000 0.00000
1617128653423474 0.41328 -0.91060 0.00000 -80.04147 -0.91060 -0.41328 0.00000 92.53748 -0.00000 -0.00000 -1.00000 0.00000
1617128653673485 0.42834 -0.90362 0.00000 -83.54773 -0.90362 -0.42834 0.00000 91.00057 -0.00000 -0.00000 -1.00000 0.00000
1617128653924108 0.44163 -0.89720 -0.00000 -86.96787 -0.89720 -0.44163 0.00000 89.87232 -0.00000 -0.00000 -1.00000 0.00000
1617128654173480 0.46308 -0.88631 0.00000 -91.06709 -0.88631 -0.46308 0.00000 87.60687 -0.00000 -0.00000 -1.00000 0.00000
1617128654422866 0.48245 -0.87592 0.00000 -94.97782 -0.87592 -0.48245 0.00000 85.51256 -0.00000 -0.00000 -1.00000 0.00000
1617128654672245 0.50217 -0.86477 0.00000 -98.89255 -0.86477 -0.50217 0.00000 83.42143 -0.00000 -0.00000 -1.00000 0.00000
1617128654921622 0.51326 -0.85824 0.00000 -101.94198 -0.85824 -0.51326 0.00000 81.98495 -0.00000 -0.00000 -1.00000 0.00000
1617128655171629 0.52426 -0.85156 -0.00000 -104.94885 -0.85156 -0.52426 0.00000 80.78722 -0.00000 -0.00000 -1.00000 0.00000
1617128655421628 0.54448 -0.83877 0.00000 -108.80185 -0.83877 -0.54448 0.00000 78.19115 -0.00000 -0.00000 -1.00000 0.00000
1617128655672259 0.55878 -0.82932 0.00000 -112.10178 -0.82932 -0.55878 0.00000 76.26260 -0.00000 -0.00000 -1.00000 0.00000
1617128655922260 0.57996 -0.81465 0.00000 -115.93994 -0.81465 -0.57996 0.00000 73.25661 -0.00000 -0.00000 -1.00000 0.00000
1617128656172904 0.60050 -0.79962 0.00000 -119.65921 -0.79962 -0.60050 0.00000 70.28664 -0.00000 -0.00000 -1.00000 0.00000
1617128656422894 0.62455 -0.78099 0.00000 -123.53723 -0.78099 -0.62455 0.00000 66.41413 -0.00000 -0.00000 -1.00000 0.00000
1617128656673531 0.64376 -0.76523 0.00000 -127.11953 -0.76523 -0.64376 0.00000 63.48493 -0.00000 -0.00000 -1.00000 0.00000
1617128656923527 0.66891 -0.74334 0.00000 -130.92346 -0.74334 -0.66891 0.00000 58.99398 -0.00000 -0.00000 -1.00000 0.00000
1617128657174154 0.68631 -0.72731 0.00000 -134.17620 -0.72731 -0.68631 0.00000 55.93635 -0.00000 -0.00000 -1.00000 0.00000
1617128657423535 0.70297 -0.71121 0.00000 -137.17843 -0.71121 -0.70297 0.00000 52.74262 -0.00000 -0.00000 -1.00000 0.00000
1617128657672916 0.71667 -0.69741 0.00000 -139.94105 -0.69741 -0.71667 0.00000 50.05849 -0.00000 -0.00000 -1.00000 0.00000
1617128657922298 0.72562 -0.68810 0.00000 -142.26487 -0.68810 -0.72562 0.00000 48.29970 -0.00000 -0.00000 -1.00000 0.00000
1617128658172301 0.73430 -0.67883 0.00000 -144.46150 -0.67883 -0.73430 0.00000 46.46339 -0.00000 -0.00000 -1.00000 0.00000
1617128658421056 0.74408 -0.66809 0.00000 -146.82316 -0.66809 -0.74408 0.00000 44.42293 -0.00000 -0.00000 -1.00000 0.00000
1617128658671053 0.75869 -0.65146 0.00000 -149.38068 -0.65146 -0.75869 0.00000 41.12487 -0.00000 -0.00000 -1.00000 0.00000
1617128658921060 0.77926 -0.62670 0.00000 -152.19165 -0.62670 -0.77926 0.00000 36.16616 -0.00000 -0.00000 -1.00000 0.00000
1617128659171700 0.80530 -0.59287 0.00000 -155.06157 -0.59287 -0.80530 0.00000 29.68962 -0.00000 -0.00000 -1.00000 0.00000
1617128659421693 0.84573 -0.53362 0.00000 -158.18475 -0.53362 -0.84573 0.00000 18.46747 -0.00000 -0.00000 -1.00000 0.00000
1617128659672326 0.88565 -0.46435 0.00000 -160.46641 -0.46435 -0.88565 0.00000 5.74919 -0.00000 -0.00000 -1.00000 0.00000
1617128659922326 0.92551 -0.37873 0.00000 -161.61470 -0.37873 -0.92551 0.00000 -9.53290 -0.00000 -0.00000 -1.00000 -0.00000
1617128660172647 0.95850 -0.28511 0.00000 -161.03814 -0.28511 -0.95850 0.00000 -25.50015 -0.00000 -0.00000 -1.00000 -0.00000
1617128660422955 0.98402 -0.17803 0.00000 -158.30762 -0.17803 -0.98402 0.00000 -43.07487 -0.00000 -0.00000 -1.00000 -0.00000
1617128660673588 0.99874 -0.05017 0.00000 -152.58141 -0.05017 -0.99874 0.00000 -62.92386 -0.00000 -0.00000 -1.00000 -0.00000
1617128660923588 0.99481 0.10177 0.00000 -142.25981 0.10177 -0.99481 0.00000 -85.39621 0.00000 -0.00000 -1.00000 -0.00000
1617128661173589 0.96404 0.26576 0.00000 -127.17186 0.26576 -0.96404 0.00000 -107.78377 0.00000 -0.00000 -1.00000 -0.00000
1617128661423597 0.90504 0.42533 0.00000 -108.00210 0.42533 -0.90504 0.00000 -127.75008 0.00000 -0.00000 -1.00000 -0.00000
1617128661672987 0.81286 0.58246 0.00000 -83.99513 0.58246 -0.81286 0.00000 -145.16300 0.00000 -0.00000 -1.00000 -0.00000
1617128661922357 0.68948 0.72430 0.00000 -56.27615 0.72430 -0.68948 0.00000 -158.27234 0.00000 -0.00000 -1.00000 -0.00000
1617128662171734 0.53434 0.84527 0.00000 -25.15538 0.84527 -0.53434 0.00000 -166.19361 0.00000 -0.00000 -1.00000 -0.00000
1617128662422363 0.36277 0.93188 0.00000 6.21941 0.93188 -0.36277 0.00000 -167.88008 0.00000 -0.00000 -1.00000 -0.00000
1617128662672996 0.17774 0.98408 0.00000 37.27472 0.98408 -0.17774 0.00000 -163.54020 0.00000 -0.00000 -1.00000 -0.00000
1617128662923620 -0.01890 0.99982 0.00000 67.78112 0.99982 0.01890 0.00000 -153.07345 0.00000 0.00000 -1.00000 -0.00000
1617128663174249 -0.20201 0.97938 0.00000 93.77660 0.97938 0.20201 0.00000 -137.93488 0.00000 0.00000 -1.00000 -0.00000
1617128663424251 -0.37787 0.92586 -0.00000 116.55974 0.92586 0.37787 0.00000 -118.33011 0.00000 0.00000 -1.00000 -0.00000
1617128663673638 -0.53531 0.84465 0.00000 134.59710 0.84465 0.53531 0.00000 -95.89512 0.00000 0.00000 -1.00000 -0.00000
1617128663923638 -0.65442 0.75613 0.00000 146.21999 0.75613 0.65442 0.00000 -74.83348 0.00000 0.00000 -1.00000 -0.00000
1617128664173011 -0.75548 0.65517 -0.00000 154.37989 0.65517 0.75548 0.00000 -53.21033 0.00000 0.00000 -1.00000 -0.00000
1617128664422395 -0.82714 0.56200 0.00000 158.45638 0.56200 0.82714 0.00000 -34.79739 0.00000 0.00000 -1.00000 -0.00000
1617128664672399 -0.88064 0.47379 0.00000 160.12834 0.47379 0.88064 0.00000 -18.21469 0.00000 0.00000 -1.00000 -0.00000
1617128664923031 -0.91144 0.41142 -0.00000 159.73139 0.41142 0.91144 0.00000 -7.10213 0.00000 0.00000 -1.00000 -0.00000
1617128665173660 -0.93330 0.35910 0.00000 158.69723 0.35910 0.93330 0.00000 1.97827 0.00000 0.00000 -1.00000 0.00000
1617128665424284 -0.94255 0.33407 0.00000 157.33199 0.33407 0.94255 0.00000 6.30492 0.00000 0.00000 -1.00000 0.00000
1617128665673662 -0.95029 0.31137 0.00000 155.97252 0.31137 0.95029 0.00000 10.00373 0.00000 0.00000 -1.00000 0.00000
1617128665923043 -0.95322 0.30228 0.00000 154.52637 0.30228 0.95322 0.00000 11.57324 0.00000 0.00000 -1.00000 0.00000
1617128666172425 -0.95197 0.30619 -0.00000 153.24145 0.30619 0.95197 0.00000 10.81212 0.00000 0.00000 -1.00000 0.00000
1617128666421803 -0.95133 0.30818 0.00000 151.83566 0.30818 0.95133 0.00000 10.61355 0.00000 0.00000 -1.00000 0.00000
1617128666671808 -0.94336 0.33178 0.00000 150.67536 0.33178 0.94336 0.00000 6.79545 0.00000 0.00000 -1.00000 0.00000
1617128666921809 -0.93539 0.35362 0.00000 149.24273 0.35362 0.93539 0.00000 3.25508 0.00000 0.00000 -1.00000 0.00000
1617128667172461 -0.92309 0.38458 0.00000 147.85225 0.38458 0.92309 0.00000 -1.68712 0.00000 0.00000 -1.00000 -0.00000
1617128667422441 -0.90733 0.42041 0.00000 146.06642 0.42041 0.90733 0.00000 -7.56381 0.00000 0.00000 -1.00000 -0.00000
1617128667672450 -0.88491 0.46576 0.00000 143.89409 0.46576 0.88491 0.00000 -15.02610 0.00000 0.00000 -1.00000 -0.00000
1617128667923079 -0.86308 0.50507 0.00000 141.53366 0.50507 0.86308 0.00000 -21.49867 0.00000 0.00000 -1.00000 -0.00000
1617128668173086 -0.83535 0.54972 0.00000 138.41106 0.54972 0.83535 0.00000 -28.96242 0.00000 0.00000 -1.00000 -0.00000
1617128668423088 -0.80723 0.59024 -0.00000 135.24389 0.59024 0.80723 0.00000 -35.71383 0.00000 0.00000 -1.00000 -0.00000
1617128668673089 -0.77639 0.63025 0.00000 131.51488 0.63025 0.77639 0.00000 -42.42989 0.00000 0.00000 -1.00000 -0.00000
1617128668923717 -0.73969 0.67294 0.00000 127.21809 0.67294 0.73969 0.00000 -49.80137 0.00000 0.00000 -1.00000 -0.00000
1617128669173722 -0.70437 0.70983 0.00000 122.76894 0.70983 0.70437 0.00000 -56.28675 0.00000 0.00000 -1.00000 -0.00000
1617128669423724 -0.66284 0.74876 0.00000 117.52943 0.74876 0.66284 0.00000 -63.30009 0.00000 0.00000 -1.00000 -0.00000
1617128669673115 -0.61826 0.78597 0.00000 111.79040 0.78597 0.61826 0.00000 -69.87663 0.00000 0.00000 -1.00000 -0.00000
1617128669922486 -0.57126 0.82077 0.00000 105.76947 0.82077 0.57126 0.00000 -76.37191 0.00000 0.00000 -1.00000 -0.00000
1617128670171869 -0.52753 0.84954 0.00000 99.81802 0.84954 0.52753 0.00000 -81.75954 0.00000 0.00000 -1.00000 -0.00000
1617128670421242 -0.49222 0.87047 0.00000 94.52248 0.87047 0.49222 0.00000 -85.94385 0.00000 0.00000 -1.00000 -0.00000
1617128670671871 -0.45085 0.89260 -0.00000 88.41173 0.89260 0.45085 0.00000 -90.26087 0.00000 0.00000 -1.00000 -0.00000
1617128670921876 -0.42424 0.90555 -0.00000 83.94134 0.90555 0.42424 0.00000 -92.82871 0.00000 0.00000 -1.00000 -0.00000
1617128671171880 -0.39464 0.91884 -0.00000 78.90105 0.91884 0.39464 0.00000 -95.73616 0.00000 0.00000 -1.00000 -0.00000
1617128671422508 -0.37109 0.92860 0.00000 74.53741 0.92860 0.37109 0.00000 -97.60770 0.00000 0.00000 -1.00000 -0.00000
1617128671672516 -0.35708 0.93407 -0.00000 71.13024 0.93407 0.35708 0.00000 -98.77420 0.00000 0.00000 -1.00000 -0.00000
1617128671923144 -0.33703 0.94149 -0.00000 66.99697 0.94149 0.33703 0.00000 -100.38002 0.00000 0.00000 -1.00000 -0.00000
1617128672173147 -0.32715 0.94497 0.00000 63.99921 0.94497 0.32715 0.00000 -100.99904 0.00000 0.00000 -1.00000 -0.00000
1617128672423149 -0.33304 0.94291 0.00000 62.67591 0.94291 0.33304 0.00000 -100.64856 0.00000 0.00000 -1.00000 -0.00000
1617128672673777 -0.33624 0.94178 0.00000 61.03877 0.94178 0.33624 0.00000 -100.50765 0.00000 0.00000 -1.00000 -0.00000
1617128672923780 -0.36424 0.93131 0.00000 62.08432 0.93131 0.36424 0.00000 -98.61596 0.00000 0.00000 -1.00000 -0.00000
1617128673173863 -0.38835 0.92151 -0.00000 62.77337 0.92151 0.38835 0.00000 -97.26738 0.00000 0.00000 -1.00000 -0.00000
1617128673423795 -0.42521 0.90509 0.00000 64.57643 0.90509 0.42521 0.00000 -94.57157 0.00000 0.00000 -1.00000 -0.00000
1617128673673175 -0.46869 0.88337 0.00000 67.21076 0.88337 0.46869 0.00000 -91.35840 0.00000 0.00000 -1.00000 -0.00000
1617128673923172 -0.51777 0.85552 -0.00000 70.36500 0.85552 0.51777 0.00000 -87.45166 0.00000 0.00000 -1.00000 -0.00000
1617128674172553 -0.56472 0.82528 0.00000 73.28080 0.82528 0.56472 0.00000 -83.61163 0.00000 0.00000 -1.00000 -0.00000
1617128674423181 -0.60830 0.79371 0.00000 75.78927 0.79371 0.60830 0.00000 -79.55682 0.00000 0.00000 -1.00000 -0.00000
1617128674673186 -0.65524 0.75542 0.00000 78.65562 0.75542 0.65524 0.00000 -75.11995 0.00000 0.00000 -1.00000 -0.00000
1617128674923815 -0.70445 0.70975 0.00000 81.74978 0.70975 0.70445 0.00000 -69.75326 0.00000 0.00000 -1.00000 -0.00000
1617128675173824 -0.75148 0.65975 0.00000 84.47514 0.65975 0.75148 0.00000 -63.93214 0.00000 0.00000 -1.00000 -0.00000
1617128675423820 -0.79125 0.61150 0.00000 86.27014 0.61150 0.79125 0.00000 -58.44593 0.00000 0.00000 -1.00000 -0.00000
1617128675673208 -0.82693 0.56231 0.00000 87.69488 0.56231 0.82693 0.00000 -53.21212 0.00000 0.00000 -1.00000 -0.00000
1617128675922583 -0.86153 0.50771 -0.00000 89.04526 0.50771 0.86153 0.00000 -47.40659 0.00000 0.00000 -1.00000 -0.00000
1617128676171957 -0.89056 0.45487 0.00000 90.01281 0.45487 0.89056 0.00000 -42.03077 0.00000 0.00000 -1.00000 -0.00000
1617128676421960 -0.91869 0.39499 0.00000 90.54522 0.39499 0.91869 0.00000 -36.02049 0.00000 0.00000 -1.00000 -0.00000
1617128676671966 -0.94129 0.33760 0.00000 90.72166 0.33760 0.94129 0.00000 -30.40627 0.00000 0.00000 -1.00000 -0.00000
1617128676922599 -0.96207 0.27282 0.00000 90.75672 0.27282 0.96207 0.00000 -24.32012 0.00000 0.00000 -1.00000 -0.00000
1617128677173224 -0.97614 0.21716 0.00000 90.05412 0.21716 0.97614 0.00000 -19.02918 0.00000 0.00000 -1.00000 -0.00000
1617128677423855 -0.98753 0.15744 0.00000 89.19779 0.15744 0.98753 0.00000 -13.57156 0.00000 0.00000 -1.00000 -0.00000
1617128677674495 -0.99387 0.11059 -0.00000 87.66054 0.11059 0.99387 0.00000 -9.30396 0.00000 0.00000 -1.00000 -0.00000
1617128677924489 -0.99749 0.07075 0.00000 85.95691 0.07075 0.99749 0.00000 -5.80155 0.00000 0.00000 -1.00000 -0.00000
1617128678174496 -0.99913 0.04161 0.00000 84.05775 0.04161 0.99913 0.00000 -3.31142 0.00000 0.00000 -1.00000 -0.00000
1617128678423868 -0.99995 0.01023 0.00000 82.09453 0.01023 0.99995 0.00000 -0.73813 0.00000 0.00000 -1.00000 -0.00000
1617128678672630 -0.99998 -0.00635 0.00000 80.03672 -0.00635 0.99998 0.00000 0.62247 -0.00000 0.00000 -1.00000 0.00000
1617128678922005 -0.99981 -0.01962 0.00000 77.88483 -0.01962 0.99981 0.00000 1.71165 -0.00000 0.00000 -1.00000 0.00000
1617128679172005 -0.99963 -0.02709 0.00000 75.72431 -0.02709 0.99963 0.00000 2.27073 -0.00000 0.00000 -1.00000 0.00000
1617128679422013 -0.99965 -0.02629 -0.00000 73.62132 -0.02629 0.99965 0.00000 2.11579 -0.00000 0.00000 -1.00000 0.00000
1617128679672019 -0.99936 -0.03572 0.00000 71.44699 -0.03572 0.99936 0.00000 2.85889 -0.00000 0.00000 -1.00000 0.00000
1617128679922020 -0.99913 -0.04159 -0.00000 69.24111 -0.04159 0.99913 0.00000 3.19907 -0.00000 0.00000 -1.00000 0.00000
1617128680172647 -0.99931 -0.03713 0.00000 67.05426 -0.03713 0.99931 0.00000 2.82178 -0.00000 0.00000 -1.00000 0.00000
1617128680423280 -0.99931 -0.03711 0.00000 64.96885 -0.03711 0.99931 0.00000 2.78452 -0.00000 0.00000 -1.00000 0.00000
1617128680673280 -0.99922 -0.03942 0.00000 62.82873 -0.03942 0.99922 0.00000 2.90089 -0.00000 0.00000 -1.00000 0.00000
1617128680923286 -0.99947 -0.03247 0.00000 60.73568 -0.03247 0.99947 0.00000 2.42099 -0.00000 0.00000 -1.00000 0.00000
1617128681173923 -0.99937 -0.03560 0.00000 58.60472 -0.03560 0.99937 0.00000 2.48456 -0.00000 0.00000 -1.00000 0.00000
1617128681424540 -0.99947 -0.03247 -0.00000 56.48792 -0.03247 0.99947 0.00000 2.38269 -0.00000 0.00000 -1.00000 0.00000
1617128681673923 -0.99943 -0.03385 0.00000 54.43230 -0.03385 0.99943 0.00000 2.45770 -0.00000 0.00000 -1.00000 0.00000
1617128681923301 -0.99969 -0.02486 0.00000 52.45634 -0.02486 0.99969 0.00000 1.91418 -0.00000 0.00000 -1.00000 0.00000
1617128682173305 -0.99991 -0.01342 -0.00000 50.39856 -0.01342 0.99991 0.00000 1.37297 -0.00000 0.00000 -1.00000 0.00000
1617128682422055 -1.00000 0.00083 0.00000 48.46202 0.00083 1.00000 0.00000 0.66069 0.00000 0.00000 -1.00000 0.00000
1617128682672059 -0.99987 0.01587 0.00000 46.36279 0.01587 0.99987 0.00000 -0.22952 0.00000 0.00000 -1.00000 -0.00000
1617128682922065 -0.99932 0.03694 0.00000 44.31443 0.03694 0.99932 0.00000 -1.13193 0.00000 0.00000 -1.00000 -0.00000
1617128683172082 -0.99910 0.04233 0.00000 42.33579 0.04233 0.99910 0.00000 -1.47027 0.00000 0.00000 -1.00000 -0.00000
1617128683422698 -0.99930 0.03747 -0.00000 40.30680 0.03747 0.99930 0.00000 -1.18531 0.00000 0.00000 -1.00000 -0.00000
1617128683673325 -0.99953 0.03059 0.00000 38.32665 0.03059 0.99953 0.00000 -1.06009 0.00000 0.00000 -1.00000 -0.00000
1617128683923955 -0.99980 0.02006 -0.00000 36.31047 0.02006 0.99980 0.00000 -0.72282 0.00000 0.00000 -1.00000 -0.00000
1617128684173336 -0.99992 0.01233 0.00000 34.28408 0.01233 0.99992 0.00000 -0.47521 0.00000 0.00000 -1.00000 -0.00000
1617128684423337 -0.99995 0.00978 0.00000 32.26707 0.00978 0.99995 0.00000 -0.32121 0.00000 0.00000 -1.00000 -0.00000
1617128684672725 -1.00000 0.00246 0.00000 30.16835 0.00246 1.00000 0.00000 -0.15530 0.00000 0.00000 -1.00000 -0.00000
1617128684922101 -0.99997 0.00722 -0.00000 28.12115 0.00722 0.99997 0.00000 -0.25983 0.00000 0.00000 -1.00000 -0.00000
1617128685172105 -0.99993 0.01163 0.00000 26.00836 0.01163 0.99993 0.00000 -0.44318 0.00000 0.00000 -1.00000 -0.00000
1617128685422107 -0.99990 0.01439 0.00000 23.88404 0.01439 0.99990 0.00000 -0.56076 0.00000 0.00000 -1.00000 -0.00000
1617128685672750 -0.99978 0.02078 0.00000 21.69612 0.02078 0.99978 0.00000 -0.71207 0.00000 0.00000 -1.00000 -0.00000
1617128685923362 -0.99947 0.03252 0.00000 19.52152 0.03252 0.99947 0.00000 -0.97960 0.00000 0.00000 -1.00000 -0.00000
1617128686173366 -0.99921 0.03979 0.00000 17.28040 0.03979 0.99921 0.00000 -1.23567 0.00000 0.00000 -1.00000 -0.00000
1617128686423367 -0.99908 0.04297 0.00000 15.07570 0.04297 0.99908 0.00000 -1.34646 0.00000 0.00000 -1.00000 -0.00000
1617128686673378 -0.99902 0.04429 0.00000 12.85947 0.04429 0.99902 0.00000 -1.48443 0.00000 0.00000 -1.00000 -0.00000
1617128686924006 -0.99901 0.04454 0.00000 10.65623 0.04454 0.99901 0.00000 -1.44247 0.00000 0.00000 -1.00000 -0.00000
1617128687174629 -0.99887 0.04749 0.00000 8.48602 0.04749 0.99887 0.00000 -1.49862 0.00000 0.00000 -1.00000 -0.00000
1617128687424010 -0.99916 0.04108 0.00000 6.32087 0.04108 0.99916 0.00000 -1.44163 0.00000 0.00000 -1.00000 -0.00000
1617128687673391 -0.99877 0.04956 0.00000 4.08039 0.04956 0.99877 0.00000 -1.52130 0.00000 0.00000 -1.00000 -0.00000
1617128687922770 -0.99876 0.04970 0.00000 1.91088 0.04970 0.99876 0.00000 -1.40589 0.00000 0.00000 -1.00000 -0.00000
1617128688172152 -0.99859 0.05303 0.00000 -0.26845 0.05303 0.99859 0.00000 -1.59498 0.00000 0.00000 -1.00000 -0.00000
1617128688421530 -0.99897 0.04530 0.00000 -2.48279 0.04530 0.99897 0.00000 -1.64179 0.00000 0.00000 -1.00000 -0.00000
1617128688671530 -0.99908 0.04283 0.00000 -4.63745 0.04283 0.99908 0.00000 -1.78314 0.00000 0.00000 -1.00000 -0.00000
1617128688922159 -0.99931 0.03715 0.00000 -6.84100 0.03715 0.99931 0.00000 -1.83429 0.00000 0.00000 -1.00000 -0.00000
1617128689172178 -0.99950 0.03149 0.00000 -9.07295 0.03149 0.99950 0.00000 -1.91446 0.00000 0.00000 -1.00000 -0.00000
1617128689422794 -0.99936 0.03582 0.00000 -11.19767 0.03582 0.99936 0.00000 -1.89457 0.00000 0.00000 -1.00000 -0.00000
1617128689672796 -0.99954 0.03038 0.00000 -13.43656 0.03038 0.99954 0.00000 -1.94693 0.00000 0.00000 -1.00000 -0.00000
1617128689923424 -0.99948 0.03240 -0.00000 -15.60771 0.03240 0.99948 0.00000 -1.97230 0.00000 0.00000 -1.00000 -0.00000
1617128690174060 -0.99979 0.02047 0.00000 -17.72353 0.02047 0.99979 0.00000 -2.16338 0.00000 0.00000 -1.00000 -0.00000
1617128690424058 -0.99987 0.01605 0.00000 -20.04133 0.01605 0.99987 0.00000 -2.33194 0.00000 0.00000 -1.00000 -0.00000
1617128690674067 -0.99982 0.01898 0.00000 -22.17299 0.01898 0.99982 0.00000 -2.17507 0.00000 0.00000 -1.00000 -0.00000
1617128690923444 -0.99977 0.02146 0.00000 -24.42988 0.02146 0.99977 0.00000 -2.09803 0.00000 0.00000 -1.00000 -0.00000
1617128691172827 -0.99991 0.01364 0.00000 -26.55347 0.01364 0.99991 0.00000 -2.57026 0.00000 0.00000 -1.00000 -0.00000
1617128691422203 -0.99997 0.00751 0.00000 -28.75721 0.00751 0.99997 0.00000 -2.79646 0.00000 0.00000 -1.00000 -0.00000
1617128691672207 -0.99997 0.00715 0.00000 -30.94854 0.00715 0.99997 0.00000 -2.64714 0.00000 0.00000 -1.00000 -0.00000
1617128691922207 -1.00000 0.00222 0.00000 -33.16684 0.00222 1.00000 0.00000 -2.97571 0.00000 0.00000 -1.00000 -0.00000
1617128692172838 -1.00000 -0.00154 0.00000 -35.43125 -0.00154 1.00000 0.00000 -3.06551 -0.00000 0.00000 -1.00000 -0.00000
1617128692423468 -1.00000 -0.00185 0.00000 -37.43912 -0.00185 1.00000 0.00000 -2.94843 -0.00000 0.00000 -1.00000 -0.00000
1617128692673476 -0.99997 -0.00734 0.00000 -39.65720 -0.00734 0.99997 0.00000 -3.16596 -0.00000 0.00000 -1.00000 -0.00000
1617128692923472 -0.99999 -0.00352 0.00000 -41.77172 -0.00352 0.99999 0.00000 -3.10458 -0.00000 0.00000 -1.00000 -0.00000
1617128693174104 -0.99999 -0.00511 0.00000 -43.87240 -0.00511 0.99999 0.00000 -3.24842 -0.00000 0.00000 -1.00000 -0.00000
1617128693424105 -0.99998 -0.00686 -0.00000 -45.99506 -0.00686 0.99998 0.00000 -3.34824 -0.00000 0.00000 -1.00000 -0.00000
1617128693674122 -0.99993 -0.01205 0.00000 -48.02955 -0.01205 0.99993 0.00000 -3.58798 -0.00000 0.00000 -1.00000 -0.00000
1617128693924115 -0.99993 -0.01176 0.00000 -50.04283 -0.01176 0.99993 0.00000 -3.68185 -0.00000 0.00000 -1.00000 -0.00000
1617128694174110 -0.99996 -0.00881 -0.00000 -51.92387 -0.00881 0.99996 0.00000 -3.41065 -0.00000 0.00000 -1.00000 -0.00000
1617128694423494 -1.00000 0.00140 0.00000 -53.87569 0.00140 1.00000 0.00000 -3.04130 0.00000 0.00000 -1.00000 -0.00000
1617128694672878 -1.00000 0.00114 0.00000 -55.62342 0.00114 1.00000 0.00000 -2.85252 0.00000 0.00000 -1.00000 -0.00000
1617128694922259 -0.99940 0.03451 0.00000 -57.39870 0.03451 0.99940 0.00000 -1.26802 0.00000 0.00000 -1.00000 -0.00000
1617128695171639 -0.99901 0.04447 0.00000 -59.01672 0.04447 0.99901 0.00000 -0.60163 0.00000 0.00000 -1.00000 -0.00000
1617128695421639 -0.99601 0.08928 0.00000 -60.57142 0.08928 0.99601 0.00000 1.82315 0.00000 0.00000 -1.00000 0.00000
1617128695671646 -0.99264 0.12113 -0.00000 -61.84195 0.12113 0.99264 0.00000 3.86536 0.00000 0.00000 -1.00000 0.00000
1617128695921648 -0.98394 0.17850 -0.00000 -62.87115 0.17850 0.98394 0.00000 7.31758 0.00000 0.00000 -1.00000 0.00000
1617128696172274 -0.97021 0.24228 0.00000 -63.48023 0.24228 0.97021 0.00000 11.53265 0.00000 0.00000 -1.00000 0.00000
1617128696422276 -0.95230 0.30518 0.00000 -63.73690 0.30518 0.95230 0.00000 15.64217 0.00000 0.00000 -1.00000 0.00000
1617128696672280 -0.92517 0.37955 -0.00000 -63.44257 0.37955 0.92517 0.00000 20.63141 0.00000 0.00000 -1.00000 0.00000
1617128696922281 -0.88782 0.46019 0.00000 -62.48373 0.46019 0.88782 0.00000 26.14041 0.00000 0.00000 -1.00000 0.00000
1617128697172914 -0.83002 0.55774 -0.00000 -60.21288 0.55774 0.83002 0.00000 33.01937 0.00000 0.00000 -1.00000 0.00000
1617128697422919 -0.75957 0.65043 -0.00000 -57.03922 0.65043 0.75957 0.00000 39.79377 0.00000 0.00000 -1.00000 0.00000
1617128697672297 -0.67874 0.73438 0.00000 -53.06860 0.73438 0.67874 0.00000 46.08838 0.00000 0.00000 -1.00000 0.00000
1617128697922291 -0.58170 0.81341 -0.00000 -47.90694 0.81341 0.58170 0.00000 52.27721 0.00000 0.00000 -1.00000 0.00000
1617128698172306 -0.50664 0.86216 0.00000 -43.98294 0.86216 0.50664 0.00000 56.26017 0.00000 0.00000 -1.00000 0.00000
1617128698422935 -0.41351 0.91050 0.00000 -39.03285 0.91050 0.41351 0.00000 60.65215 0.00000 0.00000 -1.00000 0.00000
1617128698672940 -0.32434 0.94594 0.00000 -33.90343 0.94594 0.32434 0.00000 64.16429 0.00000 0.00000 -1.00000 0.00000
1617128698922940 -0.24357 0.96988 -0.00000 -29.48011 0.96988 0.24357 0.00000 66.71716 0.00000 0.00000 -1.00000 0.00000
1617128699172947 -0.16823 0.98575 0.00000 -25.38902 0.98575 0.16823 0.00000 68.79565 0.00000 0.00000 -1.00000 0.00000
1617128699422951 -0.11368 0.99352 -0.00000 -22.74025 0.99352 0.11368 0.00000 70.10006 0.00000 0.00000 -1.00000 0.00000
1617128699672957 -0.07989 0.99680 0.00000 -21.76408 0.99680 0.07989 0.00000 70.55603 0.00000 0.00000 -1.00000 0.00000
1617128699922959 -0.05521 0.99847 0.00000 -21.27409 0.99847 0.05521 0.00000 71.14456 0.00000 0.00000 -1.00000 0.00000
1617128700172966 -0.04353 0.99905 0.00000 -21.91399 0.99905 0.04353 0.00000 71.47008 0.00000 0.00000 -1.00000 0.00000
1617128700423587 -0.03778 0.99929 0.00000 -22.91301 0.99929 0.03778 0.00000 71.52807 0.00000 0.00000 -1.00000 0.00000
1617128700673599 -0.03581 0.99936 -0.00000 -24.43188 0.99936 0.03581 0.00000 71.40556 0.00000 0.00000 -1.00000 0.00000
1617128700924227 -0.02306 0.99973 0.00000 -25.05747 0.99973 0.02306 0.00000 71.67229 0.00000 0.00000 -1.00000 0.00000
1617128701174233 -0.02078 0.99978 0.00000 -26.60936 0.99978 0.02078 0.00000 71.72742 0.00000 0.00000 -1.00000 0.00000
1617128701424237 -0.00530 0.99999 0.00000 -27.17621 0.99999 0.00530 0.00000 71.99005 0.00000 0.00000 -1.00000 0.00000
1617128701673619 -0.00285 1.00000 0.00000 -28.66373 1.00000 0.00285 0.00000 72.16964 0.00000 0.00000 -1.00000 0.00000
1617128701923618 0.01323 0.99991 0.00000 -29.26282 0.99991 -0.01323 0.00000 72.50143 0.00000 -0.00000 -1.00000 0.00000
1617128702172374 0.02688 0.99964 0.00000 -29.96628 0.99964 -0.02688 0.00000 73.04561 0.00000 -0.00000 -1.00000 0.00000
1617128702422372 0.05319 0.99858 0.00000 -29.87301 0.99858 -0.05319 0.00000 73.58276 0.00000 -0.00000 -1.00000 0.00000
1617128702672379 0.08015 0.99678 0.00000 -29.71199 0.99678 -0.08015 0.00000 74.46387 0.00000 -0.00000 -1.00000 0.00000
1617128702923011 0.11081 0.99384 0.00000 -29.23219 0.99384 -0.11081 0.00000 75.16762 0.00000 -0.00000 -1.00000 0.00000
1617128703173012 0.13565 0.99076 0.00000 -29.20909 0.99076 -0.13565 0.00000 76.04214 0.00000 -0.00000 -1.00000 0.00000
1617128703423017 0.16124 0.98692 0.00000 -29.07147 0.98692 -0.16124 0.00000 76.61020 0.00000 -0.00000 -1.00000 0.00000
1617128703673021 0.17637 0.98432 0.00000 -29.83680 0.98432 -0.17637 0.00000 77.05171 0.00000 -0.00000 -1.00000 0.00000
1617128703923023 0.17678 0.98425 0.00000 -31.65970 0.98425 -0.17678 0.00000 77.00538 0.00000 -0.00000 -1.00000 0.00000
1617128704173028 0.18016 0.98364 -0.00000 -33.53671 0.98364 -0.18016 0.00000 76.98969 0.00000 -0.00000 -1.00000 0.00000
1617128704423657 0.17421 0.98471 0.00000 -35.97642 0.98471 -0.17421 0.00000 76.81173 0.00000 -0.00000 -1.00000 0.00000
1617128704673662 0.15663 0.98766 0.00000 -39.13007 0.98766 -0.15663 0.00000 76.09183 0.00000 -0.00000 -1.00000 0.00000
1617128704923662 0.12460 0.99221 -0.00000 -43.65004 0.99221 -0.12460 0.00000 74.72675 0.00000 -0.00000 -1.00000 0.00000
1617128705174290 0.09921 0.99507 0.00000 -47.65450 0.99507 -0.09921 0.00000 73.54331 0.00000 -0.00000 -1.00000 0.00000
1617128705424294 0.08092 0.99672 0.00000 -51.07311 0.99672 -0.08092 0.00000 72.56641 0.00000 -0.00000 -1.00000 0.00000
1617128705674932 0.05731 0.99836 0.00000 -54.77383 0.99836 -0.05731 0.00000 71.35927 0.00000 -0.00000 -1.00000 0.00000
1617128705924309 0.03181 0.99949 0.00000 -58.62368 0.99949 -0.03181 0.00000 69.80657 0.00000 -0.00000 -1.00000 0.00000
1617128706173688 0.01278 0.99992 0.00000 -61.93666 0.99992 -0.01278 0.00000 68.67158 0.00000 -0.00000 -1.00000 0.00000
1617128706423062 -0.00026 1.00000 -0.00000 -64.91020 1.00000 0.00026 0.00000 67.76535 0.00000 0.00000 -1.00000 0.00000
1617128706673072 -0.00494 0.99999 0.00000 -67.22231 0.99999 0.00494 0.00000 67.50538 0.00000 0.00000 -1.00000 0.00000
1617128706923074 -0.00039 1.00000 -0.00000 -68.84577 1.00000 0.00039 0.00000 67.69664 0.00000 0.00000 -1.00000 0.00000
1617128707173084 -0.00075 1.00000 0.00000 -70.87498 1.00000 0.00075 0.00000 67.70934 0.00000 0.00000 -1.00000 0.00000
1617128707423079 -0.00298 1.00000 0.00000 -72.94982 1.00000 0.00298 0.00000 67.49741 0.00000 0.00000 -1.00000 0.00000
1617128707673707 -0.00648 0.99998 0.00000 -75.10771 0.99998 0.00648 0.00000 67.18959 0.00000 0.00000 -1.00000 0.00000
1617128707923712 -0.00539 0.99999 0.00000 -76.83727 0.99999 0.00539 0.00000 67.27560 0.00000 0.00000 -1.00000 0.00000
1617128708174346 -0.00759 0.99997 -0.00000 -78.85536 0.99997 0.00759 0.00000 67.14311 0.00000 0.00000 -1.00000 0.00000
1617128708424350 -0.02177 0.99976 -0.00000 -81.45668 0.99976 0.02177 0.00000 65.97318 0.00000 0.00000 -1.00000 0.00000
1617128708674350 -0.04968 0.99877 0.00000 -84.97035 0.99877 0.04968 0.00000 63.63782 0.00000 0.00000 -1.00000 0.00000
1617128708923732 -0.09161 0.99579 0.00000 -89.21362 0.99579 0.09161 0.00000 59.96701 0.00000 0.00000 -1.00000 0.00000
1617128709173732 -0.13975 0.99019 0.00000 -93.58785 0.99019 0.13975 0.00000 55.48001 0.00000 0.00000 -1.00000 0.00000
1617128709422486 -0.20925 0.97786 0.00000 -98.77544 0.97786 0.20925 0.00000 48.61714 0.00000 0.00000 -1.00000 0.00000
1617128709672496 -0.28745 0.95780 -0.00000 -103.95409 0.95780 0.28745 0.00000 40.58186 0.00000 0.00000 -1.00000 0.00000
1617128709922493 -0.37263 0.92798 0.00000 -108.61879 0.92798 0.37263 0.00000 30.88850 0.00000 0.00000 -1.00000 0.00000
1617128710172498 -0.45939 0.88823 0.00000 -112.50035 0.88823 0.45939 0.00000 20.33503 0.00000 0.00000 -1.00000 0.00000
1617128710422499 -0.53480 0.84498 0.00000 -115.29607 0.84498 0.53480 0.00000 10.39175 0.00000 0.00000 -1.00000 0.00000
1617128710673132 -0.60702 0.79468 0.00000 -117.17346 0.79468 0.60702 0.00000 0.25569 0.00000 0.00000 -1.00000 0.00000
1617128710923759 -0.68351 0.72994 0.00000 -118.08852 0.72994 0.68351 0.00000 -11.48382 0.00000 0.00000 -1.00000 -0.00000
1617128711173760 -0.75711 0.65329 0.00000 -117.53912 0.65329 0.75711 0.00000 -23.97569 0.00000 0.00000 -1.00000 -0.00000
