1. 0. 0. 0. 0. 1. 0. 0. 0. 0. 1. 0.
1. 0. 0. 0.000 -0. 1. -0. 0. -0. 0. 1. 0.
1. 0. 0. 0.000 -0. 1. -0. 0.000 -0. 0. 1. 0.
1. 0. 0. 0.000 -0. 1. -0. 0.000 -0. 0. 1. 0.
1. -0. 0. 0.001 0. 1. 0. 0.000 0. 0. 1. 0.
1. -0. 0. 0.001 0. 1. 0. 0.000 0. 0. 1. 0.
1. -0. 0. 0.001 0. 1. 0. 0.000 0. 0. 1. 0.
1. -0. 0. 0.001 0. 1. 0. 0.000 0. 0. 1. 0.
1. -0. 0. 0.001 0. 1. 0. 0.000 0. 0. 1. 0.
1. -0. 0. 0.001 0. 1. 0. 0.000 0. 0. 1. 0.
1. -0. 0. 0.001 0. 1. 0. 0.000 0. 0. 1. 0.
1. -0. 0. 0.001 0. 1. 0. 0.000 0. 0. 1. 0.
1. -0. 0. 0.001 0. 1. 0. 0.000 0. 0. 1. 0.
1. -0. 0. 0.001 0. 1. 0. 0.000 0. 0. 1. 0.
1. -0. 0. 0.001 0. 1. 0. 0.000 0. 0. 1. 0.
1. -0. 0. 0.001 0. 1. 0. 0.000 0. 0. 1. 0.
1. -0. 0. 0.002 0. 1. 0. 0.001 0. 0. 1. 0.
1. -0. 0. 0.002 0. 1. 0. 0.001 0. 0. 1. 0.
1. -0. 0. 0.002 0. 1. 0. 0.001 0. 0. 1. 0.
1. -0. 0. 0.002 0. 1. 0. 0.001 0. 0. 1. 0.
1. -0. 0. 0.002 0. 1. 0. 0.001 0. 0. 1. 0.
1. -0. 0. 0.003 0. 1. 0. 0.001 0. 0. 1. 0.
1. -0.000 0. 0.003 0.000 1. 0. 0.001 0. 0. 1. 0.
1. -0.000 0. 0.003 0.000 1. 0. 0.001 0. 0. 1. 0.
1. -0.000 0. 0.003 0.000 1. 0. 0.001 0. 0. 1. 0.
1. -0.000 0. 0.003 0.000 1. 0. 0.001 0. 0. 1. 0.
1. -0.000 0. 0.003 0.000 1. 0. 0.001 0. 0. 1. 0.
1. -0.000 0. 0.003 0.000 1. 0. 0.001 0. 0. 1. 0.
1. -0.000 0. 0.003 0.000 1. 0. 0.001 0. 0. 1. 0.
1. -0.000 0. 0.003 0.000 1. 0. 0.001 0. 0. 1. 0.
1. -0.000 0. 0.003 0.000 1. 0. 0.001 0. 0. 1. 0.
1. -0.000 0. 0.003 0.000 1. 0. 0.001 0. 0. 1. 0.
1. -0.000 0. 0.003 0.000 1. 0. 0.001 0. 0. 1. 0.
1. -0.000 0. 0.003 0.000 1. 0. 0.001 0. 0. 1. 0.
1. -0.000 0. 0.003 0.000 1. 0. 0.001 0. 0. 1. 0.
1. -0.000 0. 0.003 0.000 1. 0. 0.001 0. 0. 1. 0.
1. -0.000 0. 0.003 0.000 1. 0. 0.001 0. 0. 1. 0.
1. -0.000 0. 0.003 0.000 1. 0. 0.002 0. 0. 1. 0.
1. -0.000 0. 0.003 0.000 1. 0. 0.002 0. 0. 1. 0.
1. -0.000 0. 0.003 0.000 1. 0. 0.002 0. 0. 1. 0.
1. -0.000 0. 0.003 0.000 1. 0. 0.002 0. 0. 1. 0.
1. -0.000 0. 0.003 0.000 1. 0. 0.002 0. 0. 1. 0.
1. -0.000 0. 0.003 0.000 1. 0. 0.002 0. 0. 1. 0.
1. -0.000 0. 0.003 0.000 1. 0. 0.002 0. 0. 1. 0.
1. -0.000 0. 0.003 0.000 1. 0. 0.002 0. 0. 1. 0.
1. -0.000 0. 0.003 0.000 1. 0. 0.002 0. 0. 1. 0.
1. -0.000 0. 0.003 0.000 1. 0. 0.002 0. 0. 1. 0.
1. -0.000 0. 0.004 0.000 1. 0. 0.002 0. 0. 1. 0.
1. -0.000 0. 0.004 0.000 1. 0. 0.002 0. 0. 1. 0.
1. -0.000 0. 0.004 0.000 1. 0. 0.002 0. 0. 1. 0.
1. -0.000 0. 0.005 0.000 1. 0. 0.002 0. 0. 1. 0.
1. -0.000 0. 0.005 0.000 1. 0. 0.002 0. 0. 1. 0.
1. -0.000 0. 0.005 0.000 1. 0. 0.002 0. 0. 1. 0.
1. -0.000 0. 0.005 0.000 1. 0. 0.002 0. 0. 1. 0.
1. -0.000 0. 0.005 0.000 1. 0. 0.002 0. 0. 1. 0.
1. -0.000 0. 0.005 0.000 1. 0. 0.002 0. 0. 1. 0.
1. -0.000 0. 0.005 0.000 1. 0. 0.002 0. 0. 1. 0.
1. -0.000 0. 0.005 0.000 1. 0. 0.002 0. 0. 1. 0.
1. -0.000 0. 0.005 0.000 1. 0. 0.002 0. 0. 1. 0.
1. -0.000 0. 0.005 0.000 1. 0. 0.002 0. 0. 1. 0.
1. -0.000 0. 0.005 0.000 1. 0. 0.002 0. 0. 1. 0.
1. -0.000 0. 0.006 0.000 1. 0. 0.002 0. 0. 1. 0.
1. -0.000 0. 0.006 0.000 1. 0. 0.002 0. 0. 1. 0.
1. -0.000 0. 0.006 0.000 1. 0. 0.002 0. 0. 1. 0.
1. -0.000 0. 0.006 0.000 1. 0. 0.002 0. 0. 1. 0.
1. -0.000 0. 0.006 0.000 1. 0. 0.002 0. 0. 1. 0.
1. -0.000 0. 0.006 0.000 1. 0. 0.002 0. 0. 1. 0.
1. -0.000 0. 0.006 0.000 1. 0. 0.002 0. 0. 1. 0.
1. -0.000 0. 0.006 0.000 1. 0. 0.002 0. 0. 1. 0.
1. -0.000 0. 0.006 0.000 1. 0. 0.002 0. 0. 1. 0.
1. -0.000 0. 0.006 0.000 1. 0. 0.002 0. 0. 1. 0.
1. -0.000 0. 0.006 0.000 1. 0. 0.002 0. 0. 1. 0.
1. -0.000 0. 0.006 0.000 1. 0. 0.002 0. 0. 1. 0.
1. -0.000 0. 0.006 0.000 1. 0. 0.002 0. 0. 1. 0.
1. -0.000 0. 0.007 0.000 1. 0. 0.002 0. 0. 1. 0.
1. -0.000 0. 0.007 0.000 1. 0. 0.002 0. 0. 1. 0.
1. -0.000 0. 0.007 0.000 1. 0. 0.003 0. 0. 1. 0.
1. -0.000 0. 0.007 0.000 1. 0. 0.002 0. 0. 1. 0.
1. -0.000 0. 0.007 0.000 1. 0. 0.003 0. 0. 1. 0.
1. -0.000 0. 0.007 0.000 1. 0. 0.003 0. 0. 1. 0.
1. -0.000 0. 0.007 0.000 1. 0. 0.003 0. 0. 1. 0.
1. -0.000 0. 0.007 0.000 1. 0. 0.003 0. 0. 1. 0.
1. -0.000 0. 0.007 0.000 1. 0. 0.003 0. 0. 1. 0.
1. -0.000 0. 0.007 0.000 1. 0. 0.003 0. 0. 1. 0.
1. -0.000 0. 0.007 0.000 1. 0. 0.003 0. 0. 1. 0.
1. -0.000 0. 0.007 0.000 1. 0. 0.003 0. 0. 1. 0.
1. -0.000 0. 0.007 0.000 1. 0. 0.003 0. 0. 1. 0.
1. -0.000 0. 0.007 0.000 1. 0. 0.003 0. 0. 1. 0.
1. -0.000 0. 0.007 0.000 1. 0. 0.003 0. 0. 1. 0.
1. -0.001 0. 0.007 0.001 1. 0. 0.003 0. 0. 1. 0.
1. -0.001 0. 0.007 0.001 1. 0. 0.003 0. 0. 1. 0.
1. -0.001 0. 0.007 0.001 1. 0. 0.003 0. 0. 1. 0.
1. -0.001 0. 0.007 0.001 1. 0. 0.003 0. 0. 1. 0.
1. -0.001 0. 0.007 0.001 1. 0. 0.003 0. 0. 1. 0.
1. -0.001 0. 0.007 0.001 1. 0. 0.003 0. 0. 1. 0.
1. -0.001 0. 0.007 0.001 1. 0. 0.003 0. 0. 1. 0.
1. -0.001 0. 0.008 0.001 1. 0. 0.003 0. 0. 1. 0.
1. -0.001 0. 0.008 0.001 1. 0. 0.003 0. 0. 1. 0.
1. -0.001 0. 0.008 0.001 1. 0. 0.003 0. 0. 1. 0.
1. -0.001 0. 0.008 0.001 1. 0. 0.003 0. 0. 1. 0.
1. -0.001 0. 0.008 0.001 1. 0. 0.003 0. 0. 1. 0.
1. -0.001 0. 0.008 0.001 1. 0. 0.003 0. 0. 1. 0.
1. -0.001 0. 0.008 0.001 1. 0. 0.003 0. 0. 1. 0.
1. -0.001 0. 0.008 0.001 1. 0. 0.003 0. 0. 1. 0.
1. -0.001 0. 0.008 0.001 1. 0. 0.003 0. 0. 1. 0.
1. -0.001 0. 0.008 0.001 1. 0. 0.003 0. 0. 1. 0.
1. -0.001 0. 0.008 0.001 1. 0. 0.004 0. 0. 1. 0.
1. -0.001 0. 0.008 0.001 1. 0. 0.004 0. 0. 1. 0.
1. -0.001 0. 0.008 0.001 1. 0. 0.004 0. 0. 1. 0.
1. -0.001 0. 0.008 0.001 1. 0. 0.004 0. 0. 1. 0.
1. -0.001 0. 0.008 0.001 1. 0. 0.004 0. 0. 1. 0.
1. -0.001 0. 0.008 0.001 1. 0. 0.004 0. 0. 1. 0.
1. -0.001 0. 0.008 0.001 1. 0. 0.004 0. 0. 1. 0.
1. -0.001 0. 0.008 0.001 1. 0. 0.004 0. 0. 1. 0.
1. -0.001 0. 0.008 0.001 1. 0. 0.004 0. 0. 1. 0.
1. -0.001 0. 0.008 0.001 1. 0. 0.004 0. 0. 1. 0.
1. -0.001 0. 0.008 0.001 1. 0. 0.004 0. 0. 1. 0.
1. -0.001 0. 0.008 0.001 1. 0. 0.004 0. 0. 1. 0.
1. -0.001 0. 0.008 0.001 1. 0. 0.004 0. 0. 1. 0.
1. -0.001 0. 0.008 0.001 1. 0. 0.004 0. 0. 1. 0.
1. -0.001 0. 0.008 0.001 1. 0. 0.004 0. 0. 1. 0.
1. -0.001 0. 0.009 0.001 1. 0. 0.004 0. 0. 1. 0.
1. -0.001 0. 0.009 0.001 1. 0. 0.004 0. 0. 1. 0.
1. -0.001 0. 0.009 0.001 1. 0. 0.004 0. 0. 1. 0.
1. -0.001 0. 0.009 0.001 1. 0. 0.004 0. 0. 1. 0.
1. -0.001 0. 0.009 0.001 1. 0. 0.004 0. 0. 1. 0.
1. -0.001 0. 0.009 0.001 1. 0. 0.004 0. 0. 1. 0.
1. -0.001 0. 0.009 0.001 1. 0. 0.004 0. 0. 1. 0.
1. -0.001 0. 0.009 0.001 1. 0. 0.004 0. 0. 1. 0.
1. -0.001 0. 0.009 0.001 1. 0. 0.004 0. 0. 1. 0.
1. -0.001 0. 0.009 0.001 1. 0. 0.004 0. 0. 1. 0.
1. -0.001 0. 0.009 0.001 1. 0. 0.004 0. 0. 1. 0.
1. -0.001 0. 0.009 0.001 1. 0. 0.004 0. 0. 1. 0.
1. -0.001 0. 0.010 0.001 1. 0. 0.004 0. 0. 1. 0.
1. -0.001 0. 0.010 0.001 1. 0. 0.004 0. 0. 1. 0.
1. -0.001 0. 0.010 0.001 1. 0. 0.005 0. 0. 1. 0.
1. -0.001 0. 0.010 0.001 1. 0. 0.005 0. 0. 1. 0.
1. -0.001 0. 0.010 0.001 1. 0. 0.005 0. 0. 1. 0.
1. -0.001 0. 0.010 0.001 1. 0. 0.005 0. 0. 1. 0.
1. -0.001 0. 0.010 0.001 1. 0. 0.005 0. 0. 1. 0.
1. -0.001 0. 0.010 0.001 1. 0. 0.005 0. 0. 1. 0.
1. -0.001 0. 0.010 0.001 1. 0. 0.005 0. 0. 1. 0.
1. -0.001 0. 0.010 0.001 1. 0. 0.005 0. 0. 1. 0.
1. -0.001 0. 0.010 0.001 1. 0. 0.005 0. 0. 1. 0.
1. -0.001 0. 0.011 0.001 1. 0. 0.005 0. 0. 1. 0.
1. -0.001 0. 0.011 0.001 1. 0. 0.005 0. 0. 1. 0.
1. -0.001 0. 0.011 0.001 1. 0. 0.005 0. 0. 1. 0.
1. -0.001 0. 0.011 0.001 1. 0. 0.005 0. 0. 1. 0.
1. -0.001 0. 0.011 0.001 1. 0. 0.005 0. 0. 1. 0.
1. -0.001 0. 0.012 0.001 1. 0. 0.005 0. 0. 1. 0.
1. -0.001 0. 0.012 0.001 1. 0. 0.005 0. 0. 1. 0.
1. -0.001 0. 0.012 0.001 1. 0. 0.005 0. 0. 1. 0.
1. -0.001 0. 0.012 0.001 1. 0. 0.005 0. 0. 1. 0.
1. -0.001 0. 0.012 0.001 1. 0. 0.005 0. 0. 1. 0.
1. -0.001 0. 0.012 0.001 1. 0. 0.005 0. 0. 1. 0.
1. -0.001 0. 0.012 0.001 1. 0. 0.005 0. 0. 1. 0.
1. -0.001 0. 0.012 0.001 1. 0. 0.005 0. 0. 1. 0.
1. -0.001 0. 0.012 0.001 1. 0. 0.005 0. 0. 1. 0.
1. -0.001 0. 0.012 0.001 1. 0. 0.005 0. 0. 1. 0.
1. -0.001 0. 0.012 0.001 1. 0. 0.005 0. 0. 1. 0.
1. -0.001 0. 0.012 0.001 1. 0. 0.005 0. 0. 1. 0.
1. -0.001 0. 0.012 0.001 1. 0. 0.005 0. 0. 1. 0.
1. -0.001 0. 0.012 0.001 1. 0. 0.005 0. 0. 1. 0.
1. -0.001 0. 0.012 0.001 1. 0. 0.005 0. 0. 1. 0.
1. -0.001 0. 0.012 0.001 1. 0. 0.005 0. 0. 1. 0.
1. -0.001 0. 0.012 0.001 1. 0. 0.005 0. 0. 1. 0.
1. -0.001 0. 0.012 0.001 1. 0. 0.005 0. 0. 1. 0.
1. -0.001 0. 0.012 0.001 1. 0. 0.005 0. 0. 1. 0.
1. -0.001 0. 0.012 0.001 1. 0. 0.006 0. 0. 1. 0.
1. -0.001 0. 0.013 0.001 1. 0. 0.006 0. 0. 1. 0.
1. -0.001 0. 0.012 0.001 1. 0. 0.006 0. 0. 1. 0.
1. -0.001 0. 0.012 0.001 1. 0. 0.006 0. 0. 1. 0.
1. -0.001 0. 0.012 0.001 1. 0. 0.006 0. 0. 1. 0.
1. -0.001 0. 0.012 0.001 1. 0. 0.006 0. 0. 1. 0.
1. -0.001 0. 0.013 0.001 1. 0. 0.006 0. 0. 1. 0.
1. -0.001 0. 0.013 0.001 1. 0. 0.006 0. 0. 1. 0.
1. -0.001 0. 0.013 0.001 1. 0. 0.006 0. 0. 1. 0.
1. -0.001 0. 0.013 0.001 1. 0. 0.006 0. 0. 1. 0.
1. -0.001 0. 0.013 0.001 1. 0. 0.006 0. 0. 1. 0.
1. -0.001 0. 0.013 0.001 1. 0. 0.006 0. 0. 1. 0.
1. -0.001 0. 0.013 0.001 1. 0. 0.006 0. 0. 1. 0.
1. -0.001 0. 0.013 0.001 1. 0. 0.006 0. 0. 1. 0.
1. -0.001 0. 0.013 0.001 1. 0. 0.006 0. 0. 1. 0.
1. -0.001 0. 0.013 0.001 1. 0. 0.006 0. 0. 1. 0.
1. -0.001 0. 0.013 0.001 1. 0. 0.006 0. 0. 1. 0.
1. -0.001 0. 0.013 0.001 1. 0. 0.006 0. 0. 1. 0.
1. -0.001 0. 0.013 0.001 1. 0. 0.006 0. 0. 1. 0.
1. -0.001 0. 0.013 0.001 1. 0. 0.006 0. 0. 1. 0.
1. -0.001 0. 0.013 0.001 1. 0. 0.006 0. 0. 1. 0.
1. -0.001 0. 0.013 0.001 1. 0. 0.006 0. 0. 1. 0.
1. -0.001 0. 0.013 0.001 1. 0. 0.006 0. 0. 1. 0.
1. -0.001 0. 0.013 0.001 1. 0. 0.007 0. 0. 1. 0.
1. -0.001 0. 0.013 0.001 1. 0. 0.007 0. 0. 1. 0.
1. -0.001 0. 0.014 0.001 1. 0. 0.007 0. 0. 1. 0.
1. -0.001 0. 0.023 0.001 1. 0. 0.007 0. 0. 1. 0.
1. -0.002 0. 0.028 0.002 1. 0. 0.007 0. 0. 1. 0.
1. -0.004 0. 0.058 0.004 1. 0. 0.006 0. 0. 1. 0.
1. -0.006 0. 0.080 0.006 1. 0. 0.003 0. 0. 1. 0.
1. -0.011 0. 0.135 0.011 1. 0. 0.001 0. 0. 1. 0.
1.000 -0.017 0. 0.212 0.017 1.000 0. -0.003 0. 0. 1. 0.
1.000 -0.026 0. 0.366 0.026 1.000 0. -0.001 0. 0. 1. 0.
0.999 -0.038 0. 0.618 0.038 0.999 0. 0.013 0. 0. 1. 0.
0.999 -0.050 0. 0.929 0.050 0.999 0. 0.032 0. 0. 1. 0.
0.998 -0.064 0. 1.309 0.064 0.998 0. 0.063 0. 0. 1. 0.
0.997 -0.079 0. 1.775 0.079 0.997 0. 0.104 0. 0. 1. 0.
0.996 -0.094 0. 2.316 0.094 0.996 0. 0.156 0. 0. 1. 0.
0.994 -0.107 0. 2.933 0.107 0.994 0. 0.223 0. 0. 1. 0.
0.993 -0.118 0. 3.639 0.118 0.993 0. 0.306 0. 0. 1. 0.
0.992 -0.127 0. 4.430 0.127 0.992 0. 0.403 0. 0. 1. 0.
0.991 -0.130 0. 5.278 0.130 0.991 0. 0.513 0. 0. 1. 0.
0.991 -0.131 0. 6.167 0.131 0.991 0. 0.634 0. 0. 1. 0.
0.992 -0.129 0. 7.114 0.129 0.992 0. 0.761 0. 0. 1. 0.
0.992 -0.128 0. 8.168 0.128 0.992 0. 0.887 0. 0. 1. 0.
0.992 -0.127 0. 9.289 0.127 0.992 0. 1.018 0. 0. 1. 0.
0.992 -0.125 0. 10.463 0.125 0.992 0. 1.156 0. 0. 1. 0.
0.993 -0.122 0. 11.676 0.122 0.993 0. 1.296 0. 0. 1. 0.
0.993 -0.119 0. 12.914 0.119 0.993 0. 1.437 0. 0. 1. 0.
0.993 -0.116 0. 14.172 0.116 0.993 0. 1.573 0. 0. 1. 0.
0.994 -0.111 0. 15.454 0.111 0.994 0. 1.706 0. 0. 1. 0.
0.994 -0.107 0. 16.724 0.107 0.994 0. 1.837 0. 0. 1. 0.
0.995 -0.102 0. 17.980 0.102 0.995 0. 1.961 0. 0. 1. 0.
0.995 -0.095 0. 19.343 0.095 0.995 0. 2.080 0. 0. 1. 0.
0.996 -0.088 0. 20.716 0.088 0.996 0. 2.189 0. 0. 1. 0.
0.997 -0.081 0. 22.060 0.081 0.997 0. 2.289 0. 0. 1. 0.
0.997 -0.073 0. 23.389 0.073 0.997 0. 2.379 0. 0. 1. 0.
0.998 -0.069 0. 24.697 0.069 0.998 0. 2.462 0. 0. 1. 0.
0.998 -0.068 0. 25.949 0.068 0.998 0. 2.537 0. 0. 1. 0.
0.998 -0.066 0. 27.297 0.066 0.998 0. 2.619 0. 0. 1. 0.
0.998 -0.064 0. 28.718 0.064 0.998 0. 2.705 0. 0. 1. 0.
0.998 -0.064 0. 30.179 0.064 0.998 0. 2.788 0. 0. 1. 0.
0.998 -0.062 0. 31.687 0.062 0.998 0. 2.879 0. 0. 1. 0.
0.998 -0.060 0. 33.266 0.060 0.998 0. 2.969 0. 0. 1. 0.
0.998 -0.057 0. 34.898 0.057 0.998 0. 3.060 0. 0. 1. 0.
0.998 -0.056 0. 36.555 0.056 0.998 0. 3.149 0. 0. 1. 0.
0.999 -0.052 0. 38.247 0.052 0.999 0. 3.234 0. 0. 1. 0.
0.999 -0.046 0. 40. 0.046 0.999 0. 3.311 0. 0. 1. 0.
0.999 -0.042 0. 41.788 0.042 0.999 0. 3.378 0. 0. 1. 0.
0.999 -0.036 0. 43.665 0.036 0.999 0. 3.438 0. 0. 1. 0.
1.000 -0.030 0. 45.533 0.030 1.000 0. 3.488 0. 0. 1. 0.
1.000 -0.025 0. 47.431 0.025 1.000 0. 3.524 0. 0. 1. 0.
1.000 -0.017 0. 49.346 0.017 1.000 0. 3.547 0. 0. 1. 0.
1. -0.009 0. 51.265 0.009 1. 0. 3.560 0. 0. 1. 0.
1. 0.000 0. 53.208 -0.000 1. -0. 3.562 -0. 0. 1. 0.
1. 0.012 0. 55.153 -0.012 1. -0. 3.539 -0. 0. 1. 0.
1.000 0.022 0. 57.068 -0.022 1.000 -0. 3.496 -0. 0. 1. 0.
1.000 0.029 0. 58.964 -0.029 1.000 -0. 3.434 -0. 0. 1. 0.
1.000 0.026 0. 60.843 -0.026 1.000 -0. 3.376 -0. 0. 1. 0.
1.000 0.017 0. 62.766 -0.017 1.000 -0. 3.335 -0. 0. 1. 0.
1. 0.007 0. 64.776 -0.007 1. -0. 3.313 -0. 0. 1. 0.
1. -0.004 0. 66.817 0.004 1. 0. 3.309 0. 0. 1. 0.
1. -0.014 0. 68.857 0.014 1. 0. 3.327 0. 0. 1. 0.
1.000 -0.024 0. 70.947 0.024 1.000 0. 3.367 0. 0. 1. 0.
0.999 -0.035 0. 73.108 0.035 0.999 0. 3.436 0. 0. 1. 0.
0.999 -0.046 0. 75.242 0.046 0.999 0. 3.526 0. 0. 1. 0.
0.998 -0.056 0. 77.347 0.056 0.998 0. 3.632 0. 0. 1. 0.
0.998 -0.060 0. 79.488 0.060 0.998 0. 3.763 0. 0. 1. 0.
0.998 -0.060 0. 81.517 0.060 0.998 0. 3.867 0. 0. 1. 0.
0.998 -0.059 0. 83.738 0.059 0.998 0. 4.000 0. 0. 1. 0.
0.998 -0.058 0. 85.979 0.058 0.998 0. 4.123 0. 0. 1. 0.
0.998 -0.058 0. 88.239 0.058 0.998 0. 4.233 0. 0. 1. 0.
0.998 -0.059 0. 90.457 0.059 0.998 0. 4.351 0. 0. 1. 0.
0.998 -0.057 0. 92.672 0.057 0.998 0. 4.468 0. 0. 1. 0.
0.999 -0.052 0. 94.782 0.052 0.999 0. 4.571 0. 0. 1. 0.
0.999 -0.048 0. 97.067 0.048 0.999 0. 4.665 0. 0. 1. 0.
0.999 -0.044 0. 99.413 0.044 0.999 0. 4.762 0. 0. 1. 0.
0.999 -0.040 0. 101.742 0.040 0.999 0. 4.852 0. 0. 1. 0.
0.999 -0.036 0. 103.960 0.036 0.999 0. 4.935 0. 0. 1. 0.
0.999 -0.032 0. 106.350 0.032 0.999 0. 5.006 0. 0. 1. 0.
1.000 -0.028 0. 108.771 0.028 1.000 0. 5.086 0. 0. 1. 0.
1.000 -0.028 0. 111.259 0.028 1.000 0. 5.151 0. 0. 1. 0.
1.000 -0.028 0. 113.778 0.028 1.000 0. 5.223 0. 0. 1. 0.
1.000 -0.028 0. 116.270 0.028 1.000 0. 5.287 0. 0. 1. 0.
1.000 -0.029 0. 118.728 0.029 1.000 0. 5.358 0. 0. 1. 0.
1.000 -0.029 0. 120.978 0.029 1.000 0. 5.428 0. 0. 1. 0.
1.000 -0.029 0. 123.301 0.029 1.000 0. 5.486 0. 0. 1. 0.
1.000 -0.029 0. 125.857 0.029 1.000 0. 5.558 0. 0. 1. 0.
1.000 -0.030 0. 128.442 0.030 1.000 0. 5.612 0. 0. 1. 0.
1.000 -0.030 0. 131.023 0.030 1.000 0. 5.673 0. 0. 1. 0.
1.000 -0.030 0. 133.565 0.030 1.000 0. 5.748 0. 0. 1. 0.
1.000 -0.030 0. 136.157 0.030 1.000 0. 5.820 0. 0. 1. 0.
1.000 -0.030 0. 138.774 0.030 1.000 0. 5.894 0. 0. 1. 0.
0.999 -0.032 0. 141.400 0.032 0.999 0. 5.959 0. 0. 1. 0.
0.999 -0.032 0. 144.007 0.032 0.999 0. 6.042 0. 0. 1. 0.
0.999 -0.034 0. 146.569 0.034 0.999 0. 6.111 0. 0. 1. 0.
0.999 -0.035 0. 149.032 0.035 0.999 0. 6.185 0. 0. 1. 0.
0.999 -0.036 0. 151.411 0.036 0.999 0. 6.261 0. 0. 1. 0.
0.999 -0.038 0. 153.968 0.038 0.999 0. 6.335 0. 0. 1. 0.
0.999 -0.039 0. 156.477 0.039 0.999 0. 6.427 0. 0. 1. 0.
0.999 -0.040 0. 158.941 0.040 0.999 0. 6.526 0. 0. 1. 0.
0.999 -0.040 0. 161.381 0.040 0.999 0. 6.618 0. 0. 1. 0.
0.999 -0.042 0. 163.819 0.042 0.999 0. 6.705 0. 0. 1. 0.
0.999 -0.043 0. 166.164 0.043 0.999 0. 6.792 0. 0. 1. 0.
0.999 -0.044 0. 168.492 0.044 0.999 0. 6.883 0. 0. 1. 0.
0.999 -0.046 0. 170.794 0.046 0.999 0. 6.977 0. 0. 1. 0.
0.999 -0.048 0. 173.055 0.048 0.999 0. 7.069 0. 0. 1. 0.
0.999 -0.051 0. 175.316 0.051 0.999 0. 7.176 0. 0. 1. 0.
0.999 -0.054 0. 177.524 0.054 0.999 0. 7.288 0. 0. 1. 0.
0.998 -0.057 0. 179.729 0.057 0.998 0. 7.403 0. 0. 1. 0.
0.998 -0.060 0. 181.901 0.060 0.998 0. 7.529 0. 0. 1. 0.
0.998 -0.063 0. 184.063 0.063 0.998 0. 7.665 0. 0. 1. 0.
0.998 -0.066 0. 186.191 0.066 0.998 0. 7.799 0. 0. 1. 0.
0.998 -0.069 0. 188.276 0.069 0.998 0. 7.936 0. 0. 1. 0.
0.997 -0.073 0. 190.303 0.073 0.997 0. 8.080 0. 0. 1. 0.
0.997 -0.079 0. 192.294 0.079 0.997 0. 8.236 0. 0. 1. 0.
0.996 -0.088 0. 194.234 0.088 0.996 0. 8.399 0. 0. 1. 0.
0.995 -0.096 0. 196.122 0.096 0.995 0. 8.578 0. 0. 1. 0.
0.994 -0.107 0. 197.959 0.107 0.994 0. 8.764 0. 0. 1. 0.
0.993 -0.118 0. 199.771 0.118 0.993 0. 8.973 0. 0. 1. 0.
0.992 -0.127 0. 201.581 0.127 0.992 0. 9.202 0. 0. 1. 0.
0.991 -0.133 0. 203.368 0.133 0.991 0. 9.437 0. 0. 1. 0.
0.991 -0.137 0. 205.132 0.137 0.991 0. 9.673 0. 0. 1. 0.
0.990 -0.140 0. 206.869 0.140 0.990 0. 9.917 0. 0. 1. 0.
0.990 -0.143 0. 208.599 0.143 0.990 0. 10.165 0. 0. 1. 0.
0.990 -0.144 0. 210.010 0.144 0.990 0. 10.372 0. 0. 1. 0.
0.989 -0.148 0. 211.506 0.148 0.989 0. 10.594 0. 0. 1. 0.
0.989 -0.151 0. 213.175 0.151 0.989 0. 10.843 0. 0. 1. 0.
0.988 -0.153 0. 214.838 0.153 0.988 0. 11.101 0. 0. 1. 0.
0.988 -0.156 0. 216.464 0.156 0.988 0. 11.348 0. 0. 1. 0.
0.987 -0.160 0. 218.070 0.160 0.987 0. 11.607 0. 0. 1. 0.
0.986 -0.166 0. 219.667 0.166 0.986 0. 11.867 0. 0. 1. 0.
0.986 -0.169 0. 221.230 0.169 0.986 0. 12.126 0. 0. 1. 0.
0.986 -0.168 0. 222.743 0.168 0.986 0. 12.381 0. 0. 1. 0.
0.986 -0.167 0. 224.216 0.167 0.986 0. 12.627 0. 0. 1. 0.
0.986 -0.166 0. 225.636 0.166 0.986 0. 12.862 0. 0. 1. 0.
0.986 -0.165 0. 227.027 0.165 0.986 0. 13.092 0. 0. 1. 0.
0.986 -0.164 0. 228.402 0.164 0.986 0. 13.316 0. 0. 1. 0.
0.986 -0.165 0. 229.752 0.165 0.986 0. 13.535 0. 0. 1. 0.
0.986 -0.166 0. 231.051 0.166 0.986 0. 13.747 0. 0. 1. 0.
0.986 -0.166 0. 232.301 0.166 0.986 0. 13.952 0. 0. 1. 0.
0.986 -0.167 0. 233.544 0.167 0.986 0. 14.156 0. 0. 1. 0.
0.986 -0.169 0. 234.770 0.169 0.986 0. 14.365 0. 0. 1. 0.
0.985 -0.173 0. 235.983 0.173 0.985 0. 14.575 0. 0. 1. 0.
0.984 -0.177 0. 237.176 0.177 0.984 0. 14.785 0. 0. 1. 0.
0.984 -0.177 0. 238.360 0.177 0.984 0. 14.992 0. 0. 1. 0.
0.985 -0.175 0. 239.534 0.175 0.985 0. 15.195 0. 0. 1. 0.
0.985 -0.174 0. 240.707 0.174 0.985 0. 15.395 0. 0. 1. 0.
0.985 -0.170 0. 241.889 0.170 0.985 0. 15.594 0. 0. 1. 0.
0.986 -0.166 0. 243.049 0.166 0.986 0. 15.781 0. 0. 1. 0.
0.987 -0.162 0. 244.233 0.162 0.987 0. 15.968 0. 0. 1. 0.
0.988 -0.157 0. 245.522 0.157 0.988 0. 16.172 0. 0. 1. 0.
0.988 -0.155 0. 246.886 0.155 0.988 0. 16.379 0. 0. 1. 0.
0.988 -0.153 0. 248.288 0.153 0.988 0. 16.591 0. 0. 1. 0.
0.988 -0.155 0. 249.730 0.155 0.988 0. 16.805 0. 0. 1. 0.
0.987 -0.158 0. 251.253 0.158 0.987 0. 17.046 0. 0. 1. 0.
0.987 -0.163 0. 252.825 0.163 0.987 0. 17.303 0. 0. 1. 0.
0.986 -0.168 0. 254.423 0.168 0.986 0. 17.574 0. 0. 1. 0.
0.985 -0.170 0. 256.052 0.170 0.985 0. 17.852 0. 0. 1. 0.
0.985 -0.171 0. 257.719 0.171 0.985 0. 18.137 0. 0. 1. 0.
0.985 -0.170 0. 259.229 0.170 0.985 0. 18.396 0. 0. 1. 0.
0.986 -0.169 0. 260.835 0.169 0.986 0. 18.670 0. 0. 1. 0.
0.986 -0.168 0. 262.557 0.168 0.986 0. 18.958 0. 0. 1. 0.
0.986 -0.165 0. 264.364 0.165 0.986 0. 19.257 0. 0. 1. 0.
0.987 -0.163 0. 266.218 0.163 0.987 0. 19.552 0. 0. 1. 0.
0.987 -0.160 0. 268.027 0.160 0.987 0. 19.829 0. 0. 1. 0.
0.987 -0.159 0. 269.708 0.159 0.987 0. 20.081 0. 0. 1. 0.
0.988 -0.156 0. 271.406 0.156 0.988 0. 20.336 0. 0. 1. 0.
0.988 -0.152 0. 273.298 0.152 0.988 0. 20.614 0. 0. 1. 0.
0.989 -0.147 0. 275.186 0.147 0.989 0. 20.880 0. 0. 1. 0.
0.990 -0.140 0. 277.118 0.140 0.990 0. 21.142 0. 0. 1. 0.
0.991 -0.134 0. 278.947 0.134 0.991 0. 21.380 0. 0. 1. 0.
0.992 -0.128 0. 280.766 0.128 0.992 0. 21.600 0. 0. 1. 0.
0.992 -0.124 0. 282.716 0.124 0.992 0. 21.836 0. 0. 1. 0.
0.993 -0.118 0. 284.472 0.118 0.993 0. 22.041 0. 0. 1. 0.
0.994 -0.112 0. 286.394 0.112 0.994 0. 22.253 0. 0. 1. 0.
0.994 -0.106 0. 288.359 0.106 0.994 0. 22.458 0. 0. 1. 0.
0.995 -0.103 0. 290.345 0.103 0.995 0. 22.658 0. 0. 1. 0.
0.995 -0.102 0. 292.351 0.102 0.995 0. 22.860 0. 0. 1. 0.
0.995 -0.099 0. 294.331 0.099 0.995 0. 23.052 0. 0. 1. 0.
0.995 -0.097 0. 296.351 0.097 0.995 0. 23.246 0. 0. 1. 0.
0.995 -0.095 0. 298.377 0.095 0.995 0. 23.435 0. 0. 1. 0.
0.996 -0.093 0. 300.374 0.093 0.996 0. 23.614 0. 0. 1. 0.
0.996 -0.092 0. 302.350 0.092 0.996 0. 23.790 0. 0. 1. 0.
0.996 -0.090 0. 304.291 0.090 0.996 0. 23.960 0. 0. 1. 0.
0.996 -0.087 0. 306.195 0.087 0.996 0. 24.120 0. 0. 1. 0.
0.996 -0.086 0. 307.980 0.086 0.996 0. 24.261 0. 0. 1. 0.
0.997 -0.084 0. 309.702 0.084 0.997 0. 24.401 0. 0. 1. 0.
0.997 -0.082 0. 311.506 0.082 0.997 0. 24.549 0. 0. 1. 0.
0.997 -0.080 0. 313.237 0.080 0.997 0. 24.683 0. 0. 1. 0.
0.997 -0.079 0. 314.970 0.079 0.997 0. 24.820 0. 0. 1. 0.
0.997 -0.079 0. 316.632 0.079 0.997 0. 24.949 0. 0. 1. 0.
0.997 -0.078 0. 318.250 0.078 0.997 0. 25.068 0. 0. 1. 0.
0.997 -0.076 0. 320.088 0.076 0.997 0. 25.196 0. 0. 1. 0.
0.997 -0.072 0. 321.914 0.072 0.997 0. 25.317 0. 0. 1. 0.
0.998 -0.068 0. 323.748 0.068 0.998 0. 25.435 0. 0. 1. 0.
0.998 -0.062 0. 325.587 0.062 0.998 0. 25.547 0. 0. 1. 0.
0.999 -0.054 0. 327.458 0.054 0.999 0. 25.646 0. 0. 1. 0.
0.999 -0.046 0. 329.391 0.046 0.999 0. 25.733 0. 0. 1. 0.
0.999 -0.041 0. 331.327 0.041 0.999 0. 25.813 0. 0. 1. 0.
0.999 -0.035 0. 333.292 0.035 0.999 0. 25.875 0. 0. 1. 0.
1.000 -0.028 0. 335.226 0.028 1.000 0. 25.924 0. 0. 1. 0.
1.000 -0.023 0. 337.166 0.023 1.000 0. 25.962 0. 0. 1. 0.
1.000 -0.018 0. 339.204 0.018 1.000 0. 25.995 0. 0. 1. 0.
1.000 -0.015 0. 341.311 0.015 1.000 0. 26.021 0. 0. 1. 0.
1. -0.011 0. 343.431 0.011 1. 0. 26.045 0. 0. 1. 0.
1. -0.007 0. 345.435 0.007 1. 0. 26.058 0. 0. 1. 0.
1. -0.005 0. 347.402 0.005 1. 0. 26.059 0. 0. 1. 0.
1. -0.001 0. 349.450 0.001 1. 0. 26.057 0. 0. 1. 0.
1. 0.000 0. 351.448 -0.000 1. -0. 26.050 -0. 0. 1. 0.
1. 0.001 0. 353.466 -0.001 1. -0. 26.045 -0. 0. 1. 0.
1. 0.002 0. 355.516 -0.002 1. -0. 26.042 -0. 0. 1. 0.
1. 0.002 0. 357.551 -0.002 1. -0. 26.036 -0. 0. 1. 0.
1. 0.004 0. 359.665 -0.004 1. -0. 26.026 -0. 0. 1. 0.
1. 0.003 0. 361.748 -0.003 1. -0. 26.011 -0. 0. 1. 0.
1. 0.003 0. 363.847 -0.003 1. -0. 25.999 -0. 0. 1. 0.
1. 0.002 0. 365.931 -0.002 1. -0. 25.987 -0. 0. 1. 0.
1. 0.001 0. 367.999 -0.001 1. -0. 25.981 -0. 0. 1. 0.
1. -0.002 0. 370.063 0.002 1. 0. 25.977 0. 0. 1. 0.
1. -0.005 0. 372.169 0.005 1. 0. 25.980 0. 0. 1. 0.
1. -0.008 0. 374.279 0.008 1. 0. 25.984 0. 0. 1. 0.
1. -0.010 0. 376.406 0.010 1. 0. 25.995 0. 0. 1. 0.
1. -0.013 0. 378.565 0.013 1. 0. 26.005 0. 0. 1. 0.
1.000 -0.018 0. 380.717 0.018 1.000 0. 26.026 0. 0. 1. 0.
1.000 -0.022 0. 382.808 0.022 1.000 0. 26.057 0. 0. 1. 0.
1.000 -0.026 0. 384.866 0.026 1.000 0. 26.094 0. 0. 1. 0.
1.000 -0.031 0. 386.941 0.031 1.000 0. 26.134 0. 0. 1. 0.
0.999 -0.036 0. 389.069 0.036 0.999 0. 26.188 0. 0. 1. 0.
0.999 -0.041 0. 391.257 0.041 0.999 0. 26.260 0. 0. 1. 0.
0.999 -0.046 0. 393.422 0.046 0.999 0. 26.338 0. 0. 1. 0.
0.999 -0.051 0. 395.542 0.051 0.999 0. 26.423 0. 0. 1. 0.
0.998 -0.056 0. 397.631 0.056 0.998 0. 26.522 0. 0. 1. 0.
0.998 -0.060 0. 399.689 0.060 0.998 0. 26.634 0. 0. 1. 0.
0.998 -0.065 0. 401.755 0.065 0.998 0. 26.747 0. 0. 1. 0.
0.998 -0.066 0. 403.614 0.066 0.998 0. 26.851 0. 0. 1. 0.
0.998 -0.066 0. 405.598 0.066 0.998 0. 26.967 0. 0. 1. 0.
0.998 -0.066 0. 407.627 0.066 0.998 0. 27.086 0. 0. 1. 0.
0.998 -0.067 0. 409.592 0.067 0.998 0. 27.201 0. 0. 1. 0.
0.998 -0.068 0. 411.429 0.068 0.998 0. 27.312 0. 0. 1. 0.
0.998 -0.068 0. 413.242 0.068 0.998 0. 27.419 0. 0. 1. 0.
0.997 -0.071 0. 415.140 0.071 0.997 0. 27.533 0. 0. 1. 0.
0.997 -0.073 0. 417.052 0.073 0.997 0. 27.657 0. 0. 1. 0.
0.997 -0.074 0. 418.930 0.074 0.997 0. 27.780 0. 0. 1. 0.
0.997 -0.075 0. 420.802 0.075 0.997 0. 27.901 0. 0. 1. 0.
0.997 -0.076 0. 422.658 0.076 0.997 0. 28.027 0. 0. 1. 0.
0.997 -0.075 0. 424.454 0.075 0.997 0. 28.152 0. 0. 1. 0.
0.997 -0.072 0. 426.238 0.072 0.997 0. 28.265 0. 0. 1. 0.
0.998 -0.066 0. 427.946 0.066 0.998 0. 28.366 0. 0. 1. 0.
0.999 -0.051 0. 429.593 0.051 0.999 0. 28.445 0. 0. 1. 0.
1.000 -0.028 0. 431.173 0.028 1.000 0. 28.483 0. 0. 1. 0.
1. -0.003 0. 432.690 0.003 1. 0. 28.477 0. 0. 1. 0.
1.000 0.029 0. 434.105 -0.029 1.000 -0. 28.428 -0. 0. 1. 0.
0.998 0.068 0. 435.451 -0.068 0.998 -0. 28.325 -0. 0. 1. 0.
0.993 0.115 0. 436.762 -0.115 0.993 -0. 28.163 -0. 0. 1. 0.
0.985 0.171 0. 437.945 -0.171 0.985 -0. 27.939 -0. 0. 1. 0.
0.974 0.228 0. 439.033 -0.228 0.974 -0. 27.662 -0. 0. 1. 0.
0.960 0.281 0. 440.027 -0.281 0.960 -0. 27.355 -0. 0. 1. 0.
0.943 0.332 0. 440.927 -0.332 0.943 -0. 27.014 -0. 0. 1. 0.
0.922 0.386 0. 441.744 -0.386 0.922 -0. 26.647 -0. 0. 1. 0.
0.897 0.441 0. 442.486 -0.441 0.897 -0. 26.254 -0. 0. 1. 0.
0.867 0.498 0. 443.126 -0.498 0.867 -0. 25.858 -0. 0. 1. 0.
0.832 0.554 0. 443.697 -0.554 0.832 -0. 25.440 -0. 0. 1. 0.
0.794 0.608 0. 444.200 -0.608 0.794 -0. 25.008 -0. 0. 1. 0.
0.754 0.657 0. 444.613 -0.657 0.754 -0. 24.605 -0. 0. 1. 0.
0.717 0.697 0. 444.904 -0.697 0.717 -0. 24.262 -0. 0. 1. 0.
0.684 0.730 0. 445.155 -0.730 0.684 -0. 23.958 -0. 0. 1. 0.
0.655 0.755 0. 445.326 -0.755 0.655 -0. 23.721 -0. 0. 1. 0.
0.634 0.773 0. 445.431 -0.773 0.634 -0. 23.559 -0. 0. 1. 0.
0.617 0.787 0. 445.495 -0.787 0.617 -0. 23.452 -0. 0. 1. 0.
0.603 0.798 0. 445.564 -0.798 0.603 -0. 23.353 -0. 0. 1. 0.
0.592 0.806 0. 445.618 -0.806 0.592 -0. 23.261 -0. 0. 1. 0.
0.582 0.813 0. 445.665 -0.813 0.582 -0. 23.171 -0. 0. 1. 0.
0.574 0.819 0. 445.698 -0.819 0.574 -0. 23.109 -0. 0. 1. 0.
0.569 0.823 0. 445.719 -0.823 0.569 -0. 23.071 -0. 0. 1. 0.
0.566 0.825 0. 445.745 -0.825 0.566 -0. 23.023 -0. 0. 1. 0.
0.564 0.826 0. 445.743 -0.826 0.564 -0. 23.027 -0. 0. 1. 0.
0.564 0.826 0. 445.738 -0.826 0.564 -0. 23.037 -0. 0. 1. 0.
0.564 0.826 0. 445.736 -0.826 0.564 -0. 23.038 -0. 0. 1. 0.
0.564 0.826 0. 445.732 -0.826 0.564 -0. 23.040 -0. 0. 1. 0.
0.564 0.826 0. 445.729 -0.826 0.564 -0. 23.042 -0. 0. 1. 0.
0.563 0.826 0. 445.735 -0.826 0.563 -0. 23.042 -0. 0. 1. 0.
0.563 0.826 0. 445.742 -0.826 0.563 -0. 23.039 -0. 0. 1. 0.
0.563 0.826 0. 445.747 -0.826 0.563 -0. 23.038 -0. 0. 1. 0.
0.563 0.826 0. 445.750 -0.826 0.563 -0. 23.050 -0. 0. 1. 0.
0.563 0.826 0. 445.740 -0.826 0.563 -0. 23.039 -0. 0. 1. 0.
0.563 0.826 0. 445.723 -0.826 0.563 -0. 23.026 -0. 0. 1. 0.
0.563 0.826 0. 445.724 -0.826 0.563 -0. 23.022 -0. 0. 1. 0.
0.563 0.827 0. 445.743 -0.827 0.563 -0. 23.032 -0. 0. 1. 0.
0.562 0.827 0. 445.753 -0.827 0.562 -0. 23.048 -0. 0. 1. 0.
0.562 0.827 0. 445.748 -0.827 0.562 -0. 23.026 -0. 0. 1. 0.
0.561 0.828 0. 445.760 -0.828 0.561 -0. 22.999 -0. 0. 1. 0.
0.561 0.828 0. 445.760 -0.828 0.561 -0. 22.995 -0. 0. 1. 0.
0.561 0.828 0. 445.748 -0.828 0.561 -0. 23.012 -0. 0. 1. 0.
0.560 0.828 0. 445.749 -0.828 0.560 -0. 23.012 -0. 0. 1. 0.
0.560 0.829 0. 445.753 -0.829 0.560 -0. 23.004 -0. 0. 1. 0.
0.559 0.829 0. 445.743 -0.829 0.559 -0. 22.995 -0. 0. 1. 0.
0.559 0.829 0. 445.750 -0.829 0.559 -0. 22.997 -0. 0. 1. 0.
0.559 0.829 0. 445.768 -0.829 0.559 -0. 23.003 -0. 0. 1. 0.
0.558 0.830 0. 445.757 -0.830 0.558 -0. 23.000 -0. 0. 1. 0.
0.558 0.830 0. 445.755 -0.830 0.558 -0. 22.993 -0. 0. 1. 0.
0.558 0.830 0. 445.750 -0.830 0.558 -0. 22.988 -0. 0. 1. 0.
0.557 0.831 0. 445.753 -0.831 0.557 -0. 22.984 -0. 0. 1. 0.
0.557 0.831 0. 445.759 -0.831 0.557 -0. 22.980 -0. 0. 1. 0.
0.556 0.831 0. 445.763 -0.831 0.556 -0. 22.978 -0. 0. 1. 0.
0.556 0.831 0. 445.762 -0.831 0.556 -0. 22.979 -0. 0. 1. 0.
0.556 0.831 0. 445.765 -0.831 0.556 -0. 22.978 -0. 0. 1. 0.
0.556 0.831 0. 445.769 -0.831 0.556 -0. 22.976 -0. 0. 1. 0.
0.556 0.831 0. 445.775 -0.831 0.556 -0. 22.966 -0. 0. 1. 0.
0.553 0.833 0. 445.796 -0.833 0.553 -0. 22.924 -0. 0. 1. 0.
0.550 0.835 0. 445.812 -0.835 0.550 -0. 22.883 -0. 0. 1. 0.
0.544 0.839 0. 445.831 -0.839 0.544 -0. 22.849 -0. 0. 1. 0.
0.538 0.843 0. 445.853 -0.843 0.538 -0. 22.803 -0. 0. 1. 0.
0.532 0.847 0. 445.875 -0.847 0.532 -0. 22.739 -0. 0. 1. 0.
0.525 0.851 0. 445.888 -0.851 0.525 -0. 22.694 -0. 0. 1. 0.
0.517 0.856 0. 445.927 -0.856 0.517 -0. 22.637 -0. 0. 1. 0.
0.510 0.860 0. 445.946 -0.860 0.510 -0. 22.579 -0. 0. 1. 0.
0.501 0.865 0. 445.972 -0.865 0.501 -0. 22.528 -0. 0. 1. 0.
0.491 0.871 0. 446.002 -0.871 0.491 -0. 22.475 -0. 0. 1. 0.
0.479 0.878 0. 446.019 -0.878 0.479 -0. 22.397 -0. 0. 1. 0.
0.463 0.886 0. 446.082 -0.886 0.463 -0. 22.265 -0. 0. 1. 0.
0.443 0.896 0. 446.123 -0.896 0.443 -0. 22.128 -0. 0. 1. 0.
0.419 0.908 0. 446.171 -0.908 0.419 -0. 21.968 -0. 0. 1. 0.
0.387 0.922 0. 446.232 -0.922 0.387 -0. 21.774 -0. 0. 1. 0.
0.343 0.939 0. 446.297 -0.939 0.343 -0. 21.518 -0. 0. 1. 0.
0.284 0.959 0. 446.337 -0.959 0.284 -0. 21.170 -0. 0. 1. 0.
0.213 0.977 0. 446.386 -0.977 0.213 -0. 20.708 -0. 0. 1. 0.
0.130 0.991 0. 446.416 -0.991 0.130 -0. 20.154 -0. 0. 1. 0.
0.038 0.999 0. 446.410 -0.999 0.038 -0. 19.519 -0. 0. 1. 0.
-0.062 0.998 0. 446.333 -0.998 -0.062 -0. 18.814 -0. 0. 1. 0.
-0.171 0.985 0. 446.165 -0.985 -0.171 -0. 18.084 -0. 0. 1. 0.
-0.284 0.959 0. 445.898 -0.959 -0.284 -0. 17.314 -0. 0. 1. 0.
-0.391 0.920 0. 445.504 -0.920 -0.391 -0. 16.493 -0. 0. 1. 0.
-0.493 0.870 0. 444.961 -0.870 -0.493 -0. 15.611 -0. 0. 1. 0.
-0.591 0.807 0. 444.288 -0.807 -0.591 -0. 14.763 -0. 0. 1. 0.
-0.676 0.737 0. 443.483 -0.737 -0.676 0. 13.911 0. 0. 1. 0.
-0.743 0.669 0. 442.542 -0.669 -0.743 0. 13.097 0. 0. 1. 0.
-0.791 0.612 0. 441.483 -0.612 -0.791 0. 12.305 0. 0. 1. 0.
-0.823 0.569 0. 440.318 -0.569 -0.823 0. 11.514 0. 0. 1. 0.
-0.839 0.543 0. 439.079 -0.543 -0.839 0. 10.716 0. 0. 1. 0.
-0.848 0.530 0. 437.789 -0.530 -0.848 0. 9.912 0. 0. 1. 0.
-0.852 0.524 0. 436.410 -0.524 -0.852 0. 9.078 0. 0. 1. 0.
-0.854 0.520 0. 434.939 -0.520 -0.854 0. 8.188 0. 0. 1. 0.
-0.859 0.512 0. 433.349 -0.512 -0.859 0. 7.241 0. 0. 1. 0.
-0.866 0.500 0. 431.675 -0.500 -0.866 0. 6.279 0. 0. 1. 0.
-0.873 0.488 0. 430.023 -0.488 -0.873 0. 5.363 0. 0. 1. 0.
-0.879 0.476 0. 428.302 -0.476 -0.879 0. 4.439 0. 0. 1. 0.
-0.885 0.466 0. 426.532 -0.466 -0.885 0. 3.517 0. 0. 1. 0.
-0.889 0.458 0. 424.733 -0.458 -0.889 0. 2.599 0. 0. 1. 0.
-0.892 0.452 0. 422.945 -0.452 -0.892 0. 1.704 0. 0. 1. 0.
-0.894 0.449 0. 421.153 -0.449 -0.894 0. 0.820 0. 0. 1. 0.
-0.895 0.445 0. 419.373 -0.445 -0.895 0. -0.060 0. 0. 1. 0.
-0.896 0.444 0. 417.613 -0.444 -0.896 0. -0.922 0. 0. 1. 0.
-0.896 0.443 0. 415.873 -0.443 -0.896 0. -1.773 0. 0. 1. 0.
-0.896 0.443 0. 414.115 -0.443 -0.896 0. -2.625 0. 0. 1. 0.
-0.896 0.443 0. 412.472 -0.443 -0.896 0. -3.423 0. 0. 1. 0.
-0.896 0.444 0. 410.817 -0.444 -0.896 0. -4.232 0. 0. 1. 0.
-0.896 0.444 0. 409.154 -0.444 -0.896 0. -5.044 0. 0. 1. 0.
-0.896 0.443 0. 407.496 -0.443 -0.896 0. -5.856 0. 0. 1. 0.
-0.896 0.443 0. 405.796 -0.443 -0.896 0. -6.685 0. 0. 1. 0.
-0.897 0.442 0. 404.158 -0.442 -0.897 0. -7.484 0. 0. 1. 0.
-0.897 0.442 0. 402.537 -0.442 -0.897 0. -8.274 0. 0. 1. 0.
-0.896 0.443 0. 400.936 -0.443 -0.896 0. -9.056 0. 0. 1. 0.
-0.896 0.444 0. 399.357 -0.444 -0.896 0. -9.831 0. 0. 1. 0.
-0.896 0.445 0. 397.772 -0.445 -0.896 0. -10.600 0. 0. 1. 0.
-0.896 0.445 0. 396.199 -0.445 -0.896 0. -11.378 0. 0. 1. 0.
-0.896 0.444 0. 394.665 -0.444 -0.896 0. -12.130 0. 0. 1. 0.
-0.897 0.442 0. 393.157 -0.442 -0.897 0. -12.868 0. 0. 1. 0.
-0.898 0.439 0. 391.646 -0.439 -0.898 0. -13.600 0. 0. 1. 0.
-0.899 0.437 0. 390.245 -0.437 -0.899 0. -14.275 0. 0. 1. 0.
-0.900 0.437 0. 388.779 -0.437 -0.900 0. -14.978 0. 0. 1. 0.
-0.900 0.436 0. 387.342 -0.436 -0.900 0. -15.670 0. 0. 1. 0.
-0.900 0.435 0. 385.994 -0.435 -0.900 0. -16.316 0. 0. 1. 0.
-0.901 0.433 0. 384.727 -0.433 -0.901 0. -16.920 0. 0. 1. 0.
-0.903 0.430 0. 383.473 -0.430 -0.903 0. -17.517 0. 0. 1. 0.
-0.904 0.428 0. 382.270 -0.428 -0.904 0. -18.081 0. 0. 1. 0.
-0.905 0.425 0. 381.133 -0.425 -0.905 0. -18.607 0. 0. 1. 0.
-0.906 0.424 0. 380.073 -0.424 -0.906 0. -19.099 0. 0. 1. 0.
-0.906 0.423 0. 379.077 -0.423 -0.906 0. -19.560 0. 0. 1. 0.
-0.907 0.422 0. 378.168 -0.422 -0.907 0. -19.982 0. 0. 1. 0.
-0.907 0.420 0. 377.264 -0.420 -0.907 0. -20.398 0. 0. 1. 0.
-0.908 0.418 0. 376.454 -0.418 -0.908 0. -20.764 0. 0. 1. 0.
-0.909 0.417 0. 375.710 -0.417 -0.909 0. -21.102 0. 0. 1. 0.
-0.909 0.417 0. 374.998 -0.417 -0.909 0. -21.424 0. 0. 1. 0.
-0.909 0.416 0. 374.373 -0.416 -0.909 0. -21.706 0. 0. 1. 0.
-0.910 0.415 0. 373.815 -0.415 -0.910 0. -21.960 0. 0. 1. 0.
-0.910 0.415 0. 373.333 -0.415 -0.910 0. -22.178 0. 0. 1. 0.
-0.910 0.414 0. 372.937 -0.414 -0.910 0. -22.360 0. 0. 1. 0.
-0.910 0.414 0. 372.618 -0.414 -0.910 0. -22.504 0. 0. 1. 0.
-0.910 0.414 0. 372.364 -0.414 -0.910 0. -22.618 0. 0. 1. 0.
-0.911 0.413 0. 372.149 -0.413 -0.911 0. -22.716 0. 0. 1. 0.
-0.911 0.413 0. 371.963 -0.413 -0.911 0. -22.799 0. 0. 1. 0.
-0.911 0.413 0. 371.835 -0.413 -0.911 0. -22.857 0. 0. 1. 0.
-0.911 0.413 0. 371.701 -0.413 -0.911 0. -22.921 0. 0. 1. 0.
-0.911 0.413 0. 371.543 -0.413 -0.911 0. -22.992 0. 0. 1. 0.
-0.911 0.413 0. 371.384 -0.413 -0.911 0. -23.063 0. 0. 1. 0.
-0.911 0.413 0. 371.240 -0.413 -0.911 0. -23.126 0. 0. 1. 0.
-0.911 0.413 0. 371.113 -0.413 -0.911 0. -23.183 0. 0. 1. 0.
-0.911 0.413 0. 371.036 -0.413 -0.911 0. -23.218 0. 0. 1. 0.
-0.911 0.413 0. 370.928 -0.413 -0.911 0. -23.266 0. 0. 1. 0.
-0.911 0.413 0. 370.868 -0.413 -0.911 0. -23.292 0. 0. 1. 0.
-0.911 0.413 0. 370.776 -0.413 -0.911 0. -23.332 0. 0. 1. 0.
-0.911 0.412 0. 370.722 -0.412 -0.911 0. -23.356 0. 0. 1. 0.
-0.911 0.412 0. 370.675 -0.412 -0.911 0. -23.378 0. 0. 1. 0.
-0.911 0.412 0. 370.629 -0.412 -0.911 0. -23.398 0. 0. 1. 0.
-0.911 0.412 0. 370.577 -0.412 -0.911 0. -23.421 0. 0. 1. 0.
-0.911 0.412 0. 370.529 -0.412 -0.911 0. -23.442 0. 0. 1. 0.
-0.911 0.412 0. 370.459 -0.412 -0.911 0. -23.474 0. 0. 1. 0.
-0.911 0.412 0. 370.392 -0.412 -0.911 0. -23.503 0. 0. 1. 0.
-0.911 0.412 0. 370.343 -0.412 -0.911 0. -23.524 0. 0. 1. 0.
-0.911 0.411 0. 370.322 -0.411 -0.911 0. -23.533 0. 0. 1. 0.
-0.912 0.411 0. 370.268 -0.411 -0.912 0. -23.556 0. 0. 1. 0.
-0.912 0.411 0. 370.208 -0.411 -0.912 0. -23.582 0. 0. 1. 0.
-0.912 0.411 0. 370.120 -0.411 -0.912 0. -23.617 0. 0. 1. 0.
-0.912 0.410 0. 369.981 -0.410 -0.912 0. -23.680 0. 0. 1. 0.
-0.912 0.409 0. 369.846 -0.409 -0.912 0. -23.741 0. 0. 1. 0.
-0.913 0.408 0. 369.574 -0.408 -0.913 0. -23.862 0. 0. 1. 0.
-0.913 0.408 0. 369.262 -0.408 -0.913 0. -24.001 0. 0. 1. 0.
-0.914 0.407 0. 368.895 -0.407 -0.914 0. -24.164 0. 0. 1. 0.
-0.914 0.406 0. 368.458 -0.406 -0.914 0. -24.356 0. 0. 1. 0.
-0.915 0.404 0. 367.951 -0.404 -0.915 0. -24.578 0. 0. 1. 0.
-0.915 0.403 0. 367.390 -0.403 -0.915 0. -24.822 0. 0. 1. 0.
-0.916 0.402 0. 366.778 -0.402 -0.916 0. -25.088 0. 0. 1. 0.
-0.916 0.400 0. 366.096 -0.400 -0.916 0. -25.377 0. 0. 1. 0.
-0.918 0.398 0. 365.302 -0.398 -0.918 0. -25.719 0. 0. 1. 0.
-0.919 0.395 0. 364.463 -0.395 -0.919 0. -26.076 0. 0. 1. 0.
-0.920 0.392 0. 363.525 -0.392 -0.920 0. -26.472 0. 0. 1. 0.
-0.921 0.391 0. 362.518 -0.391 -0.921 0. -26.894 0. 0. 1. 0.
-0.922 0.388 0. 361.439 -0.388 -0.922 0. -27.349 0. 0. 1. 0.
-0.923 0.386 0. 360.258 -0.386 -0.923 0. -27.840 0. 0. 1. 0.
-0.924 0.383 0. 359.009 -0.383 -0.924 0. -28.353 0. 0. 1. 0.
-0.925 0.381 0. 357.743 -0.381 -0.925 0. -28.867 0. 0. 1. 0.
-0.926 0.378 0. 356.415 -0.378 -0.926 0. -29.404 0. 0. 1. 0.
-0.927 0.376 0. 355.012 -0.376 -0.927 0. -29.967 0. 0. 1. 0.
-0.927 0.375 0. 353.560 -0.375 -0.927 0. -30.545 0. 0. 1. 0.
-0.927 0.374 0. 352.028 -0.374 -0.927 0. -31.152 0. 0. 1. 0.
-0.927 0.374 0. 350.496 -0.374 -0.927 0. -31.762 0. 0. 1. 0.
-0.928 0.373 0. 348.924 -0.373 -0.928 0. -32.388 0. 0. 1. 0.
-0.928 0.372 0. 347.334 -0.372 -0.928 0. -33.020 0. 0. 1. 0.
-0.929 0.369 0. 345.771 -0.369 -0.929 0. -33.630 0. 0. 1. 0.
-0.931 0.364 0. 344.174 -0.364 -0.931 0. -34.244 0. 0. 1. 0.
-0.934 0.357 0. 342.491 -0.357 -0.934 0. -34.884 0. 0. 1. 0.
-0.938 0.348 0. 340.739 -0.348 -0.938 0. -35.525 0. 0. 1. 0.
-0.940 0.340 0. 338.979 -0.340 -0.940 0. -36.162 0. 0. 1. 0.
-0.943 0.332 0. 337.165 -0.332 -0.943 0. -36.794 0. 0. 1. 0.
-0.946 0.324 0. 335.157 -0.324 -0.946 0. -37.476 0. 0. 1. 0.
-0.949 0.316 0. 333.214 -0.316 -0.949 0. -38.122 0. 0. 1. 0.
-0.950 0.311 0. 331.261 -0.311 -0.950 0. -38.755 0. 0. 1. 0.
-0.951 0.309 0. 329.201 -0.309 -0.951 0. -39.415 0. 0. 1. 0.
-0.952 0.306 0. 327.115 -0.306 -0.952 0. -40.075 0. 0. 1. 0.
-0.953 0.304 0. 325.019 -0.304 -0.953 0. -40.731 0. 0. 1. 0.
-0.954 0.300 0. 322.956 -0.300 -0.954 0. -41.371 0. 0. 1. 0.
-0.955 0.297 0. 320.886 -0.297 -0.955 0. -42.000 0. 0. 1. 0.
-0.955 0.295 0. 318.738 -0.295 -0.955 0. -42.650 0. 0. 1. 0.
-0.956 0.293 0. 316.472 -0.293 -0.956 0. -43.347 0. 0. 1. 0.
-0.956 0.292 0. 314.266 -0.292 -0.956 0. -44.015 0. 0. 1. 0.
-0.956 0.294 0. 312.146 -0.294 -0.956 0. -44.659 0. 0. 1. 0.
-0.955 0.296 0. 309.966 -0.296 -0.955 0. -45.333 0. 0. 1. 0.
-0.954 0.299 0. 307.690 -0.299 -0.954 0. -46.039 0. 0. 1. 0.
-0.953 0.303 0. 305.553 -0.303 -0.953 0. -46.714 0. 0. 1. 0.
-0.952 0.307 0. 303.318 -0.307 -0.952 0. -47.422 0. 0. 1. 0.
-0.950 0.311 0. 301.068 -0.311 -0.950 0. -48.151 0. 0. 1. 0.
-0.949 0.315 0. 298.816 -0.315 -0.949 0. -48.889 0. 0. 1. 0.
-0.948 0.319 0. 296.608 -0.319 -0.948 0. -49.622 0. 0. 1. 0.
-0.947 0.322 0. 294.460 -0.322 -0.947 0. -50.339 0. 0. 1. 0.
-0.945 0.327 0. 292.071 -0.327 -0.945 0. -51.150 0. 0. 1. 0.
-0.944 0.330 0. 289.721 -0.330 -0.944 0. -51.970 0. 0. 1. 0.
-0.943 0.333 0. 287.364 -0.333 -0.943 0. -52.795 0. 0. 1. 0.
-0.942 0.336 0. 285.031 -0.336 -0.942 0. -53.617 0. 0. 1. 0.
-0.940 0.341 0. 282.807 -0.341 -0.940 0. -54.411 0. 0. 1. 0.
-0.939 0.344 0. 280.580 -0.344 -0.939 0. -55.220 0. 0. 1. 0.
-0.937 0.348 0. 278.375 -0.348 -0.937 0. -56.032 0. 0. 1. 0.
-0.936 0.352 0. 276.131 -0.352 -0.936 0. -56.868 0. 0. 1. 0.
-0.935 0.355 0. 273.834 -0.355 -0.935 0. -57.733 0. 0. 1. 0.
-0.934 0.358 0. 271.556 -0.358 -0.934 0. -58.602 0. 0. 1. 0.
-0.932 0.361 0. 269.293 -0.361 -0.932 0. -59.473 0. 0. 1. 0.
-0.931 0.366 0. 267.035 -0.366 -0.931 0. -60.352 0. 0. 1. 0.
-0.929 0.369 0. 264.799 -0.369 -0.929 0. -61.235 0. 0. 1. 0.
-0.929 0.370 0. 262.587 -0.370 -0.929 0. -62.116 0. 0. 1. 0.
-0.928 0.371 0. 260.360 -0.371 -0.928 0. -62.991 0. 0. 1. 0.
-0.928 0.371 0. 258.102 -0.371 -0.928 0. -63.888 0. 0. 1. 0.
-0.929 0.371 0. 255.855 -0.371 -0.929 0. -64.780 0. 0. 1. 0.
-0.928 0.373 0. 253.595 -0.373 -0.928 0. -65.670 0. 0. 1. 0.
-0.926 0.377 0. 251.324 -0.377 -0.926 0. -66.576 0. 0. 1. 0.
-0.925 0.380 0. 248.995 -0.380 -0.925 0. -67.521 0. 0. 1. 0.
-0.924 0.383 0. 246.712 -0.383 -0.924 0. -68.460 0. 0. 1. 0.
-0.923 0.385 0. 244.418 -0.385 -0.923 0. -69.417 0. 0. 1. 0.
-0.922 0.388 0. 242.108 -0.388 -0.922 0. -70.377 0. 0. 1. 0.
-0.921 0.390 0. 239.737 -0.390 -0.921 0. -71.375 0. 0. 1. 0.
-0.920 0.392 0. 237.469 -0.392 -0.920 0. -72.329 0. 0. 1. 0.
-0.920 0.392 0. 235.144 -0.392 -0.920 0. -73.314 0. 0. 1. 0.
-0.919 0.393 0. 232.715 -0.393 -0.919 0. -74.339 0. 0. 1. 0.
-0.919 0.394 0. 230.289 -0.394 -0.919 0. -75.372 0. 0. 1. 0.
-0.919 0.395 0. 227.894 -0.395 -0.919 0. -76.391 0. 0. 1. 0.
-0.918 0.396 0. 225.495 -0.396 -0.918 0. -77.413 0. 0. 1. 0.
-0.918 0.396 0. 223.078 -0.396 -0.918 0. -78.441 0. 0. 1. 0.
-0.918 0.396 0. 220.659 -0.396 -0.918 0. -79.468 0. 0. 1. 0.
-0.919 0.395 0. 218.267 -0.395 -0.919 0. -80.488 0. 0. 1. 0.
-0.919 0.394 0. 215.895 -0.394 -0.919 0. -81.495 0. 0. 1. 0.
-0.919 0.393 0. 213.497 -0.393 -0.919 0. -82.503 0. 0. 1. 0.
-0.920 0.392 0. 211.093 -0.392 -0.920 0. -83.510 0. 0. 1. 0.
-0.921 0.390 0. 208.745 -0.390 -0.921 0. -84.494 0. 0. 1. 0.
-0.922 0.388 0. 206.383 -0.388 -0.922 0. -85.478 0. 0. 1. 0.
-0.922 0.386 0. 203.970 -0.386 -0.922 0. -86.476 0. 0. 1. 0.
-0.923 0.385 0. 201.542 -0.385 -0.923 0. -87.480 0. 0. 1. 0.
-0.924 0.382 0. 199.304 -0.382 -0.924 0. -88.394 0. 0. 1. 0.
-0.925 0.381 0. 196.933 -0.381 -0.925 0. -89.355 0. 0. 1. 0.
-0.926 0.379 0. 194.637 -0.379 -0.926 0. -90.278 0. 0. 1. 0.
-0.926 0.377 0. 192.413 -0.377 -0.926 0. -91.176 0. 0. 1. 0.
-0.926 0.377 0. 190.115 -0.377 -0.926 0. -92.100 0. 0. 1. 0.
-0.925 0.379 0. 187.923 -0.379 -0.925 0. -92.983 0. 0. 1. 0.
-0.925 0.380 0. 185.624 -0.380 -0.925 0. -93.906 0. 0. 1. 0.
-0.924 0.382 0. 183.383 -0.382 -0.924 0. -94.806 0. 0. 1. 0.
-0.924 0.383 0. 181.262 -0.383 -0.924 0. -95.666 0. 0. 1. 0.
-0.923 0.385 0. 179.037 -0.385 -0.923 0. -96.576 0. 0. 1. 0.
-0.923 0.385 0. 176.923 -0.385 -0.923 0. -97.445 0. 0. 1. 0.
-0.923 0.385 0. 174.825 -0.385 -0.923 0. -98.299 0. 0. 1. 0.
-0.923 0.385 0. 172.695 -0.385 -0.923 0. -99.165 0. 0. 1. 0.
-0.922 0.387 0. 170.501 -0.387 -0.922 0. -100.065 0. 0. 1. 0.
-0.922 0.386 0. 168.207 -0.386 -0.922 0. -101.019 0. 0. 1. 0.
-0.922 0.386 0. 166.058 -0.386 -0.922 0. -101.901 0. 0. 1. 0.
-0.923 0.385 0. 163.927 -0.385 -0.923 0. -102.788 0. 0. 1. 0.
-0.924 0.383 0. 161.799 -0.383 -0.924 0. -103.658 0. 0. 1. 0.
-0.925 0.379 0. 159.701 -0.379 -0.925 0. -104.512 0. 0. 1. 0.
-0.928 0.373 0. 157.567 -0.373 -0.928 0. -105.366 0. 0. 1. 0.
-0.929 0.369 0. 155.421 -0.369 -0.929 0. -106.209 0. 0. 1. 0.
-0.930 0.367 0. 153.291 -0.367 -0.930 0. -107.044 0. 0. 1. 0.
-0.930 0.367 0. 151.152 -0.367 -0.930 0. -107.874 0. 0. 1. 0.
