1566533811912499 1.00000 -0.00053 0.00000 -1.32469 0.00053 1.00000 -0.00000 -0.01665 -0.00000 0.00000 1.00000 0.00000
1566533812163785 1.00000 0.00142 -0.00000 -1.69877 -0.00142 1.00000 0.00000 -0.02011 0.00000 -0.00000 1.00000 0.00000
1566533812414742 1.00000 0.00029 -0.00000 -2.11103 -0.00029 1.00000 0.00000 -0.01574 0.00000 -0.00000 1.00000 0.00000
1566533812667090 1.00000 0.00175 -0.00000 -2.55966 -0.00175 1.00000 0.00000 -0.02720 0.00000 -0.00000 1.00000 0.00000
1566533812916977 1.00000 -0.00130 0.00000 -3.03260 0.00130 1.00000 -0.00000 -0.03421 -0.00000 0.00000 1.00000 0.00000
1566533813167536 1.00000 -0.00067 0.00000 -3.52242 0.00067 1.00000 -0.00000 -0.01902 -0.00000 0.00000 1.00000 0.00000
1566533813418282 1.00000 -0.00118 0.00000 -4.02359 0.00118 1.00000 -0.00000 -0.01215 -0.00000 0.00000 1.00000 0.00000
1566533813669102 1.00000 -0.00145 0.00000 -4.52191 0.00145 1.00000 -0.00000 -0.02275 -0.00000 0.00000 1.00000 0.00000
1566533813920578 1.00000 -0.00010 0.00000 -5.05613 0.00010 1.00000 -0.00000 -0.01016 -0.00000 0.00000 1.00000 0.00000
1566533814171172 1.00000 -0.00116 0.00000 -5.56576 0.00116 1.00000 -0.00000 -0.03977 -0.00000 0.00000 1.00000 0.00000
1566533814421982 1.00000 0.00008 -0.00000 -6.09846 -0.00008 1.00000 0.00000 -0.04575 0.00000 -0.00000 1.00000 0.00000
1566533814673737 1.00000 -0.00141 0.00000 -6.67412 0.00141 1.00000 -0.00000 -0.04237 -0.00000 0.00000 1.00000 0.00000
1566533814924107 1.00000 0.00015 -0.00000 -7.20699 -0.00015 1.00000 0.00000 -0.04135 0.00000 -0.00000 1.00000 0.00000
1566533815173974 1.00000 -0.00052 0.00000 -7.75265 0.00052 1.00000 -0.00000 -0.06949 -0.00000 0.00000 1.00000 0.00000
1566533815425113 1.00000 0.00259 -0.00000 -8.25093 -0.00259 1.00000 0.00000 -0.05526 0.00000 -0.00000 1.00000 0.00000
1566533815676307 0.99999 0.00381 -0.00000 -8.80973 -0.00381 0.99999 0.00000 -0.04095 0.00000 -0.00000 1.00000 0.00000
1566533815926887 0.99997 0.00741 -0.00000 -9.34883 -0.00741 0.99997 0.00000 -0.01511 0.00000 -0.00000 1.00000 0.00000
1566533816177745 0.99993 0.01152 -0.00000 -9.88885 -0.01152 0.99993 0.00000 0.02218 0.00000 -0.00000 1.00000 0.00000
1566533816432179 0.99992 0.01241 -0.00000 -10.41710 -0.01241 0.99992 0.00000 0.01589 0.00000 -0.00000 1.00000 0.00000
1566533816681033 0.99990 0.01428 -0.00000 -10.92735 -0.01428 0.99990 0.00000 0.04293 0.00000 -0.00000 1.00000 0.00000
1566533816931605 0.99986 0.01695 -0.00000 -11.44468 -0.01695 0.99986 0.00000 0.04224 0.00000 -0.00000 1.00000 0.00000
1566533817182729 0.99983 0.01850 -0.00000 -11.95486 -0.01850 0.99983 0.00000 0.06279 0.00000 -0.00000 1.00000 0.00000
1566533817433592 0.99978 0.02108 -0.00000 -12.47185 -0.02108 0.99978 0.00000 0.08682 0.00000 -0.00000 1.00000 0.00000
1566533817684089 0.99970 0.02438 -0.00000 -12.97848 -0.02438 0.99970 0.00000 0.11639 0.00000 -0.00000 1.00000 0.00000
1566533817934790 0.99963 0.02706 -0.00000 -13.45138 -0.02706 0.99963 0.00000 0.15011 0.00000 -0.00000 1.00000 0.00000
1566533818185225 0.99958 0.02881 -0.00000 -13.93433 -0.02881 0.99958 0.00000 0.17279 0.00000 -0.00000 1.00000 0.00000
1566533818436279 0.99959 0.02853 -0.00000 -14.40140 -0.02853 0.99959 0.00000 0.13689 0.00000 -0.00000 1.00000 0.00000
1566533818687182 0.99961 0.02798 -0.00000 -14.86610 -0.02798 0.99961 0.00000 0.14986 0.00000 -0.00000 1.00000 0.00000
1566533818938772 0.99957 0.02931 -0.00000 -15.33605 -0.02931 0.99957 0.00000 0.15556 0.00000 -0.00000 1.00000 0.00000
1566533819191166 0.99960 0.02839 -0.00000 -15.79764 -0.02839 0.99960 0.00000 0.14800 0.00000 -0.00000 1.00000 0.00000
1566533819441011 0.99956 0.02972 -0.00000 -16.24401 -0.02972 0.99956 0.00000 0.16124 0.00000 -0.00000 1.00000 0.00000
1566533819691826 0.99950 0.03172 -0.00000 -16.64574 -0.03172 0.99950 0.00000 0.15979 0.00000 -0.00000 1.00000 0.00000
1566533819943282 0.99945 0.03322 -0.00000 -16.99761 -0.03322 0.99945 0.00000 0.20832 0.00000 -0.00000 1.00000 0.00000
1566533820194168 0.99930 0.03744 -0.00000 -17.33374 -0.03744 0.99930 0.00000 0.27300 0.00000 -0.00000 1.00000 0.00000
1566533820444428 0.99915 0.04121 -0.00000 -17.65914 -0.04121 0.99915 0.00000 0.31134 0.00000 -0.00000 1.00000 0.00000
1566533820696329 0.99889 0.04711 -0.00000 -17.95154 -0.04711 0.99889 0.00000 0.40645 0.00000 -0.00000 1.00000 0.00000
1566533820947074 0.99851 0.05455 -0.00000 -18.21836 -0.05455 0.99851 0.00000 0.55445 0.00000 -0.00000 1.00000 0.00000
1566533821198674 0.99806 0.06220 -0.00000 -18.53295 -0.06220 0.99806 0.00000 0.70110 0.00000 -0.00000 1.00000 0.00000
1566533821448682 0.99753 0.07026 -0.00000 -18.83457 -0.07026 0.99753 0.00000 0.81894 0.00000 -0.00000 1.00000 0.00000
1566533821699747 0.99685 0.07925 -0.00000 -19.11770 -0.07925 0.99685 0.00000 0.97295 0.00000 -0.00000 1.00000 0.00000
1566533821951128 0.99584 0.09114 -0.00000 -19.43467 -0.09114 0.99584 0.00000 1.19230 0.00000 -0.00000 1.00000 0.00000
1566533822201891 0.99473 0.10249 -0.00000 -19.77290 -0.10249 0.99473 0.00000 1.38588 0.00000 -0.00000 1.00000 0.00000
1566533822452790 0.99331 0.11545 -0.00000 -20.13390 -0.11545 0.99331 0.00000 1.62192 0.00000 -0.00000 1.00000 0.00000
1566533822704012 0.99155 0.12970 -0.00000 -20.55110 -0.12970 0.99155 0.00000 1.89560 0.00000 -0.00000 1.00000 0.00000
1566533822956019 0.98930 0.14587 -0.00000 -20.94794 -0.14587 0.98930 0.00000 2.24280 0.00000 -0.00000 1.00000 0.00000
1566533823205655 0.98675 0.16224 -0.00000 -21.43777 -0.16224 0.98675 0.00000 2.51231 0.00000 -0.00000 1.00000 0.00000
1566533823456630 0.98355 0.18065 -0.00000 -21.94869 -0.18065 0.98355 0.00000 2.88980 0.00000 -0.00000 1.00000 0.00000
1566533823707751 0.97927 0.20254 -0.00000 -22.53959 -0.20254 0.97927 0.00000 3.36234 0.00000 -0.00000 1.00000 0.00000
1566533823960026 0.97472 0.22344 -0.00000 -23.12184 -0.22344 0.97472 0.00000 3.80604 0.00000 -0.00000 1.00000 0.00000
1566533824210769 0.96903 0.24694 -0.00000 -23.73814 -0.24694 0.96903 0.00000 4.34373 0.00000 -0.00000 1.00000 0.00000
1566533824461676 0.96269 0.27060 -0.00000 -24.37798 -0.27060 0.96269 0.00000 4.91019 0.00000 -0.00000 1.00000 0.00000
1566533824712720 0.95536 0.29544 -0.00000 -25.06963 -0.29544 0.95536 0.00000 5.52562 0.00000 -0.00000 1.00000 0.00000
1566533824963602 0.94891 0.31555 -0.00000 -25.78485 -0.31555 0.94891 0.00000 6.00797 0.00000 -0.00000 1.00000 0.00000
1566533825215277 0.94340 0.33165 -0.00000 -26.57108 -0.33165 0.94340 0.00000 6.42290 0.00000 -0.00000 1.00000 0.00000
1566533825466007 0.94010 0.34090 -0.00000 -27.40077 -0.34090 0.94010 0.00000 6.70493 0.00000 -0.00000 1.00000 0.00000
1566533825717016 0.94031 0.34033 -0.00000 -28.36267 -0.34033 0.94031 0.00000 6.65548 0.00000 -0.00000 1.00000 0.00000
1566533825968043 0.94273 0.33355 -0.00000 -29.38313 -0.33355 0.94273 0.00000 6.46473 0.00000 -0.00000 1.00000 0.00000
1566533826218612 0.94773 0.31908 -0.00000 -30.50952 -0.31908 0.94773 0.00000 6.02769 0.00000 -0.00000 1.00000 0.00000
1566533826472859 0.95392 0.30005 -0.00000 -31.66959 -0.30005 0.95392 0.00000 5.41461 0.00000 -0.00000 1.00000 0.00000
1566533826720808 0.96074 0.27743 -0.00000 -32.85011 -0.27743 0.96074 0.00000 4.67632 0.00000 -0.00000 1.00000 0.00000
1566533826970654 0.96791 0.25131 -0.00000 -34.04950 -0.25131 0.96791 0.00000 3.78398 0.00000 -0.00000 1.00000 0.00000
1566533827222025 0.97489 0.22269 -0.00000 -35.28737 -0.22269 0.97489 0.00000 2.81813 0.00000 -0.00000 1.00000 0.00000
1566533827474940 0.98079 0.19508 -0.00000 -36.51129 -0.19508 0.98079 0.00000 1.85669 0.00000 -0.00000 1.00000 0.00000
1566533827723153 0.98642 0.16427 -0.00000 -37.73864 -0.16427 0.98642 0.00000 0.70799 0.00000 -0.00000 1.00000 0.00000
1566533827974823 0.99083 0.13510 -0.00000 -39.00087 -0.13510 0.99083 0.00000 -0.36813 0.00000 -0.00000 1.00000 0.00000
1566533828225504 0.99396 0.10977 -0.00000 -40.25477 -0.10977 0.99396 0.00000 -1.38286 0.00000 -0.00000 1.00000 0.00000
1566533828476424 0.99601 0.08926 -0.00000 -41.52679 -0.08926 0.99601 0.00000 -2.20983 0.00000 -0.00000 1.00000 0.00000
1566533828726694 0.99723 0.07441 -0.00000 -42.78948 -0.07441 0.99723 0.00000 -2.77382 0.00000 -0.00000 1.00000 0.00000
1566533828977875 0.99806 0.06219 -0.00000 -44.12276 -0.06219 0.99806 0.00000 -3.31861 0.00000 -0.00000 1.00000 0.00000
1566533829229036 0.99861 0.05267 -0.00000 -45.48932 -0.05267 0.99861 0.00000 -3.73082 0.00000 -0.00000 1.00000 0.00000
1566533829479449 0.99882 0.04864 -0.00000 -46.88038 -0.04864 0.99882 0.00000 -3.92205 0.00000 -0.00000 1.00000 0.00000
1566533829729889 0.99882 0.04852 -0.00000 -48.32526 -0.04852 0.99882 0.00000 -3.92928 0.00000 -0.00000 1.00000 0.00000
1566533829980516 0.99869 0.05119 -0.00000 -49.78637 -0.05119 0.99869 0.00000 -3.82414 0.00000 -0.00000 1.00000 0.00000
1566533830231197 0.99870 0.05096 -0.00000 -51.21302 -0.05096 0.99870 0.00000 -3.83867 0.00000 -0.00000 1.00000 0.00000
1566533830481744 0.99865 0.05203 -0.00000 -52.66338 -0.05203 0.99865 0.00000 -3.76888 0.00000 -0.00000 1.00000 0.00000
1566533830732078 0.99860 0.05294 -0.00000 -54.14422 -0.05294 0.99860 0.00000 -3.73134 0.00000 -0.00000 1.00000 0.00000
1566533830982761 0.99855 0.05375 -0.00000 -55.63467 -0.05375 0.99855 0.00000 -3.73203 0.00000 -0.00000 1.00000 0.00000
1566533831233578 0.99848 0.05519 -0.00000 -57.10664 -0.05519 0.99848 0.00000 -3.60393 0.00000 -0.00000 1.00000 0.00000
1566533831484455 0.99829 0.05846 -0.00000 -58.61282 -0.05846 0.99829 0.00000 -3.47490 0.00000 -0.00000 1.00000 0.00000
1566533831734959 0.99817 0.06040 -0.00000 -60.13269 -0.06040 0.99817 0.00000 -3.31794 0.00000 -0.00000 1.00000 0.00000
1566533831985723 0.99810 0.06156 -0.00000 -61.66328 -0.06156 0.99810 0.00000 -3.27077 0.00000 -0.00000 1.00000 0.00000
1566533832236873 0.99800 0.06318 -0.00000 -63.19143 -0.06318 0.99800 0.00000 -3.20479 0.00000 -0.00000 1.00000 0.00000
1566533832488106 0.99753 0.07026 -0.00000 -64.72983 -0.07026 0.99753 0.00000 -2.75238 0.00000 -0.00000 1.00000 0.00000
1566533832739659 0.99670 0.08121 -0.00000 -66.31893 -0.08121 0.99670 0.00000 -2.05542 0.00000 -0.00000 1.00000 0.00000
1566533833000067 0.99593 0.09018 -0.00000 -67.90100 -0.09018 0.99593 0.00000 -1.46946 0.00000 -0.00000 1.00000 0.00000
1566533833240549 0.99473 0.10254 -0.00000 -69.41749 -0.10254 0.99473 0.00000 -0.67220 0.00000 -0.00000 1.00000 0.00000
1566533833490745 0.99330 0.11560 -0.00000 -70.96708 -0.11560 0.99330 0.00000 0.20821 0.00000 -0.00000 1.00000 0.00000
1566533833741190 0.99150 0.13013 -0.00000 -72.47301 -0.13013 0.99150 0.00000 1.28433 0.00000 -0.00000 1.00000 0.00000
1566533833996089 0.98925 0.14620 -0.00000 -73.93940 -0.14620 0.98925 0.00000 2.39647 0.00000 -0.00000 1.00000 0.00000
1566533834242664 0.98689 0.16141 -0.00000 -75.37502 -0.16141 0.98689 0.00000 3.55735 0.00000 -0.00000 1.00000 0.00000
1566533834493504 0.98359 0.18043 -0.00000 -76.77274 -0.18043 0.98359 0.00000 5.02987 0.00000 -0.00000 1.00000 0.00000
1566533834744476 0.98055 0.19629 -0.00000 -78.19035 -0.19629 0.98055 0.00000 6.28711 0.00000 -0.00000 1.00000 0.00000
1566533834996649 0.97736 0.21159 -0.00000 -79.50367 -0.21159 0.97736 0.00000 7.42128 0.00000 -0.00000 1.00000 0.00000
1566533835246185 0.97445 0.22460 -0.00000 -80.80010 -0.22460 0.97445 0.00000 8.53664 0.00000 -0.00000 1.00000 0.00000
1566533835496506 0.97078 0.23996 -0.00000 -82.07631 -0.23996 0.97078 0.00000 9.83120 0.00000 -0.00000 1.00000 0.00000
1566533835746881 0.96620 0.25781 -0.00000 -83.25968 -0.25781 0.96620 0.00000 11.25758 0.00000 -0.00000 1.00000 0.00000
1566533836000654 0.96220 0.27233 -0.00000 -84.44394 -0.27233 0.96220 0.00000 12.45818 0.00000 -0.00000 1.00000 0.00000
1566533836249094 0.95715 0.28959 -0.00000 -85.56252 -0.28959 0.95715 0.00000 13.96898 0.00000 -0.00000 1.00000 0.00000
1566533836499594 0.95143 0.30787 -0.00000 -86.59285 -0.30787 0.95143 0.00000 15.59708 0.00000 -0.00000 1.00000 0.00000
1566533836750160 0.94545 0.32576 -0.00000 -87.57397 -0.32576 0.94545 0.00000 17.24972 0.00000 -0.00000 1.00000 0.00000
1566533837000610 0.94008 0.34095 -0.00000 -88.55911 -0.34095 0.94008 0.00000 18.59811 0.00000 -0.00000 1.00000 0.00000
1566533837251350 0.93150 0.36374 -0.00000 -89.34798 -0.36374 0.93150 0.00000 20.80891 0.00000 -0.00000 1.00000 0.00000
1566533837501602 0.92442 0.38138 -0.00000 -90.22343 -0.38138 0.92442 0.00000 22.44754 0.00000 -0.00000 1.00000 0.00000
1566533837752528 0.91586 0.40149 -0.00000 -90.94944 -0.40149 0.91586 0.00000 24.37053 0.00000 -0.00000 1.00000 0.00000
1566533838003604 0.90601 0.42326 -0.00000 -91.55295 -0.42326 0.90601 0.00000 26.49220 0.00000 -0.00000 1.00000 0.00000
1566533838253918 0.89490 0.44627 -0.00000 -91.97287 -0.44627 0.89490 0.00000 28.88046 0.00000 -0.00000 1.00000 0.00000
1566533838504739 0.88441 0.46671 -0.00000 -92.50074 -0.46671 0.88441 0.00000 30.88727 0.00000 -0.00000 1.00000 0.00000
1566533838755452 0.87439 0.48522 -0.00000 -92.97290 -0.48522 0.87439 0.00000 32.78182 0.00000 -0.00000 1.00000 0.00000
1566533839006351 0.86094 0.50870 -0.00000 -93.20547 -0.50870 0.86094 0.00000 35.29512 0.00000 -0.00000 1.00000 0.00000
1566533839257232 0.84746 0.53086 -0.00000 -93.38359 -0.53086 0.84746 0.00000 37.64553 0.00000 -0.00000 1.00000 0.00000
1566533839507285 0.83394 0.55185 -0.00000 -93.49689 -0.55185 0.83394 0.00000 39.94318 0.00000 -0.00000 1.00000 0.00000
1566533839758321 0.81705 0.57657 -0.00000 -93.35436 -0.57657 0.81705 0.00000 42.66639 0.00000 -0.00000 1.00000 0.00000
1566533840009451 0.79844 0.60208 -0.00000 -93.02376 -0.60208 0.79844 0.00000 45.55184 0.00000 -0.00000 1.00000 0.00000
1566533840259895 0.77873 0.62736 -0.00000 -92.60822 -0.62736 0.77873 0.00000 48.47475 0.00000 -0.00000 1.00000 0.00000
1566533840510289 0.75915 0.65092 -0.00000 -92.16114 -0.65092 0.75915 0.00000 51.23276 0.00000 -0.00000 1.00000 0.00000
1566533840760913 0.74173 0.67070 -0.00000 -91.81771 -0.67070 0.74173 0.00000 53.61906 0.00000 -0.00000 1.00000 0.00000
1566533841011815 0.72909 0.68442 -0.00000 -91.86419 -0.68442 0.72909 0.00000 55.25212 0.00000 -0.00000 1.00000 0.00000
1566533841262605 0.72112 0.69281 -0.00000 -92.23029 -0.69281 0.72112 0.00000 56.33382 0.00000 -0.00000 1.00000 0.00000
1566533841513326 0.71532 0.69880 -0.00000 -92.58933 -0.69880 0.71532 0.00000 57.08939 0.00000 -0.00000 1.00000 0.00000
1566533841764322 0.71384 0.70031 -0.00000 -93.35039 -0.70031 0.71384 0.00000 57.31226 0.00000 -0.00000 1.00000 0.00000
1566533842014181 0.71492 0.69921 -0.00000 -94.12159 -0.69921 0.71492 0.00000 57.10043 0.00000 -0.00000 1.00000 0.00000
1566533842265754 0.71486 0.69927 -0.00000 -94.64198 -0.69927 0.71486 0.00000 57.13521 0.00000 -0.00000 1.00000 0.00000
1566533842516067 0.71689 0.69719 -0.00000 -95.41123 -0.69719 0.71689 0.00000 56.90101 0.00000 -0.00000 1.00000 0.00000
1566533842766668 0.71730 0.69676 -0.00000 -95.91767 -0.69676 0.71730 0.00000 56.87861 0.00000 -0.00000 1.00000 0.00000
1566533843017788 0.71861 0.69541 -0.00000 -96.44456 -0.69541 0.71861 0.00000 56.70007 0.00000 -0.00000 1.00000 0.00000
1566533843268134 0.71985 0.69413 -0.00000 -97.01245 -0.69413 0.71985 0.00000 56.49768 0.00000 -0.00000 1.00000 0.00000
1566533843520033 0.72195 0.69194 -0.00000 -97.64760 -0.69194 0.72195 0.00000 56.20175 0.00000 -0.00000 1.00000 0.00000
1566533843770453 0.72302 0.69083 -0.00000 -98.17085 -0.69083 0.72302 0.00000 56.03454 0.00000 -0.00000 1.00000 0.00000
1566533844021285 0.72624 0.68744 -0.00000 -98.86778 -0.68744 0.72624 0.00000 55.55940 0.00000 -0.00000 1.00000 0.00000
1566533844272311 0.72896 0.68456 -0.00000 -99.57454 -0.68456 0.72896 0.00000 55.18880 0.00000 -0.00000 1.00000 0.00000
1566533844522470 0.73071 0.68268 -0.00000 -100.21226 -0.68268 0.73071 0.00000 54.92023 0.00000 -0.00000 1.00000 0.00000
1566533844773337 0.73131 0.68204 -0.00000 -100.74121 -0.68204 0.73131 0.00000 54.82488 0.00000 -0.00000 1.00000 0.00000
1566533845025344 0.73304 0.68019 -0.00000 -101.43656 -0.68019 0.73304 0.00000 54.59322 0.00000 -0.00000 1.00000 0.00000
1566533845275479 0.73594 0.67705 -0.00000 -102.25310 -0.67705 0.73594 0.00000 54.14527 0.00000 -0.00000 1.00000 0.00000
1566533845526513 0.73706 0.67583 -0.00000 -102.94455 -0.67583 0.73706 0.00000 53.98652 0.00000 -0.00000 1.00000 0.00000
1566533845776669 0.73876 0.67397 -0.00000 -103.74832 -0.67397 0.73876 0.00000 53.72911 0.00000 -0.00000 1.00000 0.00000
1566533846028182 0.74042 0.67215 -0.00000 -104.55712 -0.67215 0.74042 0.00000 53.47409 0.00000 -0.00000 1.00000 0.00000
1566533846278961 0.74137 0.67110 -0.00000 -105.41870 -0.67110 0.74137 0.00000 53.31420 0.00000 -0.00000 1.00000 0.00000
1566533846530127 0.74227 0.67010 -0.00000 -106.26603 -0.67010 0.74227 0.00000 53.17678 0.00000 -0.00000 1.00000 0.00000
1566533846780862 0.74321 0.66906 -0.00000 -107.19471 -0.66906 0.74321 0.00000 53.05964 0.00000 -0.00000 1.00000 0.00000
1566533847031286 0.74350 0.66874 -0.00000 -107.98452 -0.66874 0.74350 0.00000 52.96374 0.00000 -0.00000 1.00000 0.00000
1566533847282469 0.74310 0.66918 -0.00000 -108.77565 -0.66918 0.74310 0.00000 52.98943 0.00000 -0.00000 1.00000 0.00000
1566533847533299 0.74342 0.66883 -0.00000 -109.63141 -0.66883 0.74342 0.00000 52.95075 0.00000 -0.00000 1.00000 0.00000
1566533847784146 0.74215 0.67023 -0.00000 -110.39156 -0.67023 0.74215 0.00000 53.14038 0.00000 -0.00000 1.00000 0.00000
1566533848035074 0.74198 0.67042 -0.00000 -111.28238 -0.67042 0.74198 0.00000 53.18276 0.00000 -0.00000 1.00000 0.00000
1566533848285975 0.74092 0.67159 -0.00000 -112.11169 -0.67159 0.74092 0.00000 53.36341 0.00000 -0.00000 1.00000 0.00000
1566533848536456 0.74081 0.67172 -0.00000 -113.04233 -0.67172 0.74081 0.00000 53.34853 0.00000 -0.00000 1.00000 0.00000
1566533848788097 0.73876 0.67396 -0.00000 -113.83174 -0.67396 0.73876 0.00000 53.68574 0.00000 -0.00000 1.00000 0.00000
1566533849039133 0.73944 0.67323 -0.00000 -114.89328 -0.67323 0.73944 0.00000 53.58655 0.00000 -0.00000 1.00000 0.00000
1566533849290181 0.73752 0.67532 -0.00000 -115.75414 -0.67532 0.73752 0.00000 53.85603 0.00000 -0.00000 1.00000 0.00000
1566533849540813 0.73604 0.67694 -0.00000 -116.69228 -0.67694 0.73604 0.00000 54.13051 0.00000 -0.00000 1.00000 0.00000
1566533849791366 0.73687 0.67603 -0.00000 -117.87224 -0.67603 0.73687 0.00000 53.93611 0.00000 -0.00000 1.00000 0.00000
1566533850041492 0.73858 0.67417 -0.00000 -119.12969 -0.67417 0.73858 0.00000 53.70696 0.00000 -0.00000 1.00000 0.00000
1566533850293162 0.73958 0.67306 -0.00000 -120.34072 -0.67306 0.73958 0.00000 53.47696 0.00000 -0.00000 1.00000 0.00000
1566533850543720 0.74208 0.67031 -0.00000 -121.71953 -0.67031 0.74208 0.00000 53.07395 0.00000 -0.00000 1.00000 0.00000
1566533850794131 0.74324 0.66903 -0.00000 -123.03373 -0.66903 0.74324 0.00000 52.83384 0.00000 -0.00000 1.00000 0.00000
1566533851045713 0.74687 0.66497 -0.00000 -124.49649 -0.66497 0.74687 0.00000 52.19458 0.00000 -0.00000 1.00000 0.00000
1566533851295520 0.74914 0.66241 -0.00000 -125.87638 -0.66241 0.74914 0.00000 51.75576 0.00000 -0.00000 1.00000 0.00000
1566533851545869 0.75433 0.65649 -0.00000 -127.49078 -0.65649 0.75433 0.00000 50.75152 0.00000 -0.00000 1.00000 0.00000
1566533851796953 0.75864 0.65151 -0.00000 -129.01389 -0.65151 0.75864 0.00000 49.87028 0.00000 -0.00000 1.00000 0.00000
1566533852048254 0.76365 0.64563 -0.00000 -130.75526 -0.64563 0.76365 0.00000 48.93174 0.00000 -0.00000 1.00000 0.00000
1566533852298879 0.76754 0.64100 -0.00000 -132.31697 -0.64100 0.76754 0.00000 48.05775 0.00000 -0.00000 1.00000 0.00000
1566533852549761 0.77442 0.63267 -0.00000 -134.16761 -0.63267 0.77442 0.00000 46.69729 0.00000 -0.00000 1.00000 0.00000
1566533852800850 0.78118 0.62431 -0.00000 -135.95218 -0.62431 0.78118 0.00000 45.20547 0.00000 -0.00000 1.00000 0.00000
1566533853051800 0.78834 0.61524 -0.00000 -137.86815 -0.61524 0.78834 0.00000 43.71802 0.00000 -0.00000 1.00000 0.00000
1566533853302152 0.79569 0.60570 -0.00000 -139.68733 -0.60570 0.79569 0.00000 42.00911 0.00000 -0.00000 1.00000 0.00000
1566533853552910 0.80232 0.59689 -0.00000 -141.47680 -0.59689 0.80232 0.00000 40.48514 0.00000 -0.00000 1.00000 0.00000
1566533853803467 0.80976 0.58676 -0.00000 -143.34895 -0.58676 0.80976 0.00000 38.66502 0.00000 -0.00000 1.00000 0.00000
1566533854054624 0.81996 0.57243 -0.00000 -145.34814 -0.57243 0.81996 0.00000 36.20251 0.00000 -0.00000 1.00000 0.00000
1566533854305407 0.82875 0.55962 -0.00000 -147.24703 -0.55962 0.82875 0.00000 33.92081 0.00000 -0.00000 1.00000 0.00000
1566533854556166 0.83797 0.54572 -0.00000 -149.02343 -0.54572 0.83797 0.00000 31.42576 0.00000 -0.00000 1.00000 0.00000
1566533854807192 0.84978 0.52714 -0.00000 -150.94345 -0.52714 0.84978 0.00000 28.17593 0.00000 -0.00000 1.00000 0.00000
1566533855057695 0.85931 0.51145 -0.00000 -152.77371 -0.51145 0.85931 0.00000 25.43694 0.00000 -0.00000 1.00000 0.00000
1566533855308340 0.86712 0.49810 -0.00000 -154.36196 -0.49810 0.86712 0.00000 23.10036 0.00000 -0.00000 1.00000 0.00000
1566533855558748 0.87567 0.48292 -0.00000 -155.94704 -0.48292 0.87567 0.00000 20.40130 0.00000 -0.00000 1.00000 0.00000
1566533855809785 0.88396 0.46756 -0.00000 -157.46292 -0.46756 0.88396 0.00000 17.68023 0.00000 -0.00000 1.00000 0.00000
1566533856060483 0.89103 0.45394 -0.00000 -158.76598 -0.45394 0.89103 0.00000 15.28057 0.00000 -0.00000 1.00000 0.00000
1566533856310788 0.89682 0.44240 -0.00000 -160.01956 -0.44240 0.89682 0.00000 13.24026 0.00000 -0.00000 1.00000 0.00000
1566533856561406 0.89896 0.43803 -0.00000 -161.02632 -0.43803 0.89896 0.00000 12.45503 0.00000 -0.00000 1.00000 0.00000
1566533856811616 0.90106 0.43370 -0.00000 -161.95505 -0.43370 0.90106 0.00000 11.67993 0.00000 -0.00000 1.00000 0.00000
1566533857062813 0.90253 0.43063 -0.00000 -162.76114 -0.43063 0.90253 0.00000 11.13998 0.00000 -0.00000 1.00000 0.00000
1566533857313562 0.90367 0.42823 -0.00000 -163.48822 -0.42823 0.90367 0.00000 10.72244 0.00000 -0.00000 1.00000 0.00000
1566533857564005 0.90544 0.42448 -0.00000 -164.17539 -0.42448 0.90544 0.00000 10.02879 0.00000 -0.00000 1.00000 0.00000
1566533857814751 0.90440 0.42668 -0.00000 -164.80893 -0.42668 0.90440 0.00000 10.43008 0.00000 -0.00000 1.00000 0.00000
1566533858066191 0.90518 0.42503 -0.00000 -165.41682 -0.42503 0.90518 0.00000 10.11978 0.00000 -0.00000 1.00000 0.00000
1566533858316499 0.90492 0.42558 -0.00000 -165.97331 -0.42558 0.90492 0.00000 10.20968 0.00000 -0.00000 1.00000 0.00000
1566533858568058 0.90293 0.42978 -0.00000 -166.45508 -0.42978 0.90293 0.00000 10.96270 0.00000 -0.00000 1.00000 0.00000
1566533858818761 0.89940 0.43713 -0.00000 -166.91892 -0.43713 0.89940 0.00000 12.30487 0.00000 -0.00000 1.00000 0.00000
1566533859069715 0.89571 0.44465 -0.00000 -167.40546 -0.44465 0.89571 0.00000 13.69811 0.00000 -0.00000 1.00000 0.00000
1566533859320834 0.89048 0.45502 -0.00000 -167.75111 -0.45502 0.89048 0.00000 15.60454 0.00000 -0.00000 1.00000 0.00000
1566533859572464 0.88686 0.46203 -0.00000 -168.26138 -0.46203 0.88686 0.00000 16.91958 0.00000 -0.00000 1.00000 0.00000
1566533859823312 0.88581 0.46405 -0.00000 -168.87927 -0.46405 0.88581 0.00000 17.32246 0.00000 -0.00000 1.00000 0.00000
1566533860074312 0.88739 0.46102 -0.00000 -169.61182 -0.46102 0.88739 0.00000 16.73248 0.00000 -0.00000 1.00000 0.00000
1566533860325563 0.89421 0.44765 -0.00000 -170.58582 -0.44765 0.89421 0.00000 14.19935 0.00000 -0.00000 1.00000 0.00000
1566533860576634 0.90345 0.42870 -0.00000 -171.66249 -0.42870 0.90345 0.00000 10.62638 0.00000 -0.00000 1.00000 0.00000
1566533860826956 0.91402 0.40567 -0.00000 -172.74006 -0.40567 0.91402 0.00000 6.28325 0.00000 -0.00000 1.00000 0.00000
1566533861076533 0.92466 0.38079 -0.00000 -173.77437 -0.38079 0.92466 0.00000 1.65343 0.00000 -0.00000 1.00000 0.00000
1566533861328418 0.93542 0.35354 -0.00000 -174.72265 -0.35354 0.93542 0.00000 -3.41385 0.00000 -0.00000 1.00000 0.00000
1566533861579763 0.94610 0.32388 -0.00000 -175.58444 -0.32388 0.94610 0.00000 -8.86060 0.00000 -0.00000 1.00000 0.00000
1566533861829851 0.95623 0.29262 -0.00000 -176.32450 -0.29262 0.95623 0.00000 -14.60241 0.00000 -0.00000 1.00000 0.00000
1566533862079955 0.96486 0.26277 -0.00000 -176.95198 -0.26277 0.96486 0.00000 -20.03370 0.00000 -0.00000 1.00000 0.00000
1566533862330937 0.97290 0.23124 -0.00000 -177.43880 -0.23124 0.97290 0.00000 -25.75219 0.00000 -0.00000 1.00000 0.00000
1566533862581136 0.97918 0.20298 -0.00000 -177.88865 -0.20298 0.97918 0.00000 -30.82378 0.00000 -0.00000 1.00000 0.00000
1566533862831768 0.98465 0.17456 -0.00000 -178.28891 -0.17456 0.98465 0.00000 -35.91452 0.00000 -0.00000 1.00000 0.00000
1566533863082738 0.98772 0.15620 -0.00000 -178.93220 -0.15620 0.98772 0.00000 -39.20152 0.00000 -0.00000 1.00000 0.00000
1566533863333222 0.98916 0.14686 -0.00000 -179.98322 -0.14686 0.98916 0.00000 -40.95476 0.00000 -0.00000 1.00000 0.00000
1566533863583857 0.99018 0.13979 -0.00000 -181.19983 -0.13979 0.99018 0.00000 -42.31174 0.00000 -0.00000 1.00000 0.00000
1566533863836727 0.99031 0.13884 -0.00000 -182.63690 -0.13884 0.99031 0.00000 -42.48741 0.00000 -0.00000 1.00000 0.00000
1566533864087242 0.99105 0.13352 -0.00000 -183.83630 -0.13352 0.99105 0.00000 -43.42940 0.00000 -0.00000 1.00000 0.00000
1566533864338034 0.99152 0.12997 -0.00000 -185.23755 -0.12997 0.99152 0.00000 -44.09898 0.00000 -0.00000 1.00000 0.00000
1566533864589145 0.99193 0.12682 -0.00000 -186.70492 -0.12682 0.99193 0.00000 -44.72247 0.00000 -0.00000 1.00000 0.00000
1566533864839819 0.99205 0.12587 -0.00000 -188.26347 -0.12587 0.99205 0.00000 -44.82414 0.00000 -0.00000 1.00000 0.00000
1566533865090911 0.99242 0.12290 -0.00000 -189.78048 -0.12290 0.99242 0.00000 -45.39488 0.00000 -0.00000 1.00000 0.00000
1566533865341669 0.99331 0.11549 -0.00000 -191.11931 -0.11549 0.99331 0.00000 -46.83933 0.00000 -0.00000 1.00000 0.00000
1566533865591741 0.99403 0.10907 -0.00000 -192.54681 -0.10907 0.99403 0.00000 -48.09420 0.00000 -0.00000 1.00000 0.00000
1566533865842381 0.99479 0.10194 -0.00000 -193.94945 -0.10194 0.99479 0.00000 -49.49606 0.00000 -0.00000 1.00000 0.00000
1566533866093355 0.99582 0.09131 -0.00000 -195.22487 -0.09131 0.99582 0.00000 -51.57871 0.00000 -0.00000 1.00000 0.00000
1566533866344191 0.99685 0.07931 -0.00000 -196.40643 -0.07931 0.99685 0.00000 -53.92553 0.00000 -0.00000 1.00000 0.00000
1566533866595422 0.99790 0.06473 -0.00000 -197.46724 -0.06473 0.99790 0.00000 -56.82029 0.00000 -0.00000 1.00000 0.00000
1566533866846215 0.99894 0.04607 -0.00000 -198.28588 -0.04607 0.99894 0.00000 -60.52200 0.00000 -0.00000 1.00000 0.00000
1566533867096263 0.99974 0.02260 -0.00000 -198.71191 -0.02260 0.99974 0.00000 -65.12819 0.00000 -0.00000 1.00000 0.00000
1566533867347167 0.99999 0.00508 -0.00000 -199.42010 -0.00508 0.99999 0.00000 -68.62511 0.00000 -0.00000 1.00000 0.00000
1566533867598236 0.99996 -0.00884 0.00000 -200.42624 0.00884 0.99996 -0.00000 -71.43356 -0.00000 0.00000 1.00000 0.00000
1566533867848970 0.99976 -0.02176 0.00000 -201.43457 0.02176 0.99976 -0.00000 -74.02235 -0.00000 0.00000 1.00000 0.00000
1566533868098803 0.99936 -0.03565 0.00000 -202.41478 0.03565 0.99936 -0.00000 -76.80312 -0.00000 0.00000 1.00000 0.00000
1566533868349652 0.99877 -0.04950 0.00000 -203.32305 0.04950 0.99877 -0.00000 -79.60440 -0.00000 0.00000 1.00000 0.00000
1566533868599885 0.99805 -0.06245 0.00000 -204.29617 0.06245 0.99805 -0.00000 -82.26925 -0.00000 0.00000 1.00000 0.00000
1566533868850453 0.99715 -0.07550 0.00000 -205.25113 0.07550 0.99715 -0.00000 -84.94132 -0.00000 0.00000 1.00000 0.00000
1566533869101021 0.99629 -0.08606 0.00000 -206.46415 0.08606 0.99629 -0.00000 -87.05871 -0.00000 0.00000 1.00000 0.00000
1566533869351685 0.99511 -0.09875 0.00000 -207.48302 0.09875 0.99511 -0.00000 -89.68952 -0.00000 0.00000 1.00000 0.00000
1566533869602754 0.99410 -0.10847 0.00000 -208.71410 0.10847 0.99410 -0.00000 -91.74009 -0.00000 0.00000 1.00000 0.00000
1566533869853135 0.99285 -0.11935 0.00000 -209.79462 0.11935 0.99285 -0.00000 -93.99642 -0.00000 0.00000 1.00000 0.00000
1566533870103359 0.99165 -0.12900 0.00000 -210.96546 0.12900 0.99165 -0.00000 -96.04514 -0.00000 0.00000 1.00000 0.00000
1566533870353786 0.98973 -0.14296 0.00000 -211.72508 0.14296 0.98973 -0.00000 -98.99448 -0.00000 0.00000 1.00000 0.00000
1566533870604053 0.98794 -0.15482 0.00000 -212.57094 0.15482 0.98794 -0.00000 -101.52640 -0.00000 0.00000 1.00000 0.00000
1566533870855011 0.98521 -0.17133 0.00000 -212.95932 0.17133 0.98521 -0.00000 -105.06396 -0.00000 0.00000 1.00000 0.00000
1566533871105466 0.98240 -0.18677 0.00000 -213.33530 0.18677 0.98240 -0.00000 -108.39618 -0.00000 0.00000 1.00000 0.00000
1566533871356115 0.97914 -0.20319 0.00000 -213.57439 0.20319 0.97914 -0.00000 -111.94210 -0.00000 0.00000 1.00000 0.00000
1566533871606515 0.97518 -0.22141 0.00000 -213.54334 0.22141 0.97518 -0.00000 -115.93508 -0.00000 0.00000 1.00000 0.00000
1566533871856980 0.97052 -0.24104 0.00000 -213.24101 0.24104 0.97052 -0.00000 -120.19517 -0.00000 0.00000 1.00000 0.00000
1566533872107814 0.96524 -0.26138 0.00000 -212.79025 0.26138 0.96524 -0.00000 -124.65407 -0.00000 0.00000 1.00000 0.00000
1566533872357964 0.95900 -0.28340 0.00000 -211.97321 0.28340 0.95900 -0.00000 -129.48631 -0.00000 0.00000 1.00000 0.00000
1566533872607661 0.95229 -0.30519 0.00000 -211.07598 0.30519 0.95229 -0.00000 -134.28472 -0.00000 0.00000 1.00000 0.00000
1566533872857518 0.94509 -0.32680 0.00000 -210.06240 0.32680 0.94509 -0.00000 -139.03770 -0.00000 0.00000 1.00000 0.00000
1566533873108051 0.93648 -0.35073 0.00000 -208.50807 0.35073 0.93648 -0.00000 -144.32052 -0.00000 0.00000 1.00000 0.00000
1566533873357807 0.92769 -0.37336 0.00000 -207.05383 0.37336 0.92769 -0.00000 -149.34086 -0.00000 0.00000 1.00000 0.00000
1566533873607811 0.91877 -0.39479 0.00000 -205.60967 0.39479 0.91877 -0.00000 -154.09221 -0.00000 0.00000 1.00000 0.00000
1566533873858041 0.90785 -0.41930 0.00000 -203.50450 0.41930 0.90785 -0.00000 -159.56943 -0.00000 0.00000 1.00000 0.00000
1566533874108382 0.89690 -0.44222 0.00000 -201.50559 0.44222 0.89690 -0.00000 -164.64809 -0.00000 0.00000 1.00000 0.00000
1566533874358688 0.88424 -0.46704 0.00000 -198.91856 0.46704 0.88424 -0.00000 -170.15407 -0.00000 0.00000 1.00000 0.00000
1566533874608707 0.87286 -0.48796 0.00000 -196.89142 0.48796 0.87286 -0.00000 -174.85291 -0.00000 0.00000 1.00000 0.00000
1566533874858953 0.86125 -0.50819 0.00000 -194.89931 0.50819 0.86125 -0.00000 -179.44263 -0.00000 0.00000 1.00000 0.00000
1566533875108577 0.84890 -0.52855 0.00000 -192.65774 0.52855 0.84890 -0.00000 -183.99908 -0.00000 0.00000 1.00000 0.00000
1566533875358583 0.83597 -0.54877 0.00000 -190.30966 0.54877 0.83597 -0.00000 -188.59897 -0.00000 0.00000 1.00000 0.00000
1566533875608261 0.82360 -0.56717 0.00000 -188.19551 0.56717 0.82360 -0.00000 -192.77810 -0.00000 0.00000 1.00000 0.00000
1566533875858710 0.81220 -0.58338 0.00000 -186.45056 0.58338 0.81220 -0.00000 -196.43540 -0.00000 0.00000 1.00000 0.00000
1566533876109162 0.80088 -0.59882 0.00000 -184.75585 0.59882 0.80088 -0.00000 -199.95557 -0.00000 0.00000 1.00000 0.00000
1566533876359034 0.78957 -0.61366 0.00000 -183.14207 0.61366 0.78957 -0.00000 -203.39127 -0.00000 0.00000 1.00000 0.00000
1566533876609621 0.77893 -0.62712 0.00000 -181.74211 0.62712 0.77893 -0.00000 -206.51764 -0.00000 0.00000 1.00000 0.00000
1566533876859674 0.76856 -0.63978 0.00000 -180.45945 0.63978 0.76856 -0.00000 -209.46470 -0.00000 0.00000 1.00000 0.00000
1566533877108833 0.75726 -0.65311 0.00000 -178.87960 0.65311 0.75726 -0.00000 -212.55926 -0.00000 0.00000 1.00000 0.00000
1566533877359572 0.74780 -0.66393 0.00000 -177.94571 0.66393 0.74780 -0.00000 -215.13842 -0.00000 0.00000 1.00000 0.00000
1566533877609023 0.73734 -0.67552 0.00000 -176.67716 0.67552 0.73734 -0.00000 -217.86684 -0.00000 0.00000 1.00000 0.00000
1566533877859972 0.72722 -0.68640 0.00000 -175.58172 0.68640 0.72722 -0.00000 -220.47785 -0.00000 0.00000 1.00000 0.00000
1566533878109000 0.71967 -0.69432 0.00000 -175.30567 0.69432 0.71967 -0.00000 -222.37398 -0.00000 0.00000 1.00000 0.00000
1566533878358944 0.71081 -0.70338 0.00000 -174.62547 0.70338 0.71081 -0.00000 -224.59699 -0.00000 0.00000 1.00000 0.00000
1566533878609673 0.70247 -0.71172 0.00000 -174.12063 0.71172 0.70247 -0.00000 -226.65373 -0.00000 0.00000 1.00000 0.00000
1566533878859408 0.69470 -0.71930 0.00000 -173.83759 0.71930 0.69470 -0.00000 -228.57329 -0.00000 0.00000 1.00000 0.00000
1566533879109234 0.69153 -0.72235 0.00000 -174.92771 0.72235 0.69153 -0.00000 -229.36866 -0.00000 0.00000 1.00000 0.00000
1566533879359083 0.69327 -0.72068 0.00000 -177.59470 0.72068 0.69327 -0.00000 -228.98445 -0.00000 0.00000 1.00000 0.00000
1566533879609192 0.69971 -0.71443 0.00000 -181.73203 0.71443 0.69971 -0.00000 -227.38159 -0.00000 0.00000 1.00000 0.00000
1566533879859013 0.70978 -0.70443 0.00000 -187.09571 0.70443 0.70978 -0.00000 -224.78444 -0.00000 0.00000 1.00000 0.00000
1566533880109047 0.72099 -0.69294 0.00000 -192.77623 0.69294 0.72099 -0.00000 -221.78951 -0.00000 0.00000 1.00000 0.00000
1566533880359415 0.73395 -0.67920 0.00000 -198.97986 0.67920 0.73395 -0.00000 -218.15367 -0.00000 0.00000 1.00000 0.00000
1566533880610752 0.74901 -0.66256 0.00000 -205.85823 0.66256 0.74901 -0.00000 -213.64524 -0.00000 0.00000 1.00000 0.00000
1566533880860204 0.76424 -0.64493 0.00000 -212.90680 0.64493 0.76424 -0.00000 -208.84555 -0.00000 0.00000 1.00000 0.00000
1566533881110790 0.78053 -0.62512 0.00000 -220.26980 0.62512 0.78053 -0.00000 -203.31965 -0.00000 0.00000 1.00000 0.00000
1566533881360755 0.79895 -0.60139 0.00000 -228.33348 0.60139 0.79895 -0.00000 -196.60466 -0.00000 0.00000 1.00000 0.00000
1566533881610703 0.81765 -0.57572 0.00000 -236.58386 0.57572 0.81765 -0.00000 -189.31860 -0.00000 0.00000 1.00000 0.00000
1566533881860718 0.83613 -0.54854 0.00000 -244.78304 0.54854 0.83613 -0.00000 -181.50399 -0.00000 0.00000 1.00000 0.00000
1566533882111733 0.85464 -0.51922 0.00000 -253.02931 0.51922 0.85464 -0.00000 -172.94229 -0.00000 0.00000 1.00000 0.00000
1566533882361765 0.87317 -0.48741 0.00000 -261.36682 0.48741 0.87317 -0.00000 -163.56900 -0.00000 0.00000 1.00000 0.00000
1566533882611615 0.89191 -0.45222 0.00000 -269.87096 0.45222 0.89191 -0.00000 -153.03101 -0.00000 0.00000 1.00000 0.00000
1566533882861177 0.90979 -0.41507 0.00000 -278.12894 0.41507 0.90979 -0.00000 -141.81651 -0.00000 0.00000 1.00000 0.00000
1566533883111621 0.92650 -0.37630 0.00000 -286.05918 0.37630 0.92650 -0.00000 -129.96766 -0.00000 0.00000 1.00000 0.00000
1566533883362020 0.94250 -0.33421 0.00000 -293.82407 0.33421 0.94250 -0.00000 -116.99380 -0.00000 0.00000 1.00000 0.00000
1566533883611938 0.95561 -0.29462 0.00000 -300.68899 0.29462 0.95561 -0.00000 -104.62726 -0.00000 0.00000 1.00000 0.00000
1566533883862862 0.96501 -0.26222 0.00000 -306.28981 0.26222 0.96501 -0.00000 -94.47387 -0.00000 0.00000 1.00000 0.00000
1566533884113474 0.97221 -0.23410 0.00000 -311.17670 0.23410 0.97221 -0.00000 -85.59216 -0.00000 0.00000 1.00000 0.00000
1566533884363748 0.97811 -0.20809 0.00000 -315.62371 0.20809 0.97811 -0.00000 -77.28185 -0.00000 0.00000 1.00000 0.00000
1566533884613341 0.98224 -0.18762 0.00000 -319.47110 0.18762 0.98224 -0.00000 -70.75264 -0.00000 0.00000 1.00000 0.00000
1566533884863791 0.98576 -0.16814 0.00000 -323.09652 0.16814 0.98576 -0.00000 -64.42536 -0.00000 0.00000 1.00000 0.00000
1566533885114793 0.98830 -0.15250 0.00000 -326.45511 0.15250 0.98830 -0.00000 -59.31447 -0.00000 0.00000 1.00000 0.00000
1566533885364559 0.99054 -0.13721 0.00000 -329.65732 0.13721 0.99054 -0.00000 -54.27539 -0.00000 0.00000 1.00000 0.00000
1566533885614504 0.99213 -0.12521 0.00000 -332.67416 0.12521 0.99213 -0.00000 -50.30754 -0.00000 0.00000 1.00000 0.00000
1566533885865009 0.99350 -0.11382 0.00000 -335.58365 0.11382 0.99350 -0.00000 -46.47747 -0.00000 0.00000 1.00000 0.00000
1566533886115518 0.99470 -0.10282 0.00000 -338.49128 0.10282 0.99470 -0.00000 -42.76603 -0.00000 0.00000 1.00000 0.00000
1566533886365284 0.99568 -0.09283 0.00000 -341.31845 0.09283 0.99568 -0.00000 -39.36981 -0.00000 0.00000 1.00000 0.00000
1566533886615014 0.99655 -0.08300 0.00000 -344.13762 0.08300 0.99655 -0.00000 -35.95850 -0.00000 0.00000 1.00000 0.00000
1566533886865423 0.99731 -0.07335 0.00000 -346.88660 0.07335 0.99731 -0.00000 -32.62993 -0.00000 0.00000 1.00000 0.00000
1566533887115446 0.99810 -0.06164 0.00000 -349.70848 0.06164 0.99810 -0.00000 -28.56009 -0.00000 0.00000 1.00000 0.00000
1566533887365741 0.99841 -0.05637 0.00000 -352.30157 0.05637 0.99841 -0.00000 -26.71836 -0.00000 0.00000 1.00000 0.00000
1566533887615637 0.99894 -0.04603 0.00000 -355.04157 0.04603 0.99894 -0.00000 -23.03174 -0.00000 0.00000 1.00000 0.00000
1566533887865193 0.99932 -0.03682 0.00000 -357.72803 0.03682 0.99932 -0.00000 -19.73269 -0.00000 0.00000 1.00000 0.00000
1566533888115321 0.99953 -0.03061 0.00000 -360.32487 0.03061 0.99953 -0.00000 -17.55667 -0.00000 0.00000 1.00000 0.00000
1566533888366987 0.99974 -0.02289 0.00000 -362.91297 0.02289 0.99974 -0.00000 -14.78328 -0.00000 0.00000 1.00000 0.00000
1566533888615121 0.99980 -0.01984 0.00000 -365.41434 0.01984 0.99980 -0.00000 -13.65900 -0.00000 0.00000 1.00000 0.00000
1566533888866243 0.99991 -0.01309 0.00000 -367.97424 0.01309 0.99991 -0.00000 -11.20112 -0.00000 0.00000 1.00000 0.00000
1566533889116503 0.99995 -0.01015 0.00000 -370.41437 0.01015 0.99995 -0.00000 -10.13597 -0.00000 0.00000 1.00000 0.00000
1566533889366327 0.99999 -0.00522 0.00000 -372.88573 0.00522 0.99999 -0.00000 -8.29706 -0.00000 0.00000 1.00000 0.00000
1566533889616173 1.00000 -0.00078 0.00000 -375.36250 0.00078 1.00000 -0.00000 -6.63312 -0.00000 0.00000 1.00000 0.00000
1566533889866384 1.00000 0.00099 -0.00000 -377.85214 -0.00099 1.00000 0.00000 -6.00793 0.00000 -0.00000 1.00000 0.00000
1566533890115573 1.00000 0.00112 -0.00000 -380.25830 -0.00112 1.00000 0.00000 -5.93491 0.00000 -0.00000 1.00000 0.00000
1566533890365967 1.00000 0.00047 -0.00000 -382.71913 -0.00047 1.00000 0.00000 -6.20163 0.00000 -0.00000 1.00000 0.00000
1566533890616160 1.00000 0.00143 -0.00000 -385.18092 -0.00143 1.00000 0.00000 -5.81500 0.00000 -0.00000 1.00000 0.00000
1566533890866322 0.99999 0.00440 -0.00000 -387.64806 -0.00440 0.99999 0.00000 -4.68535 0.00000 -0.00000 1.00000 0.00000
1566533891115856 0.99999 0.00476 -0.00000 -390.12692 -0.00476 0.99999 0.00000 -4.57936 0.00000 -0.00000 1.00000 0.00000
1566533891365605 0.99997 0.00771 -0.00000 -392.60098 -0.00771 0.99997 0.00000 -3.42606 0.00000 -0.00000 1.00000 0.00000
1566533891615588 0.99997 0.00732 -0.00000 -395.07938 -0.00732 0.99997 0.00000 -3.57773 0.00000 -0.00000 1.00000 0.00000
1566533891865873 0.99996 0.00837 -0.00000 -397.51574 -0.00837 0.99996 0.00000 -3.16575 0.00000 -0.00000 1.00000 0.00000
1566533892115818 0.99995 0.01016 -0.00000 -399.97031 -0.01016 0.99995 0.00000 -2.44053 0.00000 -0.00000 1.00000 0.00000
1566533892365703 0.99991 0.01312 -0.00000 -402.38365 -0.01312 0.99991 0.00000 -1.24846 0.00000 -0.00000 1.00000 0.00000
1566533892617682 0.99990 0.01421 -0.00000 -404.83462 -0.01421 0.99990 0.00000 -0.81646 0.00000 -0.00000 1.00000 0.00000
1566533892867405 0.99990 0.01429 -0.00000 -407.24805 -0.01429 0.99990 0.00000 -0.82098 0.00000 -0.00000 1.00000 0.00000
1566533893116933 0.99991 0.01375 -0.00000 -409.61174 -0.01375 0.99991 0.00000 -1.08614 0.00000 -0.00000 1.00000 0.00000
1566533893365326 0.99981 0.01963 -0.00000 -412.03930 -0.01963 0.99981 0.00000 1.29457 0.00000 -0.00000 1.00000 0.00000
1566533893615926 0.99982 0.01907 -0.00000 -414.39550 -0.01907 0.99982 0.00000 1.10873 0.00000 -0.00000 1.00000 0.00000
1566533893866124 0.99976 0.02212 -0.00000 -416.76506 -0.02212 0.99976 0.00000 2.32485 0.00000 -0.00000 1.00000 0.00000
1566533894117313 0.99983 0.01844 -0.00000 -419.15083 -0.01844 0.99983 0.00000 0.75886 0.00000 -0.00000 1.00000 0.00000
1566533894367266 0.99980 0.01981 -0.00000 -421.46504 -0.01981 0.99980 0.00000 1.36302 0.00000 -0.00000 1.00000 0.00000
1566533894616661 0.99988 0.01566 -0.00000 -423.78760 -0.01566 0.99988 0.00000 -0.36228 0.00000 -0.00000 1.00000 0.00000
1566533894867018 0.99983 0.01821 -0.00000 -426.08417 -0.01821 0.99983 0.00000 0.73065 0.00000 -0.00000 1.00000 0.00000
1566533895116796 0.99984 0.01816 -0.00000 -428.40966 -0.01816 0.99984 0.00000 0.69415 0.00000 -0.00000 1.00000 0.00000
