1. 0. 0. 0. 0. -1. -0. 0. 0. 0. -1. 0.
1. -0.000 -0. 0.006 -0.000 -1. -0. 0.014 0. 0. -1. 0.
1. -0.000 -0. 0.006 -0.000 -1. -0. -0.006 0. 0. -1. 0.
1. 0. 0. 0.022 0. -1. -0. -0.010 0. 0. -1. 0.
1. 0.000 0. 0.001 0.000 -1. -0. 0.029 0. 0. -1. 0.
1. 0. 0. 0.000 0. -1. -0. -0.007 0. 0. -1. 0.
1. -0.001 -0. -0.007 -0.001 -1. -0. 0.032 0. 0. -1. 0.
1. -0.001 -0. -0.005 -0.001 -1. -0. -0.008 0. 0. -1. 0.
1. -0.002 -0. -0.015 -0.002 -1. -0. 0.032 0. 0. -1. 0.
1. -0.001 -0. 0.004 -0.001 -1. -0. -0.013 0. 0. -1. 0.
1. -0.004 -0. 0.008 -0.004 -1. -0. 0.038 0. 0. -1. 0.
1. -0.002 -0. 0.014 -0.002 -1. -0. 0.065 0. 0. -1. 0.
1. -0.000 -0. 0.005 -0.000 -1. -0. -0.012 0. 0. -1. 0.
1. -0.001 -0. -0.002 -0.001 -1. -0. 0.019 0. 0. -1. 0.
1. 0.000 0. -0.017 0.000 -1. -0. 0.016 0. 0. -1. 0.
1. -0.000 -0. 0.005 -0.000 -1. -0. 0.038 0. 0. -1. 0.
1. 0.000 0. -0.009 0.000 -1. -0. 0.044 0. 0. -1. 0.
1. -0.006 -0. 0.038 -0.006 -1. -0. 0.007 0. 0. -1. 0.
1. -0.004 -0. -0.012 -0.004 -1. -0. 0.024 0. 0. -1. 0.
1. 0. 0. 0.011 0. -1. -0. -0.007 0. 0. -1. 0.
1. -0.003 -0. 0.004 -0.003 -1. -0. 0.040 0. 0. -1. 0.
1. 0.000 0. -0.013 0.000 -1. -0. 0.036 0. 0. -1. 0.
1. -0. -0. 0.006 -0. -1. -0. -0.006 0. 0. -1. 0.
1. -0.003 -0. 0.005 -0.003 -1. -0. 0.047 0. 0. -1. 0.
1. -0.003 -0. -0.011 -0.003 -1. -0. -0.017 0. 0. -1. 0.
1. -0.007 -0. 0.009 -0.007 -1. -0. 0.035 0. 0. -1. 0.
1. -0.003 -0. -0.010 -0.003 -1. -0. -0.091 0. 0. -1. 0.
1. -0.004 -0. 0.007 -0.004 -1. -0. 0.059 0. 0. -1. 0.
1. -0.004 -0. 0.020 -0.004 -1. -0. -0.003 0. 0. -1. 0.
1. -0.001 -0. -0.005 -0.001 -1. -0. 0.016 0. 0. -1. 0.
1. 0.002 0. -0.009 0.002 -1. -0. -0.002 0. 0. -1. 0.
1. -0.003 -0. 0.007 -0.003 -1. -0. 0.035 0. 0. -1. 0.
1. -0.001 -0. -0.027 -0.001 -1. -0. -0.011 0. 0. -1. 0.
1. 0.000 0. -0.001 0.000 -1. -0. -0.008 0. 0. -1. 0.
1. -0.003 -0. 0.005 -0.003 -1. -0. -0.020 0. 0. -1. 0.
1. -0.003 -0. -0.021 -0.003 -1. -0. 0.033 0. 0. -1. 0.
1. 0.000 0. -0.003 0.000 -1. -0. -0.012 0. 0. -1. 0.
1. -0.003 -0. 0.003 -0.003 -1. -0. 0.036 0. 0. -1. 0.
1. 0.001 0. -0.010 0.001 -1. -0. 0.032 0. 0. -1. 0.
1. -0.000 -0. 0.009 -0.000 -1. -0. -0.001 0. 0. -1. 0.
1. 0.000 0. -0.027 0.000 -1. -0. -0.014 0. 0. -1. 0.
1. -0.001 -0. 0.004 -0.001 -1. -0. 0.048 0. 0. -1. 0.
1. 0. 0. -0.004 0. -1. -0. -0.007 0. 0. -1. 0.
1. -0.003 -0. 0.012 -0.003 -1. -0. 0.020 0. 0. -1. 0.
1. -0.007 -0. -0.001 -0.007 -1. -0. 0.036 0. 0. -1. 0.
1. -0.003 -0. -0.009 -0.003 -1. -0. -0.057 0. 0. -1. 0.
1. -0.003 -0. 0.015 -0.003 -1. -0. 0.024 0. 0. -1. 0.
1. 0.001 0. -0.008 0.001 -1. -0. 0.031 0. 0. -1. 0.
1. 0.000 0. 0.002 0.000 -1. -0. 0.021 0. 0. -1. 0.
1. -0.004 -0. -0.005 -0.004 -1. -0. 0.039 0. 0. -1. 0.
1. 0.000 0. 0. 0.000 -1. -0. -0.004 0. 0. -1. 0.
1. -0.004 -0. 0.019 -0.004 -1. -0. -0.002 0. 0. -1. 0.
1. -0.003 -0. -0.026 -0.003 -1. -0. 0.029 0. 0. -1. 0.
1. 0.000 0. 0.002 0.000 -1. -0. 0.012 0. 0. -1. 0.
1. -0.002 -0. 0.015 -0.002 -1. -0. 0.029 0. 0. -1. 0.
1. -0.002 -0. 0.009 -0.002 -1. -0. 0.002 0. 0. -1. 0.
1. -0.001 -0. 0.012 -0.001 -1. -0. -0.059 0. 0. -1. 0.
1. -0. -0. -0.005 -0. -1. -0. 0.028 0. 0. -1. 0.
1. -0.004 -0. 0.001 -0.004 -1. -0. 0.007 0. 0. -1. 0.
1. -0.004 -0. 0.018 -0.004 -1. -0. 0.017 0. 0. -1. 0.
1. -0.001 -0. 0.001 -0.001 -1. -0. 0.024 0. 0. -1. 0.
1. 0. 0. -0.001 0. -1. -0. 0.006 0. 0. -1. 0.
1. 0. 0. -0.002 0. -1. -0. 0.004 0. 0. -1. 0.
1. -0.004 -0. -0.007 -0.004 -1. -0. 0.044 0. 0. -1. 0.
1. -0.004 -0. 0.006 -0.004 -1. -0. 0.019 0. 0. -1. 0.
1. -0.001 -0. -0.009 -0.001 -1. -0. 0.029 0. 0. -1. 0.
1. -0.001 -0. 0.030 -0.001 -1. -0. 0.068 0. 0. -1. 0.
1. 0.002 0. 0.048 0.002 -1. -0. 0.024 0. 0. -1. 0.
1. 0.004 0. 0.115 0.004 -1. -0. 0.054 0. 0. -1. 0.
1. 0.007 0. 0.163 0.007 -1. -0. 0.019 0. 0. -1. 0.
1.000 0.022 0. 0.279 0.022 -1.000 -0. 0.002 0. 0. -1. 0.
0.999 0.044 0. 0.505 0.044 -0.999 -0. 0.057 0. 0. -1. 0.
0.997 0.074 0. 0.822 0.074 -0.997 -0. 0.055 0. 0. -1. 0.
0.996 0.095 0. 1.268 0.095 -0.996 -0. 0.130 0. 0. -1. 0.
0.993 0.118 0. 1.683 0.118 -0.993 -0. 0.131 0. 0. -1. 0.
0.989 0.146 0. 2.229 0.146 -0.989 -0. 0.267 0. 0. -1. 0.
0.985 0.170 0. 2.831 0.170 -0.985 -0. 0.436 0. 0. -1. 0.
0.984 0.179 0. 3.455 0.179 -0.984 -0. 0.488 0. 0. -1. 0.
0.983 0.182 0. 4.177 0.182 -0.983 -0. 0.653 0. 0. -1. 0.
0.982 0.190 0. 4.872 0.190 -0.982 -0. 0.836 0. 0. -1. 0.
0.983 0.186 0. 5.629 0.186 -0.983 -0. 0.970 0. 0. -1. 0.
0.983 0.182 0. 6.504 0.182 -0.983 -0. 1.086 0. 0. -1. 0.
0.986 0.167 0. 7.424 0.167 -0.986 -0. 1.259 0. 0. -1. 0.
0.987 0.163 0. 8.393 0.163 -0.987 -0. 1.319 0. 0. -1. 0.
0.989 0.145 0. 9.365 0.145 -0.989 -0. 1.433 0. 0. -1. 0.
0.992 0.130 0. 10.489 0.130 -0.992 -0. 1.606 0. 0. -1. 0.
0.992 0.127 0. 11.521 0.127 -0.992 -0. 1.756 0. 0. -1. 0.
0.992 0.127 0. 12.582 0.127 -0.992 -0. 1.947 0. 0. -1. 0.
0.992 0.124 0. 13.795 0.124 -0.992 -0. 2.082 0. 0. -1. 0.
0.992 0.125 0. 14.930 0.125 -0.992 -0. 2.144 0. 0. -1. 0.
0.992 0.124 0. 16.260 0.124 -0.992 -0. 2.324 0. 0. -1. 0.
0.992 0.128 0. 17.695 0.128 -0.992 -0. 2.412 0. 0. -1. 0.
0.993 0.121 0. 19.146 0.121 -0.993 -0. 2.585 0. 0. -1. 0.
0.993 0.116 0. 20.609 0.116 -0.993 -0. 2.744 0. 0. -1. 0.
0.993 0.120 0. 22.106 0.120 -0.993 -0. 2.869 0. 0. -1. 0.
0.992 0.128 0. 23.666 0.128 -0.992 -0. 3.088 0. 0. -1. 0.
0.991 0.135 0. 25.220 0.135 -0.991 -0. 3.201 0. 0. -1. 0.
0.991 0.137 0. 26.727 0.137 -0.991 -0. 3.431 0. 0. -1. 0.
0.991 0.135 0. 28.292 0.135 -0.991 -0. 3.614 0. 0. -1. 0.
0.990 0.141 0. 29.731 0.141 -0.990 -0. 3.752 0. 0. -1. 0.
0.990 0.144 0. 31.176 0.144 -0.990 -0. 3.977 0. 0. -1. 0.
0.989 0.147 0. 32.703 0.147 -0.989 -0. 4.204 0. 0. -1. 0.
0.989 0.147 0. 34.228 0.147 -0.989 -0. 4.462 0. 0. -1. 0.
0.987 0.159 0. 35.709 0.159 -0.987 -0. 4.572 0. 0. -1. 0.
0.985 0.174 0. 37.247 0.174 -0.985 -0. 4.903 0. 0. -1. 0.
0.986 0.166 0. 38.715 0.166 -0.986 -0. 5.155 0. 0. -1. 0.
0.985 0.174 0. 40.283 0.174 -0.985 -0. 5.338 0. 0. -1. 0.
0.984 0.177 0. 41.824 0.177 -0.984 -0. 5.569 0. 0. -1. 0.
0.985 0.175 0. 43.379 0.175 -0.985 -0. 5.860 0. 0. -1. 0.
0.983 0.185 0. 44.957 0.185 -0.983 -0. 6.063 0. 0. -1. 0.
0.983 0.186 0. 46.555 0.186 -0.983 -0. 6.370 0. 0. -1. 0.
0.982 0.190 0. 48.144 0.190 -0.982 -0. 6.647 0. 0. -1. 0.
0.982 0.188 0. 49.801 0.188 -0.982 -0. 7.022 0. 0. -1. 0.
0.982 0.189 0. 51.502 0.189 -0.982 -0. 7.316 0. 0. -1. 0.
0.984 0.178 0. 53.213 0.178 -0.984 -0. 7.653 0. 0. -1. 0.
0.986 0.166 0. 55.011 0.166 -0.986 -0. 7.920 0. 0. -1. 0.
0.986 0.167 0. 56.878 0.167 -0.986 -0. 8.039 0. 0. -1. 0.
0.987 0.161 0. 58.726 0.161 -0.987 -0. 8.366 0. 0. -1. 0.
0.987 0.160 0. 60.516 0.160 -0.987 -0. 8.539 0. 0. -1. 0.
0.988 0.154 0. 62.464 0.154 -0.988 -0. 9.019 0. 0. -1. 0.
0.988 0.152 0. 64.306 0.152 -0.988 -0. 9.285 0. 0. -1. 0.
0.990 0.142 0. 66.165 0.142 -0.990 -0. 9.632 0. 0. -1. 0.
0.990 0.142 0. 68.071 0.142 -0.990 -0. 9.790 0. 0. -1. 0.
0.991 0.130 0. 69.973 0.130 -0.991 -0. 10.106 0. 0. -1. 0.
0.992 0.127 0. 71.845 0.127 -0.992 -0. 10.264 0. 0. -1. 0.
0.994 0.111 0. 73.766 0.111 -0.994 -0. 10.467 0. 0. -1. 0.
0.996 0.091 0. 75.630 0.091 -0.996 -0. 10.668 0. 0. -1. 0.
0.998 0.059 0. 77.538 0.059 -0.998 -0. 10.787 0. 0. -1. 0.
1.000 0.027 0. 79.448 0.027 -1.000 -0. 10.879 0. 0. -1. 0.
1.000 -0.019 -0. 81.351 -0.019 -1.000 -0. 10.824 0. 0. -1. 0.
0.998 -0.059 -0. 83.184 -0.059 -0.998 -0. 10.623 0. 0. -1. 0.
0.995 -0.101 -0. 85.099 -0.101 -0.995 -0. 10.490 0. 0. -1. 0.
0.987 -0.160 -0. 86.905 -0.160 -0.987 -0. 10.248 0. 0. -1. 0.
0.980 -0.197 -0. 88.745 -0.197 -0.980 -0. 9.774 0. 0. -1. 0.
0.968 -0.252 -0. 90.643 -0.252 -0.968 -0. 9.298 0. 0. -1. 0.
0.955 -0.297 -0. 92.494 -0.297 -0.955 -0. 8.788 0. 0. -1. 0.
0.940 -0.341 -0. 94.195 -0.341 -0.940 -0. 8.043 0. 0. -1. 0.
0.920 -0.392 -0. 96.042 -0.392 -0.920 -0. 7.394 0. 0. -1. 0.
0.889 -0.457 -0. 97.806 -0.457 -0.889 -0. 6.565 0. 0. -1. 0.
0.858 -0.514 -0. 99.430 -0.514 -0.858 -0. 5.581 0. 0. -1. 0.
0.819 -0.574 -0. 100.982 -0.574 -0.819 -0. 4.456 0. 0. -1. 0.
0.779 -0.627 -0. 102.414 -0.627 -0.779 -0. 3.235 0. 0. -1. 0.
0.733 -0.680 -0. 103.830 -0.680 -0.733 -0. 1.981 0. 0. -1. 0.
0.685 -0.729 -0. 105.112 -0.729 -0.685 -0. 0.663 0. 0. -1. 0.
0.635 -0.773 -0. 106.273 -0.773 -0.635 -0. -0.793 0. 0. -1. 0.
0.583 -0.813 -0. 107.312 -0.813 -0.583 -0. -2.279 0. 0. -1. 0.
0.542 -0.840 -0. 108.135 -0.840 -0.542 -0. -4.023 0. 0. -1. 0.
0.517 -0.856 -0. 109.099 -0.856 -0.517 -0. -5.664 0. 0. -1. 0.
0.494 -0.870 -0. 110.094 -0.870 -0.494 -0. -7.243 0. 0. -1. 0.
0.473 -0.881 -0. 110.979 -0.881 -0.473 -0. -8.900 0. 0. -1. 0.
0.460 -0.888 -0. 111.789 -0.888 -0.460 -0. -10.581 0. 0. -1. 0.
0.460 -0.888 -0. 112.569 -0.888 -0.460 -0. -12.318 0. 0. -1. 0.
0.457 -0.889 -0. 113.612 -0.889 -0.457 -0. -13.952 0. 0. -1. 0.
0.464 -0.886 -0. 114.343 -0.886 -0.464 -0. -15.609 0. 0. -1. 0.
0.468 -0.884 -0. 115.114 -0.884 -0.468 -0. -17.279 0. 0. -1. 0.
0.468 -0.884 -0. 115.971 -0.884 -0.468 -0. -18.884 0. 0. -1. 0.
0.472 -0.882 -0. 116.808 -0.882 -0.472 -0. -20.445 0. 0. -1. 0.
0.484 -0.875 -0. 117.707 -0.875 -0.484 -0. -21.916 0. 0. -1. 0.
0.493 -0.870 -0. 118.415 -0.870 -0.493 -0. -23.348 0. 0. -1. 0.
0.512 -0.859 -0. 119.171 -0.859 -0.512 -0. -24.705 0. 0. -1. 0.
0.538 -0.843 -0. 119.862 -0.843 -0.538 -0. -25.993 0. 0. -1. 0.
0.552 -0.834 -0. 120.436 -0.834 -0.552 -0. -27.195 0. 0. -1. 0.
0.571 -0.821 -0. 121.293 -0.821 -0.571 -0. -28.031 0. 0. -1. 0.
0.589 -0.808 -0. 121.602 -0.808 -0.589 -0. -29.026 0. 0. -1. 0.
0.601 -0.799 -0. 122.208 -0.799 -0.601 -0. -29.651 0. 0. -1. 0.
0.607 -0.795 -0. 122.656 -0.795 -0.607 -0. -30.197 0. 0. -1. 0.
0.613 -0.790 -0. 122.903 -0.790 -0.613 -0. -30.720 0. 0. -1. 0.
0.621 -0.784 -0. 123.222 -0.784 -0.621 -0. -31.074 0. 0. -1. 0.
0.628 -0.779 -0. 123.567 -0.779 -0.628 -0. -31.345 0. 0. -1. 0.
0.635 -0.773 -0. 123.751 -0.773 -0.635 -0. -31.764 0. 0. -1. 0.
0.638 -0.770 -0. 124.144 -0.770 -0.638 -0. -32.109 0. 0. -1. 0.
0.643 -0.766 -0. 124.589 -0.766 -0.643 -0. -32.543 0. 0. -1. 0.
0.647 -0.763 -0. 124.987 -0.763 -0.647 -0. -33.138 0. 0. -1. 0.
0.654 -0.756 -0. 125.382 -0.756 -0.654 -0. -33.635 0. 0. -1. 0.
0.661 -0.750 -0. 126.051 -0.750 -0.661 -0. -34.325 0. 0. -1. 0.
0.672 -0.741 -0. 126.576 -0.741 -0.672 -0. -35.111 0. 0. -1. 0.
0.679 -0.734 -0. 127.348 -0.734 -0.679 -0. -35.869 0. 0. -1. 0.
0.688 -0.726 -0. 128.115 -0.726 -0.688 -0. -36.714 0. 0. -1. 0.
0.700 -0.714 -0. 128.965 -0.714 -0.700 -0. -37.708 0. 0. -1. 0.
0.711 -0.703 -0. 130.175 -0.703 -0.711 -0. -38.664 0. 0. -1. 0.
0.722 -0.692 -0. 131.209 -0.692 -0.722 -0. -39.762 0. 0. -1. 0.
0.735 -0.678 -0. 132.366 -0.678 -0.735 -0. -40.746 0. 0. -1. 0.
0.753 -0.658 -0. 133.523 -0.658 -0.753 -0. -41.984 0. 0. -1. 0.
0.772 -0.636 -0. 134.733 -0.636 -0.772 -0. -42.960 0. 0. -1. 0.
0.785 -0.619 -0. 136.063 -0.619 -0.785 -0. -44.047 0. 0. -1. 0.
0.803 -0.596 -0. 137.302 -0.596 -0.803 -0. -45.022 0. 0. -1. 0.
0.813 -0.583 -0. 138.598 -0.583 -0.813 -0. -46.061 0. 0. -1. 0.
0.820 -0.572 -0. 140.044 -0.572 -0.820 -0. -46.879 0. 0. -1. 0.
0.827 -0.562 -0. 141.364 -0.562 -0.827 -0. -47.847 0. 0. -1. 0.
0.834 -0.552 -0. 142.712 -0.552 -0.834 -0. -48.864 0. 0. -1. 0.
0.839 -0.544 -0. 144.204 -0.544 -0.839 -0. -49.654 0. 0. -1. 0.
0.844 -0.536 -0. 145.569 -0.536 -0.844 -0. -50.509 0. 0. -1. 0.
0.851 -0.524 -0. 146.908 -0.524 -0.851 -0. -51.413 0. 0. -1. 0.
0.858 -0.513 -0. 148.327 -0.513 -0.858 -0. -52.356 0. 0. -1. 0.
0.865 -0.502 -0. 149.774 -0.502 -0.865 -0. -53.156 0. 0. -1. 0.
0.879 -0.476 -0. 151.210 -0.476 -0.879 -0. -53.936 0. 0. -1. 0.
0.900 -0.436 -0. 152.614 -0.436 -0.900 -0. -54.666 0. 0. -1. 0.
0.921 -0.391 -0. 154.089 -0.391 -0.921 -0. -55.390 0. 0. -1. 0.
0.943 -0.332 -0. 155.586 -0.332 -0.943 -0. -55.901 0. 0. -1. 0.
0.966 -0.257 -0. 157.068 -0.257 -0.966 -0. -56.337 0. 0. -1. 0.
0.987 -0.160 -0. 158.568 -0.160 -0.987 -0. -56.575 0. 0. -1. 0.
1.000 -0.023 -0. 159.957 -0.023 -1.000 -0. -56.718 0. 0. -1. 0.
0.994 0.106 0. 161.441 0.106 -0.994 -0. -56.454 0. 0. -1. 0.
0.966 0.259 0. 162.755 0.259 -0.966 -0. -56.138 0. 0. -1. 0.
0.911 0.413 0. 163.929 0.413 -0.911 -0. -55.592 0. 0. -1. 0.
0.826 0.564 0. 165.131 0.564 -0.826 -0. -54.827 0. 0. -1. 0.
0.709 0.705 0. 166.054 0.705 -0.709 -0. -53.876 0. 0. -1. 0.
0.571 0.821 0. 166.634 0.821 -0.571 -0. -52.858 0. 0. -1. 0.
0.414 0.910 0. 167.218 0.910 -0.414 -0. -51.683 0. 0. -1. 0.
0.239 0.971 0. 167.420 0.971 -0.239 -0. -50.513 0. 0. -1. 0.
0.057 0.998 0. 167.465 0.998 -0.057 -0. -49.377 0. 0. -1. 0.
-0.129 0.992 0. 167.229 0.992 0.129 0. -48.134 0. 0. -1. 0.
-0.309 0.951 0. 166.921 0.951 0.309 0. -47.058 0. 0. -1. 0.
-0.479 0.878 0. 166.259 0.878 0.479 0. -46.027 0. 0. -1. 0.
-0.631 0.775 0. 165.497 0.775 0.631 0. -45.068 0. 0. -1. 0.
-0.747 0.665 0. 164.401 0.665 0.747 0. -44.241 0. 0. -1. 0.
-0.830 0.557 0. 163.240 0.557 0.830 0. -43.469 0. 0. -1. 0.
-0.885 0.465 0. 161.964 0.465 0.885 0. -42.826 0. 0. -1. 0.
-0.922 0.386 0. 160.674 0.386 0.922 0. -42.267 0. 0. -1. 0.
-0.949 0.314 0. 159.211 0.314 0.949 0. -41.788 0. 0. -1. 0.
-0.969 0.247 0. 157.696 0.247 0.969 0. -41.341 0. 0. -1. 0.
-0.981 0.194 0. 156.109 0.194 0.981 0. -41.046 0. 0. -1. 0.
-0.989 0.148 0. 154.465 0.148 0.989 0. -40.709 0. 0. -1. 0.
-0.992 0.123 0. 152.756 0.123 0.992 0. -40.465 0. 0. -1. 0.
-0.995 0.103 0. 151.155 0.103 0.995 0. -40.291 0. 0. -1. 0.
-0.996 0.094 0. 149.352 0.094 0.996 0. -40.140 0. 0. -1. 0.
-0.996 0.087 0. 147.668 0.087 0.996 0. -39.947 0. 0. -1. 0.
-0.996 0.090 0. 145.909 0.090 0.996 0. -39.701 0. 0. -1. 0.
-0.995 0.102 0. 144.071 0.102 0.995 0. -39.635 0. 0. -1. 0.
-0.993 0.121 0. 142.360 0.121 0.993 0. -39.449 0. 0. -1. 0.
-0.989 0.150 0. 140.625 0.150 0.989 0. -39.225 0. 0. -1. 0.
-0.982 0.187 0. 138.942 0.187 0.982 0. -38.930 0. 0. -1. 0.
-0.973 0.229 0. 137.199 0.229 0.973 0. -38.437 0. 0. -1. 0.
-0.960 0.279 0. 135.450 0.279 0.960 0. -37.787 0. 0. -1. 0.
-0.945 0.327 0. 133.926 0.327 0.945 0. -37.284 0. 0. -1. 0.
-0.923 0.385 0. 132.115 0.385 0.923 0. -36.472 0. 0. -1. 0.
-0.897 0.441 0. 130.536 0.441 0.897 0. -35.713 0. 0. -1. 0.
-0.864 0.503 0. 129.032 0.503 0.864 0. -34.745 0. 0. -1. 0.
-0.830 0.558 0. 127.566 0.558 0.830 0. -33.630 0. 0. -1. 0.
-0.794 0.608 0. 125.990 0.608 0.794 0. -32.504 0. 0. -1. 0.
-0.750 0.661 0. 124.591 0.661 0.750 0. -31.229 0. 0. -1. 0.
-0.705 0.709 0. 123.307 0.709 0.705 0. -29.891 0. 0. -1. 0.
-0.663 0.748 0. 122.185 0.748 0.663 0. -28.420 0. 0. -1. 0.
-0.629 0.777 0. 121.030 0.777 0.629 0. -27.009 0. 0. -1. 0.
-0.590 0.808 0. 119.790 0.808 0.590 0. -25.579 0. 0. -1. 0.
-0.563 0.826 0. 118.944 0.826 0.563 0. -23.910 0. 0. -1. 0.
-0.524 0.852 0. 117.822 0.852 0.524 0. -22.400 0. 0. -1. 0.
-0.494 0.869 0. 116.936 0.869 0.494 0. -20.765 0. 0. -1. 0.
-0.468 0.884 0. 116.161 0.884 0.468 0. -19.021 0. 0. -1. 0.
-0.447 0.895 0. 115.347 0.895 0.447 0. -17.351 0. 0. -1. 0.
-0.433 0.901 0. 114.623 0.901 0.433 0. -15.617 0. 0. -1. 0.
-0.415 0.910 0. 113.991 0.910 0.415 0. -13.799 0. 0. -1. 0.
-0.411 0.912 0. 113.205 0.912 0.411 0. -12.136 0. 0. -1. 0.
-0.415 0.910 0. 112.372 0.910 0.415 0. -10.404 0. 0. -1. 0.
-0.427 0.904 0. 111.695 0.904 0.427 0. -8.700 0. 0. -1. 0.
-0.453 0.891 0. 110.848 0.891 0.453 0. -7.024 0. 0. -1. 0.
-0.476 0.879 0. 109.990 0.879 0.476 0. -5.398 0. 0. -1. 0.
-0.507 0.862 0. 109.099 0.862 0.507 0. -3.811 0. 0. -1. 0.
-0.545 0.838 0. 108.211 0.838 0.545 0. -2.164 0. 0. -1. 0.
-0.591 0.806 0. 107.079 0.806 0.591 0. -0.778 0. 0. -1. 0.
-0.637 0.771 0. 106.104 0.771 0.637 0. 0.826 0. 0. -1. 0.
-0.688 0.726 0. 104.957 0.726 0.688 0. 2.121 0. 0. -1. 0.
-0.731 0.682 0. 103.786 0.682 0.731 0. 3.484 0. 0. -1. 0.
-0.772 0.636 0. 102.406 0.636 0.772 0. 4.546 0. 0. -1. 0.
-0.813 0.583 0. 101.010 0.583 0.813 0. 5.580 0. 0. -1. 0.
-0.847 0.532 0. 99.464 0.532 0.847 0. 6.547 0. 0. -1. 0.
-0.875 0.485 0. 97.884 0.485 0.875 0. 7.438 0. 0. -1. 0.
-0.898 0.440 0. 96.355 0.440 0.898 0. 8.183 0. 0. -1. 0.
-0.925 0.380 0. 94.751 0.380 0.925 0. 8.890 0. 0. -1. 0.
-0.943 0.332 0. 93.122 0.332 0.943 0. 9.520 0. 0. -1. 0.
-0.963 0.271 0. 91.440 0.271 0.963 0. 9.997 0. 0. -1. 0.
-0.975 0.222 0. 89.739 0.222 0.975 0. 10.520 0. 0. -1. 0.
-0.986 0.170 0. 87.957 0.170 0.986 0. 10.844 0. 0. -1. 0.
-0.993 0.114 0. 86.182 0.114 0.993 0. 11.123 0. 0. -1. 0.
-0.998 0.069 0. 84.384 0.069 0.998 0. 11.168 0. 0. -1. 0.
-1.000 0.026 0. 82.536 0.026 1.000 0. 11.241 0. 0. -1. 0.
-1. -0.004 -0. 80.716 -0.004 1. 0. 11.238 0. 0. -1. 0.
-0.999 -0.041 -0. 78.915 -0.041 0.999 0. 11.175 0. 0. -1. 0.
-0.998 -0.059 -0. 77.087 -0.059 0.998 0. 11.077 0. 0. -1. 0.
-0.997 -0.083 -0. 75.184 -0.083 0.997 0. 10.912 0. 0. -1. 0.
-0.996 -0.093 -0. 73.361 -0.093 0.996 0. 10.790 0. 0. -1. 0.
-0.996 -0.093 -0. 71.416 -0.093 0.996 0. 10.582 0. 0. -1. 0.
-0.995 -0.099 -0. 69.598 -0.099 0.995 0. 10.419 0. 0. -1. 0.
-0.995 -0.098 -0. 67.733 -0.098 0.995 0. 10.245 0. 0. -1. 0.
-0.994 -0.114 -0. 65.838 -0.114 0.994 0. 10.145 0. 0. -1. 0.
-0.994 -0.108 -0. 63.985 -0.108 0.994 0. 9.907 0. 0. -1. 0.
-0.993 -0.117 -0. 62.112 -0.117 0.993 0. 9.701 0. 0. -1. 0.
-0.992 -0.128 -0. 60.231 -0.128 0.992 0. 9.498 0. 0. -1. 0.
-0.992 -0.130 -0. 58.306 -0.130 0.992 0. 9.256 0. 0. -1. 0.
-0.990 -0.139 -0. 56.425 -0.139 0.990 0. 9.031 0. 0. -1. 0.
-0.988 -0.151 -0. 54.505 -0.151 0.988 0. 8.849 0. 0. -1. 0.
-0.986 -0.164 -0. 52.461 -0.164 0.986 0. 8.646 0. 0. -1. 0.
-0.986 -0.165 -0. 50.543 -0.165 0.986 0. 8.263 0. 0. -1. 0.
-0.984 -0.176 -0. 48.705 -0.176 0.984 0. 8.111 0. 0. -1. 0.
-0.984 -0.178 -0. 46.657 -0.178 0.984 0. 7.695 0. 0. -1. 0.
-0.983 -0.186 -0. 44.721 -0.186 0.983 0. 7.289 0. 0. -1. 0.
-0.982 -0.188 -0. 42.736 -0.188 0.982 0. 6.933 0. 0. -1. 0.
-0.982 -0.190 -0. 40.720 -0.190 0.982 0. 6.674 0. 0. -1. 0.
-0.982 -0.190 -0. 38.789 -0.190 0.982 0. 6.323 0. 0. -1. 0.
-0.983 -0.184 -0. 36.781 -0.184 0.983 0. 5.962 0. 0. -1. 0.
-0.986 -0.165 -0. 34.773 -0.165 0.986 0. 5.590 0. 0. -1. 0.
-0.989 -0.149 -0. 32.768 -0.149 0.989 0. 5.205 0. 0. -1. 0.
-0.991 -0.131 -0. 30.686 -0.131 0.991 0. 5.011 0. 0. -1. 0.
-0.994 -0.108 -0. 28.702 -0.108 0.994 0. 4.760 0. 0. -1. 0.
-0.996 -0.086 -0. 26.653 -0.086 0.996 0. 4.589 0. 0. -1. 0.
-0.998 -0.070 -0. 24.553 -0.070 0.998 0. 4.484 0. 0. -1. 0.
-0.999 -0.052 -0. 22.461 -0.052 0.999 0. 4.467 0. 0. -1. 0.
-0.999 -0.042 -0. 20.417 -0.042 0.999 0. 4.339 0. 0. -1. 0.
-0.999 -0.040 -0. 18.329 -0.040 0.999 0. 4.296 0. 0. -1. 0.
-0.999 -0.032 -0. 16.266 -0.032 0.999 0. 4.245 0. 0. -1. 0.
-1.000 -0.026 -0. 14.240 -0.026 1.000 0. 4.275 0. 0. -1. 0.
-1.000 -0.023 -0. 12.192 -0.023 1.000 0. 4.228 0. 0. -1. 0.
-1.000 -0.024 -0. 10.222 -0.024 1.000 0. 4.244 0. 0. -1. 0.
-1.000 -0.020 -0. 8.166 -0.020 1.000 0. 4.168 0. 0. -1. 0.
-1.000 -0.020 -0. 6.216 -0.020 1.000 0. 4.162 0. 0. -1. 0.
-1.000 -0.021 -0. 4.070 -0.021 1.000 0. 4.195 0. 0. -1. 0.
-1.000 -0.022 -0. 2.173 -0.022 1.000 0. 4.053 0. 0. -1. 0.
-1.000 -0.029 -0. 0.109 -0.029 1.000 0. 4.080 0. 0. -1. 0.
-0.999 -0.032 -0. -1.873 -0.032 0.999 0. 4.061 0. 0. -1. 0.
-0.999 -0.041 -0. -3.874 -0.041 0.999 0. 3.938 0. 0. -1. 0.
-0.999 -0.034 -0. -5.909 -0.034 0.999 0. 3.875 0. 0. -1. 0.
-0.999 -0.039 -0. -7.905 -0.039 0.999 0. 3.788 0. 0. -1. 0.
-0.999 -0.038 -0. -9.832 -0.038 0.999 0. 3.753 0. 0. -1. 0.
-0.999 -0.043 -0. -11.823 -0.043 0.999 0. 3.729 0. 0. -1. 0.
-0.999 -0.040 -0. -13.849 -0.040 0.999 0. 3.709 0. 0. -1. 0.
-0.999 -0.049 -0. -15.739 -0.049 0.999 0. 3.548 0. 0. -1. 0.
-0.998 -0.056 -0. -17.682 -0.056 0.998 0. 3.543 0. 0. -1. 0.
-0.999 -0.050 -0. -19.681 -0.050 0.999 0. 3.431 0. 0. -1. 0.
-0.999 -0.049 -0. -21.626 -0.049 0.999 0. 3.356 0. 0. -1. 0.
-0.999 -0.052 -0. -23.788 -0.052 0.999 0. 3.386 0. 0. -1. 0.
-0.999 -0.050 -0. -25.641 -0.050 0.999 0. 3.194 0. 0. -1. 0.
-0.999 -0.052 -0. -27.763 -0.052 0.999 0. 3.230 0. 0. -1. 0.
-0.999 -0.055 -0. -29.795 -0.055 0.999 0. 3.190 0. 0. -1. 0.
-0.998 -0.056 -0. -31.836 -0.056 0.998 0. 3.070 0. 0. -1. 0.
-0.998 -0.061 -0. -33.926 -0.061 0.998 0. 2.993 0. 0. -1. 0.
-0.998 -0.056 -0. -36.051 -0.056 0.998 0. 2.858 0. 0. -1. 0.
-0.998 -0.060 -0. -38.080 -0.060 0.998 0. 2.749 0. 0. -1. 0.
-0.998 -0.063 -0. -40.232 -0.063 0.998 0. 2.671 0. 0. -1. 0.
-0.997 -0.075 -0. -42.285 -0.075 0.997 0. 2.498 0. 0. -1. 0.
-0.997 -0.073 -0. -44.491 -0.073 0.997 0. 2.390 0. 0. -1. 0.
-0.996 -0.090 -0. -46.549 -0.090 0.996 0. 2.216 0. 0. -1. 0.
-0.996 -0.092 -0. -48.666 -0.092 0.996 0. 1.978 0. 0. -1. 0.
-0.995 -0.100 -0. -50.691 -0.100 0.995 0. 1.794 0. 0. -1. 0.
-0.994 -0.108 -0. -52.705 -0.108 0.994 0. 1.636 0. 0. -1. 0.
-0.994 -0.109 -0. -54.800 -0.109 0.994 0. 1.442 0. 0. -1. 0.
-0.992 -0.124 -0. -56.739 -0.124 0.992 0. 1.200 0. 0. -1. 0.
-0.993 -0.117 -0. -58.791 -0.117 0.993 0. 1.110 0. 0. -1. 0.
-0.993 -0.117 -0. -60.667 -0.117 0.993 0. 0.781 0. 0. -1. 0.
-0.993 -0.119 -0. -62.544 -0.119 0.993 0. 0.415 0. 0. -1. 0.
-0.994 -0.105 -0. -64.485 -0.105 0.994 0. 0.365 0. 0. -1. 0.
-0.995 -0.101 -0. -66.332 -0.101 0.995 0. 0.127 0. 0. -1. 0.
-0.996 -0.087 -0. -68.244 -0.087 0.996 0. 0.083 0. 0. -1. 0.
-0.997 -0.073 -0. -70.117 -0.073 0.997 0. -0.038 0. 0. -1. 0.
-0.999 -0.046 -0. -72.004 -0.046 0.999 0. -0.139 0. 0. -1. 0.
-1.000 -0.026 -0. -73.764 -0.026 1.000 0. -0.063 0. 0. -1. 0.
-1. 0.010 0. -75.671 0.010 1. 0. -0.093 0. 0. -1. 0.
-0.999 0.038 0. -77.540 0.038 0.999 0. 0.046 0. 0. -1. 0.
-0.997 0.078 0. -79.420 0.078 0.997 0. 0.169 0. 0. -1. 0.
-0.993 0.114 0. -81.116 0.114 0.993 0. 0.436 0. 0. -1. 0.
-0.988 0.157 0. -82.822 0.157 0.988 0. 0.721 0. 0. -1. 0.
-0.977 0.214 0. -84.435 0.214 0.977 0. 1.153 0. 0. -1. 0.
-0.960 0.280 0. -86.024 0.280 0.960 0. 1.653 0. 0. -1. 0.
-0.932 0.361 0. -87.565 0.361 0.932 0. 2.294 0. 0. -1. 0.
-0.903 0.429 0. -88.925 0.429 0.903 0. 3.010 0. 0. -1. 0.
-0.862 0.506 0. -90.246 0.506 0.862 0. 3.835 0. 0. -1. 0.
-0.806 0.592 0. -91.477 0.592 0.806 0. 4.777 0. 0. -1. 0.
-0.745 0.667 0. -92.613 0.667 0.745 0. 5.757 0. 0. -1. 0.
-0.675 0.738 0. -93.596 0.738 0.675 0. 6.931 0. 0. -1. 0.
-0.592 0.806 0. -94.449 0.806 0.592 0. 8.174 0. 0. -1. 0.
-0.502 0.865 0. -95.037 0.865 0.502 0. 9.522 0. 0. -1. 0.
-0.411 0.912 0. -95.838 0.912 0.411 0. 10.996 0. 0. -1. 0.
-0.333 0.943 0. -96.216 0.943 0.333 0. 12.479 0. 0. -1. 0.
-0.269 0.963 0. -96.686 0.963 0.269 0. 14.079 0. 0. -1. 0.
-0.219 0.976 0. -96.919 0.976 0.219 0. 15.757 0. 0. -1. 0.
-0.171 0.985 0. -97.252 0.985 0.171 0. 17.385 0. 0. -1. 0.
-0.130 0.992 0. -97.479 0.992 0.130 0. 19.229 0. 0. -1. 0.
-0.123 0.992 0. -97.690 0.992 0.123 0. 21.087 0. 0. -1. 0.
-0.120 0.993 0. -97.968 0.993 0.120 0. 23.007 0. 0. -1. 0.
-0.129 0.992 0. -98.261 0.992 0.129 0. 24.913 0. 0. -1. 0.
-0.136 0.991 0. -98.479 0.991 0.136 0. 26.931 0. 0. -1. 0.
-0.139 0.990 0. -98.793 0.990 0.139 0. 28.899 0. 0. -1. 0.
-0.135 0.991 0. -99.052 0.991 0.135 0. 30.894 0. 0. -1. 0.
-0.135 0.991 0. -99.170 0.991 0.135 0. 32.856 0. 0. -1. 0.
-0.138 0.990 0. -99.471 0.990 0.138 0. 34.911 0. 0. -1. 0.
-0.141 0.990 0. -99.787 0.990 0.141 0. 36.775 0. 0. -1. 0.
-0.144 0.990 0. -100.123 0.990 0.144 0. 38.775 0. 0. -1. 0.
-0.140 0.990 0. -100.455 0.990 0.140 0. 40.862 0. 0. -1. 0.
-0.135 0.991 0. -100.654 0.991 0.135 0. 42.935 0. 0. -1. 0.
-0.126 0.992 0. -100.833 0.992 0.126 0. 44.962 0. 0. -1. 0.
-0.116 0.993 0. -101.141 0.993 0.116 0. 47.037 0. 0. -1. 0.
-0.106 0.994 0. -101.261 0.994 0.106 0. 48.974 0. 0. -1. 0.
-0.104 0.995 0. -101.405 0.995 0.104 0. 51.065 0. 0. -1. 0.
-0.101 0.995 0. -101.678 0.995 0.101 0. 53.051 0. 0. -1. 0.
-0.098 0.995 0. -101.827 0.995 0.098 0. 55.121 0. 0. -1. 0.
-0.102 0.995 0. -101.949 0.995 0.102 0. 57.111 0. 0. -1. 0.
-0.101 0.995 0. -102.193 0.995 0.101 0. 59.032 0. 0. -1. 0.
-0.103 0.995 0. -102.315 0.995 0.103 0. 61.033 0. 0. -1. 0.
-0.100 0.995 0. -102.506 0.995 0.100 0. 62.966 0. 0. -1. 0.
-0.106 0.994 0. -102.738 0.994 0.106 0. 64.877 0. 0. -1. 0.
-0.115 0.993 0. -102.949 0.993 0.115 0. 66.811 0. 0. -1. 0.
-0.117 0.993 0. -103.074 0.993 0.117 0. 68.642 0. 0. -1. 0.
-0.111 0.994 0. -103.326 0.994 0.111 0. 70.506 0. 0. -1. 0.
-0.115 0.993 0. -103.474 0.993 0.115 0. 72.309 0. 0. -1. 0.
-0.114 0.993 0. -103.632 0.993 0.114 0. 73.949 0. 0. -1. 0.
-0.120 0.993 0. -103.815 0.993 0.120 0. 75.664 0. 0. -1. 0.
-0.142 0.990 0. -103.989 0.990 0.142 0. 77.410 0. 0. -1. 0.
-0.180 0.984 0. -104.344 0.984 0.180 0. 78.960 0. 0. -1. 0.
-0.227 0.974 0. -104.838 0.974 0.227 0. 80.572 0. 0. -1. 0.
-0.279 0.960 0. -105.149 0.960 0.279 0. 82.169 0. 0. -1. 0.
-0.337 0.941 0. -105.730 0.941 0.337 0. 83.643 0. 0. -1. 0.
-0.410 0.912 0. -106.342 0.912 0.410 0. 85.197 0. 0. -1. 0.
-0.484 0.875 0. -107.084 0.875 0.484 0. 86.627 0. 0. -1. 0.
-0.544 0.839 0. -107.891 0.839 0.544 0. 88.035 0. 0. -1. 0.
-0.591 0.807 0. -108.855 0.807 0.591 0. 89.467 0. 0. -1. 0.
-0.643 0.766 0. -109.895 0.766 0.643 0. 90.744 0. 0. -1. 0.
-0.684 0.729 0. -111.115 0.729 0.684 0. 91.997 0. 0. -1. 0.
-0.723 0.691 0. -112.337 0.691 0.723 0. 93.250 0. 0. -1. 0.
-0.744 0.668 0. -113.651 0.668 0.744 0. 94.548 0. 0. -1. 0.
-0.771 0.637 0. -115.013 0.637 0.771 0. 95.758 0. 0. -1. 0.
-0.782 0.624 0. -116.523 0.624 0.782 0. 96.934 0. 0. -1. 0.
-0.790 0.614 0. -117.960 0.614 0.790 0. 98.026 0. 0. -1. 0.
-0.801 0.598 0. -119.524 0.598 0.801 0. 99.077 0. 0. -1. 0.
-0.808 0.589 0. -120.987 0.589 0.808 0. 100.351 0. 0. -1. 0.
-0.813 0.582 0. -122.552 0.582 0.813 0. 101.449 0. 0. -1. 0.
-0.816 0.578 0. -124.162 0.578 0.816 0. 102.534 0. 0. -1. 0.
-0.815 0.579 0. -125.811 0.579 0.815 0. 103.509 0. 0. -1. 0.
-0.815 0.579 0. -127.390 0.579 0.815 0. 104.708 0. 0. -1. 0.
-0.810 0.586 0. -128.981 0.586 0.810 0. 105.890 0. 0. -1. 0.
-0.809 0.588 0. -130.588 0.588 0.809 0. 106.984 0. 0. -1. 0.
-0.805 0.593 0. -132.204 0.593 0.805 0. 108.353 0. 0. -1. 0.
-0.802 0.597 0. -133.815 0.597 0.802 0. 109.535 0. 0. -1. 0.
-0.795 0.607 0. -135.412 0.607 0.795 0. 110.892 0. 0. -1. 0.
-0.792 0.610 0. -137.131 0.610 0.792 0. 112.061 0. 0. -1. 0.
-0.792 0.611 0. -138.814 0.611 0.792 0. 113.484 0. 0. -1. 0.
-0.794 0.608 0. -140.515 0.608 0.794 0. 114.717 0. 0. -1. 0.
-0.789 0.615 0. -142.241 0.615 0.789 0. 116.177 0. 0. -1. 0.
-0.787 0.616 0. -143.933 0.616 0.787 0. 117.524 0. 0. -1. 0.
-0.785 0.620 0. -145.755 0.620 0.785 0. 118.955 0. 0. -1. 0.
-0.782 0.624 0. -147.463 0.624 0.782 0. 120.421 0. 0. -1. 0.
-0.778 0.628 0. -149.301 0.628 0.778 0. 121.863 0. 0. -1. 0.
-0.775 0.632 0. -150.960 0.632 0.775 0. 123.519 0. 0. -1. 0.
-0.774 0.633 0. -152.786 0.633 0.774 0. 124.902 0. 0. -1. 0.
-0.771 0.637 0. -154.511 0.637 0.771 0. 126.615 0. 0. -1. 0.
-0.770 0.638 0. -156.235 0.638 0.770 0. 128.181 0. 0. -1. 0.
-0.766 0.643 0. -157.994 0.643 0.766 0. 129.648 0. 0. -1. 0.
-0.766 0.643 0. -159.715 0.643 0.766 0. 131.192 0. 0. -1. 0.
-0.763 0.646 0. -161.391 0.646 0.763 0. 132.783 0. 0. -1. 0.
-0.758 0.652 0. -163.219 0.652 0.758 0. 134.182 0. 0. -1. 0.
-0.760 0.650 0. -164.897 0.650 0.760 0. 135.720 0. 0. -1. 0.
-0.758 0.652 0. -166.632 0.652 0.758 0. 137.226 0. 0. -1. 0.
-0.753 0.658 0. -168.247 0.658 0.753 0. 138.740 0. 0. -1. 0.
-0.744 0.669 0. -169.944 0.669 0.744 0. 140.204 0. 0. -1. 0.
-0.737 0.676 0. -171.624 0.676 0.737 0. 141.847 0. 0. -1. 0.
-0.712 0.702 0. -173.252 0.702 0.712 0. 143.409 0. 0. -1. 0.
-0.690 0.723 0. -174.674 0.723 0.690 0. 145.162 0. 0. -1. 0.
-0.663 0.749 0. -176.274 0.749 0.663 0. 146.831 0. 0. -1. 0.
-0.645 0.764 0. -177.619 0.764 0.645 0. 148.631 0. 0. -1. 0.
-0.618 0.786 0. -179.201 0.786 0.618 0. 150.379 0. 0. -1. 0.
-0.593 0.806 0. -180.569 0.806 0.593 0. 152.278 0. 0. -1. 0.
-0.559 0.829 0. -181.833 0.829 0.559 0. 154.225 0. 0. -1. 0.
-0.522 0.853 0. -183.028 0.853 0.522 0. 156.231 0. 0. -1. 0.
-0.483 0.875 0. -184.099 0.875 0.483 0. 158.288 0. 0. -1. 0.
-0.441 0.897 0. -185.096 0.897 0.441 0. 160.420 0. 0. -1. 0.
-0.404 0.915 0. -185.991 0.915 0.404 0. 162.484 0. 0. -1. 0.
-0.367 0.930 0. -186.889 0.930 0.367 0. 164.688 0. 0. -1. 0.
-0.329 0.944 0. -187.736 0.944 0.329 0. 166.866 0. 0. -1. 0.
-0.298 0.954 0. -188.301 0.954 0.298 0. 169.100 0. 0. -1. 0.
-0.275 0.961 0. -188.693 0.961 0.275 0. 171.373 0. 0. -1. 0.
-0.264 0.965 0. -189.369 0.965 0.264 0. 173.584 0. 0. -1. 0.
-0.253 0.968 0. -189.919 0.968 0.253 0. 175.821 0. 0. -1. 0.
-0.245 0.970 0. -190.250 0.970 0.245 0. 178.064 0. 0. -1. 0.
-0.237 0.971 0. -190.789 0.971 0.237 0. 180.290 0. 0. -1. 0.
-0.226 0.974 0. -191.416 0.974 0.226 0. 182.445 0. 0. -1. 0.
-0.216 0.976 0. -191.850 0.976 0.216 0. 184.681 0. 0. -1. 0.
-0.211 0.978 0. -192.224 0.978 0.211 0. 186.874 0. 0. -1. 0.
-0.209 0.978 0. -192.678 0.978 0.209 0. 189.035 0. 0. -1. 0.
-0.212 0.977 0. -193.031 0.977 0.212 0. 191.210 0. 0. -1. 0.
-0.225 0.974 0. -193.424 0.974 0.225 0. 193.331 0. 0. -1. 0.
-0.247 0.969 0. -194.171 0.969 0.247 0. 195.359 0. 0. -1. 0.
-0.279 0.960 0. -194.645 0.960 0.279 0. 197.468 0. 0. -1. 0.
-0.318 0.948 0. -195.110 0.948 0.318 0. 199.576 0. 0. -1. 0.
-0.362 0.932 0. -195.992 0.932 0.362 0. 201.605 0. 0. -1. 0.
-0.419 0.908 0. -196.740 0.908 0.419 0. 203.592 0. 0. -1. 0.
-0.474 0.881 0. -197.756 0.881 0.474 0. 205.529 0. 0. -1. 0.
-0.530 0.848 0. -198.945 0.848 0.530 0. 207.363 0. 0. -1. 0.
-0.585 0.811 0. -200.014 0.811 0.585 0. 209.103 0. 0. -1. 0.
-0.645 0.764 0. -201.288 0.764 0.645 0. 210.942 0. 0. -1. 0.
-0.705 0.709 0. -202.774 0.709 0.705 0. 212.368 0. 0. -1. 0.
-0.763 0.647 0. -204.339 0.647 0.763 0. 213.818 0. 0. -1. 0.
-0.815 0.580 0. -206.098 0.580 0.815 0. 215.055 0. 0. -1. 0.
-0.858 0.514 0. -207.904 0.514 0.858 0. 216.071 0. 0. -1. 0.
-0.893 0.451 0. -209.764 0.451 0.893 0. 217.040 0. 0. -1. 0.
-0.920 0.391 0. -211.697 0.391 0.920 0. 217.911 0. 0. -1. 0.
-0.941 0.340 0. -213.603 0.340 0.941 0. 218.695 0. 0. -1. 0.
-0.961 0.278 0. -215.565 0.278 0.961 0. 219.293 0. 0. -1. 0.
-0.973 0.229 0. -217.641 0.229 0.973 0. 219.862 0. 0. -1. 0.
-0.980 0.199 0. -219.688 0.199 0.980 0. 220.421 0. 0. -1. 0.
-0.983 0.181 0. -221.761 0.181 0.983 0. 220.854 0. 0. -1. 0.
-0.985 0.170 0. -223.896 0.170 0.985 0. 221.241 0. 0. -1. 0.
-0.987 0.161 0. -226.036 0.161 0.987 0. 221.655 0. 0. -1. 0.
-0.988 0.152 0. -228.143 0.152 0.988 0. 221.977 0. 0. -1. 0.
-0.991 0.137 0. -230.303 0.137 0.991 0. 222.302 0. 0. -1. 0.
-0.992 0.127 0. -232.539 0.127 0.992 0. 222.585 0. 0. -1. 0.
-0.993 0.118 0. -234.673 0.118 0.993 0. 222.922 0. 0. -1. 0.
-0.993 0.115 0. -237.000 0.115 0.993 0. 223.164 0. 0. -1. 0.
-0.993 0.120 0. -239.105 0.120 0.993 0. 223.508 0. 0. -1. 0.
-0.991 0.131 0. -241.273 0.131 0.991 0. 223.807 0. 0. -1. 0.
-0.990 0.143 0. -243.446 0.143 0.990 0. 224.204 0. 0. -1. 0.
-0.987 0.160 0. -245.639 0.160 0.987 0. 224.622 0. 0. -1. 0.
-0.987 0.163 0. -247.825 0.163 0.987 0. 225.042 0. 0. -1. 0.
-0.986 0.169 0. -250.068 0.169 0.986 0. 225.357 0. 0. -1. 0.
-0.985 0.173 0. -252.206 0.173 0.985 0. 225.755 0. 0. -1. 0.
-0.984 0.181 0. -254.475 0.181 0.984 0. 226.166 0. 0. -1. 0.
-0.982 0.189 0. -256.701 0.189 0.982 0. 226.535 0. 0. -1. 0.
-0.981 0.196 0. -258.833 0.196 0.981 0. 227.082 0. 0. -1. 0.
-0.978 0.208 0. -260.922 0.208 0.978 0. 227.563 0. 0. -1. 0.
-0.976 0.219 0. -262.966 0.219 0.976 0. 228.073 0. 0. -1. 0.
-0.973 0.229 0. -265.029 0.229 0.973 0. 228.615 0. 0. -1. 0.
-0.970 0.241 0. -266.995 0.241 0.970 0. 229.077 0. 0. -1. 0.
-0.967 0.253 0. -268.917 0.253 0.967 0. 229.618 0. 0. -1. 0.
-0.961 0.275 0. -270.737 0.275 0.961 0. 230.263 0. 0. -1. 0.
-0.957 0.292 0. -272.477 0.292 0.957 0. 230.703 0. 0. -1. 0.
-0.950 0.313 0. -274.149 0.313 0.950 0. 231.253 0. 0. -1. 0.
-0.942 0.334 0. -275.706 0.334 0.942 0. 231.919 0. 0. -1. 0.
-0.936 0.351 0. -277.155 0.351 0.936 0. 232.509 0. 0. -1. 0.
-0.928 0.371 0. -278.569 0.371 0.928 0. 233.020 0. 0. -1. 0.
-0.925 0.381 0. -279.712 0.381 0.925 0. 233.531 0. 0. -1. 0.
-0.921 0.390 0. -280.866 0.390 0.921 0. 234.115 0. 0. -1. 0.
-0.918 0.397 0. -281.924 0.397 0.918 0. 234.549 0. 0. -1. 0.
-0.914 0.406 0. -282.779 0.406 0.914 0. 234.942 0. 0. -1. 0.
-0.908 0.418 0. -283.637 0.418 0.908 0. 235.326 0. 0. -1. 0.
-0.907 0.420 0. -284.344 0.420 0.907 0. 235.730 0. 0. -1. 0.
-0.900 0.436 0. -285.050 0.436 0.900 0. 236.106 0. 0. -1. 0.
-0.896 0.444 0. -285.610 0.444 0.896 0. 236.341 0. 0. -1. 0.
-0.890 0.456 0. -286.201 0.456 0.890 0. 236.698 0. 0. -1. 0.
-0.886 0.464 0. -286.600 0.464 0.886 0. 236.914 0. 0. -1. 0.
-0.881 0.473 0. -287.153 0.473 0.881 0. 237.260 0. 0. -1. 0.
-0.878 0.479 0. -287.483 0.479 0.878 0. 237.414 0. 0. -1. 0.
-0.874 0.486 0. -288.063 0.486 0.874 0. 237.740 0. 0. -1. 0.
-0.869 0.494 0. -288.526 0.494 0.869 0. 238.044 0. 0. -1. 0.
-0.861 0.509 0. -288.898 0.509 0.861 0. 238.411 0. 0. -1. 0.
-0.844 0.536 0. -289.498 0.536 0.844 0. 238.647 0. 0. -1. 0.
-0.830 0.558 0. -290.001 0.558 0.830 0. 239.016 0. 0. -1. 0.
-0.805 0.593 0. -290.721 0.593 0.805 0. 239.424 0. 0. -1. 0.
-0.778 0.628 0. -291.296 0.628 0.778 0. 239.956 0. 0. -1. 0.
-0.733 0.680 0. -291.954 0.680 0.733 0. 240.580 0. 0. -1. 0.
-0.671 0.741 0. -292.333 0.741 0.671 0. 241.249 0. 0. -1. 0.
-0.602 0.799 0. -293.010 0.799 0.602 0. 241.955 0. 0. -1. 0.
-0.529 0.849 0. -293.303 0.849 0.529 0. 242.919 0. 0. -1. 0.
-0.449 0.894 0. -293.732 0.894 0.449 0. 243.894 0. 0. -1. 0.
-0.362 0.932 0. -294.141 0.932 0.362 0. 244.886 0. 0. -1. 0.
-0.272 0.962 0. -294.420 0.962 0.272 0. 246.011 0. 0. -1. 0.
-0.188 0.982 0. -294.608 0.982 0.188 0. 247.227 0. 0. -1. 0.
-0.136 0.991 0. -294.712 0.991 0.136 0. 248.641 0. 0. -1. 0.
-0.085 0.996 0. -294.956 0.996 0.085 0. 250.241 0. 0. -1. 0.
-0.030 1.000 0. -294.924 1.000 0.030 0. 251.830 0. 0. -1. 0.
0.017 1.000 0. -294.825 1.000 -0.017 -0. 253.630 0. 0. -1. 0.
0.061 0.998 0. -294.707 0.998 -0.061 -0. 255.544 0. 0. -1. 0.
0.096 0.995 0. -294.472 0.995 -0.096 -0. 257.574 0. 0. -1. 0.
0.114 0.993 0. -294.225 0.993 -0.114 -0. 259.681 0. 0. -1. 0.
0.129 0.992 0. -293.864 0.992 -0.129 -0. 262.018 0. 0. -1. 0.
0.131 0.991 0. -293.486 0.991 -0.131 -0. 264.277 0. 0. -1. 0.
0.128 0.992 0. -293.126 0.992 -0.128 -0. 266.755 0. 0. -1. 0.
0.121 0.993 0. -292.755 0.993 -0.121 -0. 269.267 0. 0. -1. 0.
0.124 0.992 0. -292.326 0.992 -0.124 -0. 271.790 0. 0. -1. 0.
0.134 0.991 0. -292.065 0.991 -0.134 -0. 274.372 0. 0. -1. 0.
0.129 0.992 0. -291.685 0.992 -0.129 -0. 277.062 0. 0. -1. 0.
0.130 0.992 0. -291.183 0.992 -0.130 -0. 279.871 0. 0. -1. 0.
0.136 0.991 0. -290.837 0.991 -0.136 -0. 282.671 0. 0. -1. 0.
0.133 0.991 0. -290.396 0.991 -0.133 -0. 285.592 0. 0. -1. 0.
0.135 0.991 0. -289.944 0.991 -0.135 -0. 288.605 0. 0. -1. 0.
0.138 0.990 0. -289.455 0.990 -0.138 -0. 291.743 0. 0. -1. 0.
0.136 0.991 0. -288.915 0.991 -0.136 -0. 294.825 0. 0. -1. 0.
0.136 0.991 0. -288.425 0.991 -0.136 -0. 298.046 0. 0. -1. 0.
0.139 0.990 0. -287.862 0.990 -0.139 -0. 301.292 0. 0. -1. 0.
0.145 0.989 0. -287.360 0.989 -0.145 -0. 304.616 0. 0. -1. 0.
0.143 0.990 0. -286.810 0.990 -0.143 -0. 308. 0. 0. -1. 0.
0.140 0.990 0. -286.242 0.990 -0.140 -0. 311.430 0. 0. -1. 0.
0.149 0.989 0. -285.680 0.989 -0.149 -0. 314.857 0. 0. -1. 0.
0.150 0.989 0. -285.057 0.989 -0.150 -0. 318.290 0. 0. -1. 0.
0.149 0.989 0. -284.518 0.989 -0.149 -0. 321.877 0. 0. -1. 0.
0.155 0.988 0. -283.987 0.988 -0.155 -0. 325.412 0. 0. -1. 0.
0.152 0.988 0. -283.362 0.988 -0.152 -0. 328.974 0. 0. -1. 0.
0.149 0.989 0. -282.685 0.989 -0.149 -0. 332.631 0. 0. -1. 0.
0.149 0.989 0. -282.007 0.989 -0.149 -0. 336.221 0. 0. -1. 0.
0.150 0.989 0. -281.514 0.989 -0.150 -0. 339.950 0. 0. -1. 0.
0.149 0.989 0. -280.782 0.989 -0.149 -0. 343.524 0. 0. -1. 0.
0.147 0.989 0. -280.214 0.989 -0.147 -0. 347.254 0. 0. -1. 0.
0.139 0.990 0. -279.581 0.990 -0.139 -0. 350.896 0. 0. -1. 0.
0.142 0.990 0. -278.946 0.990 -0.142 -0. 354.623 0. 0. -1. 0.
0.143 0.990 0. -278.242 0.990 -0.143 -0. 358.382 0. 0. -1. 0.
0.148 0.989 0. -277.763 0.989 -0.148 -0. 362.074 0. 0. -1. 0.
0.149 0.989 0. -277.035 0.989 -0.149 -0. 365.810 0. 0. -1. 0.
0.148 0.989 0. -276.485 0.989 -0.148 -0. 369.616 0. 0. -1. 0.
0.148 0.989 0. -275.734 0.989 -0.148 -0. 373.364 0. 0. -1. 0.
0.148 0.989 0. -275.174 0.989 -0.148 -0. 377.137 0. 0. -1. 0.
0.144 0.990 0. -274.521 0.990 -0.144 -0. 380.897 0. 0. -1. 0.
0.143 0.990 0. -273.908 0.990 -0.143 -0. 384.755 0. 0. -1. 0.
0.142 0.990 0. -273.270 0.990 -0.142 -0. 388.585 0. 0. -1. 0.
0.143 0.990 0. -272.833 0.990 -0.143 -0. 392.452 0. 0. -1. 0.
0.144 0.990 0. -272.203 0.990 -0.144 -0. 396.225 0. 0. -1. 0.
0.145 0.989 0. -271.647 0.989 -0.145 -0. 400.123 0. 0. -1. 0.
0.148 0.989 0. -270.972 0.989 -0.148 -0. 403.870 0. 0. -1. 0.
0.148 0.989 0. -270.341 0.989 -0.148 -0. 407.701 0. 0. -1. 0.
0.145 0.990 0. -269.649 0.990 -0.145 -0. 411.417 0. 0. -1. 0.
0.143 0.990 0. -269.032 0.990 -0.143 -0. 415.247 0. 0. -1. 0.
0.141 0.990 0. -268.544 0.990 -0.141 -0. 419.007 0. 0. -1. 0.
0.139 0.990 0. -267.923 0.990 -0.139 -0. 422.826 0. 0. -1. 0.
0.141 0.990 0. -267.310 0.990 -0.141 -0. 426.514 0. 0. -1. 0.
0.143 0.990 0. -266.703 0.990 -0.143 -0. 430.266 0. 0. -1. 0.
0.144 0.990 0. -266.068 0.990 -0.144 -0. 434.046 0. 0. -1. 0.
0.144 0.990 0. -265.573 0.990 -0.144 -0. 437.834 0. 0. -1. 0.
0.144 0.990 0. -264.922 0.990 -0.144 -0. 441.588 0. 0. -1. 0.
0.145 0.989 0. -264.248 0.989 -0.145 -0. 445.338 0. 0. -1. 0.
0.142 0.990 0. -263.667 0.990 -0.142 -0. 449.127 0. 0. -1. 0.
0.141 0.990 0. -262.998 0.990 -0.141 -0. 452.898 0. 0. -1. 0.
0.142 0.990 0. -262.401 0.990 -0.142 -0. 456.619 0. 0. -1. 0.
0.138 0.990 0. -261.735 0.990 -0.138 -0. 460.364 0. 0. -1. 0.
0.139 0.990 0. -261.248 0.990 -0.139 -0. 464.109 0. 0. -1. 0.
0.142 0.990 0. -260.700 0.990 -0.142 -0. 467.760 0. 0. -1. 0.
0.140 0.990 0. -260.083 0.990 -0.140 -0. 471.426 0. 0. -1. 0.
0.145 0.989 0. -259.537 0.989 -0.145 -0. 475.036 0. 0. -1. 0.
0.142 0.990 0. -258.965 0.990 -0.142 -0. 478.667 0. 0. -1. 0.
0.138 0.990 0. -258.417 0.990 -0.138 -0. 482.273 0. 0. -1. 0.
0.146 0.989 0. -257.884 0.989 -0.146 -0. 485.839 0. 0. -1. 0.
0.140 0.990 0. -257.267 0.990 -0.140 -0. 489.351 0. 0. -1. 0.
0.141 0.990 0. -256.805 0.990 -0.141 -0. 492.919 0. 0. -1. 0.
0.138 0.990 0. -256.276 0.990 -0.138 -0. 496.380 0. 0. -1. 0.
0.136 0.991 0. -255.661 0.991 -0.136 -0. 499.836 0. 0. -1. 0.
0.140 0.990 0. -255.150 0.990 -0.140 -0. 503.262 0. 0. -1. 0.
0.137 0.991 0. -254.608 0.991 -0.137 -0. 506.657 0. 0. -1. 0.
0.138 0.990 0. -254.154 0.990 -0.138 -0. 510.061 0. 0. -1. 0.
0.138 0.990 0. -253.639 0.990 -0.138 -0. 513.439 0. 0. -1. 0.
0.138 0.990 0. -253.095 0.990 -0.138 -0. 516.809 0. 0. -1. 0.
0.132 0.991 0. -252.589 0.991 -0.132 -0. 520.193 0. 0. -1. 0.
0.130 0.991 0. -252.113 0.991 -0.130 -0. 523.499 0. 0. -1. 0.
0.136 0.991 0. -251.642 0.991 -0.136 -0. 526.775 0. 0. -1. 0.
0.128 0.992 0. -251.079 0.992 -0.128 -0. 530.008 0. 0. -1. 0.
0.126 0.992 0. -250.634 0.992 -0.126 -0. 533.312 0. 0. -1. 0.
0.133 0.991 0. -250.219 0.991 -0.133 -0. 536.506 0. 0. -1. 0.
0.123 0.992 0. -249.812 0.992 -0.123 -0. 539.722 0. 0. -1. 0.
0.112 0.994 0. -249.306 0.994 -0.112 -0. 542.850 0. 0. -1. 0.
0.110 0.994 0. -248.914 0.994 -0.110 -0. 545.962 0. 0. -1. 0.
0.103 0.995 0. -248.522 0.995 -0.103 -0. 548.821 0. 0. -1. 0.
0.090 0.996 0. -248.278 0.996 -0.090 -0. 551.722 0. 0. -1. 0.
0.079 0.997 0. -247.938 0.997 -0.079 -0. 554.634 0. 0. -1. 0.
0.074 0.997 0. -247.770 0.997 -0.074 -0. 557.238 0. 0. -1. 0.
0.062 0.998 0. -247.449 0.998 -0.062 -0. 559.880 0. 0. -1. 0.
0.063 0.998 0. -247.304 0.998 -0.063 -0. 562.451 0. 0. -1. 0.
0.047 0.999 0. -247.131 0.999 -0.047 -0. 564.882 0. 0. -1. 0.
0.039 0.999 0. -246.982 0.999 -0.039 -0. 567.353 0. 0. -1. 0.
0.035 0.999 0. -246.932 0.999 -0.035 -0. 569.430 0. 0. -1. 0.
0.031 1.000 0. -246.781 1.000 -0.031 -0. 571.599 0. 0. -1. 0.
0.026 1.000 0. -246.663 1.000 -0.026 -0. 573.576 0. 0. -1. 0.
0.021 1.000 0. -246.626 1.000 -0.021 -0. 575.360 0. 0. -1. 0.
0.018 1.000 0. -246.539 1.000 -0.018 -0. 577.017 0. 0. -1. 0.
0.020 1.000 0. -246.505 1.000 -0.020 -0. 578.511 0. 0. -1. 0.
0.019 1.000 0. -246.444 1.000 -0.019 -0. 579.837 0. 0. -1. 0.
0.018 1.000 0. -246.372 1.000 -0.018 -0. 581.016 0. 0. -1. 0.
0.023 1.000 0. -246.384 1.000 -0.023 -0. 582.023 0. 0. -1. 0.
0.023 1.000 0. -246.365 1.000 -0.023 -0. 582.967 0. 0. -1. 0.
0.024 1.000 0. -246.334 1.000 -0.024 -0. 583.848 0. 0. -1. 0.
0.032 0.999 0. -246.296 0.999 -0.032 -0. 584.644 0. 0. -1. 0.
0.033 0.999 0. -246.263 0.999 -0.033 -0. 585.320 0. 0. -1. 0.
0.030 1.000 0. -246.223 1.000 -0.030 -0. 585.893 0. 0. -1. 0.
0.029 1.000 0. -246.238 1.000 -0.029 -0. 586.359 0. 0. -1. 0.
0.031 1.000 0. -246.055 1.000 -0.031 -0. 586.636 0. 0. -1. 0.
