1. 0. 0. 0. 0. -1. -0. 0. 0. 0. -1. 0.
1. -0.002 -0. 0.015 -0.002 -1. -0. 0.051 0. 0. -1. 0.
1. 0.004 0. 0.011 0.004 -1. -0. 0.054 0. 0. -1. 0.
1. 0.003 0. 0.015 0.003 -1. -0. 0.043 0. 0. -1. 0.
1. -0.003 -0. 0.035 -0.003 -1. -0. 0.054 0. 0. -1. 0.
1. -0.003 -0. 0.022 -0.003 -1. -0. 0.024 0. 0. -1. 0.
1. -0.002 -0. 0.021 -0.002 -1. -0. 0.048 0. 0. -1. 0.
1. 0.001 0. 0.002 0.001 -1. -0. 0.052 0. 0. -1. 0.
1. 0.003 0. 0.011 0.003 -1. -0. 0.045 0. 0. -1. 0.
1. 0. 0. 0.003 0. -1. -0. 0.008 0. 0. -1. 0.
1. -0.001 -0. 0.014 -0.001 -1. -0. 0.031 0. 0. -1. 0.
1. -0.003 -0. 0.028 -0.003 -1. -0. 0.056 0. 0. -1. 0.
1. 0.003 0. 0.017 0.003 -1. -0. 0.047 0. 0. -1. 0.
1. 0.003 0. 0.018 0.003 -1. -0. 0.068 0. 0. -1. 0.
1. 0.002 0. 0.005 0.002 -1. -0. 0.053 0. 0. -1. 0.
1. 0.000 0. 0.001 0.000 -1. -0. 0.009 0. 0. -1. 0.
1. 0.007 0. 0.028 0.007 -1. -0. 0.079 0. 0. -1. 0.
1. 0.003 0. -0.005 0.003 -1. -0. 0.049 0. 0. -1. 0.
1. -0.001 -0. 0.018 -0.001 -1. -0. 0.062 0. 0. -1. 0.
1. -0.003 -0. 0.034 -0.003 -1. -0. 0.050 0. 0. -1. 0.
1. -0.002 -0. 0.015 -0.002 -1. -0. 0.025 0. 0. -1. 0.
1. -0.002 -0. 0.022 -0.002 -1. -0. 0.070 0. 0. -1. 0.
1. 0. 0. 0.053 0. -1. -0. 0.041 0. 0. -1. 0.
1. -0.007 -0. 0.138 -0.007 -1. -0. 0.100 0. 0. -1. 0.
1.000 -0.026 -0. 0.236 -0.026 -1.000 -0. 0.024 0. 0. -1. 0.
0.998 -0.057 -0. 0.437 -0.057 -0.998 -0. 0.005 0. 0. -1. 0.
0.995 -0.096 -0. 0.668 -0.096 -0.995 -0. -0.077 0. 0. -1. 0.
0.990 -0.143 -0. 1.086 -0.143 -0.990 -0. -0.104 0. 0. -1. 0.
0.985 -0.172 -0. 1.531 -0.172 -0.985 -0. -0.247 0. 0. -1. 0.
0.979 -0.203 -0. 2.052 -0.203 -0.979 -0. -0.435 0. 0. -1. 0.
0.975 -0.222 -0. 2.705 -0.222 -0.975 -0. -0.547 0. 0. -1. 0.
0.974 -0.225 -0. 3.528 -0.225 -0.974 -0. -0.708 0. 0. -1. 0.
0.975 -0.221 -0. 4.375 -0.221 -0.975 -0. -0.933 0. 0. -1. 0.
0.977 -0.214 -0. 5.281 -0.214 -0.977 -0. -1.196 0. 0. -1. 0.
0.977 -0.215 -0. 6.269 -0.215 -0.977 -0. -1.347 0. 0. -1. 0.
0.977 -0.215 -0. 7.308 -0.215 -0.977 -0. -1.651 0. 0. -1. 0.
0.977 -0.211 -0. 8.305 -0.211 -0.977 -0. -1.842 0. 0. -1. 0.
0.981 -0.194 -0. 9.579 -0.194 -0.981 -0. -2.047 0. 0. -1. 0.
0.982 -0.188 -0. 10.762 -0.188 -0.982 -0. -2.271 0. 0. -1. 0.
0.986 -0.168 -0. 11.924 -0.168 -0.986 -0. -2.539 0. 0. -1. 0.
0.988 -0.156 -0. 13.251 -0.156 -0.988 -0. -2.773 0. 0. -1. 0.
0.991 -0.133 -0. 14.649 -0.133 -0.991 -0. -3.073 0. 0. -1. 0.
0.994 -0.107 -0. 16.080 -0.107 -0.994 -0. -3.162 0. 0. -1. 0.
0.996 -0.094 -0. 17.548 -0.094 -0.996 -0. -3.228 0. 0. -1. 0.
0.997 -0.072 -0. 19.032 -0.072 -0.997 -0. -3.399 0. 0. -1. 0.
0.998 -0.058 -0. 20.706 -0.058 -0.998 -0. -3.510 0. 0. -1. 0.
0.999 -0.038 -0. 22.301 -0.038 -0.999 -0. -3.626 0. 0. -1. 0.
1.000 -0.028 -0. 24.027 -0.028 -1.000 -0. -3.666 0. 0. -1. 0.
1. -0.012 -0. 25.733 -0.012 -1. -0. -3.798 0. 0. -1. 0.
1. -0.006 -0. 27.452 -0.006 -1. -0. -3.759 0. 0. -1. 0.
1. 0.007 0. 29.166 0.007 -1. -0. -3.860 0. 0. -1. 0.
1.000 0.021 0. 30.975 0.021 -1.000 -0. -3.818 0. 0. -1. 0.
1.000 0.029 0. 32.728 0.029 -1.000 -0. -3.800 0. 0. -1. 0.
0.999 0.034 0. 34.600 0.034 -0.999 -0. -3.732 0. 0. -1. 0.
0.999 0.034 0. 36.519 0.034 -0.999 -0. -3.623 0. 0. -1. 0.
0.999 0.041 0. 38.388 0.041 -0.999 -0. -3.629 0. 0. -1. 0.
0.999 0.049 0. 40.369 0.049 -0.999 -0. -3.555 0. 0. -1. 0.
0.999 0.047 0. 42.427 0.047 -0.999 -0. -3.492 0. 0. -1. 0.
0.999 0.051 0. 44.499 0.051 -0.999 -0. -3.397 0. 0. -1. 0.
0.999 0.047 0. 46.625 0.047 -0.999 -0. -3.222 0. 0. -1. 0.
0.999 0.045 0. 48.819 0.045 -0.999 -0. -3.190 0. 0. -1. 0.
0.999 0.046 0. 51.055 0.046 -0.999 -0. -3.067 0. 0. -1. 0.
0.999 0.047 0. 53.336 0.047 -0.999 -0. -2.937 0. 0. -1. 0.
0.999 0.048 0. 55.650 0.048 -0.999 -0. -2.856 0. 0. -1. 0.
0.999 0.050 0. 57.951 0.050 -0.999 -0. -2.932 0. 0. -1. 0.
0.999 0.046 0. 60.266 0.046 -0.999 -0. -2.751 0. 0. -1. 0.
0.999 0.044 0. 62.457 0.044 -0.999 -0. -2.802 0. 0. -1. 0.
0.999 0.044 0. 64.780 0.044 -0.999 -0. -2.651 0. 0. -1. 0.
0.999 0.041 0. 67.029 0.041 -0.999 -0. -2.480 0. 0. -1. 0.
0.999 0.033 0. 69.206 0.033 -0.999 -0. -2.431 0. 0. -1. 0.
0.999 0.039 0. 71.471 0.039 -0.999 -0. -2.433 0. 0. -1. 0.
1.000 0.023 0. 73.689 0.023 -1.000 -0. -2.299 0. 0. -1. 0.
1. 0.014 0. 75.853 0.014 -1. -0. -2.314 0. 0. -1. 0.
1. -0.012 -0. 78.101 -0.012 -1. -0. -2.354 0. 0. -1. 0.
0.999 -0.044 -0. 80.204 -0.044 -0.999 -0. -2.499 0. 0. -1. 0.
0.997 -0.081 -0. 82.382 -0.081 -0.997 -0. -2.585 0. 0. -1. 0.
0.992 -0.127 -0. 84.407 -0.127 -0.992 -0. -2.935 0. 0. -1. 0.
0.986 -0.166 -0. 86.399 -0.166 -0.986 -0. -3.278 0. 0. -1. 0.
0.976 -0.216 -0. 88.425 -0.216 -0.976 -0. -3.705 0. 0. -1. 0.
0.962 -0.273 -0. 90.381 -0.273 -0.962 -0. -4.179 0. 0. -1. 0.
0.946 -0.325 -0. 92.229 -0.325 -0.946 -0. -4.988 0. 0. -1. 0.
0.926 -0.378 -0. 94.047 -0.378 -0.926 -0. -5.683 0. 0. -1. 0.
0.908 -0.418 -0. 95.917 -0.418 -0.908 -0. -6.485 0. 0. -1. 0.
0.882 -0.470 -0. 97.712 -0.470 -0.882 -0. -7.365 0. 0. -1. 0.
0.856 -0.517 -0. 99.452 -0.517 -0.856 -0. -8.516 0. 0. -1. 0.
0.825 -0.565 -0. 101.209 -0.565 -0.825 -0. -9.684 0. 0. -1. 0.
0.789 -0.615 -0. 102.869 -0.615 -0.789 -0. -10.680 0. 0. -1. 0.
0.737 -0.676 -0. 104.324 -0.676 -0.737 -0. -12.018 0. 0. -1. 0.
0.675 -0.737 -0. 105.703 -0.737 -0.675 -0. -13.447 0. 0. -1. 0.
0.607 -0.794 -0. 106.713 -0.794 -0.607 -0. -15.073 0. 0. -1. 0.
0.544 -0.839 -0. 107.642 -0.839 -0.544 -0. -16.834 0. 0. -1. 0.
0.486 -0.874 -0. 108.610 -0.874 -0.486 -0. -18.520 0. 0. -1. 0.
0.440 -0.898 -0. 109.585 -0.898 -0.440 -0. -20.285 0. 0. -1. 0.
0.412 -0.911 -0. 110.285 -0.911 -0.412 -0. -22.240 0. 0. -1. 0.
0.383 -0.924 -0. 111.219 -0.924 -0.383 -0. -24.130 0. 0. -1. 0.
0.371 -0.929 -0. 111.948 -0.929 -0.371 -0. -26.213 0. 0. -1. 0.
0.365 -0.931 -0. 112.864 -0.931 -0.365 -0. -28.202 0. 0. -1. 0.
0.355 -0.935 -0. 113.709 -0.935 -0.355 -0. -30.268 0. 0. -1. 0.
0.356 -0.934 -0. 114.251 -0.934 -0.356 -0. -32.465 0. 0. -1. 0.
0.361 -0.933 -0. 115.052 -0.933 -0.361 -0. -34.670 0. 0. -1. 0.
0.366 -0.931 -0. 116.048 -0.931 -0.366 -0. -36.860 0. 0. -1. 0.
0.390 -0.921 -0. 116.933 -0.921 -0.390 -0. -39.023 0. 0. -1. 0.
0.414 -0.910 -0. 117.778 -0.910 -0.414 -0. -41.244 0. 0. -1. 0.
0.444 -0.896 -0. 118.727 -0.896 -0.444 -0. -43.421 0. 0. -1. 0.
0.468 -0.884 -0. 119.965 -0.884 -0.468 -0. -45.478 0. 0. -1. 0.
0.490 -0.872 -0. 120.928 -0.872 -0.490 -0. -47.494 0. 0. -1. 0.
0.502 -0.865 -0. 122.094 -0.865 -0.502 -0. -49.562 0. 0. -1. 0.
0.517 -0.856 -0. 123.108 -0.856 -0.517 -0. -51.421 0. 0. -1. 0.
0.532 -0.847 -0. 124.273 -0.847 -0.532 -0. -53.410 0. 0. -1. 0.
0.542 -0.840 -0. 125.477 -0.840 -0.542 -0. -55.261 0. 0. -1. 0.
0.560 -0.828 -0. 126.413 -0.828 -0.560 -0. -57.004 0. 0. -1. 0.
0.566 -0.824 -0. 127.737 -0.824 -0.566 -0. -58.902 0. 0. -1. 0.
0.575 -0.818 -0. 128.928 -0.818 -0.575 -0. -60.489 0. 0. -1. 0.
0.587 -0.810 -0. 130.170 -0.810 -0.587 -0. -62.134 0. 0. -1. 0.
0.601 -0.799 -0. 131.426 -0.799 -0.601 -0. -63.833 0. 0. -1. 0.
0.621 -0.784 -0. 132.577 -0.784 -0.621 -0. -65.353 0. 0. -1. 0.
0.652 -0.758 -0. 133.945 -0.758 -0.652 -0. -66.939 0. 0. -1. 0.
0.687 -0.727 -0. 135.175 -0.727 -0.687 -0. -68.408 0. 0. -1. 0.
0.723 -0.690 -0. 136.546 -0.690 -0.723 -0. -69.715 0. 0. -1. 0.
0.774 -0.634 -0. 137.786 -0.634 -0.774 -0. -70.910 0. 0. -1. 0.
0.816 -0.578 -0. 139.294 -0.578 -0.816 -0. -71.923 0. 0. -1. 0.
0.872 -0.490 -0. 140.632 -0.490 -0.872 -0. -72.803 0. 0. -1. 0.
0.921 -0.389 -0. 142.221 -0.389 -0.921 -0. -73.359 0. 0. -1. 0.
0.963 -0.271 -0. 143.504 -0.271 -0.963 -0. -73.888 0. 0. -1. 0.
0.990 -0.140 -0. 144.922 -0.140 -0.990 -0. -74.076 0. 0. -1. 0.
1. 0.010 0. 146.209 0.010 -1. -0. -74.027 0. 0. -1. 0.
0.988 0.155 0. 147.422 0.155 -0.988 -0. -73.815 0. 0. -1. 0.
0.948 0.320 0. 148.475 0.320 -0.948 -0. -73.377 0. 0. -1. 0.
0.872 0.489 0. 149.509 0.489 -0.872 -0. -72.865 0. 0. -1. 0.
0.763 0.647 0. 150.245 0.647 -0.763 -0. -72.164 0. 0. -1. 0.
0.608 0.794 0. 150.889 0.794 -0.608 -0. -71.330 0. 0. -1. 0.
0.423 0.906 0. 151.314 0.906 -0.423 -0. -70.227 0. 0. -1. 0.
0.210 0.978 0. 151.516 0.978 -0.210 -0. -69.263 0. 0. -1. 0.
-0.023 1.000 0. 151.454 1.000 0.023 0. -68.131 0. 0. -1. 0.
-0.256 0.967 0. 151.182 0.967 0.256 0. -67.141 0. 0. -1. 0.
-0.478 0.878 0. 150.636 0.878 0.478 0. -66.205 0. 0. -1. 0.
-0.655 0.756 0. 149.723 0.756 0.655 0. -65.321 0. 0. -1. 0.
-0.778 0.628 0. 148.665 0.628 0.778 0. -64.504 0. 0. -1. 0.
-0.858 0.513 0. 147.672 0.513 0.858 0. -63.897 0. 0. -1. 0.
-0.911 0.413 0. 146.331 0.413 0.911 0. -63.331 0. 0. -1. 0.
-0.938 0.346 0. 144.982 0.346 0.938 0. -62.874 0. 0. -1. 0.
-0.949 0.315 0. 143.468 0.315 0.949 0. -62.401 0. 0. -1. 0.
-0.958 0.287 0. 141.971 0.287 0.958 0. -61.997 0. 0. -1. 0.
-0.954 0.300 0. 140.319 0.300 0.954 0. -61.452 0. 0. -1. 0.
-0.948 0.318 0. 138.702 0.318 0.948 0. -60.940 0. 0. -1. 0.
-0.940 0.340 0. 137.020 0.340 0.940 0. -60.426 0. 0. -1. 0.
-0.924 0.382 0. 135.256 0.382 0.924 0. -59.728 0. 0. -1. 0.
-0.900 0.436 0. 133.534 0.436 0.900 0. -59.010 0. 0. -1. 0.
-0.873 0.488 0. 131.766 0.488 0.873 0. -57.881 0. 0. -1. 0.
-0.838 0.545 0. 130.037 0.545 0.838 0. -56.842 0. 0. -1. 0.
-0.798 0.602 0. 128.377 0.602 0.798 0. -55.437 0. 0. -1. 0.
-0.755 0.656 0. 126.800 0.656 0.755 0. -54.108 0. 0. -1. 0.
-0.705 0.709 0. 125.234 0.709 0.705 0. -52.551 0. 0. -1. 0.
-0.660 0.751 0. 123.686 0.751 0.660 0. -50.770 0. 0. -1. 0.
-0.610 0.792 0. 122.407 0.792 0.610 0. -48.907 0. 0. -1. 0.
-0.550 0.835 0. 120.920 0.835 0.550 0. -46.978 0. 0. -1. 0.
-0.507 0.862 0. 119.874 0.862 0.507 0. -44.979 0. 0. -1. 0.
-0.465 0.886 0. 118.681 0.886 0.465 0. -42.718 0. 0. -1. 0.
-0.428 0.904 0. 117.657 0.904 0.428 0. -40.534 0. 0. -1. 0.
-0.395 0.919 0. 116.716 0.919 0.395 0. -38.274 0. 0. -1. 0.
-0.384 0.924 0. 115.865 0.924 0.384 0. -35.928 0. 0. -1. 0.
-0.362 0.932 0. 115.023 0.932 0.362 0. -33.672 0. 0. -1. 0.
-0.343 0.939 0. 114.155 0.939 0.343 0. -31.282 0. 0. -1. 0.
-0.337 0.941 0. 113.488 0.941 0.337 0. -28.987 0. 0. -1. 0.
-0.333 0.943 0. 112.603 0.943 0.333 0. -26.600 0. 0. -1. 0.
-0.354 0.935 0. 111.842 0.935 0.354 0. -24.323 0. 0. -1. 0.
-0.390 0.921 0. 110.863 0.921 0.390 0. -22.007 0. 0. -1. 0.
-0.437 0.900 0. 109.936 0.900 0.437 0. -19.852 0. 0. -1. 0.
-0.491 0.871 0. 108.824 0.871 0.491 0. -17.652 0. 0. -1. 0.
-0.547 0.837 0. 107.645 0.837 0.547 0. -15.564 0. 0. -1. 0.
-0.609 0.793 0. 106.324 0.793 0.609 0. -13.784 0. 0. -1. 0.
-0.676 0.736 0. 104.888 0.736 0.676 0. -11.790 0. 0. -1. 0.
-0.729 0.684 0. 103.219 0.684 0.729 0. -10.150 0. 0. -1. 0.
-0.782 0.623 0. 101.567 0.623 0.782 0. -8.677 0. 0. -1. 0.
-0.830 0.558 0. 99.681 0.558 0.830 0. -7.251 0. 0. -1. 0.
-0.876 0.483 0. 97.807 0.483 0.876 0. -6.170 0. 0. -1. 0.
-0.912 0.410 0. 95.774 0.410 0.912 0. -5.119 0. 0. -1. 0.
-0.946 0.325 0. 93.703 0.325 0.946 0. -4.328 0. 0. -1. 0.
-0.967 0.255 0. 91.516 0.255 0.967 0. -3.867 0. 0. -1. 0.
-0.983 0.182 0. 89.186 0.182 0.983 0. -3.348 0. 0. -1. 0.
-0.993 0.116 0. 87.034 0.116 0.993 0. -2.969 0. 0. -1. 0.
-0.998 0.066 0. 84.625 0.066 0.998 0. -2.796 0. 0. -1. 0.
-1.000 0.027 0. 82.295 0.027 1.000 0. -2.761 0. 0. -1. 0.
-1. -0.001 -0. 79.937 -0.001 1. 0. -2.725 0. 0. -1. 0.
-1.000 -0.023 -0. 77.396 -0.023 1.000 0. -2.760 0. 0. -1. 0.
-0.999 -0.033 -0. 75.010 -0.033 0.999 0. -2.863 0. 0. -1. 0.
-0.999 -0.036 -0. 72.560 -0.036 0.999 0. -2.890 0. 0. -1. 0.
-0.999 -0.033 -0. 70.086 -0.033 0.999 0. -2.983 0. 0. -1. 0.
-1.000 -0.029 -0. 67.625 -0.029 1.000 0. -3.024 0. 0. -1. 0.
-1.000 -0.028 -0. 65.113 -0.028 1.000 0. -3.049 0. 0. -1. 0.
-1.000 -0.025 -0. 62.671 -0.025 1.000 0. -3.126 0. 0. -1. 0.
-1.000 -0.022 -0. 60.143 -0.022 1.000 0. -3.264 0. 0. -1. 0.
-1.000 -0.020 -0. 57.739 -0.020 1.000 0. -3.113 0. 0. -1. 0.
-1. -0.005 -0. 55.242 -0.005 1. 0. -3.132 0. 0. -1. 0.
-1. -0.005 -0. 52.863 -0.005 1. 0. -2.942 0. 0. -1. 0.
-1. 0.001 0. 50.426 0.001 1. 0. -2.996 0. 0. -1. 0.
-1. 0.002 0. 48.089 0.002 1. 0. -2.927 0. 0. -1. 0.
-1. 0.005 0. 45.835 0.005 1. 0. -2.912 0. 0. -1. 0.
-1. 0.005 0. 43.579 0.005 1. 0. -2.856 0. 0. -1. 0.
-1. 0.006 0. 41.230 0.006 1. 0. -2.876 0. 0. -1. 0.
-1. 0. 0. 39.077 0. 1. 0. -2.585 0. 0. -1. 0.
-1. 0.001 0. 36.889 0.001 1. 0. -2.780 0. 0. -1. 0.
-1. 0.001 0. 34.650 0.001 1. 0. -2.801 0. 0. -1. 0.
-1. 0.009 0. 32.427 0.009 1. 0. -2.758 0. 0. -1. 0.
-1. 0.011 0. 30.288 0.011 1. 0. -2.611 0. 0. -1. 0.
-1.000 0.018 0. 28.015 0.018 1.000 0. -2.591 0. 0. -1. 0.
-1.000 0.021 0. 25.911 0.021 1.000 0. -2.514 0. 0. -1. 0.
-0.999 0.034 0. 23.734 0.034 0.999 0. -2.337 0. 0. -1. 0.
-0.999 0.046 0. 21.564 0.046 0.999 0. -2.145 0. 0. -1. 0.
-0.998 0.060 0. 19.377 0.060 0.998 0. -2.152 0. 0. -1. 0.
-0.998 0.071 0. 17.231 0.071 0.998 0. -1.786 0. 0. -1. 0.
-0.997 0.079 0. 14.932 0.079 0.997 0. -1.732 0. 0. -1. 0.
-0.996 0.094 0. 12.826 0.094 0.996 0. -1.498 0. 0. -1. 0.
-0.996 0.091 0. 10.580 0.091 0.996 0. -1.290 0. 0. -1. 0.
-0.995 0.098 0. 8.352 0.098 0.995 0. -1.078 0. 0. -1. 0.
-0.995 0.098 0. 6.203 0.098 0.995 0. -0.912 0. 0. -1. 0.
-0.996 0.091 0. 3.970 0.091 0.996 0. -0.641 0. 0. -1. 0.
-0.996 0.090 0. 1.771 0.090 0.996 0. -0.380 0. 0. -1. 0.
-0.997 0.072 0. -0.507 0.072 0.997 0. -0.166 0. 0. -1. 0.
-0.997 0.074 0. -2.749 0.074 0.997 0. -0.050 0. 0. -1. 0.
-0.998 0.056 0. -4.957 0.056 0.998 0. 0.134 0. 0. -1. 0.
-0.998 0.056 0. -7.244 0.056 0.998 0. 0.220 0. 0. -1. 0.
-0.998 0.057 0. -9.564 0.057 0.998 0. 0.408 0. 0. -1. 0.
-0.999 0.051 0. -11.864 0.051 0.999 0. 0.586 0. 0. -1. 0.
-0.999 0.054 0. -14.177 0.054 0.999 0. 0.747 0. 0. -1. 0.
-0.999 0.038 0. -16.581 0.038 0.999 0. 0.855 0. 0. -1. 0.
-0.999 0.039 0. -18.949 0.039 0.999 0. 1.000 0. 0. -1. 0.
-0.999 0.034 0. -21.438 0.034 0.999 0. 1.148 0. 0. -1. 0.
-1.000 0.032 0. -24.040 0.032 1.000 0. 1.254 0. 0. -1. 0.
-1.000 0.028 0. -26.533 0.028 1.000 0. 1.359 0. 0. -1. 0.
-1.000 0.023 0. -28.978 0.023 1.000 0. 1.451 0. 0. -1. 0.
-1. 0.013 0. -31.433 0.013 1. 0. 1.504 0. 0. -1. 0.
-1.000 0.017 0. -33.951 0.017 1.000 0. 1.436 0. 0. -1. 0.
-1.000 0.017 0. -36.332 0.017 1.000 0. 1.496 0. 0. -1. 0.
-1. 0.002 0. -38.697 0.002 1. 0. 1.534 0. 0. -1. 0.
-1. 0.006 0. -41.208 0.006 1. 0. 1.549 0. 0. -1. 0.
-1. 0.000 0. -43.445 0.000 1. 0. 1.597 0. 0. -1. 0.
-1. -0.001 -0. -45.790 -0.001 1. 0. 1.645 0. 0. -1. 0.
-1. -0.012 -0. -48.036 -0.012 1. 0. 1.675 0. 0. -1. 0.
-1.000 -0.014 -0. -50.197 -0.014 1.000 0. 1.662 0. 0. -1. 0.
-1.000 -0.019 -0. -52.309 -0.019 1.000 0. 1.697 0. 0. -1. 0.
-1.000 -0.020 -0. -54.442 -0.020 1.000 0. 1.715 0. 0. -1. 0.
-1.000 -0.015 -0. -56.373 -0.015 1.000 0. 1.752 0. 0. -1. 0.
-1. -0.013 -0. -58.241 -0.013 1. 0. 1.703 0. 0. -1. 0.
-1.000 0.015 0. -60.047 0.015 1.000 0. 1.727 0. 0. -1. 0.
-0.999 0.033 0. -61.618 0.033 0.999 0. 1.869 0. 0. -1. 0.
-0.998 0.066 0. -63.228 0.066 0.998 0. 2.004 0. 0. -1. 0.
-0.992 0.122 0. -64.627 0.122 0.992 0. 2.128 0. 0. -1. 0.
-0.985 0.175 0. -65.973 0.175 0.985 0. 2.484 0. 0. -1. 0.
-0.972 0.233 0. -67.167 0.233 0.972 0. 2.778 0. 0. -1. 0.
-0.948 0.319 0. -68.228 0.319 0.948 0. 3.235 0. 0. -1. 0.
-0.915 0.403 0. -69.173 0.403 0.915 0. 3.706 0. 0. -1. 0.
-0.864 0.504 0. -70.062 0.504 0.864 0. 4.349 0. 0. -1. 0.
-0.793 0.609 0. -70.853 0.609 0.793 0. 4.932 0. 0. -1. 0.
-0.710 0.704 0. -71.553 0.704 0.710 0. 5.752 0. 0. -1. 0.
-0.606 0.795 0. -72.199 0.795 0.606 0. 6.559 0. 0. -1. 0.
-0.501 0.865 0. -72.580 0.865 0.501 0. 7.387 0. 0. -1. 0.
-0.386 0.923 0. -73.079 0.923 0.386 0. 8.300 0. 0. -1. 0.
-0.291 0.957 0. -73.287 0.957 0.291 0. 9.449 0. 0. -1. 0.
-0.198 0.980 0. -73.545 0.980 0.198 0. 10.576 0. 0. -1. 0.
-0.127 0.992 0. -73.695 0.992 0.127 0. 11.734 0. 0. -1. 0.
-0.097 0.995 0. -73.683 0.995 0.097 0. 13.111 0. 0. -1. 0.
-0.073 0.997 0. -73.758 0.997 0.073 0. 14.418 0. 0. -1. 0.
-0.061 0.998 0. -73.786 0.998 0.061 0. 15.966 0. 0. -1. 0.
-0.055 0.999 0. -73.801 0.999 0.055 0. 17.444 0. 0. -1. 0.
-0.045 0.999 0. -73.916 0.999 0.045 0. 19.131 0. 0. -1. 0.
-0.036 0.999 0. -73.978 0.999 0.036 0. 20.807 0. 0. -1. 0.
-0.028 1.000 0. -73.956 1.000 0.028 0. 22.587 0. 0. -1. 0.
-0.021 1.000 0. -73.931 1.000 0.021 0. 24.403 0. 0. -1. 0.
-0.017 1.000 0. -73.949 1.000 0.017 0. 26.448 0. 0. -1. 0.
0.001 1. 0. -73.830 1. -0.001 -0. 28.442 0. 0. -1. 0.
0.010 1. 0. -73.833 1. -0.010 -0. 30.422 0. 0. -1. 0.
0.026 1.000 0. -73.789 1.000 -0.026 -0. 32.519 0. 0. -1. 0.
0.046 0.999 0. -73.641 0.999 -0.046 -0. 34.485 0. 0. -1. 0.
0.082 0.997 0. -73.529 0.997 -0.082 -0. 36.598 0. 0. -1. 0.
0.093 0.996 0. -73.274 0.996 -0.093 -0. 38.706 0. 0. -1. 0.
0.124 0.992 0. -73.054 0.992 -0.124 -0. 40.778 0. 0. -1. 0.
0.141 0.990 0. -72.677 0.990 -0.141 -0. 42.672 0. 0. -1. 0.
0.161 0.987 0. -72.344 0.987 -0.161 -0. 44.706 0. 0. -1. 0.
0.168 0.986 0. -71.953 0.986 -0.168 -0. 46.806 0. 0. -1. 0.
0.164 0.986 0. -71.534 0.986 -0.164 -0. 48.701 0. 0. -1. 0.
0.162 0.987 0. -71.264 0.987 -0.162 -0. 50.511 0. 0. -1. 0.
0.148 0.989 0. -70.962 0.989 -0.148 -0. 52.700 0. 0. -1. 0.
0.140 0.990 0. -70.661 0.990 -0.140 -0. 54.668 0. 0. -1. 0.
0.119 0.993 0. -70.319 0.993 -0.119 -0. 56.699 0. 0. -1. 0.
0.091 0.996 0. -70.071 0.996 -0.091 -0. 58.756 0. 0. -1. 0.
0.076 0.997 0. -69.825 0.997 -0.076 -0. 60.855 0. 0. -1. 0.
0.062 0.998 0. -69.659 0.998 -0.062 -0. 62.879 0. 0. -1. 0.
0.038 0.999 0. -69.477 0.999 -0.038 -0. 64.920 0. 0. -1. 0.
0.021 1.000 0. -69.442 1.000 -0.021 -0. 66.983 0. 0. -1. 0.
0.006 1. 0. -69.440 1. -0.006 -0. 69.013 0. 0. -1. 0.
-0.015 1.000 0. -69.276 1.000 0.015 0. 71.119 0. 0. -1. 0.
-0.041 0.999 0. -69.292 0.999 0.041 0. 73.117 0. 0. -1. 0.
-0.051 0.999 0. -69.466 0.999 0.051 0. 75.050 0. 0. -1. 0.
-0.089 0.996 0. -69.580 0.996 0.089 0. 76.947 0. 0. -1. 0.
-0.122 0.992 0. -69.776 0.992 0.122 0. 78.892 0. 0. -1. 0.
-0.160 0.987 0. -70.056 0.987 0.160 0. 80.758 0. 0. -1. 0.
-0.202 0.979 0. -70.391 0.979 0.202 0. 82.667 0. 0. -1. 0.
-0.250 0.968 0. -70.822 0.968 0.250 0. 84.351 0. 0. -1. 0.
-0.300 0.954 0. -71.343 0.954 0.300 0. 86.100 0. 0. -1. 0.
-0.365 0.931 0. -71.868 0.931 0.365 0. 87.735 0. 0. -1. 0.
-0.438 0.899 0. -72.542 0.899 0.438 0. 89.311 0. 0. -1. 0.
-0.517 0.856 0. -73.228 0.856 0.517 0. 90.704 0. 0. -1. 0.
-0.589 0.808 0. -74.276 0.808 0.589 0. 92.101 0. 0. -1. 0.
-0.673 0.740 0. -75.305 0.740 0.673 0. 93.307 0. 0. -1. 0.
-0.749 0.662 0. -76.502 0.662 0.749 0. 94.546 0. 0. -1. 0.
-0.823 0.569 0. -77.808 0.569 0.823 0. 95.377 0. 0. -1. 0.
-0.878 0.480 0. -79.187 0.480 0.878 0. 96.274 0. 0. -1. 0.
-0.926 0.379 0. -80.567 0.379 0.926 0. 97.026 0. 0. -1. 0.
-0.955 0.296 0. -82.135 0.296 0.955 0. 97.311 0. 0. -1. 0.
-0.971 0.237 0. -83.626 0.237 0.971 0. 97.606 0. 0. -1. 0.
-0.980 0.201 0. -85.144 0.201 0.980 0. 97.937 0. 0. -1. 0.
-0.983 0.184 0. -86.716 0.184 0.983 0. 98.175 0. 0. -1. 0.
-0.983 0.185 0. -88.265 0.185 0.983 0. 98.596 0. 0. -1. 0.
-0.982 0.187 0. -89.814 0.187 0.982 0. 98.858 0. 0. -1. 0.
-0.977 0.215 0. -91.601 0.215 0.977 0. 99.168 0. 0. -1. 0.
-0.966 0.257 0. -93.192 0.257 0.966 0. 99.635 0. 0. -1. 0.
-0.948 0.319 0. -94.877 0.319 0.948 0. 100.221 0. 0. -1. 0.
-0.927 0.375 0. -96.431 0.375 0.927 0. 100.909 0. 0. -1. 0.
-0.895 0.446 0. -98.083 0.446 0.895 0. 101.730 0. 0. -1. 0.
-0.860 0.510 0. -99.685 0.510 0.860 0. 102.728 0. 0. -1. 0.
-0.830 0.558 0. -101.256 0.558 0.830 0. 103.831 0. 0. -1. 0.
-0.798 0.602 0. -102.800 0.602 0.798 0. 104.997 0. 0. -1. 0.
-0.766 0.642 0. -104.468 0.642 0.766 0. 106.121 0. 0. -1. 0.
-0.747 0.665 0. -105.936 0.665 0.747 0. 107.587 0. 0. -1. 0.
-0.733 0.680 0. -107.489 0.680 0.733 0. 108.985 0. 0. -1. 0.
-0.726 0.688 0. -109.029 0.688 0.726 0. 110.710 0. 0. -1. 0.
-0.718 0.696 0. -110.584 0.696 0.718 0. 112.082 0. 0. -1. 0.
-0.719 0.695 0. -112.165 0.695 0.719 0. 113.756 0. 0. -1. 0.
-0.712 0.702 0. -113.804 0.702 0.712 0. 115.451 0. 0. -1. 0.
-0.716 0.698 0. -115.531 0.698 0.716 0. 117.060 0. 0. -1. 0.
-0.712 0.702 0. -117.229 0.702 0.712 0. 118.878 0. 0. -1. 0.
-0.708 0.706 0. -118.950 0.706 0.708 0. 120.639 0. 0. -1. 0.
-0.707 0.707 0. -120.750 0.707 0.707 0. 122.382 0. 0. -1. 0.
-0.710 0.704 0. -122.526 0.704 0.710 0. 124.304 0. 0. -1. 0.
-0.711 0.703 0. -124.296 0.703 0.711 0. 126.130 0. 0. -1. 0.
-0.711 0.703 0. -126.050 0.703 0.711 0. 127.890 0. 0. -1. 0.
-0.707 0.708 0. -127.883 0.708 0.707 0. 129.679 0. 0. -1. 0.
-0.712 0.702 0. -129.637 0.702 0.712 0. 131.512 0. 0. -1. 0.
-0.713 0.701 0. -131.412 0.701 0.713 0. 133.407 0. 0. -1. 0.
-0.710 0.704 0. -133.176 0.704 0.710 0. 135.132 0. 0. -1. 0.
-0.710 0.704 0. -134.986 0.704 0.710 0. 136.934 0. 0. -1. 0.
-0.707 0.707 0. -136.734 0.707 0.707 0. 138.749 0. 0. -1. 0.
-0.711 0.704 0. -138.551 0.704 0.711 0. 140.534 0. 0. -1. 0.
-0.708 0.707 0. -140.281 0.707 0.708 0. 142.417 0. 0. -1. 0.
-0.710 0.704 0. -142.032 0.704 0.710 0. 144.349 0. 0. -1. 0.
-0.712 0.702 0. -143.901 0.702 0.712 0. 146.215 0. 0. -1. 0.
-0.708 0.707 0. -145.678 0.707 0.708 0. 148.111 0. 0. -1. 0.
-0.701 0.714 0. -147.542 0.714 0.701 0. 149.841 0. 0. -1. 0.
-0.689 0.725 0. -149.112 0.725 0.689 0. 151.800 0. 0. -1. 0.
-0.675 0.738 0. -150.911 0.738 0.675 0. 153.768 0. 0. -1. 0.
-0.661 0.751 0. -152.628 0.751 0.661 0. 155.791 0. 0. -1. 0.
-0.633 0.774 0. -154.179 0.774 0.633 0. 157.684 0. 0. -1. 0.
-0.609 0.793 0. -155.839 0.793 0.609 0. 159.745 0. 0. -1. 0.
-0.576 0.817 0. -157.282 0.817 0.576 0. 161.801 0. 0. -1. 0.
-0.535 0.845 0. -158.625 0.845 0.535 0. 163.980 0. 0. -1. 0.
-0.498 0.867 0. -159.810 0.867 0.498 0. 166.108 0. 0. -1. 0.
-0.453 0.891 0. -161.062 0.891 0.453 0. 168.355 0. 0. -1. 0.
-0.402 0.916 0. -161.987 0.916 0.402 0. 170.615 0. 0. -1. 0.
-0.351 0.936 0. -162.942 0.936 0.351 0. 172.873 0. 0. -1. 0.
-0.297 0.955 0. -163.721 0.955 0.297 0. 175.214 0. 0. -1. 0.
-0.251 0.968 0. -164.120 0.968 0.251 0. 177.694 0. 0. -1. 0.
-0.212 0.977 0. -164.788 0.977 0.212 0. 180.004 0. 0. -1. 0.
-0.181 0.984 0. -164.997 0.984 0.181 0. 182.470 0. 0. -1. 0.
-0.152 0.988 0. -165.748 0.988 0.152 0. 184.815 0. 0. -1. 0.
-0.138 0.990 0. -166.103 0.990 0.138 0. 187.227 0. 0. -1. 0.
-0.134 0.991 0. -166.340 0.991 0.134 0. 189.731 0. 0. -1. 0.
-0.127 0.992 0. -166.502 0.992 0.127 0. 192.183 0. 0. -1. 0.
-0.122 0.993 0. -166.733 0.993 0.122 0. 194.649 0. 0. -1. 0.
-0.114 0.993 0. -167.154 0.993 0.114 0. 197.032 0. 0. -1. 0.
-0.107 0.994 0. -167.233 0.994 0.107 0. 199.505 0. 0. -1. 0.
-0.111 0.994 0. -167.380 0.994 0.111 0. 201.855 0. 0. -1. 0.
-0.110 0.994 0. -167.661 0.994 0.110 0. 204.283 0. 0. -1. 0.
-0.122 0.992 0. -167.907 0.992 0.122 0. 206.515 0. 0. -1. 0.
-0.145 0.989 0. -168.106 0.989 0.145 0. 208.863 0. 0. -1. 0.
-0.169 0.986 0. -168.503 0.986 0.169 0. 211.147 0. 0. -1. 0.
-0.207 0.978 0. -168.884 0.978 0.207 0. 213.384 0. 0. -1. 0.
-0.246 0.969 0. -169.300 0.969 0.246 0. 215.572 0. 0. -1. 0.
-0.286 0.958 0. -169.944 0.958 0.286 0. 217.635 0. 0. -1. 0.
-0.334 0.943 0. -170.659 0.943 0.334 0. 219.644 0. 0. -1. 0.
-0.391 0.920 0. -171.324 0.920 0.391 0. 221.565 0. 0. -1. 0.
-0.449 0.894 0. -172.216 0.894 0.449 0. 223.476 0. 0. -1. 0.
-0.506 0.862 0. -173.357 0.862 0.506 0. 225.171 0. 0. -1. 0.
-0.565 0.825 0. -174.510 0.825 0.565 0. 226.845 0. 0. -1. 0.
-0.622 0.783 0. -175.756 0.783 0.622 0. 228.408 0. 0. -1. 0.
-0.684 0.729 0. -176.954 0.729 0.684 0. 229.981 0. 0. -1. 0.
-0.742 0.671 0. -178.545 0.671 0.742 0. 231.378 0. 0. -1. 0.
-0.796 0.605 0. -180.123 0.605 0.796 0. 232.661 0. 0. -1. 0.
-0.842 0.539 0. -181.915 0.539 0.842 0. 233.835 0. 0. -1. 0.
-0.881 0.473 0. -183.815 0.473 0.881 0. 234.758 0. 0. -1. 0.
-0.917 0.399 0. -185.629 0.399 0.917 0. 235.647 0. 0. -1. 0.
-0.941 0.339 0. -187.654 0.339 0.941 0. 236.437 0. 0. -1. 0.
-0.956 0.295 0. -189.718 0.295 0.956 0. 237.150 0. 0. -1. 0.
-0.961 0.276 0. -191.773 0.276 0.961 0. 237.878 0. 0. -1. 0.
-0.965 0.263 0. -193.992 0.263 0.965 0. 238.464 0. 0. -1. 0.
-0.966 0.260 0. -196.124 0.260 0.966 0. 239.095 0. 0. -1. 0.
-0.966 0.257 0. -198.461 0.257 0.966 0. 239.714 0. 0. -1. 0.
-0.965 0.262 0. -200.769 0.262 0.965 0. 240.390 0. 0. -1. 0.
-0.964 0.267 0. -203.086 0.267 0.964 0. 241.092 0. 0. -1. 0.
-0.964 0.265 0. -205.465 0.265 0.964 0. 241.708 0. 0. -1. 0.
-0.965 0.262 0. -207.862 0.262 0.965 0. 242.378 0. 0. -1. 0.
-0.964 0.267 0. -210.229 0.267 0.964 0. 243.127 0. 0. -1. 0.
-0.963 0.269 0. -212.628 0.269 0.963 0. 243.811 0. 0. -1. 0.
-0.963 0.270 0. -214.870 0.270 0.963 0. 244.631 0. 0. -1. 0.
-0.963 0.269 0. -217.358 0.269 0.963 0. 245.252 0. 0. -1. 0.
-0.964 0.267 0. -219.775 0.267 0.964 0. 245.861 0. 0. -1. 0.
-0.963 0.270 0. -221.980 0.270 0.963 0. 246.502 0. 0. -1. 0.
-0.964 0.267 0. -224.253 0.267 0.964 0. 247.213 0. 0. -1. 0.
-0.963 0.270 0. -226.252 0.270 0.963 0. 247.946 0. 0. -1. 0.
-0.962 0.273 0. -228.518 0.273 0.962 0. 248.462 0. 0. -1. 0.
-0.961 0.278 0. -230.525 0.278 0.961 0. 249.073 0. 0. -1. 0.
-0.959 0.283 0. -232.569 0.283 0.959 0. 249.700 0. 0. -1. 0.
-0.958 0.285 0. -234.384 0.285 0.958 0. 250.301 0. 0. -1. 0.
-0.954 0.300 0. -236.344 0.300 0.954 0. 250.901 0. 0. -1. 0.
-0.944 0.330 0. -238.063 0.330 0.944 0. 251.508 0. 0. -1. 0.
-0.936 0.353 0. -239.594 0.353 0.936 0. 252.171 0. 0. -1. 0.
-0.926 0.378 0. -241.187 0.378 0.926 0. 252.820 0. 0. -1. 0.
-0.918 0.396 0. -242.660 0.396 0.918 0. 253.394 0. 0. -1. 0.
-0.913 0.408 0. -243.993 0.408 0.913 0. 253.966 0. 0. -1. 0.
-0.912 0.410 0. -245.254 0.410 0.912 0. 254.583 0. 0. -1. 0.
-0.913 0.409 0. -246.484 0.409 0.913 0. 255.245 0. 0. -1. 0.
-0.911 0.412 0. -247.718 0.412 0.911 0. 255.787 0. 0. -1. 0.
-0.909 0.416 0. -248.708 0.416 0.909 0. 256.279 0. 0. -1. 0.
-0.913 0.409 0. -249.591 0.409 0.913 0. 256.783 0. 0. -1. 0.
-0.915 0.403 0. -250.538 0.403 0.915 0. 257.019 0. 0. -1. 0.
-0.919 0.394 0. -251.341 0.394 0.919 0. 257.660 0. 0. -1. 0.
-0.921 0.389 0. -252.218 0.389 0.921 0. 257.829 0. 0. -1. 0.
-0.923 0.386 0. -252.717 0.386 0.923 0. 258.225 0. 0. -1. 0.
-0.924 0.381 0. -253.189 0.381 0.924 0. 258.351 0. 0. -1. 0.
-0.924 0.382 0. -253.646 0.382 0.924 0. 258.542 0. 0. -1. 0.
-0.925 0.379 0. -253.956 0.379 0.925 0. 258.720 0. 0. -1. 0.
-0.925 0.381 0. -254.246 0.381 0.925 0. 258.794 0. 0. -1. 0.
-0.923 0.385 0. -254.451 0.385 0.923 0. 258.882 0. 0. -1. 0.
-0.923 0.385 0. -254.576 0.385 0.923 0. 259.009 0. 0. -1. 0.
-0.924 0.382 0. -254.677 0.382 0.924 0. 259.025 0. 0. -1. 0.
-0.922 0.388 0. -254.773 0.388 0.922 0. 259.059 0. 0. -1. 0.
-0.925 0.381 0. -254.727 0.381 0.925 0. 259.049 0. 0. -1. 0.
-0.926 0.378 0. -254.758 0.378 0.926 0. 259.154 0. 0. -1. 0.
-0.923 0.386 0. -254.750 0.386 0.923 0. 259.061 0. 0. -1. 0.
-0.924 0.382 0. -254.740 0.382 0.924 0. 259.010 0. 0. -1. 0.
-0.924 0.382 0. -254.796 0.382 0.924 0. 259.214 0. 0. -1. 0.
-0.925 0.381 0. -254.762 0.381 0.925 0. 259.147 0. 0. -1. 0.
-0.922 0.386 0. -254.751 0.386 0.922 0. 259.078 0. 0. -1. 0.
-0.924 0.382 0. -254.730 0.382 0.924 0. 259.175 0. 0. -1. 0.
-0.925 0.381 0. -254.740 0.381 0.925 0. 259.151 0. 0. -1. 0.
-0.922 0.387 0. -254.741 0.387 0.922 0. 259.100 0. 0. -1. 0.
-0.923 0.386 0. -254.731 0.386 0.923 0. 259.073 0. 0. -1. 0.
-0.924 0.381 0. -254.714 0.381 0.924 0. 259.014 0. 0. -1. 0.
-0.925 0.380 0. -254.734 0.380 0.925 0. 259.172 0. 0. -1. 0.
-0.925 0.381 0. -254.726 0.381 0.925 0. 259.064 0. 0. -1. 0.
-0.922 0.386 0. -254.715 0.386 0.922 0. 259.062 0. 0. -1. 0.
-0.925 0.381 0. -254.688 0.381 0.925 0. 259.049 0. 0. -1. 0.
-0.925 0.380 0. -254.703 0.380 0.925 0. 259.080 0. 0. -1. 0.
-0.923 0.386 0. -254.751 0.386 0.923 0. 259.094 0. 0. -1. 0.
-0.925 0.381 0. -254.730 0.381 0.925 0. 259.107 0. 0. -1. 0.
-0.922 0.386 0. -254.759 0.386 0.922 0. 259.086 0. 0. -1. 0.
-0.922 0.387 0. -254.733 0.387 0.922 0. 259.067 0. 0. -1. 0.
-0.924 0.382 0. -254.703 0.382 0.924 0. 259.259 0. 0. -1. 0.
-0.924 0.382 0. -254.751 0.382 0.924 0. 259.052 0. 0. -1. 0.
-0.923 0.386 0. -254.708 0.386 0.923 0. 258.999 0. 0. -1. 0.
-0.924 0.381 0. -254.750 0.381 0.924 0. 259.082 0. 0. -1. 0.
-0.926 0.379 0. -254.757 0.379 0.926 0. 259.103 0. 0. -1. 0.
-0.925 0.380 0. -254.744 0.380 0.925 0. 259.105 0. 0. -1. 0.
-0.924 0.382 0. -254.701 0.382 0.924 0. 259.272 0. 0. -1. 0.
-0.923 0.384 0. -254.770 0.384 0.923 0. 259.160 0. 0. -1. 0.
-0.925 0.380 0. -254.701 0.380 0.925 0. 259.218 0. 0. -1. 0.
-0.923 0.386 0. -254.748 0.386 0.923 0. 259.068 0. 0. -1. 0.
-0.923 0.384 0. -254.726 0.384 0.923 0. 259.183 0. 0. -1. 0.
-0.924 0.381 0. -254.718 0.381 0.924 0. 259.047 0. 0. -1. 0.
-0.925 0.379 0. -254.726 0.379 0.925 0. 259.062 0. 0. -1. 0.
-0.924 0.383 0. -254.782 0.383 0.924 0. 259.107 0. 0. -1. 0.
-0.922 0.387 0. -254.697 0.387 0.922 0. 259.052 0. 0. -1. 0.
-0.925 0.379 0. -254.703 0.379 0.925 0. 259.130 0. 0. -1. 0.
-0.924 0.381 0. -254.750 0.381 0.924 0. 259.070 0. 0. -1. 0.
-0.923 0.386 0. -254.763 0.386 0.923 0. 259.101 0. 0. -1. 0.
-0.923 0.384 0. -254.710 0.384 0.923 0. 259.099 0. 0. -1. 0.
-0.925 0.379 0. -254.754 0.379 0.925 0. 259.168 0. 0. -1. 0.
-0.925 0.380 0. -254.706 0.380 0.925 0. 259.060 0. 0. -1. 0.
-0.926 0.378 0. -254.736 0.378 0.926 0. 259.112 0. 0. -1. 0.
-0.923 0.386 0. -254.755 0.386 0.923 0. 259.086 0. 0. -1. 0.
-0.924 0.382 0. -254.720 0.382 0.924 0. 259.125 0. 0. -1. 0.
-0.923 0.385 0. -254.789 0.385 0.923 0. 259.074 0. 0. -1. 0.
-0.924 0.384 0. -254.680 0.384 0.924 0. 258.980 0. 0. -1. 0.
-0.926 0.378 0. -254.737 0.378 0.926 0. 259.075 0. 0. -1. 0.
-0.923 0.386 0. -254.768 0.386 0.923 0. 259.023 0. 0. -1. 0.
-0.925 0.380 0. -254.717 0.380 0.925 0. 259.054 0. 0. -1. 0.
-0.923 0.384 0. -254.742 0.384 0.923 0. 259.064 0. 0. -1. 0.
-0.925 0.381 0. -254.743 0.381 0.925 0. 259.064 0. 0. -1. 0.
-0.925 0.379 0. -254.738 0.379 0.925 0. 259.100 0. 0. -1. 0.
-0.924 0.382 0. -254.710 0.382 0.924 0. 258.993 0. 0. -1. 0.
-0.924 0.383 0. -254.757 0.383 0.924 0. 259.080 0. 0. -1. 0.
-0.925 0.381 0. -254.710 0.381 0.925 0. 259.143 0. 0. -1. 0.
-0.924 0.383 0. -254.702 0.383 0.924 0. 258.996 0. 0. -1. 0.
-0.924 0.382 0. -254.708 0.382 0.924 0. 259.030 0. 0. -1. 0.
-0.925 0.380 0. -254.790 0.380 0.925 0. 259.104 0. 0. -1. 0.
-0.925 0.379 0. -254.772 0.379 0.925 0. 259.180 0. 0. -1. 0.
-0.925 0.380 0. -254.682 0.380 0.925 0. 259.029 0. 0. -1. 0.
-0.924 0.382 0. -254.766 0.382 0.924 0. 259.230 0. 0. -1. 0.
-0.925 0.380 0. -254.704 0.380 0.925 0. 258.977 0. 0. -1. 0.
-0.926 0.377 0. -254.730 0.377 0.926 0. 259.106 0. 0. -1. 0.
-0.925 0.380 0. -254.746 0.380 0.925 0. 259.083 0. 0. -1. 0.
-0.925 0.381 0. -254.662 0.381 0.925 0. 259.009 0. 0. -1. 0.
-0.925 0.381 0. -254.743 0.381 0.925 0. 259.079 0. 0. -1. 0.
-0.924 0.382 0. -254.693 0.382 0.924 0. 258.971 0. 0. -1. 0.
-0.925 0.380 0. -254.732 0.380 0.925 0. 259.048 0. 0. -1. 0.
-0.925 0.380 0. -254.737 0.380 0.925 0. 259.068 0. 0. -1. 0.
-0.924 0.381 0. -254.787 0.381 0.924 0. 259.212 0. 0. -1. 0.
-0.924 0.383 0. -254.710 0.383 0.924 0. 259.109 0. 0. -1. 0.
-0.925 0.381 0. -254.785 0.381 0.925 0. 259.146 0. 0. -1. 0.
-0.925 0.381 0. -254.751 0.381 0.925 0. 259.185 0. 0. -1. 0.
-0.922 0.387 0. -254.759 0.387 0.922 0. 259.090 0. 0. -1. 0.
-0.924 0.383 0. -254.740 0.383 0.924 0. 259.137 0. 0. -1. 0.
-0.923 0.384 0. -254.763 0.384 0.923 0. 259.045 0. 0. -1. 0.
-0.923 0.385 0. -254.774 0.385 0.923 0. 259.131 0. 0. -1. 0.
-0.925 0.379 0. -254.741 0.379 0.925 0. 259.151 0. 0. -1. 0.
-0.925 0.380 0. -254.748 0.380 0.925 0. 259.071 0. 0. -1. 0.
-0.923 0.384 0. -254.752 0.384 0.923 0. 259.001 0. 0. -1. 0.
-0.924 0.382 0. -254.736 0.382 0.924 0. 259.026 0. 0. -1. 0.
-0.924 0.382 0. -254.746 0.382 0.924 0. 258.971 0. 0. -1. 0.
-0.924 0.381 0. -254.779 0.381 0.924 0. 259.130 0. 0. -1. 0.
-0.924 0.383 0. -254.752 0.383 0.924 0. 259.058 0. 0. -1. 0.
-0.924 0.383 0. -254.747 0.383 0.924 0. 259.083 0. 0. -1. 0.
-0.924 0.383 0. -254.711 0.383 0.924 0. 259.157 0. 0. -1. 0.
-0.925 0.379 0. -254.763 0.379 0.925 0. 259.186 0. 0. -1. 0.
-0.923 0.384 0. -254.774 0.384 0.923 0. 259.072 0. 0. -1. 0.
-0.922 0.387 0. -254.741 0.387 0.922 0. 258.997 0. 0. -1. 0.
-0.924 0.383 0. -254.700 0.383 0.924 0. 258.992 0. 0. -1. 0.
-0.924 0.383 0. -254.793 0.383 0.924 0. 259.138 0. 0. -1. 0.
-0.925 0.381 0. -254.738 0.381 0.925 0. 259.119 0. 0. -1. 0.
-0.924 0.383 0. -254.695 0.383 0.924 0. 259.062 0. 0. -1. 0.
-0.923 0.386 0. -254.704 0.386 0.923 0. 259.058 0. 0. -1. 0.
-0.923 0.385 0. -254.741 0.385 0.923 0. 259.071 0. 0. -1. 0.
-0.923 0.386 0. -254.725 0.386 0.923 0. 259.051 0. 0. -1. 0.
-0.923 0.385 0. -254.705 0.385 0.923 0. 259.092 0. 0. -1. 0.
-0.926 0.378 0. -254.689 0.378 0.926 0. 259.142 0. 0. -1. 0.
-0.924 0.382 0. -254.766 0.382 0.924 0. 259.075 0. 0. -1. 0.
-0.925 0.380 0. -254.699 0.380 0.925 0. 259.164 0. 0. -1. 0.
-0.923 0.385 0. -254.764 0.385 0.923 0. 259.088 0. 0. -1. 0.
-0.924 0.383 0. -254.687 0.383 0.924 0. 259.010 0. 0. -1. 0.
-0.923 0.385 0. -254.733 0.385 0.923 0. 259.007 0. 0. -1. 0.
-0.924 0.383 0. -254.739 0.383 0.924 0. 259.209 0. 0. -1. 0.
-0.924 0.381 0. -254.748 0.381 0.924 0. 259.049 0. 0. -1. 0.
-0.925 0.380 0. -254.749 0.380 0.925 0. 259.171 0. 0. -1. 0.
-0.923 0.385 0. -254.759 0.385 0.923 0. 259.173 0. 0. -1. 0.
-0.922 0.387 0. -254.765 0.387 0.922 0. 259.039 0. 0. -1. 0.
-0.925 0.380 0. -254.677 0.380 0.925 0. 259.116 0. 0. -1. 0.
-0.924 0.383 0. -254.741 0.383 0.924 0. 259.085 0. 0. -1. 0.
-0.923 0.385 0. -254.702 0.385 0.923 0. 259.014 0. 0. -1. 0.
-0.923 0.385 0. -254.740 0.385 0.923 0. 259.004 0. 0. -1. 0.
-0.925 0.381 0. -254.716 0.381 0.925 0. 259.066 0. 0. -1. 0.
-0.924 0.382 0. -254.742 0.382 0.924 0. 259.030 0. 0. -1. 0.
-0.924 0.382 0. -254.737 0.382 0.924 0. 259.187 0. 0. -1. 0.
-0.924 0.382 0. -254.708 0.382 0.924 0. 259.313 0. 0. -1. 0.
-0.925 0.381 0. -254.742 0.381 0.925 0. 259.050 0. 0. -1. 0.
-0.924 0.383 0. -254.718 0.383 0.924 0. 259.010 0. 0. -1. 0.
-0.923 0.385 0. -254.778 0.385 0.923 0. 259.098 0. 0. -1. 0.
-0.926 0.377 0. -254.725 0.377 0.926 0. 259.076 0. 0. -1. 0.
-0.924 0.381 0. -254.769 0.381 0.924 0. 259.154 0. 0. -1. 0.
-0.924 0.383 0. -254.725 0.383 0.924 0. 259.059 0. 0. -1. 0.
-0.925 0.380 0. -254.811 0.380 0.925 0. 259.135 0. 0. -1. 0.
-0.925 0.380 0. -254.794 0.380 0.925 0. 259.224 0. 0. -1. 0.
-0.924 0.382 0. -254.710 0.382 0.924 0. 259.180 0. 0. -1. 0.
-0.922 0.387 0. -254.728 0.387 0.922 0. 259.078 0. 0. -1. 0.
-0.923 0.384 0. -254.669 0.384 0.923 0. 259.048 0. 0. -1. 0.
-0.923 0.384 0. -254.752 0.384 0.923 0. 259.114 0. 0. -1. 0.
-0.925 0.379 0. -254.689 0.379 0.925 0. 259.061 0. 0. -1. 0.
-0.923 0.385 0. -254.777 0.385 0.923 0. 259.097 0. 0. -1. 0.
-0.925 0.381 0. -254.728 0.381 0.925 0. 259.091 0. 0. -1. 0.
-0.925 0.381 0. -254.742 0.381 0.925 0. 259.027 0. 0. -1. 0.
-0.923 0.385 0. -254.761 0.385 0.923 0. 259.043 0. 0. -1. 0.
-0.924 0.382 0. -254.734 0.382 0.924 0. 259.211 0. 0. -1. 0.
-0.924 0.383 0. -254.741 0.383 0.924 0. 259.070 0. 0. -1. 0.
-0.926 0.378 0. -254.699 0.378 0.926 0. 259.045 0. 0. -1. 0.
-0.923 0.385 0. -254.798 0.385 0.923 0. 259.047 0. 0. -1. 0.
-0.924 0.383 0. -254.758 0.383 0.924 0. 259.113 0. 0. -1. 0.
-0.926 0.378 0. -254.727 0.378 0.926 0. 259.038 0. 0. -1. 0.
-0.924 0.383 0. -254.764 0.383 0.924 0. 259.091 0. 0. -1. 0.
-0.922 0.386 0. -254.755 0.386 0.922 0. 259.041 0. 0. -1. 0.
-0.923 0.385 0. -254.719 0.385 0.923 0. 259.035 0. 0. -1. 0.
-0.925 0.380 0. -254.838 0.380 0.925 0. 259.263 0. 0. -1. 0.
-0.925 0.380 0. -254.920 0.380 0.925 0. 259.160 0. 0. -1. 0.
-0.924 0.383 0. -255.024 0.383 0.924 0. 259.184 0. 0. -1. 0.
-0.924 0.382 0. -255.257 0.382 0.924 0. 259.074 0. 0. -1. 0.
-0.927 0.374 0. -255.384 0.374 0.927 0. 259.253 0. 0. -1. 0.
-0.930 0.368 0. -255.563 0.368 0.930 0. 259.443 0. 0. -1. 0.
-0.929 0.370 0. -255.819 0.370 0.929 0. 259.461 0. 0. -1. 0.
-0.930 0.367 0. -255.989 0.367 0.930 0. 259.435 0. 0. -1. 0.
-0.933 0.361 0. -256.279 0.361 0.933 0. 259.669 0. 0. -1. 0.
-0.933 0.361 0. -256.587 0.361 0.933 0. 259.755 0. 0. -1. 0.
-0.931 0.364 0. -257.084 0.364 0.931 0. 260.071 0. 0. -1. 0.
-0.929 0.371 0. -257.595 0.371 0.929 0. 260.178 0. 0. -1. 0.
-0.921 0.390 0. -258.116 0.390 0.921 0. 260.478 0. 0. -1. 0.
-0.908 0.419 0. -258.600 0.419 0.908 0. 260.704 0. 0. -1. 0.
-0.886 0.464 0. -259.203 0.464 0.886 0. 261.078 0. 0. -1. 0.
-0.859 0.512 0. -259.644 0.512 0.859 0. 261.384 0. 0. -1. 0.
-0.818 0.575 0. -260.220 0.575 0.818 0. 261.821 0. 0. -1. 0.
-0.772 0.636 0. -260.707 0.636 0.772 0. 262.229 0. 0. -1. 0.
-0.724 0.690 0. -261.277 0.690 0.724 0. 262.897 0. 0. -1. 0.
-0.658 0.753 0. -261.821 0.753 0.658 0. 263.510 0. 0. -1. 0.
-0.591 0.806 0. -262.206 0.806 0.591 0. 264.245 0. 0. -1. 0.
-0.515 0.857 0. -262.730 0.857 0.515 0. 264.988 0. 0. -1. 0.
-0.436 0.900 0. -263.000 0.900 0.436 0. 265.935 0. 0. -1. 0.
-0.353 0.936 0. -263.293 0.936 0.353 0. 266.955 0. 0. -1. 0.
-0.283 0.959 0. -263.578 0.959 0.283 0. 267.984 0. 0. -1. 0.
-0.211 0.978 0. -263.861 0.978 0.211 0. 269.183 0. 0. -1. 0.
-0.149 0.989 0. -264.030 0.989 0.149 0. 270.379 0. 0. -1. 0.
-0.087 0.996 0. -264.080 0.996 0.087 0. 271.682 0. 0. -1. 0.
-0.035 0.999 0. -264.026 0.999 0.035 0. 272.980 0. 0. -1. 0.
0.019 1.000 0. -263.883 1.000 -0.019 -0. 274.310 0. 0. -1. 0.
0.060 0.998 0. -263.822 0.998 -0.060 -0. 275.650 0. 0. -1. 0.
0.096 0.995 0. -263.729 0.995 -0.096 -0. 276.949 0. 0. -1. 0.
0.125 0.992 0. -263.492 0.992 -0.125 -0. 278.205 0. 0. -1. 0.
0.146 0.989 0. -263.310 0.989 -0.146 -0. 279.387 0. 0. -1. 0.
0.163 0.987 0. -263.071 0.987 -0.163 -0. 280.456 0. 0. -1. 0.
0.173 0.985 0. -262.920 0.985 -0.173 -0. 281.518 0. 0. -1. 0.
0.191 0.982 0. -262.813 0.982 -0.191 -0. 282.503 0. 0. -1. 0.
0.190 0.982 0. -262.617 0.982 -0.190 -0. 283.330 0. 0. -1. 0.
0.196 0.981 0. -262.378 0.981 -0.196 -0. 284.129 0. 0. -1. 0.
0.195 0.981 0. -262.186 0.981 -0.195 -0. 284.751 0. 0. -1. 0.
0.195 0.981 0. -262.134 0.981 -0.195 -0. 285.425 0. 0. -1. 0.
0.201 0.980 0. -262.037 0.980 -0.201 -0. 285.915 0. 0. -1. 0.
0.210 0.978 0. -261.901 0.978 -0.210 -0. 286.345 0. 0. -1. 0.
0.220 0.975 0. -261.783 0.975 -0.220 -0. 286.678 0. 0. -1. 0.
0.227 0.974 0. -261.707 0.974 -0.227 -0. 286.993 0. 0. -1. 0.
0.221 0.975 0. -261.613 0.975 -0.221 -0. 287.292 0. 0. -1. 0.
0.229 0.973 0. -261.624 0.973 -0.229 -0. 287.515 0. 0. -1. 0.
0.227 0.974 0. -261.459 0.974 -0.227 -0. 287.639 0. 0. -1. 0.
0.229 0.973 0. -261.584 0.973 -0.229 -0. 287.793 0. 0. -1. 0.
0.225 0.974 0. -261.496 0.974 -0.225 -0. 287.843 0. 0. -1. 0.
0.229 0.973 0. -261.546 0.973 -0.229 -0. 287.901 0. 0. -1. 0.
0.228 0.974 0. -261.448 0.974 -0.228 -0. 287.973 0. 0. -1. 0.
0.231 0.973 0. -261.523 0.973 -0.231 -0. 287.958 0. 0. -1. 0.
0.226 0.974 0. -261.389 0.974 -0.226 -0. 287.931 0. 0. -1. 0.
0.226 0.974 0. -261.388 0.974 -0.226 -0. 287.938 0. 0. -1. 0.
0.229 0.973 0. -261.443 0.973 -0.229 -0. 287.950 0. 0. -1. 0.
0.223 0.975 0. -261.430 0.975 -0.223 -0. 287.961 0. 0. -1. 0.
0.231 0.973 0. -261.542 0.973 -0.231 -0. 287.942 0. 0. -1. 0.
0.224 0.975 0. -261.428 0.975 -0.224 -0. 287.952 0. 0. -1. 0.
0.226 0.974 0. -261.473 0.974 -0.226 -0. 287.979 0. 0. -1. 0.
0.232 0.973 0. -261.487 0.973 -0.232 -0. 287.980 0. 0. -1. 0.
0.226 0.974 0. -261.442 0.974 -0.226 -0. 287.958 0. 0. -1. 0.
0.226 0.974 0. -261.432 0.974 -0.226 -0. 287.941 0. 0. -1. 0.
0.230 0.973 0. -261.466 0.973 -0.230 -0. 287.963 0. 0. -1. 0.
0.230 0.973 0. -261.482 0.973 -0.230 -0. 287.964 0. 0. -1. 0.
0.228 0.974 0. -261.476 0.974 -0.228 -0. 287.965 0. 0. -1. 0.
0.223 0.975 0. -261.422 0.975 -0.223 -0. 287.963 0. 0. -1. 0.
0.227 0.974 0. -261.484 0.974 -0.227 -0. 287.963 0. 0. -1. 0.
0.231 0.973 0. -261.553 0.973 -0.231 -0. 287.968 0. 0. -1. 0.
0.227 0.974 0. -261.487 0.974 -0.227 -0. 287.964 0. 0. -1. 0.
0.220 0.976 0. -261.450 0.976 -0.220 -0. 287.970 0. 0. -1. 0.
0.225 0.974 0. -261.508 0.974 -0.225 -0. 287.968 0. 0. -1. 0.
0.226 0.974 0. -261.371 0.974 -0.226 -0. 287.985 0. 0. -1. 0.
0.229 0.973 0. -261.537 0.973 -0.229 -0. 287.964 0. 0. -1. 0.
0.225 0.974 0. -261.406 0.974 -0.225 -0. 287.968 0. 0. -1. 0.
0.226 0.974 0. -261.479 0.974 -0.226 -0. 287.964 0. 0. -1. 0.
0.223 0.975 0. -261.426 0.975 -0.223 -0. 287.949 0. 0. -1. 0.
0.226 0.974 0. -261.385 0.974 -0.226 -0. 287.953 0. 0. -1. 0.
0.228 0.974 0. -261.471 0.974 -0.228 -0. 287.968 0. 0. -1. 0.
0.229 0.973 0. -261.449 0.973 -0.229 -0. 287.980 0. 0. -1. 0.
0.225 0.974 0. -261.338 0.974 -0.225 -0. 287.982 0. 0. -1. 0.
0.228 0.974 0. -261.472 0.974 -0.228 -0. 288. 0. 0. -1. 0.
0.232 0.973 0. -261.475 0.973 -0.232 -0. 287.954 0. 0. -1. 0.
0.231 0.973 0. -261.491 0.973 -0.231 -0. 287.934 0. 0. -1. 0.
0.228 0.974 0. -261.323 0.974 -0.228 -0. 287.987 0. 0. -1. 0.
0.226 0.974 0. -261.436 0.974 -0.226 -0. 287.949 0. 0. -1. 0.
