1618527348747220 1.00000 0.00000 0.00000 -0.00000 0.00000 -1.00000 0.00000 0.00000 0.00000 -0.00000 -1.00000 0.00000
1618527348997225 1.00000 -0.00316 0.00000 -0.02643 -0.00316 -1.00000 0.00000 0.05610 -0.00000 -0.00000 -1.00000 0.00000
1618527349246603 1.00000 -0.00211 0.00000 -0.00604 -0.00211 -1.00000 0.00000 0.02320 -0.00000 -0.00000 -1.00000 0.00000
1618527349496609 1.00000 0.00223 0.00000 -0.00450 0.00223 -1.00000 0.00000 -0.01845 0.00000 -0.00000 -1.00000 -0.00000
1618527349746612 1.00000 0.00000 0.00000 -0.00977 0.00000 -1.00000 0.00000 -0.04123 0.00000 -0.00000 -1.00000 -0.00000
1618527349996613 1.00000 0.00144 -0.00000 -0.00258 0.00144 -1.00000 0.00000 -0.01535 0.00000 -0.00000 -1.00000 -0.00000
1618527350247243 1.00000 -0.00124 0.00000 -0.00519 -0.00124 -1.00000 0.00000 -0.02873 -0.00000 -0.00000 -1.00000 -0.00000
1618527350497874 1.00000 -0.00002 0.00000 0.00873 -0.00002 -1.00000 0.00000 -0.00861 -0.00000 -0.00000 -1.00000 -0.00000
1618527350747876 1.00000 0.00125 0.00000 -0.00917 0.00125 -1.00000 0.00000 0.01369 0.00000 -0.00000 -1.00000 0.00000
1618527350997881 1.00000 0.00155 0.00000 -0.00768 0.00155 -1.00000 0.00000 -0.00154 0.00000 -0.00000 -1.00000 -0.00000
1618527351247880 1.00000 -0.00284 0.00000 -0.02194 -0.00284 -1.00000 0.00000 0.01191 -0.00000 -0.00000 -1.00000 0.00000
1618527351497889 0.99998 -0.00667 0.00000 -0.01309 -0.00667 -0.99998 0.00000 -0.00110 -0.00000 -0.00000 -1.00000 -0.00000
1618527351747262 1.00000 -0.00246 0.00000 -0.01527 -0.00246 -1.00000 0.00000 0.01468 -0.00000 -0.00000 -1.00000 0.00000
1618527351997267 0.99998 -0.00592 -0.00000 -0.02508 -0.00592 -0.99998 0.00000 -0.00546 -0.00000 -0.00000 -1.00000 -0.00000
1618527352246643 1.00000 0.00137 0.00000 -0.01859 0.00137 -1.00000 0.00000 -0.00516 0.00000 -0.00000 -1.00000 -0.00000
1618527352496645 0.99998 -0.00632 0.00000 -0.06402 -0.00632 -0.99998 0.00000 0.00192 -0.00000 -0.00000 -1.00000 0.00000
1618527352746026 1.00000 -0.00278 0.00000 -0.11218 -0.00278 -1.00000 0.00000 -0.04964 -0.00000 -0.00000 -1.00000 -0.00000
1618527352996654 0.99991 -0.01323 0.00000 -0.19625 -0.01323 -0.99991 0.00000 0.01766 -0.00000 -0.00000 -1.00000 0.00000
1618527353246654 0.99985 -0.01739 0.00000 -0.33222 -0.01739 -0.99985 0.00000 -0.01402 -0.00000 -0.00000 -1.00000 -0.00000
1618527353497904 0.99942 -0.03411 -0.00000 -0.61537 -0.03411 -0.99942 0.00000 0.02066 -0.00000 -0.00000 -1.00000 0.00000
1618527353748538 0.99833 -0.05771 -0.00000 -0.98138 -0.05771 -0.99833 0.00000 -0.05661 -0.00000 -0.00000 -1.00000 -0.00000
1618527353998544 0.99610 -0.08825 0.00000 -1.44395 -0.08825 -0.99610 0.00000 -0.00374 -0.00000 -0.00000 -1.00000 -0.00000
1618527354248545 0.99287 -0.11920 -0.00000 -1.96917 -0.11920 -0.99287 0.00000 0.01569 -0.00000 -0.00000 -1.00000 0.00000
1618527354498552 0.99010 -0.14034 0.00000 -2.63298 -0.14034 -0.99010 0.00000 -0.02703 -0.00000 -0.00000 -1.00000 -0.00000
1618527354747303 0.98824 -0.15290 0.00000 -3.44821 -0.15290 -0.98824 0.00000 0.04531 -0.00000 -0.00000 -1.00000 0.00000
1618527354997306 0.98765 -0.15666 0.00000 -4.39461 -0.15666 -0.98765 0.00000 -0.08517 -0.00000 -0.00000 -1.00000 -0.00000
1618527355247308 0.98580 -0.16794 -0.00000 -5.37132 -0.16794 -0.98580 0.00000 0.05327 -0.00000 -0.00000 -1.00000 0.00000
1618527355497311 0.98539 -0.17030 0.00000 -6.32432 -0.17030 -0.98539 0.00000 0.08759 -0.00000 -0.00000 -1.00000 0.00000
1618527355747319 0.98434 -0.17626 0.00000 -7.46639 -0.17626 -0.98434 0.00000 0.26620 -0.00000 -0.00000 -1.00000 0.00000
1618527355996696 0.98426 -0.17674 -0.00000 -8.60550 -0.17674 -0.98426 0.00000 0.17666 -0.00000 -0.00000 -1.00000 0.00000
1618527356246695 0.98426 -0.17670 0.00000 -9.80904 -0.17670 -0.98426 0.00000 0.11571 -0.00000 -0.00000 -1.00000 0.00000
1618527356496701 0.98424 -0.17684 0.00000 -11.01288 -0.17684 -0.98424 0.00000 0.12943 -0.00000 -0.00000 -1.00000 0.00000
1618527356747329 0.98315 -0.18282 0.00000 -12.30367 -0.18282 -0.98315 0.00000 0.18711 -0.00000 -0.00000 -1.00000 0.00000
1618527356997328 0.98412 -0.17748 0.00000 -13.60831 -0.17748 -0.98412 0.00000 0.03592 -0.00000 -0.00000 -1.00000 0.00000
1618527357247335 0.98651 -0.16371 0.00000 -15.03830 -0.16371 -0.98651 0.00000 -0.09283 -0.00000 -0.00000 -1.00000 -0.00000
1618527357497340 0.98951 -0.14444 -0.00000 -16.54498 -0.14444 -0.98951 0.00000 -0.45128 -0.00000 -0.00000 -1.00000 -0.00000
1618527357747342 0.99018 -0.13983 0.00000 -18.06492 -0.13983 -0.99018 0.00000 -0.56607 -0.00000 -0.00000 -1.00000 -0.00000
1618527357996718 0.99150 -0.13009 0.00000 -19.54328 -0.13009 -0.99150 0.00000 -0.72956 -0.00000 -0.00000 -1.00000 -0.00000
1618527358246720 0.99216 -0.12496 0.00000 -21.14279 -0.12496 -0.99216 0.00000 -0.84205 -0.00000 -0.00000 -1.00000 -0.00000
1618527358496730 0.99323 -0.11618 -0.00000 -22.77137 -0.11618 -0.99323 0.00000 -1.04673 -0.00000 -0.00000 -1.00000 -0.00000
1618527358746732 0.99357 -0.11318 -0.00000 -24.46991 -0.11318 -0.99357 0.00000 -1.19999 -0.00000 -0.00000 -1.00000 -0.00000
1618527358997361 0.99444 -0.10532 0.00000 -26.15178 -0.10532 -0.99444 0.00000 -1.40917 -0.00000 -0.00000 -1.00000 -0.00000
1618527359247982 0.99610 -0.08821 0.00000 -27.90211 -0.08821 -0.99610 0.00000 -1.90994 -0.00000 -0.00000 -1.00000 -0.00000
1618527359498610 0.99695 -0.07800 0.00000 -29.59212 -0.07800 -0.99695 0.00000 -2.19115 -0.00000 -0.00000 -1.00000 -0.00000
1618527359748620 0.99774 -0.06725 -0.00000 -31.31927 -0.06725 -0.99774 0.00000 -2.52841 -0.00000 -0.00000 -1.00000 -0.00000
1618527359999247 0.99821 -0.05976 0.00000 -32.99253 -0.05976 -0.99821 0.00000 -2.78688 -0.00000 -0.00000 -1.00000 -0.00000
1618527360249249 0.99878 -0.04945 0.00000 -34.68797 -0.04945 -0.99878 0.00000 -3.11397 -0.00000 -0.00000 -1.00000 -0.00000
1618527360498001 0.99960 -0.02841 0.00000 -36.31672 -0.02841 -0.99960 0.00000 -4.00351 -0.00000 -0.00000 -1.00000 -0.00000
1618527360748630 0.99979 -0.02058 0.00000 -38.04889 -0.02058 -0.99979 0.00000 -4.16598 -0.00000 -0.00000 -1.00000 -0.00000
1618527360998635 0.99977 -0.02152 0.00000 -39.77911 -0.02152 -0.99977 0.00000 -4.12387 -0.00000 -0.00000 -1.00000 -0.00000
1618527361248013 0.99987 -0.01609 0.00000 -41.46082 -0.01609 -0.99987 0.00000 -4.53178 -0.00000 -0.00000 -1.00000 -0.00000
1618527361498018 0.99998 -0.00584 0.00000 -43.14555 -0.00584 -0.99998 0.00000 -4.89676 -0.00000 -0.00000 -1.00000 -0.00000
1618527361748020 0.99999 -0.00444 0.00000 -44.99146 -0.00444 -0.99999 0.00000 -4.98112 -0.00000 -0.00000 -1.00000 -0.00000
1618527361997394 0.99998 -0.00612 0.00000 -46.75893 -0.00612 -0.99998 0.00000 -4.98326 -0.00000 -0.00000 -1.00000 -0.00000
1618527362248029 0.99992 -0.01303 -0.00000 -48.61558 -0.01303 -0.99992 0.00000 -4.58929 -0.00000 -0.00000 -1.00000 -0.00000
1618527362497404 0.99995 -0.01016 -0.00000 -50.49894 -0.01016 -0.99995 0.00000 -4.78603 -0.00000 -0.00000 -1.00000 -0.00000
1618527362747404 0.99996 -0.00935 -0.00000 -52.38436 -0.00935 -0.99996 0.00000 -4.82292 -0.00000 -0.00000 -1.00000 -0.00000
1618527362997406 0.99994 -0.01082 0.00000 -54.26450 -0.01082 -0.99994 0.00000 -4.62082 -0.00000 -0.00000 -1.00000 -0.00000
1618527363247421 0.99998 -0.00688 0.00000 -56.23808 -0.00688 -0.99998 0.00000 -5.01716 -0.00000 -0.00000 -1.00000 -0.00000
1618527363497419 1.00000 -0.00159 0.00000 -58.14252 -0.00159 -1.00000 0.00000 -5.40054 -0.00000 -0.00000 -1.00000 -0.00000
1618527363747457 1.00000 -0.00255 0.00000 -60.17560 -0.00255 -1.00000 0.00000 -5.32762 -0.00000 -0.00000 -1.00000 -0.00000
1618527363997423 0.99996 -0.00941 -0.00000 -62.23316 -0.00941 -0.99996 0.00000 -4.98511 -0.00000 -0.00000 -1.00000 -0.00000
1618527364247426 0.99998 -0.00625 0.00000 -64.26393 -0.00625 -0.99998 0.00000 -5.23464 -0.00000 -0.00000 -1.00000 -0.00000
1618527364496809 0.99999 -0.00512 0.00000 -66.25223 -0.00512 -0.99999 0.00000 -5.39902 -0.00000 -0.00000 -1.00000 -0.00000
1618527364746810 0.99999 -0.00403 0.00000 -68.26216 -0.00403 -0.99999 0.00000 -5.42823 -0.00000 -0.00000 -1.00000 -0.00000
1618527364997437 0.99995 -0.01018 0.00000 -70.32559 -0.01018 -0.99995 0.00000 -4.90536 -0.00000 -0.00000 -1.00000 -0.00000
1618527365247442 0.99999 -0.00381 0.00000 -72.26851 -0.00381 -0.99999 0.00000 -5.39735 -0.00000 -0.00000 -1.00000 -0.00000
1618527365497441 1.00000 -0.00267 -0.00000 -74.27509 -0.00267 -1.00000 0.00000 -5.47681 -0.00000 -0.00000 -1.00000 -0.00000
1618527365747448 0.99994 -0.01118 0.00000 -76.26488 -0.01118 -0.99994 0.00000 -4.93048 -0.00000 -0.00000 -1.00000 -0.00000
1618527365997452 0.99993 -0.01144 -0.00000 -78.26847 -0.01144 -0.99993 0.00000 -4.91810 -0.00000 -0.00000 -1.00000 -0.00000
1618527366247454 0.99966 -0.02625 0.00000 -80.29887 -0.02625 -0.99966 0.00000 -3.77283 -0.00000 -0.00000 -1.00000 -0.00000
1618527366497459 0.99913 -0.04181 0.00000 -82.27880 -0.04181 -0.99913 0.00000 -2.54883 -0.00000 -0.00000 -1.00000 -0.00000
1618527366747461 0.99739 -0.07217 0.00000 -84.26801 -0.07217 -0.99739 0.00000 -0.06087 -0.00000 -0.00000 -1.00000 -0.00000
1618527366997473 0.99467 -0.10313 0.00000 -86.06702 -0.10313 -0.99467 0.00000 2.52404 -0.00000 -0.00000 -1.00000 0.00000
1618527367246840 0.99160 -0.12931 0.00000 -87.84881 -0.12931 -0.99160 0.00000 4.79895 -0.00000 -0.00000 -1.00000 0.00000
1618527367497471 0.98545 -0.16997 0.00000 -89.42982 -0.16997 -0.98545 0.00000 8.35949 -0.00000 -0.00000 -1.00000 0.00000
1618527367747476 0.97516 -0.22149 0.00000 -90.67391 -0.22149 -0.97516 0.00000 13.02841 -0.00000 -0.00000 -1.00000 0.00000
1618527367997481 0.96332 -0.26835 0.00000 -91.70698 -0.26835 -0.96332 0.00000 17.42963 -0.00000 -0.00000 -1.00000 0.00000
1618527368247479 0.95159 -0.30737 -0.00000 -92.71908 -0.30737 -0.95159 0.00000 21.10365 -0.00000 -0.00000 -1.00000 0.00000
1618527368497482 0.93479 -0.35520 0.00000 -93.31756 -0.35520 -0.93479 0.00000 25.73498 -0.00000 -0.00000 -1.00000 0.00000
1618527368747488 0.91396 -0.40580 -0.00000 -93.51292 -0.40580 -0.91396 0.00000 30.82094 -0.00000 -0.00000 -1.00000 0.00000
1618527368997484 0.89129 -0.45343 -0.00000 -93.49113 -0.45343 -0.89129 0.00000 35.68668 -0.00000 -0.00000 -1.00000 0.00000
1618527369247497 0.86436 -0.50288 0.00000 -93.03801 -0.50288 -0.86436 0.00000 40.92638 -0.00000 -0.00000 -1.00000 0.00000
1618527369496874 0.83661 -0.54780 0.00000 -92.39992 -0.54780 -0.83661 0.00000 45.57239 -0.00000 -0.00000 -1.00000 0.00000
1618527369746874 0.80287 -0.59615 0.00000 -91.30985 -0.59615 -0.80287 0.00000 50.98372 -0.00000 -0.00000 -1.00000 0.00000
1618527369997503 0.75917 -0.65090 -0.00000 -89.28845 -0.65090 -0.75917 0.00000 57.48879 -0.00000 -0.00000 -1.00000 0.00000
1618527370247504 0.71541 -0.69871 0.00000 -87.08843 -0.69871 -0.71541 0.00000 63.09263 -0.00000 -0.00000 -1.00000 0.00000
1618527370498136 0.66262 -0.74896 0.00000 -83.87356 -0.74896 -0.66262 0.00000 69.30591 -0.00000 -0.00000 -1.00000 0.00000
1618527370748142 0.60780 -0.79409 0.00000 -80.42858 -0.79409 -0.60780 0.00000 75.11162 -0.00000 -0.00000 -1.00000 0.00000
1618527370997514 0.55668 -0.83073 0.00000 -77.23283 -0.83073 -0.55668 0.00000 79.70870 -0.00000 -0.00000 -1.00000 0.00000
1618527371247518 0.50537 -0.86290 -0.00000 -73.89939 -0.86290 -0.50537 0.00000 84.41426 -0.00000 -0.00000 -1.00000 0.00000
1618527371496896 0.45189 -0.89207 0.00000 -70.24238 -0.89207 -0.45189 0.00000 88.64462 -0.00000 -0.00000 -1.00000 0.00000
1618527371746280 0.41973 -0.90765 0.00000 -68.74452 -0.90765 -0.41973 0.00000 90.96356 -0.00000 -0.00000 -1.00000 0.00000
1618527371996907 0.38943 -0.92106 -0.00000 -67.38512 -0.92106 -0.38943 0.00000 93.47039 -0.00000 -0.00000 -1.00000 0.00000
1618527372246907 0.36577 -0.93070 -0.00000 -66.74426 -0.93070 -0.36577 0.00000 94.88959 -0.00000 -0.00000 -1.00000 0.00000
1618527372497535 0.34322 -0.93925 0.00000 -66.22972 -0.93925 -0.34322 0.00000 96.35491 -0.00000 -0.00000 -1.00000 0.00000
1618527372747535 0.33243 -0.94313 0.00000 -66.95272 -0.94313 -0.33243 0.00000 97.11321 -0.00000 -0.00000 -1.00000 0.00000
1618527372997545 0.32802 -0.94467 0.00000 -68.34983 -0.94467 -0.32802 0.00000 97.43962 -0.00000 -0.00000 -1.00000 0.00000
1618527373247545 0.32751 -0.94485 -0.00000 -70.10605 -0.94485 -0.32751 0.00000 97.64642 -0.00000 -0.00000 -1.00000 0.00000
1618527373497546 0.32545 -0.94556 0.00000 -71.77430 -0.94556 -0.32545 0.00000 97.82103 -0.00000 -0.00000 -1.00000 0.00000
1618527373746920 0.33818 -0.94108 0.00000 -74.92109 -0.94108 -0.33818 0.00000 96.56321 -0.00000 -0.00000 -1.00000 0.00000
1618527373997562 0.35697 -0.93412 0.00000 -78.86636 -0.93412 -0.35697 0.00000 95.20304 -0.00000 -0.00000 -1.00000 0.00000
1618527374247558 0.36834 -0.92969 0.00000 -81.91247 -0.92969 -0.36834 0.00000 94.12842 -0.00000 -0.00000 -1.00000 0.00000
1618527374497561 0.38102 -0.92457 0.00000 -85.13129 -0.92457 -0.38102 0.00000 92.98387 -0.00000 -0.00000 -1.00000 0.00000
1618527374747564 0.40184 -0.91571 0.00000 -89.12266 -0.91571 -0.40184 0.00000 90.90812 -0.00000 -0.00000 -1.00000 0.00000
1618527374997579 0.42065 -0.90722 0.00000 -92.97473 -0.90722 -0.42065 0.00000 89.00978 -0.00000 -0.00000 -1.00000 0.00000
1618527375247570 0.42685 -0.90432 0.00000 -95.49970 -0.90432 -0.42685 0.00000 88.31748 -0.00000 -0.00000 -1.00000 0.00000
1618527375497575 0.44737 -0.89435 -0.00000 -99.37564 -0.89435 -0.44737 0.00000 86.02293 -0.00000 -0.00000 -1.00000 0.00000
1618527375747576 0.46320 -0.88625 0.00000 -102.80239 -0.88625 -0.46320 0.00000 84.26017 -0.00000 -0.00000 -1.00000 0.00000
1618527375997581 0.46900 -0.88320 0.00000 -105.25778 -0.88320 -0.46900 0.00000 83.45119 -0.00000 -0.00000 -1.00000 0.00000
1618527376247584 0.47133 -0.88196 0.00000 -107.24843 -0.88196 -0.47133 0.00000 83.13536 -0.00000 -0.00000 -1.00000 0.00000
1618527376496962 0.47947 -0.87756 0.00000 -109.80724 -0.87756 -0.47947 0.00000 82.13661 -0.00000 -0.00000 -1.00000 0.00000
1618527376746968 0.48363 -0.87527 0.00000 -112.13144 -0.87527 -0.48363 0.00000 81.58429 -0.00000 -0.00000 -1.00000 0.00000
1618527376997595 0.48446 -0.87481 0.00000 -114.04401 -0.87481 -0.48446 0.00000 81.57086 -0.00000 -0.00000 -1.00000 0.00000
1618527377247594 0.49064 -0.87136 0.00000 -116.24926 -0.87136 -0.49064 0.00000 80.61439 -0.00000 -0.00000 -1.00000 0.00000
1618527377497601 0.49656 -0.86800 0.00000 -118.68722 -0.86800 -0.49656 0.00000 79.92996 -0.00000 -0.00000 -1.00000 0.00000
1618527377747621 0.50778 -0.86149 0.00000 -121.49406 -0.86149 -0.50778 0.00000 78.29714 -0.00000 -0.00000 -1.00000 0.00000
1618527377997608 0.51402 -0.85778 0.00000 -123.74375 -0.85778 -0.51402 0.00000 77.34583 -0.00000 -0.00000 -1.00000 0.00000
1618527378247611 0.51714 -0.85590 -0.00000 -125.75737 -0.85590 -0.51714 0.00000 76.99461 -0.00000 -0.00000 -1.00000 0.00000
1618527378496993 0.52953 -0.84829 0.00000 -128.56829 -0.84829 -0.52953 0.00000 75.06381 -0.00000 -0.00000 -1.00000 0.00000
1618527378746367 0.53231 -0.84655 0.00000 -130.47838 -0.84655 -0.53231 0.00000 74.68859 -0.00000 -0.00000 -1.00000 0.00000
1618527378996371 0.55905 -0.82913 0.00000 -134.35430 -0.82913 -0.55905 0.00000 70.36102 -0.00000 -0.00000 -1.00000 0.00000
1618527379246999 0.58728 -0.80938 0.00000 -138.36503 -0.80938 -0.58728 0.00000 65.85714 -0.00000 -0.00000 -1.00000 0.00000
1618527379497000 0.63406 -0.77329 0.00000 -143.52806 -0.77329 -0.63406 0.00000 57.53375 -0.00000 -0.00000 -1.00000 0.00000
1618527379747632 0.68441 -0.72910 0.00000 -148.60506 -0.72910 -0.68441 0.00000 47.65465 -0.00000 -0.00000 -1.00000 0.00000
1618527379998258 0.73985 -0.67277 0.00000 -153.24631 -0.67277 -0.73985 0.00000 35.85152 -0.00000 -0.00000 -1.00000 0.00000
1618527380248265 0.80177 -0.59764 -0.00000 -157.28033 -0.59764 -0.80177 0.00000 20.73180 -0.00000 -0.00000 -1.00000 0.00000
1618527380498265 0.86099 -0.50862 0.00000 -159.83067 -0.50862 -0.86099 0.00000 3.79482 -0.00000 -0.00000 -1.00000 0.00000
1618527380748272 0.91264 -0.40875 0.00000 -160.32428 -0.40875 -0.91264 0.00000 -14.11094 -0.00000 -0.00000 -1.00000 -0.00000
1618527380997643 0.95963 -0.28126 0.00000 -157.84687 -0.28126 -0.95963 0.00000 -35.73081 -0.00000 -0.00000 -1.00000 -0.00000
1618527381247646 0.98856 -0.15081 0.00000 -152.64252 -0.15081 -0.98856 0.00000 -56.42510 -0.00000 -0.00000 -1.00000 -0.00000
1618527381497030 1.00000 0.00289 0.00000 -142.99608 0.00289 -1.00000 0.00000 -79.22340 0.00000 -0.00000 -1.00000 -0.00000
1618527381747030 0.98540 0.17027 0.00000 -128.54534 0.17027 -0.98540 0.00000 -101.98298 0.00000 -0.00000 -1.00000 -0.00000
1618527381997037 0.94259 0.33396 0.00000 -110.36996 0.33396 -0.94259 0.00000 -122.15551 0.00000 -0.00000 -1.00000 -0.00000
1618527382247661 0.86755 0.49736 0.00000 -87.54463 0.49736 -0.86755 0.00000 -139.84514 0.00000 -0.00000 -1.00000 -0.00000
1618527382498289 0.76147 0.64820 0.00000 -61.14750 0.64820 -0.76147 0.00000 -153.49544 0.00000 -0.00000 -1.00000 -0.00000
1618527382748292 0.63337 0.77385 -0.00000 -33.55893 0.77385 -0.63337 0.00000 -161.89735 0.00000 -0.00000 -1.00000 -0.00000
1618527382998306 0.48534 0.87432 -0.00000 -4.91706 0.87432 -0.48534 0.00000 -165.23061 0.00000 -0.00000 -1.00000 -0.00000
1618527383248301 0.32473 0.94581 0.00000 23.32713 0.94581 -0.32473 0.00000 -163.44914 0.00000 -0.00000 -1.00000 -0.00000
1618527383497678 0.14828 0.98895 0.00000 51.78328 0.98895 -0.14828 0.00000 -156.52181 0.00000 -0.00000 -1.00000 -0.00000
1618527383747679 -0.03221 0.99948 0.00000 78.30623 0.99948 0.03221 0.00000 -144.56063 0.00000 0.00000 -1.00000 -0.00000
1618527383997692 -0.21541 0.97652 0.00000 102.80366 0.97652 0.21541 0.00000 -127.66504 0.00000 0.00000 -1.00000 -0.00000
1618527384247692 -0.39522 0.91858 0.00000 124.07452 0.91858 0.39522 0.00000 -105.89196 0.00000 0.00000 -1.00000 -0.00000
1618527384497694 -0.55186 0.83394 0.00000 139.96583 0.83394 0.55186 0.00000 -82.25839 0.00000 0.00000 -1.00000 -0.00000
1618527384747695 -0.67635 0.73658 0.00000 150.27103 0.73658 0.67635 0.00000 -59.12748 0.00000 0.00000 -1.00000 -0.00000
1618527384997703 -0.76184 0.64777 0.00000 155.34842 0.64777 0.76184 0.00000 -40.31530 0.00000 0.00000 -1.00000 -0.00000
1618527385247704 -0.82183 0.56973 -0.00000 157.48700 0.56973 0.82183 0.00000 -24.71003 0.00000 0.00000 -1.00000 -0.00000
1618527385497706 -0.85746 0.51456 0.00000 157.70845 0.51456 0.85746 0.00000 -14.24846 0.00000 0.00000 -1.00000 -0.00000
1618527385747706 -0.87375 0.48638 0.00000 156.86832 0.48638 0.87375 0.00000 -8.96883 0.00000 0.00000 -1.00000 -0.00000
1618527385997087 -0.88121 0.47272 0.00000 155.77058 0.47272 0.88121 0.00000 -6.61730 0.00000 0.00000 -1.00000 -0.00000
1618527386247095 -0.87649 0.48141 0.00000 154.31161 0.48141 0.87649 0.00000 -8.19022 0.00000 0.00000 -1.00000 -0.00000
1618527386496470 -0.87156 0.49030 0.00000 153.03322 0.49030 0.87156 0.00000 -9.73460 0.00000 0.00000 -1.00000 -0.00000
1618527386746475 -0.86106 0.50850 0.00000 151.46196 0.50850 0.86106 0.00000 -13.10014 0.00000 0.00000 -1.00000 -0.00000
1618527386997726 -0.84665 0.53216 -0.00000 149.45397 0.53216 0.84665 0.00000 -17.27565 0.00000 0.00000 -1.00000 -0.00000
1618527387248352 -0.82311 0.56788 0.00000 147.17881 0.56788 0.82311 0.00000 -23.64992 0.00000 0.00000 -1.00000 -0.00000
1618527387498359 -0.79597 0.60533 0.00000 144.38228 0.60533 0.79597 0.00000 -30.53384 0.00000 0.00000 -1.00000 -0.00000
1618527387747737 -0.77266 0.63482 0.00000 141.58484 0.63482 0.77266 0.00000 -35.99023 0.00000 0.00000 -1.00000 -0.00000
1618527387997742 -0.74077 0.67175 -0.00000 137.87390 0.67175 0.74077 0.00000 -42.86707 0.00000 0.00000 -1.00000 -0.00000
1618527388247121 -0.70772 0.70649 -0.00000 133.96645 0.70649 0.70772 0.00000 -49.48316 0.00000 0.00000 -1.00000 -0.00000
1618527388497117 -0.66973 0.74260 0.00000 129.37394 0.74260 0.66973 0.00000 -56.47632 0.00000 0.00000 -1.00000 -0.00000
1618527388747127 -0.63688 0.77096 0.00000 125.02063 0.77096 0.63688 0.00000 -61.98061 0.00000 0.00000 -1.00000 -0.00000
1618527388997127 -0.60508 0.79617 -0.00000 120.42360 0.79617 0.60508 0.00000 -67.06494 0.00000 0.00000 -1.00000 -0.00000
1618527389247759 -0.57364 0.81911 0.00000 115.78375 0.81911 0.57364 0.00000 -71.83213 0.00000 0.00000 -1.00000 -0.00000
1618527389498379 -0.54206 0.84034 0.00000 111.01674 0.84034 0.54206 0.00000 -76.09387 0.00000 0.00000 -1.00000 -0.00000
1618527389748383 -0.51228 0.85882 0.00000 106.27027 0.85882 0.51228 0.00000 -79.96681 0.00000 0.00000 -1.00000 -0.00000
1618527389998389 -0.47646 0.87920 0.00000 100.89809 0.87920 0.47646 0.00000 -84.25698 0.00000 0.00000 -1.00000 -0.00000
1618527390247773 -0.44552 0.89527 0.00000 95.88604 0.89527 0.44552 0.00000 -87.75278 0.00000 0.00000 -1.00000 -0.00000
1618527390497148 -0.42298 0.90614 -0.00000 91.63675 0.90614 0.42298 0.00000 -90.15163 0.00000 0.00000 -1.00000 -0.00000
1618527390747152 -0.39018 0.92074 -0.00000 86.30350 0.92074 0.39018 0.00000 -93.41102 0.00000 0.00000 -1.00000 -0.00000
1618527390997164 -0.36366 0.93153 -0.00000 81.49303 0.93153 0.36366 0.00000 -95.85107 0.00000 0.00000 -1.00000 -0.00000
1618527391247158 -0.34411 0.93893 0.00000 77.43741 0.93893 0.34411 0.00000 -97.70785 0.00000 0.00000 -1.00000 -0.00000
1618527391497785 -0.32598 0.94538 0.00000 73.42987 0.94538 0.32598 0.00000 -99.05636 0.00000 0.00000 -1.00000 -0.00000
1618527391748409 -0.30825 0.95131 0.00000 69.49184 0.95131 0.30825 0.00000 -100.46938 0.00000 0.00000 -1.00000 -0.00000
1618527391998415 -0.30834 0.95128 0.00000 67.43787 0.95128 0.30834 0.00000 -100.47110 0.00000 0.00000 -1.00000 -0.00000
1618527392248420 -0.31523 0.94902 -0.00000 66.12420 0.94902 0.31523 0.00000 -100.15378 0.00000 0.00000 -1.00000 -0.00000
1618527392498434 -0.32463 0.94584 0.00000 64.99057 0.94584 0.32463 0.00000 -99.47284 0.00000 0.00000 -1.00000 -0.00000
1618527392748424 -0.34388 0.93901 0.00000 64.92666 0.93901 0.34388 0.00000 -97.97695 0.00000 0.00000 -1.00000 -0.00000
1618527392997807 -0.37508 0.92699 -0.00000 66.20842 0.92699 0.37508 0.00000 -95.92243 0.00000 0.00000 -1.00000 -0.00000
1618527393247811 -0.41321 0.91063 0.00000 68.06683 0.91063 0.41321 0.00000 -93.07611 0.00000 0.00000 -1.00000 -0.00000
1618527393497812 -0.46069 0.88756 0.00000 70.87981 0.88756 0.46069 0.00000 -89.51500 0.00000 0.00000 -1.00000 -0.00000
1618527393747813 -0.50878 0.86090 0.00000 73.73344 0.86090 0.50878 0.00000 -85.42605 0.00000 0.00000 -1.00000 -0.00000
1618527393997819 -0.56477 0.82525 0.00000 77.36081 0.82525 0.56477 0.00000 -80.48300 0.00000 0.00000 -1.00000 -0.00000
1618527394247198 -0.62223 0.78283 0.00000 81.03301 0.78283 0.62223 0.00000 -74.95301 0.00000 0.00000 -1.00000 -0.00000
1618527394497828 -0.66756 0.74456 0.00000 83.33093 0.74456 0.66756 0.00000 -69.90631 0.00000 0.00000 -1.00000 -0.00000
1618527394747823 -0.71471 0.69942 -0.00000 85.93515 0.69942 0.71471 0.00000 -64.49575 0.00000 0.00000 -1.00000 -0.00000
1618527394997832 -0.75640 0.65411 0.00000 87.82887 0.65411 0.75640 0.00000 -59.12968 0.00000 0.00000 -1.00000 -0.00000
1618527395247837 -0.79115 0.61163 0.00000 89.10240 0.61163 0.79115 0.00000 -54.20916 0.00000 0.00000 -1.00000 -0.00000
1618527395498467 -0.82940 0.55865 0.00000 90.73070 0.55865 0.82940 0.00000 -48.34074 0.00000 0.00000 -1.00000 -0.00000
1618527395747876 -0.86204 0.50684 0.00000 91.68831 0.50684 0.86204 0.00000 -42.75796 0.00000 0.00000 -1.00000 -0.00000
1618527395997848 -0.89072 0.45456 0.00000 92.22132 0.45456 0.89072 0.00000 -37.21301 0.00000 0.00000 -1.00000 -0.00000
1618527396247848 -0.91487 0.40375 0.00000 92.32367 0.40375 0.91487 0.00000 -31.96827 0.00000 0.00000 -1.00000 -0.00000
1618527396497853 -0.93873 0.34465 0.00000 92.38301 0.34465 0.93873 0.00000 -26.13343 0.00000 0.00000 -1.00000 -0.00000
1618527396747858 -0.95748 0.28850 0.00000 91.83985 0.28850 0.95748 0.00000 -20.60019 0.00000 0.00000 -1.00000 -0.00000
1618527396997858 -0.97169 0.23626 0.00000 90.97912 0.23626 0.97169 0.00000 -15.59359 0.00000 0.00000 -1.00000 -0.00000
1618527397247859 -0.98159 0.19099 0.00000 89.69679 0.19099 0.98159 0.00000 -11.35012 0.00000 0.00000 -1.00000 -0.00000
1618527397498493 -0.98818 0.15328 -0.00000 88.05413 0.15328 0.98818 0.00000 -7.88911 0.00000 0.00000 -1.00000 -0.00000
1618527397747873 -0.99421 0.10742 -0.00000 86.42977 0.10742 0.99421 0.00000 -3.85512 0.00000 0.00000 -1.00000 -0.00000
1618527397997875 -0.99722 0.07455 0.00000 84.45706 0.07455 0.99722 0.00000 -1.10629 0.00000 0.00000 -1.00000 -0.00000
1618527398247876 -0.99855 0.05383 0.00000 82.42321 0.05383 0.99855 0.00000 0.75837 0.00000 0.00000 -1.00000 0.00000
1618527398497878 -0.99894 0.04613 -0.00000 80.38709 0.04613 0.99894 0.00000 1.41200 0.00000 0.00000 -1.00000 0.00000
1618527398747260 -0.99944 0.03339 0.00000 78.27533 0.03339 0.99944 0.00000 2.41599 0.00000 0.00000 -1.00000 0.00000
1618527398997273 -0.99950 0.03158 0.00000 76.11489 0.03158 0.99950 0.00000 2.52081 0.00000 0.00000 -1.00000 0.00000
1618527399247265 -0.99989 0.01513 0.00000 73.93982 0.01513 0.99989 0.00000 3.72921 0.00000 0.00000 -1.00000 0.00000
1618527399497895 -0.99989 0.01486 0.00000 71.69463 0.01486 0.99989 0.00000 3.74967 0.00000 0.00000 -1.00000 0.00000
1618527399747899 -0.99998 0.00705 -0.00000 69.50454 0.00705 0.99998 0.00000 4.35236 0.00000 0.00000 -1.00000 0.00000
1618527399997904 -0.99994 0.01120 0.00000 67.26628 0.01120 0.99994 0.00000 4.07721 0.00000 0.00000 -1.00000 0.00000
1618527400247898 -0.99986 0.01662 0.00000 65.02795 0.01662 0.99986 0.00000 3.70914 0.00000 0.00000 -1.00000 0.00000
1618527400497905 -0.99983 0.01863 0.00000 62.77440 0.01863 0.99983 0.00000 3.49171 0.00000 0.00000 -1.00000 0.00000
1618527400747281 -0.99995 0.00975 0.00000 60.46705 0.00975 0.99995 0.00000 3.85208 0.00000 0.00000 -1.00000 0.00000
1618527400997910 -0.99998 0.00675 -0.00000 58.12762 0.00675 0.99998 0.00000 4.13815 0.00000 0.00000 -1.00000 0.00000
1618527401247914 -0.99999 -0.00470 0.00000 55.82653 -0.00470 0.99999 0.00000 4.71140 -0.00000 0.00000 -1.00000 0.00000
1618527401498544 -0.99993 -0.01190 0.00000 53.52122 -0.01190 0.99993 0.00000 5.02552 -0.00000 0.00000 -1.00000 0.00000
1618527401748552 -0.99988 -0.01534 0.00000 51.28638 -0.01534 0.99988 0.00000 5.20489 -0.00000 0.00000 -1.00000 0.00000
1618527401998547 -0.99986 -0.01651 0.00000 49.03030 -0.01651 0.99986 0.00000 5.18721 -0.00000 0.00000 -1.00000 0.00000
1618527402248552 -0.99997 -0.00782 0.00000 46.86097 -0.00782 0.99997 0.00000 4.65630 -0.00000 0.00000 -1.00000 0.00000
1618527402498555 -0.99995 0.01039 0.00000 44.85321 0.01039 0.99995 0.00000 3.91864 0.00000 0.00000 -1.00000 0.00000
1618527402749186 -0.99933 0.03647 0.00000 42.70770 0.03647 0.99933 0.00000 2.66679 0.00000 0.00000 -1.00000 0.00000
1618527402998564 -0.99851 0.05459 -0.00000 40.64644 0.05459 0.99851 0.00000 1.96519 0.00000 0.00000 -1.00000 0.00000
1618527403247941 -0.99734 0.07294 -0.00000 38.52289 0.07294 0.99734 0.00000 1.09035 0.00000 0.00000 -1.00000 0.00000
1618527403497942 -0.99568 0.09280 0.00000 36.40718 0.09280 0.99568 0.00000 0.29393 0.00000 0.00000 -1.00000 0.00000
1618527403747955 -0.99406 0.10884 0.00000 34.27362 0.10884 0.99406 0.00000 -0.26107 0.00000 0.00000 -1.00000 -0.00000
1618527403997324 -0.99404 0.10902 0.00000 32.03645 0.10902 0.99404 0.00000 -0.47783 0.00000 0.00000 -1.00000 -0.00000
1618527404247328 -0.99250 0.12225 0.00000 29.87924 0.12225 0.99250 0.00000 -0.84138 0.00000 0.00000 -1.00000 -0.00000
1618527404497332 -0.99275 0.12018 0.00000 27.62223 0.12018 0.99275 0.00000 -0.83606 0.00000 0.00000 -1.00000 -0.00000
1618527404747963 -0.99203 0.12599 0.00000 25.33391 0.12599 0.99203 0.00000 -1.05640 0.00000 0.00000 -1.00000 -0.00000
1618527404998593 -0.99166 0.12890 0.00000 23.05077 0.12890 0.99166 0.00000 -1.24170 0.00000 0.00000 -1.00000 -0.00000
1618527405249217 -0.99116 0.13271 0.00000 20.69378 0.13271 0.99116 0.00000 -1.25241 0.00000 0.00000 -1.00000 -0.00000
1618527405498596 -0.99171 0.12852 0.00000 18.41076 0.12852 0.99171 0.00000 -1.12787 0.00000 0.00000 -1.00000 -0.00000
1618527405748603 -0.99201 0.12619 0.00000 16.01467 0.12619 0.99201 0.00000 -1.16499 0.00000 0.00000 -1.00000 -0.00000
1618527405998605 -0.99132 0.13150 0.00000 13.62673 0.13150 0.99132 0.00000 -1.21376 0.00000 0.00000 -1.00000 -0.00000
1618527406247355 -0.99253 0.12204 0.00000 11.32177 0.12204 0.99253 0.00000 -1.21427 0.00000 0.00000 -1.00000 -0.00000
1618527406497363 -0.99207 0.12571 0.00000 8.90848 0.12571 0.99207 0.00000 -1.28370 0.00000 0.00000 -1.00000 -0.00000
1618527406747989 -0.99138 0.13103 0.00000 6.45803 0.13103 0.99138 0.00000 -1.35680 0.00000 0.00000 -1.00000 -0.00000
1618527406997375 -0.99286 0.11933 0.00000 4.19268 0.11933 0.99286 0.00000 -1.39666 0.00000 0.00000 -1.00000 -0.00000
1618527407247371 -0.99287 0.11919 0.00000 1.78711 0.11919 0.99287 0.00000 -1.32909 0.00000 0.00000 -1.00000 -0.00000
1618527407497371 -0.99350 0.11380 -0.00000 -0.58660 0.11380 0.99350 0.00000 -1.37505 0.00000 0.00000 -1.00000 -0.00000
1618527407747999 -0.99322 0.11624 0.00000 -2.86054 0.11624 0.99322 0.00000 -1.56314 0.00000 0.00000 -1.00000 -0.00000
1618527407998629 -0.99369 0.11216 0.00000 -5.23504 0.11216 0.99369 0.00000 -1.58181 0.00000 0.00000 -1.00000 -0.00000
1618527408249260 -0.99451 0.10468 0.00000 -7.46912 0.10468 0.99451 0.00000 -1.52933 0.00000 0.00000 -1.00000 -0.00000
1618527408499885 -0.99384 0.11081 0.00000 -9.80873 0.11081 0.99384 0.00000 -1.56121 0.00000 0.00000 -1.00000 -0.00000
1618527408749264 -0.99522 0.09768 0.00000 -11.98333 0.09768 0.99522 0.00000 -1.64225 0.00000 0.00000 -1.00000 -0.00000
1618527408999267 -0.99528 0.09710 0.00000 -14.25162 0.09710 0.99528 0.00000 -1.66864 0.00000 0.00000 -1.00000 -0.00000
1618527409248645 -0.99570 0.09268 0.00000 -16.46316 0.09268 0.99570 0.00000 -1.82584 0.00000 0.00000 -1.00000 -0.00000
1618527409498025 -0.99676 0.08045 0.00000 -18.69389 0.08045 0.99676 0.00000 -2.09847 0.00000 0.00000 -1.00000 -0.00000
1618527409748029 -0.99660 0.08234 0.00000 -20.87811 0.08234 0.99660 0.00000 -2.14605 0.00000 0.00000 -1.00000 -0.00000
1618527409998027 -0.99691 0.07853 0.00000 -23.03959 0.07853 0.99691 0.00000 -2.18909 0.00000 0.00000 -1.00000 -0.00000
1618527410247409 -0.99760 0.06923 -0.00000 -25.21986 0.06923 0.99760 0.00000 -2.49295 0.00000 0.00000 -1.00000 -0.00000
1618527410498035 -0.99719 0.07498 0.00000 -27.51165 0.07498 0.99719 0.00000 -2.27244 0.00000 0.00000 -1.00000 -0.00000
1618527410747420 -0.99746 0.07122 0.00000 -29.44361 0.07122 0.99746 0.00000 -2.47678 0.00000 0.00000 -1.00000 -0.00000
1618527410997421 -0.99796 0.06377 0.00000 -31.55567 0.06377 0.99796 0.00000 -2.63660 0.00000 0.00000 -1.00000 -0.00000
1618527411248044 -0.99802 0.06293 0.00000 -33.74786 0.06293 0.99802 0.00000 -2.56831 0.00000 0.00000 -1.00000 -0.00000
1618527411498671 -0.99803 0.06269 -0.00000 -35.80724 0.06269 0.99803 0.00000 -2.60262 0.00000 0.00000 -1.00000 -0.00000
1618527411749306 -0.99809 0.06181 0.00000 -37.90232 0.06181 0.99809 0.00000 -2.60572 0.00000 0.00000 -1.00000 -0.00000
1618527411999303 -0.99820 0.06003 0.00000 -39.96673 0.06003 0.99820 0.00000 -2.76003 0.00000 0.00000 -1.00000 -0.00000
1618527412249313 -0.99787 0.06528 0.00000 -41.97163 0.06528 0.99787 0.00000 -2.59205 0.00000 0.00000 -1.00000 -0.00000
1618527412499315 -0.99772 0.06742 0.00000 -43.91319 0.06742 0.99772 0.00000 -2.56327 0.00000 0.00000 -1.00000 -0.00000
1618527412748692 -0.99799 0.06337 0.00000 -45.77679 0.06337 0.99799 0.00000 -2.77015 0.00000 0.00000 -1.00000 -0.00000
1618527412998073 -0.99786 0.06536 0.00000 -47.55560 0.06536 0.99786 0.00000 -2.75869 0.00000 0.00000 -1.00000 -0.00000
1618527413247448 -0.99795 0.06399 0.00000 -49.27959 0.06399 0.99795 0.00000 -2.85229 0.00000 0.00000 -1.00000 -0.00000
1618527413497452 -0.99782 0.06604 0.00000 -50.99898 0.06604 0.99782 0.00000 -2.73978 0.00000 0.00000 -1.00000 -0.00000
1618527413748080 -0.99678 0.08021 0.00000 -52.67871 0.08021 0.99678 0.00000 -2.01451 0.00000 0.00000 -1.00000 -0.00000
1618527413998087 -0.99638 0.08504 -0.00000 -54.22762 0.08504 0.99638 0.00000 -1.72774 0.00000 0.00000 -1.00000 -0.00000
1618527414248087 -0.99526 0.09721 0.00000 -55.71669 0.09721 0.99526 0.00000 -1.08865 0.00000 0.00000 -1.00000 -0.00000
1618527414497467 -0.99385 0.11069 0.00000 -57.07762 0.11069 0.99385 0.00000 -0.43854 0.00000 0.00000 -1.00000 -0.00000
1618527414747464 -0.99035 0.13860 0.00000 -58.31807 0.13860 0.99035 0.00000 1.21174 0.00000 0.00000 -1.00000 0.00000
1618527414997482 -0.98613 0.16595 0.00000 -59.49897 0.16595 0.98613 0.00000 2.74146 0.00000 0.00000 -1.00000 0.00000
1618527415248095 -0.97620 0.21688 0.00000 -60.46619 0.21688 0.97620 0.00000 5.85613 0.00000 0.00000 -1.00000 0.00000
1618527415498101 -0.96632 0.25734 0.00000 -61.17526 0.25734 0.96632 0.00000 8.47041 0.00000 0.00000 -1.00000 0.00000
1618527415748109 -0.95028 0.31140 0.00000 -61.62377 0.31140 0.95028 0.00000 11.71308 0.00000 0.00000 -1.00000 0.00000
1618527415998112 -0.92606 0.37739 0.00000 -61.64285 0.37739 0.92606 0.00000 16.01046 0.00000 0.00000 -1.00000 0.00000
1618527416248107 -0.89231 0.45143 0.00000 -61.21923 0.45143 0.89231 0.00000 21.00989 0.00000 0.00000 -1.00000 0.00000
1618527416498116 -0.84760 0.53064 -0.00000 -60.00233 0.53064 0.84760 0.00000 26.38618 0.00000 0.00000 -1.00000 0.00000
1618527416747494 -0.80112 0.59851 0.00000 -58.53250 0.59851 0.80112 0.00000 31.05633 0.00000 0.00000 -1.00000 0.00000
1618527416997499 -0.72950 0.68398 0.00000 -55.72048 0.68398 0.72950 0.00000 37.53554 0.00000 0.00000 -1.00000 0.00000
1618527417247498 -0.65668 0.75417 0.00000 -52.57072 0.75417 0.65668 0.00000 42.90887 0.00000 0.00000 -1.00000 0.00000
1618527417497509 -0.57003 0.82162 0.00000 -48.62405 0.82162 0.57003 0.00000 48.24423 0.00000 0.00000 -1.00000 0.00000
1618527417748135 -0.46676 0.88438 -0.00000 -43.43812 0.88438 0.46676 0.00000 53.86508 0.00000 0.00000 -1.00000 0.00000
1618527417998136 -0.36624 0.93052 0.00000 -38.22338 0.93052 0.36624 0.00000 58.27575 0.00000 0.00000 -1.00000 0.00000
1618527418248142 -0.25735 0.96632 0.00000 -32.54929 0.96632 0.25735 0.00000 62.31302 0.00000 0.00000 -1.00000 0.00000
1618527418497519 -0.17232 0.98504 0.00000 -28.18743 0.98504 0.17232 0.00000 64.74197 0.00000 0.00000 -1.00000 0.00000
1618527418747524 -0.09224 0.99574 0.00000 -24.15115 0.99574 0.09224 0.00000 66.98346 0.00000 0.00000 -1.00000 0.00000
1618527418997528 -0.05088 0.99870 -0.00000 -22.54658 0.99870 0.05088 0.00000 67.89406 0.00000 0.00000 -1.00000 0.00000
1618527419247529 -0.02661 0.99965 0.00000 -22.42868 0.99965 0.02661 0.00000 68.36058 0.00000 0.00000 -1.00000 0.00000
1618527419497529 0.00267 1.00000 -0.00000 -21.86097 1.00000 -0.00267 0.00000 68.84620 0.00000 -0.00000 -1.00000 0.00000
1618527419748162 0.01336 0.99991 0.00000 -22.74162 0.99991 -0.01336 0.00000 69.19761 0.00000 -0.00000 -1.00000 0.00000
1618527419998158 0.02171 0.99976 0.00000 -23.78271 0.99976 -0.02171 0.00000 69.22471 0.00000 -0.00000 -1.00000 0.00000
1618527420248167 0.02616 0.99966 0.00000 -25.14106 0.99966 -0.02616 0.00000 69.39067 0.00000 -0.00000 -1.00000 0.00000
1618527420498174 0.04249 0.99910 0.00000 -25.73931 0.99910 -0.04249 0.00000 69.67941 0.00000 -0.00000 -1.00000 0.00000
1618527420748172 0.04034 0.99919 -0.00000 -27.75672 0.99919 -0.04034 0.00000 69.73579 0.00000 -0.00000 -1.00000 0.00000
1618527420997548 0.05196 0.99865 -0.00000 -28.70573 0.99865 -0.05196 0.00000 69.81223 0.00000 -0.00000 -1.00000 0.00000
1618527421247550 0.06460 0.99791 0.00000 -29.72616 0.99791 -0.06460 0.00000 70.28856 0.00000 -0.00000 -1.00000 0.00000
1618527421497562 0.08411 0.99646 0.00000 -30.14956 0.99646 -0.08411 0.00000 70.64001 0.00000 -0.00000 -1.00000 0.00000
1618527421748187 0.10617 0.99435 0.00000 -30.54660 0.99435 -0.10617 0.00000 71.41979 0.00000 -0.00000 -1.00000 0.00000
1618527421998188 0.12297 0.99241 0.00000 -31.17650 0.99241 -0.12297 0.00000 71.82038 0.00000 -0.00000 -1.00000 0.00000
1618527422248817 0.15521 0.98788 0.00000 -30.88197 0.98788 -0.15521 0.00000 72.96834 0.00000 -0.00000 -1.00000 0.00000
1618527422498821 0.17284 0.98495 0.00000 -31.46083 0.98495 -0.17284 0.00000 73.41350 0.00000 -0.00000 -1.00000 0.00000
1618527422748825 0.18397 0.98293 -0.00000 -32.70634 0.98293 -0.18397 0.00000 73.64645 0.00000 -0.00000 -1.00000 0.00000
1618527422998217 0.19086 0.98162 -0.00000 -34.02204 0.98162 -0.19086 0.00000 73.76747 0.00000 -0.00000 -1.00000 0.00000
1618527423247585 0.19130 0.98153 0.00000 -36.05988 0.98153 -0.19130 0.00000 73.75932 0.00000 -0.00000 -1.00000 0.00000
1618527423498208 0.18166 0.98336 -0.00000 -38.80094 0.98336 -0.18166 0.00000 73.45295 0.00000 -0.00000 -1.00000 0.00000
1618527423748212 0.17934 0.98379 0.00000 -40.93162 0.98379 -0.17934 0.00000 73.36911 0.00000 -0.00000 -1.00000 0.00000
1618527423998219 0.17095 0.98528 0.00000 -43.46451 0.98528 -0.17095 0.00000 72.84554 0.00000 -0.00000 -1.00000 0.00000
1618527424248220 0.15909 0.98726 0.00000 -46.42263 0.98726 -0.15909 0.00000 72.34046 0.00000 -0.00000 -1.00000 0.00000
1618527424497598 0.15310 0.98821 0.00000 -48.73362 0.98821 -0.15310 0.00000 72.03691 0.00000 -0.00000 -1.00000 0.00000
1618527424747600 0.13812 0.99042 0.00000 -51.97202 0.99042 -0.13812 0.00000 71.36609 0.00000 -0.00000 -1.00000 0.00000
1618527424997602 0.13285 0.99114 -0.00000 -54.32622 0.99114 -0.13285 0.00000 70.98096 0.00000 -0.00000 -1.00000 0.00000
1618527425247895 0.11933 0.99285 0.00000 -57.32958 0.99285 -0.11933 0.00000 70.22908 0.00000 -0.00000 -1.00000 0.00000
1618527425497611 0.11510 0.99335 0.00000 -59.74079 0.99335 -0.11510 0.00000 69.95603 0.00000 -0.00000 -1.00000 0.00000
1618527425748864 0.10788 0.99416 0.00000 -62.15787 0.99416 -0.10788 0.00000 69.51535 0.00000 -0.00000 -1.00000 0.00000
1618527425999495 0.10216 0.99477 0.00000 -64.52578 0.99477 -0.10216 0.00000 69.05203 0.00000 -0.00000 -1.00000 0.00000
1618527426249505 0.08717 0.99619 0.00000 -67.54632 0.99619 -0.08717 0.00000 68.08184 0.00000 -0.00000 -1.00000 0.00000
1618527426499500 0.07842 0.99692 0.00000 -70.10647 0.99692 -0.07842 0.00000 67.44485 0.00000 -0.00000 -1.00000 0.00000
1618527426749505 0.06139 0.99811 0.00000 -73.14259 0.99811 -0.06139 0.00000 66.23359 0.00000 -0.00000 -1.00000 0.00000
1618527426999506 0.04181 0.99913 0.00000 -76.31730 0.99913 -0.04181 0.00000 64.77157 0.00000 -0.00000 -1.00000 0.00000
1618527427248893 0.02272 0.99974 0.00000 -79.37717 0.99974 -0.02272 0.00000 63.27160 0.00000 -0.00000 -1.00000 0.00000
1618527427498260 -0.01499 0.99989 -0.00000 -83.49068 0.99989 0.01499 0.00000 60.18780 0.00000 0.00000 -1.00000 0.00000
1618527427748267 -0.04389 0.99904 -0.00000 -87.08467 0.99904 0.04389 0.00000 57.68569 0.00000 0.00000 -1.00000 0.00000
1618527427998269 -0.09680 0.99530 0.00000 -91.70281 0.99530 0.09680 0.00000 52.96526 0.00000 0.00000 -1.00000 0.00000
1618527428247647 -0.15824 0.98740 0.00000 -96.58362 0.98740 0.15824 0.00000 47.09840 0.00000 0.00000 -1.00000 0.00000
1618527428498277 -0.22174 0.97510 0.00000 -101.08304 0.97510 0.22174 0.00000 40.73112 0.00000 0.00000 -1.00000 0.00000
1618527428748277 -0.28349 0.95898 0.00000 -105.23500 0.95898 0.28349 0.00000 34.18945 0.00000 0.00000 -1.00000 0.00000
1618527428998912 -0.34860 0.93727 -0.00000 -108.88837 0.93727 0.34860 0.00000 26.88327 0.00000 0.00000 -1.00000 0.00000
1618527429248287 -0.42269 0.90627 0.00000 -112.23315 0.90627 0.42269 0.00000 18.03720 0.00000 0.00000 -1.00000 0.00000
1618527429498289 -0.49768 0.86736 0.00000 -114.91806 0.86736 0.49768 0.00000 8.34993 0.00000 0.00000 -1.00000 0.00000
1618527429748292 -0.56778 0.82318 0.00000 -116.84051 0.82318 0.56778 0.00000 -1.26962 0.00000 0.00000 -1.00000 -0.00000
1618527429997670 -0.64763 0.76195 0.00000 -117.63752 0.76195 0.64763 0.00000 -12.94742 0.00000 0.00000 -1.00000 -0.00000
1618527430247674 -0.71360 0.70055 -0.00000 -117.50772 0.70055 0.71360 0.00000 -23.65693 0.00000 0.00000 -1.00000 -0.00000
1618527430498300 -0.77750 0.62888 0.00000 -116.18684 0.62888 0.77750 0.00000 -34.75049 0.00000 0.00000 -1.00000 -0.00000
1618527430748317 -0.83305 0.55320 -0.00000 -113.88789 0.55320 0.83305 0.00000 -45.51952 0.00000 0.00000 -1.00000 -0.00000
1618527430998320 -0.87760 0.47940 -0.00000 -111.04034 0.47940 0.87760 0.00000 -55.10894 0.00000 0.00000 -1.00000 -0.00000
1618527431248316 -0.91387 0.40600 0.00000 -107.56958 0.40600 0.91387 0.00000 -63.98061 0.00000 0.00000 -1.00000 -0.00000
1618527431498311 -0.93249 0.36121 0.00000 -105.80893 0.36121 0.93249 0.00000 -69.25950 0.00000 0.00000 -1.00000 -0.00000
