-0.534 -0.846 0. 353123.776 0.846 -0.534 0. 4025913.944 0. 0. 1. 0.
-0.532 -0.847 0. 353123.377 0.847 -0.532 0. 4025914.578 0. 0. 1. 0.
-0.530 -0.848 0. 353122.938 0.848 -0.530 0. 4025915.279 0. 0. 1. 0.
-0.528 -0.849 0. 353122.464 0.849 -0.528 0. 4025916.043 0. 0. 1. 0.
-0.527 -0.850 0. 353121.959 0.850 -0.527 0. 4025916.862 0. 0. 1. 0.
-0.526 -0.850 0. 353121.414 0.850 -0.526 0. 4025917.748 0. 0. 1. 0.
-0.525 -0.851 0. 353120.827 0.851 -0.525 0. 4025918.706 0. 0. 1. 0.
-0.523 -0.853 0. 353120.208 0.853 -0.523 0. 4025919.726 0. 0. 1. 0.
-0.521 -0.854 0. 353119.547 0.854 -0.521 0. 4025920.807 0. 0. 1. 0.
-0.519 -0.855 0. 353118.856 0.855 -0.519 0. 4025921.944 0. 0. 1. 0.
-0.518 -0.855 0. 353118.147 0.855 -0.518 0. 4025923.115 0. 0. 1. 0.
-0.516 -0.856 0. 353117.425 0.856 -0.516 0. 4025924.313 0. 0. 1. 0.
-0.514 -0.858 0. 353116.689 0.858 -0.514 0. 4025925.540 0. 0. 1. 0.
-0.512 -0.859 0. 353115.943 0.859 -0.512 0. 4025926.789 0. 0. 1. 0.
-0.510 -0.860 0. 353115.190 0.860 -0.510 0. 4025928.059 0. 0. 1. 0.
-0.506 -0.863 0. 353114.434 0.863 -0.506 0. 4025929.344 0. 0. 1. 0.
-0.504 -0.864 0. 353113.683 0.864 -0.504 0. 4025930.631 0. 0. 1. 0.
-0.501 -0.865 0. 353112.935 0.865 -0.501 0. 4025931.921 0. 0. 1. 0.
-0.498 -0.867 0. 353112.204 0.867 -0.498 0. 4025933.191 0. 0. 1. 0.
-0.493 -0.870 0. 353111.477 0.870 -0.493 0. 4025934.468 0. 0. 1. 0.
-0.490 -0.872 0. 353110.761 0.872 -0.490 0. 4025935.741 0. 0. 1. 0.
-0.486 -0.874 0. 353110.054 0.874 -0.486 0. 4025937.009 0. 0. 1. 0.
-0.482 -0.876 0. 353109.357 0.876 -0.482 0. 4025938.272 0. 0. 1. 0.
-0.479 -0.878 0. 353108.671 0.878 -0.479 0. 4025939.527 0. 0. 1. 0.
-0.474 -0.880 0. 353107.997 0.880 -0.474 0. 4025940.770 0. 0. 1. 0.
-0.471 -0.882 0. 353107.328 0.882 -0.471 0. 4025942.018 0. 0. 1. 0.
-0.467 -0.884 0. 353106.667 0.884 -0.467 0. 4025943.262 0. 0. 1. 0.
-0.462 -0.887 0. 353106.019 0.887 -0.462 0. 4025944.495 0. 0. 1. 0.
-0.458 -0.889 0. 353105.375 0.889 -0.458 0. 4025945.737 0. 0. 1. 0.
-0.453 -0.892 0. 353104.742 0.892 -0.453 0. 4025946.974 0. 0. 1. 0.
-0.448 -0.894 0. 353104.111 0.894 -0.448 0. 4025948.225 0. 0. 1. 0.
-0.443 -0.897 0. 353103.489 0.897 -0.443 0. 4025949.473 0. 0. 1. 0.
-0.438 -0.899 0. 353102.866 0.899 -0.438 0. 4025950.741 0. 0. 1. 0.
-0.435 -0.901 0. 353102.241 0.901 -0.435 0. 4025952.029 0. 0. 1. 0.
-0.432 -0.902 0. 353101.611 0.902 -0.432 0. 4025953.340 0. 0. 1. 0.
-0.429 -0.903 0. 353100.977 0.903 -0.429 0. 4025954.668 0. 0. 1. 0.
-0.426 -0.905 0. 353100.342 0.905 -0.426 0. 4025956.010 0. 0. 1. 0.
-0.422 -0.906 0. 353099.701 0.906 -0.422 0. 4025957.378 0. 0. 1. 0.
-0.419 -0.908 0. 353099.059 0.908 -0.419 0. 4025958.761 0. 0. 1. 0.
-0.416 -0.909 0. 353098.412 0.909 -0.416 0. 4025960.169 0. 0. 1. 0.
-0.415 -0.910 0. 353097.753 0.910 -0.415 0. 4025961.611 0. 0. 1. 0.
-0.416 -0.909 0. 353097.084 0.909 -0.416 0. 4025963.074 0. 0. 1. 0.
-0.417 -0.909 0. 353096.399 0.909 -0.417 0. 4025964.569 0. 0. 1. 0.
-0.418 -0.909 0. 353095.703 0.909 -0.418 0. 4025966.085 0. 0. 1. 0.
-0.418 -0.908 0. 353094.992 0.908 -0.418 0. 4025967.630 0. 0. 1. 0.
-0.419 -0.908 0. 353094.270 0.908 -0.419 0. 4025969.194 0. 0. 1. 0.
-0.419 -0.908 0. 353093.537 0.908 -0.419 0. 4025970.781 0. 0. 1. 0.
-0.419 -0.908 0. 353092.789 0.908 -0.419 0. 4025972.400 0. 0. 1. 0.
-0.419 -0.908 0. 353092.036 0.908 -0.419 0. 4025974.032 0. 0. 1. 0.
-0.418 -0.908 0. 353091.272 0.908 -0.418 0. 4025975.690 0. 0. 1. 0.
-0.419 -0.908 0. 353090.501 0.908 -0.419 0. 4025977.365 0. 0. 1. 0.
-0.421 -0.907 0. 353089.718 0.907 -0.421 0. 4025979.059 0. 0. 1. 0.
-0.424 -0.906 0. 353088.919 0.906 -0.424 0. 4025980.775 0. 0. 1. 0.
-0.426 -0.904 0. 353088.106 0.904 -0.426 0. 4025982.506 0. 0. 1. 0.
-0.429 -0.903 0. 353087.287 0.903 -0.429 0. 4025984.234 0. 0. 1. 0.
-0.432 -0.902 0. 353086.463 0.902 -0.432 0. 4025985.961 0. 0. 1. 0.
-0.435 -0.900 0. 353085.626 0.900 -0.435 0. 4025987.700 0. 0. 1. 0.
-0.437 -0.899 0. 353084.788 0.899 -0.437 0. 4025989.429 0. 0. 1. 0.
-0.440 -0.898 0. 353083.951 0.898 -0.440 0. 4025991.145 0. 0. 1. 0.
-0.440 -0.898 0. 353083.116 0.898 -0.440 0. 4025992.846 0. 0. 1. 0.
-0.440 -0.898 0. 353082.294 0.898 -0.440 0. 4025994.523 0. 0. 1. 0.
-0.439 -0.899 0. 353081.480 0.899 -0.439 0. 4025996.185 0. 0. 1. 0.
-0.438 -0.899 0. 353080.676 0.899 -0.438 0. 4025997.834 0. 0. 1. 0.
-0.438 -0.899 0. 353079.885 0.899 -0.438 0. 4025999.456 0. 0. 1. 0.
-0.437 -0.899 0. 353079.101 0.899 -0.437 0. 4026001.067 0. 0. 1. 0.
-0.437 -0.900 0. 353078.325 0.900 -0.437 0. 4026002.664 0. 0. 1. 0.
-0.437 -0.900 0. 353077.562 0.900 -0.437 0. 4026004.236 0. 0. 1. 0.
-0.437 -0.900 0. 353076.807 0.900 -0.437 0. 4026005.790 0. 0. 1. 0.
-0.438 -0.899 0. 353076.049 0.899 -0.438 0. 4026007.348 0. 0. 1. 0.
-0.437 -0.899 0. 353075.280 0.899 -0.437 0. 4026008.928 0. 0. 1. 0.
-0.437 -0.899 0. 353074.514 0.899 -0.437 0. 4026010.505 0. 0. 1. 0.
-0.437 -0.900 0. 353073.749 0.900 -0.437 0. 4026012.079 0. 0. 1. 0.
-0.437 -0.899 0. 353072.979 0.899 -0.437 0. 4026013.664 0. 0. 1. 0.
-0.437 -0.900 0. 353072.201 0.900 -0.437 0. 4026015.263 0. 0. 1. 0.
-0.436 -0.900 0. 353071.417 0.900 -0.436 0. 4026016.879 0. 0. 1. 0.
-0.437 -0.900 0. 353070.631 0.900 -0.437 0. 4026018.499 0. 0. 1. 0.
-0.437 -0.899 0. 353069.830 0.899 -0.437 0. 4026020.147 0. 0. 1. 0.
-0.438 -0.899 0. 353069.024 0.899 -0.438 0. 4026021.802 0. 0. 1. 0.
-0.441 -0.898 0. 353068.210 0.898 -0.441 0. 4026023.463 0. 0. 1. 0.
-0.445 -0.896 0. 353067.385 0.896 -0.445 0. 4026025.136 0. 0. 1. 0.
-0.450 -0.893 0. 353066.554 0.893 -0.450 0. 4026026.795 0. 0. 1. 0.
-0.456 -0.890 0. 353065.716 0.890 -0.456 0. 4026028.445 0. 0. 1. 0.
-0.460 -0.888 0. 353064.875 0.888 -0.460 0. 4026030.079 0. 0. 1. 0.
-0.466 -0.885 0. 353064.033 0.885 -0.466 0. 4026031.694 0. 0. 1. 0.
-0.471 -0.882 0. 353063.194 0.882 -0.471 0. 4026033.279 0. 0. 1. 0.
-0.475 -0.880 0. 353062.353 0.880 -0.475 0. 4026034.848 0. 0. 1. 0.
-0.479 -0.878 0. 353061.511 0.878 -0.479 0. 4026036.400 0. 0. 1. 0.
-0.483 -0.876 0. 353060.662 0.876 -0.483 0. 4026037.951 0. 0. 1. 0.
-0.485 -0.874 0. 353059.806 0.874 -0.485 0. 4026039.502 0. 0. 1. 0.
-0.488 -0.873 0. 353058.943 0.873 -0.488 0. 4026041.051 0. 0. 1. 0.
-0.489 -0.872 0. 353058.054 0.872 -0.489 0. 4026042.640 0. 0. 1. 0.
-0.489 -0.872 0. 353057.146 0.872 -0.489 0. 4026044.262 0. 0. 1. 0.
-0.489 -0.873 0. 353056.230 0.873 -0.489 0. 4026045.897 0. 0. 1. 0.
-0.487 -0.873 0. 353055.303 0.873 -0.487 0. 4026047.558 0. 0. 1. 0.
-0.487 -0.874 0. 353054.363 0.874 -0.487 0. 4026049.245 0. 0. 1. 0.
-0.486 -0.874 0. 353053.418 0.874 -0.486 0. 4026050.943 0. 0. 1. 0.
-0.485 -0.875 0. 353052.463 0.875 -0.485 0. 4026052.665 0. 0. 1. 0.
-0.483 -0.876 0. 353051.505 0.876 -0.483 0. 4026054.399 0. 0. 1. 0.
-0.481 -0.877 0. 353050.539 0.877 -0.481 0. 4026056.158 0. 0. 1. 0.
-0.478 -0.878 0. 353049.571 0.878 -0.478 0. 4026057.929 0. 0. 1. 0.
-0.474 -0.880 0. 353048.612 0.880 -0.474 0. 4026059.698 0. 0. 1. 0.
-0.467 -0.884 0. 353047.663 0.884 -0.467 0. 4026061.478 0. 0. 1. 0.
-0.459 -0.888 0. 353046.722 0.888 -0.459 0. 4026063.277 0. 0. 1. 0.
-0.452 -0.892 0. 353045.791 0.892 -0.452 0. 4026065.097 0. 0. 1. 0.
-0.444 -0.896 0. 353044.869 0.896 -0.444 0. 4026066.935 0. 0. 1. 0.
-0.440 -0.898 0. 353043.964 0.898 -0.440 0. 4026068.772 0. 0. 1. 0.
-0.439 -0.898 0. 353043.069 0.898 -0.439 0. 4026070.599 0. 0. 1. 0.
-0.439 -0.899 0. 353042.189 0.899 -0.439 0. 4026072.399 0. 0. 1. 0.
-0.439 -0.899 0. 353041.317 0.899 -0.439 0. 4026074.183 0. 0. 1. 0.
-0.440 -0.898 0. 353040.452 0.898 -0.440 0. 4026075.953 0. 0. 1. 0.
-0.443 -0.897 0. 353039.613 0.897 -0.443 0. 4026077.661 0. 0. 1. 0.
-0.446 -0.895 0. 353038.760 0.895 -0.446 0. 4026079.376 0. 0. 1. 0.
-0.450 -0.893 0. 353037.883 0.893 -0.450 0. 4026081.124 0. 0. 1. 0.
-0.454 -0.891 0. 353036.983 0.891 -0.454 0. 4026082.901 0. 0. 1. 0.
-0.455 -0.890 0. 353036.076 0.890 -0.455 0. 4026084.677 0. 0. 1. 0.
-0.456 -0.890 0. 353035.164 0.890 -0.456 0. 4026086.460 0. 0. 1. 0.
-0.457 -0.889 0. 353034.245 0.889 -0.457 0. 4026088.251 0. 0. 1. 0.
-0.459 -0.888 0. 353033.323 0.888 -0.459 0. 4026090.039 0. 0. 1. 0.
-0.461 -0.887 0. 353032.390 0.887 -0.461 0. 4026091.840 0. 0. 1. 0.
-0.463 -0.886 0. 353031.442 0.886 -0.463 0. 4026093.658 0. 0. 1. 0.
-0.465 -0.885 0. 353030.480 0.885 -0.465 0. 4026095.494 0. 0. 1. 0.
-0.466 -0.885 0. 353029.510 0.885 -0.466 0. 4026097.339 0. 0. 1. 0.
-0.468 -0.884 0. 353028.523 0.884 -0.468 0. 4026099.211 0. 0. 1. 0.
-0.469 -0.883 0. 353027.534 0.883 -0.469 0. 4026101.075 0. 0. 1. 0.
-0.472 -0.881 0. 353026.551 0.881 -0.472 0. 4026102.918 0. 0. 1. 0.
-0.477 -0.879 0. 353025.567 0.879 -0.477 0. 4026104.743 0. 0. 1. 0.
-0.480 -0.877 0. 353024.585 0.877 -0.480 0. 4026106.544 0. 0. 1. 0.
-0.482 -0.876 0. 353023.611 0.876 -0.482 0. 4026108.318 0. 0. 1. 0.
-0.484 -0.875 0. 353022.648 0.875 -0.484 0. 4026110.061 0. 0. 1. 0.
-0.485 -0.875 0. 353021.693 0.875 -0.485 0. 4026111.786 0. 0. 1. 0.
-0.486 -0.874 0. 353020.753 0.874 -0.486 0. 4026113.479 0. 0. 1. 0.
-0.487 -0.873 0. 353019.828 0.873 -0.487 0. 4026115.138 0. 0. 1. 0.
-0.488 -0.873 0. 353018.913 0.873 -0.488 0. 4026116.777 0. 0. 1. 0.
-0.489 -0.872 0. 353018.006 0.872 -0.489 0. 4026118.396 0. 0. 1. 0.
-0.490 -0.872 0. 353017.098 0.872 -0.490 0. 4026120.011 0. 0. 1. 0.
-0.492 -0.871 0. 353016.191 0.871 -0.492 0. 4026121.622 0. 0. 1. 0.
-0.492 -0.871 0. 353015.285 0.871 -0.492 0. 4026123.224 0. 0. 1. 0.
-0.493 -0.870 0. 353014.358 0.870 -0.493 0. 4026124.860 0. 0. 1. 0.
-0.494 -0.869 0. 353013.410 0.869 -0.494 0. 4026126.530 0. 0. 1. 0.
-0.495 -0.869 0. 353012.444 0.869 -0.495 0. 4026128.229 0. 0. 1. 0.
-0.498 -0.867 0. 353011.476 0.867 -0.498 0. 4026129.922 0. 0. 1. 0.
-0.503 -0.864 0. 353010.492 0.864 -0.503 0. 4026131.626 0. 0. 1. 0.
-0.509 -0.861 0. 353009.478 0.861 -0.509 0. 4026133.356 0. 0. 1. 0.
-0.515 -0.857 0. 353008.441 0.857 -0.515 0. 4026135.098 0. 0. 1. 0.
-0.520 -0.854 0. 353007.380 0.854 -0.520 0. 4026136.855 0. 0. 1. 0.
-0.525 -0.851 0. 353006.302 0.851 -0.525 0. 4026138.614 0. 0. 1. 0.
-0.531 -0.848 0. 353005.203 0.848 -0.531 0. 4026140.382 0. 0. 1. 0.
-0.536 -0.844 0. 353004.083 0.844 -0.536 0. 4026142.160 0. 0. 1. 0.
-0.541 -0.841 0. 353002.930 0.841 -0.541 0. 4026143.963 0. 0. 1. 0.
-0.545 -0.838 0. 353001.752 0.838 -0.545 0. 4026145.781 0. 0. 1. 0.
-0.546 -0.837 0. 353000.562 0.837 -0.546 0. 4026147.604 0. 0. 1. 0.
-0.546 -0.838 0. 352999.362 0.838 -0.546 0. 4026149.441 0. 0. 1. 0.
-0.546 -0.838 0. 352998.163 0.838 -0.546 0. 4026151.278 0. 0. 1. 0.
-0.547 -0.837 0. 352996.958 0.837 -0.547 0. 4026153.125 0. 0. 1. 0.
-0.546 -0.838 0. 352995.748 0.838 -0.546 0. 4026154.977 0. 0. 1. 0.
-0.544 -0.839 0. 352994.536 0.839 -0.544 0. 4026156.840 0. 0. 1. 0.
-0.542 -0.840 0. 352993.333 0.840 -0.542 0. 4026158.699 0. 0. 1. 0.
-0.540 -0.842 0. 352992.149 0.842 -0.540 0. 4026160.537 0. 0. 1. 0.
-0.540 -0.842 0. 352990.962 0.842 -0.540 0. 4026162.387 0. 0. 1. 0.
-0.540 -0.842 0. 352989.797 0.842 -0.540 0. 4026164.201 0. 0. 1. 0.
-0.540 -0.841 0. 352988.643 0.841 -0.540 0. 4026165.997 0. 0. 1. 0.
-0.540 -0.841 0. 352987.492 0.841 -0.540 0. 4026167.786 0. 0. 1. 0.
-0.541 -0.841 0. 352986.341 0.841 -0.541 0. 4026169.578 0. 0. 1. 0.
-0.542 -0.840 0. 352985.203 0.840 -0.542 0. 4026171.343 0. 0. 1. 0.
-0.542 -0.840 0. 352984.055 0.840 -0.542 0. 4026173.123 0. 0. 1. 0.
-0.544 -0.839 0. 352982.883 0.839 -0.544 0. 4026174.934 0. 0. 1. 0.
-0.545 -0.839 0. 352981.650 0.839 -0.545 0. 4026176.834 0. 0. 1. 0.
-0.546 -0.838 0. 352980.487 0.838 -0.546 0. 4026178.621 0. 0. 1. 0.
-0.547 -0.837 0. 352979.280 0.837 -0.547 0. 4026180.472 0. 0. 1. 0.
-0.548 -0.836 0. 352978.055 0.836 -0.548 0. 4026182.345 0. 0. 1. 0.
-0.549 -0.836 0. 352976.829 0.836 -0.549 0. 4026184.216 0. 0. 1. 0.
-0.551 -0.835 0. 352975.596 0.835 -0.551 0. 4026186.089 0. 0. 1. 0.
-0.553 -0.833 0. 352974.358 0.833 -0.553 0. 4026187.959 0. 0. 1. 0.
-0.556 -0.831 0. 352973.117 0.831 -0.556 0. 4026189.819 0. 0. 1. 0.
-0.559 -0.829 0. 352971.873 0.829 -0.559 0. 4026191.669 0. 0. 1. 0.
-0.562 -0.827 0. 352970.619 0.827 -0.562 0. 4026193.520 0. 0. 1. 0.
-0.565 -0.825 0. 352969.384 0.825 -0.565 0. 4026195.329 0. 0. 1. 0.
-0.568 -0.823 0. 352968.149 0.823 -0.568 0. 4026197.122 0. 0. 1. 0.
-0.571 -0.821 0. 352966.920 0.821 -0.571 0. 4026198.895 0. 0. 1. 0.
-0.574 -0.819 0. 352965.700 0.819 -0.574 0. 4026200.643 0. 0. 1. 0.
-0.576 -0.817 0. 352964.503 0.817 -0.576 0. 4026202.348 0. 0. 1. 0.
-0.580 -0.815 0. 352963.317 0.815 -0.580 0. 4026204.021 0. 0. 1. 0.
-0.585 -0.811 0. 352962.117 0.811 -0.585 0. 4026205.693 0. 0. 1. 0.
-0.591 -0.807 0. 352960.911 0.807 -0.591 0. 4026207.354 0. 0. 1. 0.
-0.596 -0.803 0. 352959.691 0.803 -0.596 0. 4026209.009 0. 0. 1. 0.
-0.601 -0.799 0. 352958.469 0.799 -0.601 0. 4026210.643 0. 0. 1. 0.
-0.606 -0.796 0. 352957.230 0.796 -0.606 0. 4026212.281 0. 0. 1. 0.
-0.610 -0.793 0. 352955.992 0.793 -0.610 0. 4026213.899 0. 0. 1. 0.
-0.613 -0.790 0. 352954.744 0.790 -0.613 0. 4026215.514 0. 0. 1. 0.
-0.614 -0.789 0. 352953.493 0.789 -0.614 0. 4026217.122 0. 0. 1. 0.
-0.615 -0.789 0. 352952.250 0.789 -0.615 0. 4026218.718 0. 0. 1. 0.
-0.615 -0.788 0. 352951.015 0.788 -0.615 0. 4026220.300 0. 0. 1. 0.
-0.616 -0.788 0. 352949.794 0.788 -0.616 0. 4026221.861 0. 0. 1. 0.
-0.617 -0.787 0. 352948.583 0.787 -0.617 0. 4026223.407 0. 0. 1. 0.
-0.618 -0.786 0. 352947.389 0.786 -0.618 0. 4026224.926 0. 0. 1. 0.
-0.621 -0.784 0. 352946.183 0.784 -0.621 0. 4026226.452 0. 0. 1. 0.
-0.623 -0.782 0. 352944.978 0.782 -0.623 0. 4026227.969 0. 0. 1. 0.
-0.626 -0.780 0. 352943.750 0.780 -0.626 0. 4026229.504 0. 0. 1. 0.
-0.629 -0.777 0. 352942.534 0.777 -0.629 0. 4026231.013 0. 0. 1. 0.
-0.631 -0.775 0. 352941.296 0.775 -0.631 0. 4026232.538 0. 0. 1. 0.
-0.634 -0.773 0. 352940.034 0.773 -0.634 0. 4026234.081 0. 0. 1. 0.
-0.636 -0.772 0. 352938.759 0.772 -0.636 0. 4026235.634 0. 0. 1. 0.
-0.636 -0.771 0. 352937.470 0.771 -0.636 0. 4026237.198 0. 0. 1. 0.
-0.637 -0.771 0. 352936.177 0.771 -0.637 0. 4026238.763 0. 0. 1. 0.
-0.636 -0.772 0. 352934.856 0.772 -0.636 0. 4026240.363 0. 0. 1. 0.
-0.634 -0.773 0. 352933.518 0.773 -0.634 0. 4026241.992 0. 0. 1. 0.
-0.632 -0.775 0. 352932.190 0.775 -0.632 0. 4026243.614 0. 0. 1. 0.
-0.629 -0.778 0. 352930.873 0.778 -0.629 0. 4026245.236 0. 0. 1. 0.
-0.626 -0.780 0. 352929.578 0.780 -0.626 0. 4026246.842 0. 0. 1. 0.
-0.623 -0.782 0. 352928.301 0.782 -0.623 0. 4026248.437 0. 0. 1. 0.
-0.621 -0.784 0. 352927.046 0.784 -0.621 0. 4026250.016 0. 0. 1. 0.
-0.622 -0.783 0. 352925.793 0.783 -0.622 0. 4026251.595 0. 0. 1. 0.
-0.624 -0.782 0. 352924.583 0.782 -0.624 0. 4026253.113 0. 0. 1. 0.
-0.625 -0.780 0. 352923.366 0.780 -0.625 0. 4026254.634 0. 0. 1. 0.
-0.627 -0.779 0. 352922.184 0.779 -0.627 0. 4026256.104 0. 0. 1. 0.
-0.630 -0.777 0. 352920.969 0.777 -0.630 0. 4026257.606 0. 0. 1. 0.
-0.632 -0.775 0. 352919.725 0.775 -0.632 0. 4026259.135 0. 0. 1. 0.
-0.635 -0.772 0. 352918.460 0.772 -0.635 0. 4026260.682 0. 0. 1. 0.
-0.639 -0.770 0. 352917.182 0.770 -0.639 0. 4026262.228 0. 0. 1. 0.
-0.641 -0.767 0. 352915.886 0.767 -0.641 0. 4026263.783 0. 0. 1. 0.
-0.645 -0.764 0. 352914.566 0.764 -0.645 0. 4026265.356 0. 0. 1. 0.
-0.650 -0.760 0. 352913.223 0.760 -0.650 0. 4026266.936 0. 0. 1. 0.
-0.654 -0.756 0. 352911.857 0.756 -0.654 0. 4026268.524 0. 0. 1. 0.
-0.660 -0.751 0. 352910.466 0.751 -0.660 0. 4026270.119 0. 0. 1. 0.
-0.666 -0.746 0. 352909.050 0.746 -0.666 0. 4026271.717 0. 0. 1. 0.
-0.674 -0.739 0. 352907.612 0.739 -0.674 0. 4026273.308 0. 0. 1. 0.
-0.683 -0.731 0. 352906.138 0.731 -0.683 0. 4026274.902 0. 0. 1. 0.
-0.690 -0.724 0. 352904.637 0.724 -0.690 0. 4026276.491 0. 0. 1. 0.
-0.696 -0.718 0. 352903.123 0.718 -0.696 0. 4026278.065 0. 0. 1. 0.
-0.702 -0.712 0. 352901.581 0.712 -0.702 0. 4026279.637 0. 0. 1. 0.
-0.708 -0.706 0. 352900.024 0.706 -0.708 0. 4026281.201 0. 0. 1. 0.
-0.714 -0.700 0. 352898.452 0.700 -0.714 0. 4026282.754 0. 0. 1. 0.
-0.720 -0.694 0. 352896.887 0.694 -0.720 0. 4026284.276 0. 0. 1. 0.
-0.725 -0.688 0. 352895.322 0.688 -0.725 0. 4026285.771 0. 0. 1. 0.
-0.730 -0.683 0. 352893.761 0.683 -0.730 0. 4026287.242 0. 0. 1. 0.
-0.733 -0.680 0. 352892.210 0.680 -0.733 0. 4026288.684 0. 0. 1. 0.
-0.736 -0.677 0. 352890.699 0.677 -0.736 0. 4026290.081 0. 0. 1. 0.
-0.738 -0.675 0. 352889.240 0.675 -0.738 0. 4026291.419 0. 0. 1. 0.
-0.740 -0.673 0. 352887.856 0.673 -0.740 0. 4026292.680 0. 0. 1. 0.
-0.743 -0.670 0. 352886.543 0.670 -0.743 0. 4026293.870 0. 0. 1. 0.
-0.745 -0.667 0. 352885.278 0.667 -0.745 0. 4026295.008 0. 0. 1. 0.
-0.748 -0.664 0. 352884.015 0.664 -0.748 0. 4026296.136 0. 0. 1. 0.
-0.750 -0.661 0. 352882.774 0.661 -0.750 0. 4026297.236 0. 0. 1. 0.
-0.753 -0.658 0. 352881.570 0.658 -0.753 0. 4026298.297 0. 0. 1. 0.
-0.757 -0.654 0. 352880.376 0.654 -0.757 0. 4026299.338 0. 0. 1. 0.
-0.759 -0.651 0. 352879.176 0.651 -0.759 0. 4026300.375 0. 0. 1. 0.
-0.762 -0.648 0. 352877.969 0.648 -0.762 0. 4026301.411 0. 0. 1. 0.
-0.764 -0.645 0. 352876.772 0.645 -0.764 0. 4026302.431 0. 0. 1. 0.
-0.767 -0.642 0. 352875.589 0.642 -0.767 0. 4026303.430 0. 0. 1. 0.
-0.769 -0.639 0. 352874.419 0.639 -0.769 0. 4026304.415 0. 0. 1. 0.
-0.770 -0.638 0. 352873.266 0.638 -0.770 0. 4026305.377 0. 0. 1. 0.
-0.771 -0.637 0. 352872.149 0.637 -0.771 0. 4026306.305 0. 0. 1. 0.
-0.771 -0.637 0. 352871.070 0.637 -0.771 0. 4026307.200 0. 0. 1. 0.
-0.770 -0.638 0. 352870.022 0.638 -0.770 0. 4026308.075 0. 0. 1. 0.
-0.766 -0.643 0. 352868.992 0.643 -0.766 0. 4026308.940 0. 0. 1. 0.
-0.753 -0.658 0. 352867.992 0.658 -0.753 0. 4026309.798 0. 0. 1. 0.
-0.731 -0.682 0. 352867.041 0.682 -0.731 0. 4026310.655 0. 0. 1. 0.
-0.699 -0.716 0. 352866.157 0.716 -0.699 0. 4026311.518 0. 0. 1. 0.
-0.652 -0.758 0. 352865.352 0.758 -0.652 0. 4026312.394 0. 0. 1. 0.
-0.592 -0.806 0. 352864.642 0.806 -0.592 0. 4026313.282 0. 0. 1. 0.
-0.514 -0.858 0. 352864.037 0.858 -0.514 0. 4026314.189 0. 0. 1. 0.
-0.426 -0.905 0. 352863.534 0.905 -0.426 0. 4026315.126 0. 0. 1. 0.
-0.324 -0.946 0. 352863.129 0.946 -0.324 0. 4026316.116 0. 0. 1. 0.
-0.216 -0.976 0. 352862.845 0.976 -0.216 0. 4026317.119 0. 0. 1. 0.
-0.105 -0.995 0. 352862.674 0.995 -0.105 0. 4026318.152 0. 0. 1. 0.
0.015 -1.000 0. 352862.628 1.000 0.015 0. 4026319.191 0. 0. 1. 0.
0.138 -0.990 0. 352862.708 0.990 0.138 0. 4026320.226 0. 0. 1. 0.
0.263 -0.965 0. 352862.918 0.965 0.263 0. 4026321.253 0. 0. 1. 0.
0.385 -0.923 0. 352863.259 0.923 0.385 0. 4026322.257 0. 0. 1. 0.
0.503 -0.864 0. 352863.737 0.864 0.503 0. 4026323.227 0. 0. 1. 0.
0.609 -0.793 0. 352864.356 0.793 0.609 0. 4026324.156 0. 0. 1. 0.
0.694 -0.720 0. 352865.101 0.720 0.694 0. 4026325.025 0. 0. 1. 0.
0.748 -0.664 0. 352865.966 0.664 0.748 0. 4026325.856 0. 0. 1. 0.
0.779 -0.627 0. 352866.911 0.627 0.779 0. 4026326.655 0. 0. 1. 0.
0.798 -0.602 0. 352867.900 0.602 0.798 0. 4026327.426 0. 0. 1. 0.
0.814 -0.581 0. 352868.950 0.581 0.814 0. 4026328.200 0. 0. 1. 0.
0.826 -0.564 0. 352870.072 0.564 0.826 0. 4026328.986 0. 0. 1. 0.
0.835 -0.551 0. 352871.261 0.551 0.835 0. 4026329.783 0. 0. 1. 0.
0.841 -0.541 0. 352872.491 0.541 0.841 0. 4026330.584 0. 0. 1. 0.
0.845 -0.534 0. 352873.771 0.534 0.845 0. 4026331.401 0. 0. 1. 0.
0.848 -0.530 0. 352875.083 0.530 0.848 0. 4026332.226 0. 0. 1. 0.
0.849 -0.528 0. 352876.429 0.528 0.849 0. 4026333.069 0. 0. 1. 0.
0.849 -0.528 0. 352877.818 0.528 0.849 0. 4026333.936 0. 0. 1. 0.
0.849 -0.529 0. 352879.249 0.529 0.849 0. 4026334.831 0. 0. 1. 0.
0.848 -0.530 0. 352880.705 0.530 0.848 0. 4026335.742 0. 0. 1. 0.
0.848 -0.530 0. 352882.194 0.530 0.848 0. 4026336.675 0. 0. 1. 0.
0.848 -0.530 0. 352883.717 0.530 0.848 0. 4026337.631 0. 0. 1. 0.
0.848 -0.531 0. 352885.274 0.531 0.848 0. 4026338.607 0. 0. 1. 0.
0.848 -0.530 0. 352886.869 0.530 0.848 0. 4026339.606 0. 0. 1. 0.
0.848 -0.530 0. 352888.499 0.530 0.848 0. 4026340.627 0. 0. 1. 0.
0.847 -0.532 0. 352890.157 0.532 0.847 0. 4026341.666 0. 0. 1. 0.
0.845 -0.535 0. 352891.844 0.535 0.845 0. 4026342.729 0. 0. 1. 0.
0.842 -0.539 0. 352893.547 0.539 0.842 0. 4026343.813 0. 0. 1. 0.
0.840 -0.543 0. 352895.248 0.543 0.840 0. 4026344.906 0. 0. 1. 0.
0.839 -0.545 0. 352896.957 0.545 0.839 0. 4026346.015 0. 0. 1. 0.
0.841 -0.542 0. 352898.688 0.542 0.841 0. 4026347.135 0. 0. 1. 0.
0.843 -0.538 0. 352900.408 0.538 0.843 0. 4026348.239 0. 0. 1. 0.
0.845 -0.535 0. 352902.196 0.535 0.845 0. 4026349.375 0. 0. 1. 0.
0.847 -0.531 0. 352903.987 0.531 0.847 0. 4026350.505 0. 0. 1. 0.
0.849 -0.528 0. 352905.790 0.528 0.849 0. 4026351.631 0. 0. 1. 0.
0.850 -0.526 0. 352907.595 0.526 0.850 0. 4026352.751 0. 0. 1. 0.
0.850 -0.527 0. 352909.396 0.527 0.850 0. 4026353.867 0. 0. 1. 0.
0.848 -0.530 0. 352911.178 0.530 0.848 0. 4026354.976 0. 0. 1. 0.
0.845 -0.534 0. 352912.940 0.534 0.845 0. 4026356.084 0. 0. 1. 0.
0.844 -0.536 0. 352914.674 0.536 0.844 0. 4026357.184 0. 0. 1. 0.
0.843 -0.538 0. 352916.341 0.538 0.843 0. 4026358.246 0. 0. 1. 0.
0.843 -0.538 0. 352917.936 0.538 0.843 0. 4026359.264 0. 0. 1. 0.
0.844 -0.536 0. 352919.453 0.536 0.844 0. 4026360.232 0. 0. 1. 0.
0.846 -0.534 0. 352920.916 0.534 0.846 0. 4026361.159 0. 0. 1. 0.
0.846 -0.533 0. 352922.292 0.533 0.846 0. 4026362.027 0. 0. 1. 0.
0.847 -0.532 0. 352923.661 0.532 0.847 0. 4026362.890 0. 0. 1. 0.
0.846 -0.533 0. 352925.009 0.533 0.846 0. 4026363.738 0. 0. 1. 0.
0.847 -0.531 0. 352926.341 0.531 0.847 0. 4026364.575 0. 0. 1. 0.
0.847 -0.532 0. 352927.665 0.532 0.847 0. 4026365.405 0. 0. 1. 0.
0.846 -0.533 0. 352928.965 0.533 0.846 0. 4026366.222 0. 0. 1. 0.
0.845 -0.535 0. 352930.248 0.535 0.845 0. 4026367.032 0. 0. 1. 0.
0.844 -0.537 0. 352931.571 0.537 0.844 0. 4026367.872 0. 0. 1. 0.
0.843 -0.538 0. 352932.900 0.538 0.843 0. 4026368.720 0. 0. 1. 0.
0.842 -0.539 0. 352934.255 0.539 0.842 0. 4026369.587 0. 0. 1. 0.
0.842 -0.540 0. 352935.610 0.540 0.842 0. 4026370.456 0. 0. 1. 0.
0.841 -0.541 0. 352936.988 0.541 0.841 0. 4026371.341 0. 0. 1. 0.
0.841 -0.541 0. 352938.380 0.541 0.841 0. 4026372.238 0. 0. 1. 0.
0.841 -0.541 0. 352939.771 0.541 0.841 0. 4026373.133 0. 0. 1. 0.
0.842 -0.539 0. 352941.169 0.539 0.842 0. 4026374.032 0. 0. 1. 0.
0.844 -0.536 0. 352942.560 0.536 0.844 0. 4026374.920 0. 0. 1. 0.
0.846 -0.533 0. 352943.941 0.533 0.846 0. 4026375.795 0. 0. 1. 0.
0.848 -0.531 0. 352945.309 0.531 0.848 0. 4026376.656 0. 0. 1. 0.
0.848 -0.529 0. 352946.672 0.529 0.848 0. 4026377.509 0. 0. 1. 0.
0.848 -0.530 0. 352948.026 0.530 0.848 0. 4026378.355 0. 0. 1. 0.
0.848 -0.531 0. 352949.366 0.531 0.848 0. 4026379.195 0. 0. 1. 0.
0.848 -0.530 0. 352950.695 0.530 0.848 0. 4026380.028 0. 0. 1. 0.
0.848 -0.530 0. 352952.018 0.530 0.848 0. 4026380.856 0. 0. 1. 0.
0.849 -0.528 0. 352953.317 0.528 0.849 0. 4026381.666 0. 0. 1. 0.
0.849 -0.528 0. 352954.613 0.528 0.849 0. 4026382.473 0. 0. 1. 0.
0.849 -0.529 0. 352955.940 0.529 0.849 0. 4026383.301 0. 0. 1. 0.
0.847 -0.532 0. 352957.253 0.532 0.847 0. 4026384.123 0. 0. 1. 0.
0.846 -0.533 0. 352958.582 0.533 0.846 0. 4026384.959 0. 0. 1. 0.
0.846 -0.533 0. 352959.911 0.533 0.846 0. 4026385.796 0. 0. 1. 0.
0.846 -0.534 0. 352961.238 0.534 0.846 0. 4026386.632 0. 0. 1. 0.
0.845 -0.534 0. 352962.578 0.534 0.845 0. 4026387.477 0. 0. 1. 0.
0.845 -0.535 0. 352963.923 0.535 0.845 0. 4026388.326 0. 0. 1. 0.
0.845 -0.535 0. 352965.267 0.535 0.845 0. 4026389.176 0. 0. 1. 0.
0.845 -0.535 0. 352966.625 0.535 0.845 0. 4026390.036 0. 0. 1. 0.
0.845 -0.534 0. 352967.990 0.534 0.845 0. 4026390.899 0. 0. 1. 0.
0.846 -0.532 0. 352969.333 0.532 0.846 0. 4026391.745 0. 0. 1. 0.
0.848 -0.530 0. 352970.715 0.530 0.848 0. 4026392.610 0. 0. 1. 0.
0.850 -0.527 0. 352972.091 0.527 0.850 0. 4026393.463 0. 0. 1. 0.
0.852 -0.523 0. 352973.490 0.523 0.852 0. 4026394.323 0. 0. 1. 0.
0.855 -0.519 0. 352974.896 0.519 0.855 0. 4026395.181 0. 0. 1. 0.
0.857 -0.515 0. 352976.308 0.515 0.857 0. 4026396.028 0. 0. 1. 0.
0.861 -0.509 0. 352977.712 0.509 0.861 0. 4026396.860 0. 0. 1. 0.
0.866 -0.500 0. 352979.113 0.500 0.866 0. 4026397.674 0. 0. 1. 0.
0.875 -0.484 0. 352980.498 0.484 0.875 0. 4026398.455 0. 0. 1. 0.
0.889 -0.458 0. 352981.891 0.458 0.889 0. 4026399.194 0. 0. 1. 0.
0.907 -0.422 0. 352983.292 0.422 0.907 0. 4026399.878 0. 0. 1. 0.
0.925 -0.379 0. 352984.720 0.379 0.925 0. 4026400.499 0. 0. 1. 0.
0.943 -0.331 0. 352986.176 0.331 0.943 0. 4026401.053 0. 0. 1. 0.
0.960 -0.281 0. 352987.667 0.281 0.960 0. 4026401.529 0. 0. 1. 0.
0.974 -0.227 0. 352989.186 0.227 0.974 0. 4026401.926 0. 0. 1. 0.
0.985 -0.173 0. 352990.716 0.173 0.985 0. 4026402.241 0. 0. 1. 0.
0.993 -0.115 0. 352992.268 0.115 0.993 0. 4026402.469 0. 0. 1. 0.
0.998 -0.057 0. 352993.830 0.057 0.998 0. 4026402.603 0. 0. 1. 0.
1. 0.001 0. 352995.398 -0.001 1. -0. 4026402.647 -0. 0. 1. 0.
0.998 0.064 0. 352996.979 -0.064 0.998 -0. 4026402.597 -0. 0. 1. 0.
0.992 0.126 0. 352998.541 -0.126 0.992 -0. 4026402.452 -0. 0. 1. 0.
0.982 0.189 0. 353000.111 -0.189 0.982 -0. 4026402.202 -0. 0. 1. 0.
0.968 0.252 0. 353001.658 -0.252 0.968 -0. 4026401.853 -0. 0. 1. 0.
0.950 0.313 0. 353003.197 -0.313 0.950 -0. 4026401.403 -0. 0. 1. 0.
0.928 0.372 0. 353004.713 -0.372 0.928 -0. 4026400.854 -0. 0. 1. 0.
0.904 0.428 0. 353006.209 -0.428 0.904 -0. 4026400.202 -0. 0. 1. 0.
0.876 0.483 0. 353007.677 -0.483 0.876 -0. 4026399.454 -0. 0. 1. 0.
0.847 0.531 0. 353009.119 -0.531 0.847 -0. 4026398.608 -0. 0. 1. 0.
0.819 0.573 0. 353010.518 -0.573 0.819 -0. 4026397.685 -0. 0. 1. 0.
0.793 0.609 0. 353011.887 -0.609 0.793 -0. 4026396.686 -0. 0. 1. 0.
0.773 0.634 0. 353013.223 -0.634 0.773 -0. 4026395.628 -0. 0. 1. 0.
0.759 0.651 0. 353014.532 -0.651 0.759 -0. 4026394.533 -0. 0. 1. 0.
0.749 0.663 0. 353015.829 -0.663 0.749 -0. 4026393.404 -0. 0. 1. 0.
0.745 0.667 0. 353017.131 -0.667 0.745 -0. 4026392.250 -0. 0. 1. 0.
0.742 0.670 0. 353018.454 -0.670 0.742 -0. 4026391.065 -0. 0. 1. 0.
0.739 0.673 0. 353019.792 -0.673 0.739 -0. 4026389.856 -0. 0. 1. 0.
0.738 0.675 0. 353021.139 -0.675 0.738 -0. 4026388.629 -0. 0. 1. 0.
0.738 0.675 0. 353022.543 -0.675 0.738 -0. 4026387.350 -0. 0. 1. 0.
0.738 0.675 0. 353023.976 -0.675 0.738 -0. 4026386.042 -0. 0. 1. 0.
0.738 0.675 0. 353025.435 -0.675 0.738 -0. 4026384.709 -0. 0. 1. 0.
0.738 0.675 0. 353026.921 -0.675 0.738 -0. 4026383.349 -0. 0. 1. 0.
0.738 0.675 0. 353028.424 -0.675 0.738 -0. 4026381.973 -0. 0. 1. 0.
0.740 0.673 0. 353029.950 -0.673 0.740 -0. 4026380.580 -0. 0. 1. 0.
0.742 0.671 0. 353031.509 -0.671 0.742 -0. 4026379.165 -0. 0. 1. 0.
0.744 0.668 0. 353033.099 -0.668 0.744 -0. 4026377.732 -0. 0. 1. 0.
0.745 0.667 0. 353034.736 -0.667 0.745 -0. 4026376.267 -0. 0. 1. 0.
0.747 0.665 0. 353036.412 -0.665 0.747 -0. 4026374.775 -0. 0. 1. 0.
0.748 0.664 0. 353038.107 -0.664 0.748 -0. 4026373.271 -0. 0. 1. 0.
0.749 0.663 0. 353039.834 -0.663 0.749 -0. 4026371.740 -0. 0. 1. 0.
0.750 0.661 0. 353041.624 -0.661 0.750 -0. 4026370.161 -0. 0. 1. 0.
0.752 0.660 0. 353043.380 -0.660 0.752 -0. 4026368.617 -0. 0. 1. 0.
0.753 0.658 0. 353045.196 -0.658 0.753 -0. 4026367.027 -0. 0. 1. 0.
0.754 0.657 0. 353047.036 -0.657 0.754 -0. 4026365.421 -0. 0. 1. 0.
0.755 0.655 0. 353048.877 -0.655 0.755 -0. 4026363.820 -0. 0. 1. 0.
0.757 0.653 0. 353050.741 -0.653 0.757 -0. 4026362.209 -0. 0. 1. 0.
0.759 0.651 0. 353052.609 -0.651 0.759 -0. 4026360.601 -0. 0. 1. 0.
0.762 0.648 0. 353054.473 -0.648 0.762 -0. 4026359.008 -0. 0. 1. 0.
0.766 0.643 0. 353056.342 -0.643 0.766 -0. 4026357.428 -0. 0. 1. 0.
0.770 0.638 0. 353058.219 -0.638 0.770 -0. 4026355.862 -0. 0. 1. 0.
0.774 0.633 0. 353060.090 -0.633 0.774 -0. 4026354.321 -0. 0. 1. 0.
0.779 0.627 0. 353061.961 -0.627 0.779 -0. 4026352.801 -0. 0. 1. 0.
0.785 0.620 0. 353063.828 -0.620 0.785 -0. 4026351.314 -0. 0. 1. 0.
0.792 0.611 0. 353065.690 -0.611 0.792 -0. 4026349.862 -0. 0. 1. 0.
0.799 0.601 0. 353067.535 -0.601 0.799 -0. 4026348.457 -0. 0. 1. 0.
0.807 0.591 0. 353069.364 -0.591 0.807 -0. 4026347.099 -0. 0. 1. 0.
0.814 0.581 0. 353071.165 -0.581 0.814 -0. 4026345.798 -0. 0. 1. 0.
0.822 0.570 0. 353072.944 -0.570 0.822 -0. 4026344.549 -0. 0. 1. 0.
0.828 0.561 0. 353074.689 -0.561 0.828 -0. 4026343.355 -0. 0. 1. 0.
0.834 0.551 0. 353076.401 -0.551 0.834 -0. 4026342.211 -0. 0. 1. 0.
0.840 0.542 0. 353078.060 -0.542 0.840 -0. 4026341.128 -0. 0. 1. 0.
0.846 0.534 0. 353079.676 -0.534 0.846 -0. 4026340.097 -0. 0. 1. 0.
0.850 0.527 0. 353081.221 -0.527 0.850 -0. 4026339.129 -0. 0. 1. 0.
0.854 0.519 0. 353082.725 -0.519 0.854 -0. 4026338.203 -0. 0. 1. 0.
0.860 0.510 0. 353084.229 -0.510 0.860 -0. 4026337.299 -0. 0. 1. 0.
0.866 0.500 0. 353085.724 -0.500 0.866 -0. 4026336.422 -0. 0. 1. 0.
0.872 0.490 0. 353087.219 -0.490 0.872 -0. 4026335.569 -0. 0. 1. 0.
0.878 0.479 0. 353088.733 -0.479 0.878 -0. 4026334.728 -0. 0. 1. 0.
0.883 0.469 0. 353090.254 -0.469 0.883 -0. 4026333.907 -0. 0. 1. 0.
0.889 0.458 0. 353091.795 -0.458 0.889 -0. 4026333.099 -0. 0. 1. 0.
0.894 0.447 0. 353093.346 -0.447 0.894 -0. 4026332.311 -0. 0. 1. 0.
0.899 0.437 0. 353094.920 -0.437 0.899 -0. 4026331.533 -0. 0. 1. 0.
0.903 0.429 0. 353096.519 -0.429 0.903 -0. 4026330.762 -0. 0. 1. 0.
0.907 0.421 0. 353098.137 -0.421 0.907 -0. 4026329.998 -0. 0. 1. 0.
0.910 0.415 0. 353099.787 -0.415 0.910 -0. 4026329.236 -0. 0. 1. 0.
0.913 0.408 0. 353101.460 -0.408 0.913 -0. 4026328.479 -0. 0. 1. 0.
0.916 0.401 0. 353103.162 -0.401 0.916 -0. 4026327.722 -0. 0. 1. 0.
0.919 0.393 0. 353104.900 -0.393 0.919 -0. 4026326.966 -0. 0. 1. 0.
0.923 0.384 0. 353106.643 -0.384 0.923 -0. 4026326.227 -0. 0. 1. 0.
0.927 0.375 0. 353108.430 -0.375 0.927 -0. 4026325.492 -0. 0. 1. 0.
0.931 0.366 0. 353110.244 -0.366 0.931 -0. 4026324.763 -0. 0. 1. 0.
0.934 0.357 0. 353112.085 -0.357 0.934 -0. 4026324.042 -0. 0. 1. 0.
0.938 0.347 0. 353113.951 -0.347 0.938 -0. 4026323.336 -0. 0. 1. 0.
0.941 0.338 0. 353115.835 -0.338 0.941 -0. 4026322.644 -0. 0. 1. 0.
0.945 0.328 0. 353117.721 -0.328 0.945 -0. 4026321.971 -0. 0. 1. 0.
0.948 0.318 0. 353119.624 -0.318 0.948 -0. 4026321.312 -0. 0. 1. 0.
0.951 0.309 0. 353121.522 -0.309 0.951 -0. 4026320.679 -0. 0. 1. 0.
0.955 0.298 0. 353123.422 -0.298 0.955 -0. 4026320.070 -0. 0. 1. 0.
0.958 0.288 0. 353125.343 -0.288 0.958 -0. 4026319.471 -0. 0. 1. 0.
0.961 0.278 0. 353127.251 -0.278 0.961 -0. 4026318.893 -0. 0. 1. 0.
0.963 0.268 0. 353129.181 -0.268 0.963 -0. 4026318.335 -0. 0. 1. 0.
0.966 0.257 0. 353131.112 -0.257 0.966 -0. 4026317.802 -0. 0. 1. 0.
0.969 0.246 0. 353133.035 -0.246 0.969 -0. 4026317.296 -0. 0. 1. 0.
0.972 0.235 0. 353134.953 -0.235 0.972 -0. 4026316.813 -0. 0. 1. 0.
0.974 0.225 0. 353136.862 -0.225 0.974 -0. 4026316.358 -0. 0. 1. 0.
0.977 0.214 0. 353138.728 -0.214 0.977 -0. 4026315.939 -0. 0. 1. 0.
0.979 0.205 0. 353140.533 -0.205 0.979 -0. 4026315.552 -0. 0. 1. 0.
0.980 0.198 0. 353142.241 -0.198 0.980 -0. 4026315.201 -0. 0. 1. 0.
0.981 0.192 0. 353143.886 -0.192 0.981 -0. 4026314.874 -0. 0. 1. 0.
0.983 0.186 0. 353145.475 -0.186 0.983 -0. 4026314.568 -0. 0. 1. 0.
0.984 0.178 0. 353147.024 -0.178 0.984 -0. 4026314.283 -0. 0. 1. 0.
0.986 0.168 0. 353148.556 -0.168 0.986 -0. 4026314.014 -0. 0. 1. 0.
0.987 0.158 0. 353150.088 -0.158 0.987 -0. 4026313.762 -0. 0. 1. 0.
0.989 0.146 0. 353151.616 -0.146 0.989 -0. 4026313.527 -0. 0. 1. 0.
0.991 0.134 0. 353153.115 -0.134 0.991 -0. 4026313.317 -0. 0. 1. 0.
0.992 0.123 0. 353154.609 -0.123 0.992 -0. 4026313.123 -0. 0. 1. 0.
0.994 0.113 0. 353156.147 -0.113 0.994 -0. 4026312.943 -0. 0. 1. 0.
0.995 0.102 0. 353157.720 -0.102 0.995 -0. 4026312.773 -0. 0. 1. 0.
0.996 0.091 0. 353159.317 -0.091 0.996 -0. 4026312.621 -0. 0. 1. 0.
0.997 0.080 0. 353160.933 -0.080 0.997 -0. 4026312.484 -0. 0. 1. 0.
0.998 0.069 0. 353162.557 -0.069 0.998 -0. 4026312.365 -0. 0. 1. 0.
0.998 0.058 0. 353164.219 -0.058 0.998 -0. 4026312.261 -0. 0. 1. 0.
0.999 0.049 0. 353165.911 -0.049 0.999 -0. 4026312.174 -0. 0. 1. 0.
0.999 0.041 0. 353167.623 -0.041 0.999 -0. 4026312.101 -0. 0. 1. 0.
0.999 0.035 0. 353169.367 -0.035 0.999 -0. 4026312.038 -0. 0. 1. 0.
1.000 0.029 0. 353171.136 -0.029 1.000 -0. 4026311.983 -0. 0. 1. 0.
1.000 0.025 0. 353172.948 -0.025 1.000 -0. 4026311.939 -0. 0. 1. 0.
1.000 0.021 0. 353174.803 -0.021 1.000 -0. 4026311.903 -0. 0. 1. 0.
1.000 0.019 0. 353176.687 -0.019 1.000 -0. 4026311.871 -0. 0. 1. 0.
1.000 0.018 0. 353178.603 -0.018 1.000 -0. 4026311.839 -0. 0. 1. 0.
1. 0.014 0. 353180.563 -0.014 1. -0. 4026311.808 -0. 0. 1. 0.
1. 0.010 0. 353182.551 -0.010 1. -0. 4026311.784 -0. 0. 1. 0.
1. 0.006 0. 353184.579 -0.006 1. -0. 4026311.767 -0. 0. 1. 0.
1. 0.003 0. 353186.644 -0.003 1. -0. 4026311.758 -0. 0. 1. 0.
1. 0.001 0. 353188.758 -0.001 1. -0. 4026311.762 -0. 0. 1. 0.
1. -0.001 0. 353190.920 0.001 1. 0. 4026311.775 0. 0. 1. 0.
1. -0.005 0. 353193.127 0.005 1. 0. 4026311.790 0. 0. 1. 0.
1. -0.011 0. 353195.374 0.011 1. 0. 4026311.813 0. 0. 1. 0.
1.000 -0.021 0. 353197.657 0.021 1.000 0. 4026311.858 0. 0. 1. 0.
1.000 -0.031 0. 353199.995 0.031 1.000 0. 4026311.932 0. 0. 1. 0.
0.999 -0.040 0. 353202.356 0.040 0.999 0. 4026312.024 0. 0. 1. 0.
0.999 -0.048 0. 353204.771 0.048 0.999 0. 4026312.133 0. 0. 1. 0.
0.998 -0.058 0. 353207.229 0.058 0.998 0. 4026312.271 0. 0. 1. 0.
0.998 -0.070 0. 353209.723 0.070 0.998 0. 4026312.443 0. 0. 1. 0.
0.997 -0.081 0. 353212.256 0.081 0.997 0. 4026312.642 0. 0. 1. 0.
0.996 -0.090 0. 353214.805 0.090 0.996 0. 4026312.862 0. 0. 1. 0.
0.995 -0.098 0. 353217.374 0.098 0.995 0. 4026313.112 0. 0. 1. 0.
0.994 -0.108 0. 353220.007 0.108 0.994 0. 4026313.397 0. 0. 1. 0.
0.993 -0.121 0. 353222.580 0.121 0.993 0. 4026313.700 0. 0. 1. 0.
0.991 -0.136 0. 353225.186 0.136 0.991 0. 4026314.037 0. 0. 1. 0.
0.989 -0.150 0. 353227.776 0.150 0.989 0. 4026314.416 0. 0. 1. 0.
0.987 -0.163 0. 353230.348 0.163 0.987 0. 4026314.834 0. 0. 1. 0.
0.985 -0.175 0. 353232.907 0.175 0.985 0. 4026315.279 0. 0. 1. 0.
0.983 -0.185 0. 353235.451 0.185 0.983 0. 4026315.745 0. 0. 1. 0.
0.980 -0.198 0. 353237.972 0.198 0.980 0. 4026316.241 0. 0. 1. 0.
0.977 -0.212 0. 353240.488 0.212 0.977 0. 4026316.777 0. 0. 1. 0.
0.975 -0.224 0. 353242.988 0.224 0.975 0. 4026317.339 0. 0. 1. 0.
0.972 -0.236 0. 353245.486 0.236 0.972 0. 4026317.930 0. 0. 1. 0.
0.969 -0.247 0. 353247.953 0.247 0.969 0. 4026318.547 0. 0. 1. 0.
0.967 -0.257 0. 353250.404 0.257 0.967 0. 4026319.190 0. 0. 1. 0.
0.963 -0.269 0. 353252.860 0.269 0.963 0. 4026319.862 0. 0. 1. 0.
0.959 -0.282 0. 353255.300 0.282 0.959 0. 4026320.561 0. 0. 1. 0.
0.956 -0.295 0. 353257.735 0.295 0.956 0. 4026321.297 0. 0. 1. 0.
0.951 -0.309 0. 353260.173 0.309 0.951 0. 4026322.075 0. 0. 1. 0.
0.947 -0.323 0. 353262.600 0.323 0.947 0. 4026322.885 0. 0. 1. 0.
0.941 -0.338 0. 353265.020 0.338 0.941 0. 4026323.730 0. 0. 1. 0.
0.934 -0.357 0. 353267.411 0.357 0.934 0. 4026324.615 0. 0. 1. 0.
0.927 -0.375 0. 353269.775 0.375 0.927 0. 4026325.550 0. 0. 1. 0.
0.920 -0.392 0. 353272.147 0.392 0.920 0. 4026326.536 0. 0. 1. 0.
0.914 -0.407 0. 353274.524 0.407 0.914 0. 4026327.570 0. 0. 1. 0.
0.906 -0.424 0. 353276.896 0.424 0.906 0. 4026328.651 0. 0. 1. 0.
0.898 -0.440 0. 353279.260 0.440 0.898 0. 4026329.783 0. 0. 1. 0.
0.890 -0.456 0. 353281.592 0.456 0.890 0. 4026330.948 0. 0. 1. 0.
0.884 -0.468 0. 353283.881 0.468 0.884 0. 4026332.142 0. 0. 1. 0.
0.880 -0.475 0. 353286.156 0.475 0.880 0. 4026333.354 0. 0. 1. 0.
0.877 -0.481 0. 353288.436 0.481 0.877 0. 4026334.589 0. 0. 1. 0.
0.874 -0.487 0. 353290.691 0.487 0.874 0. 4026335.833 0. 0. 1. 0.
0.871 -0.491 0. 353292.940 0.491 0.871 0. 4026337.089 0. 0. 1. 0.
0.869 -0.494 0. 353295.171 0.494 0.869 0. 4026338.347 0. 0. 1. 0.
0.868 -0.497 0. 353297.384 0.497 0.868 0. 4026339.600 0. 0. 1. 0.
0.867 -0.498 0. 353299.578 0.498 0.867 0. 4026340.852 0. 0. 1. 0.
0.869 -0.494 0. 353301.761 0.494 0.869 0. 4026342.096 0. 0. 1. 0.
0.874 -0.487 0. 353303.932 0.487 0.874 0. 4026343.315 0. 0. 1. 0.
0.881 -0.473 0. 353306.098 0.473 0.881 0. 4026344.491 0. 0. 1. 0.
0.888 -0.460 0. 353308.278 0.460 0.888 0. 4026345.634 0. 0. 1. 0.
0.896 -0.445 0. 353310.449 0.445 0.896 0. 4026346.733 0. 0. 1. 0.
0.905 -0.425 0. 353312.619 0.425 0.905 0. 4026347.779 0. 0. 1. 0.
0.915 -0.404 0. 353314.796 0.404 0.915 0. 4026348.760 0. 0. 1. 0.
0.924 -0.383 0. 353316.987 0.383 0.924 0. 4026349.693 0. 0. 1. 0.
0.933 -0.359 0. 353319.170 0.359 0.933 0. 4026350.564 0. 0. 1. 0.
0.945 -0.328 0. 353321.376 0.328 0.945 0. 4026351.369 0. 0. 1. 0.
0.957 -0.290 0. 353323.575 0.290 0.957 0. 4026352.071 0. 0. 1. 0.
0.968 -0.250 0. 353325.726 0.250 0.968 0. 4026352.666 0. 0. 1. 0.
0.977 -0.212 0. 353327.819 0.212 0.977 0. 4026353.162 0. 0. 1. 0.
0.985 -0.173 0. 353329.840 0.173 0.985 0. 4026353.556 0. 0. 1. 0.
0.991 -0.133 0. 353331.793 0.133 0.991 0. 4026353.846 0. 0. 1. 0.
0.996 -0.089 0. 353333.696 0.089 0.996 0. 4026354.052 0. 0. 1. 0.
0.999 -0.041 0. 353335.511 0.041 0.999 0. 4026354.165 0. 0. 1. 0.
1. 0.010 0. 353337.280 -0.010 1. -0. 4026354.193 -0. 0. 1. 0.
0.998 0.062 0. 353338.940 -0.062 0.998 -0. 4026354.130 -0. 0. 1. 0.
0.993 0.115 0. 353340.501 -0.115 0.993 -0. 4026353.989 -0. 0. 1. 0.
0.986 0.166 0. 353341.949 -0.166 0.986 -0. 4026353.784 -0. 0. 1. 0.
0.976 0.216 0. 353343.275 -0.216 0.976 -0. 4026353.528 -0. 0. 1. 0.
0.964 0.267 0. 353344.515 -0.267 0.964 -0. 4026353.218 -0. 0. 1. 0.
0.947 0.320 0. 353345.724 -0.320 0.947 -0. 4026352.848 -0. 0. 1. 0.
0.928 0.372 0. 353346.896 -0.372 0.928 -0. 4026352.418 -0. 0. 1. 0.
0.905 0.426 0. 353348.014 -0.426 0.905 -0. 4026351.933 -0. 0. 1. 0.
0.881 0.473 0. 353349.099 -0.473 0.881 -0. 4026351.381 -0. 0. 1. 0.
0.854 0.520 0. 353350.195 -0.520 0.854 -0. 4026350.750 -0. 0. 1. 0.
0.823 0.567 0. 353351.258 -0.567 0.823 -0. 4026350.061 -0. 0. 1. 0.
0.792 0.610 0. 353352.309 -0.610 0.792 -0. 4026349.295 -0. 0. 1. 0.
0.760 0.650 0. 353353.341 -0.650 0.760 -0. 4026348.451 -0. 0. 1. 0.
0.729 0.685 0. 353354.353 -0.685 0.729 -0. 4026347.541 -0. 0. 1. 0.
0.695 0.719 0. 353355.351 -0.719 0.695 -0. 4026346.557 -0. 0. 1. 0.
0.659 0.752 0. 353356.327 -0.752 0.659 -0. 4026345.498 -0. 0. 1. 0.
0.627 0.779 0. 353357.274 -0.779 0.627 -0. 4026344.362 -0. 0. 1. 0.
0.604 0.797 0. 353358.205 -0.797 0.604 -0. 4026343.164 -0. 0. 1. 0.
0.589 0.808 0. 353359.131 -0.808 0.589 -0. 4026341.916 -0. 0. 1. 0.
0.576 0.817 0. 353360.059 -0.817 0.576 -0. 4026340.622 -0. 0. 1. 0.
0.567 0.823 0. 353360.986 -0.823 0.567 -0. 4026339.285 -0. 0. 1. 0.
0.561 0.827 0. 353361.927 -0.827 0.561 -0. 4026337.908 -0. 0. 1. 0.
0.558 0.830 0. 353362.877 -0.830 0.558 -0. 4026336.501 -0. 0. 1. 0.
0.556 0.831 0. 353363.842 -0.831 0.556 -0. 4026335.067 -0. 0. 1. 0.
0.556 0.831 0. 353364.820 -0.831 0.556 -0. 4026333.603 -0. 0. 1. 0.
0.557 0.830 0. 353365.817 -0.830 0.557 -0. 4026332.115 -0. 0. 1. 0.
0.558 0.830 0. 353366.833 -0.830 0.558 -0. 4026330.608 -0. 0. 1. 0.
0.559 0.829 0. 353367.865 -0.829 0.559 -0. 4026329.080 -0. 0. 1. 0.
0.560 0.829 0. 353368.915 -0.829 0.560 -0. 4026327.532 -0. 0. 1. 0.
0.560 0.829 0. 353369.976 -0.829 0.560 -0. 4026325.968 -0. 0. 1. 0.
0.560 0.829 0. 353371.050 -0.829 0.560 -0. 4026324.382 -0. 0. 1. 0.
0.558 0.830 0. 353372.130 -0.830 0.558 -0. 4026322.788 -0. 0. 1. 0.
0.556 0.831 0. 353373.219 -0.831 0.556 -0. 4026321.182 -0. 0. 1. 0.
0.552 0.834 0. 353374.307 -0.834 0.552 -0. 4026319.559 -0. 0. 1. 0.
0.553 0.833 0. 353375.393 -0.833 0.553 -0. 4026317.930 -0. 0. 1. 0.
0.554 0.833 0. 353376.489 -0.833 0.554 -0. 4026316.293 -0. 0. 1. 0.
0.553 0.833 0. 353377.594 -0.833 0.553 -0. 4026314.657 -0. 0. 1. 0.
0.552 0.834 0. 353378.701 -0.834 0.552 -0. 4026313.006 -0. 0. 1. 0.
0.550 0.835 0. 353379.804 -0.835 0.550 -0. 4026311.351 -0. 0. 1. 0.
0.547 0.837 0. 353380.909 -0.837 0.547 -0. 4026309.674 -0. 0. 1. 0.
0.545 0.838 0. 353382.013 -0.838 0.545 -0. 4026307.979 -0. 0. 1. 0.
0.543 0.840 0. 353383.119 -0.840 0.543 -0. 4026306.274 -0. 0. 1. 0.
0.540 0.841 0. 353384.239 -0.841 0.540 -0. 4026304.535 -0. 0. 1. 0.
0.538 0.843 0. 353385.366 -0.843 0.538 -0. 4026302.777 -0. 0. 1. 0.
0.536 0.844 0. 353386.504 -0.844 0.536 -0. 4026300.998 -0. 0. 1. 0.
0.535 0.845 0. 353387.661 -0.845 0.535 -0. 4026299.178 -0. 0. 1. 0.
0.534 0.845 0. 353388.802 -0.845 0.534 -0. 4026297.377 -0. 0. 1. 0.
0.534 0.846 0. 353389.941 -0.846 0.534 -0. 4026295.574 -0. 0. 1. 0.
0.534 0.846 0. 353391.074 -0.846 0.534 -0. 4026293.784 -0. 0. 1. 0.
0.533 0.846 0. 353392.199 -0.846 0.533 -0. 4026292.004 -0. 0. 1. 0.
0.533 0.846 0. 353393.312 -0.846 0.533 -0. 4026290.238 -0. 0. 1. 0.
