1. 0. 0. 0. 0. 1. 0. 0. 0. 0. 1. 0.
1. -0.000 0. -0.003 0.000 1. 0. 0.003 0. 0. 1. 0.
1. -0. 0. 0.003 0. 1. 0. -0.001 0. 0. 1. 0.
1. 0. 0. -0.002 -0. 1. 0. -0.002 0. 0. 1. 0.
1. -0. 0. -0.000 0. 1. 0. -0.001 0. 0. 1. 0.
1. -0.000 0. 0.006 0.000 1. 0. 0.007 0. 0. 1. 0.
1. 0. 0. 0.003 -0. 1. 0. -0.004 0. 0. 1. 0.
1. -0.000 0. 0.005 0.000 1. 0. 0.004 0. 0. 1. 0.
1. -0. 0. 0.006 0. 1. 0. 0.006 0. 0. 1. 0.
1. 0.000 0. -0.004 -0.000 1. 0. -0.001 0. 0. 1. 0.
1. -0. 0. -0.004 0. 1. 0. 0.000 0. 0. 1. 0.
1. -0.000 0. 0.002 0.000 1. 0. 0.002 0. 0. 1. 0.
1. -0.000 0. 0.005 0.000 1. 0. -0.008 0. 0. 1. 0.
1. -0. 0. 0.005 0. 1. 0. -0.005 0. 0. 1. 0.
1. -0. 0. 0.004 0. 1. 0. -0.006 0. 0. 1. 0.
1. 0.000 0. -0.004 -0.000 1. 0. 0.001 0. 0. 1. 0.
1. 0. 0. -0.004 -0. 1. 0. -0.008 0. 0. 1. 0.
1. 0. 0. -0.004 -0. 1. 0. -0.004 0. 0. 1. 0.
1. 0.000 0. 0.006 -0.000 1. 0. 0.001 0. 0. 1. 0.
1. -0. 0. 0.008 0. 1. 0. 0.001 0. 0. 1. 0.
1. 0.000 0. -0.003 -0.000 1. 0. -0.007 0. 0. 1. 0.
1. 0. 0. 0.001 -0. 1. 0. -0.002 0. 0. 1. 0.
1. -0.000 0. 0.003 0.000 1. 0. 0.004 0. 0. 1. 0.
1. -0. 0. 0.007 0. 1. 0. -0.004 0. 0. 1. 0.
1. 0. 0. 0.003 -0. 1. 0. -0.001 0. 0. 1. 0.
1. 0. 0. 0.004 -0. 1. 0. 0.000 0. 0. 1. 0.
1. -0.000 0. -0.002 0.000 1. 0. 0.003 0. 0. 1. 0.
1. -0.000 0. 0.002 0.000 1. 0. -0.001 0. 0. 1. 0.
1. 0. 0. 0.006 -0. 1. 0. 0.006 0. 0. 1. 0.
1. 0.000 0. -0.005 -0.000 1. 0. 0.012 0. 0. 1. 0.
1. 0.000 0. 0.007 -0.000 1. 0. -0.000 0. 0. 1. 0.
1. 0. 0. 0.005 -0. 1. 0. 0.004 0. 0. 1. 0.
1. -0. 0. 0.005 0. 1. 0. 0.006 0. 0. 1. 0.
1. -0.000 0. 0.007 0.000 1. 0. 0.001 0. 0. 1. 0.
1. -0.000 0. 0.014 0.000 1. 0. 0.004 0. 0. 1. 0.
1. -0.000 0. 0.005 0.000 1. 0. 0.009 0. 0. 1. 0.
1. -0.000 0. 0.009 0.000 1. 0. 0.004 0. 0. 1. 0.
1. -0.000 0. 0.014 0.000 1. 0. 0.004 0. 0. 1. 0.
1. -0.000 0. 0.010 0.000 1. 0. 0.006 0. 0. 1. 0.
1. -0.000 0. 0.001 0.000 1. 0. 0.005 0. 0. 1. 0.
1. -0.000 0. 0.005 0.000 1. 0. 0.006 0. 0. 1. 0.
1. -0.000 0. 0.011 0.000 1. 0. 0.007 0. 0. 1. 0.
1. -0. 0. 0.004 0. 1. 0. 0.002 0. 0. 1. 0.
1. -0.000 0. 0.013 0.000 1. 0. 0.007 0. 0. 1. 0.
1. -0.000 0. 0.005 0.000 1. 0. 0.006 0. 0. 1. 0.
1. -0. 0. 0.005 0. 1. 0. 0.004 0. 0. 1. 0.
1. -0.000 0. 0.008 0.000 1. 0. 0.007 0. 0. 1. 0.
1. -0. 0. 0.005 0. 1. 0. -0.005 0. 0. 1. 0.
1. -0. 0. 0.008 0. 1. 0. 0.005 0. 0. 1. 0.
1. -0.000 0. 0.011 0.000 1. 0. 0.002 0. 0. 1. 0.
1. 0.000 0. 0.008 -0.000 1. 0. 0.001 0. 0. 1. 0.
1. 0. 0. 0.010 -0. 1. 0. -0.001 0. 0. 1. 0.
1. 0. 0. 0.013 -0. 1. 0. 0.001 0. 0. 1. 0.
1. 0.000 0. 0.009 -0.000 1. 0. 0.006 0. 0. 1. 0.
1. -0. 0. 0.007 0. 1. 0. 0.006 0. 0. 1. 0.
1. 0. 0. 0.012 -0. 1. 0. -0.002 0. 0. 1. 0.
1. -0. 0. 0.004 0. 1. 0. 0.001 0. 0. 1. 0.
1. -0. 0. 0.014 0. 1. 0. 0.001 0. 0. 1. 0.
1. 0.000 0. 0.012 -0.000 1. 0. -0.002 0. 0. 1. 0.
1. 0.000 0. 0.006 -0.000 1. 0. -0.006 0. 0. 1. 0.
1. 0.000 0. 0.011 -0.000 1. 0. 0.005 0. 0. 1. 0.
1. 0.000 0. 0.001 -0.000 1. 0. 0.001 0. 0. 1. 0.
1. 0.000 0. 0.007 -0.000 1. 0. -0.003 0. 0. 1. 0.
1. 0. 0. 0.002 -0. 1. 0. 0.001 0. 0. 1. 0.
1. 0. 0. 0.004 -0. 1. 0. -0.004 0. 0. 1. 0.
1. 0. 0. 0.007 -0. 1. 0. -0.003 0. 0. 1. 0.
1. 0.000 0. 0.006 -0.000 1. 0. -0.002 0. 0. 1. 0.
1. 0. 0. 0.007 -0. 1. 0. 0.008 0. 0. 1. 0.
1. -0.000 0. 0.003 0.000 1. 0. 0.001 0. 0. 1. 0.
1. -0.000 0. 0.005 0.000 1. 0. -0.002 0. 0. 1. 0.
1. 0.000 0. 0.022 -0.000 1. 0. -0.012 0. 0. 1. 0.
1. -0.000 0. 0.060 0.000 1. 0. -0.003 0. 0. 1. 0.
1. -0.002 0. 0.120 0.002 1. 0. -0.010 0. 0. 1. 0.
1. -0.002 0. 0.203 0.002 1. 0. 0.016 0. 0. 1. 0.
1. -0.005 0. 0.329 0.005 1. 0. 0.082 0. 0. 1. 0.
1. -0.014 0. 0.545 0.014 1. 0. 0.054 0. 0. 1. 0.
1.000 -0.022 0. 0.790 0.022 1.000 0. 0.020 0. 0. 1. 0.
0.999 -0.038 0. 1.179 0.038 0.999 0. 0.072 0. 0. 1. 0.
0.999 -0.054 0. 1.700 0.054 0.999 0. 0.068 0. 0. 1. 0.
0.997 -0.076 0. 2.275 0.076 0.997 0. 0.162 0. 0. 1. 0.
0.995 -0.099 0. 3.000 0.099 0.995 0. 0.234 0. 0. 1. 0.
0.993 -0.114 0. 3.865 0.114 0.993 0. 0.290 0. 0. 1. 0.
0.993 -0.119 0. 4.823 0.119 0.993 0. 0.385 0. 0. 1. 0.
0.993 -0.114 0. 5.895 0.114 0.993 0. 0.483 0. 0. 1. 0.
0.993 -0.114 0. 7.122 0.114 0.993 0. 0.708 0. 0. 1. 0.
0.993 -0.116 0. 8.458 0.116 0.993 0. 0.759 0. 0. 1. 0.
0.994 -0.111 0. 9.964 0.111 0.994 0. 1.015 0. 0. 1. 0.
0.995 -0.103 0. 11.529 0.103 0.995 0. 1.176 0. 0. 1. 0.
0.995 -0.102 0. 13.206 0.102 0.995 0. 1.317 0. 0. 1. 0.
0.995 -0.100 0. 14.959 0.100 0.995 0. 1.446 0. 0. 1. 0.
0.995 -0.096 0. 16.824 0.096 0.995 0. 1.624 0. 0. 1. 0.
0.995 -0.095 0. 18.750 0.095 0.995 0. 1.779 0. 0. 1. 0.
0.996 -0.089 0. 20.678 0.089 0.996 0. 1.920 0. 0. 1. 0.
0.996 -0.086 0. 22.636 0.086 0.996 0. 2.029 0. 0. 1. 0.
0.997 -0.081 0. 24.623 0.081 0.997 0. 2.152 0. 0. 1. 0.
0.997 -0.078 0. 26.626 0.078 0.997 0. 2.272 0. 0. 1. 0.
0.997 -0.074 0. 28.709 0.074 0.997 0. 2.383 0. 0. 1. 0.
0.998 -0.069 0. 30.833 0.069 0.998 0. 2.533 0. 0. 1. 0.
0.998 -0.066 0. 32.966 0.066 0.998 0. 2.600 0. 0. 1. 0.
0.998 -0.062 0. 35.173 0.062 0.998 0. 2.725 0. 0. 1. 0.
0.998 -0.061 0. 37.367 0.061 0.998 0. 2.791 0. 0. 1. 0.
0.998 -0.059 0. 39.560 0.059 0.998 0. 2.907 0. 0. 1. 0.
0.998 -0.056 0. 41.846 0.056 0.998 0. 2.992 0. 0. 1. 0.
0.998 -0.055 0. 44.138 0.055 0.998 0. 3.105 0. 0. 1. 0.
0.998 -0.055 0. 46.389 0.055 0.998 0. 3.195 0. 0. 1. 0.
0.998 -0.055 0. 48.638 0.055 0.998 0. 3.282 0. 0. 1. 0.
0.998 -0.055 0. 50.939 0.055 0.998 0. 3.340 0. 0. 1. 0.
0.998 -0.055 0. 53.202 0.055 0.998 0. 3.450 0. 0. 1. 0.
0.999 -0.053 0. 55.481 0.053 0.999 0. 3.558 0. 0. 1. 0.
0.999 -0.050 0. 57.790 0.050 0.999 0. 3.608 0. 0. 1. 0.
0.999 -0.047 0. 60.139 0.047 0.999 0. 3.637 0. 0. 1. 0.
0.999 -0.046 0. 62.380 0.046 0.999 0. 3.725 0. 0. 1. 0.
0.999 -0.043 0. 64.702 0.043 0.999 0. 3.779 0. 0. 1. 0.
0.999 -0.041 0. 66.956 0.041 0.999 0. 3.845 0. 0. 1. 0.
0.999 -0.036 0. 69.206 0.036 0.999 0. 3.847 0. 0. 1. 0.
0.999 -0.033 0. 71.487 0.033 0.999 0. 3.906 0. 0. 1. 0.
1.000 -0.031 0. 73.708 0.031 1.000 0. 3.966 0. 0. 1. 0.
1.000 -0.031 0. 76.037 0.031 1.000 0. 3.993 0. 0. 1. 0.
1.000 -0.031 0. 78.307 0.031 1.000 0. 4.028 0. 0. 1. 0.
0.999 -0.032 0. 80.587 0.032 0.999 0. 4.030 0. 0. 1. 0.
0.999 -0.035 0. 82.882 0.035 0.999 0. 4.051 0. 0. 1. 0.
0.999 -0.040 0. 85.231 0.040 0.999 0. 4.089 0. 0. 1. 0.
0.999 -0.042 0. 87.566 0.042 0.999 0. 4.107 0. 0. 1. 0.
0.999 -0.052 0. 89.921 0.052 0.999 0. 4.264 0. 0. 1. 0.
0.998 -0.058 0. 92.283 0.058 0.998 0. 4.382 0. 0. 1. 0.
0.998 -0.063 0. 94.661 0.063 0.998 0. 4.420 0. 0. 1. 0.
0.998 -0.066 0. 97.050 0.066 0.998 0. 4.569 0. 0. 1. 0.
0.998 -0.065 0. 99.432 0.065 0.998 0. 4.673 0. 0. 1. 0.
0.998 -0.066 0. 101.887 0.066 0.998 0. 4.811 0. 0. 1. 0.
0.998 -0.065 0. 104.338 0.065 0.998 0. 4.941 0. 0. 1. 0.
0.998 -0.067 0. 106.821 0.067 0.998 0. 5.062 0. 0. 1. 0.
0.998 -0.069 0. 109.274 0.069 0.998 0. 5.213 0. 0. 1. 0.
0.998 -0.069 0. 111.732 0.069 0.998 0. 5.372 0. 0. 1. 0.
0.998 -0.070 0. 114.176 0.070 0.998 0. 5.440 0. 0. 1. 0.
0.997 -0.071 0. 116.653 0.071 0.997 0. 5.650 0. 0. 1. 0.
0.998 -0.070 0. 119.129 0.070 0.998 0. 5.713 0. 0. 1. 0.
0.998 -0.069 0. 121.579 0.069 0.998 0. 5.844 0. 0. 1. 0.
0.998 -0.071 0. 124.068 0.071 0.998 0. 5.995 0. 0. 1. 0.
0.998 -0.070 0. 126.566 0.070 0.998 0. 6.144 0. 0. 1. 0.
0.998 -0.069 0. 129.097 0.069 0.998 0. 6.302 0. 0. 1. 0.
0.998 -0.069 0. 131.652 0.069 0.998 0. 6.426 0. 0. 1. 0.
0.998 -0.068 0. 134.169 0.068 0.998 0. 6.554 0. 0. 1. 0.
0.998 -0.069 0. 136.714 0.069 0.998 0. 6.690 0. 0. 1. 0.
0.997 -0.072 0. 139.256 0.072 0.997 0. 6.824 0. 0. 1. 0.
0.997 -0.071 0. 141.773 0.071 0.997 0. 7.009 0. 0. 1. 0.
0.998 -0.071 0. 144.285 0.071 0.998 0. 7.167 0. 0. 1. 0.
0.997 -0.072 0. 146.840 0.072 0.997 0. 7.320 0. 0. 1. 0.
0.997 -0.074 0. 149.340 0.074 0.997 0. 7.493 0. 0. 1. 0.
0.997 -0.074 0. 151.870 0.074 0.997 0. 7.636 0. 0. 1. 0.
0.997 -0.074 0. 154.395 0.074 0.997 0. 7.787 0. 0. 1. 0.
0.997 -0.074 0. 156.854 0.074 0.997 0. 7.946 0. 0. 1. 0.
0.997 -0.073 0. 159.279 0.073 0.997 0. 8.027 0. 0. 1. 0.
0.997 -0.073 0. 161.714 0.073 0.997 0. 8.164 0. 0. 1. 0.
0.997 -0.073 0. 164.137 0.073 0.997 0. 8.295 0. 0. 1. 0.
0.997 -0.072 0. 166.596 0.072 0.997 0. 8.415 0. 0. 1. 0.
0.997 -0.073 0. 168.996 0.073 0.997 0. 8.534 0. 0. 1. 0.
0.997 -0.073 0. 171.404 0.073 0.997 0. 8.645 0. 0. 1. 0.
0.997 -0.075 0. 173.842 0.075 0.997 0. 8.785 0. 0. 1. 0.
0.997 -0.078 0. 176.237 0.078 0.997 0. 8.932 0. 0. 1. 0.
0.997 -0.081 0. 178.665 0.081 0.997 0. 9.057 0. 0. 1. 0.
0.997 -0.083 0. 181.076 0.083 0.997 0. 9.202 0. 0. 1. 0.
0.996 -0.087 0. 183.472 0.087 0.996 0. 9.399 0. 0. 1. 0.
0.996 -0.087 0. 185.856 0.087 0.996 0. 9.547 0. 0. 1. 0.
0.996 -0.089 0. 188.288 0.089 0.996 0. 9.722 0. 0. 1. 0.
0.996 -0.089 0. 190.723 0.089 0.996 0. 9.945 0. 0. 1. 0.
0.996 -0.090 0. 193.118 0.090 0.996 0. 10.139 0. 0. 1. 0.
0.996 -0.089 0. 195.479 0.089 0.996 0. 10.332 0. 0. 1. 0.
0.996 -0.089 0. 197.844 0.089 0.996 0. 10.481 0. 0. 1. 0.
0.996 -0.085 0. 200.184 0.085 0.996 0. 10.686 0. 0. 1. 0.
0.997 -0.081 0. 202.509 0.081 0.997 0. 10.855 0. 0. 1. 0.
0.997 -0.076 0. 204.847 0.076 0.997 0. 11.026 0. 0. 1. 0.
0.997 -0.073 0. 207.109 0.073 0.997 0. 11.132 0. 0. 1. 0.
0.997 -0.074 0. 209.355 0.074 0.997 0. 11.270 0. 0. 1. 0.
0.997 -0.076 0. 211.648 0.076 0.997 0. 11.430 0. 0. 1. 0.
0.996 -0.084 0. 213.920 0.084 0.996 0. 11.548 0. 0. 1. 0.
0.996 -0.094 0. 216.153 0.094 0.996 0. 11.709 0. 0. 1. 0.
0.994 -0.108 0. 218.404 0.108 0.994 0. 11.927 0. 0. 1. 0.
0.993 -0.118 0. 220.658 0.118 0.993 0. 12.149 0. 0. 1. 0.
0.991 -0.131 0. 222.905 0.131 0.991 0. 12.428 0. 0. 1. 0.
0.990 -0.142 0. 225.146 0.142 0.990 0. 12.722 0. 0. 1. 0.
0.989 -0.150 0. 227.380 0.150 0.989 0. 13.054 0. 0. 1. 0.
0.988 -0.156 0. 229.692 0.156 0.988 0. 13.353 0. 0. 1. 0.
0.987 -0.158 0. 231.957 0.158 0.987 0. 13.738 0. 0. 1. 0.
0.987 -0.163 0. 234.209 0.163 0.987 0. 14.081 0. 0. 1. 0.
0.986 -0.169 0. 236.512 0.169 0.986 0. 14.387 0. 0. 1. 0.
0.985 -0.172 0. 238.863 0.172 0.985 0. 14.781 0. 0. 1. 0.
0.985 -0.174 0. 241.187 0.174 0.985 0. 15.176 0. 0. 1. 0.
0.984 -0.177 0. 243.487 0.177 0.984 0. 15.513 0. 0. 1. 0.
0.984 -0.179 0. 245.771 0.179 0.984 0. 15.898 0. 0. 1. 0.
0.984 -0.179 0. 248.052 0.179 0.984 0. 16.244 0. 0. 1. 0.
0.983 -0.182 0. 250.347 0.182 0.983 0. 16.705 0. 0. 1. 0.
0.983 -0.184 0. 252.664 0.184 0.983 0. 17.077 0. 0. 1. 0.
0.983 -0.185 0. 254.931 0.185 0.983 0. 17.450 0. 0. 1. 0.
0.982 -0.186 0. 257.211 0.186 0.982 0. 17.849 0. 0. 1. 0.
0.982 -0.189 0. 259.511 0.189 0.982 0. 18.323 0. 0. 1. 0.
0.981 -0.195 0. 261.855 0.195 0.981 0. 18.694 0. 0. 1. 0.
0.980 -0.200 0. 264.156 0.200 0.980 0. 19.141 0. 0. 1. 0.
0.979 -0.205 0. 266.456 0.205 0.979 0. 19.617 0. 0. 1. 0.
0.978 -0.209 0. 268.862 0.209 0.978 0. 20.091 0. 0. 1. 0.
0.977 -0.213 0. 271.227 0.213 0.977 0. 20.578 0. 0. 1. 0.
0.976 -0.216 0. 273.461 0.216 0.976 0. 21.040 0. 0. 1. 0.
0.976 -0.219 0. 275.791 0.219 0.976 0. 21.538 0. 0. 1. 0.
0.975 -0.223 0. 278.104 0.223 0.975 0. 22.015 0. 0. 1. 0.
0.974 -0.226 0. 280.411 0.226 0.974 0. 22.505 0. 0. 1. 0.
0.975 -0.221 0. 282.739 0.221 0.975 0. 22.940 0. 0. 1. 0.
0.977 -0.211 0. 285.049 0.211 0.977 0. 23.419 0. 0. 1. 0.
0.980 -0.199 0. 287.406 0.199 0.980 0. 23.864 0. 0. 1. 0.
0.981 -0.192 0. 289.766 0.192 0.981 0. 24.244 0. 0. 1. 0.
0.983 -0.183 0. 292.117 0.183 0.983 0. 24.640 0. 0. 1. 0.
0.985 -0.175 0. 294.496 0.175 0.985 0. 25.013 0. 0. 1. 0.
0.986 -0.168 0. 296.848 0.168 0.986 0. 25.334 0. 0. 1. 0.
0.987 -0.161 0. 299.190 0.161 0.987 0. 25.676 0. 0. 1. 0.
0.988 -0.154 0. 301.584 0.154 0.988 0. 25.995 0. 0. 1. 0.
0.989 -0.147 0. 303.936 0.147 0.989 0. 26.288 0. 0. 1. 0.
0.990 -0.144 0. 306.337 0.144 0.990 0. 26.584 0. 0. 1. 0.
0.989 -0.145 0. 308.735 0.145 0.989 0. 26.925 0. 0. 1. 0.
0.989 -0.145 0. 311.208 0.145 0.989 0. 27.227 0. 0. 1. 0.
0.990 -0.142 0. 313.672 0.142 0.990 0. 27.520 0. 0. 1. 0.
0.991 -0.137 0. 316.152 0.137 0.991 0. 27.767 0. 0. 1. 0.
0.991 -0.134 0. 318.636 0.134 0.991 0. 28.111 0. 0. 1. 0.
0.992 -0.128 0. 321.094 0.128 0.992 0. 28.442 0. 0. 1. 0.
0.992 -0.124 0. 323.554 0.124 0.992 0. 28.681 0. 0. 1. 0.
0.993 -0.117 0. 325.969 0.117 0.993 0. 28.924 0. 0. 1. 0.
0.994 -0.111 0. 328.370 0.111 0.994 0. 29.156 0. 0. 1. 0.
0.995 -0.104 0. 330.815 0.104 0.995 0. 29.417 0. 0. 1. 0.
0.995 -0.097 0. 333.218 0.097 0.995 0. 29.632 0. 0. 1. 0.
0.996 -0.093 0. 335.651 0.093 0.996 0. 29.810 0. 0. 1. 0.
0.997 -0.083 0. 338.052 0.083 0.997 0. 29.859 0. 0. 1. 0.
0.997 -0.077 0. 340.443 0.077 0.997 0. 30.047 0. 0. 1. 0.
0.997 -0.071 0. 342.863 0.071 0.997 0. 30.206 0. 0. 1. 0.
0.998 -0.064 0. 345.288 0.064 0.998 0. 30.302 0. 0. 1. 0.
0.998 -0.057 0. 347.667 0.057 0.998 0. 30.384 0. 0. 1. 0.
0.999 -0.050 0. 350.072 0.050 0.999 0. 30.423 0. 0. 1. 0.
0.999 -0.046 0. 352.461 0.046 0.999 0. 30.524 0. 0. 1. 0.
0.999 -0.041 0. 354.841 0.041 0.999 0. 30.563 0. 0. 1. 0.
0.999 -0.033 0. 357.212 0.033 0.999 0. 30.588 0. 0. 1. 0.
1.000 -0.027 0. 359.656 0.027 1.000 0. 30.583 0. 0. 1. 0.
1.000 -0.023 0. 362.090 0.023 1.000 0. 30.652 0. 0. 1. 0.
1.000 -0.020 0. 364.512 0.020 1.000 0. 30.689 0. 0. 1. 0.
1.000 -0.018 0. 366.955 0.018 1.000 0. 30.642 0. 0. 1. 0.
1.000 -0.016 0. 369.392 0.016 1.000 0. 30.639 0. 0. 1. 0.
1.000 -0.014 0. 371.852 0.014 1.000 0. 30.638 0. 0. 1. 0.
1.000 -0.015 0. 374.299 0.015 1.000 0. 30.688 0. 0. 1. 0.
1.000 -0.015 0. 376.751 0.015 1.000 0. 30.735 0. 0. 1. 0.
1.000 -0.015 0. 379.217 0.015 1.000 0. 30.659 0. 0. 1. 0.
1.000 -0.016 0. 381.631 0.016 1.000 0. 30.715 0. 0. 1. 0.
1.000 -0.019 0. 384.084 0.019 1.000 0. 30.691 0. 0. 1. 0.
1.000 -0.021 0. 386.520 0.021 1.000 0. 30.696 0. 0. 1. 0.
1.000 -0.025 0. 388.926 0.025 1.000 0. 30.722 0. 0. 1. 0.
1.000 -0.031 0. 391.369 0.031 1.000 0. 30.736 0. 0. 1. 0.
0.999 -0.035 0. 393.838 0.035 0.999 0. 30.800 0. 0. 1. 0.
0.999 -0.042 0. 396.308 0.042 0.999 0. 30.842 0. 0. 1. 0.
0.999 -0.047 0. 398.793 0.047 0.999 0. 30.950 0. 0. 1. 0.
0.999 -0.054 0. 401.331 0.054 0.999 0. 31.018 0. 0. 1. 0.
0.998 -0.059 0. 403.790 0.059 0.998 0. 31.165 0. 0. 1. 0.
0.998 -0.066 0. 406.312 0.066 0.998 0. 31.301 0. 0. 1. 0.
0.997 -0.072 0. 408.854 0.072 0.997 0. 31.435 0. 0. 1. 0.
0.997 -0.079 0. 411.348 0.079 0.997 0. 31.598 0. 0. 1. 0.
0.996 -0.086 0. 413.846 0.086 0.996 0. 31.802 0. 0. 1. 0.
0.996 -0.090 0. 416.377 0.090 0.996 0. 31.979 0. 0. 1. 0.
0.996 -0.092 0. 418.943 0.092 0.996 0. 32.186 0. 0. 1. 0.
0.996 -0.094 0. 421.471 0.094 0.996 0. 32.414 0. 0. 1. 0.
0.995 -0.095 0. 423.975 0.095 0.995 0. 32.585 0. 0. 1. 0.
0.995 -0.096 0. 426.551 0.096 0.995 0. 32.843 0. 0. 1. 0.
0.995 -0.095 0. 429.036 0.095 0.995 0. 32.998 0. 0. 1. 0.
0.995 -0.097 0. 431.473 0.097 0.995 0. 33.143 0. 0. 1. 0.
0.995 -0.097 0. 433.844 0.097 0.995 0. 33.355 0. 0. 1. 0.
0.995 -0.096 0. 436.159 0.096 0.995 0. 33.541 0. 0. 1. 0.
0.995 -0.096 0. 438.441 0.096 0.995 0. 33.714 0. 0. 1. 0.
0.995 -0.096 0. 440.652 0.096 0.995 0. 33.871 0. 0. 1. 0.
0.995 -0.095 0. 442.779 0.095 0.995 0. 34.020 0. 0. 1. 0.
0.996 -0.092 0. 444.799 0.092 0.996 0. 34.244 0. 0. 1. 0.
0.996 -0.089 0. 446.766 0.089 0.996 0. 34.354 0. 0. 1. 0.
0.996 -0.084 0. 448.639 0.084 0.996 0. 34.473 0. 0. 1. 0.
0.997 -0.075 0. 450.425 0.075 0.997 0. 34.623 0. 0. 1. 0.
0.998 -0.065 0. 452.091 0.065 0.998 0. 34.671 0. 0. 1. 0.
0.999 -0.048 0. 453.682 0.048 0.999 0. 34.731 0. 0. 1. 0.
1.000 -0.020 0. 455.240 0.020 1.000 0. 34.728 0. 0. 1. 0.
1.000 0.021 0. 456.707 -0.021 1.000 0. 34.661 0. 0. 1. 0.
0.997 0.072 0. 458.070 -0.072 0.997 0. 34.518 0. 0. 1. 0.
0.992 0.125 0. 459.342 -0.125 0.992 0. 34.274 0. 0. 1. 0.
0.983 0.186 0. 460.537 -0.186 0.983 0. 34.045 0. 0. 1. 0.
0.967 0.256 0. 461.687 -0.256 0.967 0. 33.705 0. 0. 1. 0.
0.941 0.337 0. 462.725 -0.337 0.941 0. 33.298 0. 0. 1. 0.
0.905 0.426 0. 463.668 -0.426 0.905 0. 32.719 0. 0. 1. 0.
0.857 0.515 0. 464.587 -0.515 0.857 0. 32.095 0. 0. 1. 0.
0.796 0.605 0. 465.330 -0.605 0.796 0. 31.435 0. 0. 1. 0.
0.717 0.697 0. 465.991 -0.697 0.717 0. 30.679 0. 0. 1. 0.
0.624 0.781 0. 466.543 -0.781 0.624 0. 29.897 0. 0. 1. 0.
0.517 0.856 0. 466.964 -0.856 0.517 0. 28.972 0. 0. 1. 0.
0.399 0.917 0. 467.225 -0.917 0.399 0. 28.107 0. 0. 1. 0.
0.270 0.963 0. 467.369 -0.963 0.270 0. 27.169 0. 0. 1. 0.
0.127 0.992 0. 467.416 -0.992 0.127 0. 26.213 0. 0. 1. 0.
-0.019 1.000 0. 467.293 -1.000 -0.019 0. 25.232 0. 0. 1. 0.
-0.167 0.986 0. 467.031 -0.986 -0.167 0. 24.232 0. 0. 1. 0.
-0.311 0.951 0. 466.628 -0.951 -0.311 0. 23.201 0. 0. 1. 0.
-0.445 0.896 0. 466.046 -0.896 -0.445 0. 22.269 0. 0. 1. 0.
-0.557 0.831 0. 465.356 -0.831 -0.557 0. 21.345 0. 0. 1. 0.
-0.659 0.752 0. 464.489 -0.752 -0.659 0. 20.576 0. 0. 1. 0.
-0.746 0.666 0. 463.529 -0.666 -0.746 0. 19.749 0. 0. 1. 0.
-0.804 0.594 0. 462.451 -0.594 -0.804 0. 18.943 0. 0. 1. 0.
-0.841 0.541 0. 461.215 -0.541 -0.841 0. 18.195 0. 0. 1. 0.
-0.860 0.510 0. 459.926 -0.510 -0.860 0. 17.526 0. 0. 1. 0.
-0.866 0.500 0. 458.541 -0.500 -0.866 0. 16.865 0. 0. 1. 0.
-0.869 0.495 0. 457.164 -0.495 -0.869 0. 16.141 0. 0. 1. 0.
-0.869 0.495 0. 455.700 -0.495 -0.869 0. 15.324 0. 0. 1. 0.
-0.870 0.493 0. 454.142 -0.493 -0.870 0. 14.513 0. 0. 1. 0.
-0.870 0.493 0. 452.537 -0.493 -0.870 0. 13.662 0. 0. 1. 0.
-0.870 0.492 0. 450.856 -0.492 -0.870 0. 12.790 0. 0. 1. 0.
-0.872 0.490 0. 449.146 -0.490 -0.872 0. 11.883 0. 0. 1. 0.
-0.872 0.489 0. 447.386 -0.489 -0.872 0. 10.847 0. 0. 1. 0.
-0.872 0.489 0. 445.471 -0.489 -0.872 0. 9.870 0. 0. 1. 0.
-0.873 0.487 0. 443.573 -0.487 -0.873 0. 8.842 0. 0. 1. 0.
-0.874 0.487 0. 441.621 -0.487 -0.874 0. 7.774 0. 0. 1. 0.
-0.874 0.485 0. 439.604 -0.485 -0.874 0. 6.719 0. 0. 1. 0.
-0.875 0.484 0. 437.549 -0.484 -0.875 0. 5.608 0. 0. 1. 0.
-0.877 0.481 0. 435.443 -0.481 -0.877 0. 4.542 0. 0. 1. 0.
-0.878 0.479 0. 433.309 -0.479 -0.878 0. 3.405 0. 0. 1. 0.
-0.881 0.474 0. 431.134 -0.474 -0.881 0. 2.264 0. 0. 1. 0.
-0.882 0.471 0. 428.907 -0.471 -0.882 0. 1.113 0. 0. 1. 0.
-0.885 0.466 0. 426.693 -0.466 -0.885 0. -0.061 0. 0. 1. 0.
-0.887 0.462 0. 424.388 -0.462 -0.887 0. -1.214 0. 0. 1. 0.
-0.888 0.460 0. 422.107 -0.460 -0.888 0. -2.361 0. 0. 1. 0.
-0.888 0.459 0. 419.825 -0.459 -0.888 0. -3.520 0. 0. 1. 0.
-0.889 0.458 0. 417.513 -0.458 -0.889 0. -4.656 0. 0. 1. 0.
-0.890 0.457 0. 415.254 -0.457 -0.890 0. -5.792 0. 0. 1. 0.
-0.890 0.455 0. 412.935 -0.455 -0.890 0. -6.918 0. 0. 1. 0.
-0.892 0.453 0. 410.653 -0.453 -0.892 0. -8.048 0. 0. 1. 0.
-0.892 0.452 0. 408.358 -0.452 -0.892 0. -9.157 0. 0. 1. 0.
-0.892 0.451 0. 406.069 -0.451 -0.892 0. -10.307 0. 0. 1. 0.
-0.893 0.450 0. 403.755 -0.450 -0.893 0. -11.495 0. 0. 1. 0.
-0.893 0.450 0. 401.394 -0.450 -0.893 0. -12.627 0. 0. 1. 0.
-0.893 0.450 0. 399.082 -0.450 -0.893 0. -13.766 0. 0. 1. 0.
-0.893 0.450 0. 396.732 -0.450 -0.893 0. -14.906 0. 0. 1. 0.
-0.893 0.449 0. 394.431 -0.449 -0.893 0. -15.980 0. 0. 1. 0.
-0.894 0.448 0. 392.127 -0.448 -0.894 0. -17.152 0. 0. 1. 0.
-0.894 0.448 0. 389.852 -0.448 -0.894 0. -18.294 0. 0. 1. 0.
-0.896 0.444 0. 387.507 -0.444 -0.896 0. -19.409 0. 0. 1. 0.
-0.897 0.442 0. 385.142 -0.442 -0.897 0. -20.518 0. 0. 1. 0.
-0.897 0.442 0. 382.840 -0.442 -0.897 0. -21.643 0. 0. 1. 0.
-0.898 0.440 0. 380.548 -0.440 -0.898 0. -22.764 0. 0. 1. 0.
-0.899 0.438 0. 378.224 -0.438 -0.899 0. -23.798 0. 0. 1. 0.
-0.902 0.433 0. 375.942 -0.433 -0.902 0. -24.862 0. 0. 1. 0.
-0.905 0.426 0. 373.681 -0.426 -0.905 0. -25.921 0. 0. 1. 0.
-0.909 0.417 0. 371.378 -0.417 -0.909 0. -26.911 0. 0. 1. 0.
-0.912 0.410 0. 369.092 -0.410 -0.912 0. -27.882 0. 0. 1. 0.
-0.916 0.402 0. 366.787 -0.402 -0.916 0. -28.837 0. 0. 1. 0.
-0.919 0.394 0. 364.450 -0.394 -0.919 0. -29.770 0. 0. 1. 0.
-0.922 0.387 0. 362.122 -0.387 -0.922 0. -30.705 0. 0. 1. 0.
-0.925 0.380 0. 359.782 -0.380 -0.925 0. -31.601 0. 0. 1. 0.
-0.929 0.371 0. 357.458 -0.371 -0.929 0. -32.522 0. 0. 1. 0.
-0.933 0.360 0. 355.101 -0.360 -0.933 0. -33.388 0. 0. 1. 0.
-0.936 0.352 0. 352.748 -0.352 -0.936 0. -34.228 0. 0. 1. 0.
-0.939 0.343 0. 350.402 -0.343 -0.939 0. -35.052 0. 0. 1. 0.
-0.941 0.338 0. 348.052 -0.338 -0.941 0. -35.858 0. 0. 1. 0.
-0.942 0.335 0. 345.694 -0.335 -0.942 0. -36.557 0. 0. 1. 0.
-0.942 0.334 0. 343.355 -0.334 -0.942 0. -37.303 0. 0. 1. 0.
-0.942 0.336 0. 340.985 -0.336 -0.942 0. -38.110 0. 0. 1. 0.
-0.942 0.336 0. 338.672 -0.336 -0.942 0. -38.958 0. 0. 1. 0.
-0.941 0.338 0. 336.306 -0.338 -0.941 0. -39.788 0. 0. 1. 0.
-0.940 0.341 0. 333.978 -0.341 -0.940 0. -40.582 0. 0. 1. 0.
-0.938 0.346 0. 331.667 -0.346 -0.938 0. -41.411 0. 0. 1. 0.
-0.936 0.352 0. 329.371 -0.352 -0.936 0. -42.245 0. 0. 1. 0.
-0.935 0.355 0. 327.034 -0.355 -0.935 0. -43.069 0. 0. 1. 0.
-0.932 0.362 0. 324.711 -0.362 -0.932 0. -43.910 0. 0. 1. 0.
-0.931 0.365 0. 322.374 -0.365 -0.931 0. -44.785 0. 0. 1. 0.
-0.929 0.370 0. 320.011 -0.370 -0.929 0. -45.674 0. 0. 1. 0.
-0.928 0.374 0. 317.675 -0.374 -0.928 0. -46.597 0. 0. 1. 0.
-0.926 0.378 0. 315.315 -0.378 -0.926 0. -47.494 0. 0. 1. 0.
-0.924 0.382 0. 312.979 -0.382 -0.924 0. -48.398 0. 0. 1. 0.
-0.923 0.385 0. 310.583 -0.385 -0.923 0. -49.331 0. 0. 1. 0.
-0.922 0.386 0. 308.167 -0.386 -0.922 0. -50.296 0. 0. 1. 0.
-0.922 0.387 0. 305.869 -0.387 -0.922 0. -51.270 0. 0. 1. 0.
-0.922 0.386 0. 303.512 -0.386 -0.922 0. -52.228 0. 0. 1. 0.
-0.921 0.388 0. 301.119 -0.388 -0.921 0. -53.165 0. 0. 1. 0.
-0.922 0.387 0. 298.797 -0.387 -0.922 0. -54.142 0. 0. 1. 0.
-0.920 0.391 0. 296.467 -0.391 -0.920 0. -55.084 0. 0. 1. 0.
-0.919 0.394 0. 294.143 -0.394 -0.919 0. -56.028 0. 0. 1. 0.
-0.919 0.395 0. 291.827 -0.395 -0.919 0. -56.912 0. 0. 1. 0.
-0.916 0.401 0. 289.582 -0.401 -0.916 0. -57.886 0. 0. 1. 0.
-0.916 0.400 0. 287.247 -0.400 -0.916 0. -58.821 0. 0. 1. 0.
-0.916 0.402 0. 284.886 -0.402 -0.916 0. -59.706 0. 0. 1. 0.
-0.916 0.401 0. 282.688 -0.401 -0.916 0. -60.609 0. 0. 1. 0.
-0.915 0.404 0. 280.373 -0.404 -0.915 0. -61.646 0. 0. 1. 0.
-0.913 0.408 0. 278.115 -0.408 -0.913 0. -62.716 0. 0. 1. 0.
-0.913 0.409 0. 275.856 -0.409 -0.913 0. -63.657 0. 0. 1. 0.
-0.912 0.410 0. 273.596 -0.410 -0.912 0. -64.595 0. 0. 1. 0.
-0.912 0.411 0. 271.291 -0.411 -0.912 0. -65.533 0. 0. 1. 0.
-0.911 0.413 0. 269.008 -0.413 -0.911 0. -66.513 0. 0. 1. 0.
-0.911 0.412 0. 266.742 -0.412 -0.911 0. -67.516 0. 0. 1. 0.
-0.911 0.412 0. 264.447 -0.412 -0.911 0. -68.492 0. 0. 1. 0.
-0.912 0.411 0. 262.160 -0.411 -0.912 0. -69.473 0. 0. 1. 0.
-0.912 0.409 0. 259.895 -0.409 -0.912 0. -70.439 0. 0. 1. 0.
-0.913 0.408 0. 257.577 -0.408 -0.913 0. -71.403 0. 0. 1. 0.
-0.913 0.408 0. 255.282 -0.408 -0.913 0. -72.393 0. 0. 1. 0.
-0.914 0.406 0. 252.965 -0.406 -0.914 0. -73.410 0. 0. 1. 0.
-0.913 0.407 0. 250.632 -0.407 -0.913 0. -74.382 0. 0. 1. 0.
-0.913 0.408 0. 248.314 -0.408 -0.913 0. -75.398 0. 0. 1. 0.
-0.914 0.407 0. 245.992 -0.407 -0.914 0. -76.390 0. 0. 1. 0.
-0.912 0.409 0. 243.698 -0.409 -0.912 0. -77.409 0. 0. 1. 0.
-0.911 0.413 0. 241.386 -0.413 -0.911 0. -78.432 0. 0. 1. 0.
-0.909 0.417 0. 239.099 -0.417 -0.909 0. -79.405 0. 0. 1. 0.
-0.908 0.419 0. 236.822 -0.419 -0.908 0. -80.429 0. 0. 1. 0.
-0.907 0.420 0. 234.486 -0.420 -0.907 0. -81.474 0. 0. 1. 0.
-0.907 0.420 0. 232.179 -0.420 -0.907 0. -82.519 0. 0. 1. 0.
-0.907 0.421 0. 229.870 -0.421 -0.907 0. -83.522 0. 0. 1. 0.
-0.907 0.421 0. 227.533 -0.421 -0.907 0. -84.587 0. 0. 1. 0.
-0.907 0.421 0. 225.144 -0.421 -0.907 0. -85.603 0. 0. 1. 0.
-0.907 0.420 0. 222.772 -0.420 -0.907 0. -86.654 0. 0. 1. 0.
-0.907 0.421 0. 220.408 -0.421 -0.907 0. -87.779 0. 0. 1. 0.
-0.907 0.420 0. 218.033 -0.420 -0.907 0. -88.782 0. 0. 1. 0.
-0.908 0.419 0. 215.620 -0.419 -0.908 0. -89.838 0. 0. 1. 0.
-0.909 0.418 0. 213.194 -0.418 -0.909 0. -90.970 0. 0. 1. 0.
-0.909 0.418 0. 210.747 -0.418 -0.909 0. -92.062 0. 0. 1. 0.
-0.909 0.417 0. 208.325 -0.417 -0.909 0. -93.125 0. 0. 1. 0.
-0.909 0.417 0. 205.841 -0.417 -0.909 0. -94.159 0. 0. 1. 0.
-0.910 0.416 0. 203.434 -0.416 -0.910 0. -95.220 0. 0. 1. 0.
-0.910 0.415 0. 200.960 -0.415 -0.910 0. -96.295 0. 0. 1. 0.
-0.910 0.414 0. 198.525 -0.414 -0.910 0. -97.388 0. 0. 1. 0.
-0.910 0.415 0. 196.112 -0.415 -0.910 0. -98.461 0. 0. 1. 0.
-0.910 0.415 0. 193.653 -0.415 -0.910 0. -99.535 0. 0. 1. 0.
-0.910 0.414 0. 191.195 -0.414 -0.910 0. -100.557 0. 0. 1. 0.
-0.909 0.417 0. 188.808 -0.417 -0.909 0. -101.669 0. 0. 1. 0.
-0.909 0.416 0. 186.323 -0.416 -0.909 0. -102.785 0. 0. 1. 0.
-0.909 0.416 0. 183.871 -0.416 -0.909 0. -103.866 0. 0. 1. 0.
-0.910 0.415 0. 181.409 -0.415 -0.910 0. -104.959 0. 0. 1. 0.
-0.909 0.417 0. 178.924 -0.417 -0.909 0. -105.959 0. 0. 1. 0.
-0.910 0.415 0. 176.480 -0.415 -0.910 0. -107.096 0. 0. 1. 0.
-0.912 0.409 0. 173.966 -0.409 -0.912 0. -108.123 0. 0. 1. 0.
-0.913 0.407 0. 171.490 -0.407 -0.913 0. -109.155 0. 0. 1. 0.
-0.914 0.405 0. 168.971 -0.405 -0.914 0. -110.207 0. 0. 1. 0.
-0.916 0.401 0. 166.465 -0.401 -0.916 0. -111.261 0. 0. 1. 0.
-0.918 0.396 0. 163.974 -0.396 -0.918 0. -112.338 0. 0. 1. 0.
-0.920 0.393 0. 161.399 -0.393 -0.920 0. -113.288 0. 0. 1. 0.
-0.921 0.389 0. 158.905 -0.389 -0.921 0. -114.353 0. 0. 1. 0.
-0.922 0.387 0. 156.399 -0.387 -0.922 0. -115.358 0. 0. 1. 0.
-0.923 0.385 0. 153.811 -0.385 -0.923 0. -116.378 0. 0. 1. 0.
-0.924 0.383 0. 151.312 -0.383 -0.924 0. -117.366 0. 0. 1. 0.
-0.925 0.381 0. 148.804 -0.381 -0.925 0. -118.382 0. 0. 1. 0.
-0.925 0.380 0. 146.216 -0.380 -0.925 0. -119.284 0. 0. 1. 0.
-0.926 0.378 0. 143.737 -0.378 -0.926 0. -120.281 0. 0. 1. 0.
-0.927 0.376 0. 141.195 -0.376 -0.927 0. -121.242 0. 0. 1. 0.
-0.927 0.375 0. 138.632 -0.375 -0.927 0. -122.140 0. 0. 1. 0.
-0.927 0.375 0. 136.148 -0.375 -0.927 0. -123.107 0. 0. 1. 0.
-0.928 0.372 0. 133.594 -0.372 -0.928 0. -124.064 0. 0. 1. 0.
-0.929 0.371 0. 131.103 -0.371 -0.929 0. -124.954 0. 0. 1. 0.
-0.930 0.368 0. 128.581 -0.368 -0.930 0. -125.914 0. 0. 1. 0.
-0.930 0.367 0. 126.072 -0.367 -0.930 0. -126.841 0. 0. 1. 0.
-0.930 0.367 0. 123.677 -0.367 -0.930 0. -127.750 0. 0. 1. 0.
-0.931 0.366 0. 121.491 -0.366 -0.931 0. -128.588 0. 0. 1. 0.
-0.931 0.366 0. 119.448 -0.366 -0.931 0. -129.373 0. 0. 1. 0.
-0.931 0.365 0. 117.589 -0.365 -0.931 0. -130.064 0. 0. 1. 0.
-0.931 0.366 0. 115.948 -0.366 -0.931 0. -130.651 0. 0. 1. 0.
-0.931 0.366 0. 114.521 -0.366 -0.931 0. -131.184 0. 0. 1. 0.
-0.931 0.365 0. 113.352 -0.365 -0.931 0. -131.623 0. 0. 1. 0.
-0.931 0.364 0. 112.394 -0.364 -0.931 0. -131.962 0. 0. 1. 0.
-0.932 0.363 0. 111.668 -0.363 -0.932 0. -132.295 0. 0. 1. 0.
-0.932 0.362 0. 111.021 -0.362 -0.932 0. -132.488 0. 0. 1. 0.
-0.933 0.361 0. 110.549 -0.361 -0.933 0. -132.634 0. 0. 1. 0.
-0.932 0.361 0. 110.116 -0.361 -0.932 0. -132.801 0. 0. 1. 0.
-0.933 0.361 0. 109.822 -0.361 -0.933 0. -132.937 0. 0. 1. 0.
-0.933 0.360 0. 109.557 -0.360 -0.933 0. -132.986 0. 0. 1. 0.
-0.933 0.359 0. 109.411 -0.359 -0.933 0. -133.061 0. 0. 1. 0.
-0.933 0.360 0. 109.233 -0.360 -0.933 0. -133.108 0. 0. 1. 0.
-0.933 0.359 0. 109.165 -0.359 -0.933 0. -133.127 0. 0. 1. 0.
-0.933 0.360 0. 109.107 -0.360 -0.933 0. -133.148 0. 0. 1. 0.
-0.933 0.359 0. 109.080 -0.359 -0.933 0. -133.153 0. 0. 1. 0.
-0.933 0.359 0. 109.078 -0.359 -0.933 0. -133.137 0. 0. 1. 0.
-0.933 0.359 0. 109.093 -0.359 -0.933 0. -133.136 0. 0. 1. 0.
-0.933 0.359 0. 109.080 -0.359 -0.933 0. -133.132 0. 0. 1. 0.
-0.933 0.359 0. 109.083 -0.359 -0.933 0. -133.136 0. 0. 1. 0.
-0.933 0.359 0. 109.073 -0.359 -0.933 0. -133.132 0. 0. 1. 0.
-0.933 0.359 0. 109.078 -0.359 -0.933 0. -133.121 0. 0. 1. 0.
-0.933 0.359 0. 109.091 -0.359 -0.933 0. -133.129 0. 0. 1. 0.
-0.933 0.359 0. 109.080 -0.359 -0.933 0. -133.134 0. 0. 1. 0.
-0.933 0.360 0. 109.078 -0.360 -0.933 0. -133.133 0. 0. 1. 0.
-0.933 0.359 0. 109.084 -0.359 -0.933 0. -133.124 0. 0. 1. 0.
-0.933 0.359 0. 109.079 -0.359 -0.933 0. -133.138 0. 0. 1. 0.
-0.933 0.359 0. 109.088 -0.359 -0.933 0. -133.140 0. 0. 1. 0.
-0.933 0.359 0. 109.087 -0.359 -0.933 0. -133.132 0. 0. 1. 0.
-0.933 0.359 0. 109.078 -0.359 -0.933 0. -133.147 0. 0. 1. 0.
-0.933 0.359 0. 109.079 -0.359 -0.933 0. -133.134 0. 0. 1. 0.
-0.933 0.359 0. 109.090 -0.359 -0.933 0. -133.140 0. 0. 1. 0.
-0.933 0.359 0. 109.085 -0.359 -0.933 0. -133.133 0. 0. 1. 0.
-0.933 0.359 0. 109.076 -0.359 -0.933 0. -133.137 0. 0. 1. 0.
-0.933 0.359 0. 109.078 -0.359 -0.933 0. -133.136 0. 0. 1. 0.
-0.933 0.359 0. 109.080 -0.359 -0.933 0. -133.138 0. 0. 1. 0.
-0.933 0.359 0. 109.079 -0.359 -0.933 0. -133.140 0. 0. 1. 0.
-0.933 0.359 0. 109.083 -0.359 -0.933 0. -133.135 0. 0. 1. 0.
-0.933 0.359 0. 109.090 -0.359 -0.933 0. -133.136 0. 0. 1. 0.
-0.933 0.359 0. 109.084 -0.359 -0.933 0. -133.138 0. 0. 1. 0.
-0.933 0.359 0. 109.080 -0.359 -0.933 0. -133.144 0. 0. 1. 0.
-0.933 0.359 0. 109.080 -0.359 -0.933 0. -133.133 0. 0. 1. 0.
-0.933 0.359 0. 109.096 -0.359 -0.933 0. -133.142 0. 0. 1. 0.
-0.933 0.359 0. 109.087 -0.359 -0.933 0. -133.138 0. 0. 1. 0.
-0.933 0.359 0. 109.084 -0.359 -0.933 0. -133.136 0. 0. 1. 0.
-0.933 0.359 0. 109.071 -0.359 -0.933 0. -133.145 0. 0. 1. 0.
-0.933 0.360 0. 109.081 -0.360 -0.933 0. -133.146 0. 0. 1. 0.
-0.933 0.359 0. 109.092 -0.359 -0.933 0. -133.144 0. 0. 1. 0.
-0.933 0.359 0. 109.084 -0.359 -0.933 0. -133.127 0. 0. 1. 0.
-0.933 0.360 0. 109.090 -0.360 -0.933 0. -133.131 0. 0. 1. 0.
-0.933 0.360 0. 109.087 -0.360 -0.933 0. -133.138 0. 0. 1. 0.
-0.933 0.359 0. 109.087 -0.359 -0.933 0. -133.138 0. 0. 1. 0.
-0.933 0.359 0. 109.083 -0.359 -0.933 0. -133.138 0. 0. 1. 0.
-0.933 0.360 0. 109.089 -0.360 -0.933 0. -133.141 0. 0. 1. 0.
-0.933 0.359 0. 109.096 -0.359 -0.933 0. -133.144 0. 0. 1. 0.
-0.933 0.359 0. 109.086 -0.359 -0.933 0. -133.140 0. 0. 1. 0.
-0.933 0.359 0. 109.082 -0.359 -0.933 0. -133.144 0. 0. 1. 0.
-0.933 0.359 0. 109.083 -0.359 -0.933 0. -133.147 0. 0. 1. 0.
-0.933 0.359 0. 109.090 -0.359 -0.933 0. -133.136 0. 0. 1. 0.
-0.933 0.359 0. 109.079 -0.359 -0.933 0. -133.138 0. 0. 1. 0.
-0.933 0.360 0. 109.084 -0.360 -0.933 0. -133.140 0. 0. 1. 0.
-0.933 0.359 0. 109.084 -0.359 -0.933 0. -133.148 0. 0. 1. 0.
-0.933 0.359 0. 109.089 -0.359 -0.933 0. -133.146 0. 0. 1. 0.
-0.933 0.359 0. 109.098 -0.359 -0.933 0. -133.148 0. 0. 1. 0.
-0.933 0.359 0. 109.097 -0.359 -0.933 0. -133.146 0. 0. 1. 0.
-0.933 0.359 0. 109.090 -0.359 -0.933 0. -133.139 0. 0. 1. 0.
-0.933 0.359 0. 109.087 -0.359 -0.933 0. -133.138 0. 0. 1. 0.
-0.933 0.359 0. 109.083 -0.359 -0.933 0. -133.138 0. 0. 1. 0.
-0.933 0.359 0. 109.083 -0.359 -0.933 0. -133.131 0. 0. 1. 0.
-0.933 0.359 0. 109.085 -0.359 -0.933 0. -133.141 0. 0. 1. 0.
-0.933 0.360 0. 109.091 -0.360 -0.933 0. -133.145 0. 0. 1. 0.
-0.933 0.359 0. 109.077 -0.359 -0.933 0. -133.126 0. 0. 1. 0.
-0.933 0.359 0. 109.073 -0.359 -0.933 0. -133.132 0. 0. 1. 0.
-0.933 0.359 0. 109.080 -0.359 -0.933 0. -133.145 0. 0. 1. 0.
-0.933 0.359 0. 109.066 -0.359 -0.933 0. -133.143 0. 0. 1. 0.
-0.933 0.359 0. 109.083 -0.359 -0.933 0. -133.139 0. 0. 1. 0.
-0.933 0.359 0. 109.083 -0.359 -0.933 0. -133.137 0. 0. 1. 0.
-0.933 0.359 0. 109.077 -0.359 -0.933 0. -133.136 0. 0. 1. 0.
-0.933 0.359 0. 109.089 -0.359 -0.933 0. -133.137 0. 0. 1. 0.
-0.933 0.359 0. 109.072 -0.359 -0.933 0. -133.135 0. 0. 1. 0.
-0.933 0.359 0. 109.089 -0.359 -0.933 0. -133.148 0. 0. 1. 0.
-0.933 0.359 0. 109.078 -0.359 -0.933 0. -133.140 0. 0. 1. 0.
-0.933 0.359 0. 109.084 -0.359 -0.933 0. -133.137 0. 0. 1. 0.
-0.933 0.359 0. 109.089 -0.359 -0.933 0. -133.140 0. 0. 1. 0.
-0.933 0.359 0. 109.084 -0.359 -0.933 0. -133.142 0. 0. 1. 0.
-0.933 0.359 0. 109.090 -0.359 -0.933 0. -133.144 0. 0. 1. 0.
-0.933 0.359 0. 109.095 -0.359 -0.933 0. -133.138 0. 0. 1. 0.
-0.933 0.359 0. 109.078 -0.359 -0.933 0. -133.142 0. 0. 1. 0.
-0.933 0.359 0. 109.083 -0.359 -0.933 0. -133.145 0. 0. 1. 0.
-0.933 0.360 0. 109.092 -0.360 -0.933 0. -133.140 0. 0. 1. 0.
-0.933 0.360 0. 109.090 -0.360 -0.933 0. -133.141 0. 0. 1. 0.
-0.933 0.360 0. 109.094 -0.360 -0.933 0. -133.141 0. 0. 1. 0.
-0.933 0.359 0. 109.076 -0.359 -0.933 0. -133.135 0. 0. 1. 0.
-0.933 0.359 0. 109.081 -0.359 -0.933 0. -133.141 0. 0. 1. 0.
-0.933 0.359 0. 109.096 -0.359 -0.933 0. -133.140 0. 0. 1. 0.
-0.933 0.359 0. 109.085 -0.359 -0.933 0. -133.127 0. 0. 1. 0.
-0.933 0.359 0. 109.088 -0.359 -0.933 0. -133.132 0. 0. 1. 0.
-0.933 0.359 0. 109.085 -0.359 -0.933 0. -133.134 0. 0. 1. 0.
-0.933 0.359 0. 109.083 -0.359 -0.933 0. -133.139 0. 0. 1. 0.
-0.933 0.359 0. 109.086 -0.359 -0.933 0. -133.145 0. 0. 1. 0.
-0.933 0.359 0. 109.075 -0.359 -0.933 0. -133.146 0. 0. 1. 0.
-0.933 0.359 0. 109.074 -0.359 -0.933 0. -133.128 0. 0. 1. 0.
-0.933 0.359 0. 109.084 -0.359 -0.933 0. -133.131 0. 0. 1. 0.
-0.933 0.359 0. 109.079 -0.359 -0.933 0. -133.149 0. 0. 1. 0.
-0.933 0.359 0. 109.078 -0.359 -0.933 0. -133.140 0. 0. 1. 0.
-0.933 0.359 0. 109.081 -0.359 -0.933 0. -133.138 0. 0. 1. 0.
-0.933 0.359 0. 109.089 -0.359 -0.933 0. -133.142 0. 0. 1. 0.
-0.933 0.359 0. 109.079 -0.359 -0.933 0. -133.135 0. 0. 1. 0.
-0.933 0.360 0. 109.093 -0.360 -0.933 0. -133.144 0. 0. 1. 0.
-0.933 0.359 0. 109.094 -0.359 -0.933 0. -133.137 0. 0. 1. 0.
-0.933 0.359 0. 109.091 -0.359 -0.933 0. -133.138 0. 0. 1. 0.
-0.933 0.359 0. 109.088 -0.359 -0.933 0. -133.144 0. 0. 1. 0.
-0.933 0.359 0. 109.086 -0.359 -0.933 0. -133.145 0. 0. 1. 0.
-0.933 0.359 0. 109.086 -0.359 -0.933 0. -133.147 0. 0. 1. 0.
-0.933 0.359 0. 109.089 -0.359 -0.933 0. -133.146 0. 0. 1. 0.
-0.933 0.359 0. 109.082 -0.359 -0.933 0. -133.145 0. 0. 1. 0.
-0.933 0.359 0. 109.079 -0.359 -0.933 0. -133.139 0. 0. 1. 0.
-0.933 0.359 0. 109.081 -0.359 -0.933 0. -133.142 0. 0. 1. 0.
-0.933 0.359 0. 109.075 -0.359 -0.933 0. -133.132 0. 0. 1. 0.
-0.933 0.359 0. 109.094 -0.359 -0.933 0. -133.139 0. 0. 1. 0.
-0.933 0.359 0. 109.096 -0.359 -0.933 0. -133.137 0. 0. 1. 0.
-0.933 0.359 0. 109.094 -0.359 -0.933 0. -133.146 0. 0. 1. 0.
-0.933 0.359 0. 109.089 -0.359 -0.933 0. -133.129 0. 0. 1. 0.
-0.933 0.359 0. 109.085 -0.359 -0.933 0. -133.137 0. 0. 1. 0.
-0.933 0.359 0. 109.085 -0.359 -0.933 0. -133.138 0. 0. 1. 0.
-0.933 0.359 0. 109.080 -0.359 -0.933 0. -133.139 0. 0. 1. 0.
-0.933 0.359 0. 109.080 -0.359 -0.933 0. -133.144 0. 0. 1. 0.
-0.933 0.359 0. 109.078 -0.359 -0.933 0. -133.132 0. 0. 1. 0.
-0.933 0.359 0. 109.074 -0.359 -0.933 0. -133.138 0. 0. 1. 0.
-0.933 0.360 0. 109.079 -0.360 -0.933 0. -133.138 0. 0. 1. 0.
-0.933 0.359 0. 109.082 -0.359 -0.933 0. -133.139 0. 0. 1. 0.
-0.933 0.359 0. 109.079 -0.359 -0.933 0. -133.133 0. 0. 1. 0.
-0.933 0.360 0. 109.085 -0.360 -0.933 0. -133.147 0. 0. 1. 0.
-0.933 0.360 0. 109.085 -0.360 -0.933 0. -133.147 0. 0. 1. 0.
-0.933 0.360 0. 109.083 -0.360 -0.933 0. -133.143 0. 0. 1. 0.
-0.933 0.360 0. 109.070 -0.360 -0.933 0. -133.147 0. 0. 1. 0.
-0.933 0.360 0. 109.076 -0.360 -0.933 0. -133.137 0. 0. 1. 0.
-0.933 0.359 0. 109.078 -0.359 -0.933 0. -133.136 0. 0. 1. 0.
-0.933 0.359 0. 109.082 -0.359 -0.933 0. -133.139 0. 0. 1. 0.
-0.933 0.359 0. 109.085 -0.359 -0.933 0. -133.138 0. 0. 1. 0.
-0.933 0.359 0. 109.091 -0.359 -0.933 0. -133.142 0. 0. 1. 0.
-0.933 0.359 0. 109.077 -0.359 -0.933 0. -133.137 0. 0. 1. 0.
-0.933 0.360 0. 109.083 -0.360 -0.933 0. -133.150 0. 0. 1. 0.
-0.933 0.359 0. 109.080 -0.359 -0.933 0. -133.140 0. 0. 1. 0.
-0.933 0.359 0. 109.092 -0.359 -0.933 0. -133.131 0. 0. 1. 0.
-0.933 0.359 0. 109.079 -0.359 -0.933 0. -133.140 0. 0. 1. 0.
-0.933 0.359 0. 109.084 -0.359 -0.933 0. -133.134 0. 0. 1. 0.
-0.933 0.360 0. 109.076 -0.360 -0.933 0. -133.152 0. 0. 1. 0.
-0.933 0.359 0. 109.069 -0.359 -0.933 0. -133.139 0. 0. 1. 0.
-0.933 0.359 0. 109.072 -0.359 -0.933 0. -133.147 0. 0. 1. 0.
-0.933 0.359 0. 109.055 -0.359 -0.933 0. -133.155 0. 0. 1. 0.
-0.933 0.359 0. 109.069 -0.359 -0.933 0. -133.143 0. 0. 1. 0.
-0.933 0.359 0. 109.067 -0.359 -0.933 0. -133.136 0. 0. 1. 0.
-0.933 0.359 0. 109.059 -0.359 -0.933 0. -133.152 0. 0. 1. 0.
-0.933 0.359 0. 109.074 -0.359 -0.933 0. -133.146 0. 0. 1. 0.
-0.933 0.359 0. 109.055 -0.359 -0.933 0. -133.155 0. 0. 1. 0.
-0.933 0.359 0. 109.054 -0.359 -0.933 0. -133.150 0. 0. 1. 0.
-0.933 0.359 0. 109.040 -0.359 -0.933 0. -133.137 0. 0. 1. 0.
-0.933 0.360 0. 109.057 -0.360 -0.933 0. -133.155 0. 0. 1. 0.
-0.933 0.360 0. 109.063 -0.360 -0.933 0. -133.162 0. 0. 1. 0.
-0.933 0.359 0. 109.046 -0.359 -0.933 0. -133.155 0. 0. 1. 0.
-0.933 0.360 0. 109.066 -0.360 -0.933 0. -133.199 0. 0. 1. 0.
-0.933 0.359 0. 109.046 -0.359 -0.933 0. -133.153 0. 0. 1. 0.
-0.933 0.359 0. 109.057 -0.359 -0.933 0. -133.151 0. 0. 1. 0.
-0.934 0.358 0. 109.065 -0.358 -0.934 0. -133.138 0. 0. 1. 0.
-0.933 0.359 0. 109.047 -0.359 -0.933 0. -133.123 0. 0. 1. 0.
-0.934 0.358 0. 109.054 -0.358 -0.934 0. -133.116 0. 0. 1. 0.
-0.934 0.358 0. 109.040 -0.358 -0.934 0. -133.149 0. 0. 1. 0.
-0.934 0.358 0. 109.045 -0.358 -0.934 0. -133.132 0. 0. 1. 0.
-0.933 0.359 0. 109.041 -0.359 -0.933 0. -133.153 0. 0. 1. 0.
-0.933 0.359 0. 109.053 -0.359 -0.933 0. -133.148 0. 0. 1. 0.
-0.933 0.360 0. 109.061 -0.360 -0.933 0. -133.173 0. 0. 1. 0.
-0.933 0.360 0. 109.033 -0.360 -0.933 0. -133.185 0. 0. 1. 0.
-0.933 0.360 0. 109.057 -0.360 -0.933 0. -133.197 0. 0. 1. 0.
-0.933 0.360 0. 109.085 -0.360 -0.933 0. -133.165 0. 0. 1. 0.
-0.933 0.360 0. 109.096 -0.360 -0.933 0. -133.133 0. 0. 1. 0.
-0.933 0.360 0. 109.091 -0.360 -0.933 0. -133.121 0. 0. 1. 0.
-0.933 0.359 0. 109.087 -0.359 -0.933 0. -133.130 0. 0. 1. 0.
-0.933 0.359 0. 109.083 -0.359 -0.933 0. -133.134 0. 0. 1. 0.
-0.933 0.359 0. 109.080 -0.359 -0.933 0. -133.119 0. 0. 1. 0.
-0.933 0.359 0. 109.070 -0.359 -0.933 0. -133.124 0. 0. 1. 0.
-0.933 0.359 0. 109.072 -0.359 -0.933 0. -133.124 0. 0. 1. 0.
-0.933 0.359 0. 109.064 -0.359 -0.933 0. -133.130 0. 0. 1. 0.
-0.933 0.359 0. 109.077 -0.359 -0.933 0. -133.140 0. 0. 1. 0.
-0.933 0.359 0. 109.066 -0.359 -0.933 0. -133.125 0. 0. 1. 0.
-0.933 0.359 0. 109.076 -0.359 -0.933 0. -133.129 0. 0. 1. 0.
-0.933 0.360 0. 109.077 -0.360 -0.933 0. -133.137 0. 0. 1. 0.
-0.933 0.359 0. 109.076 -0.359 -0.933 0. -133.141 0. 0. 1. 0.
-0.933 0.359 0. 109.072 -0.359 -0.933 0. -133.144 0. 0. 1. 0.
-0.933 0.360 0. 109.048 -0.360 -0.933 0. -133.145 0. 0. 1. 0.
-0.933 0.359 0. 109.048 -0.359 -0.933 0. -133.147 0. 0. 1. 0.
-0.933 0.359 0. 109.054 -0.359 -0.933 0. -133.149 0. 0. 1. 0.
-0.933 0.360 0. 109.067 -0.360 -0.933 0. -133.152 0. 0. 1. 0.
-0.933 0.360 0. 109.061 -0.360 -0.933 0. -133.157 0. 0. 1. 0.
-0.933 0.360 0. 109.064 -0.360 -0.933 0. -133.157 0. 0. 1. 0.
-0.933 0.359 0. 109.065 -0.359 -0.933 0. -133.156 0. 0. 1. 0.
-0.933 0.359 0. 109.053 -0.359 -0.933 0. -133.163 0. 0. 1. 0.
-0.933 0.359 0. 109.065 -0.359 -0.933 0. -133.164 0. 0. 1. 0.
-0.933 0.359 0. 109.060 -0.359 -0.933 0. -133.161 0. 0. 1. 0.
-0.933 0.359 0. 109.082 -0.359 -0.933 0. -133.144 0. 0. 1. 0.
-0.933 0.359 0. 109.082 -0.359 -0.933 0. -133.152 0. 0. 1. 0.
-0.933 0.359 0. 109.093 -0.359 -0.933 0. -133.152 0. 0. 1. 0.
-0.933 0.359 0. 109.073 -0.359 -0.933 0. -133.136 0. 0. 1. 0.
-0.933 0.359 0. 109.069 -0.359 -0.933 0. -133.129 0. 0. 1. 0.
-0.933 0.360 0. 109.073 -0.360 -0.933 0. -133.138 0. 0. 1. 0.
-0.933 0.359 0. 109.063 -0.359 -0.933 0. -133.132 0. 0. 1. 0.
-0.933 0.359 0. 109.066 -0.359 -0.933 0. -133.144 0. 0. 1. 0.
-0.933 0.359 0. 109.065 -0.359 -0.933 0. -133.142 0. 0. 1. 0.
-0.933 0.359 0. 109.068 -0.359 -0.933 0. -133.137 0. 0. 1. 0.
-0.933 0.359 0. 109.078 -0.359 -0.933 0. -133.141 0. 0. 1. 0.
-0.933 0.359 0. 109.093 -0.359 -0.933 0. -133.145 0. 0. 1. 0.
-0.933 0.359 0. 109.064 -0.359 -0.933 0. -133.144 0. 0. 1. 0.
-0.933 0.359 0. 109.063 -0.359 -0.933 0. -133.147 0. 0. 1. 0.
-0.933 0.359 0. 109.079 -0.359 -0.933 0. -133.151 0. 0. 1. 0.
-0.933 0.359 0. 109.068 -0.359 -0.933 0. -133.142 0. 0. 1. 0.
-0.934 0.358 0. 109.067 -0.358 -0.934 0. -133.135 0. 0. 1. 0.
-0.933 0.359 0. 109.086 -0.359 -0.933 0. -133.157 0. 0. 1. 0.
-0.933 0.359 0. 109.067 -0.359 -0.933 0. -133.150 0. 0. 1. 0.
-0.933 0.359 0. 109.074 -0.359 -0.933 0. -133.127 0. 0. 1. 0.
-0.933 0.359 0. 109.074 -0.359 -0.933 0. -133.127 0. 0. 1. 0.
-0.933 0.359 0. 109.078 -0.359 -0.933 0. -133.138 0. 0. 1. 0.
-0.933 0.359 0. 109.078 -0.359 -0.933 0. -133.135 0. 0. 1. 0.
-0.933 0.359 0. 109.072 -0.359 -0.933 0. -133.138 0. 0. 1. 0.
-0.933 0.359 0. 109.081 -0.359 -0.933 0. -133.142 0. 0. 1. 0.
-0.933 0.359 0. 109.076 -0.359 -0.933 0. -133.141 0. 0. 1. 0.
-0.933 0.359 0. 109.095 -0.359 -0.933 0. -133.137 0. 0. 1. 0.
-0.933 0.359 0. 109.093 -0.359 -0.933 0. -133.135 0. 0. 1. 0.
-0.933 0.359 0. 109.091 -0.359 -0.933 0. -133.141 0. 0. 1. 0.
-0.933 0.359 0. 109.083 -0.359 -0.933 0. -133.141 0. 0. 1. 0.
-0.933 0.359 0. 109.089 -0.359 -0.933 0. -133.142 0. 0. 1. 0.
-0.933 0.359 0. 109.095 -0.359 -0.933 0. -133.139 0. 0. 1. 0.
-0.933 0.359 0. 109.081 -0.359 -0.933 0. -133.149 0. 0. 1. 0.
