1635866214305464 1.00000 0.00000 0.00000 -0.00000 0.00000 -1.00000 0.00000 0.00000 0.00000 -0.00000 -1.00000 0.00000
1635866214554723 1.00000 -0.00016 0.00000 0.00103 -0.00016 -1.00000 0.00000 0.00322 -0.00000 -0.00000 -1.00000 0.00000
1635866214803855 1.00000 -0.00018 0.00000 0.00823 -0.00018 -1.00000 0.00000 -0.00489 -0.00000 -0.00000 -1.00000 -0.00000
1635866215052690 1.00000 -0.00040 0.00000 0.00905 -0.00040 -1.00000 0.00000 0.00123 -0.00000 -0.00000 -1.00000 0.00000
1635866215302113 1.00000 -0.00068 -0.00000 0.00910 -0.00068 -1.00000 0.00000 -0.00288 -0.00000 -0.00000 -1.00000 -0.00000
1635866215551409 1.00000 -0.00061 0.00000 0.00705 -0.00061 -1.00000 0.00000 -0.00938 -0.00000 -0.00000 -1.00000 -0.00000
1635866215800623 1.00000 -0.00008 -0.00000 0.00876 -0.00008 -1.00000 0.00000 -0.00433 -0.00000 -0.00000 -1.00000 -0.00000
1635866216049532 1.00000 -0.00056 0.00000 0.01956 -0.00056 -1.00000 0.00000 -0.00063 -0.00000 -0.00000 -1.00000 -0.00000
1635866216298806 1.00000 -0.00057 0.00000 0.01091 -0.00057 -1.00000 0.00000 0.00505 -0.00000 -0.00000 -1.00000 0.00000
1635866216547867 1.00000 -0.00045 0.00000 0.01853 -0.00045 -1.00000 0.00000 -0.00664 -0.00000 -0.00000 -1.00000 -0.00000
1635866216797204 1.00000 -0.00035 0.00000 0.02259 -0.00035 -1.00000 0.00000 0.00481 -0.00000 -0.00000 -1.00000 0.00000
1635866217046669 1.00000 -0.00070 0.00000 0.01195 -0.00070 -1.00000 0.00000 0.00834 -0.00000 -0.00000 -1.00000 0.00000
1635866217295968 1.00000 -0.00049 0.00000 0.00918 -0.00049 -1.00000 0.00000 0.00463 -0.00000 -0.00000 -1.00000 0.00000
1635866217545233 1.00000 -0.00080 0.00000 0.01859 -0.00080 -1.00000 0.00000 0.00435 -0.00000 -0.00000 -1.00000 0.00000
1635866217794477 1.00000 -0.00055 0.00000 0.00226 -0.00055 -1.00000 0.00000 0.00979 -0.00000 -0.00000 -1.00000 0.00000
1635866218043462 1.00000 -0.00070 0.00000 -0.01753 -0.00070 -1.00000 0.00000 0.00229 -0.00000 -0.00000 -1.00000 0.00000
1635866218292459 1.00000 -0.00133 -0.00000 -0.04204 -0.00133 -1.00000 0.00000 0.00289 -0.00000 -0.00000 -1.00000 0.00000
1635866218541726 1.00000 -0.00184 0.00000 -0.09161 -0.00184 -1.00000 0.00000 0.01173 -0.00000 -0.00000 -1.00000 0.00000
1635866218790740 0.99999 -0.00372 0.00000 -0.14356 -0.00372 -0.99999 0.00000 0.01784 -0.00000 -0.00000 -1.00000 0.00000
1635866219040180 0.99995 -0.00977 0.00000 -0.24191 -0.00977 -0.99995 0.00000 -0.00319 -0.00000 -0.00000 -1.00000 -0.00000
1635866219289371 0.99979 -0.02054 0.00000 -0.40771 -0.02054 -0.99979 0.00000 -0.02119 -0.00000 -0.00000 -1.00000 -0.00000
1635866219538444 0.99937 -0.03540 0.00000 -0.64518 -0.03540 -0.99937 0.00000 -0.00740 -0.00000 -0.00000 -1.00000 -0.00000
1635866219787617 0.99821 -0.05984 -0.00000 -0.97897 -0.05984 -0.99821 0.00000 0.01830 -0.00000 -0.00000 -1.00000 0.00000
1635866220036696 0.99649 -0.08366 0.00000 -1.31827 -0.08366 -0.99649 0.00000 -0.02058 -0.00000 -0.00000 -1.00000 -0.00000
1635866220285727 0.99476 -0.10226 0.00000 -1.83544 -0.10226 -0.99476 0.00000 -0.01949 -0.00000 -0.00000 -1.00000 -0.00000
1635866220534899 0.99414 -0.10806 0.00000 -2.40938 -0.10806 -0.99414 0.00000 -0.03863 -0.00000 -0.00000 -1.00000 -0.00000
1635866220784136 0.99405 -0.10890 -0.00000 -3.08034 -0.10890 -0.99405 0.00000 0.01946 -0.00000 -0.00000 -1.00000 0.00000
1635866221033052 0.99435 -0.10613 0.00000 -3.89762 -0.10613 -0.99435 0.00000 0.02961 -0.00000 -0.00000 -1.00000 0.00000
1635866221281861 0.99408 -0.10864 0.00000 -4.66017 -0.10864 -0.99408 0.00000 -0.02775 -0.00000 -0.00000 -1.00000 -0.00000
1635866221531373 0.99450 -0.10473 -0.00000 -5.55373 -0.10473 -0.99450 0.00000 -0.05181 -0.00000 -0.00000 -1.00000 -0.00000
1635866221780462 0.99483 -0.10159 0.00000 -6.47607 -0.10159 -0.99483 0.00000 -0.05925 -0.00000 -0.00000 -1.00000 -0.00000
1635866222030009 0.99504 -0.09949 0.00000 -7.50090 -0.09949 -0.99504 0.00000 -0.03679 -0.00000 -0.00000 -1.00000 -0.00000
1635866222279027 0.99468 -0.10303 0.00000 -8.54026 -0.10303 -0.99468 0.00000 -0.06514 -0.00000 -0.00000 -1.00000 -0.00000
1635866222528047 0.99420 -0.10751 0.00000 -9.69843 -0.10751 -0.99420 0.00000 0.00553 -0.00000 -0.00000 -1.00000 0.00000
1635866222777493 0.99379 -0.11130 0.00000 -10.85925 -0.11130 -0.99379 0.00000 0.03920 -0.00000 -0.00000 -1.00000 0.00000
1635866223026710 0.99282 -0.11964 -0.00000 -12.04494 -0.11964 -0.99282 0.00000 0.17409 -0.00000 -0.00000 -1.00000 0.00000
1635866223276102 0.99158 -0.12951 0.00000 -13.23697 -0.12951 -0.99158 0.00000 0.30801 -0.00000 -0.00000 -1.00000 0.00000
1635866223525329 0.99032 -0.13878 0.00000 -14.56802 -0.13878 -0.99032 0.00000 0.43223 -0.00000 -0.00000 -1.00000 0.00000
1635866223774135 0.98958 -0.14397 -0.00000 -15.90786 -0.14397 -0.98958 0.00000 0.53064 -0.00000 -0.00000 -1.00000 0.00000
1635866224023219 0.98762 -0.15686 0.00000 -17.23121 -0.15686 -0.98762 0.00000 0.65801 -0.00000 -0.00000 -1.00000 0.00000
1635866224272603 0.98738 -0.15838 0.00000 -18.71838 -0.15838 -0.98738 0.00000 0.63258 -0.00000 -0.00000 -1.00000 0.00000
1635866224521680 0.98732 -0.15875 0.00000 -20.11430 -0.15875 -0.98732 0.00000 0.62424 -0.00000 -0.00000 -1.00000 0.00000
1635866224770399 0.98796 -0.15470 0.00000 -21.52918 -0.15470 -0.98796 0.00000 0.55924 -0.00000 -0.00000 -1.00000 0.00000
1635866225019896 0.98984 -0.14216 -0.00000 -23.04243 -0.14216 -0.98984 0.00000 0.14594 -0.00000 -0.00000 -1.00000 0.00000
1635866225269027 0.99261 -0.12134 0.00000 -24.59519 -0.12134 -0.99261 0.00000 -0.30723 -0.00000 -0.00000 -1.00000 -0.00000
1635866225518529 0.99458 -0.10398 -0.00000 -26.06806 -0.10398 -0.99458 0.00000 -0.72202 -0.00000 -0.00000 -1.00000 -0.00000
1635866225767698 0.99587 -0.09074 -0.00000 -27.51218 -0.09074 -0.99587 0.00000 -1.22365 -0.00000 -0.00000 -1.00000 -0.00000
1635866226016819 0.99709 -0.07620 0.00000 -28.90487 -0.07620 -0.99709 0.00000 -1.59037 -0.00000 -0.00000 -1.00000 -0.00000
1635866226266136 0.99809 -0.06176 0.00000 -30.31907 -0.06176 -0.99809 0.00000 -1.94433 -0.00000 -0.00000 -1.00000 -0.00000
1635866226515330 0.99878 -0.04944 0.00000 -31.73484 -0.04944 -0.99878 0.00000 -2.38708 -0.00000 -0.00000 -1.00000 -0.00000
1635866226764769 0.99897 -0.04529 0.00000 -33.22083 -0.04529 -0.99897 0.00000 -2.55369 -0.00000 -0.00000 -1.00000 -0.00000
1635866227013704 0.99910 -0.04250 0.00000 -34.66387 -0.04250 -0.99910 0.00000 -2.59358 -0.00000 -0.00000 -1.00000 -0.00000
1635866227262655 0.99914 -0.04155 0.00000 -36.24060 -0.04155 -0.99914 0.00000 -2.70690 -0.00000 -0.00000 -1.00000 -0.00000
1635866227512053 0.99948 -0.03236 0.00000 -37.87306 -0.03236 -0.99948 0.00000 -3.11090 -0.00000 -0.00000 -1.00000 -0.00000
1635866227760750 0.99974 -0.02266 -0.00000 -39.38270 -0.02266 -0.99974 0.00000 -3.42734 -0.00000 -0.00000 -1.00000 -0.00000
1635866228010288 0.99995 -0.01006 0.00000 -41.00924 -0.01006 -0.99995 0.00000 -3.94654 -0.00000 -0.00000 -1.00000 -0.00000
1635866228259251 0.99999 0.00324 -0.00000 -42.63046 0.00324 -0.99999 0.00000 -4.50239 0.00000 -0.00000 -1.00000 -0.00000
1635866228508346 0.99985 0.01725 0.00000 -44.23765 0.01725 -0.99985 0.00000 -5.07327 0.00000 -0.00000 -1.00000 -0.00000
1635866228757725 0.99960 0.02824 0.00000 -45.76100 0.02824 -0.99960 0.00000 -5.51765 0.00000 -0.00000 -1.00000 -0.00000
1635866229007122 0.99936 0.03581 0.00000 -47.39986 0.03581 -0.99936 0.00000 -5.96844 0.00000 -0.00000 -1.00000 -0.00000
1635866229256445 0.99942 0.03419 -0.00000 -49.16660 0.03419 -0.99942 0.00000 -5.89978 0.00000 -0.00000 -1.00000 -0.00000
1635866229505681 0.99929 0.03775 0.00000 -50.90592 0.03775 -0.99929 0.00000 -6.11017 0.00000 -0.00000 -1.00000 -0.00000
1635866229755371 0.99941 0.03446 0.00000 -52.72224 0.03446 -0.99941 0.00000 -5.95961 0.00000 -0.00000 -1.00000 -0.00000
1635866230004324 0.99932 0.03686 0.00000 -54.49982 0.03686 -0.99932 0.00000 -6.07252 0.00000 -0.00000 -1.00000 -0.00000
1635866230253289 0.99940 0.03470 0.00000 -56.36886 0.03470 -0.99940 0.00000 -6.03264 0.00000 -0.00000 -1.00000 -0.00000
1635866230502557 0.99952 0.03086 0.00000 -58.23653 0.03086 -0.99952 0.00000 -5.82683 0.00000 -0.00000 -1.00000 -0.00000
1635866230751621 0.99951 0.03139 -0.00000 -60.11975 0.03139 -0.99951 0.00000 -5.86936 0.00000 -0.00000 -1.00000 -0.00000
1635866231000488 0.99960 0.02831 0.00000 -62.05862 0.02831 -0.99960 0.00000 -5.72346 0.00000 -0.00000 -1.00000 -0.00000
1635866231249806 0.99949 0.03182 0.00000 -64.01842 0.03182 -0.99949 0.00000 -6.03565 0.00000 -0.00000 -1.00000 -0.00000
1635866231499255 0.99941 0.03438 0.00000 -66.02156 0.03438 -0.99941 0.00000 -6.25183 0.00000 -0.00000 -1.00000 -0.00000
1635866231748398 0.99954 0.03028 0.00000 -68.09654 0.03028 -0.99954 0.00000 -5.99969 0.00000 -0.00000 -1.00000 -0.00000
1635866231997458 0.99956 0.02972 0.00000 -70.08776 0.02972 -0.99956 0.00000 -5.91225 0.00000 -0.00000 -1.00000 -0.00000
1635866232246880 0.99961 0.02794 0.00000 -72.14596 0.02794 -0.99961 0.00000 -5.78589 0.00000 -0.00000 -1.00000 -0.00000
1635866232496095 0.99978 0.02095 -0.00000 -74.23309 0.02095 -0.99978 0.00000 -5.31065 0.00000 -0.00000 -1.00000 -0.00000
1635866232745387 0.99989 0.01482 -0.00000 -76.34441 0.01482 -0.99989 0.00000 -4.87387 0.00000 -0.00000 -1.00000 -0.00000
1635866232994647 0.99996 0.00863 0.00000 -78.40176 0.00863 -0.99996 0.00000 -4.38174 0.00000 -0.00000 -1.00000 -0.00000
1635866233244082 0.99999 -0.00383 -0.00000 -80.48700 -0.00383 -0.99999 0.00000 -3.40229 -0.00000 -0.00000 -1.00000 -0.00000
1635866233493350 0.99994 -0.01106 0.00000 -82.57632 -0.01106 -0.99994 0.00000 -2.82863 -0.00000 -0.00000 -1.00000 -0.00000
1635866233743098 0.99932 -0.03678 0.00000 -84.63066 -0.03678 -0.99932 0.00000 -0.70408 -0.00000 -0.00000 -1.00000 -0.00000
1635866233992125 0.99768 -0.06809 0.00000 -86.62435 -0.06809 -0.99768 0.00000 1.92562 -0.00000 -0.00000 -1.00000 0.00000
1635866234241378 0.99473 -0.10258 0.00000 -88.56776 -0.10258 -0.99473 0.00000 4.94519 -0.00000 -0.00000 -1.00000 0.00000
1635866234490758 0.99023 -0.13947 0.00000 -90.31812 -0.13947 -0.99023 0.00000 8.21610 -0.00000 -0.00000 -1.00000 0.00000
1635866234740304 0.98307 -0.18324 -0.00000 -91.86867 -0.18324 -0.98307 0.00000 12.23725 -0.00000 -0.00000 -1.00000 0.00000
1635866234989496 0.97188 -0.23548 -0.00000 -93.04592 -0.23548 -0.97188 0.00000 17.14951 -0.00000 -0.00000 -1.00000 0.00000
1635866235239001 0.95746 -0.28857 -0.00000 -93.89147 -0.28857 -0.95746 0.00000 22.20552 -0.00000 -0.00000 -1.00000 0.00000
1635866235488276 0.94245 -0.33434 0.00000 -94.68777 -0.33434 -0.94245 0.00000 26.65127 -0.00000 -0.00000 -1.00000 0.00000
1635866235737375 0.92208 -0.38699 0.00000 -94.95093 -0.38699 -0.92208 0.00000 31.99134 -0.00000 -0.00000 -1.00000 0.00000
1635866235986732 0.90008 -0.43572 0.00000 -95.04520 -0.43572 -0.90008 0.00000 37.02997 -0.00000 -0.00000 -1.00000 0.00000
1635866236235594 0.87567 -0.48290 0.00000 -94.83200 -0.48290 -0.87567 0.00000 42.05972 -0.00000 -0.00000 -1.00000 0.00000
1635866236484848 0.84641 -0.53253 0.00000 -94.18022 -0.53253 -0.84641 0.00000 47.46844 -0.00000 -0.00000 -1.00000 0.00000
1635866236733911 0.81128 -0.58466 -0.00000 -92.98580 -0.58466 -0.81128 0.00000 53.32512 -0.00000 -0.00000 -1.00000 0.00000
1635866236983634 0.77359 -0.63369 0.00000 -91.30145 -0.63369 -0.77359 0.00000 59.00227 -0.00000 -0.00000 -1.00000 0.00000
1635866237233051 0.72745 -0.68616 0.00000 -88.73234 -0.68616 -0.72745 0.00000 65.18253 -0.00000 -0.00000 -1.00000 0.00000
1635866237482645 0.67964 -0.73354 0.00000 -85.95290 -0.73354 -0.67964 0.00000 70.98893 -0.00000 -0.00000 -1.00000 0.00000
1635866237731918 0.63048 -0.77621 0.00000 -82.88814 -0.77621 -0.63048 0.00000 76.50787 -0.00000 -0.00000 -1.00000 0.00000
1635866237981128 0.58025 -0.81444 0.00000 -79.64167 -0.81444 -0.58025 0.00000 81.53610 -0.00000 -0.00000 -1.00000 0.00000
1635866238230128 0.53020 -0.84787 0.00000 -76.27383 -0.84787 -0.53020 0.00000 86.14248 -0.00000 -0.00000 -1.00000 0.00000
1635866238479239 0.48839 -0.87262 0.00000 -73.68702 -0.87262 -0.48839 0.00000 89.68106 -0.00000 -0.00000 -1.00000 0.00000
1635866238728557 0.45568 -0.89014 0.00000 -72.01939 -0.89014 -0.45568 0.00000 92.38711 -0.00000 -0.00000 -1.00000 0.00000
1635866238977937 0.41972 -0.90766 0.00000 -69.96499 -0.90766 -0.41972 0.00000 95.22642 -0.00000 -0.00000 -1.00000 0.00000
1635866239226999 0.38644 -0.92232 -0.00000 -68.09668 -0.92232 -0.38644 0.00000 97.66991 -0.00000 -0.00000 -1.00000 0.00000
1635866239476084 0.35666 -0.93424 0.00000 -66.58376 -0.93424 -0.35666 0.00000 99.78967 -0.00000 -0.00000 -1.00000 0.00000
1635866239725595 0.33805 -0.94113 0.00000 -66.27071 -0.94113 -0.33805 0.00000 101.10926 -0.00000 -0.00000 -1.00000 0.00000
1635866239974349 0.33582 -0.94193 0.00000 -67.65828 -0.94193 -0.33582 0.00000 101.19024 -0.00000 -0.00000 -1.00000 0.00000
1635866240223411 0.34992 -0.93678 0.00000 -70.83415 -0.93678 -0.34992 0.00000 100.11636 -0.00000 -0.00000 -1.00000 0.00000
1635866240472687 0.37208 -0.92820 -0.00000 -74.87898 -0.92820 -0.37208 0.00000 98.39019 -0.00000 -0.00000 -1.00000 0.00000
1635866240721492 0.39622 -0.91815 0.00000 -79.20949 -0.91815 -0.39622 0.00000 96.43326 -0.00000 -0.00000 -1.00000 0.00000
1635866240971029 0.41784 -0.90852 -0.00000 -83.26269 -0.90852 -0.41784 0.00000 94.52220 -0.00000 -0.00000 -1.00000 0.00000
1635866241220453 0.43756 -0.89919 -0.00000 -87.03630 -0.89919 -0.43756 0.00000 92.64436 -0.00000 -0.00000 -1.00000 0.00000
1635866241469715 0.45529 -0.89034 0.00000 -90.53820 -0.89034 -0.45529 0.00000 90.83465 -0.00000 -0.00000 -1.00000 0.00000
1635866241718983 0.47292 -0.88111 0.00000 -94.05537 -0.88111 -0.47292 0.00000 88.97016 -0.00000 -0.00000 -1.00000 0.00000
1635866241967741 0.49011 -0.87166 0.00000 -97.51164 -0.87166 -0.49011 0.00000 87.16741 -0.00000 -0.00000 -1.00000 0.00000
1635866242216823 0.50675 -0.86209 -0.00000 -100.86627 -0.86209 -0.50675 0.00000 85.25308 -0.00000 -0.00000 -1.00000 0.00000
1635866242466170 0.52399 -0.85172 -0.00000 -104.22110 -0.85172 -0.52399 0.00000 83.17907 -0.00000 -0.00000 -1.00000 0.00000
1635866242715645 0.53945 -0.84202 0.00000 -107.32792 -0.84202 -0.53945 0.00000 81.21760 -0.00000 -0.00000 -1.00000 0.00000
1635866242964545 0.55406 -0.83247 0.00000 -110.38788 -0.83247 -0.55406 0.00000 79.33229 -0.00000 -0.00000 -1.00000 0.00000
1635866243213638 0.57303 -0.81954 0.00000 -113.83792 -0.81954 -0.57303 0.00000 76.75593 -0.00000 -0.00000 -1.00000 0.00000
1635866243463162 0.59490 -0.80380 0.00000 -117.50469 -0.80380 -0.59490 0.00000 73.61656 -0.00000 -0.00000 -1.00000 0.00000
1635866243712116 0.61783 -0.78631 0.00000 -121.16849 -0.78631 -0.61783 0.00000 70.21643 -0.00000 -0.00000 -1.00000 0.00000
1635866243961271 0.63865 -0.76950 0.00000 -124.61215 -0.76950 -0.63865 0.00000 66.88136 -0.00000 -0.00000 -1.00000 0.00000
1635866244210572 0.65555 -0.75515 0.00000 -127.64774 -0.75515 -0.65555 0.00000 64.10810 -0.00000 -0.00000 -1.00000 0.00000
1635866244459803 0.67291 -0.73972 0.00000 -130.58404 -0.73972 -0.67291 0.00000 61.08852 -0.00000 -0.00000 -1.00000 0.00000
1635866244708781 0.68357 -0.72989 0.00000 -133.09964 -0.72989 -0.68357 0.00000 59.21802 -0.00000 -0.00000 -1.00000 0.00000
1635866244958302 0.69534 -0.71868 0.00000 -135.60956 -0.71868 -0.69534 0.00000 57.03849 -0.00000 -0.00000 -1.00000 0.00000
1635866245207350 0.70920 -0.70501 0.00000 -138.17508 -0.70501 -0.70920 0.00000 54.30582 -0.00000 -0.00000 -1.00000 0.00000
1635866245456341 0.72337 -0.69046 0.00000 -140.78556 -0.69046 -0.72337 0.00000 51.53117 -0.00000 -0.00000 -1.00000 0.00000
1635866245705460 0.73783 -0.67498 0.00000 -143.32481 -0.67498 -0.73783 0.00000 48.49045 -0.00000 -0.00000 -1.00000 0.00000
1635866245954660 0.75159 -0.65963 0.00000 -145.70573 -0.65963 -0.75159 0.00000 45.51949 -0.00000 -0.00000 -1.00000 0.00000
1635866246203602 0.76663 -0.64209 0.00000 -148.16485 -0.64209 -0.76663 0.00000 42.11125 -0.00000 -0.00000 -1.00000 0.00000
1635866246452878 0.78233 -0.62286 0.00000 -150.61970 -0.62286 -0.78233 0.00000 38.42477 -0.00000 -0.00000 -1.00000 0.00000
1635866246702202 0.80297 -0.59603 0.00000 -153.18028 -0.59603 -0.80297 0.00000 33.32147 -0.00000 -0.00000 -1.00000 0.00000
1635866246951021 0.83925 -0.54374 0.00000 -156.22437 -0.54374 -0.83925 0.00000 23.42458 -0.00000 -0.00000 -1.00000 0.00000
1635866247200197 0.88593 -0.46382 0.00000 -158.95593 -0.46382 -0.88593 0.00000 8.80992 -0.00000 -0.00000 -1.00000 0.00000
1635866247449356 0.93576 -0.35264 0.00000 -159.96196 -0.35264 -0.93576 0.00000 -10.60907 -0.00000 -0.00000 -1.00000 -0.00000
1635866247698664 0.97615 -0.21712 0.00000 -157.81542 -0.21712 -0.97615 0.00000 -32.96997 -0.00000 -0.00000 -1.00000 -0.00000
1635866247947771 0.99778 -0.06655 0.00000 -151.79833 -0.06655 -0.99778 0.00000 -56.47160 -0.00000 -0.00000 -1.00000 -0.00000
1635866248196870 0.99587 0.09077 0.00000 -141.87543 0.09077 -0.99587 0.00000 -79.51526 0.00000 -0.00000 -1.00000 -0.00000
1635866248446115 0.96709 0.25444 0.00000 -127.44823 0.25444 -0.96709 0.00000 -101.96749 0.00000 -0.00000 -1.00000 -0.00000
1635866248695245 0.91099 0.41243 0.00000 -109.45936 0.41243 -0.91099 0.00000 -121.60894 0.00000 -0.00000 -1.00000 -0.00000
1635866248944617 0.82772 0.56113 0.00000 -87.98107 0.56113 -0.82772 0.00000 -138.36431 0.00000 -0.00000 -1.00000 -0.00000
1635866249193830 0.72590 0.68780 0.00000 -65.19295 0.68780 -0.72590 0.00000 -150.83460 0.00000 -0.00000 -1.00000 -0.00000
1635866249443131 0.60509 0.79615 0.00000 -40.64370 0.79615 -0.60509 0.00000 -159.30649 0.00000 -0.00000 -1.00000 -0.00000
1635866249692267 0.47337 0.88086 -0.00000 -16.00724 0.88086 -0.47337 0.00000 -163.68040 0.00000 -0.00000 -1.00000 -0.00000
1635866249941514 0.32600 0.94537 0.00000 9.79805 0.94537 -0.32600 0.00000 -164.04792 0.00000 -0.00000 -1.00000 -0.00000
1635866250190735 0.17273 0.98497 0.00000 34.86729 0.98497 -0.17273 0.00000 -160.40236 0.00000 -0.00000 -1.00000 -0.00000
1635866250439821 0.01528 0.99988 -0.00000 59.01131 0.99988 -0.01528 0.00000 -152.86577 0.00000 -0.00000 -1.00000 -0.00000
1635866250689237 -0.14638 0.98923 0.00000 82.15167 0.98923 0.14638 0.00000 -141.32806 0.00000 0.00000 -1.00000 -0.00000
1635866250938683 -0.30976 0.95081 0.00000 103.92146 0.95081 0.30976 0.00000 -125.52282 0.00000 0.00000 -1.00000 -0.00000
1635866251187799 -0.46918 0.88310 0.00000 123.31123 0.88310 0.46918 0.00000 -105.71220 0.00000 0.00000 -1.00000 -0.00000
1635866251436996 -0.61790 0.78625 -0.00000 139.17760 0.78625 0.61790 0.00000 -82.23088 0.00000 0.00000 -1.00000 -0.00000
1635866251686110 -0.74576 0.66622 0.00000 150.65593 0.66622 0.74576 0.00000 -56.66707 0.00000 0.00000 -1.00000 -0.00000
1635866251935641 -0.84620 0.53287 -0.00000 157.09038 0.53287 0.84620 0.00000 -30.68736 0.00000 0.00000 -1.00000 -0.00000
1635866252184999 -0.91414 0.40539 0.00000 158.98720 0.40539 0.91414 0.00000 -7.76642 0.00000 0.00000 -1.00000 -0.00000
1635866252434045 -0.95513 0.29620 0.00000 157.98760 0.29620 0.95513 0.00000 10.82414 0.00000 0.00000 -1.00000 0.00000
1635866252683425 -0.97864 0.20556 -0.00000 155.26277 0.20556 0.97864 0.00000 25.56891 0.00000 0.00000 -1.00000 0.00000
1635866252932908 -0.98961 0.14377 0.00000 152.43614 0.14377 0.98961 0.00000 35.30727 0.00000 0.00000 -1.00000 0.00000
1635866253182281 -0.99267 0.12084 0.00000 150.56809 0.12084 0.99267 0.00000 38.82082 0.00000 0.00000 -1.00000 0.00000
1635866253431468 -0.99168 0.12871 0.00000 149.82475 0.12871 0.99168 0.00000 37.63628 0.00000 0.00000 -1.00000 0.00000
1635866253680805 -0.98682 0.16185 0.00000 149.77457 0.16185 0.98682 0.00000 32.62835 0.00000 0.00000 -1.00000 0.00000
1635866253930052 -0.97698 0.21334 0.00000 150.11119 0.21334 0.97698 0.00000 24.83664 0.00000 0.00000 -1.00000 0.00000
1635866254179348 -0.96167 0.27422 0.00000 150.14910 0.27422 0.96167 0.00000 15.33832 0.00000 0.00000 -1.00000 0.00000
1635866254428504 -0.94062 0.33947 0.00000 149.57700 0.33947 0.94062 0.00000 4.99676 0.00000 0.00000 -1.00000 0.00000
1635866254677417 -0.91419 0.40529 -0.00000 148.25213 0.40529 0.91419 0.00000 -5.57661 0.00000 0.00000 -1.00000 -0.00000
1635866254926413 -0.88370 0.46805 0.00000 146.18507 0.46805 0.88370 0.00000 -15.94593 0.00000 0.00000 -1.00000 -0.00000
1635866255175210 -0.85252 0.52269 0.00000 143.40653 0.52269 0.85252 0.00000 -25.09151 0.00000 0.00000 -1.00000 -0.00000
1635866255424163 -0.82035 0.57186 0.00000 140.19819 0.57186 0.82035 0.00000 -33.46748 0.00000 0.00000 -1.00000 -0.00000
1635866255673696 -0.78424 0.62046 0.00000 136.37331 0.62046 0.78424 0.00000 -41.88238 0.00000 0.00000 -1.00000 -0.00000
1635866255922804 -0.74693 0.66490 0.00000 132.13052 0.66490 0.74693 0.00000 -49.71557 0.00000 0.00000 -1.00000 -0.00000
1635866256171894 -0.70885 0.70536 0.00000 127.51701 0.70536 0.70885 0.00000 -56.95373 0.00000 0.00000 -1.00000 -0.00000
1635866256421138 -0.66926 0.74303 0.00000 122.62575 0.74303 0.66926 0.00000 -63.93128 0.00000 0.00000 -1.00000 -0.00000
1635866256670368 -0.63463 0.77282 0.00000 117.84210 0.77282 0.63463 0.00000 -69.41709 0.00000 0.00000 -1.00000 -0.00000
1635866256919774 -0.60377 0.79716 0.00000 113.25882 0.79716 0.60377 0.00000 -73.97529 0.00000 0.00000 -1.00000 -0.00000
1635866257169012 -0.56874 0.82252 0.00000 108.17821 0.82252 0.56874 0.00000 -78.78935 0.00000 0.00000 -1.00000 -0.00000
1635866257417927 -0.52949 0.84832 0.00000 102.54389 0.84832 0.52949 0.00000 -83.75462 0.00000 0.00000 -1.00000 -0.00000
1635866257667315 -0.49057 0.87140 0.00000 96.74470 0.87140 0.49057 0.00000 -88.26214 0.00000 0.00000 -1.00000 -0.00000
1635866257916296 -0.45263 0.89170 -0.00000 91.00476 0.89170 0.45263 0.00000 -92.42799 0.00000 0.00000 -1.00000 -0.00000
1635866258165380 -0.41881 0.90807 0.00000 85.52761 0.90807 0.41881 0.00000 -95.73092 0.00000 0.00000 -1.00000 -0.00000
1635866258414524 -0.39405 0.91909 0.00000 80.90374 0.91909 0.39405 0.00000 -98.08126 0.00000 0.00000 -1.00000 -0.00000
1635866258663676 -0.37217 0.92816 -0.00000 76.62724 0.92816 0.37217 0.00000 -99.94878 0.00000 0.00000 -1.00000 -0.00000
1635866258912998 -0.35455 0.93504 0.00000 72.76422 0.93504 0.35455 0.00000 -101.37069 0.00000 0.00000 -1.00000 -0.00000
1635866259161967 -0.34243 0.93954 0.00000 69.45937 0.93954 0.34243 0.00000 -102.31172 0.00000 0.00000 -1.00000 -0.00000
1635866259411252 -0.34044 0.94026 0.00000 67.36310 0.94026 0.34044 0.00000 -102.49555 0.00000 0.00000 -1.00000 -0.00000
1635866259660671 -0.34409 0.93894 -0.00000 65.79693 0.93894 0.34409 0.00000 -102.26374 0.00000 0.00000 -1.00000 -0.00000
1635866259909692 -0.35061 0.93652 -0.00000 64.59438 0.93652 0.35061 0.00000 -101.83048 0.00000 0.00000 -1.00000 -0.00000
1635866260158844 -0.36514 0.93095 0.00000 64.26060 0.93095 0.36514 0.00000 -100.85046 0.00000 0.00000 -1.00000 -0.00000
1635866260408133 -0.39120 0.92031 0.00000 65.20025 0.92031 0.39120 0.00000 -98.98023 0.00000 0.00000 -1.00000 -0.00000
1635866260657579 -0.42355 0.90587 0.00000 66.76163 0.90587 0.42355 0.00000 -96.71395 0.00000 0.00000 -1.00000 -0.00000
1635866260906790 -0.46799 0.88373 -0.00000 69.64072 0.88373 0.46799 0.00000 -93.35511 0.00000 0.00000 -1.00000 -0.00000
1635866261155891 -0.51630 0.85641 0.00000 72.93694 0.85641 0.51630 0.00000 -89.34910 0.00000 0.00000 -1.00000 -0.00000
1635866261405206 -0.57329 0.81936 0.00000 77.03096 0.81936 0.57329 0.00000 -84.22694 0.00000 0.00000 -1.00000 -0.00000
1635866261654382 -0.62873 0.77762 0.00000 80.90041 0.77762 0.62873 0.00000 -78.74843 0.00000 0.00000 -1.00000 -0.00000
1635866261903610 -0.68786 0.72585 0.00000 84.98149 0.72585 0.68786 0.00000 -72.20726 0.00000 0.00000 -1.00000 -0.00000
1635866262152519 -0.74062 0.67193 0.00000 88.39904 0.67193 0.74062 0.00000 -65.60918 0.00000 0.00000 -1.00000 -0.00000
1635866262401922 -0.78825 0.61535 0.00000 91.30055 0.61535 0.78825 0.00000 -58.93609 0.00000 0.00000 -1.00000 -0.00000
1635866262650829 -0.83184 0.55502 0.00000 93.64984 0.55502 0.83184 0.00000 -51.98881 0.00000 0.00000 -1.00000 -0.00000
1635866262900259 -0.87024 0.49262 0.00000 95.42445 0.49262 0.87024 0.00000 -45.02861 0.00000 0.00000 -1.00000 -0.00000
1635866263149736 -0.89981 0.43629 0.00000 96.30972 0.43629 0.89981 0.00000 -38.82828 0.00000 0.00000 -1.00000 -0.00000
1635866263398881 -0.92509 0.37976 -0.00000 96.83169 0.37976 0.92509 0.00000 -32.79259 0.00000 0.00000 -1.00000 -0.00000
1635866263648224 -0.94498 0.32712 0.00000 96.65767 0.32712 0.94498 0.00000 -27.33245 0.00000 0.00000 -1.00000 -0.00000
1635866263897207 -0.96032 0.27891 0.00000 96.07558 0.27891 0.96032 0.00000 -22.43453 0.00000 0.00000 -1.00000 -0.00000
1635866264146372 -0.97305 0.23059 0.00000 95.23590 0.23059 0.97305 0.00000 -17.65987 0.00000 0.00000 -1.00000 -0.00000
1635866264395737 -0.98264 0.18551 0.00000 94.03387 0.18551 0.98264 0.00000 -13.26978 0.00000 0.00000 -1.00000 -0.00000
1635866264645143 -0.98936 0.14547 -0.00000 92.54562 0.14547 0.98936 0.00000 -9.48687 0.00000 0.00000 -1.00000 -0.00000
1635866264894437 -0.99350 0.11381 0.00000 90.89760 0.11381 0.99350 0.00000 -6.52020 0.00000 0.00000 -1.00000 -0.00000
1635866265143954 -0.99642 0.08452 0.00000 89.04879 0.08452 0.99642 0.00000 -3.83595 0.00000 0.00000 -1.00000 -0.00000
1635866265393349 -0.99835 0.05740 0.00000 87.05327 0.05740 0.99835 0.00000 -1.41317 0.00000 0.00000 -1.00000 -0.00000
1635866265642843 -0.99902 0.04418 0.00000 84.97935 0.04418 0.99902 0.00000 -0.30625 0.00000 0.00000 -1.00000 -0.00000
1635866265892019 -0.99969 0.02488 0.00000 82.85953 0.02488 0.99969 0.00000 1.35876 0.00000 0.00000 -1.00000 0.00000
1635866266141238 -0.99994 0.01076 0.00000 80.80088 0.01076 0.99994 0.00000 2.59205 0.00000 0.00000 -1.00000 0.00000
1635866266390279 -0.99999 -0.00351 0.00000 78.53603 -0.00351 0.99999 0.00000 3.72750 -0.00000 0.00000 -1.00000 0.00000
1635866266639667 -0.99992 -0.01226 -0.00000 76.35582 -0.01226 0.99992 0.00000 4.33155 -0.00000 0.00000 -1.00000 0.00000
1635866266888916 -0.99981 -0.01955 0.00000 74.13405 -0.01955 0.99981 0.00000 4.81231 -0.00000 0.00000 -1.00000 0.00000
1635866267138051 -0.99942 -0.03401 0.00000 71.94811 -0.03401 0.99942 0.00000 5.93849 -0.00000 0.00000 -1.00000 0.00000
1635866267387222 -0.99897 -0.04546 -0.00000 69.80258 -0.04546 0.99897 0.00000 6.73575 -0.00000 0.00000 -1.00000 0.00000
1635866267636554 -0.99880 -0.04897 0.00000 67.71112 -0.04897 0.99880 0.00000 6.95043 -0.00000 0.00000 -1.00000 0.00000
1635866267885837 -0.99875 -0.04995 0.00000 65.62106 -0.04995 0.99875 0.00000 7.01623 -0.00000 0.00000 -1.00000 0.00000
1635866268134922 -0.99868 -0.05133 0.00000 63.59903 -0.05133 0.99868 0.00000 7.07363 -0.00000 0.00000 -1.00000 0.00000
1635866268384366 -0.99871 -0.05081 -0.00000 61.50167 -0.05081 0.99871 0.00000 7.02124 -0.00000 0.00000 -1.00000 0.00000
1635866268633677 -0.99841 -0.05643 0.00000 59.52988 -0.05643 0.99841 0.00000 7.24071 -0.00000 0.00000 -1.00000 0.00000
1635866268882992 -0.99826 -0.05895 0.00000 57.53896 -0.05895 0.99826 0.00000 7.43865 -0.00000 0.00000 -1.00000 0.00000
1635866269132463 -0.99832 -0.05788 0.00000 55.57148 -0.05788 0.99832 0.00000 7.36796 -0.00000 0.00000 -1.00000 0.00000
1635866269381757 -0.99829 -0.05843 -0.00000 53.62126 -0.05843 0.99829 0.00000 7.31902 -0.00000 0.00000 -1.00000 0.00000
1635866269631046 -0.99838 -0.05689 0.00000 51.73540 -0.05689 0.99838 0.00000 7.26708 -0.00000 0.00000 -1.00000 0.00000
1635866269880207 -0.99877 -0.04968 0.00000 49.87951 -0.04968 0.99877 0.00000 6.92294 -0.00000 0.00000 -1.00000 0.00000
1635866270129614 -0.99938 -0.03513 0.00000 48.07739 -0.03513 0.99938 0.00000 6.19889 -0.00000 0.00000 -1.00000 0.00000
1635866270378895 -0.99969 -0.02492 0.00000 46.25183 -0.02492 0.99969 0.00000 5.69279 -0.00000 0.00000 -1.00000 0.00000
1635866270627998 -0.99997 -0.00821 -0.00000 44.47956 -0.00821 0.99997 0.00000 4.93862 -0.00000 0.00000 -1.00000 0.00000
1635866270877331 -0.99990 0.01386 0.00000 42.70394 0.01386 0.99990 0.00000 3.89087 0.00000 0.00000 -1.00000 0.00000
1635866271126332 -0.99922 0.03943 0.00000 40.98633 0.03943 0.99922 0.00000 2.83025 0.00000 0.00000 -1.00000 0.00000
1635866271375567 -0.99867 0.05160 0.00000 39.20830 0.05160 0.99867 0.00000 2.26968 0.00000 0.00000 -1.00000 0.00000
1635866271624830 -0.99853 0.05426 0.00000 37.39026 0.05426 0.99853 0.00000 2.13136 0.00000 0.00000 -1.00000 0.00000
1635866271874106 -0.99864 0.05211 -0.00000 35.59318 0.05211 0.99864 0.00000 2.23890 0.00000 0.00000 -1.00000 0.00000
1635866272123184 -0.99885 0.04788 0.00000 33.72780 0.04788 0.99885 0.00000 2.37489 0.00000 0.00000 -1.00000 0.00000
1635866272372781 -0.99813 0.06113 -0.00000 32.01282 0.06113 0.99813 0.00000 1.97864 0.00000 0.00000 -1.00000 0.00000
1635866272621963 -0.99745 0.07134 0.00000 30.27092 0.07134 0.99745 0.00000 1.57536 0.00000 0.00000 -1.00000 0.00000
1635866272871102 -0.99656 0.08286 -0.00000 28.49947 0.08286 0.99656 0.00000 1.21200 0.00000 0.00000 -1.00000 0.00000
1635866273120443 -0.99578 0.09176 0.00000 26.71244 0.09176 0.99578 0.00000 0.94269 0.00000 0.00000 -1.00000 0.00000
1635866273369607 -0.99483 0.10158 -0.00000 24.97069 0.10158 0.99483 0.00000 0.65529 0.00000 0.00000 -1.00000 0.00000
1635866273618940 -0.99409 0.10859 -0.00000 23.21760 0.10859 0.99409 0.00000 0.45735 0.00000 0.00000 -1.00000 0.00000
1635866273868118 -0.99367 0.11234 0.00000 21.51243 0.11234 0.99367 0.00000 0.30620 0.00000 0.00000 -1.00000 0.00000
1635866274117381 -0.99387 0.11054 0.00000 19.66366 0.11054 0.99387 0.00000 0.38462 0.00000 0.00000 -1.00000 0.00000
1635866274366657 -0.99452 0.10454 -0.00000 17.92438 0.10454 0.99452 0.00000 0.51576 0.00000 0.00000 -1.00000 0.00000
1635866274615847 -0.99454 0.10431 0.00000 16.12528 0.10431 0.99454 0.00000 0.50533 0.00000 0.00000 -1.00000 0.00000
1635866274865376 -0.99538 0.09603 -0.00000 14.44684 0.09603 0.99538 0.00000 0.64644 0.00000 0.00000 -1.00000 0.00000
1635866275114226 -0.99602 0.08916 0.00000 12.68098 0.08916 0.99602 0.00000 0.72969 0.00000 0.00000 -1.00000 0.00000
1635866275363636 -0.99647 0.08400 0.00000 10.94137 0.08400 0.99647 0.00000 0.79137 0.00000 0.00000 -1.00000 0.00000
1635866275613071 -0.99691 0.07853 0.00000 9.18421 0.07853 0.99691 0.00000 0.85264 0.00000 0.00000 -1.00000 0.00000
1635866275862042 -0.99711 0.07593 0.00000 7.47040 0.07593 0.99711 0.00000 0.81988 0.00000 0.00000 -1.00000 0.00000
1635866276111219 -0.99736 0.07258 0.00000 5.74565 0.07258 0.99736 0.00000 0.81988 0.00000 0.00000 -1.00000 0.00000
1635866276360214 -0.99760 0.06928 0.00000 4.01462 0.06928 0.99760 0.00000 0.82827 0.00000 0.00000 -1.00000 0.00000
1635866276609144 -0.99803 0.06270 0.00000 2.29811 0.06270 0.99803 0.00000 0.87496 0.00000 0.00000 -1.00000 0.00000
1635866276858313 -0.99835 0.05734 0.00000 0.53141 0.05734 0.99835 0.00000 0.83771 0.00000 0.00000 -1.00000 0.00000
1635866277107018 -0.99882 0.04855 0.00000 -1.25910 0.04855 0.99882 0.00000 0.78858 0.00000 0.00000 -1.00000 0.00000
1635866277356374 -0.99913 0.04167 0.00000 -3.04493 0.04167 0.99913 0.00000 0.80872 0.00000 0.00000 -1.00000 0.00000
1635866277605714 -0.99953 0.03082 0.00000 -4.89085 0.03082 0.99953 0.00000 0.73816 0.00000 0.00000 -1.00000 0.00000
1635866277854948 -0.99980 0.01988 0.00000 -6.72759 0.01988 0.99980 0.00000 0.66200 0.00000 0.00000 -1.00000 0.00000
1635866278104234 -0.99988 0.01545 -0.00000 -8.60139 0.01545 0.99988 0.00000 0.60595 0.00000 0.00000 -1.00000 0.00000
1635866278353621 -0.99994 0.01076 0.00000 -10.52555 0.01076 0.99994 0.00000 0.55741 0.00000 0.00000 -1.00000 0.00000
1635866278603060 -0.99993 0.01171 0.00000 -12.45774 0.01171 0.99993 0.00000 0.55357 0.00000 0.00000 -1.00000 0.00000
1635866278852226 -0.99995 0.01000 0.00000 -14.40652 0.01000 0.99995 0.00000 0.46890 0.00000 0.00000 -1.00000 0.00000
1635866279101509 -0.99995 0.00987 0.00000 -16.29712 0.00987 0.99995 0.00000 0.45697 0.00000 0.00000 -1.00000 0.00000
1635866279350929 -0.99994 0.01066 0.00000 -18.34395 0.01066 0.99994 0.00000 0.44782 0.00000 0.00000 -1.00000 0.00000
1635866279600297 -0.99987 0.01612 0.00000 -20.42028 0.01612 0.99987 0.00000 0.54365 0.00000 0.00000 -1.00000 0.00000
1635866279849220 -0.99978 0.02106 0.00000 -22.54187 0.02106 0.99978 0.00000 0.66458 0.00000 0.00000 -1.00000 0.00000
1635866280098124 -0.99978 0.02115 0.00000 -24.54436 0.02115 0.99978 0.00000 0.60900 0.00000 0.00000 -1.00000 0.00000
1635866280347436 -0.99968 0.02522 0.00000 -26.68761 0.02522 0.99968 0.00000 0.79697 0.00000 0.00000 -1.00000 0.00000
1635866280596457 -0.99960 0.02844 0.00000 -28.67156 0.02844 0.99960 0.00000 0.88549 0.00000 0.00000 -1.00000 0.00000
1635866280845463 -0.99966 0.02615 0.00000 -30.75440 0.02615 0.99966 0.00000 0.79825 0.00000 0.00000 -1.00000 0.00000
1635866281094834 -0.99974 0.02291 0.00000 -32.79241 0.02291 0.99974 0.00000 0.73992 0.00000 0.00000 -1.00000 0.00000
1635866281343856 -0.99984 0.01762 0.00000 -34.87149 0.01762 0.99984 0.00000 0.50876 0.00000 0.00000 -1.00000 0.00000
1635866281593125 -0.99990 0.01433 0.00000 -36.87473 0.01433 0.99990 0.00000 0.38328 0.00000 0.00000 -1.00000 0.00000
1635866281842525 -0.99987 0.01595 0.00000 -38.87574 0.01595 0.99987 0.00000 0.47887 0.00000 0.00000 -1.00000 0.00000
1635866282091963 -0.99979 0.02038 0.00000 -40.86079 0.02038 0.99979 0.00000 0.57069 0.00000 0.00000 -1.00000 0.00000
1635866282341131 -0.99970 0.02446 0.00000 -42.81254 0.02446 0.99970 0.00000 0.75652 0.00000 0.00000 -1.00000 0.00000
1635866282590178 -0.99953 0.03055 0.00000 -44.71756 0.03055 0.99953 0.00000 0.95406 0.00000 0.00000 -1.00000 0.00000
1635866282838886 -0.99918 0.04039 0.00000 -46.56242 0.04039 0.99918 0.00000 1.37376 0.00000 0.00000 -1.00000 0.00000
1635866283088080 -0.99898 0.04507 0.00000 -48.44502 0.04507 0.99898 0.00000 1.55227 0.00000 0.00000 -1.00000 0.00000
1635866283337282 -0.99880 0.04894 -0.00000 -50.28762 0.04894 0.99880 0.00000 1.72953 0.00000 0.00000 -1.00000 0.00000
1635866283586481 -0.99870 0.05091 0.00000 -52.00666 0.05091 0.99870 0.00000 1.81238 0.00000 0.00000 -1.00000 0.00000
1635866283835947 -0.99870 0.05095 0.00000 -53.79342 0.05095 0.99870 0.00000 1.79418 0.00000 0.00000 -1.00000 0.00000
1635866284085119 -0.99863 0.05239 0.00000 -55.55238 0.05239 0.99863 0.00000 1.93238 0.00000 0.00000 -1.00000 0.00000
1635866284334362 -0.99851 0.05452 0.00000 -57.23625 0.05452 0.99851 0.00000 1.98084 0.00000 0.00000 -1.00000 0.00000
1635866284583468 -0.99819 0.06009 -0.00000 -58.90324 0.06009 0.99819 0.00000 2.30210 0.00000 0.00000 -1.00000 0.00000
1635866284832647 -0.99786 0.06544 0.00000 -60.56924 0.06544 0.99786 0.00000 2.64317 0.00000 0.00000 -1.00000 0.00000
1635866285082113 -0.99707 0.07650 -0.00000 -62.09769 0.07650 0.99707 0.00000 3.26683 0.00000 0.00000 -1.00000 0.00000
1635866285331278 -0.99595 0.08987 0.00000 -63.61880 0.08987 0.99595 0.00000 4.02572 0.00000 0.00000 -1.00000 0.00000
1635866285580578 -0.99465 0.10326 0.00000 -65.11474 0.10326 0.99465 0.00000 4.78427 0.00000 0.00000 -1.00000 0.00000
1635866285829910 -0.99303 0.11790 -0.00000 -66.48062 0.11790 0.99303 0.00000 5.80381 0.00000 0.00000 -1.00000 0.00000
1635866286079034 -0.99088 0.13477 0.00000 -67.73497 0.13477 0.99088 0.00000 6.90884 0.00000 0.00000 -1.00000 0.00000
1635866286328358 -0.98879 0.14930 0.00000 -68.94519 0.14930 0.98879 0.00000 7.94459 0.00000 0.00000 -1.00000 0.00000
1635866286577537 -0.98639 0.16440 0.00000 -70.03644 0.16440 0.98639 0.00000 8.90242 0.00000 0.00000 -1.00000 0.00000
1635866286826586 -0.98264 0.18550 0.00000 -71.09916 0.18550 0.98264 0.00000 10.36852 0.00000 0.00000 -1.00000 0.00000
1635866287075876 -0.97858 0.20587 0.00000 -71.98543 0.20587 0.97858 0.00000 11.86092 0.00000 0.00000 -1.00000 0.00000
1635866287325390 -0.97149 0.23709 0.00000 -72.73916 0.23709 0.97149 0.00000 14.04739 0.00000 0.00000 -1.00000 0.00000
1635866287574592 -0.95933 0.28228 0.00000 -73.13529 0.28228 0.95933 0.00000 17.50868 0.00000 0.00000 -1.00000 0.00000
1635866287823936 -0.94346 0.33147 0.00000 -73.29723 0.33147 0.94346 0.00000 21.27531 0.00000 0.00000 -1.00000 0.00000
1635866288073002 -0.92299 0.38482 0.00000 -73.06354 0.38482 0.92299 0.00000 25.36544 0.00000 0.00000 -1.00000 0.00000
1635866288322232 -0.89556 0.44494 0.00000 -72.46943 0.44494 0.89556 0.00000 30.15157 0.00000 0.00000 -1.00000 0.00000
1635866288571434 -0.86412 0.50328 0.00000 -71.44047 0.50328 0.86412 0.00000 34.89261 0.00000 0.00000 -1.00000 0.00000
1635866288820807 -0.82723 0.56186 0.00000 -70.09458 0.56186 0.82723 0.00000 39.68872 0.00000 0.00000 -1.00000 0.00000
1635866289070450 -0.78574 0.61856 0.00000 -68.25186 0.61856 0.78574 0.00000 44.51446 0.00000 0.00000 -1.00000 0.00000
1635866289319237 -0.73808 0.67471 0.00000 -65.84896 0.67471 0.73808 0.00000 49.41779 0.00000 0.00000 -1.00000 0.00000
1635866289568592 -0.68383 0.72964 0.00000 -62.95989 0.72964 0.68383 0.00000 54.23200 0.00000 0.00000 -1.00000 0.00000
1635866289817554 -0.62053 0.78418 0.00000 -59.39319 0.78418 0.62053 0.00000 59.26873 0.00000 0.00000 -1.00000 0.00000
1635866290066776 -0.55840 0.82957 0.00000 -55.90244 0.82957 0.55840 0.00000 63.60428 0.00000 0.00000 -1.00000 0.00000
1635866290316066 -0.49316 0.86994 0.00000 -52.14968 0.86994 0.49316 0.00000 67.76136 0.00000 0.00000 -1.00000 0.00000
1635866290565169 -0.42592 0.90476 -0.00000 -48.08732 0.90476 0.42592 0.00000 71.47058 0.00000 0.00000 -1.00000 0.00000
1635866290814483 -0.35948 0.93315 0.00000 -44.15907 0.93315 0.35948 0.00000 74.67183 0.00000 0.00000 -1.00000 0.00000
1635866291063483 -0.29746 0.95474 0.00000 -40.59192 0.95474 0.29746 0.00000 77.51033 0.00000 0.00000 -1.00000 0.00000
1635866291312963 -0.23427 0.97217 0.00000 -36.84644 0.97217 0.23427 0.00000 80.05114 0.00000 0.00000 -1.00000 0.00000
1635866291562287 -0.17624 0.98435 -0.00000 -33.47607 0.98435 0.17624 0.00000 82.01258 0.00000 0.00000 -1.00000 0.00000
1635866291811423 -0.12573 0.99206 0.00000 -30.69334 0.99206 0.12573 0.00000 83.59349 0.00000 0.00000 -1.00000 0.00000
1635866292060014 -0.09519 0.99546 0.00000 -29.65244 0.99546 0.09519 0.00000 84.49038 0.00000 0.00000 -1.00000 0.00000
1635866292309477 -0.07573 0.99713 0.00000 -29.53388 0.99713 0.07573 0.00000 85.09361 0.00000 0.00000 -1.00000 0.00000
1635866292558468 -0.05692 0.99838 0.00000 -29.52257 0.99838 0.05692 0.00000 85.57406 0.00000 0.00000 -1.00000 0.00000
1635866292807816 -0.03781 0.99928 0.00000 -29.47958 0.99928 0.03781 0.00000 86.00175 0.00000 0.00000 -1.00000 0.00000
1635866293057132 -0.02597 0.99966 0.00000 -30.03925 0.99966 0.02597 0.00000 86.42723 0.00000 0.00000 -1.00000 0.00000
1635866293306380 -0.01092 0.99994 0.00000 -30.37531 0.99994 0.01092 0.00000 86.82067 0.00000 0.00000 -1.00000 0.00000
1635866293555258 -0.00734 0.99997 0.00000 -31.64573 0.99997 0.00734 0.00000 86.89301 0.00000 0.00000 -1.00000 0.00000
1635866293804326 -0.00697 0.99998 0.00000 -33.38692 0.99998 0.00697 0.00000 86.93639 0.00000 0.00000 -1.00000 0.00000
1635866294053778 -0.01318 0.99991 0.00000 -35.47194 0.99991 0.01318 0.00000 86.66716 0.00000 0.00000 -1.00000 0.00000
1635866294303083 -0.01138 0.99994 0.00000 -37.05690 0.99994 0.01138 0.00000 86.72440 0.00000 0.00000 -1.00000 0.00000
1635866294552606 -0.01496 0.99989 -0.00000 -39.17423 0.99989 0.01496 0.00000 86.54917 0.00000 0.00000 -1.00000 0.00000
1635866294801637 -0.01781 0.99984 0.00000 -41.12031 0.99984 0.01781 0.00000 86.45440 0.00000 0.00000 -1.00000 0.00000
1635866295050573 -0.01681 0.99986 -0.00000 -42.90651 0.99986 0.01681 0.00000 86.44668 0.00000 0.00000 -1.00000 0.00000
1635866295299796 -0.01506 0.99989 -0.00000 -44.59395 0.99989 0.01506 0.00000 86.45828 0.00000 0.00000 -1.00000 0.00000
1635866295548666 -0.01456 0.99989 0.00000 -46.40531 0.99989 0.01456 0.00000 86.55130 0.00000 0.00000 -1.00000 0.00000
1635866295798052 -0.01379 0.99990 0.00000 -48.15390 0.99990 0.01379 0.00000 86.55516 0.00000 0.00000 -1.00000 0.00000
1635866296047502 -0.01465 0.99989 0.00000 -50.03187 0.99989 0.01465 0.00000 86.45433 0.00000 0.00000 -1.00000 0.00000
1635866296296662 -0.01163 0.99993 0.00000 -51.59083 0.99993 0.01163 0.00000 86.59682 0.00000 0.00000 -1.00000 0.00000
1635866296545870 -0.01070 0.99994 0.00000 -53.27408 0.99994 0.01070 0.00000 86.61030 0.00000 0.00000 -1.00000 0.00000
1635866296795044 -0.01265 0.99992 0.00000 -55.19268 0.99992 0.01265 0.00000 86.49397 0.00000 0.00000 -1.00000 0.00000
1635866297044193 -0.00999 0.99995 0.00000 -56.75366 0.99995 0.00999 0.00000 86.58851 0.00000 0.00000 -1.00000 0.00000
1635866297293152 -0.01352 0.99991 0.00000 -58.83052 0.99991 0.01352 0.00000 86.37117 0.00000 0.00000 -1.00000 0.00000
