1567410208305662 -0.54352 0.83940 0.00000 -3187321.64749 -0.83940 -0.54352 0.00000 2484580.28378 0.00000 0.00000 1.00000 -0.00000
1567410208556591 -0.54484 0.83854 0.00000 -3183424.19368 -0.83854 -0.54484 0.00000 2489572.72045 0.00000 0.00000 1.00000 -0.00000
1567410208805889 -0.54634 0.83757 0.00000 -3178967.95948 -0.83757 -0.54634 0.00000 2495261.22051 0.00000 0.00000 1.00000 -0.00000
1567410209057476 -0.54753 0.83679 0.00000 -3175402.48178 -0.83679 -0.54753 0.00000 2499797.86226 0.00000 0.00000 1.00000 -0.00000
1567410209305694 -0.54723 0.83698 0.00000 -3176290.19711 -0.83698 -0.54723 0.00000 2498670.79170 0.00000 0.00000 1.00000 -0.00000
1567410209555477 -0.54796 0.83650 0.00000 -3174120.18892 -0.83650 -0.54796 0.00000 2501427.89952 0.00000 0.00000 1.00000 -0.00000
1567410209805295 -0.54877 0.83597 0.00000 -3171688.08737 -0.83597 -0.54877 0.00000 2504512.13091 0.00000 0.00000 1.00000 -0.00000
1567410210055112 -0.55016 0.83506 0.00000 -3167517.40950 -0.83506 -0.55016 0.00000 2509786.06723 0.00000 0.00000 1.00000 -0.00000
1567410210304908 -0.55098 0.83452 0.00000 -3165069.53838 -0.83452 -0.55098 0.00000 2512873.68958 0.00000 0.00000 1.00000 -0.00000
1567410210554308 -0.55203 0.83382 0.00000 -3161882.32890 -0.83382 -0.55203 0.00000 2516884.30540 0.00000 0.00000 1.00000 -0.00000
1567410210804244 -0.55272 0.83337 0.00000 -3159816.10217 -0.83337 -0.55272 0.00000 2519479.34577 0.00000 0.00000 1.00000 -0.00000
1567410211054011 -0.55384 0.83262 0.00000 -3156422.99904 -0.83262 -0.55384 0.00000 2523730.51651 0.00000 0.00000 1.00000 -0.00000
1567410211303608 -0.55463 0.83210 0.00000 -3154040.98871 -0.83210 -0.55463 0.00000 2526708.44625 0.00000 0.00000 1.00000 -0.00000
1567410211553894 -0.55498 0.83186 0.00000 -3152966.34089 -0.83186 -0.55498 0.00000 2528051.03364 0.00000 0.00000 1.00000 -0.00000
1567410211803856 -0.55600 0.83118 0.00000 -3149853.74962 -0.83118 -0.55600 0.00000 2531929.91658 0.00000 0.00000 1.00000 -0.00000
1567410212053313 -0.55526 0.83168 0.00000 -3152111.27526 -0.83168 -0.55526 0.00000 2529120.71663 0.00000 0.00000 1.00000 -0.00000
1567410212303373 -0.55317 0.83307 0.00000 -3158455.23108 -0.83307 -0.55317 0.00000 2521195.61668 0.00000 0.00000 1.00000 -0.00000
1567410212552940 -0.55104 0.83448 0.00000 -3164888.39472 -0.83448 -0.55104 0.00000 2513117.24664 0.00000 0.00000 1.00000 -0.00000
1567410212802803 -0.54911 0.83575 0.00000 -3170685.98541 -0.83575 -0.54911 0.00000 2505800.79605 0.00000 0.00000 1.00000 -0.00000
1567410213052878 -0.54706 0.83710 0.00000 -3176840.45059 -0.83710 -0.54706 0.00000 2497995.73661 0.00000 0.00000 1.00000 -0.00000
1567410213302384 -0.54484 0.83854 0.00000 -3183450.27281 -0.83854 -0.54484 0.00000 2489568.90327 0.00000 0.00000 1.00000 -0.00000
1567410213552068 -0.54241 0.84011 0.00000 -3190625.77751 -0.84011 -0.54241 0.00000 2480368.40989 0.00000 0.00000 1.00000 -0.00000
1567410213801498 -0.53994 0.84171 0.00000 -3197915.04529 -0.84171 -0.53994 0.00000 2470965.65123 0.00000 0.00000 1.00000 -0.00000
1567410214052385 -0.53765 0.84317 0.00000 -3204609.86694 -0.84317 -0.53765 0.00000 2462279.30028 0.00000 0.00000 1.00000 -0.00000
1567410214302155 -0.53499 0.84486 0.00000 -3212349.11521 -0.84486 -0.53499 0.00000 2452176.38055 0.00000 0.00000 1.00000 -0.00000
1567410214550272 -0.53237 0.84651 0.00000 -3219947.99333 -0.84651 -0.53237 0.00000 2442192.24601 0.00000 0.00000 1.00000 -0.00000
1567410214800445 -0.53129 0.84719 0.00000 -3223067.98967 -0.84719 -0.53129 0.00000 2438075.74784 0.00000 0.00000 1.00000 -0.00000
1567410215049817 -0.53185 0.84684 0.00000 -3221446.68590 -0.84684 -0.53185 0.00000 2440220.19687 0.00000 0.00000 1.00000 -0.00000
1567410215299752 -0.53252 0.84642 0.00000 -3219526.11265 -0.84642 -0.53252 0.00000 2442756.20983 0.00000 0.00000 1.00000 -0.00000
1567410215549514 -0.53301 0.84611 0.00000 -3218097.00471 -0.84611 -0.53301 0.00000 2444641.25364 0.00000 0.00000 1.00000 -0.00000
1567410215799401 -0.53391 0.84554 0.00000 -3215508.58059 -0.84554 -0.53391 0.00000 2448047.52175 0.00000 0.00000 1.00000 -0.00000
1567410216048582 -0.53467 0.84506 0.00000 -3213311.97581 -0.84506 -0.53467 0.00000 2450932.71674 0.00000 0.00000 1.00000 -0.00000
1567410216297982 -0.53490 0.84491 0.00000 -3212633.72468 -0.84491 -0.53490 0.00000 2451824.32717 0.00000 0.00000 1.00000 -0.00000
1567410216547132 -0.53540 0.84460 0.00000 -3211188.12284 -0.84460 -0.53540 0.00000 2453719.95774 0.00000 0.00000 1.00000 -0.00000
1567410216796536 -0.53579 0.84435 0.00000 -3210044.45727 -0.84435 -0.53579 0.00000 2455218.54330 0.00000 0.00000 1.00000 -0.00000
1567410217048273 -0.53583 0.84432 0.00000 -3209936.23950 -0.84432 -0.53583 0.00000 2455362.60195 0.00000 0.00000 1.00000 -0.00000
1567410217296000 -0.53581 0.84434 0.00000 -3210004.91083 -0.84434 -0.53581 0.00000 2455275.33513 0.00000 0.00000 1.00000 -0.00000
1567410217545507 -0.53581 0.84434 0.00000 -3210000.46987 -0.84434 -0.53581 0.00000 2455283.63270 0.00000 0.00000 1.00000 -0.00000
1567410217795016 -0.53568 0.84442 0.00000 -3210380.03783 -0.84442 -0.53568 0.00000 2454789.77618 0.00000 0.00000 1.00000 -0.00000
1567410218044663 -0.53499 0.84486 0.00000 -3212386.33892 -0.84486 -0.53499 0.00000 2452166.14462 0.00000 0.00000 1.00000 -0.00000
1567410218294251 -0.53329 0.84593 0.00000 -3217315.86497 -0.84593 -0.53329 0.00000 2445697.29372 0.00000 0.00000 1.00000 -0.00000
1567410218543749 -0.53130 0.84719 0.00000 -3223066.39609 -0.84719 -0.53130 0.00000 2438116.34903 0.00000 0.00000 1.00000 -0.00000
1567410218793639 -0.52927 0.84846 0.00000 -3228899.12322 -0.84846 -0.52927 0.00000 2430388.94430 0.00000 0.00000 1.00000 -0.00000
1567410219044496 -0.52772 0.84942 0.00000 -3233332.69048 -0.84942 -0.52772 0.00000 2424489.91912 0.00000 0.00000 1.00000 -0.00000
1567410219294574 -0.52634 0.85027 0.00000 -3237254.62249 -0.85027 -0.52634 0.00000 2419253.15706 0.00000 0.00000 1.00000 -0.00000
1567410219542786 -0.52520 0.85098 0.00000 -3240485.21892 -0.85098 -0.52520 0.00000 2414926.58395 0.00000 0.00000 1.00000 -0.00000
1567410219791926 -0.52457 0.85136 0.00000 -3242272.53751 -0.85136 -0.52457 0.00000 2412528.80994 0.00000 0.00000 1.00000 -0.00000
1567410220041647 -0.52365 0.85194 0.00000 -3244903.96131 -0.85194 -0.52365 0.00000 2408990.74059 0.00000 0.00000 1.00000 -0.00000
1567410220290932 -0.52210 0.85288 0.00000 -3249260.04186 -0.85288 -0.52210 0.00000 2403114.44256 0.00000 0.00000 1.00000 -0.00000
1567410220540869 -0.52142 0.85330 0.00000 -3251173.04857 -0.85330 -0.52142 0.00000 2400528.16230 0.00000 0.00000 1.00000 -0.00000
1567410220791364 -0.52072 0.85373 0.00000 -3253149.35418 -0.85373 -0.52072 0.00000 2397851.70800 0.00000 0.00000 1.00000 -0.00000
1567410221038981 -0.51941 0.85453 0.00000 -3256830.43907 -0.85453 -0.51941 0.00000 2392852.03065 0.00000 0.00000 1.00000 -0.00000
1567410221290827 -0.51709 0.85593 0.00000 -3263307.88094 -0.85593 -0.51709 0.00000 2384013.20386 0.00000 0.00000 1.00000 -0.00000
1567410221539934 -0.51673 0.85615 0.00000 -3264306.94252 -0.85615 -0.51673 0.00000 2382647.53600 0.00000 0.00000 1.00000 -0.00000
1567410221788000 -0.51290 0.85845 0.00000 -3274917.19117 -0.85845 -0.51290 0.00000 2368045.29792 0.00000 0.00000 1.00000 -0.00000
1567410222037827 -0.50829 0.86119 0.00000 -3287592.42817 -0.86119 -0.50829 0.00000 2350418.98391 0.00000 0.00000 1.00000 -0.00000
1567410222287687 -0.50515 0.86303 0.00000 -3296123.75935 -0.86303 -0.50515 0.00000 2338442.64637 0.00000 0.00000 1.00000 -0.00000
1567410222537552 -0.50155 0.86513 0.00000 -3305835.76061 -0.86513 -0.50155 0.00000 2324695.32165 0.00000 0.00000 1.00000 -0.00000
1567410222787298 -0.49748 0.86748 0.00000 -3316727.47540 -0.86748 -0.49748 0.00000 2309131.87769 0.00000 0.00000 1.00000 -0.00000
1567410223036884 -0.49425 0.86932 0.00000 -3325288.75734 -0.86932 -0.49425 0.00000 2296788.80611 0.00000 0.00000 1.00000 -0.00000
1567410223286688 -0.48986 0.87180 0.00000 -3336828.70313 -0.87180 -0.48986 0.00000 2279993.74536 0.00000 0.00000 1.00000 -0.00000
1567410223536132 -0.48566 0.87415 0.00000 -3347764.39100 -0.87415 -0.48566 0.00000 2263909.02618 0.00000 0.00000 1.00000 -0.00000
1567410223785995 -0.48151 0.87644 0.00000 -3358458.85951 -0.87644 -0.48151 0.00000 2248016.45669 0.00000 0.00000 1.00000 -0.00000
1567410224035806 -0.47689 0.87897 0.00000 -3370262.37535 -0.87897 -0.47689 0.00000 2230284.51720 0.00000 0.00000 1.00000 -0.00000
1567410224285161 -0.47186 0.88168 0.00000 -3382955.01163 -0.88168 -0.47186 0.00000 2210987.72302 0.00000 0.00000 1.00000 -0.00000
1567410224535504 -0.46658 0.88448 0.00000 -3396100.45035 -0.88448 -0.46658 0.00000 2190745.81839 0.00000 0.00000 1.00000 -0.00000
1567410224784669 -0.46126 0.88727 0.00000 -3409203.25020 -0.88727 -0.46126 0.00000 2170302.51953 0.00000 0.00000 1.00000 -0.00000
1567410225034006 -0.45597 0.89000 0.00000 -3422070.16066 -0.89000 -0.45597 0.00000 2149960.49491 0.00000 0.00000 1.00000 -0.00000
1567410225283717 -0.45202 0.89201 0.00000 -3431569.45364 -0.89201 -0.45202 0.00000 2134769.32870 0.00000 0.00000 1.00000 -0.00000
1567410225533585 -0.44827 0.89390 0.00000 -3440507.78575 -0.89390 -0.44827 0.00000 2120337.24877 0.00000 0.00000 1.00000 -0.00000
1567410225782712 -0.44548 0.89529 0.00000 -3447108.69352 -0.89529 -0.44548 0.00000 2109592.44901 0.00000 0.00000 1.00000 -0.00000
1567410226032488 -0.44229 0.89687 0.00000 -3454580.73376 -0.89687 -0.44229 0.00000 2097337.67937 0.00000 0.00000 1.00000 -0.00000
1567410226282141 -0.43895 0.89851 0.00000 -3462364.69074 -0.89851 -0.43895 0.00000 2084466.12642 0.00000 0.00000 1.00000 -0.00000
1567410226531590 -0.43524 0.90031 0.00000 -3470936.00772 -0.90031 -0.43524 0.00000 2070165.82736 0.00000 0.00000 1.00000 -0.00000
1567410226781610 -0.43219 0.90178 0.00000 -3477926.53855 -0.90178 -0.43219 0.00000 2058403.64006 0.00000 0.00000 1.00000 -0.00000
1567410227031110 -0.42875 0.90342 0.00000 -3485742.40434 -0.90342 -0.42875 0.00000 2045143.94582 0.00000 0.00000 1.00000 -0.00000
1567410227280818 -0.42571 0.90486 0.00000 -3492602.42311 -0.90486 -0.42571 0.00000 2033410.33155 0.00000 0.00000 1.00000 -0.00000
1567410227530391 -0.42339 0.90595 0.00000 -3497801.76199 -0.90595 -0.42339 0.00000 2024457.37692 0.00000 0.00000 1.00000 -0.00000
1567410227779824 -0.42305 0.90611 0.00000 -3498568.09708 -0.90611 -0.42305 0.00000 2023136.59621 0.00000 0.00000 1.00000 -0.00000
1567410228029556 -0.42312 0.90607 0.00000 -3498420.82205 -0.90607 -0.42312 0.00000 2023395.11530 0.00000 0.00000 1.00000 -0.00000
1567410228279696 -0.42341 0.90594 0.00000 -3497767.89031 -0.90594 -0.42341 0.00000 2024527.46455 0.00000 0.00000 1.00000 -0.00000
1567410228529686 -0.42389 0.90571 0.00000 -3496692.68291 -0.90571 -0.42389 0.00000 2026387.81983 0.00000 0.00000 1.00000 -0.00000
1567410228778838 -0.42419 0.90557 0.00000 -3496027.81108 -0.90557 -0.42419 0.00000 2027538.52615 0.00000 0.00000 1.00000 -0.00000
1567410229028907 -0.42460 0.90538 0.00000 -3495109.97985 -0.90538 -0.42460 0.00000 2029124.12642 0.00000 0.00000 1.00000 -0.00000
1567410229277959 -0.42510 0.90515 0.00000 -3493994.78009 -0.90515 -0.42510 0.00000 2031047.59067 0.00000 0.00000 1.00000 -0.00000
1567410229527366 -0.42556 0.90493 0.00000 -3492973.59742 -0.90493 -0.42556 0.00000 2032807.04801 0.00000 0.00000 1.00000 -0.00000
1567410229776456 -0.42628 0.90459 0.00000 -3491341.85990 -0.90459 -0.42628 0.00000 2035611.98218 0.00000 0.00000 1.00000 -0.00000
1567410230025791 -0.42690 0.90430 0.00000 -3489964.34261 -0.90430 -0.42690 0.00000 2037976.44441 0.00000 0.00000 1.00000 -0.00000
1567410230275333 -0.42748 0.90402 0.00000 -3488644.42433 -0.90402 -0.42748 0.00000 2040238.71269 0.00000 0.00000 1.00000 -0.00000
1567410230524881 -0.42803 0.90376 0.00000 -3487406.68454 -0.90376 -0.42803 0.00000 2042357.27530 0.00000 0.00000 1.00000 -0.00000
1567410230774223 -0.42847 0.90356 0.00000 -3486426.23045 -0.90356 -0.42847 0.00000 2044034.07512 0.00000 0.00000 1.00000 -0.00000
1567410231024182 -0.42884 0.90338 0.00000 -3485574.24336 -0.90338 -0.42884 0.00000 2045490.10659 0.00000 0.00000 1.00000 -0.00000
1567410231273140 -0.42904 0.90328 0.00000 -3485120.83207 -0.90328 -0.42904 0.00000 2046266.01248 0.00000 0.00000 1.00000 -0.00000
1567410231522758 -0.42930 0.90316 0.00000 -3484541.15982 -0.90316 -0.42930 0.00000 2047256.40936 0.00000 0.00000 1.00000 -0.00000
1567410231772615 -0.42981 0.90292 0.00000 -3483384.43041 -0.90292 -0.42981 0.00000 2049227.35941 0.00000 0.00000 1.00000 -0.00000
1567410232021833 -0.43013 0.90277 0.00000 -3482660.14886 -0.90277 -0.43013 0.00000 2050461.39103 0.00000 0.00000 1.00000 -0.00000
1567410232271411 -0.43045 0.90261 0.00000 -3481932.39785 -0.90261 -0.43045 0.00000 2051700.28848 0.00000 0.00000 1.00000 -0.00000
1567410232521018 -0.43107 0.90232 0.00000 -3480528.44023 -0.90232 -0.43107 0.00000 2054084.39130 0.00000 0.00000 1.00000 -0.00000
1567410232770640 -0.43185 0.90195 0.00000 -3478761.51393 -0.90195 -0.43185 0.00000 2057078.72526 0.00000 0.00000 1.00000 -0.00000
1567410233020218 -0.43206 0.90185 0.00000 -3478285.68712 -0.90185 -0.43206 0.00000 2057886.52446 0.00000 0.00000 1.00000 -0.00000
1567410233269883 -0.43188 0.90193 0.00000 -3478702.17523 -0.90193 -0.43188 0.00000 2057185.69428 0.00000 0.00000 1.00000 -0.00000
1567410233519068 -0.43232 0.90172 0.00000 -3477697.12455 -0.90172 -0.43232 0.00000 2058887.60664 0.00000 0.00000 1.00000 -0.00000
1567410233767570 -0.42903 0.90329 0.00000 -3485179.94799 -0.90329 -0.42903 0.00000 2046198.94999 0.00000 0.00000 1.00000 -0.00000
1567410234018082 -0.42811 0.90373 0.00000 -3487259.05807 -0.90373 -0.42811 0.00000 2042657.03042 0.00000 0.00000 1.00000 -0.00000
1567410234267434 -0.42717 0.90417 0.00000 -3489391.69203 -0.90417 -0.42717 0.00000 2039015.25505 0.00000 0.00000 1.00000 -0.00000
1567410234516871 -0.42752 0.90401 0.00000 -3488590.92060 -0.90401 -0.42752 0.00000 2040388.45984 0.00000 0.00000 1.00000 -0.00000
1567410234766451 -0.42722 0.90415 0.00000 -3489272.65456 -0.90415 -0.42722 0.00000 2039225.89024 0.00000 0.00000 1.00000 -0.00000
1567410235015470 -0.42738 0.90407 0.00000 -3488913.29345 -0.90407 -0.42738 0.00000 2039844.18454 0.00000 0.00000 1.00000 -0.00000
1567410235265747 -0.42733 0.90409 0.00000 -3489023.78076 -0.90409 -0.42733 0.00000 2039658.73848 0.00000 0.00000 1.00000 -0.00000
1567410235515250 -0.42726 0.90413 0.00000 -3489189.23404 -0.90413 -0.42726 0.00000 2039379.27784 0.00000 0.00000 1.00000 -0.00000
1567410235764846 -0.42761 0.90397 0.00000 -3488411.16735 -0.90397 -0.42761 0.00000 2040713.43399 0.00000 0.00000 1.00000 -0.00000
1567410236014585 -0.42721 0.90415 0.00000 -3489314.56208 -0.90415 -0.42721 0.00000 2039171.90552 0.00000 0.00000 1.00000 -0.00000
1567410236264016 -0.42699 0.90425 0.00000 -3489795.98040 -0.90425 -0.42699 0.00000 2038351.38918 0.00000 0.00000 1.00000 -0.00000
1567410236513413 -0.42717 0.90417 0.00000 -3489407.35223 -0.90417 -0.42717 0.00000 2039020.04076 0.00000 0.00000 1.00000 -0.00000
1567410236763093 -0.42694 0.90428 0.00000 -3489925.41327 -0.90428 -0.42694 0.00000 2038136.62825 0.00000 0.00000 1.00000 -0.00000
1567410237012952 -0.42691 0.90430 0.00000 -3489999.28632 -0.90430 -0.42691 0.00000 2038013.50050 0.00000 0.00000 1.00000 -0.00000
1567410237262138 -0.42682 0.90434 0.00000 -3490202.17378 -0.90434 -0.42682 0.00000 2037669.34816 0.00000 0.00000 1.00000 -0.00000
1567410237511537 -0.42671 0.90439 0.00000 -3490456.66064 -0.90439 -0.42671 0.00000 2037236.68722 0.00000 0.00000 1.00000 -0.00000
1567410237760103 -0.42582 0.90481 0.00000 -3492458.56041 -0.90481 -0.42582 0.00000 2033806.15925 0.00000 0.00000 1.00000 -0.00000
1567410238010920 -0.42561 0.90491 0.00000 -3492926.77185 -0.90491 -0.42561 0.00000 2033005.14478 0.00000 0.00000 1.00000 -0.00000
1567410238259560 -0.42573 0.90485 0.00000 -3492661.47058 -0.90485 -0.42573 0.00000 2033464.12136 0.00000 0.00000 1.00000 -0.00000
1567410238508000 -0.42374 0.90579 0.00000 -3497128.70537 -0.90579 -0.42374 0.00000 2025775.05641 0.00000 0.00000 1.00000 -0.00000
1567410238758188 -0.42435 0.90550 0.00000 -3495758.65493 -0.90550 -0.42435 0.00000 2028141.65762 0.00000 0.00000 1.00000 -0.00000
1567410239007411 -0.42465 0.90536 0.00000 -3495080.64390 -0.90536 -0.42465 0.00000 2029313.15121 0.00000 0.00000 1.00000 -0.00000
1567410239257110 -0.42439 0.90548 0.00000 -3495677.07444 -0.90548 -0.42439 0.00000 2028288.89055 0.00000 0.00000 1.00000 -0.00000
1567410239506516 -0.42476 0.90531 0.00000 -3494841.18185 -0.90531 -0.42476 0.00000 2029732.16627 0.00000 0.00000 1.00000 -0.00000
1567410239755719 -0.42510 0.90514 0.00000 -3494072.86842 -0.90514 -0.42510 0.00000 2031057.81951 0.00000 0.00000 1.00000 -0.00000
1567410240006064 -0.42532 0.90504 0.00000 -3493588.22046 -0.90504 -0.42532 0.00000 2031894.69744 0.00000 0.00000 1.00000 -0.00000
1567410240255577 -0.42575 0.90484 0.00000 -3492618.88220 -0.90484 -0.42575 0.00000 2033563.79113 0.00000 0.00000 1.00000 -0.00000
1567410240505496 -0.42600 0.90472 0.00000 -3492056.80736 -0.90472 -0.42600 0.00000 2034532.21573 0.00000 0.00000 1.00000 -0.00000
1567410240754612 -0.42623 0.90462 0.00000 -3491555.71752 -0.90462 -0.42623 0.00000 2035395.41005 0.00000 0.00000 1.00000 -0.00000
1567410241004081 -0.42620 0.90463 0.00000 -3491625.76785 -0.90463 -0.42620 0.00000 2035278.62713 0.00000 0.00000 1.00000 -0.00000
1567410241253655 -0.42678 0.90435 0.00000 -3490314.39402 -0.90435 -0.42678 0.00000 2037530.04110 0.00000 0.00000 1.00000 -0.00000
1567410241503316 -0.42736 0.90408 0.00000 -3489011.10382 -0.90408 -0.42736 0.00000 2039764.26866 0.00000 0.00000 1.00000 -0.00000
1567410241752218 -0.42853 0.90353 0.00000 -3486369.51363 -0.90353 -0.42853 0.00000 2044279.25351 0.00000 0.00000 1.00000 -0.00000
1567410242001778 -0.43007 0.90280 0.00000 -3482880.43512 -0.90280 -0.43007 0.00000 2050221.23817 0.00000 0.00000 1.00000 -0.00000
1567410242251416 -0.43145 0.90213 0.00000 -3479732.50649 -0.90213 -0.43145 0.00000 2055562.69530 0.00000 0.00000 1.00000 -0.00000
1567410242500823 -0.43267 0.90155 0.00000 -3476956.35948 -0.90155 -0.43267 0.00000 2060258.15976 0.00000 0.00000 1.00000 -0.00000
1567410242750677 -0.43385 0.90099 0.00000 -3474264.29930 -0.90099 -0.43385 0.00000 2064797.69860 0.00000 0.00000 1.00000 -0.00000
1567410242999958 -0.43502 0.90042 0.00000 -3471573.15004 -0.90042 -0.43502 0.00000 2069322.21058 0.00000 0.00000 1.00000 -0.00000
1567410243250004 -0.43558 0.90015 0.00000 -3470303.87969 -0.90015 -0.43558 0.00000 2071453.11458 0.00000 0.00000 1.00000 -0.00000
1567410243499701 -0.43529 0.90029 0.00000 -3470964.74130 -0.90029 -0.43529 0.00000 2070348.54364 0.00000 0.00000 1.00000 -0.00000
1567410243749969 -0.43600 0.89994 0.00000 -3469318.93679 -0.89994 -0.43600 0.00000 2073108.14644 0.00000 0.00000 1.00000 -0.00000
1567410243998587 -0.43593 0.89998 0.00000 -3469501.06858 -0.89998 -0.43593 0.00000 2072806.23170 0.00000 0.00000 1.00000 -0.00000
1567410244248363 -0.43407 0.90088 0.00000 -3473772.16264 -0.90088 -0.43407 0.00000 2065643.41279 0.00000 0.00000 1.00000 -0.00000
1567410244498184 -0.43486 0.90050 0.00000 -3471952.11268 -0.90050 -0.43486 0.00000 2068704.12483 0.00000 0.00000 1.00000 -0.00000
1567410244747634 -0.43654 0.89968 0.00000 -3468090.64902 -0.89968 -0.43654 0.00000 2075174.20010 0.00000 0.00000 1.00000 -0.00000
1567410244996903 -0.43822 0.89887 0.00000 -3464204.78435 -0.89887 -0.43822 0.00000 2081657.61551 0.00000 0.00000 1.00000 -0.00000
1567410245246738 -0.44068 0.89766 0.00000 -3458491.43366 -0.89766 -0.44068 0.00000 2091139.10814 0.00000 0.00000 1.00000 -0.00000
1567410245494995 -0.44414 0.89596 0.00000 -3450410.38073 -0.89596 -0.44414 0.00000 2104449.21424 0.00000 0.00000 1.00000 -0.00000
1567410245744691 -0.44805 0.89401 0.00000 -3441183.72843 -0.89401 -0.44805 0.00000 2119505.93496 0.00000 0.00000 1.00000 -0.00000
1567410245994247 -0.45188 0.89208 0.00000 -3432066.89416 -0.89208 -0.45188 0.00000 2134239.97689 0.00000 0.00000 1.00000 -0.00000
1567410246243705 -0.45588 0.89004 0.00000 -3422446.95812 -0.89004 -0.45588 0.00000 2149635.51257 0.00000 0.00000 1.00000 -0.00000
1567410246493366 -0.45972 0.88806 0.00000 -3413122.98443 -0.88806 -0.45972 0.00000 2164412.19391 0.00000 0.00000 1.00000 -0.00000
1567410246742847 -0.46354 0.88608 0.00000 -3403796.45358 -0.88608 -0.46354 0.00000 2179052.77631 0.00000 0.00000 1.00000 -0.00000
1567410246992239 -0.46734 0.88408 0.00000 -3394403.38115 -0.88408 -0.46734 0.00000 2193658.96316 0.00000 0.00000 1.00000 -0.00000
1567410247242031 -0.47052 0.88239 0.00000 -3386476.49221 -0.88239 -0.47052 0.00000 2205879.32635 0.00000 0.00000 1.00000 -0.00000
1567410247490856 -0.47279 0.88117 0.00000 -3380783.41927 -0.88117 -0.47279 0.00000 2214597.65281 0.00000 0.00000 1.00000 -0.00000
1567410247740809 -0.47555 0.87969 0.00000 -3373841.11239 -0.87969 -0.47555 0.00000 2225162.50758 0.00000 0.00000 1.00000 -0.00000
1567410247990626 -0.47960 0.87749 0.00000 -3363543.03273 -0.87749 -0.47960 0.00000 2240701.47044 0.00000 0.00000 1.00000 -0.00000
1567410248240469 -0.48431 0.87490 0.00000 -3351462.40023 -0.87490 -0.48431 0.00000 2258733.56265 0.00000 0.00000 1.00000 -0.00000
1567410248489638 -0.48918 0.87218 0.00000 -3338801.59558 -0.87218 -0.48918 0.00000 2277409.52052 0.00000 0.00000 1.00000 -0.00000
1567410248740238 -0.49384 0.86955 0.00000 -3326569.69583 -0.86955 -0.49384 0.00000 2295242.24941 0.00000 0.00000 1.00000 -0.00000
1567410248988851 -0.49863 0.86682 0.00000 -3313869.25065 -0.86682 -0.49863 0.00000 2313544.03759 0.00000 0.00000 1.00000 -0.00000
1567410249238089 -0.50331 0.86411 0.00000 -3301315.81988 -0.86411 -0.50331 0.00000 2331424.78838 0.00000 0.00000 1.00000 -0.00000
1567410249487182 -0.50775 0.86150 0.00000 -3289260.20526 -0.86150 -0.50775 0.00000 2348405.22165 0.00000 0.00000 1.00000 -0.00000
1567410249737211 -0.50901 0.86076 0.00000 -3285842.34565 -0.86076 -0.50901 0.00000 2353187.60485 0.00000 0.00000 1.00000 -0.00000
1567410249986280 -0.50860 0.86100 0.00000 -3286947.04848 -0.86100 -0.50860 0.00000 2351646.85431 0.00000 0.00000 1.00000 -0.00000
1567410250235806 -0.50747 0.86167 0.00000 -3290050.89146 -0.86167 -0.50747 0.00000 2347305.03284 0.00000 0.00000 1.00000 -0.00000
1567410250485075 -0.50662 0.86217 0.00000 -3292356.81382 -0.86217 -0.50662 0.00000 2344072.15637 0.00000 0.00000 1.00000 -0.00000
1567410250735249 -0.50707 0.86191 0.00000 -3291133.12155 -0.86191 -0.50707 0.00000 2345792.42793 0.00000 0.00000 1.00000 -0.00000
1567410250983900 -0.50708 0.86190 0.00000 -3291110.32410 -0.86190 -0.50708 0.00000 2345826.93034 0.00000 0.00000 1.00000 -0.00000
1567410251232637 -0.50592 0.86258 0.00000 -3294270.57347 -0.86258 -0.50592 0.00000 2341389.44562 0.00000 0.00000 1.00000 -0.00000
1567410251482924 -0.50584 0.86262 0.00000 -3294467.54033 -0.86262 -0.50584 0.00000 2341114.87800 0.00000 0.00000 1.00000 -0.00000
1567410251731930 -0.50659 0.86218 0.00000 -3292432.60201 -0.86218 -0.50659 0.00000 2343978.44160 0.00000 0.00000 1.00000 -0.00000
1567410251981708 -0.50823 0.86122 0.00000 -3287967.76353 -0.86122 -0.50823 0.00000 2350239.86787 0.00000 0.00000 1.00000 -0.00000
1567410252231835 -0.51046 0.85990 0.00000 -3281893.03480 -0.85990 -0.51046 0.00000 2358717.83166 0.00000 0.00000 1.00000 -0.00000
1567410252480110 -0.51359 0.85803 0.00000 -3273252.06178 -0.85803 -0.51359 0.00000 2370697.12466 0.00000 0.00000 1.00000 -0.00000
1567410252730329 -0.51667 0.85618 0.00000 -3264724.30009 -0.85618 -0.51667 0.00000 2382429.76645 0.00000 0.00000 1.00000 -0.00000
1567410252979616 -0.51946 0.85450 0.00000 -3256950.24678 -0.85450 -0.51946 0.00000 2393049.08260 0.00000 0.00000 1.00000 -0.00000
1567410253228921 -0.52265 0.85255 0.00000 -3247969.94711 -0.85255 -0.52265 0.00000 2405226.11051 0.00000 0.00000 1.00000 -0.00000
1567410253480088 -0.52595 0.85051 0.00000 -3238620.10844 -0.85051 -0.52595 0.00000 2417803.53418 0.00000 0.00000 1.00000 -0.00000
1567410253729525 -0.52917 0.84852 0.00000 -3229445.96341 -0.84852 -0.52917 0.00000 2430046.41419 0.00000 0.00000 1.00000 -0.00000
1567410253979006 -0.53182 0.84686 0.00000 -3221833.73617 -0.84686 -0.53182 0.00000 2440132.55630 0.00000 0.00000 1.00000 -0.00000
1567410254228824 -0.53183 0.84685 0.00000 -3221822.88313 -0.84685 -0.53183 0.00000 2440149.51297 0.00000 0.00000 1.00000 -0.00000
1567410254478256 -0.53193 0.84679 0.00000 -3221510.14611 -0.84679 -0.53193 0.00000 2440565.01926 0.00000 0.00000 1.00000 -0.00000
1567410254726814 -0.53218 0.84663 0.00000 -3220797.96292 -0.84663 -0.53218 0.00000 2441507.45674 0.00000 0.00000 1.00000 -0.00000
1567410254976206 -0.53344 0.84584 0.00000 -3217154.45936 -0.84584 -0.53344 0.00000 2446309.14084 0.00000 0.00000 1.00000 -0.00000
1567410255225807 -0.53470 0.84504 0.00000 -3213512.96342 -0.84504 -0.53470 0.00000 2451093.38615 0.00000 0.00000 1.00000 -0.00000
1567410255475409 -0.53608 0.84417 0.00000 -3209511.62398 -0.84417 -0.53608 0.00000 2456333.16663 0.00000 0.00000 1.00000 -0.00000
1567410255726137 -0.53671 0.84377 0.00000 -3207679.19997 -0.84377 -0.53671 0.00000 2458728.30229 0.00000 0.00000 1.00000 -0.00000
1567410255974784 -0.53684 0.84368 0.00000 -3207302.96099 -0.84368 -0.53684 0.00000 2459221.75095 0.00000 0.00000 1.00000 -0.00000
1567410256224127 -0.53681 0.84370 0.00000 -3207389.70900 -0.84370 -0.53681 0.00000 2459111.31833 0.00000 0.00000 1.00000 -0.00000
1567410256473594 -0.53683 0.84369 0.00000 -3207338.98338 -0.84369 -0.53683 0.00000 2459180.23410 0.00000 0.00000 1.00000 -0.00000
1567410256722943 -0.53729 0.84340 0.00000 -3206000.48008 -0.84340 -0.53729 0.00000 2460927.73834 0.00000 0.00000 1.00000 -0.00000
1567410256973033 -0.53783 0.84305 0.00000 -3204414.90194 -0.84305 -0.53783 0.00000 2462994.77955 0.00000 0.00000 1.00000 -0.00000
1567410257221763 -0.53846 0.84265 0.00000 -3202591.39308 -0.84265 -0.53846 0.00000 2465368.18299 0.00000 0.00000 1.00000 -0.00000
1567410257471165 -0.53945 0.84202 0.00000 -3199699.36761 -0.84202 -0.53945 0.00000 2469123.25691 0.00000 0.00000 1.00000 -0.00000
1567410257720965 -0.54019 0.84155 0.00000 -3197530.51744 -0.84155 -0.54019 0.00000 2471934.10890 0.00000 0.00000 1.00000 -0.00000
1567410257970501 -0.54217 0.84027 0.00000 -3191690.84803 -0.84027 -0.54217 0.00000 2479472.27566 0.00000 0.00000 1.00000 -0.00000
1567410258219536 -0.54514 0.83834 0.00000 -3182891.63210 -0.83834 -0.54514 0.00000 2490760.49406 0.00000 0.00000 1.00000 -0.00000
1567410258469037 -0.54561 0.83804 0.00000 -3181514.78233 -0.83804 -0.54561 0.00000 2492521.73120 0.00000 0.00000 1.00000 -0.00000
1567410258721242 -0.54764 0.83672 0.00000 -3175463.72261 -0.83672 -0.54764 0.00000 2500229.04817 0.00000 0.00000 1.00000 -0.00000
1567410258968430 -0.54918 0.83570 0.00000 -3170840.11182 -0.83570 -0.54918 0.00000 2506092.98758 0.00000 0.00000 1.00000 -0.00000
1567410259218726 -0.55095 0.83454 0.00000 -3165524.19452 -0.83454 -0.55095 0.00000 2512807.15505 0.00000 0.00000 1.00000 -0.00000
1567410259468454 -0.55249 0.83352 0.00000 -3160891.26117 -0.83352 -0.55249 0.00000 2518635.31487 0.00000 0.00000 1.00000 -0.00000
1567410259718175 -0.55429 0.83232 0.00000 -3155431.34130 -0.83232 -0.55429 0.00000 2525475.09489 0.00000 0.00000 1.00000 -0.00000
1567410259967549 -0.55575 0.83135 0.00000 -3151009.94014 -0.83135 -0.55575 0.00000 2530992.20639 0.00000 0.00000 1.00000 -0.00000
1567410260216656 -0.55726 0.83034 0.00000 -3146407.03296 -0.83034 -0.55726 0.00000 2536714.71070 0.00000 0.00000 1.00000 -0.00000
1567410260465898 -0.55911 0.82909 0.00000 -3140732.15537 -0.82909 -0.55911 0.00000 2543740.08175 0.00000 0.00000 1.00000 -0.00000
1567410260714324 -0.56177 0.82729 0.00000 -3132538.16522 -0.82729 -0.56177 0.00000 2553826.51608 0.00000 0.00000 1.00000 -0.00000
1567410260964083 -0.56497 0.82511 0.00000 -3122630.45322 -0.82511 -0.56497 0.00000 2565934.01528 0.00000 0.00000 1.00000 -0.00000
1567410261213270 -0.56871 0.82254 0.00000 -3110954.04860 -0.82254 -0.56871 0.00000 2580080.65736 0.00000 0.00000 1.00000 -0.00000
1567410261462452 -0.57241 0.81996 0.00000 -3099292.86483 -0.81996 -0.57241 0.00000 2594079.38924 0.00000 0.00000 1.00000 -0.00000
1567410261712135 -0.57604 0.81742 0.00000 -3087782.89914 -0.81742 -0.57604 0.00000 2607771.79144 0.00000 0.00000 1.00000 -0.00000
1567410261961358 -0.57993 0.81467 0.00000 -3075323.33398 -0.81467 -0.57993 0.00000 2622456.11815 0.00000 0.00000 1.00000 -0.00000
1567410262210536 -0.58281 0.81261 0.00000 -3066019.02544 -0.81261 -0.58281 0.00000 2633330.53928 0.00000 0.00000 1.00000 -0.00000
1567410262459494 -0.58622 0.81015 0.00000 -3054909.63597 -0.81015 -0.58622 0.00000 2646212.77263 0.00000 0.00000 1.00000 -0.00000
1567410262708557 -0.58874 0.80832 0.00000 -3046672.76469 -0.80832 -0.58874 0.00000 2655694.35684 0.00000 0.00000 1.00000 -0.00000
1567410262957755 -0.58988 0.80749 0.00000 -3042924.77460 -0.80749 -0.58988 0.00000 2659990.40257 0.00000 0.00000 1.00000 -0.00000
1567410263207749 -0.59232 0.80570 0.00000 -3034856.37553 -0.80570 -0.59232 0.00000 2669194.56521 0.00000 0.00000 1.00000 -0.00000
1567410263457397 -0.59455 0.80406 0.00000 -3027441.51564 -0.80406 -0.59455 0.00000 2677604.04031 0.00000 0.00000 1.00000 -0.00000
1567410263706684 -0.59798 0.80151 0.00000 -3015987.85428 -0.80151 -0.59798 0.00000 2690500.96770 0.00000 0.00000 1.00000 -0.00000
1567410263956233 -0.60114 0.79914 0.00000 -3005343.22576 -0.79914 -0.60114 0.00000 2702388.38496 0.00000 0.00000 1.00000 -0.00000
1567410264205295 -0.60454 0.79657 0.00000 -2993797.28392 -0.79657 -0.60454 0.00000 2715176.12924 0.00000 0.00000 1.00000 -0.00000
1567410264455946 -0.60787 0.79404 0.00000 -2982421.89029 -0.79404 -0.60787 0.00000 2727668.59232 0.00000 0.00000 1.00000 -0.00000
1567410264704119 -0.61135 0.79136 0.00000 -2970416.48882 -0.79136 -0.61135 0.00000 2740739.77653 0.00000 0.00000 1.00000 -0.00000
1567410264952664 -0.61507 0.78847 0.00000 -2957483.98173 -0.78847 -0.61507 0.00000 2754692.23232 0.00000 0.00000 1.00000 -0.00000
1567410265202447 -0.61824 0.78599 0.00000 -2946368.41507 -0.78599 -0.61824 0.00000 2766580.18908 0.00000 0.00000 1.00000 -0.00000
1567410265451975 -0.62143 0.78347 0.00000 -2935092.87751 -0.78347 -0.62143 0.00000 2778541.76310 0.00000 0.00000 1.00000 -0.00000
1567410265700944 -0.62458 0.78096 0.00000 -2923889.63437 -0.78096 -0.62458 0.00000 2790330.70959 0.00000 0.00000 1.00000 -0.00000
1567410265950215 -0.62771 0.77845 0.00000 -2912674.24298 -0.77845 -0.62771 0.00000 2802037.84656 0.00000 0.00000 1.00000 -0.00000
1567410266199857 -0.63055 0.77615 0.00000 -2902411.52517 -0.77615 -0.63055 0.00000 2812668.80563 0.00000 0.00000 1.00000 -0.00000
1567410266449556 -0.63361 0.77365 0.00000 -2891278.74065 -0.77365 -0.63361 0.00000 2824113.42705 0.00000 0.00000 1.00000 -0.00000
1567410266698427 -0.63571 0.77193 0.00000 -2883588.80985 -0.77193 -0.63571 0.00000 2831966.71427 0.00000 0.00000 1.00000 -0.00000
1567410266948064 -0.64015 0.76825 0.00000 -2867214.38955 -0.76825 -0.64015 0.00000 2848545.60076 0.00000 0.00000 1.00000 -0.00000
1567410267196395 -0.64243 0.76634 0.00000 -2858729.83320 -0.76634 -0.64243 0.00000 2857062.25336 0.00000 0.00000 1.00000 -0.00000
1567410267446888 -0.64467 0.76446 0.00000 -2850362.63892 -0.76446 -0.64467 0.00000 2865411.75515 0.00000 0.00000 1.00000 -0.00000
1567410267696346 -0.64776 0.76185 0.00000 -2838750.21805 -0.76185 -0.64776 0.00000 2876918.41915 0.00000 0.00000 1.00000 -0.00000
1567410267945221 -0.65003 0.75991 0.00000 -2830149.34262 -0.75991 -0.65003 0.00000 2885381.73247 0.00000 0.00000 1.00000 -0.00000
1567410268194788 -0.65323 0.75716 0.00000 -2817944.15541 -0.75716 -0.65323 0.00000 2897304.68205 0.00000 0.00000 1.00000 -0.00000
1567410268444332 -0.65563 0.75508 0.00000 -2808753.06506 -0.75508 -0.65563 0.00000 2906217.57859 0.00000 0.00000 1.00000 -0.00000
1567410268693528 -0.65839 0.75268 0.00000 -2798086.21407 -0.75268 -0.65839 0.00000 2916490.80288 0.00000 0.00000 1.00000 -0.00000
1567410268942767 -0.66120 0.75021 0.00000 -2787170.96888 -0.75021 -0.66120 0.00000 2926925.64000 0.00000 0.00000 1.00000 -0.00000
1567410269191829 -0.66392 0.74781 0.00000 -2776530.16556 -0.74781 -0.66392 0.00000 2937023.43043 0.00000 0.00000 1.00000 -0.00000
1567410269441709 -0.66695 0.74510 0.00000 -2764574.27042 -0.74510 -0.66695 0.00000 2948281.89666 0.00000 0.00000 1.00000 -0.00000
1567410269691692 -0.66998 0.74238 0.00000 -2752555.28189 -0.74238 -0.66998 0.00000 2959507.91515 0.00000 0.00000 1.00000 -0.00000
1567410269942033 -0.67292 0.73971 0.00000 -2740782.04982 -0.73971 -0.67292 0.00000 2970416.11223 0.00000 0.00000 1.00000 -0.00000
1567410270189567 -0.67555 0.73731 0.00000 -2730175.26299 -0.73731 -0.67555 0.00000 2980169.67807 0.00000 0.00000 1.00000 -0.00000
1567410270440192 -0.67827 0.73481 0.00000 -2719146.81665 -0.73481 -0.67827 0.00000 2990237.27927 0.00000 0.00000 1.00000 -0.00000
1567410270688851 -0.68095 0.73233 0.00000 -2708220.32136 -0.73233 -0.68095 0.00000 3000138.48279 0.00000 0.00000 1.00000 -0.00000
1567410270937134 -0.68279 0.73062 0.00000 -2700682.74524 -0.73062 -0.68279 0.00000 3006927.06469 0.00000 0.00000 1.00000 -0.00000
1567410271188786 -0.68659 0.72704 0.00000 -2684939.11695 -0.72704 -0.68659 0.00000 3020994.72805 0.00000 0.00000 1.00000 -0.00000
1567410271435577 -0.68918 0.72459 0.00000 -2674145.28275 -0.72459 -0.68918 0.00000 3030555.01621 0.00000 0.00000 1.00000 -0.00000
1567410271685822 -0.69050 0.72333 0.00000 -2668636.85116 -0.72333 -0.69050 0.00000 3035408.33453 0.00000 0.00000 1.00000 -0.00000
1567410271935474 -0.69356 0.72040 0.00000 -2655755.78470 -0.72040 -0.69356 0.00000 3046686.29071 0.00000 0.00000 1.00000 -0.00000
1567410272184728 -0.69541 0.71862 0.00000 -2647918.59177 -0.71862 -0.69541 0.00000 3053501.75814 0.00000 0.00000 1.00000 -0.00000
1567410272436682 -0.69664 0.71742 0.00000 -2642656.66533 -0.71742 -0.69664 0.00000 3058058.44421 0.00000 0.00000 1.00000 -0.00000
1567410272684000 -0.69729 0.71679 0.00000 -2639897.57056 -0.71679 -0.69729 0.00000 3060442.15942 0.00000 0.00000 1.00000 -0.00000
1567410272933274 -0.69795 0.71614 0.00000 -2637065.57439 -0.71614 -0.69795 0.00000 3062884.31835 0.00000 0.00000 1.00000 -0.00000
1567410273182683 -0.69878 0.71534 0.00000 -2633531.96788 -0.71534 -0.69878 0.00000 3065924.72579 0.00000 0.00000 1.00000 -0.00000
1567410273432039 -0.69996 0.71418 0.00000 -2628445.19921 -0.71418 -0.69996 0.00000 3070288.38527 0.00000 0.00000 1.00000 -0.00000
1567410273681042 -0.70125 0.71292 0.00000 -2622915.96215 -0.71292 -0.70125 0.00000 3075014.91243 0.00000 0.00000 1.00000 -0.00000
1567410273930412 -0.70353 0.71066 0.00000 -2613035.90303 -0.71066 -0.70353 0.00000 3083416.64159 0.00000 0.00000 1.00000 -0.00000
1567410274179963 -0.70726 0.70695 0.00000 -2596776.20078 -0.70695 -0.70726 0.00000 3097124.18190 0.00000 0.00000 1.00000 -0.00000
1567410274430208 -0.71075 0.70344 0.00000 -2581429.95511 -0.70344 -0.71075 0.00000 3109928.34233 0.00000 0.00000 1.00000 -0.00000
1567410274678807 -0.71311 0.70105 0.00000 -2570951.92010 -0.70105 -0.71311 0.00000 3118597.62828 0.00000 0.00000 1.00000 -0.00000
1567410274928024 -0.71498 0.69914 0.00000 -2562625.64473 -0.69914 -0.71498 0.00000 3125444.74519 0.00000 0.00000 1.00000 -0.00000
1567410275177872 -0.71656 0.69753 0.00000 -2555565.17044 -0.69753 -0.71656 0.00000 3131222.10812 0.00000 0.00000 1.00000 -0.00000
1567410275426728 -0.71808 0.69596 0.00000 -2548737.13549 -0.69596 -0.71808 0.00000 3136784.09098 0.00000 0.00000 1.00000 -0.00000
1567410275675894 -0.71978 0.69420 0.00000 -2541051.87627 -0.69420 -0.71978 0.00000 3143014.63333 0.00000 0.00000 1.00000 -0.00000
1567410275925507 -0.72172 0.69219 0.00000 -2532240.63855 -0.69219 -0.72172 0.00000 3150119.54341 0.00000 0.00000 1.00000 -0.00000
1567410276174718 -0.72389 0.68991 0.00000 -2522334.02548 -0.68991 -0.72389 0.00000 3158059.03309 0.00000 0.00000 1.00000 -0.00000
1567410276424118 -0.72657 0.68709 0.00000 -2510025.98731 -0.68709 -0.72657 0.00000 3167851.82465 0.00000 0.00000 1.00000 -0.00000
1567410276673632 -0.72933 0.68417 0.00000 -2497272.89682 -0.68417 -0.72933 0.00000 3177916.52469 0.00000 0.00000 1.00000 -0.00000
1567410276922642 -0.73259 0.68067 0.00000 -2482056.98593 -0.68067 -0.73259 0.00000 3189816.29439 0.00000 0.00000 1.00000 -0.00000
1567410277172115 -0.73601 0.67697 0.00000 -2465941.72923 -0.67697 -0.73601 0.00000 3202292.24866 0.00000 0.00000 1.00000 -0.00000
1567410277421394 -0.74014 0.67245 0.00000 -2446296.02962 -0.67245 -0.74014 0.00000 3217326.39284 0.00000 0.00000 1.00000 -0.00000
1567410277670831 -0.74349 0.66874 0.00000 -2430193.09898 -0.66874 -0.74349 0.00000 3229508.30154 0.00000 0.00000 1.00000 -0.00000
1567410277920299 -0.74759 0.66416 0.00000 -2410292.00354 -0.66416 -0.74759 0.00000 3244389.55572 0.00000 0.00000 1.00000 -0.00000
1567410278169909 -0.75052 0.66085 0.00000 -2395909.58269 -0.66085 -0.75052 0.00000 3255026.42441 0.00000 0.00000 1.00000 -0.00000
1567410278418758 -0.75370 0.65722 0.00000 -2380186.22812 -0.65722 -0.75370 0.00000 3266542.78520 0.00000 0.00000 1.00000 -0.00000
1567410278669482 -0.75688 0.65356 0.00000 -2364334.90328 -0.65356 -0.75688 0.00000 3278035.55580 0.00000 0.00000 1.00000 -0.00000
1567410278918389 -0.75934 0.65069 0.00000 -2351934.68052 -0.65069 -0.75934 0.00000 3286945.07738 0.00000 0.00000 1.00000 -0.00000
1567410279167462 -0.76170 0.64793 0.00000 -2339956.27899 -0.64793 -0.76170 0.00000 3295484.38009 0.00000 0.00000 1.00000 -0.00000
1567410279415518 -0.76287 0.64655 0.00000 -2333992.01889 -0.64655 -0.76287 0.00000 3299712.40147 0.00000 0.00000 1.00000 -0.00000
1567410279666064 -0.76395 0.64528 0.00000 -2328494.27216 -0.64528 -0.76395 0.00000 3303595.46808 0.00000 0.00000 1.00000 -0.00000
1567410279915313 -0.76546 0.64349 0.00000 -2320767.88312 -0.64349 -0.76546 0.00000 3309028.98449 0.00000 0.00000 1.00000 -0.00000
1567410280164531 -0.76660 0.64212 0.00000 -2314873.45006 -0.64212 -0.76660 0.00000 3313156.33815 0.00000 0.00000 1.00000 -0.00000
1567410280413674 -0.76790 0.64057 0.00000 -2308148.58771 -0.64057 -0.76790 0.00000 3317845.93086 0.00000 0.00000 1.00000 -0.00000
1567410280663364 -0.76869 0.63962 0.00000 -2304043.87444 -0.63962 -0.76869 0.00000 3320698.83192 0.00000 0.00000 1.00000 -0.00000
1567410280912973 -0.76662 0.64210 0.00000 -2314770.80028 -0.64210 -0.76662 0.00000 3313231.38888 0.00000 0.00000 1.00000 -0.00000
1567410281161866 -0.76258 0.64690 0.00000 -2335510.28538 -0.64690 -0.76258 0.00000 3298645.90114 0.00000 0.00000 1.00000 -0.00000
1567410281410852 -0.75388 0.65701 0.00000 -2379311.22451 -0.65701 -0.75388 0.00000 3267194.20336 0.00000 0.00000 1.00000 -0.00000
1567410281660395 -0.73878 0.67395 0.00000 -2452826.32089 -0.67395 -0.73878 0.00000 3212371.33164 0.00000 0.00000 1.00000 -0.00000
1567410281909746 -0.71735 0.69671 0.00000 -2552055.45933 -0.69671 -0.71735 0.00000 3134119.65420 0.00000 0.00000 1.00000 -0.00000
1567410282159034 -0.68747 0.72621 0.00000 -2681381.69153 -0.72621 -0.68747 0.00000 3024217.55136 0.00000 0.00000 1.00000 -0.00000
1567410282409495 -0.64828 0.76141 0.00000 -2836902.84395 -0.76141 -0.64828 0.00000 2878834.53551 0.00000 0.00000 1.00000 -0.00000
1567410282657404 -0.59929 0.80054 0.00000 -3011738.20402 -0.80054 -0.59929 0.00000 2695393.36357 0.00000 0.00000 1.00000 -0.00000
1567410282907011 -0.54232 0.84017 0.00000 -3191444.55094 -0.84017 -0.54232 0.00000 2480000.10405 0.00000 0.00000 1.00000 -0.00000
1567410283156684 -0.47881 0.87792 0.00000 -3365810.49272 -0.87792 -0.47881 0.00000 2237642.79552 0.00000 0.00000 1.00000 -0.00000
1567410283404663 -0.40537 0.91415 0.00000 -3537617.65121 -0.91415 -0.40537 0.00000 1954736.26668 0.00000 0.00000 1.00000 -0.00000
1567410283654623 -0.31723 0.94835 0.00000 -3706408.79802 -0.94835 -0.31723 0.00000 1611916.09032 0.00000 0.00000 1.00000 -0.00000
1567410283903860 -0.21733 0.97610 0.00000 -3853392.64303 -0.97610 -0.21733 0.00000 1219472.09690 0.00000 0.00000 1.00000 -0.00000
1567410284152724 -0.10620 0.99435 0.00000 -3966077.19699 -0.99435 -0.10620 0.00000 778451.20224 0.00000 0.00000 1.00000 -0.00000
1567410284402156 0.01914 0.99982 -0.00000 -4032336.98114 -0.99982 0.01914 0.00000 275718.68719 0.00000 -0.00000 1.00000 0.00000
1567410284651620 0.14975 0.98872 -0.00000 -4033760.06735 -0.98872 0.14975 0.00000 -254066.65294 0.00000 -0.00000 1.00000 0.00000
