1. 0. 0. 0. 0. 1. 0. 0. 0. 0. 1. 0.
1. 0. 0. 0.003 -0. 1. 0. -0.002 0. 0. 1. 0.
1. 0. 0. -0.002 -0. 1. 0. -0.006 0. 0. 1. 0.
1. 0. 0. 0.002 -0. 1. 0. -0.009 0. 0. 1. 0.
1. 0. 0. 0.002 -0. 1. 0. -0.007 0. 0. 1. 0.
1. 0. 0. 0.003 -0. 1. 0. -0.003 0. 0. 1. 0.
1. 0. 0. 0.000 -0. 1. 0. -0.007 0. 0. 1. 0.
1. -0. 0. 0.001 0. 1. 0. -0.005 0. 0. 1. 0.
1. 0. 0. -0.003 -0. 1. 0. -0.000 0. 0. 1. 0.
1. 0. 0. -0.001 -0. 1. 0. -0.007 0. 0. 1. 0.
1. 0. 0. 0.002 -0. 1. 0. -0.002 0. 0. 1. 0.
1. 0. 0. -0.002 -0. 1. 0. 0.003 0. 0. 1. 0.
1. 0. 0. 0.003 -0. 1. 0. 0.002 0. 0. 1. 0.
1. 0. 0. 0.003 -0. 1. 0. 0.009 0. 0. 1. 0.
1. 0.000 0. -0.001 -0.000 1. 0. -0.001 0. 0. 1. 0.
1. 0. 0. -0.001 -0. 1. 0. -0.002 0. 0. 1. 0.
1. 0.000 0. -0.002 -0.000 1. 0. -0.001 0. 0. 1. 0.
1. 0.000 0. -0.001 -0.000 1. 0. -0.005 0. 0. 1. 0.
1. 0. 0. -0. -0. 1. 0. -0.002 0. 0. 1. 0.
1. 0. 0. 0.004 -0. 1. 0. 0.008 0. 0. 1. 0.
1. 0.000 0. 0.000 -0.000 1. 0. 0.002 0. 0. 1. 0.
1. 0. 0. -0.000 -0. 1. 0. -0.001 0. 0. 1. 0.
1. 0.000 0. 0.002 -0.000 1. 0. 0.005 0. 0. 1. 0.
1. 0.000 0. 0.003 -0.000 1. 0. 0.009 0. 0. 1. 0.
1. 0.000 0. 0.003 -0.000 1. 0. 0.012 0. 0. 1. 0.
1. 0.000 0. -0.002 -0.000 1. 0. 0.009 0. 0. 1. 0.
1. -0. 0. 0.002 0. 1. 0. -0.000 0. 0. 1. 0.
1. 0.000 0. 0.003 -0.000 1. 0. -0.004 0. 0. 1. 0.
1. 0.000 0. -0.002 -0.000 1. 0. 0.003 0. 0. 1. 0.
1. 0.000 0. 0.005 -0.000 1. 0. 0.003 0. 0. 1. 0.
1. 0.000 0. 0.001 -0.000 1. 0. 0.003 0. 0. 1. 0.
1. -0. 0. -0.002 0. 1. 0. 0.000 0. 0. 1. 0.
1. 0. 0. -0.001 -0. 1. 0. -0.005 0. 0. 1. 0.
1. 0.000 0. -0.003 -0.000 1. 0. -0.001 0. 0. 1. 0.
1. 0.000 0. 0.000 -0.000 1. 0. -0.000 0. 0. 1. 0.
1. 0.000 0. -0.004 -0.000 1. 0. -0.002 0. 0. 1. 0.
1. 0.000 0. -0.003 -0.000 1. 0. -0.006 0. 0. 1. 0.
1. 0. 0. 0.001 -0. 1. 0. -0.001 0. 0. 1. 0.
1. 0. 0. 0.000 -0. 1. 0. -0.005 0. 0. 1. 0.
1. 0.000 0. 0.001 -0.000 1. 0. -0.005 0. 0. 1. 0.
1. 0.000 0. -0.004 -0.000 1. 0. -0.003 0. 0. 1. 0.
1. 0.000 0. 0.002 -0.000 1. 0. 0.001 0. 0. 1. 0.
1. 0.000 0. -0.000 -0.000 1. 0. -0.000 0. 0. 1. 0.
1. 0.000 0. 0.003 -0.000 1. 0. 0.002 0. 0. 1. 0.
1. 0. 0. -0.002 -0. 1. 0. 0.004 0. 0. 1. 0.
1. 0.000 0. 0.003 -0.000 1. 0. 0.007 0. 0. 1. 0.
1. 0. 0. -0.000 -0. 1. 0. -0.004 0. 0. 1. 0.
1. 0.000 0. -0.000 -0.000 1. 0. 0.001 0. 0. 1. 0.
1. 0.000 0. -0.001 -0.000 1. 0. -0.000 0. 0. 1. 0.
1. 0.000 0. -0.000 -0.000 1. 0. 0.001 0. 0. 1. 0.
1. 0.000 0. 0.003 -0.000 1. 0. 0.008 0. 0. 1. 0.
1. 0.000 0. 0.002 -0.000 1. 0. 0.008 0. 0. 1. 0.
1. 0.000 0. 0.002 -0.000 1. 0. 0.006 0. 0. 1. 0.
1. 0.000 0. -0.001 -0.000 1. 0. 0.003 0. 0. 1. 0.
1. -0.000 0. -0.003 0.000 1. 0. -0.006 0. 0. 1. 0.
1. 0.000 0. -0.002 -0.000 1. 0. 0.004 0. 0. 1. 0.
1. 0. 0. -0.002 -0. 1. 0. -0.004 0. 0. 1. 0.
1. -0. 0. 0.000 0. 1. 0. -0.001 0. 0. 1. 0.
1. -0.000 0. -0.005 0.000 1. 0. -0.005 0. 0. 1. 0.
1. 0. 0. -0.005 -0. 1. 0. -0.002 0. 0. 1. 0.
1. 0. 0. -0.006 -0. 1. 0. -0.000 0. 0. 1. 0.
1. -0. 0. -0.002 0. 1. 0. -0.001 0. 0. 1. 0.
1. -0.000 0. -0.004 0.000 1. 0. -0.004 0. 0. 1. 0.
1. -0. 0. -0.003 0. 1. 0. -0.008 0. 0. 1. 0.
1. 0.000 0. -0.003 -0.000 1. 0. -0.004 0. 0. 1. 0.
1. 0. 0. -0.001 -0. 1. 0. 0.002 0. 0. 1. 0.
1. 0. 0. -0.002 -0. 1. 0. -0.001 0. 0. 1. 0.
1. 0.000 0. -0.008 -0.000 1. 0. 0.000 0. 0. 1. 0.
1. 0.000 0. -0.001 -0.000 1. 0. -0.006 0. 0. 1. 0.
1. 0.000 0. 0.002 -0.000 1. 0. 0.000 0. 0. 1. 0.
1. 0. 0. 0.003 -0. 1. 0. 0.004 0. 0. 1. 0.
1. 0.000 0. 0.002 -0.000 1. 0. 0.004 0. 0. 1. 0.
1. 0.000 0. 0.001 -0.000 1. 0. -0.001 0. 0. 1. 0.
1. 0. 0. 0.002 -0. 1. 0. -0.002 0. 0. 1. 0.
1. -0.000 0. -0.001 0.000 1. 0. -0.001 0. 0. 1. 0.
1. 0. 0. -0.000 -0. 1. 0. -0.002 0. 0. 1. 0.
1. 0. 0. 0.003 -0. 1. 0. -0.003 0. 0. 1. 0.
1. 0.000 0. -0.001 -0.000 1. 0. 0.002 0. 0. 1. 0.
1. -0.000 0. 0.004 0.000 1. 0. 0.002 0. 0. 1. 0.
1. -0.000 0. -0.002 0.000 1. 0. 0.004 0. 0. 1. 0.
1. 0. 0. 0.010 -0. 1. 0. 0.001 0. 0. 1. 0.
1. -0.000 0. 0.003 0.000 1. 0. -0.004 0. 0. 1. 0.
1. 0. 0. 0.003 -0. 1. 0. 0.002 0. 0. 1. 0.
1. 0. 0. 0.001 -0. 1. 0. -0.002 0. 0. 1. 0.
1. 0. 0. 0.006 -0. 1. 0. 0.001 0. 0. 1. 0.
1. 0.000 0. 0.005 -0.000 1. 0. 0.002 0. 0. 1. 0.
1. -0. 0. 0.002 0. 1. 0. -0.003 0. 0. 1. 0.
1. -0.000 0. 0.004 0.000 1. 0. -0.001 0. 0. 1. 0.
1. 0.000 0. 0.003 -0.000 1. 0. 0.000 0. 0. 1. 0.
1. 0.000 0. 0.001 -0.000 1. 0. -0.008 0. 0. 1. 0.
1. -0. 0. 0.002 0. 1. 0. -0.003 0. 0. 1. 0.
1. 0.000 0. 0.000 -0.000 1. 0. -0.009 0. 0. 1. 0.
1. -0. 0. 0.006 0. 1. 0. -0.006 0. 0. 1. 0.
1. -0. 0. 0.004 0. 1. 0. -0.007 0. 0. 1. 0.
1. 0.000 0. 0.002 -0.000 1. 0. -0.008 0. 0. 1. 0.
1. 0.000 0. 0.006 -0.000 1. 0. -0.004 0. 0. 1. 0.
1. 0.000 0. 0.002 -0.000 1. 0. -0.001 0. 0. 1. 0.
1. -0.000 0. 0.007 0.000 1. 0. 0.000 0. 0. 1. 0.
1. 0. 0. 0.003 -0. 1. 0. -0.004 0. 0. 1. 0.
1. 0.000 0. 0.001 -0.000 1. 0. 0.004 0. 0. 1. 0.
1. 0.000 0. 0.000 -0.000 1. 0. -0.002 0. 0. 1. 0.
1. 0. 0. -0.001 -0. 1. 0. -0.006 0. 0. 1. 0.
1. -0. 0. 0.002 0. 1. 0. -0.005 0. 0. 1. 0.
1. 0. 0. 0.001 -0. 1. 0. -0.004 0. 0. 1. 0.
1. 0.000 0. 0.001 -0.000 1. 0. -0.006 0. 0. 1. 0.
1. 0. 0. -0.001 -0. 1. 0. 0.000 0. 0. 1. 0.
1. 0.000 0. -0.001 -0.000 1. 0. -0.000 0. 0. 1. 0.
1. 0. 0. 0.002 -0. 1. 0. 0.007 0. 0. 1. 0.
1. 0.000 0. 0.001 -0.000 1. 0. 0.002 0. 0. 1. 0.
1. 0.000 0. -0.004 -0.000 1. 0. 0.001 0. 0. 1. 0.
1. 0.000 0. -0.004 -0.000 1. 0. 0.012 0. 0. 1. 0.
1. 0. 0. -0.001 -0. 1. 0. -0.004 0. 0. 1. 0.
1. 0. 0. -0.002 -0. 1. 0. 0.002 0. 0. 1. 0.
1. -0. 0. 0.005 0. 1. 0. 0.003 0. 0. 1. 0.
1. -0. 0. -0.001 0. 1. 0. -0.010 0. 0. 1. 0.
1. 0. 0. -0.001 -0. 1. 0. 0.002 0. 0. 1. 0.
1. 0.000 0. -0.000 -0.000 1. 0. -0.001 0. 0. 1. 0.
1. 0.000 0. 0. -0.000 1. 0. 0.001 0. 0. 1. 0.
1. 0. 0. -0.006 -0. 1. 0. -0.004 0. 0. 1. 0.
1. -0.000 0. 0.004 0.000 1. 0. -0.005 0. 0. 1. 0.
1. -0.000 0. -0.004 0.000 1. 0. -0.014 0. 0. 1. 0.
1. 0. 0. -0.002 -0. 1. 0. -0.005 0. 0. 1. 0.
1. 0.000 0. 0.004 -0.000 1. 0. -0.002 0. 0. 1. 0.
1. -0. 0. -0.003 0. 1. 0. -0.007 0. 0. 1. 0.
1. 0. 0. -0.003 -0. 1. 0. 0.003 0. 0. 1. 0.
1. 0. 0. 0.002 -0. 1. 0. -0.003 0. 0. 1. 0.
1. 0. 0. -0.002 -0. 1. 0. -0.003 0. 0. 1. 0.
1. -0.000 0. -0.005 0.000 1. 0. -0.009 0. 0. 1. 0.
1. -0. 0. -0.002 0. 1. 0. -0.009 0. 0. 1. 0.
1. -0.000 0. 0.000 0.000 1. 0. -0.013 0. 0. 1. 0.
1. -0. 0. -0.002 0. 1. 0. -0.008 0. 0. 1. 0.
1. -0. 0. 0.005 0. 1. 0. -0.007 0. 0. 1. 0.
1. 0. 0. 0.006 -0. 1. 0. -0.005 0. 0. 1. 0.
1. 0.000 0. -0.001 -0.000 1. 0. -0.003 0. 0. 1. 0.
1. 0.000 0. 0.002 -0.000 1. 0. 0.003 0. 0. 1. 0.
1. 0. 0. 0.003 -0. 1. 0. -0.005 0. 0. 1. 0.
1. 0. 0. -0.002 -0. 1. 0. -0.000 0. 0. 1. 0.
1. 0. 0. -0.002 -0. 1. 0. -0.004 0. 0. 1. 0.
1. -0.000 0. 0.036 0.000 1. 0. -0.024 0. 0. 1. 0.
1. -0. 0. 0.084 0. 1. 0. -0.018 0. 0. 1. 0.
1. -0.001 0. 0.222 0.001 1. 0. -0.012 0. 0. 1. 0.
1. -0.006 0. 0.434 0.006 1. 0. 0.003 0. 0. 1. 0.
1.000 -0.017 0. 0.806 0.017 1.000 0. 0.016 0. 0. 1. 0.
1.000 -0.030 0. 1.205 0.030 1.000 0. 0.022 0. 0. 1. 0.
0.999 -0.048 0. 1.764 0.048 0.999 0. 0.079 0. 0. 1. 0.
0.998 -0.063 0. 2.412 0.063 0.998 0. 0.073 0. 0. 1. 0.
0.997 -0.079 0. 3.236 0.079 0.997 0. 0.167 0. 0. 1. 0.
0.996 -0.093 0. 4.117 0.093 0.996 0. 0.275 0. 0. 1. 0.
0.994 -0.105 0. 5.094 0.105 0.994 0. 0.386 0. 0. 1. 0.
0.994 -0.111 0. 6.226 0.111 0.994 0. 0.471 0. 0. 1. 0.
0.994 -0.113 0. 7.468 0.113 0.994 0. 0.615 0. 0. 1. 0.
0.994 -0.111 0. 8.881 0.111 0.994 0. 0.736 0. 0. 1. 0.
0.994 -0.108 0. 10.337 0.108 0.994 0. 0.923 0. 0. 1. 0.
0.994 -0.105 0. 11.950 0.105 0.994 0. 1.076 0. 0. 1. 0.
0.995 -0.101 0. 13.707 0.101 0.995 0. 1.308 0. 0. 1. 0.
0.995 -0.098 0. 15.552 0.098 0.995 0. 1.461 0. 0. 1. 0.
0.996 -0.093 0. 17.447 0.093 0.996 0. 1.619 0. 0. 1. 0.
0.996 -0.089 0. 19.476 0.089 0.996 0. 1.805 0. 0. 1. 0.
0.997 -0.082 0. 21.526 0.082 0.997 0. 1.939 0. 0. 1. 0.
0.997 -0.076 0. 23.638 0.076 0.997 0. 2.075 0. 0. 1. 0.
0.998 -0.069 0. 25.812 0.069 0.998 0. 2.212 0. 0. 1. 0.
0.998 -0.063 0. 28.029 0.063 0.998 0. 2.356 0. 0. 1. 0.
0.998 -0.059 0. 30.321 0.059 0.998 0. 2.516 0. 0. 1. 0.
0.998 -0.058 0. 32.602 0.058 0.998 0. 2.601 0. 0. 1. 0.
0.998 -0.057 0. 34.948 0.057 0.998 0. 2.757 0. 0. 1. 0.
0.999 -0.053 0. 37.326 0.053 0.999 0. 2.846 0. 0. 1. 0.
0.999 -0.051 0. 39.726 0.051 0.999 0. 2.988 0. 0. 1. 0.
0.999 -0.046 0. 42.103 0.046 0.999 0. 3.075 0. 0. 1. 0.
0.999 -0.041 0. 44.404 0.041 0.999 0. 3.144 0. 0. 1. 0.
0.999 -0.034 0. 46.653 0.034 0.999 0. 3.207 0. 0. 1. 0.
1.000 -0.029 0. 48.905 0.029 1.000 0. 3.232 0. 0. 1. 0.
1.000 -0.024 0. 51.140 0.024 1.000 0. 3.313 0. 0. 1. 0.
1.000 -0.023 0. 53.432 0.023 1.000 0. 3.283 0. 0. 1. 0.
1.000 -0.026 0. 55.673 0.026 1.000 0. 3.385 0. 0. 1. 0.
1.000 -0.030 0. 57.963 0.030 1.000 0. 3.427 0. 0. 1. 0.
0.999 -0.033 0. 60.236 0.033 0.999 0. 3.461 0. 0. 1. 0.
0.999 -0.040 0. 62.511 0.040 0.999 0. 3.566 0. 0. 1. 0.
0.999 -0.045 0. 64.736 0.045 0.999 0. 3.651 0. 0. 1. 0.
0.999 -0.051 0. 66.980 0.051 0.999 0. 3.703 0. 0. 1. 0.
0.998 -0.059 0. 69.260 0.059 0.998 0. 3.848 0. 0. 1. 0.
0.998 -0.066 0. 71.502 0.066 0.998 0. 4.010 0. 0. 1. 0.
0.997 -0.075 0. 73.819 0.075 0.997 0. 4.153 0. 0. 1. 0.
0.997 -0.083 0. 76.096 0.083 0.997 0. 4.320 0. 0. 1. 0.
0.996 -0.090 0. 78.368 0.090 0.996 0. 4.492 0. 0. 1. 0.
0.996 -0.094 0. 80.699 0.094 0.996 0. 4.684 0. 0. 1. 0.
0.996 -0.093 0. 83.082 0.093 0.996 0. 4.899 0. 0. 1. 0.
0.996 -0.085 0. 85.403 0.085 0.996 0. 5.113 0. 0. 1. 0.
0.997 -0.071 0. 87.812 0.071 0.997 0. 5.238 0. 0. 1. 0.
0.999 -0.053 0. 90.226 0.053 0.999 0. 5.388 0. 0. 1. 0.
0.999 -0.037 0. 92.666 0.037 0.999 0. 5.476 0. 0. 1. 0.
1.000 -0.026 0. 95.202 0.026 1.000 0. 5.480 0. 0. 1. 0.
1.000 -0.022 0. 97.764 0.022 1.000 0. 5.565 0. 0. 1. 0.
1.000 -0.024 0. 100.363 0.024 1.000 0. 5.667 0. 0. 1. 0.
1.000 -0.024 0. 103.004 0.024 1.000 0. 5.656 0. 0. 1. 0.
1.000 -0.026 0. 105.689 0.026 1.000 0. 5.722 0. 0. 1. 0.
1.000 -0.027 0. 108.374 0.027 1.000 0. 5.766 0. 0. 1. 0.
1.000 -0.030 0. 111.093 0.030 1.000 0. 5.898 0. 0. 1. 0.
1.000 -0.031 0. 113.816 0.031 1.000 0. 5.940 0. 0. 1. 0.
0.999 -0.035 0. 116.531 0.035 0.999 0. 6.039 0. 0. 1. 0.
0.999 -0.039 0. 119.234 0.039 0.999 0. 6.103 0. 0. 1. 0.
0.999 -0.040 0. 121.888 0.040 0.999 0. 6.145 0. 0. 1. 0.
0.999 -0.042 0. 124.504 0.042 0.999 0. 6.299 0. 0. 1. 0.
0.999 -0.045 0. 127.153 0.045 0.999 0. 6.437 0. 0. 1. 0.
0.999 -0.049 0. 129.779 0.049 0.999 0. 6.541 0. 0. 1. 0.
0.999 -0.050 0. 132.409 0.050 0.999 0. 6.630 0. 0. 1. 0.
0.999 -0.053 0. 135.034 0.053 0.999 0. 6.741 0. 0. 1. 0.
0.999 -0.053 0. 137.709 0.053 0.999 0. 6.931 0. 0. 1. 0.
0.999 -0.055 0. 140.373 0.055 0.999 0. 7.034 0. 0. 1. 0.
0.998 -0.055 0. 143.018 0.055 0.998 0. 7.211 0. 0. 1. 0.
0.998 -0.059 0. 145.651 0.059 0.998 0. 7.318 0. 0. 1. 0.
0.998 -0.061 0. 148.299 0.061 0.998 0. 7.442 0. 0. 1. 0.
0.998 -0.065 0. 150.957 0.065 0.998 0. 7.570 0. 0. 1. 0.
0.998 -0.067 0. 153.595 0.067 0.998 0. 7.685 0. 0. 1. 0.
0.998 -0.068 0. 156.249 0.068 0.998 0. 7.803 0. 0. 1. 0.
0.998 -0.070 0. 158.861 0.070 0.998 0. 8.012 0. 0. 1. 0.
0.998 -0.070 0. 161.526 0.070 0.998 0. 8.222 0. 0. 1. 0.
0.997 -0.072 0. 164.141 0.072 0.997 0. 8.370 0. 0. 1. 0.
0.997 -0.075 0. 166.749 0.075 0.997 0. 8.499 0. 0. 1. 0.
0.997 -0.076 0. 169.358 0.076 0.997 0. 8.714 0. 0. 1. 0.
0.997 -0.081 0. 171.955 0.081 0.997 0. 8.895 0. 0. 1. 0.
0.997 -0.082 0. 174.567 0.082 0.997 0. 9.070 0. 0. 1. 0.
0.997 -0.084 0. 177.153 0.084 0.997 0. 9.312 0. 0. 1. 0.
0.996 -0.085 0. 179.664 0.085 0.996 0. 9.535 0. 0. 1. 0.
0.996 -0.087 0. 182.194 0.087 0.996 0. 9.738 0. 0. 1. 0.
0.996 -0.088 0. 184.775 0.088 0.996 0. 9.975 0. 0. 1. 0.
0.996 -0.089 0. 187.322 0.089 0.996 0. 10.211 0. 0. 1. 0.
0.996 -0.093 0. 189.837 0.093 0.996 0. 10.390 0. 0. 1. 0.
0.995 -0.097 0. 192.307 0.097 0.995 0. 10.611 0. 0. 1. 0.
0.995 -0.101 0. 194.773 0.101 0.995 0. 10.843 0. 0. 1. 0.
0.994 -0.111 0. 197.184 0.111 0.994 0. 11.083 0. 0. 1. 0.
0.992 -0.123 0. 199.625 0.123 0.992 0. 11.332 0. 0. 1. 0.
0.991 -0.135 0. 202.003 0.135 0.991 0. 11.704 0. 0. 1. 0.
0.990 -0.143 0. 204.383 0.143 0.990 0. 12.022 0. 0. 1. 0.
0.989 -0.151 0. 206.653 0.151 0.989 0. 12.371 0. 0. 1. 0.
0.987 -0.159 0. 208.902 0.159 0.987 0. 12.703 0. 0. 1. 0.
0.987 -0.164 0. 211.151 0.164 0.987 0. 13.080 0. 0. 1. 0.
0.985 -0.171 0. 213.374 0.171 0.985 0. 13.534 0. 0. 1. 0.
0.985 -0.174 0. 215.535 0.174 0.985 0. 13.895 0. 0. 1. 0.
0.985 -0.174 0. 217.725 0.174 0.985 0. 14.249 0. 0. 1. 0.
0.984 -0.177 0. 219.904 0.177 0.984 0. 14.586 0. 0. 1. 0.
0.984 -0.180 0. 222.052 0.180 0.984 0. 14.945 0. 0. 1. 0.
0.983 -0.186 0. 224.218 0.186 0.983 0. 15.345 0. 0. 1. 0.
0.981 -0.196 0. 226.325 0.196 0.981 0. 15.801 0. 0. 1. 0.
0.979 -0.202 0. 228.440 0.202 0.979 0. 16.230 0. 0. 1. 0.
0.978 -0.209 0. 230.517 0.209 0.978 0. 16.666 0. 0. 1. 0.
0.977 -0.214 0. 232.580 0.214 0.977 0. 17.166 0. 0. 1. 0.
0.976 -0.219 0. 234.638 0.219 0.976 0. 17.615 0. 0. 1. 0.
0.976 -0.220 0. 236.654 0.220 0.976 0. 18.056 0. 0. 1. 0.
0.975 -0.222 0. 238.680 0.222 0.975 0. 18.466 0. 0. 1. 0.
0.976 -0.219 0. 240.690 0.219 0.976 0. 18.972 0. 0. 1. 0.
0.978 -0.207 0. 242.723 0.207 0.978 0. 19.398 0. 0. 1. 0.
0.981 -0.196 0. 244.788 0.196 0.981 0. 19.771 0. 0. 1. 0.
0.983 -0.182 0. 246.831 0.182 0.983 0. 20.102 0. 0. 1. 0.
0.986 -0.168 0. 248.877 0.168 0.986 0. 20.447 0. 0. 1. 0.
0.988 -0.157 0. 250.960 0.157 0.988 0. 20.792 0. 0. 1. 0.
0.989 -0.150 0. 253.096 0.150 0.989 0. 21.069 0. 0. 1. 0.
0.989 -0.145 0. 255.171 0.145 0.989 0. 21.371 0. 0. 1. 0.
0.990 -0.143 0. 257.302 0.143 0.990 0. 21.672 0. 0. 1. 0.
0.990 -0.143 0. 259.439 0.143 0.990 0. 21.929 0. 0. 1. 0.
0.990 -0.144 0. 261.600 0.144 0.990 0. 22.269 0. 0. 1. 0.
0.990 -0.143 0. 263.824 0.143 0.990 0. 22.576 0. 0. 1. 0.
0.990 -0.142 0. 266.087 0.142 0.990 0. 22.889 0. 0. 1. 0.
0.989 -0.145 0. 268.363 0.145 0.989 0. 23.147 0. 0. 1. 0.
0.990 -0.143 0. 270.638 0.143 0.990 0. 23.490 0. 0. 1. 0.
0.990 -0.144 0. 272.944 0.144 0.990 0. 23.803 0. 0. 1. 0.
0.989 -0.146 0. 275.246 0.146 0.989 0. 24.129 0. 0. 1. 0.
0.989 -0.145 0. 277.500 0.145 0.989 0. 24.464 0. 0. 1. 0.
0.990 -0.144 0. 279.772 0.144 0.990 0. 24.763 0. 0. 1. 0.
0.990 -0.140 0. 282.106 0.140 0.990 0. 24.984 0. 0. 1. 0.
0.991 -0.136 0. 284.367 0.136 0.991 0. 25.290 0. 0. 1. 0.
0.991 -0.134 0. 286.584 0.134 0.991 0. 25.604 0. 0. 1. 0.
0.991 -0.132 0. 288.741 0.132 0.991 0. 25.874 0. 0. 1. 0.
0.992 -0.129 0. 290.947 0.129 0.992 0. 26.135 0. 0. 1. 0.
0.992 -0.124 0. 293.140 0.124 0.992 0. 26.386 0. 0. 1. 0.
0.993 -0.121 0. 295.370 0.121 0.993 0. 26.605 0. 0. 1. 0.
0.993 -0.118 0. 297.567 0.118 0.993 0. 26.844 0. 0. 1. 0.
0.993 -0.115 0. 299.691 0.115 0.993 0. 27.100 0. 0. 1. 0.
0.994 -0.111 0. 301.831 0.111 0.994 0. 27.295 0. 0. 1. 0.
0.994 -0.109 0. 303.999 0.109 0.994 0. 27.574 0. 0. 1. 0.
0.994 -0.106 0. 306.191 0.106 0.994 0. 27.770 0. 0. 1. 0.
0.995 -0.103 0. 308.257 0.103 0.995 0. 27.977 0. 0. 1. 0.
0.995 -0.102 0. 310.435 0.102 0.995 0. 28.175 0. 0. 1. 0.
0.995 -0.100 0. 312.571 0.100 0.995 0. 28.378 0. 0. 1. 0.
0.995 -0.098 0. 314.731 0.098 0.995 0. 28.585 0. 0. 1. 0.
0.996 -0.094 0. 316.898 0.094 0.996 0. 28.748 0. 0. 1. 0.
0.996 -0.089 0. 319.057 0.089 0.996 0. 28.893 0. 0. 1. 0.
0.996 -0.090 0. 321.232 0.090 0.996 0. 29.070 0. 0. 1. 0.
0.996 -0.089 0. 323.393 0.089 0.996 0. 29.243 0. 0. 1. 0.
0.996 -0.085 0. 325.579 0.085 0.996 0. 29.418 0. 0. 1. 0.
0.996 -0.084 0. 327.794 0.084 0.996 0. 29.590 0. 0. 1. 0.
0.996 -0.084 0. 329.966 0.084 0.996 0. 29.774 0. 0. 1. 0.
0.996 -0.085 0. 332.231 0.085 0.996 0. 29.861 0. 0. 1. 0.
0.997 -0.082 0. 334.505 0.082 0.997 0. 30.096 0. 0. 1. 0.
0.996 -0.085 0. 336.815 0.085 0.996 0. 30.226 0. 0. 1. 0.
0.996 -0.086 0. 339.043 0.086 0.996 0. 30.411 0. 0. 1. 0.
0.996 -0.087 0. 341.374 0.087 0.996 0. 30.619 0. 0. 1. 0.
0.996 -0.084 0. 343.679 0.084 0.996 0. 30.820 0. 0. 1. 0.
0.997 -0.082 0. 345.980 0.082 0.997 0. 31.022 0. 0. 1. 0.
0.997 -0.080 0. 348.272 0.080 0.997 0. 31.163 0. 0. 1. 0.
0.997 -0.078 0. 350.627 0.078 0.997 0. 31.317 0. 0. 1. 0.
0.997 -0.072 0. 352.966 0.072 0.997 0. 31.480 0. 0. 1. 0.
0.998 -0.066 0. 355.311 0.066 0.998 0. 31.687 0. 0. 1. 0.
0.998 -0.056 0. 357.710 0.056 0.998 0. 31.807 0. 0. 1. 0.
0.999 -0.047 0. 360.077 0.047 0.999 0. 31.903 0. 0. 1. 0.
0.999 -0.034 0. 362.493 0.034 0.999 0. 32.003 0. 0. 1. 0.
1.000 -0.027 0. 364.898 0.027 1.000 0. 32.067 0. 0. 1. 0.
1.000 -0.017 0. 367.336 0.017 1.000 0. 32.087 0. 0. 1. 0.
1. -0.012 0. 369.736 0.012 1. 0. 32.075 0. 0. 1. 0.
1. -0.008 0. 372.146 0.008 1. 0. 32.061 0. 0. 1. 0.
1. -0.005 0. 374.583 0.005 1. 0. 32.081 0. 0. 1. 0.
1. -0.003 0. 377.031 0.003 1. 0. 32.071 0. 0. 1. 0.
1. -0.004 0. 379.521 0.004 1. 0. 32.032 0. 0. 1. 0.
1. -0.005 0. 382.015 0.005 1. 0. 32.049 0. 0. 1. 0.
1. -0.009 0. 384.509 0.009 1. 0. 32.057 0. 0. 1. 0.
1.000 -0.015 0. 387.023 0.015 1.000 0. 32.077 0. 0. 1. 0.
1.000 -0.025 0. 389.479 0.025 1.000 0. 32.129 0. 0. 1. 0.
0.999 -0.033 0. 391.962 0.033 0.999 0. 32.204 0. 0. 1. 0.
0.999 -0.043 0. 394.425 0.043 0.999 0. 32.297 0. 0. 1. 0.
0.999 -0.049 0. 396.896 0.049 0.999 0. 32.363 0. 0. 1. 0.
0.998 -0.055 0. 399.332 0.055 0.998 0. 32.510 0. 0. 1. 0.
0.998 -0.057 0. 401.778 0.057 0.998 0. 32.634 0. 0. 1. 0.
0.998 -0.058 0. 404.144 0.058 0.998 0. 32.703 0. 0. 1. 0.
0.998 -0.055 0. 406.517 0.055 0.998 0. 32.836 0. 0. 1. 0.
0.998 -0.055 0. 408.850 0.055 0.998 0. 32.940 0. 0. 1. 0.
0.998 -0.056 0. 411.108 0.056 0.998 0. 33.071 0. 0. 1. 0.
0.998 -0.061 0. 413.331 0.061 0.998 0. 33.180 0. 0. 1. 0.
0.998 -0.065 0. 415.477 0.065 0.998 0. 33.324 0. 0. 1. 0.
0.998 -0.070 0. 417.566 0.070 0.998 0. 33.450 0. 0. 1. 0.
0.997 -0.074 0. 419.619 0.074 0.997 0. 33.602 0. 0. 1. 0.
0.997 -0.081 0. 421.614 0.081 0.997 0. 33.729 0. 0. 1. 0.
0.996 -0.085 0. 423.571 0.085 0.996 0. 33.905 0. 0. 1. 0.
0.996 -0.088 0. 425.463 0.088 0.996 0. 34.061 0. 0. 1. 0.
0.996 -0.089 0. 427.310 0.089 0.996 0. 34.206 0. 0. 1. 0.
0.996 -0.085 0. 429.089 0.085 0.996 0. 34.330 0. 0. 1. 0.
0.997 -0.079 0. 430.801 0.079 0.997 0. 34.430 0. 0. 1. 0.
0.998 -0.070 0. 432.409 0.070 0.998 0. 34.537 0. 0. 1. 0.
0.998 -0.055 0. 433.913 0.055 0.998 0. 34.640 0. 0. 1. 0.
1.000 -0.031 0. 435.348 0.031 1.000 0. 34.695 0. 0. 1. 0.
1. 0.011 0. 436.673 -0.011 1. 0. 34.644 0. 0. 1. 0.
0.997 0.071 0. 437.953 -0.071 0.997 0. 34.474 0. 0. 1. 0.
0.991 0.135 0. 439.130 -0.135 0.991 0. 34.226 0. 0. 1. 0.
0.980 0.200 0. 440.225 -0.200 0.980 0. 33.944 0. 0. 1. 0.
0.963 0.269 0. 441.284 -0.269 0.963 0. 33.622 0. 0. 1. 0.
0.943 0.334 0. 442.224 -0.334 0.943 0. 33.285 0. 0. 1. 0.
0.917 0.400 0. 443.074 -0.400 0.917 0. 32.764 0. 0. 1. 0.
0.886 0.463 0. 443.864 -0.463 0.886 0. 32.258 0. 0. 1. 0.
0.851 0.525 0. 444.540 -0.525 0.851 0. 31.770 0. 0. 1. 0.
0.811 0.585 0. 445.173 -0.585 0.811 0. 31.281 0. 0. 1. 0.
0.760 0.650 0. 445.771 -0.650 0.760 0. 30.702 0. 0. 1. 0.
0.699 0.715 0. 446.293 -0.715 0.699 0. 30.088 0. 0. 1. 0.
0.630 0.776 0. 446.750 -0.776 0.630 0. 29.408 0. 0. 1. 0.
0.552 0.834 0. 447.124 -0.834 0.552 0. 28.713 0. 0. 1. 0.
0.465 0.885 0. 447.441 -0.885 0.465 0. 27.976 0. 0. 1. 0.
0.370 0.929 0. 447.658 -0.929 0.370 0. 27.181 0. 0. 1. 0.
0.264 0.965 0. 447.806 -0.965 0.264 0. 26.360 0. 0. 1. 0.
0.148 0.989 0. 447.868 -0.989 0.148 0. 25.470 0. 0. 1. 0.
0.026 1.000 0. 447.763 -1.000 0.026 0. 24.590 0. 0. 1. 0.
-0.098 0.995 0. 447.634 -0.995 -0.098 0. 23.619 0. 0. 1. 0.
-0.220 0.975 0. 447.356 -0.975 -0.220 0. 22.641 0. 0. 1. 0.
-0.338 0.941 0. 446.873 -0.941 -0.338 0. 21.727 0. 0. 1. 0.
-0.449 0.893 0. 446.359 -0.893 -0.449 0. 20.775 0. 0. 1. 0.
-0.548 0.836 0. 445.694 -0.836 -0.548 0. 19.815 0. 0. 1. 0.
-0.637 0.771 0. 444.847 -0.771 -0.637 0. 18.984 0. 0. 1. 0.
-0.714 0.700 0. 443.906 -0.700 -0.714 0. 18.052 0. 0. 1. 0.
-0.775 0.632 0. 442.750 -0.632 -0.775 0. 17.250 0. 0. 1. 0.
-0.818 0.575 0. 441.541 -0.575 -0.818 0. 16.352 0. 0. 1. 0.
-0.844 0.537 0. 440.162 -0.537 -0.844 0. 15.587 0. 0. 1. 0.
-0.859 0.512 0. 438.693 -0.512 -0.859 0. 14.763 0. 0. 1. 0.
-0.870 0.493 0. 437.096 -0.493 -0.870 0. 13.930 0. 0. 1. 0.
-0.876 0.483 0. 435.405 -0.483 -0.876 0. 13.033 0. 0. 1. 0.
-0.880 0.474 0. 433.624 -0.474 -0.880 0. 12.110 0. 0. 1. 0.
-0.883 0.470 0. 431.795 -0.470 -0.883 0. 11.147 0. 0. 1. 0.
-0.885 0.465 0. 429.808 -0.465 -0.885 0. 10.156 0. 0. 1. 0.
-0.885 0.466 0. 427.817 -0.466 -0.885 0. 9.140 0. 0. 1. 0.
-0.886 0.464 0. 425.749 -0.464 -0.886 0. 8.066 0. 0. 1. 0.
-0.887 0.463 0. 423.601 -0.463 -0.887 0. 6.931 0. 0. 1. 0.
-0.887 0.462 0. 421.382 -0.462 -0.887 0. 5.827 0. 0. 1. 0.
-0.887 0.461 0. 419.176 -0.461 -0.887 0. 4.681 0. 0. 1. 0.
-0.888 0.460 0. 416.893 -0.460 -0.888 0. 3.484 0. 0. 1. 0.
-0.889 0.458 0. 414.569 -0.458 -0.889 0. 2.307 0. 0. 1. 0.
-0.890 0.457 0. 412.214 -0.457 -0.890 0. 1.131 0. 0. 1. 0.
-0.890 0.456 0. 409.808 -0.456 -0.890 0. -0.057 0. 0. 1. 0.
-0.892 0.452 0. 407.485 -0.452 -0.892 0. -1.287 0. 0. 1. 0.
-0.894 0.449 0. 405.121 -0.449 -0.894 0. -2.473 0. 0. 1. 0.
-0.896 0.444 0. 402.837 -0.444 -0.896 0. -3.626 0. 0. 1. 0.
-0.896 0.444 0. 400.544 -0.444 -0.896 0. -4.774 0. 0. 1. 0.
-0.896 0.443 0. 398.260 -0.443 -0.896 0. -5.852 0. 0. 1. 0.
-0.897 0.442 0. 396.040 -0.442 -0.897 0. -6.979 0. 0. 1. 0.
-0.898 0.440 0. 393.855 -0.440 -0.898 0. -8.047 0. 0. 1. 0.
-0.897 0.441 0. 391.711 -0.441 -0.897 0. -9.082 0. 0. 1. 0.
-0.897 0.442 0. 389.639 -0.442 -0.897 0. -10.122 0. 0. 1. 0.
-0.897 0.441 0. 387.609 -0.441 -0.897 0. -11.088 0. 0. 1. 0.
-0.896 0.444 0. 385.636 -0.444 -0.896 0. -12.020 0. 0. 1. 0.
-0.896 0.443 0. 383.774 -0.443 -0.896 0. -12.970 0. 0. 1. 0.
-0.897 0.443 0. 381.944 -0.443 -0.897 0. -13.806 0. 0. 1. 0.
-0.897 0.441 0. 380.234 -0.441 -0.897 0. -14.669 0. 0. 1. 0.
-0.898 0.441 0. 378.553 -0.441 -0.898 0. -15.473 0. 0. 1. 0.
-0.899 0.439 0. 376.929 -0.439 -0.899 0. -16.201 0. 0. 1. 0.
-0.899 0.438 0. 375.489 -0.438 -0.899 0. -16.986 0. 0. 1. 0.
-0.900 0.436 0. 374.090 -0.436 -0.900 0. -17.670 0. 0. 1. 0.
-0.900 0.435 0. 372.787 -0.435 -0.900 0. -18.290 0. 0. 1. 0.
-0.901 0.433 0. 371.469 -0.433 -0.901 0. -18.845 0. 0. 1. 0.
-0.902 0.432 0. 370.181 -0.432 -0.902 0. -19.457 0. 0. 1. 0.
-0.903 0.430 0. 368.950 -0.430 -0.903 0. -20.076 0. 0. 1. 0.
-0.904 0.428 0. 367.620 -0.428 -0.904 0. -20.664 0. 0. 1. 0.
-0.904 0.427 0. 366.330 -0.427 -0.904 0. -21.263 0. 0. 1. 0.
-0.904 0.429 0. 364.978 -0.429 -0.904 0. -21.903 0. 0. 1. 0.
-0.903 0.429 0. 363.526 -0.429 -0.903 0. -22.542 0. 0. 1. 0.
-0.904 0.426 0. 362.042 -0.426 -0.904 0. -23.255 0. 0. 1. 0.
-0.905 0.426 0. 360.463 -0.426 -0.905 0. -23.967 0. 0. 1. 0.
-0.904 0.427 0. 358.832 -0.427 -0.904 0. -24.692 0. 0. 1. 0.
-0.904 0.428 0. 357.163 -0.428 -0.904 0. -25.533 0. 0. 1. 0.
-0.904 0.428 0. 355.418 -0.428 -0.904 0. -26.334 0. 0. 1. 0.
-0.904 0.428 0. 353.621 -0.428 -0.904 0. -27.175 0. 0. 1. 0.
-0.904 0.427 0. 351.811 -0.427 -0.904 0. -28.065 0. 0. 1. 0.
-0.905 0.425 0. 349.940 -0.425 -0.905 0. -28.964 0. 0. 1. 0.
-0.906 0.423 0. 347.987 -0.423 -0.906 0. -29.838 0. 0. 1. 0.
-0.908 0.419 0. 345.994 -0.419 -0.908 0. -30.748 0. 0. 1. 0.
-0.910 0.414 0. 343.974 -0.414 -0.910 0. -31.632 0. 0. 1. 0.
-0.914 0.406 0. 341.929 -0.406 -0.914 0. -32.525 0. 0. 1. 0.
-0.918 0.397 0. 339.791 -0.397 -0.918 0. -33.402 0. 0. 1. 0.
-0.922 0.388 0. 337.639 -0.388 -0.922 0. -34.287 0. 0. 1. 0.
-0.926 0.377 0. 335.443 -0.377 -0.926 0. -35.184 0. 0. 1. 0.
-0.931 0.365 0. 333.205 -0.365 -0.931 0. -36.104 0. 0. 1. 0.
-0.935 0.355 0. 330.926 -0.355 -0.935 0. -36.949 0. 0. 1. 0.
-0.940 0.340 0. 328.576 -0.340 -0.940 0. -37.788 0. 0. 1. 0.
-0.946 0.323 0. 326.193 -0.323 -0.946 0. -38.560 0. 0. 1. 0.
-0.953 0.304 0. 323.747 -0.304 -0.953 0. -39.354 0. 0. 1. 0.
-0.958 0.288 0. 321.206 -0.288 -0.958 0. -40.040 0. 0. 1. 0.
-0.960 0.282 0. 318.624 -0.282 -0.960 0. -40.706 0. 0. 1. 0.
-0.961 0.277 0. 316.047 -0.277 -0.961 0. -41.451 0. 0. 1. 0.
-0.960 0.279 0. 313.424 -0.279 -0.960 0. -42.185 0. 0. 1. 0.
-0.959 0.282 0. 310.798 -0.282 -0.959 0. -42.943 0. 0. 1. 0.
-0.957 0.288 0. 308.125 -0.288 -0.957 0. -43.713 0. 0. 1. 0.
-0.955 0.297 0. 305.434 -0.297 -0.955 0. -44.491 0. 0. 1. 0.
-0.952 0.308 0. 302.697 -0.308 -0.952 0. -45.350 0. 0. 1. 0.
-0.948 0.317 0. 299.952 -0.317 -0.948 0. -46.178 0. 0. 1. 0.
-0.944 0.330 0. 297.190 -0.330 -0.944 0. -47.192 0. 0. 1. 0.
-0.941 0.339 0. 294.406 -0.339 -0.941 0. -48.164 0. 0. 1. 0.
-0.938 0.346 0. 291.594 -0.346 -0.938 0. -49.197 0. 0. 1. 0.
-0.936 0.352 0. 288.753 -0.352 -0.936 0. -50.269 0. 0. 1. 0.
-0.936 0.353 0. 285.893 -0.353 -0.936 0. -51.371 0. 0. 1. 0.
-0.935 0.354 0. 283.039 -0.354 -0.935 0. -52.422 0. 0. 1. 0.
-0.935 0.356 0. 280.167 -0.356 -0.935 0. -53.506 0. 0. 1. 0.
-0.933 0.361 0. 277.331 -0.361 -0.933 0. -54.583 0. 0. 1. 0.
-0.929 0.369 0. 274.485 -0.369 -0.929 0. -55.628 0. 0. 1. 0.
-0.928 0.373 0. 271.631 -0.373 -0.928 0. -56.758 0. 0. 1. 0.
-0.926 0.378 0. 268.766 -0.378 -0.926 0. -57.812 0. 0. 1. 0.
-0.925 0.380 0. 265.919 -0.380 -0.925 0. -58.895 0. 0. 1. 0.
-0.924 0.383 0. 263.140 -0.383 -0.924 0. -60.017 0. 0. 1. 0.
-0.922 0.387 0. 260.343 -0.387 -0.922 0. -61.168 0. 0. 1. 0.
-0.921 0.388 0. 257.527 -0.388 -0.921 0. -62.398 0. 0. 1. 0.
-0.921 0.389 0. 254.838 -0.389 -0.921 0. -63.533 0. 0. 1. 0.
-0.921 0.390 0. 252.101 -0.390 -0.921 0. -64.656 0. 0. 1. 0.
-0.921 0.389 0. 249.399 -0.389 -0.921 0. -65.789 0. 0. 1. 0.
-0.920 0.392 0. 246.725 -0.392 -0.920 0. -66.902 0. 0. 1. 0.
-0.919 0.394 0. 244.120 -0.394 -0.919 0. -67.971 0. 0. 1. 0.
-0.917 0.398 0. 241.496 -0.398 -0.917 0. -69.068 0. 0. 1. 0.
-0.916 0.402 0. 238.872 -0.402 -0.916 0. -70.213 0. 0. 1. 0.
-0.914 0.405 0. 236.264 -0.405 -0.914 0. -71.226 0. 0. 1. 0.
-0.912 0.410 0. 233.716 -0.410 -0.912 0. -72.436 0. 0. 1. 0.
-0.912 0.411 0. 231.185 -0.411 -0.912 0. -73.590 0. 0. 1. 0.
-0.912 0.410 0. 228.622 -0.410 -0.912 0. -74.747 0. 0. 1. 0.
-0.911 0.412 0. 226.070 -0.412 -0.911 0. -75.868 0. 0. 1. 0.
-0.912 0.411 0. 223.560 -0.411 -0.912 0. -77.040 0. 0. 1. 0.
-0.912 0.410 0. 221.048 -0.410 -0.912 0. -78.177 0. 0. 1. 0.
-0.911 0.413 0. 218.513 -0.413 -0.911 0. -79.290 0. 0. 1. 0.
-0.910 0.415 0. 216.071 -0.415 -0.910 0. -80.381 0. 0. 1. 0.
-0.909 0.417 0. 213.620 -0.417 -0.909 0. -81.518 0. 0. 1. 0.
-0.908 0.418 0. 211.146 -0.418 -0.908 0. -82.716 0. 0. 1. 0.
-0.909 0.417 0. 208.711 -0.417 -0.909 0. -83.786 0. 0. 1. 0.
-0.912 0.410 0. 206.271 -0.410 -0.912 0. -84.848 0. 0. 1. 0.
-0.913 0.408 0. 203.837 -0.408 -0.913 0. -85.880 0. 0. 1. 0.
-0.915 0.404 0. 201.480 -0.404 -0.915 0. -86.984 0. 0. 1. 0.
-0.917 0.400 0. 199.115 -0.400 -0.917 0. -87.966 0. 0. 1. 0.
-0.917 0.400 0. 196.782 -0.400 -0.917 0. -88.917 0. 0. 1. 0.
-0.917 0.398 0. 194.439 -0.398 -0.917 0. -89.964 0. 0. 1. 0.
-0.918 0.396 0. 192.185 -0.396 -0.918 0. -90.921 0. 0. 1. 0.
-0.919 0.394 0. 189.887 -0.394 -0.919 0. -91.895 0. 0. 1. 0.
-0.920 0.391 0. 187.570 -0.391 -0.920 0. -92.854 0. 0. 1. 0.
-0.921 0.390 0. 185.316 -0.390 -0.921 0. -93.800 0. 0. 1. 0.
-0.919 0.394 0. 183.028 -0.394 -0.919 0. -94.762 0. 0. 1. 0.
-0.918 0.397 0. 180.743 -0.397 -0.918 0. -95.684 0. 0. 1. 0.
-0.915 0.403 0. 178.520 -0.403 -0.915 0. -96.730 0. 0. 1. 0.
-0.913 0.408 0. 176.344 -0.408 -0.913 0. -97.751 0. 0. 1. 0.
-0.911 0.412 0. 174.089 -0.412 -0.911 0. -98.716 0. 0. 1. 0.
-0.909 0.416 0. 171.924 -0.416 -0.909 0. -99.645 0. 0. 1. 0.
-0.908 0.419 0. 169.757 -0.419 -0.908 0. -100.650 0. 0. 1. 0.
-0.909 0.417 0. 167.656 -0.417 -0.909 0. -101.679 0. 0. 1. 0.
-0.910 0.414 0. 165.461 -0.414 -0.910 0. -102.609 0. 0. 1. 0.
-0.911 0.411 0. 163.368 -0.411 -0.911 0. -103.580 0. 0. 1. 0.
-0.912 0.410 0. 161.275 -0.410 -0.912 0. -104.486 0. 0. 1. 0.
-0.914 0.406 0. 159.202 -0.406 -0.914 0. -105.424 0. 0. 1. 0.
-0.914 0.406 0. 157.110 -0.406 -0.914 0. -106.285 0. 0. 1. 0.
-0.913 0.408 0. 155.078 -0.408 -0.913 0. -107.168 0. 0. 1. 0.
-0.913 0.407 0. 153.077 -0.407 -0.913 0. -108.059 0. 0. 1. 0.
-0.914 0.406 0. 151.099 -0.406 -0.914 0. -108.895 0. 0. 1. 0.
-0.917 0.399 0. 149.135 -0.399 -0.917 0. -109.731 0. 0. 1. 0.
-0.919 0.394 0. 147.252 -0.394 -0.919 0. -110.515 0. 0. 1. 0.
-0.922 0.388 0. 145.426 -0.388 -0.922 0. -111.273 0. 0. 1. 0.
-0.922 0.387 0. 143.633 -0.387 -0.922 0. -112.006 0. 0. 1. 0.
-0.923 0.385 0. 141.870 -0.385 -0.923 0. -112.726 0. 0. 1. 0.
-0.923 0.385 0. 140.160 -0.385 -0.923 0. -113.440 0. 0. 1. 0.
-0.924 0.383 0. 138.518 -0.383 -0.924 0. -114.153 0. 0. 1. 0.
-0.925 0.380 0. 136.945 -0.380 -0.925 0. -114.818 0. 0. 1. 0.
-0.926 0.379 0. 135.376 -0.379 -0.926 0. -115.386 0. 0. 1. 0.
-0.926 0.377 0. 133.928 -0.377 -0.926 0. -115.972 0. 0. 1. 0.
-0.926 0.377 0. 132.518 -0.377 -0.926 0. -116.543 0. 0. 1. 0.
-0.927 0.376 0. 131.170 -0.376 -0.927 0. -117.057 0. 0. 1. 0.
-0.927 0.376 0. 129.911 -0.376 -0.927 0. -117.591 0. 0. 1. 0.
-0.926 0.376 0. 128.684 -0.376 -0.926 0. -118.108 0. 0. 1. 0.
-0.927 0.376 0. 127.511 -0.376 -0.927 0. -118.583 0. 0. 1. 0.
-0.927 0.374 0. 126.385 -0.374 -0.927 0. -119.019 0. 0. 1. 0.
-0.928 0.372 0. 125.342 -0.372 -0.928 0. -119.459 0. 0. 1. 0.
-0.929 0.369 0. 124.332 -0.369 -0.929 0. -119.857 0. 0. 1. 0.
-0.930 0.368 0. 123.367 -0.368 -0.930 0. -120.197 0. 0. 1. 0.
-0.930 0.368 0. 122.428 -0.368 -0.930 0. -120.494 0. 0. 1. 0.
-0.930 0.367 0. 121.606 -0.367 -0.930 0. -120.853 0. 0. 1. 0.
-0.931 0.365 0. 120.802 -0.365 -0.931 0. -121.153 0. 0. 1. 0.
-0.931 0.365 0. 120.086 -0.365 -0.931 0. -121.498 0. 0. 1. 0.
-0.931 0.364 0. 119.371 -0.364 -0.931 0. -121.724 0. 0. 1. 0.
-0.932 0.363 0. 118.736 -0.363 -0.932 0. -121.994 0. 0. 1. 0.
-0.932 0.362 0. 118.107 -0.362 -0.932 0. -122.242 0. 0. 1. 0.
-0.933 0.361 0. 117.485 -0.361 -0.933 0. -122.486 0. 0. 1. 0.
-0.934 0.358 0. 116.827 -0.358 -0.934 0. -122.672 0. 0. 1. 0.
-0.934 0.356 0. 116.182 -0.356 -0.934 0. -122.916 0. 0. 1. 0.
-0.935 0.355 0. 115.479 -0.355 -0.935 0. -123.189 0. 0. 1. 0.
-0.936 0.352 0. 114.670 -0.352 -0.936 0. -123.491 0. 0. 1. 0.
-0.937 0.350 0. 113.820 -0.350 -0.937 0. -123.786 0. 0. 1. 0.
-0.937 0.349 0. 112.883 -0.349 -0.937 0. -124.086 0. 0. 1. 0.
-0.938 0.347 0. 111.800 -0.347 -0.938 0. -124.463 0. 0. 1. 0.
-0.938 0.347 0. 110.588 -0.347 -0.938 0. -124.927 0. 0. 1. 0.
-0.938 0.348 0. 109.215 -0.348 -0.938 0. -125.342 0. 0. 1. 0.
-0.938 0.347 0. 107.784 -0.347 -0.938 0. -125.936 0. 0. 1. 0.
-0.938 0.347 0. 106.252 -0.347 -0.938 0. -126.500 0. 0. 1. 0.
-0.938 0.347 0. 104.695 -0.347 -0.938 0. -127.085 0. 0. 1. 0.
-0.938 0.345 0. 103.092 -0.345 -0.938 0. -127.654 0. 0. 1. 0.
-0.938 0.345 0. 101.474 -0.345 -0.938 0. -128.236 0. 0. 1. 0.
-0.940 0.341 0. 99.854 -0.341 -0.940 0. -128.846 0. 0. 1. 0.
-0.942 0.336 0. 98.278 -0.336 -0.942 0. -129.471 0. 0. 1. 0.
-0.944 0.331 0. 96.598 -0.331 -0.944 0. -129.945 0. 0. 1. 0.
-0.946 0.324 0. 94.933 -0.324 -0.946 0. -130.556 0. 0. 1. 0.
-0.948 0.317 0. 93.238 -0.317 -0.948 0. -131.071 0. 0. 1. 0.
-0.950 0.311 0. 91.566 -0.311 -0.950 0. -131.600 0. 0. 1. 0.
-0.952 0.306 0. 89.839 -0.306 -0.952 0. -132.105 0. 0. 1. 0.
-0.954 0.300 0. 88.118 -0.300 -0.954 0. -132.687 0. 0. 1. 0.
-0.955 0.298 0. 86.359 -0.298 -0.955 0. -133.153 0. 0. 1. 0.
-0.955 0.297 0. 84.666 -0.297 -0.955 0. -133.710 0. 0. 1. 0.
-0.956 0.294 0. 82.927 -0.294 -0.956 0. -134.180 0. 0. 1. 0.
-0.956 0.292 0. 81.235 -0.292 -0.956 0. -134.676 0. 0. 1. 0.
-0.956 0.292 0. 79.539 -0.292 -0.956 0. -135.150 0. 0. 1. 0.
-0.955 0.297 0. 77.857 -0.297 -0.955 0. -135.599 0. 0. 1. 0.
-0.951 0.308 0. 76.216 -0.308 -0.951 0. -136.114 0. 0. 1. 0.
-0.946 0.324 0. 74.608 -0.324 -0.946 0. -136.690 0. 0. 1. 0.
-0.938 0.347 0. 73.022 -0.347 -0.938 0. -137.228 0. 0. 1. 0.
-0.925 0.380 0. 71.653 -0.380 -0.925 0. -137.904 0. 0. 1. 0.
-0.906 0.424 0. 70.208 -0.424 -0.906 0. -138.530 0. 0. 1. 0.
-0.879 0.476 0. 68.929 -0.476 -0.879 0. -139.205 0. 0. 1. 0.
-0.844 0.537 0. 67.731 -0.537 -0.844 0. -140.065 0. 0. 1. 0.
-0.795 0.606 0. 66.633 -0.606 -0.795 0. -140.922 0. 0. 1. 0.
-0.738 0.675 0. 65.674 -0.675 -0.738 0. -141.915 0. 0. 1. 0.
-0.672 0.741 0. 64.803 -0.741 -0.672 0. -142.882 0. 0. 1. 0.
-0.595 0.804 0. 64.084 -0.804 -0.595 0. -143.981 0. 0. 1. 0.
-0.509 0.861 0. 63.506 -0.861 -0.509 0. -145.115 0. 0. 1. 0.
-0.410 0.912 0. 63.000 -0.912 -0.410 0. -146.304 0. 0. 1. 0.
-0.301 0.954 0. 62.705 -0.954 -0.301 0. -147.477 0. 0. 1. 0.
-0.183 0.983 0. 62.526 -0.983 -0.183 0. -148.728 0. 0. 1. 0.
-0.058 0.998 0. 62.504 -0.998 -0.058 0. -149.977 0. 0. 1. 0.
0.063 0.998 0. 62.578 -0.998 0.063 0. -151.262 0. 0. 1. 0.
0.173 0.985 0. 62.844 -0.985 0.173 0. -152.494 0. 0. 1. 0.
0.272 0.962 0. 63.196 -0.962 0.272 0. -153.678 0. 0. 1. 0.
0.357 0.934 0. 63.751 -0.934 0.357 0. -154.966 0. 0. 1. 0.
0.434 0.901 0. 64.320 -0.901 0.434 0. -156.212 0. 0. 1. 0.
0.503 0.864 0. 65.178 -0.864 0.503 0. -157.368 0. 0. 1. 0.
0.562 0.827 0. 66.018 -0.827 0.562 0. -158.575 0. 0. 1. 0.
0.618 0.786 0. 66.930 -0.786 0.618 0. -159.719 0. 0. 1. 0.
0.667 0.745 0. 67.981 -0.745 0.667 0. -160.822 0. 0. 1. 0.
0.713 0.701 0. 69.050 -0.701 0.713 0. -161.888 0. 0. 1. 0.
0.748 0.663 0. 70.297 -0.663 0.748 0. -162.914 0. 0. 1. 0.
0.785 0.620 0. 71.557 -0.620 0.785 0. -163.858 0. 0. 1. 0.
0.822 0.569 0. 72.840 -0.569 0.822 0. -164.808 0. 0. 1. 0.
0.857 0.515 0. 74.271 -0.515 0.857 0. -165.675 0. 0. 1. 0.
0.890 0.456 0. 75.787 -0.456 0.890 0. -166.380 0. 0. 1. 0.
0.920 0.392 0. 77.373 -0.392 0.920 0. -167.077 0. 0. 1. 0.
0.945 0.328 0. 79.060 -0.328 0.945 0. -167.677 0. 0. 1. 0.
0.965 0.262 0. 80.827 -0.262 0.965 0. -168.153 0. 0. 1. 0.
0.981 0.192 0. 82.614 -0.192 0.981 0. -168.547 0. 0. 1. 0.
0.993 0.121 0. 84.419 -0.121 0.993 0. -168.781 0. 0. 1. 0.
0.999 0.054 0. 86.278 -0.054 0.999 0. -168.850 0. 0. 1. 0.
1. -0.008 0. 88.212 0.008 1. 0. -168.887 0. 0. 1. 0.
0.998 -0.061 0. 90.151 0.061 0.998 0. -168.740 0. 0. 1. 0.
0.994 -0.107 0. 92.101 0.107 0.994 0. -168.520 0. 0. 1. 0.
0.992 -0.129 0. 94.038 0.129 0.992 0. -168.297 0. 0. 1. 0.
0.989 -0.147 0. 95.990 0.147 0.989 0. -167.939 0. 0. 1. 0.
0.987 -0.160 0. 98.004 0.160 0.987 0. -167.651 0. 0. 1. 0.
0.986 -0.164 0. 100.034 0.164 0.986 0. -167.275 0. 0. 1. 0.
0.986 -0.165 0. 102.087 0.165 0.986 0. -166.969 0. 0. 1. 0.
0.987 -0.164 0. 104.189 0.164 0.987 0. -166.593 0. 0. 1. 0.
0.986 -0.164 0. 106.314 0.164 0.986 0. -166.235 0. 0. 1. 0.
0.987 -0.160 0. 108.479 0.160 0.987 0. -165.916 0. 0. 1. 0.
0.988 -0.157 0. 110.680 0.157 0.988 0. -165.594 0. 0. 1. 0.
0.988 -0.152 0. 112.778 0.152 0.988 0. -165.284 0. 0. 1. 0.
0.989 -0.147 0. 114.909 0.147 0.989 0. -164.982 0. 0. 1. 0.
0.990 -0.141 0. 117.017 0.141 0.990 0. -164.671 0. 0. 1. 0.
0.991 -0.137 0. 119.098 0.137 0.991 0. -164.371 0. 0. 1. 0.
0.992 -0.127 0. 121.232 0.127 0.992 0. -164.158 0. 0. 1. 0.
0.993 -0.119 0. 123.353 0.119 0.993 0. -163.879 0. 0. 1. 0.
0.994 -0.112 0. 125.531 0.112 0.994 0. -163.616 0. 0. 1. 0.
0.994 -0.106 0. 127.654 0.106 0.994 0. -163.434 0. 0. 1. 0.
0.995 -0.099 0. 129.845 0.099 0.995 0. -163.243 0. 0. 1. 0.
0.995 -0.096 0. 132.144 0.096 0.995 0. -163.014 0. 0. 1. 0.
0.996 -0.094 0. 134.345 0.094 0.996 0. -162.805 0. 0. 1. 0.
0.996 -0.091 0. 136.658 0.091 0.996 0. -162.599 0. 0. 1. 0.
0.996 -0.088 0. 138.865 0.088 0.996 0. -162.440 0. 0. 1. 0.
0.997 -0.081 0. 141.174 0.081 0.997 0. -162.246 0. 0. 1. 0.
0.997 -0.072 0. 143.481 0.072 0.997 0. -162.063 0. 0. 1. 0.
0.998 -0.069 0. 145.794 0.069 0.998 0. -161.969 0. 0. 1. 0.
0.998 -0.059 0. 148.112 0.059 0.998 0. -161.832 0. 0. 1. 0.
0.999 -0.052 0. 150.447 0.052 0.999 0. -161.718 0. 0. 1. 0.
0.999 -0.048 0. 152.788 0.048 0.999 0. -161.643 0. 0. 1. 0.
0.999 -0.043 0. 155.166 0.043 0.999 0. -161.557 0. 0. 1. 0.
0.999 -0.038 0. 157.553 0.038 0.999 0. -161.479 0. 0. 1. 0.
1.000 -0.031 0. 159.956 0.031 1.000 0. -161.397 0. 0. 1. 0.
1.000 -0.026 0. 162.389 0.026 1.000 0. -161.351 0. 0. 1. 0.
1.000 -0.016 0. 164.804 0.016 1.000 0. -161.323 0. 0. 1. 0.
1. -0.010 0. 167.204 0.010 1. 0. -161.254 0. 0. 1. 0.
1. -0.002 0. 169.576 0.002 1. 0. -161.318 0. 0. 1. 0.
1. 0.005 0. 171.956 -0.005 1. 0. -161.281 0. 0. 1. 0.
1.000 0.015 0. 174.325 -0.015 1.000 0. -161.381 0. 0. 1. 0.
1.000 0.025 0. 176.743 -0.025 1.000 0. -161.444 0. 0. 1. 0.
0.999 0.033 0. 179.191 -0.033 0.999 0. -161.518 0. 0. 1. 0.
0.999 0.045 0. 181.671 -0.045 0.999 0. -161.714 0. 0. 1. 0.
0.998 0.056 0. 184.143 -0.056 0.998 0. -161.820 0. 0. 1. 0.
0.998 0.070 0. 186.585 -0.070 0.998 0. -162.016 0. 0. 1. 0.
0.997 0.080 0. 189.045 -0.080 0.997 0. -162.186 0. 0. 1. 0.
0.996 0.093 0. 191.450 -0.093 0.996 0. -162.453 0. 0. 1. 0.
0.995 0.100 0. 193.870 -0.100 0.995 0. -162.696 0. 0. 1. 0.
0.994 0.108 0. 196.263 -0.108 0.994 0. -162.982 0. 0. 1. 0.
0.994 0.113 0. 198.690 -0.113 0.994 0. -163.276 0. 0. 1. 0.
0.992 0.123 0. 201.107 -0.123 0.992 0. -163.616 0. 0. 1. 0.
0.992 0.130 0. 203.563 -0.130 0.992 0. -163.960 0. 0. 1. 0.
0.991 0.137 0. 205.993 -0.137 0.991 0. -164.313 0. 0. 1. 0.
0.990 0.143 0. 208.490 -0.143 0.990 0. -164.635 0. 0. 1. 0.
0.989 0.147 0. 211.009 -0.147 0.989 0. -165.036 0. 0. 1. 0.
0.988 0.152 0. 213.530 -0.152 0.988 0. -165.468 0. 0. 1. 0.
0.988 0.155 0. 216.035 -0.155 0.988 0. -165.886 0. 0. 1. 0.
0.987 0.159 0. 218.549 -0.159 0.987 0. -166.293 0. 0. 1. 0.
0.987 0.159 0. 221.008 -0.159 0.987 0. -166.733 0. 0. 1. 0.
0.987 0.163 0. 223.459 -0.163 0.987 0. -167.163 0. 0. 1. 0.
0.986 0.166 0. 225.927 -0.166 0.986 0. -167.636 0. 0. 1. 0.
0.986 0.168 0. 228.413 -0.168 0.986 0. -168.039 0. 0. 1. 0.
0.985 0.170 0. 230.852 -0.170 0.985 0. -168.474 0. 0. 1. 0.
0.985 0.172 0. 233.308 -0.172 0.985 0. -168.876 0. 0. 1. 0.
0.985 0.175 0. 235.752 -0.175 0.985 0. -169.308 0. 0. 1. 0.
0.984 0.178 0. 238.137 -0.178 0.984 0. -169.753 0. 0. 1. 0.
0.984 0.180 0. 240.512 -0.180 0.984 0. -170.207 0. 0. 1. 0.
0.983 0.184 0. 242.873 -0.184 0.983 0. -170.681 0. 0. 1. 0.
0.983 0.185 0. 245.200 -0.185 0.983 0. -171.103 0. 0. 1. 0.
0.982 0.189 0. 247.525 -0.189 0.982 0. -171.537 0. 0. 1. 0.
0.982 0.190 0. 249.854 -0.190 0.982 0. -172.010 0. 0. 1. 0.
0.981 0.194 0. 252.175 -0.194 0.981 0. -172.506 0. 0. 1. 0.
0.980 0.197 0. 254.492 -0.197 0.980 0. -172.933 0. 0. 1. 0.
0.980 0.198 0. 256.803 -0.198 0.980 0. -173.431 0. 0. 1. 0.
0.980 0.200 0. 259.106 -0.200 0.980 0. -173.937 0. 0. 1. 0.
0.979 0.202 0. 261.428 -0.202 0.979 0. -174.418 0. 0. 1. 0.
0.979 0.204 0. 263.765 -0.204 0.979 0. -174.850 0. 0. 1. 0.
0.979 0.206 0. 266.041 -0.206 0.979 0. -175.397 0. 0. 1. 0.
0.978 0.208 0. 268.350 -0.208 0.978 0. -175.933 0. 0. 1. 0.
0.978 0.210 0. 270.639 -0.210 0.978 0. -176.407 0. 0. 1. 0.
0.977 0.215 0. 272.882 -0.215 0.977 0. -176.941 0. 0. 1. 0.
0.976 0.218 0. 275.110 -0.218 0.976 0. -177.446 0. 0. 1. 0.
0.975 0.223 0. 277.358 -0.223 0.975 0. -177.948 0. 0. 1. 0.
0.973 0.232 0. 279.621 -0.232 0.973 0. -178.500 0. 0. 1. 0.
0.970 0.242 0. 281.898 -0.242 0.970 0. -179.124 0. 0. 1. 0.
0.968 0.249 0. 284.201 -0.249 0.968 0. -179.743 0. 0. 1. 0.
0.967 0.254 0. 286.578 -0.254 0.967 0. -180.345 0. 0. 1. 0.
0.965 0.261 0. 288.979 -0.261 0.965 0. -180.949 0. 0. 1. 0.
0.964 0.266 0. 291.315 -0.266 0.964 0. -181.641 0. 0. 1. 0.
0.963 0.270 0. 293.606 -0.270 0.963 0. -182.331 0. 0. 1. 0.
0.961 0.277 0. 295.882 -0.277 0.961 0. -183.000 0. 0. 1. 0.
0.959 0.282 0. 298.162 -0.282 0.959 0. -183.666 0. 0. 1. 0.
0.957 0.289 0. 300.437 -0.289 0.957 0. -184.393 0. 0. 1. 0.
0.955 0.297 0. 302.705 -0.297 0.955 0. -185.107 0. 0. 1. 0.
0.953 0.303 0. 305.013 -0.303 0.953 0. -185.803 0. 0. 1. 0.
0.951 0.309 0. 307.319 -0.309 0.951 0. -186.595 0. 0. 1. 0.
0.949 0.316 0. 309.645 -0.316 0.949 0. -187.387 0. 0. 1. 0.
0.945 0.326 0. 311.988 -0.326 0.945 0. -188.169 0. 0. 1. 0.
0.942 0.334 0. 314.310 -0.334 0.942 0. -188.993 0. 0. 1. 0.
0.939 0.344 0. 316.680 -0.344 0.939 0. -189.907 0. 0. 1. 0.
0.935 0.355 0. 319.043 -0.355 0.935 0. -190.741 0. 0. 1. 0.
0.931 0.364 0. 321.343 -0.364 0.931 0. -191.678 0. 0. 1. 0.
0.929 0.370 0. 323.677 -0.370 0.929 0. -192.561 0. 0. 1. 0.
0.926 0.378 0. 325.944 -0.378 0.926 0. -193.621 0. 0. 1. 0.
0.922 0.387 0. 328.282 -0.387 0.922 0. -194.518 0. 0. 1. 0.
0.920 0.392 0. 330.607 -0.392 0.920 0. -195.530 0. 0. 1. 0.
0.918 0.398 0. 332.893 -0.398 0.918 0. -196.575 0. 0. 1. 0.
0.917 0.400 0. 335.250 -0.400 0.917 0. -197.561 0. 0. 1. 0.
0.916 0.402 0. 337.535 -0.402 0.916 0. -198.629 0. 0. 1. 0.
0.914 0.405 0. 339.844 -0.405 0.914 0. -199.622 0. 0. 1. 0.
0.914 0.406 0. 342.125 -0.406 0.914 0. -200.672 0. 0. 1. 0.
0.913 0.408 0. 344.371 -0.408 0.913 0. -201.709 0. 0. 1. 0.
0.913 0.408 0. 346.618 -0.408 0.913 0. -202.696 0. 0. 1. 0.
0.915 0.403 0. 348.864 -0.403 0.915 0. -203.648 0. 0. 1. 0.
0.918 0.397 0. 351.027 -0.397 0.918 0. -204.689 0. 0. 1. 0.
