1566535942021640 1.00000 0.00096 -0.00000 -3.00007 -0.00096 1.00000 0.00000 -0.06226 0.00000 -0.00000 1.00000 0.00000
1566535942270558 1.00000 -0.00003 0.00000 -3.72363 0.00003 1.00000 -0.00000 -0.05755 -0.00000 0.00000 1.00000 0.00000
1566535942520978 1.00000 -0.00073 0.00000 -4.52020 0.00073 1.00000 -0.00000 -0.03198 -0.00000 0.00000 1.00000 0.00000
1566535942770644 1.00000 -0.00193 0.00000 -5.36089 0.00193 1.00000 -0.00000 -0.00746 -0.00000 0.00000 1.00000 0.00000
1566535943020268 0.99999 -0.00371 0.00000 -6.35645 0.00371 0.99999 -0.00000 -0.03633 -0.00000 0.00000 1.00000 0.00000
1566535943269371 1.00000 -0.00242 0.00000 -7.40081 0.00242 1.00000 -0.00000 -0.03531 -0.00000 0.00000 1.00000 0.00000
1566535943519180 0.99999 -0.00434 0.00000 -8.52843 0.00434 0.99999 -0.00000 -0.05540 -0.00000 0.00000 1.00000 0.00000
1566535943769051 0.99999 -0.00346 0.00000 -9.68438 0.00346 0.99999 -0.00000 -0.10786 -0.00000 0.00000 1.00000 0.00000
1566535944018719 0.99999 -0.00482 0.00000 -10.92559 0.00482 0.99999 -0.00000 -0.11064 -0.00000 0.00000 1.00000 0.00000
1566535944268685 0.99997 -0.00756 0.00000 -12.24939 0.00756 0.99997 -0.00000 -0.13958 -0.00000 0.00000 1.00000 0.00000
1566535944517541 0.99997 -0.00745 0.00000 -13.61385 0.00745 0.99997 -0.00000 -0.15407 -0.00000 0.00000 1.00000 0.00000
1566535944766296 0.99996 -0.00839 0.00000 -14.99608 0.00839 0.99996 -0.00000 -0.18388 -0.00000 0.00000 1.00000 0.00000
1566535945016203 0.99993 -0.01217 0.00000 -16.44915 0.01217 0.99993 -0.00000 -0.20268 -0.00000 0.00000 1.00000 0.00000
1566535945265124 0.99990 -0.01407 0.00000 -17.88620 0.01407 0.99990 -0.00000 -0.26070 -0.00000 0.00000 1.00000 0.00000
1566535945514554 0.99986 -0.01692 0.00000 -19.37978 0.01692 0.99986 -0.00000 -0.35172 -0.00000 0.00000 1.00000 0.00000
1566535945764314 0.99982 -0.01914 0.00000 -20.87039 0.01914 0.99982 -0.00000 -0.36673 -0.00000 0.00000 1.00000 0.00000
1566535946013528 0.99973 -0.02313 0.00000 -22.34855 0.02313 0.99973 -0.00000 -0.47125 -0.00000 0.00000 1.00000 0.00000
1566535946264334 0.99965 -0.02630 0.00000 -23.82423 0.02630 0.99965 -0.00000 -0.56681 -0.00000 0.00000 1.00000 0.00000
1566535946512332 0.99956 -0.02955 0.00000 -25.32116 0.02955 0.99956 -0.00000 -0.62630 -0.00000 0.00000 1.00000 0.00000
1566535946761695 0.99941 -0.03423 0.00000 -26.81087 0.03423 0.99941 -0.00000 -0.75918 -0.00000 0.00000 1.00000 0.00000
1566535947010971 0.99926 -0.03853 0.00000 -28.23325 0.03853 0.99926 -0.00000 -0.87260 -0.00000 0.00000 1.00000 0.00000
1566535947260221 0.99909 -0.04268 0.00000 -29.69791 0.04268 0.99909 -0.00000 -0.99400 -0.00000 0.00000 1.00000 0.00000
1566535947510168 0.99897 -0.04528 0.00000 -31.11378 0.04528 0.99897 -0.00000 -1.09637 -0.00000 0.00000 1.00000 0.00000
1566535947759271 0.99864 -0.05221 0.00000 -32.57248 0.05221 0.99864 -0.00000 -1.30620 -0.00000 0.00000 1.00000 0.00000
1566535948008317 0.99835 -0.05744 0.00000 -34.00477 0.05744 0.99835 -0.00000 -1.47548 -0.00000 0.00000 1.00000 0.00000
1566535948257711 0.99811 -0.06144 0.00000 -35.40975 0.06144 0.99811 -0.00000 -1.69464 -0.00000 0.00000 1.00000 0.00000
1566535948507781 0.99781 -0.06612 0.00000 -36.80094 0.06612 0.99781 -0.00000 -1.86409 -0.00000 0.00000 1.00000 0.00000
1566535948756909 0.99755 -0.06998 0.00000 -38.20901 0.06998 0.99755 -0.00000 -1.96775 -0.00000 0.00000 1.00000 0.00000
1566535949006260 0.99709 -0.07618 0.00000 -39.60096 0.07618 0.99709 -0.00000 -2.20310 -0.00000 0.00000 1.00000 0.00000
1566535949255437 0.99660 -0.08237 0.00000 -40.96825 0.08237 0.99660 -0.00000 -2.44207 -0.00000 0.00000 1.00000 0.00000
1566535949505717 0.99619 -0.08723 0.00000 -42.34481 0.08723 0.99619 -0.00000 -2.67087 -0.00000 0.00000 1.00000 0.00000
1566535949754550 0.99562 -0.09346 0.00000 -43.75665 0.09346 0.99562 -0.00000 -2.91825 -0.00000 0.00000 1.00000 0.00000
1566535950002784 0.99519 -0.09793 0.00000 -45.17835 0.09793 0.99519 -0.00000 -3.09462 -0.00000 0.00000 1.00000 0.00000
1566535950252264 0.99481 -0.10173 0.00000 -46.58002 0.10173 0.99481 -0.00000 -3.31501 -0.00000 0.00000 1.00000 0.00000
1566535950501968 0.99442 -0.10554 0.00000 -48.05032 0.10554 0.99442 -0.00000 -3.49006 -0.00000 0.00000 1.00000 0.00000
1566535950751412 0.99380 -0.11119 0.00000 -49.49564 0.11119 0.99380 -0.00000 -3.77872 -0.00000 0.00000 1.00000 0.00000
1566535951000620 0.99348 -0.11398 0.00000 -51.00038 0.11398 0.99348 -0.00000 -3.88852 -0.00000 0.00000 1.00000 0.00000
1566535951250011 0.99308 -0.11742 0.00000 -52.46197 0.11742 0.99308 -0.00000 -4.08052 -0.00000 0.00000 1.00000 0.00000
1566535951499592 0.99266 -0.12097 0.00000 -53.96029 0.12097 0.99266 -0.00000 -4.30836 -0.00000 0.00000 1.00000 0.00000
1566535951749176 0.99218 -0.12481 0.00000 -55.52297 0.12481 0.99218 -0.00000 -4.51433 -0.00000 0.00000 1.00000 0.00000
1566535951998891 0.99190 -0.12702 0.00000 -57.08565 0.12702 0.99190 -0.00000 -4.65121 -0.00000 0.00000 1.00000 0.00000
1566535952248542 0.99193 -0.12679 0.00000 -58.66114 0.12679 0.99193 -0.00000 -4.60415 -0.00000 0.00000 1.00000 0.00000
1566535952497983 0.99190 -0.12703 0.00000 -60.33521 0.12703 0.99190 -0.00000 -4.63452 -0.00000 0.00000 1.00000 0.00000
1566535952747322 0.99178 -0.12795 0.00000 -61.96250 0.12795 0.99178 -0.00000 -4.75149 -0.00000 0.00000 1.00000 0.00000
1566535952996459 0.99198 -0.12641 0.00000 -63.72205 0.12641 0.99198 -0.00000 -4.66052 -0.00000 0.00000 1.00000 0.00000
1566535953245929 0.99219 -0.12470 0.00000 -65.41804 0.12470 0.99219 -0.00000 -4.54038 -0.00000 0.00000 1.00000 0.00000
1566535953494906 0.99197 -0.12647 0.00000 -67.16768 0.12647 0.99197 -0.00000 -4.67504 -0.00000 0.00000 1.00000 0.00000
1566535953745060 0.99205 -0.12582 0.00000 -68.94574 0.12582 0.99205 -0.00000 -4.65096 -0.00000 0.00000 1.00000 0.00000
1566535953994202 0.99202 -0.12608 0.00000 -70.73613 0.12608 0.99202 -0.00000 -4.67021 -0.00000 0.00000 1.00000 0.00000
1566535954243427 0.99195 -0.12661 0.00000 -72.56595 0.12661 0.99195 -0.00000 -4.70200 -0.00000 0.00000 1.00000 0.00000
1566535954492858 0.99205 -0.12586 0.00000 -74.39843 0.12586 0.99205 -0.00000 -4.66888 -0.00000 0.00000 1.00000 0.00000
1566535954741809 0.99221 -0.12460 0.00000 -76.26905 0.12460 0.99221 -0.00000 -4.57662 -0.00000 0.00000 1.00000 0.00000
1566535954990885 0.99249 -0.12235 0.00000 -78.16646 0.12235 0.99249 -0.00000 -4.41229 -0.00000 0.00000 1.00000 0.00000
1566535955240396 0.99290 -0.11894 0.00000 -80.03604 0.11894 0.99290 -0.00000 -4.22225 -0.00000 0.00000 1.00000 0.00000
1566535955489638 0.99325 -0.11596 0.00000 -81.99194 0.11596 0.99325 -0.00000 -3.99727 -0.00000 0.00000 1.00000 0.00000
1566535955738760 0.99366 -0.11246 0.00000 -83.92603 0.11246 0.99366 -0.00000 -3.71421 -0.00000 0.00000 1.00000 0.00000
1566535955988617 0.99376 -0.11151 0.00000 -85.85121 0.11151 0.99376 -0.00000 -3.59806 -0.00000 0.00000 1.00000 0.00000
1566535956237968 0.99388 -0.11043 0.00000 -87.78632 0.11043 0.99388 -0.00000 -3.55377 -0.00000 0.00000 1.00000 0.00000
1566535956487033 0.99433 -0.10630 0.00000 -89.68525 0.10630 0.99433 -0.00000 -3.11421 -0.00000 0.00000 1.00000 0.00000
1566535956737010 0.99477 -0.10218 0.00000 -91.62667 0.10218 0.99477 -0.00000 -2.77308 -0.00000 0.00000 1.00000 0.00000
1566535956985852 0.99471 -0.10272 0.00000 -93.48714 0.10272 0.99471 -0.00000 -2.86904 -0.00000 0.00000 1.00000 0.00000
1566535957235208 0.99455 -0.10422 0.00000 -95.34164 0.10422 0.99455 -0.00000 -3.03814 -0.00000 0.00000 1.00000 0.00000
1566535957484693 0.99443 -0.10540 0.00000 -97.16040 0.10540 0.99443 -0.00000 -3.13760 -0.00000 0.00000 1.00000 0.00000
1566535957732858 0.99441 -0.10560 0.00000 -98.95879 0.10560 0.99441 -0.00000 -3.15035 -0.00000 0.00000 1.00000 0.00000
1566535957981782 0.99429 -0.10668 0.00000 -100.76863 0.10668 0.99429 -0.00000 -3.28387 -0.00000 0.00000 1.00000 0.00000
1566535958230942 0.99431 -0.10655 0.00000 -102.50829 0.10655 0.99431 -0.00000 -3.27816 -0.00000 0.00000 1.00000 0.00000
1566535958480029 0.99421 -0.10743 0.00000 -104.13716 0.10743 0.99421 -0.00000 -3.30008 -0.00000 0.00000 1.00000 0.00000
1566535958729285 0.99416 -0.10794 0.00000 -105.96444 0.10794 0.99416 -0.00000 -3.39909 -0.00000 0.00000 1.00000 0.00000
1566535958978428 0.99461 -0.10371 0.00000 -107.91079 0.10371 0.99461 -0.00000 -3.04709 -0.00000 0.00000 1.00000 0.00000
1566535959227794 0.99432 -0.10644 0.00000 -109.45583 0.10644 0.99432 -0.00000 -3.27776 -0.00000 0.00000 1.00000 0.00000
1566535959477424 0.99430 -0.10660 0.00000 -111.17614 0.10660 0.99430 -0.00000 -3.29048 -0.00000 0.00000 1.00000 0.00000
1566535959727158 0.99447 -0.10502 0.00000 -112.95446 0.10502 0.99447 -0.00000 -3.10536 -0.00000 0.00000 1.00000 0.00000
1566535959976426 0.99448 -0.10492 0.00000 -114.75533 0.10492 0.99448 -0.00000 -3.14130 -0.00000 0.00000 1.00000 0.00000
1566535960226371 0.99440 -0.10564 0.00000 -116.45458 0.10564 0.99440 -0.00000 -3.16560 -0.00000 0.00000 1.00000 0.00000
1566535960475286 0.99429 -0.10667 0.00000 -118.24828 0.10667 0.99429 -0.00000 -3.31099 -0.00000 0.00000 1.00000 0.00000
1566535960724075 0.99451 -0.10462 0.00000 -119.99713 0.10462 0.99451 -0.00000 -3.01228 -0.00000 0.00000 1.00000 0.00000
1566535960974910 0.99455 -0.10425 0.00000 -121.86102 0.10425 0.99455 -0.00000 -2.99024 -0.00000 0.00000 1.00000 0.00000
1566535961224604 0.99473 -0.10256 0.00000 -123.67732 0.10256 0.99473 -0.00000 -2.76667 -0.00000 0.00000 1.00000 0.00000
1566535961473779 0.99471 -0.10273 0.00000 -125.55613 0.10273 0.99471 -0.00000 -2.82687 -0.00000 0.00000 1.00000 0.00000
1566535961722217 0.99513 -0.09855 0.00000 -127.41135 0.09855 0.99513 -0.00000 -2.30026 -0.00000 0.00000 1.00000 0.00000
1566535961970372 0.99569 -0.09279 0.00000 -129.27134 0.09279 0.99569 -0.00000 -1.55505 -0.00000 0.00000 1.00000 0.00000
1566535962219594 0.99617 -0.08745 0.00000 -131.16235 0.08745 0.99617 -0.00000 -0.88074 -0.00000 0.00000 1.00000 0.00000
1566535962468881 0.99669 -0.08127 0.00000 -133.03839 0.08127 0.99669 -0.00000 0.00124 -0.00000 0.00000 1.00000 0.00000
1566535962718426 0.99714 -0.07557 0.00000 -134.85617 0.07557 0.99714 -0.00000 0.72949 -0.00000 0.00000 1.00000 0.00000
1566535962967575 0.99769 -0.06796 0.00000 -136.61403 0.06796 0.99769 -0.00000 1.78348 -0.00000 0.00000 1.00000 0.00000
1566535963217037 0.99800 -0.06320 0.00000 -138.42437 0.06320 0.99800 -0.00000 2.42970 -0.00000 0.00000 1.00000 0.00000
1566535963465845 0.99823 -0.05944 0.00000 -140.15024 0.05944 0.99823 -0.00000 2.96436 -0.00000 0.00000 1.00000 0.00000
1566535963715873 0.99850 -0.05467 0.00000 -141.86707 0.05467 0.99850 -0.00000 3.62140 -0.00000 0.00000 1.00000 0.00000
1566535963969252 0.99861 -0.05279 0.00000 -143.67560 0.05279 0.99861 -0.00000 3.88695 -0.00000 0.00000 1.00000 0.00000
1566535964215720 0.99882 -0.04860 0.00000 -145.54235 0.04860 0.99882 -0.00000 4.46725 -0.00000 0.00000 1.00000 0.00000
1566535964464719 0.99883 -0.04827 0.00000 -147.24062 0.04827 0.99883 -0.00000 4.48028 -0.00000 0.00000 1.00000 0.00000
1566535964714580 0.99882 -0.04864 0.00000 -149.10085 0.04864 0.99882 -0.00000 4.45652 -0.00000 0.00000 1.00000 0.00000
1566535964963805 0.99883 -0.04829 0.00000 -151.03281 0.04829 0.99883 -0.00000 4.48969 -0.00000 0.00000 1.00000 0.00000
1566535965213028 0.99878 -0.04929 0.00000 -152.90296 0.04929 0.99878 -0.00000 4.32249 -0.00000 0.00000 1.00000 0.00000
1566535965462506 0.99869 -0.05110 0.00000 -154.85346 0.05110 0.99869 -0.00000 4.01246 -0.00000 0.00000 1.00000 0.00000
1566535965711447 0.99866 -0.05173 0.00000 -156.74374 0.05173 0.99866 -0.00000 3.90427 -0.00000 0.00000 1.00000 0.00000
1566535965961306 0.99861 -0.05271 0.00000 -158.75955 0.05271 0.99861 -0.00000 3.72480 -0.00000 0.00000 1.00000 0.00000
1566535966210347 0.99846 -0.05550 0.00000 -160.75379 0.05550 0.99846 -0.00000 3.26034 -0.00000 0.00000 1.00000 0.00000
1566535966460196 0.99826 -0.05898 0.00000 -162.73127 0.05898 0.99826 -0.00000 2.69937 -0.00000 0.00000 1.00000 0.00000
1566535966709669 0.99813 -0.06119 0.00000 -164.73407 0.06119 0.99813 -0.00000 2.35441 -0.00000 0.00000 1.00000 0.00000
1566535966958344 0.99799 -0.06344 0.00000 -166.77564 0.06344 0.99799 -0.00000 1.97797 -0.00000 0.00000 1.00000 0.00000
1566535967207470 0.99751 -0.07048 0.00000 -168.82362 0.07048 0.99751 -0.00000 0.79531 -0.00000 0.00000 1.00000 0.00000
1566535967456521 0.99685 -0.07928 0.00000 -170.85940 0.07928 0.99685 -0.00000 -0.67596 -0.00000 0.00000 1.00000 0.00000
1566535967705834 0.99611 -0.08808 0.00000 -172.90938 0.08808 0.99611 -0.00000 -2.17729 -0.00000 0.00000 1.00000 0.00000
1566535967955168 0.99542 -0.09564 0.00000 -174.92885 0.09564 0.99542 -0.00000 -3.47736 -0.00000 0.00000 1.00000 0.00000
1566535968204630 0.99464 -0.10338 0.00000 -176.96860 0.10338 0.99464 -0.00000 -4.86385 -0.00000 0.00000 1.00000 0.00000
1566535968454562 0.99441 -0.10563 0.00000 -178.97807 0.10563 0.99441 -0.00000 -5.25923 -0.00000 0.00000 1.00000 0.00000
1566535968703572 0.99443 -0.10543 0.00000 -181.02359 0.10543 0.99443 -0.00000 -5.17536 -0.00000 0.00000 1.00000 0.00000
1566535968952282 0.99440 -0.10565 0.00000 -182.98876 0.10565 0.99440 -0.00000 -5.19731 -0.00000 0.00000 1.00000 0.00000
1566535969201451 0.99436 -0.10603 0.00000 -184.91544 0.10603 0.99436 -0.00000 -5.23739 -0.00000 0.00000 1.00000 0.00000
1566535969451207 0.99456 -0.10416 0.00000 -186.85239 0.10416 0.99456 -0.00000 -4.90035 -0.00000 0.00000 1.00000 0.00000
1566535969700123 0.99488 -0.10102 0.00000 -188.92956 0.10102 0.99488 -0.00000 -4.48774 -0.00000 0.00000 1.00000 0.00000
1566535969948797 0.99538 -0.09600 0.00000 -190.68292 0.09600 0.99538 -0.00000 -3.45092 -0.00000 0.00000 1.00000 0.00000
1566535970199345 0.99573 -0.09235 0.00000 -192.73616 0.09235 0.99573 -0.00000 -2.76685 -0.00000 0.00000 1.00000 0.00000
1566535970448327 0.99607 -0.08859 0.00000 -194.79777 0.08859 0.99607 -0.00000 -2.10843 -0.00000 0.00000 1.00000 0.00000
1566535970698069 0.99613 -0.08791 0.00000 -196.75965 0.08791 0.99613 -0.00000 -1.92141 -0.00000 0.00000 1.00000 0.00000
1566535970947902 0.99618 -0.08730 0.00000 -198.76869 0.08730 0.99618 -0.00000 -1.80939 -0.00000 0.00000 1.00000 0.00000
1566535971196936 0.99636 -0.08521 0.00000 -200.82133 0.08521 0.99636 -0.00000 -1.45545 -0.00000 0.00000 1.00000 0.00000
1566535971446379 0.99662 -0.08220 0.00000 -202.85833 0.08220 0.99662 -0.00000 -0.84457 -0.00000 0.00000 1.00000 0.00000
1566535971696472 0.99661 -0.08224 0.00000 -204.91354 0.08224 0.99661 -0.00000 -0.85640 -0.00000 0.00000 1.00000 0.00000
1566535971945458 0.99676 -0.08048 0.00000 -206.98456 0.08048 0.99676 -0.00000 -0.48353 -0.00000 0.00000 1.00000 0.00000
1566535972193585 0.99698 -0.07763 0.00000 -209.08313 0.07763 0.99698 -0.00000 0.09934 -0.00000 0.00000 1.00000 0.00000
1566535972443994 0.99708 -0.07634 0.00000 -211.18085 0.07634 0.99708 -0.00000 0.35315 -0.00000 0.00000 1.00000 0.00000
1566535972693063 0.99730 -0.07340 0.00000 -213.27385 0.07340 0.99730 -0.00000 1.00526 -0.00000 0.00000 1.00000 0.00000
1566535972942235 0.99753 -0.07022 0.00000 -215.37619 0.07022 0.99753 -0.00000 1.67563 -0.00000 0.00000 1.00000 0.00000
1566535973191337 0.99780 -0.06635 0.00000 -217.42896 0.06635 0.99780 -0.00000 2.52526 -0.00000 0.00000 1.00000 0.00000
1566535973440911 0.99808 -0.06200 0.00000 -219.46919 0.06200 0.99808 -0.00000 3.48515 -0.00000 0.00000 1.00000 0.00000
1566535973689887 0.99825 -0.05909 0.00000 -221.50395 0.05909 0.99825 -0.00000 4.15682 -0.00000 0.00000 1.00000 0.00000
1566535973938534 0.99835 -0.05745 0.00000 -223.46621 0.05745 0.99835 -0.00000 4.49743 -0.00000 0.00000 1.00000 0.00000
1566535974188261 0.99835 -0.05736 0.00000 -225.42965 0.05736 0.99835 -0.00000 4.52706 -0.00000 0.00000 1.00000 0.00000
1566535974437413 0.99850 -0.05479 0.00000 -227.37999 0.05479 0.99850 -0.00000 5.09013 -0.00000 0.00000 1.00000 0.00000
1566535974686237 0.99858 -0.05333 0.00000 -229.26731 0.05333 0.99858 -0.00000 5.43787 -0.00000 0.00000 1.00000 0.00000
1566535974935524 0.99863 -0.05229 0.00000 -231.13076 0.05229 0.99863 -0.00000 5.64608 -0.00000 0.00000 1.00000 0.00000
1566535975184318 0.99866 -0.05184 0.00000 -232.95881 0.05184 0.99866 -0.00000 5.74673 -0.00000 0.00000 1.00000 0.00000
1566535975433243 0.99880 -0.04899 0.00000 -234.79910 0.04899 0.99880 -0.00000 6.39478 -0.00000 0.00000 1.00000 0.00000
1566535975683868 0.99879 -0.04912 0.00000 -236.57832 0.04912 0.99879 -0.00000 6.28115 -0.00000 0.00000 1.00000 0.00000
1566535975933058 0.99888 -0.04735 0.00000 -238.47973 0.04735 0.99888 -0.00000 6.75922 -0.00000 0.00000 1.00000 0.00000
1566535976181689 0.99905 -0.04349 0.00000 -240.36277 0.04349 0.99905 -0.00000 7.75497 -0.00000 0.00000 1.00000 0.00000
1566535976431622 0.99909 -0.04262 0.00000 -242.24450 0.04262 0.99909 -0.00000 7.87471 -0.00000 0.00000 1.00000 0.00000
1566535976681809 0.99905 -0.04354 0.00000 -244.11109 0.04354 0.99905 -0.00000 7.60438 -0.00000 0.00000 1.00000 0.00000
1566535976930836 0.99919 -0.04022 0.00000 -246.07123 0.04022 0.99919 -0.00000 8.37326 -0.00000 0.00000 1.00000 0.00000
1566535977179717 0.99939 -0.03505 0.00000 -247.97844 0.03505 0.99939 -0.00000 9.66638 -0.00000 0.00000 1.00000 0.00000
1566535977429376 0.99958 -0.02888 0.00000 -249.91774 0.02888 0.99958 -0.00000 11.16968 -0.00000 0.00000 1.00000 0.00000
1566535977678580 0.99975 -0.02254 0.00000 -251.84182 0.02254 0.99975 -0.00000 12.77023 -0.00000 0.00000 1.00000 0.00000
1566535977928312 0.99987 -0.01627 0.00000 -253.81098 0.01627 0.99987 -0.00000 14.36298 -0.00000 0.00000 1.00000 0.00000
1566535978178137 0.99995 -0.01007 0.00000 -255.77740 0.01007 0.99995 -0.00000 15.89073 -0.00000 0.00000 1.00000 0.00000
1566535978427401 0.99999 -0.00376 0.00000 -257.78275 0.00376 0.99999 -0.00000 17.49009 -0.00000 0.00000 1.00000 0.00000
1566535978676334 0.99999 0.00345 -0.00000 -259.73538 -0.00345 0.99999 0.00000 19.34341 0.00000 -0.00000 1.00000 -0.00000
1566535978926425 0.99997 0.00790 -0.00000 -261.80083 -0.00790 0.99997 0.00000 20.49465 0.00000 -0.00000 1.00000 -0.00000
1566535979175626 0.99991 0.01324 -0.00000 -263.85577 -0.01324 0.99991 0.00000 21.85890 0.00000 -0.00000 1.00000 -0.00000
1566535979424735 0.99983 0.01847 -0.00000 -265.94238 -0.01847 0.99983 0.00000 23.14079 0.00000 -0.00000 1.00000 -0.00000
1566535979674289 0.99981 0.01937 -0.00000 -268.09876 -0.01937 0.99981 0.00000 23.41756 0.00000 -0.00000 1.00000 -0.00000
1566535979923768 0.99984 0.01782 -0.00000 -270.32889 -0.01782 0.99984 0.00000 23.01895 0.00000 -0.00000 1.00000 -0.00000
1566535980172969 0.99983 0.01825 -0.00000 -272.49908 -0.01825 0.99983 0.00000 23.15305 0.00000 -0.00000 1.00000 -0.00000
1566535980422127 0.99982 0.01886 -0.00000 -274.67943 -0.01886 0.99982 0.00000 23.24197 0.00000 -0.00000 1.00000 -0.00000
1566535980671616 0.99984 0.01796 -0.00000 -276.91929 -0.01796 0.99984 0.00000 22.98499 0.00000 -0.00000 1.00000 -0.00000
1566535980921562 0.99987 0.01597 -0.00000 -279.20382 -0.01597 0.99987 0.00000 22.45035 0.00000 -0.00000 1.00000 -0.00000
1566535981169093 0.99992 0.01246 -0.00000 -281.48532 -0.01246 0.99992 0.00000 21.46013 0.00000 -0.00000 1.00000 -0.00000
1566535981419259 0.99994 0.01056 -0.00000 -283.69312 -0.01056 0.99994 0.00000 20.90696 0.00000 -0.00000 1.00000 -0.00000
1566535981667658 0.99994 0.01070 -0.00000 -285.89480 -0.01070 0.99994 0.00000 20.95203 0.00000 -0.00000 1.00000 -0.00000
1566535981916786 0.99993 0.01191 -0.00000 -288.00267 -0.01191 0.99993 0.00000 21.23274 0.00000 -0.00000 1.00000 -0.00000
1566535982166163 0.99992 0.01251 -0.00000 -290.11501 -0.01251 0.99992 0.00000 21.39826 0.00000 -0.00000 1.00000 -0.00000
1566535982414448 0.99992 0.01238 -0.00000 -292.21986 -0.01238 0.99992 0.00000 21.34901 0.00000 -0.00000 1.00000 -0.00000
1566535982664049 0.99994 0.01107 -0.00000 -294.29078 -0.01107 0.99994 0.00000 21.01151 0.00000 -0.00000 1.00000 -0.00000
1566535982913658 0.99992 0.01290 -0.00000 -296.47198 -0.01290 0.99992 0.00000 21.49617 0.00000 -0.00000 1.00000 -0.00000
1566535983162925 0.99989 0.01474 -0.00000 -298.52238 -0.01474 0.99989 0.00000 21.98515 0.00000 -0.00000 1.00000 -0.00000
1566535983421548 0.99986 0.01678 -0.00000 -300.65926 -0.01678 0.99986 0.00000 22.61213 0.00000 -0.00000 1.00000 -0.00000
1566535983662858 0.99984 0.01774 -0.00000 -302.86566 -0.01774 0.99984 0.00000 22.87864 0.00000 -0.00000 1.00000 -0.00000
1566535983912697 0.99981 0.01951 -0.00000 -305.00152 -0.01951 0.99981 0.00000 23.41223 0.00000 -0.00000 1.00000 -0.00000
1566535984162658 0.99980 0.02018 -0.00000 -307.22492 -0.02018 0.99980 0.00000 23.61021 0.00000 -0.00000 1.00000 -0.00000
1566535984411541 0.99977 0.02145 -0.00000 -309.44175 -0.02145 0.99977 0.00000 23.98743 0.00000 -0.00000 1.00000 -0.00000
1566535984660719 0.99972 0.02372 -0.00000 -311.62084 -0.02372 0.99972 0.00000 24.70424 0.00000 -0.00000 1.00000 -0.00000
1566535984910198 0.99966 0.02595 -0.00000 -313.81908 -0.02595 0.99966 0.00000 25.34907 0.00000 -0.00000 1.00000 -0.00000
1566535985158693 0.99958 0.02889 -0.00000 -315.99252 -0.02889 0.99958 0.00000 26.26421 0.00000 -0.00000 1.00000 -0.00000
1566535985407990 0.99949 0.03203 -0.00000 -318.16192 -0.03203 0.99949 0.00000 27.31092 0.00000 -0.00000 1.00000 -0.00000
1566535985658251 0.99934 0.03633 -0.00000 -320.25502 -0.03633 0.99934 0.00000 28.63773 0.00000 -0.00000 1.00000 -0.00000
1566535985906115 0.99920 0.04000 -0.00000 -322.37072 -0.04000 0.99920 0.00000 29.80226 0.00000 -0.00000 1.00000 -0.00000
1566535986154945 0.99901 0.04460 -0.00000 -324.42352 -0.04460 0.99901 0.00000 31.31410 0.00000 -0.00000 1.00000 -0.00000
1566535986404525 0.99886 0.04778 -0.00000 -326.47694 -0.04778 0.99886 0.00000 32.32887 0.00000 -0.00000 1.00000 -0.00000
1566535986653842 0.99870 0.05089 -0.00000 -328.51427 -0.05089 0.99870 0.00000 33.32719 0.00000 -0.00000 1.00000 -0.00000
1566535986902837 0.99852 0.05447 -0.00000 -330.45699 -0.05447 0.99852 0.00000 34.48564 0.00000 -0.00000 1.00000 -0.00000
1566535987151898 0.99837 0.05707 -0.00000 -332.49859 -0.05707 0.99837 0.00000 35.36605 0.00000 -0.00000 1.00000 -0.00000
1566535987400709 0.99809 0.06177 -0.00000 -334.45074 -0.06177 0.99809 0.00000 36.87665 0.00000 -0.00000 1.00000 -0.00000
1566535987650504 0.99767 0.06817 -0.00000 -336.15511 -0.06817 0.99767 0.00000 39.01493 0.00000 -0.00000 1.00000 -0.00000
1566535987899399 0.99709 0.07618 -0.00000 -337.98101 -0.07618 0.99709 0.00000 41.68794 0.00000 -0.00000 1.00000 -0.00000
1566535988148827 0.99651 0.08352 -0.00000 -339.69790 -0.08352 0.99651 0.00000 44.17136 0.00000 -0.00000 1.00000 -0.00000
1566535988399196 0.99615 0.08761 -0.00000 -341.57303 -0.08761 0.99615 0.00000 45.51767 0.00000 -0.00000 1.00000 -0.00000
1566535988647555 0.99561 0.09356 -0.00000 -343.32268 -0.09356 0.99561 0.00000 47.57742 0.00000 -0.00000 1.00000 -0.00000
1566535988897368 0.99505 0.09934 -0.00000 -345.07776 -0.09934 0.99505 0.00000 49.56760 0.00000 -0.00000 1.00000 -0.00000
1566535989146665 0.99482 0.10161 -0.00000 -347.00164 -0.10161 0.99482 0.00000 50.31325 0.00000 -0.00000 1.00000 -0.00000
1566535989395665 0.99463 0.10345 -0.00000 -348.93726 -0.10345 0.99463 0.00000 50.94970 0.00000 -0.00000 1.00000 -0.00000
1566535989644515 0.99470 0.10281 -0.00000 -350.99773 -0.10281 0.99470 0.00000 50.70167 0.00000 -0.00000 1.00000 -0.00000
1566535989893912 0.99448 0.10488 -0.00000 -352.83819 -0.10488 0.99448 0.00000 51.44709 0.00000 -0.00000 1.00000 -0.00000
1566535990143298 0.99445 0.10526 -0.00000 -354.80491 -0.10526 0.99445 0.00000 51.55674 0.00000 -0.00000 1.00000 -0.00000
1566535990390917 0.99421 0.10743 -0.00000 -356.62672 -0.10743 0.99421 0.00000 52.28743 0.00000 -0.00000 1.00000 -0.00000
1566535990641307 0.99396 0.10971 -0.00000 -358.43201 -0.10971 0.99396 0.00000 53.14419 0.00000 -0.00000 1.00000 -0.00000
1566535990889304 0.99368 0.11224 -0.00000 -360.23459 -0.11224 0.99368 0.00000 54.03523 0.00000 -0.00000 1.00000 -0.00000
1566535991138701 0.99323 0.11617 -0.00000 -361.91382 -0.11617 0.99323 0.00000 55.44976 0.00000 -0.00000 1.00000 -0.00000
1566535991388608 0.99299 0.11816 -0.00000 -363.76545 -0.11816 0.99299 0.00000 56.19405 0.00000 -0.00000 1.00000 -0.00000
1566535991637627 0.99238 0.12321 -0.00000 -365.48514 -0.12321 0.99238 0.00000 58.00869 0.00000 -0.00000 1.00000 -0.00000
1566535991885929 0.99219 0.12475 -0.00000 -367.32977 -0.12475 0.99219 0.00000 58.58564 0.00000 -0.00000 1.00000 -0.00000
1566535992136439 0.99187 0.12725 -0.00000 -369.22545 -0.12725 0.99187 0.00000 59.46029 0.00000 -0.00000 1.00000 -0.00000
1566535992385594 0.99150 0.13007 -0.00000 -371.13514 -0.13007 0.99150 0.00000 60.53944 0.00000 -0.00000 1.00000 -0.00000
1566535992634829 0.99157 0.12960 -0.00000 -373.16631 -0.12960 0.99157 0.00000 60.34202 0.00000 -0.00000 1.00000 -0.00000
1566535992885839 0.99157 0.12959 -0.00000 -375.26655 -0.12959 0.99157 0.00000 60.29199 0.00000 -0.00000 1.00000 -0.00000
1566535993135817 0.99156 0.12962 -0.00000 -377.33116 -0.12962 0.99156 0.00000 60.30427 0.00000 -0.00000 1.00000 -0.00000
1566535993384408 0.99193 0.12681 -0.00000 -379.60557 -0.12681 0.99193 0.00000 59.24648 0.00000 -0.00000 1.00000 -0.00000
1566535993633431 0.99233 0.12361 -0.00000 -381.86923 -0.12361 0.99233 0.00000 58.00490 0.00000 -0.00000 1.00000 -0.00000
1566535993882767 0.99273 0.12037 -0.00000 -384.12676 -0.12037 0.99273 0.00000 56.77846 0.00000 -0.00000 1.00000 -0.00000
1566535994132061 0.99326 0.11589 -0.00000 -386.43882 -0.11589 0.99326 0.00000 55.05772 0.00000 -0.00000 1.00000 -0.00000
1566535994381470 0.99355 0.11337 -0.00000 -388.56356 -0.11337 0.99355 0.00000 54.03764 0.00000 -0.00000 1.00000 -0.00000
1566535994633921 0.99360 0.11293 -0.00000 -390.61459 -0.11293 0.99360 0.00000 53.90828 0.00000 -0.00000 1.00000 -0.00000
1566535994879805 0.99331 0.11546 -0.00000 -392.42072 -0.11546 0.99331 0.00000 54.86831 0.00000 -0.00000 1.00000 -0.00000
1566535995128661 0.99324 0.11604 -0.00000 -394.27980 -0.11604 0.99324 0.00000 55.09150 0.00000 -0.00000 1.00000 -0.00000
1566535995377466 0.99306 0.11759 -0.00000 -396.16094 -0.11759 0.99306 0.00000 55.79499 0.00000 -0.00000 1.00000 -0.00000
1566535995626465 0.99232 0.12373 -0.00000 -397.81708 -0.12373 0.99232 0.00000 58.13669 0.00000 -0.00000 1.00000 -0.00000
1566535995875973 0.99239 0.12316 -0.00000 -399.78122 -0.12316 0.99239 0.00000 57.93288 0.00000 -0.00000 1.00000 -0.00000
1566535996126472 0.99210 0.12541 -0.00000 -401.58153 -0.12541 0.99210 0.00000 58.84729 0.00000 -0.00000 1.00000 -0.00000
1566535996375487 0.99125 0.13198 -0.00000 -403.22875 -0.13198 0.99125 0.00000 61.46139 0.00000 -0.00000 1.00000 -0.00000
1566535996625312 0.99083 0.13509 -0.00000 -405.08423 -0.13509 0.99083 0.00000 62.72747 0.00000 -0.00000 1.00000 -0.00000
1566535996874985 0.99024 0.13938 -0.00000 -406.86428 -0.13938 0.99024 0.00000 64.48212 0.00000 -0.00000 1.00000 -0.00000
1566535997123500 0.98936 0.14551 -0.00000 -408.52366 -0.14551 0.98936 0.00000 66.98580 0.00000 -0.00000 1.00000 -0.00000
1566535997372041 0.98839 0.15196 -0.00000 -410.16975 -0.15196 0.98839 0.00000 69.68059 0.00000 -0.00000 1.00000 -0.00000
1566535997621630 0.98722 0.15933 -0.00000 -411.74250 -0.15933 0.98722 0.00000 72.70985 0.00000 -0.00000 1.00000 -0.00000
1566535997870885 0.98615 0.16588 -0.00000 -413.37398 -0.16588 0.98615 0.00000 75.49898 0.00000 -0.00000 1.00000 -0.00000
1566535998119407 0.98440 0.17594 -0.00000 -414.71650 -0.17594 0.98440 0.00000 79.64431 0.00000 -0.00000 1.00000 -0.00000
1566535998368776 0.98252 0.18618 -0.00000 -416.04255 -0.18618 0.98252 0.00000 83.97640 0.00000 -0.00000 1.00000 -0.00000
1566535998617993 0.98032 0.19739 -0.00000 -417.24952 -0.19739 0.98032 0.00000 88.68563 0.00000 -0.00000 1.00000 -0.00000
1566535998866642 0.97839 0.20678 -0.00000 -418.57319 -0.20678 0.97839 0.00000 92.63997 0.00000 -0.00000 1.00000 -0.00000
1566535999115959 0.97651 0.21548 -0.00000 -419.93736 -0.21548 0.97651 0.00000 96.38044 0.00000 -0.00000 1.00000 -0.00000
1566535999364723 0.97482 0.22301 -0.00000 -421.36364 -0.22301 0.97482 0.00000 99.55823 0.00000 -0.00000 1.00000 -0.00000
1566535999614206 0.97284 0.23148 -0.00000 -422.69485 -0.23148 0.97284 0.00000 103.23976 0.00000 -0.00000 1.00000 -0.00000
1566535999863257 0.97073 0.24017 -0.00000 -423.95404 -0.24017 0.97073 0.00000 107.01265 0.00000 -0.00000 1.00000 -0.00000
1566536000111994 0.96903 0.24696 -0.00000 -425.36605 -0.24696 0.96903 0.00000 110.02111 0.00000 -0.00000 1.00000 -0.00000
1566536000360143 0.96702 0.25470 -0.00000 -426.65716 -0.25470 0.96702 0.00000 113.35780 0.00000 -0.00000 1.00000 -0.00000
1566536000608759 0.96511 0.26186 -0.00000 -427.92495 -0.26186 0.96511 0.00000 116.55240 0.00000 -0.00000 1.00000 -0.00000
1566536000857652 0.96389 0.26631 -0.00000 -429.43579 -0.26631 0.96389 0.00000 118.49148 0.00000 -0.00000 1.00000 0.00000
1566536001107043 0.96339 0.26809 -0.00000 -431.21196 -0.26809 0.96339 0.00000 119.26895 0.00000 -0.00000 1.00000 0.00000
1566536001355501 0.96216 0.27249 -0.00000 -432.58114 -0.27249 0.96216 0.00000 121.23896 0.00000 -0.00000 1.00000 0.00000
1566536001604452 0.96103 0.27646 -0.00000 -433.88451 -0.27646 0.96103 0.00000 122.99498 0.00000 -0.00000 1.00000 0.00000
1566536001853983 0.96019 0.27936 -0.00000 -435.24355 -0.27936 0.96019 0.00000 124.33478 0.00000 -0.00000 1.00000 0.00000
1566536002104487 0.95893 0.28365 -0.00000 -436.33515 -0.28365 0.95893 0.00000 126.22606 0.00000 -0.00000 1.00000 0.00000
1566536002354006 0.95771 0.28772 -0.00000 -437.41446 -0.28772 0.95771 0.00000 128.13225 0.00000 -0.00000 1.00000 0.00000
1566536002603207 0.95691 0.29038 -0.00000 -438.70308 -0.29038 0.95691 0.00000 129.33747 0.00000 -0.00000 1.00000 0.00000
1566536002852439 0.95542 0.29526 -0.00000 -439.72186 -0.29526 0.95542 0.00000 131.58430 0.00000 -0.00000 1.00000 0.00000
1566536003101281 0.95416 0.29930 -0.00000 -440.81457 -0.29930 0.95416 0.00000 133.46743 0.00000 -0.00000 1.00000 0.00000
1566536003351159 0.95297 0.30307 -0.00000 -441.74552 -0.30307 0.95297 0.00000 135.13586 0.00000 -0.00000 1.00000 0.00000
1566536003600539 0.95227 0.30527 -0.00000 -443.02283 -0.30527 0.95227 0.00000 136.17106 0.00000 -0.00000 1.00000 0.00000
1566536003849119 0.95129 0.30830 -0.00000 -444.16297 -0.30830 0.95129 0.00000 137.60485 0.00000 -0.00000 1.00000 0.00000
1566536004098458 0.95018 0.31170 -0.00000 -445.20039 -0.31170 0.95018 0.00000 139.19344 0.00000 -0.00000 1.00000 0.00000
1566536004347194 0.95003 0.31217 -0.00000 -446.63512 -0.31217 0.95003 0.00000 139.38418 0.00000 -0.00000 1.00000 0.00000
1566536004596184 0.94979 0.31288 -0.00000 -448.02592 -0.31288 0.94979 0.00000 139.72928 0.00000 -0.00000 1.00000 0.00000
1566536004846103 0.94985 0.31272 -0.00000 -449.45669 -0.31272 0.94985 0.00000 139.62140 0.00000 -0.00000 1.00000 0.00000
1566536005094977 0.95040 0.31104 -0.00000 -451.07586 -0.31104 0.95040 0.00000 138.84241 0.00000 -0.00000 1.00000 0.00000
1566536005344215 0.95155 0.30751 -0.00000 -452.96155 -0.30751 0.95155 0.00000 137.13523 0.00000 -0.00000 1.00000 0.00000
1566536005593381 0.95560 0.29466 -0.00000 -456.13621 -0.29466 0.95560 0.00000 131.01353 0.00000 -0.00000 1.00000 0.00000
1566536005842476 0.96386 0.26639 -0.00000 -461.10740 -0.26639 0.96386 0.00000 117.54212 0.00000 -0.00000 1.00000 0.00000
1566536006092005 0.97364 0.22809 -0.00000 -466.64193 -0.22809 0.97364 0.00000 99.25333 0.00000 -0.00000 1.00000 0.00000
1566536006341131 0.98488 0.17321 -0.00000 -472.70805 -0.17321 0.98488 0.00000 73.04820 0.00000 -0.00000 1.00000 0.00000
1566536006589787 0.99436 0.10603 -0.00000 -477.76013 -0.10603 0.99436 0.00000 40.93886 0.00000 -0.00000 1.00000 0.00000
1566536006839274 0.99981 0.01967 -0.00000 -480.56780 -0.01967 0.99981 0.00000 -0.41524 0.00000 -0.00000 1.00000 0.00000
1566536007088097 0.99711 -0.07602 0.00000 -479.44820 0.07602 0.99711 -0.00000 -46.22979 -0.00000 0.00000 1.00000 0.00000
1566536007337607 0.98394 -0.17853 0.00000 -473.16902 0.17853 0.98394 -0.00000 -95.35501 -0.00000 0.00000 1.00000 0.00000
1566536007587108 0.95795 -0.28693 0.00000 -460.61158 0.28693 0.95795 -0.00000 -147.31274 -0.00000 0.00000 1.00000 0.00000
1566536007836676 0.92078 -0.39007 0.00000 -442.74211 0.39007 0.92078 -0.00000 -196.74867 -0.00000 0.00000 1.00000 0.00000
1566536008085894 0.86870 -0.49533 0.00000 -417.72751 0.49533 0.86870 -0.00000 -247.14412 -0.00000 0.00000 1.00000 0.00000
1566536008334491 0.80178 -0.59761 0.00000 -385.48969 0.59761 0.80178 -0.00000 -296.18516 -0.00000 0.00000 1.00000 0.00000
1566536008583787 0.72126 -0.69267 0.00000 -346.68162 0.69267 0.72126 -0.00000 -341.68239 -0.00000 0.00000 1.00000 0.00000
1566536008832646 0.62617 -0.77969 0.00000 -300.94525 0.77969 0.62617 -0.00000 -383.32299 -0.00000 0.00000 1.00000 0.00000
1566536009082198 0.51966 -0.85437 0.00000 -249.70867 0.85437 0.51966 -0.00000 -419.00672 -0.00000 0.00000 1.00000 0.00000
1566536009331690 0.40434 -0.91461 0.00000 -194.28931 0.91461 0.40434 -0.00000 -447.72153 -0.00000 0.00000 1.00000 0.00000
1566536009580407 0.28836 -0.95752 0.00000 -138.64388 0.95752 0.28836 -0.00000 -468.16590 -0.00000 0.00000 1.00000 0.00000
1566536009830181 0.19182 -0.98143 0.00000 -92.48601 0.98143 0.19182 -0.00000 -479.46786 -0.00000 0.00000 1.00000 0.00000
1566536010079610 0.12783 -0.99180 0.00000 -62.37787 0.99180 0.12783 -0.00000 -484.39224 -0.00000 0.00000 1.00000 0.00000
1566536010329146 0.09208 -0.99575 0.00000 -46.22974 0.99575 0.09208 -0.00000 -486.28233 -0.00000 0.00000 1.00000 0.00000
1566536010578560 0.06878 -0.99763 0.00000 -36.31045 0.99763 0.06878 -0.00000 -487.31667 -0.00000 0.00000 1.00000 0.00000
1566536010828066 0.04607 -0.99894 0.00000 -26.66591 0.99894 0.04607 -0.00000 -488.07761 -0.00000 0.00000 1.00000 0.00000
1566536011077227 0.02776 -0.99961 0.00000 -19.07651 0.99961 0.02776 -0.00000 -488.45180 -0.00000 0.00000 1.00000 0.00000
1566536011326389 0.01257 -0.99992 0.00000 -13.02027 0.99992 0.01257 -0.00000 -488.64057 -0.00000 0.00000 1.00000 0.00000
1566536011575976 0.00469 -0.99999 0.00000 -10.69999 0.99999 0.00469 -0.00000 -488.75554 -0.00000 0.00000 1.00000 0.00000
1566536011825159 -0.00416 -0.99999 0.00000 -7.94618 0.99999 -0.00416 0.00000 -488.82124 0.00000 0.00000 1.00000 0.00000
1566536012073513 -0.00817 -0.99997 0.00000 -7.55618 0.99997 -0.00817 0.00000 -488.88059 0.00000 0.00000 1.00000 0.00000
1566536012322770 -0.00842 -0.99996 0.00000 -9.05893 0.99996 -0.00842 0.00000 -488.86496 0.00000 0.00000 1.00000 0.00000
1566536012573423 -0.00731 -0.99997 0.00000 -11.32096 0.99997 -0.00731 0.00000 -488.85574 0.00000 0.00000 1.00000 0.00000
1566536012822885 -0.00611 -0.99998 0.00000 -13.59659 0.99998 -0.00611 0.00000 -488.90797 0.00000 0.00000 1.00000 0.00000
1566536013071458 -0.00404 -0.99999 0.00000 -16.39550 0.99999 -0.00404 0.00000 -488.84386 0.00000 0.00000 1.00000 0.00000
1566536013320246 -0.00215 -1.00000 0.00000 -19.08874 1.00000 -0.00215 0.00000 -488.74153 0.00000 0.00000 1.00000 0.00000
1566536013569509 0.00011 -1.00000 0.00000 -22.04468 1.00000 0.00011 -0.00000 -488.68537 -0.00000 0.00000 1.00000 0.00000
1566536013818769 0.00011 -1.00000 0.00000 -23.92993 1.00000 0.00011 -0.00000 -488.76152 -0.00000 0.00000 1.00000 0.00000
1566536014068273 -0.00132 -1.00000 0.00000 -25.12209 1.00000 -0.00132 0.00000 -488.73436 0.00000 0.00000 1.00000 0.00000
1566536014317174 -0.00022 -1.00000 0.00000 -27.59284 1.00000 -0.00022 0.00000 -488.75594 0.00000 0.00000 1.00000 0.00000
1566536014566690 0.00279 -1.00000 0.00000 -31.06136 1.00000 0.00279 -0.00000 -488.66527 -0.00000 0.00000 1.00000 0.00000
1566536014815899 0.00630 -0.99998 0.00000 -34.80428 0.99998 0.00630 -0.00000 -488.55275 -0.00000 0.00000 1.00000 0.00000
1566536015065232 0.01304 -0.99991 0.00000 -40.15873 0.99991 0.01304 -0.00000 -488.30660 -0.00000 0.00000 1.00000 0.00000
1566536015314989 0.01779 -0.99984 0.00000 -44.53294 0.99984 0.01779 -0.00000 -488.07295 -0.00000 0.00000 1.00000 0.00000
1566536015565788 0.01947 -0.99981 0.00000 -47.45628 0.99981 0.01947 -0.00000 -487.98076 -0.00000 0.00000 1.00000 0.00000
1566536015812137 0.01402 -0.99990 0.00000 -46.86492 0.99990 0.01402 -0.00000 -488.28921 -0.00000 0.00000 1.00000 0.00000
1566536016062835 0.00988 -0.99995 0.00000 -46.95964 0.99995 0.00988 -0.00000 -488.43642 -0.00000 0.00000 1.00000 0.00000
1566536016311305 0.00691 -0.99998 0.00000 -47.64499 0.99998 0.00691 -0.00000 -488.56894 -0.00000 0.00000 1.00000 0.00000
1566536016560383 0.00327 -0.99999 0.00000 -48.00640 0.99999 0.00327 -0.00000 -488.71342 -0.00000 0.00000 1.00000 0.00000
1566536016809172 -0.00031 -1.00000 0.00000 -48.35088 1.00000 -0.00031 0.00000 -488.89357 0.00000 0.00000 1.00000 0.00000
1566536017058877 -0.00185 -1.00000 0.00000 -49.72791 1.00000 -0.00185 0.00000 -489.05384 0.00000 0.00000 1.00000 0.00000
1566536017307323 0.00000 -1.00000 0.00000 -52.81714 1.00000 0.00000 -0.00000 -488.92049 -0.00000 0.00000 1.00000 0.00000
1566536017556357 0.00510 -0.99999 0.00000 -57.33270 0.99999 0.00510 -0.00000 -488.61886 -0.00000 0.00000 1.00000 0.00000
1566536017805754 0.00925 -0.99996 0.00000 -61.46709 0.99996 0.00925 -0.00000 -488.40855 -0.00000 0.00000 1.00000 0.00000
1566536018054305 0.01122 -0.99994 0.00000 -64.41557 0.99994 0.01122 -0.00000 -488.27892 -0.00000 0.00000 1.00000 0.00000
1566536018303673 0.01450 -0.99989 0.00000 -67.89923 0.99989 0.01450 -0.00000 -488.10959 -0.00000 0.00000 1.00000 0.00000
1566536018552555 0.01416 -0.99990 0.00000 -69.60100 0.99990 0.01416 -0.00000 -488.12130 -0.00000 0.00000 1.00000 0.00000
1566536018801991 0.01022 -0.99995 0.00000 -69.40921 0.99995 0.01022 -0.00000 -488.41883 -0.00000 0.00000 1.00000 0.00000
1566536019050252 0.00821 -0.99997 0.00000 -70.05308 0.99997 0.00821 -0.00000 -488.52053 -0.00000 0.00000 1.00000 0.00000
1566536019299339 0.00689 -0.99998 0.00000 -71.03806 0.99998 0.00689 -0.00000 -488.63194 -0.00000 0.00000 1.00000 0.00000
1566536019548497 0.00846 -0.99996 0.00000 -73.40384 0.99996 0.00846 -0.00000 -488.51231 -0.00000 0.00000 1.00000 0.00000
1566536019798071 0.00697 -0.99998 0.00000 -74.25881 0.99998 0.00697 -0.00000 -488.65068 -0.00000 0.00000 1.00000 0.00000
1566536020047204 0.00667 -0.99998 0.00000 -75.63783 0.99998 0.00667 -0.00000 -488.60735 -0.00000 0.00000 1.00000 0.00000
1566536020296912 0.00714 -0.99997 0.00000 -77.36457 0.99997 0.00714 -0.00000 -488.56891 -0.00000 0.00000 1.00000 0.00000
1566536020546273 0.00880 -0.99996 0.00000 -79.78742 0.99996 0.00880 -0.00000 -488.61363 -0.00000 0.00000 1.00000 0.00000
1566536020794829 0.01320 -0.99991 0.00000 -83.61896 0.99991 0.01320 -0.00000 -488.14840 -0.00000 0.00000 1.00000 0.00000
1566536021044417 0.01215 -0.99993 0.00000 -84.47132 0.99993 0.01215 -0.00000 -488.17277 -0.00000 0.00000 1.00000 0.00000
1566536021294407 0.01406 -0.99990 0.00000 -86.98385 0.99990 0.01406 -0.00000 -488.15071 -0.00000 0.00000 1.00000 0.00000
1566536021543006 0.01555 -0.99988 0.00000 -89.35501 0.99988 0.01555 -0.00000 -487.90971 -0.00000 0.00000 1.00000 0.00000
1566536021793309 0.01594 -0.99987 0.00000 -91.22652 0.99987 0.01594 -0.00000 -487.95121 -0.00000 0.00000 1.00000 0.00000
1566536022043092 0.01670 -0.99986 0.00000 -93.22396 0.99986 0.01670 -0.00000 -487.87856 -0.00000 0.00000 1.00000 0.00000
1566536022291566 0.01581 -0.99988 0.00000 -94.44540 0.99988 0.01581 -0.00000 -487.99235 -0.00000 0.00000 1.00000 0.00000
1566536022540983 0.01507 -0.99989 0.00000 -95.75294 0.99989 0.01507 -0.00000 -488.07829 -0.00000 0.00000 1.00000 0.00000
1566536022789837 0.01263 -0.99992 0.00000 -96.22449 0.99992 0.01263 -0.00000 -488.33084 -0.00000 0.00000 1.00000 0.00000
1566536023039164 0.00871 -0.99996 0.00000 -95.94892 0.99996 0.00871 -0.00000 -488.70794 -0.00000 0.00000 1.00000 0.00000
1566536023288005 0.00643 -0.99998 0.00000 -96.41576 0.99998 0.00643 -0.00000 -488.91857 -0.00000 0.00000 1.00000 0.00000
1566536023537072 0.00458 -0.99999 0.00000 -97.12764 0.99999 0.00458 -0.00000 -489.09974 -0.00000 0.00000 1.00000 0.00000
1566536023786460 0.00467 -0.99999 0.00000 -98.78304 0.99999 0.00467 -0.00000 -489.10338 -0.00000 0.00000 1.00000 0.00000
1566536024035947 0.00591 -0.99998 0.00000 -100.96477 0.99998 0.00591 -0.00000 -489.01084 -0.00000 0.00000 1.00000 0.00000
1566536024284673 0.00571 -0.99998 0.00000 -102.45776 0.99998 0.00571 -0.00000 -488.98028 -0.00000 0.00000 1.00000 0.00000
1566536024533336 0.00621 -0.99998 0.00000 -104.24999 0.99998 0.00621 -0.00000 -488.92606 -0.00000 0.00000 1.00000 0.00000
