1622750457382813 0.97173 0.23608 0.00000 1.19164 0.23608 -0.97173 0.00000 1.43765 0.00000 0.00000 -1.00000 0.00000
1622750457632817 0.97173 0.23611 0.00000 1.19158 0.23611 -0.97173 0.00000 1.43769 0.00000 0.00000 -1.00000 0.00000
1622750457882824 0.97172 0.23615 0.00000 1.19150 0.23615 -0.97172 0.00000 1.43771 0.00000 0.00000 -1.00000 0.00000
1622750458132860 0.97172 0.23616 0.00000 1.19149 0.23616 -0.97172 0.00000 1.43772 0.00000 0.00000 -1.00000 0.00000
1622750458383455 0.97171 0.23617 0.00000 1.19150 0.23617 -0.97171 0.00000 1.43776 0.00000 0.00000 -1.00000 0.00000
1622750458633459 0.97172 0.23615 0.00000 1.19155 0.23615 -0.97172 0.00000 1.43768 0.00000 0.00000 -1.00000 0.00000
1622750458882838 0.97172 0.23614 0.00000 1.19156 0.23614 -0.97172 0.00000 1.43769 0.00000 0.00000 -1.00000 0.00000
1622750459132843 0.97172 0.23613 0.00000 1.19155 0.23613 -0.97172 0.00000 1.43770 0.00000 0.00000 -1.00000 0.00000
1622750459382848 0.97172 0.23614 0.00000 1.19151 0.23614 -0.97172 0.00000 1.43769 0.00000 0.00000 -1.00000 0.00000
1622750459632849 0.97171 0.23616 0.00000 1.19149 0.23616 -0.97171 0.00000 1.43776 0.00000 0.00000 -1.00000 0.00000
1622750459882855 0.97171 0.23617 0.00000 1.19149 0.23617 -0.97171 0.00000 1.43774 0.00000 0.00000 -1.00000 0.00000
1622750460133481 0.97171 0.23616 0.00000 1.19153 0.23616 -0.97171 0.00000 1.43778 0.00000 0.00000 -1.00000 0.00000
1622750460383486 0.97170 0.23620 0.00000 1.19137 0.23620 -0.97170 0.00000 1.43763 0.00000 0.00000 -1.00000 0.00000
1622750460633483 0.97164 0.23647 0.00000 1.18995 0.23647 -0.97164 0.00000 1.43775 0.00000 0.00000 -1.00000 0.00000
1622750460883490 0.97188 0.23549 0.00000 1.17902 0.23549 -0.97188 0.00000 1.43598 0.00000 0.00000 -1.00000 0.00000
1622750461133505 0.97250 0.23289 0.00000 1.14457 0.23289 -0.97250 0.00000 1.43003 0.00000 0.00000 -1.00000 0.00000
1622750461382872 0.97371 0.22780 0.00000 1.10098 0.22780 -0.97371 0.00000 1.42067 0.00000 0.00000 -1.00000 0.00000
1622750461632877 0.97558 0.21963 0.00000 1.04592 0.21963 -0.97558 0.00000 1.40445 0.00000 0.00000 -1.00000 0.00000
1622750461882885 0.97833 0.20703 0.00000 0.97442 0.20703 -0.97833 0.00000 1.37849 0.00000 0.00000 -1.00000 0.00000
1622750462132886 0.98212 0.18824 0.00000 0.86553 0.18824 -0.98212 0.00000 1.34641 0.00000 0.00000 -1.00000 0.00000
1622750462382885 0.98694 0.16112 0.00000 0.68830 0.16112 -0.98694 0.00000 1.30609 0.00000 0.00000 -1.00000 0.00000
1622750462632891 0.99138 0.13102 0.00000 0.41244 0.13102 -0.99138 0.00000 1.25411 0.00000 0.00000 -1.00000 0.00000
1622750462882899 0.99521 0.09773 0.00000 0.05228 0.09773 -0.99521 0.00000 1.22280 0.00000 0.00000 -1.00000 0.00000
1622750463133527 0.99769 0.06792 0.00000 -0.41100 0.06792 -0.99769 0.00000 1.20367 0.00000 0.00000 -1.00000 0.00000
1622750463383527 0.99890 0.04681 0.00000 -0.97474 0.04681 -0.99890 0.00000 1.17741 0.00000 0.00000 -1.00000 0.00000
1622750463633531 0.99935 0.03594 0.00000 -1.63808 0.03594 -0.99935 0.00000 1.16505 0.00000 0.00000 -1.00000 0.00000
1622750463883534 0.99939 0.03478 0.00000 -2.39487 0.03478 -0.99939 0.00000 1.16321 0.00000 0.00000 -1.00000 0.00000
1622750464133543 0.99918 0.04044 0.00000 -3.24825 0.04044 -0.99918 0.00000 1.13988 0.00000 0.00000 -1.00000 0.00000
1622750464382920 0.99897 0.04533 0.00000 -4.16360 0.04533 -0.99897 0.00000 1.11298 0.00000 0.00000 -1.00000 0.00000
1622750464632925 0.99865 0.05201 0.00000 -5.14392 0.05201 -0.99865 0.00000 1.09417 0.00000 0.00000 -1.00000 0.00000
1622750464882924 0.99834 0.05758 0.00000 -6.16774 0.05758 -0.99834 0.00000 1.05562 0.00000 0.00000 -1.00000 0.00000
1622750465132929 0.99798 0.06360 0.00000 -7.26581 0.06360 -0.99798 0.00000 1.02730 0.00000 0.00000 -1.00000 0.00000
1622750465382936 0.99730 0.07337 0.00000 -8.40283 0.07337 -0.99730 0.00000 0.94350 0.00000 0.00000 -1.00000 0.00000
1622750465632941 0.99648 0.08378 0.00000 -9.56412 0.08378 -0.99648 0.00000 0.83828 0.00000 0.00000 -1.00000 0.00000
1622750465882941 0.99537 0.09608 0.00000 -10.75935 0.09608 -0.99537 0.00000 0.70725 0.00000 0.00000 -1.00000 0.00000
1622750466133579 0.99414 0.10807 0.00000 -12.01123 0.10807 -0.99414 0.00000 0.54450 0.00000 0.00000 -1.00000 0.00000
1622750466383578 0.99275 0.12018 0.00000 -13.32346 0.12018 -0.99275 0.00000 0.36958 0.00000 0.00000 -1.00000 0.00000
1622750466632955 0.99101 0.13379 0.00000 -14.63058 0.13379 -0.99101 0.00000 0.14725 0.00000 0.00000 -1.00000 0.00000
1622750466883583 0.98872 0.14975 0.00000 -16.02580 0.14975 -0.98872 0.00000 -0.12695 0.00000 0.00000 -1.00000 0.00000
1622750467134212 0.98632 0.16485 0.00000 -17.48825 0.16485 -0.98632 0.00000 -0.40488 0.00000 0.00000 -1.00000 0.00000
1622750467383594 0.98530 0.17081 0.00000 -18.96890 0.17081 -0.98530 0.00000 -0.53357 0.00000 0.00000 -1.00000 0.00000
1622750467633593 0.98570 0.16849 0.00000 -20.53357 0.16849 -0.98570 0.00000 -0.51182 0.00000 0.00000 -1.00000 0.00000
1622750467882975 0.98635 0.16466 0.00000 -22.12363 0.16466 -0.98635 0.00000 -0.46861 0.00000 0.00000 -1.00000 0.00000
1622750468132982 0.98679 0.16202 0.00000 -23.72683 0.16202 -0.98679 0.00000 -0.43571 0.00000 0.00000 -1.00000 0.00000
1622750468382359 0.98699 0.16079 0.00000 -25.33238 0.16079 -0.98699 0.00000 -0.44488 0.00000 0.00000 -1.00000 0.00000
1622750468632361 0.98722 0.15938 0.00000 -26.95214 0.15938 -0.98722 0.00000 -0.45265 0.00000 0.00000 -1.00000 0.00000
1622750468882989 0.98730 0.15888 0.00000 -28.54685 0.15888 -0.98730 0.00000 -0.46374 0.00000 0.00000 -1.00000 0.00000
1622750469133002 0.98750 0.15763 0.00000 -30.15972 0.15763 -0.98750 0.00000 -0.46772 0.00000 0.00000 -1.00000 0.00000
1622750469382373 0.98879 0.14932 0.00000 -31.78973 0.14932 -0.98879 0.00000 -0.23418 0.00000 0.00000 -1.00000 0.00000
1622750469632380 0.99012 0.14019 0.00000 -33.36467 0.14019 -0.99012 0.00000 0.03618 0.00000 0.00000 -1.00000 0.00000
1622750469882380 0.98944 0.14492 0.00000 -34.99775 0.14492 -0.98944 0.00000 -0.17056 0.00000 0.00000 -1.00000 0.00000
1622750470131756 0.98598 0.16689 0.00000 -36.62903 0.16689 -0.98598 0.00000 -0.97617 0.00000 0.00000 -1.00000 0.00000
1622750470383016 0.98109 0.19356 0.00000 -38.18954 0.19356 -0.98109 0.00000 -2.01259 0.00000 0.00000 -1.00000 0.00000
1622750470633642 0.97648 0.21561 0.00000 -39.77562 0.21561 -0.97648 0.00000 -2.90481 0.00000 0.00000 -1.00000 0.00000
1622750470883021 0.97290 0.23121 0.00000 -41.39669 0.23121 -0.97290 0.00000 -3.58179 0.00000 0.00000 -1.00000 0.00000
1622750471133023 0.96963 0.24459 0.00000 -43.00332 0.24459 -0.96963 0.00000 -4.18368 0.00000 0.00000 -1.00000 0.00000
1622750471383649 0.96755 0.25269 0.00000 -44.64684 0.25269 -0.96755 0.00000 -4.58023 0.00000 0.00000 -1.00000 0.00000
1622750471633656 0.96588 0.25899 0.00000 -46.30932 0.25899 -0.96588 0.00000 -4.90697 0.00000 0.00000 -1.00000 0.00000
1622750471883657 0.96488 0.26268 0.00000 -47.99853 0.26268 -0.96488 0.00000 -5.11103 0.00000 0.00000 -1.00000 0.00000
1622750472133038 0.96399 0.26595 0.00000 -49.72820 0.26595 -0.96399 0.00000 -5.30829 0.00000 0.00000 -1.00000 0.00000
1622750472383044 0.96382 0.26655 0.00000 -51.51464 0.26655 -0.96382 0.00000 -5.39563 0.00000 0.00000 -1.00000 0.00000
1622750472632424 0.96280 0.27021 0.00000 -53.26875 0.27021 -0.96280 0.00000 -5.62773 0.00000 0.00000 -1.00000 0.00000
1622750472882430 0.96255 0.27110 0.00000 -55.09364 0.27110 -0.96255 0.00000 -5.72483 0.00000 0.00000 -1.00000 0.00000
1622750473133055 0.96196 0.27320 0.00000 -56.96447 0.27320 -0.96196 0.00000 -5.88588 0.00000 0.00000 -1.00000 0.00000
1622750473383059 0.96158 0.27451 0.00000 -58.84767 0.27451 -0.96158 0.00000 -6.01603 0.00000 0.00000 -1.00000 0.00000
1622750473633063 0.96150 0.27480 0.00000 -60.76972 0.27480 -0.96150 0.00000 -6.07955 0.00000 0.00000 -1.00000 0.00000
1622750473883066 0.96200 0.27306 0.00000 -62.72462 0.27306 -0.96200 0.00000 -6.00242 0.00000 0.00000 -1.00000 0.00000
1622750474133074 0.96247 0.27138 0.00000 -64.70275 0.27138 -0.96247 0.00000 -5.91760 0.00000 0.00000 -1.00000 0.00000
1622750474383074 0.96329 0.26848 0.00000 -66.69099 0.26848 -0.96329 0.00000 -5.75401 0.00000 0.00000 -1.00000 0.00000
1622750474633074 0.96400 0.26590 0.00000 -68.67825 0.26590 -0.96400 0.00000 -5.61493 0.00000 0.00000 -1.00000 0.00000
1622750474883083 0.96487 0.26273 0.00000 -70.67724 0.26273 -0.96487 0.00000 -5.42851 0.00000 0.00000 -1.00000 0.00000
1622750475133085 0.96554 0.26025 0.00000 -72.66424 0.26025 -0.96554 0.00000 -5.28279 0.00000 0.00000 -1.00000 0.00000
1622750475383713 0.96686 0.25532 0.00000 -74.66378 0.25532 -0.96686 0.00000 -4.94588 0.00000 0.00000 -1.00000 0.00000
1622750475633719 0.96956 0.24485 0.00000 -76.67989 0.24485 -0.96956 0.00000 -4.17225 0.00000 0.00000 -1.00000 0.00000
1622750475883097 0.97315 0.23018 0.00000 -78.67082 0.23018 -0.97315 0.00000 -3.01855 0.00000 0.00000 -1.00000 0.00000
1622750476133740 0.97936 0.20211 0.00000 -80.67801 0.20211 -0.97936 0.00000 -0.76033 0.00000 0.00000 -1.00000 0.00000
1622750476383102 0.98626 0.16522 0.00000 -82.59945 0.16522 -0.98626 0.00000 2.25325 0.00000 0.00000 -1.00000 0.00000
1622750476632482 0.99336 0.11506 0.00000 -84.28379 0.11506 -0.99336 0.00000 6.43478 0.00000 0.00000 -1.00000 0.00000
1622750476882488 0.99816 0.06064 0.00000 -85.71830 0.06064 -0.99816 0.00000 11.02415 0.00000 0.00000 -1.00000 0.00000
1622750477132500 0.99998 0.00559 0.00000 -86.90385 0.00559 -0.99998 0.00000 15.72930 0.00000 0.00000 -1.00000 0.00000
1622750477382497 0.99868 -0.05128 0.00000 -87.76225 -0.05128 -0.99868 0.00000 20.64704 0.00000 -0.00000 -1.00000 0.00000
1622750477632497 0.99436 -0.10609 0.00000 -88.37051 -0.10609 -0.99436 0.00000 25.42004 0.00000 -0.00000 -1.00000 0.00000
1622750477882502 0.98679 -0.16198 0.00000 -88.65076 -0.16198 -0.98679 0.00000 30.36090 0.00000 -0.00000 -1.00000 0.00000
1622750478131886 0.97583 -0.21853 0.00000 -88.61729 -0.21853 -0.97583 0.00000 35.41345 0.00000 -0.00000 -1.00000 0.00000
1622750478381889 0.96085 -0.27706 0.00000 -88.15142 -0.27706 -0.96085 0.00000 40.70466 0.00000 -0.00000 -1.00000 0.00000
1622750478631889 0.94155 -0.33686 0.00000 -87.26158 -0.33686 -0.94155 0.00000 46.15244 0.00000 -0.00000 -1.00000 0.00000
1622750478881896 0.91715 -0.39854 0.00000 -85.85260 -0.39854 -0.91715 0.00000 51.84758 0.00000 -0.00000 -1.00000 0.00000
1622750479131896 0.88797 -0.45990 0.00000 -83.99329 -0.45990 -0.88797 0.00000 57.55600 0.00000 -0.00000 -1.00000 0.00000
1622750479382529 0.85240 -0.52290 0.00000 -81.45213 -0.52290 -0.85240 0.00000 63.49016 0.00000 -0.00000 -1.00000 0.00000
1622750479632531 0.81103 -0.58501 0.00000 -78.32070 -0.58501 -0.81103 0.00000 69.37908 0.00000 -0.00000 -1.00000 0.00000
1622750479882535 0.76498 -0.64405 0.00000 -74.74936 -0.64405 -0.76498 0.00000 75.03660 0.00000 -0.00000 -1.00000 0.00000
1622750480132539 0.71634 -0.69775 0.00000 -70.95935 -0.69775 -0.71634 0.00000 80.26844 0.00000 -0.00000 -1.00000 0.00000
1622750480382544 0.66738 -0.74472 0.00000 -67.17259 -0.74472 -0.66738 0.00000 84.88516 0.00000 -0.00000 -1.00000 0.00000
1622750480631920 0.62545 -0.78026 0.00000 -64.27856 -0.78026 -0.62545 0.00000 88.41682 0.00000 -0.00000 -1.00000 0.00000
1622750480881922 0.59451 -0.80409 0.00000 -62.67610 -0.80409 -0.59451 0.00000 90.82037 0.00000 -0.00000 -1.00000 0.00000
1622750481131939 0.57243 -0.81995 0.00000 -62.10113 -0.81995 -0.57243 0.00000 92.45118 0.00000 -0.00000 -1.00000 0.00000
1622750481381933 0.55860 -0.82943 0.00000 -62.48759 -0.82943 -0.55860 0.00000 93.46265 0.00000 -0.00000 -1.00000 0.00000
1622750481631936 0.54968 -0.83537 0.00000 -63.45477 -0.83537 -0.54968 0.00000 94.12677 0.00000 -0.00000 -1.00000 0.00000
1622750481881939 0.54725 -0.83697 0.00000 -65.19272 -0.83697 -0.54725 0.00000 94.30255 0.00000 -0.00000 -1.00000 0.00000
1622750482132570 0.55042 -0.83489 0.00000 -67.58945 -0.83489 -0.55042 0.00000 94.04336 0.00000 -0.00000 -1.00000 0.00000
1622750482381947 0.55520 -0.83172 0.00000 -70.17295 -0.83172 -0.55520 0.00000 93.62061 0.00000 -0.00000 -1.00000 0.00000
1622750482632579 0.56273 -0.82664 0.00000 -73.07428 -0.82664 -0.56273 0.00000 92.92245 0.00000 -0.00000 -1.00000 0.00000
1622750482882575 0.57529 -0.81795 0.00000 -76.52904 -0.81795 -0.57529 0.00000 91.74432 0.00000 -0.00000 -1.00000 0.00000
1622750483132584 0.59605 -0.80295 0.00000 -80.89693 -0.80295 -0.59605 0.00000 89.69860 0.00000 -0.00000 -1.00000 0.00000
1622750483382584 0.62199 -0.78303 0.00000 -85.82523 -0.78303 -0.62199 0.00000 86.95228 0.00000 -0.00000 -1.00000 0.00000
1622750483632591 0.64683 -0.76263 0.00000 -90.58855 -0.76263 -0.64683 0.00000 84.08401 0.00000 -0.00000 -1.00000 0.00000
1622750483883220 0.66908 -0.74319 0.00000 -95.05778 -0.74319 -0.66908 0.00000 81.30017 0.00000 -0.00000 -1.00000 0.00000
1622750484132597 0.68721 -0.72646 0.00000 -99.02314 -0.72646 -0.68721 0.00000 78.87421 0.00000 -0.00000 -1.00000 0.00000
1622750484382600 0.70025 -0.71390 0.00000 -102.39763 -0.71390 -0.70025 0.00000 77.01968 0.00000 -0.00000 -1.00000 0.00000
1622750484633233 0.70805 -0.70616 0.00000 -105.20617 -0.70616 -0.70805 0.00000 75.84966 0.00000 -0.00000 -1.00000 0.00000
1622750484883236 0.71509 -0.69903 0.00000 -107.91422 -0.69903 -0.71509 0.00000 74.74339 0.00000 -0.00000 -1.00000 0.00000
1622750485133255 0.71988 -0.69410 0.00000 -110.32477 -0.69410 -0.71988 0.00000 73.97026 0.00000 -0.00000 -1.00000 0.00000
1622750485383244 0.71875 -0.69527 0.00000 -112.10762 -0.69527 -0.71875 0.00000 74.11880 0.00000 -0.00000 -1.00000 0.00000
1622750485633245 0.71400 -0.70014 0.00000 -113.48897 -0.70014 -0.71400 0.00000 74.83348 0.00000 -0.00000 -1.00000 0.00000
1622750485883248 0.71279 -0.70138 0.00000 -115.18372 -0.70138 -0.71279 0.00000 74.99303 0.00000 -0.00000 -1.00000 0.00000
1622750486133291 0.71074 -0.70345 0.00000 -116.83319 -0.70345 -0.71074 0.00000 75.28944 0.00000 -0.00000 -1.00000 0.00000
1622750486383254 0.71006 -0.70414 0.00000 -118.57674 -0.70414 -0.71006 0.00000 75.36342 0.00000 -0.00000 -1.00000 0.00000
1622750486633260 0.71053 -0.70367 0.00000 -120.40351 -0.70367 -0.71053 0.00000 75.24885 0.00000 -0.00000 -1.00000 0.00000
1622750486883265 0.71145 -0.70273 0.00000 -122.28299 -0.70273 -0.71145 0.00000 75.05865 0.00000 -0.00000 -1.00000 0.00000
1622750487133899 0.71563 -0.69848 0.00000 -124.47824 -0.69848 -0.71563 0.00000 74.27704 0.00000 -0.00000 -1.00000 0.00000
1622750487383272 0.72608 -0.68761 0.00000 -127.26479 -0.68761 -0.72608 0.00000 72.34690 0.00000 -0.00000 -1.00000 0.00000
1622750487633279 0.74371 -0.66850 0.00000 -130.75402 -0.66850 -0.74371 0.00000 68.96619 0.00000 -0.00000 -1.00000 0.00000
1622750487883279 0.76751 -0.64104 0.00000 -134.79148 -0.64104 -0.76751 0.00000 64.14781 0.00000 -0.00000 -1.00000 0.00000
1622750488133296 0.79777 -0.60296 0.00000 -139.29572 -0.60296 -0.79777 0.00000 57.47270 0.00000 -0.00000 -1.00000 0.00000
1622750488383285 0.83275 -0.55364 0.00000 -144.01153 -0.55364 -0.83275 0.00000 48.92038 0.00000 -0.00000 -1.00000 0.00000
1622750488633295 0.86951 -0.49392 0.00000 -148.51709 -0.49392 -0.86951 0.00000 38.65876 0.00000 -0.00000 -1.00000 0.00000
1622750488883297 0.90586 -0.42357 0.00000 -152.47218 -0.42357 -0.90586 0.00000 26.73807 0.00000 -0.00000 -1.00000 0.00000
1622750489133301 0.94014 -0.34080 0.00000 -155.54005 -0.34080 -0.94014 0.00000 12.92292 0.00000 -0.00000 -1.00000 0.00000
1622750489383306 0.96902 -0.24698 0.00000 -157.24878 -0.24698 -0.96902 0.00000 -2.41161 0.00000 -0.00000 -1.00000 0.00000
1622750489633934 0.98962 -0.14371 0.00000 -157.23371 -0.14371 -0.98962 0.00000 -18.95310 0.00000 -0.00000 -1.00000 0.00000
1622750489883939 0.99951 -0.03135 0.00000 -155.13043 -0.03135 -0.99951 0.00000 -36.54318 0.00000 -0.00000 -1.00000 0.00000
1622750490133322 0.99595 0.08988 0.00000 -150.53692 0.08988 -0.99595 0.00000 -55.06833 0.00000 0.00000 -1.00000 0.00000
1622750490383322 0.97535 0.22068 0.00000 -142.87199 0.22068 -0.97535 0.00000 -74.47421 0.00000 0.00000 -1.00000 0.00000
1622750490633322 0.93316 0.35947 0.00000 -131.48565 0.35947 -0.93316 0.00000 -94.36745 0.00000 0.00000 -1.00000 0.00000
1622750490883325 0.86597 0.50009 0.00000 -116.10887 0.50009 -0.86597 0.00000 -113.64077 0.00000 0.00000 -1.00000 0.00000
1622750491133332 0.77457 0.63249 0.00000 -97.24797 0.63249 -0.77457 0.00000 -130.78640 0.00000 0.00000 -1.00000 0.00000
1622750491383337 0.65972 0.75151 0.00000 -75.21513 0.75151 -0.65972 0.00000 -145.02091 0.00000 0.00000 -1.00000 0.00000
1622750491633965 0.52003 0.85415 0.00000 -49.87834 0.85415 -0.52003 0.00000 -155.81422 0.00000 0.00000 -1.00000 0.00000
1622750491883344 0.36051 0.93276 0.00000 -22.32722 0.93276 -0.36051 0.00000 -162.17552 0.00000 0.00000 -1.00000 0.00000
1622750492133976 0.18241 0.98322 0.00000 7.09348 0.98322 -0.18241 0.00000 -163.50595 0.00000 0.00000 -1.00000 0.00000
1622750492383975 -0.00445 0.99999 0.00000 36.63240 0.99999 0.00445 0.00000 -159.29529 0.00000 0.00000 -1.00000 0.00000
1622750492633977 -0.19844 0.98011 0.00000 65.94169 0.98011 0.19844 0.00000 -149.16453 0.00000 0.00000 -1.00000 0.00000
1622750492883987 -0.38695 0.92210 0.00000 92.98964 0.92210 0.38695 0.00000 -133.31502 0.00000 0.00000 -1.00000 0.00000
1622750493133996 -0.55467 0.83207 0.00000 115.59405 0.83207 0.55467 0.00000 -113.28022 0.00000 0.00000 -1.00000 0.00000
1622750493383991 -0.69047 0.72336 0.00000 132.46005 0.72336 0.69047 0.00000 -91.54260 0.00000 0.00000 -1.00000 0.00000
1622750493633991 -0.79213 0.61035 0.00000 143.74683 0.61035 0.79213 0.00000 -70.41228 0.00000 0.00000 -1.00000 0.00000
1622750493883997 -0.86221 0.50655 0.00000 150.32700 0.50655 0.86221 0.00000 -51.90623 0.00000 0.00000 -1.00000 0.00000
1622750494133379 -0.90714 0.42083 0.00000 153.49349 0.42083 0.90714 0.00000 -37.14209 0.00000 0.00000 -1.00000 0.00000
1622750494383384 -0.93457 0.35579 0.00000 154.53385 0.35579 0.93457 0.00000 -26.24543 0.00000 0.00000 -1.00000 0.00000
1622750494633385 -0.95065 0.31026 0.00000 154.37556 0.31026 0.95065 0.00000 -18.77748 0.00000 0.00000 -1.00000 0.00000
1622750494883394 -0.96146 0.27496 0.00000 153.65590 0.27496 0.96146 0.00000 -13.08851 0.00000 0.00000 -1.00000 0.00000
1622750495133395 -0.96703 0.25467 0.00000 152.51170 0.25467 0.96703 0.00000 -9.87847 0.00000 0.00000 -1.00000 0.00000
1622750495383399 -0.96941 0.24546 0.00000 151.15732 0.24546 0.96941 0.00000 -8.44644 0.00000 0.00000 -1.00000 0.00000
1622750495634027 -0.96922 0.24620 0.00000 149.66297 0.24620 0.96922 0.00000 -8.58449 0.00000 0.00000 -1.00000 0.00000
1622750495884654 -0.96553 0.26028 0.00000 147.98189 0.26028 0.96553 0.00000 -10.77794 0.00000 0.00000 -1.00000 0.00000
1622750496134660 -0.95783 0.28734 0.00000 146.00007 0.28734 0.95783 0.00000 -14.95042 0.00000 0.00000 -1.00000 0.00000
1622750496384661 -0.94517 0.32658 0.00000 143.60833 0.32658 0.94517 0.00000 -20.97946 0.00000 0.00000 -1.00000 0.00000
1622750496634041 -0.92951 0.36881 0.00000 140.81885 0.36881 0.92951 0.00000 -27.45063 0.00000 0.00000 -1.00000 0.00000
1622750496883423 -0.91068 0.41311 0.00000 137.59704 0.41311 0.91068 0.00000 -34.21733 0.00000 0.00000 -1.00000 0.00000
1622750497132800 -0.88850 0.45887 0.00000 133.91829 0.45887 0.88850 0.00000 -41.18780 0.00000 0.00000 -1.00000 0.00000
1622750497382179 -0.86538 0.50111 0.00000 129.99902 0.50111 0.86538 0.00000 -47.60276 0.00000 0.00000 -1.00000 0.00000
1622750497632179 -0.84268 0.53841 0.00000 125.98784 0.53841 0.84268 0.00000 -53.24349 0.00000 0.00000 -1.00000 0.00000
1622750497882186 -0.81969 0.57281 0.00000 121.83387 0.57281 0.81969 0.00000 -58.42258 0.00000 0.00000 -1.00000 0.00000
1622750498132194 -0.79451 0.60725 0.00000 117.32732 0.60725 0.79451 0.00000 -63.59413 0.00000 0.00000 -1.00000 0.00000
1622750498382194 -0.77072 0.63717 0.00000 112.89995 0.63717 0.77072 0.00000 -68.08556 0.00000 0.00000 -1.00000 0.00000
1622750498632210 -0.75117 0.66011 0.00000 108.84494 0.66011 0.75117 0.00000 -71.47623 0.00000 0.00000 -1.00000 0.00000
1622750498882827 -0.72882 0.68470 0.00000 104.45545 0.68470 0.72882 0.00000 -75.05955 0.00000 0.00000 -1.00000 0.00000
1622750499132827 -0.70510 0.70911 0.00000 99.86538 0.70911 0.70510 0.00000 -78.55863 0.00000 0.00000 -1.00000 0.00000
1622750499383459 -0.67671 0.73625 0.00000 94.67726 0.73625 0.67671 0.00000 -82.42648 0.00000 0.00000 -1.00000 0.00000
1622750499633461 -0.64778 0.76183 0.00000 89.41965 0.76183 0.64778 0.00000 -86.04163 0.00000 0.00000 -1.00000 0.00000
1622750499883467 -0.62022 0.78443 0.00000 84.29974 0.78443 0.62022 0.00000 -89.22199 0.00000 0.00000 -1.00000 0.00000
1622750500133475 -0.59956 0.80033 0.00000 79.91759 0.80033 0.59956 0.00000 -91.43114 0.00000 0.00000 -1.00000 0.00000
1622750500384098 -0.58124 0.81373 0.00000 75.82295 0.81373 0.58124 0.00000 -93.24785 0.00000 0.00000 -1.00000 0.00000
1622750500634102 -0.56651 0.82406 0.00000 72.12639 0.82406 0.56651 0.00000 -94.62792 0.00000 0.00000 -1.00000 0.00000
1622750500883481 -0.55546 0.83155 0.00000 68.86271 0.83155 0.55546 0.00000 -95.62426 0.00000 0.00000 -1.00000 0.00000
1622750501133498 -0.55231 0.83364 0.00000 66.50789 0.83364 0.55231 0.00000 -95.93183 0.00000 0.00000 -1.00000 0.00000
1622750501384111 -0.55791 0.82990 0.00000 65.16156 0.82990 0.55791 0.00000 -95.53885 0.00000 0.00000 -1.00000 0.00000
1622750501634119 -0.57503 0.81813 0.00000 65.15516 0.81813 0.57503 0.00000 -94.23179 0.00000 0.00000 -1.00000 0.00000
1622750501884123 -0.60039 0.79971 0.00000 66.11589 0.79971 0.60039 0.00000 -92.20958 0.00000 0.00000 -1.00000 0.00000
1622750502134126 -0.63108 0.77572 0.00000 67.69734 0.77572 0.63108 0.00000 -89.63234 0.00000 0.00000 -1.00000 0.00000
1622750502384139 -0.66354 0.74814 0.00000 69.51209 0.74814 0.66354 0.00000 -86.73635 0.00000 0.00000 -1.00000 0.00000
1622750502634133 -0.69722 0.71686 0.00000 71.48571 0.71686 0.69722 0.00000 -83.52388 0.00000 0.00000 -1.00000 0.00000
1622750502884135 -0.73223 0.68106 0.00000 73.68857 0.68106 0.73223 0.00000 -79.89859 0.00000 0.00000 -1.00000 0.00000
1622750503134140 -0.76798 0.64047 0.00000 76.01870 0.64047 0.76798 0.00000 -75.86668 0.00000 0.00000 -1.00000 0.00000
1622750503383522 -0.80595 0.59199 0.00000 78.66820 0.59199 0.80595 0.00000 -71.12483 0.00000 0.00000 -1.00000 0.00000
1622750503633524 -0.84315 0.53768 0.00000 81.33408 0.53768 0.84315 0.00000 -65.86563 0.00000 0.00000 -1.00000 0.00000
1622750503883528 -0.87750 0.47958 0.00000 83.75041 0.47958 0.87750 0.00000 -60.31625 0.00000 0.00000 -1.00000 0.00000
1622750504132909 -0.90787 0.41926 0.00000 85.80356 0.41926 0.90787 0.00000 -54.59573 0.00000 0.00000 -1.00000 0.00000
1622750504382908 -0.93429 0.35650 0.00000 87.48765 0.35650 0.93429 0.00000 -48.69893 0.00000 0.00000 -1.00000 0.00000
1622750504632913 -0.95609 0.29307 0.00000 88.75186 0.29307 0.95609 0.00000 -42.78915 0.00000 0.00000 -1.00000 0.00000
1622750504882915 -0.97385 0.22720 0.00000 89.67051 0.22720 0.97385 0.00000 -36.69688 0.00000 0.00000 -1.00000 0.00000
1622750505133172 -0.98651 0.16370 0.00000 90.06823 0.16370 0.98651 0.00000 -30.88726 0.00000 0.00000 -1.00000 0.00000
1622750505382925 -0.99526 0.09725 0.00000 90.12090 0.09725 0.99526 0.00000 -24.85065 0.00000 0.00000 -1.00000 0.00000
1622750505633553 -0.99937 0.03540 0.00000 89.66222 0.03540 0.99937 0.00000 -19.28954 0.00000 0.00000 -1.00000 0.00000
1622750505883558 -0.99977 -0.02141 -0.00000 88.76004 -0.02141 0.99977 0.00000 -14.22914 0.00000 0.00000 -1.00000 0.00000
1622750506133569 -0.99771 -0.06758 -0.00000 87.42064 -0.06758 0.99771 0.00000 -10.14633 0.00000 0.00000 -1.00000 0.00000
1622750506383565 -0.99423 -0.10731 -0.00000 85.84093 -0.10731 0.99423 0.00000 -6.70971 0.00000 0.00000 -1.00000 0.00000
1622750506633567 -0.98920 -0.14655 -0.00000 84.10433 -0.14655 0.98920 0.00000 -3.36477 0.00000 0.00000 -1.00000 0.00000
1622750506883573 -0.98271 -0.18514 -0.00000 82.22749 -0.18514 0.98271 0.00000 -0.12593 0.00000 0.00000 -1.00000 0.00000
1622750507133579 -0.97743 -0.21127 -0.00000 80.19747 -0.21127 0.97743 0.00000 2.02036 0.00000 0.00000 -1.00000 0.00000
1622750507383580 -0.97371 -0.22778 -0.00000 78.13661 -0.22778 0.97371 0.00000 3.35652 0.00000 0.00000 -1.00000 0.00000
1622750507634208 -0.97196 -0.23515 -0.00000 76.07740 -0.23515 0.97196 0.00000 3.90692 0.00000 0.00000 -1.00000 0.00000
1622750507884212 -0.97060 -0.24069 -0.00000 73.97322 -0.24069 0.97060 0.00000 4.30108 0.00000 0.00000 -1.00000 0.00000
1622750508134219 -0.97007 -0.24282 -0.00000 71.86436 -0.24282 0.97007 0.00000 4.42019 0.00000 0.00000 -1.00000 0.00000
1622750508384217 -0.96966 -0.24445 -0.00000 69.74158 -0.24445 0.96966 0.00000 4.50178 0.00000 0.00000 -1.00000 0.00000
1622750508633600 -0.96981 -0.24386 -0.00000 67.63444 -0.24386 0.96981 0.00000 4.41550 0.00000 0.00000 -1.00000 0.00000
1622750508883600 -0.96990 -0.24350 -0.00000 65.53839 -0.24350 0.96990 0.00000 4.35888 0.00000 0.00000 -1.00000 0.00000
1622750509132992 -0.97030 -0.24191 -0.00000 63.45922 -0.24191 0.97030 0.00000 4.22597 0.00000 0.00000 -1.00000 0.00000
1622750509382987 -0.97081 -0.23987 -0.00000 61.39527 -0.23987 0.97081 0.00000 4.05532 0.00000 0.00000 -1.00000 0.00000
1622750509632991 -0.97132 -0.23777 -0.00000 59.33244 -0.23777 0.97132 0.00000 3.87380 0.00000 0.00000 -1.00000 0.00000
1622750509882996 -0.97185 -0.23560 -0.00000 57.29020 -0.23560 0.97185 0.00000 3.69099 0.00000 0.00000 -1.00000 0.00000
1622750510133002 -0.97206 -0.23473 -0.00000 55.24630 -0.23473 0.97206 0.00000 3.58851 0.00000 0.00000 -1.00000 0.00000
1622750510382999 -0.97090 -0.23950 -0.00000 53.21662 -0.23950 0.97090 0.00000 3.81460 0.00000 0.00000 -1.00000 0.00000
1622750510633629 -0.96843 -0.24930 -0.00000 51.18661 -0.24930 0.96843 0.00000 4.27905 0.00000 0.00000 -1.00000 0.00000
1622750510883007 -0.96419 -0.26523 -0.00000 49.11867 -0.26523 0.96419 0.00000 5.07289 0.00000 0.00000 -1.00000 0.00000
1622750511133013 -0.96021 -0.27927 -0.00000 47.09020 -0.27927 0.96021 0.00000 5.74042 0.00000 0.00000 -1.00000 0.00000
1622750511383642 -0.95611 -0.29301 -0.00000 45.05865 -0.29301 0.95611 0.00000 6.37458 0.00000 0.00000 -1.00000 0.00000
1622750511633646 -0.95347 -0.30150 -0.00000 43.07559 -0.30150 0.95347 0.00000 6.72464 0.00000 0.00000 -1.00000 0.00000
1622750511883649 -0.95186 -0.30653 -0.00000 41.13988 -0.30653 0.95186 0.00000 6.92207 0.00000 0.00000 -1.00000 0.00000
1622750512133655 -0.95475 -0.29742 -0.00000 39.28794 -0.29742 0.95475 0.00000 6.52837 0.00000 0.00000 -1.00000 0.00000
1622750512384279 -0.96158 -0.27452 -0.00000 37.58182 -0.27452 0.96158 0.00000 5.57688 0.00000 0.00000 -1.00000 0.00000
1622750512633660 -0.96881 -0.24782 -0.00000 35.85866 -0.24782 0.96881 0.00000 4.50982 0.00000 0.00000 -1.00000 0.00000
1622750512883661 -0.97458 -0.22405 -0.00000 34.08534 -0.22405 0.97458 0.00000 3.59777 0.00000 0.00000 -1.00000 0.00000
1622750513133672 -0.97827 -0.20732 -0.00000 32.30784 -0.20732 0.97827 0.00000 3.00276 0.00000 0.00000 -1.00000 0.00000
1622750513383670 -0.98186 -0.18960 -0.00000 30.51078 -0.18960 0.98186 0.00000 2.38082 0.00000 0.00000 -1.00000 0.00000
1622750513633675 -0.98422 -0.17692 -0.00000 28.64888 -0.17692 0.98422 0.00000 1.94175 0.00000 0.00000 -1.00000 0.00000
1622750513883054 -0.98595 -0.16706 -0.00000 26.82714 -0.16706 0.98595 0.00000 1.61562 0.00000 0.00000 -1.00000 0.00000
1622750514133690 -0.98745 -0.15795 -0.00000 24.92935 -0.15795 0.98745 0.00000 1.33362 0.00000 0.00000 -1.00000 0.00000
1622750514383687 -0.98816 -0.15341 -0.00000 23.02538 -0.15341 0.98816 0.00000 1.17133 0.00000 0.00000 -1.00000 0.00000
1622750514634313 -0.98848 -0.15132 -0.00000 21.08895 -0.15132 0.98848 0.00000 1.07937 0.00000 0.00000 -1.00000 0.00000
1622750514884319 -0.98878 -0.14936 -0.00000 19.14295 -0.14936 0.98878 0.00000 0.99919 0.00000 0.00000 -1.00000 0.00000
1622750515134315 -0.98902 -0.14780 -0.00000 17.19254 -0.14780 0.98902 0.00000 0.93173 0.00000 0.00000 -1.00000 0.00000
1622750515383698 -0.98917 -0.14680 -0.00000 15.21432 -0.14680 0.98917 0.00000 0.88935 0.00000 0.00000 -1.00000 0.00000
1622750515633702 -0.98969 -0.14320 -0.00000 13.28295 -0.14320 0.98969 0.00000 0.80445 0.00000 0.00000 -1.00000 0.00000
1622750515883086 -0.99031 -0.13889 -0.00000 11.30376 -0.13889 0.99031 0.00000 0.71672 0.00000 0.00000 -1.00000 0.00000
1622750516133716 -0.99060 -0.13680 -0.00000 9.33568 -0.13680 0.99060 0.00000 0.65824 0.00000 0.00000 -1.00000 0.00000
1622750516383718 -0.99087 -0.13483 -0.00000 7.37642 -0.13483 0.99087 0.00000 0.61549 0.00000 0.00000 -1.00000 0.00000
1622750516633095 -0.99059 -0.13685 -0.00000 5.42308 -0.13685 0.99059 0.00000 0.59949 0.00000 0.00000 -1.00000 0.00000
1622750516883096 -0.99021 -0.13962 -0.00000 3.46654 -0.13962 0.99021 0.00000 0.59080 0.00000 0.00000 -1.00000 0.00000
1622750517133112 -0.98979 -0.14254 -0.00000 1.49767 -0.14254 0.98979 0.00000 0.57875 0.00000 0.00000 -1.00000 0.00000
1622750517383111 -0.98934 -0.14561 -0.00000 -0.45869 -0.14561 0.98934 0.00000 0.55409 0.00000 0.00000 -1.00000 0.00000
1622750517633738 -0.98885 -0.14891 -0.00000 -2.46997 -0.14891 0.98885 0.00000 0.51582 0.00000 0.00000 -1.00000 0.00000
1622750517883112 -0.98801 -0.15441 -0.00000 -4.47456 -0.15441 0.98801 0.00000 0.46236 0.00000 0.00000 -1.00000 0.00000
1622750518133119 -0.98612 -0.16603 -0.00000 -6.49725 -0.16603 0.98612 0.00000 0.35073 0.00000 0.00000 -1.00000 0.00000
1622750518383749 -0.98435 -0.17622 -0.00000 -8.54847 -0.17622 0.98435 0.00000 0.23676 0.00000 0.00000 -1.00000 0.00000
1622750518633753 -0.98297 -0.18376 -0.00000 -10.62271 -0.18376 0.98297 0.00000 0.14716 0.00000 0.00000 -1.00000 0.00000
1622750518884382 -0.98268 -0.18529 -0.00000 -12.66292 -0.18529 0.98268 0.00000 0.11838 0.00000 0.00000 -1.00000 0.00000
1622750519133763 -0.98200 -0.18887 -0.00000 -14.72193 -0.18887 0.98200 0.00000 0.04114 0.00000 0.00000 -1.00000 0.00000
1622750519384397 -0.98181 -0.18984 -0.00000 -16.80798 -0.18984 0.98181 0.00000 -0.01968 0.00000 0.00000 -1.00000 0.00000
1622750519633768 -0.98092 -0.19440 -0.00000 -18.84712 -0.19440 0.98092 0.00000 -0.15502 0.00000 0.00000 -1.00000 0.00000
1622750519883766 -0.98040 -0.19701 -0.00000 -20.91988 -0.19701 0.98040 0.00000 -0.25467 0.00000 0.00000 -1.00000 0.00000
1622750520133775 -0.98050 -0.19650 -0.00000 -22.98295 -0.19650 0.98050 0.00000 -0.30125 0.00000 0.00000 -1.00000 0.00000
1622750520383783 -0.98052 -0.19642 -0.00000 -25.03751 -0.19642 0.98052 0.00000 -0.36613 0.00000 0.00000 -1.00000 0.00000
1622750520634411 -0.98047 -0.19666 -0.00000 -27.08748 -0.19666 0.98047 0.00000 -0.43088 0.00000 0.00000 -1.00000 0.00000
1622750520884413 -0.98011 -0.19845 -0.00000 -29.13647 -0.19845 0.98011 0.00000 -0.52677 0.00000 0.00000 -1.00000 0.00000
1622750521133790 -0.97994 -0.19930 -0.00000 -31.15484 -0.19930 0.97994 0.00000 -0.56682 0.00000 0.00000 -1.00000 0.00000
1622750521383799 -0.97955 -0.20119 -0.00000 -33.17615 -0.20119 0.97955 0.00000 -0.65154 0.00000 0.00000 -1.00000 0.00000
1622750521633796 -0.97827 -0.20734 -0.00000 -35.20142 -0.20734 0.97827 0.00000 -0.88613 0.00000 0.00000 -1.00000 0.00000
1622750521883172 -0.97657 -0.21521 -0.00000 -37.19380 -0.21521 0.97657 0.00000 -1.20157 0.00000 0.00000 -1.00000 0.00000
1622750522133218 -0.97405 -0.22632 -0.00000 -39.16042 -0.22632 0.97405 0.00000 -1.66755 0.00000 0.00000 -1.00000 0.00000
1622750522383809 -0.97147 -0.23716 -0.00000 -41.16418 -0.23716 0.97147 0.00000 -2.14916 0.00000 0.00000 -1.00000 0.00000
1622750522633811 -0.96890 -0.24744 -0.00000 -43.14686 -0.24744 0.96890 0.00000 -2.62409 0.00000 0.00000 -1.00000 0.00000
1622750522883193 -0.96636 -0.25720 -0.00000 -45.10341 -0.25720 0.96636 0.00000 -3.11464 0.00000 0.00000 -1.00000 0.00000
1622750523133821 -0.96373 -0.26688 -0.00000 -47.08225 -0.26688 0.96373 0.00000 -3.61967 0.00000 0.00000 -1.00000 0.00000
1622750523383831 -0.96247 -0.27140 -0.00000 -49.00674 -0.27140 0.96247 0.00000 -3.87747 0.00000 0.00000 -1.00000 0.00000
1622750523633830 -0.96179 -0.27379 -0.00000 -50.91351 -0.27379 0.96179 0.00000 -4.05280 0.00000 0.00000 -1.00000 0.00000
1622750523883832 -0.96110 -0.27620 -0.00000 -52.76602 -0.27620 0.96110 0.00000 -4.22263 0.00000 0.00000 -1.00000 0.00000
1622750524133837 -0.96100 -0.27656 -0.00000 -54.55107 -0.27656 0.96100 0.00000 -4.28226 0.00000 0.00000 -1.00000 0.00000
1622750524383837 -0.96281 -0.27017 -0.00000 -56.27670 -0.27017 0.96281 0.00000 -3.93093 0.00000 0.00000 -1.00000 0.00000
1622750524633841 -0.96660 -0.25630 -0.00000 -57.95675 -0.25630 0.96660 0.00000 -3.14160 0.00000 0.00000 -1.00000 0.00000
1622750524883850 -0.97204 -0.23483 -0.00000 -59.55010 -0.23483 0.97204 0.00000 -1.87749 0.00000 0.00000 -1.00000 0.00000
1622750525133862 -0.97834 -0.20699 -0.00000 -61.03411 -0.20699 0.97834 0.00000 -0.19196 0.00000 0.00000 -1.00000 0.00000
1622750525384484 -0.98533 -0.17069 -0.00000 -62.37213 -0.17069 0.98533 0.00000 2.03921 0.00000 0.00000 -1.00000 0.00000
1622750525633861 -0.99196 -0.12656 -0.00000 -63.49014 -0.12656 0.99196 0.00000 4.80503 0.00000 0.00000 -1.00000 0.00000
1622750525883869 -0.99724 -0.07419 -0.00000 -64.33472 -0.07419 0.99724 0.00000 8.10503 0.00000 0.00000 -1.00000 0.00000
1622750526133872 -0.99987 -0.01625 -0.00000 -64.87694 -0.01625 0.99987 0.00000 11.83922 0.00000 0.00000 -1.00000 0.00000
1622750526384515 -0.99846 0.05543 0.00000 -64.92831 0.05543 0.99846 0.00000 16.43137 0.00000 0.00000 -1.00000 0.00000
1622750526634497 -0.98972 0.14299 0.00000 -64.26509 0.14299 0.98972 0.00000 22.07661 0.00000 0.00000 -1.00000 0.00000
1622750526883874 -0.97116 0.23842 0.00000 -62.85134 0.23842 0.97116 0.00000 28.19644 0.00000 0.00000 -1.00000 0.00000
1622750527134505 -0.94083 0.33888 0.00000 -60.56426 0.33888 0.94083 0.00000 34.60167 0.00000 0.00000 -1.00000 0.00000
1622750527384514 -0.89999 0.43590 0.00000 -57.57400 0.43590 0.89999 0.00000 40.77798 0.00000 0.00000 -1.00000 0.00000
1622750527633891 -0.85031 0.52628 0.00000 -54.04858 0.52628 0.85031 0.00000 46.45911 0.00000 0.00000 -1.00000 0.00000
1622750527884515 -0.78915 0.61420 0.00000 -49.75202 0.61420 0.78915 0.00000 51.95831 0.00000 0.00000 -1.00000 0.00000
1622750528134521 -0.71866 0.69537 0.00000 -44.89512 0.69537 0.71866 0.00000 56.99462 0.00000 0.00000 -1.00000 0.00000
1622750528384525 -0.63718 0.77071 0.00000 -39.33773 0.77071 0.63718 0.00000 61.60071 0.00000 0.00000 -1.00000 0.00000
1622750528633907 -0.54802 0.83647 0.00000 -33.35837 0.83647 0.54802 0.00000 65.54997 0.00000 0.00000 -1.00000 0.00000
1622750528883284 -0.46701 0.88425 0.00000 -28.17333 0.88425 0.46701 0.00000 68.35776 0.00000 0.00000 -1.00000 0.00000
1622750529133289 -0.40472 0.91444 0.00000 -24.55643 0.91444 0.40472 0.00000 70.10892 0.00000 0.00000 -1.00000 0.00000
1622750529382666 -0.36308 0.93176 0.00000 -22.60994 0.93176 0.36308 0.00000 71.10809 0.00000 0.00000 -1.00000 0.00000
1622750529632671 -0.33763 0.94128 0.00000 -21.96880 0.94128 0.33763 0.00000 71.66374 0.00000 0.00000 -1.00000 0.00000
1622750529882671 -0.32198 0.94675 0.00000 -22.14476 0.94675 0.32198 0.00000 71.99033 0.00000 0.00000 -1.00000 0.00000
1622750530132688 -0.31178 0.95015 0.00000 -22.78811 0.95015 0.31178 0.00000 72.20425 0.00000 0.00000 -1.00000 0.00000
1622750530382679 -0.30386 0.95272 0.00000 -23.66918 0.95272 0.30386 0.00000 72.36545 0.00000 0.00000 -1.00000 0.00000
1622750530632684 -0.29525 0.95542 0.00000 -24.56149 0.95542 0.29525 0.00000 72.54977 0.00000 0.00000 -1.00000 0.00000
1622750530882689 -0.28495 0.95854 0.00000 -25.37361 0.95854 0.28495 0.00000 72.76710 0.00000 0.00000 -1.00000 0.00000
1622750531132697 -0.27407 0.96171 0.00000 -26.22136 0.96171 0.27407 0.00000 73.01266 0.00000 0.00000 -1.00000 0.00000
1622750531382067 -0.26193 0.96509 0.00000 -27.02351 0.96509 0.26193 0.00000 73.30175 0.00000 0.00000 -1.00000 0.00000
1622750531632072 -0.24671 0.96909 0.00000 -27.62356 0.96909 0.24671 0.00000 73.69931 0.00000 0.00000 -1.00000 0.00000
1622750531882700 -0.22945 0.97332 0.00000 -28.05561 0.97332 0.22945 0.00000 74.14414 0.00000 0.00000 -1.00000 0.00000
1622750532132713 -0.21227 0.97721 0.00000 -28.52505 0.97721 0.21227 0.00000 74.60179 0.00000 0.00000 -1.00000 0.00000
1622750532382714 -0.19334 0.98113 0.00000 -28.85451 0.98113 0.19334 0.00000 75.11654 0.00000 0.00000 -1.00000 0.00000
1622750532632713 -0.17112 0.98525 0.00000 -28.94807 0.98525 0.17112 0.00000 75.73332 0.00000 0.00000 -1.00000 0.00000
1622750532882718 -0.14555 0.98935 0.00000 -28.79193 0.98935 0.14555 0.00000 76.43529 0.00000 0.00000 -1.00000 0.00000
1622750533132735 -0.12046 0.99272 0.00000 -28.66887 0.99272 0.12046 0.00000 77.12948 0.00000 0.00000 -1.00000 0.00000
1622750533383358 -0.09557 0.99542 0.00000 -28.56851 0.99542 0.09557 0.00000 77.79568 0.00000 0.00000 -1.00000 0.00000
1622750533632730 -0.07642 0.99708 0.00000 -28.88986 0.99708 0.07642 0.00000 78.26520 0.00000 0.00000 -1.00000 0.00000
1622750533882736 -0.07122 0.99746 0.00000 -30.25499 0.99746 0.07122 0.00000 78.34592 0.00000 0.00000 -1.00000 0.00000
1622750534133368 -0.08090 0.99672 0.00000 -32.84401 0.99672 0.08090 0.00000 77.99172 0.00000 0.00000 -1.00000 0.00000
1622750534382744 -0.09925 0.99506 0.00000 -36.11232 0.99506 0.09925 0.00000 77.34305 0.00000 0.00000 -1.00000 0.00000
1622750534632747 -0.11758 0.99306 0.00000 -39.35075 0.99306 0.11758 0.00000 76.61174 0.00000 0.00000 -1.00000 0.00000
1622750534882750 -0.14377 0.98961 0.00000 -43.14121 0.98961 0.14377 0.00000 75.49241 0.00000 0.00000 -1.00000 0.00000
1622750535133383 -0.16901 0.98561 0.00000 -46.97233 0.98561 0.16901 0.00000 74.31302 0.00000 0.00000 -1.00000 0.00000
1622750535383382 -0.19194 0.98141 0.00000 -50.62181 0.98141 0.19194 0.00000 73.16761 0.00000 0.00000 -1.00000 0.00000
1622750535633385 -0.20969 0.97777 0.00000 -53.87934 0.97777 0.20969 0.00000 72.17802 0.00000 0.00000 -1.00000 0.00000
1622750535883390 -0.22590 0.97415 0.00000 -57.02683 0.97415 0.22590 0.00000 71.23305 0.00000 0.00000 -1.00000 0.00000
1622750536133399 -0.24047 0.97066 0.00000 -60.00647 0.97066 0.24047 0.00000 70.32694 0.00000 0.00000 -1.00000 0.00000
1622750536383420 -0.25210 0.96770 0.00000 -62.77043 0.96770 0.25210 0.00000 69.56573 0.00000 0.00000 -1.00000 0.00000
1622750536633403 -0.26225 0.96500 0.00000 -65.42646 0.96500 0.26225 0.00000 68.86050 0.00000 0.00000 -1.00000 0.00000
1622750536882778 -0.27280 0.96207 0.00000 -68.05959 0.96207 0.27280 0.00000 68.11120 0.00000 0.00000 -1.00000 0.00000
1622750537132787 -0.28011 0.95997 0.00000 -70.42751 0.95997 0.28011 0.00000 67.53999 0.00000 0.00000 -1.00000 0.00000
1622750537382795 -0.28828 0.95755 0.00000 -72.87413 0.95755 0.28828 0.00000 66.88355 0.00000 0.00000 -1.00000 0.00000
1622750537632791 -0.29620 0.95513 0.00000 -75.23757 0.95513 0.29620 0.00000 66.22572 0.00000 0.00000 -1.00000 0.00000
1622750537883416 -0.30431 0.95257 0.00000 -77.60894 0.95257 0.30431 0.00000 65.55247 0.00000 0.00000 -1.00000 0.00000
1622750538133430 -0.31229 0.94999 0.00000 -79.91032 0.94999 0.31229 0.00000 64.84865 0.00000 0.00000 -1.00000 0.00000
1622750538382802 -0.32249 0.94657 0.00000 -82.34490 0.94657 0.32249 0.00000 63.93938 0.00000 0.00000 -1.00000 0.00000
1622750538632802 -0.33454 0.94238 0.00000 -84.86630 0.94238 0.33454 0.00000 62.82986 0.00000 0.00000 -1.00000 0.00000
1622750538882813 -0.35379 0.93532 0.00000 -87.82049 0.93532 0.35379 0.00000 61.05634 0.00000 0.00000 -1.00000 0.00000
1622750539133440 -0.37677 0.92631 0.00000 -90.96532 0.92631 0.37677 0.00000 58.82607 0.00000 0.00000 -1.00000 0.00000
1622750539382818 -0.40612 0.91382 0.00000 -94.38532 0.91382 0.40612 0.00000 55.85802 0.00000 0.00000 -1.00000 0.00000
1622750539632823 -0.44718 0.89445 0.00000 -98.41358 0.89445 0.44718 0.00000 51.46455 0.00000 0.00000 -1.00000 0.00000
1622750539882828 -0.49222 0.87047 0.00000 -102.49681 0.87047 0.49222 0.00000 46.34739 0.00000 0.00000 -1.00000 0.00000
1622750540132836 -0.53996 0.84169 0.00000 -106.48385 0.84169 0.53996 0.00000 40.51017 0.00000 0.00000 -1.00000 0.00000
1622750540382833 -0.59558 0.80329 0.00000 -110.48802 0.80329 0.59558 0.00000 33.14047 0.00000 0.00000 -1.00000 0.00000
1622750540632836 -0.66236 0.74919 0.00000 -114.42475 0.74919 0.66236 0.00000 23.47742 0.00000 0.00000 -1.00000 0.00000
1622750540883462 -0.73295 0.68028 0.00000 -117.68942 0.68028 0.73295 0.00000 12.01370 0.00000 0.00000 -1.00000 0.00000
1622750541132867 -0.80058 0.59922 0.00000 -119.74681 0.59922 0.80058 0.00000 -0.50231 0.00000 0.00000 -1.00000 0.00000
