1. 0. 0. 0. 0. -1. -0. 0. 0. 0. -1. 0.
1. 0. 0. -0.008 0. -1. -0. 0.005 0. 0. -1. 0.
1. 0. 0. -0.006 0. -1. -0. 0.001 0. 0. -1. 0.
1. 0.000 0. -0.003 0.000 -1. -0. -0.002 0. 0. -1. 0.
1. 0.000 0. -0.006 0.000 -1. -0. -0.002 0. 0. -1. 0.
1. 0.000 0. -0.004 0.000 -1. -0. 0.001 0. 0. -1. 0.
1. -0.000 -0. -0.003 -0.000 -1. -0. -0.001 0. 0. -1. 0.
1. -0. -0. -0.004 -0. -1. -0. 0.012 0. 0. -1. 0.
1. -0.001 -0. 0.027 -0.001 -1. -0. 0.012 0. 0. -1. 0.
1. -0.001 -0. 0.065 -0.001 -1. -0. -0.000 0. 0. -1. 0.
1. -0.002 -0. 0.114 -0.002 -1. -0. -0.006 0. 0. -1. 0.
1. -0.005 -0. 0.188 -0.005 -1. -0. 0.007 0. 0. -1. 0.
1.000 -0.014 -0. 0.327 -0.014 -1.000 -0. -0.012 0. 0. -1. 0.
1.000 -0.029 -0. 0.491 -0.029 -1.000 -0. -0.073 0. 0. -1. 0.
0.999 -0.046 -0. 0.742 -0.046 -0.999 -0. -0.073 0. 0. -1. 0.
0.998 -0.069 -0. 1.025 -0.069 -0.998 -0. -0.138 0. 0. -1. 0.
0.996 -0.093 -0. 1.442 -0.093 -0.996 -0. -0.164 0. 0. -1. 0.
0.993 -0.117 -0. 1.845 -0.117 -0.993 -0. -0.218 0. 0. -1. 0.
0.991 -0.137 -0. 2.282 -0.137 -0.991 -0. -0.387 0. 0. -1. 0.
0.989 -0.145 -0. 2.836 -0.145 -0.989 -0. -0.411 0. 0. -1. 0.
0.988 -0.152 -0. 3.508 -0.152 -0.988 -0. -0.509 0. 0. -1. 0.
0.988 -0.156 -0. 4.095 -0.156 -0.988 -0. -0.647 0. 0. -1. 0.
0.988 -0.154 -0. 4.791 -0.154 -0.988 -0. -0.828 0. 0. -1. 0.
0.989 -0.147 -0. 5.578 -0.147 -0.989 -0. -0.858 0. 0. -1. 0.
0.990 -0.144 -0. 6.239 -0.144 -0.990 -0. -1.027 0. 0. -1. 0.
0.990 -0.138 -0. 7.089 -0.138 -0.990 -0. -1.192 0. 0. -1. 0.
0.992 -0.130 -0. 7.940 -0.130 -0.992 -0. -1.238 0. 0. -1. 0.
0.992 -0.125 -0. 8.860 -0.125 -0.992 -0. -1.398 0. 0. -1. 0.
0.993 -0.120 -0. 9.788 -0.120 -0.993 -0. -1.579 0. 0. -1. 0.
0.994 -0.113 -0. 10.739 -0.113 -0.994 -0. -1.634 0. 0. -1. 0.
0.995 -0.104 -0. 11.781 -0.104 -0.995 -0. -1.732 0. 0. -1. 0.
0.995 -0.105 -0. 12.844 -0.105 -0.995 -0. -1.873 0. 0. -1. 0.
0.994 -0.107 -0. 13.935 -0.107 -0.994 -0. -2.041 0. 0. -1. 0.
0.994 -0.107 -0. 14.998 -0.107 -0.994 -0. -2.211 0. 0. -1. 0.
0.994 -0.107 -0. 16.249 -0.107 -0.994 -0. -2.360 0. 0. -1. 0.
0.994 -0.106 -0. 17.553 -0.106 -0.994 -0. -2.479 0. 0. -1. 0.
0.995 -0.104 -0. 18.917 -0.104 -0.995 -0. -2.722 0. 0. -1. 0.
0.995 -0.098 -0. 20.362 -0.098 -0.995 -0. -2.878 0. 0. -1. 0.
0.995 -0.096 -0. 21.835 -0.096 -0.995 -0. -3.066 0. 0. -1. 0.
0.996 -0.094 -0. 23.498 -0.094 -0.996 -0. -3.269 0. 0. -1. 0.
0.996 -0.088 -0. 25.113 -0.088 -0.996 -0. -3.493 0. 0. -1. 0.
0.997 -0.082 -0. 26.769 -0.082 -0.997 -0. -3.664 0. 0. -1. 0.
0.997 -0.079 -0. 28.568 -0.079 -0.997 -0. -3.844 0. 0. -1. 0.
0.997 -0.075 -0. 30.255 -0.075 -0.997 -0. -4.044 0. 0. -1. 0.
0.998 -0.068 -0. 32.079 -0.068 -0.998 -0. -4.235 0. 0. -1. 0.
0.999 -0.053 -0. 33.929 -0.053 -0.999 -0. -4.369 0. 0. -1. 0.
0.999 -0.038 -0. 35.689 -0.038 -0.999 -0. -4.385 0. 0. -1. 0.
1.000 -0.026 -0. 37.585 -0.026 -1.000 -0. -4.479 0. 0. -1. 0.
1.000 -0.017 -0. 39.517 -0.017 -1.000 -0. -4.647 0. 0. -1. 0.
1. -0.003 -0. 41.446 -0.003 -1. -0. -4.599 0. 0. -1. 0.
1. 0.005 0. 43.499 0.005 -1. -0. -4.663 0. 0. -1. 0.
1. 0.013 0. 45.473 0.013 -1. -0. -4.721 0. 0. -1. 0.
1.000 0.019 0. 47.586 0.019 -1.000 -0. -4.743 0. 0. -1. 0.
1.000 0.021 0. 49.698 0.021 -1.000 -0. -4.802 0. 0. -1. 0.
1.000 0.024 0. 51.822 0.024 -1.000 -0. -4.776 0. 0. -1. 0.
1.000 0.022 0. 54.015 0.022 -1.000 -0. -4.797 0. 0. -1. 0.
1.000 0.025 0. 56.207 0.025 -1.000 -0. -4.838 0. 0. -1. 0.
1.000 0.028 0. 58.464 0.028 -1.000 -0. -4.859 0. 0. -1. 0.
1.000 0.029 0. 60.664 0.029 -1.000 -0. -4.875 0. 0. -1. 0.
1.000 0.030 0. 62.896 0.030 -1.000 -0. -4.812 0. 0. -1. 0.
1.000 0.029 0. 65.102 0.029 -1.000 -0. -4.777 0. 0. -1. 0.
1.000 0.030 0. 67.292 0.030 -1.000 -0. -4.747 0. 0. -1. 0.
1.000 0.025 0. 69.520 0.025 -1.000 -0. -4.754 0. 0. -1. 0.
1.000 0.028 0. 71.704 0.028 -1.000 -0. -4.720 0. 0. -1. 0.
1.000 0.022 0. 73.917 0.022 -1.000 -0. -4.719 0. 0. -1. 0.
1. 0.014 0. 76.006 0.014 -1. -0. -4.740 0. 0. -1. 0.
1. -0.005 -0. 78.149 -0.005 -1. -0. -4.713 0. 0. -1. 0.
1.000 -0.028 -0. 80.331 -0.028 -1.000 -0. -4.825 0. 0. -1. 0.
0.998 -0.062 -0. 82.422 -0.062 -0.998 -0. -4.989 0. 0. -1. 0.
0.995 -0.104 -0. 84.545 -0.104 -0.995 -0. -5.187 0. 0. -1. 0.
0.989 -0.147 -0. 86.588 -0.147 -0.989 -0. -5.536 0. 0. -1. 0.
0.981 -0.196 -0. 88.688 -0.196 -0.981 -0. -5.934 0. 0. -1. 0.
0.968 -0.249 -0. 90.665 -0.249 -0.968 -0. -6.440 0. 0. -1. 0.
0.954 -0.300 -0. 92.566 -0.300 -0.954 -0. -7.088 0. 0. -1. 0.
0.937 -0.349 -0. 94.567 -0.349 -0.937 -0. -7.830 0. 0. -1. 0.
0.917 -0.398 -0. 96.436 -0.398 -0.917 -0. -8.631 0. 0. -1. 0.
0.894 -0.448 -0. 98.310 -0.448 -0.894 -0. -9.551 0. 0. -1. 0.
0.866 -0.501 -0. 100.002 -0.501 -0.866 -0. -10.613 0. 0. -1. 0.
0.833 -0.554 -0. 101.811 -0.554 -0.833 -0. -11.711 0. 0. -1. 0.
0.795 -0.607 -0. 103.355 -0.607 -0.795 -0. -12.951 0. 0. -1. 0.
0.752 -0.659 -0. 104.825 -0.659 -0.752 -0. -14.195 0. 0. -1. 0.
0.702 -0.712 -0. 106.265 -0.712 -0.702 -0. -15.573 0. 0. -1. 0.
0.646 -0.764 -0. 107.457 -0.764 -0.646 -0. -17.115 0. 0. -1. 0.
0.587 -0.810 -0. 108.540 -0.810 -0.587 -0. -18.657 0. 0. -1. 0.
0.527 -0.850 -0. 109.532 -0.850 -0.527 -0. -20.328 0. 0. -1. 0.
0.470 -0.883 -0. 110.396 -0.883 -0.470 -0. -22.081 0. 0. -1. 0.
0.420 -0.907 -0. 111.216 -0.907 -0.420 -0. -23.754 0. 0. -1. 0.
0.379 -0.925 -0. 111.870 -0.925 -0.379 -0. -25.583 0. 0. -1. 0.
0.357 -0.934 -0. 112.443 -0.934 -0.357 -0. -27.454 0. 0. -1. 0.
0.353 -0.936 -0. 113.217 -0.936 -0.353 -0. -29.282 0. 0. -1. 0.
0.355 -0.935 -0. 113.814 -0.935 -0.355 -0. -31.128 0. 0. -1. 0.
0.363 -0.932 -0. 114.563 -0.932 -0.363 -0. -32.937 0. 0. -1. 0.
0.373 -0.928 -0. 115.232 -0.928 -0.373 -0. -34.810 0. 0. -1. 0.
0.385 -0.923 -0. 115.948 -0.923 -0.385 -0. -36.652 0. 0. -1. 0.
0.400 -0.917 -0. 116.643 -0.917 -0.400 -0. -38.565 0. 0. -1. 0.
0.421 -0.907 -0. 117.515 -0.907 -0.421 -0. -40.438 0. 0. -1. 0.
0.444 -0.896 -0. 118.326 -0.896 -0.444 -0. -42.356 0. 0. -1. 0.
0.467 -0.884 -0. 119.248 -0.884 -0.467 -0. -44.201 0. 0. -1. 0.
0.493 -0.870 -0. 120.277 -0.870 -0.493 -0. -46.051 0. 0. -1. 0.
0.518 -0.855 -0. 121.219 -0.855 -0.518 -0. -47.847 0. 0. -1. 0.
0.545 -0.838 -0. 122.258 -0.838 -0.545 -0. -49.595 0. 0. -1. 0.
0.573 -0.820 -0. 123.495 -0.820 -0.573 -0. -51.347 0. 0. -1. 0.
0.601 -0.799 -0. 124.625 -0.799 -0.601 -0. -53.013 0. 0. -1. 0.
0.626 -0.780 -0. 125.855 -0.780 -0.626 -0. -54.680 0. 0. -1. 0.
0.649 -0.760 -0. 127.136 -0.760 -0.649 -0. -56.240 0. 0. -1. 0.
0.671 -0.742 -0. 128.354 -0.742 -0.671 -0. -57.747 0. 0. -1. 0.
0.686 -0.727 -0. 129.819 -0.727 -0.686 -0. -59.308 0. 0. -1. 0.
0.703 -0.712 -0. 131.126 -0.712 -0.703 -0. -60.670 0. 0. -1. 0.
0.714 -0.700 -0. 132.497 -0.700 -0.714 -0. -62.092 0. 0. -1. 0.
0.726 -0.688 -0. 133.879 -0.688 -0.726 -0. -63.478 0. 0. -1. 0.
0.738 -0.675 -0. 135.224 -0.675 -0.738 -0. -64.763 0. 0. -1. 0.
0.744 -0.668 -0. 136.696 -0.668 -0.744 -0. -66.167 0. 0. -1. 0.
0.743 -0.670 -0. 138.086 -0.670 -0.743 -0. -67.493 0. 0. -1. 0.
0.739 -0.674 -0. 139.405 -0.674 -0.739 -0. -68.723 0. 0. -1. 0.
0.736 -0.677 -0. 140.704 -0.677 -0.736 -0. -69.986 0. 0. -1. 0.
0.733 -0.680 -0. 141.945 -0.680 -0.733 -0. -71.168 0. 0. -1. 0.
0.735 -0.678 -0. 143.133 -0.678 -0.735 -0. -72.285 0. 0. -1. 0.
0.748 -0.664 -0. 144.257 -0.664 -0.748 -0. -73.305 0. 0. -1. 0.
0.776 -0.630 -0. 145.382 -0.630 -0.776 -0. -74.275 0. 0. -1. 0.
0.821 -0.571 -0. 146.485 -0.571 -0.821 -0. -75.160 0. 0. -1. 0.
0.872 -0.490 -0. 147.568 -0.490 -0.872 -0. -75.851 0. 0. -1. 0.
0.921 -0.389 -0. 148.550 -0.389 -0.921 -0. -76.292 0. 0. -1. 0.
0.965 -0.264 -0. 149.685 -0.264 -0.965 -0. -76.554 0. 0. -1. 0.
0.992 -0.123 -0. 150.740 -0.123 -0.992 -0. -76.678 0. 0. -1. 0.
1.000 0.030 0. 151.831 0.030 -1.000 -0. -76.619 0. 0. -1. 0.
0.983 0.185 0. 152.745 0.185 -0.983 -0. -76.450 0. 0. -1. 0.
0.939 0.345 0. 153.758 0.345 -0.939 -0. -76.061 0. 0. -1. 0.
0.869 0.494 0. 154.610 0.494 -0.869 -0. -75.601 0. 0. -1. 0.
0.771 0.637 0. 155.461 0.637 -0.771 -0. -74.947 0. 0. -1. 0.
0.645 0.765 0. 156.105 0.765 -0.645 -0. -74.253 0. 0. -1. 0.
0.486 0.874 0. 156.643 0.874 -0.486 -0. -73.290 0. 0. -1. 0.
0.307 0.952 0. 157.040 0.952 -0.307 -0. -72.226 0. 0. -1. 0.
0.104 0.995 0. 157.182 0.995 -0.104 -0. -71.079 0. 0. -1. 0.
-0.101 0.995 0. 157.010 0.995 0.101 0. -69.884 0. 0. -1. 0.
-0.299 0.954 0. 156.680 0.954 0.299 0. -68.680 0. 0. -1. 0.
-0.483 0.876 0. 156.041 0.876 0.483 0. -67.472 0. 0. -1. 0.
-0.632 0.775 0. 155.130 0.775 0.632 0. -66.457 0. 0. -1. 0.
-0.750 0.662 0. 154.095 0.662 0.750 0. -65.501 0. 0. -1. 0.
-0.833 0.553 0. 152.906 0.553 0.833 0. -64.671 0. 0. -1. 0.
-0.888 0.460 0. 151.547 0.460 0.888 0. -63.924 0. 0. -1. 0.
-0.925 0.379 0. 150.122 0.379 0.925 0. -63.267 0. 0. -1. 0.
-0.945 0.327 0. 148.644 0.327 0.945 0. -62.778 0. 0. -1. 0.
-0.954 0.299 0. 147.019 0.299 0.954 0. -62.278 0. 0. -1. 0.
-0.959 0.283 0. 145.440 0.283 0.959 0. -61.843 0. 0. -1. 0.
-0.961 0.275 0. 143.825 0.275 0.961 0. -61.255 0. 0. -1. 0.
-0.962 0.274 0. 142.178 0.274 0.962 0. -60.838 0. 0. -1. 0.
-0.960 0.280 0. 140.466 0.280 0.960 0. -60.305 0. 0. -1. 0.
-0.952 0.305 0. 138.769 0.305 0.952 0. -59.765 0. 0. -1. 0.
-0.939 0.343 0. 137.056 0.343 0.939 0. -59.177 0. 0. -1. 0.
-0.923 0.385 0. 135.391 0.385 0.923 0. -58.341 0. 0. -1. 0.
-0.901 0.435 0. 133.739 0.435 0.901 0. -57.571 0. 0. -1. 0.
-0.872 0.489 0. 132.115 0.489 0.872 0. -56.656 0. 0. -1. 0.
-0.841 0.540 0. 130.549 0.540 0.841 0. -55.555 0. 0. -1. 0.
-0.807 0.591 0. 128.909 0.591 0.807 0. -54.375 0. 0. -1. 0.
-0.767 0.642 0. 127.450 0.642 0.767 0. -53.115 0. 0. -1. 0.
-0.721 0.693 0. 126.003 0.693 0.721 0. -51.730 0. 0. -1. 0.
-0.673 0.740 0. 124.667 0.740 0.673 0. -50.175 0. 0. -1. 0.
-0.620 0.784 0. 123.395 0.784 0.620 0. -48.618 0. 0. -1. 0.
-0.564 0.826 0. 122.284 0.826 0.564 0. -46.911 0. 0. -1. 0.
-0.513 0.859 0. 121.237 0.859 0.513 0. -45.171 0. 0. -1. 0.
-0.466 0.885 0. 120.314 0.885 0.466 0. -43.338 0. 0. -1. 0.
-0.423 0.906 0. 119.409 0.906 0.423 0. -41.473 0. 0. -1. 0.
-0.393 0.920 0. 118.702 0.920 0.393 0. -39.553 0. 0. -1. 0.
-0.371 0.929 0. 117.912 0.929 0.371 0. -37.592 0. 0. -1. 0.
-0.358 0.934 0. 117.274 0.934 0.358 0. -35.611 0. 0. -1. 0.
-0.348 0.938 0. 116.539 0.938 0.348 0. -33.688 0. 0. -1. 0.
-0.346 0.938 0. 115.946 0.938 0.346 0. -31.715 0. 0. -1. 0.
-0.350 0.937 0. 115.253 0.937 0.350 0. -29.692 0. 0. -1. 0.
-0.359 0.933 0. 114.527 0.933 0.359 0. -27.737 0. 0. -1. 0.
-0.373 0.928 0. 113.801 0.928 0.373 0. -25.835 0. 0. -1. 0.
-0.393 0.920 0. 113.052 0.920 0.393 0. -23.920 0. 0. -1. 0.
-0.417 0.909 0. 112.279 0.909 0.417 0. -22.040 0. 0. -1. 0.
-0.448 0.894 0. 111.399 0.894 0.448 0. -20.227 0. 0. -1. 0.
-0.490 0.871 0. 110.512 0.871 0.490 0. -18.421 0. 0. -1. 0.
-0.542 0.840 0. 109.555 0.840 0.542 0. -16.776 0. 0. -1. 0.
-0.598 0.801 0. 108.496 0.801 0.598 0. -15.167 0. 0. -1. 0.
-0.658 0.753 0. 107.272 0.753 0.658 0. -13.689 0. 0. -1. 0.
-0.716 0.698 0. 105.961 0.698 0.716 0. -12.294 0. 0. -1. 0.
-0.771 0.637 0. 104.529 0.637 0.771 0. -10.971 0. 0. -1. 0.
-0.819 0.574 0. 103.018 0.574 0.819 0. -9.843 0. 0. -1. 0.
-0.860 0.511 0. 101.309 0.511 0.860 0. -8.759 0. 0. -1. 0.
-0.898 0.441 0. 99.591 0.441 0.898 0. -7.891 0. 0. -1. 0.
-0.923 0.385 0. 97.737 0.385 0.923 0. -7.049 0. 0. -1. 0.
-0.946 0.324 0. 95.958 0.324 0.946 0. -6.342 0. 0. -1. 0.
-0.964 0.267 0. 93.982 0.267 0.964 0. -5.763 0. 0. -1. 0.
-0.976 0.218 0. 92.065 0.218 0.976 0. -5.314 0. 0. -1. 0.
-0.985 0.172 0. 90.031 0.172 0.985 0. -4.853 0. 0. -1. 0.
-0.992 0.124 0. 87.938 0.124 0.992 0. -4.538 0. 0. -1. 0.
-0.996 0.084 0. 85.816 0.084 0.996 0. -4.315 0. 0. -1. 0.
-0.998 0.055 0. 83.734 0.055 0.998 0. -4.210 0. 0. -1. 0.
-0.999 0.035 0. 81.550 0.035 0.999 0. -4.065 0. 0. -1. 0.
-1.000 0.021 0. 79.308 0.021 1.000 0. -3.996 0. 0. -1. 0.
-1. 0.006 0. 77.070 0.006 1. 0. -3.951 0. 0. -1. 0.
-1. -0.003 -0. 74.928 -0.003 1. 0. -3.971 0. 0. -1. 0.
-1. -0.009 -0. 72.767 -0.009 1. 0. -3.898 0. 0. -1. 0.
-1.000 -0.017 -0. 70.460 -0.017 1.000 0. -3.864 0. 0. -1. 0.
-1.000 -0.021 -0. 68.289 -0.021 1.000 0. -3.900 0. 0. -1. 0.
-1.000 -0.023 -0. 66.106 -0.023 1.000 0. -3.901 0. 0. -1. 0.
-1.000 -0.022 -0. 63.966 -0.022 1.000 0. -3.899 0. 0. -1. 0.
-1.000 -0.019 -0. 61.810 -0.019 1.000 0. -3.926 0. 0. -1. 0.
-1.000 -0.023 -0. 59.651 -0.023 1.000 0. -3.914 0. 0. -1. 0.
-1.000 -0.021 -0. 57.448 -0.021 1.000 0. -3.817 0. 0. -1. 0.
-1.000 -0.021 -0. 55.325 -0.021 1.000 0. -3.802 0. 0. -1. 0.
-1.000 -0.024 -0. 53.264 -0.024 1.000 0. -3.792 0. 0. -1. 0.
-1.000 -0.022 -0. 51.143 -0.022 1.000 0. -3.765 0. 0. -1. 0.
-1.000 -0.026 -0. 49.084 -0.026 1.000 0. -3.842 0. 0. -1. 0.
-1.000 -0.025 -0. 47.053 -0.025 1.000 0. -3.890 0. 0. -1. 0.
-1.000 -0.020 -0. 45.001 -0.020 1.000 0. -3.834 0. 0. -1. 0.
-1. -0.013 -0. 43.010 -0.013 1. 0. -3.808 0. 0. -1. 0.
-1. -0.003 -0. 40.991 -0.003 1. 0. -3.811 0. 0. -1. 0.
-1. 0.010 0. 38.955 0.010 1. 0. -3.773 0. 0. -1. 0.
-1.000 0.027 0. 37.031 0.027 1.000 0. -3.725 0. 0. -1. 0.
-0.999 0.036 0. 34.968 0.036 0.999 0. -3.574 0. 0. -1. 0.
-0.999 0.049 0. 32.987 0.049 0.999 0. -3.401 0. 0. -1. 0.
-0.998 0.063 0. 30.944 0.063 0.998 0. -3.269 0. 0. -1. 0.
-0.998 0.071 0. 28.886 0.071 0.998 0. -2.986 0. 0. -1. 0.
-0.997 0.078 0. 26.873 0.078 0.997 0. -2.882 0. 0. -1. 0.
-0.996 0.084 0. 24.852 0.084 0.996 0. -2.621 0. 0. -1. 0.
-0.996 0.086 0. 22.775 0.086 0.996 0. -2.398 0. 0. -1. 0.
-0.996 0.092 0. 20.644 0.092 0.996 0. -2.175 0. 0. -1. 0.
-0.996 0.091 0. 18.546 0.091 0.996 0. -1.944 0. 0. -1. 0.
-0.996 0.094 0. 16.410 0.094 0.996 0. -1.751 0. 0. -1. 0.
-0.995 0.095 0. 14.345 0.095 0.995 0. -1.548 0. 0. -1. 0.
-0.995 0.099 0. 12.153 0.099 0.995 0. -1.302 0. 0. -1. 0.
-0.995 0.101 0. 10.042 0.101 0.995 0. -1.047 0. 0. -1. 0.
-0.995 0.101 0. 7.945 0.101 0.995 0. -0.775 0. 0. -1. 0.
-0.995 0.102 0. 5.888 0.102 0.995 0. -0.546 0. 0. -1. 0.
-0.995 0.100 0. 3.852 0.100 0.995 0. -0.295 0. 0. -1. 0.
-0.995 0.102 0. 1.990 0.102 0.995 0. -0.093 0. 0. -1. 0.
-0.995 0.099 0. 0.014 0.099 0.995 0. 0.216 0. 0. -1. 0.
-0.995 0.096 0. -1.926 0.096 0.995 0. 0.479 0. 0. -1. 0.
-0.996 0.090 0. -3.756 0.090 0.996 0. 0.625 0. 0. -1. 0.
-0.997 0.082 0. -5.590 0.082 0.997 0. 0.894 0. 0. -1. 0.
-0.997 0.081 0. -7.512 0.081 0.997 0. 1.038 0. 0. -1. 0.
-0.997 0.075 0. -9.399 0.075 0.997 0. 1.218 0. 0. -1. 0.
-0.997 0.071 0. -11.224 0.071 0.997 0. 1.407 0. 0. -1. 0.
-0.998 0.061 0. -13.060 0.061 0.998 0. 1.550 0. 0. -1. 0.
-0.998 0.062 0. -14.888 0.062 0.998 0. 1.731 0. 0. -1. 0.
-0.998 0.057 0. -16.710 0.057 0.998 0. 1.793 0. 0. -1. 0.
-0.999 0.053 0. -18.530 0.053 0.999 0. 2.006 0. 0. -1. 0.
-0.999 0.050 0. -20.407 0.050 0.999 0. 2.116 0. 0. -1. 0.
-0.999 0.048 0. -22.202 0.048 0.999 0. 2.330 0. 0. -1. 0.
-0.999 0.046 0. -24.075 0.046 0.999 0. 2.488 0. 0. -1. 0.
-0.999 0.045 0. -25.891 0.045 0.999 0. 2.602 0. 0. -1. 0.
-0.999 0.042 0. -27.884 0.042 0.999 0. 2.664 0. 0. -1. 0.
-0.999 0.039 0. -29.747 0.039 0.999 0. 2.765 0. 0. -1. 0.
-0.999 0.037 0. -31.813 0.037 0.999 0. 2.834 0. 0. -1. 0.
-0.999 0.034 0. -33.757 0.034 0.999 0. 2.939 0. 0. -1. 0.
-0.999 0.032 0. -35.840 0.032 0.999 0. 3.039 0. 0. -1. 0.
-1.000 0.031 0. -37.853 0.031 1.000 0. 3.188 0. 0. -1. 0.
-1.000 0.026 0. -39.896 0.026 1.000 0. 3.241 0. 0. -1. 0.
-1.000 0.025 0. -41.898 0.025 1.000 0. 3.327 0. 0. -1. 0.
-1.000 0.021 0. -43.908 0.021 1.000 0. 3.432 0. 0. -1. 0.
-1. 0.011 0. -45.867 0.011 1. 0. 3.455 0. 0. -1. 0.
-1. 0.007 0. -47.788 0.007 1. 0. 3.517 0. 0. -1. 0.
-1. 0.002 0. -49.610 0.002 1. 0. 3.574 0. 0. -1. 0.
-1. -0.004 -0. -51.445 -0.004 1. 0. 3.571 0. 0. -1. 0.
-1. -0.009 -0. -53.127 -0.009 1. 0. 3.597 0. 0. -1. 0.
-1.000 -0.016 -0. -54.775 -0.016 1.000 0. 3.580 0. 0. -1. 0.
-1.000 -0.016 -0. -56.356 -0.016 1.000 0. 3.577 0. 0. -1. 0.
-1. -0.012 -0. -57.867 -0.012 1. 0. 3.587 0. 0. -1. 0.
-1. -0.000 -0. -59.308 -0.000 1. 0. 3.587 0. 0. -1. 0.
-1.000 0.029 0. -60.662 0.029 1.000 0. 3.695 0. 0. -1. 0.
-0.998 0.061 0. -61.893 0.061 0.998 0. 3.745 0. 0. -1. 0.
-0.995 0.102 0. -63.120 0.102 0.995 0. 3.936 0. 0. -1. 0.
-0.988 0.154 0. -64.322 0.154 0.988 0. 4.096 0. 0. -1. 0.
-0.975 0.221 0. -65.336 0.221 0.975 0. 4.401 0. 0. -1. 0.
-0.956 0.294 0. -66.403 0.294 0.956 0. 4.754 0. 0. -1. 0.
-0.923 0.385 0. -67.523 0.385 0.923 0. 5.160 0. 0. -1. 0.
-0.876 0.483 0. -68.423 0.483 0.876 0. 5.866 0. 0. -1. 0.
-0.811 0.585 0. -69.221 0.585 0.811 0. 6.421 0. 0. -1. 0.
-0.728 0.686 0. -70.012 0.686 0.728 0. 7.257 0. 0. -1. 0.
-0.629 0.778 0. -70.596 0.778 0.629 0. 8.116 0. 0. -1. 0.
-0.517 0.856 0. -71.182 0.856 0.517 0. 9.100 0. 0. -1. 0.
-0.399 0.917 0. -71.629 0.917 0.399 0. 10.211 0. 0. -1. 0.
-0.282 0.959 0. -72.068 0.959 0.282 0. 11.378 0. 0. -1. 0.
-0.188 0.982 0. -72.204 0.982 0.188 0. 12.559 0. 0. -1. 0.
-0.123 0.992 0. -72.386 0.992 0.123 0. 14.032 0. 0. -1. 0.
-0.080 0.997 0. -72.438 0.997 0.080 0. 15.560 0. 0. -1. 0.
-0.044 0.999 0. -72.463 0.999 0.044 0. 17.143 0. 0. -1. 0.
-0.022 1.000 0. -72.355 1.000 0.022 0. 18.780 0. 0. -1. 0.
-0.011 1. 0. -72.304 1. 0.011 0. 20.489 0. 0. -1. 0.
-0.003 1. 0. -72.291 1. 0.003 0. 22.240 0. 0. -1. 0.
-0.000 1. 0. -72.150 1. 0.000 0. 24.025 0. 0. -1. 0.
0.007 1. 0. -72.186 1. -0.007 -0. 25.823 0. 0. -1. 0.
0.008 1. 0. -72.080 1. -0.008 -0. 27.706 0. 0. -1. 0.
0.013 1. 0. -71.983 1. -0.013 -0. 29.546 0. 0. -1. 0.
0.025 1.000 0. -71.951 1.000 -0.025 -0. 31.472 0. 0. -1. 0.
0.034 0.999 0. -71.833 0.999 -0.034 -0. 33.324 0. 0. -1. 0.
0.052 0.999 0. -71.614 0.999 -0.052 -0. 35.217 0. 0. -1. 0.
0.067 0.998 0. -71.477 0.998 -0.067 -0. 37.109 0. 0. -1. 0.
0.089 0.996 0. -71.277 0.996 -0.089 -0. 39.021 0. 0. -1. 0.
0.104 0.995 0. -70.985 0.995 -0.104 -0. 40.864 0. 0. -1. 0.
0.112 0.994 0. -70.636 0.994 -0.112 -0. 42.823 0. 0. -1. 0.
0.121 0.993 0. -70.458 0.993 -0.121 -0. 44.504 0. 0. -1. 0.
0.121 0.993 0. -70.121 0.993 -0.121 -0. 46.450 0. 0. -1. 0.
0.108 0.994 0. -69.820 0.994 -0.108 -0. 48.322 0. 0. -1. 0.
0.098 0.995 0. -69.718 0.995 -0.098 -0. 50.092 0. 0. -1. 0.
0.084 0.996 0. -69.401 0.996 -0.084 -0. 51.990 0. 0. -1. 0.
0.072 0.997 0. -69.258 0.997 -0.072 -0. 53.948 0. 0. -1. 0.
0.060 0.998 0. -69.081 0.998 -0.060 -0. 55.828 0. 0. -1. 0.
0.049 0.999 0. -68.974 0.999 -0.049 -0. 57.836 0. 0. -1. 0.
0.037 0.999 0. -68.810 0.999 -0.037 -0. 59.732 0. 0. -1. 0.
0.034 0.999 0. -68.715 0.999 -0.034 -0. 61.717 0. 0. -1. 0.
0.026 1.000 0. -68.612 1.000 -0.026 -0. 63.639 0. 0. -1. 0.
0.019 1.000 0. -68.528 1.000 -0.019 -0. 65.619 0. 0. -1. 0.
0.010 1. 0. -68.507 1. -0.010 -0. 67.474 0. 0. -1. 0.
0.010 1. 0. -68.409 1. -0.010 -0. 69.433 0. 0. -1. 0.
0.005 1. 0. -68.303 1. -0.005 -0. 71.365 0. 0. -1. 0.
-0.001 1. 0. -68.278 1. 0.001 0. 73.178 0. 0. -1. 0.
-0.006 1. 0. -68.218 1. 0.006 0. 75.084 0. 0. -1. 0.
-0.011 1. 0. -68.250 1. 0.011 0. 76.875 0. 0. -1. 0.
-0.014 1. 0. -68.174 1. 0.014 0. 78.689 0. 0. -1. 0.
-0.022 1.000 0. -68.205 1.000 0.022 0. 80.433 0. 0. -1. 0.
-0.041 0.999 0. -68.234 0.999 0.041 0. 82.179 0. 0. -1. 0.
-0.073 0.997 0. -68.322 0.997 0.073 0. 83.912 0. 0. -1. 0.
-0.115 0.993 0. -68.378 0.993 0.115 0. 85.526 0. 0. -1. 0.
-0.181 0.983 0. -68.662 0.983 0.181 0. 87.099 0. 0. -1. 0.
-0.253 0.968 0. -68.991 0.968 0.253 0. 88.806 0. 0. -1. 0.
-0.339 0.941 0. -69.481 0.941 0.339 0. 90.247 0. 0. -1. 0.
-0.431 0.902 0. -70.072 0.902 0.431 0. 91.727 0. 0. -1. 0.
-0.531 0.848 0. -70.830 0.848 0.531 0. 93.020 0. 0. -1. 0.
-0.625 0.781 0. -71.767 0.781 0.625 0. 94.282 0. 0. -1. 0.
-0.714 0.700 0. -72.794 0.700 0.714 0. 95.365 0. 0. -1. 0.
-0.789 0.615 0. -73.936 0.615 0.789 0. 96.315 0. 0. -1. 0.
-0.849 0.528 0. -75.149 0.528 0.849 0. 97.204 0. 0. -1. 0.
-0.894 0.448 0. -76.412 0.448 0.894 0. 97.877 0. 0. -1. 0.
-0.927 0.375 0. -77.770 0.375 0.927 0. 98.302 0. 0. -1. 0.
-0.950 0.314 0. -79.154 0.314 0.950 0. 98.793 0. 0. -1. 0.
-0.966 0.258 0. -80.558 0.258 0.966 0. 99.185 0. 0. -1. 0.
-0.975 0.220 0. -81.884 0.220 0.975 0. 99.595 0. 0. -1. 0.
-0.980 0.199 0. -83.410 0.199 0.980 0. 99.991 0. 0. -1. 0.
-0.980 0.200 0. -84.971 0.200 0.980 0. 100.347 0. 0. -1. 0.
-0.977 0.211 0. -86.493 0.211 0.977 0. 100.658 0. 0. -1. 0.
-0.971 0.238 0. -88.185 0.238 0.971 0. 101.160 0. 0. -1. 0.
-0.959 0.283 0. -89.780 0.283 0.959 0. 101.575 0. 0. -1. 0.
-0.941 0.339 0. -91.422 0.339 0.941 0. 102.183 0. 0. -1. 0.
-0.913 0.408 0. -93.050 0.408 0.913 0. 102.968 0. 0. -1. 0.
-0.880 0.475 0. -94.593 0.475 0.880 0. 103.921 0. 0. -1. 0.
-0.847 0.531 0. -96.116 0.531 0.847 0. 104.991 0. 0. -1. 0.
-0.817 0.576 0. -97.673 0.576 0.817 0. 106.072 0. 0. -1. 0.
-0.789 0.614 0. -99.216 0.614 0.789 0. 107.269 0. 0. -1. 0.
-0.765 0.644 0. -100.754 0.644 0.765 0. 108.543 0. 0. -1. 0.
-0.746 0.666 0. -102.205 0.666 0.746 0. 109.914 0. 0. -1. 0.
-0.732 0.682 0. -103.699 0.682 0.732 0. 111.345 0. 0. -1. 0.
-0.719 0.695 0. -105.130 0.695 0.719 0. 112.830 0. 0. -1. 0.
-0.709 0.705 0. -106.642 0.705 0.709 0. 114.279 0. 0. -1. 0.
-0.701 0.713 0. -108.070 0.713 0.701 0. 115.881 0. 0. -1. 0.
-0.696 0.718 0. -109.628 0.718 0.696 0. 117.424 0. 0. -1. 0.
-0.691 0.723 0. -111.031 0.723 0.691 0. 119.102 0. 0. -1. 0.
-0.692 0.722 0. -112.658 0.722 0.692 0. 120.797 0. 0. -1. 0.
-0.689 0.724 0. -114.061 0.724 0.689 0. 122.461 0. 0. -1. 0.
-0.691 0.723 0. -115.837 0.723 0.691 0. 124.148 0. 0. -1. 0.
-0.689 0.724 0. -117.363 0.724 0.689 0. 125.895 0. 0. -1. 0.
-0.691 0.723 0. -119.033 0.723 0.691 0. 127.753 0. 0. -1. 0.
-0.691 0.723 0. -120.689 0.723 0.691 0. 129.491 0. 0. -1. 0.
-0.693 0.721 0. -122.361 0.721 0.693 0. 131.440 0. 0. -1. 0.
-0.693 0.721 0. -124.037 0.721 0.693 0. 133.292 0. 0. -1. 0.
-0.694 0.720 0. -125.755 0.720 0.694 0. 135.210 0. 0. -1. 0.
-0.692 0.722 0. -127.529 0.722 0.692 0. 137.055 0. 0. -1. 0.
-0.695 0.719 0. -129.332 0.719 0.695 0. 138.957 0. 0. -1. 0.
-0.695 0.719 0. -130.988 0.719 0.695 0. 140.892 0. 0. -1. 0.
-0.693 0.721 0. -132.780 0.721 0.693 0. 142.798 0. 0. -1. 0.
-0.694 0.720 0. -134.433 0.720 0.694 0. 144.685 0. 0. -1. 0.
-0.693 0.721 0. -136.164 0.721 0.693 0. 146.557 0. 0. -1. 0.
-0.692 0.721 0. -137.902 0.721 0.692 0. 148.463 0. 0. -1. 0.
-0.690 0.724 0. -139.661 0.724 0.690 0. 150.351 0. 0. -1. 0.
-0.685 0.728 0. -141.270 0.728 0.685 0. 152.224 0. 0. -1. 0.
-0.677 0.736 0. -142.964 0.736 0.677 0. 154.011 0. 0. -1. 0.
-0.669 0.744 0. -144.622 0.744 0.669 0. 155.906 0. 0. -1. 0.
-0.656 0.755 0. -146.159 0.755 0.656 0. 157.829 0. 0. -1. 0.
-0.638 0.770 0. -147.751 0.770 0.638 0. 159.748 0. 0. -1. 0.
-0.611 0.791 0. -149.121 0.791 0.611 0. 161.693 0. 0. -1. 0.
-0.584 0.811 0. -150.473 0.811 0.584 0. 163.689 0. 0. -1. 0.
-0.554 0.833 0. -151.818 0.833 0.554 0. 165.718 0. 0. -1. 0.
-0.520 0.854 0. -153.054 0.854 0.520 0. 167.764 0. 0. -1. 0.
-0.480 0.877 0. -154.184 0.877 0.480 0. 169.813 0. 0. -1. 0.
-0.434 0.901 0. -155.186 0.901 0.434 0. 171.926 0. 0. -1. 0.
-0.389 0.921 0. -156.082 0.921 0.389 0. 174.128 0. 0. -1. 0.
-0.341 0.940 0. -156.832 0.940 0.341 0. 176.333 0. 0. -1. 0.
-0.293 0.956 0. -157.476 0.956 0.293 0. 178.560 0. 0. -1. 0.
-0.246 0.969 0. -158.081 0.969 0.246 0. 180.796 0. 0. -1. 0.
-0.202 0.979 0. -158.430 0.979 0.202 0. 183.072 0. 0. -1. 0.
-0.169 0.986 0. -158.815 0.986 0.169 0. 185.397 0. 0. -1. 0.
-0.138 0.990 0. -159.030 0.990 0.138 0. 187.696 0. 0. -1. 0.
-0.122 0.993 0. -159.313 0.993 0.122 0. 190.028 0. 0. -1. 0.
-0.108 0.994 0. -159.477 0.994 0.108 0. 192.409 0. 0. -1. 0.
-0.104 0.995 0. -159.691 0.995 0.104 0. 194.808 0. 0. -1. 0.
-0.097 0.995 0. -159.850 0.995 0.097 0. 197.204 0. 0. -1. 0.
-0.095 0.996 0. -159.965 0.996 0.095 0. 199.599 0. 0. -1. 0.
-0.095 0.995 0. -160.245 0.995 0.095 0. 202.046 0. 0. -1. 0.
-0.099 0.995 0. -160.258 0.995 0.099 0. 204.475 0. 0. -1. 0.
-0.103 0.995 0. -160.518 0.995 0.103 0. 206.890 0. 0. -1. 0.
-0.109 0.994 0. -160.713 0.994 0.109 0. 209.226 0. 0. -1. 0.
-0.124 0.992 0. -160.812 0.992 0.124 0. 211.545 0. 0. -1. 0.
-0.146 0.989 0. -161.144 0.989 0.146 0. 213.905 0. 0. -1. 0.
-0.178 0.984 0. -161.484 0.984 0.178 0. 216.195 0. 0. -1. 0.
-0.204 0.979 0. -161.955 0.979 0.204 0. 218.494 0. 0. -1. 0.
-0.238 0.971 0. -162.372 0.971 0.238 0. 220.671 0. 0. -1. 0.
-0.285 0.959 0. -162.974 0.959 0.285 0. 222.859 0. 0. -1. 0.
-0.339 0.941 0. -163.692 0.941 0.339 0. 224.932 0. 0. -1. 0.
-0.402 0.916 0. -164.526 0.916 0.402 0. 226.943 0. 0. -1. 0.
-0.471 0.882 0. -165.475 0.882 0.471 0. 228.923 0. 0. -1. 0.
-0.536 0.844 0. -166.628 0.844 0.536 0. 230.746 0. 0. -1. 0.
-0.602 0.799 0. -167.787 0.799 0.602 0. 232.454 0. 0. -1. 0.
-0.662 0.750 0. -169.206 0.750 0.662 0. 234.060 0. 0. -1. 0.
-0.719 0.695 0. -170.596 0.695 0.719 0. 235.599 0. 0. -1. 0.
-0.770 0.638 0. -172.295 0.638 0.770 0. 236.956 0. 0. -1. 0.
-0.817 0.576 0. -174.043 0.576 0.817 0. 238.301 0. 0. -1. 0.
-0.857 0.516 0. -175.884 0.516 0.857 0. 239.514 0. 0. -1. 0.
-0.888 0.461 0. -177.882 0.461 0.888 0. 240.563 0. 0. -1. 0.
-0.912 0.411 0. -179.783 0.411 0.912 0. 241.608 0. 0. -1. 0.
-0.930 0.369 0. -181.817 0.369 0.930 0. 242.524 0. 0. -1. 0.
-0.942 0.337 0. -183.919 0.337 0.942 0. 243.374 0. 0. -1. 0.
-0.949 0.315 0. -186.115 0.315 0.949 0. 244.111 0. 0. -1. 0.
-0.954 0.299 0. -188.270 0.299 0.954 0. 244.905 0. 0. -1. 0.
-0.958 0.287 0. -190.511 0.287 0.958 0. 245.591 0. 0. -1. 0.
-0.960 0.280 0. -192.751 0.280 0.960 0. 246.324 0. 0. -1. 0.
-0.961 0.276 0. -195.105 0.276 0.961 0. 247.063 0. 0. -1. 0.
-0.962 0.274 0. -197.472 0.274 0.962 0. 247.810 0. 0. -1. 0.
-0.961 0.276 0. -199.823 0.276 0.961 0. 248.532 0. 0. -1. 0.
-0.961 0.278 0. -202.108 0.278 0.961 0. 249.267 0. 0. -1. 0.
-0.960 0.278 0. -204.466 0.278 0.960 0. 250.014 0. 0. -1. 0.
-0.960 0.279 0. -206.779 0.279 0.960 0. 250.761 0. 0. -1. 0.
-0.959 0.282 0. -209.136 0.282 0.959 0. 251.445 0. 0. -1. 0.
-0.958 0.286 0. -211.444 0.286 0.958 0. 252.176 0. 0. -1. 0.
-0.957 0.289 0. -213.675 0.289 0.957 0. 252.885 0. 0. -1. 0.
-0.957 0.291 0. -215.975 0.291 0.957 0. 253.657 0. 0. -1. 0.
-0.956 0.293 0. -218.131 0.293 0.956 0. 254.415 0. 0. -1. 0.
-0.955 0.298 0. -220.267 0.298 0.955 0. 255.136 0. 0. -1. 0.
-0.953 0.304 0. -222.332 0.304 0.953 0. 255.901 0. 0. -1. 0.
-0.950 0.312 0. -224.330 0.312 0.950 0. 256.536 0. 0. -1. 0.
-0.947 0.321 0. -226.203 0.321 0.947 0. 257.256 0. 0. -1. 0.
-0.943 0.332 0. -227.979 0.332 0.943 0. 257.929 0. 0. -1. 0.
-0.937 0.350 0. -229.660 0.350 0.937 0. 258.631 0. 0. -1. 0.
-0.927 0.374 0. -231.099 0.374 0.927 0. 259.265 0. 0. -1. 0.
-0.915 0.403 0. -232.563 0.403 0.915 0. 259.935 0. 0. -1. 0.
-0.901 0.434 0. -233.820 0.434 0.901 0. 260.529 0. 0. -1. 0.
-0.887 0.461 0. -235.030 0.461 0.887 0. 261.245 0. 0. -1. 0.
-0.880 0.475 0. -236.068 0.475 0.880 0. 261.837 0. 0. -1. 0.
-0.876 0.483 0. -237.189 0.483 0.876 0. 262.486 0. 0. -1. 0.
-0.876 0.483 0. -238.267 0.483 0.876 0. 263.112 0. 0. -1. 0.
-0.879 0.477 0. -239.268 0.477 0.879 0. 263.669 0. 0. -1. 0.
-0.885 0.465 0. -240.272 0.465 0.885 0. 264.219 0. 0. -1. 0.
-0.894 0.448 0. -241.204 0.448 0.894 0. 264.694 0. 0. -1. 0.
-0.901 0.435 0. -242.086 0.435 0.901 0. 265.134 0. 0. -1. 0.
-0.903 0.430 0. -242.937 0.430 0.903 0. 265.655 0. 0. -1. 0.
-0.904 0.427 0. -243.850 0.427 0.904 0. 265.997 0. 0. -1. 0.
-0.906 0.424 0. -244.512 0.424 0.906 0. 266.505 0. 0. -1. 0.
-0.907 0.422 0. -245.218 0.422 0.907 0. 266.771 0. 0. -1. 0.
-0.905 0.425 0. -245.769 0.425 0.905 0. 267.066 0. 0. -1. 0.
-0.904 0.427 0. -246.263 0.427 0.904 0. 267.313 0. 0. -1. 0.
-0.904 0.427 0. -246.740 0.427 0.904 0. 267.546 0. 0. -1. 0.
-0.904 0.427 0. -247.217 0.427 0.904 0. 267.754 0. 0. -1. 0.
-0.903 0.429 0. -247.597 0.429 0.903 0. 267.952 0. 0. -1. 0.
-0.902 0.432 0. -247.870 0.432 0.902 0. 268.069 0. 0. -1. 0.
-0.901 0.433 0. -248.119 0.433 0.901 0. 268.212 0. 0. -1. 0.
-0.901 0.434 0. -248.331 0.434 0.901 0. 268.303 0. 0. -1. 0.
-0.899 0.437 0. -248.577 0.437 0.899 0. 268.431 0. 0. -1. 0.
-0.896 0.444 0. -248.839 0.444 0.896 0. 268.577 0. 0. -1. 0.
-0.893 0.450 0. -249.064 0.450 0.893 0. 268.680 0. 0. -1. 0.
-0.886 0.463 0. -249.503 0.463 0.886 0. 268.923 0. 0. -1. 0.
-0.876 0.482 0. -249.933 0.482 0.876 0. 269.219 0. 0. -1. 0.
-0.859 0.512 0. -250.538 0.512 0.859 0. 269.602 0. 0. -1. 0.
-0.836 0.549 0. -251.085 0.549 0.836 0. 269.964 0. 0. -1. 0.
-0.802 0.598 0. -251.778 0.598 0.802 0. 270.506 0. 0. -1. 0.
-0.755 0.655 0. -252.275 0.655 0.755 0. 271.042 0. 0. -1. 0.
-0.696 0.718 0. -252.976 0.718 0.696 0. 271.778 0. 0. -1. 0.
-0.617 0.787 0. -253.360 0.787 0.617 0. 272.548 0. 0. -1. 0.
-0.525 0.851 0. -254.009 0.851 0.525 0. 273.326 0. 0. -1. 0.
-0.440 0.898 0. -254.261 0.898 0.440 0. 274.148 0. 0. -1. 0.
-0.340 0.940 0. -254.592 0.940 0.340 0. 275.298 0. 0. -1. 0.
-0.239 0.971 0. -254.832 0.971 0.239 0. 276.268 0. 0. -1. 0.
-0.136 0.991 0. -254.974 0.991 0.136 0. 277.532 0. 0. -1. 0.
-0.043 0.999 0. -255.011 0.999 0.043 0. 278.852 0. 0. -1. 0.
0.031 1.000 0. -254.930 1.000 -0.031 -0. 280.255 0. 0. -1. 0.
0.083 0.997 0. -254.694 0.997 -0.083 -0. 281.731 0. 0. -1. 0.
0.127 0.992 0. -254.498 0.992 -0.127 -0. 283.448 0. 0. -1. 0.
0.167 0.986 0. -254.141 0.986 -0.167 -0. 285.207 0. 0. -1. 0.
0.199 0.980 0. -253.756 0.980 -0.199 -0. 287.042 0. 0. -1. 0.
0.223 0.975 0. -253.246 0.975 -0.223 -0. 288.933 0. 0. -1. 0.
0.237 0.972 0. -252.733 0.972 -0.237 -0. 290.979 0. 0. -1. 0.
0.243 0.970 0. -252.131 0.970 -0.243 -0. 293.100 0. 0. -1. 0.
0.248 0.969 0. -251.514 0.969 -0.248 -0. 295.332 0. 0. -1. 0.
0.249 0.968 0. -250.880 0.968 -0.249 -0. 297.571 0. 0. -1. 0.
0.250 0.968 0. -250.207 0.968 -0.250 -0. 299.993 0. 0. -1. 0.
0.251 0.968 0. -249.525 0.968 -0.251 -0. 302.505 0. 0. -1. 0.
0.253 0.968 0. -248.825 0.968 -0.253 -0. 305.023 0. 0. -1. 0.
0.253 0.967 0. -248.063 0.967 -0.253 -0. 307.635 0. 0. -1. 0.
0.255 0.967 0. -247.259 0.967 -0.255 -0. 310.315 0. 0. -1. 0.
0.257 0.966 0. -246.469 0.966 -0.257 -0. 313.041 0. 0. -1. 0.
0.257 0.966 0. -245.636 0.966 -0.257 -0. 315.871 0. 0. -1. 0.
0.260 0.966 0. -244.810 0.966 -0.260 -0. 318.807 0. 0. -1. 0.
0.263 0.965 0. -243.940 0.965 -0.263 -0. 321.734 0. 0. -1. 0.
0.265 0.964 0. -243.014 0.964 -0.265 -0. 324.785 0. 0. -1. 0.
0.266 0.964 0. -242.089 0.964 -0.266 -0. 327.894 0. 0. -1. 0.
0.271 0.963 0. -241.094 0.963 -0.271 -0. 331.097 0. 0. -1. 0.
0.270 0.963 0. -240.111 0.963 -0.270 -0. 334.347 0. 0. -1. 0.
0.271 0.963 0. -239.064 0.963 -0.271 -0. 337.725 0. 0. -1. 0.
0.271 0.963 0. -238.006 0.963 -0.271 -0. 341.162 0. 0. -1. 0.
0.272 0.962 0. -237.015 0.962 -0.272 -0. 344.624 0. 0. -1. 0.
0.272 0.962 0. -235.896 0.962 -0.272 -0. 348.206 0. 0. -1. 0.
0.270 0.963 0. -234.850 0.963 -0.270 -0. 351.856 0. 0. -1. 0.
0.271 0.962 0. -233.658 0.962 -0.271 -0. 355.579 0. 0. -1. 0.
0.272 0.962 0. -232.533 0.962 -0.272 -0. 359.343 0. 0. -1. 0.
0.270 0.963 0. -231.355 0.963 -0.270 -0. 363.263 0. 0. -1. 0.
0.271 0.962 0. -230.143 0.962 -0.271 -0. 367.202 0. 0. -1. 0.
0.272 0.962 0. -228.906 0.962 -0.272 -0. 371.159 0. 0. -1. 0.
0.272 0.962 0. -227.670 0.962 -0.272 -0. 375.178 0. 0. -1. 0.
0.271 0.963 0. -226.443 0.963 -0.271 -0. 379.297 0. 0. -1. 0.
0.271 0.963 0. -225.253 0.963 -0.271 -0. 383.393 0. 0. -1. 0.
0.273 0.962 0. -223.958 0.962 -0.273 -0. 387.533 0. 0. -1. 0.
0.272 0.962 0. -222.679 0.962 -0.272 -0. 391.672 0. 0. -1. 0.
0.273 0.962 0. -221.381 0.962 -0.273 -0. 395.747 0. 0. -1. 0.
0.275 0.962 0. -220.112 0.962 -0.275 -0. 399.830 0. 0. -1. 0.
0.272 0.962 0. -218.782 0.962 -0.272 -0. 403.877 0. 0. -1. 0.
0.270 0.963 0. -217.623 0.963 -0.270 -0. 407.972 0. 0. -1. 0.
0.268 0.963 0. -216.415 0.963 -0.268 -0. 412.058 0. 0. -1. 0.
0.266 0.964 0. -215.209 0.964 -0.266 -0. 416.067 0. 0. -1. 0.
0.267 0.964 0. -213.984 0.964 -0.267 -0. 420.080 0. 0. -1. 0.
0.264 0.965 0. -212.812 0.965 -0.264 -0. 424.032 0. 0. -1. 0.
0.264 0.964 0. -211.622 0.964 -0.264 -0. 427.978 0. 0. -1. 0.
0.265 0.964 0. -210.426 0.964 -0.265 -0. 431.900 0. 0. -1. 0.
0.264 0.964 0. -209.291 0.964 -0.264 -0. 435.772 0. 0. -1. 0.
0.265 0.964 0. -208.150 0.964 -0.265 -0. 439.683 0. 0. -1. 0.
0.265 0.964 0. -206.934 0.964 -0.265 -0. 443.487 0. 0. -1. 0.
0.264 0.965 0. -205.872 0.965 -0.264 -0. 447.343 0. 0. -1. 0.
0.265 0.964 0. -204.727 0.964 -0.265 -0. 451.118 0. 0. -1. 0.
0.265 0.964 0. -203.601 0.964 -0.265 -0. 454.877 0. 0. -1. 0.
0.265 0.964 0. -202.462 0.964 -0.265 -0. 458.638 0. 0. -1. 0.
0.265 0.964 0. -201.347 0.964 -0.265 -0. 462.373 0. 0. -1. 0.
0.266 0.964 0. -200.180 0.964 -0.266 -0. 466.090 0. 0. -1. 0.
0.267 0.964 0. -199.100 0.964 -0.267 -0. 469.785 0. 0. -1. 0.
0.269 0.963 0. -197.964 0.963 -0.269 -0. 473.429 0. 0. -1. 0.
0.270 0.963 0. -196.853 0.963 -0.270 -0. 477.099 0. 0. -1. 0.
0.270 0.963 0. -195.729 0.963 -0.270 -0. 480.684 0. 0. -1. 0.
0.268 0.963 0. -194.625 0.963 -0.268 -0. 484.268 0. 0. -1. 0.
0.269 0.963 0. -193.563 0.963 -0.269 -0. 487.814 0. 0. -1. 0.
0.265 0.964 0. -192.517 0.964 -0.265 -0. 491.271 0. 0. -1. 0.
0.266 0.964 0. -191.436 0.964 -0.266 -0. 494.750 0. 0. -1. 0.
0.264 0.964 0. -190.448 0.964 -0.264 -0. 498.128 0. 0. -1. 0.
0.265 0.964 0. -189.423 0.964 -0.265 -0. 501.516 0. 0. -1. 0.
0.266 0.964 0. -188.467 0.964 -0.266 -0. 504.800 0. 0. -1. 0.
0.267 0.964 0. -187.474 0.964 -0.267 -0. 508.024 0. 0. -1. 0.
0.268 0.963 0. -186.524 0.963 -0.268 -0. 511.226 0. 0. -1. 0.
0.270 0.963 0. -185.550 0.963 -0.270 -0. 514.321 0. 0. -1. 0.
0.271 0.963 0. -184.626 0.963 -0.271 -0. 517.419 0. 0. -1. 0.
0.273 0.962 0. -183.694 0.962 -0.273 -0. 520.459 0. 0. -1. 0.
0.273 0.962 0. -182.749 0.962 -0.273 -0. 523.407 0. 0. -1. 0.
0.274 0.962 0. -181.924 0.962 -0.274 -0. 526.354 0. 0. -1. 0.
0.274 0.962 0. -180.983 0.962 -0.274 -0. 529.192 0. 0. -1. 0.
0.276 0.961 0. -180.137 0.961 -0.276 -0. 531.976 0. 0. -1. 0.
0.276 0.961 0. -179.296 0.961 -0.276 -0. 534.636 0. 0. -1. 0.
0.276 0.961 0. -178.515 0.961 -0.276 -0. 537.251 0. 0. -1. 0.
0.277 0.961 0. -177.747 0.961 -0.277 -0. 539.678 0. 0. -1. 0.
0.276 0.961 0. -176.979 0.961 -0.276 -0. 542.043 0. 0. -1. 0.
0.275 0.961 0. -176.252 0.961 -0.275 -0. 544.254 0. 0. -1. 0.
0.276 0.961 0. -175.661 0.961 -0.276 -0. 546.371 0. 0. -1. 0.
0.275 0.962 0. -175.081 0.962 -0.275 -0. 548.342 0. 0. -1. 0.
0.273 0.962 0. -174.511 0.962 -0.273 -0. 550.146 0. 0. -1. 0.
0.271 0.962 0. -173.996 0.962 -0.271 -0. 551.765 0. 0. -1. 0.
0.270 0.963 0. -173.539 0.963 -0.270 -0. 553.257 0. 0. -1. 0.
0.269 0.963 0. -173.184 0.963 -0.269 -0. 554.625 0. 0. -1. 0.
0.266 0.964 0. -172.827 0.964 -0.266 -0. 555.770 0. 0. -1. 0.
0.264 0.965 0. -172.542 0.965 -0.264 -0. 556.780 0. 0. -1. 0.
0.262 0.965 0. -172.280 0.965 -0.262 -0. 557.697 0. 0. -1. 0.
0.259 0.966 0. -172.035 0.966 -0.259 -0. 558.476 0. 0. -1. 0.
0.259 0.966 0. -171.842 0.966 -0.259 -0. 559.187 0. 0. -1. 0.
0.255 0.967 0. -171.677 0.967 -0.255 -0. 559.751 0. 0. -1. 0.
0.254 0.967 0. -171.582 0.967 -0.254 -0. 560.251 0. 0. -1. 0.
0.252 0.968 0. -171.463 0.968 -0.252 -0. 560.687 0. 0. -1. 0.
0.250 0.968 0. -171.338 0.968 -0.250 -0. 561.008 0. 0. -1. 0.
0.250 0.968 0. -171.284 0.968 -0.250 -0. 561.291 0. 0. -1. 0.
0.250 0.968 0. -171.206 0.968 -0.250 -0. 561.507 0. 0. -1. 0.
0.249 0.968 0. -171.168 0.968 -0.249 -0. 561.725 0. 0. -1. 0.
0.249 0.969 0. -171.152 0.969 -0.249 -0. 561.883 0. 0. -1. 0.
0.248 0.969 0. -171.113 0.969 -0.248 -0. 562.035 0. 0. -1. 0.
0.249 0.968 0. -171.118 0.968 -0.249 -0. 562.143 0. 0. -1. 0.
0.248 0.969 0. -171.081 0.969 -0.248 -0. 562.210 0. 0. -1. 0.
0.248 0.969 0. -171.046 0.969 -0.248 -0. 562.256 0. 0. -1. 0.
0.248 0.969 0. -171.050 0.969 -0.248 -0. 562.258 0. 0. -1. 0.
0.248 0.969 0. -171.041 0.969 -0.248 -0. 562.261 0. 0. -1. 0.
0.248 0.969 0. -171.049 0.969 -0.248 -0. 562.262 0. 0. -1. 0.
0.248 0.969 0. -171.046 0.969 -0.248 -0. 562.261 0. 0. -1. 0.
0.248 0.969 0. -171.049 0.969 -0.248 -0. 562.260 0. 0. -1. 0.
0.249 0.969 0. -171.042 0.969 -0.249 -0. 562.260 0. 0. -1. 0.
0.249 0.969 0. -171.045 0.969 -0.249 -0. 562.259 0. 0. -1. 0.
0.248 0.969 0. -171.054 0.969 -0.248 -0. 562.262 0. 0. -1. 0.
0.248 0.969 0. -171.045 0.969 -0.248 -0. 562.263 0. 0. -1. 0.
0.248 0.969 0. -171.040 0.969 -0.248 -0. 562.261 0. 0. -1. 0.
0.248 0.969 0. -171.045 0.969 -0.248 -0. 562.262 0. 0. -1. 0.
0.248 0.969 0. -171.045 0.969 -0.248 -0. 562.268 0. 0. -1. 0.
0.248 0.969 0. -171.043 0.969 -0.248 -0. 562.270 0. 0. -1. 0.
0.249 0.969 0. -171.042 0.969 -0.249 -0. 562.270 0. 0. -1. 0.
0.249 0.969 0. -171.042 0.969 -0.249 -0. 562.273 0. 0. -1. 0.
0.248 0.969 0. -171.039 0.969 -0.248 -0. 562.283 0. 0. -1. 0.
0.248 0.969 0. -171.028 0.969 -0.248 -0. 562.284 0. 0. -1. 0.
0.248 0.969 0. -171.041 0.969 -0.248 -0. 562.264 0. 0. -1. 0.
0.248 0.969 0. -171.041 0.969 -0.248 -0. 562.275 0. 0. -1. 0.
0.248 0.969 0. -171.032 0.969 -0.248 -0. 562.265 0. 0. -1. 0.
0.248 0.969 0. -171.036 0.969 -0.248 -0. 562.262 0. 0. -1. 0.
0.248 0.969 0. -171.033 0.969 -0.248 -0. 562.256 0. 0. -1. 0.
0.248 0.969 0. -171.049 0.969 -0.248 -0. 562.266 0. 0. -1. 0.
0.249 0.969 0. -171.046 0.969 -0.249 -0. 562.260 0. 0. -1. 0.
0.249 0.969 0. -171.059 0.969 -0.249 -0. 562.264 0. 0. -1. 0.
0.249 0.969 0. -171.065 0.969 -0.249 -0. 562.257 0. 0. -1. 0.
0.248 0.969 0. -171.056 0.969 -0.248 -0. 562.251 0. 0. -1. 0.
0.248 0.969 0. -171.051 0.969 -0.248 -0. 562.253 0. 0. -1. 0.
0.249 0.969 0. -171.060 0.969 -0.249 -0. 562.238 0. 0. -1. 0.
0.248 0.969 0. -171.040 0.969 -0.248 -0. 562.233 0. 0. -1. 0.
0.248 0.969 0. -171.055 0.969 -0.248 -0. 562.244 0. 0. -1. 0.
0.248 0.969 0. -171.047 0.969 -0.248 -0. 562.254 0. 0. -1. 0.
0.248 0.969 0. -171.055 0.969 -0.248 -0. 562.259 0. 0. -1. 0.
0.248 0.969 0. -171.045 0.969 -0.248 -0. 562.272 0. 0. -1. 0.
0.248 0.969 0. -171.058 0.969 -0.248 -0. 562.262 0. 0. -1. 0.
0.248 0.969 0. -171.041 0.969 -0.248 -0. 562.266 0. 0. -1. 0.
0.248 0.969 0. -171.047 0.969 -0.248 -0. 562.277 0. 0. -1. 0.
0.248 0.969 0. -171.047 0.969 -0.248 -0. 562.281 0. 0. -1. 0.
0.248 0.969 0. -171.049 0.969 -0.248 -0. 562.264 0. 0. -1. 0.
0.248 0.969 0. -171.045 0.969 -0.248 -0. 562.265 0. 0. -1. 0.
0.248 0.969 0. -171.060 0.969 -0.248 -0. 562.258 0. 0. -1. 0.
0.248 0.969 0. -171.056 0.969 -0.248 -0. 562.261 0. 0. -1. 0.
0.248 0.969 0. -171.059 0.969 -0.248 -0. 562.265 0. 0. -1. 0.
0.248 0.969 0. -171.043 0.969 -0.248 -0. 562.264 0. 0. -1. 0.
0.248 0.969 0. -171.041 0.969 -0.248 -0. 562.266 0. 0. -1. 0.
0.248 0.969 0. -171.039 0.969 -0.248 -0. 562.262 0. 0. -1. 0.
0.248 0.969 0. -171.049 0.969 -0.248 -0. 562.266 0. 0. -1. 0.
0.248 0.969 0. -171.047 0.969 -0.248 -0. 562.248 0. 0. -1. 0.
0.248 0.969 0. -171.041 0.969 -0.248 -0. 562.264 0. 0. -1. 0.
0.248 0.969 0. -171.051 0.969 -0.248 -0. 562.262 0. 0. -1. 0.
0.248 0.969 0. -171.053 0.969 -0.248 -0. 562.261 0. 0. -1. 0.
0.248 0.969 0. -171.052 0.969 -0.248 -0. 562.259 0. 0. -1. 0.
0.248 0.969 0. -171.047 0.969 -0.248 -0. 562.262 0. 0. -1. 0.
0.248 0.969 0. -171.068 0.969 -0.248 -0. 562.258 0. 0. -1. 0.
0.248 0.969 0. -171.056 0.969 -0.248 -0. 562.262 0. 0. -1. 0.
0.248 0.969 0. -171.057 0.969 -0.248 -0. 562.271 0. 0. -1. 0.
0.248 0.969 0. -171.036 0.969 -0.248 -0. 562.264 0. 0. -1. 0.
0.248 0.969 0. -171.050 0.969 -0.248 -0. 562.263 0. 0. -1. 0.
0.248 0.969 0. -171.042 0.969 -0.248 -0. 562.265 0. 0. -1. 0.
0.248 0.969 0. -171.058 0.969 -0.248 -0. 562.265 0. 0. -1. 0.
0.248 0.969 0. -171.049 0.969 -0.248 -0. 562.274 0. 0. -1. 0.
0.248 0.969 0. -171.062 0.969 -0.248 -0. 562.261 0. 0. -1. 0.
0.248 0.969 0. -171.047 0.969 -0.248 -0. 562.259 0. 0. -1. 0.
0.248 0.969 0. -171.056 0.969 -0.248 -0. 562.253 0. 0. -1. 0.
0.248 0.969 0. -171.068 0.969 -0.248 -0. 562.251 0. 0. -1. 0.
0.248 0.969 0. -171.048 0.969 -0.248 -0. 562.251 0. 0. -1. 0.
0.248 0.969 0. -171.038 0.969 -0.248 -0. 562.259 0. 0. -1. 0.
0.248 0.969 0. -171.039 0.969 -0.248 -0. 562.245 0. 0. -1. 0.
0.248 0.969 0. -171.032 0.969 -0.248 -0. 562.256 0. 0. -1. 0.
0.248 0.969 0. -171.042 0.969 -0.248 -0. 562.256 0. 0. -1. 0.
0.248 0.969 0. -171.039 0.969 -0.248 -0. 562.269 0. 0. -1. 0.
0.248 0.969 0. -171.034 0.969 -0.248 -0. 562.255 0. 0. -1. 0.
0.248 0.969 0. -171.054 0.969 -0.248 -0. 562.254 0. 0. -1. 0.
0.248 0.969 0. -171.048 0.969 -0.248 -0. 562.254 0. 0. -1. 0.
0.248 0.969 0. -171.040 0.969 -0.248 -0. 562.252 0. 0. -1. 0.
0.248 0.969 0. -171.033 0.969 -0.248 -0. 562.255 0. 0. -1. 0.
0.248 0.969 0. -171.051 0.969 -0.248 -0. 562.267 0. 0. -1. 0.
0.248 0.969 0. -171.032 0.969 -0.248 -0. 562.267 0. 0. -1. 0.
0.248 0.969 0. -171.063 0.969 -0.248 -0. 562.268 0. 0. -1. 0.
0.248 0.969 0. -171.047 0.969 -0.248 -0. 562.256 0. 0. -1. 0.
0.248 0.969 0. -171.044 0.969 -0.248 -0. 562.268 0. 0. -1. 0.
