1635866214305464 1.00000 0.00000 0.00000 -0.00000 0.00000 -1.00000 0.00000 0.00000 0.00000 -0.00000 -1.00000 0.00000
1635866214554723 1.00000 -0.00007 0.00000 -0.00190 -0.00007 -1.00000 0.00000 0.00324 -0.00000 -0.00000 -1.00000 0.00000
1635866214803855 1.00000 -0.00017 0.00000 0.00633 -0.00017 -1.00000 0.00000 -0.00145 -0.00000 -0.00000 -1.00000 -0.00000
1635866215052690 1.00000 -0.00030 0.00000 0.00473 -0.00030 -1.00000 0.00000 0.00064 -0.00000 -0.00000 -1.00000 0.00000
1635866215302113 1.00000 -0.00044 0.00000 0.00859 -0.00044 -1.00000 0.00000 0.00024 -0.00000 -0.00000 -1.00000 0.00000
1635866215551409 1.00000 -0.00032 0.00000 0.00307 -0.00032 -1.00000 0.00000 -0.00358 -0.00000 -0.00000 -1.00000 -0.00000
1635866215800623 1.00000 -0.00008 0.00000 0.00428 -0.00008 -1.00000 0.00000 -0.00360 -0.00000 -0.00000 -1.00000 -0.00000
1635866216049532 1.00000 -0.00043 -0.00000 0.01470 -0.00043 -1.00000 0.00000 0.00042 -0.00000 -0.00000 -1.00000 0.00000
1635866216298806 1.00000 -0.00036 -0.00000 0.00506 -0.00036 -1.00000 0.00000 0.00492 -0.00000 -0.00000 -1.00000 0.00000
1635866216547867 1.00000 -0.00026 -0.00000 0.00982 -0.00026 -1.00000 0.00000 -0.00334 -0.00000 -0.00000 -1.00000 -0.00000
1635866216797204 1.00000 -0.00028 -0.00000 0.01362 -0.00028 -1.00000 0.00000 0.00353 -0.00000 -0.00000 -1.00000 0.00000
1635866217046669 1.00000 -0.00050 0.00000 0.00368 -0.00050 -1.00000 0.00000 0.00609 -0.00000 -0.00000 -1.00000 0.00000
1635866217295968 1.00000 -0.00036 0.00000 0.00503 -0.00036 -1.00000 0.00000 0.00226 -0.00000 -0.00000 -1.00000 0.00000
1635866217545233 1.00000 -0.00061 -0.00000 0.01022 -0.00061 -1.00000 0.00000 0.00312 -0.00000 -0.00000 -1.00000 0.00000
1635866217794477 1.00000 -0.00033 0.00000 -0.00113 -0.00033 -1.00000 0.00000 0.00866 -0.00000 -0.00000 -1.00000 0.00000
1635866218043462 1.00000 -0.00055 0.00000 -0.01861 -0.00055 -1.00000 0.00000 0.00018 -0.00000 -0.00000 -1.00000 0.00000
1635866218292459 1.00000 -0.00110 -0.00000 -0.04611 -0.00110 -1.00000 0.00000 0.00081 -0.00000 -0.00000 -1.00000 0.00000
1635866218541726 1.00000 -0.00154 0.00000 -0.10407 -0.00154 -1.00000 0.00000 0.00849 -0.00000 -0.00000 -1.00000 0.00000
1635866218790740 0.99999 -0.00363 0.00000 -0.15246 -0.00363 -0.99999 0.00000 0.01676 -0.00000 -0.00000 -1.00000 0.00000
1635866219040180 0.99995 -0.00987 0.00000 -0.24309 -0.00987 -0.99995 0.00000 -0.01697 -0.00000 -0.00000 -1.00000 -0.00000
1635866219289371 0.99979 -0.02040 0.00000 -0.41291 -0.02040 -0.99979 0.00000 -0.01858 -0.00000 -0.00000 -1.00000 -0.00000
1635866219538444 0.99936 -0.03584 -0.00000 -0.65835 -0.03584 -0.99936 0.00000 -0.01167 -0.00000 -0.00000 -1.00000 -0.00000
1635866219787617 0.99815 -0.06076 0.00000 -0.98440 -0.06076 -0.99815 0.00000 0.00131 -0.00000 -0.00000 -1.00000 0.00000
1635866220036696 0.99658 -0.08262 0.00000 -1.33388 -0.08262 -0.99658 0.00000 -0.01947 -0.00000 -0.00000 -1.00000 -0.00000
1635866220285727 0.99473 -0.10256 0.00000 -1.82802 -0.10256 -0.99473 0.00000 -0.03067 -0.00000 -0.00000 -1.00000 -0.00000
1635866220534899 0.99402 -0.10923 0.00000 -2.41119 -0.10923 -0.99402 0.00000 -0.06267 -0.00000 -0.00000 -1.00000 -0.00000
1635866220784136 0.99396 -0.10975 0.00000 -3.08963 -0.10975 -0.99396 0.00000 -0.00133 -0.00000 -0.00000 -1.00000 -0.00000
1635866221033052 0.99432 -0.10644 0.00000 -3.88350 -0.10644 -0.99432 0.00000 0.02392 -0.00000 -0.00000 -1.00000 0.00000
1635866221281861 0.99405 -0.10895 0.00000 -4.65743 -0.10895 -0.99405 0.00000 -0.04069 -0.00000 -0.00000 -1.00000 -0.00000
1635866221531373 0.99444 -0.10532 0.00000 -5.53709 -0.10532 -0.99444 0.00000 -0.06382 -0.00000 -0.00000 -1.00000 -0.00000
1635866221780462 0.99487 -0.10119 0.00000 -6.46298 -0.10119 -0.99487 0.00000 -0.08358 -0.00000 -0.00000 -1.00000 -0.00000
1635866222030009 0.99496 -0.10027 0.00000 -7.49039 -0.10027 -0.99496 0.00000 -0.06343 -0.00000 -0.00000 -1.00000 -0.00000
1635866222279027 0.99470 -0.10283 -0.00000 -8.53840 -0.10283 -0.99470 0.00000 -0.07168 -0.00000 -0.00000 -1.00000 -0.00000
1635866222528047 0.99425 -0.10708 0.00000 -9.67019 -0.10708 -0.99425 0.00000 0.00525 -0.00000 -0.00000 -1.00000 0.00000
1635866222777493 0.99380 -0.11119 -0.00000 -10.83157 -0.11119 -0.99380 0.00000 -0.00405 -0.00000 -0.00000 -1.00000 -0.00000
1635866223026710 0.99266 -0.12091 -0.00000 -12.02198 -0.12091 -0.99266 0.00000 0.13996 -0.00000 -0.00000 -1.00000 0.00000
1635866223276102 0.99146 -0.13038 0.00000 -13.26410 -0.13038 -0.99146 0.00000 0.25449 -0.00000 -0.00000 -1.00000 0.00000
1635866223525329 0.99019 -0.13974 0.00000 -14.55884 -0.13974 -0.99019 0.00000 0.40753 -0.00000 -0.00000 -1.00000 0.00000
1635866223774135 0.98948 -0.14469 -0.00000 -15.89662 -0.14469 -0.98948 0.00000 0.52412 -0.00000 -0.00000 -1.00000 0.00000
1635866224023219 0.98721 -0.15944 -0.00000 -17.25197 -0.15944 -0.98721 0.00000 0.67430 -0.00000 -0.00000 -1.00000 0.00000
1635866224272603 0.98729 -0.15895 0.00000 -18.66320 -0.15895 -0.98729 0.00000 0.63364 -0.00000 -0.00000 -1.00000 0.00000
1635866224521680 0.98707 -0.16027 0.00000 -20.09416 -0.16027 -0.98707 0.00000 0.64088 -0.00000 -0.00000 -1.00000 0.00000
1635866224770399 0.98731 -0.15879 0.00000 -21.53960 -0.15879 -0.98731 0.00000 0.61494 -0.00000 -0.00000 -1.00000 0.00000
1635866225019896 0.99052 -0.13735 0.00000 -23.05565 -0.13735 -0.99052 0.00000 0.08877 -0.00000 -0.00000 -1.00000 0.00000
1635866225269027 0.99292 -0.11879 -0.00000 -24.56244 -0.11879 -0.99292 0.00000 -0.32319 -0.00000 -0.00000 -1.00000 -0.00000
1635866225518529 0.99456 -0.10421 0.00000 -25.99422 -0.10421 -0.99456 0.00000 -0.73826 -0.00000 -0.00000 -1.00000 -0.00000
1635866225767698 0.99591 -0.09040 -0.00000 -27.45600 -0.09040 -0.99591 0.00000 -1.15178 -0.00000 -0.00000 -1.00000 -0.00000
1635866226016819 0.99707 -0.07649 0.00000 -28.84407 -0.07649 -0.99707 0.00000 -1.55211 -0.00000 -0.00000 -1.00000 -0.00000
1635866226266136 0.99815 -0.06079 0.00000 -30.24479 -0.06079 -0.99815 0.00000 -1.93275 -0.00000 -0.00000 -1.00000 -0.00000
1635866226515330 0.99888 -0.04725 -0.00000 -31.66473 -0.04725 -0.99888 0.00000 -2.35879 -0.00000 -0.00000 -1.00000 -0.00000
1635866226764769 0.99908 -0.04291 0.00000 -33.14958 -0.04291 -0.99908 0.00000 -2.57379 -0.00000 -0.00000 -1.00000 -0.00000
1635866227013704 0.99914 -0.04135 0.00000 -34.60238 -0.04135 -0.99914 0.00000 -2.56477 -0.00000 -0.00000 -1.00000 -0.00000
1635866227262655 0.99919 -0.04015 0.00000 -36.17716 -0.04015 -0.99919 0.00000 -2.73174 -0.00000 -0.00000 -1.00000 -0.00000
1635866227512053 0.99949 -0.03183 0.00000 -37.77769 -0.03183 -0.99949 0.00000 -3.06758 -0.00000 -0.00000 -1.00000 -0.00000
1635866227760750 0.99976 -0.02176 0.00000 -39.32639 -0.02176 -0.99976 0.00000 -3.47458 -0.00000 -0.00000 -1.00000 -0.00000
1635866228010288 0.99996 -0.00864 0.00000 -40.92894 -0.00864 -0.99996 0.00000 -3.98172 -0.00000 -0.00000 -1.00000 -0.00000
1635866228259251 0.99999 0.00455 0.00000 -42.53793 0.00455 -0.99999 0.00000 -4.51421 0.00000 -0.00000 -1.00000 -0.00000
1635866228508346 0.99984 0.01787 0.00000 -44.14400 0.01787 -0.99984 0.00000 -5.10500 0.00000 -0.00000 -1.00000 -0.00000
1635866228757725 0.99958 0.02886 0.00000 -45.69757 0.02886 -0.99958 0.00000 -5.48789 0.00000 -0.00000 -1.00000 -0.00000
1635866229007122 0.99928 0.03793 0.00000 -47.33133 0.03793 -0.99928 0.00000 -5.99794 0.00000 -0.00000 -1.00000 -0.00000
1635866229256445 0.99932 0.03675 0.00000 -49.06944 0.03675 -0.99932 0.00000 -5.95853 0.00000 -0.00000 -1.00000 -0.00000
1635866229505681 0.99923 0.03915 0.00000 -50.79509 0.03915 -0.99923 0.00000 -6.11559 0.00000 -0.00000 -1.00000 -0.00000
1635866229755371 0.99936 0.03586 0.00000 -52.61545 0.03586 -0.99936 0.00000 -5.96113 0.00000 -0.00000 -1.00000 -0.00000
1635866230004324 0.99926 0.03857 0.00000 -54.39177 0.03857 -0.99926 0.00000 -6.07580 0.00000 -0.00000 -1.00000 -0.00000
1635866230253289 0.99935 0.03615 0.00000 -56.25215 0.03615 -0.99935 0.00000 -6.01821 0.00000 -0.00000 -1.00000 -0.00000
1635866230502557 0.99946 0.03279 0.00000 -58.11160 0.03279 -0.99946 0.00000 -5.86910 0.00000 -0.00000 -1.00000 -0.00000
1635866230751621 0.99949 0.03186 -0.00000 -60.00600 0.03186 -0.99949 0.00000 -5.79108 0.00000 -0.00000 -1.00000 -0.00000
1635866231000488 0.99960 0.02841 0.00000 -61.92934 0.02841 -0.99960 0.00000 -5.58599 0.00000 -0.00000 -1.00000 -0.00000
1635866231249806 0.99948 0.03237 0.00000 -63.86700 0.03237 -0.99948 0.00000 -5.95601 0.00000 -0.00000 -1.00000 -0.00000
1635866231499255 0.99946 0.03299 0.00000 -65.83473 0.03299 -0.99946 0.00000 -6.07265 0.00000 -0.00000 -1.00000 -0.00000
1635866231748398 0.99958 0.02906 0.00000 -67.90000 0.02906 -0.99958 0.00000 -5.80886 0.00000 -0.00000 -1.00000 -0.00000
1635866231997458 0.99962 0.02755 0.00000 -69.89857 0.02755 -0.99962 0.00000 -5.62345 0.00000 -0.00000 -1.00000 -0.00000
1635866232246880 0.99964 0.02678 0.00000 -71.92318 0.02678 -0.99964 0.00000 -5.54968 0.00000 -0.00000 -1.00000 -0.00000
1635866232496095 0.99983 0.01837 0.00000 -74.01427 0.01837 -0.99983 0.00000 -4.99203 0.00000 -0.00000 -1.00000 -0.00000
1635866232745387 0.99991 0.01308 0.00000 -76.10740 0.01308 -0.99991 0.00000 -4.61987 0.00000 -0.00000 -1.00000 -0.00000
1635866232994647 0.99999 0.00476 0.00000 -78.15731 0.00476 -0.99999 0.00000 -3.95908 0.00000 -0.00000 -1.00000 -0.00000
1635866233244082 0.99998 -0.00695 -0.00000 -80.24865 -0.00695 -0.99998 0.00000 -3.06437 -0.00000 -0.00000 -1.00000 -0.00000
1635866233493350 0.99989 -0.01474 0.00000 -82.29399 -0.01474 -0.99989 0.00000 -2.41168 -0.00000 -0.00000 -1.00000 -0.00000
1635866233743098 0.99914 -0.04137 0.00000 -84.33516 -0.04137 -0.99914 0.00000 -0.24724 -0.00000 -0.00000 -1.00000 -0.00000
1635866233992125 0.99727 -0.07383 0.00000 -86.31526 -0.07383 -0.99727 0.00000 2.52736 -0.00000 -0.00000 -1.00000 0.00000
1635866234241378 0.99403 -0.10914 0.00000 -88.21844 -0.10914 -0.99403 0.00000 5.60001 -0.00000 -0.00000 -1.00000 0.00000
1635866234490758 0.98930 -0.14592 0.00000 -89.95080 -0.14592 -0.98930 0.00000 8.85807 -0.00000 -0.00000 -1.00000 0.00000
1635866234740304 0.98178 -0.19000 0.00000 -91.46729 -0.19000 -0.98178 0.00000 12.90489 -0.00000 -0.00000 -1.00000 0.00000
1635866234989496 0.97015 -0.24252 0.00000 -92.58777 -0.24252 -0.97015 0.00000 17.80886 -0.00000 -0.00000 -1.00000 0.00000
1635866235239001 0.95541 -0.29529 0.00000 -93.41583 -0.29529 -0.95541 0.00000 22.84944 -0.00000 -0.00000 -1.00000 0.00000
1635866235488276 0.93979 -0.34175 0.00000 -94.14129 -0.34175 -0.93979 0.00000 27.35652 -0.00000 -0.00000 -1.00000 0.00000
1635866235737375 0.91952 -0.39304 0.00000 -94.38117 -0.39304 -0.91952 0.00000 32.52313 -0.00000 -0.00000 -1.00000 0.00000
1635866235986732 0.89775 -0.44050 0.00000 -94.49393 -0.44050 -0.89775 0.00000 37.42000 -0.00000 -0.00000 -1.00000 0.00000
1635866236235594 0.87316 -0.48743 0.00000 -94.24690 -0.48743 -0.87316 0.00000 42.43657 -0.00000 -0.00000 -1.00000 0.00000
1635866236484848 0.84345 -0.53721 0.00000 -93.55508 -0.53721 -0.84345 0.00000 47.85439 -0.00000 -0.00000 -1.00000 0.00000
1635866236733911 0.80646 -0.59129 0.00000 -92.19126 -0.59129 -0.80646 0.00000 53.92087 -0.00000 -0.00000 -1.00000 0.00000
1635866236983634 0.76683 -0.64185 0.00000 -90.31638 -0.64185 -0.76683 0.00000 59.75460 -0.00000 -0.00000 -1.00000 0.00000
1635866237233051 0.72148 -0.69243 0.00000 -87.81705 -0.69243 -0.72148 0.00000 65.69461 -0.00000 -0.00000 -1.00000 0.00000
1635866237482645 0.67419 -0.73856 -0.00000 -85.09435 -0.73856 -0.67419 0.00000 71.34976 -0.00000 -0.00000 -1.00000 0.00000
1635866237731918 0.62382 -0.78156 0.00000 -81.90090 -0.78156 -0.62382 0.00000 76.88873 -0.00000 -0.00000 -1.00000 0.00000
1635866237981128 0.57327 -0.81937 0.00000 -78.63423 -0.81937 -0.57327 0.00000 81.86690 -0.00000 -0.00000 -1.00000 0.00000
1635866238230128 0.52354 -0.85200 -0.00000 -75.35569 -0.85200 -0.52354 0.00000 86.36184 -0.00000 -0.00000 -1.00000 0.00000
1635866238479239 0.48153 -0.87643 -0.00000 -72.78470 -0.87643 -0.48153 0.00000 89.85553 -0.00000 -0.00000 -1.00000 0.00000
1635866238728557 0.44829 -0.89389 0.00000 -71.03072 -0.89389 -0.44829 0.00000 92.62579 -0.00000 -0.00000 -1.00000 0.00000
1635866238977937 0.41156 -0.91138 -0.00000 -68.86456 -0.91138 -0.41156 0.00000 95.39329 -0.00000 -0.00000 -1.00000 0.00000
1635866239226999 0.37792 -0.92584 -0.00000 -66.98109 -0.92584 -0.37792 0.00000 97.82816 -0.00000 -0.00000 -1.00000 0.00000
1635866239476084 0.34830 -0.93738 -0.00000 -65.50709 -0.93738 -0.34830 0.00000 99.88384 -0.00000 -0.00000 -1.00000 0.00000
1635866239725595 0.33108 -0.94360 -0.00000 -65.31051 -0.94360 -0.33108 0.00000 101.06568 -0.00000 -0.00000 -1.00000 0.00000
1635866239974349 0.32972 -0.94408 0.00000 -66.78929 -0.94408 -0.32972 0.00000 101.13005 -0.00000 -0.00000 -1.00000 0.00000
1635866240223411 0.34317 -0.93927 0.00000 -69.89264 -0.93927 -0.34317 0.00000 100.10092 -0.00000 -0.00000 -1.00000 0.00000
1635866240472687 0.36558 -0.93078 0.00000 -73.98182 -0.93078 -0.36558 0.00000 98.39118 -0.00000 -0.00000 -1.00000 0.00000
1635866240721492 0.38825 -0.92155 0.00000 -78.12485 -0.92155 -0.38825 0.00000 96.56788 -0.00000 -0.00000 -1.00000 0.00000
1635866240971029 0.41090 -0.91168 0.00000 -82.27179 -0.91168 -0.41090 0.00000 94.60454 -0.00000 -0.00000 -1.00000 0.00000
1635866241220453 0.43068 -0.90251 0.00000 -86.05011 -0.90251 -0.43068 0.00000 92.76536 -0.00000 -0.00000 -1.00000 0.00000
1635866241469715 0.44813 -0.89397 0.00000 -89.51843 -0.89397 -0.44813 0.00000 91.02287 -0.00000 -0.00000 -1.00000 0.00000
1635866241718983 0.46428 -0.88569 0.00000 -92.89415 -0.88569 -0.46428 0.00000 89.34586 -0.00000 -0.00000 -1.00000 0.00000
1635866241967741 0.48168 -0.87635 0.00000 -96.35973 -0.87635 -0.48168 0.00000 87.52996 -0.00000 -0.00000 -1.00000 0.00000
1635866242216823 0.49798 -0.86719 -0.00000 -99.68655 -0.86719 -0.49798 0.00000 85.72202 -0.00000 -0.00000 -1.00000 0.00000
1635866242466170 0.51552 -0.85688 0.00000 -103.09159 -0.85688 -0.51552 0.00000 83.63622 -0.00000 -0.00000 -1.00000 0.00000
1635866242715645 0.53144 -0.84710 0.00000 -106.21872 -0.84710 -0.53144 0.00000 81.61312 -0.00000 -0.00000 -1.00000 0.00000
1635866242964545 0.54682 -0.83725 0.00000 -109.33572 -0.83725 -0.54682 0.00000 79.66692 -0.00000 -0.00000 -1.00000 0.00000
1635866243213638 0.56521 -0.82495 0.00000 -112.72764 -0.82495 -0.56521 0.00000 77.21619 -0.00000 -0.00000 -1.00000 0.00000
1635866243463162 0.58748 -0.80924 0.00000 -116.38815 -0.80924 -0.58748 0.00000 74.06638 -0.00000 -0.00000 -1.00000 0.00000
1635866243712116 0.61033 -0.79215 0.00000 -120.05831 -0.79215 -0.61033 0.00000 70.73176 -0.00000 -0.00000 -1.00000 0.00000
1635866243961271 0.63177 -0.77515 -0.00000 -123.55956 -0.77515 -0.63177 0.00000 67.37442 -0.00000 -0.00000 -1.00000 0.00000
1635866244210572 0.64885 -0.76092 0.00000 -126.61161 -0.76092 -0.64885 0.00000 64.58876 -0.00000 -0.00000 -1.00000 0.00000
1635866244459803 0.66600 -0.74595 0.00000 -129.51931 -0.74595 -0.66600 0.00000 61.65005 -0.00000 -0.00000 -1.00000 0.00000
1635866244708781 0.67675 -0.73621 0.00000 -132.02826 -0.73621 -0.67675 0.00000 59.81926 -0.00000 -0.00000 -1.00000 0.00000
1635866244958302 0.68769 -0.72600 0.00000 -134.48596 -0.72600 -0.68769 0.00000 57.83009 -0.00000 -0.00000 -1.00000 0.00000
1635866245207350 0.70222 -0.71196 0.00000 -137.09598 -0.71196 -0.70222 0.00000 55.02733 -0.00000 -0.00000 -1.00000 0.00000
1635866245456341 0.71670 -0.69738 -0.00000 -139.73171 -0.69738 -0.71670 0.00000 52.24281 -0.00000 -0.00000 -1.00000 0.00000
1635866245705460 0.73140 -0.68195 -0.00000 -142.25867 -0.68195 -0.73140 0.00000 49.21448 -0.00000 -0.00000 -1.00000 0.00000
1635866245954660 0.74529 -0.66674 0.00000 -144.67768 -0.66674 -0.74529 0.00000 46.27123 -0.00000 -0.00000 -1.00000 0.00000
1635866246203602 0.76004 -0.64987 0.00000 -147.12527 -0.64987 -0.76004 0.00000 43.00560 -0.00000 -0.00000 -1.00000 0.00000
1635866246452878 0.77613 -0.63057 0.00000 -149.58925 -0.63057 -0.77613 0.00000 39.29970 -0.00000 -0.00000 -1.00000 0.00000
1635866246702202 0.79687 -0.60415 0.00000 -152.17187 -0.60415 -0.79687 0.00000 34.26158 -0.00000 -0.00000 -1.00000 0.00000
1635866246951021 0.83170 -0.55522 0.00000 -155.23579 -0.55522 -0.83170 0.00000 25.00135 -0.00000 -0.00000 -1.00000 0.00000
1635866247200197 0.88076 -0.47356 0.00000 -158.13558 -0.47356 -0.88076 0.00000 10.00038 -0.00000 -0.00000 -1.00000 0.00000
1635866247449356 0.93145 -0.36388 -0.00000 -159.26510 -0.36388 -0.93145 0.00000 -9.15416 -0.00000 -0.00000 -1.00000 -0.00000
1635866247698664 0.97383 -0.22729 0.00000 -157.27354 -0.22729 -0.97383 0.00000 -31.66184 -0.00000 -0.00000 -1.00000 -0.00000
1635866247947771 0.99701 -0.07726 0.00000 -151.46463 -0.07726 -0.99701 0.00000 -55.05854 -0.00000 -0.00000 -1.00000 -0.00000
1635866248196870 0.99665 0.08177 0.00000 -141.61811 0.08177 -0.99665 0.00000 -78.28535 0.00000 -0.00000 -1.00000 -0.00000
1635866248446115 0.96972 0.24423 -0.00000 -127.56469 0.24423 -0.96972 0.00000 -100.53994 0.00000 -0.00000 -1.00000 -0.00000
1635866248695245 0.91489 0.40369 -0.00000 -109.68943 0.40369 -0.91489 0.00000 -120.29290 0.00000 -0.00000 -1.00000 -0.00000
1635866248944617 0.83304 0.55321 0.00000 -88.43589 0.55321 -0.83304 0.00000 -137.06891 0.00000 -0.00000 -1.00000 -0.00000
1635866249193830 0.73262 0.68064 0.00000 -65.85012 0.68064 -0.73262 0.00000 -149.61345 0.00000 -0.00000 -1.00000 -0.00000
1635866249443131 0.61105 0.79160 0.00000 -41.09290 0.79160 -0.61105 0.00000 -158.27807 0.00000 -0.00000 -1.00000 -0.00000
1635866249692267 0.48192 0.87622 -0.00000 -16.97921 0.87622 -0.48192 0.00000 -162.74232 0.00000 -0.00000 -1.00000 -0.00000
1635866249941514 0.33531 0.94211 -0.00000 8.65816 0.94211 -0.33531 0.00000 -163.26909 0.00000 -0.00000 -1.00000 -0.00000
1635866250190735 0.18286 0.98314 0.00000 33.53447 0.98314 -0.18286 0.00000 -159.82651 0.00000 -0.00000 -1.00000 -0.00000
1635866250439821 0.02402 0.99971 -0.00000 57.86088 0.99971 -0.02402 0.00000 -152.41723 0.00000 -0.00000 -1.00000 -0.00000
1635866250689237 -0.13771 0.99047 0.00000 80.94054 0.99047 0.13771 0.00000 -141.01849 0.00000 0.00000 -1.00000 -0.00000
1635866250938683 -0.30049 0.95379 0.00000 102.57660 0.95379 0.30049 0.00000 -125.55470 0.00000 0.00000 -1.00000 -0.00000
1635866251187799 -0.46009 0.88787 0.00000 121.90799 0.88787 0.46009 0.00000 -106.03148 0.00000 0.00000 -1.00000 -0.00000
1635866251436996 -0.60948 0.79280 0.00000 137.88253 0.79280 0.60948 0.00000 -82.84106 0.00000 0.00000 -1.00000 -0.00000
1635866251686110 -0.74141 0.67106 -0.00000 149.71548 0.67106 0.74141 0.00000 -56.74471 0.00000 0.00000 -1.00000 -0.00000
1635866251935641 -0.84054 0.54176 0.00000 156.06011 0.54176 0.84054 0.00000 -31.68517 0.00000 0.00000 -1.00000 -0.00000
1635866252184999 -0.91053 0.41345 0.00000 158.12728 0.41345 0.91053 0.00000 -8.55464 0.00000 0.00000 -1.00000 -0.00000
1635866252434045 -0.95219 0.30550 0.00000 157.20431 0.30550 0.95219 0.00000 9.73337 0.00000 0.00000 -1.00000 0.00000
1635866252683425 -0.97698 0.21335 0.00000 154.56108 0.21335 0.97698 0.00000 24.74823 0.00000 0.00000 -1.00000 0.00000
1635866252932908 -0.98825 0.15284 0.00000 151.84167 0.15284 0.98825 0.00000 34.26432 0.00000 0.00000 -1.00000 0.00000
1635866253182281 -0.99185 0.12743 0.00000 149.88876 0.12743 0.99185 0.00000 38.21055 0.00000 0.00000 -1.00000 0.00000
1635866253431468 -0.99041 0.13818 0.00000 149.23240 0.13818 0.99041 0.00000 36.55215 0.00000 0.00000 -1.00000 0.00000
1635866253680805 -0.98515 0.17171 0.00000 149.22547 0.17171 0.98515 0.00000 31.48616 0.00000 0.00000 -1.00000 0.00000
1635866253930052 -0.97489 0.22268 0.00000 149.49387 0.22268 0.97489 0.00000 23.74788 0.00000 0.00000 -1.00000 0.00000
1635866254179348 -0.95865 0.28460 0.00000 149.48558 0.28460 0.95865 0.00000 14.11539 0.00000 0.00000 -1.00000 0.00000
1635866254428504 -0.93708 0.34913 0.00000 148.82046 0.34913 0.93708 0.00000 3.89066 0.00000 0.00000 -1.00000 0.00000
1635866254677417 -0.90943 0.41586 -0.00000 147.45470 0.41586 0.90943 0.00000 -6.84798 0.00000 0.00000 -1.00000 -0.00000
1635866254926413 -0.87845 0.47784 0.00000 145.27904 0.47784 0.87845 0.00000 -17.05865 0.00000 0.00000 -1.00000 -0.00000
1635866255175210 -0.84645 0.53246 0.00000 142.44517 0.53246 0.84645 0.00000 -26.20285 0.00000 0.00000 -1.00000 -0.00000
1635866255424163 -0.81399 0.58088 0.00000 139.21040 0.58088 0.81399 0.00000 -34.46344 0.00000 0.00000 -1.00000 -0.00000
1635866255673696 -0.77681 0.62974 0.00000 135.26725 0.62974 0.77681 0.00000 -42.89970 0.00000 0.00000 -1.00000 -0.00000
1635866255922804 -0.73902 0.67369 0.00000 130.98154 0.67369 0.73902 0.00000 -50.69277 0.00000 0.00000 -1.00000 -0.00000
1635866256171894 -0.70031 0.71384 0.00000 126.31166 0.71384 0.70031 0.00000 -57.88067 0.00000 0.00000 -1.00000 -0.00000
1635866256421138 -0.66077 0.75059 0.00000 121.42044 0.75059 0.66077 0.00000 -64.72394 0.00000 0.00000 -1.00000 -0.00000
1635866256670368 -0.62650 0.77942 -0.00000 116.63756 0.77942 0.62650 0.00000 -70.04425 0.00000 0.00000 -1.00000 -0.00000
1635866256919774 -0.59471 0.80394 0.00000 112.01133 0.80394 0.59471 0.00000 -74.67540 0.00000 0.00000 -1.00000 -0.00000
1635866257169012 -0.55918 0.82905 -0.00000 106.88570 0.82905 0.55918 0.00000 -79.44914 0.00000 0.00000 -1.00000 -0.00000
1635866257417927 -0.52035 0.85396 -0.00000 101.26773 0.85396 0.52035 0.00000 -84.31268 0.00000 0.00000 -1.00000 -0.00000
1635866257667315 -0.48109 0.87667 0.00000 95.45772 0.87667 0.48109 0.00000 -88.75008 0.00000 0.00000 -1.00000 -0.00000
1635866257916296 -0.44329 0.89638 -0.00000 89.74932 0.89638 0.44329 0.00000 -92.84180 0.00000 0.00000 -1.00000 -0.00000
1635866258165380 -0.40891 0.91257 -0.00000 84.21627 0.91257 0.40891 0.00000 -96.12979 0.00000 0.00000 -1.00000 -0.00000
1635866258414524 -0.38399 0.92334 0.00000 79.60442 0.92334 0.38399 0.00000 -98.47650 0.00000 0.00000 -1.00000 -0.00000
1635866258663676 -0.36217 0.93211 0.00000 75.32649 0.93211 0.36217 0.00000 -100.23528 0.00000 0.00000 -1.00000 -0.00000
1635866258912998 -0.34452 0.93878 0.00000 71.45851 0.93878 0.34452 0.00000 -101.68569 0.00000 0.00000 -1.00000 -0.00000
1635866259161967 -0.33268 0.94304 0.00000 68.18730 0.94304 0.33268 0.00000 -102.56196 0.00000 0.00000 -1.00000 -0.00000
1635866259411252 -0.32982 0.94404 0.00000 65.99376 0.94404 0.32982 0.00000 -102.80004 0.00000 0.00000 -1.00000 -0.00000
1635866259660671 -0.33338 0.94279 0.00000 64.42334 0.94279 0.33338 0.00000 -102.54498 0.00000 0.00000 -1.00000 -0.00000
1635866259909692 -0.34095 0.94008 -0.00000 63.33241 0.94008 0.34095 0.00000 -102.09139 0.00000 0.00000 -1.00000 -0.00000
1635866260158844 -0.35521 0.93479 0.00000 62.96282 0.93479 0.35521 0.00000 -101.13081 0.00000 0.00000 -1.00000 -0.00000
1635866260408133 -0.38141 0.92440 0.00000 63.92819 0.92440 0.38141 0.00000 -99.30611 0.00000 0.00000 -1.00000 -0.00000
1635866260657579 -0.41266 0.91088 0.00000 65.42207 0.91088 0.41266 0.00000 -97.14325 0.00000 0.00000 -1.00000 -0.00000
1635866260906790 -0.45989 0.88798 0.00000 68.52735 0.88798 0.45989 0.00000 -93.61463 0.00000 0.00000 -1.00000 -0.00000
1635866261155891 -0.50893 0.86081 0.00000 71.89163 0.86081 0.50893 0.00000 -89.71813 0.00000 0.00000 -1.00000 -0.00000
1635866261405206 -0.56520 0.82496 0.00000 75.90833 0.82496 0.56520 0.00000 -84.72260 0.00000 0.00000 -1.00000 -0.00000
1635866261654382 -0.62241 0.78269 0.00000 79.92945 0.78269 0.62241 0.00000 -79.21448 0.00000 0.00000 -1.00000 -0.00000
1635866261903610 -0.67993 0.73328 0.00000 83.91603 0.73328 0.67993 0.00000 -72.97862 0.00000 0.00000 -1.00000 -0.00000
1635866262152519 -0.73273 0.68051 -0.00000 87.33638 0.68051 0.73273 0.00000 -66.49759 0.00000 0.00000 -1.00000 -0.00000
1635866262401922 -0.78276 0.62232 0.00000 90.47964 0.62232 0.78276 0.00000 -59.68095 0.00000 0.00000 -1.00000 -0.00000
1635866262650829 -0.82599 0.56368 0.00000 92.79329 0.56368 0.82599 0.00000 -52.98364 0.00000 0.00000 -1.00000 -0.00000
1635866262900259 -0.86410 0.50332 0.00000 94.56242 0.50332 0.86410 0.00000 -46.24695 0.00000 0.00000 -1.00000 -0.00000
1635866263149736 -0.89563 0.44480 0.00000 95.66315 0.44480 0.89563 0.00000 -39.84517 0.00000 0.00000 -1.00000 -0.00000
1635866263398881 -0.92118 0.38913 0.00000 96.19709 0.38913 0.92118 0.00000 -33.90649 0.00000 0.00000 -1.00000 -0.00000
1635866263648224 -0.94095 0.33854 0.00000 96.04085 0.33854 0.94095 0.00000 -28.67599 0.00000 0.00000 -1.00000 -0.00000
1635866263897207 -0.95712 0.28969 0.00000 95.54686 0.28969 0.95712 0.00000 -23.69378 0.00000 0.00000 -1.00000 -0.00000
1635866264146372 -0.97015 0.24252 0.00000 94.75430 0.24252 0.97015 0.00000 -19.03647 0.00000 0.00000 -1.00000 -0.00000
1635866264395737 -0.98015 0.19826 0.00000 93.60392 0.19826 0.98015 0.00000 -14.73735 0.00000 0.00000 -1.00000 -0.00000
1635866264645143 -0.98774 0.15609 -0.00000 92.25171 0.15609 0.98774 0.00000 -10.73230 0.00000 0.00000 -1.00000 -0.00000
1635866264894437 -0.99215 0.12503 0.00000 90.60193 0.12503 0.99215 0.00000 -7.80051 0.00000 0.00000 -1.00000 -0.00000
1635866265143954 -0.99527 0.09719 0.00000 88.80433 0.09719 0.99527 0.00000 -5.27353 0.00000 0.00000 -1.00000 -0.00000
1635866265393349 -0.99760 0.06930 0.00000 86.86913 0.06930 0.99760 0.00000 -2.78849 0.00000 0.00000 -1.00000 -0.00000
1635866265642843 -0.99856 0.05365 -0.00000 84.82853 0.05365 0.99856 0.00000 -1.45991 0.00000 0.00000 -1.00000 -0.00000
1635866265892019 -0.99939 0.03481 0.00000 82.73958 0.03481 0.99939 0.00000 0.15561 0.00000 0.00000 -1.00000 0.00000
1635866266141238 -0.99975 0.02242 0.00000 80.65033 0.02242 0.99975 0.00000 1.20054 0.00000 0.00000 -1.00000 0.00000
1635866266390279 -0.99995 0.00959 0.00000 78.46502 0.00959 0.99995 0.00000 2.23201 0.00000 0.00000 -1.00000 0.00000
1635866266639667 -1.00000 0.00031 0.00000 76.30455 0.00031 1.00000 0.00000 2.87859 0.00000 0.00000 -1.00000 0.00000
1635866266888916 -0.99995 -0.00982 0.00000 74.09523 -0.00982 0.99995 0.00000 3.58958 -0.00000 0.00000 -1.00000 0.00000
1635866267138051 -0.99978 -0.02089 0.00000 71.97072 -0.02089 0.99978 0.00000 4.42979 -0.00000 0.00000 -1.00000 0.00000
1635866267387222 -0.99944 -0.03345 0.00000 69.82713 -0.03345 0.99944 0.00000 5.32410 -0.00000 0.00000 -1.00000 0.00000
1635866267636554 -0.99923 -0.03917 0.00000 67.74438 -0.03917 0.99923 0.00000 5.70042 -0.00000 0.00000 -1.00000 0.00000
1635866267885837 -0.99912 -0.04195 0.00000 65.65321 -0.04195 0.99912 0.00000 5.87480 -0.00000 0.00000 -1.00000 0.00000
1635866268134922 -0.99905 -0.04350 0.00000 63.62300 -0.04350 0.99905 0.00000 5.96483 -0.00000 0.00000 -1.00000 0.00000
1635866268384366 -0.99903 -0.04394 0.00000 61.54467 -0.04394 0.99903 0.00000 5.95811 -0.00000 0.00000 -1.00000 0.00000
1635866268633677 -0.99885 -0.04785 0.00000 59.60231 -0.04785 0.99885 0.00000 6.10757 -0.00000 0.00000 -1.00000 0.00000
1635866268882992 -0.99870 -0.05096 -0.00000 57.62661 -0.05096 0.99870 0.00000 6.35613 -0.00000 0.00000 -1.00000 0.00000
1635866269132463 -0.99872 -0.05067 0.00000 55.65920 -0.05067 0.99872 0.00000 6.32186 -0.00000 0.00000 -1.00000 0.00000
1635866269381757 -0.99867 -0.05162 0.00000 53.69956 -0.05162 0.99867 0.00000 6.29123 -0.00000 0.00000 -1.00000 0.00000
1635866269631046 -0.99877 -0.04961 0.00000 51.80983 -0.04961 0.99877 0.00000 6.18907 -0.00000 0.00000 -1.00000 0.00000
1635866269880207 -0.99908 -0.04286 -0.00000 49.93657 -0.04286 0.99908 0.00000 5.86929 -0.00000 0.00000 -1.00000 0.00000
1635866270129614 -0.99962 -0.02774 -0.00000 48.12619 -0.02774 0.99962 0.00000 5.10581 -0.00000 0.00000 -1.00000 0.00000
1635866270378895 -0.99988 -0.01546 -0.00000 46.31575 -0.01546 0.99988 0.00000 4.48539 -0.00000 0.00000 -1.00000 0.00000
1635866270627998 -1.00000 0.00146 0.00000 44.52339 0.00146 1.00000 0.00000 3.75047 0.00000 0.00000 -1.00000 0.00000
1635866270877331 -0.99975 0.02243 0.00000 42.74250 0.02243 0.99975 0.00000 2.73908 0.00000 0.00000 -1.00000 0.00000
1635866271126332 -0.99887 0.04759 0.00000 40.99596 0.04759 0.99887 0.00000 1.70609 0.00000 0.00000 -1.00000 0.00000
1635866271375567 -0.99821 0.05982 0.00000 39.22087 0.05982 0.99821 0.00000 1.14459 0.00000 0.00000 -1.00000 0.00000
1635866271624830 -0.99807 0.06214 0.00000 37.38392 0.06214 0.99807 0.00000 0.99790 0.00000 0.00000 -1.00000 0.00000
1635866271874106 -0.99819 0.06017 0.00000 35.58589 0.06017 0.99819 0.00000 1.06388 0.00000 0.00000 -1.00000 0.00000
1635866272123184 -0.99830 0.05822 0.00000 33.76465 0.05822 0.99830 0.00000 1.17609 0.00000 0.00000 -1.00000 0.00000
1635866272372781 -0.99765 0.06854 0.00000 32.03715 0.06854 0.99765 0.00000 0.82150 0.00000 0.00000 -1.00000 0.00000
1635866272621963 -0.99679 0.08007 0.00000 30.28359 0.08007 0.99679 0.00000 0.39430 0.00000 0.00000 -1.00000 0.00000
1635866272871102 -0.99594 0.09003 0.00000 28.50932 0.09003 0.99594 0.00000 0.06750 0.00000 0.00000 -1.00000 0.00000
1635866273120443 -0.99502 0.09972 -0.00000 26.72250 0.09972 0.99502 0.00000 -0.18666 0.00000 0.00000 -1.00000 -0.00000
1635866273369607 -0.99390 0.11032 0.00000 24.95969 0.11032 0.99390 0.00000 -0.53189 0.00000 0.00000 -1.00000 -0.00000
1635866273618940 -0.99300 0.11808 0.00000 23.21998 0.11808 0.99300 0.00000 -0.74600 0.00000 0.00000 -1.00000 -0.00000
1635866273868118 -0.99258 0.12158 0.00000 21.48589 0.12158 0.99258 0.00000 -0.86543 0.00000 0.00000 -1.00000 -0.00000
1635866274117381 -0.99295 0.11850 0.00000 19.67721 0.11850 0.99295 0.00000 -0.75817 0.00000 0.00000 -1.00000 -0.00000
1635866274366657 -0.99363 0.11267 0.00000 17.94279 0.11267 0.99363 0.00000 -0.65555 0.00000 0.00000 -1.00000 -0.00000
1635866274615847 -0.99371 0.11198 0.00000 16.14965 0.11198 0.99371 0.00000 -0.65279 0.00000 0.00000 -1.00000 -0.00000
1635866274865376 -0.99458 0.10393 -0.00000 14.48085 0.10393 0.99458 0.00000 -0.54388 0.00000 0.00000 -1.00000 -0.00000
1635866275114226 -0.99521 0.09780 -0.00000 12.71072 0.09780 0.99521 0.00000 -0.44549 0.00000 0.00000 -1.00000 -0.00000
1635866275363636 -0.99576 0.09200 0.00000 10.97811 0.09200 0.99576 0.00000 -0.39957 0.00000 0.00000 -1.00000 -0.00000
1635866275613071 -0.99618 0.08729 0.00000 9.21316 0.08729 0.99618 0.00000 -0.29785 0.00000 0.00000 -1.00000 -0.00000
1635866275862042 -0.99655 0.08296 0.00000 7.51789 0.08296 0.99655 0.00000 -0.33915 0.00000 0.00000 -1.00000 -0.00000
1635866276111219 -0.99667 0.08157 0.00000 5.81317 0.08157 0.99667 0.00000 -0.36099 0.00000 0.00000 -1.00000 -0.00000
1635866276360214 -0.99698 0.07760 0.00000 4.06673 0.07760 0.99698 0.00000 -0.34933 0.00000 0.00000 -1.00000 -0.00000
1635866276609144 -0.99750 0.07072 0.00000 2.34778 0.07072 0.99750 0.00000 -0.29314 0.00000 0.00000 -1.00000 -0.00000
1635866276858313 -0.99783 0.06592 -0.00000 0.59393 0.06592 0.99783 0.00000 -0.32601 0.00000 0.00000 -1.00000 -0.00000
1635866277107018 -0.99833 0.05783 0.00000 -1.15578 0.05783 0.99833 0.00000 -0.40881 0.00000 0.00000 -1.00000 -0.00000
1635866277356374 -0.99878 0.04940 -0.00000 -2.94669 0.04940 0.99878 0.00000 -0.36082 0.00000 0.00000 -1.00000 -0.00000
1635866277605714 -0.99922 0.03941 0.00000 -4.79429 0.03941 0.99922 0.00000 -0.41998 0.00000 0.00000 -1.00000 -0.00000
1635866277854948 -0.99960 0.02817 -0.00000 -6.60655 0.02817 0.99960 0.00000 -0.49490 0.00000 0.00000 -1.00000 -0.00000
1635866278104234 -0.99971 0.02391 -0.00000 -8.47589 0.02391 0.99971 0.00000 -0.55403 0.00000 0.00000 -1.00000 -0.00000
1635866278353621 -0.99984 0.01812 0.00000 -10.37914 0.01812 0.99984 0.00000 -0.61538 0.00000 0.00000 -1.00000 -0.00000
1635866278603060 -0.99977 0.02126 -0.00000 -12.35765 0.02126 0.99977 0.00000 -0.51951 0.00000 0.00000 -1.00000 -0.00000
1635866278852226 -0.99983 0.01838 0.00000 -14.26463 0.01838 0.99983 0.00000 -0.65966 0.00000 0.00000 -1.00000 -0.00000
1635866279101509 -0.99985 0.01709 0.00000 -16.21725 0.01709 0.99985 0.00000 -0.63109 0.00000 0.00000 -1.00000 -0.00000
1635866279350929 -0.99983 0.01848 -0.00000 -18.23476 0.01848 0.99983 0.00000 -0.65431 0.00000 0.00000 -1.00000 -0.00000
1635866279600297 -0.99969 0.02486 0.00000 -20.28938 0.02486 0.99969 0.00000 -0.52693 0.00000 0.00000 -1.00000 -0.00000
1635866279849220 -0.99955 0.03008 0.00000 -22.36796 0.03008 0.99955 0.00000 -0.41235 0.00000 0.00000 -1.00000 -0.00000
1635866280098124 -0.99953 0.03081 0.00000 -24.40454 0.03081 0.99953 0.00000 -0.44969 0.00000 0.00000 -1.00000 -0.00000
1635866280347436 -0.99941 0.03427 0.00000 -26.51363 0.03427 0.99941 0.00000 -0.31929 0.00000 0.00000 -1.00000 -0.00000
1635866280596457 -0.99929 0.03760 -0.00000 -28.54317 0.03760 0.99929 0.00000 -0.21686 0.00000 0.00000 -1.00000 -0.00000
1635866280845463 -0.99938 0.03509 -0.00000 -30.62162 0.03509 0.99938 0.00000 -0.32965 0.00000 0.00000 -1.00000 -0.00000
1635866281094834 -0.99952 0.03097 0.00000 -32.63406 0.03097 0.99952 0.00000 -0.39374 0.00000 0.00000 -1.00000 -0.00000
1635866281343856 -0.99966 0.02600 0.00000 -34.69655 0.02600 0.99966 0.00000 -0.60550 0.00000 0.00000 -1.00000 -0.00000
1635866281593125 -0.99974 0.02264 0.00000 -36.70036 0.02264 0.99974 0.00000 -0.76369 0.00000 0.00000 -1.00000 -0.00000
1635866281842525 -0.99973 0.02344 -0.00000 -38.72119 0.02344 0.99973 0.00000 -0.70947 0.00000 0.00000 -1.00000 -0.00000
1635866282091963 -0.99957 0.02918 0.00000 -40.71286 0.02918 0.99957 0.00000 -0.54871 0.00000 0.00000 -1.00000 -0.00000
1635866282341131 -0.99943 0.03362 -0.00000 -42.64224 0.03362 0.99943 0.00000 -0.35031 0.00000 0.00000 -1.00000 -0.00000
1635866282590178 -0.99919 0.04036 0.00000 -44.57621 0.04036 0.99919 0.00000 -0.10548 0.00000 0.00000 -1.00000 -0.00000
1635866282838886 -0.99880 0.04898 -0.00000 -46.42190 0.04898 0.99880 0.00000 0.22797 0.00000 0.00000 -1.00000 0.00000
1635866283088080 -0.99853 0.05415 0.00000 -48.37665 0.05415 0.99853 0.00000 0.43778 0.00000 0.00000 -1.00000 0.00000
1635866283337282 -0.99831 0.05817 -0.00000 -50.18709 0.05817 0.99831 0.00000 0.69585 0.00000 0.00000 -1.00000 0.00000
1635866283586481 -0.99828 0.05862 0.00000 -51.96548 0.05862 0.99828 0.00000 0.71811 0.00000 0.00000 -1.00000 0.00000
1635866283835947 -0.99830 0.05826 -0.00000 -53.73189 0.05826 0.99830 0.00000 0.66021 0.00000 0.00000 -1.00000 0.00000
1635866284085119 -0.99823 0.05948 0.00000 -55.50243 0.05948 0.99823 0.00000 0.76960 0.00000 0.00000 -1.00000 0.00000
1635866284334362 -0.99809 0.06179 -0.00000 -57.20239 0.06179 0.99809 0.00000 0.85576 0.00000 0.00000 -1.00000 0.00000
1635866284583468 -0.99766 0.06833 0.00000 -58.85613 0.06833 0.99766 0.00000 1.22719 0.00000 0.00000 -1.00000 0.00000
1635866284832647 -0.99735 0.07276 -0.00000 -60.51933 0.07276 0.99735 0.00000 1.52177 0.00000 0.00000 -1.00000 0.00000
1635866285082113 -0.99643 0.08445 0.00000 -62.06838 0.08445 0.99643 0.00000 2.19976 0.00000 0.00000 -1.00000 0.00000
1635866285331278 -0.99528 0.09700 -0.00000 -63.57318 0.09700 0.99528 0.00000 2.93690 0.00000 0.00000 -1.00000 0.00000
1635866285580578 -0.99385 0.11072 0.00000 -65.06583 0.11072 0.99385 0.00000 3.75959 0.00000 0.00000 -1.00000 0.00000
1635866285829910 -0.99206 0.12576 0.00000 -66.42249 0.12576 0.99206 0.00000 4.77756 0.00000 0.00000 -1.00000 0.00000
1635866286079034 -0.98965 0.14348 0.00000 -67.71938 0.14348 0.98965 0.00000 6.00309 0.00000 0.00000 -1.00000 0.00000
1635866286328358 -0.98766 0.15662 -0.00000 -68.93633 0.15662 0.98766 0.00000 6.90571 0.00000 0.00000 -1.00000 0.00000
1635866286577537 -0.98487 0.17327 -0.00000 -70.00104 0.17327 0.98487 0.00000 8.02273 0.00000 0.00000 -1.00000 0.00000
1635866286826586 -0.98112 0.19339 0.00000 -71.03524 0.19339 0.98112 0.00000 9.43705 0.00000 0.00000 -1.00000 0.00000
1635866287075876 -0.97718 0.21242 0.00000 -71.94290 0.21242 0.97718 0.00000 10.83646 0.00000 0.00000 -1.00000 0.00000
1635866287325390 -0.96873 0.24812 0.00000 -72.65207 0.24812 0.96873 0.00000 13.38131 0.00000 0.00000 -1.00000 0.00000
1635866287574592 -0.95681 0.29072 0.00000 -73.12403 0.29072 0.95681 0.00000 16.63815 0.00000 0.00000 -1.00000 0.00000
1635866287823936 -0.94026 0.34045 0.00000 -73.31722 0.34045 0.94026 0.00000 20.49610 0.00000 0.00000 -1.00000 0.00000
1635866288073002 -0.91907 0.39410 0.00000 -73.11200 0.39410 0.91907 0.00000 24.59956 0.00000 0.00000 -1.00000 0.00000
1635866288322232 -0.89186 0.45230 0.00000 -72.61773 0.45230 0.89186 0.00000 29.25619 0.00000 0.00000 -1.00000 0.00000
1635866288571434 -0.86028 0.50982 0.00000 -71.69031 0.50982 0.86028 0.00000 33.99081 0.00000 0.00000 -1.00000 0.00000
1635866288820807 -0.82194 0.56958 0.00000 -70.32127 0.56958 0.82194 0.00000 38.87850 0.00000 0.00000 -1.00000 0.00000
1635866289070450 -0.77939 0.62654 0.00000 -68.50127 0.62654 0.77939 0.00000 43.82272 0.00000 0.00000 -1.00000 0.00000
1635866289319237 -0.73125 0.68211 0.00000 -66.19402 0.68211 0.73125 0.00000 48.74344 0.00000 0.00000 -1.00000 0.00000
1635866289568592 -0.67829 0.73479 0.00000 -63.46658 0.73479 0.67829 0.00000 53.41111 0.00000 0.00000 -1.00000 0.00000
1635866289817554 -0.61436 0.78903 0.00000 -59.98391 0.78903 0.61436 0.00000 58.50089 0.00000 0.00000 -1.00000 0.00000
1635866290066776 -0.55352 0.83283 -0.00000 -56.64955 0.83283 0.55352 0.00000 62.74664 0.00000 0.00000 -1.00000 0.00000
1635866290316066 -0.48714 0.87332 0.00000 -52.84837 0.87332 0.48714 0.00000 66.97957 0.00000 0.00000 -1.00000 0.00000
1635866290565169 -0.41802 0.90844 0.00000 -48.73140 0.90844 0.41802 0.00000 70.85003 0.00000 0.00000 -1.00000 0.00000
1635866290814483 -0.35050 0.93656 0.00000 -44.80549 0.93656 0.35050 0.00000 74.19189 0.00000 0.00000 -1.00000 0.00000
1635866291063483 -0.29121 0.95666 0.00000 -41.43685 0.95666 0.29121 0.00000 76.85760 0.00000 0.00000 -1.00000 0.00000
1635866291312963 -0.23041 0.97309 0.00000 -37.86903 0.97309 0.23041 0.00000 79.29103 0.00000 0.00000 -1.00000 0.00000
1635866291562287 -0.16849 0.98570 0.00000 -34.30441 0.98570 0.16849 0.00000 81.62637 0.00000 0.00000 -1.00000 0.00000
1635866291811423 -0.11814 0.99300 -0.00000 -31.56625 0.99300 0.11814 0.00000 83.20900 0.00000 0.00000 -1.00000 0.00000
1635866292060014 -0.08699 0.99621 -0.00000 -30.49380 0.99621 0.08699 0.00000 84.16341 0.00000 0.00000 -1.00000 0.00000
1635866292309477 -0.06727 0.99773 -0.00000 -30.34654 0.99773 0.06727 0.00000 84.77105 0.00000 0.00000 -1.00000 0.00000
1635866292558468 -0.04830 0.99883 0.00000 -30.32688 0.99883 0.04830 0.00000 85.30542 0.00000 0.00000 -1.00000 0.00000
1635866292807816 -0.03062 0.99953 0.00000 -30.40887 0.99953 0.03062 0.00000 85.69366 0.00000 0.00000 -1.00000 0.00000
1635866293057132 -0.01894 0.99982 -0.00000 -30.98889 0.99982 0.01894 0.00000 86.11938 0.00000 0.00000 -1.00000 0.00000
1635866293306380 -0.00343 0.99999 0.00000 -31.29310 0.99999 0.00343 0.00000 86.56105 0.00000 0.00000 -1.00000 0.00000
1635866293555258 0.00168 1.00000 0.00000 -32.44813 1.00000 -0.00168 0.00000 86.68259 0.00000 -0.00000 -1.00000 0.00000
1635866293804326 -0.00148 1.00000 0.00000 -34.44537 1.00000 0.00148 0.00000 86.68999 0.00000 0.00000 -1.00000 0.00000
1635866294053778 -0.00637 0.99998 0.00000 -36.44887 0.99998 0.00637 0.00000 86.43218 0.00000 0.00000 -1.00000 0.00000
1635866294303083 -0.00524 0.99999 0.00000 -38.07999 0.99999 0.00524 0.00000 86.45964 0.00000 0.00000 -1.00000 0.00000
1635866294552606 -0.00811 0.99997 0.00000 -40.12256 0.99997 0.00811 0.00000 86.27980 0.00000 0.00000 -1.00000 0.00000
1635866294801637 -0.01058 0.99994 0.00000 -42.04490 0.99994 0.01058 0.00000 86.20164 0.00000 0.00000 -1.00000 0.00000
1635866295050573 -0.01194 0.99993 0.00000 -44.04668 0.99993 0.01194 0.00000 86.13423 0.00000 0.00000 -1.00000 0.00000
1635866295299796 -0.01391 0.99990 0.00000 -46.01933 0.99990 0.01391 0.00000 85.99331 0.00000 0.00000 -1.00000 0.00000
1635866295548666 -0.01153 0.99993 -0.00000 -47.67565 0.99993 0.01153 0.00000 86.16938 0.00000 0.00000 -1.00000 0.00000
1635866295798052 -0.01160 0.99993 0.00000 -49.49206 0.99993 0.01160 0.00000 86.15971 0.00000 0.00000 -1.00000 0.00000
1635866296047502 -0.01254 0.99992 0.00000 -51.36460 0.99992 0.01254 0.00000 86.09228 0.00000 0.00000 -1.00000 0.00000
1635866296296662 -0.00917 0.99996 -0.00000 -52.86495 0.99996 0.00917 0.00000 86.22269 0.00000 0.00000 -1.00000 0.00000
1635866296545870 -0.00753 0.99997 0.00000 -54.49124 0.99997 0.00753 0.00000 86.26883 0.00000 0.00000 -1.00000 0.00000
1635866296795044 -0.01040 0.99995 0.00000 -56.49270 0.99995 0.01040 0.00000 86.09712 0.00000 0.00000 -1.00000 0.00000
1635866297044193 -0.00805 0.99997 -0.00000 -58.07200 0.99997 0.00805 0.00000 86.20588 0.00000 0.00000 -1.00000 0.00000
