1561000452974693 0.99975 -0.02258 0.00000 -6.33340 0.02258 0.99975 -0.00000 -0.02367 -0.00000 0.00000 1.00000 0.00000
1561000453225385 0.99962 -0.02740 0.00000 -7.22081 0.02740 0.99962 -0.00000 -0.01369 -0.00000 0.00000 1.00000 0.00000
1561000453476360 0.99947 -0.03256 0.00000 -8.20399 0.03256 0.99947 -0.00000 -0.06504 -0.00000 0.00000 1.00000 0.00000
1561000453727328 0.99931 -0.03705 0.00000 -9.21386 0.03705 0.99931 -0.00000 -0.07150 -0.00000 0.00000 1.00000 0.00000
1561000453978190 0.99912 -0.04190 0.00000 -10.25977 0.04190 0.99912 -0.00000 -0.12486 -0.00000 0.00000 1.00000 0.00000
1561000454228891 0.99896 -0.04557 0.00000 -11.37003 0.04557 0.99896 -0.00000 -0.14704 -0.00000 0.00000 1.00000 0.00000
1561000454479651 0.99884 -0.04814 0.00000 -12.52053 0.04814 0.99884 -0.00000 -0.20423 -0.00000 0.00000 1.00000 0.00000
1561000454730705 0.99878 -0.04941 0.00000 -13.70219 0.04941 0.99878 -0.00000 -0.18312 -0.00000 0.00000 1.00000 0.00000
1561000454982122 0.99881 -0.04871 0.00000 -14.98512 0.04871 0.99881 -0.00000 -0.18422 -0.00000 0.00000 1.00000 0.00000
1561000455232943 0.99891 -0.04659 0.00000 -16.28247 0.04659 0.99891 -0.00000 -0.14646 -0.00000 0.00000 1.00000 0.00000
1561000455484980 0.99892 -0.04656 0.00000 -17.63495 0.04656 0.99892 -0.00000 -0.14310 -0.00000 0.00000 1.00000 0.00000
1561000455733801 0.99902 -0.04434 0.00000 -19.04170 0.04434 0.99902 -0.00000 -0.11506 -0.00000 0.00000 1.00000 0.00000
1561000455985716 0.99904 -0.04384 0.00000 -20.46287 0.04384 0.99904 -0.00000 -0.12043 -0.00000 0.00000 1.00000 0.00000
1561000456235346 0.99911 -0.04225 0.00000 -21.93213 0.04225 0.99911 -0.00000 -0.08480 -0.00000 0.00000 1.00000 0.00000
1561000456483580 0.99905 -0.04364 0.00000 -23.41202 0.04364 0.99905 -0.00000 -0.10904 -0.00000 0.00000 1.00000 0.00000
1561000456733214 0.99899 -0.04501 0.00000 -25.02587 0.04501 0.99899 -0.00000 -0.12937 -0.00000 0.00000 1.00000 0.00000
1561000456983059 0.99925 -0.03864 0.00000 -26.70039 0.03864 0.99925 -0.00000 -0.02869 -0.00000 0.00000 1.00000 0.00000
1561000457232398 0.99938 -0.03515 0.00000 -28.42462 0.03515 0.99938 -0.00000 0.09152 -0.00000 0.00000 1.00000 0.00000
1561000457481918 0.99940 -0.03477 0.00000 -30.07920 0.03477 0.99940 -0.00000 0.12698 -0.00000 0.00000 1.00000 0.00000
1561000457731848 0.99947 -0.03259 0.00000 -31.92855 0.03259 0.99947 -0.00000 0.17150 -0.00000 0.00000 1.00000 0.00000
1561000457981349 0.99951 -0.03123 0.00000 -33.81619 0.03123 0.99951 -0.00000 0.16625 -0.00000 0.00000 1.00000 0.00000
1561000458230556 0.99954 -0.03049 0.00000 -35.73827 0.03049 0.99954 -0.00000 0.22170 -0.00000 0.00000 1.00000 0.00000
1561000458480313 0.99949 -0.03208 0.00000 -37.72044 0.03208 0.99949 -0.00000 0.18550 -0.00000 0.00000 1.00000 0.00000
1561000458730184 0.99953 -0.03056 0.00000 -39.72661 0.03056 0.99953 -0.00000 0.27681 -0.00000 0.00000 1.00000 0.00000
1561000458979946 0.99966 -0.02614 0.00000 -41.83819 0.02614 0.99966 -0.00000 0.40051 -0.00000 0.00000 1.00000 0.00000
1561000459230310 0.99975 -0.02243 0.00000 -43.97610 0.02243 0.99975 -0.00000 0.53891 -0.00000 0.00000 1.00000 0.00000
1561000459478978 0.99983 -0.01827 0.00000 -46.16763 0.01827 0.99983 -0.00000 0.71967 -0.00000 0.00000 1.00000 0.00000
1561000459728263 0.99988 -0.01537 0.00000 -48.38757 0.01537 0.99988 -0.00000 0.84436 -0.00000 0.00000 1.00000 0.00000
1561000459976957 0.99995 -0.01034 0.00000 -50.58339 0.01034 0.99995 -0.00000 1.09816 -0.00000 0.00000 1.00000 0.00000
1561000460228619 0.99997 -0.00718 0.00000 -52.80687 0.00718 0.99997 -0.00000 1.22977 -0.00000 0.00000 1.00000 0.00000
1561000460479057 1.00000 -0.00291 0.00000 -54.98780 0.00291 1.00000 -0.00000 1.42344 -0.00000 0.00000 1.00000 0.00000
1561000460725813 1.00000 0.00242 -0.00000 -57.13402 -0.00242 1.00000 0.00000 1.71606 0.00000 -0.00000 1.00000 -0.00000
1561000460974620 0.99997 0.00830 -0.00000 -59.27808 -0.00830 0.99997 0.00000 2.03627 0.00000 -0.00000 1.00000 -0.00000
1561000461223439 0.99993 0.01166 -0.00000 -61.40508 -0.01166 0.99993 0.00000 2.26026 0.00000 -0.00000 1.00000 -0.00000
1561000461472649 0.99989 0.01465 -0.00000 -63.53567 -0.01465 0.99989 0.00000 2.43765 0.00000 -0.00000 1.00000 -0.00000
1561000461722049 0.99986 0.01689 -0.00000 -65.66793 -0.01689 0.99986 0.00000 2.55944 0.00000 -0.00000 1.00000 -0.00000
1561000461972031 0.99981 0.01927 -0.00000 -67.76323 -0.01927 0.99981 0.00000 2.73037 0.00000 -0.00000 1.00000 -0.00000
1561000462221366 0.99976 0.02178 -0.00000 -69.87098 -0.02178 0.99976 0.00000 2.88554 0.00000 -0.00000 1.00000 -0.00000
1561000462470059 0.99972 0.02347 -0.00000 -71.92247 -0.02347 0.99972 0.00000 2.99672 0.00000 -0.00000 1.00000 -0.00000
1561000462719578 0.99962 0.02757 -0.00000 -73.94924 -0.02757 0.99962 0.00000 3.33236 0.00000 -0.00000 1.00000 -0.00000
1561000462968357 0.99960 0.02827 -0.00000 -76.03281 -0.02827 0.99960 0.00000 3.32321 0.00000 -0.00000 1.00000 -0.00000
1561000463216710 0.99931 0.03717 -0.00000 -78.06892 -0.03717 0.99931 0.00000 4.23668 0.00000 -0.00000 1.00000 -0.00000
1561000463465334 0.99913 0.04178 -0.00000 -80.17096 -0.04178 0.99913 0.00000 4.46613 0.00000 -0.00000 1.00000 -0.00000
1561000463713591 0.99912 0.04195 -0.00000 -82.16822 -0.04195 0.99912 0.00000 4.41224 0.00000 -0.00000 1.00000 -0.00000
1561000463960454 0.99884 0.04820 -0.00000 -84.24709 -0.04820 0.99884 0.00000 4.98331 0.00000 -0.00000 1.00000 -0.00000
1561000464208915 0.99859 0.05305 -0.00000 -86.33963 -0.05305 0.99859 0.00000 5.38155 0.00000 -0.00000 1.00000 -0.00000
1561000464457911 0.99844 0.05590 -0.00000 -88.48750 -0.05590 0.99844 0.00000 5.63011 0.00000 -0.00000 1.00000 -0.00000
1561000464706861 0.99829 0.05853 -0.00000 -90.60838 -0.05853 0.99829 0.00000 5.85031 0.00000 -0.00000 1.00000 -0.00000
1561000464955386 0.99821 0.05976 -0.00000 -92.76281 -0.05976 0.99821 0.00000 5.97385 0.00000 -0.00000 1.00000 -0.00000
1561000465204330 0.99811 0.06140 -0.00000 -94.95591 -0.06140 0.99811 0.00000 6.12959 0.00000 -0.00000 1.00000 -0.00000
1561000465452887 0.99806 0.06232 -0.00000 -97.13331 -0.06232 0.99806 0.00000 6.19979 0.00000 -0.00000 1.00000 -0.00000
1561000465702264 0.99768 0.06806 -0.00000 -99.29185 -0.06806 0.99768 0.00000 6.72133 0.00000 -0.00000 1.00000 0.00000
1561000465950620 0.99755 0.07000 -0.00000 -101.52599 -0.07000 0.99755 0.00000 6.89580 0.00000 -0.00000 1.00000 0.00000
1561000466198884 0.99727 0.07378 -0.00000 -103.72862 -0.07378 0.99727 0.00000 7.28570 0.00000 -0.00000 1.00000 0.00000
1561000466449565 0.99715 0.07546 -0.00000 -105.98076 -0.07546 0.99715 0.00000 7.43730 0.00000 -0.00000 1.00000 0.00000
1561000466701233 0.99702 0.07713 -0.00000 -108.23673 -0.07713 0.99702 0.00000 7.65043 0.00000 -0.00000 1.00000 0.00000
1561000466946421 0.99695 0.07809 -0.00000 -110.53303 -0.07809 0.99695 0.00000 7.69991 0.00000 -0.00000 1.00000 0.00000
1561000467195307 0.99722 0.07450 -0.00000 -112.85741 -0.07450 0.99722 0.00000 7.30690 0.00000 -0.00000 1.00000 0.00000
1561000467442628 0.99733 0.07306 -0.00000 -115.15868 -0.07306 0.99733 0.00000 7.14820 0.00000 -0.00000 1.00000 0.00000
1561000467692524 0.99746 0.07123 -0.00000 -117.50519 -0.07123 0.99746 0.00000 6.95061 0.00000 -0.00000 1.00000 0.00000
1561000467939932 0.99756 0.06980 -0.00000 -119.83286 -0.06980 0.99756 0.00000 6.78400 0.00000 -0.00000 1.00000 0.00000
1561000468188233 0.99768 0.06809 -0.00000 -122.11486 -0.06809 0.99768 0.00000 6.56983 0.00000 -0.00000 1.00000 0.00000
1561000468437391 0.99772 0.06745 -0.00000 -124.36419 -0.06745 0.99772 0.00000 6.43277 0.00000 -0.00000 1.00000 0.00000
1561000468685721 0.99775 0.06697 -0.00000 -126.59682 -0.06697 0.99775 0.00000 6.36854 0.00000 -0.00000 1.00000 0.00000
1561000468935357 0.99772 0.06753 -0.00000 -128.78302 -0.06753 0.99772 0.00000 6.43979 0.00000 -0.00000 1.00000 0.00000
1561000469184222 0.99773 0.06728 -0.00000 -130.93808 -0.06728 0.99773 0.00000 6.40778 0.00000 -0.00000 1.00000 0.00000
1561000469433306 0.99782 0.06603 -0.00000 -133.03414 -0.06603 0.99782 0.00000 6.25647 0.00000 -0.00000 1.00000 0.00000
1561000469681796 0.99776 0.06682 -0.00000 -135.24637 -0.06682 0.99776 0.00000 6.34411 0.00000 -0.00000 1.00000 0.00000
1561000469927877 0.99747 0.07107 -0.00000 -137.41260 -0.07107 0.99747 0.00000 6.87873 0.00000 -0.00000 1.00000 0.00000
1561000470178079 0.99731 0.07331 -0.00000 -139.53372 -0.07331 0.99731 0.00000 7.20505 0.00000 -0.00000 1.00000 0.00000
1561000470426619 0.99708 0.07631 -0.00000 -141.73533 -0.07631 0.99708 0.00000 7.64547 0.00000 -0.00000 1.00000 0.00000
1561000470675629 0.99676 0.08043 -0.00000 -143.92009 -0.08043 0.99676 0.00000 8.20495 0.00000 -0.00000 1.00000 0.00000
1561000470925518 0.99660 0.08245 -0.00000 -146.12821 -0.08245 0.99660 0.00000 8.49840 0.00000 -0.00000 1.00000 0.00000
1561000471173754 0.99626 0.08643 -0.00000 -148.33762 -0.08643 0.99626 0.00000 9.05277 0.00000 -0.00000 1.00000 0.00000
1561000471421537 0.99591 0.09032 -0.00000 -150.55993 -0.09032 0.99591 0.00000 9.64097 0.00000 -0.00000 1.00000 0.00000
1561000471670336 0.99551 0.09464 -0.00000 -152.77991 -0.09464 0.99551 0.00000 10.27487 0.00000 -0.00000 1.00000 0.00000
1561000471918821 0.99509 0.09898 -0.00000 -155.03177 -0.09898 0.99509 0.00000 10.94598 0.00000 -0.00000 1.00000 0.00000
1561000472167107 0.99461 0.10373 -0.00000 -157.25946 -0.10373 0.99461 0.00000 11.71039 0.00000 -0.00000 1.00000 0.00000
1561000472416228 0.99429 0.10674 -0.00000 -159.50425 -0.10674 0.99429 0.00000 12.18653 0.00000 -0.00000 1.00000 0.00000
1561000472666413 0.99400 0.10939 -0.00000 -161.77634 -0.10939 0.99400 0.00000 12.59698 0.00000 -0.00000 1.00000 0.00000
1561000472913322 0.99376 0.11158 -0.00000 -164.06966 -0.11158 0.99376 0.00000 12.96460 0.00000 -0.00000 1.00000 0.00000
1561000473162044 0.99324 0.11609 -0.00000 -166.32697 -0.11609 0.99324 0.00000 13.70411 0.00000 -0.00000 1.00000 0.00000
1561000473410540 0.99262 0.12126 -0.00000 -168.59824 -0.12126 0.99262 0.00000 14.54539 0.00000 -0.00000 1.00000 0.00000
1561000473659389 0.99203 0.12597 -0.00000 -170.85632 -0.12597 0.99203 0.00000 15.35065 0.00000 -0.00000 1.00000 0.00000
1561000473908074 0.99152 0.12995 -0.00000 -173.17113 -0.12995 0.99152 0.00000 16.03648 0.00000 -0.00000 1.00000 0.00000
1561000474156096 0.99067 0.13627 -0.00000 -175.42185 -0.13627 0.99067 0.00000 17.09361 0.00000 -0.00000 1.00000 0.00000
1561000474404915 0.99036 0.13853 -0.00000 -177.72653 -0.13853 0.99036 0.00000 17.54951 0.00000 -0.00000 1.00000 0.00000
1561000474653473 0.98989 0.14183 -0.00000 -180.10494 -0.14183 0.98989 0.00000 18.11341 0.00000 -0.00000 1.00000 0.00000
1561000474902028 0.98942 0.14508 -0.00000 -182.42852 -0.14508 0.98942 0.00000 18.69676 0.00000 -0.00000 1.00000 0.00000
1561000475152686 0.98885 0.14888 -0.00000 -184.78276 -0.14888 0.98885 0.00000 19.43164 0.00000 -0.00000 1.00000 0.00000
1561000475401664 0.98824 0.15288 -0.00000 -187.11648 -0.15288 0.98824 0.00000 20.15789 0.00000 -0.00000 1.00000 0.00000
1561000475650569 0.98758 0.15709 -0.00000 -189.41474 -0.15709 0.98758 0.00000 20.94244 0.00000 -0.00000 1.00000 0.00000
1561000475898137 0.98665 0.16287 -0.00000 -191.73509 -0.16287 0.98665 0.00000 22.05103 0.00000 -0.00000 1.00000 0.00000
1561000476146222 0.98567 0.16868 -0.00000 -193.95156 -0.16868 0.98567 0.00000 23.18170 0.00000 -0.00000 1.00000 0.00000
1561000476395683 0.98492 0.17300 -0.00000 -196.17794 -0.17300 0.98492 0.00000 24.00763 0.00000 -0.00000 1.00000 0.00000
1561000476643462 0.98391 0.17869 -0.00000 -198.34116 -0.17869 0.98391 0.00000 25.13591 0.00000 -0.00000 1.00000 0.00000
1561000476892166 0.98293 0.18396 -0.00000 -200.47950 -0.18396 0.98293 0.00000 26.22463 0.00000 -0.00000 1.00000 0.00000
1561000477139985 0.98210 0.18834 -0.00000 -202.60536 -0.18834 0.98210 0.00000 27.07863 0.00000 -0.00000 1.00000 0.00000
1561000477388986 0.98173 0.19027 -0.00000 -204.71677 -0.19027 0.98173 0.00000 27.42878 0.00000 -0.00000 1.00000 0.00000
1561000477638141 0.98027 0.19767 -0.00000 -206.81000 -0.19767 0.98027 0.00000 29.02174 0.00000 -0.00000 1.00000 0.00000
1561000477885064 0.97911 0.20333 -0.00000 -208.93533 -0.20333 0.97911 0.00000 30.25693 0.00000 -0.00000 1.00000 0.00000
1561000478134686 0.97838 0.20680 -0.00000 -210.96750 -0.20680 0.97838 0.00000 30.89556 0.00000 -0.00000 1.00000 0.00000
1561000478383453 0.97763 0.21035 -0.00000 -213.19046 -0.21035 0.97763 0.00000 31.70396 0.00000 -0.00000 1.00000 0.00000
1561000478631209 0.97686 0.21387 -0.00000 -215.33436 -0.21387 0.97686 0.00000 32.46471 0.00000 -0.00000 1.00000 0.00000
1561000478880766 0.97609 0.21736 -0.00000 -217.51613 -0.21736 0.97609 0.00000 33.20434 0.00000 -0.00000 1.00000 0.00000
1561000479129084 0.97608 0.21741 -0.00000 -219.82832 -0.21741 0.97608 0.00000 33.24418 0.00000 -0.00000 1.00000 0.00000
1561000479378844 0.97532 0.22082 -0.00000 -222.03899 -0.22082 0.97532 0.00000 34.05635 0.00000 -0.00000 1.00000 0.00000
1561000479627125 0.97468 0.22362 -0.00000 -224.27252 -0.22362 0.97468 0.00000 34.66539 0.00000 -0.00000 1.00000 0.00000
1561000479876716 0.97405 0.22635 -0.00000 -226.48546 -0.22635 0.97405 0.00000 35.26289 0.00000 -0.00000 1.00000 0.00000
1561000480125473 0.97330 0.22955 -0.00000 -228.70172 -0.22955 0.97330 0.00000 35.95942 0.00000 -0.00000 1.00000 0.00000
1561000480374775 0.97245 0.23313 -0.00000 -230.93757 -0.23313 0.97245 0.00000 36.83925 0.00000 -0.00000 1.00000 0.00000
1561000480623560 0.97125 0.23808 -0.00000 -233.07686 -0.23808 0.97125 0.00000 37.97204 0.00000 -0.00000 1.00000 0.00000
1561000480870641 0.97009 0.24276 -0.00000 -235.24504 -0.24276 0.97009 0.00000 39.18970 0.00000 -0.00000 1.00000 0.00000
1561000481120367 0.96818 0.25024 -0.00000 -237.39137 -0.25024 0.96818 0.00000 40.98278 0.00000 -0.00000 1.00000 0.00000
1561000481366978 0.96778 0.25180 -0.00000 -239.58755 -0.25180 0.96778 0.00000 41.36600 0.00000 -0.00000 1.00000 0.00000
1561000481616133 0.96605 0.25836 -0.00000 -241.79346 -0.25836 0.96605 0.00000 42.98884 0.00000 -0.00000 1.00000 0.00000
1561000481866421 0.96422 0.26510 -0.00000 -243.92272 -0.26510 0.96422 0.00000 44.69733 0.00000 -0.00000 1.00000 0.00000
1561000482112963 0.96320 0.26878 -0.00000 -246.17781 -0.26878 0.96320 0.00000 45.63399 0.00000 -0.00000 1.00000 0.00000
1561000482362365 0.96193 0.27329 -0.00000 -248.41616 -0.27329 0.96193 0.00000 46.80072 0.00000 -0.00000 1.00000 0.00000
1561000482611024 0.96043 0.27854 -0.00000 -250.61558 -0.27854 0.96043 0.00000 48.16123 0.00000 -0.00000 1.00000 0.00000
1561000482859436 0.95925 0.28255 -0.00000 -252.86453 -0.28255 0.95925 0.00000 49.22551 0.00000 -0.00000 1.00000 0.00000
1561000483108000 0.95819 0.28612 -0.00000 -255.14536 -0.28612 0.95819 0.00000 50.11370 0.00000 -0.00000 1.00000 0.00000
1561000483358185 0.95786 0.28722 -0.00000 -257.59289 -0.28722 0.95786 0.00000 50.43489 0.00000 -0.00000 1.00000 0.00000
1561000483607228 0.95691 0.29039 -0.00000 -259.92119 -0.29039 0.95691 0.00000 51.27023 0.00000 -0.00000 1.00000 0.00000
1561000483855459 0.95610 0.29305 -0.00000 -262.20867 -0.29305 0.95610 0.00000 51.99420 0.00000 -0.00000 1.00000 0.00000
1561000484105565 0.95553 0.29490 -0.00000 -264.55811 -0.29490 0.95553 0.00000 52.49809 0.00000 -0.00000 1.00000 0.00000
1561000484355879 0.95481 0.29721 -0.00000 -266.84101 -0.29721 0.95481 0.00000 53.10160 0.00000 -0.00000 1.00000 0.00000
1561000484607632 0.95401 0.29978 -0.00000 -269.10413 -0.29978 0.95401 0.00000 53.81788 0.00000 -0.00000 1.00000 0.00000
1561000484855670 0.95311 0.30264 -0.00000 -271.31622 -0.30264 0.95311 0.00000 54.65035 0.00000 -0.00000 1.00000 0.00000
1561000485107056 0.95297 0.30307 -0.00000 -273.69825 -0.30307 0.95297 0.00000 54.73035 0.00000 -0.00000 1.00000 0.00000
1561000485357265 0.95182 0.30666 -0.00000 -275.78205 -0.30666 0.95182 0.00000 55.80061 0.00000 -0.00000 1.00000 0.00000
1561000485606059 0.95127 0.30836 -0.00000 -277.98650 -0.30836 0.95127 0.00000 56.23496 0.00000 -0.00000 1.00000 0.00000
1561000485855914 0.95040 0.31103 -0.00000 -280.05824 -0.31103 0.95040 0.00000 57.01826 0.00000 -0.00000 1.00000 0.00000
1561000486105793 0.94931 0.31434 -0.00000 -282.09866 -0.31434 0.94931 0.00000 57.99145 0.00000 -0.00000 1.00000 0.00000
1561000486356023 0.94815 0.31782 -0.00000 -283.98627 -0.31782 0.94815 0.00000 59.06530 0.00000 -0.00000 1.00000 0.00000
1561000486605821 0.94700 0.32125 -0.00000 -285.83635 -0.32125 0.94700 0.00000 60.03155 0.00000 -0.00000 1.00000 0.00000
1561000486855034 0.94598 0.32422 -0.00000 -287.64503 -0.32422 0.94598 0.00000 60.89307 0.00000 -0.00000 1.00000 0.00000
1561000487104650 0.94425 0.32923 -0.00000 -289.23555 -0.32923 0.94425 0.00000 62.51339 0.00000 -0.00000 1.00000 0.00000
1561000487355764 0.94222 0.33500 -0.00000 -290.82837 -0.33500 0.94222 0.00000 64.21536 0.00000 -0.00000 1.00000 0.00000
1561000487604426 0.93952 0.34249 -0.00000 -292.23756 -0.34249 0.93952 0.00000 66.47595 0.00000 -0.00000 1.00000 0.00000
1561000487853333 0.93752 0.34794 -0.00000 -293.68809 -0.34794 0.93752 0.00000 68.25864 0.00000 -0.00000 1.00000 0.00000
1561000488102970 0.93610 0.35173 -0.00000 -295.22435 -0.35173 0.93610 0.00000 69.37195 0.00000 -0.00000 1.00000 0.00000
1561000488353303 0.93398 0.35734 -0.00000 -296.64360 -0.35734 0.93398 0.00000 71.16370 0.00000 -0.00000 1.00000 0.00000
1561000488601939 0.93211 0.36219 -0.00000 -298.08168 -0.36219 0.93211 0.00000 72.66644 0.00000 -0.00000 1.00000 0.00000
1561000488851590 0.93209 0.36223 -0.00000 -299.82612 -0.36223 0.93209 0.00000 72.68296 0.00000 -0.00000 1.00000 0.00000
1561000489100383 0.93100 0.36503 -0.00000 -301.33606 -0.36503 0.93100 0.00000 73.52770 0.00000 -0.00000 1.00000 0.00000
1561000489349993 0.93115 0.36463 -0.00000 -303.07583 -0.36463 0.93115 0.00000 73.43967 0.00000 -0.00000 1.00000 0.00000
1561000489598667 0.93428 0.35655 -0.00000 -305.27224 -0.35655 0.93428 0.00000 70.77063 0.00000 -0.00000 1.00000 0.00000
1561000489848267 0.93977 0.34180 -0.00000 -307.87969 -0.34180 0.93977 0.00000 65.99791 0.00000 -0.00000 1.00000 0.00000
1561000490097367 0.94671 0.32208 -0.00000 -310.64593 -0.32208 0.94671 0.00000 59.59572 0.00000 -0.00000 1.00000 0.00000
1561000490346899 0.95864 0.28461 -0.00000 -314.15860 -0.28461 0.95864 0.00000 47.27881 0.00000 -0.00000 1.00000 0.00000
1561000490595732 0.97325 0.22974 -0.00000 -317.58884 -0.22974 0.97325 0.00000 29.53466 0.00000 -0.00000 1.00000 0.00000
1561000490847327 0.98698 0.16082 -0.00000 -320.11694 -0.16082 0.98698 0.00000 7.16131 0.00000 -0.00000 1.00000 0.00000
1561000491095033 0.99654 0.08311 -0.00000 -320.83598 -0.08311 0.99654 0.00000 -17.74025 0.00000 -0.00000 1.00000 0.00000
1561000491346093 0.99997 -0.00801 0.00000 -318.93821 0.00801 0.99997 -0.00000 -46.84286 -0.00000 0.00000 1.00000 0.00000
1561000491595361 0.99410 -0.10843 0.00000 -313.71512 0.10843 0.99410 -0.00000 -78.51793 -0.00000 0.00000 1.00000 0.00000
1561000491844124 0.97516 -0.22152 0.00000 -303.77170 0.22152 0.97516 -0.00000 -113.84094 -0.00000 0.00000 1.00000 0.00000
1561000492092937 0.93972 -0.34193 0.00000 -288.13466 0.34193 0.93972 -0.00000 -150.85037 -0.00000 0.00000 1.00000 0.00000
1561000492343725 0.88475 -0.46606 0.00000 -266.12269 0.46606 0.88475 -0.00000 -188.34537 -0.00000 0.00000 1.00000 0.00000
1561000492591695 0.80858 -0.58839 0.00000 -237.30559 0.58839 0.80858 -0.00000 -224.52487 -0.00000 0.00000 1.00000 0.00000
1561000492841061 0.71483 -0.69930 0.00000 -203.37041 0.69930 0.71483 -0.00000 -256.35407 -0.00000 0.00000 1.00000 0.00000
1561000493090115 0.60181 -0.79864 0.00000 -163.68242 0.79864 0.60181 -0.00000 -283.79499 -0.00000 0.00000 1.00000 0.00000
1561000493339874 0.48096 -0.87674 0.00000 -122.34369 0.87674 0.48096 -0.00000 -304.16827 -0.00000 0.00000 1.00000 0.00000
1561000493588818 0.35825 -0.93363 0.00000 -81.36148 0.93363 0.35825 -0.00000 -317.80717 -0.00000 0.00000 1.00000 0.00000
1561000493837382 0.24697 -0.96902 0.00000 -44.89017 0.96902 0.24697 -0.00000 -324.94990 -0.00000 0.00000 1.00000 0.00000
1561000494085943 0.16423 -0.98642 0.00000 -18.40147 0.98642 0.16423 -0.00000 -327.40488 -0.00000 0.00000 1.00000 0.00000
1561000494334607 0.11976 -0.99280 0.00000 -5.02292 0.99280 0.11976 -0.00000 -327.92478 -0.00000 0.00000 1.00000 0.00000
1561000494583785 0.09432 -0.99554 0.00000 1.94691 0.99554 0.09432 -0.00000 -328.02087 -0.00000 0.00000 1.00000 0.00000
1561000494831690 0.07713 -0.99702 0.00000 6.11093 0.99702 0.07713 -0.00000 -327.99612 -0.00000 0.00000 1.00000 0.00000
1561000495080401 0.06854 -0.99765 0.00000 7.48815 0.99765 0.06854 -0.00000 -327.92023 -0.00000 0.00000 1.00000 0.00000
1561000495329482 0.05989 -0.99821 0.00000 8.97417 0.99821 0.05989 -0.00000 -327.84677 -0.00000 0.00000 1.00000 0.00000
1561000495578160 0.05401 -0.99854 0.00000 9.34915 0.99854 0.05401 -0.00000 -327.80309 -0.00000 0.00000 1.00000 0.00000
1561000495826671 0.05816 -0.99831 0.00000 6.37703 0.99831 0.05816 -0.00000 -327.76893 -0.00000 0.00000 1.00000 0.00000
1561000496077519 0.06529 -0.99787 0.00000 2.41138 0.99787 0.06529 -0.00000 -327.88766 -0.00000 0.00000 1.00000 0.00000
1561000496325382 0.06784 -0.99770 0.00000 -0.08831 0.99770 0.06784 -0.00000 -327.93984 -0.00000 0.00000 1.00000 0.00000
1561000496574033 0.06673 -0.99777 0.00000 -1.45959 0.99777 0.06673 -0.00000 -327.85740 -0.00000 0.00000 1.00000 0.00000
1561000496822812 0.06907 -0.99761 0.00000 -3.95809 0.99761 0.06907 -0.00000 -327.87756 -0.00000 0.00000 1.00000 0.00000
1561000497071469 0.06756 -0.99772 0.00000 -5.26546 0.99772 0.06756 -0.00000 -327.89681 -0.00000 0.00000 1.00000 0.00000
1561000497319987 0.06768 -0.99771 0.00000 -7.16619 0.99771 0.06768 -0.00000 -327.89987 -0.00000 0.00000 1.00000 0.00000
1561000497569198 0.06848 -0.99765 0.00000 -9.31962 0.99765 0.06848 -0.00000 -327.84992 -0.00000 0.00000 1.00000 0.00000
1561000497818140 0.06674 -0.99777 0.00000 -10.68251 0.99777 0.06674 -0.00000 -327.91405 -0.00000 0.00000 1.00000 0.00000
1561000498067011 0.06342 -0.99799 0.00000 -11.55440 0.99799 0.06342 -0.00000 -327.91548 -0.00000 0.00000 1.00000 0.00000
1561000498315736 0.06347 -0.99798 0.00000 -13.57964 0.99798 0.06347 -0.00000 -327.91113 -0.00000 0.00000 1.00000 0.00000
1561000498564888 0.06277 -0.99803 0.00000 -15.42076 0.99803 0.06277 -0.00000 -327.92260 -0.00000 0.00000 1.00000 0.00000
1561000498812965 0.06301 -0.99801 0.00000 -17.59895 0.99801 0.06301 -0.00000 -327.92432 -0.00000 0.00000 1.00000 0.00000
1561000499062066 0.06649 -0.99779 0.00000 -20.85523 0.99779 0.06649 -0.00000 -327.86512 -0.00000 0.00000 1.00000 0.00000
1561000499311038 0.06666 -0.99778 0.00000 -23.07386 0.99778 0.06666 -0.00000 -327.85389 -0.00000 0.00000 1.00000 0.00000
1561000499559641 0.06841 -0.99766 0.00000 -25.85419 0.99766 0.06841 -0.00000 -327.79066 -0.00000 0.00000 1.00000 0.00000
1561000499808736 0.06810 -0.99768 0.00000 -27.96741 0.99768 0.06810 -0.00000 -327.74906 -0.00000 0.00000 1.00000 0.00000
1561000500058177 0.06761 -0.99771 0.00000 -30.03463 0.99771 0.06761 -0.00000 -327.78381 -0.00000 0.00000 1.00000 0.00000
1561000500306236 0.06699 -0.99775 0.00000 -32.13035 0.99775 0.06699 -0.00000 -327.82112 -0.00000 0.00000 1.00000 0.00000
1561000500554493 0.06921 -0.99760 0.00000 -35.09826 0.99760 0.06921 -0.00000 -327.75858 -0.00000 0.00000 1.00000 0.00000
1561000500803151 0.06931 -0.99760 0.00000 -37.32696 0.99760 0.06931 -0.00000 -327.73915 -0.00000 0.00000 1.00000 0.00000
1561000501052399 0.07100 -0.99748 0.00000 -40.09273 0.99748 0.07100 -0.00000 -327.64368 -0.00000 0.00000 1.00000 0.00000
1561000501300405 0.07009 -0.99754 0.00000 -41.97244 0.99754 0.07009 -0.00000 -327.71243 -0.00000 0.00000 1.00000 0.00000
1561000501548683 0.06935 -0.99759 0.00000 -43.91763 0.99759 0.06935 -0.00000 -327.74858 -0.00000 0.00000 1.00000 0.00000
1561000501797420 0.06906 -0.99761 0.00000 -45.95561 0.99761 0.06906 -0.00000 -327.74382 -0.00000 0.00000 1.00000 0.00000
1561000502045587 0.06814 -0.99768 0.00000 -47.73989 0.99768 0.06814 -0.00000 -327.76295 -0.00000 0.00000 1.00000 0.00000
1561000502294218 0.06716 -0.99774 0.00000 -49.45106 0.99774 0.06716 -0.00000 -327.83625 -0.00000 0.00000 1.00000 0.00000
1561000502542698 0.06509 -0.99788 0.00000 -50.69276 0.99788 0.06509 -0.00000 -327.93993 -0.00000 0.00000 1.00000 0.00000
1561000502791208 0.06269 -0.99803 0.00000 -51.73813 0.99803 0.06269 -0.00000 -328.10661 -0.00000 0.00000 1.00000 0.00000
1561000503039928 0.06395 -0.99795 0.00000 -53.93606 0.99795 0.06395 -0.00000 -328.05018 -0.00000 0.00000 1.00000 0.00000
1561000503288553 0.06528 -0.99787 0.00000 -56.19792 0.99787 0.06528 -0.00000 -327.95327 -0.00000 0.00000 1.00000 0.00000
1561000503536966 0.06817 -0.99767 0.00000 -58.94535 0.99767 0.06817 -0.00000 -327.79744 -0.00000 0.00000 1.00000 0.00000
1561000503785986 0.07115 -0.99747 0.00000 -61.64509 0.99747 0.07115 -0.00000 -327.64831 -0.00000 0.00000 1.00000 0.00000
1561000504035525 0.07128 -0.99746 0.00000 -63.47569 0.99746 0.07128 -0.00000 -327.68084 -0.00000 0.00000 1.00000 0.00000
1561000504283553 0.07607 -0.99710 0.00000 -66.91947 0.99710 0.07607 -0.00000 -327.36573 -0.00000 0.00000 1.00000 0.00000
1561000504532585 0.07512 -0.99717 0.00000 -68.28281 0.99717 0.07512 -0.00000 -327.42109 -0.00000 0.00000 1.00000 0.00000
1561000504782610 0.07603 -0.99711 0.00000 -70.30169 0.99711 0.07603 -0.00000 -327.32288 -0.00000 0.00000 1.00000 0.00000
1561000505030858 0.07507 -0.99718 0.00000 -71.80467 0.99718 0.07507 -0.00000 -327.43161 -0.00000 0.00000 1.00000 0.00000
1561000505279647 0.07395 -0.99726 0.00000 -73.21055 0.99726 0.07395 -0.00000 -327.53874 -0.00000 0.00000 1.00000 0.00000
1561000505528361 0.07504 -0.99718 0.00000 -75.35119 0.99718 0.07504 -0.00000 -327.43859 -0.00000 0.00000 1.00000 0.00000
1561000505776839 0.07499 -0.99718 0.00000 -77.13025 0.99718 0.07499 -0.00000 -327.43382 -0.00000 0.00000 1.00000 0.00000
1561000506026467 0.07443 -0.99723 0.00000 -78.72613 0.99723 0.07443 -0.00000 -327.51697 -0.00000 0.00000 1.00000 0.00000
1561000506274435 0.07496 -0.99719 0.00000 -80.66388 0.99719 0.07496 -0.00000 -327.49029 -0.00000 0.00000 1.00000 0.00000
1561000506522728 0.07618 -0.99709 0.00000 -82.83258 0.99709 0.07618 -0.00000 -327.33420 -0.00000 0.00000 1.00000 0.00000
1561000506771484 0.07294 -0.99734 0.00000 -83.52924 0.99734 0.07294 -0.00000 -327.62752 -0.00000 0.00000 1.00000 0.00000
1561000507019403 0.07517 -0.99717 0.00000 -85.98025 0.99717 0.07517 -0.00000 -327.46427 -0.00000 0.00000 1.00000 0.00000
1561000507267492 0.07522 -0.99717 0.00000 -87.69038 0.99717 0.07522 -0.00000 -327.47421 -0.00000 0.00000 1.00000 0.00000
1561000507518284 0.07382 -0.99727 0.00000 -88.92615 0.99727 0.07382 -0.00000 -327.56149 -0.00000 0.00000 1.00000 0.00000
1561000507766170 0.07153 -0.99744 0.00000 -89.81519 0.99744 0.07153 -0.00000 -327.77244 -0.00000 0.00000 1.00000 0.00000
1561000508013903 0.06924 -0.99760 0.00000 -90.64212 0.99760 0.06924 -0.00000 -327.99888 -0.00000 0.00000 1.00000 0.00000
1561000508262180 0.07062 -0.99750 0.00000 -92.83946 0.99750 0.07062 -0.00000 -327.90756 -0.00000 0.00000 1.00000 0.00000
1561000508509641 0.07160 -0.99743 0.00000 -94.79038 0.99743 0.07160 -0.00000 -327.78444 -0.00000 0.00000 1.00000 0.00000
1561000508758606 0.06533 -0.99786 0.00000 -94.23630 0.99786 0.06533 -0.00000 -328.39396 -0.00000 0.00000 1.00000 0.00000
1561000509007129 0.06225 -0.99806 0.00000 -94.85458 0.99806 0.06225 -0.00000 -328.70926 -0.00000 0.00000 1.00000 0.00000
1561000509255537 0.05952 -0.99823 0.00000 -95.55120 0.99823 0.05952 -0.00000 -328.88051 -0.00000 0.00000 1.00000 0.00000
1561000509504245 0.06123 -0.99812 0.00000 -97.71300 0.99812 0.06123 -0.00000 -328.71748 -0.00000 0.00000 1.00000 0.00000
1561000509752852 0.06071 -0.99816 0.00000 -99.10623 0.99816 0.06071 -0.00000 -328.76861 -0.00000 0.00000 1.00000 0.00000
1561000510002366 0.06168 -0.99810 0.00000 -100.94685 0.99810 0.06168 -0.00000 -328.64228 -0.00000 0.00000 1.00000 0.00000
1561000510249360 0.06074 -0.99815 0.00000 -102.09359 0.99815 0.06074 -0.00000 -328.63203 -0.00000 0.00000 1.00000 0.00000
1561000510497742 0.06072 -0.99815 0.00000 -103.46120 0.99815 0.06072 -0.00000 -328.71419 -0.00000 0.00000 1.00000 0.00000
1561000510745578 0.06203 -0.99807 0.00000 -105.13073 0.99807 0.06203 -0.00000 -328.54201 -0.00000 0.00000 1.00000 0.00000
1561000510995224 0.06045 -0.99817 0.00000 -105.77671 0.99817 0.06045 -0.00000 -328.66139 -0.00000 0.00000 1.00000 0.00000
1561000511243813 0.06180 -0.99809 0.00000 -107.41693 0.99809 0.06180 -0.00000 -328.64326 -0.00000 0.00000 1.00000 0.00000
1561000511492329 0.06513 -0.99788 0.00000 -109.51870 0.99788 0.06513 -0.00000 -327.99850 -0.00000 0.00000 1.00000 0.00000
1561000511740688 0.06032 -0.99818 0.00000 -108.89773 0.99818 0.06032 -0.00000 -328.71947 -0.00000 0.00000 1.00000 0.00000
1561000511989413 0.05953 -0.99823 0.00000 -109.50195 0.99823 0.05953 -0.00000 -328.71101 -0.00000 0.00000 1.00000 0.00000
1561000512237795 0.06102 -0.99814 0.00000 -110.88511 0.99814 0.06102 -0.00000 -328.56289 -0.00000 0.00000 1.00000 0.00000
1561000512486134 0.06251 -0.99804 0.00000 -112.08262 0.99804 0.06251 -0.00000 -328.39642 -0.00000 0.00000 1.00000 0.00000
1561000512735063 0.06096 -0.99814 0.00000 -112.28747 0.99814 0.06096 -0.00000 -328.55651 -0.00000 0.00000 1.00000 0.00000
1561000512983185 0.06404 -0.99795 0.00000 -114.03920 0.99795 0.06404 -0.00000 -328.13398 -0.00000 0.00000 1.00000 0.00000
1561000513231889 0.06460 -0.99791 0.00000 -114.86288 0.99791 0.06460 -0.00000 -328.16708 -0.00000 0.00000 1.00000 0.00000
1561000513480731 0.06550 -0.99785 0.00000 -115.74740 0.99785 0.06550 -0.00000 -327.97234 -0.00000 0.00000 1.00000 0.00000
1561000513729669 0.06427 -0.99793 0.00000 -115.96904 0.99793 0.06427 -0.00000 -328.17281 -0.00000 0.00000 1.00000 0.00000
1561000513978253 0.06512 -0.99788 0.00000 -116.91022 0.99788 0.06512 -0.00000 -328.05333 -0.00000 0.00000 1.00000 0.00000
1561000514227208 0.06655 -0.99778 0.00000 -118.04283 0.99778 0.06655 -0.00000 -327.86569 -0.00000 0.00000 1.00000 0.00000
1561000514476332 0.06717 -0.99774 0.00000 -118.81734 0.99774 0.06717 -0.00000 -327.78584 -0.00000 0.00000 1.00000 0.00000
1561000514725267 0.06841 -0.99766 0.00000 -119.83995 0.99766 0.06841 -0.00000 -327.65939 -0.00000 0.00000 1.00000 0.00000
1561000514972584 0.06913 -0.99761 0.00000 -120.65672 0.99761 0.06913 -0.00000 -327.57914 -0.00000 0.00000 1.00000 0.00000
1561000515221715 0.07099 -0.99748 0.00000 -121.86932 0.99748 0.07099 -0.00000 -327.37326 -0.00000 0.00000 1.00000 0.00000
1561000515470307 0.07049 -0.99751 0.00000 -122.28195 0.99751 0.07049 -0.00000 -327.47679 -0.00000 0.00000 1.00000 0.00000
1561000515718448 0.07254 -0.99737 0.00000 -123.53785 0.99737 0.07254 -0.00000 -327.24065 -0.00000 0.00000 1.00000 0.00000
1561000515966886 0.07531 -0.99716 0.00000 -124.94647 0.99716 0.07531 -0.00000 -326.88059 -0.00000 0.00000 1.00000 0.00000
1561000516215963 0.07850 -0.99691 0.00000 -126.49334 0.99691 0.07850 -0.00000 -326.49056 -0.00000 0.00000 1.00000 0.00000
1561000516464636 0.07819 -0.99694 0.00000 -126.95388 0.99694 0.07819 -0.00000 -326.49924 -0.00000 0.00000 1.00000 0.00000
1561000516713821 0.07542 -0.99715 0.00000 -126.63824 0.99715 0.07542 -0.00000 -326.85625 -0.00000 0.00000 1.00000 0.00000
1561000516961938 0.07195 -0.99741 0.00000 -126.10230 0.99741 0.07195 -0.00000 -327.30566 -0.00000 0.00000 1.00000 0.00000
1561000517211616 0.06794 -0.99769 0.00000 -125.44728 0.99769 0.06794 -0.00000 -327.76209 -0.00000 0.00000 1.00000 0.00000
1561000517460275 0.05847 -0.99829 0.00000 -123.01272 0.99829 0.05847 -0.00000 -328.94141 -0.00000 0.00000 1.00000 0.00000
1561000517709473 0.04295 -0.99908 0.00000 -118.56840 0.99908 0.04295 -0.00000 -330.78321 -0.00000 0.00000 1.00000 0.00000
1561000517957895 0.01320 -0.99991 0.00000 -109.43164 0.99991 0.01320 -0.00000 -334.10000 -0.00000 0.00000 1.00000 0.00000
1561000518208302 -0.02355 -0.99972 0.00000 -97.94126 0.99972 -0.02355 0.00000 -337.85685 0.00000 0.00000 1.00000 0.00000
1561000518456073 -0.06757 -0.99771 0.00000 -83.80394 0.99771 -0.06757 0.00000 -341.81469 0.00000 0.00000 1.00000 0.00000
1561000518704360 -0.12081 -0.99268 0.00000 -66.33279 0.99268 -0.12081 0.00000 -345.77924 0.00000 0.00000 1.00000 0.00000
1561000518952738 -0.18129 -0.98343 0.00000 -46.00805 0.98343 -0.18129 0.00000 -349.14484 0.00000 0.00000 1.00000 0.00000
1561000519201414 -0.24309 -0.97000 0.00000 -24.87011 0.97000 -0.24309 0.00000 -351.33195 0.00000 0.00000 1.00000 0.00000
1561000519450184 -0.30551 -0.95219 0.00000 -3.12415 0.95219 -0.30551 0.00000 -352.23848 0.00000 0.00000 1.00000 0.00000
1561000519698791 -0.36820 -0.92975 0.00000 19.27675 0.92975 -0.36820 0.00000 -351.63718 0.00000 0.00000 1.00000 0.00000
1561000519946740 -0.42708 -0.90421 0.00000 40.73156 0.90421 -0.42708 0.00000 -349.60726 0.00000 0.00000 1.00000 0.00000
1561000520194963 -0.47740 -0.87869 0.00000 59.34113 0.87869 -0.47740 0.00000 -346.63377 0.00000 0.00000 1.00000 0.00000
1561000520443529 -0.52904 -0.84860 0.00000 78.76857 0.84860 -0.52904 0.00000 -342.44655 0.00000 0.00000 1.00000 0.00000
1561000520692718 -0.57487 -0.81825 0.00000 96.34610 0.81825 -0.57487 0.00000 -337.50655 0.00000 0.00000 1.00000 0.00000
1561000520941216 -0.61835 -0.78590 0.00000 113.28000 0.78590 -0.61835 0.00000 -331.84231 0.00000 0.00000 1.00000 0.00000
1561000521190042 -0.65589 -0.75486 0.00000 128.08533 0.75486 -0.65589 0.00000 -325.82485 0.00000 0.00000 1.00000 0.00000
1561000521438428 -0.68863 -0.72512 0.00000 141.05094 0.72512 -0.68863 0.00000 -319.75117 0.00000 0.00000 1.00000 0.00000
1561000521686973 -0.71918 -0.69482 0.00000 153.34249 0.69482 -0.71918 0.00000 -313.39935 0.00000 0.00000 1.00000 0.00000
1561000521936232 -0.74871 -0.66290 0.00000 165.42288 0.66290 -0.74871 0.00000 -306.39404 0.00000 0.00000 1.00000 0.00000
1561000522184825 -0.77611 -0.63059 0.00000 176.78758 0.63059 -0.77611 0.00000 -299.07027 0.00000 0.00000 1.00000 0.00000
1561000522434006 -0.80130 -0.59827 0.00000 187.39471 0.59827 -0.80130 0.00000 -291.54901 0.00000 0.00000 1.00000 0.00000
1561000522682510 -0.82374 -0.56696 0.00000 196.95382 0.56696 -0.82374 0.00000 -284.10297 0.00000 0.00000 1.00000 0.00000
1561000522930740 -0.84496 -0.53483 0.00000 206.18591 0.53483 -0.84496 0.00000 -276.25446 0.00000 0.00000 1.00000 0.00000
1561000523179422 -0.86500 -0.50178 0.00000 215.01568 0.50178 -0.86500 0.00000 -268.10529 0.00000 0.00000 1.00000 0.00000
1561000523427524 -0.88437 -0.46679 0.00000 223.85380 0.46679 -0.88437 0.00000 -259.19870 0.00000 0.00000 1.00000 0.00000
1561000523677368 -0.90157 -0.43264 0.00000 231.95467 0.43264 -0.90157 0.00000 -250.42624 0.00000 0.00000 1.00000 0.00000
1561000523925798 -0.91477 -0.40397 0.00000 238.11918 0.40397 -0.91477 0.00000 -242.96543 0.00000 0.00000 1.00000 0.00000
1561000524172970 -0.92619 -0.37706 0.00000 243.38909 0.37706 -0.92619 0.00000 -235.90913 0.00000 0.00000 1.00000 0.00000
1561000524421854 -0.93347 -0.35866 0.00000 246.29400 0.35866 -0.93347 0.00000 -231.04621 0.00000 0.00000 1.00000 0.00000
1561000524670398 -0.93660 -0.35040 0.00000 246.53218 0.35040 -0.93660 0.00000 -228.87355 0.00000 0.00000 1.00000 0.00000
1561000524918014 -0.93822 -0.34603 0.00000 245.85956 0.34603 -0.93822 0.00000 -227.74449 0.00000 0.00000 1.00000 0.00000
1561000525167246 -0.93984 -0.34161 0.00000 245.19475 0.34161 -0.93984 0.00000 -226.57755 0.00000 0.00000 1.00000 0.00000
1561000525415724 -0.94063 -0.33943 0.00000 243.83991 0.33943 -0.94063 0.00000 -226.03972 0.00000 0.00000 1.00000 0.00000
1561000525663724 -0.94017 -0.34071 0.00000 241.71149 0.34071 -0.94017 0.00000 -226.38820 0.00000 0.00000 1.00000 0.00000
1561000525913211 -0.94093 -0.33861 0.00000 240.38034 0.33861 -0.94093 0.00000 -225.87717 0.00000 0.00000 1.00000 0.00000
1561000526163307 -0.94143 -0.33720 0.00000 238.72971 0.33720 -0.94143 0.00000 -225.52495 0.00000 0.00000 1.00000 0.00000
1561000526414617 -0.94081 -0.33894 0.00000 236.36884 0.33894 -0.94081 0.00000 -225.94550 0.00000 0.00000 1.00000 0.00000
1561000526665710 -0.93950 -0.34254 0.00000 233.49999 0.34254 -0.93950 0.00000 -226.87812 0.00000 0.00000 1.00000 0.00000
1561000526916227 -0.93902 -0.34385 0.00000 231.15936 0.34385 -0.93902 0.00000 -227.22013 0.00000 0.00000 1.00000 0.00000
1561000527166829 -0.93856 -0.34511 0.00000 228.79141 0.34511 -0.93856 0.00000 -227.54062 0.00000 0.00000 1.00000 0.00000
1561000527417714 -0.93854 -0.34517 0.00000 226.67291 0.34517 -0.93854 0.00000 -227.56428 0.00000 0.00000 1.00000 0.00000
1561000527668435 -0.93840 -0.34556 0.00000 224.46384 0.34556 -0.93840 0.00000 -227.65459 0.00000 0.00000 1.00000 0.00000
1561000527918860 -0.93844 -0.34543 0.00000 222.32880 0.34543 -0.93844 0.00000 -227.65463 0.00000 0.00000 1.00000 0.00000
1561000528169999 -0.93817 -0.34616 0.00000 219.97443 0.34616 -0.93817 0.00000 -227.87255 0.00000 0.00000 1.00000 0.00000
1561000528420228 -0.93900 -0.34392 0.00000 218.28673 0.34392 -0.93900 0.00000 -227.29300 0.00000 0.00000 1.00000 0.00000
1561000528670614 -0.93809 -0.34640 0.00000 215.46680 0.34640 -0.93809 0.00000 -227.87715 0.00000 0.00000 1.00000 0.00000
1561000528921762 -0.93886 -0.34430 0.00000 213.64635 0.34430 -0.93886 0.00000 -227.38776 0.00000 0.00000 1.00000 0.00000
1561000529172457 -0.93916 -0.34347 0.00000 211.55788 0.34347 -0.93916 0.00000 -227.22659 0.00000 0.00000 1.00000 0.00000
1561000529422664 -0.93847 -0.34537 0.00000 208.73946 0.34537 -0.93847 0.00000 -227.63800 0.00000 0.00000 1.00000 0.00000
1561000529673344 -0.93849 -0.34531 0.00000 206.42143 0.34531 -0.93849 0.00000 -227.65532 0.00000 0.00000 1.00000 0.00000
1561000529924123 -0.93761 -0.34769 0.00000 203.49998 0.34769 -0.93761 0.00000 -228.17401 0.00000 0.00000 1.00000 0.00000
1561000530174548 -0.93553 -0.35324 0.00000 199.76070 0.35324 -0.93553 0.00000 -229.40294 0.00000 0.00000 1.00000 0.00000
1561000530425589 -0.93392 -0.35748 0.00000 196.35075 0.35748 -0.93392 0.00000 -230.33158 0.00000 0.00000 1.00000 0.00000
1561000530675455 -0.93057 -0.36611 0.00000 191.81609 0.36611 -0.93057 0.00000 -232.14552 0.00000 0.00000 1.00000 0.00000
1561000530927043 -0.92843 -0.37150 0.00000 188.08317 0.37150 -0.92843 0.00000 -233.21662 0.00000 0.00000 1.00000 0.00000
1561000531177380 -0.92489 -0.38023 0.00000 183.44886 0.38023 -0.92489 0.00000 -235.00622 0.00000 0.00000 1.00000 0.00000
1561000531427599 -0.92113 -0.38927 0.00000 178.74544 0.38927 -0.92113 0.00000 -236.77799 0.00000 0.00000 1.00000 0.00000
1561000531678707 -0.91743 -0.39789 0.00000 174.11582 0.39789 -0.91743 0.00000 -238.48020 0.00000 0.00000 1.00000 0.00000
1561000531929042 -0.91402 -0.40567 0.00000 169.60404 0.40567 -0.91402 0.00000 -240.02574 0.00000 0.00000 1.00000 0.00000
1561000532183767 -0.90986 -0.41492 0.00000 164.74789 0.41492 -0.90986 0.00000 -241.72850 0.00000 0.00000 1.00000 0.00000
1561000532430064 -0.90595 -0.42338 0.00000 160.02424 0.42338 -0.90595 0.00000 -243.30780 0.00000 0.00000 1.00000 0.00000
1561000532680169 -0.90121 -0.43338 0.00000 154.87008 0.43338 -0.90121 0.00000 -245.07271 0.00000 0.00000 1.00000 0.00000
1561000532931005 -0.89603 -0.44400 0.00000 149.52189 0.44400 -0.89603 0.00000 -246.89143 0.00000 0.00000 1.00000 0.00000
1561000533181895 -0.89173 -0.45257 0.00000 144.66341 0.45257 -0.89173 0.00000 -248.35122 0.00000 0.00000 1.00000 0.00000
1561000533430693 -0.88674 -0.46226 0.00000 139.46661 0.46226 -0.88674 0.00000 -249.92204 0.00000 0.00000 1.00000 0.00000
1561000533679593 -0.87865 -0.47746 0.00000 132.67826 0.47746 -0.87865 0.00000 -252.32028 0.00000 0.00000 1.00000 0.00000
1561000533927904 -0.87229 -0.48898 0.00000 126.88686 0.48898 -0.87229 0.00000 -254.13519 0.00000 0.00000 1.00000 0.00000
1561000534176940 -0.86425 -0.50306 0.00000 120.27796 0.50306 -0.86425 0.00000 -256.14473 0.00000 0.00000 1.00000 0.00000
1561000534425502 -0.85645 -0.51623 0.00000 113.84704 0.51623 -0.85645 0.00000 -257.93151 0.00000 0.00000 1.00000 0.00000
1561000534674038 -0.84978 -0.52713 0.00000 108.02032 0.52713 -0.84978 0.00000 -259.38189 0.00000 0.00000 1.00000 0.00000
1561000534922322 -0.84263 -0.53849 0.00000 102.03801 0.53849 -0.84263 0.00000 -260.87479 0.00000 0.00000 1.00000 0.00000
1561000535170077 -0.83566 -0.54925 0.00000 96.15985 0.54925 -0.83566 0.00000 -262.16905 0.00000 0.00000 1.00000 0.00000
1561000535418260 -0.82868 -0.55973 0.00000 90.34421 0.55973 -0.82868 0.00000 -263.40554 0.00000 0.00000 1.00000 0.00000
