0.981 0.193 0. -5.606 0.193 -0.981 0. -0.714 0. 0. -1. 0.
0.981 0.193 0. -5.607 0.193 -0.981 0. -0.714 0. 0. -1. 0.
0.981 0.193 0. -5.607 0.193 -0.981 0. -0.714 0. 0. -1. 0.
0.981 0.193 0. -5.607 0.193 -0.981 0. -0.714 0. 0. -1. 0.
0.981 0.193 0. -5.607 0.193 -0.981 0. -0.715 0. 0. -1. 0.
0.981 0.193 0. -5.607 0.193 -0.981 0. -0.715 0. 0. -1. 0.
0.981 0.193 0. -5.607 0.193 -0.981 0. -0.715 0. 0. -1. 0.
0.981 0.193 0. -5.607 0.193 -0.981 0. -0.715 0. 0. -1. 0.
0.981 0.193 0. -5.606 0.193 -0.981 0. -0.715 0. 0. -1. 0.
0.981 0.193 0. -5.606 0.193 -0.981 0. -0.715 0. 0. -1. 0.
0.981 0.193 0. -5.606 0.193 -0.981 0. -0.714 0. 0. -1. 0.
0.981 0.193 0. -5.606 0.193 -0.981 0. -0.715 0. 0. -1. 0.
0.981 0.193 0. -5.606 0.193 -0.981 0. -0.714 0. 0. -1. 0.
0.981 0.193 0. -5.606 0.193 -0.981 0. -0.715 0. 0. -1. 0.
0.981 0.193 0. -5.606 0.193 -0.981 0. -0.715 0. 0. -1. 0.
0.981 0.193 0. -5.606 0.193 -0.981 0. -0.715 0. 0. -1. 0.
0.981 0.193 0. -5.606 0.193 -0.981 0. -0.715 0. 0. -1. 0.
0.981 0.193 0. -5.607 0.193 -0.981 0. -0.714 0. 0. -1. 0.
0.981 0.193 0. -5.606 0.193 -0.981 0. -0.714 0. 0. -1. 0.
0.981 0.193 0. -5.588 0.193 -0.981 0. -0.712 0. 0. -1. 0.
0.981 0.193 0. -5.555 0.193 -0.981 0. -0.705 0. 0. -1. 0.
0.981 0.193 0. -5.511 0.193 -0.981 0. -0.698 0. 0. -1. 0.
0.981 0.192 0. -5.429 0.192 -0.981 0. -0.684 0. 0. -1. 0.
0.981 0.192 0. -5.281 0.192 -0.981 0. -0.660 0. 0. -1. 0.
0.982 0.191 0. -5.056 0.191 -0.982 0. -0.621 0. 0. -1. 0.
0.982 0.188 0. -4.750 0.188 -0.982 0. -0.569 0. 0. -1. 0.
0.984 0.181 0. -4.361 0.181 -0.984 0. -0.506 0. 0. -1. 0.
0.985 0.172 0. -3.890 0.172 -0.985 0. -0.429 0. 0. -1. 0.
0.987 0.161 0. -3.335 0.161 -0.987 0. -0.353 0. 0. -1. 0.
0.989 0.148 0. -2.699 0.148 -0.989 0. -0.273 0. 0. -1. 0.
0.991 0.135 0. -1.988 0.135 -0.991 0. -0.195 0. 0. -1. 0.
0.993 0.120 0. -1.208 0.120 -0.993 0. -0.110 0. 0. -1. 0.
0.994 0.109 0. -0.364 0.109 -0.994 0. -0.041 0. 0. -1. 0.
0.995 0.102 0. 0.541 0.102 -0.995 0. 0.031 0. 0. -1. 0.
0.995 0.098 0. 1.507 0.098 -0.995 0. 0.122 0. 0. -1. 0.
0.995 0.100 0. 2.527 0.100 -0.995 0. 0.195 0. 0. -1. 0.
0.995 0.105 0. 3.596 0.105 -0.995 0. 0.313 0. 0. -1. 0.
0.994 0.110 0. 4.708 0.110 -0.994 0. 0.424 0. 0. -1. 0.
0.993 0.115 0. 5.852 0.115 -0.993 0. 0.545 0. 0. -1. 0.
0.993 0.120 0. 7.046 0.120 -0.993 0. 0.676 0. 0. -1. 0.
0.992 0.127 0. 8.302 0.127 -0.992 0. 0.825 0. 0. -1. 0.
0.991 0.134 0. 9.594 0.134 -0.991 0. 0.973 0. 0. -1. 0.
0.990 0.142 0. 10.937 0.142 -0.990 0. 1.140 0. 0. -1. 0.
0.989 0.150 0. 12.359 0.150 -0.989 0. 1.325 0. 0. -1. 0.
0.987 0.160 0. 13.797 0.160 -0.987 0. 1.536 0. 0. -1. 0.
0.985 0.171 0. 15.238 0.171 -0.985 0. 1.750 0. 0. -1. 0.
0.983 0.181 0. 16.767 0.181 -0.983 0. 2.006 0. 0. -1. 0.
0.982 0.191 0. 18.299 0.191 -0.982 0. 2.263 0. 0. -1. 0.
0.980 0.200 0. 19.868 0.200 -0.980 0. 2.547 0. 0. -1. 0.
0.978 0.206 0. 21.448 0.206 -0.978 0. 2.850 0. 0. -1. 0.
0.978 0.210 0. 23.020 0.210 -0.978 0. 3.153 0. 0. -1. 0.
0.977 0.214 0. 24.602 0.214 -0.977 0. 3.468 0. 0. -1. 0.
0.976 0.218 0. 26.197 0.218 -0.976 0. 3.778 0. 0. -1. 0.
0.975 0.221 0. 27.813 0.221 -0.975 0. 4.125 0. 0. -1. 0.
0.975 0.222 0. 29.485 0.222 -0.975 0. 4.474 0. 0. -1. 0.
0.975 0.222 0. 31.220 0.222 -0.975 0. 4.833 0. 0. -1. 0.
0.974 0.226 0. 32.905 0.226 -0.974 0. 5.187 0. 0. -1. 0.
0.973 0.230 0. 34.673 0.230 -0.973 0. 5.569 0. 0. -1. 0.
0.971 0.240 0. 36.460 0.240 -0.971 0. 5.956 0. 0. -1. 0.
0.968 0.252 0. 38.207 0.252 -0.968 0. 6.357 0. 0. -1. 0.
0.967 0.255 0. 39.995 0.255 -0.967 0. 6.794 0. 0. -1. 0.
0.967 0.254 0. 41.757 0.254 -0.967 0. 7.220 0. 0. -1. 0.
0.967 0.254 0. 43.531 0.254 -0.967 0. 7.632 0. 0. -1. 0.
0.967 0.255 0. 45.329 0.255 -0.967 0. 8.080 0. 0. -1. 0.
0.967 0.255 0. 47.177 0.255 -0.967 0. 8.523 0. 0. -1. 0.
0.967 0.255 0. 49.050 0.255 -0.967 0. 8.988 0. 0. -1. 0.
0.967 0.256 0. 50.948 0.256 -0.967 0. 9.448 0. 0. -1. 0.
0.966 0.257 0. 52.854 0.257 -0.966 0. 9.925 0. 0. -1. 0.
0.967 0.255 0. 54.753 0.255 -0.967 0. 10.387 0. 0. -1. 0.
0.968 0.251 0. 56.672 0.251 -0.968 0. 10.832 0. 0. -1. 0.
0.969 0.248 0. 58.567 0.248 -0.969 0. 11.263 0. 0. -1. 0.
0.970 0.245 0. 60.471 0.245 -0.970 0. 11.696 0. 0. -1. 0.
0.970 0.243 0. 62.341 0.243 -0.970 0. 12.131 0. 0. -1. 0.
0.970 0.242 0. 64.215 0.242 -0.970 0. 12.580 0. 0. -1. 0.
0.971 0.241 0. 66.061 0.241 -0.971 0. 13.006 0. 0. -1. 0.
0.971 0.241 0. 67.921 0.241 -0.971 0. 13.422 0. 0. -1. 0.
0.970 0.242 0. 69.776 0.242 -0.970 0. 13.843 0. 0. -1. 0.
0.970 0.243 0. 71.604 0.243 -0.970 0. 14.263 0. 0. -1. 0.
0.970 0.243 0. 73.428 0.243 -0.970 0. 14.685 0. 0. -1. 0.
0.970 0.243 0. 75.237 0.243 -0.970 0. 15.096 0. 0. -1. 0.
0.971 0.238 0. 77.020 0.238 -0.971 0. 15.524 0. 0. -1. 0.
0.975 0.224 0. 78.814 0.224 -0.975 0. 15.891 0. 0. -1. 0.
0.979 0.204 0. 80.605 0.204 -0.979 0. 16.245 0. 0. -1. 0.
0.985 0.170 0. 82.373 0.170 -0.985 0. 16.547 0. 0. -1. 0.
0.992 0.126 0. 84.115 0.126 -0.992 0. 16.774 0. 0. -1. 0.
0.997 0.071 0. 85.867 0.071 -0.997 0. 16.929 0. 0. -1. 0.
1.000 0.014 0. 87.603 0.014 -1.000 0. 16.933 0. 0. -1. 0.
0.999 -0.040 0. 89.312 -0.040 -0.999 -0. 16.852 0. 0. -1. 0.
0.995 -0.097 0. 91.000 -0.097 -0.995 -0. 16.659 0. 0. -1. 0.
0.988 -0.153 0. 92.666 -0.153 -0.988 -0. 16.389 0. 0. -1. 0.
0.977 -0.212 0. 94.328 -0.212 -0.977 -0. 16.014 0. 0. -1. 0.
0.962 -0.275 0. 95.935 -0.275 -0.962 -0. 15.585 0. 0. -1. 0.
0.939 -0.344 0. 97.498 -0.344 -0.939 -0. 15.002 0. 0. -1. 0.
0.911 -0.412 0. 99.023 -0.412 -0.911 -0. 14.336 0. 0. -1. 0.
0.878 -0.478 0. 100.500 -0.478 -0.878 -0. 13.513 0. 0. -1. 0.
0.841 -0.542 0. 101.943 -0.542 -0.841 -0. 12.604 0. 0. -1. 0.
0.800 -0.600 0. 103.328 -0.600 -0.800 -0. 11.543 0. 0. -1. 0.
0.757 -0.653 0. 104.670 -0.653 -0.757 -0. 10.364 0. 0. -1. 0.
0.715 -0.699 0. 105.967 -0.699 -0.715 -0. 9.069 0. 0. -1. 0.
0.680 -0.733 0. 107.235 -0.733 -0.680 -0. 7.685 0. 0. -1. 0.
0.652 -0.758 0. 108.461 -0.758 -0.652 -0. 6.220 0. 0. -1. 0.
0.635 -0.773 0. 109.693 -0.773 -0.635 -0. 4.657 0. 0. -1. 0.
0.627 -0.779 0. 110.908 -0.779 -0.627 -0. 3.063 0. 0. -1. 0.
0.621 -0.784 0. 112.160 -0.784 -0.621 -0. 1.447 0. 0. -1. 0.
0.617 -0.787 0. 113.421 -0.787 -0.617 -0. -0.188 0. 0. -1. 0.
0.612 -0.791 0. 114.683 -0.791 -0.612 -0. -1.831 0. 0. -1. 0.
0.611 -0.792 0. 115.926 -0.792 -0.611 -0. -3.491 0. 0. -1. 0.
0.610 -0.792 0. 117.148 -0.792 -0.610 -0. -5.152 0. 0. -1. 0.
0.611 -0.792 0. 118.361 -0.792 -0.611 -0. -6.802 0. 0. -1. 0.
0.612 -0.791 0. 119.572 -0.791 -0.612 -0. -8.440 0. 0. -1. 0.
0.613 -0.790 0. 120.768 -0.790 -0.613 -0. -10.065 0. 0. -1. 0.
0.615 -0.789 0. 121.972 -0.789 -0.615 -0. -11.682 0. 0. -1. 0.
0.619 -0.785 0. 123.160 -0.785 -0.619 -0. -13.271 0. 0. -1. 0.
0.627 -0.779 0. 124.372 -0.779 -0.627 -0. -14.836 0. 0. -1. 0.
0.633 -0.774 0. 125.597 -0.774 -0.633 -0. -16.381 0. 0. -1. 0.
0.637 -0.771 0. 126.805 -0.771 -0.637 -0. -17.889 0. 0. -1. 0.
0.640 -0.768 0. 128.004 -0.768 -0.640 -0. -19.391 0. 0. -1. 0.
0.641 -0.767 0. 129.211 -0.767 -0.641 -0. -20.900 0. 0. -1. 0.
0.643 -0.766 0. 130.393 -0.766 -0.643 -0. -22.360 0. 0. -1. 0.
0.645 -0.764 0. 131.567 -0.764 -0.645 -0. -23.808 0. 0. -1. 0.
0.647 -0.763 0. 132.744 -0.763 -0.647 -0. -25.257 0. 0. -1. 0.
0.650 -0.760 0. 133.891 -0.760 -0.650 -0. -26.668 0. 0. -1. 0.
0.654 -0.757 0. 135.033 -0.757 -0.654 -0. -28.054 0. 0. -1. 0.
0.657 -0.754 0. 136.211 -0.754 -0.657 -0. -29.455 0. 0. -1. 0.
0.664 -0.748 0. 137.332 -0.748 -0.664 -0. -30.796 0. 0. -1. 0.
0.681 -0.732 0. 138.471 -0.732 -0.681 -0. -32.090 0. 0. -1. 0.
0.702 -0.712 0. 139.644 -0.712 -0.702 -0. -33.344 0. 0. -1. 0.
0.730 -0.684 0. 140.827 -0.684 -0.730 -0. -34.527 0. 0. -1. 0.
0.759 -0.651 0. 142.018 -0.651 -0.759 -0. -35.612 0. 0. -1. 0.
0.792 -0.611 0. 143.241 -0.611 -0.792 -0. -36.605 0. 0. -1. 0.
0.825 -0.565 0. 144.483 -0.565 -0.825 -0. -37.498 0. 0. -1. 0.
0.861 -0.508 0. 145.717 -0.508 -0.861 -0. -38.278 0. 0. -1. 0.
0.900 -0.437 0. 146.968 -0.437 -0.900 -0. -38.924 0. 0. -1. 0.
0.935 -0.354 0. 148.202 -0.354 -0.935 -0. -39.460 0. 0. -1. 0.
0.965 -0.264 0. 149.428 -0.264 -0.965 -0. -39.825 0. 0. -1. 0.
0.987 -0.162 0. 150.614 -0.162 -0.987 -0. -40.052 0. 0. -1. 0.
0.999 -0.051 0. 151.737 -0.051 -0.999 -0. -40.125 0. 0. -1. 0.
0.998 0.066 0. 152.807 0.066 -0.998 0. -40.053 0. 0. -1. 0.
0.982 0.189 0. 153.815 0.189 -0.982 0. -39.880 0. 0. -1. 0.
0.947 0.320 0. 154.750 0.320 -0.947 0. -39.597 0. 0. -1. 0.
0.890 0.456 0. 155.604 0.456 -0.890 0. -39.156 0. 0. -1. 0.
0.808 0.589 0. 156.378 0.589 -0.808 0. -38.607 0. 0. -1. 0.
0.703 0.711 0. 157.035 0.711 -0.703 0. -37.953 0. 0. -1. 0.
0.575 0.818 0. 157.559 0.818 -0.575 0. -37.221 0. 0. -1. 0.
0.427 0.904 0. 157.932 0.904 -0.427 0. -36.414 0. 0. -1. 0.
0.263 0.965 0. 158.152 0.965 -0.263 0. -35.559 0. 0. -1. 0.
0.091 0.996 0. 158.232 0.996 -0.091 0. -34.695 0. 0. -1. 0.
-0.085 0.996 0. 158.149 0.996 0.085 0. -33.849 0. 0. -1. 0.
-0.259 0.966 0. 157.922 0.966 0.259 0. -33.047 0. 0. -1. 0.
-0.426 0.905 0. 157.559 0.905 0.426 0. -32.292 0. 0. -1. 0.
-0.578 0.816 0. 157.048 0.816 0.578 0. -31.602 0. 0. -1. 0.
-0.710 0.704 0. 156.416 0.704 0.710 0. -30.982 0. 0. -1. 0.
-0.814 0.581 0. 155.653 0.581 0.814 0. -30.452 0. 0. -1. 0.
-0.887 0.462 0. 154.767 0.462 0.887 0. -29.986 0. 0. -1. 0.
-0.935 0.355 0. 153.792 0.355 0.935 0. -29.595 0. 0. -1. 0.
-0.963 0.271 0. 152.732 0.271 0.963 0. -29.279 0. 0. -1. 0.
-0.977 0.211 0. 151.582 0.211 0.977 0. -29.005 0. 0. -1. 0.
-0.985 0.174 0. 150.353 0.174 0.985 0. -28.764 0. 0. -1. 0.
-0.988 0.154 0. 149.055 0.154 0.988 0. -28.546 0. 0. -1. 0.
-0.989 0.150 0. 147.718 0.150 0.989 0. -28.334 0. 0. -1. 0.
-0.986 0.166 0. 146.354 0.166 0.986 0. -28.087 0. 0. -1. 0.
-0.981 0.193 0. 144.920 0.193 0.981 0. -27.790 0. 0. -1. 0.
-0.974 0.227 0. 143.465 0.227 0.974 0. -27.428 0. 0. -1. 0.
-0.963 0.269 0. 141.998 0.269 0.963 0. -27.000 0. 0. -1. 0.
-0.948 0.318 0. 140.503 0.318 0.948 0. -26.483 0. 0. -1. 0.
-0.928 0.372 0. 138.999 0.372 0.928 0. -25.863 0. 0. -1. 0.
-0.904 0.428 0. 137.499 0.428 0.904 0. -25.141 0. 0. -1. 0.
-0.876 0.482 0. 136.025 0.482 0.876 0. -24.309 0. 0. -1. 0.
-0.844 0.536 0. 134.578 0.536 0.844 0. -23.379 0. 0. -1. 0.
-0.812 0.583 0. 133.156 0.583 0.812 0. -22.343 0. 0. -1. 0.
-0.778 0.628 0. 131.750 0.628 0.778 0. -21.185 0. 0. -1. 0.
-0.743 0.669 0. 130.395 0.669 0.743 0. -19.925 0. 0. -1. 0.
-0.707 0.707 0. 129.049 0.707 0.707 0. -18.557 0. 0. -1. 0.
-0.676 0.737 0. 127.755 0.737 0.676 0. -17.120 0. 0. -1. 0.
-0.651 0.759 0. 126.464 0.759 0.651 0. -15.626 0. 0. -1. 0.
-0.629 0.777 0. 125.187 0.777 0.629 0. -14.027 0. 0. -1. 0.
-0.616 0.788 0. 123.942 0.788 0.616 0. -12.373 0. 0. -1. 0.
-0.608 0.794 0. 122.742 0.794 0.608 0. -10.705 0. 0. -1. 0.
-0.603 0.797 0. 121.526 0.797 0.603 0. -9.009 0. 0. -1. 0.
-0.598 0.801 0. 120.336 0.801 0.598 0. -7.343 0. 0. -1. 0.
-0.594 0.805 0. 119.149 0.805 0.594 0. -5.672 0. 0. -1. 0.
-0.589 0.808 0. 117.991 0.808 0.589 0. -4.008 0. 0. -1. 0.
-0.589 0.808 0. 116.851 0.808 0.589 0. -2.360 0. 0. -1. 0.
-0.591 0.807 0. 115.713 0.807 0.591 0. -0.719 0. 0. -1. 0.
-0.600 0.800 0. 114.580 0.800 0.600 0. 0.893 0. 0. -1. 0.
-0.613 0.790 0. 113.427 0.790 0.613 0. 2.467 0. 0. -1. 0.
-0.631 0.775 0. 112.249 0.775 0.631 0. 4.006 0. 0. -1. 0.
-0.655 0.756 0. 111.053 0.756 0.655 0. 5.485 0. 0. -1. 0.
-0.680 0.733 0. 109.811 0.733 0.680 0. 6.926 0. 0. -1. 0.
-0.709 0.705 0. 108.554 0.705 0.709 0. 8.260 0. 0. -1. 0.
-0.740 0.672 0. 107.265 0.672 0.740 0. 9.508 0. 0. -1. 0.
-0.774 0.634 0. 105.932 0.634 0.774 0. 10.668 0. 0. -1. 0.
-0.805 0.593 0. 104.608 0.593 0.805 0. 11.722 0. 0. -1. 0.
-0.836 0.549 0. 103.259 0.549 0.836 0. 12.669 0. 0. -1. 0.
-0.865 0.502 0. 101.879 0.502 0.865 0. 13.522 0. 0. -1. 0.
-0.893 0.450 0. 100.451 0.450 0.893 0. 14.295 0. 0. -1. 0.
-0.919 0.394 0. 99.016 0.394 0.919 0. 14.968 0. 0. -1. 0.
-0.941 0.338 0. 97.571 0.338 0.941 0. 15.521 0. 0. -1. 0.
-0.960 0.279 0. 96.121 0.279 0.960 0. 15.994 0. 0. -1. 0.
-0.975 0.224 0. 94.649 0.224 0.975 0. 16.386 0. 0. -1. 0.
-0.987 0.163 0. 93.140 0.163 0.987 0. 16.681 0. 0. -1. 0.
-0.994 0.106 0. 91.590 0.106 0.994 0. 16.928 0. 0. -1. 0.
-0.999 0.047 0. 90.022 0.047 0.999 0. 17.053 0. 0. -1. 0.
-1.000 -0.015 0. 88.385 -0.015 1.000 0. 17.110 -0. 0. -1. 0.
-0.997 -0.074 0. 86.715 -0.074 0.997 0. 17.014 -0. 0. -1. 0.
-0.992 -0.126 0. 85.004 -0.126 0.992 0. 16.849 -0. 0. -1. 0.
-0.987 -0.163 0. 83.282 -0.163 0.987 0. 16.567 -0. 0. -1. 0.
-0.983 -0.185 0. 81.566 -0.185 0.983 0. 16.302 -0. 0. -1. 0.
-0.980 -0.199 0. 79.802 -0.199 0.980 0. 15.980 -0. 0. -1. 0.
-0.979 -0.206 0. 78.032 -0.206 0.979 0. 15.640 -0. 0. -1. 0.
-0.977 -0.213 0. 76.281 -0.213 0.977 0. 15.306 -0. 0. -1. 0.
-0.976 -0.216 0. 74.532 -0.216 0.976 0. 14.954 -0. 0. -1. 0.
-0.976 -0.219 0. 72.778 -0.219 0.976 0. 14.602 -0. 0. -1. 0.
-0.975 -0.221 0. 71.043 -0.221 0.975 0. 14.242 -0. 0. -1. 0.
-0.975 -0.222 0. 69.311 -0.222 0.975 0. 13.888 -0. 0. -1. 0.
-0.975 -0.222 0. 67.576 -0.222 0.975 0. 13.539 -0. 0. -1. 0.
-0.975 -0.223 0. 65.852 -0.223 0.975 0. 13.174 -0. 0. -1. 0.
-0.974 -0.228 0. 64.147 -0.228 0.974 0. 12.807 -0. 0. -1. 0.
-0.973 -0.232 0. 62.412 -0.232 0.973 0. 12.417 -0. 0. -1. 0.
-0.970 -0.241 0. 60.683 -0.241 0.970 0. 12.039 -0. 0. -1. 0.
-0.967 -0.255 0. 58.948 -0.255 0.967 0. 11.642 -0. 0. -1. 0.
-0.963 -0.268 0. 57.213 -0.268 0.963 0. 11.214 -0. 0. -1. 0.
-0.960 -0.279 0. 55.478 -0.279 0.960 0. 10.766 -0. 0. -1. 0.
-0.958 -0.287 0. 53.744 -0.287 0.958 0. 10.276 -0. 0. -1. 0.
-0.957 -0.290 0. 52.015 -0.290 0.957 0. 9.781 -0. 0. -1. 0.
-0.956 -0.292 0. 50.249 -0.292 0.956 0. 9.287 -0. 0. -1. 0.
-0.957 -0.291 0. 48.488 -0.291 0.957 0. 8.779 -0. 0. -1. 0.
-0.958 -0.285 0. 46.703 -0.285 0.958 0. 8.277 -0. 0. -1. 0.
-0.960 -0.278 0. 44.891 -0.278 0.960 0. 7.792 -0. 0. -1. 0.
-0.963 -0.270 0. 43.065 -0.270 0.963 0. 7.323 -0. 0. -1. 0.
-0.965 -0.261 0. 41.217 -0.261 0.965 0. 6.867 -0. 0. -1. 0.
-0.968 -0.253 0. 39.343 -0.253 0.968 0. 6.413 -0. 0. -1. 0.
-0.970 -0.242 0. 37.459 -0.242 0.970 0. 6.012 -0. 0. -1. 0.
-0.972 -0.237 0. 35.568 -0.237 0.972 0. 5.568 -0. 0. -1. 0.
-0.973 -0.231 0. 33.615 -0.231 0.973 0. 5.135 -0. 0. -1. 0.
-0.974 -0.227 0. 31.673 -0.227 0.974 0. 4.719 -0. 0. -1. 0.
-0.974 -0.226 0. 29.686 -0.226 0.974 0. 4.308 -0. 0. -1. 0.
-0.975 -0.222 0. 27.653 -0.222 0.975 0. 3.874 -0. 0. -1. 0.
-0.976 -0.219 0. 25.665 -0.219 0.976 0. 3.477 -0. 0. -1. 0.
-0.977 -0.215 0. 23.594 -0.215 0.977 0. 3.064 -0. 0. -1. 0.
-0.978 -0.208 0. 21.539 -0.208 0.978 0. 2.667 -0. 0. -1. 0.
-0.980 -0.201 0. 19.445 -0.201 0.980 0. 2.284 -0. 0. -1. 0.
-0.981 -0.194 0. 17.334 -0.194 0.981 0. 1.907 -0. 0. -1. 0.
-0.982 -0.188 0. 15.195 -0.188 0.982 0. 1.530 -0. 0. -1. 0.
-0.983 -0.182 0. 13.088 -0.182 0.983 0. 1.172 -0. 0. -1. 0.
-0.984 -0.177 0. 10.914 -0.177 0.984 0. 0.811 -0. 0. -1. 0.
-0.985 -0.173 0. 8.743 -0.173 0.985 0. 0.460 -0. 0. -1. 0.
-0.986 -0.169 0. 6.553 -0.169 0.986 0. 0.107 -0. 0. -1. 0.
-0.986 -0.165 0. 4.347 -0.165 0.986 0. -0.222 -0. 0. -1. 0.
-0.987 -0.163 0. 2.094 -0.163 0.987 0. -0.566 -0. 0. -1. 0.
-0.987 -0.162 0. -0.133 -0.162 0.987 0. -0.909 -0. 0. -1. 0.
-0.987 -0.160 0. -2.389 -0.160 0.987 0. -1.237 -0. 0. -1. 0.
-0.987 -0.160 0. -4.637 -0.160 0.987 0. -1.557 -0. 0. -1. 0.
-0.987 -0.161 0. -6.868 -0.161 0.987 0. -1.869 -0. 0. -1. 0.
-0.987 -0.163 0. -9.109 -0.163 0.987 0. -2.185 -0. 0. -1. 0.
-0.986 -0.166 0. -11.335 -0.166 0.986 0. -2.543 -0. 0. -1. 0.
-0.986 -0.167 0. -13.492 -0.167 0.986 0. -2.883 -0. 0. -1. 0.
-0.986 -0.169 0. -15.723 -0.169 0.986 0. -3.200 -0. 0. -1. 0.
-0.985 -0.171 0. -17.888 -0.171 0.985 0. -3.522 -0. 0. -1. 0.
-0.985 -0.174 0. -20.078 -0.174 0.985 0. -3.855 -0. 0. -1. 0.
-0.984 -0.176 0. -22.288 -0.176 0.984 0. -4.186 -0. 0. -1. 0.
-0.984 -0.179 0. -24.491 -0.179 0.984 0. -4.506 -0. 0. -1. 0.
-0.983 -0.182 0. -26.702 -0.182 0.983 0. -4.843 -0. 0. -1. 0.
-0.982 -0.188 0. -28.907 -0.188 0.982 0. -5.204 -0. 0. -1. 0.
-0.980 -0.197 0. -31.087 -0.197 0.980 0. -5.617 -0. 0. -1. 0.
-0.978 -0.207 0. -33.273 -0.207 0.978 0. -6.046 -0. 0. -1. 0.
-0.976 -0.217 0. -35.451 -0.217 0.976 0. -6.503 -0. 0. -1. 0.
-0.974 -0.225 0. -37.573 -0.225 0.974 0. -6.947 -0. 0. -1. 0.
-0.972 -0.233 0. -39.679 -0.233 0.972 0. -7.403 -0. 0. -1. 0.
-0.971 -0.240 0. -41.783 -0.240 0.971 0. -7.880 -0. 0. -1. 0.
-0.969 -0.247 0. -43.800 -0.247 0.969 0. -8.337 -0. 0. -1. 0.
-0.967 -0.253 0. -45.806 -0.253 0.967 0. -8.808 -0. 0. -1. 0.
-0.966 -0.257 0. -47.732 -0.257 0.966 0. -9.271 -0. 0. -1. 0.
-0.966 -0.260 0. -49.587 -0.260 0.966 0. -9.718 -0. 0. -1. 0.
-0.966 -0.258 0. -51.390 -0.258 0.966 0. -10.161 -0. 0. -1. 0.
-0.967 -0.256 0. -53.105 -0.256 0.967 0. -10.570 -0. 0. -1. 0.
-0.968 -0.249 0. -54.740 -0.249 0.968 0. -10.970 -0. 0. -1. 0.
-0.971 -0.240 0. -56.304 -0.240 0.971 0. -11.339 -0. 0. -1. 0.
-0.975 -0.224 0. -57.792 -0.224 0.975 0. -11.655 -0. 0. -1. 0.
-0.979 -0.206 0. -59.195 -0.206 0.979 0. -11.928 -0. 0. -1. 0.
-0.983 -0.183 0. -60.524 -0.183 0.983 0. -12.149 -0. 0. -1. 0.
-0.988 -0.153 0. -61.769 -0.153 0.988 0. -12.322 -0. 0. -1. 0.
-0.993 -0.117 0. -62.964 -0.117 0.993 0. -12.440 -0. 0. -1. 0.
-0.997 -0.075 0. -64.102 -0.075 0.997 0. -12.524 -0. 0. -1. 0.
-1.000 -0.018 0. -65.186 -0.018 1.000 0. -12.534 -0. 0. -1. 0.
-0.999 0.049 0. -66.242 0.049 0.999 0. -12.464 0. 0. -1. 0.
-0.992 0.125 0. -67.292 0.125 0.992 0. -12.322 0. 0. -1. 0.
-0.978 0.211 0. -68.308 0.211 0.978 0. -12.087 0. 0. -1. 0.
-0.952 0.305 0. -69.277 0.305 0.952 0. -11.774 0. 0. -1. 0.
-0.914 0.407 0. -70.182 0.407 0.914 0. -11.365 0. 0. -1. 0.
-0.858 0.513 0. -71.031 0.513 0.858 0. -10.817 0. 0. -1. 0.
-0.784 0.621 0. -71.829 0.621 0.784 0. -10.187 0. 0. -1. 0.
-0.695 0.719 0. -72.545 0.719 0.695 0. -9.427 0. 0. -1. 0.
-0.596 0.803 0. -73.145 0.803 0.596 0. -8.560 0. 0. -1. 0.
-0.502 0.865 0. -73.664 0.865 0.502 0. -7.614 0. 0. -1. 0.
-0.421 0.907 0. -74.106 0.907 0.421 0. -6.597 0. 0. -1. 0.
-0.364 0.931 0. -74.472 0.931 0.364 0. -5.505 0. 0. -1. 0.
-0.326 0.945 0. -74.845 0.945 0.326 0. -4.362 0. 0. -1. 0.
-0.301 0.953 0. -75.187 0.953 0.301 0. -3.130 0. 0. -1. 0.
-0.286 0.958 0. -75.544 0.958 0.286 0. -1.847 0. 0. -1. 0.
-0.277 0.961 0. -75.905 0.961 0.277 0. -0.517 0. 0. -1. 0.
-0.272 0.962 0. -76.267 0.962 0.272 0. 0.874 0. 0. -1. 0.
-0.270 0.963 0. -76.639 0.963 0.270 0. 2.306 0. 0. -1. 0.
-0.269 0.963 0. -77.004 0.963 0.269 0. 3.787 0. 0. -1. 0.
-0.271 0.963 0. -77.393 0.963 0.271 0. 5.334 0. 0. -1. 0.
-0.272 0.962 0. -77.797 0.962 0.272 0. 6.911 0. 0. -1. 0.
-0.267 0.964 0. -78.216 0.964 0.267 0. 8.494 0. 0. -1. 0.
-0.255 0.967 0. -78.593 0.967 0.255 0. 10.070 0. 0. -1. 0.
-0.241 0.970 0. -78.968 0.970 0.241 0. 11.684 0. 0. -1. 0.
-0.221 0.975 0. -79.311 0.975 0.221 0. 13.294 0. 0. -1. 0.
-0.195 0.981 0. -79.615 0.981 0.195 0. 14.911 0. 0. -1. 0.
-0.166 0.986 0. -79.870 0.986 0.166 0. 16.554 0. 0. -1. 0.
-0.132 0.991 0. -80.088 0.991 0.132 0. 18.199 0. 0. -1. 0.
-0.102 0.995 0. -80.234 0.995 0.102 0. 19.895 0. 0. -1. 0.
-0.076 0.997 0. -80.331 0.997 0.076 0. 21.608 0. 0. -1. 0.
-0.065 0.998 0. -80.371 0.998 0.065 0. 23.344 0. 0. -1. 0.
-0.069 0.998 0. -80.434 0.998 0.069 0. 25.079 0. 0. -1. 0.
-0.083 0.997 0. -80.546 0.997 0.083 0. 26.912 0. 0. -1. 0.
-0.099 0.995 0. -80.693 0.995 0.099 0. 28.762 0. 0. -1. 0.
-0.117 0.993 0. -80.844 0.993 0.117 0. 30.605 0. 0. -1. 0.
-0.138 0.990 0. -81.046 0.990 0.138 0. 32.420 0. 0. -1. 0.
-0.158 0.987 0. -81.310 0.987 0.158 0. 34.362 0. 0. -1. 0.
-0.177 0.984 0. -81.617 0.984 0.177 0. 36.278 0. 0. -1. 0.
-0.192 0.981 0. -81.934 0.981 0.192 0. 38.207 0. 0. -1. 0.
-0.205 0.979 0. -82.307 0.979 0.205 0. 40.147 0. 0. -1. 0.
-0.216 0.976 0. -82.690 0.976 0.216 0. 42.081 0. 0. -1. 0.
-0.227 0.974 0. -83.101 0.974 0.227 0. 44.027 0. 0. -1. 0.
-0.234 0.972 0. -83.528 0.972 0.234 0. 45.969 0. 0. -1. 0.
-0.238 0.971 0. -83.969 0.971 0.238 0. 47.839 0. 0. -1. 0.
-0.238 0.971 0. -84.401 0.971 0.238 0. 49.742 0. 0. -1. 0.
-0.239 0.971 0. -84.820 0.971 0.239 0. 51.614 0. 0. -1. 0.
-0.242 0.970 0. -85.240 0.970 0.242 0. 53.447 0. 0. -1. 0.
-0.245 0.969 0. -85.666 0.969 0.245 0. 55.241 0. 0. -1. 0.
-0.252 0.968 0. -86.076 0.968 0.252 0. 57.013 0. 0. -1. 0.
-0.264 0.965 0. -86.495 0.965 0.264 0. 58.753 0. 0. -1. 0.
-0.287 0.958 0. -86.915 0.958 0.287 0. 60.449 0. 0. -1. 0.
-0.325 0.946 0. -87.419 0.946 0.325 0. 62.068 0. 0. -1. 0.
-0.371 0.929 0. -87.971 0.929 0.371 0. 63.613 0. 0. -1. 0.
-0.422 0.906 0. -88.573 0.906 0.422 0. 65.051 0. 0. -1. 0.
-0.482 0.876 0. -89.271 0.876 0.482 0. 66.396 0. 0. -1. 0.
-0.547 0.837 0. -90.047 0.837 0.547 0. 67.694 0. 0. -1. 0.
-0.613 0.790 0. -90.901 0.790 0.613 0. 68.862 0. 0. -1. 0.
-0.679 0.734 0. -91.790 0.734 0.679 0. 69.962 0. 0. -1. 0.
-0.744 0.668 0. -92.815 0.668 0.744 0. 70.920 0. 0. -1. 0.
-0.806 0.591 0. -93.854 0.591 0.806 0. 71.774 0. 0. -1. 0.
-0.862 0.507 0. -94.994 0.507 0.862 0. 72.450 0. 0. -1. 0.
-0.911 0.413 0. -96.172 0.413 0.911 0. 73.026 0. 0. -1. 0.
-0.948 0.318 0. -97.420 0.318 0.948 0. 73.477 0. 0. -1. 0.
-0.975 0.220 0. -98.682 0.220 0.975 0. 73.819 0. 0. -1. 0.
-0.991 0.135 0. -100.017 0.135 0.991 0. 74.008 0. 0. -1. 0.
-0.998 0.064 0. -101.356 0.064 0.998 0. 74.145 0. 0. -1. 0.
-1. 0.009 0. -102.751 0.009 1. 0. 74.186 0. 0. -1. 0.
-0.999 -0.035 0. -104.220 -0.035 0.999 0. 74.162 -0. 0. -1. 0.
-0.998 -0.059 0. -105.712 -0.059 0.998 0. 74.125 -0. 0. -1. 0.
-0.998 -0.067 0. -107.268 -0.067 0.998 0. 74.015 -0. 0. -1. 0.
-0.999 -0.053 0. -108.812 -0.053 0.999 0. 73.962 -0. 0. -1. 0.
-1.000 -0.023 0. -110.423 -0.023 1.000 0. 73.921 -0. 0. -1. 0.
-1.000 0.019 0. -112.035 0.019 1.000 0. 73.962 0. 0. -1. 0.
-0.998 0.065 0. -113.667 0.065 0.998 0. 74.077 0. 0. -1. 0.
-0.993 0.121 0. -115.330 0.121 0.993 0. 74.269 0. 0. -1. 0.
-0.984 0.179 0. -116.940 0.179 0.984 0. 74.598 0. 0. -1. 0.
-0.972 0.236 0. -118.617 0.236 0.972 0. 75.036 0. 0. -1. 0.
-0.956 0.292 0. -120.302 0.292 0.956 0. 75.562 0. 0. -1. 0.
-0.939 0.343 0. -121.956 0.343 0.939 0. 76.182 0. 0. -1. 0.
-0.923 0.386 0. -123.637 0.386 0.923 0. 76.899 0. 0. -1. 0.
-0.906 0.422 0. -125.321 0.422 0.906 0. 77.701 0. 0. -1. 0.
-0.892 0.451 0. -126.991 0.451 0.892 0. 78.572 0. 0. -1. 0.
-0.883 0.470 0. -128.692 0.470 0.883 0. 79.505 0. 0. -1. 0.
-0.878 0.479 0. -130.400 0.479 0.878 0. 80.474 0. 0. -1. 0.
-0.875 0.484 0. -132.147 0.484 0.875 0. 81.471 0. 0. -1. 0.
-0.873 0.487 0. -133.912 0.487 0.873 0. 82.488 0. 0. -1. 0.
-0.871 0.491 0. -135.698 0.491 0.871 0. 83.544 0. 0. -1. 0.
-0.871 0.491 0. -137.492 0.491 0.871 0. 84.614 0. 0. -1. 0.
-0.872 0.490 0. -139.324 0.490 0.872 0. 85.690 0. 0. -1. 0.
-0.871 0.491 0. -141.185 0.491 0.871 0. 86.780 0. 0. -1. 0.
-0.868 0.496 0. -143.037 0.496 0.868 0. 87.885 0. 0. -1. 0.
-0.866 0.500 0. -144.919 0.500 0.866 0. 89.027 0. 0. -1. 0.
-0.864 0.504 0. -146.820 0.504 0.864 0. 90.179 0. 0. -1. 0.
-0.861 0.508 0. -148.733 0.508 0.861 0. 91.347 0. 0. -1. 0.
-0.860 0.510 0. -150.669 0.510 0.860 0. 92.554 0. 0. -1. 0.
-0.860 0.510 0. -152.603 0.510 0.860 0. 93.753 0. 0. -1. 0.
-0.860 0.510 0. -154.569 0.510 0.860 0. 94.969 0. 0. -1. 0.
-0.860 0.510 0. -156.525 0.510 0.860 0. 96.186 0. 0. -1. 0.
-0.860 0.510 0. -158.514 0.510 0.860 0. 97.434 0. 0. -1. 0.
-0.860 0.511 0. -160.513 0.511 0.860 0. 98.689 0. 0. -1. 0.
-0.860 0.511 0. -162.513 0.511 0.860 0. 99.935 0. 0. -1. 0.
-0.859 0.512 0. -164.544 0.512 0.859 0. 101.207 0. 0. -1. 0.
-0.859 0.512 0. -166.565 0.512 0.859 0. 102.473 0. 0. -1. 0.
-0.858 0.513 0. -168.594 0.513 0.858 0. 103.753 0. 0. -1. 0.
-0.856 0.517 0. -170.623 0.517 0.856 0. 105.059 0. 0. -1. 0.
-0.853 0.522 0. -172.649 0.522 0.853 0. 106.354 0. 0. -1. 0.
-0.848 0.530 0. -174.687 0.530 0.848 0. 107.645 0. 0. -1. 0.
-0.840 0.542 0. -176.680 0.542 0.840 0. 108.953 0. 0. -1. 0.
-0.831 0.556 0. -178.640 0.556 0.831 0. 110.304 0. 0. -1. 0.
-0.819 0.573 0. -180.553 0.573 0.819 0. 111.681 0. 0. -1. 0.
-0.805 0.593 0. -182.414 0.593 0.805 0. 113.090 0. 0. -1. 0.
-0.790 0.613 0. -184.222 0.613 0.790 0. 114.537 0. 0. -1. 0.
-0.774 0.633 0. -185.959 0.633 0.774 0. 116.015 0. 0. -1. 0.
-0.757 0.653 0. -187.631 0.653 0.757 0. 117.518 0. 0. -1. 0.
-0.739 0.674 0. -189.263 0.674 0.739 0. 119.045 0. 0. -1. 0.
-0.717 0.697 0. -190.834 0.697 0.717 0. 120.598 0. 0. -1. 0.
-0.692 0.722 0. -192.347 0.722 0.692 0. 122.206 0. 0. -1. 0.
-0.664 0.747 0. -193.809 0.747 0.664 0. 123.875 0. 0. -1. 0.
-0.635 0.773 0. -195.224 0.773 0.635 0. 125.611 0. 0. -1. 0.
-0.603 0.798 0. -196.571 0.798 0.603 0. 127.408 0. 0. -1. 0.
-0.570 0.821 0. -197.849 0.821 0.570 0. 129.278 0. 0. -1. 0.
-0.537 0.844 0. -199.065 0.844 0.537 0. 131.224 0. 0. -1. 0.
-0.506 0.863 0. -200.200 0.863 0.506 0. 133.216 0. 0. -1. 0.
-0.480 0.877 0. -201.290 0.877 0.480 0. 135.264 0. 0. -1. 0.
-0.454 0.891 0. -202.330 0.891 0.454 0. 137.340 0. 0. -1. 0.
-0.429 0.903 0. -203.313 0.903 0.429 0. 139.454 0. 0. -1. 0.
-0.407 0.914 0. -204.250 0.914 0.407 0. 141.609 0. 0. -1. 0.
-0.391 0.920 0. -205.140 0.920 0.391 0. 143.799 0. 0. -1. 0.
-0.378 0.926 0. -206.003 0.926 0.378 0. 145.997 0. 0. -1. 0.
-0.368 0.930 0. -206.821 0.930 0.368 0. 148.187 0. 0. -1. 0.
-0.362 0.932 0. -207.625 0.932 0.362 0. 150.406 0. 0. -1. 0.
-0.358 0.934 0. -208.406 0.934 0.358 0. 152.578 0. 0. -1. 0.
-0.354 0.935 0. -209.172 0.935 0.354 0. 154.749 0. 0. -1. 0.
-0.354 0.935 0. -209.920 0.935 0.354 0. 156.886 0. 0. -1. 0.
-0.359 0.933 0. -210.670 0.933 0.359 0. 158.993 0. 0. -1. 0.
-0.368 0.930 0. -211.427 0.930 0.368 0. 161.077 0. 0. -1. 0.
-0.386 0.923 0. -212.203 0.923 0.386 0. 163.119 0. 0. -1. 0.
-0.409 0.912 0. -213.033 0.912 0.409 0. 165.106 0. 0. -1. 0.
-0.439 0.899 0. -213.904 0.899 0.439 0. 167.057 0. 0. -1. 0.
-0.476 0.879 0. -214.847 0.879 0.476 0. 168.945 0. 0. -1. 0.
-0.518 0.855 0. -215.860 0.855 0.518 0. 170.740 0. 0. -1. 0.
-0.561 0.828 0. -216.977 0.828 0.561 0. 172.492 0. 0. -1. 0.
-0.605 0.796 0. -218.122 0.796 0.605 0. 174.154 0. 0. -1. 0.
-0.653 0.757 0. -219.369 0.757 0.653 0. 175.726 0. 0. -1. 0.
-0.702 0.712 0. -220.734 0.712 0.702 0. 177.211 0. 0. -1. 0.
-0.748 0.663 0. -222.185 0.663 0.748 0. 178.559 0. 0. -1. 0.
-0.791 0.612 0. -223.679 0.612 0.791 0. 179.823 0. 0. -1. 0.
-0.836 0.549 0. -225.266 0.549 0.836 0. 180.974 0. 0. -1. 0.
-0.877 0.480 0. -226.953 0.480 0.877 0. 182.015 0. 0. -1. 0.
-0.914 0.406 0. -228.711 0.406 0.914 0. 182.900 0. 0. -1. 0.
-0.944 0.330 0. -230.550 0.330 0.944 0. 183.638 0. 0. -1. 0.
-0.966 0.258 0. -232.449 0.258 0.966 0. 184.228 0. 0. -1. 0.
-0.981 0.193 0. -234.404 0.193 0.981 0. 184.700 0. 0. -1. 0.
-0.991 0.137 0. -236.439 0.137 0.991 0. 185.068 0. 0. -1. 0.
-0.996 0.094 0. -238.509 0.094 0.996 0. 185.333 0. 0. -1. 0.
-0.998 0.067 0. -240.628 0.067 0.998 0. 185.526 0. 0. -1. 0.
-0.999 0.053 0. -242.790 0.053 0.999 0. 185.680 0. 0. -1. 0.
-0.999 0.043 0. -244.996 0.043 0.999 0. 185.820 0. 0. -1. 0.
-0.999 0.037 0. -247.219 0.037 0.999 0. 185.951 0. 0. -1. 0.
-0.999 0.033 0. -249.454 0.033 0.999 0. 186.077 0. 0. -1. 0.
-0.999 0.033 0. -251.711 0.033 0.999 0. 186.193 0. 0. -1. 0.
-0.999 0.033 0. -253.946 0.033 0.999 0. 186.309 0. 0. -1. 0.
-0.999 0.032 0. -256.175 0.032 0.999 0. 186.424 0. 0. -1. 0.
-0.999 0.034 0. -258.406 0.034 0.999 0. 186.566 0. 0. -1. 0.
-0.999 0.033 0. -260.609 0.033 0.999 0. 186.689 0. 0. -1. 0.
-0.999 0.033 0. -262.805 0.033 0.999 0. 186.801 0. 0. -1. 0.
-1.000 0.031 0. -264.989 0.031 1.000 0. 186.917 0. 0. -1. 0.
-1.000 0.028 0. -267.140 0.028 1.000 0. 187.022 0. 0. -1. 0.
-1.000 0.027 0. -269.283 0.027 1.000 0. 187.115 0. 0. -1. 0.
-1.000 0.027 0. -271.401 0.027 1.000 0. 187.218 0. 0. -1. 0.
-1.000 0.027 0. -273.508 0.027 1.000 0. 187.324 0. 0. -1. 0.
-1.000 0.027 0. -275.568 0.027 1.000 0. 187.427 0. 0. -1. 0.
-1.000 0.027 0. -277.589 0.027 1.000 0. 187.533 0. 0. -1. 0.
-1.000 0.029 0. -279.551 0.029 1.000 0. 187.640 0. 0. -1. 0.
-0.999 0.033 0. -281.446 0.033 0.999 0. 187.747 0. 0. -1. 0.
-0.999 0.040 0. -283.267 0.040 0.999 0. 187.856 0. 0. -1. 0.
-0.999 0.049 0. -285.001 0.049 0.999 0. 187.973 0. 0. -1. 0.
-0.998 0.060 0. -286.659 0.060 0.998 0. 188.106 0. 0. -1. 0.
-0.997 0.076 0. -288.272 0.076 0.997 0. 188.265 0. 0. -1. 0.
-0.995 0.100 0. -289.774 0.100 0.995 0. 188.425 0. 0. -1. 0.
-0.992 0.129 0. -291.204 0.129 0.992 0. 188.644 0. 0. -1. 0.
-0.987 0.164 0. -292.562 0.164 0.987 0. 188.900 0. 0. -1. 0.
-0.980 0.199 0. -293.821 0.199 0.980 0. 189.149 0. 0. -1. 0.
-0.973 0.231 0. -294.984 0.231 0.973 0. 189.488 0. 0. -1. 0.
-0.966 0.258 0. -296.061 0.258 0.966 0. 189.791 0. 0. -1. 0.
-0.961 0.275 0. -297.076 0.275 0.961 0. 190.121 0. 0. -1. 0.
-0.961 0.277 0. -298.059 0.277 0.961 0. 190.473 0. 0. -1. 0.
-0.964 0.265 0. -299. 0.265 0.964 0. 190.716 0. 0. -1. 0.
-0.969 0.245 0. -299.871 0.245 0.969 0. 191.004 0. 0. -1. 0.
-0.975 0.222 0. -300.697 0.222 0.975 0. 191.184 0. 0. -1. 0.
-0.981 0.194 0. -301.451 0.194 0.981 0. 191.322 0. 0. -1. 0.
-0.985 0.171 0. -302.105 0.171 0.985 0. 191.461 0. 0. -1. 0.
-0.989 0.148 0. -302.673 0.148 0.989 0. 191.532 0. 0. -1. 0.
-0.991 0.130 0. -303.146 0.130 0.991 0. 191.641 0. 0. -1. 0.
-0.993 0.118 0. -303.549 0.118 0.993 0. 191.665 0. 0. -1. 0.
-0.994 0.108 0. -303.885 0.108 0.994 0. 191.709 0. 0. -1. 0.
-0.995 0.100 0. -304.220 0.100 0.995 0. 191.757 0. 0. -1. 0.
-0.996 0.092 0. -304.547 0.092 0.996 0. 191.748 0. 0. -1. 0.
-0.996 0.087 0. -304.804 0.087 0.996 0. 191.795 0. 0. -1. 0.
-0.997 0.083 0. -305.021 0.083 0.997 0. 191.837 0. 0. -1. 0.
-0.996 0.084 0. -305.212 0.084 0.996 0. 191.851 0. 0. -1. 0.
-0.997 0.082 0. -305.373 0.082 0.997 0. 191.874 0. 0. -1. 0.
-0.996 0.084 0. -305.484 0.084 0.996 0. 191.911 0. 0. -1. 0.
-0.996 0.085 0. -305.549 0.085 0.996 0. 191.922 0. 0. -1. 0.
-0.996 0.085 0. -305.566 0.085 0.996 0. 191.921 0. 0. -1. 0.
-0.996 0.085 0. -305.565 0.085 0.996 0. 191.921 0. 0. -1. 0.
-0.996 0.085 0. -305.565 0.085 0.996 0. 191.921 0. 0. -1. 0.
-0.996 0.085 0. -305.565 0.085 0.996 0. 191.921 0. 0. -1. 0.
-0.996 0.085 0. -305.565 0.085 0.996 0. 191.921 0. 0. -1. 0.
-0.996 0.085 0. -305.565 0.085 0.996 0. 191.921 0. 0. -1. 0.
-0.996 0.085 0. -305.565 0.085 0.996 0. 191.921 0. 0. -1. 0.
-0.996 0.085 0. -305.565 0.085 0.996 0. 191.921 0. 0. -1. 0.
-0.996 0.085 0. -305.565 0.085 0.996 0. 191.921 0. 0. -1. 0.
-0.996 0.085 0. -305.565 0.085 0.996 0. 191.921 0. 0. -1. 0.
-0.996 0.085 0. -305.565 0.085 0.996 0. 191.921 0. 0. -1. 0.
-0.996 0.085 0. -305.565 0.085 0.996 0. 191.921 0. 0. -1. 0.
-0.996 0.085 0. -305.565 0.085 0.996 0. 191.921 0. 0. -1. 0.
-0.996 0.085 0. -305.565 0.085 0.996 0. 191.921 0. 0. -1. 0.
-0.996 0.085 0. -305.565 0.085 0.996 0. 191.921 0. 0. -1. 0.
-0.996 0.085 0. -305.565 0.085 0.996 0. 191.921 0. 0. -1. 0.
-0.996 0.085 0. -305.565 0.085 0.996 0. 191.921 0. 0. -1. 0.
-0.996 0.085 0. -305.565 0.085 0.996 0. 191.921 0. 0. -1. 0.
-0.996 0.085 0. -305.565 0.085 0.996 0. 191.921 0. 0. -1. 0.
-0.996 0.085 0. -305.565 0.085 0.996 0. 191.921 0. 0. -1. 0.
-0.996 0.085 0. -305.565 0.085 0.996 0. 191.921 0. 0. -1. 0.
-0.996 0.085 0. -305.565 0.085 0.996 0. 191.921 0. 0. -1. 0.
-0.996 0.085 0. -305.565 0.085 0.996 0. 191.921 0. 0. -1. 0.
-0.996 0.085 0. -305.565 0.085 0.996 0. 191.921 0. 0. -1. 0.
-0.996 0.085 0. -305.565 0.085 0.996 0. 191.921 0. 0. -1. 0.
-0.996 0.085 0. -305.565 0.085 0.996 0. 191.921 0. 0. -1. 0.
-0.996 0.085 0. -305.565 0.085 0.996 0. 191.921 0. 0. -1. 0.
-0.996 0.085 0. -305.565 0.085 0.996 0. 191.921 0. 0. -1. 0.
-0.996 0.085 0. -305.565 0.085 0.996 0. 191.921 0. 0. -1. 0.
-0.996 0.085 0. -305.565 0.085 0.996 0. 191.921 0. 0. -1. 0.
-0.996 0.085 0. -305.565 0.085 0.996 0. 191.921 0. 0. -1. 0.
-0.996 0.085 0. -305.565 0.085 0.996 0. 191.921 0. 0. -1. 0.
-0.996 0.085 0. -305.565 0.085 0.996 0. 191.921 0. 0. -1. 0.
-0.996 0.085 0. -305.565 0.085 0.996 0. 191.921 0. 0. -1. 0.
-0.996 0.085 0. -305.565 0.085 0.996 0. 191.921 0. 0. -1. 0.
-0.996 0.085 0. -305.565 0.085 0.996 0. 191.921 0. 0. -1. 0.
-0.996 0.085 0. -305.565 0.085 0.996 0. 191.921 0. 0. -1. 0.
-0.996 0.085 0. -305.565 0.085 0.996 0. 191.921 0. 0. -1. 0.
-0.996 0.085 0. -305.565 0.085 0.996 0. 191.921 0. 0. -1. 0.
-0.996 0.085 0. -305.565 0.085 0.996 0. 191.921 0. 0. -1. 0.
-0.996 0.085 0. -305.565 0.085 0.996 0. 191.921 0. 0. -1. 0.
-0.996 0.085 0. -305.565 0.085 0.996 0. 191.921 0. 0. -1. 0.
-0.996 0.085 0. -305.565 0.085 0.996 0. 191.921 0. 0. -1. 0.
-0.996 0.085 0. -305.565 0.085 0.996 0. 191.921 0. 0. -1. 0.
-0.996 0.085 0. -305.565 0.085 0.996 0. 191.921 0. 0. -1. 0.
-0.996 0.085 0. -305.565 0.085 0.996 0. 191.921 0. 0. -1. 0.
-0.996 0.085 0. -305.565 0.085 0.996 0. 191.921 0. 0. -1. 0.
-0.996 0.085 0. -305.565 0.085 0.996 0. 191.921 0. 0. -1. 0.
-0.996 0.085 0. -305.565 0.085 0.996 0. 191.921 0. 0. -1. 0.
-0.996 0.085 0. -305.565 0.085 0.996 0. 191.921 0. 0. -1. 0.
-0.996 0.085 0. -305.565 0.085 0.996 0. 191.921 0. 0. -1. 0.
-0.996 0.085 0. -305.565 0.085 0.996 0. 191.921 0. 0. -1. 0.
-0.996 0.085 0. -305.565 0.085 0.996 0. 191.921 0. 0. -1. 0.
-0.996 0.085 0. -305.565 0.085 0.996 0. 191.921 0. 0. -1. 0.
-0.996 0.085 0. -305.565 0.085 0.996 0. 191.921 0. 0. -1. 0.
-0.996 0.085 0. -305.565 0.085 0.996 0. 191.921 0. 0. -1. 0.
-0.996 0.085 0. -305.565 0.085 0.996 0. 191.921 0. 0. -1. 0.
-0.996 0.085 0. -305.565 0.085 0.996 0. 191.921 0. 0. -1. 0.
-0.996 0.085 0. -305.565 0.085 0.996 0. 191.921 0. 0. -1. 0.
-0.996 0.085 0. -305.565 0.085 0.996 0. 191.921 0. 0. -1. 0.
-0.996 0.085 0. -305.565 0.085 0.996 0. 191.921 0. 0. -1. 0.
-0.996 0.085 0. -305.565 0.085 0.996 0. 191.921 0. 0. -1. 0.
-0.996 0.085 0. -305.565 0.085 0.996 0. 191.921 0. 0. -1. 0.
-0.996 0.085 0. -305.565 0.085 0.996 0. 191.921 0. 0. -1. 0.
-0.996 0.085 0. -305.565 0.085 0.996 0. 191.921 0. 0. -1. 0.
-0.996 0.085 0. -305.565 0.085 0.996 0. 191.921 0. 0. -1. 0.
-0.996 0.085 0. -305.565 0.085 0.996 0. 191.921 0. 0. -1. 0.
-0.996 0.085 0. -305.565 0.085 0.996 0. 191.921 0. 0. -1. 0.
-0.996 0.085 0. -305.565 0.085 0.996 0. 191.921 0. 0. -1. 0.
-0.996 0.085 0. -305.565 0.085 0.996 0. 191.921 0. 0. -1. 0.
-0.996 0.085 0. -305.565 0.085 0.996 0. 191.921 0. 0. -1. 0.
-0.996 0.085 0. -305.565 0.085 0.996 0. 191.921 0. 0. -1. 0.
-0.996 0.085 0. -305.565 0.085 0.996 0. 191.921 0. 0. -1. 0.
-0.996 0.085 0. -305.565 0.085 0.996 0. 191.921 0. 0. -1. 0.
-0.996 0.085 0. -305.565 0.085 0.996 0. 191.921 0. 0. -1. 0.
-0.996 0.085 0. -305.565 0.085 0.996 0. 191.921 0. 0. -1. 0.
-0.996 0.085 0. -305.565 0.085 0.996 0. 191.921 0. 0. -1. 0.
-0.996 0.085 0. -305.565 0.085 0.996 0. 191.921 0. 0. -1. 0.
-0.996 0.085 0. -305.565 0.085 0.996 0. 191.921 0. 0. -1. 0.
-0.996 0.085 0. -305.565 0.085 0.996 0. 191.921 0. 0. -1. 0.
-0.996 0.085 0. -305.565 0.085 0.996 0. 191.921 0. 0. -1. 0.
-0.996 0.085 0. -305.565 0.085 0.996 0. 191.921 0. 0. -1. 0.
-0.996 0.085 0. -305.565 0.085 0.996 0. 191.921 0. 0. -1. 0.
-0.996 0.085 0. -305.565 0.085 0.996 0. 191.921 0. 0. -1. 0.
-0.996 0.085 0. -305.565 0.085 0.996 0. 191.921 0. 0. -1. 0.
-0.996 0.085 0. -305.565 0.085 0.996 0. 191.921 0. 0. -1. 0.
-0.996 0.085 0. -305.565 0.085 0.996 0. 191.921 0. 0. -1. 0.
-0.996 0.085 0. -305.565 0.085 0.996 0. 191.921 0. 0. -1. 0.
-0.996 0.085 0. -305.565 0.085 0.996 0. 191.921 0. 0. -1. 0.
-0.996 0.085 0. -305.565 0.085 0.996 0. 191.921 0. 0. -1. 0.
-0.996 0.085 0. -305.565 0.085 0.996 0. 191.921 0. 0. -1. 0.
-0.996 0.085 0. -305.565 0.085 0.996 0. 191.921 0. 0. -1. 0.
-0.996 0.085 0. -305.565 0.085 0.996 0. 191.921 0. 0. -1. 0.
-0.996 0.085 0. -305.565 0.085 0.996 0. 191.921 0. 0. -1. 0.
-0.996 0.085 0. -305.565 0.085 0.996 0. 191.921 0. 0. -1. 0.
-0.996 0.085 0. -305.565 0.085 0.996 0. 191.921 0. 0. -1. 0.
-0.996 0.085 0. -305.565 0.085 0.996 0. 191.921 0. 0. -1. 0.
-0.996 0.085 0. -305.565 0.085 0.996 0. 191.921 0. 0. -1. 0.
-0.996 0.085 0. -305.565 0.085 0.996 0. 191.921 0. 0. -1. 0.
-0.996 0.085 0. -305.565 0.085 0.996 0. 191.921 0. 0. -1. 0.
-0.996 0.085 0. -305.565 0.085 0.996 0. 191.921 0. 0. -1. 0.
-0.996 0.085 0. -305.565 0.085 0.996 0. 191.921 0. 0. -1. 0.
-0.996 0.085 0. -305.565 0.085 0.996 0. 191.921 0. 0. -1. 0.
-0.996 0.085 0. -305.565 0.085 0.996 0. 191.921 0. 0. -1. 0.
-0.996 0.085 0. -305.565 0.085 0.996 0. 191.921 0. 0. -1. 0.
-0.996 0.085 0. -305.565 0.085 0.996 0. 191.921 0. 0. -1. 0.
-0.996 0.085 0. -305.565 0.085 0.996 0. 191.921 0. 0. -1. 0.
-0.996 0.085 0. -305.565 0.085 0.996 0. 191.921 0. 0. -1. 0.
-0.996 0.085 0. -305.565 0.085 0.996 0. 191.921 0. 0. -1. 0.
-0.996 0.085 0. -305.565 0.085 0.996 0. 191.921 0. 0. -1. 0.
-0.996 0.085 0. -305.565 0.085 0.996 0. 191.921 0. 0. -1. 0.
-0.996 0.085 0. -305.565 0.085 0.996 0. 191.921 0. 0. -1. 0.
-0.996 0.085 0. -305.565 0.085 0.996 0. 191.921 0. 0. -1. 0.
-0.996 0.085 0. -305.565 0.085 0.996 0. 191.921 0. 0. -1. 0.
-0.996 0.085 0. -305.565 0.085 0.996 0. 191.921 0. 0. -1. 0.
-0.996 0.085 0. -305.565 0.085 0.996 0. 191.921 0. 0. -1. 0.
-0.996 0.085 0. -305.565 0.085 0.996 0. 191.921 0. 0. -1. 0.
-0.996 0.085 0. -305.565 0.085 0.996 0. 191.921 0. 0. -1. 0.
-0.996 0.085 0. -305.565 0.085 0.996 0. 191.921 0. 0. -1. 0.
-0.996 0.085 0. -305.565 0.085 0.996 0. 191.921 0. 0. -1. 0.
-0.996 0.085 0. -305.565 0.085 0.996 0. 191.921 0. 0. -1. 0.
-0.996 0.085 0. -305.565 0.085 0.996 0. 191.921 0. 0. -1. 0.
-0.996 0.085 0. -305.565 0.085 0.996 0. 191.921 0. 0. -1. 0.
-0.996 0.085 0. -305.565 0.085 0.996 0. 191.921 0. 0. -1. 0.
-0.996 0.085 0. -305.565 0.085 0.996 0. 191.921 0. 0. -1. 0.
-0.996 0.085 0. -305.565 0.085 0.996 0. 191.921 0. 0. -1. 0.
-0.996 0.085 0. -305.565 0.085 0.996 0. 191.921 0. 0. -1. 0.
-0.996 0.085 0. -305.565 0.085 0.996 0. 191.921 0. 0. -1. 0.
-0.996 0.085 0. -305.565 0.085 0.996 0. 191.921 0. 0. -1. 0.
-0.996 0.085 0. -305.565 0.085 0.996 0. 191.921 0. 0. -1. 0.
-0.996 0.086 0. -305.565 0.086 0.996 0. 191.921 0. 0. -1. 0.
-0.996 0.086 0. -305.565 0.086 0.996 0. 191.921 0. 0. -1. 0.
-0.996 0.086 0. -305.565 0.086 0.996 0. 191.921 0. 0. -1. 0.
-0.996 0.086 0. -305.565 0.086 0.996 0. 191.921 0. 0. -1. 0.
-0.996 0.086 0. -305.565 0.086 0.996 0. 191.921 0. 0. -1. 0.
-0.996 0.086 0. -305.565 0.086 0.996 0. 191.921 0. 0. -1. 0.
-0.996 0.086 0. -305.565 0.086 0.996 0. 191.921 0. 0. -1. 0.
-0.996 0.086 0. -305.565 0.086 0.996 0. 191.921 0. 0. -1. 0.
-0.996 0.086 0. -305.565 0.086 0.996 0. 191.921 0. 0. -1. 0.
-0.996 0.085 0. -305.565 0.085 0.996 0. 191.921 0. 0. -1. 0.
-0.996 0.085 0. -305.565 0.085 0.996 0. 191.921 0. 0. -1. 0.
-0.996 0.086 0. -305.565 0.086 0.996 0. 191.921 0. 0. -1. 0.
-0.996 0.086 0. -305.565 0.086 0.996 0. 191.921 0. 0. -1. 0.
-0.996 0.086 0. -305.565 0.086 0.996 0. 191.921 0. 0. -1. 0.
-0.996 0.085 0. -305.565 0.085 0.996 0. 191.921 0. 0. -1. 0.
-0.996 0.086 0. -305.565 0.086 0.996 0. 191.921 0. 0. -1. 0.
-0.996 0.086 0. -305.565 0.086 0.996 0. 191.921 0. 0. -1. 0.
-0.996 0.086 0. -305.565 0.086 0.996 0. 191.921 0. 0. -1. 0.
-0.996 0.086 0. -305.565 0.086 0.996 0. 191.921 0. 0. -1. 0.
-0.996 0.086 0. -305.565 0.086 0.996 0. 191.921 0. 0. -1. 0.
-0.996 0.086 0. -305.565 0.086 0.996 0. 191.921 0. 0. -1. 0.
-0.996 0.086 0. -305.565 0.086 0.996 0. 191.921 0. 0. -1. 0.
-0.996 0.086 0. -305.565 0.086 0.996 0. 191.921 0. 0. -1. 0.
-0.996 0.086 0. -305.565 0.086 0.996 0. 191.921 0. 0. -1. 0.
-0.996 0.086 0. -305.565 0.086 0.996 0. 191.921 0. 0. -1. 0.
-0.996 0.086 0. -305.565 0.086 0.996 0. 191.921 0. 0. -1. 0.
-0.996 0.086 0. -305.565 0.086 0.996 0. 191.921 0. 0. -1. 0.
-0.996 0.086 0. -305.565 0.086 0.996 0. 191.921 0. 0. -1. 0.
-0.996 0.086 0. -305.565 0.086 0.996 0. 191.921 0. 0. -1. 0.
-0.996 0.086 0. -305.565 0.086 0.996 0. 191.921 0. 0. -1. 0.
-0.996 0.086 0. -305.565 0.086 0.996 0. 191.921 0. 0. -1. 0.
-0.996 0.086 0. -305.565 0.086 0.996 0. 191.921 0. 0. -1. 0.
-0.996 0.086 0. -305.565 0.086 0.996 0. 191.921 0. 0. -1. 0.
-0.996 0.086 0. -305.565 0.086 0.996 0. 191.921 0. 0. -1. 0.
-0.996 0.086 0. -305.565 0.086 0.996 0. 191.921 0. 0. -1. 0.
-0.996 0.086 0. -305.565 0.086 0.996 0. 191.921 0. 0. -1. 0.
-0.996 0.086 0. -305.565 0.086 0.996 0. 191.921 0. 0. -1. 0.
-0.996 0.086 0. -305.565 0.086 0.996 0. 191.921 0. 0. -1. 0.
-0.996 0.086 0. -305.565 0.086 0.996 0. 191.921 0. 0. -1. 0.
-0.996 0.086 0. -305.565 0.086 0.996 0. 191.921 0. 0. -1. 0.
-0.996 0.086 0. -305.565 0.086 0.996 0. 191.921 0. 0. -1. 0.
-0.996 0.086 0. -305.565 0.086 0.996 0. 191.921 0. 0. -1. 0.
-0.996 0.086 0. -305.565 0.086 0.996 0. 191.921 0. 0. -1. 0.
-0.996 0.086 0. -305.565 0.086 0.996 0. 191.921 0. 0. -1. 0.
