1. 0. 0. 0. 0. -1. -0. 0. 0. 0. -1. 0.
1. -0.002 -0. 0.000 -0.002 -1. -0. 0.010 0. 0. -1. 0.
1. -0.000 -0. -0.003 -0.000 -1. -0. -0.014 0. 0. -1. 0.
1. 0.001 0. 0.002 0.001 -1. -0. 0.003 0. 0. -1. 0.
1. 0.000 0. 0.041 0.000 -1. -0. 0.052 0. 0. -1. 0.
1. -0.005 -0. 0.013 -0.005 -1. -0. 0.027 0. 0. -1. 0.
1. 0.001 0. -0.001 0.001 -1. -0. -0.006 0. 0. -1. 0.
1. -0.003 -0. 0.021 -0.003 -1. -0. 0.043 0. 0. -1. 0.
1. -0.005 -0. 0.046 -0.005 -1. -0. 0.038 0. 0. -1. 0.
1. -0.004 -0. -0.001 -0.004 -1. -0. -0.013 0. 0. -1. 0.
1. 0.001 0. 0.001 0.001 -1. -0. -0.014 0. 0. -1. 0.
1. -0.001 -0. 0.043 -0.001 -1. -0. 0.045 0. 0. -1. 0.
1. -0.004 -0. 0.007 -0.004 -1. -0. -0.001 0. 0. -1. 0.
1. -0.006 -0. 0.008 -0.006 -1. -0. 0.019 0. 0. -1. 0.
1. -0.001 -0. 0.006 -0.001 -1. -0. -0.018 0. 0. -1. 0.
1. -0.002 -0. 0.075 -0.002 -1. -0. 0.047 0. 0. -1. 0.
1. -0.005 -0. 0.157 -0.005 -1. -0. -0.023 0. 0. -1. 0.
1.000 -0.017 -0. 0.206 -0.017 -1.000 -0. 0.003 0. 0. -1. 0.
0.999 -0.034 -0. 0.301 -0.034 -0.999 -0. -0.002 0. 0. -1. 0.
0.999 -0.054 -0. 0.446 -0.054 -0.999 -0. -0.041 0. 0. -1. 0.
0.997 -0.077 -0. 0.682 -0.077 -0.997 -0. -0.109 0. 0. -1. 0.
0.995 -0.101 -0. 1.026 -0.101 -0.995 -0. -0.123 0. 0. -1. 0.
0.991 -0.135 -0. 1.446 -0.135 -0.991 -0. -0.192 0. 0. -1. 0.
0.984 -0.176 -0. 1.983 -0.176 -0.984 -0. -0.302 0. 0. -1. 0.
0.981 -0.194 -0. 2.537 -0.194 -0.981 -0. -0.519 0. 0. -1. 0.
0.980 -0.200 -0. 3.173 -0.200 -0.980 -0. -0.676 0. 0. -1. 0.
0.979 -0.202 -0. 3.980 -0.202 -0.979 -0. -0.841 0. 0. -1. 0.
0.979 -0.203 -0. 4.857 -0.203 -0.979 -0. -0.950 0. 0. -1. 0.
0.981 -0.192 -0. 5.758 -0.192 -0.981 -0. -1.188 0. 0. -1. 0.
0.983 -0.183 -0. 6.728 -0.183 -0.983 -0. -1.314 0. 0. -1. 0.
0.982 -0.186 -0. 7.767 -0.186 -0.982 -0. -1.490 0. 0. -1. 0.
0.984 -0.179 -0. 8.774 -0.179 -0.984 -0. -1.766 0. 0. -1. 0.
0.986 -0.167 -0. 9.905 -0.167 -0.986 -0. -1.951 0. 0. -1. 0.
0.988 -0.154 -0. 11.051 -0.154 -0.988 -0. -2.158 0. 0. -1. 0.
0.990 -0.141 -0. 12.248 -0.141 -0.990 -0. -2.340 0. 0. -1. 0.
0.991 -0.136 -0. 13.481 -0.136 -0.991 -0. -2.511 0. 0. -1. 0.
0.992 -0.126 -0. 14.768 -0.126 -0.992 -0. -2.702 0. 0. -1. 0.
0.995 -0.102 -0. 16.197 -0.102 -0.995 -0. -2.848 0. 0. -1. 0.
0.996 -0.085 -0. 17.533 -0.085 -0.996 -0. -2.880 0. 0. -1. 0.
0.998 -0.070 -0. 18.923 -0.070 -0.998 -0. -2.942 0. 0. -1. 0.
0.998 -0.060 -0. 20.432 -0.060 -0.998 -0. -3.160 0. 0. -1. 0.
0.998 -0.070 -0. 22.031 -0.070 -0.998 -0. -3.281 0. 0. -1. 0.
0.997 -0.071 -0. 23.607 -0.071 -0.997 -0. -3.510 0. 0. -1. 0.
0.997 -0.079 -0. 25.242 -0.079 -0.997 -0. -3.588 0. 0. -1. 0.
0.997 -0.074 -0. 26.837 -0.074 -0.997 -0. -3.823 0. 0. -1. 0.
0.997 -0.075 -0. 28.551 -0.075 -0.997 -0. -4.082 0. 0. -1. 0.
0.997 -0.082 -0. 30.155 -0.082 -0.997 -0. -4.160 0. 0. -1. 0.
0.997 -0.079 -0. 31.754 -0.079 -0.997 -0. -4.292 0. 0. -1. 0.
0.996 -0.086 -0. 33.443 -0.086 -0.996 -0. -4.538 0. 0. -1. 0.
0.995 -0.100 -0. 34.929 -0.100 -0.995 -0. -4.654 0. 0. -1. 0.
0.996 -0.089 -0. 36.579 -0.089 -0.996 -0. -4.843 0. 0. -1. 0.
0.997 -0.073 -0. 38.121 -0.073 -0.997 -0. -5.050 0. 0. -1. 0.
0.999 -0.046 -0. 39.808 -0.046 -0.999 -0. -5.108 0. 0. -1. 0.
1.000 -0.024 -0. 41.473 -0.024 -1.000 -0. -5.019 0. 0. -1. 0.
1. 0.002 0. 43.131 0.002 -1. -0. -5.120 0. 0. -1. 0.
1.000 0.016 0. 44.877 0.016 -1.000 -0. -5.165 0. 0. -1. 0.
1.000 0.017 0. 46.515 0.017 -1.000 -0. -4.971 0. 0. -1. 0.
1.000 0.024 0. 48.230 0.024 -1.000 -0. -5.155 0. 0. -1. 0.
1.000 0.026 0. 49.908 0.026 -1.000 -0. -5.023 0. 0. -1. 0.
1.000 0.030 0. 51.675 0.030 -1.000 -0. -5.005 0. 0. -1. 0.
0.999 0.033 0. 53.500 0.033 -0.999 -0. -5.046 0. 0. -1. 0.
0.999 0.036 0. 55.255 0.036 -0.999 -0. -5.057 0. 0. -1. 0.
0.999 0.041 0. 57.127 0.041 -0.999 -0. -4.999 0. 0. -1. 0.
1.000 0.031 0. 59.082 0.031 -1.000 -0. -4.833 0. 0. -1. 0.
0.999 0.035 0. 60.936 0.035 -0.999 -0. -4.965 0. 0. -1. 0.
0.999 0.036 0. 62.871 0.036 -0.999 -0. -4.840 0. 0. -1. 0.
0.999 0.032 0. 64.828 0.032 -0.999 -0. -4.748 0. 0. -1. 0.
0.999 0.037 0. 66.775 0.037 -0.999 -0. -4.705 0. 0. -1. 0.
0.999 0.042 0. 68.753 0.042 -0.999 -0. -4.537 0. 0. -1. 0.
0.999 0.036 0. 70.718 0.036 -0.999 -0. -4.496 0. 0. -1. 0.
0.999 0.033 0. 72.663 0.033 -0.999 -0. -4.573 0. 0. -1. 0.
1.000 0.026 0. 74.644 0.026 -1.000 -0. -4.472 0. 0. -1. 0.
1.000 0.021 0. 76.658 0.021 -1.000 -0. -4.402 0. 0. -1. 0.
1. 0.007 0. 78.667 0.007 -1. -0. -4.409 0. 0. -1. 0.
1. -0.001 -0. 80.566 -0.001 -1. -0. -4.346 0. 0. -1. 0.
0.999 -0.033 -0. 82.575 -0.033 -0.999 -0. -4.422 0. 0. -1. 0.
0.998 -0.067 -0. 84.476 -0.067 -0.998 -0. -4.597 0. 0. -1. 0.
0.993 -0.120 -0. 86.368 -0.120 -0.993 -0. -4.774 0. 0. -1. 0.
0.985 -0.172 -0. 88.224 -0.172 -0.985 -0. -5.132 0. 0. -1. 0.
0.973 -0.229 -0. 90.062 -0.229 -0.973 -0. -5.581 0. 0. -1. 0.
0.958 -0.285 -0. 91.843 -0.285 -0.958 -0. -6.128 0. 0. -1. 0.
0.941 -0.340 -0. 93.620 -0.340 -0.941 -0. -6.792 0. 0. -1. 0.
0.920 -0.392 -0. 95.374 -0.392 -0.920 -0. -7.548 0. 0. -1. 0.
0.900 -0.435 -0. 97.086 -0.435 -0.900 -0. -8.363 0. 0. -1. 0.
0.871 -0.491 -0. 98.817 -0.491 -0.871 -0. -9.211 0. 0. -1. 0.
0.835 -0.551 -0. 100.295 -0.551 -0.835 -0. -10.265 0. 0. -1. 0.
0.797 -0.604 -0. 101.781 -0.604 -0.797 -0. -11.457 0. 0. -1. 0.
0.758 -0.652 -0. 103.131 -0.652 -0.758 -0. -12.585 0. 0. -1. 0.
0.703 -0.712 -0. 104.632 -0.712 -0.703 -0. -13.891 0. 0. -1. 0.
0.646 -0.763 -0. 105.674 -0.763 -0.646 -0. -15.400 0. 0. -1. 0.
0.588 -0.809 -0. 106.747 -0.809 -0.588 -0. -16.866 0. 0. -1. 0.
0.527 -0.850 -0. 107.885 -0.850 -0.527 -0. -18.412 0. 0. -1. 0.
0.466 -0.885 -0. 108.564 -0.885 -0.466 -0. -20.028 0. 0. -1. 0.
0.423 -0.906 -0. 109.210 -0.906 -0.423 -0. -21.805 0. 0. -1. 0.
0.387 -0.922 -0. 109.984 -0.922 -0.387 -0. -23.537 0. 0. -1. 0.
0.356 -0.934 -0. 110.676 -0.934 -0.356 -0. -25.320 0. 0. -1. 0.
0.342 -0.940 -0. 111.108 -0.940 -0.342 -0. -27.245 0. 0. -1. 0.
0.338 -0.941 -0. 111.969 -0.941 -0.338 -0. -29.107 0. 0. -1. 0.
0.333 -0.943 -0. 112.440 -0.943 -0.333 -0. -30.941 0. 0. -1. 0.
0.328 -0.945 -0. 113.288 -0.945 -0.328 -0. -32.883 0. 0. -1. 0.
0.335 -0.942 -0. 113.682 -0.942 -0.335 -0. -34.824 0. 0. -1. 0.
0.340 -0.940 -0. 114.650 -0.940 -0.340 -0. -36.809 0. 0. -1. 0.
0.355 -0.935 -0. 115.364 -0.935 -0.355 -0. -38.725 0. 0. -1. 0.
0.378 -0.926 -0. 116.084 -0.926 -0.378 -0. -40.635 0. 0. -1. 0.
0.409 -0.913 -0. 116.852 -0.913 -0.409 -0. -42.485 0. 0. -1. 0.
0.445 -0.895 -0. 117.658 -0.895 -0.445 -0. -44.364 0. 0. -1. 0.
0.465 -0.885 -0. 118.801 -0.885 -0.465 -0. -46.099 0. 0. -1. 0.
0.491 -0.871 -0. 119.642 -0.871 -0.491 -0. -47.838 0. 0. -1. 0.
0.512 -0.859 -0. 120.568 -0.859 -0.512 -0. -49.579 0. 0. -1. 0.
0.514 -0.858 -0. 121.738 -0.858 -0.514 -0. -51.261 0. 0. -1. 0.
0.528 -0.849 -0. 122.553 -0.849 -0.528 -0. -52.950 0. 0. -1. 0.
0.528 -0.849 -0. 123.635 -0.849 -0.528 -0. -54.559 0. 0. -1. 0.
0.528 -0.849 -0. 124.564 -0.849 -0.528 -0. -56.144 0. 0. -1. 0.
0.524 -0.852 -0. 125.583 -0.852 -0.524 -0. -57.784 0. 0. -1. 0.
0.526 -0.850 -0. 126.380 -0.850 -0.526 -0. -59.334 0. 0. -1. 0.
0.525 -0.851 -0. 127.454 -0.851 -0.525 -0. -60.859 0. 0. -1. 0.
0.522 -0.853 -0. 128.402 -0.853 -0.522 -0. -62.471 0. 0. -1. 0.
0.521 -0.854 -0. 129.281 -0.854 -0.521 -0. -63.901 0. 0. -1. 0.
0.523 -0.852 -0. 130.125 -0.852 -0.523 -0. -65.590 0. 0. -1. 0.
0.523 -0.852 -0. 131.092 -0.852 -0.523 -0. -66.948 0. 0. -1. 0.
0.544 -0.839 -0. 131.835 -0.839 -0.544 -0. -68.405 0. 0. -1. 0.
0.563 -0.827 -0. 132.830 -0.827 -0.563 -0. -69.774 0. 0. -1. 0.
0.592 -0.806 -0. 133.761 -0.806 -0.592 -0. -71.048 0. 0. -1. 0.
0.634 -0.774 -0. 134.794 -0.774 -0.634 -0. -72.230 0. 0. -1. 0.
0.680 -0.733 -0. 135.747 -0.733 -0.680 -0. -73.423 0. 0. -1. 0.
0.729 -0.684 -0. 136.780 -0.684 -0.729 -0. -74.333 0. 0. -1. 0.
0.781 -0.625 -0. 137.749 -0.625 -0.781 -0. -75.310 0. 0. -1. 0.
0.831 -0.557 -0. 138.844 -0.557 -0.831 -0. -76.130 0. 0. -1. 0.
0.882 -0.471 -0. 139.836 -0.471 -0.882 -0. -76.615 0. 0. -1. 0.
0.925 -0.380 -0. 140.858 -0.380 -0.925 -0. -77.006 0. 0. -1. 0.
0.961 -0.275 -0. 141.899 -0.275 -0.961 -0. -77.198 0. 0. -1. 0.
0.988 -0.153 -0. 142.692 -0.153 -0.988 -0. -77.498 0. 0. -1. 0.
1.000 -0.017 -0. 143.645 -0.017 -1.000 -0. -77.518 0. 0. -1. 0.
0.993 0.122 0. 144.523 0.122 -0.993 -0. -77.235 0. 0. -1. 0.
0.960 0.281 0. 145.313 0.281 -0.960 -0. -77.106 0. 0. -1. 0.
0.901 0.434 0. 146.111 0.434 -0.901 -0. -76.568 0. 0. -1. 0.
0.824 0.566 0. 146.814 0.566 -0.824 -0. -76.059 0. 0. -1. 0.
0.711 0.703 0. 147.347 0.703 -0.711 -0. -75.455 0. 0. -1. 0.
0.573 0.820 0. 147.777 0.820 -0.573 -0. -74.730 0. 0. -1. 0.
0.418 0.909 0. 148.188 0.909 -0.418 -0. -73.946 0. 0. -1. 0.
0.242 0.970 0. 148.254 0.970 -0.242 -0. -73.090 0. 0. -1. 0.
0.045 0.999 0. 148.338 0.999 -0.045 -0. -72.277 0. 0. -1. 0.
-0.154 0.988 0. 148.120 0.988 0.154 0. -71.175 0. 0. -1. 0.
-0.335 0.942 0. 147.787 0.942 0.335 0. -70.279 0. 0. -1. 0.
-0.495 0.869 0. 147.196 0.869 0.495 0. -69.365 0. 0. -1. 0.
-0.621 0.784 0. 146.517 0.784 0.621 0. -68.488 0. 0. -1. 0.
-0.715 0.699 0. 145.584 0.699 0.715 0. -67.788 0. 0. -1. 0.
-0.776 0.630 0. 144.746 0.630 0.776 0. -67.031 0. 0. -1. 0.
-0.818 0.575 0. 143.642 0.575 0.818 0. -66.357 0. 0. -1. 0.
-0.845 0.535 0. 142.656 0.535 0.845 0. -65.714 0. 0. -1. 0.
-0.867 0.498 0. 141.555 0.498 0.867 0. -65.124 0. 0. -1. 0.
-0.880 0.474 0. 140.147 0.474 0.880 0. -64.348 0. 0. -1. 0.
-0.886 0.464 0. 138.962 0.464 0.886 0. -63.674 0. 0. -1. 0.
-0.882 0.471 0. 137.627 0.471 0.882 0. -62.964 0. 0. -1. 0.
-0.876 0.482 0. 136.255 0.482 0.876 0. -62.201 0. 0. -1. 0.
-0.864 0.503 0. 134.858 0.503 0.864 0. -61.401 0. 0. -1. 0.
-0.839 0.544 0. 133.472 0.544 0.839 0. -60.538 0. 0. -1. 0.
-0.815 0.580 0. 132.152 0.580 0.815 0. -59.481 0. 0. -1. 0.
-0.785 0.619 0. 130.753 0.619 0.785 0. -58.407 0. 0. -1. 0.
-0.753 0.658 0. 129.431 0.658 0.753 0. -57.206 0. 0. -1. 0.
-0.727 0.686 0. 128.203 0.686 0.727 0. -55.941 0. 0. -1. 0.
-0.694 0.720 0. 126.928 0.720 0.694 0. -54.634 0. 0. -1. 0.
-0.662 0.749 0. 125.683 0.749 0.662 0. -53.259 0. 0. -1. 0.
-0.629 0.777 0. 124.556 0.777 0.629 0. -51.702 0. 0. -1. 0.
-0.595 0.803 0. 123.445 0.803 0.595 0. -50.143 0. 0. -1. 0.
-0.573 0.820 0. 122.380 0.820 0.573 0. -48.478 0. 0. -1. 0.
-0.544 0.839 0. 121.330 0.839 0.544 0. -46.883 0. 0. -1. 0.
-0.516 0.856 0. 120.351 0.856 0.516 0. -45.164 0. 0. -1. 0.
-0.482 0.876 0. 119.284 0.876 0.482 0. -43.407 0. 0. -1. 0.
-0.450 0.893 0. 118.552 0.893 0.450 0. -41.575 0. 0. -1. 0.
-0.415 0.910 0. 117.674 0.910 0.415 0. -39.707 0. 0. -1. 0.
-0.394 0.919 0. 116.982 0.919 0.394 0. -37.805 0. 0. -1. 0.
-0.367 0.930 0. 116.109 0.930 0.367 0. -35.973 0. 0. -1. 0.
-0.350 0.937 0. 115.490 0.937 0.350 0. -34.106 0. 0. -1. 0.
-0.344 0.939 0. 114.572 0.939 0.344 0. -32.226 0. 0. -1. 0.
-0.335 0.942 0. 114.316 0.942 0.335 0. -30.306 0. 0. -1. 0.
-0.342 0.940 0. 113.399 0.940 0.342 0. -28.478 0. 0. -1. 0.
-0.357 0.934 0. 112.821 0.934 0.357 0. -26.582 0. 0. -1. 0.
-0.389 0.921 0. 111.805 0.921 0.389 0. -24.812 0. 0. -1. 0.
-0.425 0.905 0. 111.247 0.905 0.425 0. -22.970 0. 0. -1. 0.
-0.466 0.885 0. 110.466 0.885 0.466 0. -21.170 0. 0. -1. 0.
-0.500 0.866 0. 109.571 0.866 0.500 0. -19.488 0. 0. -1. 0.
-0.542 0.841 0. 108.493 0.841 0.542 0. -17.919 0. 0. -1. 0.
-0.587 0.810 0. 107.567 0.810 0.587 0. -16.351 0. 0. -1. 0.
-0.633 0.774 0. 106.572 0.774 0.633 0. -14.849 0. 0. -1. 0.
-0.685 0.729 0. 105.113 0.729 0.685 0. -13.522 0. 0. -1. 0.
-0.733 0.680 0. 103.851 0.680 0.733 0. -12.150 0. 0. -1. 0.
-0.779 0.626 0. 102.484 0.626 0.779 0. -10.961 0. 0. -1. 0.
-0.820 0.572 0. 100.977 0.572 0.820 0. -9.797 0. 0. -1. 0.
-0.855 0.518 0. 99.443 0.518 0.855 0. -8.871 0. 0. -1. 0.
-0.888 0.460 0. 97.855 0.460 0.888 0. -8.054 0. 0. -1. 0.
-0.916 0.400 0. 96.227 0.400 0.916 0. -7.255 0. 0. -1. 0.
-0.940 0.341 0. 94.515 0.341 0.940 0. -6.601 0. 0. -1. 0.
-0.959 0.283 0. 92.697 0.283 0.959 0. -6.075 0. 0. -1. 0.
-0.974 0.227 0. 91.010 0.227 0.974 0. -5.561 0. 0. -1. 0.
-0.983 0.184 0. 89.049 0.184 0.983 0. -5.240 0. 0. -1. 0.
-0.990 0.140 0. 87.189 0.140 0.990 0. -4.923 0. 0. -1. 0.
-0.995 0.104 0. 85.184 0.104 0.995 0. -4.700 0. 0. -1. 0.
-0.998 0.062 0. 83.281 0.062 0.998 0. -4.575 0. 0. -1. 0.
-0.999 0.038 0. 81.229 0.038 0.999 0. -4.485 0. 0. -1. 0.
-1.000 0.018 0. 79.203 0.018 1.000 0. -4.377 0. 0. -1. 0.
-1.000 0.017 0. 77.088 0.017 1.000 0. -4.419 0. 0. -1. 0.
-1. 0.003 0. 75.051 0.003 1. 0. -4.405 0. 0. -1. 0.
-1. 0.006 0. 72.940 0.006 1. 0. -4.310 0. 0. -1. 0.
-1. 0.010 0. 70.734 0.010 1. 0. -4.275 0. 0. -1. 0.
-1. 0.007 0. 68.678 0.007 1. 0. -4.202 0. 0. -1. 0.
-1. 0.008 0. 66.567 0.008 1. 0. -4.217 0. 0. -1. 0.
-1. 0.004 0. 64.505 0.004 1. 0. -4.117 0. 0. -1. 0.
-1. 0.007 0. 62.397 0.007 1. 0. -4.082 0. 0. -1. 0.
-1.000 0.016 0. 60.402 0.016 1.000 0. -3.928 0. 0. -1. 0.
-1.000 0.016 0. 58.323 0.016 1.000 0. -3.938 0. 0. -1. 0.
-1. 0.013 0. 56.318 0.013 1. 0. -3.843 0. 0. -1. 0.
-1. 0.006 0. 54.332 0.006 1. 0. -3.769 0. 0. -1. 0.
-1. 0.002 0. 52.317 0.002 1. 0. -3.652 0. 0. -1. 0.
-1.000 -0.015 -0. 50.275 -0.015 1.000 0. -3.594 0. 0. -1. 0.
-0.999 -0.033 -0. 48.363 -0.033 0.999 0. -3.741 0. 0. -1. 0.
-0.999 -0.050 -0. 46.391 -0.050 0.999 0. -3.820 0. 0. -1. 0.
-0.998 -0.057 -0. 44.524 -0.057 0.998 0. -3.923 0. 0. -1. 0.
-0.998 -0.060 -0. 42.554 -0.060 0.998 0. -4.045 0. 0. -1. 0.
-0.998 -0.060 -0. 40.640 -0.060 0.998 0. -4.223 0. 0. -1. 0.
-1.000 -0.028 -0. 38.809 -0.028 1.000 0. -4.293 0. 0. -1. 0.
-1. 0.002 0. 36.951 0.002 1. 0. -4.248 0. 0. -1. 0.
-1.000 0.026 0. 35.108 0.026 1.000 0. -4.053 0. 0. -1. 0.
-0.999 0.045 0. 33.282 0.045 0.999 0. -3.973 0. 0. -1. 0.
-0.998 0.061 0. 31.453 0.061 0.998 0. -3.866 0. 0. -1. 0.
-0.997 0.073 0. 29.568 0.073 0.997 0. -3.707 0. 0. -1. 0.
-0.997 0.081 0. 27.735 0.081 0.997 0. -3.415 0. 0. -1. 0.
-0.996 0.088 0. 25.784 0.088 0.996 0. -3.180 0. 0. -1. 0.
-0.996 0.089 0. 23.888 0.089 0.996 0. -3.021 0. 0. -1. 0.
-0.995 0.104 0. 21.959 0.104 0.995 0. -2.774 0. 0. -1. 0.
-0.995 0.105 0. 20.048 0.105 0.995 0. -2.485 0. 0. -1. 0.
-0.995 0.103 0. 18.099 0.103 0.995 0. -2.301 0. 0. -1. 0.
-0.995 0.104 0. 16.133 0.104 0.995 0. -2.071 0. 0. -1. 0.
-0.995 0.101 0. 14.161 0.101 0.995 0. -1.981 0. 0. -1. 0.
-0.994 0.110 0. 12.218 0.110 0.994 0. -1.554 0. 0. -1. 0.
-0.993 0.116 0. 10.326 0.116 0.993 0. -1.304 0. 0. -1. 0.
-0.993 0.122 0. 8.314 0.122 0.993 0. -1.144 0. 0. -1. 0.
-0.994 0.108 0. 6.472 0.108 0.994 0. -0.860 0. 0. -1. 0.
-0.994 0.109 0. 4.442 0.109 0.994 0. -0.753 0. 0. -1. 0.
-0.995 0.101 0. 2.555 0.101 0.995 0. -0.382 0. 0. -1. 0.
-0.995 0.099 0. 0.576 0.099 0.995 0. -0.167 0. 0. -1. 0.
-0.994 0.107 0. -1.426 0.107 0.994 0. 0.099 0. 0. -1. 0.
-0.996 0.090 0. -3.401 0.090 0.996 0. 0.330 0. 0. -1. 0.
-0.997 0.076 0. -5.387 0.076 0.997 0. 0.563 0. 0. -1. 0.
-0.998 0.070 0. -7.450 0.070 0.998 0. 0.757 0. 0. -1. 0.
-0.998 0.069 0. -9.567 0.069 0.998 0. 0.862 0. 0. -1. 0.
-0.998 0.067 0. -11.573 0.067 0.998 0. 1.117 0. 0. -1. 0.
-0.998 0.059 0. -13.637 0.059 0.998 0. 1.150 0. 0. -1. 0.
-0.998 0.062 0. -15.732 0.062 0.998 0. 1.114 0. 0. -1. 0.
-0.999 0.054 0. -17.738 0.054 0.999 0. 1.355 0. 0. -1. 0.
-0.999 0.053 0. -19.783 0.053 0.999 0. 1.575 0. 0. -1. 0.
-0.998 0.057 0. -21.813 0.057 0.998 0. 1.746 0. 0. -1. 0.
-0.999 0.053 0. -23.885 0.053 0.999 0. 1.863 0. 0. -1. 0.
-0.998 0.057 0. -25.971 0.057 0.998 0. 2.005 0. 0. -1. 0.
-0.998 0.055 0. -28.067 0.055 0.998 0. 2.128 0. 0. -1. 0.
-0.999 0.048 0. -30.027 0.048 0.999 0. 2.289 0. 0. -1. 0.
-0.999 0.049 0. -32.077 0.049 0.999 0. 2.415 0. 0. -1. 0.
-0.999 0.045 0. -34.121 0.045 0.999 0. 2.460 0. 0. -1. 0.
-0.999 0.034 0. -36.064 0.034 0.999 0. 2.609 0. 0. -1. 0.
-1.000 0.026 0. -38.145 0.026 1.000 0. 2.729 0. 0. -1. 0.
-1.000 0.019 0. -40.168 0.019 1.000 0. 2.722 0. 0. -1. 0.
-1. 0.009 0. -42.069 0.009 1. 0. 2.745 0. 0. -1. 0.
-1. -0.003 -0. -44.232 -0.003 1. 0. 2.809 0. 0. -1. 0.
-1. -0.009 -0. -46.177 -0.009 1. 0. 2.751 0. 0. -1. 0.
-1.000 -0.019 -0. -48.051 -0.019 1.000 0. 2.829 0. 0. -1. 0.
-1.000 -0.025 -0. -49.976 -0.025 1.000 0. 2.796 0. 0. -1. 0.
-1.000 -0.029 -0. -51.845 -0.029 1.000 0. 2.766 0. 0. -1. 0.
-1.000 -0.021 -0. -53.581 -0.021 1.000 0. 2.767 0. 0. -1. 0.
-1.000 -0.020 -0. -55.323 -0.020 1.000 0. 2.726 0. 0. -1. 0.
-1. -0.007 -0. -56.946 -0.007 1. 0. 2.725 0. 0. -1. 0.
-1.000 0.018 0. -58.449 0.018 1.000 0. 2.748 0. 0. -1. 0.
-0.999 0.044 0. -59.839 0.044 0.999 0. 2.914 0. 0. -1. 0.
-0.996 0.091 0. -61.233 0.091 0.996 0. 3.020 0. 0. -1. 0.
-0.992 0.125 0. -62.464 0.125 0.992 0. 3.240 0. 0. -1. 0.
-0.983 0.184 0. -63.669 0.184 0.983 0. 3.616 0. 0. -1. 0.
-0.972 0.236 0. -64.661 0.236 0.972 0. 3.740 0. 0. -1. 0.
-0.950 0.313 0. -65.670 0.313 0.950 0. 4.172 0. 0. -1. 0.
-0.919 0.395 0. -66.613 0.395 0.919 0. 4.615 0. 0. -1. 0.
-0.880 0.474 0. -67.515 0.474 0.880 0. 5.095 0. 0. -1. 0.
-0.821 0.571 0. -68.354 0.571 0.821 0. 5.695 0. 0. -1. 0.
-0.755 0.656 0. -69.096 0.656 0.755 0. 6.298 0. 0. -1. 0.
-0.685 0.728 0. -69.736 0.728 0.685 0. 7.100 0. 0. -1. 0.
-0.604 0.797 0. -70.316 0.797 0.604 0. 7.898 0. 0. -1. 0.
-0.515 0.857 0. -70.765 0.857 0.515 0. 8.806 0. 0. -1. 0.
-0.415 0.910 0. -71.198 0.910 0.415 0. 9.799 0. 0. -1. 0.
-0.313 0.950 0. -71.483 0.950 0.313 0. 10.815 0. 0. -1. 0.
-0.226 0.974 0. -71.659 0.974 0.226 0. 11.915 0. 0. -1. 0.
-0.154 0.988 0. -71.951 0.988 0.154 0. 13.158 0. 0. -1. 0.
-0.112 0.994 0. -71.864 0.994 0.112 0. 14.390 0. 0. -1. 0.
-0.084 0.996 0. -72.057 0.996 0.084 0. 15.743 0. 0. -1. 0.
-0.069 0.998 0. -71.983 0.998 0.069 0. 17.186 0. 0. -1. 0.
-0.057 0.998 0. -72.100 0.998 0.057 0. 18.560 0. 0. -1. 0.
-0.051 0.999 0. -71.992 0.999 0.051 0. 20.178 0. 0. -1. 0.
-0.043 0.999 0. -72.150 0.999 0.043 0. 21.702 0. 0. -1. 0.
-0.026 1.000 0. -72.085 1.000 0.026 0. 23.349 0. 0. -1. 0.
-0.011 1. 0. -72.092 1. 0.011 0. 24.995 0. 0. -1. 0.
-0.005 1. 0. -72.089 1. 0.005 0. 26.682 0. 0. -1. 0.
0.015 1.000 0. -72.105 1.000 -0.015 -0. 28.456 0. 0. -1. 0.
0.038 0.999 0. -72.042 0.999 -0.038 -0. 30.274 0. 0. -1. 0.
0.060 0.998 0. -71.868 0.998 -0.060 -0. 32.032 0. 0. -1. 0.
0.074 0.997 0. -71.678 0.997 -0.074 -0. 33.834 0. 0. -1. 0.
0.096 0.995 0. -71.508 0.995 -0.096 -0. 35.673 0. 0. -1. 0.
0.125 0.992 0. -71.281 0.992 -0.125 -0. 37.317 0. 0. -1. 0.
0.148 0.989 0. -70.984 0.989 -0.148 -0. 39.205 0. 0. -1. 0.
0.175 0.985 0. -70.660 0.985 -0.175 -0. 40.887 0. 0. -1. 0.
0.188 0.982 0. -70.163 0.982 -0.188 -0. 42.652 0. 0. -1. 0.
0.194 0.981 0. -69.788 0.981 -0.194 -0. 44.490 0. 0. -1. 0.
0.189 0.982 0. -69.473 0.982 -0.189 -0. 46.144 0. 0. -1. 0.
0.167 0.986 0. -69.013 0.986 -0.167 -0. 47.982 0. 0. -1. 0.
0.147 0.989 0. -68.785 0.989 -0.147 -0. 49.775 0. 0. -1. 0.
0.126 0.992 0. -68.627 0.992 -0.126 -0. 51.464 0. 0. -1. 0.
0.095 0.996 0. -68.428 0.996 -0.095 -0. 53.416 0. 0. -1. 0.
0.074 0.997 0. -68.140 0.997 -0.074 -0. 55.289 0. 0. -1. 0.
0.057 0.998 0. -67.999 0.998 -0.057 -0. 57.339 0. 0. -1. 0.
0.038 0.999 0. -67.882 0.999 -0.038 -0. 59.154 0. 0. -1. 0.
0.025 1.000 0. -67.759 1.000 -0.025 -0. 61.137 0. 0. -1. 0.
0.013 1. 0. -67.714 1. -0.013 -0. 63.040 0. 0. -1. 0.
0.008 1. 0. -67.692 1. -0.008 -0. 65.007 0. 0. -1. 0.
-0.005 1. 0. -67.579 1. 0.005 0. 66.857 0. 0. -1. 0.
-0.016 1.000 0. -67.616 1.000 0.016 0. 68.795 0. 0. -1. 0.
-0.026 1.000 0. -67.582 1.000 0.026 0. 70.524 0. 0. -1. 0.
-0.033 0.999 0. -67.504 0.999 0.033 0. 72.425 0. 0. -1. 0.
-0.036 0.999 0. -67.699 0.999 0.036 0. 74.161 0. 0. -1. 0.
-0.043 0.999 0. -67.644 0.999 0.043 0. 75.867 0. 0. -1. 0.
-0.066 0.998 0. -67.800 0.998 0.066 0. 77.679 0. 0. -1. 0.
-0.077 0.997 0. -67.810 0.997 0.077 0. 79.336 0. 0. -1. 0.
-0.095 0.996 0. -67.950 0.996 0.095 0. 81.070 0. 0. -1. 0.
-0.114 0.994 0. -68.166 0.994 0.114 0. 82.629 0. 0. -1. 0.
-0.151 0.989 0. -68.404 0.989 0.151 0. 84.179 0. 0. -1. 0.
-0.193 0.981 0. -68.609 0.981 0.193 0. 85.790 0. 0. -1. 0.
-0.247 0.969 0. -68.954 0.969 0.247 0. 87.317 0. 0. -1. 0.
-0.296 0.955 0. -69.315 0.955 0.296 0. 88.869 0. 0. -1. 0.
-0.367 0.930 0. -69.927 0.930 0.367 0. 90.179 0. 0. -1. 0.
-0.433 0.901 0. -70.465 0.901 0.433 0. 91.589 0. 0. -1. 0.
-0.522 0.853 0. -71.292 0.853 0.522 0. 92.739 0. 0. -1. 0.
-0.610 0.793 0. -72.076 0.793 0.610 0. 94.073 0. 0. -1. 0.
-0.698 0.716 0. -73.090 0.716 0.698 0. 95.032 0. 0. -1. 0.
-0.779 0.628 0. -74.219 0.628 0.779 0. 96.099 0. 0. -1. 0.
-0.847 0.531 0. -75.438 0.531 0.847 0. 96.830 0. 0. -1. 0.
-0.903 0.430 0. -76.578 0.430 0.903 0. 97.477 0. 0. -1. 0.
-0.940 0.341 0. -77.917 0.341 0.940 0. 97.841 0. 0. -1. 0.
-0.964 0.266 0. -79.164 0.266 0.964 0. 98.306 0. 0. -1. 0.
-0.976 0.217 0. -80.301 0.217 0.976 0. 98.681 0. 0. -1. 0.
-0.983 0.181 0. -81.781 0.181 0.983 0. 98.738 0. 0. -1. 0.
-0.986 0.164 0. -83.131 0.164 0.986 0. 98.931 0. 0. -1. 0.
-0.983 0.183 0. -84.505 0.183 0.983 0. 99.286 0. 0. -1. 0.
-0.977 0.213 0. -85.760 0.213 0.977 0. 99.716 0. 0. -1. 0.
-0.970 0.243 0. -87.194 0.243 0.970 0. 100.154 0. 0. -1. 0.
-0.958 0.286 0. -88.752 0.286 0.958 0. 100.483 0. 0. -1. 0.
-0.941 0.337 0. -90.294 0.337 0.941 0. 100.937 0. 0. -1. 0.
-0.919 0.394 0. -91.669 0.394 0.919 0. 101.671 0. 0. -1. 0.
-0.889 0.457 0. -93.082 0.457 0.889 0. 102.477 0. 0. -1. 0.
-0.861 0.508 0. -94.532 0.508 0.861 0. 103.351 0. 0. -1. 0.
-0.822 0.569 0. -95.956 0.569 0.822 0. 104.265 0. 0. -1. 0.
-0.786 0.619 0. -97.181 0.619 0.786 0. 105.468 0. 0. -1. 0.
-0.752 0.659 0. -98.591 0.659 0.752 0. 106.508 0. 0. -1. 0.
-0.734 0.679 0. -99.879 0.679 0.734 0. 107.725 0. 0. -1. 0.
-0.726 0.688 0. -101.172 0.688 0.726 0. 109.096 0. 0. -1. 0.
-0.716 0.698 0. -102.501 0.698 0.716 0. 110.435 0. 0. -1. 0.
-0.713 0.701 0. -103.853 0.701 0.713 0. 111.770 0. 0. -1. 0.
-0.713 0.702 0. -105.172 0.702 0.713 0. 113.324 0. 0. -1. 0.
-0.705 0.709 0. -106.697 0.709 0.705 0. 114.665 0. 0. -1. 0.
-0.706 0.709 0. -108.026 0.709 0.706 0. 116.213 0. 0. -1. 0.
-0.710 0.705 0. -109.556 0.705 0.710 0. 117.751 0. 0. -1. 0.
-0.704 0.710 0. -111.045 0.710 0.704 0. 119.408 0. 0. -1. 0.
-0.699 0.715 0. -112.609 0.715 0.699 0. 120.976 0. 0. -1. 0.
-0.697 0.718 0. -114.216 0.718 0.697 0. 122.624 0. 0. -1. 0.
-0.699 0.715 0. -115.833 0.715 0.699 0. 124.158 0. 0. -1. 0.
-0.699 0.715 0. -117.349 0.715 0.699 0. 125.988 0. 0. -1. 0.
-0.696 0.718 0. -118.954 0.718 0.696 0. 127.668 0. 0. -1. 0.
-0.692 0.722 0. -120.657 0.722 0.692 0. 129.302 0. 0. -1. 0.
-0.689 0.725 0. -122.335 0.725 0.689 0. 131.081 0. 0. -1. 0.
-0.689 0.725 0. -123.990 0.725 0.689 0. 132.934 0. 0. -1. 0.
-0.692 0.722 0. -125.606 0.722 0.692 0. 134.817 0. 0. -1. 0.
-0.692 0.722 0. -127.281 0.722 0.692 0. 136.716 0. 0. -1. 0.
-0.689 0.724 0. -129.088 0.724 0.689 0. 138.436 0. 0. -1. 0.
-0.690 0.724 0. -130.736 0.724 0.690 0. 140.350 0. 0. -1. 0.
-0.691 0.723 0. -132.433 0.723 0.691 0. 142.258 0. 0. -1. 0.
-0.690 0.723 0. -134.150 0.723 0.690 0. 144.131 0. 0. -1. 0.
-0.683 0.730 0. -135.840 0.730 0.683 0. 146.109 0. 0. -1. 0.
-0.683 0.730 0. -137.622 0.730 0.683 0. 147.968 0. 0. -1. 0.
-0.684 0.730 0. -139.321 0.730 0.684 0. 149.828 0. 0. -1. 0.
-0.676 0.737 0. -141.087 0.737 0.676 0. 151.786 0. 0. -1. 0.
-0.666 0.746 0. -142.731 0.746 0.666 0. 153.723 0. 0. -1. 0.
-0.651 0.759 0. -144.364 0.759 0.651 0. 155.741 0. 0. -1. 0.
-0.626 0.780 0. -145.912 0.780 0.626 0. 157.695 0. 0. -1. 0.
-0.593 0.805 0. -147.308 0.805 0.593 0. 159.753 0. 0. -1. 0.
-0.566 0.825 0. -148.696 0.825 0.566 0. 161.863 0. 0. -1. 0.
-0.539 0.843 0. -149.923 0.843 0.539 0. 163.977 0. 0. -1. 0.
-0.509 0.861 0. -151.140 0.861 0.509 0. 166.139 0. 0. -1. 0.
-0.475 0.880 0. -152.241 0.880 0.475 0. 168.317 0. 0. -1. 0.
-0.438 0.899 0. -153.383 0.899 0.438 0. 170.525 0. 0. -1. 0.
-0.399 0.917 0. -154.309 0.917 0.399 0. 172.854 0. 0. -1. 0.
-0.361 0.933 0. -155.111 0.933 0.361 0. 175.152 0. 0. -1. 0.
-0.320 0.948 0. -155.924 0.948 0.320 0. 177.502 0. 0. -1. 0.
-0.274 0.962 0. -156.521 0.962 0.274 0. 179.862 0. 0. -1. 0.
-0.232 0.973 0. -157.122 0.973 0.232 0. 182.221 0. 0. -1. 0.
-0.190 0.982 0. -157.518 0.982 0.190 0. 184.697 0. 0. -1. 0.
-0.157 0.988 0. -157.890 0.988 0.157 0. 187.118 0. 0. -1. 0.
-0.136 0.991 0. -158.209 0.991 0.136 0. 189.645 0. 0. -1. 0.
-0.132 0.991 0. -158.418 0.991 0.132 0. 192.189 0. 0. -1. 0.
-0.121 0.993 0. -158.800 0.993 0.121 0. 194.751 0. 0. -1. 0.
-0.114 0.993 0. -158.954 0.993 0.114 0. 197.350 0. 0. -1. 0.
-0.107 0.994 0. -158.922 0.994 0.107 0. 199.984 0. 0. -1. 0.
-0.100 0.995 0. -159.142 0.995 0.100 0. 202.529 0. 0. -1. 0.
-0.098 0.995 0. -159.423 0.995 0.098 0. 205.071 0. 0. -1. 0.
-0.099 0.995 0. -159.617 0.995 0.099 0. 207.571 0. 0. -1. 0.
-0.108 0.994 0. -159.913 0.994 0.108 0. 209.972 0. 0. -1. 0.
-0.118 0.993 0. -160.178 0.993 0.118 0. 212.458 0. 0. -1. 0.
-0.133 0.991 0. -160.429 0.991 0.133 0. 214.936 0. 0. -1. 0.
-0.159 0.987 0. -160.779 0.987 0.159 0. 217.319 0. 0. -1. 0.
-0.193 0.981 0. -161.154 0.981 0.193 0. 219.635 0. 0. -1. 0.
-0.231 0.973 0. -161.621 0.973 0.231 0. 221.958 0. 0. -1. 0.
-0.276 0.961 0. -162.134 0.961 0.276 0. 224.179 0. 0. -1. 0.
-0.335 0.942 0. -162.830 0.942 0.335 0. 226.252 0. 0. -1. 0.
-0.411 0.912 0. -163.671 0.912 0.411 0. 228.298 0. 0. -1. 0.
-0.498 0.867 0. -164.871 0.867 0.498 0. 230.194 0. 0. -1. 0.
-0.586 0.810 0. -166.160 0.810 0.586 0. 232.002 0. 0. -1. 0.
-0.658 0.753 0. -167.653 0.753 0.658 0. 233.538 0. 0. -1. 0.
-0.727 0.687 0. -169.104 0.687 0.727 0. 235.132 0. 0. -1. 0.
-0.784 0.620 0. -170.993 0.620 0.784 0. 236.499 0. 0. -1. 0.
-0.828 0.560 0. -172.659 0.560 0.828 0. 237.719 0. 0. -1. 0.
-0.862 0.507 0. -174.533 0.507 0.862 0. 238.885 0. 0. -1. 0.
-0.888 0.459 0. -176.547 0.459 0.888 0. 239.918 0. 0. -1. 0.
-0.910 0.415 0. -178.503 0.415 0.910 0. 240.983 0. 0. -1. 0.
-0.925 0.379 0. -180.626 0.379 0.925 0. 241.910 0. 0. -1. 0.
-0.938 0.347 0. -182.869 0.347 0.938 0. 242.729 0. 0. -1. 0.
-0.950 0.313 0. -185.089 0.313 0.950 0. 243.539 0. 0. -1. 0.
-0.958 0.285 0. -187.440 0.285 0.958 0. 244.269 0. 0. -1. 0.
-0.963 0.268 0. -189.801 0.268 0.963 0. 244.924 0. 0. -1. 0.
-0.967 0.256 0. -192.114 0.256 0.967 0. 245.567 0. 0. -1. 0.
-0.967 0.254 0. -194.424 0.254 0.967 0. 246.268 0. 0. -1. 0.
-0.967 0.256 0. -196.804 0.256 0.967 0. 246.942 0. 0. -1. 0.
-0.966 0.257 0. -199.011 0.257 0.966 0. 247.644 0. 0. -1. 0.
-0.966 0.260 0. -201.389 0.260 0.966 0. 248.232 0. 0. -1. 0.
-0.967 0.255 0. -203.552 0.255 0.967 0. 248.873 0. 0. -1. 0.
-0.967 0.253 0. -205.960 0.253 0.967 0. 249.461 0. 0. -1. 0.
-0.968 0.251 0. -208.193 0.251 0.968 0. 250.102 0. 0. -1. 0.
-0.967 0.257 0. -210.399 0.257 0.967 0. 250.705 0. 0. -1. 0.
-0.964 0.267 0. -212.486 0.267 0.964 0. 251.259 0. 0. -1. 0.
-0.963 0.270 0. -214.613 0.270 0.963 0. 251.931 0. 0. -1. 0.
-0.962 0.274 0. -216.613 0.274 0.962 0. 252.476 0. 0. -1. 0.
-0.959 0.284 0. -218.728 0.284 0.959 0. 253.155 0. 0. -1. 0.
-0.956 0.293 0. -220.493 0.293 0.956 0. 253.793 0. 0. -1. 0.
-0.951 0.308 0. -222.503 0.308 0.951 0. 254.362 0. 0. -1. 0.
-0.946 0.324 0. -224.291 0.324 0.946 0. 255.048 0. 0. -1. 0.
-0.939 0.343 0. -226.027 0.343 0.939 0. 255.626 0. 0. -1. 0.
-0.933 0.360 0. -227.659 0.360 0.933 0. 256.362 0. 0. -1. 0.
-0.925 0.380 0. -229.206 0.380 0.925 0. 256.953 0. 0. -1. 0.
-0.918 0.397 0. -230.675 0.397 0.918 0. 257.694 0. 0. -1. 0.
-0.905 0.425 0. -232.073 0.425 0.905 0. 258.489 0. 0. -1. 0.
-0.892 0.452 0. -233.343 0.452 0.892 0. 258.989 0. 0. -1. 0.
-0.880 0.474 0. -234.533 0.474 0.880 0. 259.699 0. 0. -1. 0.
-0.875 0.485 0. -235.595 0.485 0.875 0. 260.330 0. 0. -1. 0.
-0.876 0.482 0. -236.613 0.482 0.876 0. 260.911 0. 0. -1. 0.
-0.881 0.474 0. -237.627 0.474 0.881 0. 261.427 0. 0. -1. 0.
-0.885 0.466 0. -238.476 0.466 0.885 0. 261.966 0. 0. -1. 0.
-0.891 0.454 0. -239.289 0.454 0.891 0. 262.382 0. 0. -1. 0.
-0.894 0.449 0. -240.126 0.449 0.894 0. 262.748 0. 0. -1. 0.
-0.899 0.437 0. -240.715 0.437 0.899 0. 263.255 0. 0. -1. 0.
-0.902 0.432 0. -241.376 0.432 0.902 0. 263.463 0. 0. -1. 0.
-0.904 0.427 0. -242.009 0.427 0.904 0. 263.787 0. 0. -1. 0.
-0.903 0.429 0. -242.508 0.429 0.903 0. 264.067 0. 0. -1. 0.
-0.906 0.423 0. -243.005 0.423 0.906 0. 264.376 0. 0. -1. 0.
-0.907 0.422 0. -243.415 0.422 0.907 0. 264.419 0. 0. -1. 0.
-0.908 0.420 0. -243.805 0.420 0.908 0. 264.604 0. 0. -1. 0.
-0.909 0.418 0. -244.189 0.418 0.909 0. 264.932 0. 0. -1. 0.
-0.909 0.417 0. -244.428 0.417 0.909 0. 265.068 0. 0. -1. 0.
-0.906 0.424 0. -244.559 0.424 0.906 0. 265.035 0. 0. -1. 0.
-0.906 0.423 0. -244.708 0.423 0.906 0. 265.167 0. 0. -1. 0.
-0.907 0.422 0. -244.850 0.422 0.907 0. 265.240 0. 0. -1. 0.
-0.907 0.421 0. -244.894 0.421 0.907 0. 265.265 0. 0. -1. 0.
-0.908 0.419 0. -244.958 0.419 0.908 0. 265.304 0. 0. -1. 0.
-0.908 0.418 0. -244.998 0.418 0.908 0. 265.296 0. 0. -1. 0.
-0.908 0.418 0. -244.962 0.418 0.908 0. 265.284 0. 0. -1. 0.
-0.908 0.420 0. -245.001 0.420 0.908 0. 265.280 0. 0. -1. 0.
-0.908 0.420 0. -244.985 0.420 0.908 0. 265.268 0. 0. -1. 0.
-0.908 0.419 0. -244.966 0.419 0.908 0. 265.214 0. 0. -1. 0.
-0.910 0.414 0. -245.051 0.414 0.910 0. 265.311 0. 0. -1. 0.
-0.910 0.415 0. -245.000 0.415 0.910 0. 265.465 0. 0. -1. 0.
-0.909 0.416 0. -245.001 0.416 0.909 0. 265.479 0. 0. -1. 0.
-0.910 0.414 0. -244.979 0.414 0.910 0. 265.271 0. 0. -1. 0.
-0.910 0.415 0. -245.017 0.415 0.910 0. 265.324 0. 0. -1. 0.
-0.907 0.420 0. -244.960 0.420 0.907 0. 265.295 0. 0. -1. 0.
-0.908 0.418 0. -244.971 0.418 0.908 0. 265.279 0. 0. -1. 0.
-0.909 0.417 0. -245.003 0.417 0.909 0. 265.226 0. 0. -1. 0.
-0.911 0.413 0. -245.014 0.413 0.911 0. 265.275 0. 0. -1. 0.
-0.907 0.422 0. -245.006 0.422 0.907 0. 265.296 0. 0. -1. 0.
-0.908 0.419 0. -245.019 0.419 0.908 0. 265.263 0. 0. -1. 0.
-0.910 0.414 0. -245.121 0.414 0.910 0. 265.330 0. 0. -1. 0.
-0.908 0.418 0. -245.239 0.418 0.908 0. 265.365 0. 0. -1. 0.
-0.910 0.416 0. -245.348 0.416 0.910 0. 265.630 0. 0. -1. 0.
-0.910 0.414 0. -245.514 0.414 0.910 0. 265.478 0. 0. -1. 0.
-0.911 0.412 0. -245.570 0.412 0.911 0. 265.629 0. 0. -1. 0.
-0.910 0.414 0. -245.787 0.414 0.910 0. 265.584 0. 0. -1. 0.
-0.911 0.413 0. -245.889 0.413 0.911 0. 265.685 0. 0. -1. 0.
-0.912 0.410 0. -246.133 0.410 0.912 0. 265.794 0. 0. -1. 0.
-0.911 0.412 0. -246.297 0.412 0.911 0. 265.917 0. 0. -1. 0.
-0.911 0.413 0. -246.475 0.413 0.911 0. 266.039 0. 0. -1. 0.
-0.911 0.413 0. -246.590 0.413 0.911 0. 265.959 0. 0. -1. 0.
-0.911 0.413 0. -246.711 0.413 0.911 0. 265.984 0. 0. -1. 0.
-0.911 0.413 0. -246.880 0.413 0.911 0. 266.129 0. 0. -1. 0.
-0.908 0.418 0. -247.000 0.418 0.908 0. 266.169 0. 0. -1. 0.
-0.910 0.415 0. -247.197 0.415 0.910 0. 266.223 0. 0. -1. 0.
-0.909 0.418 0. -247.391 0.418 0.909 0. 266.332 0. 0. -1. 0.
-0.908 0.419 0. -247.584 0.419 0.908 0. 266.407 0. 0. -1. 0.
-0.908 0.418 0. -247.774 0.418 0.908 0. 266.520 0. 0. -1. 0.
-0.907 0.421 0. -248.033 0.421 0.907 0. 266.589 0. 0. -1. 0.
-0.906 0.423 0. -248.304 0.423 0.906 0. 266.673 0. 0. -1. 0.
-0.903 0.430 0. -248.734 0.430 0.903 0. 266.976 0. 0. -1. 0.
-0.893 0.450 0. -249.148 0.450 0.893 0. 267.190 0. 0. -1. 0.
-0.876 0.482 0. -249.725 0.482 0.876 0. 267.417 0. 0. -1. 0.
-0.845 0.535 0. -250.313 0.535 0.845 0. 267.819 0. 0. -1. 0.
-0.795 0.607 0. -250.891 0.607 0.795 0. 268.322 0. 0. -1. 0.
-0.730 0.683 0. -251.430 0.683 0.730 0. 268.926 0. 0. -1. 0.
-0.646 0.763 0. -252.053 0.763 0.646 0. 269.849 0. 0. -1. 0.
-0.541 0.841 0. -252.529 0.841 0.541 0. 270.783 0. 0. -1. 0.
-0.423 0.906 0. -252.946 0.906 0.423 0. 271.559 0. 0. -1. 0.
-0.311 0.950 0. -253.124 0.950 0.311 0. 272.763 0. 0. -1. 0.
-0.204 0.979 0. -253.498 0.979 0.204 0. 273.954 0. 0. -1. 0.
-0.106 0.994 0. -253.477 0.994 0.106 0. 275.314 0. 0. -1. 0.
-0.030 1.000 0. -253.439 1.000 0.030 0. 276.735 0. 0. -1. 0.
0.016 1.000 0. -253.591 1.000 -0.016 -0. 278.326 0. 0. -1. 0.
0.055 0.998 0. -253.380 0.998 -0.055 -0. 280.054 0. 0. -1. 0.
0.092 0.996 0. -253.236 0.996 -0.092 -0. 281.858 0. 0. -1. 0.
0.124 0.992 0. -252.966 0.992 -0.124 -0. 283.805 0. 0. -1. 0.
0.162 0.987 0. -252.495 0.987 -0.162 -0. 285.829 0. 0. -1. 0.
0.194 0.981 0. -252.104 0.981 -0.194 -0. 287.929 0. 0. -1. 0.
0.234 0.972 0. -251.619 0.972 -0.234 -0. 290.134 0. 0. -1. 0.
0.255 0.967 0. -250.902 0.967 -0.255 -0. 292.380 0. 0. -1. 0.
0.263 0.965 0. -250.253 0.965 -0.263 -0. 294.802 0. 0. -1. 0.
0.267 0.964 0. -249.568 0.964 -0.267 -0. 297.226 0. 0. -1. 0.
0.262 0.965 0. -248.660 0.965 -0.262 -0. 299.676 0. 0. -1. 0.
0.259 0.966 0. -248.019 0.966 -0.259 -0. 302.250 0. 0. -1. 0.
0.258 0.966 0. -247.396 0.966 -0.258 -0. 304.781 0. 0. -1. 0.
0.254 0.967 0. -246.580 0.967 -0.254 -0. 307.392 0. 0. -1. 0.
0.262 0.965 0. -245.801 0.965 -0.262 -0. 310.073 0. 0. -1. 0.
0.256 0.967 0. -244.922 0.967 -0.256 -0. 312.809 0. 0. -1. 0.
0.258 0.966 0. -244.223 0.966 -0.258 -0. 315.677 0. 0. -1. 0.
0.262 0.965 0. -243.396 0.965 -0.262 -0. 318.559 0. 0. -1. 0.
0.258 0.966 0. -242.578 0.966 -0.258 -0. 321.479 0. 0. -1. 0.
0.263 0.965 0. -241.697 0.965 -0.263 -0. 324.501 0. 0. -1. 0.
0.268 0.963 0. -240.867 0.963 -0.268 -0. 327.477 0. 0. -1. 0.
0.267 0.964 0. -239.888 0.964 -0.267 -0. 330.578 0. 0. -1. 0.
0.263 0.965 0. -239.001 0.965 -0.263 -0. 333.728 0. 0. -1. 0.
0.265 0.964 0. -238.167 0.964 -0.265 -0. 336.827 0. 0. -1. 0.
0.268 0.963 0. -237.173 0.963 -0.268 -0. 339.906 0. 0. -1. 0.
0.273 0.962 0. -236.235 0.962 -0.273 -0. 343.024 0. 0. -1. 0.
0.266 0.964 0. -235.332 0.964 -0.266 -0. 346.194 0. 0. -1. 0.
0.270 0.963 0. -234.347 0.963 -0.270 -0. 349.400 0. 0. -1. 0.
0.268 0.963 0. -233.525 0.963 -0.268 -0. 352.651 0. 0. -1. 0.
0.268 0.963 0. -232.212 0.963 -0.268 -0. 355.917 0. 0. -1. 0.
0.262 0.965 0. -231.512 0.965 -0.262 -0. 359.279 0. 0. -1. 0.
0.263 0.965 0. -230.393 0.965 -0.263 -0. 362.587 0. 0. -1. 0.
0.264 0.964 0. -229.395 0.964 -0.264 -0. 366.045 0. 0. -1. 0.
0.265 0.964 0. -228.387 0.964 -0.265 -0. 369.395 0. 0. -1. 0.
0.264 0.965 0. -227.253 0.965 -0.264 -0. 372.864 0. 0. -1. 0.
0.265 0.964 0. -226.263 0.964 -0.265 -0. 376.314 0. 0. -1. 0.
0.268 0.963 0. -225.331 0.963 -0.268 -0. 379.794 0. 0. -1. 0.
0.270 0.963 0. -224.340 0.963 -0.270 -0. 383.255 0. 0. -1. 0.
0.275 0.961 0. -223.223 0.961 -0.275 -0. 386.710 0. 0. -1. 0.
0.269 0.963 0. -222.154 0.963 -0.269 -0. 390.149 0. 0. -1. 0.
0.273 0.962 0. -221.111 0.962 -0.273 -0. 393.684 0. 0. -1. 0.
0.269 0.963 0. -220.023 0.963 -0.269 -0. 397.027 0. 0. -1. 0.
0.273 0.962 0. -219.039 0.962 -0.273 -0. 400.527 0. 0. -1. 0.
0.268 0.963 0. -217.943 0.963 -0.268 -0. 403.973 0. 0. -1. 0.
0.269 0.963 0. -216.885 0.963 -0.269 -0. 407.365 0. 0. -1. 0.
0.270 0.963 0. -215.922 0.963 -0.270 -0. 410.782 0. 0. -1. 0.
0.267 0.964 0. -214.882 0.964 -0.267 -0. 414.122 0. 0. -1. 0.
0.263 0.965 0. -213.909 0.965 -0.263 -0. 417.497 0. 0. -1. 0.
0.262 0.965 0. -212.856 0.965 -0.262 -0. 420.785 0. 0. -1. 0.
0.267 0.964 0. -211.928 0.964 -0.267 -0. 424.113 0. 0. -1. 0.
0.270 0.963 0. -210.960 0.963 -0.270 -0. 427.358 0. 0. -1. 0.
0.268 0.963 0. -209.967 0.963 -0.268 -0. 430.557 0. 0. -1. 0.
0.269 0.963 0. -209.076 0.963 -0.269 -0. 433.830 0. 0. -1. 0.
0.271 0.963 0. -208.120 0.963 -0.271 -0. 436.958 0. 0. -1. 0.
0.268 0.963 0. -207.151 0.963 -0.268 -0. 440.090 0. 0. -1. 0.
0.267 0.964 0. -206.210 0.964 -0.267 -0. 443.210 0. 0. -1. 0.
0.268 0.963 0. -205.318 0.963 -0.268 -0. 446.338 0. 0. -1. 0.
0.267 0.964 0. -204.434 0.964 -0.267 -0. 449.384 0. 0. -1. 0.
0.266 0.964 0. -203.488 0.964 -0.266 -0. 452.438 0. 0. -1. 0.
0.270 0.963 0. -202.617 0.963 -0.270 -0. 455.424 0. 0. -1. 0.
0.272 0.962 0. -201.770 0.962 -0.272 -0. 458.428 0. 0. -1. 0.
0.268 0.963 0. -200.847 0.963 -0.268 -0. 461.360 0. 0. -1. 0.
0.265 0.964 0. -199.870 0.964 -0.265 -0. 464.333 0. 0. -1. 0.
0.264 0.965 0. -198.995 0.965 -0.264 -0. 467.170 0. 0. -1. 0.
0.262 0.965 0. -198.269 0.965 -0.262 -0. 470.061 0. 0. -1. 0.
0.265 0.964 0. -197.429 0.964 -0.265 -0. 472.965 0. 0. -1. 0.
0.264 0.965 0. -196.574 0.965 -0.264 -0. 475.701 0. 0. -1. 0.
0.271 0.962 0. -195.831 0.962 -0.271 -0. 478.507 0. 0. -1. 0.
0.270 0.963 0. -195.043 0.963 -0.270 -0. 481.261 0. 0. -1. 0.
0.269 0.963 0. -194.165 0.963 -0.269 -0. 484.006 0. 0. -1. 0.
0.265 0.964 0. -193.299 0.964 -0.265 -0. 486.738 0. 0. -1. 0.
0.269 0.963 0. -192.633 0.963 -0.269 -0. 489.446 0. 0. -1. 0.
0.270 0.963 0. -191.883 0.963 -0.270 -0. 492.213 0. 0. -1. 0.
0.263 0.965 0. -191.040 0.965 -0.263 -0. 494.880 0. 0. -1. 0.
0.265 0.964 0. -190.147 0.964 -0.265 -0. 497.610 0. 0. -1. 0.
0.271 0.962 0. -189.430 0.962 -0.271 -0. 500.232 0. 0. -1. 0.
0.275 0.961 0. -188.624 0.961 -0.275 -0. 502.919 0. 0. -1. 0.
0.277 0.961 0. -187.773 0.961 -0.277 -0. 505.545 0. 0. -1. 0.
0.267 0.964 0. -187.014 0.964 -0.267 -0. 508.157 0. 0. -1. 0.
0.274 0.962 0. -186.222 0.962 -0.274 -0. 510.744 0. 0. -1. 0.
0.273 0.962 0. -185.465 0.962 -0.273 -0. 513.240 0. 0. -1. 0.
0.275 0.961 0. -184.624 0.961 -0.275 -0. 515.835 0. 0. -1. 0.
0.273 0.962 0. -183.939 0.962 -0.273 -0. 518.315 0. 0. -1. 0.
0.275 0.962 0. -183.165 0.962 -0.275 -0. 520.848 0. 0. -1. 0.
0.276 0.961 0. -182.370 0.961 -0.276 -0. 523.312 0. 0. -1. 0.
0.274 0.962 0. -181.633 0.962 -0.274 -0. 525.751 0. 0. -1. 0.
0.276 0.961 0. -180.886 0.961 -0.276 -0. 528.268 0. 0. -1. 0.
0.276 0.961 0. -180.083 0.961 -0.276 -0. 530.639 0. 0. -1. 0.
0.279 0.960 0. -179.380 0.960 -0.279 -0. 533.055 0. 0. -1. 0.
0.274 0.962 0. -178.691 0.962 -0.274 -0. 535.449 0. 0. -1. 0.
0.275 0.961 0. -178.016 0.961 -0.275 -0. 537.792 0. 0. -1. 0.
0.278 0.961 0. -177.341 0.961 -0.278 -0. 540.175 0. 0. -1. 0.
0.275 0.961 0. -176.556 0.961 -0.275 -0. 542.385 0. 0. -1. 0.
0.273 0.962 0. -175.950 0.962 -0.273 -0. 544.663 0. 0. -1. 0.
0.272 0.962 0. -175.251 0.962 -0.272 -0. 546.776 0. 0. -1. 0.
0.271 0.962 0. -174.721 0.962 -0.271 -0. 548.920 0. 0. -1. 0.
0.269 0.963 0. -174.018 0.963 -0.269 -0. 550.873 0. 0. -1. 0.
0.274 0.962 0. -173.538 0.962 -0.274 -0. 552.884 0. 0. -1. 0.
0.270 0.963 0. -172.820 0.963 -0.270 -0. 554.623 0. 0. -1. 0.
0.268 0.963 0. -172.399 0.963 -0.268 -0. 556.532 0. 0. -1. 0.
0.267 0.964 0. -171.846 0.964 -0.267 -0. 558.064 0. 0. -1. 0.
0.263 0.965 0. -171.400 0.965 -0.263 -0. 559.444 0. 0. -1. 0.
0.259 0.966 0. -171.131 0.966 -0.259 -0. 560.727 0. 0. -1. 0.
0.253 0.967 0. -170.822 0.967 -0.253 -0. 561.690 0. 0. -1. 0.
0.250 0.968 0. -170.623 0.968 -0.250 -0. 562.632 0. 0. -1. 0.
0.246 0.969 0. -170.423 0.969 -0.246 -0. 563.345 0. 0. -1. 0.
0.243 0.970 0. -170.326 0.970 -0.243 -0. 563.964 0. 0. -1. 0.
0.237 0.971 0. -170.162 0.971 -0.237 -0. 564.367 0. 0. -1. 0.
0.238 0.971 0. -170.138 0.971 -0.238 -0. 564.682 0. 0. -1. 0.
0.235 0.972 0. -170.065 0.972 -0.235 -0. 564.896 0. 0. -1. 0.
0.237 0.971 0. -169.928 0.971 -0.237 -0. 565.026 0. 0. -1. 0.
0.244 0.970 0. -169.983 0.970 -0.244 -0. 565.094 0. 0. -1. 0.
0.241 0.970 0. -169.962 0.970 -0.241 -0. 565.082 0. 0. -1. 0.
0.235 0.972 0. -169.940 0.972 -0.235 -0. 565.096 0. 0. -1. 0.
0.236 0.972 0. -169.914 0.972 -0.236 -0. 565.078 0. 0. -1. 0.
0.244 0.970 0. -169.967 0.970 -0.244 -0. 565.094 0. 0. -1. 0.
0.238 0.971 0. -169.802 0.971 -0.238 -0. 565.082 0. 0. -1. 0.
0.235 0.972 0. -169.897 0.972 -0.235 -0. 565.116 0. 0. -1. 0.
0.240 0.971 0. -169.985 0.971 -0.240 -0. 565.104 0. 0. -1. 0.
0.237 0.971 0. -170.008 0.971 -0.237 -0. 565.066 0. 0. -1. 0.
0.236 0.972 0. -169.922 0.972 -0.236 -0. 565.064 0. 0. -1. 0.
0.234 0.972 0. -169.958 0.972 -0.234 -0. 565.092 0. 0. -1. 0.
0.236 0.972 0. -169.993 0.972 -0.236 -0. 565.089 0. 0. -1. 0.
0.235 0.972 0. -169.930 0.972 -0.235 -0. 565.130 0. 0. -1. 0.
0.235 0.972 0. -169.941 0.972 -0.235 -0. 565.211 0. 0. -1. 0.
0.239 0.971 0. -169.937 0.971 -0.239 -0. 565.285 0. 0. -1. 0.
0.238 0.971 0. -169.912 0.971 -0.238 -0. 565.428 0. 0. -1. 0.
0.235 0.972 0. -169.871 0.972 -0.235 -0. 565.530 0. 0. -1. 0.
0.234 0.972 0. -169.816 0.972 -0.234 -0. 565.705 0. 0. -1. 0.
0.236 0.972 0. -169.770 0.972 -0.236 -0. 565.905 0. 0. -1. 0.
0.234 0.972 0. -169.754 0.972 -0.234 -0. 566.107 0. 0. -1. 0.
0.233 0.972 0. -169.673 0.972 -0.233 -0. 566.360 0. 0. -1. 0.
0.237 0.972 0. -169.596 0.972 -0.237 -0. 566.619 0. 0. -1. 0.
0.238 0.971 0. -169.553 0.971 -0.238 -0. 566.888 0. 0. -1. 0.
0.237 0.972 0. -169.502 0.972 -0.237 -0. 567.198 0. 0. -1. 0.
0.227 0.974 0. -169.304 0.974 -0.227 -0. 567.462 0. 0. -1. 0.
0.224 0.975 0. -169.275 0.975 -0.224 -0. 567.842 0. 0. -1. 0.
0.226 0.974 0. -169.170 0.974 -0.226 -0. 568.168 0. 0. -1. 0.
0.231 0.973 0. -169.189 0.973 -0.231 -0. 568.509 0. 0. -1. 0.
0.225 0.974 0. -169.091 0.974 -0.225 -0. 568.848 0. 0. -1. 0.
