1618339756109153 1.00000 0.00000 0.00000 -0.00000 0.00000 -1.00000 0.00000 0.00000 0.00000 -0.00000 -1.00000 0.00000
1618339756359163 1.00000 -0.00163 0.00000 0.01155 -0.00163 -1.00000 0.00000 0.00074 -0.00000 -0.00000 -1.00000 0.00000
1618339756609167 1.00000 -0.00037 0.00000 0.01525 -0.00037 -1.00000 0.00000 -0.01015 -0.00000 -0.00000 -1.00000 -0.00000
1618339756859169 1.00000 0.00017 -0.00000 0.01936 0.00017 -1.00000 0.00000 -0.01702 0.00000 -0.00000 -1.00000 -0.00000
1618339757109174 1.00000 0.00104 -0.00000 0.00509 0.00104 -1.00000 0.00000 -0.01083 0.00000 -0.00000 -1.00000 -0.00000
1618339757359177 1.00000 -0.00062 0.00000 -0.00448 -0.00062 -1.00000 0.00000 -0.00089 -0.00000 -0.00000 -1.00000 -0.00000
1618339757608556 0.99999 0.00474 0.00000 -0.00256 0.00474 -0.99999 0.00000 -0.00185 0.00000 -0.00000 -1.00000 -0.00000
1618339757858563 0.99999 0.00445 0.00000 0.00252 0.00445 -0.99999 0.00000 -0.00914 0.00000 -0.00000 -1.00000 -0.00000
1618339758108561 0.99999 0.00389 0.00000 0.01037 0.00389 -0.99999 0.00000 -0.00722 0.00000 -0.00000 -1.00000 -0.00000
1618339758358566 1.00000 0.00107 0.00000 -0.00437 0.00107 -1.00000 0.00000 -0.02865 0.00000 -0.00000 -1.00000 -0.00000
1618339758609195 1.00000 -0.00148 0.00000 0.01872 -0.00148 -1.00000 0.00000 0.00548 -0.00000 -0.00000 -1.00000 0.00000
1618339758858577 0.99998 -0.00577 0.00000 0.02329 -0.00577 -0.99998 0.00000 -0.00514 -0.00000 -0.00000 -1.00000 -0.00000
1618339759109213 1.00000 -0.00247 -0.00000 0.02494 -0.00247 -1.00000 0.00000 -0.00120 -0.00000 -0.00000 -1.00000 -0.00000
1618339759359204 1.00000 -0.00191 0.00000 0.01686 -0.00191 -1.00000 0.00000 -0.00022 -0.00000 -0.00000 -1.00000 -0.00000
1618339759609209 1.00000 -0.00035 0.00000 0.00710 -0.00035 -1.00000 0.00000 -0.00832 -0.00000 -0.00000 -1.00000 -0.00000
1618339759859230 1.00000 -0.00009 0.00000 0.00731 -0.00009 -1.00000 0.00000 -0.00584 -0.00000 -0.00000 -1.00000 -0.00000
1618339760109220 1.00000 -0.00077 0.00000 -0.00310 -0.00077 -1.00000 0.00000 -0.02387 -0.00000 -0.00000 -1.00000 -0.00000
1618339760359227 0.99999 -0.00342 0.00000 -0.01418 -0.00342 -0.99999 0.00000 0.00215 -0.00000 -0.00000 -1.00000 0.00000
1618339760609852 0.99999 -0.00357 0.00000 0.02499 -0.00357 -0.99999 0.00000 -0.00656 -0.00000 -0.00000 -1.00000 -0.00000
1618339760859854 1.00000 0.00065 0.00000 0.01562 0.00065 -1.00000 0.00000 -0.01077 0.00000 -0.00000 -1.00000 -0.00000
1618339761109863 1.00000 0.00101 -0.00000 -0.01391 0.00101 -1.00000 0.00000 0.00160 0.00000 -0.00000 -1.00000 0.00000
1618339761359865 1.00000 -0.00086 0.00000 0.01544 -0.00086 -1.00000 0.00000 -0.00604 -0.00000 -0.00000 -1.00000 -0.00000
1618339761609873 1.00000 -0.00228 0.00000 0.01401 -0.00228 -1.00000 0.00000 0.00392 -0.00000 -0.00000 -1.00000 0.00000
1618339761859247 0.99999 -0.00480 -0.00000 -0.00751 -0.00480 -0.99999 0.00000 -0.01761 -0.00000 -0.00000 -1.00000 -0.00000
1618339762109251 1.00000 -0.00121 0.00000 -0.02150 -0.00121 -1.00000 0.00000 -0.01635 -0.00000 -0.00000 -1.00000 -0.00000
1618339762359261 0.99999 -0.00349 0.00000 -0.01834 -0.00349 -0.99999 0.00000 -0.00956 -0.00000 -0.00000 -1.00000 -0.00000
1618339762609886 0.99999 -0.00439 -0.00000 0.02876 -0.00439 -0.99999 0.00000 0.00361 -0.00000 -0.00000 -1.00000 0.00000
1618339762859889 1.00000 -0.00053 0.00000 0.02269 -0.00053 -1.00000 0.00000 -0.01298 -0.00000 -0.00000 -1.00000 -0.00000
1618339763109893 0.99999 0.00425 0.00000 -0.00828 0.00425 -0.99999 0.00000 -0.00184 0.00000 -0.00000 -1.00000 -0.00000
1618339763359894 1.00000 0.00169 0.00000 -0.00279 0.00169 -1.00000 0.00000 0.00320 0.00000 -0.00000 -1.00000 0.00000
1618339763609899 1.00000 -0.00117 0.00000 0.00291 -0.00117 -1.00000 0.00000 -0.00208 -0.00000 -0.00000 -1.00000 -0.00000
1618339763859287 1.00000 0.00251 0.00000 0.00691 0.00251 -1.00000 0.00000 -0.01956 0.00000 -0.00000 -1.00000 -0.00000
1618339764109288 1.00000 0.00240 -0.00000 0.00215 0.00240 -1.00000 0.00000 0.00371 0.00000 -0.00000 -1.00000 0.00000
1618339764359918 1.00000 0.00219 0.00000 -0.01086 0.00219 -1.00000 0.00000 0.01813 0.00000 -0.00000 -1.00000 0.00000
1618339764609919 1.00000 -0.00001 0.00000 0.01359 -0.00001 -1.00000 0.00000 -0.00890 -0.00000 -0.00000 -1.00000 -0.00000
1618339764859925 1.00000 -0.00222 0.00000 0.02208 -0.00222 -1.00000 0.00000 -0.01606 -0.00000 -0.00000 -1.00000 -0.00000
1618339765109925 1.00000 0.00026 0.00000 0.01059 0.00026 -1.00000 0.00000 -0.01396 0.00000 -0.00000 -1.00000 -0.00000
1618339765359935 1.00000 0.00213 0.00000 0.00575 0.00213 -1.00000 0.00000 -0.00648 0.00000 -0.00000 -1.00000 -0.00000
1618339765609934 1.00000 0.00307 0.00000 -0.00236 0.00307 -1.00000 0.00000 -0.00044 0.00000 -0.00000 -1.00000 -0.00000
1618339765859942 1.00000 0.00140 0.00000 0.00480 0.00140 -1.00000 0.00000 0.00228 0.00000 -0.00000 -1.00000 0.00000
1618339766109946 1.00000 0.00118 0.00000 0.01129 0.00118 -1.00000 0.00000 -0.01189 0.00000 -0.00000 -1.00000 -0.00000
1618339766359941 1.00000 0.00306 -0.00000 0.00665 0.00306 -1.00000 0.00000 -0.00075 0.00000 -0.00000 -1.00000 -0.00000
1618339766609951 0.99999 0.00410 0.00000 0.00758 0.00410 -0.99999 0.00000 -0.00670 0.00000 -0.00000 -1.00000 -0.00000
1618339766859951 0.99999 0.00352 -0.00000 -0.00492 0.00352 -0.99999 0.00000 -0.00215 0.00000 -0.00000 -1.00000 -0.00000
1618339767109970 1.00000 0.00126 0.00000 -0.00212 0.00126 -1.00000 0.00000 -0.01675 0.00000 -0.00000 -1.00000 -0.00000
1618339767359961 0.99999 0.00466 0.00000 0.00903 0.00466 -0.99999 0.00000 -0.01195 0.00000 -0.00000 -1.00000 -0.00000
1618339767609962 1.00000 0.00185 0.00000 -0.01991 0.00185 -1.00000 0.00000 0.00201 0.00000 -0.00000 -1.00000 0.00000
1618339767859980 1.00000 -0.00195 -0.00000 0.01147 -0.00195 -1.00000 0.00000 0.00049 -0.00000 -0.00000 -1.00000 0.00000
1618339768109972 1.00000 -0.00265 0.00000 -0.03334 -0.00265 -1.00000 0.00000 0.01003 -0.00000 -0.00000 -1.00000 0.00000
1618339768359982 1.00000 -0.00233 0.00000 -0.13313 -0.00233 -1.00000 0.00000 0.01835 -0.00000 -0.00000 -1.00000 0.00000
1618339768609982 0.99995 -0.01008 0.00000 -0.30846 -0.01008 -0.99995 0.00000 0.00195 -0.00000 -0.00000 -1.00000 0.00000
1618339768859989 0.99980 -0.01982 -0.00000 -0.59961 -0.01982 -0.99980 0.00000 -0.00958 -0.00000 -0.00000 -1.00000 -0.00000
1618339769109987 0.99950 -0.03168 0.00000 -0.98986 -0.03168 -0.99950 0.00000 -0.03211 -0.00000 -0.00000 -1.00000 -0.00000
1618339769360615 0.99818 -0.06023 0.00000 -1.44686 -0.06023 -0.99818 0.00000 -0.02828 -0.00000 -0.00000 -1.00000 -0.00000
1618339769609999 0.99663 -0.08205 0.00000 -1.98804 -0.08205 -0.99663 0.00000 0.02669 -0.00000 -0.00000 -1.00000 0.00000
1618339769859374 0.99497 -0.10018 -0.00000 -2.67676 -0.10018 -0.99497 0.00000 -0.04428 -0.00000 -0.00000 -1.00000 -0.00000
1618339770110009 0.99325 -0.11601 0.00000 -3.47088 -0.11601 -0.99325 0.00000 0.06874 -0.00000 -0.00000 -1.00000 0.00000
1618339770359385 0.99348 -0.11402 0.00000 -4.31456 -0.11402 -0.99348 0.00000 -0.02518 -0.00000 -0.00000 -1.00000 -0.00000
1618339770609390 0.99391 -0.11023 0.00000 -5.28618 -0.11023 -0.99391 0.00000 0.01883 -0.00000 -0.00000 -1.00000 0.00000
1618339770859395 0.99432 -0.10643 0.00000 -6.31011 -0.10643 -0.99432 0.00000 0.05236 -0.00000 -0.00000 -1.00000 0.00000
1618339771109395 0.99508 -0.09906 0.00000 -7.40605 -0.09906 -0.99508 0.00000 -0.08819 -0.00000 -0.00000 -1.00000 -0.00000
1618339771359401 0.99559 -0.09380 0.00000 -8.60091 -0.09380 -0.99559 0.00000 -0.21196 -0.00000 -0.00000 -1.00000 -0.00000
1618339771609405 0.99685 -0.07927 0.00000 -9.78763 -0.07927 -0.99685 0.00000 -0.35578 -0.00000 -0.00000 -1.00000 -0.00000
1618339771859409 0.99734 -0.07283 -0.00000 -11.06365 -0.07283 -0.99734 0.00000 -0.43101 -0.00000 -0.00000 -1.00000 -0.00000
1618339772110042 0.99754 -0.07012 0.00000 -12.38193 -0.07012 -0.99754 0.00000 -0.39556 -0.00000 -0.00000 -1.00000 -0.00000
1618339772360043 0.99813 -0.06111 0.00000 -13.75953 -0.06111 -0.99813 0.00000 -0.49613 -0.00000 -0.00000 -1.00000 -0.00000
1618339772609422 0.99879 -0.04916 0.00000 -15.18973 -0.04916 -0.99879 0.00000 -0.83971 -0.00000 -0.00000 -1.00000 -0.00000
1618339772860053 0.99858 -0.05333 0.00000 -16.72952 -0.05333 -0.99858 0.00000 -0.72642 -0.00000 -0.00000 -1.00000 -0.00000
1618339773110058 0.99873 -0.05037 -0.00000 -18.28326 -0.05037 -0.99873 0.00000 -0.80468 -0.00000 -0.00000 -1.00000 -0.00000
1618339773359437 0.99931 -0.03712 0.00000 -19.97110 -0.03712 -0.99931 0.00000 -1.08874 -0.00000 -0.00000 -1.00000 -0.00000
1618339773610060 0.99921 -0.03977 -0.00000 -21.68006 -0.03977 -0.99921 0.00000 -1.01842 -0.00000 -0.00000 -1.00000 -0.00000
1618339773859442 0.99930 -0.03741 0.00000 -23.39580 -0.03741 -0.99930 0.00000 -1.22858 -0.00000 -0.00000 -1.00000 -0.00000
1618339774109442 0.99957 -0.02940 0.00000 -25.23498 -0.02940 -0.99957 0.00000 -1.39143 -0.00000 -0.00000 -1.00000 -0.00000
1618339774359452 0.99974 -0.02259 0.00000 -27.06885 -0.02259 -0.99974 0.00000 -1.64503 -0.00000 -0.00000 -1.00000 -0.00000
1618339774609452 0.99988 -0.01566 0.00000 -28.98286 -0.01566 -0.99988 0.00000 -1.80026 -0.00000 -0.00000 -1.00000 -0.00000
1618339774859462 0.99990 -0.01404 0.00000 -30.86183 -0.01404 -0.99990 0.00000 -1.84396 -0.00000 -0.00000 -1.00000 -0.00000
1618339775109473 1.00000 -0.00102 0.00000 -32.68877 -0.00102 -1.00000 0.00000 -2.44884 -0.00000 -0.00000 -1.00000 -0.00000
1618339775360088 0.99999 0.00374 -0.00000 -34.72822 0.00374 -0.99999 0.00000 -2.52567 0.00000 -0.00000 -1.00000 -0.00000
1618339775610093 0.99981 0.01958 0.00000 -36.67333 0.01958 -0.99981 0.00000 -3.10781 0.00000 -0.00000 -1.00000 -0.00000
1618339775860138 0.99955 0.03011 0.00000 -38.56639 0.03011 -0.99955 0.00000 -3.53455 0.00000 -0.00000 -1.00000 -0.00000
1618339776110106 0.99912 0.04191 0.00000 -40.53925 0.04191 -0.99912 0.00000 -4.00978 0.00000 -0.00000 -1.00000 -0.00000
1618339776360734 0.99852 0.05436 0.00000 -42.52336 0.05436 -0.99852 0.00000 -4.53962 0.00000 -0.00000 -1.00000 -0.00000
1618339776610734 0.99779 0.06649 -0.00000 -44.53428 0.06649 -0.99779 0.00000 -5.03846 0.00000 -0.00000 -1.00000 -0.00000
1618339776861365 0.99770 0.06785 0.00000 -46.54713 0.06785 -0.99770 0.00000 -5.17934 0.00000 -0.00000 -1.00000 -0.00000
1618339777111371 0.99749 0.07075 0.00000 -48.63831 0.07075 -0.99749 0.00000 -5.30349 0.00000 -0.00000 -1.00000 -0.00000
1618339777360749 0.99740 0.07200 0.00000 -50.74588 0.07200 -0.99740 0.00000 -5.44630 0.00000 -0.00000 -1.00000 -0.00000
1618339777611377 0.99748 0.07101 -0.00000 -52.87062 0.07101 -0.99748 0.00000 -5.40528 0.00000 -0.00000 -1.00000 -0.00000
1618339777860765 0.99714 0.07556 0.00000 -54.96753 0.07556 -0.99714 0.00000 -5.71868 0.00000 -0.00000 -1.00000 -0.00000
1618339778110758 0.99720 0.07483 0.00000 -57.09159 0.07483 -0.99720 0.00000 -5.60251 0.00000 -0.00000 -1.00000 -0.00000
1618339778360764 0.99651 0.08343 -0.00000 -59.12049 0.08343 -0.99651 0.00000 -6.19120 0.00000 -0.00000 -1.00000 -0.00000
1618339778610768 0.99710 0.07608 -0.00000 -61.29398 0.07608 -0.99710 0.00000 -5.64121 0.00000 -0.00000 -1.00000 -0.00000
1618339778860147 0.99675 0.08052 0.00000 -63.35816 0.08052 -0.99675 0.00000 -6.08376 0.00000 -0.00000 -1.00000 -0.00000
1618339779110151 0.99670 0.08114 0.00000 -65.46244 0.08114 -0.99670 0.00000 -6.20727 0.00000 -0.00000 -1.00000 -0.00000
1618339779360157 0.99684 0.07939 0.00000 -67.54290 0.07939 -0.99684 0.00000 -6.09921 0.00000 -0.00000 -1.00000 -0.00000
1618339779610610 0.99670 0.08123 0.00000 -69.60318 0.08123 -0.99670 0.00000 -6.24013 0.00000 -0.00000 -1.00000 -0.00000
1618339779860160 0.99661 0.08232 -0.00000 -71.69610 0.08232 -0.99661 0.00000 -6.27075 0.00000 -0.00000 -1.00000 -0.00000
1618339780110166 0.99648 0.08378 0.00000 -73.77547 0.08378 -0.99648 0.00000 -6.35488 0.00000 -0.00000 -1.00000 -0.00000
1618339780360163 0.99676 0.08045 0.00000 -75.89987 0.08045 -0.99676 0.00000 -6.08500 0.00000 -0.00000 -1.00000 -0.00000
1618339780610172 0.99689 0.07881 0.00000 -77.91846 0.07881 -0.99689 0.00000 -6.00147 0.00000 -0.00000 -1.00000 -0.00000
1618339780860178 0.99781 0.06612 0.00000 -80.03936 0.06612 -0.99781 0.00000 -5.03082 0.00000 -0.00000 -1.00000 -0.00000
1618339781110179 0.99890 0.04698 0.00000 -82.14683 0.04698 -0.99890 0.00000 -3.56846 0.00000 -0.00000 -1.00000 -0.00000
1618339781360182 0.99994 0.01109 0.00000 -84.27730 0.01109 -0.99994 0.00000 -0.65606 0.00000 -0.00000 -1.00000 -0.00000
1618339781610186 0.99965 -0.02633 0.00000 -86.23161 -0.02633 -0.99965 0.00000 2.45683 -0.00000 -0.00000 -1.00000 0.00000
1618339781860821 0.99738 -0.07236 0.00000 -87.99477 -0.07236 -0.99738 0.00000 6.58947 -0.00000 -0.00000 -1.00000 0.00000
1618339782110203 0.99323 -0.11618 0.00000 -89.56366 -0.11618 -0.99323 0.00000 10.25192 -0.00000 -0.00000 -1.00000 0.00000
1618339782360200 0.98738 -0.15834 0.00000 -91.09895 -0.15834 -0.98738 0.00000 14.14280 -0.00000 -0.00000 -1.00000 0.00000
1618339782610203 0.97827 -0.20732 0.00000 -92.21099 -0.20732 -0.97827 0.00000 18.63816 -0.00000 -0.00000 -1.00000 0.00000
1618339782859589 0.96560 -0.26002 0.00000 -93.04770 -0.26002 -0.96560 0.00000 23.59722 -0.00000 -0.00000 -1.00000 0.00000
1618339783109596 0.94785 -0.31872 0.00000 -93.29923 -0.31872 -0.94785 0.00000 29.24025 -0.00000 -0.00000 -1.00000 0.00000
1618339783359596 0.92477 -0.38053 0.00000 -93.14046 -0.38053 -0.92477 0.00000 35.31106 -0.00000 -0.00000 -1.00000 0.00000
1618339783608973 0.89974 -0.43642 0.00000 -92.72569 -0.43642 -0.89974 0.00000 40.98929 -0.00000 -0.00000 -1.00000 0.00000
1618339783858355 0.86965 -0.49367 0.00000 -91.79187 -0.49367 -0.86965 0.00000 46.91558 -0.00000 -0.00000 -1.00000 0.00000
1618339784107729 0.83592 -0.54885 0.00000 -90.43903 -0.54885 -0.83592 0.00000 52.57066 -0.00000 -0.00000 -1.00000 0.00000
1618339784357749 0.79664 -0.60445 -0.00000 -88.60111 -0.60445 -0.79664 0.00000 58.61648 -0.00000 -0.00000 -1.00000 0.00000
1618339784608365 0.74950 -0.66201 -0.00000 -85.86614 -0.66201 -0.74950 0.00000 65.07536 -0.00000 -0.00000 -1.00000 0.00000
1618339784858371 0.70339 -0.71081 -0.00000 -83.14605 -0.71081 -0.70339 0.00000 70.67562 -0.00000 -0.00000 -1.00000 0.00000
1618339785108366 0.65573 -0.75500 0.00000 -80.24637 -0.75500 -0.65573 0.00000 75.98759 -0.00000 -0.00000 -1.00000 0.00000
1618339785357752 0.60792 -0.79400 0.00000 -77.18859 -0.79400 -0.60792 0.00000 80.62601 -0.00000 -0.00000 -1.00000 0.00000
1618339785607755 0.55553 -0.83150 0.00000 -73.71336 -0.83150 -0.55553 0.00000 85.57401 -0.00000 -0.00000 -1.00000 0.00000
1618339785857136 0.50421 -0.86358 -0.00000 -70.24623 -0.86358 -0.50421 0.00000 89.91917 -0.00000 -0.00000 -1.00000 0.00000
1618339786106513 0.46061 -0.88760 0.00000 -67.56173 -0.88760 -0.46061 0.00000 93.05433 -0.00000 -0.00000 -1.00000 0.00000
1618339786355891 0.42057 -0.90726 0.00000 -65.25662 -0.90726 -0.42057 0.00000 96.03928 -0.00000 -0.00000 -1.00000 0.00000
1618339786605895 0.37895 -0.92542 0.00000 -62.76744 -0.92542 -0.37895 0.00000 98.97132 -0.00000 -0.00000 -1.00000 0.00000
1618339786855278 0.35772 -0.93383 0.00000 -62.42488 -0.93383 -0.35772 0.00000 100.32064 -0.00000 -0.00000 -1.00000 0.00000
1618339787104655 0.34823 -0.93741 0.00000 -63.32984 -0.93741 -0.34823 0.00000 100.79390 -0.00000 -0.00000 -1.00000 0.00000
1618339787354655 0.34858 -0.93728 0.00000 -65.30932 -0.93728 -0.34858 0.00000 101.00486 -0.00000 -0.00000 -1.00000 0.00000
1618339787604037 0.36001 -0.93295 0.00000 -68.55277 -0.93295 -0.36001 0.00000 99.97839 -0.00000 -0.00000 -1.00000 0.00000
1618339787853415 0.38379 -0.92342 0.00000 -73.07491 -0.92342 -0.38379 0.00000 98.13998 -0.00000 -0.00000 -1.00000 0.00000
1618339788103420 0.40333 -0.91505 0.00000 -77.23325 -0.91505 -0.40333 0.00000 96.63298 -0.00000 -0.00000 -1.00000 0.00000
1618339788353420 0.42605 -0.90470 0.00000 -81.69011 -0.90470 -0.42605 0.00000 94.59822 -0.00000 -0.00000 -1.00000 0.00000
1618339788602798 0.45598 -0.88999 -0.00000 -86.83496 -0.88999 -0.45598 0.00000 91.62164 -0.00000 -0.00000 -1.00000 0.00000
1618339788852808 0.47962 -0.87748 0.00000 -91.32730 -0.87748 -0.47962 0.00000 89.22849 -0.00000 -0.00000 -1.00000 0.00000
1618339789103439 0.50000 -0.86603 -0.00000 -95.55126 -0.86603 -0.50000 0.00000 87.04642 -0.00000 -0.00000 -1.00000 0.00000
1618339789354690 0.51972 -0.85433 0.00000 -99.74280 -0.85433 -0.51972 0.00000 84.84445 -0.00000 -0.00000 -1.00000 0.00000
1618339789605320 0.54240 -0.84012 0.00000 -104.13502 -0.84012 -0.54240 0.00000 82.09905 -0.00000 -0.00000 -1.00000 0.00000
1618339789855947 0.56252 -0.82679 0.00000 -108.24049 -0.82679 -0.56252 0.00000 79.54579 -0.00000 -0.00000 -1.00000 0.00000
1618339790106575 0.57119 -0.82082 0.00000 -111.21353 -0.82082 -0.57119 0.00000 78.28709 -0.00000 -0.00000 -1.00000 0.00000
1618339790356579 0.58996 -0.80744 0.00000 -115.02012 -0.80744 -0.58996 0.00000 75.69009 -0.00000 -0.00000 -1.00000 0.00000
1618339790606585 0.60213 -0.79840 0.00000 -118.34621 -0.79840 -0.60213 0.00000 73.91908 -0.00000 -0.00000 -1.00000 0.00000
1618339790856591 0.61839 -0.78587 0.00000 -121.88399 -0.78587 -0.61839 0.00000 71.36224 -0.00000 -0.00000 -1.00000 0.00000
1618339791106604 0.63298 -0.77417 0.00000 -125.29522 -0.77417 -0.63298 0.00000 68.94105 -0.00000 -0.00000 -1.00000 0.00000
1618339791357222 0.63600 -0.77169 0.00000 -127.68835 -0.77169 -0.63600 0.00000 68.51007 -0.00000 -0.00000 -1.00000 0.00000
1618339791606600 0.65424 -0.75629 0.00000 -131.20097 -0.75629 -0.65424 0.00000 65.37974 -0.00000 -0.00000 -1.00000 0.00000
1618339791856615 0.66570 -0.74622 0.00000 -134.31432 -0.74622 -0.66570 0.00000 63.37955 -0.00000 -0.00000 -1.00000 0.00000
1618339792106609 0.67565 -0.73722 0.00000 -137.17627 -0.73722 -0.67565 0.00000 61.46855 -0.00000 -0.00000 -1.00000 0.00000
1618339792357237 0.67858 -0.73453 -0.00000 -139.33641 -0.73453 -0.67858 0.00000 60.97187 -0.00000 -0.00000 -1.00000 0.00000
1618339792607244 0.68627 -0.72735 0.00000 -141.91529 -0.72735 -0.68627 0.00000 59.47429 -0.00000 -0.00000 -1.00000 0.00000
1618339792857248 0.69675 -0.71732 0.00000 -144.68688 -0.71732 -0.69675 0.00000 57.46305 -0.00000 -0.00000 -1.00000 0.00000
1618339793106623 0.71082 -0.70337 0.00000 -147.68360 -0.70337 -0.71082 0.00000 54.53379 -0.00000 -0.00000 -1.00000 0.00000
1618339793356002 0.73802 -0.67478 0.00000 -151.50702 -0.67478 -0.73802 0.00000 48.54077 -0.00000 -0.00000 -1.00000 0.00000
1618339793606004 0.77447 -0.63261 0.00000 -155.62595 -0.63261 -0.77447 0.00000 40.08911 -0.00000 -0.00000 -1.00000 0.00000
1618339793856012 0.81928 -0.57339 0.00000 -159.85691 -0.57339 -0.81928 0.00000 28.37309 -0.00000 -0.00000 -1.00000 0.00000
1618339794106014 0.86634 -0.49946 -0.00000 -163.30334 -0.49946 -0.86634 0.00000 14.23435 -0.00000 -0.00000 -1.00000 0.00000
1618339794356026 0.91190 -0.41041 0.00000 -165.42887 -0.41041 -0.91190 0.00000 -2.18261 -0.00000 -0.00000 -1.00000 -0.00000
1618339794606647 0.95347 -0.30148 0.00000 -165.40969 -0.30148 -0.95347 0.00000 -21.48579 -0.00000 -0.00000 -1.00000 -0.00000
1618339794856029 0.98400 -0.17815 0.00000 -162.62189 -0.17815 -0.98400 0.00000 -42.30660 -0.00000 -0.00000 -1.00000 -0.00000
1618339795106031 0.99912 -0.04199 0.00000 -156.53228 -0.04199 -0.99912 0.00000 -64.11171 -0.00000 -0.00000 -1.00000 -0.00000
1618339795356034 0.99392 0.11007 0.00000 -146.17916 0.11007 -0.99392 0.00000 -87.08955 0.00000 -0.00000 -1.00000 -0.00000
1618339795606659 0.96344 0.26791 -0.00000 -131.50334 0.26791 -0.96344 0.00000 -109.36534 0.00000 -0.00000 -1.00000 -0.00000
1618339795856683 0.90308 0.42947 0.00000 -111.79275 0.42947 -0.90308 0.00000 -130.37202 0.00000 -0.00000 -1.00000 -0.00000
1618339796106677 0.81031 0.58600 0.00000 -87.40885 0.58600 -0.81031 0.00000 -148.45899 0.00000 -0.00000 -1.00000 -0.00000
1618339796356679 0.69193 0.72196 0.00000 -60.39219 0.72196 -0.69193 0.00000 -161.70183 0.00000 -0.00000 -1.00000 -0.00000
1618339796606681 0.54232 0.84017 0.00000 -29.68193 0.84017 -0.54232 0.00000 -170.23692 0.00000 -0.00000 -1.00000 -0.00000
1618339796856688 0.37125 0.92853 0.00000 2.41644 0.92853 -0.37125 0.00000 -172.69357 0.00000 -0.00000 -1.00000 -0.00000
1618339797106687 0.18454 0.98283 0.00000 34.80406 0.98283 -0.18454 0.00000 -168.88737 0.00000 -0.00000 -1.00000 -0.00000
1618339797357316 -0.02042 0.99979 -0.00000 67.70049 0.99979 0.02042 0.00000 -158.18097 0.00000 0.00000 -1.00000 -0.00000
1618339797607945 -0.21589 0.97642 0.00000 96.38768 0.97642 0.21589 0.00000 -141.80421 0.00000 0.00000 -1.00000 -0.00000
1618339797858573 -0.39285 0.91960 0.00000 119.93881 0.91960 0.39285 0.00000 -121.45931 0.00000 0.00000 -1.00000 -0.00000
1618339798108576 -0.55625 0.83101 0.00000 139.41869 0.83101 0.55625 0.00000 -97.09398 0.00000 0.00000 -1.00000 -0.00000
1618339798359211 -0.68824 0.72548 0.00000 152.74201 0.72548 0.68824 0.00000 -72.19476 0.00000 0.00000 -1.00000 -0.00000
1618339798609839 -0.79010 0.61297 0.00000 160.79359 0.61297 0.79010 0.00000 -48.29268 0.00000 0.00000 -1.00000 -0.00000
1618339798860467 -0.86259 0.50591 0.00000 164.48695 0.50591 0.86259 0.00000 -27.02960 0.00000 0.00000 -1.00000 -0.00000
1618339799110486 -0.91088 0.41268 -0.00000 165.26704 0.41268 0.91088 0.00000 -9.73258 0.00000 0.00000 -1.00000 -0.00000
1618339799360476 -0.93816 0.34620 0.00000 164.25439 0.34620 0.93816 0.00000 2.08918 0.00000 0.00000 -1.00000 0.00000
1618339799611104 -0.95527 0.29574 0.00000 162.75923 0.29574 0.95527 0.00000 10.97762 0.00000 0.00000 -1.00000 0.00000
1618339799861113 -0.96540 0.26077 0.00000 160.97648 0.26077 0.96540 0.00000 16.85737 0.00000 0.00000 -1.00000 0.00000
1618339800111112 -0.97059 0.24074 -0.00000 159.26604 0.24074 0.97059 0.00000 20.21174 0.00000 0.00000 -1.00000 0.00000
1618339800361116 -0.97180 0.23583 0.00000 157.82231 0.23583 0.97180 0.00000 21.03190 0.00000 0.00000 -1.00000 0.00000
1618339800611116 -0.96963 0.24456 0.00000 156.63132 0.24456 0.96963 0.00000 19.59834 0.00000 0.00000 -1.00000 0.00000
1618339800860501 -0.96700 0.25476 0.00000 155.36223 0.25476 0.96700 0.00000 17.94189 0.00000 0.00000 -1.00000 0.00000
1618339801110507 -0.95878 0.28416 0.00000 154.20129 0.28416 0.95878 0.00000 13.10727 0.00000 0.00000 -1.00000 0.00000
1618339801361131 -0.94727 0.32044 0.00000 153.25099 0.32044 0.94727 0.00000 7.30594 0.00000 0.00000 -1.00000 0.00000
1618339801611136 -0.92860 0.37108 0.00000 151.81824 0.37108 0.92860 0.00000 -1.02186 0.00000 0.00000 -1.00000 -0.00000
1618339801860516 -0.91343 0.40700 0.00000 150.14223 0.40700 0.91343 0.00000 -6.87793 0.00000 0.00000 -1.00000 -0.00000
1618339802110517 -0.88984 0.45628 -0.00000 147.87016 0.45628 0.88984 0.00000 -15.14360 0.00000 0.00000 -1.00000 -0.00000
1618339802359901 -0.86547 0.50095 -0.00000 145.48528 0.50095 0.86547 0.00000 -22.64345 0.00000 0.00000 -1.00000 -0.00000
1618339802609904 -0.83633 0.54822 0.00000 142.21128 0.54822 0.83633 0.00000 -30.69196 0.00000 0.00000 -1.00000 -0.00000
1618339802859904 -0.80224 0.59700 0.00000 138.47243 0.59700 0.80224 0.00000 -39.15305 0.00000 0.00000 -1.00000 -0.00000
1618339803109285 -0.77537 0.63151 0.00000 134.85814 0.63151 0.77537 0.00000 -45.24378 0.00000 0.00000 -1.00000 -0.00000
1618339803359292 -0.73146 0.68189 0.00000 129.72375 0.68189 0.73146 0.00000 -54.09741 0.00000 0.00000 -1.00000 -0.00000
1618339803608669 -0.69934 0.71479 0.00000 125.40441 0.71479 0.69934 0.00000 -60.07784 0.00000 0.00000 -1.00000 -0.00000
1618339803858052 -0.66457 0.74722 0.00000 120.48773 0.74722 0.66457 0.00000 -66.01975 0.00000 0.00000 -1.00000 -0.00000
1618339804108051 -0.62488 0.78072 0.00000 114.99731 0.78072 0.62488 0.00000 -72.27410 0.00000 0.00000 -1.00000 -0.00000
1618339804358686 -0.58449 0.81140 -0.00000 109.25986 0.81140 0.58449 0.00000 -77.91250 0.00000 0.00000 -1.00000 -0.00000
1618339804608058 -0.55036 0.83493 0.00000 104.04963 0.83493 0.55036 0.00000 -82.44204 0.00000 0.00000 -1.00000 -0.00000
1618339804858058 -0.50954 0.86044 -0.00000 97.95160 0.86044 0.50954 0.00000 -87.23128 0.00000 0.00000 -1.00000 -0.00000
1618339805106817 -0.47946 0.87756 0.00000 92.88430 0.87756 0.47946 0.00000 -90.64685 0.00000 0.00000 -1.00000 -0.00000
1618339805356821 -0.45463 0.89068 -0.00000 88.24978 0.89068 0.45463 0.00000 -93.23076 0.00000 0.00000 -1.00000 -0.00000
1618339805606201 -0.44389 0.89608 0.00000 84.99545 0.89608 0.44389 0.00000 -94.37418 0.00000 0.00000 -1.00000 -0.00000
1618339805856208 -0.42692 0.90429 -0.00000 81.03589 0.90429 0.42692 0.00000 -96.01906 0.00000 0.00000 -1.00000 -0.00000
1618339806106204 -0.41437 0.91011 -0.00000 77.56156 0.91011 0.41437 0.00000 -97.18572 0.00000 0.00000 -1.00000 -0.00000
1618339806356209 -0.40081 0.91616 0.00000 74.01101 0.91616 0.40081 0.00000 -98.36819 0.00000 0.00000 -1.00000 -0.00000
1618339806605586 -0.39278 0.91963 0.00000 70.98164 0.91963 0.39278 0.00000 -99.17073 0.00000 0.00000 -1.00000 -0.00000
1618339806855596 -0.38551 0.92271 0.00000 68.06549 0.92271 0.38551 0.00000 -99.84273 0.00000 0.00000 -1.00000 -0.00000
1618339807105601 -0.39133 0.92025 0.00000 66.49305 0.92025 0.39133 0.00000 -99.34079 0.00000 0.00000 -1.00000 -0.00000
1618339807355601 -0.40017 0.91644 0.00000 65.34119 0.91644 0.40017 0.00000 -98.69392 0.00000 0.00000 -1.00000 -0.00000
1618339807605603 -0.42529 0.90506 0.00000 65.88138 0.90506 0.42529 0.00000 -96.86491 0.00000 0.00000 -1.00000 -0.00000
1618339807855628 -0.45510 0.89044 0.00000 66.96933 0.89044 0.45510 0.00000 -94.62112 0.00000 0.00000 -1.00000 -0.00000
1618339808105613 -0.49450 0.86918 0.00000 69.06002 0.86918 0.49450 0.00000 -91.81959 0.00000 0.00000 -1.00000 -0.00000
1618339808356245 -0.54374 0.83925 0.00000 72.12493 0.83925 0.54374 0.00000 -87.50403 0.00000 0.00000 -1.00000 -0.00000
1618339808606246 -0.59747 0.80189 0.00000 75.72812 0.80189 0.59747 0.00000 -82.83859 0.00000 0.00000 -1.00000 -0.00000
1618339808856255 -0.64602 0.76332 0.00000 78.68133 0.76332 0.64602 0.00000 -78.04976 0.00000 0.00000 -1.00000 -0.00000
1618339809106255 -0.69778 0.71632 0.00000 81.93765 0.71632 0.69778 0.00000 -72.40186 0.00000 0.00000 -1.00000 -0.00000
1618339809356268 -0.74554 0.66646 0.00000 84.68220 0.66646 0.74554 0.00000 -66.71801 0.00000 0.00000 -1.00000 -0.00000
1618339809606261 -0.79149 0.61119 0.00000 87.35799 0.61119 0.79149 0.00000 -60.42515 0.00000 0.00000 -1.00000 -0.00000
1618339809856267 -0.83501 0.55023 0.00000 89.65563 0.55023 0.83501 0.00000 -53.85938 0.00000 0.00000 -1.00000 -0.00000
1618339810106272 -0.87157 0.49027 0.00000 91.25545 0.49027 0.87157 0.00000 -47.43795 0.00000 0.00000 -1.00000 -0.00000
1618339810356277 -0.89946 0.43700 0.00000 92.02540 0.43700 0.89946 0.00000 -41.94840 0.00000 0.00000 -1.00000 -0.00000
1618339810606904 -0.92497 0.38005 0.00000 92.47021 0.38005 0.92497 0.00000 -36.11051 0.00000 0.00000 -1.00000 -0.00000
1618339810856906 -0.94642 0.32294 0.00000 92.63659 0.32294 0.94642 0.00000 -30.51565 0.00000 0.00000 -1.00000 -0.00000
1618339811106911 -0.96476 0.26311 0.00000 92.34789 0.26311 0.96476 0.00000 -24.70647 0.00000 0.00000 -1.00000 -0.00000
1618339811356288 -0.98060 0.19603 0.00000 91.91499 0.19603 0.98060 0.00000 -18.27787 0.00000 0.00000 -1.00000 -0.00000
1618339811606300 -0.99050 0.13748 0.00000 90.75004 0.13748 0.99050 0.00000 -12.83577 0.00000 0.00000 -1.00000 -0.00000
1618339811856928 -0.99593 0.09016 -0.00000 89.25086 0.09016 0.99593 0.00000 -8.47652 0.00000 0.00000 -1.00000 -0.00000
1618339812106928 -0.99895 0.04573 0.00000 87.47958 0.04573 0.99895 0.00000 -4.56774 0.00000 0.00000 -1.00000 -0.00000
1618339812356933 -1.00000 0.00222 0.00000 85.55712 0.00222 1.00000 0.00000 -0.69679 0.00000 0.00000 -1.00000 -0.00000
1618339812606941 -0.99978 -0.02115 0.00000 83.47877 -0.02115 0.99978 0.00000 1.31916 -0.00000 0.00000 -1.00000 0.00000
1618339812856317 -0.99880 -0.04900 0.00000 81.31249 -0.04900 0.99880 0.00000 3.58115 -0.00000 0.00000 -1.00000 0.00000
1618339813106319 -0.99823 -0.05945 -0.00000 79.18283 -0.05945 0.99823 0.00000 4.36471 -0.00000 0.00000 -1.00000 0.00000
1618339813356319 -0.99720 -0.07475 0.00000 76.92693 -0.07475 0.99720 0.00000 5.61807 -0.00000 0.00000 -1.00000 0.00000
1618339813606328 -0.99683 -0.07957 -0.00000 74.81030 -0.07957 0.99683 0.00000 5.77853 -0.00000 0.00000 -1.00000 0.00000
1618339813856960 -0.99742 -0.07174 0.00000 72.65075 -0.07174 0.99742 0.00000 5.19520 -0.00000 0.00000 -1.00000 0.00000
1618339814106333 -0.99764 -0.06861 -0.00000 70.51111 -0.06861 0.99764 0.00000 4.99825 -0.00000 0.00000 -1.00000 0.00000
1618339814356353 -0.99799 -0.06344 -0.00000 68.30767 -0.06344 0.99799 0.00000 4.66729 -0.00000 0.00000 -1.00000 0.00000
1618339814606342 -0.99845 -0.05565 0.00000 66.23831 -0.05565 0.99845 0.00000 4.08459 -0.00000 0.00000 -1.00000 0.00000
1618339814856344 -0.99900 -0.04473 0.00000 64.08336 -0.04473 0.99900 0.00000 3.31291 -0.00000 0.00000 -1.00000 0.00000
1618339815106364 -0.99932 -0.03677 0.00000 61.98455 -0.03677 0.99932 0.00000 2.76609 -0.00000 0.00000 -1.00000 0.00000
1618339815355736 -0.99921 -0.03966 0.00000 59.78125 -0.03966 0.99921 0.00000 2.73273 -0.00000 0.00000 -1.00000 0.00000
1618339815606359 -0.99929 -0.03774 -0.00000 57.68076 -0.03774 0.99929 0.00000 2.81014 -0.00000 0.00000 -1.00000 0.00000
1618339815855739 -0.99924 -0.03892 0.00000 55.56874 -0.03892 0.99924 0.00000 2.86178 -0.00000 0.00000 -1.00000 0.00000
1618339816105739 -0.99950 -0.03153 0.00000 53.49266 -0.03153 0.99950 0.00000 2.35726 -0.00000 0.00000 -1.00000 0.00000
1618339816355748 -0.99956 -0.02973 -0.00000 51.39871 -0.02973 0.99956 0.00000 2.21054 -0.00000 0.00000 -1.00000 0.00000
1618339816605748 -0.99956 -0.02974 0.00000 49.34500 -0.02974 0.99956 0.00000 2.14339 -0.00000 0.00000 -1.00000 0.00000
1618339816855753 -0.99940 -0.03467 0.00000 47.28235 -0.03467 0.99940 0.00000 2.38444 -0.00000 0.00000 -1.00000 0.00000
1618339817105750 -0.99901 -0.04451 0.00000 45.22685 -0.04451 0.99901 0.00000 2.66619 -0.00000 0.00000 -1.00000 0.00000
1618339817355770 -0.99881 -0.04885 0.00000 43.20817 -0.04885 0.99881 0.00000 2.75382 -0.00000 0.00000 -1.00000 0.00000
1618339817606391 -0.99936 -0.03590 0.00000 41.17227 -0.03590 0.99936 0.00000 2.28740 -0.00000 0.00000 -1.00000 0.00000
1618339817856394 -0.99978 -0.02092 0.00000 39.19994 -0.02092 0.99978 0.00000 1.71714 -0.00000 0.00000 -1.00000 0.00000
1618339818106398 -0.99997 -0.00826 0.00000 37.14305 -0.00826 0.99997 0.00000 1.17274 -0.00000 0.00000 -1.00000 0.00000
1618339818355775 -0.99997 -0.00793 -0.00000 35.22195 -0.00793 0.99997 0.00000 1.09313 -0.00000 0.00000 -1.00000 0.00000
1618339818605783 -1.00000 -0.00029 0.00000 33.09655 -0.00029 1.00000 0.00000 0.90348 -0.00000 0.00000 -1.00000 0.00000
1618339818855787 -0.99999 0.00336 0.00000 31.08304 0.00336 0.99999 0.00000 0.71420 0.00000 0.00000 -1.00000 0.00000
1618339819105164 -0.99998 0.00561 0.00000 29.03130 0.00561 0.99998 0.00000 0.55627 0.00000 0.00000 -1.00000 0.00000
1618339819355168 -0.99993 0.01170 0.00000 26.89165 0.01170 0.99993 0.00000 0.42965 0.00000 0.00000 -1.00000 0.00000
1618339819604546 -0.99986 0.01688 0.00000 24.82940 0.01688 0.99986 0.00000 0.09093 0.00000 0.00000 -1.00000 0.00000
1618339819854552 -0.99962 0.02748 0.00000 22.63512 0.02748 0.99962 0.00000 -0.04462 0.00000 0.00000 -1.00000 -0.00000
1618339820103928 -0.99967 0.02573 0.00000 20.58201 0.02573 0.99967 0.00000 -0.21220 0.00000 0.00000 -1.00000 -0.00000
1618339820353315 -0.99961 0.02776 0.00000 18.38408 0.02776 0.99961 0.00000 -0.21043 0.00000 0.00000 -1.00000 -0.00000
1618339820603315 -0.99958 0.02882 0.00000 16.28823 0.02882 0.99958 0.00000 -0.28195 0.00000 0.00000 -1.00000 -0.00000
1618339820853318 -0.99939 0.03498 0.00000 14.00862 0.03498 0.99939 0.00000 -0.36171 0.00000 0.00000 -1.00000 -0.00000
1618339821104573 -0.99901 0.04458 -0.00000 11.83828 0.04458 0.99901 0.00000 -0.52714 0.00000 0.00000 -1.00000 -0.00000
1618339821355204 -0.99906 0.04335 0.00000 9.60373 0.04335 0.99906 0.00000 -0.49696 0.00000 0.00000 -1.00000 -0.00000
1618339821605840 -0.99937 0.03557 0.00000 7.35296 0.03557 0.99937 0.00000 -0.47010 0.00000 0.00000 -1.00000 -0.00000
1618339821855838 -0.99912 0.04205 0.00000 5.07117 0.04205 0.99912 0.00000 -0.60181 0.00000 0.00000 -1.00000 -0.00000
1618339822105850 -0.99922 0.03941 0.00000 2.83109 0.03941 0.99922 0.00000 -0.64785 0.00000 0.00000 -1.00000 -0.00000
1618339822355850 -0.99906 0.04346 0.00000 0.43337 0.04346 0.99906 0.00000 -0.58601 0.00000 0.00000 -1.00000 -0.00000
1618339822605848 -0.99902 0.04424 -0.00000 -1.83656 0.04424 0.99902 0.00000 -0.57569 0.00000 0.00000 -1.00000 -0.00000
1618339822855850 -0.99897 0.04527 0.00000 -4.22739 0.04527 0.99897 0.00000 -0.71230 0.00000 0.00000 -1.00000 -0.00000
1618339823105232 -0.99927 0.03812 0.00000 -6.60565 0.03812 0.99927 0.00000 -0.84604 0.00000 0.00000 -1.00000 -0.00000
1618339823355249 -0.99953 0.03068 0.00000 -8.90806 0.03068 0.99953 0.00000 -0.77650 0.00000 0.00000 -1.00000 -0.00000
1618339823604617 -0.99951 0.03129 0.00000 -11.30294 0.03129 0.99951 0.00000 -0.80139 0.00000 0.00000 -1.00000 -0.00000
1618339823854619 -0.99961 0.02808 0.00000 -13.74207 0.02808 0.99961 0.00000 -0.89272 0.00000 0.00000 -1.00000 -0.00000
1618339824104000 -0.99993 0.01221 0.00000 -15.97167 0.01221 0.99993 0.00000 -1.24340 0.00000 0.00000 -1.00000 -0.00000
1618339824353998 -0.99993 0.01171 -0.00000 -18.55915 0.01171 0.99993 0.00000 -1.19605 0.00000 0.00000 -1.00000 -0.00000
1618339824604003 -0.99995 0.01032 -0.00000 -20.81057 0.01032 0.99995 0.00000 -1.31788 0.00000 0.00000 -1.00000 -0.00000
1618339824853390 -1.00000 -0.00086 0.00000 -23.20576 -0.00086 1.00000 0.00000 -1.61252 -0.00000 0.00000 -1.00000 -0.00000
1618339825103393 -0.99999 -0.00466 0.00000 -25.53284 -0.00466 0.99999 0.00000 -1.68312 -0.00000 0.00000 -1.00000 -0.00000
1618339825354023 -0.99990 -0.01425 0.00000 -27.83849 -0.01425 0.99990 0.00000 -1.93230 -0.00000 0.00000 -1.00000 -0.00000
1618339825604645 -0.99979 -0.02035 -0.00000 -30.20154 -0.02035 0.99979 0.00000 -2.19368 -0.00000 0.00000 -1.00000 -0.00000
1618339825855274 -0.99971 -0.02397 0.00000 -32.58750 -0.02397 0.99971 0.00000 -2.26705 -0.00000 0.00000 -1.00000 -0.00000
1618339826105911 -0.99952 -0.03086 0.00000 -34.81053 -0.03086 0.99952 0.00000 -2.51934 -0.00000 0.00000 -1.00000 -0.00000
1618339826356528 -0.99953 -0.03056 0.00000 -37.16428 -0.03056 0.99953 0.00000 -2.46822 -0.00000 0.00000 -1.00000 -0.00000
1618339826606535 -0.99935 -0.03600 -0.00000 -39.48953 -0.03600 0.99935 0.00000 -2.73493 -0.00000 0.00000 -1.00000 -0.00000
1618339826856544 -0.99946 -0.03284 0.00000 -41.70053 -0.03284 0.99946 0.00000 -2.66791 -0.00000 0.00000 -1.00000 -0.00000
1618339827105922 -0.99914 -0.04146 0.00000 -43.86980 -0.04146 0.99914 0.00000 -3.03248 -0.00000 0.00000 -1.00000 -0.00000
1618339827355925 -0.99913 -0.04164 0.00000 -45.98810 -0.04164 0.99913 0.00000 -3.06903 -0.00000 0.00000 -1.00000 -0.00000
1618339827605302 -0.99862 -0.05258 0.00000 -47.98778 -0.05258 0.99862 0.00000 -3.70896 -0.00000 0.00000 -1.00000 -0.00000
1618339827855305 -0.99905 -0.04369 0.00000 -50.01302 -0.04369 0.99905 0.00000 -3.18989 -0.00000 0.00000 -1.00000 -0.00000
1618339828104685 -0.99881 -0.04872 0.00000 -51.90636 -0.04872 0.99881 0.00000 -3.48698 -0.00000 0.00000 -1.00000 -0.00000
1618339828354687 -0.99918 -0.04057 0.00000 -53.78772 -0.04057 0.99918 0.00000 -3.07642 -0.00000 0.00000 -1.00000 -0.00000
1618339828604687 -0.99976 -0.02187 0.00000 -55.49972 -0.02187 0.99976 0.00000 -2.02803 -0.00000 0.00000 -1.00000 -0.00000
1618339828854072 -0.99999 0.00347 -0.00000 -57.14568 0.00347 0.99999 0.00000 -0.56486 0.00000 0.00000 -1.00000 -0.00000
1618339829103451 -0.99912 0.04187 0.00000 -58.70999 0.04187 0.99912 0.00000 1.55746 0.00000 0.00000 -1.00000 0.00000
1618339829352833 -0.99654 0.08311 -0.00000 -60.08284 0.08311 0.99654 0.00000 3.75606 0.00000 0.00000 -1.00000 0.00000
1618339829603458 -0.98974 0.14288 0.00000 -61.06521 0.14288 0.98974 0.00000 7.38000 0.00000 0.00000 -1.00000 0.00000
1618339829854085 -0.97973 0.20032 -0.00000 -61.78455 0.20032 0.97973 0.00000 10.93585 0.00000 0.00000 -1.00000 0.00000
1618339830105338 -0.96049 0.27831 0.00000 -61.99374 0.27831 0.96049 0.00000 15.93357 0.00000 0.00000 -1.00000 0.00000
1618339830355967 -0.93079 0.36556 0.00000 -61.43599 0.36556 0.93079 0.00000 21.48752 0.00000 0.00000 -1.00000 0.00000
1618339830605977 -0.89307 0.44992 0.00000 -60.37361 0.44992 0.89307 0.00000 26.91220 0.00000 0.00000 -1.00000 0.00000
1618339830855983 -0.83727 0.54679 -0.00000 -58.21238 0.54679 0.83727 0.00000 33.52445 0.00000 0.00000 -1.00000 0.00000
1618339831105360 -0.76814 0.64028 0.00000 -55.00407 0.64028 0.76814 0.00000 39.96030 0.00000 0.00000 -1.00000 0.00000
1618339831354732 -0.68435 0.72915 0.00000 -50.77726 0.72915 0.68435 0.00000 46.33170 0.00000 0.00000 -1.00000 0.00000
1618339831604741 -0.59007 0.80735 0.00000 -45.83318 0.80735 0.59007 0.00000 52.17906 0.00000 0.00000 -1.00000 0.00000
1618339831854120 -0.48103 0.87670 -0.00000 -39.86233 0.87670 0.48103 0.00000 57.89387 0.00000 0.00000 -1.00000 0.00000
1618339832102869 -0.38441 0.92316 -0.00000 -34.47010 0.92316 0.38441 0.00000 61.54424 0.00000 0.00000 -1.00000 0.00000
1618339832352878 -0.28766 0.95773 0.00000 -29.07245 0.95773 0.28766 0.00000 64.87599 0.00000 0.00000 -1.00000 0.00000
1618339832602880 -0.21499 0.97662 0.00000 -25.28242 0.97662 0.21499 0.00000 66.82373 0.00000 0.00000 -1.00000 0.00000
1618339832852891 -0.17771 0.98408 0.00000 -23.97308 0.98408 0.17771 0.00000 67.60618 0.00000 0.00000 -1.00000 0.00000
1618339833104142 -0.13907 0.99028 0.00000 -22.51587 0.99028 0.13907 0.00000 68.51853 0.00000 0.00000 -1.00000 0.00000
1618339833354779 -0.12172 0.99256 0.00000 -22.61187 0.99256 0.12172 0.00000 68.74578 0.00000 0.00000 -1.00000 0.00000
1618339833606024 -0.10311 0.99467 0.00000 -22.66038 0.99467 0.10311 0.00000 69.20770 0.00000 0.00000 -1.00000 0.00000
1618339833856667 -0.08772 0.99615 -0.00000 -22.92907 0.99615 0.08772 0.00000 69.44949 0.00000 0.00000 -1.00000 0.00000
1618339834106657 -0.08457 0.99642 0.00000 -24.10639 0.99642 0.08457 0.00000 69.51597 0.00000 0.00000 -1.00000 0.00000
1618339834356659 -0.06239 0.99805 0.00000 -24.03791 0.99805 0.06239 0.00000 69.97429 0.00000 0.00000 -1.00000 0.00000
1618339834606663 -0.04276 0.99909 0.00000 -24.11297 0.99909 0.04276 0.00000 70.40654 0.00000 0.00000 -1.00000 0.00000
1618339834856041 -0.04985 0.99876 0.00000 -26.23600 0.99876 0.04985 0.00000 70.23331 0.00000 0.00000 -1.00000 0.00000
1618339835106050 -0.02443 0.99970 0.00000 -26.02836 0.99970 0.02443 0.00000 70.74975 0.00000 0.00000 -1.00000 0.00000
1618339835355429 -0.01907 0.99982 0.00000 -27.19711 0.99982 0.01907 0.00000 71.06907 0.00000 0.00000 -1.00000 0.00000
1618339835605431 -0.01111 0.99994 0.00000 -28.35840 0.99994 0.01111 0.00000 71.08291 0.00000 0.00000 -1.00000 0.00000
1618339835855432 0.00203 1.00000 -0.00000 -29.12997 1.00000 -0.00203 0.00000 71.41982 0.00000 -0.00000 -1.00000 0.00000
1618339836104809 0.01419 0.99990 0.00000 -29.92898 0.99990 -0.01419 0.00000 71.76058 0.00000 -0.00000 -1.00000 0.00000
1618339836354816 0.03546 0.99937 0.00000 -30.18432 0.99937 -0.03546 0.00000 72.28918 0.00000 -0.00000 -1.00000 0.00000
1618339836604825 0.05761 0.99834 0.00000 -30.31005 0.99834 -0.05761 0.00000 72.94841 0.00000 -0.00000 -1.00000 0.00000
1618339836854202 0.07507 0.99718 0.00000 -30.83134 0.99718 -0.07507 0.00000 73.43873 0.00000 -0.00000 -1.00000 0.00000
1618339837104203 0.10447 0.99453 -0.00000 -30.41391 0.99453 -0.10447 0.00000 74.29715 0.00000 -0.00000 -1.00000 0.00000
1618339837353579 0.12593 0.99204 0.00000 -30.61374 0.99204 -0.12593 0.00000 74.89913 0.00000 -0.00000 -1.00000 0.00000
1618339837603591 0.13862 0.99034 -0.00000 -31.44901 0.99034 -0.13862 0.00000 75.24932 0.00000 -0.00000 -1.00000 0.00000
1618339837853593 0.13939 0.99024 -0.00000 -33.32766 0.99024 -0.13939 0.00000 75.27351 0.00000 -0.00000 -1.00000 0.00000
1618339838104845 0.13463 0.99090 0.00000 -35.53432 0.99090 -0.13463 0.00000 75.09953 0.00000 -0.00000 -1.00000 0.00000
1618339838355477 0.12723 0.99187 0.00000 -37.97619 0.99187 -0.12723 0.00000 74.71714 0.00000 -0.00000 -1.00000 0.00000
1618339838606102 0.09610 0.99537 0.00000 -42.06829 0.99537 -0.09610 0.00000 73.45323 0.00000 -0.00000 -1.00000 0.00000
1618339838856731 0.07587 0.99712 0.00000 -45.62583 0.99712 -0.07587 0.00000 72.51048 0.00000 -0.00000 -1.00000 0.00000
