1. 0. 0. 0. 0. -1. -0. 0. 0. 0. -1. 0.
1. -0.002 -0. 0.015 -0.002 -1. -0. 0.051 0. 0. -1. 0.
1. 0.004 0. 0.011 0.004 -1. -0. 0.054 0. 0. -1. 0.
1. 0.003 0. 0.015 0.003 -1. -0. 0.043 0. 0. -1. 0.
1. -0.003 -0. 0.035 -0.003 -1. -0. 0.054 0. 0. -1. 0.
1. -0.003 -0. 0.022 -0.003 -1. -0. 0.024 0. 0. -1. 0.
1. -0.002 -0. 0.021 -0.002 -1. -0. 0.048 0. 0. -1. 0.
1. 0.001 0. 0.002 0.001 -1. -0. 0.052 0. 0. -1. 0.
1. 0.003 0. 0.011 0.003 -1. -0. 0.045 0. 0. -1. 0.
1. 0. 0. 0.003 0. -1. -0. 0.008 0. 0. -1. 0.
1. -0.001 -0. 0.014 -0.001 -1. -0. 0.031 0. 0. -1. 0.
1. -0.003 -0. 0.028 -0.003 -1. -0. 0.056 0. 0. -1. 0.
1. 0.003 0. 0.017 0.003 -1. -0. 0.047 0. 0. -1. 0.
1. 0.003 0. 0.018 0.003 -1. -0. 0.068 0. 0. -1. 0.
1. 0.002 0. 0.005 0.002 -1. -0. 0.053 0. 0. -1. 0.
1. 0.000 0. 0.001 0.000 -1. -0. 0.009 0. 0. -1. 0.
1. 0.007 0. 0.028 0.007 -1. -0. 0.079 0. 0. -1. 0.
1. 0.003 0. -0.005 0.003 -1. -0. 0.049 0. 0. -1. 0.
1. -0.001 -0. 0.018 -0.001 -1. -0. 0.062 0. 0. -1. 0.
1. -0.003 -0. 0.034 -0.003 -1. -0. 0.050 0. 0. -1. 0.
1. -0.002 -0. 0.015 -0.002 -1. -0. 0.025 0. 0. -1. 0.
1. -0.002 -0. 0.022 -0.002 -1. -0. 0.070 0. 0. -1. 0.
1. 0. 0. 0.053 0. -1. -0. 0.041 0. 0. -1. 0.
1. -0.007 -0. 0.138 -0.007 -1. -0. 0.100 0. 0. -1. 0.
1.000 -0.026 -0. 0.236 -0.026 -1.000 -0. 0.024 0. 0. -1. 0.
0.998 -0.057 -0. 0.437 -0.057 -0.998 -0. 0.005 0. 0. -1. 0.
0.995 -0.096 -0. 0.668 -0.096 -0.995 -0. -0.077 0. 0. -1. 0.
0.990 -0.143 -0. 1.086 -0.143 -0.990 -0. -0.104 0. 0. -1. 0.
0.985 -0.172 -0. 1.531 -0.172 -0.985 -0. -0.247 0. 0. -1. 0.
0.979 -0.203 -0. 2.052 -0.203 -0.979 -0. -0.435 0. 0. -1. 0.
0.975 -0.222 -0. 2.705 -0.222 -0.975 -0. -0.547 0. 0. -1. 0.
0.974 -0.225 -0. 3.528 -0.225 -0.974 -0. -0.708 0. 0. -1. 0.
0.975 -0.221 -0. 4.375 -0.221 -0.975 -0. -0.933 0. 0. -1. 0.
0.977 -0.214 -0. 5.281 -0.214 -0.977 -0. -1.196 0. 0. -1. 0.
0.977 -0.214 -0. 6.277 -0.214 -0.977 -0. -1.357 0. 0. -1. 0.
0.977 -0.215 -0. 7.306 -0.215 -0.977 -0. -1.643 0. 0. -1. 0.
0.978 -0.211 -0. 8.329 -0.211 -0.978 -0. -1.856 0. 0. -1. 0.
0.981 -0.196 -0. 9.552 -0.196 -0.981 -0. -2.061 0. 0. -1. 0.
0.982 -0.189 -0. 10.735 -0.189 -0.982 -0. -2.261 0. 0. -1. 0.
0.986 -0.169 -0. 11.908 -0.169 -0.986 -0. -2.557 0. 0. -1. 0.
0.988 -0.157 -0. 13.248 -0.157 -0.988 -0. -2.767 0. 0. -1. 0.
0.991 -0.134 -0. 14.588 -0.134 -0.991 -0. -3.102 0. 0. -1. 0.
0.994 -0.108 -0. 16.045 -0.108 -0.994 -0. -3.161 0. 0. -1. 0.
0.996 -0.092 -0. 17.517 -0.092 -0.996 -0. -3.180 0. 0. -1. 0.
0.997 -0.072 -0. 19.002 -0.072 -0.997 -0. -3.405 0. 0. -1. 0.
0.998 -0.057 -0. 20.639 -0.057 -0.998 -0. -3.514 0. 0. -1. 0.
0.999 -0.038 -0. 22.233 -0.038 -0.999 -0. -3.623 0. 0. -1. 0.
1.000 -0.025 -0. 23.921 -0.025 -1.000 -0. -3.613 0. 0. -1. 0.
1. -0.010 -0. 25.647 -0.010 -1. -0. -3.759 0. 0. -1. 0.
1. -0.004 -0. 27.342 -0.004 -1. -0. -3.721 0. 0. -1. 0.
1. 0.008 0. 29.077 0.008 -1. -0. -3.782 0. 0. -1. 0.
1.000 0.022 0. 30.901 0.022 -1.000 -0. -3.711 0. 0. -1. 0.
1.000 0.029 0. 32.650 0.029 -1.000 -0. -3.738 0. 0. -1. 0.
0.999 0.034 0. 34.492 0.034 -0.999 -0. -3.640 0. 0. -1. 0.
0.999 0.035 0. 36.404 0.035 -0.999 -0. -3.555 0. 0. -1. 0.
0.999 0.042 0. 38.265 0.042 -0.999 -0. -3.531 0. 0. -1. 0.
0.999 0.051 0. 40.242 0.051 -0.999 -0. -3.469 0. 0. -1. 0.
0.999 0.049 0. 42.305 0.049 -0.999 -0. -3.405 0. 0. -1. 0.
0.999 0.052 0. 44.375 0.052 -0.999 -0. -3.333 0. 0. -1. 0.
0.999 0.049 0. 46.526 0.049 -0.999 -0. -3.134 0. 0. -1. 0.
0.999 0.047 0. 48.721 0.047 -0.999 -0. -3.097 0. 0. -1. 0.
0.999 0.047 0. 50.961 0.047 -0.999 -0. -2.989 0. 0. -1. 0.
0.999 0.049 0. 53.225 0.049 -0.999 -0. -2.793 0. 0. -1. 0.
0.999 0.050 0. 55.528 0.050 -0.999 -0. -2.733 0. 0. -1. 0.
0.999 0.052 0. 57.803 0.052 -0.999 -0. -2.856 0. 0. -1. 0.
0.999 0.049 0. 60.104 0.049 -0.999 -0. -2.558 0. 0. -1. 0.
0.999 0.052 0. 62.331 0.052 -0.999 -0. -2.721 0. 0. -1. 0.
0.999 0.048 0. 64.598 0.048 -0.999 -0. -2.482 0. 0. -1. 0.
0.999 0.043 0. 66.878 0.043 -0.999 -0. -2.325 0. 0. -1. 0.
0.999 0.034 0. 69.064 0.034 -0.999 -0. -2.293 0. 0. -1. 0.
0.999 0.042 0. 71.290 0.042 -0.999 -0. -2.258 0. 0. -1. 0.
1.000 0.025 0. 73.552 0.025 -1.000 -0. -2.124 0. 0. -1. 0.
1.000 0.016 0. 75.707 0.016 -1.000 -0. -2.159 0. 0. -1. 0.
1. -0.010 -0. 77.943 -0.010 -1. -0. -2.198 0. 0. -1. 0.
0.999 -0.042 -0. 80.056 -0.042 -0.999 -0. -2.348 0. 0. -1. 0.
0.997 -0.078 -0. 82.211 -0.078 -0.997 -0. -2.381 0. 0. -1. 0.
0.992 -0.124 -0. 84.248 -0.124 -0.992 -0. -2.713 0. 0. -1. 0.
0.987 -0.162 -0. 86.244 -0.162 -0.987 -0. -3.030 0. 0. -1. 0.
0.977 -0.212 -0. 88.294 -0.212 -0.977 -0. -3.455 0. 0. -1. 0.
0.963 -0.271 -0. 90.227 -0.271 -0.963 -0. -3.925 0. 0. -1. 0.
0.947 -0.323 -0. 92.054 -0.323 -0.947 -0. -4.732 0. 0. -1. 0.
0.928 -0.374 -0. 93.929 -0.374 -0.928 -0. -5.427 0. 0. -1. 0.
0.908 -0.420 -0. 95.722 -0.420 -0.908 -0. -6.321 0. 0. -1. 0.
0.882 -0.470 -0. 97.504 -0.470 -0.882 -0. -7.240 0. 0. -1. 0.
0.856 -0.517 -0. 99.256 -0.517 -0.856 -0. -8.364 0. 0. -1. 0.
0.826 -0.564 -0. 101.018 -0.564 -0.826 -0. -9.502 0. 0. -1. 0.
0.789 -0.614 -0. 102.681 -0.614 -0.789 -0. -10.473 0. 0. -1. 0.
0.737 -0.676 -0. 104.221 -0.676 -0.737 -0. -11.806 0. 0. -1. 0.
0.674 -0.739 -0. 105.540 -0.739 -0.674 -0. -13.308 0. 0. -1. 0.
0.607 -0.795 -0. 106.583 -0.795 -0.607 -0. -14.903 0. 0. -1. 0.
0.545 -0.838 -0. 107.551 -0.838 -0.545 -0. -16.665 0. 0. -1. 0.
0.487 -0.873 -0. 108.540 -0.873 -0.487 -0. -18.318 0. 0. -1. 0.
0.440 -0.898 -0. 109.461 -0.898 -0.440 -0. -20.144 0. 0. -1. 0.
0.411 -0.912 -0. 110.116 -0.912 -0.411 -0. -22.127 0. 0. -1. 0.
0.382 -0.924 -0. 111.115 -0.924 -0.382 -0. -23.970 0. 0. -1. 0.
0.372 -0.928 -0. 111.826 -0.928 -0.372 -0. -26.035 0. 0. -1. 0.
0.364 -0.931 -0. 112.756 -0.931 -0.364 -0. -28.025 0. 0. -1. 0.
0.355 -0.935 -0. 113.575 -0.935 -0.355 -0. -30.112 0. 0. -1. 0.
0.355 -0.935 -0. 114.059 -0.935 -0.355 -0. -32.332 0. 0. -1. 0.
0.361 -0.933 -0. 114.927 -0.933 -0.361 -0. -34.500 0. 0. -1. 0.
0.366 -0.931 -0. 115.924 -0.931 -0.366 -0. -36.682 0. 0. -1. 0.
0.390 -0.921 -0. 116.778 -0.921 -0.390 -0. -38.886 0. 0. -1. 0.
0.415 -0.910 -0. 117.686 -0.910 -0.415 -0. -41.058 0. 0. -1. 0.
0.446 -0.895 -0. 118.645 -0.895 -0.446 -0. -43.244 0. 0. -1. 0.
0.471 -0.882 -0. 120.028 -0.882 -0.471 -0. -45.292 0. 0. -1. 0.
0.493 -0.870 -0. 120.978 -0.870 -0.493 -0. -47.302 0. 0. -1. 0.
0.505 -0.863 -0. 122.122 -0.863 -0.505 -0. -49.310 0. 0. -1. 0.
0.520 -0.854 -0. 123.044 -0.854 -0.520 -0. -51.221 0. 0. -1. 0.
0.533 -0.846 -0. 124.220 -0.846 -0.533 -0. -53.174 0. 0. -1. 0.
0.545 -0.839 -0. 125.506 -0.839 -0.545 -0. -55.023 0. 0. -1. 0.
0.563 -0.827 -0. 126.463 -0.827 -0.563 -0. -56.759 0. 0. -1. 0.
0.569 -0.822 -0. 127.798 -0.822 -0.569 -0. -58.624 0. 0. -1. 0.
0.578 -0.816 -0. 128.966 -0.816 -0.578 -0. -60.173 0. 0. -1. 0.
0.589 -0.808 -0. 130.223 -0.808 -0.589 -0. -61.799 0. 0. -1. 0.
0.605 -0.797 -0. 131.463 -0.797 -0.605 -0. -63.529 0. 0. -1. 0.
0.624 -0.782 -0. 132.617 -0.782 -0.624 -0. -64.985 0. 0. -1. 0.
0.655 -0.756 -0. 134.006 -0.756 -0.655 -0. -66.544 0. 0. -1. 0.
0.689 -0.725 -0. 135.203 -0.725 -0.689 -0. -68.020 0. 0. -1. 0.
0.727 -0.687 -0. 136.578 -0.687 -0.727 -0. -69.322 0. 0. -1. 0.
0.775 -0.632 -0. 137.811 -0.632 -0.775 -0. -70.513 0. 0. -1. 0.
0.818 -0.575 -0. 139.350 -0.575 -0.818 -0. -71.540 0. 0. -1. 0.
0.873 -0.488 -0. 140.631 -0.488 -0.873 -0. -72.442 0. 0. -1. 0.
0.922 -0.387 -0. 142.239 -0.387 -0.922 -0. -72.989 0. 0. -1. 0.
0.964 -0.267 -0. 143.501 -0.267 -0.964 -0. -73.593 0. 0. -1. 0.
0.991 -0.137 -0. 144.926 -0.137 -0.991 -0. -73.734 0. 0. -1. 0.
1. 0.013 0. 146.165 0.013 -1. -0. -73.722 0. 0. -1. 0.
0.988 0.157 0. 147.382 0.157 -0.988 -0. -73.487 0. 0. -1. 0.
0.947 0.322 0. 148.462 0.322 -0.947 -0. -73.095 0. 0. -1. 0.
0.872 0.490 0. 149.517 0.490 -0.872 -0. -72.551 0. 0. -1. 0.
0.761 0.649 0. 150.217 0.649 -0.761 -0. -71.858 0. 0. -1. 0.
0.606 0.796 0. 150.885 0.796 -0.606 -0. -71.018 0. 0. -1. 0.
0.422 0.907 0. 151.276 0.907 -0.422 -0. -69.928 0. 0. -1. 0.
0.209 0.978 0. 151.491 0.978 -0.209 -0. -68.995 0. 0. -1. 0.
-0.027 1.000 0. 151.375 1.000 0.027 0. -67.788 0. 0. -1. 0.
-0.264 0.965 0. 151.104 0.965 0.264 0. -66.841 0. 0. -1. 0.
-0.482 0.876 0. 150.574 0.876 0.482 0. -65.891 0. 0. -1. 0.
-0.658 0.753 0. 149.620 0.753 0.658 0. -65.044 0. 0. -1. 0.
-0.779 0.627 0. 148.697 0.627 0.779 0. -64.247 0. 0. -1. 0.
-0.862 0.507 0. 147.586 0.507 0.862 0. -63.709 0. 0. -1. 0.
-0.912 0.411 0. 146.359 0.411 0.912 0. -63.116 0. 0. -1. 0.
-0.939 0.343 0. 144.954 0.343 0.939 0. -62.661 0. 0. -1. 0.
-0.950 0.312 0. 143.434 0.312 0.950 0. -62.160 0. 0. -1. 0.
-0.959 0.285 0. 141.932 0.285 0.959 0. -61.753 0. 0. -1. 0.
-0.954 0.299 0. 140.321 0.299 0.954 0. -61.210 0. 0. -1. 0.
-0.948 0.317 0. 138.675 0.317 0.948 0. -60.698 0. 0. -1. 0.
-0.942 0.337 0. 136.969 0.337 0.942 0. -60.232 0. 0. -1. 0.
-0.925 0.380 0. 135.221 0.380 0.925 0. -59.493 0. 0. -1. 0.
-0.901 0.434 0. 133.487 0.434 0.901 0. -58.819 0. 0. -1. 0.
-0.874 0.486 0. 131.735 0.486 0.874 0. -57.654 0. 0. -1. 0.
-0.840 0.543 0. 129.959 0.543 0.840 0. -56.605 0. 0. -1. 0.
-0.800 0.600 0. 128.318 0.600 0.800 0. -55.192 0. 0. -1. 0.
-0.755 0.655 0. 126.696 0.655 0.755 0. -53.869 0. 0. -1. 0.
-0.706 0.708 0. 125.228 0.708 0.706 0. -52.295 0. 0. -1. 0.
-0.660 0.751 0. 123.650 0.751 0.660 0. -50.530 0. 0. -1. 0.
-0.611 0.791 0. 122.334 0.791 0.611 0. -48.677 0. 0. -1. 0.
-0.550 0.835 0. 120.838 0.835 0.550 0. -46.777 0. 0. -1. 0.
-0.509 0.861 0. 119.781 0.861 0.509 0. -44.781 0. 0. -1. 0.
-0.465 0.885 0. 118.630 0.885 0.465 0. -42.534 0. 0. -1. 0.
-0.429 0.903 0. 117.601 0.903 0.429 0. -40.324 0. 0. -1. 0.
-0.396 0.918 0. 116.661 0.918 0.396 0. -38.074 0. 0. -1. 0.
-0.385 0.923 0. 115.792 0.923 0.385 0. -35.696 0. 0. -1. 0.
-0.363 0.932 0. 114.943 0.932 0.363 0. -33.438 0. 0. -1. 0.
-0.344 0.939 0. 114.004 0.939 0.344 0. -31.051 0. 0. -1. 0.
-0.339 0.941 0. 113.406 0.941 0.339 0. -28.749 0. 0. -1. 0.
-0.335 0.942 0. 112.447 0.942 0.335 0. -26.370 0. 0. -1. 0.
-0.354 0.935 0. 111.600 0.935 0.354 0. -24.126 0. 0. -1. 0.
-0.391 0.920 0. 110.616 0.920 0.391 0. -21.819 0. 0. -1. 0.
-0.438 0.899 0. 109.758 0.899 0.438 0. -19.620 0. 0. -1. 0.
-0.494 0.869 0. 108.623 0.869 0.494 0. -17.435 0. 0. -1. 0.
-0.555 0.832 0. 107.552 0.832 0.555 0. -15.349 0. 0. -1. 0.
-0.613 0.790 0. 106.331 0.790 0.613 0. -13.531 0. 0. -1. 0.
-0.677 0.736 0. 104.952 0.736 0.677 0. -11.674 0. 0. -1. 0.
-0.735 0.678 0. 103.200 0.678 0.735 0. -9.955 0. 0. -1. 0.
-0.785 0.619 0. 101.508 0.619 0.785 0. -8.461 0. 0. -1. 0.
-0.833 0.553 0. 99.648 0.553 0.833 0. -7.116 0. 0. -1. 0.
-0.877 0.481 0. 97.695 0.481 0.877 0. -6.020 0. 0. -1. 0.
-0.915 0.403 0. 95.735 0.403 0.915 0. -4.961 0. 0. -1. 0.
-0.948 0.319 0. 93.597 0.319 0.948 0. -4.187 0. 0. -1. 0.
-0.969 0.249 0. 91.410 0.249 0.969 0. -3.767 0. 0. -1. 0.
-0.984 0.175 0. 89.094 0.175 0.984 0. -3.261 0. 0. -1. 0.
-0.994 0.111 0. 86.904 0.111 0.994 0. -2.862 0. 0. -1. 0.
-0.998 0.060 0. 84.523 0.060 0.998 0. -2.702 0. 0. -1. 0.
-1.000 0.021 0. 82.179 0.021 1.000 0. -2.711 0. 0. -1. 0.
-1. -0.009 -0. 79.821 -0.009 1. 0. -2.689 0. 0. -1. 0.
-1.000 -0.029 -0. 77.300 -0.029 1.000 0. -2.702 0. 0. -1. 0.
-0.999 -0.041 -0. 74.929 -0.041 0.999 0. -2.813 0. 0. -1. 0.
-0.999 -0.043 -0. 72.534 -0.043 0.999 0. -2.883 0. 0. -1. 0.
-0.999 -0.041 -0. 70.062 -0.041 0.999 0. -2.998 0. 0. -1. 0.
-0.999 -0.037 -0. 67.605 -0.037 0.999 0. -3.070 0. 0. -1. 0.
-0.999 -0.034 -0. 65.097 -0.034 0.999 0. -3.138 0. 0. -1. 0.
-1.000 -0.031 -0. 62.670 -0.031 1.000 0. -3.172 0. 0. -1. 0.
-1.000 -0.028 -0. 60.169 -0.028 1.000 0. -3.304 0. 0. -1. 0.
-1.000 -0.023 -0. 57.709 -0.023 1.000 0. -3.150 0. 0. -1. 0.
-1. -0.009 -0. 55.249 -0.009 1. 0. -3.169 0. 0. -1. 0.
-1. -0.010 -0. 52.868 -0.010 1. 0. -3.021 0. 0. -1. 0.
-1. -0.005 -0. 50.436 -0.005 1. 0. -3.096 0. 0. -1. 0.
-1. -0.004 -0. 48.109 -0.004 1. 0. -3.080 0. 0. -1. 0.
-1. -0.001 -0. 45.842 -0.001 1. 0. -3.092 0. 0. -1. 0.
-1. -0.002 -0. 43.578 -0.002 1. 0. -3.009 0. 0. -1. 0.
-1. -0.001 -0. 41.252 -0.001 1. 0. -3.060 0. 0. -1. 0.
-1. -0.006 -0. 39.104 -0.006 1. 0. -2.764 0. 0. -1. 0.
-1. -0.005 -0. 36.888 -0.005 1. 0. -2.963 0. 0. -1. 0.
-1. -0.006 -0. 34.720 -0.006 1. 0. -2.946 0. 0. -1. 0.
-1. 0.003 0. 32.492 0.003 1. 0. -2.960 0. 0. -1. 0.
-1. 0.004 0. 30.333 0.004 1. 0. -2.802 0. 0. -1. 0.
-1. 0.011 0. 28.029 0.011 1. 0. -2.738 0. 0. -1. 0.
-1.000 0.015 0. 25.935 0.015 1.000 0. -2.713 0. 0. -1. 0.
-1.000 0.029 0. 23.791 0.029 1.000 0. -2.597 0. 0. -1. 0.
-0.999 0.038 0. 21.618 0.038 0.999 0. -2.444 0. 0. -1. 0.
-0.999 0.051 0. 19.430 0.051 0.999 0. -2.485 0. 0. -1. 0.
-0.998 0.062 0. 17.267 0.062 0.998 0. -2.185 0. 0. -1. 0.
-0.997 0.075 0. 14.970 0.075 0.997 0. -2.085 0. 0. -1. 0.
-0.996 0.089 0. 12.856 0.089 0.996 0. -1.882 0. 0. -1. 0.
-0.996 0.087 0. 10.610 0.087 0.996 0. -1.650 0. 0. -1. 0.
-0.996 0.094 0. 8.390 0.094 0.996 0. -1.475 0. 0. -1. 0.
-0.996 0.094 0. 6.237 0.094 0.996 0. -1.299 0. 0. -1. 0.
-0.996 0.085 0. 4.026 0.085 0.996 0. -1.022 0. 0. -1. 0.
-0.996 0.087 0. 1.811 0.087 0.996 0. -0.785 0. 0. -1. 0.
-0.998 0.069 0. -0.447 0.069 0.998 0. -0.578 0. 0. -1. 0.
-0.997 0.072 0. -2.701 0.072 0.997 0. -0.450 0. 0. -1. 0.
-0.999 0.051 0. -4.873 0.051 0.999 0. -0.232 0. 0. -1. 0.
-0.999 0.055 0. -7.168 0.055 0.999 0. -0.159 0. 0. -1. 0.
-0.999 0.053 0. -9.503 0.053 0.999 0. -0.043 0. 0. -1. 0.
-0.999 0.048 0. -11.835 0.048 0.999 0. 0.162 0. 0. -1. 0.
-0.999 0.050 0. -14.118 0.050 0.999 0. 0.293 0. 0. -1. 0.
-0.999 0.035 0. -16.549 0.035 0.999 0. 0.389 0. 0. -1. 0.
-0.999 0.035 0. -18.915 0.035 0.999 0. 0.520 0. 0. -1. 0.
-1.000 0.030 0. -21.385 0.030 1.000 0. 0.682 0. 0. -1. 0.
-1.000 0.029 0. -23.970 0.029 1.000 0. 0.738 0. 0. -1. 0.
-1.000 0.023 0. -26.429 0.023 1.000 0. 0.924 0. 0. -1. 0.
-1.000 0.020 0. -28.862 0.020 1.000 0. 0.929 0. 0. -1. 0.
-1. 0.011 0. -31.315 0.011 1. 0. 1.023 0. 0. -1. 0.
-1.000 0.015 0. -33.809 0.015 1.000 0. 1.019 0. 0. -1. 0.
-1. 0.013 0. -36.193 0.013 1. 0. 1.050 0. 0. -1. 0.
-1. -0.001 -0. -38.541 -0.001 1. 0. 1.072 0. 0. -1. 0.
-1. 0.003 0. -41.025 0.003 1. 0. 1.089 0. 0. -1. 0.
-1. -0.003 -0. -43.249 -0.003 1. 0. 1.110 0. 0. -1. 0.
-1. -0.003 -0. -45.613 -0.003 1. 0. 1.211 0. 0. -1. 0.
-1.000 -0.015 -0. -47.853 -0.015 1.000 0. 1.217 0. 0. -1. 0.
-1.000 -0.017 -0. -50.022 -0.017 1.000 0. 1.191 0. 0. -1. 0.
-1.000 -0.021 -0. -52.108 -0.021 1.000 0. 1.219 0. 0. -1. 0.
-1.000 -0.023 -0. -54.288 -0.023 1.000 0. 1.239 0. 0. -1. 0.
-1.000 -0.018 -0. -56.196 -0.018 1.000 0. 1.208 0. 0. -1. 0.
-1.000 -0.016 -0. -58.073 -0.016 1.000 0. 1.214 0. 0. -1. 0.
-1. 0.014 0. -59.870 0.014 1. 0. 1.196 0. 0. -1. 0.
-0.999 0.032 0. -61.417 0.032 0.999 0. 1.392 0. 0. -1. 0.
-0.998 0.064 0. -63.031 0.064 0.998 0. 1.462 0. 0. -1. 0.
-0.993 0.122 0. -64.427 0.122 0.993 0. 1.621 0. 0. -1. 0.
-0.985 0.171 0. -65.750 0.171 0.985 0. 1.809 0. 0. -1. 0.
-0.972 0.234 0. -67.007 0.234 0.972 0. 2.277 0. 0. -1. 0.
-0.948 0.318 0. -68.007 0.318 0.948 0. 2.570 0. 0. -1. 0.
-0.917 0.398 0. -68.965 0.398 0.917 0. 2.946 0. 0. -1. 0.
-0.865 0.501 0. -69.840 0.501 0.865 0. 3.578 0. 0. -1. 0.
-0.795 0.607 0. -70.624 0.607 0.795 0. 4.195 0. 0. -1. 0.
-0.712 0.702 0. -71.322 0.702 0.712 0. 5.058 0. 0. -1. 0.
-0.607 0.795 0. -72.015 0.795 0.607 0. 5.851 0. 0. -1. 0.
-0.501 0.866 0. -72.368 0.866 0.501 0. 6.662 0. 0. -1. 0.
-0.387 0.922 0. -72.873 0.922 0.387 0. 7.571 0. 0. -1. 0.
-0.293 0.956 0. -73.066 0.956 0.293 0. 8.754 0. 0. -1. 0.
-0.200 0.980 0. -73.323 0.980 0.200 0. 9.832 0. 0. -1. 0.
-0.132 0.991 0. -73.532 0.991 0.132 0. 11.049 0. 0. -1. 0.
-0.099 0.995 0. -73.470 0.995 0.099 0. 12.428 0. 0. -1. 0.
-0.076 0.997 0. -73.623 0.997 0.076 0. 13.716 0. 0. -1. 0.
-0.063 0.998 0. -73.541 0.998 0.063 0. 15.193 0. 0. -1. 0.
-0.056 0.998 0. -73.621 0.998 0.056 0. 16.701 0. 0. -1. 0.
-0.047 0.999 0. -73.655 0.999 0.047 0. 18.385 0. 0. -1. 0.
-0.037 0.999 0. -73.732 0.999 0.037 0. 20.091 0. 0. -1. 0.
-0.036 0.999 0. -73.702 0.999 0.036 0. 21.888 0. 0. -1. 0.
-0.031 1.000 0. -73.688 1.000 0.031 0. 23.674 0. 0. -1. 0.
-0.017 1.000 0. -73.740 1.000 0.017 0. 25.711 0. 0. -1. 0.
-0.001 1. 0. -73.659 1. 0.001 0. 27.686 0. 0. -1. 0.
0.013 1. 0. -73.754 1. -0.013 -0. 29.648 0. 0. -1. 0.
0.027 1.000 0. -73.649 1.000 -0.027 -0. 31.737 0. 0. -1. 0.
0.047 0.999 0. -73.534 0.999 -0.047 -0. 33.730 0. 0. -1. 0.
0.081 0.997 0. -73.321 0.997 -0.081 -0. 35.774 0. 0. -1. 0.
0.091 0.996 0. -73.075 0.996 -0.091 -0. 37.885 0. 0. -1. 0.
0.121 0.993 0. -72.886 0.993 -0.121 -0. 39.986 0. 0. -1. 0.
0.138 0.990 0. -72.483 0.990 -0.138 -0. 41.862 0. 0. -1. 0.
0.159 0.987 0. -72.120 0.987 -0.159 -0. 43.885 0. 0. -1. 0.
0.164 0.986 0. -71.730 0.986 -0.164 -0. 46.075 0. 0. -1. 0.
0.161 0.987 0. -71.294 0.987 -0.161 -0. 47.960 0. 0. -1. 0.
0.161 0.987 0. -71.138 0.987 -0.161 -0. 49.783 0. 0. -1. 0.
0.155 0.988 0. -70.872 0.988 -0.155 -0. 51.797 0. 0. -1. 0.
0.137 0.991 0. -70.593 0.991 -0.137 -0. 53.909 0. 0. -1. 0.
0.117 0.993 0. -70.215 0.993 -0.117 -0. 55.982 0. 0. -1. 0.
0.095 0.996 0. -69.944 0.996 -0.095 -0. 57.953 0. 0. -1. 0.
0.078 0.997 0. -69.708 0.997 -0.078 -0. 60.050 0. 0. -1. 0.
0.060 0.998 0. -69.525 0.998 -0.060 -0. 62.098 0. 0. -1. 0.
0.044 0.999 0. -69.468 0.999 -0.044 -0. 64.143 0. 0. -1. 0.
0.023 1.000 0. -69.354 1.000 -0.023 -0. 66.125 0. 0. -1. 0.
0.010 1. 0. -69.402 1. -0.010 -0. 68.228 0. 0. -1. 0.
-0.015 1.000 0. -69.236 1.000 0.015 0. 70.244 0. 0. -1. 0.
-0.034 0.999 0. -69.259 0.999 0.034 0. 72.307 0. 0. -1. 0.
-0.047 0.999 0. -69.427 0.999 0.047 0. 74.195 0. 0. -1. 0.
-0.084 0.996 0. -69.485 0.996 0.084 0. 76.077 0. 0. -1. 0.
-0.120 0.993 0. -69.693 0.993 0.120 0. 78.026 0. 0. -1. 0.
-0.159 0.987 0. -69.934 0.987 0.159 0. 79.860 0. 0. -1. 0.
-0.199 0.980 0. -70.272 0.980 0.199 0. 81.743 0. 0. -1. 0.
-0.247 0.969 0. -70.659 0.969 0.247 0. 83.459 0. 0. -1. 0.
-0.297 0.955 0. -71.202 0.955 0.297 0. 85.187 0. 0. -1. 0.
-0.362 0.932 0. -71.743 0.932 0.362 0. 86.784 0. 0. -1. 0.
-0.438 0.899 0. -72.447 0.899 0.438 0. 88.357 0. 0. -1. 0.
-0.513 0.858 0. -73.159 0.858 0.513 0. 89.765 0. 0. -1. 0.
-0.588 0.809 0. -74.187 0.809 0.588 0. 91.115 0. 0. -1. 0.
-0.671 0.742 0. -75.189 0.742 0.671 0. 92.331 0. 0. -1. 0.
-0.746 0.666 0. -76.284 0.666 0.746 0. 93.538 0. 0. -1. 0.
-0.822 0.570 0. -77.619 0.570 0.822 0. 94.381 0. 0. -1. 0.
-0.877 0.480 0. -79.035 0.480 0.877 0. 95.310 0. 0. -1. 0.
-0.925 0.379 0. -80.414 0.379 0.925 0. 96.041 0. 0. -1. 0.
-0.954 0.300 0. -81.910 0.300 0.954 0. 96.321 0. 0. -1. 0.
-0.970 0.243 0. -83.425 0.243 0.970 0. 96.695 0. 0. -1. 0.
-0.979 0.205 0. -84.968 0.205 0.979 0. 97.022 0. 0. -1. 0.
-0.982 0.189 0. -86.511 0.189 0.982 0. 97.308 0. 0. -1. 0.
-0.982 0.190 0. -88.028 0.190 0.982 0. 97.696 0. 0. -1. 0.
-0.981 0.195 0. -89.547 0.195 0.981 0. 98.032 0. 0. -1. 0.
-0.976 0.220 0. -91.302 0.220 0.976 0. 98.360 0. 0. -1. 0.
-0.964 0.264 0. -92.890 0.264 0.964 0. 98.856 0. 0. -1. 0.
-0.946 0.325 0. -94.597 0.325 0.946 0. 99.404 0. 0. -1. 0.
-0.924 0.383 0. -96.135 0.383 0.924 0. 100.189 0. 0. -1. 0.
-0.891 0.454 0. -97.787 0.454 0.891 0. 101.018 0. 0. -1. 0.
-0.857 0.516 0. -99.359 0.516 0.857 0. 101.915 0. 0. -1. 0.
-0.825 0.565 0. -100.909 0.565 0.825 0. 103.075 0. 0. -1. 0.
-0.792 0.610 0. -102.443 0.610 0.792 0. 104.291 0. 0. -1. 0.
-0.760 0.650 0. -104.112 0.650 0.760 0. 105.438 0. 0. -1. 0.
-0.740 0.672 0. -105.594 0.672 0.740 0. 106.909 0. 0. -1. 0.
-0.728 0.686 0. -107.091 0.686 0.728 0. 108.308 0. 0. -1. 0.
-0.719 0.695 0. -108.632 0.695 0.719 0. 110.032 0. 0. -1. 0.
-0.710 0.704 0. -110.164 0.704 0.710 0. 111.432 0. 0. -1. 0.
-0.711 0.703 0. -111.746 0.703 0.711 0. 113.106 0. 0. -1. 0.
-0.704 0.710 0. -113.324 0.710 0.704 0. 114.837 0. 0. -1. 0.
-0.708 0.706 0. -115.067 0.706 0.708 0. 116.455 0. 0. -1. 0.
-0.704 0.710 0. -116.719 0.710 0.704 0. 118.318 0. 0. -1. 0.
-0.701 0.713 0. -118.437 0.713 0.701 0. 120.047 0. 0. -1. 0.
-0.699 0.715 0. -120.209 0.715 0.699 0. 121.811 0. 0. -1. 0.
-0.704 0.711 0. -121.980 0.711 0.704 0. 123.715 0. 0. -1. 0.
-0.706 0.709 0. -123.694 0.709 0.706 0. 125.608 0. 0. -1. 0.
-0.703 0.711 0. -125.424 0.711 0.703 0. 127.406 0. 0. -1. 0.
-0.698 0.716 0. -127.227 0.716 0.698 0. 129.198 0. 0. -1. 0.
-0.704 0.710 0. -128.928 0.710 0.704 0. 131.133 0. 0. -1. 0.
-0.706 0.709 0. -130.685 0.709 0.706 0. 132.970 0. 0. -1. 0.
-0.701 0.713 0. -132.432 0.713 0.701 0. 134.709 0. 0. -1. 0.
-0.701 0.714 0. -134.181 0.714 0.701 0. 136.536 0. 0. -1. 0.
-0.698 0.716 0. -135.955 0.716 0.698 0. 138.361 0. 0. -1. 0.
-0.702 0.712 0. -137.707 0.712 0.702 0. 140.181 0. 0. -1. 0.
-0.699 0.715 0. -139.444 0.715 0.699 0. 142.072 0. 0. -1. 0.
-0.703 0.711 0. -141.160 0.711 0.703 0. 144.015 0. 0. -1. 0.
-0.705 0.710 0. -142.999 0.710 0.705 0. 145.919 0. 0. -1. 0.
-0.701 0.714 0. -144.753 0.714 0.701 0. 147.838 0. 0. -1. 0.
-0.693 0.721 0. -146.585 0.721 0.693 0. 149.609 0. 0. -1. 0.
-0.681 0.732 0. -148.203 0.732 0.681 0. 151.569 0. 0. -1. 0.
-0.666 0.746 0. -149.968 0.746 0.666 0. 153.537 0. 0. -1. 0.
-0.651 0.759 0. -151.609 0.759 0.651 0. 155.554 0. 0. -1. 0.
-0.624 0.781 0. -153.115 0.781 0.624 0. 157.478 0. 0. -1. 0.
-0.600 0.800 0. -154.689 0.800 0.600 0. 159.588 0. 0. -1. 0.
-0.567 0.824 0. -156.031 0.824 0.567 0. 161.632 0. 0. -1. 0.
-0.524 0.852 0. -157.320 0.852 0.524 0. 163.848 0. 0. -1. 0.
-0.487 0.873 0. -158.542 0.873 0.487 0. 165.998 0. 0. -1. 0.
-0.443 0.897 0. -159.792 0.897 0.443 0. 168.295 0. 0. -1. 0.
-0.392 0.920 0. -160.655 0.920 0.392 0. 170.501 0. 0. -1. 0.
-0.341 0.940 0. -161.582 0.940 0.341 0. 172.789 0. 0. -1. 0.
-0.284 0.959 0. -162.317 0.959 0.284 0. 175.142 0. 0. -1. 0.
-0.241 0.970 0. -162.687 0.970 0.241 0. 177.606 0. 0. -1. 0.
-0.203 0.979 0. -163.408 0.979 0.203 0. 179.910 0. 0. -1. 0.
-0.171 0.985 0. -163.594 0.985 0.171 0. 182.385 0. 0. -1. 0.
-0.140 0.990 0. -164.158 0.990 0.140 0. 184.771 0. 0. -1. 0.
-0.127 0.992 0. -164.423 0.992 0.127 0. 187.191 0. 0. -1. 0.
-0.122 0.993 0. -164.694 0.993 0.122 0. 189.707 0. 0. -1. 0.
-0.117 0.993 0. -164.897 0.993 0.117 0. 192.145 0. 0. -1. 0.
-0.110 0.994 0. -164.991 0.994 0.110 0. 194.629 0. 0. -1. 0.
-0.103 0.995 0. -165.415 0.995 0.103 0. 197.023 0. 0. -1. 0.
-0.097 0.995 0. -165.423 0.995 0.097 0. 199.485 0. 0. -1. 0.
-0.100 0.995 0. -165.542 0.995 0.100 0. 201.854 0. 0. -1. 0.
-0.098 0.995 0. -165.778 0.995 0.098 0. 204.247 0. 0. -1. 0.
-0.111 0.994 0. -166.028 0.994 0.111 0. 206.483 0. 0. -1. 0.
-0.133 0.991 0. -166.149 0.991 0.133 0. 208.835 0. 0. -1. 0.
-0.158 0.987 0. -166.558 0.987 0.158 0. 211.105 0. 0. -1. 0.
-0.195 0.981 0. -166.812 0.981 0.195 0. 213.323 0. 0. -1. 0.
-0.234 0.972 0. -167.247 0.972 0.234 0. 215.521 0. 0. -1. 0.
-0.275 0.962 0. -167.839 0.962 0.275 0. 217.606 0. 0. -1. 0.
-0.323 0.947 0. -168.535 0.947 0.323 0. 219.654 0. 0. -1. 0.
-0.380 0.925 0. -169.159 0.925 0.380 0. 221.553 0. 0. -1. 0.
-0.439 0.899 0. -170.051 0.899 0.439 0. 223.470 0. 0. -1. 0.
-0.496 0.868 0. -171.215 0.868 0.496 0. 225.181 0. 0. -1. 0.
-0.555 0.832 0. -172.395 0.832 0.555 0. 226.841 0. 0. -1. 0.
-0.613 0.790 0. -173.581 0.790 0.613 0. 228.443 0. 0. -1. 0.
-0.676 0.737 0. -174.721 0.737 0.676 0. 230.035 0. 0. -1. 0.
-0.735 0.679 0. -176.335 0.679 0.735 0. 231.447 0. 0. -1. 0.
-0.788 0.615 0. -177.873 0.615 0.788 0. 232.732 0. 0. -1. 0.
-0.836 0.549 0. -179.632 0.549 0.836 0. 233.920 0. 0. -1. 0.
-0.876 0.482 0. -181.519 0.482 0.876 0. 234.861 0. 0. -1. 0.
-0.912 0.410 0. -183.369 0.410 0.912 0. 235.673 0. 0. -1. 0.
-0.937 0.350 0. -185.430 0.350 0.937 0. 236.459 0. 0. -1. 0.
-0.952 0.305 0. -187.446 0.305 0.952 0. 237.219 0. 0. -1. 0.
-0.957 0.289 0. -189.472 0.289 0.957 0. 237.979 0. 0. -1. 0.
-0.961 0.277 0. -191.697 0.277 0.961 0. 238.609 0. 0. -1. 0.
-0.962 0.273 0. -193.786 0.273 0.962 0. 239.275 0. 0. -1. 0.
-0.963 0.271 0. -196.118 0.271 0.963 0. 239.928 0. 0. -1. 0.
-0.961 0.275 0. -198.431 0.275 0.961 0. 240.639 0. 0. -1. 0.
-0.960 0.281 0. -200.749 0.281 0.960 0. 241.403 0. 0. -1. 0.
-0.960 0.280 0. -203.095 0.280 0.960 0. 242.079 0. 0. -1. 0.
-0.961 0.276 0. -205.512 0.276 0.961 0. 242.716 0. 0. -1. 0.
-0.961 0.278 0. -207.856 0.278 0.961 0. 243.457 0. 0. -1. 0.
-0.960 0.282 0. -210.278 0.282 0.960 0. 244.187 0. 0. -1. 0.
-0.959 0.284 0. -212.514 0.284 0.959 0. 245.082 0. 0. -1. 0.
-0.959 0.283 0. -214.965 0.283 0.959 0. 245.701 0. 0. -1. 0.
-0.959 0.282 0. -217.337 0.282 0.959 0. 246.378 0. 0. -1. 0.
-0.959 0.285 0. -219.570 0.285 0.959 0. 247.047 0. 0. -1. 0.
-0.960 0.281 0. -221.808 0.281 0.960 0. 247.786 0. 0. -1. 0.
-0.959 0.283 0. -223.830 0.283 0.959 0. 248.544 0. 0. -1. 0.
-0.958 0.286 0. -226.042 0.286 0.958 0. 249.097 0. 0. -1. 0.
-0.956 0.293 0. -228.043 0.293 0.956 0. 249.742 0. 0. -1. 0.
-0.954 0.298 0. -230.033 0.298 0.954 0. 250.409 0. 0. -1. 0.
-0.954 0.300 0. -231.896 0.300 0.954 0. 251.060 0. 0. -1. 0.
-0.950 0.313 0. -233.837 0.313 0.950 0. 251.637 0. 0. -1. 0.
-0.939 0.344 0. -235.510 0.344 0.939 0. 252.258 0. 0. -1. 0.
-0.930 0.366 0. -237.108 0.366 0.930 0. 252.967 0. 0. -1. 0.
-0.920 0.391 0. -238.651 0.391 0.920 0. 253.642 0. 0. -1. 0.
-0.913 0.408 0. -240.125 0.408 0.913 0. 254.249 0. 0. -1. 0.
-0.907 0.422 0. -241.457 0.422 0.907 0. 254.862 0. 0. -1. 0.
-0.906 0.423 0. -242.661 0.423 0.906 0. 255.448 0. 0. -1. 0.
-0.907 0.422 0. -243.943 0.422 0.907 0. 256.153 0. 0. -1. 0.
-0.905 0.426 0. -245.103 0.426 0.905 0. 256.725 0. 0. -1. 0.
-0.903 0.429 0. -246.098 0.429 0.903 0. 257.234 0. 0. -1. 0.
-0.907 0.421 0. -246.974 0.421 0.907 0. 257.748 0. 0. -1. 0.
-0.910 0.414 0. -247.910 0.414 0.910 0. 258.007 0. 0. -1. 0.
-0.914 0.407 0. -248.729 0.407 0.914 0. 258.640 0. 0. -1. 0.
-0.915 0.403 0. -249.604 0.403 0.915 0. 258.846 0. 0. -1. 0.
-0.917 0.398 0. -250.086 0.398 0.917 0. 259.179 0. 0. -1. 0.
-0.919 0.394 0. -250.604 0.394 0.919 0. 259.378 0. 0. -1. 0.
-0.919 0.394 0. -251.036 0.394 0.919 0. 259.546 0. 0. -1. 0.
-0.920 0.392 0. -251.341 0.392 0.920 0. 259.765 0. 0. -1. 0.
-0.920 0.393 0. -251.648 0.393 0.920 0. 259.814 0. 0. -1. 0.
-0.918 0.397 0. -251.834 0.397 0.918 0. 259.943 0. 0. -1. 0.
-0.917 0.398 0. -251.935 0.398 0.917 0. 260.115 0. 0. -1. 0.
-0.920 0.393 0. -252.051 0.393 0.920 0. 260.094 0. 0. -1. 0.
-0.917 0.399 0. -252.132 0.399 0.917 0. 260.095 0. 0. -1. 0.
-0.919 0.393 0. -252.101 0.393 0.919 0. 260.101 0. 0. -1. 0.
-0.921 0.389 0. -252.125 0.389 0.921 0. 260.197 0. 0. -1. 0.
-0.917 0.398 0. -252.132 0.398 0.917 0. 260.110 0. 0. -1. 0.
-0.918 0.396 0. -252.129 0.396 0.918 0. 260.061 0. 0. -1. 0.
-0.920 0.393 0. -252.171 0.393 0.920 0. 260.252 0. 0. -1. 0.
-0.920 0.393 0. -252.138 0.393 0.920 0. 260.201 0. 0. -1. 0.
-0.917 0.398 0. -252.116 0.398 0.917 0. 260.107 0. 0. -1. 0.
-0.919 0.394 0. -252.104 0.394 0.919 0. 260.213 0. 0. -1. 0.
-0.920 0.392 0. -252.121 0.392 0.920 0. 260.249 0. 0. -1. 0.
-0.917 0.398 0. -252.116 0.398 0.917 0. 260.120 0. 0. -1. 0.
-0.917 0.399 0. -252.114 0.399 0.917 0. 260.127 0. 0. -1. 0.
-0.919 0.395 0. -252.092 0.395 0.919 0. 260.093 0. 0. -1. 0.
-0.920 0.392 0. -252.096 0.392 0.920 0. 260.217 0. 0. -1. 0.
-0.919 0.394 0. -252.083 0.394 0.919 0. 260.134 0. 0. -1. 0.
-0.917 0.400 0. -252.089 0.400 0.917 0. 260.109 0. 0. -1. 0.
-0.919 0.394 0. -252.068 0.394 0.919 0. 260.147 0. 0. -1. 0.
-0.919 0.393 0. -252.091 0.393 0.919 0. 260.158 0. 0. -1. 0.
-0.917 0.398 0. -252.110 0.398 0.917 0. 260.161 0. 0. -1. 0.
-0.919 0.395 0. -252.110 0.395 0.919 0. 260.231 0. 0. -1. 0.
-0.917 0.398 0. -252.133 0.398 0.917 0. 260.112 0. 0. -1. 0.
-0.917 0.399 0. -252.103 0.399 0.917 0. 260.093 0. 0. -1. 0.
-0.919 0.395 0. -252.067 0.395 0.919 0. 260.323 0. 0. -1. 0.
-0.919 0.395 0. -252.112 0.395 0.919 0. 260.133 0. 0. -1. 0.
-0.917 0.398 0. -252.131 0.398 0.917 0. 260.048 0. 0. -1. 0.
-0.919 0.394 0. -252.121 0.394 0.919 0. 260.152 0. 0. -1. 0.
-0.920 0.392 0. -252.150 0.392 0.920 0. 260.175 0. 0. -1. 0.
-0.920 0.393 0. -252.121 0.393 0.920 0. 260.156 0. 0. -1. 0.
-0.919 0.395 0. -252.062 0.395 0.919 0. 260.349 0. 0. -1. 0.
-0.918 0.396 0. -252.142 0.396 0.918 0. 260.217 0. 0. -1. 0.
-0.920 0.393 0. -252.085 0.393 0.920 0. 260.307 0. 0. -1. 0.
-0.917 0.398 0. -252.130 0.398 0.917 0. 260.124 0. 0. -1. 0.
-0.919 0.395 0. -252.088 0.395 0.919 0. 260.221 0. 0. -1. 0.
-0.919 0.395 0. -252.079 0.395 0.919 0. 260.116 0. 0. -1. 0.
-0.920 0.392 0. -252.094 0.392 0.920 0. 260.119 0. 0. -1. 0.
-0.919 0.395 0. -252.153 0.395 0.919 0. 260.168 0. 0. -1. 0.
-0.917 0.398 0. -252.079 0.398 0.917 0. 260.103 0. 0. -1. 0.
-0.920 0.392 0. -252.092 0.392 0.920 0. 260.198 0. 0. -1. 0.
-0.919 0.394 0. -252.152 0.394 0.919 0. 260.152 0. 0. -1. 0.
-0.918 0.397 0. -252.143 0.397 0.918 0. 260.166 0. 0. -1. 0.
-0.918 0.396 0. -252.087 0.396 0.918 0. 260.132 0. 0. -1. 0.
-0.920 0.392 0. -252.145 0.392 0.920 0. 260.250 0. 0. -1. 0.
-0.919 0.394 0. -252.096 0.394 0.919 0. 260.133 0. 0. -1. 0.
-0.920 0.391 0. -252.114 0.391 0.920 0. 260.197 0. 0. -1. 0.
-0.917 0.398 0. -252.126 0.398 0.917 0. 260.153 0. 0. -1. 0.
-0.919 0.395 0. -252.094 0.395 0.919 0. 260.189 0. 0. -1. 0.
-0.918 0.398 0. -252.161 0.398 0.918 0. 260.130 0. 0. -1. 0.
-0.918 0.397 0. -252.077 0.397 0.918 0. 260.043 0. 0. -1. 0.
-0.920 0.391 0. -252.111 0.391 0.920 0. 260.149 0. 0. -1. 0.
-0.918 0.397 0. -252.168 0.397 0.918 0. 260.080 0. 0. -1. 0.
-0.919 0.395 0. -252.092 0.395 0.919 0. 260.132 0. 0. -1. 0.
-0.918 0.397 0. -252.088 0.397 0.918 0. 260.124 0. 0. -1. 0.
-0.919 0.394 0. -252.131 0.394 0.919 0. 260.138 0. 0. -1. 0.
-0.920 0.392 0. -252.109 0.392 0.920 0. 260.158 0. 0. -1. 0.
-0.919 0.394 0. -252.094 0.394 0.919 0. 260.068 0. 0. -1. 0.
-0.919 0.395 0. -252.121 0.395 0.919 0. 260.139 0. 0. -1. 0.
-0.920 0.392 0. -252.103 0.392 0.920 0. 260.195 0. 0. -1. 0.
-0.918 0.396 0. -252.089 0.396 0.918 0. 260.094 0. 0. -1. 0.
-0.919 0.394 0. -252.084 0.394 0.919 0. 260.083 0. 0. -1. 0.
-0.920 0.392 0. -252.143 0.392 0.920 0. 260.175 0. 0. -1. 0.
-0.920 0.391 0. -252.173 0.391 0.920 0. 260.222 0. 0. -1. 0.
-0.920 0.393 0. -252.056 0.393 0.920 0. 260.091 0. 0. -1. 0.
-0.920 0.393 0. -252.166 0.393 0.920 0. 260.263 0. 0. -1. 0.
-0.919 0.394 0. -252.080 0.394 0.919 0. 260.100 0. 0. -1. 0.
-0.921 0.390 0. -252.114 0.390 0.921 0. 260.151 0. 0. -1. 0.
-0.920 0.393 0. -252.121 0.393 0.920 0. 260.168 0. 0. -1. 0.
-0.919 0.395 0. -252.042 0.395 0.919 0. 260.076 0. 0. -1. 0.
-0.919 0.394 0. -252.107 0.394 0.919 0. 260.103 0. 0. -1. 0.
-0.919 0.395 0. -252.074 0.395 0.919 0. 260.059 0. 0. -1. 0.
-0.920 0.393 0. -252.120 0.393 0.920 0. 260.076 0. 0. -1. 0.
-0.920 0.393 0. -252.116 0.393 0.920 0. 260.127 0. 0. -1. 0.
-0.920 0.392 0. -252.150 0.392 0.920 0. 260.264 0. 0. -1. 0.
-0.919 0.395 0. -252.084 0.395 0.919 0. 260.152 0. 0. -1. 0.
-0.920 0.393 0. -252.162 0.393 0.920 0. 260.203 0. 0. -1. 0.
-0.919 0.394 0. -252.101 0.394 0.919 0. 260.252 0. 0. -1. 0.
-0.917 0.399 0. -252.134 0.399 0.917 0. 260.140 0. 0. -1. 0.
-0.919 0.394 0. -252.132 0.394 0.919 0. 260.219 0. 0. -1. 0.
-0.918 0.396 0. -252.131 0.396 0.918 0. 260.088 0. 0. -1. 0.
-0.918 0.397 0. -252.175 0.397 0.918 0. 260.170 0. 0. -1. 0.
-0.920 0.392 0. -252.107 0.392 0.920 0. 260.227 0. 0. -1. 0.
-0.920 0.393 0. -252.145 0.393 0.920 0. 260.133 0. 0. -1. 0.
-0.918 0.396 0. -252.127 0.396 0.918 0. 260.051 0. 0. -1. 0.
-0.919 0.395 0. -252.110 0.395 0.919 0. 260.108 0. 0. -1. 0.
-0.919 0.395 0. -252.135 0.395 0.919 0. 260.009 0. 0. -1. 0.
-0.919 0.393 0. -252.158 0.393 0.919 0. 260.230 0. 0. -1. 0.
-0.918 0.396 0. -252.133 0.396 0.918 0. 260.128 0. 0. -1. 0.
-0.918 0.396 0. -252.139 0.396 0.918 0. 260.155 0. 0. -1. 0.
-0.918 0.396 0. -252.087 0.396 0.918 0. 260.263 0. 0. -1. 0.
-0.921 0.390 0. -252.123 0.390 0.921 0. 260.212 0. 0. -1. 0.
-0.918 0.396 0. -252.193 0.396 0.918 0. 260.148 0. 0. -1. 0.
-0.917 0.400 0. -252.115 0.400 0.917 0. 260.109 0. 0. -1. 0.
-0.918 0.396 0. -252.077 0.396 0.918 0. 260.111 0. 0. -1. 0.
-0.918 0.396 0. -252.156 0.396 0.918 0. 260.168 0. 0. -1. 0.
-0.919 0.394 0. -252.128 0.394 0.919 0. 260.225 0. 0. -1. 0.
-0.918 0.396 0. -252.096 0.396 0.918 0. 260.164 0. 0. -1. 0.
-0.917 0.398 0. -252.094 0.398 0.917 0. 260.153 0. 0. -1. 0.
-0.918 0.397 0. -252.118 0.397 0.918 0. 260.140 0. 0. -1. 0.
-0.918 0.397 0. -252.093 0.397 0.918 0. 260.103 0. 0. -1. 0.
-0.917 0.398 0. -252.117 0.398 0.917 0. 260.188 0. 0. -1. 0.
-0.920 0.393 0. -252.084 0.393 0.920 0. 260.270 0. 0. -1. 0.
-0.918 0.396 0. -252.145 0.396 0.918 0. 260.155 0. 0. -1. 0.
-0.920 0.393 0. -252.068 0.393 0.920 0. 260.244 0. 0. -1. 0.
-0.918 0.397 0. -252.158 0.397 0.918 0. 260.173 0. 0. -1. 0.
-0.918 0.396 0. -252.080 0.396 0.918 0. 260.086 0. 0. -1. 0.
-0.917 0.398 0. -252.127 0.398 0.917 0. 260.068 0. 0. -1. 0.
-0.919 0.395 0. -252.109 0.395 0.919 0. 260.281 0. 0. -1. 0.
-0.919 0.393 0. -252.117 0.393 0.919 0. 260.099 0. 0. -1. 0.
-0.920 0.392 0. -252.136 0.392 0.920 0. 260.204 0. 0. -1. 0.
-0.918 0.397 0. -252.124 0.397 0.918 0. 260.258 0. 0. -1. 0.
-0.916 0.401 0. -252.147 0.401 0.916 0. 260.107 0. 0. -1. 0.
-0.920 0.393 0. -252.059 0.393 0.920 0. 260.146 0. 0. -1. 0.
-0.918 0.396 0. -252.102 0.396 0.918 0. 260.141 0. 0. -1. 0.
-0.918 0.397 0. -252.071 0.397 0.918 0. 260.070 0. 0. -1. 0.
-0.918 0.397 0. -252.143 0.397 0.918 0. 260.068 0. 0. -1. 0.
-0.919 0.394 0. -252.092 0.394 0.919 0. 260.133 0. 0. -1. 0.
-0.919 0.395 0. -252.137 0.395 0.919 0. 260.060 0. 0. -1. 0.
-0.919 0.394 0. -252.114 0.394 0.919 0. 260.251 0. 0. -1. 0.
-0.920 0.393 0. -252.101 0.393 0.920 0. 260.320 0. 0. -1. 0.
-0.919 0.393 0. -252.141 0.393 0.919 0. 260.110 0. 0. -1. 0.
-0.918 0.396 0. -252.090 0.396 0.918 0. 260.081 0. 0. -1. 0.
-0.918 0.398 0. -252.167 0.398 0.918 0. 260.173 0. 0. -1. 0.
-0.921 0.389 0. -252.115 0.389 0.921 0. 260.133 0. 0. -1. 0.
-0.919 0.393 0. -252.162 0.393 0.919 0. 260.202 0. 0. -1. 0.
-0.919 0.394 0. -252.114 0.394 0.919 0. 260.119 0. 0. -1. 0.
-0.920 0.392 0. -252.204 0.392 0.920 0. 260.226 0. 0. -1. 0.
-0.920 0.393 0. -252.175 0.393 0.920 0. 260.281 0. 0. -1. 0.
-0.919 0.395 0. -252.096 0.395 0.919 0. 260.233 0. 0. -1. 0.
-0.916 0.400 0. -252.125 0.400 0.916 0. 260.152 0. 0. -1. 0.
-0.918 0.397 0. -252.066 0.397 0.918 0. 260.108 0. 0. -1. 0.
-0.918 0.396 0. -252.150 0.396 0.918 0. 260.187 0. 0. -1. 0.
-0.920 0.392 0. -252.092 0.392 0.920 0. 260.152 0. 0. -1. 0.
-0.917 0.399 0. -252.155 0.399 0.917 0. 260.158 0. 0. -1. 0.
-0.919 0.394 0. -252.127 0.394 0.919 0. 260.166 0. 0. -1. 0.
-0.919 0.394 0. -252.134 0.394 0.919 0. 260.125 0. 0. -1. 0.
-0.918 0.397 0. -252.169 0.397 0.918 0. 260.085 0. 0. -1. 0.
-0.919 0.394 0. -252.122 0.394 0.919 0. 260.260 0. 0. -1. 0.
-0.918 0.396 0. -252.129 0.396 0.918 0. 260.142 0. 0. -1. 0.
-0.921 0.391 0. -252.105 0.391 0.921 0. 260.101 0. 0. -1. 0.
-0.918 0.396 0. -252.156 0.396 0.918 0. 260.105 0. 0. -1. 0.
-0.919 0.395 0. -252.134 0.395 0.919 0. 260.154 0. 0. -1. 0.
-0.920 0.392 0. -252.104 0.392 0.920 0. 260.129 0. 0. -1. 0.
-0.919 0.395 0. -252.143 0.395 0.919 0. 260.142 0. 0. -1. 0.
-0.917 0.398 0. -252.129 0.398 0.917 0. 260.098 0. 0. -1. 0.
-0.917 0.398 0. -252.104 0.398 0.917 0. 260.127 0. 0. -1. 0.
-0.920 0.391 0. -252.210 0.391 0.920 0. 260.323 0. 0. -1. 0.
-0.920 0.393 0. -252.310 0.393 0.920 0. 260.226 0. 0. -1. 0.
-0.919 0.395 0. -252.403 0.395 0.919 0. 260.214 0. 0. -1. 0.
-0.919 0.394 0. -252.618 0.394 0.919 0. 260.143 0. 0. -1. 0.
-0.922 0.387 0. -252.766 0.387 0.922 0. 260.310 0. 0. -1. 0.
-0.924 0.382 0. -252.931 0.382 0.924 0. 260.510 0. 0. -1. 0.
-0.924 0.382 0. -253.189 0.382 0.924 0. 260.497 0. 0. -1. 0.
-0.925 0.380 0. -253.348 0.380 0.925 0. 260.510 0. 0. -1. 0.
-0.928 0.372 0. -253.639 0.372 0.928 0. 260.643 0. 0. -1. 0.
-0.928 0.373 0. -253.966 0.373 0.928 0. 260.743 0. 0. -1. 0.
-0.927 0.375 0. -254.462 0.375 0.927 0. 261.082 0. 0. -1. 0.
-0.923 0.384 0. -254.948 0.384 0.923 0. 261.184 0. 0. -1. 0.
-0.916 0.402 0. -255.479 0.402 0.916 0. 261.502 0. 0. -1. 0.
-0.902 0.431 0. -255.979 0.431 0.902 0. 261.684 0. 0. -1. 0.
-0.880 0.475 0. -256.587 0.475 0.880 0. 262.187 0. 0. -1. 0.
-0.852 0.523 0. -257.008 0.523 0.852 0. 262.388 0. 0. -1. 0.
-0.810 0.586 0. -257.596 0.586 0.810 0. 262.861 0. 0. -1. 0.
-0.764 0.645 0. -258.085 0.645 0.764 0. 263.209 0. 0. -1. 0.
-0.715 0.700 0. -258.666 0.700 0.715 0. 263.899 0. 0. -1. 0.
-0.648 0.761 0. -259.143 0.761 0.648 0. 264.504 0. 0. -1. 0.
-0.583 0.813 0. -259.560 0.813 0.583 0. 265.303 0. 0. -1. 0.
-0.506 0.862 0. -260.060 0.862 0.506 0. 265.994 0. 0. -1. 0.
-0.425 0.905 0. -260.313 0.905 0.425 0. 266.962 0. 0. -1. 0.
-0.344 0.939 0. -260.623 0.939 0.344 0. 267.965 0. 0. -1. 0.
-0.274 0.962 0. -260.919 0.962 0.274 0. 269.038 0. 0. -1. 0.
-0.199 0.980 0. -261.115 0.980 0.199 0. 270.251 0. 0. -1. 0.
-0.137 0.991 0. -261.279 0.991 0.137 0. 271.422 0. 0. -1. 0.
-0.075 0.997 0. -261.344 0.997 0.075 0. 272.714 0. 0. -1. 0.
-0.024 1.000 0. -261.270 1.000 0.024 0. 274.023 0. 0. -1. 0.
0.027 1.000 0. -261.175 1.000 -0.027 -0. 275.401 0. 0. -1. 0.
0.069 0.998 0. -261.093 0.998 -0.069 -0. 276.731 0. 0. -1. 0.
0.107 0.994 0. -260.946 0.994 -0.107 -0. 277.979 0. 0. -1. 0.
0.135 0.991 0. -260.741 0.991 -0.135 -0. 279.244 0. 0. -1. 0.
0.155 0.988 0. -260.510 0.988 -0.155 -0. 280.426 0. 0. -1. 0.
0.173 0.985 0. -260.282 0.985 -0.173 -0. 281.499 0. 0. -1. 0.
0.182 0.983 0. -260.120 0.983 -0.182 -0. 282.548 0. 0. -1. 0.
0.200 0.980 0. -260.004 0.980 -0.200 -0. 283.526 0. 0. -1. 0.
0.199 0.980 0. -259.808 0.980 -0.199 -0. 284.377 0. 0. -1. 0.
0.206 0.978 0. -259.568 0.978 -0.206 -0. 285.168 0. 0. -1. 0.
0.204 0.979 0. -259.366 0.979 -0.204 -0. 285.780 0. 0. -1. 0.
0.205 0.979 0. -259.305 0.979 -0.205 -0. 286.434 0. 0. -1. 0.
0.211 0.978 0. -259.210 0.978 -0.211 -0. 286.921 0. 0. -1. 0.
0.219 0.976 0. -259.036 0.976 -0.219 -0. 287.369 0. 0. -1. 0.
0.229 0.973 0. -258.926 0.973 -0.229 -0. 287.699 0. 0. -1. 0.
0.234 0.972 0. -258.859 0.972 -0.234 -0. 288.023 0. 0. -1. 0.
0.229 0.973 0. -258.769 0.973 -0.229 -0. 288.308 0. 0. -1. 0.
0.238 0.971 0. -258.770 0.971 -0.238 -0. 288.535 0. 0. -1. 0.
0.235 0.972 0. -258.611 0.972 -0.235 -0. 288.640 0. 0. -1. 0.
0.238 0.971 0. -258.719 0.971 -0.238 -0. 288.814 0. 0. -1. 0.
0.234 0.972 0. -258.618 0.972 -0.234 -0. 288.865 0. 0. -1. 0.
0.238 0.971 0. -258.659 0.971 -0.238 -0. 288.932 0. 0. -1. 0.
0.236 0.972 0. -258.581 0.972 -0.236 -0. 288.997 0. 0. -1. 0.
0.238 0.971 0. -258.657 0.971 -0.238 -0. 288.978 0. 0. -1. 0.
0.234 0.972 0. -258.549 0.972 -0.234 -0. 288.953 0. 0. -1. 0.
0.234 0.972 0. -258.536 0.972 -0.234 -0. 288.960 0. 0. -1. 0.
0.238 0.971 0. -258.590 0.971 -0.238 -0. 288.974 0. 0. -1. 0.
0.231 0.973 0. -258.576 0.973 -0.231 -0. 288.984 0. 0. -1. 0.
0.241 0.971 0. -258.639 0.971 -0.241 -0. 288.992 0. 0. -1. 0.
0.232 0.973 0. -258.593 0.973 -0.232 -0. 288.971 0. 0. -1. 0.
0.233 0.972 0. -258.631 0.972 -0.233 -0. 289. 0. 0. -1. 0.
0.240 0.971 0. -258.604 0.971 -0.240 -0. 289.002 0. 0. -1. 0.
0.233 0.972 0. -258.588 0.972 -0.233 -0. 288.980 0. 0. -1. 0.
0.231 0.973 0. -258.593 0.973 -0.231 -0. 288.985 0. 0. -1. 0.
0.236 0.972 0. -258.601 0.972 -0.236 -0. 288.983 0. 0. -1. 0.
0.238 0.971 0. -258.629 0.971 -0.238 -0. 288.980 0. 0. -1. 0.
0.236 0.972 0. -258.602 0.972 -0.236 -0. 288.984 0. 0. -1. 0.
0.231 0.973 0. -258.529 0.973 -0.231 -0. 288.978 0. 0. -1. 0.
0.235 0.972 0. -258.628 0.972 -0.235 -0. 288.978 0. 0. -1. 0.
0.239 0.971 0. -258.715 0.971 -0.239 -0. 289.003 0. 0. -1. 0.
0.234 0.972 0. -258.612 0.972 -0.234 -0. 288.976 0. 0. -1. 0.
0.227 0.974 0. -258.616 0.974 -0.227 -0. 288.992 0. 0. -1. 0.
0.234 0.972 0. -258.605 0.972 -0.234 -0. 289.023 0. 0. -1. 0.
0.233 0.973 0. -258.504 0.973 -0.233 -0. 288.971 0. 0. -1. 0.
0.236 0.972 0. -258.696 0.972 -0.236 -0. 289.007 0. 0. -1. 0.
0.232 0.973 0. -258.546 0.973 -0.232 -0. 288.996 0. 0. -1. 0.
0.233 0.972 0. -258.606 0.972 -0.233 -0. 288.998 0. 0. -1. 0.
0.231 0.973 0. -258.581 0.973 -0.231 -0. 288.979 0. 0. -1. 0.
0.233 0.972 0. -258.516 0.972 -0.233 -0. 288.978 0. 0. -1. 0.
0.235 0.972 0. -258.572 0.972 -0.235 -0. 288.989 0. 0. -1. 0.
0.237 0.972 0. -258.596 0.972 -0.237 -0. 288.995 0. 0. -1. 0.
0.233 0.973 0. -258.474 0.973 -0.233 -0. 288.967 0. 0. -1. 0.
0.235 0.972 0. -258.610 0.972 -0.235 -0. 289.026 0. 0. -1. 0.
0.239 0.971 0. -258.659 0.971 -0.239 -0. 288.972 0. 0. -1. 0.
0.238 0.971 0. -258.642 0.971 -0.238 -0. 288.962 0. 0. -1. 0.
0.234 0.972 0. -258.472 0.972 -0.234 -0. 288.988 0. 0. -1. 0.
0.234 0.972 0. -258.566 0.972 -0.234 -0. 288.959 0. 0. -1. 0.
