1. 0. 0. 0. 0. -1. -0. 0. 0. 0. -1. 0.
1. 0.001 0. -0.022 0.001 -1. -0. 0.000 0. 0. -1. 0.
1. -0.001 -0. -0.024 -0.001 -1. -0. 0.002 0. 0. -1. 0.
1. 0.002 0. 0.020 0.002 -1. -0. 0.040 0. 0. -1. 0.
1. 0.003 0. -0.014 0.003 -1. -0. 0.029 0. 0. -1. 0.
1. 0.000 0. -0.022 0.000 -1. -0. -0.007 0. 0. -1. 0.
1. 0.004 0. 0.008 0.004 -1. -0. -0.003 0. 0. -1. 0.
1. -0.000 -0. 0.026 -0.000 -1. -0. 0.035 0. 0. -1. 0.
1. 0.001 0. 0.013 0.001 -1. -0. 0.023 0. 0. -1. 0.
1. 0.004 0. 0.014 0.004 -1. -0. 0.012 0. 0. -1. 0.
1. 0.003 0. 0.022 0.003 -1. -0. 0.000 0. 0. -1. 0.
1. 0.001 0. 0.006 0.001 -1. -0. 0.041 0. 0. -1. 0.
1. 0.004 0. -0.004 0.004 -1. -0. 0.013 0. 0. -1. 0.
1. 0.001 0. 0.026 0.001 -1. -0. 0.028 0. 0. -1. 0.
1. 0.002 0. -0.016 0.002 -1. -0. -0.014 0. 0. -1. 0.
1. 0.003 0. -0.011 0.003 -1. -0. 0.028 0. 0. -1. 0.
1. -0.001 -0. 0.019 -0.001 -1. -0. -0.018 0. 0. -1. 0.
1. -0.000 -0. -0.021 -0.000 -1. -0. -0.010 0. 0. -1. 0.
1. -0.000 -0. -0.020 -0.000 -1. -0. -0.022 0. 0. -1. 0.
1. 0.001 0. 0.002 0.001 -1. -0. -0.001 0. 0. -1. 0.
1. 0.001 0. 0.007 0.001 -1. -0. 0.001 0. 0. -1. 0.
1. 0.005 0. 0.020 0.005 -1. -0. 0.031 0. 0. -1. 0.
1. 0.003 0. 0.008 0.003 -1. -0. -0.003 0. 0. -1. 0.
1. 0.002 0. -0.010 0.002 -1. -0. -0.004 0. 0. -1. 0.
1. 0.001 0. -0.010 0.001 -1. -0. -0.032 0. 0. -1. 0.
1. -0.000 -0. -0.018 -0.000 -1. -0. -0.001 0. 0. -1. 0.
1. 0.002 0. -0.010 0.002 -1. -0. -0.007 0. 0. -1. 0.
1. 0.001 0. 0.012 0.001 -1. -0. 0.026 0. 0. -1. 0.
1. 0.002 0. -0.023 0.002 -1. -0. -0.002 0. 0. -1. 0.
1. 0.002 0. 0.015 0.002 -1. -0. 0.093 0. 0. -1. 0.
1. 0.005 0. 0.015 0.005 -1. -0. -0.007 0. 0. -1. 0.
1. -0.001 -0. 0.009 -0.001 -1. -0. -0.007 0. 0. -1. 0.
1. -0.000 -0. -0.029 -0.000 -1. -0. -0.024 0. 0. -1. 0.
1. 0.005 0. 0.024 0.005 -1. -0. -0.011 0. 0. -1. 0.
1. 0.001 0. 0.021 0.001 -1. -0. -0.000 0. 0. -1. 0.
1. -0.004 -0. -0.017 -0.004 -1. -0. -0.004 0. 0. -1. 0.
1. 0.002 0. 0.005 0.002 -1. -0. 0.029 0. 0. -1. 0.
1. 0.003 0. 0.042 0.003 -1. -0. 0.008 0. 0. -1. 0.
1. 0.003 0. -0.017 0.003 -1. -0. -0.003 0. 0. -1. 0.
1. 0.001 0. -0.025 0.001 -1. -0. -0.010 0. 0. -1. 0.
1. 0.003 0. -0.007 0.003 -1. -0. 0.011 0. 0. -1. 0.
1. -0.000 -0. 0.007 -0.000 -1. -0. 0.020 0. 0. -1. 0.
1. 0.002 0. -0.014 0.002 -1. -0. -0.022 0. 0. -1. 0.
1. -0.001 -0. 0.000 -0.001 -1. -0. 0.020 0. 0. -1. 0.
1. -0.000 -0. 0.010 -0.000 -1. -0. 0.020 0. 0. -1. 0.
1. 0.001 0. 0.010 0.001 -1. -0. 0.007 0. 0. -1. 0.
1. -0.003 -0. 0.007 -0.003 -1. -0. 0.027 0. 0. -1. 0.
1. 0.003 0. 0.033 0.003 -1. -0. -0.007 0. 0. -1. 0.
1. 0.000 0. -0.014 0.000 -1. -0. -0.021 0. 0. -1. 0.
1. -0.000 -0. 0.010 -0.000 -1. -0. -0.019 0. 0. -1. 0.
1. -0.001 -0. 0.025 -0.001 -1. -0. -0.018 0. 0. -1. 0.
1. -0.001 -0. -0.006 -0.001 -1. -0. -0.013 0. 0. -1. 0.
1. 0.001 0. -0.004 0.001 -1. -0. -0.015 0. 0. -1. 0.
1. -0.001 -0. -0.006 -0.001 -1. -0. 0.020 0. 0. -1. 0.
1. -0.001 -0. -0.022 -0.001 -1. -0. 0.006 0. 0. -1. 0.
1. -0.002 -0. 0.012 -0.002 -1. -0. 0.029 0. 0. -1. 0.
1. 0.004 0. 0.010 0.004 -1. -0. 0.000 0. 0. -1. 0.
1. 0.005 0. -0.005 0.005 -1. -0. -0.005 0. 0. -1. 0.
1. 0.002 0. 0.006 0.002 -1. -0. 0.029 0. 0. -1. 0.
1. 0.002 0. -0.018 0.002 -1. -0. -0.007 0. 0. -1. 0.
1. -0.001 -0. 0.012 -0.001 -1. -0. 0.024 0. 0. -1. 0.
1. -0.001 -0. -0.016 -0.001 -1. -0. -0.012 0. 0. -1. 0.
1. 0.003 0. -0.020 0.003 -1. -0. -0.026 0. 0. -1. 0.
1. 0.001 0. 0.017 0.001 -1. -0. 0.003 0. 0. -1. 0.
1. 0.002 0. -0.010 0.002 -1. -0. -0.044 0. 0. -1. 0.
1. -0. -0. -0.011 -0. -1. -0. -0.037 0. 0. -1. 0.
1. -0.002 -0. 0.007 -0.002 -1. -0. 0.021 0. 0. -1. 0.
1. 0.004 0. 0.016 0.004 -1. -0. -0.001 0. 0. -1. 0.
1. 0.002 0. 0.001 0.002 -1. -0. -0.004 0. 0. -1. 0.
1. 0.002 0. -0.035 0.002 -1. -0. -0.006 0. 0. -1. 0.
1. 0.000 0. 0.036 0.000 -1. -0. 0.033 0. 0. -1. 0.
1. -0.000 -0. 0.017 -0.000 -1. -0. -0.006 0. 0. -1. 0.
1. 0.002 0. -0.015 0.002 -1. -0. -0.002 0. 0. -1. 0.
1. 0.004 0. 0.009 0.004 -1. -0. -0.012 0. 0. -1. 0.
1. 0.001 0. 0.030 0.001 -1. -0. 0.038 0. 0. -1. 0.
1. 0.001 0. -0.018 0.001 -1. -0. -0.005 0. 0. -1. 0.
1. -0.002 -0. -0.001 -0.002 -1. -0. 0.010 0. 0. -1. 0.
1. 0.005 0. 0.013 0.005 -1. -0. -0.008 0. 0. -1. 0.
1. 0.002 0. 0.023 0.002 -1. -0. 0.015 0. 0. -1. 0.
1. 0.001 0. -0.013 0.001 -1. -0. -0.005 0. 0. -1. 0.
1. 0.003 0. -0.018 0.003 -1. -0. 0.024 0. 0. -1. 0.
1. 0.001 0. 0.011 0.001 -1. -0. 0.023 0. 0. -1. 0.
1. 0.003 0. -0.001 0.003 -1. -0. -0.007 0. 0. -1. 0.
1. 0.002 0. -0.010 0.002 -1. -0. -0.047 0. 0. -1. 0.
1. -0.003 -0. 0.004 -0.003 -1. -0. -0.024 0. 0. -1. 0.
1. 0.003 0. 0.014 0.003 -1. -0. 0.006 0. 0. -1. 0.
1. 0.002 0. 0.027 0.002 -1. -0. -0.025 0. 0. -1. 0.
1. 0.001 0. -0.003 0.001 -1. -0. -0.025 0. 0. -1. 0.
1. 0.002 0. 0.008 0.002 -1. -0. -0.023 0. 0. -1. 0.
1. 0.000 0. -0.016 0.000 -1. -0. -0.029 0. 0. -1. 0.
1. -0.001 -0. -0.005 -0.001 -1. -0. -0.004 0. 0. -1. 0.
1. 0.001 0. -0.017 0.001 -1. -0. -0.037 0. 0. -1. 0.
1. -0. -0. -0.015 -0. -1. -0. -0.048 0. 0. -1. 0.
1. -0.001 -0. 0.018 -0.001 -1. -0. 0.016 0. 0. -1. 0.
1. 0.002 0. 0.005 0.002 -1. -0. -0.002 0. 0. -1. 0.
1. 0.000 0. 0.003 0.000 -1. -0. -0.002 0. 0. -1. 0.
1. -0.003 -0. -0.006 -0.003 -1. -0. 0.022 0. 0. -1. 0.
1. -0.002 -0. -0.001 -0.002 -1. -0. 0.032 0. 0. -1. 0.
1. -0.000 -0. 0.015 -0.000 -1. -0. 0.039 0. 0. -1. 0.
1. 0.003 0. 0.017 0.003 -1. -0. 0.028 0. 0. -1. 0.
1. 0.005 0. 0.025 0.005 -1. -0. 0.011 0. 0. -1. 0.
1. 0.003 0. 0.013 0.003 -1. -0. -0.012 0. 0. -1. 0.
1. -0. -0. 0.044 -0. -1. -0. -0.033 0. 0. -1. 0.
1. -0.003 -0. 0.072 -0.003 -1. -0. 0.010 0. 0. -1. 0.
1. 0.001 0. 0.124 0.001 -1. -0. -0.071 0. 0. -1. 0.
1. -0.002 -0. 0.152 -0.002 -1. -0. -0.061 0. 0. -1. 0.
1. -0.004 -0. 0.217 -0.004 -1. -0. -0.059 0. 0. -1. 0.
1. -0.002 -0. 0.250 -0.002 -1. -0. -0.040 0. 0. -1. 0.
1. -0.004 -0. 0.353 -0.004 -1. -0. 0.004 0. 0. -1. 0.
1.000 -0.015 -0. 0.409 -0.015 -1.000 -0. -0.070 0. 0. -1. 0.
1. -0.013 -0. 0.439 -0.013 -1. -0. -0.022 0. 0. -1. 0.
1.000 -0.018 -0. 0.574 -0.018 -1.000 -0. -0.026 0. 0. -1. 0.
1.000 -0.028 -0. 0.692 -0.028 -1.000 -0. -0.040 0. 0. -1. 0.
1.000 -0.026 -0. 0.888 -0.026 -1.000 -0. -0.052 0. 0. -1. 0.
1.000 -0.025 -0. 0.959 -0.025 -1.000 -0. -0.017 0. 0. -1. 0.
1.000 -0.020 -0. 1.070 -0.020 -1.000 -0. -0.084 0. 0. -1. 0.
1.000 -0.020 -0. 1.253 -0.020 -1.000 -0. -0.100 0. 0. -1. 0.
1.000 -0.028 -0. 1.469 -0.028 -1.000 -0. -0.066 0. 0. -1. 0.
1.000 -0.021 -0. 1.623 -0.021 -1.000 -0. -0.060 0. 0. -1. 0.
1.000 -0.020 -0. 1.799 -0.020 -1.000 -0. -0.084 0. 0. -1. 0.
1.000 -0.020 -0. 1.940 -0.020 -1.000 -0. -0.046 0. 0. -1. 0.
1.000 -0.028 -0. 2.173 -0.028 -1.000 -0. 0.011 0. 0. -1. 0.
1.000 -0.020 -0. 2.374 -0.020 -1.000 -0. -0.080 0. 0. -1. 0.
1.000 -0.028 -0. 2.594 -0.028 -1.000 -0. -0.069 0. 0. -1. 0.
1.000 -0.030 -0. 2.801 -0.030 -1.000 -0. -0.083 0. 0. -1. 0.
0.999 -0.036 -0. 2.978 -0.036 -0.999 -0. -0.095 0. 0. -1. 0.
0.999 -0.039 -0. 3.046 -0.039 -0.999 -0. -0.113 0. 0. -1. 0.
0.999 -0.042 -0. 3.192 -0.042 -0.999 -0. -0.156 0. 0. -1. 0.
0.999 -0.041 -0. 3.259 -0.041 -0.999 -0. -0.199 0. 0. -1. 0.
0.999 -0.039 -0. 3.311 -0.039 -0.999 -0. -0.173 0. 0. -1. 0.
0.999 -0.042 -0. 3.364 -0.042 -0.999 -0. -0.132 0. 0. -1. 0.
0.999 -0.044 -0. 3.373 -0.044 -0.999 -0. -0.126 0. 0. -1. 0.
0.999 -0.044 -0. 3.391 -0.044 -0.999 -0. -0.091 0. 0. -1. 0.
0.999 -0.044 -0. 3.395 -0.044 -0.999 -0. -0.099 0. 0. -1. 0.
0.999 -0.040 -0. 3.373 -0.040 -0.999 -0. -0.093 0. 0. -1. 0.
0.999 -0.038 -0. 3.381 -0.038 -0.999 -0. -0.038 0. 0. -1. 0.
0.999 -0.035 -0. 3.376 -0.035 -0.999 -0. -0.092 0. 0. -1. 0.
0.999 -0.037 -0. 3.398 -0.037 -0.999 -0. -0.085 0. 0. -1. 0.
0.999 -0.040 -0. 3.381 -0.040 -0.999 -0. -0.179 0. 0. -1. 0.
0.999 -0.043 -0. 3.412 -0.043 -0.999 -0. -0.117 0. 0. -1. 0.
0.999 -0.039 -0. 3.469 -0.039 -0.999 -0. -0.069 0. 0. -1. 0.
0.999 -0.034 -0. 3.465 -0.034 -0.999 -0. -0.101 0. 0. -1. 0.
0.999 -0.034 -0. 3.496 -0.034 -0.999 -0. -0.120 0. 0. -1. 0.
1.000 -0.031 -0. 3.532 -0.031 -1.000 -0. -0.126 0. 0. -1. 0.
1.000 -0.026 -0. 3.572 -0.026 -1.000 -0. -0.095 0. 0. -1. 0.
1.000 -0.020 -0. 3.582 -0.020 -1.000 -0. -0.091 0. 0. -1. 0.
1.000 -0.031 -0. 3.616 -0.031 -1.000 -0. -0.080 0. 0. -1. 0.
1.000 -0.023 -0. 3.609 -0.023 -1.000 -0. -0.112 0. 0. -1. 0.
1.000 -0.019 -0. 3.622 -0.019 -1.000 -0. -0.075 0. 0. -1. 0.
1.000 -0.019 -0. 3.652 -0.019 -1.000 -0. -0.115 0. 0. -1. 0.
1.000 -0.031 -0. 3.621 -0.031 -1.000 -0. -0.093 0. 0. -1. 0.
0.999 -0.033 -0. 3.612 -0.033 -0.999 -0. -0.139 0. 0. -1. 0.
1.000 -0.025 -0. 3.631 -0.025 -1.000 -0. -0.142 0. 0. -1. 0.
1.000 -0.026 -0. 3.621 -0.026 -1.000 -0. -0.108 0. 0. -1. 0.
1.000 -0.031 -0. 3.620 -0.031 -1.000 -0. -0.130 0. 0. -1. 0.
0.999 -0.033 -0. 3.632 -0.033 -0.999 -0. -0.100 0. 0. -1. 0.
1.000 -0.024 -0. 3.613 -0.024 -1.000 -0. -0.198 0. 0. -1. 0.
1.000 -0.026 -0. 3.614 -0.026 -1.000 -0. -0.175 0. 0. -1. 0.
1.000 -0.028 -0. 3.645 -0.028 -1.000 -0. -0.072 0. 0. -1. 0.
1.000 -0.022 -0. 3.625 -0.022 -1.000 -0. -0.159 0. 0. -1. 0.
1.000 -0.024 -0. 3.642 -0.024 -1.000 -0. -0.121 0. 0. -1. 0.
0.999 -0.035 -0. 3.634 -0.035 -0.999 -0. -0.109 0. 0. -1. 0.
0.999 -0.039 -0. 3.804 -0.039 -0.999 -0. -0.109 0. 0. -1. 0.
0.999 -0.046 -0. 4.004 -0.046 -0.999 -0. -0.082 0. 0. -1. 0.
0.998 -0.059 -0. 4.289 -0.059 -0.998 -0. -0.175 0. 0. -1. 0.
0.997 -0.083 -0. 4.596 -0.083 -0.997 -0. -0.199 0. 0. -1. 0.
0.994 -0.108 -0. 4.959 -0.108 -0.994 -0. -0.264 0. 0. -1. 0.
0.992 -0.126 -0. 5.376 -0.126 -0.992 -0. -0.392 0. 0. -1. 0.
0.990 -0.141 -0. 5.855 -0.141 -0.990 -0. -0.467 0. 0. -1. 0.
0.987 -0.160 -0. 6.394 -0.160 -0.987 -0. -0.610 0. 0. -1. 0.
0.985 -0.172 -0. 7.092 -0.172 -0.985 -0. -0.665 0. 0. -1. 0.
0.985 -0.171 -0. 7.728 -0.171 -0.985 -0. -0.768 0. 0. -1. 0.
0.984 -0.176 -0. 8.472 -0.176 -0.984 -0. -0.958 0. 0. -1. 0.
0.984 -0.180 -0. 9.070 -0.180 -0.984 -0. -1.163 0. 0. -1. 0.
0.983 -0.184 -0. 9.853 -0.184 -0.983 -0. -1.233 0. 0. -1. 0.
0.983 -0.186 -0. 10.643 -0.186 -0.983 -0. -1.380 0. 0. -1. 0.
0.981 -0.193 -0. 11.511 -0.193 -0.981 -0. -1.579 0. 0. -1. 0.
0.980 -0.198 -0. 12.359 -0.198 -0.980 -0. -1.781 0. 0. -1. 0.
0.981 -0.196 -0. 13.224 -0.196 -0.981 -0. -1.904 0. 0. -1. 0.
0.982 -0.187 -0. 14.158 -0.187 -0.982 -0. -2.061 0. 0. -1. 0.
0.982 -0.190 -0. 15.116 -0.190 -0.982 -0. -2.246 0. 0. -1. 0.
0.982 -0.187 -0. 16.059 -0.187 -0.982 -0. -2.569 0. 0. -1. 0.
0.985 -0.172 -0. 17.119 -0.172 -0.985 -0. -2.702 0. 0. -1. 0.
0.988 -0.157 -0. 18.051 -0.157 -0.988 -0. -2.842 0. 0. -1. 0.
0.989 -0.149 -0. 19.048 -0.149 -0.989 -0. -2.979 0. 0. -1. 0.
0.990 -0.143 -0. 20.148 -0.143 -0.990 -0. -3.181 0. 0. -1. 0.
0.992 -0.127 -0. 21.251 -0.127 -0.992 -0. -3.256 0. 0. -1. 0.
0.993 -0.119 -0. 22.437 -0.119 -0.993 -0. -3.514 0. 0. -1. 0.
0.994 -0.108 -0. 23.594 -0.108 -0.994 -0. -3.716 0. 0. -1. 0.
0.995 -0.097 -0. 24.767 -0.097 -0.995 -0. -3.875 0. 0. -1. 0.
0.997 -0.074 -0. 26.093 -0.074 -0.997 -0. -3.956 0. 0. -1. 0.
0.998 -0.058 -0. 27.325 -0.058 -0.998 -0. -4.024 0. 0. -1. 0.
0.999 -0.040 -0. 28.553 -0.040 -0.999 -0. -4.092 0. 0. -1. 0.
0.999 -0.033 -0. 29.921 -0.033 -0.999 -0. -4.175 0. 0. -1. 0.
1.000 -0.027 -0. 31.249 -0.027 -1.000 -0. -4.314 0. 0. -1. 0.
1.000 -0.023 -0. 32.520 -0.023 -1.000 -0. -4.327 0. 0. -1. 0.
1.000 -0.020 -0. 33.842 -0.020 -1.000 -0. -4.245 0. 0. -1. 0.
1.000 -0.016 -0. 35.189 -0.016 -1.000 -0. -4.454 0. 0. -1. 0.
1. -0.010 -0. 36.389 -0.010 -1. -0. -4.455 0. 0. -1. 0.
1. -0.002 -0. 37.670 -0.002 -1. -0. -4.443 0. 0. -1. 0.
1. -0.002 -0. 38.982 -0.002 -1. -0. -4.525 0. 0. -1. 0.
1. -0.013 -0. 40.221 -0.013 -1. -0. -4.507 0. 0. -1. 0.
1. -0.011 -0. 41.354 -0.011 -1. -0. -4.627 0. 0. -1. 0.
1. -0.007 -0. 42.497 -0.007 -1. -0. -4.582 0. 0. -1. 0.
1. -0.002 -0. 43.691 -0.002 -1. -0. -4.695 0. 0. -1. 0.
1. 0.001 0. 44.814 0.001 -1. -0. -4.657 0. 0. -1. 0.
1. -0.001 -0. 45.907 -0.001 -1. -0. -4.804 0. 0. -1. 0.
1. -0.002 -0. 46.936 -0.002 -1. -0. -4.672 0. 0. -1. 0.
1. 0.008 0. 48.033 0.008 -1. -0. -4.732 0. 0. -1. 0.
1. 0.012 0. 49.053 0.012 -1. -0. -4.750 0. 0. -1. 0.
1. 0.011 0. 50.061 0.011 -1. -0. -4.734 0. 0. -1. 0.
1. 0.010 0. 51.081 0.010 -1. -0. -4.697 0. 0. -1. 0.
1. 0.007 0. 52.151 0.007 -1. -0. -4.675 0. 0. -1. 0.
1. 0.003 0. 53.172 0.003 -1. -0. -4.667 0. 0. -1. 0.
1. -0.003 -0. 54.276 -0.003 -1. -0. -4.706 0. 0. -1. 0.
1. -0.006 -0. 55.455 -0.006 -1. -0. -4.727 0. 0. -1. 0.
1. -0.004 -0. 56.596 -0.004 -1. -0. -4.806 0. 0. -1. 0.
1. -0.010 -0. 57.868 -0.010 -1. -0. -4.786 0. 0. -1. 0.
1.000 -0.020 -0. 59.029 -0.020 -1.000 -0. -4.826 0. 0. -1. 0.
1.000 -0.027 -0. 60.445 -0.027 -1.000 -0. -4.815 0. 0. -1. 0.
1.000 -0.025 -0. 61.789 -0.025 -1.000 -0. -4.949 0. 0. -1. 0.
1.000 -0.025 -0. 63.241 -0.025 -1.000 -0. -5.070 0. 0. -1. 0.
1.000 -0.024 -0. 64.602 -0.024 -1.000 -0. -5.147 0. 0. -1. 0.
1.000 -0.027 -0. 66.173 -0.027 -1.000 -0. -5.249 0. 0. -1. 0.
1.000 -0.028 -0. 67.648 -0.028 -1.000 -0. -5.226 0. 0. -1. 0.
1.000 -0.027 -0. 69.184 -0.027 -1.000 -0. -5.311 0. 0. -1. 0.
1.000 -0.023 -0. 70.717 -0.023 -1.000 -0. -5.280 0. 0. -1. 0.
1.000 -0.018 -0. 72.214 -0.018 -1.000 -0. -5.384 0. 0. -1. 0.
1.000 -0.022 -0. 73.724 -0.022 -1.000 -0. -5.448 0. 0. -1. 0.
1.000 -0.021 -0. 75.262 -0.021 -1.000 -0. -5.497 0. 0. -1. 0.
1.000 -0.027 -0. 76.737 -0.027 -1.000 -0. -5.560 0. 0. -1. 0.
0.999 -0.032 -0. 78.244 -0.032 -0.999 -0. -5.584 0. 0. -1. 0.
0.999 -0.042 -0. 79.718 -0.042 -0.999 -0. -5.664 0. 0. -1. 0.
0.999 -0.049 -0. 81.203 -0.049 -0.999 -0. -5.779 0. 0. -1. 0.
0.998 -0.057 -0. 82.650 -0.057 -0.998 -0. -5.807 0. 0. -1. 0.
0.997 -0.077 -0. 84.139 -0.077 -0.997 -0. -5.901 0. 0. -1. 0.
0.996 -0.086 -0. 85.563 -0.086 -0.996 -0. -6.070 0. 0. -1. 0.
0.994 -0.112 -0. 86.975 -0.112 -0.994 -0. -6.274 0. 0. -1. 0.
0.989 -0.147 -0. 88.353 -0.147 -0.989 -0. -6.386 0. 0. -1. 0.
0.984 -0.176 -0. 89.699 -0.176 -0.984 -0. -6.691 0. 0. -1. 0.
0.978 -0.211 -0. 91.026 -0.211 -0.978 -0. -7.060 0. 0. -1. 0.
0.968 -0.249 -0. 92.408 -0.249 -0.968 -0. -7.331 0. 0. -1. 0.
0.958 -0.285 -0. 93.741 -0.285 -0.958 -0. -7.791 0. 0. -1. 0.
0.948 -0.318 -0. 95.105 -0.318 -0.948 -0. -8.275 0. 0. -1. 0.
0.932 -0.364 -0. 96.428 -0.364 -0.932 -0. -8.735 0. 0. -1. 0.
0.916 -0.402 -0. 97.661 -0.402 -0.916 -0. -9.361 0. 0. -1. 0.
0.895 -0.447 -0. 98.887 -0.447 -0.895 -0. -10.051 0. 0. -1. 0.
0.872 -0.489 -0. 100.055 -0.489 -0.872 -0. -10.698 0. 0. -1. 0.
0.854 -0.520 -0. 101.206 -0.520 -0.854 -0. -11.396 0. 0. -1. 0.
0.826 -0.564 -0. 102.392 -0.564 -0.826 -0. -12.153 0. 0. -1. 0.
0.802 -0.597 -0. 103.468 -0.597 -0.802 -0. -12.933 0. 0. -1. 0.
0.773 -0.634 -0. 104.497 -0.634 -0.773 -0. -13.840 0. 0. -1. 0.
0.743 -0.670 -0. 105.564 -0.670 -0.743 -0. -14.753 0. 0. -1. 0.
0.712 -0.702 -0. 106.454 -0.702 -0.712 -0. -15.803 0. 0. -1. 0.
0.681 -0.732 -0. 107.573 -0.732 -0.681 -0. -16.851 0. 0. -1. 0.
0.636 -0.772 -0. 108.536 -0.772 -0.636 -0. -17.910 0. 0. -1. 0.
0.598 -0.802 -0. 109.222 -0.802 -0.598 -0. -19.155 0. 0. -1. 0.
0.556 -0.831 -0. 110.053 -0.831 -0.556 -0. -20.408 0. 0. -1. 0.
0.508 -0.861 -0. 110.672 -0.861 -0.508 -0. -21.728 0. 0. -1. 0.
0.458 -0.889 -0. 111.538 -0.889 -0.458 -0. -22.973 0. 0. -1. 0.
0.415 -0.910 -0. 112.177 -0.910 -0.415 -0. -24.348 0. 0. -1. 0.
0.386 -0.922 -0. 112.658 -0.922 -0.386 -0. -25.814 0. 0. -1. 0.
0.369 -0.930 -0. 113.173 -0.930 -0.369 -0. -27.290 0. 0. -1. 0.
0.350 -0.937 -0. 113.806 -0.937 -0.350 -0. -28.761 0. 0. -1. 0.
0.345 -0.939 -0. 114.278 -0.939 -0.345 -0. -30.227 0. 0. -1. 0.
0.347 -0.938 -0. 114.872 -0.938 -0.347 -0. -31.726 0. 0. -1. 0.
0.348 -0.938 -0. 115.440 -0.938 -0.348 -0. -33.285 0. 0. -1. 0.
0.347 -0.938 -0. 115.988 -0.938 -0.347 -0. -34.832 0. 0. -1. 0.
0.349 -0.937 -0. 116.504 -0.937 -0.349 -0. -36.463 0. 0. -1. 0.
0.344 -0.939 -0. 117.055 -0.939 -0.344 -0. -38.060 0. 0. -1. 0.
0.346 -0.938 -0. 117.791 -0.938 -0.346 -0. -39.671 0. 0. -1. 0.
0.355 -0.935 -0. 118.207 -0.935 -0.355 -0. -41.336 0. 0. -1. 0.
0.360 -0.933 -0. 118.856 -0.933 -0.360 -0. -43.087 0. 0. -1. 0.
0.373 -0.928 -0. 119.424 -0.928 -0.373 -0. -44.727 0. 0. -1. 0.
0.387 -0.922 -0. 120.186 -0.922 -0.387 -0. -46.392 0. 0. -1. 0.
0.404 -0.915 -0. 120.754 -0.915 -0.404 -0. -48.106 0. 0. -1. 0.
0.421 -0.907 -0. 121.609 -0.907 -0.421 -0. -49.683 0. 0. -1. 0.
0.437 -0.900 -0. 122.317 -0.900 -0.437 -0. -51.216 0. 0. -1. 0.
0.457 -0.889 -0. 123.059 -0.889 -0.457 -0. -52.817 0. 0. -1. 0.
0.475 -0.880 -0. 123.898 -0.880 -0.475 -0. -54.350 0. 0. -1. 0.
0.501 -0.866 -0. 124.658 -0.866 -0.501 -0. -55.767 0. 0. -1. 0.
0.517 -0.856 -0. 125.543 -0.856 -0.517 -0. -57.268 0. 0. -1. 0.
0.543 -0.839 -0. 126.414 -0.839 -0.543 -0. -58.559 0. 0. -1. 0.
0.563 -0.826 -0. 127.218 -0.826 -0.563 -0. -59.998 0. 0. -1. 0.
0.581 -0.814 -0. 128.039 -0.814 -0.581 -0. -61.290 0. 0. -1. 0.
0.601 -0.799 -0. 128.959 -0.799 -0.601 -0. -62.585 0. 0. -1. 0.
0.614 -0.789 -0. 129.918 -0.789 -0.614 -0. -63.951 0. 0. -1. 0.
0.635 -0.772 -0. 130.755 -0.772 -0.635 -0. -65.076 0. 0. -1. 0.
0.647 -0.763 -0. 131.879 -0.763 -0.647 -0. -66.079 0. 0. -1. 0.
0.664 -0.748 -0. 132.772 -0.748 -0.664 -0. -67.287 0. 0. -1. 0.
0.676 -0.737 -0. 133.710 -0.737 -0.676 -0. -68.398 0. 0. -1. 0.
0.687 -0.727 -0. 134.628 -0.727 -0.687 -0. -69.378 0. 0. -1. 0.
0.691 -0.723 -0. 135.666 -0.723 -0.691 -0. -70.298 0. 0. -1. 0.
0.698 -0.716 -0. 136.529 -0.716 -0.698 -0. -71.245 0. 0. -1. 0.
0.698 -0.716 -0. 137.493 -0.716 -0.698 -0. -72.089 0. 0. -1. 0.
0.704 -0.711 -0. 138.254 -0.711 -0.704 -0. -73.070 0. 0. -1. 0.
0.708 -0.706 -0. 139.074 -0.706 -0.708 -0. -73.826 0. 0. -1. 0.
0.714 -0.701 -0. 139.908 -0.701 -0.714 -0. -74.640 0. 0. -1. 0.
0.725 -0.689 -0. 140.606 -0.689 -0.725 -0. -75.436 0. 0. -1. 0.
0.740 -0.673 -0. 141.408 -0.673 -0.740 -0. -76.100 0. 0. -1. 0.
0.762 -0.648 -0. 142.132 -0.648 -0.762 -0. -76.706 0. 0. -1. 0.
0.794 -0.608 -0. 142.884 -0.608 -0.794 -0. -77.284 0. 0. -1. 0.
0.830 -0.558 -0. 143.613 -0.558 -0.830 -0. -77.741 0. 0. -1. 0.
0.875 -0.484 -0. 144.271 -0.484 -0.875 -0. -78.183 0. 0. -1. 0.
0.909 -0.417 -0. 145.093 -0.417 -0.909 -0. -78.536 0. 0. -1. 0.
0.938 -0.347 -0. 145.797 -0.347 -0.938 -0. -78.674 0. 0. -1. 0.
0.962 -0.272 -0. 146.474 -0.272 -0.962 -0. -78.933 0. 0. -1. 0.
0.983 -0.181 -0. 147.177 -0.181 -0.983 -0. -78.980 0. 0. -1. 0.
0.996 -0.087 -0. 147.860 -0.087 -0.996 -0. -79.004 0. 0. -1. 0.
1.000 0.019 0. 148.528 0.019 -1.000 -0. -78.951 0. 0. -1. 0.
0.993 0.122 0. 149.186 0.122 -0.993 -0. -78.914 0. 0. -1. 0.
0.974 0.227 0. 149.786 0.227 -0.974 -0. -78.711 0. 0. -1. 0.
0.944 0.329 0. 150.271 0.329 -0.944 -0. -78.494 0. 0. -1. 0.
0.903 0.430 0. 150.835 0.430 -0.903 -0. -78.166 0. 0. -1. 0.
0.844 0.536 0. 151.369 0.536 -0.844 -0. -77.813 0. 0. -1. 0.
0.779 0.627 0. 151.743 0.627 -0.779 -0. -77.416 0. 0. -1. 0.
0.707 0.707 0. 152.156 0.707 -0.707 -0. -76.963 0. 0. -1. 0.
0.609 0.793 0. 152.494 0.793 -0.609 -0. -76.488 0. 0. -1. 0.
0.516 0.857 0. 152.789 0.857 -0.516 -0. -75.925 0. 0. -1. 0.
0.407 0.913 0. 153.003 0.913 -0.407 -0. -75.342 0. 0. -1. 0.
0.296 0.955 0. 153.117 0.955 -0.296 -0. -74.767 0. 0. -1. 0.
0.179 0.984 0. 153.180 0.984 -0.179 -0. -74.242 0. 0. -1. 0.
0.063 0.998 0. 153.145 0.998 -0.063 -0. -73.631 0. 0. -1. 0.
-0.056 0.998 0. 153.151 0.998 0.056 0. -73.058 0. 0. -1. 0.
-0.178 0.984 0. 153.020 0.984 0.178 0. -72.512 0. 0. -1. 0.
-0.292 0.957 0. 152.712 0.957 0.292 0. -71.979 0. 0. -1. 0.
-0.408 0.913 0. 152.533 0.913 0.408 0. -71.582 0. 0. -1. 0.
-0.506 0.863 0. 152.141 0.863 0.506 0. -71.040 0. 0. -1. 0.
-0.601 0.799 0. 151.812 0.799 0.601 0. -70.721 0. 0. -1. 0.
-0.681 0.733 0. 151.389 0.733 0.681 0. -70.237 0. 0. -1. 0.
-0.751 0.660 0. 150.938 0.660 0.751 0. -69.998 0. 0. -1. 0.
-0.802 0.598 0. 150.516 0.598 0.802 0. -69.587 0. 0. -1. 0.
-0.852 0.523 0. 150.015 0.523 0.852 0. -69.506 0. 0. -1. 0.
-0.883 0.469 0. 149.458 0.469 0.883 0. -69.034 0. 0. -1. 0.
-0.914 0.406 0. 148.903 0.406 0.914 0. -68.984 0. 0. -1. 0.
-0.929 0.371 0. 148.332 0.371 0.929 0. -68.644 0. 0. -1. 0.
-0.941 0.338 0. 147.676 0.338 0.941 0. -68.501 0. 0. -1. 0.
-0.951 0.311 0. 147.013 0.311 0.951 0. -68.276 0. 0. -1. 0.
-0.955 0.295 0. 146.243 0.295 0.955 0. -68.080 0. 0. -1. 0.
-0.959 0.284 0. 145.578 0.284 0.959 0. -67.785 0. 0. -1. 0.
-0.961 0.277 0. 144.752 0.277 0.961 0. -67.673 0. 0. -1. 0.
-0.960 0.279 0. 144.004 0.279 0.960 0. -67.275 0. 0. -1. 0.
-0.959 0.283 0. 143.153 0.283 0.959 0. -67.171 0. 0. -1. 0.
-0.957 0.289 0. 142.303 0.289 0.957 0. -66.828 0. 0. -1. 0.
-0.954 0.301 0. 141.339 0.301 0.954 0. -66.437 0. 0. -1. 0.
-0.948 0.319 0. 140.414 0.319 0.948 0. -66.165 0. 0. -1. 0.
-0.941 0.338 0. 139.578 0.338 0.941 0. -65.973 0. 0. -1. 0.
-0.927 0.374 0. 138.656 0.374 0.927 0. -65.487 0. 0. -1. 0.
-0.919 0.394 0. 137.686 0.394 0.919 0. -65.107 0. 0. -1. 0.
-0.903 0.429 0. 136.769 0.429 0.903 0. -64.554 0. 0. -1. 0.
-0.890 0.456 0. 135.807 0.456 0.890 0. -64.043 0. 0. -1. 0.
-0.869 0.494 0. 134.822 0.494 0.869 0. -63.486 0. 0. -1. 0.
-0.851 0.526 0. 133.897 0.526 0.851 0. -62.873 0. 0. -1. 0.
-0.829 0.559 0. 132.933 0.559 0.829 0. -62.067 0. 0. -1. 0.
-0.807 0.591 0. 132.010 0.591 0.807 0. -61.381 0. 0. -1. 0.
-0.779 0.627 0. 130.946 0.627 0.779 0. -60.506 0. 0. -1. 0.
-0.752 0.659 0. 130.030 0.659 0.752 0. -59.691 0. 0. -1. 0.
-0.725 0.688 0. 129.119 0.688 0.725 0. -58.809 0. 0. -1. 0.
-0.698 0.716 0. 128.289 0.716 0.698 0. -57.840 0. 0. -1. 0.
-0.664 0.748 0. 127.310 0.748 0.664 0. -56.785 0. 0. -1. 0.
-0.633 0.774 0. 126.293 0.774 0.633 0. -55.701 0. 0. -1. 0.
-0.598 0.801 0. 125.421 0.801 0.598 0. -54.465 0. 0. -1. 0.
-0.560 0.828 0. 124.721 0.828 0.560 0. -53.178 0. 0. -1. 0.
-0.524 0.851 0. 123.885 0.851 0.524 0. -51.914 0. 0. -1. 0.
-0.493 0.870 0. 123.220 0.870 0.493 0. -50.522 0. 0. -1. 0.
-0.453 0.892 0. 122.512 0.892 0.453 0. -49.167 0. 0. -1. 0.
-0.426 0.905 0. 121.866 0.905 0.426 0. -47.766 0. 0. -1. 0.
-0.401 0.916 0. 121.144 0.916 0.401 0. -46.363 0. 0. -1. 0.
-0.383 0.924 0. 120.748 0.924 0.383 0. -44.805 0. 0. -1. 0.
-0.365 0.931 0. 120.126 0.931 0.365 0. -43.334 0. 0. -1. 0.
-0.345 0.938 0. 119.719 0.938 0.345 0. -41.759 0. 0. -1. 0.
-0.330 0.944 0. 119.195 0.944 0.330 0. -40.199 0. 0. -1. 0.
-0.318 0.948 0. 118.628 0.948 0.318 0. -38.578 0. 0. -1. 0.
-0.310 0.951 0. 118.131 0.951 0.310 0. -37.001 0. 0. -1. 0.
-0.303 0.953 0. 117.550 0.953 0.303 0. -35.413 0. 0. -1. 0.
-0.297 0.955 0. 117.209 0.955 0.297 0. -33.829 0. 0. -1. 0.
-0.301 0.954 0. 116.603 0.954 0.301 0. -32.253 0. 0. -1. 0.
-0.305 0.952 0. 116.193 0.952 0.305 0. -30.746 0. 0. -1. 0.
-0.311 0.950 0. 115.657 0.950 0.311 0. -29.208 0. 0. -1. 0.
-0.321 0.947 0. 115.377 0.947 0.321 0. -27.750 0. 0. -1. 0.
-0.338 0.941 0. 114.787 0.941 0.338 0. -26.349 0. 0. -1. 0.
-0.344 0.939 0. 114.223 0.939 0.344 0. -25.010 0. 0. -1. 0.
-0.357 0.934 0. 113.855 0.934 0.357 0. -23.642 0. 0. -1. 0.
-0.376 0.927 0. 113.389 0.927 0.376 0. -22.341 0. 0. -1. 0.
-0.401 0.916 0. 112.858 0.916 0.401 0. -21.055 0. 0. -1. 0.
-0.427 0.904 0. 112.335 0.904 0.427 0. -19.886 0. 0. -1. 0.
-0.454 0.891 0. 111.795 0.891 0.454 0. -18.726 0. 0. -1. 0.
-0.480 0.877 0. 111.014 0.877 0.480 0. -17.678 0. 0. -1. 0.
-0.504 0.864 0. 110.443 0.864 0.504 0. -16.583 0. 0. -1. 0.
-0.533 0.846 0. 109.771 0.846 0.533 0. -15.627 0. 0. -1. 0.
-0.560 0.829 0. 109.378 0.829 0.560 0. -14.605 0. 0. -1. 0.
-0.582 0.813 0. 108.595 0.813 0.582 0. -13.744 0. 0. -1. 0.
-0.612 0.791 0. 107.966 0.791 0.612 0. -12.858 0. 0. -1. 0.
-0.649 0.761 0. 107.306 0.761 0.649 0. -11.977 0. 0. -1. 0.
-0.682 0.731 0. 106.389 0.731 0.682 0. -11.199 0. 0. -1. 0.
-0.726 0.688 0. 105.750 0.688 0.726 0. -10.398 0. 0. -1. 0.
-0.759 0.651 0. 104.910 0.651 0.759 0. -9.715 0. 0. -1. 0.
-0.796 0.605 0. 103.928 0.605 0.796 0. -9.044 0. 0. -1. 0.
-0.823 0.567 0. 102.975 0.567 0.823 0. -8.435 0. 0. -1. 0.
-0.850 0.527 0. 101.990 0.527 0.850 0. -7.740 0. 0. -1. 0.
-0.880 0.474 0. 100.967 0.474 0.880 0. -7.182 0. 0. -1. 0.
-0.911 0.412 0. 99.867 0.412 0.911 0. -6.674 0. 0. -1. 0.
-0.938 0.348 0. 98.707 0.348 0.938 0. -6.187 0. 0. -1. 0.
-0.959 0.285 0. 97.587 0.285 0.959 0. -5.852 0. 0. -1. 0.
-0.974 0.228 0. 96.384 0.228 0.974 0. -5.630 0. 0. -1. 0.
-0.984 0.177 0. 95.269 0.177 0.984 0. -5.360 0. 0. -1. 0.
-0.988 0.152 0. 94.111 0.152 0.988 0. -5.212 0. 0. -1. 0.
-0.991 0.132 0. 93.017 0.132 0.991 0. -5.040 0. 0. -1. 0.
-0.994 0.110 0. 91.808 0.110 0.994 0. -4.950 0. 0. -1. 0.
-0.995 0.096 0. 90.580 0.096 0.995 0. -4.868 0. 0. -1. 0.
-0.997 0.072 0. 89.292 0.072 0.997 0. -4.637 0. 0. -1. 0.
-0.998 0.062 0. 87.924 0.062 0.998 0. -4.666 0. 0. -1. 0.
-0.999 0.048 0. 86.581 0.048 0.999 0. -4.493 0. 0. -1. 0.
-0.999 0.047 0. 85.158 0.047 0.999 0. -4.437 0. 0. -1. 0.
-0.999 0.038 0. 83.729 0.038 0.999 0. -4.345 0. 0. -1. 0.
-0.999 0.034 0. 82.309 0.034 0.999 0. -4.318 0. 0. -1. 0.
-1.000 0.030 0. 80.885 0.030 1.000 0. -4.355 0. 0. -1. 0.
-1.000 0.029 0. 79.303 0.029 1.000 0. -4.130 0. 0. -1. 0.
-0.999 0.032 0. 77.884 0.032 0.999 0. -4.162 0. 0. -1. 0.
-1.000 0.022 0. 76.398 0.022 1.000 0. -4.029 0. 0. -1. 0.
-1.000 0.019 0. 74.937 0.019 1.000 0. -4.008 0. 0. -1. 0.
-1.000 0.018 0. 73.508 0.018 1.000 0. -3.994 0. 0. -1. 0.
-1. 0.010 0. 72.106 0.010 1. 0. -3.966 0. 0. -1. 0.
-1. 0.006 0. 70.642 0.006 1. 0. -4.026 0. 0. -1. 0.
-1. -0.001 -0. 69.149 -0.001 1. 0. -3.968 0. 0. -1. 0.
-1. -0.006 -0. 67.600 -0.006 1. 0. -3.978 0. 0. -1. 0.
-1. -0.011 -0. 66.067 -0.011 1. 0. -3.912 0. 0. -1. 0.
-1. -0.011 -0. 64.421 -0.011 1. 0. -3.876 0. 0. -1. 0.
-1. -0.008 -0. 62.814 -0.008 1. 0. -3.936 0. 0. -1. 0.
-1. -0.006 -0. 61.179 -0.006 1. 0. -3.742 0. 0. -1. 0.
-1. -0.003 -0. 59.512 -0.003 1. 0. -3.722 0. 0. -1. 0.
-1. 0.003 0. 57.855 0.003 1. 0. -3.727 0. 0. -1. 0.
-1. 0.013 0. 56.201 0.013 1. 0. -3.707 0. 0. -1. 0.
-1.000 0.022 0. 54.528 0.022 1.000 0. -3.537 0. 0. -1. 0.
-1.000 0.029 0. 52.846 0.029 1.000 0. -3.395 0. 0. -1. 0.
-0.999 0.038 0. 51.250 0.038 0.999 0. -3.575 0. 0. -1. 0.
-0.999 0.045 0. 49.592 0.045 0.999 0. -3.528 0. 0. -1. 0.
-0.999 0.049 0. 47.998 0.049 0.999 0. -3.453 0. 0. -1. 0.
-0.999 0.054 0. 46.441 0.054 0.999 0. -3.324 0. 0. -1. 0.
-0.998 0.056 0. 44.787 0.056 0.998 0. -3.134 0. 0. -1. 0.
-0.998 0.056 0. 43.246 0.056 0.998 0. -2.936 0. 0. -1. 0.
-0.998 0.058 0. 41.607 0.058 0.998 0. -2.881 0. 0. -1. 0.
-0.999 0.052 0. 40.056 0.052 0.999 0. -2.857 0. 0. -1. 0.
-0.998 0.055 0. 38.368 0.055 0.998 0. -2.683 0. 0. -1. 0.
-0.999 0.052 0. 36.805 0.052 0.999 0. -2.631 0. 0. -1. 0.
-0.998 0.062 0. 35.138 0.062 0.998 0. -2.566 0. 0. -1. 0.
-0.998 0.060 0. 33.544 0.060 0.998 0. -2.468 0. 0. -1. 0.
-0.998 0.059 0. 31.977 0.059 0.998 0. -2.333 0. 0. -1. 0.
-0.998 0.067 0. 30.300 0.067 0.998 0. -2.175 0. 0. -1. 0.
-0.998 0.066 0. 28.607 0.066 0.998 0. -1.980 0. 0. -1. 0.
-0.997 0.072 0. 27.054 0.072 0.997 0. -1.867 0. 0. -1. 0.
-0.997 0.080 0. 25.302 0.080 0.997 0. -1.787 0. 0. -1. 0.
-0.997 0.081 0. 23.624 0.081 0.997 0. -1.612 0. 0. -1. 0.
-0.996 0.090 0. 22.014 0.090 0.996 0. -1.484 0. 0. -1. 0.
-0.995 0.097 0. 20.358 0.097 0.995 0. -1.175 0. 0. -1. 0.
-0.994 0.106 0. 18.764 0.106 0.994 0. -1.054 0. 0. -1. 0.
-0.994 0.105 0. 17.148 0.105 0.994 0. -0.869 0. 0. -1. 0.
-0.993 0.122 0. 15.473 0.122 0.993 0. -0.621 0. 0. -1. 0.
-0.993 0.121 0. 13.887 0.121 0.993 0. -0.368 0. 0. -1. 0.
-0.993 0.117 0. 12.267 0.117 0.993 0. -0.148 0. 0. -1. 0.
-0.993 0.117 0. 10.659 0.117 0.993 0. 0.033 0. 0. -1. 0.
-0.993 0.115 0. 9.083 0.115 0.993 0. 0.265 0. 0. -1. 0.
-0.993 0.119 0. 7.436 0.119 0.993 0. 0.438 0. 0. -1. 0.
-0.992 0.123 0. 5.872 0.123 0.992 0. 0.687 0. 0. -1. 0.
-0.992 0.123 0. 4.251 0.123 0.992 0. 0.776 0. 0. -1. 0.
-0.993 0.116 0. 2.588 0.116 0.993 0. 1.046 0. 0. -1. 0.
-0.992 0.123 0. 0.934 0.123 0.992 0. 1.237 0. 0. -1. 0.
-0.994 0.109 0. -0.684 0.109 0.994 0. 1.455 0. 0. -1. 0.
-0.994 0.113 0. -2.390 0.113 0.994 0. 1.627 0. 0. -1. 0.
-0.994 0.112 0. -4.051 0.112 0.994 0. 1.844 0. 0. -1. 0.
-0.994 0.111 0. -5.796 0.111 0.994 0. 2.070 0. 0. -1. 0.
-0.995 0.103 0. -7.593 0.103 0.995 0. 2.203 0. 0. -1. 0.
-0.995 0.096 0. -9.245 0.096 0.995 0. 2.483 0. 0. -1. 0.
-0.995 0.103 0. -11.104 0.103 0.995 0. 2.629 0. 0. -1. 0.
-0.995 0.098 0. -12.915 0.098 0.995 0. 2.856 0. 0. -1. 0.
-0.995 0.097 0. -14.713 0.097 0.995 0. 3.021 0. 0. -1. 0.
-0.996 0.090 0. -16.628 0.090 0.996 0. 3.244 0. 0. -1. 0.
-0.996 0.088 0. -18.476 0.088 0.996 0. 3.473 0. 0. -1. 0.
-0.996 0.093 0. -20.371 0.093 0.996 0. 3.641 0. 0. -1. 0.
-0.996 0.092 0. -22.231 0.092 0.996 0. 3.970 0. 0. -1. 0.
-0.997 0.084 0. -24.190 0.084 0.997 0. 4.041 0. 0. -1. 0.
-0.997 0.080 0. -26.164 0.080 0.997 0. 4.163 0. 0. -1. 0.
-0.997 0.077 0. -28.084 0.077 0.997 0. 4.411 0. 0. -1. 0.
-0.997 0.078 0. -30.120 0.078 0.997 0. 4.549 0. 0. -1. 0.
-0.998 0.067 0. -32.077 0.067 0.998 0. 4.721 0. 0. -1. 0.
-0.998 0.069 0. -34.077 0.069 0.998 0. 4.876 0. 0. -1. 0.
-0.998 0.061 0. -35.983 0.061 0.998 0. 5.027 0. 0. -1. 0.
-0.998 0.061 0. -37.983 0.061 0.998 0. 5.130 0. 0. -1. 0.
-0.999 0.055 0. -39.866 0.055 0.999 0. 5.246 0. 0. -1. 0.
-0.999 0.053 0. -41.838 0.053 0.999 0. 5.392 0. 0. -1. 0.
-0.999 0.047 0. -43.667 0.047 0.999 0. 5.482 0. 0. -1. 0.
-0.999 0.041 0. -45.516 0.041 0.999 0. 5.627 0. 0. -1. 0.
-0.999 0.041 0. -47.342 0.041 0.999 0. 5.661 0. 0. -1. 0.
-1.000 0.030 0. -49.144 0.030 1.000 0. 5.776 0. 0. -1. 0.
-0.999 0.033 0. -50.896 0.033 0.999 0. 5.863 0. 0. -1. 0.
-0.999 0.041 0. -52.605 0.041 0.999 0. 5.919 0. 0. -1. 0.
-0.999 0.040 0. -54.372 0.040 0.999 0. 5.969 0. 0. -1. 0.
-0.999 0.041 0. -55.864 0.041 0.999 0. 6.032 0. 0. -1. 0.
-0.999 0.051 0. -57.377 0.051 0.999 0. 6.152 0. 0. -1. 0.
-0.999 0.046 0. -58.846 0.046 0.999 0. 6.252 0. 0. -1. 0.
-0.998 0.067 0. -60.137 0.067 0.998 0. 6.382 0. 0. -1. 0.
-0.997 0.076 0. -61.387 0.076 0.997 0. 6.460 0. 0. -1. 0.
-0.995 0.102 0. -62.600 0.102 0.995 0. 6.593 0. 0. -1. 0.
-0.993 0.122 0. -63.618 0.122 0.993 0. 6.754 0. 0. -1. 0.
-0.990 0.140 0. -64.559 0.140 0.990 0. 6.966 0. 0. -1. 0.
-0.987 0.159 0. -65.560 0.159 0.987 0. 7.084 0. 0. -1. 0.
-0.986 0.169 0. -66.318 0.169 0.986 0. 7.397 0. 0. -1. 0.
-0.985 0.171 0. -67.239 0.171 0.985 0. 7.473 0. 0. -1. 0.
-0.982 0.186 0. -68.184 0.186 0.982 0. 7.612 0. 0. -1. 0.
-0.982 0.191 0. -69.079 0.191 0.982 0. 7.826 0. 0. -1. 0.
-0.980 0.200 0. -69.959 0.200 0.980 0. 8.019 0. 0. -1. 0.
-0.977 0.214 0. -70.878 0.214 0.977 0. 8.311 0. 0. -1. 0.
-0.973 0.232 0. -71.758 0.232 0.973 0. 8.514 0. 0. -1. 0.
-0.965 0.263 0. -72.633 0.263 0.965 0. 8.789 0. 0. -1. 0.
-0.958 0.286 0. -73.534 0.286 0.958 0. 9.132 0. 0. -1. 0.
-0.950 0.311 0. -74.466 0.311 0.950 0. 9.442 0. 0. -1. 0.
-0.937 0.350 0. -75.401 0.350 0.937 0. 9.697 0. 0. -1. 0.
-0.923 0.385 0. -76.258 0.385 0.923 0. 10.149 0. 0. -1. 0.
-0.912 0.411 0. -77.160 0.411 0.912 0. 10.545 0. 0. -1. 0.
-0.892 0.453 0. -77.989 0.453 0.892 0. 11.123 0. 0. -1. 0.
-0.867 0.499 0. -78.858 0.499 0.867 0. 11.581 0. 0. -1. 0.
-0.842 0.539 0. -79.723 0.539 0.842 0. 12.322 0. 0. -1. 0.
-0.810 0.586 0. -80.518 0.586 0.810 0. 12.846 0. 0. -1. 0.
-0.768 0.641 0. -81.202 0.641 0.768 0. 13.414 0. 0. -1. 0.
-0.732 0.681 0. -81.902 0.681 0.732 0. 14.065 0. 0. -1. 0.
-0.690 0.724 0. -82.453 0.724 0.690 0. 14.787 0. 0. -1. 0.
-0.630 0.777 0. -83.186 0.777 0.630 0. 15.559 0. 0. -1. 0.
-0.583 0.813 0. -83.643 0.813 0.583 0. 16.364 0. 0. -1. 0.
-0.530 0.848 0. -84.014 0.848 0.530 0. 17.203 0. 0. -1. 0.
-0.472 0.882 0. -84.443 0.882 0.472 0. 17.881 0. 0. -1. 0.
-0.415 0.910 0. -84.665 0.910 0.415 0. 18.684 0. 0. -1. 0.
-0.363 0.932 0. -85.025 0.932 0.363 0. 19.600 0. 0. -1. 0.
-0.312 0.950 0. -85.520 0.950 0.312 0. 20.485 0. 0. -1. 0.
-0.269 0.963 0. -85.696 0.963 0.269 0. 21.461 0. 0. -1. 0.
-0.218 0.976 0. -85.759 0.976 0.218 0. 22.459 0. 0. -1. 0.
-0.178 0.984 0. -85.919 0.984 0.178 0. 23.490 0. 0. -1. 0.
-0.139 0.990 0. -86.092 0.990 0.139 0. 24.569 0. 0. -1. 0.
-0.098 0.995 0. -86.077 0.995 0.098 0. 25.677 0. 0. -1. 0.
-0.058 0.998 0. -86.168 0.998 0.058 0. 26.814 0. 0. -1. 0.
-0.025 1.000 0. -86.141 1.000 0.025 0. 27.974 0. 0. -1. 0.
-0.004 1. 0. -86.088 1. 0.004 0. 29.231 0. 0. -1. 0.
0.009 1. 0. -86.290 1. -0.009 -0. 30.528 0. 0. -1. 0.
0.003 1. 0. -86.246 1. -0.003 -0. 31.747 0. 0. -1. 0.
0.017 1.000 0. -86.166 1.000 -0.017 -0. 33.001 0. 0. -1. 0.
0.036 0.999 0. -86.117 0.999 -0.036 -0. 34.332 0. 0. -1. 0.
0.034 0.999 0. -86.053 0.999 -0.034 -0. 35.720 0. 0. -1. 0.
0.035 0.999 0. -85.966 0.999 -0.035 -0. 37.042 0. 0. -1. 0.
0.035 0.999 0. -85.919 0.999 -0.035 -0. 38.392 0. 0. -1. 0.
0.040 0.999 0. -85.751 0.999 -0.040 -0. 39.782 0. 0. -1. 0.
0.038 0.999 0. -85.705 0.999 -0.038 -0. 41.080 0. 0. -1. 0.
0.041 0.999 0. -85.600 0.999 -0.041 -0. 42.495 0. 0. -1. 0.
0.036 0.999 0. -85.533 0.999 -0.036 -0. 43.886 0. 0. -1. 0.
0.030 1.000 0. -85.435 1.000 -0.030 -0. 45.242 0. 0. -1. 0.
0.028 1.000 0. -85.517 1.000 -0.028 -0. 46.621 0. 0. -1. 0.
0.026 1.000 0. -85.339 1.000 -0.026 -0. 48.119 0. 0. -1. 0.
0.021 1.000 0. -85.379 1.000 -0.021 -0. 49.530 0. 0. -1. 0.
0.023 1.000 0. -85.330 1.000 -0.023 -0. 51.065 0. 0. -1. 0.
0.021 1.000 0. -85.245 1.000 -0.021 -0. 52.504 0. 0. -1. 0.
0.016 1.000 0. -85.262 1.000 -0.016 -0. 54.004 0. 0. -1. 0.
0.021 1.000 0. -85.180 1.000 -0.021 -0. 55.508 0. 0. -1. 0.
0.020 1.000 0. -85.096 1.000 -0.020 -0. 57.015 0. 0. -1. 0.
0.015 1.000 0. -85.056 1.000 -0.015 -0. 58.478 0. 0. -1. 0.
0.016 1.000 0. -85.088 1.000 -0.016 -0. 60.020 0. 0. -1. 0.
0.022 1.000 0. -85.020 1.000 -0.022 -0. 61.583 0. 0. -1. 0.
0.023 1.000 0. -84.927 1.000 -0.023 -0. 63.027 0. 0. -1. 0.
0.031 1.000 0. -84.885 1.000 -0.031 -0. 64.594 0. 0. -1. 0.
0.035 0.999 0. -84.722 0.999 -0.035 -0. 66.086 0. 0. -1. 0.
0.026 1.000 0. -84.736 1.000 -0.026 -0. 67.569 0. 0. -1. 0.
0.023 1.000 0. -84.642 1.000 -0.023 -0. 69.025 0. 0. -1. 0.
0.028 1.000 0. -84.570 1.000 -0.028 -0. 70.479 0. 0. -1. 0.
0.026 1.000 0. -84.463 1.000 -0.026 -0. 71.981 0. 0. -1. 0.
0.026 1.000 0. -84.436 1.000 -0.026 -0. 73.404 0. 0. -1. 0.
0.026 1.000 0. -84.363 1.000 -0.026 -0. 74.835 0. 0. -1. 0.
0.027 1.000 0. -84.328 1.000 -0.027 -0. 76.243 0. 0. -1. 0.
0.019 1.000 0. -84.236 1.000 -0.019 -0. 77.624 0. 0. -1. 0.
0.022 1.000 0. -84.192 1.000 -0.022 -0. 79.025 0. 0. -1. 0.
0.007 1. 0. -84.162 1. -0.007 -0. 80.251 0. 0. -1. 0.
0.002 1. 0. -84.049 1. -0.002 -0. 81.614 0. 0. -1. 0.
-0.001 1. 0. -84.174 1. 0.001 0. 82.849 0. 0. -1. 0.
-0.013 1. 0. -83.989 1. 0.013 0. 84.133 0. 0. -1. 0.
-0.022 1.000 0. -84.148 1.000 0.022 0. 85.327 0. 0. -1. 0.
-0.045 0.999 0. -84.165 0.999 0.045 0. 86.537 0. 0. -1. 0.
-0.064 0.998 0. -84.188 0.998 0.064 0. 87.877 0. 0. -1. 0.
-0.096 0.995 0. -84.365 0.995 0.096 0. 88.950 0. 0. -1. 0.
-0.123 0.992 0. -84.589 0.992 0.123 0. 90.253 0. 0. -1. 0.
-0.158 0.987 0. -84.480 0.987 0.158 0. 91.544 0. 0. -1. 0.
-0.196 0.981 0. -84.938 0.981 0.196 0. 92.588 0. 0. -1. 0.
-0.229 0.973 0. -85.261 0.973 0.229 0. 93.756 0. 0. -1. 0.
-0.264 0.964 0. -85.522 0.964 0.264 0. 95.042 0. 0. -1. 0.
-0.310 0.951 0. -85.829 0.951 0.310 0. 96.117 0. 0. -1. 0.
-0.346 0.938 0. -86.220 0.938 0.346 0. 97.241 0. 0. -1. 0.
-0.386 0.922 0. -86.667 0.922 0.386 0. 98.327 0. 0. -1. 0.
-0.435 0.900 0. -87.101 0.900 0.435 0. 99.393 0. 0. -1. 0.
-0.473 0.881 0. -87.674 0.881 0.473 0. 100.444 0. 0. -1. 0.
-0.513 0.858 0. -88.174 0.858 0.513 0. 101.513 0. 0. -1. 0.
-0.552 0.834 0. -88.936 0.834 0.552 0. 102.383 0. 0. -1. 0.
-0.581 0.814 0. -89.529 0.814 0.581 0. 103.482 0. 0. -1. 0.
-0.614 0.789 0. -90.333 0.789 0.614 0. 104.344 0. 0. -1. 0.
-0.637 0.771 0. -91.030 0.771 0.637 0. 105.352 0. 0. -1. 0.
-0.658 0.753 0. -91.830 0.753 0.658 0. 106.312 0. 0. -1. 0.
-0.673 0.739 0. -92.648 0.739 0.673 0. 107.273 0. 0. -1. 0.
-0.686 0.728 0. -93.471 0.728 0.686 0. 108.244 0. 0. -1. 0.
-0.688 0.726 0. -94.534 0.726 0.688 0. 109.063 0. 0. -1. 0.
-0.686 0.728 0. -95.362 0.728 0.686 0. 110.064 0. 0. -1. 0.
-0.690 0.724 0. -96.304 0.724 0.690 0. 110.959 0. 0. -1. 0.
-0.689 0.725 0. -97.235 0.725 0.689 0. 111.983 0. 0. -1. 0.
-0.688 0.725 0. -98.189 0.725 0.688 0. 112.982 0. 0. -1. 0.
-0.694 0.720 0. -99.145 0.720 0.694 0. 113.996 0. 0. -1. 0.
-0.690 0.724 0. -100.179 0.724 0.690 0. 115.083 0. 0. -1. 0.
-0.688 0.725 0. -101.120 0.725 0.688 0. 116.080 0. 0. -1. 0.
-0.694 0.720 0. -102.070 0.720 0.694 0. 117.206 0. 0. -1. 0.
-0.690 0.724 0. -103.051 0.724 0.690 0. 118.287 0. 0. -1. 0.
-0.691 0.723 0. -104.107 0.723 0.691 0. 119.268 0. 0. -1. 0.
-0.684 0.729 0. -105.165 0.729 0.684 0. 120.408 0. 0. -1. 0.
-0.687 0.727 0. -106.126 0.727 0.687 0. 121.584 0. 0. -1. 0.
-0.690 0.724 0. -107.097 0.724 0.690 0. 122.807 0. 0. -1. 0.
-0.687 0.727 0. -108.262 0.727 0.687 0. 123.801 0. 0. -1. 0.
-0.686 0.727 0. -109.168 0.727 0.686 0. 125.082 0. 0. -1. 0.
-0.685 0.729 0. -110.344 0.729 0.685 0. 126.022 0. 0. -1. 0.
-0.683 0.730 0. -111.365 0.730 0.683 0. 127.275 0. 0. -1. 0.
-0.688 0.726 0. -112.521 0.726 0.688 0. 128.431 0. 0. -1. 0.
-0.682 0.731 0. -113.540 0.731 0.682 0. 129.746 0. 0. -1. 0.
-0.685 0.728 0. -114.769 0.728 0.685 0. 130.849 0. 0. -1. 0.
-0.680 0.733 0. -115.808 0.733 0.680 0. 132.072 0. 0. -1. 0.
-0.678 0.735 0. -116.962 0.735 0.678 0. 133.365 0. 0. -1. 0.
-0.676 0.737 0. -118.064 0.737 0.676 0. 134.633 0. 0. -1. 0.
-0.676 0.737 0. -119.277 0.737 0.676 0. 135.912 0. 0. -1. 0.
-0.675 0.738 0. -120.343 0.738 0.675 0. 137.253 0. 0. -1. 0.
-0.679 0.734 0. -121.523 0.734 0.679 0. 138.546 0. 0. -1. 0.
-0.674 0.739 0. -122.597 0.739 0.674 0. 139.896 0. 0. -1. 0.
-0.675 0.738 0. -123.765 0.738 0.675 0. 141.160 0. 0. -1. 0.
-0.677 0.736 0. -124.900 0.736 0.677 0. 142.384 0. 0. -1. 0.
-0.672 0.741 0. -126.086 0.741 0.672 0. 143.736 0. 0. -1. 0.
-0.671 0.741 0. -127.181 0.741 0.671 0. 145.058 0. 0. -1. 0.
-0.671 0.742 0. -128.237 0.742 0.671 0. 146.375 0. 0. -1. 0.
-0.673 0.739 0. -129.423 0.739 0.673 0. 147.604 0. 0. -1. 0.
-0.669 0.743 0. -130.543 0.743 0.669 0. 148.970 0. 0. -1. 0.
-0.669 0.743 0. -131.622 0.743 0.669 0. 150.225 0. 0. -1. 0.
-0.671 0.742 0. -132.729 0.742 0.671 0. 151.472 0. 0. -1. 0.
-0.667 0.745 0. -133.830 0.745 0.667 0. 152.827 0. 0. -1. 0.
-0.665 0.747 0. -134.924 0.747 0.665 0. 154.035 0. 0. -1. 0.
-0.659 0.752 0. -136.090 0.752 0.659 0. 155.320 0. 0. -1. 0.
-0.654 0.756 0. -137.176 0.756 0.654 0. 156.593 0. 0. -1. 0.
-0.651 0.759 0. -138.266 0.759 0.651 0. 157.958 0. 0. -1. 0.
-0.637 0.771 0. -139.380 0.771 0.637 0. 159.255 0. 0. -1. 0.
-0.624 0.781 0. -140.455 0.781 0.624 0. 160.585 0. 0. -1. 0.
-0.608 0.794 0. -141.453 0.794 0.608 0. 162.015 0. 0. -1. 0.
-0.594 0.804 0. -142.426 0.804 0.594 0. 163.417 0. 0. -1. 0.
-0.579 0.815 0. -143.339 0.815 0.579 0. 164.845 0. 0. -1. 0.
-0.560 0.829 0. -144.232 0.829 0.560 0. 166.283 0. 0. -1. 0.
-0.542 0.841 0. -145.204 0.841 0.542 0. 167.790 0. 0. -1. 0.
-0.518 0.855 0. -146.120 0.855 0.518 0. 169.258 0. 0. -1. 0.
-0.493 0.870 0. -146.981 0.870 0.493 0. 170.811 0. 0. -1. 0.
-0.469 0.883 0. -147.739 0.883 0.469 0. 172.383 0. 0. -1. 0.
-0.444 0.896 0. -148.322 0.896 0.444 0. 174.004 0. 0. -1. 0.
-0.415 0.910 0. -149.358 0.910 0.415 0. 175.485 0. 0. -1. 0.
-0.386 0.922 0. -149.988 0.922 0.386 0. 177.159 0. 0. -1. 0.
-0.358 0.934 0. -150.657 0.934 0.358 0. 178.796 0. 0. -1. 0.
-0.332 0.943 0. -151.039 0.943 0.332 0. 180.513 0. 0. -1. 0.
-0.304 0.953 0. -151.523 0.953 0.304 0. 182.221 0. 0. -1. 0.
-0.273 0.962 0. -151.979 0.962 0.273 0. 183.951 0. 0. -1. 0.
-0.241 0.971 0. -152.451 0.971 0.241 0. 185.655 0. 0. -1. 0.
-0.209 0.978 0. -152.782 0.978 0.209 0. 187.354 0. 0. -1. 0.
-0.182 0.983 0. -153.026 0.983 0.182 0. 189.119 0. 0. -1. 0.
-0.162 0.987 0. -153.127 0.987 0.162 0. 190.933 0. 0. -1. 0.
-0.137 0.991 0. -153.210 0.991 0.137 0. 192.747 0. 0. -1. 0.
-0.121 0.993 0. -153.566 0.993 0.121 0. 194.464 0. 0. -1. 0.
-0.099 0.995 0. -153.864 0.995 0.099 0. 196.255 0. 0. -1. 0.
-0.083 0.997 0. -153.834 0.997 0.083 0. 198.084 0. 0. -1. 0.
-0.072 0.997 0. -153.794 0.997 0.072 0. 199.927 0. 0. -1. 0.
-0.062 0.998 0. -153.974 0.998 0.062 0. 201.732 0. 0. -1. 0.
-0.062 0.998 0. -153.844 0.998 0.062 0. 203.562 0. 0. -1. 0.
-0.054 0.999 0. -154.008 0.999 0.054 0. 205.378 0. 0. -1. 0.
-0.052 0.999 0. -154.266 0.999 0.052 0. 207.155 0. 0. -1. 0.
-0.058 0.998 0. -154.170 0.998 0.058 0. 209.003 0. 0. -1. 0.
-0.061 0.998 0. -154.352 0.998 0.061 0. 210.760 0. 0. -1. 0.
-0.079 0.997 0. -154.186 0.997 0.079 0. 212.602 0. 0. -1. 0.
-0.093 0.996 0. -154.378 0.996 0.093 0. 214.377 0. 0. -1. 0.
-0.102 0.995 0. -154.607 0.995 0.102 0. 216.154 0. 0. -1. 0.
