1606847188172283 1.00000 0.00000 0.00000 -0.00000 0.00000 -1.00000 0.00000 0.00000 0.00000 -0.00000 -1.00000 0.00000
1606847188422286 1.00000 -0.00055 -0.00000 0.02043 -0.00055 -1.00000 0.00000 0.04010 -0.00000 -0.00000 -1.00000 0.00000
1606847188672312 1.00000 -0.00272 -0.00000 0.04355 -0.00272 -1.00000 0.00000 0.05454 -0.00000 -0.00000 -1.00000 0.00000
1606847188922300 1.00000 -0.00141 0.00000 0.02737 -0.00141 -1.00000 0.00000 0.04825 -0.00000 -0.00000 -1.00000 0.00000
1606847189171678 1.00000 -0.00010 0.00000 0.01683 -0.00010 -1.00000 0.00000 0.01080 -0.00000 -0.00000 -1.00000 0.00000
1606847189422302 1.00000 -0.00141 0.00000 0.02144 -0.00141 -1.00000 0.00000 0.04461 -0.00000 -0.00000 -1.00000 0.00000
1606847189672940 1.00000 0.00135 -0.00000 0.02164 0.00135 -1.00000 0.00000 0.04496 0.00000 -0.00000 -1.00000 0.00000
1606847189923557 1.00000 0.00027 -0.00000 0.01486 0.00027 -1.00000 0.00000 0.04851 0.00000 -0.00000 -1.00000 0.00000
1606847190174189 1.00000 -0.00183 0.00000 0.05356 -0.00183 -1.00000 0.00000 0.08981 -0.00000 -0.00000 -1.00000 0.00000
1606847190424187 1.00000 -0.00063 0.00000 0.00162 -0.00063 -1.00000 0.00000 0.01083 -0.00000 -0.00000 -1.00000 0.00000
1606847190674196 1.00000 -0.00073 0.00000 -0.00654 -0.00073 -1.00000 0.00000 0.02834 -0.00000 -0.00000 -1.00000 0.00000
1606847190924199 1.00000 -0.00056 0.00000 0.03991 -0.00056 -1.00000 0.00000 0.04477 -0.00000 -0.00000 -1.00000 0.00000
1606847191174207 1.00000 -0.00222 0.00000 0.02531 -0.00222 -1.00000 0.00000 0.04826 -0.00000 -0.00000 -1.00000 0.00000
1606847191423574 1.00000 0.00004 0.00000 0.01894 0.00004 -1.00000 0.00000 -0.00230 0.00000 -0.00000 -1.00000 -0.00000
1606847191673587 1.00000 -0.00122 0.00000 0.01002 -0.00122 -1.00000 0.00000 0.04145 -0.00000 -0.00000 -1.00000 0.00000
1606847191923589 1.00000 -0.00074 -0.00000 0.03813 -0.00074 -1.00000 0.00000 0.04230 -0.00000 -0.00000 -1.00000 0.00000
1606847192173595 1.00000 -0.00315 0.00000 0.03755 -0.00315 -1.00000 0.00000 0.04860 -0.00000 -0.00000 -1.00000 0.00000
1606847192423589 0.99999 -0.00363 0.00000 0.03917 -0.00363 -0.99999 0.00000 0.04595 -0.00000 -0.00000 -1.00000 0.00000
1606847192672974 1.00000 -0.00070 0.00000 -0.00126 -0.00070 -1.00000 0.00000 0.03029 -0.00000 -0.00000 -1.00000 0.00000
1606847192922976 1.00000 0.00131 0.00000 -0.03885 0.00131 -1.00000 0.00000 0.05774 0.00000 -0.00000 -1.00000 0.00000
1606847193172976 1.00000 0.00064 -0.00000 -0.05737 0.00064 -1.00000 0.00000 0.06655 0.00000 -0.00000 -1.00000 0.00000
1606847193422364 1.00000 -0.00222 0.00000 -0.12951 -0.00222 -1.00000 0.00000 0.04794 -0.00000 -0.00000 -1.00000 0.00000
1606847193672363 1.00000 -0.00211 0.00000 -0.19149 -0.00211 -1.00000 0.00000 0.05764 -0.00000 -0.00000 -1.00000 0.00000
1606847193922365 0.99993 -0.01212 0.00000 -0.33738 -0.01212 -0.99993 0.00000 0.09408 -0.00000 -0.00000 -1.00000 0.00000
1606847194171742 0.99985 -0.01744 -0.00000 -0.46345 -0.01744 -0.99985 0.00000 0.02659 -0.00000 -0.00000 -1.00000 0.00000
1606847194421746 0.99980 -0.01998 0.00000 -0.74900 -0.01998 -0.99980 0.00000 0.06681 -0.00000 -0.00000 -1.00000 0.00000
1606847194672379 0.99925 -0.03877 0.00000 -1.10134 -0.03877 -0.99925 0.00000 0.09614 -0.00000 -0.00000 -1.00000 0.00000
1606847194923005 0.99836 -0.05730 0.00000 -1.54250 -0.05730 -0.99836 0.00000 0.01819 -0.00000 -0.00000 -1.00000 0.00000
1606847195174257 0.99726 -0.07398 -0.00000 -1.99919 -0.07398 -0.99726 0.00000 0.08679 -0.00000 -0.00000 -1.00000 0.00000
1606847195424884 0.99587 -0.09083 0.00000 -2.55590 -0.09083 -0.99587 0.00000 0.08226 -0.00000 -0.00000 -1.00000 0.00000
1606847195674886 0.99391 -0.11015 -0.00000 -3.21559 -0.11015 -0.99391 0.00000 0.08068 -0.00000 -0.00000 -1.00000 0.00000
1606847195924889 0.99223 -0.12443 0.00000 -3.83921 -0.12443 -0.99223 0.00000 0.18045 -0.00000 -0.00000 -1.00000 0.00000
1606847196174892 0.99040 -0.13826 0.00000 -4.54228 -0.13826 -0.99040 0.00000 0.18724 -0.00000 -0.00000 -1.00000 0.00000
1606847196424896 0.98955 -0.14416 0.00000 -5.33387 -0.14416 -0.98955 0.00000 0.22717 -0.00000 -0.00000 -1.00000 0.00000
1606847196674276 0.98952 -0.14440 0.00000 -6.21278 -0.14440 -0.98952 0.00000 0.27056 -0.00000 -0.00000 -1.00000 0.00000
1606847196923656 0.99045 -0.13786 0.00000 -7.00577 -0.13786 -0.99045 0.00000 0.01456 -0.00000 -0.00000 -1.00000 0.00000
1606847197173666 0.99144 -0.13053 0.00000 -7.97111 -0.13053 -0.99144 0.00000 -0.00730 -0.00000 -0.00000 -1.00000 -0.00000
1606847197423659 0.99195 -0.12663 0.00000 -8.97132 -0.12663 -0.99195 0.00000 -0.04826 -0.00000 -0.00000 -1.00000 -0.00000
1606847197673036 0.99348 -0.11404 0.00000 -9.99207 -0.11404 -0.99348 0.00000 -0.13330 -0.00000 -0.00000 -1.00000 -0.00000
1606847197923043 0.99434 -0.10623 0.00000 -11.03588 -0.10623 -0.99434 0.00000 -0.14122 -0.00000 -0.00000 -1.00000 -0.00000
1606847198173043 0.99476 -0.10222 0.00000 -12.07636 -0.10222 -0.99476 0.00000 -0.17128 -0.00000 -0.00000 -1.00000 -0.00000
1606847198423049 0.99538 -0.09598 0.00000 -13.18356 -0.09598 -0.99538 0.00000 -0.32277 -0.00000 -0.00000 -1.00000 -0.00000
1606847198672427 0.99650 -0.08360 0.00000 -14.32209 -0.08360 -0.99650 0.00000 -0.47470 -0.00000 -0.00000 -1.00000 -0.00000
1606847198922431 0.99721 -0.07461 -0.00000 -15.51496 -0.07461 -0.99721 0.00000 -0.58527 -0.00000 -0.00000 -1.00000 -0.00000
1606847199172434 0.99755 -0.07002 -0.00000 -16.77594 -0.07002 -0.99755 0.00000 -0.70822 -0.00000 -0.00000 -1.00000 -0.00000
1606847199422442 0.99792 -0.06450 0.00000 -18.03534 -0.06450 -0.99792 0.00000 -0.73472 -0.00000 -0.00000 -1.00000 -0.00000
1606847199671818 0.99827 -0.05873 0.00000 -19.32141 -0.05873 -0.99827 0.00000 -0.97259 -0.00000 -0.00000 -1.00000 -0.00000
1606847199921818 0.99877 -0.04958 -0.00000 -20.71714 -0.04958 -0.99877 0.00000 -1.11576 -0.00000 -0.00000 -1.00000 -0.00000
1606847200172451 0.99871 -0.05083 -0.00000 -22.08100 -0.05083 -0.99871 0.00000 -1.11132 -0.00000 -0.00000 -1.00000 -0.00000
1606847200423077 0.99913 -0.04160 -0.00000 -23.52847 -0.04160 -0.99913 0.00000 -1.25930 -0.00000 -0.00000 -1.00000 -0.00000
1606847200674331 0.99905 -0.04354 0.00000 -24.98576 -0.04354 -0.99905 0.00000 -1.26172 -0.00000 -0.00000 -1.00000 -0.00000
1606847200924957 0.99905 -0.04350 0.00000 -26.47730 -0.04350 -0.99905 0.00000 -1.29248 -0.00000 -0.00000 -1.00000 -0.00000
1606847201174968 0.99931 -0.03725 -0.00000 -27.99255 -0.03725 -0.99931 0.00000 -1.55154 -0.00000 -0.00000 -1.00000 -0.00000
1606847201424962 0.99943 -0.03363 0.00000 -29.57281 -0.03363 -0.99943 0.00000 -1.64570 -0.00000 -0.00000 -1.00000 -0.00000
1606847201674969 0.99948 -0.03231 0.00000 -31.22988 -0.03231 -0.99948 0.00000 -1.65712 -0.00000 -0.00000 -1.00000 -0.00000
1606847201924349 0.99974 -0.02263 0.00000 -32.74565 -0.02263 -0.99974 0.00000 -2.15059 -0.00000 -0.00000 -1.00000 -0.00000
1606847202174354 0.99989 -0.01513 0.00000 -34.50645 -0.01513 -0.99989 0.00000 -2.31203 -0.00000 -0.00000 -1.00000 -0.00000
1606847202424350 0.99997 -0.00817 0.00000 -36.09193 -0.00817 -0.99997 0.00000 -2.52074 -0.00000 -0.00000 -1.00000 -0.00000
1606847202673738 0.99999 0.00457 0.00000 -37.62869 0.00457 -0.99999 0.00000 -3.02126 0.00000 -0.00000 -1.00000 -0.00000
1606847202923742 0.99985 0.01724 0.00000 -39.26432 0.01724 -0.99985 0.00000 -3.50148 0.00000 -0.00000 -1.00000 -0.00000
1606847203174366 0.99978 0.02117 0.00000 -40.95440 0.02117 -0.99978 0.00000 -3.71193 0.00000 -0.00000 -1.00000 -0.00000
1606847203423743 0.99932 0.03699 0.00000 -42.50681 0.03699 -0.99932 0.00000 -4.42399 0.00000 -0.00000 -1.00000 -0.00000
1606847203673747 0.99904 0.04372 0.00000 -44.16689 0.04372 -0.99904 0.00000 -4.76334 0.00000 -0.00000 -1.00000 -0.00000
1606847203923752 0.99868 0.05139 0.00000 -45.89337 0.05139 -0.99868 0.00000 -5.09430 0.00000 -0.00000 -1.00000 -0.00000
1606847204173754 0.99861 0.05266 0.00000 -47.64492 0.05266 -0.99861 0.00000 -5.15719 0.00000 -0.00000 -1.00000 -0.00000
1606847204423755 0.99849 0.05502 0.00000 -49.37290 0.05502 -0.99849 0.00000 -5.34725 0.00000 -0.00000 -1.00000 -0.00000
1606847204673139 0.99837 0.05712 0.00000 -51.13912 0.05712 -0.99837 0.00000 -5.43084 0.00000 -0.00000 -1.00000 -0.00000
1606847204923144 0.99866 0.05166 -0.00000 -52.96813 0.05166 -0.99866 0.00000 -5.22916 0.00000 -0.00000 -1.00000 -0.00000
1606847205172559 0.99854 0.05406 0.00000 -54.67738 0.05406 -0.99854 0.00000 -5.34388 0.00000 -0.00000 -1.00000 -0.00000
1606847205422524 0.99845 0.05559 -0.00000 -56.52994 0.05559 -0.99845 0.00000 -5.47955 0.00000 -0.00000 -1.00000 -0.00000
1606847205671900 0.99812 0.06122 0.00000 -58.23260 0.06122 -0.99812 0.00000 -5.85059 0.00000 -0.00000 -1.00000 -0.00000
1606847205921906 0.99825 0.05921 0.00000 -60.09677 0.05921 -0.99825 0.00000 -5.76594 0.00000 -0.00000 -1.00000 -0.00000
1606847206172535 0.99840 0.05658 -0.00000 -61.96388 0.05658 -0.99840 0.00000 -5.60705 0.00000 -0.00000 -1.00000 -0.00000
1606847206423158 0.99811 0.06146 0.00000 -63.69736 0.06146 -0.99811 0.00000 -5.75712 0.00000 -0.00000 -1.00000 -0.00000
1606847206673789 0.99805 0.06240 -0.00000 -65.57216 0.06240 -0.99805 0.00000 -5.93961 0.00000 -0.00000 -1.00000 -0.00000
1606847206923799 0.99800 0.06317 0.00000 -67.40295 0.06317 -0.99800 0.00000 -6.04392 0.00000 -0.00000 -1.00000 -0.00000
1606847207173793 0.99838 0.05684 -0.00000 -69.24117 0.05684 -0.99838 0.00000 -5.63360 0.00000 -0.00000 -1.00000 -0.00000
1606847207423800 0.99869 0.05117 0.00000 -71.05110 0.05117 -0.99869 0.00000 -5.17775 0.00000 -0.00000 -1.00000 -0.00000
1606847207673800 0.99885 0.04790 0.00000 -72.85988 0.04790 -0.99885 0.00000 -4.88831 0.00000 -0.00000 -1.00000 -0.00000
1606847207923187 0.99906 0.04326 0.00000 -74.70399 0.04326 -0.99906 0.00000 -4.66790 0.00000 -0.00000 -1.00000 -0.00000
1606847208172563 0.99880 0.04897 0.00000 -76.44366 0.04897 -0.99880 0.00000 -5.03869 0.00000 -0.00000 -1.00000 -0.00000
1606847208422559 0.99919 0.04025 -0.00000 -78.29710 0.04025 -0.99919 0.00000 -4.54339 0.00000 -0.00000 -1.00000 -0.00000
1606847208672565 0.99948 0.03233 0.00000 -80.06849 0.03233 -0.99948 0.00000 -4.00382 0.00000 -0.00000 -1.00000 -0.00000
1606847208921947 0.99981 0.01943 0.00000 -81.84054 0.01943 -0.99981 0.00000 -2.93291 0.00000 -0.00000 -1.00000 -0.00000
1606847209171947 0.99998 0.00617 0.00000 -83.67603 0.00617 -0.99998 0.00000 -1.71994 0.00000 -0.00000 -1.00000 -0.00000
1606847209422576 0.99986 -0.01674 0.00000 -85.48716 -0.01674 -0.99986 0.00000 0.07116 -0.00000 -0.00000 -1.00000 0.00000
1606847209673207 0.99885 -0.04798 0.00000 -87.17297 -0.04798 -0.99885 0.00000 2.78571 -0.00000 -0.00000 -1.00000 0.00000
1606847209923212 0.99688 -0.07889 0.00000 -88.74120 -0.07889 -0.99688 0.00000 5.48628 -0.00000 -0.00000 -1.00000 0.00000
1606847210173839 0.99154 -0.12978 0.00000 -90.11180 -0.12978 -0.99154 0.00000 9.99396 -0.00000 -0.00000 -1.00000 0.00000
1606847210423213 0.98598 -0.16689 0.00000 -91.41111 -0.16689 -0.98598 0.00000 13.32731 -0.00000 -0.00000 -1.00000 0.00000
1606847210673180 0.97473 -0.22338 0.00000 -92.28332 -0.22338 -0.97473 0.00000 18.72197 -0.00000 -0.00000 -1.00000 0.00000
1606847210922595 0.96399 -0.26593 0.00000 -93.06535 -0.26593 -0.96399 0.00000 22.66224 -0.00000 -0.00000 -1.00000 0.00000
1606847211172606 0.95002 -0.31218 0.00000 -93.71920 -0.31218 -0.95002 0.00000 27.09159 -0.00000 -0.00000 -1.00000 0.00000
1606847211422601 0.92870 -0.37083 0.00000 -93.65013 -0.37083 -0.92870 0.00000 32.88786 -0.00000 -0.00000 -1.00000 0.00000
1606847211672610 0.90769 -0.41965 -0.00000 -93.54208 -0.41965 -0.90769 0.00000 37.87505 -0.00000 -0.00000 -1.00000 0.00000
1606847211921987 0.88815 -0.45955 0.00000 -93.62451 -0.45955 -0.88815 0.00000 42.03447 -0.00000 -0.00000 -1.00000 0.00000
1606847212171993 0.85741 -0.51464 -0.00000 -92.54429 -0.51464 -0.85741 0.00000 47.78468 -0.00000 -0.00000 -1.00000 0.00000
1606847212421998 0.81835 -0.57471 0.00000 -90.76299 -0.57471 -0.81835 0.00000 54.25593 -0.00000 -0.00000 -1.00000 0.00000
1606847212673247 0.77210 -0.63550 0.00000 -88.27162 -0.63550 -0.77210 0.00000 61.14973 -0.00000 -0.00000 -1.00000 0.00000
1606847212923250 0.72823 -0.68533 0.00000 -85.84168 -0.68533 -0.72823 0.00000 66.80638 -0.00000 -0.00000 -1.00000 0.00000
1606847213173921 0.67523 -0.73761 0.00000 -82.45729 -0.73761 -0.67523 0.00000 72.97579 -0.00000 -0.00000 -1.00000 0.00000
1606847213423878 0.61548 -0.78816 -0.00000 -78.33442 -0.78816 -0.61548 0.00000 79.38966 -0.00000 -0.00000 -1.00000 0.00000
1606847213673885 0.55361 -0.83278 0.00000 -73.84627 -0.83278 -0.55361 0.00000 85.03395 -0.00000 -0.00000 -1.00000 0.00000
1606847213923264 0.49939 -0.86637 0.00000 -70.04602 -0.86637 -0.49939 0.00000 89.31383 -0.00000 -0.00000 -1.00000 0.00000
1606847214173268 0.44741 -0.89433 0.00000 -66.60180 -0.89433 -0.44741 0.00000 93.38032 -0.00000 -0.00000 -1.00000 0.00000
1606847214422645 0.40672 -0.91355 0.00000 -64.16264 -0.91355 -0.40672 0.00000 96.30608 -0.00000 -0.00000 -1.00000 0.00000
1606847214672651 0.37479 -0.92711 0.00000 -62.69270 -0.92711 -0.37479 0.00000 98.40775 -0.00000 -0.00000 -1.00000 0.00000
1606847214922655 0.36772 -0.92994 0.00000 -63.87280 -0.92994 -0.36772 0.00000 98.92204 -0.00000 -0.00000 -1.00000 0.00000
1606847215172653 0.36526 -0.93090 0.00000 -65.56538 -0.93090 -0.36526 0.00000 99.05240 -0.00000 -0.00000 -1.00000 0.00000
1606847215422660 0.36627 -0.93051 0.00000 -67.66626 -0.93051 -0.36627 0.00000 99.09604 -0.00000 -0.00000 -1.00000 0.00000
1606847215672038 0.37520 -0.92694 0.00000 -70.51792 -0.92694 -0.37520 0.00000 98.30877 -0.00000 -0.00000 -1.00000 0.00000
1606847215922039 0.38681 -0.92216 0.00000 -73.78919 -0.92216 -0.38681 0.00000 97.49847 -0.00000 -0.00000 -1.00000 0.00000
1606847216172672 0.39362 -0.91927 0.00000 -76.52254 -0.91927 -0.39362 0.00000 96.87008 -0.00000 -0.00000 -1.00000 0.00000
1606847216423295 0.40680 -0.91352 -0.00000 -79.86534 -0.91352 -0.40680 0.00000 95.66010 -0.00000 -0.00000 -1.00000 0.00000
1606847216673923 0.41703 -0.90889 0.00000 -82.95372 -0.90889 -0.41703 0.00000 94.77341 -0.00000 -0.00000 -1.00000 0.00000
1606847216924556 0.42913 -0.90324 0.00000 -86.15720 -0.90324 -0.42913 0.00000 93.63999 -0.00000 -0.00000 -1.00000 0.00000
1606847217175185 0.43345 -0.90118 0.00000 -88.62875 -0.90118 -0.43345 0.00000 93.24868 -0.00000 -0.00000 -1.00000 0.00000
1606847217425198 0.45025 -0.89290 0.00000 -92.33027 -0.89290 -0.45025 0.00000 91.46400 -0.00000 -0.00000 -1.00000 0.00000
1606847217674565 0.47450 -0.88026 -0.00000 -96.74331 -0.88026 -0.47450 0.00000 88.86226 -0.00000 -0.00000 -1.00000 0.00000
1606847217924568 0.49651 -0.86803 -0.00000 -100.93451 -0.86803 -0.49651 0.00000 86.39069 -0.00000 -0.00000 -1.00000 0.00000
1606847218174575 0.51601 -0.85658 0.00000 -104.78868 -0.85658 -0.51601 0.00000 84.00656 -0.00000 -0.00000 -1.00000 0.00000
1606847218424575 0.52790 -0.84931 0.00000 -107.93712 -0.84931 -0.52790 0.00000 82.60749 -0.00000 -0.00000 -1.00000 0.00000
1606847218674585 0.54438 -0.83884 0.00000 -111.34146 -0.83884 -0.54438 0.00000 80.35138 -0.00000 -0.00000 -1.00000 0.00000
1606847218923964 0.55794 -0.82988 0.00000 -114.53024 -0.82988 -0.55794 0.00000 78.54371 -0.00000 -0.00000 -1.00000 0.00000
1606847219173964 0.57105 -0.82092 -0.00000 -117.72021 -0.82092 -0.57105 0.00000 76.69730 -0.00000 -0.00000 -1.00000 0.00000
1606847219424593 0.58449 -0.81140 0.00000 -120.71025 -0.81140 -0.58449 0.00000 74.75323 -0.00000 -0.00000 -1.00000 0.00000
1606847219673975 0.59583 -0.80311 0.00000 -123.70731 -0.80311 -0.59583 0.00000 73.05504 -0.00000 -0.00000 -1.00000 0.00000
1606847219923350 0.61336 -0.78980 0.00000 -127.05029 -0.78980 -0.61336 0.00000 70.19128 -0.00000 -0.00000 -1.00000 0.00000
1606847220173352 0.62439 -0.78112 0.00000 -129.90118 -0.78112 -0.62439 0.00000 68.45938 -0.00000 -0.00000 -1.00000 0.00000
1606847220423352 0.63227 -0.77475 0.00000 -132.38520 -0.77475 -0.63227 0.00000 67.08279 -0.00000 -0.00000 -1.00000 0.00000
1606847220672730 0.64668 -0.76276 0.00000 -135.39298 -0.76276 -0.64668 0.00000 64.62182 -0.00000 -0.00000 -1.00000 0.00000
1606847220922735 0.65280 -0.75753 0.00000 -137.59994 -0.75753 -0.65280 0.00000 63.51664 -0.00000 -0.00000 -1.00000 0.00000
1606847221172120 0.66714 -0.74493 0.00000 -140.33207 -0.74493 -0.66714 0.00000 60.81240 -0.00000 -0.00000 -1.00000 0.00000
1606847221422120 0.68416 -0.72933 0.00000 -143.51061 -0.72933 -0.68416 0.00000 57.50153 -0.00000 -0.00000 -1.00000 0.00000
1606847221672750 0.70611 -0.70811 0.00000 -146.71273 -0.70811 -0.70611 0.00000 53.17397 -0.00000 -0.00000 -1.00000 0.00000
1606847221923377 0.73382 -0.67935 0.00000 -150.16312 -0.67935 -0.73382 0.00000 47.23503 -0.00000 -0.00000 -1.00000 0.00000
1606847222174009 0.77271 -0.63476 0.00000 -154.14549 -0.63476 -0.77271 0.00000 38.35088 -0.00000 -0.00000 -1.00000 0.00000
1606847222424011 0.81754 -0.57588 -0.00000 -157.96390 -0.57588 -0.81754 0.00000 26.75714 -0.00000 -0.00000 -1.00000 0.00000
1606847222674012 0.86492 -0.50191 0.00000 -160.93776 -0.50191 -0.86492 0.00000 12.82767 -0.00000 -0.00000 -1.00000 0.00000
1606847222924015 0.91165 -0.41096 0.00000 -162.72829 -0.41096 -0.91165 0.00000 -3.83660 -0.00000 -0.00000 -1.00000 -0.00000
1606847223174019 0.95266 -0.30405 0.00000 -162.35593 -0.30405 -0.95266 0.00000 -22.31866 -0.00000 -0.00000 -1.00000 -0.00000
1606847223424020 0.98399 -0.17824 0.00000 -159.17643 -0.17824 -0.98399 0.00000 -43.22020 -0.00000 -0.00000 -1.00000 -0.00000
1606847223674025 0.99917 -0.04080 0.00000 -152.69838 -0.04080 -0.99917 0.00000 -64.73773 -0.00000 -0.00000 -1.00000 -0.00000
1606847223924026 0.99378 0.11136 -0.00000 -142.11018 0.11136 -0.99378 0.00000 -87.13553 0.00000 -0.00000 -1.00000 -0.00000
1606847224174029 0.96119 0.27589 0.00000 -126.52212 0.27589 -0.96119 0.00000 -109.52462 0.00000 -0.00000 -1.00000 -0.00000
1606847224424035 0.90164 0.43248 0.00000 -107.30623 0.43248 -0.90164 0.00000 -129.12532 0.00000 -0.00000 -1.00000 -0.00000
1606847224674036 0.81344 0.58165 0.00000 -84.21920 0.58165 -0.81344 0.00000 -145.73834 0.00000 -0.00000 -1.00000 -0.00000
1606847224924048 0.69916 0.71496 0.00000 -58.40749 0.71496 -0.69916 0.00000 -158.13233 0.00000 -0.00000 -1.00000 -0.00000
1606847225174042 0.56109 0.82776 -0.00000 -30.25192 0.82776 -0.56109 0.00000 -165.92486 0.00000 -0.00000 -1.00000 -0.00000
1606847225424048 0.40716 0.91336 0.00000 -1.47600 0.91336 -0.40716 0.00000 -168.66863 0.00000 -0.00000 -1.00000 -0.00000
1606847225674051 0.24326 0.96996 0.00000 26.90540 0.96996 -0.24326 0.00000 -166.33235 0.00000 -0.00000 -1.00000 -0.00000
1606847225924057 0.07612 0.99710 0.00000 53.73612 0.99710 -0.07612 0.00000 -159.37710 0.00000 -0.00000 -1.00000 -0.00000
1606847226174061 -0.08903 0.99603 -0.00000 78.36957 0.99603 0.08903 0.00000 -148.32755 0.00000 0.00000 -1.00000 -0.00000
1606847226424063 -0.24893 0.96852 0.00000 100.51700 0.96852 0.24893 0.00000 -133.73934 0.00000 0.00000 -1.00000 -0.00000
1606847226674073 -0.40744 0.91323 0.00000 120.44135 0.91323 0.40744 0.00000 -114.87640 0.00000 0.00000 -1.00000 -0.00000
1606847226923444 -0.55317 0.83307 0.00000 136.80030 0.83307 0.55317 0.00000 -93.35965 0.00000 0.00000 -1.00000 -0.00000
1606847227174077 -0.66257 0.74900 0.00000 147.22748 0.74900 0.66257 0.00000 -73.57870 0.00000 0.00000 -1.00000 -0.00000
1606847227424076 -0.76024 0.64964 0.00000 154.91008 0.64964 0.76024 0.00000 -52.36789 0.00000 0.00000 -1.00000 -0.00000
1606847227674077 -0.82848 0.56001 0.00000 158.47556 0.56001 0.82848 0.00000 -34.63766 0.00000 0.00000 -1.00000 -0.00000
1606847227924084 -0.87535 0.48350 0.00000 159.66528 0.48350 0.87535 0.00000 -20.25676 0.00000 0.00000 -1.00000 -0.00000
1606847228174087 -0.90088 0.43406 0.00000 159.14616 0.43406 0.90088 0.00000 -11.45304 0.00000 0.00000 -1.00000 -0.00000
1606847228424091 -0.91475 0.40402 0.00000 158.13324 0.40402 0.91475 0.00000 -5.98097 0.00000 0.00000 -1.00000 -0.00000
1606847228674092 -0.92647 0.37636 -0.00000 156.91840 0.37636 0.92647 0.00000 -1.30271 0.00000 0.00000 -1.00000 -0.00000
1606847228924096 -0.93040 0.36654 -0.00000 155.37186 0.36654 0.93040 0.00000 0.36040 0.00000 0.00000 -1.00000 0.00000
1606847229174149 -0.93177 0.36305 0.00000 153.96332 0.36305 0.93177 0.00000 0.91362 0.00000 0.00000 -1.00000 0.00000
1606847229424103 -0.92532 0.37918 0.00000 152.36477 0.37918 0.92532 0.00000 -1.68688 0.00000 0.00000 -1.00000 -0.00000
1606847229673820 -0.92398 0.38245 0.00000 150.86055 0.38245 0.92398 0.00000 -2.21978 0.00000 0.00000 -1.00000 -0.00000
1606847229923489 -0.91197 0.41025 0.00000 148.99371 0.41025 0.91197 0.00000 -6.92690 0.00000 0.00000 -1.00000 -0.00000
1606847230173491 -0.90229 0.43112 0.00000 147.14378 0.43112 0.90229 0.00000 -10.31345 0.00000 0.00000 -1.00000 -0.00000
1606847230423492 -0.87919 0.47648 0.00000 144.71592 0.47648 0.87919 0.00000 -17.87309 0.00000 0.00000 -1.00000 -0.00000
1606847230672869 -0.85704 0.51524 0.00000 141.93955 0.51524 0.85704 0.00000 -24.31195 0.00000 0.00000 -1.00000 -0.00000
1606847230922872 -0.82391 0.56672 0.00000 138.46369 0.56672 0.82391 0.00000 -32.96762 0.00000 0.00000 -1.00000 -0.00000
1606847231172259 -0.78612 0.61808 0.00000 134.31265 0.61808 0.78612 0.00000 -41.74289 0.00000 0.00000 -1.00000 -0.00000
1606847231422262 -0.74402 0.66816 0.00000 129.50051 0.66816 0.74402 0.00000 -50.41939 0.00000 0.00000 -1.00000 -0.00000
1606847231672889 -0.69158 0.72230 0.00000 123.41181 0.72230 0.69158 0.00000 -60.03328 0.00000 0.00000 -1.00000 -0.00000
1606847231923516 -0.63715 0.77074 0.00000 116.85734 0.77074 0.63715 0.00000 -69.00993 0.00000 0.00000 -1.00000 -0.00000
1606847232173517 -0.57897 0.81535 0.00000 109.52628 0.81535 0.57897 0.00000 -77.33841 0.00000 0.00000 -1.00000 -0.00000
1606847232423521 -0.51736 0.85577 0.00000 101.74815 0.85577 0.51736 0.00000 -85.30729 0.00000 0.00000 -1.00000 -0.00000
1606847232673521 -0.46409 0.88579 0.00000 94.46109 0.88579 0.46409 0.00000 -91.25363 0.00000 0.00000 -1.00000 -0.00000
1606847232923530 -0.42315 0.90606 0.00000 88.24465 0.90606 0.42315 0.00000 -95.51240 0.00000 0.00000 -1.00000 -0.00000
1606847233172911 -0.40186 0.91570 -0.00000 84.08769 0.91570 0.40186 0.00000 -97.58973 0.00000 0.00000 -1.00000 -0.00000
1606847233422910 -0.38029 0.92487 0.00000 79.84735 0.92487 0.38029 0.00000 -99.62456 0.00000 0.00000 -1.00000 -0.00000
1606847233672913 -0.37401 0.92743 0.00000 77.14481 0.92743 0.37401 0.00000 -100.19801 0.00000 0.00000 -1.00000 -0.00000
1606847233922918 -0.35988 0.93300 0.00000 73.67940 0.93300 0.35988 0.00000 -101.48919 0.00000 0.00000 -1.00000 -0.00000
1606847234172920 -0.37074 0.92874 0.00000 72.84699 0.92874 0.37074 0.00000 -100.47250 0.00000 0.00000 -1.00000 -0.00000
1606847234422926 -0.37595 0.92664 -0.00000 71.38010 0.92664 0.37595 0.00000 -100.25797 0.00000 0.00000 -1.00000 -0.00000
1606847234672311 -0.38577 0.92259 0.00000 70.40702 0.92259 0.38577 0.00000 -99.60730 0.00000 0.00000 -1.00000 -0.00000
1606847234922307 -0.40087 0.91614 -0.00000 70.01405 0.91614 0.40087 0.00000 -98.43683 0.00000 0.00000 -1.00000 -0.00000
1606847235172308 -0.41230 0.91105 0.00000 69.19168 0.91105 0.41230 0.00000 -97.43445 0.00000 0.00000 -1.00000 -0.00000
1606847235422938 -0.43098 0.90236 0.00000 69.15911 0.90236 0.43098 0.00000 -96.04266 0.00000 0.00000 -1.00000 -0.00000
1606847235674192 -0.45750 0.88921 0.00000 69.96578 0.88921 0.45750 0.00000 -94.09123 0.00000 0.00000 -1.00000 -0.00000
1606847235924818 -0.49124 0.87102 0.00000 71.48898 0.87102 0.49124 0.00000 -91.48704 0.00000 0.00000 -1.00000 -0.00000
1606847236175451 -0.52464 0.85132 0.00000 72.96818 0.85132 0.52464 0.00000 -88.69691 0.00000 0.00000 -1.00000 -0.00000
1606847236426704 -0.55802 0.82983 0.00000 74.52600 0.82983 0.55802 0.00000 -85.62514 0.00000 0.00000 -1.00000 -0.00000
1606847236676707 -0.59644 0.80266 -0.00000 76.52684 0.80266 0.59644 0.00000 -82.04731 0.00000 0.00000 -1.00000 -0.00000
1606847236926709 -0.63815 0.76991 0.00000 78.80003 0.76991 0.63815 0.00000 -77.94831 0.00000 0.00000 -1.00000 -0.00000
1606847237176086 -0.69208 0.72182 0.00000 82.47380 0.72182 0.69208 0.00000 -72.19799 0.00000 0.00000 -1.00000 -0.00000
1606847237426090 -0.74133 0.67114 0.00000 85.38093 0.67114 0.74133 0.00000 -66.26520 0.00000 0.00000 -1.00000 -0.00000
1606847237676095 -0.79487 0.60678 0.00000 88.74574 0.60678 0.79487 0.00000 -59.00681 0.00000 0.00000 -1.00000 -0.00000
1606847237926095 -0.83550 0.54949 0.00000 90.71466 0.54949 0.83550 0.00000 -52.57938 0.00000 0.00000 -1.00000 -0.00000
1606847238176100 -0.86306 0.50510 0.00000 91.41068 0.50510 0.86306 0.00000 -47.96688 0.00000 0.00000 -1.00000 -0.00000
1606847238426105 -0.89639 0.44327 0.00000 92.68123 0.44327 0.89639 0.00000 -41.44957 0.00000 0.00000 -1.00000 -0.00000
1606847238676734 -0.92282 0.38524 0.00000 93.21113 0.38524 0.92282 0.00000 -35.36484 0.00000 0.00000 -1.00000 -0.00000
1606847238926112 -0.94532 0.32615 0.00000 93.31612 0.32615 0.94532 0.00000 -29.52524 0.00000 0.00000 -1.00000 -0.00000
1606847239176743 -0.96245 0.27146 0.00000 92.77311 0.27146 0.96245 0.00000 -24.18305 0.00000 0.00000 -1.00000 -0.00000
1606847239426743 -0.97419 0.22571 0.00000 91.75818 0.22571 0.97419 0.00000 -19.76913 0.00000 0.00000 -1.00000 -0.00000
1606847239676124 -0.98559 0.16915 0.00000 90.67804 0.16915 0.98559 0.00000 -14.46862 0.00000 0.00000 -1.00000 -0.00000
1606847239926753 -0.99200 0.12624 0.00000 89.09140 0.12624 0.99200 0.00000 -10.47746 0.00000 0.00000 -1.00000 -0.00000
1606847240176126 -0.99666 0.08168 0.00000 87.51002 0.08168 0.99666 0.00000 -6.56868 0.00000 0.00000 -1.00000 -0.00000
1606847240426140 -0.99882 0.04849 0.00000 85.53504 0.04849 0.99882 0.00000 -3.66384 0.00000 0.00000 -1.00000 -0.00000
1606847240676135 -0.99997 0.00812 0.00000 83.57871 0.00812 0.99997 0.00000 -0.28646 0.00000 0.00000 -1.00000 -0.00000
1606847240926145 -0.99988 -0.01530 0.00000 81.48085 -0.01530 0.99988 0.00000 1.72380 -0.00000 0.00000 -1.00000 0.00000
1606847241176146 -0.99945 -0.03302 0.00000 79.35057 -0.03302 0.99945 0.00000 3.15313 -0.00000 0.00000 -1.00000 0.00000
1606847241426146 -0.99897 -0.04527 0.00000 77.24846 -0.04527 0.99897 0.00000 4.09524 -0.00000 0.00000 -1.00000 0.00000
1606847241675520 -0.99836 -0.05732 0.00000 75.06960 -0.05732 0.99836 0.00000 4.89987 -0.00000 0.00000 -1.00000 0.00000
1606847241925529 -0.99804 -0.06258 0.00000 72.88420 -0.06258 0.99804 0.00000 5.44852 -0.00000 0.00000 -1.00000 0.00000
1606847242175534 -0.99796 -0.06381 0.00000 70.77426 -0.06381 0.99796 0.00000 5.40682 -0.00000 0.00000 -1.00000 0.00000
1606847242425529 -0.99785 -0.06553 0.00000 68.62987 -0.06553 0.99785 0.00000 5.58907 -0.00000 0.00000 -1.00000 0.00000
1606847242675540 -0.99840 -0.05653 0.00000 66.56161 -0.05653 0.99840 0.00000 4.94223 -0.00000 0.00000 -1.00000 0.00000
1606847242925579 -0.99897 -0.04542 0.00000 64.47724 -0.04542 0.99897 0.00000 4.13903 -0.00000 0.00000 -1.00000 0.00000
1606847243174921 -0.99874 -0.05026 0.00000 62.29775 -0.05026 0.99874 0.00000 4.29803 -0.00000 0.00000 -1.00000 0.00000
1606847243424923 -0.99881 -0.04884 -0.00000 60.16213 -0.04884 0.99881 0.00000 4.12439 -0.00000 0.00000 -1.00000 0.00000
1606847243674930 -0.99913 -0.04163 0.00000 58.04121 -0.04163 0.99913 0.00000 3.74192 -0.00000 0.00000 -1.00000 0.00000
1606847243924932 -0.99941 -0.03433 0.00000 55.92290 -0.03433 0.99941 0.00000 3.16273 -0.00000 0.00000 -1.00000 0.00000
1606847244174312 -0.99922 -0.03941 -0.00000 53.81121 -0.03941 0.99922 0.00000 3.46365 -0.00000 0.00000 -1.00000 0.00000
1606847244424310 -0.99940 -0.03453 0.00000 51.81041 -0.03453 0.99940 0.00000 3.21361 -0.00000 0.00000 -1.00000 0.00000
1606847244674318 -0.99950 -0.03155 0.00000 49.73882 -0.03155 0.99950 0.00000 3.04949 -0.00000 0.00000 -1.00000 0.00000
1606847244924319 -0.99952 -0.03089 0.00000 47.67163 -0.03089 0.99952 0.00000 2.96521 -0.00000 0.00000 -1.00000 0.00000
1606847245174359 -0.99971 -0.02399 0.00000 45.65294 -0.02399 0.99971 0.00000 2.58255 -0.00000 0.00000 -1.00000 0.00000
1606847245423701 -0.99980 -0.02020 0.00000 43.62897 -0.02020 0.99980 0.00000 2.31557 -0.00000 0.00000 -1.00000 0.00000
1606847245674959 -0.99995 -0.01012 0.00000 41.63481 -0.01012 0.99995 0.00000 1.97002 -0.00000 0.00000 -1.00000 0.00000
1606847245924961 -1.00000 -0.00087 -0.00000 39.64565 -0.00087 1.00000 0.00000 1.45444 -0.00000 0.00000 -1.00000 0.00000
1606847246174963 -0.99990 0.01387 0.00000 37.55333 0.01387 0.99990 0.00000 0.92716 0.00000 0.00000 -1.00000 0.00000
1606847246424348 -0.99985 0.01730 0.00000 35.58025 0.01730 0.99985 0.00000 0.72513 0.00000 0.00000 -1.00000 0.00000
1606847246674355 -0.99978 0.02099 0.00000 33.47938 0.02099 0.99978 0.00000 0.50504 0.00000 0.00000 -1.00000 0.00000
1606847246924349 -0.99949 0.03193 0.00000 31.40642 0.03193 0.99949 0.00000 0.17181 0.00000 0.00000 -1.00000 0.00000
1606847247174348 -0.99909 0.04266 0.00000 29.31062 0.04266 0.99909 0.00000 -0.15516 0.00000 0.00000 -1.00000 -0.00000
1606847247423754 -0.99902 0.04433 0.00000 27.24948 0.04433 0.99902 0.00000 -0.37397 0.00000 0.00000 -1.00000 -0.00000
1606847247673732 -0.99866 0.05174 0.00000 25.11076 0.05174 0.99866 0.00000 -0.36545 0.00000 0.00000 -1.00000 -0.00000
1606847247923738 -0.99828 0.05865 0.00000 22.96315 0.05865 0.99828 0.00000 -0.70229 0.00000 0.00000 -1.00000 -0.00000
1606847248173743 -0.99744 0.07153 0.00000 20.79717 0.07153 0.99744 0.00000 -0.97248 0.00000 0.00000 -1.00000 -0.00000
1606847248423119 -0.99737 0.07254 0.00000 18.73589 0.07254 0.99737 0.00000 -1.10878 0.00000 0.00000 -1.00000 -0.00000
1606847248673120 -0.99663 0.08205 0.00000 16.61992 0.08205 0.99663 0.00000 -1.24302 0.00000 0.00000 -1.00000 -0.00000
1606847248922498 -0.99725 0.07414 0.00000 14.51073 0.07414 0.99725 0.00000 -1.25332 0.00000 0.00000 -1.00000 -0.00000
1606847249172508 -0.99672 0.08095 -0.00000 12.42137 0.08095 0.99672 0.00000 -1.31601 0.00000 0.00000 -1.00000 -0.00000
1606847249423151 -0.99673 0.08083 0.00000 10.29077 0.08083 0.99673 0.00000 -1.22240 0.00000 0.00000 -1.00000 -0.00000
1606847249673760 -0.99651 0.08344 0.00000 8.19635 0.08344 0.99651 0.00000 -1.30086 0.00000 0.00000 -1.00000 -0.00000
1606847249923765 -0.99704 0.07692 -0.00000 6.11630 0.07692 0.99704 0.00000 -1.36870 0.00000 0.00000 -1.00000 -0.00000
1606847250174393 -0.99722 0.07446 0.00000 4.02726 0.07446 0.99722 0.00000 -1.38131 0.00000 0.00000 -1.00000 -0.00000
1606847250424396 -0.99722 0.07449 0.00000 1.91018 0.07449 0.99722 0.00000 -1.35440 0.00000 0.00000 -1.00000 -0.00000
1606847250674408 -0.99818 0.06033 0.00000 -0.14053 0.06033 0.99818 0.00000 -1.30804 0.00000 0.00000 -1.00000 -0.00000
1606847250924400 -0.99847 0.05536 0.00000 -2.20037 0.05536 0.99847 0.00000 -1.37024 0.00000 0.00000 -1.00000 -0.00000
1606847251174401 -0.99880 0.04895 0.00000 -4.24291 0.04895 0.99880 0.00000 -1.46536 0.00000 0.00000 -1.00000 -0.00000
1606847251424410 -0.99888 0.04726 0.00000 -6.41219 0.04726 0.99888 0.00000 -1.40869 0.00000 0.00000 -1.00000 -0.00000
1606847251674415 -0.99892 0.04640 0.00000 -8.36590 0.04640 0.99892 0.00000 -1.50196 0.00000 0.00000 -1.00000 -0.00000
1606847251923793 -0.99896 0.04570 0.00000 -10.50088 0.04570 0.99896 0.00000 -1.49076 0.00000 0.00000 -1.00000 -0.00000
1606847252173796 -0.99905 0.04365 0.00000 -12.53812 0.04365 0.99905 0.00000 -1.48162 0.00000 0.00000 -1.00000 -0.00000
1606847252423795 -0.99906 0.04327 0.00000 -14.52103 0.04327 0.99906 0.00000 -1.49460 0.00000 0.00000 -1.00000 -0.00000
1606847252673803 -0.99921 0.03975 0.00000 -16.60758 0.03975 0.99921 0.00000 -1.50127 0.00000 0.00000 -1.00000 -0.00000
1606847252923187 -0.99960 0.02840 0.00000 -18.66684 0.02840 0.99960 0.00000 -1.94440 0.00000 0.00000 -1.00000 -0.00000
1606847253173192 -0.99975 0.02246 0.00000 -20.73502 0.02246 0.99975 0.00000 -2.07038 0.00000 0.00000 -1.00000 -0.00000
1606847253423191 -0.99972 0.02367 0.00000 -22.84959 0.02367 0.99972 0.00000 -1.97655 0.00000 0.00000 -1.00000 -0.00000
1606847253673191 -0.99968 0.02525 0.00000 -24.94168 0.02525 0.99968 0.00000 -1.96537 0.00000 0.00000 -1.00000 -0.00000
1606847253922569 -0.99989 0.01458 0.00000 -26.74446 0.01458 0.99989 0.00000 -2.33030 0.00000 0.00000 -1.00000 -0.00000
1606847254172573 -0.99991 0.01328 -0.00000 -28.94161 0.01328 0.99991 0.00000 -2.24758 0.00000 0.00000 -1.00000 -0.00000
1606847254423201 -0.99996 0.00936 0.00000 -31.02436 0.00936 0.99996 0.00000 -2.38356 0.00000 0.00000 -1.00000 -0.00000
1606847254673830 -0.99998 0.00585 0.00000 -33.08239 0.00585 0.99998 0.00000 -2.48147 0.00000 0.00000 -1.00000 -0.00000
1606847254924463 -1.00000 0.00111 -0.00000 -35.12974 0.00111 1.00000 0.00000 -2.71612 0.00000 0.00000 -1.00000 -0.00000
1606847255175088 -0.99999 -0.00436 0.00000 -37.16635 -0.00436 0.99999 0.00000 -2.89013 -0.00000 0.00000 -1.00000 -0.00000
1606847255425093 -0.99993 -0.01189 0.00000 -39.23865 -0.01189 0.99993 0.00000 -3.22542 -0.00000 0.00000 -1.00000 -0.00000
1606847255675096 -0.99993 -0.01169 0.00000 -41.15934 -0.01169 0.99993 0.00000 -3.28603 -0.00000 0.00000 -1.00000 -0.00000
1606847255924473 -0.99978 -0.02107 -0.00000 -43.06110 -0.02107 0.99978 0.00000 -3.76070 -0.00000 0.00000 -1.00000 -0.00000
1606847256174475 -0.99976 -0.02194 0.00000 -45.04313 -0.02194 0.99976 0.00000 -3.77443 -0.00000 0.00000 -1.00000 -0.00000
1606847256423854 -0.99958 -0.02913 0.00000 -46.88766 -0.02913 0.99958 0.00000 -4.18133 -0.00000 0.00000 -1.00000 -0.00000
1606847256673856 -0.99959 -0.02858 0.00000 -48.74577 -0.02858 0.99959 0.00000 -4.12997 -0.00000 0.00000 -1.00000 -0.00000
1606847256923863 -0.99974 -0.02274 0.00000 -50.58595 -0.02274 0.99974 0.00000 -3.85302 -0.00000 0.00000 -1.00000 -0.00000
1606847257173867 -0.99999 -0.00534 0.00000 -52.33337 -0.00534 0.99999 0.00000 -2.99948 -0.00000 0.00000 -1.00000 -0.00000
1606847257423244 -0.99989 0.01467 0.00000 -53.97486 0.01467 0.99989 0.00000 -1.99084 0.00000 0.00000 -1.00000 -0.00000
1606847257673243 -0.99924 0.03890 0.00000 -55.57759 0.03890 0.99924 0.00000 -0.66966 0.00000 0.00000 -1.00000 -0.00000
1606847257922629 -0.99784 0.06569 0.00000 -57.05368 0.06569 0.99784 0.00000 0.81612 0.00000 0.00000 -1.00000 0.00000
1606847258173255 -0.99328 0.11577 -0.00000 -58.40209 0.11577 0.99328 0.00000 3.67597 0.00000 0.00000 -1.00000 0.00000
1606847258423261 -0.98669 0.16261 0.00000 -59.47432 0.16261 0.98669 0.00000 6.30640 0.00000 0.00000 -1.00000 0.00000
1606847258673892 -0.97405 0.22632 -0.00000 -60.22750 0.22632 0.97405 0.00000 10.01791 0.00000 0.00000 -1.00000 0.00000
1606847258924520 -0.95311 0.30261 0.00000 -60.37190 0.30261 0.95311 0.00000 14.89274 0.00000 0.00000 -1.00000 0.00000
1606847259174521 -0.92576 0.37811 0.00000 -60.05410 0.37811 0.92576 0.00000 19.72865 0.00000 0.00000 -1.00000 0.00000
1606847259423896 -0.89099 0.45403 0.00000 -59.28834 0.45403 0.89099 0.00000 24.57717 0.00000 0.00000 -1.00000 0.00000
1606847259673897 -0.84238 0.53889 0.00000 -57.66718 0.53889 0.84238 0.00000 30.25672 0.00000 0.00000 -1.00000 0.00000
1606847259923901 -0.78047 0.62520 -0.00000 -55.14824 0.62520 0.78047 0.00000 36.15655 0.00000 0.00000 -1.00000 0.00000
1606847260173288 -0.71044 0.70376 0.00000 -52.06608 0.70376 0.71044 0.00000 41.75681 0.00000 0.00000 -1.00000 0.00000
1606847260423289 -0.62958 0.77694 0.00000 -48.22452 0.77694 0.62958 0.00000 47.14909 0.00000 0.00000 -1.00000 0.00000
1606847260672663 -0.54841 0.83621 0.00000 -44.28956 0.83621 0.54841 0.00000 51.58130 0.00000 0.00000 -1.00000 0.00000
1606847260922672 -0.45618 0.88989 0.00000 -39.50219 0.88989 0.45618 0.00000 56.02128 0.00000 0.00000 -1.00000 0.00000
1606847261172708 -0.36581 0.93069 0.00000 -34.73458 0.93069 0.36581 0.00000 59.60033 0.00000 0.00000 -1.00000 0.00000
1606847261423304 -0.27212 0.96226 0.00000 -29.87527 0.96226 0.27212 0.00000 62.83262 0.00000 0.00000 -1.00000 0.00000
1606847261673300 -0.19392 0.98102 0.00000 -25.91009 0.98102 0.19392 0.00000 64.86124 0.00000 0.00000 -1.00000 0.00000
1606847261923928 -0.13277 0.99115 0.00000 -23.08556 0.99115 0.13277 0.00000 66.39389 0.00000 0.00000 -1.00000 0.00000
1606847262174556 -0.08309 0.99654 0.00000 -21.12006 0.99654 0.08309 0.00000 67.56310 0.00000 0.00000 -1.00000 0.00000
1606847262424567 -0.05089 0.99870 -0.00000 -20.26916 0.99870 0.05089 0.00000 68.06291 0.00000 0.00000 -1.00000 0.00000
1606847262674568 -0.03243 0.99947 0.00000 -20.57928 0.99947 0.03243 0.00000 68.43422 0.00000 0.00000 -1.00000 0.00000
1606847262924571 -0.00788 0.99997 0.00000 -20.31335 0.99997 0.00788 0.00000 68.77751 0.00000 0.00000 -1.00000 0.00000
1606847263173947 -0.00603 0.99998 0.00000 -21.84465 0.99998 0.00603 0.00000 68.90179 0.00000 0.00000 -1.00000 0.00000
1606847263423333 0.01000 0.99995 0.00000 -22.26162 0.99995 -0.01000 0.00000 69.10903 0.00000 -0.00000 -1.00000 0.00000
1606847263673953 0.00308 1.00000 0.00000 -24.45324 1.00000 -0.00308 0.00000 69.07828 0.00000 -0.00000 -1.00000 0.00000
1606847263923958 0.00935 0.99996 0.00000 -25.74796 0.99996 -0.00935 0.00000 69.00055 0.00000 -0.00000 -1.00000 0.00000
1606847264173960 0.00642 0.99998 -0.00000 -27.54954 0.99998 -0.00642 0.00000 68.91186 0.00000 -0.00000 -1.00000 0.00000
1606847264423348 0.01248 0.99992 0.00000 -28.82995 0.99992 -0.01248 0.00000 69.04225 0.00000 -0.00000 -1.00000 0.00000
1606847264673341 0.02542 0.99968 0.00000 -29.66604 0.99968 -0.02542 0.00000 69.34528 0.00000 -0.00000 -1.00000 0.00000
1606847264923346 0.03454 0.99940 0.00000 -30.68490 0.99940 -0.03454 0.00000 69.61566 0.00000 -0.00000 -1.00000 0.00000
1606847265173351 0.04577 0.99895 0.00000 -31.53734 0.99895 -0.04577 0.00000 69.99907 0.00000 -0.00000 -1.00000 0.00000
1606847265422729 0.06022 0.99818 0.00000 -32.16454 0.99818 -0.06022 0.00000 70.35755 0.00000 -0.00000 -1.00000 0.00000
1606847265672729 0.07963 0.99682 -0.00000 -32.46872 0.99682 -0.07963 0.00000 71.00837 0.00000 -0.00000 -1.00000 0.00000
1606847265922734 0.10780 0.99417 -0.00000 -32.06517 0.99417 -0.10780 0.00000 71.74985 0.00000 -0.00000 -1.00000 0.00000
1606847266173993 0.12574 0.99206 0.00000 -32.44130 0.99206 -0.12574 0.00000 72.34876 0.00000 -0.00000 -1.00000 0.00000
1606847266424618 0.14373 0.98962 0.00000 -32.66398 0.98962 -0.14373 0.00000 72.80022 0.00000 -0.00000 -1.00000 0.00000
1606847266675255 0.14753 0.98906 -0.00000 -33.97940 0.98906 -0.14753 0.00000 72.98389 0.00000 -0.00000 -1.00000 0.00000
1606847266925247 0.16178 0.98683 0.00000 -34.55318 0.98683 -0.16178 0.00000 73.36899 0.00000 -0.00000 -1.00000 0.00000
1606847267175263 0.15472 0.98796 0.00000 -36.72351 0.98796 -0.15472 0.00000 73.14746 0.00000 -0.00000 -1.00000 0.00000
1606847267424632 0.14289 0.98974 -0.00000 -39.18230 0.98974 -0.14289 0.00000 72.60793 0.00000 -0.00000 -1.00000 0.00000
1606847267674654 0.12958 0.99157 0.00000 -41.75086 0.99157 -0.12958 0.00000 72.12266 0.00000 -0.00000 -1.00000 0.00000
1606847267924640 0.10583 0.99438 0.00000 -45.19564 0.99438 -0.10583 0.00000 70.97714 0.00000 -0.00000 -1.00000 0.00000
1606847268174638 0.08335 0.99652 -0.00000 -48.46013 0.99652 -0.08335 0.00000 70.00005 0.00000 -0.00000 -1.00000 0.00000
1606847268424645 0.06907 0.99761 0.00000 -51.12892 0.99761 -0.06907 0.00000 69.20286 0.00000 -0.00000 -1.00000 0.00000
1606847268674649 0.05214 0.99864 0.00000 -54.04906 0.99864 -0.05214 0.00000 68.31779 0.00000 -0.00000 -1.00000 0.00000
1606847268924031 0.02764 0.99962 0.00000 -57.26144 0.99962 -0.02764 0.00000 66.92380 0.00000 -0.00000 -1.00000 0.00000
1606847269174040 0.01411 0.99990 0.00000 -59.84391 0.99990 -0.01411 0.00000 66.12040 0.00000 -0.00000 -1.00000 0.00000
1606847269424030 0.00505 0.99999 -0.00000 -62.06954 0.99999 -0.00505 0.00000 65.59306 0.00000 -0.00000 -1.00000 0.00000
1606847269673413 -0.01801 0.99984 0.00000 -65.14853 0.99984 0.01801 0.00000 64.04366 0.00000 0.00000 -1.00000 0.00000
1606847269924041 -0.02332 0.99973 0.00000 -67.06722 0.99973 0.02332 0.00000 63.75215 0.00000 0.00000 -1.00000 0.00000
1606847270174045 -0.04096 0.99916 0.00000 -69.69958 0.99916 0.04096 0.00000 62.55158 0.00000 0.00000 -1.00000 0.00000
1606847270424047 -0.04882 0.99881 0.00000 -71.75971 0.99881 0.04882 0.00000 61.93469 0.00000 0.00000 -1.00000 0.00000
1606847270674048 -0.05217 0.99864 0.00000 -73.45988 0.99864 0.05217 0.00000 61.73197 0.00000 0.00000 -1.00000 0.00000
1606847270923437 -0.05865 0.99828 0.00000 -75.46888 0.99828 0.05865 0.00000 61.08852 0.00000 0.00000 -1.00000 0.00000
