0.978 0.206 0. -3.747 0.206 -0.978 0. -0.192 0. 0. -1. 0.
0.978 0.206 0. -3.747 0.206 -0.978 0. -0.192 0. 0. -1. 0.
0.978 0.206 0. -3.747 0.206 -0.978 0. -0.192 0. 0. -1. 0.
0.978 0.206 0. -3.747 0.206 -0.978 0. -0.192 0. 0. -1. 0.
0.978 0.206 0. -3.747 0.206 -0.978 0. -0.192 0. 0. -1. 0.
0.978 0.206 0. -3.747 0.206 -0.978 0. -0.192 0. 0. -1. 0.
0.978 0.206 0. -3.747 0.206 -0.978 0. -0.192 0. 0. -1. 0.
0.978 0.206 0. -3.747 0.206 -0.978 0. -0.192 0. 0. -1. 0.
0.978 0.206 0. -3.747 0.206 -0.978 0. -0.192 0. 0. -1. 0.
0.978 0.206 0. -3.747 0.206 -0.978 0. -0.192 0. 0. -1. 0.
0.978 0.206 0. -3.747 0.206 -0.978 0. -0.192 0. 0. -1. 0.
0.978 0.206 0. -3.747 0.206 -0.978 0. -0.192 0. 0. -1. 0.
0.978 0.206 0. -3.747 0.206 -0.978 0. -0.192 0. 0. -1. 0.
0.978 0.206 0. -3.747 0.206 -0.978 0. -0.192 0. 0. -1. 0.
0.978 0.206 0. -3.747 0.206 -0.978 0. -0.192 0. 0. -1. 0.
0.978 0.206 0. -3.747 0.206 -0.978 0. -0.192 0. 0. -1. 0.
0.978 0.206 0. -3.747 0.206 -0.978 0. -0.192 0. 0. -1. 0.
0.978 0.206 0. -3.747 0.206 -0.978 0. -0.192 0. 0. -1. 0.
0.978 0.206 0. -3.747 0.206 -0.978 0. -0.192 0. 0. -1. 0.
0.978 0.206 0. -3.747 0.206 -0.978 0. -0.192 0. 0. -1. 0.
0.978 0.206 0. -3.747 0.206 -0.978 0. -0.192 0. 0. -1. 0.
0.978 0.206 0. -3.747 0.206 -0.978 0. -0.192 0. 0. -1. 0.
0.978 0.206 0. -3.747 0.206 -0.978 0. -0.192 0. 0. -1. 0.
0.978 0.206 0. -3.747 0.206 -0.978 0. -0.192 0. 0. -1. 0.
0.978 0.206 0. -3.747 0.206 -0.978 0. -0.192 0. 0. -1. 0.
0.978 0.206 0. -3.747 0.206 -0.978 0. -0.192 0. 0. -1. 0.
0.978 0.206 0. -3.747 0.206 -0.978 0. -0.192 0. 0. -1. 0.
0.978 0.206 0. -3.747 0.206 -0.978 0. -0.192 0. 0. -1. 0.
0.978 0.206 0. -3.747 0.206 -0.978 0. -0.192 0. 0. -1. 0.
0.978 0.206 0. -3.747 0.206 -0.978 0. -0.192 0. 0. -1. 0.
0.978 0.206 0. -3.747 0.206 -0.978 0. -0.192 0. 0. -1. 0.
0.978 0.206 0. -3.747 0.206 -0.978 0. -0.192 0. 0. -1. 0.
0.978 0.206 0. -3.747 0.206 -0.978 0. -0.192 0. 0. -1. 0.
0.978 0.206 0. -3.747 0.206 -0.978 0. -0.192 0. 0. -1. 0.
0.978 0.206 0. -3.748 0.206 -0.978 0. -0.192 0. 0. -1. 0.
0.978 0.207 0. -3.741 0.207 -0.978 0. -0.191 0. 0. -1. 0.
0.979 0.206 0. -3.726 0.206 -0.979 0. -0.188 0. 0. -1. 0.
0.979 0.205 0. -3.702 0.205 -0.979 0. -0.184 0. 0. -1. 0.
0.980 0.200 0. -3.633 0.200 -0.980 0. -0.173 0. 0. -1. 0.
0.982 0.189 0. -3.469 0.189 -0.982 0. -0.150 0. 0. -1. 0.
0.986 0.170 0. -3.217 0.170 -0.986 0. -0.122 0. 0. -1. 0.
0.990 0.141 0. -2.882 0.141 -0.990 0. -0.093 0. 0. -1. 0.
0.994 0.107 0. -2.458 0.107 -0.994 0. -0.071 0. 0. -1. 0.
0.997 0.076 0. -1.929 0.076 -0.997 0. -0.049 0. 0. -1. 0.
0.999 0.050 0. -1.291 0.050 -0.999 0. -0.032 0. 0. -1. 0.
0.999 0.034 0. -0.548 0.034 -0.999 0. -0.031 0. 0. -1. 0.
1.000 0.026 0. 0.292 0.026 -1.000 0. -0.034 0. 0. -1. 0.
1.000 0.025 0. 1.231 0.025 -1.000 0. -0.011 0. 0. -1. 0.
1.000 0.029 0. 2.238 0.029 -1.000 0. 0.002 0. 0. -1. 0.
0.999 0.033 0. 3.335 0.033 -0.999 0. 0.012 0. 0. -1. 0.
0.999 0.037 0. 4.517 0.037 -0.999 0. 0.050 0. 0. -1. 0.
0.999 0.046 0. 5.725 0.046 -0.999 0. 0.074 0. 0. -1. 0.
0.998 0.060 0. 6.981 0.060 -0.998 0. 0.126 0. 0. -1. 0.
0.997 0.076 0. 8.298 0.076 -0.997 0. 0.198 0. 0. -1. 0.
0.996 0.094 0. 9.649 0.094 -0.996 0. 0.308 0. 0. -1. 0.
0.994 0.111 0. 11.062 0.111 -0.994 0. 0.430 0. 0. -1. 0.
0.992 0.126 0. 12.570 0.126 -0.992 0. 0.600 0. 0. -1. 0.
0.990 0.139 0. 14.104 0.139 -0.990 0. 0.795 0. 0. -1. 0.
0.989 0.149 0. 15.678 0.149 -0.989 0. 1.006 0. 0. -1. 0.
0.987 0.159 0. 17.337 0.159 -0.987 0. 1.252 0. 0. -1. 0.
0.986 0.167 0. 19.005 0.167 -0.986 0. 1.492 0. 0. -1. 0.
0.985 0.175 0. 20.721 0.175 -0.985 0. 1.760 0. 0. -1. 0.
0.983 0.184 0. 22.472 0.184 -0.983 0. 2.036 0. 0. -1. 0.
0.981 0.196 0. 24.226 0.196 -0.981 0. 2.338 0. 0. -1. 0.
0.977 0.211 0. 25.971 0.211 -0.977 0. 2.672 0. 0. -1. 0.
0.974 0.229 0. 27.700 0.229 -0.974 0. 3.022 0. 0. -1. 0.
0.970 0.243 0. 29.388 0.243 -0.970 0. 3.391 0. 0. -1. 0.
0.967 0.256 0. 31.083 0.256 -0.967 0. 3.810 0. 0. -1. 0.
0.964 0.267 0. 32.696 0.267 -0.964 0. 4.226 0. 0. -1. 0.
0.962 0.274 0. 34.283 0.274 -0.962 0. 4.660 0. 0. -1. 0.
0.959 0.284 0. 35.897 0.284 -0.959 0. 5.137 0. 0. -1. 0.
0.957 0.289 0. 37.438 0.289 -0.957 0. 5.527 0. 0. -1. 0.
0.956 0.293 0. 38.945 0.293 -0.956 0. 5.985 0. 0. -1. 0.
0.956 0.295 0. 40.493 0.295 -0.956 0. 6.409 0. 0. -1. 0.
0.955 0.296 0. 41.995 0.296 -0.955 0. 6.856 0. 0. -1. 0.
0.956 0.294 0. 43.498 0.294 -0.956 0. 7.274 0. 0. -1. 0.
0.957 0.290 0. 45.013 0.290 -0.957 0. 7.708 0. 0. -1. 0.
0.960 0.280 0. 46.563 0.280 -0.960 0. 8.133 0. 0. -1. 0.
0.964 0.267 0. 48.126 0.267 -0.964 0. 8.553 0. 0. -1. 0.
0.967 0.256 0. 49.743 0.256 -0.967 0. 8.928 0. 0. -1. 0.
0.969 0.248 0. 51.393 0.248 -0.969 0. 9.338 0. 0. -1. 0.
0.970 0.243 0. 53.072 0.243 -0.970 0. 9.715 0. 0. -1. 0.
0.971 0.240 0. 54.799 0.240 -0.971 0. 10.101 0. 0. -1. 0.
0.971 0.238 0. 56.588 0.238 -0.971 0. 10.494 0. 0. -1. 0.
0.971 0.237 0. 58.388 0.237 -0.971 0. 10.880 0. 0. -1. 0.
0.972 0.237 0. 60.244 0.237 -0.972 0. 11.283 0. 0. -1. 0.
0.972 0.237 0. 62.103 0.237 -0.972 0. 11.698 0. 0. -1. 0.
0.971 0.237 0. 64.018 0.237 -0.971 0. 12.144 0. 0. -1. 0.
0.972 0.236 0. 65.959 0.236 -0.972 0. 12.584 0. 0. -1. 0.
0.972 0.236 0. 67.928 0.236 -0.972 0. 13.015 0. 0. -1. 0.
0.973 0.232 0. 69.924 0.232 -0.973 0. 13.457 0. 0. -1. 0.
0.974 0.226 0. 71.915 0.226 -0.974 0. 13.884 0. 0. -1. 0.
0.977 0.214 0. 73.916 0.214 -0.977 0. 14.293 0. 0. -1. 0.
0.980 0.198 0. 75.921 0.198 -0.980 0. 14.676 0. 0. -1. 0.
0.985 0.174 0. 77.904 0.174 -0.985 0. 15.010 0. 0. -1. 0.
0.990 0.141 0. 79.915 0.141 -0.990 0. 15.295 0. 0. -1. 0.
0.995 0.102 0. 81.935 0.102 -0.995 0. 15.491 0. 0. -1. 0.
0.998 0.060 0. 83.928 0.060 -0.998 0. 15.599 0. 0. -1. 0.
1. 0.014 0. 85.938 0.014 -1. 0. 15.619 0. 0. -1. 0.
0.999 -0.039 0. 87.946 -0.039 -0.999 -0. 15.545 0. 0. -1. 0.
0.996 -0.095 0. 89.931 -0.095 -0.996 -0. 15.352 0. 0. -1. 0.
0.988 -0.155 0. 91.869 -0.155 -0.988 -0. 15.054 0. 0. -1. 0.
0.976 -0.219 0. 93.797 -0.219 -0.976 -0. 14.627 0. 0. -1. 0.
0.959 -0.283 0. 95.667 -0.283 -0.959 -0. 14.078 0. 0. -1. 0.
0.939 -0.345 0. 97.506 -0.345 -0.939 -0. 13.399 0. 0. -1. 0.
0.915 -0.404 0. 99.290 -0.404 -0.915 -0. 12.629 0. 0. -1. 0.
0.889 -0.457 0. 101.037 -0.457 -0.889 -0. 11.723 0. 0. -1. 0.
0.862 -0.507 0. 102.690 -0.507 -0.862 -0. 10.753 0. 0. -1. 0.
0.829 -0.559 0. 104.272 -0.559 -0.829 -0. 9.683 0. 0. -1. 0.
0.789 -0.614 0. 105.786 -0.614 -0.789 -0. 8.507 0. 0. -1. 0.
0.747 -0.665 0. 107.200 -0.665 -0.747 -0. 7.267 0. 0. -1. 0.
0.700 -0.714 0. 108.509 -0.714 -0.700 -0. 5.922 0. 0. -1. 0.
0.656 -0.755 0. 109.739 -0.755 -0.656 -0. 4.470 0. 0. -1. 0.
0.624 -0.781 0. 110.889 -0.781 -0.624 -0. 2.959 0. 0. -1. 0.
0.602 -0.799 0. 112.046 -0.799 -0.602 -0. 1.399 0. 0. -1. 0.
0.587 -0.810 0. 113.184 -0.810 -0.587 -0. -0.200 0. 0. -1. 0.
0.581 -0.814 0. 114.336 -0.814 -0.581 -0. -1.822 0. 0. -1. 0.
0.581 -0.814 0. 115.498 -0.814 -0.581 -0. -3.484 0. 0. -1. 0.
0.584 -0.812 0. 116.671 -0.812 -0.584 -0. -5.173 0. 0. -1. 0.
0.588 -0.809 0. 117.851 -0.809 -0.588 -0. -6.881 0. 0. -1. 0.
0.597 -0.802 0. 119.062 -0.802 -0.597 -0. -8.607 0. 0. -1. 0.
0.609 -0.793 0. 120.313 -0.793 -0.609 -0. -10.327 0. 0. -1. 0.
0.620 -0.784 0. 121.622 -0.784 -0.620 -0. -12.054 0. 0. -1. 0.
0.632 -0.775 0. 122.942 -0.775 -0.632 -0. -13.763 0. 0. -1. 0.
0.644 -0.765 0. 124.301 -0.765 -0.644 -0. -15.453 0. 0. -1. 0.
0.655 -0.756 0. 125.677 -0.756 -0.655 -0. -17.117 0. 0. -1. 0.
0.666 -0.746 0. 127.054 -0.746 -0.666 -0. -18.743 0. 0. -1. 0.
0.676 -0.737 0. 128.468 -0.737 -0.676 -0. -20.351 0. 0. -1. 0.
0.685 -0.729 0. 129.897 -0.729 -0.685 -0. -21.950 0. 0. -1. 0.
0.691 -0.723 0. 131.302 -0.723 -0.691 -0. -23.473 0. 0. -1. 0.
0.694 -0.720 0. 132.728 -0.720 -0.694 -0. -25.024 0. 0. -1. 0.
0.697 -0.717 0. 134.125 -0.717 -0.697 -0. -26.533 0. 0. -1. 0.
0.701 -0.713 0. 135.520 -0.713 -0.701 -0. -28.020 0. 0. -1. 0.
0.704 -0.710 0. 136.938 -0.710 -0.704 -0. -29.511 0. 0. -1. 0.
0.711 -0.703 0. 138.288 -0.703 -0.711 -0. -30.917 0. 0. -1. 0.
0.722 -0.692 0. 139.662 -0.692 -0.722 -0. -32.290 0. 0. -1. 0.
0.732 -0.682 0. 141.012 -0.682 -0.732 -0. -33.611 0. 0. -1. 0.
0.742 -0.671 0. 142.323 -0.671 -0.742 -0. -34.848 0. 0. -1. 0.
0.752 -0.659 0. 143.607 -0.659 -0.752 -0. -36.028 0. 0. -1. 0.
0.766 -0.643 0. 144.888 -0.643 -0.766 -0. -37.148 0. 0. -1. 0.
0.786 -0.618 0. 146.137 -0.618 -0.786 -0. -38.175 0. 0. -1. 0.
0.811 -0.585 0. 147.393 -0.585 -0.811 -0. -39.115 0. 0. -1. 0.
0.842 -0.539 0. 148.641 -0.539 -0.842 -0. -39.973 0. 0. -1. 0.
0.878 -0.479 0. 149.898 -0.479 -0.878 -0. -40.725 0. 0. -1. 0.
0.914 -0.406 0. 151.153 -0.406 -0.914 -0. -41.346 0. 0. -1. 0.
0.948 -0.319 0. 152.403 -0.319 -0.948 -0. -41.826 0. 0. -1. 0.
0.976 -0.218 0. 153.659 -0.218 -0.976 -0. -42.143 0. 0. -1. 0.
0.994 -0.105 0. 154.903 -0.105 -0.994 -0. -42.299 0. 0. -1. 0.
1.000 0.022 0. 156.113 0.022 -1.000 0. -42.309 0. 0. -1. 0.
0.988 0.157 0. 157.275 0.157 -0.988 0. -42.157 0. 0. -1. 0.
0.952 0.305 0. 158.354 0.305 -0.952 0. -41.844 0. 0. -1. 0.
0.892 0.452 0. 159.345 0.452 -0.892 0. -41.355 0. 0. -1. 0.
0.806 0.592 0. 160.240 0.592 -0.806 0. -40.722 0. 0. -1. 0.
0.694 0.720 0. 161.003 0.720 -0.694 0. -39.972 0. 0. -1. 0.
0.556 0.831 0. 161.583 0.831 -0.556 0. -39.110 0. 0. -1. 0.
0.398 0.917 0. 162.004 0.917 -0.398 0. -38.175 0. 0. -1. 0.
0.227 0.974 0. 162.246 0.974 -0.227 0. -37.175 0. 0. -1. 0.
0.047 0.999 0. 162.310 0.999 -0.047 0. -36.145 0. 0. -1. 0.
-0.137 0.991 0. 162.189 0.991 0.137 0. -35.108 0. 0. -1. 0.
-0.319 0.948 0. 161.874 0.948 0.319 0. -34.090 0. 0. -1. 0.
-0.490 0.872 0. 161.346 0.872 0.490 0. -33.129 0. 0. -1. 0.
-0.642 0.767 0. 160.651 0.767 0.642 0. -32.247 0. 0. -1. 0.
-0.764 0.645 0. 159.772 0.645 0.764 0. -31.480 0. 0. -1. 0.
-0.853 0.522 0. 158.752 0.522 0.853 0. -30.823 0. 0. -1. 0.
-0.911 0.412 0. 157.627 0.412 0.911 0. -30.281 0. 0. -1. 0.
-0.947 0.322 0. 156.414 0.322 0.947 0. -29.863 0. 0. -1. 0.
-0.966 0.257 0. 155.120 0.257 0.966 0. -29.479 0. 0. -1. 0.
-0.978 0.209 0. 153.753 0.209 0.978 0. -29.172 0. 0. -1. 0.
-0.984 0.176 0. 152.347 0.176 0.984 0. -28.861 0. 0. -1. 0.
-0.988 0.154 0. 150.852 0.154 0.988 0. -28.602 0. 0. -1. 0.
-0.989 0.146 0. 149.287 0.146 0.989 0. -28.349 0. 0. -1. 0.
-0.989 0.151 0. 147.695 0.151 0.989 0. -28.099 0. 0. -1. 0.
-0.985 0.172 0. 146.080 0.172 0.985 0. -27.809 0. 0. -1. 0.
-0.979 0.203 0. 144.420 0.203 0.979 0. -27.444 0. 0. -1. 0.
-0.970 0.243 0. 142.776 0.243 0.970 0. -27.008 0. 0. -1. 0.
-0.958 0.288 0. 141.134 0.288 0.958 0. -26.487 0. 0. -1. 0.
-0.941 0.338 0. 139.485 0.338 0.941 0. -25.881 0. 0. -1. 0.
-0.920 0.392 0. 137.845 0.392 0.920 0. -25.168 0. 0. -1. 0.
-0.896 0.444 0. 136.216 0.444 0.896 0. -24.345 0. 0. -1. 0.
-0.868 0.496 0. 134.616 0.496 0.868 0. -23.421 0. 0. -1. 0.
-0.839 0.545 0. 133.034 0.545 0.839 0. -22.387 0. 0. -1. 0.
-0.807 0.591 0. 131.485 0.591 0.807 0. -21.229 0. 0. -1. 0.
-0.772 0.635 0. 129.993 0.635 0.772 0. -19.969 0. 0. -1. 0.
-0.736 0.677 0. 128.532 0.677 0.736 0. -18.617 0. 0. -1. 0.
-0.698 0.716 0. 127.150 0.716 0.698 0. -17.203 0. 0. -1. 0.
-0.659 0.752 0. 125.820 0.752 0.659 0. -15.717 0. 0. -1. 0.
-0.625 0.781 0. 124.558 0.781 0.625 0. -14.106 0. 0. -1. 0.
-0.599 0.801 0. 123.368 0.801 0.599 0. -12.466 0. 0. -1. 0.
-0.576 0.817 0. 122.226 0.817 0.576 0. -10.766 0. 0. -1. 0.
-0.556 0.831 0. 121.097 0.831 0.556 0. -9.009 0. 0. -1. 0.
-0.543 0.840 0. 120.007 0.840 0.543 0. -7.251 0. 0. -1. 0.
-0.535 0.845 0. 118.911 0.845 0.535 0. -5.448 0. 0. -1. 0.
-0.534 0.845 0. 117.817 0.845 0.534 0. -3.618 0. 0. -1. 0.
-0.542 0.841 0. 116.704 0.841 0.542 0. -1.782 0. 0. -1. 0.
-0.555 0.832 0. 115.553 0.832 0.555 0. 0.052 0. 0. -1. 0.
-0.578 0.816 0. 114.375 0.816 0.578 0. 1.862 0. 0. -1. 0.
-0.610 0.793 0. 113.125 0.793 0.610 0. 3.622 0. 0. -1. 0.
-0.646 0.763 0. 111.799 0.763 0.646 0. 5.318 0. 0. -1. 0.
-0.687 0.727 0. 110.394 0.727 0.687 0. 6.951 0. 0. -1. 0.
-0.730 0.683 0. 108.909 0.683 0.730 0. 8.453 0. 0. -1. 0.
-0.773 0.635 0. 107.350 0.635 0.773 0. 9.843 0. 0. -1. 0.
-0.817 0.577 0. 105.694 0.577 0.817 0. 11.141 0. 0. -1. 0.
-0.856 0.516 0. 103.973 0.516 0.856 0. 12.283 0. 0. -1. 0.
-0.892 0.452 0. 102.164 0.452 0.892 0. 13.304 0. 0. -1. 0.
-0.923 0.384 0. 100.269 0.384 0.923 0. 14.193 0. 0. -1. 0.
-0.949 0.314 0. 98.317 0.314 0.949 0. 14.944 0. 0. -1. 0.
-0.970 0.243 0. 96.315 0.243 0.970 0. 15.522 0. 0. -1. 0.
-0.985 0.174 0. 94.281 0.174 0.985 0. 15.977 0. 0. -1. 0.
-0.994 0.109 0. 92.207 0.109 0.994 0. 16.286 0. 0. -1. 0.
-0.999 0.052 0. 90.137 0.052 0.999 0. 16.488 0. 0. -1. 0.
-1. -0.006 0. 88.047 -0.006 1. 0. 16.566 -0. 0. -1. 0.
-0.998 -0.063 0. 85.928 -0.063 0.998 0. 16.496 -0. 0. -1. 0.
-0.993 -0.115 0. 83.818 -0.115 0.993 0. 16.316 -0. 0. -1. 0.
-0.988 -0.157 0. 81.744 -0.157 0.988 0. 16.051 -0. 0. -1. 0.
-0.983 -0.185 0. 79.647 -0.185 0.983 0. 15.707 -0. 0. -1. 0.
-0.979 -0.203 0. 77.549 -0.203 0.979 0. 15.304 -0. 0. -1. 0.
-0.977 -0.214 0. 75.480 -0.214 0.977 0. 14.900 -0. 0. -1. 0.
-0.976 -0.220 0. 73.388 -0.220 0.976 0. 14.475 -0. 0. -1. 0.
-0.975 -0.223 0. 71.303 -0.223 0.975 0. 14.041 -0. 0. -1. 0.
-0.974 -0.225 0. 69.232 -0.225 0.974 0. 13.609 -0. 0. -1. 0.
-0.974 -0.226 0. 67.171 -0.226 0.974 0. 13.180 -0. 0. -1. 0.
-0.974 -0.228 0. 65.154 -0.228 0.974 0. 12.739 -0. 0. -1. 0.
-0.973 -0.231 0. 63.159 -0.231 0.973 0. 12.292 -0. 0. -1. 0.
-0.972 -0.234 0. 61.180 -0.234 0.972 0. 11.862 -0. 0. -1. 0.
-0.971 -0.240 0. 59.225 -0.240 0.971 0. 11.442 -0. 0. -1. 0.
-0.969 -0.246 0. 57.275 -0.246 0.969 0. 11.007 -0. 0. -1. 0.
-0.967 -0.253 0. 55.360 -0.253 0.967 0. 10.568 -0. 0. -1. 0.
-0.964 -0.264 0. 53.466 -0.264 0.964 0. 10.097 -0. 0. -1. 0.
-0.961 -0.277 0. 51.608 -0.277 0.961 0. 9.598 -0. 0. -1. 0.
-0.957 -0.289 0. 49.749 -0.289 0.957 0. 9.086 -0. 0. -1. 0.
-0.953 -0.301 0. 47.913 -0.301 0.953 0. 8.559 -0. 0. -1. 0.
-0.949 -0.316 0. 46.092 -0.316 0.949 0. 8.001 -0. 0. -1. 0.
-0.941 -0.339 0. 44.285 -0.339 0.941 0. 7.427 -0. 0. -1. 0.
-0.934 -0.358 0. 42.530 -0.358 0.934 0. 6.795 -0. 0. -1. 0.
-0.931 -0.366 0. 40.790 -0.366 0.931 0. 6.149 -0. 0. -1. 0.
-0.933 -0.360 0. 39.058 -0.360 0.933 0. 5.486 -0. 0. -1. 0.
-0.941 -0.338 0. 37.373 -0.338 0.941 0. 4.883 -0. 0. -1. 0.
-0.951 -0.309 0. 35.631 -0.309 0.951 0. 4.333 -0. 0. -1. 0.
-0.961 -0.277 0. 33.876 -0.277 0.961 0. 3.865 -0. 0. -1. 0.
-0.969 -0.247 0. 32.137 -0.247 0.969 0. 3.435 -0. 0. -1. 0.
-0.976 -0.220 0. 30.326 -0.220 0.976 0. 3.062 -0. 0. -1. 0.
-0.980 -0.199 0. 28.451 -0.199 0.980 0. 2.716 -0. 0. -1. 0.
-0.984 -0.181 0. 26.598 -0.181 0.984 0. 2.412 -0. 0. -1. 0.
-0.987 -0.163 0. 24.654 -0.163 0.987 0. 2.134 -0. 0. -1. 0.
-0.989 -0.150 0. 22.677 -0.150 0.989 0. 1.878 -0. 0. -1. 0.
-0.990 -0.142 0. 20.666 -0.142 0.990 0. 1.636 -0. 0. -1. 0.
-0.990 -0.138 0. 18.626 -0.138 0.990 0. 1.387 -0. 0. -1. 0.
-0.990 -0.138 0. 16.578 -0.138 0.990 0. 1.134 -0. 0. -1. 0.
-0.990 -0.140 0. 14.501 -0.140 0.990 0. 0.862 -0. 0. -1. 0.
-0.990 -0.140 0. 12.443 -0.140 0.990 0. 0.608 -0. 0. -1. 0.
-0.990 -0.140 0. 10.316 -0.140 0.990 0. 0.332 -0. 0. -1. 0.
-0.991 -0.137 0. 8.212 -0.137 0.991 0. 0.074 -0. 0. -1. 0.
-0.991 -0.134 0. 6.088 -0.134 0.991 0. -0.183 -0. 0. -1. 0.
-0.991 -0.135 0. 3.967 -0.135 0.991 0. -0.428 -0. 0. -1. 0.
-0.990 -0.140 0. 1.807 -0.140 0.990 0. -0.707 -0. 0. -1. 0.
-0.989 -0.145 0. -0.333 -0.145 0.989 0. -0.994 -0. 0. -1. 0.
-0.989 -0.149 0. -2.504 -0.149 0.989 0. -1.284 -0. 0. -1. 0.
-0.988 -0.154 0. -4.672 -0.154 0.988 0. -1.576 -0. 0. -1. 0.
-0.987 -0.160 0. -6.829 -0.160 0.987 0. -1.874 -0. 0. -1. 0.
-0.986 -0.167 0. -9.013 -0.167 0.986 0. -2.186 -0. 0. -1. 0.
-0.984 -0.177 0. -11.203 -0.177 0.984 0. -2.563 -0. 0. -1. 0.
-0.983 -0.183 0. -13.305 -0.183 0.983 0. -2.927 -0. 0. -1. 0.
-0.982 -0.190 0. -15.483 -0.190 0.982 0. -3.285 -0. 0. -1. 0.
-0.980 -0.198 0. -17.617 -0.198 0.980 0. -3.658 -0. 0. -1. 0.
-0.978 -0.208 0. -19.751 -0.208 0.978 0. -4.052 -0. 0. -1. 0.
-0.975 -0.220 0. -21.905 -0.220 0.975 0. -4.468 -0. 0. -1. 0.
-0.973 -0.232 0. -24.044 -0.232 0.973 0. -4.913 -0. 0. -1. 0.
-0.971 -0.241 0. -26.172 -0.241 0.971 0. -5.372 -0. 0. -1. 0.
-0.969 -0.246 0. -28.305 -0.246 0.969 0. -5.876 -0. 0. -1. 0.
-0.969 -0.246 0. -30.443 -0.246 0.969 0. -6.401 -0. 0. -1. 0.
-0.969 -0.246 0. -32.547 -0.246 0.969 0. -6.909 -0. 0. -1. 0.
-0.970 -0.244 0. -34.679 -0.244 0.970 0. -7.414 -0. 0. -1. 0.
-0.971 -0.241 0. -36.774 -0.241 0.971 0. -7.904 -0. 0. -1. 0.
-0.972 -0.236 0. -38.861 -0.236 0.972 0. -8.383 -0. 0. -1. 0.
-0.973 -0.231 0. -40.982 -0.231 0.973 0. -8.860 -0. 0. -1. 0.
-0.974 -0.227 0. -43.028 -0.227 0.974 0. -9.306 -0. 0. -1. 0.
-0.974 -0.225 0. -45.105 -0.225 0.974 0. -9.734 -0. 0. -1. 0.
-0.975 -0.224 0. -47.148 -0.224 0.975 0. -10.153 -0. 0. -1. 0.
-0.975 -0.223 0. -49.148 -0.223 0.975 0. -10.567 -0. 0. -1. 0.
-0.975 -0.221 0. -51.145 -0.221 0.975 0. -10.968 -0. 0. -1. 0.
-0.976 -0.220 0. -53.079 -0.220 0.976 0. -11.353 -0. 0. -1. 0.
-0.976 -0.216 0. -54.958 -0.216 0.976 0. -11.725 -0. 0. -1. 0.
-0.978 -0.208 0. -56.753 -0.208 0.978 0. -12.094 -0. 0. -1. 0.
-0.982 -0.188 0. -58.482 -0.188 0.982 0. -12.399 -0. 0. -1. 0.
-0.987 -0.161 0. -60.123 -0.161 0.987 0. -12.652 -0. 0. -1. 0.
-0.992 -0.123 0. -61.685 -0.123 0.992 0. -12.828 -0. 0. -1. 0.
-0.997 -0.075 0. -63.171 -0.075 0.997 0. -12.918 -0. 0. -1. 0.
-1.000 -0.014 0. -64.562 -0.014 1.000 0. -12.953 -0. 0. -1. 0.
-0.998 0.060 0. -65.844 0.060 0.998 0. -12.871 0. 0. -1. 0.
-0.989 0.147 0. -67.024 0.147 0.989 0. -12.694 0. 0. -1. 0.
-0.970 0.243 0. -68.147 0.243 0.970 0. -12.406 0. 0. -1. 0.
-0.939 0.344 0. -69.195 0.344 0.939 0. -12.014 0. 0. -1. 0.
-0.894 0.448 0. -70.167 0.448 0.894 0. -11.532 0. 0. -1. 0.
-0.834 0.551 0. -71.052 0.551 0.834 0. -10.908 0. 0. -1. 0.
-0.761 0.649 0. -71.854 0.649 0.761 0. -10.214 0. 0. -1. 0.
-0.681 0.733 0. -72.556 0.733 0.681 0. -9.436 0. 0. -1. 0.
-0.603 0.798 0. -73.132 0.798 0.603 0. -8.603 0. 0. -1. 0.
-0.526 0.850 0. -73.636 0.850 0.526 0. -7.759 0. 0. -1. 0.
-0.459 0.888 0. -74.019 0.888 0.459 0. -6.924 0. 0. -1. 0.
-0.407 0.914 0. -74.329 0.914 0.407 0. -6.133 0. 0. -1. 0.
-0.366 0.930 0. -74.577 0.930 0.366 0. -5.404 0. 0. -1. 0.
-0.336 0.942 0. -74.791 0.942 0.336 0. -4.754 0. 0. -1. 0.
-0.314 0.950 0. -74.949 0.950 0.314 0. -4.173 0. 0. -1. 0.
-0.297 0.955 0. -75.083 0.955 0.297 0. -3.669 0. 0. -1. 0.
-0.285 0.959 0. -75.195 0.959 0.285 0. -3.253 0. 0. -1. 0.
-0.278 0.961 0. -75.290 0.961 0.278 0. -2.897 0. 0. -1. 0.
-0.274 0.962 0. -75.365 0.962 0.274 0. -2.587 0. 0. -1. 0.
-0.272 0.962 0. -75.436 0.962 0.272 0. -2.328 0. 0. -1. 0.
-0.271 0.963 0. -75.490 0.963 0.271 0. -2.112 0. 0. -1. 0.
-0.271 0.963 0. -75.536 0.963 0.271 0. -1.936 0. 0. -1. 0.
-0.270 0.963 0. -75.574 0.963 0.270 0. -1.794 0. 0. -1. 0.
-0.270 0.963 0. -75.604 0.963 0.270 0. -1.678 0. 0. -1. 0.
-0.270 0.963 0. -75.629 0.963 0.270 0. -1.587 0. 0. -1. 0.
-0.270 0.963 0. -75.649 0.963 0.270 0. -1.513 0. 0. -1. 0.
-0.270 0.963 0. -75.667 0.963 0.270 0. -1.446 0. 0. -1. 0.
-0.270 0.963 0. -75.684 0.963 0.270 0. -1.383 0. 0. -1. 0.
-0.270 0.963 0. -75.699 0.963 0.270 0. -1.321 0. 0. -1. 0.
-0.270 0.963 0. -75.714 0.963 0.270 0. -1.262 0. 0. -1. 0.
-0.269 0.963 0. -75.730 0.963 0.269 0. -1.204 0. 0. -1. 0.
-0.269 0.963 0. -75.745 0.963 0.269 0. -1.150 0. 0. -1. 0.
-0.269 0.963 0. -75.760 0.963 0.269 0. -1.097 0. 0. -1. 0.
-0.269 0.963 0. -75.774 0.963 0.269 0. -1.048 0. 0. -1. 0.
-0.269 0.963 0. -75.787 0.963 0.269 0. -0.999 0. 0. -1. 0.
-0.269 0.963 0. -75.800 0.963 0.269 0. -0.952 0. 0. -1. 0.
-0.269 0.963 0. -75.812 0.963 0.269 0. -0.904 0. 0. -1. 0.
-0.268 0.963 0. -75.824 0.963 0.268 0. -0.858 0. 0. -1. 0.
-0.268 0.963 0. -75.835 0.963 0.268 0. -0.815 0. 0. -1. 0.
-0.268 0.963 0. -75.846 0.963 0.268 0. -0.776 0. 0. -1. 0.
-0.268 0.963 0. -75.855 0.963 0.268 0. -0.739 0. 0. -1. 0.
-0.268 0.963 0. -75.865 0.963 0.268 0. -0.704 0. 0. -1. 0.
-0.268 0.963 0. -75.878 0.963 0.268 0. -0.657 0. 0. -1. 0.
-0.268 0.964 0. -75.896 0.964 0.268 0. -0.589 0. 0. -1. 0.
-0.267 0.964 0. -75.920 0.964 0.267 0. -0.501 0. 0. -1. 0.
-0.267 0.964 0. -75.949 0.964 0.267 0. -0.396 0. 0. -1. 0.
-0.267 0.964 0. -75.983 0.964 0.267 0. -0.268 0. 0. -1. 0.
-0.267 0.964 0. -76.028 0.964 0.267 0. -0.098 0. 0. -1. 0.
-0.267 0.964 0. -76.089 0.964 0.267 0. 0.140 0. 0. -1. 0.
-0.266 0.964 0. -76.170 0.964 0.266 0. 0.451 0. 0. -1. 0.
-0.265 0.964 0. -76.271 0.964 0.265 0. 0.849 0. 0. -1. 0.
-0.265 0.964 0. -76.396 0.964 0.265 0. 1.339 0. 0. -1. 0.
-0.264 0.964 0. -76.541 0.964 0.264 0. 1.915 0. 0. -1. 0.
-0.263 0.965 0. -76.699 0.965 0.263 0. 2.567 0. 0. -1. 0.
-0.263 0.965 0. -76.880 0.965 0.263 0. 3.294 0. 0. -1. 0.
-0.263 0.965 0. -77.078 0.965 0.263 0. 4.088 0. 0. -1. 0.
-0.263 0.965 0. -77.285 0.965 0.263 0. 4.949 0. 0. -1. 0.
-0.263 0.965 0. -77.512 0.965 0.263 0. 5.874 0. 0. -1. 0.
-0.263 0.965 0. -77.756 0.965 0.263 0. 6.852 0. 0. -1. 0.
-0.264 0.965 0. -78.023 0.965 0.264 0. 7.884 0. 0. -1. 0.
-0.264 0.965 0. -78.281 0.965 0.264 0. 8.945 0. 0. -1. 0.
-0.262 0.965 0. -78.559 0.965 0.262 0. 10.063 0. 0. -1. 0.
-0.259 0.966 0. -78.855 0.966 0.259 0. 11.245 0. 0. -1. 0.
-0.254 0.967 0. -79.139 0.967 0.254 0. 12.461 0. 0. -1. 0.
-0.245 0.969 0. -79.438 0.969 0.245 0. 13.709 0. 0. -1. 0.
-0.230 0.973 0. -79.723 0.973 0.230 0. 15.006 0. 0. -1. 0.
-0.209 0.978 0. -79.991 0.978 0.209 0. 16.344 0. 0. -1. 0.
-0.182 0.983 0. -80.229 0.983 0.182 0. 17.716 0. 0. -1. 0.
-0.153 0.988 0. -80.438 0.988 0.153 0. 19.171 0. 0. -1. 0.
-0.121 0.993 0. -80.606 0.993 0.121 0. 20.673 0. 0. -1. 0.
-0.088 0.996 0. -80.702 0.996 0.088 0. 22.231 0. 0. -1. 0.
-0.062 0.998 0. -80.756 0.998 0.062 0. 23.793 0. 0. -1. 0.
-0.048 0.999 0. -80.793 0.999 0.048 0. 25.353 0. 0. -1. 0.
-0.046 0.999 0. -80.827 0.999 0.046 0. 26.995 0. 0. -1. 0.
-0.056 0.998 0. -80.889 0.998 0.056 0. 28.642 0. 0. -1. 0.
-0.074 0.997 0. -80.939 0.997 0.074 0. 30.285 0. 0. -1. 0.
-0.102 0.995 0. -81.074 0.995 0.102 0. 31.923 0. 0. -1. 0.
-0.129 0.992 0. -81.248 0.992 0.129 0. 33.681 0. 0. -1. 0.
-0.157 0.988 0. -81.495 0.988 0.157 0. 35.434 0. 0. -1. 0.
-0.183 0.983 0. -81.771 0.983 0.183 0. 37.198 0. 0. -1. 0.
-0.206 0.979 0. -82.106 0.979 0.206 0. 38.983 0. 0. -1. 0.
-0.224 0.975 0. -82.475 0.975 0.224 0. 40.769 0. 0. -1. 0.
-0.239 0.971 0. -82.877 0.971 0.239 0. 42.570 0. 0. -1. 0.
-0.253 0.967 0. -83.312 0.967 0.253 0. 44.384 0. 0. -1. 0.
-0.265 0.964 0. -83.774 0.964 0.265 0. 46.190 0. 0. -1. 0.
-0.273 0.962 0. -84.235 0.962 0.273 0. 47.932 0. 0. -1. 0.
-0.275 0.961 0. -84.699 0.961 0.275 0. 49.706 0. 0. -1. 0.
-0.277 0.961 0. -85.150 0.961 0.277 0. 51.452 0. 0. -1. 0.
-0.280 0.960 0. -85.613 0.960 0.280 0. 53.171 0. 0. -1. 0.
-0.284 0.959 0. -86.083 0.959 0.284 0. 54.858 0. 0. -1. 0.
-0.289 0.957 0. -86.540 0.957 0.289 0. 56.530 0. 0. -1. 0.
-0.299 0.954 0. -87.014 0.954 0.299 0. 58.203 0. 0. -1. 0.
-0.313 0.950 0. -87.494 0.950 0.313 0. 59.837 0. 0. -1. 0.
-0.332 0.943 0. -88.031 0.943 0.332 0. 61.444 0. 0. -1. 0.
-0.358 0.934 0. -88.587 0.934 0.358 0. 62.998 0. 0. -1. 0.
-0.401 0.916 0. -89.165 0.916 0.401 0. 64.516 0. 0. -1. 0.
-0.459 0.889 0. -89.883 0.889 0.459 0. 65.956 0. 0. -1. 0.
-0.527 0.850 0. -90.648 0.850 0.527 0. 67.358 0. 0. -1. 0.
-0.603 0.798 0. -91.536 0.798 0.603 0. 68.638 0. 0. -1. 0.
-0.679 0.734 0. -92.506 0.734 0.679 0. 69.808 0. 0. -1. 0.
-0.755 0.655 0. -93.591 0.655 0.755 0. 70.823 0. 0. -1. 0.
-0.820 0.573 0. -94.790 0.573 0.820 0. 71.717 0. 0. -1. 0.
-0.877 0.480 0. -96.039 0.480 0.877 0. 72.454 0. 0. -1. 0.
-0.923 0.384 0. -97.361 0.384 0.923 0. 73.072 0. 0. -1. 0.
-0.959 0.282 0. -98.699 0.282 0.959 0. 73.519 0. 0. -1. 0.
-0.984 0.176 0. -100.091 0.176 0.984 0. 73.812 0. 0. -1. 0.
-0.996 0.086 0. -101.494 0.086 0.996 0. 73.961 0. 0. -1. 0.
-1.000 0.019 0. -102.903 0.019 1.000 0. 74.012 0. 0. -1. 0.
-1.000 -0.025 0. -104.359 -0.025 1.000 0. 74.018 -0. 0. -1. 0.
-0.999 -0.053 0. -105.816 -0.053 0.999 0. 73.966 -0. 0. -1. 0.
-0.998 -0.066 0. -107.317 -0.066 0.998 0. 73.878 -0. 0. -1. 0.
-0.998 -0.063 0. -108.783 -0.063 0.998 0. 73.807 -0. 0. -1. 0.
-0.999 -0.042 0. -110.319 -0.042 0.999 0. 73.744 -0. 0. -1. 0.
-1. -0.009 0. -111.870 -0.009 1. 0. 73.743 -0. 0. -1. 0.
-1.000 0.031 0. -113.437 0.031 1.000 0. 73.807 0. 0. -1. 0.
-0.997 0.078 0. -115.073 0.078 0.997 0. 73.923 0. 0. -1. 0.
-0.991 0.133 0. -116.654 0.133 0.991 0. 74.164 0. 0. -1. 0.
-0.981 0.195 0. -118.269 0.195 0.981 0. 74.503 0. 0. -1. 0.
-0.966 0.260 0. -119.909 0.260 0.966 0. 74.981 0. 0. -1. 0.
-0.947 0.321 0. -121.528 0.321 0.947 0. 75.526 0. 0. -1. 0.
-0.925 0.380 0. -123.153 0.380 0.925 0. 76.190 0. 0. -1. 0.
-0.902 0.432 0. -124.757 0.432 0.902 0. 76.972 0. 0. -1. 0.
-0.883 0.469 0. -126.368 0.469 0.883 0. 77.842 0. 0. -1. 0.
-0.870 0.493 0. -127.999 0.493 0.870 0. 78.797 0. 0. -1. 0.
-0.863 0.506 0. -129.644 0.506 0.863 0. 79.796 0. 0. -1. 0.
-0.860 0.510 0. -131.330 0.510 0.860 0. 80.832 0. 0. -1. 0.
-0.860 0.511 0. -133.041 0.511 0.860 0. 81.883 0. 0. -1. 0.
-0.861 0.509 0. -134.788 0.509 0.861 0. 82.962 0. 0. -1. 0.
-0.861 0.509 0. -136.562 0.509 0.861 0. 84.061 0. 0. -1. 0.
-0.862 0.507 0. -138.360 0.507 0.862 0. 85.179 0. 0. -1. 0.
-0.862 0.506 0. -140.214 0.506 0.862 0. 86.309 0. 0. -1. 0.
-0.862 0.506 0. -142.083 0.506 0.862 0. 87.460 0. 0. -1. 0.
-0.863 0.506 0. -143.951 0.506 0.863 0. 88.614 0. 0. -1. 0.
-0.863 0.505 0. -145.855 0.505 0.863 0. 89.778 0. 0. -1. 0.
-0.864 0.504 0. -147.779 0.504 0.864 0. 90.945 0. 0. -1. 0.
-0.864 0.504 0. -149.710 0.504 0.864 0. 92.123 0. 0. -1. 0.
-0.864 0.504 0. -151.647 0.504 0.864 0. 93.311 0. 0. -1. 0.
-0.864 0.503 0. -153.619 0.503 0.864 0. 94.509 0. 0. -1. 0.
-0.864 0.504 0. -155.622 0.504 0.864 0. 95.723 0. 0. -1. 0.
-0.864 0.504 0. -157.647 0.504 0.864 0. 96.969 0. 0. -1. 0.
-0.863 0.506 0. -159.698 0.506 0.863 0. 98.235 0. 0. -1. 0.
-0.862 0.508 0. -161.755 0.508 0.862 0. 99.501 0. 0. -1. 0.
-0.860 0.509 0. -163.847 0.509 0.860 0. 100.802 0. 0. -1. 0.
-0.859 0.512 0. -165.941 0.512 0.859 0. 102.105 0. 0. -1. 0.
-0.858 0.514 0. -168.038 0.514 0.858 0. 103.422 0. 0. -1. 0.
-0.856 0.517 0. -170.135 0.517 0.856 0. 104.770 0. 0. -1. 0.
-0.855 0.519 0. -172.218 0.519 0.855 0. 106.105 0. 0. -1. 0.
-0.853 0.522 0. -174.326 0.522 0.853 0. 107.426 0. 0. -1. 0.
-0.850 0.527 0. -176.401 0.527 0.850 0. 108.733 0. 0. -1. 0.
-0.844 0.537 0. -178.454 0.537 0.844 0. 110.081 0. 0. -1. 0.
-0.836 0.548 0. -180.486 0.548 0.836 0. 111.459 0. 0. -1. 0.
-0.826 0.564 0. -182.506 0.564 0.826 0. 112.871 0. 0. -1. 0.
-0.811 0.585 0. -184.507 0.585 0.811 0. 114.337 0. 0. -1. 0.
-0.792 0.611 0. -186.455 0.611 0.792 0. 115.873 0. 0. -1. 0.
-0.768 0.640 0. -188.348 0.640 0.768 0. 117.481 0. 0. -1. 0.
-0.740 0.672 0. -190.202 0.672 0.740 0. 119.172 0. 0. -1. 0.
-0.709 0.705 0. -191.967 0.705 0.709 0. 120.943 0. 0. -1. 0.
-0.673 0.740 0. -193.659 0.740 0.673 0. 122.809 0. 0. -1. 0.
-0.632 0.775 0. -195.275 0.775 0.632 0. 124.765 0. 0. -1. 0.
-0.593 0.806 0. -196.777 0.806 0.593 0. 126.800 0. 0. -1. 0.
-0.553 0.833 0. -198.170 0.833 0.553 0. 128.912 0. 0. -1. 0.
-0.513 0.858 0. -199.470 0.858 0.513 0. 131.100 0. 0. -1. 0.
-0.474 0.881 0. -200.658 0.881 0.474 0. 133.340 0. 0. -1. 0.
-0.440 0.898 0. -201.757 0.898 0.440 0. 135.638 0. 0. -1. 0.
-0.412 0.911 0. -202.780 0.911 0.412 0. 137.958 0. 0. -1. 0.
-0.392 0.920 0. -203.752 0.920 0.392 0. 140.311 0. 0. -1. 0.
-0.378 0.926 0. -204.681 0.926 0.378 0. 142.684 0. 0. -1. 0.
-0.371 0.929 0. -205.590 0.929 0.371 0. 145.079 0. 0. -1. 0.
-0.365 0.931 0. -206.481 0.931 0.365 0. 147.468 0. 0. -1. 0.
-0.359 0.933 0. -207.353 0.933 0.359 0. 149.878 0. 0. -1. 0.
-0.355 0.935 0. -208.207 0.935 0.355 0. 152.283 0. 0. -1. 0.
-0.354 0.935 0. -209.057 0.935 0.354 0. 154.687 0. 0. -1. 0.
-0.355 0.935 0. -209.912 0.935 0.355 0. 157.099 0. 0. -1. 0.
-0.360 0.933 0. -210.764 0.933 0.360 0. 159.490 0. 0. -1. 0.
-0.373 0.928 0. -211.634 0.928 0.373 0. 161.873 0. 0. -1. 0.
-0.401 0.916 0. -212.561 0.916 0.401 0. 164.222 0. 0. -1. 0.
-0.436 0.900 0. -213.581 0.900 0.436 0. 166.502 0. 0. -1. 0.
-0.476 0.879 0. -214.681 0.879 0.476 0. 168.740 0. 0. -1. 0.
-0.526 0.851 0. -215.870 0.851 0.526 0. 170.857 0. 0. -1. 0.
-0.578 0.816 0. -217.211 0.816 0.578 0. 172.893 0. 0. -1. 0.
-0.632 0.775 0. -218.601 0.775 0.632 0. 174.812 0. 0. -1. 0.
-0.690 0.723 0. -220.149 0.723 0.690 0. 176.605 0. 0. -1. 0.
-0.746 0.665 0. -221.840 0.665 0.746 0. 178.221 0. 0. -1. 0.
-0.798 0.602 0. -223.594 0.602 0.798 0. 179.675 0. 0. -1. 0.
-0.844 0.536 0. -225.444 0.536 0.844 0. 180.980 0. 0. -1. 0.
-0.886 0.464 0. -227.391 0.464 0.886 0. 182.147 0. 0. -1. 0.
-0.921 0.389 0. -229.414 0.389 0.921 0. 183.130 0. 0. -1. 0.
-0.949 0.315 0. -231.511 0.315 0.949 0. 183.933 0. 0. -1. 0.
-0.970 0.243 0. -233.649 0.243 0.970 0. 184.580 0. 0. -1. 0.
-0.983 0.182 0. -235.877 0.182 0.983 0. 185.097 0. 0. -1. 0.
-0.991 0.132 0. -238.142 0.132 0.991 0. 185.490 0. 0. -1. 0.
-0.996 0.093 0. -240.451 0.093 0.996 0. 185.782 0. 0. -1. 0.
-0.998 0.065 0. -242.790 0.065 0.998 0. 185.984 0. 0. -1. 0.
-0.999 0.045 0. -245.191 0.045 0.999 0. 186.153 0. 0. -1. 0.
-1.000 0.030 0. -247.623 0.030 1.000 0. 186.284 0. 0. -1. 0.
-1.000 0.020 0. -250.112 0.020 1.000 0. 186.393 0. 0. -1. 0.
-1.000 0.014 0. -252.660 0.014 1.000 0. 186.477 0. 0. -1. 0.
-1. 0.014 0. -255.236 0.014 1. 0. 186.554 0. 0. -1. 0.
-1.000 0.015 0. -257.898 0.015 1.000 0. 186.663 0. 0. -1. 0.
-1.000 0.016 0. -260.583 0.016 1.000 0. 186.767 0. 0. -1. 0.
-1.000 0.016 0. -263.355 0.016 1.000 0. 186.859 0. 0. -1. 0.
-1.000 0.016 0. -266.171 0.016 1.000 0. 186.961 0. 0. -1. 0.
-1.000 0.015 0. -268.988 0.015 1.000 0. 187.043 0. 0. -1. 0.
-1.000 0.018 0. -271.823 0.018 1.000 0. 187.150 0. 0. -1. 0.
-1.000 0.017 0. -274.644 0.017 1.000 0. 187.268 0. 0. -1. 0.
-1.000 0.020 0. -277.438 0.020 1.000 0. 187.383 0. 0. -1. 0.
-1.000 0.023 0. -280.236 0.023 1.000 0. 187.511 0. 0. -1. 0.
-1.000 0.028 0. -282.999 0.028 1.000 0. 187.645 0. 0. -1. 0.
-0.999 0.035 0. -285.724 0.035 0.999 0. 187.786 0. 0. -1. 0.
-0.999 0.046 0. -288.386 0.046 0.999 0. 187.955 0. 0. -1. 0.
-0.998 0.060 0. -290.958 0.060 0.998 0. 188.130 0. 0. -1. 0.
-0.997 0.077 0. -293.426 0.077 0.997 0. 188.347 0. 0. -1. 0.
-0.995 0.100 0. -295.777 0.100 0.995 0. 188.604 0. 0. -1. 0.
-0.992 0.129 0. -297.973 0.129 0.992 0. 188.897 0. 0. -1. 0.
-0.987 0.162 0. -300.069 0.162 0.987 0. 189.284 0. 0. -1. 0.
-0.981 0.194 0. -301.977 0.194 0.981 0. 189.677 0. 0. -1. 0.
-0.975 0.221 0. -303.769 0.221 0.975 0. 190.090 0. 0. -1. 0.
-0.970 0.245 0. -305.427 0.245 0.970 0. 190.559 0. 0. -1. 0.
-0.963 0.268 0. -306.935 0.268 0.963 0. 191.027 0. 0. -1. 0.
-0.960 0.281 0. -308.318 0.281 0.960 0. 191.453 0. 0. -1. 0.
-0.951 0.310 0. -309.636 0.310 0.951 0. 191.913 0. 0. -1. 0.
-0.940 0.341 0. -310.847 0.341 0.940 0. 192.317 0. 0. -1. 0.
-0.927 0.376 0. -311.970 0.376 0.927 0. 192.789 0. 0. -1. 0.
-0.909 0.416 0. -313.054 0.416 0.909 0. 193.279 0. 0. -1. 0.
-0.883 0.469 0. -314.085 0.469 0.883 0. 193.801 0. 0. -1. 0.
-0.852 0.524 0. -315.104 0.524 0.852 0. 194.384 0. 0. -1. 0.
-0.808 0.589 0. -315.927 0.589 0.808 0. 195.152 0. 0. -1. 0.
-0.753 0.658 0. -316.705 0.658 0.753 0. 195.802 0. 0. -1. 0.
-0.703 0.711 0. -317.462 0.711 0.703 0. 196.561 0. 0. -1. 0.
-0.624 0.781 0. -318.059 0.781 0.624 0. 197.505 0. 0. -1. 0.
-0.534 0.846 0. -318.722 0.846 0.534 0. 198.471 0. 0. -1. 0.
-0.437 0.899 0. -319.214 0.899 0.437 0. 199.602 0. 0. -1. 0.
-0.349 0.937 0. -319.651 0.937 0.349 0. 200.812 0. 0. -1. 0.
-0.278 0.961 0. -320.013 0.961 0.278 0. 202.138 0. 0. -1. 0.
-0.219 0.976 0. -320.314 0.976 0.219 0. 203.569 0. 0. -1. 0.
-0.166 0.986 0. -320.575 0.986 0.166 0. 205.121 0. 0. -1. 0.
-0.118 0.993 0. -320.748 0.993 0.118 0. 206.788 0. 0. -1. 0.
-0.080 0.997 0. -320.867 0.997 0.080 0. 208.566 0. 0. -1. 0.
-0.050 0.999 0. -320.937 0.999 0.050 0. 210.447 0. 0. -1. 0.
-0.029 1.000 0. -320.956 1.000 0.029 0. 212.412 0. 0. -1. 0.
-0.016 1.000 0. -320.948 1.000 0.016 0. 214.481 0. 0. -1. 0.
-0.008 1. 0. -320.923 1. 0.008 0. 216.613 0. 0. -1. 0.
-0.002 1. 0. -320.885 1. 0.002 0. 218.796 0. 0. -1. 0.
0.002 1. 0. -320.835 1. -0.002 0. 221.029 0. 0. -1. 0.
0.004 1. 0. -320.774 1. -0.004 0. 223.337 0. 0. -1. 0.
0.003 1. 0. -320.707 1. -0.003 0. 225.698 0. 0. -1. 0.
0.001 1. 0. -320.659 1. -0.001 0. 228.126 0. 0. -1. 0.
0.002 1. 0. -320.607 1. -0.002 0. 230.639 0. 0. -1. 0.
0.002 1. 0. -320.544 1. -0.002 0. 233.208 0. 0. -1. 0.
0.002 1. 0. -320.486 1. -0.002 0. 235.850 0. 0. -1. 0.
0.003 1. 0. -320.425 1. -0.003 0. 238.554 0. 0. -1. 0.
0.003 1. 0. -320.361 1. -0.003 0. 241.321 0. 0. -1. 0.
0.004 1. 0. -320.289 1. -0.004 0. 244.151 0. 0. -1. 0.
0.005 1. 0. -320.213 1. -0.005 0. 247.050 0. 0. -1. 0.
0.006 1. 0. -320.131 1. -0.006 0. 250.014 0. 0. -1. 0.
0.006 1. 0. -320.048 1. -0.006 0. 253.038 0. 0. -1. 0.
0.006 1. 0. -319.963 1. -0.006 0. 256.126 0. 0. -1. 0.
0.006 1. 0. -319.881 1. -0.006 0. 259.272 0. 0. -1. 0.
0.007 1. 0. -319.795 1. -0.007 0. 262.485 0. 0. -1. 0.
0.007 1. 0. -319.700 1. -0.007 0. 265.758 0. 0. -1. 0.
0.007 1. 0. -319.608 1. -0.007 0. 269.073 0. 0. -1. 0.
0.007 1. 0. -319.510 1. -0.007 0. 272.441 0. 0. -1. 0.
0.007 1. 0. -319.412 1. -0.007 0. 275.853 0. 0. -1. 0.
0.007 1. 0. -319.313 1. -0.007 0. 279.313 0. 0. -1. 0.
0.008 1. 0. -319.213 1. -0.008 0. 282.798 0. 0. -1. 0.
0.008 1. 0. -319.120 1. -0.008 0. 286.320 0. 0. -1. 0.
0.009 1. 0. -319.016 1. -0.009 0. 289.909 0. 0. -1. 0.
0.009 1. 0. -318.913 1. -0.009 0. 293.497 0. 0. -1. 0.
0.009 1. 0. -318.804 1. -0.009 0. 297.118 0. 0. -1. 0.
0.010 1. 0. -318.690 1. -0.010 0. 300.775 0. 0. -1. 0.
0.010 1. 0. -318.577 1. -0.010 0. 304.456 0. 0. -1. 0.
0.010 1. 0. -318.471 1. -0.010 0. 308.162 0. 0. -1. 0.
0.010 1. 0. -318.352 1. -0.010 0. 311.904 0. 0. -1. 0.
0.010 1. 0. -318.237 1. -0.010 0. 315.659 0. 0. -1. 0.
0.009 1. 0. -318.127 1. -0.009 0. 319.437 0. 0. -1. 0.
0.007 1. 0. -318.005 1. -0.007 0. 323.229 0. 0. -1. 0.
0.006 1. 0. -317.895 1. -0.006 0. 327.040 0. 0. -1. 0.
0.004 1. 0. -317.797 1. -0.004 0. 330.868 0. 0. -1. 0.
0.002 1. 0. -317.706 1. -0.002 0. 334.716 0. 0. -1. 0.
0.001 1. 0. -317.617 1. -0.001 0. 338.606 0. 0. -1. 0.
-0.000 1. 0. -317.537 1. 0.000 0. 342.503 0. 0. -1. 0.
-0.001 1. 0. -317.459 1. 0.001 0. 346.411 0. 0. -1. 0.
-0.001 1. 0. -317.376 1. 0.001 0. 350.332 0. 0. -1. 0.
-0.000 1. 0. -317.301 1. 0.000 0. 354.225 0. 0. -1. 0.
0.000 1. 0. -317.222 1. -0.000 0. 358.134 0. 0. -1. 0.
0.001 1. 0. -317.136 1. -0.001 0. 362.032 0. 0. -1. 0.
0.001 1. 0. -317.048 1. -0.001 0. 365.919 0. 0. -1. 0.
0.001 1. 0. -316.964 1. -0.001 0. 369.789 0. 0. -1. 0.
0.001 1. 0. -316.882 1. -0.001 0. 373.637 0. 0. -1. 0.
0.001 1. 0. -316.799 1. -0.001 0. 377.475 0. 0. -1. 0.
0.002 1. 0. -316.698 1. -0.002 0. 381.311 0. 0. -1. 0.
0.002 1. 0. -316.614 1. -0.002 0. 385.114 0. 0. -1. 0.
0.004 1. 0. -316.532 1. -0.004 0. 388.925 0. 0. -1. 0.
0.005 1. 0. -316.427 1. -0.005 0. 392.728 0. 0. -1. 0.
0.007 1. 0. -316.324 1. -0.007 0. 396.535 0. 0. -1. 0.
0.009 1. 0. -316.214 1. -0.009 0. 400.317 0. 0. -1. 0.
0.011 1. 0. -316.098 1. -0.011 0. 404.113 0. 0. -1. 0.
0.012 1. 0. -315.975 1. -0.012 0. 407.906 0. 0. -1. 0.
0.011 1. 0. -315.843 1. -0.011 0. 411.693 0. 0. -1. 0.
0.009 1. 0. -315.722 1. -0.009 0. 415.492 0. 0. -1. 0.
0.009 1. 0. -315.611 1. -0.009 0. 419.290 0. 0. -1. 0.
0.010 1. 0. -315.498 1. -0.010 0. 423.092 0. 0. -1. 0.
0.011 1. 0. -315.375 1. -0.011 0. 426.896 0. 0. -1. 0.
0.011 1. 0. -315.250 1. -0.011 0. 430.713 0. 0. -1. 0.
0.012 1. 0. -315.134 1. -0.012 0. 434.526 0. 0. -1. 0.
0.012 1. 0. -315.011 1. -0.012 0. 438.348 0. 0. -1. 0.
0.013 1. 0. -314.882 1. -0.013 0. 442.174 0. 0. -1. 0.
0.013 1. 0. -314.745 1. -0.013 0. 446.002 0. 0. -1. 0.
0.014 1. 0. -314.622 1. -0.014 0. 449.827 0. 0. -1. 0.
0.015 1.000 0. -314.494 1.000 -0.015 0. 453.638 0. 0. -1. 0.
0.015 1.000 0. -314.356 1.000 -0.015 0. 457.440 0. 0. -1. 0.
0.016 1.000 0. -314.218 1.000 -0.016 0. 461.231 0. 0. -1. 0.
0.015 1.000 0. -314.080 1.000 -0.015 0. 465.002 0. 0. -1. 0.
0.015 1.000 0. -313.950 1.000 -0.015 0. 468.722 0. 0. -1. 0.
0.014 1.000 0. -313.818 1.000 -0.014 0. 472.422 0. 0. -1. 0.
0.015 1.000 0. -313.696 1.000 -0.015 0. 476.082 0. 0. -1. 0.
0.015 1.000 0. -313.572 1.000 -0.015 0. 479.697 0. 0. -1. 0.
0.013 1. 0. -313.450 1. -0.013 0. 483.267 0. 0. -1. 0.
0.008 1. 0. -313.339 1. -0.008 0. 486.776 0. 0. -1. 0.
0.003 1. 0. -313.250 1. -0.003 0. 490.212 0. 0. -1. 0.
-0.004 1. 0. -313.178 1. 0.004 0. 493.568 0. 0. -1. 0.
-0.013 1. 0. -313.138 1. 0.013 0. 496.844 0. 0. -1. 0.
-0.022 1.000 0. -313.125 1.000 0.022 0. 500.040 0. 0. -1. 0.
-0.028 1.000 0. -313.147 1.000 0.028 0. 503.149 0. 0. -1. 0.
-0.034 0.999 0. -313.189 0.999 0.034 0. 506.137 0. 0. -1. 0.
-0.039 0.999 0. -313.235 0.999 0.039 0. 509.040 0. 0. -1. 0.
-0.049 0.999 0. -313.298 0.999 0.049 0. 511.849 0. 0. -1. 0.
-0.061 0.998 0. -313.397 0.998 0.061 0. 514.600 0. 0. -1. 0.
-0.072 0.997 0. -313.523 0.997 0.072 0. 517.274 0. 0. -1. 0.
-0.082 0.997 0. -313.676 0.997 0.082 0. 519.868 0. 0. -1. 0.
-0.089 0.996 0. -313.847 0.996 0.089 0. 522.370 0. 0. -1. 0.
-0.096 0.995 0. -314.024 0.995 0.096 0. 524.783 0. 0. -1. 0.
-0.101 0.995 0. -314.211 0.995 0.101 0. 527.093 0. 0. -1. 0.
-0.103 0.995 0. -314.396 0.995 0.103 0. 529.288 0. 0. -1. 0.
-0.102 0.995 0. -314.565 0.995 0.102 0. 531.389 0. 0. -1. 0.
-0.103 0.995 0. -314.726 0.995 0.103 0. 533.379 0. 0. -1. 0.
-0.105 0.995 0. -314.886 0.995 0.105 0. 535.240 0. 0. -1. 0.
-0.107 0.994 0. -315.039 0.994 0.107 0. 536.969 0. 0. -1. 0.
-0.110 0.994 0. -315.181 0.994 0.110 0. 538.563 0. 0. -1. 0.
-0.116 0.993 0. -315.318 0.993 0.116 0. 540.021 0. 0. -1. 0.
-0.120 0.993 0. -315.454 0.993 0.120 0. 541.350 0. 0. -1. 0.
-0.124 0.992 0. -315.579 0.992 0.124 0. 542.532 0. 0. -1. 0.
-0.124 0.992 0. -315.692 0.992 0.124 0. 543.572 0. 0. -1. 0.
-0.123 0.992 0. -315.784 0.992 0.123 0. 544.476 0. 0. -1. 0.
-0.123 0.992 0. -315.864 0.992 0.123 0. 545.248 0. 0. -1. 0.
-0.122 0.993 0. -315.927 0.993 0.122 0. 545.886 0. 0. -1. 0.
-0.121 0.993 0. -315.980 0.993 0.121 0. 546.391 0. 0. -1. 0.
-0.121 0.993 0. -316.018 0.993 0.121 0. 546.777 0. 0. -1. 0.
-0.121 0.993 0. -316.046 0.993 0.121 0. 547.072 0. 0. -1. 0.
-0.121 0.993 0. -316.069 0.993 0.121 0. 547.295 0. 0. -1. 0.
-0.121 0.993 0. -316.084 0.993 0.121 0. 547.451 0. 0. -1. 0.
-0.121 0.993 0. -316.095 0.993 0.121 0. 547.556 0. 0. -1. 0.
-0.121 0.993 0. -316.101 0.993 0.121 0. 547.614 0. 0. -1. 0.
-0.121 0.993 0. -316.101 0.993 0.121 0. 547.625 0. 0. -1. 0.
-0.121 0.993 0. -316.101 0.993 0.121 0. 547.624 0. 0. -1. 0.
-0.121 0.993 0. -316.102 0.993 0.121 0. 547.624 0. 0. -1. 0.
-0.121 0.993 0. -316.102 0.993 0.121 0. 547.624 0. 0. -1. 0.
-0.121 0.993 0. -316.102 0.993 0.121 0. 547.624 0. 0. -1. 0.
-0.121 0.993 0. -316.102 0.993 0.121 0. 547.624 0. 0. -1. 0.
-0.121 0.993 0. -316.102 0.993 0.121 0. 547.624 0. 0. -1. 0.
-0.121 0.993 0. -316.102 0.993 0.121 0. 547.624 0. 0. -1. 0.
-0.121 0.993 0. -316.102 0.993 0.121 0. 547.624 0. 0. -1. 0.
-0.121 0.993 0. -316.102 0.993 0.121 0. 547.624 0. 0. -1. 0.
-0.121 0.993 0. -316.102 0.993 0.121 0. 547.624 0. 0. -1. 0.
-0.121 0.993 0. -316.102 0.993 0.121 0. 547.624 0. 0. -1. 0.
-0.121 0.993 0. -316.102 0.993 0.121 0. 547.624 0. 0. -1. 0.
-0.121 0.993 0. -316.102 0.993 0.121 0. 547.624 0. 0. -1. 0.
-0.121 0.993 0. -316.102 0.993 0.121 0. 547.625 0. 0. -1. 0.
-0.121 0.993 0. -316.102 0.993 0.121 0. 547.625 0. 0. -1. 0.
-0.121 0.993 0. -316.102 0.993 0.121 0. 547.625 0. 0. -1. 0.
-0.121 0.993 0. -316.102 0.993 0.121 0. 547.625 0. 0. -1. 0.
-0.121 0.993 0. -316.102 0.993 0.121 0. 547.625 0. 0. -1. 0.
-0.121 0.993 0. -316.102 0.993 0.121 0. 547.625 0. 0. -1. 0.
-0.121 0.993 0. -316.102 0.993 0.121 0. 547.625 0. 0. -1. 0.
-0.121 0.993 0. -316.102 0.993 0.121 0. 547.625 0. 0. -1. 0.
-0.121 0.993 0. -316.102 0.993 0.121 0. 547.625 0. 0. -1. 0.
-0.121 0.993 0. -316.102 0.993 0.121 0. 547.625 0. 0. -1. 0.
-0.121 0.993 0. -316.102 0.993 0.121 0. 547.625 0. 0. -1. 0.
-0.121 0.993 0. -316.102 0.993 0.121 0. 547.625 0. 0. -1. 0.
-0.121 0.993 0. -316.102 0.993 0.121 0. 547.625 0. 0. -1. 0.
-0.121 0.993 0. -316.102 0.993 0.121 0. 547.625 0. 0. -1. 0.
-0.121 0.993 0. -316.102 0.993 0.121 0. 547.625 0. 0. -1. 0.
-0.121 0.993 0. -316.102 0.993 0.121 0. 547.625 0. 0. -1. 0.
-0.121 0.993 0. -316.102 0.993 0.121 0. 547.625 0. 0. -1. 0.
-0.121 0.993 0. -316.102 0.993 0.121 0. 547.625 0. 0. -1. 0.
