1. 0. 0. 0. 0. -1. -0. 0. 0. 0. -1. 0.
1. -0. -0. -0.001 -0. -1. -0. -0.001 0. 0. -1. 0.
1. -0. -0. -0.002 -0. -1. -0. 0.002 0. 0. -1. 0.
1. -0. -0. 0.005 -0. -1. -0. -0.003 0. 0. -1. 0.
1. 0. 0. -0.002 0. -1. -0. 0.003 0. 0. -1. 0.
1. -0.000 -0. 0.002 -0.000 -1. -0. -0.001 0. 0. -1. 0.
1. -0.000 -0. 0.000 -0.000 -1. -0. -0. 0. 0. -1. 0.
1. -0. -0. -0.002 -0. -1. -0. -0.002 0. 0. -1. 0.
1. -0. -0. -0.005 -0. -1. -0. -0.002 0. 0. -1. 0.
1. -0. -0. -0.002 -0. -1. -0. -0.001 0. 0. -1. 0.
1. 0. 0. -0.003 0. -1. -0. 0.000 0. 0. -1. 0.
1. 0. 0. -0.003 0. -1. -0. 0.004 0. 0. -1. 0.
1. 0.000 0. 0.001 0.000 -1. -0. -0.002 0. 0. -1. 0.
1. 0.000 0. -0.000 0.000 -1. -0. 0.001 0. 0. -1. 0.
1. -0. -0. -0.002 -0. -1. -0. 0. 0. 0. -1. 0.
1. 0.000 0. -0.000 0.000 -1. -0. -0.002 0. 0. -1. 0.
1. 0.000 0. 0.019 0.000 -1. -0. -0.003 0. 0. -1. 0.
1. -0.001 -0. 0.076 -0.001 -1. -0. -0.015 0. 0. -1. 0.
1. -0.002 -0. 0.168 -0.002 -1. -0. -0.035 0. 0. -1. 0.
1. -0.005 -0. 0.270 -0.005 -1. -0. 0.001 0. 0. -1. 0.
1.000 -0.016 -0. 0.402 -0.016 -1.000 -0. -0.069 0. 0. -1. 0.
1.000 -0.030 -0. 0.649 -0.030 -1.000 -0. -0.009 0. 0. -1. 0.
0.999 -0.046 -0. 0.924 -0.046 -0.999 -0. -0.048 0. 0. -1. 0.
0.998 -0.065 -0. 1.320 -0.065 -0.998 -0. -0.073 0. 0. -1. 0.
0.996 -0.089 -0. 1.749 -0.089 -0.996 -0. -0.194 0. 0. -1. 0.
0.994 -0.111 -0. 2.265 -0.111 -0.994 -0. -0.209 0. 0. -1. 0.
0.992 -0.130 -0. 2.862 -0.130 -0.992 -0. -0.347 0. 0. -1. 0.
0.990 -0.142 -0. 3.513 -0.142 -0.990 -0. -0.449 0. 0. -1. 0.
0.990 -0.144 -0. 4.259 -0.144 -0.990 -0. -0.540 0. 0. -1. 0.
0.991 -0.137 -0. 5.129 -0.137 -0.991 -0. -0.720 0. 0. -1. 0.
0.993 -0.122 -0. 6.025 -0.122 -0.993 -0. -0.844 0. 0. -1. 0.
0.994 -0.107 -0. 6.953 -0.107 -0.994 -0. -0.907 0. 0. -1. 0.
0.996 -0.094 -0. 7.955 -0.094 -0.996 -0. -1.046 0. 0. -1. 0.
0.996 -0.085 -0. 9.047 -0.085 -0.996 -0. -1.125 0. 0. -1. 0.
0.997 -0.077 -0. 10.198 -0.077 -0.997 -0. -1.237 0. 0. -1. 0.
0.998 -0.069 -0. 11.332 -0.069 -0.998 -0. -1.300 0. 0. -1. 0.
0.998 -0.068 -0. 12.512 -0.068 -0.998 -0. -1.464 0. 0. -1. 0.
0.998 -0.067 -0. 13.769 -0.067 -0.998 -0. -1.506 0. 0. -1. 0.
0.998 -0.069 -0. 15.034 -0.069 -0.998 -0. -1.571 0. 0. -1. 0.
0.997 -0.072 -0. 16.338 -0.072 -0.997 -0. -1.767 0. 0. -1. 0.
0.997 -0.073 -0. 17.745 -0.073 -0.997 -0. -1.837 0. 0. -1. 0.
0.997 -0.072 -0. 19.199 -0.072 -0.997 -0. -2.005 0. 0. -1. 0.
0.998 -0.069 -0. 20.791 -0.069 -0.998 -0. -2.098 0. 0. -1. 0.
0.998 -0.062 -0. 22.378 -0.062 -0.998 -0. -2.252 0. 0. -1. 0.
0.998 -0.055 -0. 24.033 -0.055 -0.998 -0. -2.409 0. 0. -1. 0.
0.999 -0.048 -0. 25.749 -0.048 -0.999 -0. -2.490 0. 0. -1. 0.
0.999 -0.039 -0. 27.429 -0.039 -0.999 -0. -2.633 0. 0. -1. 0.
1.000 -0.030 -0. 29.156 -0.030 -1.000 -0. -2.666 0. 0. -1. 0.
1.000 -0.027 -0. 30.896 -0.027 -1.000 -0. -2.775 0. 0. -1. 0.
1.000 -0.017 -0. 32.596 -0.017 -1.000 -0. -2.850 0. 0. -1. 0.
1.000 -0.014 -0. 34.384 -0.014 -1.000 -0. -2.926 0. 0. -1. 0.
1. -0.010 -0. 36.147 -0.010 -1. -0. -2.903 0. 0. -1. 0.
1. -0.009 -0. 37.946 -0.009 -1. -0. -2.962 0. 0. -1. 0.
1. -0.008 -0. 39.765 -0.008 -1. -0. -3.056 0. 0. -1. 0.
1. -0.003 -0. 41.674 -0.003 -1. -0. -3.041 0. 0. -1. 0.
1. 0.011 0. 43.564 0.011 -1. -0. -3.002 0. 0. -1. 0.
1.000 0.027 0. 45.551 0.027 -1.000 -0. -3.007 0. 0. -1. 0.
0.999 0.042 0. 47.531 0.042 -0.999 -0. -2.984 0. 0. -1. 0.
0.998 0.056 0. 49.631 0.056 -0.998 -0. -2.908 0. 0. -1. 0.
0.998 0.061 0. 51.674 0.061 -0.998 -0. -2.701 0. 0. -1. 0.
0.998 0.067 0. 53.767 0.067 -0.998 -0. -2.591 0. 0. -1. 0.
0.997 0.073 0. 55.854 0.073 -0.997 -0. -2.519 0. 0. -1. 0.
0.997 0.079 0. 57.980 0.079 -0.997 -0. -2.398 0. 0. -1. 0.
0.997 0.079 0. 60.089 0.079 -0.997 -0. -2.298 0. 0. -1. 0.
0.996 0.085 0. 62.164 0.085 -0.996 -0. -2.143 0. 0. -1. 0.
0.996 0.089 0. 64.261 0.089 -0.996 -0. -1.921 0. 0. -1. 0.
0.996 0.089 0. 66.346 0.089 -0.996 -0. -1.739 0. 0. -1. 0.
0.996 0.088 0. 68.391 0.088 -0.996 -0. -1.619 0. 0. -1. 0.
0.996 0.088 0. 70.504 0.088 -0.996 -0. -1.405 0. 0. -1. 0.
0.997 0.081 0. 72.531 0.081 -0.997 -0. -1.189 0. 0. -1. 0.
0.997 0.071 0. 74.583 0.071 -0.997 -0. -1.071 0. 0. -1. 0.
0.999 0.054 0. 76.631 0.054 -0.999 -0. -0.979 0. 0. -1. 0.
1.000 0.030 0. 78.689 0.030 -1.000 -0. -0.946 0. 0. -1. 0.
1. 0.006 0. 80.701 0.006 -1. -0. -0.965 0. 0. -1. 0.
1.000 -0.023 -0. 82.724 -0.023 -1.000 -0. -1.012 0. 0. -1. 0.
0.998 -0.059 -0. 84.745 -0.059 -0.998 -0. -1.151 0. 0. -1. 0.
0.995 -0.096 -0. 86.723 -0.096 -0.995 -0. -1.330 0. 0. -1. 0.
0.990 -0.139 -0. 88.741 -0.139 -0.990 -0. -1.588 0. 0. -1. 0.
0.981 -0.195 -0. 90.683 -0.195 -0.981 -0. -1.921 0. 0. -1. 0.
0.968 -0.252 -0. 92.559 -0.252 -0.968 -0. -2.456 0. 0. -1. 0.
0.952 -0.306 -0. 94.398 -0.306 -0.952 -0. -3.025 0. 0. -1. 0.
0.934 -0.357 -0. 96.264 -0.357 -0.934 -0. -3.679 0. 0. -1. 0.
0.913 -0.407 -0. 98.027 -0.407 -0.913 -0. -4.493 0. 0. -1. 0.
0.889 -0.457 -0. 99.711 -0.457 -0.889 -0. -5.290 0. 0. -1. 0.
0.859 -0.512 -0. 101.411 -0.512 -0.859 -0. -6.298 0. 0. -1. 0.
0.821 -0.570 -0. 103.082 -0.570 -0.821 -0. -7.357 0. 0. -1. 0.
0.774 -0.634 -0. 104.517 -0.634 -0.774 -0. -8.574 0. 0. -1. 0.
0.719 -0.695 -0. 105.825 -0.695 -0.719 -0. -9.823 0. 0. -1. 0.
0.660 -0.751 -0. 107.026 -0.751 -0.660 -0. -11.242 0. 0. -1. 0.
0.601 -0.799 -0. 108.118 -0.799 -0.601 -0. -12.654 0. 0. -1. 0.
0.549 -0.836 -0. 109.099 -0.836 -0.549 -0. -14.075 0. 0. -1. 0.
0.499 -0.867 -0. 109.961 -0.867 -0.499 -0. -15.637 0. 0. -1. 0.
0.459 -0.888 -0. 110.738 -0.888 -0.459 -0. -17.306 0. 0. -1. 0.
0.434 -0.901 -0. 111.558 -0.901 -0.434 -0. -19.030 0. 0. -1. 0.
0.420 -0.908 -0. 112.294 -0.908 -0.420 -0. -20.814 0. 0. -1. 0.
0.413 -0.911 -0. 113.180 -0.911 -0.413 -0. -22.562 0. 0. -1. 0.
0.408 -0.913 -0. 113.908 -0.913 -0.408 -0. -24.374 0. 0. -1. 0.
0.406 -0.914 -0. 114.800 -0.914 -0.406 -0. -26.206 0. 0. -1. 0.
0.411 -0.912 -0. 115.611 -0.912 -0.411 -0. -28.047 0. 0. -1. 0.
0.414 -0.910 -0. 116.429 -0.910 -0.414 -0. -29.844 0. 0. -1. 0.
0.421 -0.907 -0. 117.272 -0.907 -0.421 -0. -31.731 0. 0. -1. 0.
0.429 -0.903 -0. 118.081 -0.903 -0.429 -0. -33.552 0. 0. -1. 0.
0.438 -0.899 -0. 118.955 -0.899 -0.438 -0. -35.342 0. 0. -1. 0.
0.448 -0.894 -0. 119.765 -0.894 -0.448 -0. -37.102 0. 0. -1. 0.
0.459 -0.888 -0. 120.631 -0.888 -0.459 -0. -38.817 0. 0. -1. 0.
0.472 -0.882 -0. 121.500 -0.882 -0.472 -0. -40.562 0. 0. -1. 0.
0.488 -0.873 -0. 122.346 -0.873 -0.488 -0. -42.216 0. 0. -1. 0.
0.507 -0.862 -0. 123.267 -0.862 -0.507 -0. -43.860 0. 0. -1. 0.
0.530 -0.848 -0. 124.291 -0.848 -0.530 -0. -45.518 0. 0. -1. 0.
0.558 -0.830 -0. 125.244 -0.830 -0.558 -0. -47.055 0. 0. -1. 0.
0.588 -0.809 -0. 126.242 -0.809 -0.588 -0. -48.577 0. 0. -1. 0.
0.617 -0.787 -0. 127.436 -0.787 -0.617 -0. -50.070 0. 0. -1. 0.
0.643 -0.766 -0. 128.584 -0.766 -0.643 -0. -51.542 0. 0. -1. 0.
0.668 -0.744 -0. 129.739 -0.744 -0.668 -0. -52.920 0. 0. -1. 0.
0.690 -0.724 -0. 131.173 -0.724 -0.690 -0. -54.324 0. 0. -1. 0.
0.706 -0.708 -0. 132.402 -0.708 -0.706 -0. -55.677 0. 0. -1. 0.
0.711 -0.703 -0. 133.757 -0.703 -0.711 -0. -56.975 0. 0. -1. 0.
0.705 -0.709 -0. 135.054 -0.709 -0.705 -0. -58.358 0. 0. -1. 0.
0.692 -0.722 -0. 136.221 -0.722 -0.692 -0. -59.564 0. 0. -1. 0.
0.674 -0.739 -0. 137.286 -0.739 -0.674 -0. -60.748 0. 0. -1. 0.
0.660 -0.751 -0. 138.295 -0.751 -0.660 -0. -61.810 0. 0. -1. 0.
0.656 -0.755 -0. 139.315 -0.755 -0.656 -0. -62.899 0. 0. -1. 0.
0.674 -0.739 -0. 140.133 -0.739 -0.674 -0. -64.004 0. 0. -1. 0.
0.713 -0.701 -0. 141.075 -0.701 -0.713 -0. -64.857 0. 0. -1. 0.
0.767 -0.641 -0. 142.034 -0.641 -0.767 -0. -65.710 0. 0. -1. 0.
0.828 -0.561 -0. 142.996 -0.561 -0.828 -0. -66.407 0. 0. -1. 0.
0.888 -0.459 -0. 143.958 -0.459 -0.888 -0. -66.981 0. 0. -1. 0.
0.943 -0.333 -0. 145.019 -0.333 -0.943 -0. -67.363 0. 0. -1. 0.
0.984 -0.181 -0. 146.035 -0.181 -0.984 -0. -67.542 0. 0. -1. 0.
1. -0.008 -0. 147.057 -0.008 -1. -0. -67.615 0. 0. -1. 0.
0.985 0.175 0. 148.044 0.175 -0.985 -0. -67.373 0. 0. -1. 0.
0.933 0.359 0. 148.898 0.359 -0.933 -0. -67.007 0. 0. -1. 0.
0.842 0.540 0. 149.716 0.540 -0.842 -0. -66.476 0. 0. -1. 0.
0.716 0.698 0. 150.320 0.698 -0.716 -0. -65.843 0. 0. -1. 0.
0.559 0.829 0. 150.793 0.829 -0.559 -0. -65.023 0. 0. -1. 0.
0.381 0.925 0. 151.074 0.925 -0.381 -0. -64.220 0. 0. -1. 0.
0.190 0.982 0. 151.201 0.982 -0.190 -0. -63.308 0. 0. -1. 0.
-0.020 1.000 0. 151.211 1.000 0.020 0. -62.425 0. 0. -1. 0.
-0.230 0.973 0. 150.912 0.973 0.230 0. -61.496 0. 0. -1. 0.
-0.440 0.898 0. 150.431 0.898 0.440 0. -60.583 0. 0. -1. 0.
-0.623 0.782 0. 149.719 0.782 0.623 0. -59.750 0. 0. -1. 0.
-0.768 0.641 0. 148.760 0.641 0.768 0. -58.972 0. 0. -1. 0.
-0.867 0.499 0. 147.716 0.499 0.867 0. -58.347 0. 0. -1. 0.
-0.928 0.373 0. 146.424 0.373 0.928 0. -57.897 0. 0. -1. 0.
-0.958 0.285 0. 145.024 0.285 0.958 0. -57.610 0. 0. -1. 0.
-0.970 0.244 0. 143.568 0.244 0.970 0. -57.263 0. 0. -1. 0.
-0.969 0.246 0. 142.075 0.246 0.969 0. -56.851 0. 0. -1. 0.
-0.958 0.286 0. 140.594 0.286 0.958 0. -56.503 0. 0. -1. 0.
-0.938 0.345 0. 139.221 0.345 0.938 0. -55.930 0. 0. -1. 0.
-0.915 0.404 0. 137.714 0.404 0.915 0. -55.338 0. 0. -1. 0.
-0.889 0.459 0. 136.359 0.459 0.889 0. -54.613 0. 0. -1. 0.
-0.861 0.509 0. 134.921 0.509 0.861 0. -53.748 0. 0. -1. 0.
-0.830 0.558 0. 133.493 0.558 0.830 0. -52.752 0. 0. -1. 0.
-0.797 0.604 0. 132.076 0.604 0.797 0. -51.659 0. 0. -1. 0.
-0.766 0.643 0. 130.708 0.643 0.766 0. -50.485 0. 0. -1. 0.
-0.731 0.682 0. 129.318 0.682 0.731 0. -49.188 0. 0. -1. 0.
-0.695 0.719 0. 127.974 0.719 0.695 0. -47.799 0. 0. -1. 0.
-0.657 0.754 0. 126.643 0.754 0.657 0. -46.252 0. 0. -1. 0.
-0.616 0.788 0. 125.453 0.788 0.616 0. -44.661 0. 0. -1. 0.
-0.573 0.820 0. 124.245 0.820 0.573 0. -42.953 0. 0. -1. 0.
-0.531 0.847 0. 123.186 0.847 0.531 0. -41.328 0. 0. -1. 0.
-0.488 0.873 0. 122.200 0.873 0.488 0. -39.563 0. 0. -1. 0.
-0.455 0.891 0. 121.264 0.891 0.455 0. -37.709 0. 0. -1. 0.
-0.425 0.905 0. 120.497 0.905 0.425 0. -35.942 0. 0. -1. 0.
-0.403 0.915 0. 119.693 0.915 0.403 0. -34.096 0. 0. -1. 0.
-0.389 0.921 0. 118.895 0.921 0.389 0. -32.224 0. 0. -1. 0.
-0.376 0.927 0. 118.153 0.927 0.376 0. -30.368 0. 0. -1. 0.
-0.367 0.930 0. 117.407 0.930 0.367 0. -28.514 0. 0. -1. 0.
-0.362 0.932 0. 116.842 0.932 0.362 0. -26.604 0. 0. -1. 0.
-0.367 0.930 0. 115.989 0.930 0.367 0. -24.741 0. 0. -1. 0.
-0.374 0.927 0. 115.334 0.927 0.374 0. -22.897 0. 0. -1. 0.
-0.390 0.921 0. 114.489 0.921 0.390 0. -21.070 0. 0. -1. 0.
-0.419 0.908 0. 113.783 0.908 0.419 0. -19.200 0. 0. -1. 0.
-0.453 0.891 0. 112.921 0.891 0.453 0. -17.377 0. 0. -1. 0.
-0.494 0.869 0. 112.080 0.869 0.494 0. -15.616 0. 0. -1. 0.
-0.541 0.841 0. 111.016 0.841 0.541 0. -13.887 0. 0. -1. 0.
-0.589 0.808 0. 109.890 0.808 0.589 0. -12.336 0. 0. -1. 0.
-0.640 0.769 0. 108.743 0.769 0.640 0. -10.834 0. 0. -1. 0.
-0.695 0.719 0. 107.465 0.719 0.695 0. -9.363 0. 0. -1. 0.
-0.749 0.662 0. 106.042 0.662 0.749 0. -7.980 0. 0. -1. 0.
-0.797 0.604 0. 104.426 0.604 0.797 0. -6.651 0. 0. -1. 0.
-0.841 0.541 0. 102.816 0.541 0.841 0. -5.572 0. 0. -1. 0.
-0.877 0.480 0. 101.001 0.480 0.877 0. -4.515 0. 0. -1. 0.
-0.910 0.415 0. 99.134 0.415 0.910 0. -3.691 0. 0. -1. 0.
-0.936 0.352 0. 97.288 0.352 0.936 0. -2.853 0. 0. -1. 0.
-0.956 0.293 0. 95.321 0.293 0.956 0. -2.239 0. 0. -1. 0.
-0.973 0.230 0. 93.371 0.230 0.973 0. -1.789 0. 0. -1. 0.
-0.985 0.173 0. 91.261 0.173 0.985 0. -1.409 0. 0. -1. 0.
-0.993 0.117 0. 89.218 0.117 0.993 0. -1.098 0. 0. -1. 0.
-0.997 0.074 0. 87.137 0.074 0.997 0. -0.944 0. 0. -1. 0.
-1.000 0.031 0. 85.043 0.031 1.000 0. -0.853 0. 0. -1. 0.
-1. -0.001 -0. 82.889 -0.001 1. 0. -0.859 0. 0. -1. 0.
-1.000 -0.023 -0. 80.748 -0.023 1.000 0. -0.899 0. 0. -1. 0.
-0.999 -0.035 -0. 78.627 -0.035 0.999 0. -1.026 0. 0. -1. 0.
-0.999 -0.045 -0. 76.452 -0.045 0.999 0. -1.116 0. 0. -1. 0.
-0.999 -0.050 -0. 74.253 -0.050 0.999 0. -1.203 0. 0. -1. 0.
-0.999 -0.051 -0. 72.059 -0.051 0.999 0. -1.273 0. 0. -1. 0.
-0.999 -0.051 -0. 69.893 -0.051 0.999 0. -1.323 0. 0. -1. 0.
-0.999 -0.047 -0. 67.713 -0.047 0.999 0. -1.445 0. 0. -1. 0.
-0.999 -0.048 -0. 65.561 -0.048 0.999 0. -1.502 0. 0. -1. 0.
-0.999 -0.047 -0. 63.402 -0.047 0.999 0. -1.577 0. 0. -1. 0.
-0.999 -0.046 -0. 61.276 -0.046 0.999 0. -1.663 0. 0. -1. 0.
-0.999 -0.044 -0. 59.126 -0.044 0.999 0. -1.698 0. 0. -1. 0.
-0.999 -0.043 -0. 56.996 -0.043 0.999 0. -1.747 0. 0. -1. 0.
-0.999 -0.046 -0. 54.929 -0.046 0.999 0. -1.852 0. 0. -1. 0.
-0.999 -0.048 -0. 52.832 -0.048 0.999 0. -1.940 0. 0. -1. 0.
-0.999 -0.050 -0. 50.737 -0.050 0.999 0. -1.940 0. 0. -1. 0.
-0.999 -0.052 -0. 48.711 -0.052 0.999 0. -2.082 0. 0. -1. 0.
-0.999 -0.054 -0. 46.663 -0.054 0.999 0. -2.152 0. 0. -1. 0.
-0.998 -0.058 -0. 44.676 -0.058 0.998 0. -2.268 0. 0. -1. 0.
-0.999 -0.049 -0. 42.665 -0.049 0.999 0. -2.435 0. 0. -1. 0.
-0.999 -0.037 -0. 40.660 -0.037 0.999 0. -2.384 0. 0. -1. 0.
-1.000 -0.021 -0. 38.699 -0.021 1.000 0. -2.490 0. 0. -1. 0.
-1. -0.008 -0. 36.734 -0.008 1. 0. -2.401 0. 0. -1. 0.
-1. 0.002 0. 34.744 0.002 1. 0. -2.383 0. 0. -1. 0.
-1. 0.014 0. 32.821 0.014 1. 0. -2.321 0. 0. -1. 0.
-1.000 0.023 0. 30.842 0.023 1.000 0. -2.278 0. 0. -1. 0.
-1.000 0.030 0. 28.926 0.030 1.000 0. -2.085 0. 0. -1. 0.
-0.999 0.037 0. 26.931 0.037 0.999 0. -2.060 0. 0. -1. 0.
-0.999 0.039 0. 25.025 0.039 0.999 0. -1.939 0. 0. -1. 0.
-0.999 0.043 0. 23.091 0.043 0.999 0. -1.888 0. 0. -1. 0.
-0.999 0.044 0. 21.146 0.044 0.999 0. -1.767 0. 0. -1. 0.
-0.999 0.045 0. 19.201 0.045 0.999 0. -1.611 0. 0. -1. 0.
-0.999 0.046 0. 17.245 0.046 0.999 0. -1.566 0. 0. -1. 0.
-0.999 0.047 0. 15.363 0.047 0.999 0. -1.496 0. 0. -1. 0.
-0.999 0.052 0. 13.418 0.052 0.999 0. -1.395 0. 0. -1. 0.
-0.998 0.055 0. 11.481 0.055 0.998 0. -1.283 0. 0. -1. 0.
-0.998 0.060 0. 9.572 0.060 0.998 0. -1.153 0. 0. -1. 0.
-0.998 0.063 0. 7.666 0.063 0.998 0. -0.989 0. 0. -1. 0.
-0.998 0.065 0. 5.766 0.065 0.998 0. -0.875 0. 0. -1. 0.
-0.998 0.069 0. 3.865 0.069 0.998 0. -0.667 0. 0. -1. 0.
-0.998 0.069 0. 1.966 0.069 0.998 0. -0.496 0. 0. -1. 0.
-0.998 0.067 0. 0.061 0.067 0.998 0. -0.362 0. 0. -1. 0.
-0.998 0.062 0. -1.813 0.062 0.998 0. -0.170 0. 0. -1. 0.
-0.998 0.057 0. -3.707 0.057 0.998 0. -0.095 0. 0. -1. 0.
-0.999 0.053 0. -5.576 0.053 0.999 0. 0.086 0. 0. -1. 0.
-0.999 0.046 0. -7.516 0.046 0.999 0. 0.233 0. 0. -1. 0.
-0.999 0.043 0. -9.408 0.043 0.999 0. 0.249 0. 0. -1. 0.
-0.999 0.037 0. -11.281 0.037 0.999 0. 0.484 0. 0. -1. 0.
-0.999 0.036 0. -13.211 0.036 0.999 0. 0.509 0. 0. -1. 0.
-0.999 0.035 0. -15.041 0.035 0.999 0. 0.594 0. 0. -1. 0.
-1.000 0.031 0. -16.951 0.031 1.000 0. 0.628 0. 0. -1. 0.
-1.000 0.023 0. -18.863 0.023 1.000 0. 0.793 0. 0. -1. 0.
-1.000 0.016 0. -20.772 0.016 1.000 0. 0.784 0. 0. -1. 0.
-1. 0.010 0. -22.650 0.010 1. 0. 0.813 0. 0. -1. 0.
-1. 0.001 0. -24.609 0.001 1. 0. 0.853 0. 0. -1. 0.
-1. -0.005 -0. -26.463 -0.005 1. 0. 0.864 0. 0. -1. 0.
-1. -0.007 -0. -28.520 -0.007 1. 0. 0.796 0. 0. -1. 0.
-1. -0.007 -0. -30.425 -0.007 1. 0. 0.840 0. 0. -1. 0.
-1. -0.005 -0. -32.489 -0.005 1. 0. 0.808 0. 0. -1. 0.
-1. -0.007 -0. -34.537 -0.007 1. 0. 0.803 0. 0. -1. 0.
-1. -0.007 -0. -36.625 -0.007 1. 0. 0.776 0. 0. -1. 0.
-1. -0.007 -0. -38.756 -0.007 1. 0. 0.849 0. 0. -1. 0.
-1. -0.008 -0. -40.930 -0.008 1. 0. 0.834 0. 0. -1. 0.
-1. -0.011 -0. -43.004 -0.011 1. 0. 0.782 0. 0. -1. 0.
-1.000 -0.017 -0. -45.187 -0.017 1.000 0. 0.809 0. 0. -1. 0.
-1.000 -0.023 -0. -47.249 -0.023 1.000 0. 0.759 0. 0. -1. 0.
-1.000 -0.028 -0. -49.327 -0.028 1.000 0. 0.715 0. 0. -1. 0.
-0.999 -0.033 -0. -51.389 -0.033 0.999 0. 0.700 0. 0. -1. 0.
-0.999 -0.039 -0. -53.422 -0.039 0.999 0. 0.573 0. 0. -1. 0.
-0.999 -0.040 -0. -55.363 -0.040 0.999 0. 0.430 0. 0. -1. 0.
-0.999 -0.036 -0. -57.200 -0.036 0.999 0. 0.464 0. 0. -1. 0.
-1.000 -0.024 -0. -58.988 -0.024 1.000 0. 0.404 0. 0. -1. 0.
-1. -0.001 -0. -60.585 -0.001 1. 0. 0.418 0. 0. -1. 0.
-0.999 0.032 0. -62.153 0.032 0.999 0. 0.460 0. 0. -1. 0.
-0.996 0.084 0. -63.594 0.084 0.996 0. 0.611 0. 0. -1. 0.
-0.989 0.148 0. -64.881 0.148 0.989 0. 0.793 0. 0. -1. 0.
-0.973 0.231 0. -66.023 0.231 0.973 0. 1.192 0. 0. -1. 0.
-0.946 0.323 0. -67.090 0.323 0.946 0. 1.460 0. 0. -1. 0.
-0.903 0.431 0. -68.059 0.431 0.903 0. 2.000 0. 0. -1. 0.
-0.840 0.542 0. -68.883 0.542 0.840 0. 2.547 0. 0. -1. 0.
-0.757 0.653 0. -69.682 0.653 0.757 0. 3.219 0. 0. -1. 0.
-0.661 0.751 0. -70.267 0.751 0.661 0. 4.024 0. 0. -1. 0.
-0.559 0.829 0. -70.844 0.829 0.559 0. 4.863 0. 0. -1. 0.
-0.458 0.889 0. -71.309 0.889 0.458 0. 5.769 0. 0. -1. 0.
-0.360 0.933 0. -71.688 0.933 0.360 0. 6.798 0. 0. -1. 0.
-0.273 0.962 0. -71.997 0.962 0.273 0. 7.856 0. 0. -1. 0.
-0.206 0.979 0. -72.239 0.979 0.206 0. 9.009 0. 0. -1. 0.
-0.163 0.987 0. -72.419 0.987 0.163 0. 10.309 0. 0. -1. 0.
-0.140 0.990 0. -72.490 0.990 0.140 0. 11.669 0. 0. -1. 0.
-0.117 0.993 0. -72.603 0.993 0.117 0. 13.174 0. 0. -1. 0.
-0.099 0.995 0. -72.702 0.995 0.099 0. 14.708 0. 0. -1. 0.
-0.081 0.997 0. -72.739 0.997 0.081 0. 16.297 0. 0. -1. 0.
-0.063 0.998 0. -72.999 0.998 0.063 0. 18.001 0. 0. -1. 0.
-0.053 0.999 0. -72.964 0.999 0.053 0. 19.699 0. 0. -1. 0.
-0.042 0.999 0. -72.999 0.999 0.042 0. 21.471 0. 0. -1. 0.
-0.029 1.000 0. -73.077 1.000 0.029 0. 23.211 0. 0. -1. 0.
-0.024 1.000 0. -73.094 1.000 0.024 0. 25.012 0. 0. -1. 0.
-0.012 1. 0. -73.100 1. 0.012 0. 26.859 0. 0. -1. 0.
0.002 1. 0. -73.030 1. -0.002 -0. 28.758 0. 0. -1. 0.
0.017 1.000 0. -72.999 1.000 -0.017 -0. 30.637 0. 0. -1. 0.
0.040 0.999 0. -72.898 0.999 -0.040 -0. 32.507 0. 0. -1. 0.
0.061 0.998 0. -72.745 0.998 -0.061 -0. 34.409 0. 0. -1. 0.
0.083 0.997 0. -72.551 0.997 -0.083 -0. 36.326 0. 0. -1. 0.
0.100 0.995 0. -72.323 0.995 -0.100 -0. 38.182 0. 0. -1. 0.
0.098 0.995 0. -72.023 0.995 -0.098 -0. 40.003 0. 0. -1. 0.
0.093 0.996 0. -71.865 0.996 -0.093 -0. 41.902 0. 0. -1. 0.
0.078 0.997 0. -71.609 0.997 -0.078 -0. 43.810 0. 0. -1. 0.
0.061 0.998 0. -71.503 0.998 -0.061 -0. 45.780 0. 0. -1. 0.
0.049 0.999 0. -71.450 0.999 -0.049 -0. 47.701 0. 0. -1. 0.
0.036 0.999 0. -71.330 0.999 -0.036 -0. 49.716 0. 0. -1. 0.
0.023 1.000 0. -71.193 1.000 -0.023 -0. 51.852 0. 0. -1. 0.
0.018 1.000 0. -71.159 1.000 -0.018 -0. 53.918 0. 0. -1. 0.
0.007 1. 0. -71.155 1. -0.007 -0. 56.061 0. 0. -1. 0.
0.005 1. 0. -71.062 1. -0.005 -0. 58.187 0. 0. -1. 0.
-0.003 1. 0. -71.071 1. 0.003 0. 60.231 0. 0. -1. 0.
-0.007 1. 0. -71.032 1. 0.007 0. 62.372 0. 0. -1. 0.
-0.015 1.000 0. -71.065 1.000 0.015 0. 64.348 0. 0. -1. 0.
-0.019 1.000 0. -71.134 1.000 0.019 0. 66.390 0. 0. -1. 0.
-0.029 1.000 0. -71.129 1.000 0.029 0. 68.410 0. 0. -1. 0.
-0.034 0.999 0. -71.151 0.999 0.034 0. 70.378 0. 0. -1. 0.
-0.042 0.999 0. -71.285 0.999 0.042 0. 72.335 0. 0. -1. 0.
-0.048 0.999 0. -71.232 0.999 0.048 0. 74.135 0. 0. -1. 0.
-0.063 0.998 0. -71.366 0.998 0.063 0. 75.964 0. 0. -1. 0.
-0.085 0.996 0. -71.467 0.996 0.085 0. 77.736 0. 0. -1. 0.
-0.120 0.993 0. -71.623 0.993 0.120 0. 79.425 0. 0. -1. 0.
-0.172 0.985 0. -71.904 0.985 0.172 0. 81.065 0. 0. -1. 0.
-0.234 0.972 0. -72.201 0.972 0.234 0. 82.657 0. 0. -1. 0.
-0.311 0.950 0. -72.700 0.950 0.311 0. 84.211 0. 0. -1. 0.
-0.385 0.923 0. -73.235 0.923 0.385 0. 85.654 0. 0. -1. 0.
-0.466 0.885 0. -73.883 0.885 0.466 0. 87.088 0. 0. -1. 0.
-0.550 0.835 0. -74.753 0.835 0.550 0. 88.347 0. 0. -1. 0.
-0.629 0.777 0. -75.628 0.777 0.629 0. 89.573 0. 0. -1. 0.
-0.702 0.712 0. -76.670 0.712 0.702 0. 90.682 0. 0. -1. 0.
-0.774 0.633 0. -77.799 0.633 0.774 0. 91.676 0. 0. -1. 0.
-0.834 0.551 0. -79.120 0.551 0.834 0. 92.570 0. 0. -1. 0.
-0.887 0.461 0. -80.470 0.461 0.887 0. 93.312 0. 0. -1. 0.
-0.927 0.375 0. -81.959 0.375 0.927 0. 93.853 0. 0. -1. 0.
-0.954 0.301 0. -83.444 0.301 0.954 0. 94.359 0. 0. -1. 0.
-0.973 0.229 0. -84.986 0.229 0.973 0. 94.761 0. 0. -1. 0.
-0.983 0.182 0. -86.674 0.182 0.983 0. 95.020 0. 0. -1. 0.
-0.987 0.160 0. -88.301 0.160 0.987 0. 95.270 0. 0. -1. 0.
-0.987 0.160 0. -89.897 0.160 0.987 0. 95.610 0. 0. -1. 0.
-0.983 0.182 0. -91.583 0.182 0.983 0. 95.944 0. 0. -1. 0.
-0.977 0.211 0. -93.310 0.211 0.977 0. 96.238 0. 0. -1. 0.
-0.966 0.257 0. -94.920 0.257 0.966 0. 96.718 0. 0. -1. 0.
-0.952 0.306 0. -96.557 0.306 0.952 0. 97.303 0. 0. -1. 0.
-0.933 0.361 0. -98.202 0.361 0.933 0. 97.929 0. 0. -1. 0.
-0.908 0.418 0. -99.798 0.418 0.908 0. 98.692 0. 0. -1. 0.
-0.881 0.473 0. -101.360 0.473 0.881 0. 99.512 0. 0. -1. 0.
-0.850 0.527 0. -102.885 0.527 0.850 0. 100.466 0. 0. -1. 0.
-0.820 0.572 0. -104.389 0.572 0.820 0. 101.523 0. 0. -1. 0.
-0.796 0.605 0. -105.904 0.605 0.796 0. 102.597 0. 0. -1. 0.
-0.780 0.626 0. -107.366 0.626 0.780 0. 103.824 0. 0. -1. 0.
-0.766 0.643 0. -108.830 0.643 0.766 0. 105.089 0. 0. -1. 0.
-0.760 0.650 0. -110.273 0.650 0.760 0. 106.366 0. 0. -1. 0.
-0.755 0.656 0. -111.818 0.656 0.755 0. 107.755 0. 0. -1. 0.
-0.750 0.662 0. -113.354 0.662 0.750 0. 109.050 0. 0. -1. 0.
-0.744 0.668 0. -114.923 0.668 0.744 0. 110.489 0. 0. -1. 0.
-0.737 0.676 0. -116.436 0.676 0.737 0. 111.930 0. 0. -1. 0.
-0.733 0.680 0. -118.031 0.680 0.733 0. 113.494 0. 0. -1. 0.
-0.729 0.685 0. -119.626 0.685 0.729 0. 114.989 0. 0. -1. 0.
-0.725 0.689 0. -121.214 0.689 0.725 0. 116.541 0. 0. -1. 0.
-0.721 0.693 0. -122.892 0.693 0.721 0. 118.159 0. 0. -1. 0.
-0.715 0.699 0. -124.557 0.699 0.715 0. 119.723 0. 0. -1. 0.
-0.714 0.700 0. -126.264 0.700 0.714 0. 121.379 0. 0. -1. 0.
-0.715 0.699 0. -127.926 0.699 0.715 0. 123.082 0. 0. -1. 0.
-0.717 0.698 0. -129.641 0.698 0.717 0. 124.771 0. 0. -1. 0.
-0.716 0.698 0. -131.268 0.698 0.716 0. 126.594 0. 0. -1. 0.
-0.717 0.697 0. -133.063 0.697 0.717 0. 128.247 0. 0. -1. 0.
-0.715 0.699 0. -134.836 0.699 0.715 0. 130.065 0. 0. -1. 0.
-0.715 0.699 0. -136.540 0.699 0.715 0. 131.891 0. 0. -1. 0.
-0.716 0.699 0. -138.365 0.699 0.716 0. 133.677 0. 0. -1. 0.
-0.714 0.700 0. -140.139 0.700 0.714 0. 135.454 0. 0. -1. 0.
-0.713 0.701 0. -141.913 0.701 0.713 0. 137.228 0. 0. -1. 0.
-0.713 0.701 0. -143.631 0.701 0.713 0. 139.138 0. 0. -1. 0.
-0.713 0.701 0. -145.434 0.701 0.713 0. 140.891 0. 0. -1. 0.
-0.709 0.706 0. -147.292 0.706 0.709 0. 142.675 0. 0. -1. 0.
-0.699 0.715 0. -149.052 0.715 0.699 0. 144.503 0. 0. -1. 0.
-0.687 0.727 0. -150.873 0.727 0.687 0. 146.330 0. 0. -1. 0.
-0.677 0.736 0. -152.588 0.736 0.677 0. 148.196 0. 0. -1. 0.
-0.662 0.749 0. -154.198 0.749 0.662 0. 150.208 0. 0. -1. 0.
-0.644 0.765 0. -155.872 0.765 0.644 0. 152.164 0. 0. -1. 0.
-0.620 0.785 0. -157.342 0.785 0.620 0. 154.215 0. 0. -1. 0.
-0.593 0.805 0. -158.831 0.805 0.593 0. 156.242 0. 0. -1. 0.
-0.561 0.828 0. -160.230 0.828 0.561 0. 158.389 0. 0. -1. 0.
-0.526 0.850 0. -161.546 0.850 0.526 0. 160.553 0. 0. -1. 0.
-0.483 0.876 0. -162.851 0.876 0.483 0. 162.763 0. 0. -1. 0.
-0.440 0.898 0. -163.950 0.898 0.440 0. 165.030 0. 0. -1. 0.
-0.394 0.919 0. -164.952 0.919 0.394 0. 167.308 0. 0. -1. 0.
-0.347 0.938 0. -165.793 0.938 0.347 0. 169.631 0. 0. -1. 0.
-0.303 0.953 0. -166.505 0.953 0.303 0. 171.983 0. 0. -1. 0.
-0.258 0.966 0. -167.098 0.966 0.258 0. 174.368 0. 0. -1. 0.
-0.221 0.975 0. -167.806 0.975 0.221 0. 176.690 0. 0. -1. 0.
-0.188 0.982 0. -168.086 0.982 0.188 0. 179.100 0. 0. -1. 0.
-0.166 0.986 0. -168.617 0.986 0.166 0. 181.469 0. 0. -1. 0.
-0.153 0.988 0. -168.896 0.988 0.153 0. 183.874 0. 0. -1. 0.
-0.142 0.990 0. -169.212 0.990 0.142 0. 186.291 0. 0. -1. 0.
-0.138 0.990 0. -169.506 0.990 0.138 0. 188.703 0. 0. -1. 0.
-0.129 0.992 0. -169.686 0.992 0.129 0. 191.137 0. 0. -1. 0.
-0.127 0.992 0. -169.959 0.992 0.127 0. 193.510 0. 0. -1. 0.
-0.132 0.991 0. -170.220 0.991 0.132 0. 195.939 0. 0. -1. 0.
-0.143 0.990 0. -170.515 0.990 0.143 0. 198.328 0. 0. -1. 0.
-0.158 0.988 0. -170.789 0.988 0.158 0. 200.746 0. 0. -1. 0.
-0.175 0.985 0. -171.199 0.985 0.175 0. 203.074 0. 0. -1. 0.
-0.196 0.981 0. -171.608 0.981 0.196 0. 205.363 0. 0. -1. 0.
-0.224 0.975 0. -172.116 0.975 0.224 0. 207.672 0. 0. -1. 0.
-0.254 0.967 0. -172.757 0.967 0.254 0. 209.925 0. 0. -1. 0.
-0.287 0.958 0. -173.334 0.958 0.287 0. 212.120 0. 0. -1. 0.
-0.325 0.946 0. -174.077 0.946 0.325 0. 214.279 0. 0. -1. 0.
-0.375 0.927 0. -174.628 0.927 0.375 0. 216.351 0. 0. -1. 0.
-0.435 0.900 0. -175.578 0.900 0.435 0. 218.347 0. 0. -1. 0.
-0.502 0.865 0. -176.606 0.865 0.502 0. 220.163 0. 0. -1. 0.
-0.575 0.818 0. -177.815 0.818 0.575 0. 221.960 0. 0. -1. 0.
-0.646 0.763 0. -179.207 0.763 0.646 0. 223.560 0. 0. -1. 0.
-0.714 0.700 0. -180.724 0.700 0.714 0. 225.035 0. 0. -1. 0.
-0.772 0.635 0. -182.319 0.635 0.772 0. 226.385 0. 0. -1. 0.
-0.826 0.564 0. -184.053 0.564 0.826 0. 227.628 0. 0. -1. 0.
-0.870 0.492 0. -185.975 0.492 0.870 0. 228.683 0. 0. -1. 0.
-0.906 0.422 0. -187.777 0.422 0.906 0. 229.621 0. 0. -1. 0.
-0.932 0.363 0. -189.763 0.363 0.932 0. 230.452 0. 0. -1. 0.
-0.950 0.312 0. -191.800 0.312 0.950 0. 231.163 0. 0. -1. 0.
-0.962 0.274 0. -193.871 0.274 0.962 0. 231.813 0. 0. -1. 0.
-0.968 0.249 0. -195.986 0.249 0.968 0. 232.465 0. 0. -1. 0.
-0.972 0.235 0. -198.116 0.235 0.972 0. 233.028 0. 0. -1. 0.
-0.974 0.227 0. -200.231 0.227 0.974 0. 233.557 0. 0. -1. 0.
-0.975 0.224 0. -202.354 0.224 0.975 0. 234.033 0. 0. -1. 0.
-0.974 0.227 0. -204.533 0.227 0.974 0. 234.590 0. 0. -1. 0.
-0.973 0.230 0. -206.654 0.230 0.973 0. 235.173 0. 0. -1. 0.
-0.973 0.229 0. -208.772 0.229 0.973 0. 235.696 0. 0. -1. 0.
-0.974 0.227 0. -210.918 0.227 0.974 0. 236.206 0. 0. -1. 0.
-0.974 0.224 0. -213.111 0.224 0.974 0. 236.670 0. 0. -1. 0.
-0.975 0.223 0. -215.185 0.223 0.975 0. 237.177 0. 0. -1. 0.
-0.975 0.220 0. -217.292 0.220 0.975 0. 237.673 0. 0. -1. 0.
-0.975 0.221 0. -219.411 0.221 0.975 0. 238.174 0. 0. -1. 0.
-0.974 0.224 0. -221.454 0.224 0.974 0. 238.663 0. 0. -1. 0.
-0.972 0.236 0. -223.587 0.236 0.972 0. 239.105 0. 0. -1. 0.
-0.968 0.250 0. -225.465 0.250 0.968 0. 239.660 0. 0. -1. 0.
-0.964 0.265 0. -227.412 0.265 0.964 0. 240.261 0. 0. -1. 0.
-0.961 0.277 0. -229.393 0.277 0.961 0. 240.856 0. 0. -1. 0.
-0.958 0.285 0. -231.331 0.285 0.958 0. 241.458 0. 0. -1. 0.
-0.957 0.291 0. -233.289 0.291 0.957 0. 242.063 0. 0. -1. 0.
-0.954 0.298 0. -235.193 0.298 0.954 0. 242.684 0. 0. -1. 0.
-0.952 0.305 0. -237.070 0.305 0.952 0. 243.302 0. 0. -1. 0.
-0.949 0.314 0. -238.954 0.314 0.949 0. 243.940 0. 0. -1. 0.
-0.946 0.325 0. -240.818 0.325 0.946 0. 244.581 0. 0. -1. 0.
-0.941 0.339 0. -242.612 0.339 0.941 0. 245.233 0. 0. -1. 0.
-0.935 0.356 0. -244.369 0.356 0.935 0. 245.940 0. 0. -1. 0.
-0.929 0.370 0. -246.071 0.370 0.929 0. 246.667 0. 0. -1. 0.
-0.925 0.380 0. -247.762 0.380 0.925 0. 247.392 0. 0. -1. 0.
-0.921 0.391 0. -249.293 0.391 0.921 0. 248.105 0. 0. -1. 0.
-0.917 0.399 0. -250.782 0.399 0.917 0. 248.703 0. 0. -1. 0.
-0.913 0.408 0. -252.166 0.408 0.913 0. 249.351 0. 0. -1. 0.
-0.911 0.412 0. -253.406 0.412 0.911 0. 249.946 0. 0. -1. 0.
-0.909 0.416 0. -254.550 0.416 0.909 0. 250.502 0. 0. -1. 0.
-0.908 0.419 0. -255.472 0.419 0.908 0. 250.928 0. 0. -1. 0.
-0.905 0.426 0. -256.409 0.426 0.905 0. 251.473 0. 0. -1. 0.
-0.902 0.432 0. -257.123 0.432 0.902 0. 251.805 0. 0. -1. 0.
-0.898 0.440 0. -257.835 0.440 0.898 0. 252.245 0. 0. -1. 0.
-0.895 0.446 0. -258.425 0.446 0.895 0. 252.507 0. 0. -1. 0.
-0.893 0.450 0. -258.956 0.450 0.893 0. 252.777 0. 0. -1. 0.
-0.890 0.456 0. -259.407 0.456 0.890 0. 253.067 0. 0. -1. 0.
-0.888 0.460 0. -259.815 0.460 0.888 0. 253.215 0. 0. -1. 0.
-0.886 0.463 0. -260.074 0.463 0.886 0. 253.387 0. 0. -1. 0.
-0.885 0.466 0. -260.334 0.466 0.885 0. 253.524 0. 0. -1. 0.
-0.883 0.469 0. -260.588 0.469 0.883 0. 253.634 0. 0. -1. 0.
-0.883 0.470 0. -260.799 0.470 0.883 0. 253.756 0. 0. -1. 0.
-0.882 0.472 0. -260.982 0.472 0.882 0. 253.894 0. 0. -1. 0.
-0.881 0.473 0. -261.180 0.473 0.881 0. 253.943 0. 0. -1. 0.
-0.880 0.475 0. -261.376 0.475 0.880 0. 254.049 0. 0. -1. 0.
-0.879 0.477 0. -261.536 0.477 0.879 0. 254.132 0. 0. -1. 0.
-0.878 0.479 0. -261.671 0.479 0.878 0. 254.244 0. 0. -1. 0.
-0.877 0.480 0. -261.812 0.480 0.877 0. 254.309 0. 0. -1. 0.
-0.876 0.482 0. -261.976 0.482 0.876 0. 254.360 0. 0. -1. 0.
-0.876 0.483 0. -262.136 0.483 0.876 0. 254.447 0. 0. -1. 0.
-0.875 0.484 0. -262.336 0.484 0.875 0. 254.553 0. 0. -1. 0.
-0.874 0.486 0. -262.560 0.486 0.874 0. 254.718 0. 0. -1. 0.
-0.869 0.495 0. -262.864 0.495 0.869 0. 254.892 0. 0. -1. 0.
-0.861 0.509 0. -263.225 0.509 0.861 0. 255.115 0. 0. -1. 0.
-0.847 0.532 0. -263.684 0.532 0.847 0. 255.392 0. 0. -1. 0.
-0.822 0.570 0. -264.181 0.570 0.822 0. 255.888 0. 0. -1. 0.
-0.782 0.623 0. -264.710 0.623 0.782 0. 256.176 0. 0. -1. 0.
-0.728 0.685 0. -265.256 0.685 0.728 0. 256.701 0. 0. -1. 0.
-0.650 0.760 0. -265.801 0.760 0.650 0. 257.421 0. 0. -1. 0.
-0.561 0.828 0. -266.151 0.828 0.561 0. 258.166 0. 0. -1. 0.
-0.464 0.886 0. -266.666 0.886 0.464 0. 259.008 0. 0. -1. 0.
-0.375 0.927 0. -266.909 0.927 0.375 0. 260.006 0. 0. -1. 0.
-0.294 0.956 0. -267.140 0.956 0.294 0. 261.048 0. 0. -1. 0.
-0.223 0.975 0. -267.431 0.975 0.223 0. 262.198 0. 0. -1. 0.
-0.160 0.987 0. -267.625 0.987 0.160 0. 263.452 0. 0. -1. 0.
-0.094 0.996 0. -267.674 0.996 0.094 0. 264.805 0. 0. -1. 0.
-0.030 1.000 0. -267.698 1.000 0.030 0. 266.272 0. 0. -1. 0.
0.027 1.000 0. -267.658 1.000 -0.027 -0. 267.802 0. 0. -1. 0.
0.073 0.997 0. -267.528 0.997 -0.073 -0. 269.520 0. 0. -1. 0.
0.111 0.994 0. -267.341 0.994 -0.111 -0. 271.375 0. 0. -1. 0.
0.140 0.990 0. -267.023 0.990 -0.140 -0. 273.358 0. 0. -1. 0.
0.161 0.987 0. -266.642 0.987 -0.161 -0. 275.407 0. 0. -1. 0.
0.177 0.984 0. -266.222 0.984 -0.177 -0. 277.605 0. 0. -1. 0.
0.190 0.982 0. -265.763 0.982 -0.190 -0. 279.912 0. 0. -1. 0.
0.199 0.980 0. -265.271 0.980 -0.199 -0. 282.252 0. 0. -1. 0.
0.204 0.979 0. -264.706 0.979 -0.204 -0. 284.795 0. 0. -1. 0.
0.209 0.978 0. -264.141 0.978 -0.209 -0. 287.391 0. 0. -1. 0.
0.216 0.976 0. -263.479 0.976 -0.216 -0. 290.074 0. 0. -1. 0.
0.221 0.975 0. -262.843 0.975 -0.221 -0. 292.832 0. 0. -1. 0.
0.222 0.975 0. -262.143 0.975 -0.222 -0. 295.582 0. 0. -1. 0.
0.223 0.975 0. -261.449 0.975 -0.223 -0. 298.452 0. 0. -1. 0.
0.221 0.975 0. -260.739 0.975 -0.221 -0. 301.384 0. 0. -1. 0.
0.220 0.976 0. -260.039 0.976 -0.220 -0. 304.428 0. 0. -1. 0.
0.217 0.976 0. -259.289 0.976 -0.217 -0. 307.486 0. 0. -1. 0.
0.219 0.976 0. -258.566 0.976 -0.219 -0. 310.687 0. 0. -1. 0.
0.219 0.976 0. -257.816 0.976 -0.219 -0. 313.925 0. 0. -1. 0.
0.221 0.975 0. -256.995 0.975 -0.221 -0. 317.265 0. 0. -1. 0.
0.221 0.975 0. -256.172 0.975 -0.221 -0. 320.667 0. 0. -1. 0.
0.221 0.975 0. -255.304 0.975 -0.221 -0. 324.135 0. 0. -1. 0.
0.222 0.975 0. -254.524 0.975 -0.222 -0. 327.667 0. 0. -1. 0.
0.222 0.975 0. -253.610 0.975 -0.222 -0. 331.259 0. 0. -1. 0.
0.221 0.975 0. -252.806 0.975 -0.221 -0. 334.861 0. 0. -1. 0.
0.221 0.975 0. -251.974 0.975 -0.221 -0. 338.456 0. 0. -1. 0.
0.223 0.975 0. -251.103 0.975 -0.223 -0. 342.053 0. 0. -1. 0.
0.225 0.974 0. -250.179 0.974 -0.225 -0. 345.741 0. 0. -1. 0.
0.225 0.974 0. -249.296 0.974 -0.225 -0. 349.445 0. 0. -1. 0.
0.229 0.974 0. -248.385 0.974 -0.229 -0. 353.076 0. 0. -1. 0.
0.229 0.973 0. -247.475 0.973 -0.229 -0. 356.734 0. 0. -1. 0.
0.228 0.974 0. -246.520 0.974 -0.228 -0. 360.395 0. 0. -1. 0.
0.228 0.974 0. -245.715 0.974 -0.228 -0. 363.988 0. 0. -1. 0.
0.226 0.974 0. -244.793 0.974 -0.226 -0. 367.599 0. 0. -1. 0.
0.222 0.975 0. -243.995 0.975 -0.222 -0. 371.180 0. 0. -1. 0.
0.221 0.975 0. -243.117 0.975 -0.221 -0. 374.772 0. 0. -1. 0.
0.219 0.976 0. -242.275 0.976 -0.219 -0. 378.310 0. 0. -1. 0.
0.218 0.976 0. -241.454 0.976 -0.218 -0. 381.825 0. 0. -1. 0.
0.220 0.976 0. -240.633 0.976 -0.220 -0. 385.310 0. 0. -1. 0.
0.217 0.976 0. -239.765 0.976 -0.217 -0. 388.755 0. 0. -1. 0.
0.214 0.977 0. -238.974 0.977 -0.214 -0. 392.163 0. 0. -1. 0.
0.211 0.978 0. -238.217 0.978 -0.211 -0. 395.597 0. 0. -1. 0.
0.209 0.978 0. -237.492 0.978 -0.209 -0. 398.973 0. 0. -1. 0.
0.208 0.978 0. -236.673 0.978 -0.208 -0. 402.330 0. 0. -1. 0.
0.209 0.978 0. -235.942 0.978 -0.209 -0. 405.668 0. 0. -1. 0.
0.207 0.978 0. -235.211 0.978 -0.207 -0. 409.038 0. 0. -1. 0.
0.211 0.977 0. -234.468 0.977 -0.211 -0. 412.368 0. 0. -1. 0.
0.213 0.977 0. -233.672 0.977 -0.213 -0. 415.708 0. 0. -1. 0.
0.218 0.976 0. -232.919 0.976 -0.218 -0. 419.056 0. 0. -1. 0.
0.219 0.976 0. -232.123 0.976 -0.219 -0. 422.382 0. 0. -1. 0.
0.221 0.975 0. -231.332 0.975 -0.221 -0. 425.677 0. 0. -1. 0.
0.221 0.975 0. -230.574 0.975 -0.221 -0. 428.979 0. 0. -1. 0.
0.222 0.975 0. -229.750 0.975 -0.222 -0. 432.247 0. 0. -1. 0.
0.221 0.975 0. -228.992 0.975 -0.221 -0. 435.496 0. 0. -1. 0.
0.223 0.975 0. -228.245 0.975 -0.223 -0. 438.764 0. 0. -1. 0.
0.225 0.974 0. -227.422 0.974 -0.225 -0. 441.918 0. 0. -1. 0.
0.225 0.974 0. -226.648 0.974 -0.225 -0. 445.092 0. 0. -1. 0.
0.225 0.974 0. -225.870 0.974 -0.225 -0. 448.215 0. 0. -1. 0.
0.226 0.974 0. -225.069 0.974 -0.226 -0. 451.324 0. 0. -1. 0.
0.224 0.975 0. -224.389 0.975 -0.224 -0. 454.392 0. 0. -1. 0.
0.227 0.974 0. -223.601 0.974 -0.227 -0. 457.440 0. 0. -1. 0.
0.226 0.974 0. -222.912 0.974 -0.226 -0. 460.467 0. 0. -1. 0.
0.225 0.974 0. -222.144 0.974 -0.225 -0. 463.463 0. 0. -1. 0.
0.224 0.975 0. -221.433 0.975 -0.224 -0. 466.465 0. 0. -1. 0.
0.224 0.975 0. -220.728 0.975 -0.224 -0. 469.418 0. 0. -1. 0.
0.223 0.975 0. -220.012 0.975 -0.223 -0. 472.340 0. 0. -1. 0.
0.223 0.975 0. -219.278 0.975 -0.223 -0. 475.259 0. 0. -1. 0.
0.222 0.975 0. -218.604 0.975 -0.222 -0. 478.143 0. 0. -1. 0.
0.223 0.975 0. -217.887 0.975 -0.223 -0. 480.995 0. 0. -1. 0.
0.224 0.974 0. -217.204 0.974 -0.224 -0. 483.807 0. 0. -1. 0.
0.225 0.974 0. -216.554 0.974 -0.225 -0. 486.629 0. 0. -1. 0.
0.224 0.975 0. -215.855 0.975 -0.224 -0. 489.427 0. 0. -1. 0.
0.224 0.975 0. -215.172 0.975 -0.224 -0. 492.181 0. 0. -1. 0.
0.224 0.975 0. -214.554 0.975 -0.224 -0. 494.966 0. 0. -1. 0.
0.223 0.975 0. -213.901 0.975 -0.223 -0. 497.673 0. 0. -1. 0.
0.223 0.975 0. -213.257 0.975 -0.223 -0. 500.352 0. 0. -1. 0.
0.224 0.975 0. -212.608 0.975 -0.224 -0. 502.973 0. 0. -1. 0.
0.225 0.974 0. -212.043 0.974 -0.225 -0. 505.501 0. 0. -1. 0.
0.228 0.974 0. -211.468 0.974 -0.228 -0. 507.915 0. 0. -1. 0.
0.230 0.973 0. -210.912 0.973 -0.230 -0. 510.176 0. 0. -1. 0.
0.232 0.973 0. -210.390 0.973 -0.232 -0. 512.247 0. 0. -1. 0.
0.235 0.972 0. -209.898 0.972 -0.235 -0. 514.245 0. 0. -1. 0.
0.234 0.972 0. -209.433 0.972 -0.234 -0. 516.106 0. 0. -1. 0.
0.233 0.972 0. -209.009 0.972 -0.233 -0. 517.808 0. 0. -1. 0.
0.233 0.972 0. -208.613 0.972 -0.233 -0. 519.320 0. 0. -1. 0.
0.232 0.973 0. -208.316 0.973 -0.232 -0. 520.608 0. 0. -1. 0.
0.232 0.973 0. -208.008 0.973 -0.232 -0. 521.719 0. 0. -1. 0.
0.231 0.973 0. -207.787 0.973 -0.231 -0. 522.636 0. 0. -1. 0.
0.231 0.973 0. -207.613 0.973 -0.231 -0. 523.288 0. 0. -1. 0.
0.232 0.973 0. -207.503 0.973 -0.232 -0. 523.759 0. 0. -1. 0.
0.231 0.973 0. -207.431 0.973 -0.231 -0. 524.118 0. 0. -1. 0.
0.230 0.973 0. -207.389 0.973 -0.230 -0. 524.368 0. 0. -1. 0.
0.231 0.973 0. -207.314 0.973 -0.231 -0. 524.556 0. 0. -1. 0.
0.232 0.973 0. -207.260 0.973 -0.232 -0. 524.648 0. 0. -1. 0.
0.231 0.973 0. -207.285 0.973 -0.231 -0. 524.739 0. 0. -1. 0.
0.232 0.973 0. -207.258 0.973 -0.232 -0. 524.794 0. 0. -1. 0.
0.232 0.973 0. -207.242 0.973 -0.232 -0. 524.836 0. 0. -1. 0.
0.232 0.973 0. -207.216 0.973 -0.232 -0. 524.851 0. 0. -1. 0.
0.232 0.973 0. -207.203 0.973 -0.232 -0. 524.918 0. 0. -1. 0.
0.233 0.973 0. -207.178 0.973 -0.233 -0. 525.028 0. 0. -1. 0.
0.232 0.973 0. -207.162 0.973 -0.232 -0. 525.130 0. 0. -1. 0.
0.232 0.973 0. -207.118 0.973 -0.232 -0. 525.290 0. 0. -1. 0.
0.233 0.972 0. -207.096 0.972 -0.233 -0. 525.459 0. 0. -1. 0.
0.233 0.972 0. -207.056 0.972 -0.233 -0. 525.698 0. 0. -1. 0.
0.233 0.972 0. -206.928 0.972 -0.233 -0. 526.140 0. 0. -1. 0.
0.232 0.973 0. -206.789 0.973 -0.232 -0. 526.658 0. 0. -1. 0.
0.234 0.972 0. -206.626 0.972 -0.234 -0. 527.299 0. 0. -1. 0.
0.237 0.972 0. -206.401 0.972 -0.237 -0. 528.018 0. 0. -1. 0.
0.237 0.971 0. -206.200 0.971 -0.237 -0. 528.900 0. 0. -1. 0.
0.238 0.971 0. -205.928 0.971 -0.238 -0. 529.890 0. 0. -1. 0.
0.238 0.971 0. -205.655 0.971 -0.238 -0. 530.970 0. 0. -1. 0.
0.238 0.971 0. -205.372 0.971 -0.238 -0. 532.132 0. 0. -1. 0.
0.237 0.971 0. -205.048 0.971 -0.237 -0. 533.373 0. 0. -1. 0.
0.238 0.971 0. -204.743 0.971 -0.238 -0. 534.707 0. 0. -1. 0.
0.238 0.971 0. -204.365 0.971 -0.238 -0. 536.073 0. 0. -1. 0.
0.238 0.971 0. -204.007 0.971 -0.238 -0. 537.476 0. 0. -1. 0.
0.240 0.971 0. -203.631 0.971 -0.240 -0. 538.903 0. 0. -1. 0.
0.242 0.970 0. -203.286 0.970 -0.242 -0. 540.306 0. 0. -1. 0.
0.246 0.969 0. -202.951 0.969 -0.246 -0. 541.736 0. 0. -1. 0.
0.252 0.968 0. -202.581 0.968 -0.252 -0. 543.165 0. 0. -1. 0.
0.259 0.966 0. -202.159 0.966 -0.259 -0. 544.496 0. 0. -1. 0.
0.265 0.964 0. -201.760 0.964 -0.265 -0. 545.863 0. 0. -1. 0.
0.270 0.963 0. -201.387 0.963 -0.270 -0. 547.188 0. 0. -1. 0.
0.270 0.963 0. -201.001 0.963 -0.270 -0. 548.430 0. 0. -1. 0.
0.260 0.966 0. -200.666 0.966 -0.260 -0. 549.561 0. 0. -1. 0.
0.245 0.970 0. -200.394 0.970 -0.245 -0. 550.694 0. 0. -1. 0.
0.226 0.974 0. -200.142 0.974 -0.226 -0. 551.705 0. 0. -1. 0.
0.209 0.978 0. -199.940 0.978 -0.209 -0. 552.543 0. 0. -1. 0.
0.196 0.981 0. -199.800 0.981 -0.196 -0. 553.303 0. 0. -1. 0.
0.187 0.982 0. -199.685 0.982 -0.187 -0. 553.901 0. 0. -1. 0.
0.184 0.983 0. -199.619 0.983 -0.184 -0. 554.412 0. 0. -1. 0.
0.185 0.983 0. -199.509 0.983 -0.185 -0. 554.787 0. 0. -1. 0.
0.185 0.983 0. -199.443 0.983 -0.185 -0. 555.021 0. 0. -1. 0.
0.187 0.982 0. -199.411 0.982 -0.187 -0. 555.218 0. 0. -1. 0.
0.186 0.983 0. -199.404 0.983 -0.186 -0. 555.390 0. 0. -1. 0.
0.185 0.983 0. -199.394 0.983 -0.185 -0. 555.507 0. 0. -1. 0.
0.186 0.983 0. -199.345 0.983 -0.186 -0. 555.589 0. 0. -1. 0.
0.186 0.983 0. -199.322 0.983 -0.186 -0. 555.647 0. 0. -1. 0.
0.186 0.983 0. -199.346 0.983 -0.186 -0. 555.662 0. 0. -1. 0.
0.186 0.983 0. -199.334 0.983 -0.186 -0. 555.649 0. 0. -1. 0.
0.186 0.983 0. -199.324 0.983 -0.186 -0. 555.644 0. 0. -1. 0.
0.187 0.982 0. -199.327 0.982 -0.187 -0. 555.635 0. 0. -1. 0.
0.186 0.982 0. -199.344 0.982 -0.186 -0. 555.650 0. 0. -1. 0.
0.187 0.982 0. -199.341 0.982 -0.187 -0. 555.654 0. 0. -1. 0.
0.187 0.982 0. -199.333 0.982 -0.187 -0. 555.657 0. 0. -1. 0.
0.187 0.982 0. -199.351 0.982 -0.187 -0. 555.652 0. 0. -1. 0.
0.187 0.982 0. -199.363 0.982 -0.187 -0. 555.651 0. 0. -1. 0.
0.186 0.982 0. -199.368 0.982 -0.186 -0. 555.652 0. 0. -1. 0.
0.187 0.982 0. -199.363 0.982 -0.187 -0. 555.651 0. 0. -1. 0.
0.187 0.982 0. -199.352 0.982 -0.187 -0. 555.653 0. 0. -1. 0.
0.186 0.983 0. -199.352 0.983 -0.186 -0. 555.637 0. 0. -1. 0.
0.187 0.982 0. -199.345 0.982 -0.187 -0. 555.642 0. 0. -1. 0.
0.186 0.983 0. -199.352 0.983 -0.186 -0. 555.652 0. 0. -1. 0.
0.187 0.982 0. -199.346 0.982 -0.187 -0. 555.647 0. 0. -1. 0.
0.187 0.982 0. -199.332 0.982 -0.187 -0. 555.653 0. 0. -1. 0.
0.187 0.982 0. -199.341 0.982 -0.187 -0. 555.655 0. 0. -1. 0.
0.187 0.982 0. -199.338 0.982 -0.187 -0. 555.642 0. 0. -1. 0.
0.186 0.983 0. -199.335 0.983 -0.186 -0. 555.644 0. 0. -1. 0.
0.186 0.983 0. -199.340 0.983 -0.186 -0. 555.660 0. 0. -1. 0.
0.186 0.983 0. -199.335 0.983 -0.186 -0. 555.644 0. 0. -1. 0.
0.186 0.982 0. -199.329 0.982 -0.186 -0. 555.650 0. 0. -1. 0.
0.186 0.982 0. -199.349 0.982 -0.186 -0. 555.659 0. 0. -1. 0.
0.186 0.982 0. -199.340 0.982 -0.186 -0. 555.634 0. 0. -1. 0.
0.186 0.983 0. -199.333 0.983 -0.186 -0. 555.643 0. 0. -1. 0.
0.186 0.982 0. -199.347 0.982 -0.186 -0. 555.653 0. 0. -1. 0.
0.186 0.982 0. -199.352 0.982 -0.186 -0. 555.650 0. 0. -1. 0.
0.186 0.983 0. -199.350 0.983 -0.186 -0. 555.658 0. 0. -1. 0.
0.187 0.982 0. -199.337 0.982 -0.187 -0. 555.669 0. 0. -1. 0.
0.187 0.982 0. -199.345 0.982 -0.187 -0. 555.652 0. 0. -1. 0.
0.187 0.982 0. -199.349 0.982 -0.187 -0. 555.648 0. 0. -1. 0.
0.187 0.982 0. -199.339 0.982 -0.187 -0. 555.657 0. 0. -1. 0.
0.187 0.982 0. -199.330 0.982 -0.187 -0. 555.658 0. 0. -1. 0.
0.186 0.982 0. -199.333 0.982 -0.186 -0. 555.660 0. 0. -1. 0.
0.186 0.982 0. -199.321 0.982 -0.186 -0. 555.654 0. 0. -1. 0.
0.187 0.982 0. -199.337 0.982 -0.187 -0. 555.659 0. 0. -1. 0.
0.186 0.982 0. -199.340 0.982 -0.186 -0. 555.654 0. 0. -1. 0.
0.186 0.982 0. -199.326 0.982 -0.186 -0. 555.656 0. 0. -1. 0.
0.186 0.983 0. -199.331 0.983 -0.186 -0. 555.656 0. 0. -1. 0.
0.186 0.983 0. -199.326 0.983 -0.186 -0. 555.658 0. 0. -1. 0.
0.187 0.982 0. -199.340 0.982 -0.187 -0. 555.649 0. 0. -1. 0.
