1631021758432249 1.00000 0.00000 0.00000 -0.00000 0.00000 -1.00000 0.00000 0.00000 0.00000 -0.00000 -1.00000 0.00000
1631021758681622 1.00000 0.00193 0.00000 0.06479 0.00193 -1.00000 0.00000 -0.03200 0.00000 -0.00000 -1.00000 -0.00000
1631021758931638 1.00000 -0.00016 0.00000 -0.01520 -0.00016 -1.00000 0.00000 0.00667 -0.00000 -0.00000 -1.00000 0.00000
1631021759182895 1.00000 0.00106 0.00000 0.01986 0.00106 -1.00000 0.00000 0.01878 0.00000 -0.00000 -1.00000 0.00000
1631021759433532 1.00000 -0.00103 0.00000 0.04869 -0.00103 -1.00000 0.00000 -0.01087 -0.00000 -0.00000 -1.00000 -0.00000
1631021759684166 1.00000 0.00089 0.00000 0.05270 0.00089 -1.00000 0.00000 -0.00153 0.00000 -0.00000 -1.00000 -0.00000
1631021759934179 1.00000 0.00313 0.00000 0.04806 0.00313 -1.00000 0.00000 -0.00587 0.00000 -0.00000 -1.00000 -0.00000
1631021760184189 1.00000 -0.00177 0.00000 0.00469 -0.00177 -1.00000 0.00000 0.00408 -0.00000 -0.00000 -1.00000 0.00000
1631021760433573 1.00000 0.00229 -0.00000 0.03845 0.00229 -1.00000 0.00000 -0.01721 0.00000 -0.00000 -1.00000 -0.00000
1631021760682976 1.00000 -0.00031 0.00000 0.05221 -0.00031 -1.00000 0.00000 -0.01763 -0.00000 -0.00000 -1.00000 -0.00000
1631021760932347 1.00000 -0.00065 0.00000 0.00039 -0.00065 -1.00000 0.00000 0.01669 -0.00000 -0.00000 -1.00000 0.00000
1631021761182359 1.00000 -0.00290 0.00000 0.02835 -0.00290 -1.00000 0.00000 0.01708 -0.00000 -0.00000 -1.00000 0.00000
1631021761432363 1.00000 -0.00181 0.00000 0.03944 -0.00181 -1.00000 0.00000 0.02702 -0.00000 -0.00000 -1.00000 0.00000
1631021761683001 1.00000 0.00007 0.00000 0.00455 0.00007 -1.00000 0.00000 0.02603 0.00000 -0.00000 -1.00000 0.00000
1631021761933640 1.00000 -0.00070 0.00000 0.02959 -0.00070 -1.00000 0.00000 -0.00749 -0.00000 -0.00000 -1.00000 -0.00000
1631021762184277 1.00000 0.00068 0.00000 0.00735 0.00068 -1.00000 0.00000 -0.02665 0.00000 -0.00000 -1.00000 -0.00000
1631021762434917 0.99999 -0.00389 0.00000 -0.00987 -0.00389 -0.99999 0.00000 0.03941 -0.00000 -0.00000 -1.00000 0.00000
1631021762684925 0.99995 -0.00951 0.00000 -0.07647 -0.00951 -0.99995 0.00000 0.02196 -0.00000 -0.00000 -1.00000 0.00000
1631021762934310 0.99991 -0.01310 0.00000 -0.19678 -0.01310 -0.99991 0.00000 -0.00032 -0.00000 -0.00000 -1.00000 -0.00000
1631021763183695 0.99973 -0.02330 0.00000 -0.32485 -0.02330 -0.99973 0.00000 -0.02919 -0.00000 -0.00000 -1.00000 -0.00000
1631021763433083 0.99901 -0.04445 0.00000 -0.49254 -0.04445 -0.99901 0.00000 -0.02482 -0.00000 -0.00000 -1.00000 -0.00000
1631021763682466 0.99790 -0.06474 0.00000 -0.70256 -0.06474 -0.99790 0.00000 -0.02200 -0.00000 -0.00000 -1.00000 -0.00000
1631021763932478 0.99641 -0.08460 0.00000 -1.02618 -0.08460 -0.99641 0.00000 0.00101 -0.00000 -0.00000 -1.00000 0.00000
1631021764182517 0.99299 -0.11822 0.00000 -1.42781 -0.11822 -0.99299 0.00000 -0.03744 -0.00000 -0.00000 -1.00000 -0.00000
1631021764433768 0.98779 -0.15577 0.00000 -1.91078 -0.15577 -0.98779 0.00000 0.04718 -0.00000 -0.00000 -1.00000 0.00000
1631021764684427 0.98427 -0.17668 -0.00000 -2.58724 -0.17668 -0.98427 0.00000 0.15926 -0.00000 -0.00000 -1.00000 0.00000
1631021764934427 0.98296 -0.18381 -0.00000 -3.26594 -0.18381 -0.98296 0.00000 0.03653 -0.00000 -0.00000 -1.00000 0.00000
1631021765184436 0.98159 -0.19099 0.00000 -4.03925 -0.19099 -0.98159 0.00000 0.03991 -0.00000 -0.00000 -1.00000 0.00000
1631021765434447 0.98120 -0.19302 0.00000 -4.86984 -0.19302 -0.98120 0.00000 0.02996 -0.00000 -0.00000 -1.00000 0.00000
1631021765683851 0.98169 -0.19050 0.00000 -5.81513 -0.19050 -0.98169 0.00000 -0.01416 -0.00000 -0.00000 -1.00000 -0.00000
1631021765933197 0.98301 -0.18355 0.00000 -6.84029 -0.18355 -0.98301 0.00000 -0.05563 -0.00000 -0.00000 -1.00000 -0.00000
1631021766182578 0.98457 -0.17498 0.00000 -7.90277 -0.17498 -0.98457 0.00000 -0.04054 -0.00000 -0.00000 -1.00000 -0.00000
1631021766431977 0.98594 -0.16712 0.00000 -9.04642 -0.16712 -0.98594 0.00000 -0.08319 -0.00000 -0.00000 -1.00000 -0.00000
1631021766682619 0.98682 -0.16185 0.00000 -10.14053 -0.16185 -0.98682 0.00000 -0.15057 -0.00000 -0.00000 -1.00000 -0.00000
1631021766932619 0.98867 -0.15008 -0.00000 -11.38596 -0.15008 -0.98867 0.00000 -0.33596 -0.00000 -0.00000 -1.00000 -0.00000
1631021767183877 0.99039 -0.13833 0.00000 -12.62525 -0.13833 -0.99039 0.00000 -0.41530 -0.00000 -0.00000 -1.00000 -0.00000
1631021767433886 0.99326 -0.11588 0.00000 -14.06652 -0.11588 -0.99326 0.00000 -0.71262 -0.00000 -0.00000 -1.00000 -0.00000
1631021767685153 0.99360 -0.11299 -0.00000 -15.52150 -0.11299 -0.99360 0.00000 -0.72169 -0.00000 -0.00000 -1.00000 -0.00000
1631021767935163 0.99450 -0.10476 -0.00000 -16.91467 -0.10476 -0.99450 0.00000 -1.01351 -0.00000 -0.00000 -1.00000 -0.00000
1631021768185173 0.99634 -0.08543 0.00000 -18.48630 -0.08543 -0.99634 0.00000 -1.25353 -0.00000 -0.00000 -1.00000 -0.00000
1631021768434556 0.99729 -0.07351 0.00000 -20.05605 -0.07351 -0.99729 0.00000 -1.60356 -0.00000 -0.00000 -1.00000 -0.00000
1631021768683314 0.99773 -0.06737 0.00000 -21.58948 -0.06737 -0.99773 0.00000 -1.66753 -0.00000 -0.00000 -1.00000 -0.00000
1631021768932707 0.99839 -0.05666 0.00000 -23.18603 -0.05666 -0.99839 0.00000 -1.98164 -0.00000 -0.00000 -1.00000 -0.00000
1631021769182723 0.99860 -0.05281 0.00000 -24.92296 -0.05281 -0.99860 0.00000 -2.05002 -0.00000 -0.00000 -1.00000 -0.00000
1631021769432729 0.99886 -0.04775 0.00000 -26.65071 -0.04775 -0.99886 0.00000 -2.06828 -0.00000 -0.00000 -1.00000 -0.00000
1631021769683365 0.99917 -0.04084 0.00000 -28.42872 -0.04084 -0.99917 0.00000 -2.31615 -0.00000 -0.00000 -1.00000 -0.00000
1631021769933999 0.99899 -0.04486 0.00000 -30.23729 -0.04486 -0.99899 0.00000 -2.39169 -0.00000 -0.00000 -1.00000 -0.00000
1631021770185264 0.99882 -0.04851 0.00000 -32.02432 -0.04851 -0.99882 0.00000 -2.27626 -0.00000 -0.00000 -1.00000 -0.00000
1631021770435898 0.99902 -0.04427 0.00000 -33.80835 -0.04427 -0.99902 0.00000 -2.38169 -0.00000 -0.00000 -1.00000 -0.00000
1631021770685280 0.99966 -0.02590 0.00000 -35.51642 -0.02590 -0.99966 0.00000 -3.13336 -0.00000 -0.00000 -1.00000 -0.00000
1631021770935295 0.99997 -0.00732 0.00000 -37.25250 -0.00732 -0.99997 0.00000 -3.75869 -0.00000 -0.00000 -1.00000 -0.00000
1631021771185307 1.00000 0.00040 0.00000 -39.12262 0.00040 -1.00000 0.00000 -3.99047 0.00000 -0.00000 -1.00000 -0.00000
1631021771434695 0.99980 0.01989 0.00000 -40.84295 0.01989 -0.99980 0.00000 -4.84165 0.00000 -0.00000 -1.00000 -0.00000
1631021771683453 0.99934 0.03630 0.00000 -42.59817 0.03630 -0.99934 0.00000 -5.51798 0.00000 -0.00000 -1.00000 -0.00000
1631021771934087 0.99958 0.02906 -0.00000 -44.63137 0.02906 -0.99958 0.00000 -5.22006 0.00000 -0.00000 -1.00000 -0.00000
1631021772183474 0.99953 0.03080 0.00000 -46.54887 0.03080 -0.99953 0.00000 -5.34892 0.00000 -0.00000 -1.00000 -0.00000
1631021772432859 0.99943 0.03375 0.00000 -48.52171 0.03375 -0.99943 0.00000 -5.58246 0.00000 -0.00000 -1.00000 -0.00000
1631021772683491 0.99966 0.02610 0.00000 -50.59193 0.02610 -0.99966 0.00000 -5.24473 0.00000 -0.00000 -1.00000 -0.00000
1631021772933514 0.99953 0.03058 0.00000 -52.64007 0.03058 -0.99953 0.00000 -5.53199 0.00000 -0.00000 -1.00000 -0.00000
1631021773184143 0.99965 0.02634 -0.00000 -54.79648 0.02634 -0.99965 0.00000 -5.48284 0.00000 -0.00000 -1.00000 -0.00000
1631021773434782 0.99974 0.02267 0.00000 -56.92728 0.02267 -0.99974 0.00000 -5.22583 0.00000 -0.00000 -1.00000 -0.00000
1631021773684792 0.99957 0.02932 0.00000 -59.02707 0.02932 -0.99957 0.00000 -5.55232 0.00000 -0.00000 -1.00000 -0.00000
1631021773934180 0.99943 0.03371 0.00000 -61.21904 0.03371 -0.99943 0.00000 -5.96591 0.00000 -0.00000 -1.00000 -0.00000
1631021774183568 0.99946 0.03275 0.00000 -63.40897 0.03275 -0.99946 0.00000 -5.98697 0.00000 -0.00000 -1.00000 -0.00000
1631021774432960 0.99957 0.02928 -0.00000 -65.62904 0.02928 -0.99957 0.00000 -5.83623 0.00000 -0.00000 -1.00000 -0.00000
1631021774682331 0.99967 0.02562 -0.00000 -67.84498 0.02562 -0.99967 0.00000 -5.50275 0.00000 -0.00000 -1.00000 -0.00000
1631021774932974 0.99966 0.02611 0.00000 -69.96869 0.02611 -0.99966 0.00000 -5.38055 0.00000 -0.00000 -1.00000 -0.00000
1631021775182981 0.99983 0.01850 0.00000 -72.14221 0.01850 -0.99983 0.00000 -4.90254 0.00000 -0.00000 -1.00000 -0.00000
1631021775433619 0.99997 0.00771 0.00000 -74.38876 0.00771 -0.99997 0.00000 -4.14403 0.00000 -0.00000 -1.00000 -0.00000
1631021775684252 0.99995 -0.01025 0.00000 -76.60759 -0.01025 -0.99995 0.00000 -2.79676 -0.00000 -0.00000 -1.00000 -0.00000
1631021775934883 0.99967 -0.02559 0.00000 -78.80482 -0.02559 -0.99967 0.00000 -1.55912 -0.00000 -0.00000 -1.00000 -0.00000
1631021776185511 0.99899 -0.04502 0.00000 -81.00633 -0.04502 -0.99899 0.00000 -0.10554 -0.00000 -0.00000 -1.00000 -0.00000
1631021776436151 0.99717 -0.07513 0.00000 -83.05291 -0.07513 -0.99717 0.00000 2.30661 -0.00000 -0.00000 -1.00000 0.00000
1631021776685532 0.99544 -0.09535 -0.00000 -85.09730 -0.09535 -0.99544 0.00000 3.94454 -0.00000 -0.00000 -1.00000 0.00000
1631021776934297 0.99228 -0.12405 0.00000 -87.09621 -0.12405 -0.99228 0.00000 6.48032 -0.00000 -0.00000 -1.00000 0.00000
1631021777183682 0.98495 -0.17285 0.00000 -88.76657 -0.17285 -0.98495 0.00000 10.76057 -0.00000 -0.00000 -1.00000 0.00000
1631021777433687 0.97558 -0.21964 0.00000 -90.20904 -0.21964 -0.97558 0.00000 14.92759 -0.00000 -0.00000 -1.00000 0.00000
1631021777683073 0.96298 -0.26958 -0.00000 -91.44619 -0.26958 -0.96298 0.00000 19.49781 -0.00000 -0.00000 -1.00000 0.00000
1631021777933083 0.94573 -0.32497 -0.00000 -92.14336 -0.32497 -0.94573 0.00000 24.78074 -0.00000 -0.00000 -1.00000 0.00000
1631021778183716 0.92371 -0.38309 0.00000 -92.42076 -0.38309 -0.92371 0.00000 30.45298 -0.00000 -0.00000 -1.00000 0.00000
1631021778434348 0.90178 -0.43220 0.00000 -92.78462 -0.43220 -0.90178 0.00000 35.42387 -0.00000 -0.00000 -1.00000 0.00000
1631021778684353 0.87732 -0.47990 0.00000 -92.71219 -0.47990 -0.87732 0.00000 40.45332 -0.00000 -0.00000 -1.00000 0.00000
1631021778934367 0.83882 -0.54441 -0.00000 -91.53372 -0.54441 -0.83882 0.00000 47.23082 -0.00000 -0.00000 -1.00000 0.00000
1631021779183751 0.79576 -0.60561 0.00000 -89.75025 -0.60561 -0.79576 0.00000 53.94646 -0.00000 -0.00000 -1.00000 0.00000
1631021779433134 0.74823 -0.66344 0.00000 -87.42793 -0.66344 -0.74823 0.00000 60.53290 -0.00000 -0.00000 -1.00000 0.00000
1631021779682518 0.69112 -0.72274 0.00000 -84.13397 -0.72274 -0.69112 0.00000 67.49419 -0.00000 -0.00000 -1.00000 0.00000
1631021779932526 0.63249 -0.77457 0.00000 -80.56139 -0.77457 -0.63249 0.00000 73.98345 -0.00000 -0.00000 -1.00000 0.00000
1631021780183161 0.56158 -0.82742 0.00000 -75.65933 -0.82742 -0.56158 0.00000 80.87294 -0.00000 -0.00000 -1.00000 0.00000
1631021780433790 0.49921 -0.86648 0.00000 -71.34128 -0.86648 -0.49921 0.00000 86.13161 -0.00000 -0.00000 -1.00000 0.00000
1631021780684422 0.45245 -0.89179 0.00000 -68.69938 -0.89179 -0.45245 0.00000 89.95377 -0.00000 -0.00000 -1.00000 0.00000
1631021780935060 0.42280 -0.90622 0.00000 -67.65163 -0.90622 -0.42280 0.00000 91.87394 -0.00000 -0.00000 -1.00000 0.00000
1631021781185084 0.39940 -0.91678 0.00000 -67.26179 -0.91678 -0.39940 0.00000 93.49489 -0.00000 -0.00000 -1.00000 0.00000
1631021781435080 0.38559 -0.92267 0.00000 -67.86153 -0.92267 -0.38559 0.00000 94.43058 -0.00000 -0.00000 -1.00000 0.00000
1631021781685091 0.37557 -0.92679 0.00000 -68.83134 -0.92679 -0.37557 0.00000 95.34240 -0.00000 -0.00000 -1.00000 0.00000
1631021781934473 0.36628 -0.93051 0.00000 -69.92424 -0.93051 -0.36628 0.00000 95.98779 -0.00000 -0.00000 -1.00000 0.00000
1631021782183851 0.36926 -0.92933 0.00000 -72.23876 -0.92933 -0.36926 0.00000 95.84008 -0.00000 -0.00000 -1.00000 0.00000
1631021782433252 0.38060 -0.92474 0.00000 -75.45682 -0.92474 -0.38060 0.00000 94.78355 -0.00000 -0.00000 -1.00000 0.00000
1631021782683248 0.39446 -0.91891 -0.00000 -79.02867 -0.91891 -0.39446 0.00000 93.82631 -0.00000 -0.00000 -1.00000 0.00000
1631021782933258 0.41491 -0.90986 0.00000 -83.18521 -0.90986 -0.41491 0.00000 91.91436 -0.00000 -0.00000 -1.00000 0.00000
1631021783183892 0.43088 -0.90241 -0.00000 -86.82708 -0.90241 -0.43088 0.00000 90.30598 -0.00000 -0.00000 -1.00000 0.00000
1631021783435154 0.44385 -0.89610 0.00000 -90.30950 -0.89610 -0.44385 0.00000 89.06245 -0.00000 -0.00000 -1.00000 0.00000
1631021783685163 0.46427 -0.88570 0.00000 -94.40485 -0.88570 -0.46427 0.00000 86.77669 -0.00000 -0.00000 -1.00000 0.00000
1631021783935174 0.47815 -0.87828 0.00000 -97.88633 -0.87828 -0.47815 0.00000 85.29619 -0.00000 -0.00000 -1.00000 0.00000
1631021784185183 0.50070 -0.86562 0.00000 -102.17018 -0.86562 -0.50070 0.00000 82.71619 -0.00000 -0.00000 -1.00000 0.00000
1631021784434564 0.52308 -0.85228 0.00000 -106.48914 -0.85228 -0.52308 0.00000 79.95713 -0.00000 -0.00000 -1.00000 0.00000
1631021784683943 0.54449 -0.83877 0.00000 -110.59108 -0.83877 -0.54449 0.00000 77.17340 -0.00000 -0.00000 -1.00000 0.00000
1631021784933331 0.56578 -0.82456 0.00000 -114.62727 -0.82456 -0.56578 0.00000 74.31303 -0.00000 -0.00000 -1.00000 0.00000
1631021785182722 0.58601 -0.81030 -0.00000 -118.55051 -0.81030 -0.58601 0.00000 71.36398 -0.00000 -0.00000 -1.00000 0.00000
1631021785432729 0.60072 -0.79946 -0.00000 -122.05262 -0.79946 -0.60072 0.00000 69.11378 -0.00000 -0.00000 -1.00000 0.00000
1631021785683360 0.61509 -0.78845 0.00000 -125.30207 -0.78845 -0.61509 0.00000 66.92489 -0.00000 -0.00000 -1.00000 0.00000
1631021785934613 0.62128 -0.78359 -0.00000 -128.08002 -0.78359 -0.62128 0.00000 66.02577 -0.00000 -0.00000 -1.00000 0.00000
1631021786184631 0.63769 -0.77029 0.00000 -131.44012 -0.77029 -0.63769 0.00000 63.12465 -0.00000 -0.00000 -1.00000 0.00000
1631021786435265 0.64940 -0.76045 0.00000 -134.49167 -0.76045 -0.64940 0.00000 61.05251 -0.00000 -0.00000 -1.00000 0.00000
1631021786685265 0.66295 -0.74866 0.00000 -137.61747 -0.74866 -0.66295 0.00000 58.58400 -0.00000 -0.00000 -1.00000 0.00000
1631021786935287 0.66894 -0.74332 0.00000 -140.07927 -0.74332 -0.66894 0.00000 57.70567 -0.00000 -0.00000 -1.00000 0.00000
1631021787184663 0.67813 -0.73494 0.00000 -142.81295 -0.73494 -0.67813 0.00000 55.89429 -0.00000 -0.00000 -1.00000 0.00000
1631021787434051 0.69142 -0.72246 0.00000 -145.71529 -0.72246 -0.69142 0.00000 53.31324 -0.00000 -0.00000 -1.00000 0.00000
1631021787683437 0.70828 -0.70593 0.00000 -148.72749 -0.70593 -0.70828 0.00000 49.93451 -0.00000 -0.00000 -1.00000 0.00000
1631021787932816 0.74296 -0.66934 0.00000 -152.86746 -0.66934 -0.74296 0.00000 42.18573 -0.00000 -0.00000 -1.00000 0.00000
1631021788182823 0.78390 -0.62088 0.00000 -156.89345 -0.62088 -0.78390 0.00000 32.25838 -0.00000 -0.00000 -1.00000 0.00000
1631021788433454 0.83332 -0.55280 0.00000 -160.62281 -0.55280 -0.83332 0.00000 19.04426 -0.00000 -0.00000 -1.00000 0.00000
1631021788684716 0.88579 -0.46409 0.00000 -163.18053 -0.46409 -0.88579 0.00000 2.40535 -0.00000 -0.00000 -1.00000 0.00000
1631021788935357 0.93474 -0.35532 0.00000 -163.64083 -0.35532 -0.93474 0.00000 -17.16814 -0.00000 -0.00000 -1.00000 -0.00000
1631021789185991 0.97182 -0.23572 -0.00000 -161.48159 -0.23572 -0.97182 0.00000 -37.59109 -0.00000 -0.00000 -1.00000 -0.00000
1631021789435993 0.99586 -0.09094 0.00000 -155.38422 -0.09094 -0.99586 0.00000 -60.76189 -0.00000 -0.00000 -1.00000 -0.00000
1631021789686005 0.99838 0.05686 0.00000 -145.86035 0.05686 -0.99838 0.00000 -82.93252 0.00000 -0.00000 -1.00000 -0.00000
1631021789935395 0.97541 0.22040 -0.00000 -131.26516 0.22040 -0.97541 0.00000 -105.79492 0.00000 -0.00000 -1.00000 -0.00000
1631021790184773 0.92163 0.38808 -0.00000 -111.79114 0.38808 -0.92163 0.00000 -127.18480 0.00000 -0.00000 -1.00000 -0.00000
1631021790434168 0.83902 0.54409 0.00000 -88.67025 0.54409 -0.83902 0.00000 -144.74295 0.00000 -0.00000 -1.00000 -0.00000
1631021790683540 0.72735 0.68626 0.00000 -62.13190 0.68626 -0.72735 0.00000 -158.38569 0.00000 -0.00000 -1.00000 -0.00000
1631021790932923 0.58614 0.81021 0.00000 -32.40000 0.81021 -0.58614 0.00000 -167.09947 0.00000 -0.00000 -1.00000 -0.00000
1631021791183563 0.42350 0.90590 0.00000 -1.50841 0.90590 -0.42350 0.00000 -170.22585 0.00000 -0.00000 -1.00000 -0.00000
1631021791434823 0.23602 0.97175 0.00000 31.19894 0.97175 -0.23602 0.00000 -167.11275 0.00000 -0.00000 -1.00000 -0.00000
1631021791685456 0.03313 0.99945 0.00000 63.53674 0.99945 -0.03313 0.00000 -157.18421 0.00000 -0.00000 -1.00000 -0.00000
1631021791936094 -0.17303 0.98492 0.00000 93.49117 0.98492 0.17303 0.00000 -140.66575 0.00000 0.00000 -1.00000 -0.00000
1631021792186716 -0.36581 0.93069 0.00000 118.58315 0.93069 0.36581 0.00000 -119.23522 0.00000 0.00000 -1.00000 -0.00000
1631021792436734 -0.54075 0.84118 0.00000 138.49976 0.84118 0.54075 0.00000 -93.71255 0.00000 0.00000 -1.00000 -0.00000
1631021792686738 -0.67772 0.73532 0.00000 151.49261 0.73532 0.67772 0.00000 -68.36107 0.00000 0.00000 -1.00000 -0.00000
1631021792936122 -0.78806 0.61560 0.00000 159.38840 0.61560 0.78806 0.00000 -42.80434 0.00000 0.00000 -1.00000 -0.00000
1631021793185509 -0.86450 0.50264 0.00000 162.57095 0.50264 0.86450 0.00000 -20.87848 0.00000 0.00000 -1.00000 -0.00000
1631021793434896 -0.91385 0.40606 -0.00000 162.55363 0.40606 0.91385 0.00000 -3.11595 0.00000 0.00000 -1.00000 -0.00000
1631021793684907 -0.93694 0.34948 -0.00000 161.00626 0.34948 0.93694 0.00000 6.88815 0.00000 0.00000 -1.00000 0.00000
1631021793933665 -0.95137 0.30806 0.00000 159.16223 0.30806 0.95137 0.00000 13.80601 0.00000 0.00000 -1.00000 0.00000
1631021794183051 -0.95807 0.28653 0.00000 157.23905 0.28653 0.95807 0.00000 17.61698 0.00000 0.00000 -1.00000 0.00000
1631021794432429 -0.95913 0.28297 0.00000 155.69851 0.28297 0.95913 0.00000 18.07807 0.00000 0.00000 -1.00000 0.00000
1631021794682439 -0.95714 0.28961 0.00000 154.21123 0.28961 0.95714 0.00000 16.98242 0.00000 0.00000 -1.00000 0.00000
1631021794933068 -0.95364 0.30094 0.00000 152.68314 0.30094 0.95364 0.00000 15.28460 0.00000 0.00000 -1.00000 0.00000
1631021795183711 -0.94102 0.33834 0.00000 151.46082 0.33834 0.94102 0.00000 9.05969 0.00000 0.00000 -1.00000 0.00000
1631021795433716 -0.92540 0.37899 0.00000 149.99538 0.37899 0.92540 0.00000 2.58982 0.00000 0.00000 -1.00000 0.00000
1631021795684354 -0.90252 0.43065 0.00000 148.11450 0.43065 0.90252 0.00000 -5.96218 0.00000 0.00000 -1.00000 -0.00000
1631021795934986 -0.87442 0.48516 -0.00000 145.75118 0.48516 0.87442 0.00000 -15.05711 0.00000 0.00000 -1.00000 -0.00000
1631021796185625 -0.84247 0.53875 0.00000 142.76713 0.53875 0.84247 0.00000 -24.13602 0.00000 0.00000 -1.00000 -0.00000
1631021796435631 -0.80235 0.59685 0.00000 138.76416 0.59685 0.80235 0.00000 -34.14093 0.00000 0.00000 -1.00000 -0.00000
1631021796684390 -0.76806 0.64037 -0.00000 134.74895 0.64037 0.76806 0.00000 -41.82788 0.00000 0.00000 -1.00000 -0.00000
1631021796933769 -0.73187 0.68144 0.00000 130.32162 0.68144 0.73187 0.00000 -49.15229 0.00000 0.00000 -1.00000 -0.00000
1631021797183165 -0.69134 0.72253 0.00000 125.28670 0.72253 0.69134 0.00000 -56.51523 0.00000 0.00000 -1.00000 -0.00000
1631021797433173 -0.64773 0.76187 0.00000 119.68214 0.76187 0.64773 0.00000 -63.86371 0.00000 0.00000 -1.00000 -0.00000
1631021797683183 -0.60902 0.79316 0.00000 114.25462 0.79316 0.60902 0.00000 -69.73586 0.00000 0.00000 -1.00000 -0.00000
1631021797933809 -0.56288 0.82654 0.00000 108.04962 0.82654 0.56288 0.00000 -76.01191 0.00000 0.00000 -1.00000 -0.00000
1631021798184442 -0.52367 0.85192 0.00000 102.36435 0.85192 0.52367 0.00000 -81.07025 0.00000 0.00000 -1.00000 -0.00000
1631021798434470 -0.48679 0.87352 0.00000 96.63056 0.87352 0.48679 0.00000 -85.37100 0.00000 0.00000 -1.00000 -0.00000
1631021798685095 -0.45131 0.89237 -0.00000 91.08327 0.89237 0.45131 0.00000 -89.29501 0.00000 0.00000 -1.00000 -0.00000
1631021798935730 -0.41544 0.90962 0.00000 85.38667 0.90962 0.41544 0.00000 -92.88034 0.00000 0.00000 -1.00000 -0.00000
1631021799185733 -0.39659 0.91799 0.00000 81.37302 0.91799 0.39659 0.00000 -94.57375 0.00000 0.00000 -1.00000 -0.00000
1631021799434500 -0.37837 0.92566 0.00000 77.38634 0.92566 0.37837 0.00000 -96.34390 0.00000 0.00000 -1.00000 -0.00000
1631021799683887 -0.36713 0.93017 -0.00000 74.07845 0.93017 0.36713 0.00000 -97.29564 0.00000 0.00000 -1.00000 -0.00000
1631021799933267 -0.35088 0.93642 0.00000 70.36162 0.93642 0.35088 0.00000 -98.62442 0.00000 0.00000 -1.00000 -0.00000
1631021800183274 -0.34926 0.93703 0.00000 68.07518 0.93703 0.34926 0.00000 -98.56534 0.00000 0.00000 -1.00000 -0.00000
1631021800433285 -0.35064 0.93651 0.00000 66.11910 0.93651 0.35064 0.00000 -98.50985 0.00000 0.00000 -1.00000 -0.00000
1631021800683291 -0.36885 0.92949 0.00000 65.92085 0.92949 0.36885 0.00000 -97.18452 0.00000 0.00000 -1.00000 -0.00000
1631021800934552 -0.38985 0.92088 0.00000 66.02947 0.92088 0.38985 0.00000 -95.64668 0.00000 0.00000 -1.00000 -0.00000
1631021801185189 -0.42553 0.90495 -0.00000 67.65365 0.90495 0.42553 0.00000 -93.18074 0.00000 0.00000 -1.00000 -0.00000
1631021801435822 -0.46631 0.88462 0.00000 69.81785 0.88462 0.46631 0.00000 -90.16737 0.00000 0.00000 -1.00000 -0.00000
1631021801686456 -0.51625 0.85644 0.00000 72.73817 0.85644 0.51625 0.00000 -85.90861 0.00000 0.00000 -1.00000 -0.00000
1631021801936460 -0.56370 0.82598 0.00000 75.48216 0.82598 0.56370 0.00000 -81.80309 0.00000 0.00000 -1.00000 -0.00000
1631021802186481 -0.61647 0.78738 0.00000 78.71540 0.78738 0.61647 0.00000 -76.72534 0.00000 0.00000 -1.00000 -0.00000
1631021802435235 -0.67202 0.74053 -0.00000 81.97076 0.74053 0.67202 0.00000 -70.96283 0.00000 0.00000 -1.00000 -0.00000
1631021802685245 -0.72526 0.68847 0.00000 84.98817 0.68847 0.72526 0.00000 -64.58365 0.00000 0.00000 -1.00000 -0.00000
1631021802934624 -0.77450 0.63257 0.00000 87.46467 0.63257 0.77450 0.00000 -58.13874 0.00000 0.00000 -1.00000 -0.00000
1631021803184016 -0.82022 0.57205 0.00000 89.57623 0.57205 0.82022 0.00000 -51.51806 0.00000 0.00000 -1.00000 -0.00000
1631021803434020 -0.85951 0.51112 0.00000 91.00772 0.51112 0.85951 0.00000 -44.98759 0.00000 0.00000 -1.00000 -0.00000
1631021803684040 -0.89464 0.44679 -0.00000 91.99478 0.44679 0.89464 0.00000 -38.24171 0.00000 0.00000 -1.00000 -0.00000
1631021803935292 -0.92781 0.37304 0.00000 92.65528 0.37304 0.92781 0.00000 -30.68205 0.00000 0.00000 -1.00000 -0.00000
1631021804185930 -0.95249 0.30458 0.00000 92.56053 0.30458 0.95249 0.00000 -23.86873 0.00000 0.00000 -1.00000 -0.00000
1631021804436563 -0.97111 0.23864 0.00000 91.90722 0.23864 0.97111 0.00000 -17.53518 0.00000 0.00000 -1.00000 -0.00000
1631021804687196 -0.98259 0.18579 -0.00000 90.52338 0.18579 0.98259 0.00000 -12.60624 0.00000 0.00000 -1.00000 -0.00000
1631021804936584 -0.99035 0.13858 0.00000 88.97974 0.13858 0.99035 0.00000 -8.32843 0.00000 0.00000 -1.00000 -0.00000
1631021805185966 -0.99484 0.10143 0.00000 86.97646 0.10143 0.99484 0.00000 -4.98604 0.00000 0.00000 -1.00000 -0.00000
1631021805435357 -0.99788 0.06504 0.00000 84.95929 0.06504 0.99788 0.00000 -1.83887 0.00000 0.00000 -1.00000 -0.00000
1631021805684742 -0.99898 0.04510 0.00000 82.78345 0.04510 0.99898 0.00000 -0.21030 0.00000 0.00000 -1.00000 -0.00000
1631021805934746 -0.99959 0.02848 0.00000 80.56785 0.02848 0.99959 0.00000 1.20720 0.00000 0.00000 -1.00000 0.00000
1631021806184758 -0.99973 0.02314 0.00000 78.36586 0.02314 0.99973 0.00000 1.61772 0.00000 0.00000 -1.00000 0.00000
1631021806434777 -0.99984 0.01778 0.00000 76.08668 0.01778 0.99984 0.00000 1.99585 0.00000 0.00000 -1.00000 0.00000
1631021806685401 -0.99992 0.01280 -0.00000 73.81439 0.01280 0.99992 0.00000 2.30041 0.00000 0.00000 -1.00000 0.00000
1631021806936033 -1.00000 -0.00052 0.00000 71.56225 -0.00052 1.00000 0.00000 3.20681 -0.00000 0.00000 -1.00000 0.00000
1631021807186043 -0.99984 -0.01807 0.00000 69.21188 -0.01807 0.99984 0.00000 4.38957 -0.00000 0.00000 -1.00000 0.00000
1631021807436057 -0.99964 -0.02693 0.00000 66.94274 -0.02693 0.99964 0.00000 4.98661 -0.00000 0.00000 -1.00000 0.00000
1631021807685436 -0.99930 -0.03742 0.00000 64.77784 -0.03742 0.99930 0.00000 5.66892 -0.00000 0.00000 -1.00000 0.00000
1631021807934192 -0.99887 -0.04743 0.00000 62.51686 -0.04743 0.99887 0.00000 6.29006 -0.00000 0.00000 -1.00000 0.00000
1631021808184206 -0.99887 -0.04761 0.00000 60.28753 -0.04761 0.99887 0.00000 6.26890 -0.00000 0.00000 -1.00000 0.00000
1631021808434216 -0.99904 -0.04382 0.00000 58.09984 -0.04382 0.99904 0.00000 5.95045 -0.00000 0.00000 -1.00000 0.00000
1631021808684227 -0.99898 -0.04523 0.00000 55.86577 -0.04523 0.99898 0.00000 6.04026 -0.00000 0.00000 -1.00000 0.00000
1631021808934856 -0.99888 -0.04722 0.00000 53.64610 -0.04722 0.99888 0.00000 6.25882 -0.00000 0.00000 -1.00000 0.00000
1631021809185503 -0.99916 -0.04090 0.00000 51.54112 -0.04090 0.99916 0.00000 5.92637 -0.00000 0.00000 -1.00000 0.00000
1631021809436136 -0.99951 -0.03140 0.00000 49.37225 -0.03140 0.99951 0.00000 5.25284 -0.00000 0.00000 -1.00000 0.00000
1631021809686769 -0.99982 -0.01903 0.00000 47.28779 -0.01903 0.99982 0.00000 4.66316 -0.00000 0.00000 -1.00000 0.00000
1631021809936778 -0.99997 -0.00787 0.00000 45.20240 -0.00787 0.99997 0.00000 4.07172 -0.00000 0.00000 -1.00000 0.00000
1631021810186157 -1.00000 0.00029 -0.00000 43.14281 0.00029 1.00000 0.00000 3.66561 0.00000 0.00000 -1.00000 0.00000
1631021810436176 -0.99985 0.01739 0.00000 41.09873 0.01739 0.99985 0.00000 2.95585 0.00000 0.00000 -1.00000 0.00000
1631021810686181 -0.99921 0.03981 -0.00000 39.11008 0.03981 0.99921 0.00000 2.07086 0.00000 0.00000 -1.00000 0.00000
1631021810934945 -0.99880 0.04895 -0.00000 36.99798 0.04895 0.99880 0.00000 1.57255 0.00000 0.00000 -1.00000 0.00000
1631021811184324 -0.99846 0.05542 0.00000 34.85729 0.05542 0.99846 0.00000 1.33271 0.00000 0.00000 -1.00000 0.00000
1631021811434339 -0.99780 0.06628 0.00000 32.81102 0.06628 0.99780 0.00000 0.84949 0.00000 0.00000 -1.00000 0.00000
1631021811684976 -0.99680 0.07997 0.00000 30.64653 0.07997 0.99680 0.00000 0.36384 0.00000 0.00000 -1.00000 0.00000
1631021811934974 -0.99656 0.08285 0.00000 28.64580 0.08285 0.99656 0.00000 0.16668 0.00000 0.00000 -1.00000 0.00000
1631021812186242 -0.99657 0.08276 0.00000 26.59039 0.08276 0.99657 0.00000 0.26990 0.00000 0.00000 -1.00000 0.00000
1631021812436875 -0.99616 0.08754 0.00000 24.51002 0.08754 0.99616 0.00000 0.03929 0.00000 0.00000 -1.00000 0.00000
1631021812686881 -0.99553 0.09444 0.00000 22.43024 0.09444 0.99553 0.00000 -0.17035 0.00000 0.00000 -1.00000 -0.00000
1631021812936271 -0.99533 0.09651 0.00000 20.38658 0.09651 0.99533 0.00000 -0.28840 0.00000 0.00000 -1.00000 -0.00000
1631021813185651 -0.99532 0.09662 0.00000 18.34336 0.09662 0.99532 0.00000 -0.32596 0.00000 0.00000 -1.00000 -0.00000
1631021813435050 -0.99569 0.09278 -0.00000 16.29109 0.09278 0.99569 0.00000 -0.21771 0.00000 0.00000 -1.00000 -0.00000
1631021813684425 -0.99548 0.09495 0.00000 14.22607 0.09495 0.99548 0.00000 -0.32972 0.00000 0.00000 -1.00000 -0.00000
1631021813933818 -0.99623 0.08677 0.00000 12.21782 0.08677 0.99623 0.00000 -0.20429 0.00000 0.00000 -1.00000 -0.00000
1631021814184441 -0.99602 0.08916 0.00000 10.09136 0.08916 0.99602 0.00000 -0.14252 0.00000 0.00000 -1.00000 -0.00000
1631021814435087 -0.99624 0.08660 0.00000 8.05095 0.08660 0.99624 0.00000 -0.11317 0.00000 0.00000 -1.00000 -0.00000
1631021814685709 -0.99681 0.07984 0.00000 5.93780 0.07984 0.99681 0.00000 -0.25404 0.00000 0.00000 -1.00000 -0.00000
1631021814936343 -0.99712 0.07590 0.00000 3.86443 0.07590 0.99712 0.00000 -0.25782 0.00000 0.00000 -1.00000 -0.00000
1631021815186357 -0.99740 0.07210 0.00000 1.84674 0.07210 0.99740 0.00000 -0.13291 0.00000 0.00000 -1.00000 -0.00000
1631021815435751 -0.99766 0.06830 0.00000 -0.30391 0.06830 0.99766 0.00000 -0.18760 0.00000 0.00000 -1.00000 -0.00000
1631021815685134 -0.99807 0.06207 0.00000 -2.36073 0.06207 0.99807 0.00000 -0.24360 0.00000 0.00000 -1.00000 -0.00000
1631021815934514 -0.99839 0.05670 -0.00000 -4.45628 0.05670 0.99839 0.00000 -0.29825 0.00000 0.00000 -1.00000 -0.00000
1631021816184523 -0.99851 0.05452 0.00000 -6.57273 0.05452 0.99851 0.00000 -0.45036 0.00000 0.00000 -1.00000 -0.00000
1631021816434540 -0.99879 0.04916 0.00000 -8.73427 0.04916 0.99879 0.00000 -0.44562 0.00000 0.00000 -1.00000 -0.00000
1631021816685168 -0.99941 0.03422 0.00000 -10.78570 0.03422 0.99941 0.00000 -0.72690 0.00000 0.00000 -1.00000 -0.00000
1631021816935811 -0.99938 0.03521 0.00000 -12.95011 0.03521 0.99938 0.00000 -0.67261 0.00000 0.00000 -1.00000 -0.00000
1631021817186444 -0.99914 0.04136 -0.00000 -15.14165 0.04136 0.99914 0.00000 -0.49202 0.00000 0.00000 -1.00000 -0.00000
1631021817436449 -0.99923 0.03921 0.00000 -17.32088 0.03921 0.99923 0.00000 -0.54270 0.00000 0.00000 -1.00000 -0.00000
1631021817686460 -0.99901 0.04447 -0.00000 -19.54159 0.04447 0.99901 0.00000 -0.41134 0.00000 0.00000 -1.00000 -0.00000
1631021817935220 -0.99909 0.04269 0.00000 -21.76295 0.04269 0.99909 0.00000 -0.65623 0.00000 0.00000 -1.00000 -0.00000
1631021818184603 -0.99919 0.04012 0.00000 -23.98178 0.04012 0.99919 0.00000 -0.88228 0.00000 0.00000 -1.00000 -0.00000
1631021818434611 -0.99916 0.04094 0.00000 -26.19109 0.04094 0.99916 0.00000 -0.71335 0.00000 0.00000 -1.00000 -0.00000
1631021818685259 -0.99930 0.03742 -0.00000 -28.46118 0.03742 0.99930 0.00000 -0.89065 0.00000 0.00000 -1.00000 -0.00000
1631021818935880 -0.99938 0.03529 0.00000 -30.76120 0.03529 0.99938 0.00000 -0.90552 0.00000 0.00000 -1.00000 -0.00000
1631021819186521 -0.99945 0.03307 0.00000 -32.95913 0.03307 0.99945 0.00000 -0.90820 0.00000 0.00000 -1.00000 -0.00000
1631021819437150 -0.99956 0.02976 0.00000 -35.17380 0.02976 0.99956 0.00000 -0.91963 0.00000 0.00000 -1.00000 -0.00000
1631021819686538 -0.99985 0.01726 -0.00000 -37.39173 0.01726 0.99985 0.00000 -1.52511 0.00000 0.00000 -1.00000 -0.00000
1631021819935925 -0.99989 0.01485 0.00000 -39.59727 0.01485 0.99989 0.00000 -1.70351 0.00000 0.00000 -1.00000 -0.00000
1631021820185311 -0.99994 0.01101 0.00000 -41.68894 0.01101 0.99994 0.00000 -1.70989 0.00000 0.00000 -1.00000 -0.00000
1631021820434696 -1.00000 0.00064 -0.00000 -43.82112 0.00064 1.00000 0.00000 -2.29174 0.00000 0.00000 -1.00000 -0.00000
1631021820684701 -0.99998 -0.00589 0.00000 -45.95493 -0.00589 0.99998 0.00000 -2.63335 -0.00000 0.00000 -1.00000 -0.00000
1631021820934710 -0.99991 -0.01342 0.00000 -47.89008 -0.01342 0.99991 0.00000 -3.09077 -0.00000 0.00000 -1.00000 -0.00000
1631021821185343 -0.99993 -0.01211 0.00000 -49.90432 -0.01211 0.99993 0.00000 -3.08519 -0.00000 0.00000 -1.00000 -0.00000
1631021821435990 -0.99994 -0.01139 0.00000 -51.93534 -0.01139 0.99994 0.00000 -3.01545 -0.00000 0.00000 -1.00000 -0.00000
1631021821687247 -1.00000 -0.00012 0.00000 -53.86422 -0.00012 1.00000 0.00000 -2.32953 -0.00000 0.00000 -1.00000 -0.00000
1631021821936633 -1.00000 0.00049 0.00000 -55.60404 0.00049 1.00000 0.00000 -2.34741 0.00000 0.00000 -1.00000 -0.00000
1631021822186655 -0.99970 0.02463 -0.00000 -57.39533 0.02463 0.99970 0.00000 -0.98940 0.00000 0.00000 -1.00000 -0.00000
1631021822435408 -0.99856 0.05361 0.00000 -58.98598 0.05361 0.99856 0.00000 0.61030 0.00000 0.00000 -1.00000 0.00000
1631021822684779 -0.99580 0.09159 0.00000 -60.47332 0.09159 0.99580 0.00000 2.76152 0.00000 0.00000 -1.00000 0.00000
1631021822934163 -0.99041 0.13818 0.00000 -61.67600 0.13818 0.99041 0.00000 5.63895 0.00000 0.00000 -1.00000 0.00000
1631021823184179 -0.98098 0.19411 0.00000 -62.60502 0.19411 0.98098 0.00000 9.10837 0.00000 0.00000 -1.00000 0.00000
1631021823434809 -0.96286 0.27000 0.00000 -62.90056 0.27000 0.96286 0.00000 13.95456 0.00000 0.00000 -1.00000 0.00000
1631021823685448 -0.93739 0.34828 0.00000 -62.72973 0.34828 0.93739 0.00000 19.06430 0.00000 0.00000 -1.00000 0.00000
1631021823935460 -0.90205 0.43163 0.00000 -61.88436 0.43163 0.90205 0.00000 24.48671 0.00000 0.00000 -1.00000 0.00000
1631021824186098 -0.84854 0.52913 0.00000 -59.92322 0.52913 0.84854 0.00000 31.22617 0.00000 0.00000 -1.00000 0.00000
1631021824436732 -0.77618 0.63051 0.00000 -56.62344 0.63051 0.77618 0.00000 38.42411 0.00000 0.00000 -1.00000 0.00000
1631021824686110 -0.69431 0.71968 0.00000 -52.69743 0.71968 0.69431 0.00000 44.91629 0.00000 0.00000 -1.00000 0.00000
1631021824935501 -0.59313 0.80510 0.00000 -47.36145 0.80510 0.59313 0.00000 51.43685 0.00000 0.00000 -1.00000 0.00000
1631021825184267 -0.49604 0.86830 0.00000 -42.14852 0.86830 0.49604 0.00000 56.51855 0.00000 0.00000 -1.00000 0.00000
1631021825434266 -0.39696 0.91784 0.00000 -36.67695 0.91784 0.39696 0.00000 60.76757 0.00000 0.00000 -1.00000 0.00000
1631021825684283 -0.30432 0.95257 0.00000 -31.58500 0.95257 0.30432 0.00000 64.12254 0.00000 0.00000 -1.00000 0.00000
1631021825934286 -0.22413 0.97456 0.00000 -27.39614 0.97456 0.22413 0.00000 66.46056 0.00000 0.00000 -1.00000 0.00000
1631021826184930 -0.15106 0.98853 0.00000 -23.60955 0.98853 0.15106 0.00000 68.35890 0.00000 0.00000 -1.00000 0.00000
1631021826435564 -0.11135 0.99378 -0.00000 -22.16035 0.99378 0.11135 0.00000 69.12878 0.00000 0.00000 -1.00000 0.00000
1631021826685568 -0.08202 0.99663 0.00000 -21.51092 0.99663 0.08202 0.00000 69.73106 0.00000 0.00000 -1.00000 0.00000
1631021826936201 -0.05715 0.99837 0.00000 -21.21979 0.99837 0.05715 0.00000 70.26585 0.00000 0.00000 -1.00000 0.00000
1631021827186219 -0.05052 0.99872 0.00000 -22.21118 0.99872 0.05052 0.00000 70.44218 0.00000 0.00000 -1.00000 0.00000
1631021827436228 -0.04125 0.99915 -0.00000 -23.08499 0.99915 0.04125 0.00000 70.46535 0.00000 0.00000 -1.00000 0.00000
1631021827685611 -0.02693 0.99964 0.00000 -23.70842 0.99964 0.02693 0.00000 70.83392 0.00000 0.00000 -1.00000 0.00000
1631021827934993 -0.01015 0.99995 0.00000 -24.16615 0.99995 0.01015 0.00000 71.11058 0.00000 0.00000 -1.00000 0.00000
1631021828185003 -0.00196 1.00000 -0.00000 -25.33631 1.00000 0.00196 0.00000 71.47374 0.00000 0.00000 -1.00000 0.00000
1631021828434396 0.01014 0.99995 0.00000 -26.20220 0.99995 -0.01014 0.00000 71.55353 0.00000 -0.00000 -1.00000 0.00000
1631021828685026 0.01951 0.99981 0.00000 -27.29595 0.99981 -0.01951 0.00000 71.92016 0.00000 -0.00000 -1.00000 0.00000
1631021828935663 0.02270 0.99974 -0.00000 -28.96903 0.99974 -0.02270 0.00000 72.03795 0.00000 -0.00000 -1.00000 0.00000
1631021829186297 0.03291 0.99946 0.00000 -29.99538 0.99946 -0.03291 0.00000 72.11138 0.00000 -0.00000 -1.00000 0.00000
1631021829436933 0.05002 0.99875 0.00000 -30.65917 0.99875 -0.05002 0.00000 72.66510 0.00000 -0.00000 -1.00000 0.00000
1631021829687572 0.07699 0.99703 0.00000 -30.63636 0.99703 -0.07699 0.00000 73.43518 0.00000 -0.00000 -1.00000 0.00000
1631021829937573 0.10026 0.99496 0.00000 -30.77333 0.99496 -0.10026 0.00000 74.12653 0.00000 -0.00000 -1.00000 0.00000
1631021830187588 0.13591 0.99072 0.00000 -29.88657 0.99072 -0.13591 0.00000 75.15342 0.00000 -0.00000 -1.00000 0.00000
1631021830436351 0.15124 0.98850 0.00000 -30.59658 0.98850 -0.15124 0.00000 75.41952 0.00000 -0.00000 -1.00000 0.00000
1631021830686356 0.15226 0.98834 -0.00000 -32.47121 0.98834 -0.15226 0.00000 75.36094 0.00000 -0.00000 -1.00000 0.00000
1631021830935115 0.14410 0.98956 0.00000 -35.00263 0.98956 -0.14410 0.00000 75.07222 0.00000 -0.00000 -1.00000 0.00000
1631021831185131 0.13057 0.99144 0.00000 -38.04677 0.99144 -0.13057 0.00000 74.57697 0.00000 -0.00000 -1.00000 0.00000
1631021831434513 0.11800 0.99301 -0.00000 -40.85669 0.99301 -0.11800 0.00000 74.01027 0.00000 -0.00000 -1.00000 0.00000
1631021831684525 0.10054 0.99493 -0.00000 -43.97429 0.99493 -0.10054 0.00000 73.26577 0.00000 -0.00000 -1.00000 0.00000
1631021831935163 0.08369 0.99649 0.00000 -47.26430 0.99649 -0.08369 0.00000 72.41623 0.00000 -0.00000 -1.00000 0.00000
1631021832185792 0.06190 0.99808 0.00000 -50.83703 0.99808 -0.06190 0.00000 71.26964 0.00000 -0.00000 -1.00000 0.00000
1631021832437056 0.04654 0.99892 0.00000 -54.02385 0.99892 -0.04654 0.00000 70.54945 0.00000 -0.00000 -1.00000 0.00000
1631021832687063 0.03026 0.99954 0.00000 -57.20107 0.99954 -0.03026 0.00000 69.61175 0.00000 -0.00000 -1.00000 0.00000
1631021832937077 0.01495 0.99989 0.00000 -60.27020 0.99989 -0.01495 0.00000 68.58624 0.00000 -0.00000 -1.00000 0.00000
1631021833187091 0.00847 0.99996 0.00000 -62.88028 0.99996 -0.00847 0.00000 68.26786 0.00000 -0.00000 -1.00000 0.00000
1631021833436474 0.01342 0.99991 -0.00000 -64.60709 0.99991 -0.01342 0.00000 68.51308 0.00000 -0.00000 -1.00000 0.00000
1631021833685859 0.02173 0.99976 0.00000 -66.00177 0.99976 -0.02173 0.00000 68.96709 0.00000 -0.00000 -1.00000 0.00000
1631021833935241 0.02541 0.99968 0.00000 -67.73693 0.99968 -0.02541 0.00000 69.20461 0.00000 -0.00000 -1.00000 0.00000
1631021834185255 0.03226 0.99948 0.00000 -69.32908 0.99948 -0.03226 0.00000 69.54288 0.00000 -0.00000 -1.00000 0.00000
1631021834435271 0.04215 0.99911 -0.00000 -70.68218 0.99911 -0.04215 0.00000 70.20542 0.00000 -0.00000 -1.00000 0.00000
1631021834685894 0.03139 0.99951 0.00000 -73.36431 0.99951 -0.03139 0.00000 69.45229 0.00000 -0.00000 -1.00000 0.00000
1631021834936536 0.01052 0.99994 -0.00000 -76.68903 0.99994 -0.01052 0.00000 67.84601 0.00000 -0.00000 -1.00000 0.00000
1631021835187169 -0.02311 0.99973 0.00000 -80.80372 0.99973 0.02311 0.00000 65.25095 0.00000 0.00000 -1.00000 0.00000
1631021835436553 -0.07947 0.99684 0.00000 -86.07404 0.99684 0.07947 0.00000 60.46108 0.00000 0.00000 -1.00000 0.00000
1631021835686570 -0.13024 0.99148 0.00000 -90.80368 0.99148 0.13024 0.00000 56.02277 0.00000 0.00000 -1.00000 0.00000
1631021835935956 -0.19582 0.98064 0.00000 -95.99621 0.98064 0.19582 0.00000 49.66159 0.00000 0.00000 -1.00000 0.00000
1631021836185333 -0.27245 0.96217 -0.00000 -101.30439 0.96217 0.27245 0.00000 42.02385 0.00000 0.00000 -1.00000 0.00000
1631021836435973 -0.33616 0.94180 0.00000 -105.39788 0.94180 0.33616 0.00000 35.11313 0.00000 0.00000 -1.00000 0.00000
1631021836685978 -0.42005 0.90750 0.00000 -109.66239 0.90750 0.42005 0.00000 25.39791 0.00000 0.00000 -1.00000 0.00000
1631021836937244 -0.49314 0.86995 0.00000 -112.95932 0.86995 0.49314 0.00000 16.29061 0.00000 0.00000 -1.00000 0.00000
1631021837187258 -0.57399 0.81886 0.00000 -115.46683 0.81886 0.57399 0.00000 5.33390 0.00000 0.00000 -1.00000 0.00000
1631021837437263 -0.64830 0.76138 0.00000 -117.07071 0.76138 0.64830 0.00000 -5.54026 0.00000 0.00000 -1.00000 -0.00000
1631021837687271 -0.72415 0.68965 0.00000 -117.30116 0.68965 0.72415 0.00000 -17.67526 0.00000 0.00000 -1.00000 -0.00000
1631021837937300 -0.78496 0.61955 0.00000 -116.71130 0.61955 0.78496 0.00000 -28.52313 0.00000 0.00000 -1.00000 -0.00000
1631021838186039 -0.84065 0.54157 0.00000 -114.91827 0.54157 0.84065 0.00000 -39.65367 0.00000 0.00000 -1.00000 -0.00000
1631021838435437 -0.88902 0.45786 0.00000 -112.06548 0.45786 0.88902 0.00000 -50.58078 0.00000 0.00000 -1.00000 -0.00000
1631021838685437 -0.92550 0.37874 -0.00000 -108.63486 0.37874 0.92550 0.00000 -60.12424 0.00000 0.00000 -1.00000 -0.00000
1631021838936068 -0.94828 0.31743 0.00000 -105.96224 0.31743 0.94828 0.00000 -67.11047 0.00000 0.00000 -1.00000 -0.00000
1631021839186714 -0.96257 0.27104 -0.00000 -104.12097 0.27104 0.96257 0.00000 -72.18860 0.00000 0.00000 -1.00000 -0.00000
1631021839437969 -0.97167 0.23634 0.00000 -103.04441 0.23634 0.97167 0.00000 -75.70480 0.00000 0.00000 -1.00000 -0.00000
1631021839687355 -0.97572 0.21901 0.00000 -103.24628 0.21901 0.97572 0.00000 -77.68637 0.00000 0.00000 -1.00000 -0.00000
1631021839937364 -0.97310 0.23038 0.00000 -105.80127 0.23038 0.97310 0.00000 -76.43140 0.00000 0.00000 -1.00000 -0.00000
1631021840186744 -0.96929 0.24591 -0.00000 -108.67029 0.24591 0.96929 0.00000 -74.76720 0.00000 0.00000 -1.00000 -0.00000
1631021840436136 -0.95911 0.28303 -0.00000 -113.12369 0.28303 0.95911 0.00000 -70.43584 0.00000 0.00000 -1.00000 -0.00000
1631021840685519 -0.94512 0.32673 0.00000 -117.93669 0.32673 0.94512 0.00000 -65.23237 0.00000 0.00000 -1.00000 -0.00000
1631021840935532 -0.92719 0.37459 0.00000 -122.83364 0.37459 0.92719 0.00000 -59.19792 0.00000 0.00000 -1.00000 -0.00000
1631021841184923 -0.90509 0.42523 0.00000 -127.70454 0.42523 0.90509 0.00000 -52.33768 0.00000 0.00000 -1.00000 -0.00000
1631021841436173 -0.87887 0.47706 0.00000 -132.31631 0.47706 0.87887 0.00000 -44.78533 0.00000 0.00000 -1.00000 -0.00000
