1565943700462403 0.99997 0.00708 -0.00000 -1.03094 -0.00708 0.99997 0.00000 0.03308 0.00000 -0.00000 1.00000 -0.00000
1565943700712652 0.99996 0.00930 -0.00000 -1.29876 -0.00930 0.99996 0.00000 -0.01154 0.00000 -0.00000 1.00000 0.00000
1565943700963489 0.99995 0.01034 -0.00000 -1.75804 -0.01034 0.99995 0.00000 0.01008 0.00000 -0.00000 1.00000 0.00000
1565943701214247 0.99994 0.01139 -0.00000 -2.15700 -0.01139 0.99994 0.00000 -0.02263 0.00000 -0.00000 1.00000 0.00000
1565943701465218 0.99992 0.01265 -0.00000 -2.64014 -0.01265 0.99992 0.00000 0.00560 0.00000 -0.00000 1.00000 0.00000
1565943701715425 0.99990 0.01428 -0.00000 -3.17253 -0.01428 0.99990 0.00000 0.00403 0.00000 -0.00000 1.00000 0.00000
1565943701966096 0.99986 0.01665 -0.00000 -3.78248 -0.01665 0.99986 0.00000 -0.03383 0.00000 -0.00000 1.00000 0.00000
1565943702216878 0.99985 0.01707 -0.00000 -4.41374 -0.01707 0.99985 0.00000 -0.02643 0.00000 -0.00000 1.00000 0.00000
1565943702467916 0.99981 0.01936 -0.00000 -5.16474 -0.01936 0.99981 0.00000 0.00220 0.00000 -0.00000 1.00000 0.00000
1565943702717649 0.99981 0.01927 -0.00000 -5.92931 -0.01927 0.99981 0.00000 -0.02828 0.00000 -0.00000 1.00000 0.00000
1565943702970380 0.99976 0.02180 -0.00000 -6.77686 -0.02180 0.99976 0.00000 0.01822 0.00000 -0.00000 1.00000 0.00000
1565943703220795 0.99974 0.02266 -0.00000 -7.67226 -0.02266 0.99974 0.00000 0.00530 0.00000 -0.00000 1.00000 0.00000
1565943703470469 0.99971 0.02396 -0.00000 -8.64180 -0.02396 0.99971 0.00000 0.04342 0.00000 -0.00000 1.00000 0.00000
1565943703720972 0.99953 0.03051 -0.00000 -9.68284 -0.03051 0.99953 0.00000 0.10055 0.00000 -0.00000 1.00000 0.00000
1565943703971268 0.99945 0.03328 -0.00000 -10.78706 -0.03328 0.99945 0.00000 0.11299 0.00000 -0.00000 1.00000 0.00000
1565943704222060 0.99923 0.03934 -0.00000 -11.92405 -0.03934 0.99923 0.00000 0.15522 0.00000 -0.00000 1.00000 0.00000
1565943704472267 0.99901 0.04454 -0.00000 -13.13773 -0.04454 0.99901 0.00000 0.23697 0.00000 -0.00000 1.00000 0.00000
1565943704722912 0.99881 0.04869 -0.00000 -14.42188 -0.04869 0.99881 0.00000 0.23232 0.00000 -0.00000 1.00000 0.00000
1565943704973635 0.99850 0.05468 -0.00000 -15.73136 -0.05468 0.99850 0.00000 0.37190 0.00000 -0.00000 1.00000 0.00000
1565943705223832 0.99831 0.05806 -0.00000 -17.11150 -0.05806 0.99831 0.00000 0.41233 0.00000 -0.00000 1.00000 0.00000
1565943705475019 0.99776 0.06683 -0.00000 -18.55216 -0.06683 0.99776 0.00000 0.54494 0.00000 -0.00000 1.00000 0.00000
1565943705725175 0.99730 0.07339 -0.00000 -20.07148 -0.07339 0.99730 0.00000 0.67883 0.00000 -0.00000 1.00000 0.00000
1565943705976023 0.99698 0.07762 -0.00000 -21.57579 -0.07762 0.99698 0.00000 0.78970 0.00000 -0.00000 1.00000 0.00000
1565943706226669 0.99657 0.08270 -0.00000 -23.17059 -0.08270 0.99657 0.00000 0.83604 0.00000 -0.00000 1.00000 0.00000
1565943706477139 0.99627 0.08630 -0.00000 -24.83275 -0.08630 0.99627 0.00000 0.94736 0.00000 -0.00000 1.00000 0.00000
1565943706728044 0.99600 0.08936 -0.00000 -26.51907 -0.08936 0.99600 0.00000 1.03636 0.00000 -0.00000 1.00000 0.00000
1565943706979443 0.99590 0.09051 -0.00000 -28.25859 -0.09051 0.99590 0.00000 1.07757 0.00000 -0.00000 1.00000 0.00000
1565943707230143 0.99579 0.09170 -0.00000 -30.04598 -0.09170 0.99579 0.00000 1.09479 0.00000 -0.00000 1.00000 0.00000
1565943707481094 0.99599 0.08949 -0.00000 -31.89639 -0.08949 0.99599 0.00000 1.08097 0.00000 -0.00000 1.00000 0.00000
1565943707731325 0.99627 0.08634 -0.00000 -33.77859 -0.08634 0.99627 0.00000 0.94656 0.00000 -0.00000 1.00000 0.00000
1565943707981869 0.99675 0.08057 -0.00000 -35.71393 -0.08057 0.99675 0.00000 0.80565 0.00000 -0.00000 1.00000 0.00000
1565943708232165 0.99727 0.07389 -0.00000 -37.68748 -0.07389 0.99727 0.00000 0.55164 0.00000 -0.00000 1.00000 0.00000
1565943708483372 0.99776 0.06691 -0.00000 -39.71047 -0.06691 0.99776 0.00000 0.33160 0.00000 -0.00000 1.00000 0.00000
1565943708733453 0.99816 0.06070 -0.00000 -41.76715 -0.06070 0.99816 0.00000 0.09662 0.00000 -0.00000 1.00000 0.00000
1565943708983682 0.99862 0.05247 -0.00000 -43.83972 -0.05247 0.99862 0.00000 -0.23312 0.00000 -0.00000 1.00000 0.00000
1565943709234564 0.99902 0.04432 -0.00000 -45.98930 -0.04432 0.99902 0.00000 -0.53747 0.00000 -0.00000 1.00000 0.00000
1565943709484793 0.99932 0.03677 -0.00000 -48.16500 -0.03677 0.99932 0.00000 -0.85117 0.00000 -0.00000 1.00000 0.00000
1565943709735208 0.99961 0.02809 -0.00000 -50.36073 -0.02809 0.99961 0.00000 -1.21329 0.00000 -0.00000 1.00000 0.00000
1565943709986460 0.99982 0.01916 -0.00000 -52.61550 -0.01916 0.99982 0.00000 -1.63160 0.00000 -0.00000 1.00000 0.00000
1565943710237028 0.99992 0.01233 -0.00000 -54.89673 -0.01233 0.99992 0.00000 -1.99868 0.00000 -0.00000 1.00000 0.00000
1565943710487122 0.99995 0.01035 -0.00000 -57.22490 -0.01035 0.99995 0.00000 -2.07043 0.00000 -0.00000 1.00000 0.00000
1565943710738122 0.99993 0.01148 -0.00000 -59.58191 -0.01148 0.99993 0.00000 -2.02074 0.00000 -0.00000 1.00000 0.00000
1565943710987685 0.99992 0.01278 -0.00000 -62.00382 -0.01278 0.99992 0.00000 -1.92333 0.00000 -0.00000 1.00000 0.00000
1565943711239866 0.99990 0.01446 -0.00000 -64.45271 -0.01446 0.99990 0.00000 -1.80330 0.00000 -0.00000 1.00000 0.00000
1565943711490493 0.99987 0.01636 -0.00000 -66.93050 -0.01636 0.99987 0.00000 -1.64616 0.00000 -0.00000 1.00000 0.00000
1565943711740090 0.99990 0.01438 -0.00000 -69.42882 -0.01438 0.99990 0.00000 -1.76145 0.00000 -0.00000 1.00000 0.00000
1565943711991146 0.99990 0.01429 -0.00000 -71.97701 -0.01429 0.99990 0.00000 -1.69739 0.00000 -0.00000 1.00000 0.00000
1565943712241087 0.99991 0.01334 -0.00000 -74.55144 -0.01334 0.99991 0.00000 -1.80671 0.00000 -0.00000 1.00000 0.00000
1565943712492026 0.99991 0.01356 -0.00000 -77.14885 -0.01356 0.99991 0.00000 -1.72889 0.00000 -0.00000 1.00000 0.00000
1565943712743233 0.99992 0.01288 -0.00000 -79.77404 -0.01288 0.99992 0.00000 -1.80089 0.00000 -0.00000 1.00000 0.00000
1565943712993560 0.99995 0.01022 -0.00000 -82.44190 -0.01022 0.99995 0.00000 -1.95475 0.00000 -0.00000 1.00000 0.00000
1565943713243900 0.99996 0.00932 -0.00000 -85.12080 -0.00932 0.99996 0.00000 -2.00861 0.00000 -0.00000 1.00000 0.00000
1565943713494906 0.99997 0.00815 -0.00000 -87.83511 -0.00815 0.99997 0.00000 -2.04652 0.00000 -0.00000 1.00000 0.00000
1565943713745377 0.99999 0.00492 -0.00000 -90.58426 -0.00492 0.99999 0.00000 -2.32617 0.00000 -0.00000 1.00000 0.00000
1565943713995638 1.00000 0.00292 -0.00000 -93.27067 -0.00292 1.00000 0.00000 -2.45308 0.00000 -0.00000 1.00000 0.00000
1565943714245755 1.00000 0.00230 -0.00000 -95.97050 -0.00230 1.00000 0.00000 -2.44798 0.00000 -0.00000 1.00000 0.00000
1565943714496290 0.99999 -0.00416 0.00000 -98.63308 0.00416 0.99999 -0.00000 -3.19456 -0.00000 0.00000 1.00000 0.00000
1565943714746878 0.99998 -0.00704 0.00000 -101.25466 0.00704 0.99998 -0.00000 -3.42650 -0.00000 0.00000 1.00000 0.00000
1565943714997385 0.99997 -0.00768 0.00000 -103.87305 0.00768 0.99997 -0.00000 -3.46008 -0.00000 0.00000 1.00000 0.00000
1565943715248436 0.99998 -0.00668 0.00000 -106.48662 0.00668 0.99998 -0.00000 -3.37063 -0.00000 0.00000 1.00000 0.00000
1565943715498941 0.99999 -0.00522 0.00000 -109.07920 0.00522 0.99999 -0.00000 -3.20144 -0.00000 0.00000 1.00000 0.00000
1565943715750188 1.00000 -0.00277 0.00000 -111.62505 0.00277 1.00000 -0.00000 -2.91625 -0.00000 0.00000 1.00000 0.00000
1565943715999524 0.99997 0.00766 -0.00000 -114.16623 -0.00766 0.99997 0.00000 -1.70501 0.00000 -0.00000 1.00000 0.00000
1565943716250101 0.99985 0.01715 -0.00000 -116.69499 -0.01715 0.99985 0.00000 -0.62871 0.00000 -0.00000 1.00000 0.00000
1565943716500841 0.99952 0.03084 -0.00000 -119.20499 -0.03084 0.99952 0.00000 1.08867 0.00000 -0.00000 1.00000 0.00000
1565943716751019 0.99912 0.04190 -0.00000 -121.71980 -0.04190 0.99912 0.00000 2.36444 0.00000 -0.00000 1.00000 0.00000
1565943717001733 0.99842 0.05613 -0.00000 -124.22563 -0.05613 0.99842 0.00000 4.15842 0.00000 -0.00000 1.00000 0.00000
1565943717252167 0.99797 0.06363 -0.00000 -126.69134 -0.06363 0.99797 0.00000 5.12541 0.00000 -0.00000 1.00000 0.00000
1565943717502544 0.99746 0.07117 -0.00000 -129.13202 -0.07117 0.99746 0.00000 6.14732 0.00000 -0.00000 1.00000 0.00000
1565943717753298 0.99726 0.07402 -0.00000 -131.68907 -0.07402 0.99726 0.00000 6.52085 0.00000 -0.00000 1.00000 0.00000
1565943718003818 0.99690 0.07863 -0.00000 -134.17477 -0.07863 0.99690 0.00000 7.21659 0.00000 -0.00000 1.00000 0.00000
1565943718254543 0.99703 0.07696 -0.00000 -136.72822 -0.07696 0.99703 0.00000 6.95466 0.00000 -0.00000 1.00000 0.00000
1565943718504956 0.99710 0.07604 -0.00000 -139.28543 -0.07604 0.99710 0.00000 6.86786 0.00000 -0.00000 1.00000 0.00000
1565943718755429 0.99745 0.07132 -0.00000 -141.86180 -0.07132 0.99745 0.00000 6.22027 0.00000 -0.00000 1.00000 0.00000
1565943719005867 0.99805 0.06236 -0.00000 -144.42944 -0.06236 0.99805 0.00000 4.95823 0.00000 -0.00000 1.00000 0.00000
1565943719256663 0.99851 0.05466 -0.00000 -146.97311 -0.05466 0.99851 0.00000 3.81020 0.00000 -0.00000 1.00000 0.00000
1565943719506597 0.99875 0.04997 -0.00000 -149.49628 -0.04997 0.99875 0.00000 3.07558 0.00000 -0.00000 1.00000 0.00000
1565943719757240 0.99909 0.04261 -0.00000 -151.96262 -0.04261 0.99909 0.00000 2.01768 0.00000 -0.00000 1.00000 0.00000
1565943720007856 0.99930 0.03731 -0.00000 -154.45534 -0.03731 0.99930 0.00000 1.16871 0.00000 -0.00000 1.00000 0.00000
1565943720258680 0.99945 0.03322 -0.00000 -156.88226 -0.03322 0.99945 0.00000 0.57302 0.00000 -0.00000 1.00000 0.00000
1565943720509320 0.99962 0.02768 -0.00000 -159.26691 -0.02768 0.99962 0.00000 -0.27347 0.00000 -0.00000 1.00000 0.00000
1565943720759818 0.99971 0.02420 -0.00000 -161.67084 -0.02420 0.99971 0.00000 -0.87232 0.00000 -0.00000 1.00000 0.00000
1565943721009980 0.99980 0.02019 -0.00000 -164.00648 -0.02019 0.99980 0.00000 -1.44301 0.00000 -0.00000 1.00000 0.00000
1565943721260725 0.99987 0.01618 -0.00000 -166.38442 -0.01618 0.99987 0.00000 -2.13301 0.00000 -0.00000 1.00000 0.00000
1565943721511009 0.99995 0.01026 -0.00000 -168.68831 -0.01026 0.99995 0.00000 -3.11726 0.00000 -0.00000 1.00000 0.00000
1565943721761744 0.99999 0.00543 -0.00000 -170.98533 -0.00543 0.99999 0.00000 -3.93847 0.00000 -0.00000 1.00000 0.00000
1565943722012376 0.99999 0.00344 -0.00000 -173.28323 -0.00344 0.99999 0.00000 -4.23331 0.00000 -0.00000 1.00000 0.00000
1565943722263116 1.00000 0.00127 -0.00000 -175.57244 -0.00127 1.00000 0.00000 -4.55230 0.00000 -0.00000 1.00000 0.00000
1565943722513447 1.00000 -0.00069 0.00000 -177.82089 0.00069 1.00000 -0.00000 -4.81368 -0.00000 0.00000 1.00000 0.00000
1565943722763978 1.00000 -0.00111 0.00000 -180.06634 0.00111 1.00000 -0.00000 -4.91864 -0.00000 0.00000 1.00000 0.00000
1565943723014712 1.00000 -0.00068 0.00000 -182.31142 0.00068 1.00000 -0.00000 -4.84679 -0.00000 0.00000 1.00000 0.00000
1565943723265272 1.00000 -0.00302 0.00000 -184.51295 0.00302 1.00000 -0.00000 -5.28027 -0.00000 0.00000 1.00000 0.00000
1565943723515788 0.99999 -0.00474 0.00000 -186.70364 0.00474 0.99999 -0.00000 -5.54971 -0.00000 0.00000 1.00000 0.00000
1565943723766146 0.99999 -0.00482 0.00000 -188.87971 0.00482 0.99999 -0.00000 -5.53212 -0.00000 0.00000 1.00000 0.00000
1565943724016550 0.99999 -0.00469 0.00000 -191.02060 0.00469 0.99999 -0.00000 -5.53425 -0.00000 0.00000 1.00000 0.00000
1565943724270774 1.00000 -0.00242 0.00000 -193.13610 0.00242 1.00000 -0.00000 -5.02119 -0.00000 0.00000 1.00000 0.00000
1565943724517663 1.00000 -0.00132 0.00000 -195.24789 0.00132 1.00000 -0.00000 -4.86835 -0.00000 0.00000 1.00000 0.00000
1565943724767465 1.00000 0.00022 -0.00000 -197.33569 -0.00022 1.00000 0.00000 -4.57610 0.00000 -0.00000 1.00000 0.00000
1565943725019162 1.00000 -0.00042 0.00000 -199.41148 0.00042 1.00000 -0.00000 -4.78361 -0.00000 0.00000 1.00000 0.00000
1565943725277179 1.00000 0.00101 -0.00000 -201.42990 -0.00101 1.00000 0.00000 -4.50755 0.00000 -0.00000 1.00000 0.00000
1565943725520290 1.00000 0.00167 -0.00000 -203.46745 -0.00167 1.00000 0.00000 -4.46538 0.00000 -0.00000 1.00000 0.00000
1565943725770787 1.00000 -0.00049 0.00000 -205.45016 0.00049 1.00000 -0.00000 -4.93737 -0.00000 0.00000 1.00000 0.00000
1565943726021669 1.00000 -0.00019 0.00000 -207.40388 0.00019 1.00000 -0.00000 -4.80798 -0.00000 0.00000 1.00000 0.00000
1565943726271476 1.00000 0.00025 -0.00000 -209.33210 -0.00025 1.00000 0.00000 -4.74784 0.00000 -0.00000 1.00000 0.00000
1565943726522162 1.00000 0.00046 -0.00000 -211.22087 -0.00046 1.00000 0.00000 -4.66306 0.00000 -0.00000 1.00000 0.00000
1565943726773011 1.00000 0.00273 -0.00000 -213.06724 -0.00273 1.00000 0.00000 -4.22797 0.00000 -0.00000 1.00000 0.00000
1565943727023391 1.00000 0.00060 -0.00000 -214.88696 -0.00060 1.00000 0.00000 -4.62551 0.00000 -0.00000 1.00000 0.00000
1565943727276535 1.00000 0.00062 -0.00000 -216.66435 -0.00062 1.00000 0.00000 -4.65847 0.00000 -0.00000 1.00000 0.00000
1565943727524003 1.00000 -0.00050 0.00000 -218.40085 0.00050 1.00000 -0.00000 -4.77880 -0.00000 0.00000 1.00000 0.00000
1565943727774882 0.99999 -0.00326 0.00000 -220.04426 0.00326 0.99999 -0.00000 -5.42628 -0.00000 0.00000 1.00000 0.00000
1565943728025241 0.99998 -0.00576 0.00000 -221.65775 0.00576 0.99998 -0.00000 -5.95352 -0.00000 0.00000 1.00000 0.00000
1565943728275420 0.99998 -0.00700 0.00000 -223.22778 0.00700 0.99998 -0.00000 -6.22727 -0.00000 0.00000 1.00000 0.00000
1565943728525978 0.99996 -0.00923 0.00000 -224.74795 0.00923 0.99996 -0.00000 -6.72479 -0.00000 0.00000 1.00000 0.00000
1565943728776464 0.99995 -0.00990 0.00000 -226.20809 0.00990 0.99995 -0.00000 -6.82123 -0.00000 0.00000 1.00000 0.00000
1565943729026989 0.99993 -0.01168 0.00000 -227.58685 0.01168 0.99993 -0.00000 -7.25517 -0.00000 0.00000 1.00000 0.00000
1565943729277479 0.99992 -0.01249 0.00000 -228.91608 0.01249 0.99992 -0.00000 -7.39168 -0.00000 0.00000 1.00000 0.00000
1565943729527757 0.99994 -0.01063 0.00000 -230.22229 0.01063 0.99994 -0.00000 -6.96136 -0.00000 0.00000 1.00000 0.00000
1565943729777287 0.99995 -0.01034 0.00000 -231.38623 0.01034 0.99995 -0.00000 -6.86419 -0.00000 0.00000 1.00000 0.00000
1565943730027702 0.99991 -0.01356 0.00000 -232.47529 0.01356 0.99991 -0.00000 -7.60370 -0.00000 0.00000 1.00000 0.00000
1565943730277719 0.99994 -0.01078 0.00000 -233.49222 0.01078 0.99994 -0.00000 -6.93184 -0.00000 0.00000 1.00000 0.00000
1565943730529199 0.99992 -0.01234 0.00000 -234.43813 0.01234 0.99992 -0.00000 -7.27699 -0.00000 0.00000 1.00000 0.00000
1565943730779168 0.99990 -0.01395 0.00000 -235.27161 0.01395 0.99990 -0.00000 -7.63693 -0.00000 0.00000 1.00000 0.00000
1565943731029142 0.99994 -0.01072 0.00000 -236.02718 0.01072 0.99994 -0.00000 -6.92499 -0.00000 0.00000 1.00000 0.00000
1565943731279860 0.99990 -0.01381 0.00000 -236.62721 0.01381 0.99990 -0.00000 -7.60445 -0.00000 0.00000 1.00000 0.00000
1565943731529533 0.99991 -0.01324 0.00000 -237.20333 0.01324 0.99991 -0.00000 -7.50724 -0.00000 0.00000 1.00000 0.00000
1565943731779882 0.99991 -0.01362 0.00000 -237.71153 0.01362 0.99991 -0.00000 -7.55397 -0.00000 0.00000 1.00000 0.00000
1565943732030415 0.99987 -0.01591 0.00000 -238.09747 0.01591 0.99987 -0.00000 -8.10504 -0.00000 0.00000 1.00000 0.00000
1565943732280662 0.99988 -0.01540 0.00000 -238.47393 0.01540 0.99988 -0.00000 -7.97435 -0.00000 0.00000 1.00000 0.00000
1565943732531205 0.99986 -0.01657 0.00000 -238.72375 0.01657 0.99986 -0.00000 -8.26009 -0.00000 0.00000 1.00000 0.00000
1565943732781526 0.99989 -0.01505 0.00000 -238.94934 0.01505 0.99989 -0.00000 -7.92175 -0.00000 0.00000 1.00000 0.00000
1565943733031859 0.99986 -0.01693 0.00000 -239.05036 0.01693 0.99986 -0.00000 -8.34850 -0.00000 0.00000 1.00000 0.00000
1565943733282102 0.99987 -0.01627 0.00000 -239.14684 0.01627 0.99987 -0.00000 -8.19916 -0.00000 0.00000 1.00000 0.00000
1565943733532605 0.99986 -0.01693 0.00000 -239.15050 0.01693 0.99986 -0.00000 -8.31446 -0.00000 0.00000 1.00000 0.00000
1565943733783441 0.99987 -0.01595 0.00000 -239.15434 0.01595 0.99987 -0.00000 -8.13064 -0.00000 0.00000 1.00000 0.00000
1565943734034397 0.99985 -0.01735 0.00000 -239.18926 0.01735 0.99985 -0.00000 -8.43269 -0.00000 0.00000 1.00000 0.00000
1565943734284912 0.99985 -0.01708 0.00000 -239.17125 0.01708 0.99985 -0.00000 -8.38373 -0.00000 0.00000 1.00000 0.00000
1565943734535649 0.99985 -0.01756 0.00000 -239.18103 0.01756 0.99985 -0.00000 -8.48037 -0.00000 0.00000 1.00000 0.00000
1565943734786299 0.99983 -0.01823 0.00000 -239.17783 0.01823 0.99983 -0.00000 -8.62787 -0.00000 0.00000 1.00000 0.00000
1565943735036868 0.99984 -0.01813 0.00000 -239.16539 0.01813 0.99984 -0.00000 -8.60251 -0.00000 0.00000 1.00000 0.00000
1565943735287326 0.99984 -0.01780 0.00000 -239.17672 0.01780 0.99984 -0.00000 -8.54026 -0.00000 0.00000 1.00000 0.00000
1565943735538025 0.99985 -0.01745 0.00000 -239.17726 0.01745 0.99985 -0.00000 -8.45972 -0.00000 0.00000 1.00000 0.00000
1565943735787573 0.99984 -0.01767 0.00000 -239.18400 0.01767 0.99984 -0.00000 -8.50892 -0.00000 0.00000 1.00000 0.00000
1565943736039030 0.99985 -0.01730 0.00000 -239.19319 0.01730 0.99985 -0.00000 -8.42691 -0.00000 0.00000 1.00000 0.00000
1565943736290028 0.99985 -0.01752 0.00000 -239.18691 0.01752 0.99985 -0.00000 -8.47703 -0.00000 0.00000 1.00000 0.00000
1565943736540464 0.99984 -0.01767 0.00000 -239.16980 0.01767 0.99984 -0.00000 -8.50188 -0.00000 0.00000 1.00000 0.00000
1565943736790869 0.99985 -0.01758 0.00000 -239.17725 0.01758 0.99985 -0.00000 -8.47268 -0.00000 0.00000 1.00000 0.00000
1565943737041946 0.99986 -0.01701 0.00000 -239.18259 0.01701 0.99986 -0.00000 -8.34418 -0.00000 0.00000 1.00000 0.00000
1565943737292259 0.99985 -0.01718 0.00000 -239.19220 0.01718 0.99985 -0.00000 -8.38201 -0.00000 0.00000 1.00000 0.00000
1565943737543125 0.99985 -0.01706 0.00000 -239.18337 0.01706 0.99985 -0.00000 -8.37103 -0.00000 0.00000 1.00000 0.00000
1565943737793537 0.99985 -0.01723 0.00000 -239.19092 0.01723 0.99985 -0.00000 -8.39954 -0.00000 0.00000 1.00000 0.00000
1565943738044482 0.99985 -0.01743 0.00000 -239.18561 0.01743 0.99985 -0.00000 -8.45292 -0.00000 0.00000 1.00000 0.00000
1565943738294967 0.99985 -0.01746 0.00000 -239.18579 0.01746 0.99985 -0.00000 -8.45917 -0.00000 0.00000 1.00000 0.00000
1565943738545502 0.99986 -0.01700 0.00000 -239.19966 0.01700 0.99986 -0.00000 -8.36301 -0.00000 0.00000 1.00000 0.00000
1565943738795974 0.99985 -0.01705 0.00000 -239.18548 0.01705 0.99985 -0.00000 -8.36576 -0.00000 0.00000 1.00000 0.00000
1565943739046454 0.99985 -0.01746 0.00000 -239.18375 0.01746 0.99985 -0.00000 -8.45121 -0.00000 0.00000 1.00000 0.00000
1565943739297463 0.99986 -0.01680 0.00000 -239.18815 0.01680 0.99986 -0.00000 -8.30076 -0.00000 0.00000 1.00000 0.00000
1565943739548241 0.99985 -0.01710 0.00000 -239.19540 0.01710 0.99985 -0.00000 -8.37106 -0.00000 0.00000 1.00000 0.00000
1565943739799141 0.99985 -0.01756 0.00000 -239.18175 0.01756 0.99985 -0.00000 -8.46646 -0.00000 0.00000 1.00000 0.00000
1565943740050107 0.99984 -0.01801 0.00000 -239.17805 0.01801 0.99984 -0.00000 -8.58064 -0.00000 0.00000 1.00000 0.00000
1565943740300170 0.99984 -0.01782 0.00000 -239.17821 0.01782 0.99984 -0.00000 -8.52612 -0.00000 0.00000 1.00000 0.00000
1565943740551431 0.99985 -0.01735 0.00000 -239.18797 0.01735 0.99985 -0.00000 -8.42491 -0.00000 0.00000 1.00000 0.00000
1565943740801147 0.99985 -0.01742 0.00000 -239.18485 0.01742 0.99985 -0.00000 -8.44512 -0.00000 0.00000 1.00000 0.00000
1565943741051899 0.99986 -0.01700 0.00000 -239.19814 0.01700 0.99986 -0.00000 -8.33805 -0.00000 0.00000 1.00000 0.00000
1565943741302135 0.99986 -0.01699 0.00000 -239.18493 0.01699 0.99986 -0.00000 -8.35175 -0.00000 0.00000 1.00000 0.00000
1565943741553029 0.99985 -0.01740 0.00000 -239.16987 0.01740 0.99985 -0.00000 -8.41778 -0.00000 0.00000 1.00000 0.00000
1565943741803837 0.99985 -0.01707 0.00000 -239.18739 0.01707 0.99985 -0.00000 -8.36815 -0.00000 0.00000 1.00000 0.00000
1565943742054255 0.99986 -0.01696 0.00000 -239.18719 0.01696 0.99986 -0.00000 -8.32465 -0.00000 0.00000 1.00000 0.00000
1565943742305341 0.99986 -0.01692 0.00000 -239.18585 0.01692 0.99986 -0.00000 -8.32720 -0.00000 0.00000 1.00000 0.00000
1565943742556136 0.99985 -0.01740 0.00000 -239.18748 0.01740 0.99985 -0.00000 -8.43461 -0.00000 0.00000 1.00000 0.00000
1565943742806723 0.99985 -0.01711 0.00000 -239.18260 0.01711 0.99985 -0.00000 -8.36406 -0.00000 0.00000 1.00000 0.00000
1565943743057257 0.99985 -0.01710 0.00000 -239.18042 0.01710 0.99985 -0.00000 -8.36639 -0.00000 0.00000 1.00000 0.00000
1565943743308269 0.99985 -0.01730 0.00000 -239.18336 0.01730 0.99985 -0.00000 -8.42636 -0.00000 0.00000 1.00000 0.00000
1565943743559132 0.99985 -0.01750 0.00000 -239.18086 0.01750 0.99985 -0.00000 -8.45323 -0.00000 0.00000 1.00000 0.00000
1565943743809261 0.99985 -0.01748 0.00000 -239.18433 0.01748 0.99985 -0.00000 -8.46040 -0.00000 0.00000 1.00000 0.00000
1565943744060696 0.99985 -0.01721 0.00000 -239.18288 0.01721 0.99985 -0.00000 -8.38954 -0.00000 0.00000 1.00000 0.00000
1565943744311363 0.99985 -0.01711 0.00000 -239.18180 0.01711 0.99985 -0.00000 -8.36746 -0.00000 0.00000 1.00000 0.00000
1565943744561189 0.99985 -0.01727 0.00000 -239.19186 0.01727 0.99985 -0.00000 -8.41581 -0.00000 0.00000 1.00000 0.00000
1565943744811664 0.99985 -0.01757 0.00000 -239.16826 0.01757 0.99985 -0.00000 -8.48992 -0.00000 0.00000 1.00000 0.00000
1565943745062334 0.99985 -0.01736 0.00000 -239.18655 0.01736 0.99985 -0.00000 -8.42780 -0.00000 0.00000 1.00000 0.00000
1565943745313088 0.99985 -0.01756 0.00000 -239.18080 0.01756 0.99985 -0.00000 -8.47857 -0.00000 0.00000 1.00000 0.00000
1565943745563592 0.99987 -0.01614 0.00000 -239.20109 0.01614 0.99987 -0.00000 -8.14630 -0.00000 0.00000 1.00000 0.00000
1565943745814243 0.99985 -0.01714 0.00000 -239.18822 0.01714 0.99985 -0.00000 -8.37288 -0.00000 0.00000 1.00000 0.00000
1565943746064723 0.99986 -0.01655 0.00000 -239.18665 0.01655 0.99986 -0.00000 -8.23543 -0.00000 0.00000 1.00000 0.00000
1565943746315158 0.99986 -0.01689 0.00000 -239.19483 0.01689 0.99986 -0.00000 -8.32467 -0.00000 0.00000 1.00000 0.00000
1565943746566330 0.99985 -0.01745 0.00000 -239.17350 0.01745 0.99985 -0.00000 -8.45455 -0.00000 0.00000 1.00000 0.00000
1565943746817063 0.99986 -0.01675 0.00000 -239.19623 0.01675 0.99986 -0.00000 -8.29670 -0.00000 0.00000 1.00000 0.00000
1565943747067070 0.99986 -0.01696 0.00000 -239.18823 0.01696 0.99986 -0.00000 -8.32895 -0.00000 0.00000 1.00000 0.00000
1565943747317567 0.99985 -0.01732 0.00000 -239.18418 0.01732 0.99985 -0.00000 -8.42926 -0.00000 0.00000 1.00000 0.00000
1565943747567928 0.99986 -0.01691 0.00000 -239.18889 0.01691 0.99986 -0.00000 -8.32722 -0.00000 0.00000 1.00000 0.00000
1565943747818328 0.99985 -0.01744 0.00000 -239.20588 0.01744 0.99985 -0.00000 -8.44677 -0.00000 0.00000 1.00000 0.00000
1565943748069078 0.99985 -0.01752 0.00000 -239.18840 0.01752 0.99985 -0.00000 -8.47293 -0.00000 0.00000 1.00000 0.00000
1565943748320130 0.99985 -0.01752 0.00000 -239.18961 0.01752 0.99985 -0.00000 -8.46390 -0.00000 0.00000 1.00000 0.00000
1565943748570403 0.99985 -0.01741 0.00000 -239.19807 0.01741 0.99985 -0.00000 -8.44276 -0.00000 0.00000 1.00000 0.00000
1565943748821179 0.99985 -0.01736 0.00000 -239.19487 0.01736 0.99985 -0.00000 -8.42977 -0.00000 0.00000 1.00000 0.00000
1565943749071929 0.99985 -0.01729 0.00000 -239.18946 0.01729 0.99985 -0.00000 -8.41075 -0.00000 0.00000 1.00000 0.00000
1565943749322034 0.99985 -0.01713 0.00000 -239.19415 0.01713 0.99985 -0.00000 -8.36768 -0.00000 0.00000 1.00000 0.00000
1565943749572348 0.99985 -0.01719 0.00000 -239.19202 0.01719 0.99985 -0.00000 -8.38051 -0.00000 0.00000 1.00000 0.00000
1565943749823100 0.99986 -0.01691 0.00000 -239.17935 0.01691 0.99986 -0.00000 -8.32353 -0.00000 0.00000 1.00000 0.00000
1565943750074213 0.99984 -0.01768 0.00000 -239.19092 0.01768 0.99984 -0.00000 -8.50363 -0.00000 0.00000 1.00000 0.00000
1565943750324552 0.99985 -0.01757 0.00000 -239.18863 0.01757 0.99985 -0.00000 -8.47694 -0.00000 0.00000 1.00000 0.00000
1565943750575299 0.99985 -0.01714 0.00000 -239.18681 0.01714 0.99985 -0.00000 -8.38388 -0.00000 0.00000 1.00000 0.00000
1565943750825654 0.99985 -0.01724 0.00000 -239.19922 0.01724 0.99985 -0.00000 -8.38959 -0.00000 0.00000 1.00000 0.00000
1565943751076848 0.99985 -0.01745 0.00000 -239.18756 0.01745 0.99985 -0.00000 -8.44248 -0.00000 0.00000 1.00000 0.00000
1565943751327268 0.99985 -0.01737 0.00000 -239.18804 0.01737 0.99985 -0.00000 -8.42683 -0.00000 0.00000 1.00000 0.00000
1565943751577833 0.99985 -0.01713 0.00000 -239.18879 0.01713 0.99985 -0.00000 -8.37549 -0.00000 0.00000 1.00000 0.00000
1565943751829826 0.99984 -0.01762 0.00000 -239.18711 0.01762 0.99984 -0.00000 -8.48575 -0.00000 0.00000 1.00000 0.00000
1565943752079372 0.99985 -0.01745 0.00000 -239.19605 0.01745 0.99985 -0.00000 -8.44952 -0.00000 0.00000 1.00000 0.00000
1565943752329853 0.99985 -0.01732 0.00000 -239.18326 0.01732 0.99985 -0.00000 -8.41831 -0.00000 0.00000 1.00000 0.00000
1565943752580950 0.99985 -0.01718 0.00000 -239.19862 0.01718 0.99985 -0.00000 -8.40065 -0.00000 0.00000 1.00000 0.00000
1565943752831437 0.99985 -0.01711 0.00000 -239.18425 0.01711 0.99985 -0.00000 -8.36151 -0.00000 0.00000 1.00000 0.00000
1565943753081827 0.99985 -0.01709 0.00000 -239.18279 0.01709 0.99985 -0.00000 -8.35807 -0.00000 0.00000 1.00000 0.00000
1565943753333101 0.99986 -0.01696 0.00000 -239.19338 0.01696 0.99986 -0.00000 -8.33631 -0.00000 0.00000 1.00000 0.00000
1565943753583470 0.99986 -0.01700 0.00000 -239.19716 0.01700 0.99986 -0.00000 -8.35010 -0.00000 0.00000 1.00000 0.00000
1565943753833813 0.99985 -0.01734 0.00000 -239.18989 0.01734 0.99985 -0.00000 -8.42863 -0.00000 0.00000 1.00000 0.00000
1565943754084294 0.99985 -0.01742 0.00000 -239.19358 0.01742 0.99985 -0.00000 -8.44067 -0.00000 0.00000 1.00000 0.00000
1565943754335174 0.99985 -0.01718 0.00000 -239.19851 0.01718 0.99985 -0.00000 -8.37250 -0.00000 0.00000 1.00000 0.00000
1565943754586165 0.99985 -0.01759 0.00000 -239.18646 0.01759 0.99985 -0.00000 -8.47461 -0.00000 0.00000 1.00000 0.00000
1565943754836377 0.99986 -0.01696 0.00000 -239.18785 0.01696 0.99986 -0.00000 -8.32226 -0.00000 0.00000 1.00000 0.00000
1565943755087352 0.99985 -0.01740 0.00000 -239.19168 0.01740 0.99985 -0.00000 -8.44678 -0.00000 0.00000 1.00000 0.00000
1565943755336923 0.99985 -0.01713 0.00000 -239.18008 0.01713 0.99985 -0.00000 -8.36001 -0.00000 0.00000 1.00000 0.00000
1565943755587344 0.99985 -0.01728 0.00000 -239.19181 0.01728 0.99985 -0.00000 -8.42183 -0.00000 0.00000 1.00000 0.00000
1565943755839223 0.99986 -0.01693 0.00000 -239.19584 0.01693 0.99986 -0.00000 -8.32592 -0.00000 0.00000 1.00000 0.00000
1565943756089524 0.99985 -0.01759 0.00000 -239.17670 0.01759 0.99985 -0.00000 -8.48447 -0.00000 0.00000 1.00000 0.00000
1565943756340195 0.99985 -0.01719 0.00000 -239.20256 0.01719 0.99985 -0.00000 -8.39115 -0.00000 0.00000 1.00000 0.00000
1565943756590953 0.99985 -0.01735 0.00000 -239.17570 0.01735 0.99985 -0.00000 -8.42829 -0.00000 0.00000 1.00000 0.00000
1565943756841637 0.99986 -0.01658 0.00000 -239.21305 0.01658 0.99986 -0.00000 -8.24780 -0.00000 0.00000 1.00000 0.00000
1565943757092082 0.99986 -0.01689 0.00000 -239.18954 0.01689 0.99986 -0.00000 -8.32827 -0.00000 0.00000 1.00000 0.00000
1565943757343195 0.99985 -0.01730 0.00000 -239.20143 0.01730 0.99985 -0.00000 -8.42626 -0.00000 0.00000 1.00000 0.00000
1565943757593665 0.99985 -0.01729 0.00000 -239.19196 0.01729 0.99985 -0.00000 -8.41166 -0.00000 0.00000 1.00000 0.00000
1565943757844091 0.99985 -0.01735 0.00000 -239.18494 0.01735 0.99985 -0.00000 -8.42773 -0.00000 0.00000 1.00000 0.00000
1565943758094913 0.99985 -0.01728 0.00000 -239.18904 0.01728 0.99985 -0.00000 -8.40506 -0.00000 0.00000 1.00000 0.00000
1565943758345592 0.99986 -0.01697 0.00000 -239.19050 0.01697 0.99986 -0.00000 -8.34082 -0.00000 0.00000 1.00000 0.00000
1565943758596500 0.99984 -0.01776 0.00000 -239.18268 0.01776 0.99984 -0.00000 -8.51833 -0.00000 0.00000 1.00000 0.00000
1565943758846736 0.99986 -0.01700 0.00000 -239.19173 0.01700 0.99986 -0.00000 -8.35060 -0.00000 0.00000 1.00000 0.00000
1565943759097207 0.99985 -0.01714 0.00000 -239.18979 0.01714 0.99985 -0.00000 -8.37495 -0.00000 0.00000 1.00000 0.00000
1565943759348273 0.99984 -0.01789 0.00000 -239.18550 0.01789 0.99984 -0.00000 -8.56173 -0.00000 0.00000 1.00000 0.00000
1565943759599879 0.99984 -0.01762 0.00000 -239.18606 0.01762 0.99984 -0.00000 -8.48851 -0.00000 0.00000 1.00000 0.00000
1565943759849726 0.99984 -0.01795 0.00000 -239.17861 0.01795 0.99984 -0.00000 -8.56130 -0.00000 0.00000 1.00000 0.00000
1565943760100621 0.99985 -0.01742 0.00000 -239.18954 0.01742 0.99985 -0.00000 -8.44831 -0.00000 0.00000 1.00000 0.00000
1565943760350188 0.99985 -0.01739 0.00000 -239.18881 0.01739 0.99985 -0.00000 -8.44123 -0.00000 0.00000 1.00000 0.00000
1565943760600822 0.99985 -0.01738 0.00000 -239.18295 0.01738 0.99985 -0.00000 -8.42703 -0.00000 0.00000 1.00000 0.00000
1565943760851441 0.99984 -0.01771 0.00000 -239.18678 0.01771 0.99984 -0.00000 -8.50680 -0.00000 0.00000 1.00000 0.00000
1565943761102097 0.99984 -0.01799 0.00000 -239.17595 0.01799 0.99984 -0.00000 -8.57273 -0.00000 0.00000 1.00000 0.00000
1565943761352812 0.99984 -0.01791 0.00000 -239.18649 0.01791 0.99984 -0.00000 -8.55209 -0.00000 0.00000 1.00000 0.00000
1565943761603055 0.99985 -0.01758 0.00000 -239.18268 0.01758 0.99985 -0.00000 -8.47751 -0.00000 0.00000 1.00000 0.00000
1565943761853975 0.99985 -0.01726 0.00000 -239.19791 0.01726 0.99985 -0.00000 -8.42025 -0.00000 0.00000 1.00000 0.00000
1565943762104823 0.99985 -0.01746 0.00000 -239.18400 0.01746 0.99985 -0.00000 -8.44647 -0.00000 0.00000 1.00000 0.00000
1565943762355652 0.99985 -0.01717 0.00000 -239.19176 0.01717 0.99985 -0.00000 -8.39983 -0.00000 0.00000 1.00000 0.00000
1565943762606255 0.99984 -0.01766 0.00000 -239.18554 0.01766 0.99984 -0.00000 -8.49015 -0.00000 0.00000 1.00000 0.00000
1565943762857243 0.99985 -0.01753 0.00000 -239.19701 0.01753 0.99985 -0.00000 -8.48080 -0.00000 0.00000 1.00000 0.00000
1565943763107850 0.99985 -0.01735 0.00000 -239.18997 0.01735 0.99985 -0.00000 -8.42073 -0.00000 0.00000 1.00000 0.00000
1565943763360033 0.99984 -0.01767 0.00000 -239.17809 0.01767 0.99984 -0.00000 -8.49854 -0.00000 0.00000 1.00000 0.00000
1565943763609765 0.99985 -0.01716 0.00000 -239.19954 0.01716 0.99985 -0.00000 -8.38452 -0.00000 0.00000 1.00000 0.00000
1565943763860724 0.99985 -0.01717 0.00000 -239.19319 0.01717 0.99985 -0.00000 -8.39038 -0.00000 0.00000 1.00000 0.00000
1565943764111165 0.99986 -0.01688 0.00000 -239.20493 0.01688 0.99986 -0.00000 -8.32209 -0.00000 0.00000 1.00000 0.00000
1565943764362008 0.99985 -0.01732 0.00000 -239.20680 0.01732 0.99985 -0.00000 -8.42693 -0.00000 0.00000 1.00000 0.00000
1565943764612870 0.99984 -0.01778 0.00000 -239.24035 0.01778 0.99984 -0.00000 -8.51372 -0.00000 0.00000 1.00000 0.00000
1565943764863465 0.99987 -0.01638 0.00000 -239.31259 0.01638 0.99987 -0.00000 -8.19483 -0.00000 0.00000 1.00000 0.00000
1565943765114275 0.99986 -0.01649 0.00000 -239.40529 0.01649 0.99986 -0.00000 -8.23471 -0.00000 0.00000 1.00000 0.00000
1565943765365077 0.99986 -0.01653 0.00000 -239.44366 0.01653 0.99986 -0.00000 -8.23385 -0.00000 0.00000 1.00000 0.00000
1565943765615633 0.99985 -0.01737 0.00000 -239.56197 0.01737 0.99985 -0.00000 -8.45454 -0.00000 0.00000 1.00000 0.00000
1565943765866439 0.99987 -0.01621 0.00000 -239.68243 0.01621 0.99987 -0.00000 -8.18698 -0.00000 0.00000 1.00000 0.00000
1565943766117369 0.99987 -0.01599 0.00000 -239.84242 0.01599 0.99987 -0.00000 -8.11838 -0.00000 0.00000 1.00000 0.00000
1565943766367067 0.99986 -0.01681 0.00000 -239.97377 0.01681 0.99986 -0.00000 -8.32943 -0.00000 0.00000 1.00000 0.00000
1565943766618969 0.99984 -0.01812 0.00000 -240.11237 0.01812 0.99984 -0.00000 -8.62252 -0.00000 0.00000 1.00000 0.00000
1565943766869383 0.99984 -0.01807 0.00000 -240.28145 0.01807 0.99984 -0.00000 -8.63067 -0.00000 0.00000 1.00000 0.00000
1565943767119185 0.99986 -0.01651 0.00000 -240.37547 0.01651 0.99986 -0.00000 -8.24525 -0.00000 0.00000 1.00000 0.00000
1565943767370790 0.99988 -0.01571 0.00000 -240.51295 0.01571 0.99988 -0.00000 -8.08682 -0.00000 0.00000 1.00000 0.00000
1565943767619940 0.99986 -0.01663 0.00000 -240.53673 0.01663 0.99986 -0.00000 -8.25919 -0.00000 0.00000 1.00000 0.00000
1565943767870392 0.99988 -0.01538 0.00000 -240.58691 0.01538 0.99988 -0.00000 -7.98057 -0.00000 0.00000 1.00000 0.00000
1565943768121401 0.99987 -0.01641 0.00000 -240.57062 0.01641 0.99987 -0.00000 -8.22152 -0.00000 0.00000 1.00000 0.00000
1565943768372165 0.99984 -0.01813 0.00000 -240.54669 0.01813 0.99984 -0.00000 -8.63469 -0.00000 0.00000 1.00000 0.00000
1565943768622322 0.99986 -0.01703 0.00000 -240.55581 0.01703 0.99986 -0.00000 -8.37177 -0.00000 0.00000 1.00000 0.00000
1565943768872964 0.99986 -0.01667 0.00000 -240.55697 0.01667 0.99986 -0.00000 -8.28456 -0.00000 0.00000 1.00000 0.00000
1565943769123691 0.99985 -0.01759 0.00000 -240.52521 0.01759 0.99985 -0.00000 -8.52589 -0.00000 0.00000 1.00000 0.00000
1565943769374307 0.99987 -0.01627 0.00000 -240.56908 0.01627 0.99987 -0.00000 -8.18644 -0.00000 0.00000 1.00000 0.00000
1565943769626467 0.99985 -0.01729 0.00000 -240.55401 0.01729 0.99985 -0.00000 -8.43225 -0.00000 0.00000 1.00000 0.00000
1565943769875192 0.99988 -0.01561 0.00000 -240.59651 0.01561 0.99988 -0.00000 -8.01726 -0.00000 0.00000 1.00000 0.00000
1565943770125827 0.99986 -0.01660 0.00000 -240.56705 0.01660 0.99986 -0.00000 -8.26809 -0.00000 0.00000 1.00000 0.00000
1565943770376308 0.99988 -0.01555 0.00000 -240.56425 0.01555 0.99988 -0.00000 -8.01771 -0.00000 0.00000 1.00000 0.00000
1565943770627588 0.99986 -0.01668 0.00000 -240.56605 0.01668 0.99986 -0.00000 -8.28749 -0.00000 0.00000 1.00000 0.00000
1565943770876986 0.99986 -0.01697 0.00000 -240.54874 0.01697 0.99986 -0.00000 -8.36446 -0.00000 0.00000 1.00000 0.00000
1565943771128958 0.99986 -0.01653 0.00000 -240.56221 0.01653 0.99986 -0.00000 -8.25838 -0.00000 0.00000 1.00000 0.00000
1565943771378939 0.99985 -0.01717 0.00000 -240.55823 0.01717 0.99985 -0.00000 -8.38859 -0.00000 0.00000 1.00000 0.00000
1565943771633883 0.99987 -0.01623 0.00000 -240.59015 0.01623 0.99987 -0.00000 -8.16235 -0.00000 0.00000 1.00000 0.00000
1565943771880318 0.99987 -0.01621 0.00000 -240.57664 0.01621 0.99987 -0.00000 -8.17772 -0.00000 0.00000 1.00000 0.00000
1565943772131008 0.99986 -0.01655 0.00000 -240.55561 0.01655 0.99986 -0.00000 -8.25539 -0.00000 0.00000 1.00000 0.00000
1565943772381687 0.99986 -0.01698 0.00000 -240.54714 0.01698 0.99986 -0.00000 -8.36061 -0.00000 0.00000 1.00000 0.00000
1565943772631937 0.99986 -0.01682 0.00000 -240.57453 0.01682 0.99986 -0.00000 -8.30776 -0.00000 0.00000 1.00000 0.00000
1565943772882672 0.99987 -0.01583 0.00000 -240.58142 0.01583 0.99987 -0.00000 -8.07878 -0.00000 0.00000 1.00000 0.00000
1565943773133292 0.99988 -0.01571 0.00000 -240.58974 0.01571 0.99988 -0.00000 -8.04845 -0.00000 0.00000 1.00000 0.00000
1565943773383976 0.99987 -0.01630 0.00000 -240.57326 0.01630 0.99987 -0.00000 -8.19058 -0.00000 0.00000 1.00000 0.00000
1565943773634300 0.99986 -0.01672 0.00000 -240.56918 0.01672 0.99986 -0.00000 -8.28304 -0.00000 0.00000 1.00000 0.00000
1565943773885165 0.99986 -0.01652 0.00000 -240.55943 0.01652 0.99986 -0.00000 -8.24475 -0.00000 0.00000 1.00000 0.00000
1565943774135712 0.99987 -0.01627 0.00000 -240.57370 0.01627 0.99987 -0.00000 -8.19104 -0.00000 0.00000 1.00000 0.00000
1565943774386328 0.99987 -0.01612 0.00000 -240.58465 0.01612 0.99987 -0.00000 -8.16295 -0.00000 0.00000 1.00000 0.00000
1565943774636807 0.99987 -0.01586 0.00000 -240.59086 0.01586 0.99987 -0.00000 -8.08032 -0.00000 0.00000 1.00000 0.00000
1565943774887354 0.99986 -0.01695 0.00000 -240.56651 0.01695 0.99986 -0.00000 -8.34610 -0.00000 0.00000 1.00000 0.00000
1565943775137699 0.99988 -0.01560 0.00000 -240.56789 0.01560 0.99988 -0.00000 -8.02554 -0.00000 0.00000 1.00000 0.00000
1565943775388646 0.99986 -0.01658 0.00000 -240.57371 0.01658 0.99986 -0.00000 -8.25483 -0.00000 0.00000 1.00000 0.00000
1565943775639166 0.99986 -0.01692 0.00000 -240.56256 0.01692 0.99986 -0.00000 -8.33339 -0.00000 0.00000 1.00000 0.00000
1565943775890561 0.99985 -0.01728 0.00000 -240.57602 0.01728 0.99985 -0.00000 -8.42193 -0.00000 0.00000 1.00000 0.00000
1565943776140625 0.99986 -0.01680 0.00000 -240.56649 0.01680 0.99986 -0.00000 -8.30350 -0.00000 0.00000 1.00000 0.00000
1565943776390606 0.99985 -0.01738 0.00000 -240.55733 0.01738 0.99985 -0.00000 -8.45951 -0.00000 0.00000 1.00000 0.00000
1565943776641180 0.99986 -0.01676 0.00000 -240.56928 0.01676 0.99986 -0.00000 -8.31059 -0.00000 0.00000 1.00000 0.00000
1565943776891547 0.99986 -0.01650 0.00000 -240.57958 0.01650 0.99986 -0.00000 -8.23208 -0.00000 0.00000 1.00000 0.00000
1565943777142561 0.99986 -0.01664 0.00000 -240.57370 0.01664 0.99986 -0.00000 -8.27952 -0.00000 0.00000 1.00000 0.00000
1565943777393105 0.99988 -0.01569 0.00000 -240.56559 0.01569 0.99988 -0.00000 -8.05400 -0.00000 0.00000 1.00000 0.00000
1565943777643729 0.99986 -0.01690 0.00000 -240.56334 0.01690 0.99986 -0.00000 -8.35807 -0.00000 0.00000 1.00000 0.00000
1565943777894603 0.99988 -0.01548 0.00000 -240.56143 0.01548 0.99988 -0.00000 -8.00656 -0.00000 0.00000 1.00000 0.00000
1565943778145052 0.99985 -0.01729 0.00000 -240.56452 0.01729 0.99985 -0.00000 -8.42234 -0.00000 0.00000 1.00000 0.00000
1565943778395950 0.99987 -0.01593 0.00000 -240.57446 0.01593 0.99987 -0.00000 -8.10510 -0.00000 0.00000 1.00000 0.00000
1565943778646413 0.99988 -0.01544 0.00000 -240.58804 0.01544 0.99988 -0.00000 -7.98945 -0.00000 0.00000 1.00000 0.00000
1565943778896730 0.99988 -0.01554 0.00000 -240.57881 0.01554 0.99988 -0.00000 -8.00125 -0.00000 0.00000 1.00000 0.00000
1565943779147362 0.99986 -0.01667 0.00000 -240.57591 0.01667 0.99986 -0.00000 -8.30247 -0.00000 0.00000 1.00000 0.00000
1565943779399942 0.99989 -0.01497 0.00000 -240.59362 0.01497 0.99989 -0.00000 -7.86072 -0.00000 0.00000 1.00000 0.00000
1565943779650343 0.99987 -0.01633 0.00000 -240.57588 0.01633 0.99987 -0.00000 -8.21751 -0.00000 0.00000 1.00000 0.00000
1565943779901195 0.99987 -0.01612 0.00000 -240.56902 0.01612 0.99987 -0.00000 -8.15705 -0.00000 0.00000 1.00000 0.00000
1565943780150929 0.99987 -0.01621 0.00000 -240.58350 0.01621 0.99987 -0.00000 -8.17477 -0.00000 0.00000 1.00000 0.00000
1565943780401616 0.99988 -0.01517 0.00000 -240.56918 0.01517 0.99988 -0.00000 -7.90933 -0.00000 0.00000 1.00000 0.00000
1565943780652300 0.99986 -0.01685 0.00000 -240.57329 0.01685 0.99986 -0.00000 -8.33197 -0.00000 0.00000 1.00000 0.00000
1565943780902720 0.99989 -0.01489 0.00000 -240.58454 0.01489 0.99989 -0.00000 -7.84298 -0.00000 0.00000 1.00000 0.00000
1565943781153309 0.99988 -0.01558 0.00000 -240.57346 0.01558 0.99988 -0.00000 -8.02887 -0.00000 0.00000 1.00000 0.00000
1565943781404098 0.99987 -0.01595 0.00000 -240.59654 0.01595 0.99987 -0.00000 -8.09793 -0.00000 0.00000 1.00000 0.00000
1565943781655128 0.99986 -0.01686 0.00000 -240.56730 0.01686 0.99986 -0.00000 -8.33057 -0.00000 0.00000 1.00000 0.00000
1565943781905772 0.99986 -0.01654 0.00000 -240.56986 0.01654 0.99986 -0.00000 -8.24386 -0.00000 0.00000 1.00000 0.00000
1565943782155842 0.99987 -0.01582 0.00000 -240.58410 0.01582 0.99987 -0.00000 -8.08410 -0.00000 0.00000 1.00000 0.00000
1565943782406941 0.99986 -0.01645 0.00000 -240.55308 0.01645 0.99986 -0.00000 -8.22936 -0.00000 0.00000 1.00000 0.00000
1565943782657442 0.99987 -0.01613 0.00000 -240.58524 0.01613 0.99987 -0.00000 -8.15186 -0.00000 0.00000 1.00000 0.00000
1565943782908478 0.99987 -0.01581 0.00000 -240.58475 0.01581 0.99987 -0.00000 -8.07710 -0.00000 0.00000 1.00000 0.00000
1565943783158466 0.99986 -0.01646 0.00000 -240.58246 0.01646 0.99986 -0.00000 -8.22680 -0.00000 0.00000 1.00000 0.00000
1565943783410423 0.99988 -0.01574 0.00000 -240.57771 0.01574 0.99988 -0.00000 -8.05627 -0.00000 0.00000 1.00000 0.00000
1565943783660100 0.99987 -0.01640 0.00000 -240.58171 0.01640 0.99987 -0.00000 -8.20633 -0.00000 0.00000 1.00000 0.00000
1565943783910046 0.99989 -0.01473 0.00000 -240.61094 0.01473 0.99989 -0.00000 -7.82324 -0.00000 0.00000 1.00000 0.00000
