1. 0. 0. 0. 0. 1. 0. 0. 0. 0. 1. 0.
1. -0.000 0. 0.002 0.000 1. 0. -0.003 0. 0. 1. 0.
1. -0.000 0. 0. 0.000 1. 0. -0.005 0. 0. 1. 0.
1. -0.000 0. -0.001 0.000 1. 0. -0.004 0. 0. 1. 0.
1. 0. 0. 0.006 -0. 1. 0. 0.003 0. 0. 1. 0.
1. -0.000 0. 0.001 0.000 1. 0. 0.002 0. 0. 1. 0.
1. 0. 0. 0.004 -0. 1. 0. 0.001 0. 0. 1. 0.
1. 0. 0. 0.003 -0. 1. 0. 0.006 0. 0. 1. 0.
1. -0. 0. 0.002 0. 1. 0. -0.004 0. 0. 1. 0.
1. -0. 0. -0.003 0. 1. 0. -0.002 0. 0. 1. 0.
1. -0.000 0. -0.001 0.000 1. 0. -0.004 0. 0. 1. 0.
1. 0.000 0. 0.002 -0.000 1. 0. 0.002 0. 0. 1. 0.
1. 0.000 0. -0.002 -0.000 1. 0. 0.001 0. 0. 1. 0.
1. 0.000 0. 0.002 -0.000 1. 0. 0.005 0. 0. 1. 0.
1. 0. 0. 0.001 -0. 1. 0. 0.002 0. 0. 1. 0.
1. 0. 0. 0.002 -0. 1. 0. -0. 0. 0. 1. 0.
1. -0. 0. 0.001 0. 1. 0. -0.003 0. 0. 1. 0.
1. -0. 0. -0.000 0. 1. 0. -0.001 0. 0. 1. 0.
1. 0.000 0. -0.002 -0.000 1. 0. -0.002 0. 0. 1. 0.
1. -0.000 0. 0.002 0.000 1. 0. -0.002 0. 0. 1. 0.
1. -0. 0. 0.001 0. 1. 0. -0.006 0. 0. 1. 0.
1. -0. 0. -0.000 0. 1. 0. -0.007 0. 0. 1. 0.
1. -0. 0. 0.000 0. 1. 0. -0.006 0. 0. 1. 0.
1. 0. 0. 0.001 -0. 1. 0. -0.002 0. 0. 1. 0.
1. -0. 0. 0.001 0. 1. 0. -0.005 0. 0. 1. 0.
1. -0. 0. 0.003 0. 1. 0. -0.006 0. 0. 1. 0.
1. 0. 0. -0.001 -0. 1. 0. -0.002 0. 0. 1. 0.
1. -0.000 0. 0.001 0.000 1. 0. -0.003 0. 0. 1. 0.
1. -0.000 0. -0.002 0.000 1. 0. -0.010 0. 0. 1. 0.
1. -0.000 0. 0.000 0.000 1. 0. -0.011 0. 0. 1. 0.
1. -0.000 0. -0.002 0.000 1. 0. 0.001 0. 0. 1. 0.
1. 0. 0. 0.006 -0. 1. 0. -0.000 0. 0. 1. 0.
1. 0. 0. 0.001 -0. 1. 0. -0.003 0. 0. 1. 0.
1. -0.000 0. 0.005 0.000 1. 0. 0.002 0. 0. 1. 0.
1. -0.000 0. -0.001 0.000 1. 0. 0.001 0. 0. 1. 0.
1. -0.000 0. 0.003 0.000 1. 0. -0.008 0. 0. 1. 0.
1. -0. 0. 0.004 0. 1. 0. -0.004 0. 0. 1. 0.
1. 0.000 0. 0.002 -0.000 1. 0. -0.004 0. 0. 1. 0.
1. 0.000 0. 0.005 -0.000 1. 0. -0.009 0. 0. 1. 0.
1. 0.000 0. 0.003 -0.000 1. 0. -0.005 0. 0. 1. 0.
1. 0. 0. -0.001 -0. 1. 0. -0.008 0. 0. 1. 0.
1. -0.000 0. 0.003 0.000 1. 0. -0.011 0. 0. 1. 0.
1. -0.000 0. 0.003 0.000 1. 0. -0.007 0. 0. 1. 0.
1. 0.000 0. 0.003 -0.000 1. 0. 0.001 0. 0. 1. 0.
1. 0.000 0. -0.002 -0.000 1. 0. -0.002 0. 0. 1. 0.
1. -0.000 0. 0.003 0.000 1. 0. -0.008 0. 0. 1. 0.
1. 0.000 0. 0.002 -0.000 1. 0. -0.003 0. 0. 1. 0.
1. 0.000 0. 0.003 -0.000 1. 0. -0.007 0. 0. 1. 0.
1. 0. 0. 0.001 -0. 1. 0. -0.004 0. 0. 1. 0.
1. 0. 0. 0.004 -0. 1. 0. 0.000 0. 0. 1. 0.
1. -0.000 0. 0.004 0.000 1. 0. -0.011 0. 0. 1. 0.
1. -0. 0. 0.002 0. 1. 0. -0.006 0. 0. 1. 0.
1. 0.000 0. 0.001 -0.000 1. 0. -0.006 0. 0. 1. 0.
1. -0. 0. 0.002 0. 1. 0. -0.015 0. 0. 1. 0.
1. 0. 0. 0.002 -0. 1. 0. -0.003 0. 0. 1. 0.
1. 0.000 0. -0.001 -0.000 1. 0. -0.006 0. 0. 1. 0.
1. 0.000 0. -0.003 -0.000 1. 0. -0.006 0. 0. 1. 0.
1. 0.000 0. 0. -0.000 1. 0. 0.006 0. 0. 1. 0.
1. -0. 0. 0.004 0. 1. 0. -0.002 0. 0. 1. 0.
1. 0. 0. -0.002 -0. 1. 0. -0.011 0. 0. 1. 0.
1. -0.000 0. -0.007 0.000 1. 0. -0.014 0. 0. 1. 0.
1. -0.000 0. -0.003 0.000 1. 0. -0.015 0. 0. 1. 0.
1. -0.000 0. 0.004 0.000 1. 0. -0.009 0. 0. 1. 0.
1. 0.000 0. 0.004 -0.000 1. 0. -0.010 0. 0. 1. 0.
1. 0.000 0. 0.003 -0.000 1. 0. -0.009 0. 0. 1. 0.
1. 0.000 0. 0.005 -0.000 1. 0. -0.001 0. 0. 1. 0.
1. 0. 0. 0.003 -0. 1. 0. -0.004 0. 0. 1. 0.
1. 0.000 0. 0.003 -0.000 1. 0. -0.001 0. 0. 1. 0.
1. 0. 0. 0.005 -0. 1. 0. -0.007 0. 0. 1. 0.
1. 0. 0. 0.002 -0. 1. 0. -0.011 0. 0. 1. 0.
1. -0. 0. 0.008 0. 1. 0. -0.010 0. 0. 1. 0.
1. -0. 0. 0.004 0. 1. 0. -0.006 0. 0. 1. 0.
1. 0.000 0. 0.002 -0.000 1. 0. -0.014 0. 0. 1. 0.
1. 0. 0. -0.001 -0. 1. 0. -0.014 0. 0. 1. 0.
1. 0. 0. -0.002 -0. 1. 0. -0.011 0. 0. 1. 0.
1. -0. 0. 0.002 0. 1. 0. -0.005 0. 0. 1. 0.
1. 0. 0. 0.001 -0. 1. 0. -0.007 0. 0. 1. 0.
1. -0. 0. -0.001 0. 1. 0. -0.012 0. 0. 1. 0.
1. 0.000 0. -0.003 -0.000 1. 0. -0.009 0. 0. 1. 0.
1. 0.000 0. -0.002 -0.000 1. 0. -0.009 0. 0. 1. 0.
1. -0.000 0. -0.002 0.000 1. 0. -0.010 0. 0. 1. 0.
1. -0.000 0. -0.000 0.000 1. 0. 0.001 0. 0. 1. 0.
1. -0. 0. 0.004 0. 1. 0. -0.005 0. 0. 1. 0.
1. -0.000 0. 0.000 0.000 1. 0. -0.017 0. 0. 1. 0.
1. 0. 0. -0.001 -0. 1. 0. -0.011 0. 0. 1. 0.
1. 0.000 0. 0.002 -0.000 1. 0. -0.005 0. 0. 1. 0.
1. -0.000 0. 0.003 0.000 1. 0. -0.010 0. 0. 1. 0.
1. 0.000 0. 0.006 -0.000 1. 0. -0.003 0. 0. 1. 0.
1. 0. 0. -0.002 -0. 1. 0. -0.012 0. 0. 1. 0.
1. 0.000 0. 0.001 -0.000 1. 0. -0.003 0. 0. 1. 0.
1. 0.000 0. 0.001 -0.000 1. 0. -0.008 0. 0. 1. 0.
1. 0.000 0. 0.001 -0.000 1. 0. -0.008 0. 0. 1. 0.
1. -0.000 0. -0.001 0.000 1. 0. -0.011 0. 0. 1. 0.
1. -0.000 0. 0.002 0.000 1. 0. -0.004 0. 0. 1. 0.
1. 0.000 0. -0.003 -0.000 1. 0. -0.009 0. 0. 1. 0.
1. 0.000 0. 0.002 -0.000 1. 0. -0.006 0. 0. 1. 0.
1. 0.000 0. -0.001 -0.000 1. 0. -0.002 0. 0. 1. 0.
1. -0.000 0. -0.001 0.000 1. 0. -0.010 0. 0. 1. 0.
1. 0.000 0. -0.004 -0.000 1. 0. -0.003 0. 0. 1. 0.
1. 0. 0. 0.004 -0. 1. 0. -0.012 0. 0. 1. 0.
1. -0. 0. 0.005 0. 1. 0. -0.010 0. 0. 1. 0.
1. -0.000 0. 0.007 0.000 1. 0. -0.015 0. 0. 1. 0.
1. -0.000 0. 0.000 0.000 1. 0. -0.010 0. 0. 1. 0.
1. -0. 0. 0.001 0. 1. 0. -0.009 0. 0. 1. 0.
1. 0. 0. -0.005 -0. 1. 0. -0.003 0. 0. 1. 0.
1. -0.000 0. 0.007 0.000 1. 0. -0.017 0. 0. 1. 0.
1. -0.000 0. 0.001 0.000 1. 0. -0.011 0. 0. 1. 0.
1. -0.000 0. 0.001 0.000 1. 0. -0.008 0. 0. 1. 0.
1. -0.000 0. 0.001 0.000 1. 0. -0.004 0. 0. 1. 0.
1. -0.000 0. 0. 0.000 1. 0. -0.014 0. 0. 1. 0.
1. -0.000 0. 0.000 0.000 1. 0. -0.010 0. 0. 1. 0.
1. 0. 0. 0.001 -0. 1. 0. -0.008 0. 0. 1. 0.
1. 0. 0. -0.001 -0. 1. 0. -0.005 0. 0. 1. 0.
1. -0. 0. 0.002 0. 1. 0. -0.006 0. 0. 1. 0.
1. -0. 0. 0.003 0. 1. 0. -0.005 0. 0. 1. 0.
1. 0. 0. 0.005 -0. 1. 0. -0.009 0. 0. 1. 0.
1. 0.000 0. 0.004 -0.000 1. 0. -0.004 0. 0. 1. 0.
1. 0. 0. 0.003 -0. 1. 0. -0.007 0. 0. 1. 0.
1. 0.000 0. 0.000 -0.000 1. 0. -0.004 0. 0. 1. 0.
1. 0.000 0. -0.002 -0.000 1. 0. -0.005 0. 0. 1. 0.
1. -0.000 0. 0.007 0.000 1. 0. -0.007 0. 0. 1. 0.
1. -0.000 0. 0.003 0.000 1. 0. -0.007 0. 0. 1. 0.
1. -0.000 0. 0.001 0.000 1. 0. -0.012 0. 0. 1. 0.
1. 0. 0. -0.001 -0. 1. 0. -0.007 0. 0. 1. 0.
1. 0.000 0. 0.007 -0.000 1. 0. -0.000 0. 0. 1. 0.
1. 0. 0. 0.001 -0. 1. 0. -0.005 0. 0. 1. 0.
1. -0. 0. 0.001 0. 1. 0. -0.010 0. 0. 1. 0.
1. 0. 0. -0.002 -0. 1. 0. -0.012 0. 0. 1. 0.
1. 0.000 0. -0.004 -0.000 1. 0. -0.010 0. 0. 1. 0.
1. 0.000 0. 0.000 -0.000 1. 0. -0.007 0. 0. 1. 0.
1. 0.000 0. 0.005 -0.000 1. 0. 0.001 0. 0. 1. 0.
1. 0.000 0. 0.001 -0.000 1. 0. -0.002 0. 0. 1. 0.
1. 0.000 0. -0.001 -0.000 1. 0. -0.002 0. 0. 1. 0.
1. 0.000 0. 0.005 -0.000 1. 0. 0.004 0. 0. 1. 0.
1. -0.000 0. 0.002 0.000 1. 0. -0.010 0. 0. 1. 0.
1. -0. 0. -0.003 0. 1. 0. -0.004 0. 0. 1. 0.
1. -0.000 0. -0.001 0.000 1. 0. -0.009 0. 0. 1. 0.
1. 0.000 0. -0.001 -0.000 1. 0. -0.003 0. 0. 1. 0.
1. -0. 0. -0.004 0. 1. 0. -0.008 0. 0. 1. 0.
1. 0. 0. -0.002 -0. 1. 0. -0.003 0. 0. 1. 0.
1. 0.000 0. -0.004 -0.000 1. 0. -0.004 0. 0. 1. 0.
1. 0.000 0. -0.006 -0.000 1. 0. -0.008 0. 0. 1. 0.
1. -0. 0. -0.002 0. 1. 0. -0.004 0. 0. 1. 0.
1. -0.000 0. -0.004 0.000 1. 0. -0.006 0. 0. 1. 0.
1. -0.000 0. -0.007 0.000 1. 0. -0.007 0. 0. 1. 0.
1. -0. 0. -0.006 0. 1. 0. -0.012 0. 0. 1. 0.
1. -0.000 0. -0.002 0.000 1. 0. -0.005 0. 0. 1. 0.
1. -0. 0. -0.001 0. 1. 0. -0.001 0. 0. 1. 0.
1. -0. 0. -0.004 0. 1. 0. -0.006 0. 0. 1. 0.
1. 0. 0. 0.000 -0. 1. 0. -0.002 0. 0. 1. 0.
1. 0.000 0. -0.003 -0.000 1. 0. -0.003 0. 0. 1. 0.
1. 0.000 0. -0.005 -0.000 1. 0. -0.004 0. 0. 1. 0.
1. 0.000 0. -0.001 -0.000 1. 0. -0.000 0. 0. 1. 0.
1. 0.000 0. -0.004 -0.000 1. 0. -0.005 0. 0. 1. 0.
1. 0.000 0. 0.001 -0.000 1. 0. -0.004 0. 0. 1. 0.
1. 0.000 0. 0.002 -0.000 1. 0. -0.003 0. 0. 1. 0.
1. 0. 0. -0.001 -0. 1. 0. -0.001 0. 0. 1. 0.
1. 0.000 0. 0.003 -0.000 1. 0. 0.000 0. 0. 1. 0.
1. 0. 0. 0.001 -0. 1. 0. -0.004 0. 0. 1. 0.
1. 0. 0. 0.001 -0. 1. 0. 0.002 0. 0. 1. 0.
1. -0.000 0. 0.004 0.000 1. 0. -0.001 0. 0. 1. 0.
1. 0.000 0. 0.007 -0.000 1. 0. 0.001 0. 0. 1. 0.
1. 0.000 0. 0.003 -0.000 1. 0. -0.002 0. 0. 1. 0.
1. 0. 0. 0.001 -0. 1. 0. -0.007 0. 0. 1. 0.
1. 0.000 0. -0.001 -0.000 1. 0. -0.002 0. 0. 1. 0.
1. 0.000 0. 0.003 -0.000 1. 0. -0.001 0. 0. 1. 0.
1. -0. 0. -0.002 0. 1. 0. -0.010 0. 0. 1. 0.
1. -0. 0. 0.001 0. 1. 0. -0.012 0. 0. 1. 0.
1. 0. 0. 0.003 -0. 1. 0. -0.005 0. 0. 1. 0.
1. 0. 0. 0.002 -0. 1. 0. -0.012 0. 0. 1. 0.
1. 0.000 0. -0.000 -0.000 1. 0. -0.003 0. 0. 1. 0.
1. 0. 0. 0.002 -0. 1. 0. -0.005 0. 0. 1. 0.
1. 0. 0. 0. -0. 1. 0. -0.001 0. 0. 1. 0.
1. -0. 0. 0.005 0. 1. 0. -0.007 0. 0. 1. 0.
1. 0. 0. -0.004 -0. 1. 0. -0.009 0. 0. 1. 0.
1. 0.000 0. -0.008 -0.000 1. 0. -0.010 0. 0. 1. 0.
1. 0. 0. -0.009 -0. 1. 0. -0.008 0. 0. 1. 0.
1. 0.000 0. -0.001 -0.000 1. 0. -0.005 0. 0. 1. 0.
1. 0.000 0. -0.007 -0.000 1. 0. -0.010 0. 0. 1. 0.
1. 0. 0. 0.003 -0. 1. 0. -0.011 0. 0. 1. 0.
1. -0. 0. 0.003 0. 1. 0. -0.009 0. 0. 1. 0.
1. 0. 0. 0.004 -0. 1. 0. -0.006 0. 0. 1. 0.
1. 0.000 0. -0.003 -0.000 1. 0. 0.002 0. 0. 1. 0.
1. 0.000 0. -0.003 -0.000 1. 0. -0.004 0. 0. 1. 0.
1. 0. 0. -0.004 -0. 1. 0. 0.001 0. 0. 1. 0.
1. -0. 0. -0.002 0. 1. 0. -0.009 0. 0. 1. 0.
1. 0. 0. -0.000 -0. 1. 0. -0.008 0. 0. 1. 0.
1. -0. 0. -0.001 0. 1. 0. -0.005 0. 0. 1. 0.
1. 0.000 0. -0.003 -0.000 1. 0. 0.001 0. 0. 1. 0.
1. 0.000 0. -0.004 -0.000 1. 0. -0. 0. 0. 1. 0.
1. 0.000 0. -0.004 -0.000 1. 0. -0.002 0. 0. 1. 0.
1. 0.000 0. -0.005 -0.000 1. 0. -0.010 0. 0. 1. 0.
1. 0. 0. -0.003 -0. 1. 0. -0.007 0. 0. 1. 0.
1. -0.000 0. 0.004 0.000 1. 0. -0.009 0. 0. 1. 0.
1. -0.000 0. 0.032 0.000 1. 0. 0.003 0. 0. 1. 0.
1. -0.001 0. 0.082 0.001 1. 0. -0.004 0. 0. 1. 0.
1. -0.002 0. 0.150 0.002 1. 0. 0.013 0. 0. 1. 0.
1. -0.002 0. 0.234 0.002 1. 0. 0.015 0. 0. 1. 0.
1. -0.006 0. 0.340 0.006 1. 0. -0.009 0. 0. 1. 0.
1. -0.013 0. 0.484 0.013 1. 0. -0.005 0. 0. 1. 0.
1.000 -0.021 0. 0.697 0.021 1.000 0. 0.043 0. 0. 1. 0.
0.999 -0.035 0. 0.935 0.035 0.999 0. 0.044 0. 0. 1. 0.
0.999 -0.049 0. 1.279 0.049 0.999 0. 0.078 0. 0. 1. 0.
0.998 -0.059 0. 1.606 0.059 0.998 0. 0.066 0. 0. 1. 0.
0.997 -0.075 0. 2.072 0.075 0.997 0. 0.154 0. 0. 1. 0.
0.996 -0.089 0. 2.611 0.089 0.996 0. 0.158 0. 0. 1. 0.
0.995 -0.103 0. 3.247 0.103 0.995 0. 0.234 0. 0. 1. 0.
0.994 -0.111 0. 3.900 0.111 0.994 0. 0.325 0. 0. 1. 0.
0.993 -0.120 0. 4.699 0.120 0.993 0. 0.425 0. 0. 1. 0.
0.992 -0.124 0. 5.548 0.124 0.992 0. 0.549 0. 0. 1. 0.
0.992 -0.126 0. 6.458 0.126 0.992 0. 0.640 0. 0. 1. 0.
0.992 -0.124 0. 7.475 0.124 0.992 0. 0.796 0. 0. 1. 0.
0.992 -0.123 0. 8.513 0.123 0.992 0. 0.904 0. 0. 1. 0.
0.993 -0.122 0. 9.616 0.122 0.993 0. 1.041 0. 0. 1. 0.
0.993 -0.119 0. 10.789 0.119 0.993 0. 1.201 0. 0. 1. 0.
0.993 -0.116 0. 12.001 0.116 0.993 0. 1.325 0. 0. 1. 0.
0.994 -0.113 0. 13.227 0.113 0.994 0. 1.468 0. 0. 1. 0.
0.994 -0.110 0. 14.475 0.110 0.994 0. 1.563 0. 0. 1. 0.
0.994 -0.107 0. 15.724 0.107 0.994 0. 1.684 0. 0. 1. 0.
0.995 -0.101 0. 17.029 0.101 0.995 0. 1.787 0. 0. 1. 0.
0.995 -0.098 0. 18.324 0.098 0.995 0. 1.926 0. 0. 1. 0.
0.996 -0.091 0. 19.661 0.091 0.996 0. 1.991 0. 0. 1. 0.
0.997 -0.083 0. 20.993 0.083 0.997 0. 2.124 0. 0. 1. 0.
0.997 -0.073 0. 22.359 0.073 0.997 0. 2.180 0. 0. 1. 0.
0.998 -0.068 0. 23.714 0.068 0.998 0. 2.293 0. 0. 1. 0.
0.998 -0.064 0. 25.066 0.064 0.998 0. 2.313 0. 0. 1. 0.
0.998 -0.063 0. 26.441 0.063 0.998 0. 2.399 0. 0. 1. 0.
0.998 -0.061 0. 27.854 0.061 0.998 0. 2.435 0. 0. 1. 0.
0.998 -0.059 0. 29.284 0.059 0.998 0. 2.570 0. 0. 1. 0.
0.998 -0.058 0. 30.813 0.058 0.998 0. 2.588 0. 0. 1. 0.
0.998 -0.057 0. 32.359 0.057 0.998 0. 2.649 0. 0. 1. 0.
0.998 -0.057 0. 33.980 0.057 0.998 0. 2.726 0. 0. 1. 0.
0.999 -0.054 0. 35.662 0.054 0.999 0. 2.768 0. 0. 1. 0.
0.999 -0.054 0. 37.387 0.054 0.999 0. 2.862 0. 0. 1. 0.
0.999 -0.051 0. 39.178 0.051 0.999 0. 2.934 0. 0. 1. 0.
0.999 -0.044 0. 41.014 0.044 0.999 0. 2.996 0. 0. 1. 0.
0.999 -0.039 0. 42.867 0.039 0.999 0. 3.038 0. 0. 1. 0.
0.999 -0.035 0. 44.733 0.035 0.999 0. 3.106 0. 0. 1. 0.
0.999 -0.032 0. 46.658 0.032 0.999 0. 3.193 0. 0. 1. 0.
1.000 -0.025 0. 48.596 0.025 1.000 0. 3.183 0. 0. 1. 0.
1.000 -0.019 0. 50.560 0.019 1.000 0. 3.209 0. 0. 1. 0.
1. -0.013 0. 52.538 0.013 1. 0. 3.195 0. 0. 1. 0.
1. -0.003 0. 54.523 0.003 1. 0. 3.233 0. 0. 1. 0.
1. 0.008 0. 56.546 -0.008 1. 0. 3.210 0. 0. 1. 0.
1.000 0.016 0. 58.574 -0.016 1.000 0. 3.129 0. 0. 1. 0.
1.000 0.025 0. 60.556 -0.025 1.000 0. 3.024 0. 0. 1. 0.
1.000 0.027 0. 62.540 -0.027 1.000 0. 2.942 0. 0. 1. 0.
1.000 0.018 0. 64.536 -0.018 1.000 0. 2.850 0. 0. 1. 0.
1. 0.008 0. 66.543 -0.008 1. 0. 2.840 0. 0. 1. 0.
1. -0.003 0. 68.574 0.003 1. 0. 2.786 0. 0. 1. 0.
1.000 -0.015 0. 70.607 0.015 1.000 0. 2.875 0. 0. 1. 0.
1.000 -0.025 0. 72.691 0.025 1.000 0. 2.930 0. 0. 1. 0.
0.999 -0.036 0. 74.784 0.036 0.999 0. 2.981 0. 0. 1. 0.
0.999 -0.047 0. 76.890 0.047 0.999 0. 3.111 0. 0. 1. 0.
0.998 -0.057 0. 79.000 0.057 0.998 0. 3.152 0. 0. 1. 0.
0.998 -0.061 0. 81.121 0.061 0.998 0. 3.274 0. 0. 1. 0.
0.998 -0.061 0. 83.273 0.061 0.998 0. 3.450 0. 0. 1. 0.
0.998 -0.060 0. 85.451 0.060 0.998 0. 3.580 0. 0. 1. 0.
0.998 -0.059 0. 87.663 0.059 0.998 0. 3.661 0. 0. 1. 0.
0.998 -0.060 0. 89.849 0.060 0.998 0. 3.796 0. 0. 1. 0.
0.998 -0.059 0. 92.051 0.059 0.998 0. 3.915 0. 0. 1. 0.
0.998 -0.058 0. 94.313 0.058 0.998 0. 4.005 0. 0. 1. 0.
0.999 -0.052 0. 96.566 0.052 0.999 0. 4.162 0. 0. 1. 0.
0.999 -0.048 0. 98.852 0.048 0.999 0. 4.243 0. 0. 1. 0.
0.999 -0.044 0. 101.153 0.044 0.999 0. 4.295 0. 0. 1. 0.
0.999 -0.039 0. 103.454 0.039 0.999 0. 4.430 0. 0. 1. 0.
0.999 -0.035 0. 105.770 0.035 0.999 0. 4.519 0. 0. 1. 0.
0.999 -0.033 0. 108.156 0.033 0.999 0. 4.536 0. 0. 1. 0.
1.000 -0.029 0. 110.552 0.029 1.000 0. 4.563 0. 0. 1. 0.
1.000 -0.030 0. 112.962 0.030 1.000 0. 4.587 0. 0. 1. 0.
1.000 -0.028 0. 115.350 0.028 1.000 0. 4.639 0. 0. 1. 0.
1.000 -0.030 0. 117.784 0.030 1.000 0. 4.671 0. 0. 1. 0.
1.000 -0.031 0. 120.194 0.031 1.000 0. 4.744 0. 0. 1. 0.
0.999 -0.032 0. 122.608 0.032 0.999 0. 4.801 0. 0. 1. 0.
0.999 -0.032 0. 125.030 0.032 0.999 0. 4.884 0. 0. 1. 0.
0.999 -0.032 0. 127.492 0.032 0.999 0. 4.953 0. 0. 1. 0.
1.000 -0.031 0. 129.977 0.031 1.000 0. 5.032 0. 0. 1. 0.
1.000 -0.030 0. 132.490 0.030 1.000 0. 5.096 0. 0. 1. 0.
0.999 -0.033 0. 135.024 0.033 0.999 0. 5.170 0. 0. 1. 0.
1.000 -0.032 0. 137.549 0.032 1.000 0. 5.262 0. 0. 1. 0.
1.000 -0.031 0. 140.090 0.031 1.000 0. 5.275 0. 0. 1. 0.
0.999 -0.032 0. 142.579 0.032 0.999 0. 5.294 0. 0. 1. 0.
0.999 -0.033 0. 145.117 0.033 0.999 0. 5.319 0. 0. 1. 0.
0.999 -0.036 0. 147.650 0.036 0.999 0. 5.388 0. 0. 1. 0.
0.999 -0.035 0. 150.135 0.035 0.999 0. 5.457 0. 0. 1. 0.
0.999 -0.036 0. 152.594 0.036 0.999 0. 5.494 0. 0. 1. 0.
0.999 -0.036 0. 155.039 0.036 0.999 0. 5.574 0. 0. 1. 0.
0.999 -0.036 0. 157.460 0.036 0.999 0. 5.649 0. 0. 1. 0.
0.999 -0.036 0. 159.860 0.036 0.999 0. 5.697 0. 0. 1. 0.
0.999 -0.037 0. 162.214 0.037 0.999 0. 5.736 0. 0. 1. 0.
0.999 -0.039 0. 164.531 0.039 0.999 0. 5.825 0. 0. 1. 0.
0.999 -0.039 0. 166.841 0.039 0.999 0. 5.863 0. 0. 1. 0.
0.999 -0.042 0. 169.139 0.042 0.999 0. 5.967 0. 0. 1. 0.
0.999 -0.043 0. 171.387 0.043 0.999 0. 6.096 0. 0. 1. 0.
0.999 -0.044 0. 173.600 0.044 0.999 0. 6.118 0. 0. 1. 0.
0.999 -0.048 0. 175.773 0.048 0.999 0. 6.227 0. 0. 1. 0.
0.999 -0.050 0. 177.961 0.050 0.999 0. 6.378 0. 0. 1. 0.
0.999 -0.051 0. 180.109 0.051 0.999 0. 6.472 0. 0. 1. 0.
0.999 -0.053 0. 182.224 0.053 0.999 0. 6.556 0. 0. 1. 0.
0.998 -0.055 0. 184.375 0.055 0.998 0. 6.702 0. 0. 1. 0.
0.998 -0.058 0. 186.442 0.058 0.998 0. 6.875 0. 0. 1. 0.
0.998 -0.059 0. 188.482 0.059 0.998 0. 6.964 0. 0. 1. 0.
0.998 -0.062 0. 190.455 0.062 0.998 0. 7.052 0. 0. 1. 0.
0.998 -0.068 0. 192.391 0.068 0.998 0. 7.169 0. 0. 1. 0.
0.997 -0.076 0. 194.342 0.076 0.997 0. 7.294 0. 0. 1. 0.
0.996 -0.086 0. 196.200 0.086 0.996 0. 7.459 0. 0. 1. 0.
0.995 -0.095 0. 198.026 0.095 0.995 0. 7.627 0. 0. 1. 0.
0.995 -0.104 0. 199.793 0.104 0.995 0. 7.745 0. 0. 1. 0.
0.993 -0.115 0. 201.572 0.115 0.993 0. 7.950 0. 0. 1. 0.
0.993 -0.120 0. 203.322 0.120 0.993 0. 8.192 0. 0. 1. 0.
0.992 -0.123 0. 205.033 0.123 0.992 0. 8.386 0. 0. 1. 0.
0.992 -0.125 0. 206.714 0.125 0.992 0. 8.574 0. 0. 1. 0.
0.991 -0.130 0. 208.394 0.130 0.991 0. 8.853 0. 0. 1. 0.
0.992 -0.129 0. 210.043 0.129 0.992 0. 9.045 0. 0. 1. 0.
0.991 -0.134 0. 211.705 0.134 0.991 0. 9.271 0. 0. 1. 0.
0.991 -0.136 0. 213.296 0.136 0.991 0. 9.484 0. 0. 1. 0.
0.991 -0.137 0. 214.936 0.137 0.991 0. 9.747 0. 0. 1. 0.
0.990 -0.141 0. 216.549 0.141 0.990 0. 9.951 0. 0. 1. 0.
0.989 -0.145 0. 218.139 0.145 0.989 0. 10.158 0. 0. 1. 0.
0.989 -0.150 0. 219.678 0.150 0.989 0. 10.407 0. 0. 1. 0.
0.988 -0.153 0. 221.209 0.153 0.988 0. 10.658 0. 0. 1. 0.
0.988 -0.153 0. 222.744 0.153 0.988 0. 10.886 0. 0. 1. 0.
0.988 -0.153 0. 224.158 0.153 0.988 0. 11.088 0. 0. 1. 0.
0.988 -0.152 0. 225.566 0.152 0.988 0. 11.306 0. 0. 1. 0.
0.989 -0.151 0. 226.950 0.151 0.989 0. 11.533 0. 0. 1. 0.
0.989 -0.150 0. 228.273 0.150 0.989 0. 11.720 0. 0. 1. 0.
0.989 -0.149 0. 229.600 0.149 0.989 0. 11.922 0. 0. 1. 0.
0.988 -0.151 0. 230.859 0.151 0.988 0. 12.109 0. 0. 1. 0.
0.989 -0.150 0. 232.091 0.150 0.989 0. 12.252 0. 0. 1. 0.
0.988 -0.152 0. 233.323 0.152 0.988 0. 12.408 0. 0. 1. 0.
0.988 -0.153 0. 234.518 0.153 0.988 0. 12.593 0. 0. 1. 0.
0.988 -0.157 0. 235.734 0.157 0.988 0. 12.760 0. 0. 1. 0.
0.987 -0.161 0. 236.910 0.161 0.987 0. 12.979 0. 0. 1. 0.
0.987 -0.161 0. 238.050 0.161 0.987 0. 13.152 0. 0. 1. 0.
0.987 -0.159 0. 239.194 0.159 0.987 0. 13.347 0. 0. 1. 0.
0.987 -0.158 0. 240.321 0.158 0.987 0. 13.543 0. 0. 1. 0.
0.988 -0.154 0. 241.492 0.154 0.988 0. 13.702 0. 0. 1. 0.
0.989 -0.148 0. 242.687 0.148 0.989 0. 13.824 0. 0. 1. 0.
0.989 -0.146 0. 243.909 0.146 0.989 0. 14.097 0. 0. 1. 0.
0.990 -0.138 0. 245.269 0.138 0.990 0. 14.215 0. 0. 1. 0.
0.991 -0.137 0. 246.605 0.137 0.991 0. 14.351 0. 0. 1. 0.
0.991 -0.135 0. 247.968 0.135 0.991 0. 14.570 0. 0. 1. 0.
0.991 -0.137 0. 249.445 0.137 0.991 0. 14.736 0. 0. 1. 0.
0.990 -0.140 0. 250.931 0.140 0.990 0. 14.920 0. 0. 1. 0.
0.989 -0.147 0. 252.504 0.147 0.989 0. 15.114 0. 0. 1. 0.
0.988 -0.152 0. 254.063 0.152 0.988 0. 15.446 0. 0. 1. 0.
0.988 -0.153 0. 255.677 0.153 0.988 0. 15.692 0. 0. 1. 0.
0.988 -0.156 0. 257.350 0.156 0.988 0. 15.887 0. 0. 1. 0.
0.988 -0.156 0. 259.028 0.156 0.988 0. 16.156 0. 0. 1. 0.
0.988 -0.155 0. 260.768 0.155 0.988 0. 16.471 0. 0. 1. 0.
0.988 -0.153 0. 262.506 0.153 0.988 0. 16.715 0. 0. 1. 0.
0.989 -0.149 0. 264.244 0.149 0.989 0. 16.985 0. 0. 1. 0.
0.989 -0.150 0. 266.037 0.150 0.989 0. 17.164 0. 0. 1. 0.
0.989 -0.145 0. 267.820 0.145 0.989 0. 17.472 0. 0. 1. 0.
0.990 -0.143 0. 269.716 0.143 0.990 0. 17.691 0. 0. 1. 0.
0.990 -0.142 0. 271.572 0.142 0.990 0. 17.925 0. 0. 1. 0.
0.990 -0.138 0. 273.407 0.138 0.990 0. 18.220 0. 0. 1. 0.
0.991 -0.133 0. 275.306 0.133 0.991 0. 18.460 0. 0. 1. 0.
0.992 -0.126 0. 277.195 0.126 0.992 0. 18.661 0. 0. 1. 0.
0.993 -0.118 0. 279.119 0.118 0.993 0. 18.914 0. 0. 1. 0.
0.993 -0.114 0. 281.058 0.114 0.993 0. 19.088 0. 0. 1. 0.
0.994 -0.107 0. 282.993 0.107 0.994 0. 19.238 0. 0. 1. 0.
0.995 -0.101 0. 284.937 0.101 0.995 0. 19.450 0. 0. 1. 0.
0.995 -0.096 0. 286.864 0.096 0.995 0. 19.646 0. 0. 1. 0.
0.996 -0.092 0. 288.819 0.092 0.996 0. 19.796 0. 0. 1. 0.
0.996 -0.088 0. 290.782 0.088 0.996 0. 19.961 0. 0. 1. 0.
0.996 -0.087 0. 292.777 0.087 0.996 0. 20.049 0. 0. 1. 0.
0.996 -0.084 0. 294.788 0.084 0.996 0. 20.178 0. 0. 1. 0.
0.997 -0.081 0. 296.775 0.081 0.997 0. 20.357 0. 0. 1. 0.
0.997 -0.082 0. 298.739 0.082 0.997 0. 20.476 0. 0. 1. 0.
0.997 -0.080 0. 300.654 0.080 0.997 0. 20.682 0. 0. 1. 0.
0.997 -0.079 0. 302.614 0.079 0.997 0. 20.752 0. 0. 1. 0.
0.997 -0.078 0. 304.553 0.078 0.997 0. 20.862 0. 0. 1. 0.
0.997 -0.076 0. 306.400 0.076 0.997 0. 21.008 0. 0. 1. 0.
0.997 -0.075 0. 308.194 0.075 0.997 0. 21.171 0. 0. 1. 0.
0.997 -0.074 0. 310.017 0.074 0.997 0. 21.299 0. 0. 1. 0.
0.997 -0.073 0. 311.761 0.073 0.997 0. 21.379 0. 0. 1. 0.
0.997 -0.071 0. 313.503 0.071 0.997 0. 21.554 0. 0. 1. 0.
0.998 -0.070 0. 315.244 0.070 0.998 0. 21.648 0. 0. 1. 0.
0.997 -0.071 0. 317.006 0.071 0.997 0. 21.763 0. 0. 1. 0.
0.998 -0.070 0. 318.770 0.070 0.998 0. 21.843 0. 0. 1. 0.
0.998 -0.068 0. 320.571 0.068 0.998 0. 21.927 0. 0. 1. 0.
0.998 -0.066 0. 322.402 0.066 0.998 0. 22.014 0. 0. 1. 0.
0.998 -0.061 0. 324.220 0.061 0.998 0. 22.099 0. 0. 1. 0.
0.999 -0.053 0. 326.076 0.053 0.999 0. 22.217 0. 0. 1. 0.
0.999 -0.046 0. 327.966 0.046 0.999 0. 22.301 0. 0. 1. 0.
0.999 -0.041 0. 329.802 0.041 0.999 0. 22.291 0. 0. 1. 0.
0.999 -0.036 0. 331.762 0.036 0.999 0. 22.322 0. 0. 1. 0.
1.000 -0.030 0. 333.737 0.030 1.000 0. 22.348 0. 0. 1. 0.
1.000 -0.023 0. 335.696 0.023 1.000 0. 22.410 0. 0. 1. 0.
1.000 -0.019 0. 337.695 0.019 1.000 0. 22.431 0. 0. 1. 0.
1.000 -0.015 0. 339.723 0.015 1.000 0. 22.451 0. 0. 1. 0.
1. -0.009 0. 341.793 0.009 1. 0. 22.453 0. 0. 1. 0.
1. -0.007 0. 343.863 0.007 1. 0. 22.457 0. 0. 1. 0.
1. -0.003 0. 345.958 0.003 1. 0. 22.471 0. 0. 1. 0.
1. 0.001 0. 348.016 -0.001 1. 0. 22.402 0. 0. 1. 0.
1. 0.004 0. 350.147 -0.004 1. 0. 22.388 0. 0. 1. 0.
1. 0.004 0. 352.262 -0.004 1. 0. 22.390 0. 0. 1. 0.
1. 0.005 0. 354.388 -0.005 1. 0. 22.340 0. 0. 1. 0.
1. 0.006 0. 356.554 -0.006 1. 0. 22.358 0. 0. 1. 0.
1. 0.006 0. 358.713 -0.006 1. 0. 22.332 0. 0. 1. 0.
1. 0.007 0. 360.891 -0.007 1. 0. 22.280 0. 0. 1. 0.
1. 0.008 0. 363.022 -0.008 1. 0. 22.263 0. 0. 1. 0.
1. 0.007 0. 365.183 -0.007 1. 0. 22.236 0. 0. 1. 0.
1. 0.008 0. 367.338 -0.008 1. 0. 22.192 0. 0. 1. 0.
1. 0.006 0. 369.516 -0.006 1. 0. 22.173 0. 0. 1. 0.
1. 0.003 0. 371.676 -0.003 1. 0. 22.165 0. 0. 1. 0.
1. 0.001 0. 373.819 -0.001 1. 0. 22.163 0. 0. 1. 0.
1. -0.003 0. 376.014 0.003 1. 0. 22.137 0. 0. 1. 0.
1. -0.005 0. 378.190 0.005 1. 0. 22.125 0. 0. 1. 0.
1. -0.007 0. 380.383 0.007 1. 0. 22.155 0. 0. 1. 0.
1. -0.011 0. 382.556 0.011 1. 0. 22.152 0. 0. 1. 0.
1.000 -0.016 0. 384.717 0.016 1.000 0. 22.175 0. 0. 1. 0.
1.000 -0.019 0. 386.863 0.019 1.000 0. 22.229 0. 0. 1. 0.
1.000 -0.025 0. 388.996 0.025 1.000 0. 22.205 0. 0. 1. 0.
1.000 -0.027 0. 391.100 0.027 1.000 0. 22.290 0. 0. 1. 0.
0.999 -0.032 0. 393.222 0.032 0.999 0. 22.360 0. 0. 1. 0.
0.999 -0.037 0. 395.304 0.037 0.999 0. 22.386 0. 0. 1. 0.
0.999 -0.041 0. 397.347 0.041 0.999 0. 22.459 0. 0. 1. 0.
0.999 -0.045 0. 399.404 0.045 0.999 0. 22.556 0. 0. 1. 0.
0.999 -0.048 0. 401.419 0.048 0.999 0. 22.668 0. 0. 1. 0.
0.998 -0.055 0. 403.392 0.055 0.998 0. 22.700 0. 0. 1. 0.
0.998 -0.056 0. 405.369 0.056 0.998 0. 22.824 0. 0. 1. 0.
0.999 -0.055 0. 407.332 0.055 0.999 0. 22.915 0. 0. 1. 0.
0.998 -0.057 0. 409.283 0.057 0.998 0. 22.981 0. 0. 1. 0.
0.998 -0.056 0. 411.178 0.056 0.998 0. 23.117 0. 0. 1. 0.
0.998 -0.057 0. 413.088 0.057 0.998 0. 23.174 0. 0. 1. 0.
0.998 -0.056 0. 414.981 0.056 0.998 0. 23.297 0. 0. 1. 0.
0.998 -0.058 0. 416.858 0.058 0.998 0. 23.385 0. 0. 1. 0.
0.998 -0.060 0. 418.688 0.060 0.998 0. 23.443 0. 0. 1. 0.
0.998 -0.061 0. 420.505 0.061 0.998 0. 23.602 0. 0. 1. 0.
0.998 -0.061 0. 422.300 0.061 0.998 0. 23.689 0. 0. 1. 0.
0.998 -0.062 0. 424.074 0.062 0.998 0. 23.778 0. 0. 1. 0.
0.998 -0.060 0. 425.837 0.060 0.998 0. 23.887 0. 0. 1. 0.
0.998 -0.057 0. 427.545 0.057 0.998 0. 23.960 0. 0. 1. 0.
0.999 -0.050 0. 429.190 0.050 0.999 0. 24.068 0. 0. 1. 0.
0.999 -0.035 0. 430.792 0.035 0.999 0. 24.076 0. 0. 1. 0.
1. -0.013 0. 432.324 0.013 1. 0. 24.122 0. 0. 1. 0.
1. 0.012 0. 433.797 -0.012 1. 0. 24.067 0. 0. 1. 0.
0.999 0.043 0. 435.176 -0.043 0.999 0. 23.948 0. 0. 1. 0.
0.997 0.082 0. 436.462 -0.082 0.997 0. 23.837 0. 0. 1. 0.
0.992 0.126 0. 437.666 -0.126 0.992 0. 23.668 0. 0. 1. 0.
0.983 0.183 0. 438.801 -0.183 0.983 0. 23.413 0. 0. 1. 0.
0.970 0.242 0. 439.807 -0.242 0.970 0. 23.042 0. 0. 1. 0.
0.956 0.294 0. 440.744 -0.294 0.956 0. 22.744 0. 0. 1. 0.
0.940 0.343 0. 441.598 -0.343 0.940 0. 22.374 0. 0. 1. 0.
0.919 0.395 0. 442.354 -0.395 0.919 0. 22.013 0. 0. 1. 0.
0.893 0.451 0. 443.029 -0.451 0.893 0. 21.617 0. 0. 1. 0.
0.863 0.506 0. 443.634 -0.506 0.863 0. 21.209 0. 0. 1. 0.
0.828 0.560 0. 444.163 -0.560 0.828 0. 20.746 0. 0. 1. 0.
0.789 0.615 0. 444.627 -0.615 0.789 0. 20.329 0. 0. 1. 0.
0.749 0.663 0. 444.986 -0.663 0.749 0. 19.861 0. 0. 1. 0.
0.712 0.703 0. 445.248 -0.703 0.712 0. 19.498 0. 0. 1. 0.
0.678 0.735 0. 445.460 -0.735 0.678 0. 19.199 0. 0. 1. 0.
0.650 0.760 0. 445.629 -0.760 0.650 0. 18.956 0. 0. 1. 0.
0.628 0.778 0. 445.697 -0.778 0.628 0. 18.834 0. 0. 1. 0.
0.612 0.791 0. 445.764 -0.791 0.612 0. 18.704 0. 0. 1. 0.
0.597 0.802 0. 445.833 -0.802 0.597 0. 18.590 0. 0. 1. 0.
0.586 0.811 0. 445.867 -0.811 0.586 0. 18.504 0. 0. 1. 0.
0.576 0.817 0. 445.892 -0.817 0.576 0. 18.432 0. 0. 1. 0.
0.568 0.823 0. 445.927 -0.823 0.568 0. 18.392 0. 0. 1. 0.
0.562 0.827 0. 445.936 -0.827 0.562 0. 18.337 0. 0. 1. 0.
0.559 0.829 0. 445.959 -0.829 0.559 0. 18.333 0. 0. 1. 0.
0.557 0.830 0. 445.969 -0.830 0.557 0. 18.311 0. 0. 1. 0.
0.557 0.831 0. 445.966 -0.831 0.557 0. 18.314 0. 0. 1. 0.
0.556 0.831 0. 445.963 -0.831 0.556 0. 18.323 0. 0. 1. 0.
0.556 0.831 0. 445.957 -0.831 0.556 0. 18.318 0. 0. 1. 0.
0.557 0.831 0. 445.962 -0.831 0.557 0. 18.329 0. 0. 1. 0.
0.557 0.831 0. 445.965 -0.831 0.557 0. 18.320 0. 0. 1. 0.
0.557 0.831 0. 445.966 -0.831 0.557 0. 18.322 0. 0. 1. 0.
0.557 0.831 0. 445.954 -0.831 0.557 0. 18.322 0. 0. 1. 0.
0.557 0.831 0. 445.962 -0.831 0.557 0. 18.324 0. 0. 1. 0.
0.556 0.831 0. 445.967 -0.831 0.556 0. 18.323 0. 0. 1. 0.
0.556 0.831 0. 445.954 -0.831 0.556 0. 18.319 0. 0. 1. 0.
0.556 0.831 0. 445.956 -0.831 0.556 0. 18.317 0. 0. 1. 0.
0.556 0.831 0. 445.962 -0.831 0.556 0. 18.325 0. 0. 1. 0.
0.555 0.832 0. 445.957 -0.832 0.555 0. 18.310 0. 0. 1. 0.
0.555 0.832 0. 445.960 -0.832 0.555 0. 18.298 0. 0. 1. 0.
0.555 0.832 0. 445.958 -0.832 0.555 0. 18.302 0. 0. 1. 0.
0.555 0.832 0. 445.964 -0.832 0.555 0. 18.300 0. 0. 1. 0.
0.554 0.832 0. 445.964 -0.832 0.554 0. 18.292 0. 0. 1. 0.
0.554 0.833 0. 445.961 -0.833 0.554 0. 18.291 0. 0. 1. 0.
0.553 0.833 0. 445.962 -0.833 0.553 0. 18.286 0. 0. 1. 0.
0.553 0.833 0. 445.969 -0.833 0.553 0. 18.285 0. 0. 1. 0.
0.553 0.833 0. 445.965 -0.833 0.553 0. 18.290 0. 0. 1. 0.
0.553 0.833 0. 445.972 -0.833 0.553 0. 18.282 0. 0. 1. 0.
0.552 0.834 0. 445.973 -0.834 0.552 0. 18.286 0. 0. 1. 0.
0.552 0.834 0. 445.977 -0.834 0.552 0. 18.282 0. 0. 1. 0.
0.552 0.834 0. 445.976 -0.834 0.552 0. 18.286 0. 0. 1. 0.
0.552 0.834 0. 445.977 -0.834 0.552 0. 18.271 0. 0. 1. 0.
0.550 0.835 0. 445.969 -0.835 0.550 0. 18.255 0. 0. 1. 0.
0.550 0.835 0. 445.966 -0.835 0.550 0. 18.260 0. 0. 1. 0.
0.550 0.835 0. 445.970 -0.835 0.550 0. 18.264 0. 0. 1. 0.
0.551 0.835 0. 445.970 -0.835 0.551 0. 18.264 0. 0. 1. 0.
0.551 0.835 0. 445.969 -0.835 0.551 0. 18.271 0. 0. 1. 0.
0.550 0.835 0. 445.975 -0.835 0.550 0. 18.261 0. 0. 1. 0.
0.547 0.837 0. 445.986 -0.837 0.547 0. 18.254 0. 0. 1. 0.
0.543 0.840 0. 446.008 -0.840 0.543 0. 18.234 0. 0. 1. 0.
0.538 0.843 0. 446.017 -0.843 0.538 0. 18.204 0. 0. 1. 0.
0.533 0.846 0. 446.031 -0.846 0.533 0. 18.151 0. 0. 1. 0.
0.525 0.851 0. 446.070 -0.851 0.525 0. 18.092 0. 0. 1. 0.
0.516 0.856 0. 446.107 -0.856 0.516 0. 18.025 0. 0. 1. 0.
0.511 0.860 0. 446.122 -0.860 0.511 0. 17.981 0. 0. 1. 0.
0.504 0.864 0. 446.139 -0.864 0.504 0. 17.931 0. 0. 1. 0.
0.495 0.869 0. 446.165 -0.869 0.495 0. 17.860 0. 0. 1. 0.
0.484 0.875 0. 446.172 -0.875 0.484 0. 17.803 0. 0. 1. 0.
0.471 0.882 0. 446.203 -0.882 0.471 0. 17.717 0. 0. 1. 0.
0.455 0.890 0. 446.210 -0.890 0.455 0. 17.626 0. 0. 1. 0.
0.436 0.900 0. 446.279 -0.900 0.436 0. 17.470 0. 0. 1. 0.
0.411 0.912 0. 446.320 -0.912 0.411 0. 17.329 0. 0. 1. 0.
0.380 0.925 0. 446.384 -0.925 0.380 0. 17.116 0. 0. 1. 0.
0.337 0.941 0. 446.469 -0.941 0.337 0. 16.947 0. 0. 1. 0.
0.279 0.960 0. 446.504 -0.960 0.279 0. 16.532 0. 0. 1. 0.
0.206 0.979 0. 446.540 -0.979 0.206 0. 16.081 0. 0. 1. 0.
0.124 0.992 0. 446.537 -0.992 0.124 0. 15.526 0. 0. 1. 0.
0.032 0.999 0. 446.494 -0.999 0.032 0. 14.922 0. 0. 1. 0.
-0.068 0.998 0. 446.360 -0.998 -0.068 0. 14.282 0. 0. 1. 0.
-0.178 0.984 0. 446.158 -0.984 -0.178 0. 13.549 0. 0. 1. 0.
-0.289 0.957 0. 445.870 -0.957 -0.289 0. 12.767 0. 0. 1. 0.
-0.395 0.919 0. 445.436 -0.919 -0.395 0. 11.976 0. 0. 1. 0.
-0.498 0.867 0. 444.890 -0.867 -0.498 0. 11.162 0. 0. 1. 0.
-0.594 0.805 0. 444.198 -0.805 -0.594 0. 10.396 0. 0. 1. 0.
-0.679 0.735 0. 443.448 -0.735 -0.679 0. 9.539 0. 0. 1. 0.
-0.746 0.666 0. 442.469 -0.666 -0.746 0. 8.756 0. 0. 1. 0.
-0.793 0.609 0. 441.432 -0.609 -0.793 0. 7.963 0. 0. 1. 0.
-0.823 0.567 0. 440.259 -0.567 -0.823 0. 7.232 0. 0. 1. 0.
-0.841 0.540 0. 439.031 -0.540 -0.841 0. 6.524 0. 0. 1. 0.
-0.851 0.526 0. 437.737 -0.526 -0.851 0. 5.727 0. 0. 1. 0.
-0.855 0.519 0. 436.326 -0.519 -0.855 0. 4.939 0. 0. 1. 0.
-0.857 0.515 0. 434.839 -0.515 -0.857 0. 4.058 0. 0. 1. 0.
-0.863 0.505 0. 433.258 -0.505 -0.863 0. 3.204 0. 0. 1. 0.
-0.870 0.493 0. 431.612 -0.493 -0.870 0. 2.291 0. 0. 1. 0.
-0.876 0.482 0. 429.942 -0.482 -0.876 0. 1.349 0. 0. 1. 0.
-0.882 0.471 0. 428.280 -0.471 -0.882 0. 0.527 0. 0. 1. 0.
-0.888 0.461 0. 426.551 -0.461 -0.888 0. -0.356 0. 0. 1. 0.
-0.891 0.453 0. 424.802 -0.453 -0.891 0. -1.265 0. 0. 1. 0.
-0.895 0.446 0. 423.005 -0.446 -0.895 0. -2.079 0. 0. 1. 0.
-0.896 0.444 0. 421.291 -0.444 -0.896 0. -2.943 0. 0. 1. 0.
-0.898 0.439 0. 419.519 -0.439 -0.898 0. -3.762 0. 0. 1. 0.
-0.899 0.439 0. 417.803 -0.439 -0.899 0. -4.594 0. 0. 1. 0.
-0.899 0.437 0. 416.117 -0.437 -0.899 0. -5.420 0. 0. 1. 0.
-0.900 0.436 0. 414.377 -0.436 -0.900 0. -6.197 0. 0. 1. 0.
-0.899 0.437 0. 412.745 -0.437 -0.899 0. -7.030 0. 0. 1. 0.
-0.900 0.436 0. 411.069 -0.436 -0.900 0. -7.771 0. 0. 1. 0.
-0.900 0.435 0. 409.418 -0.435 -0.900 0. -8.616 0. 0. 1. 0.
-0.900 0.436 0. 407.790 -0.436 -0.900 0. -9.377 0. 0. 1. 0.
-0.900 0.436 0. 406.186 -0.436 -0.900 0. -10.188 0. 0. 1. 0.
-0.900 0.436 0. 404.562 -0.436 -0.900 0. -10.930 0. 0. 1. 0.
-0.900 0.435 0. 402.993 -0.435 -0.900 0. -11.747 0. 0. 1. 0.
-0.899 0.437 0. 401.389 -0.437 -0.899 0. -12.446 0. 0. 1. 0.
-0.899 0.438 0. 399.894 -0.438 -0.899 0. -13.246 0. 0. 1. 0.
-0.899 0.437 0. 398.324 -0.437 -0.899 0. -13.957 0. 0. 1. 0.
-0.899 0.439 0. 396.823 -0.439 -0.899 0. -14.696 0. 0. 1. 0.
-0.898 0.441 0. 395.306 -0.441 -0.898 0. -15.391 0. 0. 1. 0.
-0.900 0.436 0. 393.872 -0.436 -0.900 0. -16.116 0. 0. 1. 0.
-0.901 0.435 0. 392.387 -0.435 -0.901 0. -16.797 0. 0. 1. 0.
-0.902 0.431 0. 390.974 -0.431 -0.902 0. -17.488 0. 0. 1. 0.
-0.902 0.432 0. 389.521 -0.432 -0.902 0. -18.186 0. 0. 1. 0.
-0.902 0.432 0. 388.136 -0.432 -0.902 0. -18.875 0. 0. 1. 0.
-0.902 0.432 0. 386.801 -0.432 -0.902 0. -19.501 0. 0. 1. 0.
-0.903 0.430 0. 385.536 -0.430 -0.903 0. -20.090 0. 0. 1. 0.
-0.903 0.429 0. 384.326 -0.429 -0.903 0. -20.705 0. 0. 1. 0.
-0.905 0.425 0. 383.140 -0.425 -0.905 0. -21.248 0. 0. 1. 0.
-0.906 0.423 0. 382.030 -0.423 -0.906 0. -21.756 0. 0. 1. 0.
-0.907 0.420 0. 380.971 -0.420 -0.907 0. -22.192 0. 0. 1. 0.
-0.907 0.420 0. 379.997 -0.420 -0.907 0. -22.650 0. 0. 1. 0.
-0.908 0.419 0. 379.091 -0.419 -0.908 0. -23.086 0. 0. 1. 0.
-0.908 0.419 0. 378.227 -0.419 -0.908 0. -23.514 0. 0. 1. 0.
-0.908 0.420 0. 377.416 -0.420 -0.908 0. -23.859 0. 0. 1. 0.
-0.908 0.419 0. 376.713 -0.419 -0.908 0. -24.205 0. 0. 1. 0.
-0.909 0.417 0. 376.017 -0.417 -0.909 0. -24.462 0. 0. 1. 0.
-0.909 0.416 0. 375.435 -0.416 -0.909 0. -24.720 0. 0. 1. 0.
-0.909 0.417 0. 374.884 -0.417 -0.909 0. -24.933 0. 0. 1. 0.
-0.910 0.415 0. 374.450 -0.415 -0.910 0. -25.176 0. 0. 1. 0.
-0.910 0.415 0. 374.086 -0.415 -0.910 0. -25.376 0. 0. 1. 0.
-0.909 0.416 0. 373.789 -0.416 -0.909 0. -25.454 0. 0. 1. 0.
-0.909 0.417 0. 373.548 -0.417 -0.909 0. -25.548 0. 0. 1. 0.
-0.910 0.415 0. 373.359 -0.415 -0.910 0. -25.648 0. 0. 1. 0.
-0.910 0.415 0. 373.184 -0.415 -0.910 0. -25.713 0. 0. 1. 0.
-0.909 0.416 0. 373.052 -0.416 -0.909 0. -25.812 0. 0. 1. 0.
-0.910 0.415 0. 372.898 -0.415 -0.910 0. -25.865 0. 0. 1. 0.
-0.910 0.415 0. 372.757 -0.415 -0.910 0. -25.931 0. 0. 1. 0.
-0.910 0.415 0. 372.638 -0.415 -0.910 0. -26.005 0. 0. 1. 0.
-0.909 0.416 0. 372.521 -0.416 -0.909 0. -26.067 0. 0. 1. 0.
-0.909 0.416 0. 372.405 -0.416 -0.909 0. -26.091 0. 0. 1. 0.
-0.910 0.415 0. 372.304 -0.415 -0.910 0. -26.127 0. 0. 1. 0.
-0.910 0.415 0. 372.214 -0.415 -0.910 0. -26.165 0. 0. 1. 0.
-0.910 0.415 0. 372.142 -0.415 -0.910 0. -26.214 0. 0. 1. 0.
-0.910 0.415 0. 372.047 -0.415 -0.910 0. -26.227 0. 0. 1. 0.
-0.910 0.415 0. 371.987 -0.415 -0.910 0. -26.278 0. 0. 1. 0.
-0.910 0.414 0. 371.934 -0.414 -0.910 0. -26.309 0. 0. 1. 0.
-0.910 0.415 0. 371.887 -0.415 -0.910 0. -26.324 0. 0. 1. 0.
-0.910 0.415 0. 371.811 -0.415 -0.910 0. -26.342 0. 0. 1. 0.
-0.910 0.415 0. 371.763 -0.415 -0.910 0. -26.344 0. 0. 1. 0.
-0.910 0.414 0. 371.689 -0.414 -0.910 0. -26.374 0. 0. 1. 0.
-0.910 0.415 0. 371.658 -0.415 -0.910 0. -26.392 0. 0. 1. 0.
-0.910 0.415 0. 371.622 -0.415 -0.910 0. -26.434 0. 0. 1. 0.
-0.910 0.415 0. 371.545 -0.415 -0.910 0. -26.449 0. 0. 1. 0.
-0.910 0.415 0. 371.473 -0.415 -0.910 0. -26.506 0. 0. 1. 0.
-0.910 0.414 0. 371.353 -0.414 -0.910 0. -26.483 0. 0. 1. 0.
-0.910 0.414 0. 371.263 -0.414 -0.910 0. -26.583 0. 0. 1. 0.
-0.911 0.413 0. 371.124 -0.413 -0.911 0. -26.664 0. 0. 1. 0.
-0.911 0.413 0. 370.880 -0.413 -0.911 0. -26.751 0. 0. 1. 0.
-0.911 0.413 0. 370.620 -0.413 -0.911 0. -26.870 0. 0. 1. 0.
-0.911 0.412 0. 370.307 -0.412 -0.911 0. -27.019 0. 0. 1. 0.
-0.912 0.410 0. 369.933 -0.410 -0.912 0. -27.178 0. 0. 1. 0.
-0.913 0.408 0. 369.505 -0.408 -0.913 0. -27.368 0. 0. 1. 0.
-0.913 0.408 0. 368.995 -0.408 -0.913 0. -27.597 0. 0. 1. 0.
-0.913 0.407 0. 368.403 -0.407 -0.913 0. -27.853 0. 0. 1. 0.
-0.914 0.407 0. 367.780 -0.407 -0.914 0. -28.167 0. 0. 1. 0.
-0.914 0.406 0. 367.076 -0.406 -0.914 0. -28.433 0. 0. 1. 0.
-0.915 0.403 0. 366.270 -0.403 -0.915 0. -28.765 0. 0. 1. 0.
-0.917 0.399 0. 365.420 -0.399 -0.917 0. -29.142 0. 0. 1. 0.
-0.918 0.397 0. 364.432 -0.397 -0.918 0. -29.502 0. 0. 1. 0.
-0.918 0.396 0. 363.445 -0.396 -0.918 0. -29.956 0. 0. 1. 0.
-0.919 0.393 0. 362.362 -0.393 -0.919 0. -30.431 0. 0. 1. 0.
-0.920 0.391 0. 361.211 -0.391 -0.920 0. -30.907 0. 0. 1. 0.
-0.921 0.390 0. 359.982 -0.390 -0.921 0. -31.407 0. 0. 1. 0.
-0.922 0.387 0. 358.719 -0.387 -0.922 0. -31.969 0. 0. 1. 0.
-0.923 0.385 0. 357.333 -0.385 -0.923 0. -32.442 0. 0. 1. 0.
-0.924 0.383 0. 355.977 -0.383 -0.924 0. -33.033 0. 0. 1. 0.
-0.924 0.381 0. 354.542 -0.381 -0.924 0. -33.651 0. 0. 1. 0.
-0.925 0.381 0. 353.057 -0.381 -0.925 0. -34.258 0. 0. 1. 0.
-0.925 0.381 0. 351.586 -0.381 -0.925 0. -34.864 0. 0. 1. 0.
-0.925 0.380 0. 350.033 -0.380 -0.925 0. -35.485 0. 0. 1. 0.
-0.925 0.379 0. 348.477 -0.379 -0.925 0. -36.129 0. 0. 1. 0.
-0.926 0.378 0. 346.837 -0.378 -0.926 0. -36.735 0. 0. 1. 0.
-0.928 0.373 0. 345.196 -0.373 -0.928 0. -37.376 0. 0. 1. 0.
-0.930 0.367 0. 343.503 -0.367 -0.930 0. -38.049 0. 0. 1. 0.
-0.934 0.357 0. 341.732 -0.357 -0.934 0. -38.709 0. 0. 1. 0.
-0.938 0.348 0. 339.950 -0.348 -0.938 0. -39.388 0. 0. 1. 0.
-0.940 0.342 0. 338.070 -0.342 -0.940 0. -39.986 0. 0. 1. 0.
-0.943 0.333 0. 336.143 -0.333 -0.943 0. -40.672 0. 0. 1. 0.
-0.946 0.325 0. 334.185 -0.325 -0.946 0. -41.339 0. 0. 1. 0.
-0.947 0.322 0. 332.200 -0.322 -0.947 0. -42.036 0. 0. 1. 0.
-0.948 0.317 0. 330.158 -0.317 -0.948 0. -42.721 0. 0. 1. 0.
-0.949 0.314 0. 328.079 -0.314 -0.949 0. -43.354 0. 0. 1. 0.
-0.950 0.312 0. 325.951 -0.312 -0.950 0. -43.994 0. 0. 1. 0.
-0.951 0.311 0. 323.830 -0.311 -0.951 0. -44.650 0. 0. 1. 0.
-0.952 0.308 0. 321.696 -0.308 -0.952 0. -45.353 0. 0. 1. 0.
-0.952 0.306 0. 319.576 -0.306 -0.952 0. -46.018 0. 0. 1. 0.
-0.953 0.304 0. 317.396 -0.304 -0.953 0. -46.668 0. 0. 1. 0.
-0.953 0.303 0. 315.208 -0.303 -0.953 0. -47.351 0. 0. 1. 0.
-0.953 0.304 0. 313.027 -0.304 -0.953 0. -48.027 0. 0. 1. 0.
-0.952 0.307 0. 310.806 -0.307 -0.952 0. -48.708 0. 0. 1. 0.
-0.950 0.311 0. 308.605 -0.311 -0.950 0. -49.387 0. 0. 1. 0.
-0.949 0.314 0. 306.366 -0.314 -0.949 0. -50.133 0. 0. 1. 0.
-0.948 0.318 0. 304.174 -0.318 -0.948 0. -50.848 0. 0. 1. 0.
-0.947 0.323 0. 301.934 -0.323 -0.947 0. -51.546 0. 0. 1. 0.
-0.945 0.326 0. 299.690 -0.326 -0.945 0. -52.318 0. 0. 1. 0.
-0.943 0.331 0. 297.406 -0.331 -0.943 0. -53.063 0. 0. 1. 0.
-0.942 0.335 0. 295.142 -0.335 -0.942 0. -53.857 0. 0. 1. 0.
-0.941 0.340 0. 292.871 -0.340 -0.941 0. -54.664 0. 0. 1. 0.
-0.939 0.344 0. 290.586 -0.344 -0.939 0. -55.483 0. 0. 1. 0.
-0.939 0.344 0. 288.317 -0.344 -0.939 0. -56.283 0. 0. 1. 0.
-0.938 0.347 0. 286.057 -0.347 -0.938 0. -57.118 0. 0. 1. 0.
-0.936 0.352 0. 283.807 -0.352 -0.936 0. -57.942 0. 0. 1. 0.
-0.935 0.355 0. 281.549 -0.355 -0.935 0. -58.803 0. 0. 1. 0.
-0.934 0.357 0. 279.295 -0.357 -0.934 0. -59.650 0. 0. 1. 0.
-0.933 0.360 0. 277.022 -0.360 -0.933 0. -60.516 0. 0. 1. 0.
-0.932 0.363 0. 274.771 -0.363 -0.932 0. -61.391 0. 0. 1. 0.
-0.931 0.366 0. 272.468 -0.366 -0.931 0. -62.292 0. 0. 1. 0.
-0.930 0.368 0. 270.166 -0.368 -0.930 0. -63.112 0. 0. 1. 0.
-0.928 0.372 0. 267.907 -0.372 -0.928 0. -64.043 0. 0. 1. 0.
-0.927 0.376 0. 265.603 -0.376 -0.927 0. -64.927 0. 0. 1. 0.
-0.925 0.380 0. 263.308 -0.380 -0.925 0. -65.803 0. 0. 1. 0.
-0.925 0.381 0. 261.038 -0.381 -0.925 0. -66.724 0. 0. 1. 0.
-0.925 0.380 0. 258.750 -0.380 -0.925 0. -67.661 0. 0. 1. 0.
-0.925 0.379 0. 256.437 -0.379 -0.925 0. -68.625 0. 0. 1. 0.
-0.925 0.381 0. 254.149 -0.381 -0.925 0. -69.504 0. 0. 1. 0.
-0.924 0.383 0. 251.843 -0.383 -0.924 0. -70.398 0. 0. 1. 0.
-0.922 0.387 0. 249.507 -0.387 -0.922 0. -71.385 0. 0. 1. 0.
-0.921 0.389 0. 247.160 -0.389 -0.921 0. -72.317 0. 0. 1. 0.
-0.921 0.390 0. 244.836 -0.390 -0.921 0. -73.278 0. 0. 1. 0.
-0.920 0.391 0. 242.475 -0.391 -0.920 0. -74.291 0. 0. 1. 0.
-0.918 0.396 0. 240.132 -0.396 -0.918 0. -75.299 0. 0. 1. 0.
-0.918 0.397 0. 237.753 -0.397 -0.918 0. -76.279 0. 0. 1. 0.
-0.918 0.397 0. 235.366 -0.397 -0.918 0. -77.291 0. 0. 1. 0.
-0.918 0.398 0. 232.965 -0.398 -0.918 0. -78.320 0. 0. 1. 0.
-0.917 0.399 0. 230.576 -0.399 -0.917 0. -79.351 0. 0. 1. 0.
-0.916 0.402 0. 228.175 -0.402 -0.916 0. -80.389 0. 0. 1. 0.
-0.915 0.403 0. 225.769 -0.403 -0.915 0. -81.413 0. 0. 1. 0.
-0.916 0.402 0. 223.354 -0.402 -0.916 0. -82.425 0. 0. 1. 0.
-0.916 0.401 0. 220.989 -0.401 -0.916 0. -83.523 0. 0. 1. 0.
-0.917 0.400 0. 218.587 -0.400 -0.917 0. -84.555 0. 0. 1. 0.
-0.917 0.399 0. 216.192 -0.399 -0.917 0. -85.576 0. 0. 1. 0.
-0.917 0.399 0. 213.791 -0.399 -0.917 0. -86.595 0. 0. 1. 0.
-0.918 0.397 0. 211.391 -0.397 -0.918 0. -87.647 0. 0. 1. 0.
-0.920 0.393 0. 209.010 -0.393 -0.920 0. -88.699 0. 0. 1. 0.
-0.921 0.390 0. 206.585 -0.390 -0.921 0. -89.645 0. 0. 1. 0.
-0.921 0.389 0. 204.191 -0.389 -0.921 0. -90.642 0. 0. 1. 0.
-0.922 0.387 0. 201.832 -0.387 -0.922 0. -91.610 0. 0. 1. 0.
-0.923 0.385 0. 199.501 -0.385 -0.923 0. -92.606 0. 0. 1. 0.
-0.924 0.383 0. 197.155 -0.383 -0.924 0. -93.540 0. 0. 1. 0.
-0.924 0.382 0. 194.913 -0.382 -0.924 0. -94.443 0. 0. 1. 0.
-0.925 0.379 0. 192.655 -0.379 -0.925 0. -95.333 0. 0. 1. 0.
-0.926 0.379 0. 190.379 -0.379 -0.926 0. -96.277 0. 0. 1. 0.
-0.925 0.381 0. 188.132 -0.381 -0.925 0. -97.158 0. 0. 1. 0.
-0.924 0.383 0. 185.929 -0.383 -0.924 0. -98.094 0. 0. 1. 0.
-0.923 0.384 0. 183.687 -0.384 -0.923 0. -98.947 0. 0. 1. 0.
-0.923 0.384 0. 181.489 -0.384 -0.923 0. -99.873 0. 0. 1. 0.
-0.922 0.386 0. 179.283 -0.386 -0.922 0. -100.763 0. 0. 1. 0.
-0.923 0.385 0. 177.122 -0.385 -0.923 0. -101.667 0. 0. 1. 0.
-0.922 0.387 0. 174.931 -0.387 -0.922 0. -102.544 0. 0. 1. 0.
-0.922 0.388 0. 172.751 -0.388 -0.922 0. -103.433 0. 0. 1. 0.
-0.921 0.389 0. 170.571 -0.389 -0.921 0. -104.401 0. 0. 1. 0.
-0.921 0.389 0. 168.352 -0.389 -0.921 0. -105.235 0. 0. 1. 0.
-0.921 0.389 0. 166.184 -0.389 -0.921 0. -106.176 0. 0. 1. 0.
-0.922 0.387 0. 164.020 -0.387 -0.922 0. -107.130 0. 0. 1. 0.
-0.923 0.386 0. 161.891 -0.386 -0.923 0. -108.084 0. 0. 1. 0.
-0.923 0.384 0. 159.715 -0.384 -0.923 0. -108.936 0. 0. 1. 0.
-0.926 0.376 0. 157.561 -0.376 -0.926 0. -109.833 0. 0. 1. 0.
-0.928 0.373 0. 155.374 -0.373 -0.928 0. -110.544 0. 0. 1. 0.
-0.927 0.375 0. 153.332 -0.375 -0.927 0. -111.423 0. 0. 1. 0.
-0.927 0.375 0. 151.220 -0.375 -0.927 0. -112.227 0. 0. 1. 0.
-0.927 0.374 0. 149.079 -0.374 -0.927 0. -113.014 0. 0. 1. 0.
-0.927 0.375 0. 146.998 -0.375 -0.927 0. -113.824 0. 0. 1. 0.
-0.927 0.375 0. 144.983 -0.375 -0.927 0. -114.650 0. 0. 1. 0.
-0.926 0.378 0. 142.992 -0.378 -0.926 0. -115.403 0. 0. 1. 0.
-0.925 0.379 0. 141.051 -0.379 -0.925 0. -116.232 0. 0. 1. 0.
-0.924 0.382 0. 139.093 -0.382 -0.924 0. -117.035 0. 0. 1. 0.
