1631021758432249 1.00000 0.00000 0.00000 -0.00000 0.00000 -1.00000 0.00000 0.00000 0.00000 -0.00000 -1.00000 0.00000
1631021758681622 1.00000 0.00193 0.00000 0.06479 0.00193 -1.00000 0.00000 -0.03200 0.00000 -0.00000 -1.00000 -0.00000
1631021758931638 1.00000 -0.00016 0.00000 -0.01520 -0.00016 -1.00000 0.00000 0.00667 -0.00000 -0.00000 -1.00000 0.00000
1631021759182895 1.00000 0.00106 0.00000 0.01986 0.00106 -1.00000 0.00000 0.01878 0.00000 -0.00000 -1.00000 0.00000
1631021759433532 1.00000 -0.00103 0.00000 0.04869 -0.00103 -1.00000 0.00000 -0.01087 -0.00000 -0.00000 -1.00000 -0.00000
1631021759684166 1.00000 0.00089 0.00000 0.05270 0.00089 -1.00000 0.00000 -0.00153 0.00000 -0.00000 -1.00000 -0.00000
1631021759934179 1.00000 0.00313 0.00000 0.04806 0.00313 -1.00000 0.00000 -0.00587 0.00000 -0.00000 -1.00000 -0.00000
1631021760184189 1.00000 -0.00177 0.00000 0.00469 -0.00177 -1.00000 0.00000 0.00408 -0.00000 -0.00000 -1.00000 0.00000
1631021760433573 1.00000 0.00229 -0.00000 0.03845 0.00229 -1.00000 0.00000 -0.01721 0.00000 -0.00000 -1.00000 -0.00000
1631021760682976 1.00000 -0.00031 0.00000 0.05221 -0.00031 -1.00000 0.00000 -0.01763 -0.00000 -0.00000 -1.00000 -0.00000
1631021760932347 1.00000 -0.00065 0.00000 0.00039 -0.00065 -1.00000 0.00000 0.01669 -0.00000 -0.00000 -1.00000 0.00000
1631021761182359 1.00000 -0.00290 0.00000 0.02835 -0.00290 -1.00000 0.00000 0.01708 -0.00000 -0.00000 -1.00000 0.00000
1631021761432363 1.00000 -0.00181 0.00000 0.03944 -0.00181 -1.00000 0.00000 0.02702 -0.00000 -0.00000 -1.00000 0.00000
1631021761683001 1.00000 0.00007 0.00000 0.00455 0.00007 -1.00000 0.00000 0.02603 0.00000 -0.00000 -1.00000 0.00000
1631021761933640 1.00000 -0.00070 0.00000 0.02959 -0.00070 -1.00000 0.00000 -0.00749 -0.00000 -0.00000 -1.00000 -0.00000
1631021762184277 1.00000 0.00068 0.00000 0.00735 0.00068 -1.00000 0.00000 -0.02665 0.00000 -0.00000 -1.00000 -0.00000
1631021762434917 0.99999 -0.00389 0.00000 -0.00987 -0.00389 -0.99999 0.00000 0.03941 -0.00000 -0.00000 -1.00000 0.00000
1631021762684925 0.99995 -0.00951 0.00000 -0.07647 -0.00951 -0.99995 0.00000 0.02196 -0.00000 -0.00000 -1.00000 0.00000
1631021762934310 0.99991 -0.01310 0.00000 -0.19678 -0.01310 -0.99991 0.00000 -0.00032 -0.00000 -0.00000 -1.00000 -0.00000
1631021763183695 0.99973 -0.02330 0.00000 -0.32485 -0.02330 -0.99973 0.00000 -0.02919 -0.00000 -0.00000 -1.00000 -0.00000
1631021763433083 0.99901 -0.04445 0.00000 -0.49254 -0.04445 -0.99901 0.00000 -0.02482 -0.00000 -0.00000 -1.00000 -0.00000
1631021763682466 0.99790 -0.06474 0.00000 -0.70256 -0.06474 -0.99790 0.00000 -0.02200 -0.00000 -0.00000 -1.00000 -0.00000
1631021763932478 0.99641 -0.08460 0.00000 -1.02618 -0.08460 -0.99641 0.00000 0.00101 -0.00000 -0.00000 -1.00000 0.00000
1631021764182517 0.99299 -0.11822 0.00000 -1.42781 -0.11822 -0.99299 0.00000 -0.03744 -0.00000 -0.00000 -1.00000 -0.00000
1631021764433768 0.98779 -0.15577 0.00000 -1.91078 -0.15577 -0.98779 0.00000 0.04718 -0.00000 -0.00000 -1.00000 0.00000
1631021764684427 0.98427 -0.17668 -0.00000 -2.58724 -0.17668 -0.98427 0.00000 0.15926 -0.00000 -0.00000 -1.00000 0.00000
1631021764934427 0.98296 -0.18381 -0.00000 -3.26594 -0.18381 -0.98296 0.00000 0.03653 -0.00000 -0.00000 -1.00000 0.00000
1631021765184436 0.98159 -0.19099 0.00000 -4.03925 -0.19099 -0.98159 0.00000 0.03991 -0.00000 -0.00000 -1.00000 0.00000
1631021765434447 0.98120 -0.19302 0.00000 -4.86984 -0.19302 -0.98120 0.00000 0.02996 -0.00000 -0.00000 -1.00000 0.00000
1631021765683851 0.98169 -0.19050 0.00000 -5.81513 -0.19050 -0.98169 0.00000 -0.01416 -0.00000 -0.00000 -1.00000 -0.00000
1631021765933197 0.98301 -0.18355 0.00000 -6.84029 -0.18355 -0.98301 0.00000 -0.05563 -0.00000 -0.00000 -1.00000 -0.00000
1631021766182578 0.98446 -0.17559 0.00000 -7.90838 -0.17559 -0.98446 0.00000 -0.03851 -0.00000 -0.00000 -1.00000 -0.00000
1631021766431977 0.98601 -0.16670 0.00000 -9.04814 -0.16670 -0.98601 0.00000 -0.07919 -0.00000 -0.00000 -1.00000 -0.00000
1631021766682619 0.98690 -0.16134 0.00000 -10.16117 -0.16134 -0.98690 0.00000 -0.13845 -0.00000 -0.00000 -1.00000 -0.00000
1631021766932619 0.98872 -0.14979 0.00000 -11.39976 -0.14979 -0.98872 0.00000 -0.33335 -0.00000 -0.00000 -1.00000 -0.00000
1631021767183877 0.99044 -0.13792 0.00000 -12.63175 -0.13792 -0.99044 0.00000 -0.44624 -0.00000 -0.00000 -1.00000 -0.00000
1631021767433886 0.99297 -0.11833 -0.00000 -14.10064 -0.11833 -0.99297 0.00000 -0.73449 -0.00000 -0.00000 -1.00000 -0.00000
1631021767685153 0.99345 -0.11427 0.00000 -15.54535 -0.11427 -0.99345 0.00000 -0.76228 -0.00000 -0.00000 -1.00000 -0.00000
1631021767935163 0.99454 -0.10438 0.00000 -16.92256 -0.10438 -0.99454 0.00000 -1.02966 -0.00000 -0.00000 -1.00000 -0.00000
1631021768185173 0.99624 -0.08664 0.00000 -18.49755 -0.08664 -0.99624 0.00000 -1.26033 -0.00000 -0.00000 -1.00000 -0.00000
1631021768434556 0.99713 -0.07577 0.00000 -20.09730 -0.07577 -0.99713 0.00000 -1.58443 -0.00000 -0.00000 -1.00000 -0.00000
1631021768683314 0.99751 -0.07047 0.00000 -21.65969 -0.07047 -0.99751 0.00000 -1.62541 -0.00000 -0.00000 -1.00000 -0.00000
1631021768932707 0.99823 -0.05952 -0.00000 -23.27558 -0.05952 -0.99823 0.00000 -1.95237 -0.00000 -0.00000 -1.00000 -0.00000
1631021769182723 0.99862 -0.05244 0.00000 -25.04012 -0.05244 -0.99862 0.00000 -2.13561 -0.00000 -0.00000 -1.00000 -0.00000
1631021769432729 0.99880 -0.04903 0.00000 -26.76793 -0.04903 -0.99880 0.00000 -2.08142 -0.00000 -0.00000 -1.00000 -0.00000
1631021769683365 0.99902 -0.04416 0.00000 -28.55407 -0.04416 -0.99902 0.00000 -2.28933 -0.00000 -0.00000 -1.00000 -0.00000
1631021769933999 0.99896 -0.04561 0.00000 -30.39150 -0.04561 -0.99896 0.00000 -2.39160 -0.00000 -0.00000 -1.00000 -0.00000
1631021770185264 0.99880 -0.04904 0.00000 -32.15033 -0.04904 -0.99880 0.00000 -2.24780 -0.00000 -0.00000 -1.00000 -0.00000
1631021770435898 0.99897 -0.04540 0.00000 -33.89346 -0.04540 -0.99897 0.00000 -2.38662 -0.00000 -0.00000 -1.00000 -0.00000
1631021770685280 0.99957 -0.02916 0.00000 -35.62679 -0.02916 -0.99957 0.00000 -3.09651 -0.00000 -0.00000 -1.00000 -0.00000
1631021770935295 0.99996 -0.00915 -0.00000 -37.36769 -0.00915 -0.99996 0.00000 -3.76642 -0.00000 -0.00000 -1.00000 -0.00000
1631021771185307 1.00000 -0.00113 0.00000 -39.21483 -0.00113 -1.00000 0.00000 -4.00002 -0.00000 -0.00000 -1.00000 -0.00000
1631021771434695 0.99985 0.01733 0.00000 -40.94643 0.01733 -0.99985 0.00000 -4.83615 0.00000 -0.00000 -1.00000 -0.00000
1631021771683453 0.99961 0.02810 0.00000 -42.76115 0.02810 -0.99961 0.00000 -5.36189 0.00000 -0.00000 -1.00000 -0.00000
1631021771934087 0.99963 0.02719 0.00000 -44.73756 0.02719 -0.99963 0.00000 -5.23298 0.00000 -0.00000 -1.00000 -0.00000
1631021772183474 0.99958 0.02882 -0.00000 -46.64769 0.02882 -0.99958 0.00000 -5.36755 0.00000 -0.00000 -1.00000 -0.00000
1631021772432859 0.99953 0.03067 0.00000 -48.64338 0.03067 -0.99953 0.00000 -5.56838 0.00000 -0.00000 -1.00000 -0.00000
1631021772683491 0.99973 0.02327 -0.00000 -50.69213 0.02327 -0.99973 0.00000 -5.22265 0.00000 -0.00000 -1.00000 -0.00000
1631021772933514 0.99963 0.02723 0.00000 -52.73923 0.02723 -0.99963 0.00000 -5.48902 0.00000 -0.00000 -1.00000 -0.00000
1631021773184143 0.99972 0.02365 0.00000 -54.88994 0.02365 -0.99972 0.00000 -5.46592 0.00000 -0.00000 -1.00000 -0.00000
1631021773434782 0.99978 0.02100 0.00000 -57.04502 0.02100 -0.99978 0.00000 -5.29134 0.00000 -0.00000 -1.00000 -0.00000
1631021773684792 0.99959 0.02872 0.00000 -59.11286 0.02872 -0.99959 0.00000 -5.70146 0.00000 -0.00000 -1.00000 -0.00000
1631021773934180 0.99949 0.03190 0.00000 -61.31184 0.03190 -0.99949 0.00000 -6.02470 0.00000 -0.00000 -1.00000 -0.00000
1631021774183568 0.99950 0.03164 0.00000 -63.50040 0.03164 -0.99950 0.00000 -6.08957 0.00000 -0.00000 -1.00000 -0.00000
1631021774432960 0.99956 0.02965 0.00000 -65.71948 0.02965 -0.99956 0.00000 -6.04447 0.00000 -0.00000 -1.00000 -0.00000
1631021774682331 0.99962 0.02763 0.00000 -68.01661 0.02763 -0.99962 0.00000 -5.82489 0.00000 -0.00000 -1.00000 -0.00000
1631021774932974 0.99962 0.02746 0.00000 -70.08592 0.02746 -0.99962 0.00000 -5.70310 0.00000 -0.00000 -1.00000 -0.00000
1631021775182981 0.99982 0.01916 -0.00000 -72.30526 0.01916 -0.99982 0.00000 -5.16966 0.00000 -0.00000 -1.00000 -0.00000
1631021775433619 0.99994 0.01132 0.00000 -74.53316 0.01132 -0.99994 0.00000 -4.60537 0.00000 -0.00000 -1.00000 -0.00000
1631021775684252 0.99997 -0.00714 0.00000 -76.79860 -0.00714 -0.99997 0.00000 -3.24140 -0.00000 -0.00000 -1.00000 -0.00000
1631021775934883 0.99973 -0.02344 0.00000 -78.97037 -0.02344 -0.99973 0.00000 -1.95216 -0.00000 -0.00000 -1.00000 -0.00000
1631021776185511 0.99916 -0.04095 0.00000 -81.20405 -0.04095 -0.99916 0.00000 -0.59516 -0.00000 -0.00000 -1.00000 -0.00000
1631021776436151 0.99746 -0.07125 0.00000 -83.26961 -0.07125 -0.99746 0.00000 1.84876 -0.00000 -0.00000 -1.00000 0.00000
1631021776685532 0.99601 -0.08927 0.00000 -85.35495 -0.08927 -0.99601 0.00000 3.36416 -0.00000 -0.00000 -1.00000 0.00000
1631021776934297 0.99270 -0.12064 0.00000 -87.33311 -0.12064 -0.99270 0.00000 6.03793 -0.00000 -0.00000 -1.00000 0.00000
1631021777183682 0.98654 -0.16354 0.00000 -89.04406 -0.16354 -0.98654 0.00000 9.82213 -0.00000 -0.00000 -1.00000 0.00000
1631021777433687 0.97719 -0.21237 0.00000 -90.58303 -0.21237 -0.97719 0.00000 14.19341 -0.00000 -0.00000 -1.00000 0.00000
1631021777683073 0.96481 -0.26296 0.00000 -91.80266 -0.26296 -0.96481 0.00000 18.85233 -0.00000 -0.00000 -1.00000 0.00000
1631021777933083 0.94754 -0.31964 0.00000 -92.50113 -0.31964 -0.94754 0.00000 24.26089 -0.00000 -0.00000 -1.00000 0.00000
1631021778183716 0.92586 -0.37787 -0.00000 -92.82267 -0.37787 -0.92586 0.00000 29.90912 -0.00000 -0.00000 -1.00000 0.00000
1631021778434348 0.90474 -0.42597 0.00000 -93.24134 -0.42597 -0.90474 0.00000 34.82117 -0.00000 -0.00000 -1.00000 0.00000
1631021778684353 0.88052 -0.47400 0.00000 -93.23588 -0.47400 -0.88052 0.00000 39.90897 -0.00000 -0.00000 -1.00000 0.00000
1631021778934367 0.84335 -0.53737 0.00000 -92.14514 -0.53737 -0.84335 0.00000 46.63266 -0.00000 -0.00000 -1.00000 0.00000
1631021779183751 0.80109 -0.59854 0.00000 -90.44508 -0.59854 -0.80109 0.00000 53.39110 -0.00000 -0.00000 -1.00000 0.00000
1631021779433134 0.75445 -0.65636 0.00000 -88.19733 -0.65636 -0.75445 0.00000 59.93258 -0.00000 -0.00000 -1.00000 0.00000
1631021779682518 0.69665 -0.71741 0.00000 -84.80633 -0.71741 -0.69665 0.00000 67.11007 -0.00000 -0.00000 -1.00000 0.00000
1631021779932526 0.63792 -0.77011 0.00000 -81.21658 -0.77011 -0.63792 0.00000 73.66296 -0.00000 -0.00000 -1.00000 0.00000
1631021780183161 0.56872 -0.82253 -0.00000 -76.46455 -0.82253 -0.56872 0.00000 80.49260 -0.00000 -0.00000 -1.00000 0.00000
1631021780433790 0.50705 -0.86192 -0.00000 -72.18353 -0.86192 -0.50705 0.00000 85.80957 -0.00000 -0.00000 -1.00000 0.00000
1631021780684422 0.45944 -0.88821 0.00000 -69.45879 -0.88821 -0.45944 0.00000 89.74492 -0.00000 -0.00000 -1.00000 0.00000
1631021780935060 0.42973 -0.90296 0.00000 -68.39796 -0.90296 -0.42973 0.00000 91.71384 -0.00000 -0.00000 -1.00000 0.00000
1631021781185084 0.40534 -0.91416 0.00000 -67.90295 -0.91416 -0.40534 0.00000 93.40815 -0.00000 -0.00000 -1.00000 0.00000
1631021781435080 0.39101 -0.92039 -0.00000 -68.44361 -0.92039 -0.39101 0.00000 94.39246 -0.00000 -0.00000 -1.00000 0.00000
1631021781685091 0.38245 -0.92397 -0.00000 -69.59957 -0.92397 -0.38245 0.00000 95.23377 -0.00000 -0.00000 -1.00000 0.00000
1631021781934473 0.37260 -0.92799 0.00000 -70.66317 -0.92799 -0.37260 0.00000 95.89769 -0.00000 -0.00000 -1.00000 0.00000
1631021782183851 0.37558 -0.92679 -0.00000 -72.96136 -0.92679 -0.37558 0.00000 95.75725 -0.00000 -0.00000 -1.00000 0.00000
1631021782433252 0.38634 -0.92236 0.00000 -76.10590 -0.92236 -0.38634 0.00000 94.75356 -0.00000 -0.00000 -1.00000 0.00000
1631021782683248 0.39925 -0.91684 0.00000 -79.57334 -0.91684 -0.39925 0.00000 93.78709 -0.00000 -0.00000 -1.00000 0.00000
1631021782933258 0.41760 -0.90863 0.00000 -83.47170 -0.90863 -0.41760 0.00000 91.97487 -0.00000 -0.00000 -1.00000 0.00000
1631021783183892 0.43554 -0.90017 0.00000 -87.35686 -0.90017 -0.43554 0.00000 90.23780 -0.00000 -0.00000 -1.00000 0.00000
1631021783435154 0.45126 -0.89239 0.00000 -91.14290 -0.89239 -0.45126 0.00000 88.76659 -0.00000 -0.00000 -1.00000 0.00000
1631021783685163 0.47064 -0.88232 0.00000 -95.14309 -0.88232 -0.47064 0.00000 86.60886 -0.00000 -0.00000 -1.00000 0.00000
1631021783935174 0.48619 -0.87385 0.00000 -98.75426 -0.87385 -0.48619 0.00000 84.82743 -0.00000 -0.00000 -1.00000 0.00000
1631021784185183 0.50591 -0.86259 0.00000 -102.79357 -0.86259 -0.50591 0.00000 82.52234 -0.00000 -0.00000 -1.00000 0.00000
1631021784434564 0.52900 -0.84862 0.00000 -107.16322 -0.84862 -0.52900 0.00000 79.72236 -0.00000 -0.00000 -1.00000 0.00000
1631021784683943 0.55013 -0.83508 0.00000 -111.29659 -0.83508 -0.55013 0.00000 76.93817 -0.00000 -0.00000 -1.00000 0.00000
1631021784933331 0.57135 -0.82071 0.00000 -115.32415 -0.82071 -0.57135 0.00000 74.02154 -0.00000 -0.00000 -1.00000 0.00000
1631021785182722 0.59154 -0.80628 -0.00000 -119.26151 -0.80628 -0.59154 0.00000 71.08482 -0.00000 -0.00000 -1.00000 0.00000
1631021785432729 0.60602 -0.79545 0.00000 -122.73213 -0.79545 -0.60602 0.00000 68.80905 -0.00000 -0.00000 -1.00000 0.00000
1631021785683360 0.62050 -0.78421 -0.00000 -125.97395 -0.78421 -0.62050 0.00000 66.60155 -0.00000 -0.00000 -1.00000 0.00000
1631021785934613 0.62574 -0.78003 -0.00000 -128.64581 -0.78003 -0.62574 0.00000 65.78268 -0.00000 -0.00000 -1.00000 0.00000
1631021786184631 0.64238 -0.76638 -0.00000 -132.07088 -0.76638 -0.64238 0.00000 62.82362 -0.00000 -0.00000 -1.00000 0.00000
1631021786435265 0.65416 -0.75635 0.00000 -135.11357 -0.75635 -0.65416 0.00000 60.72797 -0.00000 -0.00000 -1.00000 0.00000
1631021786685265 0.66828 -0.74391 0.00000 -138.28848 -0.74391 -0.66828 0.00000 58.12816 -0.00000 -0.00000 -1.00000 0.00000
1631021786935287 0.67423 -0.73852 0.00000 -140.73560 -0.73852 -0.67423 0.00000 57.21056 -0.00000 -0.00000 -1.00000 0.00000
1631021787184663 0.68426 -0.72924 0.00000 -143.53698 -0.72924 -0.68426 0.00000 55.21195 -0.00000 -0.00000 -1.00000 0.00000
1631021787434051 0.69687 -0.71720 -0.00000 -146.34804 -0.71720 -0.69687 0.00000 52.74214 -0.00000 -0.00000 -1.00000 0.00000
1631021787683437 0.71332 -0.70084 0.00000 -149.35246 -0.70084 -0.71332 0.00000 49.39432 -0.00000 -0.00000 -1.00000 0.00000
1631021787932816 0.74802 -0.66368 0.00000 -153.47345 -0.66368 -0.74802 0.00000 41.56419 -0.00000 -0.00000 -1.00000 0.00000
1631021788182823 0.78951 -0.61374 0.00000 -157.50166 -0.61374 -0.78951 0.00000 31.39835 -0.00000 -0.00000 -1.00000 0.00000
1631021788433454 0.83773 -0.54608 -0.00000 -161.14487 -0.54608 -0.83773 0.00000 18.25374 -0.00000 -0.00000 -1.00000 0.00000
1631021788684716 0.88975 -0.45644 0.00000 -163.61209 -0.45644 -0.88975 0.00000 1.51612 -0.00000 -0.00000 -1.00000 0.00000
1631021788935357 0.93849 -0.34531 -0.00000 -163.89939 -0.34531 -0.93849 0.00000 -18.32037 -0.00000 -0.00000 -1.00000 -0.00000
1631021789185991 0.97481 -0.22303 0.00000 -161.48992 -0.22303 -0.97481 0.00000 -39.17658 -0.00000 -0.00000 -1.00000 -0.00000
1631021789435993 0.99674 -0.08073 -0.00000 -155.33853 -0.08073 -0.99674 0.00000 -61.86153 -0.00000 -0.00000 -1.00000 -0.00000
1631021789686005 0.99792 0.06451 0.00000 -145.82451 0.06451 -0.99792 0.00000 -83.65440 0.00000 -0.00000 -1.00000 -0.00000
1631021789935395 0.97366 0.22802 0.00000 -131.13658 0.22802 -0.97366 0.00000 -106.50893 0.00000 -0.00000 -1.00000 -0.00000
1631021790184773 0.91788 0.39685 0.00000 -111.33054 0.39685 -0.91788 0.00000 -128.05064 0.00000 -0.00000 -1.00000 -0.00000
1631021790434168 0.83321 0.55296 -0.00000 -87.89426 0.55296 -0.83321 0.00000 -145.67081 0.00000 -0.00000 -1.00000 -0.00000
1631021790683540 0.71951 0.69449 -0.00000 -61.11139 0.69449 -0.71951 0.00000 -159.13932 0.00000 -0.00000 -1.00000 -0.00000
1631021790932923 0.57902 0.81531 0.00000 -31.65936 0.81531 -0.57902 0.00000 -167.61072 0.00000 -0.00000 -1.00000 -0.00000
1631021791183563 0.41626 0.90925 0.00000 -0.81344 0.90925 -0.41626 0.00000 -170.63551 0.00000 -0.00000 -1.00000 -0.00000
1631021791434823 0.23098 0.97296 0.00000 31.46897 0.97296 -0.23098 0.00000 -167.44344 0.00000 -0.00000 -1.00000 -0.00000
1631021791685456 0.02697 0.99964 0.00000 64.04215 0.99964 -0.02697 0.00000 -157.42639 0.00000 -0.00000 -1.00000 -0.00000
1631021791936094 -0.18074 0.98353 -0.00000 94.22036 0.98353 0.18074 0.00000 -140.62507 0.00000 0.00000 -1.00000 -0.00000
1631021792186716 -0.37425 0.92733 0.00000 119.44493 0.92733 0.37425 0.00000 -118.91718 0.00000 0.00000 -1.00000 -0.00000
1631021792436734 -0.54492 0.83849 0.00000 138.86482 0.83849 0.54492 0.00000 -93.81010 0.00000 0.00000 -1.00000 -0.00000
1631021792686738 -0.68343 0.73002 0.00000 152.05827 0.73002 0.68343 0.00000 -67.92639 0.00000 0.00000 -1.00000 -0.00000
1631021792936122 -0.79235 0.61007 0.00000 159.88678 0.61007 0.79235 0.00000 -42.43994 0.00000 0.00000 -1.00000 -0.00000
1631021793185509 -0.86737 0.49767 0.00000 162.90600 0.49767 0.86737 0.00000 -20.61774 0.00000 0.00000 -1.00000 -0.00000
1631021793434896 -0.91609 0.40097 0.00000 162.84894 0.40097 0.91609 0.00000 -2.86636 0.00000 0.00000 -1.00000 -0.00000
1631021793684907 -0.93913 0.34357 0.00000 161.34790 0.34357 0.93913 0.00000 7.30656 0.00000 0.00000 -1.00000 0.00000
1631021793933665 -0.95378 0.30051 0.00000 159.39917 0.30051 0.95378 0.00000 14.47964 0.00000 0.00000 -1.00000 0.00000
1631021794183051 -0.96081 0.27721 -0.00000 157.44772 0.27721 0.96081 0.00000 18.62859 0.00000 0.00000 -1.00000 0.00000
1631021794432429 -0.96170 0.27410 0.00000 155.90602 0.27410 0.96170 0.00000 19.00189 0.00000 0.00000 -1.00000 0.00000
1631021794682439 -0.95967 0.28114 0.00000 154.49217 0.28114 0.95967 0.00000 17.79391 0.00000 0.00000 -1.00000 0.00000
1631021794933068 -0.95597 0.29346 0.00000 152.95269 0.29346 0.95597 0.00000 15.98566 0.00000 0.00000 -1.00000 0.00000
1631021795183711 -0.94505 0.32693 0.00000 151.71239 0.32693 0.94505 0.00000 10.38569 0.00000 0.00000 -1.00000 0.00000
1631021795433716 -0.92801 0.37257 0.00000 150.31485 0.37257 0.92801 0.00000 3.04772 0.00000 0.00000 -1.00000 0.00000
1631021795684354 -0.90639 0.42244 0.00000 148.43390 0.42244 0.90639 0.00000 -5.17647 0.00000 0.00000 -1.00000 -0.00000
1631021795934986 -0.87937 0.47614 0.00000 146.13070 0.47614 0.87937 0.00000 -14.10821 0.00000 0.00000 -1.00000 -0.00000
1631021796185625 -0.84855 0.52912 0.00000 143.25670 0.52912 0.84855 0.00000 -23.08861 0.00000 0.00000 -1.00000 -0.00000
1631021796435631 -0.80959 0.58700 0.00000 139.32621 0.58700 0.80959 0.00000 -33.03398 0.00000 0.00000 -1.00000 -0.00000
1631021796684390 -0.77663 0.62996 0.00000 135.43870 0.62996 0.77663 0.00000 -40.59157 0.00000 0.00000 -1.00000 -0.00000
1631021796933769 -0.74024 0.67234 0.00000 130.99731 0.67234 0.74024 0.00000 -48.10187 0.00000 0.00000 -1.00000 -0.00000
1631021797183165 -0.70054 0.71361 0.00000 126.07264 0.71361 0.70054 0.00000 -55.44187 0.00000 0.00000 -1.00000 -0.00000
1631021797433173 -0.65708 0.75382 -0.00000 120.48494 0.75382 0.65708 0.00000 -62.86795 0.00000 0.00000 -1.00000 -0.00000
1631021797683183 -0.61934 0.78512 0.00000 115.15866 0.78512 0.61934 0.00000 -68.70113 0.00000 0.00000 -1.00000 -0.00000
1631021797933809 -0.57285 0.81966 0.00000 108.91800 0.81966 0.57285 0.00000 -75.13653 0.00000 0.00000 -1.00000 -0.00000
1631021798184442 -0.53397 0.84550 0.00000 103.25114 0.84550 0.53397 0.00000 -80.22505 0.00000 0.00000 -1.00000 -0.00000
1631021798434470 -0.49659 0.86798 0.00000 97.51843 0.86798 0.49659 0.00000 -84.63781 0.00000 0.00000 -1.00000 -0.00000
1631021798685095 -0.46137 0.88721 0.00000 91.98284 0.88721 0.46137 0.00000 -88.60255 0.00000 0.00000 -1.00000 -0.00000
1631021798935730 -0.42687 0.90431 0.00000 86.42338 0.90431 0.42687 0.00000 -92.07142 0.00000 0.00000 -1.00000 -0.00000
1631021799185733 -0.40690 0.91347 0.00000 82.29608 0.91347 0.40690 0.00000 -93.91165 0.00000 0.00000 -1.00000 -0.00000
1631021799434500 -0.38789 0.92170 0.00000 78.23839 0.92170 0.38789 0.00000 -95.73693 0.00000 0.00000 -1.00000 -0.00000
1631021799683887 -0.37496 0.92704 0.00000 74.77800 0.92704 0.37496 0.00000 -96.83940 0.00000 0.00000 -1.00000 -0.00000
1631021799933267 -0.35918 0.93327 0.00000 71.12364 0.93327 0.35918 0.00000 -98.20359 0.00000 0.00000 -1.00000 -0.00000
1631021800183274 -0.35920 0.93326 0.00000 68.98959 0.93326 0.35920 0.00000 -98.07850 0.00000 0.00000 -1.00000 -0.00000
1631021800433285 -0.36174 0.93228 0.00000 67.17880 0.93228 0.36174 0.00000 -97.85298 0.00000 0.00000 -1.00000 -0.00000
1631021800683291 -0.37804 0.92579 0.00000 66.81027 0.92579 0.37804 0.00000 -96.76339 0.00000 0.00000 -1.00000 -0.00000
1631021800934552 -0.40290 0.91524 0.00000 67.28880 0.91524 0.40290 0.00000 -94.81196 0.00000 0.00000 -1.00000 -0.00000
1631021801185189 -0.43528 0.90029 0.00000 68.58234 0.90029 0.43528 0.00000 -92.58499 0.00000 0.00000 -1.00000 -0.00000
1631021801435822 -0.47636 0.87925 0.00000 70.73593 0.87925 0.47636 0.00000 -89.44952 0.00000 0.00000 -1.00000 -0.00000
1631021801686456 -0.52589 0.85055 0.00000 73.61253 0.85055 0.52589 0.00000 -85.19929 0.00000 0.00000 -1.00000 -0.00000
1631021801936460 -0.57108 0.82090 0.00000 76.10925 0.82090 0.57108 0.00000 -81.17250 0.00000 0.00000 -1.00000 -0.00000
1631021802186481 -0.62272 0.78244 0.00000 79.15517 0.78244 0.62272 0.00000 -76.01228 0.00000 0.00000 -1.00000 -0.00000
1631021802435235 -0.67852 0.73458 0.00000 82.45674 0.73458 0.67852 0.00000 -70.26567 0.00000 0.00000 -1.00000 -0.00000
1631021802685245 -0.73268 0.68057 0.00000 85.51081 0.68057 0.73268 0.00000 -63.54795 0.00000 0.00000 -1.00000 -0.00000
1631021802934624 -0.78008 0.62568 0.00000 87.84053 0.62568 0.78008 0.00000 -57.33926 0.00000 0.00000 -1.00000 -0.00000
1631021803184016 -0.82363 0.56713 0.00000 89.75954 0.56713 0.82363 0.00000 -50.85246 0.00000 0.00000 -1.00000 -0.00000
1631021803434020 -0.86235 0.50631 0.00000 91.12917 0.50631 0.86235 0.00000 -44.33837 0.00000 0.00000 -1.00000 -0.00000
1631021803684040 -0.89766 0.44068 0.00000 92.09991 0.44068 0.89766 0.00000 -37.46342 0.00000 0.00000 -1.00000 -0.00000
1631021803935292 -0.93064 0.36595 0.00000 92.69561 0.36595 0.93064 0.00000 -29.87399 0.00000 0.00000 -1.00000 -0.00000
1631021804185930 -0.95382 0.30037 0.00000 92.48340 0.30037 0.95382 0.00000 -23.33590 0.00000 0.00000 -1.00000 -0.00000
1631021804436563 -0.97183 0.23567 -0.00000 91.79395 0.23567 0.97183 0.00000 -17.14629 0.00000 0.00000 -1.00000 -0.00000
1631021804687196 -0.98338 0.18157 0.00000 90.40138 0.18157 0.98338 0.00000 -12.07834 0.00000 0.00000 -1.00000 -0.00000
1631021804936584 -0.99098 0.13399 0.00000 88.81020 0.13399 0.99098 0.00000 -7.75807 0.00000 0.00000 -1.00000 -0.00000
1631021805185966 -0.99491 0.10079 0.00000 86.80789 0.10079 0.99491 0.00000 -4.81606 0.00000 0.00000 -1.00000 -0.00000
1631021805435357 -0.99822 0.05972 0.00000 84.76906 0.05972 0.99822 0.00000 -1.23614 0.00000 0.00000 -1.00000 -0.00000
1631021805684742 -0.99905 0.04355 0.00000 82.57235 0.04355 0.99905 0.00000 0.03023 0.00000 0.00000 -1.00000 0.00000
1631021805934746 -0.99959 0.02856 0.00000 80.33911 0.02856 0.99959 0.00000 1.39287 0.00000 0.00000 -1.00000 0.00000
1631021806184758 -0.99978 0.02110 0.00000 78.10128 0.02110 0.99978 0.00000 1.93764 0.00000 0.00000 -1.00000 0.00000
1631021806434777 -0.99986 0.01650 0.00000 75.79915 0.01650 0.99986 0.00000 2.25293 0.00000 0.00000 -1.00000 0.00000
1631021806685401 -0.99994 0.01069 0.00000 73.53304 0.01069 0.99994 0.00000 2.61109 0.00000 0.00000 -1.00000 0.00000
1631021806936033 -1.00000 -0.00186 0.00000 71.26728 -0.00186 1.00000 0.00000 3.47900 -0.00000 0.00000 -1.00000 0.00000
1631021807186043 -0.99976 -0.02191 0.00000 68.90068 -0.02191 0.99976 0.00000 4.86086 -0.00000 0.00000 -1.00000 0.00000
1631021807436057 -0.99960 -0.02824 0.00000 66.65165 -0.02824 0.99960 0.00000 5.23729 -0.00000 0.00000 -1.00000 0.00000
1631021807685436 -0.99931 -0.03707 0.00000 64.46130 -0.03707 0.99931 0.00000 5.81955 -0.00000 0.00000 -1.00000 0.00000
1631021807934192 -0.99889 -0.04701 0.00000 62.19027 -0.04701 0.99889 0.00000 6.41441 -0.00000 0.00000 -1.00000 0.00000
1631021808184206 -0.99888 -0.04722 -0.00000 59.97414 -0.04722 0.99888 0.00000 6.40430 -0.00000 0.00000 -1.00000 0.00000
1631021808434216 -0.99905 -0.04352 0.00000 57.76767 -0.04352 0.99905 0.00000 6.06953 -0.00000 0.00000 -1.00000 0.00000
1631021808684227 -0.99905 -0.04351 0.00000 55.59181 -0.04351 0.99905 0.00000 6.02067 -0.00000 0.00000 -1.00000 0.00000
1631021808934856 -0.99893 -0.04615 0.00000 53.33723 -0.04615 0.99893 0.00000 6.30287 -0.00000 0.00000 -1.00000 0.00000
1631021809185503 -0.99924 -0.03903 0.00000 51.20228 -0.03903 0.99924 0.00000 5.91957 -0.00000 0.00000 -1.00000 0.00000
1631021809436136 -0.99951 -0.03119 0.00000 49.06935 -0.03119 0.99951 0.00000 5.36669 -0.00000 0.00000 -1.00000 0.00000
1631021809686769 -0.99982 -0.01920 0.00000 46.95615 -0.01920 0.99982 0.00000 4.82639 -0.00000 0.00000 -1.00000 0.00000
1631021809936778 -0.99998 -0.00586 0.00000 44.85622 -0.00586 0.99998 0.00000 4.05626 -0.00000 0.00000 -1.00000 0.00000
1631021810186157 -1.00000 -0.00045 0.00000 42.77212 -0.00045 1.00000 0.00000 3.86179 -0.00000 0.00000 -1.00000 0.00000
1631021810436176 -0.99981 0.01947 0.00000 40.73666 0.01947 0.99981 0.00000 2.94638 0.00000 0.00000 -1.00000 0.00000
1631021810686181 -0.99920 0.03998 -0.00000 38.76234 0.03998 0.99920 0.00000 2.15978 0.00000 0.00000 -1.00000 0.00000
1631021810934945 -0.99886 0.04781 0.00000 36.62323 0.04781 0.99886 0.00000 1.81313 0.00000 0.00000 -1.00000 0.00000
1631021811184324 -0.99854 0.05394 0.00000 34.48341 0.05394 0.99854 0.00000 1.53620 0.00000 0.00000 -1.00000 0.00000
1631021811434339 -0.99796 0.06379 -0.00000 32.44880 0.06379 0.99796 0.00000 1.17211 0.00000 0.00000 -1.00000 0.00000
1631021811684976 -0.99686 0.07925 -0.00000 30.28645 0.07925 0.99686 0.00000 0.58787 0.00000 0.00000 -1.00000 0.00000
1631021811934974 -0.99657 0.08281 0.00000 28.24923 0.08281 0.99657 0.00000 0.40879 0.00000 0.00000 -1.00000 0.00000
1631021812186242 -0.99666 0.08167 0.00000 26.20976 0.08167 0.99666 0.00000 0.49623 0.00000 0.00000 -1.00000 0.00000
1631021812436875 -0.99640 0.08472 0.00000 24.09185 0.08472 0.99640 0.00000 0.39112 0.00000 0.00000 -1.00000 0.00000
1631021812686881 -0.99561 0.09360 0.00000 22.03183 0.09360 0.99561 0.00000 0.06807 0.00000 0.00000 -1.00000 0.00000
1631021812936271 -0.99562 0.09344 -0.00000 19.95671 0.09344 0.99562 0.00000 -0.02545 0.00000 0.00000 -1.00000 -0.00000
1631021813185651 -0.99557 0.09399 0.00000 17.92852 0.09399 0.99557 0.00000 -0.06341 0.00000 0.00000 -1.00000 -0.00000
1631021813435050 -0.99608 0.08844 0.00000 15.86207 0.08844 0.99608 0.00000 0.05731 0.00000 0.00000 -1.00000 0.00000
1631021813684425 -0.99578 0.09178 -0.00000 13.81488 0.09178 0.99578 0.00000 -0.04882 0.00000 0.00000 -1.00000 -0.00000
1631021813933818 -0.99655 0.08305 0.00000 11.81610 0.08305 0.99655 0.00000 0.08910 0.00000 0.00000 -1.00000 0.00000
1631021814184441 -0.99622 0.08681 0.00000 9.68882 0.08681 0.99622 0.00000 0.04718 0.00000 0.00000 -1.00000 0.00000
1631021814435087 -0.99654 0.08306 0.00000 7.63523 0.08306 0.99654 0.00000 0.15816 0.00000 0.00000 -1.00000 0.00000
1631021814685709 -0.99717 0.07521 0.00000 5.54096 0.07521 0.99717 0.00000 0.04581 0.00000 0.00000 -1.00000 0.00000
1631021814936343 -0.99749 0.07081 0.00000 3.42538 0.07081 0.99749 0.00000 0.03117 0.00000 0.00000 -1.00000 0.00000
1631021815186357 -0.99764 0.06872 -0.00000 1.42314 0.06872 0.99764 0.00000 0.11376 0.00000 0.00000 -1.00000 0.00000
1631021815435751 -0.99800 0.06326 -0.00000 -0.70059 0.06326 0.99800 0.00000 0.10700 0.00000 0.00000 -1.00000 0.00000
1631021815685134 -0.99837 0.05704 0.00000 -2.78656 0.05704 0.99837 0.00000 0.09365 0.00000 0.00000 -1.00000 0.00000
1631021815934514 -0.99867 0.05148 0.00000 -4.89113 0.05148 0.99867 0.00000 0.03299 0.00000 0.00000 -1.00000 0.00000
1631021816184523 -0.99878 0.04940 0.00000 -6.99952 0.04940 0.99878 0.00000 -0.08393 0.00000 0.00000 -1.00000 -0.00000
1631021816434540 -0.99929 0.03757 0.00000 -9.14316 0.03757 0.99929 0.00000 -0.22568 0.00000 0.00000 -1.00000 -0.00000
1631021816685168 -0.99960 0.02833 0.00000 -11.24763 0.02833 0.99960 0.00000 -0.34825 0.00000 0.00000 -1.00000 -0.00000
1631021816935811 -0.99956 0.02978 0.00000 -13.38915 0.02978 0.99956 0.00000 -0.32907 0.00000 0.00000 -1.00000 -0.00000
1631021817186444 -0.99943 0.03386 0.00000 -15.55735 0.03386 0.99943 0.00000 -0.20984 0.00000 0.00000 -1.00000 -0.00000
1631021817436449 -0.99961 0.02804 0.00000 -17.72163 0.02804 0.99961 0.00000 -0.37063 0.00000 0.00000 -1.00000 -0.00000
1631021817686460 -0.99940 0.03463 0.00000 -19.96333 0.03463 0.99940 0.00000 -0.21195 0.00000 0.00000 -1.00000 -0.00000
1631021817935220 -0.99939 0.03503 0.00000 -22.15435 0.03503 0.99939 0.00000 -0.42489 0.00000 0.00000 -1.00000 -0.00000
1631021818184603 -0.99947 0.03269 0.00000 -24.41369 0.03269 0.99947 0.00000 -0.56828 0.00000 0.00000 -1.00000 -0.00000
1631021818434611 -0.99953 0.03079 0.00000 -26.56985 0.03079 0.99953 0.00000 -0.45890 0.00000 0.00000 -1.00000 -0.00000
1631021818685259 -0.99958 0.02911 0.00000 -28.87295 0.02911 0.99958 0.00000 -0.63786 0.00000 0.00000 -1.00000 -0.00000
1631021818935880 -0.99966 0.02612 0.00000 -31.15579 0.02612 0.99966 0.00000 -0.66395 0.00000 0.00000 -1.00000 -0.00000
1631021819186521 -0.99972 0.02386 0.00000 -33.39632 0.02386 0.99972 0.00000 -0.63883 0.00000 0.00000 -1.00000 -0.00000
1631021819437150 -0.99980 0.01976 0.00000 -35.58587 0.01976 0.99980 0.00000 -0.68939 0.00000 0.00000 -1.00000 -0.00000
1631021819686538 -0.99997 0.00719 -0.00000 -37.81314 0.00719 0.99997 0.00000 -1.30625 0.00000 0.00000 -1.00000 -0.00000
1631021819935925 -0.99999 0.00528 0.00000 -40.00164 0.00528 0.99999 0.00000 -1.48173 0.00000 0.00000 -1.00000 -0.00000
1631021820185311 -1.00000 0.00200 0.00000 -42.12044 0.00200 1.00000 0.00000 -1.46910 0.00000 0.00000 -1.00000 -0.00000
1631021820434696 -0.99994 -0.01050 0.00000 -44.23787 -0.01050 0.99994 0.00000 -2.11471 -0.00000 0.00000 -1.00000 -0.00000
1631021820684701 -0.99987 -0.01593 -0.00000 -46.38345 -0.01593 0.99987 0.00000 -2.37689 -0.00000 0.00000 -1.00000 -0.00000
1631021820934710 -0.99973 -0.02338 0.00000 -48.32291 -0.02338 0.99973 0.00000 -2.83945 -0.00000 0.00000 -1.00000 -0.00000
1631021821185343 -0.99974 -0.02272 0.00000 -50.33162 -0.02272 0.99974 0.00000 -2.82462 -0.00000 0.00000 -1.00000 -0.00000
1631021821435990 -0.99975 -0.02245 0.00000 -52.35381 -0.02245 0.99975 0.00000 -2.85236 -0.00000 0.00000 -1.00000 -0.00000
1631021821687247 -0.99995 -0.00993 0.00000 -54.27697 -0.00993 0.99995 0.00000 -2.15314 -0.00000 0.00000 -1.00000 -0.00000
1631021821936633 -0.99995 -0.01013 -0.00000 -56.02764 -0.01013 0.99995 0.00000 -2.21445 -0.00000 0.00000 -1.00000 -0.00000
1631021822186655 -0.99989 0.01459 0.00000 -57.81429 0.01459 0.99989 0.00000 -0.81533 0.00000 0.00000 -1.00000 -0.00000
1631021822435408 -0.99911 0.04224 0.00000 -59.42391 0.04224 0.99911 0.00000 0.68905 0.00000 0.00000 -1.00000 0.00000
1631021822684779 -0.99673 0.08079 -0.00000 -60.89210 0.08079 0.99673 0.00000 2.91621 0.00000 0.00000 -1.00000 0.00000
1631021822934163 -0.99194 0.12672 0.00000 -62.09006 0.12672 0.99194 0.00000 5.75501 0.00000 0.00000 -1.00000 0.00000
1631021823184179 -0.98304 0.18338 -0.00000 -63.02582 0.18338 0.98304 0.00000 9.32926 0.00000 0.00000 -1.00000 0.00000
1631021823434809 -0.96619 0.25783 0.00000 -63.32499 0.25783 0.96619 0.00000 14.10254 0.00000 0.00000 -1.00000 0.00000
1631021823685448 -0.94196 0.33573 0.00000 -63.20280 0.33573 0.94196 0.00000 19.13490 0.00000 0.00000 -1.00000 0.00000
1631021823935460 -0.90767 0.41968 0.00000 -62.32519 0.41968 0.90767 0.00000 24.63057 0.00000 0.00000 -1.00000 0.00000
1631021824186098 -0.85489 0.51881 0.00000 -60.30072 0.51881 0.85489 0.00000 31.43473 0.00000 0.00000 -1.00000 0.00000
1631021824436732 -0.78366 0.62119 0.00000 -57.00347 0.62119 0.78366 0.00000 38.69878 0.00000 0.00000 -1.00000 0.00000
1631021824686110 -0.70298 0.71121 0.00000 -53.07150 0.71121 0.70298 0.00000 45.20543 0.00000 0.00000 -1.00000 0.00000
1631021824935501 -0.60285 0.79785 0.00000 -47.68282 0.79785 0.60285 0.00000 51.80184 0.00000 0.00000 -1.00000 0.00000
1631021825184267 -0.50774 0.86151 0.00000 -42.46980 0.86151 0.50774 0.00000 56.76944 0.00000 0.00000 -1.00000 0.00000
1631021825434266 -0.40793 0.91301 0.00000 -36.90258 0.91301 0.40793 0.00000 61.19847 0.00000 0.00000 -1.00000 0.00000
1631021825684283 -0.31791 0.94812 0.00000 -31.90428 0.94812 0.31791 0.00000 64.39773 0.00000 0.00000 -1.00000 0.00000
1631021825934286 -0.23869 0.97110 0.00000 -27.74998 0.97110 0.23869 0.00000 66.79645 0.00000 0.00000 -1.00000 0.00000
1631021826184930 -0.16492 0.98631 0.00000 -23.84288 0.98631 0.16492 0.00000 68.81238 0.00000 0.00000 -1.00000 0.00000
1631021826435564 -0.12153 0.99259 0.00000 -22.09340 0.99259 0.12153 0.00000 69.52712 0.00000 0.00000 -1.00000 0.00000
1631021826685568 -0.09257 0.99571 -0.00000 -21.53530 0.99571 0.09257 0.00000 70.24870 0.00000 0.00000 -1.00000 0.00000
1631021826936201 -0.06948 0.99758 0.00000 -21.32252 0.99758 0.06948 0.00000 70.76626 0.00000 0.00000 -1.00000 0.00000
1631021827186219 -0.05873 0.99827 0.00000 -21.99208 0.99827 0.05873 0.00000 70.88696 0.00000 0.00000 -1.00000 0.00000
1631021827436228 -0.05163 0.99867 0.00000 -23.05046 0.99867 0.05163 0.00000 70.92199 0.00000 0.00000 -1.00000 0.00000
1631021827685611 -0.04161 0.99913 0.00000 -23.95499 0.99913 0.04161 0.00000 71.19391 0.00000 0.00000 -1.00000 0.00000
1631021827934993 -0.02331 0.99973 0.00000 -24.29895 0.99973 0.02331 0.00000 71.48947 0.00000 0.00000 -1.00000 0.00000
1631021828185003 -0.01451 0.99989 0.00000 -25.39839 0.99989 0.01451 0.00000 71.84348 0.00000 0.00000 -1.00000 0.00000
1631021828434396 -0.00656 0.99998 0.00000 -26.53551 0.99998 0.00656 0.00000 71.81517 0.00000 0.00000 -1.00000 0.00000
1631021828685026 0.00404 0.99999 0.00000 -27.59645 0.99999 -0.00404 0.00000 72.19624 0.00000 -0.00000 -1.00000 0.00000
1631021828935663 0.01316 0.99991 0.00000 -28.81300 0.99991 -0.01316 0.00000 72.46578 0.00000 -0.00000 -1.00000 0.00000
1631021829186297 0.02044 0.99979 0.00000 -30.09516 0.99979 -0.02044 0.00000 72.53481 0.00000 -0.00000 -1.00000 0.00000
1631021829436933 0.03503 0.99939 0.00000 -30.94420 0.99939 -0.03503 0.00000 72.94249 0.00000 -0.00000 -1.00000 0.00000
1631021829687572 0.06276 0.99803 -0.00000 -30.86821 0.99803 -0.06276 0.00000 73.76145 0.00000 -0.00000 -1.00000 0.00000
1631021829937573 0.08717 0.99619 -0.00000 -30.94730 0.99619 -0.08717 0.00000 74.46518 0.00000 -0.00000 -1.00000 0.00000
1631021830187588 0.12175 0.99256 0.00000 -30.16876 0.99256 -0.12175 0.00000 75.44744 0.00000 -0.00000 -1.00000 0.00000
1631021830436351 0.13275 0.99115 0.00000 -31.22461 0.99115 -0.13275 0.00000 75.61013 0.00000 -0.00000 -1.00000 0.00000
1631021830686356 0.13890 0.99031 0.00000 -32.69026 0.99031 -0.13890 0.00000 75.81520 0.00000 -0.00000 -1.00000 0.00000
1631021830935115 0.12886 0.99166 0.00000 -35.34835 0.99166 -0.12886 0.00000 75.40248 0.00000 -0.00000 -1.00000 0.00000
1631021831185131 0.11649 0.99319 0.00000 -38.30886 0.99319 -0.11649 0.00000 74.96248 0.00000 -0.00000 -1.00000 0.00000
1631021831434513 0.10059 0.99493 -0.00000 -41.37281 0.99493 -0.10059 0.00000 74.28802 0.00000 -0.00000 -1.00000 0.00000
1631021831684525 0.08046 0.99676 0.00000 -44.73854 0.99676 -0.08046 0.00000 73.34915 0.00000 -0.00000 -1.00000 0.00000
1631021831935163 0.06380 0.99796 0.00000 -48.02802 0.99796 -0.06380 0.00000 72.51212 0.00000 -0.00000 -1.00000 0.00000
1631021832185792 0.04116 0.99915 0.00000 -51.69266 0.99915 -0.04116 0.00000 71.36089 0.00000 -0.00000 -1.00000 0.00000
1631021832437056 0.02636 0.99965 -0.00000 -54.77354 0.99965 -0.02636 0.00000 70.65224 0.00000 -0.00000 -1.00000 0.00000
1631021832687063 0.01263 0.99992 0.00000 -57.82954 0.99992 -0.01263 0.00000 69.75809 0.00000 -0.00000 -1.00000 0.00000
1631021832937077 -0.00509 0.99999 0.00000 -61.08382 0.99999 0.00509 0.00000 68.63823 0.00000 0.00000 -1.00000 0.00000
1631021833187091 -0.01024 0.99995 0.00000 -63.58386 0.99995 0.01024 0.00000 68.37214 0.00000 0.00000 -1.00000 0.00000
1631021833436474 -0.00772 0.99997 -0.00000 -65.51260 0.99997 0.00772 0.00000 68.51440 0.00000 0.00000 -1.00000 0.00000
1631021833685859 0.00195 1.00000 -0.00000 -66.82745 1.00000 -0.00195 0.00000 69.00737 0.00000 -0.00000 -1.00000 0.00000
1631021833935241 0.00449 0.99999 0.00000 -68.63806 0.99999 -0.00449 0.00000 69.16704 0.00000 -0.00000 -1.00000 0.00000
1631021834185255 0.00490 0.99999 0.00000 -70.71015 0.99999 -0.00490 0.00000 69.19755 0.00000 -0.00000 -1.00000 0.00000
1631021834435271 0.01181 0.99993 0.00000 -72.29052 0.99993 -0.01181 0.00000 69.69992 0.00000 -0.00000 -1.00000 0.00000
1631021834685894 0.00589 0.99998 -0.00000 -74.63925 0.99998 -0.00589 0.00000 69.21109 0.00000 -0.00000 -1.00000 0.00000
1631021834936536 -0.01537 0.99988 0.00000 -77.95615 0.99988 0.01537 0.00000 67.61449 0.00000 0.00000 -1.00000 0.00000
1631021835187169 -0.04948 0.99878 0.00000 -82.13748 0.99878 0.04948 0.00000 64.93395 0.00000 0.00000 -1.00000 0.00000
1631021835436553 -0.10490 0.99448 0.00000 -87.33379 0.99448 0.10490 0.00000 60.16628 0.00000 0.00000 -1.00000 0.00000
1631021835686570 -0.15921 0.98724 -0.00000 -92.27916 0.98724 0.15921 0.00000 55.33113 0.00000 0.00000 -1.00000 0.00000
1631021835935956 -0.22288 0.97485 0.00000 -97.35710 0.97485 0.22288 0.00000 49.03708 0.00000 0.00000 -1.00000 0.00000
1631021836185333 -0.29826 0.95448 -0.00000 -102.58520 0.95448 0.29826 0.00000 41.32740 0.00000 0.00000 -1.00000 0.00000
1631021836435973 -0.36123 0.93248 -0.00000 -106.63452 0.93248 0.36123 0.00000 34.37305 0.00000 0.00000 -1.00000 0.00000
1631021836685978 -0.44459 0.89574 -0.00000 -110.83357 0.89574 0.44459 0.00000 24.42724 0.00000 0.00000 -1.00000 0.00000
1631021836937244 -0.51554 0.85687 -0.00000 -114.01432 0.85687 0.51554 0.00000 15.38044 0.00000 0.00000 -1.00000 0.00000
1631021837187258 -0.59641 0.80268 0.00000 -116.45474 0.80268 0.59641 0.00000 4.17431 0.00000 0.00000 -1.00000 0.00000
1631021837437263 -0.66833 0.74386 0.00000 -117.93789 0.74386 0.66833 0.00000 -6.69207 0.00000 0.00000 -1.00000 -0.00000
1631021837687271 -0.74260 0.66974 0.00000 -118.01268 0.66974 0.74260 0.00000 -18.96135 0.00000 0.00000 -1.00000 -0.00000
1631021837937300 -0.80105 0.59860 0.00000 -117.33551 0.59860 0.80105 0.00000 -29.78595 0.00000 0.00000 -1.00000 -0.00000
1631021838186039 -0.85498 0.51867 0.00000 -115.43462 0.51867 0.85498 0.00000 -41.04605 0.00000 0.00000 -1.00000 -0.00000
1631021838435437 -0.90032 0.43523 0.00000 -112.48901 0.43523 0.90032 0.00000 -51.85248 0.00000 0.00000 -1.00000 -0.00000
1631021838685437 -0.93437 0.35630 0.00000 -109.06136 0.35630 0.93437 0.00000 -61.34596 0.00000 0.00000 -1.00000 -0.00000
1631021838936068 -0.95552 0.29492 0.00000 -106.35807 0.29492 0.95552 0.00000 -68.27407 0.00000 0.00000 -1.00000 -0.00000
1631021839186714 -0.96919 0.24632 0.00000 -104.36754 0.24632 0.96919 0.00000 -73.53686 0.00000 0.00000 -1.00000 -0.00000
1631021839437969 -0.97672 0.21450 -0.00000 -103.45878 0.21450 0.97672 0.00000 -76.78555 0.00000 0.00000 -1.00000 -0.00000
1631021839687355 -0.98072 0.19540 -0.00000 -103.50835 0.19540 0.98072 0.00000 -78.94564 0.00000 0.00000 -1.00000 -0.00000
1631021839937364 -0.97882 0.20472 0.00000 -105.89524 0.20472 0.97882 0.00000 -77.88368 0.00000 0.00000 -1.00000 -0.00000
1631021840186744 -0.97546 0.22016 0.00000 -108.74019 0.22016 0.97546 0.00000 -76.21610 0.00000 0.00000 -1.00000 -0.00000
1631021840436136 -0.96614 0.25801 -0.00000 -113.29334 0.25801 0.96614 0.00000 -71.84769 0.00000 0.00000 -1.00000 -0.00000
1631021840685519 -0.95320 0.30235 -0.00000 -118.20223 0.30235 0.95320 0.00000 -66.57252 0.00000 0.00000 -1.00000 -0.00000
1631021840935532 -0.93666 0.35025 0.00000 -123.15500 0.35025 0.93666 0.00000 -60.56737 0.00000 0.00000 -1.00000 -0.00000
1631021841184923 -0.91528 0.40283 0.00000 -128.14939 0.40283 0.91528 0.00000 -53.53618 0.00000 0.00000 -1.00000 -0.00000
1631021841436173 -0.89100 0.45400 0.00000 -132.80188 0.45400 0.89100 0.00000 -46.13631 0.00000 0.00000 -1.00000 -0.00000
