1. 0. 0. 0. 0. -1. -0. 0. 0. 0. -1. 0.
1. -0.003 -0. 0.027 -0.003 -1. -0. 0.056 0. 0. -1. 0.
1. -0.002 -0. 0.006 -0.002 -1. -0. 0.023 0. 0. -1. 0.
1. 0.002 0. 0.005 0.002 -1. -0. -0.018 0. 0. -1. 0.
1. 0. 0. 0.010 0. -1. -0. -0.041 0. 0. -1. 0.
1. 0.001 0. 0.003 0.001 -1. -0. -0.015 0. 0. -1. 0.
1. -0.001 -0. 0.005 -0.001 -1. -0. -0.029 0. 0. -1. 0.
1. -0. -0. -0.009 -0. -1. -0. -0.009 0. 0. -1. 0.
1. 0.001 0. 0.009 0.001 -1. -0. 0.014 0. 0. -1. 0.
1. 0.002 0. 0.008 0.002 -1. -0. -0.002 0. 0. -1. 0.
1. -0.003 -0. 0.022 -0.003 -1. -0. 0.012 0. 0. -1. 0.
1. -0.007 -0. 0.013 -0.007 -1. -0. -0.001 0. 0. -1. 0.
1. -0.002 -0. 0.015 -0.002 -1. -0. 0.015 0. 0. -1. 0.
1. -0.006 -0. 0.025 -0.006 -1. -0. -0.006 0. 0. -1. 0.
1. 0.001 0. 0.019 0.001 -1. -0. -0.005 0. 0. -1. 0.
1. -0.006 -0. 0.064 -0.006 -1. -0. 0.002 0. 0. -1. 0.
1. -0.003 -0. 0.112 -0.003 -1. -0. -0.050 0. 0. -1. 0.
1. -0.013 -0. 0.196 -0.013 -1. -0. 0.015 0. 0. -1. 0.
1.000 -0.017 -0. 0.332 -0.017 -1.000 -0. -0.020 0. 0. -1. 0.
0.999 -0.034 -0. 0.616 -0.034 -0.999 -0. -0.000 0. 0. -1. 0.
0.998 -0.058 -0. 0.976 -0.058 -0.998 -0. -0.113 0. 0. -1. 0.
0.996 -0.088 -0. 1.438 -0.088 -0.996 -0. -0.131 0. 0. -1. 0.
0.993 -0.119 -0. 1.957 -0.119 -0.993 -0. -0.219 0. 0. -1. 0.
0.990 -0.140 -0. 2.603 -0.140 -0.990 -0. -0.396 0. 0. -1. 0.
0.988 -0.153 -0. 3.415 -0.153 -0.988 -0. -0.482 0. 0. -1. 0.
0.988 -0.157 -0. 4.327 -0.157 -0.988 -0. -0.773 0. 0. -1. 0.
0.986 -0.168 -0. 5.304 -0.168 -0.986 -0. -0.850 0. 0. -1. 0.
0.985 -0.170 -0. 6.247 -0.170 -0.985 -0. -0.991 0. 0. -1. 0.
0.984 -0.176 -0. 7.396 -0.176 -0.984 -0. -1.054 0. 0. -1. 0.
0.984 -0.177 -0. 8.501 -0.177 -0.984 -0. -1.347 0. 0. -1. 0.
0.984 -0.177 -0. 9.675 -0.177 -0.984 -0. -1.619 0. 0. -1. 0.
0.984 -0.177 -0. 10.862 -0.177 -0.984 -0. -1.820 0. 0. -1. 0.
0.983 -0.183 -0. 12.131 -0.183 -0.983 -0. -2.065 0. 0. -1. 0.
0.984 -0.177 -0. 13.399 -0.177 -0.984 -0. -2.380 0. 0. -1. 0.
0.987 -0.164 -0. 14.820 -0.164 -0.987 -0. -2.554 0. 0. -1. 0.
0.990 -0.144 -0. 16.306 -0.144 -0.990 -0. -2.836 0. 0. -1. 0.
0.990 -0.140 -0. 17.808 -0.140 -0.990 -0. -3.086 0. 0. -1. 0.
0.992 -0.130 -0. 19.282 -0.130 -0.992 -0. -3.266 0. 0. -1. 0.
0.992 -0.125 -0. 20.872 -0.125 -0.992 -0. -3.477 0. 0. -1. 0.
0.993 -0.116 -0. 22.496 -0.116 -0.993 -0. -3.685 0. 0. -1. 0.
0.994 -0.113 -0. 24.177 -0.113 -0.994 -0. -3.962 0. 0. -1. 0.
0.994 -0.105 -0. 25.858 -0.105 -0.994 -0. -4.156 0. 0. -1. 0.
0.996 -0.088 -0. 27.625 -0.088 -0.996 -0. -4.364 0. 0. -1. 0.
0.997 -0.078 -0. 29.331 -0.078 -0.997 -0. -4.493 0. 0. -1. 0.
0.998 -0.067 -0. 31.078 -0.067 -0.998 -0. -4.629 0. 0. -1. 0.
0.998 -0.060 -0. 32.767 -0.060 -0.998 -0. -4.753 0. 0. -1. 0.
0.999 -0.049 -0. 34.492 -0.049 -0.999 -0. -4.825 0. 0. -1. 0.
1.000 -0.028 -0. 36.188 -0.028 -1.000 -0. -5.034 0. 0. -1. 0.
1.000 -0.021 -0. 37.955 -0.021 -1.000 -0. -4.948 0. 0. -1. 0.
1.000 -0.022 -0. 39.681 -0.022 -1.000 -0. -4.979 0. 0. -1. 0.
1.000 -0.016 -0. 41.383 -0.016 -1.000 -0. -5.198 0. 0. -1. 0.
1. -0.006 -0. 43.116 -0.006 -1. -0. -5.149 0. 0. -1. 0.
1. -0.004 -0. 44.969 -0.004 -1. -0. -5.181 0. 0. -1. 0.
1. -0.006 -0. 46.728 -0.006 -1. -0. -5.269 0. 0. -1. 0.
1. -0.013 -0. 48.552 -0.013 -1. -0. -5.222 0. 0. -1. 0.
1. -0.010 -0. 50.448 -0.010 -1. -0. -5.299 0. 0. -1. 0.
1. -0.009 -0. 52.337 -0.009 -1. -0. -5.313 0. 0. -1. 0.
1. -0.011 -0. 54.211 -0.011 -1. -0. -5.208 0. 0. -1. 0.
1. -0.007 -0. 56.202 -0.007 -1. -0. -5.404 0. 0. -1. 0.
1. -0.002 -0. 58.134 -0.002 -1. -0. -5.493 0. 0. -1. 0.
1. -0.003 -0. 60.162 -0.003 -1. -0. -5.481 0. 0. -1. 0.
1. -0.009 -0. 62.184 -0.009 -1. -0. -5.570 0. 0. -1. 0.
1. -0.006 -0. 64.230 -0.006 -1. -0. -5.636 0. 0. -1. 0.
1. -0.005 -0. 66.224 -0.005 -1. -0. -5.738 0. 0. -1. 0.
1. -0.004 -0. 68.240 -0.004 -1. -0. -5.703 0. 0. -1. 0.
1. -0.010 -0. 70.272 -0.010 -1. -0. -5.621 0. 0. -1. 0.
1. -0.004 -0. 72.247 -0.004 -1. -0. -5.673 0. 0. -1. 0.
1. -0.003 -0. 74.260 -0.003 -1. -0. -5.675 0. 0. -1. 0.
1. -0.011 -0. 76.205 -0.011 -1. -0. -5.783 0. 0. -1. 0.
1. -0.011 -0. 78.207 -0.011 -1. -0. -5.813 0. 0. -1. 0.
1.000 -0.026 -0. 80.172 -0.026 -1.000 -0. -5.879 0. 0. -1. 0.
0.999 -0.042 -0. 82.100 -0.042 -0.999 -0. -5.987 0. 0. -1. 0.
0.997 -0.072 -0. 84.044 -0.072 -0.997 -0. -6.142 0. 0. -1. 0.
0.995 -0.103 -0. 85.868 -0.103 -0.995 -0. -6.365 0. 0. -1. 0.
0.992 -0.129 -0. 87.732 -0.129 -0.992 -0. -6.601 0. 0. -1. 0.
0.985 -0.170 -0. 89.549 -0.170 -0.985 -0. -6.963 0. 0. -1. 0.
0.975 -0.221 -0. 91.307 -0.221 -0.975 -0. -7.378 0. 0. -1. 0.
0.963 -0.268 -0. 93.021 -0.268 -0.963 -0. -7.820 0. 0. -1. 0.
0.952 -0.307 -0. 94.717 -0.307 -0.952 -0. -8.417 0. 0. -1. 0.
0.935 -0.355 -0. 96.373 -0.355 -0.935 -0. -9.090 0. 0. -1. 0.
0.914 -0.406 -0. 97.974 -0.406 -0.914 -0. -9.778 0. 0. -1. 0.
0.891 -0.453 -0. 99.509 -0.453 -0.891 -0. -10.584 0. 0. -1. 0.
0.864 -0.503 -0. 100.999 -0.503 -0.864 -0. -11.411 0. 0. -1. 0.
0.837 -0.548 -0. 102.267 -0.548 -0.837 -0. -12.490 0. 0. -1. 0.
0.803 -0.596 -0. 103.704 -0.596 -0.803 -0. -13.501 0. 0. -1. 0.
0.759 -0.651 -0. 105.204 -0.651 -0.759 -0. -14.474 0. 0. -1. 0.
0.715 -0.699 -0. 106.387 -0.699 -0.715 -0. -15.712 0. 0. -1. 0.
0.663 -0.749 -0. 107.483 -0.749 -0.663 -0. -16.894 0. 0. -1. 0.
0.608 -0.794 -0. 108.530 -0.794 -0.608 -0. -18.215 0. 0. -1. 0.
0.557 -0.831 -0. 109.210 -0.831 -0.557 -0. -19.787 0. 0. -1. 0.
0.505 -0.863 -0. 110.188 -0.863 -0.505 -0. -21.107 0. 0. -1. 0.
0.452 -0.892 -0. 110.819 -0.892 -0.452 -0. -22.604 0. 0. -1. 0.
0.420 -0.908 -0. 111.417 -0.908 -0.420 -0. -24.216 0. 0. -1. 0.
0.389 -0.921 -0. 112.333 -0.921 -0.389 -0. -25.666 0. 0. -1. 0.
0.366 -0.931 -0. 112.727 -0.931 -0.366 -0. -27.411 0. 0. -1. 0.
0.343 -0.939 -0. 113.233 -0.939 -0.343 -0. -29.135 0. 0. -1. 0.
0.332 -0.943 -0. 113.847 -0.943 -0.332 -0. -30.862 0. 0. -1. 0.
0.328 -0.945 -0. 114.468 -0.945 -0.328 -0. -32.606 0. 0. -1. 0.
0.328 -0.945 -0. 115.221 -0.945 -0.328 -0. -34.259 0. 0. -1. 0.
0.325 -0.946 -0. 115.854 -0.946 -0.325 -0. -36.031 0. 0. -1. 0.
0.338 -0.941 -0. 116.210 -0.941 -0.338 -0. -37.852 0. 0. -1. 0.
0.357 -0.934 -0. 117.084 -0.934 -0.357 -0. -39.686 0. 0. -1. 0.
0.368 -0.930 -0. 117.682 -0.930 -0.368 -0. -41.482 0. 0. -1. 0.
0.381 -0.925 -0. 118.407 -0.925 -0.381 -0. -43.281 0. 0. -1. 0.
0.402 -0.916 -0. 119.058 -0.916 -0.402 -0. -45.080 0. 0. -1. 0.
0.421 -0.907 -0. 119.862 -0.907 -0.421 -0. -46.907 0. 0. -1. 0.
0.427 -0.904 -0. 120.631 -0.904 -0.427 -0. -48.665 0. 0. -1. 0.
0.447 -0.894 -0. 121.392 -0.894 -0.447 -0. -50.393 0. 0. -1. 0.
0.463 -0.886 -0. 122.294 -0.886 -0.463 -0. -52.080 0. 0. -1. 0.
0.469 -0.883 -0. 123.070 -0.883 -0.469 -0. -53.825 0. 0. -1. 0.
0.471 -0.882 -0. 123.871 -0.882 -0.471 -0. -55.404 0. 0. -1. 0.
0.479 -0.878 -0. 124.729 -0.878 -0.479 -0. -56.980 0. 0. -1. 0.
0.484 -0.875 -0. 125.639 -0.875 -0.484 -0. -58.689 0. 0. -1. 0.
0.484 -0.875 -0. 126.609 -0.875 -0.484 -0. -60.250 0. 0. -1. 0.
0.491 -0.871 -0. 127.281 -0.871 -0.491 -0. -61.742 0. 0. -1. 0.
0.497 -0.868 -0. 128.315 -0.868 -0.497 -0. -63.330 0. 0. -1. 0.
0.508 -0.861 -0. 129.144 -0.861 -0.508 -0. -64.908 0. 0. -1. 0.
0.514 -0.858 -0. 129.953 -0.858 -0.514 -0. -66.387 0. 0. -1. 0.
0.517 -0.856 -0. 130.934 -0.856 -0.517 -0. -67.819 0. 0. -1. 0.
0.530 -0.848 -0. 131.757 -0.848 -0.530 -0. -69.315 0. 0. -1. 0.
0.532 -0.847 -0. 132.682 -0.847 -0.532 -0. -70.700 0. 0. -1. 0.
0.559 -0.829 -0. 133.450 -0.829 -0.559 -0. -72.062 0. 0. -1. 0.
0.587 -0.809 -0. 134.563 -0.809 -0.587 -0. -73.313 0. 0. -1. 0.
0.634 -0.773 -0. 135.495 -0.773 -0.634 -0. -74.509 0. 0. -1. 0.
0.684 -0.729 -0. 136.452 -0.729 -0.684 -0. -75.732 0. 0. -1. 0.
0.740 -0.673 -0. 137.499 -0.673 -0.740 -0. -76.575 0. 0. -1. 0.
0.802 -0.598 -0. 138.492 -0.598 -0.802 -0. -77.375 0. 0. -1. 0.
0.861 -0.509 -0. 139.543 -0.509 -0.861 -0. -78.026 0. 0. -1. 0.
0.913 -0.409 -0. 140.551 -0.409 -0.913 -0. -78.412 0. 0. -1. 0.
0.960 -0.281 -0. 141.425 -0.281 -0.960 -0. -78.684 0. 0. -1. 0.
0.989 -0.151 -0. 142.387 -0.151 -0.989 -0. -78.799 0. 0. -1. 0.
1. 0.003 0. 143.224 0.003 -1. -0. -78.810 0. 0. -1. 0.
0.985 0.170 0. 144.033 0.170 -0.985 -0. -78.606 0. 0. -1. 0.
0.943 0.334 0. 144.828 0.334 -0.943 -0. -78.284 0. 0. -1. 0.
0.868 0.497 0. 145.502 0.497 -0.868 -0. -77.781 0. 0. -1. 0.
0.761 0.648 0. 146.057 0.648 -0.761 -0. -77.247 0. 0. -1. 0.
0.633 0.774 0. 146.539 0.774 -0.633 -0. -76.572 0. 0. -1. 0.
0.485 0.874 0. 146.851 0.874 -0.485 -0. -75.895 0. 0. -1. 0.
0.325 0.946 0. 147.016 0.946 -0.325 -0. -75.140 0. 0. -1. 0.
0.148 0.989 0. 147.113 0.989 -0.148 -0. -74.419 0. 0. -1. 0.
-0.032 0.999 0. 147.008 0.999 0.032 0. -73.610 0. 0. -1. 0.
-0.215 0.977 0. 146.813 0.977 0.215 0. -72.889 0. 0. -1. 0.
-0.395 0.919 0. 146.308 0.919 0.395 0. -72.122 0. 0. -1. 0.
-0.552 0.834 0. 145.840 0.834 0.552 0. -71.328 0. 0. -1. 0.
-0.676 0.737 0. 145.188 0.737 0.676 0. -70.695 0. 0. -1. 0.
-0.762 0.648 0. 144.465 0.648 0.762 0. -69.916 0. 0. -1. 0.
-0.822 0.570 0. 143.506 0.570 0.822 0. -69.418 0. 0. -1. 0.
-0.857 0.515 0. 142.560 0.515 0.857 0. -68.933 0. 0. -1. 0.
-0.874 0.486 0. 141.426 0.486 0.874 0. -68.461 0. 0. -1. 0.
-0.881 0.473 0. 140.395 0.473 0.881 0. -67.805 0. 0. -1. 0.
-0.876 0.481 0. 139.196 0.481 0.876 0. -67.109 0. 0. -1. 0.
-0.872 0.490 0. 138.150 0.490 0.872 0. -66.547 0. 0. -1. 0.
-0.861 0.508 0. 137.080 0.508 0.861 0. -65.738 0. 0. -1. 0.
-0.847 0.532 0. 135.728 0.532 0.847 0. -64.906 0. 0. -1. 0.
-0.823 0.568 0. 134.575 0.568 0.823 0. -64.114 0. 0. -1. 0.
-0.796 0.605 0. 133.407 0.605 0.796 0. -63.096 0. 0. -1. 0.
-0.773 0.635 0. 132.244 0.635 0.773 0. -62.073 0. 0. -1. 0.
-0.741 0.672 0. 130.930 0.672 0.741 0. -60.863 0. 0. -1. 0.
-0.708 0.706 0. 129.771 0.706 0.708 0. -59.626 0. 0. -1. 0.
-0.670 0.743 0. 128.585 0.743 0.670 0. -58.250 0. 0. -1. 0.
-0.637 0.771 0. 127.408 0.771 0.637 0. -56.912 0. 0. -1. 0.
-0.605 0.796 0. 126.260 0.796 0.605 0. -55.298 0. 0. -1. 0.
-0.574 0.819 0. 125.257 0.819 0.574 0. -53.633 0. 0. -1. 0.
-0.542 0.840 0. 124.122 0.840 0.542 0. -52.044 0. 0. -1. 0.
-0.512 0.859 0. 123.117 0.859 0.512 0. -50.301 0. 0. -1. 0.
-0.476 0.879 0. 122.152 0.879 0.476 0. -48.564 0. 0. -1. 0.
-0.446 0.895 0. 121.282 0.895 0.446 0. -46.749 0. 0. -1. 0.
-0.423 0.906 0. 120.450 0.906 0.423 0. -44.903 0. 0. -1. 0.
-0.390 0.921 0. 119.681 0.921 0.390 0. -43.016 0. 0. -1. 0.
-0.364 0.932 0. 118.924 0.932 0.364 0. -41.057 0. 0. -1. 0.
-0.344 0.939 0. 118.388 0.939 0.344 0. -39.086 0. 0. -1. 0.
-0.326 0.945 0. 117.582 0.945 0.326 0. -37.128 0. 0. -1. 0.
-0.308 0.951 0. 116.998 0.951 0.308 0. -35.139 0. 0. -1. 0.
-0.308 0.951 0. 116.369 0.951 0.308 0. -33.173 0. 0. -1. 0.
-0.315 0.949 0. 115.892 0.949 0.315 0. -31.182 0. 0. -1. 0.
-0.325 0.946 0. 115.183 0.946 0.325 0. -29.179 0. 0. -1. 0.
-0.344 0.939 0. 114.329 0.939 0.344 0. -27.275 0. 0. -1. 0.
-0.375 0.927 0. 113.753 0.927 0.375 0. -25.396 0. 0. -1. 0.
-0.413 0.911 0. 112.884 0.911 0.413 0. -23.524 0. 0. -1. 0.
-0.461 0.888 0. 112.104 0.888 0.461 0. -21.671 0. 0. -1. 0.
-0.509 0.861 0. 111.057 0.861 0.509 0. -20.014 0. 0. -1. 0.
-0.565 0.825 0. 110.109 0.825 0.565 0. -18.388 0. 0. -1. 0.
-0.622 0.783 0. 109.097 0.783 0.622 0. -16.797 0. 0. -1. 0.
-0.668 0.745 0. 107.677 0.745 0.668 0. -15.378 0. 0. -1. 0.
-0.715 0.699 0. 106.528 0.699 0.715 0. -14.009 0. 0. -1. 0.
-0.756 0.654 0. 105.111 0.654 0.756 0. -12.723 0. 0. -1. 0.
-0.791 0.612 0. 103.649 0.612 0.791 0. -11.610 0. 0. -1. 0.
-0.829 0.559 0. 102.258 0.559 0.829 0. -10.593 0. 0. -1. 0.
-0.862 0.507 0. 100.710 0.507 0.862 0. -9.612 0. 0. -1. 0.
-0.891 0.455 0. 99.059 0.455 0.891 0. -8.773 0. 0. -1. 0.
-0.915 0.404 0. 97.371 0.404 0.915 0. -8.029 0. 0. -1. 0.
-0.939 0.345 0. 95.730 0.345 0.939 0. -7.307 0. 0. -1. 0.
-0.957 0.289 0. 93.878 0.289 0.957 0. -6.772 0. 0. -1. 0.
-0.972 0.236 0. 92.088 0.236 0.972 0. -6.342 0. 0. -1. 0.
-0.982 0.191 0. 90.213 0.191 0.982 0. -5.990 0. 0. -1. 0.
-0.988 0.153 0. 88.223 0.153 0.988 0. -5.701 0. 0. -1. 0.
-0.994 0.107 0. 86.344 0.107 0.994 0. -5.452 0. 0. -1. 0.
-0.997 0.075 0. 84.305 0.075 0.997 0. -5.193 0. 0. -1. 0.
-0.999 0.054 0. 82.263 0.054 0.999 0. -5.194 0. 0. -1. 0.
-0.999 0.046 0. 80.236 0.046 0.999 0. -5.119 0. 0. -1. 0.
-0.999 0.033 0. 78.151 0.033 0.999 0. -5.029 0. 0. -1. 0.
-1.000 0.032 0. 75.997 0.032 1.000 0. -4.923 0. 0. -1. 0.
-1.000 0.015 0. 73.875 0.015 1.000 0. -4.848 0. 0. -1. 0.
-1.000 0.015 0. 71.631 0.015 1.000 0. -4.815 0. 0. -1. 0.
-1. 0.007 0. 69.472 0.007 1. 0. -4.842 0. 0. -1. 0.
-1. 0.011 0. 67.216 0.011 1. 0. -4.830 0. 0. -1. 0.
-1.000 0.017 0. 64.957 0.017 1.000 0. -4.790 0. 0. -1. 0.
-1.000 0.019 0. 62.698 0.019 1.000 0. -4.660 0. 0. -1. 0.
-1. 0.010 0. 60.427 0.010 1. 0. -4.442 0. 0. -1. 0.
-1. 0.007 0. 58.098 0.007 1. 0. -4.530 0. 0. -1. 0.
-1. -0.005 -0. 55.848 -0.005 1. 0. -4.449 0. 0. -1. 0.
-1. -0.012 -0. 53.577 -0.012 1. 0. -4.388 0. 0. -1. 0.
-1.000 -0.015 -0. 51.360 -0.015 1.000 0. -4.418 0. 0. -1. 0.
-1.000 -0.017 -0. 49.109 -0.017 1.000 0. -4.377 0. 0. -1. 0.
-1. -0.008 -0. 46.896 -0.008 1. 0. -4.290 0. 0. -1. 0.
-1. 0.010 0. 44.810 0.010 1. 0. -4.384 0. 0. -1. 0.
-0.999 0.036 0. 42.582 0.036 0.999 0. -4.223 0. 0. -1. 0.
-0.999 0.055 0. 40.479 0.055 0.999 0. -4.181 0. 0. -1. 0.
-0.997 0.073 0. 38.341 0.073 0.997 0. -3.897 0. 0. -1. 0.
-0.996 0.093 0. 36.223 0.093 0.996 0. -3.671 0. 0. -1. 0.
-0.994 0.109 0. 34.098 0.109 0.994 0. -3.471 0. 0. -1. 0.
-0.994 0.109 0. 31.898 0.109 0.994 0. -3.018 0. 0. -1. 0.
-0.992 0.122 0. 29.758 0.122 0.992 0. -2.818 0. 0. -1. 0.
-0.993 0.120 0. 27.523 0.120 0.993 0. -2.490 0. 0. -1. 0.
-0.992 0.126 0. 25.265 0.126 0.992 0. -2.144 0. 0. -1. 0.
-0.992 0.129 0. 23.019 0.129 0.992 0. -1.740 0. 0. -1. 0.
-0.991 0.133 0. 20.677 0.133 0.991 0. -1.505 0. 0. -1. 0.
-0.992 0.129 0. 18.403 0.129 0.992 0. -1.248 0. 0. -1. 0.
-0.992 0.126 0. 16.034 0.126 0.992 0. -0.865 0. 0. -1. 0.
-0.991 0.132 0. 13.668 0.132 0.991 0. -0.589 0. 0. -1. 0.
-0.993 0.122 0. 11.385 0.122 0.993 0. -0.176 0. 0. -1. 0.
-0.992 0.126 0. 8.999 0.126 0.992 0. 0.154 0. 0. -1. 0.
-0.991 0.131 0. 6.580 0.131 0.991 0. 0.499 0. 0. -1. 0.
-0.993 0.119 0. 4.329 0.119 0.993 0. 0.886 0. 0. -1. 0.
-0.993 0.119 0. 1.933 0.119 0.993 0. 1.107 0. 0. -1. 0.
-0.994 0.114 0. -0.426 0.114 0.994 0. 1.433 0. 0. -1. 0.
-0.993 0.116 0. -2.659 0.116 0.993 0. 1.885 0. 0. -1. 0.
-0.994 0.112 0. -5.025 0.112 0.994 0. 2.159 0. 0. -1. 0.
-0.995 0.105 0. -7.268 0.105 0.995 0. 2.303 0. 0. -1. 0.
-0.994 0.111 0. -9.575 0.111 0.994 0. 2.639 0. 0. -1. 0.
-0.995 0.098 0. -11.766 0.098 0.995 0. 2.805 0. 0. -1. 0.
-0.995 0.097 0. -14.022 0.097 0.995 0. 3.045 0. 0. -1. 0.
-0.996 0.093 0. -16.223 0.093 0.996 0. 3.344 0. 0. -1. 0.
-0.997 0.080 0. -18.464 0.080 0.997 0. 3.596 0. 0. -1. 0.
-0.997 0.082 0. -20.631 0.082 0.997 0. 3.858 0. 0. -1. 0.
-0.997 0.079 0. -22.797 0.079 0.997 0. 3.992 0. 0. -1. 0.
-0.998 0.069 0. -24.987 0.069 0.998 0. 4.233 0. 0. -1. 0.
-0.997 0.075 0. -27.264 0.075 0.997 0. 4.329 0. 0. -1. 0.
-0.997 0.071 0. -29.192 0.071 0.997 0. 4.567 0. 0. -1. 0.
-0.998 0.064 0. -31.323 0.064 0.998 0. 4.644 0. 0. -1. 0.
-0.998 0.063 0. -33.519 0.063 0.998 0. 4.687 0. 0. -1. 0.
-0.998 0.063 0. -35.574 0.063 0.998 0. 4.842 0. 0. -1. 0.
-0.998 0.062 0. -37.669 0.062 0.998 0. 4.943 0. 0. -1. 0.
-0.998 0.060 0. -39.729 0.060 0.998 0. 5.154 0. 0. -1. 0.
-0.998 0.065 0. -41.713 0.065 0.998 0. 5.326 0. 0. -1. 0.
-0.998 0.067 0. -43.640 0.067 0.998 0. 5.518 0. 0. -1. 0.
-0.998 0.063 0. -45.509 0.063 0.998 0. 5.666 0. 0. -1. 0.
-0.998 0.065 0. -47.274 0.065 0.998 0. 5.861 0. 0. -1. 0.
-0.998 0.064 0. -48.996 0.064 0.998 0. 6.000 0. 0. -1. 0.
-0.998 0.066 0. -50.707 0.066 0.998 0. 6.102 0. 0. -1. 0.
-0.997 0.080 0. -52.347 0.080 0.997 0. 6.233 0. 0. -1. 0.
-0.996 0.085 0. -53.884 0.085 0.996 0. 6.333 0. 0. -1. 0.
-0.995 0.097 0. -55.347 0.097 0.995 0. 6.500 0. 0. -1. 0.
-0.994 0.111 0. -56.678 0.111 0.994 0. 6.754 0. 0. -1. 0.
-0.990 0.139 0. -57.923 0.139 0.990 0. 6.883 0. 0. -1. 0.
-0.986 0.166 0. -59.129 0.166 0.986 0. 7.171 0. 0. -1. 0.
-0.976 0.217 0. -60.297 0.217 0.976 0. 7.397 0. 0. -1. 0.
-0.966 0.257 0. -61.295 0.257 0.966 0. 7.558 0. 0. -1. 0.
-0.950 0.311 0. -62.207 0.311 0.950 0. 8.059 0. 0. -1. 0.
-0.926 0.377 0. -63.127 0.377 0.926 0. 8.437 0. 0. -1. 0.
-0.892 0.451 0. -64.111 0.451 0.892 0. 8.889 0. 0. -1. 0.
-0.848 0.531 0. -64.859 0.531 0.848 0. 9.475 0. 0. -1. 0.
-0.801 0.599 0. -65.479 0.599 0.801 0. 10.152 0. 0. -1. 0.
-0.729 0.684 0. -66.322 0.684 0.729 0. 10.730 0. 0. -1. 0.
-0.657 0.754 0. -66.883 0.754 0.657 0. 11.469 0. 0. -1. 0.
-0.570 0.822 0. -67.356 0.822 0.570 0. 12.450 0. 0. -1. 0.
-0.467 0.884 0. -67.913 0.884 0.467 0. 13.274 0. 0. -1. 0.
-0.366 0.931 0. -68.226 0.931 0.366 0. 14.225 0. 0. -1. 0.
-0.257 0.966 0. -68.591 0.966 0.257 0. 15.417 0. 0. -1. 0.
-0.172 0.985 0. -68.631 0.985 0.172 0. 16.609 0. 0. -1. 0.
-0.092 0.996 0. -68.926 0.996 0.092 0. 17.870 0. 0. -1. 0.
-0.051 0.999 0. -68.953 0.999 0.051 0. 19.063 0. 0. -1. 0.
-0.027 1.000 0. -68.933 1.000 0.027 0. 20.602 0. 0. -1. 0.
0.003 1. 0. -68.788 1. -0.003 -0. 22.044 0. 0. -1. 0.
0.013 1. 0. -68.888 1. -0.013 -0. 23.664 0. 0. -1. 0.
0.022 1.000 0. -68.692 1.000 -0.022 -0. 25.280 0. 0. -1. 0.
0.026 1.000 0. -68.709 1.000 -0.026 -0. 26.948 0. 0. -1. 0.
0.042 0.999 0. -68.523 0.999 -0.042 -0. 28.677 0. 0. -1. 0.
0.040 0.999 0. -68.559 0.999 -0.040 -0. 30.547 0. 0. -1. 0.
0.052 0.999 0. -68.227 0.999 -0.052 -0. 32.294 0. 0. -1. 0.
0.065 0.998 0. -68.221 0.998 -0.065 -0. 34.205 0. 0. -1. 0.
0.084 0.996 0. -67.854 0.996 -0.084 -0. 35.984 0. 0. -1. 0.
0.106 0.994 0. -67.773 0.994 -0.106 -0. 37.957 0. 0. -1. 0.
0.123 0.992 0. -67.441 0.992 -0.123 -0. 39.772 0. 0. -1. 0.
0.155 0.988 0. -67.291 0.988 -0.155 -0. 41.833 0. 0. -1. 0.
0.173 0.985 0. -66.871 0.985 -0.173 -0. 43.676 0. 0. -1. 0.
0.184 0.983 0. -66.373 0.983 -0.184 -0. 45.697 0. 0. -1. 0.
0.191 0.982 0. -65.918 0.982 -0.191 -0. 47.476 0. 0. -1. 0.
0.191 0.982 0. -65.499 0.982 -0.191 -0. 49.504 0. 0. -1. 0.
0.182 0.983 0. -65.182 0.983 -0.182 -0. 51.499 0. 0. -1. 0.
0.179 0.984 0. -64.839 0.984 -0.179 -0. 53.426 0. 0. -1. 0.
0.171 0.985 0. -64.343 0.985 -0.171 -0. 55.277 0. 0. -1. 0.
0.159 0.987 0. -64.034 0.987 -0.159 -0. 57.340 0. 0. -1. 0.
0.153 0.988 0. -63.727 0.988 -0.153 -0. 59.188 0. 0. -1. 0.
0.138 0.990 0. -63.504 0.990 -0.138 -0. 61.331 0. 0. -1. 0.
0.133 0.991 0. -63.134 0.991 -0.133 -0. 63.275 0. 0. -1. 0.
0.119 0.993 0. -62.886 0.993 -0.119 -0. 65.301 0. 0. -1. 0.
0.115 0.993 0. -62.615 0.993 -0.115 -0. 67.396 0. 0. -1. 0.
0.108 0.994 0. -62.404 0.994 -0.108 -0. 69.294 0. 0. -1. 0.
0.102 0.995 0. -62.099 0.995 -0.102 -0. 71.243 0. 0. -1. 0.
0.087 0.996 0. -61.935 0.996 -0.087 -0. 73.224 0. 0. -1. 0.
0.078 0.997 0. -61.739 0.997 -0.078 -0. 75.180 0. 0. -1. 0.
0.061 0.998 0. -61.618 0.998 -0.061 -0. 77.071 0. 0. -1. 0.
0.042 0.999 0. -61.524 0.999 -0.042 -0. 78.959 0. 0. -1. 0.
0.023 1.000 0. -61.452 1.000 -0.023 -0. 80.794 0. 0. -1. 0.
-0.015 1.000 0. -61.433 1.000 0.015 0. 82.579 0. 0. -1. 0.
-0.044 0.999 0. -61.452 0.999 0.044 0. 84.469 0. 0. -1. 0.
-0.097 0.995 0. -61.593 0.995 0.097 0. 86.145 0. 0. -1. 0.
-0.158 0.987 0. -61.788 0.987 0.158 0. 87.914 0. 0. -1. 0.
-0.222 0.975 0. -62.132 0.975 0.222 0. 89.535 0. 0. -1. 0.
-0.283 0.959 0. -62.620 0.959 0.283 0. 91.225 0. 0. -1. 0.
-0.349 0.937 0. -63.155 0.937 0.349 0. 92.686 0. 0. -1. 0.
-0.423 0.906 0. -63.786 0.906 0.423 0. 94.090 0. 0. -1. 0.
-0.498 0.867 0. -64.435 0.867 0.498 0. 95.520 0. 0. -1. 0.
-0.568 0.823 0. -65.295 0.823 0.568 0. 96.901 0. 0. -1. 0.
-0.648 0.762 0. -66.321 0.762 0.648 0. 98.019 0. 0. -1. 0.
-0.714 0.701 0. -67.280 0.701 0.714 0. 99.202 0. 0. -1. 0.
-0.777 0.629 0. -68.481 0.629 0.777 0. 100.086 0. 0. -1. 0.
-0.833 0.553 0. -69.693 0.553 0.833 0. 100.923 0. 0. -1. 0.
-0.878 0.479 0. -71.030 0.479 0.878 0. 101.596 0. 0. -1. 0.
-0.914 0.406 0. -72.329 0.406 0.914 0. 102.143 0. 0. -1. 0.
-0.932 0.361 0. -73.648 0.361 0.932 0. 102.802 0. 0. -1. 0.
-0.948 0.318 0. -75.007 0.318 0.948 0. 103.372 0. 0. -1. 0.
-0.955 0.296 0. -76.299 0.296 0.955 0. 103.862 0. 0. -1. 0.
-0.959 0.284 0. -77.870 0.284 0.959 0. 104.240 0. 0. -1. 0.
-0.962 0.273 0. -79.358 0.273 0.962 0. 104.629 0. 0. -1. 0.
-0.957 0.290 0. -80.935 0.290 0.957 0. 105.078 0. 0. -1. 0.
-0.952 0.306 0. -82.422 0.306 0.952 0. 105.580 0. 0. -1. 0.
-0.938 0.347 0. -84.049 0.347 0.938 0. 106.039 0. 0. -1. 0.
-0.919 0.393 0. -85.511 0.393 0.919 0. 106.837 0. 0. -1. 0.
-0.893 0.450 0. -86.969 0.450 0.893 0. 107.670 0. 0. -1. 0.
-0.864 0.503 0. -88.431 0.503 0.864 0. 108.579 0. 0. -1. 0.
-0.830 0.558 0. -89.938 0.558 0.830 0. 109.544 0. 0. -1. 0.
-0.794 0.608 0. -91.288 0.608 0.794 0. 110.678 0. 0. -1. 0.
-0.768 0.640 0. -92.653 0.640 0.768 0. 111.866 0. 0. -1. 0.
-0.740 0.673 0. -94.017 0.673 0.740 0. 113.121 0. 0. -1. 0.
-0.730 0.683 0. -95.480 0.683 0.730 0. 114.345 0. 0. -1. 0.
-0.711 0.703 0. -96.816 0.703 0.711 0. 115.807 0. 0. -1. 0.
-0.705 0.710 0. -98.169 0.710 0.705 0. 117.233 0. 0. -1. 0.
-0.697 0.717 0. -99.504 0.717 0.697 0. 118.725 0. 0. -1. 0.
-0.688 0.726 0. -100.986 0.726 0.688 0. 120.154 0. 0. -1. 0.
-0.679 0.734 0. -102.270 0.734 0.679 0. 121.744 0. 0. -1. 0.
-0.672 0.741 0. -103.798 0.741 0.672 0. 123.200 0. 0. -1. 0.
-0.672 0.740 0. -105.095 0.740 0.672 0. 124.953 0. 0. -1. 0.
-0.664 0.748 0. -106.493 0.748 0.664 0. 126.714 0. 0. -1. 0.
-0.663 0.749 0. -107.985 0.749 0.663 0. 128.250 0. 0. -1. 0.
-0.667 0.745 0. -109.433 0.745 0.667 0. 129.995 0. 0. -1. 0.
-0.661 0.750 0. -110.994 0.750 0.661 0. 131.750 0. 0. -1. 0.
-0.663 0.749 0. -112.486 0.749 0.663 0. 133.511 0. 0. -1. 0.
-0.666 0.746 0. -113.967 0.746 0.666 0. 135.325 0. 0. -1. 0.
-0.667 0.745 0. -115.594 0.745 0.667 0. 137.143 0. 0. -1. 0.
-0.667 0.745 0. -117.179 0.745 0.667 0. 138.961 0. 0. -1. 0.
-0.664 0.748 0. -118.817 0.748 0.664 0. 140.769 0. 0. -1. 0.
-0.664 0.747 0. -120.340 0.747 0.664 0. 142.762 0. 0. -1. 0.
-0.661 0.750 0. -122.036 0.750 0.661 0. 144.568 0. 0. -1. 0.
-0.665 0.747 0. -123.638 0.747 0.665 0. 146.566 0. 0. -1. 0.
-0.659 0.752 0. -125.263 0.752 0.659 0. 148.436 0. 0. -1. 0.
-0.655 0.756 0. -126.784 0.756 0.655 0. 150.340 0. 0. -1. 0.
-0.649 0.761 0. -128.373 0.761 0.649 0. 152.318 0. 0. -1. 0.
-0.650 0.760 0. -129.850 0.760 0.650 0. 154.221 0. 0. -1. 0.
-0.645 0.765 0. -131.454 0.765 0.645 0. 156.089 0. 0. -1. 0.
-0.639 0.769 0. -132.968 0.769 0.639 0. 157.961 0. 0. -1. 0.
-0.627 0.779 0. -134.475 0.779 0.627 0. 159.824 0. 0. -1. 0.
-0.620 0.785 0. -135.928 0.785 0.620 0. 161.673 0. 0. -1. 0.
-0.611 0.791 0. -137.268 0.791 0.611 0. 163.551 0. 0. -1. 0.
-0.589 0.808 0. -138.698 0.808 0.589 0. 165.480 0. 0. -1. 0.
-0.569 0.823 0. -139.814 0.823 0.569 0. 167.404 0. 0. -1. 0.
-0.540 0.841 0. -141.029 0.841 0.540 0. 169.364 0. 0. -1. 0.
-0.511 0.859 0. -142.285 0.859 0.511 0. 171.319 0. 0. -1. 0.
-0.477 0.879 0. -143.247 0.879 0.477 0. 173.314 0. 0. -1. 0.
-0.440 0.898 0. -144.162 0.898 0.440 0. 175.415 0. 0. -1. 0.
-0.396 0.918 0. -145.147 0.918 0.396 0. 177.477 0. 0. -1. 0.
-0.356 0.934 0. -145.929 0.934 0.356 0. 179.549 0. 0. -1. 0.
-0.321 0.947 0. -146.692 0.947 0.321 0. 181.708 0. 0. -1. 0.
-0.280 0.960 0. -147.416 0.960 0.280 0. 183.894 0. 0. -1. 0.
-0.239 0.971 0. -147.746 0.971 0.239 0. 186.215 0. 0. -1. 0.
-0.192 0.981 0. -148.396 0.981 0.192 0. 188.437 0. 0. -1. 0.
-0.157 0.988 0. -148.556 0.988 0.157 0. 190.797 0. 0. -1. 0.
-0.122 0.993 0. -149.019 0.993 0.122 0. 193.079 0. 0. -1. 0.
-0.095 0.995 0. -149.142 0.995 0.095 0. 195.458 0. 0. -1. 0.
-0.084 0.996 0. -149.308 0.996 0.084 0. 197.800 0. 0. -1. 0.
-0.070 0.998 0. -149.491 0.998 0.070 0. 200.169 0. 0. -1. 0.
-0.058 0.998 0. -149.473 0.998 0.058 0. 202.518 0. 0. -1. 0.
-0.050 0.999 0. -149.670 0.999 0.050 0. 204.894 0. 0. -1. 0.
-0.053 0.999 0. -149.381 0.999 0.053 0. 207.206 0. 0. -1. 0.
-0.056 0.998 0. -149.576 0.998 0.056 0. 209.446 0. 0. -1. 0.
-0.069 0.998 0. -149.646 0.998 0.069 0. 211.769 0. 0. -1. 0.
-0.076 0.997 0. -149.706 0.997 0.076 0. 214.022 0. 0. -1. 0.
-0.091 0.996 0. -149.947 0.996 0.091 0. 216.243 0. 0. -1. 0.
-0.111 0.994 0. -150.059 0.994 0.111 0. 218.462 0. 0. -1. 0.
-0.131 0.991 0. -150.246 0.991 0.131 0. 220.498 0. 0. -1. 0.
-0.158 0.987 0. -150.621 0.987 0.158 0. 222.562 0. 0. -1. 0.
-0.189 0.982 0. -150.962 0.982 0.189 0. 224.698 0. 0. -1. 0.
-0.234 0.972 0. -151.253 0.972 0.234 0. 226.667 0. 0. -1. 0.
-0.270 0.963 0. -152.063 0.963 0.270 0. 228.629 0. 0. -1. 0.
-0.315 0.949 0. -152.438 0.949 0.315 0. 230.621 0. 0. -1. 0.
-0.360 0.933 0. -153.219 0.933 0.360 0. 232.497 0. 0. -1. 0.
-0.414 0.910 0. -153.842 0.910 0.414 0. 234.296 0. 0. -1. 0.
-0.472 0.882 0. -154.874 0.882 0.472 0. 236.129 0. 0. -1. 0.
-0.525 0.851 0. -155.843 0.851 0.525 0. 237.672 0. 0. -1. 0.
-0.582 0.813 0. -156.914 0.813 0.582 0. 239.307 0. 0. -1. 0.
-0.642 0.766 0. -158.073 0.766 0.642 0. 240.943 0. 0. -1. 0.
-0.704 0.710 0. -159.418 0.710 0.704 0. 242.277 0. 0. -1. 0.
-0.759 0.651 0. -160.992 0.651 0.759 0. 243.569 0. 0. -1. 0.
-0.807 0.591 0. -162.626 0.591 0.807 0. 244.731 0. 0. -1. 0.
-0.848 0.530 0. -164.383 0.530 0.848 0. 245.861 0. 0. -1. 0.
-0.878 0.479 0. -166.154 0.479 0.878 0. 246.861 0. 0. -1. 0.
-0.901 0.434 0. -167.861 0.434 0.901 0. 247.949 0. 0. -1. 0.
-0.916 0.400 0. -169.798 0.400 0.916 0. 248.893 0. 0. -1. 0.
-0.926 0.377 0. -171.810 0.377 0.926 0. 249.733 0. 0. -1. 0.
-0.933 0.360 0. -173.900 0.360 0.933 0. 250.520 0. 0. -1. 0.
-0.940 0.341 0. -175.911 0.341 0.940 0. 251.316 0. 0. -1. 0.
-0.943 0.333 0. -178.073 0.333 0.943 0. 252.148 0. 0. -1. 0.
-0.946 0.325 0. -180.249 0.325 0.946 0. 252.977 0. 0. -1. 0.
-0.948 0.319 0. -182.513 0.319 0.948 0. 253.762 0. 0. -1. 0.
-0.949 0.314 0. -184.687 0.314 0.949 0. 254.518 0. 0. -1. 0.
-0.950 0.312 0. -187.038 0.312 0.950 0. 255.298 0. 0. -1. 0.
-0.951 0.310 0. -189.228 0.310 0.951 0. 256.122 0. 0. -1. 0.
-0.950 0.312 0. -191.555 0.312 0.950 0. 256.928 0. 0. -1. 0.
-0.950 0.312 0. -193.906 0.312 0.950 0. 257.717 0. 0. -1. 0.
-0.951 0.311 0. -196.114 0.311 0.951 0. 258.552 0. 0. -1. 0.
-0.952 0.307 0. -198.581 0.307 0.952 0. 259.238 0. 0. -1. 0.
-0.949 0.315 0. -200.790 0.315 0.949 0. 260.046 0. 0. -1. 0.
-0.948 0.317 0. -202.973 0.317 0.948 0. 260.908 0. 0. -1. 0.
-0.948 0.319 0. -205.416 0.319 0.948 0. 261.701 0. 0. -1. 0.
-0.943 0.332 0. -207.645 0.332 0.943 0. 262.438 0. 0. -1. 0.
-0.942 0.336 0. -209.429 0.336 0.942 0. 263.180 0. 0. -1. 0.
-0.939 0.343 0. -211.606 0.343 0.939 0. 263.958 0. 0. -1. 0.
-0.932 0.363 0. -213.624 0.363 0.932 0. 264.738 0. 0. -1. 0.
-0.922 0.388 0. -215.245 0.388 0.922 0. 265.478 0. 0. -1. 0.
-0.912 0.410 0. -216.916 0.410 0.912 0. 266.259 0. 0. -1. 0.
-0.902 0.431 0. -218.611 0.431 0.902 0. 267.091 0. 0. -1. 0.
-0.890 0.456 0. -220.123 0.456 0.890 0. 267.919 0. 0. -1. 0.
-0.882 0.471 0. -221.517 0.471 0.882 0. 268.722 0. 0. -1. 0.
-0.876 0.482 0. -222.942 0.482 0.876 0. 269.527 0. 0. -1. 0.
-0.864 0.503 0. -224.195 0.503 0.864 0. 270.251 0. 0. -1. 0.
-0.865 0.502 0. -225.365 0.502 0.865 0. 271.013 0. 0. -1. 0.
-0.864 0.503 0. -226.512 0.503 0.864 0. 271.709 0. 0. -1. 0.
-0.864 0.504 0. -227.581 0.504 0.864 0. 272.321 0. 0. -1. 0.
-0.867 0.498 0. -228.525 0.498 0.867 0. 272.862 0. 0. -1. 0.
-0.866 0.500 0. -229.552 0.500 0.866 0. 273.466 0. 0. -1. 0.
-0.869 0.495 0. -230.424 0.495 0.869 0. 274.086 0. 0. -1. 0.
-0.866 0.500 0. -231.358 0.500 0.866 0. 274.548 0. 0. -1. 0.
-0.866 0.500 0. -232.061 0.500 0.866 0. 275.056 0. 0. -1. 0.
-0.863 0.504 0. -232.764 0.504 0.863 0. 275.438 0. 0. -1. 0.
-0.861 0.509 0. -233.472 0.509 0.861 0. 275.952 0. 0. -1. 0.
-0.858 0.514 0. -234.178 0.514 0.858 0. 276.321 0. 0. -1. 0.
-0.844 0.536 0. -234.951 0.536 0.844 0. 276.721 0. 0. -1. 0.
-0.827 0.562 0. -235.498 0.562 0.827 0. 277.186 0. 0. -1. 0.
-0.805 0.594 0. -236.202 0.594 0.805 0. 277.734 0. 0. -1. 0.
-0.778 0.628 0. -236.795 0.628 0.778 0. 278.293 0. 0. -1. 0.
-0.737 0.675 0. -237.508 0.675 0.737 0. 278.986 0. 0. -1. 0.
-0.690 0.724 0. -238.167 0.724 0.690 0. 279.595 0. 0. -1. 0.
-0.632 0.775 0. -238.756 0.775 0.632 0. 280.448 0. 0. -1. 0.
-0.569 0.822 0. -239.482 0.822 0.569 0. 281.318 0. 0. -1. 0.
-0.504 0.864 0. -239.954 0.864 0.504 0. 282.223 0. 0. -1. 0.
-0.434 0.901 0. -240.273 0.901 0.434 0. 283.411 0. 0. -1. 0.
-0.353 0.936 0. -240.885 0.936 0.353 0. 284.405 0. 0. -1. 0.
-0.290 0.957 0. -241.045 0.957 0.290 0. 285.545 0. 0. -1. 0.
-0.206 0.979 0. -241.367 0.979 0.206 0. 286.914 0. 0. -1. 0.
-0.121 0.993 0. -241.512 0.993 0.121 0. 288.269 0. 0. -1. 0.
-0.037 0.999 0. -241.517 0.999 0.037 0. 289.722 0. 0. -1. 0.
0.046 0.999 0. -241.346 0.999 -0.046 -0. 291.250 0. 0. -1. 0.
0.111 0.994 0. -241.109 0.994 -0.111 -0. 292.861 0. 0. -1. 0.
0.166 0.986 0. -240.818 0.986 -0.166 -0. 294.454 0. 0. -1. 0.
0.195 0.981 0. -240.426 0.981 -0.195 -0. 296.231 0. 0. -1. 0.
0.224 0.974 0. -239.963 0.974 -0.224 -0. 298.099 0. 0. -1. 0.
0.250 0.968 0. -239.415 0.968 -0.250 -0. 300.009 0. 0. -1. 0.
0.263 0.965 0. -238.959 0.965 -0.263 -0. 301.986 0. 0. -1. 0.
0.273 0.962 0. -238.297 0.962 -0.273 -0. 304.022 0. 0. -1. 0.
0.277 0.961 0. -237.680 0.961 -0.277 -0. 306.094 0. 0. -1. 0.
0.282 0.959 0. -236.860 0.959 -0.282 -0. 308.265 0. 0. -1. 0.
0.289 0.957 0. -236.311 0.957 -0.289 -0. 310.350 0. 0. -1. 0.
0.293 0.956 0. -235.616 0.956 -0.293 -0. 312.623 0. 0. -1. 0.
0.295 0.956 0. -234.763 0.956 -0.295 -0. 314.937 0. 0. -1. 0.
0.296 0.955 0. -233.949 0.955 -0.296 -0. 317.381 0. 0. -1. 0.
0.299 0.954 0. -233.213 0.954 -0.299 -0. 319.867 0. 0. -1. 0.
0.306 0.952 0. -232.324 0.952 -0.306 -0. 322.398 0. 0. -1. 0.
0.305 0.952 0. -231.373 0.952 -0.305 -0. 325.030 0. 0. -1. 0.
0.312 0.950 0. -230.488 0.950 -0.312 -0. 327.679 0. 0. -1. 0.
0.310 0.951 0. -229.427 0.951 -0.310 -0. 330.480 0. 0. -1. 0.
0.308 0.951 0. -228.440 0.951 -0.308 -0. 333.313 0. 0. -1. 0.
0.308 0.951 0. -227.432 0.951 -0.308 -0. 336.289 0. 0. -1. 0.
0.313 0.950 0. -226.415 0.950 -0.313 -0. 339.321 0. 0. -1. 0.
0.318 0.948 0. -225.342 0.948 -0.318 -0. 342.342 0. 0. -1. 0.
0.310 0.951 0. -224.204 0.951 -0.310 -0. 345.475 0. 0. -1. 0.
0.317 0.949 0. -223.187 0.949 -0.317 -0. 348.688 0. 0. -1. 0.
0.309 0.951 0. -222.009 0.951 -0.309 -0. 351.910 0. 0. -1. 0.
0.309 0.951 0. -220.898 0.951 -0.309 -0. 355.181 0. 0. -1. 0.
0.307 0.952 0. -219.776 0.952 -0.307 -0. 358.458 0. 0. -1. 0.
0.307 0.952 0. -218.586 0.952 -0.307 -0. 361.794 0. 0. -1. 0.
0.302 0.953 0. -217.505 0.953 -0.302 -0. 365.128 0. 0. -1. 0.
0.300 0.954 0. -216.333 0.954 -0.300 -0. 368.499 0. 0. -1. 0.
0.305 0.952 0. -215.295 0.952 -0.305 -0. 371.895 0. 0. -1. 0.
0.304 0.953 0. -214.061 0.953 -0.304 -0. 375.348 0. 0. -1. 0.
0.300 0.954 0. -212.971 0.954 -0.300 -0. 378.784 0. 0. -1. 0.
0.304 0.953 0. -211.807 0.953 -0.304 -0. 382.224 0. 0. -1. 0.
0.297 0.955 0. -210.636 0.955 -0.297 -0. 385.602 0. 0. -1. 0.
0.303 0.953 0. -209.408 0.953 -0.303 -0. 389.079 0. 0. -1. 0.
0.300 0.954 0. -208.247 0.954 -0.300 -0. 392.507 0. 0. -1. 0.
0.315 0.949 0. -207.076 0.949 -0.315 -0. 396.017 0. 0. -1. 0.
0.308 0.952 0. -205.801 0.952 -0.308 -0. 399.465 0. 0. -1. 0.
0.315 0.949 0. -204.608 0.949 -0.315 -0. 403.011 0. 0. -1. 0.
0.304 0.953 0. -203.293 0.953 -0.304 -0. 406.488 0. 0. -1. 0.
0.310 0.951 0. -202.115 0.951 -0.310 -0. 410.129 0. 0. -1. 0.
0.310 0.951 0. -200.852 0.951 -0.310 -0. 413.684 0. 0. -1. 0.
0.310 0.951 0. -199.684 0.951 -0.310 -0. 417.322 0. 0. -1. 0.
0.306 0.952 0. -198.377 0.952 -0.306 -0. 420.960 0. 0. -1. 0.
0.309 0.951 0. -197.193 0.951 -0.309 -0. 424.680 0. 0. -1. 0.
0.307 0.952 0. -195.890 0.952 -0.307 -0. 428.375 0. 0. -1. 0.
0.310 0.951 0. -194.668 0.951 -0.310 -0. 432.144 0. 0. -1. 0.
0.312 0.950 0. -193.286 0.950 -0.312 -0. 435.864 0. 0. -1. 0.
0.307 0.952 0. -191.966 0.952 -0.307 -0. 439.654 0. 0. -1. 0.
0.300 0.954 0. -190.684 0.954 -0.300 -0. 443.511 0. 0. -1. 0.
0.301 0.954 0. -189.449 0.954 -0.301 -0. 447.332 0. 0. -1. 0.
0.303 0.953 0. -188.266 0.953 -0.303 -0. 451.132 0. 0. -1. 0.
0.297 0.955 0. -186.934 0.955 -0.297 -0. 454.893 0. 0. -1. 0.
0.295 0.955 0. -185.571 0.955 -0.295 -0. 458.612 0. 0. -1. 0.
0.295 0.956 0. -184.439 0.956 -0.295 -0. 462.445 0. 0. -1. 0.
0.301 0.954 0. -183.137 0.954 -0.301 -0. 466.084 0. 0. -1. 0.
0.308 0.952 0. -181.941 0.952 -0.308 -0. 469.843 0. 0. -1. 0.
0.308 0.951 0. -180.711 0.951 -0.308 -0. 473.580 0. 0. -1. 0.
0.308 0.951 0. -179.403 0.951 -0.308 -0. 477.085 0. 0. -1. 0.
0.308 0.951 0. -178.210 0.951 -0.308 -0. 480.783 0. 0. -1. 0.
0.313 0.950 0. -176.935 0.950 -0.313 -0. 484.296 0. 0. -1. 0.
0.314 0.949 0. -175.663 0.949 -0.314 -0. 487.813 0. 0. -1. 0.
0.316 0.949 0. -174.494 0.949 -0.316 -0. 491.351 0. 0. -1. 0.
0.312 0.950 0. -173.173 0.950 -0.312 -0. 494.808 0. 0. -1. 0.
0.317 0.948 0. -172.051 0.948 -0.317 -0. 498.347 0. 0. -1. 0.
0.314 0.949 0. -170.778 0.949 -0.314 -0. 501.876 0. 0. -1. 0.
0.311 0.950 0. -169.618 0.950 -0.311 -0. 505.232 0. 0. -1. 0.
0.311 0.950 0. -168.496 0.950 -0.311 -0. 508.694 0. 0. -1. 0.
0.310 0.951 0. -167.326 0.951 -0.310 -0. 512.094 0. 0. -1. 0.
0.311 0.950 0. -166.082 0.950 -0.311 -0. 515.407 0. 0. -1. 0.
0.311 0.950 0. -164.964 0.950 -0.311 -0. 518.784 0. 0. -1. 0.
0.305 0.952 0. -163.738 0.952 -0.305 -0. 522.049 0. 0. -1. 0.
0.307 0.952 0. -162.793 0.952 -0.307 -0. 525.440 0. 0. -1. 0.
0.308 0.952 0. -161.763 0.952 -0.308 -0. 528.789 0. 0. -1. 0.
0.311 0.951 0. -160.507 0.951 -0.311 -0. 532.005 0. 0. -1. 0.
0.314 0.949 0. -159.428 0.949 -0.314 -0. 535.280 0. 0. -1. 0.
0.317 0.948 0. -158.287 0.948 -0.317 -0. 538.497 0. 0. -1. 0.
0.312 0.950 0. -157.177 0.950 -0.312 -0. 541.684 0. 0. -1. 0.
0.314 0.949 0. -156.108 0.949 -0.314 -0. 544.880 0. 0. -1. 0.
0.315 0.949 0. -154.877 0.949 -0.315 -0. 547.982 0. 0. -1. 0.
0.313 0.950 0. -153.843 0.950 -0.313 -0. 551.172 0. 0. -1. 0.
0.312 0.950 0. -152.781 0.950 -0.312 -0. 554.265 0. 0. -1. 0.
0.315 0.949 0. -151.831 0.949 -0.315 -0. 557.426 0. 0. -1. 0.
0.316 0.949 0. -150.808 0.949 -0.316 -0. 560.489 0. 0. -1. 0.
0.312 0.950 0. -149.790 0.950 -0.312 -0. 563.454 0. 0. -1. 0.
0.302 0.953 0. -148.742 0.953 -0.302 -0. 566.265 0. 0. -1. 0.
0.299 0.954 0. -147.825 0.954 -0.299 -0. 569.022 0. 0. -1. 0.
0.292 0.957 0. -146.958 0.957 -0.292 -0. 571.746 0. 0. -1. 0.
0.276 0.961 0. -146.095 0.961 -0.276 -0. 574.353 0. 0. -1. 0.
0.266 0.964 0. -145.429 0.964 -0.266 -0. 576.998 0. 0. -1. 0.
0.264 0.965 0. -144.663 0.965 -0.264 -0. 579.478 0. 0. -1. 0.
0.262 0.965 0. -143.949 0.965 -0.262 -0. 581.947 0. 0. -1. 0.
0.254 0.967 0. -143.188 0.967 -0.254 -0. 584.271 0. 0. -1. 0.
0.254 0.967 0. -142.634 0.967 -0.254 -0. 586.676 0. 0. -1. 0.
0.256 0.967 0. -142.009 0.967 -0.256 -0. 588.810 0. 0. -1. 0.
0.256 0.967 0. -141.388 0.967 -0.256 -0. 591.029 0. 0. -1. 0.
0.241 0.971 0. -140.797 0.971 -0.241 -0. 592.977 0. 0. -1. 0.
0.247 0.969 0. -140.335 0.969 -0.247 -0. 595.064 0. 0. -1. 0.
0.243 0.970 0. -139.874 0.970 -0.243 -0. 596.855 0. 0. -1. 0.
0.232 0.973 0. -139.386 0.973 -0.232 -0. 598.789 0. 0. -1. 0.
0.226 0.974 0. -138.956 0.974 -0.226 -0. 600.428 0. 0. -1. 0.
0.220 0.976 0. -138.561 0.976 -0.220 -0. 602.035 0. 0. -1. 0.
0.221 0.975 0. -138.145 0.975 -0.221 -0. 603.539 0. 0. -1. 0.
0.220 0.976 0. -137.831 0.976 -0.220 -0. 604.818 0. 0. -1. 0.
0.221 0.975 0. -137.586 0.975 -0.221 -0. 606.142 0. 0. -1. 0.
0.214 0.977 0. -137.352 0.977 -0.214 -0. 607.215 0. 0. -1. 0.
0.215 0.977 0. -137.046 0.977 -0.215 -0. 608.253 0. 0. -1. 0.
0.219 0.976 0. -136.810 0.976 -0.219 -0. 609.096 0. 0. -1. 0.
0.210 0.978 0. -136.670 0.978 -0.210 -0. 610.010 0. 0. -1. 0.
0.210 0.978 0. -136.390 0.978 -0.210 -0. 610.807 0. 0. -1. 0.
0.213 0.977 0. -136.273 0.977 -0.213 -0. 611.454 0. 0. -1. 0.
0.211 0.978 0. -136.133 0.978 -0.211 -0. 612.137 0. 0. -1. 0.
0.212 0.977 0. -136.036 0.977 -0.212 -0. 612.591 0. 0. -1. 0.
0.216 0.976 0. -135.927 0.976 -0.216 -0. 613.098 0. 0. -1. 0.
0.216 0.976 0. -135.779 0.976 -0.216 -0. 613.430 0. 0. -1. 0.
0.217 0.976 0. -135.762 0.976 -0.217 -0. 613.795 0. 0. -1. 0.
0.218 0.976 0. -135.696 0.976 -0.218 -0. 614.036 0. 0. -1. 0.
0.223 0.975 0. -135.678 0.975 -0.223 -0. 614.256 0. 0. -1. 0.
0.214 0.977 0. -135.594 0.977 -0.214 -0. 614.376 0. 0. -1. 0.
0.218 0.976 0. -135.613 0.976 -0.218 -0. 614.505 0. 0. -1. 0.
0.216 0.976 0. -135.571 0.976 -0.216 -0. 614.519 0. 0. -1. 0.
0.222 0.975 0. -135.623 0.975 -0.222 -0. 614.535 0. 0. -1. 0.
0.217 0.976 0. -135.584 0.976 -0.217 -0. 614.567 0. 0. -1. 0.
0.215 0.977 0. -135.610 0.977 -0.215 -0. 614.536 0. 0. -1. 0.
0.214 0.977 0. -135.620 0.977 -0.214 -0. 614.547 0. 0. -1. 0.
0.215 0.977 0. -135.628 0.977 -0.215 -0. 614.551 0. 0. -1. 0.
0.220 0.976 0. -135.619 0.976 -0.220 -0. 614.564 0. 0. -1. 0.
0.214 0.977 0. -135.571 0.977 -0.214 -0. 614.526 0. 0. -1. 0.
0.220 0.976 0. -135.621 0.976 -0.220 -0. 614.593 0. 0. -1. 0.
0.213 0.977 0. -135.574 0.977 -0.213 -0. 614.516 0. 0. -1. 0.
0.215 0.977 0. -135.621 0.977 -0.215 -0. 614.549 0. 0. -1. 0.
0.215 0.977 0. -135.600 0.977 -0.215 -0. 614.534 0. 0. -1. 0.
0.216 0.976 0. -135.636 0.976 -0.216 -0. 614.538 0. 0. -1. 0.
0.217 0.976 0. -135.703 0.976 -0.217 -0. 614.563 0. 0. -1. 0.
0.215 0.977 0. -135.634 0.977 -0.215 -0. 614.563 0. 0. -1. 0.
0.214 0.977 0. -135.616 0.977 -0.214 -0. 614.555 0. 0. -1. 0.
0.214 0.977 0. -135.622 0.977 -0.214 -0. 614.566 0. 0. -1. 0.
0.219 0.976 0. -135.641 0.976 -0.219 -0. 614.570 0. 0. -1. 0.
0.219 0.976 0. -135.615 0.976 -0.219 -0. 614.544 0. 0. -1. 0.
0.219 0.976 0. -135.541 0.976 -0.219 -0. 614.559 0. 0. -1. 0.
0.214 0.977 0. -135.572 0.977 -0.214 -0. 614.560 0. 0. -1. 0.
0.220 0.975 0. -135.634 0.975 -0.220 -0. 614.597 0. 0. -1. 0.
0.214 0.977 0. -135.633 0.977 -0.214 -0. 614.544 0. 0. -1. 0.
0.217 0.976 0. -135.537 0.976 -0.217 -0. 614.595 0. 0. -1. 0.
0.215 0.977 0. -135.592 0.977 -0.215 -0. 614.529 0. 0. -1. 0.
0.221 0.975 0. -135.673 0.975 -0.221 -0. 614.566 0. 0. -1. 0.
0.218 0.976 0. -135.631 0.976 -0.218 -0. 614.517 0. 0. -1. 0.
0.217 0.976 0. -135.644 0.976 -0.217 -0. 614.592 0. 0. -1. 0.
0.217 0.976 0. -135.624 0.976 -0.217 -0. 614.549 0. 0. -1. 0.
0.222 0.975 0. -135.622 0.975 -0.222 -0. 614.580 0. 0. -1. 0.
0.219 0.976 0. -135.621 0.976 -0.219 -0. 614.576 0. 0. -1. 0.
0.218 0.976 0. -135.618 0.976 -0.218 -0. 614.612 0. 0. -1. 0.
0.223 0.975 0. -135.631 0.975 -0.223 -0. 614.553 0. 0. -1. 0.
0.222 0.975 0. -135.645 0.975 -0.222 -0. 614.539 0. 0. -1. 0.
0.216 0.976 0. -135.640 0.976 -0.216 -0. 614.535 0. 0. -1. 0.
0.215 0.977 0. -135.506 0.977 -0.215 -0. 614.660 0. 0. -1. 0.
0.219 0.976 0. -135.533 0.976 -0.219 -0. 614.559 0. 0. -1. 0.
0.224 0.975 0. -135.605 0.975 -0.224 -0. 614.551 0. 0. -1. 0.
0.224 0.975 0. -135.611 0.975 -0.224 -0. 614.547 0. 0. -1. 0.
0.223 0.975 0. -135.547 0.975 -0.223 -0. 614.506 0. 0. -1. 0.
0.214 0.977 0. -135.646 0.977 -0.214 -0. 614.570 0. 0. -1. 0.
0.216 0.976 0. -135.654 0.976 -0.216 -0. 614.608 0. 0. -1. 0.
0.216 0.976 0. -135.566 0.976 -0.216 -0. 614.543 0. 0. -1. 0.
0.221 0.975 0. -135.600 0.975 -0.221 -0. 614.561 0. 0. -1. 0.
0.224 0.975 0. -135.576 0.975 -0.224 -0. 614.551 0. 0. -1. 0.
0.222 0.975 0. -135.550 0.975 -0.222 -0. 614.550 0. 0. -1. 0.
0.218 0.976 0. -135.659 0.976 -0.218 -0. 614.552 0. 0. -1. 0.
0.213 0.977 0. -135.614 0.977 -0.213 -0. 614.571 0. 0. -1. 0.
0.219 0.976 0. -135.597 0.976 -0.219 -0. 614.554 0. 0. -1. 0.
0.222 0.975 0. -135.594 0.975 -0.222 -0. 614.550 0. 0. -1. 0.
0.221 0.975 0. -135.598 0.975 -0.221 -0. 614.569 0. 0. -1. 0.
0.222 0.975 0. -135.613 0.975 -0.222 -0. 614.567 0. 0. -1. 0.
0.216 0.976 0. -135.581 0.976 -0.216 -0. 614.598 0. 0. -1. 0.
0.222 0.975 0. -135.602 0.975 -0.222 -0. 614.612 0. 0. -1. 0.
0.216 0.976 0. -135.628 0.976 -0.216 -0. 614.579 0. 0. -1. 0.
0.220 0.976 0. -135.632 0.976 -0.220 -0. 614.588 0. 0. -1. 0.
0.220 0.975 0. -135.665 0.975 -0.220 -0. 614.559 0. 0. -1. 0.
0.220 0.975 0. -135.646 0.975 -0.220 -0. 614.539 0. 0. -1. 0.
0.219 0.976 0. -135.600 0.976 -0.219 -0. 614.567 0. 0. -1. 0.
0.217 0.976 0. -135.608 0.976 -0.217 -0. 614.519 0. 0. -1. 0.
0.212 0.977 0. -135.607 0.977 -0.212 -0. 614.570 0. 0. -1. 0.
0.216 0.976 0. -135.627 0.976 -0.216 -0. 614.568 0. 0. -1. 0.
0.222 0.975 0. -135.642 0.975 -0.222 -0. 614.550 0. 0. -1. 0.
0.219 0.976 0. -135.468 0.976 -0.219 -0. 614.621 0. 0. -1. 0.
0.213 0.977 0. -135.590 0.977 -0.213 -0. 614.574 0. 0. -1. 0.
0.216 0.976 0. -135.572 0.976 -0.216 -0. 614.564 0. 0. -1. 0.
0.224 0.975 0. -135.603 0.975 -0.224 -0. 614.523 0. 0. -1. 0.
