1620936720162098 1.00000 0.00000 0.00000 -0.00000 0.00000 -1.00000 0.00000 0.00000 0.00000 -0.00000 -1.00000 0.00000
1620936720411139 1.00000 -0.00032 -0.00000 -0.00153 -0.00032 -1.00000 0.00000 -0.00563 -0.00000 -0.00000 -1.00000 -0.00000
1620936720661137 1.00000 -0.00272 0.00000 -0.01585 -0.00272 -1.00000 0.00000 0.00117 -0.00000 -0.00000 -1.00000 0.00000
1620936720911145 1.00000 -0.00199 0.00000 -0.01143 -0.00199 -1.00000 0.00000 0.00095 -0.00000 -0.00000 -1.00000 0.00000
1620936721161773 1.00000 0.00042 0.00000 -0.02622 0.00042 -1.00000 0.00000 0.01707 0.00000 -0.00000 -1.00000 0.00000
1620936721411777 1.00000 0.00112 -0.00000 -0.01999 0.00112 -1.00000 0.00000 -0.00877 0.00000 -0.00000 -1.00000 -0.00000
1620936721662404 1.00000 -0.00058 0.00000 -0.00816 -0.00058 -1.00000 0.00000 -0.00538 -0.00000 -0.00000 -1.00000 -0.00000
1620936721912406 0.99999 0.00434 0.00000 0.00137 0.00434 -0.99999 0.00000 -0.00306 0.00000 -0.00000 -1.00000 -0.00000
1620936722162424 0.99999 0.00391 -0.00000 -0.02184 0.00391 -0.99999 0.00000 0.03108 0.00000 -0.00000 -1.00000 0.00000
1620936722411788 1.00000 -0.00187 0.00000 0.00184 -0.00187 -1.00000 0.00000 -0.01702 -0.00000 -0.00000 -1.00000 -0.00000
1620936722661799 1.00000 -0.00195 0.00000 -0.02093 -0.00195 -1.00000 0.00000 0.00189 -0.00000 -0.00000 -1.00000 0.00000
1620936722911176 1.00000 -0.00263 0.00000 -0.04786 -0.00263 -1.00000 0.00000 0.02639 -0.00000 -0.00000 -1.00000 0.00000
1620936723160557 1.00000 0.00121 0.00000 0.00344 0.00121 -1.00000 0.00000 0.00786 0.00000 -0.00000 -1.00000 0.00000
1620936723409939 1.00000 0.00168 0.00000 -0.01566 0.00168 -1.00000 0.00000 0.01628 0.00000 -0.00000 -1.00000 0.00000
1620936723659941 1.00000 0.00048 0.00000 -0.01217 0.00048 -1.00000 0.00000 -0.01221 0.00000 -0.00000 -1.00000 -0.00000
1620936723910564 1.00000 -0.00160 0.00000 -0.02779 -0.00160 -1.00000 0.00000 -0.00486 -0.00000 -0.00000 -1.00000 -0.00000
1620936724161825 1.00000 0.00016 0.00000 -0.00225 0.00016 -1.00000 0.00000 0.01200 0.00000 -0.00000 -1.00000 0.00000
1620936724411828 0.99999 0.00325 -0.00000 -0.02089 0.00325 -0.99999 0.00000 0.00085 0.00000 -0.00000 -1.00000 0.00000
1620936724662458 1.00000 0.00039 0.00000 -0.01776 0.00039 -1.00000 0.00000 0.00135 0.00000 -0.00000 -1.00000 0.00000
1620936724912461 1.00000 0.00045 -0.00000 -0.00773 0.00045 -1.00000 0.00000 -0.00474 0.00000 -0.00000 -1.00000 -0.00000
1620936725162503 1.00000 -0.00100 0.00000 -0.02309 -0.00100 -1.00000 0.00000 0.01418 -0.00000 -0.00000 -1.00000 0.00000
1620936725411848 0.99999 -0.00455 -0.00000 -0.01652 -0.00455 -0.99999 0.00000 -0.02272 -0.00000 -0.00000 -1.00000 -0.00000
1620936725661226 1.00000 -0.00143 0.00000 -0.00855 -0.00143 -1.00000 0.00000 -0.00517 -0.00000 -0.00000 -1.00000 -0.00000
1620936725911227 1.00000 0.00037 0.00000 -0.00569 0.00037 -1.00000 0.00000 0.01152 0.00000 -0.00000 -1.00000 0.00000
1620936726160607 0.99999 0.00358 0.00000 -0.01743 0.00358 -0.99999 0.00000 0.01552 0.00000 -0.00000 -1.00000 0.00000
1620936726410607 0.99999 0.00350 0.00000 -0.03417 0.00350 -0.99999 0.00000 0.01687 0.00000 -0.00000 -1.00000 0.00000
1620936726661869 1.00000 -0.00050 -0.00000 -0.03615 -0.00050 -1.00000 0.00000 0.03089 -0.00000 -0.00000 -1.00000 0.00000
1620936726912491 0.99998 -0.00554 -0.00000 -0.02529 -0.00554 -0.99998 0.00000 -0.03501 -0.00000 -0.00000 -1.00000 -0.00000
1620936727163120 0.99998 -0.00549 -0.00000 -0.04467 -0.00549 -0.99998 0.00000 -0.02283 -0.00000 -0.00000 -1.00000 -0.00000
1620936727413136 1.00000 -0.00132 0.00000 -0.10782 -0.00132 -1.00000 0.00000 -0.00595 -0.00000 -0.00000 -1.00000 -0.00000
1620936727662501 0.99999 -0.00458 0.00000 -0.16087 -0.00458 -0.99999 0.00000 -0.02558 -0.00000 -0.00000 -1.00000 -0.00000
1620936727911885 0.99999 -0.00518 -0.00000 -0.23990 -0.00518 -0.99999 0.00000 -0.03345 -0.00000 -0.00000 -1.00000 -0.00000
1620936728161264 0.99991 -0.01333 0.00000 -0.45914 -0.01333 -0.99991 0.00000 -0.01705 -0.00000 -0.00000 -1.00000 -0.00000
1620936728410644 0.99953 -0.03065 0.00000 -0.75701 -0.03065 -0.99953 0.00000 -0.04514 -0.00000 -0.00000 -1.00000 -0.00000
1620936728660646 0.99899 -0.04495 0.00000 -1.16533 -0.04495 -0.99899 0.00000 -0.00706 -0.00000 -0.00000 -1.00000 -0.00000
1620936728910649 0.99830 -0.05834 0.00000 -1.64783 -0.05834 -0.99830 0.00000 0.01136 -0.00000 -0.00000 -1.00000 0.00000
1620936729160653 0.99808 -0.06197 0.00000 -2.14645 -0.06197 -0.99808 0.00000 -0.04269 -0.00000 -0.00000 -1.00000 -0.00000
1620936729411909 0.99758 -0.06956 0.00000 -2.86867 -0.06956 -0.99758 0.00000 0.02947 -0.00000 -0.00000 -1.00000 0.00000
1620936729662540 0.99674 -0.08068 0.00000 -3.63711 -0.08068 -0.99674 0.00000 -0.00662 -0.00000 -0.00000 -1.00000 -0.00000
1620936729913170 0.99548 -0.09493 0.00000 -4.38958 -0.09493 -0.99548 0.00000 0.04802 -0.00000 -0.00000 -1.00000 0.00000
1620936730163181 0.99475 -0.10233 -0.00000 -5.30929 -0.10233 -0.99475 0.00000 0.13471 -0.00000 -0.00000 -1.00000 0.00000
1620936730413172 0.99409 -0.10853 0.00000 -6.25520 -0.10853 -0.99409 0.00000 0.17978 -0.00000 -0.00000 -1.00000 0.00000
1620936730662555 0.99378 -0.11134 0.00000 -7.28254 -0.11134 -0.99378 0.00000 0.22720 -0.00000 -0.00000 -1.00000 0.00000
1620936730911932 0.99305 -0.11773 0.00000 -8.36443 -0.11773 -0.99305 0.00000 0.32955 -0.00000 -0.00000 -1.00000 0.00000
1620936731161314 0.99146 -0.13040 -0.00000 -9.49395 -0.13040 -0.99146 0.00000 0.29244 -0.00000 -0.00000 -1.00000 0.00000
1620936731410692 0.99015 -0.14000 0.00000 -10.63758 -0.14000 -0.99015 0.00000 0.37622 -0.00000 -0.00000 -1.00000 0.00000
1620936731660072 0.99002 -0.14090 0.00000 -11.84046 -0.14090 -0.99002 0.00000 0.35843 -0.00000 -0.00000 -1.00000 0.00000
1620936731910078 0.99080 -0.13532 0.00000 -13.11705 -0.13532 -0.99080 0.00000 0.32820 -0.00000 -0.00000 -1.00000 0.00000
1620936732160079 0.99170 -0.12854 0.00000 -14.39408 -0.12854 -0.99170 0.00000 0.20724 -0.00000 -0.00000 -1.00000 0.00000
1620936732411331 0.99178 -0.12799 0.00000 -15.80665 -0.12799 -0.99178 0.00000 0.23973 -0.00000 -0.00000 -1.00000 0.00000
1620936732661966 0.99234 -0.12351 0.00000 -17.18256 -0.12351 -0.99234 0.00000 0.06718 -0.00000 -0.00000 -1.00000 0.00000
1620936732912587 0.99265 -0.12100 0.00000 -18.70585 -0.12100 -0.99265 0.00000 -0.00472 -0.00000 -0.00000 -1.00000 -0.00000
1620936733163250 0.99341 -0.11465 0.00000 -20.30262 -0.11465 -0.99341 0.00000 -0.18298 -0.00000 -0.00000 -1.00000 -0.00000
1620936733412604 0.99440 -0.10568 0.00000 -21.89049 -0.10568 -0.99440 0.00000 -0.50107 -0.00000 -0.00000 -1.00000 -0.00000
1620936733662606 0.99514 -0.09846 0.00000 -23.49206 -0.09846 -0.99514 0.00000 -0.60787 -0.00000 -0.00000 -1.00000 -0.00000
1620936733911354 0.99645 -0.08417 0.00000 -25.23973 -0.08417 -0.99645 0.00000 -1.06086 -0.00000 -0.00000 -1.00000 -0.00000
1620936734160732 0.99757 -0.06970 0.00000 -26.95295 -0.06970 -0.99757 0.00000 -1.42941 -0.00000 -0.00000 -1.00000 -0.00000
1620936734410739 0.99852 -0.05439 -0.00000 -28.69520 -0.05439 -0.99852 0.00000 -1.87574 -0.00000 -0.00000 -1.00000 -0.00000
1620936734660746 0.99930 -0.03734 -0.00000 -30.48054 -0.03734 -0.99930 0.00000 -2.49033 -0.00000 -0.00000 -1.00000 -0.00000
1620936734911375 0.99973 -0.02334 0.00000 -32.26684 -0.02334 -0.99973 0.00000 -2.91919 -0.00000 -0.00000 -1.00000 -0.00000
1620936735162622 0.99996 -0.00861 -0.00000 -34.16395 -0.00861 -0.99996 0.00000 -3.31050 -0.00000 -0.00000 -1.00000 -0.00000
1620936735413254 1.00000 0.00063 0.00000 -35.88969 0.00063 -1.00000 0.00000 -3.59016 0.00000 -0.00000 -1.00000 -0.00000
1620936735662632 0.99983 0.01866 -0.00000 -37.72979 0.01866 -0.99983 0.00000 -4.26576 0.00000 -0.00000 -1.00000 -0.00000
1620936735912014 0.99955 0.02998 0.00000 -39.69846 0.02998 -0.99955 0.00000 -4.79134 0.00000 -0.00000 -1.00000 -0.00000
1620936736162019 0.99936 0.03582 0.00000 -41.63359 0.03582 -0.99936 0.00000 -5.03290 0.00000 -0.00000 -1.00000 -0.00000
1620936736411400 0.99922 0.03944 0.00000 -43.69574 0.03944 -0.99922 0.00000 -5.31259 0.00000 -0.00000 -1.00000 -0.00000
1620936736660156 0.99885 0.04784 0.00000 -45.69031 0.04784 -0.99885 0.00000 -5.67621 0.00000 -0.00000 -1.00000 -0.00000
1620936736910155 0.99871 0.05077 0.00000 -47.82474 0.05077 -0.99871 0.00000 -5.82512 0.00000 -0.00000 -1.00000 -0.00000
1620936737160789 0.99897 0.04541 0.00000 -50.02264 0.04541 -0.99897 0.00000 -5.55904 0.00000 -0.00000 -1.00000 -0.00000
1620936737411413 0.99895 0.04581 -0.00000 -52.20452 0.04581 -0.99895 0.00000 -5.53556 0.00000 -0.00000 -1.00000 -0.00000
1620936737662045 0.99880 0.04907 0.00000 -54.41208 0.04907 -0.99880 0.00000 -5.97606 0.00000 -0.00000 -1.00000 -0.00000
1620936737912672 0.99889 0.04717 0.00000 -56.63108 0.04717 -0.99889 0.00000 -5.87328 0.00000 -0.00000 -1.00000 -0.00000
1620936738163314 0.99915 0.04125 0.00000 -58.89404 0.04125 -0.99915 0.00000 -5.53145 0.00000 -0.00000 -1.00000 -0.00000
1620936738412682 0.99893 0.04632 0.00000 -61.07986 0.04632 -0.99893 0.00000 -5.93272 0.00000 -0.00000 -1.00000 -0.00000
1620936738662065 0.99901 0.04458 0.00000 -63.28517 0.04458 -0.99901 0.00000 -5.77217 0.00000 -0.00000 -1.00000 -0.00000
1620936738911437 0.99903 0.04404 0.00000 -65.48285 0.04404 -0.99903 0.00000 -5.82711 0.00000 -0.00000 -1.00000 -0.00000
1620936739160820 0.99903 0.04393 0.00000 -67.67792 0.04393 -0.99903 0.00000 -5.85498 0.00000 -0.00000 -1.00000 -0.00000
1620936739410824 0.99943 0.03371 0.00000 -69.88987 0.03371 -0.99943 0.00000 -4.97273 0.00000 -0.00000 -1.00000 -0.00000
1620936739660831 0.99957 0.02923 0.00000 -72.07026 0.02923 -0.99957 0.00000 -4.73258 0.00000 -0.00000 -1.00000 -0.00000
1620936739910829 0.99958 0.02902 0.00000 -74.30401 0.02902 -0.99958 0.00000 -4.73935 0.00000 -0.00000 -1.00000 -0.00000
1620936740161456 0.99980 0.02023 0.00000 -76.49055 0.02023 -0.99980 0.00000 -4.09299 0.00000 -0.00000 -1.00000 -0.00000
1620936740412087 0.99999 0.00367 0.00000 -78.68177 0.00367 -0.99999 0.00000 -2.85290 0.00000 -0.00000 -1.00000 -0.00000
1620936740662719 0.99989 -0.01497 0.00000 -80.91709 -0.01497 -0.99989 0.00000 -1.49856 -0.00000 -0.00000 -1.00000 -0.00000
1620936740913343 0.99901 -0.04453 0.00000 -83.13524 -0.04453 -0.99901 0.00000 0.89247 -0.00000 -0.00000 -1.00000 0.00000
1620936741163355 0.99656 -0.08282 -0.00000 -85.05770 -0.08282 -0.99656 0.00000 4.16492 -0.00000 -0.00000 -1.00000 0.00000
1620936741412731 0.99104 -0.13354 0.00000 -86.78002 -0.13354 -0.99104 0.00000 8.52429 -0.00000 -0.00000 -1.00000 0.00000
1620936741662108 0.98459 -0.17489 0.00000 -88.47169 -0.17489 -0.98459 0.00000 12.09553 -0.00000 -0.00000 -1.00000 0.00000
1620936741911487 0.97563 -0.21942 0.00000 -89.94206 -0.21942 -0.97563 0.00000 16.11139 -0.00000 -0.00000 -1.00000 0.00000
1620936742160865 0.96246 -0.27143 -0.00000 -90.98169 -0.27143 -0.96246 0.00000 20.87037 -0.00000 -0.00000 -1.00000 0.00000
1620936742410244 0.94890 -0.31558 0.00000 -91.93088 -0.31558 -0.94890 0.00000 24.96073 -0.00000 -0.00000 -1.00000 0.00000
1620936742660253 0.92958 -0.36862 -0.00000 -92.40001 -0.36862 -0.92958 0.00000 30.18934 -0.00000 -0.00000 -1.00000 0.00000
1620936742910877 0.90630 -0.42263 0.00000 -92.54096 -0.42263 -0.90630 0.00000 35.59222 -0.00000 -0.00000 -1.00000 0.00000
1620936743161508 0.87961 -0.47569 0.00000 -92.24318 -0.47569 -0.87961 0.00000 41.16461 -0.00000 -0.00000 -1.00000 0.00000
1620936743412138 0.84249 -0.53872 0.00000 -91.07529 -0.53872 -0.84249 0.00000 47.76174 -0.00000 -0.00000 -1.00000 0.00000
1620936743662760 0.79914 -0.60115 0.00000 -89.20555 -0.60115 -0.79914 0.00000 54.76185 -0.00000 -0.00000 -1.00000 0.00000
1620936743912767 0.75263 -0.65844 -0.00000 -86.81358 -0.65844 -0.75263 0.00000 61.04883 -0.00000 -0.00000 -1.00000 0.00000
1620936744162770 0.69362 -0.72035 0.00000 -83.26694 -0.72035 -0.69362 0.00000 68.11404 -0.00000 -0.00000 -1.00000 0.00000
1620936744412147 0.63636 -0.77139 0.00000 -79.62344 -0.77139 -0.63636 0.00000 74.43267 -0.00000 -0.00000 -1.00000 0.00000
1620936744661534 0.57696 -0.81677 0.00000 -75.68578 -0.81677 -0.57696 0.00000 80.02879 -0.00000 -0.00000 -1.00000 0.00000
1620936744910907 0.52051 -0.85386 0.00000 -71.99840 -0.85386 -0.52051 0.00000 84.92094 -0.00000 -0.00000 -1.00000 0.00000
1620936745160293 0.46339 -0.88615 0.00000 -68.09755 -0.88615 -0.46339 0.00000 89.38513 -0.00000 -0.00000 -1.00000 0.00000
1620936745410295 0.41920 -0.90789 -0.00000 -65.39232 -0.90789 -0.41920 0.00000 92.76631 -0.00000 -0.00000 -1.00000 0.00000
1620936745660300 0.38740 -0.92191 0.00000 -64.05291 -0.92191 -0.38740 0.00000 94.83825 -0.00000 -0.00000 -1.00000 0.00000
1620936745910923 0.37128 -0.92852 -0.00000 -64.25177 -0.92852 -0.37128 0.00000 95.83483 -0.00000 -0.00000 -1.00000 0.00000
1620936746161566 0.36199 -0.93218 0.00000 -65.20749 -0.93218 -0.36199 0.00000 96.54202 -0.00000 -0.00000 -1.00000 0.00000
1620936746412810 0.35717 -0.93404 -0.00000 -66.54541 -0.93404 -0.35717 0.00000 96.96990 -0.00000 -0.00000 -1.00000 0.00000
1620936746662817 0.36412 -0.93135 0.00000 -69.14662 -0.93135 -0.36412 0.00000 96.46290 -0.00000 -0.00000 -1.00000 0.00000
1620936746912822 0.37213 -0.92818 0.00000 -71.91239 -0.92818 -0.37213 0.00000 95.75278 -0.00000 -0.00000 -1.00000 0.00000
1620936747162817 0.37200 -0.92823 -0.00000 -73.90299 -0.92823 -0.37200 0.00000 95.85290 -0.00000 -0.00000 -1.00000 0.00000
1620936747412195 0.37897 -0.92541 0.00000 -76.56843 -0.92541 -0.37897 0.00000 95.29971 -0.00000 -0.00000 -1.00000 0.00000
1620936747661571 0.38453 -0.92311 0.00000 -79.19666 -0.92311 -0.38453 0.00000 94.86379 -0.00000 -0.00000 -1.00000 0.00000
1620936747910959 0.39684 -0.91789 0.00000 -82.39010 -0.91789 -0.39684 0.00000 93.75754 -0.00000 -0.00000 -1.00000 0.00000
1620936748160334 0.40886 -0.91260 -0.00000 -85.61211 -0.91260 -0.40886 0.00000 92.49885 -0.00000 -0.00000 -1.00000 0.00000
1620936748410967 0.41959 -0.90772 0.00000 -88.69730 -0.90772 -0.41959 0.00000 91.49024 -0.00000 -0.00000 -1.00000 0.00000
1620936748660973 0.43844 -0.89876 0.00000 -92.56520 -0.89876 -0.43844 0.00000 89.50498 -0.00000 -0.00000 -1.00000 0.00000
1620936748911604 0.45393 -0.89104 0.00000 -96.05404 -0.89104 -0.45393 0.00000 87.78717 -0.00000 -0.00000 -1.00000 0.00000
1620936749162853 0.46871 -0.88335 0.00000 -99.48111 -0.88335 -0.46871 0.00000 86.33110 -0.00000 -0.00000 -1.00000 0.00000
1620936749412858 0.48689 -0.87346 0.00000 -103.13306 -0.87346 -0.48689 0.00000 84.08542 -0.00000 -0.00000 -1.00000 0.00000
1620936749663487 0.49666 -0.86794 0.00000 -105.96410 -0.86794 -0.49666 0.00000 82.92027 -0.00000 -0.00000 -1.00000 0.00000
1620936749913491 0.50725 -0.86180 0.00000 -108.75319 -0.86180 -0.50725 0.00000 81.58192 -0.00000 -0.00000 -1.00000 0.00000
1620936750162237 0.51674 -0.85614 0.00000 -111.44451 -0.85614 -0.51674 0.00000 80.29726 -0.00000 -0.00000 -1.00000 0.00000
1620936750412254 0.51726 -0.85583 0.00000 -113.28938 -0.85583 -0.51726 0.00000 80.28860 -0.00000 -0.00000 -1.00000 0.00000
1620936750661628 0.52878 -0.84876 0.00000 -115.91461 -0.84876 -0.52878 0.00000 78.59495 -0.00000 -0.00000 -1.00000 0.00000
1620936750911634 0.52918 -0.84851 0.00000 -117.80212 -0.84851 -0.52918 0.00000 78.68765 -0.00000 -0.00000 -1.00000 0.00000
1620936751161631 0.53424 -0.84533 -0.00000 -119.85603 -0.84533 -0.53424 0.00000 78.00006 -0.00000 -0.00000 -1.00000 0.00000
1620936751411638 0.54437 -0.83885 0.00000 -122.33685 -0.83885 -0.54437 0.00000 76.50028 -0.00000 -0.00000 -1.00000 0.00000
1620936751662276 0.54512 -0.83836 0.00000 -124.02950 -0.83836 -0.54512 0.00000 76.33001 -0.00000 -0.00000 -1.00000 0.00000
1620936751912899 0.55289 -0.83325 0.00000 -126.29454 -0.83325 -0.55289 0.00000 75.12998 -0.00000 -0.00000 -1.00000 0.00000
1620936752163522 0.55749 -0.83018 0.00000 -128.20521 -0.83018 -0.55749 0.00000 74.47538 -0.00000 -0.00000 -1.00000 0.00000
1620936752413527 0.57043 -0.82135 0.00000 -130.80930 -0.82135 -0.57043 0.00000 72.42775 -0.00000 -0.00000 -1.00000 0.00000
1620936752663535 0.58828 -0.80866 0.00000 -133.83578 -0.80866 -0.58828 0.00000 69.57948 -0.00000 -0.00000 -1.00000 0.00000
1620936752912915 0.62178 -0.78319 0.00000 -138.04374 -0.78319 -0.62178 0.00000 63.82863 -0.00000 -0.00000 -1.00000 0.00000
1620936753162292 0.65773 -0.75325 0.00000 -142.26950 -0.75325 -0.65773 0.00000 57.25342 -0.00000 -0.00000 -1.00000 0.00000
1620936753411672 0.69772 -0.71637 0.00000 -146.48450 -0.71637 -0.69772 0.00000 49.60449 -0.00000 -0.00000 -1.00000 0.00000
1620936753661051 0.74959 -0.66190 -0.00000 -150.90021 -0.66190 -0.74959 0.00000 38.51456 -0.00000 -0.00000 -1.00000 0.00000
1620936753911060 0.80530 -0.59287 0.00000 -155.10335 -0.59287 -0.80530 0.00000 24.81526 -0.00000 -0.00000 -1.00000 0.00000
1620936754161063 0.86019 -0.50997 -0.00000 -157.95559 -0.50997 -0.86019 0.00000 9.30729 -0.00000 -0.00000 -1.00000 0.00000
1620936754411684 0.91254 -0.40898 -0.00000 -159.17514 -0.40898 -0.91254 0.00000 -8.74847 -0.00000 -0.00000 -1.00000 -0.00000
1620936754662321 0.95885 -0.28390 0.00000 -157.72943 -0.28390 -0.95885 0.00000 -29.90562 -0.00000 -0.00000 -1.00000 -0.00000
1620936754912944 0.98995 -0.14143 -0.00000 -152.78698 -0.14143 -0.98995 0.00000 -52.47984 -0.00000 -0.00000 -1.00000 -0.00000
1620936755163575 1.00000 0.00287 -0.00000 -144.78457 0.00287 -1.00000 0.00000 -73.93065 0.00000 -0.00000 -1.00000 -0.00000
1620936755412957 0.98690 0.16136 0.00000 -132.21291 0.16136 -0.98690 0.00000 -96.04954 0.00000 -0.00000 -1.00000 -0.00000
1620936755662334 0.94532 0.32613 0.00000 -115.13321 0.32613 -0.94532 0.00000 -116.98143 0.00000 -0.00000 -1.00000 -0.00000
1620936755912337 0.87604 0.48224 -0.00000 -94.62234 0.48224 -0.87604 0.00000 -134.77414 0.00000 -0.00000 -1.00000 -0.00000
1620936756161716 0.77653 0.63008 0.00000 -70.22391 0.63008 -0.77653 0.00000 -149.39955 0.00000 -0.00000 -1.00000 -0.00000
1620936756411721 0.65026 0.75971 -0.00000 -43.11960 0.75971 -0.65026 0.00000 -159.53954 0.00000 -0.00000 -1.00000 -0.00000
1620936756661725 0.50225 0.86472 -0.00000 -14.53209 0.86472 -0.50225 0.00000 -164.69180 0.00000 -0.00000 -1.00000 -0.00000
1620936756912348 0.34177 0.93978 0.00000 13.79572 0.93978 -0.34177 0.00000 -164.73206 0.00000 -0.00000 -1.00000 -0.00000
1620936757162988 0.17223 0.98506 0.00000 41.29884 0.98506 -0.17223 0.00000 -159.63694 0.00000 -0.00000 -1.00000 -0.00000
1620936757413624 0.00044 1.00000 0.00000 67.17060 1.00000 -0.00044 0.00000 -150.18826 0.00000 -0.00000 -1.00000 -0.00000
1620936757663610 -0.17201 0.98510 -0.00000 91.15395 0.98510 0.17201 0.00000 -136.22353 0.00000 0.00000 -1.00000 -0.00000
1620936757913623 -0.33734 0.94138 0.00000 112.13221 0.94138 0.33734 0.00000 -118.66755 0.00000 0.00000 -1.00000 -0.00000
1620936758162996 -0.47643 0.87921 0.00000 127.79730 0.87921 0.47643 0.00000 -100.28918 0.00000 0.00000 -1.00000 -0.00000
1620936758412377 -0.59873 0.80095 0.00000 140.00360 0.80095 0.59873 0.00000 -80.60413 0.00000 0.00000 -1.00000 -0.00000
1620936758662386 -0.68893 0.72483 0.00000 147.34591 0.72483 0.68893 0.00000 -63.64359 0.00000 0.00000 -1.00000 -0.00000
1620936758912388 -0.76759 0.64094 0.00000 152.67806 0.64094 0.76759 0.00000 -46.12790 0.00000 0.00000 -1.00000 -0.00000
1620936759161767 -0.82334 0.56755 0.00000 155.01091 0.56755 0.82334 0.00000 -31.91206 0.00000 0.00000 -1.00000 -0.00000
1620936759411767 -0.86396 0.50356 0.00000 155.77532 0.50356 0.86396 0.00000 -20.14888 0.00000 0.00000 -1.00000 -0.00000
1620936759661767 -0.89525 0.44556 0.00000 155.46560 0.44556 0.89525 0.00000 -9.86245 0.00000 0.00000 -1.00000 -0.00000
1620936759912401 -0.91519 0.40302 0.00000 154.34731 0.40302 0.91519 0.00000 -2.44806 0.00000 0.00000 -1.00000 -0.00000
1620936760163037 -0.92090 0.38980 0.00000 153.05907 0.38980 0.92090 0.00000 -0.22232 0.00000 0.00000 -1.00000 -0.00000
1620936760413037 -0.92192 0.38739 0.00000 151.69642 0.38739 0.92192 0.00000 0.23385 0.00000 0.00000 -1.00000 0.00000
1620936760663044 -0.91200 0.41018 -0.00000 150.18916 0.41018 0.91200 0.00000 -3.60489 0.00000 0.00000 -1.00000 -0.00000
1620936760912416 -0.90277 0.43012 0.00000 148.60458 0.43012 0.90277 0.00000 -6.85513 0.00000 0.00000 -1.00000 -0.00000
1620936761161796 -0.89098 0.45404 0.00000 146.82942 0.45404 0.89098 0.00000 -10.93666 0.00000 0.00000 -1.00000 -0.00000
1620936761411179 -0.87368 0.48651 0.00000 144.77229 0.48651 0.87368 0.00000 -16.40798 0.00000 0.00000 -1.00000 -0.00000
1620936761661183 -0.84906 0.52830 0.00000 142.26376 0.52830 0.84906 0.00000 -23.36332 0.00000 0.00000 -1.00000 -0.00000
1620936761911185 -0.82508 0.56502 0.00000 139.39368 0.56502 0.82508 0.00000 -29.69420 0.00000 0.00000 -1.00000 -0.00000
1620936762161195 -0.79424 0.60760 0.00000 135.95511 0.60760 0.79424 0.00000 -36.98628 0.00000 0.00000 -1.00000 -0.00000
1620936762411823 -0.76229 0.64723 0.00000 132.22327 0.64723 0.76229 0.00000 -43.86135 0.00000 0.00000 -1.00000 -0.00000
1620936762663067 -0.72409 0.68971 0.00000 127.78124 0.68971 0.72409 0.00000 -51.22775 0.00000 0.00000 -1.00000 -0.00000
1620936762913078 -0.68861 0.72513 0.00000 123.28865 0.72513 0.68861 0.00000 -57.69840 0.00000 0.00000 -1.00000 -0.00000
1620936763163083 -0.64320 0.76570 0.00000 117.74493 0.76570 0.64320 0.00000 -65.08944 0.00000 0.00000 -1.00000 -0.00000
1620936763413086 -0.59630 0.80276 0.00000 111.80486 0.80276 0.59630 0.00000 -71.94739 0.00000 0.00000 -1.00000 -0.00000
1620936763662468 -0.55434 0.83229 0.00000 106.23850 0.83229 0.55434 0.00000 -77.62088 0.00000 0.00000 -1.00000 -0.00000
1620936763911840 -0.51434 0.85759 0.00000 100.48868 0.85759 0.51434 0.00000 -82.60619 0.00000 0.00000 -1.00000 -0.00000
1620936764161217 -0.48439 0.87485 0.00000 95.77086 0.87485 0.48439 0.00000 -86.10635 0.00000 0.00000 -1.00000 -0.00000
1620936764411227 -0.45204 0.89200 0.00000 90.66491 0.89200 0.45204 0.00000 -89.51543 0.00000 0.00000 -1.00000 -0.00000
1620936764661231 -0.42825 0.90366 0.00000 86.47672 0.90366 0.42825 0.00000 -92.06186 0.00000 0.00000 -1.00000 -0.00000
1620936764911858 -0.40633 0.91373 0.00000 82.17170 0.91373 0.40633 0.00000 -94.08256 0.00000 0.00000 -1.00000 -0.00000
1620936765163111 -0.38932 0.92110 0.00000 78.53850 0.92110 0.38932 0.00000 -95.56306 0.00000 0.00000 -1.00000 -0.00000
1620936765413739 -0.37234 0.92810 -0.00000 74.84743 0.92810 0.37234 0.00000 -97.23200 0.00000 0.00000 -1.00000 -0.00000
1620936765663116 -0.36984 0.92909 0.00000 72.67726 0.92909 0.36984 0.00000 -97.38264 0.00000 0.00000 -1.00000 -0.00000
1620936765913129 -0.35640 0.93434 0.00000 69.32478 0.93434 0.35640 0.00000 -98.50265 0.00000 0.00000 -1.00000 -0.00000
1620936766161873 -0.35827 0.93362 0.00000 67.45173 0.93362 0.35827 0.00000 -98.16729 0.00000 0.00000 -1.00000 -0.00000
1620936766411884 -0.35576 0.93458 0.00000 65.24849 0.93458 0.35576 0.00000 -98.56760 0.00000 0.00000 -1.00000 -0.00000
1620936766661264 -0.37650 0.92641 -0.00000 65.34427 0.92641 0.37650 0.00000 -96.91199 0.00000 0.00000 -1.00000 -0.00000
1620936766911264 -0.40134 0.91593 0.00000 65.92138 0.91593 0.40134 0.00000 -95.20476 0.00000 0.00000 -1.00000 -0.00000
1620936767161890 -0.44086 0.89758 0.00000 67.95588 0.89758 0.44086 0.00000 -92.25274 0.00000 0.00000 -1.00000 -0.00000
1620936767412525 -0.48079 0.87683 0.00000 69.95243 0.87683 0.48079 0.00000 -89.16719 0.00000 0.00000 -1.00000 -0.00000
1620936767663153 -0.52244 0.85268 0.00000 72.05951 0.85268 0.52244 0.00000 -85.87254 0.00000 0.00000 -1.00000 -0.00000
1620936767913785 -0.56850 0.82268 0.00000 74.58852 0.82268 0.56850 0.00000 -81.86187 0.00000 0.00000 -1.00000 -0.00000
1620936768164408 -0.61439 0.78900 0.00000 77.12345 0.78900 0.61439 0.00000 -77.54394 0.00000 0.00000 -1.00000 -0.00000
1620936768413789 -0.66964 0.74269 0.00000 80.51676 0.74269 0.66964 0.00000 -71.98526 0.00000 0.00000 -1.00000 -0.00000
1620936768663794 -0.72592 0.68778 0.00000 83.76124 0.68778 0.72592 0.00000 -65.35643 0.00000 0.00000 -1.00000 -0.00000
1620936768913173 -0.77788 0.62841 0.00000 86.52543 0.62841 0.77788 0.00000 -58.56126 0.00000 0.00000 -1.00000 -0.00000
1620936769162544 -0.82511 0.56498 0.00000 88.84763 0.56498 0.82511 0.00000 -51.70152 0.00000 0.00000 -1.00000 -0.00000
1620936769412556 -0.86036 0.50969 0.00000 89.94498 0.50969 0.86036 0.00000 -45.73736 0.00000 0.00000 -1.00000 -0.00000
1620936769661937 -0.89623 0.44359 0.00000 91.09972 0.44359 0.89623 0.00000 -38.98798 0.00000 0.00000 -1.00000 -0.00000
1620936769911942 -0.92307 0.38464 0.00000 91.43968 0.38464 0.92307 0.00000 -32.96746 0.00000 0.00000 -1.00000 -0.00000
1620936770161947 -0.94791 0.31853 0.00000 91.58143 0.31853 0.94791 0.00000 -26.54607 0.00000 0.00000 -1.00000 -0.00000
1620936770411951 -0.97015 0.24249 0.00000 91.32325 0.24249 0.97015 0.00000 -19.31879 0.00000 0.00000 -1.00000 -0.00000
1620936770663196 -0.98504 0.17234 0.00000 90.23472 0.17234 0.98504 0.00000 -12.75168 0.00000 0.00000 -1.00000 -0.00000
1620936770913830 -0.99346 0.11415 0.00000 88.74326 0.11415 0.99346 0.00000 -7.49440 0.00000 0.00000 -1.00000 -0.00000
1620936771163830 -0.99810 0.06169 0.00000 86.79162 0.06169 0.99810 0.00000 -2.75696 0.00000 0.00000 -1.00000 -0.00000
1620936771413841 -0.99977 0.02163 -0.00000 84.66236 0.02163 0.99977 0.00000 0.81195 0.00000 0.00000 -1.00000 0.00000
1620936771663844 -0.99994 0.01093 0.00000 82.53778 0.01093 0.99994 0.00000 1.68022 0.00000 0.00000 -1.00000 0.00000
1620936771913223 -1.00000 0.00118 -0.00000 80.32190 0.00118 1.00000 0.00000 2.51706 0.00000 0.00000 -1.00000 0.00000
1620936772162597 -0.99998 -0.00607 -0.00000 78.09812 -0.00607 0.99998 0.00000 3.07261 -0.00000 0.00000 -1.00000 0.00000
1620936772411978 -0.99990 -0.01395 -0.00000 75.77965 -0.01395 0.99990 0.00000 3.67380 -0.00000 0.00000 -1.00000 0.00000
1620936772661355 -0.99988 -0.01572 -0.00000 73.52599 -0.01572 0.99988 0.00000 3.71483 -0.00000 0.00000 -1.00000 0.00000
1620936772911361 -0.99993 -0.01224 0.00000 71.25153 -0.01224 0.99993 0.00000 3.42728 -0.00000 0.00000 -1.00000 0.00000
1620936773161410 -0.99984 -0.01810 0.00000 68.95371 -0.01810 0.99984 0.00000 3.81407 -0.00000 0.00000 -1.00000 0.00000
1620936773411998 -0.99982 -0.01873 0.00000 66.66423 -0.01873 0.99982 0.00000 3.90879 -0.00000 0.00000 -1.00000 0.00000
1620936773662626 -0.99986 -0.01690 0.00000 64.37381 -0.01690 0.99986 0.00000 3.75327 -0.00000 0.00000 -1.00000 0.00000
1620936773913256 -0.99986 -0.01680 0.00000 62.07832 -0.01680 0.99986 0.00000 3.56900 -0.00000 0.00000 -1.00000 0.00000
1620936774163886 -0.99977 -0.02148 0.00000 59.83328 -0.02148 0.99977 0.00000 3.76716 -0.00000 0.00000 -1.00000 0.00000
1620936774414513 -0.99961 -0.02777 0.00000 57.50389 -0.02777 0.99961 0.00000 4.14611 -0.00000 0.00000 -1.00000 0.00000
1620936774663892 -0.99913 -0.04159 0.00000 55.24689 -0.04159 0.99913 0.00000 4.81432 -0.00000 0.00000 -1.00000 0.00000
1620936774913897 -0.99916 -0.04102 0.00000 52.96248 -0.04102 0.99916 0.00000 4.96068 -0.00000 0.00000 -1.00000 0.00000
1620936775163275 -0.99855 -0.05380 0.00000 50.70022 -0.05380 0.99855 0.00000 5.47865 -0.00000 0.00000 -1.00000 0.00000
1620936775412655 -0.99863 -0.05238 -0.00000 48.47517 -0.05238 0.99863 0.00000 5.41425 -0.00000 0.00000 -1.00000 0.00000
1620936775662034 -0.99881 -0.04871 -0.00000 46.38266 -0.04871 0.99881 0.00000 5.16927 -0.00000 0.00000 -1.00000 0.00000
1620936775912035 -0.99955 -0.03012 0.00000 44.29458 -0.03012 0.99955 0.00000 4.32805 -0.00000 0.00000 -1.00000 0.00000
1620936776162040 -0.99986 -0.01681 0.00000 42.22747 -0.01681 0.99986 0.00000 3.68404 -0.00000 0.00000 -1.00000 0.00000
1620936776412669 -1.00000 0.00185 0.00000 40.13865 0.00185 1.00000 0.00000 2.82470 0.00000 0.00000 -1.00000 0.00000
1620936776663299 -0.99976 0.02188 0.00000 38.06362 0.02188 0.99976 0.00000 2.07645 0.00000 0.00000 -1.00000 0.00000
1620936776913302 -0.99941 0.03439 0.00000 35.87536 0.03439 0.99941 0.00000 1.58675 0.00000 0.00000 -1.00000 0.00000
1620936777163305 -0.99893 0.04627 0.00000 33.81273 0.04627 0.99893 0.00000 1.12653 0.00000 0.00000 -1.00000 0.00000
1620936777412687 -0.99819 0.06018 0.00000 31.63793 0.06018 0.99819 0.00000 0.68880 0.00000 0.00000 -1.00000 0.00000
1620936777662070 -0.99761 0.06909 0.00000 29.46741 0.06909 0.99761 0.00000 0.13989 0.00000 0.00000 -1.00000 0.00000
1620936777912076 -0.99637 0.08509 0.00000 27.18601 0.08509 0.99637 0.00000 -0.24659 0.00000 0.00000 -1.00000 -0.00000
1620936778161463 -0.99645 0.08417 0.00000 25.07236 0.08417 0.99645 0.00000 -0.44452 0.00000 0.00000 -1.00000 -0.00000
1620936778412077 -0.99524 0.09744 0.00000 22.78359 0.09744 0.99524 0.00000 -0.65979 0.00000 0.00000 -1.00000 -0.00000
1620936778662703 -0.99537 0.09612 0.00000 20.57725 0.09612 0.99537 0.00000 -0.78094 0.00000 0.00000 -1.00000 -0.00000
1620936778913340 -0.99568 0.09287 0.00000 18.30349 0.09287 0.99568 0.00000 -0.71530 0.00000 0.00000 -1.00000 -0.00000
1620936779163964 -0.99518 0.09807 -0.00000 16.10545 0.09807 0.99518 0.00000 -0.76877 0.00000 0.00000 -1.00000 -0.00000
1620936779413342 -0.99536 0.09627 0.00000 13.78823 0.09627 0.99536 0.00000 -0.83308 0.00000 0.00000 -1.00000 -0.00000
1620936779662718 -0.99523 0.09756 0.00000 11.51925 0.09756 0.99523 0.00000 -0.76108 0.00000 0.00000 -1.00000 -0.00000
1620936779912098 -0.99536 0.09627 0.00000 9.29236 0.09627 0.99536 0.00000 -0.71843 0.00000 0.00000 -1.00000 -0.00000
1620936780161483 -0.99612 0.08797 0.00000 7.07910 0.08797 0.99612 0.00000 -0.61261 0.00000 0.00000 -1.00000 -0.00000
1620936780411489 -0.99654 0.08314 0.00000 4.78244 0.08314 0.99654 0.00000 -0.75241 0.00000 0.00000 -1.00000 -0.00000
1620936780662116 -0.99693 0.07826 0.00000 2.63686 0.07826 0.99693 0.00000 -0.77759 0.00000 0.00000 -1.00000 -0.00000
1620936780912744 -0.99709 0.07619 0.00000 0.40360 0.07619 0.99709 0.00000 -0.67521 0.00000 0.00000 -1.00000 -0.00000
1620936781163412 -0.99740 0.07206 0.00000 -1.82543 0.07206 0.99740 0.00000 -0.72084 0.00000 0.00000 -1.00000 -0.00000
1620936781414005 -0.99747 0.07112 0.00000 -4.01767 0.07112 0.99747 0.00000 -0.77981 0.00000 0.00000 -1.00000 -0.00000
1620936781664002 -0.99784 0.06572 0.00000 -6.21387 0.06572 0.99784 0.00000 -0.94962 0.00000 0.00000 -1.00000 -0.00000
1620936781914011 -0.99804 0.06253 0.00000 -8.40768 0.06253 0.99804 0.00000 -0.90333 0.00000 0.00000 -1.00000 -0.00000
1620936782163393 -0.99854 0.05407 -0.00000 -10.51326 0.05407 0.99854 0.00000 -1.09473 0.00000 0.00000 -1.00000 -0.00000
1620936782412147 -0.99882 0.04850 0.00000 -12.62714 0.04850 0.99882 0.00000 -1.06974 0.00000 0.00000 -1.00000 -0.00000
1620936782662151 -0.99895 0.04579 -0.00000 -14.76753 0.04579 0.99895 0.00000 -1.07906 0.00000 0.00000 -1.00000 -0.00000
1620936782911529 -0.99930 0.03736 0.00000 -16.90217 0.03736 0.99930 0.00000 -1.32136 0.00000 0.00000 -1.00000 -0.00000
1620936783162154 -0.99905 0.04366 0.00000 -19.08835 0.04366 0.99905 0.00000 -1.15843 0.00000 0.00000 -1.00000 -0.00000
1620936783412781 -0.99914 0.04152 0.00000 -21.17989 0.04152 0.99914 0.00000 -1.19782 0.00000 0.00000 -1.00000 -0.00000
1620936783663415 -0.99916 0.04099 0.00000 -23.40300 0.04099 0.99916 0.00000 -1.26891 0.00000 0.00000 -1.00000 -0.00000
1620936783913417 -0.99927 0.03808 0.00000 -25.53617 0.03808 0.99927 0.00000 -1.45234 0.00000 0.00000 -1.00000 -0.00000
1620936784163419 -0.99939 0.03502 0.00000 -27.66618 0.03502 0.99939 0.00000 -1.46546 0.00000 0.00000 -1.00000 -0.00000
1620936784412801 -0.99943 0.03376 0.00000 -29.93472 0.03376 0.99943 0.00000 -1.51693 0.00000 0.00000 -1.00000 -0.00000
1620936784662805 -0.99924 0.03891 0.00000 -31.97755 0.03891 0.99924 0.00000 -1.33280 0.00000 0.00000 -1.00000 -0.00000
1620936784912184 -0.99935 0.03594 -0.00000 -34.19060 0.03594 0.99935 0.00000 -1.43833 0.00000 0.00000 -1.00000 -0.00000
1620936785161561 -0.99958 0.02881 0.00000 -36.36805 0.02881 0.99958 0.00000 -1.72243 0.00000 0.00000 -1.00000 -0.00000
1620936785411569 -0.99950 0.03171 -0.00000 -38.50465 0.03171 0.99950 0.00000 -1.63972 0.00000 0.00000 -1.00000 -0.00000
1620936785662197 -0.99950 0.03152 -0.00000 -40.64788 0.03152 0.99950 0.00000 -1.55752 0.00000 0.00000 -1.00000 -0.00000
1620936785912198 -0.99963 0.02728 0.00000 -42.80736 0.02728 0.99963 0.00000 -1.91223 0.00000 0.00000 -1.00000 -0.00000
1620936786162846 -0.99971 0.02427 0.00000 -44.84772 0.02427 0.99971 0.00000 -2.11574 0.00000 0.00000 -1.00000 -0.00000
1620936786413465 -0.99992 0.01263 0.00000 -46.83081 0.01263 0.99992 0.00000 -2.64099 0.00000 0.00000 -1.00000 -0.00000
1620936786664083 -0.99991 0.01336 0.00000 -48.79124 0.01336 0.99991 0.00000 -2.63445 0.00000 0.00000 -1.00000 -0.00000
1620936786913465 -0.99996 0.00944 0.00000 -50.65532 0.00944 0.99996 0.00000 -2.91668 0.00000 0.00000 -1.00000 -0.00000
1620936787163469 -0.99994 0.01074 0.00000 -52.47324 0.01074 0.99994 0.00000 -2.76572 0.00000 0.00000 -1.00000 -0.00000
1620936787412849 -0.99976 0.02171 0.00000 -54.37563 0.02171 0.99976 0.00000 -2.11595 0.00000 0.00000 -1.00000 -0.00000
1620936787662233 -0.99952 0.03092 0.00000 -56.09719 0.03092 0.99952 0.00000 -1.65251 0.00000 0.00000 -1.00000 -0.00000
1620936787911608 -0.99890 0.04688 0.00000 -57.71349 0.04688 0.99890 0.00000 -0.75504 0.00000 0.00000 -1.00000 -0.00000
1620936788161617 -0.99777 0.06667 0.00000 -59.20071 0.06667 0.99777 0.00000 0.30934 0.00000 0.00000 -1.00000 0.00000
1620936788411616 -0.99630 0.08595 0.00000 -60.62507 0.08595 0.99630 0.00000 1.49314 0.00000 0.00000 -1.00000 0.00000
1620936788662250 -0.99276 0.12008 0.00000 -61.90133 0.12008 0.99276 0.00000 3.56283 0.00000 0.00000 -1.00000 0.00000
1620936788912873 -0.98792 0.15495 -0.00000 -63.04293 0.15495 0.98792 0.00000 5.72539 0.00000 0.00000 -1.00000 0.00000
1620936789162883 -0.97842 0.20663 0.00000 -63.84002 0.20663 0.97842 0.00000 8.81856 0.00000 0.00000 -1.00000 0.00000
1620936789413506 -0.96053 0.27818 0.00000 -64.07066 0.27818 0.96053 0.00000 13.71401 0.00000 0.00000 -1.00000 0.00000
1620936789662885 -0.93644 0.35084 0.00000 -63.91014 0.35084 0.93644 0.00000 18.48014 0.00000 0.00000 -1.00000 0.00000
1620936789912267 -0.90249 0.43071 -0.00000 -63.18698 0.43071 0.90249 0.00000 23.95139 0.00000 0.00000 -1.00000 0.00000
1620936790162266 -0.84774 0.53041 0.00000 -61.11059 0.53041 0.84774 0.00000 31.03881 0.00000 0.00000 -1.00000 0.00000
1620936790411643 -0.77867 0.62743 0.00000 -57.97884 0.62743 0.77867 0.00000 38.03230 0.00000 0.00000 -1.00000 0.00000
1620936790661647 -0.69250 0.72142 0.00000 -53.66629 0.72142 0.69250 0.00000 45.03259 0.00000 0.00000 -1.00000 0.00000
1620936790912276 -0.60013 0.79990 0.00000 -48.80864 0.79990 0.60013 0.00000 51.03245 0.00000 0.00000 -1.00000 0.00000
1620936791162904 -0.49996 0.86605 0.00000 -43.30631 0.86605 0.49996 0.00000 56.54911 0.00000 0.00000 -1.00000 0.00000
1620936791413537 -0.40420 0.91467 0.00000 -37.97102 0.91467 0.40420 0.00000 60.76073 0.00000 0.00000 -1.00000 0.00000
1620936791663544 -0.31073 0.95050 0.00000 -32.77378 0.95050 0.31073 0.00000 64.29280 0.00000 0.00000 -1.00000 0.00000
1620936791913547 -0.21783 0.97599 -0.00000 -27.56785 0.97599 0.21783 0.00000 67.09986 0.00000 0.00000 -1.00000 0.00000
1620936792162297 -0.15227 0.98834 0.00000 -24.15945 0.98834 0.15227 0.00000 68.65260 0.00000 0.00000 -1.00000 0.00000
1620936792411686 -0.10503 0.99447 0.00000 -22.10775 0.99447 0.10503 0.00000 69.66485 0.00000 0.00000 -1.00000 0.00000
1620936792661057 -0.07090 0.99748 0.00000 -20.96164 0.99748 0.07090 0.00000 70.37457 0.00000 0.00000 -1.00000 0.00000
1620936792911062 -0.04591 0.99895 0.00000 -20.50178 0.99895 0.04591 0.00000 70.85413 0.00000 0.00000 -1.00000 0.00000
1620936793161689 -0.03158 0.99950 -0.00000 -20.86889 0.99950 0.03158 0.00000 71.14659 0.00000 0.00000 -1.00000 0.00000
1620936793412326 -0.02486 0.99969 0.00000 -21.87375 0.99969 0.02486 0.00000 71.24142 0.00000 0.00000 -1.00000 0.00000
1620936793662959 -0.01031 0.99995 0.00000 -22.30800 0.99995 0.01031 0.00000 71.52417 0.00000 0.00000 -1.00000 0.00000
1620936793913582 0.00017 1.00000 -0.00000 -23.18275 1.00000 -0.00017 0.00000 71.82290 0.00000 -0.00000 -1.00000 0.00000
1620936794164225 0.00618 0.99998 -0.00000 -24.45354 0.99998 -0.00618 0.00000 71.64637 0.00000 -0.00000 -1.00000 0.00000
1620936794414210 0.02322 0.99973 0.00000 -24.89017 0.99973 -0.02322 0.00000 72.32684 0.00000 -0.00000 -1.00000 0.00000
1620936794663597 0.03068 0.99953 0.00000 -26.14280 0.99953 -0.03068 0.00000 72.30348 0.00000 -0.00000 -1.00000 0.00000
1620936794912344 0.04966 0.99877 -0.00000 -26.55025 0.99877 -0.04966 0.00000 72.76574 0.00000 -0.00000 -1.00000 0.00000
1620936795161730 0.05860 0.99828 0.00000 -27.65991 0.99828 -0.05860 0.00000 73.01614 0.00000 -0.00000 -1.00000 0.00000
1620936795411729 0.07919 0.99686 0.00000 -28.04935 0.99686 -0.07919 0.00000 73.51090 0.00000 -0.00000 -1.00000 0.00000
1620936795661741 0.09979 0.99501 -0.00000 -28.39486 0.99501 -0.09979 0.00000 74.00134 0.00000 -0.00000 -1.00000 0.00000
1620936795912986 0.12441 0.99223 0.00000 -28.38193 0.99223 -0.12441 0.00000 74.75746 0.00000 -0.00000 -1.00000 0.00000
1620936796162995 0.14399 0.98958 0.00000 -28.75195 0.98958 -0.14399 0.00000 75.25122 0.00000 -0.00000 -1.00000 0.00000
1620936796413619 0.15694 0.98761 -0.00000 -29.61302 0.98761 -0.15694 0.00000 75.59690 0.00000 -0.00000 -1.00000 0.00000
1620936796663623 0.16632 0.98607 -0.00000 -30.85273 0.98607 -0.16632 0.00000 75.74767 0.00000 -0.00000 -1.00000 0.00000
1620936796913633 0.16555 0.98620 0.00000 -32.70980 0.98620 -0.16555 0.00000 75.63781 0.00000 -0.00000 -1.00000 0.00000
1620936797163048 0.16519 0.98626 0.00000 -34.72286 0.98626 -0.16519 0.00000 75.67002 0.00000 -0.00000 -1.00000 0.00000
1620936797412388 0.14384 0.98960 0.00000 -38.22328 0.98960 -0.14384 0.00000 74.85263 0.00000 -0.00000 -1.00000 0.00000
1620936797661767 0.13350 0.99105 0.00000 -41.01205 0.99105 -0.13350 0.00000 74.40527 0.00000 -0.00000 -1.00000 0.00000
1620936797911772 0.10971 0.99396 0.00000 -44.69801 0.99396 -0.10971 0.00000 73.43278 0.00000 -0.00000 -1.00000 0.00000
1620936798161776 0.09920 0.99507 0.00000 -47.57034 0.99507 -0.09920 0.00000 72.92412 0.00000 -0.00000 -1.00000 0.00000
1620936798412405 0.08357 0.99650 0.00000 -50.72774 0.99650 -0.08357 0.00000 72.05150 0.00000 -0.00000 -1.00000 0.00000
1620936798663034 0.07102 0.99747 -0.00000 -53.75322 0.99747 -0.07102 0.00000 71.28663 0.00000 -0.00000 -1.00000 0.00000
1620936798913664 0.04760 0.99887 0.00000 -57.42536 0.99887 -0.04760 0.00000 70.07730 0.00000 -0.00000 -1.00000 0.00000
1620936799163661 0.03697 0.99932 0.00000 -60.18496 0.99932 -0.03697 0.00000 69.29421 0.00000 -0.00000 -1.00000 0.00000
1620936799413667 0.02681 0.99964 -0.00000 -62.95473 0.99964 -0.02681 0.00000 68.69217 0.00000 -0.00000 -1.00000 0.00000
1620936799663383 0.01256 0.99992 0.00000 -65.74023 0.99992 -0.01256 0.00000 67.83880 0.00000 -0.00000 -1.00000 0.00000
1620936799913055 0.00788 0.99997 -0.00000 -68.19375 0.99997 -0.00788 0.00000 67.54619 0.00000 -0.00000 -1.00000 0.00000
1620936800161801 0.00073 1.00000 0.00000 -70.55720 1.00000 -0.00073 0.00000 66.99039 0.00000 -0.00000 -1.00000 0.00000
1620936800411813 0.00763 0.99997 0.00000 -72.03261 0.99997 -0.00763 0.00000 67.32176 0.00000 -0.00000 -1.00000 0.00000
1620936800661817 0.00961 0.99995 0.00000 -73.72663 0.99995 -0.00961 0.00000 67.49167 0.00000 -0.00000 -1.00000 0.00000
1620936800911819 0.00420 0.99999 0.00000 -75.91670 0.99999 -0.00420 0.00000 67.06529 0.00000 -0.00000 -1.00000 0.00000
1620936801161819 0.00016 1.00000 0.00000 -77.94084 1.00000 -0.00016 0.00000 66.74230 0.00000 -0.00000 -1.00000 0.00000
1620936801412452 -0.00974 0.99995 -0.00000 -80.30211 0.99995 0.00974 0.00000 65.88084 0.00000 0.00000 -1.00000 0.00000
1620936801663702 -0.03398 0.99942 -0.00000 -83.57097 0.99942 0.03398 0.00000 64.06139 0.00000 0.00000 -1.00000 0.00000
1620936801913712 -0.06874 0.99763 0.00000 -87.35583 0.99763 0.06874 0.00000 60.94364 0.00000 0.00000 -1.00000 0.00000
1620936802163721 -0.10575 0.99439 0.00000 -91.08757 0.99439 0.10575 0.00000 57.56291 0.00000 0.00000 -1.00000 0.00000
1620936802413716 -0.16930 0.98556 -0.00000 -96.11673 0.98556 0.16930 0.00000 51.61174 0.00000 0.00000 -1.00000 0.00000
1620936802663095 -0.23462 0.97209 0.00000 -101.00177 0.97209 0.23462 0.00000 45.01936 0.00000 0.00000 -1.00000 0.00000
1620936802913103 -0.30420 0.95261 0.00000 -105.42755 0.95261 0.30420 0.00000 37.60840 0.00000 0.00000 -1.00000 0.00000
1620936803162476 -0.38699 0.92208 0.00000 -109.85035 0.92208 0.38699 0.00000 28.21819 0.00000 0.00000 -1.00000 0.00000
