1. 0. 0. 0. 0. -1. -0. 0. 0. 0. -1. 0.
1. 0. 0. -0.004 0. -1. -0. -0.027 0. 0. -1. 0.
1. -0.000 -0. -0.013 -0.000 -1. -0. -0.020 0. 0. -1. 0.
1. 0.001 0. -0.010 0.001 -1. -0. -0.013 0. 0. -1. 0.
1. 0.001 0. -0.002 0.001 -1. -0. -0.016 0. 0. -1. 0.
1. -0.001 -0. -0.021 -0.001 -1. -0. -0.025 0. 0. -1. 0.
1. 0.001 0. -0.017 0.001 -1. -0. -0.035 0. 0. -1. 0.
1. 0.002 0. -0.002 0.002 -1. -0. -0.016 0. 0. -1. 0.
1. 0.002 0. -0.005 0.002 -1. -0. -0.052 0. 0. -1. 0.
1. 0.002 0. 0.020 0.002 -1. -0. -0.018 0. 0. -1. 0.
1. -0.002 -0. -0.014 -0.002 -1. -0. -0.041 0. 0. -1. 0.
1. -0.005 -0. 0.000 -0.005 -1. -0. -0.034 0. 0. -1. 0.
1. 0.001 0. -0.009 0.001 -1. -0. -0.030 0. 0. -1. 0.
1. -0.001 -0. 0.016 -0.001 -1. -0. -0.012 0. 0. -1. 0.
1. -0.004 -0. -0.015 -0.004 -1. -0. -0.083 0. 0. -1. 0.
1. -0.004 -0. -0.024 -0.004 -1. -0. -0.077 0. 0. -1. 0.
1. -0.007 -0. -0.015 -0.007 -1. -0. -0.025 0. 0. -1. 0.
1. -0.004 -0. -0.028 -0.004 -1. -0. -0.029 0. 0. -1. 0.
1. -0.001 -0. -0.020 -0.001 -1. -0. -0.022 0. 0. -1. 0.
1. 0.002 0. 0.006 0.002 -1. -0. -0.039 0. 0. -1. 0.
1. 0.005 0. -0.007 0.005 -1. -0. -0.017 0. 0. -1. 0.
1. 0.004 0. -0.010 0.004 -1. -0. -0.014 0. 0. -1. 0.
1. 0.001 0. 0.002 0.001 -1. -0. -0.008 0. 0. -1. 0.
1. -0.003 -0. -0.014 -0.003 -1. -0. -0.029 0. 0. -1. 0.
1. -0.007 -0. -0.021 -0.007 -1. -0. -0.031 0. 0. -1. 0.
1. -0.004 -0. -0.030 -0.004 -1. -0. -0.048 0. 0. -1. 0.
1. -0.004 -0. -0.000 -0.004 -1. -0. -0.011 0. 0. -1. 0.
1. -0.005 -0. -0.015 -0.005 -1. -0. -0.035 0. 0. -1. 0.
1. -0.005 -0. -0.021 -0.005 -1. -0. -0.028 0. 0. -1. 0.
1. -0.007 -0. -0.017 -0.007 -1. -0. -0.014 0. 0. -1. 0.
1. -0.006 -0. -0.019 -0.006 -1. -0. -0.034 0. 0. -1. 0.
1. -0.006 -0. 0.019 -0.006 -1. -0. -0.083 0. 0. -1. 0.
1. 0.001 0. -0. 0.001 -1. -0. -0.034 0. 0. -1. 0.
1. 0. 0. 0.011 0. -1. -0. 0.003 0. 0. -1. 0.
1. -0.001 -0. -0.000 -0.001 -1. -0. -0.035 0. 0. -1. 0.
1. -0.002 -0. 0.013 -0.002 -1. -0. -0.035 0. 0. -1. 0.
1. -0.004 -0. -0.001 -0.004 -1. -0. -0.088 0. 0. -1. 0.
1. -0.001 -0. 0.071 -0.001 -1. -0. 0.004 0. 0. -1. 0.
1. -0.006 -0. 0.193 -0.006 -1. -0. 0.029 0. 0. -1. 0.
1.000 -0.016 -0. 0.334 -0.016 -1.000 -0. -0.034 0. 0. -1. 0.
0.999 -0.038 -0. 0.561 -0.038 -0.999 -0. -0.078 0. 0. -1. 0.
0.998 -0.068 -0. 0.938 -0.068 -0.998 -0. -0.118 0. 0. -1. 0.
0.995 -0.099 -0. 1.399 -0.099 -0.995 -0. -0.158 0. 0. -1. 0.
0.990 -0.139 -0. 1.945 -0.139 -0.990 -0. -0.269 0. 0. -1. 0.
0.988 -0.153 -0. 2.597 -0.153 -0.988 -0. -0.385 0. 0. -1. 0.
0.984 -0.177 -0. 3.378 -0.177 -0.984 -0. -0.543 0. 0. -1. 0.
0.984 -0.179 -0. 4.204 -0.179 -0.984 -0. -0.798 0. 0. -1. 0.
0.982 -0.190 -0. 5.189 -0.190 -0.982 -0. -0.907 0. 0. -1. 0.
0.983 -0.182 -0. 6.132 -0.182 -0.983 -0. -1.170 0. 0. -1. 0.
0.983 -0.181 -0. 7.250 -0.181 -0.983 -0. -1.309 0. 0. -1. 0.
0.985 -0.175 -0. 8.379 -0.175 -0.985 -0. -1.578 0. 0. -1. 0.
0.986 -0.167 -0. 9.673 -0.167 -0.986 -0. -1.816 0. 0. -1. 0.
0.988 -0.155 -0. 10.797 -0.155 -0.988 -0. -2.112 0. 0. -1. 0.
0.991 -0.134 -0. 12.174 -0.134 -0.991 -0. -2.287 0. 0. -1. 0.
0.993 -0.118 -0. 13.599 -0.118 -0.993 -0. -2.386 0. 0. -1. 0.
0.995 -0.102 -0. 14.995 -0.102 -0.995 -0. -2.638 0. 0. -1. 0.
0.996 -0.090 -0. 16.500 -0.090 -0.996 -0. -2.684 0. 0. -1. 0.
0.997 -0.072 -0. 18.052 -0.072 -0.997 -0. -2.860 0. 0. -1. 0.
0.998 -0.063 -0. 19.660 -0.063 -0.998 -0. -2.943 0. 0. -1. 0.
0.999 -0.052 -0. 21.348 -0.052 -0.999 -0. -3.154 0. 0. -1. 0.
0.999 -0.045 -0. 23.057 -0.045 -0.999 -0. -3.159 0. 0. -1. 0.
0.999 -0.043 -0. 24.761 -0.043 -0.999 -0. -3.244 0. 0. -1. 0.
0.999 -0.035 -0. 26.535 -0.035 -0.999 -0. -3.352 0. 0. -1. 0.
1.000 -0.020 -0. 28.368 -0.020 -1.000 -0. -3.380 0. 0. -1. 0.
1. -0.006 -0. 30.169 -0.006 -1. -0. -3.466 0. 0. -1. 0.
1. 0.013 0. 32.007 0.013 -1. -0. -3.457 0. 0. -1. 0.
1.000 0.031 0. 33.758 0.031 -1.000 -0. -3.442 0. 0. -1. 0.
0.999 0.040 0. 35.522 0.040 -0.999 -0. -3.441 0. 0. -1. 0.
0.999 0.047 0. 37.150 0.047 -0.999 -0. -3.359 0. 0. -1. 0.
0.998 0.065 0. 38.851 0.065 -0.998 -0. -3.105 0. 0. -1. 0.
0.997 0.074 0. 40.535 0.074 -0.997 -0. -3.067 0. 0. -1. 0.
0.997 0.074 0. 42.107 0.074 -0.997 -0. -3.112 0. 0. -1. 0.
0.997 0.082 0. 43.587 0.082 -0.997 -0. -2.919 0. 0. -1. 0.
0.997 0.079 0. 45.302 0.079 -0.997 -0. -2.817 0. 0. -1. 0.
0.996 0.085 0. 46.831 0.085 -0.996 -0. -2.735 0. 0. -1. 0.
0.997 0.083 0. 48.425 0.083 -0.997 -0. -2.716 0. 0. -1. 0.
0.997 0.079 0. 50.072 0.079 -0.997 -0. -2.580 0. 0. -1. 0.
0.998 0.064 0. 51.620 0.064 -0.998 -0. -2.400 0. 0. -1. 0.
0.999 0.053 0. 53.299 0.053 -0.999 -0. -2.305 0. 0. -1. 0.
0.999 0.042 0. 54.927 0.042 -0.999 -0. -2.347 0. 0. -1. 0.
0.999 0.035 0. 56.649 0.035 -0.999 -0. -2.226 0. 0. -1. 0.
1.000 0.031 0. 58.392 0.031 -1.000 -0. -2.287 0. 0. -1. 0.
1.000 0.028 0. 60.230 0.028 -1.000 -0. -2.225 0. 0. -1. 0.
1.000 0.017 0. 62.005 0.017 -1.000 -0. -2.165 0. 0. -1. 0.
1.000 0.021 0. 63.894 0.021 -1.000 -0. -2.227 0. 0. -1. 0.
1. 0.014 0. 65.768 0.014 -1. -0. -2.192 0. 0. -1. 0.
1.000 0.022 0. 67.732 0.022 -1.000 -0. -2.189 0. 0. -1. 0.
1.000 0.018 0. 69.766 0.018 -1.000 -0. -2.060 0. 0. -1. 0.
1.000 0.020 0. 71.700 0.020 -1.000 -0. -2.029 0. 0. -1. 0.
1.000 0.021 0. 73.728 0.021 -1.000 -0. -2.177 0. 0. -1. 0.
1. 0.013 0. 75.808 0.013 -1. -0. -2.023 0. 0. -1. 0.
1. 0.014 0. 77.781 0.014 -1. -0. -1.963 0. 0. -1. 0.
1. 0.001 0. 79.945 0.001 -1. -0. -2.070 0. 0. -1. 0.
1.000 -0.020 -0. 81.895 -0.020 -1.000 -0. -2.066 0. 0. -1. 0.
0.999 -0.042 -0. 83.970 -0.042 -0.999 -0. -2.285 0. 0. -1. 0.
0.997 -0.074 -0. 86.007 -0.074 -0.997 -0. -2.426 0. 0. -1. 0.
0.993 -0.118 -0. 87.977 -0.118 -0.993 -0. -2.619 0. 0. -1. 0.
0.988 -0.154 -0. 89.950 -0.154 -0.988 -0. -2.941 0. 0. -1. 0.
0.979 -0.202 -0. 92.011 -0.202 -0.979 -0. -3.385 0. 0. -1. 0.
0.968 -0.251 -0. 94.040 -0.251 -0.968 -0. -3.874 0. 0. -1. 0.
0.953 -0.301 -0. 95.743 -0.301 -0.953 -0. -4.525 0. 0. -1. 0.
0.930 -0.367 -0. 97.654 -0.367 -0.930 -0. -5.214 0. 0. -1. 0.
0.906 -0.423 -0. 99.540 -0.423 -0.906 -0. -5.956 0. 0. -1. 0.
0.876 -0.482 -0. 101.305 -0.482 -0.876 -0. -6.889 0. 0. -1. 0.
0.844 -0.536 -0. 102.869 -0.536 -0.844 -0. -8.019 0. 0. -1. 0.
0.804 -0.594 -0. 104.441 -0.594 -0.804 -0. -9.157 0. 0. -1. 0.
0.771 -0.637 -0. 105.962 -0.637 -0.771 -0. -10.564 0. 0. -1. 0.
0.734 -0.679 -0. 107.372 -0.679 -0.734 -0. -11.885 0. 0. -1. 0.
0.689 -0.725 -0. 108.776 -0.725 -0.689 -0. -13.214 0. 0. -1. 0.
0.639 -0.769 -0. 110.057 -0.769 -0.639 -0. -14.554 0. 0. -1. 0.
0.587 -0.809 -0. 111.047 -0.809 -0.587 -0. -16.195 0. 0. -1. 0.
0.530 -0.848 -0. 111.886 -0.848 -0.530 -0. -17.865 0. 0. -1. 0.
0.478 -0.878 -0. 112.742 -0.878 -0.478 -0. -19.550 0. 0. -1. 0.
0.436 -0.900 -0. 113.431 -0.900 -0.436 -0. -21.283 0. 0. -1. 0.
0.411 -0.912 -0. 114.313 -0.912 -0.411 -0. -23.085 0. 0. -1. 0.
0.390 -0.921 -0. 115.183 -0.921 -0.390 -0. -24.820 0. 0. -1. 0.
0.385 -0.923 -0. 115.751 -0.923 -0.385 -0. -26.707 0. 0. -1. 0.
0.385 -0.923 -0. 116.641 -0.923 -0.385 -0. -28.577 0. 0. -1. 0.
0.386 -0.922 -0. 117.402 -0.922 -0.386 -0. -30.510 0. 0. -1. 0.
0.391 -0.920 -0. 118.197 -0.920 -0.391 -0. -32.413 0. 0. -1. 0.
0.400 -0.916 -0. 119.086 -0.916 -0.400 -0. -34.336 0. 0. -1. 0.
0.414 -0.910 -0. 120.015 -0.910 -0.414 -0. -36.286 0. 0. -1. 0.
0.430 -0.903 -0. 120.793 -0.903 -0.430 -0. -38.302 0. 0. -1. 0.
0.443 -0.897 -0. 121.747 -0.897 -0.443 -0. -40.346 0. 0. -1. 0.
0.452 -0.892 -0. 122.705 -0.892 -0.452 -0. -42.262 0. 0. -1. 0.
0.465 -0.885 -0. 123.700 -0.885 -0.465 -0. -44.145 0. 0. -1. 0.
0.478 -0.878 -0. 124.656 -0.878 -0.478 -0. -46.032 0. 0. -1. 0.
0.490 -0.872 -0. 125.619 -0.872 -0.490 -0. -48.026 0. 0. -1. 0.
0.498 -0.867 -0. 126.728 -0.867 -0.498 -0. -49.852 0. 0. -1. 0.
0.506 -0.863 -0. 127.656 -0.863 -0.506 -0. -51.630 0. 0. -1. 0.
0.508 -0.861 -0. 128.829 -0.861 -0.508 -0. -53.428 0. 0. -1. 0.
0.518 -0.856 -0. 129.747 -0.856 -0.518 -0. -55.218 0. 0. -1. 0.
0.520 -0.854 -0. 130.683 -0.854 -0.520 -0. -57.073 0. 0. -1. 0.
0.518 -0.855 -0. 131.972 -0.855 -0.518 -0. -58.759 0. 0. -1. 0.
0.534 -0.845 -0. 132.757 -0.845 -0.534 -0. -60.402 0. 0. -1. 0.
0.539 -0.842 -0. 133.866 -0.842 -0.539 -0. -62.008 0. 0. -1. 0.
0.552 -0.834 -0. 134.934 -0.834 -0.552 -0. -63.595 0. 0. -1. 0.
0.565 -0.825 -0. 135.929 -0.825 -0.565 -0. -65.105 0. 0. -1. 0.
0.579 -0.815 -0. 136.942 -0.815 -0.579 -0. -66.514 0. 0. -1. 0.
0.596 -0.803 -0. 137.943 -0.803 -0.596 -0. -67.863 0. 0. -1. 0.
0.620 -0.785 -0. 138.943 -0.785 -0.620 -0. -69.070 0. 0. -1. 0.
0.659 -0.752 -0. 139.943 -0.752 -0.659 -0. -70.312 0. 0. -1. 0.
0.697 -0.717 -0. 141.000 -0.717 -0.697 -0. -71.438 0. 0. -1. 0.
0.743 -0.669 -0. 142.004 -0.669 -0.743 -0. -72.359 0. 0. -1. 0.
0.799 -0.602 -0. 143.089 -0.602 -0.799 -0. -73.285 0. 0. -1. 0.
0.851 -0.526 -0. 144.185 -0.526 -0.851 -0. -74.055 0. 0. -1. 0.
0.903 -0.430 -0. 145.401 -0.430 -0.903 -0. -74.634 0. 0. -1. 0.
0.944 -0.330 -0. 146.498 -0.330 -0.944 -0. -75.031 0. 0. -1. 0.
0.978 -0.209 -0. 147.705 -0.209 -0.978 -0. -75.254 0. 0. -1. 0.
0.997 -0.072 -0. 148.854 -0.072 -0.997 -0. -75.414 0. 0. -1. 0.
0.997 0.073 0. 149.970 0.073 -0.997 -0. -75.277 0. 0. -1. 0.
0.970 0.241 0. 151.055 0.241 -0.970 -0. -74.997 0. 0. -1. 0.
0.920 0.393 0. 152.064 0.393 -0.920 -0. -74.499 0. 0. -1. 0.
0.842 0.539 0. 152.957 0.539 -0.842 -0. -73.953 0. 0. -1. 0.
0.731 0.682 0. 153.653 0.682 -0.731 -0. -73.226 0. 0. -1. 0.
0.602 0.799 0. 154.306 0.799 -0.602 -0. -72.348 0. 0. -1. 0.
0.451 0.893 0. 154.732 0.893 -0.451 -0. -71.431 0. 0. -1. 0.
0.281 0.960 0. 154.974 0.960 -0.281 -0. -70.438 0. 0. -1. 0.
0.105 0.994 0. 155.093 0.994 -0.105 -0. -69.424 0. 0. -1. 0.
-0.082 0.997 0. 154.997 0.997 0.082 0. -68.378 0. 0. -1. 0.
-0.268 0.963 0. 154.638 0.963 0.268 0. -67.140 0. 0. -1. 0.
-0.441 0.897 0. 154.201 0.897 0.441 0. -66.267 0. 0. -1. 0.
-0.590 0.808 0. 153.255 0.808 0.590 0. -65.274 0. 0. -1. 0.
-0.705 0.709 0. 152.360 0.709 0.705 0. -64.353 0. 0. -1. 0.
-0.788 0.616 0. 151.369 0.616 0.788 0. -63.510 0. 0. -1. 0.
-0.844 0.537 0. 150.270 0.537 0.844 0. -62.889 0. 0. -1. 0.
-0.877 0.481 0. 148.962 0.481 0.877 0. -62.130 0. 0. -1. 0.
-0.903 0.430 0. 147.803 0.430 0.903 0. -61.644 0. 0. -1. 0.
-0.913 0.407 0. 146.441 0.407 0.913 0. -60.856 0. 0. -1. 0.
-0.924 0.383 0. 145.040 0.383 0.924 0. -60.428 0. 0. -1. 0.
-0.926 0.377 0. 143.477 0.377 0.926 0. -59.799 0. 0. -1. 0.
-0.925 0.380 0. 141.979 0.380 0.925 0. -59.221 0. 0. -1. 0.
-0.917 0.399 0. 140.475 0.399 0.917 0. -58.584 0. 0. -1. 0.
-0.904 0.427 0. 138.959 0.427 0.904 0. -57.751 0. 0. -1. 0.
-0.886 0.464 0. 137.444 0.464 0.886 0. -56.936 0. 0. -1. 0.
-0.865 0.502 0. 136.087 0.502 0.865 0. -56.071 0. 0. -1. 0.
-0.834 0.552 0. 134.516 0.552 0.834 0. -55.223 0. 0. -1. 0.
-0.804 0.594 0. 133.139 0.594 0.804 0. -54.113 0. 0. -1. 0.
-0.770 0.638 0. 131.766 0.638 0.770 0. -52.894 0. 0. -1. 0.
-0.733 0.681 0. 130.459 0.681 0.733 0. -51.607 0. 0. -1. 0.
-0.686 0.727 0. 129.074 0.727 0.686 0. -50.262 0. 0. -1. 0.
-0.647 0.762 0. 127.924 0.762 0.647 0. -48.637 0. 0. -1. 0.
-0.607 0.795 0. 126.636 0.795 0.607 0. -47.061 0. 0. -1. 0.
-0.560 0.828 0. 125.595 0.828 0.560 0. -45.425 0. 0. -1. 0.
-0.509 0.860 0. 124.537 0.860 0.509 0. -43.762 0. 0. -1. 0.
-0.466 0.885 0. 123.633 0.885 0.466 0. -41.981 0. 0. -1. 0.
-0.424 0.906 0. 122.634 0.906 0.424 0. -40.109 0. 0. -1. 0.
-0.398 0.917 0. 122.060 0.917 0.398 0. -38.269 0. 0. -1. 0.
-0.367 0.930 0. 121.230 0.930 0.367 0. -36.343 0. 0. -1. 0.
-0.343 0.939 0. 120.597 0.939 0.343 0. -34.316 0. 0. -1. 0.
-0.333 0.943 0. 119.882 0.943 0.333 0. -32.383 0. 0. -1. 0.
-0.321 0.947 0. 119.522 0.947 0.321 0. -30.354 0. 0. -1. 0.
-0.319 0.948 0. 118.615 0.948 0.319 0. -28.313 0. 0. -1. 0.
-0.327 0.945 0. 117.881 0.945 0.327 0. -26.266 0. 0. -1. 0.
-0.339 0.941 0. 117.202 0.941 0.339 0. -24.266 0. 0. -1. 0.
-0.366 0.931 0. 116.576 0.931 0.366 0. -22.179 0. 0. -1. 0.
-0.401 0.916 0. 115.742 0.916 0.401 0. -20.205 0. 0. -1. 0.
-0.441 0.897 0. 114.864 0.897 0.441 0. -18.196 0. 0. -1. 0.
-0.489 0.872 0. 113.886 0.872 0.489 0. -16.256 0. 0. -1. 0.
-0.539 0.842 0. 112.728 0.842 0.539 0. -14.448 0. 0. -1. 0.
-0.597 0.802 0. 111.619 0.802 0.597 0. -12.743 0. 0. -1. 0.
-0.653 0.757 0. 110.336 0.757 0.653 0. -10.946 0. 0. -1. 0.
-0.704 0.710 0. 108.981 0.710 0.704 0. -9.381 0. 0. -1. 0.
-0.753 0.658 0. 107.409 0.658 0.753 0. -8.067 0. 0. -1. 0.
-0.800 0.600 0. 105.842 0.600 0.800 0. -6.681 0. 0. -1. 0.
-0.842 0.539 0. 104.027 0.539 0.842 0. -5.384 0. 0. -1. 0.
-0.881 0.473 0. 102.270 0.473 0.881 0. -4.447 0. 0. -1. 0.
-0.913 0.407 0. 100.314 0.407 0.913 0. -3.549 0. 0. -1. 0.
-0.937 0.349 0. 98.380 0.349 0.937 0. -2.816 0. 0. -1. 0.
-0.957 0.288 0. 96.405 0.288 0.957 0. -2.059 0. 0. -1. 0.
-0.971 0.237 0. 94.377 0.237 0.971 0. -1.523 0. 0. -1. 0.
-0.983 0.183 0. 92.302 0.183 0.983 0. -1.128 0. 0. -1. 0.
-0.990 0.138 0. 90.114 0.138 0.990 0. -0.841 0. 0. -1. 0.
-0.995 0.095 0. 88.037 0.095 0.995 0. -0.535 0. 0. -1. 0.
-0.998 0.065 0. 85.896 0.065 0.998 0. -0.380 0. 0. -1. 0.
-0.999 0.045 0. 83.734 0.045 0.999 0. -0.297 0. 0. -1. 0.
-0.999 0.040 0. 81.624 0.040 0.999 0. -0.258 0. 0. -1. 0.
-1.000 0.029 0. 79.402 0.029 1.000 0. -0.059 0. 0. -1. 0.
-1.000 0.023 0. 77.256 0.023 1.000 0. 0.011 0. 0. -1. 0.
-1.000 0.030 0. 75.151 0.030 1.000 0. 0.131 0. 0. -1. 0.
-1.000 0.025 0. 73.008 0.025 1.000 0. 0.268 0. 0. -1. 0.
-1.000 0.019 0. 70.969 0.019 1.000 0. 0.291 0. 0. -1. 0.
-1.000 0.022 0. 68.916 0.022 1.000 0. 0.351 0. 0. -1. 0.
-1.000 0.021 0. 66.978 0.021 1.000 0. 0.473 0. 0. -1. 0.
-1.000 0.015 0. 64.923 0.015 1.000 0. 0.589 0. 0. -1. 0.
-1. 0.013 0. 62.912 0.013 1. 0. 0.588 0. 0. -1. 0.
-1. -0.004 -0. 60.946 -0.004 1. 0. 0.696 0. 0. -1. 0.
-1. -0.014 -0. 59.016 -0.014 1. 0. 0.736 0. 0. -1. 0.
-1.000 -0.026 -0. 57.037 -0.026 1.000 0. 0.608 0. 0. -1. 0.
-0.999 -0.034 -0. 55.151 -0.034 0.999 0. 0.582 0. 0. -1. 0.
-0.999 -0.048 -0. 53.197 -0.048 0.999 0. 0.470 0. 0. -1. 0.
-0.998 -0.064 -0. 51.361 -0.064 0.998 0. 0.320 0. 0. -1. 0.
-0.995 -0.095 -0. 49.394 -0.095 0.995 0. 0.360 0. 0. -1. 0.
-0.993 -0.116 -0. 47.556 -0.116 0.993 0. 0.075 0. 0. -1. 0.
-0.992 -0.124 -0. 45.647 -0.124 0.992 0. -0.126 0. 0. -1. 0.
-0.994 -0.112 -0. 43.817 -0.112 0.994 0. -0.438 0. 0. -1. 0.
-0.996 -0.094 -0. 42.046 -0.094 0.996 0. -0.534 0. 0. -1. 0.
-0.998 -0.063 -0. 40.206 -0.063 0.998 0. -0.677 0. 0. -1. 0.
-1.000 -0.031 -0. 38.363 -0.031 1.000 0. -0.619 0. 0. -1. 0.
-1. 0.003 0. 36.598 0.003 1. 0. -0.643 0. 0. -1. 0.
-0.999 0.036 0. 34.763 0.036 0.999 0. -0.555 0. 0. -1. 0.
-0.998 0.060 0. 32.854 0.060 0.998 0. -0.267 0. 0. -1. 0.
-0.997 0.071 0. 30.927 0.071 0.997 0. -0.088 0. 0. -1. 0.
-0.996 0.089 0. 28.977 0.089 0.996 0. 0.082 0. 0. -1. 0.
-0.994 0.105 0. 27.017 0.105 0.994 0. 0.317 0. 0. -1. 0.
-0.994 0.107 0. 24.963 0.107 0.994 0. 0.581 0. 0. -1. 0.
-0.994 0.111 0. 22.925 0.111 0.994 0. 0.791 0. 0. -1. 0.
-0.993 0.114 0. 20.874 0.114 0.993 0. 1.074 0. 0. -1. 0.
-0.994 0.109 0. 18.820 0.109 0.994 0. 1.348 0. 0. -1. 0.
-0.993 0.114 0. 16.627 0.114 0.993 0. 1.616 0. 0. -1. 0.
-0.993 0.114 0. 14.584 0.114 0.993 0. 1.852 0. 0. -1. 0.
-0.994 0.113 0. 12.478 0.113 0.994 0. 2.077 0. 0. -1. 0.
-0.993 0.121 0. 10.391 0.121 0.993 0. 2.345 0. 0. -1. 0.
-0.993 0.121 0. 8.229 0.121 0.993 0. 2.722 0. 0. -1. 0.
-0.993 0.116 0. 6.107 0.116 0.993 0. 2.964 0. 0. -1. 0.
-0.994 0.112 0. 3.933 0.112 0.994 0. 3.154 0. 0. -1. 0.
-0.994 0.111 0. 1.808 0.111 0.994 0. 3.414 0. 0. -1. 0.
-0.994 0.105 0. -0.380 0.105 0.994 0. 3.716 0. 0. -1. 0.
-0.996 0.092 0. -2.545 0.092 0.996 0. 4.049 0. 0. -1. 0.
-0.996 0.091 0. -4.795 0.091 0.996 0. 4.224 0. 0. -1. 0.
-0.996 0.085 0. -6.922 0.085 0.996 0. 4.416 0. 0. -1. 0.
-0.997 0.077 0. -9.042 0.077 0.997 0. 4.552 0. 0. -1. 0.
-0.998 0.062 0. -11.317 0.062 0.998 0. 4.753 0. 0. -1. 0.
-0.999 0.053 0. -13.421 0.053 0.999 0. 4.994 0. 0. -1. 0.
-0.999 0.047 0. -15.624 0.047 0.999 0. 5.019 0. 0. -1. 0.
-0.999 0.035 0. -17.787 0.035 0.999 0. 5.166 0. 0. -1. 0.
-1.000 0.028 0. -19.998 0.028 1.000 0. 5.267 0. 0. -1. 0.
-1.000 0.017 0. -22.253 0.017 1.000 0. 5.386 0. 0. -1. 0.
-1. 0.011 0. -24.644 0.011 1. 0. 5.447 0. 0. -1. 0.
-1. 0.014 0. -26.606 0.014 1. 0. 5.438 0. 0. -1. 0.
-1. 0.009 0. -28.949 0.009 1. 0. 5.621 0. 0. -1. 0.
-1. 0.003 0. -31.124 0.003 1. 0. 5.441 0. 0. -1. 0.
-1. 0.012 0. -33.263 0.012 1. 0. 5.520 0. 0. -1. 0.
-1.000 0.020 0. -35.393 0.020 1.000 0. 5.530 0. 0. -1. 0.
-1.000 0.028 0. -37.594 0.028 1.000 0. 5.615 0. 0. -1. 0.
-1.000 0.020 0. -39.593 0.020 1.000 0. 5.772 0. 0. -1. 0.
-1.000 0.029 0. -41.797 0.029 1.000 0. 5.802 0. 0. -1. 0.
-1.000 0.027 0. -43.820 0.027 1.000 0. 5.941 0. 0. -1. 0.
-0.999 0.038 0. -45.910 0.038 0.999 0. 6.076 0. 0. -1. 0.
-1.000 0.029 0. -47.873 0.029 1.000 0. 6.236 0. 0. -1. 0.
-0.999 0.042 0. -49.916 0.042 0.999 0. 6.317 0. 0. -1. 0.
-0.999 0.043 0. -51.731 0.043 0.999 0. 6.383 0. 0. -1. 0.
-0.998 0.055 0. -53.718 0.055 0.998 0. 6.508 0. 0. -1. 0.
-0.997 0.076 0. -55.351 0.076 0.997 0. 6.718 0. 0. -1. 0.
-0.995 0.103 0. -56.986 0.103 0.995 0. 6.967 0. 0. -1. 0.
-0.991 0.137 0. -58.490 0.137 0.991 0. 7.179 0. 0. -1. 0.
-0.982 0.186 0. -60.003 0.186 0.982 0. 7.449 0. 0. -1. 0.
-0.969 0.248 0. -61.274 0.248 0.969 0. 7.904 0. 0. -1. 0.
-0.948 0.318 0. -62.494 0.318 0.948 0. 8.262 0. 0. -1. 0.
-0.919 0.395 0. -63.567 0.395 0.919 0. 8.797 0. 0. -1. 0.
-0.872 0.489 0. -64.695 0.489 0.872 0. 9.246 0. 0. -1. 0.
-0.816 0.578 0. -65.588 0.578 0.816 0. 9.928 0. 0. -1. 0.
-0.749 0.662 0. -66.329 0.662 0.749 0. 10.715 0. 0. -1. 0.
-0.661 0.751 0. -67.079 0.751 0.661 0. 11.597 0. 0. -1. 0.
-0.560 0.828 0. -67.678 0.828 0.560 0. 12.403 0. 0. -1. 0.
-0.466 0.885 0. -68.041 0.885 0.466 0. 13.360 0. 0. -1. 0.
-0.373 0.928 0. -68.410 0.928 0.373 0. 14.290 0. 0. -1. 0.
-0.284 0.959 0. -68.799 0.959 0.284 0. 15.228 0. 0. -1. 0.
-0.206 0.978 0. -68.814 0.978 0.206 0. 16.198 0. 0. -1. 0.
-0.150 0.989 0. -68.940 0.989 0.150 0. 17.033 0. 0. -1. 0.
-0.104 0.995 0. -69.005 0.995 0.104 0. 17.748 0. 0. -1. 0.
-0.074 0.997 0. -69.053 0.997 0.074 0. 18.409 0. 0. -1. 0.
-0.051 0.999 0. -69.004 0.999 0.051 0. 19.158 0. 0. -1. 0.
-0.035 0.999 0. -68.921 0.999 0.035 0. 19.644 0. 0. -1. 0.
-0.020 1.000 0. -68.892 1.000 0.020 0. 20.033 0. 0. -1. 0.
-0.013 1. 0. -68.993 1. 0.013 0. 20.497 0. 0. -1. 0.
-0.009 1. 0. -68.981 1. 0.009 0. 20.615 0. 0. -1. 0.
-0.004 1. 0. -68.877 1. 0.004 0. 21.041 0. 0. -1. 0.
-0.000 1. 0. -68.851 1. 0.000 0. 21.172 0. 0. -1. 0.
-0.005 1. 0. -68.825 1. 0.005 0. 21.398 0. 0. -1. 0.
-0.000 1. 0. -68.922 1. 0.000 0. 21.539 0. 0. -1. 0.
-0.001 1. 0. -68.798 1. 0.001 0. 21.632 0. 0. -1. 0.
-0.005 1. 0. -68.771 1. 0.005 0. 21.754 0. 0. -1. 0.
-0.001 1. 0. -68.935 1. 0.001 0. 21.814 0. 0. -1. 0.
-0.003 1. 0. -68.958 1. 0.003 0. 21.888 0. 0. -1. 0.
-0.003 1. 0. -68.792 1. 0.003 0. 21.976 0. 0. -1. 0.
-0.003 1. 0. -68.948 1. 0.003 0. 21.998 0. 0. -1. 0.
-0.004 1. 0. -68.753 1. 0.004 0. 22.036 0. 0. -1. 0.
-0.006 1. 0. -68.758 1. 0.006 0. 22.075 0. 0. -1. 0.
0.002 1. 0. -68.895 1. -0.002 -0. 22.163 0. 0. -1. 0.
-0.004 1. 0. -68.676 1. 0.004 0. 22.214 0. 0. -1. 0.
-0.005 1. 0. -68.837 1. 0.005 0. 22.239 0. 0. -1. 0.
-0.004 1. 0. -68.849 1. 0.004 0. 22.345 0. 0. -1. 0.
-0.003 1. 0. -68.895 1. 0.003 0. 22.346 0. 0. -1. 0.
-0.001 1. 0. -68.914 1. 0.001 0. 22.392 0. 0. -1. 0.
0.001 1. 0. -68.930 1. -0.001 -0. 22.341 0. 0. -1. 0.
-0.006 1. 0. -68.780 1. 0.006 0. 22.541 0. 0. -1. 0.
-0.004 1. 0. -68.844 1. 0.004 0. 22.591 0. 0. -1. 0.
0.004 1. 0. -68.899 1. -0.004 -0. 22.569 0. 0. -1. 0.
-0.001 1. 0. -68.871 1. 0.001 0. 22.654 0. 0. -1. 0.
-0. 1. 0. -68.832 1. 0. 0. 22.651 0. 0. -1. 0.
-0.002 1. 0. -68.841 1. 0.002 0. 22.782 0. 0. -1. 0.
0.002 1. 0. -68.903 1. -0.002 -0. 22.859 0. 0. -1. 0.
0.001 1. 0. -68.923 1. -0.001 -0. 22.877 0. 0. -1. 0.
0.005 1. 0. -68.908 1. -0.005 -0. 23.089 0. 0. -1. 0.
0.001 1. 0. -68.885 1. -0.001 -0. 23.283 0. 0. -1. 0.
0.007 1. 0. -68.856 1. -0.007 -0. 23.563 0. 0. -1. 0.
-0.003 1. 0. -68.857 1. 0.003 0. 23.870 0. 0. -1. 0.
0.002 1. 0. -68.882 1. -0.002 -0. 24.361 0. 0. -1. 0.
0.002 1. 0. -68.914 1. -0.002 -0. 24.828 0. 0. -1. 0.
0.006 1. 0. -68.872 1. -0.006 -0. 25.494 0. 0. -1. 0.
0.008 1. 0. -68.911 1. -0.008 -0. 26.141 0. 0. -1. 0.
0.011 1. 0. -68.915 1. -0.011 -0. 26.957 0. 0. -1. 0.
0.004 1. 0. -68.789 1. -0.004 -0. 27.729 0. 0. -1. 0.
0.012 1. 0. -68.838 1. -0.012 -0. 28.721 0. 0. -1. 0.
0.007 1. 0. -68.736 1. -0.007 -0. 29.656 0. 0. -1. 0.
0.009 1. 0. -68.693 1. -0.009 -0. 30.653 0. 0. -1. 0.
0.007 1. 0. -68.805 1. -0.007 -0. 31.787 0. 0. -1. 0.
0.005 1. 0. -68.784 1. -0.005 -0. 32.866 0. 0. -1. 0.
0.012 1. 0. -68.796 1. -0.012 -0. 34.058 0. 0. -1. 0.
0.011 1. 0. -68.783 1. -0.011 -0. 35.273 0. 0. -1. 0.
0.017 1.000 0. -68.696 1.000 -0.017 -0. 36.549 0. 0. -1. 0.
0.023 1.000 0. -68.567 1.000 -0.023 -0. 37.807 0. 0. -1. 0.
0.040 0.999 0. -68.473 0.999 -0.040 -0. 39.183 0. 0. -1. 0.
0.069 0.998 0. -68.485 0.998 -0.069 -0. 40.602 0. 0. -1. 0.
0.091 0.996 0. -68.374 0.996 -0.091 -0. 41.920 0. 0. -1. 0.
0.128 0.992 0. -68.143 0.992 -0.128 -0. 43.411 0. 0. -1. 0.
0.152 0.988 0. -67.831 0.988 -0.152 -0. 44.861 0. 0. -1. 0.
0.189 0.982 0. -67.537 0.982 -0.189 -0. 46.464 0. 0. -1. 0.
0.202 0.979 0. -67.179 0.979 -0.202 -0. 47.873 0. 0. -1. 0.
0.227 0.974 0. -66.803 0.974 -0.227 -0. 49.478 0. 0. -1. 0.
0.223 0.975 0. -66.362 0.975 -0.223 -0. 51.103 0. 0. -1. 0.
0.213 0.977 0. -66.015 0.977 -0.213 -0. 52.732 0. 0. -1. 0.
0.201 0.980 0. -65.695 0.980 -0.201 -0. 54.339 0. 0. -1. 0.
0.172 0.985 0. -65.307 0.985 -0.172 -0. 55.902 0. 0. -1. 0.
0.149 0.989 0. -64.991 0.989 -0.149 -0. 57.826 0. 0. -1. 0.
0.119 0.993 0. -64.843 0.993 -0.119 -0. 59.494 0. 0. -1. 0.
0.089 0.996 0. -64.601 0.996 -0.089 -0. 61.307 0. 0. -1. 0.
0.066 0.998 0. -64.456 0.998 -0.066 -0. 63.162 0. 0. -1. 0.
0.053 0.999 0. -64.335 0.999 -0.053 -0. 65.004 0. 0. -1. 0.
0.039 0.999 0. -64.249 0.999 -0.039 -0. 66.774 0. 0. -1. 0.
0.024 1.000 0. -64.213 1.000 -0.024 -0. 68.736 0. 0. -1. 0.
0.009 1. 0. -64.120 1. -0.009 -0. 70.535 0. 0. -1. 0.
0.006 1. 0. -64.079 1. -0.006 -0. 72.426 0. 0. -1. 0.
-0.002 1. 0. -63.958 1. 0.002 0. 74.215 0. 0. -1. 0.
0.001 1. 0. -63.984 1. -0.001 -0. 76.070 0. 0. -1. 0.
-0.002 1. 0. -63.868 1. 0.002 0. 77.850 0. 0. -1. 0.
-0.010 1. 0. -63.910 1. 0.010 0. 79.587 0. 0. -1. 0.
-0.016 1.000 0. -63.939 1.000 0.016 0. 81.260 0. 0. -1. 0.
-0.022 1.000 0. -63.928 1.000 0.022 0. 83.064 0. 0. -1. 0.
-0.038 0.999 0. -63.968 0.999 0.038 0. 84.785 0. 0. -1. 0.
-0.058 0.998 0. -64.067 0.998 0.058 0. 86.503 0. 0. -1. 0.
-0.083 0.997 0. -64.143 0.997 0.083 0. 88.069 0. 0. -1. 0.
-0.129 0.992 0. -64.347 0.992 0.129 0. 89.620 0. 0. -1. 0.
-0.195 0.981 0. -64.687 0.981 0.195 0. 91.265 0. 0. -1. 0.
-0.267 0.964 0. -64.965 0.964 0.267 0. 92.783 0. 0. -1. 0.
-0.355 0.935 0. -65.532 0.935 0.355 0. 94.232 0. 0. -1. 0.
-0.442 0.897 0. -66.064 0.897 0.442 0. 95.686 0. 0. -1. 0.
-0.543 0.840 0. -66.897 0.840 0.543 0. 96.926 0. 0. -1. 0.
-0.620 0.785 0. -67.852 0.785 0.620 0. 98.286 0. 0. -1. 0.
-0.702 0.712 0. -68.852 0.712 0.702 0. 99.317 0. 0. -1. 0.
-0.772 0.636 0. -69.954 0.636 0.772 0. 100.265 0. 0. -1. 0.
-0.837 0.547 0. -71.090 0.547 0.837 0. 100.974 0. 0. -1. 0.
-0.892 0.452 0. -72.450 0.452 0.892 0. 101.658 0. 0. -1. 0.
-0.931 0.364 0. -73.805 0.364 0.931 0. 102.222 0. 0. -1. 0.
-0.956 0.294 0. -75.259 0.294 0.956 0. 102.540 0. 0. -1. 0.
-0.968 0.251 0. -76.534 0.251 0.968 0. 102.905 0. 0. -1. 0.
-0.973 0.230 0. -77.970 0.230 0.973 0. 103.318 0. 0. -1. 0.
-0.976 0.219 0. -79.465 0.219 0.976 0. 103.708 0. 0. -1. 0.
-0.975 0.220 0. -80.822 0.220 0.975 0. 104.140 0. 0. -1. 0.
-0.969 0.247 0. -82.380 0.247 0.969 0. 104.497 0. 0. -1. 0.
-0.963 0.268 0. -83.787 0.268 0.963 0. 104.970 0. 0. -1. 0.
-0.951 0.308 0. -85.447 0.308 0.951 0. 105.444 0. 0. -1. 0.
-0.934 0.357 0. -86.877 0.357 0.934 0. 105.891 0. 0. -1. 0.
-0.917 0.400 0. -88.317 0.400 0.917 0. 106.680 0. 0. -1. 0.
-0.888 0.459 0. -89.754 0.459 0.888 0. 107.616 0. 0. -1. 0.
-0.857 0.516 0. -91.161 0.516 0.857 0. 108.481 0. 0. -1. 0.
-0.818 0.575 0. -92.650 0.575 0.818 0. 109.430 0. 0. -1. 0.
-0.780 0.625 0. -94.034 0.625 0.780 0. 110.576 0. 0. -1. 0.
-0.746 0.666 0. -95.297 0.666 0.746 0. 111.825 0. 0. -1. 0.
-0.715 0.699 0. -96.740 0.699 0.715 0. 112.942 0. 0. -1. 0.
-0.697 0.717 0. -98.096 0.717 0.697 0. 114.323 0. 0. -1. 0.
-0.687 0.726 0. -99.320 0.726 0.687 0. 115.872 0. 0. -1. 0.
-0.686 0.727 0. -100.701 0.727 0.686 0. 117.311 0. 0. -1. 0.
-0.684 0.729 0. -102.064 0.729 0.684 0. 118.833 0. 0. -1. 0.
-0.681 0.732 0. -103.483 0.732 0.681 0. 120.302 0. 0. -1. 0.
-0.681 0.732 0. -104.928 0.732 0.681 0. 121.803 0. 0. -1. 0.
-0.685 0.729 0. -106.161 0.729 0.685 0. 123.604 0. 0. -1. 0.
-0.685 0.729 0. -107.816 0.729 0.685 0. 125.064 0. 0. -1. 0.
-0.680 0.733 0. -109.269 0.733 0.680 0. 126.665 0. 0. -1. 0.
-0.687 0.727 0. -110.674 0.727 0.687 0. 128.394 0. 0. -1. 0.
-0.687 0.726 0. -112.212 0.726 0.687 0. 130.061 0. 0. -1. 0.
-0.685 0.729 0. -113.773 0.729 0.685 0. 131.643 0. 0. -1. 0.
-0.687 0.727 0. -115.269 0.727 0.687 0. 133.425 0. 0. -1. 0.
-0.686 0.728 0. -116.767 0.728 0.686 0. 134.999 0. 0. -1. 0.
-0.690 0.724 0. -118.426 0.724 0.690 0. 136.805 0. 0. -1. 0.
-0.689 0.725 0. -120.011 0.725 0.689 0. 138.460 0. 0. -1. 0.
-0.688 0.726 0. -121.604 0.726 0.688 0. 140.278 0. 0. -1. 0.
-0.689 0.724 0. -123.214 0.724 0.689 0. 142.028 0. 0. -1. 0.
-0.688 0.726 0. -124.810 0.726 0.688 0. 143.854 0. 0. -1. 0.
-0.682 0.731 0. -126.544 0.731 0.682 0. 145.703 0. 0. -1. 0.
-0.683 0.731 0. -128.165 0.731 0.683 0. 147.686 0. 0. -1. 0.
-0.680 0.733 0. -129.806 0.733 0.680 0. 149.517 0. 0. -1. 0.
-0.678 0.735 0. -131.367 0.735 0.678 0. 151.290 0. 0. -1. 0.
-0.679 0.734 0. -133.106 0.734 0.679 0. 153.066 0. 0. -1. 0.
-0.674 0.738 0. -134.764 0.738 0.674 0. 155.055 0. 0. -1. 0.
-0.668 0.744 0. -136.474 0.744 0.668 0. 156.831 0. 0. -1. 0.
-0.666 0.746 0. -137.982 0.746 0.666 0. 158.686 0. 0. -1. 0.
-0.655 0.756 0. -139.587 0.756 0.655 0. 160.552 0. 0. -1. 0.
-0.638 0.770 0. -141.094 0.770 0.638 0. 162.503 0. 0. -1. 0.
-0.619 0.785 0. -142.742 0.785 0.619 0. 164.470 0. 0. -1. 0.
-0.589 0.808 0. -144.085 0.808 0.589 0. 166.492 0. 0. -1. 0.
-0.560 0.829 0. -145.403 0.829 0.560 0. 168.624 0. 0. -1. 0.
-0.524 0.852 0. -146.819 0.852 0.524 0. 170.741 0. 0. -1. 0.
-0.487 0.873 0. -148.012 0.873 0.487 0. 172.964 0. 0. -1. 0.
-0.445 0.895 0. -149.024 0.895 0.445 0. 175.219 0. 0. -1. 0.
-0.396 0.918 0. -150.128 0.918 0.396 0. 177.621 0. 0. -1. 0.
-0.352 0.936 0. -150.999 0.936 0.352 0. 180.008 0. 0. -1. 0.
-0.305 0.952 0. -151.812 0.952 0.305 0. 182.399 0. 0. -1. 0.
-0.263 0.965 0. -152.363 0.965 0.263 0. 184.813 0. 0. -1. 0.
-0.214 0.977 0. -152.982 0.977 0.214 0. 187.356 0. 0. -1. 0.
-0.179 0.984 0. -153.265 0.984 0.179 0. 189.861 0. 0. -1. 0.
-0.152 0.988 0. -153.717 0.988 0.152 0. 192.315 0. 0. -1. 0.
-0.126 0.992 0. -153.814 0.992 0.126 0. 194.896 0. 0. -1. 0.
-0.110 0.994 0. -153.988 0.994 0.110 0. 197.454 0. 0. -1. 0.
-0.100 0.995 0. -154.423 0.995 0.100 0. 199.956 0. 0. -1. 0.
-0.095 0.995 0. -154.463 0.995 0.095 0. 202.556 0. 0. -1. 0.
-0.088 0.996 0. -154.935 0.996 0.088 0. 205.142 0. 0. -1. 0.
-0.087 0.996 0. -154.931 0.996 0.087 0. 207.626 0. 0. -1. 0.
-0.086 0.996 0. -155.055 0.996 0.086 0. 210.184 0. 0. -1. 0.
-0.086 0.996 0. -155.196 0.996 0.086 0. 212.785 0. 0. -1. 0.
-0.089 0.996 0. -155.341 0.996 0.089 0. 215.285 0. 0. -1. 0.
-0.105 0.995 0. -155.366 0.995 0.105 0. 217.773 0. 0. -1. 0.
-0.128 0.992 0. -155.747 0.992 0.128 0. 220.214 0. 0. -1. 0.
-0.167 0.986 0. -156.205 0.986 0.167 0. 222.681 0. 0. -1. 0.
-0.214 0.977 0. -156.786 0.977 0.214 0. 225.278 0. 0. -1. 0.
-0.272 0.962 0. -157.259 0.962 0.272 0. 227.550 0. 0. -1. 0.
-0.333 0.943 0. -157.946 0.943 0.333 0. 229.907 0. 0. -1. 0.
-0.398 0.917 0. -158.798 0.917 0.398 0. 232.139 0. 0. -1. 0.
-0.466 0.885 0. -159.858 0.885 0.466 0. 234.260 0. 0. -1. 0.
-0.532 0.847 0. -161.067 0.847 0.532 0. 236.189 0. 0. -1. 0.
-0.600 0.800 0. -162.316 0.800 0.600 0. 238.117 0. 0. -1. 0.
-0.664 0.748 0. -163.841 0.748 0.664 0. 239.911 0. 0. -1. 0.
-0.725 0.689 0. -165.438 0.689 0.725 0. 241.487 0. 0. -1. 0.
-0.778 0.628 0. -167.347 0.628 0.778 0. 242.951 0. 0. -1. 0.
-0.823 0.569 0. -169.133 0.569 0.823 0. 244.293 0. 0. -1. 0.
-0.862 0.507 0. -171.004 0.507 0.862 0. 245.477 0. 0. -1. 0.
-0.895 0.446 0. -173.195 0.446 0.895 0. 246.546 0. 0. -1. 0.
-0.920 0.392 0. -175.156 0.392 0.920 0. 247.637 0. 0. -1. 0.
-0.932 0.364 0. -177.347 0.364 0.932 0. 248.465 0. 0. -1. 0.
-0.941 0.338 0. -179.461 0.338 0.941 0. 249.395 0. 0. -1. 0.
-0.949 0.316 0. -181.789 0.316 0.949 0. 250.163 0. 0. -1. 0.
-0.953 0.303 0. -184.137 0.303 0.953 0. 250.977 0. 0. -1. 0.
-0.956 0.295 0. -186.534 0.295 0.956 0. 251.611 0. 0. -1. 0.
-0.959 0.284 0. -188.989 0.284 0.959 0. 252.389 0. 0. -1. 0.
-0.960 0.280 0. -191.610 0.280 0.960 0. 253.165 0. 0. -1. 0.
-0.959 0.284 0. -194.120 0.284 0.959 0. 253.968 0. 0. -1. 0.
-0.958 0.287 0. -196.705 0.287 0.958 0. 254.833 0. 0. -1. 0.
-0.956 0.292 0. -199.311 0.292 0.956 0. 255.663 0. 0. -1. 0.
-0.957 0.290 0. -201.992 0.290 0.957 0. 256.485 0. 0. -1. 0.
-0.958 0.287 0. -204.806 0.287 0.958 0. 257.463 0. 0. -1. 0.
-0.957 0.291 0. -207.439 0.291 0.957 0. 258.257 0. 0. -1. 0.
-0.955 0.295 0. -210.165 0.295 0.955 0. 259.125 0. 0. -1. 0.
-0.955 0.298 0. -212.796 0.298 0.955 0. 260.020 0. 0. -1. 0.
-0.954 0.299 0. -215.486 0.299 0.954 0. 260.957 0. 0. -1. 0.
-0.953 0.302 0. -218.184 0.302 0.953 0. 261.823 0. 0. -1. 0.
-0.950 0.312 0. -220.722 0.312 0.950 0. 262.692 0. 0. -1. 0.
-0.947 0.321 0. -223.173 0.321 0.947 0. 263.590 0. 0. -1. 0.
-0.944 0.331 0. -225.699 0.331 0.944 0. 264.443 0. 0. -1. 0.
-0.935 0.354 0. -228.035 0.354 0.935 0. 265.340 0. 0. -1. 0.
-0.928 0.373 0. -230.090 0.373 0.928 0. 266.247 0. 0. -1. 0.
-0.916 0.400 0. -232.139 0.400 0.916 0. 267.096 0. 0. -1. 0.
-0.901 0.435 0. -234.016 0.435 0.901 0. 268.100 0. 0. -1. 0.
-0.888 0.461 0. -235.682 0.461 0.888 0. 268.995 0. 0. -1. 0.
-0.874 0.486 0. -237.302 0.486 0.874 0. 269.777 0. 0. -1. 0.
-0.863 0.505 0. -238.654 0.505 0.863 0. 270.720 0. 0. -1. 0.
-0.852 0.523 0. -239.975 0.523 0.852 0. 271.637 0. 0. -1. 0.
-0.843 0.538 0. -241.098 0.538 0.843 0. 272.447 0. 0. -1. 0.
-0.824 0.566 0. -242.392 0.566 0.824 0. 273.173 0. 0. -1. 0.
-0.806 0.592 0. -243.391 0.592 0.806 0. 273.937 0. 0. -1. 0.
-0.784 0.621 0. -244.389 0.621 0.784 0. 274.614 0. 0. -1. 0.
-0.762 0.648 0. -245.283 0.648 0.762 0. 275.472 0. 0. -1. 0.
-0.720 0.694 0. -246.281 0.694 0.720 0. 276.288 0. 0. -1. 0.
-0.674 0.739 0. -246.895 0.739 0.674 0. 277.071 0. 0. -1. 0.
-0.615 0.788 0. -247.376 0.788 0.615 0. 277.997 0. 0. -1. 0.
-0.544 0.839 0. -247.995 0.839 0.544 0. 278.936 0. 0. -1. 0.
-0.479 0.878 0. -248.333 0.878 0.479 0. 279.885 0. 0. -1. 0.
-0.389 0.921 0. -248.959 0.921 0.389 0. 280.983 0. 0. -1. 0.
-0.281 0.960 0. -249.077 0.960 0.281 0. 282.131 0. 0. -1. 0.
-0.171 0.985 0. -249.258 0.985 0.171 0. 283.380 0. 0. -1. 0.
-0.075 0.997 0. -249.265 0.997 0.075 0. 284.692 0. 0. -1. 0.
0.001 1. 0. -249.240 1. -0.001 -0. 286.064 0. 0. -1. 0.
0.064 0.998 0. -249.012 0.998 -0.064 -0. 287.508 0. 0. -1. 0.
0.112 0.994 0. -248.931 0.994 -0.112 -0. 289.126 0. 0. -1. 0.
0.166 0.986 0. -248.553 0.986 -0.166 -0. 290.774 0. 0. -1. 0.
0.204 0.979 0. -248.191 0.979 -0.204 -0. 292.513 0. 0. -1. 0.
0.234 0.972 0. -247.716 0.972 -0.234 -0. 294.388 0. 0. -1. 0.
0.251 0.968 0. -247.039 0.968 -0.251 -0. 296.253 0. 0. -1. 0.
0.265 0.964 0. -246.558 0.964 -0.265 -0. 298.311 0. 0. -1. 0.
0.275 0.961 0. -245.976 0.961 -0.275 -0. 300.380 0. 0. -1. 0.
0.284 0.959 0. -245.277 0.959 -0.284 -0. 302.498 0. 0. -1. 0.
0.280 0.960 0. -244.593 0.960 -0.280 -0. 304.655 0. 0. -1. 0.
0.287 0.958 0. -243.925 0.958 -0.287 -0. 306.924 0. 0. -1. 0.
0.284 0.959 0. -243.076 0.959 -0.284 -0. 309.079 0. 0. -1. 0.
0.280 0.960 0. -242.366 0.960 -0.280 -0. 311.545 0. 0. -1. 0.
0.282 0.959 0. -241.781 0.959 -0.282 -0. 313.896 0. 0. -1. 0.
0.281 0.960 0. -240.902 0.960 -0.281 -0. 316.379 0. 0. -1. 0.
0.286 0.958 0. -240.199 0.958 -0.286 -0. 318.839 0. 0. -1. 0.
0.284 0.959 0. -239.342 0.959 -0.284 -0. 321.543 0. 0. -1. 0.
0.285 0.958 0. -238.514 0.958 -0.285 -0. 324.236 0. 0. -1. 0.
0.283 0.959 0. -237.569 0.959 -0.283 -0. 326.903 0. 0. -1. 0.
0.287 0.958 0. -236.807 0.958 -0.287 -0. 329.691 0. 0. -1. 0.
0.287 0.958 0. -235.899 0.958 -0.287 -0. 332.548 0. 0. -1. 0.
0.293 0.956 0. -234.958 0.956 -0.293 -0. 335.449 0. 0. -1. 0.
0.293 0.956 0. -234.030 0.956 -0.293 -0. 338.328 0. 0. -1. 0.
0.288 0.958 0. -232.953 0.958 -0.288 -0. 341.467 0. 0. -1. 0.
0.287 0.958 0. -231.981 0.958 -0.287 -0. 344.532 0. 0. -1. 0.
0.290 0.957 0. -231.137 0.957 -0.290 -0. 347.608 0. 0. -1. 0.
0.286 0.958 0. -230.030 0.958 -0.286 -0. 350.751 0. 0. -1. 0.
0.289 0.957 0. -229.070 0.957 -0.289 -0. 354.040 0. 0. -1. 0.
0.287 0.958 0. -227.929 0.958 -0.287 -0. 357.241 0. 0. -1. 0.
0.284 0.959 0. -226.914 0.959 -0.284 -0. 360.576 0. 0. -1. 0.
0.286 0.958 0. -225.945 0.958 -0.286 -0. 363.947 0. 0. -1. 0.
0.283 0.959 0. -224.787 0.959 -0.283 -0. 367.282 0. 0. -1. 0.
0.293 0.956 0. -223.846 0.956 -0.293 -0. 370.736 0. 0. -1. 0.
0.294 0.956 0. -222.643 0.956 -0.294 -0. 374.114 0. 0. -1. 0.
0.287 0.958 0. -221.534 0.958 -0.287 -0. 377.585 0. 0. -1. 0.
0.290 0.957 0. -220.582 0.957 -0.290 -0. 381.145 0. 0. -1. 0.
0.294 0.956 0. -219.396 0.956 -0.294 -0. 384.592 0. 0. -1. 0.
0.290 0.957 0. -218.124 0.957 -0.290 -0. 388.181 0. 0. -1. 0.
0.288 0.958 0. -217.133 0.958 -0.288 -0. 391.748 0. 0. -1. 0.
0.286 0.958 0. -216.062 0.958 -0.286 -0. 395.401 0. 0. -1. 0.
0.286 0.958 0. -214.629 0.958 -0.286 -0. 398.908 0. 0. -1. 0.
0.290 0.957 0. -213.634 0.957 -0.290 -0. 402.608 0. 0. -1. 0.
0.284 0.959 0. -212.420 0.959 -0.284 -0. 406.144 0. 0. -1. 0.
0.282 0.959 0. -211.372 0.959 -0.282 -0. 409.879 0. 0. -1. 0.
0.279 0.960 0. -210.168 0.960 -0.279 -0. 413.577 0. 0. -1. 0.
0.285 0.959 0. -209.066 0.959 -0.285 -0. 417.336 0. 0. -1. 0.
0.281 0.960 0. -207.794 0.960 -0.281 -0. 420.978 0. 0. -1. 0.
0.281 0.960 0. -206.726 0.960 -0.281 -0. 424.817 0. 0. -1. 0.
0.285 0.959 0. -205.477 0.959 -0.285 -0. 428.530 0. 0. -1. 0.
0.276 0.961 0. -204.337 0.961 -0.276 -0. 432.173 0. 0. -1. 0.
0.279 0.960 0. -203.144 0.960 -0.279 -0. 435.976 0. 0. -1. 0.
0.281 0.960 0. -201.998 0.960 -0.281 -0. 439.642 0. 0. -1. 0.
0.285 0.959 0. -200.768 0.959 -0.285 -0. 443.343 0. 0. -1. 0.
0.287 0.958 0. -199.629 0.958 -0.287 -0. 447.042 0. 0. -1. 0.
0.283 0.959 0. -198.417 0.959 -0.283 -0. 450.685 0. 0. -1. 0.
0.282 0.959 0. -197.292 0.959 -0.282 -0. 454.421 0. 0. -1. 0.
0.284 0.959 0. -196.070 0.959 -0.284 -0. 458.038 0. 0. -1. 0.
0.285 0.958 0. -194.967 0.958 -0.285 -0. 461.597 0. 0. -1. 0.
0.284 0.959 0. -193.805 0.959 -0.284 -0. 465.273 0. 0. -1. 0.
0.285 0.959 0. -192.603 0.959 -0.285 -0. 468.977 0. 0. -1. 0.
0.297 0.955 0. -191.476 0.955 -0.297 -0. 472.571 0. 0. -1. 0.
0.291 0.957 0. -190.292 0.957 -0.291 -0. 476.145 0. 0. -1. 0.
0.295 0.956 0. -189.168 0.956 -0.295 -0. 479.757 0. 0. -1. 0.
0.300 0.954 0. -188.046 0.954 -0.300 -0. 483.330 0. 0. -1. 0.
0.291 0.957 0. -186.650 0.957 -0.291 -0. 486.896 0. 0. -1. 0.
0.288 0.958 0. -185.515 0.958 -0.288 -0. 490.562 0. 0. -1. 0.
0.289 0.957 0. -184.417 0.957 -0.289 -0. 494.138 0. 0. -1. 0.
0.290 0.957 0. -183.296 0.957 -0.290 -0. 497.829 0. 0. -1. 0.
0.294 0.956 0. -182.178 0.956 -0.294 -0. 501.498 0. 0. -1. 0.
0.298 0.955 0. -180.974 0.955 -0.298 -0. 505.074 0. 0. -1. 0.
0.297 0.955 0. -179.892 0.955 -0.297 -0. 508.717 0. 0. -1. 0.
0.295 0.956 0. -178.600 0.956 -0.295 -0. 512.344 0. 0. -1. 0.
0.292 0.956 0. -177.367 0.956 -0.292 -0. 516.010 0. 0. -1. 0.
0.297 0.955 0. -176.205 0.955 -0.297 -0. 519.639 0. 0. -1. 0.
0.301 0.953 0. -174.994 0.953 -0.301 -0. 523.274 0. 0. -1. 0.
0.297 0.955 0. -173.829 0.955 -0.297 -0. 526.868 0. 0. -1. 0.
0.293 0.956 0. -172.620 0.956 -0.293 -0. 530.584 0. 0. -1. 0.
0.297 0.955 0. -171.387 0.955 -0.297 -0. 534.090 0. 0. -1. 0.
0.305 0.952 0. -170.244 0.952 -0.305 -0. 537.646 0. 0. -1. 0.
0.303 0.953 0. -169.137 0.953 -0.303 -0. 541.224 0. 0. -1. 0.
0.297 0.955 0. -167.767 0.955 -0.297 -0. 544.707 0. 0. -1. 0.
0.295 0.956 0. -166.805 0.956 -0.295 -0. 548.262 0. 0. -1. 0.
0.295 0.955 0. -165.721 0.955 -0.295 -0. 551.651 0. 0. -1. 0.
0.293 0.956 0. -164.629 0.956 -0.293 -0. 555.129 0. 0. -1. 0.
0.293 0.956 0. -163.608 0.956 -0.293 -0. 558.467 0. 0. -1. 0.
0.293 0.956 0. -162.506 0.956 -0.293 -0. 561.651 0. 0. -1. 0.
0.285 0.959 0. -161.445 0.959 -0.285 -0. 564.845 0. 0. -1. 0.
0.273 0.962 0. -160.304 0.962 -0.273 -0. 567.990 0. 0. -1. 0.
0.267 0.964 0. -159.664 0.964 -0.267 -0. 571.060 0. 0. -1. 0.
0.260 0.966 0. -158.848 0.966 -0.260 -0. 573.931 0. 0. -1. 0.
0.247 0.969 0. -158.131 0.969 -0.247 -0. 576.791 0. 0. -1. 0.
0.242 0.970 0. -157.219 0.970 -0.242 -0. 579.669 0. 0. -1. 0.
0.238 0.971 0. -156.392 0.971 -0.238 -0. 582.272 0. 0. -1. 0.
0.228 0.974 0. -155.812 0.974 -0.228 -0. 584.965 0. 0. -1. 0.
0.213 0.977 0. -155.172 0.977 -0.213 -0. 587.592 0. 0. -1. 0.
0.202 0.979 0. -154.619 0.979 -0.202 -0. 590.176 0. 0. -1. 0.
0.195 0.981 0. -154.054 0.981 -0.195 -0. 592.616 0. 0. -1. 0.
0.193 0.981 0. -153.581 0.981 -0.193 -0. 594.962 0. 0. -1. 0.
0.184 0.983 0. -153.157 0.983 -0.184 -0. 597.168 0. 0. -1. 0.
0.181 0.983 0. -152.684 0.983 -0.181 -0. 599.444 0. 0. -1. 0.
0.183 0.983 0. -152.252 0.983 -0.183 -0. 601.470 0. 0. -1. 0.
0.185 0.983 0. -151.858 0.983 -0.185 -0. 603.383 0. 0. -1. 0.
0.184 0.983 0. -151.475 0.983 -0.184 -0. 605.166 0. 0. -1. 0.
0.185 0.983 0. -151.165 0.983 -0.185 -0. 606.885 0. 0. -1. 0.
0.180 0.984 0. -150.891 0.984 -0.180 -0. 608.377 0. 0. -1. 0.
0.170 0.985 0. -150.548 0.985 -0.170 -0. 609.858 0. 0. -1. 0.
0.171 0.985 0. -150.328 0.985 -0.171 -0. 611.165 0. 0. -1. 0.
0.168 0.986 0. -150.037 0.986 -0.168 -0. 612.236 0. 0. -1. 0.
0.165 0.986 0. -149.715 0.986 -0.165 -0. 613.321 0. 0. -1. 0.
0.166 0.986 0. -149.632 0.986 -0.166 -0. 614.170 0. 0. -1. 0.
0.163 0.987 0. -149.642 0.987 -0.163 -0. 614.899 0. 0. -1. 0.
0.166 0.986 0. -149.500 0.986 -0.166 -0. 615.517 0. 0. -1. 0.
0.166 0.986 0. -149.468 0.986 -0.166 -0. 615.944 0. 0. -1. 0.
0.167 0.986 0. -149.368 0.986 -0.167 -0. 616.353 0. 0. -1. 0.
0.171 0.985 0. -149.339 0.985 -0.171 -0. 616.626 0. 0. -1. 0.
0.173 0.985 0. -149.314 0.985 -0.173 -0. 616.826 0. 0. -1. 0.
0.167 0.986 0. -149.293 0.986 -0.167 -0. 616.987 0. 0. -1. 0.
0.168 0.986 0. -149.297 0.986 -0.168 -0. 617.052 0. 0. -1. 0.
0.169 0.986 0. -149.305 0.986 -0.169 -0. 617.042 0. 0. -1. 0.
0.169 0.986 0. -149.213 0.986 -0.169 -0. 617.029 0. 0. -1. 0.
0.172 0.985 0. -149.225 0.985 -0.172 -0. 616.997 0. 0. -1. 0.
0.166 0.986 0. -149.227 0.986 -0.166 -0. 617.125 0. 0. -1. 0.
0.170 0.985 0. -149.257 0.985 -0.170 -0. 617.063 0. 0. -1. 0.
0.167 0.986 0. -149.241 0.986 -0.167 -0. 617.067 0. 0. -1. 0.
0.165 0.986 0. -149.245 0.986 -0.165 -0. 617.085 0. 0. -1. 0.
0.166 0.986 0. -149.247 0.986 -0.166 -0. 617.102 0. 0. -1. 0.
0.169 0.986 0. -149.272 0.986 -0.169 -0. 617.107 0. 0. -1. 0.
0.171 0.985 0. -149.246 0.985 -0.171 -0. 617.047 0. 0. -1. 0.
0.169 0.986 0. -149.266 0.986 -0.169 -0. 617.051 0. 0. -1. 0.
0.170 0.985 0. -149.277 0.985 -0.170 -0. 617.094 0. 0. -1. 0.
0.165 0.986 0. -149.208 0.986 -0.165 -0. 617.095 0. 0. -1. 0.
0.164 0.987 0. -149.230 0.987 -0.164 -0. 617.145 0. 0. -1. 0.
0.168 0.986 0. -149.260 0.986 -0.168 -0. 617.117 0. 0. -1. 0.
0.169 0.986 0. -149.060 0.986 -0.169 -0. 617.026 0. 0. -1. 0.
0.165 0.986 0. -149.201 0.986 -0.165 -0. 617.118 0. 0. -1. 0.
0.164 0.986 0. -149.232 0.986 -0.164 -0. 617.113 0. 0. -1. 0.
0.166 0.986 0. -149.243 0.986 -0.166 -0. 617.100 0. 0. -1. 0.
0.170 0.986 0. -149.255 0.986 -0.170 -0. 617.076 0. 0. -1. 0.
0.173 0.985 0. -149.217 0.985 -0.173 -0. 617.041 0. 0. -1. 0.
0.172 0.985 0. -149.234 0.985 -0.172 -0. 617.033 0. 0. -1. 0.
0.170 0.985 0. -149.236 0.985 -0.170 -0. 617.041 0. 0. -1. 0.
0.170 0.986 0. -149.259 0.986 -0.170 -0. 617.091 0. 0. -1. 0.
0.172 0.985 0. -149.221 0.985 -0.172 -0. 617.091 0. 0. -1. 0.
0.166 0.986 0. -149.149 0.986 -0.166 -0. 617.138 0. 0. -1. 0.
0.166 0.986 0. -149.132 0.986 -0.166 -0. 617.066 0. 0. -1. 0.
0.172 0.985 0. -149.260 0.985 -0.172 -0. 617.123 0. 0. -1. 0.
0.167 0.986 0. -149.141 0.986 -0.167 -0. 617.074 0. 0. -1. 0.
0.168 0.986 0. -149.169 0.986 -0.168 -0. 617.187 0. 0. -1. 0.
