1612292844098129 1.00000 0.00000 0.00000 -0.00000 0.00000 -1.00000 0.00000 0.00000 0.00000 -0.00000 -1.00000 0.00000
1612292844348130 1.00000 0.00108 0.00000 0.03402 0.00108 -1.00000 0.00000 -0.01549 0.00000 -0.00000 -1.00000 -0.00000
1612292844598145 1.00000 0.00112 -0.00000 -0.00430 0.00112 -1.00000 0.00000 -0.01842 0.00000 -0.00000 -1.00000 -0.00000
1612292844848135 1.00000 -0.00062 0.00000 -0.01107 -0.00062 -1.00000 0.00000 0.02128 -0.00000 -0.00000 -1.00000 0.00000
1612292845098136 1.00000 -0.00068 0.00000 0.01223 -0.00068 -1.00000 0.00000 -0.00069 -0.00000 -0.00000 -1.00000 -0.00000
1612292845348143 1.00000 -0.00075 0.00000 -0.00415 -0.00075 -1.00000 0.00000 0.01962 -0.00000 -0.00000 -1.00000 0.00000
1612292845597522 0.99995 0.01019 0.00000 -0.00520 0.01019 -0.99995 0.00000 -0.01900 0.00000 -0.00000 -1.00000 -0.00000
1612292845847527 1.00000 0.00022 0.00000 -0.02380 0.00022 -1.00000 0.00000 0.01035 0.00000 -0.00000 -1.00000 0.00000
1612292846097527 1.00000 -0.00052 -0.00000 0.03470 -0.00052 -1.00000 0.00000 -0.01257 -0.00000 -0.00000 -1.00000 -0.00000
1612292846347533 1.00000 0.00076 0.00000 0.03592 0.00076 -1.00000 0.00000 -0.00063 0.00000 -0.00000 -1.00000 -0.00000
1612292846597532 0.99999 0.00464 0.00000 -0.02073 0.00464 -0.99999 0.00000 -0.01104 0.00000 -0.00000 -1.00000 -0.00000
1612292846848164 1.00000 0.00136 -0.00000 -0.00058 0.00136 -1.00000 0.00000 -0.03951 0.00000 -0.00000 -1.00000 -0.00000
1612292847098794 1.00000 0.00100 0.00000 0.04399 0.00100 -1.00000 0.00000 -0.02558 0.00000 -0.00000 -1.00000 -0.00000
1612292847348795 1.00000 0.00233 0.00000 0.02354 0.00233 -1.00000 0.00000 -0.00913 0.00000 -0.00000 -1.00000 -0.00000
1612292847598794 1.00000 -0.00019 0.00000 0.00473 -0.00019 -1.00000 0.00000 -0.00475 -0.00000 -0.00000 -1.00000 -0.00000
1612292847848176 0.99998 0.00701 0.00000 -0.05360 0.00701 -0.99998 0.00000 0.05031 0.00000 -0.00000 -1.00000 0.00000
1612292848098180 0.99996 0.00841 0.00000 -0.01335 0.00841 -0.99996 0.00000 0.00736 0.00000 -0.00000 -1.00000 0.00000
1612292848348186 0.99999 0.00325 0.00000 0.02624 0.00325 -0.99999 0.00000 -0.00011 0.00000 -0.00000 -1.00000 -0.00000
1612292848598189 0.99998 0.00628 0.00000 0.01761 0.00628 -0.99998 0.00000 -0.02105 0.00000 -0.00000 -1.00000 -0.00000
1612292848848191 0.99999 0.00442 0.00000 -0.00985 0.00442 -0.99999 0.00000 0.00186 0.00000 -0.00000 -1.00000 0.00000
1612292849098195 0.99999 0.00496 0.00000 -0.08805 0.00496 -0.99999 0.00000 -0.02105 0.00000 -0.00000 -1.00000 -0.00000
1612292849348196 0.99999 0.00385 0.00000 -0.09559 0.00385 -0.99999 0.00000 0.01321 0.00000 -0.00000 -1.00000 0.00000
1612292849597575 0.99999 0.00498 -0.00000 -0.24809 0.00498 -0.99999 0.00000 0.00740 0.00000 -0.00000 -1.00000 0.00000
1612292849847578 1.00000 -0.00159 0.00000 -0.35540 -0.00159 -1.00000 0.00000 0.00555 -0.00000 -0.00000 -1.00000 0.00000
1612292850097579 1.00000 0.00145 0.00000 -0.55297 0.00145 -1.00000 0.00000 0.03254 0.00000 -0.00000 -1.00000 0.00000
1612292850348208 1.00000 -0.00022 -0.00000 -0.91099 -0.00022 -1.00000 0.00000 0.01438 -0.00000 -0.00000 -1.00000 0.00000
1612292850598836 0.99991 -0.01372 0.00000 -1.38476 -0.01372 -0.99991 0.00000 0.02973 -0.00000 -0.00000 -1.00000 0.00000
1612292850848839 0.99990 -0.01396 0.00000 -1.86604 -0.01396 -0.99990 0.00000 0.01249 -0.00000 -0.00000 -1.00000 0.00000
1612292851098844 0.99956 -0.02977 0.00000 -2.40480 -0.02977 -0.99956 0.00000 0.02489 -0.00000 -0.00000 -1.00000 0.00000
1612292851348846 0.99901 -0.04438 0.00000 -3.16162 -0.04438 -0.99901 0.00000 0.04694 -0.00000 -0.00000 -1.00000 0.00000
1612292851598850 0.99863 -0.05225 0.00000 -3.86136 -0.05225 -0.99863 0.00000 0.02540 -0.00000 -0.00000 -1.00000 0.00000
1612292851848229 0.99818 -0.06024 -0.00000 -4.69330 -0.06024 -0.99818 0.00000 0.13814 -0.00000 -0.00000 -1.00000 0.00000
1612292852097606 0.99701 -0.07728 -0.00000 -5.48040 -0.07728 -0.99701 0.00000 0.11144 -0.00000 -0.00000 -1.00000 0.00000
1612292852347615 0.99601 -0.08925 0.00000 -6.42606 -0.08925 -0.99601 0.00000 0.18644 -0.00000 -0.00000 -1.00000 0.00000
1612292852596997 0.99555 -0.09418 0.00000 -7.41306 -0.09418 -0.99555 0.00000 0.17490 -0.00000 -0.00000 -1.00000 0.00000
1612292852846990 0.99583 -0.09126 0.00000 -8.40226 -0.09126 -0.99583 0.00000 0.14982 -0.00000 -0.00000 -1.00000 0.00000
1612292853096995 0.99625 -0.08655 -0.00000 -9.53323 -0.08655 -0.99625 0.00000 0.16691 -0.00000 -0.00000 -1.00000 0.00000
1612292853347001 0.99722 -0.07452 0.00000 -10.64193 -0.07452 -0.99722 0.00000 0.00014 -0.00000 -0.00000 -1.00000 0.00000
1612292853597625 0.99752 -0.07038 0.00000 -11.84750 -0.07038 -0.99752 0.00000 -0.11624 -0.00000 -0.00000 -1.00000 -0.00000
1612292853848254 0.99780 -0.06636 0.00000 -13.02181 -0.06636 -0.99780 0.00000 -0.13741 -0.00000 -0.00000 -1.00000 -0.00000
1612292854098889 0.99837 -0.05704 0.00000 -14.26275 -0.05704 -0.99837 0.00000 -0.16449 -0.00000 -0.00000 -1.00000 -0.00000
1612292854348884 0.99863 -0.05225 0.00000 -15.61367 -0.05225 -0.99863 0.00000 -0.30313 -0.00000 -0.00000 -1.00000 -0.00000
1612292854598889 0.99890 -0.04684 0.00000 -16.94141 -0.04684 -0.99890 0.00000 -0.47700 -0.00000 -0.00000 -1.00000 -0.00000
1612292854848892 0.99910 -0.04241 0.00000 -18.44237 -0.04241 -0.99910 0.00000 -0.51413 -0.00000 -0.00000 -1.00000 -0.00000
1612292855098897 0.99959 -0.02857 0.00000 -19.81473 -0.02857 -0.99959 0.00000 -0.85909 -0.00000 -0.00000 -1.00000 -0.00000
1612292855348900 0.99987 -0.01640 -0.00000 -21.22355 -0.01640 -0.99987 0.00000 -1.10989 -0.00000 -0.00000 -1.00000 -0.00000
1612292855598279 0.99999 -0.00365 0.00000 -22.87374 -0.00365 -0.99999 0.00000 -1.42603 -0.00000 -0.00000 -1.00000 -0.00000
1612292855848280 0.99998 0.00609 0.00000 -24.34738 0.00609 -0.99998 0.00000 -1.67518 0.00000 -0.00000 -1.00000 -0.00000
1612292856098283 0.99985 0.01742 0.00000 -25.92611 0.01742 -0.99985 0.00000 -1.98138 0.00000 -0.00000 -1.00000 -0.00000
1612292856348287 0.99980 0.01975 0.00000 -27.57948 0.01975 -0.99980 0.00000 -2.04767 0.00000 -0.00000 -1.00000 -0.00000
1612292856597665 0.99963 0.02724 0.00000 -29.11869 0.02724 -0.99963 0.00000 -2.29454 0.00000 -0.00000 -1.00000 -0.00000
1612292856847668 0.99968 0.02540 0.00000 -30.78562 0.02540 -0.99968 0.00000 -2.24533 0.00000 -0.00000 -1.00000 -0.00000
1612292857097676 0.99950 0.03167 0.00000 -32.39972 0.03167 -0.99950 0.00000 -2.54703 0.00000 -0.00000 -1.00000 -0.00000
1612292857348304 0.99947 0.03261 0.00000 -34.19966 0.03261 -0.99947 0.00000 -2.49567 0.00000 -0.00000 -1.00000 -0.00000
1612292857598308 0.99929 0.03773 0.00000 -35.88224 0.03773 -0.99929 0.00000 -2.65576 0.00000 -0.00000 -1.00000 -0.00000
1612292857848310 0.99934 0.03627 0.00000 -37.70593 0.03627 -0.99934 0.00000 -2.75569 0.00000 -0.00000 -1.00000 -0.00000
1612292858097687 0.99928 0.03804 0.00000 -39.33403 0.03804 -0.99928 0.00000 -2.86647 0.00000 -0.00000 -1.00000 -0.00000
1612292858348315 0.99905 0.04364 0.00000 -41.16940 0.04364 -0.99905 0.00000 -2.92624 0.00000 -0.00000 -1.00000 -0.00000
1612292858598320 0.99845 0.05571 0.00000 -42.94171 0.05571 -0.99845 0.00000 -3.60933 0.00000 -0.00000 -1.00000 -0.00000
1612292858848319 0.99805 0.06238 0.00000 -44.78784 0.06238 -0.99805 0.00000 -3.95708 0.00000 -0.00000 -1.00000 -0.00000
1612292859097696 0.99729 0.07355 0.00000 -46.56992 0.07355 -0.99729 0.00000 -4.48481 0.00000 -0.00000 -1.00000 -0.00000
1612292859347075 0.99730 0.07339 0.00000 -48.36890 0.07339 -0.99730 0.00000 -4.53613 0.00000 -0.00000 -1.00000 -0.00000
1612292859597702 0.99759 0.06936 0.00000 -50.22699 0.06936 -0.99759 0.00000 -4.27992 0.00000 -0.00000 -1.00000 -0.00000
1612292859847702 0.99773 0.06734 0.00000 -52.06537 0.06734 -0.99773 0.00000 -4.16800 0.00000 -0.00000 -1.00000 -0.00000
1612292860097711 0.99741 0.07187 0.00000 -53.98181 0.07187 -0.99741 0.00000 -4.54717 0.00000 -0.00000 -1.00000 -0.00000
1612292860348340 0.99800 0.06318 0.00000 -55.91636 0.06318 -0.99800 0.00000 -3.98621 0.00000 -0.00000 -1.00000 -0.00000
1612292860598352 0.99733 0.07301 0.00000 -57.84062 0.07301 -0.99733 0.00000 -4.60229 0.00000 -0.00000 -1.00000 -0.00000
1612292860848347 0.99724 0.07424 0.00000 -59.87459 0.07424 -0.99724 0.00000 -4.85711 0.00000 -0.00000 -1.00000 -0.00000
1612292861098973 0.99754 0.07004 0.00000 -61.81486 0.07004 -0.99754 0.00000 -4.41848 0.00000 -0.00000 -1.00000 -0.00000
1612292861348352 0.99785 0.06561 -0.00000 -63.81642 0.06561 -0.99785 0.00000 -4.20399 0.00000 -0.00000 -1.00000 -0.00000
1612292861597734 0.99781 0.06614 0.00000 -65.82105 0.06614 -0.99781 0.00000 -4.38097 0.00000 -0.00000 -1.00000 -0.00000
1612292861847735 0.99801 0.06303 0.00000 -67.79859 0.06303 -0.99801 0.00000 -4.22159 0.00000 -0.00000 -1.00000 -0.00000
1612292862097110 0.99791 0.06466 0.00000 -69.67971 0.06466 -0.99791 0.00000 -4.37049 0.00000 -0.00000 -1.00000 -0.00000
1612292862347117 0.99798 0.06354 0.00000 -71.60931 0.06354 -0.99798 0.00000 -4.32447 0.00000 -0.00000 -1.00000 -0.00000
1612292862597121 0.99814 0.06090 0.00000 -73.48529 0.06090 -0.99814 0.00000 -4.08903 0.00000 -0.00000 -1.00000 -0.00000
1612292862847747 0.99838 0.05695 0.00000 -75.50337 0.05695 -0.99838 0.00000 -3.78977 0.00000 -0.00000 -1.00000 -0.00000
1612292863098383 0.99832 0.05792 0.00000 -77.42940 0.05792 -0.99832 0.00000 -3.92836 0.00000 -0.00000 -1.00000 -0.00000
1612292863348385 0.99802 0.06284 0.00000 -79.21923 0.06284 -0.99802 0.00000 -4.40407 0.00000 -0.00000 -1.00000 -0.00000
1612292863599009 0.99867 0.05157 0.00000 -81.15528 0.05157 -0.99867 0.00000 -3.46654 0.00000 -0.00000 -1.00000 -0.00000
1612292863848380 0.99815 0.06073 0.00000 -82.95264 0.06073 -0.99815 0.00000 -4.31948 0.00000 -0.00000 -1.00000 -0.00000
1612292864098385 0.99837 0.05713 0.00000 -84.85260 0.05713 -0.99837 0.00000 -3.93314 0.00000 -0.00000 -1.00000 -0.00000
1612292864348391 0.99898 0.04506 0.00000 -86.75847 0.04506 -0.99898 0.00000 -3.02692 0.00000 -0.00000 -1.00000 -0.00000
1612292864598392 0.99987 0.01632 0.00000 -88.65126 0.01632 -0.99987 0.00000 -0.44703 0.00000 -0.00000 -1.00000 -0.00000
1612292864847773 0.99994 -0.01083 0.00000 -90.32177 -0.01083 -0.99994 0.00000 1.82747 -0.00000 -0.00000 -1.00000 0.00000
1612292865097778 0.99808 -0.06201 0.00000 -91.99223 -0.06201 -0.99808 0.00000 6.57266 -0.00000 -0.00000 -1.00000 0.00000
1612292865347157 0.99396 -0.10972 0.00000 -93.20900 -0.10972 -0.99396 0.00000 10.96648 -0.00000 -0.00000 -1.00000 0.00000
1612292865597783 0.98529 -0.17091 -0.00000 -94.20544 -0.17091 -0.98529 0.00000 16.73163 -0.00000 -0.00000 -1.00000 0.00000
1612292865847158 0.97597 -0.21790 0.00000 -95.00182 -0.21790 -0.97597 0.00000 21.16830 -0.00000 -0.00000 -1.00000 0.00000
1612292866098414 0.96057 -0.27803 0.00000 -95.17153 -0.27803 -0.96057 0.00000 27.05427 -0.00000 -0.00000 -1.00000 0.00000
1612292866348421 0.94230 -0.33476 0.00000 -95.02935 -0.33476 -0.94230 0.00000 32.59532 -0.00000 -0.00000 -1.00000 0.00000
1612292866599046 0.92050 -0.39075 0.00000 -94.66248 -0.39075 -0.92050 0.00000 38.24058 -0.00000 -0.00000 -1.00000 0.00000
1612292866849045 0.89272 -0.45060 0.00000 -93.60221 -0.45060 -0.89272 0.00000 44.48967 -0.00000 -0.00000 -1.00000 0.00000
1612292867098424 0.86234 -0.50634 -0.00000 -92.24904 -0.50634 -0.86234 0.00000 50.34178 -0.00000 -0.00000 -1.00000 0.00000
1612292867347803 0.81973 -0.57275 0.00000 -89.72457 -0.57275 -0.81973 0.00000 57.40390 -0.00000 -0.00000 -1.00000 0.00000
1612292867597182 0.77466 -0.63238 0.00000 -86.87471 -0.63238 -0.77466 0.00000 63.87918 -0.00000 -0.00000 -1.00000 0.00000
1612292867847183 0.72532 -0.68841 0.00000 -83.55327 -0.68841 -0.72532 0.00000 70.23179 -0.00000 -0.00000 -1.00000 0.00000
1612292868097817 0.67450 -0.73827 0.00000 -80.12463 -0.73827 -0.67450 0.00000 76.06243 -0.00000 -0.00000 -1.00000 0.00000
1612292868347820 0.62217 -0.78288 -0.00000 -76.51966 -0.78288 -0.62217 0.00000 81.40371 -0.00000 -0.00000 -1.00000 0.00000
1612292868597826 0.57225 -0.82008 0.00000 -73.12212 -0.82008 -0.57225 0.00000 85.93067 -0.00000 -0.00000 -1.00000 0.00000
1612292868847816 0.52972 -0.84817 0.00000 -70.49832 -0.84817 -0.52972 0.00000 89.48146 -0.00000 -0.00000 -1.00000 0.00000
1612292869097827 0.49650 -0.86803 0.00000 -68.92571 -0.86803 -0.49650 0.00000 92.08430 -0.00000 -0.00000 -1.00000 0.00000
1612292869347831 0.47248 -0.88134 -0.00000 -68.38330 -0.88134 -0.47248 0.00000 93.91165 -0.00000 -0.00000 -1.00000 0.00000
1612292869597835 0.46435 -0.88565 0.00000 -69.52367 -0.88565 -0.46435 0.00000 94.39050 -0.00000 -0.00000 -1.00000 0.00000
1612292869847837 0.46493 -0.88534 0.00000 -71.68718 -0.88534 -0.46493 0.00000 94.29063 -0.00000 -0.00000 -1.00000 0.00000
1612292870098464 0.45795 -0.88898 -0.00000 -73.01275 -0.88898 -0.45795 0.00000 94.92404 -0.00000 -0.00000 -1.00000 0.00000
1612292870348470 0.45607 -0.88994 0.00000 -74.86755 -0.88994 -0.45607 0.00000 95.04567 -0.00000 -0.00000 -1.00000 0.00000
1612292870598467 0.45455 -0.89072 0.00000 -76.82596 -0.89072 -0.45455 0.00000 95.18842 -0.00000 -0.00000 -1.00000 0.00000
1612292870848475 0.44872 -0.89367 0.00000 -78.25694 -0.89367 -0.44872 0.00000 95.76448 -0.00000 -0.00000 -1.00000 0.00000
1612292871098485 0.44609 -0.89499 0.00000 -79.98817 -0.89499 -0.44609 0.00000 95.82315 -0.00000 -0.00000 -1.00000 0.00000
1612292871347857 0.45521 -0.89039 0.00000 -83.03855 -0.89039 -0.45521 0.00000 94.92008 -0.00000 -0.00000 -1.00000 0.00000
1612292871597861 0.45660 -0.88967 0.00000 -85.21392 -0.88967 -0.45660 0.00000 94.91242 -0.00000 -0.00000 -1.00000 0.00000
1612292871847863 0.45599 -0.88998 0.00000 -87.14399 -0.88998 -0.45599 0.00000 94.93623 -0.00000 -0.00000 -1.00000 0.00000
1612292872097867 0.45689 -0.88952 0.00000 -89.20055 -0.88952 -0.45689 0.00000 94.70963 -0.00000 -0.00000 -1.00000 0.00000
1612292872347872 0.46738 -0.88406 0.00000 -92.20954 -0.88406 -0.46738 0.00000 93.56574 -0.00000 -0.00000 -1.00000 0.00000
1612292872597877 0.47280 -0.88117 0.00000 -94.82420 -0.88117 -0.47280 0.00000 93.10421 -0.00000 -0.00000 -1.00000 0.00000
1612292872847873 0.48387 -0.87514 0.00000 -97.88993 -0.87514 -0.48387 0.00000 91.83967 -0.00000 -0.00000 -1.00000 0.00000
1612292873098500 0.48459 -0.87474 -0.00000 -99.92441 -0.87474 -0.48459 0.00000 91.66239 -0.00000 -0.00000 -1.00000 0.00000
1612292873348505 0.48327 -0.87547 -0.00000 -101.67837 -0.87547 -0.48327 0.00000 91.92153 -0.00000 -0.00000 -1.00000 0.00000
1612292873597886 0.48815 -0.87276 0.00000 -104.07748 -0.87276 -0.48815 0.00000 91.25124 -0.00000 -0.00000 -1.00000 0.00000
1612292873847893 0.49293 -0.87007 0.00000 -106.44626 -0.87007 -0.49293 0.00000 90.56559 -0.00000 -0.00000 -1.00000 0.00000
1612292874097893 0.48652 -0.87367 0.00000 -107.71936 -0.87367 -0.48652 0.00000 91.36972 -0.00000 -0.00000 -1.00000 0.00000
1612292874347274 0.49627 -0.86817 0.00000 -110.45261 -0.86817 -0.49627 0.00000 90.07822 -0.00000 -0.00000 -1.00000 0.00000
1612292874597279 0.49849 -0.86690 0.00000 -112.46611 -0.86690 -0.49849 0.00000 89.72361 -0.00000 -0.00000 -1.00000 0.00000
1612292874847906 0.49873 -0.86676 0.00000 -114.46189 -0.86676 -0.49873 0.00000 89.85084 -0.00000 -0.00000 -1.00000 0.00000
1612292875097909 0.50638 -0.86231 0.00000 -116.82950 -0.86231 -0.50638 0.00000 88.71125 -0.00000 -0.00000 -1.00000 0.00000
1612292875348535 0.52888 -0.84870 0.00000 -120.89071 -0.84870 -0.52888 0.00000 85.58816 -0.00000 -0.00000 -1.00000 0.00000
1612292875598539 0.55817 -0.82973 0.00000 -125.52038 -0.82973 -0.55817 0.00000 81.20676 -0.00000 -0.00000 -1.00000 0.00000
1612292875849169 0.58480 -0.81118 0.00000 -129.86515 -0.81118 -0.58480 0.00000 77.09782 -0.00000 -0.00000 -1.00000 0.00000
1612292876099170 0.62558 -0.78016 0.00000 -135.03750 -0.78016 -0.62558 0.00000 70.29694 -0.00000 -0.00000 -1.00000 0.00000
1612292876349176 0.66278 -0.74882 -0.00000 -139.87847 -0.74882 -0.66278 0.00000 63.65795 -0.00000 -0.00000 -1.00000 0.00000
1612292876599189 0.70179 -0.71238 0.00000 -144.74221 -0.71238 -0.70179 0.00000 56.05232 -0.00000 -0.00000 -1.00000 0.00000
1612292876849179 0.74598 -0.66596 0.00000 -149.41090 -0.66596 -0.74598 0.00000 46.64783 -0.00000 -0.00000 -1.00000 0.00000
1612292877099181 0.79875 -0.60167 0.00000 -154.11861 -0.60167 -0.79875 0.00000 34.16112 -0.00000 -0.00000 -1.00000 0.00000
1612292877348561 0.85261 -0.52255 0.00000 -158.06739 -0.52255 -0.85261 0.00000 19.23135 -0.00000 -0.00000 -1.00000 0.00000
1612292877598565 0.89865 -0.43867 0.00000 -160.48513 -0.43867 -0.89865 0.00000 3.97436 -0.00000 -0.00000 -1.00000 0.00000
1612292877848570 0.93890 -0.34420 0.00000 -161.22053 -0.34420 -0.93890 0.00000 -12.46829 -0.00000 -0.00000 -1.00000 -0.00000
1612292878098572 0.97165 -0.23642 0.00000 -159.92062 -0.23642 -0.97165 0.00000 -30.54080 -0.00000 -0.00000 -1.00000 -0.00000
1612292878348576 0.99196 -0.12654 0.00000 -156.54511 -0.12654 -0.99196 0.00000 -48.11697 -0.00000 -0.00000 -1.00000 -0.00000
1612292878598575 0.99999 -0.00399 -0.00000 -150.50715 -0.00399 -0.99999 0.00000 -66.95844 -0.00000 -0.00000 -1.00000 -0.00000
1612292878848579 0.99168 0.12875 0.00000 -141.28558 0.12875 -0.99168 0.00000 -86.24946 0.00000 -0.00000 -1.00000 -0.00000
1612292879098591 0.96051 0.27824 0.00000 -127.35415 0.27824 -0.96051 0.00000 -106.72095 0.00000 -0.00000 -1.00000 -0.00000
1612292879348591 0.90616 0.42293 0.00000 -110.45556 0.42293 -0.90616 0.00000 -125.05240 0.00000 -0.00000 -1.00000 -0.00000
1612292879598591 0.82577 0.56401 0.00000 -89.62486 0.56401 -0.82577 0.00000 -141.17127 0.00000 -0.00000 -1.00000 -0.00000
1612292879847970 0.71566 0.69845 0.00000 -64.67267 0.69845 -0.71566 0.00000 -154.65457 0.00000 -0.00000 -1.00000 -0.00000
1612292880097973 0.58463 0.81130 0.00000 -37.90648 0.81130 -0.58463 0.00000 -163.46446 0.00000 -0.00000 -1.00000 -0.00000
1612292880348602 0.44385 0.89610 0.00000 -11.58121 0.89610 -0.44385 0.00000 -167.40013 0.00000 -0.00000 -1.00000 -0.00000
1612292880598606 0.27846 0.96045 0.00000 17.38384 0.96045 -0.27846 0.00000 -166.77583 0.00000 -0.00000 -1.00000 -0.00000
1612292880848608 0.10944 0.99399 -0.00000 44.86406 0.99399 -0.10944 0.00000 -161.25790 0.00000 -0.00000 -1.00000 -0.00000
1612292881098609 -0.06686 0.99776 0.00000 71.71415 0.99776 0.06686 0.00000 -150.83609 0.00000 0.00000 -1.00000 -0.00000
1612292881348615 -0.24200 0.97028 0.00000 96.33267 0.97028 0.24200 0.00000 -135.72929 0.00000 0.00000 -1.00000 -0.00000
1612292881598618 -0.40823 0.91288 0.00000 117.71166 0.91288 0.40823 0.00000 -116.74346 0.00000 0.00000 -1.00000 -0.00000
1612292881848619 -0.56433 0.82555 0.00000 135.71948 0.82555 0.56433 0.00000 -93.73888 0.00000 0.00000 -1.00000 -0.00000
1612292882097995 -0.68413 0.72936 0.00000 147.46166 0.72936 0.68413 0.00000 -71.92553 0.00000 0.00000 -1.00000 -0.00000
1612292882348627 -0.78009 0.62567 0.00000 155.10588 0.62567 0.78009 0.00000 -50.33006 0.00000 0.00000 -1.00000 -0.00000
1612292882598633 -0.84739 0.53097 0.00000 158.89892 0.53097 0.84739 0.00000 -32.01494 0.00000 0.00000 -1.00000 -0.00000
1612292882848634 -0.89357 0.44892 0.00000 160.04337 0.44892 0.89357 0.00000 -16.88281 0.00000 0.00000 -1.00000 -0.00000
1612292883099261 -0.91864 0.39510 0.00000 159.49322 0.39510 0.91864 0.00000 -7.38056 0.00000 0.00000 -1.00000 -0.00000
1612292883349263 -0.93523 0.35403 0.00000 158.42977 0.35403 0.93523 0.00000 -0.34425 0.00000 0.00000 -1.00000 -0.00000
1612292883599270 -0.94092 0.33863 0.00000 157.06219 0.33863 0.94092 0.00000 2.38182 0.00000 0.00000 -1.00000 0.00000
1612292883849272 -0.94051 0.33977 0.00000 155.77326 0.33977 0.94051 0.00000 2.11186 0.00000 0.00000 -1.00000 0.00000
1612292884098654 -0.93815 0.34622 0.00000 154.37916 0.34622 0.93815 0.00000 1.08646 0.00000 0.00000 -1.00000 0.00000
1612292884348654 -0.92797 0.37265 0.00000 152.79652 0.37265 0.92797 0.00000 -3.33980 0.00000 0.00000 -1.00000 -0.00000
1612292884598668 -0.91487 0.40376 0.00000 151.19538 0.40376 0.91487 0.00000 -8.49599 0.00000 0.00000 -1.00000 -0.00000
1612292884848660 -0.89552 0.44503 0.00000 149.11459 0.44503 0.89552 0.00000 -15.38327 0.00000 0.00000 -1.00000 -0.00000
1612292885098664 -0.87004 0.49298 0.00000 146.53478 0.49298 0.87004 0.00000 -23.50349 0.00000 0.00000 -1.00000 -0.00000
1612292885348670 -0.83953 0.54331 0.00000 143.25033 0.54331 0.83953 0.00000 -32.10350 0.00000 0.00000 -1.00000 -0.00000
1612292885598669 -0.80578 0.59222 0.00000 139.40873 0.59222 0.80578 0.00000 -40.51641 0.00000 0.00000 -1.00000 -0.00000
1612292885848050 -0.77330 0.63404 -0.00000 135.33103 0.63404 0.77330 0.00000 -47.95225 0.00000 0.00000 -1.00000 -0.00000
1612292886098053 -0.72850 0.68505 0.00000 130.05537 0.68505 0.72850 0.00000 -56.99975 0.00000 0.00000 -1.00000 -0.00000
1612292886348056 -0.68466 0.72886 0.00000 124.52872 0.72886 0.68466 0.00000 -65.02583 0.00000 0.00000 -1.00000 -0.00000
1612292886598058 -0.64307 0.76581 0.00000 118.86828 0.76581 0.64307 0.00000 -71.84251 0.00000 0.00000 -1.00000 -0.00000
1612292886848057 -0.60340 0.79744 0.00000 113.17387 0.79744 0.60340 0.00000 -77.87639 0.00000 0.00000 -1.00000 -0.00000
1612292887098690 -0.55811 0.82977 0.00000 106.75637 0.82977 0.55811 0.00000 -83.96893 0.00000 0.00000 -1.00000 -0.00000
1612292887348691 -0.52158 0.85320 0.00000 101.12983 0.85320 0.52158 0.00000 -88.55936 0.00000 0.00000 -1.00000 -0.00000
1612292887598692 -0.49786 0.86726 0.00000 96.61250 0.86726 0.49786 0.00000 -91.27398 0.00000 0.00000 -1.00000 -0.00000
1612292887848701 -0.47349 0.88080 0.00000 91.88234 0.88080 0.47349 0.00000 -93.89674 0.00000 0.00000 -1.00000 -0.00000
1612292888098701 -0.45014 0.89296 -0.00000 87.37940 0.89296 0.45014 0.00000 -96.32169 0.00000 0.00000 -1.00000 -0.00000
1612292888348705 -0.44214 0.89695 0.00000 84.41820 0.89695 0.44214 0.00000 -97.23612 0.00000 0.00000 -1.00000 -0.00000
1612292888599334 -0.43132 0.90220 0.00000 81.22359 0.90220 0.43132 0.00000 -98.21442 0.00000 0.00000 -1.00000 -0.00000
1612292888849335 -0.43032 0.90268 0.00000 79.07839 0.90268 0.43032 0.00000 -98.40434 0.00000 0.00000 -1.00000 -0.00000
1612292889099338 -0.42273 0.90626 0.00000 76.20409 0.90626 0.42273 0.00000 -99.07537 0.00000 0.00000 -1.00000 -0.00000
1612292889348716 -0.42338 0.90595 0.00000 74.24294 0.90595 0.42338 0.00000 -99.10905 0.00000 0.00000 -1.00000 -0.00000
1612292889598093 -0.42374 0.90578 0.00000 72.20984 0.90578 0.42374 0.00000 -99.00919 0.00000 0.00000 -1.00000 -0.00000
1612292889848725 -0.42392 0.90570 0.00000 70.20662 0.90570 0.42392 0.00000 -98.92261 0.00000 0.00000 -1.00000 -0.00000
1612292890098102 -0.43334 0.90123 0.00000 69.28882 0.90123 0.43334 0.00000 -98.31949 0.00000 0.00000 -1.00000 -0.00000
1612292890348103 -0.44731 0.89438 0.00000 68.88359 0.89438 0.44731 0.00000 -97.32049 0.00000 0.00000 -1.00000 -0.00000
1612292890598107 -0.46476 0.88544 -0.00000 68.80337 0.88544 0.46476 0.00000 -95.97488 0.00000 0.00000 -1.00000 -0.00000
1612292890847482 -0.49603 0.86830 -0.00000 70.36764 0.86830 0.49603 0.00000 -93.51197 0.00000 0.00000 -1.00000 -0.00000
1612292891098113 -0.51931 0.85458 0.00000 70.90064 0.85458 0.51931 0.00000 -91.65653 0.00000 0.00000 -1.00000 -0.00000
1612292891348118 -0.55651 0.83084 0.00000 73.09372 0.83084 0.55651 0.00000 -88.47293 0.00000 0.00000 -1.00000 -0.00000
1612292891598121 -0.59269 0.80543 -0.00000 75.07866 0.80543 0.59269 0.00000 -85.36401 0.00000 0.00000 -1.00000 -0.00000
1612292891849374 -0.63113 0.77568 0.00000 77.41750 0.77568 0.63113 0.00000 -81.40729 0.00000 0.00000 -1.00000 -0.00000
1612292892099999 -0.66992 0.74243 0.00000 79.78501 0.74243 0.66992 0.00000 -77.48472 0.00000 0.00000 -1.00000 -0.00000
1612292892350003 -0.70854 0.70567 0.00000 82.24360 0.70567 0.70854 0.00000 -73.14382 0.00000 0.00000 -1.00000 -0.00000
1612292892600018 -0.75032 0.66107 0.00000 84.87490 0.66107 0.75032 0.00000 -68.14696 0.00000 0.00000 -1.00000 -0.00000
1612292892850011 -0.78609 0.61811 0.00000 86.86427 0.61811 0.78609 0.00000 -63.26387 0.00000 0.00000 -1.00000 -0.00000
1612292893099389 -0.82431 0.56614 0.00000 89.28804 0.56614 0.82431 0.00000 -57.63782 0.00000 0.00000 -1.00000 -0.00000
1612292893349395 -0.85525 0.51822 0.00000 90.75936 0.51822 0.85525 0.00000 -52.33582 0.00000 0.00000 -1.00000 -0.00000
1612292893599399 -0.88524 0.46514 0.00000 92.24377 0.46514 0.88524 0.00000 -46.66652 0.00000 0.00000 -1.00000 -0.00000
1612292893849401 -0.90854 0.41779 -0.00000 93.04659 0.41779 0.90854 0.00000 -41.83155 0.00000 0.00000 -1.00000 -0.00000
1612292894098778 -0.93494 0.35482 0.00000 94.18811 0.35482 0.93494 0.00000 -35.32045 0.00000 0.00000 -1.00000 -0.00000
1612292894349409 -0.95281 0.30357 -0.00000 94.35608 0.30357 0.95281 0.00000 -30.27979 0.00000 0.00000 -1.00000 -0.00000
1612292894598784 -0.97025 0.24209 -0.00000 94.63082 0.24209 0.97025 0.00000 -24.36831 0.00000 0.00000 -1.00000 -0.00000
1612292894848790 -0.98187 0.18955 0.00000 94.12968 0.18955 0.98187 0.00000 -19.23809 0.00000 0.00000 -1.00000 -0.00000
1612292895098176 -0.99181 0.12773 0.00000 93.43144 0.12773 0.99181 0.00000 -13.31408 0.00000 0.00000 -1.00000 -0.00000
1612292895348795 -0.99688 0.07898 0.00000 92.28124 0.07898 0.99688 0.00000 -8.71462 0.00000 0.00000 -1.00000 -0.00000
1612292895598174 -0.99915 0.04132 0.00000 90.73887 0.04132 0.99915 0.00000 -5.21708 0.00000 0.00000 -1.00000 -0.00000
1612292895848179 -0.99986 0.01648 0.00000 88.99824 0.01648 0.99986 0.00000 -2.98438 0.00000 0.00000 -1.00000 -0.00000
1612292896097552 -0.99999 -0.00323 0.00000 87.29885 -0.00323 0.99999 0.00000 -1.32392 -0.00000 0.00000 -1.00000 -0.00000
1612292896348184 -1.00000 0.00117 0.00000 85.52788 0.00117 1.00000 0.00000 -1.56365 0.00000 0.00000 -1.00000 -0.00000
1612292896598186 -0.99999 -0.00383 0.00000 83.67529 -0.00383 0.99999 0.00000 -1.16351 -0.00000 0.00000 -1.00000 -0.00000
1612292896848189 -0.99996 -0.00909 0.00000 81.88477 -0.00909 0.99996 0.00000 -0.68376 -0.00000 0.00000 -1.00000 -0.00000
1612292897098819 -0.99987 -0.01631 0.00000 80.08352 -0.01631 0.99987 0.00000 -0.21722 -0.00000 0.00000 -1.00000 -0.00000
1612292897349447 -0.99987 -0.01582 0.00000 78.30910 -0.01582 0.99987 0.00000 -0.27937 -0.00000 0.00000 -1.00000 -0.00000
1612292897599450 -0.99976 -0.02177 0.00000 76.56600 -0.02177 0.99976 0.00000 0.16219 -0.00000 0.00000 -1.00000 0.00000
1612292897849450 -0.99982 -0.01902 -0.00000 74.72630 -0.01902 0.99982 0.00000 -0.07432 -0.00000 0.00000 -1.00000 -0.00000
1612292898099457 -0.99969 -0.02477 0.00000 73.02390 -0.02477 0.99969 0.00000 0.31083 -0.00000 0.00000 -1.00000 0.00000
1612292898349458 -0.99965 -0.02653 0.00000 71.25743 -0.02653 0.99965 0.00000 0.40513 -0.00000 0.00000 -1.00000 0.00000
1612292898599766 -0.99958 -0.02888 0.00000 69.49772 -0.02888 0.99958 0.00000 0.65365 -0.00000 0.00000 -1.00000 0.00000
1612292898850085 -0.99940 -0.03460 0.00000 67.71938 -0.03460 0.99940 0.00000 0.94973 -0.00000 0.00000 -1.00000 0.00000
1612292899100087 -0.99896 -0.04558 -0.00000 65.87287 -0.04558 0.99896 0.00000 1.60109 -0.00000 0.00000 -1.00000 0.00000
1612292899350105 -0.99799 -0.06343 -0.00000 64.07741 -0.06343 0.99799 0.00000 2.68285 -0.00000 0.00000 -1.00000 0.00000
1612292899600096 -0.99727 -0.07387 0.00000 62.22991 -0.07387 0.99727 0.00000 3.42063 -0.00000 0.00000 -1.00000 0.00000
1612292899850104 -0.99672 -0.08091 0.00000 60.36064 -0.08091 0.99672 0.00000 3.80153 -0.00000 0.00000 -1.00000 0.00000
1612292900100106 -0.99608 -0.08845 0.00000 58.58039 -0.08845 0.99608 0.00000 4.22461 -0.00000 0.00000 -1.00000 0.00000
1612292900350106 -0.99623 -0.08675 0.00000 56.73507 -0.08675 0.99623 0.00000 4.06569 -0.00000 0.00000 -1.00000 0.00000
1612292900599497 -0.99618 -0.08727 -0.00000 54.93894 -0.08727 0.99618 0.00000 4.08034 -0.00000 0.00000 -1.00000 0.00000
1612292900849487 -0.99684 -0.07942 0.00000 53.08123 -0.07942 0.99684 0.00000 3.65383 -0.00000 0.00000 -1.00000 0.00000
1612292901098865 -0.99707 -0.07648 -0.00000 51.16739 -0.07648 0.99707 0.00000 3.41315 -0.00000 0.00000 -1.00000 0.00000
1612292901348870 -0.99761 -0.06911 0.00000 49.30586 -0.06911 0.99761 0.00000 3.09545 -0.00000 0.00000 -1.00000 0.00000
1612292901598876 -0.99831 -0.05809 -0.00000 47.42278 -0.05809 0.99831 0.00000 2.36872 -0.00000 0.00000 -1.00000 0.00000
1612292901848251 -0.99875 -0.05007 -0.00000 45.49311 -0.05007 0.99875 0.00000 2.02334 -0.00000 0.00000 -1.00000 0.00000
1612292902097635 -0.99927 -0.03818 0.00000 43.55958 -0.03818 0.99927 0.00000 1.45675 -0.00000 0.00000 -1.00000 0.00000
1612292902347634 -0.99952 -0.03086 0.00000 41.66729 -0.03086 0.99952 0.00000 1.14680 -0.00000 0.00000 -1.00000 0.00000
1612292902598264 -0.99970 -0.02469 0.00000 39.62929 -0.02469 0.99970 0.00000 0.92629 -0.00000 0.00000 -1.00000 0.00000
1612292902848886 -0.99985 -0.01736 0.00000 37.62476 -0.01736 0.99985 0.00000 0.67280 -0.00000 0.00000 -1.00000 0.00000
1612292903098903 -0.99988 -0.01540 0.00000 35.62126 -0.01540 0.99988 0.00000 0.36786 -0.00000 0.00000 -1.00000 0.00000
1612292903348898 -0.99984 -0.01772 0.00000 33.52366 -0.01772 0.99984 0.00000 0.47906 -0.00000 0.00000 -1.00000 0.00000
1612292903598901 -0.99989 -0.01487 0.00000 31.39221 -0.01487 0.99989 0.00000 0.44275 -0.00000 0.00000 -1.00000 0.00000
1612292903849524 -0.99999 -0.00456 0.00000 29.35439 -0.00456 0.99999 0.00000 0.01145 -0.00000 0.00000 -1.00000 0.00000
1612292904098920 -1.00000 -0.00191 0.00000 27.19466 -0.00191 1.00000 0.00000 -0.07492 -0.00000 0.00000 -1.00000 -0.00000
1612292904348912 -1.00000 0.00095 0.00000 25.07618 0.00095 1.00000 0.00000 -0.13264 0.00000 0.00000 -1.00000 -0.00000
1612292904598917 -0.99994 0.01131 -0.00000 22.98033 0.01131 0.99994 0.00000 -0.39623 0.00000 0.00000 -1.00000 -0.00000
1612292904848290 -0.99988 0.01537 0.00000 20.80008 0.01537 0.99988 0.00000 -0.56673 0.00000 0.00000 -1.00000 -0.00000
1612292905098297 -0.99975 0.02221 0.00000 18.67023 0.02221 0.99975 0.00000 -0.68804 0.00000 0.00000 -1.00000 -0.00000
1612292905348300 -0.99944 0.03361 0.00000 16.42890 0.03361 0.99944 0.00000 -0.93381 0.00000 0.00000 -1.00000 -0.00000
1612292905598301 -0.99937 0.03538 0.00000 14.33911 0.03538 0.99937 0.00000 -0.93095 0.00000 0.00000 -1.00000 -0.00000
1612292905847681 -0.99953 0.03052 0.00000 12.06521 0.03052 0.99953 0.00000 -0.88053 0.00000 0.00000 -1.00000 -0.00000
1612292906097681 -0.99920 0.03991 0.00000 9.82482 0.03991 0.99920 0.00000 -0.99653 0.00000 0.00000 -1.00000 -0.00000
1612292906348311 -0.99920 0.04004 -0.00000 7.48703 0.04004 0.99920 0.00000 -0.99216 0.00000 0.00000 -1.00000 -0.00000
1612292906598314 -0.99937 0.03554 0.00000 5.28002 0.03554 0.99937 0.00000 -1.01465 0.00000 0.00000 -1.00000 -0.00000
1612292906848316 -0.99925 0.03877 0.00000 2.98562 0.03877 0.99925 0.00000 -1.09545 0.00000 0.00000 -1.00000 -0.00000
1612292907098316 -0.99918 0.04054 0.00000 0.71704 0.04054 0.99918 0.00000 -1.11206 0.00000 0.00000 -1.00000 -0.00000
1612292907348324 -0.99912 0.04193 0.00000 -1.48100 0.04193 0.99912 0.00000 -1.13204 0.00000 0.00000 -1.00000 -0.00000
1612292907598326 -0.99884 0.04808 0.00000 -3.71813 0.04808 0.99884 0.00000 -1.15762 0.00000 0.00000 -1.00000 -0.00000
1612292907847704 -0.99934 0.03645 0.00000 -5.93567 0.03645 0.99934 0.00000 -1.18540 0.00000 0.00000 -1.00000 -0.00000
1612292908097709 -0.99931 0.03711 0.00000 -8.09929 0.03711 0.99931 0.00000 -1.23744 0.00000 0.00000 -1.00000 -0.00000
1612292908348334 -0.99905 0.04361 0.00000 -10.36737 0.04361 0.99905 0.00000 -1.12201 0.00000 0.00000 -1.00000 -0.00000
1612292908597722 -0.99937 0.03543 0.00000 -12.56260 0.03543 0.99937 0.00000 -1.40070 0.00000 0.00000 -1.00000 -0.00000
1612292908848360 -0.99946 0.03289 0.00000 -14.75739 0.03289 0.99946 0.00000 -1.47058 0.00000 0.00000 -1.00000 -0.00000
1612292909098968 -0.99960 0.02816 0.00000 -16.96941 0.02816 0.99960 0.00000 -1.53276 0.00000 0.00000 -1.00000 -0.00000
1612292909348973 -0.99969 0.02481 -0.00000 -19.35059 0.02481 0.99969 0.00000 -1.74404 0.00000 0.00000 -1.00000 -0.00000
1612292909599601 -0.99970 0.02454 -0.00000 -21.45162 0.02454 0.99970 0.00000 -1.69647 0.00000 0.00000 -1.00000 -0.00000
1612292909848985 -0.99997 0.00833 0.00000 -23.75666 0.00833 0.99997 0.00000 -2.13823 0.00000 0.00000 -1.00000 -0.00000
1612292910098984 -1.00000 0.00247 0.00000 -25.95650 0.00247 1.00000 0.00000 -2.21237 0.00000 0.00000 -1.00000 -0.00000
1612292910348989 -0.99998 -0.00592 0.00000 -28.23820 -0.00592 0.99998 0.00000 -2.51526 -0.00000 0.00000 -1.00000 -0.00000
1612292910598993 -0.99997 -0.00802 -0.00000 -30.52520 -0.00802 0.99997 0.00000 -2.51830 -0.00000 0.00000 -1.00000 -0.00000
1612292910848998 -0.99993 -0.01183 0.00000 -32.64428 -0.01183 0.99993 0.00000 -2.66186 -0.00000 0.00000 -1.00000 -0.00000
1612292911098381 -0.99951 -0.03125 -0.00000 -34.80982 -0.03125 0.99951 0.00000 -3.39542 -0.00000 0.00000 -1.00000 -0.00000
1612292911348999 -0.99961 -0.02792 0.00000 -36.98041 -0.02792 0.99961 0.00000 -3.23547 -0.00000 0.00000 -1.00000 -0.00000
1612292911599001 -0.99930 -0.03738 0.00000 -38.94105 -0.03738 0.99930 0.00000 -3.58871 -0.00000 0.00000 -1.00000 -0.00000
1612292911848382 -0.99889 -0.04715 0.00000 -41.04573 -0.04715 0.99889 0.00000 -3.97840 -0.00000 0.00000 -1.00000 -0.00000
1612292912098382 -0.99861 -0.05267 0.00000 -42.85880 -0.05267 0.99861 0.00000 -4.23133 -0.00000 0.00000 -1.00000 -0.00000
1612292912348387 -0.99890 -0.04681 0.00000 -44.86075 -0.04681 0.99890 0.00000 -4.07698 -0.00000 0.00000 -1.00000 -0.00000
1612292912598391 -0.99881 -0.04876 0.00000 -46.72359 -0.04876 0.99881 0.00000 -4.06872 -0.00000 0.00000 -1.00000 -0.00000
1612292912847774 -0.99890 -0.04688 0.00000 -48.40920 -0.04688 0.99890 0.00000 -4.12625 -0.00000 0.00000 -1.00000 -0.00000
1612292913099020 -0.99898 -0.04511 0.00000 -50.15264 -0.04511 0.99898 0.00000 -4.03006 -0.00000 0.00000 -1.00000 -0.00000
1612292913349646 -0.99962 -0.02773 0.00000 -51.74975 -0.02773 0.99962 0.00000 -3.07401 -0.00000 0.00000 -1.00000 -0.00000
1612292913599651 -0.99984 -0.01792 0.00000 -53.28874 -0.01792 0.99984 0.00000 -2.69437 -0.00000 0.00000 -1.00000 -0.00000
1612292913849658 -1.00000 -0.00149 0.00000 -54.72619 -0.00149 1.00000 0.00000 -1.77735 -0.00000 0.00000 -1.00000 -0.00000
1612292914100286 -0.99940 0.03470 0.00000 -56.07841 0.03470 0.99940 0.00000 0.21469 0.00000 0.00000 -1.00000 0.00000
1612292914349667 -0.99852 0.05431 0.00000 -57.33835 0.05431 0.99852 0.00000 1.23212 0.00000 0.00000 -1.00000 0.00000
1612292914599669 -0.99550 0.09476 0.00000 -58.40898 0.09476 0.99550 0.00000 3.60112 0.00000 0.00000 -1.00000 0.00000
1612292914849689 -0.99019 0.13973 -0.00000 -59.27451 0.13973 0.99019 0.00000 6.16503 0.00000 0.00000 -1.00000 0.00000
1612292915099693 -0.98060 0.19604 -0.00000 -59.90626 0.19604 0.98060 0.00000 9.55826 0.00000 0.00000 -1.00000 0.00000
1612292915349073 -0.96750 0.25289 0.00000 -60.33361 0.25289 0.96750 0.00000 12.96801 0.00000 0.00000 -1.00000 0.00000
1612292915599078 -0.94393 0.33015 -0.00000 -60.16982 0.33015 0.94393 0.00000 17.91879 0.00000 0.00000 -1.00000 0.00000
1612292915849078 -0.90983 0.41499 0.00000 -59.32092 0.41499 0.90983 0.00000 23.30563 0.00000 0.00000 -1.00000 0.00000
1612292916099081 -0.86551 0.50090 0.00000 -57.79759 0.50090 0.86551 0.00000 28.82625 0.00000 0.00000 -1.00000 0.00000
1612292916348460 -0.80665 0.59103 0.00000 -55.36712 0.59103 0.80665 0.00000 34.83318 0.00000 0.00000 -1.00000 0.00000
1612292916598484 -0.72854 0.68500 0.00000 -51.79357 0.68500 0.72854 0.00000 41.29976 0.00000 0.00000 -1.00000 0.00000
1612292916847846 -0.63761 0.77036 0.00000 -47.19829 0.77036 0.63761 0.00000 47.26197 0.00000 0.00000 -1.00000 0.00000
1612292917097850 -0.52796 0.84927 0.00000 -41.49759 0.84927 0.52796 0.00000 53.34629 0.00000 0.00000 -1.00000 0.00000
1612292917348478 -0.41210 0.91114 0.00000 -35.20553 0.91114 0.41210 0.00000 58.33160 0.00000 0.00000 -1.00000 0.00000
1612292917599104 -0.30532 0.95225 0.00000 -29.41749 0.95225 0.30532 0.00000 61.93687 0.00000 0.00000 -1.00000 0.00000
1612292917848481 -0.22701 0.97389 -0.00000 -25.42591 0.97389 0.22701 0.00000 64.04803 0.00000 0.00000 -1.00000 0.00000
1612292918099112 -0.16054 0.98703 0.00000 -22.23573 0.98703 0.16054 0.00000 65.67544 0.00000 0.00000 -1.00000 0.00000
1612292918349114 -0.12790 0.99179 0.00000 -21.24491 0.99179 0.12790 0.00000 66.30719 0.00000 0.00000 -1.00000 0.00000
1612292918599112 -0.08844 0.99608 0.00000 -20.02913 0.99608 0.08844 0.00000 67.05427 0.00000 0.00000 -1.00000 0.00000
1612292918848490 -0.08338 0.99652 -0.00000 -20.98883 0.99652 0.08338 0.00000 67.13724 0.00000 0.00000 -1.00000 0.00000
1612292919098510 -0.06350 0.99798 0.00000 -21.15645 0.99798 0.06350 0.00000 67.39881 0.00000 0.00000 -1.00000 0.00000
1612292919348484 -0.05596 0.99843 0.00000 -22.00161 0.99843 0.05596 0.00000 67.61370 0.00000 0.00000 -1.00000 0.00000
1612292919598489 -0.05510 0.99848 0.00000 -23.44403 0.99848 0.05510 0.00000 67.55992 0.00000 0.00000 -1.00000 0.00000
1612292919848489 -0.05753 0.99834 -0.00000 -25.17635 0.99834 0.05753 0.00000 67.57925 0.00000 0.00000 -1.00000 0.00000
1612292920099117 -0.05335 0.99858 0.00000 -26.49639 0.99858 0.05335 0.00000 67.60884 0.00000 0.00000 -1.00000 0.00000
1612292920349134 -0.06532 0.99786 0.00000 -28.98981 0.99786 0.06532 0.00000 67.11088 0.00000 0.00000 -1.00000 0.00000
1612292920599133 -0.05090 0.99870 -0.00000 -29.61027 0.99870 0.05090 0.00000 67.52569 0.00000 0.00000 -1.00000 0.00000
1612292920849128 -0.03649 0.99933 0.00000 -30.26474 0.99933 0.03649 0.00000 67.99237 0.00000 0.00000 -1.00000 0.00000
1612292921099129 -0.02167 0.99977 -0.00000 -30.87110 0.99977 0.02167 0.00000 68.33412 0.00000 0.00000 -1.00000 0.00000
1612292921349136 -0.01113 0.99994 0.00000 -31.80135 0.99994 0.01113 0.00000 68.71955 0.00000 0.00000 -1.00000 0.00000
1612292921599140 0.02125 0.99977 0.00000 -31.32535 0.99977 -0.02125 0.00000 69.56192 0.00000 -0.00000 -1.00000 0.00000
1612292921849143 0.05019 0.99874 0.00000 -30.90761 0.99874 -0.05019 0.00000 70.54980 0.00000 -0.00000 -1.00000 0.00000
1612292922098520 0.08164 0.99666 0.00000 -30.39362 0.99666 -0.08164 0.00000 71.49040 0.00000 -0.00000 -1.00000 0.00000
1612292922348524 0.11667 0.99317 0.00000 -29.60744 0.99317 -0.11667 0.00000 72.42439 0.00000 -0.00000 -1.00000 0.00000
1612292922597897 0.12595 0.99204 0.00000 -30.56512 0.99204 -0.12595 0.00000 72.59643 0.00000 -0.00000 -1.00000 0.00000
1612292922847909 0.14579 0.98932 0.00000 -30.88043 0.98932 -0.14579 0.00000 73.17810 0.00000 -0.00000 -1.00000 0.00000
1612292923097910 0.13959 0.99021 0.00000 -32.92933 0.99021 -0.13959 0.00000 72.96214 0.00000 -0.00000 -1.00000 0.00000
1612292923348536 0.13020 0.99149 0.00000 -35.62703 0.99149 -0.13020 0.00000 72.60592 0.00000 -0.00000 -1.00000 0.00000
1612292923599167 0.11071 0.99385 -0.00000 -38.87605 0.99385 -0.11071 0.00000 71.81309 0.00000 -0.00000 -1.00000 0.00000
1612292923849792 0.09721 0.99526 0.00000 -41.66573 0.99526 -0.09721 0.00000 71.32132 0.00000 -0.00000 -1.00000 0.00000
1612292924099173 0.06908 0.99761 0.00000 -45.60494 0.99761 -0.06908 0.00000 70.02174 0.00000 -0.00000 -1.00000 0.00000
1612292924349798 0.04820 0.99884 0.00000 -48.99548 0.99884 -0.04820 0.00000 69.04131 0.00000 -0.00000 -1.00000 0.00000
1612292924599813 0.03556 0.99937 0.00000 -51.82231 0.99937 -0.03556 0.00000 68.40850 0.00000 -0.00000 -1.00000 0.00000
1612292924849184 0.01170 0.99993 0.00000 -55.45855 0.99993 -0.01170 0.00000 67.10143 0.00000 -0.00000 -1.00000 0.00000
1612292925099185 -0.00026 1.00000 0.00000 -58.26676 1.00000 0.00026 0.00000 66.36716 0.00000 0.00000 -1.00000 0.00000
1612292925349189 -0.00844 0.99996 0.00000 -60.72485 0.99996 0.00844 0.00000 65.91185 0.00000 0.00000 -1.00000 0.00000
1612292925599190 -0.01387 0.99990 0.00000 -63.11783 0.99990 0.01387 0.00000 65.53364 0.00000 0.00000 -1.00000 0.00000
1612292925849189 -0.02197 0.99976 0.00000 -65.56643 0.99976 0.02197 0.00000 65.03538 0.00000 0.00000 -1.00000 0.00000
1612292926098576 -0.03048 0.99954 -0.00000 -67.98138 0.99954 0.03048 0.00000 64.47613 0.00000 0.00000 -1.00000 0.00000
1612292926348591 -0.03078 0.99953 0.00000 -70.10775 0.99953 0.03078 0.00000 64.40705 0.00000 0.00000 -1.00000 0.00000
1612292926598578 -0.03624 0.99934 -0.00000 -72.32593 0.99934 0.03624 0.00000 63.96037 0.00000 0.00000 -1.00000 0.00000
1612292926848582 -0.03381 0.99943 0.00000 -74.06287 0.99943 0.03381 0.00000 64.11268 0.00000 0.00000 -1.00000 0.00000
1612292927097965 -0.03431 0.99941 0.00000 -75.94420 0.99941 0.03431 0.00000 64.08059 0.00000 0.00000 -1.00000 0.00000
