1. 0. 0. 0. 0. 1. 0. 0. 0. 0. 1. 0.
1. -0. 0. 0.011 0. 1. 0. -0.001 0. 0. 1. 0.
1. -0. 0. 0.011 0. 1. 0. -0.002 0. 0. 1. 0.
1. -0. 0. 0.007 0. 1. 0. -0.002 0. 0. 1. 0.
1. -0. 0. 0.003 0. 1. 0. -0.002 0. 0. 1. 0.
1. -0. 0. -0.001 0. 1. 0. -0.000 0. 0. 1. 0.
1. -0. 0. 0.008 0. 1. 0. -0.002 0. 0. 1. 0.
1. -0. 0. 0.010 0. 1. 0. -0.002 0. 0. 1. 0.
1. 0. 0. 0.011 -0. 1. -0. -0.002 -0. 0. 1. 0.
1. 0. 0. 0.010 -0. 1. -0. -0.001 -0. 0. 1. 0.
1. -0. 0. -0.002 0. 1. 0. -0.001 0. 0. 1. 0.
1. -0. 0. 0.009 0. 1. 0. -0.001 0. 0. 1. 0.
1. -0. 0. 0.009 0. 1. 0. -0.002 0. 0. 1. 0.
1. -0. 0. 0.008 0. 1. 0. -0.002 0. 0. 1. 0.
1. 0. 0. 0.011 -0. 1. -0. -0.002 -0. 0. 1. 0.
1. 0. 0. 0.014 -0. 1. -0. -0.001 -0. 0. 1. 0.
1. 0. 0. 0.008 -0. 1. -0. -0.002 -0. 0. 1. 0.
1. -0. 0. 0.001 0. 1. 0. -0.001 0. 0. 1. 0.
1. 0. 0. 0.004 -0. 1. -0. -0.001 -0. 0. 1. 0.
1. 0. 0. 0.013 -0. 1. -0. -0.001 -0. 0. 1. 0.
1. 0. 0. 0.007 -0. 1. -0. -0.001 -0. 0. 1. 0.
1. 0. 0. 0.013 -0. 1. -0. -0.001 -0. 0. 1. 0.
1. -0. 0. 0.010 0. 1. 0. -0.002 0. 0. 1. 0.
1. 0. 0. 0.004 -0. 1. -0. -0.001 -0. 0. 1. 0.
1. 0. 0. 0.002 -0. 1. -0. -0.000 -0. 0. 1. 0.
1. 0. 0. 0.012 -0. 1. -0. -0.000 -0. 0. 1. 0.
1. 0. 0. 0.012 -0. 1. -0. -0.001 -0. 0. 1. 0.
1. 0. 0. 0.014 -0. 1. -0. -0.002 -0. 0. 1. 0.
1. 0. 0. 0.015 -0. 1. -0. -0.002 -0. 0. 1. 0.
1. 0. 0. 0.015 -0. 1. -0. -0.001 -0. 0. 1. 0.
1. 0. 0. 0.013 -0. 1. -0. -0.001 -0. 0. 1. 0.
1. 0. 0. 0.013 -0. 1. -0. -0.002 -0. 0. 1. 0.
1. -0. 0. 0.013 0. 1. 0. -0.003 0. 0. 1. 0.
1. -0. 0. 0.015 0. 1. 0. -0.002 0. 0. 1. 0.
1. 0. 0. 0.018 -0. 1. -0. -0.002 -0. 0. 1. 0.
1. -0. 0. 0.017 0. 1. 0. -0.002 0. 0. 1. 0.
1. -0. 0. 0.013 0. 1. 0. -0.002 0. 0. 1. 0.
1. -0. 0. 0.011 0. 1. 0. -0.001 0. 0. 1. 0.
1. 0. 0. 0.010 -0. 1. -0. -0.001 -0. 0. 1. 0.
1. -0. 0. 0.011 0. 1. 0. -0.001 0. 0. 1. 0.
1. -0. 0. 0.011 0. 1. 0. -0.002 0. 0. 1. 0.
1. -0.000 0. 0.001 0.000 1. 0. -0.004 0. 0. 1. 0.
1. -0. 0. 0.005 0. 1. 0. -0.004 0. 0. 1. 0.
1. -0. 0. 0.012 0. 1. 0. -0.003 0. 0. 1. 0.
1. 0. 0. 0.015 -0. 1. -0. -0.002 -0. 0. 1. 0.
1. 0. 0. 0.014 -0. 1. -0. -0.002 -0. 0. 1. 0.
1. 0.000 0. 0.016 -0.000 1. -0. -0.002 -0. 0. 1. 0.
1. 0.000 0. 0.014 -0.000 1. -0. -0.001 -0. 0. 1. 0.
1. 0.000 0. 0.011 -0.000 1. -0. -0.000 -0. 0. 1. 0.
1. 0.000 0. 0.010 -0.000 1. -0. -0.000 -0. 0. 1. 0.
1. 0. 0. 0.010 -0. 1. -0. -0.001 -0. 0. 1. 0.
1. 0. 0. 0.010 -0. 1. -0. -0.000 -0. 0. 1. 0.
1. 0. 0. 0.011 -0. 1. -0. -0.000 -0. 0. 1. 0.
1. 0. 0. 0.013 -0. 1. -0. -0.001 -0. 0. 1. 0.
1. -0. 0. 0.012 0. 1. 0. -0.001 0. 0. 1. 0.
1. -0. 0. -0.003 0. 1. 0. -0.001 0. 0. 1. 0.
1. -0. 0. 0.010 0. 1. 0. -0.001 0. 0. 1. 0.
1. 0. 0. 0.012 -0. 1. -0. -0.001 -0. 0. 1. 0.
1. 0. 0. 0.010 -0. 1. -0. -0.002 -0. 0. 1. 0.
1. -0. 0. 0.010 0. 1. 0. -0.002 0. 0. 1. 0.
1. -0. 0. 0.010 0. 1. 0. -0.001 0. 0. 1. 0.
1. 0.000 0. 0.013 -0.000 1. -0. -0.001 -0. 0. 1. 0.
1. 0. 0. 0.012 -0. 1. -0. -0.001 -0. 0. 1. 0.
1. 0. 0. 0.010 -0. 1. -0. -0.001 -0. 0. 1. 0.
1. -0. 0. 0.009 0. 1. 0. -0.002 0. 0. 1. 0.
1. -0.000 0. 0.009 0.000 1. 0. -0.002 0. 0. 1. 0.
1. -0.000 0. 0.009 0.000 1. 0. -0.002 0. 0. 1. 0.
1. -0.000 0. 0.011 0.000 1. 0. -0.002 0. 0. 1. 0.
1. -0. 0. 0.014 0. 1. 0. -0.002 0. 0. 1. 0.
1. -0. 0. 0.016 0. 1. 0. -0.002 0. 0. 1. 0.
1. -0. 0. 0.013 0. 1. 0. -0.002 0. 0. 1. 0.
1. -0.000 0. 0.012 0.000 1. 0. -0.003 0. 0. 1. 0.
1. -0. 0. 0.031 0. 1. 0. -0.002 0. 0. 1. 0.
1. 0.000 0. 0.067 -0.000 1. -0. 0.001 -0. 0. 1. 0.
1. -0.001 0. 0.103 0.001 1. 0. 0.003 0. 0. 1. 0.
1. -0.004 0. 0.167 0.004 1. 0. 0.004 0. 0. 1. 0.
1. -0.011 0. 0.277 0.011 1. 0. 0.009 0. 0. 1. 0.
1.000 -0.023 0. 0.450 0.023 1.000 0. 0.020 0. 0. 1. 0.
0.999 -0.039 0. 0.674 0.039 0.999 0. 0.037 0. 0. 1. 0.
0.998 -0.059 0. 0.962 0.059 0.998 0. 0.063 0. 0. 1. 0.
0.997 -0.082 0. 1.324 0.082 0.997 0. 0.103 0. 0. 1. 0.
0.994 -0.106 0. 1.765 0.106 0.994 0. 0.162 0. 0. 1. 0.
0.992 -0.130 0. 2.276 0.130 0.992 0. 0.242 0. 0. 1. 0.
0.989 -0.150 0. 2.857 0.150 0.989 0. 0.332 0. 0. 1. 0.
0.986 -0.166 0. 3.517 0.166 0.986 0. 0.449 0. 0. 1. 0.
0.985 -0.173 0. 4.261 0.173 0.985 0. 0.574 0. 0. 1. 0.
0.985 -0.172 0. 5.078 0.172 0.985 0. 0.711 0. 0. 1. 0.
0.986 -0.169 0. 5.979 0.169 0.986 0. 0.855 0. 0. 1. 0.
0.986 -0.165 0. 6.970 0.165 0.986 0. 1.004 0. 0. 1. 0.
0.987 -0.159 0. 8.039 0.159 0.987 0. 1.158 0. 0. 1. 0.
0.989 -0.149 0. 9.177 0.149 0.989 0. 1.314 0. 0. 1. 0.
0.991 -0.135 0. 10.400 0.135 0.991 0. 1.470 0. 0. 1. 0.
0.993 -0.119 0. 11.696 0.119 0.993 0. 1.606 0. 0. 1. 0.
0.995 -0.099 0. 13.049 0.099 0.995 0. 1.725 0. 0. 1. 0.
0.997 -0.079 0. 14.444 0.079 0.997 0. 1.824 0. 0. 1. 0.
0.998 -0.056 0. 15.901 0.056 0.998 0. 1.890 0. 0. 1. 0.
1.000 -0.031 0. 17.299 0.031 1.000 0. 1.926 0. 0. 1. 0.
1. -0.012 0. 18.803 0.012 1. 0. 1.934 0. 0. 1. 0.
1. -0.005 0. 20.372 0.005 1. 0. 1.922 0. 0. 1. 0.
1. -0.004 0. 21.971 0.004 1. 0. 1.917 0. 0. 1. 0.
1. -0.008 0. 23.603 0.008 1. 0. 1.912 0. 0. 1. 0.
1. -0.009 0. 25.149 0.009 1. 0. 1.919 0. 0. 1. 0.
1. -0.010 0. 26.805 0.010 1. 0. 1.921 0. 0. 1. 0.
1. -0.010 0. 28.507 0.010 1. 0. 1.915 0. 0. 1. 0.
1. -0.011 0. 30.238 0.011 1. 0. 1.914 0. 0. 1. 0.
1. -0.010 0. 32.001 0.010 1. 0. 1.922 0. 0. 1. 0.
1. -0.011 0. 33.733 0.011 1. 0. 1.932 0. 0. 1. 0.
1. -0.010 0. 35.484 0.010 1. 0. 1.939 0. 0. 1. 0.
1. -0.009 0. 37.300 0.009 1. 0. 1.942 0. 0. 1. 0.
1. -0.008 0. 39.184 0.008 1. 0. 1.942 0. 0. 1. 0.
1. -0.007 0. 41.084 0.007 1. 0. 1.939 0. 0. 1. 0.
1. -0.006 0. 43.048 0.006 1. 0. 1.936 0. 0. 1. 0.
1. -0.004 0. 44.991 0.004 1. 0. 1.930 0. 0. 1. 0.
1. -0.002 0. 46.934 0.002 1. 0. 1.922 0. 0. 1. 0.
1. -0.001 0. 48.900 0.001 1. 0. 1.911 0. 0. 1. 0.
1. 0.001 0. 50.802 -0.001 1. -0. 1.900 -0. 0. 1. 0.
1. 0.003 0. 52.745 -0.003 1. -0. 1.879 -0. 0. 1. 0.
1. 0.005 0. 54.645 -0.005 1. -0. 1.844 -0. 0. 1. 0.
1. 0.008 0. 56.687 -0.008 1. -0. 1.812 -0. 0. 1. 0.
1. 0.010 0. 58.826 -0.010 1. -0. 1.784 -0. 0. 1. 0.
1. 0.012 0. 60.993 -0.012 1. -0. 1.754 -0. 0. 1. 0.
1.000 0.015 0. 63.107 -0.015 1.000 -0. 1.718 -0. 0. 1. 0.
1.000 0.016 0. 65.246 -0.016 1.000 -0. 1.678 -0. 0. 1. 0.
1.000 0.019 0. 67.390 -0.019 1.000 -0. 1.629 -0. 0. 1. 0.
1.000 0.020 0. 69.582 -0.020 1.000 -0. 1.575 -0. 0. 1. 0.
1.000 0.023 0. 71.888 -0.023 1.000 -0. 1.520 -0. 0. 1. 0.
1.000 0.023 0. 74.224 -0.023 1.000 -0. 1.448 -0. 0. 1. 0.
1.000 0.023 0. 76.595 -0.023 1.000 -0. 1.383 -0. 0. 1. 0.
1.000 0.024 0. 78.901 -0.024 1.000 -0. 1.319 -0. 0. 1. 0.
1.000 0.024 0. 81.078 -0.024 1.000 -0. 1.260 -0. 0. 1. 0.
1.000 0.026 0. 83.230 -0.026 1.000 -0. 1.200 -0. 0. 1. 0.
1.000 0.026 0. 85.547 -0.026 1.000 -0. 1.130 -0. 0. 1. 0.
1.000 0.025 0. 87.815 -0.025 1.000 -0. 1.067 -0. 0. 1. 0.
1.000 0.022 0. 90.077 -0.022 1.000 -0. 1.014 -0. 0. 1. 0.
1.000 0.018 0. 92.401 -0.018 1.000 -0. 0.960 -0. 0. 1. 0.
1. 0.011 0. 94.851 -0.011 1. -0. 0.914 -0. 0. 1. 0.
1. 0.005 0. 97.320 -0.005 1. -0. 0.893 -0. 0. 1. 0.
1. -0.002 0. 99.758 0.002 1. 0. 0.884 0. 0. 1. 0.
1. -0.008 0. 102.210 0.008 1. 0. 0.893 0. 0. 1. 0.
1.000 -0.014 0. 104.622 0.014 1.000 0. 0.916 0. 0. 1. 0.
1.000 -0.019 0. 106.808 0.019 1.000 0. 0.942 0. 0. 1. 0.
1.000 -0.018 0. 109.292 0.018 1.000 0. 0.981 0. 0. 1. 0.
1.000 -0.017 0. 111.783 0.017 1.000 0. 1.018 0. 0. 1. 0.
1.000 -0.015 0. 114.272 0.015 1.000 0. 1.046 0. 0. 1. 0.
1. -0.014 0. 116.745 0.014 1. 0. 1.074 0. 0. 1. 0.
1. -0.013 0. 119.209 0.013 1. 0. 1.100 0. 0. 1. 0.
1. -0.012 0. 121.390 0.012 1. 0. 1.117 0. 0. 1. 0.
1. -0.012 0. 123.704 0.012 1. 0. 1.134 0. 0. 1. 0.
1. -0.012 0. 126.096 0.012 1. 0. 1.154 0. 0. 1. 0.
1. -0.012 0. 128.426 0.012 1. 0. 1.176 0. 0. 1. 0.
1. -0.012 0. 130.531 0.012 1. 0. 1.197 0. 0. 1. 0.
1. -0.011 0. 132.880 0.011 1. 0. 1.225 0. 0. 1. 0.
1. -0.011 0. 135.143 0.011 1. 0. 1.248 0. 0. 1. 0.
1. -0.010 0. 137.387 0.010 1. 0. 1.271 0. 0. 1. 0.
1. -0.010 0. 139.621 0.010 1. 0. 1.292 0. 0. 1. 0.
1. -0.008 0. 141.791 0.008 1. 0. 1.319 0. 0. 1. 0.
1. -0.008 0. 143.905 0.008 1. 0. 1.335 0. 0. 1. 0.
1. -0.008 0. 145.939 0.008 1. 0. 1.354 0. 0. 1. 0.
1. -0.007 0. 147.729 0.007 1. 0. 1.369 0. 0. 1. 0.
1. -0.006 0. 149.355 0.006 1. 0. 1.377 0. 0. 1. 0.
1. -0.006 0. 151.269 0.006 1. 0. 1.386 0. 0. 1. 0.
1. -0.005 0. 153.091 0.005 1. 0. 1.389 0. 0. 1. 0.
1. -0.005 0. 154.843 0.005 1. 0. 1.392 0. 0. 1. 0.
1. -0.005 0. 156.552 0.005 1. 0. 1.386 0. 0. 1. 0.
1. -0.005 0. 158.206 0.005 1. 0. 1.389 0. 0. 1. 0.
1. -0.005 0. 159.775 0.005 1. 0. 1.408 0. 0. 1. 0.
1. -0.006 0. 161.314 0.006 1. 0. 1.410 0. 0. 1. 0.
1. -0.007 0. 162.779 0.007 1. 0. 1.414 0. 0. 1. 0.
1. -0.008 0. 164.175 0.008 1. 0. 1.421 0. 0. 1. 0.
1. -0.009 0. 165.508 0.009 1. 0. 1.429 0. 0. 1. 0.
1. -0.012 0. 166.772 0.012 1. 0. 1.435 0. 0. 1. 0.
1. -0.014 0. 167.994 0.014 1. 0. 1.442 0. 0. 1. 0.
1.000 -0.016 0. 169.105 0.016 1.000 0. 1.457 0. 0. 1. 0.
1.000 -0.017 0. 170.158 0.017 1.000 0. 1.474 0. 0. 1. 0.
1.000 -0.019 0. 171.153 0.019 1.000 0. 1.493 0. 0. 1. 0.
1.000 -0.020 0. 172.073 0.020 1.000 0. 1.510 0. 0. 1. 0.
1.000 -0.021 0. 172.908 0.021 1.000 0. 1.523 0. 0. 1. 0.
1.000 -0.022 0. 173.672 0.022 1.000 0. 1.536 0. 0. 1. 0.
1.000 -0.022 0. 174.366 0.022 1.000 0. 1.550 0. 0. 1. 0.
1.000 -0.022 0. 174.999 0.022 1.000 0. 1.560 0. 0. 1. 0.
1.000 -0.022 0. 175.585 0.022 1.000 0. 1.572 0. 0. 1. 0.
1.000 -0.022 0. 176.101 0.022 1.000 0. 1.583 0. 0. 1. 0.
1.000 -0.022 0. 176.548 0.022 1.000 0. 1.596 0. 0. 1. 0.
1.000 -0.022 0. 176.914 0.022 1.000 0. 1.603 0. 0. 1. 0.
1.000 -0.023 0. 177.207 0.023 1.000 0. 1.604 0. 0. 1. 0.
1.000 -0.023 0. 177.456 0.023 1.000 0. 1.609 0. 0. 1. 0.
1.000 -0.023 0. 177.667 0.023 1.000 0. 1.612 0. 0. 1. 0.
1.000 -0.023 0. 177.809 0.023 1.000 0. 1.617 0. 0. 1. 0.
1.000 -0.023 0. 177.886 0.023 1.000 0. 1.625 0. 0. 1. 0.
1.000 -0.023 0. 177.919 0.023 1.000 0. 1.633 0. 0. 1. 0.
1.000 -0.024 0. 178.048 0.024 1.000 0. 1.624 0. 0. 1. 0.
1.000 -0.023 0. 178.168 0.023 1.000 0. 1.626 0. 0. 1. 0.
1.000 -0.023 0. 178.258 0.023 1.000 0. 1.628 0. 0. 1. 0.
1.000 -0.023 0. 178.339 0.023 1.000 0. 1.630 0. 0. 1. 0.
1.000 -0.023 0. 178.415 0.023 1.000 0. 1.632 0. 0. 1. 0.
1.000 -0.023 0. 178.496 0.023 1.000 0. 1.634 0. 0. 1. 0.
1.000 -0.024 0. 178.573 0.024 1.000 0. 1.635 0. 0. 1. 0.
1.000 -0.024 0. 178.714 0.024 1.000 0. 1.638 0. 0. 1. 0.
1.000 -0.024 0. 178.812 0.024 1.000 0. 1.640 0. 0. 1. 0.
1.000 -0.024 0. 178.991 0.024 1.000 0. 1.644 0. 0. 1. 0.
1.000 -0.024 0. 179.179 0.024 1.000 0. 1.651 0. 0. 1. 0.
1.000 -0.024 0. 179.430 0.024 1.000 0. 1.654 0. 0. 1. 0.
1.000 -0.023 0. 179.728 0.023 1.000 0. 1.659 0. 0. 1. 0.
1.000 -0.023 0. 180.074 0.023 1.000 0. 1.664 0. 0. 1. 0.
1.000 -0.023 0. 180.477 0.023 1.000 0. 1.669 0. 0. 1. 0.
1.000 -0.022 0. 180.942 0.022 1.000 0. 1.679 0. 0. 1. 0.
1.000 -0.020 0. 181.466 0.020 1.000 0. 1.696 0. 0. 1. 0.
1.000 -0.020 0. 182.083 0.020 1.000 0. 1.701 0. 0. 1. 0.
1.000 -0.019 0. 182.768 0.019 1.000 0. 1.706 0. 0. 1. 0.
1.000 -0.017 0. 183.524 0.017 1.000 0. 1.714 0. 0. 1. 0.
1.000 -0.017 0. 184.373 0.017 1.000 0. 1.716 0. 0. 1. 0.
1.000 -0.015 0. 185.331 0.015 1.000 0. 1.733 0. 0. 1. 0.
1. -0.014 0. 186.394 0.014 1. 0. 1.746 0. 0. 1. 0.
1. -0.012 0. 187.543 0.012 1. 0. 1.757 0. 0. 1. 0.
1. -0.011 0. 188.795 0.011 1. 0. 1.767 0. 0. 1. 0.
1. -0.010 0. 190.143 0.010 1. 0. 1.778 0. 0. 1. 0.
1. -0.010 0. 191.567 0.010 1. 0. 1.786 0. 0. 1. 0.
1. -0.010 0. 193.058 0.010 1. 0. 1.789 0. 0. 1. 0.
1. -0.010 0. 194.631 0.010 1. 0. 1.798 0. 0. 1. 0.
1. -0.009 0. 196.273 0.009 1. 0. 1.807 0. 0. 1. 0.
1. -0.009 0. 197.973 0.009 1. 0. 1.816 0. 0. 1. 0.
1. -0.010 0. 199.725 0.010 1. 0. 1.823 0. 0. 1. 0.
1. -0.011 0. 201.552 0.011 1. 0. 1.831 0. 0. 1. 0.
1. -0.012 0. 203.403 0.012 1. 0. 1.843 0. 0. 1. 0.
1. -0.013 0. 205.286 0.013 1. 0. 1.859 0. 0. 1. 0.
1.000 -0.015 0. 207.198 0.015 1.000 0. 1.889 0. 0. 1. 0.
1.000 -0.017 0. 209.131 0.017 1.000 0. 1.919 0. 0. 1. 0.
1.000 -0.021 0. 211.101 0.021 1.000 0. 1.960 0. 0. 1. 0.
1.000 -0.024 0. 213.107 0.024 1.000 0. 2.007 0. 0. 1. 0.
1.000 -0.029 0. 215.125 0.029 1.000 0. 2.061 0. 0. 1. 0.
0.999 -0.035 0. 217.167 0.035 0.999 0. 2.129 0. 0. 1. 0.
0.999 -0.041 0. 219.207 0.041 0.999 0. 2.208 0. 0. 1. 0.
0.999 -0.048 0. 221.225 0.048 0.999 0. 2.304 0. 0. 1. 0.
0.998 -0.056 0. 223.268 0.056 0.998 0. 2.415 0. 0. 1. 0.
0.998 -0.066 0. 225.332 0.066 0.998 0. 2.541 0. 0. 1. 0.
0.997 -0.077 0. 227.332 0.077 0.997 0. 2.691 0. 0. 1. 0.
0.996 -0.089 0. 229.409 0.089 0.996 0. 2.872 0. 0. 1. 0.
0.995 -0.101 0. 231.493 0.101 0.995 0. 3.075 0. 0. 1. 0.
0.994 -0.108 0. 233.446 0.108 0.994 0. 3.285 0. 0. 1. 0.
0.993 -0.116 0. 235.260 0.116 0.993 0. 3.496 0. 0. 1. 0.
0.992 -0.123 0. 237.343 0.123 0.992 0. 3.750 0. 0. 1. 0.
0.992 -0.128 0. 239.443 0.128 0.992 0. 4.018 0. 0. 1. 0.
0.991 -0.131 0. 241.566 0.131 0.991 0. 4.290 0. 0. 1. 0.
0.991 -0.132 0. 243.684 0.132 0.991 0. 4.573 0. 0. 1. 0.
0.991 -0.132 0. 245.805 0.132 0.991 0. 4.854 0. 0. 1. 0.
0.991 -0.134 0. 247.950 0.134 0.991 0. 5.132 0. 0. 1. 0.
0.991 -0.134 0. 250.068 0.134 0.991 0. 5.414 0. 0. 1. 0.
0.991 -0.133 0. 252.192 0.133 0.991 0. 5.696 0. 0. 1. 0.
0.991 -0.132 0. 254.351 0.132 0.991 0. 5.977 0. 0. 1. 0.
0.991 -0.132 0. 256.534 0.132 0.991 0. 6.262 0. 0. 1. 0.
0.991 -0.131 0. 258.721 0.131 0.991 0. 6.544 0. 0. 1. 0.
0.991 -0.131 0. 260.925 0.131 0.991 0. 6.823 0. 0. 1. 0.
0.991 -0.130 0. 263.133 0.130 0.991 0. 7.110 0. 0. 1. 0.
0.992 -0.130 0. 265.367 0.130 0.992 0. 7.399 0. 0. 1. 0.
0.991 -0.130 0. 267.640 0.130 0.991 0. 7.686 0. 0. 1. 0.
0.992 -0.130 0. 269.840 0.130 0.992 0. 7.967 0. 0. 1. 0.
0.992 -0.130 0. 272.046 0.130 0.992 0. 8.244 0. 0. 1. 0.
0.992 -0.130 0. 274.315 0.130 0.992 0. 8.538 0. 0. 1. 0.
0.992 -0.129 0. 276.613 0.129 0.992 0. 8.839 0. 0. 1. 0.
0.992 -0.129 0. 278.920 0.129 0.992 0. 9.131 0. 0. 1. 0.
0.992 -0.129 0. 281.278 0.129 0.992 0. 9.425 0. 0. 1. 0.
0.992 -0.128 0. 283.613 0.128 0.992 0. 9.720 0. 0. 1. 0.
0.992 -0.128 0. 285.823 0.128 0.992 0. 9.997 0. 0. 1. 0.
0.992 -0.128 0. 288.038 0.128 0.992 0. 10.274 0. 0. 1. 0.
0.991 -0.133 0. 290.392 0.133 0.991 0. 10.573 0. 0. 1. 0.
0.991 -0.137 0. 292.820 0.137 0.991 0. 10.909 0. 0. 1. 0.
0.990 -0.142 0. 295.200 0.142 0.990 0. 11.241 0. 0. 1. 0.
0.989 -0.146 0. 297.417 0.146 0.989 0. 11.553 0. 0. 1. 0.
0.989 -0.146 0. 299.629 0.146 0.989 0. 11.867 0. 0. 1. 0.
0.989 -0.146 0. 301.960 0.146 0.989 0. 12.200 0. 0. 1. 0.
0.990 -0.143 0. 304.259 0.143 0.990 0. 12.524 0. 0. 1. 0.
0.990 -0.141 0. 306.339 0.141 0.990 0. 12.811 0. 0. 1. 0.
0.990 -0.140 0. 308.536 0.140 0.990 0. 13.110 0. 0. 1. 0.
0.990 -0.139 0. 310.669 0.139 0.990 0. 13.400 0. 0. 1. 0.
0.990 -0.138 0. 312.671 0.138 0.990 0. 13.669 0. 0. 1. 0.
0.991 -0.136 0. 314.762 0.136 0.991 0. 13.951 0. 0. 1. 0.
0.991 -0.134 0. 316.816 0.134 0.991 0. 14.223 0. 0. 1. 0.
0.991 -0.133 0. 318.786 0.133 0.991 0. 14.479 0. 0. 1. 0.
0.991 -0.132 0. 320.721 0.132 0.991 0. 14.732 0. 0. 1. 0.
0.992 -0.129 0. 322.645 0.129 0.992 0. 14.978 0. 0. 1. 0.
0.992 -0.127 0. 324.544 0.127 0.992 0. 15.213 0. 0. 1. 0.
0.992 -0.125 0. 326.381 0.125 0.992 0. 15.436 0. 0. 1. 0.
0.992 -0.123 0. 328.190 0.123 0.992 0. 15.655 0. 0. 1. 0.
0.993 -0.120 0. 329.945 0.120 0.993 0. 15.858 0. 0. 1. 0.
0.993 -0.118 0. 331.619 0.118 0.993 0. 16.047 0. 0. 1. 0.
0.993 -0.116 0. 333.245 0.116 0.993 0. 16.228 0. 0. 1. 0.
0.994 -0.112 0. 334.682 0.112 0.994 0. 16.384 0. 0. 1. 0.
0.994 -0.108 0. 336.170 0.108 0.994 0. 16.534 0. 0. 1. 0.
0.995 -0.103 0. 337.663 0.103 0.995 0. 16.685 0. 0. 1. 0.
0.995 -0.099 0. 339.110 0.099 0.995 0. 16.821 0. 0. 1. 0.
0.995 -0.096 0. 340.460 0.096 0.995 0. 16.944 0. 0. 1. 0.
0.996 -0.093 0. 341.746 0.093 0.996 0. 17.059 0. 0. 1. 0.
0.996 -0.091 0. 342.983 0.091 0.996 0. 17.164 0. 0. 1. 0.
0.996 -0.088 0. 344.163 0.088 0.996 0. 17.262 0. 0. 1. 0.
0.996 -0.086 0. 345.297 0.086 0.996 0. 17.352 0. 0. 1. 0.
0.996 -0.084 0. 346.370 0.084 0.996 0. 17.435 0. 0. 1. 0.
0.997 -0.082 0. 347.389 0.082 0.997 0. 17.514 0. 0. 1. 0.
0.997 -0.080 0. 348.353 0.080 0.997 0. 17.584 0. 0. 1. 0.
0.997 -0.075 0. 349.258 0.075 0.997 0. 17.648 0. 0. 1. 0.
0.998 -0.067 0. 350.101 0.067 0.998 0. 17.697 0. 0. 1. 0.
0.998 -0.055 0. 350.886 0.055 0.998 0. 17.732 0. 0. 1. 0.
0.999 -0.046 0. 351.610 0.046 0.999 0. 17.753 0. 0. 1. 0.
0.999 -0.036 0. 352.289 0.036 0.999 0. 17.769 0. 0. 1. 0.
1.000 -0.028 0. 352.927 0.028 1.000 0. 17.777 0. 0. 1. 0.
1.000 -0.021 0. 353.525 0.021 1.000 0. 17.781 0. 0. 1. 0.
1.000 -0.015 0. 354.068 0.015 1.000 0. 17.785 0. 0. 1. 0.
1. -0.012 0. 354.556 0.012 1. 0. 17.780 0. 0. 1. 0.
1. -0.011 0. 354.970 0.011 1. 0. 17.782 0. 0. 1. 0.
1. -0.009 0. 355.304 0.009 1. 0. 17.783 0. 0. 1. 0.
1. -0.009 0. 355.565 0.009 1. 0. 17.782 0. 0. 1. 0.
1. -0.008 0. 355.752 0.008 1. 0. 17.783 0. 0. 1. 0.
1. -0.008 0. 355.836 0.008 1. 0. 17.783 0. 0. 1. 0.
1. -0.007 0. 355.911 0.007 1. 0. 17.784 0. 0. 1. 0.
1. -0.007 0. 355.971 0.007 1. 0. 17.784 0. 0. 1. 0.
1. -0.006 0. 356.076 0.006 1. 0. 17.783 0. 0. 1. 0.
1. -0.004 0. 356.245 0.004 1. 0. 17.782 0. 0. 1. 0.
1. 0.000 0. 356.447 -0.000 1. -0. 17.777 -0. 0. 1. 0.
1. 0.005 0. 356.706 -0.005 1. -0. 17.768 -0. 0. 1. 0.
1. 0.011 0. 357.024 -0.011 1. -0. 17.754 -0. 0. 1. 0.
1.000 0.018 0. 357.388 -0.018 1.000 -0. 17.738 -0. 0. 1. 0.
1.000 0.027 0. 357.811 -0.027 1.000 -0. 17.722 -0. 0. 1. 0.
0.999 0.037 0. 358.284 -0.037 0.999 -0. 17.699 -0. 0. 1. 0.
0.999 0.043 0. 358.802 -0.043 0.999 -0. 17.671 -0. 0. 1. 0.
0.999 0.050 0. 359.367 -0.050 0.999 -0. 17.633 -0. 0. 1. 0.
0.999 0.053 0. 359.975 -0.053 0.999 -0. 17.594 -0. 0. 1. 0.
0.998 0.056 0. 360.639 -0.056 0.998 -0. 17.553 -0. 0. 1. 0.
0.998 0.059 0. 361.373 -0.059 0.998 -0. 17.508 -0. 0. 1. 0.
0.998 0.061 0. 362.121 -0.061 0.998 -0. 17.449 -0. 0. 1. 0.
0.998 0.062 0. 362.908 -0.062 0.998 -0. 17.397 -0. 0. 1. 0.
0.998 0.064 0. 363.771 -0.064 0.998 -0. 17.336 -0. 0. 1. 0.
0.998 0.063 0. 364.764 -0.063 0.998 -0. 17.263 -0. 0. 1. 0.
0.998 0.064 0. 365.862 -0.064 0.998 -0. 17.190 -0. 0. 1. 0.
0.998 0.064 0. 367.040 -0.064 0.998 -0. 17.111 -0. 0. 1. 0.
0.998 0.061 0. 368.312 -0.061 0.998 -0. 17.030 -0. 0. 1. 0.
0.998 0.058 0. 369.692 -0.058 0.998 -0. 16.947 -0. 0. 1. 0.
0.998 0.056 0. 371.116 -0.056 0.998 -0. 16.864 -0. 0. 1. 0.
0.999 0.054 0. 372.549 -0.054 0.999 -0. 16.782 -0. 0. 1. 0.
0.999 0.052 0. 374.038 -0.052 0.999 -0. 16.696 -0. 0. 1. 0.
0.999 0.052 0. 375.589 -0.052 0.999 -0. 16.611 -0. 0. 1. 0.
0.999 0.051 0. 377.189 -0.051 0.999 -0. 16.518 -0. 0. 1. 0.
0.999 0.051 0. 378.854 -0.051 0.999 -0. 16.431 -0. 0. 1. 0.
0.999 0.050 0. 380.563 -0.050 0.999 -0. 16.334 -0. 0. 1. 0.
0.999 0.049 0. 382.317 -0.049 0.999 -0. 16.240 -0. 0. 1. 0.
0.999 0.049 0. 384.090 -0.049 0.999 -0. 16.152 -0. 0. 1. 0.
0.999 0.047 0. 385.888 -0.047 0.999 -0. 16.063 -0. 0. 1. 0.
0.999 0.046 0. 387.725 -0.046 0.999 -0. 15.973 -0. 0. 1. 0.
0.999 0.044 0. 389.575 -0.044 0.999 -0. 15.885 -0. 0. 1. 0.
0.999 0.041 0. 391.437 -0.041 0.999 -0. 15.800 -0. 0. 1. 0.
0.999 0.038 0. 393.305 -0.038 0.999 -0. 15.721 -0. 0. 1. 0.
0.999 0.035 0. 395.171 -0.035 0.999 -0. 15.649 -0. 0. 1. 0.
0.999 0.032 0. 397.029 -0.032 0.999 -0. 15.580 -0. 0. 1. 0.
1.000 0.030 0. 398.846 -0.030 1.000 -0. 15.521 -0. 0. 1. 0.
1.000 0.027 0. 400.641 -0.027 1.000 -0. 15.465 -0. 0. 1. 0.
1.000 0.024 0. 402.423 -0.024 1.000 -0. 15.410 -0. 0. 1. 0.
1.000 0.022 0. 404.189 -0.022 1.000 -0. 15.364 -0. 0. 1. 0.
1.000 0.019 0. 405.953 -0.019 1.000 -0. 15.317 -0. 0. 1. 0.
1.000 0.017 0. 407.686 -0.017 1.000 -0. 15.276 -0. 0. 1. 0.
1.000 0.014 0. 409.362 -0.014 1.000 -0. 15.239 -0. 0. 1. 0.
1. 0.012 0. 411.042 -0.012 1. -0. 15.211 -0. 0. 1. 0.
1. 0.009 0. 412.764 -0.009 1. -0. 15.180 -0. 0. 1. 0.
1. 0.007 0. 414.353 -0.007 1. -0. 15.154 -0. 0. 1. 0.
1. 0.005 0. 415.986 -0.005 1. -0. 15.134 -0. 0. 1. 0.
1. 0.002 0. 417.681 -0.002 1. -0. 15.117 -0. 0. 1. 0.
1. -0.001 0. 419.404 0.001 1. 0. 15.102 0. 0. 1. 0.
1. -0.004 0. 421.113 0.004 1. 0. 15.095 0. 0. 1. 0.
1. -0.005 0. 422.765 0.005 1. 0. 15.090 0. 0. 1. 0.
1. -0.007 0. 424.379 0.007 1. 0. 15.090 0. 0. 1. 0.
1. -0.009 0. 426.006 0.009 1. 0. 15.089 0. 0. 1. 0.
1. -0.009 0. 427.624 0.009 1. 0. 15.098 0. 0. 1. 0.
1. -0.010 0. 429.207 0.010 1. 0. 15.098 0. 0. 1. 0.
1. -0.012 0. 430.718 0.012 1. 0. 15.103 0. 0. 1. 0.
1. -0.013 0. 432.212 0.013 1. 0. 15.107 0. 0. 1. 0.
1.000 -0.014 0. 433.724 0.014 1.000 0. 15.117 0. 0. 1. 0.
1.000 -0.016 0. 435.288 0.016 1.000 0. 15.132 0. 0. 1. 0.
1.000 -0.018 0. 436.885 0.018 1.000 0. 15.156 0. 0. 1. 0.
1.000 -0.018 0. 438.303 0.018 1.000 0. 15.174 0. 0. 1. 0.
1.000 -0.019 0. 439.960 0.019 1.000 0. 15.190 0. 0. 1. 0.
1.000 -0.022 0. 441.568 0.022 1.000 0. 15.208 0. 0. 1. 0.
1.000 -0.026 0. 443.169 0.026 1.000 0. 15.234 0. 0. 1. 0.
1.000 -0.029 0. 444.807 0.029 1.000 0. 15.272 0. 0. 1. 0.
0.999 -0.032 0. 446.488 0.032 0.999 0. 15.317 0. 0. 1. 0.
0.999 -0.036 0. 448.119 0.036 0.999 0. 15.356 0. 0. 1. 0.
0.999 -0.040 0. 449.744 0.040 0.999 0. 15.406 0. 0. 1. 0.
0.999 -0.043 0. 451.334 0.043 0.999 0. 15.468 0. 0. 1. 0.
0.999 -0.047 0. 452.871 0.047 0.999 0. 15.529 0. 0. 1. 0.
0.999 -0.050 0. 454.354 0.050 0.999 0. 15.590 0. 0. 1. 0.
0.999 -0.052 0. 455.797 0.052 0.999 0. 15.653 0. 0. 1. 0.
0.999 -0.051 0. 457.225 0.051 0.999 0. 15.714 0. 0. 1. 0.
0.999 -0.049 0. 458.607 0.049 0.999 0. 15.776 0. 0. 1. 0.
0.999 -0.045 0. 459.943 0.045 0.999 0. 15.836 0. 0. 1. 0.
0.999 -0.038 0. 461.277 0.038 0.999 0. 15.870 0. 0. 1. 0.
1.000 -0.026 0. 462.563 0.026 1.000 0. 15.883 0. 0. 1. 0.
1. -0.005 0. 463.795 0.005 1. 0. 15.874 0. 0. 1. 0.
1.000 0.026 0. 464.971 -0.026 1.000 -0. 15.830 -0. 0. 1. 0.
0.998 0.064 0. 466.121 -0.064 0.998 -0. 15.734 -0. 0. 1. 0.
0.994 0.108 0. 467.213 -0.108 0.994 -0. 15.592 -0. 0. 1. 0.
0.987 0.158 0. 468.245 -0.158 0.987 -0. 15.406 -0. 0. 1. 0.
0.977 0.213 0. 469.223 -0.213 0.977 -0. 15.166 -0. 0. 1. 0.
0.961 0.276 0. 470.141 -0.276 0.961 -0. 14.873 -0. 0. 1. 0.
0.938 0.346 0. 470.981 -0.346 0.938 -0. 14.527 -0. 0. 1. 0.
0.906 0.424 0. 471.744 -0.424 0.906 -0. 14.124 -0. 0. 1. 0.
0.866 0.500 0. 472.420 -0.500 0.866 -0. 13.692 -0. 0. 1. 0.
0.820 0.572 0. 473.016 -0.572 0.820 -0. 13.222 -0. 0. 1. 0.
0.768 0.640 0. 473.523 -0.640 0.768 -0. 12.737 -0. 0. 1. 0.
0.713 0.701 0. 473.955 -0.701 0.713 -0. 12.242 -0. 0. 1. 0.
0.655 0.756 0. 474.320 -0.756 0.655 -0. 11.740 -0. 0. 1. 0.
0.595 0.804 0. 474.637 -0.804 0.595 -0. 11.237 -0. 0. 1. 0.
0.536 0.844 0. 474.912 -0.844 0.536 -0. 10.720 -0. 0. 1. 0.
0.476 0.880 0. 475.144 -0.880 0.476 -0. 10.206 -0. 0. 1. 0.
0.412 0.911 0. 475.327 -0.911 0.412 -0. 9.688 -0. 0. 1. 0.
0.346 0.938 0. 475.477 -0.938 0.346 -0. 9.152 -0. 0. 1. 0.
0.273 0.962 0. 475.593 -0.962 0.273 -0. 8.585 -0. 0. 1. 0.
0.188 0.982 0. 475.669 -0.982 0.188 -0. 7.962 -0. 0. 1. 0.
0.091 0.996 0. 475.687 -0.996 0.091 -0. 7.269 -0. 0. 1. 0.
-0.016 1.000 0. 475.623 -1.000 -0.016 -0. 6.506 -0. 0. 1. 0.
-0.134 0.991 0. 475.459 -0.991 -0.134 -0. 5.677 -0. 0. 1. 0.
-0.258 0.966 0. 475.169 -0.966 -0.258 -0. 4.811 -0. 0. 1. 0.
-0.382 0.924 0. 474.746 -0.924 -0.382 -0. 3.900 -0. 0. 1. 0.
-0.500 0.866 0. 474.159 -0.866 -0.500 -0. 2.981 -0. 0. 1. 0.
-0.609 0.793 0. 473.414 -0.793 -0.609 0. 2.068 0. 0. 1. 0.
-0.699 0.716 0. 472.510 -0.716 -0.699 0. 1.176 0. 0. 1. 0.
-0.771 0.636 0. 471.438 -0.636 -0.771 0. 0.322 0. 0. 1. 0.
-0.826 0.564 0. 470.214 -0.564 -0.826 0. -0.501 0. 0. 1. 0.
-0.859 0.511 0. 468.838 -0.511 -0.859 0. -1.312 0. 0. 1. 0.
-0.880 0.476 0. 467.315 -0.476 -0.880 0. -2.134 0. 0. 1. 0.
-0.891 0.454 0. 465.684 -0.454 -0.891 0. -2.962 0. 0. 1. 0.
-0.898 0.440 0. 463.960 -0.440 -0.898 0. -3.800 0. 0. 1. 0.
-0.901 0.434 0. 462.122 -0.434 -0.901 0. -4.674 0. 0. 1. 0.
-0.903 0.429 0. 460.170 -0.429 -0.903 0. -5.597 0. 0. 1. 0.
-0.905 0.424 0. 458.130 -0.424 -0.905 0. -6.543 0. 0. 1. 0.
-0.907 0.421 0. 456.012 -0.421 -0.907 0. -7.506 0. 0. 1. 0.
-0.908 0.418 0. 453.727 -0.418 -0.908 0. -8.545 0. 0. 1. 0.
-0.909 0.417 0. 451.369 -0.417 -0.909 0. -9.614 0. 0. 1. 0.
-0.910 0.414 0. 448.948 -0.414 -0.910 0. -10.709 0. 0. 1. 0.
-0.911 0.411 0. 446.489 -0.411 -0.911 0. -11.805 0. 0. 1. 0.
-0.913 0.409 0. 444.033 -0.409 -0.913 0. -12.893 0. 0. 1. 0.
-0.913 0.409 0. 441.558 -0.409 -0.913 0. -13.983 0. 0. 1. 0.
-0.912 0.410 0. 439.194 -0.410 -0.912 0. -15.031 0. 0. 1. 0.
-0.912 0.411 0. 436.854 -0.411 -0.912 0. -16.068 0. 0. 1. 0.
-0.912 0.411 0. 434.429 -0.411 -0.912 0. -17.146 0. 0. 1. 0.
-0.912 0.411 0. 432.043 -0.411 -0.912 0. -18.222 0. 0. 1. 0.
-0.912 0.410 0. 429.700 -0.410 -0.912 0. -19.261 0. 0. 1. 0.
-0.912 0.411 0. 427.366 -0.411 -0.912 0. -20.297 0. 0. 1. 0.
-0.912 0.410 0. 425.061 -0.410 -0.912 0. -21.323 0. 0. 1. 0.
-0.912 0.410 0. 422.796 -0.410 -0.912 0. -22.329 0. 0. 1. 0.
-0.913 0.407 0. 420.556 -0.407 -0.913 0. -23.330 0. 0. 1. 0.
-0.915 0.404 0. 418.348 -0.404 -0.915 0. -24.306 0. 0. 1. 0.
-0.916 0.401 0. 416.216 -0.401 -0.916 0. -25.235 0. 0. 1. 0.
-0.917 0.398 0. 414.146 -0.398 -0.917 0. -26.127 0. 0. 1. 0.
-0.919 0.395 0. 412.113 -0.395 -0.919 0. -26.998 0. 0. 1. 0.
-0.920 0.392 0. 410.188 -0.392 -0.920 0. -27.811 0. 0. 1. 0.
-0.921 0.389 0. 408.267 -0.389 -0.921 0. -28.621 0. 0. 1. 0.
-0.922 0.386 0. 406.460 -0.386 -0.922 0. -29.373 0. 0. 1. 0.
-0.923 0.384 0. 404.682 -0.384 -0.923 0. -30.109 0. 0. 1. 0.
-0.924 0.382 0. 402.922 -0.382 -0.924 0. -30.836 0. 0. 1. 0.
-0.925 0.380 0. 401.277 -0.380 -0.925 0. -31.507 0. 0. 1. 0.
-0.926 0.378 0. 399.685 -0.378 -0.926 0. -32.151 0. 0. 1. 0.
-0.926 0.377 0. 398.213 -0.377 -0.926 0. -32.749 0. 0. 1. 0.
-0.926 0.377 0. 396.829 -0.377 -0.926 0. -33.309 0. 0. 1. 0.
-0.927 0.375 0. 395.536 -0.375 -0.927 0. -33.833 0. 0. 1. 0.
-0.927 0.374 0. 394.322 -0.374 -0.927 0. -34.322 0. 0. 1. 0.
-0.927 0.375 0. 393.199 -0.375 -0.927 0. -34.773 0. 0. 1. 0.
-0.926 0.377 0. 392.155 -0.377 -0.926 0. -35.194 0. 0. 1. 0.
-0.926 0.377 0. 391.163 -0.377 -0.926 0. -35.595 0. 0. 1. 0.
-0.927 0.376 0. 390.235 -0.376 -0.927 0. -35.973 0. 0. 1. 0.
-0.927 0.376 0. 389.405 -0.376 -0.927 0. -36.307 0. 0. 1. 0.
-0.927 0.375 0. 388.654 -0.375 -0.927 0. -36.611 0. 0. 1. 0.
-0.927 0.375 0. 387.968 -0.375 -0.927 0. -36.886 0. 0. 1. 0.
-0.927 0.375 0. 387.366 -0.375 -0.927 0. -37.129 0. 0. 1. 0.
-0.927 0.374 0. 386.856 -0.374 -0.927 0. -37.333 0. 0. 1. 0.
-0.927 0.374 0. 386.441 -0.374 -0.927 0. -37.502 0. 0. 1. 0.
-0.928 0.374 0. 386.105 -0.374 -0.928 0. -37.635 0. 0. 1. 0.
-0.928 0.373 0. 385.827 -0.373 -0.928 0. -37.748 0. 0. 1. 0.
-0.928 0.373 0. 385.572 -0.373 -0.928 0. -37.850 0. 0. 1. 0.
-0.928 0.374 0. 385.318 -0.374 -0.928 0. -37.951 0. 0. 1. 0.
-0.928 0.374 0. 385.061 -0.374 -0.928 0. -38.053 0. 0. 1. 0.
-0.928 0.374 0. 384.835 -0.374 -0.928 0. -38.142 0. 0. 1. 0.
-0.928 0.373 0. 384.639 -0.373 -0.928 0. -38.219 0. 0. 1. 0.
-0.928 0.374 0. 384.506 -0.374 -0.928 0. -38.272 0. 0. 1. 0.
-0.928 0.373 0. 384.405 -0.373 -0.928 0. -38.317 0. 0. 1. 0.
-0.928 0.373 0. 384.351 -0.373 -0.928 0. -38.341 0. 0. 1. 0.
-0.928 0.373 0. 384.264 -0.373 -0.928 0. -38.376 0. 0. 1. 0.
-0.928 0.373 0. 384.179 -0.373 -0.928 0. -38.410 0. 0. 1. 0.
-0.928 0.373 0. 384.116 -0.373 -0.928 0. -38.436 0. 0. 1. 0.
-0.928 0.373 0. 384.025 -0.373 -0.928 0. -38.472 0. 0. 1. 0.
-0.928 0.373 0. 383.952 -0.373 -0.928 0. -38.501 0. 0. 1. 0.
-0.928 0.373 0. 383.885 -0.373 -0.928 0. -38.528 0. 0. 1. 0.
-0.928 0.373 0. 383.813 -0.373 -0.928 0. -38.556 0. 0. 1. 0.
-0.928 0.373 0. 383.752 -0.373 -0.928 0. -38.580 0. 0. 1. 0.
-0.928 0.373 0. 383.676 -0.373 -0.928 0. -38.609 0. 0. 1. 0.
-0.928 0.373 0. 383.607 -0.373 -0.928 0. -38.637 0. 0. 1. 0.
-0.928 0.373 0. 383.536 -0.373 -0.928 0. -38.665 0. 0. 1. 0.
-0.928 0.373 0. 383.491 -0.373 -0.928 0. -38.684 0. 0. 1. 0.
-0.928 0.373 0. 383.452 -0.373 -0.928 0. -38.700 0. 0. 1. 0.
-0.928 0.373 0. 383.406 -0.373 -0.928 0. -38.719 0. 0. 1. 0.
-0.928 0.373 0. 383.367 -0.373 -0.928 0. -38.734 0. 0. 1. 0.
-0.928 0.373 0. 383.340 -0.373 -0.928 0. -38.743 0. 0. 1. 0.
-0.928 0.373 0. 383.314 -0.373 -0.928 0. -38.750 0. 0. 1. 0.
-0.928 0.373 0. 383.299 -0.373 -0.928 0. -38.754 0. 0. 1. 0.
-0.928 0.373 0. 383.277 -0.373 -0.928 0. -38.761 0. 0. 1. 0.
-0.928 0.373 0. 383.256 -0.373 -0.928 0. -38.767 0. 0. 1. 0.
-0.928 0.373 0. 383.227 -0.373 -0.928 0. -38.776 0. 0. 1. 0.
-0.928 0.373 0. 383.200 -0.373 -0.928 0. -38.792 0. 0. 1. 0.
-0.928 0.373 0. 383.177 -0.373 -0.928 0. -38.806 0. 0. 1. 0.
-0.928 0.373 0. 383.159 -0.373 -0.928 0. -38.812 0. 0. 1. 0.
-0.928 0.373 0. 383.139 -0.373 -0.928 0. -38.821 0. 0. 1. 0.
-0.928 0.373 0. 383.131 -0.373 -0.928 0. -38.825 0. 0. 1. 0.
-0.928 0.373 0. 383.121 -0.373 -0.928 0. -38.830 0. 0. 1. 0.
-0.928 0.373 0. 383.109 -0.373 -0.928 0. -38.836 0. 0. 1. 0.
-0.928 0.373 0. 383.097 -0.373 -0.928 0. -38.841 0. 0. 1. 0.
-0.928 0.373 0. 383.080 -0.373 -0.928 0. -38.846 0. 0. 1. 0.
-0.928 0.373 0. 383.070 -0.373 -0.928 0. -38.850 0. 0. 1. 0.
-0.928 0.373 0. 383.045 -0.373 -0.928 0. -38.860 0. 0. 1. 0.
-0.928 0.373 0. 383.008 -0.373 -0.928 0. -38.875 0. 0. 1. 0.
-0.928 0.373 0. 382.979 -0.373 -0.928 0. -38.887 0. 0. 1. 0.
-0.928 0.373 0. 382.894 -0.373 -0.928 0. -38.921 0. 0. 1. 0.
-0.928 0.373 0. 382.796 -0.373 -0.928 0. -38.961 0. 0. 1. 0.
-0.928 0.373 0. 382.688 -0.373 -0.928 0. -39.004 0. 0. 1. 0.
-0.928 0.373 0. 382.568 -0.373 -0.928 0. -39.051 0. 0. 1. 0.
-0.928 0.373 0. 382.448 -0.373 -0.928 0. -39.098 0. 0. 1. 0.
-0.928 0.373 0. 382.339 -0.373 -0.928 0. -39.143 0. 0. 1. 0.
-0.928 0.373 0. 382.219 -0.373 -0.928 0. -39.177 0. 0. 1. 0.
-0.928 0.373 0. 382.115 -0.373 -0.928 0. -39.220 0. 0. 1. 0.
-0.928 0.373 0. 381.986 -0.373 -0.928 0. -39.276 0. 0. 1. 0.
-0.928 0.372 0. 381.855 -0.372 -0.928 0. -39.334 0. 0. 1. 0.
-0.928 0.372 0. 381.737 -0.372 -0.928 0. -39.382 0. 0. 1. 0.
-0.928 0.372 0. 381.564 -0.372 -0.928 0. -39.453 0. 0. 1. 0.
-0.928 0.373 0. 381.358 -0.373 -0.928 0. -39.534 0. 0. 1. 0.
-0.928 0.372 0. 381.088 -0.372 -0.928 0. -39.639 0. 0. 1. 0.
-0.928 0.372 0. 380.734 -0.372 -0.928 0. -39.779 0. 0. 1. 0.
-0.928 0.372 0. 380.292 -0.372 -0.928 0. -39.955 0. 0. 1. 0.
-0.928 0.373 0. 379.718 -0.373 -0.928 0. -40.178 0. 0. 1. 0.
-0.928 0.373 0. 379.011 -0.373 -0.928 0. -40.457 0. 0. 1. 0.
-0.928 0.374 0. 378.193 -0.374 -0.928 0. -40.784 0. 0. 1. 0.
-0.928 0.374 0. 377.269 -0.374 -0.928 0. -41.149 0. 0. 1. 0.
-0.928 0.373 0. 376.227 -0.373 -0.928 0. -41.562 0. 0. 1. 0.
-0.929 0.370 0. 375.013 -0.370 -0.929 0. -42.040 0. 0. 1. 0.
-0.930 0.367 0. 373.688 -0.367 -0.930 0. -42.559 0. 0. 1. 0.
-0.932 0.363 0. 372.261 -0.363 -0.932 0. -43.104 0. 0. 1. 0.
-0.934 0.356 0. 370.755 -0.356 -0.934 0. -43.669 0. 0. 1. 0.
-0.938 0.346 0. 369.130 -0.346 -0.938 0. -44.263 0. 0. 1. 0.
-0.942 0.335 0. 367.419 -0.335 -0.942 0. -44.868 0. 0. 1. 0.
-0.947 0.322 0. 365.580 -0.322 -0.947 0. -45.494 0. 0. 1. 0.
-0.951 0.311 0. 363.632 -0.311 -0.951 0. -46.129 0. 0. 1. 0.
-0.954 0.300 0. 361.598 -0.300 -0.954 0. -46.761 0. 0. 1. 0.
-0.957 0.290 0. 359.474 -0.290 -0.957 0. -47.401 0. 0. 1. 0.
-0.959 0.282 0. 357.259 -0.282 -0.959 0. -48.043 0. 0. 1. 0.
-0.960 0.279 0. 354.993 -0.279 -0.960 0. -48.692 0. 0. 1. 0.
-0.962 0.275 0. 352.684 -0.275 -0.962 0. -49.341 0. 0. 1. 0.
-0.963 0.270 0. 350.314 -0.270 -0.963 0. -49.997 0. 0. 1. 0.
-0.964 0.266 0. 347.882 -0.266 -0.964 0. -50.657 0. 0. 1. 0.
-0.965 0.264 0. 345.430 -0.264 -0.965 0. -51.308 0. 0. 1. 0.
-0.965 0.264 0. 342.871 -0.264 -0.965 0. -51.998 0. 0. 1. 0.
-0.964 0.266 0. 340.250 -0.266 -0.964 0. -52.714 0. 0. 1. 0.
-0.963 0.269 0. 337.654 -0.269 -0.963 0. -53.437 0. 0. 1. 0.
-0.962 0.273 0. 334.932 -0.273 -0.962 0. -54.201 0. 0. 1. 0.
-0.960 0.279 0. 332.293 -0.279 -0.960 0. -54.955 0. 0. 1. 0.
-0.959 0.284 0. 329.622 -0.284 -0.959 0. -55.732 0. 0. 1. 0.
-0.957 0.289 0. 326.933 -0.289 -0.957 0. -56.529 0. 0. 1. 0.
-0.956 0.294 0. 324.237 -0.294 -0.956 0. -57.347 0. 0. 1. 0.
-0.955 0.297 0. 321.525 -0.297 -0.955 0. -58.183 0. 0. 1. 0.
-0.954 0.301 0. 318.836 -0.301 -0.954 0. -59.018 0. 0. 1. 0.
-0.953 0.304 0. 315.982 -0.304 -0.953 0. -59.917 0. 0. 1. 0.
-0.952 0.307 0. 313.162 -0.307 -0.952 0. -60.821 0. 0. 1. 0.
-0.950 0.311 0. 310.436 -0.311 -0.950 0. -61.692 0. 0. 1. 0.
-0.950 0.313 0. 307.772 -0.313 -0.950 0. -62.553 0. 0. 1. 0.
-0.949 0.315 0. 305.112 -0.315 -0.949 0. -63.427 0. 0. 1. 0.
-0.948 0.317 0. 302.444 -0.317 -0.948 0. -64.314 0. 0. 1. 0.
-0.948 0.318 0. 299.751 -0.318 -0.948 0. -65.211 0. 0. 1. 0.
-0.948 0.318 0. 297.099 -0.318 -0.948 0. -66.096 0. 0. 1. 0.
-0.948 0.318 0. 294.478 -0.318 -0.948 0. -66.966 0. 0. 1. 0.
-0.948 0.317 0. 291.945 -0.317 -0.948 0. -67.806 0. 0. 1. 0.
-0.949 0.316 0. 289.436 -0.316 -0.949 0. -68.635 0. 0. 1. 0.
-0.949 0.316 0. 286.912 -0.316 -0.949 0. -69.466 0. 0. 1. 0.
-0.949 0.316 0. 284.409 -0.316 -0.949 0. -70.291 0. 0. 1. 0.
-0.947 0.321 0. 281.953 -0.321 -0.947 0. -71.105 0. 0. 1. 0.
-0.945 0.328 0. 279.513 -0.328 -0.945 0. -71.927 0. 0. 1. 0.
-0.942 0.336 0. 277.081 -0.336 -0.942 0. -72.763 0. 0. 1. 0.
-0.939 0.343 0. 274.666 -0.343 -0.939 0. -73.619 0. 0. 1. 0.
-0.937 0.350 0. 272.296 -0.350 -0.937 0. -74.478 0. 0. 1. 0.
-0.935 0.356 0. 269.944 -0.356 -0.935 0. -75.356 0. 0. 1. 0.
-0.932 0.362 0. 267.646 -0.362 -0.932 0. -76.238 0. 0. 1. 0.
-0.931 0.366 0. 265.309 -0.366 -0.931 0. -77.153 0. 0. 1. 0.
-0.929 0.370 0. 262.988 -0.370 -0.929 0. -78.072 0. 0. 1. 0.
-0.927 0.374 0. 260.659 -0.374 -0.927 0. -79.005 0. 0. 1. 0.
-0.926 0.377 0. 258.328 -0.377 -0.926 0. -79.943 0. 0. 1. 0.
-0.925 0.379 0. 255.999 -0.379 -0.925 0. -80.884 0. 0. 1. 0.
-0.925 0.380 0. 253.675 -0.380 -0.925 0. -81.832 0. 0. 1. 0.
-0.924 0.382 0. 251.351 -0.382 -0.924 0. -82.779 0. 0. 1. 0.
-0.924 0.382 0. 249.048 -0.382 -0.924 0. -83.720 0. 0. 1. 0.
-0.925 0.381 0. 246.807 -0.381 -0.925 0. -84.634 0. 0. 1. 0.
-0.926 0.378 0. 244.375 -0.378 -0.926 0. -85.617 0. 0. 1. 0.
-0.927 0.375 0. 242.009 -0.375 -0.927 0. -86.562 0. 0. 1. 0.
-0.928 0.372 0. 239.710 -0.372 -0.928 0. -87.471 0. 0. 1. 0.
-0.929 0.369 0. 237.386 -0.369 -0.929 0. -88.389 0. 0. 1. 0.
-0.930 0.367 0. 234.894 -0.367 -0.930 0. -89.370 0. 0. 1. 0.
-0.931 0.365 0. 232.500 -0.365 -0.931 0. -90.304 0. 0. 1. 0.
-0.931 0.364 0. 230.108 -0.364 -0.931 0. -91.223 0. 0. 1. 0.
-0.932 0.363 0. 227.673 -0.363 -0.932 0. -92.167 0. 0. 1. 0.
-0.932 0.363 0. 225.242 -0.363 -0.932 0. -93.106 0. 0. 1. 0.
-0.932 0.363 0. 222.808 -0.363 -0.932 0. -94.045 0. 0. 1. 0.
-0.932 0.363 0. 220.357 -0.363 -0.932 0. -94.987 0. 0. 1. 0.
-0.932 0.363 0. 217.904 -0.363 -0.932 0. -95.933 0. 0. 1. 0.
-0.931 0.364 0. 215.467 -0.364 -0.931 0. -96.865 0. 0. 1. 0.
-0.931 0.364 0. 213.055 -0.364 -0.931 0. -97.792 0. 0. 1. 0.
-0.931 0.365 0. 210.496 -0.365 -0.931 0. -98.778 0. 0. 1. 0.
-0.930 0.367 0. 207.920 -0.367 -0.930 0. -99.767 0. 0. 1. 0.
-0.930 0.368 0. 205.448 -0.368 -0.930 0. -100.726 0. 0. 1. 0.
-0.929 0.370 0. 203.065 -0.370 -0.929 0. -101.653 0. 0. 1. 0.
-0.929 0.371 0. 200.684 -0.371 -0.929 0. -102.579 0. 0. 1. 0.
-0.928 0.372 0. 198.302 -0.372 -0.928 0. -103.510 0. 0. 1. 0.
-0.928 0.374 0. 195.844 -0.374 -0.928 0. -104.493 0. 0. 1. 0.
-0.927 0.375 0. 193.353 -0.375 -0.927 0. -105.490 0. 0. 1. 0.
-0.926 0.377 0. 190.930 -0.377 -0.926 0. -106.456 0. 0. 1. 0.
-0.926 0.377 0. 188.618 -0.377 -0.926 0. -107.388 0. 0. 1. 0.
-0.926 0.377 0. 186.187 -0.377 -0.926 0. -108.366 0. 0. 1. 0.
-0.926 0.377 0. 183.756 -0.377 -0.926 0. -109.341 0. 0. 1. 0.
-0.927 0.375 0. 181.379 -0.375 -0.927 0. -110.291 0. 0. 1. 0.
-0.929 0.371 0. 178.989 -0.371 -0.929 0. -111.226 0. 0. 1. 0.
-0.932 0.363 0. 176.605 -0.363 -0.932 0. -112.151 0. 0. 1. 0.
-0.934 0.357 0. 174.278 -0.357 -0.934 0. -113.028 0. 0. 1. 0.
-0.937 0.350 0. 171.988 -0.350 -0.937 0. -113.875 0. 0. 1. 0.
-0.939 0.343 0. 169.741 -0.343 -0.939 0. -114.689 0. 0. 1. 0.
-0.941 0.337 0. 167.528 -0.337 -0.941 0. -115.472 0. 0. 1. 0.
-0.943 0.334 0. 165.394 -0.334 -0.943 0. -116.223 0. 0. 1. 0.
-0.943 0.332 0. 163.354 -0.332 -0.943 0. -116.937 0. 0. 1. 0.
-0.944 0.331 0. 161.353 -0.331 -0.944 0. -117.636 0. 0. 1. 0.
-0.944 0.330 0. 159.398 -0.330 -0.944 0. -118.314 0. 0. 1. 0.
-0.944 0.330 0. 157.524 -0.330 -0.944 0. -118.958 0. 0. 1. 0.
-0.944 0.330 0. 155.705 -0.330 -0.944 0. -119.588 0. 0. 1. 0.
-0.944 0.330 0. 153.959 -0.330 -0.944 0. -120.189 0. 0. 1. 0.
-0.944 0.331 0. 152.242 -0.331 -0.944 0. -120.782 0. 0. 1. 0.
-0.944 0.331 0. 150.606 -0.331 -0.944 0. -121.347 0. 0. 1. 0.
-0.944 0.331 0. 149.042 -0.331 -0.944 0. -121.882 0. 0. 1. 0.
-0.945 0.328 0. 147.560 -0.328 -0.945 0. -122.393 0. 0. 1. 0.
-0.946 0.325 0. 146.167 -0.325 -0.946 0. -122.866 0. 0. 1. 0.
-0.946 0.323 0. 144.903 -0.323 -0.946 0. -123.298 0. 0. 1. 0.
-0.947 0.323 0. 143.666 -0.323 -0.947 0. -123.712 0. 0. 1. 0.
-0.946 0.324 0. 142.483 -0.324 -0.946 0. -124.104 0. 0. 1. 0.
-0.946 0.323 0. 141.413 -0.323 -0.946 0. -124.454 0. 0. 1. 0.
-0.947 0.322 0. 140.413 -0.322 -0.947 0. -124.791 0. 0. 1. 0.
-0.947 0.321 0. 139.426 -0.321 -0.947 0. -125.118 0. 0. 1. 0.
-0.948 0.319 0. 138.463 -0.319 -0.948 0. -125.437 0. 0. 1. 0.
-0.948 0.317 0. 137.520 -0.317 -0.948 0. -125.748 0. 0. 1. 0.
-0.949 0.316 0. 136.588 -0.316 -0.949 0. -126.052 0. 0. 1. 0.
-0.949 0.314 0. 135.609 -0.314 -0.949 0. -126.372 0. 0. 1. 0.
-0.950 0.314 0. 134.599 -0.314 -0.950 0. -126.698 0. 0. 1. 0.
-0.950 0.312 0. 133.567 -0.312 -0.950 0. -127.030 0. 0. 1. 0.
-0.950 0.311 0. 132.524 -0.311 -0.950 0. -127.368 0. 0. 1. 0.
-0.951 0.309 0. 131.440 -0.309 -0.951 0. -127.718 0. 0. 1. 0.
-0.951 0.308 0. 130.183 -0.308 -0.951 0. -128.120 0. 0. 1. 0.
-0.952 0.306 0. 128.897 -0.306 -0.952 0. -128.534 0. 0. 1. 0.
-0.952 0.305 0. 127.611 -0.305 -0.952 0. -128.941 0. 0. 1. 0.
-0.953 0.303 0. 126.280 -0.303 -0.953 0. -129.357 0. 0. 1. 0.
-0.954 0.301 0. 124.838 -0.301 -0.954 0. -129.803 0. 0. 1. 0.
-0.954 0.299 0. 123.316 -0.299 -0.954 0. -130.275 0. 0. 1. 0.
-0.955 0.298 0. 121.778 -0.298 -0.955 0. -130.746 0. 0. 1. 0.
-0.955 0.296 0. 120.192 -0.296 -0.955 0. -131.233 0. 0. 1. 0.
-0.956 0.293 0. 118.593 -0.293 -0.956 0. -131.720 0. 0. 1. 0.
-0.958 0.288 0. 117.026 -0.288 -0.958 0. -132.190 0. 0. 1. 0.
-0.959 0.282 0. 115.409 -0.282 -0.959 0. -132.660 0. 0. 1. 0.
-0.961 0.277 0. 113.860 -0.277 -0.961 0. -133.101 0. 0. 1. 0.
-0.962 0.271 0. 112.340 -0.271 -0.962 0. -133.527 0. 0. 1. 0.
-0.964 0.267 0. 110.841 -0.267 -0.964 0. -133.930 0. 0. 1. 0.
-0.965 0.261 0. 109.366 -0.261 -0.965 0. -134.324 0. 0. 1. 0.
-0.967 0.257 0. 107.918 -0.257 -0.967 0. -134.695 0. 0. 1. 0.
-0.968 0.251 0. 106.458 -0.251 -0.968 0. -135.062 0. 0. 1. 0.
-0.969 0.246 0. 105.037 -0.246 -0.969 0. -135.418 0. 0. 1. 0.
-0.970 0.243 0. 103.676 -0.243 -0.970 0. -135.747 0. 0. 1. 0.
-0.971 0.239 0. 102.365 -0.239 -0.971 0. -136.056 0. 0. 1. 0.
-0.972 0.234 0. 101.100 -0.234 -0.972 0. -136.354 0. 0. 1. 0.
-0.973 0.231 0. 99.875 -0.231 -0.973 0. -136.638 0. 0. 1. 0.
-0.974 0.228 0. 98.658 -0.228 -0.974 0. -136.917 0. 0. 1. 0.
-0.974 0.228 0. 97.452 -0.228 -0.974 0. -137.192 0. 0. 1. 0.
-0.974 0.228 0. 96.254 -0.228 -0.974 0. -137.467 0. 0. 1. 0.
-0.974 0.228 0. 95.047 -0.228 -0.974 0. -137.740 0. 0. 1. 0.
-0.973 0.229 0. 93.857 -0.229 -0.973 0. -138.013 0. 0. 1. 0.
-0.973 0.229 0. 92.674 -0.229 -0.973 0. -138.285 0. 0. 1. 0.
-0.973 0.229 0. 91.472 -0.229 -0.973 0. -138.564 0. 0. 1. 0.
-0.973 0.230 0. 90.261 -0.230 -0.973 0. -138.847 0. 0. 1. 0.
-0.972 0.233 0. 89.087 -0.233 -0.972 0. -139.117 0. 0. 1. 0.
-0.970 0.243 0. 87.931 -0.243 -0.970 0. -139.397 0. 0. 1. 0.
-0.965 0.264 0. 86.802 -0.264 -0.965 0. -139.698 0. 0. 1. 0.
-0.954 0.299 0. 85.713 -0.299 -0.954 0. -140.035 0. 0. 1. 0.
-0.936 0.352 0. 84.667 -0.352 -0.936 0. -140.424 0. 0. 1. 0.
-0.907 0.420 0. 83.665 -0.420 -0.907 0. -140.889 0. 0. 1. 0.
-0.865 0.501 0. 82.750 -0.501 -0.865 0. -141.432 0. 0. 1. 0.
-0.809 0.587 0. 81.933 -0.587 -0.809 0. -142.047 0. 0. 1. 0.
-0.742 0.671 0. 81.219 -0.671 -0.742 0. -142.738 0. 0. 1. 0.
-0.664 0.747 0. 80.574 -0.747 -0.664 0. -143.497 0. 0. 1. 0.
-0.577 0.817 0. 80.039 -0.817 -0.577 0. -144.315 0. 0. 1. 0.
-0.482 0.876 0. 79.595 -0.876 -0.482 0. -145.195 0. 0. 1. 0.
-0.381 0.924 0. 79.251 -0.924 -0.381 -0. -146.136 -0. 0. 1. 0.
-0.273 0.962 0. 79.012 -0.962 -0.273 -0. -147.127 -0. 0. 1. 0.
-0.166 0.986 0. 78.870 -0.986 -0.166 -0. -148.163 -0. 0. 1. 0.
-0.068 0.998 0. 78.845 -0.998 -0.068 -0. -149.241 -0. 0. 1. 0.
0.030 1.000 0. 78.905 -1.000 0.030 -0. -150.340 -0. 0. 1. 0.
0.130 0.992 0. 79.067 -0.992 0.130 -0. -151.451 -0. 0. 1. 0.
0.225 0.974 0. 79.337 -0.974 0.225 -0. -152.565 -0. 0. 1. 0.
0.306 0.952 0. 79.705 -0.952 0.306 -0. -153.697 -0. 0. 1. 0.
0.370 0.929 0. 80.155 -0.929 0.370 -0. -154.823 -0. 0. 1. 0.
