1. 0. 0. 0. 0. -1. -0. 0. 0. 0. -1. 0.
1. -0.000 -0. 0.002 -0.000 -1. -0. -0.006 0. 0. -1. 0.
1. -0.003 -0. 0.016 -0.003 -1. -0. 0.001 0. 0. -1. 0.
1. -0.002 -0. 0.011 -0.002 -1. -0. 0.001 0. 0. -1. 0.
1. 0.000 0. 0.026 0.000 -1. -0. 0.017 0. 0. -1. 0.
1. 0.001 0. 0.020 0.001 -1. -0. -0.009 0. 0. -1. 0.
1. -0.001 -0. 0.008 -0.001 -1. -0. -0.005 0. 0. -1. 0.
1. 0.004 0. -0.001 0.004 -1. -0. -0.003 0. 0. -1. 0.
1. 0.004 0. 0.022 0.004 -1. -0. 0.031 0. 0. -1. 0.
1. -0.002 -0. -0.002 -0.002 -1. -0. -0.017 0. 0. -1. 0.
1. -0.002 -0. 0.021 -0.002 -1. -0. 0.002 0. 0. -1. 0.
1. -0.003 -0. 0.048 -0.003 -1. -0. 0.026 0. 0. -1. 0.
1. 0.001 0. -0.003 0.001 -1. -0. 0.008 0. 0. -1. 0.
1. 0.002 0. 0.016 0.002 -1. -0. 0.016 0. 0. -1. 0.
1. 0.000 0. 0.012 0.000 -1. -0. -0.012 0. 0. -1. 0.
1. -0.002 -0. 0.028 -0.002 -1. -0. -0.005 0. 0. -1. 0.
1. 0.000 0. 0.002 0.000 -1. -0. 0.012 0. 0. -1. 0.
1. 0.003 0. 0.021 0.003 -1. -0. 0.001 0. 0. -1. 0.
1. 0.000 0. 0.018 0.000 -1. -0. 0.001 0. 0. -1. 0.
1. 0.000 0. 0.008 0.000 -1. -0. -0.005 0. 0. -1. 0.
1. -0.001 -0. 0.023 -0.001 -1. -0. 0.014 0. 0. -1. 0.
1. -0.005 -0. 0.016 -0.005 -1. -0. -0.023 0. 0. -1. 0.
1. -0.001 -0. 0.009 -0.001 -1. -0. -0.005 0. 0. -1. 0.
1. 0.000 0. 0.006 0.000 -1. -0. 0.012 0. 0. -1. 0.
1. 0.004 0. 0.017 0.004 -1. -0. 0.016 0. 0. -1. 0.
1. 0.003 0. 0.034 0.003 -1. -0. 0.017 0. 0. -1. 0.
1. -0.000 -0. 0.036 -0.000 -1. -0. 0.031 0. 0. -1. 0.
1. -0.006 -0. 0.025 -0.006 -1. -0. -0.035 0. 0. -1. 0.
1. -0.005 -0. 0.045 -0.005 -1. -0. -0.023 0. 0. -1. 0.
1. -0.001 -0. 0.108 -0.001 -1. -0. -0.006 0. 0. -1. 0.
1. -0.005 -0. 0.161 -0.005 -1. -0. -0.026 0. 0. -1. 0.
1. -0.005 -0. 0.240 -0.005 -1. -0. -0.035 0. 0. -1. 0.
1. -0.013 -0. 0.459 -0.013 -1. -0. -0.023 0. 0. -1. 0.
1.000 -0.031 -0. 0.755 -0.031 -1.000 -0. -0.068 0. 0. -1. 0.
0.999 -0.045 -0. 1.164 -0.045 -0.999 -0. -0.059 0. 0. -1. 0.
0.998 -0.058 -0. 1.646 -0.058 -0.998 -0. -0.085 0. 0. -1. 0.
0.998 -0.062 -0. 2.140 -0.062 -0.998 -0. -0.176 0. 0. -1. 0.
0.998 -0.070 -0. 2.864 -0.070 -0.998 -0. -0.170 0. 0. -1. 0.
0.997 -0.081 -0. 3.625 -0.081 -0.997 -0. -0.300 0. 0. -1. 0.
0.995 -0.095 -0. 4.374 -0.095 -0.995 -0. -0.369 0. 0. -1. 0.
0.995 -0.102 -0. 5.295 -0.102 -0.995 -0. -0.409 0. 0. -1. 0.
0.994 -0.109 -0. 6.238 -0.109 -0.994 -0. -0.500 0. 0. -1. 0.
0.994 -0.111 -0. 7.263 -0.111 -0.994 -0. -0.585 0. 0. -1. 0.
0.993 -0.118 -0. 8.345 -0.118 -0.993 -0. -0.657 0. 0. -1. 0.
0.991 -0.130 -0. 9.451 -0.130 -0.991 -0. -0.948 0. 0. -1. 0.
0.990 -0.140 -0. 10.585 -0.140 -0.990 -0. -1.117 0. 0. -1. 0.
0.990 -0.141 -0. 11.773 -0.141 -0.990 -0. -1.313 0. 0. -1. 0.
0.991 -0.135 -0. 13.041 -0.135 -0.991 -0. -1.450 0. 0. -1. 0.
0.992 -0.129 -0. 14.301 -0.129 -0.992 -0. -1.645 0. 0. -1. 0.
0.992 -0.128 -0. 15.707 -0.128 -0.992 -0. -1.785 0. 0. -1. 0.
0.992 -0.124 -0. 17.059 -0.124 -0.992 -0. -2.056 0. 0. -1. 0.
0.993 -0.121 -0. 18.568 -0.121 -0.993 -0. -2.268 0. 0. -1. 0.
0.993 -0.115 -0. 20.148 -0.115 -0.993 -0. -2.509 0. 0. -1. 0.
0.994 -0.106 -0. 21.715 -0.106 -0.994 -0. -2.812 0. 0. -1. 0.
0.995 -0.098 -0. 23.318 -0.098 -0.995 -0. -2.918 0. 0. -1. 0.
0.996 -0.084 -0. 25.061 -0.084 -0.996 -0. -3.182 0. 0. -1. 0.
0.998 -0.070 -0. 26.788 -0.070 -0.998 -0. -3.305 0. 0. -1. 0.
0.999 -0.054 -0. 28.551 -0.054 -0.999 -0. -3.434 0. 0. -1. 0.
0.999 -0.037 -0. 30.366 -0.037 -0.999 -0. -3.627 0. 0. -1. 0.
1.000 -0.023 -0. 32.190 -0.023 -1.000 -0. -3.671 0. 0. -1. 0.
1. -0.009 -0. 34.134 -0.009 -1. -0. -3.605 0. 0. -1. 0.
1. 0.001 0. 35.892 0.001 -1. -0. -3.568 0. 0. -1. 0.
1.000 0.019 0. 37.803 0.019 -1.000 -0. -3.561 0. 0. -1. 0.
1.000 0.030 0. 39.824 0.030 -1.000 -0. -3.599 0. 0. -1. 0.
0.999 0.036 0. 41.787 0.036 -0.999 -0. -3.538 0. 0. -1. 0.
0.999 0.039 0. 43.871 0.039 -0.999 -0. -3.585 0. 0. -1. 0.
0.999 0.048 0. 45.910 0.048 -0.999 -0. -3.484 0. 0. -1. 0.
0.999 0.051 0. 48.059 0.051 -0.999 -0. -3.390 0. 0. -1. 0.
0.999 0.045 0. 50.223 0.045 -0.999 -0. -3.282 0. 0. -1. 0.
0.999 0.046 0. 52.403 0.046 -0.999 -0. -3.138 0. 0. -1. 0.
0.999 0.049 0. 54.640 0.049 -0.999 -0. -3.299 0. 0. -1. 0.
0.999 0.047 0. 56.845 0.047 -0.999 -0. -3.195 0. 0. -1. 0.
0.999 0.041 0. 59.072 0.041 -0.999 -0. -3.097 0. 0. -1. 0.
0.999 0.046 0. 61.289 0.046 -0.999 -0. -3.097 0. 0. -1. 0.
0.999 0.045 0. 63.480 0.045 -0.999 -0. -2.945 0. 0. -1. 0.
0.999 0.044 0. 65.676 0.044 -0.999 -0. -2.937 0. 0. -1. 0.
0.999 0.044 0. 67.870 0.044 -0.999 -0. -2.877 0. 0. -1. 0.
0.999 0.034 0. 70.018 0.034 -0.999 -0. -2.614 0. 0. -1. 0.
1.000 0.029 0. 72.178 0.029 -1.000 -0. -2.624 0. 0. -1. 0.
1.000 0.029 0. 74.410 0.029 -1.000 -0. -2.581 0. 0. -1. 0.
1.000 0.020 0. 76.558 0.020 -1.000 -0. -2.545 0. 0. -1. 0.
1. 0.004 0. 78.692 0.004 -1. -0. -2.564 0. 0. -1. 0.
1.000 -0.015 -0. 80.886 -0.015 -1.000 -0. -2.710 0. 0. -1. 0.
0.999 -0.045 -0. 83.093 -0.045 -0.999 -0. -2.811 0. 0. -1. 0.
0.997 -0.083 -0. 85.110 -0.083 -0.997 -0. -2.894 0. 0. -1. 0.
0.991 -0.134 -0. 87.141 -0.134 -0.991 -0. -3.140 0. 0. -1. 0.
0.985 -0.175 -0. 89.224 -0.175 -0.985 -0. -3.564 0. 0. -1. 0.
0.976 -0.219 -0. 91.285 -0.219 -0.976 -0. -4.016 0. 0. -1. 0.
0.962 -0.271 -0. 93.231 -0.271 -0.962 -0. -4.608 0. 0. -1. 0.
0.949 -0.316 -0. 95.110 -0.316 -0.949 -0. -5.326 0. 0. -1. 0.
0.930 -0.369 -0. 97.022 -0.369 -0.930 -0. -5.997 0. 0. -1. 0.
0.906 -0.423 -0. 98.912 -0.423 -0.906 -0. -6.853 0. 0. -1. 0.
0.880 -0.476 -0. 100.720 -0.476 -0.880 -0. -7.670 0. 0. -1. 0.
0.842 -0.539 -0. 102.460 -0.539 -0.842 -0. -8.825 0. 0. -1. 0.
0.799 -0.601 -0. 104.208 -0.601 -0.799 -0. -9.863 0. 0. -1. 0.
0.753 -0.658 -0. 105.536 -0.658 -0.753 -0. -11.214 0. 0. -1. 0.
0.694 -0.720 -0. 106.821 -0.720 -0.694 -0. -12.736 0. 0. -1. 0.
0.636 -0.771 -0. 108.086 -0.771 -0.636 -0. -14.055 0. 0. -1. 0.
0.577 -0.817 -0. 109.033 -0.817 -0.577 -0. -15.645 0. 0. -1. 0.
0.521 -0.854 -0. 109.986 -0.854 -0.521 -0. -17.274 0. 0. -1. 0.
0.463 -0.886 -0. 110.765 -0.886 -0.463 -0. -18.925 0. 0. -1. 0.
0.419 -0.908 -0. 111.634 -0.908 -0.419 -0. -20.481 0. 0. -1. 0.
0.387 -0.922 -0. 112.247 -0.922 -0.387 -0. -22.311 0. 0. -1. 0.
0.371 -0.929 -0. 112.840 -0.929 -0.371 -0. -24.078 0. 0. -1. 0.
0.362 -0.932 -0. 113.599 -0.932 -0.362 -0. -25.838 0. 0. -1. 0.
0.357 -0.934 -0. 114.342 -0.934 -0.357 -0. -27.522 0. 0. -1. 0.
0.364 -0.931 -0. 115.019 -0.931 -0.364 -0. -29.276 0. 0. -1. 0.
0.372 -0.928 -0. 115.637 -0.928 -0.372 -0. -31.115 0. 0. -1. 0.
0.372 -0.928 -0. 116.466 -0.928 -0.372 -0. -32.942 0. 0. -1. 0.
0.379 -0.925 -0. 117.208 -0.925 -0.379 -0. -34.742 0. 0. -1. 0.
0.385 -0.923 -0. 118.024 -0.923 -0.385 -0. -36.629 0. 0. -1. 0.
0.397 -0.918 -0. 118.755 -0.918 -0.397 -0. -38.418 0. 0. -1. 0.
0.409 -0.913 -0. 119.418 -0.913 -0.409 -0. -40.310 0. 0. -1. 0.
0.420 -0.908 -0. 120.263 -0.908 -0.420 -0. -42.124 0. 0. -1. 0.
0.438 -0.899 -0. 121.028 -0.899 -0.438 -0. -43.952 0. 0. -1. 0.
0.454 -0.891 -0. 121.823 -0.891 -0.454 -0. -45.739 0. 0. -1. 0.
0.469 -0.883 -0. 122.889 -0.883 -0.469 -0. -47.412 0. 0. -1. 0.
0.487 -0.873 -0. 123.660 -0.873 -0.487 -0. -49.142 0. 0. -1. 0.
0.497 -0.868 -0. 124.598 -0.868 -0.497 -0. -50.788 0. 0. -1. 0.
0.507 -0.862 -0. 125.472 -0.862 -0.507 -0. -52.342 0. 0. -1. 0.
0.517 -0.856 -0. 126.333 -0.856 -0.517 -0. -53.920 0. 0. -1. 0.
0.517 -0.856 -0. 127.314 -0.856 -0.517 -0. -55.426 0. 0. -1. 0.
0.529 -0.849 -0. 128.001 -0.849 -0.529 -0. -56.824 0. 0. -1. 0.
0.529 -0.849 -0. 129.106 -0.849 -0.529 -0. -58.316 0. 0. -1. 0.
0.534 -0.845 -0. 129.968 -0.845 -0.534 -0. -59.647 0. 0. -1. 0.
0.544 -0.839 -0. 130.768 -0.839 -0.544 -0. -60.977 0. 0. -1. 0.
0.545 -0.838 -0. 131.603 -0.838 -0.545 -0. -62.372 0. 0. -1. 0.
0.553 -0.833 -0. 132.430 -0.833 -0.553 -0. -63.697 0. 0. -1. 0.
0.557 -0.830 -0. 133.302 -0.830 -0.557 -0. -64.914 0. 0. -1. 0.
0.570 -0.821 -0. 134.106 -0.821 -0.570 -0. -66.125 0. 0. -1. 0.
0.588 -0.809 -0. 134.999 -0.809 -0.588 -0. -67.295 0. 0. -1. 0.
0.622 -0.783 -0. 135.823 -0.783 -0.622 -0. -68.427 0. 0. -1. 0.
0.658 -0.753 -0. 136.701 -0.753 -0.658 -0. -69.508 0. 0. -1. 0.
0.698 -0.716 -0. 137.741 -0.716 -0.698 -0. -70.327 0. 0. -1. 0.
0.750 -0.662 -0. 138.607 -0.662 -0.750 -0. -71.010 0. 0. -1. 0.
0.805 -0.593 -0. 139.617 -0.593 -0.805 -0. -71.972 0. 0. -1. 0.
0.860 -0.510 -0. 140.619 -0.510 -0.860 -0. -72.546 0. 0. -1. 0.
0.913 -0.409 -0. 141.676 -0.409 -0.913 -0. -73.082 0. 0. -1. 0.
0.959 -0.284 -0. 142.749 -0.284 -0.959 -0. -73.455 0. 0. -1. 0.
0.990 -0.141 -0. 143.829 -0.141 -0.990 -0. -73.561 0. 0. -1. 0.
1. 0.003 0. 144.996 0.003 -1. -0. -73.515 0. 0. -1. 0.
0.987 0.161 0. 145.979 0.161 -0.987 -0. -73.457 0. 0. -1. 0.
0.945 0.326 0. 146.990 0.326 -0.945 -0. -73.037 0. 0. -1. 0.
0.876 0.482 0. 147.887 0.482 -0.876 -0. -72.436 0. 0. -1. 0.
0.777 0.630 0. 148.664 0.630 -0.777 -0. -71.768 0. 0. -1. 0.
0.650 0.760 0. 149.243 0.760 -0.650 -0. -70.985 0. 0. -1. 0.
0.502 0.865 0. 149.712 0.865 -0.502 -0. -70.150 0. 0. -1. 0.
0.342 0.940 0. 150.097 0.940 -0.342 -0. -69.266 0. 0. -1. 0.
0.172 0.985 0. 150.139 0.985 -0.172 -0. -68.175 0. 0. -1. 0.
0.000 1. 0. 150.159 1. -0.000 -0. -67.236 0. 0. -1. 0.
-0.172 0.985 0. 149.872 0.985 0.172 0. -66.364 0. 0. -1. 0.
-0.337 0.941 0. 149.538 0.941 0.337 0. -65.528 0. 0. -1. 0.
-0.476 0.879 0. 149.062 0.879 0.476 0. -64.581 0. 0. -1. 0.
-0.599 0.801 0. 148.385 0.801 0.599 0. -63.875 0. 0. -1. 0.
-0.689 0.725 0. 147.642 0.725 0.689 0. -62.954 0. 0. -1. 0.
-0.768 0.641 0. 146.760 0.641 0.768 0. -62.449 0. 0. -1. 0.
-0.823 0.568 0. 145.738 0.568 0.823 0. -61.703 0. 0. -1. 0.
-0.864 0.504 0. 144.730 0.504 0.864 0. -61.034 0. 0. -1. 0.
-0.895 0.446 0. 143.575 0.446 0.895 0. -60.440 0. 0. -1. 0.
-0.915 0.403 0. 142.244 0.403 0.915 0. -59.965 0. 0. -1. 0.
-0.921 0.390 0. 141.039 0.390 0.921 0. -59.457 0. 0. -1. 0.
-0.922 0.387 0. 139.761 0.387 0.922 0. -58.981 0. 0. -1. 0.
-0.912 0.410 0. 138.452 0.410 0.912 0. -58.318 0. 0. -1. 0.
-0.903 0.430 0. 137.104 0.430 0.903 0. -57.730 0. 0. -1. 0.
-0.891 0.454 0. 135.788 0.454 0.891 0. -56.923 0. 0. -1. 0.
-0.874 0.487 0. 134.467 0.487 0.874 0. -56.098 0. 0. -1. 0.
-0.849 0.528 0. 133.133 0.528 0.849 0. -55.321 0. 0. -1. 0.
-0.825 0.565 0. 131.788 0.565 0.825 0. -54.260 0. 0. -1. 0.
-0.794 0.608 0. 130.454 0.608 0.794 0. -53.230 0. 0. -1. 0.
-0.762 0.647 0. 129.181 0.647 0.762 0. -52.144 0. 0. -1. 0.
-0.724 0.690 0. 127.857 0.690 0.724 0. -51.038 0. 0. -1. 0.
-0.689 0.725 0. 126.737 0.725 0.689 0. -49.668 0. 0. -1. 0.
-0.643 0.766 0. 125.572 0.766 0.643 0. -48.292 0. 0. -1. 0.
-0.596 0.803 0. 124.426 0.803 0.596 0. -46.851 0. 0. -1. 0.
-0.554 0.832 0. 123.495 0.832 0.554 0. -45.393 0. 0. -1. 0.
-0.514 0.858 0. 122.527 0.858 0.514 0. -43.691 0. 0. -1. 0.
-0.484 0.875 0. 121.721 0.875 0.484 0. -42.076 0. 0. -1. 0.
-0.452 0.892 0. 120.832 0.892 0.452 0. -40.408 0. 0. -1. 0.
-0.428 0.904 0. 120.226 0.904 0.428 0. -38.721 0. 0. -1. 0.
-0.406 0.914 0. 119.354 0.914 0.406 0. -36.854 0. 0. -1. 0.
-0.389 0.921 0. 118.600 0.921 0.389 0. -35.138 0. 0. -1. 0.
-0.372 0.928 0. 118.109 0.928 0.372 0. -33.262 0. 0. -1. 0.
-0.370 0.929 0. 117.357 0.929 0.370 0. -31.508 0. 0. -1. 0.
-0.356 0.934 0. 116.742 0.934 0.356 0. -29.667 0. 0. -1. 0.
-0.358 0.934 0. 115.817 0.934 0.358 0. -27.803 0. 0. -1. 0.
-0.356 0.935 0. 115.332 0.935 0.356 0. -25.913 0. 0. -1. 0.
-0.377 0.926 0. 114.383 0.926 0.377 0. -24.048 0. 0. -1. 0.
-0.401 0.916 0. 113.658 0.916 0.401 0. -22.170 0. 0. -1. 0.
-0.441 0.898 0. 112.763 0.898 0.441 0. -20.325 0. 0. -1. 0.
-0.481 0.877 0. 111.817 0.877 0.481 0. -18.466 0. 0. -1. 0.
-0.522 0.853 0. 110.868 0.853 0.522 0. -16.580 0. 0. -1. 0.
-0.569 0.823 0. 109.750 0.823 0.569 0. -14.824 0. 0. -1. 0.
-0.614 0.789 0. 108.566 0.789 0.614 0. -13.208 0. 0. -1. 0.
-0.670 0.743 0. 107.380 0.743 0.670 0. -11.594 0. 0. -1. 0.
-0.726 0.688 0. 105.755 0.688 0.726 0. -10.166 0. 0. -1. 0.
-0.778 0.628 0. 104.107 0.628 0.778 0. -8.819 0. 0. -1. 0.
-0.825 0.565 0. 102.519 0.565 0.825 0. -7.538 0. 0. -1. 0.
-0.860 0.510 0. 100.697 0.510 0.860 0. -6.493 0. 0. -1. 0.
-0.896 0.444 0. 98.941 0.444 0.896 0. -5.469 0. 0. -1. 0.
-0.923 0.385 0. 97.086 0.385 0.923 0. -4.740 0. 0. -1. 0.
-0.948 0.319 0. 95.267 0.319 0.948 0. -4.008 0. 0. -1. 0.
-0.970 0.242 0. 93.282 0.242 0.970 0. -3.402 0. 0. -1. 0.
-0.985 0.172 0. 91.082 0.172 0.985 0. -2.990 0. 0. -1. 0.
-0.993 0.114 0. 89.019 0.114 0.993 0. -2.685 0. 0. -1. 0.
-0.998 0.062 0. 86.796 0.062 0.998 0. -2.603 0. 0. -1. 0.
-1.000 0.022 0. 84.625 0.022 1.000 0. -2.643 0. 0. -1. 0.
-1. 0.011 0. 82.515 0.011 1. 0. -2.582 0. 0. -1. 0.
-1. 0.001 0. 80.319 0.001 1. 0. -2.612 0. 0. -1. 0.
-1. -0.006 -0. 78.115 -0.006 1. 0. -2.599 0. 0. -1. 0.
-1. -0.014 -0. 75.824 -0.014 1. 0. -2.616 0. 0. -1. 0.
-1.000 -0.016 -0. 73.575 -0.016 1.000 0. -2.559 0. 0. -1. 0.
-1. -0.012 -0. 71.288 -0.012 1. 0. -2.555 0. 0. -1. 0.
-1.000 -0.018 -0. 69.011 -0.018 1.000 0. -2.565 0. 0. -1. 0.
-1.000 -0.019 -0. 66.726 -0.019 1.000 0. -2.660 0. 0. -1. 0.
-1.000 -0.017 -0. 64.428 -0.017 1.000 0. -2.665 0. 0. -1. 0.
-1.000 -0.017 -0. 62.130 -0.017 1.000 0. -2.525 0. 0. -1. 0.
-1.000 -0.021 -0. 59.900 -0.021 1.000 0. -2.481 0. 0. -1. 0.
-1.000 -0.028 -0. 57.597 -0.028 1.000 0. -2.547 0. 0. -1. 0.
-0.999 -0.042 -0. 55.399 -0.042 0.999 0. -2.513 0. 0. -1. 0.
-0.999 -0.041 -0. 53.121 -0.041 0.999 0. -2.784 0. 0. -1. 0.
-0.999 -0.054 -0. 50.922 -0.054 0.999 0. -2.743 0. 0. -1. 0.
-0.999 -0.052 -0. 48.692 -0.052 0.999 0. -2.868 0. 0. -1. 0.
-0.999 -0.049 -0. 46.579 -0.049 0.999 0. -2.904 0. 0. -1. 0.
-1.000 -0.030 -0. 44.405 -0.030 1.000 0. -2.992 0. 0. -1. 0.
-1.000 -0.017 -0. 42.283 -0.017 1.000 0. -2.974 0. 0. -1. 0.
-1. 0.002 0. 40.133 0.002 1. 0. -2.899 0. 0. -1. 0.
-1.000 0.022 0. 38.009 0.022 1.000 0. -2.909 0. 0. -1. 0.
-0.999 0.034 0. 35.800 0.034 0.999 0. -2.820 0. 0. -1. 0.
-0.999 0.046 0. 33.724 0.046 0.999 0. -2.690 0. 0. -1. 0.
-0.998 0.060 0. 31.539 0.060 0.998 0. -2.591 0. 0. -1. 0.
-0.998 0.069 0. 29.387 0.069 0.998 0. -2.176 0. 0. -1. 0.
-0.996 0.085 0. 27.108 0.085 0.996 0. -2.067 0. 0. -1. 0.
-0.996 0.084 0. 25.021 0.084 0.996 0. -1.667 0. 0. -1. 0.
-0.995 0.097 0. 22.739 0.097 0.995 0. -1.563 0. 0. -1. 0.
-0.995 0.096 0. 20.557 0.096 0.995 0. -1.201 0. 0. -1. 0.
-0.996 0.093 0. 18.291 0.093 0.996 0. -0.988 0. 0. -1. 0.
-0.995 0.098 0. 16.103 0.098 0.995 0. -0.814 0. 0. -1. 0.
-0.995 0.096 0. 13.804 0.096 0.995 0. -0.498 0. 0. -1. 0.
-0.995 0.098 0. 11.539 0.098 0.995 0. -0.366 0. 0. -1. 0.
-0.995 0.096 0. 9.318 0.096 0.995 0. -0.179 0. 0. -1. 0.
-0.996 0.088 0. 7.106 0.088 0.996 0. -0.012 0. 0. -1. 0.
-0.997 0.083 0. 4.828 0.083 0.997 0. 0.352 0. 0. -1. 0.
-0.997 0.078 0. 2.690 0.078 0.997 0. 0.569 0. 0. -1. 0.
-0.997 0.076 0. 0.454 0.076 0.997 0. 0.642 0. 0. -1. 0.
-0.997 0.072 0. -1.769 0.072 0.997 0. 0.851 0. 0. -1. 0.
-0.997 0.071 0. -3.952 0.071 0.997 0. 1.064 0. 0. -1. 0.
-0.998 0.066 0. -6.138 0.066 0.998 0. 1.356 0. 0. -1. 0.
-0.998 0.063 0. -8.335 0.063 0.998 0. 1.427 0. 0. -1. 0.
-0.999 0.054 0. -10.439 0.054 0.999 0. 1.662 0. 0. -1. 0.
-0.999 0.049 0. -12.560 0.049 0.999 0. 1.681 0. 0. -1. 0.
-0.999 0.046 0. -14.703 0.046 0.999 0. 1.754 0. 0. -1. 0.
-0.999 0.037 0. -16.841 0.037 0.999 0. 1.952 0. 0. -1. 0.
-0.999 0.044 0. -19.020 0.044 0.999 0. 1.991 0. 0. -1. 0.
-0.999 0.042 0. -21.112 0.042 0.999 0. 2.076 0. 0. -1. 0.
-0.999 0.041 0. -23.331 0.041 0.999 0. 2.227 0. 0. -1. 0.
-0.999 0.038 0. -25.462 0.038 0.999 0. 2.424 0. 0. -1. 0.
-0.999 0.035 0. -27.598 0.035 0.999 0. 2.434 0. 0. -1. 0.
-0.999 0.034 0. -29.866 0.034 0.999 0. 2.527 0. 0. -1. 0.
-0.999 0.039 0. -31.901 0.039 0.999 0. 2.576 0. 0. -1. 0.
-0.999 0.036 0. -34.117 0.036 0.999 0. 2.666 0. 0. -1. 0.
-1.000 0.029 0. -36.303 0.029 1.000 0. 2.770 0. 0. -1. 0.
-0.999 0.032 0. -38.433 0.032 0.999 0. 2.860 0. 0. -1. 0.
-1.000 0.032 0. -40.579 0.032 1.000 0. 2.838 0. 0. -1. 0.
-1.000 0.027 0. -42.739 0.027 1.000 0. 3.079 0. 0. -1. 0.
-1.000 0.024 0. -44.783 0.024 1.000 0. 3.204 0. 0. -1. 0.
-1. 0.013 0. -46.794 0.013 1. 0. 3.232 0. 0. -1. 0.
-1. 0.013 0. -48.752 0.013 1. 0. 3.286 0. 0. -1. 0.
-1. 0.009 0. -50.626 0.009 1. 0. 3.395 0. 0. -1. 0.
-1. 0.011 0. -52.440 0.011 1. 0. 3.329 0. 0. -1. 0.
-1.000 0.022 0. -54.317 0.022 1.000 0. 3.296 0. 0. -1. 0.
-1.000 0.031 0. -56.019 0.031 1.000 0. 3.386 0. 0. -1. 0.
-0.999 0.047 0. -57.615 0.047 0.999 0. 3.460 0. 0. -1. 0.
-0.998 0.067 0. -59.090 0.067 0.998 0. 3.638 0. 0. -1. 0.
-0.996 0.086 0. -60.529 0.086 0.996 0. 3.723 0. 0. -1. 0.
-0.993 0.120 0. -61.881 0.120 0.993 0. 3.896 0. 0. -1. 0.
-0.988 0.155 0. -63.169 0.155 0.988 0. 4.112 0. 0. -1. 0.
-0.978 0.207 0. -64.284 0.207 0.978 0. 4.563 0. 0. -1. 0.
-0.961 0.278 0. -65.357 0.278 0.961 0. 4.650 0. 0. -1. 0.
-0.936 0.351 0. -66.331 0.351 0.936 0. 5.117 0. 0. -1. 0.
-0.902 0.431 0. -67.342 0.431 0.902 0. 5.600 0. 0. -1. 0.
-0.848 0.530 0. -68.269 0.530 0.848 0. 6.101 0. 0. -1. 0.
-0.779 0.627 0. -69.009 0.627 0.779 0. 6.763 0. 0. -1. 0.
-0.692 0.721 0. -69.651 0.721 0.692 0. 7.531 0. 0. -1. 0.
-0.600 0.800 0. -70.113 0.800 0.600 0. 8.416 0. 0. -1. 0.
-0.500 0.866 0. -70.626 0.866 0.500 0. 9.233 0. 0. -1. 0.
-0.404 0.915 0. -70.924 0.915 0.404 0. 10.172 0. 0. -1. 0.
-0.311 0.950 0. -71.294 0.950 0.311 0. 11.174 0. 0. -1. 0.
-0.218 0.976 0. -71.494 0.976 0.218 0. 12.290 0. 0. -1. 0.
-0.152 0.988 0. -71.531 0.988 0.152 0. 13.424 0. 0. -1. 0.
-0.105 0.994 0. -71.602 0.994 0.105 0. 14.669 0. 0. -1. 0.
-0.071 0.997 0. -71.684 0.997 0.071 0. 15.919 0. 0. -1. 0.
-0.046 0.999 0. -71.721 0.999 0.046 0. 17.227 0. 0. -1. 0.
-0.032 1.000 0. -71.770 1.000 0.032 0. 18.612 0. 0. -1. 0.
-0.025 1.000 0. -71.763 1.000 0.025 0. 20.096 0. 0. -1. 0.
-0.010 1. 0. -71.750 1. 0.010 0. 21.570 0. 0. -1. 0.
0.000 1. 0. -71.819 1. -0.000 -0. 23.195 0. 0. -1. 0.
0.006 1. 0. -71.494 1. -0.006 -0. 24.896 0. 0. -1. 0.
0.023 1.000 0. -71.729 1.000 -0.023 -0. 26.563 0. 0. -1. 0.
0.031 1.000 0. -71.467 1.000 -0.031 -0. 28.349 0. 0. -1. 0.
0.050 0.999 0. -71.357 0.999 -0.050 -0. 30.131 0. 0. -1. 0.
0.059 0.998 0. -71.270 0.998 -0.059 -0. 31.891 0. 0. -1. 0.
0.079 0.997 0. -71.059 0.997 -0.079 -0. 33.782 0. 0. -1. 0.
0.100 0.995 0. -70.798 0.995 -0.100 -0. 35.638 0. 0. -1. 0.
0.124 0.992 0. -70.646 0.992 -0.124 -0. 37.462 0. 0. -1. 0.
0.144 0.990 0. -70.327 0.990 -0.144 -0. 39.288 0. 0. -1. 0.
0.157 0.988 0. -70.013 0.988 -0.157 -0. 41.110 0. 0. -1. 0.
0.166 0.986 0. -69.561 0.986 -0.166 -0. 43.021 0. 0. -1. 0.
0.166 0.986 0. -69.179 0.986 -0.166 -0. 44.780 0. 0. -1. 0.
0.165 0.986 0. -68.895 0.986 -0.165 -0. 46.746 0. 0. -1. 0.
0.144 0.990 0. -68.576 0.990 -0.144 -0. 48.593 0. 0. -1. 0.
0.133 0.991 0. -68.264 0.991 -0.133 -0. 50.578 0. 0. -1. 0.
0.110 0.994 0. -68.086 0.994 -0.110 -0. 52.484 0. 0. -1. 0.
0.099 0.995 0. -67.846 0.995 -0.099 -0. 54.570 0. 0. -1. 0.
0.084 0.997 0. -67.560 0.997 -0.084 -0. 56.572 0. 0. -1. 0.
0.071 0.997 0. -67.289 0.997 -0.071 -0. 58.680 0. 0. -1. 0.
0.048 0.999 0. -67.264 0.999 -0.048 -0. 60.696 0. 0. -1. 0.
0.037 0.999 0. -67.022 0.999 -0.037 -0. 62.706 0. 0. -1. 0.
0.027 1.000 0. -66.980 1.000 -0.027 -0. 64.773 0. 0. -1. 0.
0.013 1. 0. -67.008 1. -0.013 -0. 66.587 0. 0. -1. 0.
0.008 1. 0. -67.007 1. -0.008 -0. 68.724 0. 0. -1. 0.
0.001 1. 0. -66.939 1. -0.001 -0. 70.606 0. 0. -1. 0.
0.008 1. 0. -66.770 1. -0.008 -0. 72.544 0. 0. -1. 0.
0.010 1. 0. -66.780 1. -0.010 -0. 74.372 0. 0. -1. 0.
0.004 1. 0. -66.746 1. -0.004 -0. 76.198 0. 0. -1. 0.
0.000 1. 0. -66.730 1. -0.000 -0. 77.951 0. 0. -1. 0.
-0.010 1. 0. -66.660 1. 0.010 0. 79.657 0. 0. -1. 0.
-0.034 0.999 0. -66.864 0.999 0.034 0. 81.346 0. 0. -1. 0.
-0.069 0.998 0. -66.804 0.998 0.069 0. 82.960 0. 0. -1. 0.
-0.106 0.994 0. -66.872 0.994 0.106 0. 84.490 0. 0. -1. 0.
-0.169 0.986 0. -67.139 0.986 0.169 0. 85.991 0. 0. -1. 0.
-0.235 0.972 0. -67.460 0.972 0.235 0. 87.620 0. 0. -1. 0.
-0.304 0.953 0. -67.897 0.953 0.304 0. 88.990 0. 0. -1. 0.
-0.387 0.922 0. -68.530 0.922 0.387 0. 90.371 0. 0. -1. 0.
-0.468 0.884 0. -68.983 0.884 0.468 0. 91.719 0. 0. -1. 0.
-0.554 0.833 0. -69.825 0.833 0.554 0. 92.952 0. 0. -1. 0.
-0.640 0.769 0. -70.653 0.769 0.640 0. 94.138 0. 0. -1. 0.
-0.717 0.697 0. -71.757 0.697 0.717 0. 95.249 0. 0. -1. 0.
-0.786 0.619 0. -72.872 0.619 0.786 0. 96.221 0. 0. -1. 0.
-0.850 0.527 0. -74.101 0.527 0.850 0. 96.943 0. 0. -1. 0.
-0.899 0.438 0. -75.365 0.438 0.899 0. 97.662 0. 0. -1. 0.
-0.934 0.357 0. -76.772 0.357 0.934 0. 98.164 0. 0. -1. 0.
-0.956 0.292 0. -78.143 0.292 0.956 0. 98.545 0. 0. -1. 0.
-0.968 0.249 0. -79.528 0.249 0.968 0. 98.924 0. 0. -1. 0.
-0.977 0.215 0. -80.908 0.215 0.977 0. 99.293 0. 0. -1. 0.
-0.980 0.200 0. -82.469 0.200 0.980 0. 99.411 0. 0. -1. 0.
-0.982 0.188 0. -83.865 0.188 0.982 0. 99.982 0. 0. -1. 0.
-0.982 0.186 0. -85.448 0.186 0.982 0. 100.230 0. 0. -1. 0.
-0.978 0.210 0. -87.178 0.210 0.978 0. 100.427 0. 0. -1. 0.
-0.965 0.263 0. -88.669 0.263 0.965 0. 100.935 0. 0. -1. 0.
-0.949 0.316 0. -90.250 0.316 0.949 0. 101.502 0. 0. -1. 0.
-0.926 0.376 0. -91.855 0.376 0.926 0. 102.182 0. 0. -1. 0.
-0.902 0.432 0. -93.396 0.432 0.902 0. 103.080 0. 0. -1. 0.
-0.869 0.494 0. -94.938 0.494 0.869 0. 103.962 0. 0. -1. 0.
-0.835 0.551 0. -96.420 0.551 0.835 0. 105.020 0. 0. -1. 0.
-0.803 0.596 0. -98.034 0.596 0.803 0. 106.022 0. 0. -1. 0.
-0.776 0.631 0. -99.502 0.631 0.776 0. 107.245 0. 0. -1. 0.
-0.748 0.664 0. -100.989 0.664 0.748 0. 108.562 0. 0. -1. 0.
-0.729 0.684 0. -102.564 0.684 0.729 0. 109.922 0. 0. -1. 0.
-0.716 0.698 0. -103.930 0.698 0.716 0. 111.440 0. 0. -1. 0.
-0.710 0.705 0. -105.415 0.705 0.710 0. 112.979 0. 0. -1. 0.
-0.704 0.710 0. -106.925 0.710 0.704 0. 114.415 0. 0. -1. 0.
-0.699 0.715 0. -108.476 0.715 0.699 0. 116.058 0. 0. -1. 0.
-0.695 0.719 0. -110.063 0.719 0.695 0. 117.620 0. 0. -1. 0.
-0.698 0.716 0. -111.513 0.716 0.698 0. 119.435 0. 0. -1. 0.
-0.693 0.721 0. -113.100 0.721 0.693 0. 121.114 0. 0. -1. 0.
-0.697 0.717 0. -114.726 0.717 0.697 0. 122.924 0. 0. -1. 0.
-0.694 0.720 0. -116.408 0.720 0.694 0. 124.661 0. 0. -1. 0.
-0.697 0.717 0. -118.183 0.717 0.697 0. 126.296 0. 0. -1. 0.
-0.692 0.722 0. -119.907 0.722 0.692 0. 128.212 0. 0. -1. 0.
-0.692 0.722 0. -121.497 0.722 0.692 0. 129.973 0. 0. -1. 0.
-0.697 0.717 0. -123.275 0.717 0.697 0. 132.060 0. 0. -1. 0.
-0.696 0.718 0. -124.913 0.718 0.696 0. 133.828 0. 0. -1. 0.
-0.696 0.718 0. -126.840 0.718 0.696 0. 135.769 0. 0. -1. 0.
-0.694 0.720 0. -128.540 0.720 0.694 0. 137.538 0. 0. -1. 0.
-0.691 0.723 0. -130.316 0.723 0.691 0. 139.432 0. 0. -1. 0.
-0.696 0.718 0. -132.031 0.718 0.696 0. 141.311 0. 0. -1. 0.
-0.698 0.716 0. -133.815 0.716 0.698 0. 143.282 0. 0. -1. 0.
-0.694 0.720 0. -135.610 0.720 0.694 0. 145.107 0. 0. -1. 0.
-0.695 0.719 0. -137.358 0.719 0.695 0. 147.151 0. 0. -1. 0.
-0.691 0.723 0. -139.194 0.723 0.691 0. 148.974 0. 0. -1. 0.
-0.688 0.726 0. -140.868 0.726 0.688 0. 150.934 0. 0. -1. 0.
-0.678 0.735 0. -142.666 0.735 0.678 0. 152.822 0. 0. -1. 0.
-0.662 0.749 0. -144.280 0.749 0.662 0. 154.698 0. 0. -1. 0.
-0.649 0.760 0. -145.893 0.760 0.649 0. 156.606 0. 0. -1. 0.
-0.626 0.780 0. -147.499 0.780 0.626 0. 158.720 0. 0. -1. 0.
-0.604 0.797 0. -148.855 0.797 0.604 0. 160.648 0. 0. -1. 0.
-0.576 0.818 0. -150.300 0.818 0.576 0. 162.700 0. 0. -1. 0.
-0.539 0.842 0. -151.617 0.842 0.539 0. 164.775 0. 0. -1. 0.
-0.512 0.859 0. -152.826 0.859 0.512 0. 166.964 0. 0. -1. 0.
-0.476 0.879 0. -153.869 0.879 0.476 0. 169.127 0. 0. -1. 0.
-0.433 0.902 0. -155.142 0.902 0.433 0. 171.287 0. 0. -1. 0.
-0.385 0.923 0. -156.028 0.923 0.385 0. 173.524 0. 0. -1. 0.
-0.339 0.941 0. -156.733 0.941 0.339 0. 175.850 0. 0. -1. 0.
-0.301 0.954 0. -157.610 0.954 0.301 0. 178.044 0. 0. -1. 0.
-0.252 0.968 0. -158.105 0.968 0.252 0. 180.436 0. 0. -1. 0.
-0.212 0.977 0. -158.518 0.977 0.212 0. 182.813 0. 0. -1. 0.
-0.180 0.984 0. -159.120 0.984 0.180 0. 185.142 0. 0. -1. 0.
-0.153 0.988 0. -159.360 0.988 0.153 0. 187.574 0. 0. -1. 0.
-0.130 0.992 0. -159.792 0.992 0.130 0. 189.971 0. 0. -1. 0.
-0.116 0.993 0. -159.859 0.993 0.116 0. 192.406 0. 0. -1. 0.
-0.108 0.994 0. -160.252 0.994 0.108 0. 194.787 0. 0. -1. 0.
-0.100 0.995 0. -160.315 0.995 0.100 0. 197.239 0. 0. -1. 0.
-0.102 0.995 0. -160.333 0.995 0.102 0. 199.679 0. 0. -1. 0.
-0.090 0.996 0. -160.554 0.996 0.090 0. 202.097 0. 0. -1. 0.
-0.091 0.996 0. -160.872 0.996 0.091 0. 204.517 0. 0. -1. 0.
-0.098 0.995 0. -160.978 0.995 0.098 0. 206.943 0. 0. -1. 0.
-0.103 0.995 0. -161.253 0.995 0.103 0. 209.342 0. 0. -1. 0.
-0.124 0.992 0. -161.278 0.992 0.124 0. 211.758 0. 0. -1. 0.
-0.144 0.990 0. -161.582 0.990 0.144 0. 214.100 0. 0. -1. 0.
-0.167 0.986 0. -162.103 0.986 0.167 0. 216.370 0. 0. -1. 0.
-0.208 0.978 0. -162.530 0.978 0.208 0. 218.700 0. 0. -1. 0.
-0.259 0.966 0. -163.052 0.966 0.259 0. 220.937 0. 0. -1. 0.
-0.311 0.950 0. -163.714 0.950 0.311 0. 223.112 0. 0. -1. 0.
-0.371 0.929 0. -164.421 0.929 0.371 0. 225.198 0. 0. -1. 0.
-0.435 0.900 0. -165.241 0.900 0.435 0. 227.239 0. 0. -1. 0.
-0.500 0.866 0. -166.424 0.866 0.500 0. 229.112 0. 0. -1. 0.
-0.570 0.821 0. -167.542 0.821 0.570 0. 230.863 0. 0. -1. 0.
-0.639 0.769 0. -169.070 0.769 0.639 0. 232.553 0. 0. -1. 0.
-0.705 0.710 0. -170.415 0.710 0.705 0. 234.115 0. 0. -1. 0.
-0.764 0.645 0. -172.246 0.645 0.764 0. 235.584 0. 0. -1. 0.
-0.820 0.573 0. -173.870 0.573 0.820 0. 236.838 0. 0. -1. 0.
-0.864 0.503 0. -175.769 0.503 0.864 0. 237.928 0. 0. -1. 0.
-0.898 0.439 0. -177.767 0.439 0.898 0. 238.866 0. 0. -1. 0.
-0.924 0.382 0. -179.773 0.382 0.924 0. 239.741 0. 0. -1. 0.
-0.939 0.345 0. -181.935 0.345 0.939 0. 240.587 0. 0. -1. 0.
-0.945 0.327 0. -183.927 0.327 0.945 0. 241.540 0. 0. -1. 0.
-0.949 0.315 0. -186.202 0.315 0.949 0. 242.340 0. 0. -1. 0.
-0.953 0.304 0. -188.509 0.304 0.953 0. 243.083 0. 0. -1. 0.
-0.955 0.297 0. -190.860 0.297 0.955 0. 243.808 0. 0. -1. 0.
-0.958 0.288 0. -193.194 0.288 0.958 0. 244.543 0. 0. -1. 0.
-0.959 0.285 0. -195.585 0.285 0.959 0. 245.236 0. 0. -1. 0.
-0.960 0.280 0. -197.892 0.280 0.960 0. 246.073 0. 0. -1. 0.
-0.962 0.274 0. -200.340 0.274 0.962 0. 246.704 0. 0. -1. 0.
-0.963 0.270 0. -202.742 0.270 0.963 0. 247.465 0. 0. -1. 0.
-0.964 0.266 0. -205.062 0.266 0.964 0. 248.139 0. 0. -1. 0.
-0.965 0.264 0. -207.468 0.264 0.965 0. 248.801 0. 0. -1. 0.
-0.964 0.266 0. -209.661 0.266 0.964 0. 249.517 0. 0. -1. 0.
-0.964 0.265 0. -212.079 0.265 0.964 0. 250.125 0. 0. -1. 0.
-0.965 0.262 0. -214.330 0.262 0.965 0. 250.806 0. 0. -1. 0.
-0.965 0.261 0. -216.552 0.261 0.965 0. 251.552 0. 0. -1. 0.
-0.965 0.261 0. -218.751 0.261 0.965 0. 252.093 0. 0. -1. 0.
-0.963 0.269 0. -220.984 0.269 0.963 0. 252.580 0. 0. -1. 0.
-0.960 0.279 0. -222.978 0.279 0.960 0. 253.346 0. 0. -1. 0.
-0.956 0.294 0. -224.854 0.294 0.956 0. 254.079 0. 0. -1. 0.
-0.952 0.307 0. -226.778 0.307 0.952 0. 254.635 0. 0. -1. 0.
-0.946 0.323 0. -228.578 0.323 0.946 0. 255.224 0. 0. -1. 0.
-0.940 0.341 0. -230.298 0.341 0.940 0. 255.972 0. 0. -1. 0.
-0.929 0.369 0. -231.903 0.369 0.929 0. 256.662 0. 0. -1. 0.
-0.916 0.400 0. -233.359 0.400 0.916 0. 257.313 0. 0. -1. 0.
-0.905 0.426 0. -234.727 0.426 0.905 0. 257.917 0. 0. -1. 0.
-0.892 0.453 0. -236.071 0.453 0.892 0. 258.627 0. 0. -1. 0.
-0.885 0.465 0. -237.122 0.465 0.885 0. 259.302 0. 0. -1. 0.
-0.883 0.469 0. -238.445 0.469 0.883 0. 259.895 0. 0. -1. 0.
-0.885 0.466 0. -239.525 0.466 0.885 0. 260.487 0. 0. -1. 0.
-0.887 0.462 0. -240.659 0.462 0.887 0. 261.141 0. 0. -1. 0.
-0.894 0.449 0. -241.565 0.449 0.894 0. 261.636 0. 0. -1. 0.
-0.895 0.447 0. -242.530 0.447 0.895 0. 262.038 0. 0. -1. 0.
-0.894 0.448 0. -243.335 0.448 0.894 0. 262.637 0. 0. -1. 0.
-0.895 0.445 0. -244.241 0.445 0.895 0. 262.988 0. 0. -1. 0.
-0.893 0.449 0. -244.886 0.449 0.893 0. 263.403 0. 0. -1. 0.
-0.895 0.445 0. -245.431 0.445 0.895 0. 263.734 0. 0. -1. 0.
-0.894 0.448 0. -246.033 0.448 0.894 0. 264.024 0. 0. -1. 0.
-0.891 0.454 0. -246.389 0.454 0.891 0. 264.308 0. 0. -1. 0.
-0.890 0.456 0. -246.780 0.456 0.890 0. 264.435 0. 0. -1. 0.
-0.889 0.459 0. -247.169 0.459 0.889 0. 264.672 0. 0. -1. 0.
-0.889 0.459 0. -247.413 0.459 0.889 0. 264.670 0. 0. -1. 0.
-0.888 0.460 0. -247.600 0.460 0.888 0. 264.766 0. 0. -1. 0.
-0.886 0.464 0. -247.800 0.464 0.886 0. 265.036 0. 0. -1. 0.
-0.887 0.462 0. -247.889 0.462 0.887 0. 265.081 0. 0. -1. 0.
-0.886 0.464 0. -247.929 0.464 0.886 0. 264.924 0. 0. -1. 0.
-0.884 0.467 0. -248.122 0.467 0.884 0. 265.083 0. 0. -1. 0.
-0.885 0.466 0. -248.131 0.466 0.885 0. 265.172 0. 0. -1. 0.
-0.885 0.466 0. -248.263 0.466 0.885 0. 265.122 0. 0. -1. 0.
-0.882 0.472 0. -248.403 0.472 0.882 0. 265.164 0. 0. -1. 0.
-0.880 0.474 0. -248.471 0.474 0.880 0. 265.352 0. 0. -1. 0.
-0.881 0.473 0. -248.608 0.473 0.881 0. 265.315 0. 0. -1. 0.
-0.881 0.474 0. -248.812 0.474 0.881 0. 265.438 0. 0. -1. 0.
-0.879 0.476 0. -248.939 0.476 0.879 0. 265.547 0. 0. -1. 0.
-0.879 0.477 0. -249.098 0.477 0.879 0. 265.667 0. 0. -1. 0.
-0.880 0.475 0. -249.219 0.475 0.880 0. 265.771 0. 0. -1. 0.
-0.878 0.479 0. -249.477 0.479 0.878 0. 265.877 0. 0. -1. 0.
-0.875 0.484 0. -249.661 0.484 0.875 0. 266.017 0. 0. -1. 0.
-0.874 0.486 0. -249.878 0.486 0.874 0. 266.107 0. 0. -1. 0.
-0.872 0.489 0. -250.166 0.489 0.872 0. 266.185 0. 0. -1. 0.
-0.865 0.502 0. -250.528 0.502 0.865 0. 266.377 0. 0. -1. 0.
-0.857 0.516 0. -250.922 0.516 0.857 0. 266.678 0. 0. -1. 0.
-0.840 0.543 0. -251.469 0.543 0.840 0. 266.927 0. 0. -1. 0.
-0.815 0.579 0. -251.933 0.579 0.815 0. 267.473 0. 0. -1. 0.
-0.781 0.625 0. -252.716 0.625 0.781 0. 267.888 0. 0. -1. 0.
-0.736 0.678 0. -253.291 0.678 0.736 0. 268.506 0. 0. -1. 0.
-0.671 0.741 0. -253.835 0.741 0.671 0. 269.502 0. 0. -1. 0.
-0.596 0.803 0. -254.403 0.803 0.596 0. 270.085 0. 0. -1. 0.
-0.521 0.853 0. -254.866 0.853 0.521 0. 270.977 0. 0. -1. 0.
-0.444 0.896 0. -255.229 0.896 0.444 0. 272.064 0. 0. -1. 0.
-0.354 0.935 0. -255.725 0.935 0.354 0. 273.009 0. 0. -1. 0.
-0.267 0.964 0. -255.899 0.964 0.267 0. 274.226 0. 0. -1. 0.
-0.180 0.984 0. -256.161 0.984 0.180 0. 275.490 0. 0. -1. 0.
-0.088 0.996 0. -256.209 0.996 0.088 0. 276.854 0. 0. -1. 0.
0.000 1. 0. -256.142 1. -0.000 -0. 278.230 0. 0. -1. 0.
0.078 0.997 0. -256.039 0.997 -0.078 -0. 279.594 0. 0. -1. 0.
0.131 0.991 0. -255.716 0.991 -0.131 -0. 281.105 0. 0. -1. 0.
0.169 0.986 0. -255.425 0.986 -0.169 -0. 282.637 0. 0. -1. 0.
0.199 0.980 0. -255.090 0.980 -0.199 -0. 284.279 0. 0. -1. 0.
0.219 0.976 0. -254.830 0.976 -0.219 -0. 285.887 0. 0. -1. 0.
0.229 0.973 0. -254.411 0.973 -0.229 -0. 287.690 0. 0. -1. 0.
0.239 0.971 0. -253.863 0.971 -0.239 -0. 289.362 0. 0. -1. 0.
0.246 0.969 0. -253.455 0.969 -0.246 -0. 291.149 0. 0. -1. 0.
0.242 0.970 0. -252.978 0.970 -0.242 -0. 293.021 0. 0. -1. 0.
0.247 0.969 0. -252.470 0.969 -0.247 -0. 294.906 0. 0. -1. 0.
0.244 0.970 0. -251.855 0.970 -0.244 -0. 296.709 0. 0. -1. 0.
0.247 0.969 0. -251.311 0.969 -0.247 -0. 298.619 0. 0. -1. 0.
0.250 0.968 0. -250.859 0.968 -0.250 -0. 300.607 0. 0. -1. 0.
0.248 0.969 0. -250.304 0.969 -0.248 -0. 302.560 0. 0. -1. 0.
0.249 0.968 0. -249.851 0.968 -0.249 -0. 304.497 0. 0. -1. 0.
0.252 0.968 0. -249.204 0.968 -0.252 -0. 306.399 0. 0. -1. 0.
0.255 0.967 0. -248.701 0.967 -0.255 -0. 308.336 0. 0. -1. 0.
0.256 0.967 0. -248.181 0.967 -0.256 -0. 310.215 0. 0. -1. 0.
0.253 0.967 0. -247.618 0.967 -0.253 -0. 312.030 0. 0. -1. 0.
0.257 0.966 0. -247.160 0.966 -0.257 -0. 313.894 0. 0. -1. 0.
0.255 0.967 0. -246.587 0.967 -0.255 -0. 315.741 0. 0. -1. 0.
0.255 0.967 0. -246.116 0.967 -0.255 -0. 317.536 0. 0. -1. 0.
0.260 0.966 0. -245.647 0.966 -0.260 -0. 319.305 0. 0. -1. 0.
0.260 0.966 0. -245.135 0.966 -0.260 -0. 321.004 0. 0. -1. 0.
0.253 0.967 0. -244.642 0.967 -0.253 -0. 322.749 0. 0. -1. 0.
0.258 0.966 0. -244.244 0.966 -0.258 -0. 324.353 0. 0. -1. 0.
0.258 0.966 0. -243.811 0.966 -0.258 -0. 325.923 0. 0. -1. 0.
0.255 0.967 0. -243.287 0.967 -0.255 -0. 327.445 0. 0. -1. 0.
0.249 0.969 0. -242.867 0.969 -0.249 -0. 328.895 0. 0. -1. 0.
0.252 0.968 0. -242.528 0.968 -0.252 -0. 330.272 0. 0. -1. 0.
0.244 0.970 0. -242.132 0.970 -0.244 -0. 331.538 0. 0. -1. 0.
0.240 0.971 0. -241.847 0.971 -0.240 -0. 332.666 0. 0. -1. 0.
0.234 0.972 0. -241.600 0.972 -0.234 -0. 333.801 0. 0. -1. 0.
0.234 0.972 0. -241.276 0.972 -0.234 -0. 334.761 0. 0. -1. 0.
0.232 0.973 0. -241.026 0.973 -0.232 -0. 335.691 0. 0. -1. 0.
0.235 0.972 0. -240.927 0.972 -0.235 -0. 336.510 0. 0. -1. 0.
0.244 0.970 0. -240.702 0.970 -0.244 -0. 337.244 0. 0. -1. 0.
0.241 0.971 0. -240.514 0.971 -0.241 -0. 337.863 0. 0. -1. 0.
0.245 0.969 0. -240.360 0.969 -0.245 -0. 338.443 0. 0. -1. 0.
0.249 0.968 0. -240.208 0.968 -0.249 -0. 338.928 0. 0. -1. 0.
0.247 0.969 0. -240.115 0.969 -0.247 -0. 339.374 0. 0. -1. 0.
0.245 0.970 0. -240.041 0.970 -0.245 -0. 339.752 0. 0. -1. 0.
0.249 0.969 0. -239.877 0.969 -0.249 -0. 340.101 0. 0. -1. 0.
0.249 0.969 0. -239.885 0.969 -0.249 -0. 340.497 0. 0. -1. 0.
0.252 0.968 0. -239.802 0.968 -0.252 -0. 340.831 0. 0. -1. 0.
0.248 0.969 0. -239.690 0.969 -0.248 -0. 341.110 0. 0. -1. 0.
0.243 0.970 0. -239.596 0.970 -0.243 -0. 341.401 0. 0. -1. 0.
0.248 0.969 0. -239.515 0.969 -0.248 -0. 341.709 0. 0. -1. 0.
0.248 0.969 0. -239.409 0.969 -0.248 -0. 341.958 0. 0. -1. 0.
0.248 0.969 0. -239.407 0.969 -0.248 -0. 342.114 0. 0. -1. 0.
0.251 0.968 0. -239.313 0.968 -0.251 -0. 342.421 0. 0. -1. 0.
0.253 0.968 0. -239.308 0.968 -0.253 -0. 342.512 0. 0. -1. 0.
0.246 0.969 0. -239.217 0.969 -0.246 -0. 342.696 0. 0. -1. 0.
0.248 0.969 0. -239.223 0.969 -0.248 -0. 342.811 0. 0. -1. 0.
0.255 0.967 0. -239.200 0.967 -0.255 -0. 342.856 0. 0. -1. 0.
0.256 0.967 0. -239.178 0.967 -0.256 -0. 342.866 0. 0. -1. 0.
0.250 0.968 0. -239.155 0.968 -0.250 -0. 342.871 0. 0. -1. 0.
0.246 0.969 0. -239.120 0.969 -0.246 -0. 342.887 0. 0. -1. 0.
0.245 0.969 0. -239.150 0.969 -0.245 -0. 342.864 0. 0. -1. 0.
0.253 0.967 0. -239.184 0.967 -0.253 -0. 342.867 0. 0. -1. 0.
0.253 0.968 0. -239.218 0.968 -0.253 -0. 342.844 0. 0. -1. 0.
0.247 0.969 0. -239.114 0.969 -0.247 -0. 342.859 0. 0. -1. 0.
0.247 0.969 0. -239.213 0.969 -0.247 -0. 342.887 0. 0. -1. 0.
0.243 0.970 0. -239.184 0.970 -0.243 -0. 342.869 0. 0. -1. 0.
0.255 0.967 0. -239.220 0.967 -0.255 -0. 342.887 0. 0. -1. 0.
0.245 0.969 0. -239.163 0.969 -0.245 -0. 342.872 0. 0. -1. 0.
0.245 0.970 0. -239.147 0.970 -0.245 -0. 342.879 0. 0. -1. 0.
0.253 0.967 0. -239.177 0.967 -0.253 -0. 342.867 0. 0. -1. 0.
0.256 0.967 0. -239.194 0.967 -0.256 -0. 342.850 0. 0. -1. 0.
0.251 0.968 0. -239.198 0.968 -0.251 -0. 342.853 0. 0. -1. 0.
0.249 0.969 0. -239.222 0.969 -0.249 -0. 342.880 0. 0. -1. 0.
0.248 0.969 0. -239.115 0.969 -0.248 -0. 342.864 0. 0. -1. 0.
0.248 0.969 0. -239.127 0.969 -0.248 -0. 342.895 0. 0. -1. 0.
0.254 0.967 0. -239.192 0.967 -0.254 -0. 342.814 0. 0. -1. 0.
0.251 0.968 0. -239.157 0.968 -0.251 -0. 342.894 0. 0. -1. 0.
0.252 0.968 0. -239.163 0.968 -0.252 -0. 342.894 0. 0. -1. 0.
0.251 0.968 0. -239.171 0.968 -0.251 -0. 342.886 0. 0. -1. 0.
0.250 0.968 0. -239.168 0.968 -0.250 -0. 342.888 0. 0. -1. 0.
0.253 0.967 0. -239.213 0.967 -0.253 -0. 342.830 0. 0. -1. 0.
0.250 0.968 0. -239.210 0.968 -0.250 -0. 342.899 0. 0. -1. 0.
0.251 0.968 0. -239.174 0.968 -0.251 -0. 342.939 0. 0. -1. 0.
0.250 0.968 0. -239.163 0.968 -0.250 -0. 342.897 0. 0. -1. 0.
0.251 0.968 0. -239.223 0.968 -0.251 -0. 342.868 0. 0. -1. 0.
0.246 0.969 0. -239.163 0.969 -0.246 -0. 342.874 0. 0. -1. 0.
0.249 0.968 0. -239.222 0.968 -0.249 -0. 342.875 0. 0. -1. 0.
0.253 0.967 0. -239.222 0.967 -0.253 -0. 342.859 0. 0. -1. 0.
0.250 0.968 0. -239.242 0.968 -0.250 -0. 342.893 0. 0. -1. 0.
0.249 0.968 0. -239.148 0.968 -0.249 -0. 342.852 0. 0. -1. 0.
0.255 0.967 0. -239.187 0.967 -0.255 -0. 342.877 0. 0. -1. 0.
0.244 0.970 0. -239.176 0.970 -0.244 -0. 342.855 0. 0. -1. 0.
0.255 0.967 0. -239.223 0.967 -0.255 -0. 342.873 0. 0. -1. 0.
0.252 0.968 0. -239.228 0.968 -0.252 -0. 342.828 0. 0. -1. 0.
0.252 0.968 0. -239.216 0.968 -0.252 -0. 342.872 0. 0. -1. 0.
0.253 0.968 0. -239.242 0.968 -0.253 -0. 342.857 0. 0. -1. 0.
0.254 0.967 0. -239.255 0.967 -0.254 -0. 342.882 0. 0. -1. 0.
0.253 0.968 0. -239.170 0.968 -0.253 -0. 342.885 0. 0. -1. 0.
0.250 0.968 0. -239.155 0.968 -0.250 -0. 342.887 0. 0. -1. 0.
0.248 0.969 0. -239.145 0.969 -0.248 -0. 342.894 0. 0. -1. 0.
0.252 0.968 0. -239.152 0.968 -0.252 -0. 342.892 0. 0. -1. 0.
0.245 0.970 0. -239.172 0.970 -0.245 -0. 342.884 0. 0. -1. 0.
0.245 0.969 0. -239.173 0.969 -0.245 -0. 342.879 0. 0. -1. 0.
0.247 0.969 0. -239.163 0.969 -0.247 -0. 342.909 0. 0. -1. 0.
0.253 0.968 0. -239.246 0.968 -0.253 -0. 342.858 0. 0. -1. 0.
0.250 0.968 0. -239.204 0.968 -0.250 -0. 342.850 0. 0. -1. 0.
0.254 0.967 0. -239.212 0.967 -0.254 -0. 342.871 0. 0. -1. 0.
0.254 0.967 0. -239.255 0.967 -0.254 -0. 342.866 0. 0. -1. 0.
0.252 0.968 0. -239.258 0.968 -0.252 -0. 342.887 0. 0. -1. 0.
0.252 0.968 0. -239.299 0.968 -0.252 -0. 342.883 0. 0. -1. 0.
0.252 0.968 0. -239.182 0.968 -0.252 -0. 342.877 0. 0. -1. 0.
0.244 0.970 0. -239.146 0.970 -0.244 -0. 342.865 0. 0. -1. 0.
0.253 0.967 0. -239.196 0.967 -0.253 -0. 342.882 0. 0. -1. 0.
0.245 0.969 0. -239.121 0.969 -0.245 -0. 342.848 0. 0. -1. 0.
0.247 0.969 0. -239.123 0.969 -0.247 -0. 342.862 0. 0. -1. 0.
0.247 0.969 0. -239.126 0.969 -0.247 -0. 342.870 0. 0. -1. 0.
0.246 0.969 0. -239.124 0.969 -0.246 -0. 342.843 0. 0. -1. 0.
0.254 0.967 0. -239.171 0.967 -0.254 -0. 342.877 0. 0. -1. 0.
0.250 0.968 0. -239.151 0.968 -0.250 -0. 342.873 0. 0. -1. 0.
0.252 0.968 0. -239.150 0.968 -0.252 -0. 342.891 0. 0. -1. 0.
0.250 0.968 0. -239.148 0.968 -0.250 -0. 342.885 0. 0. -1. 0.
0.253 0.967 0. -239.167 0.967 -0.253 -0. 342.890 0. 0. -1. 0.
0.251 0.968 0. -239.204 0.968 -0.251 -0. 342.872 0. 0. -1. 0.
0.247 0.969 0. -239.114 0.969 -0.247 -0. 342.863 0. 0. -1. 0.
0.251 0.968 0. -239.206 0.968 -0.251 -0. 342.874 0. 0. -1. 0.
0.254 0.967 0. -239.210 0.967 -0.254 -0. 342.850 0. 0. -1. 0.
0.253 0.967 0. -239.192 0.967 -0.253 -0. 342.873 0. 0. -1. 0.
0.248 0.969 0. -239.135 0.969 -0.248 -0. 342.891 0. 0. -1. 0.
0.249 0.969 0. -239.247 0.969 -0.249 -0. 342.950 0. 0. -1. 0.
0.252 0.968 0. -239.186 0.968 -0.252 -0. 342.935 0. 0. -1. 0.
0.250 0.968 0. -239.189 0.968 -0.250 -0. 343.053 0. 0. -1. 0.
0.252 0.968 0. -239.148 0.968 -0.252 -0. 343.131 0. 0. -1. 0.
0.256 0.967 0. -239.137 0.967 -0.256 -0. 343.247 0. 0. -1. 0.
0.253 0.968 0. -239.059 0.968 -0.253 -0. 343.376 0. 0. -1. 0.
0.259 0.966 0. -239.073 0.966 -0.259 -0. 343.516 0. 0. -1. 0.
0.261 0.965 0. -239.000 0.965 -0.261 -0. 343.649 0. 0. -1. 0.
0.257 0.967 0. -238.948 0.967 -0.257 -0. 343.793 0. 0. -1. 0.
0.259 0.966 0. -238.978 0.966 -0.259 -0. 343.980 0. 0. -1. 0.
0.259 0.966 0. -238.824 0.966 -0.259 -0. 344.114 0. 0. -1. 0.
0.254 0.967 0. -238.735 0.967 -0.254 -0. 344.294 0. 0. -1. 0.
0.258 0.966 0. -238.711 0.966 -0.258 -0. 344.521 0. 0. -1. 0.
0.251 0.968 0. -238.689 0.968 -0.251 -0. 344.645 0. 0. -1. 0.
0.252 0.968 0. -238.645 0.968 -0.252 -0. 344.894 0. 0. -1. 0.
0.255 0.967 0. -238.538 0.967 -0.255 -0. 345.052 0. 0. -1. 0.
0.253 0.967 0. -238.496 0.967 -0.253 -0. 345.245 0. 0. -1. 0.
0.255 0.967 0. -238.493 0.967 -0.255 -0. 345.399 0. 0. -1. 0.
0.254 0.967 0. -238.468 0.967 -0.254 -0. 345.545 0. 0. -1. 0.
0.258 0.966 0. -238.460 0.966 -0.258 -0. 345.621 0. 0. -1. 0.
0.257 0.966 0. -238.469 0.966 -0.257 -0. 345.776 0. 0. -1. 0.
0.258 0.966 0. -238.385 0.966 -0.258 -0. 345.895 0. 0. -1. 0.
0.257 0.967 0. -238.338 0.967 -0.257 -0. 346.039 0. 0. -1. 0.
0.250 0.968 0. -238.342 0.968 -0.250 -0. 346.122 0. 0. -1. 0.
0.250 0.968 0. -238.295 0.968 -0.250 -0. 346.296 0. 0. -1. 0.
0.252 0.968 0. -238.226 0.968 -0.252 -0. 346.356 0. 0. -1. 0.
0.256 0.967 0. -238.225 0.967 -0.256 -0. 346.451 0. 0. -1. 0.
0.253 0.968 0. -238.089 0.968 -0.253 -0. 346.523 0. 0. -1. 0.
0.256 0.967 0. -238.158 0.967 -0.256 -0. 346.619 0. 0. -1. 0.
0.253 0.967 0. -238.134 0.967 -0.253 -0. 346.639 0. 0. -1. 0.
0.256 0.967 0. -238.137 0.967 -0.256 -0. 346.694 0. 0. -1. 0.
0.257 0.967 0. -238.186 0.967 -0.257 -0. 346.646 0. 0. -1. 0.
0.257 0.966 0. -238.222 0.966 -0.257 -0. 346.684 0. 0. -1. 0.
0.253 0.967 0. -238.123 0.967 -0.253 -0. 346.665 0. 0. -1. 0.
0.252 0.968 0. -238.106 0.968 -0.252 -0. 346.677 0. 0. -1. 0.
0.256 0.967 0. -238.160 0.967 -0.256 -0. 346.648 0. 0. -1. 0.
0.255 0.967 0. -238.117 0.967 -0.255 -0. 346.651 0. 0. -1. 0.
0.253 0.967 0. -238.076 0.967 -0.253 -0. 346.664 0. 0. -1. 0.
0.253 0.967 0. -238.145 0.967 -0.253 -0. 346.652 0. 0. -1. 0.
