1566533811912499 1.00000 -0.00023 0.00000 -1.33234 0.00023 1.00000 -0.00000 -0.00377 -0.00000 0.00000 1.00000 0.00000
1566533812163785 1.00000 0.00103 -0.00000 -1.70649 -0.00103 1.00000 0.00000 -0.00058 0.00000 -0.00000 1.00000 0.00000
1566533812414742 1.00000 -0.00007 0.00000 -2.11758 0.00007 1.00000 -0.00000 -0.01602 -0.00000 0.00000 1.00000 0.00000
1566533812667090 1.00000 0.00097 -0.00000 -2.56927 -0.00097 1.00000 0.00000 -0.01061 0.00000 -0.00000 1.00000 0.00000
1566533812916977 1.00000 -0.00013 0.00000 -3.04063 0.00013 1.00000 -0.00000 -0.02960 -0.00000 0.00000 1.00000 0.00000
1566533813167536 1.00000 -0.00116 0.00000 -3.52272 0.00116 1.00000 -0.00000 -0.01020 -0.00000 0.00000 1.00000 0.00000
1566533813418282 1.00000 -0.00130 0.00000 -4.01459 0.00130 1.00000 -0.00000 -0.01028 -0.00000 0.00000 1.00000 0.00000
1566533813669102 1.00000 -0.00212 0.00000 -4.52474 0.00212 1.00000 -0.00000 -0.02394 -0.00000 0.00000 1.00000 0.00000
1566533813920578 1.00000 -0.00104 0.00000 -5.06842 0.00104 1.00000 -0.00000 -0.02057 -0.00000 0.00000 1.00000 0.00000
1566533814171172 1.00000 -0.00169 0.00000 -5.57292 0.00169 1.00000 -0.00000 -0.03817 -0.00000 0.00000 1.00000 0.00000
1566533814421982 1.00000 -0.00150 0.00000 -6.11922 0.00150 1.00000 -0.00000 -0.07270 -0.00000 0.00000 1.00000 0.00000
1566533814673737 1.00000 -0.00150 0.00000 -6.67419 0.00150 1.00000 -0.00000 -0.04311 -0.00000 0.00000 1.00000 0.00000
1566533814924107 1.00000 -0.00032 0.00000 -7.20883 0.00032 1.00000 -0.00000 -0.04899 -0.00000 0.00000 1.00000 0.00000
1566533815173974 1.00000 -0.00037 0.00000 -7.75648 0.00037 1.00000 -0.00000 -0.08125 -0.00000 0.00000 1.00000 0.00000
1566533815425113 1.00000 0.00182 -0.00000 -8.25893 -0.00182 1.00000 0.00000 -0.06225 0.00000 -0.00000 1.00000 0.00000
1566533815676307 0.99999 0.00393 -0.00000 -8.81843 -0.00393 0.99999 0.00000 -0.05575 0.00000 -0.00000 1.00000 0.00000
1566533815926887 0.99998 0.00667 -0.00000 -9.36432 -0.00667 0.99998 0.00000 -0.03923 0.00000 -0.00000 1.00000 0.00000
1566533816177745 0.99995 0.01041 -0.00000 -9.89276 -0.01041 0.99995 0.00000 0.00867 0.00000 -0.00000 1.00000 0.00000
1566533816432179 0.99993 0.01144 -0.00000 -10.42871 -0.01144 0.99993 0.00000 -0.00294 0.00000 -0.00000 1.00000 0.00000
1566533816681033 0.99991 0.01361 -0.00000 -10.94080 -0.01361 0.99991 0.00000 0.01734 0.00000 -0.00000 1.00000 0.00000
1566533816931605 0.99986 0.01652 -0.00000 -11.45957 -0.01652 0.99986 0.00000 0.04430 0.00000 -0.00000 1.00000 0.00000
1566533817182729 0.99985 0.01759 -0.00000 -11.97314 -0.01759 0.99985 0.00000 0.04179 0.00000 -0.00000 1.00000 0.00000
1566533817433592 0.99977 0.02142 -0.00000 -12.49027 -0.02142 0.99977 0.00000 0.09482 0.00000 -0.00000 1.00000 0.00000
1566533817684089 0.99970 0.02441 -0.00000 -12.99693 -0.02441 0.99970 0.00000 0.12834 0.00000 -0.00000 1.00000 0.00000
1566533817934790 0.99964 0.02693 -0.00000 -13.46181 -0.02693 0.99964 0.00000 0.16376 0.00000 -0.00000 1.00000 0.00000
1566533818185225 0.99959 0.02848 -0.00000 -13.95553 -0.02848 0.99959 0.00000 0.17022 0.00000 -0.00000 1.00000 0.00000
1566533818436279 0.99962 0.02751 -0.00000 -14.41097 -0.02751 0.99962 0.00000 0.12006 0.00000 -0.00000 1.00000 0.00000
1566533818687182 0.99962 0.02762 -0.00000 -14.89199 -0.02762 0.99962 0.00000 0.14075 0.00000 -0.00000 1.00000 0.00000
1566533818938772 0.99958 0.02891 -0.00000 -15.35250 -0.02891 0.99958 0.00000 0.14904 0.00000 -0.00000 1.00000 0.00000
1566533819191166 0.99960 0.02831 -0.00000 -15.82312 -0.02831 0.99960 0.00000 0.14831 0.00000 -0.00000 1.00000 0.00000
1566533819441011 0.99954 0.03043 -0.00000 -16.26563 -0.03043 0.99954 0.00000 0.17363 0.00000 -0.00000 1.00000 0.00000
1566533819691826 0.99952 0.03110 -0.00000 -16.67015 -0.03110 0.99952 0.00000 0.14429 0.00000 -0.00000 1.00000 0.00000
1566533819943282 0.99945 0.03330 -0.00000 -17.02061 -0.03330 0.99945 0.00000 0.20788 0.00000 -0.00000 1.00000 0.00000
1566533820194168 0.99932 0.03688 -0.00000 -17.35898 -0.03688 0.99932 0.00000 0.25991 0.00000 -0.00000 1.00000 0.00000
1566533820444428 0.99915 0.04129 -0.00000 -17.68157 -0.04129 0.99915 0.00000 0.30361 0.00000 -0.00000 1.00000 0.00000
1566533820696329 0.99885 0.04798 -0.00000 -17.96794 -0.04798 0.99885 0.00000 0.42616 0.00000 -0.00000 1.00000 0.00000
1566533820947074 0.99851 0.05465 -0.00000 -18.25064 -0.05465 0.99851 0.00000 0.54647 0.00000 -0.00000 1.00000 0.00000
1566533821198674 0.99808 0.06199 -0.00000 -18.55943 -0.06199 0.99808 0.00000 0.68276 0.00000 -0.00000 1.00000 0.00000
1566533821448682 0.99758 0.06948 -0.00000 -18.85740 -0.06948 0.99758 0.00000 0.79775 0.00000 -0.00000 1.00000 0.00000
1566533821699747 0.99686 0.07915 -0.00000 -19.15238 -0.07915 0.99686 0.00000 0.96189 0.00000 -0.00000 1.00000 0.00000
1566533821951128 0.99585 0.09102 -0.00000 -19.46783 -0.09102 0.99585 0.00000 1.19629 0.00000 -0.00000 1.00000 0.00000
1566533822201891 0.99478 0.10200 -0.00000 -19.80814 -0.10200 0.99478 0.00000 1.37016 0.00000 -0.00000 1.00000 0.00000
1566533822452790 0.99340 0.11472 -0.00000 -20.16943 -0.11472 0.99340 0.00000 1.59280 0.00000 -0.00000 1.00000 0.00000
1566533822704012 0.99160 0.12936 -0.00000 -20.58327 -0.12936 0.99160 0.00000 1.86542 0.00000 -0.00000 1.00000 0.00000
1566533822956019 0.98934 0.14562 -0.00000 -20.99517 -0.14562 0.98934 0.00000 2.22283 0.00000 -0.00000 1.00000 0.00000
1566533823205655 0.98681 0.16185 -0.00000 -21.47835 -0.16185 0.98681 0.00000 2.49744 0.00000 -0.00000 1.00000 0.00000
1566533823456630 0.98360 0.18036 -0.00000 -21.99161 -0.18036 0.98360 0.00000 2.86042 0.00000 -0.00000 1.00000 0.00000
1566533823707751 0.97938 0.20202 -0.00000 -22.57708 -0.20202 0.97938 0.00000 3.35305 0.00000 -0.00000 1.00000 0.00000
1566533823960026 0.97482 0.22297 -0.00000 -23.16364 -0.22297 0.97482 0.00000 3.78092 0.00000 -0.00000 1.00000 0.00000
1566533824210769 0.96923 0.24615 -0.00000 -23.78784 -0.24615 0.96923 0.00000 4.29914 0.00000 -0.00000 1.00000 0.00000
1566533824461676 0.96263 0.27081 -0.00000 -24.41352 -0.27081 0.96263 0.00000 4.91918 0.00000 -0.00000 1.00000 0.00000
1566533824712720 0.95546 0.29513 -0.00000 -25.11066 -0.29513 0.95546 0.00000 5.51105 0.00000 -0.00000 1.00000 0.00000
1566533824963602 0.94917 0.31477 -0.00000 -25.83363 -0.31477 0.94917 0.00000 5.99062 0.00000 -0.00000 1.00000 0.00000
1566533825215277 0.94383 0.33043 -0.00000 -26.64555 -0.33043 0.94383 0.00000 6.38446 0.00000 -0.00000 1.00000 0.00000
1566533825466007 0.94060 0.33951 -0.00000 -27.48464 -0.33951 0.94060 0.00000 6.65782 0.00000 -0.00000 1.00000 0.00000
1566533825717016 0.94077 0.33903 -0.00000 -28.45839 -0.33903 0.94077 0.00000 6.61044 0.00000 -0.00000 1.00000 0.00000
1566533825968043 0.94307 0.33258 -0.00000 -29.45522 -0.33258 0.94307 0.00000 6.41783 0.00000 -0.00000 1.00000 0.00000
1566533826218612 0.94796 0.31838 -0.00000 -30.58299 -0.31838 0.94796 0.00000 5.99263 0.00000 -0.00000 1.00000 0.00000
1566533826472859 0.95409 0.29952 -0.00000 -31.73130 -0.29952 0.95409 0.00000 5.38929 0.00000 -0.00000 1.00000 0.00000
1566533826720808 0.96088 0.27697 -0.00000 -32.90711 -0.27697 0.96088 0.00000 4.64083 0.00000 -0.00000 1.00000 0.00000
1566533826970654 0.96807 0.25066 -0.00000 -34.12143 -0.25066 0.96807 0.00000 3.74977 0.00000 -0.00000 1.00000 0.00000
1566533827222025 0.97510 0.22178 -0.00000 -35.35375 -0.22178 0.97510 0.00000 2.76039 0.00000 -0.00000 1.00000 0.00000
1566533827474940 0.98085 0.19477 -0.00000 -36.57750 -0.19477 0.98085 0.00000 1.82366 0.00000 -0.00000 1.00000 0.00000
1566533827723153 0.98647 0.16397 -0.00000 -37.79991 -0.16397 0.98647 0.00000 0.66282 0.00000 -0.00000 1.00000 0.00000
1566533827974823 0.99079 0.13537 -0.00000 -39.06798 -0.13537 0.99079 0.00000 -0.37137 0.00000 -0.00000 1.00000 0.00000
1566533828225504 0.99402 0.10919 -0.00000 -40.31981 -0.10919 0.99402 0.00000 -1.43406 0.00000 -0.00000 1.00000 0.00000
1566533828476424 0.99604 0.08894 -0.00000 -41.57513 -0.08894 0.99604 0.00000 -2.24116 0.00000 -0.00000 1.00000 0.00000
1566533828726694 0.99724 0.07426 -0.00000 -42.85526 -0.07426 0.99724 0.00000 -2.82214 0.00000 -0.00000 1.00000 0.00000
1566533828977875 0.99813 0.06114 -0.00000 -44.19333 -0.06114 0.99813 0.00000 -3.38433 0.00000 -0.00000 1.00000 0.00000
1566533829229036 0.99863 0.05242 -0.00000 -45.56210 -0.05242 0.99863 0.00000 -3.77930 0.00000 -0.00000 1.00000 0.00000
1566533829479449 0.99883 0.04832 -0.00000 -46.97407 -0.04832 0.99883 0.00000 -3.97289 0.00000 -0.00000 1.00000 0.00000
1566533829729889 0.99883 0.04831 -0.00000 -48.38872 -0.04831 0.99883 0.00000 -3.97866 0.00000 -0.00000 1.00000 0.00000
1566533829980516 0.99873 0.05038 -0.00000 -49.85562 -0.05038 0.99873 0.00000 -3.90199 0.00000 -0.00000 1.00000 0.00000
1566533830231197 0.99873 0.05044 -0.00000 -51.28248 -0.05044 0.99873 0.00000 -3.89696 0.00000 -0.00000 1.00000 0.00000
1566533830481744 0.99869 0.05126 -0.00000 -52.72745 -0.05126 0.99869 0.00000 -3.83875 0.00000 -0.00000 1.00000 0.00000
1566533830732078 0.99863 0.05240 -0.00000 -54.20590 -0.05240 0.99863 0.00000 -3.79550 0.00000 -0.00000 1.00000 0.00000
1566533830982761 0.99851 0.05465 -0.00000 -55.71745 -0.05465 0.99851 0.00000 -3.71756 0.00000 -0.00000 1.00000 0.00000
1566533831233578 0.99842 0.05627 -0.00000 -57.18170 -0.05627 0.99842 0.00000 -3.59701 0.00000 -0.00000 1.00000 0.00000
1566533831484455 0.99829 0.05848 -0.00000 -58.69020 -0.05848 0.99829 0.00000 -3.50822 0.00000 -0.00000 1.00000 0.00000
1566533831734959 0.99819 0.06021 -0.00000 -60.21233 -0.06021 0.99819 0.00000 -3.40773 0.00000 -0.00000 1.00000 0.00000
1566533831985723 0.99811 0.06149 -0.00000 -61.74497 -0.06149 0.99811 0.00000 -3.32761 0.00000 -0.00000 1.00000 0.00000
1566533832236873 0.99803 0.06278 -0.00000 -63.25903 -0.06278 0.99803 0.00000 -3.32948 0.00000 -0.00000 1.00000 0.00000
1566533832488106 0.99751 0.07053 -0.00000 -64.79979 -0.07053 0.99751 0.00000 -2.82312 0.00000 -0.00000 1.00000 0.00000
1566533832739659 0.99672 0.08091 -0.00000 -66.38839 -0.08091 0.99672 0.00000 -2.15236 0.00000 -0.00000 1.00000 0.00000
1566533833000067 0.99586 0.09093 -0.00000 -67.99258 -0.09093 0.99586 0.00000 -1.49840 0.00000 -0.00000 1.00000 0.00000
1566533833240549 0.99471 0.10274 -0.00000 -69.51554 -0.10274 0.99471 0.00000 -0.75394 0.00000 -0.00000 1.00000 0.00000
1566533833490745 0.99326 0.11591 -0.00000 -71.06533 -0.11591 0.99326 0.00000 0.15072 0.00000 -0.00000 1.00000 0.00000
1566533833741190 0.99153 0.12991 -0.00000 -72.57048 -0.12991 0.99153 0.00000 1.19383 0.00000 -0.00000 1.00000 0.00000
1566533833996089 0.98936 0.14548 -0.00000 -74.03154 -0.14548 0.98936 0.00000 2.27526 0.00000 -0.00000 1.00000 0.00000
1566533834242664 0.98686 0.16159 -0.00000 -75.49219 -0.16159 0.98686 0.00000 3.49235 0.00000 -0.00000 1.00000 0.00000
1566533834493504 0.98359 0.18042 -0.00000 -76.89606 -0.18042 0.98359 0.00000 4.96194 0.00000 -0.00000 1.00000 0.00000
1566533834744476 0.98067 0.19566 -0.00000 -78.33056 -0.19566 0.98067 0.00000 6.16269 0.00000 -0.00000 1.00000 0.00000
1566533834996649 0.97761 0.21045 -0.00000 -79.61830 -0.21045 0.97761 0.00000 7.25523 0.00000 -0.00000 1.00000 0.00000
1566533835246185 0.97442 0.22471 -0.00000 -80.92710 -0.22471 0.97442 0.00000 8.45240 0.00000 -0.00000 1.00000 0.00000
1566533835496506 0.97075 0.24008 -0.00000 -82.20685 -0.24008 0.97075 0.00000 9.71592 0.00000 -0.00000 1.00000 0.00000
1566533835746881 0.96634 0.25725 -0.00000 -83.39017 -0.25725 0.96634 0.00000 11.15031 0.00000 -0.00000 1.00000 0.00000
1566533836000654 0.96238 0.27171 -0.00000 -84.59268 -0.27171 0.96238 0.00000 12.34220 0.00000 -0.00000 1.00000 0.00000
1566533836249094 0.95733 0.28899 -0.00000 -85.70017 -0.28899 0.95733 0.00000 13.85961 0.00000 -0.00000 1.00000 0.00000
1566533836499594 0.95162 0.30728 -0.00000 -86.73178 -0.30728 0.95162 0.00000 15.47016 0.00000 -0.00000 1.00000 0.00000
1566533836750160 0.94553 0.32555 -0.00000 -87.72127 -0.32555 0.94553 0.00000 17.16474 0.00000 -0.00000 1.00000 0.00000
1566533837000610 0.93996 0.34129 -0.00000 -88.70934 -0.34129 0.93996 0.00000 18.51751 0.00000 -0.00000 1.00000 0.00000
1566533837251350 0.93177 0.36305 -0.00000 -89.49868 -0.36305 0.93177 0.00000 20.66951 0.00000 -0.00000 1.00000 0.00000
1566533837501602 0.92450 0.38119 -0.00000 -90.38347 -0.38119 0.92450 0.00000 22.36141 0.00000 -0.00000 1.00000 0.00000
1566533837752528 0.91618 0.40076 -0.00000 -91.14288 -0.40076 0.91618 0.00000 24.23366 0.00000 -0.00000 1.00000 0.00000
1566533838003604 0.90600 0.42328 -0.00000 -91.71689 -0.42328 0.90600 0.00000 26.44137 0.00000 -0.00000 1.00000 0.00000
1566533838253918 0.89532 0.44543 -0.00000 -92.17430 -0.44543 0.89532 0.00000 28.70289 0.00000 -0.00000 1.00000 0.00000
1566533838504739 0.88473 0.46611 -0.00000 -92.66355 -0.46611 0.88473 0.00000 30.77039 0.00000 -0.00000 1.00000 0.00000
1566533838755452 0.87393 0.48605 -0.00000 -93.09803 -0.48605 0.87393 0.00000 32.81849 0.00000 -0.00000 1.00000 0.00000
1566533839006351 0.86073 0.50907 -0.00000 -93.35513 -0.50907 0.86073 0.00000 35.26961 0.00000 -0.00000 1.00000 0.00000
1566533839257232 0.84787 0.53021 -0.00000 -93.58107 -0.53021 0.84787 0.00000 37.55352 0.00000 -0.00000 1.00000 0.00000
1566533839507285 0.83404 0.55171 -0.00000 -93.68317 -0.55171 0.83404 0.00000 39.88681 0.00000 -0.00000 1.00000 0.00000
1566533839758321 0.81761 0.57577 -0.00000 -93.57314 -0.57577 0.81761 0.00000 42.53771 0.00000 -0.00000 1.00000 0.00000
1566533840009451 0.79889 0.60148 -0.00000 -93.23145 -0.60148 0.79889 0.00000 45.46170 0.00000 -0.00000 1.00000 0.00000
1566533840259895 0.77917 0.62681 -0.00000 -92.80428 -0.62681 0.77917 0.00000 48.42772 0.00000 -0.00000 1.00000 0.00000
1566533840510289 0.75968 0.65030 -0.00000 -92.36499 -0.65030 0.75968 0.00000 51.17867 0.00000 -0.00000 1.00000 0.00000
1566533840760913 0.74205 0.67035 -0.00000 -92.01718 -0.67035 0.74205 0.00000 53.57450 0.00000 -0.00000 1.00000 0.00000
1566533841011815 0.73010 0.68334 -0.00000 -92.12917 -0.68334 0.73010 0.00000 55.14155 0.00000 -0.00000 1.00000 0.00000
1566533841262605 0.72200 0.69189 -0.00000 -92.47615 -0.69189 0.72200 0.00000 56.24738 0.00000 -0.00000 1.00000 0.00000
1566533841513326 0.71655 0.69754 -0.00000 -92.88921 -0.69754 0.71655 0.00000 56.96919 0.00000 -0.00000 1.00000 0.00000
1566533841764322 0.71493 0.69919 -0.00000 -93.58784 -0.69919 0.71493 0.00000 57.16682 0.00000 -0.00000 1.00000 0.00000
1566533842014181 0.71564 0.69847 -0.00000 -94.33216 -0.69847 0.71564 0.00000 57.00734 0.00000 -0.00000 1.00000 0.00000
1566533842265754 0.71639 0.69770 -0.00000 -94.94068 -0.69770 0.71639 0.00000 56.94058 0.00000 -0.00000 1.00000 0.00000
1566533842516067 0.71814 0.69590 -0.00000 -95.67482 -0.69590 0.71814 0.00000 56.74780 0.00000 -0.00000 1.00000 0.00000
1566533842766668 0.71862 0.69540 -0.00000 -96.18583 -0.69540 0.71862 0.00000 56.70651 0.00000 -0.00000 1.00000 0.00000
1566533843017788 0.71937 0.69462 -0.00000 -96.65665 -0.69462 0.71937 0.00000 56.60801 0.00000 -0.00000 1.00000 0.00000
1566533843268134 0.72163 0.69227 -0.00000 -97.31830 -0.69227 0.72163 0.00000 56.25723 0.00000 -0.00000 1.00000 0.00000
1566533843520033 0.72248 0.69139 -0.00000 -97.84145 -0.69139 0.72248 0.00000 56.12729 0.00000 -0.00000 1.00000 0.00000
1566533843770453 0.72404 0.68976 -0.00000 -98.42279 -0.68976 0.72404 0.00000 55.92101 0.00000 -0.00000 1.00000 0.00000
1566533844021285 0.72741 0.68620 -0.00000 -99.13199 -0.68620 0.72741 0.00000 55.42668 0.00000 -0.00000 1.00000 0.00000
1566533844272311 0.72980 0.68366 -0.00000 -99.81003 -0.68366 0.72980 0.00000 55.08094 0.00000 -0.00000 1.00000 0.00000
1566533844522470 0.73130 0.68205 -0.00000 -100.41374 -0.68205 0.73130 0.00000 54.84116 0.00000 -0.00000 1.00000 0.00000
1566533844773337 0.73216 0.68114 -0.00000 -100.95333 -0.68114 0.73216 0.00000 54.71570 0.00000 -0.00000 1.00000 0.00000
1566533845025344 0.73384 0.67932 -0.00000 -101.63903 -0.67932 0.73384 0.00000 54.47379 0.00000 -0.00000 1.00000 0.00000
1566533845275479 0.73680 0.67611 -0.00000 -102.47346 -0.67611 0.73680 0.00000 54.03217 0.00000 -0.00000 1.00000 0.00000
1566533845526513 0.73801 0.67479 -0.00000 -103.18012 -0.67479 0.73801 0.00000 53.84833 0.00000 -0.00000 1.00000 0.00000
1566533845776669 0.73965 0.67299 -0.00000 -103.97304 -0.67299 0.73965 0.00000 53.60246 0.00000 -0.00000 1.00000 0.00000
1566533846028182 0.74099 0.67151 -0.00000 -104.75960 -0.67151 0.74099 0.00000 53.41760 0.00000 -0.00000 1.00000 0.00000
1566533846278961 0.74170 0.67073 -0.00000 -105.57747 -0.67073 0.74170 0.00000 53.27299 0.00000 -0.00000 1.00000 0.00000
1566533846530127 0.74243 0.66992 -0.00000 -106.42744 -0.66992 0.74243 0.00000 53.18177 0.00000 -0.00000 1.00000 0.00000
1566533846780862 0.74349 0.66875 -0.00000 -107.37341 -0.66875 0.74349 0.00000 53.03213 0.00000 -0.00000 1.00000 0.00000
1566533847031286 0.74392 0.66827 -0.00000 -108.16379 -0.66827 0.74392 0.00000 52.92693 0.00000 -0.00000 1.00000 0.00000
1566533847282469 0.74343 0.66882 -0.00000 -108.93763 -0.66882 0.74343 0.00000 52.95802 0.00000 -0.00000 1.00000 0.00000
1566533847533299 0.74435 0.66779 -0.00000 -109.85522 -0.66779 0.74435 0.00000 52.82207 0.00000 -0.00000 1.00000 0.00000
1566533847784146 0.74309 0.66920 -0.00000 -110.63051 -0.66920 0.74309 0.00000 53.00512 0.00000 -0.00000 1.00000 0.00000
1566533848035074 0.74271 0.66961 -0.00000 -111.48997 -0.66961 0.74271 0.00000 53.09787 0.00000 -0.00000 1.00000 0.00000
1566533848285975 0.74167 0.67077 -0.00000 -112.31097 -0.67077 0.74167 0.00000 53.25829 0.00000 -0.00000 1.00000 0.00000
1566533848536456 0.74154 0.67091 -0.00000 -113.25696 -0.67091 0.74154 0.00000 53.26608 0.00000 -0.00000 1.00000 0.00000
1566533848788097 0.73935 0.67332 -0.00000 -114.01302 -0.67332 0.73935 0.00000 53.60903 0.00000 -0.00000 1.00000 0.00000
1566533849039133 0.74009 0.67251 -0.00000 -115.08533 -0.67251 0.74009 0.00000 53.50941 0.00000 -0.00000 1.00000 0.00000
1566533849290181 0.73818 0.67460 -0.00000 -115.96017 -0.67460 0.73818 0.00000 53.78050 0.00000 -0.00000 1.00000 0.00000
1566533849540813 0.73716 0.67572 -0.00000 -116.93104 -0.67572 0.73716 0.00000 53.98788 0.00000 -0.00000 1.00000 0.00000
1566533849791366 0.73770 0.67513 -0.00000 -118.07490 -0.67513 0.73770 0.00000 53.82031 0.00000 -0.00000 1.00000 0.00000
1566533850041492 0.73927 0.67341 -0.00000 -119.30932 -0.67341 0.73927 0.00000 53.59157 0.00000 -0.00000 1.00000 0.00000
1566533850293162 0.74014 0.67245 -0.00000 -120.52504 -0.67245 0.74014 0.00000 53.39218 0.00000 -0.00000 1.00000 0.00000
1566533850543720 0.74335 0.66890 -0.00000 -121.97513 -0.66890 0.74335 0.00000 52.86722 0.00000 -0.00000 1.00000 0.00000
1566533850794131 0.74406 0.66811 -0.00000 -123.18653 -0.66811 0.74406 0.00000 52.68055 0.00000 -0.00000 1.00000 0.00000
1566533851045713 0.74801 0.66369 -0.00000 -124.73028 -0.66369 0.74801 0.00000 51.98962 0.00000 -0.00000 1.00000 0.00000
1566533851295520 0.75021 0.66120 -0.00000 -126.07531 -0.66120 0.75021 0.00000 51.53472 0.00000 -0.00000 1.00000 0.00000
1566533851545869 0.75650 0.65400 -0.00000 -127.82852 -0.65400 0.75650 0.00000 50.38957 0.00000 -0.00000 1.00000 0.00000
1566533851796953 0.76019 0.64970 -0.00000 -129.25450 -0.64970 0.76019 0.00000 49.55911 0.00000 -0.00000 1.00000 0.00000
1566533852048254 0.76454 0.64457 -0.00000 -130.96009 -0.64457 0.76454 0.00000 48.80575 0.00000 -0.00000 1.00000 0.00000
1566533852298879 0.76903 0.63922 -0.00000 -132.57452 -0.63922 0.76903 0.00000 47.76135 0.00000 -0.00000 1.00000 0.00000
1566533852549761 0.77573 0.63106 -0.00000 -134.36129 -0.63106 0.77573 0.00000 46.45917 0.00000 -0.00000 1.00000 0.00000
1566533852800850 0.78225 0.62297 -0.00000 -136.14298 -0.62297 0.78225 0.00000 44.96529 0.00000 -0.00000 1.00000 0.00000
1566533853051800 0.78929 0.61402 -0.00000 -138.06913 -0.61402 0.78929 0.00000 43.55286 0.00000 -0.00000 1.00000 0.00000
1566533853302152 0.79665 0.60444 -0.00000 -139.87228 -0.60444 0.79665 0.00000 41.80857 0.00000 -0.00000 1.00000 0.00000
1566533853552910 0.80381 0.59489 -0.00000 -141.66014 -0.59489 0.80381 0.00000 40.13751 0.00000 -0.00000 1.00000 0.00000
1566533853803467 0.81092 0.58515 -0.00000 -143.54121 -0.58515 0.81092 0.00000 38.39610 0.00000 -0.00000 1.00000 0.00000
1566533854054624 0.82089 0.57109 -0.00000 -145.53059 -0.57109 0.82089 0.00000 35.98744 0.00000 -0.00000 1.00000 0.00000
1566533854305407 0.82993 0.55787 -0.00000 -147.42374 -0.55787 0.82993 0.00000 33.60040 0.00000 -0.00000 1.00000 0.00000
1566533854556166 0.83908 0.54401 -0.00000 -149.24498 -0.54401 0.83908 0.00000 31.14562 0.00000 -0.00000 1.00000 0.00000
1566533854807192 0.85088 0.52536 -0.00000 -151.14120 -0.52536 0.85088 0.00000 27.87953 0.00000 -0.00000 1.00000 0.00000
1566533855057695 0.85980 0.51063 -0.00000 -152.92288 -0.51063 0.85980 0.00000 25.28745 0.00000 -0.00000 1.00000 0.00000
1566533855308340 0.86766 0.49716 -0.00000 -154.50416 -0.49716 0.86766 0.00000 22.91622 0.00000 -0.00000 1.00000 0.00000
1566533855558748 0.87623 0.48190 -0.00000 -156.08405 -0.48190 0.87623 0.00000 20.22237 0.00000 -0.00000 1.00000 0.00000
1566533855809785 0.88428 0.46695 -0.00000 -157.57226 -0.46695 0.88428 0.00000 17.57466 0.00000 -0.00000 1.00000 0.00000
1566533856060483 0.89196 0.45211 -0.00000 -158.91223 -0.45211 0.89196 0.00000 14.96051 0.00000 -0.00000 1.00000 0.00000
1566533856310788 0.89728 0.44146 -0.00000 -160.16601 -0.44146 0.89728 0.00000 13.07323 0.00000 -0.00000 1.00000 0.00000
1566533856561406 0.89985 0.43620 -0.00000 -161.15357 -0.43620 0.89985 0.00000 12.13757 0.00000 -0.00000 1.00000 0.00000
1566533856811616 0.90157 0.43263 -0.00000 -162.09208 -0.43263 0.90157 0.00000 11.48483 0.00000 -0.00000 1.00000 0.00000
1566533857062813 0.90363 0.42831 -0.00000 -162.89043 -0.42831 0.90363 0.00000 10.72229 0.00000 -0.00000 1.00000 0.00000
1566533857313562 0.90440 0.42668 -0.00000 -163.60379 -0.42668 0.90440 0.00000 10.42964 0.00000 -0.00000 1.00000 0.00000
1566533857564005 0.90621 0.42283 -0.00000 -164.31937 -0.42283 0.90621 0.00000 9.74417 0.00000 -0.00000 1.00000 0.00000
1566533857814751 0.90517 0.42505 -0.00000 -164.95844 -0.42505 0.90517 0.00000 10.14336 0.00000 -0.00000 1.00000 0.00000
1566533858066191 0.90595 0.42338 -0.00000 -165.57523 -0.42338 0.90595 0.00000 9.79712 0.00000 -0.00000 1.00000 0.00000
1566533858316499 0.90551 0.42432 -0.00000 -166.08406 -0.42432 0.90551 0.00000 9.98002 0.00000 -0.00000 1.00000 0.00000
1566533858568058 0.90398 0.42757 -0.00000 -166.59720 -0.42757 0.90398 0.00000 10.56597 0.00000 -0.00000 1.00000 0.00000
1566533858818761 0.90051 0.43484 -0.00000 -167.04736 -0.43484 0.90051 0.00000 11.89584 0.00000 -0.00000 1.00000 0.00000
1566533859069715 0.89663 0.44279 -0.00000 -167.52578 -0.44279 0.89663 0.00000 13.38304 0.00000 -0.00000 1.00000 0.00000
1566533859320834 0.89099 0.45403 -0.00000 -167.89552 -0.45403 0.89099 0.00000 15.42786 0.00000 -0.00000 1.00000 0.00000
1566533859572464 0.88771 0.46041 -0.00000 -168.40973 -0.46041 0.88771 0.00000 16.62188 0.00000 -0.00000 1.00000 0.00000
1566533859823312 0.88713 0.46152 -0.00000 -169.06070 -0.46152 0.88713 0.00000 16.86538 0.00000 -0.00000 1.00000 0.00000
1566533860074312 0.88896 0.45799 -0.00000 -169.77534 -0.45799 0.88896 0.00000 16.17823 0.00000 -0.00000 1.00000 0.00000
1566533860325563 0.89552 0.44502 -0.00000 -170.72025 -0.44502 0.89552 0.00000 13.70464 0.00000 -0.00000 1.00000 0.00000
1566533860576634 0.90456 0.42635 -0.00000 -171.80292 -0.42635 0.90456 0.00000 10.20222 0.00000 -0.00000 1.00000 0.00000
1566533860826956 0.91520 0.40300 -0.00000 -172.87071 -0.40300 0.91520 0.00000 5.78066 0.00000 -0.00000 1.00000 0.00000
1566533861076533 0.92536 0.37909 -0.00000 -173.87298 -0.37909 0.92536 0.00000 1.36083 0.00000 -0.00000 1.00000 0.00000
1566533861328418 0.93613 0.35165 -0.00000 -174.81534 -0.35165 0.93613 0.00000 -3.75216 0.00000 -0.00000 1.00000 0.00000
1566533861579763 0.94673 0.32202 -0.00000 -175.68984 -0.32202 0.94673 0.00000 -9.18154 0.00000 -0.00000 1.00000 0.00000
1566533861829851 0.95695 0.29027 -0.00000 -176.37401 -0.29027 0.95695 0.00000 -15.03758 0.00000 -0.00000 1.00000 0.00000
1566533862079955 0.96543 0.26066 -0.00000 -177.01590 -0.26066 0.96543 0.00000 -20.41039 0.00000 -0.00000 1.00000 0.00000
1566533862330937 0.97327 0.22968 -0.00000 -177.52747 -0.22968 0.97327 0.00000 -26.03468 0.00000 -0.00000 1.00000 0.00000
1566533862581136 0.97969 0.20050 -0.00000 -177.93810 -0.20050 0.97969 0.00000 -31.27234 0.00000 -0.00000 1.00000 0.00000
1566533862831768 0.98494 0.17290 -0.00000 -178.33784 -0.17290 0.98494 0.00000 -36.21302 0.00000 -0.00000 1.00000 0.00000
1566533863082738 0.98786 0.15532 -0.00000 -178.98967 -0.15532 0.98786 0.00000 -39.35852 0.00000 -0.00000 1.00000 0.00000
1566533863333222 0.98936 0.14548 -0.00000 -180.02882 -0.14548 0.98936 0.00000 -41.18897 0.00000 -0.00000 1.00000 0.00000
1566533863583857 0.99025 0.13928 -0.00000 -181.28039 -0.13928 0.99025 0.00000 -42.37342 0.00000 -0.00000 1.00000 0.00000
1566533863836727 0.99045 0.13789 -0.00000 -182.71239 -0.13789 0.99045 0.00000 -42.63073 0.00000 -0.00000 1.00000 0.00000
1566533864087242 0.99111 0.13301 -0.00000 -183.93775 -0.13301 0.99111 0.00000 -43.50497 0.00000 -0.00000 1.00000 0.00000
1566533864338034 0.99158 0.12947 -0.00000 -185.32904 -0.12947 0.99158 0.00000 -44.16965 0.00000 -0.00000 1.00000 0.00000
1566533864589145 0.99187 0.12724 -0.00000 -186.82386 -0.12724 0.99187 0.00000 -44.61310 0.00000 -0.00000 1.00000 0.00000
1566533864839819 0.99218 0.12478 -0.00000 -188.32193 -0.12478 0.99218 0.00000 -45.03182 0.00000 -0.00000 1.00000 0.00000
1566533865090911 0.99250 0.12223 -0.00000 -189.86405 -0.12223 0.99250 0.00000 -45.50645 0.00000 -0.00000 1.00000 0.00000
1566533865341669 0.99341 0.11461 -0.00000 -191.19576 -0.11461 0.99341 0.00000 -47.00821 0.00000 -0.00000 1.00000 0.00000
1566533865591741 0.99400 0.10940 -0.00000 -192.66909 -0.10940 0.99400 0.00000 -48.00445 0.00000 -0.00000 1.00000 0.00000
1566533865842381 0.99477 0.10211 -0.00000 -194.06375 -0.10211 0.99477 0.00000 -49.43712 0.00000 -0.00000 1.00000 0.00000
1566533866093355 0.99584 0.09112 -0.00000 -195.34836 -0.09112 0.99584 0.00000 -51.58311 0.00000 -0.00000 1.00000 0.00000
1566533866344191 0.99695 0.07810 -0.00000 -196.48448 -0.07810 0.99695 0.00000 -54.12789 0.00000 -0.00000 1.00000 0.00000
1566533866595422 0.99787 0.06526 -0.00000 -197.60803 -0.06526 0.99787 0.00000 -56.66204 0.00000 -0.00000 1.00000 0.00000
1566533866846215 0.99898 0.04517 -0.00000 -198.38263 -0.04517 0.99898 0.00000 -60.65696 0.00000 -0.00000 1.00000 0.00000
1566533867096263 0.99976 0.02209 -0.00000 -198.81192 -0.02209 0.99976 0.00000 -65.17943 0.00000 -0.00000 1.00000 0.00000
1566533867347167 0.99999 0.00509 -0.00000 -199.55774 -0.00509 0.99999 0.00000 -68.58958 0.00000 -0.00000 1.00000 0.00000
1566533867598236 0.99995 -0.01032 0.00000 -200.48163 0.01032 0.99995 -0.00000 -71.66973 -0.00000 0.00000 1.00000 0.00000
1566533867848970 0.99973 -0.02307 0.00000 -201.49995 0.02307 0.99973 -0.00000 -74.21363 -0.00000 0.00000 1.00000 0.00000
1566533868098803 0.99932 -0.03695 0.00000 -202.47268 0.03695 0.99932 -0.00000 -77.00520 -0.00000 0.00000 1.00000 0.00000
1566533868349652 0.99873 -0.05036 0.00000 -203.40580 0.05036 0.99873 -0.00000 -79.72222 -0.00000 0.00000 1.00000 0.00000
1566533868599885 0.99797 -0.06372 0.00000 -204.34613 0.06372 0.99797 -0.00000 -82.46015 -0.00000 0.00000 1.00000 0.00000
1566533868850453 0.99705 -0.07678 0.00000 -205.28470 0.07678 0.99705 -0.00000 -85.15043 -0.00000 0.00000 1.00000 0.00000
1566533869101021 0.99610 -0.08823 0.00000 -206.38189 0.08823 0.99610 -0.00000 -87.47408 -0.00000 0.00000 1.00000 0.00000
1566533869351685 0.99496 -0.10027 0.00000 -207.46626 0.10027 0.99496 -0.00000 -89.95734 -0.00000 0.00000 1.00000 0.00000
1566533869602754 0.99392 -0.11010 0.00000 -208.69119 0.11010 0.99392 -0.00000 -92.03668 -0.00000 0.00000 1.00000 0.00000
1566533869853135 0.99264 -0.12107 0.00000 -209.77531 0.12107 0.99264 -0.00000 -94.30866 -0.00000 0.00000 1.00000 0.00000
1566533870103359 0.99142 -0.13071 0.00000 -210.91418 0.13071 0.99142 -0.00000 -96.36306 -0.00000 0.00000 1.00000 0.00000
1566533870353786 0.98946 -0.14477 0.00000 -211.69416 0.14477 0.98946 -0.00000 -99.35341 -0.00000 0.00000 1.00000 0.00000
1566533870604053 0.98771 -0.15632 0.00000 -212.54642 0.15632 0.98771 -0.00000 -101.81545 -0.00000 0.00000 1.00000 0.00000
1566533870855011 0.98502 -0.17245 0.00000 -212.98756 0.17245 0.98502 -0.00000 -105.26597 -0.00000 0.00000 1.00000 0.00000
1566533871105466 0.98224 -0.18761 0.00000 -213.37540 0.18761 0.98224 -0.00000 -108.53852 -0.00000 0.00000 1.00000 0.00000
1566533871356115 0.97890 -0.20436 0.00000 -213.55555 0.20436 0.97890 -0.00000 -112.14622 -0.00000 0.00000 1.00000 0.00000
1566533871606515 0.97497 -0.22233 0.00000 -213.57322 0.22233 0.97497 -0.00000 -116.09922 -0.00000 0.00000 1.00000 0.00000
1566533871856980 0.97031 -0.24187 0.00000 -213.27109 0.24187 0.97031 -0.00000 -120.36734 -0.00000 0.00000 1.00000 0.00000
1566533872107814 0.96544 -0.26063 0.00000 -213.04679 0.26063 0.96544 -0.00000 -124.48080 -0.00000 0.00000 1.00000 0.00000
1566533872357964 0.95890 -0.28376 0.00000 -212.08302 0.28376 0.95890 -0.00000 -129.56983 -0.00000 0.00000 1.00000 0.00000
1566533872607661 0.95250 -0.30454 0.00000 -211.34832 0.30454 0.95250 -0.00000 -134.16471 -0.00000 0.00000 1.00000 0.00000
1566533872857518 0.94510 -0.32678 0.00000 -210.23763 0.32678 0.94510 -0.00000 -139.05435 -0.00000 0.00000 1.00000 0.00000
1566533873108051 0.93669 -0.35016 0.00000 -208.77812 0.35016 0.93669 -0.00000 -144.23258 -0.00000 0.00000 1.00000 0.00000
1566533873357807 0.92788 -0.37288 0.00000 -207.31995 0.37288 0.92788 -0.00000 -149.29388 -0.00000 0.00000 1.00000 0.00000
1566533873607811 0.91900 -0.39426 0.00000 -205.88607 0.39426 0.91900 -0.00000 -154.03043 -0.00000 0.00000 1.00000 0.00000
1566533873858041 0.90787 -0.41925 0.00000 -203.69938 0.41925 0.90787 -0.00000 -159.61132 -0.00000 0.00000 1.00000 0.00000
1566533874108382 0.89685 -0.44234 0.00000 -201.69873 0.44234 0.89685 -0.00000 -164.74420 -0.00000 0.00000 1.00000 0.00000
1566533874358688 0.88448 -0.46659 0.00000 -199.22833 0.46659 0.88448 -0.00000 -170.14742 -0.00000 0.00000 1.00000 0.00000
1566533874608707 0.87298 -0.48776 0.00000 -197.15554 0.48776 0.87298 -0.00000 -174.92520 -0.00000 0.00000 1.00000 0.00000
1566533874858953 0.86150 -0.50776 0.00000 -195.19714 0.50776 0.86150 -0.00000 -179.44568 -0.00000 0.00000 1.00000 0.00000
1566533875108577 0.84919 -0.52808 0.00000 -192.96318 0.52808 0.84919 -0.00000 -184.01414 -0.00000 0.00000 1.00000 0.00000
1566533875358583 0.83641 -0.54811 0.00000 -190.65403 0.54811 0.83641 -0.00000 -188.56984 -0.00000 0.00000 1.00000 0.00000
1566533875608261 0.82393 -0.56669 0.00000 -188.50833 0.56669 0.82393 -0.00000 -192.80554 -0.00000 0.00000 1.00000 0.00000
1566533875858710 0.81250 -0.58296 0.00000 -186.76403 0.58296 0.81250 -0.00000 -196.49257 -0.00000 0.00000 1.00000 0.00000
1566533876109162 0.80141 -0.59812 0.00000 -185.13219 0.59812 0.80141 -0.00000 -199.96519 -0.00000 0.00000 1.00000 0.00000
1566533876359034 0.79011 -0.61297 0.00000 -183.52552 0.61297 0.79011 -0.00000 -203.40134 -0.00000 0.00000 1.00000 0.00000
1566533876609621 0.77908 -0.62692 0.00000 -182.00242 0.62692 0.77908 -0.00000 -206.65486 -0.00000 0.00000 1.00000 0.00000
1566533876859674 0.76879 -0.63950 0.00000 -180.71515 0.63950 0.76879 -0.00000 -209.59221 -0.00000 0.00000 1.00000 0.00000
1566533877108833 0.75776 -0.65253 0.00000 -179.22764 0.65253 0.75776 -0.00000 -212.62888 -0.00000 0.00000 1.00000 0.00000
1566533877359572 0.74828 -0.66339 0.00000 -178.29236 0.66339 0.74828 -0.00000 -215.20868 -0.00000 0.00000 1.00000 0.00000
1566533877609023 0.73763 -0.67520 0.00000 -176.95387 0.67520 0.73763 -0.00000 -217.99842 -0.00000 0.00000 1.00000 0.00000
1566533877859972 0.72756 -0.68605 0.00000 -175.86182 0.68605 0.72756 -0.00000 -220.61556 -0.00000 0.00000 1.00000 0.00000
1566533878109000 0.71974 -0.69425 0.00000 -175.51224 0.69425 0.71974 -0.00000 -222.56757 -0.00000 0.00000 1.00000 0.00000
1566533878358944 0.71126 -0.70293 0.00000 -174.95714 0.70293 0.71126 -0.00000 -224.70274 -0.00000 0.00000 1.00000 0.00000
1566533878609673 0.70287 -0.71132 0.00000 -174.44423 0.71132 0.70287 -0.00000 -226.78090 -0.00000 0.00000 1.00000 0.00000
1566533878859408 0.69491 -0.71909 0.00000 -174.09217 0.71909 0.69491 -0.00000 -228.74440 -0.00000 0.00000 1.00000 0.00000
1566533879109234 0.69193 -0.72196 0.00000 -175.23555 0.72196 0.69193 -0.00000 -229.48199 -0.00000 0.00000 1.00000 0.00000
1566533879359083 0.69380 -0.72017 0.00000 -177.95403 0.72017 0.69380 -0.00000 -229.07675 -0.00000 0.00000 1.00000 0.00000
1566533879609192 0.70050 -0.71365 0.00000 -182.19006 0.71365 0.70050 -0.00000 -227.36658 -0.00000 0.00000 1.00000 0.00000
1566533879859013 0.71127 -0.70292 0.00000 -187.79814 0.70292 0.71127 -0.00000 -224.60868 -0.00000 0.00000 1.00000 0.00000
1566533880109047 0.72286 -0.69099 0.00000 -193.58589 0.69099 0.72286 -0.00000 -221.48821 -0.00000 0.00000 1.00000 0.00000
1566533880359415 0.73558 -0.67744 0.00000 -199.74267 0.67744 0.73558 -0.00000 -217.89293 -0.00000 0.00000 1.00000 0.00000
1566533880610752 0.75051 -0.66086 0.00000 -206.60361 0.66086 0.75051 -0.00000 -213.36819 -0.00000 0.00000 1.00000 0.00000
1566533880860204 0.76595 -0.64290 0.00000 -213.72508 0.64290 0.76595 -0.00000 -208.45877 -0.00000 0.00000 1.00000 0.00000
1566533881110790 0.78207 -0.62318 0.00000 -221.02748 0.62318 0.78207 -0.00000 -202.95768 -0.00000 0.00000 1.00000 0.00000
1566533881360755 0.80057 -0.59924 0.00000 -229.13483 0.59924 0.80057 -0.00000 -196.17852 -0.00000 0.00000 1.00000 0.00000
1566533881610703 0.81932 -0.57333 0.00000 -237.42774 0.57333 0.81932 -0.00000 -188.81981 -0.00000 0.00000 1.00000 0.00000
1566533881860718 0.83794 -0.54576 0.00000 -245.68726 0.54576 0.83794 -0.00000 -180.85422 -0.00000 0.00000 1.00000 0.00000
1566533882111733 0.85642 -0.51627 0.00000 -253.92100 0.51627 0.85642 -0.00000 -172.23232 -0.00000 0.00000 1.00000 0.00000
1566533882361765 0.87466 -0.48474 0.00000 -262.18436 0.48474 0.87466 -0.00000 -162.93354 -0.00000 0.00000 1.00000 0.00000
1566533882611615 0.89329 -0.44948 0.00000 -270.64204 0.44948 0.89329 -0.00000 -152.35083 -0.00000 0.00000 1.00000 0.00000
1566533882861177 0.91118 -0.41201 0.00000 -278.91333 0.41201 0.91118 -0.00000 -141.02448 -0.00000 0.00000 1.00000 0.00000
1566533883111621 0.92775 -0.37321 0.00000 -286.81954 0.37321 0.92775 -0.00000 -129.14979 -0.00000 0.00000 1.00000 0.00000
1566533883362020 0.94361 -0.33107 0.00000 -294.55459 0.33107 0.94361 -0.00000 -116.15490 -0.00000 0.00000 1.00000 0.00000
1566533883611938 0.95668 -0.29113 0.00000 -301.44439 0.29113 0.95668 -0.00000 -103.64442 -0.00000 0.00000 1.00000 0.00000
1566533883862862 0.96596 -0.25867 0.00000 -307.01385 0.25867 0.96596 -0.00000 -93.47492 -0.00000 0.00000 1.00000 0.00000
1566533884113474 0.97308 -0.23045 0.00000 -311.87930 0.23045 0.97308 -0.00000 -84.53678 -0.00000 0.00000 1.00000 0.00000
1566533884363748 0.97886 -0.20455 0.00000 -316.29813 0.20455 0.97886 -0.00000 -76.25942 -0.00000 0.00000 1.00000 0.00000
1566533884613341 0.98297 -0.18375 0.00000 -320.13232 0.18375 0.98297 -0.00000 -69.62356 -0.00000 0.00000 1.00000 0.00000
1566533884863791 0.98632 -0.16485 0.00000 -323.71536 0.16485 0.98632 -0.00000 -63.48985 -0.00000 0.00000 1.00000 0.00000
1566533885114793 0.98890 -0.14861 0.00000 -327.08014 0.14861 0.98890 -0.00000 -58.16641 -0.00000 0.00000 1.00000 0.00000
1566533885364559 0.99097 -0.13409 0.00000 -330.23750 0.13409 0.99097 -0.00000 -53.38265 -0.00000 0.00000 1.00000 0.00000
1566533885614504 0.99249 -0.12230 0.00000 -333.20559 0.12230 0.99249 -0.00000 -49.46275 -0.00000 0.00000 1.00000 0.00000
1566533885865009 0.99381 -0.11110 0.00000 -336.11797 0.11110 0.99381 -0.00000 -45.70670 -0.00000 0.00000 1.00000 0.00000
1566533886115518 0.99503 -0.09960 0.00000 -339.02844 0.09960 0.99503 -0.00000 -41.81904 -0.00000 0.00000 1.00000 0.00000
1566533886365284 0.99593 -0.09016 0.00000 -341.84263 0.09016 0.99593 -0.00000 -38.61964 -0.00000 0.00000 1.00000 0.00000
1566533886615014 0.99680 -0.07997 0.00000 -344.66481 0.07997 0.99680 -0.00000 -35.07918 -0.00000 0.00000 1.00000 0.00000
1566533886865423 0.99744 -0.07144 0.00000 -347.38491 0.07144 0.99744 -0.00000 -32.13606 -0.00000 0.00000 1.00000 0.00000
1566533887115446 0.99828 -0.05867 0.00000 -350.23572 0.05867 0.99828 -0.00000 -27.68170 -0.00000 0.00000 1.00000 0.00000
1566533887365741 0.99853 -0.05423 0.00000 -352.79722 0.05423 0.99853 -0.00000 -26.13617 -0.00000 0.00000 1.00000 0.00000
1566533887615637 0.99903 -0.04413 0.00000 -355.52755 0.04413 0.99903 -0.00000 -22.58014 -0.00000 0.00000 1.00000 0.00000
1566533887865193 0.99939 -0.03497 0.00000 -358.21014 0.03497 0.99939 -0.00000 -19.27520 -0.00000 0.00000 1.00000 0.00000
1566533888115321 0.99962 -0.02771 0.00000 -360.84987 0.02771 0.99962 -0.00000 -16.73602 -0.00000 0.00000 1.00000 0.00000
1566533888366987 0.99979 -0.02068 0.00000 -363.41816 0.02068 0.99979 -0.00000 -14.24853 -0.00000 0.00000 1.00000 0.00000
1566533888615121 0.99984 -0.01784 0.00000 -365.91541 0.01784 0.99984 -0.00000 -13.15877 -0.00000 0.00000 1.00000 0.00000
1566533888866243 0.99995 -0.01006 0.00000 -368.48845 0.01006 0.99995 -0.00000 -10.33024 -0.00000 0.00000 1.00000 0.00000
1566533889116503 0.99996 -0.00847 0.00000 -370.91378 0.00847 0.99996 -0.00000 -9.74651 -0.00000 0.00000 1.00000 0.00000
1566533889366327 1.00000 -0.00207 0.00000 -373.42076 0.00207 1.00000 -0.00000 -7.36962 -0.00000 0.00000 1.00000 0.00000
1566533889616173 1.00000 0.00052 -0.00000 -375.86435 -0.00052 1.00000 0.00000 -6.41050 0.00000 -0.00000 1.00000 0.00000
1566533889866384 0.99999 0.00374 -0.00000 -378.38243 -0.00374 0.99999 0.00000 -5.23803 0.00000 -0.00000 1.00000 0.00000
1566533890115573 1.00000 0.00295 -0.00000 -380.78002 -0.00295 1.00000 0.00000 -5.49704 0.00000 -0.00000 1.00000 0.00000
1566533890365967 1.00000 0.00285 -0.00000 -383.25377 -0.00285 1.00000 0.00000 -5.56101 0.00000 -0.00000 1.00000 0.00000
1566533890616160 0.99999 0.00381 -0.00000 -385.71363 -0.00381 0.99999 0.00000 -5.18921 0.00000 -0.00000 1.00000 0.00000
1566533890866322 0.99998 0.00688 -0.00000 -388.17984 -0.00688 0.99998 0.00000 -4.00432 0.00000 -0.00000 1.00000 0.00000
1566533891115856 0.99997 0.00720 -0.00000 -390.66288 -0.00720 0.99997 0.00000 -3.90246 0.00000 -0.00000 1.00000 0.00000
1566533891365605 0.99995 0.00964 -0.00000 -393.12831 -0.00964 0.99995 0.00000 -2.96263 0.00000 -0.00000 1.00000 0.00000
1566533891615588 0.99996 0.00881 -0.00000 -395.61098 -0.00881 0.99996 0.00000 -3.28707 0.00000 -0.00000 1.00000 0.00000
1566533891865873 0.99995 0.01022 -0.00000 -398.04688 -0.01022 0.99995 0.00000 -2.73237 0.00000 -0.00000 1.00000 0.00000
1566533892115818 0.99992 0.01243 -0.00000 -400.50367 -0.01243 0.99992 0.00000 -1.85231 0.00000 -0.00000 1.00000 0.00000
1566533892365703 0.99990 0.01402 -0.00000 -402.92287 -0.01402 0.99990 0.00000 -1.21598 0.00000 -0.00000 1.00000 0.00000
1566533892617682 0.99988 0.01565 -0.00000 -405.37577 -0.01565 0.99988 0.00000 -0.58922 0.00000 -0.00000 1.00000 0.00000
1566533892867405 0.99988 0.01563 -0.00000 -407.78750 -0.01563 0.99988 0.00000 -0.62521 0.00000 -0.00000 1.00000 0.00000
1566533893116933 0.99988 0.01564 -0.00000 -410.14759 -0.01564 0.99988 0.00000 -0.63233 0.00000 -0.00000 1.00000 0.00000
1566533893365326 0.99982 0.01915 -0.00000 -412.58237 -0.01915 0.99982 0.00000 0.79478 0.00000 -0.00000 1.00000 0.00000
1566533893615926 0.99981 0.01969 -0.00000 -414.91736 -0.01969 0.99981 0.00000 1.03275 0.00000 -0.00000 1.00000 0.00000
1566533893866124 0.99973 0.02307 -0.00000 -417.32026 -0.02307 0.99973 0.00000 2.39655 0.00000 -0.00000 1.00000 0.00000
1566533894117313 0.99982 0.01889 -0.00000 -419.66870 -0.01889 0.99982 0.00000 0.62787 0.00000 -0.00000 1.00000 0.00000
1566533894367266 0.99981 0.01941 -0.00000 -421.98876 -0.01941 0.99981 0.00000 0.84195 0.00000 -0.00000 1.00000 0.00000
1566533894616661 0.99987 0.01629 -0.00000 -424.31744 -0.01629 0.99987 0.00000 -0.42461 0.00000 -0.00000 1.00000 0.00000
1566533894867018 0.99983 0.01850 -0.00000 -426.61975 -0.01850 0.99983 0.00000 0.49879 0.00000 -0.00000 1.00000 0.00000
1566533895116796 0.99983 0.01846 -0.00000 -428.93361 -0.01846 0.99983 0.00000 0.48614 0.00000 -0.00000 1.00000 0.00000
