1547820889039724 1.00000 0.00000 0.00000 -0.00000 0.00000 1.00000 0.00000 -0.00000 0.00000 0.00000 1.00000 -0.00000
1547820889287537 1.00000 0.00013 -0.00000 -0.00165 -0.00013 1.00000 0.00000 0.00287 0.00000 -0.00000 1.00000 -0.00000
1547820889536894 1.00000 0.00029 -0.00000 -0.00001 -0.00029 1.00000 0.00000 0.00525 0.00000 -0.00000 1.00000 -0.00000
1547820889787535 1.00000 0.00029 -0.00000 0.00058 -0.00029 1.00000 0.00000 0.00443 0.00000 -0.00000 1.00000 0.00000
1547820890038201 1.00000 -0.00003 0.00000 -0.00635 0.00003 1.00000 -0.00000 -0.00320 -0.00000 0.00000 1.00000 0.00000
1547820890288613 1.00000 0.00012 -0.00000 -0.00115 -0.00012 1.00000 0.00000 -0.00225 0.00000 -0.00000 1.00000 0.00000
1547820890538490 1.00000 -0.00009 0.00000 -0.00400 0.00009 1.00000 -0.00000 -0.00117 -0.00000 0.00000 1.00000 0.00000
1547820890788163 1.00000 -0.00001 0.00000 -0.00281 0.00001 1.00000 -0.00000 -0.00567 -0.00000 0.00000 1.00000 0.00000
1547820891038124 1.00000 0.00004 -0.00000 -0.00163 -0.00004 1.00000 0.00000 0.00358 0.00000 -0.00000 1.00000 -0.00000
1547820891287827 1.00000 0.00000 -0.00000 0.00344 -0.00000 1.00000 0.00000 0.00172 0.00000 -0.00000 1.00000 0.00000
1547820891538072 1.00000 0.00026 -0.00000 0.00090 -0.00026 1.00000 0.00000 0.00353 0.00000 -0.00000 1.00000 0.00000
1547820891789654 1.00000 -0.00029 0.00000 -0.00240 0.00029 1.00000 -0.00000 -0.00204 -0.00000 0.00000 1.00000 0.00000
1547820892042114 1.00000 -0.00013 0.00000 0.00162 0.00013 1.00000 -0.00000 -0.00135 -0.00000 0.00000 1.00000 -0.00000
1547820892294765 1.00000 -0.00012 0.00000 -0.00235 0.00012 1.00000 -0.00000 -0.00451 -0.00000 0.00000 1.00000 0.00000
1547820892546632 1.00000 -0.00009 0.00000 -0.00143 0.00009 1.00000 -0.00000 -0.00167 -0.00000 0.00000 1.00000 0.00000
1547820892797269 1.00000 -0.00006 0.00000 -0.00228 0.00006 1.00000 -0.00000 0.00010 -0.00000 0.00000 1.00000 0.00000
1547820893046834 1.00000 0.00009 -0.00000 -0.00078 -0.00009 1.00000 0.00000 0.00348 0.00000 -0.00000 1.00000 -0.00000
1547820893295797 1.00000 0.00003 -0.00000 0.00018 -0.00003 1.00000 0.00000 0.00140 0.00000 -0.00000 1.00000 0.00000
1547820893544467 1.00000 -0.00012 0.00000 0.00198 0.00012 1.00000 -0.00000 0.00177 -0.00000 0.00000 1.00000 0.00000
1547820893792594 1.00000 0.00010 -0.00000 -0.00156 -0.00010 1.00000 0.00000 0.00208 0.00000 -0.00000 1.00000 -0.00000
1547820894040926 1.00000 0.00000 -0.00000 -0.00076 -0.00000 1.00000 0.00000 0.00618 0.00000 -0.00000 1.00000 -0.00000
1547820894289856 1.00000 0.00001 -0.00000 0.00021 -0.00001 1.00000 0.00000 0.00706 0.00000 -0.00000 1.00000 0.00000
1547820894538252 1.00000 0.00008 -0.00000 -0.00030 -0.00008 1.00000 0.00000 0.00557 0.00000 -0.00000 1.00000 -0.00000
1547820894785934 1.00000 -0.00000 0.00000 -0.00089 0.00000 1.00000 -0.00000 0.00159 -0.00000 0.00000 1.00000 0.00000
1547820895033592 1.00000 0.00007 -0.00000 -0.00119 -0.00007 1.00000 0.00000 0.00506 0.00000 -0.00000 1.00000 -0.00000
1547820895281210 1.00000 0.00009 -0.00000 -0.00292 -0.00009 1.00000 0.00000 0.00590 0.00000 -0.00000 1.00000 -0.00000
1547820895529403 1.00000 -0.00002 0.00000 0.00081 0.00002 1.00000 -0.00000 0.00195 -0.00000 0.00000 1.00000 0.00000
1547820895779778 1.00000 0.00011 -0.00000 -0.00121 -0.00011 1.00000 0.00000 0.00284 0.00000 -0.00000 1.00000 -0.00000
1547820896031546 1.00000 0.00012 -0.00000 0.00240 -0.00012 1.00000 0.00000 0.00968 0.00000 -0.00000 1.00000 0.00000
1547820896283312 1.00000 0.00041 -0.00000 -0.00043 -0.00041 1.00000 0.00000 0.01114 0.00000 -0.00000 1.00000 -0.00000
1547820896535200 1.00000 0.00013 -0.00000 0.00174 -0.00013 1.00000 0.00000 -0.00131 0.00000 -0.00000 1.00000 0.00000
1547820896786725 1.00000 -0.00009 0.00000 -0.00636 0.00009 1.00000 -0.00000 0.00041 -0.00000 0.00000 1.00000 0.00000
1547820897037688 1.00000 -0.00008 0.00000 -0.00127 0.00008 1.00000 -0.00000 0.00319 -0.00000 0.00000 1.00000 0.00000
1547820897287668 1.00000 0.00016 -0.00000 -0.00539 -0.00016 1.00000 0.00000 -0.00152 0.00000 -0.00000 1.00000 0.00000
1547820897537405 1.00000 0.00016 -0.00000 0.00105 -0.00016 1.00000 0.00000 -0.00066 0.00000 -0.00000 1.00000 0.00000
1547820897787272 1.00000 0.00017 -0.00000 -0.00341 -0.00017 1.00000 0.00000 0.00839 0.00000 -0.00000 1.00000 -0.00000
1547820898038158 1.00000 0.00005 -0.00000 -0.00425 -0.00005 1.00000 0.00000 0.00374 0.00000 -0.00000 1.00000 -0.00000
1547820898290376 1.00000 -0.00010 0.00000 -0.00174 0.00010 1.00000 -0.00000 0.00412 -0.00000 0.00000 1.00000 0.00000
1547820898542927 1.00000 -0.00017 0.00000 -0.00503 0.00017 1.00000 -0.00000 0.00858 -0.00000 0.00000 1.00000 0.00000
1547820898794645 1.00000 -0.00014 0.00000 -0.00256 0.00014 1.00000 -0.00000 0.00548 -0.00000 0.00000 1.00000 0.00000
1547820899045087 1.00000 -0.00009 0.00000 0.00094 0.00009 1.00000 -0.00000 0.00786 -0.00000 0.00000 1.00000 0.00000
1547820899293855 1.00000 0.00020 -0.00000 -0.00348 -0.00020 1.00000 0.00000 0.01109 0.00000 -0.00000 1.00000 -0.00000
1547820899541721 1.00000 0.00024 -0.00000 -0.00305 -0.00024 1.00000 0.00000 0.00714 0.00000 -0.00000 1.00000 -0.00000
1547820899789284 1.00000 -0.00012 0.00000 -0.00285 0.00012 1.00000 -0.00000 -0.00084 -0.00000 0.00000 1.00000 0.00000
1547820900036999 1.00000 -0.00013 0.00000 0.00184 0.00013 1.00000 -0.00000 0.00216 -0.00000 0.00000 1.00000 0.00000
1547820900285089 1.00000 0.00042 -0.00000 -0.00257 -0.00042 1.00000 0.00000 0.00770 0.00000 -0.00000 1.00000 -0.00000
1547820900534082 1.00000 -0.00018 0.00000 -0.00248 0.00018 1.00000 -0.00000 0.00267 -0.00000 0.00000 1.00000 0.00000
1547820900784508 1.00000 -0.00010 0.00000 -0.00312 0.00010 1.00000 -0.00000 0.00697 -0.00000 0.00000 1.00000 0.00000
1547820901035269 1.00000 -0.00006 0.00000 -0.00076 0.00006 1.00000 -0.00000 0.00354 -0.00000 0.00000 1.00000 0.00000
1547820901285629 1.00000 -0.00002 0.00000 -0.00427 0.00002 1.00000 -0.00000 -0.00040 -0.00000 0.00000 1.00000 0.00000
1547820901535690 1.00000 0.00018 -0.00000 -0.00369 -0.00018 1.00000 0.00000 0.01145 0.00000 -0.00000 1.00000 -0.00000
1547820901786144 1.00000 0.00001 -0.00000 -0.00159 -0.00001 1.00000 0.00000 0.00623 0.00000 -0.00000 1.00000 -0.00000
1547820902037964 1.00000 -0.00040 0.00000 -0.00112 0.00040 1.00000 -0.00000 0.00625 -0.00000 0.00000 1.00000 0.00000
1547820902290465 1.00000 0.00008 -0.00000 -0.00237 -0.00008 1.00000 0.00000 0.01494 0.00000 -0.00000 1.00000 -0.00000
1547820902542749 1.00000 -0.00005 0.00000 -0.00169 0.00005 1.00000 -0.00000 0.00316 -0.00000 0.00000 1.00000 0.00000
1547820902794836 1.00000 -0.00025 0.00000 0.00065 0.00025 1.00000 -0.00000 0.00646 -0.00000 0.00000 1.00000 0.00000
1547820903045370 1.00000 -0.00016 0.00000 0.00274 0.00016 1.00000 -0.00000 0.00603 -0.00000 0.00000 1.00000 0.00000
1547820903294670 1.00000 -0.00022 0.00000 -0.00008 0.00022 1.00000 -0.00000 -0.00615 -0.00000 0.00000 1.00000 0.00000
1547820903543538 1.00000 0.00009 -0.00000 -0.00420 -0.00009 1.00000 0.00000 0.00236 0.00000 -0.00000 1.00000 -0.00000
1547820903792083 1.00000 -0.00005 0.00000 0.00217 0.00005 1.00000 -0.00000 0.01117 -0.00000 0.00000 1.00000 0.00000
1547820904040539 1.00000 0.00028 -0.00000 0.00712 -0.00028 1.00000 0.00000 0.01445 0.00000 -0.00000 1.00000 0.00000
1547820904289230 1.00000 0.00022 -0.00000 0.00272 -0.00022 1.00000 0.00000 0.01461 0.00000 -0.00000 1.00000 0.00000
1547820904539134 1.00000 0.00017 -0.00000 -0.00381 -0.00017 1.00000 0.00000 0.00877 0.00000 -0.00000 1.00000 -0.00000
1547820904789922 1.00000 -0.00022 0.00000 -0.00407 0.00022 1.00000 -0.00000 0.00958 -0.00000 0.00000 1.00000 0.00000
1547820905040590 1.00000 -0.00028 0.00000 -0.00274 0.00028 1.00000 -0.00000 0.00937 -0.00000 0.00000 1.00000 0.00000
1547820905290743 1.00000 -0.00019 0.00000 -0.00454 0.00019 1.00000 -0.00000 0.00150 -0.00000 0.00000 1.00000 0.00000
1547820905540441 1.00000 -0.00001 0.00000 -0.00307 0.00001 1.00000 -0.00000 0.00429 -0.00000 0.00000 1.00000 0.00000
1547820905789676 1.00000 -0.00017 0.00000 -0.00345 0.00017 1.00000 -0.00000 0.00088 -0.00000 0.00000 1.00000 0.00000
1547820906038827 1.00000 -0.00004 0.00000 -0.00450 0.00004 1.00000 -0.00000 0.00712 -0.00000 0.00000 1.00000 0.00000
1547820906287729 1.00000 -0.00000 0.00000 -0.00231 0.00000 1.00000 -0.00000 0.01105 -0.00000 0.00000 1.00000 0.00000
1547820906536488 1.00000 0.00003 -0.00000 -0.00783 -0.00003 1.00000 0.00000 0.01043 0.00000 -0.00000 1.00000 -0.00000
1547820906785027 1.00000 0.00003 -0.00000 -0.00361 -0.00003 1.00000 0.00000 0.00605 0.00000 -0.00000 1.00000 -0.00000
1547820907033081 1.00000 -0.00026 0.00000 -0.00241 0.00026 1.00000 -0.00000 0.01396 -0.00000 0.00000 1.00000 0.00000
1547820907281060 1.00000 -0.00009 0.00000 0.00084 0.00009 1.00000 -0.00000 0.01372 -0.00000 0.00000 1.00000 0.00000
1547820907529254 1.00000 -0.00006 0.00000 0.00165 0.00006 1.00000 -0.00000 0.01064 -0.00000 0.00000 1.00000 0.00000
1547820907777753 1.00000 0.00008 -0.00000 -0.00225 -0.00008 1.00000 0.00000 0.00550 0.00000 -0.00000 1.00000 -0.00000
1547820908026396 1.00000 -0.00002 0.00000 -0.00083 0.00002 1.00000 -0.00000 0.00720 -0.00000 0.00000 1.00000 0.00000
1547820908275063 1.00000 0.00003 -0.00000 0.00057 -0.00003 1.00000 0.00000 0.01227 0.00000 -0.00000 1.00000 0.00000
1547820908524038 1.00000 -0.00020 0.00000 0.00334 0.00020 1.00000 -0.00000 0.00895 -0.00000 0.00000 1.00000 0.00000
1547820908774450 1.00000 -0.00022 0.00000 0.00176 0.00022 1.00000 -0.00000 0.00943 -0.00000 0.00000 1.00000 0.00000
1547820909025439 1.00000 0.00018 -0.00000 0.00218 -0.00018 1.00000 0.00000 0.01006 0.00000 -0.00000 1.00000 0.00000
1547820909275585 1.00000 0.00010 -0.00000 0.00042 -0.00010 1.00000 0.00000 -0.00114 0.00000 -0.00000 1.00000 0.00000
1547820909525691 1.00000 0.00001 -0.00000 -0.00387 -0.00001 1.00000 0.00000 0.00500 0.00000 -0.00000 1.00000 -0.00000
1547820909775868 1.00000 0.00028 -0.00000 -0.00048 -0.00028 1.00000 0.00000 0.01694 0.00000 -0.00000 1.00000 -0.00000
1547820910025926 1.00000 -0.00002 0.00000 0.00062 0.00002 1.00000 -0.00000 0.01079 -0.00000 0.00000 1.00000 0.00000
1547820910275856 1.00000 -0.00019 0.00000 -0.00226 0.00019 1.00000 -0.00000 0.00452 -0.00000 0.00000 1.00000 0.00000
1547820910526081 1.00000 0.00018 -0.00000 -0.00337 -0.00018 1.00000 0.00000 0.00999 0.00000 -0.00000 1.00000 -0.00000
1547820910777460 1.00000 -0.00013 0.00000 -0.00594 0.00013 1.00000 -0.00000 0.00288 -0.00000 0.00000 1.00000 0.00000
1547820911029695 1.00000 -0.00006 0.00000 0.00168 0.00006 1.00000 -0.00000 0.01170 -0.00000 0.00000 1.00000 0.00000
1547820911282104 1.00000 -0.00036 0.00000 -0.00055 0.00036 1.00000 -0.00000 0.00295 -0.00000 0.00000 1.00000 0.00000
1547820911533699 1.00000 -0.00015 0.00000 -0.00140 0.00015 1.00000 -0.00000 0.00752 -0.00000 0.00000 1.00000 0.00000
1547820911784159 1.00000 -0.00014 0.00000 -0.00085 0.00014 1.00000 -0.00000 0.00758 -0.00000 0.00000 1.00000 0.00000
1547820912033495 1.00000 0.00036 -0.00000 0.00053 -0.00036 1.00000 0.00000 0.01092 0.00000 -0.00000 1.00000 0.00000
1547820912282849 1.00000 0.00023 -0.00000 -0.00177 -0.00023 1.00000 0.00000 0.00415 0.00000 -0.00000 1.00000 -0.00000
1547820912531940 1.00000 -0.00027 0.00000 0.00299 0.00027 1.00000 -0.00000 0.00878 -0.00000 0.00000 1.00000 0.00000
1547820912780584 1.00000 -0.00031 0.00000 -0.00172 0.00031 1.00000 -0.00000 0.00599 -0.00000 0.00000 1.00000 0.00000
1547820913029000 1.00000 -0.00026 0.00000 0.00097 0.00026 1.00000 -0.00000 0.00248 -0.00000 0.00000 1.00000 0.00000
1547820913277254 1.00000 0.00028 -0.00000 0.00085 -0.00028 1.00000 0.00000 0.00963 0.00000 -0.00000 1.00000 0.00000
1547820913525368 1.00000 -0.00014 0.00000 0.00367 0.00014 1.00000 -0.00000 0.00294 -0.00000 0.00000 1.00000 0.00000
1547820913773556 1.00000 -0.00002 0.00000 -0.00413 0.00002 1.00000 -0.00000 0.01235 -0.00000 0.00000 1.00000 0.00000
1547820914021071 1.00000 0.00008 -0.00000 -0.00528 -0.00008 1.00000 0.00000 0.00955 0.00000 -0.00000 1.00000 -0.00000
1547820914268376 1.00000 0.00038 -0.00000 -0.00689 -0.00038 1.00000 0.00000 0.01499 0.00000 -0.00000 1.00000 -0.00000
1547820914516381 1.00000 0.00030 -0.00000 -0.00025 -0.00030 1.00000 0.00000 0.01005 0.00000 -0.00000 1.00000 -0.00000
1547820914766385 1.00000 0.00001 -0.00000 -0.00104 -0.00001 1.00000 0.00000 0.00944 0.00000 -0.00000 1.00000 -0.00000
1547820915019040 1.00000 -0.00003 0.00000 0.00529 0.00003 1.00000 -0.00000 0.00257 -0.00000 0.00000 1.00000 0.00000
1547820915272892 1.00000 0.00036 -0.00000 -0.00735 -0.00036 1.00000 0.00000 0.01677 0.00000 -0.00000 1.00000 -0.00000
1547820915526278 1.00000 0.00017 -0.00000 -0.00108 -0.00017 1.00000 0.00000 0.01058 0.00000 -0.00000 1.00000 -0.00000
1547820915778490 1.00000 0.00021 -0.00000 -0.00060 -0.00021 1.00000 0.00000 0.00778 0.00000 -0.00000 1.00000 -0.00000
1547820916029086 1.00000 0.00011 -0.00000 -0.00064 -0.00011 1.00000 0.00000 0.00418 0.00000 -0.00000 1.00000 -0.00000
1547820916278291 1.00000 0.00037 -0.00000 -0.00006 -0.00037 1.00000 0.00000 0.01378 0.00000 -0.00000 1.00000 -0.00000
1547820916526839 1.00000 0.00011 -0.00000 -0.00031 -0.00011 1.00000 0.00000 0.00992 0.00000 -0.00000 1.00000 -0.00000
1547820916775402 1.00000 -0.00003 0.00000 -0.00132 0.00003 1.00000 -0.00000 0.00824 -0.00000 0.00000 1.00000 0.00000
1547820917026524 1.00000 -0.00001 0.00000 0.00094 0.00001 1.00000 -0.00000 0.00524 -0.00000 0.00000 1.00000 0.00000
1547820917276453 1.00000 0.00003 -0.00000 -0.00178 -0.00003 1.00000 0.00000 0.00594 0.00000 -0.00000 1.00000 -0.00000
1547820917525494 1.00000 0.00001 -0.00000 -0.00345 -0.00001 1.00000 0.00000 0.00470 0.00000 -0.00000 1.00000 -0.00000
1547820917776519 1.00000 -0.00003 0.00000 -0.00522 0.00003 1.00000 -0.00000 0.00902 -0.00000 0.00000 1.00000 0.00000
1547820918026778 1.00000 -0.00014 0.00000 -0.00443 0.00014 1.00000 -0.00000 0.00357 -0.00000 0.00000 1.00000 0.00000
1547820918276858 1.00000 -0.00001 0.00000 -0.00344 0.00001 1.00000 -0.00000 0.00708 -0.00000 0.00000 1.00000 0.00000
1547820918526251 1.00000 -0.00015 0.00000 -0.00048 0.00015 1.00000 -0.00000 0.00392 -0.00000 0.00000 1.00000 0.00000
1547820918775149 1.00000 -0.00011 0.00000 0.00150 0.00011 1.00000 -0.00000 0.00529 -0.00000 0.00000 1.00000 0.00000
1547820919024183 1.00000 0.00018 -0.00000 -0.00697 -0.00018 1.00000 0.00000 0.00662 0.00000 -0.00000 1.00000 -0.00000
1547820919272742 1.00000 0.00011 -0.00000 -0.00298 -0.00011 1.00000 0.00000 0.00684 0.00000 -0.00000 1.00000 -0.00000
1547820919521076 1.00000 0.00023 -0.00000 -0.00112 -0.00023 1.00000 0.00000 0.01163 0.00000 -0.00000 1.00000 -0.00000
1547820919769349 1.00000 -0.00006 0.00000 0.00102 0.00006 1.00000 -0.00000 0.00711 -0.00000 0.00000 1.00000 0.00000
1547820920017425 1.00000 -0.00032 0.00000 -0.00707 0.00032 1.00000 -0.00000 0.00021 -0.00000 0.00000 1.00000 0.00000
1547820920265131 1.00000 -0.00007 0.00000 -0.00064 0.00007 1.00000 -0.00000 0.00463 -0.00000 0.00000 1.00000 0.00000
1547820920513034 1.00000 0.00000 -0.00000 -0.00129 -0.00000 1.00000 0.00000 0.00972 0.00000 -0.00000 1.00000 -0.00000
1547820920761493 1.00000 -0.00008 0.00000 0.00153 0.00008 1.00000 -0.00000 0.01230 -0.00000 0.00000 1.00000 0.00000
1547820921010852 1.00000 -0.00011 0.00000 0.00440 0.00011 1.00000 -0.00000 0.01040 -0.00000 0.00000 1.00000 0.00000
1547820921260824 1.00000 -0.00015 0.00000 -0.00011 0.00015 1.00000 -0.00000 0.00698 -0.00000 0.00000 1.00000 0.00000
1547820921511678 1.00000 -0.00029 0.00000 -0.00463 0.00029 1.00000 -0.00000 -0.00075 -0.00000 0.00000 1.00000 0.00000
1547820921764141 1.00000 -0.00042 0.00000 -0.00100 0.00042 1.00000 -0.00000 0.00167 -0.00000 0.00000 1.00000 0.00000
1547820922016670 1.00000 -0.00020 0.00000 0.00068 0.00020 1.00000 -0.00000 0.00177 -0.00000 0.00000 1.00000 0.00000
1547820922268174 1.00000 -0.00030 0.00000 -0.00531 0.00030 1.00000 -0.00000 -0.00392 -0.00000 0.00000 1.00000 0.00000
1547820922519804 1.00000 0.00012 -0.00000 -0.00235 -0.00012 1.00000 0.00000 0.00967 0.00000 -0.00000 1.00000 -0.00000
1547820922770703 1.00000 0.00000 -0.00000 0.00305 -0.00000 1.00000 0.00000 0.00439 0.00000 -0.00000 1.00000 0.00000
1547820923020499 1.00000 0.00022 -0.00000 0.00132 -0.00022 1.00000 0.00000 0.00881 0.00000 -0.00000 1.00000 0.00000
1547820923270340 1.00000 -0.00026 0.00000 0.00147 0.00026 1.00000 -0.00000 0.00303 -0.00000 0.00000 1.00000 0.00000
1547820923520849 1.00000 0.00005 -0.00000 0.00446 -0.00005 1.00000 0.00000 0.00764 0.00000 -0.00000 1.00000 0.00000
1547820923772273 1.00000 -0.00010 0.00000 0.00222 0.00010 1.00000 -0.00000 0.00269 -0.00000 0.00000 1.00000 0.00000
1547820924024393 1.00000 -0.00030 0.00000 0.00431 0.00030 1.00000 -0.00000 0.00438 -0.00000 0.00000 1.00000 0.00000
1547820924276827 1.00000 -0.00020 0.00000 0.00568 0.00020 1.00000 -0.00000 0.00824 -0.00000 0.00000 1.00000 0.00000
1547820924528599 1.00000 0.00001 -0.00000 0.00201 -0.00001 1.00000 0.00000 0.00450 0.00000 -0.00000 1.00000 0.00000
1547820924778698 1.00000 0.00018 -0.00000 0.00444 -0.00018 1.00000 0.00000 0.00551 0.00000 -0.00000 1.00000 0.00000
1547820925028018 1.00000 0.00019 -0.00000 0.00742 -0.00019 1.00000 0.00000 0.00719 0.00000 -0.00000 1.00000 0.00000
1547820925277584 1.00000 0.00001 -0.00000 0.00613 -0.00001 1.00000 0.00000 0.01183 0.00000 -0.00000 1.00000 0.00000
1547820925526556 1.00000 0.00016 -0.00000 0.00219 -0.00016 1.00000 0.00000 0.00535 0.00000 -0.00000 1.00000 0.00000
1547820925775094 1.00000 0.00002 -0.00000 0.00120 -0.00002 1.00000 0.00000 0.00150 0.00000 -0.00000 1.00000 0.00000
1547820926023354 1.00000 0.00004 -0.00000 0.00410 -0.00004 1.00000 0.00000 0.00631 0.00000 -0.00000 1.00000 0.00000
1547820926271369 1.00000 -0.00010 0.00000 -0.00026 0.00010 1.00000 -0.00000 0.00231 -0.00000 0.00000 1.00000 0.00000
1547820926519303 1.00000 -0.00021 0.00000 0.00251 0.00021 1.00000 -0.00000 0.00305 -0.00000 0.00000 1.00000 0.00000
1547820926767105 1.00000 -0.00022 0.00000 0.00486 0.00022 1.00000 -0.00000 0.00434 -0.00000 0.00000 1.00000 0.00000
1547820927015984 1.00000 -0.00023 0.00000 0.00076 0.00023 1.00000 -0.00000 0.00023 -0.00000 0.00000 1.00000 0.00000
1547820927264748 1.00000 -0.00036 0.00000 0.00415 0.00036 1.00000 -0.00000 0.00531 -0.00000 0.00000 1.00000 0.00000
1547820927512840 1.00000 -0.00020 0.00000 -0.00088 0.00020 1.00000 -0.00000 0.00360 -0.00000 0.00000 1.00000 0.00000
1547820927761636 1.00000 -0.00027 0.00000 -0.00244 0.00027 1.00000 -0.00000 0.00253 -0.00000 0.00000 1.00000 0.00000
1547820928012094 1.00000 -0.00009 0.00000 0.00057 0.00009 1.00000 -0.00000 0.00137 -0.00000 0.00000 1.00000 0.00000
1547820928263359 1.00000 -0.00023 0.00000 -0.00333 0.00023 1.00000 -0.00000 -0.00014 -0.00000 0.00000 1.00000 0.00000
1547820928513988 1.00000 -0.00004 0.00000 -0.00126 0.00004 1.00000 -0.00000 0.00422 -0.00000 0.00000 1.00000 0.00000
1547820928764173 1.00000 -0.00005 0.00000 -0.00130 0.00005 1.00000 -0.00000 -0.00172 -0.00000 0.00000 1.00000 0.00000
1547820929014482 1.00000 0.00018 -0.00000 -0.00358 -0.00018 1.00000 0.00000 0.00085 0.00000 -0.00000 1.00000 -0.00000
1547820929264511 1.00000 -0.00019 0.00000 -0.00724 0.00019 1.00000 -0.00000 -0.00051 -0.00000 0.00000 1.00000 0.00000
1547820929514436 1.00000 -0.00013 0.00000 -0.00308 0.00013 1.00000 -0.00000 0.00228 -0.00000 0.00000 1.00000 0.00000
1547820929764852 1.00000 -0.00005 0.00000 -0.00058 0.00005 1.00000 -0.00000 0.00748 -0.00000 0.00000 1.00000 0.00000
1547820930016262 1.00000 -0.00031 0.00000 0.00100 0.00031 1.00000 -0.00000 0.00217 -0.00000 0.00000 1.00000 0.00000
1547820930268357 1.00000 -0.00042 0.00000 -0.00342 0.00042 1.00000 -0.00000 0.00060 -0.00000 0.00000 1.00000 0.00000
1547820930520591 1.00000 0.00008 -0.00000 0.00244 -0.00008 1.00000 0.00000 0.01050 0.00000 -0.00000 1.00000 0.00000
1547820930772645 1.00000 0.00005 -0.00000 -0.00103 -0.00005 1.00000 0.00000 0.01212 0.00000 -0.00000 1.00000 -0.00000
1547820931023607 1.00000 -0.00004 0.00000 -0.00273 0.00004 1.00000 -0.00000 0.00492 -0.00000 0.00000 1.00000 0.00000
1547820931273355 1.00000 -0.00008 0.00000 -0.00176 0.00008 1.00000 -0.00000 0.01182 -0.00000 0.00000 1.00000 0.00000
1547820931522173 1.00000 -0.00013 0.00000 0.00043 0.00013 1.00000 -0.00000 0.00326 -0.00000 0.00000 1.00000 0.00000
1547820931770749 1.00000 -0.00008 0.00000 -0.00168 0.00008 1.00000 -0.00000 0.00455 -0.00000 0.00000 1.00000 0.00000
1547820932019190 1.00000 -0.00001 0.00000 -0.00008 0.00001 1.00000 -0.00000 0.00056 -0.00000 0.00000 1.00000 0.00000
1547820932267518 1.00000 0.00009 -0.00000 -0.00468 -0.00009 1.00000 0.00000 0.00672 0.00000 -0.00000 1.00000 -0.00000
1547820932515574 1.00000 -0.00000 0.00000 0.00352 0.00000 1.00000 -0.00000 0.00865 -0.00000 0.00000 1.00000 0.00000
1547820932763416 1.00000 -0.00024 0.00000 0.00809 0.00024 1.00000 -0.00000 0.01038 -0.00000 0.00000 1.00000 0.00000
1547820933011413 1.00000 -0.00010 0.00000 0.00862 0.00010 1.00000 -0.00000 0.00804 -0.00000 0.00000 1.00000 0.00000
1547820933260386 1.00000 -0.00031 0.00000 0.00067 0.00031 1.00000 -0.00000 0.00547 -0.00000 0.00000 1.00000 0.00000
1547820933510040 1.00000 -0.00019 0.00000 0.00710 0.00019 1.00000 -0.00000 0.00972 -0.00000 0.00000 1.00000 0.00000
1547820933760281 1.00000 -0.00002 0.00000 -0.00289 0.00002 1.00000 -0.00000 0.01148 -0.00000 0.00000 1.00000 0.00000
1547820934011382 1.00000 0.00010 -0.00000 -0.00252 -0.00010 1.00000 0.00000 0.00945 0.00000 -0.00000 1.00000 -0.00000
1547820934263773 1.00000 -0.00000 0.00000 -0.00443 0.00000 1.00000 -0.00000 0.00624 -0.00000 0.00000 1.00000 0.00000
1547820934516092 1.00000 -0.00028 0.00000 0.00296 0.00028 1.00000 -0.00000 -0.00227 -0.00000 0.00000 1.00000 -0.00000
1547820934767699 1.00000 -0.00035 0.00000 0.00333 0.00035 1.00000 -0.00000 0.00390 -0.00000 0.00000 1.00000 0.00000
1547820935019613 1.00000 -0.00008 0.00000 0.00422 0.00008 1.00000 -0.00000 -0.00061 -0.00000 0.00000 1.00000 -0.00000
1547820935270207 1.00000 0.00005 -0.00000 0.00219 -0.00005 1.00000 0.00000 0.00880 0.00000 -0.00000 1.00000 0.00000
1547820935519179 1.00000 -0.00010 0.00000 0.00039 0.00010 1.00000 -0.00000 0.00798 -0.00000 0.00000 1.00000 0.00000
1547820935767591 1.00000 0.00004 -0.00000 0.00051 -0.00004 1.00000 0.00000 0.00464 0.00000 -0.00000 1.00000 0.00000
1547820936016418 1.00000 -0.00019 0.00000 0.00250 0.00019 1.00000 -0.00000 -0.00085 -0.00000 0.00000 1.00000 -0.00000
1547820936266135 1.00000 -0.00038 0.00000 0.00382 0.00038 1.00000 -0.00000 0.00002 -0.00000 0.00000 1.00000 0.00000
1547820936516968 1.00000 -0.00033 0.00000 0.00374 0.00033 1.00000 -0.00000 0.00151 -0.00000 0.00000 1.00000 0.00000
1547820936768143 1.00000 -0.00028 0.00000 0.00478 0.00028 1.00000 -0.00000 0.00958 -0.00000 0.00000 1.00000 0.00000
1547820937018707 1.00000 -0.00003 0.00000 0.00251 0.00003 1.00000 -0.00000 0.00730 -0.00000 0.00000 1.00000 0.00000
1547820937268575 1.00000 0.00014 -0.00000 -0.00405 -0.00014 1.00000 0.00000 0.00896 0.00000 -0.00000 1.00000 -0.00000
1547820937517652 1.00000 0.00041 -0.00000 -0.03177 -0.00041 1.00000 0.00000 -0.00335 0.00000 -0.00000 1.00000 0.00000
1547820937766742 1.00000 0.00092 -0.00000 -0.08175 -0.00092 1.00000 0.00000 0.00421 0.00000 -0.00000 1.00000 -0.00000
1547820938015723 1.00000 0.00164 -0.00000 -0.14997 -0.00164 1.00000 0.00000 -0.01281 0.00000 -0.00000 1.00000 0.00000
1547820938264329 1.00000 0.00202 -0.00000 -0.23405 -0.00202 1.00000 0.00000 -0.01436 0.00000 -0.00000 1.00000 0.00000
1547820938512866 0.99998 0.00617 -0.00000 -0.34032 -0.00617 0.99998 0.00000 0.01147 0.00000 -0.00000 1.00000 -0.00000
1547820938761428 0.99991 0.01326 -0.00000 -0.48398 -0.01326 0.99991 0.00000 0.01135 0.00000 -0.00000 1.00000 -0.00000
1547820939009685 0.99979 0.02062 -0.00000 -0.69814 -0.02062 0.99979 0.00000 -0.02897 0.00000 -0.00000 1.00000 0.00000
1547820939257657 0.99940 0.03465 -0.00000 -0.93560 -0.03465 0.99940 0.00000 -0.01116 0.00000 -0.00000 1.00000 0.00000
1547820939505057 0.99882 0.04852 -0.00000 -1.28161 -0.04852 0.99882 0.00000 -0.01604 0.00000 -0.00000 1.00000 0.00000
1547820939752470 0.99825 0.05918 -0.00000 -1.60722 -0.05918 0.99825 0.00000 0.02961 0.00000 -0.00000 1.00000 0.00000
1547820940000583 0.99718 0.07505 -0.00000 -2.07732 -0.07505 0.99718 0.00000 0.00153 0.00000 -0.00000 1.00000 0.00000
1547820940250046 0.99606 0.08867 -0.00000 -2.61458 -0.08867 0.99606 0.00000 0.07368 0.00000 -0.00000 1.00000 0.00000
1547820940501358 0.99472 0.10267 -0.00000 -3.25359 -0.10267 0.99472 0.00000 0.10055 0.00000 -0.00000 1.00000 0.00000
1547820940754163 0.99378 0.11134 -0.00000 -3.91240 -0.11134 0.99378 0.00000 0.11093 0.00000 -0.00000 1.00000 0.00000
1547820941007080 0.99278 0.11998 -0.00000 -4.71633 -0.11998 0.99278 0.00000 0.14197 0.00000 -0.00000 1.00000 0.00000
1547820941259855 0.99230 0.12389 -0.00000 -5.57351 -0.12389 0.99230 0.00000 0.14276 0.00000 -0.00000 1.00000 0.00000
1547820941511941 0.99209 0.12551 -0.00000 -6.48745 -0.12551 0.99209 0.00000 0.17518 0.00000 -0.00000 1.00000 0.00000
1547820941762507 0.99229 0.12394 -0.00000 -7.51649 -0.12394 0.99229 0.00000 0.13630 0.00000 -0.00000 1.00000 0.00000
1547820942011393 0.99244 0.12273 -0.00000 -8.56242 -0.12273 0.99244 0.00000 0.13891 0.00000 -0.00000 1.00000 0.00000
1547820942259756 0.99258 0.12162 -0.00000 -9.66861 -0.12162 0.99258 0.00000 0.12575 0.00000 -0.00000 1.00000 0.00000
1547820942507873 0.99289 0.11900 -0.00000 -10.84561 -0.11900 0.99289 0.00000 0.08746 0.00000 -0.00000 1.00000 0.00000
1547820942756056 0.99317 0.11664 -0.00000 -12.06758 -0.11664 0.99317 0.00000 0.07853 0.00000 -0.00000 1.00000 0.00000
1547820943004857 0.99362 0.11282 -0.00000 -13.30231 -0.11282 0.99362 0.00000 0.01868 0.00000 -0.00000 1.00000 0.00000
1547820943254606 0.99384 0.11079 -0.00000 -14.55084 -0.11079 0.99384 0.00000 0.05141 0.00000 -0.00000 1.00000 0.00000
1547820943505223 0.99428 0.10681 -0.00000 -15.81206 -0.10681 0.99428 0.00000 -0.00982 0.00000 -0.00000 1.00000 0.00000
1547820943755975 0.99485 0.10136 -0.00000 -17.11990 -0.10136 0.99485 0.00000 -0.06016 0.00000 -0.00000 1.00000 0.00000
1547820944006012 0.99521 0.09780 -0.00000 -18.42272 -0.09780 0.99521 0.00000 -0.13212 0.00000 -0.00000 1.00000 0.00000
1547820944255465 0.99580 0.09154 -0.00000 -19.75806 -0.09154 0.99580 0.00000 -0.20013 0.00000 -0.00000 1.00000 0.00000
1547820944504647 0.99653 0.08322 -0.00000 -21.09953 -0.08322 0.99653 0.00000 -0.37779 0.00000 -0.00000 1.00000 0.00000
1547820944754085 0.99728 0.07370 -0.00000 -22.45091 -0.07370 0.99728 0.00000 -0.54717 0.00000 -0.00000 1.00000 0.00000
1547820945002952 0.99768 0.06801 -0.00000 -23.81340 -0.06801 0.99768 0.00000 -0.69355 0.00000 -0.00000 1.00000 0.00000
1547820945251517 0.99795 0.06401 -0.00000 -25.15663 -0.06401 0.99795 0.00000 -0.75639 0.00000 -0.00000 1.00000 0.00000
1547820945499475 0.99805 0.06247 -0.00000 -26.53251 -0.06247 0.99805 0.00000 -0.79172 0.00000 -0.00000 1.00000 0.00000
1547820945747337 0.99810 0.06159 -0.00000 -27.93760 -0.06159 0.99810 0.00000 -0.77354 0.00000 -0.00000 1.00000 0.00000
1547820945995219 0.99823 0.05941 -0.00000 -29.36582 -0.05941 0.99823 0.00000 -0.85073 0.00000 -0.00000 1.00000 0.00000
1547820946242839 0.99826 0.05904 -0.00000 -30.88846 -0.05904 0.99826 0.00000 -0.81142 0.00000 -0.00000 1.00000 0.00000
1547820946491533 0.99832 0.05795 -0.00000 -32.43695 -0.05795 0.99832 0.00000 -0.84555 0.00000 -0.00000 1.00000 0.00000
1547820946741455 0.99836 0.05721 -0.00000 -34.05844 -0.05721 0.99836 0.00000 -0.85674 0.00000 -0.00000 1.00000 0.00000
1547820946991027 0.99850 0.05472 -0.00000 -35.73348 -0.05472 0.99850 0.00000 -0.88385 0.00000 -0.00000 1.00000 0.00000
1547820947240890 0.99850 0.05471 -0.00000 -37.46478 -0.05471 0.99850 0.00000 -0.89563 0.00000 -0.00000 1.00000 0.00000
1547820947491714 0.99872 0.05063 -0.00000 -39.24689 -0.05063 0.99872 0.00000 -1.01670 0.00000 -0.00000 1.00000 0.00000
1547820947743412 0.99905 0.04347 -0.00000 -41.06636 -0.04347 0.99905 0.00000 -1.31073 0.00000 -0.00000 1.00000 0.00000
1547820947994910 0.99926 0.03846 -0.00000 -42.91546 -0.03846 0.99926 0.00000 -1.51201 0.00000 -0.00000 1.00000 0.00000
1547820948246254 0.99940 0.03458 -0.00000 -44.79276 -0.03458 0.99940 0.00000 -1.65924 0.00000 -0.00000 1.00000 0.00000
1547820948497349 0.99949 0.03189 -0.00000 -46.70526 -0.03189 0.99949 0.00000 -1.79599 0.00000 -0.00000 1.00000 0.00000
1547820948748169 0.99967 0.02565 -0.00000 -48.61909 -0.02565 0.99967 0.00000 -2.05921 0.00000 -0.00000 1.00000 0.00000
1547820948999212 0.99981 0.01948 -0.00000 -50.57553 -0.01948 0.99981 0.00000 -2.35461 0.00000 -0.00000 1.00000 0.00000
1547820949250771 0.99990 0.01404 -0.00000 -52.53867 -0.01404 0.99990 0.00000 -2.56899 0.00000 -0.00000 1.00000 0.00000
1547820949503725 0.99999 0.00363 -0.00000 -54.49198 -0.00363 0.99999 0.00000 -3.14615 0.00000 -0.00000 1.00000 0.00000
1547820949757505 0.99997 -0.00721 0.00000 -56.48660 0.00721 0.99997 -0.00000 -3.72828 -0.00000 0.00000 1.00000 0.00000
1547820950009721 0.99987 -0.01588 0.00000 -58.46550 0.01588 0.99987 -0.00000 -4.20314 -0.00000 0.00000 1.00000 0.00000
1547820950260174 0.99970 -0.02436 0.00000 -60.41511 0.02436 0.99970 -0.00000 -4.63789 -0.00000 0.00000 1.00000 0.00000
1547820950508373 0.99971 -0.02424 0.00000 -62.40921 0.02424 0.99971 -0.00000 -4.58817 -0.00000 0.00000 1.00000 0.00000
1547820950755254 0.99990 -0.01427 0.00000 -64.43047 0.01427 0.99990 -0.00000 -3.94243 -0.00000 0.00000 1.00000 0.00000
1547820951002070 1.00000 -0.00315 0.00000 -66.46894 0.00315 1.00000 -0.00000 -3.24983 -0.00000 0.00000 1.00000 0.00000
1547820951248627 0.99996 0.00923 -0.00000 -68.51907 -0.00923 0.99996 0.00000 -2.39311 0.00000 -0.00000 1.00000 0.00000
1547820951496269 0.99978 0.02084 -0.00000 -70.58216 -0.02084 0.99978 0.00000 -1.64511 0.00000 -0.00000 1.00000 0.00000
1547820951745695 0.99955 0.03012 -0.00000 -72.67517 -0.03012 0.99955 0.00000 -0.95608 0.00000 -0.00000 1.00000 0.00000
1547820951995970 0.99916 0.04103 -0.00000 -74.78273 -0.04103 0.99916 0.00000 -0.14246 0.00000 -0.00000 1.00000 0.00000
1547820952247071 0.99862 0.05245 -0.00000 -76.88819 -0.05245 0.99862 0.00000 0.69099 0.00000 -0.00000 1.00000 0.00000
1547820952497121 0.99804 0.06254 -0.00000 -78.98620 -0.06254 0.99804 0.00000 1.51390 0.00000 -0.00000 1.00000 0.00000
1547820952746211 0.99779 0.06637 -0.00000 -81.11361 -0.06637 0.99779 0.00000 1.84742 0.00000 -0.00000 1.00000 0.00000
1547820952996165 0.99781 0.06617 -0.00000 -83.27145 -0.06617 0.99781 0.00000 1.79273 0.00000 -0.00000 1.00000 0.00000
1547820953246699 0.99791 0.06462 -0.00000 -85.45852 -0.06462 0.99791 0.00000 1.64739 0.00000 -0.00000 1.00000 0.00000
1547820953497991 0.99789 0.06499 -0.00000 -87.67612 -0.06499 0.99789 0.00000 1.73273 0.00000 -0.00000 1.00000 0.00000
1547820953749588 0.99789 0.06495 -0.00000 -89.86405 -0.06495 0.99789 0.00000 1.72202 0.00000 -0.00000 1.00000 0.00000
1547820954001121 0.99800 0.06325 -0.00000 -92.06383 -0.06325 0.99800 0.00000 1.57364 0.00000 -0.00000 1.00000 0.00000
1547820954252720 0.99805 0.06235 -0.00000 -94.30742 -0.06235 0.99805 0.00000 1.52535 0.00000 -0.00000 1.00000 0.00000
1547820954504539 0.99836 0.05731 -0.00000 -96.58290 -0.05731 0.99836 0.00000 0.99689 0.00000 -0.00000 1.00000 0.00000
1547820954755618 0.99857 0.05353 -0.00000 -98.87018 -0.05353 0.99857 0.00000 0.67942 0.00000 -0.00000 1.00000 0.00000
1547820955006846 0.99878 0.04931 -0.00000 -101.15208 -0.04931 0.99878 0.00000 0.30638 0.00000 -0.00000 1.00000 0.00000
1547820955258641 0.99901 0.04455 -0.00000 -103.48768 -0.04455 0.99901 0.00000 -0.22056 0.00000 -0.00000 1.00000 0.00000
1547820955510540 0.99916 0.04103 -0.00000 -105.80548 -0.04103 0.99916 0.00000 -0.58559 0.00000 -0.00000 1.00000 0.00000
1547820955762650 0.99926 0.03846 -0.00000 -108.18546 -0.03846 0.99926 0.00000 -0.81062 0.00000 -0.00000 1.00000 0.00000
1547820956016056 0.99938 0.03511 -0.00000 -110.56984 -0.03511 0.99938 0.00000 -1.13745 0.00000 -0.00000 1.00000 0.00000
1547820956269148 0.99936 0.03574 -0.00000 -112.98639 -0.03574 0.99936 0.00000 -1.05258 0.00000 -0.00000 1.00000 0.00000
1547820956519540 0.99942 0.03412 -0.00000 -115.37423 -0.03412 0.99942 0.00000 -1.18750 0.00000 -0.00000 1.00000 0.00000
1547820956767543 0.99939 0.03499 -0.00000 -117.79788 -0.03499 0.99939 0.00000 -1.06940 0.00000 -0.00000 1.00000 0.00000
1547820957015081 0.99934 0.03645 -0.00000 -120.21922 -0.03645 0.99934 0.00000 -0.87574 0.00000 -0.00000 1.00000 0.00000
1547820957262315 0.99925 0.03878 -0.00000 -122.64410 -0.03878 0.99925 0.00000 -0.58117 0.00000 -0.00000 1.00000 0.00000
1547820957509607 0.99926 0.03841 -0.00000 -125.07031 -0.03841 0.99926 0.00000 -0.63820 0.00000 -0.00000 1.00000 0.00000
1547820957757729 0.99926 0.03854 -0.00000 -127.54110 -0.03854 0.99926 0.00000 -0.60823 0.00000 -0.00000 1.00000 0.00000
1547820958006973 0.99924 0.03900 -0.00000 -130.01489 -0.03900 0.99924 0.00000 -0.53491 0.00000 -0.00000 1.00000 0.00000
1547820958257647 0.99923 0.03929 -0.00000 -132.53535 -0.03929 0.99923 0.00000 -0.51335 0.00000 -0.00000 1.00000 0.00000
1547820958508389 0.99911 0.04210 -0.00000 -135.06365 -0.04210 0.99911 0.00000 -0.08840 0.00000 -0.00000 1.00000 0.00000
1547820958759351 0.99920 0.03992 -0.00000 -137.57917 -0.03992 0.99920 0.00000 -0.41010 0.00000 -0.00000 1.00000 0.00000
1547820959009893 0.99920 0.03993 -0.00000 -140.11499 -0.03993 0.99920 0.00000 -0.34124 0.00000 -0.00000 1.00000 0.00000
1547820959260015 0.99917 0.04069 -0.00000 -142.61151 -0.04069 0.99917 0.00000 -0.18498 0.00000 -0.00000 1.00000 0.00000
1547820959510286 0.99913 0.04163 -0.00000 -145.14817 -0.04163 0.99913 0.00000 0.01457 0.00000 -0.00000 1.00000 0.00000
1547820959760494 0.99899 0.04486 -0.00000 -147.69154 -0.04486 0.99899 0.00000 0.50027 0.00000 -0.00000 1.00000 0.00000
1547820960010416 0.99905 0.04356 -0.00000 -150.18079 -0.04356 0.99905 0.00000 0.30782 0.00000 -0.00000 1.00000 0.00000
1547820960261598 0.99897 0.04537 -0.00000 -152.64538 -0.04537 0.99897 0.00000 0.63748 0.00000 -0.00000 1.00000 0.00000
1547820960513967 0.99898 0.04520 -0.00000 -155.08340 -0.04520 0.99898 0.00000 0.62912 0.00000 -0.00000 1.00000 0.00000
1547820960765841 0.99897 0.04534 -0.00000 -157.49651 -0.04534 0.99897 0.00000 0.67212 0.00000 -0.00000 1.00000 0.00000
1547820961017359 0.99898 0.04508 -0.00000 -159.90791 -0.04508 0.99898 0.00000 0.66626 0.00000 -0.00000 1.00000 0.00000
1547820961268537 0.99890 0.04697 -0.00000 -162.25258 -0.04697 0.99890 0.00000 1.00769 0.00000 -0.00000 1.00000 0.00000
1547820961519764 0.99880 0.04887 -0.00000 -164.57475 -0.04887 0.99880 0.00000 1.31877 0.00000 -0.00000 1.00000 0.00000
1547820961771425 0.99880 0.04903 -0.00000 -166.88253 -0.04903 0.99880 0.00000 1.39375 0.00000 -0.00000 1.00000 0.00000
1547820962022885 0.99865 0.05188 -0.00000 -169.17821 -0.05188 0.99865 0.00000 1.87432 0.00000 -0.00000 1.00000 0.00000
1547820962274092 0.99859 0.05300 -0.00000 -171.42357 -0.05300 0.99859 0.00000 2.02975 0.00000 -0.00000 1.00000 0.00000
1547820962524959 0.99845 0.05570 -0.00000 -173.64406 -0.05570 0.99845 0.00000 2.54039 0.00000 -0.00000 1.00000 0.00000
1547820962776097 0.99842 0.05613 -0.00000 -175.82141 -0.05613 0.99842 0.00000 2.59846 0.00000 -0.00000 1.00000 0.00000
1547820963027594 0.99830 0.05834 -0.00000 -178.00337 -0.05834 0.99830 0.00000 2.93673 0.00000 -0.00000 1.00000 0.00000
1547820963278976 0.99814 0.06103 -0.00000 -180.13792 -0.06103 0.99814 0.00000 3.42814 0.00000 -0.00000 1.00000 0.00000
1547820963531446 0.99803 0.06279 -0.00000 -182.23786 -0.06279 0.99803 0.00000 3.80806 0.00000 -0.00000 1.00000 0.00000
1547820963785125 0.99792 0.06439 -0.00000 -184.38856 -0.06439 0.99792 0.00000 4.08117 0.00000 -0.00000 1.00000 0.00000
1547820964037846 0.99780 0.06629 -0.00000 -186.45711 -0.06629 0.99780 0.00000 4.35545 0.00000 -0.00000 1.00000 0.00000
1547820964287988 0.99768 0.06813 -0.00000 -188.49024 -0.06813 0.99768 0.00000 4.73996 0.00000 -0.00000 1.00000 0.00000
1547820964536256 0.99742 0.07172 -0.00000 -190.44510 -0.07172 0.99742 0.00000 5.44109 0.00000 -0.00000 1.00000 0.00000
1547820964784060 0.99698 0.07771 -0.00000 -192.34261 -0.07771 0.99698 0.00000 6.60606 0.00000 -0.00000 1.00000 0.00000
1547820965031668 0.99614 0.08775 -0.00000 -194.22128 -0.08775 0.99614 0.00000 8.54395 0.00000 -0.00000 1.00000 0.00000
1547820965278727 0.99530 0.09681 -0.00000 -195.99901 -0.09681 0.99530 0.00000 10.32536 0.00000 -0.00000 1.00000 0.00000
1547820965526557 0.99444 0.10527 -0.00000 -197.72605 -0.10527 0.99444 0.00000 12.03658 0.00000 -0.00000 1.00000 0.00000
1547820965775640 0.99343 0.11444 -0.00000 -199.38990 -0.11444 0.99343 0.00000 13.90945 0.00000 -0.00000 1.00000 0.00000
1547820966026015 0.99224 0.12436 -0.00000 -201.02751 -0.12436 0.99224 0.00000 15.90221 0.00000 -0.00000 1.00000 0.00000
1547820966276803 0.99150 0.13012 -0.00000 -202.69635 -0.13012 0.99150 0.00000 17.03165 0.00000 -0.00000 1.00000 0.00000
1547820966527025 0.99100 0.13386 -0.00000 -204.35792 -0.13386 0.99100 0.00000 17.81741 0.00000 -0.00000 1.00000 0.00000
1547820966776998 0.99050 0.13749 -0.00000 -205.98389 -0.13749 0.99050 0.00000 18.56505 0.00000 -0.00000 1.00000 0.00000
1547820967027446 0.98980 0.14246 -0.00000 -207.59469 -0.14246 0.98980 0.00000 19.52668 0.00000 -0.00000 1.00000 0.00000
1547820967277890 0.99016 0.13992 -0.00000 -209.29594 -0.13992 0.99016 0.00000 19.05583 0.00000 -0.00000 1.00000 0.00000
1547820967527678 0.98947 0.14475 -0.00000 -210.87300 -0.14475 0.98947 0.00000 20.04246 0.00000 -0.00000 1.00000 0.00000
1547820967778283 0.98905 0.14759 -0.00000 -212.44355 -0.14759 0.98905 0.00000 20.61052 0.00000 -0.00000 1.00000 0.00000
1547820968030538 0.98892 0.14845 -0.00000 -214.06987 -0.14845 0.98892 0.00000 20.78009 0.00000 -0.00000 1.00000 0.00000
1547820968283018 0.98839 0.15197 -0.00000 -215.62568 -0.15197 0.98839 0.00000 21.58507 0.00000 -0.00000 1.00000 0.00000
1547820968534959 0.98767 0.15656 -0.00000 -217.12414 -0.15656 0.98767 0.00000 22.62036 0.00000 -0.00000 1.00000 0.00000
1547820968786053 0.98680 0.16197 -0.00000 -218.55203 -0.16197 0.98680 0.00000 23.78959 0.00000 -0.00000 1.00000 0.00000
1547820969036366 0.98629 0.16500 -0.00000 -220.02745 -0.16500 0.98629 0.00000 24.43199 0.00000 -0.00000 1.00000 0.00000
1547820969286652 0.98638 0.16449 -0.00000 -221.58926 -0.16449 0.98638 0.00000 24.33221 0.00000 -0.00000 1.00000 0.00000
1547820969536591 0.98655 0.16347 -0.00000 -223.03538 -0.16347 0.98655 0.00000 24.13556 0.00000 -0.00000 1.00000 0.00000
1547820969786535 0.98680 0.16194 -0.00000 -224.49090 -0.16194 0.98680 0.00000 23.85799 0.00000 -0.00000 1.00000 0.00000
1547820970036968 0.98690 0.16132 -0.00000 -225.90862 -0.16132 0.98690 0.00000 23.66275 0.00000 -0.00000 1.00000 0.00000
1547820970288225 0.98690 0.16135 -0.00000 -227.25372 -0.16135 0.98690 0.00000 23.65602 0.00000 -0.00000 1.00000 0.00000
1547820970540626 0.98710 0.16009 -0.00000 -228.62186 -0.16009 0.98710 0.00000 23.35812 0.00000 -0.00000 1.00000 0.00000
1547820970793181 0.98673 0.16235 -0.00000 -229.81580 -0.16235 0.98673 0.00000 23.92587 0.00000 -0.00000 1.00000 0.00000
1547820971044836 0.98696 0.16095 -0.00000 -231.11136 -0.16095 0.98696 0.00000 23.62395 0.00000 -0.00000 1.00000 0.00000
1547820971295046 0.98683 0.16176 -0.00000 -232.33840 -0.16176 0.98683 0.00000 23.82714 0.00000 -0.00000 1.00000 0.00000
1547820971544229 0.98657 0.16333 -0.00000 -233.49898 -0.16333 0.98657 0.00000 24.21646 0.00000 -0.00000 1.00000 0.00000
1547820971793653 0.98563 0.16892 -0.00000 -234.56842 -0.16892 0.98563 0.00000 25.51389 0.00000 -0.00000 1.00000 0.00000
1547820972042293 0.98484 0.17349 -0.00000 -235.66085 -0.17349 0.98484 0.00000 26.61687 0.00000 -0.00000 1.00000 0.00000
1547820972290585 0.98488 0.17321 -0.00000 -236.81073 -0.17321 0.98488 0.00000 26.52583 0.00000 -0.00000 1.00000 0.00000
1547820972539086 0.98513 0.17183 -0.00000 -238.00045 -0.17183 0.98513 0.00000 26.18437 0.00000 -0.00000 1.00000 0.00000
1547820972787153 0.98562 0.16898 -0.00000 -239.22872 -0.16898 0.98562 0.00000 25.53572 0.00000 -0.00000 1.00000 0.00000
1547820973035243 0.98633 0.16476 -0.00000 -240.51428 -0.16476 0.98633 0.00000 24.53271 0.00000 -0.00000 1.00000 0.00000
1547820973284197 0.98701 0.16066 -0.00000 -241.80238 -0.16066 0.98701 0.00000 23.47993 0.00000 -0.00000 1.00000 0.00000
1547820973533201 0.98742 0.15812 -0.00000 -243.12783 -0.15812 0.98742 0.00000 22.85170 0.00000 -0.00000 1.00000 0.00000
