1547639597671717 1.00000 0.00000 0.00000 -0.00000 0.00000 1.00000 0.00000 -0.00000 0.00000 0.00000 1.00000 -0.00000
1547639597922960 1.00000 0.00012 -0.00000 0.00328 -0.00012 1.00000 0.00000 -0.00290 0.00000 -0.00000 1.00000 0.00000
1547639598174187 1.00000 0.00008 -0.00000 -0.00310 -0.00008 1.00000 0.00000 0.00141 0.00000 -0.00000 1.00000 -0.00000
1547639598426143 1.00000 -0.00008 0.00000 0.00230 0.00008 1.00000 -0.00000 0.00240 -0.00000 0.00000 1.00000 0.00000
1547639598677766 1.00000 0.00000 -0.00000 0.00045 -0.00000 1.00000 0.00000 0.00146 0.00000 -0.00000 1.00000 0.00000
1547639598929091 1.00000 0.00011 -0.00000 -0.00603 -0.00011 1.00000 0.00000 -0.00681 0.00000 -0.00000 1.00000 0.00000
1547639599180978 1.00000 -0.00007 0.00000 -0.00312 0.00007 1.00000 -0.00000 0.00422 -0.00000 0.00000 1.00000 0.00000
1547639599433101 1.00000 0.00017 -0.00000 -0.00521 -0.00017 1.00000 0.00000 -0.00368 0.00000 -0.00000 1.00000 0.00000
1547639599684338 1.00000 0.00008 -0.00000 -0.00590 -0.00008 1.00000 0.00000 -0.00585 0.00000 -0.00000 1.00000 0.00000
1547639599934839 1.00000 -0.00019 0.00000 0.00355 0.00019 1.00000 -0.00000 0.00142 -0.00000 0.00000 1.00000 0.00000
1547639600185134 1.00000 0.00005 -0.00000 0.00354 -0.00005 1.00000 0.00000 -0.00046 0.00000 -0.00000 1.00000 0.00000
1547639600435338 1.00000 0.00021 -0.00000 -0.00166 -0.00021 1.00000 0.00000 -0.00188 0.00000 -0.00000 1.00000 0.00000
1547639600685331 1.00000 0.00025 -0.00000 -0.00506 -0.00025 1.00000 0.00000 0.00759 0.00000 -0.00000 1.00000 -0.00000
1547639600934927 1.00000 0.00008 -0.00000 -0.00525 -0.00008 1.00000 0.00000 0.00497 0.00000 -0.00000 1.00000 -0.00000
1547639601184406 1.00000 0.00008 -0.00000 -0.00374 -0.00008 1.00000 0.00000 0.00610 0.00000 -0.00000 1.00000 -0.00000
1547639601433875 1.00000 -0.00014 0.00000 0.00407 0.00014 1.00000 -0.00000 -0.00094 -0.00000 0.00000 1.00000 -0.00000
1547639601683454 1.00000 -0.00009 0.00000 0.00389 0.00009 1.00000 -0.00000 0.00800 -0.00000 0.00000 1.00000 0.00000
1547639601932390 1.00000 -0.00009 0.00000 0.00377 0.00009 1.00000 -0.00000 0.00413 -0.00000 0.00000 1.00000 0.00000
1547639602181359 1.00000 -0.00019 0.00000 -0.00571 0.00019 1.00000 -0.00000 -0.00107 -0.00000 0.00000 1.00000 0.00000
1547639602431375 1.00000 0.00003 -0.00000 -0.00815 -0.00003 1.00000 0.00000 -0.00084 0.00000 -0.00000 1.00000 0.00000
1547639602682215 1.00000 -0.00025 0.00000 0.00345 0.00025 1.00000 -0.00000 0.00709 -0.00000 0.00000 1.00000 0.00000
1547639602932637 1.00000 -0.00006 0.00000 -0.00114 0.00006 1.00000 -0.00000 0.00191 -0.00000 0.00000 1.00000 0.00000
1547639603182782 1.00000 0.00018 -0.00000 -0.00343 -0.00018 1.00000 0.00000 -0.00353 0.00000 -0.00000 1.00000 0.00000
1547639603432873 1.00000 0.00010 -0.00000 -0.00660 -0.00010 1.00000 0.00000 0.00406 0.00000 -0.00000 1.00000 -0.00000
1547639603682888 1.00000 -0.00004 0.00000 -0.00309 0.00004 1.00000 -0.00000 0.00089 -0.00000 0.00000 1.00000 0.00000
1547639603933346 1.00000 -0.00000 0.00000 -0.00398 0.00000 1.00000 -0.00000 -0.00022 -0.00000 0.00000 1.00000 0.00000
1547639604185152 1.00000 0.00021 -0.00000 0.00205 -0.00021 1.00000 0.00000 -0.00345 0.00000 -0.00000 1.00000 0.00000
1547639604437546 1.00000 0.00029 -0.00000 -0.00159 -0.00029 1.00000 0.00000 0.00112 0.00000 -0.00000 1.00000 -0.00000
1547639604689575 1.00000 -0.00001 0.00000 -0.00585 0.00001 1.00000 -0.00000 -0.00578 -0.00000 0.00000 1.00000 0.00000
1547639604940692 1.00000 -0.00038 0.00000 0.00463 0.00038 1.00000 -0.00000 -0.01175 -0.00000 0.00000 1.00000 -0.00000
1547639605190545 1.00000 -0.00012 0.00000 -0.00704 0.00012 1.00000 -0.00000 0.00050 -0.00000 0.00000 1.00000 0.00000
1547639605439760 1.00000 -0.00004 0.00000 -0.00464 0.00004 1.00000 -0.00000 -0.00440 -0.00000 0.00000 1.00000 0.00000
1547639605689239 1.00000 0.00006 -0.00000 -0.00493 -0.00006 1.00000 0.00000 -0.00639 0.00000 -0.00000 1.00000 0.00000
1547639605938400 1.00000 0.00017 -0.00000 -0.00738 -0.00017 1.00000 0.00000 -0.00143 0.00000 -0.00000 1.00000 0.00000
1547639606186908 1.00000 0.00019 -0.00000 -0.01398 -0.00019 1.00000 0.00000 -0.00419 0.00000 -0.00000 1.00000 0.00000
1547639606435003 1.00000 0.00025 -0.00000 -0.00492 -0.00025 1.00000 0.00000 -0.00916 0.00000 -0.00000 1.00000 0.00000
1547639606683085 1.00000 0.00012 -0.00000 -0.00928 -0.00012 1.00000 0.00000 -0.00360 0.00000 -0.00000 1.00000 0.00000
1547639606930820 1.00000 0.00027 -0.00000 -0.01436 -0.00027 1.00000 0.00000 -0.00424 0.00000 -0.00000 1.00000 0.00000
1547639607178589 1.00000 0.00040 -0.00000 -0.01026 -0.00040 1.00000 0.00000 -0.00628 0.00000 -0.00000 1.00000 0.00000
1547639607427735 1.00000 0.00042 -0.00000 -0.00129 -0.00042 1.00000 0.00000 -0.00506 0.00000 -0.00000 1.00000 0.00000
1547639607679301 1.00000 0.00038 -0.00000 -0.00531 -0.00038 1.00000 0.00000 -0.00582 0.00000 -0.00000 1.00000 0.00000
1547639607931619 1.00000 0.00020 -0.00000 -0.01075 -0.00020 1.00000 0.00000 -0.00745 0.00000 -0.00000 1.00000 0.00000
1547639608183008 1.00000 0.00009 -0.00000 -0.00428 -0.00009 1.00000 0.00000 -0.00199 0.00000 -0.00000 1.00000 0.00000
1547639608434350 1.00000 0.00038 -0.00000 -0.01255 -0.00038 1.00000 0.00000 -0.00695 0.00000 -0.00000 1.00000 0.00000
1547639608685976 1.00000 0.00017 -0.00000 -0.00505 -0.00017 1.00000 0.00000 -0.00646 0.00000 -0.00000 1.00000 0.00000
1547639608938843 1.00000 0.00006 -0.00000 -0.00537 -0.00006 1.00000 0.00000 -0.00406 0.00000 -0.00000 1.00000 0.00000
1547639609192380 1.00000 0.00031 -0.00000 -0.00788 -0.00031 1.00000 0.00000 -0.00749 0.00000 -0.00000 1.00000 0.00000
1547639609444885 1.00000 0.00010 -0.00000 -0.00513 -0.00010 1.00000 0.00000 0.00537 0.00000 -0.00000 1.00000 -0.00000
1547639609694999 1.00000 0.00002 -0.00000 -0.00774 -0.00002 1.00000 0.00000 -0.00452 0.00000 -0.00000 1.00000 0.00000
1547639609943527 1.00000 0.00016 -0.00000 -0.01132 -0.00016 1.00000 0.00000 -0.00205 0.00000 -0.00000 1.00000 0.00000
1547639610191369 1.00000 -0.00012 0.00000 -0.00797 0.00012 1.00000 -0.00000 -0.00090 -0.00000 0.00000 1.00000 0.00000
1547639610439079 1.00000 -0.00004 0.00000 -0.00991 0.00004 1.00000 -0.00000 0.00050 -0.00000 0.00000 1.00000 0.00000
1547639610686337 1.00000 -0.00003 0.00000 -0.01303 0.00003 1.00000 -0.00000 -0.00112 -0.00000 0.00000 1.00000 0.00000
1547639610934381 1.00000 -0.00011 0.00000 -0.00946 0.00011 1.00000 -0.00000 -0.00553 -0.00000 0.00000 1.00000 0.00000
1547639611183938 1.00000 0.00005 -0.00000 -0.00693 -0.00005 1.00000 0.00000 -0.00581 0.00000 -0.00000 1.00000 0.00000
1547639611434380 1.00000 -0.00001 0.00000 -0.01226 0.00001 1.00000 -0.00000 0.00237 -0.00000 0.00000 1.00000 0.00000
1547639611684676 1.00000 0.00009 -0.00000 -0.00431 -0.00009 1.00000 0.00000 -0.00061 0.00000 -0.00000 1.00000 0.00000
1547639611934685 1.00000 0.00001 -0.00000 -0.01440 -0.00001 1.00000 0.00000 -0.00116 0.00000 -0.00000 1.00000 0.00000
1547639612185269 1.00000 -0.00022 0.00000 -0.01165 0.00022 1.00000 -0.00000 0.00186 -0.00000 0.00000 1.00000 0.00000
1547639612437212 1.00000 -0.00021 0.00000 -0.00568 0.00021 1.00000 -0.00000 0.00620 -0.00000 0.00000 1.00000 0.00000
1547639612689331 1.00000 -0.00033 0.00000 -0.01050 0.00033 1.00000 -0.00000 -0.00485 -0.00000 0.00000 1.00000 0.00000
1547639612940653 1.00000 -0.00041 0.00000 -0.00059 0.00041 1.00000 -0.00000 -0.00104 -0.00000 0.00000 1.00000 0.00000
1547639613192137 1.00000 -0.00015 0.00000 -0.00747 0.00015 1.00000 -0.00000 0.00326 -0.00000 0.00000 1.00000 0.00000
1547639613443892 1.00000 -0.00000 0.00000 -0.00178 0.00000 1.00000 -0.00000 -0.00115 -0.00000 0.00000 1.00000 0.00000
1547639613696374 1.00000 -0.00005 0.00000 -0.00369 0.00005 1.00000 -0.00000 0.00367 -0.00000 0.00000 1.00000 0.00000
1547639613949748 1.00000 -0.00002 0.00000 -0.00651 0.00002 1.00000 -0.00000 0.00348 -0.00000 0.00000 1.00000 0.00000
1547639614202235 1.00000 -0.00014 0.00000 -0.00625 0.00014 1.00000 -0.00000 0.00242 -0.00000 0.00000 1.00000 0.00000
1547639614452368 1.00000 -0.00005 0.00000 -0.00696 0.00005 1.00000 -0.00000 -0.00826 -0.00000 0.00000 1.00000 0.00000
1547639614700776 1.00000 0.00020 -0.00000 -0.00326 -0.00020 1.00000 0.00000 -0.00056 0.00000 -0.00000 1.00000 0.00000
1547639614948745 1.00000 0.00020 -0.00000 -0.00471 -0.00020 1.00000 0.00000 0.00151 0.00000 -0.00000 1.00000 -0.00000
1547639615196471 1.00000 -0.00025 0.00000 -0.02211 0.00025 1.00000 -0.00000 0.01175 -0.00000 0.00000 1.00000 0.00000
1547639615444216 1.00000 0.00040 -0.00000 -0.05964 -0.00040 1.00000 0.00000 0.00312 0.00000 -0.00000 1.00000 -0.00000
1547639615692476 1.00000 0.00170 -0.00000 -0.11950 -0.00170 1.00000 0.00000 0.01059 0.00000 -0.00000 1.00000 -0.00000
1547639615941921 1.00000 0.00228 -0.00000 -0.20258 -0.00228 1.00000 0.00000 -0.01569 0.00000 -0.00000 1.00000 0.00000
1547639616192692 0.99999 0.00547 -0.00000 -0.32989 -0.00547 0.99999 0.00000 -0.07974 0.00000 -0.00000 1.00000 0.00000
1547639616443398 0.99990 0.01413 -0.00000 -0.54528 -0.01413 0.99990 0.00000 -0.04607 0.00000 -0.00000 1.00000 0.00000
1547639616693589 0.99975 0.02236 -0.00000 -0.78984 -0.02236 0.99975 0.00000 -0.00249 0.00000 -0.00000 1.00000 0.00000
1547639616943821 0.99928 0.03793 -0.00000 -1.18107 -0.03793 0.99928 0.00000 -0.02731 0.00000 -0.00000 1.00000 0.00000
1547639617194241 0.99856 0.05357 -0.00000 -1.70140 -0.05357 0.99856 0.00000 0.02344 0.00000 -0.00000 1.00000 0.00000
1547639617445969 0.99714 0.07563 -0.00000 -2.28069 -0.07563 0.99714 0.00000 0.01021 0.00000 -0.00000 1.00000 0.00000
1547639617697686 0.99505 0.09936 -0.00000 -3.00811 -0.09936 0.99505 0.00000 0.06526 0.00000 -0.00000 1.00000 0.00000
1547639617948474 0.99343 0.11447 -0.00000 -3.87323 -0.11447 0.99343 0.00000 0.15420 0.00000 -0.00000 1.00000 0.00000
1547639618199357 0.99288 0.11912 -0.00000 -4.83486 -0.11912 0.99288 0.00000 0.19193 0.00000 -0.00000 1.00000 0.00000
1547639618450186 0.99344 0.11433 -0.00000 -5.91189 -0.11433 0.99344 0.00000 0.19390 0.00000 -0.00000 1.00000 0.00000
1547639618701354 0.99343 0.11442 -0.00000 -7.15660 -0.11442 0.99343 0.00000 0.11142 0.00000 -0.00000 1.00000 0.00000
1547639618952615 0.99323 0.11617 -0.00000 -8.48843 -0.11617 0.99323 0.00000 0.22906 0.00000 -0.00000 1.00000 0.00000
1547639619204063 0.99385 0.11071 -0.00000 -10.01546 -0.11071 0.99385 0.00000 0.09396 0.00000 -0.00000 1.00000 0.00000
1547639619456861 0.99463 0.10350 -0.00000 -11.58878 -0.10350 0.99463 0.00000 0.02357 0.00000 -0.00000 1.00000 0.00000
1547639619709996 0.99477 0.10215 -0.00000 -13.27149 -0.10215 0.99477 0.00000 0.03852 0.00000 -0.00000 1.00000 0.00000
1547639619961839 0.99504 0.09952 -0.00000 -15.02827 -0.09952 0.99504 0.00000 0.04996 0.00000 -0.00000 1.00000 0.00000
1547639620211774 0.99536 0.09619 -0.00000 -16.90232 -0.09619 0.99536 0.00000 0.00174 0.00000 -0.00000 1.00000 0.00000
1547639620460216 0.99547 0.09509 -0.00000 -18.83380 -0.09509 0.99547 0.00000 0.01170 0.00000 -0.00000 1.00000 0.00000
1547639620708077 0.99607 0.08854 -0.00000 -20.76711 -0.08854 0.99607 0.00000 -0.08107 0.00000 -0.00000 1.00000 0.00000
1547639620955224 0.99629 0.08610 -0.00000 -22.72635 -0.08610 0.99629 0.00000 -0.07296 0.00000 -0.00000 1.00000 0.00000
1547639621202347 0.99669 0.08131 -0.00000 -24.71597 -0.08131 0.99669 0.00000 -0.14222 0.00000 -0.00000 1.00000 0.00000
1547639621450882 0.99696 0.07789 -0.00000 -26.72181 -0.07789 0.99696 0.00000 -0.19076 0.00000 -0.00000 1.00000 0.00000
1547639621700305 0.99723 0.07444 -0.00000 -28.80655 -0.07444 0.99723 0.00000 -0.23941 0.00000 -0.00000 1.00000 0.00000
1547639621950237 0.99759 0.06936 -0.00000 -30.93440 -0.06936 0.99759 0.00000 -0.38823 0.00000 -0.00000 1.00000 0.00000
1547639622200634 0.99781 0.06610 -0.00000 -33.06564 -0.06610 0.99781 0.00000 -0.41556 0.00000 -0.00000 1.00000 0.00000
1547639622451231 0.99808 0.06198 -0.00000 -35.27428 -0.06198 0.99808 0.00000 -0.53932 0.00000 -0.00000 1.00000 0.00000
1547639622702532 0.99814 0.06101 -0.00000 -37.46799 -0.06101 0.99814 0.00000 -0.50629 0.00000 -0.00000 1.00000 0.00000
1547639622954252 0.99828 0.05859 -0.00000 -39.66234 -0.05859 0.99828 0.00000 -0.58442 0.00000 -0.00000 1.00000 0.00000
1547639623205735 0.99842 0.05619 -0.00000 -41.94845 -0.05619 0.99842 0.00000 -0.63621 0.00000 -0.00000 1.00000 0.00000
1547639623457545 0.99846 0.05542 -0.00000 -44.24211 -0.05542 0.99846 0.00000 -0.65391 0.00000 -0.00000 1.00000 0.00000
1547639623708672 0.99849 0.05485 -0.00000 -46.49463 -0.05485 0.99849 0.00000 -0.64530 0.00000 -0.00000 1.00000 0.00000
1547639623959956 0.99846 0.05548 -0.00000 -48.74470 -0.05548 0.99846 0.00000 -0.57840 0.00000 -0.00000 1.00000 0.00000
1547639624211229 0.99850 0.05483 -0.00000 -51.04521 -0.05483 0.99850 0.00000 -0.54181 0.00000 -0.00000 1.00000 0.00000
1547639624462301 0.99848 0.05519 -0.00000 -53.31164 -0.05519 0.99848 0.00000 -0.50850 0.00000 -0.00000 1.00000 0.00000
1547639624713670 0.99861 0.05261 -0.00000 -55.59119 -0.05261 0.99861 0.00000 -0.63402 0.00000 -0.00000 1.00000 0.00000
1547639624965956 0.99874 0.05009 -0.00000 -57.89818 -0.05009 0.99874 0.00000 -0.70840 0.00000 -0.00000 1.00000 0.00000
1547639625219089 0.99888 0.04729 -0.00000 -60.24364 -0.04729 0.99888 0.00000 -0.78901 0.00000 -0.00000 1.00000 0.00000
1547639625471364 0.99896 0.04552 -0.00000 -62.48500 -0.04552 0.99896 0.00000 -0.88137 0.00000 -0.00000 1.00000 0.00000
1547639625721477 0.99906 0.04340 -0.00000 -64.80540 -0.04340 0.99906 0.00000 -0.96795 0.00000 -0.00000 1.00000 0.00000
1547639625969630 0.99916 0.04109 -0.00000 -67.05715 -0.04109 0.99916 0.00000 -1.09031 0.00000 -0.00000 1.00000 0.00000
1547639626217145 0.99937 0.03552 -0.00000 -69.29919 -0.03552 0.99937 0.00000 -1.38595 0.00000 -0.00000 1.00000 0.00000
1547639626464524 0.99945 0.03312 -0.00000 -71.57690 -0.03312 0.99945 0.00000 -1.53686 0.00000 -0.00000 1.00000 0.00000
1547639626711744 0.99953 0.03079 -0.00000 -73.79486 -0.03079 0.99953 0.00000 -1.69424 0.00000 -0.00000 1.00000 0.00000
1547639626959777 0.99952 0.03087 -0.00000 -76.12452 -0.03087 0.99952 0.00000 -1.64436 0.00000 -0.00000 1.00000 0.00000
1547639627208728 0.99953 0.03062 -0.00000 -78.39315 -0.03062 0.99953 0.00000 -1.62822 0.00000 -0.00000 1.00000 0.00000
1547639627458748 0.99948 0.03229 -0.00000 -80.67527 -0.03229 0.99948 0.00000 -1.42597 0.00000 -0.00000 1.00000 0.00000
1547639627709289 0.99938 0.03522 -0.00000 -82.97293 -0.03522 0.99938 0.00000 -1.12915 0.00000 -0.00000 1.00000 0.00000
1547639627960438 0.99921 0.03962 -0.00000 -85.32617 -0.03962 0.99921 0.00000 -0.70930 0.00000 -0.00000 1.00000 0.00000
1547639628212358 0.99910 0.04248 -0.00000 -87.66110 -0.04248 0.99910 0.00000 -0.38410 0.00000 -0.00000 1.00000 0.00000
1547639628463340 0.99863 0.05235 -0.00000 -90.02119 -0.05235 0.99863 0.00000 0.44975 0.00000 -0.00000 1.00000 0.00000
1547639628714257 0.99831 0.05815 -0.00000 -92.38154 -0.05815 0.99831 0.00000 0.99146 0.00000 -0.00000 1.00000 0.00000
1547639628965991 0.99800 0.06320 -0.00000 -94.75086 -0.06320 0.99800 0.00000 1.57104 0.00000 -0.00000 1.00000 0.00000
1547639629217477 0.99780 0.06631 -0.00000 -97.13899 -0.06631 0.99780 0.00000 1.87618 0.00000 -0.00000 1.00000 0.00000
1547639629468193 0.99785 0.06550 -0.00000 -99.52418 -0.06550 0.99785 0.00000 1.84929 0.00000 -0.00000 1.00000 0.00000
1547639629719866 0.99782 0.06592 -0.00000 -101.98262 -0.06592 0.99782 0.00000 1.91658 0.00000 -0.00000 1.00000 0.00000
1547639629972717 0.99791 0.06465 -0.00000 -104.43916 -0.06465 0.99791 0.00000 1.81460 0.00000 -0.00000 1.00000 0.00000
1547639630226108 0.99775 0.06700 -0.00000 -106.91990 -0.06700 0.99775 0.00000 2.10639 0.00000 -0.00000 1.00000 0.00000
1547639630478450 0.99765 0.06850 -0.00000 -109.37453 -0.06850 0.99765 0.00000 2.28499 0.00000 -0.00000 1.00000 0.00000
1547639630728859 0.99760 0.06920 -0.00000 -111.83638 -0.06920 0.99760 0.00000 2.37271 0.00000 -0.00000 1.00000 0.00000
1547639630977691 0.99755 0.07000 -0.00000 -114.27719 -0.07000 0.99755 0.00000 2.56589 0.00000 -0.00000 1.00000 0.00000
1547639631225439 0.99747 0.07107 -0.00000 -116.75979 -0.07107 0.99747 0.00000 2.65429 0.00000 -0.00000 1.00000 0.00000
1547639631472640 0.99754 0.07015 -0.00000 -119.23634 -0.07015 0.99754 0.00000 2.65737 0.00000 -0.00000 1.00000 0.00000
1547639631719933 0.99764 0.06873 -0.00000 -121.69296 -0.06873 0.99764 0.00000 2.52566 0.00000 -0.00000 1.00000 0.00000
1547639631968168 0.99751 0.07053 -0.00000 -124.18214 -0.07053 0.99751 0.00000 2.77104 0.00000 -0.00000 1.00000 0.00000
1547639632217519 0.99753 0.07024 -0.00000 -126.68505 -0.07024 0.99753 0.00000 2.76132 0.00000 -0.00000 1.00000 0.00000
1547639632467793 0.99759 0.06933 -0.00000 -129.22306 -0.06933 0.99759 0.00000 2.66349 0.00000 -0.00000 1.00000 0.00000
1547639632718126 0.99763 0.06885 -0.00000 -131.78167 -0.06885 0.99763 0.00000 2.65237 0.00000 -0.00000 1.00000 0.00000
1547639632968594 0.99767 0.06815 -0.00000 -134.30338 -0.06815 0.99767 0.00000 2.60542 0.00000 -0.00000 1.00000 0.00000
1547639633220573 0.99758 0.06946 -0.00000 -136.84802 -0.06946 0.99758 0.00000 2.82209 0.00000 -0.00000 1.00000 0.00000
1547639633472693 0.99742 0.07173 -0.00000 -139.38663 -0.07173 0.99742 0.00000 3.18153 0.00000 -0.00000 1.00000 0.00000
1547639633723802 0.99745 0.07135 -0.00000 -141.91198 -0.07135 0.99745 0.00000 3.12420 0.00000 -0.00000 1.00000 0.00000
1547639633975161 0.99750 0.07064 -0.00000 -144.43112 -0.07064 0.99750 0.00000 3.04270 0.00000 -0.00000 1.00000 0.00000
1547639634227500 0.99740 0.07202 -0.00000 -146.98569 -0.07202 0.99740 0.00000 3.27427 0.00000 -0.00000 1.00000 0.00000
1547639634480714 0.99728 0.07365 -0.00000 -149.48650 -0.07365 0.99728 0.00000 3.52554 0.00000 -0.00000 1.00000 0.00000
1547639634734170 0.99728 0.07372 -0.00000 -152.02007 -0.07372 0.99728 0.00000 3.58085 0.00000 -0.00000 1.00000 0.00000
1547639634985708 0.99723 0.07432 -0.00000 -154.54634 -0.07432 0.99723 0.00000 3.70897 0.00000 -0.00000 1.00000 0.00000
1547639635235538 0.99724 0.07419 -0.00000 -157.01136 -0.07419 0.99724 0.00000 3.71254 0.00000 -0.00000 1.00000 0.00000
1547639635483899 0.99735 0.07268 -0.00000 -159.44095 -0.07268 0.99735 0.00000 3.57114 0.00000 -0.00000 1.00000 0.00000
1547639635731448 0.99734 0.07283 -0.00000 -161.87960 -0.07283 0.99734 0.00000 3.63455 0.00000 -0.00000 1.00000 0.00000
1547639635978856 0.99734 0.07290 -0.00000 -164.30542 -0.07290 0.99734 0.00000 3.69215 0.00000 -0.00000 1.00000 0.00000
1547639636226056 0.99740 0.07203 -0.00000 -166.76896 -0.07203 0.99740 0.00000 3.60706 0.00000 -0.00000 1.00000 0.00000
1547639636473975 0.99736 0.07259 -0.00000 -169.17008 -0.07259 0.99736 0.00000 3.75513 0.00000 -0.00000 1.00000 0.00000
1547639636722997 0.99731 0.07330 -0.00000 -171.57662 -0.07330 0.99731 0.00000 3.94176 0.00000 -0.00000 1.00000 0.00000
1547639636972979 0.99717 0.07512 -0.00000 -174.01084 -0.07512 0.99717 0.00000 4.29824 0.00000 -0.00000 1.00000 0.00000
1547639637223706 0.99696 0.07792 -0.00000 -176.39712 -0.07792 0.99696 0.00000 4.82714 0.00000 -0.00000 1.00000 0.00000
1547639637475714 0.99673 0.08077 -0.00000 -178.81293 -0.08077 0.99673 0.00000 5.40453 0.00000 -0.00000 1.00000 0.00000
1547639637727900 0.99653 0.08325 -0.00000 -181.21363 -0.08325 0.99653 0.00000 5.90506 0.00000 -0.00000 1.00000 0.00000
1547639637978770 0.99623 0.08675 -0.00000 -183.59556 -0.08675 0.99623 0.00000 6.55267 0.00000 -0.00000 1.00000 0.00000
1547639638229785 0.99619 0.08723 -0.00000 -185.97980 -0.08723 0.99619 0.00000 6.70258 0.00000 -0.00000 1.00000 0.00000
1547639638482341 0.99606 0.08871 -0.00000 -188.40810 -0.08871 0.99606 0.00000 7.02009 0.00000 -0.00000 1.00000 0.00000
1547639638735959 0.99601 0.08925 -0.00000 -190.84988 -0.08925 0.99601 0.00000 7.11571 0.00000 -0.00000 1.00000 0.00000
1547639638989485 0.99595 0.08988 -0.00000 -193.24769 -0.08988 0.99595 0.00000 7.26010 0.00000 -0.00000 1.00000 0.00000
1547639639241195 0.99606 0.08870 -0.00000 -195.62498 -0.08870 0.99606 0.00000 7.04816 0.00000 -0.00000 1.00000 0.00000
1547639639491070 0.99607 0.08857 -0.00000 -197.99514 -0.08857 0.99607 0.00000 7.08304 0.00000 -0.00000 1.00000 0.00000
1547639639739597 0.99638 0.08498 -0.00000 -200.36777 -0.08498 0.99638 0.00000 6.36382 0.00000 -0.00000 1.00000 0.00000
1547639639987641 0.99670 0.08112 -0.00000 -202.72211 -0.08112 0.99670 0.00000 5.60795 0.00000 -0.00000 1.00000 0.00000
1547639640235173 0.99712 0.07586 -0.00000 -205.09286 -0.07586 0.99712 0.00000 4.54515 0.00000 -0.00000 1.00000 0.00000
1547639640482491 0.99730 0.07339 -0.00000 -207.36783 -0.07339 0.99730 0.00000 4.09855 0.00000 -0.00000 1.00000 0.00000
1547639640730726 0.99729 0.07350 -0.00000 -209.61702 -0.07350 0.99729 0.00000 4.14855 0.00000 -0.00000 1.00000 0.00000
1547639640979640 0.99708 0.07631 -0.00000 -211.90282 -0.07631 0.99708 0.00000 4.75382 0.00000 -0.00000 1.00000 0.00000
1547639641229516 0.99649 0.08368 -0.00000 -214.13563 -0.08368 0.99649 0.00000 6.39337 0.00000 -0.00000 1.00000 0.00000
1547639641480393 0.99553 0.09441 -0.00000 -216.29330 -0.09441 0.99553 0.00000 8.74954 0.00000 -0.00000 1.00000 0.00000
1547639641731012 0.99415 0.10801 -0.00000 -218.41428 -0.10801 0.99415 0.00000 11.73232 0.00000 -0.00000 1.00000 0.00000
1547639641982841 0.99299 0.11819 -0.00000 -220.54723 -0.11819 0.99299 0.00000 14.01480 0.00000 -0.00000 1.00000 0.00000
1547639642234983 0.99145 0.13052 -0.00000 -222.61991 -0.13052 0.99145 0.00000 16.77317 0.00000 -0.00000 1.00000 0.00000
1547639642485871 0.98988 0.14190 -0.00000 -224.67262 -0.14190 0.98988 0.00000 19.35567 0.00000 -0.00000 1.00000 0.00000
1547639642736886 0.98872 0.14979 -0.00000 -226.77003 -0.14979 0.98872 0.00000 21.15327 0.00000 -0.00000 1.00000 0.00000
1547639642988184 0.98780 0.15574 -0.00000 -228.96889 -0.15574 0.98780 0.00000 22.58116 0.00000 -0.00000 1.00000 0.00000
1547639643239418 0.98740 0.15825 -0.00000 -231.20850 -0.15825 0.98740 0.00000 23.14222 0.00000 -0.00000 1.00000 0.00000
1547639643490521 0.98659 0.16320 -0.00000 -233.36727 -0.16320 0.98659 0.00000 24.33160 0.00000 -0.00000 1.00000 0.00000
1547639643742007 0.98556 0.16932 -0.00000 -235.53286 -0.16932 0.98556 0.00000 25.86633 0.00000 -0.00000 1.00000 0.00000
1547639643994860 0.98510 0.17199 -0.00000 -237.84547 -0.17199 0.98510 0.00000 26.52247 0.00000 -0.00000 1.00000 0.00000
1547639644248291 0.98482 0.17356 -0.00000 -240.16078 -0.17356 0.98482 0.00000 26.91611 0.00000 -0.00000 1.00000 0.00000
1547639644500092 0.98430 0.17651 -0.00000 -242.40264 -0.17651 0.98430 0.00000 27.70847 0.00000 -0.00000 1.00000 0.00000
1547639644750009 0.98380 0.17925 -0.00000 -244.64008 -0.17925 0.98380 0.00000 28.41416 0.00000 -0.00000 1.00000 0.00000
1547639644998706 0.98379 0.17933 -0.00000 -246.94381 -0.17933 0.98379 0.00000 28.50372 0.00000 -0.00000 1.00000 0.00000
1547639645246694 0.98334 0.18176 -0.00000 -249.21317 -0.18176 0.98334 0.00000 29.07747 0.00000 -0.00000 1.00000 0.00000
1547639645494427 0.98286 0.18436 -0.00000 -251.48092 -0.18436 0.98286 0.00000 29.79739 0.00000 -0.00000 1.00000 0.00000
1547639645741090 0.98275 0.18493 -0.00000 -253.76083 -0.18493 0.98275 0.00000 29.99552 0.00000 -0.00000 1.00000 0.00000
1547639645988532 0.98249 0.18633 -0.00000 -256.03220 -0.18633 0.98249 0.00000 30.39072 0.00000 -0.00000 1.00000 0.00000
1547639646237766 0.98201 0.18885 -0.00000 -258.30183 -0.18885 0.98201 0.00000 31.01459 0.00000 -0.00000 1.00000 0.00000
1547639646488240 0.98089 0.19458 -0.00000 -260.48800 -0.19458 0.98089 0.00000 32.61410 0.00000 -0.00000 1.00000 0.00000
1547639646738854 0.97990 0.19950 -0.00000 -262.66451 -0.19950 0.97990 0.00000 33.94305 0.00000 -0.00000 1.00000 0.00000
1547639646989084 0.97882 0.20475 -0.00000 -264.82732 -0.20475 0.97882 0.00000 35.35448 0.00000 -0.00000 1.00000 0.00000
1547639647240466 0.97785 0.20933 -0.00000 -267.11107 -0.20933 0.97785 0.00000 36.63458 0.00000 -0.00000 1.00000 0.00000
1547639647492357 0.97715 0.21257 -0.00000 -269.40229 -0.21257 0.97715 0.00000 37.54724 0.00000 -0.00000 1.00000 0.00000
1547639647743406 0.97643 0.21582 -0.00000 -271.55689 -0.21582 0.97643 0.00000 38.47475 0.00000 -0.00000 1.00000 0.00000
1547639647994329 0.97576 0.21884 -0.00000 -273.81973 -0.21884 0.97576 0.00000 39.33762 0.00000 -0.00000 1.00000 0.00000
1547639648245759 0.97492 0.22257 -0.00000 -276.02838 -0.22257 0.97492 0.00000 40.43626 0.00000 -0.00000 1.00000 0.00000
1547639648497055 0.97419 0.22575 -0.00000 -278.25303 -0.22575 0.97419 0.00000 41.37860 0.00000 -0.00000 1.00000 0.00000
1547639648748099 0.97516 0.22150 -0.00000 -280.79699 -0.22150 0.97516 0.00000 40.25472 0.00000 -0.00000 1.00000 0.00000
1547639649000502 0.97739 0.21147 -0.00000 -283.55466 -0.21147 0.97739 0.00000 37.38849 0.00000 -0.00000 1.00000 0.00000
1547639649254215 0.98005 0.19875 -0.00000 -286.41570 -0.19875 0.98005 0.00000 33.73337 0.00000 -0.00000 1.00000 0.00000
1547639649506833 0.98146 0.19168 -0.00000 -289.04033 -0.19168 0.98146 0.00000 31.74622 0.00000 -0.00000 1.00000 0.00000
1547639649757503 0.98317 0.18272 -0.00000 -291.70117 -0.18272 0.98317 0.00000 29.14892 0.00000 -0.00000 1.00000 0.00000
1547639650006385 0.98463 0.17465 -0.00000 -294.33772 -0.17465 0.98463 0.00000 26.80592 0.00000 -0.00000 1.00000 0.00000
1547639650253581 0.98578 0.16804 -0.00000 -296.88397 -0.16804 0.98578 0.00000 24.90906 0.00000 -0.00000 1.00000 0.00000
1547639650499970 0.98700 0.16074 -0.00000 -299.42651 -0.16074 0.98700 0.00000 22.75052 0.00000 -0.00000 1.00000 0.00000
1547639650746179 0.98803 0.15427 -0.00000 -301.98374 -0.15427 0.98803 0.00000 20.84014 0.00000 -0.00000 1.00000 0.00000
1547639650992603 0.98910 0.14723 -0.00000 -304.49391 -0.14723 0.98910 0.00000 18.74559 0.00000 -0.00000 1.00000 0.00000
1547639651240276 0.98952 0.14443 -0.00000 -306.96423 -0.14443 0.98952 0.00000 17.93811 0.00000 -0.00000 1.00000 0.00000
1547639651489424 0.98942 0.14505 -0.00000 -309.37486 -0.14505 0.98942 0.00000 18.14320 0.00000 -0.00000 1.00000 0.00000
1547639651739696 0.98943 0.14504 -0.00000 -311.86658 -0.14504 0.98943 0.00000 18.19948 0.00000 -0.00000 1.00000 0.00000
1547639651992011 0.98989 0.14185 -0.00000 -314.40373 -0.14185 0.98989 0.00000 17.25282 0.00000 -0.00000 1.00000 0.00000
1547639652245865 0.99056 0.13711 -0.00000 -316.97284 -0.13711 0.99056 0.00000 15.84363 0.00000 -0.00000 1.00000 0.00000
1547639652498508 0.99103 0.13367 -0.00000 -319.53397 -0.13367 0.99103 0.00000 14.73455 0.00000 -0.00000 1.00000 0.00000
1547639652750190 0.99173 0.12833 -0.00000 -322.08885 -0.12833 0.99173 0.00000 12.99902 0.00000 -0.00000 1.00000 0.00000
1547639653000575 0.99229 0.12392 -0.00000 -324.61386 -0.12392 0.99229 0.00000 11.63387 0.00000 -0.00000 1.00000 0.00000
1547639653249001 0.99314 0.11695 -0.00000 -327.11479 -0.11695 0.99314 0.00000 9.39822 0.00000 -0.00000 1.00000 0.00000
1547639653497723 0.99380 0.11118 -0.00000 -329.57543 -0.11118 0.99380 0.00000 7.53160 0.00000 -0.00000 1.00000 0.00000
1547639653748276 0.99458 0.10396 -0.00000 -332.08101 -0.10396 0.99458 0.00000 5.13351 0.00000 -0.00000 1.00000 0.00000
1547639653998982 0.99526 0.09726 -0.00000 -334.51976 -0.09726 0.99526 0.00000 2.91675 0.00000 -0.00000 1.00000 0.00000
1547639654248925 0.99570 0.09268 -0.00000 -336.96886 -0.09268 0.99570 0.00000 1.42657 0.00000 -0.00000 1.00000 0.00000
1547639654498668 0.99653 0.08325 -0.00000 -339.36394 -0.08325 0.99653 0.00000 -1.61225 0.00000 -0.00000 1.00000 0.00000
1547639654748194 0.99705 0.07675 -0.00000 -341.74526 -0.07675 0.99705 0.00000 -3.83049 0.00000 -0.00000 1.00000 0.00000
1547639654997345 0.99745 0.07136 -0.00000 -344.14464 -0.07136 0.99745 0.00000 -5.66333 0.00000 -0.00000 1.00000 0.00000
1547639655246490 0.99795 0.06394 -0.00000 -346.51916 -0.06394 0.99795 0.00000 -8.16185 0.00000 -0.00000 1.00000 0.00000
1547639655495143 0.99838 0.05693 -0.00000 -348.83242 -0.05693 0.99838 0.00000 -10.54326 0.00000 -0.00000 1.00000 0.00000
1547639655743688 0.99873 0.05045 -0.00000 -351.16062 -0.05045 0.99873 0.00000 -12.72292 0.00000 -0.00000 1.00000 0.00000
1547639655991414 0.99896 0.04563 -0.00000 -353.48632 -0.04563 0.99896 0.00000 -14.40782 0.00000 -0.00000 1.00000 0.00000
1547639656238784 0.99915 0.04123 -0.00000 -355.79894 -0.04123 0.99915 0.00000 -15.90777 0.00000 -0.00000 1.00000 0.00000
1547639656486653 0.99947 0.03260 -0.00000 -358.01958 -0.03260 0.99947 0.00000 -18.92537 0.00000 -0.00000 1.00000 0.00000
1547639656736424 0.99964 0.02666 -0.00000 -360.34332 -0.02666 0.99964 0.00000 -20.98530 0.00000 -0.00000 1.00000 0.00000
1547639656988064 0.99973 0.02320 -0.00000 -362.70380 -0.02320 0.99973 0.00000 -22.24269 0.00000 -0.00000 1.00000 0.00000
1547639657239662 0.99979 0.02044 -0.00000 -365.06309 -0.02044 0.99979 0.00000 -23.23260 0.00000 -0.00000 1.00000 0.00000
1547639657490452 0.99983 0.01837 -0.00000 -367.45605 -0.01837 0.99983 0.00000 -23.89727 0.00000 -0.00000 1.00000 0.00000
1547639657741947 0.99987 0.01595 -0.00000 -369.83387 -0.01595 0.99987 0.00000 -24.74311 0.00000 -0.00000 1.00000 0.00000
1547639657995296 0.99989 0.01450 -0.00000 -372.25744 -0.01450 0.99989 0.00000 -25.24494 0.00000 -0.00000 1.00000 0.00000
1547639658248867 0.99989 0.01453 -0.00000 -374.70544 -0.01453 0.99989 0.00000 -25.24598 0.00000 -0.00000 1.00000 0.00000
1547639658500715 0.99989 0.01468 -0.00000 -377.16200 -0.01468 0.99989 0.00000 -25.20188 0.00000 -0.00000 1.00000 0.00000
1547639658750351 0.99989 0.01486 -0.00000 -379.63029 -0.01486 0.99989 0.00000 -25.02018 0.00000 -0.00000 1.00000 0.00000
1547639658998322 0.99987 0.01620 -0.00000 -382.07835 -0.01620 0.99987 0.00000 -24.52841 0.00000 -0.00000 1.00000 0.00000
1547639659245496 0.99982 0.01909 -0.00000 -384.59966 -0.01909 0.99982 0.00000 -23.35423 0.00000 -0.00000 1.00000 0.00000
1547639659492669 0.99978 0.02111 -0.00000 -387.08185 -0.02111 0.99978 0.00000 -22.52931 0.00000 -0.00000 1.00000 0.00000
1547639659739845 0.99970 0.02461 -0.00000 -389.56392 -0.02461 0.99970 0.00000 -21.14059 0.00000 -0.00000 1.00000 0.00000
1547639659987746 0.99952 0.03105 -0.00000 -392.13467 -0.03105 0.99952 0.00000 -18.57001 0.00000 -0.00000 1.00000 0.00000
1547639660237205 0.99939 0.03500 -0.00000 -394.67434 -0.03500 0.99939 0.00000 -16.99743 0.00000 -0.00000 1.00000 0.00000
1547639660487495 0.99910 0.04239 -0.00000 -397.25866 -0.04239 0.99910 0.00000 -14.01612 0.00000 -0.00000 1.00000 0.00000
1547639660738066 0.99891 0.04675 -0.00000 -399.80357 -0.04675 0.99891 0.00000 -12.27290 0.00000 -0.00000 1.00000 0.00000
1547639660988401 0.99852 0.05436 -0.00000 -402.42409 -0.05436 0.99852 0.00000 -9.15794 0.00000 -0.00000 1.00000 0.00000
1547639661239403 0.99823 0.05949 -0.00000 -404.92841 -0.05949 0.99823 0.00000 -7.08800 0.00000 -0.00000 1.00000 0.00000
1547639661491451 0.99781 0.06621 -0.00000 -407.49287 -0.06621 0.99781 0.00000 -4.33206 0.00000 -0.00000 1.00000 0.00000
1547639661743058 0.99739 0.07224 -0.00000 -410.05620 -0.07224 0.99739 0.00000 -1.81819 0.00000 -0.00000 1.00000 0.00000
1547639661994255 0.99684 0.07945 -0.00000 -412.55821 -0.07945 0.99684 0.00000 1.18420 0.00000 -0.00000 1.00000 0.00000
1547639662245520 0.99630 0.08589 -0.00000 -415.04827 -0.08589 0.99630 0.00000 3.85907 0.00000 -0.00000 1.00000 0.00000
1547639662497021 0.99598 0.08954 -0.00000 -417.56744 -0.08954 0.99598 0.00000 5.43355 0.00000 -0.00000 1.00000 0.00000
1547639662748745 0.99579 0.09165 -0.00000 -420.12934 -0.09165 0.99579 0.00000 6.34525 0.00000 -0.00000 1.00000 0.00000
1547639663000368 0.99558 0.09391 -0.00000 -422.65224 -0.09391 0.99558 0.00000 7.31156 0.00000 -0.00000 1.00000 0.00000
1547639663252595 0.99546 0.09516 -0.00000 -425.15213 -0.09516 0.99546 0.00000 7.90719 0.00000 -0.00000 1.00000 0.00000
1547639663505867 0.99539 0.09589 -0.00000 -427.73478 -0.09589 0.99539 0.00000 8.20937 0.00000 -0.00000 1.00000 0.00000
1547639663758366 0.99544 0.09544 -0.00000 -430.22642 -0.09544 0.99544 0.00000 8.09847 0.00000 -0.00000 1.00000 0.00000
1547639664008671 0.99531 0.09671 -0.00000 -432.65599 -0.09671 0.99531 0.00000 8.74042 0.00000 -0.00000 1.00000 0.00000
1547639664257628 0.99529 0.09692 -0.00000 -435.03382 -0.09692 0.99529 0.00000 8.85214 0.00000 -0.00000 1.00000 0.00000
1547639664505342 0.99535 0.09632 -0.00000 -437.36161 -0.09632 0.99535 0.00000 8.62475 0.00000 -0.00000 1.00000 0.00000
1547639664752877 0.99538 0.09603 -0.00000 -439.65178 -0.09603 0.99538 0.00000 8.54456 0.00000 -0.00000 1.00000 0.00000
1547639665000296 0.99536 0.09626 -0.00000 -441.86632 -0.09626 0.99536 0.00000 8.70293 0.00000 -0.00000 1.00000 0.00000
1547639665248130 0.99543 0.09548 -0.00000 -444.00469 -0.09548 0.99543 0.00000 8.41344 0.00000 -0.00000 1.00000 0.00000
1547639665497400 0.99572 0.09241 -0.00000 -446.06049 -0.09241 0.99572 0.00000 7.00594 0.00000 -0.00000 1.00000 0.00000
1547639665748186 0.99606 0.08872 -0.00000 -448.05238 -0.08872 0.99606 0.00000 5.41746 0.00000 -0.00000 1.00000 0.00000
1547639665999283 0.99647 0.08399 -0.00000 -449.94899 -0.08399 0.99647 0.00000 3.32865 0.00000 -0.00000 1.00000 0.00000
1547639666249586 0.99716 0.07525 -0.00000 -451.75287 -0.07525 0.99716 0.00000 -0.62909 0.00000 -0.00000 1.00000 0.00000
1547639666499663 0.99786 0.06541 -0.00000 -453.39063 -0.06541 0.99786 0.00000 -5.02479 0.00000 -0.00000 1.00000 0.00000
1547639666750442 0.99885 0.04798 -0.00000 -454.82584 -0.04798 0.99885 0.00000 -12.92320 0.00000 -0.00000 1.00000 0.00000
1547639667002782 0.99981 0.01962 -0.00000 -455.83406 -0.01962 0.99981 0.00000 -25.79033 0.00000 -0.00000 1.00000 0.00000
1547639667255239 0.99977 -0.02121 0.00000 -455.86866 0.02121 0.99977 -0.00000 -44.34136 -0.00000 0.00000 1.00000 0.00000
1547639667506722 0.99738 -0.07235 0.00000 -454.37235 0.07235 0.99738 -0.00000 -67.56899 -0.00000 0.00000 1.00000 0.00000
1547639667758651 0.99213 -0.12521 0.00000 -451.43568 0.12521 0.99213 -0.00000 -91.51953 -0.00000 0.00000 1.00000 0.00000
1547639668011286 0.98262 -0.18565 0.00000 -446.21056 0.18565 0.98262 -0.00000 -118.95205 -0.00000 0.00000 1.00000 0.00000
1547639668263175 0.96662 -0.25621 0.00000 -437.64173 0.25621 0.96662 -0.00000 -150.86750 -0.00000 0.00000 1.00000 0.00000
1547639668512907 0.94144 -0.33718 0.00000 -424.39950 0.33718 0.94144 -0.00000 -187.37090 -0.00000 0.00000 1.00000 0.00000
1547639668760917 0.90495 -0.42551 0.00000 -405.67652 0.42551 0.90495 -0.00000 -226.90394 -0.00000 0.00000 1.00000 0.00000
1547639669008398 0.85735 -0.51474 0.00000 -381.79171 0.51474 0.85735 -0.00000 -266.65721 -0.00000 0.00000 1.00000 0.00000
1547639669255588 0.79590 -0.60542 0.00000 -351.32664 0.60542 0.79590 -0.00000 -306.74036 -0.00000 0.00000 1.00000 0.00000
1547639669502007 0.71740 -0.69666 0.00000 -312.92960 0.69666 0.71740 -0.00000 -346.64717 -0.00000 0.00000 1.00000 0.00000
1547639669748872 0.62443 -0.78108 0.00000 -267.97354 0.78108 0.62443 -0.00000 -383.07454 -0.00000 0.00000 1.00000 0.00000
1547639669997247 0.51729 -0.85581 0.00000 -216.76173 0.85581 0.51729 -0.00000 -414.61924 -0.00000 0.00000 1.00000 0.00000
1547639670245992 0.39945 -0.91675 0.00000 -160.86667 0.91675 0.39945 -0.00000 -439.55806 -0.00000 0.00000 1.00000 0.00000
1547639670495951 0.27004 -0.96285 0.00000 -100.05009 0.96285 0.27004 -0.00000 -457.34217 -0.00000 0.00000 1.00000 0.00000
1547639670748986 0.12735 -0.99186 0.00000 -33.52712 0.99186 0.12735 -0.00000 -466.94849 -0.00000 0.00000 1.00000 0.00000
1547639671003499 -0.01872 -0.99982 0.00000 33.97643 0.99982 -0.01872 0.00000 -466.73818 0.00000 0.00000 1.00000 -0.00000
1547639671256850 -0.16705 -0.98595 0.00000 101.90810 0.98595 -0.16705 0.00000 -456.42058 0.00000 0.00000 1.00000 -0.00000
1547639671509242 -0.31063 -0.95053 0.00000 167.00128 0.95053 -0.31063 0.00000 -436.33803 0.00000 0.00000 1.00000 -0.00000
1547639671760905 -0.44495 -0.89556 0.00000 227.30773 0.89556 -0.44495 0.00000 -407.46268 0.00000 0.00000 1.00000 -0.00000
1547639672010519 -0.55700 -0.83051 0.00000 276.93228 0.83051 -0.55700 0.00000 -374.59373 0.00000 0.00000 1.00000 -0.00000
1547639672258981 -0.65938 -0.75181 0.00000 321.74338 0.75181 -0.65938 0.00000 -335.64076 0.00000 0.00000 1.00000 -0.00000
1547639672508753 -0.74560 -0.66639 0.00000 358.76783 0.66639 -0.74560 0.00000 -294.16761 0.00000 0.00000 1.00000 -0.00000
1547639672758822 -0.80441 -0.59407 0.00000 383.25407 0.59407 -0.80441 0.00000 -259.49146 0.00000 0.00000 1.00000 -0.00000
1547639673008147 -0.84088 -0.54122 0.00000 397.67567 0.54122 -0.84088 0.00000 -234.31646 0.00000 0.00000 1.00000 -0.00000
1547639673257131 -0.85999 -0.51032 0.00000 404.47402 0.51032 -0.85999 0.00000 -219.63659 0.00000 0.00000 1.00000 -0.00000
1547639673505698 -0.86618 -0.49974 0.00000 405.60574 0.49974 -0.86618 0.00000 -214.54169 0.00000 0.00000 1.00000 -0.00000
1547639673753521 -0.86865 -0.49542 0.00000 405.11348 0.49542 -0.86865 0.00000 -212.46848 0.00000 0.00000 1.00000 -0.00000
1547639674001326 -0.86888 -0.49502 0.00000 403.53449 0.49502 -0.86888 0.00000 -212.26646 0.00000 0.00000 1.00000 -0.00000
1547639674248846 -0.86990 -0.49323 0.00000 402.21494 0.49323 -0.86990 0.00000 -211.37390 0.00000 0.00000 1.00000 -0.00000
1547639674496495 -0.87024 -0.49263 0.00000 400.54596 0.49263 -0.87024 0.00000 -211.04357 0.00000 0.00000 1.00000 -0.00000
1547639674745398 -0.87048 -0.49220 0.00000 398.75728 0.49220 -0.87048 0.00000 -210.77734 0.00000 0.00000 1.00000 -0.00000
1547639674995099 -0.87152 -0.49035 0.00000 397.26796 0.49035 -0.87152 0.00000 -209.88393 0.00000 0.00000 1.00000 -0.00000
1547639675245275 -0.87211 -0.48930 0.00000 395.47836 0.48930 -0.87211 0.00000 -209.44795 0.00000 0.00000 1.00000 -0.00000
1547639675496342 -0.87234 -0.48890 0.00000 393.42694 0.48890 -0.87234 0.00000 -209.18103 0.00000 0.00000 1.00000 -0.00000
1547639675748491 -0.87350 -0.48683 0.00000 391.76372 0.48683 -0.87350 0.00000 -208.22142 0.00000 0.00000 1.00000 -0.00000
1547639676000332 -0.87355 -0.48674 0.00000 389.56002 0.48674 -0.87355 0.00000 -208.16451 0.00000 0.00000 1.00000 -0.00000
1547639676251715 -0.87449 -0.48504 0.00000 387.68876 0.48504 -0.87449 0.00000 -207.35151 0.00000 0.00000 1.00000 -0.00000
1547639676503346 -0.87532 -0.48355 0.00000 385.70481 0.48355 -0.87532 0.00000 -206.66950 0.00000 0.00000 1.00000 -0.00000
1547639676754966 -0.87672 -0.48100 0.00000 383.94579 0.48100 -0.87672 0.00000 -205.46713 0.00000 0.00000 1.00000 -0.00000
1547639677005908 -0.87779 -0.47904 0.00000 381.98766 0.47904 -0.87779 0.00000 -204.58237 0.00000 0.00000 1.00000 -0.00000
1547639677257534 -0.88078 -0.47353 0.00000 380.80432 0.47353 -0.88078 0.00000 -202.16307 0.00000 0.00000 1.00000 -0.00000
1547639677509676 -0.88187 -0.47148 0.00000 378.76691 0.47148 -0.88187 0.00000 -201.24181 0.00000 0.00000 1.00000 -0.00000
1547639677762876 -0.88477 -0.46602 0.00000 377.49740 0.46602 -0.88477 0.00000 -198.90298 0.00000 0.00000 1.00000 0.00000
1547639678016448 -0.88682 -0.46211 0.00000 375.79573 0.46211 -0.88682 0.00000 -197.19105 0.00000 0.00000 1.00000 0.00000
1547639678268160 -0.88778 -0.46027 0.00000 373.65103 0.46027 -0.88778 0.00000 -196.38021 0.00000 0.00000 1.00000 0.00000
1547639678517848 -0.88839 -0.45908 0.00000 371.35357 0.45908 -0.88839 0.00000 -195.86236 0.00000 0.00000 1.00000 0.00000
1547639678766340 -0.88887 -0.45816 0.00000 368.98100 0.45816 -0.88887 0.00000 -195.42731 0.00000 0.00000 1.00000 0.00000
1547639679014225 -0.88972 -0.45651 0.00000 366.81440 0.45651 -0.88972 0.00000 -194.72129 0.00000 0.00000 1.00000 0.00000
1547639679261522 -0.89044 -0.45510 0.00000 364.54614 0.45510 -0.89044 0.00000 -194.08564 0.00000 0.00000 1.00000 0.00000
1547639679508491 -0.89161 -0.45280 0.00000 362.50025 0.45280 -0.89161 0.00000 -193.11754 0.00000 0.00000 1.00000 0.00000
1547639679755892 -0.89180 -0.45243 0.00000 360.02966 0.45243 -0.89180 0.00000 -192.92133 0.00000 0.00000 1.00000 0.00000
1547639680004669 -0.89239 -0.45126 0.00000 357.72089 0.45126 -0.89239 0.00000 -192.44158 0.00000 0.00000 1.00000 0.00000
1547639680254755 -0.89290 -0.45026 0.00000 355.33533 0.45026 -0.89290 0.00000 -192.06001 0.00000 0.00000 1.00000 0.00000
1547639680506289 -0.89282 -0.45042 0.00000 352.68512 0.45042 -0.89282 0.00000 -192.06758 0.00000 0.00000 1.00000 0.00000
1547639680758454 -0.89291 -0.45023 0.00000 350.14802 0.45023 -0.89291 0.00000 -191.97039 0.00000 0.00000 1.00000 0.00000
1547639681009689 -0.89319 -0.44968 0.00000 347.65435 0.44968 -0.89319 0.00000 -191.71623 0.00000 0.00000 1.00000 0.00000
1547639681260561 -0.89337 -0.44932 0.00000 345.19281 0.44932 -0.89337 0.00000 -191.50221 0.00000 0.00000 1.00000 0.00000
