1. 0. 0. 0. 0. -1. -0. 0. 0. 0. -1. 0.
1. 0.002 0. -0.017 0.002 -1. -0. -0.062 0. 0. -1. 0.
1. 0.001 0. -0.012 0.001 -1. -0. -0.061 0. 0. -1. 0.
1. -0.001 -0. -0.040 -0.001 -1. -0. -0.077 0. 0. -1. 0.
1. -0.006 -0. -0.023 -0.006 -1. -0. -0.024 0. 0. -1. 0.
1. -0.000 -0. -0.045 -0.000 -1. -0. -0.065 0. 0. -1. 0.
1. 0.001 0. -0.007 0.001 -1. -0. -0.042 0. 0. -1. 0.
1. 0.001 0. -0.013 0.001 -1. -0. -0.077 0. 0. -1. 0.
1. 0. 0. 0.001 0. -1. -0. 0.004 0. 0. -1. 0.
1. 0.001 0. -0.015 0.001 -1. -0. -0.053 0. 0. -1. 0.
1. 0.001 0. -0.009 0.001 -1. -0. -0.016 0. 0. -1. 0.
1. 0.001 0. -0.010 0.001 -1. -0. -0.019 0. 0. -1. 0.
1. -0.000 -0. -0.002 -0.000 -1. -0. 0.014 0. 0. -1. 0.
1. -0.001 -0. 0.008 -0.001 -1. -0. -0.039 0. 0. -1. 0.
1. -0.003 -0. -0.018 -0.003 -1. -0. -0.024 0. 0. -1. 0.
1. -0.000 -0. -0.005 -0.000 -1. -0. -0.021 0. 0. -1. 0.
1. 0.001 0. 0.036 0.001 -1. -0. -0.045 0. 0. -1. 0.
1. -0.009 -0. 0.074 -0.009 -1. -0. -0.094 0. 0. -1. 0.
1. -0.004 -0. 0.145 -0.004 -1. -0. -0.062 0. 0. -1. 0.
1. -0.006 -0. 0.230 -0.006 -1. -0. -0.032 0. 0. -1. 0.
1. -0.011 -0. 0.325 -0.011 -1. -0. -0.054 0. 0. -1. 0.
1. -0.009 -0. 0.577 -0.009 -1. -0. -0.058 0. 0. -1. 0.
1.000 -0.023 -0. 0.831 -0.023 -1.000 -0. -0.104 0. 0. -1. 0.
1.000 -0.030 -0. 1.252 -0.030 -1.000 -0. -0.147 0. 0. -1. 0.
0.999 -0.041 -0. 1.826 -0.041 -0.999 -0. -0.123 0. 0. -1. 0.
0.999 -0.045 -0. 2.401 -0.045 -0.999 -0. -0.228 0. 0. -1. 0.
0.998 -0.060 -0. 3.091 -0.060 -0.998 -0. -0.191 0. 0. -1. 0.
0.998 -0.064 -0. 3.843 -0.064 -0.998 -0. -0.159 0. 0. -1. 0.
0.997 -0.071 -0. 4.704 -0.071 -0.997 -0. -0.279 0. 0. -1. 0.
0.997 -0.075 -0. 5.645 -0.075 -0.997 -0. -0.350 0. 0. -1. 0.
0.997 -0.081 -0. 6.631 -0.081 -0.997 -0. -0.439 0. 0. -1. 0.
0.997 -0.078 -0. 7.666 -0.078 -0.997 -0. -0.533 0. 0. -1. 0.
0.996 -0.090 -0. 8.710 -0.090 -0.996 -0. -0.639 0. 0. -1. 0.
0.996 -0.086 -0. 9.813 -0.086 -0.996 -0. -0.807 0. 0. -1. 0.
0.996 -0.093 -0. 10.973 -0.093 -0.996 -0. -0.768 0. 0. -1. 0.
0.996 -0.089 -0. 12.107 -0.089 -0.996 -0. -0.988 0. 0. -1. 0.
0.995 -0.099 -0. 13.419 -0.099 -0.995 -0. -1.202 0. 0. -1. 0.
0.996 -0.085 -0. 14.684 -0.085 -0.996 -0. -1.254 0. 0. -1. 0.
0.996 -0.085 -0. 16.024 -0.085 -0.996 -0. -1.391 0. 0. -1. 0.
0.996 -0.084 -0. 17.329 -0.084 -0.996 -0. -1.506 0. 0. -1. 0.
0.997 -0.072 -0. 18.819 -0.072 -0.997 -0. -1.711 0. 0. -1. 0.
0.998 -0.062 -0. 20.281 -0.062 -0.998 -0. -1.844 0. 0. -1. 0.
0.998 -0.058 -0. 21.752 -0.058 -0.998 -0. -2.024 0. 0. -1. 0.
0.999 -0.049 -0. 23.283 -0.049 -0.999 -0. -2.121 0. 0. -1. 0.
0.999 -0.050 -0. 24.869 -0.050 -0.999 -0. -2.129 0. 0. -1. 0.
0.999 -0.039 -0. 26.520 -0.039 -0.999 -0. -2.273 0. 0. -1. 0.
0.999 -0.034 -0. 28.123 -0.034 -0.999 -0. -2.383 0. 0. -1. 0.
1.000 -0.022 -0. 29.873 -0.022 -1.000 -0. -2.477 0. 0. -1. 0.
1. -0.010 -0. 31.484 -0.010 -1. -0. -2.427 0. 0. -1. 0.
1. -0.010 -0. 33.277 -0.010 -1. -0. -2.521 0. 0. -1. 0.
1. 0.006 0. 35.019 0.006 -1. -0. -2.580 0. 0. -1. 0.
1.000 0.015 0. 36.774 0.015 -1.000 -0. -2.436 0. 0. -1. 0.
1.000 0.026 0. 38.547 0.026 -1.000 -0. -2.533 0. 0. -1. 0.
1.000 0.030 0. 40.452 0.030 -1.000 -0. -2.457 0. 0. -1. 0.
0.999 0.034 0. 42.331 0.034 -0.999 -0. -2.326 0. 0. -1. 0.
0.999 0.041 0. 44.266 0.041 -0.999 -0. -2.392 0. 0. -1. 0.
0.999 0.038 0. 46.204 0.038 -0.999 -0. -2.271 0. 0. -1. 0.
0.999 0.045 0. 48.179 0.045 -0.999 -0. -2.220 0. 0. -1. 0.
0.999 0.042 0. 50.176 0.042 -0.999 -0. -2.205 0. 0. -1. 0.
0.999 0.046 0. 52.224 0.046 -0.999 -0. -2.123 0. 0. -1. 0.
0.999 0.051 0. 54.307 0.051 -0.999 -0. -2.074 0. 0. -1. 0.
0.998 0.055 0. 56.350 0.055 -0.998 -0. -2.042 0. 0. -1. 0.
0.999 0.054 0. 58.526 0.054 -0.999 -0. -1.937 0. 0. -1. 0.
0.998 0.062 0. 60.636 0.062 -0.998 -0. -1.885 0. 0. -1. 0.
0.998 0.065 0. 62.782 0.065 -0.998 -0. -1.782 0. 0. -1. 0.
0.998 0.056 0. 64.876 0.056 -0.998 -0. -1.599 0. 0. -1. 0.
0.998 0.062 0. 67.057 0.062 -0.998 -0. -1.616 0. 0. -1. 0.
0.998 0.056 0. 69.213 0.056 -0.998 -0. -1.379 0. 0. -1. 0.
0.999 0.049 0. 71.337 0.049 -0.999 -0. -1.260 0. 0. -1. 0.
0.999 0.050 0. 73.530 0.050 -0.999 -0. -1.169 0. 0. -1. 0.
0.999 0.049 0. 75.645 0.049 -0.999 -0. -1.143 0. 0. -1. 0.
1.000 0.030 0. 77.781 0.030 -1.000 -0. -0.980 0. 0. -1. 0.
1.000 0.018 0. 79.908 0.018 -1.000 -0. -1.049 0. 0. -1. 0.
1. -0.012 -0. 82.048 -0.012 -1. -0. -1.041 0. 0. -1. 0.
0.999 -0.054 -0. 84.082 -0.054 -0.999 -0. -1.064 0. 0. -1. 0.
0.996 -0.093 -0. 86.172 -0.093 -0.996 -0. -1.246 0. 0. -1. 0.
0.990 -0.139 -0. 88.146 -0.139 -0.990 -0. -1.688 0. 0. -1. 0.
0.981 -0.192 -0. 90.142 -0.192 -0.981 -0. -2.046 0. 0. -1. 0.
0.967 -0.253 -0. 92.077 -0.253 -0.967 -0. -2.439 0. 0. -1. 0.
0.952 -0.305 -0. 93.897 -0.305 -0.952 -0. -3.318 0. 0. -1. 0.
0.934 -0.357 -0. 95.697 -0.357 -0.934 -0. -3.908 0. 0. -1. 0.
0.909 -0.416 -0. 97.424 -0.416 -0.909 -0. -4.653 0. 0. -1. 0.
0.881 -0.473 -0. 99.130 -0.473 -0.881 -0. -5.573 0. 0. -1. 0.
0.848 -0.530 -0. 100.733 -0.530 -0.848 -0. -6.709 0. 0. -1. 0.
0.814 -0.581 -0. 102.353 -0.581 -0.814 -0. -7.702 0. 0. -1. 0.
0.775 -0.632 -0. 103.857 -0.632 -0.775 -0. -8.914 0. 0. -1. 0.
0.729 -0.684 -0. 105.152 -0.684 -0.729 -0. -10.145 0. 0. -1. 0.
0.682 -0.732 -0. 106.377 -0.732 -0.682 -0. -11.455 0. 0. -1. 0.
0.623 -0.783 -0. 107.504 -0.783 -0.623 -0. -12.869 0. 0. -1. 0.
0.573 -0.819 -0. 108.420 -0.819 -0.573 -0. -14.384 0. 0. -1. 0.
0.524 -0.852 -0. 109.217 -0.852 -0.524 -0. -15.897 0. 0. -1. 0.
0.478 -0.878 -0. 110.031 -0.878 -0.478 -0. -17.503 0. 0. -1. 0.
0.444 -0.896 -0. 111.000 -0.896 -0.444 -0. -18.912 0. 0. -1. 0.
0.413 -0.911 -0. 111.542 -0.911 -0.413 -0. -20.683 0. 0. -1. 0.
0.386 -0.923 -0. 112.287 -0.923 -0.386 -0. -22.284 0. 0. -1. 0.
0.377 -0.926 -0. 112.982 -0.926 -0.377 -0. -23.938 0. 0. -1. 0.
0.372 -0.928 -0. 113.681 -0.928 -0.372 -0. -25.687 0. 0. -1. 0.
0.378 -0.926 -0. 114.480 -0.926 -0.378 -0. -27.452 0. 0. -1. 0.
0.388 -0.922 -0. 115.178 -0.922 -0.388 -0. -29.173 0. 0. -1. 0.
0.389 -0.921 -0. 115.907 -0.921 -0.389 -0. -30.976 0. 0. -1. 0.
0.402 -0.916 -0. 116.425 -0.916 -0.402 -0. -32.874 0. 0. -1. 0.
0.413 -0.911 -0. 117.345 -0.911 -0.413 -0. -34.642 0. 0. -1. 0.
0.428 -0.904 -0. 118.017 -0.904 -0.428 -0. -36.516 0. 0. -1. 0.
0.442 -0.897 -0. 119.041 -0.897 -0.442 -0. -38.337 0. 0. -1. 0.
0.463 -0.886 -0. 119.819 -0.886 -0.463 -0. -40.145 0. 0. -1. 0.
0.482 -0.876 -0. 120.725 -0.876 -0.482 -0. -41.937 0. 0. -1. 0.
0.502 -0.865 -0. 121.801 -0.865 -0.502 -0. -43.627 0. 0. -1. 0.
0.513 -0.858 -0. 122.685 -0.858 -0.513 -0. -45.411 0. 0. -1. 0.
0.524 -0.852 -0. 123.816 -0.852 -0.524 -0. -47.016 0. 0. -1. 0.
0.544 -0.839 -0. 124.825 -0.839 -0.544 -0. -48.687 0. 0. -1. 0.
0.559 -0.829 -0. 125.886 -0.829 -0.559 -0. -50.354 0. 0. -1. 0.
0.580 -0.815 -0. 126.918 -0.815 -0.580 -0. -51.964 0. 0. -1. 0.
0.601 -0.800 -0. 128.058 -0.800 -0.601 -0. -53.475 0. 0. -1. 0.
0.625 -0.781 -0. 129.023 -0.781 -0.625 -0. -55.003 0. 0. -1. 0.
0.644 -0.765 -0. 130.415 -0.765 -0.644 -0. -56.407 0. 0. -1. 0.
0.669 -0.743 -0. 131.429 -0.743 -0.669 -0. -57.859 0. 0. -1. 0.
0.686 -0.727 -0. 132.770 -0.727 -0.686 -0. -59.198 0. 0. -1. 0.
0.703 -0.711 -0. 133.944 -0.711 -0.703 -0. -60.487 0. 0. -1. 0.
0.717 -0.697 -0. 135.203 -0.697 -0.717 -0. -61.721 0. 0. -1. 0.
0.726 -0.688 -0. 136.465 -0.688 -0.726 -0. -62.846 0. 0. -1. 0.
0.734 -0.679 -0. 137.618 -0.679 -0.734 -0. -63.946 0. 0. -1. 0.
0.744 -0.668 -0. 138.927 -0.668 -0.744 -0. -65.037 0. 0. -1. 0.
0.759 -0.651 -0. 140.124 -0.651 -0.759 -0. -66.114 0. 0. -1. 0.
0.779 -0.627 -0. 141.262 -0.627 -0.779 -0. -67.196 0. 0. -1. 0.
0.805 -0.593 -0. 142.473 -0.593 -0.805 -0. -68.022 0. 0. -1. 0.
0.846 -0.534 -0. 143.636 -0.534 -0.846 -0. -68.791 0. 0. -1. 0.
0.886 -0.464 -0. 144.787 -0.464 -0.886 -0. -69.421 0. 0. -1. 0.
0.926 -0.379 -0. 145.965 -0.379 -0.926 -0. -70.031 0. 0. -1. 0.
0.958 -0.285 -0. 147.084 -0.285 -0.958 -0. -70.355 0. 0. -1. 0.
0.984 -0.178 -0. 148.110 -0.178 -0.984 -0. -70.571 0. 0. -1. 0.
0.999 -0.050 -0. 149.232 -0.050 -0.999 -0. -70.500 0. 0. -1. 0.
0.995 0.102 0. 150.212 0.102 -0.995 -0. -70.474 0. 0. -1. 0.
0.964 0.266 0. 151.243 0.266 -0.964 -0. -70.111 0. 0. -1. 0.
0.905 0.425 0. 152.082 0.425 -0.905 -0. -69.683 0. 0. -1. 0.
0.813 0.582 0. 152.828 0.582 -0.813 -0. -69.073 0. 0. -1. 0.
0.689 0.724 0. 153.439 0.724 -0.689 -0. -68.364 0. 0. -1. 0.
0.534 0.845 0. 153.920 0.845 -0.534 -0. -67.542 0. 0. -1. 0.
0.363 0.932 0. 154.188 0.932 -0.363 -0. -66.697 0. 0. -1. 0.
0.178 0.984 0. 154.311 0.984 -0.178 -0. -65.749 0. 0. -1. 0.
-0.019 1.000 0. 154.327 1.000 0.019 0. -64.876 0. 0. -1. 0.
-0.202 0.979 0. 154.035 0.979 0.202 0. -63.979 0. 0. -1. 0.
-0.378 0.926 0. 153.601 0.926 0.378 0. -63.204 0. 0. -1. 0.
-0.535 0.845 0. 153.050 0.845 0.535 0. -62.354 0. 0. -1. 0.
-0.654 0.756 0. 152.274 0.756 0.654 0. -61.588 0. 0. -1. 0.
-0.755 0.655 0. 151.493 0.655 0.755 0. -60.946 0. 0. -1. 0.
-0.827 0.562 0. 150.622 0.562 0.827 0. -60.270 0. 0. -1. 0.
-0.881 0.474 0. 149.645 0.474 0.881 0. -59.826 0. 0. -1. 0.
-0.911 0.411 0. 148.508 0.411 0.911 0. -59.244 0. 0. -1. 0.
-0.933 0.359 0. 147.402 0.359 0.933 0. -58.834 0. 0. -1. 0.
-0.943 0.334 0. 146.187 0.334 0.943 0. -58.503 0. 0. -1. 0.
-0.950 0.311 0. 145.104 0.311 0.950 0. -58.072 0. 0. -1. 0.
-0.953 0.302 0. 143.799 0.302 0.953 0. -57.742 0. 0. -1. 0.
-0.952 0.306 0. 142.571 0.306 0.952 0. -57.214 0. 0. -1. 0.
-0.951 0.308 0. 141.174 0.308 0.951 0. -56.890 0. 0. -1. 0.
-0.943 0.332 0. 139.886 0.332 0.943 0. -56.401 0. 0. -1. 0.
-0.935 0.354 0. 138.449 0.354 0.935 0. -55.820 0. 0. -1. 0.
-0.923 0.385 0. 137.130 0.385 0.923 0. -55.303 0. 0. -1. 0.
-0.907 0.420 0. 135.711 0.420 0.907 0. -54.545 0. 0. -1. 0.
-0.885 0.466 0. 134.332 0.466 0.885 0. -53.724 0. 0. -1. 0.
-0.863 0.505 0. 133.013 0.505 0.863 0. -52.929 0. 0. -1. 0.
-0.835 0.550 0. 131.543 0.550 0.835 0. -51.894 0. 0. -1. 0.
-0.807 0.590 0. 130.252 0.590 0.807 0. -50.997 0. 0. -1. 0.
-0.776 0.630 0. 128.848 0.630 0.776 0. -49.945 0. 0. -1. 0.
-0.740 0.673 0. 127.616 0.673 0.740 0. -48.773 0. 0. -1. 0.
-0.704 0.710 0. 126.429 0.710 0.704 0. -47.499 0. 0. -1. 0.
-0.663 0.749 0. 125.300 0.749 0.663 0. -46.043 0. 0. -1. 0.
-0.618 0.786 0. 124.037 0.786 0.618 0. -44.662 0. 0. -1. 0.
-0.571 0.821 0. 123.106 0.821 0.571 0. -43.184 0. 0. -1. 0.
-0.528 0.850 0. 122.115 0.850 0.528 0. -41.668 0. 0. -1. 0.
-0.492 0.870 0. 121.338 0.870 0.492 0. -39.975 0. 0. -1. 0.
-0.451 0.893 0. 120.427 0.893 0.451 0. -38.222 0. 0. -1. 0.
-0.424 0.906 0. 119.672 0.906 0.424 0. -36.632 0. 0. -1. 0.
-0.395 0.919 0. 119.103 0.919 0.395 0. -34.716 0. 0. -1. 0.
-0.371 0.929 0. 118.298 0.929 0.371 0. -32.994 0. 0. -1. 0.
-0.357 0.934 0. 117.662 0.934 0.357 0. -31.171 0. 0. -1. 0.
-0.337 0.941 0. 117.087 0.941 0.337 0. -29.246 0. 0. -1. 0.
-0.327 0.945 0. 116.379 0.945 0.327 0. -27.436 0. 0. -1. 0.
-0.333 0.943 0. 115.776 0.943 0.333 0. -25.578 0. 0. -1. 0.
-0.336 0.942 0. 115.179 0.942 0.336 0. -23.691 0. 0. -1. 0.
-0.364 0.931 0. 114.455 0.931 0.364 0. -21.900 0. 0. -1. 0.
-0.388 0.922 0. 114.011 0.922 0.388 0. -20.073 0. 0. -1. 0.
-0.425 0.905 0. 113.055 0.905 0.425 0. -18.235 0. 0. -1. 0.
-0.469 0.883 0. 112.204 0.883 0.469 0. -16.553 0. 0. -1. 0.
-0.518 0.856 0. 111.249 0.856 0.518 0. -14.919 0. 0. -1. 0.
-0.565 0.825 0. 110.386 0.825 0.565 0. -13.260 0. 0. -1. 0.
-0.608 0.794 0. 109.247 0.794 0.608 0. -11.760 0. 0. -1. 0.
-0.655 0.755 0. 108.285 0.755 0.655 0. -10.197 0. 0. -1. 0.
-0.704 0.710 0. 107.096 0.710 0.704 0. -8.884 0. 0. -1. 0.
-0.751 0.660 0. 105.661 0.660 0.751 0. -7.689 0. 0. -1. 0.
-0.791 0.611 0. 104.000 0.611 0.791 0. -6.509 0. 0. -1. 0.
-0.827 0.562 0. 102.439 0.562 0.827 0. -5.309 0. 0. -1. 0.
-0.862 0.508 0. 100.784 0.508 0.862 0. -4.367 0. 0. -1. 0.
-0.891 0.455 0. 99.280 0.455 0.891 0. -3.513 0. 0. -1. 0.
-0.919 0.395 0. 97.410 0.395 0.919 0. -2.673 0. 0. -1. 0.
-0.941 0.338 0. 95.661 0.338 0.941 0. -2.007 0. 0. -1. 0.
-0.962 0.273 0. 93.949 0.273 0.962 0. -1.362 0. 0. -1. 0.
-0.976 0.217 0. 92.037 0.217 0.976 0. -0.981 0. 0. -1. 0.
-0.988 0.157 0. 90.222 0.157 0.988 0. -0.641 0. 0. -1. 0.
-0.994 0.111 0. 88.152 0.111 0.994 0. -0.448 0. 0. -1. 0.
-0.997 0.071 0. 86.152 0.071 0.997 0. -0.294 0. 0. -1. 0.
-0.999 0.042 0. 84.123 0.042 0.999 0. -0.189 0. 0. -1. 0.
-1. 0.010 0. 82.098 0.010 1. 0. -0.102 0. 0. -1. 0.
-1. -0.006 -0. 80.039 -0.006 1. 0. -0.114 0. 0. -1. 0.
-1.000 -0.020 -0. 77.903 -0.020 1.000 0. -0.183 0. 0. -1. 0.
-1.000 -0.027 -0. 75.758 -0.027 1.000 0. -0.219 0. 0. -1. 0.
-1.000 -0.026 -0. 73.651 -0.026 1.000 0. -0.179 0. 0. -1. 0.
-0.999 -0.036 -0. 71.504 -0.036 0.999 0. -0.305 0. 0. -1. 0.
-0.999 -0.042 -0. 69.314 -0.042 0.999 0. -0.316 0. 0. -1. 0.
-0.999 -0.037 -0. 67.113 -0.037 0.999 0. -0.330 0. 0. -1. 0.
-0.999 -0.037 -0. 65.027 -0.037 0.999 0. -0.372 0. 0. -1. 0.
-0.999 -0.039 -0. 62.894 -0.039 0.999 0. -0.422 0. 0. -1. 0.
-0.999 -0.032 -0. 60.782 -0.032 0.999 0. -0.448 0. 0. -1. 0.
-0.999 -0.036 -0. 58.656 -0.036 0.999 0. -0.397 0. 0. -1. 0.
-0.999 -0.032 -0. 56.535 -0.032 0.999 0. -0.547 0. 0. -1. 0.
-0.999 -0.034 -0. 54.484 -0.034 0.999 0. -0.614 0. 0. -1. 0.
-1.000 -0.025 -0. 52.488 -0.025 1.000 0. -0.610 0. 0. -1. 0.
-1. -0.013 -0. 50.412 -0.013 1. 0. -0.696 0. 0. -1. 0.
-1. 0.001 0. 48.461 0.001 1. 0. -0.701 0. 0. -1. 0.
-1.000 0.016 0. 46.361 0.016 1.000 0. -0.506 0. 0. -1. 0.
-0.999 0.037 0. 44.326 0.037 0.999 0. -0.506 0. 0. -1. 0.
-0.999 0.042 0. 42.360 0.042 0.999 0. -0.323 0. 0. -1. 0.
-0.999 0.037 0. 40.323 0.037 0.999 0. -0.326 0. 0. -1. 0.
-1.000 0.031 0. 38.341 0.031 1.000 0. -0.113 0. 0. -1. 0.
-1.000 0.020 0. 36.318 0.020 1.000 0. -0.006 0. 0. -1. 0.
-1. 0.012 0. 34.287 0.012 1. 0. 0.052 0. 0. -1. 0.
-1. 0.010 0. 32.269 0.010 1. 0. 0.006 0. 0. -1. 0.
-1. 0.002 0. 30.169 0.002 1. 0. 0.081 0. 0. -1. 0.
-1. 0.007 0. 28.122 0.007 1. 0. 0.057 0. 0. -1. 0.
-1. 0.012 0. 26.012 0.012 1. 0. 0.141 0. 0. -1. 0.
-1.000 0.014 0. 23.890 0.014 1.000 0. 0.217 0. 0. -1. 0.
-1.000 0.021 0. 21.706 0.021 1.000 0. 0.261 0. 0. -1. 0.
-0.999 0.033 0. 19.543 0.033 0.999 0. 0.344 0. 0. -1. 0.
-0.999 0.040 0. 17.316 0.040 0.999 0. 0.547 0. 0. -1. 0.
-0.999 0.043 0. 15.120 0.043 0.999 0. 0.697 0. 0. -1. 0.
-0.999 0.044 0. 12.913 0.044 0.999 0. 0.913 0. 0. -1. 0.
-0.999 0.045 0. 10.710 0.045 0.999 0. 0.966 0. 0. -1. 0.
-0.999 0.047 0. 8.548 0.047 0.999 0. 1.094 0. 0. -1. 0.
-0.999 0.041 0. 6.375 0.041 0.999 0. 1.181 0. 0. -1. 0.
-0.999 0.050 0. 4.151 0.050 0.999 0. 1.317 0. 0. -1. 0.
-0.999 0.050 0. 1.978 0.050 0.999 0. 1.309 0. 0. -1. 0.
-0.999 0.053 0. -0.183 0.053 0.999 0. 1.607 0. 0. -1. 0.
-0.999 0.045 0. -2.406 0.045 0.999 0. 1.753 0. 0. -1. 0.
-0.999 0.043 0. -4.557 0.043 0.999 0. 1.980 0. 0. -1. 0.
-0.999 0.037 0. -6.768 0.037 0.999 0. 2.087 0. 0. -1. 0.
-1.000 0.031 0. -9.008 0.031 1.000 0. 2.199 0. 0. -1. 0.
-0.999 0.036 0. -11.123 0.036 0.999 0. 2.294 0. 0. -1. 0.
-1.000 0.030 0. -13.371 0.030 1.000 0. 2.354 0. 0. -1. 0.
-0.999 0.032 0. -15.536 0.032 0.999 0. 2.477 0. 0. -1. 0.
-1.000 0.020 0. -17.676 0.020 1.000 0. 2.526 0. 0. -1. 0.
-1.000 0.016 0. -20.001 0.016 1.000 0. 2.653 0. 0. -1. 0.
-1.000 0.019 0. -22.128 0.019 1.000 0. 2.595 0. 0. -1. 0.
-1.000 0.021 0. -24.379 0.021 1.000 0. 2.622 0. 0. -1. 0.
-1. 0.014 0. -26.516 0.014 1. 0. 2.932 0. 0. -1. 0.
-1. 0.008 0. -28.735 0.008 1. 0. 3.012 0. 0. -1. 0.
-1. 0.007 0. -30.929 0.007 1. 0. 2.868 0. 0. -1. 0.
-1. 0.002 0. -33.160 0.002 1. 0. 3.049 0. 0. -1. 0.
-1. -0.002 -0. -35.436 -0.002 1. 0. 3.011 0. 0. -1. 0.
-1. -0.002 -0. -37.445 -0.002 1. 0. 2.879 0. 0. -1. 0.
-1. -0.007 -0. -39.679 -0.007 1. 0. 2.875 0. 0. -1. 0.
-1. -0.004 -0. -41.782 -0.004 1. 0. 2.958 0. 0. -1. 0.
-1. -0.005 -0. -43.888 -0.005 1. 0. 3.024 0. 0. -1. 0.
-1. -0.007 -0. -46.017 -0.007 1. 0. 3.032 0. 0. -1. 0.
-1. -0.012 -0. -48.069 -0.012 1. 0. 3.009 0. 0. -1. 0.
-1. -0.012 -0. -50.083 -0.012 1. 0. 3.093 0. 0. -1. 0.
-1. -0.009 -0. -51.952 -0.009 1. 0. 2.953 0. 0. -1. 0.
-1. 0.001 0. -53.871 0.001 1. 0. 3.117 0. 0. -1. 0.
-1. 0.001 0. -55.620 0.001 1. 0. 2.916 0. 0. -1. 0.
-0.999 0.035 0. -57.321 0.035 0.999 0. 3.248 0. 0. -1. 0.
-0.999 0.044 0. -58.932 0.044 0.999 0. 3.225 0. 0. -1. 0.
-0.996 0.089 0. -60.492 0.089 0.996 0. 3.592 0. 0. -1. 0.
-0.993 0.121 0. -61.855 0.121 0.993 0. 3.654 0. 0. -1. 0.
-0.984 0.179 0. -63.168 0.179 0.984 0. 4.023 0. 0. -1. 0.
-0.970 0.242 0. -64.383 0.242 0.970 0. 4.191 0. 0. -1. 0.
-0.952 0.305 0. -65.470 0.305 0.952 0. 4.555 0. 0. -1. 0.
-0.925 0.380 0. -66.526 0.380 0.925 0. 4.992 0. 0. -1. 0.
-0.888 0.460 0. -67.504 0.460 0.888 0. 5.547 0. 0. -1. 0.
-0.830 0.558 0. -68.394 0.558 0.830 0. 6.176 0. 0. -1. 0.
-0.760 0.650 0. -69.208 0.650 0.760 0. 6.874 0. 0. -1. 0.
-0.679 0.734 0. -69.866 0.734 0.679 0. 7.690 0. 0. -1. 0.
-0.582 0.813 0. -70.390 0.813 0.582 0. 8.558 0. 0. -1. 0.
-0.507 0.862 0. -70.789 0.862 0.507 0. 9.417 0. 0. -1. 0.
-0.414 0.911 0. -71.364 0.911 0.414 0. 10.459 0. 0. -1. 0.
-0.324 0.946 0. -71.692 0.946 0.324 0. 11.260 0. 0. -1. 0.
-0.244 0.970 0. -71.888 0.970 0.244 0. 12.342 0. 0. -1. 0.
-0.168 0.986 0. -72.086 0.986 0.168 0. 13.453 0. 0. -1. 0.
-0.114 0.994 0. -72.231 0.994 0.114 0. 14.624 0. 0. -1. 0.
-0.080 0.997 0. -72.069 0.997 0.080 0. 16.058 0. 0. -1. 0.
-0.055 0.998 0. -72.211 0.998 0.055 0. 17.314 0. 0. -1. 0.
-0.044 0.999 0. -72.356 0.999 0.044 0. 18.782 0. 0. -1. 0.
-0.038 0.999 0. -72.343 0.999 0.038 0. 20.194 0. 0. -1. 0.
-0.036 0.999 0. -72.235 0.999 0.036 0. 21.859 0. 0. -1. 0.
-0.023 1.000 0. -72.231 1.000 0.023 0. 23.398 0. 0. -1. 0.
-0.021 1.000 0. -72.265 1.000 0.021 0. 25.113 0. 0. -1. 0.
-0.005 1. 0. -72.133 1. 0.005 0. 26.794 0. 0. -1. 0.
-0.003 1. 0. -72.251 1. 0.003 0. 28.458 0. 0. -1. 0.
0.013 1. 0. -72.108 1. -0.013 -0. 30.220 0. 0. -1. 0.
0.027 1.000 0. -72.214 1.000 -0.027 -0. 31.919 0. 0. -1. 0.
0.053 0.999 0. -71.890 0.999 -0.053 -0. 33.745 0. 0. -1. 0.
0.080 0.997 0. -71.843 0.997 -0.080 -0. 35.585 0. 0. -1. 0.
0.111 0.994 0. -71.466 0.994 -0.111 -0. 37.381 0. 0. -1. 0.
0.136 0.991 0. -71.377 0.991 -0.136 -0. 39.254 0. 0. -1. 0.
0.161 0.987 0. -70.920 0.987 -0.161 -0. 41.044 0. 0. -1. 0.
0.176 0.984 0. -70.581 0.984 -0.176 -0. 42.959 0. 0. -1. 0.
0.177 0.984 0. -70.196 0.984 -0.177 -0. 44.774 0. 0. -1. 0.
0.180 0.984 0. -69.688 0.984 -0.180 -0. 46.858 0. 0. -1. 0.
0.174 0.985 0. -69.370 0.985 -0.174 -0. 48.808 0. 0. -1. 0.
0.157 0.988 0. -69.023 0.988 -0.157 -0. 50.566 0. 0. -1. 0.
0.125 0.992 0. -68.706 0.992 -0.125 -0. 52.621 0. 0. -1. 0.
0.099 0.995 0. -68.452 0.995 -0.099 -0. 54.716 0. 0. -1. 0.
0.081 0.997 0. -68.196 0.997 -0.081 -0. 56.777 0. 0. -1. 0.
0.057 0.998 0. -68.103 0.998 -0.057 -0. 58.773 0. 0. -1. 0.
0.032 0.999 0. -67.906 0.999 -0.032 -0. 60.815 0. 0. -1. 0.
0.013 1. 0. -67.874 1. -0.013 -0. 62.810 0. 0. -1. 0.
-0.000 1. 0. -67.782 1. 0.000 0. 64.892 0. 0. -1. 0.
-0.005 1. 0. -67.836 1. 0.005 0. 66.888 0. 0. -1. 0.
-0.000 1. 0. -67.723 1. 0.000 0. 68.819 0. 0. -1. 0.
-0.001 1. 0. -67.763 1. 0.001 0. 70.824 0. 0. -1. 0.
-0.003 1. 0. -67.715 1. 0.003 0. 72.748 0. 0. -1. 0.
-0.006 1. 0. -67.675 1. 0.006 0. 74.671 0. 0. -1. 0.
-0.005 1. 0. -67.689 1. 0.005 0. 76.474 0. 0. -1. 0.
-0.008 1. 0. -67.739 1. 0.008 0. 78.344 0. 0. -1. 0.
-0.022 1.000 0. -67.731 1.000 0.022 0. 80.001 0. 0. -1. 0.
-0.050 0.999 0. -67.780 0.999 0.050 0. 81.704 0. 0. -1. 0.
-0.092 0.996 0. -67.888 0.996 0.092 0. 83.345 0. 0. -1. 0.
-0.140 0.990 0. -68.015 0.990 0.140 0. 84.916 0. 0. -1. 0.
-0.209 0.978 0. -68.209 0.978 0.209 0. 86.416 0. 0. -1. 0.
-0.287 0.958 0. -68.751 0.958 0.287 0. 87.902 0. 0. -1. 0.
-0.373 0.928 0. -69.138 0.928 0.373 0. 89.286 0. 0. -1. 0.
-0.459 0.888 0. -69.744 0.888 0.459 0. 90.585 0. 0. -1. 0.
-0.535 0.845 0. -70.441 0.845 0.535 0. 91.865 0. 0. -1. 0.
-0.607 0.795 0. -71.330 0.795 0.607 0. 92.961 0. 0. -1. 0.
-0.684 0.730 0. -72.332 0.730 0.684 0. 94.047 0. 0. -1. 0.
-0.757 0.653 0. -73.327 0.653 0.757 0. 94.939 0. 0. -1. 0.
-0.813 0.582 0. -74.497 0.582 0.813 0. 95.842 0. 0. -1. 0.
-0.865 0.501 0. -75.604 0.501 0.865 0. 96.547 0. 0. -1. 0.
-0.903 0.430 0. -76.809 0.430 0.903 0. 97.068 0. 0. -1. 0.
-0.933 0.359 0. -78.061 0.359 0.933 0. 97.513 0. 0. -1. 0.
-0.955 0.298 0. -79.376 0.298 0.955 0. 97.931 0. 0. -1. 0.
-0.968 0.251 0. -80.662 0.251 0.968 0. 98.228 0. 0. -1. 0.
-0.976 0.220 0. -81.964 0.220 0.976 0. 98.517 0. 0. -1. 0.
-0.979 0.203 0. -83.303 0.203 0.979 0. 98.911 0. 0. -1. 0.
-0.980 0.197 0. -84.795 0.197 0.980 0. 99.145 0. 0. -1. 0.
-0.979 0.205 0. -86.114 0.205 0.979 0. 99.448 0. 0. -1. 0.
-0.974 0.226 0. -87.493 0.226 0.974 0. 99.737 0. 0. -1. 0.
-0.969 0.247 0. -88.886 0.247 0.969 0. 100.219 0. 0. -1. 0.
-0.961 0.277 0. -90.396 0.277 0.961 0. 100.638 0. 0. -1. 0.
-0.948 0.319 0. -91.812 0.319 0.948 0. 101.042 0. 0. -1. 0.
-0.929 0.369 0. -93.224 0.369 0.929 0. 101.735 0. 0. -1. 0.
-0.906 0.422 0. -94.614 0.422 0.906 0. 102.438 0. 0. -1. 0.
-0.878 0.479 0. -95.930 0.479 0.878 0. 103.289 0. 0. -1. 0.
-0.851 0.526 0. -97.220 0.526 0.851 0. 104.210 0. 0. -1. 0.
-0.821 0.571 0. -98.574 0.571 0.821 0. 105.059 0. 0. -1. 0.
-0.801 0.599 0. -99.849 0.599 0.801 0. 106.160 0. 0. -1. 0.
-0.783 0.621 0. -101.222 0.621 0.783 0. 107.210 0. 0. -1. 0.
-0.768 0.641 0. -102.540 0.641 0.768 0. 108.334 0. 0. -1. 0.
-0.755 0.656 0. -104.015 0.656 0.755 0. 109.436 0. 0. -1. 0.
-0.745 0.667 0. -105.225 0.667 0.745 0. 110.882 0. 0. -1. 0.
-0.741 0.671 0. -106.705 0.671 0.741 0. 112.013 0. 0. -1. 0.
-0.734 0.679 0. -108.061 0.679 0.734 0. 113.372 0. 0. -1. 0.
-0.725 0.689 0. -109.548 0.689 0.725 0. 114.558 0. 0. -1. 0.
-0.721 0.693 0. -110.707 0.693 0.721 0. 116.176 0. 0. -1. 0.
-0.713 0.701 0. -112.288 0.701 0.713 0. 117.350 0. 0. -1. 0.
-0.711 0.703 0. -113.556 0.703 0.711 0. 118.844 0. 0. -1. 0.
-0.709 0.705 0. -114.990 0.705 0.709 0. 120.295 0. 0. -1. 0.
-0.704 0.711 0. -116.324 0.711 0.704 0. 121.681 0. 0. -1. 0.
-0.705 0.710 0. -117.759 0.710 0.705 0. 123.082 0. 0. -1. 0.
-0.700 0.714 0. -118.982 0.714 0.700 0. 124.657 0. 0. -1. 0.
-0.697 0.717 0. -120.463 0.717 0.697 0. 125.936 0. 0. -1. 0.
-0.696 0.718 0. -121.725 0.718 0.696 0. 127.468 0. 0. -1. 0.
-0.699 0.715 0. -123.191 0.715 0.699 0. 128.821 0. 0. -1. 0.
-0.700 0.715 0. -124.473 0.715 0.700 0. 130.478 0. 0. -1. 0.
-0.699 0.715 0. -125.932 0.715 0.699 0. 131.809 0. 0. -1. 0.
-0.697 0.717 0. -127.273 0.717 0.697 0. 133.356 0. 0. -1. 0.
-0.698 0.716 0. -128.687 0.716 0.698 0. 134.804 0. 0. -1. 0.
-0.700 0.715 0. -130.049 0.715 0.700 0. 136.349 0. 0. -1. 0.
-0.699 0.715 0. -131.525 0.715 0.699 0. 137.828 0. 0. -1. 0.
-0.700 0.714 0. -132.848 0.714 0.700 0. 139.434 0. 0. -1. 0.
-0.698 0.716 0. -134.342 0.716 0.698 0. 140.910 0. 0. -1. 0.
-0.700 0.714 0. -135.695 0.714 0.700 0. 142.456 0. 0. -1. 0.
-0.694 0.720 0. -137.189 0.720 0.694 0. 143.980 0. 0. -1. 0.
-0.691 0.723 0. -138.571 0.723 0.691 0. 145.581 0. 0. -1. 0.
-0.690 0.724 0. -140.001 0.724 0.690 0. 147.133 0. 0. -1. 0.
-0.682 0.731 0. -141.484 0.731 0.682 0. 148.807 0. 0. -1. 0.
-0.676 0.737 0. -142.917 0.737 0.676 0. 150.406 0. 0. -1. 0.
-0.666 0.746 0. -144.465 0.746 0.666 0. 152.070 0. 0. -1. 0.
-0.658 0.753 0. -145.877 0.753 0.658 0. 153.837 0. 0. -1. 0.
-0.651 0.759 0. -147.353 0.759 0.651 0. 155.573 0. 0. -1. 0.
-0.630 0.776 0. -148.835 0.776 0.630 0. 157.403 0. 0. -1. 0.
-0.614 0.789 0. -150.137 0.789 0.614 0. 159.222 0. 0. -1. 0.
-0.595 0.804 0. -151.512 0.804 0.595 0. 161.069 0. 0. -1. 0.
-0.570 0.822 0. -152.751 0.822 0.570 0. 162.992 0. 0. -1. 0.
-0.546 0.838 0. -153.898 0.838 0.546 0. 164.994 0. 0. -1. 0.
-0.516 0.857 0. -155.187 0.857 0.516 0. 166.951 0. 0. -1. 0.
-0.481 0.877 0. -156.389 0.877 0.481 0. 169.016 0. 0. -1. 0.
-0.440 0.898 0. -157.411 0.898 0.440 0. 171.056 0. 0. -1. 0.
-0.402 0.916 0. -158.027 0.916 0.402 0. 173.301 0. 0. -1. 0.
-0.366 0.931 0. -159.159 0.931 0.366 0. 175.376 0. 0. -1. 0.
-0.321 0.947 0. -159.784 0.947 0.321 0. 177.638 0. 0. -1. 0.
-0.276 0.961 0. -160.291 0.961 0.276 0. 179.879 0. 0. -1. 0.
-0.239 0.971 0. -160.789 0.971 0.239 0. 182.201 0. 0. -1. 0.
-0.204 0.979 0. -161.286 0.979 0.204 0. 184.527 0. 0. -1. 0.
-0.176 0.984 0. -161.893 0.984 0.176 0. 186.833 0. 0. -1. 0.
-0.160 0.987 0. -161.967 0.987 0.160 0. 189.193 0. 0. -1. 0.
-0.143 0.990 0. -162.316 0.990 0.143 0. 191.602 0. 0. -1. 0.
-0.135 0.991 0. -162.573 0.991 0.135 0. 193.984 0. 0. -1. 0.
-0.131 0.991 0. -162.923 0.991 0.131 0. 196.377 0. 0. -1. 0.
-0.128 0.992 0. -163.187 0.992 0.128 0. 198.752 0. 0. -1. 0.
-0.129 0.992 0. -163.278 0.992 0.129 0. 201.140 0. 0. -1. 0.
-0.126 0.992 0. -163.616 0.992 0.126 0. 203.436 0. 0. -1. 0.
-0.129 0.992 0. -163.922 0.992 0.129 0. 205.795 0. 0. -1. 0.
-0.137 0.991 0. -164.138 0.991 0.137 0. 208.087 0. 0. -1. 0.
-0.150 0.989 0. -164.379 0.989 0.150 0. 210.347 0. 0. -1. 0.
-0.167 0.986 0. -164.848 0.986 0.167 0. 212.554 0. 0. -1. 0.
-0.193 0.981 0. -165.073 0.981 0.193 0. 214.790 0. 0. -1. 0.
-0.221 0.975 0. -165.569 0.975 0.221 0. 216.886 0. 0. -1. 0.
-0.264 0.965 0. -165.933 0.965 0.264 0. 219.049 0. 0. -1. 0.
-0.312 0.950 0. -166.535 0.950 0.312 0. 221.066 0. 0. -1. 0.
-0.362 0.932 0. -167.504 0.932 0.362 0. 223.006 0. 0. -1. 0.
-0.425 0.905 0. -168.047 0.905 0.425 0. 224.917 0. 0. -1. 0.
-0.489 0.872 0. -169.226 0.872 0.489 0. 226.671 0. 0. -1. 0.
-0.555 0.832 0. -170.198 0.832 0.555 0. 228.375 0. 0. -1. 0.
-0.612 0.791 0. -171.527 0.791 0.612 0. 229.940 0. 0. -1. 0.
-0.669 0.743 0. -172.638 0.743 0.669 0. 231.476 0. 0. -1. 0.
-0.726 0.688 0. -174.133 0.688 0.726 0. 232.856 0. 0. -1. 0.
-0.776 0.631 0. -175.642 0.631 0.776 0. 234.121 0. 0. -1. 0.
-0.824 0.566 0. -177.438 0.566 0.824 0. 235.143 0. 0. -1. 0.
-0.865 0.503 0. -179.163 0.503 0.865 0. 236.177 0. 0. -1. 0.
-0.898 0.439 0. -180.904 0.439 0.898 0. 237.067 0. 0. -1. 0.
-0.923 0.386 0. -182.733 0.386 0.923 0. 237.907 0. 0. -1. 0.
-0.937 0.350 0. -184.652 0.350 0.937 0. 238.733 0. 0. -1. 0.
-0.948 0.317 0. -186.468 0.317 0.948 0. 239.580 0. 0. -1. 0.
-0.954 0.299 0. -188.507 0.299 0.954 0. 240.263 0. 0. -1. 0.
-0.957 0.289 0. -190.604 0.289 0.957 0. 240.883 0. 0. -1. 0.
-0.959 0.285 0. -192.627 0.285 0.959 0. 241.557 0. 0. -1. 0.
-0.960 0.281 0. -194.801 0.281 0.960 0. 242.161 0. 0. -1. 0.
-0.960 0.280 0. -196.905 0.280 0.960 0. 242.831 0. 0. -1. 0.
-0.962 0.273 0. -199.062 0.273 0.962 0. 243.534 0. 0. -1. 0.
-0.962 0.272 0. -201.346 0.272 0.962 0. 244.176 0. 0. -1. 0.
-0.961 0.277 0. -203.462 0.277 0.961 0. 244.831 0. 0. -1. 0.
-0.960 0.281 0. -205.582 0.281 0.960 0. 245.459 0. 0. -1. 0.
-0.961 0.277 0. -207.753 0.277 0.961 0. 246.103 0. 0. -1. 0.
-0.962 0.273 0. -209.928 0.273 0.962 0. 246.728 0. 0. -1. 0.
-0.965 0.263 0. -212.056 0.263 0.965 0. 247.324 0. 0. -1. 0.
-0.967 0.256 0. -214.231 0.256 0.967 0. 247.918 0. 0. -1. 0.
-0.965 0.262 0. -216.237 0.262 0.965 0. 248.521 0. 0. -1. 0.
-0.965 0.262 0. -218.222 0.262 0.965 0. 249.089 0. 0. -1. 0.
-0.965 0.264 0. -220.189 0.264 0.965 0. 249.606 0. 0. -1. 0.
-0.964 0.267 0. -222.119 0.267 0.964 0. 250.189 0. 0. -1. 0.
-0.961 0.276 0. -223.949 0.276 0.961 0. 250.751 0. 0. -1. 0.
-0.959 0.284 0. -225.736 0.284 0.959 0. 251.264 0. 0. -1. 0.
-0.956 0.292 0. -227.532 0.292 0.956 0. 251.868 0. 0. -1. 0.
-0.952 0.305 0. -229.201 0.305 0.952 0. 252.401 0. 0. -1. 0.
-0.948 0.318 0. -230.786 0.318 0.948 0. 252.959 0. 0. -1. 0.
-0.941 0.339 0. -232.445 0.339 0.941 0. 253.509 0. 0. -1. 0.
-0.931 0.366 0. -233.810 0.366 0.931 0. 254.255 0. 0. -1. 0.
-0.917 0.399 0. -235.218 0.399 0.917 0. 254.768 0. 0. -1. 0.
-0.903 0.430 0. -236.507 0.430 0.903 0. 255.479 0. 0. -1. 0.
-0.894 0.449 0. -237.806 0.449 0.894 0. 256.187 0. 0. -1. 0.
-0.888 0.460 0. -239.058 0.460 0.888 0. 256.851 0. 0. -1. 0.
-0.888 0.459 0. -240.389 0.459 0.888 0. 257.515 0. 0. -1. 0.
-0.893 0.451 0. -241.642 0.451 0.893 0. 258.159 0. 0. -1. 0.
-0.897 0.442 0. -242.962 0.442 0.897 0. 258.897 0. 0. -1. 0.
-0.898 0.439 0. -244.191 0.439 0.898 0. 259.495 0. 0. -1. 0.
-0.904 0.428 0. -245.335 0.428 0.904 0. 260.101 0. 0. -1. 0.
-0.908 0.418 0. -246.361 0.418 0.908 0. 260.611 0. 0. -1. 0.
-0.911 0.411 0. -247.609 0.411 0.911 0. 261.163 0. 0. -1. 0.
-0.912 0.409 0. -248.577 0.409 0.912 0. 261.718 0. 0. -1. 0.
-0.914 0.405 0. -249.502 0.405 0.914 0. 262.221 0. 0. -1. 0.
-0.914 0.407 0. -250.344 0.407 0.914 0. 262.456 0. 0. -1. 0.
-0.911 0.412 0. -251.277 0.412 0.911 0. 262.919 0. 0. -1. 0.
-0.906 0.424 0. -252.209 0.424 0.906 0. 263.391 0. 0. -1. 0.
-0.895 0.446 0. -252.950 0.446 0.895 0. 263.828 0. 0. -1. 0.
-0.880 0.474 0. -253.782 0.474 0.880 0. 264.250 0. 0. -1. 0.
-0.863 0.506 0. -254.397 0.506 0.863 0. 264.656 0. 0. -1. 0.
-0.840 0.542 0. -255.195 0.542 0.840 0. 265.089 0. 0. -1. 0.
-0.811 0.585 0. -255.823 0.585 0.811 0. 265.579 0. 0. -1. 0.
-0.775 0.631 0. -256.524 0.631 0.775 0. 266.042 0. 0. -1. 0.
-0.729 0.685 0. -257.031 0.685 0.729 0. 266.645 0. 0. -1. 0.
-0.667 0.745 0. -257.453 0.745 0.667 0. 267.307 0. 0. -1. 0.
-0.608 0.794 0. -257.914 0.794 0.608 0. 267.845 0. 0. -1. 0.
-0.539 0.842 0. -258.296 0.842 0.539 0. 268.652 0. 0. -1. 0.
-0.461 0.887 0. -258.602 0.887 0.461 0. 269.452 0. 0. -1. 0.
-0.355 0.935 0. -258.953 0.935 0.355 0. 270.484 0. 0. -1. 0.
-0.252 0.968 0. -259.077 0.968 0.252 0. 271.403 0. 0. -1. 0.
-0.151 0.989 0. -259.203 0.989 0.151 0. 272.502 0. 0. -1. 0.
-0.070 0.998 0. -259.315 0.998 0.070 0. 273.714 0. 0. -1. 0.
0.005 1. 0. -259.332 1. -0.005 -0. 275.051 0. 0. -1. 0.
0.062 0.998 0. -259.107 0.998 -0.062 -0. 276.399 0. 0. -1. 0.
0.101 0.995 0. -259.003 0.995 -0.101 -0. 277.979 0. 0. -1. 0.
0.124 0.992 0. -258.693 0.992 -0.124 -0. 279.593 0. 0. -1. 0.
0.149 0.989 0. -258.448 0.989 -0.149 -0. 281.335 0. 0. -1. 0.
0.175 0.985 0. -258.120 0.985 -0.175 -0. 283.080 0. 0. -1. 0.
0.191 0.982 0. -257.589 0.982 -0.191 -0. 284.996 0. 0. -1. 0.
0.205 0.979 0. -257.165 0.979 -0.205 -0. 287.014 0. 0. -1. 0.
0.215 0.977 0. -256.792 0.977 -0.215 -0. 288.972 0. 0. -1. 0.
0.226 0.974 0. -256.303 0.974 -0.226 -0. 290.966 0. 0. -1. 0.
0.230 0.973 0. -255.779 0.973 -0.230 -0. 293.002 0. 0. -1. 0.
0.232 0.973 0. -255.166 0.973 -0.232 -0. 295.206 0. 0. -1. 0.
0.240 0.971 0. -254.583 0.971 -0.240 -0. 297.386 0. 0. -1. 0.
0.241 0.971 0. -253.986 0.971 -0.241 -0. 299.638 0. 0. -1. 0.
0.241 0.971 0. -253.391 0.971 -0.241 -0. 301.988 0. 0. -1. 0.
0.238 0.971 0. -252.730 0.971 -0.238 -0. 304.363 0. 0. -1. 0.
0.240 0.971 0. -252.067 0.971 -0.240 -0. 306.870 0. 0. -1. 0.
0.243 0.970 0. -251.350 0.970 -0.243 -0. 309.313 0. 0. -1. 0.
0.249 0.969 0. -250.791 0.969 -0.249 -0. 311.874 0. 0. -1. 0.
0.251 0.968 0. -250.032 0.968 -0.251 -0. 314.502 0. 0. -1. 0.
0.249 0.969 0. -249.188 0.969 -0.249 -0. 317.226 0. 0. -1. 0.
0.251 0.968 0. -248.403 0.968 -0.251 -0. 319.949 0. 0. -1. 0.
0.257 0.966 0. -247.721 0.966 -0.257 -0. 322.677 0. 0. -1. 0.
0.258 0.966 0. -246.889 0.966 -0.258 -0. 325.522 0. 0. -1. 0.
0.256 0.967 0. -246.090 0.967 -0.256 -0. 328.426 0. 0. -1. 0.
0.257 0.967 0. -245.250 0.967 -0.257 -0. 331.393 0. 0. -1. 0.
0.254 0.967 0. -244.234 0.967 -0.254 -0. 334.433 0. 0. -1. 0.
0.258 0.966 0. -243.552 0.966 -0.258 -0. 337.521 0. 0. -1. 0.
0.258 0.966 0. -242.606 0.966 -0.258 -0. 340.516 0. 0. -1. 0.
0.257 0.966 0. -241.787 0.966 -0.257 -0. 343.695 0. 0. -1. 0.
0.257 0.967 0. -240.826 0.967 -0.257 -0. 346.772 0. 0. -1. 0.
0.253 0.968 0. -239.886 0.968 -0.253 -0. 350.021 0. 0. -1. 0.
0.250 0.968 0. -238.972 0.968 -0.250 -0. 353.243 0. 0. -1. 0.
0.253 0.967 0. -238.323 0.967 -0.253 -0. 356.558 0. 0. -1. 0.
0.250 0.968 0. -237.093 0.968 -0.250 -0. 359.833 0. 0. -1. 0.
0.248 0.969 0. -236.277 0.969 -0.248 -0. 363.180 0. 0. -1. 0.
0.249 0.968 0. -235.246 0.968 -0.249 -0. 366.502 0. 0. -1. 0.
0.250 0.968 0. -234.427 0.968 -0.250 -0. 369.887 0. 0. -1. 0.
0.251 0.968 0. -233.520 0.968 -0.251 -0. 373.238 0. 0. -1. 0.
0.251 0.968 0. -232.565 0.968 -0.251 -0. 376.715 0. 0. -1. 0.
0.260 0.966 0. -231.685 0.966 -0.260 -0. 380.123 0. 0. -1. 0.
0.254 0.967 0. -230.517 0.967 -0.254 -0. 383.495 0. 0. -1. 0.
0.256 0.967 0. -229.658 0.967 -0.256 -0. 386.955 0. 0. -1. 0.
0.251 0.968 0. -228.610 0.968 -0.251 -0. 390.416 0. 0. -1. 0.
0.250 0.968 0. -227.700 0.968 -0.250 -0. 393.920 0. 0. -1. 0.
0.257 0.966 0. -226.755 0.966 -0.257 -0. 397.367 0. 0. -1. 0.
0.252 0.968 0. -225.729 0.968 -0.252 -0. 400.797 0. 0. -1. 0.
0.245 0.970 0. -224.819 0.970 -0.245 -0. 404.223 0. 0. -1. 0.
0.246 0.969 0. -224.089 0.969 -0.246 -0. 407.676 0. 0. -1. 0.
0.247 0.969 0. -223.111 0.969 -0.247 -0. 410.849 0. 0. -1. 0.
0.248 0.969 0. -222.231 0.969 -0.248 -0. 414.014 0. 0. -1. 0.
0.243 0.970 0. -221.363 0.970 -0.243 -0. 417.062 0. 0. -1. 0.
0.242 0.970 0. -220.503 0.970 -0.242 -0. 420.048 0. 0. -1. 0.
0.246 0.969 0. -219.788 0.969 -0.246 -0. 422.963 0. 0. -1. 0.
0.246 0.969 0. -218.977 0.969 -0.246 -0. 425.798 0. 0. -1. 0.
0.242 0.970 0. -218.219 0.970 -0.242 -0. 428.557 0. 0. -1. 0.
0.241 0.971 0. -217.499 0.971 -0.241 -0. 431.264 0. 0. -1. 0.
0.239 0.971 0. -216.761 0.971 -0.239 -0. 433.815 0. 0. -1. 0.
0.247 0.969 0. -216.151 0.969 -0.247 -0. 436.417 0. 0. -1. 0.
0.248 0.969 0. -215.530 0.969 -0.248 -0. 438.802 0. 0. -1. 0.
0.248 0.969 0. -214.873 0.969 -0.248 -0. 441.133 0. 0. -1. 0.
0.247 0.969 0. -214.162 0.969 -0.247 -0. 443.373 0. 0. -1. 0.
0.249 0.969 0. -213.569 0.969 -0.249 -0. 445.464 0. 0. -1. 0.
0.246 0.969 0. -212.956 0.969 -0.246 -0. 447.510 0. 0. -1. 0.
0.250 0.968 0. -212.468 0.968 -0.250 -0. 449.417 0. 0. -1. 0.
0.251 0.968 0. -211.921 0.968 -0.251 -0. 451.186 0. 0. -1. 0.
0.247 0.969 0. -211.517 0.969 -0.247 -0. 452.925 0. 0. -1. 0.
0.241 0.971 0. -211.075 0.971 -0.241 -0. 454.535 0. 0. -1. 0.
0.246 0.969 0. -210.709 0.969 -0.246 -0. 456.006 0. 0. -1. 0.
0.244 0.970 0. -210.299 0.970 -0.244 -0. 457.339 0. 0. -1. 0.
0.236 0.972 0. -209.989 0.972 -0.236 -0. 458.642 0. 0. -1. 0.
0.244 0.970 0. -209.696 0.970 -0.244 -0. 459.821 0. 0. -1. 0.
0.248 0.969 0. -209.388 0.969 -0.248 -0. 460.834 0. 0. -1. 0.
0.242 0.970 0. -209.144 0.970 -0.242 -0. 461.807 0. 0. -1. 0.
0.243 0.970 0. -208.948 0.970 -0.243 -0. 462.710 0. 0. -1. 0.
0.244 0.970 0. -208.793 0.970 -0.244 -0. 463.524 0. 0. -1. 0.
0.243 0.970 0. -208.483 0.970 -0.243 -0. 464.180 0. 0. -1. 0.
0.245 0.969 0. -208.325 0.969 -0.245 -0. 464.869 0. 0. -1. 0.
0.247 0.969 0. -208.185 0.969 -0.247 -0. 465.469 0. 0. -1. 0.
0.246 0.969 0. -208.001 0.969 -0.246 -0. 465.959 0. 0. -1. 0.
0.252 0.968 0. -207.939 0.968 -0.252 -0. 466.550 0. 0. -1. 0.
0.251 0.968 0. -207.776 0.968 -0.251 -0. 467.011 0. 0. -1. 0.
0.253 0.968 0. -207.660 0.968 -0.253 -0. 467.602 0. 0. -1. 0.
0.249 0.968 0. -207.536 0.968 -0.249 -0. 467.988 0. 0. -1. 0.
0.251 0.968 0. -207.374 0.968 -0.251 -0. 468.474 0. 0. -1. 0.
0.254 0.967 0. -207.306 0.967 -0.254 -0. 468.791 0. 0. -1. 0.
0.250 0.968 0. -207.159 0.968 -0.250 -0. 469.165 0. 0. -1. 0.
0.255 0.967 0. -207.082 0.967 -0.255 -0. 469.470 0. 0. -1. 0.
0.255 0.967 0. -207.005 0.967 -0.255 -0. 469.706 0. 0. -1. 0.
0.258 0.966 0. -206.950 0.966 -0.258 -0. 469.958 0. 0. -1. 0.
0.256 0.967 0. -206.904 0.967 -0.256 -0. 470.172 0. 0. -1. 0.
0.254 0.967 0. -206.866 0.967 -0.254 -0. 470.364 0. 0. -1. 0.
0.254 0.967 0. -206.757 0.967 -0.254 -0. 470.450 0. 0. -1. 0.
0.256 0.967 0. -206.793 0.967 -0.256 -0. 470.617 0. 0. -1. 0.
0.254 0.967 0. -206.707 0.967 -0.254 -0. 470.629 0. 0. -1. 0.
0.252 0.968 0. -206.708 0.968 -0.252 -0. 470.688 0. 0. -1. 0.
0.251 0.968 0. -206.754 0.968 -0.251 -0. 470.770 0. 0. -1. 0.
0.252 0.968 0. -206.688 0.968 -0.252 -0. 470.778 0. 0. -1. 0.
0.255 0.967 0. -206.744 0.967 -0.255 -0. 470.738 0. 0. -1. 0.
0.254 0.967 0. -206.686 0.967 -0.254 -0. 470.796 0. 0. -1. 0.
0.256 0.967 0. -206.739 0.967 -0.256 -0. 470.756 0. 0. -1. 0.
0.256 0.967 0. -206.753 0.967 -0.256 -0. 470.731 0. 0. -1. 0.
0.254 0.967 0. -206.728 0.967 -0.254 -0. 470.756 0. 0. -1. 0.
0.254 0.967 0. -206.754 0.967 -0.254 -0. 470.773 0. 0. -1. 0.
0.253 0.967 0. -206.730 0.967 -0.253 -0. 470.759 0. 0. -1. 0.
0.256 0.967 0. -206.743 0.967 -0.256 -0. 470.775 0. 0. -1. 0.
0.254 0.967 0. -206.691 0.967 -0.254 -0. 470.745 0. 0. -1. 0.
0.259 0.966 0. -206.742 0.966 -0.259 -0. 470.777 0. 0. -1. 0.
0.261 0.965 0. -206.745 0.965 -0.261 -0. 470.749 0. 0. -1. 0.
0.257 0.966 0. -206.735 0.966 -0.257 -0. 470.747 0. 0. -1. 0.
0.254 0.967 0. -206.690 0.967 -0.254 -0. 470.793 0. 0. -1. 0.
0.258 0.966 0. -206.736 0.966 -0.258 -0. 470.764 0. 0. -1. 0.
0.254 0.967 0. -206.723 0.967 -0.254 -0. 470.734 0. 0. -1. 0.
0.253 0.967 0. -206.727 0.967 -0.253 -0. 470.789 0. 0. -1. 0.
0.251 0.968 0. -206.682 0.968 -0.251 -0. 470.733 0. 0. -1. 0.
0.251 0.968 0. -206.747 0.968 -0.251 -0. 470.769 0. 0. -1. 0.
0.257 0.966 0. -206.743 0.966 -0.257 -0. 470.781 0. 0. -1. 0.
0.252 0.968 0. -206.673 0.968 -0.252 -0. 470.721 0. 0. -1. 0.
0.252 0.968 0. -206.713 0.968 -0.252 -0. 470.787 0. 0. -1. 0.
0.255 0.967 0. -206.661 0.967 -0.255 -0. 470.789 0. 0. -1. 0.
0.254 0.967 0. -206.630 0.967 -0.254 -0. 470.745 0. 0. -1. 0.
0.253 0.968 0. -206.659 0.968 -0.253 -0. 470.738 0. 0. -1. 0.
0.258 0.966 0. -206.756 0.966 -0.258 -0. 470.743 0. 0. -1. 0.
0.259 0.966 0. -206.743 0.966 -0.259 -0. 470.755 0. 0. -1. 0.
0.259 0.966 0. -206.741 0.966 -0.259 -0. 470.753 0. 0. -1. 0.
0.253 0.968 0. -206.683 0.968 -0.253 -0. 470.767 0. 0. -1. 0.
0.250 0.968 0. -206.738 0.968 -0.250 -0. 470.783 0. 0. -1. 0.
0.251 0.968 0. -206.705 0.968 -0.251 -0. 470.782 0. 0. -1. 0.
0.253 0.968 0. -206.656 0.968 -0.253 -0. 470.755 0. 0. -1. 0.
0.259 0.966 0. -206.754 0.966 -0.259 -0. 470.753 0. 0. -1. 0.
0.260 0.965 0. -206.754 0.965 -0.260 -0. 470.739 0. 0. -1. 0.
0.256 0.967 0. -206.734 0.967 -0.256 -0. 470.766 0. 0. -1. 0.
0.257 0.966 0. -206.744 0.966 -0.257 -0. 470.775 0. 0. -1. 0.
0.255 0.967 0. -206.727 0.967 -0.255 -0. 470.745 0. 0. -1. 0.
0.254 0.967 0. -206.730 0.967 -0.254 -0. 470.784 0. 0. -1. 0.
0.252 0.968 0. -206.687 0.968 -0.252 -0. 470.776 0. 0. -1. 0.
0.258 0.966 0. -206.750 0.966 -0.258 -0. 470.747 0. 0. -1. 0.
0.253 0.967 0. -206.740 0.967 -0.253 -0. 470.746 0. 0. -1. 0.
0.255 0.967 0. -206.735 0.967 -0.255 -0. 470.803 0. 0. -1. 0.
0.253 0.967 0. -206.682 0.967 -0.253 -0. 470.727 0. 0. -1. 0.
0.251 0.968 0. -206.683 0.968 -0.251 -0. 470.733 0. 0. -1. 0.
0.255 0.967 0. -206.731 0.967 -0.255 -0. 470.780 0. 0. -1. 0.
0.251 0.968 0. -206.663 0.968 -0.251 -0. 470.722 0. 0. -1. 0.
0.251 0.968 0. -206.761 0.968 -0.251 -0. 470.805 0. 0. -1. 0.
0.253 0.967 0. -206.687 0.967 -0.253 -0. 470.810 0. 0. -1. 0.
0.255 0.967 0. -206.730 0.967 -0.255 -0. 470.767 0. 0. -1. 0.
0.252 0.968 0. -206.747 0.968 -0.252 -0. 470.839 0. 0. -1. 0.
0.250 0.968 0. -206.736 0.968 -0.250 -0. 470.841 0. 0. -1. 0.
0.251 0.968 0. -206.675 0.968 -0.251 -0. 470.857 0. 0. -1. 0.
0.254 0.967 0. -206.639 0.967 -0.254 -0. 470.872 0. 0. -1. 0.
0.256 0.967 0. -206.718 0.967 -0.256 -0. 470.855 0. 0. -1. 0.
0.253 0.967 0. -206.701 0.967 -0.253 -0. 470.864 0. 0. -1. 0.
0.252 0.968 0. -206.663 0.968 -0.252 -0. 470.907 0. 0. -1. 0.
0.254 0.967 0. -206.650 0.967 -0.254 -0. 470.919 0. 0. -1. 0.
0.257 0.966 0. -206.709 0.966 -0.257 -0. 470.919 0. 0. -1. 0.
0.255 0.967 0. -206.676 0.967 -0.255 -0. 470.908 0. 0. -1. 0.
0.253 0.967 0. -206.714 0.967 -0.253 -0. 470.965 0. 0. -1. 0.
0.258 0.966 0. -206.712 0.966 -0.258 -0. 470.955 0. 0. -1. 0.
0.258 0.966 0. -206.710 0.966 -0.258 -0. 470.961 0. 0. -1. 0.
0.257 0.966 0. -206.696 0.966 -0.257 -0. 470.936 0. 0. -1. 0.
0.254 0.967 0. -206.658 0.967 -0.254 -0. 470.906 0. 0. -1. 0.
0.253 0.967 0. -206.692 0.967 -0.253 -0. 470.944 0. 0. -1. 0.
0.257 0.966 0. -206.694 0.966 -0.257 -0. 470.911 0. 0. -1. 0.
0.251 0.968 0. -206.703 0.968 -0.251 -0. 470.927 0. 0. -1. 0.
0.255 0.967 0. -206.721 0.967 -0.255 -0. 470.946 0. 0. -1. 0.
0.254 0.967 0. -206.668 0.967 -0.254 -0. 470.921 0. 0. -1. 0.
0.258 0.966 0. -206.683 0.966 -0.258 -0. 470.930 0. 0. -1. 0.
0.254 0.967 0. -206.677 0.967 -0.254 -0. 470.962 0. 0. -1. 0.
0.251 0.968 0. -206.648 0.968 -0.251 -0. 471.076 0. 0. -1. 0.
0.255 0.967 0. -206.563 0.967 -0.255 -0. 471.212 0. 0. -1. 0.
0.255 0.967 0. -206.477 0.967 -0.255 -0. 471.372 0. 0. -1. 0.
0.258 0.966 0. -206.504 0.966 -0.258 -0. 471.694 0. 0. -1. 0.
0.252 0.968 0. -206.391 0.968 -0.252 -0. 472.109 0. 0. -1. 0.
0.248 0.969 0. -206.251 0.969 -0.248 -0. 472.627 0. 0. -1. 0.
0.255 0.967 0. -206.121 0.967 -0.255 -0. 473.302 0. 0. -1. 0.
0.255 0.967 0. -205.909 0.967 -0.255 -0. 474.048 0. 0. -1. 0.
0.257 0.966 0. -205.705 0.966 -0.257 -0. 474.939 0. 0. -1. 0.
0.259 0.966 0. -205.388 0.966 -0.259 -0. 475.904 0. 0. -1. 0.
