1. 0. 0. 0. 0. -1. -0. 0. 0. 0. -1. 0.
1. 0.001 0. -0.029 0.001 -1. -0. -0.014 0. 0. -1. 0.
1. 0.001 0. 0.005 0.001 -1. -0. -0.013 0. 0. -1. 0.
1. -0.001 -0. 0.004 -0.001 -1. -0. 0.013 0. 0. -1. 0.
1. -0.000 -0. -0.010 -0.000 -1. -0. -0.003 0. 0. -1. 0.
1. -0.001 -0. 0.007 -0.001 -1. -0. 0.010 0. 0. -1. 0.
1. 0.010 0. 0.005 0.010 -1. -0. -0.018 0. 0. -1. 0.
1. -0.000 -0. 0.023 -0.000 -1. -0. 0.005 0. 0. -1. 0.
1. 0.000 0. -0.029 0.000 -1. -0. -0.005 0. 0. -1. 0.
1. 0.001 0. -0.027 0.001 -1. -0. -0.002 0. 0. -1. 0.
1. 0.004 0. 0.023 0.004 -1. -0. 0.004 0. 0. -1. 0.
1. 0.001 0. 0.005 0.001 -1. -0. -0.023 0. 0. -1. 0.
1. 0.001 0. -0.040 0.001 -1. -0. -0.019 0. 0. -1. 0.
1. 0.003 0. -0.017 0.003 -1. -0. -0.008 0. 0. -1. 0.
1. 0. 0. 0.005 0. -1. -0. -0.005 0. 0. -1. 0.
1. 0.007 0. 0.051 0.007 -1. -0. 0.034 0. 0. -1. 0.
1. 0.008 0. 0.016 0.008 -1. -0. -0.007 0. 0. -1. 0.
1. 0.003 0. -0.027 0.003 -1. -0. -0.004 0. 0. -1. 0.
1. 0.005 0. -0.024 0.005 -1. -0. -0.016 0. 0. -1. 0.
1. 0.003 0. 0.006 0.003 -1. -0. 0.006 0. 0. -1. 0.
1. 0.005 0. 0.087 0.005 -1. -0. -0.013 0. 0. -1. 0.
1. 0.005 0. 0.085 0.005 -1. -0. 0.020 0. 0. -1. 0.
1. 0.004 0. 0.254 0.004 -1. -0. 0.012 0. 0. -1. 0.
1. -0.002 -0. 0.356 -0.002 -1. -0. 0.012 0. 0. -1. 0.
1. 0.002 0. 0.576 0.002 -1. -0. 0.013 0. 0. -1. 0.
1. 0.000 0. 0.913 0.000 -1. -0. 0.011 0. 0. -1. 0.
1. -0.012 -0. 1.361 -0.012 -1. -0. 0.011 0. 0. -1. 0.
1.000 -0.020 -0. 1.870 -0.020 -1.000 -0. -0.004 0. 0. -1. 0.
0.999 -0.034 -0. 2.412 -0.034 -0.999 -0. -0.045 0. 0. -1. 0.
0.999 -0.046 -0. 3.139 -0.046 -0.999 -0. -0.073 0. 0. -1. 0.
0.998 -0.056 -0. 3.858 -0.056 -0.998 -0. -0.118 0. 0. -1. 0.
0.998 -0.066 -0. 4.678 -0.066 -0.998 -0. -0.136 0. 0. -1. 0.
0.997 -0.079 -0. 5.489 -0.079 -0.997 -0. -0.263 0. 0. -1. 0.
0.996 -0.088 -0. 6.426 -0.088 -0.996 -0. -0.349 0. 0. -1. 0.
0.996 -0.094 -0. 7.411 -0.094 -0.996 -0. -0.485 0. 0. -1. 0.
0.996 -0.092 -0. 8.421 -0.092 -0.996 -0. -0.572 0. 0. -1. 0.
0.996 -0.088 -0. 9.520 -0.088 -0.996 -0. -0.596 0. 0. -1. 0.
0.997 -0.076 -0. 10.607 -0.076 -0.997 -0. -0.756 0. 0. -1. 0.
0.997 -0.071 -0. 11.830 -0.071 -0.997 -0. -0.886 0. 0. -1. 0.
0.998 -0.067 -0. 13.012 -0.067 -0.998 -0. -0.935 0. 0. -1. 0.
0.998 -0.058 -0. 14.246 -0.058 -0.998 -0. -0.921 0. 0. -1. 0.
0.999 -0.055 -0. 15.598 -0.055 -0.999 -0. -1.054 0. 0. -1. 0.
0.999 -0.047 -0. 16.948 -0.047 -0.999 -0. -1.198 0. 0. -1. 0.
0.999 -0.042 -0. 18.419 -0.042 -0.999 -0. -1.210 0. 0. -1. 0.
1.000 -0.030 -0. 19.776 -0.030 -1.000 -0. -1.374 0. 0. -1. 0.
1.000 -0.019 -0. 21.226 -0.019 -1.000 -0. -1.423 0. 0. -1. 0.
1. -0.006 -0. 22.888 -0.006 -1. -0. -1.477 0. 0. -1. 0.
1. 0.004 0. 24.355 0.004 -1. -0. -1.511 0. 0. -1. 0.
1. 0.014 0. 25.995 0.014 -1. -0. -1.518 0. 0. -1. 0.
1.000 0.019 0. 27.626 0.019 -1.000 -0. -1.462 0. 0. -1. 0.
1.000 0.025 0. 29.201 0.025 -1.000 -0. -1.494 0. 0. -1. 0.
1.000 0.024 0. 30.856 0.024 -1.000 -0. -1.447 0. 0. -1. 0.
1.000 0.029 0. 32.492 0.029 -1.000 -0. -1.514 0. 0. -1. 0.
1.000 0.031 0. 34.256 0.031 -1.000 -0. -1.356 0. 0. -1. 0.
0.999 0.035 0. 35.962 0.035 -0.999 -0. -1.291 0. 0. -1. 0.
0.999 0.035 0. 37.758 0.035 -0.999 -0. -1.382 0. 0. -1. 0.
0.999 0.035 0. 39.436 0.035 -0.999 -0. -1.361 0. 0. -1. 0.
0.999 0.042 0. 41.248 0.042 -0.999 -0. -1.119 0. 0. -1. 0.
0.999 0.054 0. 43.073 0.054 -0.999 -0. -1.198 0. 0. -1. 0.
0.998 0.060 0. 44.914 0.060 -0.998 -0. -1.137 0. 0. -1. 0.
0.997 0.071 0. 46.757 0.071 -0.997 -0. -1.063 0. 0. -1. 0.
0.997 0.073 0. 48.539 0.073 -0.997 -0. -0.938 0. 0. -1. 0.
0.998 0.068 0. 50.390 0.068 -0.998 -0. -0.791 0. 0. -1. 0.
0.998 0.066 0. 52.212 0.066 -0.998 -0. -0.640 0. 0. -1. 0.
0.997 0.071 0. 54.152 0.071 -0.997 -0. -0.637 0. 0. -1. 0.
0.998 0.063 0. 56.034 0.063 -0.998 -0. -0.442 0. 0. -1. 0.
0.997 0.072 0. 58.009 0.072 -0.997 -0. -0.391 0. 0. -1. 0.
0.997 0.076 0. 60.005 0.076 -0.997 -0. -0.391 0. 0. -1. 0.
0.997 0.072 0. 61.955 0.072 -0.997 -0. -0.099 0. 0. -1. 0.
0.998 0.066 0. 63.921 0.066 -0.998 -0. -0.018 0. 0. -1. 0.
0.998 0.067 0. 65.919 0.067 -0.998 -0. -0.037 0. 0. -1. 0.
0.998 0.063 0. 67.881 0.063 -0.998 -0. 0.063 0. 0. -1. 0.
0.998 0.065 0. 69.773 0.065 -0.998 -0. 0.154 0. 0. -1. 0.
0.998 0.064 0. 71.678 0.064 -0.998 -0. 0.246 0. 0. -1. 0.
0.998 0.062 0. 73.553 0.062 -0.998 -0. 0.396 0. 0. -1. 0.
0.998 0.058 0. 75.535 0.058 -0.998 -0. 0.528 0. 0. -1. 0.
0.998 0.059 0. 77.462 0.059 -0.998 -0. 0.610 0. 0. -1. 0.
0.998 0.065 0. 79.278 0.065 -0.998 -0. 0.641 0. 0. -1. 0.
0.999 0.052 0. 81.171 0.052 -0.999 -0. 0.788 0. 0. -1. 0.
0.998 0.062 0. 82.994 0.062 -0.998 -0. 0.790 0. 0. -1. 0.
0.998 0.058 0. 84.859 0.058 -0.998 -0. 0.999 0. 0. -1. 0.
0.999 0.046 0. 86.722 0.046 -0.999 -0. 0.983 0. 0. -1. 0.
1.000 0.017 0. 88.561 0.017 -1.000 -0. 1.083 0. 0. -1. 0.
1. -0.010 -0. 90.272 -0.010 -1. -0. 0.920 0. 0. -1. 0.
0.998 -0.061 -0. 92.145 -0.061 -0.998 -0. 0.932 0. 0. -1. 0.
0.994 -0.109 -0. 93.756 -0.109 -0.994 -0. 0.759 0. 0. -1. 0.
0.985 -0.171 -0. 95.577 -0.171 -0.985 -0. 0.473 0. 0. -1. 0.
0.976 -0.217 -0. 97.237 -0.217 -0.976 -0. 0.057 0. 0. -1. 0.
0.961 -0.278 -0. 98.845 -0.278 -0.961 -0. -0.361 0. 0. -1. 0.
0.943 -0.334 -0. 100.371 -0.334 -0.943 -0. -0.959 0. 0. -1. 0.
0.921 -0.391 -0. 101.952 -0.391 -0.921 -0. -1.651 0. 0. -1. 0.
0.893 -0.450 -0. 103.485 -0.450 -0.893 -0. -2.357 0. 0. -1. 0.
0.862 -0.506 -0. 104.909 -0.506 -0.862 -0. -3.181 0. 0. -1. 0.
0.820 -0.572 -0. 106.268 -0.572 -0.820 -0. -4.184 0. 0. -1. 0.
0.775 -0.632 -0. 107.537 -0.632 -0.775 -0. -5.279 0. 0. -1. 0.
0.726 -0.688 -0. 108.802 -0.688 -0.726 -0. -6.424 0. 0. -1. 0.
0.675 -0.738 -0. 110.042 -0.738 -0.675 -0. -7.674 0. 0. -1. 0.
0.623 -0.782 -0. 111.186 -0.782 -0.623 -0. -9.081 0. 0. -1. 0.
0.572 -0.820 -0. 112.152 -0.820 -0.572 -0. -10.642 0. 0. -1. 0.
0.530 -0.848 -0. 113.066 -0.848 -0.530 -0. -12.257 0. 0. -1. 0.
0.497 -0.868 -0. 113.987 -0.868 -0.497 -0. -13.972 0. 0. -1. 0.
0.471 -0.882 -0. 114.860 -0.882 -0.471 -0. -15.750 0. 0. -1. 0.
0.463 -0.887 -0. 115.665 -0.887 -0.463 -0. -17.622 0. 0. -1. 0.
0.464 -0.886 -0. 116.582 -0.886 -0.464 -0. -19.488 0. 0. -1. 0.
0.458 -0.889 -0. 117.651 -0.889 -0.458 -0. -21.279 0. 0. -1. 0.
0.456 -0.890 -0. 118.554 -0.890 -0.456 -0. -23.136 0. 0. -1. 0.
0.454 -0.891 -0. 119.512 -0.891 -0.454 -0. -25.002 0. 0. -1. 0.
0.447 -0.894 -0. 120.487 -0.894 -0.447 -0. -26.830 0. 0. -1. 0.
0.446 -0.895 -0. 121.291 -0.895 -0.446 -0. -28.681 0. 0. -1. 0.
0.455 -0.890 -0. 122.135 -0.890 -0.455 -0. -30.585 0. 0. -1. 0.
0.456 -0.890 -0. 123.136 -0.890 -0.456 -0. -32.338 0. 0. -1. 0.
0.456 -0.890 -0. 124.036 -0.890 -0.456 -0. -34.117 0. 0. -1. 0.
0.457 -0.889 -0. 124.826 -0.889 -0.457 -0. -35.934 0. 0. -1. 0.
0.468 -0.884 -0. 125.635 -0.884 -0.468 -0. -37.655 0. 0. -1. 0.
0.473 -0.881 -0. 126.688 -0.881 -0.473 -0. -39.399 0. 0. -1. 0.
0.483 -0.875 -0. 127.568 -0.875 -0.483 -0. -41.088 0. 0. -1. 0.
0.484 -0.875 -0. 128.435 -0.875 -0.484 -0. -42.832 0. 0. -1. 0.
0.483 -0.876 -0. 129.446 -0.876 -0.483 -0. -44.444 0. 0. -1. 0.
0.488 -0.873 -0. 130.264 -0.873 -0.488 -0. -46.143 0. 0. -1. 0.
0.492 -0.870 -0. 131.085 -0.870 -0.492 -0. -47.809 0. 0. -1. 0.
0.486 -0.874 -0. 132.062 -0.874 -0.486 -0. -49.491 0. 0. -1. 0.
0.496 -0.868 -0. 132.844 -0.868 -0.496 -0. -51.038 0. 0. -1. 0.
0.498 -0.867 -0. 133.673 -0.867 -0.498 -0. -52.585 0. 0. -1. 0.
0.498 -0.867 -0. 134.780 -0.867 -0.498 -0. -54.223 0. 0. -1. 0.
0.506 -0.862 -0. 135.490 -0.862 -0.506 -0. -55.674 0. 0. -1. 0.
0.529 -0.849 -0. 136.394 -0.849 -0.529 -0. -57.167 0. 0. -1. 0.
0.558 -0.830 -0. 137.258 -0.830 -0.558 -0. -58.636 0. 0. -1. 0.
0.583 -0.812 -0. 138.300 -0.812 -0.583 -0. -60.032 0. 0. -1. 0.
0.625 -0.781 -0. 139.177 -0.781 -0.625 -0. -61.190 0. 0. -1. 0.
0.662 -0.749 -0. 140.253 -0.749 -0.662 -0. -62.401 0. 0. -1. 0.
0.702 -0.713 -0. 141.342 -0.713 -0.702 -0. -63.602 0. 0. -1. 0.
0.746 -0.666 -0. 142.371 -0.666 -0.746 -0. -64.520 0. 0. -1. 0.
0.798 -0.602 -0. 143.512 -0.602 -0.798 -0. -65.238 0. 0. -1. 0.
0.852 -0.523 -0. 144.668 -0.523 -0.852 -0. -66.021 0. 0. -1. 0.
0.898 -0.441 -0. 145.813 -0.441 -0.898 -0. -66.628 0. 0. -1. 0.
0.938 -0.346 -0. 146.933 -0.346 -0.938 -0. -66.988 0. 0. -1. 0.
0.971 -0.239 -0. 148.012 -0.239 -0.971 -0. -67.284 0. 0. -1. 0.
0.992 -0.129 -0. 149.060 -0.129 -0.992 -0. -67.339 0. 0. -1. 0.
1. -0.006 -0. 150.074 -0.006 -1. -0. -67.361 0. 0. -1. 0.
0.992 0.127 0. 151.052 0.127 -0.992 -0. -67.158 0. 0. -1. 0.
0.961 0.276 0. 151.889 0.276 -0.961 -0. -66.878 0. 0. -1. 0.
0.907 0.421 0. 152.810 0.421 -0.907 -0. -66.413 0. 0. -1. 0.
0.828 0.561 0. 153.459 0.561 -0.828 -0. -65.847 0. 0. -1. 0.
0.717 0.697 0. 154.129 0.697 -0.717 -0. -65.307 0. 0. -1. 0.
0.587 0.810 0. 154.606 0.810 -0.587 -0. -64.620 0. 0. -1. 0.
0.445 0.895 0. 154.966 0.895 -0.445 -0. -63.733 0. 0. -1. 0.
0.281 0.960 0. 155.174 0.960 -0.281 -0. -62.933 0. 0. -1. 0.
0.110 0.994 0. 155.192 0.994 -0.110 -0. -62.050 0. 0. -1. 0.
-0.066 0.998 0. 155.117 0.998 0.066 0. -61.261 0. 0. -1. 0.
-0.240 0.971 0. 154.816 0.971 0.240 0. -60.428 0. 0. -1. 0.
-0.406 0.914 0. 154.444 0.914 0.406 0. -59.597 0. 0. -1. 0.
-0.563 0.827 0. 153.803 0.827 0.563 0. -58.956 0. 0. -1. 0.
-0.684 0.730 0. 153.137 0.730 0.684 0. -58.192 0. 0. -1. 0.
-0.779 0.627 0. 152.293 0.627 0.779 0. -57.629 0. 0. -1. 0.
-0.847 0.531 0. 151.443 0.531 0.847 0. -57.073 0. 0. -1. 0.
-0.894 0.449 0. 150.386 0.449 0.894 0. -56.591 0. 0. -1. 0.
-0.919 0.394 0. 149.237 0.394 0.919 0. -56.093 0. 0. -1. 0.
-0.935 0.354 0. 148.078 0.354 0.935 0. -55.588 0. 0. -1. 0.
-0.941 0.338 0. 146.789 0.338 0.941 0. -55.261 0. 0. -1. 0.
-0.941 0.340 0. 145.575 0.340 0.941 0. -54.731 0. 0. -1. 0.
-0.938 0.346 0. 144.242 0.346 0.938 0. -54.264 0. 0. -1. 0.
-0.928 0.371 0. 142.829 0.371 0.928 0. -53.683 0. 0. -1. 0.
-0.915 0.403 0. 141.553 0.403 0.915 0. -53.091 0. 0. -1. 0.
-0.896 0.443 0. 140.147 0.443 0.896 0. -52.449 0. 0. -1. 0.
-0.871 0.492 0. 138.851 0.492 0.871 0. -51.631 0. 0. -1. 0.
-0.841 0.542 0. 137.462 0.542 0.841 0. -50.743 0. 0. -1. 0.
-0.807 0.591 0. 136.091 0.591 0.807 0. -49.768 0. 0. -1. 0.
-0.775 0.633 0. 134.846 0.633 0.775 0. -48.604 0. 0. -1. 0.
-0.730 0.684 0. 133.583 0.684 0.730 0. -47.440 0. 0. -1. 0.
-0.686 0.728 0. 132.425 0.728 0.686 0. -46.092 0. 0. -1. 0.
-0.644 0.765 0. 131.265 0.765 0.644 0. -44.698 0. 0. -1. 0.
-0.605 0.796 0. 130.174 0.796 0.605 0. -43.146 0. 0. -1. 0.
-0.560 0.828 0. 129.066 0.828 0.560 0. -41.580 0. 0. -1. 0.
-0.523 0.852 0. 128.127 0.852 0.523 0. -39.938 0. 0. -1. 0.
-0.500 0.866 0. 127.093 0.866 0.500 0. -38.206 0. 0. -1. 0.
-0.475 0.880 0. 126.056 0.880 0.475 0. -36.349 0. 0. -1. 0.
-0.451 0.892 0. 125.207 0.892 0.451 0. -34.520 0. 0. -1. 0.
-0.444 0.896 0. 124.379 0.896 0.444 0. -32.586 0. 0. -1. 0.
-0.433 0.902 0. 123.524 0.902 0.433 0. -30.776 0. 0. -1. 0.
-0.432 0.902 0. 122.729 0.902 0.432 0. -28.887 0. 0. -1. 0.
-0.424 0.905 0. 121.878 0.905 0.424 0. -27.038 0. 0. -1. 0.
-0.425 0.905 0. 121.091 0.905 0.425 0. -25.160 0. 0. -1. 0.
-0.425 0.905 0. 120.118 0.905 0.425 0. -23.329 0. 0. -1. 0.
-0.426 0.905 0. 119.206 0.905 0.426 0. -21.543 0. 0. -1. 0.
-0.435 0.900 0. 118.460 0.900 0.435 0. -19.711 0. 0. -1. 0.
-0.449 0.894 0. 117.658 0.894 0.449 0. -17.967 0. 0. -1. 0.
-0.466 0.885 0. 116.782 0.885 0.466 0. -16.204 0. 0. -1. 0.
-0.499 0.866 0. 115.941 0.866 0.499 0. -14.551 0. 0. -1. 0.
-0.520 0.854 0. 114.948 0.854 0.520 0. -12.911 0. 0. -1. 0.
-0.557 0.830 0. 113.993 0.830 0.557 0. -11.400 0. 0. -1. 0.
-0.593 0.805 0. 113.089 0.805 0.593 0. -9.787 0. 0. -1. 0.
-0.631 0.775 0. 111.796 0.775 0.631 0. -8.586 0. 0. -1. 0.
-0.671 0.742 0. 110.768 0.742 0.671 0. -7.260 0. 0. -1. 0.
-0.709 0.706 0. 109.681 0.706 0.709 0. -6.131 0. 0. -1. 0.
-0.751 0.661 0. 108.564 0.661 0.751 0. -4.900 0. 0. -1. 0.
-0.786 0.618 0. 107.190 0.618 0.786 0. -3.881 0. 0. -1. 0.
-0.825 0.565 0. 106.050 0.565 0.825 0. -2.965 0. 0. -1. 0.
-0.855 0.519 0. 104.542 0.519 0.855 0. -2.210 0. 0. -1. 0.
-0.885 0.465 0. 103.160 0.465 0.885 0. -1.529 0. 0. -1. 0.
-0.909 0.417 0. 101.825 0.417 0.909 0. -0.789 0. 0. -1. 0.
-0.935 0.355 0. 100.400 0.355 0.935 0. -0.329 0. 0. -1. 0.
-0.953 0.304 0. 98.898 0.304 0.953 0. 0.275 0. 0. -1. 0.
-0.970 0.242 0. 97.531 0.242 0.970 0. 0.804 0. 0. -1. 0.
-0.982 0.190 0. 95.846 0.190 0.982 0. 1.097 0. 0. -1. 0.
-0.992 0.129 0. 94.156 0.129 0.992 0. 1.324 0. 0. -1. 0.
-0.997 0.080 0. 92.494 0.080 0.997 0. 1.454 0. 0. -1. 0.
-0.999 0.041 0. 90.696 0.041 0.999 0. 1.539 0. 0. -1. 0.
-1.000 0.017 0. 88.850 0.017 1.000 0. 1.558 0. 0. -1. 0.
-1. -0.003 -0. 87.102 -0.003 1. 0. 1.650 0. 0. -1. 0.
-1. 0.002 0. 85.327 0.002 1. 0. 1.526 0. 0. -1. 0.
-1. -0.003 -0. 83.450 -0.003 1. 0. 1.541 0. 0. -1. 0.
-1. -0.008 -0. 81.673 -0.008 1. 0. 1.494 0. 0. -1. 0.
-1.000 -0.016 -0. 79.871 -0.016 1.000 0. 1.571 0. 0. -1. 0.
-1.000 -0.015 -0. 78.087 -0.015 1.000 0. 1.560 0. 0. -1. 0.
-1.000 -0.021 -0. 76.345 -0.021 1.000 0. 1.538 0. 0. -1. 0.
-1.000 -0.019 -0. 74.522 -0.019 1.000 0. 1.572 0. 0. -1. 0.
-1.000 -0.024 -0. 72.803 -0.024 1.000 0. 1.539 0. 0. -1. 0.
-1.000 -0.027 -0. 71.057 -0.027 1.000 0. 1.534 0. 0. -1. 0.
-1.000 -0.026 -0. 69.303 -0.026 1.000 0. 1.406 0. 0. -1. 0.
-0.999 -0.035 -0. 67.540 -0.035 0.999 0. 1.441 0. 0. -1. 0.
-0.999 -0.045 -0. 65.709 -0.045 0.999 0. 1.426 0. 0. -1. 0.
-0.998 -0.063 -0. 63.944 -0.063 0.998 0. 1.405 0. 0. -1. 0.
-0.997 -0.072 -0. 62.137 -0.072 0.997 0. 1.214 0. 0. -1. 0.
-0.997 -0.079 -0. 60.299 -0.079 0.997 0. 1.153 0. 0. -1. 0.
-0.996 -0.088 -0. 58.555 -0.088 0.996 0. 1.005 0. 0. -1. 0.
-0.996 -0.086 -0. 56.705 -0.086 0.996 0. 0.905 0. 0. -1. 0.
-0.996 -0.086 -0. 54.885 -0.086 0.996 0. 0.808 0. 0. -1. 0.
-0.997 -0.078 -0. 53.001 -0.078 0.997 0. 0.642 0. 0. -1. 0.
-0.997 -0.075 -0. 51.102 -0.075 0.997 0. 0.576 0. 0. -1. 0.
-0.998 -0.067 -0. 49.226 -0.067 0.998 0. 0.394 0. 0. -1. 0.
-0.998 -0.057 -0. 47.316 -0.057 0.998 0. 0.447 0. 0. -1. 0.
-0.999 -0.049 -0. 45.365 -0.049 0.999 0. 0.328 0. 0. -1. 0.
-0.999 -0.036 -0. 43.436 -0.036 0.999 0. 0.295 0. 0. -1. 0.
-1.000 -0.029 -0. 41.518 -0.029 1.000 0. 0.210 0. 0. -1. 0.
-1.000 -0.024 -0. 39.491 -0.024 1.000 0. 0.101 0. 0. -1. 0.
-1.000 -0.016 -0. 37.490 -0.016 1.000 0. 0.036 0. 0. -1. 0.
-1. -0.014 -0. 35.454 -0.014 1. 0. 0.315 0. 0. -1. 0.
-1.000 -0.017 -0. 33.386 -0.017 1.000 0. 0.142 0. 0. -1. 0.
-1. -0.013 -0. 31.300 -0.013 1. 0. 0.105 0. 0. -1. 0.
-1. -0.003 -0. 29.237 -0.003 1. 0. 0.210 0. 0. -1. 0.
-1. -0.002 -0. 27.098 -0.002 1. 0. 0.215 0. 0. -1. 0.
-1. 0.001 0. 24.970 0.001 1. 0. 0.187 0. 0. -1. 0.
-1. 0.011 0. 22.885 0.011 1. 0. 0.250 0. 0. -1. 0.
-1.000 0.016 0. 20.699 0.016 1.000 0. 0.322 0. 0. -1. 0.
-1.000 0.022 0. 18.587 0.022 1.000 0. 0.374 0. 0. -1. 0.
-0.999 0.034 0. 16.315 0.034 0.999 0. 0.492 0. 0. -1. 0.
-0.999 0.035 0. 14.226 0.035 0.999 0. 0.524 0. 0. -1. 0.
-1.000 0.031 0. 11.943 0.031 1.000 0. 0.597 0. 0. -1. 0.
-0.999 0.039 0. 9.720 0.039 0.999 0. 0.723 0. 0. -1. 0.
-0.999 0.040 0. 7.405 0.040 0.999 0. 0.820 0. 0. -1. 0.
-0.999 0.036 0. 5.184 0.036 0.999 0. 0.935 0. 0. -1. 0.
-0.999 0.039 0. 2.893 0.039 0.999 0. 1.073 0. 0. -1. 0.
-0.999 0.041 0. 0.638 0.041 0.999 0. 1.212 0. 0. -1. 0.
-0.999 0.041 0. -1.563 0.041 0.999 0. 1.318 0. 0. -1. 0.
-0.999 0.047 0. -3.807 0.047 0.999 0. 1.450 0. 0. -1. 0.
-0.999 0.036 0. -6.014 0.036 0.999 0. 1.534 0. 0. -1. 0.
-0.999 0.036 0. -8.177 0.036 0.999 0. 1.631 0. 0. -1. 0.
-0.999 0.043 0. -10.418 0.043 0.999 0. 1.718 0. 0. -1. 0.
-0.999 0.034 0. -12.636 0.034 0.999 0. 1.948 0. 0. -1. 0.
-0.999 0.032 0. -14.849 0.032 0.999 0. 2.069 0. 0. -1. 0.
-1.000 0.027 0. -17.047 0.027 1.000 0. 2.147 0. 0. -1. 0.
-1.000 0.024 0. -19.365 0.024 1.000 0. 2.369 0. 0. -1. 0.
-1.000 0.023 0. -21.525 0.023 1.000 0. 2.326 0. 0. -1. 0.
-1. 0.008 0. -23.825 0.008 1. 0. 2.451 0. 0. -1. 0.
-1. 0.002 0. -26.051 0.002 1. 0. 2.414 0. 0. -1. 0.
-1. -0.007 -0. -28.302 -0.007 1. 0. 2.468 0. 0. -1. 0.
-1. -0.009 -0. -30.607 -0.009 1. 0. 2.402 0. 0. -1. 0.
-1. -0.013 -0. -32.737 -0.013 1. 0. 2.410 0. 0. -1. 0.
-0.999 -0.033 -0. -34.945 -0.033 0.999 0. 2.420 0. 0. -1. 0.
-1.000 -0.029 -0. -37.067 -0.029 1.000 0. 2.315 0. 0. -1. 0.
-0.999 -0.039 -0. -39.113 -0.039 0.999 0. 2.235 0. 0. -1. 0.
-0.999 -0.049 -0. -41.255 -0.049 0.999 0. 2.129 0. 0. -1. 0.
-0.999 -0.055 -0. -43.116 -0.055 0.999 0. 2.055 0. 0. -1. 0.
-0.999 -0.048 -0. -45.068 -0.048 0.999 0. 2.046 0. 0. -1. 0.
-0.999 -0.049 -0. -46.917 -0.049 0.999 0. 1.933 0. 0. -1. 0.
-0.999 -0.050 -0. -48.630 -0.050 0.999 0. 1.927 0. 0. -1. 0.
-0.999 -0.046 -0. -50.365 -0.046 0.999 0. 1.838 0. 0. -1. 0.
-1.000 -0.029 -0. -51.879 -0.029 1.000 0. 1.739 0. 0. -1. 0.
-1.000 -0.019 -0. -53.392 -0.019 1.000 0. 1.831 0. 0. -1. 0.
-1. -0.003 -0. -54.800 -0.003 1. 0. 1.784 0. 0. -1. 0.
-0.999 0.034 0. -56.088 0.034 0.999 0. 1.868 0. 0. -1. 0.
-0.999 0.052 0. -57.372 0.052 0.999 0. 1.952 0. 0. -1. 0.
-0.996 0.093 0. -58.531 0.093 0.996 0. 2.062 0. 0. -1. 0.
-0.990 0.138 0. -59.615 0.138 0.990 0. 2.265 0. 0. -1. 0.
-0.981 0.195 0. -60.646 0.195 0.981 0. 2.480 0. 0. -1. 0.
-0.968 0.251 0. -61.713 0.251 0.968 0. 2.773 0. 0. -1. 0.
-0.945 0.328 0. -62.780 0.328 0.945 0. 3.062 0. 0. -1. 0.
-0.910 0.414 0. -63.678 0.414 0.910 0. 3.568 0. 0. -1. 0.
-0.866 0.500 0. -64.448 0.500 0.866 0. 4.149 0. 0. -1. 0.
-0.807 0.590 0. -65.260 0.590 0.807 0. 4.745 0. 0. -1. 0.
-0.730 0.683 0. -66.015 0.683 0.730 0. 5.488 0. 0. -1. 0.
-0.639 0.770 0. -66.528 0.770 0.639 0. 6.361 0. 0. -1. 0.
-0.529 0.848 0. -67.246 0.848 0.529 0. 7.192 0. 0. -1. 0.
-0.413 0.911 0. -67.691 0.911 0.413 0. 8.174 0. 0. -1. 0.
-0.307 0.952 0. -68.011 0.952 0.307 0. 9.207 0. 0. -1. 0.
-0.229 0.973 0. -68.240 0.973 0.229 0. 10.342 0. 0. -1. 0.
-0.161 0.987 0. -68.390 0.987 0.161 0. 11.509 0. 0. -1. 0.
-0.130 0.992 0. -68.544 0.992 0.130 0. 12.685 0. 0. -1. 0.
-0.090 0.996 0. -68.612 0.996 0.090 0. 14.117 0. 0. -1. 0.
-0.088 0.996 0. -68.649 0.996 0.088 0. 15.419 0. 0. -1. 0.
-0.066 0.998 0. -68.640 0.998 0.066 0. 16.928 0. 0. -1. 0.
-0.059 0.998 0. -68.801 0.998 0.059 0. 18.270 0. 0. -1. 0.
-0.057 0.998 0. -68.789 0.998 0.057 0. 19.796 0. 0. -1. 0.
-0.060 0.998 0. -69.002 0.998 0.060 0. 21.328 0. 0. -1. 0.
-0.055 0.998 0. -68.964 0.998 0.055 0. 22.937 0. 0. -1. 0.
-0.068 0.998 0. -68.919 0.998 0.068 0. 24.613 0. 0. -1. 0.
-0.047 0.999 0. -69.045 0.999 0.047 0. 26.174 0. 0. -1. 0.
-0.039 0.999 0. -69.143 0.999 0.039 0. 27.842 0. 0. -1. 0.
-0.022 1.000 0. -69. 1.000 0.022 0. 29.469 0. 0. -1. 0.
-0.012 1. 0. -69.132 1. 0.012 0. 31.111 0. 0. -1. 0.
0.021 1.000 0. -68.949 1.000 -0.021 -0. 32.826 0. 0. -1. 0.
0.051 0.999 0. -68.966 0.999 -0.051 -0. 34.474 0. 0. -1. 0.
0.081 0.997 0. -68.824 0.997 -0.081 -0. 36.156 0. 0. -1. 0.
0.117 0.993 0. -68.533 0.993 -0.117 -0. 37.880 0. 0. -1. 0.
0.127 0.992 0. -68.254 0.992 -0.127 -0. 39.495 0. 0. -1. 0.
0.148 0.989 0. -67.991 0.989 -0.148 -0. 41.218 0. 0. -1. 0.
0.143 0.990 0. -67.738 0.990 -0.143 -0. 42.872 0. 0. -1. 0.
0.131 0.991 0. -67.428 0.991 -0.131 -0. 44.785 0. 0. -1. 0.
0.113 0.994 0. -67.151 0.994 -0.113 -0. 46.556 0. 0. -1. 0.
0.100 0.995 0. -66.974 0.995 -0.100 -0. 48.382 0. 0. -1. 0.
0.072 0.997 0. -66.751 0.997 -0.072 -0. 50.293 0. 0. -1. 0.
0.050 0.999 0. -66.648 0.999 -0.050 -0. 52.231 0. 0. -1. 0.
0.039 0.999 0. -66.548 0.999 -0.039 -0. 54.187 0. 0. -1. 0.
0.014 1. 0. -66.485 1. -0.014 -0. 56.194 0. 0. -1. 0.
0.003 1. 0. -66.380 1. -0.003 -0. 58.203 0. 0. -1. 0.
-0.006 1. 0. -66.426 1. 0.006 0. 60.128 0. 0. -1. 0.
-0.011 1. 0. -66.398 1. 0.011 0. 62.154 0. 0. -1. 0.
-0.020 1.000 0. -66.454 1.000 0.020 0. 64.079 0. 0. -1. 0.
-0.028 1.000 0. -66.498 1.000 0.028 0. 65.963 0. 0. -1. 0.
-0.029 1.000 0. -66.499 1.000 0.029 0. 68.027 0. 0. -1. 0.
-0.034 0.999 0. -66.511 0.999 0.034 0. 69.915 0. 0. -1. 0.
-0.031 1.000 0. -66.547 1.000 0.031 0. 71.778 0. 0. -1. 0.
-0.033 0.999 0. -66.616 0.999 0.033 0. 73.638 0. 0. -1. 0.
-0.042 0.999 0. -66.671 0.999 0.042 0. 75.423 0. 0. -1. 0.
-0.058 0.998 0. -66.677 0.998 0.058 0. 77.238 0. 0. -1. 0.
-0.079 0.997 0. -66.763 0.997 0.079 0. 79.009 0. 0. -1. 0.
-0.122 0.993 0. -66.985 0.993 0.122 0. 80.591 0. 0. -1. 0.
-0.159 0.987 0. -67.141 0.987 0.159 0. 82.265 0. 0. -1. 0.
-0.223 0.975 0. -67.480 0.975 0.223 0. 83.717 0. 0. -1. 0.
-0.284 0.959 0. -67.818 0.959 0.284 0. 85.279 0. 0. -1. 0.
-0.355 0.935 0. -68.416 0.935 0.355 0. 86.596 0. 0. -1. 0.
-0.427 0.904 0. -68.897 0.904 0.427 0. 87.972 0. 0. -1. 0.
-0.503 0.864 0. -69.550 0.864 0.503 0. 89.161 0. 0. -1. 0.
-0.577 0.817 0. -70.284 0.817 0.577 0. 90.388 0. 0. -1. 0.
-0.656 0.755 0. -71.187 0.755 0.656 0. 91.406 0. 0. -1. 0.
-0.728 0.685 0. -72.105 0.685 0.728 0. 92.344 0. 0. -1. 0.
-0.798 0.602 0. -73.166 0.602 0.798 0. 93.147 0. 0. -1. 0.
-0.857 0.515 0. -74.320 0.515 0.857 0. 93.862 0. 0. -1. 0.
-0.901 0.434 0. -75.504 0.434 0.901 0. 94.524 0. 0. -1. 0.
-0.936 0.353 0. -76.819 0.353 0.936 0. 94.893 0. 0. -1. 0.
-0.961 0.275 0. -78.234 0.275 0.961 0. 95.038 0. 0. -1. 0.
-0.974 0.226 0. -79.493 0.226 0.974 0. 95.512 0. 0. -1. 0.
-0.983 0.183 0. -80.981 0.183 0.983 0. 95.924 0. 0. -1. 0.
-0.988 0.157 0. -82.482 0.157 0.988 0. 96.292 0. 0. -1. 0.
-0.988 0.152 0. -84.103 0.152 0.988 0. 96.325 0. 0. -1. 0.
-0.987 0.163 0. -85.541 0.163 0.987 0. 96.741 0. 0. -1. 0.
-0.981 0.192 0. -87.140 0.192 0.981 0. 97.102 0. 0. -1. 0.
-0.972 0.233 0. -88.598 0.233 0.972 0. 97.547 0. 0. -1. 0.
-0.959 0.282 0. -90.193 0.282 0.959 0. 97.947 0. 0. -1. 0.
-0.941 0.337 0. -91.834 0.337 0.941 0. 98.539 0. 0. -1. 0.
-0.923 0.385 0. -93.328 0.385 0.923 0. 99.203 0. 0. -1. 0.
-0.898 0.441 0. -94.870 0.441 0.898 0. 100.098 0. 0. -1. 0.
-0.869 0.495 0. -96.351 0.495 0.869 0. 100.994 0. 0. -1. 0.
-0.842 0.540 0. -97.874 0.540 0.842 0. 101.942 0. 0. -1. 0.
-0.819 0.574 0. -99.371 0.574 0.819 0. 102.993 0. 0. -1. 0.
-0.790 0.613 0. -100.859 0.613 0.790 0. 104.131 0. 0. -1. 0.
-0.778 0.629 0. -102.383 0.629 0.778 0. 105.246 0. 0. -1. 0.
-0.762 0.647 0. -103.773 0.647 0.762 0. 106.620 0. 0. -1. 0.
-0.759 0.651 0. -105.320 0.651 0.759 0. 107.860 0. 0. -1. 0.
-0.749 0.663 0. -106.783 0.663 0.749 0. 109.230 0. 0. -1. 0.
-0.750 0.661 0. -108.303 0.661 0.750 0. 110.687 0. 0. -1. 0.
-0.743 0.669 0. -109.888 0.669 0.743 0. 111.954 0. 0. -1. 0.
-0.745 0.667 0. -111.388 0.667 0.745 0. 113.474 0. 0. -1. 0.
-0.745 0.667 0. -112.938 0.667 0.745 0. 114.997 0. 0. -1. 0.
-0.743 0.669 0. -114.537 0.669 0.743 0. 116.452 0. 0. -1. 0.
-0.740 0.672 0. -116.083 0.672 0.740 0. 117.776 0. 0. -1. 0.
-0.740 0.673 0. -117.696 0.673 0.740 0. 119.376 0. 0. -1. 0.
-0.732 0.681 0. -119.285 0.681 0.732 0. 120.930 0. 0. -1. 0.
-0.734 0.679 0. -120.935 0.679 0.734 0. 122.437 0. 0. -1. 0.
-0.733 0.681 0. -122.566 0.681 0.733 0. 124.058 0. 0. -1. 0.
-0.731 0.682 0. -124.269 0.682 0.731 0. 125.652 0. 0. -1. 0.
-0.728 0.685 0. -125.960 0.685 0.728 0. 127.270 0. 0. -1. 0.
-0.731 0.682 0. -127.545 0.682 0.731 0. 128.877 0. 0. -1. 0.
-0.730 0.684 0. -129.261 0.684 0.730 0. 130.541 0. 0. -1. 0.
-0.728 0.685 0. -130.940 0.685 0.728 0. 132.207 0. 0. -1. 0.
-0.727 0.686 0. -132.668 0.686 0.727 0. 133.808 0. 0. -1. 0.
-0.728 0.686 0. -134.364 0.686 0.728 0. 135.576 0. 0. -1. 0.
-0.726 0.688 0. -136.087 0.688 0.726 0. 137.229 0. 0. -1. 0.
-0.723 0.691 0. -137.768 0.691 0.723 0. 138.937 0. 0. -1. 0.
-0.720 0.694 0. -139.457 0.694 0.720 0. 140.600 0. 0. -1. 0.
-0.719 0.695 0. -141.144 0.695 0.719 0. 142.281 0. 0. -1. 0.
-0.716 0.698 0. -142.909 0.698 0.716 0. 144.016 0. 0. -1. 0.
-0.701 0.713 0. -144.599 0.713 0.701 0. 145.719 0. 0. -1. 0.
-0.688 0.725 0. -146.112 0.725 0.688 0. 147.442 0. 0. -1. 0.
-0.678 0.735 0. -147.762 0.735 0.678 0. 149.194 0. 0. -1. 0.
-0.660 0.752 0. -149.203 0.752 0.660 0. 150.987 0. 0. -1. 0.
-0.639 0.770 0. -150.731 0.770 0.639 0. 152.735 0. 0. -1. 0.
-0.617 0.787 0. -152.049 0.787 0.617 0. 154.584 0. 0. -1. 0.
-0.602 0.798 0. -153.295 0.798 0.602 0. 156.493 0. 0. -1. 0.
-0.575 0.818 0. -154.650 0.818 0.575 0. 158.222 0. 0. -1. 0.
-0.551 0.835 0. -155.908 0.835 0.551 0. 160.147 0. 0. -1. 0.
-0.522 0.853 0. -157.047 0.853 0.522 0. 162.041 0. 0. -1. 0.
-0.491 0.871 0. -158.151 0.871 0.491 0. 163.949 0. 0. -1. 0.
-0.460 0.888 0. -159.094 0.888 0.460 0. 165.974 0. 0. -1. 0.
-0.427 0.904 0. -160.044 0.904 0.427 0. 168.028 0. 0. -1. 0.
-0.386 0.923 0. -160.768 0.923 0.386 0. 170.169 0. 0. -1. 0.
-0.349 0.937 0. -161.638 0.937 0.349 0. 172.299 0. 0. -1. 0.
-0.308 0.952 0. -162.382 0.952 0.308 0. 174.473 0. 0. -1. 0.
-0.283 0.959 0. -163.131 0.959 0.283 0. 176.674 0. 0. -1. 0.
-0.253 0.967 0. -163.749 0.967 0.253 0. 178.862 0. 0. -1. 0.
-0.225 0.974 0. -164.043 0.974 0.225 0. 181.250 0. 0. -1. 0.
-0.209 0.978 0. -164.524 0.978 0.209 0. 183.542 0. 0. -1. 0.
-0.187 0.982 0. -165.064 0.982 0.187 0. 185.866 0. 0. -1. 0.
-0.169 0.986 0. -165.223 0.986 0.169 0. 188.197 0. 0. -1. 0.
-0.161 0.987 0. -165.405 0.987 0.161 0. 190.581 0. 0. -1. 0.
-0.152 0.988 0. -165.974 0.988 0.152 0. 192.859 0. 0. -1. 0.
-0.154 0.988 0. -166.152 0.988 0.154 0. 195.129 0. 0. -1. 0.
-0.141 0.990 0. -166.541 0.990 0.141 0. 197.420 0. 0. -1. 0.
-0.150 0.989 0. -166.572 0.989 0.150 0. 199.669 0. 0. -1. 0.
-0.151 0.989 0. -167.016 0.989 0.151 0. 201.866 0. 0. -1. 0.
-0.161 0.987 0. -167.274 0.987 0.161 0. 204.064 0. 0. -1. 0.
-0.185 0.983 0. -167.599 0.983 0.185 0. 206.216 0. 0. -1. 0.
-0.210 0.978 0. -167.977 0.978 0.210 0. 208.353 0. 0. -1. 0.
-0.234 0.972 0. -168.496 0.972 0.234 0. 210.419 0. 0. -1. 0.
-0.278 0.961 0. -168.939 0.961 0.278 0. 212.425 0. 0. -1. 0.
-0.324 0.946 0. -169.606 0.946 0.324 0. 214.438 0. 0. -1. 0.
-0.373 0.928 0. -170.245 0.928 0.373 0. 216.390 0. 0. -1. 0.
-0.424 0.906 0. -171.213 0.906 0.424 0. 218.214 0. 0. -1. 0.
-0.475 0.880 0. -172.037 0.880 0.475 0. 219.993 0. 0. -1. 0.
-0.531 0.848 0. -173.126 0.848 0.531 0. 221.766 0. 0. -1. 0.
-0.585 0.811 0. -174.184 0.811 0.585 0. 223.329 0. 0. -1. 0.
-0.640 0.769 0. -175.544 0.769 0.640 0. 224.853 0. 0. -1. 0.
-0.692 0.722 0. -176.788 0.722 0.692 0. 226.363 0. 0. -1. 0.
-0.748 0.663 0. -178.252 0.663 0.748 0. 227.657 0. 0. -1. 0.
-0.801 0.599 0. -179.868 0.599 0.801 0. 228.816 0. 0. -1. 0.
-0.847 0.532 0. -181.722 0.532 0.847 0. 229.831 0. 0. -1. 0.
-0.884 0.467 0. -183.385 0.467 0.884 0. 230.844 0. 0. -1. 0.
-0.915 0.404 0. -185.088 0.404 0.915 0. 231.751 0. 0. -1. 0.
-0.936 0.351 0. -187.159 0.351 0.936 0. 232.408 0. 0. -1. 0.
-0.953 0.304 0. -189.053 0.304 0.953 0. 233.259 0. 0. -1. 0.
-0.963 0.270 0. -191.023 0.270 0.963 0. 233.940 0. 0. -1. 0.
-0.966 0.257 0. -193.092 0.257 0.966 0. 234.548 0. 0. -1. 0.
-0.967 0.254 0. -195.219 0.254 0.967 0. 235.132 0. 0. -1. 0.
-0.969 0.249 0. -197.367 0.249 0.969 0. 235.737 0. 0. -1. 0.
-0.969 0.247 0. -199.500 0.247 0.969 0. 236.253 0. 0. -1. 0.
-0.971 0.237 0. -201.702 0.237 0.971 0. 236.876 0. 0. -1. 0.
-0.971 0.238 0. -203.998 0.238 0.971 0. 237.427 0. 0. -1. 0.
-0.970 0.245 0. -206.019 0.245 0.970 0. 238.069 0. 0. -1. 0.
-0.968 0.252 0. -208.167 0.252 0.968 0. 238.615 0. 0. -1. 0.
-0.968 0.250 0. -210.260 0.250 0.968 0. 239.180 0. 0. -1. 0.
-0.969 0.248 0. -212.514 0.248 0.969 0. 239.648 0. 0. -1. 0.
-0.970 0.244 0. -214.516 0.244 0.970 0. 240.326 0. 0. -1. 0.
-0.970 0.242 0. -216.690 0.242 0.970 0. 240.819 0. 0. -1. 0.
-0.970 0.243 0. -218.745 0.243 0.970 0. 241.321 0. 0. -1. 0.
-0.969 0.245 0. -220.701 0.245 0.969 0. 241.934 0. 0. -1. 0.
-0.970 0.243 0. -222.722 0.243 0.970 0. 242.490 0. 0. -1. 0.
-0.970 0.241 0. -224.925 0.241 0.970 0. 242.912 0. 0. -1. 0.
-0.970 0.245 0. -226.741 0.245 0.970 0. 243.474 0. 0. -1. 0.
-0.970 0.245 0. -228.668 0.245 0.970 0. 244.012 0. 0. -1. 0.
-0.969 0.249 0. -230.494 0.249 0.969 0. 244.518 0. 0. -1. 0.
-0.967 0.256 0. -232.210 0.256 0.967 0. 244.919 0. 0. -1. 0.
-0.964 0.265 0. -233.872 0.265 0.964 0. 245.381 0. 0. -1. 0.
-0.962 0.272 0. -235.472 0.272 0.962 0. 245.895 0. 0. -1. 0.
-0.958 0.288 0. -237.035 0.288 0.958 0. 246.423 0. 0. -1. 0.
-0.951 0.308 0. -238.460 0.308 0.951 0. 246.893 0. 0. -1. 0.
-0.941 0.339 0. -239.808 0.339 0.941 0. 247.344 0. 0. -1. 0.
-0.930 0.369 0. -241.037 0.369 0.930 0. 247.918 0. 0. -1. 0.
-0.916 0.401 0. -242.147 0.401 0.916 0. 248.464 0. 0. -1. 0.
-0.901 0.434 0. -243.224 0.434 0.901 0. 249.044 0. 0. -1. 0.
-0.887 0.463 0. -244.104 0.463 0.887 0. 249.470 0. 0. -1. 0.
-0.880 0.475 0. -244.980 0.475 0.880 0. 249.883 0. 0. -1. 0.
-0.881 0.474 0. -245.867 0.474 0.881 0. 250.522 0. 0. -1. 0.
-0.884 0.467 0. -246.779 0.467 0.884 0. 250.934 0. 0. -1. 0.
-0.895 0.447 0. -247.549 0.447 0.895 0. 251.482 0. 0. -1. 0.
-0.904 0.429 0. -248.373 0.429 0.904 0. 251.858 0. 0. -1. 0.
-0.916 0.402 0. -248.996 0.402 0.916 0. 252.151 0. 0. -1. 0.
-0.927 0.376 0. -249.675 0.376 0.927 0. 252.356 0. 0. -1. 0.
-0.935 0.355 0. -250.200 0.355 0.935 0. 252.439 0. 0. -1. 0.
-0.943 0.333 0. -250.625 0.333 0.943 0. 252.613 0. 0. -1. 0.
-0.946 0.325 0. -250.945 0.325 0.946 0. 252.703 0. 0. -1. 0.
-0.948 0.317 0. -251.279 0.317 0.948 0. 252.860 0. 0. -1. 0.
-0.952 0.307 0. -251.562 0.307 0.952 0. 253.003 0. 0. -1. 0.
-0.955 0.297 0. -251.974 0.297 0.955 0. 253.011 0. 0. -1. 0.
-0.956 0.293 0. -252.170 0.293 0.956 0. 253.208 0. 0. -1. 0.
-0.957 0.289 0. -252.424 0.289 0.957 0. 253.251 0. 0. -1. 0.
-0.955 0.296 0. -252.566 0.296 0.955 0. 253.207 0. 0. -1. 0.
-0.958 0.288 0. -252.666 0.288 0.958 0. 253.320 0. 0. -1. 0.
-0.957 0.290 0. -252.737 0.290 0.957 0. 253.343 0. 0. -1. 0.
-0.955 0.296 0. -252.782 0.296 0.955 0. 253.457 0. 0. -1. 0.
-0.955 0.295 0. -252.796 0.295 0.955 0. 253.459 0. 0. -1. 0.
-0.955 0.295 0. -252.762 0.295 0.955 0. 253.397 0. 0. -1. 0.
-0.954 0.300 0. -252.786 0.300 0.954 0. 253.457 0. 0. -1. 0.
-0.957 0.291 0. -252.676 0.291 0.957 0. 253.531 0. 0. -1. 0.
-0.957 0.289 0. -252.761 0.289 0.957 0. 253.461 0. 0. -1. 0.
-0.956 0.292 0. -252.780 0.292 0.956 0. 253.392 0. 0. -1. 0.
-0.955 0.295 0. -252.738 0.295 0.955 0. 253.404 0. 0. -1. 0.
-0.954 0.299 0. -252.712 0.299 0.954 0. 253.417 0. 0. -1. 0.
-0.953 0.302 0. -252.764 0.302 0.953 0. 253.490 0. 0. -1. 0.
-0.954 0.300 0. -252.742 0.300 0.954 0. 253.528 0. 0. -1. 0.
-0.957 0.291 0. -252.728 0.291 0.957 0. 253.351 0. 0. -1. 0.
-0.956 0.292 0. -252.823 0.292 0.956 0. 253.558 0. 0. -1. 0.
-0.954 0.301 0. -252.802 0.301 0.954 0. 253.573 0. 0. -1. 0.
-0.955 0.295 0. -252.805 0.295 0.955 0. 253.651 0. 0. -1. 0.
-0.954 0.300 0. -252.748 0.300 0.954 0. 253.520 0. 0. -1. 0.
-0.954 0.300 0. -252.741 0.300 0.954 0. 253.505 0. 0. -1. 0.
-0.954 0.300 0. -252.772 0.300 0.954 0. 253.576 0. 0. -1. 0.
-0.954 0.301 0. -252.770 0.301 0.954 0. 253.569 0. 0. -1. 0.
-0.956 0.295 0. -252.853 0.295 0.956 0. 253.596 0. 0. -1. 0.
-0.956 0.292 0. -252.850 0.292 0.956 0. 253.643 0. 0. -1. 0.
-0.956 0.294 0. -252.768 0.294 0.956 0. 253.532 0. 0. -1. 0.
-0.956 0.293 0. -252.851 0.293 0.956 0. 253.697 0. 0. -1. 0.
-0.955 0.297 0. -252.765 0.297 0.955 0. 253.533 0. 0. -1. 0.
-0.956 0.293 0. -252.770 0.293 0.956 0. 253.466 0. 0. -1. 0.
-0.957 0.291 0. -252.831 0.291 0.957 0. 253.543 0. 0. -1. 0.
-0.956 0.294 0. -252.814 0.294 0.956 0. 253.480 0. 0. -1. 0.
-0.956 0.293 0. -252.765 0.293 0.956 0. 253.426 0. 0. -1. 0.
-0.956 0.292 0. -252.784 0.292 0.956 0. 253.533 0. 0. -1. 0.
-0.954 0.300 0. -252.811 0.300 0.954 0. 253.467 0. 0. -1. 0.
-0.957 0.291 0. -252.739 0.291 0.957 0. 253.508 0. 0. -1. 0.
-0.956 0.292 0. -252.847 0.292 0.956 0. 253.596 0. 0. -1. 0.
-0.956 0.292 0. -252.776 0.292 0.956 0. 253.492 0. 0. -1. 0.
-0.957 0.291 0. -252.803 0.291 0.957 0. 253.492 0. 0. -1. 0.
-0.957 0.291 0. -252.761 0.291 0.957 0. 253.435 0. 0. -1. 0.
-0.956 0.293 0. -252.758 0.293 0.956 0. 253.493 0. 0. -1. 0.
-0.956 0.294 0. -252.728 0.294 0.956 0. 253.460 0. 0. -1. 0.
-0.954 0.298 0. -252.709 0.298 0.954 0. 253.455 0. 0. -1. 0.
-0.955 0.296 0. -252.738 0.296 0.955 0. 253.526 0. 0. -1. 0.
-0.957 0.291 0. -252.763 0.291 0.957 0. 253.569 0. 0. -1. 0.
-0.956 0.292 0. -252.760 0.292 0.956 0. 253.450 0. 0. -1. 0.
-0.957 0.291 0. -252.756 0.291 0.957 0. 253.388 0. 0. -1. 0.
-0.957 0.290 0. -252.800 0.290 0.957 0. 253.515 0. 0. -1. 0.
-0.957 0.289 0. -252.773 0.289 0.957 0. 253.509 0. 0. -1. 0.
-0.956 0.293 0. -252.803 0.293 0.956 0. 253.453 0. 0. -1. 0.
-0.955 0.297 0. -252.737 0.297 0.955 0. 253.418 0. 0. -1. 0.
-0.956 0.293 0. -252.746 0.293 0.956 0. 253.515 0. 0. -1. 0.
-0.954 0.299 0. -252.778 0.299 0.954 0. 253.515 0. 0. -1. 0.
-0.954 0.300 0. -252.780 0.300 0.954 0. 253.427 0. 0. -1. 0.
-0.954 0.298 0. -252.797 0.298 0.954 0. 253.529 0. 0. -1. 0.
-0.956 0.293 0. -252.765 0.293 0.956 0. 253.479 0. 0. -1. 0.
-0.956 0.294 0. -252.751 0.294 0.956 0. 253.408 0. 0. -1. 0.
-0.954 0.299 0. -252.792 0.299 0.954 0. 253.601 0. 0. -1. 0.
-0.956 0.293 0. -252.713 0.293 0.956 0. 253.601 0. 0. -1. 0.
-0.957 0.290 0. -252.859 0.290 0.957 0. 253.596 0. 0. -1. 0.
-0.957 0.291 0. -252.754 0.291 0.957 0. 253.560 0. 0. -1. 0.
-0.956 0.293 0. -252.792 0.293 0.956 0. 253.566 0. 0. -1. 0.
-0.956 0.294 0. -252.735 0.294 0.956 0. 253.570 0. 0. -1. 0.
-0.956 0.293 0. -252.798 0.293 0.956 0. 253.606 0. 0. -1. 0.
-0.957 0.289 0. -252.788 0.289 0.957 0. 253.466 0. 0. -1. 0.
-0.957 0.289 0. -252.819 0.289 0.957 0. 253.531 0. 0. -1. 0.
-0.956 0.294 0. -252.751 0.294 0.956 0. 253.608 0. 0. -1. 0.
-0.955 0.295 0. -252.773 0.295 0.955 0. 253.638 0. 0. -1. 0.
-0.956 0.293 0. -252.805 0.293 0.956 0. 253.593 0. 0. -1. 0.
-0.954 0.299 0. -252.778 0.299 0.954 0. 253.480 0. 0. -1. 0.
-0.955 0.296 0. -252.825 0.296 0.955 0. 253.609 0. 0. -1. 0.
-0.956 0.293 0. -252.811 0.293 0.956 0. 253.560 0. 0. -1. 0.
-0.954 0.301 0. -252.811 0.301 0.954 0. 253.497 0. 0. -1. 0.
-0.954 0.300 0. -252.746 0.300 0.954 0. 253.455 0. 0. -1. 0.
-0.955 0.297 0. -252.802 0.297 0.955 0. 253.482 0. 0. -1. 0.
-0.956 0.292 0. -252.778 0.292 0.956 0. 253.619 0. 0. -1. 0.
-0.956 0.293 0. -252.776 0.293 0.956 0. 253.638 0. 0. -1. 0.
-0.954 0.299 0. -252.769 0.299 0.954 0. 253.503 0. 0. -1. 0.
-0.954 0.300 0. -252.769 0.300 0.954 0. 253.472 0. 0. -1. 0.
-0.954 0.299 0. -252.756 0.299 0.954 0. 253.454 0. 0. -1. 0.
-0.954 0.300 0. -252.808 0.300 0.954 0. 253.479 0. 0. -1. 0.
-0.955 0.296 0. -252.744 0.296 0.955 0. 253.468 0. 0. -1. 0.
-0.955 0.295 0. -252.774 0.295 0.955 0. 253.539 0. 0. -1. 0.
-0.955 0.296 0. -252.766 0.296 0.955 0. 253.323 0. 0. -1. 0.
-0.957 0.291 0. -252.739 0.291 0.957 0. 253.452 0. 0. -1. 0.
-0.957 0.291 0. -252.756 0.291 0.957 0. 253.516 0. 0. -1. 0.
-0.957 0.291 0. -252.800 0.291 0.957 0. 253.597 0. 0. -1. 0.
-0.957 0.292 0. -252.790 0.292 0.957 0. 253.498 0. 0. -1. 0.
-0.957 0.291 0. -252.766 0.291 0.957 0. 253.551 0. 0. -1. 0.
-0.957 0.291 0. -252.742 0.291 0.957 0. 253.506 0. 0. -1. 0.
-0.956 0.292 0. -252.781 0.292 0.956 0. 253.566 0. 0. -1. 0.
-0.953 0.302 0. -252.784 0.302 0.953 0. 253.517 0. 0. -1. 0.
-0.954 0.299 0. -252.715 0.299 0.954 0. 253.461 0. 0. -1. 0.
-0.955 0.296 0. -252.768 0.296 0.955 0. 253.402 0. 0. -1. 0.
-0.956 0.295 0. -252.767 0.295 0.956 0. 253.367 0. 0. -1. 0.
-0.955 0.296 0. -252.745 0.296 0.955 0. 253.406 0. 0. -1. 0.
-0.954 0.301 0. -252.782 0.301 0.954 0. 253.593 0. 0. -1. 0.
-0.956 0.293 0. -252.696 0.293 0.956 0. 253.611 0. 0. -1. 0.
-0.956 0.293 0. -252.776 0.293 0.956 0. 253.533 0. 0. -1. 0.
-0.956 0.293 0. -252.796 0.293 0.956 0. 253.605 0. 0. -1. 0.
-0.954 0.301 0. -252.756 0.301 0.954 0. 253.587 0. 0. -1. 0.
-0.956 0.293 0. -252.786 0.293 0.956 0. 253.502 0. 0. -1. 0.
-0.957 0.289 0. -252.800 0.289 0.957 0. 253.533 0. 0. -1. 0.
-0.956 0.293 0. -252.788 0.293 0.956 0. 253.385 0. 0. -1. 0.
-0.954 0.300 0. -252.825 0.300 0.954 0. 253.455 0. 0. -1. 0.
-0.955 0.297 0. -252.809 0.297 0.955 0. 253.555 0. 0. -1. 0.
-0.955 0.297 0. -252.740 0.297 0.955 0. 253.388 0. 0. -1. 0.
-0.956 0.292 0. -252.781 0.292 0.956 0. 253.507 0. 0. -1. 0.
-0.956 0.292 0. -252.759 0.292 0.956 0. 253.516 0. 0. -1. 0.
-0.955 0.297 0. -252.778 0.297 0.955 0. 253.393 0. 0. -1. 0.
-0.955 0.297 0. -252.709 0.297 0.955 0. 253.445 0. 0. -1. 0.
-0.955 0.297 0. -252.784 0.297 0.955 0. 253.459 0. 0. -1. 0.
-0.954 0.301 0. -252.777 0.301 0.954 0. 253.462 0. 0. -1. 0.
-0.954 0.301 0. -252.757 0.301 0.954 0. 253.545 0. 0. -1. 0.
-0.957 0.291 0. -252.743 0.291 0.957 0. 253.497 0. 0. -1. 0.
-0.957 0.290 0. -252.856 0.290 0.957 0. 253.589 0. 0. -1. 0.
-0.956 0.293 0. -252.804 0.293 0.956 0. 253.473 0. 0. -1. 0.
-0.957 0.291 0. -252.772 0.291 0.957 0. 253.547 0. 0. -1. 0.
-0.957 0.289 0. -252.754 0.289 0.957 0. 253.477 0. 0. -1. 0.
-0.957 0.290 0. -252.789 0.290 0.957 0. 253.476 0. 0. -1. 0.
-0.957 0.291 0. -252.796 0.291 0.957 0. 253.436 0. 0. -1. 0.
-0.957 0.290 0. -252.770 0.290 0.957 0. 253.458 0. 0. -1. 0.
-0.956 0.293 0. -252.749 0.293 0.956 0. 253.421 0. 0. -1. 0.
-0.956 0.293 0. -252.770 0.293 0.956 0. 253.461 0. 0. -1. 0.
-0.955 0.297 0. -252.814 0.297 0.955 0. 253.595 0. 0. -1. 0.
-0.956 0.293 0. -252.796 0.293 0.956 0. 253.635 0. 0. -1. 0.
-0.957 0.290 0. -252.757 0.290 0.957 0. 253.514 0. 0. -1. 0.
-0.957 0.291 0. -252.845 0.291 0.957 0. 253.578 0. 0. -1. 0.
-0.954 0.299 0. -252.777 0.299 0.954 0. 253.492 0. 0. -1. 0.
-0.954 0.298 0. -252.823 0.298 0.954 0. 253.632 0. 0. -1. 0.
-0.955 0.298 0. -252.793 0.298 0.955 0. 253.713 0. 0. -1. 0.
-0.956 0.294 0. -252.810 0.294 0.956 0. 253.598 0. 0. -1. 0.
-0.955 0.298 0. -252.705 0.298 0.955 0. 253.467 0. 0. -1. 0.
-0.955 0.297 0. -252.737 0.297 0.955 0. 253.378 0. 0. -1. 0.
-0.954 0.300 0. -252.781 0.300 0.954 0. 253.489 0. 0. -1. 0.
-0.954 0.301 0. -252.797 0.301 0.954 0. 253.478 0. 0. -1. 0.
-0.957 0.292 0. -252.838 0.292 0.957 0. 253.656 0. 0. -1. 0.
-0.957 0.289 0. -252.797 0.289 0.957 0. 253.558 0. 0. -1. 0.
-0.956 0.293 0. -252.835 0.293 0.956 0. 253.629 0. 0. -1. 0.
-0.957 0.291 0. -252.759 0.291 0.957 0. 253.596 0. 0. -1. 0.
-0.957 0.290 0. -252.748 0.290 0.957 0. 253.502 0. 0. -1. 0.
-0.956 0.292 0. -252.724 0.292 0.956 0. 253.420 0. 0. -1. 0.
-0.955 0.297 0. -252.768 0.297 0.955 0. 253.427 0. 0. -1. 0.
-0.956 0.292 0. -252.741 0.292 0.956 0. 253.433 0. 0. -1. 0.
-0.956 0.293 0. -252.826 0.293 0.956 0. 253.438 0. 0. -1. 0.
-0.956 0.293 0. -252.751 0.293 0.956 0. 253.464 0. 0. -1. 0.
-0.957 0.291 0. -252.832 0.291 0.957 0. 253.546 0. 0. -1. 0.
-0.957 0.289 0. -252.777 0.289 0.957 0. 253.503 0. 0. -1. 0.
-0.957 0.290 0. -252.840 0.290 0.957 0. 253.504 0. 0. -1. 0.
-0.954 0.298 0. -252.755 0.298 0.954 0. 253.531 0. 0. -1. 0.
-0.956 0.294 0. -252.747 0.294 0.956 0. 253.579 0. 0. -1. 0.
-0.955 0.295 0. -252.796 0.295 0.955 0. 253.589 0. 0. -1. 0.
-0.954 0.301 0. -252.801 0.301 0.954 0. 253.438 0. 0. -1. 0.
-0.955 0.296 0. -252.741 0.296 0.955 0. 253.473 0. 0. -1. 0.
-0.956 0.293 0. -252.731 0.293 0.956 0. 253.640 0. 0. -1. 0.
-0.954 0.300 0. -252.740 0.300 0.954 0. 253.514 0. 0. -1. 0.
-0.955 0.296 0. -252.741 0.296 0.955 0. 253.524 0. 0. -1. 0.
-0.957 0.291 0. -252.782 0.291 0.957 0. 253.535 0. 0. -1. 0.
-0.955 0.296 0. -252.773 0.296 0.955 0. 253.457 0. 0. -1. 0.
-0.955 0.296 0. -252.753 0.296 0.955 0. 253.397 0. 0. -1. 0.
-0.956 0.294 0. -252.734 0.294 0.956 0. 253.443 0. 0. -1. 0.
-0.955 0.297 0. -252.778 0.297 0.955 0. 253.470 0. 0. -1. 0.
-0.956 0.292 0. -252.765 0.292 0.956 0. 253.500 0. 0. -1. 0.
-0.957 0.291 0. -252.769 0.291 0.957 0. 253.436 0. 0. -1. 0.
-0.956 0.293 0. -252.759 0.293 0.956 0. 253.417 0. 0. -1. 0.
-0.956 0.292 0. -252.755 0.292 0.956 0. 253.481 0. 0. -1. 0.
-0.957 0.290 0. -252.801 0.290 0.957 0. 253.489 0. 0. -1. 0.
-0.957 0.291 0. -252.751 0.291 0.957 0. 253.564 0. 0. -1. 0.
-0.956 0.294 0. -252.754 0.294 0.956 0. 253.447 0. 0. -1. 0.
-0.956 0.293 0. -252.746 0.293 0.956 0. 253.460 0. 0. -1. 0.
-0.956 0.293 0. -252.762 0.293 0.956 0. 253.485 0. 0. -1. 0.
-0.955 0.296 0. -252.775 0.296 0.955 0. 253.401 0. 0. -1. 0.
-0.955 0.295 0. -252.768 0.295 0.955 0. 253.439 0. 0. -1. 0.
-0.956 0.294 0. -252.736 0.294 0.956 0. 253.414 0. 0. -1. 0.
-0.956 0.293 0. -252.765 0.293 0.956 0. 253.469 0. 0. -1. 0.
-0.956 0.292 0. -252.784 0.292 0.956 0. 253.532 0. 0. -1. 0.
-0.957 0.291 0. -252.772 0.291 0.957 0. 253.593 0. 0. -1. 0.
-0.957 0.290 0. -252.758 0.290 0.957 0. 253.477 0. 0. -1. 0.
-0.957 0.292 0. -252.795 0.292 0.957 0. 253.392 0. 0. -1. 0.
-0.956 0.295 0. -252.763 0.295 0.956 0. 253.324 0. 0. -1. 0.
-0.954 0.300 0. -252.772 0.300 0.954 0. 253.473 0. 0. -1. 0.
-0.954 0.301 0. -252.765 0.301 0.954 0. 253.562 0. 0. -1. 0.
-0.954 0.300 0. -252.742 0.300 0.954 0. 253.481 0. 0. -1. 0.
-0.955 0.297 0. -252.885 0.297 0.955 0. 253.746 0. 0. -1. 0.
