1547120787769098 1.00000 0.00000 0.00000 -0.00000 0.00000 1.00000 0.00000 -0.00000 0.00000 0.00000 1.00000 -0.00000
1547120788016732 1.00000 0.00000 -0.00000 -0.00019 -0.00000 1.00000 0.00000 -0.00002 0.00000 -0.00000 1.00000 0.00000
1547120788264695 1.00000 -0.00001 -0.00000 -0.00014 0.00001 1.00000 0.00000 -0.00002 0.00000 -0.00000 1.00000 0.00000
1547120788513789 1.00000 -0.00001 -0.00000 -0.00014 0.00001 1.00000 0.00000 -0.00001 0.00000 -0.00000 1.00000 0.00000
1547120788764096 1.00000 -0.00001 -0.00000 -0.00010 0.00001 1.00000 0.00000 0.00000 0.00000 -0.00000 1.00000 -0.00000
1547120789014720 1.00000 -0.00001 -0.00000 0.00006 0.00001 1.00000 0.00000 0.00000 0.00000 -0.00000 1.00000 0.00000
1547120789265342 1.00000 -0.00001 -0.00000 0.00013 0.00001 1.00000 0.00000 -0.00009 0.00000 -0.00000 1.00000 0.00000
1547120789515434 1.00000 -0.00000 -0.00000 0.00014 0.00000 1.00000 0.00000 -0.00007 0.00000 -0.00000 1.00000 0.00000
1547120789765153 1.00000 0.00000 -0.00000 0.00037 -0.00000 1.00000 0.00000 -0.00011 0.00000 -0.00000 1.00000 0.00000
1547120790015995 1.00000 0.00000 -0.00000 0.00034 -0.00000 1.00000 0.00000 -0.00012 0.00000 -0.00000 1.00000 0.00000
1547120790267628 1.00000 0.00001 -0.00000 0.00049 -0.00001 1.00000 0.00000 -0.00008 0.00000 -0.00000 1.00000 0.00000
1547120790519172 1.00000 0.00000 -0.00000 0.00039 -0.00000 1.00000 0.00000 -0.00006 0.00000 -0.00000 1.00000 0.00000
1547120790770225 1.00000 0.00000 -0.00000 0.00040 -0.00000 1.00000 0.00000 -0.00003 0.00000 -0.00000 1.00000 0.00000
1547120791021370 1.00000 0.00000 -0.00000 0.00035 -0.00000 1.00000 0.00000 -0.00003 0.00000 -0.00000 1.00000 0.00000
1547120791273822 1.00000 -0.00002 -0.00000 0.00010 0.00002 1.00000 0.00000 -0.00008 0.00000 -0.00000 1.00000 0.00000
1547120791527537 1.00000 -0.00002 -0.00000 0.00012 0.00002 1.00000 0.00000 -0.00008 0.00000 -0.00000 1.00000 0.00000
1547120791780077 1.00000 -0.00001 -0.00000 0.00008 0.00001 1.00000 0.00000 -0.00006 0.00000 -0.00000 1.00000 0.00000
1547120792030807 1.00000 -0.00001 -0.00000 0.00007 0.00001 1.00000 0.00000 -0.00006 0.00000 -0.00000 1.00000 0.00000
1547120792279321 1.00000 -0.00000 -0.00000 0.00016 0.00000 1.00000 0.00000 -0.00004 0.00000 -0.00000 1.00000 0.00000
1547120792526850 1.00000 -0.00000 -0.00000 0.00008 0.00000 1.00000 0.00000 -0.00004 0.00000 -0.00000 1.00000 0.00000
1547120792774589 1.00000 -0.00000 -0.00000 0.00003 0.00000 1.00000 0.00000 -0.00003 0.00000 -0.00000 1.00000 0.00000
1547120793022159 1.00000 -0.00000 -0.00000 0.00004 0.00000 1.00000 0.00000 -0.00002 0.00000 -0.00000 1.00000 0.00000
1547120793270216 1.00000 -0.00001 -0.00000 0.00002 0.00001 1.00000 0.00000 -0.00001 0.00000 -0.00000 1.00000 0.00000
1547120793519397 1.00000 -0.00001 -0.00000 -0.00004 0.00001 1.00000 0.00000 -0.00001 0.00000 -0.00000 1.00000 0.00000
1547120793770153 1.00000 -0.00001 -0.00000 -0.00010 0.00001 1.00000 0.00000 -0.00004 0.00000 -0.00000 1.00000 0.00000
1547120794021214 1.00000 -0.00001 -0.00000 -0.00013 0.00001 1.00000 0.00000 0.00000 0.00000 -0.00000 1.00000 -0.00000
1547120794271697 1.00000 -0.00001 -0.00000 -0.00006 0.00001 1.00000 0.00000 0.00004 0.00000 -0.00000 1.00000 -0.00000
1547120794522110 1.00000 -0.00000 -0.00000 0.00001 0.00000 1.00000 0.00000 0.00010 0.00000 -0.00000 1.00000 0.00000
1547120794772017 1.00000 -0.00000 -0.00000 -0.00003 0.00000 1.00000 0.00000 0.00009 0.00000 -0.00000 1.00000 -0.00000
1547120795021706 1.00000 0.00000 -0.00000 -0.00011 -0.00000 1.00000 0.00000 0.00015 0.00000 -0.00000 1.00000 -0.00000
1547120795272382 1.00000 0.00000 -0.00000 -0.00004 -0.00000 1.00000 0.00000 0.00015 0.00000 -0.00000 1.00000 -0.00000
1547120795524344 1.00000 0.00000 -0.00000 -0.00002 -0.00000 1.00000 0.00000 0.00019 0.00000 -0.00000 1.00000 -0.00000
1547120795776088 1.00000 -0.00000 -0.00000 -0.00007 0.00000 1.00000 0.00000 0.00019 0.00000 -0.00000 1.00000 -0.00000
1547120796027417 1.00000 0.00000 -0.00000 -0.00007 -0.00000 1.00000 0.00000 0.00023 0.00000 -0.00000 1.00000 -0.00000
1547120796278867 1.00000 -0.00000 -0.00000 -0.00009 0.00000 1.00000 0.00000 0.00023 0.00000 -0.00000 1.00000 -0.00000
1547120796531086 1.00000 0.00000 -0.00000 -0.00025 -0.00000 1.00000 0.00000 0.00023 0.00000 -0.00000 1.00000 -0.00000
1547120796784665 1.00000 0.00000 -0.00000 -0.00027 -0.00000 1.00000 0.00000 0.00024 0.00000 -0.00000 1.00000 -0.00000
1547120797037256 1.00000 0.00001 -0.00000 -0.00036 -0.00001 1.00000 0.00000 0.00024 0.00000 -0.00000 1.00000 -0.00000
1547120797288016 1.00000 0.00001 -0.00000 -0.00037 -0.00001 1.00000 0.00000 0.00024 0.00000 -0.00000 1.00000 -0.00000
1547120797536537 1.00000 0.00002 -0.00000 -0.00029 -0.00002 1.00000 0.00000 0.00030 0.00000 -0.00000 1.00000 -0.00000
1547120797783307 1.00000 0.00003 -0.00000 -0.00028 -0.00003 1.00000 0.00000 0.00035 0.00000 -0.00000 1.00000 -0.00000
1547120798029640 1.00000 0.00002 -0.00000 -0.00032 -0.00002 1.00000 0.00000 0.00034 0.00000 -0.00000 1.00000 -0.00000
1547120798275872 1.00000 0.00002 -0.00000 -0.00037 -0.00002 1.00000 0.00000 0.00034 0.00000 -0.00000 1.00000 -0.00000
1547120798522809 1.00000 0.00002 -0.00000 -0.00045 -0.00002 1.00000 0.00000 0.00036 0.00000 -0.00000 1.00000 -0.00000
1547120798770766 1.00000 0.00000 -0.00000 -0.00052 -0.00000 1.00000 0.00000 0.00030 0.00000 -0.00000 1.00000 -0.00000
1547120799020087 1.00000 0.00001 -0.00000 -0.00063 -0.00001 1.00000 0.00000 0.00034 0.00000 -0.00000 1.00000 -0.00000
1547120799270373 1.00000 0.00001 -0.00000 -0.00062 -0.00001 1.00000 0.00000 0.00034 0.00000 -0.00000 1.00000 -0.00000
1547120799520797 1.00000 0.00000 -0.00000 -0.00069 -0.00000 1.00000 0.00000 0.00030 0.00000 -0.00000 1.00000 -0.00000
1547120799771135 1.00000 -0.00000 -0.00000 -0.00068 0.00000 1.00000 0.00000 0.00031 0.00000 -0.00000 1.00000 -0.00000
1547120800021300 1.00000 -0.00001 -0.00000 -0.00070 0.00001 1.00000 0.00000 0.00033 0.00000 -0.00000 1.00000 -0.00000
1547120800270994 1.00000 -0.00001 -0.00000 -0.00045 0.00001 1.00000 0.00000 0.00018 0.00000 -0.00000 1.00000 -0.00000
1547120800521390 1.00000 -0.00000 -0.00000 -0.00035 0.00000 1.00000 0.00000 0.00018 0.00000 -0.00000 1.00000 -0.00000
1547120800773180 1.00000 0.00000 -0.00000 -0.00050 -0.00000 1.00000 0.00000 0.00021 0.00000 -0.00000 1.00000 -0.00000
1547120801025067 1.00000 -0.00000 -0.00000 -0.00057 0.00000 1.00000 0.00000 0.00018 0.00000 -0.00000 1.00000 -0.00000
1547120801276376 1.00000 0.00000 -0.00000 -0.00061 -0.00000 1.00000 0.00000 0.00017 0.00000 -0.00000 1.00000 -0.00000
1547120801527482 1.00000 0.00001 -0.00000 -0.00065 -0.00001 1.00000 0.00000 0.00022 0.00000 -0.00000 1.00000 -0.00000
1547120801779350 1.00000 0.00000 -0.00000 -0.00063 -0.00000 1.00000 0.00000 0.00021 0.00000 -0.00000 1.00000 -0.00000
1547120802032933 1.00000 -0.00000 -0.00000 -0.00030 0.00000 1.00000 0.00000 0.00011 0.00000 -0.00000 1.00000 -0.00000
1547120802286448 1.00000 0.00000 -0.00000 -0.00020 -0.00000 1.00000 0.00000 0.00007 0.00000 -0.00000 1.00000 -0.00000
1547120802538505 1.00000 0.00000 -0.00000 -0.00003 -0.00000 1.00000 0.00000 0.00002 0.00000 -0.00000 1.00000 -0.00000
1547120802788785 1.00000 -0.00001 -0.00000 -0.00001 0.00001 1.00000 0.00000 -0.00002 0.00000 -0.00000 1.00000 0.00000
1547120803037246 1.00000 -0.00000 -0.00000 -0.00002 0.00000 1.00000 0.00000 -0.00003 0.00000 -0.00000 1.00000 0.00000
1547120803285165 1.00000 0.00000 -0.00000 -0.00004 -0.00000 1.00000 0.00000 0.00004 0.00000 -0.00000 1.00000 -0.00000
1547120803532526 1.00000 0.00000 -0.00000 -0.00014 -0.00000 1.00000 0.00000 0.00007 0.00000 -0.00000 1.00000 -0.00000
1547120803779896 1.00000 -0.00000 -0.00000 0.00002 0.00000 1.00000 0.00000 0.00007 0.00000 -0.00000 1.00000 0.00000
1547120804027983 1.00000 -0.00000 -0.00000 -0.00000 0.00000 1.00000 0.00000 0.00011 0.00000 -0.00000 1.00000 -0.00000
1547120804277306 1.00000 -0.00001 -0.00000 -0.00011 0.00001 1.00000 0.00000 0.00009 0.00000 -0.00000 1.00000 -0.00000
1547120804527690 1.00000 0.00000 -0.00000 0.00020 -0.00000 1.00000 0.00000 0.00005 0.00000 -0.00000 1.00000 0.00000
1547120804778196 1.00000 0.00001 -0.00000 0.00020 -0.00001 1.00000 0.00000 0.00005 0.00000 -0.00000 1.00000 0.00000
1547120805028470 1.00000 0.00001 -0.00000 0.00017 -0.00001 1.00000 0.00000 0.00001 0.00000 -0.00000 1.00000 0.00000
1547120805278340 1.00000 0.00001 -0.00000 -0.00001 -0.00001 1.00000 0.00000 0.00006 0.00000 -0.00000 1.00000 -0.00000
1547120805527954 1.00000 0.00000 -0.00000 -0.00010 -0.00000 1.00000 0.00000 0.00004 0.00000 -0.00000 1.00000 -0.00000
1547120805778400 1.00000 0.00000 -0.00000 -0.00012 -0.00000 1.00000 0.00000 0.00005 0.00000 -0.00000 1.00000 -0.00000
1547120806030571 1.00000 -0.00000 -0.00000 0.00004 0.00000 1.00000 0.00000 -0.00005 0.00000 -0.00000 1.00000 0.00000
1547120806282182 1.00000 -0.00001 -0.00000 0.00007 0.00001 1.00000 0.00000 -0.00002 0.00000 -0.00000 1.00000 0.00000
1547120806533240 1.00000 -0.00001 -0.00000 0.00004 0.00001 1.00000 0.00000 -0.00001 0.00000 -0.00000 1.00000 0.00000
1547120806784666 1.00000 -0.00001 -0.00000 -0.00008 0.00001 1.00000 0.00000 0.00002 0.00000 -0.00000 1.00000 -0.00000
1547120807036835 1.00000 -0.00001 -0.00000 -0.00011 0.00001 1.00000 0.00000 0.00001 0.00000 -0.00000 1.00000 -0.00000
1547120807290077 1.00000 -0.00001 -0.00000 0.00002 0.00001 1.00000 0.00000 -0.00004 0.00000 -0.00000 1.00000 0.00000
1547120807543365 1.00000 -0.00002 -0.00000 -0.00020 0.00002 1.00000 0.00000 -0.00002 0.00000 -0.00000 1.00000 0.00000
1547120807795546 1.00000 -0.00002 -0.00000 -0.00016 0.00002 1.00000 0.00000 -0.00007 0.00000 -0.00000 1.00000 0.00000
1547120808046380 1.00000 -0.00003 -0.00000 0.00004 0.00003 1.00000 0.00000 -0.00015 0.00000 -0.00000 1.00000 0.00000
1547120808295145 1.00000 -0.00004 -0.00000 0.00048 0.00004 1.00000 0.00000 -0.00019 0.00000 -0.00000 1.00000 0.00000
1547120808542747 1.00000 -0.00003 -0.00000 0.00050 0.00003 1.00000 0.00000 -0.00018 0.00000 -0.00000 1.00000 0.00000
1547120808790558 1.00000 -0.00003 -0.00000 0.00050 0.00003 1.00000 0.00000 -0.00014 0.00000 -0.00000 1.00000 0.00000
1547120809038304 1.00000 -0.00002 -0.00000 0.00050 0.00002 1.00000 0.00000 -0.00010 0.00000 -0.00000 1.00000 0.00000
1547120809286559 1.00000 -0.00002 -0.00000 0.00048 0.00002 1.00000 0.00000 -0.00009 0.00000 -0.00000 1.00000 0.00000
1547120809535645 1.00000 -0.00003 -0.00000 0.00047 0.00003 1.00000 0.00000 -0.00009 0.00000 -0.00000 1.00000 0.00000
1547120809785005 1.00000 -0.00002 -0.00000 0.00041 0.00002 1.00000 0.00000 -0.00010 0.00000 -0.00000 1.00000 0.00000
1547120810034364 1.00000 -0.00002 -0.00000 0.00058 0.00002 1.00000 0.00000 -0.00008 0.00000 -0.00000 1.00000 0.00000
1547120810283392 1.00000 -0.00002 -0.00000 0.00057 0.00002 1.00000 0.00000 -0.00010 0.00000 -0.00000 1.00000 0.00000
1547120810531905 1.00000 -0.00001 -0.00000 0.00059 0.00001 1.00000 0.00000 -0.00006 0.00000 -0.00000 1.00000 0.00000
1547120810780632 1.00000 -0.00001 -0.00000 0.00060 0.00001 1.00000 0.00000 -0.00005 0.00000 -0.00000 1.00000 0.00000
1547120811030401 1.00000 0.00000 -0.00000 0.00078 -0.00000 1.00000 0.00000 -0.00006 0.00000 -0.00000 1.00000 0.00000
1547120811280903 1.00000 0.00000 -0.00000 0.00059 -0.00000 1.00000 0.00000 -0.00010 0.00000 -0.00000 1.00000 0.00000
1547120811530756 1.00000 0.00001 -0.00000 0.00047 -0.00001 1.00000 0.00000 -0.00007 0.00000 -0.00000 1.00000 0.00000
1547120811780658 1.00000 0.00001 -0.00000 0.00040 -0.00001 1.00000 0.00000 -0.00008 0.00000 -0.00000 1.00000 0.00000
1547120812030843 1.00000 0.00000 -0.00000 0.00045 -0.00000 1.00000 0.00000 -0.00012 0.00000 -0.00000 1.00000 0.00000
1547120812281858 1.00000 -0.00000 -0.00000 0.00049 0.00000 1.00000 0.00000 -0.00015 0.00000 -0.00000 1.00000 0.00000
1547120812534039 1.00000 0.00000 -0.00000 0.00050 -0.00000 1.00000 0.00000 -0.00016 0.00000 -0.00000 1.00000 0.00000
1547120812785840 1.00000 -0.00000 -0.00000 0.00061 0.00000 1.00000 0.00000 -0.00019 0.00000 -0.00000 1.00000 0.00000
1547120813037197 1.00000 -0.00001 -0.00000 0.00057 0.00001 1.00000 0.00000 -0.00019 0.00000 -0.00000 1.00000 0.00000
1547120813288326 1.00000 -0.00000 -0.00000 0.00065 0.00000 1.00000 0.00000 -0.00019 0.00000 -0.00000 1.00000 0.00000
1547120813539047 1.00000 -0.00000 -0.00000 0.00080 0.00000 1.00000 0.00000 -0.00022 0.00000 -0.00000 1.00000 0.00000
1547120813789412 1.00000 -0.00000 -0.00000 0.00076 0.00000 1.00000 0.00000 -0.00025 0.00000 -0.00000 1.00000 0.00000
1547120814039865 1.00000 0.00000 -0.00000 0.00068 -0.00000 1.00000 0.00000 -0.00024 0.00000 -0.00000 1.00000 0.00000
1547120814289695 1.00000 -0.00000 -0.00000 0.00072 0.00000 1.00000 0.00000 -0.00023 0.00000 -0.00000 1.00000 0.00000
1547120814539088 1.00000 -0.00000 -0.00000 0.00071 0.00000 1.00000 0.00000 -0.00022 0.00000 -0.00000 1.00000 0.00000
1547120814788302 1.00000 0.00000 -0.00000 0.00073 -0.00000 1.00000 0.00000 -0.00027 0.00000 -0.00000 1.00000 0.00000
1547120815037484 1.00000 0.00001 -0.00000 0.00080 -0.00001 1.00000 0.00000 -0.00023 0.00000 -0.00000 1.00000 0.00000
1547120815286359 1.00000 0.00001 -0.00000 0.00090 -0.00001 1.00000 0.00000 -0.00029 0.00000 -0.00000 1.00000 0.00000
1547120815534998 1.00000 0.00002 -0.00000 0.00098 -0.00002 1.00000 0.00000 -0.00029 0.00000 -0.00000 1.00000 0.00000
1547120815783102 1.00000 0.00001 -0.00000 0.00098 -0.00001 1.00000 0.00000 -0.00029 0.00000 -0.00000 1.00000 0.00000
1547120816031829 1.00000 0.00001 -0.00000 0.00095 -0.00001 1.00000 0.00000 -0.00031 0.00000 -0.00000 1.00000 0.00000
1547120816281636 1.00000 -0.00000 -0.00000 0.00086 0.00000 1.00000 0.00000 -0.00030 0.00000 -0.00000 1.00000 0.00000
1547120816532047 1.00000 0.00001 -0.00000 0.00083 -0.00001 1.00000 0.00000 -0.00028 0.00000 -0.00000 1.00000 0.00000
1547120816781869 1.00000 0.00001 -0.00000 0.00080 -0.00001 1.00000 0.00000 -0.00026 0.00000 -0.00000 1.00000 0.00000
1547120817031595 1.00000 0.00001 -0.00000 0.00077 -0.00001 1.00000 0.00000 -0.00027 0.00000 -0.00000 1.00000 0.00000
1547120817281909 1.00000 0.00000 -0.00000 0.00072 -0.00000 1.00000 0.00000 -0.00031 0.00000 -0.00000 1.00000 0.00000
1547120817533620 1.00000 0.00001 -0.00000 0.00072 -0.00001 1.00000 0.00000 -0.00029 0.00000 -0.00000 1.00000 0.00000
1547120817785964 1.00000 0.00001 -0.00000 0.00068 -0.00001 1.00000 0.00000 -0.00030 0.00000 -0.00000 1.00000 0.00000
1547120818037662 1.00000 0.00001 -0.00000 0.00064 -0.00001 1.00000 0.00000 -0.00031 0.00000 -0.00000 1.00000 0.00000
1547120818289139 1.00000 0.00001 -0.00000 0.00065 -0.00001 1.00000 0.00000 -0.00027 0.00000 -0.00000 1.00000 0.00000
1547120818540025 1.00000 0.00002 -0.00000 0.00068 -0.00002 1.00000 0.00000 -0.00022 0.00000 -0.00000 1.00000 0.00000
1547120818790848 1.00000 0.00002 -0.00000 0.00061 -0.00002 1.00000 0.00000 -0.00022 0.00000 -0.00000 1.00000 0.00000
1547120819041322 1.00000 0.00002 -0.00000 0.00060 -0.00002 1.00000 0.00000 -0.00023 0.00000 -0.00000 1.00000 0.00000
1547120819291660 1.00000 0.00001 -0.00000 0.00066 -0.00001 1.00000 0.00000 -0.00022 0.00000 -0.00000 1.00000 0.00000
1547120819541459 1.00000 0.00001 -0.00000 0.00067 -0.00001 1.00000 0.00000 -0.00022 0.00000 -0.00000 1.00000 0.00000
1547120819790848 1.00000 0.00001 -0.00000 0.00066 -0.00001 1.00000 0.00000 -0.00025 0.00000 -0.00000 1.00000 0.00000
1547120820040282 1.00000 -0.00000 -0.00000 0.00057 0.00000 1.00000 0.00000 -0.00027 0.00000 -0.00000 1.00000 0.00000
1547120820289262 1.00000 -0.00000 -0.00000 0.00062 0.00000 1.00000 0.00000 -0.00028 0.00000 -0.00000 1.00000 0.00000
1547120820537944 1.00000 -0.00000 -0.00000 0.00066 0.00000 1.00000 0.00000 -0.00028 0.00000 -0.00000 1.00000 0.00000
1547120820786206 1.00000 -0.00001 -0.00000 0.00095 0.00001 1.00000 0.00000 -0.00039 0.00000 -0.00000 1.00000 0.00000
1547120821034859 1.00000 -0.00000 -0.00000 0.00095 0.00000 1.00000 0.00000 -0.00036 0.00000 -0.00000 1.00000 0.00000
1547120821285060 1.00000 -0.00000 -0.00000 0.00093 0.00000 1.00000 0.00000 -0.00034 0.00000 -0.00000 1.00000 0.00000
1547120821535732 1.00000 -0.00001 -0.00000 0.00084 0.00001 1.00000 0.00000 -0.00037 0.00000 -0.00000 1.00000 0.00000
1547120821785583 1.00000 -0.00001 -0.00000 0.00083 0.00001 1.00000 0.00000 -0.00035 0.00000 -0.00000 1.00000 0.00000
1547120822035615 1.00000 -0.00003 -0.00000 0.00099 0.00003 1.00000 0.00000 -0.00040 0.00000 -0.00000 1.00000 0.00000
1547120822286216 1.00000 -0.00002 -0.00000 0.00100 0.00002 1.00000 0.00000 -0.00041 0.00000 -0.00000 1.00000 0.00000
1547120822538333 1.00000 -0.00004 -0.00000 0.00087 0.00004 1.00000 0.00000 -0.00055 0.00000 -0.00000 1.00000 0.00000
1547120822790719 1.00000 -0.00004 -0.00000 0.00079 0.00004 1.00000 0.00000 -0.00056 0.00000 -0.00000 1.00000 0.00000
1547120823042566 1.00000 -0.00004 -0.00000 0.00085 0.00004 1.00000 0.00000 -0.00053 0.00000 -0.00000 1.00000 0.00000
1547120823293847 1.00000 -0.00005 -0.00000 0.00077 0.00005 1.00000 0.00000 -0.00052 0.00000 -0.00000 1.00000 0.00000
1547120823544176 1.00000 -0.00005 -0.00000 0.00075 0.00005 1.00000 0.00000 -0.00052 0.00000 -0.00000 1.00000 0.00000
1547120823793570 1.00000 -0.00004 -0.00000 0.00066 0.00004 1.00000 0.00000 -0.00050 0.00000 -0.00000 1.00000 0.00000
1547120824042763 1.00000 -0.00004 -0.00000 0.00070 0.00004 1.00000 0.00000 -0.00057 0.00000 -0.00000 1.00000 0.00000
1547120824291678 1.00000 -0.00003 -0.00000 0.00071 0.00003 1.00000 0.00000 -0.00064 0.00000 -0.00000 1.00000 0.00000
1547120824540328 1.00000 -0.00003 -0.00000 0.00049 0.00003 1.00000 0.00000 -0.00066 0.00000 -0.00000 1.00000 0.00000
1547120824788347 1.00000 -0.00005 -0.00000 0.00055 0.00005 1.00000 0.00000 -0.00070 0.00000 -0.00000 1.00000 0.00000
1547120825036273 1.00000 -0.00007 -0.00000 0.00026 0.00007 1.00000 0.00000 -0.00070 0.00000 -0.00000 1.00000 0.00000
1547120825284002 1.00000 -0.00007 -0.00000 0.00040 0.00007 1.00000 0.00000 -0.00079 0.00000 -0.00000 1.00000 0.00000
1547120825532574 1.00000 -0.00008 -0.00000 0.00042 0.00008 1.00000 0.00000 -0.00082 0.00000 -0.00000 1.00000 0.00000
1547120825782089 1.00000 -0.00008 -0.00000 0.00061 0.00008 1.00000 0.00000 -0.00086 0.00000 -0.00000 1.00000 0.00000
1547120826031641 1.00000 -0.00008 -0.00000 0.00059 0.00008 1.00000 0.00000 -0.00085 0.00000 -0.00000 1.00000 0.00000
1547120826282203 1.00000 -0.00006 -0.00000 0.00070 0.00006 1.00000 0.00000 -0.00082 0.00000 -0.00000 1.00000 0.00000
1547120826534081 1.00000 -0.00006 -0.00000 0.00073 0.00006 1.00000 0.00000 -0.00083 0.00000 -0.00000 1.00000 0.00000
1547120826785862 1.00000 -0.00005 -0.00000 0.00066 0.00005 1.00000 0.00000 -0.00080 0.00000 -0.00000 1.00000 0.00000
1547120827037246 1.00000 -0.00004 -0.00000 0.00069 0.00004 1.00000 0.00000 -0.00079 0.00000 -0.00000 1.00000 0.00000
1547120827288425 1.00000 -0.00003 -0.00000 0.00059 0.00003 1.00000 0.00000 -0.00082 0.00000 -0.00000 1.00000 0.00000
1547120827541001 1.00000 -0.00003 -0.00000 0.00049 0.00003 1.00000 0.00000 -0.00080 0.00000 -0.00000 1.00000 0.00000
1547120827794051 1.00000 -0.00002 -0.00000 0.00046 0.00002 1.00000 0.00000 -0.00081 0.00000 -0.00000 1.00000 0.00000
1547120828046040 1.00000 -0.00002 -0.00000 0.00085 0.00002 1.00000 0.00000 -0.00090 0.00000 -0.00000 1.00000 0.00000
1547120828296652 1.00000 -0.00001 -0.00000 0.00121 0.00001 1.00000 0.00000 -0.00089 0.00000 -0.00000 1.00000 0.00000
1547120828545682 1.00000 -0.00002 -0.00000 0.00100 0.00002 1.00000 0.00000 -0.00095 0.00000 -0.00000 1.00000 0.00000
1547120828793752 1.00000 -0.00002 -0.00000 0.00105 0.00002 1.00000 0.00000 -0.00097 0.00000 -0.00000 1.00000 0.00000
1547120829041490 1.00000 -0.00003 -0.00000 0.00095 0.00003 1.00000 0.00000 -0.00102 0.00000 -0.00000 1.00000 0.00000
1547120829289216 1.00000 -0.00002 -0.00000 0.00085 0.00002 1.00000 0.00000 -0.00097 0.00000 -0.00000 1.00000 0.00000
1547120829536763 1.00000 -0.00002 -0.00000 0.00085 0.00002 1.00000 0.00000 -0.00099 0.00000 -0.00000 1.00000 0.00000
1547120829784784 1.00000 -0.00002 -0.00000 0.00080 0.00002 1.00000 0.00000 -0.00098 0.00000 -0.00000 1.00000 0.00000
1547120830034262 1.00000 -0.00001 -0.00000 0.00053 0.00001 1.00000 0.00000 -0.00092 0.00000 -0.00000 1.00000 0.00000
1547120830284504 1.00000 -0.00001 -0.00000 0.00046 0.00001 1.00000 0.00000 -0.00091 0.00000 -0.00000 1.00000 0.00000
1547120830535245 1.00000 -0.00000 -0.00000 0.00046 0.00000 1.00000 0.00000 -0.00090 0.00000 -0.00000 1.00000 0.00000
1547120830785804 1.00000 0.00000 -0.00000 0.00029 -0.00000 1.00000 0.00000 -0.00092 0.00000 -0.00000 1.00000 0.00000
1547120831035687 1.00000 0.00000 -0.00000 0.00014 -0.00000 1.00000 0.00000 -0.00081 0.00000 -0.00000 1.00000 0.00000
1547120831285198 1.00000 0.00000 -0.00000 0.00015 -0.00000 1.00000 0.00000 -0.00078 0.00000 -0.00000 1.00000 0.00000
1547120831535170 1.00000 -0.00000 -0.00000 0.00011 0.00000 1.00000 0.00000 -0.00077 0.00000 -0.00000 1.00000 0.00000
1547120831786963 1.00000 -0.00000 -0.00000 0.00025 0.00000 1.00000 0.00000 -0.00081 0.00000 -0.00000 1.00000 0.00000
1547120832038912 1.00000 -0.00000 -0.00000 0.00019 0.00000 1.00000 0.00000 -0.00077 0.00000 -0.00000 1.00000 0.00000
1547120832290215 1.00000 -0.00001 -0.00000 0.00019 0.00001 1.00000 0.00000 -0.00077 0.00000 -0.00000 1.00000 0.00000
1547120832541352 1.00000 -0.00001 -0.00000 0.00011 0.00001 1.00000 0.00000 -0.00077 0.00000 -0.00000 1.00000 0.00000
1547120832793497 1.00000 -0.00001 -0.00000 0.00007 0.00001 1.00000 0.00000 -0.00075 0.00000 -0.00000 1.00000 0.00000
1547120833047136 1.00000 -0.00000 -0.00000 -0.00002 0.00000 1.00000 0.00000 -0.00074 0.00000 -0.00000 1.00000 0.00000
1547120833300359 1.00000 -0.00001 -0.00000 -0.00007 0.00001 1.00000 0.00000 -0.00074 0.00000 -0.00000 1.00000 0.00000
1547120833552531 1.00000 -0.00001 -0.00000 -0.00009 0.00001 1.00000 0.00000 -0.00074 0.00000 -0.00000 1.00000 0.00000
1547120833802623 1.00000 -0.00001 -0.00000 -0.00019 0.00001 1.00000 0.00000 -0.00072 0.00000 -0.00000 1.00000 0.00000
1547120834050925 1.00000 -0.00002 -0.00000 -0.00030 0.00002 1.00000 0.00000 -0.00073 0.00000 -0.00000 1.00000 0.00000
1547120834298703 1.00000 -0.00004 -0.00000 -0.00038 0.00004 1.00000 0.00000 -0.00088 0.00000 -0.00000 1.00000 0.00000
1547120834546375 1.00000 -0.00004 -0.00000 0.00023 0.00004 1.00000 0.00000 -0.00109 0.00000 -0.00000 1.00000 0.00000
1547120834794008 1.00000 -0.00006 -0.00000 0.00016 0.00006 1.00000 0.00000 -0.00110 0.00000 -0.00000 1.00000 0.00000
1547120835042089 1.00000 -0.00006 -0.00000 0.00001 0.00006 1.00000 0.00000 -0.00107 0.00000 -0.00000 1.00000 0.00000
1547120835290957 1.00000 -0.00005 -0.00000 -0.00006 0.00005 1.00000 0.00000 -0.00102 0.00000 -0.00000 1.00000 0.00000
1547120835541038 1.00000 -0.00006 -0.00000 -0.00013 0.00006 1.00000 0.00000 -0.00103 0.00000 -0.00000 1.00000 0.00000
1547120835791382 1.00000 -0.00006 -0.00000 -0.00024 0.00006 1.00000 0.00000 -0.00105 0.00000 -0.00000 1.00000 0.00000
1547120836041547 1.00000 -0.00007 -0.00000 -0.00028 0.00007 1.00000 0.00000 -0.00108 0.00000 -0.00000 1.00000 0.00000
1547120836291403 1.00000 -0.00006 -0.00000 -0.00046 0.00006 1.00000 0.00000 -0.00110 0.00000 -0.00000 1.00000 0.00000
1547120836541359 1.00000 -0.00007 -0.00000 -0.00042 0.00007 1.00000 0.00000 -0.00115 0.00000 -0.00000 1.00000 0.00000
1547120836792721 1.00000 -0.00007 -0.00000 -0.00042 0.00007 1.00000 0.00000 -0.00115 0.00000 -0.00000 1.00000 0.00000
1547120837045588 1.00000 -0.00007 -0.00000 -0.00054 0.00007 1.00000 0.00000 -0.00114 0.00000 -0.00000 1.00000 0.00000
1547120837296833 1.00000 -0.00007 -0.00000 -0.00069 0.00007 1.00000 0.00000 -0.00108 0.00000 -0.00000 1.00000 0.00000
1547120837546997 1.00000 -0.00006 -0.00000 -0.00080 0.00006 1.00000 0.00000 -0.00106 0.00000 -0.00000 1.00000 0.00000
1547120837798424 1.00000 -0.00006 -0.00000 -0.00095 0.00006 1.00000 0.00000 -0.00102 0.00000 -0.00000 1.00000 0.00000
1547120838051350 1.00000 -0.00006 -0.00000 -0.00109 0.00006 1.00000 0.00000 -0.00104 0.00000 -0.00000 1.00000 0.00000
1547120838305056 1.00000 -0.00007 -0.00000 -0.00112 0.00007 1.00000 0.00000 -0.00105 0.00000 -0.00000 1.00000 0.00000
1547120838557257 1.00000 -0.00007 -0.00000 -0.00111 0.00007 1.00000 0.00000 -0.00109 0.00000 -0.00000 1.00000 0.00000
1547120838807651 1.00000 -0.00007 -0.00000 -0.00109 0.00007 1.00000 0.00000 -0.00104 0.00000 -0.00000 1.00000 0.00000
1547120839056323 1.00000 -0.00006 -0.00000 -0.00108 0.00006 1.00000 0.00000 -0.00103 0.00000 -0.00000 1.00000 0.00000
1547120839304064 1.00000 -0.00007 -0.00000 -0.00109 0.00007 1.00000 0.00000 -0.00108 0.00000 -0.00000 1.00000 0.00000
1547120839551750 1.00000 -0.00007 -0.00000 -0.00113 0.00007 1.00000 0.00000 -0.00107 0.00000 -0.00000 1.00000 0.00000
1547120839799418 1.00000 -0.00006 -0.00000 -0.00097 0.00006 1.00000 0.00000 -0.00110 0.00000 -0.00000 1.00000 0.00000
1547120840047482 1.00000 -0.00007 -0.00000 -0.00110 0.00007 1.00000 0.00000 -0.00109 0.00000 -0.00000 1.00000 0.00000
1547120840296832 1.00000 -0.00007 -0.00000 -0.00110 0.00007 1.00000 0.00000 -0.00106 0.00000 -0.00000 1.00000 0.00000
1547120840547094 1.00000 -0.00006 -0.00000 -0.00107 0.00006 1.00000 0.00000 -0.00105 0.00000 -0.00000 1.00000 0.00000
1547120840797712 1.00000 -0.00007 -0.00000 -0.00117 0.00007 1.00000 0.00000 -0.00107 0.00000 -0.00000 1.00000 0.00000
1547120841048270 1.00000 -0.00007 -0.00000 -0.00099 0.00007 1.00000 0.00000 -0.00108 0.00000 -0.00000 1.00000 0.00000
1547120841298418 1.00000 -0.00007 -0.00000 -0.00105 0.00007 1.00000 0.00000 -0.00109 0.00000 -0.00000 1.00000 0.00000
1547120841548258 1.00000 -0.00007 -0.00000 -0.00112 0.00007 1.00000 0.00000 -0.00108 0.00000 -0.00000 1.00000 0.00000
1547120841798840 1.00000 -0.00007 -0.00000 -0.00111 0.00007 1.00000 0.00000 -0.00106 0.00000 -0.00000 1.00000 0.00000
1547120842050822 1.00000 -0.00007 -0.00000 -0.00108 0.00007 1.00000 0.00000 -0.00103 0.00000 -0.00000 1.00000 0.00000
1547120842302651 1.00000 -0.00006 -0.00000 -0.00107 0.00006 1.00000 0.00000 -0.00103 0.00000 -0.00000 1.00000 0.00000
1547120842553827 1.00000 -0.00007 -0.00000 -0.00120 0.00007 1.00000 0.00000 -0.00104 0.00000 -0.00000 1.00000 0.00000
1547120842805052 1.00000 -0.00006 -0.00000 -0.00130 0.00006 1.00000 0.00000 -0.00106 0.00000 -0.00000 1.00000 0.00000
1547120843057466 1.00000 -0.00007 -0.00000 -0.00140 0.00007 1.00000 0.00000 -0.00107 0.00000 -0.00000 1.00000 0.00000
1547120843310662 1.00000 -0.00007 -0.00000 -0.00131 0.00007 1.00000 0.00000 -0.00108 0.00000 -0.00000 1.00000 0.00000
1547120843562963 1.00000 -0.00007 -0.00000 -0.00126 0.00007 1.00000 0.00000 -0.00109 0.00000 -0.00000 1.00000 0.00000
1547120843813553 1.00000 -0.00008 -0.00000 -0.00123 0.00008 1.00000 0.00000 -0.00108 0.00000 -0.00000 1.00000 0.00000
1547120844062486 1.00000 -0.00008 -0.00000 -0.00122 0.00008 1.00000 0.00000 -0.00110 0.00000 -0.00000 1.00000 0.00000
1547120844310775 1.00000 -0.00007 -0.00000 -0.00129 0.00007 1.00000 0.00000 -0.00106 0.00000 -0.00000 1.00000 0.00000
1547120844558465 1.00000 -0.00007 -0.00000 -0.00126 0.00007 1.00000 0.00000 -0.00107 0.00000 -0.00000 1.00000 0.00000
1547120844806138 1.00000 -0.00007 -0.00000 -0.00127 0.00007 1.00000 0.00000 -0.00112 0.00000 -0.00000 1.00000 0.00000
1547120845054622 1.00000 -0.00007 -0.00000 -0.00130 0.00007 1.00000 0.00000 -0.00109 0.00000 -0.00000 1.00000 0.00000
1547120845304075 1.00000 -0.00007 -0.00000 -0.00118 0.00007 1.00000 0.00000 -0.00105 0.00000 -0.00000 1.00000 0.00000
1547120845553745 1.00000 -0.00008 -0.00000 -0.00101 0.00008 1.00000 0.00000 -0.00105 0.00000 -0.00000 1.00000 0.00000
1547120845803036 1.00000 -0.00008 -0.00000 -0.00098 0.00008 1.00000 0.00000 -0.00104 0.00000 -0.00000 1.00000 0.00000
1547120846051944 1.00000 -0.00007 -0.00000 -0.00097 0.00007 1.00000 0.00000 -0.00100 0.00000 -0.00000 1.00000 0.00000
1547120846300667 1.00000 -0.00007 -0.00000 -0.00101 0.00007 1.00000 0.00000 -0.00098 0.00000 -0.00000 1.00000 0.00000
1547120846549074 1.00000 -0.00008 -0.00000 -0.00102 0.00008 1.00000 0.00000 -0.00095 0.00000 -0.00000 1.00000 0.00000
1547120846797497 1.00000 -0.00007 -0.00000 -0.00111 0.00007 1.00000 0.00000 -0.00097 0.00000 -0.00000 1.00000 0.00000
1547120847047307 1.00000 -0.00006 -0.00000 -0.00103 0.00006 1.00000 0.00000 -0.00094 0.00000 -0.00000 1.00000 0.00000
1547120847297612 1.00000 -0.00006 -0.00000 -0.00114 0.00006 1.00000 0.00000 -0.00098 0.00000 -0.00000 1.00000 0.00000
1547120847547521 1.00000 -0.00006 -0.00000 -0.00124 0.00006 1.00000 0.00000 -0.00095 0.00000 -0.00000 1.00000 0.00000
1547120847797456 1.00000 -0.00007 -0.00000 -0.00146 0.00007 1.00000 0.00000 -0.00098 0.00000 -0.00000 1.00000 0.00000
1547120848047367 1.00000 -0.00007 -0.00000 -0.00147 0.00007 1.00000 0.00000 -0.00095 0.00000 -0.00000 1.00000 0.00000
1547120848298480 1.00000 -0.00008 -0.00000 -0.00152 0.00008 1.00000 0.00000 -0.00102 0.00000 -0.00000 1.00000 0.00000
1547120848550843 1.00000 -0.00008 -0.00000 -0.00157 0.00008 1.00000 0.00000 -0.00102 0.00000 -0.00000 1.00000 0.00000
1547120848802886 1.00000 -0.00007 -0.00000 -0.00177 0.00007 1.00000 0.00000 -0.00091 0.00000 -0.00000 1.00000 0.00000
1547120849054140 1.00000 -0.00006 -0.00000 -0.00172 0.00006 1.00000 0.00000 -0.00088 0.00000 -0.00000 1.00000 0.00000
1547120849305053 1.00000 -0.00006 -0.00000 -0.00172 0.00006 1.00000 0.00000 -0.00088 0.00000 -0.00000 1.00000 0.00000
1547120849555592 1.00000 -0.00006 -0.00000 -0.00169 0.00006 1.00000 0.00000 -0.00087 0.00000 -0.00000 1.00000 0.00000
1547120849806318 1.00000 -0.00007 -0.00000 -0.00172 0.00007 1.00000 0.00000 -0.00091 0.00000 -0.00000 1.00000 0.00000
1547120850056860 1.00000 -0.00006 -0.00000 -0.00174 0.00006 1.00000 0.00000 -0.00090 0.00000 -0.00000 1.00000 0.00000
1547120850306730 1.00000 -0.00005 -0.00000 -0.00180 0.00005 1.00000 0.00000 -0.00092 0.00000 -0.00000 1.00000 0.00000
1547120850556004 1.00000 -0.00005 -0.00000 -0.00199 0.00005 1.00000 0.00000 -0.00090 0.00000 -0.00000 1.00000 0.00000
1547120850804949 1.00000 -0.00005 -0.00000 -0.00199 0.00005 1.00000 0.00000 -0.00086 0.00000 -0.00000 1.00000 0.00000
1547120851053719 1.00000 -0.00004 -0.00000 -0.00216 0.00004 1.00000 0.00000 -0.00080 0.00000 -0.00000 1.00000 0.00000
1547120851302402 1.00000 -0.00005 -0.00000 -0.00196 0.00005 1.00000 0.00000 -0.00087 0.00000 -0.00000 1.00000 0.00000
1547120851550780 1.00000 -0.00005 -0.00000 -0.00196 0.00005 1.00000 0.00000 -0.00090 0.00000 -0.00000 1.00000 0.00000
1547120851799417 1.00000 -0.00009 -0.00000 -0.00212 0.00009 1.00000 0.00000 -0.00103 0.00000 -0.00000 1.00000 0.00000
1547120852049180 1.00000 -0.00013 -0.00000 -0.00213 0.00013 1.00000 0.00000 -0.00112 0.00000 -0.00000 1.00000 0.00000
1547120852299730 1.00000 -0.00012 -0.00000 -0.00219 0.00012 1.00000 0.00000 -0.00125 0.00000 -0.00000 1.00000 0.00000
1547120852549731 1.00000 0.00015 -0.00000 -0.00313 -0.00015 1.00000 0.00000 -0.00130 0.00000 -0.00000 1.00000 0.00000
1547120852799364 1.00000 0.00082 -0.00000 -0.01598 -0.00082 1.00000 0.00000 -0.00341 0.00000 -0.00000 1.00000 0.00000
1547120853049479 1.00000 0.00251 -0.00000 -0.03214 -0.00251 1.00000 0.00000 -0.00487 0.00000 -0.00000 1.00000 0.00000
1547120853301048 0.99999 0.00541 -0.00000 -0.05169 -0.00541 0.99999 0.00000 -0.00516 0.00000 -0.00000 1.00000 0.00000
1547120853553302 0.99995 0.01018 -0.00000 -0.08503 -0.01018 0.99995 0.00000 -0.00755 0.00000 -0.00000 1.00000 0.00000
1547120853805079 0.99984 0.01799 -0.00000 -0.14475 -0.01799 0.99984 0.00000 -0.01250 0.00000 -0.00000 1.00000 0.00000
1547120854056406 0.99954 0.03037 -0.00000 -0.22867 -0.03037 0.99954 0.00000 -0.01534 0.00000 -0.00000 1.00000 0.00000
1547120854307573 0.99887 0.04754 -0.00000 -0.37971 -0.04754 0.99887 0.00000 -0.02955 0.00000 -0.00000 1.00000 0.00000
1547120854558360 0.99744 0.07152 -0.00000 -0.57419 -0.07152 0.99744 0.00000 -0.03894 0.00000 -0.00000 1.00000 0.00000
1547120854808518 0.99488 0.10106 -0.00000 -0.80610 -0.10106 0.99488 0.00000 -0.04152 0.00000 -0.00000 1.00000 0.00000
1547120855058531 0.99087 0.13484 -0.00000 -1.08549 -0.13484 0.99087 0.00000 -0.03571 0.00000 -0.00000 1.00000 0.00000
1547120855308496 0.98510 0.17198 -0.00000 -1.41310 -0.17198 0.98510 0.00000 -0.01578 0.00000 -0.00000 1.00000 0.00000
1547120855557955 0.97758 0.21054 -0.00000 -1.81490 -0.21054 0.97758 0.00000 0.02200 0.00000 -0.00000 1.00000 0.00000
1547120855806873 0.96918 0.24636 -0.00000 -2.28597 -0.24636 0.96918 0.00000 0.07090 0.00000 -0.00000 1.00000 0.00000
1547120856055826 0.96114 0.27606 -0.00000 -2.82623 -0.27606 0.96114 0.00000 0.13066 0.00000 -0.00000 1.00000 0.00000
1547120856305224 0.95498 0.29665 -0.00000 -3.44371 -0.29665 0.95498 0.00000 0.18975 0.00000 -0.00000 1.00000 0.00000
1547120856553889 0.95430 0.29885 -0.00000 -4.13909 -0.29885 0.95430 0.00000 0.21068 0.00000 -0.00000 1.00000 0.00000
1547120856801856 0.95734 0.28896 -0.00000 -4.92323 -0.28896 0.95734 0.00000 0.18134 0.00000 -0.00000 1.00000 0.00000
1547120857051166 0.96337 0.26817 -0.00000 -5.77858 -0.26817 0.96337 0.00000 0.09204 0.00000 -0.00000 1.00000 0.00000
1547120857301208 0.97003 0.24300 -0.00000 -6.71767 -0.24300 0.97003 0.00000 -0.03684 0.00000 -0.00000 1.00000 0.00000
1547120857550653 0.97630 0.21644 -0.00000 -7.74947 -0.21644 0.97630 0.00000 -0.20019 0.00000 -0.00000 1.00000 0.00000
1547120857800508 0.98120 0.19302 -0.00000 -8.85521 -0.19302 0.98120 0.00000 -0.36949 0.00000 -0.00000 1.00000 0.00000
1547120858050213 0.98510 0.17197 -0.00000 -10.04132 -0.17197 0.98510 0.00000 -0.54367 0.00000 -0.00000 1.00000 0.00000
1547120858300055 0.98869 0.14999 -0.00000 -11.30538 -0.14999 0.98869 0.00000 -0.75057 0.00000 -0.00000 1.00000 0.00000
1547120858549837 0.99153 0.12987 -0.00000 -12.63187 -0.12987 0.99153 0.00000 -0.96448 0.00000 -0.00000 1.00000 0.00000
1547120858800157 0.99342 0.11452 -0.00000 -14.02529 -0.11452 0.99342 0.00000 -1.14443 0.00000 -0.00000 1.00000 0.00000
1547120859051930 0.99464 0.10339 -0.00000 -15.48659 -0.10339 0.99464 0.00000 -1.29016 0.00000 -0.00000 1.00000 0.00000
1547120859303081 0.99555 0.09423 -0.00000 -17.00249 -0.09423 0.99555 0.00000 -1.41880 0.00000 -0.00000 1.00000 0.00000
1547120859554126 0.99650 0.08365 -0.00000 -18.54478 -0.08365 0.99650 0.00000 -1.58677 0.00000 -0.00000 1.00000 0.00000
1547120859805212 0.99727 0.07387 -0.00000 -20.10681 -0.07387 0.99727 0.00000 -1.76137 0.00000 -0.00000 1.00000 0.00000
1547120860055582 0.99771 0.06769 -0.00000 -21.72401 -0.06769 0.99771 0.00000 -1.86736 0.00000 -0.00000 1.00000 0.00000
1547120860305586 0.99794 0.06412 -0.00000 -23.36692 -0.06412 0.99794 0.00000 -1.93592 0.00000 -0.00000 1.00000 0.00000
1547120860555428 0.99819 0.06022 -0.00000 -25.00259 -0.06022 0.99819 0.00000 -2.01577 0.00000 -0.00000 1.00000 0.00000
1547120860804440 0.99846 0.05548 -0.00000 -26.63462 -0.05548 0.99846 0.00000 -2.12742 0.00000 -0.00000 1.00000 0.00000
1547120861053940 0.99864 0.05215 -0.00000 -28.29148 -0.05215 0.99864 0.00000 -2.20545 0.00000 -0.00000 1.00000 0.00000
1547120861302992 0.99857 0.05337 -0.00000 -29.96460 -0.05337 0.99857 0.00000 -2.15876 0.00000 -0.00000 1.00000 0.00000
1547120861551517 0.99821 0.05978 -0.00000 -31.62095 -0.05978 0.99821 0.00000 -1.95143 0.00000 -0.00000 1.00000 0.00000
1547120861799957 0.99786 0.06544 -0.00000 -33.26566 -0.06544 0.99786 0.00000 -1.76482 0.00000 -0.00000 1.00000 0.00000
1547120862048022 0.99742 0.07175 -0.00000 -35.12065 -0.07175 0.99742 0.00000 -1.53947 0.00000 -0.00000 1.00000 0.00000
1547120862297013 0.99727 0.07389 -0.00000 -37.10105 -0.07389 0.99727 0.00000 -1.45740 0.00000 -0.00000 1.00000 0.00000
1547120862547596 0.99745 0.07143 -0.00000 -39.09842 -0.07143 0.99745 0.00000 -1.53959 0.00000 -0.00000 1.00000 0.00000
1547120862797755 0.99753 0.07023 -0.00000 -41.09201 -0.07023 0.99753 0.00000 -1.57000 0.00000 -0.00000 1.00000 0.00000
1547120863047278 0.99737 0.07251 -0.00000 -43.08935 -0.07251 0.99737 0.00000 -1.45469 0.00000 -0.00000 1.00000 0.00000
1547120863296520 0.99707 0.07652 -0.00000 -45.07103 -0.07652 0.99707 0.00000 -1.26982 0.00000 -0.00000 1.00000 0.00000
1547120863547696 0.99672 0.08088 -0.00000 -47.06607 -0.08088 0.99672 0.00000 -1.06169 0.00000 -0.00000 1.00000 0.00000
1547120863799870 0.99637 0.08513 -0.00000 -49.07371 -0.08513 0.99637 0.00000 -0.84681 0.00000 -0.00000 1.00000 0.00000
1547120864050982 0.99597 0.08972 -0.00000 -51.05786 -0.08972 0.99597 0.00000 -0.60751 0.00000 -0.00000 1.00000 0.00000
1547120864301986 0.99574 0.09223 -0.00000 -53.03268 -0.09223 0.99574 0.00000 -0.46750 0.00000 -0.00000 1.00000 0.00000
1547120864552855 0.99578 0.09173 -0.00000 -54.97583 -0.09173 0.99578 0.00000 -0.48324 0.00000 -0.00000 1.00000 0.00000
1547120864803556 0.99614 0.08782 -0.00000 -56.89421 -0.08782 0.99614 0.00000 -0.69031 0.00000 -0.00000 1.00000 0.00000
1547120865053725 0.99657 0.08277 -0.00000 -58.81243 -0.08277 0.99657 0.00000 -0.97302 0.00000 -0.00000 1.00000 0.00000
1547120865303443 0.99692 0.07844 -0.00000 -60.71381 -0.07844 0.99692 0.00000 -1.22275 0.00000 -0.00000 1.00000 0.00000
1547120865553008 0.99719 0.07493 -0.00000 -62.55996 -0.07493 0.99719 0.00000 -1.43472 0.00000 -0.00000 1.00000 0.00000
1547120865802141 0.99747 0.07108 -0.00000 -64.38008 -0.07108 0.99747 0.00000 -1.66999 0.00000 -0.00000 1.00000 0.00000
1547120866050895 0.99767 0.06819 -0.00000 -66.19983 -0.06819 0.99767 0.00000 -1.85139 0.00000 -0.00000 1.00000 0.00000
1547120866299413 0.99809 0.06173 -0.00000 -68.01454 -0.06173 0.99809 0.00000 -2.27757 0.00000 -0.00000 1.00000 0.00000
1547120866547889 0.99845 0.05567 -0.00000 -69.74637 -0.05567 0.99845 0.00000 -2.68582 0.00000 -0.00000 1.00000 0.00000
1547120866796493 0.99891 0.04678 -0.00000 -71.88303 -0.04678 0.99891 0.00000 -3.30846 0.00000 -0.00000 1.00000 0.00000
1547120867046439 0.99923 0.03927 -0.00000 -74.10236 -0.03927 0.99923 0.00000 -3.84260 0.00000 -0.00000 1.00000 0.00000
1547120867296638 0.99944 0.03350 -0.00000 -76.28885 -0.03350 0.99944 0.00000 -4.25631 0.00000 -0.00000 1.00000 0.00000
1547120867546159 0.99965 0.02662 -0.00000 -78.44183 -0.02662 0.99965 0.00000 -4.78029 0.00000 -0.00000 1.00000 0.00000
1547120867796056 0.99975 0.02245 -0.00000 -80.59682 -0.02245 0.99975 0.00000 -5.10003 0.00000 -0.00000 1.00000 0.00000
1547120868047187 0.99980 0.02012 -0.00000 -82.75871 -0.02012 0.99980 0.00000 -5.28326 0.00000 -0.00000 1.00000 0.00000
1547120868299103 0.99987 0.01623 -0.00000 -84.86913 -0.01623 0.99987 0.00000 -5.60413 0.00000 -0.00000 1.00000 0.00000
1547120868550316 0.99984 0.01802 -0.00000 -86.97140 -0.01802 0.99984 0.00000 -5.44550 0.00000 -0.00000 1.00000 0.00000
1547120868801013 0.99977 0.02131 -0.00000 -89.05155 -0.02131 0.99977 0.00000 -5.15153 0.00000 -0.00000 1.00000 0.00000
1547120869051543 0.99968 0.02512 -0.00000 -91.10512 -0.02512 0.99968 0.00000 -4.80885 0.00000 -0.00000 1.00000 0.00000
1547120869301605 0.99955 0.03007 -0.00000 -93.13875 -0.03007 0.99955 0.00000 -4.35093 0.00000 -0.00000 1.00000 0.00000
1547120869551398 0.99939 0.03501 -0.00000 -95.10695 -0.03501 0.99939 0.00000 -3.88095 0.00000 -0.00000 1.00000 0.00000
1547120869801162 0.99906 0.04330 -0.00000 -97.06314 -0.04330 0.99906 0.00000 -3.07976 0.00000 -0.00000 1.00000 0.00000
1547120870050426 0.99873 0.05030 -0.00000 -98.99933 -0.05030 0.99873 0.00000 -2.39501 0.00000 -0.00000 1.00000 0.00000
1547120870299556 0.99832 0.05793 -0.00000 -100.91447 -0.05793 0.99832 0.00000 -1.62905 0.00000 -0.00000 1.00000 0.00000
1547120870548510 0.99796 0.06384 -0.00000 -102.73221 -0.06384 0.99796 0.00000 -1.02414 0.00000 -0.00000 1.00000 0.00000
1547120870797225 0.99755 0.06998 -0.00000 -104.51922 -0.06998 0.99755 0.00000 -0.38225 0.00000 -0.00000 1.00000 0.00000
1547120871045838 0.99712 0.07581 -0.00000 -106.44406 -0.07581 0.99712 0.00000 0.23573 0.00000 -0.00000 1.00000 0.00000
1547120871294076 0.99664 0.08189 -0.00000 -108.63613 -0.08189 0.99664 0.00000 0.90376 0.00000 -0.00000 1.00000 0.00000
1547120871542891 0.99624 0.08664 -0.00000 -110.79067 -0.08664 0.99624 0.00000 1.43254 0.00000 -0.00000 1.00000 0.00000
1547120871792444 0.99580 0.09156 -0.00000 -112.90626 -0.09156 0.99580 0.00000 1.99003 0.00000 -0.00000 1.00000 0.00000
1547120872042355 0.99540 0.09576 -0.00000 -115.01340 -0.09576 0.99540 0.00000 2.48100 0.00000 -0.00000 1.00000 0.00000
1547120872292140 0.99512 0.09871 -0.00000 -117.08064 -0.09871 0.99512 0.00000 2.82963 0.00000 -0.00000 1.00000 0.00000
