1628184886420593 1.00000 0.00000 0.00000 -0.00000 0.00000 -1.00000 0.00000 0.00000 0.00000 -0.00000 -1.00000 0.00000
1628184886670599 1.00000 -0.00029 0.00000 -0.00878 -0.00029 -1.00000 0.00000 0.02079 -0.00000 -0.00000 -1.00000 0.00000
1628184886920602 1.00000 0.00010 0.00000 -0.00154 0.00010 -1.00000 0.00000 0.00858 0.00000 -0.00000 -1.00000 0.00000
1628184887170613 1.00000 0.00303 0.00000 -0.00930 0.00303 -1.00000 0.00000 0.01118 0.00000 -0.00000 -1.00000 0.00000
1628184887419986 0.99999 0.00335 0.00000 0.02668 0.00335 -0.99999 0.00000 -0.05722 0.00000 -0.00000 -1.00000 -0.00000
1628184887670615 1.00000 -0.00088 0.00000 -0.00269 -0.00088 -1.00000 0.00000 0.01292 -0.00000 -0.00000 -1.00000 0.00000
1628184887919992 1.00000 0.00041 0.00000 0.02968 0.00041 -1.00000 0.00000 -0.03108 0.00000 -0.00000 -1.00000 -0.00000
1628184888170005 0.99993 0.01152 0.00000 0.00070 0.01152 -0.99993 0.00000 0.00547 0.00000 -0.00000 -1.00000 0.00000
1628184888420634 1.00000 0.00306 0.00000 -0.02131 0.00306 -1.00000 0.00000 0.02143 0.00000 -0.00000 -1.00000 0.00000
1628184888670638 0.99999 0.00509 0.00000 0.02320 0.00509 -0.99999 0.00000 -0.01926 0.00000 -0.00000 -1.00000 -0.00000
1628184888920639 0.99993 0.01196 0.00000 0.00450 0.01196 -0.99993 0.00000 0.00792 0.00000 -0.00000 -1.00000 0.00000
1628184889170645 0.99997 0.00727 -0.00000 0.00047 0.00727 -0.99997 0.00000 -0.01993 0.00000 -0.00000 -1.00000 -0.00000
1628184889420658 0.99994 0.01049 -0.00000 0.00656 0.01049 -0.99994 0.00000 -0.02155 0.00000 -0.00000 -1.00000 -0.00000
1628184889671282 1.00000 0.00065 -0.00000 -0.00445 0.00065 -1.00000 0.00000 0.01639 0.00000 -0.00000 -1.00000 0.00000
1628184889921288 1.00000 0.00023 0.00000 0.00602 0.00023 -1.00000 0.00000 -0.01762 0.00000 -0.00000 -1.00000 -0.00000
1628184890171289 1.00000 0.00194 0.00000 -0.00283 0.00194 -1.00000 0.00000 -0.00549 0.00000 -0.00000 -1.00000 -0.00000
1628184890421291 1.00000 0.00211 0.00000 -0.02347 0.00211 -1.00000 0.00000 0.04225 0.00000 -0.00000 -1.00000 0.00000
1628184890670667 1.00000 0.00150 0.00000 0.02011 0.00150 -1.00000 0.00000 -0.06002 0.00000 -0.00000 -1.00000 -0.00000
1628184890920047 0.99999 0.00331 -0.00000 0.02960 0.00331 -0.99999 0.00000 -0.04193 0.00000 -0.00000 -1.00000 -0.00000
1628184891170058 1.00000 0.00048 0.00000 -0.01422 0.00048 -1.00000 0.00000 0.01738 0.00000 -0.00000 -1.00000 0.00000
1628184891420059 1.00000 -0.00044 -0.00000 0.00369 -0.00044 -1.00000 0.00000 0.01696 -0.00000 -0.00000 -1.00000 0.00000
1628184891670062 1.00000 0.00255 0.00000 0.01475 0.00255 -1.00000 0.00000 -0.00928 0.00000 -0.00000 -1.00000 -0.00000
1628184891920068 0.99998 0.00551 0.00000 0.00133 0.00551 -0.99998 0.00000 0.02744 0.00000 -0.00000 -1.00000 0.00000
1628184892170089 1.00000 0.00180 0.00000 -0.01984 0.00180 -1.00000 0.00000 0.04215 0.00000 -0.00000 -1.00000 0.00000
1628184892419454 1.00000 0.00033 0.00000 0.03510 0.00033 -1.00000 0.00000 -0.08986 0.00000 -0.00000 -1.00000 -0.00000
1628184892669456 0.99994 0.01116 0.00000 0.00464 0.01116 -0.99994 0.00000 0.00978 0.00000 -0.00000 -1.00000 0.00000
1628184892919459 0.99994 0.01139 -0.00000 -0.00904 0.01139 -0.99994 0.00000 0.03903 0.00000 -0.00000 -1.00000 0.00000
1628184893169475 0.99995 0.01031 0.00000 -0.00974 0.01031 -0.99995 0.00000 0.00025 0.00000 -0.00000 -1.00000 0.00000
1628184893420097 1.00000 0.00161 0.00000 -0.00101 0.00161 -1.00000 0.00000 0.00462 0.00000 -0.00000 -1.00000 0.00000
1628184893670116 0.99999 0.00336 0.00000 0.02450 0.00336 -0.99999 0.00000 -0.01868 0.00000 -0.00000 -1.00000 -0.00000
1628184893920730 1.00000 -0.00181 0.00000 -0.00444 -0.00181 -1.00000 0.00000 0.01240 -0.00000 -0.00000 -1.00000 0.00000
1628184894170733 1.00000 -0.00149 -0.00000 0.00369 -0.00149 -1.00000 0.00000 0.00437 -0.00000 -0.00000 -1.00000 0.00000
1628184894420743 1.00000 -0.00038 -0.00000 -0.00025 -0.00038 -1.00000 0.00000 0.00179 -0.00000 -0.00000 -1.00000 0.00000
1628184894670115 1.00000 0.00228 0.00000 0.01605 0.00228 -1.00000 0.00000 -0.05720 0.00000 -0.00000 -1.00000 -0.00000
1628184894920118 0.99994 0.01052 0.00000 0.00134 0.01052 -0.99994 0.00000 0.01845 0.00000 -0.00000 -1.00000 0.00000
1628184895170196 0.99993 0.01155 0.00000 -0.00856 0.01155 -0.99993 0.00000 0.03072 0.00000 -0.00000 -1.00000 0.00000
1628184895420751 1.00000 -0.00145 0.00000 -0.00619 -0.00145 -1.00000 0.00000 0.00488 -0.00000 -0.00000 -1.00000 0.00000
1628184895670761 0.99999 -0.00319 0.00000 0.01135 -0.00319 -0.99999 0.00000 -0.03760 -0.00000 -0.00000 -1.00000 -0.00000
1628184895920758 1.00000 -0.00038 -0.00000 -0.02877 -0.00038 -1.00000 0.00000 -0.01570 -0.00000 -0.00000 -1.00000 -0.00000
1628184896170768 1.00000 -0.00008 0.00000 -0.07877 -0.00008 -1.00000 0.00000 -0.01426 -0.00000 -0.00000 -1.00000 -0.00000
1628184896420773 1.00000 0.00172 0.00000 -0.12216 0.00172 -1.00000 0.00000 -0.00428 0.00000 -0.00000 -1.00000 -0.00000
1628184896670783 1.00000 0.00073 0.00000 -0.18253 0.00073 -1.00000 0.00000 0.00327 0.00000 -0.00000 -1.00000 0.00000
1628184896920779 1.00000 -0.00119 0.00000 -0.24568 -0.00119 -1.00000 0.00000 0.01937 -0.00000 -0.00000 -1.00000 0.00000
1628184897170784 0.99998 -0.00548 -0.00000 -0.37277 -0.00548 -0.99998 0.00000 -0.02573 -0.00000 -0.00000 -1.00000 -0.00000
1628184897421411 0.99967 -0.02576 0.00000 -0.55394 -0.02576 -0.99967 0.00000 -0.02252 -0.00000 -0.00000 -1.00000 -0.00000
1628184897671417 0.99891 -0.04661 0.00000 -0.74090 -0.04661 -0.99891 0.00000 -0.01126 -0.00000 -0.00000 -1.00000 -0.00000
1628184897921427 0.99650 -0.08356 0.00000 -1.14648 -0.08356 -0.99650 0.00000 -0.00658 -0.00000 -0.00000 -1.00000 -0.00000
1628184898171432 0.99142 -0.13070 0.00000 -1.57135 -0.13070 -0.99142 0.00000 0.10352 -0.00000 -0.00000 -1.00000 0.00000
1628184898420811 0.98379 -0.17935 0.00000 -2.07481 -0.17935 -0.98379 0.00000 0.15621 -0.00000 -0.00000 -1.00000 0.00000
1628184898669564 0.97521 -0.22127 -0.00000 -2.60195 -0.22127 -0.97521 0.00000 -0.01062 -0.00000 -0.00000 -1.00000 -0.00000
1628184898919569 0.96722 -0.25392 0.00000 -3.26367 -0.25392 -0.96722 0.00000 0.17841 -0.00000 -0.00000 -1.00000 0.00000
1628184899168943 0.96286 -0.27000 -0.00000 -3.98823 -0.27000 -0.96286 0.00000 0.11386 -0.00000 -0.00000 -1.00000 0.00000
1628184899419531 0.95984 -0.28056 0.00000 -4.71382 -0.28056 -0.95984 0.00000 0.19494 -0.00000 -0.00000 -1.00000 0.00000
1628184899669578 0.96342 -0.26799 0.00000 -5.52203 -0.26799 -0.96342 0.00000 0.09559 -0.00000 -0.00000 -1.00000 0.00000
1628184899919584 0.97029 -0.24194 0.00000 -6.45680 -0.24194 -0.97029 0.00000 0.01496 -0.00000 -0.00000 -1.00000 0.00000
1628184900169594 0.97508 -0.22187 0.00000 -7.37000 -0.22187 -0.97508 0.00000 -0.12034 -0.00000 -0.00000 -1.00000 -0.00000
1628184900419603 0.97911 -0.20332 0.00000 -8.25841 -0.20332 -0.97911 0.00000 -0.18469 -0.00000 -0.00000 -1.00000 -0.00000
1628184900669598 0.98173 -0.19029 0.00000 -9.25985 -0.19029 -0.98173 0.00000 -0.29064 -0.00000 -0.00000 -1.00000 -0.00000
1628184900919600 0.98495 -0.17284 0.00000 -10.22033 -0.17284 -0.98495 0.00000 -0.42155 -0.00000 -0.00000 -1.00000 -0.00000
1628184901169608 0.98831 -0.15244 0.00000 -11.25942 -0.15244 -0.98831 0.00000 -0.72279 -0.00000 -0.00000 -1.00000 -0.00000
1628184901420243 0.99017 -0.13988 0.00000 -12.32915 -0.13988 -0.99017 0.00000 -0.81575 -0.00000 -0.00000 -1.00000 -0.00000
1628184901670241 0.99205 -0.12581 0.00000 -13.41347 -0.12581 -0.99205 0.00000 -1.01743 -0.00000 -0.00000 -1.00000 -0.00000
1628184901920244 0.99451 -0.10461 0.00000 -14.54625 -0.10461 -0.99451 0.00000 -1.38203 -0.00000 -0.00000 -1.00000 -0.00000
1628184902170866 0.99548 -0.09500 0.00000 -15.74478 -0.09500 -0.99548 0.00000 -1.43680 -0.00000 -0.00000 -1.00000 -0.00000
1628184902420874 0.99630 -0.08599 0.00000 -16.96478 -0.08599 -0.99630 0.00000 -1.63334 -0.00000 -0.00000 -1.00000 -0.00000
1628184902670886 0.99741 -0.07188 0.00000 -18.20817 -0.07188 -0.99741 0.00000 -1.98496 -0.00000 -0.00000 -1.00000 -0.00000
1628184902921520 0.99795 -0.06396 0.00000 -19.54482 -0.06396 -0.99795 0.00000 -2.04409 -0.00000 -0.00000 -1.00000 -0.00000
1628184903171519 0.99843 -0.05595 -0.00000 -20.88009 -0.05595 -0.99843 0.00000 -2.18368 -0.00000 -0.00000 -1.00000 -0.00000
1628184903421525 0.99888 -0.04736 0.00000 -22.24327 -0.04736 -0.99888 0.00000 -2.38752 -0.00000 -0.00000 -1.00000 -0.00000
1628184903671521 0.99909 -0.04274 0.00000 -23.76221 -0.04274 -0.99909 0.00000 -2.54231 -0.00000 -0.00000 -1.00000 -0.00000
1628184903920903 0.99904 -0.04377 -0.00000 -25.34063 -0.04377 -0.99904 0.00000 -2.57577 -0.00000 -0.00000 -1.00000 -0.00000
1628184904170912 0.99896 -0.04552 -0.00000 -26.93493 -0.04552 -0.99896 0.00000 -2.45347 -0.00000 -0.00000 -1.00000 -0.00000
1628184904420909 0.99897 -0.04532 0.00000 -28.53295 -0.04532 -0.99897 0.00000 -2.55795 -0.00000 -0.00000 -1.00000 -0.00000
1628184904670917 0.99899 -0.04491 0.00000 -30.25747 -0.04491 -0.99899 0.00000 -2.55788 -0.00000 -0.00000 -1.00000 -0.00000
1628184904920298 0.99909 -0.04262 0.00000 -31.89262 -0.04262 -0.99909 0.00000 -2.74739 -0.00000 -0.00000 -1.00000 -0.00000
1628184905170308 0.99913 -0.04174 0.00000 -33.78938 -0.04174 -0.99913 0.00000 -2.81363 -0.00000 -0.00000 -1.00000 -0.00000
1628184905421554 0.99887 -0.04750 0.00000 -35.38026 -0.04750 -0.99887 0.00000 -2.64505 -0.00000 -0.00000 -1.00000 -0.00000
1628184905671569 0.99904 -0.04391 0.00000 -37.14944 -0.04391 -0.99904 0.00000 -2.78077 -0.00000 -0.00000 -1.00000 -0.00000
1628184905920937 0.99949 -0.03195 0.00000 -38.82975 -0.03195 -0.99949 0.00000 -3.31470 -0.00000 -0.00000 -1.00000 -0.00000
1628184906171575 0.99959 -0.02877 -0.00000 -40.62191 -0.02877 -0.99959 0.00000 -3.42087 -0.00000 -0.00000 -1.00000 -0.00000
1628184906421576 0.99980 -0.02020 -0.00000 -42.36477 -0.02020 -0.99980 0.00000 -3.72612 -0.00000 -0.00000 -1.00000 -0.00000
1628184906670953 0.99999 -0.00330 0.00000 -44.12871 -0.00330 -0.99999 0.00000 -4.57394 -0.00000 -0.00000 -1.00000 -0.00000
1628184906920958 1.00000 -0.00139 0.00000 -46.01531 -0.00139 -1.00000 0.00000 -4.60723 -0.00000 -0.00000 -1.00000 -0.00000
1628184907170958 0.99997 0.00741 0.00000 -47.85777 0.00741 -0.99997 0.00000 -5.05375 0.00000 -0.00000 -1.00000 -0.00000
1628184907420970 0.99989 0.01471 0.00000 -49.77908 0.01471 -0.99989 0.00000 -5.41553 0.00000 -0.00000 -1.00000 -0.00000
1628184907671598 0.99999 0.00351 0.00000 -51.79460 0.00351 -0.99999 0.00000 -4.85020 0.00000 -0.00000 -1.00000 -0.00000
1628184907920979 0.99997 0.00725 0.00000 -53.68623 0.00725 -0.99997 0.00000 -5.11586 0.00000 -0.00000 -1.00000 -0.00000
1628184908170986 0.99998 0.00631 -0.00000 -55.66267 0.00631 -0.99998 0.00000 -5.13944 0.00000 -0.00000 -1.00000 -0.00000
1628184908420981 0.99998 0.00695 0.00000 -57.65275 0.00695 -0.99998 0.00000 -5.21214 0.00000 -0.00000 -1.00000 -0.00000
1628184908671000 0.99999 0.00434 0.00000 -59.73339 0.00434 -0.99999 0.00000 -5.04029 0.00000 -0.00000 -1.00000 -0.00000
1628184908920990 0.99999 0.00414 0.00000 -61.71854 0.00414 -0.99999 0.00000 -5.19335 0.00000 -0.00000 -1.00000 -0.00000
1628184909171000 1.00000 0.00202 0.00000 -63.74759 0.00202 -1.00000 0.00000 -5.06040 0.00000 -0.00000 -1.00000 -0.00000
1628184909421000 1.00000 -0.00023 0.00000 -65.81487 -0.00023 -1.00000 0.00000 -4.89598 -0.00000 -0.00000 -1.00000 -0.00000
1628184909671010 0.99999 -0.00434 0.00000 -67.83264 -0.00434 -0.99999 0.00000 -4.60081 -0.00000 -0.00000 -1.00000 -0.00000
1628184909921008 0.99997 -0.00758 -0.00000 -69.82589 -0.00758 -0.99997 0.00000 -4.41120 -0.00000 -0.00000 -1.00000 -0.00000
1628184910171020 0.99999 -0.00342 0.00000 -71.84213 -0.00342 -0.99999 0.00000 -4.70780 -0.00000 -0.00000 -1.00000 -0.00000
1628184910421021 1.00000 -0.00249 0.00000 -73.85974 -0.00249 -1.00000 0.00000 -4.79769 -0.00000 -0.00000 -1.00000 -0.00000
1628184910671650 0.99983 -0.01817 0.00000 -75.86393 -0.01817 -0.99983 0.00000 -3.57399 -0.00000 -0.00000 -1.00000 -0.00000
1628184910921655 0.99954 -0.03026 0.00000 -77.93030 -0.03026 -0.99954 0.00000 -2.65327 -0.00000 -0.00000 -1.00000 -0.00000
1628184911171659 0.99871 -0.05073 -0.00000 -79.99079 -0.05073 -0.99871 0.00000 -1.11406 -0.00000 -0.00000 -1.00000 -0.00000
1628184911421039 0.99703 -0.07708 0.00000 -81.94801 -0.07708 -0.99703 0.00000 0.92378 -0.00000 -0.00000 -1.00000 0.00000
1628184911670420 0.99482 -0.10163 -0.00000 -83.83837 -0.10163 -0.99482 0.00000 2.88090 -0.00000 -0.00000 -1.00000 0.00000
1628184911921045 0.98956 -0.14410 0.00000 -85.65882 -0.14410 -0.98956 0.00000 6.53879 -0.00000 -0.00000 -1.00000 0.00000
1628184912170428 0.98553 -0.16948 0.00000 -87.30614 -0.16948 -0.98553 0.00000 8.66716 -0.00000 -0.00000 -1.00000 0.00000
1628184912421061 0.97739 -0.21143 0.00000 -88.85284 -0.21143 -0.97739 0.00000 12.46351 -0.00000 -0.00000 -1.00000 0.00000
1628184912671061 0.96687 -0.25527 0.00000 -90.06776 -0.25527 -0.96687 0.00000 16.43431 -0.00000 -0.00000 -1.00000 0.00000
1628184912921061 0.95254 -0.30442 0.00000 -91.06859 -0.30442 -0.95254 0.00000 20.97153 -0.00000 -0.00000 -1.00000 0.00000
1628184913170439 0.93978 -0.34179 0.00000 -91.95552 -0.34179 -0.93978 0.00000 24.51765 -0.00000 -0.00000 -1.00000 0.00000
1628184913421070 0.92118 -0.38915 0.00000 -92.53272 -0.38915 -0.92118 0.00000 29.28256 -0.00000 -0.00000 -1.00000 0.00000
1628184913670458 0.90513 -0.42513 0.00000 -93.14876 -0.42513 -0.90513 0.00000 32.87865 -0.00000 -0.00000 -1.00000 0.00000
1628184913920461 0.88022 -0.47456 0.00000 -93.03612 -0.47456 -0.88022 0.00000 38.08524 -0.00000 -0.00000 -1.00000 0.00000
1628184914170458 0.85248 -0.52276 -0.00000 -92.65393 -0.52276 -0.85248 0.00000 43.12811 -0.00000 -0.00000 -1.00000 0.00000
1628184914420469 0.81840 -0.57465 0.00000 -91.62061 -0.57465 -0.81840 0.00000 48.79415 -0.00000 -0.00000 -1.00000 0.00000
1628184914670470 0.77927 -0.62669 0.00000 -90.11258 -0.62669 -0.77927 0.00000 54.64133 -0.00000 -0.00000 -1.00000 0.00000
1628184914920479 0.72859 -0.68495 0.00000 -87.37632 -0.68495 -0.72859 0.00000 61.50314 -0.00000 -0.00000 -1.00000 0.00000
1628184915169852 0.67584 -0.73705 0.00000 -84.40530 -0.73705 -0.67584 0.00000 67.67982 -0.00000 -0.00000 -1.00000 0.00000
1628184915420479 0.60874 -0.79337 0.00000 -79.96295 -0.79337 -0.60874 0.00000 74.87192 -0.00000 -0.00000 -1.00000 0.00000
1628184915670488 0.54754 -0.83678 0.00000 -75.93254 -0.83678 -0.54754 0.00000 80.63133 -0.00000 -0.00000 -1.00000 0.00000
1628184915919864 0.49473 -0.86905 -0.00000 -72.55961 -0.86905 -0.49473 0.00000 84.91882 -0.00000 -0.00000 -1.00000 0.00000
1628184916169877 0.45077 -0.89264 0.00000 -70.09860 -0.89264 -0.45077 0.00000 88.38531 -0.00000 -0.00000 -1.00000 0.00000
1628184916420506 0.41741 -0.90872 0.00000 -68.67619 -0.90872 -0.41741 0.00000 91.09363 -0.00000 -0.00000 -1.00000 0.00000
1628184916670510 0.39648 -0.91804 -0.00000 -68.41502 -0.91804 -0.39648 0.00000 92.57591 -0.00000 -0.00000 -1.00000 0.00000
1628184916920506 0.37837 -0.92565 0.00000 -68.52801 -0.92565 -0.37837 0.00000 93.84510 -0.00000 -0.00000 -1.00000 0.00000
1628184917169893 0.37687 -0.92627 -0.00000 -70.39023 -0.92627 -0.37687 0.00000 94.02367 -0.00000 -0.00000 -1.00000 0.00000
1628184917419892 0.37488 -0.92707 0.00000 -72.18427 -0.92707 -0.37488 0.00000 94.08334 -0.00000 -0.00000 -1.00000 0.00000
1628184917669913 0.37350 -0.92763 0.00000 -74.16743 -0.92763 -0.37350 0.00000 94.14440 -0.00000 -0.00000 -1.00000 0.00000
1628184917920521 0.36911 -0.92938 0.00000 -75.84859 -0.92938 -0.36911 0.00000 94.54037 -0.00000 -0.00000 -1.00000 0.00000
1628184918170532 0.37801 -0.92580 0.00000 -78.85927 -0.92580 -0.37801 0.00000 93.72187 -0.00000 -0.00000 -1.00000 0.00000
1628184918420537 0.38641 -0.92233 -0.00000 -81.82777 -0.92233 -0.38641 0.00000 92.89646 -0.00000 -0.00000 -1.00000 0.00000
1628184918670541 0.39887 -0.91701 0.00000 -85.29024 -0.91701 -0.39887 0.00000 91.83040 -0.00000 -0.00000 -1.00000 0.00000
1628184918920550 0.41354 -0.91049 0.00000 -88.87728 -0.91049 -0.41354 0.00000 90.38361 -0.00000 -0.00000 -1.00000 0.00000
1628184919170547 0.43039 -0.90264 0.00000 -92.67473 -0.90264 -0.43039 0.00000 88.70830 -0.00000 -0.00000 -1.00000 0.00000
1628184919420552 0.44938 -0.89334 0.00000 -96.59264 -0.89334 -0.44938 0.00000 86.61748 -0.00000 -0.00000 -1.00000 0.00000
1628184919671185 0.46083 -0.88749 0.00000 -99.86070 -0.88749 -0.46083 0.00000 85.37828 -0.00000 -0.00000 -1.00000 0.00000
1628184919921195 0.48195 -0.87620 0.00000 -103.85510 -0.87620 -0.48195 0.00000 82.85861 -0.00000 -0.00000 -1.00000 0.00000
1628184920171199 0.49979 -0.86614 -0.00000 -107.64688 -0.86614 -0.49979 0.00000 80.71233 -0.00000 -0.00000 -1.00000 0.00000
1628184920421196 0.51297 -0.85841 0.00000 -110.90928 -0.85841 -0.51297 0.00000 78.96467 -0.00000 -0.00000 -1.00000 0.00000
1628184920671205 0.52574 -0.85065 0.00000 -114.09282 -0.85065 -0.52574 0.00000 77.34726 -0.00000 -0.00000 -1.00000 0.00000
1628184920921211 0.54272 -0.83991 0.00000 -117.64145 -0.83991 -0.54272 0.00000 75.02521 -0.00000 -0.00000 -1.00000 0.00000
1628184921171216 0.55610 -0.83112 0.00000 -120.73927 -0.83112 -0.55610 0.00000 73.06225 -0.00000 -0.00000 -1.00000 0.00000
1628184921421217 0.56845 -0.82272 0.00000 -123.99509 -0.82272 -0.56845 0.00000 71.21121 -0.00000 -0.00000 -1.00000 0.00000
1628184921671221 0.57870 -0.81554 -0.00000 -126.65895 -0.81554 -0.57870 0.00000 69.65888 -0.00000 -0.00000 -1.00000 0.00000
1628184921921225 0.60141 -0.79894 0.00000 -130.36810 -0.79894 -0.60141 0.00000 66.02443 -0.00000 -0.00000 -1.00000 0.00000
1628184922171781 0.61843 -0.78584 0.00000 -133.56849 -0.78584 -0.61843 0.00000 63.22101 -0.00000 -0.00000 -1.00000 0.00000
1628184922421235 0.64871 -0.76104 -0.00000 -137.66709 -0.76104 -0.64871 0.00000 57.91330 -0.00000 -0.00000 -1.00000 0.00000
1628184922671861 0.66978 -0.74256 0.00000 -140.85924 -0.74256 -0.66978 0.00000 54.07984 -0.00000 -0.00000 -1.00000 0.00000
1628184922921865 0.70470 -0.70951 0.00000 -144.79359 -0.70951 -0.70470 0.00000 47.23931 -0.00000 -0.00000 -1.00000 0.00000
1628184923171243 0.75016 -0.66125 0.00000 -149.00683 -0.66125 -0.75016 0.00000 37.58569 -0.00000 -0.00000 -1.00000 0.00000
1628184923421250 0.80717 -0.59032 0.00000 -153.29793 -0.59032 -0.80717 0.00000 23.76745 -0.00000 -0.00000 -1.00000 0.00000
1628184923671256 0.85690 -0.51548 0.00000 -156.01962 -0.51548 -0.85690 0.00000 9.97900 -0.00000 -0.00000 -1.00000 0.00000
1628184923921256 0.91025 -0.41407 -0.00000 -157.39813 -0.41407 -0.91025 0.00000 -8.03032 -0.00000 -0.00000 -1.00000 -0.00000
1628184924171263 0.95303 -0.30286 0.00000 -156.35008 -0.30286 -0.95303 0.00000 -26.64794 -0.00000 -0.00000 -1.00000 -0.00000
1628184924421272 0.98574 -0.16829 -0.00000 -152.10785 -0.16829 -0.98574 0.00000 -48.08236 -0.00000 -0.00000 -1.00000 -0.00000
1628184924671273 0.99993 -0.01221 0.00000 -143.65995 -0.01221 -0.99993 0.00000 -71.18912 -0.00000 -0.00000 -1.00000 -0.00000
1628184924921277 0.98707 0.16027 0.00000 -130.15846 0.16027 -0.98707 0.00000 -94.86022 0.00000 -0.00000 -1.00000 -0.00000
1628184925171283 0.94152 0.33695 0.00000 -111.69690 0.33695 -0.94152 0.00000 -116.87426 0.00000 -0.00000 -1.00000 -0.00000
1628184925421911 0.85722 0.51496 0.00000 -87.38445 0.51496 -0.85722 0.00000 -136.38951 0.00000 -0.00000 -1.00000 -0.00000
1628184925671928 0.74445 0.66768 -0.00000 -60.89951 0.66768 -0.74445 0.00000 -150.37936 0.00000 -0.00000 -1.00000 -0.00000
1628184925921917 0.60616 0.79535 0.00000 -32.56529 0.79535 -0.60616 0.00000 -159.05441 0.00000 -0.00000 -1.00000 -0.00000
1628184926171924 0.45464 0.89067 0.00000 -4.51484 0.89067 -0.45464 0.00000 -162.23197 0.00000 -0.00000 -1.00000 -0.00000
1628184926421300 0.28159 0.95953 -0.00000 24.82087 0.95953 -0.28159 0.00000 -160.18228 0.00000 -0.00000 -1.00000 -0.00000
1628184926670679 0.09447 0.99553 0.00000 53.93841 0.99553 -0.09447 0.00000 -152.53686 0.00000 -0.00000 -1.00000 -0.00000
1628184926920687 -0.09577 0.99540 0.00000 80.98758 0.99540 0.09577 0.00000 -139.53807 0.00000 0.00000 -1.00000 -0.00000
1628184927170691 -0.29289 0.95615 -0.00000 106.38405 0.95615 0.29289 0.00000 -120.46285 0.00000 0.00000 -1.00000 -0.00000
1628184927420692 -0.48203 0.87615 0.00000 127.75698 0.87615 0.48203 0.00000 -96.17584 0.00000 0.00000 -1.00000 -0.00000
1628184927670698 -0.64819 0.76148 0.00000 143.42402 0.76148 0.64819 0.00000 -68.54770 0.00000 0.00000 -1.00000 -0.00000
1628184927921957 -0.76843 0.63993 -0.00000 151.98893 0.63993 0.76843 0.00000 -43.01167 0.00000 0.00000 -1.00000 -0.00000
1628184928172585 -0.84604 0.53312 0.00000 155.21845 0.53312 0.84604 0.00000 -22.57922 0.00000 0.00000 -1.00000 -0.00000
1628184928422588 -0.89336 0.44935 0.00000 155.31930 0.44935 0.89336 0.00000 -7.61658 0.00000 0.00000 -1.00000 -0.00000
1628184928673221 -0.91567 0.40193 0.00000 154.26856 0.40193 0.91567 0.00000 0.66341 0.00000 0.00000 -1.00000 0.00000
1628184928922596 -0.92657 0.37612 -0.00000 152.92616 0.37612 0.92657 0.00000 5.01771 0.00000 0.00000 -1.00000 0.00000
1628184929171977 -0.92672 0.37576 0.00000 151.51192 0.37576 0.92672 0.00000 5.16861 0.00000 0.00000 -1.00000 0.00000
1628184929421360 -0.91766 0.39736 0.00000 150.16522 0.39736 0.91766 0.00000 1.51651 0.00000 0.00000 -1.00000 0.00000
1628184929670113 -0.90409 0.42733 0.00000 148.70750 0.42733 0.90409 0.00000 -3.32282 0.00000 0.00000 -1.00000 -0.00000
1628184929919487 -0.88086 0.47338 0.00000 146.78512 0.47338 0.88086 0.00000 -11.02850 0.00000 0.00000 -1.00000 -0.00000
1628184930169495 -0.85350 0.52110 0.00000 144.36622 0.52110 0.85350 0.00000 -19.08497 0.00000 0.00000 -1.00000 -0.00000
1628184930419502 -0.81968 0.57282 -0.00000 141.19255 0.57282 0.81968 0.00000 -28.08160 0.00000 0.00000 -1.00000 -0.00000
1628184930669506 -0.78313 0.62186 0.00000 137.50289 0.62186 0.78313 0.00000 -36.62734 0.00000 0.00000 -1.00000 -0.00000
1628184930919516 -0.74859 0.66304 0.00000 133.57060 0.66304 0.74859 0.00000 -43.95212 0.00000 0.00000 -1.00000 -0.00000
1628184931169511 -0.71211 0.70207 0.00000 129.13432 0.70207 0.71211 0.00000 -51.02306 0.00000 0.00000 -1.00000 -0.00000
1628184931419514 -0.67973 0.73347 0.00000 124.80632 0.73347 0.67973 0.00000 -56.88053 0.00000 0.00000 -1.00000 -0.00000
1628184931669514 -0.63947 0.76882 0.00000 119.62789 0.76882 0.63947 0.00000 -63.50777 0.00000 0.00000 -1.00000 -0.00000
1628184931919528 -0.59680 0.80239 0.00000 114.06998 0.80239 0.59680 0.00000 -69.85260 0.00000 0.00000 -1.00000 -0.00000
1628184932169543 -0.55290 0.83325 0.00000 108.13211 0.83325 0.55290 0.00000 -75.90927 0.00000 0.00000 -1.00000 -0.00000
1628184932419538 -0.50629 0.86236 0.00000 101.83951 0.86236 0.50629 0.00000 -81.69087 0.00000 0.00000 -1.00000 -0.00000
1628184932668915 -0.46934 0.88302 0.00000 96.26709 0.88302 0.46934 0.00000 -85.95614 0.00000 0.00000 -1.00000 -0.00000
1628184932919544 -0.43767 0.89914 -0.00000 90.97747 0.89914 0.43767 0.00000 -89.27989 0.00000 0.00000 -1.00000 -0.00000
1628184933169552 -0.41279 0.91083 -0.00000 86.46105 0.91083 0.41279 0.00000 -91.89488 0.00000 0.00000 -1.00000 -0.00000
1628184933419553 -0.39395 0.91913 0.00000 82.34845 0.91913 0.39395 0.00000 -93.67219 0.00000 0.00000 -1.00000 -0.00000
1628184933669567 -0.37559 0.92679 0.00000 78.39674 0.92679 0.37559 0.00000 -95.46332 0.00000 0.00000 -1.00000 -0.00000
1628184933919560 -0.35837 0.93358 -0.00000 74.50672 0.93358 0.35837 0.00000 -96.89421 0.00000 0.00000 -1.00000 -0.00000
1628184934169570 -0.34389 0.93901 0.00000 70.85734 0.93901 0.34389 0.00000 -98.00928 0.00000 0.00000 -1.00000 -0.00000
1628184934419573 -0.33991 0.94046 0.00000 68.33031 0.94046 0.33991 0.00000 -98.28964 0.00000 0.00000 -1.00000 -0.00000
1628184934669574 -0.33872 0.94089 0.00000 66.06980 0.94089 0.33872 0.00000 -98.39691 0.00000 0.00000 -1.00000 -0.00000
1628184934919580 -0.34823 0.93741 0.00000 64.96702 0.93741 0.34823 0.00000 -97.77409 0.00000 0.00000 -1.00000 -0.00000
1628184935169586 -0.37515 0.92696 0.00000 65.67478 0.92696 0.37515 0.00000 -96.05660 0.00000 0.00000 -1.00000 -0.00000
1628184935420214 -0.40461 0.91449 0.00000 66.65769 0.91449 0.40461 0.00000 -93.82204 0.00000 0.00000 -1.00000 -0.00000
1628184935670218 -0.45210 0.89197 0.00000 69.44708 0.89197 0.45210 0.00000 -90.39580 0.00000 0.00000 -1.00000 -0.00000
1628184935920226 -0.49733 0.86756 0.00000 71.97783 0.86756 0.49733 0.00000 -86.86862 0.00000 0.00000 -1.00000 -0.00000
1628184936170228 -0.54843 0.83620 0.00000 75.01755 0.83620 0.54843 0.00000 -82.22556 0.00000 0.00000 -1.00000 -0.00000
1628184936420234 -0.60630 0.79523 0.00000 78.78918 0.79523 0.60630 0.00000 -76.97743 0.00000 0.00000 -1.00000 -0.00000
1628184936670237 -0.66804 0.74413 0.00000 82.64905 0.74413 0.66804 0.00000 -70.43626 0.00000 0.00000 -1.00000 -0.00000
1628184936920871 -0.72167 0.69223 -0.00000 85.65909 0.69223 0.72167 0.00000 -64.07357 0.00000 0.00000 -1.00000 -0.00000
1628184937170869 -0.77471 0.63232 -0.00000 88.65907 0.63232 0.77471 0.00000 -57.27320 0.00000 0.00000 -1.00000 -0.00000
1628184937421498 -0.81492 0.57957 0.00000 90.26208 0.57957 0.81492 0.00000 -51.18386 0.00000 0.00000 -1.00000 -0.00000
1628184937670876 -0.85790 0.51382 -0.00000 92.19444 0.51382 0.85790 0.00000 -44.14676 0.00000 0.00000 -1.00000 -0.00000
1628184937921506 -0.89107 0.45386 0.00000 93.03812 0.45386 0.89107 0.00000 -37.60668 0.00000 0.00000 -1.00000 -0.00000
1628184938171511 -0.92162 0.38810 0.00000 93.47146 0.38810 0.92162 0.00000 -30.96390 0.00000 0.00000 -1.00000 -0.00000
1628184938421514 -0.94307 0.33258 0.00000 93.18395 0.33258 0.94307 0.00000 -25.29396 0.00000 0.00000 -1.00000 -0.00000
1628184938671516 -0.96201 0.27300 0.00000 92.49691 0.27300 0.96201 0.00000 -19.46164 0.00000 0.00000 -1.00000 -0.00000
1628184938921528 -0.97664 0.21488 0.00000 91.49159 0.21488 0.97664 0.00000 -13.95115 0.00000 0.00000 -1.00000 -0.00000
1628184939171530 -0.98520 0.17142 0.00000 89.87250 0.17142 0.98520 0.00000 -9.95658 0.00000 0.00000 -1.00000 -0.00000
1628184939421535 -0.99107 0.13331 0.00000 88.03976 0.13331 0.99107 0.00000 -6.52702 0.00000 0.00000 -1.00000 -0.00000
1628184939671540 -0.99539 0.09588 -0.00000 86.06096 0.09588 0.99539 0.00000 -3.13949 0.00000 0.00000 -1.00000 -0.00000
1628184939922164 -0.99748 0.07096 0.00000 83.82738 0.07096 0.99748 0.00000 -1.13351 0.00000 0.00000 -1.00000 -0.00000
1628184940172182 -0.99857 0.05347 0.00000 81.48800 0.05347 0.99857 0.00000 0.30180 0.00000 0.00000 -1.00000 0.00000
1628184940421557 -0.99938 0.03516 0.00000 79.13486 0.03516 0.99938 0.00000 1.73845 0.00000 0.00000 -1.00000 0.00000
1628184940671559 -0.99970 0.02457 0.00000 76.81134 0.02457 0.99970 0.00000 2.61891 0.00000 0.00000 -1.00000 0.00000
1628184940921561 -0.99973 0.02324 -0.00000 74.36906 0.02324 0.99973 0.00000 2.60354 0.00000 0.00000 -1.00000 0.00000
1628184941171565 -0.99977 0.02136 0.00000 71.94457 0.02136 0.99977 0.00000 2.71094 0.00000 0.00000 -1.00000 0.00000
1628184941421574 -0.99992 0.01285 0.00000 69.48485 0.01285 0.99992 0.00000 3.31008 0.00000 0.00000 -1.00000 0.00000
1628184941671580 -0.99998 0.00555 -0.00000 67.13116 0.00555 0.99998 0.00000 3.67863 0.00000 0.00000 -1.00000 0.00000
1628184941922202 -0.99990 0.01392 0.00000 64.85195 0.01392 0.99990 0.00000 3.17790 0.00000 0.00000 -1.00000 0.00000
1628184942172204 -0.99999 0.00541 0.00000 62.43593 0.00541 0.99999 0.00000 3.68916 0.00000 0.00000 -1.00000 0.00000
1628184942422210 -1.00000 -0.00300 0.00000 60.15940 -0.00300 1.00000 0.00000 4.12546 -0.00000 0.00000 -1.00000 0.00000
1628184942671598 -0.99995 -0.01019 0.00000 57.72075 -0.01019 0.99995 0.00000 4.41914 -0.00000 0.00000 -1.00000 0.00000
1628184942921600 -0.99963 -0.02712 0.00000 55.41089 -0.02712 0.99963 0.00000 5.43063 -0.00000 0.00000 -1.00000 0.00000
1628184943172225 -0.99929 -0.03756 0.00000 53.12278 -0.03756 0.99929 0.00000 5.94228 -0.00000 0.00000 -1.00000 0.00000
1628184943421607 -0.99906 -0.04334 -0.00000 50.82406 -0.04334 0.99906 0.00000 6.26565 -0.00000 0.00000 -1.00000 0.00000
1628184943671612 -0.99909 -0.04274 0.00000 48.69991 -0.04274 0.99909 0.00000 6.10092 -0.00000 0.00000 -1.00000 0.00000
1628184943921613 -0.99946 -0.03283 0.00000 46.51896 -0.03283 0.99946 0.00000 5.68013 -0.00000 0.00000 -1.00000 0.00000
1628184944171622 -0.99986 -0.01701 0.00000 44.48197 -0.01701 0.99986 0.00000 4.94062 -0.00000 0.00000 -1.00000 0.00000
1628184944422245 -0.99986 0.01682 -0.00000 42.43496 0.01682 0.99986 0.00000 3.44369 0.00000 0.00000 -1.00000 0.00000
1628184944671624 -0.99929 0.03769 0.00000 40.41668 0.03769 0.99929 0.00000 2.52621 0.00000 0.00000 -1.00000 0.00000
1628184944921632 -0.99790 0.06473 0.00000 38.41218 0.06473 0.99790 0.00000 1.24649 0.00000 0.00000 -1.00000 0.00000
1628184945172261 -0.99600 0.08940 0.00000 36.25454 0.08940 0.99600 0.00000 0.36127 0.00000 0.00000 -1.00000 0.00000
1628184945421642 -0.99463 0.10347 0.00000 34.23805 0.10347 0.99463 0.00000 -0.29054 0.00000 0.00000 -1.00000 -0.00000
1628184945672270 -0.99280 0.11980 0.00000 32.11768 0.11980 0.99280 0.00000 -0.86842 0.00000 0.00000 -1.00000 -0.00000
1628184945921648 -0.99312 0.11713 0.00000 30.08171 0.11713 0.99312 0.00000 -0.84618 0.00000 0.00000 -1.00000 -0.00000
1628184946171657 -0.99318 0.11658 0.00000 28.00400 0.11658 0.99318 0.00000 -0.75974 0.00000 0.00000 -1.00000 -0.00000
1628184946421655 -0.99289 0.11903 0.00000 25.91468 0.11903 0.99289 0.00000 -0.93738 0.00000 0.00000 -1.00000 -0.00000
1628184946671658 -0.99321 0.11630 0.00000 23.86856 0.11630 0.99321 0.00000 -0.93970 0.00000 0.00000 -1.00000 -0.00000
1628184946921667 -0.99294 0.11866 0.00000 21.74253 0.11866 0.99294 0.00000 -1.04676 0.00000 0.00000 -1.00000 -0.00000
1628184947171673 -0.99316 0.11675 0.00000 19.73902 0.11675 0.99316 0.00000 -1.03158 0.00000 0.00000 -1.00000 -0.00000
1628184947421679 -0.99344 0.11438 0.00000 17.66668 0.11438 0.99344 0.00000 -0.99615 0.00000 0.00000 -1.00000 -0.00000
1628184947672312 -0.99329 0.11565 0.00000 15.64989 0.11565 0.99329 0.00000 -0.92295 0.00000 0.00000 -1.00000 -0.00000
1628184947921689 -0.99383 0.11091 0.00000 13.47425 0.11091 0.99383 0.00000 -0.98726 0.00000 0.00000 -1.00000 -0.00000
1628184948172322 -0.99327 0.11581 0.00000 11.47319 0.11581 0.99327 0.00000 -1.05078 0.00000 0.00000 -1.00000 -0.00000
1628184948422318 -0.99508 0.09912 0.00000 9.35693 0.09912 0.99508 0.00000 -0.84832 0.00000 0.00000 -1.00000 -0.00000
1628184948672327 -0.99504 0.09943 0.00000 7.30865 0.09943 0.99504 0.00000 -0.88322 0.00000 0.00000 -1.00000 -0.00000
1628184948922329 -0.99488 0.10104 0.00000 5.19459 0.10104 0.99488 0.00000 -0.94048 0.00000 0.00000 -1.00000 -0.00000
1628184949171710 -0.99609 0.08831 -0.00000 3.19447 0.08831 0.99609 0.00000 -0.97626 0.00000 0.00000 -1.00000 -0.00000
1628184949421715 -0.99592 0.09028 0.00000 1.10308 0.09028 0.99592 0.00000 -0.84581 0.00000 0.00000 -1.00000 -0.00000
1628184949671097 -0.99682 0.07969 0.00000 -0.94701 0.07969 0.99682 0.00000 -0.96237 0.00000 0.00000 -1.00000 -0.00000
1628184949921094 -0.99711 0.07595 0.00000 -3.07801 0.07595 0.99711 0.00000 -0.95821 0.00000 0.00000 -1.00000 -0.00000
1628184950171725 -0.99648 0.08382 -0.00000 -5.19868 0.08382 0.99648 0.00000 -1.00398 0.00000 0.00000 -1.00000 -0.00000
1628184950421727 -0.99683 0.07960 -0.00000 -7.42333 0.07960 0.99683 0.00000 -1.12144 0.00000 0.00000 -1.00000 -0.00000
1628184950671730 -0.99714 0.07563 -0.00000 -9.65759 0.07563 0.99714 0.00000 -1.20986 0.00000 0.00000 -1.00000 -0.00000
1628184950921740 -0.99778 0.06657 -0.00000 -11.91641 0.06657 0.99778 0.00000 -1.30709 0.00000 0.00000 -1.00000 -0.00000
1628184951171744 -0.99770 0.06782 0.00000 -14.29379 0.06782 0.99770 0.00000 -1.18301 0.00000 0.00000 -1.00000 -0.00000
1628184951421746 -0.99765 0.06846 0.00000 -16.47718 0.06846 0.99765 0.00000 -1.30157 0.00000 0.00000 -1.00000 -0.00000
1628184951671751 -0.99805 0.06239 0.00000 -18.89595 0.06239 0.99805 0.00000 -1.51696 0.00000 0.00000 -1.00000 -0.00000
1628184951921755 -0.99730 0.07337 0.00000 -21.22177 0.07337 0.99730 0.00000 -1.22667 0.00000 0.00000 -1.00000 -0.00000
1628184952172391 -0.99786 0.06541 0.00000 -23.43964 0.06541 0.99786 0.00000 -1.44810 0.00000 0.00000 -1.00000 -0.00000
1628184952422388 -0.99807 0.06218 0.00000 -25.82849 0.06218 0.99807 0.00000 -1.50742 0.00000 0.00000 -1.00000 -0.00000
1628184952672393 -0.99843 0.05602 -0.00000 -28.21743 0.05602 0.99843 0.00000 -1.70484 0.00000 0.00000 -1.00000 -0.00000
1628184952922399 -0.99871 0.05079 -0.00000 -30.40567 0.05079 0.99871 0.00000 -1.82229 0.00000 0.00000 -1.00000 -0.00000
1628184953171777 -0.99874 0.05026 0.00000 -32.81017 0.05026 0.99874 0.00000 -1.82260 0.00000 0.00000 -1.00000 -0.00000
1628184953421164 -0.99893 0.04617 0.00000 -35.05609 0.04617 0.99893 0.00000 -2.03514 0.00000 0.00000 -1.00000 -0.00000
1628184953670542 -0.99916 0.04103 -0.00000 -37.32901 0.04103 0.99916 0.00000 -2.43125 0.00000 0.00000 -1.00000 -0.00000
1628184953921169 -0.99943 0.03366 0.00000 -39.54196 0.03366 0.99943 0.00000 -2.60603 0.00000 0.00000 -1.00000 -0.00000
1628184954171174 -0.99924 0.03906 0.00000 -41.78399 0.03906 0.99924 0.00000 -2.39750 0.00000 0.00000 -1.00000 -0.00000
1628184954421176 -0.99955 0.03000 0.00000 -43.87479 0.03000 0.99955 0.00000 -2.80702 0.00000 0.00000 -1.00000 -0.00000
1628184954671806 -0.99955 0.02998 0.00000 -46.05600 0.02998 0.99955 0.00000 -2.83619 0.00000 0.00000 -1.00000 -0.00000
1628184954921807 -0.99971 0.02421 0.00000 -48.08663 0.02421 0.99971 0.00000 -3.17895 0.00000 0.00000 -1.00000 -0.00000
1628184955171814 -0.99963 0.02718 0.00000 -50.02036 0.02718 0.99963 0.00000 -3.13412 0.00000 0.00000 -1.00000 -0.00000
1628184955421818 -0.99934 0.03642 0.00000 -51.96802 0.03642 0.99934 0.00000 -2.58750 0.00000 0.00000 -1.00000 -0.00000
1628184955671822 -0.99939 0.03503 -0.00000 -53.81358 0.03503 0.99939 0.00000 -2.80820 0.00000 0.00000 -1.00000 -0.00000
1628184955921830 -0.99880 0.04907 0.00000 -55.59344 0.04907 0.99880 0.00000 -2.11377 0.00000 0.00000 -1.00000 -0.00000
1628184956172466 -0.99744 0.07150 -0.00000 -57.30741 0.07150 0.99744 0.00000 -0.72107 0.00000 0.00000 -1.00000 -0.00000
1628184956422462 -0.99500 0.09985 0.00000 -58.79872 0.09985 0.99500 0.00000 0.86465 0.00000 0.00000 -1.00000 0.00000
1628184956671838 -0.99242 0.12291 0.00000 -60.22368 0.12291 0.99242 0.00000 2.21676 0.00000 0.00000 -1.00000 0.00000
1628184956921844 -0.98627 0.16516 -0.00000 -61.47905 0.16516 0.98627 0.00000 4.63334 0.00000 0.00000 -1.00000 0.00000
1628184957171853 -0.97662 0.21499 0.00000 -62.45571 0.21499 0.97662 0.00000 7.76840 0.00000 0.00000 -1.00000 0.00000
1628184957421854 -0.95900 0.28342 -0.00000 -62.97194 0.28342 0.95900 0.00000 12.11078 0.00000 0.00000 -1.00000 0.00000
1628184957671864 -0.93498 0.35470 0.00000 -62.93722 0.35470 0.93498 0.00000 16.83715 0.00000 0.00000 -1.00000 0.00000
1628184957921863 -0.90156 0.43265 0.00000 -62.51565 0.43265 0.90156 0.00000 21.97241 0.00000 0.00000 -1.00000 0.00000
1628184958171865 -0.84754 0.53073 0.00000 -60.86355 0.53073 0.84754 0.00000 28.71518 0.00000 0.00000 -1.00000 0.00000
1628184958421871 -0.77920 0.62677 0.00000 -58.04918 0.62677 0.77920 0.00000 35.60365 0.00000 0.00000 -1.00000 0.00000
1628184958671252 -0.70885 0.70536 0.00000 -55.06635 0.70536 0.70885 0.00000 41.43058 0.00000 0.00000 -1.00000 0.00000
1628184958921255 -0.62964 0.77689 0.00000 -51.42319 0.77689 0.62964 0.00000 46.97791 0.00000 0.00000 -1.00000 0.00000
1628184959171255 -0.53652 0.84389 0.00000 -46.75250 0.84389 0.53652 0.00000 52.57510 0.00000 0.00000 -1.00000 0.00000
1628184959421272 -0.43909 0.89844 0.00000 -41.68591 0.89844 0.43909 0.00000 57.49079 0.00000 0.00000 -1.00000 0.00000
1628184959671264 -0.34759 0.93765 -0.00000 -36.85022 0.93765 0.34759 0.00000 61.23851 0.00000 0.00000 -1.00000 0.00000
1628184959921276 -0.25575 0.96674 0.00000 -32.01116 0.96674 0.25575 0.00000 64.51973 0.00000 0.00000 -1.00000 0.00000
1628184960171274 -0.16519 0.98626 -0.00000 -26.99442 0.98626 0.16519 0.00000 67.26546 0.00000 0.00000 -1.00000 0.00000
1628184960421284 -0.10860 0.99409 0.00000 -24.41922 0.99409 0.10860 0.00000 68.53754 0.00000 0.00000 -1.00000 0.00000
1628184960671292 -0.07637 0.99708 0.00000 -23.52635 0.99708 0.07637 0.00000 69.39915 0.00000 0.00000 -1.00000 0.00000
1628184960921292 -0.04823 0.99884 -0.00000 -22.99577 0.99884 0.04823 0.00000 69.95081 0.00000 0.00000 -1.00000 0.00000
1628184961170669 -0.03835 0.99926 0.00000 -23.75689 0.99926 0.03835 0.00000 70.12061 0.00000 0.00000 -1.00000 0.00000
1628184961421299 -0.02284 0.99974 -0.00000 -24.16077 0.99974 0.02284 0.00000 70.43181 0.00000 0.00000 -1.00000 0.00000
1628184961670682 -0.01398 0.99990 0.00000 -25.13510 0.99990 0.01398 0.00000 70.65233 0.00000 0.00000 -1.00000 0.00000
1628184961920682 0.00294 1.00000 0.00000 -25.56162 1.00000 -0.00294 0.00000 71.13142 0.00000 -0.00000 -1.00000 0.00000
1628184962170690 0.00974 0.99995 -0.00000 -26.75479 0.99995 -0.00974 0.00000 71.28422 0.00000 -0.00000 -1.00000 0.00000
1628184962420694 0.01897 0.99982 -0.00000 -27.88500 0.99982 -0.01897 0.00000 71.39283 0.00000 -0.00000 -1.00000 0.00000
1628184962670698 0.03712 0.99931 -0.00000 -28.35958 0.99931 -0.03712 0.00000 71.77994 0.00000 -0.00000 -1.00000 0.00000
1628184962921333 0.05547 0.99846 0.00000 -28.78563 0.99846 -0.05547 0.00000 72.31021 0.00000 -0.00000 -1.00000 0.00000
1628184963171331 0.07246 0.99737 0.00000 -29.32653 0.99737 -0.07246 0.00000 72.80287 0.00000 -0.00000 -1.00000 0.00000
1628184963420710 0.09007 0.99594 -0.00000 -29.83269 0.99594 -0.09007 0.00000 73.18233 0.00000 -0.00000 -1.00000 0.00000
1628184963670717 0.12102 0.99265 0.00000 -29.36308 0.99265 -0.12102 0.00000 74.15908 0.00000 -0.00000 -1.00000 0.00000
1628184963920722 0.15725 0.98756 0.00000 -28.32821 0.98756 -0.15725 0.00000 75.12397 0.00000 -0.00000 -1.00000 0.00000
1628184964170738 0.19573 0.98066 0.00000 -27.21252 0.98066 -0.19573 0.00000 76.19110 0.00000 -0.00000 -1.00000 0.00000
1628184964421358 0.21111 0.97746 0.00000 -27.70584 0.97746 -0.21111 0.00000 76.57760 0.00000 -0.00000 -1.00000 0.00000
1628184964670734 0.22303 0.97481 0.00000 -28.55175 0.97481 -0.22303 0.00000 76.73928 0.00000 -0.00000 -1.00000 0.00000
1628184964920742 0.22090 0.97530 0.00000 -30.48482 0.97530 -0.22090 0.00000 76.65662 0.00000 -0.00000 -1.00000 0.00000
1628184965171367 0.20863 0.97799 0.00000 -33.22099 0.97799 -0.20863 0.00000 76.23555 0.00000 -0.00000 -1.00000 0.00000
1628184965420748 0.17410 0.98473 0.00000 -37.82202 0.98473 -0.17410 0.00000 74.97795 0.00000 -0.00000 -1.00000 0.00000
1628184965670763 0.14783 0.98901 0.00000 -41.60490 0.98901 -0.14783 0.00000 74.00330 0.00000 -0.00000 -1.00000 0.00000
1628184965920753 0.12360 0.99233 0.00000 -45.25501 0.99233 -0.12360 0.00000 72.88466 0.00000 -0.00000 -1.00000 0.00000
1628184966170758 0.08437 0.99643 0.00000 -50.10416 0.99643 -0.08437 0.00000 71.00612 0.00000 -0.00000 -1.00000 0.00000
1628184966420763 0.06027 0.99818 0.00000 -53.81680 0.99818 -0.06027 0.00000 69.72922 0.00000 -0.00000 -1.00000 0.00000
1628184966671391 0.04267 0.99909 -0.00000 -57.13377 0.99909 -0.04267 0.00000 68.78295 0.00000 -0.00000 -1.00000 0.00000
1628184966921403 0.03688 0.99932 0.00000 -59.53470 0.99932 -0.03688 0.00000 68.41791 0.00000 -0.00000 -1.00000 0.00000
1628184967171403 0.02990 0.99955 -0.00000 -62.07373 0.99955 -0.02990 0.00000 68.00005 0.00000 -0.00000 -1.00000 0.00000
1628184967420787 0.02785 0.99961 0.00000 -64.25369 0.99961 -0.02785 0.00000 67.77704 0.00000 -0.00000 -1.00000 0.00000
1628184967670787 0.02868 0.99959 0.00000 -66.26249 0.99959 -0.02868 0.00000 67.89079 0.00000 -0.00000 -1.00000 0.00000
1628184967921416 0.03295 0.99946 0.00000 -67.98977 0.99946 -0.03295 0.00000 68.11876 0.00000 -0.00000 -1.00000 0.00000
1628184968171425 0.03705 0.99931 0.00000 -69.71805 0.99931 -0.03705 0.00000 68.33162 0.00000 -0.00000 -1.00000 0.00000
1628184968421427 0.02765 0.99962 0.00000 -72.36077 0.99962 -0.02765 0.00000 67.57229 0.00000 -0.00000 -1.00000 0.00000
1628184968671430 0.02506 0.99969 0.00000 -74.53042 0.99969 -0.02506 0.00000 67.37022 0.00000 -0.00000 -1.00000 0.00000
1628184968922065 0.03801 0.99928 -0.00000 -75.47248 0.99928 -0.03801 0.00000 68.32601 0.00000 -0.00000 -1.00000 0.00000
1628184969171438 0.02833 0.99960 -0.00000 -77.83874 0.99960 -0.02833 0.00000 67.56219 0.00000 -0.00000 -1.00000 0.00000
1628184969421447 0.01109 0.99994 0.00000 -80.87235 0.99994 -0.01109 0.00000 66.07674 0.00000 -0.00000 -1.00000 0.00000
