1634917014146399 1.00000 0.00000 0.00000 -0.00000 0.00000 -1.00000 0.00000 0.00000 0.00000 -0.00000 -1.00000 0.00000
1634917014396570 1.00000 -0.00066 0.00000 0.00532 -0.00066 -1.00000 0.00000 -0.00422 -0.00000 -0.00000 -1.00000 -0.00000
1634917014646483 1.00000 0.00054 -0.00000 -0.00512 0.00054 -1.00000 0.00000 -0.00536 0.00000 -0.00000 -1.00000 -0.00000
1634917014896327 1.00000 0.00056 0.00000 -0.01609 0.00056 -1.00000 0.00000 -0.01015 0.00000 -0.00000 -1.00000 -0.00000
1634917015146486 1.00000 -0.00006 0.00000 -0.00400 -0.00006 -1.00000 0.00000 -0.00141 -0.00000 -0.00000 -1.00000 -0.00000
1634917015396433 1.00000 0.00043 -0.00000 -0.00301 0.00043 -1.00000 0.00000 -0.01044 0.00000 -0.00000 -1.00000 -0.00000
1634917015646378 1.00000 -0.00004 0.00000 -0.00621 -0.00004 -1.00000 0.00000 -0.00583 -0.00000 -0.00000 -1.00000 -0.00000
1634917015896403 1.00000 0.00042 0.00000 -0.00386 0.00042 -1.00000 0.00000 -0.00434 0.00000 -0.00000 -1.00000 -0.00000
1634917016146075 1.00000 -0.00037 -0.00000 -0.00874 -0.00037 -1.00000 0.00000 -0.00409 -0.00000 -0.00000 -1.00000 -0.00000
1634917016395958 1.00000 -0.00053 0.00000 0.00420 -0.00053 -1.00000 0.00000 -0.00636 -0.00000 -0.00000 -1.00000 -0.00000
1634917016645915 1.00000 0.00021 0.00000 -0.00300 0.00021 -1.00000 0.00000 -0.00814 0.00000 -0.00000 -1.00000 -0.00000
1634917016896122 1.00000 0.00002 0.00000 -0.00157 0.00002 -1.00000 0.00000 -0.01017 0.00000 -0.00000 -1.00000 -0.00000
1634917017146065 1.00000 0.00019 0.00000 -0.00161 0.00019 -1.00000 0.00000 -0.00070 0.00000 -0.00000 -1.00000 -0.00000
1634917017395886 1.00000 -0.00006 0.00000 -0.00086 -0.00006 -1.00000 0.00000 -0.00999 -0.00000 -0.00000 -1.00000 -0.00000
1634917017645956 1.00000 0.00014 0.00000 -0.00235 0.00014 -1.00000 0.00000 -0.00415 0.00000 -0.00000 -1.00000 -0.00000
1634917017895875 1.00000 -0.00009 0.00000 -0.01068 -0.00009 -1.00000 0.00000 -0.00896 -0.00000 -0.00000 -1.00000 -0.00000
1634917018145580 1.00000 -0.00069 0.00000 -0.00703 -0.00069 -1.00000 0.00000 0.00029 -0.00000 -0.00000 -1.00000 0.00000
1634917018395363 1.00000 -0.00078 -0.00000 -0.00341 -0.00078 -1.00000 0.00000 -0.00095 -0.00000 -0.00000 -1.00000 -0.00000
1634917018645370 1.00000 -0.00057 0.00000 -0.01001 -0.00057 -1.00000 0.00000 -0.00508 -0.00000 -0.00000 -1.00000 -0.00000
1634917018895083 1.00000 -0.00089 0.00000 -0.00205 -0.00089 -1.00000 0.00000 -0.01156 -0.00000 -0.00000 -1.00000 -0.00000
1634917019144826 1.00000 -0.00117 0.00000 0.00439 -0.00117 -1.00000 0.00000 -0.00660 -0.00000 -0.00000 -1.00000 -0.00000
1634917019394665 1.00000 -0.00070 -0.00000 -0.00276 -0.00070 -1.00000 0.00000 0.00100 -0.00000 -0.00000 -1.00000 0.00000
1634917019644851 1.00000 -0.00040 0.00000 -0.01149 -0.00040 -1.00000 0.00000 -0.00124 -0.00000 -0.00000 -1.00000 -0.00000
1634917019894903 1.00000 -0.00109 -0.00000 -0.00986 -0.00109 -1.00000 0.00000 0.00358 -0.00000 -0.00000 -1.00000 0.00000
1634917020144716 1.00000 -0.00103 0.00000 -0.00190 -0.00103 -1.00000 0.00000 -0.00776 -0.00000 -0.00000 -1.00000 -0.00000
1634917020394687 1.00000 -0.00149 0.00000 -0.00484 -0.00149 -1.00000 0.00000 -0.00839 -0.00000 -0.00000 -1.00000 -0.00000
1634917020644592 1.00000 -0.00130 -0.00000 -0.00867 -0.00130 -1.00000 0.00000 -0.00877 -0.00000 -0.00000 -1.00000 -0.00000
1634917020894552 0.99999 -0.00405 0.00000 -0.03498 -0.00405 -0.99999 0.00000 -0.00824 -0.00000 -0.00000 -1.00000 -0.00000
1634917021144403 0.99997 -0.00738 0.00000 -0.04550 -0.00738 -0.99997 0.00000 -0.02449 -0.00000 -0.00000 -1.00000 -0.00000
1634917021394164 0.99996 -0.00863 0.00000 -0.10767 -0.00863 -0.99996 0.00000 -0.00590 -0.00000 -0.00000 -1.00000 -0.00000
1634917021644268 0.99990 -0.01401 0.00000 -0.16931 -0.01401 -0.99990 0.00000 -0.00363 -0.00000 -0.00000 -1.00000 -0.00000
1634917021894376 0.99981 -0.01959 0.00000 -0.19618 -0.01959 -0.99981 0.00000 0.00179 -0.00000 -0.00000 -1.00000 0.00000
1634917022144397 0.99968 -0.02513 0.00000 -0.25311 -0.02513 -0.99968 0.00000 -0.03793 -0.00000 -0.00000 -1.00000 -0.00000
1634917022394423 0.99950 -0.03175 0.00000 -0.34669 -0.03175 -0.99950 0.00000 -0.03860 -0.00000 -0.00000 -1.00000 -0.00000
1634917022644319 0.99913 -0.04162 0.00000 -0.44570 -0.04162 -0.99913 0.00000 -0.06153 -0.00000 -0.00000 -1.00000 -0.00000
1634917022893804 0.99866 -0.05179 -0.00000 -0.48536 -0.05179 -0.99866 0.00000 -0.10111 -0.00000 -0.00000 -1.00000 -0.00000
1634917023143846 0.99814 -0.06094 0.00000 -0.63587 -0.06094 -0.99814 0.00000 -0.06730 -0.00000 -0.00000 -1.00000 -0.00000
1634917023393641 0.99743 -0.07170 0.00000 -0.77253 -0.07170 -0.99743 0.00000 -0.10055 -0.00000 -0.00000 -1.00000 -0.00000
1634917023643539 0.99544 -0.09540 0.00000 -1.03454 -0.09540 -0.99544 0.00000 -0.07718 -0.00000 -0.00000 -1.00000 -0.00000
1634917023893435 0.99272 -0.12046 0.00000 -1.27722 -0.12046 -0.99272 0.00000 -0.04133 -0.00000 -0.00000 -1.00000 -0.00000
1634917024143192 0.98868 -0.15003 0.00000 -1.64392 -0.15003 -0.98868 0.00000 0.00326 -0.00000 -0.00000 -1.00000 0.00000
1634917024393064 0.98416 -0.17726 -0.00000 -2.06154 -0.17726 -0.98416 0.00000 0.00075 -0.00000 -0.00000 -1.00000 0.00000
1634917024642901 0.97895 -0.20410 0.00000 -2.52624 -0.20410 -0.97895 0.00000 0.02278 -0.00000 -0.00000 -1.00000 0.00000
1634917024892478 0.97427 -0.22538 0.00000 -3.05376 -0.22538 -0.97427 0.00000 0.01847 -0.00000 -0.00000 -1.00000 0.00000
1634917025141892 0.97001 -0.24307 0.00000 -3.76417 -0.24307 -0.97001 0.00000 0.03780 -0.00000 -0.00000 -1.00000 0.00000
1634917025391536 0.96648 -0.25673 -0.00000 -4.59001 -0.25673 -0.96648 0.00000 0.11052 -0.00000 -0.00000 -1.00000 0.00000
1634917025641293 0.96487 -0.26273 0.00000 -5.45069 -0.26273 -0.96487 0.00000 0.13607 -0.00000 -0.00000 -1.00000 0.00000
1634917025891156 0.96347 -0.26781 0.00000 -6.42025 -0.26781 -0.96347 0.00000 0.12902 -0.00000 -0.00000 -1.00000 0.00000
1634917026140943 0.96254 -0.27114 -0.00000 -7.46369 -0.27114 -0.96254 0.00000 0.13070 -0.00000 -0.00000 -1.00000 0.00000
1634917026390729 0.96411 -0.26550 0.00000 -8.64163 -0.26550 -0.96411 0.00000 0.04246 -0.00000 -0.00000 -1.00000 0.00000
1634917026640635 0.96719 -0.25404 0.00000 -9.91465 -0.25404 -0.96719 0.00000 -0.08766 -0.00000 -0.00000 -1.00000 -0.00000
1634917026890913 0.96993 -0.24337 0.00000 -11.26948 -0.24337 -0.96993 0.00000 -0.23970 -0.00000 -0.00000 -1.00000 -0.00000
1634917027140701 0.97234 -0.23358 -0.00000 -12.57558 -0.23358 -0.97234 0.00000 -0.35427 -0.00000 -0.00000 -1.00000 -0.00000
1634917027390873 0.97535 -0.22067 0.00000 -14.08362 -0.22067 -0.97535 0.00000 -0.49054 -0.00000 -0.00000 -1.00000 -0.00000
1634917027640815 0.97861 -0.20573 -0.00000 -15.54811 -0.20573 -0.97861 0.00000 -0.71452 -0.00000 -0.00000 -1.00000 -0.00000
1634917027890475 0.98186 -0.18959 -0.00000 -17.18236 -0.18959 -0.98186 0.00000 -0.98733 -0.00000 -0.00000 -1.00000 -0.00000
1634917028140120 0.98470 -0.17425 -0.00000 -18.83684 -0.17425 -0.98470 0.00000 -1.25663 -0.00000 -0.00000 -1.00000 -0.00000
1634917028390399 0.98773 -0.15614 0.00000 -20.63182 -0.15614 -0.98773 0.00000 -1.68252 -0.00000 -0.00000 -1.00000 -0.00000
1634917028639847 0.99033 -0.13875 -0.00000 -22.53072 -0.13875 -0.99033 0.00000 -2.01060 -0.00000 -0.00000 -1.00000 -0.00000
1634917028890095 0.99250 -0.12222 0.00000 -24.46946 -0.12222 -0.99250 0.00000 -2.44083 -0.00000 -0.00000 -1.00000 -0.00000
1634917029139864 0.99419 -0.10761 -0.00000 -26.56167 -0.10761 -0.99419 0.00000 -2.82971 -0.00000 -0.00000 -1.00000 -0.00000
1634917029389972 0.99565 -0.09315 -0.00000 -28.74655 -0.09315 -0.99565 0.00000 -3.23417 -0.00000 -0.00000 -1.00000 -0.00000
1634917029640101 0.99675 -0.08050 0.00000 -30.97556 -0.08050 -0.99675 0.00000 -3.84140 -0.00000 -0.00000 -1.00000 -0.00000
1634917029890089 0.99796 -0.06384 0.00000 -33.05420 -0.06384 -0.99796 0.00000 -4.39912 -0.00000 -0.00000 -1.00000 -0.00000
1634917030140748 0.99900 -0.04470 0.00000 -35.07956 -0.04470 -0.99900 0.00000 -5.00539 -0.00000 -0.00000 -1.00000 -0.00000
1634917030390763 0.99961 -0.02802 0.00000 -37.17586 -0.02802 -0.99961 0.00000 -5.58165 -0.00000 -0.00000 -1.00000 -0.00000
1634917030640611 0.99975 -0.02241 -0.00000 -39.28357 -0.02241 -0.99975 0.00000 -5.91988 -0.00000 -0.00000 -1.00000 -0.00000
1634917030890470 0.99976 -0.02206 0.00000 -41.34210 -0.02206 -0.99976 0.00000 -5.90884 -0.00000 -0.00000 -1.00000 -0.00000
1634917031140803 0.99967 -0.02552 -0.00000 -43.52512 -0.02552 -0.99967 0.00000 -5.84654 -0.00000 -0.00000 -1.00000 -0.00000
1634917031390990 0.99965 -0.02641 0.00000 -45.52362 -0.02641 -0.99965 0.00000 -5.79345 -0.00000 -0.00000 -1.00000 -0.00000
1634917031640662 0.99968 -0.02534 0.00000 -47.55044 -0.02534 -0.99968 0.00000 -5.80500 -0.00000 -0.00000 -1.00000 -0.00000
1634917031891102 0.99957 -0.02924 0.00000 -49.61503 -0.02924 -0.99957 0.00000 -5.73222 -0.00000 -0.00000 -1.00000 -0.00000
1634917032140914 0.99935 -0.03614 0.00000 -51.69474 -0.03614 -0.99935 0.00000 -5.41523 -0.00000 -0.00000 -1.00000 -0.00000
1634917032390948 0.99924 -0.03892 0.00000 -53.84746 -0.03892 -0.99924 0.00000 -5.40193 -0.00000 -0.00000 -1.00000 -0.00000
1634917032640793 0.99935 -0.03603 0.00000 -55.96796 -0.03603 -0.99935 0.00000 -5.54304 -0.00000 -0.00000 -1.00000 -0.00000
1634917032890840 0.99953 -0.03057 -0.00000 -58.18359 -0.03057 -0.99953 0.00000 -5.95391 -0.00000 -0.00000 -1.00000 -0.00000
1634917033140937 0.99977 -0.02136 0.00000 -60.36403 -0.02136 -0.99977 0.00000 -6.52655 -0.00000 -0.00000 -1.00000 -0.00000
1634917033390651 0.99979 -0.02054 0.00000 -62.65093 -0.02054 -0.99979 0.00000 -6.64539 -0.00000 -0.00000 -1.00000 -0.00000
1634917033641207 0.99976 -0.02210 0.00000 -64.98800 -0.02210 -0.99976 0.00000 -6.60928 -0.00000 -0.00000 -1.00000 -0.00000
1634917033891402 0.99975 -0.02233 0.00000 -67.30348 -0.02233 -0.99975 0.00000 -6.60267 -0.00000 -0.00000 -1.00000 -0.00000
1634917034141362 0.99960 -0.02838 0.00000 -69.69272 -0.02838 -0.99960 0.00000 -6.19332 -0.00000 -0.00000 -1.00000 -0.00000
1634917034390878 0.99947 -0.03248 -0.00000 -71.98070 -0.03248 -0.99947 0.00000 -5.92503 -0.00000 -0.00000 -1.00000 -0.00000
1634917034640841 0.99925 -0.03881 0.00000 -74.36641 -0.03881 -0.99925 0.00000 -5.51691 -0.00000 -0.00000 -1.00000 -0.00000
1634917034890902 0.99911 -0.04226 0.00000 -76.70492 -0.04226 -0.99911 0.00000 -5.27411 -0.00000 -0.00000 -1.00000 -0.00000
1634917035140892 0.99880 -0.04897 0.00000 -79.10991 -0.04897 -0.99880 0.00000 -4.78518 -0.00000 -0.00000 -1.00000 -0.00000
1634917035391119 0.99859 -0.05302 0.00000 -81.45804 -0.05302 -0.99859 0.00000 -4.52212 -0.00000 -0.00000 -1.00000 -0.00000
1634917035641393 0.99767 -0.06817 0.00000 -83.79095 -0.06817 -0.99767 0.00000 -3.25575 -0.00000 -0.00000 -1.00000 -0.00000
1634917035891886 0.99509 -0.09900 -0.00000 -86.18300 -0.09900 -0.99509 0.00000 -0.69397 -0.00000 -0.00000 -1.00000 -0.00000
1634917036141763 0.99108 -0.13324 0.00000 -88.41445 -0.13324 -0.99108 0.00000 2.25302 -0.00000 -0.00000 -1.00000 0.00000
1634917036391799 0.98617 -0.16574 0.00000 -90.46893 -0.16574 -0.98617 0.00000 5.21498 -0.00000 -0.00000 -1.00000 0.00000
1634917036642096 0.97853 -0.20612 0.00000 -92.43372 -0.20612 -0.97853 0.00000 8.93930 -0.00000 -0.00000 -1.00000 0.00000
1634917036892297 0.96578 -0.25935 0.00000 -93.99658 -0.25935 -0.96578 0.00000 13.96498 -0.00000 -0.00000 -1.00000 0.00000
1634917037142271 0.94988 -0.31262 0.00000 -95.25759 -0.31262 -0.94988 0.00000 19.15258 -0.00000 -0.00000 -1.00000 0.00000
1634917037392455 0.93112 -0.36472 0.00000 -96.13957 -0.36472 -0.93112 0.00000 24.32681 -0.00000 -0.00000 -1.00000 0.00000
1634917037642349 0.90813 -0.41868 0.00000 -96.69751 -0.41868 -0.90813 0.00000 29.94147 -0.00000 -0.00000 -1.00000 0.00000
1634917037892669 0.88141 -0.47235 0.00000 -96.90577 -0.47235 -0.88141 0.00000 35.73113 -0.00000 -0.00000 -1.00000 0.00000
1634917038142537 0.84764 -0.53057 0.00000 -96.36295 -0.53057 -0.84764 0.00000 42.12718 -0.00000 -0.00000 -1.00000 0.00000
1634917038392659 0.80979 -0.58671 0.00000 -95.45705 -0.58671 -0.80979 0.00000 48.60493 -0.00000 -0.00000 -1.00000 0.00000
1634917038643033 0.76562 -0.64329 0.00000 -93.90417 -0.64329 -0.76562 0.00000 55.38477 -0.00000 -0.00000 -1.00000 0.00000
1634917038893119 0.71083 -0.70336 0.00000 -91.17344 -0.70336 -0.71083 0.00000 62.82856 -0.00000 -0.00000 -1.00000 0.00000
1634917039143045 0.65087 -0.75919 0.00000 -87.74065 -0.75919 -0.65087 0.00000 70.00778 -0.00000 -0.00000 -1.00000 0.00000
1634917039393261 0.58859 -0.80843 -0.00000 -83.95670 -0.80843 -0.58859 0.00000 76.77580 -0.00000 -0.00000 -1.00000 0.00000
1634917039643304 0.52305 -0.85230 0.00000 -79.66804 -0.85230 -0.52305 0.00000 83.13560 -0.00000 -0.00000 -1.00000 0.00000
1634917039892911 0.45639 -0.88978 0.00000 -75.10534 -0.88978 -0.45639 0.00000 88.93487 -0.00000 -0.00000 -1.00000 0.00000
1634917040143295 0.40266 -0.91535 0.00000 -71.75104 -0.91535 -0.40266 0.00000 93.11145 -0.00000 -0.00000 -1.00000 0.00000
1634917040392848 0.36923 -0.92934 0.00000 -70.37415 -0.92934 -0.36923 0.00000 95.69016 -0.00000 -0.00000 -1.00000 0.00000
1634917040642992 0.34791 -0.93753 0.00000 -70.21890 -0.93753 -0.34791 0.00000 97.19901 -0.00000 -0.00000 -1.00000 0.00000
1634917040892915 0.33401 -0.94257 0.00000 -70.84566 -0.94257 -0.33401 0.00000 98.30961 -0.00000 -0.00000 -1.00000 0.00000
1634917041142971 0.32499 -0.94572 -0.00000 -72.02490 -0.94572 -0.32499 0.00000 99.01468 -0.00000 -0.00000 -1.00000 0.00000
1634917041393063 0.32144 -0.94693 0.00000 -73.70248 -0.94693 -0.32144 0.00000 99.27318 -0.00000 -0.00000 -1.00000 0.00000
1634917041643208 0.31970 -0.94752 0.00000 -75.53558 -0.94752 -0.31970 0.00000 99.31056 -0.00000 -0.00000 -1.00000 0.00000
1634917041893115 0.32254 -0.94656 0.00000 -77.81971 -0.94656 -0.32254 0.00000 99.00449 -0.00000 -0.00000 -1.00000 0.00000
1634917042143414 0.32788 -0.94472 0.00000 -80.31142 -0.94472 -0.32788 0.00000 98.46519 -0.00000 -0.00000 -1.00000 0.00000
1634917042393228 0.33829 -0.94104 0.00000 -83.19419 -0.94104 -0.33829 0.00000 97.50810 -0.00000 -0.00000 -1.00000 0.00000
1634917042643356 0.35695 -0.93412 -0.00000 -86.89150 -0.93412 -0.35695 0.00000 95.86475 -0.00000 -0.00000 -1.00000 0.00000
1634917042893740 0.37676 -0.92631 0.00000 -90.66489 -0.92631 -0.37676 0.00000 93.93511 -0.00000 -0.00000 -1.00000 0.00000
1634917043143553 0.39519 -0.91860 0.00000 -94.10942 -0.91860 -0.39519 0.00000 92.09394 -0.00000 -0.00000 -1.00000 0.00000
1634917043393915 0.41208 -0.91115 0.00000 -97.26336 -0.91115 -0.41208 0.00000 90.37250 -0.00000 -0.00000 -1.00000 0.00000
1634917043643968 0.42623 -0.90461 0.00000 -99.90777 -0.90461 -0.42623 0.00000 88.84743 -0.00000 -0.00000 -1.00000 0.00000
1634917043894073 0.43879 -0.89859 0.00000 -102.22757 -0.89859 -0.43879 0.00000 87.39432 -0.00000 -0.00000 -1.00000 0.00000
1634917044144493 0.44776 -0.89416 0.00000 -104.02426 -0.89416 -0.44776 0.00000 86.35221 -0.00000 -0.00000 -1.00000 0.00000
1634917044394891 0.45546 -0.89026 0.00000 -105.50701 -0.89026 -0.45546 0.00000 85.43374 -0.00000 -0.00000 -1.00000 0.00000
1634917044644845 0.46337 -0.88617 0.00000 -106.85016 -0.88617 -0.46337 0.00000 84.54219 -0.00000 -0.00000 -1.00000 0.00000
1634917044894845 0.46959 -0.88288 0.00000 -107.88161 -0.88288 -0.46959 0.00000 83.77208 -0.00000 -0.00000 -1.00000 0.00000
1634917045144942 0.47361 -0.88074 0.00000 -108.57609 -0.88074 -0.47361 0.00000 83.24667 -0.00000 -0.00000 -1.00000 0.00000
1634917045394581 0.47629 -0.87929 -0.00000 -109.19294 -0.87929 -0.47629 0.00000 82.87588 -0.00000 -0.00000 -1.00000 0.00000
1634917045644654 0.48128 -0.87657 -0.00000 -110.10272 -0.87657 -0.48128 0.00000 82.37308 -0.00000 -0.00000 -1.00000 0.00000
1634917045894907 0.48407 -0.87503 0.00000 -110.78244 -0.87503 -0.48407 0.00000 81.97141 -0.00000 -0.00000 -1.00000 0.00000
1634917046144665 0.48904 -0.87226 -0.00000 -111.73856 -0.87226 -0.48904 0.00000 81.29076 -0.00000 -0.00000 -1.00000 0.00000
1634917046394823 0.49349 -0.86975 0.00000 -112.65537 -0.86975 -0.49349 0.00000 80.74656 -0.00000 -0.00000 -1.00000 0.00000
1634917046644479 0.50197 -0.86489 -0.00000 -114.17088 -0.86489 -0.50197 0.00000 79.60791 -0.00000 -0.00000 -1.00000 0.00000
1634917046894248 0.51250 -0.85869 -0.00000 -115.92830 -0.85869 -0.51250 0.00000 78.17719 -0.00000 -0.00000 -1.00000 0.00000
1634917047144568 0.52861 -0.84887 0.00000 -118.39433 -0.84887 -0.52861 0.00000 76.02380 -0.00000 -0.00000 -1.00000 0.00000
1634917047394202 0.54386 -0.83918 0.00000 -120.82862 -0.83918 -0.54386 0.00000 73.84319 -0.00000 -0.00000 -1.00000 0.00000
1634917047643930 0.55913 -0.82908 0.00000 -123.33335 -0.82908 -0.55913 0.00000 71.59063 -0.00000 -0.00000 -1.00000 0.00000
1634917047893981 0.57676 -0.81691 0.00000 -126.06989 -0.81691 -0.57676 0.00000 68.85673 -0.00000 -0.00000 -1.00000 0.00000
1634917048143995 0.59264 -0.80547 0.00000 -128.72311 -0.80547 -0.59264 0.00000 66.40379 -0.00000 -0.00000 -1.00000 0.00000
1634917048394108 0.60664 -0.79498 0.00000 -131.31950 -0.79498 -0.60664 0.00000 64.15253 -0.00000 -0.00000 -1.00000 0.00000
1634917048644217 0.61265 -0.79035 0.00000 -133.16404 -0.79035 -0.61265 0.00000 63.08759 -0.00000 -0.00000 -1.00000 0.00000
1634917048893995 0.61918 -0.78525 -0.00000 -134.96568 -0.78525 -0.61918 0.00000 61.98336 -0.00000 -0.00000 -1.00000 0.00000
1634917049143982 0.62258 -0.78255 0.00000 -136.62787 -0.78255 -0.62258 0.00000 61.38985 -0.00000 -0.00000 -1.00000 0.00000
1634917049394244 0.62702 -0.77901 0.00000 -138.37970 -0.77901 -0.62702 0.00000 60.58507 -0.00000 -0.00000 -1.00000 0.00000
1634917049644304 0.62711 -0.77893 0.00000 -139.81461 -0.77893 -0.62711 0.00000 60.47539 -0.00000 -0.00000 -1.00000 0.00000
1634917049894556 0.62882 -0.77755 0.00000 -141.35856 -0.77755 -0.62882 0.00000 60.16453 -0.00000 -0.00000 -1.00000 0.00000
1634917050144771 0.63222 -0.77479 0.00000 -143.11576 -0.77479 -0.63222 0.00000 59.57047 -0.00000 -0.00000 -1.00000 0.00000
1634917050394630 0.63521 -0.77234 0.00000 -144.81048 -0.77234 -0.63521 0.00000 58.95465 -0.00000 -0.00000 -1.00000 0.00000
1634917050644784 0.64114 -0.76742 0.00000 -146.71649 -0.76742 -0.64114 0.00000 57.91162 -0.00000 -0.00000 -1.00000 0.00000
1634917050894855 0.65169 -0.75848 0.00000 -148.91614 -0.75848 -0.65169 0.00000 55.82575 -0.00000 -0.00000 -1.00000 0.00000
1634917051144716 0.67087 -0.74158 0.00000 -151.59677 -0.74158 -0.67087 0.00000 51.99775 -0.00000 -0.00000 -1.00000 0.00000
1634917051394826 0.69248 -0.72144 0.00000 -154.35859 -0.72144 -0.69248 0.00000 47.43606 -0.00000 -0.00000 -1.00000 0.00000
1634917051644514 0.72843 -0.68512 0.00000 -157.63734 -0.68512 -0.72843 0.00000 39.50020 -0.00000 -0.00000 -1.00000 0.00000
1634917051894493 0.77907 -0.62694 0.00000 -161.37234 -0.62694 -0.77907 0.00000 27.22033 -0.00000 -0.00000 -1.00000 0.00000
1634917052144655 0.83574 -0.54912 -0.00000 -164.39928 -0.54912 -0.83574 0.00000 11.49704 -0.00000 -0.00000 -1.00000 0.00000
1634917052394812 0.89117 -0.45367 0.00000 -165.72034 -0.45367 -0.89117 0.00000 -6.73605 -0.00000 -0.00000 -1.00000 -0.00000
1634917052644630 0.94005 -0.34102 0.00000 -164.73843 -0.34102 -0.94005 0.00000 -26.92967 -0.00000 -0.00000 -1.00000 -0.00000
1634917052894656 0.97858 -0.20589 0.00000 -160.35359 -0.20589 -0.97858 0.00000 -49.82374 -0.00000 -0.00000 -1.00000 -0.00000
1634917053144737 0.99818 -0.06031 0.00000 -152.35694 -0.06031 -0.99818 0.00000 -72.73176 -0.00000 -0.00000 -1.00000 -0.00000
1634917053394707 0.99455 0.10423 -0.00000 -139.44107 0.10423 -0.99455 0.00000 -96.70009 0.00000 -0.00000 -1.00000 -0.00000
1634917053644869 0.96348 0.26777 0.00000 -122.34960 0.26777 -0.96348 0.00000 -118.50499 0.00000 -0.00000 -1.00000 -0.00000
1634917053894598 0.90501 0.42539 0.00000 -101.76906 0.42539 -0.90501 0.00000 -137.28272 0.00000 -0.00000 -1.00000 -0.00000
1634917054145116 0.82002 0.57234 0.00000 -78.00154 0.57234 -0.82002 0.00000 -152.53219 0.00000 -0.00000 -1.00000 -0.00000
1634917054395051 0.70926 0.70495 0.00000 -51.54751 0.70495 -0.70926 0.00000 -163.66774 0.00000 -0.00000 -1.00000 -0.00000
1634917054645309 0.58219 0.81305 -0.00000 -24.52638 0.81305 -0.58219 0.00000 -169.88111 0.00000 -0.00000 -1.00000 -0.00000
1634917054895262 0.43672 0.89960 0.00000 3.61759 0.89960 -0.43672 0.00000 -171.62260 0.00000 -0.00000 -1.00000 -0.00000
1634917055145889 0.28222 0.95935 0.00000 31.00844 0.95935 -0.28222 0.00000 -168.68634 0.00000 -0.00000 -1.00000 -0.00000
1634917055395829 0.11758 0.99306 -0.00000 57.85865 0.99306 -0.11758 0.00000 -161.03493 0.00000 -0.00000 -1.00000 -0.00000
1634917055645831 -0.04965 0.99877 0.00000 83.01669 0.99877 0.04965 0.00000 -149.17017 0.00000 0.00000 -1.00000 -0.00000
1634917055895843 -0.21064 0.97756 0.00000 105.09091 0.97756 0.21064 0.00000 -133.72428 0.00000 0.00000 -1.00000 -0.00000
1634917056145957 -0.36244 0.93201 0.00000 123.75878 0.93201 0.36244 0.00000 -115.42222 0.00000 0.00000 -1.00000 -0.00000
1634917056395908 -0.49795 0.86721 0.00000 138.47307 0.86721 0.49795 0.00000 -95.60565 0.00000 0.00000 -1.00000 -0.00000
1634917056645983 -0.61817 0.78605 0.00000 149.69003 0.78605 0.61817 0.00000 -74.64431 0.00000 0.00000 -1.00000 -0.00000
1634917056895929 -0.70843 0.70578 0.00000 156.27122 0.70578 0.70843 0.00000 -56.01184 0.00000 0.00000 -1.00000 -0.00000
1634917057146015 -0.77081 0.63706 0.00000 159.45294 0.63706 0.77081 0.00000 -41.35475 0.00000 0.00000 -1.00000 -0.00000
1634917057395567 -0.82038 0.57182 -0.00000 160.97986 0.57182 0.82038 0.00000 -28.09317 0.00000 0.00000 -1.00000 -0.00000
1634917057645612 -0.86438 0.50283 0.00000 161.29701 0.50283 0.86438 0.00000 -14.81735 0.00000 0.00000 -1.00000 -0.00000
1634917057895570 -0.89848 0.43902 0.00000 160.47447 0.43902 0.89848 0.00000 -3.20261 0.00000 0.00000 -1.00000 -0.00000
1634917058145813 -0.92111 0.38931 -0.00000 158.92865 0.38931 0.92111 0.00000 5.60110 0.00000 0.00000 -1.00000 0.00000
1634917058395903 -0.93484 0.35507 -0.00000 157.05630 0.35507 0.93484 0.00000 11.41565 0.00000 0.00000 -1.00000 0.00000
1634917058645546 -0.94465 0.32808 0.00000 155.07706 0.32808 0.94465 0.00000 15.97245 0.00000 0.00000 -1.00000 0.00000
1634917058895800 -0.94721 0.32060 0.00000 153.32749 0.32060 0.94721 0.00000 17.11342 0.00000 0.00000 -1.00000 0.00000
1634917059146003 -0.94452 0.32844 0.00000 151.74303 0.32844 0.94452 0.00000 15.84490 0.00000 0.00000 -1.00000 0.00000
1634917059396008 -0.92939 0.36909 0.00000 150.67879 0.36909 0.92939 0.00000 9.24448 0.00000 0.00000 -1.00000 0.00000
1634917059646162 -0.90790 0.41919 0.00000 149.31428 0.41919 0.90790 0.00000 1.07758 0.00000 0.00000 -1.00000 0.00000
1634917059896388 -0.87557 0.48309 0.00000 147.27534 0.48309 0.87557 0.00000 -9.69661 0.00000 0.00000 -1.00000 -0.00000
1634917060146416 -0.83823 0.54531 0.00000 144.47993 0.54531 0.83823 0.00000 -20.29597 0.00000 0.00000 -1.00000 -0.00000
1634917060396656 -0.79334 0.60878 0.00000 140.72131 0.60878 0.79334 0.00000 -31.49158 0.00000 0.00000 -1.00000 -0.00000
1634917060646574 -0.74445 0.66768 0.00000 136.10659 0.66768 0.74445 0.00000 -42.16671 0.00000 0.00000 -1.00000 -0.00000
1634917060896667 -0.69096 0.72289 0.00000 130.61995 0.72289 0.69096 0.00000 -52.47789 0.00000 0.00000 -1.00000 -0.00000
1634917061147094 -0.63472 0.77274 0.00000 124.44994 0.77274 0.63472 0.00000 -62.16766 0.00000 0.00000 -1.00000 -0.00000
1634917061396619 -0.57996 0.81464 0.00000 117.99886 0.81464 0.57996 0.00000 -70.60265 0.00000 0.00000 -1.00000 -0.00000
1634917061646928 -0.52394 0.85175 -0.00000 111.02150 0.85175 0.52394 0.00000 -78.36860 0.00000 0.00000 -1.00000 -0.00000
1634917061897205 -0.46685 0.88434 -0.00000 103.69793 0.88434 0.46685 0.00000 -85.44843 0.00000 0.00000 -1.00000 -0.00000
1634917062146847 -0.42256 0.90633 -0.00000 97.33458 0.90633 0.42256 0.00000 -90.44939 0.00000 0.00000 -1.00000 -0.00000
1634917062396785 -0.38127 0.92446 0.00000 91.07568 0.92446 0.38127 0.00000 -94.79040 0.00000 0.00000 -1.00000 -0.00000
1634917062647017 -0.35369 0.93536 0.00000 86.26467 0.93536 0.35369 0.00000 -97.49581 0.00000 0.00000 -1.00000 -0.00000
1634917062896533 -0.33399 0.94258 0.00000 82.04914 0.94258 0.33399 0.00000 -99.35942 0.00000 0.00000 -1.00000 -0.00000
1634917063146773 -0.31566 0.94887 0.00000 78.00980 0.94887 0.31566 0.00000 -100.96139 0.00000 0.00000 -1.00000 -0.00000
1634917063396576 -0.30347 0.95284 0.00000 74.55777 0.95284 0.30347 0.00000 -101.90186 0.00000 0.00000 -1.00000 -0.00000
1634917063646550 -0.29674 0.95496 0.00000 71.64231 0.95496 0.29674 0.00000 -102.44710 0.00000 0.00000 -1.00000 -0.00000
1634917063896578 -0.29850 0.95441 0.00000 69.66605 0.95441 0.29850 0.00000 -102.35996 0.00000 0.00000 -1.00000 -0.00000
1634917064146553 -0.30539 0.95223 -0.00000 68.28521 0.95223 0.30539 0.00000 -101.95558 0.00000 0.00000 -1.00000 -0.00000
1634917064396256 -0.31371 0.94952 -0.00000 66.99788 0.94952 0.31371 0.00000 -101.35642 0.00000 0.00000 -1.00000 -0.00000
1634917064646411 -0.33742 0.94135 0.00000 67.36856 0.94135 0.33742 0.00000 -99.71444 0.00000 0.00000 -1.00000 -0.00000
1634917064896559 -0.36745 0.93004 0.00000 68.37599 0.93004 0.36745 0.00000 -97.56414 0.00000 0.00000 -1.00000 -0.00000
1634917065146198 -0.40902 0.91252 0.00000 70.60142 0.91252 0.40902 0.00000 -94.50370 0.00000 0.00000 -1.00000 -0.00000
1634917065396140 -0.46389 0.88589 0.00000 74.18155 0.88589 0.46389 0.00000 -90.08919 0.00000 0.00000 -1.00000 -0.00000
1634917065646482 -0.51645 0.85632 0.00000 77.42229 0.85632 0.51645 0.00000 -85.51015 0.00000 0.00000 -1.00000 -0.00000
1634917065896231 -0.57076 0.82112 0.00000 80.76357 0.82112 0.57076 0.00000 -80.34891 0.00000 0.00000 -1.00000 -0.00000
1634917066146486 -0.62255 0.78258 0.00000 83.80578 0.78258 0.62255 0.00000 -75.13196 0.00000 0.00000 -1.00000 -0.00000
1634917066396636 -0.67290 0.73974 0.00000 86.57885 0.73974 0.67290 0.00000 -69.47707 0.00000 0.00000 -1.00000 -0.00000
1634917066646400 -0.72512 0.68863 0.00000 89.46911 0.68863 0.72512 0.00000 -62.99099 0.00000 0.00000 -1.00000 -0.00000
1634917066896529 -0.77507 0.63187 0.00000 91.98402 0.63187 0.77507 0.00000 -56.13454 0.00000 0.00000 -1.00000 -0.00000
1634917067146632 -0.81775 0.57557 -0.00000 93.73892 0.57557 0.81775 0.00000 -49.53107 0.00000 0.00000 -1.00000 -0.00000
1634917067396521 -0.85614 0.51675 -0.00000 94.99401 0.51675 0.85614 0.00000 -42.85915 0.00000 0.00000 -1.00000 -0.00000
1634917067646908 -0.88992 0.45612 0.00000 95.74843 0.45612 0.88992 0.00000 -36.24526 0.00000 0.00000 -1.00000 -0.00000
1634917067896492 -0.91642 0.40021 0.00000 95.75702 0.40021 0.91642 0.00000 -30.30704 0.00000 0.00000 -1.00000 -0.00000
1634917068146513 -0.94032 0.34028 0.00000 95.44592 0.34028 0.94032 0.00000 -24.13019 0.00000 0.00000 -1.00000 -0.00000
1634917068396541 -0.95851 0.28505 0.00000 94.54641 0.28505 0.95851 0.00000 -18.61779 0.00000 0.00000 -1.00000 -0.00000
1634917068646351 -0.97282 0.23155 -0.00000 93.46340 0.23155 0.97282 0.00000 -13.35986 0.00000 0.00000 -1.00000 -0.00000
1634917068896658 -0.98191 0.18932 0.00000 91.83914 0.18932 0.98191 0.00000 -9.35745 0.00000 0.00000 -1.00000 -0.00000
1634917069146773 -0.98875 0.14958 0.00000 90.03803 0.14958 0.98875 0.00000 -5.65135 0.00000 0.00000 -1.00000 -0.00000
1634917069396794 -0.99347 0.11409 0.00000 88.11459 0.11409 0.99347 0.00000 -2.45314 0.00000 0.00000 -1.00000 -0.00000
1634917069647273 -0.99602 0.08918 -0.00000 86.09292 0.08918 0.99602 0.00000 -0.27781 0.00000 0.00000 -1.00000 -0.00000
1634917069897213 -0.99781 0.06620 -0.00000 83.96919 0.06620 0.99781 0.00000 1.71670 0.00000 0.00000 -1.00000 0.00000
1634917070147072 -0.99901 0.04439 0.00000 81.80026 0.04439 0.99901 0.00000 3.50823 0.00000 0.00000 -1.00000 0.00000
1634917070397181 -0.99975 0.02227 0.00000 79.54660 0.02227 0.99975 0.00000 5.24473 0.00000 0.00000 -1.00000 0.00000
1634917070647290 -1.00000 -0.00031 0.00000 77.19285 -0.00031 1.00000 0.00000 7.07009 -0.00000 0.00000 -1.00000 0.00000
1634917070897377 -0.99983 -0.01829 0.00000 74.95482 -0.01829 0.99983 0.00000 8.34944 -0.00000 0.00000 -1.00000 0.00000
1634917071147593 -0.99945 -0.03306 -0.00000 72.60690 -0.03306 0.99945 0.00000 9.40833 -0.00000 0.00000 -1.00000 0.00000
1634917071397494 -0.99923 -0.03919 0.00000 70.38427 -0.03919 0.99923 0.00000 9.82870 -0.00000 0.00000 -1.00000 0.00000
1634917071647730 -0.99931 -0.03713 0.00000 68.32328 -0.03713 0.99931 0.00000 9.72896 -0.00000 0.00000 -1.00000 0.00000
1634917071897444 -0.99963 -0.02737 0.00000 66.25600 -0.02737 0.99963 0.00000 8.97913 -0.00000 0.00000 -1.00000 0.00000
1634917072147701 -0.99980 -0.02004 0.00000 64.09672 -0.02004 0.99980 0.00000 8.41552 -0.00000 0.00000 -1.00000 0.00000
1634917072397622 -0.99992 -0.01272 0.00000 61.97459 -0.01272 0.99992 0.00000 7.91200 -0.00000 0.00000 -1.00000 0.00000
1634917072647432 -0.99998 -0.00576 0.00000 59.83112 -0.00576 0.99998 0.00000 7.42396 -0.00000 0.00000 -1.00000 0.00000
1634917072897608 -0.99999 0.00492 -0.00000 57.67519 0.00492 0.99999 0.00000 6.84265 0.00000 0.00000 -1.00000 0.00000
1634917073147902 -0.99992 0.01238 0.00000 55.52151 0.01238 0.99992 0.00000 6.42236 0.00000 0.00000 -1.00000 0.00000
1634917073397861 -0.99974 0.02301 -0.00000 53.32919 0.02301 0.99974 0.00000 5.74893 0.00000 0.00000 -1.00000 0.00000
1634917073647706 -0.99969 0.02474 0.00000 51.18632 0.02474 0.99969 0.00000 5.59374 0.00000 0.00000 -1.00000 0.00000
1634917073897927 -0.99979 0.02057 0.00000 48.91426 0.02057 0.99979 0.00000 5.78755 0.00000 0.00000 -1.00000 0.00000
1634917074147973 -0.99951 0.03144 -0.00000 46.82510 0.03144 0.99951 0.00000 5.31618 0.00000 0.00000 -1.00000 0.00000
1634917074398261 -0.99866 0.05181 0.00000 44.73058 0.05181 0.99866 0.00000 4.35723 0.00000 0.00000 -1.00000 0.00000
1634917074648235 -0.99719 0.07489 0.00000 42.69432 0.07489 0.99719 0.00000 3.26698 0.00000 0.00000 -1.00000 0.00000
1634917074898209 -0.99588 0.09066 -0.00000 40.50538 0.09066 0.99588 0.00000 2.47590 0.00000 0.00000 -1.00000 0.00000
1634917075148046 -0.99453 0.10448 0.00000 38.45915 0.10448 0.99453 0.00000 1.91894 0.00000 0.00000 -1.00000 0.00000
1634917075397902 -0.99357 0.11323 -0.00000 36.36608 0.11323 0.99357 0.00000 1.57831 0.00000 0.00000 -1.00000 0.00000
1634917075648181 -0.99278 0.11993 0.00000 34.12230 0.11993 0.99278 0.00000 1.20206 0.00000 0.00000 -1.00000 0.00000
1634917075897978 -0.99230 0.12383 0.00000 32.09122 0.12383 0.99230 0.00000 1.06787 0.00000 0.00000 -1.00000 0.00000
1634917076148087 -0.99217 0.12489 -0.00000 29.96798 0.12489 0.99217 0.00000 1.00814 0.00000 0.00000 -1.00000 0.00000
1634917076398169 -0.99227 0.12414 0.00000 27.88688 0.12414 0.99227 0.00000 0.95276 0.00000 0.00000 -1.00000 0.00000
1634917076648284 -0.99230 0.12389 -0.00000 25.68528 0.12389 0.99230 0.00000 0.94231 0.00000 0.00000 -1.00000 0.00000
1634917076898494 -0.99212 0.12529 -0.00000 23.59967 0.12529 0.99212 0.00000 0.92807 0.00000 0.00000 -1.00000 0.00000
1634917077148406 -0.99188 0.12719 0.00000 21.45705 0.12719 0.99188 0.00000 0.88265 0.00000 0.00000 -1.00000 0.00000
1634917077398765 -0.99158 0.12949 0.00000 19.42900 0.12949 0.99158 0.00000 0.80048 0.00000 0.00000 -1.00000 0.00000
1634917077648710 -0.99113 0.13288 0.00000 17.25694 0.13288 0.99113 0.00000 0.69166 0.00000 0.00000 -1.00000 0.00000
1634917077899327 -0.99095 0.13421 -0.00000 15.27475 0.13421 0.99095 0.00000 0.64907 0.00000 0.00000 -1.00000 0.00000
1634917078149266 -0.99105 0.13351 0.00000 13.24861 0.13351 0.99105 0.00000 0.65495 0.00000 0.00000 -1.00000 0.00000
1634917078399827 -0.99012 0.14022 0.00000 11.35443 0.14022 0.99012 0.00000 0.54265 0.00000 0.00000 -1.00000 0.00000
1634917078649787 -0.98965 0.14353 0.00000 9.40295 0.14353 0.98965 0.00000 0.50326 0.00000 0.00000 -1.00000 0.00000
1634917078900111 -0.98939 0.14526 0.00000 7.49460 0.14526 0.98939 0.00000 0.46263 0.00000 0.00000 -1.00000 0.00000
1634917079149981 -0.98934 0.14561 0.00000 5.66071 0.14561 0.98934 0.00000 0.43514 0.00000 0.00000 -1.00000 0.00000
1634917079399776 -0.98846 0.15147 0.00000 3.77519 0.15147 0.98846 0.00000 0.37553 0.00000 0.00000 -1.00000 0.00000
1634917079650295 -0.98785 0.15540 -0.00000 2.02004 0.15540 0.98785 0.00000 0.30796 0.00000 0.00000 -1.00000 0.00000
1634917079900075 -0.98662 0.16305 0.00000 0.30936 0.16305 0.98662 0.00000 0.28787 0.00000 0.00000 -1.00000 0.00000
1634917080150294 -0.98551 0.16963 0.00000 -1.27725 0.16963 0.98551 0.00000 0.25903 0.00000 0.00000 -1.00000 0.00000
1634917080400387 -0.98701 0.16066 0.00000 -2.82324 0.16066 0.98701 0.00000 0.20992 0.00000 0.00000 -1.00000 0.00000
1634917080650455 -0.98898 0.14805 0.00000 -4.25211 0.14805 0.98898 0.00000 0.18725 0.00000 0.00000 -1.00000 0.00000
1634917080900820 -0.99002 0.14095 0.00000 -5.59229 0.14095 0.99002 0.00000 0.06992 0.00000 0.00000 -1.00000 0.00000
1634917081150777 -0.99166 0.12888 0.00000 -6.64291 0.12888 0.99166 0.00000 -0.06676 0.00000 0.00000 -1.00000 -0.00000
1634917081401205 -0.99284 0.11947 0.00000 -7.63522 0.11947 0.99284 0.00000 -0.14068 0.00000 0.00000 -1.00000 -0.00000
1634917081651278 -0.99405 0.10890 0.00000 -8.45862 0.10890 0.99405 0.00000 -0.30603 0.00000 0.00000 -1.00000 -0.00000
1634917081901845 -0.99471 0.10271 0.00000 -9.18706 0.10271 0.99471 0.00000 -0.27697 0.00000 0.00000 -1.00000 -0.00000
1634917082151989 -0.99546 0.09516 0.00000 -9.65749 0.09516 0.99546 0.00000 -0.43894 0.00000 0.00000 -1.00000 -0.00000
1634917082402261 -0.99597 0.08967 0.00000 -10.11933 0.08967 0.99597 0.00000 -0.50982 0.00000 0.00000 -1.00000 -0.00000
1634917082652436 -0.99620 0.08707 0.00000 -10.45518 0.08707 0.99620 0.00000 -0.54924 0.00000 0.00000 -1.00000 -0.00000
1634917082901861 -0.99632 0.08570 0.00000 -10.86845 0.08570 0.99632 0.00000 -0.51646 0.00000 0.00000 -1.00000 -0.00000
1634917083152065 -0.99628 0.08614 0.00000 -11.25355 0.08614 0.99628 0.00000 -0.50809 0.00000 0.00000 -1.00000 -0.00000
1634917083402246 -0.99606 0.08873 -0.00000 -11.69500 0.08873 0.99606 0.00000 -0.41527 0.00000 0.00000 -1.00000 -0.00000
1634917083652064 -0.99584 0.09111 -0.00000 -12.13375 0.09111 0.99584 0.00000 -0.43713 0.00000 0.00000 -1.00000 -0.00000
1634917083901894 -0.99606 0.08865 0.00000 -12.70041 0.08865 0.99606 0.00000 -0.50831 0.00000 0.00000 -1.00000 -0.00000
1634917084152096 -0.99580 0.09151 0.00000 -13.37103 0.09151 0.99580 0.00000 -0.47964 0.00000 0.00000 -1.00000 -0.00000
1634917084402364 -0.99573 0.09233 0.00000 -14.06406 0.09233 0.99573 0.00000 -0.47568 0.00000 0.00000 -1.00000 -0.00000
1634917084652131 -0.99536 0.09625 -0.00000 -14.94459 0.09625 0.99536 0.00000 -0.45270 0.00000 0.00000 -1.00000 -0.00000
1634917084901860 -0.99536 0.09625 0.00000 -15.89161 0.09625 0.99536 0.00000 -0.44552 0.00000 0.00000 -1.00000 -0.00000
1634917085151915 -0.99521 0.09771 0.00000 -16.94528 0.09771 0.99521 0.00000 -0.47473 0.00000 0.00000 -1.00000 -0.00000
1634917085402153 -0.99519 0.09792 0.00000 -18.08203 0.09792 0.99519 0.00000 -0.50200 0.00000 0.00000 -1.00000 -0.00000
1634917085652267 -0.99525 0.09730 -0.00000 -19.46246 0.09730 0.99525 0.00000 -0.51578 0.00000 0.00000 -1.00000 -0.00000
1634917085902033 -0.99543 0.09551 0.00000 -20.67076 0.09551 0.99543 0.00000 -0.59578 0.00000 0.00000 -1.00000 -0.00000
1634917086151952 -0.99587 0.09081 0.00000 -22.16531 0.09081 0.99587 0.00000 -0.70945 0.00000 0.00000 -1.00000 -0.00000
1634917086402046 -0.99654 0.08310 0.00000 -23.62154 0.08310 0.99654 0.00000 -0.91299 0.00000 0.00000 -1.00000 -0.00000
1634917086651787 -0.99689 0.07880 0.00000 -25.19441 0.07880 0.99689 0.00000 -0.99979 0.00000 0.00000 -1.00000 -0.00000
1634917086901834 -0.99717 0.07524 0.00000 -26.92564 0.07524 0.99717 0.00000 -1.11569 0.00000 0.00000 -1.00000 -0.00000
1634917087151879 -0.99768 0.06811 0.00000 -28.52577 0.06811 0.99768 0.00000 -1.31748 0.00000 0.00000 -1.00000 -0.00000
1634917087402019 -0.99796 0.06382 0.00000 -30.43697 0.06382 0.99796 0.00000 -1.44492 0.00000 0.00000 -1.00000 -0.00000
1634917087651998 -0.99816 0.06069 0.00000 -32.29158 0.06069 0.99816 0.00000 -1.58885 0.00000 0.00000 -1.00000 -0.00000
1634917087902333 -0.99842 0.05612 -0.00000 -34.08176 0.05612 0.99842 0.00000 -1.71969 0.00000 0.00000 -1.00000 -0.00000
1634917088152565 -0.99878 0.04939 0.00000 -36.15695 0.04939 0.99878 0.00000 -1.98107 0.00000 0.00000 -1.00000 -0.00000
1634917088402760 -0.99894 0.04600 0.00000 -38.18318 0.04600 0.99894 0.00000 -2.13178 0.00000 0.00000 -1.00000 -0.00000
1634917088652462 -0.99910 0.04236 0.00000 -40.28249 0.04236 0.99910 0.00000 -2.42635 0.00000 0.00000 -1.00000 -0.00000
1634917088902842 -0.99920 0.03993 0.00000 -42.42585 0.03993 0.99920 0.00000 -2.51941 0.00000 0.00000 -1.00000 -0.00000
1634917089152924 -0.99901 0.04447 -0.00000 -44.53274 0.04447 0.99901 0.00000 -2.33467 0.00000 0.00000 -1.00000 -0.00000
1634917089403017 -0.99871 0.05073 0.00000 -46.71861 0.05073 0.99871 0.00000 -2.07211 0.00000 0.00000 -1.00000 -0.00000
1634917089652777 -0.99801 0.06300 0.00000 -48.88831 0.06300 0.99801 0.00000 -1.56559 0.00000 0.00000 -1.00000 -0.00000
1634917089903201 -0.99694 0.07821 0.00000 -50.96149 0.07821 0.99694 0.00000 -0.79358 0.00000 0.00000 -1.00000 -0.00000
1634917090153353 -0.99485 0.10137 0.00000 -52.95252 0.10137 0.99485 0.00000 0.40540 0.00000 0.00000 -1.00000 0.00000
1634917090403584 -0.99194 0.12668 0.00000 -54.77898 0.12668 0.99194 0.00000 1.73912 0.00000 0.00000 -1.00000 0.00000
1634917090654026 -0.98738 0.15840 -0.00000 -56.43646 0.15840 0.98738 0.00000 3.43367 0.00000 0.00000 -1.00000 0.00000
1634917090904393 -0.97961 0.20092 -0.00000 -57.79688 0.20092 0.97961 0.00000 5.87003 0.00000 0.00000 -1.00000 0.00000
1634917091154711 -0.96866 0.24837 0.00000 -58.95312 0.24837 0.96866 0.00000 8.67204 0.00000 0.00000 -1.00000 0.00000
1634917091404966 -0.95160 0.30733 0.00000 -59.69383 0.30733 0.95160 0.00000 12.18751 0.00000 0.00000 -1.00000 0.00000
1634917091655073 -0.92447 0.38126 -0.00000 -59.78713 0.38126 0.92447 0.00000 16.92294 0.00000 0.00000 -1.00000 0.00000
1634917091905297 -0.88632 0.46308 0.00000 -59.24954 0.46308 0.88632 0.00000 22.14870 0.00000 0.00000 -1.00000 0.00000
1634917092155731 -0.83842 0.54503 0.00000 -58.11166 0.54503 0.83842 0.00000 27.63374 0.00000 0.00000 -1.00000 0.00000
1634917092405745 -0.77261 0.63488 0.00000 -55.91750 0.63488 0.77261 0.00000 33.95751 0.00000 0.00000 -1.00000 0.00000
1634917092656007 -0.68803 0.72568 0.00000 -52.48499 0.72568 0.68803 0.00000 40.58246 0.00000 0.00000 -1.00000 0.00000
1634917092906008 -0.58311 0.81239 -0.00000 -47.58814 0.81239 0.58311 0.00000 47.31268 0.00000 0.00000 -1.00000 0.00000
1634917093156436 -0.46544 0.88508 0.00000 -41.70480 0.88508 0.46544 0.00000 53.42998 0.00000 0.00000 -1.00000 0.00000
1634917093406651 -0.34299 0.93934 0.00000 -35.28647 0.93934 0.34299 0.00000 58.56160 0.00000 0.00000 -1.00000 0.00000
1634917093656838 -0.23111 0.97293 0.00000 -29.26520 0.97293 0.23111 0.00000 62.15921 0.00000 0.00000 -1.00000 0.00000
1634917093906699 -0.13245 0.99119 -0.00000 -24.00807 0.99119 0.13245 0.00000 64.81145 0.00000 0.00000 -1.00000 0.00000
1634917094156577 -0.06063 0.99816 0.00000 -20.49061 0.99816 0.06063 0.00000 66.49247 0.00000 0.00000 -1.00000 0.00000
1634917094406532 -0.01586 0.99987 0.00000 -18.75651 0.99987 0.01586 0.00000 67.36529 0.00000 0.00000 -1.00000 0.00000
1634917094656507 -0.00144 1.00000 0.00000 -19.17855 1.00000 0.00144 0.00000 67.56318 0.00000 0.00000 -1.00000 0.00000
1634917094906235 0.00670 0.99998 0.00000 -20.11848 0.99998 -0.00670 0.00000 67.66877 0.00000 -0.00000 -1.00000 0.00000
1634917095156102 0.01361 0.99991 0.00000 -21.16136 0.99991 -0.01361 0.00000 67.74560 0.00000 -0.00000 -1.00000 0.00000
1634917095406131 0.01855 0.99983 -0.00000 -22.37897 0.99983 -0.01855 0.00000 67.79352 0.00000 -0.00000 -1.00000 0.00000
1634917095656497 0.02451 0.99970 -0.00000 -23.66638 0.99970 -0.02451 0.00000 67.99437 0.00000 -0.00000 -1.00000 0.00000
1634917095906177 0.03392 0.99942 -0.00000 -24.76447 0.99942 -0.03392 0.00000 68.11338 0.00000 -0.00000 -1.00000 0.00000
1634917096156245 0.04367 0.99905 0.00000 -26.01521 0.99905 -0.04367 0.00000 68.36009 0.00000 -0.00000 -1.00000 0.00000
1634917096406415 0.05006 0.99875 0.00000 -27.49212 0.99875 -0.05006 0.00000 68.48072 0.00000 -0.00000 -1.00000 0.00000
1634917096656344 0.05289 0.99860 0.00000 -29.09770 0.99860 -0.05289 0.00000 68.53315 0.00000 -0.00000 -1.00000 0.00000
1634917096906405 0.06028 0.99818 -0.00000 -30.56276 0.99818 -0.06028 0.00000 68.60584 0.00000 -0.00000 -1.00000 0.00000
