0.988 -0.152 0. 6.679 0.152 0.988 0. 0.716 0. 0. 1. 0.
0.984 -0.180 0. 7.510 0.180 0.984 0. 0.905 0. 0. 1. 0.
0.978 -0.210 0. 8.391 0.210 0.978 0. 1.124 0. 0. 1. 0.
0.971 -0.240 0. 9.314 0.240 0.971 0. 1.395 0. 0. 1. 0.
0.964 -0.267 0. 10.250 0.267 0.964 0. 1.704 0. 0. 1. 0.
0.957 -0.291 0. 11.204 0.291 0.957 0. 2.013 0. 0. 1. 0.
0.951 -0.310 0. 12.213 0.310 0.951 0. 2.400 0. 0. 1. 0.
0.946 -0.324 0. 13.247 0.324 0.946 0. 2.746 0. 0. 1. 0.
0.944 -0.329 0. 14.323 0.329 0.944 0. 3.156 0. 0. 1. 0.
0.943 -0.332 0. 15.429 0.332 0.943 0. 3.567 0. 0. 1. 0.
0.944 -0.331 0. 16.578 0.331 0.944 0. 3.963 0. 0. 1. 0.
0.943 -0.332 0. 17.764 0.332 0.943 0. 4.388 0. 0. 1. 0.
0.944 -0.329 0. 19.003 0.329 0.944 0. 4.797 0. 0. 1. 0.
0.945 -0.328 0. 20.255 0.328 0.945 0. 5.235 0. 0. 1. 0.
0.945 -0.327 0. 21.509 0.327 0.945 0. 5.719 0. 0. 1. 0.
0.944 -0.330 0. 22.809 0.330 0.944 0. 6.161 0. 0. 1. 0.
0.942 -0.336 0. 24.138 0.336 0.942 0. 6.665 0. 0. 1. 0.
0.939 -0.343 0. 25.507 0.343 0.939 0. 7.247 0. 0. 1. 0.
0.938 -0.348 0. 26.898 0.348 0.938 0. 7.774 0. 0. 1. 0.
0.934 -0.358 0. 28.289 0.358 0.934 0. 8.375 0. 0. 1. 0.
0.929 -0.371 0. 29.771 0.371 0.929 0. 8.921 0. 0. 1. 0.
0.923 -0.384 0. 31.195 0.384 0.923 0. 9.592 0. 0. 1. 0.
0.917 -0.400 0. 32.683 0.400 0.917 0. 10.280 0. 0. 1. 0.
0.907 -0.421 0. 34.189 0.421 0.907 0. 11.026 0. 0. 1. 0.
0.896 -0.445 0. 35.708 0.445 0.896 0. 11.832 0. 0. 1. 0.
0.881 -0.472 0. 37.236 0.472 0.881 0. 12.722 0. 0. 1. 0.
0.867 -0.498 0. 38.816 0.498 0.867 0. 13.621 0. 0. 1. 0.
0.851 -0.525 0. 40.367 0.525 0.851 0. 14.604 0. 0. 1. 0.
0.834 -0.551 0. 41.905 0.551 0.834 0. 15.693 0. 0. 1. 0.
0.817 -0.576 0. 43.440 0.576 0.817 0. 16.839 0. 0. 1. 0.
0.801 -0.599 0. 44.981 0.599 0.801 0. 18.027 0. 0. 1. 0.
0.789 -0.614 0. 46.486 0.614 0.789 0. 19.287 0. 0. 1. 0.
0.781 -0.624 0. 48.011 0.624 0.781 0. 20.539 0. 0. 1. 0.
0.772 -0.635 0. 49.558 0.635 0.772 0. 21.803 0. 0. 1. 0.
0.765 -0.644 0. 51.106 0.644 0.765 0. 23.129 0. 0. 1. 0.
0.759 -0.651 0. 52.625 0.651 0.759 0. 24.485 0. 0. 1. 0.
0.754 -0.657 0. 54.157 0.657 0.754 0. 25.861 0. 0. 1. 0.
0.754 -0.657 0. 55.727 0.657 0.754 0. 27.258 0. 0. 1. 0.
0.755 -0.655 0. 57.239 0.655 0.755 0. 28.617 0. 0. 1. 0.
0.758 -0.652 0. 58.813 0.652 0.758 0. 29.972 0. 0. 1. 0.
0.759 -0.651 0. 60.348 0.651 0.759 0. 31.331 0. 0. 1. 0.
0.762 -0.648 0. 61.829 0.648 0.762 0. 32.666 0. 0. 1. 0.
0.768 -0.640 0. 63.361 0.640 0.768 0. 33.947 0. 0. 1. 0.
0.774 -0.633 0. 64.954 0.633 0.774 0. 35.204 0. 0. 1. 0.
0.782 -0.623 0. 66.511 0.623 0.782 0. 36.479 0. 0. 1. 0.
0.791 -0.612 0. 68.083 0.612 0.791 0. 37.718 0. 0. 1. 0.
0.800 -0.600 0. 69.706 0.600 0.800 0. 38.956 0. 0. 1. 0.
0.808 -0.589 0. 71.326 0.589 0.808 0. 40.123 0. 0. 1. 0.
0.818 -0.576 0. 72.983 0.576 0.818 0. 41.320 0. 0. 1. 0.
0.827 -0.562 0. 74.669 0.562 0.827 0. 42.453 0. 0. 1. 0.
0.839 -0.544 0. 76.333 0.544 0.839 0. 43.573 0. 0. 1. 0.
0.850 -0.526 0. 78.037 0.526 0.850 0. 44.672 0. 0. 1. 0.
0.861 -0.508 0. 79.763 0.508 0.861 0. 45.699 0. 0. 1. 0.
0.873 -0.488 0. 81.554 0.488 0.873 0. 46.697 0. 0. 1. 0.
0.884 -0.468 0. 83.400 0.468 0.884 0. 47.644 0. 0. 1. 0.
0.895 -0.446 0. 85.267 0.446 0.895 0. 48.590 0. 0. 1. 0.
0.906 -0.424 0. 87.106 0.424 0.906 0. 49.436 0. 0. 1. 0.
0.916 -0.402 0. 88.982 0.402 0.916 0. 50.276 0. 0. 1. 0.
0.925 -0.380 0. 90.881 0.380 0.925 0. 51.068 0. 0. 1. 0.
0.934 -0.357 0. 92.841 0.357 0.934 0. 51.816 0. 0. 1. 0.
0.942 -0.334 0. 94.819 0.334 0.942 0. 52.516 0. 0. 1. 0.
0.949 -0.315 0. 96.800 0.315 0.949 0. 53.179 0. 0. 1. 0.
0.955 -0.295 0. 98.816 0.295 0.955 0. 53.788 0. 0. 1. 0.
0.961 -0.278 0. 100.859 0.278 0.961 0. 54.385 0. 0. 1. 0.
0.965 -0.262 0. 102.909 0.262 0.965 0. 54.957 0. 0. 1. 0.
0.969 -0.246 0. 104.952 0.246 0.969 0. 55.474 0. 0. 1. 0.
0.973 -0.229 0. 107.060 0.229 0.973 0. 56.015 0. 0. 1. 0.
0.978 -0.209 0. 109.165 0.209 0.978 0. 56.439 0. 0. 1. 0.
0.981 -0.192 0. 111.246 0.192 0.981 0. 56.859 0. 0. 1. 0.
0.985 -0.172 0. 113.368 0.172 0.985 0. 57.275 0. 0. 1. 0.
0.988 -0.152 0. 115.479 0.152 0.988 0. 57.567 0. 0. 1. 0.
0.991 -0.132 0. 117.635 0.132 0.991 0. 57.865 0. 0. 1. 0.
0.994 -0.112 0. 119.854 0.112 0.994 0. 58.112 0. 0. 1. 0.
0.996 -0.093 0. 122.043 0.093 0.996 0. 58.320 0. 0. 1. 0.
0.997 -0.074 0. 124.248 0.074 0.997 0. 58.498 0. 0. 1. 0.
0.999 -0.054 0. 126.453 0.054 0.999 0. 58.632 0. 0. 1. 0.
0.999 -0.033 0. 128.654 0.033 0.999 0. 58.737 0. 0. 1. 0.
1. -0.014 0. 130.866 0.014 1. 0. 58.752 0. 0. 1. 0.
1. 0.003 0. 133.130 -0.003 1. 0. 58.764 0. 0. 1. 0.
1.000 0.021 0. 135.369 -0.021 1.000 0. 58.716 0. 0. 1. 0.
0.999 0.037 0. 137.673 -0.037 0.999 0. 58.649 0. 0. 1. 0.
0.999 0.054 0. 139.988 -0.054 0.999 0. 58.538 0. 0. 1. 0.
0.997 0.071 0. 142.277 -0.071 0.997 0. 58.368 0. 0. 1. 0.
0.996 0.089 0. 144.598 -0.089 0.996 0. 58.182 0. 0. 1. 0.
0.994 0.109 0. 146.940 -0.109 0.994 0. 57.948 0. 0. 1. 0.
0.992 0.127 0. 149.249 -0.127 0.992 0. 57.670 0. 0. 1. 0.
0.989 0.149 0. 151.645 -0.149 0.989 0. 57.297 0. 0. 1. 0.
0.986 0.169 0. 154.003 -0.169 0.986 0. 56.885 0. 0. 1. 0.
0.982 0.187 0. 156.371 -0.187 0.982 0. 56.461 0. 0. 1. 0.
0.979 0.204 0. 158.765 -0.204 0.979 0. 55.981 0. 0. 1. 0.
0.975 0.221 0. 161.112 -0.221 0.975 0. 55.436 0. 0. 1. 0.
0.971 0.239 0. 163.489 -0.239 0.971 0. 54.869 0. 0. 1. 0.
0.967 0.255 0. 165.899 -0.255 0.967 0. 54.277 0. 0. 1. 0.
0.963 0.270 0. 168.309 -0.270 0.963 0. 53.596 0. 0. 1. 0.
0.958 0.287 0. 170.654 -0.287 0.958 0. 52.914 0. 0. 1. 0.
0.953 0.302 0. 173.043 -0.302 0.953 0. 52.134 0. 0. 1. 0.
0.949 0.314 0. 175.426 -0.314 0.949 0. 51.348 0. 0. 1. 0.
0.945 0.326 0. 177.823 -0.326 0.945 0. 50.521 0. 0. 1. 0.
0.940 0.342 0. 180.185 -0.342 0.940 0. 49.682 0. 0. 1. 0.
0.933 0.359 0. 182.582 -0.359 0.933 0. 48.764 0. 0. 1. 0.
0.926 0.377 0. 184.998 -0.377 0.926 0. 47.808 0. 0. 1. 0.
0.919 0.395 0. 187.333 -0.395 0.919 0. 46.771 0. 0. 1. 0.
0.909 0.416 0. 189.652 -0.416 0.909 0. 45.710 0. 0. 1. 0.
0.898 0.439 0. 191.984 -0.439 0.898 0. 44.672 0. 0. 1. 0.
0.886 0.465 0. 194.158 -0.465 0.886 0. 43.511 0. 0. 1. 0.
0.872 0.489 0. 196.293 -0.489 0.872 0. 42.312 0. 0. 1. 0.
0.858 0.513 0. 198.450 -0.513 0.858 0. 41.042 0. 0. 1. 0.
0.844 0.537 0. 200.502 -0.537 0.844 0. 39.726 0. 0. 1. 0.
0.829 0.560 0. 202.565 -0.560 0.829 0. 38.368 0. 0. 1. 0.
0.813 0.583 0. 204.532 -0.583 0.813 0. 36.970 0. 0. 1. 0.
0.795 0.607 0. 206.484 -0.607 0.795 0. 35.534 0. 0. 1. 0.
0.776 0.631 0. 208.388 -0.631 0.776 0. 34.001 0. 0. 1. 0.
0.756 0.655 0. 210.216 -0.655 0.756 0. 32.473 0. 0. 1. 0.
0.736 0.677 0. 211.969 -0.677 0.736 0. 30.844 0. 0. 1. 0.
0.716 0.698 0. 213.613 -0.698 0.716 0. 29.179 0. 0. 1. 0.
0.696 0.718 0. 215.250 -0.718 0.696 0. 27.533 0. 0. 1. 0.
0.678 0.735 0. 216.912 -0.735 0.678 0. 25.865 0. 0. 1. 0.
0.666 0.746 0. 218.448 -0.746 0.666 0. 24.095 0. 0. 1. 0.
0.657 0.754 0. 219.952 -0.754 0.657 0. 22.372 0. 0. 1. 0.
0.647 0.762 0. 221.505 -0.762 0.647 0. 20.663 0. 0. 1. 0.
0.639 0.769 0. 222.996 -0.769 0.639 0. 18.960 0. 0. 1. 0.
0.636 0.772 0. 224.444 -0.772 0.636 0. 17.234 0. 0. 1. 0.
0.637 0.771 0. 225.899 -0.771 0.637 0. 15.488 0. 0. 1. 0.
0.642 0.767 0. 227.391 -0.767 0.642 0. 13.770 0. 0. 1. 0.
0.648 0.761 0. 228.878 -0.761 0.648 0. 12.049 0. 0. 1. 0.
0.655 0.756 0. 230.360 -0.756 0.655 0. 10.383 0. 0. 1. 0.
0.667 0.745 0. 231.866 -0.745 0.667 0. 8.741 0. 0. 1. 0.
0.680 0.734 0. 233.379 -0.734 0.680 0. 7.129 0. 0. 1. 0.
0.695 0.719 0. 234.957 -0.719 0.695 0. 5.528 0. 0. 1. 0.
0.712 0.702 0. 236.523 -0.702 0.712 0. 4.023 0. 0. 1. 0.
0.731 0.682 0. 238.167 -0.682 0.731 0. 2.542 0. 0. 1. 0.
0.750 0.662 0. 239.865 -0.662 0.750 0. 1.102 0. 0. 1. 0.
0.774 0.633 0. 241.588 -0.633 0.774 0. -0.266 0. 0. 1. 0.
0.797 0.604 0. 243.391 -0.604 0.797 0. -1.564 0. 0. 1. 0.
0.823 0.568 0. 245.233 -0.568 0.823 0. -2.817 0. 0. 1. 0.
0.849 0.529 0. 247.150 -0.529 0.849 0. -3.971 0. 0. 1. 0.
0.873 0.488 0. 249.112 -0.488 0.873 0. -5.040 0. 0. 1. 0.
0.896 0.444 0. 251.169 -0.444 0.896 0. -6.074 0. 0. 1. 0.
0.917 0.400 0. 253.303 -0.400 0.917 0. -6.923 0. 0. 1. 0.
0.935 0.354 0. 255.415 -0.354 0.935 0. -7.726 0. 0. 1. 0.
0.950 0.312 0. 257.684 -0.312 0.950 0. -8.439 0. 0. 1. 0.
0.960 0.280 0. 259.908 -0.280 0.960 0. -9.060 0. 0. 1. 0.
0.967 0.256 0. 262.219 -0.256 0.967 0. -9.615 0. 0. 1. 0.
0.973 0.233 0. 264.506 -0.233 0.973 0. -10.151 0. 0. 1. 0.
0.976 0.216 0. 266.865 -0.216 0.976 0. -10.651 0. 0. 1. 0.
0.979 0.202 0. 269.237 -0.202 0.979 0. -11.074 0. 0. 1. 0.
0.982 0.190 0. 271.629 -0.190 0.982 0. -11.536 0. 0. 1. 0.
0.984 0.179 0. 274.033 -0.179 0.984 0. -11.891 0. 0. 1. 0.
0.985 0.171 0. 276.475 -0.171 0.985 0. -12.318 0. 0. 1. 0.
0.987 0.160 0. 278.931 -0.160 0.987 0. -12.710 0. 0. 1. 0.
0.988 0.152 0. 281.417 -0.152 0.988 0. -13.072 0. 0. 1. 0.
0.990 0.141 0. 283.939 -0.141 0.990 0. -13.454 0. 0. 1. 0.
0.991 0.131 0. 286.446 -0.131 0.991 0. -13.735 0. 0. 1. 0.
0.993 0.121 0. 288.976 -0.121 0.993 0. -14.061 0. 0. 1. 0.
0.993 0.115 0. 291.573 -0.115 0.993 0. -14.390 0. 0. 1. 0.
0.994 0.108 0. 294.151 -0.108 0.994 0. -14.626 0. 0. 1. 0.
0.995 0.104 0. 296.747 -0.104 0.995 0. -14.897 0. 0. 1. 0.
0.995 0.100 0. 299.387 -0.100 0.995 0. -15.086 0. 0. 1. 0.
0.996 0.094 0. 302.007 -0.094 0.996 0. -15.347 0. 0. 1. 0.
0.996 0.091 0. 304.676 -0.091 0.996 0. -15.591 0. 0. 1. 0.
0.996 0.087 0. 307.301 -0.087 0.996 0. -15.831 0. 0. 1. 0.
0.997 0.083 0. 310.003 -0.083 0.997 0. -16.079 0. 0. 1. 0.
0.997 0.077 0. 312.603 -0.077 0.997 0. -16.263 0. 0. 1. 0.
0.997 0.071 0. 315.291 -0.071 0.997 0. -16.481 0. 0. 1. 0.
0.998 0.069 0. 317.872 -0.069 0.998 0. -16.625 0. 0. 1. 0.
0.998 0.064 0. 320.399 -0.064 0.998 0. -16.772 0. 0. 1. 0.
0.998 0.059 0. 323.016 -0.059 0.998 0. -16.941 0. 0. 1. 0.
0.998 0.055 0. 325.525 -0.055 0.998 0. -17.054 0. 0. 1. 0.
0.999 0.051 0. 328.073 -0.051 0.999 0. -17.140 0. 0. 1. 0.
0.999 0.044 0. 330.580 -0.044 0.999 0. -17.261 0. 0. 1. 0.
0.999 0.042 0. 333.094 -0.042 0.999 0. -17.346 0. 0. 1. 0.
0.999 0.040 0. 335.546 -0.040 0.999 0. -17.440 0. 0. 1. 0.
0.999 0.041 0. 338.035 -0.041 0.999 0. -17.479 0. 0. 1. 0.
0.999 0.040 0. 340.498 -0.040 0.999 0. -17.580 0. 0. 1. 0.
0.999 0.046 0. 342.972 -0.046 0.999 0. -17.663 0. 0. 1. 0.
0.999 0.049 0. 345.463 -0.049 0.999 0. -17.781 0. 0. 1. 0.
0.998 0.062 0. 347.878 -0.062 0.998 0. -17.881 0. 0. 1. 0.
0.998 0.069 0. 350.357 -0.069 0.998 0. -18.112 0. 0. 1. 0.
0.997 0.078 0. 352.776 -0.078 0.997 0. -18.275 0. 0. 1. 0.
0.997 0.079 0. 355.247 -0.079 0.997 0. -18.389 0. 0. 1. 0.
0.997 0.082 0. 357.700 -0.082 0.997 0. -18.588 0. 0. 1. 0.
0.997 0.082 0. 360.152 -0.082 0.997 0. -18.765 0. 0. 1. 0.
0.997 0.080 0. 362.610 -0.080 0.997 0. -18.976 0. 0. 1. 0.
0.997 0.075 0. 365.096 -0.075 0.997 0. -19.177 0. 0. 1. 0.
0.998 0.070 0. 367.515 -0.070 0.998 0. -19.278 0. 0. 1. 0.
0.998 0.070 0. 369.969 -0.070 0.998 0. -19.496 0. 0. 1. 0.
0.997 0.071 0. 372.378 -0.071 0.997 0. -19.618 0. 0. 1. 0.
0.997 0.072 0. 374.734 -0.072 0.997 0. -19.850 0. 0. 1. 0.
0.997 0.074 0. 377.113 -0.074 0.997 0. -19.907 0. 0. 1. 0.
0.997 0.072 0. 379.458 -0.072 0.997 0. -20.133 0. 0. 1. 0.
0.997 0.071 0. 381.825 -0.071 0.997 0. -20.216 0. 0. 1. 0.
0.998 0.068 0. 384.087 -0.068 0.998 0. -20.238 0. 0. 1. 0.
0.998 0.067 0. 386.321 -0.067 0.998 0. -20.394 0. 0. 1. 0.
0.998 0.064 0. 388.440 -0.064 0.998 0. -20.564 0. 0. 1. 0.
0.998 0.066 0. 390.514 -0.066 0.998 0. -20.692 0. 0. 1. 0.
0.998 0.062 0. 392.486 -0.062 0.998 0. -20.787 0. 0. 1. 0.
0.998 0.060 0. 394.437 -0.060 0.998 0. -20.938 0. 0. 1. 0.
0.998 0.061 0. 396.301 -0.061 0.998 0. -21.020 0. 0. 1. 0.
0.998 0.059 0. 398.143 -0.059 0.998 0. -21.126 0. 0. 1. 0.
0.998 0.062 0. 399.858 -0.062 0.998 0. -21.288 0. 0. 1. 0.
0.998 0.061 0. 401.527 -0.061 0.998 0. -21.345 0. 0. 1. 0.
0.997 0.071 0. 403.142 -0.071 0.997 0. -21.498 0. 0. 1. 0.
0.996 0.089 0. 404.671 -0.089 0.996 0. -21.636 0. 0. 1. 0.
0.993 0.120 0. 406.120 -0.120 0.993 0. -21.816 0. 0. 1. 0.
0.986 0.167 0. 407.463 -0.167 0.986 0. -22.094 0. 0. 1. 0.
0.976 0.217 0. 408.644 -0.217 0.976 0. -22.433 0. 0. 1. 0.
0.961 0.278 0. 409.861 -0.278 0.961 0. -22.809 0. 0. 1. 0.
0.939 0.343 0. 410.932 -0.343 0.939 0. -23.255 0. 0. 1. 0.
0.910 0.414 0. 411.951 -0.414 0.910 0. -23.777 0. 0. 1. 0.
0.875 0.485 0. 412.906 -0.485 0.875 0. -24.371 0. 0. 1. 0.
0.829 0.560 0. 413.780 -0.560 0.829 0. -25.056 0. 0. 1. 0.
0.774 0.633 0. 414.547 -0.633 0.774 0. -25.817 0. 0. 1. 0.
0.718 0.696 0. 415.263 -0.696 0.718 0. -26.643 0. 0. 1. 0.
0.659 0.752 0. 415.969 -0.752 0.659 0. -27.525 0. 0. 1. 0.
0.599 0.801 0. 416.555 -0.801 0.599 0. -28.458 0. 0. 1. 0.
0.542 0.840 0. 417.103 -0.840 0.542 0. -29.429 0. 0. 1. 0.
0.487 0.873 0. 417.678 -0.873 0.487 0. -30.431 0. 0. 1. 0.
0.435 0.900 0. 418.141 -0.900 0.435 0. -31.527 0. 0. 1. 0.
0.382 0.924 0. 418.497 -0.924 0.382 0. -32.646 0. 0. 1. 0.
0.342 0.940 0. 418.930 -0.940 0.342 0. -33.762 0. 0. 1. 0.
0.298 0.955 0. 419.264 -0.955 0.298 0. -35.014 0. 0. 1. 0.
0.255 0.967 0. 419.572 -0.967 0.255 0. -36.262 0. 0. 1. 0.
0.210 0.978 0. 419.822 -0.978 0.210 0. -37.603 0. 0. 1. 0.
0.160 0.987 0. 420.043 -0.987 0.160 0. -39.041 0. 0. 1. 0.
0.110 0.994 0. 420.164 -0.994 0.110 0. -40.489 0. 0. 1. 0.
0.062 0.998 0. 420.225 -0.998 0.062 0. -41.967 0. 0. 1. 0.
0.025 1.000 0. 420.213 -1.000 0.025 0. -43.526 0. 0. 1. 0.
-0.011 1. 0. 420.206 -1. -0.011 0. -45.135 0. 0. 1. 0.
-0.041 0.999 0. 420.151 -0.999 -0.041 0. -46.806 0. 0. 1. 0.
-0.067 0.998 0. 420.030 -0.998 -0.067 0. -48.548 0. 0. 1. 0.
-0.088 0.996 0. 419.910 -0.996 -0.088 0. -50.289 0. 0. 1. 0.
-0.101 0.995 0. 419.708 -0.995 -0.101 0. -52.128 0. 0. 1. 0.
-0.113 0.994 0. 419.520 -0.994 -0.113 0. -54.003 0. 0. 1. 0.
-0.115 0.993 0. 419.330 -0.993 -0.115 0. -55.934 0. 0. 1. 0.
-0.114 0.993 0. 419.020 -0.993 -0.114 0. -57.928 0. 0. 1. 0.
-0.115 0.993 0. 418.866 -0.993 -0.115 0. -59.965 0. 0. 1. 0.
-0.114 0.994 0. 418.604 -0.994 -0.114 0. -62.054 0. 0. 1. 0.
-0.113 0.994 0. 418.403 -0.994 -0.113 0. -64.205 0. 0. 1. 0.
-0.111 0.994 0. 418.149 -0.994 -0.111 0. -66.426 0. 0. 1. 0.
-0.112 0.994 0. 417.933 -0.994 -0.112 0. -68.654 0. 0. 1. 0.
-0.113 0.994 0. 417.661 -0.994 -0.113 0. -70.972 0. 0. 1. 0.
-0.114 0.994 0. 417.412 -0.994 -0.114 0. -73.306 0. 0. 1. 0.
-0.118 0.993 0. 417.130 -0.993 -0.118 0. -75.674 0. 0. 1. 0.
-0.119 0.993 0. 416.854 -0.993 -0.119 0. -78.047 0. 0. 1. 0.
-0.118 0.993 0. 416.579 -0.993 -0.118 0. -80.432 0. 0. 1. 0.
-0.116 0.993 0. 416.320 -0.993 -0.116 0. -82.814 0. 0. 1. 0.
-0.115 0.993 0. 416.014 -0.993 -0.115 0. -85.251 0. 0. 1. 0.
-0.114 0.993 0. 415.793 -0.993 -0.114 0. -87.723 0. 0. 1. 0.
-0.112 0.994 0. 415.531 -0.994 -0.112 0. -90.182 0. 0. 1. 0.
-0.112 0.994 0. 415.260 -0.994 -0.112 0. -92.703 0. 0. 1. 0.
-0.113 0.994 0. 415.022 -0.994 -0.113 0. -95.248 0. 0. 1. 0.
-0.113 0.994 0. 414.697 -0.994 -0.113 0. -97.818 0. 0. 1. 0.
-0.115 0.993 0. 414.454 -0.993 -0.115 0. -100.448 0. 0. 1. 0.
-0.118 0.993 0. 414.163 -0.993 -0.118 0. -103.071 0. 0. 1. 0.
-0.121 0.993 0. 413.877 -0.993 -0.121 0. -105.756 0. 0. 1. 0.
-0.126 0.992 0. 413.587 -0.992 -0.126 0. -108.451 0. 0. 1. 0.
-0.130 0.991 0. 413.185 -0.991 -0.130 0. -111.174 0. 0. 1. 0.
-0.134 0.991 0. 412.834 -0.991 -0.134 0. -113.955 0. 0. 1. 0.
-0.142 0.990 0. 412.499 -0.990 -0.142 0. -116.727 0. 0. 1. 0.
-0.147 0.989 0. 412.040 -0.989 -0.147 0. -119.550 0. 0. 1. 0.
-0.155 0.988 0. 411.599 -0.988 -0.155 0. -122.383 0. 0. 1. 0.
-0.168 0.986 0. 411.147 -0.986 -0.168 0. -125.248 0. 0. 1. 0.
-0.178 0.984 0. 410.696 -0.984 -0.178 0. -128.125 0. 0. 1. 0.
-0.190 0.982 0. 410.142 -0.982 -0.190 0. -131.023 0. 0. 1. 0.
-0.200 0.980 0. 409.633 -0.980 -0.200 0. -133.949 0. 0. 1. 0.
-0.212 0.977 0. 408.977 -0.977 -0.212 0. -136.878 0. 0. 1. 0.
-0.224 0.975 0. 408.408 -0.975 -0.224 0. -139.850 0. 0. 1. 0.
-0.240 0.971 0. 407.743 -0.971 -0.240 0. -142.847 0. 0. 1. 0.
-0.253 0.968 0. 406.980 -0.968 -0.253 0. -145.789 0. 0. 1. 0.
-0.268 0.963 0. 406.175 -0.963 -0.268 0. -148.765 0. 0. 1. 0.
-0.284 0.959 0. 405.375 -0.959 -0.284 0. -151.725 0. 0. 1. 0.
-0.305 0.952 0. 404.477 -0.952 -0.305 0. -154.701 0. 0. 1. 0.
-0.322 0.947 0. 403.440 -0.947 -0.322 0. -157.671 0. 0. 1. 0.
-0.338 0.941 0. 402.443 -0.941 -0.338 0. -160.658 0. 0. 1. 0.
-0.354 0.935 0. 401.401 -0.935 -0.354 0. -163.664 0. 0. 1. 0.
-0.369 0.929 0. 400.267 -0.929 -0.369 0. -166.636 0. 0. 1. 0.
-0.378 0.926 0. 399.111 -0.926 -0.378 0. -169.626 0. 0. 1. 0.
-0.389 0.921 0. 397.928 -0.921 -0.389 0. -172.615 0. 0. 1. 0.
-0.402 0.916 0. 396.669 -0.916 -0.402 0. -175.550 0. 0. 1. 0.
-0.415 0.910 0. 395.349 -0.910 -0.415 0. -178.535 0. 0. 1. 0.
-0.424 0.905 0. 394.078 -0.905 -0.424 0. -181.485 0. 0. 1. 0.
-0.436 0.900 0. 392.626 -0.900 -0.436 0. -184.420 0. 0. 1. 0.
-0.447 0.895 0. 391.223 -0.895 -0.447 0. -187.338 0. 0. 1. 0.
-0.459 0.889 0. 389.697 -0.889 -0.459 0. -190.270 0. 0. 1. 0.
-0.469 0.883 0. 388.305 -0.883 -0.469 0. -193.258 0. 0. 1. 0.
-0.483 0.876 0. 386.782 -0.876 -0.483 0. -196.190 0. 0. 1. 0.
-0.495 0.869 0. 385.083 -0.869 -0.495 0. -199.083 0. 0. 1. 0.
-0.502 0.865 0. 383.549 -0.865 -0.502 0. -201.986 0. 0. 1. 0.
-0.507 0.862 0. 381.907 -0.862 -0.507 0. -204.802 0. 0. 1. 0.
-0.507 0.862 0. 380.342 -0.862 -0.507 0. -207.647 0. 0. 1. 0.
-0.506 0.862 0. 378.709 -0.862 -0.506 0. -210.396 0. 0. 1. 0.
-0.503 0.864 0. 377.099 -0.864 -0.503 0. -213.232 0. 0. 1. 0.
-0.501 0.865 0. 375.492 -0.865 -0.501 0. -216.027 0. 0. 1. 0.
-0.502 0.865 0. 373.959 -0.865 -0.502 0. -218.812 0. 0. 1. 0.
-0.502 0.865 0. 372.359 -0.865 -0.502 0. -221.556 0. 0. 1. 0.
-0.502 0.865 0. 370.792 -0.865 -0.502 0. -224.272 0. 0. 1. 0.
-0.502 0.865 0. 369.268 -0.865 -0.502 0. -227.058 0. 0. 1. 0.
-0.503 0.864 0. 367.664 -0.864 -0.503 0. -229.753 0. 0. 1. 0.
-0.503 0.864 0. 366.197 -0.864 -0.503 0. -232.491 0. 0. 1. 0.
-0.505 0.863 0. 364.554 -0.863 -0.505 0. -235.132 0. 0. 1. 0.
-0.507 0.862 0. 363.007 -0.862 -0.507 0. -237.756 0. 0. 1. 0.
-0.508 0.861 0. 361.523 -0.861 -0.508 0. -240.476 0. 0. 1. 0.
-0.510 0.860 0. 359.990 -0.860 -0.510 0. -243.132 0. 0. 1. 0.
-0.511 0.859 0. 358.425 -0.859 -0.511 0. -245.737 0. 0. 1. 0.
-0.518 0.855 0. 356.868 -0.855 -0.518 0. -248.342 0. 0. 1. 0.
-0.519 0.855 0. 355.249 -0.855 -0.519 0. -250.913 0. 0. 1. 0.
-0.521 0.853 0. 353.788 -0.853 -0.521 0. -253.556 0. 0. 1. 0.
-0.526 0.851 0. 352.195 -0.851 -0.526 0. -256.092 0. 0. 1. 0.
-0.529 0.848 0. 350.648 -0.848 -0.529 0. -258.644 0. 0. 1. 0.
-0.535 0.845 0. 349.048 -0.845 -0.535 0. -261.178 0. 0. 1. 0.
-0.541 0.841 0. 347.467 -0.841 -0.541 0. -263.748 0. 0. 1. 0.
-0.547 0.837 0. 345.788 -0.837 -0.547 0. -266.229 0. 0. 1. 0.
-0.554 0.833 0. 344.216 -0.833 -0.554 0. -268.772 0. 0. 1. 0.
-0.558 0.830 0. 342.507 -0.830 -0.558 0. -271.225 0. 0. 1. 0.
-0.568 0.823 0. 340.912 -0.823 -0.568 0. -273.756 0. 0. 1. 0.
-0.576 0.818 0. 339.104 -0.818 -0.576 0. -276.142 0. 0. 1. 0.
-0.584 0.812 0. 337.434 -0.812 -0.584 0. -278.620 0. 0. 1. 0.
-0.592 0.806 0. 335.606 -0.806 -0.592 0. -281.001 0. 0. 1. 0.
-0.601 0.799 0. 333.881 -0.799 -0.601 0. -283.397 0. 0. 1. 0.
-0.610 0.793 0. 332.135 -0.793 -0.610 0. -285.874 0. 0. 1. 0.
-0.617 0.787 0. 330.360 -0.787 -0.617 0. -288.260 0. 0. 1. 0.
-0.624 0.781 0. 328.508 -0.781 -0.624 0. -290.605 0. 0. 1. 0.
-0.632 0.775 0. 326.600 -0.775 -0.632 0. -292.920 0. 0. 1. 0.
-0.638 0.770 0. 324.721 -0.770 -0.638 0. -295.266 0. 0. 1. 0.
-0.643 0.766 0. 322.859 -0.766 -0.643 0. -297.639 0. 0. 1. 0.
-0.646 0.763 0. 320.950 -0.763 -0.646 0. -299.951 0. 0. 1. 0.
-0.648 0.762 0. 319.057 -0.762 -0.648 0. -302.247 0. 0. 1. 0.
-0.649 0.761 0. 317.147 -0.761 -0.649 0. -304.568 0. 0. 1. 0.
-0.652 0.758 0. 315.200 -0.758 -0.652 0. -306.876 0. 0. 1. 0.
-0.654 0.756 0. 313.311 -0.756 -0.654 0. -309.193 0. 0. 1. 0.
-0.657 0.754 0. 311.318 -0.754 -0.657 0. -311.451 0. 0. 1. 0.
-0.660 0.751 0. 309.392 -0.751 -0.660 0. -313.751 0. 0. 1. 0.
-0.663 0.748 0. 307.416 -0.748 -0.663 0. -316.004 0. 0. 1. 0.
-0.663 0.749 0. 305.471 -0.749 -0.663 0. -318.273 0. 0. 1. 0.
-0.660 0.751 0. 303.505 -0.751 -0.660 0. -320.575 0. 0. 1. 0.
-0.655 0.756 0. 301.573 -0.756 -0.655 0. -322.906 0. 0. 1. 0.
-0.649 0.760 0. 299.577 -0.760 -0.649 0. -325.238 0. 0. 1. 0.
-0.643 0.766 0. 297.674 -0.766 -0.643 0. -327.587 0. 0. 1. 0.
-0.633 0.774 0. 295.696 -0.774 -0.633 0. -329.955 0. 0. 1. 0.
-0.622 0.783 0. 293.758 -0.783 -0.622 0. -332.364 0. 0. 1. 0.
-0.612 0.791 0. 291.938 -0.791 -0.612 0. -334.897 0. 0. 1. 0.
-0.602 0.799 0. 290.097 -0.799 -0.602 0. -337.415 0. 0. 1. 0.
-0.591 0.806 0. 288.313 -0.806 -0.591 0. -339.970 0. 0. 1. 0.
-0.579 0.815 0. 286.428 -0.815 -0.579 0. -342.492 0. 0. 1. 0.
-0.569 0.822 0. 284.551 -0.822 -0.569 0. -345.076 0. 0. 1. 0.
-0.559 0.829 0. 282.797 -0.829 -0.559 0. -347.680 0. 0. 1. 0.
-0.549 0.836 0. 281.067 -0.836 -0.549 0. -350.383 0. 0. 1. 0.
-0.539 0.843 0. 279.315 -0.843 -0.539 0. -353.073 0. 0. 1. 0.
-0.530 0.848 0. 277.569 -0.848 -0.530 0. -355.742 0. 0. 1. 0.
-0.526 0.851 0. 275.923 -0.851 -0.526 0. -358.518 0. 0. 1. 0.
-0.525 0.851 0. 274.297 -0.851 -0.525 0. -361.292 0. 0. 1. 0.
-0.526 0.851 0. 272.643 -0.851 -0.526 0. -364.081 0. 0. 1. 0.
-0.528 0.849 0. 270.949 -0.849 -0.528 0. -366.845 0. 0. 1. 0.
-0.528 0.849 0. 269.297 -0.849 -0.528 0. -369.628 0. 0. 1. 0.
-0.528 0.849 0. 267.455 -0.849 -0.528 0. -372.382 0. 0. 1. 0.
-0.522 0.853 0. 265.848 -0.853 -0.522 0. -375.238 0. 0. 1. 0.
-0.517 0.856 0. 264.174 -0.856 -0.517 0. -378.067 0. 0. 1. 0.
-0.513 0.858 0. 262.495 -0.858 -0.513 0. -380.927 0. 0. 1. 0.
-0.513 0.858 0. 260.794 -0.858 -0.513 0. -383.753 0. 0. 1. 0.
-0.507 0.862 0. 259.064 -0.862 -0.507 0. -386.617 0. 0. 1. 0.
-0.506 0.863 0. 257.409 -0.863 -0.506 0. -389.528 0. 0. 1. 0.
-0.505 0.863 0. 255.719 -0.863 -0.505 0. -392.377 0. 0. 1. 0.
-0.502 0.865 0. 254.057 -0.865 -0.502 0. -395.321 0. 0. 1. 0.
-0.501 0.865 0. 252.545 -0.865 -0.501 0. -398.300 0. 0. 1. 0.
-0.500 0.866 0. 250.885 -0.866 -0.500 0. -401.202 0. 0. 1. 0.
-0.501 0.865 0. 249.174 -0.865 -0.501 0. -403.978 0. 0. 1. 0.
-0.502 0.865 0. 247.548 -0.865 -0.502 0. -406.820 0. 0. 1. 0.
-0.500 0.866 0. 245.885 -0.866 -0.500 0. -409.621 0. 0. 1. 0.
-0.500 0.866 0. 244.220 -0.866 -0.500 0. -412.430 0. 0. 1. 0.
-0.500 0.866 0. 242.703 -0.866 -0.500 0. -415.316 0. 0. 1. 0.
-0.500 0.866 0. 241.115 -0.866 -0.500 0. -418.116 0. 0. 1. 0.
-0.501 0.865 0. 239.363 -0.865 -0.501 0. -420.900 0. 0. 1. 0.
-0.503 0.864 0. 237.823 -0.864 -0.503 0. -423.756 0. 0. 1. 0.
-0.504 0.864 0. 236.238 -0.864 -0.504 0. -426.588 0. 0. 1. 0.
-0.504 0.864 0. 234.662 -0.864 -0.504 0. -429.400 0. 0. 1. 0.
-0.505 0.863 0. 233.040 -0.863 -0.505 0. -432.164 0. 0. 1. 0.
-0.505 0.863 0. 231.422 -0.863 -0.505 0. -434.990 0. 0. 1. 0.
-0.504 0.863 0. 229.792 -0.863 -0.504 0. -437.799 0. 0. 1. 0.
-0.505 0.863 0. 228.184 -0.863 -0.505 0. -440.606 0. 0. 1. 0.
-0.502 0.865 0. 226.478 -0.865 -0.502 0. -443.394 0. 0. 1. 0.
-0.499 0.867 0. 224.902 -0.867 -0.499 0. -446.161 0. 0. 1. 0.
-0.499 0.866 0. 223.363 -0.866 -0.499 0. -449.030 0. 0. 1. 0.
-0.494 0.869 0. 221.817 -0.869 -0.494 0. -451.815 0. 0. 1. 0.
-0.491 0.871 0. 220.195 -0.871 -0.491 0. -454.587 0. 0. 1. 0.
-0.490 0.872 0. 218.777 -0.872 -0.490 0. -457.421 0. 0. 1. 0.
-0.487 0.873 0. 217.178 -0.873 -0.487 0. -460.119 0. 0. 1. 0.
-0.489 0.872 0. 215.701 -0.872 -0.489 0. -462.842 0. 0. 1. 0.
-0.488 0.873 0. 214.159 -0.873 -0.488 0. -465.567 0. 0. 1. 0.
-0.484 0.875 0. 212.689 -0.875 -0.484 0. -468.270 0. 0. 1. 0.
-0.482 0.876 0. 211.075 -0.876 -0.482 0. -470.896 0. 0. 1. 0.
-0.479 0.878 0. 209.701 -0.878 -0.479 0. -473.586 0. 0. 1. 0.
-0.479 0.878 0. 208.243 -0.878 -0.479 0. -476.254 0. 0. 1. 0.
-0.478 0.878 0. 206.797 -0.878 -0.478 0. -478.862 0. 0. 1. 0.
-0.477 0.879 0. 205.503 -0.879 -0.477 0. -481.467 0. 0. 1. 0.
-0.474 0.881 0. 204.030 -0.881 -0.474 0. -483.989 0. 0. 1. 0.
-0.473 0.881 0. 202.673 -0.881 -0.473 0. -486.416 0. 0. 1. 0.
-0.471 0.882 0. 201.307 -0.882 -0.471 0. -488.848 0. 0. 1. 0.
-0.471 0.882 0. 200.094 -0.882 -0.471 0. -491.356 0. 0. 1. 0.
-0.470 0.883 0. 198.828 -0.883 -0.470 0. -493.783 0. 0. 1. 0.
-0.471 0.882 0. 197.451 -0.882 -0.471 0. -496.130 0. 0. 1. 0.
-0.471 0.882 0. 196.281 -0.882 -0.471 0. -498.548 0. 0. 1. 0.
-0.472 0.881 0. 194.987 -0.881 -0.472 0. -500.862 0. 0. 1. 0.
-0.473 0.881 0. 193.736 -0.881 -0.473 0. -503.173 0. 0. 1. 0.
-0.476 0.879 0. 192.509 -0.879 -0.476 0. -505.420 0. 0. 1. 0.
-0.484 0.875 0. 191.288 -0.875 -0.484 0. -507.685 0. 0. 1. 0.
-0.490 0.872 0. 190.097 -0.872 -0.490 0. -509.897 0. 0. 1. 0.
-0.496 0.869 0. 188.808 -0.869 -0.496 0. -512.045 0. 0. 1. 0.
-0.502 0.865 0. 187.659 -0.865 -0.502 0. -514.110 0. 0. 1. 0.
-0.508 0.862 0. 186.474 -0.862 -0.508 0. -516.122 0. 0. 1. 0.
-0.514 0.858 0. 185.259 -0.858 -0.514 0. -518. 0. 0. 1. 0.
-0.524 0.852 0. 184.163 -0.852 -0.524 0. -519.828 0. 0. 1. 0.
-0.541 0.841 0. 183.003 -0.841 -0.541 0. -521.494 0. 0. 1. 0.
-0.567 0.824 0. 181.963 -0.824 -0.567 0. -523.108 0. 0. 1. 0.
-0.605 0.796 0. 180.817 -0.796 -0.605 0. -524.498 0. 0. 1. 0.
-0.648 0.762 0. 179.714 -0.762 -0.648 0. -525.842 0. 0. 1. 0.
-0.695 0.719 0. 178.454 -0.719 -0.695 0. -526.954 0. 0. 1. 0.
-0.744 0.668 0. 177.351 -0.668 -0.744 0. -527.952 0. 0. 1. 0.
-0.790 0.613 0. 176.196 -0.613 -0.790 0. -528.786 0. 0. 1. 0.
-0.833 0.554 0. 174.954 -0.554 -0.833 0. -529.483 0. 0. 1. 0.
-0.868 0.496 0. 173.902 -0.496 -0.868 0. -530.054 0. 0. 1. 0.
-0.903 0.431 0. 172.818 -0.431 -0.903 0. -530.562 0. 0. 1. 0.
-0.932 0.363 0. 171.718 -0.363 -0.932 0. -530.872 0. 0. 1. 0.
-0.958 0.286 0. 170.507 -0.286 -0.958 0. -531.168 0. 0. 1. 0.
-0.978 0.211 0. 169.558 -0.211 -0.978 0. -531.437 0. 0. 1. 0.
-0.991 0.131 0. 168.322 -0.131 -0.991 0. -531.429 0. 0. 1. 0.
-0.998 0.059 0. 167.139 -0.059 -0.998 0. -531.477 0. 0. 1. 0.
-1. 0.002 0. 165.964 -0.002 -1. 0. -531.464 0. 0. 1. 0.
-0.999 -0.036 0. 164.804 0.036 -0.999 0. -531.392 0. 0. 1. 0.
-0.999 -0.052 0. 163.484 0.052 -0.999 0. -531.344 0. 0. 1. 0.
-0.998 -0.068 0. 162.108 0.068 -0.998 0. -531.203 0. 0. 1. 0.
-0.997 -0.073 0. 160.857 0.073 -0.997 0. -531.071 0. 0. 1. 0.
-0.997 -0.075 0. 159.484 0.075 -0.997 0. -530.958 0. 0. 1. 0.
-0.997 -0.072 0. 158.123 0.072 -0.997 0. -530.858 0. 0. 1. 0.
-0.998 -0.070 0. 156.650 0.070 -0.998 0. -530.759 0. 0. 1. 0.
-0.998 -0.062 0. 155.208 0.062 -0.998 0. -530.717 0. 0. 1. 0.
-0.998 -0.061 0. 153.683 0.061 -0.998 0. -530.573 0. 0. 1. 0.
-0.998 -0.058 0. 152.157 0.058 -0.998 0. -530.518 0. 0. 1. 0.
-0.998 -0.057 0. 150.573 0.057 -0.998 0. -530.400 0. 0. 1. 0.
-0.998 -0.058 0. 148.974 0.058 -0.998 0. -530.271 0. 0. 1. 0.
-0.998 -0.062 0. 147.303 0.062 -0.998 0. -530.200 0. 0. 1. 0.
-0.998 -0.060 0. 145.620 0.060 -0.998 0. -530.055 0. 0. 1. 0.
-0.998 -0.062 0. 143.887 0.062 -0.998 0. -529.964 0. 0. 1. 0.
-0.998 -0.060 0. 142.098 0.060 -0.998 0. -529.828 0. 0. 1. 0.
-0.998 -0.060 0. 140.312 0.060 -0.998 0. -529.774 0. 0. 1. 0.
-0.998 -0.057 0. 138.481 0.057 -0.998 0. -529.672 0. 0. 1. 0.
-0.998 -0.057 0. 136.539 0.057 -0.998 0. -529.516 0. 0. 1. 0.
-0.999 -0.054 0. 134.664 0.054 -0.999 0. -529.420 0. 0. 1. 0.
-0.998 -0.056 0. 132.701 0.056 -0.998 0. -529.340 0. 0. 1. 0.
-0.998 -0.058 0. 130.714 0.058 -0.998 0. -529.238 0. 0. 1. 0.
-0.998 -0.058 0. 128.674 0.058 -0.998 0. -529.124 0. 0. 1. 0.
-0.998 -0.058 0. 126.598 0.058 -0.998 0. -529.033 0. 0. 1. 0.
-0.998 -0.057 0. 124.512 0.057 -0.998 0. -528.865 0. 0. 1. 0.
-0.999 -0.054 0. 122.397 0.054 -0.999 0. -528.899 0. 0. 1. 0.
-0.999 -0.054 0. 120.203 0.054 -0.999 0. -528.690 0. 0. 1. 0.
-0.999 -0.053 0. 118.028 0.053 -0.999 0. -528.703 0. 0. 1. 0.
-0.998 -0.055 0. 115.772 0.055 -0.998 0. -528.511 0. 0. 1. 0.
-0.998 -0.055 0. 113.550 0.055 -0.998 0. -528.407 0. 0. 1. 0.
-0.999 -0.055 0. 111.266 0.055 -0.999 0. -528.298 0. 0. 1. 0.
-0.999 -0.053 0. 108.946 0.053 -0.999 0. -528.157 0. 0. 1. 0.
-0.999 -0.051 0. 106.612 0.051 -0.999 0. -528.076 0. 0. 1. 0.
-0.999 -0.051 0. 104.223 0.051 -0.999 0. -527.914 0. 0. 1. 0.
-0.999 -0.051 0. 101.866 0.051 -0.999 0. -527.829 0. 0. 1. 0.
-0.999 -0.050 0. 99.462 0.050 -0.999 0. -527.740 0. 0. 1. 0.
-0.999 -0.052 0. 97.026 0.052 -0.999 0. -527.595 0. 0. 1. 0.
-0.999 -0.051 0. 94.614 0.051 -0.999 0. -527.520 0. 0. 1. 0.
-0.999 -0.052 0. 92.189 0.052 -0.999 0. -527.368 0. 0. 1. 0.
-0.999 -0.052 0. 89.700 0.052 -0.999 0. -527.269 0. 0. 1. 0.
-0.999 -0.053 0. 87.221 0.053 -0.999 0. -527.135 0. 0. 1. 0.
-0.999 -0.054 0. 84.814 0.054 -0.999 0. -527.014 0. 0. 1. 0.
-0.999 -0.054 0. 82.416 0.054 -0.999 0. -526.916 0. 0. 1. 0.
-0.998 -0.056 0. 79.996 0.056 -0.998 0. -526.792 0. 0. 1. 0.
-0.998 -0.058 0. 77.621 0.058 -0.998 0. -526.684 0. 0. 1. 0.
-0.998 -0.058 0. 75.255 0.058 -0.998 0. -526.558 0. 0. 1. 0.
-0.998 -0.058 0. 72.866 0.058 -0.998 0. -526.415 0. 0. 1. 0.
-0.998 -0.058 0. 70.559 0.058 -0.998 0. -526.260 0. 0. 1. 0.
-0.998 -0.058 0. 68.195 0.058 -0.998 0. -526.114 0. 0. 1. 0.
-0.998 -0.057 0. 65.916 0.057 -0.998 0. -526.053 0. 0. 1. 0.
-0.998 -0.059 0. 63.620 0.059 -0.998 0. -525.888 0. 0. 1. 0.
-0.998 -0.057 0. 61.353 0.057 -0.998 0. -525.774 0. 0. 1. 0.
-0.998 -0.056 0. 59.060 0.056 -0.998 0. -525.573 0. 0. 1. 0.
-0.998 -0.057 0. 56.873 0.057 -0.998 0. -525.463 0. 0. 1. 0.
-0.998 -0.056 0. 54.591 0.056 -0.998 0. -525.330 0. 0. 1. 0.
-0.999 -0.055 0. 52.423 0.055 -0.999 0. -525.207 0. 0. 1. 0.
-0.998 -0.057 0. 50.229 0.057 -0.998 0. -525.119 0. 0. 1. 0.
-0.998 -0.057 0. 48.090 0.057 -0.998 0. -524.955 0. 0. 1. 0.
-0.998 -0.059 0. 45.949 0.059 -0.998 0. -524.873 0. 0. 1. 0.
-0.998 -0.058 0. 43.851 0.058 -0.998 0. -524.778 0. 0. 1. 0.
-0.998 -0.059 0. 41.806 0.059 -0.998 0. -524.709 0. 0. 1. 0.
-0.998 -0.060 0. 39.804 0.060 -0.998 0. -524.608 0. 0. 1. 0.
-0.998 -0.059 0. 37.870 0.059 -0.998 0. -524.450 0. 0. 1. 0.
-0.998 -0.065 0. 35.965 0.065 -0.998 0. -524.338 0. 0. 1. 0.
-0.997 -0.073 0. 34.091 0.073 -0.997 0. -524.228 0. 0. 1. 0.
-0.996 -0.086 0. 32.283 0.086 -0.996 0. -524.050 0. 0. 1. 0.
-0.994 -0.109 0. 30.520 0.109 -0.994 0. -523.853 0. 0. 1. 0.
-0.990 -0.141 0. 28.896 0.141 -0.990 0. -523.619 0. 0. 1. 0.
-0.984 -0.180 0. 27.333 0.180 -0.984 0. -523.310 0. 0. 1. 0.
-0.973 -0.229 0. 25.815 0.229 -0.973 0. -522.930 0. 0. 1. 0.
-0.958 -0.287 0. 24.429 0.287 -0.958 0. -522.498 0. 0. 1. 0.
-0.937 -0.349 0. 23.110 0.349 -0.937 0. -521.965 0. 0. 1. 0.
-0.912 -0.411 0. 21.893 0.411 -0.912 0. -521.332 0. 0. 1. 0.
-0.881 -0.473 0. 20.748 0.473 -0.881 0. -520.615 0. 0. 1. 0.
-0.843 -0.538 0. 19.607 0.538 -0.843 0. -519.852 0. 0. 1. 0.
-0.799 -0.601 0. 18.618 0.601 -0.799 0. -519.060 0. 0. 1. 0.
-0.751 -0.660 0. 17.647 0.660 -0.751 0. -518.100 0. 0. 1. 0.
-0.700 -0.714 0. 16.745 0.714 -0.700 0. -517.193 0. 0. 1. 0.
-0.648 -0.762 0. 15.954 0.762 -0.648 0. -516.160 0. 0. 1. 0.
-0.592 -0.806 0. 15.245 0.806 -0.592 0. -515.074 0. 0. 1. 0.
-0.539 -0.842 0. 14.621 0.842 -0.539 0. -513.970 0. 0. 1. 0.
-0.486 -0.874 0. 14.005 0.874 -0.486 0. -512.772 0. 0. 1. 0.
-0.433 -0.902 0. 13.535 0.902 -0.433 0. -511.657 0. 0. 1. 0.
-0.376 -0.927 0. 13.111 0.927 -0.376 0. -510.442 0. 0. 1. 0.
-0.321 -0.947 0. 12.701 0.947 -0.321 0. -509.204 0. 0. 1. 0.
-0.270 -0.963 0. 12.403 0.963 -0.270 0. -507.942 0. 0. 1. 0.
-0.221 -0.975 0. 12.176 0.975 -0.221 0. -506.636 0. 0. 1. 0.
-0.180 -0.984 0. 11.917 0.984 -0.180 0. -505.323 0. 0. 1. 0.
-0.140 -0.990 0. 11.744 0.990 -0.140 0. -503.889 0. 0. 1. 0.
-0.112 -0.994 0. 11.614 0.994 -0.112 0. -502.460 0. 0. 1. 0.
-0.083 -0.997 0. 11.484 0.997 -0.083 0. -501.036 0. 0. 1. 0.
-0.056 -0.998 0. 11.414 0.998 -0.056 0. -499.528 0. 0. 1. 0.
-0.034 -0.999 0. 11.344 0.999 -0.034 0. -497.964 0. 0. 1. 0.
-0.014 -1.000 0. 11.353 1.000 -0.014 0. -496.405 0. 0. 1. 0.
0.001 -1. 0. 11.338 1. 0.001 0. -494.793 0. 0. 1. 0.
0.016 -1.000 0. 11.323 1.000 0.016 0. -493.106 0. 0. 1. 0.
0.030 -1.000 0. 11.320 1.000 0.030 0. -491.395 0. 0. 1. 0.
0.043 -0.999 0. 11.402 0.999 0.043 0. -489.673 0. 0. 1. 0.
0.050 -0.999 0. 11.454 0.999 0.050 0. -487.887 0. 0. 1. 0.
0.055 -0.998 0. 11.535 0.998 0.055 0. -486.077 0. 0. 1. 0.
0.060 -0.998 0. 11.622 0.998 0.060 0. -484.196 0. 0. 1. 0.
0.062 -0.998 0. 11.706 0.998 0.062 0. -482.275 0. 0. 1. 0.
0.064 -0.998 0. 11.918 0.998 0.064 0. -480.399 0. 0. 1. 0.
0.069 -0.998 0. 11.995 0.998 0.069 0. -478.428 0. 0. 1. 0.
0.073 -0.997 0. 12.049 0.997 0.073 0. -476.427 0. 0. 1. 0.
0.076 -0.997 0. 12.168 0.997 0.076 0. -474.389 0. 0. 1. 0.
0.078 -0.997 0. 12.379 0.997 0.078 0. -472.330 0. 0. 1. 0.
0.083 -0.997 0. 12.552 0.997 0.083 0. -470.215 0. 0. 1. 0.
0.086 -0.996 0. 12.760 0.996 0.086 0. -468.085 0. 0. 1. 0.
0.090 -0.996 0. 12.899 0.996 0.090 0. -465.940 0. 0. 1. 0.
0.093 -0.996 0. 13.105 0.996 0.093 0. -463.764 0. 0. 1. 0.
0.092 -0.996 0. 13.355 0.996 0.092 0. -461.526 0. 0. 1. 0.
0.091 -0.996 0. 13.559 0.996 0.091 0. -459.262 0. 0. 1. 0.
0.089 -0.996 0. 13.760 0.996 0.089 0. -456.985 0. 0. 1. 0.
0.089 -0.996 0. 13.939 0.996 0.089 0. -454.690 0. 0. 1. 0.
0.085 -0.996 0. 14.121 0.996 0.085 0. -452.375 0. 0. 1. 0.
0.081 -0.997 0. 14.260 0.997 0.081 0. -450.035 0. 0. 1. 0.
0.079 -0.997 0. 14.407 0.997 0.079 0. -447.635 0. 0. 1. 0.
0.078 -0.997 0. 14.511 0.997 0.078 0. -445.194 0. 0. 1. 0.
0.075 -0.997 0. 14.725 0.997 0.075 0. -442.818 0. 0. 1. 0.
0.073 -0.997 0. 14.859 0.997 0.073 0. -440.443 0. 0. 1. 0.
0.071 -0.997 0. 15.036 0.997 0.071 0. -438.104 0. 0. 1. 0.
0.069 -0.998 0. 15.217 0.998 0.069 0. -435.728 0. 0. 1. 0.
0.066 -0.998 0. 15.261 0.998 0.066 0. -433.409 0. 0. 1. 0.
0.068 -0.998 0. 15.494 0.998 0.068 0. -431.072 0. 0. 1. 0.
0.070 -0.998 0. 15.584 0.998 0.070 0. -428.819 0. 0. 1. 0.
0.072 -0.997 0. 15.805 0.997 0.072 0. -426.568 0. 0. 1. 0.
0.076 -0.997 0. 15.964 0.997 0.076 0. -424.308 0. 0. 1. 0.
0.078 -0.997 0. 16.063 0.997 0.078 0. -422.099 0. 0. 1. 0.
0.082 -0.997 0. 16.279 0.997 0.082 0. -419.900 0. 0. 1. 0.
0.087 -0.996 0. 16.444 0.996 0.087 0. -417.743 0. 0. 1. 0.
0.089 -0.996 0. 16.677 0.996 0.089 0. -415.553 0. 0. 1. 0.
0.092 -0.996 0. 16.854 0.996 0.092 0. -413.448 0. 0. 1. 0.
0.093 -0.996 0. 17.038 0.996 0.093 0. -411.328 0. 0. 1. 0.
0.091 -0.996 0. 17.208 0.996 0.091 0. -409.225 0. 0. 1. 0.
0.083 -0.997 0. 17.347 0.997 0.083 0. -407.129 0. 0. 1. 0.
0.078 -0.997 0. 17.513 0.997 0.078 0. -405.021 0. 0. 1. 0.
0.072 -0.997 0. 17.660 0.997 0.072 0. -402.933 0. 0. 1. 0.
0.063 -0.998 0. 17.766 0.998 0.063 0. -400.811 0. 0. 1. 0.
0.057 -0.998 0. 17.882 0.998 0.057 0. -398.675 0. 0. 1. 0.
0.056 -0.998 0. 17.966 0.998 0.056 0. -396.538 0. 0. 1. 0.
0.052 -0.999 0. 18.059 0.999 0.052 0. -394.370 0. 0. 1. 0.
0.052 -0.999 0. 18.153 0.999 0.052 0. -392.187 0. 0. 1. 0.
0.052 -0.999 0. 18.251 0.999 0.052 0. -390.001 0. 0. 1. 0.
0.053 -0.999 0. 18.337 0.999 0.053 0. -387.785 0. 0. 1. 0.
0.052 -0.999 0. 18.430 0.999 0.052 0. -385.576 0. 0. 1. 0.
0.052 -0.999 0. 18.601 0.999 0.052 0. -383.295 0. 0. 1. 0.
0.053 -0.999 0. 18.664 0.999 0.053 0. -381.065 0. 0. 1. 0.
0.052 -0.999 0. 18.808 0.999 0.052 0. -378.805 0. 0. 1. 0.
0.052 -0.999 0. 18.932 0.999 0.052 0. -376.525 0. 0. 1. 0.
0.054 -0.999 0. 19.058 0.999 0.054 0. -374.230 0. 0. 1. 0.
0.055 -0.998 0. 19.170 0.998 0.055 0. -371.926 0. 0. 1. 0.
0.060 -0.998 0. 19.280 0.998 0.060 0. -369.627 0. 0. 1. 0.
0.065 -0.998 0. 19.445 0.998 0.065 0. -367.331 0. 0. 1. 0.
0.069 -0.998 0. 19.523 0.998 0.069 0. -364.948 0. 0. 1. 0.
0.073 -0.997 0. 19.680 0.997 0.073 0. -362.608 0. 0. 1. 0.
0.076 -0.997 0. 19.869 0.997 0.076 0. -360.255 0. 0. 1. 0.
0.075 -0.997 0. 20.009 0.997 0.075 0. -357.878 0. 0. 1. 0.
0.074 -0.997 0. 20.200 0.997 0.074 0. -355.462 0. 0. 1. 0.
0.075 -0.997 0. 20.319 0.997 0.075 0. -353.061 0. 0. 1. 0.
0.076 -0.997 0. 20.456 0.997 0.076 0. -350.626 0. 0. 1. 0.
0.075 -0.997 0. 20.641 0.997 0.075 0. -348.236 0. 0. 1. 0.
0.075 -0.997 0. 20.779 0.997 0.075 0. -345.827 0. 0. 1. 0.
0.071 -0.997 0. 20.964 0.997 0.071 0. -343.399 0. 0. 1. 0.
0.070 -0.998 0. 21.079 0.998 0.070 0. -340.963 0. 0. 1. 0.
0.067 -0.998 0. 21.258 0.998 0.067 0. -338.484 0. 0. 1. 0.
0.064 -0.998 0. 21.453 0.998 0.064 0. -336.001 0. 0. 1. 0.
0.062 -0.998 0. 21.562 0.998 0.062 0. -333.532 0. 0. 1. 0.
0.060 -0.998 0. 21.772 0.998 0.060 0. -331.026 0. 0. 1. 0.
0.061 -0.998 0. 21.945 0.998 0.061 0. -328.496 0. 0. 1. 0.
0.063 -0.998 0. 22.079 0.998 0.063 0. -325.965 0. 0. 1. 0.
0.064 -0.998 0. 22.192 0.998 0.064 0. -323.442 0. 0. 1. 0.
0.063 -0.998 0. 22.364 0.998 0.063 0. -320.854 0. 0. 1. 0.
0.059 -0.998 0. 22.545 0.998 0.059 0. -318.277 0. 0. 1. 0.
0.058 -0.998 0. 22.694 0.998 0.058 0. -315.694 0. 0. 1. 0.
0.056 -0.998 0. 22.831 0.998 0.056 0. -313.027 0. 0. 1. 0.
0.056 -0.998 0. 22.951 0.998 0.056 0. -310.418 0. 0. 1. 0.
0.057 -0.998 0. 23.081 0.998 0.057 0. -307.724 0. 0. 1. 0.
0.059 -0.998 0. 23.219 0.998 0.059 0. -305.016 0. 0. 1. 0.
0.060 -0.998 0. 23.390 0.998 0.060 0. -302.353 0. 0. 1. 0.
0.060 -0.998 0. 23.567 0.998 0.060 0. -299.635 0. 0. 1. 0.
0.062 -0.998 0. 23.694 0.998 0.062 0. -296.918 0. 0. 1. 0.
0.061 -0.998 0. 23.823 0.998 0.061 0. -294.166 0. 0. 1. 0.
0.062 -0.998 0. 23.972 0.998 0.062 0. -291.408 0. 0. 1. 0.
0.061 -0.998 0. 24.157 0.998 0.061 0. -288.661 0. 0. 1. 0.
0.063 -0.998 0. 24.280 0.998 0.063 0. -285.879 0. 0. 1. 0.
0.062 -0.998 0. 24.510 0.998 0.062 0. -283.066 0. 0. 1. 0.
0.063 -0.998 0. 24.654 0.998 0.063 0. -280.268 0. 0. 1. 0.
0.062 -0.998 0. 24.825 0.998 0.062 0. -277.511 0. 0. 1. 0.
0.060 -0.998 0. 24.936 0.998 0.060 0. -274.715 0. 0. 1. 0.
0.059 -0.998 0. 25.043 0.998 0.059 0. -271.980 0. 0. 1. 0.
0.059 -0.998 0. 25.191 0.998 0.059 0. -269.220 0. 0. 1. 0.
0.057 -0.998 0. 25.351 0.998 0.057 0. -266.501 0. 0. 1. 0.
0.056 -0.998 0. 25.469 0.998 0.056 0. -263.730 0. 0. 1. 0.
0.056 -0.998 0. 25.639 0.998 0.056 0. -260.956 0. 0. 1. 0.
0.057 -0.998 0. 25.762 0.998 0.057 0. -258.146 0. 0. 1. 0.
0.058 -0.998 0. 25.926 0.998 0.058 0. -255.347 0. 0. 1. 0.
0.058 -0.998 0. 26.097 0.998 0.058 0. -252.598 0. 0. 1. 0.
0.060 -0.998 0. 26.226 0.998 0.060 0. -249.763 0. 0. 1. 0.
0.060 -0.998 0. 26.416 0.998 0.060 0. -246.856 0. 0. 1. 0.
0.060 -0.998 0. 26.573 0.998 0.060 0. -244.085 0. 0. 1. 0.
0.057 -0.998 0. 26.692 0.998 0.057 0. -241.227 0. 0. 1. 0.
0.055 -0.998 0. 26.834 0.998 0.055 0. -238.353 0. 0. 1. 0.
0.054 -0.999 0. 27. 0.999 0.054 0. -235.479 0. 0. 1. 0.
0.056 -0.998 0. 27.126 0.998 0.056 0. -232.613 0. 0. 1. 0.
0.057 -0.998 0. 27.264 0.998 0.057 0. -229.710 0. 0. 1. 0.
0.058 -0.998 0. 27.455 0.998 0.058 0. -226.826 0. 0. 1. 0.
0.058 -0.998 0. 27.575 0.998 0.058 0. -223.910 0. 0. 1. 0.
0.060 -0.998 0. 27.686 0.998 0.060 0. -221.015 0. 0. 1. 0.
0.059 -0.998 0. 27.984 0.998 0.059 0. -218.152 0. 0. 1. 0.
0.060 -0.998 0. 28.074 0.998 0.060 0. -215.275 0. 0. 1. 0.
0.059 -0.998 0. 28.265 0.998 0.059 0. -212.427 0. 0. 1. 0.
0.059 -0.998 0. 28.398 0.998 0.059 0. -209.616 0. 0. 1. 0.
0.059 -0.998 0. 28.569 0.998 0.059 0. -206.794 0. 0. 1. 0.
0.059 -0.998 0. 28.679 0.998 0.059 0. -203.988 0. 0. 1. 0.
0.060 -0.998 0. 28.892 0.998 0.060 0. -201.178 0. 0. 1. 0.
0.062 -0.998 0. 28.986 0.998 0.062 0. -198.372 0. 0. 1. 0.
0.063 -0.998 0. 29.131 0.998 0.063 0. -195.535 0. 0. 1. 0.
0.065 -0.998 0. 29.321 0.998 0.065 0. -192.716 0. 0. 1. 0.
0.065 -0.998 0. 29.472 0.998 0.065 0. -189.886 0. 0. 1. 0.
0.063 -0.998 0. 29.631 0.998 0.063 0. -187.018 0. 0. 1. 0.
0.063 -0.998 0. 29.793 0.998 0.063 0. -184.170 0. 0. 1. 0.
0.063 -0.998 0. 29.982 0.998 0.063 0. -181.273 0. 0. 1. 0.
0.063 -0.998 0. 30.142 0.998 0.063 0. -178.358 0. 0. 1. 0.
0.062 -0.998 0. 30.278 0.998 0.062 0. -175.475 0. 0. 1. 0.
0.062 -0.998 0. 30.458 0.998 0.062 0. -172.602 0. 0. 1. 0.
0.059 -0.998 0. 30.624 0.998 0.059 0. -169.691 0. 0. 1. 0.
0.058 -0.998 0. 30.689 0.998 0.058 0. -166.772 0. 0. 1. 0.
0.055 -0.999 0. 30.845 0.999 0.055 0. -163.864 0. 0. 1. 0.
0.053 -0.999 0. 31.003 0.999 0.053 0. -160.910 0. 0. 1. 0.
0.053 -0.999 0. 31.202 0.999 0.053 0. -157.986 0. 0. 1. 0.
0.051 -0.999 0. 31.341 0.999 0.051 0. -155.039 0. 0. 1. 0.
0.053 -0.999 0. 31.406 0.999 0.053 0. -152.082 0. 0. 1. 0.
0.051 -0.999 0. 31.509 0.999 0.051 0. -149.088 0. 0. 1. 0.
0.052 -0.999 0. 31.618 0.999 0.052 0. -146.133 0. 0. 1. 0.
0.052 -0.999 0. 31.767 0.999 0.052 0. -143.190 0. 0. 1. 0.
0.054 -0.999 0. 31.939 0.999 0.054 0. -140.188 0. 0. 1. 0.
0.054 -0.999 0. 32.062 0.999 0.054 0. -137.186 0. 0. 1. 0.
0.056 -0.998 0. 32.245 0.998 0.056 0. -134.207 0. 0. 1. 0.
0.055 -0.998 0. 32.407 0.998 0.055 0. -131.190 0. 0. 1. 0.
0.055 -0.998 0. 32.563 0.998 0.055 0. -128.188 0. 0. 1. 0.
0.057 -0.998 0. 32.715 0.998 0.057 0. -125.198 0. 0. 1. 0.
