1617900271271733 1.00000 0.00000 0.00000 -0.00000 0.00000 -1.00000 0.00000 0.00000 0.00000 -0.00000 -1.00000 0.00000
1617900271521735 0.99999 -0.00325 0.00000 0.00615 -0.00325 -0.99999 0.00000 -0.01527 -0.00000 -0.00000 -1.00000 -0.00000
1617900271771119 0.99999 0.00429 0.00000 0.00465 0.00429 -0.99999 0.00000 -0.01430 0.00000 -0.00000 -1.00000 -0.00000
1617900272021126 1.00000 -0.00000 -0.00000 -0.01171 -0.00000 -1.00000 0.00000 0.00870 -0.00000 -0.00000 -1.00000 0.00000
1617900272270509 1.00000 0.00261 0.00000 0.03633 0.00261 -1.00000 0.00000 -0.04103 0.00000 -0.00000 -1.00000 -0.00000
1617900272520503 1.00000 0.00213 -0.00000 0.00719 0.00213 -1.00000 0.00000 -0.01077 0.00000 -0.00000 -1.00000 -0.00000
1617900272770509 1.00000 0.00254 0.00000 0.00240 0.00254 -1.00000 0.00000 -0.02962 0.00000 -0.00000 -1.00000 -0.00000
1617900273021140 0.99999 -0.00524 -0.00000 0.02850 -0.00524 -0.99999 0.00000 0.00204 -0.00000 -0.00000 -1.00000 0.00000
1617900273271142 1.00000 -0.00315 0.00000 0.00894 -0.00315 -1.00000 0.00000 -0.00124 -0.00000 -0.00000 -1.00000 -0.00000
1617900273521770 1.00000 -0.00096 0.00000 -0.02971 -0.00096 -1.00000 0.00000 0.01974 -0.00000 -0.00000 -1.00000 0.00000
1617900273772402 0.99999 -0.00501 0.00000 0.01003 -0.00501 -0.99999 0.00000 -0.00767 -0.00000 -0.00000 -1.00000 -0.00000
1617900274021787 1.00000 -0.00154 -0.00000 0.00542 -0.00154 -1.00000 0.00000 0.00591 -0.00000 -0.00000 -1.00000 0.00000
1617900274271158 1.00000 0.00052 -0.00000 0.00373 0.00052 -1.00000 0.00000 -0.00813 0.00000 -0.00000 -1.00000 -0.00000
1617900274521167 0.99999 -0.00347 0.00000 0.00136 -0.00347 -0.99999 0.00000 0.00257 -0.00000 -0.00000 -1.00000 0.00000
1617900274770540 1.00000 0.00189 0.00000 0.04268 0.00189 -1.00000 0.00000 -0.03456 0.00000 -0.00000 -1.00000 -0.00000
1617900275020556 1.00000 0.00223 0.00000 0.00054 0.00223 -1.00000 0.00000 0.00490 0.00000 -0.00000 -1.00000 0.00000
1617900275270555 1.00000 0.00186 -0.00000 0.00398 0.00186 -1.00000 0.00000 -0.01710 0.00000 -0.00000 -1.00000 -0.00000
1617900275520562 1.00000 0.00116 0.00000 0.01710 0.00116 -1.00000 0.00000 -0.02833 0.00000 -0.00000 -1.00000 -0.00000
1617900275771188 1.00000 -0.00187 0.00000 0.03399 -0.00187 -1.00000 0.00000 0.01002 -0.00000 -0.00000 -1.00000 0.00000
1617900276021817 1.00000 -0.00064 0.00000 -0.00156 -0.00064 -1.00000 0.00000 0.01618 -0.00000 -0.00000 -1.00000 0.00000
1617900276272454 1.00000 -0.00057 -0.00000 -0.03504 -0.00057 -1.00000 0.00000 0.01643 -0.00000 -0.00000 -1.00000 0.00000
1617900276521823 1.00000 -0.00147 0.00000 0.02920 -0.00147 -1.00000 0.00000 -0.04654 -0.00000 -0.00000 -1.00000 -0.00000
1617900276771830 1.00000 0.00095 0.00000 0.00074 0.00095 -1.00000 0.00000 0.00777 0.00000 -0.00000 -1.00000 0.00000
1617900277021833 1.00000 -0.00250 0.00000 0.00103 -0.00250 -1.00000 0.00000 -0.00233 -0.00000 -0.00000 -1.00000 -0.00000
1617900277271842 0.99998 -0.00707 0.00000 0.02503 -0.00707 -0.99998 0.00000 -0.01099 -0.00000 -0.00000 -1.00000 -0.00000
1617900277521217 1.00000 0.00314 -0.00000 0.01936 0.00314 -1.00000 0.00000 -0.00274 0.00000 -0.00000 -1.00000 -0.00000
1617900277771219 0.99999 0.00340 -0.00000 -0.02223 0.00340 -0.99999 0.00000 0.00943 0.00000 -0.00000 -1.00000 0.00000
1617900278020603 1.00000 0.00035 0.00000 0.04405 0.00035 -1.00000 0.00000 -0.02532 0.00000 -0.00000 -1.00000 -0.00000
1617900278270606 0.99999 -0.00462 0.00000 0.01126 -0.00462 -0.99999 0.00000 0.01288 -0.00000 -0.00000 -1.00000 0.00000
1617900278520607 0.99998 -0.00552 0.00000 0.03780 -0.00552 -0.99998 0.00000 -0.00272 -0.00000 -0.00000 -1.00000 -0.00000
1617900278770610 1.00000 -0.00128 0.00000 -0.00791 -0.00128 -1.00000 0.00000 0.00618 -0.00000 -0.00000 -1.00000 0.00000
1617900279020626 1.00000 0.00051 0.00000 -0.05933 0.00051 -1.00000 0.00000 -0.00529 0.00000 -0.00000 -1.00000 -0.00000
1617900279271872 1.00000 -0.00208 0.00000 -0.07558 -0.00208 -1.00000 0.00000 0.01489 -0.00000 -0.00000 -1.00000 0.00000
1617900279521872 1.00000 -0.00304 -0.00000 -0.14329 -0.00304 -1.00000 0.00000 -0.02760 -0.00000 -0.00000 -1.00000 -0.00000
1617900279771253 0.99995 -0.01006 0.00000 -0.19098 -0.01006 -0.99995 0.00000 -0.08173 -0.00000 -0.00000 -1.00000 -0.00000
1617900280021258 0.99981 -0.01962 0.00000 -0.37346 -0.01962 -0.99981 0.00000 -0.02089 -0.00000 -0.00000 -1.00000 -0.00000
1617900280271270 0.99937 -0.03561 -0.00000 -0.63697 -0.03561 -0.99937 0.00000 -0.00440 -0.00000 -0.00000 -1.00000 -0.00000
1617900280520636 0.99831 -0.05807 0.00000 -1.01242 -0.05807 -0.99831 0.00000 -0.03991 -0.00000 -0.00000 -1.00000 -0.00000
1617900280770019 0.99692 -0.07836 0.00000 -1.32448 -0.07836 -0.99692 0.00000 -0.12281 -0.00000 -0.00000 -1.00000 -0.00000
1617900281020030 0.99507 -0.09916 0.00000 -1.78373 -0.09916 -0.99507 0.00000 -0.05007 -0.00000 -0.00000 -1.00000 -0.00000
1617900281270658 0.99227 -0.12413 0.00000 -2.32124 -0.12413 -0.99227 0.00000 -0.05689 -0.00000 -0.00000 -1.00000 -0.00000
1617900281520659 0.99181 -0.12770 -0.00000 -2.97408 -0.12770 -0.99181 0.00000 -0.03501 -0.00000 -0.00000 -1.00000 -0.00000
1617900281771291 0.99118 -0.13251 0.00000 -3.76141 -0.13251 -0.99118 0.00000 -0.04036 -0.00000 -0.00000 -1.00000 -0.00000
1617900282021918 0.98922 -0.14644 0.00000 -4.58349 -0.14644 -0.98922 0.00000 0.05309 -0.00000 -0.00000 -1.00000 0.00000
1617900282271919 0.98955 -0.14421 -0.00000 -5.40000 -0.14421 -0.98955 0.00000 -0.08452 -0.00000 -0.00000 -1.00000 -0.00000
1617900282521919 0.98982 -0.14232 0.00000 -6.37897 -0.14232 -0.98982 0.00000 0.02811 -0.00000 -0.00000 -1.00000 0.00000
1617900282771303 0.99084 -0.13501 0.00000 -7.31016 -0.13501 -0.99084 0.00000 -0.18102 -0.00000 -0.00000 -1.00000 -0.00000
1617900283021353 0.99110 -0.13314 -0.00000 -8.37874 -0.13314 -0.99110 0.00000 -0.15157 -0.00000 -0.00000 -1.00000 -0.00000
1617900283271316 0.99167 -0.12882 0.00000 -9.44162 -0.12882 -0.99167 0.00000 -0.11915 -0.00000 -0.00000 -1.00000 -0.00000
1617900283520688 0.99068 -0.13621 0.00000 -10.55622 -0.13621 -0.99068 0.00000 -0.09653 -0.00000 -0.00000 -1.00000 -0.00000
1617900283770695 0.98913 -0.14703 0.00000 -11.75040 -0.14703 -0.98913 0.00000 0.00569 -0.00000 -0.00000 -1.00000 0.00000
1617900284020704 0.98753 -0.15744 -0.00000 -12.99182 -0.15744 -0.98753 0.00000 0.09654 -0.00000 -0.00000 -1.00000 0.00000
1617900284270704 0.98774 -0.15613 0.00000 -14.26664 -0.15613 -0.98774 0.00000 -0.03016 -0.00000 -0.00000 -1.00000 -0.00000
1617900284521330 0.98806 -0.15407 0.00000 -15.60089 -0.15407 -0.98806 0.00000 0.09647 -0.00000 -0.00000 -1.00000 0.00000
1617900284771962 0.98863 -0.15037 0.00000 -17.00300 -0.15037 -0.98863 0.00000 -0.01074 -0.00000 -0.00000 -1.00000 -0.00000
1617900285022592 0.98994 -0.14152 0.00000 -18.40600 -0.14152 -0.98994 0.00000 -0.17783 -0.00000 -0.00000 -1.00000 -0.00000
1617900285271970 0.99250 -0.12222 0.00000 -19.93951 -0.12222 -0.99250 0.00000 -0.60874 -0.00000 -0.00000 -1.00000 -0.00000
1617900285521976 0.99416 -0.10787 0.00000 -21.39862 -0.10787 -0.99416 0.00000 -0.92321 -0.00000 -0.00000 -1.00000 -0.00000
1617900285771977 0.99595 -0.08990 -0.00000 -22.90784 -0.08990 -0.99595 0.00000 -1.36814 -0.00000 -0.00000 -1.00000 -0.00000
1617900286021991 0.99728 -0.07368 0.00000 -24.37338 -0.07368 -0.99728 0.00000 -1.73958 -0.00000 -0.00000 -1.00000 -0.00000
1617900286271363 0.99875 -0.04990 0.00000 -25.88570 -0.04990 -0.99875 0.00000 -2.28438 -0.00000 -0.00000 -1.00000 -0.00000
1617900286520742 0.99965 -0.02654 0.00000 -27.37291 -0.02654 -0.99965 0.00000 -2.98291 -0.00000 -0.00000 -1.00000 -0.00000
1617900286770742 0.99992 -0.01263 0.00000 -28.85610 -0.01263 -0.99992 0.00000 -3.34650 -0.00000 -0.00000 -1.00000 -0.00000
1617900287020746 0.99999 -0.00458 0.00000 -30.30779 -0.00458 -0.99999 0.00000 -3.63949 -0.00000 -0.00000 -1.00000 -0.00000
1617900287270760 1.00000 -0.00299 0.00000 -31.86456 -0.00299 -1.00000 0.00000 -3.71984 -0.00000 -0.00000 -1.00000 -0.00000
1617900287521384 1.00000 -0.00134 0.00000 -33.30408 -0.00134 -1.00000 0.00000 -3.86002 -0.00000 -0.00000 -1.00000 -0.00000
1617900287772635 0.99991 -0.01346 0.00000 -35.07569 -0.01346 -0.99991 0.00000 -3.50780 -0.00000 -0.00000 -1.00000 -0.00000
1617900288022643 0.99982 -0.01884 0.00000 -36.76132 -0.01884 -0.99982 0.00000 -3.28491 -0.00000 -0.00000 -1.00000 -0.00000
1617900288272655 0.99970 -0.02430 0.00000 -38.36559 -0.02430 -0.99970 0.00000 -3.04408 -0.00000 -0.00000 -1.00000 -0.00000
1617900288522027 0.99987 -0.01603 0.00000 -40.13435 -0.01603 -0.99987 0.00000 -3.51770 -0.00000 -0.00000 -1.00000 -0.00000
1617900288772027 0.99992 -0.01272 0.00000 -41.88583 -0.01272 -0.99992 0.00000 -3.68196 -0.00000 -0.00000 -1.00000 -0.00000
1617900289022034 0.99997 -0.00757 -0.00000 -43.46763 -0.00757 -0.99997 0.00000 -3.90662 -0.00000 -0.00000 -1.00000 -0.00000
1617900289272042 0.99992 -0.01246 0.00000 -45.27435 -0.01246 -0.99992 0.00000 -3.63868 -0.00000 -0.00000 -1.00000 -0.00000
1617900289521419 0.99981 -0.01929 0.00000 -47.06091 -0.01929 -0.99981 0.00000 -3.39775 -0.00000 -0.00000 -1.00000 -0.00000
1617900289771424 0.99961 -0.02799 0.00000 -48.81941 -0.02799 -0.99961 0.00000 -2.96573 -0.00000 -0.00000 -1.00000 -0.00000
1617900290020802 0.99956 -0.02973 0.00000 -50.58354 -0.02973 -0.99956 0.00000 -3.01460 -0.00000 -0.00000 -1.00000 -0.00000
1617900290270802 0.99938 -0.03521 0.00000 -52.43964 -0.03521 -0.99938 0.00000 -2.59835 -0.00000 -0.00000 -1.00000 -0.00000
1617900290520807 0.99915 -0.04127 0.00000 -54.21145 -0.04127 -0.99915 0.00000 -2.32761 -0.00000 -0.00000 -1.00000 -0.00000
1617900290770814 0.99930 -0.03743 0.00000 -56.00801 -0.03743 -0.99930 0.00000 -2.54741 -0.00000 -0.00000 -1.00000 -0.00000
1617900291020826 0.99976 -0.02174 0.00000 -57.79620 -0.02174 -0.99976 0.00000 -3.55527 -0.00000 -0.00000 -1.00000 -0.00000
1617900291272075 0.99987 -0.01625 -0.00000 -59.64584 -0.01625 -0.99987 0.00000 -3.76908 -0.00000 -0.00000 -1.00000 -0.00000
1617900291522699 1.00000 -0.00266 -0.00000 -61.50597 -0.00266 -1.00000 0.00000 -4.74982 -0.00000 -0.00000 -1.00000 -0.00000
1617900291772702 0.99995 0.00966 0.00000 -63.35734 0.00966 -0.99995 0.00000 -5.53952 0.00000 -0.00000 -1.00000 -0.00000
1617900292022088 0.99982 0.01889 -0.00000 -65.21370 0.01889 -0.99982 0.00000 -6.13270 0.00000 -0.00000 -1.00000 -0.00000
1617900292272087 0.99915 0.04110 0.00000 -67.04403 0.04110 -0.99915 0.00000 -7.60046 0.00000 -0.00000 -1.00000 -0.00000
1617900292522094 0.99883 0.04828 0.00000 -69.00632 0.04828 -0.99883 0.00000 -8.03891 0.00000 -0.00000 -1.00000 -0.00000
1617900292771470 0.99840 0.05654 0.00000 -70.96252 0.05654 -0.99840 0.00000 -8.68734 0.00000 -0.00000 -1.00000 -0.00000
1617900293021475 0.99848 0.05514 0.00000 -73.03123 0.05514 -0.99848 0.00000 -8.54472 0.00000 -0.00000 -1.00000 -0.00000
1617900293270859 0.99853 0.05418 0.00000 -75.06020 0.05418 -0.99853 0.00000 -8.49436 0.00000 -0.00000 -1.00000 -0.00000
1617900293520241 0.99866 0.05183 -0.00000 -77.14663 0.05183 -0.99866 0.00000 -8.42372 0.00000 -0.00000 -1.00000 -0.00000
1617900293770865 0.99922 0.03943 0.00000 -79.24671 0.03943 -0.99922 0.00000 -7.43530 0.00000 -0.00000 -1.00000 -0.00000
1617900294020869 0.99972 0.02355 -0.00000 -81.36364 0.02355 -0.99972 0.00000 -6.22620 0.00000 -0.00000 -1.00000 -0.00000
1617900294271498 0.99999 0.00419 -0.00000 -83.52956 0.00419 -0.99999 0.00000 -4.61946 0.00000 -0.00000 -1.00000 -0.00000
1617900294522128 0.99974 -0.02269 0.00000 -85.63141 -0.02269 -0.99974 0.00000 -2.45341 -0.00000 -0.00000 -1.00000 -0.00000
1617900294772758 0.99827 -0.05886 0.00000 -87.72768 -0.05886 -0.99827 0.00000 0.67425 -0.00000 -0.00000 -1.00000 0.00000
1617900295022761 0.99411 -0.10838 -0.00000 -89.49005 -0.10838 -0.99411 0.00000 4.99066 -0.00000 -0.00000 -1.00000 0.00000
1617900295272769 0.98627 -0.16513 -0.00000 -91.05190 -0.16513 -0.98627 0.00000 10.17280 -0.00000 -0.00000 -1.00000 0.00000
1617900295522768 0.97514 -0.22161 0.00000 -92.33694 -0.22161 -0.97514 0.00000 15.36321 -0.00000 -0.00000 -1.00000 0.00000
1617900295772146 0.96208 -0.27276 0.00000 -93.28729 -0.27276 -0.96208 0.00000 20.22294 -0.00000 -0.00000 -1.00000 0.00000
1617900296021526 0.94655 -0.32255 0.00000 -94.03026 -0.32255 -0.94655 0.00000 25.00061 -0.00000 -0.00000 -1.00000 0.00000
1617900296271533 0.92492 -0.38017 0.00000 -94.37137 -0.38017 -0.92492 0.00000 30.74356 -0.00000 -0.00000 -1.00000 0.00000
1617900296520905 0.89965 -0.43660 0.00000 -94.18428 -0.43660 -0.89965 0.00000 36.38754 -0.00000 -0.00000 -1.00000 0.00000
1617900296770911 0.86881 -0.49515 -0.00000 -93.52961 -0.49515 -0.86881 0.00000 42.58958 -0.00000 -0.00000 -1.00000 0.00000
1617900297020922 0.83635 -0.54819 0.00000 -92.68091 -0.54819 -0.83635 0.00000 48.31632 -0.00000 -0.00000 -1.00000 0.00000
1617900297270927 0.79798 -0.60268 0.00000 -91.20535 -0.60268 -0.79798 0.00000 54.43706 -0.00000 -0.00000 -1.00000 0.00000
1617900297521548 0.75704 -0.65337 0.00000 -89.48875 -0.65337 -0.75704 0.00000 60.30185 -0.00000 -0.00000 -1.00000 0.00000
1617900297771554 0.70784 -0.70638 -0.00000 -86.85358 -0.70638 -0.70784 0.00000 66.48327 -0.00000 -0.00000 -1.00000 0.00000
1617900298022186 0.64835 -0.76134 -0.00000 -83.08125 -0.76134 -0.64835 0.00000 73.27241 -0.00000 -0.00000 -1.00000 0.00000
1617900298272191 0.58604 -0.81028 0.00000 -78.98751 -0.81028 -0.58604 0.00000 79.46953 -0.00000 -0.00000 -1.00000 0.00000
1617900298522193 0.53407 -0.84544 0.00000 -75.73994 -0.84544 -0.53407 0.00000 84.44452 -0.00000 -0.00000 -1.00000 0.00000
1617900298770945 0.48376 -0.87520 -0.00000 -72.61855 -0.87520 -0.48376 0.00000 88.53222 -0.00000 -0.00000 -1.00000 0.00000
1617900299020961 0.43811 -0.89892 0.00000 -70.05348 -0.89892 -0.43811 0.00000 92.25465 -0.00000 -0.00000 -1.00000 0.00000
1617900299270335 0.40487 -0.91437 0.00000 -68.71195 -0.91437 -0.40487 0.00000 94.63398 -0.00000 -0.00000 -1.00000 0.00000
1617900299520337 0.37707 -0.92618 0.00000 -67.95320 -0.92618 -0.37707 0.00000 96.64388 -0.00000 -0.00000 -1.00000 0.00000
1617900299770339 0.35091 -0.93641 -0.00000 -67.32850 -0.93641 -0.35091 0.00000 98.48324 -0.00000 -0.00000 -1.00000 0.00000
1617900300020340 0.34635 -0.93811 0.00000 -69.01139 -0.93811 -0.34635 0.00000 98.78422 -0.00000 -0.00000 -1.00000 0.00000
1617900300270982 0.34525 -0.93851 0.00000 -71.18317 -0.93851 -0.34525 0.00000 98.84417 -0.00000 -0.00000 -1.00000 0.00000
1617900300521600 0.35312 -0.93558 0.00000 -74.13871 -0.93558 -0.35312 0.00000 98.13718 -0.00000 -0.00000 -1.00000 0.00000
1617900300772229 0.35938 -0.93319 0.00000 -77.09545 -0.93319 -0.35938 0.00000 97.72924 -0.00000 -0.00000 -1.00000 0.00000
1617900301021609 0.37083 -0.92870 0.00000 -80.43349 -0.92870 -0.37083 0.00000 96.38002 -0.00000 -0.00000 -1.00000 0.00000
1617900301271620 0.38742 -0.92190 0.00000 -84.41204 -0.92190 -0.38742 0.00000 95.00019 -0.00000 -0.00000 -1.00000 0.00000
1617900301521615 0.39728 -0.91770 -0.00000 -87.75925 -0.91770 -0.39728 0.00000 94.04830 -0.00000 -0.00000 -1.00000 0.00000
1617900301770993 0.42482 -0.90528 0.00000 -92.71898 -0.90528 -0.42482 0.00000 91.34457 -0.00000 -0.00000 -1.00000 0.00000
1617900302020997 0.43902 -0.89848 0.00000 -96.34812 -0.89848 -0.43902 0.00000 89.86394 -0.00000 -0.00000 -1.00000 0.00000
1617900302271007 0.45787 -0.88902 0.00000 -100.36640 -0.88902 -0.45787 0.00000 87.72337 -0.00000 -0.00000 -1.00000 0.00000
1617900302521008 0.47325 -0.88093 0.00000 -104.08406 -0.88093 -0.47325 0.00000 85.84700 -0.00000 -0.00000 -1.00000 0.00000
1617900302772263 0.48038 -0.87706 0.00000 -106.95612 -0.87706 -0.48038 0.00000 85.01708 -0.00000 -0.00000 -1.00000 0.00000
1617900303022891 0.49665 -0.86795 0.00000 -110.49965 -0.86795 -0.49665 0.00000 82.95395 -0.00000 -0.00000 -1.00000 0.00000
1617900303272893 0.51096 -0.85960 0.00000 -114.05114 -0.85960 -0.51096 0.00000 81.12655 -0.00000 -0.00000 -1.00000 0.00000
1617900303522902 0.52448 -0.85142 0.00000 -117.31575 -0.85142 -0.52448 0.00000 79.20892 -0.00000 -0.00000 -1.00000 0.00000
1617900303772906 0.52586 -0.85057 0.00000 -119.54778 -0.85057 -0.52586 0.00000 78.95799 -0.00000 -0.00000 -1.00000 0.00000
1617900304022908 0.52900 -0.84862 0.00000 -121.94991 -0.84862 -0.52900 0.00000 78.54828 -0.00000 -0.00000 -1.00000 0.00000
1617900304272298 0.53246 -0.84645 -0.00000 -124.15409 -0.84645 -0.53246 0.00000 78.02338 -0.00000 -0.00000 -1.00000 0.00000
1617900304522293 0.52719 -0.84975 0.00000 -125.66636 -0.84975 -0.52719 0.00000 78.78113 -0.00000 -0.00000 -1.00000 0.00000
1617900304772294 0.53097 -0.84739 0.00000 -127.93989 -0.84739 -0.53097 0.00000 78.22454 -0.00000 -0.00000 -1.00000 0.00000
1617900305021689 0.54452 -0.83875 0.00000 -130.84141 -0.83875 -0.54452 0.00000 76.01796 -0.00000 -0.00000 -1.00000 0.00000
1617900305271682 0.56866 -0.82258 0.00000 -134.99906 -0.82258 -0.56866 0.00000 72.27678 -0.00000 -0.00000 -1.00000 0.00000
1617900305521687 0.60172 -0.79871 0.00000 -139.58871 -0.79871 -0.60172 0.00000 66.76033 -0.00000 -0.00000 -1.00000 0.00000
1617900305771060 0.65555 -0.75515 0.00000 -145.49716 -0.75515 -0.65555 0.00000 56.83516 -0.00000 -0.00000 -1.00000 0.00000
1617900306021065 0.71384 -0.70031 0.00000 -151.31138 -0.70031 -0.71384 0.00000 44.88311 -0.00000 -0.00000 -1.00000 0.00000
1617900306271075 0.77769 -0.62865 0.00000 -156.43206 -0.62865 -0.77769 0.00000 30.15232 -0.00000 -0.00000 -1.00000 0.00000
1617900306521704 0.84143 -0.54037 0.00000 -160.31828 -0.54037 -0.84143 0.00000 13.01012 -0.00000 -0.00000 -1.00000 0.00000
1617900306772334 0.90284 -0.42998 0.00000 -162.09952 -0.42998 -0.90284 0.00000 -7.30599 -0.00000 -0.00000 -1.00000 -0.00000
1617900307022968 0.95125 -0.30842 -0.00000 -161.20191 -0.30842 -0.95125 0.00000 -28.34130 -0.00000 -0.00000 -1.00000 -0.00000
1617900307272345 0.98472 -0.17414 0.00000 -157.15216 -0.17414 -0.98472 0.00000 -50.40856 -0.00000 -0.00000 -1.00000 -0.00000
1617900307522346 0.99928 -0.03784 0.00000 -150.04226 -0.03784 -0.99928 0.00000 -71.44798 -0.00000 -0.00000 -1.00000 -0.00000
1617900307772350 0.99345 0.11428 0.00000 -138.61727 0.11428 -0.99345 0.00000 -93.33277 0.00000 -0.00000 -1.00000 -0.00000
1617900308021728 0.96316 0.26891 0.00000 -123.45474 0.26891 -0.96316 0.00000 -113.88618 0.00000 -0.00000 -1.00000 -0.00000
1617900308271732 0.90704 0.42104 -0.00000 -104.59181 0.42104 -0.90704 0.00000 -132.35235 0.00000 -0.00000 -1.00000 -0.00000
1617900308521111 0.81862 0.57433 -0.00000 -80.75089 0.57433 -0.81862 0.00000 -148.72816 0.00000 -0.00000 -1.00000 -0.00000
1617900308771743 0.70630 0.70791 0.00000 -54.76421 0.70791 -0.70630 0.00000 -160.50619 0.00000 -0.00000 -1.00000 -0.00000
1617900309021744 0.55371 0.83271 0.00000 -23.33199 0.83271 -0.55371 0.00000 -168.12985 0.00000 -0.00000 -1.00000 -0.00000
1617900309272377 0.38879 0.92133 0.00000 7.25975 0.92133 -0.38879 0.00000 -169.48381 0.00000 -0.00000 -1.00000 -0.00000
1617900309523000 0.20398 0.97898 0.00000 38.80923 0.97898 -0.20398 0.00000 -164.84176 0.00000 -0.00000 -1.00000 -0.00000
1617900309773017 0.01276 0.99992 -0.00000 68.56708 0.99992 -0.01276 0.00000 -154.36763 0.00000 -0.00000 -1.00000 -0.00000
1617900310023010 -0.18312 0.98309 -0.00000 96.43294 0.98309 0.18312 0.00000 -137.96195 0.00000 0.00000 -1.00000 -0.00000
1617900310272389 -0.37889 0.92544 0.00000 121.25465 0.92544 0.37889 0.00000 -115.48103 0.00000 0.00000 -1.00000 -0.00000
1617900310522394 -0.53645 0.84393 0.00000 138.56828 0.84393 0.53645 0.00000 -92.22889 0.00000 0.00000 -1.00000 -0.00000
1617900310772399 -0.65287 0.75747 0.00000 149.13734 0.75747 0.65287 0.00000 -71.25458 0.00000 0.00000 -1.00000 -0.00000
1617900311022408 -0.74626 0.66566 0.00000 155.99762 0.66566 0.74626 0.00000 -51.04380 0.00000 0.00000 -1.00000 -0.00000
1617900311271783 -0.81303 0.58222 0.00000 159.30030 0.58222 0.81303 0.00000 -34.19428 0.00000 0.00000 -1.00000 -0.00000
1617900311522408 -0.86350 0.50435 0.00000 160.41671 0.50435 0.86350 0.00000 -19.22950 0.00000 0.00000 -1.00000 -0.00000
1617900311771785 -0.89750 0.44102 -0.00000 159.88794 0.44102 0.89750 0.00000 -7.71938 0.00000 0.00000 -1.00000 -0.00000
1617900312021790 -0.91474 0.40404 0.00000 158.64205 0.40404 0.91474 0.00000 -1.15789 0.00000 0.00000 -1.00000 -0.00000
1617900312271807 -0.92226 0.38658 0.00000 157.12732 0.38658 0.92226 0.00000 1.91079 0.00000 0.00000 -1.00000 0.00000
1617900312521805 -0.92358 0.38341 -0.00000 155.48136 0.38341 0.92358 0.00000 2.50205 0.00000 0.00000 -1.00000 0.00000
1617900312771806 -0.91505 0.40335 -0.00000 153.86093 0.40335 0.91505 0.00000 -0.89489 0.00000 0.00000 -1.00000 -0.00000
1617900313021184 -0.90026 0.43535 0.00000 152.18026 0.43535 0.90026 0.00000 -6.27141 0.00000 0.00000 -1.00000 -0.00000
1617900313271190 -0.87868 0.47741 0.00000 149.96159 0.47741 0.87868 0.00000 -13.46603 0.00000 0.00000 -1.00000 -0.00000
1617900313520566 -0.85956 0.51104 0.00000 147.66406 0.51104 0.85956 0.00000 -19.49458 0.00000 0.00000 -1.00000 -0.00000
1617900313770575 -0.83088 0.55645 0.00000 144.55738 0.55645 0.83088 0.00000 -27.30338 0.00000 0.00000 -1.00000 -0.00000
1617900314021203 -0.80384 0.59485 0.00000 141.43338 0.59485 0.80384 0.00000 -34.20003 0.00000 0.00000 -1.00000 -0.00000
1617900314271831 -0.77379 0.63344 0.00000 137.72981 0.63344 0.77379 0.00000 -40.94429 0.00000 0.00000 -1.00000 -0.00000
1617900314522459 -0.73865 0.67409 0.00000 133.48690 0.67409 0.73865 0.00000 -48.41659 0.00000 0.00000 -1.00000 -0.00000
1617900314773091 -0.69569 0.71834 -0.00000 128.26374 0.71834 0.69569 0.00000 -56.45015 0.00000 0.00000 -1.00000 -0.00000
1617900315022479 -0.65682 0.75404 0.00000 123.13599 0.75404 0.65682 0.00000 -63.24904 0.00000 0.00000 -1.00000 -0.00000
1617900315272478 -0.61086 0.79174 0.00000 117.11041 0.79174 0.61086 0.00000 -70.34566 0.00000 0.00000 -1.00000 -0.00000
1617900315522480 -0.56648 0.82408 0.00000 111.04052 0.82408 0.56648 0.00000 -76.81408 0.00000 0.00000 -1.00000 -0.00000
1617900315771858 -0.52649 0.85018 -0.00000 105.14220 0.85018 0.52649 0.00000 -81.87013 0.00000 0.00000 -1.00000 -0.00000
1617900316021238 -0.49164 0.87080 -0.00000 99.74859 0.87080 0.49164 0.00000 -86.10927 0.00000 0.00000 -1.00000 -0.00000
1617900316271241 -0.45894 0.88847 0.00000 94.40785 0.88847 0.45894 0.00000 -89.86592 0.00000 0.00000 -1.00000 -0.00000
1617900316521244 -0.42659 0.90444 0.00000 88.88105 0.90444 0.42659 0.00000 -93.19803 0.00000 0.00000 -1.00000 -0.00000
1617900316771871 -0.39546 0.91848 -0.00000 83.51875 0.91848 0.39546 0.00000 -96.10230 0.00000 0.00000 -1.00000 -0.00000
1617900317021877 -0.37823 0.92571 0.00000 79.53794 0.92571 0.37823 0.00000 -97.83077 0.00000 0.00000 -1.00000 -0.00000
1617900317272514 -0.36352 0.93159 0.00000 75.77943 0.93159 0.36352 0.00000 -99.10405 0.00000 0.00000 -1.00000 -0.00000
1617900317522507 -0.34768 0.93761 -0.00000 71.90661 0.93761 0.34768 0.00000 -100.50872 0.00000 0.00000 -1.00000 -0.00000
1617900317772512 -0.33228 0.94318 0.00000 68.02286 0.94318 0.33228 0.00000 -101.69476 0.00000 0.00000 -1.00000 -0.00000
1617900318021891 -0.33176 0.94336 0.00000 65.74153 0.94336 0.33176 0.00000 -101.66407 0.00000 0.00000 -1.00000 -0.00000
1617900318271275 -0.33799 0.94115 0.00000 64.29140 0.94115 0.33799 0.00000 -101.45619 0.00000 0.00000 -1.00000 -0.00000
1617900318521900 -0.35405 0.93523 0.00000 63.76267 0.93523 0.35405 0.00000 -100.16838 0.00000 0.00000 -1.00000 -0.00000
1617900318771281 -0.39566 0.91840 0.00000 66.01395 0.91840 0.39566 0.00000 -97.29520 0.00000 0.00000 -1.00000 -0.00000
1617900319021908 -0.43222 0.90177 0.00000 67.73716 0.90177 0.43222 0.00000 -94.70624 0.00000 0.00000 -1.00000 -0.00000
1617900319272547 -0.47983 0.87736 0.00000 70.49354 0.87736 0.47983 0.00000 -91.03555 0.00000 0.00000 -1.00000 -0.00000
1617900319523183 -0.53401 0.84548 -0.00000 74.07178 0.84548 0.53401 0.00000 -86.58671 0.00000 0.00000 -1.00000 -0.00000
1617900319773799 -0.59098 0.80669 0.00000 77.64032 0.80669 0.59098 0.00000 -81.33562 0.00000 0.00000 -1.00000 -0.00000
1617900320023801 -0.65453 0.75604 0.00000 81.93424 0.75604 0.65453 0.00000 -74.81414 0.00000 0.00000 -1.00000 -0.00000
1617900320273813 -0.71170 0.70248 0.00000 85.48476 0.70248 0.71170 0.00000 -68.30324 0.00000 0.00000 -1.00000 -0.00000
1617900320523185 -0.76431 0.64485 0.00000 88.50864 0.64485 0.76431 0.00000 -61.46997 0.00000 0.00000 -1.00000 -0.00000
1617900320772566 -0.81151 0.58434 0.00000 90.97087 0.58434 0.81151 0.00000 -54.56850 0.00000 0.00000 -1.00000 -0.00000
1617900321022572 -0.84879 0.52873 0.00000 92.37262 0.52873 0.84879 0.00000 -48.32602 0.00000 0.00000 -1.00000 -0.00000
1617900321272581 -0.88123 0.47269 0.00000 93.36389 0.47269 0.88123 0.00000 -42.25458 0.00000 0.00000 -1.00000 -0.00000
1617900321521950 -0.90991 0.41480 -0.00000 93.98534 0.41480 0.90991 0.00000 -36.18163 0.00000 0.00000 -1.00000 -0.00000
1617900321771960 -0.93276 0.36050 0.00000 94.01511 0.36050 0.93276 0.00000 -30.61894 0.00000 0.00000 -1.00000 -0.00000
1617900322021965 -0.95335 0.30186 0.00000 93.85527 0.30186 0.95335 0.00000 -24.80942 0.00000 0.00000 -1.00000 -0.00000
1617900322271967 -0.97107 0.23881 -0.00000 93.35158 0.23881 0.97107 0.00000 -18.67383 0.00000 0.00000 -1.00000 -0.00000
1617900322521966 -0.98361 0.18032 0.00000 92.34343 0.18032 0.98361 0.00000 -13.07642 0.00000 0.00000 -1.00000 -0.00000
1617900322771351 -0.99234 0.12356 0.00000 91.04256 0.12356 0.99234 0.00000 -7.74844 0.00000 0.00000 -1.00000 -0.00000
1617900323021400 -0.99684 0.07948 0.00000 89.24715 0.07948 0.99684 0.00000 -3.68589 0.00000 0.00000 -1.00000 -0.00000
1617900323271363 -0.99891 0.04670 0.00000 87.39051 0.04670 0.99891 0.00000 -0.79490 0.00000 0.00000 -1.00000 -0.00000
1617900323521981 -0.99963 0.02727 0.00000 85.46819 0.02727 0.99963 0.00000 1.03346 0.00000 0.00000 -1.00000 0.00000
1617900323772613 -0.99999 0.00415 0.00000 83.43189 0.00415 0.99999 0.00000 2.86156 0.00000 0.00000 -1.00000 0.00000
1617900324023247 -0.99999 -0.00461 -0.00000 81.34821 -0.00461 0.99999 0.00000 3.56057 -0.00000 0.00000 -1.00000 0.00000
1617900324273875 -0.99998 -0.00673 0.00000 79.34821 -0.00673 0.99998 0.00000 3.76293 -0.00000 0.00000 -1.00000 0.00000
1617900324523252 -0.99977 -0.02162 0.00000 77.28594 -0.02162 0.99977 0.00000 4.89368 -0.00000 0.00000 -1.00000 0.00000
1617900324773257 -0.99968 -0.02515 0.00000 75.17541 -0.02515 0.99968 0.00000 5.17528 -0.00000 0.00000 -1.00000 0.00000
1617900325022638 -0.99973 -0.02322 0.00000 73.21840 -0.02322 0.99973 0.00000 4.98510 -0.00000 0.00000 -1.00000 0.00000
1617900325272643 -0.99971 -0.02403 0.00000 71.11346 -0.02403 0.99971 0.00000 5.02908 -0.00000 0.00000 -1.00000 0.00000
1617900325522022 -0.99982 -0.01920 0.00000 69.09031 -0.01920 0.99982 0.00000 4.61730 -0.00000 0.00000 -1.00000 0.00000
1617900325771401 -0.99992 -0.01243 0.00000 67.06028 -0.01243 0.99992 0.00000 4.03374 -0.00000 0.00000 -1.00000 0.00000
1617900326021401 -0.99998 -0.00568 -0.00000 64.93545 -0.00568 0.99998 0.00000 3.66522 -0.00000 0.00000 -1.00000 0.00000
1617900326271405 -0.99988 0.01557 0.00000 62.90758 0.01557 0.99988 0.00000 2.18554 0.00000 0.00000 -1.00000 0.00000
1617900326521439 -0.99970 0.02456 0.00000 60.82248 0.02456 0.99970 0.00000 1.52393 0.00000 0.00000 -1.00000 0.00000
1617900326772039 -0.99945 0.03329 0.00000 58.64783 0.03329 0.99945 0.00000 0.91834 0.00000 0.00000 -1.00000 0.00000
1617900327022671 -0.99921 0.03963 0.00000 56.52531 0.03963 0.99921 0.00000 0.52797 0.00000 0.00000 -1.00000 0.00000
1617900327272680 -0.99916 0.04101 -0.00000 54.36608 0.04101 0.99916 0.00000 0.50002 0.00000 0.00000 -1.00000 0.00000
1617900327522058 -0.99915 0.04123 0.00000 52.20401 0.04123 0.99915 0.00000 0.50969 0.00000 0.00000 -1.00000 0.00000
1617900327772058 -0.99909 0.04263 0.00000 50.07897 0.04263 0.99909 0.00000 0.36854 0.00000 0.00000 -1.00000 0.00000
1617900328022064 -0.99886 0.04764 0.00000 47.84398 0.04764 0.99886 0.00000 0.00314 0.00000 0.00000 -1.00000 0.00000
1617900328271451 -0.99872 0.05053 0.00000 45.76704 0.05053 0.99872 0.00000 -0.32473 0.00000 0.00000 -1.00000 -0.00000
1617900328521447 -0.99840 0.05662 -0.00000 43.53899 0.05662 0.99840 0.00000 -0.58216 0.00000 0.00000 -1.00000 -0.00000
1617900328772075 -0.99861 0.05263 0.00000 41.41202 0.05263 0.99861 0.00000 -0.47409 0.00000 0.00000 -1.00000 -0.00000
1617900329022706 -0.99841 0.05640 0.00000 39.17898 0.05640 0.99841 0.00000 -0.59157 0.00000 0.00000 -1.00000 -0.00000
1617900329272090 -0.99854 0.05406 -0.00000 37.03494 0.05406 0.99854 0.00000 -0.56876 0.00000 0.00000 -1.00000 -0.00000
1617900329522084 -0.99871 0.05075 -0.00000 34.89456 0.05075 0.99871 0.00000 -0.38595 0.00000 0.00000 -1.00000 -0.00000
1617900329772089 -0.99885 0.04785 0.00000 32.68560 0.04785 0.99885 0.00000 -0.48180 0.00000 0.00000 -1.00000 -0.00000
1617900330021471 -0.99862 0.05250 0.00000 30.56045 0.05250 0.99862 0.00000 -0.56270 0.00000 0.00000 -1.00000 -0.00000
1617900330271476 -0.99829 0.05850 0.00000 28.39310 0.05850 0.99829 0.00000 -0.63959 0.00000 0.00000 -1.00000 -0.00000
1617900330521485 -0.99803 0.06276 0.00000 26.23101 0.06276 0.99803 0.00000 -0.88640 0.00000 0.00000 -1.00000 -0.00000
1617900330771482 -0.99783 0.06581 0.00000 24.07854 0.06581 0.99783 0.00000 -1.10132 0.00000 0.00000 -1.00000 -0.00000
1617900331022145 -0.99698 0.07768 0.00000 21.88891 0.07768 0.99698 0.00000 -1.38241 0.00000 0.00000 -1.00000 -0.00000
1617900331272123 -0.99723 0.07439 0.00000 19.75203 0.07439 0.99723 0.00000 -1.30519 0.00000 0.00000 -1.00000 -0.00000
1617900331522744 -0.99724 0.07420 -0.00000 17.60308 0.07420 0.99724 0.00000 -1.30866 0.00000 0.00000 -1.00000 -0.00000
1617900331772754 -0.99620 0.08708 0.00000 15.34713 0.08708 0.99620 0.00000 -1.54688 0.00000 0.00000 -1.00000 -0.00000
1617900332022757 -0.99577 0.09189 0.00000 13.20569 0.09189 0.99577 0.00000 -1.61972 0.00000 0.00000 -1.00000 -0.00000
1617900332272136 -0.99617 0.08739 -0.00000 11.01851 0.08739 0.99617 0.00000 -1.60566 0.00000 0.00000 -1.00000 -0.00000
1617900332522138 -0.99534 0.09646 0.00000 8.78587 0.09646 0.99534 0.00000 -1.68459 0.00000 0.00000 -1.00000 -0.00000
1617900332771519 -0.99509 0.09897 -0.00000 6.54687 0.09897 0.99509 0.00000 -1.74243 0.00000 0.00000 -1.00000 -0.00000
1617900333020898 -0.99559 0.09377 0.00000 4.36999 0.09377 0.99559 0.00000 -1.80062 0.00000 0.00000 -1.00000 -0.00000
1617900333270903 -0.99525 0.09736 0.00000 2.13866 0.09736 0.99525 0.00000 -1.84529 0.00000 0.00000 -1.00000 -0.00000
1617900333520904 -0.99581 0.09146 0.00000 -0.04224 0.09146 0.99581 0.00000 -1.85235 0.00000 0.00000 -1.00000 -0.00000
1617900333771533 -0.99599 0.08945 0.00000 -2.23958 0.08945 0.99599 0.00000 -1.94143 0.00000 0.00000 -1.00000 -0.00000
1617900334022788 -0.99597 0.08972 0.00000 -4.48501 0.08972 0.99597 0.00000 -1.82449 0.00000 0.00000 -1.00000 -0.00000
1617900334272794 -0.99653 0.08322 0.00000 -6.66746 0.08322 0.99653 0.00000 -2.07708 0.00000 0.00000 -1.00000 -0.00000
1617900334523423 -0.99667 0.08157 -0.00000 -8.82286 0.08157 0.99667 0.00000 -2.09666 0.00000 0.00000 -1.00000 -0.00000
1617900334772804 -0.99639 0.08488 0.00000 -11.10448 0.08488 0.99639 0.00000 -2.07247 0.00000 0.00000 -1.00000 -0.00000
1617900335022181 -0.99729 0.07355 0.00000 -13.19029 0.07355 0.99729 0.00000 -2.15130 0.00000 0.00000 -1.00000 -0.00000
1617900335272188 -0.99680 0.07998 0.00000 -15.43270 0.07998 0.99680 0.00000 -2.19210 0.00000 0.00000 -1.00000 -0.00000
1617900335521564 -0.99745 0.07136 0.00000 -17.70116 0.07136 0.99745 0.00000 -2.45107 0.00000 0.00000 -1.00000 -0.00000
1617900335770940 -0.99762 0.06893 0.00000 -19.88360 0.06893 0.99762 0.00000 -2.53530 0.00000 0.00000 -1.00000 -0.00000
1617900336020946 -0.99756 0.06978 0.00000 -22.17670 0.06978 0.99756 0.00000 -2.53584 0.00000 0.00000 -1.00000 -0.00000
1617900336271584 -0.99782 0.06595 0.00000 -24.33240 0.06595 0.99782 0.00000 -2.73335 0.00000 0.00000 -1.00000 -0.00000
1617900336522207 -0.99824 0.05930 0.00000 -26.60541 0.05930 0.99824 0.00000 -2.90708 0.00000 0.00000 -1.00000 -0.00000
1617900336772835 -0.99827 0.05876 0.00000 -28.78111 0.05876 0.99827 0.00000 -2.78955 0.00000 0.00000 -1.00000 -0.00000
1617900337022840 -0.99862 0.05255 0.00000 -31.07760 0.05255 0.99862 0.00000 -2.99763 0.00000 0.00000 -1.00000 -0.00000
1617900337272222 -0.99913 0.04169 0.00000 -33.12570 0.04169 0.99913 0.00000 -3.36974 0.00000 0.00000 -1.00000 -0.00000
1617900337522227 -0.99913 0.04165 0.00000 -35.35507 0.04165 0.99913 0.00000 -3.41082 0.00000 0.00000 -1.00000 -0.00000
1617900337772224 -0.99931 0.03709 0.00000 -37.50185 0.03709 0.99931 0.00000 -3.56660 0.00000 0.00000 -1.00000 -0.00000
1617900338021600 -0.99953 0.03072 0.00000 -39.64297 0.03072 0.99953 0.00000 -3.90057 0.00000 0.00000 -1.00000 -0.00000
1617900338270982 -0.99970 0.02439 0.00000 -41.71353 0.02439 0.99970 0.00000 -4.24009 0.00000 0.00000 -1.00000 -0.00000
1617900338521620 -0.99956 0.02957 0.00000 -43.80507 0.02957 0.99956 0.00000 -3.98980 0.00000 0.00000 -1.00000 -0.00000
1617900338771620 -0.99983 0.01830 0.00000 -45.74448 0.01830 0.99983 0.00000 -4.58341 0.00000 0.00000 -1.00000 -0.00000
1617900339022284 -0.99966 0.02605 0.00000 -47.81669 0.02605 0.99966 0.00000 -4.22595 0.00000 0.00000 -1.00000 -0.00000
1617900339272255 -0.99987 0.01622 0.00000 -49.66497 0.01622 0.99987 0.00000 -4.72020 0.00000 0.00000 -1.00000 -0.00000
1617900339523507 -0.99977 0.02151 -0.00000 -51.57633 0.02151 0.99977 0.00000 -4.36301 0.00000 0.00000 -1.00000 -0.00000
1617900339773514 -0.99983 0.01849 0.00000 -53.30563 0.01849 0.99983 0.00000 -4.59060 0.00000 0.00000 -1.00000 -0.00000
1617900340023519 -0.99934 0.03646 -0.00000 -55.06587 0.03646 0.99934 0.00000 -3.63078 0.00000 0.00000 -1.00000 -0.00000
1617900340272891 -0.99858 0.05332 0.00000 -56.67820 0.05332 0.99858 0.00000 -2.77144 0.00000 0.00000 -1.00000 -0.00000
1617900340522895 -0.99670 0.08120 0.00000 -58.23856 0.08120 0.99670 0.00000 -1.10449 0.00000 0.00000 -1.00000 -0.00000
1617900340772896 -0.99141 0.13079 0.00000 -59.65718 0.13079 0.99141 0.00000 1.69868 0.00000 0.00000 -1.00000 0.00000
1617900341022284 -0.98442 0.17582 0.00000 -60.69723 0.17582 0.98442 0.00000 4.36757 0.00000 0.00000 -1.00000 0.00000
1617900341272290 -0.96734 0.25348 0.00000 -61.42742 0.25348 0.96734 0.00000 9.12757 0.00000 0.00000 -1.00000 0.00000
1617900341521667 -0.94537 0.32599 0.00000 -61.66476 0.32599 0.94537 0.00000 13.83962 0.00000 0.00000 -1.00000 0.00000
1617900341771668 -0.90364 0.42829 0.00000 -60.88104 0.42829 0.90364 0.00000 20.48255 0.00000 0.00000 -1.00000 0.00000
1617900342021672 -0.85070 0.52565 0.00000 -59.28000 0.52565 0.85070 0.00000 27.07803 0.00000 0.00000 -1.00000 0.00000
1617900342271680 -0.78424 0.62045 0.00000 -56.81032 0.62045 0.78424 0.00000 33.73440 0.00000 0.00000 -1.00000 0.00000
1617900342521687 -0.69892 0.71520 0.00000 -53.10960 0.71520 0.69892 0.00000 40.69030 0.00000 0.00000 -1.00000 0.00000
1617900342772314 -0.60262 0.79803 0.00000 -48.48987 0.79803 0.60262 0.00000 47.06424 0.00000 0.00000 -1.00000 0.00000
1617900343022315 -0.50610 0.86247 -0.00000 -43.75706 0.86247 0.50610 0.00000 52.23903 0.00000 0.00000 -1.00000 0.00000
1617900343272325 -0.41254 0.91094 0.00000 -39.04522 0.91094 0.41254 0.00000 56.53422 0.00000 0.00000 -1.00000 0.00000
1617900343522329 -0.32179 0.94681 0.00000 -34.34648 0.94681 0.32179 0.00000 59.96982 0.00000 0.00000 -1.00000 0.00000
1617900343771703 -0.23452 0.97211 0.00000 -29.87730 0.97211 0.23452 0.00000 62.87624 0.00000 0.00000 -1.00000 0.00000
1617900344021080 -0.16790 0.98580 -0.00000 -26.62807 0.98580 0.16790 0.00000 64.64303 0.00000 0.00000 -1.00000 0.00000
1617900344271095 -0.11482 0.99339 0.00000 -24.35306 0.99339 0.11482 0.00000 66.05381 0.00000 0.00000 -1.00000 0.00000
1617900344521092 -0.06908 0.99761 -0.00000 -22.50587 0.99761 0.06908 0.00000 66.91993 0.00000 0.00000 -1.00000 0.00000
1617900344771720 -0.04267 0.99909 0.00000 -22.07856 0.99909 0.04267 0.00000 67.74880 0.00000 0.00000 -1.00000 0.00000
1617900345022349 -0.02156 0.99977 0.00000 -21.93495 0.99977 0.02156 0.00000 68.01877 0.00000 0.00000 -1.00000 0.00000
1617900345272356 -0.02146 0.99977 0.00000 -23.41967 0.99977 0.02146 0.00000 68.02977 0.00000 0.00000 -1.00000 0.00000
1617900345522357 -0.01811 0.99984 -0.00000 -24.64021 0.99984 0.01811 0.00000 67.98768 0.00000 0.00000 -1.00000 0.00000
1617900345772361 -0.01012 0.99995 0.00000 -25.63944 0.99995 0.01012 0.00000 68.10645 0.00000 0.00000 -1.00000 0.00000
1617900346022367 -0.00152 1.00000 0.00000 -26.57220 1.00000 0.00152 0.00000 68.38437 0.00000 0.00000 -1.00000 0.00000
1617900346272371 0.01417 0.99990 0.00000 -27.12236 0.99990 -0.01417 0.00000 68.77080 0.00000 -0.00000 -1.00000 0.00000
1617900346521749 0.00939 0.99996 0.00000 -29.07795 0.99996 -0.00939 0.00000 68.63075 0.00000 -0.00000 -1.00000 0.00000
1617900346771754 0.03312 0.99945 0.00000 -29.10019 0.99945 -0.03312 0.00000 69.15940 0.00000 -0.00000 -1.00000 0.00000
1617900347021764 0.03574 0.99936 0.00000 -30.64381 0.99936 -0.03574 0.00000 69.40650 0.00000 -0.00000 -1.00000 0.00000
1617900347271770 0.05451 0.99851 0.00000 -31.03061 0.99851 -0.05451 0.00000 69.72150 0.00000 -0.00000 -1.00000 0.00000
1617900347521773 0.06001 0.99820 0.00000 -32.46233 0.99820 -0.06001 0.00000 70.03360 0.00000 -0.00000 -1.00000 0.00000
1617900347773020 0.08683 0.99622 0.00000 -32.40422 0.99622 -0.08683 0.00000 70.70340 0.00000 -0.00000 -1.00000 0.00000
1617900348023642 0.11452 0.99342 0.00000 -32.19899 0.99342 -0.11452 0.00000 71.77226 0.00000 -0.00000 -1.00000 0.00000
1617900348273029 0.13331 0.99107 0.00000 -32.71279 0.99107 -0.13331 0.00000 72.23561 0.00000 -0.00000 -1.00000 0.00000
1617900348523036 0.15918 0.98725 0.00000 -32.68806 0.98725 -0.15918 0.00000 72.96448 0.00000 -0.00000 -1.00000 0.00000
1617900348772407 0.17228 0.98505 -0.00000 -33.52160 0.98505 -0.17228 0.00000 73.41248 0.00000 -0.00000 -1.00000 0.00000
1617900349021785 0.17943 0.98377 0.00000 -34.86308 0.98377 -0.17943 0.00000 73.58191 0.00000 -0.00000 -1.00000 0.00000
1617900349271800 0.18828 0.98212 0.00000 -36.09837 0.98212 -0.18828 0.00000 73.94273 0.00000 -0.00000 -1.00000 0.00000
1617900349521174 0.17399 0.98475 0.00000 -39.04789 0.98475 -0.17399 0.00000 73.34446 0.00000 -0.00000 -1.00000 0.00000
1617900349771178 0.15588 0.98778 0.00000 -42.30534 0.98778 -0.15588 0.00000 72.57405 0.00000 -0.00000 -1.00000 0.00000
1617900350021805 0.13338 0.99107 0.00000 -45.82411 0.99107 -0.13338 0.00000 71.52063 0.00000 -0.00000 -1.00000 0.00000
1617900350273058 0.11804 0.99301 0.00000 -48.96455 0.99301 -0.11804 0.00000 70.87077 0.00000 -0.00000 -1.00000 0.00000
1617900350523063 0.08912 0.99602 0.00000 -52.92831 0.99602 -0.08912 0.00000 69.37304 0.00000 -0.00000 -1.00000 0.00000
1617900350773072 0.06903 0.99761 0.00000 -56.33552 0.99761 -0.06903 0.00000 68.18234 0.00000 -0.00000 -1.00000 0.00000
1617900351023075 0.05486 0.99849 0.00000 -59.25347 0.99849 -0.05486 0.00000 67.42602 0.00000 -0.00000 -1.00000 0.00000
1617900351272454 0.03649 0.99933 0.00000 -62.41067 0.99933 -0.03649 0.00000 66.24301 0.00000 -0.00000 -1.00000 0.00000
1617900351522459 0.02779 0.99961 -0.00000 -64.93592 0.99961 -0.02779 0.00000 65.65616 0.00000 -0.00000 -1.00000 0.00000
1617900351772463 0.01991 0.99980 0.00000 -67.35687 0.99980 -0.01991 0.00000 65.07920 0.00000 -0.00000 -1.00000 0.00000
1617900352021840 0.02208 0.99976 0.00000 -69.09947 0.99976 -0.02208 0.00000 65.23931 0.00000 -0.00000 -1.00000 0.00000
1617900352271852 0.02314 0.99973 -0.00000 -70.89814 0.99973 -0.02314 0.00000 65.32506 0.00000 -0.00000 -1.00000 0.00000
1617900352521850 0.02844 0.99960 0.00000 -72.47033 0.99960 -0.02844 0.00000 65.68522 0.00000 -0.00000 -1.00000 0.00000
1617900352771850 0.03972 0.99921 0.00000 -73.46348 0.99921 -0.03972 0.00000 66.46787 0.00000 -0.00000 -1.00000 0.00000
1617900353022479 0.05134 0.99868 0.00000 -74.58067 0.99868 -0.05134 0.00000 67.36981 0.00000 -0.00000 -1.00000 0.00000
1617900353272492 0.05644 0.99841 -0.00000 -75.95579 0.99841 -0.05644 0.00000 67.66361 0.00000 -0.00000 -1.00000 0.00000
1617900353522494 0.05364 0.99856 -0.00000 -77.90637 0.99856 -0.05364 0.00000 67.40668 0.00000 -0.00000 -1.00000 0.00000
1617900353772495 0.03464 0.99940 0.00000 -80.89680 0.99940 -0.03464 0.00000 65.81922 0.00000 -0.00000 -1.00000 0.00000
1617900354021868 -0.01407 0.99990 -0.00000 -85.65867 0.99990 0.01407 0.00000 61.85702 0.00000 0.00000 -1.00000 0.00000
