1567410208305662 0.99999 0.00414 -0.00000 -1.72872 -0.00414 0.99999 0.00000 -0.04390 0.00000 -0.00000 1.00000 0.00000
1567410208556591 0.99999 0.00503 -0.00000 -2.24369 -0.00503 0.99999 0.00000 -0.03459 0.00000 -0.00000 1.00000 0.00000
1567410208805889 0.99997 0.00792 -0.00000 -2.83239 -0.00792 0.99997 0.00000 -0.03783 0.00000 -0.00000 1.00000 0.00000
1567410209057476 0.99997 0.00817 -0.00000 -3.52158 -0.00817 0.99997 0.00000 -0.03693 0.00000 -0.00000 1.00000 0.00000
1567410209305694 0.99996 0.00921 -0.00000 -4.26642 -0.00921 0.99996 0.00000 -0.02880 0.00000 -0.00000 1.00000 0.00000
1567410209555477 0.99996 0.00841 -0.00000 -5.09185 -0.00841 0.99996 0.00000 -0.04237 0.00000 -0.00000 1.00000 0.00000
1567410209805295 0.99995 0.00992 -0.00000 -5.97062 -0.00992 0.99995 0.00000 -0.04015 0.00000 -0.00000 1.00000 0.00000
1567410210055112 0.99994 0.01066 -0.00000 -6.94858 -0.01066 0.99994 0.00000 -0.07964 0.00000 -0.00000 1.00000 0.00000
1567410210304908 0.99992 0.01237 -0.00000 -8.00813 -0.01237 0.99992 0.00000 -0.05818 0.00000 -0.00000 1.00000 0.00000
1567410210554308 0.99991 0.01306 -0.00000 -9.10812 -0.01306 0.99991 0.00000 -0.05008 0.00000 -0.00000 1.00000 0.00000
1567410210804244 0.99989 0.01482 -0.00000 -10.31661 -0.01482 0.99989 0.00000 -0.04480 0.00000 -0.00000 1.00000 0.00000
1567410211054011 0.99987 0.01599 -0.00000 -11.49665 -0.01599 0.99987 0.00000 -0.04242 0.00000 -0.00000 1.00000 0.00000
1567410211303608 0.99987 0.01588 -0.00000 -12.81139 -0.01588 0.99987 0.00000 -0.07245 0.00000 -0.00000 1.00000 0.00000
1567410211553894 0.99983 0.01824 -0.00000 -14.17054 -0.01824 0.99983 0.00000 -0.06451 0.00000 -0.00000 1.00000 0.00000
1567410211803856 0.99983 0.01848 -0.00000 -15.59222 -0.01848 0.99983 0.00000 -0.08689 0.00000 -0.00000 1.00000 0.00000
1567410212053313 0.99979 0.02046 -0.00000 -17.08846 -0.02046 0.99979 0.00000 0.00489 0.00000 -0.00000 1.00000 0.00000
1567410212303373 0.99985 0.01760 -0.00000 -18.60344 -0.01760 0.99985 0.00000 -0.05602 0.00000 -0.00000 1.00000 0.00000
1567410212552940 0.99988 0.01551 -0.00000 -20.16816 -0.01551 0.99988 0.00000 -0.12980 0.00000 -0.00000 1.00000 0.00000
1567410212802803 0.99991 0.01328 -0.00000 -21.78136 -0.01328 0.99991 0.00000 -0.16325 0.00000 -0.00000 1.00000 0.00000
1567410213052878 0.99996 0.00920 -0.00000 -23.45551 -0.00920 0.99996 0.00000 -0.29281 0.00000 -0.00000 1.00000 0.00000
1567410213302384 0.99997 0.00807 -0.00000 -25.17073 -0.00807 0.99997 0.00000 -0.31837 0.00000 -0.00000 1.00000 0.00000
1567410213552068 0.99999 0.00437 -0.00000 -26.93704 -0.00437 0.99999 0.00000 -0.41182 0.00000 -0.00000 1.00000 0.00000
1567410213801498 1.00000 0.00202 -0.00000 -28.71541 -0.00202 1.00000 0.00000 -0.45965 0.00000 -0.00000 1.00000 0.00000
1567410214052385 1.00000 0.00102 -0.00000 -30.56004 -0.00102 1.00000 0.00000 -0.50947 0.00000 -0.00000 1.00000 0.00000
1567410214302155 1.00000 -0.00208 0.00000 -32.43971 0.00208 1.00000 -0.00000 -0.59457 -0.00000 0.00000 1.00000 0.00000
1567410214550272 0.99998 -0.00557 0.00000 -34.30585 0.00557 0.99998 -0.00000 -0.75541 -0.00000 0.00000 1.00000 0.00000
1567410214800445 0.99997 -0.00817 0.00000 -36.23137 0.00817 0.99997 -0.00000 -0.82696 -0.00000 0.00000 1.00000 0.00000
1567410215049817 0.99996 -0.00906 0.00000 -38.21810 0.00906 0.99996 -0.00000 -0.84798 -0.00000 0.00000 1.00000 0.00000
1567410215299752 0.99997 -0.00735 0.00000 -40.23418 0.00735 0.99997 -0.00000 -0.79196 -0.00000 0.00000 1.00000 0.00000
1567410215549514 0.99998 -0.00584 0.00000 -42.26032 0.00584 0.99998 -0.00000 -0.76751 -0.00000 0.00000 1.00000 0.00000
1567410215799401 0.99998 -0.00586 0.00000 -44.25900 0.00586 0.99998 -0.00000 -0.74531 -0.00000 0.00000 1.00000 0.00000
1567410216048582 0.99998 -0.00554 0.00000 -46.33072 0.00554 0.99998 -0.00000 -0.74453 -0.00000 0.00000 1.00000 0.00000
1567410216297982 0.99999 -0.00337 0.00000 -48.34105 0.00337 0.99999 -0.00000 -0.66478 -0.00000 0.00000 1.00000 0.00000
1567410216547132 1.00000 -0.00286 0.00000 -50.32082 0.00286 1.00000 -0.00000 -0.64810 -0.00000 0.00000 1.00000 0.00000
1567410216796536 1.00000 -0.00294 0.00000 -52.32400 0.00294 1.00000 -0.00000 -0.66678 -0.00000 0.00000 1.00000 0.00000
1567410217048273 1.00000 -0.00275 0.00000 -54.28217 0.00275 1.00000 -0.00000 -0.64599 -0.00000 0.00000 1.00000 0.00000
1567410217296000 1.00000 -0.00138 0.00000 -56.21604 0.00138 1.00000 -0.00000 -0.56785 -0.00000 0.00000 1.00000 0.00000
1567410217545507 1.00000 -0.00117 0.00000 -58.12854 0.00117 1.00000 -0.00000 -0.57537 -0.00000 0.00000 1.00000 0.00000
1567410217795016 1.00000 -0.00293 0.00000 -60.05550 0.00293 1.00000 -0.00000 -0.70554 -0.00000 0.00000 1.00000 0.00000
1567410218044663 1.00000 -0.00189 0.00000 -61.89613 0.00189 1.00000 -0.00000 -0.64197 -0.00000 0.00000 1.00000 0.00000
1567410218294251 1.00000 -0.00244 0.00000 -63.71208 0.00244 1.00000 -0.00000 -0.71321 -0.00000 0.00000 1.00000 0.00000
1567410218543749 0.99999 -0.00437 0.00000 -65.58118 0.00437 0.99999 -0.00000 -0.83048 -0.00000 0.00000 1.00000 0.00000
1567410218793639 0.99997 -0.00720 0.00000 -67.36176 0.00720 0.99997 -0.00000 -1.02475 -0.00000 0.00000 1.00000 0.00000
1567410219044496 0.99995 -0.01035 0.00000 -69.17479 0.01035 0.99995 -0.00000 -1.22601 -0.00000 0.00000 1.00000 0.00000
1567410219294574 0.99993 -0.01188 0.00000 -70.96293 0.01188 0.99993 -0.00000 -1.40150 -0.00000 0.00000 1.00000 0.00000
1567410219542786 0.99994 -0.01128 0.00000 -72.74665 0.01128 0.99994 -0.00000 -1.33346 -0.00000 0.00000 1.00000 0.00000
1567410219791926 0.99993 -0.01217 0.00000 -74.56117 0.01217 0.99993 -0.00000 -1.41151 -0.00000 0.00000 1.00000 0.00000
1567410220041647 0.99988 -0.01526 0.00000 -76.38184 0.01526 0.99988 -0.00000 -1.64740 -0.00000 0.00000 1.00000 0.00000
1567410220290932 0.99988 -0.01573 0.00000 -78.15301 0.01573 0.99988 -0.00000 -1.65618 -0.00000 0.00000 1.00000 0.00000
1567410220540869 0.99986 -0.01702 0.00000 -79.92369 0.01702 0.99986 -0.00000 -1.78947 -0.00000 0.00000 1.00000 0.00000
1567410220791364 0.99984 -0.01777 0.00000 -81.68961 0.01777 0.99984 -0.00000 -1.83226 -0.00000 0.00000 1.00000 0.00000
1567410221038981 0.99983 -0.01840 0.00000 -83.52140 0.01840 0.99983 -0.00000 -1.90303 -0.00000 0.00000 1.00000 0.00000
1567410221290827 0.99978 -0.02082 0.00000 -85.30921 0.02082 0.99978 -0.00000 -2.10285 -0.00000 0.00000 1.00000 0.00000
1567410221539934 0.99971 -0.02403 0.00000 -87.16745 0.02403 0.99971 -0.00000 -2.39751 -0.00000 0.00000 1.00000 0.00000
1567410221788000 0.99965 -0.02653 0.00000 -89.08721 0.02653 0.99965 -0.00000 -2.61135 -0.00000 0.00000 1.00000 0.00000
1567410222037827 0.99959 -0.02856 0.00000 -90.84400 0.02856 0.99959 -0.00000 -2.81382 -0.00000 0.00000 1.00000 0.00000
1567410222287687 0.99941 -0.03422 0.00000 -92.68855 0.03422 0.99941 -0.00000 -3.35189 -0.00000 0.00000 1.00000 0.00000
1567410222537552 0.99924 -0.03887 0.00000 -94.57521 0.03887 0.99924 -0.00000 -3.79908 -0.00000 0.00000 1.00000 0.00000
1567410222787298 0.99917 -0.04080 0.00000 -96.48837 0.04080 0.99917 -0.00000 -3.95140 -0.00000 0.00000 1.00000 0.00000
1567410223036884 0.99892 -0.04656 0.00000 -98.42636 0.04656 0.99892 -0.00000 -4.54244 -0.00000 0.00000 1.00000 0.00000
1567410223286688 0.99859 -0.05305 0.00000 -100.38479 0.05305 0.99859 -0.00000 -5.19000 -0.00000 0.00000 1.00000 0.00000
1567410223536132 0.99842 -0.05615 0.00000 -102.37203 0.05615 0.99842 -0.00000 -5.51003 -0.00000 0.00000 1.00000 0.00000
1567410223785995 0.99821 -0.05978 0.00000 -104.33018 0.05978 0.99821 -0.00000 -5.89771 -0.00000 0.00000 1.00000 0.00000
1567410224035806 0.99787 -0.06527 0.00000 -106.36528 0.06527 0.99787 -0.00000 -6.51091 -0.00000 0.00000 1.00000 0.00000
1567410224285161 0.99751 -0.07051 0.00000 -108.36537 0.07051 0.99751 -0.00000 -7.08545 -0.00000 0.00000 1.00000 0.00000
1567410224535504 0.99718 -0.07509 0.00000 -110.38912 0.07509 0.99718 -0.00000 -7.55209 -0.00000 0.00000 1.00000 0.00000
1567410224784669 0.99654 -0.08312 0.00000 -112.44160 0.08312 0.99654 -0.00000 -8.45761 -0.00000 0.00000 1.00000 0.00000
1567410225034006 0.99598 -0.08957 0.00000 -114.48244 0.08957 0.99598 -0.00000 -9.24010 -0.00000 0.00000 1.00000 0.00000
1567410225283717 0.99554 -0.09431 0.00000 -116.55189 0.09431 0.99554 -0.00000 -9.78017 -0.00000 0.00000 1.00000 0.00000
1567410225533585 0.99501 -0.09982 0.00000 -118.67948 0.09982 0.99501 -0.00000 -10.40301 -0.00000 0.00000 1.00000 0.00000
1567410225782712 0.99460 -0.10373 0.00000 -120.76524 0.10373 0.99460 -0.00000 -10.86004 -0.00000 0.00000 1.00000 0.00000
1567410226032488 0.99432 -0.10641 0.00000 -122.91245 0.10641 0.99432 -0.00000 -11.13505 -0.00000 0.00000 1.00000 0.00000
1567410226282141 0.99381 -0.11106 0.00000 -125.06514 0.11106 0.99381 -0.00000 -11.72122 -0.00000 0.00000 1.00000 0.00000
1567410226531590 0.99356 -0.11335 0.00000 -127.18311 0.11335 0.99356 -0.00000 -12.03774 -0.00000 0.00000 1.00000 0.00000
1567410226781610 0.99282 -0.11962 0.00000 -129.28450 0.11962 0.99282 -0.00000 -12.91308 -0.00000 0.00000 1.00000 0.00000
1567410227031110 0.99245 -0.12267 0.00000 -131.45240 0.12267 0.99245 -0.00000 -13.28559 -0.00000 0.00000 1.00000 0.00000
1567410227280818 0.99211 -0.12540 0.00000 -133.60764 0.12540 0.99211 -0.00000 -13.65598 -0.00000 0.00000 1.00000 0.00000
1567410227530391 0.99180 -0.12780 0.00000 -135.73712 0.12780 0.99180 -0.00000 -14.02436 -0.00000 0.00000 1.00000 0.00000
1567410227779824 0.99166 -0.12888 0.00000 -138.01639 0.12888 0.99166 -0.00000 -14.15429 -0.00000 0.00000 1.00000 0.00000
1567410228029556 0.99164 -0.12907 0.00000 -140.22914 0.12907 0.99164 -0.00000 -14.18471 -0.00000 0.00000 1.00000 0.00000
1567410228279696 0.99146 -0.13038 0.00000 -142.44276 0.13038 0.99146 -0.00000 -14.37880 -0.00000 0.00000 1.00000 0.00000
1567410228529686 0.99154 -0.12982 0.00000 -144.69069 0.12982 0.99154 -0.00000 -14.32712 -0.00000 0.00000 1.00000 0.00000
1567410228778838 0.99153 -0.12987 0.00000 -146.94707 0.12987 0.99153 -0.00000 -14.35661 -0.00000 0.00000 1.00000 0.00000
1567410229028907 0.99157 -0.12956 0.00000 -149.13428 0.12956 0.99157 -0.00000 -14.29499 -0.00000 0.00000 1.00000 0.00000
1567410229277959 0.99182 -0.12768 0.00000 -151.40712 0.12768 0.99182 -0.00000 -14.03959 -0.00000 0.00000 1.00000 0.00000
1567410229527366 0.99193 -0.12677 0.00000 -153.60871 0.12677 0.99193 -0.00000 -13.88549 -0.00000 0.00000 1.00000 0.00000
1567410229776456 0.99200 -0.12626 0.00000 -155.76214 0.12626 0.99200 -0.00000 -13.84478 -0.00000 0.00000 1.00000 0.00000
1567410230025791 0.99205 -0.12586 0.00000 -157.92626 0.12586 0.99205 -0.00000 -13.76915 -0.00000 0.00000 1.00000 0.00000
1567410230275333 0.99202 -0.12604 0.00000 -160.06081 0.12604 0.99202 -0.00000 -13.84521 -0.00000 0.00000 1.00000 0.00000
1567410230524881 0.99242 -0.12288 0.00000 -162.22135 0.12288 0.99242 -0.00000 -13.33225 -0.00000 0.00000 1.00000 0.00000
1567410230774223 0.99242 -0.12291 0.00000 -164.28874 0.12291 0.99242 -0.00000 -13.33846 -0.00000 0.00000 1.00000 0.00000
1567410231024182 0.99254 -0.12193 0.00000 -166.37830 0.12193 0.99254 -0.00000 -13.15321 -0.00000 0.00000 1.00000 0.00000
1567410231273140 0.99268 -0.12075 0.00000 -168.40843 0.12075 0.99268 -0.00000 -13.00346 -0.00000 0.00000 1.00000 0.00000
1567410231522758 0.99264 -0.12108 0.00000 -170.44869 0.12108 0.99264 -0.00000 -13.02038 -0.00000 0.00000 1.00000 0.00000
1567410231772615 0.99283 -0.11956 0.00000 -172.47162 0.11956 0.99283 -0.00000 -12.79373 -0.00000 0.00000 1.00000 0.00000
1567410232021833 0.99278 -0.11992 0.00000 -174.44823 0.11992 0.99278 -0.00000 -12.87283 -0.00000 0.00000 1.00000 0.00000
1567410232271411 0.99303 -0.11789 0.00000 -176.44330 0.11789 0.99303 -0.00000 -12.51590 -0.00000 0.00000 1.00000 0.00000
1567410232521018 0.99298 -0.11830 0.00000 -178.37542 0.11830 0.99298 -0.00000 -12.59287 -0.00000 0.00000 1.00000 0.00000
1567410232770640 0.99306 -0.11758 0.00000 -180.32493 0.11758 0.99306 -0.00000 -12.43081 -0.00000 0.00000 1.00000 0.00000
1567410233020218 0.99323 -0.11618 0.00000 -182.28790 0.11618 0.99323 -0.00000 -12.20901 -0.00000 0.00000 1.00000 0.00000
1567410233269883 0.99313 -0.11703 0.00000 -184.22172 0.11703 0.99313 -0.00000 -12.36434 -0.00000 0.00000 1.00000 0.00000
1567410233519068 0.99328 -0.11571 0.00000 -186.23068 0.11571 0.99328 -0.00000 -12.10933 -0.00000 0.00000 1.00000 0.00000
1567410233767570 0.99285 -0.11934 0.00000 -188.12366 0.11934 0.99285 -0.00000 -12.82059 -0.00000 0.00000 1.00000 0.00000
1567410234018082 0.99284 -0.11947 0.00000 -190.12701 0.11947 0.99284 -0.00000 -12.83883 -0.00000 0.00000 1.00000 0.00000
1567410234267434 0.99282 -0.11960 0.00000 -192.18338 0.11960 0.99282 -0.00000 -12.88592 -0.00000 0.00000 1.00000 0.00000
1567410234516871 0.99282 -0.11958 0.00000 -194.18575 0.11958 0.99282 -0.00000 -12.87446 -0.00000 0.00000 1.00000 0.00000
1567410234766451 0.99268 -0.12077 0.00000 -196.19019 0.12077 0.99268 -0.00000 -13.11710 -0.00000 0.00000 1.00000 0.00000
1567410235015470 0.99273 -0.12037 0.00000 -198.25923 0.12037 0.99273 -0.00000 -12.98672 -0.00000 0.00000 1.00000 0.00000
1567410235265747 0.99283 -0.11953 0.00000 -200.35544 0.11953 0.99283 -0.00000 -12.83117 -0.00000 0.00000 1.00000 0.00000
1567410235515250 0.99263 -0.12117 0.00000 -202.43751 0.12117 0.99263 -0.00000 -13.15707 -0.00000 0.00000 1.00000 0.00000
1567410235764846 0.99269 -0.12067 0.00000 -204.50948 0.12067 0.99269 -0.00000 -13.06775 -0.00000 0.00000 1.00000 0.00000
1567410236014585 0.99278 -0.11996 0.00000 -206.55731 0.11996 0.99278 -0.00000 -12.93570 -0.00000 0.00000 1.00000 0.00000
1567410236264016 0.99271 -0.12055 0.00000 -208.59940 0.12055 0.99271 -0.00000 -13.02399 -0.00000 0.00000 1.00000 0.00000
1567410236513413 0.99286 -0.11933 0.00000 -210.64593 0.11933 0.99286 -0.00000 -12.75970 -0.00000 0.00000 1.00000 0.00000
1567410236763093 0.99272 -0.12045 0.00000 -212.63982 0.12045 0.99272 -0.00000 -12.98661 -0.00000 0.00000 1.00000 0.00000
1567410237012952 0.99283 -0.11951 0.00000 -214.59881 0.11951 0.99283 -0.00000 -12.77850 -0.00000 0.00000 1.00000 0.00000
1567410237262138 0.99275 -0.12019 0.00000 -216.53358 0.12019 0.99275 -0.00000 -12.92339 -0.00000 0.00000 1.00000 0.00000
1567410237511537 0.99290 -0.11897 0.00000 -218.48928 0.11897 0.99290 -0.00000 -12.67707 -0.00000 0.00000 1.00000 0.00000
1567410237760103 0.99313 -0.11702 0.00000 -220.37136 0.11702 0.99313 -0.00000 -12.24442 -0.00000 0.00000 1.00000 0.00000
1567410238010920 0.99281 -0.11971 0.00000 -222.25693 0.11971 0.99281 -0.00000 -12.79730 -0.00000 0.00000 1.00000 0.00000
1567410238259560 0.99257 -0.12166 0.00000 -224.10459 0.12166 0.99257 -0.00000 -13.28823 -0.00000 0.00000 1.00000 0.00000
1567410238508000 0.99245 -0.12264 0.00000 -225.97034 0.12264 0.99245 -0.00000 -13.54352 -0.00000 0.00000 1.00000 0.00000
1567410238758188 0.99250 -0.12224 0.00000 -227.88093 0.12224 0.99250 -0.00000 -13.46914 -0.00000 0.00000 1.00000 0.00000
1567410239007411 0.99264 -0.12111 0.00000 -229.84674 0.12111 0.99264 -0.00000 -13.19928 -0.00000 0.00000 1.00000 0.00000
1567410239257110 0.99266 -0.12097 0.00000 -231.74540 0.12097 0.99266 -0.00000 -13.18444 -0.00000 0.00000 1.00000 0.00000
1567410239506516 0.99258 -0.12157 0.00000 -233.64248 0.12157 0.99258 -0.00000 -13.38183 -0.00000 0.00000 1.00000 0.00000
1567410239755719 0.99257 -0.12168 0.00000 -235.58966 0.12168 0.99257 -0.00000 -13.39296 -0.00000 0.00000 1.00000 0.00000
1567410240006064 0.99255 -0.12183 0.00000 -237.54488 0.12183 0.99255 -0.00000 -13.48260 -0.00000 0.00000 1.00000 0.00000
1567410240255577 0.99260 -0.12142 0.00000 -239.50279 0.12142 0.99260 -0.00000 -13.34324 -0.00000 0.00000 1.00000 0.00000
1567410240505496 0.99257 -0.12164 0.00000 -241.44484 0.12164 0.99257 -0.00000 -13.45688 -0.00000 0.00000 1.00000 0.00000
1567410240754612 0.99268 -0.12078 0.00000 -243.42403 0.12078 0.99268 -0.00000 -13.24122 -0.00000 0.00000 1.00000 0.00000
1567410241004081 0.99283 -0.11956 0.00000 -245.41083 0.11956 0.99283 -0.00000 -12.90353 -0.00000 0.00000 1.00000 0.00000
1567410241253655 0.99283 -0.11957 0.00000 -247.33219 0.11957 0.99283 -0.00000 -12.90690 -0.00000 0.00000 1.00000 0.00000
1567410241503316 0.99292 -0.11875 0.00000 -249.30969 0.11875 0.99292 -0.00000 -12.68360 -0.00000 0.00000 1.00000 0.00000
1567410241752218 0.99299 -0.11821 0.00000 -251.22309 0.11821 0.99299 -0.00000 -12.58154 -0.00000 0.00000 1.00000 0.00000
1567410242001778 0.99311 -0.11716 0.00000 -253.13670 0.11716 0.99311 -0.00000 -12.33466 -0.00000 0.00000 1.00000 0.00000
1567410242251416 0.99332 -0.11543 0.00000 -255.04932 0.11543 0.99332 -0.00000 -11.84965 -0.00000 0.00000 1.00000 0.00000
1567410242500823 0.99370 -0.11209 0.00000 -256.93407 0.11209 0.99370 -0.00000 -11.01521 -0.00000 0.00000 1.00000 0.00000
1567410242750677 0.99352 -0.11369 0.00000 -258.76849 0.11369 0.99352 -0.00000 -11.41158 -0.00000 0.00000 1.00000 0.00000
1567410242999958 0.99373 -0.11182 0.00000 -260.57905 0.11182 0.99373 -0.00000 -10.96436 -0.00000 0.00000 1.00000 0.00000
1567410243250004 0.99371 -0.11199 0.00000 -262.38270 0.11199 0.99371 -0.00000 -10.99108 -0.00000 0.00000 1.00000 0.00000
1567410243499701 0.99376 -0.11155 0.00000 -264.05840 0.11155 0.99376 -0.00000 -10.84112 -0.00000 0.00000 1.00000 0.00000
1567410243749969 0.99371 -0.11201 0.00000 -265.84946 0.11201 0.99371 -0.00000 -10.96094 -0.00000 0.00000 1.00000 0.00000
1567410243998587 0.99361 -0.11283 0.00000 -267.67905 0.11283 0.99361 -0.00000 -11.21459 -0.00000 0.00000 1.00000 0.00000
1567410244248363 0.99399 -0.10948 0.00000 -269.43535 0.10948 0.99399 -0.00000 -10.29470 -0.00000 0.00000 1.00000 0.00000
1567410244498184 0.99334 -0.11522 0.00000 -271.12347 0.11522 0.99334 -0.00000 -11.85076 -0.00000 0.00000 1.00000 0.00000
1567410244747634 0.99377 -0.11148 0.00000 -272.93307 0.11148 0.99377 -0.00000 -10.80305 -0.00000 0.00000 1.00000 0.00000
1567410244996903 0.99403 -0.10912 0.00000 -274.82057 0.10912 0.99403 -0.00000 -10.16847 -0.00000 0.00000 1.00000 0.00000
1567410245246738 0.99410 -0.10843 0.00000 -276.62685 0.10843 0.99410 -0.00000 -9.98358 -0.00000 0.00000 1.00000 0.00000
1567410245494995 0.99457 -0.10409 0.00000 -278.47903 0.10409 0.99457 -0.00000 -8.75696 -0.00000 0.00000 1.00000 0.00000
1567410245744691 0.99500 -0.09989 0.00000 -280.33833 0.09989 0.99500 -0.00000 -7.61849 -0.00000 0.00000 1.00000 0.00000
1567410245994247 0.99538 -0.09605 0.00000 -282.21368 0.09605 0.99538 -0.00000 -6.56896 -0.00000 0.00000 1.00000 0.00000
1567410246243705 0.99572 -0.09242 0.00000 -284.07253 0.09242 0.99572 -0.00000 -5.53734 -0.00000 0.00000 1.00000 0.00000
1567410246493366 0.99612 -0.08801 0.00000 -285.94486 0.08801 0.99612 -0.00000 -4.28455 -0.00000 0.00000 1.00000 0.00000
1567410246742847 0.99642 -0.08452 0.00000 -287.80909 0.08452 0.99642 -0.00000 -3.27171 -0.00000 0.00000 1.00000 0.00000
1567410246992239 0.99678 -0.08024 0.00000 -289.68192 0.08024 0.99678 -0.00000 -2.07220 -0.00000 0.00000 1.00000 0.00000
1567410247242031 0.99715 -0.07546 0.00000 -291.54524 0.07546 0.99715 -0.00000 -0.70297 -0.00000 0.00000 1.00000 0.00000
1567410247490856 0.99737 -0.07241 0.00000 -293.41949 0.07241 0.99737 -0.00000 0.18140 -0.00000 0.00000 1.00000 0.00000
1567410247740809 0.99757 -0.06963 0.00000 -295.31561 0.06963 0.99757 -0.00000 0.97172 -0.00000 0.00000 1.00000 0.00000
1567410247990626 0.99781 -0.06622 0.00000 -297.19134 0.06622 0.99781 -0.00000 1.93205 -0.00000 0.00000 1.00000 0.00000
1567410248240469 0.99809 -0.06172 0.00000 -299.04994 0.06172 0.99809 -0.00000 3.26671 -0.00000 0.00000 1.00000 0.00000
1567410248489638 0.99835 -0.05735 0.00000 -300.95330 0.05735 0.99835 -0.00000 4.54672 -0.00000 0.00000 1.00000 0.00000
1567410248740238 0.99871 -0.05072 0.00000 -302.80805 0.05072 0.99871 -0.00000 6.55500 -0.00000 0.00000 1.00000 0.00000
1567410248988851 0.99895 -0.04577 0.00000 -304.67154 0.04577 0.99895 -0.00000 8.03202 -0.00000 0.00000 1.00000 0.00000
1567410249238089 0.99920 -0.04008 0.00000 -306.47539 0.04008 0.99920 -0.00000 9.77519 -0.00000 0.00000 1.00000 0.00000
1567410249487182 0.99940 -0.03454 0.00000 -308.27684 0.03454 0.99940 -0.00000 11.44659 -0.00000 0.00000 1.00000 0.00000
1567410249737211 0.99955 -0.03004 0.00000 -310.05783 0.03004 0.99955 -0.00000 12.83958 -0.00000 0.00000 1.00000 0.00000
1567410249986280 0.99956 -0.02958 0.00000 -311.86666 0.02958 0.99956 -0.00000 12.94396 -0.00000 0.00000 1.00000 0.00000
1567410250235806 0.99954 -0.03019 0.00000 -313.65938 0.03019 0.99954 -0.00000 12.74391 -0.00000 0.00000 1.00000 0.00000
1567410250485075 0.99952 -0.03104 0.00000 -315.42743 0.03104 0.99952 -0.00000 12.44686 -0.00000 0.00000 1.00000 0.00000
1567410250735249 0.99952 -0.03110 0.00000 -317.27050 0.03110 0.99952 -0.00000 12.41586 -0.00000 0.00000 1.00000 0.00000
1567410250983900 0.99965 -0.02659 0.00000 -319.06737 0.02659 0.99965 -0.00000 13.87315 -0.00000 0.00000 1.00000 0.00000
1567410251232637 0.99962 -0.02753 0.00000 -320.81947 0.02753 0.99962 -0.00000 13.54258 -0.00000 0.00000 1.00000 0.00000
1567410251482924 0.99947 -0.03240 0.00000 -322.69597 0.03240 0.99947 -0.00000 11.94832 -0.00000 0.00000 1.00000 0.00000
1567410251731930 0.99959 -0.02873 0.00000 -324.49920 0.02873 0.99959 -0.00000 13.11753 -0.00000 0.00000 1.00000 0.00000
1567410251981708 0.99958 -0.02884 0.00000 -326.34940 0.02884 0.99958 -0.00000 13.09948 -0.00000 0.00000 1.00000 0.00000
1567410252231835 0.99966 -0.02612 0.00000 -328.17606 0.02612 0.99966 -0.00000 13.98868 -0.00000 0.00000 1.00000 0.00000
1567410252480110 0.99975 -0.02250 0.00000 -330.01004 0.02250 0.99975 -0.00000 15.12907 -0.00000 0.00000 1.00000 0.00000
1567410252730329 0.99984 -0.01808 0.00000 -331.82305 0.01808 0.99984 -0.00000 16.58465 -0.00000 0.00000 1.00000 0.00000
1567410252979616 0.99988 -0.01525 0.00000 -333.67710 0.01525 0.99988 -0.00000 17.54615 -0.00000 0.00000 1.00000 0.00000
1567410253228921 0.99992 -0.01259 0.00000 -335.54009 0.01259 0.99992 -0.00000 18.39692 -0.00000 0.00000 1.00000 0.00000
1567410253480088 0.99996 -0.00907 0.00000 -337.39748 0.00907 0.99996 -0.00000 19.54719 -0.00000 0.00000 1.00000 0.00000
1567410253729525 1.00000 -0.00298 0.00000 -339.21759 0.00298 1.00000 -0.00000 21.60600 -0.00000 0.00000 1.00000 0.00000
1567410253979006 1.00000 -0.00046 0.00000 -341.15970 0.00046 1.00000 -0.00000 22.44894 -0.00000 0.00000 1.00000 0.00000
1567410254228824 1.00000 0.00169 -0.00000 -343.09634 -0.00169 1.00000 0.00000 23.15840 0.00000 -0.00000 1.00000 -0.00000
1567410254478256 0.99999 0.00343 -0.00000 -345.02749 -0.00343 0.99999 0.00000 23.72459 0.00000 -0.00000 1.00000 -0.00000
1567410254726814 1.00000 0.00272 -0.00000 -347.06587 -0.00272 1.00000 0.00000 23.51737 0.00000 -0.00000 1.00000 -0.00000
1567410254976206 0.99999 0.00365 -0.00000 -349.06419 -0.00365 0.99999 0.00000 23.83619 0.00000 -0.00000 1.00000 -0.00000
1567410255225807 0.99999 0.00404 -0.00000 -351.07797 -0.00404 0.99999 0.00000 23.93757 0.00000 -0.00000 1.00000 -0.00000
1567410255475409 0.99998 0.00647 -0.00000 -353.08066 -0.00647 0.99998 0.00000 24.75387 0.00000 -0.00000 1.00000 -0.00000
1567410255726137 0.99996 0.00906 -0.00000 -355.06869 -0.00906 0.99996 0.00000 25.66556 0.00000 -0.00000 1.00000 -0.00000
1567410255974784 0.99996 0.00894 -0.00000 -357.17450 -0.00894 0.99996 0.00000 25.60841 0.00000 -0.00000 1.00000 -0.00000
1567410256224127 0.99996 0.00903 -0.00000 -359.24950 -0.00903 0.99996 0.00000 25.64289 0.00000 -0.00000 1.00000 -0.00000
1567410256473594 0.99996 0.00903 -0.00000 -361.33935 -0.00903 0.99996 0.00000 25.62501 0.00000 -0.00000 1.00000 -0.00000
1567410256722943 0.99996 0.00856 -0.00000 -363.44751 -0.00856 0.99996 0.00000 25.43292 0.00000 -0.00000 1.00000 -0.00000
1567410256973033 0.99995 0.01010 -0.00000 -365.55491 -0.01010 0.99995 0.00000 25.95526 0.00000 -0.00000 1.00000 -0.00000
1567410257221763 0.99995 0.01036 -0.00000 -367.69205 -0.01036 0.99995 0.00000 26.03568 0.00000 -0.00000 1.00000 -0.00000
1567410257471165 0.99994 0.01108 -0.00000 -369.79674 -0.01108 0.99994 0.00000 26.35072 0.00000 -0.00000 1.00000 -0.00000
1567410257720965 0.99993 0.01145 -0.00000 -371.91517 -0.01145 0.99993 0.00000 26.45435 0.00000 -0.00000 1.00000 -0.00000
1567410257970501 0.99991 0.01350 -0.00000 -374.04985 -0.01350 0.99991 0.00000 27.20025 0.00000 -0.00000 1.00000 -0.00000
1567410258219536 0.99988 0.01564 -0.00000 -376.21784 -0.01564 0.99988 0.00000 27.97898 0.00000 -0.00000 1.00000 -0.00000
1567410258469037 0.99983 0.01847 -0.00000 -378.27651 -0.01847 0.99983 0.00000 29.02901 0.00000 -0.00000 1.00000 -0.00000
1567410258721242 0.99982 0.01909 -0.00000 -380.46944 -0.01909 0.99982 0.00000 29.22746 0.00000 -0.00000 1.00000 -0.00000
1567410258968430 0.99977 0.02136 -0.00000 -382.63381 -0.02136 0.99977 0.00000 30.12093 0.00000 -0.00000 1.00000 -0.00000
1567410259218726 0.99973 0.02332 -0.00000 -384.78617 -0.02332 0.99973 0.00000 30.83519 0.00000 -0.00000 1.00000 -0.00000
1567410259468454 0.99968 0.02523 -0.00000 -386.96809 -0.02523 0.99968 0.00000 31.58731 0.00000 -0.00000 1.00000 -0.00000
1567410259718175 0.99963 0.02709 -0.00000 -389.16452 -0.02709 0.99963 0.00000 32.29452 0.00000 -0.00000 1.00000 -0.00000
1567410259967549 0.99956 0.02961 -0.00000 -391.26978 -0.02961 0.99956 0.00000 33.27971 0.00000 -0.00000 1.00000 -0.00000
1567410260216656 0.99952 0.03099 -0.00000 -393.38348 -0.03099 0.99952 0.00000 33.81817 0.00000 -0.00000 1.00000 -0.00000
1567410260465898 0.99947 0.03252 -0.00000 -395.47739 -0.03252 0.99947 0.00000 34.43143 0.00000 -0.00000 1.00000 -0.00000
1567410260714324 0.99938 0.03531 -0.00000 -397.47626 -0.03531 0.99938 0.00000 35.56069 0.00000 -0.00000 1.00000 -0.00000
1567410260964083 0.99924 0.03889 -0.00000 -399.42347 -0.03889 0.99924 0.00000 36.93707 0.00000 -0.00000 1.00000 -0.00000
1567410261213270 0.99907 0.04323 -0.00000 -401.35952 -0.04323 0.99907 0.00000 38.67877 0.00000 -0.00000 1.00000 -0.00000
1567410261462452 0.99888 0.04738 -0.00000 -403.29509 -0.04738 0.99888 0.00000 40.35762 0.00000 -0.00000 1.00000 -0.00000
1567410261712135 0.99862 0.05248 -0.00000 -405.13434 -0.05248 0.99862 0.00000 42.45410 0.00000 -0.00000 1.00000 -0.00000
1567410261961358 0.99845 0.05564 -0.00000 -407.05683 -0.05564 0.99845 0.00000 43.68233 0.00000 -0.00000 1.00000 -0.00000
1567410262210536 0.99821 0.05978 -0.00000 -408.91183 -0.05978 0.99821 0.00000 45.37611 0.00000 -0.00000 1.00000 -0.00000
1567410262459494 0.99792 0.06443 -0.00000 -410.76425 -0.06443 0.99792 0.00000 47.28521 0.00000 -0.00000 1.00000 -0.00000
1567410262708557 0.99769 0.06791 -0.00000 -412.69563 -0.06791 0.99769 0.00000 48.66721 0.00000 -0.00000 1.00000 -0.00000
1567410262957755 0.99756 0.06979 -0.00000 -414.67997 -0.06979 0.99756 0.00000 49.48105 0.00000 -0.00000 1.00000 -0.00000
1567410263207749 0.99739 0.07222 -0.00000 -416.60855 -0.07222 0.99739 0.00000 50.46687 0.00000 -0.00000 1.00000 -0.00000
1567410263457397 0.99713 0.07572 -0.00000 -418.54272 -0.07572 0.99713 0.00000 51.93993 0.00000 -0.00000 1.00000 -0.00000
1567410263706684 0.99695 0.07805 -0.00000 -420.53476 -0.07805 0.99695 0.00000 52.88565 0.00000 -0.00000 1.00000 -0.00000
1567410263956233 0.99658 0.08259 -0.00000 -422.36592 -0.08259 0.99658 0.00000 54.82389 0.00000 -0.00000 1.00000 -0.00000
1567410264205295 0.99621 0.08698 -0.00000 -424.23432 -0.08698 0.99621 0.00000 56.66002 0.00000 -0.00000 1.00000 -0.00000
1567410264455946 0.99590 0.09046 -0.00000 -426.11141 -0.09046 0.99590 0.00000 58.12275 0.00000 -0.00000 1.00000 -0.00000
1567410264704119 0.99550 0.09475 -0.00000 -427.95214 -0.09475 0.99550 0.00000 59.95163 0.00000 -0.00000 1.00000 -0.00000
1567410264952664 0.99491 0.10074 -0.00000 -429.67946 -0.10074 0.99491 0.00000 62.49041 0.00000 -0.00000 1.00000 -0.00000
1567410265202447 0.99454 0.10438 -0.00000 -431.45336 -0.10438 0.99454 0.00000 64.06345 0.00000 -0.00000 1.00000 -0.00000
1567410265451975 0.99422 0.10738 -0.00000 -433.26198 -0.10738 0.99422 0.00000 65.32271 0.00000 -0.00000 1.00000 -0.00000
1567410265700944 0.99368 0.11229 -0.00000 -434.88287 -0.11229 0.99368 0.00000 67.45138 0.00000 -0.00000 1.00000 -0.00000
1567410265950215 0.99329 0.11568 -0.00000 -436.61889 -0.11568 0.99329 0.00000 68.93337 0.00000 -0.00000 1.00000 -0.00000
1567410266199857 0.99292 0.11876 -0.00000 -438.31520 -0.11876 0.99292 0.00000 70.27844 0.00000 -0.00000 1.00000 -0.00000
1567410266449556 0.99217 0.12493 -0.00000 -439.70566 -0.12493 0.99217 0.00000 73.01855 0.00000 -0.00000 1.00000 -0.00000
1567410266698427 0.99182 0.12763 -0.00000 -441.36741 -0.12763 0.99182 0.00000 74.17166 0.00000 -0.00000 1.00000 -0.00000
1567410266948064 0.99155 0.12970 -0.00000 -443.17220 -0.12970 0.99155 0.00000 75.04957 0.00000 -0.00000 1.00000 -0.00000
1567410267196395 0.99129 0.13173 -0.00000 -444.89222 -0.13173 0.99129 0.00000 75.95806 0.00000 -0.00000 1.00000 -0.00000
1567410267446888 0.99030 0.13893 -0.00000 -446.06179 -0.13893 0.99030 0.00000 79.16031 0.00000 -0.00000 1.00000 -0.00000
1567410267696346 0.99000 0.14105 -0.00000 -447.80663 -0.14105 0.99000 0.00000 80.11681 0.00000 -0.00000 1.00000 -0.00000
1567410267945221 0.98937 0.14543 -0.00000 -449.36777 -0.14543 0.98937 0.00000 82.10500 0.00000 -0.00000 1.00000 -0.00000
1567410268194788 0.98871 0.14986 -0.00000 -450.83104 -0.14986 0.98871 0.00000 84.07113 0.00000 -0.00000 1.00000 -0.00000
1567410268444332 0.98846 0.15146 -0.00000 -452.61025 -0.15146 0.98846 0.00000 84.79595 0.00000 -0.00000 1.00000 -0.00000
1567410268693528 0.98756 0.15725 -0.00000 -453.97477 -0.15725 0.98756 0.00000 87.43402 0.00000 -0.00000 1.00000 -0.00000
1567410268942767 0.98734 0.15863 -0.00000 -455.77993 -0.15863 0.98734 0.00000 88.09600 0.00000 -0.00000 1.00000 -0.00000
1567410269191829 0.98652 0.16365 -0.00000 -457.24471 -0.16365 0.98652 0.00000 90.44826 0.00000 -0.00000 1.00000 -0.00000
1567410269441709 0.98586 0.16755 -0.00000 -458.79761 -0.16755 0.98586 0.00000 92.23335 0.00000 -0.00000 1.00000 -0.00000
1567410269691692 0.98528 0.17094 -0.00000 -460.42131 -0.17094 0.98528 0.00000 93.80259 0.00000 -0.00000 1.00000 -0.00000
1567410269942033 0.98456 0.17504 -0.00000 -461.90676 -0.17504 0.98456 0.00000 95.74621 0.00000 -0.00000 1.00000 -0.00000
1567410270189567 0.98400 0.17819 -0.00000 -463.50242 -0.17819 0.98400 0.00000 97.20640 0.00000 -0.00000 1.00000 -0.00000
1567410270440192 0.98341 0.18140 -0.00000 -465.00485 -0.18140 0.98341 0.00000 98.73150 0.00000 -0.00000 1.00000 -0.00000
1567410270688851 0.98234 0.18709 -0.00000 -466.18991 -0.18709 0.98234 0.00000 101.36212 0.00000 -0.00000 1.00000 -0.00000
1567410270937134 0.98216 0.18806 -0.00000 -467.92699 -0.18806 0.98216 0.00000 101.86684 0.00000 -0.00000 1.00000 -0.00000
1567410271188786 0.98136 0.19220 -0.00000 -469.26627 -0.19220 0.98136 0.00000 103.82601 0.00000 -0.00000 1.00000 -0.00000
1567410271435577 0.98024 0.19781 -0.00000 -470.43971 -0.19781 0.98024 0.00000 106.50879 0.00000 -0.00000 1.00000 -0.00000
1567410271685822 0.97942 0.20182 -0.00000 -471.78364 -0.20182 0.97942 0.00000 108.44225 0.00000 -0.00000 1.00000 -0.00000
1567410271935474 0.97913 0.20323 -0.00000 -473.45157 -0.20323 0.97913 0.00000 109.11852 0.00000 -0.00000 1.00000 -0.00000
1567410272184728 0.97819 0.20771 -0.00000 -474.75193 -0.20771 0.97819 0.00000 111.25001 0.00000 -0.00000 1.00000 -0.00000
1567410272436682 0.97740 0.21139 -0.00000 -476.16646 -0.21139 0.97740 0.00000 113.02364 0.00000 -0.00000 1.00000 -0.00000
1567410272684000 0.97733 0.21172 -0.00000 -477.98528 -0.21172 0.97733 0.00000 113.17484 0.00000 -0.00000 1.00000 -0.00000
1567410272933274 0.97702 0.21315 -0.00000 -479.68646 -0.21315 0.97702 0.00000 113.89537 0.00000 -0.00000 1.00000 -0.00000
1567410273182683 0.97676 0.21433 -0.00000 -481.41405 -0.21433 0.97676 0.00000 114.46667 0.00000 -0.00000 1.00000 -0.00000
1567410273432039 0.97688 0.21379 -0.00000 -483.34050 -0.21379 0.97688 0.00000 114.18812 0.00000 -0.00000 1.00000 -0.00000
1567410273681042 0.97632 0.21633 -0.00000 -484.93673 -0.21633 0.97632 0.00000 115.46226 0.00000 -0.00000 1.00000 -0.00000
1567410273930412 0.97594 0.21804 -0.00000 -486.64052 -0.21804 0.97594 0.00000 116.28302 0.00000 -0.00000 1.00000 -0.00000
1567410274179963 0.97448 0.22449 -0.00000 -487.77169 -0.22449 0.97448 0.00000 119.43842 0.00000 -0.00000 1.00000 -0.00000
1567410274430208 0.97354 0.22850 -0.00000 -489.23749 -0.22850 0.97354 0.00000 121.49931 0.00000 -0.00000 1.00000 -0.00000
1567410274678807 0.97263 0.23236 -0.00000 -490.69768 -0.23236 0.97263 0.00000 123.40687 0.00000 -0.00000 1.00000 -0.00000
1567410274928024 0.97193 0.23525 -0.00000 -492.29693 -0.23525 0.97193 0.00000 124.84325 0.00000 -0.00000 1.00000 -0.00000
1567410275177872 0.97113 0.23855 -0.00000 -493.83647 -0.23855 0.97113 0.00000 126.48572 0.00000 -0.00000 1.00000 -0.00000
1567410275426728 0.97086 0.23963 -0.00000 -495.70370 -0.23963 0.97086 0.00000 127.08525 0.00000 -0.00000 1.00000 -0.00000
1567410275675894 0.96985 0.24369 -0.00000 -497.16794 -0.24369 0.96985 0.00000 129.14144 0.00000 -0.00000 1.00000 -0.00000
1567410275925507 0.96993 0.24340 -0.00000 -499.21700 -0.24340 0.96993 0.00000 128.96356 0.00000 -0.00000 1.00000 -0.00000
1567410276174718 0.96875 0.24805 -0.00000 -500.57721 -0.24805 0.96875 0.00000 131.40091 0.00000 -0.00000 1.00000 -0.00000
1567410276424118 0.96801 0.25092 -0.00000 -502.12359 -0.25092 0.96801 0.00000 132.80374 0.00000 -0.00000 1.00000 -0.00000
1567410276673632 0.96698 0.25487 -0.00000 -503.55074 -0.25487 0.96698 0.00000 134.86483 0.00000 -0.00000 1.00000 -0.00000
1567410276922642 0.96567 0.25976 -0.00000 -504.74969 -0.25976 0.96567 0.00000 137.41717 0.00000 -0.00000 1.00000 -0.00000
1567410277172115 0.96438 0.26454 -0.00000 -505.96611 -0.26454 0.96438 0.00000 139.88082 0.00000 -0.00000 1.00000 -0.00000
1567410277421394 0.96303 0.26939 -0.00000 -507.12147 -0.26939 0.96303 0.00000 142.42236 0.00000 -0.00000 1.00000 -0.00000
1567410277670831 0.96202 0.27298 -0.00000 -508.44875 -0.27298 0.96202 0.00000 144.29506 0.00000 -0.00000 1.00000 -0.00000
1567410277920299 0.95974 0.28088 -0.00000 -509.04309 -0.28088 0.95974 0.00000 148.42897 0.00000 -0.00000 1.00000 0.00000
1567410278169909 0.95882 0.28403 -0.00000 -510.36429 -0.28403 0.95882 0.00000 150.14468 0.00000 -0.00000 1.00000 0.00000
1567410278418758 0.95740 0.28876 -0.00000 -511.40906 -0.28876 0.95740 0.00000 152.63115 0.00000 -0.00000 1.00000 0.00000
1567410278669482 0.95530 0.29565 -0.00000 -512.01228 -0.29565 0.95530 0.00000 156.39357 0.00000 -0.00000 1.00000 0.00000
1567410278918389 0.95432 0.29880 -0.00000 -513.25506 -0.29880 0.95432 0.00000 158.02782 0.00000 -0.00000 1.00000 0.00000
1567410279167462 0.95348 0.30147 -0.00000 -514.56282 -0.30147 0.95348 0.00000 159.45636 0.00000 -0.00000 1.00000 0.00000
1567410279415518 0.95329 0.30206 -0.00000 -516.16703 -0.30206 0.95329 0.00000 159.82326 0.00000 -0.00000 1.00000 0.00000
1567410279666064 0.95204 0.30599 -0.00000 -517.13464 -0.30599 0.95204 0.00000 161.89829 0.00000 -0.00000 1.00000 0.00000
1567410279915313 0.95158 0.30739 -0.00000 -518.57304 -0.30739 0.95158 0.00000 162.61508 0.00000 -0.00000 1.00000 0.00000
1567410280164531 0.95113 0.30879 -0.00000 -519.96864 -0.30879 0.95113 0.00000 163.42437 0.00000 -0.00000 1.00000 0.00000
1567410280413674 0.95090 0.30949 -0.00000 -521.49625 -0.30949 0.95090 0.00000 163.83519 0.00000 -0.00000 1.00000 0.00000
1567410280663364 0.94991 0.31252 -0.00000 -522.50413 -0.31252 0.94991 0.00000 165.46272 0.00000 -0.00000 1.00000 0.00000
1567410280912973 0.95010 0.31193 -0.00000 -524.24255 -0.31193 0.95010 0.00000 165.09100 0.00000 -0.00000 1.00000 0.00000
1567410281161866 0.95267 0.30401 -0.00000 -527.10393 -0.30401 0.95267 0.00000 160.78246 0.00000 -0.00000 1.00000 0.00000
1567410281410852 0.95556 0.29479 -0.00000 -530.09682 -0.29479 0.95556 0.00000 155.64910 0.00000 -0.00000 1.00000 0.00000
1567410281660395 0.96092 0.27681 -0.00000 -534.27660 -0.27681 0.96092 0.00000 145.69694 0.00000 -0.00000 1.00000 0.00000
1567410281909746 0.96833 0.24968 -0.00000 -539.51910 -0.24968 0.96833 0.00000 130.62133 0.00000 -0.00000 1.00000 0.00000
1567410282159034 0.97614 0.21713 -0.00000 -544.87192 -0.21713 0.97614 0.00000 112.50042 0.00000 -0.00000 1.00000 0.00000
1567410282409495 0.98585 0.16764 -0.00000 -551.08997 -0.16764 0.98585 0.00000 84.96759 0.00000 -0.00000 1.00000 0.00000
1567410282657404 0.99367 0.11231 -0.00000 -556.03968 -0.11231 0.99367 0.00000 54.11615 0.00000 -0.00000 1.00000 0.00000
1567410282907011 0.99901 0.04458 -0.00000 -559.50889 -0.04458 0.99901 0.00000 16.32698 0.00000 -0.00000 1.00000 0.00000
1567410283156684 0.99970 -0.02442 0.00000 -560.31011 0.02442 0.99970 -0.00000 -22.20839 -0.00000 0.00000 1.00000 0.00000
1567410283404663 0.99476 -0.10224 0.00000 -557.90573 0.10224 0.99476 -0.00000 -65.69655 -0.00000 0.00000 1.00000 0.00000
1567410283654623 0.98228 -0.18741 0.00000 -551.13044 0.18741 0.98228 -0.00000 -113.34149 -0.00000 0.00000 1.00000 0.00000
1567410283903860 0.95828 -0.28583 0.00000 -537.83670 0.28583 0.95828 -0.00000 -168.42497 -0.00000 0.00000 1.00000 0.00000
1567410284152724 0.92223 -0.38664 0.00000 -517.68648 0.38664 0.92223 -0.00000 -224.86622 -0.00000 0.00000 1.00000 0.00000
1567410284402156 0.86992 -0.49320 0.00000 -488.38146 0.49320 0.86992 -0.00000 -284.47991 -0.00000 0.00000 1.00000 0.00000
1567410284651620 0.80034 -0.59955 0.00000 -449.29733 0.59955 0.80034 -0.00000 -344.01146 -0.00000 0.00000 1.00000 0.00000
1567410284900868 0.71340 -0.70075 0.00000 -400.49230 0.70075 0.71340 -0.00000 -400.69374 -0.00000 0.00000 1.00000 0.00000
1567410285150356 0.61322 -0.78991 0.00000 -344.24853 0.78991 0.61322 -0.00000 -450.48774 -0.00000 0.00000 1.00000 0.00000
1567410285399782 0.50038 -0.86581 0.00000 -280.99536 0.86581 0.50038 -0.00000 -492.91674 -0.00000 0.00000 1.00000 0.00000
1567410285650273 0.37993 -0.92501 0.00000 -213.41112 0.92501 0.37993 -0.00000 -525.96625 -0.00000 0.00000 1.00000 0.00000
1567410285899310 0.26858 -0.96326 0.00000 -151.20655 0.96326 0.26858 -0.00000 -547.20895 -0.00000 0.00000 1.00000 0.00000
1567410286147093 0.17447 -0.98466 0.00000 -98.86296 0.98466 0.17447 -0.00000 -559.17821 -0.00000 0.00000 1.00000 0.00000
1567410286396270 0.11108 -0.99381 0.00000 -63.99205 0.99381 0.11108 -0.00000 -564.23920 -0.00000 0.00000 1.00000 0.00000
1567410286646054 0.06846 -0.99765 0.00000 -40.96595 0.99765 0.06846 -0.00000 -566.44491 -0.00000 0.00000 1.00000 0.00000
1567410286896042 0.04193 -0.99912 0.00000 -27.14709 0.99912 0.04193 -0.00000 -567.42121 -0.00000 0.00000 1.00000 0.00000
1567410287144985 0.02222 -0.99975 0.00000 -17.31166 0.99975 0.02222 -0.00000 -567.90128 -0.00000 0.00000 1.00000 0.00000
1567410287396648 0.00952 -0.99995 0.00000 -11.47663 0.99995 0.00952 -0.00000 -568.17447 -0.00000 0.00000 1.00000 0.00000
1567410287645677 0.00199 -1.00000 0.00000 -8.50144 1.00000 0.00199 -0.00000 -568.13648 -0.00000 0.00000 1.00000 0.00000
1567410287893980 -0.00106 -1.00000 0.00000 -8.17391 1.00000 -0.00106 0.00000 -568.14861 0.00000 0.00000 1.00000 0.00000
1567410288143653 -0.00284 -1.00000 0.00000 -8.61113 1.00000 -0.00284 0.00000 -568.19759 0.00000 0.00000 1.00000 0.00000
1567410288393418 -0.00223 -1.00000 0.00000 -10.42225 1.00000 -0.00223 0.00000 -568.17900 0.00000 0.00000 1.00000 0.00000
1567410288644778 -0.00016 -1.00000 0.00000 -13.11982 1.00000 -0.00016 0.00000 -568.16382 0.00000 0.00000 1.00000 0.00000
1567410288894734 0.00265 -1.00000 0.00000 -16.24304 1.00000 0.00265 -0.00000 -568.12646 -0.00000 0.00000 1.00000 0.00000
1567410289142660 0.00210 -1.00000 0.00000 -17.49070 1.00000 0.00210 -0.00000 -568.14611 -0.00000 0.00000 1.00000 0.00000
1567410289391694 0.00500 -0.99999 0.00000 -20.74463 0.99999 0.00500 -0.00000 -568.12167 -0.00000 0.00000 1.00000 0.00000
1567410289641014 0.00339 -0.99999 0.00000 -21.42144 0.99999 0.00339 -0.00000 -568.14386 -0.00000 0.00000 1.00000 0.00000
1567410289890760 0.00208 -1.00000 0.00000 -22.35447 1.00000 0.00208 -0.00000 -568.18965 -0.00000 0.00000 1.00000 0.00000
1567410290140551 0.00169 -1.00000 0.00000 -23.85103 1.00000 0.00169 -0.00000 -568.18178 -0.00000 0.00000 1.00000 0.00000
1567410290389607 0.00170 -1.00000 0.00000 -25.57576 1.00000 0.00170 -0.00000 -568.21673 -0.00000 0.00000 1.00000 0.00000
1567410290639191 0.00054 -1.00000 0.00000 -26.63843 1.00000 0.00054 -0.00000 -568.20783 -0.00000 0.00000 1.00000 0.00000
