1. 0. 0. 0. 0. -1. -0. 0. 0. 0. -1. 0.
1. 0.000 0. -0.004 0.000 -1. -0. -0.027 0. 0. -1. 0.
1. -0.002 -0. 0.017 -0.002 -1. -0. -0.003 0. 0. -1. 0.
1. -0.001 -0. 0.001 -0.001 -1. -0. -0.010 0. 0. -1. 0.
1. 0.000 0. 0.031 0.000 -1. -0. 0.024 0. 0. -1. 0.
1. 0.001 0. 0.026 0.001 -1. -0. -0.028 0. 0. -1. 0.
1. -0. -0. 0.003 -0. -1. -0. -0.017 0. 0. -1. 0.
1. 0.005 0. -0.013 0.005 -1. -0. -0.021 0. 0. -1. 0.
1. 0.003 0. 0.026 0.003 -1. -0. 0.026 0. 0. -1. 0.
1. -0.001 -0. -0.009 -0.001 -1. -0. -0.034 0. 0. -1. 0.
1. -0.001 -0. 0.021 -0.001 -1. -0. -0.010 0. 0. -1. 0.
1. -0.002 -0. 0.040 -0.002 -1. -0. 0.012 0. 0. -1. 0.
1. 0.001 0. -0.006 0.001 -1. -0. 0.015 0. 0. -1. 0.
1. 0.002 0. 0.016 0.002 -1. -0. 0.011 0. 0. -1. 0.
1. 0.001 0. 0.018 0.001 -1. -0. -0.028 0. 0. -1. 0.
1. -0.000 -0. 0.022 -0.000 -1. -0. -0.033 0. 0. -1. 0.
1. 0.000 0. 0.002 0.000 -1. -0. 0.021 0. 0. -1. 0.
1. 0.003 0. 0.024 0.003 -1. -0. -0.016 0. 0. -1. 0.
1. 0.001 0. 0.014 0.001 -1. -0. -0.005 0. 0. -1. 0.
1. 0.001 0. 0.005 0.001 -1. -0. -0.015 0. 0. -1. 0.
1. -0.001 -0. 0.025 -0.001 -1. -0. 0.015 0. 0. -1. 0.
1. -0.004 -0. -0.001 -0.004 -1. -0. -0.053 0. 0. -1. 0.
1. -0.003 -0. -0.002 -0.003 -1. -0. -0.027 0. 0. -1. 0.
1. -0.001 -0. 0.012 -0.001 -1. -0. 0.020 0. 0. -1. 0.
1. 0.004 0. 0.019 0.004 -1. -0. 0.019 0. 0. -1. 0.
1. 0.004 0. 0.039 0.004 -1. -0. 0.011 0. 0. -1. 0.
1. -0.001 -0. 0.037 -0.001 -1. -0. 0.041 0. 0. -1. 0.
1. -0.005 -0. 0.021 -0.005 -1. -0. -0.055 0. 0. -1. 0.
1. -0.005 -0. 0.031 -0.005 -1. -0. -0.042 0. 0. -1. 0.
1. -0.001 -0. 0.102 -0.001 -1. -0. -0.011 0. 0. -1. 0.
1. -0.004 -0. 0.152 -0.004 -1. -0. -0.051 0. 0. -1. 0.
1. -0.003 -0. 0.240 -0.003 -1. -0. -0.070 0. 0. -1. 0.
1. -0.014 -0. 0.476 -0.014 -1. -0. -0.031 0. 0. -1. 0.
1.000 -0.030 -0. 0.738 -0.030 -1.000 -0. -0.112 0. 0. -1. 0.
0.999 -0.044 -0. 1.145 -0.044 -0.999 -0. -0.051 0. 0. -1. 0.
0.998 -0.058 -0. 1.625 -0.058 -0.998 -0. -0.097 0. 0. -1. 0.
0.998 -0.061 -0. 2.123 -0.061 -0.998 -0. -0.207 0. 0. -1. 0.
0.998 -0.068 -0. 2.857 -0.068 -0.998 -0. -0.184 0. 0. -1. 0.
0.997 -0.080 -0. 3.606 -0.080 -0.997 -0. -0.338 0. 0. -1. 0.
0.995 -0.095 -0. 4.351 -0.095 -0.995 -0. -0.407 0. 0. -1. 0.
0.995 -0.102 -0. 5.252 -0.102 -0.995 -0. -0.435 0. 0. -1. 0.
0.994 -0.109 -0. 6.228 -0.109 -0.994 -0. -0.537 0. 0. -1. 0.
0.994 -0.111 -0. 7.251 -0.111 -0.994 -0. -0.652 0. 0. -1. 0.
0.993 -0.122 -0. 8.322 -0.122 -0.993 -0. -0.713 0. 0. -1. 0.
0.991 -0.131 -0. 9.427 -0.131 -0.991 -0. -0.997 0. 0. -1. 0.
0.990 -0.138 -0. 10.584 -0.138 -0.990 -0. -1.115 0. 0. -1. 0.
0.990 -0.139 -0. 11.754 -0.139 -0.990 -0. -1.323 0. 0. -1. 0.
0.991 -0.137 -0. 13. -0.137 -0.991 -0. -1.505 0. 0. -1. 0.
0.992 -0.128 -0. 14.269 -0.128 -0.992 -0. -1.690 0. 0. -1. 0.
0.992 -0.126 -0. 15.721 -0.126 -0.992 -0. -1.808 0. 0. -1. 0.
0.992 -0.123 -0. 17.067 -0.123 -0.992 -0. -2.077 0. 0. -1. 0.
0.992 -0.123 -0. 18.571 -0.123 -0.992 -0. -2.287 0. 0. -1. 0.
0.993 -0.116 -0. 20.140 -0.116 -0.993 -0. -2.530 0. 0. -1. 0.
0.994 -0.106 -0. 21.650 -0.106 -0.994 -0. -2.796 0. 0. -1. 0.
0.995 -0.099 -0. 23.281 -0.099 -0.995 -0. -2.937 0. 0. -1. 0.
0.996 -0.085 -0. 25.021 -0.085 -0.996 -0. -3.178 0. 0. -1. 0.
0.998 -0.070 -0. 26.734 -0.070 -0.998 -0. -3.310 0. 0. -1. 0.
0.998 -0.055 -0. 28.536 -0.055 -0.998 -0. -3.473 0. 0. -1. 0.
0.999 -0.035 -0. 30.376 -0.035 -0.999 -0. -3.631 0. 0. -1. 0.
1.000 -0.021 -0. 32.166 -0.021 -1.000 -0. -3.670 0. 0. -1. 0.
1. -0.007 -0. 34.141 -0.007 -1. -0. -3.589 0. 0. -1. 0.
1. 0.001 0. 35.911 0.001 -1. -0. -3.600 0. 0. -1. 0.
1.000 0.019 0. 37.827 0.019 -1.000 -0. -3.568 0. 0. -1. 0.
1.000 0.031 0. 39.896 0.031 -1.000 -0. -3.592 0. 0. -1. 0.
0.999 0.037 0. 41.818 0.037 -0.999 -0. -3.563 0. 0. -1. 0.
0.999 0.041 0. 43.894 0.041 -0.999 -0. -3.576 0. 0. -1. 0.
0.999 0.049 0. 45.912 0.049 -0.999 -0. -3.514 0. 0. -1. 0.
0.999 0.051 0. 48.078 0.051 -0.999 -0. -3.450 0. 0. -1. 0.
0.999 0.047 0. 50.253 0.047 -0.999 -0. -3.320 0. 0. -1. 0.
0.999 0.048 0. 52.447 0.048 -0.999 -0. -3.206 0. 0. -1. 0.
0.999 0.052 0. 54.687 0.052 -0.999 -0. -3.300 0. 0. -1. 0.
0.999 0.051 0. 56.921 0.051 -0.999 -0. -3.224 0. 0. -1. 0.
0.999 0.045 0. 59.136 0.045 -0.999 -0. -3.110 0. 0. -1. 0.
0.999 0.048 0. 61.373 0.048 -0.999 -0. -3.094 0. 0. -1. 0.
0.999 0.048 0. 63.572 0.048 -0.999 -0. -2.988 0. 0. -1. 0.
0.999 0.047 0. 65.760 0.047 -0.999 -0. -2.956 0. 0. -1. 0.
0.999 0.048 0. 67.965 0.048 -0.999 -0. -2.859 0. 0. -1. 0.
0.999 0.038 0. 70.108 0.038 -0.999 -0. -2.610 0. 0. -1. 0.
0.999 0.034 0. 72.309 0.034 -0.999 -0. -2.616 0. 0. -1. 0.
0.999 0.032 0. 74.529 0.032 -0.999 -0. -2.550 0. 0. -1. 0.
1.000 0.023 0. 76.689 0.023 -1.000 -0. -2.601 0. 0. -1. 0.
1. 0.007 0. 78.786 0.007 -1. -0. -2.534 0. 0. -1. 0.
1. -0.008 -0. 81.003 -0.008 -1. -0. -2.589 0. 0. -1. 0.
0.999 -0.042 -0. 83.213 -0.042 -0.999 -0. -2.710 0. 0. -1. 0.
0.997 -0.080 -0. 85.215 -0.080 -0.997 -0. -2.780 0. 0. -1. 0.
0.992 -0.128 -0. 87.281 -0.128 -0.992 -0. -3.013 0. 0. -1. 0.
0.985 -0.171 -0. 89.390 -0.171 -0.985 -0. -3.411 0. 0. -1. 0.
0.977 -0.215 -0. 91.450 -0.215 -0.977 -0. -3.905 0. 0. -1. 0.
0.964 -0.267 -0. 93.379 -0.267 -0.964 -0. -4.506 0. 0. -1. 0.
0.951 -0.311 -0. 95.263 -0.311 -0.951 -0. -5.218 0. 0. -1. 0.
0.932 -0.364 -0. 97.199 -0.364 -0.932 -0. -5.850 0. 0. -1. 0.
0.908 -0.419 -0. 99.118 -0.419 -0.908 -0. -6.739 0. 0. -1. 0.
0.882 -0.471 -0. 100.916 -0.471 -0.882 -0. -7.551 0. 0. -1. 0.
0.846 -0.534 -0. 102.669 -0.534 -0.846 -0. -8.687 0. 0. -1. 0.
0.803 -0.596 -0. 104.413 -0.596 -0.803 -0. -9.726 0. 0. -1. 0.
0.757 -0.653 -0. 105.759 -0.653 -0.757 -0. -11.067 0. 0. -1. 0.
0.698 -0.716 -0. 107.040 -0.716 -0.698 -0. -12.589 0. 0. -1. 0.
0.640 -0.768 -0. 108.285 -0.768 -0.640 -0. -13.898 0. 0. -1. 0.
0.582 -0.813 -0. 109.283 -0.813 -0.582 -0. -15.460 0. 0. -1. 0.
0.527 -0.850 -0. 110.232 -0.850 -0.527 -0. -17.056 0. 0. -1. 0.
0.468 -0.884 -0. 111.038 -0.884 -0.468 -0. -18.692 0. 0. -1. 0.
0.428 -0.904 -0. 111.983 -0.904 -0.428 -0. -20.277 0. 0. -1. 0.
0.396 -0.918 -0. 112.577 -0.918 -0.396 -0. -22.075 0. 0. -1. 0.
0.378 -0.926 -0. 113.151 -0.926 -0.378 -0. -23.846 0. 0. -1. 0.
0.368 -0.930 -0. 113.880 -0.930 -0.368 -0. -25.606 0. 0. -1. 0.
0.364 -0.932 -0. 114.675 -0.932 -0.364 -0. -27.281 0. 0. -1. 0.
0.370 -0.929 -0. 115.302 -0.929 -0.370 -0. -29.072 0. 0. -1. 0.
0.376 -0.927 -0. 115.934 -0.927 -0.376 -0. -30.903 0. 0. -1. 0.
0.376 -0.927 -0. 116.762 -0.927 -0.376 -0. -32.699 0. 0. -1. 0.
0.383 -0.924 -0. 117.491 -0.924 -0.383 -0. -34.472 0. 0. -1. 0.
0.387 -0.922 -0. 118.200 -0.922 -0.387 -0. -36.393 0. 0. -1. 0.
0.398 -0.917 -0. 118.947 -0.917 -0.398 -0. -38.211 0. 0. -1. 0.
0.412 -0.911 -0. 119.670 -0.911 -0.412 -0. -40.060 0. 0. -1. 0.
0.425 -0.905 -0. 120.596 -0.905 -0.425 -0. -41.881 0. 0. -1. 0.
0.443 -0.897 -0. 121.337 -0.897 -0.443 -0. -43.725 0. 0. -1. 0.
0.457 -0.889 -0. 122.175 -0.889 -0.457 -0. -45.497 0. 0. -1. 0.
0.473 -0.881 -0. 123.202 -0.881 -0.473 -0. -47.160 0. 0. -1. 0.
0.489 -0.872 -0. 124.046 -0.872 -0.489 -0. -48.911 0. 0. -1. 0.
0.500 -0.866 -0. 124.972 -0.866 -0.500 -0. -50.512 0. 0. -1. 0.
0.510 -0.860 -0. 125.807 -0.860 -0.510 -0. -52.100 0. 0. -1. 0.
0.520 -0.854 -0. 126.677 -0.854 -0.520 -0. -53.688 0. 0. -1. 0.
0.520 -0.854 -0. 127.663 -0.854 -0.520 -0. -55.184 0. 0. -1. 0.
0.531 -0.847 -0. 128.367 -0.847 -0.531 -0. -56.563 0. 0. -1. 0.
0.531 -0.847 -0. 129.454 -0.847 -0.531 -0. -58.099 0. 0. -1. 0.
0.536 -0.844 -0. 130.314 -0.844 -0.536 -0. -59.457 0. 0. -1. 0.
0.546 -0.838 -0. 131.104 -0.838 -0.546 -0. -60.756 0. 0. -1. 0.
0.547 -0.837 -0. 131.953 -0.837 -0.547 -0. -62.177 0. 0. -1. 0.
0.556 -0.831 -0. 132.799 -0.831 -0.556 -0. -63.514 0. 0. -1. 0.
0.560 -0.828 -0. 133.682 -0.828 -0.560 -0. -64.738 0. 0. -1. 0.
0.574 -0.819 -0. 134.496 -0.819 -0.574 -0. -65.893 0. 0. -1. 0.
0.591 -0.806 -0. 135.411 -0.806 -0.591 -0. -67.151 0. 0. -1. 0.
0.625 -0.781 -0. 136.196 -0.781 -0.625 -0. -68.289 0. 0. -1. 0.
0.661 -0.751 -0. 137.092 -0.751 -0.661 -0. -69.321 0. 0. -1. 0.
0.700 -0.714 -0. 138.123 -0.714 -0.700 -0. -70.144 0. 0. -1. 0.
0.752 -0.659 -0. 138.965 -0.659 -0.752 -0. -70.874 0. 0. -1. 0.
0.808 -0.589 -0. 139.996 -0.589 -0.808 -0. -71.758 0. 0. -1. 0.
0.862 -0.507 -0. 141.007 -0.507 -0.862 -0. -72.450 0. 0. -1. 0.
0.914 -0.406 -0. 142.085 -0.406 -0.914 -0. -72.904 0. 0. -1. 0.
0.960 -0.281 -0. 143.147 -0.281 -0.960 -0. -73.265 0. 0. -1. 0.
0.991 -0.137 -0. 144.221 -0.137 -0.991 -0. -73.346 0. 0. -1. 0.
1. 0.007 0. 145.399 0.007 -1. -0. -73.272 0. 0. -1. 0.
0.986 0.166 0. 146.414 0.166 -0.986 -0. -73.205 0. 0. -1. 0.
0.944 0.331 0. 147.403 0.331 -0.944 -0. -72.767 0. 0. -1. 0.
0.874 0.485 0. 148.328 0.485 -0.874 -0. -72.171 0. 0. -1. 0.
0.774 0.634 0. 149.089 0.634 -0.774 -0. -71.496 0. 0. -1. 0.
0.647 0.762 0. 149.636 0.762 -0.647 -0. -70.704 0. 0. -1. 0.
0.499 0.867 0. 150.194 0.867 -0.499 -0. -69.884 0. 0. -1. 0.
0.336 0.942 0. 150.528 0.942 -0.336 -0. -68.985 0. 0. -1. 0.
0.169 0.986 0. 150.605 0.986 -0.169 -0. -67.868 0. 0. -1. 0.
-0.003 1. 0. 150.604 1. 0.003 0. -66.926 0. 0. -1. 0.
-0.177 0.984 0. 150.288 0.984 0.177 0. -66.058 0. 0. -1. 0.
-0.340 0.940 0. 149.934 0.940 0.340 0. -65.226 0. 0. -1. 0.
-0.480 0.877 0. 149.476 0.877 0.480 0. -64.231 0. 0. -1. 0.
-0.602 0.798 0. 148.789 0.798 0.602 0. -63.523 0. 0. -1. 0.
-0.692 0.722 0. 148.078 0.722 0.692 0. -62.586 0. 0. -1. 0.
-0.770 0.637 0. 147.153 0.637 0.770 0. -62.161 0. 0. -1. 0.
-0.825 0.566 0. 146.127 0.566 0.825 0. -61.359 0. 0. -1. 0.
-0.866 0.501 0. 145.158 0.501 0.866 0. -60.707 0. 0. -1. 0.
-0.895 0.447 0. 143.987 0.447 0.895 0. -60.062 0. 0. -1. 0.
-0.914 0.405 0. 142.723 0.405 0.914 0. -59.529 0. 0. -1. 0.
-0.921 0.389 0. 141.462 0.389 0.921 0. -59.058 0. 0. -1. 0.
-0.922 0.388 0. 140.211 0.388 0.922 0. -58.612 0. 0. -1. 0.
-0.912 0.411 0. 138.883 0.411 0.912 0. -57.899 0. 0. -1. 0.
-0.904 0.427 0. 137.424 0.427 0.904 0. -57.444 0. 0. -1. 0.
-0.891 0.454 0. 136.190 0.454 0.891 0. -56.506 0. 0. -1. 0.
-0.874 0.485 0. 134.838 0.485 0.874 0. -55.805 0. 0. -1. 0.
-0.850 0.527 0. 133.507 0.527 0.850 0. -55.000 0. 0. -1. 0.
-0.827 0.563 0. 132.200 0.563 0.827 0. -53.964 0. 0. -1. 0.
-0.795 0.607 0. 130.820 0.607 0.795 0. -52.884 0. 0. -1. 0.
-0.763 0.647 0. 129.550 0.647 0.763 0. -51.844 0. 0. -1. 0.
-0.725 0.688 0. 128.186 0.688 0.725 0. -50.734 0. 0. -1. 0.
-0.689 0.725 0. 127.098 0.725 0.689 0. -49.349 0. 0. -1. 0.
-0.645 0.764 0. 125.894 0.764 0.645 0. -47.961 0. 0. -1. 0.
-0.598 0.802 0. 124.775 0.802 0.598 0. -46.550 0. 0. -1. 0.
-0.556 0.831 0. 123.839 0.831 0.556 0. -45.068 0. 0. -1. 0.
-0.515 0.857 0. 122.850 0.857 0.515 0. -43.379 0. 0. -1. 0.
-0.486 0.874 0. 122.018 0.874 0.486 0. -41.770 0. 0. -1. 0.
-0.453 0.892 0. 121.139 0.892 0.453 0. -40.094 0. 0. -1. 0.
-0.428 0.904 0. 120.477 0.904 0.428 0. -38.409 0. 0. -1. 0.
-0.407 0.913 0. 119.614 0.913 0.407 0. -36.527 0. 0. -1. 0.
-0.391 0.920 0. 118.905 0.920 0.391 0. -34.785 0. 0. -1. 0.
-0.372 0.928 0. 118.322 0.928 0.372 0. -32.962 0. 0. -1. 0.
-0.370 0.929 0. 117.597 0.929 0.370 0. -31.201 0. 0. -1. 0.
-0.355 0.935 0. 116.973 0.935 0.355 0. -29.399 0. 0. -1. 0.
-0.362 0.932 0. 116.182 0.932 0.362 0. -27.456 0. 0. -1. 0.
-0.357 0.934 0. 115.611 0.934 0.357 0. -25.576 0. 0. -1. 0.
-0.378 0.926 0. 114.739 0.926 0.378 0. -23.726 0. 0. -1. 0.
-0.403 0.915 0. 114.009 0.915 0.403 0. -21.812 0. 0. -1. 0.
-0.443 0.896 0. 113.140 0.896 0.443 0. -19.964 0. 0. -1. 0.
-0.482 0.876 0. 112.223 0.876 0.482 0. -18.079 0. 0. -1. 0.
-0.524 0.852 0. 111.194 0.852 0.524 0. -16.175 0. 0. -1. 0.
-0.570 0.822 0. 110.045 0.822 0.570 0. -14.436 0. 0. -1. 0.
-0.616 0.788 0. 108.825 0.788 0.616 0. -12.847 0. 0. -1. 0.
-0.670 0.742 0. 107.623 0.742 0.670 0. -11.226 0. 0. -1. 0.
-0.727 0.686 0. 105.999 0.686 0.727 0. -9.825 0. 0. -1. 0.
-0.778 0.628 0. 104.332 0.628 0.778 0. -8.491 0. 0. -1. 0.
-0.826 0.563 0. 102.727 0.563 0.826 0. -7.199 0. 0. -1. 0.
-0.861 0.508 0. 100.898 0.508 0.861 0. -6.140 0. 0. -1. 0.
-0.897 0.442 0. 99.151 0.442 0.897 0. -5.131 0. 0. -1. 0.
-0.924 0.382 0. 97.290 0.382 0.924 0. -4.398 0. 0. -1. 0.
-0.949 0.316 0. 95.441 0.316 0.949 0. -3.663 0. 0. -1. 0.
-0.971 0.240 0. 93.457 0.240 0.971 0. -3.055 0. 0. -1. 0.
-0.985 0.173 0. 91.193 0.173 0.985 0. -2.684 0. 0. -1. 0.
-0.993 0.115 0. 89.117 0.115 0.993 0. -2.361 0. 0. -1. 0.
-0.998 0.060 0. 86.972 0.060 0.998 0. -2.241 0. 0. -1. 0.
-1.000 0.024 0. 84.809 0.024 1.000 0. -2.209 0. 0. -1. 0.
-1.000 0.015 0. 82.630 0.015 1.000 0. -2.185 0. 0. -1. 0.
-1. -0.000 -0. 80.454 -0.000 1. 0. -2.185 0. 0. -1. 0.
-1. -0.006 -0. 78.209 -0.006 1. 0. -2.168 0. 0. -1. 0.
-1. -0.012 -0. 75.964 -0.012 1. 0. -2.178 0. 0. -1. 0.
-1.000 -0.015 -0. 73.686 -0.015 1.000 0. -2.152 0. 0. -1. 0.
-1. -0.009 -0. 71.414 -0.009 1. 0. -2.140 0. 0. -1. 0.
-1.000 -0.016 -0. 69.118 -0.016 1.000 0. -2.133 0. 0. -1. 0.
-1.000 -0.019 -0. 66.834 -0.019 1.000 0. -2.236 0. 0. -1. 0.
-1.000 -0.017 -0. 64.507 -0.017 1.000 0. -2.269 0. 0. -1. 0.
-1.000 -0.016 -0. 62.225 -0.016 1.000 0. -2.136 0. 0. -1. 0.
-1.000 -0.016 -0. 60.018 -0.016 1.000 0. -2.050 0. 0. -1. 0.
-1.000 -0.025 -0. 57.664 -0.025 1.000 0. -2.120 0. 0. -1. 0.
-0.999 -0.038 -0. 55.487 -0.038 0.999 0. -2.089 0. 0. -1. 0.
-0.999 -0.041 -0. 53.229 -0.041 0.999 0. -2.333 0. 0. -1. 0.
-0.999 -0.051 -0. 51.008 -0.051 0.999 0. -2.306 0. 0. -1. 0.
-0.999 -0.052 -0. 48.770 -0.052 0.999 0. -2.364 0. 0. -1. 0.
-0.999 -0.048 -0. 46.646 -0.048 0.999 0. -2.468 0. 0. -1. 0.
-0.999 -0.032 -0. 44.458 -0.032 0.999 0. -2.512 0. 0. -1. 0.
-1.000 -0.017 -0. 42.346 -0.017 1.000 0. -2.458 0. 0. -1. 0.
-1. 0.001 0. 40.192 0.001 1. 0. -2.381 0. 0. -1. 0.
-1.000 0.023 0. 38.070 0.023 1.000 0. -2.421 0. 0. -1. 0.
-0.999 0.034 0. 35.859 0.034 0.999 0. -2.303 0. 0. -1. 0.
-0.999 0.049 0. 33.765 0.049 0.999 0. -2.237 0. 0. -1. 0.
-0.998 0.061 0. 31.541 0.061 0.998 0. -2.079 0. 0. -1. 0.
-0.998 0.070 0. 29.393 0.070 0.998 0. -1.751 0. 0. -1. 0.
-0.997 0.082 0. 27.146 0.082 0.997 0. -1.586 0. 0. -1. 0.
-0.996 0.085 0. 25.017 0.085 0.996 0. -1.195 0. 0. -1. 0.
-0.995 0.096 0. 22.760 0.096 0.995 0. -1.108 0. 0. -1. 0.
-0.995 0.096 0. 20.579 0.096 0.995 0. -0.723 0. 0. -1. 0.
-0.995 0.095 0. 18.309 0.095 0.995 0. -0.504 0. 0. -1. 0.
-0.995 0.100 0. 16.113 0.100 0.995 0. -0.360 0. 0. -1. 0.
-0.995 0.096 0. 13.833 0.096 0.995 0. 0.002 0. 0. -1. 0.
-0.996 0.094 0. 11.552 0.094 0.996 0. 0.144 0. 0. -1. 0.
-0.996 0.094 0. 9.358 0.094 0.996 0. 0.299 0. 0. -1. 0.
-0.996 0.085 0. 7.157 0.085 0.996 0. 0.468 0. 0. -1. 0.
-0.997 0.080 0. 4.867 0.080 0.997 0. 0.802 0. 0. -1. 0.
-0.997 0.076 0. 2.699 0.076 0.997 0. 1.012 0. 0. -1. 0.
-0.997 0.074 0. 0.464 0.074 0.997 0. 1.069 0. 0. -1. 0.
-0.997 0.071 0. -1.744 0.071 0.997 0. 1.278 0. 0. -1. 0.
-0.998 0.069 0. -3.917 0.069 0.998 0. 1.527 0. 0. -1. 0.
-0.998 0.065 0. -6.115 0.065 0.998 0. 1.770 0. 0. -1. 0.
-0.998 0.061 0. -8.310 0.061 0.998 0. 1.833 0. 0. -1. 0.
-0.999 0.053 0. -10.417 0.053 0.999 0. 2.055 0. 0. -1. 0.
-0.999 0.047 0. -12.553 0.047 0.999 0. 2.057 0. 0. -1. 0.
-0.999 0.044 0. -14.719 0.044 0.999 0. 2.116 0. 0. -1. 0.
-0.999 0.035 0. -16.875 0.035 0.999 0. 2.291 0. 0. -1. 0.
-0.999 0.040 0. -19.060 0.040 0.999 0. 2.348 0. 0. -1. 0.
-0.999 0.038 0. -21.147 0.038 0.999 0. 2.420 0. 0. -1. 0.
-0.999 0.038 0. -23.395 0.038 0.999 0. 2.567 0. 0. -1. 0.
-0.999 0.036 0. -25.506 0.036 0.999 0. 2.770 0. 0. -1. 0.
-0.999 0.034 0. -27.566 0.034 0.999 0. 2.798 0. 0. -1. 0.
-0.999 0.033 0. -29.868 0.033 0.999 0. 2.843 0. 0. -1. 0.
-0.999 0.038 0. -31.977 0.038 0.999 0. 2.915 0. 0. -1. 0.
-0.999 0.034 0. -34.159 0.034 0.999 0. 2.945 0. 0. -1. 0.
-1.000 0.030 0. -36.381 0.030 1.000 0. 3.112 0. 0. -1. 0.
-0.999 0.034 0. -38.513 0.034 0.999 0. 3.236 0. 0. -1. 0.
-0.999 0.034 0. -40.648 0.034 0.999 0. 3.225 0. 0. -1. 0.
-1.000 0.028 0. -42.827 0.028 1.000 0. 3.445 0. 0. -1. 0.
-1.000 0.024 0. -44.853 0.024 1.000 0. 3.564 0. 0. -1. 0.
-1.000 0.016 0. -46.875 0.016 1.000 0. 3.604 0. 0. -1. 0.
-1.000 0.015 0. -48.785 0.015 1.000 0. 3.661 0. 0. -1. 0.
-1. 0.013 0. -50.700 0.013 1. 0. 3.779 0. 0. -1. 0.
-1.000 0.016 0. -52.451 0.016 1.000 0. 3.754 0. 0. -1. 0.
-1.000 0.025 0. -54.371 0.025 1.000 0. 3.764 0. 0. -1. 0.
-0.999 0.035 0. -56.093 0.035 0.999 0. 3.827 0. 0. -1. 0.
-0.999 0.050 0. -57.669 0.050 0.999 0. 3.926 0. 0. -1. 0.
-0.998 0.070 0. -59.150 0.070 0.998 0. 4.064 0. 0. -1. 0.
-0.996 0.089 0. -60.575 0.089 0.996 0. 4.196 0. 0. -1. 0.
-0.992 0.124 0. -61.939 0.124 0.992 0. 4.330 0. 0. -1. 0.
-0.987 0.158 0. -63.223 0.158 0.987 0. 4.574 0. 0. -1. 0.
-0.978 0.210 0. -64.363 0.210 0.978 0. 5.093 0. 0. -1. 0.
-0.960 0.281 0. -65.469 0.281 0.960 0. 5.103 0. 0. -1. 0.
-0.936 0.352 0. -66.438 0.352 0.936 0. 5.552 0. 0. -1. 0.
-0.901 0.434 0. -67.411 0.434 0.901 0. 6.107 0. 0. -1. 0.
-0.846 0.533 0. -68.342 0.533 0.846 0. 6.621 0. 0. -1. 0.
-0.777 0.629 0. -69.050 0.629 0.777 0. 7.277 0. 0. -1. 0.
-0.691 0.723 0. -69.691 0.723 0.691 0. 8.055 0. 0. -1. 0.
-0.598 0.801 0. -70.143 0.801 0.598 0. 8.923 0. 0. -1. 0.
-0.496 0.869 0. -70.607 0.869 0.496 0. 9.761 0. 0. -1. 0.
-0.401 0.916 0. -70.956 0.916 0.401 0. 10.708 0. 0. -1. 0.
-0.307 0.952 0. -71.338 0.952 0.307 0. 11.741 0. 0. -1. 0.
-0.215 0.977 0. -71.508 0.977 0.215 0. 12.831 0. 0. -1. 0.
-0.146 0.989 0. -71.545 0.989 0.146 0. 13.931 0. 0. -1. 0.
-0.101 0.995 0. -71.619 0.995 0.101 0. 15.202 0. 0. -1. 0.
-0.067 0.998 0. -71.677 0.998 0.067 0. 16.494 0. 0. -1. 0.
-0.043 0.999 0. -71.771 0.999 0.043 0. 17.809 0. 0. -1. 0.
-0.025 1.000 0. -71.825 1.000 0.025 0. 19.156 0. 0. -1. 0.
-0.021 1.000 0. -71.859 1.000 0.021 0. 20.684 0. 0. -1. 0.
-0.007 1. 0. -71.761 1. 0.007 0. 22.140 0. 0. -1. 0.
0.004 1. 0. -71.994 1. -0.004 -0. 23.776 0. 0. -1. 0.
0.012 1. 0. -71.612 1. -0.012 -0. 25.468 0. 0. -1. 0.
0.027 1.000 0. -71.726 1.000 -0.027 -0. 27.139 0. 0. -1. 0.
0.035 0.999 0. -71.555 0.999 -0.035 -0. 28.867 0. 0. -1. 0.
0.051 0.999 0. -71.439 0.999 -0.051 -0. 30.699 0. 0. -1. 0.
0.059 0.998 0. -71.272 0.998 -0.059 -0. 32.442 0. 0. -1. 0.
0.077 0.997 0. -71.166 0.997 -0.077 -0. 34.380 0. 0. -1. 0.
0.099 0.995 0. -70.848 0.995 -0.099 -0. 36.257 0. 0. -1. 0.
0.123 0.992 0. -70.732 0.992 -0.123 -0. 38.114 0. 0. -1. 0.
0.146 0.989 0. -70.395 0.989 -0.146 -0. 39.926 0. 0. -1. 0.
0.158 0.987 0. -70.068 0.987 -0.158 -0. 41.786 0. 0. -1. 0.
0.166 0.986 0. -69.590 0.986 -0.166 -0. 43.686 0. 0. -1. 0.
0.167 0.986 0. -69.222 0.986 -0.167 -0. 45.406 0. 0. -1. 0.
0.165 0.986 0. -68.957 0.986 -0.165 -0. 47.395 0. 0. -1. 0.
0.147 0.989 0. -68.600 0.989 -0.147 -0. 49.306 0. 0. -1. 0.
0.130 0.992 0. -68.324 0.992 -0.130 -0. 51.381 0. 0. -1. 0.
0.110 0.994 0. -68.068 0.994 -0.110 -0. 53.299 0. 0. -1. 0.
0.099 0.995 0. -67.901 0.995 -0.099 -0. 55.270 0. 0. -1. 0.
0.083 0.997 0. -67.637 0.997 -0.083 -0. 57.355 0. 0. -1. 0.
0.069 0.998 0. -67.363 0.998 -0.069 -0. 59.427 0. 0. -1. 0.
0.045 0.999 0. -67.352 0.999 -0.045 -0. 61.503 0. 0. -1. 0.
0.036 0.999 0. -67.174 0.999 -0.036 -0. 63.498 0. 0. -1. 0.
0.025 1.000 0. -67.104 1.000 -0.025 -0. 65.562 0. 0. -1. 0.
0.011 1. 0. -67.115 1. -0.011 -0. 67.399 0. 0. -1. 0.
0.008 1. 0. -67.109 1. -0.008 -0. 69.512 0. 0. -1. 0.
-0.002 1. 0. -67.048 1. 0.002 0. 71.373 0. 0. -1. 0.
0.006 1. 0. -66.949 1. -0.006 -0. 73.332 0. 0. -1. 0.
0.009 1. 0. -66.953 1. -0.009 -0. 75.147 0. 0. -1. 0.
0.003 1. 0. -66.911 1. -0.003 -0. 77.018 0. 0. -1. 0.
-0.000 1. 0. -66.880 1. 0.000 0. 78.742 0. 0. -1. 0.
-0.008 1. 0. -66.812 1. 0.008 0. 80.469 0. 0. -1. 0.
-0.034 0.999 0. -67.033 0.999 0.034 0. 82.137 0. 0. -1. 0.
-0.068 0.998 0. -66.968 0.998 0.068 0. 83.764 0. 0. -1. 0.
-0.106 0.994 0. -67.027 0.994 0.106 0. 85.326 0. 0. -1. 0.
-0.170 0.985 0. -67.317 0.985 0.170 0. 86.765 0. 0. -1. 0.
-0.235 0.972 0. -67.564 0.972 0.235 0. 88.432 0. 0. -1. 0.
-0.303 0.953 0. -68.040 0.953 0.303 0. 89.766 0. 0. -1. 0.
-0.384 0.923 0. -68.634 0.923 0.384 0. 91.181 0. 0. -1. 0.
-0.465 0.885 0. -69.104 0.885 0.465 0. 92.619 0. 0. -1. 0.
-0.551 0.835 0. -69.955 0.835 0.551 0. 93.819 0. 0. -1. 0.
-0.636 0.772 0. -70.764 0.772 0.636 0. 95.027 0. 0. -1. 0.
-0.714 0.700 0. -71.908 0.700 0.714 0. 96.084 0. 0. -1. 0.
-0.783 0.622 0. -72.990 0.622 0.783 0. 97.091 0. 0. -1. 0.
-0.847 0.531 0. -74.218 0.531 0.847 0. 97.827 0. 0. -1. 0.
-0.896 0.443 0. -75.518 0.443 0.896 0. 98.600 0. 0. -1. 0.
-0.932 0.362 0. -76.851 0.362 0.932 0. 99.068 0. 0. -1. 0.
-0.954 0.301 0. -78.222 0.301 0.954 0. 99.556 0. 0. -1. 0.
-0.966 0.257 0. -79.672 0.257 0.966 0. 99.900 0. 0. -1. 0.
-0.975 0.222 0. -81.075 0.222 0.975 0. 100.242 0. 0. -1. 0.
-0.979 0.206 0. -82.555 0.206 0.979 0. 100.399 0. 0. -1. 0.
-0.981 0.195 0. -83.980 0.195 0.981 0. 100.917 0. 0. -1. 0.
-0.981 0.193 0. -85.596 0.193 0.981 0. 101.132 0. 0. -1. 0.
-0.977 0.215 0. -87.242 0.215 0.977 0. 101.385 0. 0. -1. 0.
-0.963 0.268 0. -88.777 0.268 0.963 0. 101.883 0. 0. -1. 0.
-0.948 0.319 0. -90.336 0.319 0.948 0. 102.441 0. 0. -1. 0.
-0.926 0.378 0. -91.965 0.378 0.926 0. 103.124 0. 0. -1. 0.
-0.901 0.434 0. -93.513 0.434 0.901 0. 104.045 0. 0. -1. 0.
-0.868 0.497 0. -95.004 0.497 0.868 0. 104.927 0. 0. -1. 0.
-0.834 0.551 0. -96.505 0.551 0.834 0. 105.975 0. 0. -1. 0.
-0.802 0.598 0. -98.137 0.598 0.802 0. 107.017 0. 0. -1. 0.
-0.774 0.634 0. -99.534 0.634 0.774 0. 108.225 0. 0. -1. 0.
-0.746 0.666 0. -101.061 0.666 0.746 0. 109.577 0. 0. -1. 0.
-0.727 0.687 0. -102.578 0.687 0.727 0. 110.919 0. 0. -1. 0.
-0.714 0.700 0. -103.954 0.700 0.714 0. 112.437 0. 0. -1. 0.
-0.707 0.707 0. -105.437 0.707 0.707 0. 114.028 0. 0. -1. 0.
-0.702 0.712 0. -106.894 0.712 0.702 0. 115.522 0. 0. -1. 0.
-0.698 0.716 0. -108.493 0.716 0.698 0. 117.126 0. 0. -1. 0.
-0.692 0.722 0. -110.025 0.722 0.692 0. 118.738 0. 0. -1. 0.
-0.695 0.719 0. -111.531 0.719 0.695 0. 120.531 0. 0. -1. 0.
-0.690 0.724 0. -113.106 0.724 0.690 0. 122.304 0. 0. -1. 0.
-0.694 0.720 0. -114.715 0.720 0.694 0. 124.019 0. 0. -1. 0.
-0.691 0.723 0. -116.398 0.723 0.691 0. 125.792 0. 0. -1. 0.
-0.694 0.720 0. -118.144 0.720 0.694 0. 127.510 0. 0. -1. 0.
-0.690 0.723 0. -119.922 0.723 0.690 0. 129.397 0. 0. -1. 0.
-0.690 0.724 0. -121.480 0.724 0.690 0. 131.203 0. 0. -1. 0.
-0.694 0.720 0. -123.271 0.720 0.694 0. 133.256 0. 0. -1. 0.
-0.692 0.722 0. -124.962 0.722 0.692 0. 135.055 0. 0. -1. 0.
-0.693 0.721 0. -126.866 0.721 0.693 0. 136.918 0. 0. -1. 0.
-0.692 0.722 0. -128.544 0.722 0.692 0. 138.746 0. 0. -1. 0.
-0.692 0.722 0. -130.338 0.722 0.692 0. 140.639 0. 0. -1. 0.
-0.695 0.719 0. -132.056 0.719 0.695 0. 142.498 0. 0. -1. 0.
-0.696 0.718 0. -133.793 0.718 0.696 0. 144.483 0. 0. -1. 0.
-0.693 0.721 0. -135.600 0.721 0.693 0. 146.366 0. 0. -1. 0.
-0.691 0.723 0. -137.298 0.723 0.691 0. 148.360 0. 0. -1. 0.
-0.689 0.725 0. -139.158 0.725 0.689 0. 150.288 0. 0. -1. 0.
-0.686 0.728 0. -140.865 0.728 0.686 0. 152.173 0. 0. -1. 0.
-0.676 0.737 0. -142.639 0.737 0.676 0. 154.071 0. 0. -1. 0.
-0.660 0.751 0. -144.229 0.751 0.660 0. 155.965 0. 0. -1. 0.
-0.648 0.762 0. -145.933 0.762 0.648 0. 157.858 0. 0. -1. 0.
-0.624 0.782 0. -147.515 0.782 0.624 0. 159.989 0. 0. -1. 0.
-0.603 0.798 0. -148.864 0.798 0.603 0. 161.929 0. 0. -1. 0.
-0.573 0.819 0. -150.277 0.819 0.573 0. 163.990 0. 0. -1. 0.
-0.539 0.842 0. -151.768 0.842 0.539 0. 166.044 0. 0. -1. 0.
-0.511 0.860 0. -152.838 0.860 0.511 0. 168.259 0. 0. -1. 0.
-0.475 0.880 0. -153.904 0.880 0.475 0. 170.449 0. 0. -1. 0.
-0.432 0.902 0. -155.277 0.902 0.432 0. 172.626 0. 0. -1. 0.
-0.386 0.922 0. -156.196 0.922 0.386 0. 174.814 0. 0. -1. 0.
-0.341 0.940 0. -156.895 0.940 0.341 0. 177.137 0. 0. -1. 0.
-0.302 0.953 0. -157.807 0.953 0.302 0. 179.281 0. 0. -1. 0.
-0.254 0.967 0. -158.330 0.967 0.254 0. 181.682 0. 0. -1. 0.
-0.213 0.977 0. -158.749 0.977 0.213 0. 184.097 0. 0. -1. 0.
-0.182 0.983 0. -159.321 0.983 0.182 0. 186.396 0. 0. -1. 0.
-0.154 0.988 0. -159.628 0.988 0.154 0. 188.861 0. 0. -1. 0.
-0.129 0.992 0. -159.895 0.992 0.129 0. 191.211 0. 0. -1. 0.
-0.115 0.993 0. -159.933 0.993 0.115 0. 193.661 0. 0. -1. 0.
-0.108 0.994 0. -160.372 0.994 0.108 0. 196.076 0. 0. -1. 0.
-0.100 0.995 0. -160.384 0.995 0.100 0. 198.528 0. 0. -1. 0.
-0.102 0.995 0. -160.467 0.995 0.102 0. 200.961 0. 0. -1. 0.
-0.089 0.996 0. -160.712 0.996 0.089 0. 203.416 0. 0. -1. 0.
-0.092 0.996 0. -161.023 0.996 0.092 0. 205.807 0. 0. -1. 0.
-0.101 0.995 0. -161.159 0.995 0.101 0. 208.273 0. 0. -1. 0.
-0.104 0.995 0. -161.422 0.995 0.104 0. 210.680 0. 0. -1. 0.
-0.121 0.993 0. -161.453 0.993 0.121 0. 213.156 0. 0. -1. 0.
-0.143 0.990 0. -161.639 0.990 0.143 0. 215.457 0. 0. -1. 0.
-0.168 0.986 0. -162.238 0.986 0.168 0. 217.706 0. 0. -1. 0.
-0.208 0.978 0. -162.731 0.978 0.208 0. 220.043 0. 0. -1. 0.
-0.261 0.965 0. -163.263 0.965 0.261 0. 222.366 0. 0. -1. 0.
-0.314 0.949 0. -163.904 0.949 0.314 0. 224.513 0. 0. -1. 0.
-0.372 0.928 0. -164.697 0.928 0.372 0. 226.629 0. 0. -1. 0.
-0.435 0.901 0. -165.526 0.901 0.435 0. 228.649 0. 0. -1. 0.
-0.500 0.866 0. -166.636 0.866 0.500 0. 230.529 0. 0. -1. 0.
-0.570 0.821 0. -167.756 0.821 0.570 0. 232.348 0. 0. -1. 0.
-0.640 0.769 0. -169.276 0.769 0.640 0. 234.023 0. 0. -1. 0.
-0.705 0.709 0. -170.635 0.709 0.705 0. 235.579 0. 0. -1. 0.
-0.765 0.644 0. -172.431 0.644 0.765 0. 237.033 0. 0. -1. 0.
-0.821 0.572 0. -174.098 0.572 0.821 0. 238.332 0. 0. -1. 0.
-0.864 0.504 0. -176.036 0.504 0.864 0. 239.431 0. 0. -1. 0.
-0.897 0.441 0. -178.026 0.441 0.897 0. 240.466 0. 0. -1. 0.
-0.922 0.387 0. -180.066 0.387 0.922 0. 241.381 0. 0. -1. 0.
-0.936 0.351 0. -182.195 0.351 0.936 0. 242.247 0. 0. -1. 0.
-0.943 0.333 0. -184.168 0.333 0.943 0. 243.212 0. 0. -1. 0.
-0.948 0.319 0. -186.473 0.319 0.948 0. 243.976 0. 0. -1. 0.
-0.953 0.304 0. -188.755 0.304 0.953 0. 244.672 0. 0. -1. 0.
-0.955 0.295 0. -191.106 0.295 0.955 0. 245.417 0. 0. -1. 0.
-0.959 0.285 0. -193.388 0.285 0.959 0. 246.174 0. 0. -1. 0.
-0.959 0.283 0. -195.830 0.283 0.959 0. 246.931 0. 0. -1. 0.
-0.961 0.278 0. -198.110 0.278 0.961 0. 247.711 0. 0. -1. 0.
-0.962 0.273 0. -200.557 0.273 0.962 0. 248.374 0. 0. -1. 0.
-0.963 0.269 0. -202.952 0.269 0.963 0. 249.075 0. 0. -1. 0.
-0.964 0.265 0. -205.260 0.265 0.964 0. 249.788 0. 0. -1. 0.
-0.965 0.263 0. -207.727 0.263 0.965 0. 250.475 0. 0. -1. 0.
-0.965 0.263 0. -209.868 0.263 0.965 0. 251.182 0. 0. -1. 0.
-0.965 0.262 0. -212.320 0.262 0.965 0. 251.765 0. 0. -1. 0.
-0.966 0.259 0. -214.609 0.259 0.966 0. 252.432 0. 0. -1. 0.
-0.966 0.258 0. -216.775 0.258 0.966 0. 253.239 0. 0. -1. 0.
-0.966 0.258 0. -218.937 0.258 0.966 0. 253.780 0. 0. -1. 0.
-0.964 0.267 0. -221.211 0.267 0.964 0. 254.305 0. 0. -1. 0.
-0.961 0.278 0. -223.204 0.278 0.961 0. 255.129 0. 0. -1. 0.
-0.957 0.290 0. -225.123 0.290 0.957 0. 255.767 0. 0. -1. 0.
-0.953 0.303 0. -227.031 0.303 0.953 0. 256.328 0. 0. -1. 0.
-0.948 0.318 0. -228.880 0.318 0.948 0. 256.888 0. 0. -1. 0.
-0.942 0.337 0. -230.578 0.337 0.942 0. 257.652 0. 0. -1. 0.
-0.930 0.367 0. -232.230 0.367 0.930 0. 258.353 0. 0. -1. 0.
-0.917 0.398 0. -233.655 0.398 0.917 0. 259.003 0. 0. -1. 0.
-0.905 0.425 0. -235.011 0.425 0.905 0. 259.629 0. 0. -1. 0.
-0.894 0.449 0. -236.413 0.449 0.894 0. 260.316 0. 0. -1. 0.
-0.888 0.460 0. -237.430 0.460 0.888 0. 260.959 0. 0. -1. 0.
-0.885 0.466 0. -238.804 0.466 0.885 0. 261.574 0. 0. -1. 0.
-0.886 0.464 0. -239.877 0.464 0.886 0. 262.184 0. 0. -1. 0.
-0.889 0.458 0. -241.020 0.458 0.889 0. 262.807 0. 0. -1. 0.
-0.894 0.447 0. -241.920 0.447 0.894 0. 263.392 0. 0. -1. 0.
-0.896 0.445 0. -242.885 0.445 0.896 0. 263.736 0. 0. -1. 0.
-0.896 0.444 0. -243.738 0.444 0.896 0. 264.249 0. 0. -1. 0.
-0.898 0.441 0. -244.668 0.441 0.898 0. 264.630 0. 0. -1. 0.
-0.895 0.446 0. -245.197 0.446 0.895 0. 265.072 0. 0. -1. 0.
-0.897 0.442 0. -245.827 0.442 0.897 0. 265.346 0. 0. -1. 0.
-0.895 0.445 0. -246.383 0.445 0.895 0. 265.661 0. 0. -1. 0.
-0.892 0.453 0. -246.824 0.453 0.892 0. 265.955 0. 0. -1. 0.
-0.891 0.453 0. -247.201 0.453 0.891 0. 266.048 0. 0. -1. 0.
-0.889 0.457 0. -247.576 0.457 0.889 0. 266.264 0. 0. -1. 0.
-0.890 0.456 0. -247.802 0.456 0.890 0. 266.264 0. 0. -1. 0.
-0.889 0.458 0. -247.997 0.458 0.889 0. 266.407 0. 0. -1. 0.
-0.888 0.460 0. -248.223 0.460 0.888 0. 266.638 0. 0. -1. 0.
-0.887 0.461 0. -248.242 0.461 0.887 0. 266.751 0. 0. -1. 0.
-0.887 0.462 0. -248.311 0.462 0.887 0. 266.547 0. 0. -1. 0.
-0.885 0.465 0. -248.537 0.465 0.885 0. 266.709 0. 0. -1. 0.
-0.886 0.465 0. -248.574 0.465 0.886 0. 266.748 0. 0. -1. 0.
-0.886 0.463 0. -248.692 0.463 0.886 0. 266.736 0. 0. -1. 0.
-0.883 0.470 0. -248.830 0.470 0.883 0. 266.826 0. 0. -1. 0.
-0.882 0.472 0. -248.894 0.472 0.882 0. 266.990 0. 0. -1. 0.
-0.883 0.469 0. -249.001 0.469 0.883 0. 267.018 0. 0. -1. 0.
-0.882 0.471 0. -249.263 0.471 0.882 0. 267.098 0. 0. -1. 0.
-0.881 0.472 0. -249.354 0.472 0.881 0. 267.186 0. 0. -1. 0.
-0.880 0.474 0. -249.533 0.474 0.880 0. 267.328 0. 0. -1. 0.
-0.881 0.473 0. -249.637 0.473 0.881 0. 267.405 0. 0. -1. 0.
-0.880 0.476 0. -249.899 0.476 0.880 0. 267.525 0. 0. -1. 0.
-0.877 0.481 0. -250.048 0.481 0.877 0. 267.648 0. 0. -1. 0.
-0.875 0.484 0. -250.274 0.484 0.875 0. 267.748 0. 0. -1. 0.
-0.874 0.486 0. -250.540 0.486 0.874 0. 267.815 0. 0. -1. 0.
-0.867 0.498 0. -250.977 0.498 0.867 0. 268.002 0. 0. -1. 0.
-0.859 0.512 0. -251.384 0.512 0.859 0. 268.319 0. 0. -1. 0.
-0.842 0.540 0. -251.871 0.540 0.842 0. 268.597 0. 0. -1. 0.
-0.817 0.576 0. -252.330 0.576 0.817 0. 269.106 0. 0. -1. 0.
-0.783 0.622 0. -253.121 0.622 0.783 0. 269.525 0. 0. -1. 0.
-0.738 0.675 0. -253.713 0.675 0.738 0. 270.157 0. 0. -1. 0.
-0.674 0.739 0. -254.284 0.739 0.674 0. 271.147 0. 0. -1. 0.
-0.599 0.801 0. -254.829 0.801 0.599 0. 271.721 0. 0. -1. 0.
-0.525 0.851 0. -255.287 0.851 0.525 0. 272.600 0. 0. -1. 0.
-0.448 0.894 0. -255.604 0.894 0.448 0. 273.608 0. 0. -1. 0.
-0.357 0.934 0. -256.146 0.934 0.357 0. 274.645 0. 0. -1. 0.
-0.272 0.962 0. -256.317 0.962 0.272 0. 275.824 0. 0. -1. 0.
-0.185 0.983 0. -256.594 0.983 0.185 0. 277.069 0. 0. -1. 0.
-0.093 0.996 0. -256.624 0.996 0.093 0. 278.433 0. 0. -1. 0.
-0.004 1. 0. -256.540 1. 0.004 0. 279.808 0. 0. -1. 0.
0.073 0.997 0. -256.495 0.997 -0.073 -0. 281.168 0. 0. -1. 0.
0.125 0.992 0. -256.152 0.992 -0.125 -0. 282.664 0. 0. -1. 0.
0.164 0.987 0. -255.913 0.987 -0.164 -0. 284.201 0. 0. -1. 0.
0.195 0.981 0. -255.515 0.981 -0.195 -0. 285.824 0. 0. -1. 0.
0.211 0.977 0. -255.285 0.977 -0.211 -0. 287.490 0. 0. -1. 0.
0.225 0.974 0. -254.794 0.974 -0.225 -0. 289.309 0. 0. -1. 0.
0.233 0.972 0. -254.295 0.972 -0.233 -0. 290.985 0. 0. -1. 0.
0.240 0.971 0. -253.929 0.971 -0.240 -0. 292.759 0. 0. -1. 0.
0.239 0.971 0. -253.391 0.971 -0.239 -0. 294.650 0. 0. -1. 0.
0.245 0.970 0. -252.868 0.970 -0.245 -0. 296.521 0. 0. -1. 0.
0.240 0.971 0. -252.312 0.971 -0.240 -0. 298.340 0. 0. -1. 0.
0.244 0.970 0. -251.774 0.970 -0.244 -0. 300.253 0. 0. -1. 0.
0.247 0.969 0. -251.317 0.969 -0.247 -0. 302.247 0. 0. -1. 0.
0.245 0.970 0. -250.783 0.970 -0.245 -0. 304.211 0. 0. -1. 0.
0.245 0.969 0. -250.336 0.969 -0.245 -0. 306.110 0. 0. -1. 0.
0.250 0.968 0. -249.723 0.968 -0.250 -0. 308.030 0. 0. -1. 0.
0.251 0.968 0. -249.210 0.968 -0.251 -0. 309.952 0. 0. -1. 0.
0.252 0.968 0. -248.682 0.968 -0.252 -0. 311.886 0. 0. -1. 0.
0.251 0.968 0. -248.139 0.968 -0.251 -0. 313.649 0. 0. -1. 0.
0.253 0.967 0. -247.666 0.967 -0.253 -0. 315.547 0. 0. -1. 0.
0.250 0.968 0. -247.097 0.968 -0.250 -0. 317.448 0. 0. -1. 0.
0.252 0.968 0. -246.642 0.968 -0.252 -0. 319.229 0. 0. -1. 0.
0.256 0.967 0. -246.163 0.967 -0.256 -0. 321.012 0. 0. -1. 0.
0.256 0.967 0. -245.640 0.967 -0.256 -0. 322.691 0. 0. -1. 0.
0.249 0.969 0. -245.197 0.969 -0.249 -0. 324.481 0. 0. -1. 0.
0.254 0.967 0. -244.767 0.967 -0.254 -0. 326.074 0. 0. -1. 0.
0.254 0.967 0. -244.359 0.967 -0.254 -0. 327.652 0. 0. -1. 0.
0.252 0.968 0. -243.802 0.968 -0.252 -0. 329.162 0. 0. -1. 0.
0.245 0.970 0. -243.393 0.970 -0.245 -0. 330.599 0. 0. -1. 0.
0.247 0.969 0. -243.092 0.969 -0.247 -0. 331.994 0. 0. -1. 0.
0.242 0.970 0. -242.652 0.970 -0.242 -0. 333.237 0. 0. -1. 0.
0.237 0.972 0. -242.416 0.972 -0.237 -0. 334.373 0. 0. -1. 0.
0.232 0.973 0. -242.143 0.973 -0.232 -0. 335.532 0. 0. -1. 0.
0.232 0.973 0. -241.796 0.973 -0.232 -0. 336.511 0. 0. -1. 0.
0.230 0.973 0. -241.543 0.973 -0.230 -0. 337.419 0. 0. -1. 0.
0.232 0.973 0. -241.470 0.973 -0.232 -0. 338.238 0. 0. -1. 0.
0.241 0.971 0. -241.294 0.971 -0.241 -0. 338.990 0. 0. -1. 0.
0.239 0.971 0. -241.030 0.971 -0.239 -0. 339.601 0. 0. -1. 0.
0.244 0.970 0. -240.889 0.970 -0.244 -0. 340.199 0. 0. -1. 0.
0.247 0.969 0. -240.767 0.969 -0.247 -0. 340.662 0. 0. -1. 0.
0.244 0.970 0. -240.658 0.970 -0.244 -0. 341.108 0. 0. -1. 0.
0.241 0.970 0. -240.634 0.970 -0.241 -0. 341.503 0. 0. -1. 0.
0.246 0.969 0. -240.420 0.969 -0.246 -0. 341.828 0. 0. -1. 0.
0.247 0.969 0. -240.422 0.969 -0.247 -0. 342.240 0. 0. -1. 0.
0.251 0.968 0. -240.364 0.968 -0.251 -0. 342.564 0. 0. -1. 0.
0.246 0.969 0. -240.246 0.969 -0.246 -0. 342.848 0. 0. -1. 0.
0.242 0.970 0. -240.178 0.970 -0.242 -0. 343.155 0. 0. -1. 0.
0.246 0.969 0. -240.081 0.969 -0.246 -0. 343.461 0. 0. -1. 0.
0.245 0.970 0. -239.948 0.970 -0.245 -0. 343.676 0. 0. -1. 0.
0.247 0.969 0. -239.960 0.969 -0.247 -0. 343.831 0. 0. -1. 0.
0.248 0.969 0. -239.884 0.969 -0.248 -0. 344.182 0. 0. -1. 0.
0.251 0.968 0. -239.863 0.968 -0.251 -0. 344.249 0. 0. -1. 0.
0.243 0.970 0. -239.781 0.970 -0.243 -0. 344.428 0. 0. -1. 0.
0.243 0.970 0. -239.768 0.970 -0.243 -0. 344.585 0. 0. -1. 0.
0.251 0.968 0. -239.790 0.968 -0.251 -0. 344.624 0. 0. -1. 0.
0.252 0.968 0. -239.736 0.968 -0.252 -0. 344.608 0. 0. -1. 0.
0.245 0.969 0. -239.716 0.969 -0.245 -0. 344.627 0. 0. -1. 0.
0.243 0.970 0. -239.666 0.970 -0.243 -0. 344.625 0. 0. -1. 0.
0.243 0.970 0. -239.691 0.970 -0.243 -0. 344.603 0. 0. -1. 0.
0.250 0.968 0. -239.759 0.968 -0.250 -0. 344.623 0. 0. -1. 0.
0.249 0.968 0. -239.763 0.968 -0.249 -0. 344.584 0. 0. -1. 0.
0.243 0.970 0. -239.682 0.970 -0.243 -0. 344.620 0. 0. -1. 0.
0.243 0.970 0. -239.756 0.970 -0.243 -0. 344.625 0. 0. -1. 0.
0.240 0.971 0. -239.754 0.971 -0.240 -0. 344.616 0. 0. -1. 0.
0.251 0.968 0. -239.789 0.968 -0.251 -0. 344.629 0. 0. -1. 0.
0.243 0.970 0. -239.723 0.970 -0.243 -0. 344.622 0. 0. -1. 0.
0.242 0.970 0. -239.708 0.970 -0.242 -0. 344.622 0. 0. -1. 0.
0.250 0.968 0. -239.763 0.968 -0.250 -0. 344.635 0. 0. -1. 0.
0.252 0.968 0. -239.750 0.968 -0.252 -0. 344.594 0. 0. -1. 0.
0.248 0.969 0. -239.763 0.969 -0.248 -0. 344.597 0. 0. -1. 0.
0.245 0.970 0. -239.804 0.970 -0.245 -0. 344.640 0. 0. -1. 0.
0.244 0.970 0. -239.677 0.970 -0.244 -0. 344.606 0. 0. -1. 0.
0.244 0.970 0. -239.669 0.970 -0.244 -0. 344.651 0. 0. -1. 0.
0.251 0.968 0. -239.767 0.968 -0.251 -0. 344.568 0. 0. -1. 0.
0.247 0.969 0. -239.717 0.969 -0.247 -0. 344.667 0. 0. -1. 0.
0.246 0.969 0. -239.775 0.969 -0.246 -0. 344.678 0. 0. -1. 0.
0.246 0.969 0. -239.764 0.969 -0.246 -0. 344.651 0. 0. -1. 0.
0.246 0.969 0. -239.736 0.969 -0.246 -0. 344.651 0. 0. -1. 0.
0.250 0.968 0. -239.814 0.968 -0.250 -0. 344.568 0. 0. -1. 0.
0.246 0.969 0. -239.789 0.969 -0.246 -0. 344.645 0. 0. -1. 0.
0.246 0.969 0. -239.719 0.969 -0.246 -0. 344.723 0. 0. -1. 0.
0.245 0.970 0. -239.704 0.970 -0.245 -0. 344.658 0. 0. -1. 0.
0.248 0.969 0. -239.822 0.969 -0.248 -0. 344.619 0. 0. -1. 0.
0.242 0.970 0. -239.739 0.970 -0.242 -0. 344.628 0. 0. -1. 0.
0.245 0.970 0. -239.801 0.970 -0.245 -0. 344.617 0. 0. -1. 0.
0.250 0.968 0. -239.801 0.968 -0.250 -0. 344.615 0. 0. -1. 0.
0.246 0.969 0. -239.832 0.969 -0.246 -0. 344.673 0. 0. -1. 0.
0.245 0.969 0. -239.725 0.969 -0.245 -0. 344.605 0. 0. -1. 0.
0.251 0.968 0. -239.767 0.968 -0.251 -0. 344.632 0. 0. -1. 0.
0.241 0.971 0. -239.743 0.971 -0.241 -0. 344.613 0. 0. -1. 0.
0.251 0.968 0. -239.819 0.968 -0.251 -0. 344.644 0. 0. -1. 0.
0.248 0.969 0. -239.814 0.969 -0.248 -0. 344.594 0. 0. -1. 0.
0.247 0.969 0. -239.832 0.969 -0.247 -0. 344.646 0. 0. -1. 0.
0.249 0.969 0. -239.851 0.969 -0.249 -0. 344.623 0. 0. -1. 0.
0.250 0.968 0. -239.812 0.968 -0.250 -0. 344.664 0. 0. -1. 0.
0.249 0.968 0. -239.743 0.968 -0.249 -0. 344.628 0. 0. -1. 0.
0.246 0.969 0. -239.727 0.969 -0.246 -0. 344.641 0. 0. -1. 0.
0.244 0.970 0. -239.684 0.970 -0.244 -0. 344.635 0. 0. -1. 0.
0.248 0.969 0. -239.721 0.969 -0.248 -0. 344.632 0. 0. -1. 0.
0.242 0.970 0. -239.745 0.970 -0.242 -0. 344.636 0. 0. -1. 0.
0.243 0.970 0. -239.747 0.970 -0.243 -0. 344.621 0. 0. -1. 0.
0.243 0.970 0. -239.737 0.970 -0.243 -0. 344.664 0. 0. -1. 0.
0.249 0.968 0. -239.805 0.968 -0.249 -0. 344.624 0. 0. -1. 0.
0.245 0.969 0. -239.797 0.969 -0.245 -0. 344.626 0. 0. -1. 0.
0.249 0.969 0. -239.794 0.969 -0.249 -0. 344.649 0. 0. -1. 0.
0.249 0.968 0. -239.820 0.968 -0.249 -0. 344.622 0. 0. -1. 0.
0.248 0.969 0. -239.832 0.969 -0.248 -0. 344.674 0. 0. -1. 0.
0.248 0.969 0. -239.885 0.969 -0.248 -0. 344.656 0. 0. -1. 0.
0.247 0.969 0. -239.797 0.969 -0.247 -0. 344.639 0. 0. -1. 0.
0.242 0.970 0. -239.690 0.970 -0.242 -0. 344.608 0. 0. -1. 0.
0.249 0.968 0. -239.775 0.968 -0.249 -0. 344.629 0. 0. -1. 0.
0.243 0.970 0. -239.695 0.970 -0.243 -0. 344.606 0. 0. -1. 0.
0.244 0.970 0. -239.662 0.970 -0.244 -0. 344.623 0. 0. -1. 0.
0.244 0.970 0. -239.702 0.970 -0.244 -0. 344.628 0. 0. -1. 0.
0.244 0.970 0. -239.653 0.970 -0.244 -0. 344.599 0. 0. -1. 0.
0.250 0.968 0. -239.742 0.968 -0.250 -0. 344.638 0. 0. -1. 0.
0.246 0.969 0. -239.712 0.969 -0.246 -0. 344.630 0. 0. -1. 0.
0.248 0.969 0. -239.741 0.969 -0.248 -0. 344.650 0. 0. -1. 0.
0.245 0.969 0. -239.720 0.969 -0.245 -0. 344.627 0. 0. -1. 0.
0.250 0.968 0. -239.773 0.968 -0.250 -0. 344.664 0. 0. -1. 0.
0.248 0.969 0. -239.774 0.969 -0.248 -0. 344.603 0. 0. -1. 0.
0.244 0.970 0. -239.671 0.970 -0.244 -0. 344.595 0. 0. -1. 0.
0.248 0.969 0. -239.767 0.969 -0.248 -0. 344.598 0. 0. -1. 0.
0.250 0.968 0. -239.806 0.968 -0.250 -0. 344.607 0. 0. -1. 0.
0.249 0.968 0. -239.734 0.968 -0.249 -0. 344.628 0. 0. -1. 0.
0.244 0.970 0. -239.648 0.970 -0.244 -0. 344.626 0. 0. -1. 0.
0.245 0.970 0. -239.797 0.970 -0.245 -0. 344.720 0. 0. -1. 0.
0.249 0.968 0. -239.808 0.968 -0.249 -0. 344.697 0. 0. -1. 0.
0.247 0.969 0. -239.750 0.969 -0.247 -0. 344.794 0. 0. -1. 0.
0.249 0.969 0. -239.744 0.969 -0.249 -0. 344.909 0. 0. -1. 0.
0.253 0.968 0. -239.736 0.968 -0.253 -0. 345.040 0. 0. -1. 0.
0.248 0.969 0. -239.636 0.969 -0.248 -0. 345.125 0. 0. -1. 0.
0.256 0.967 0. -239.664 0.967 -0.256 -0. 345.274 0. 0. -1. 0.
0.257 0.966 0. -239.606 0.966 -0.257 -0. 345.413 0. 0. -1. 0.
0.253 0.968 0. -239.541 0.968 -0.253 -0. 345.557 0. 0. -1. 0.
0.256 0.967 0. -239.548 0.967 -0.256 -0. 345.762 0. 0. -1. 0.
0.255 0.967 0. -239.442 0.967 -0.255 -0. 345.877 0. 0. -1. 0.
0.250 0.968 0. -239.298 0.968 -0.250 -0. 346.021 0. 0. -1. 0.
0.254 0.967 0. -239.318 0.967 -0.254 -0. 346.273 0. 0. -1. 0.
0.248 0.969 0. -239.279 0.969 -0.248 -0. 346.391 0. 0. -1. 0.
0.249 0.968 0. -239.194 0.968 -0.249 -0. 346.668 0. 0. -1. 0.
0.253 0.968 0. -239.091 0.968 -0.253 -0. 346.788 0. 0. -1. 0.
0.251 0.968 0. -239.074 0.968 -0.251 -0. 346.977 0. 0. -1. 0.
0.252 0.968 0. -239.070 0.968 -0.252 -0. 347.164 0. 0. -1. 0.
0.250 0.968 0. -239.061 0.968 -0.250 -0. 347.326 0. 0. -1. 0.
0.256 0.967 0. -239.027 0.967 -0.256 -0. 347.395 0. 0. -1. 0.
0.255 0.967 0. -239.040 0.967 -0.255 -0. 347.578 0. 0. -1. 0.
0.254 0.967 0. -238.976 0.967 -0.254 -0. 347.715 0. 0. -1. 0.
0.253 0.968 0. -238.927 0.968 -0.253 -0. 347.830 0. 0. -1. 0.
0.246 0.969 0. -238.896 0.969 -0.246 -0. 347.912 0. 0. -1. 0.
0.248 0.969 0. -238.834 0.969 -0.248 -0. 348.089 0. 0. -1. 0.
0.249 0.968 0. -238.768 0.968 -0.249 -0. 348.144 0. 0. -1. 0.
0.253 0.968 0. -238.829 0.968 -0.253 -0. 348.226 0. 0. -1. 0.
0.248 0.969 0. -238.651 0.969 -0.248 -0. 348.320 0. 0. -1. 0.
0.252 0.968 0. -238.729 0.968 -0.252 -0. 348.375 0. 0. -1. 0.
0.249 0.968 0. -238.706 0.968 -0.249 -0. 348.420 0. 0. -1. 0.
0.251 0.968 0. -238.719 0.968 -0.251 -0. 348.465 0. 0. -1. 0.
0.254 0.967 0. -238.761 0.967 -0.254 -0. 348.452 0. 0. -1. 0.
0.254 0.967 0. -238.797 0.967 -0.254 -0. 348.484 0. 0. -1. 0.
0.249 0.968 0. -238.711 0.968 -0.249 -0. 348.454 0. 0. -1. 0.
0.248 0.969 0. -238.659 0.969 -0.248 -0. 348.467 0. 0. -1. 0.
0.252 0.968 0. -238.734 0.968 -0.252 -0. 348.424 0. 0. -1. 0.
0.251 0.968 0. -238.713 0.968 -0.251 -0. 348.451 0. 0. -1. 0.
0.250 0.968 0. -238.631 0.968 -0.250 -0. 348.462 0. 0. -1. 0.
