0.971 0.239 0. -2.328 0.239 -0.971 0. 0.838 0. 0. -1. 0.
0.971 0.239 0. -2.328 0.239 -0.971 0. 0.838 0. 0. -1. 0.
0.971 0.239 0. -2.328 0.239 -0.971 0. 0.838 0. 0. -1. 0.
0.971 0.239 0. -2.328 0.239 -0.971 0. 0.838 0. 0. -1. 0.
0.971 0.239 0. -2.328 0.239 -0.971 0. 0.838 0. 0. -1. 0.
0.971 0.239 0. -2.328 0.239 -0.971 0. 0.838 0. 0. -1. 0.
0.971 0.239 0. -2.328 0.239 -0.971 0. 0.838 0. 0. -1. 0.
0.971 0.239 0. -2.328 0.239 -0.971 0. 0.838 0. 0. -1. 0.
0.971 0.239 0. -2.328 0.239 -0.971 0. 0.838 0. 0. -1. 0.
0.971 0.239 0. -2.328 0.239 -0.971 0. 0.838 0. 0. -1. 0.
0.971 0.239 0. -2.328 0.239 -0.971 0. 0.838 0. 0. -1. 0.
0.971 0.239 0. -2.328 0.239 -0.971 0. 0.838 0. 0. -1. 0.
0.971 0.239 0. -2.328 0.239 -0.971 0. 0.838 0. 0. -1. 0.
0.971 0.239 0. -2.328 0.239 -0.971 0. 0.838 0. 0. -1. 0.
0.971 0.239 0. -2.328 0.239 -0.971 0. 0.838 0. 0. -1. 0.
0.971 0.239 0. -2.328 0.239 -0.971 0. 0.838 0. 0. -1. 0.
0.971 0.239 0. -2.328 0.239 -0.971 0. 0.838 0. 0. -1. 0.
0.971 0.239 0. -2.328 0.239 -0.971 0. 0.838 0. 0. -1. 0.
0.971 0.239 0. -2.328 0.239 -0.971 0. 0.838 0. 0. -1. 0.
0.971 0.239 0. -2.328 0.239 -0.971 0. 0.838 0. 0. -1. 0.
0.971 0.239 0. -2.328 0.239 -0.971 0. 0.838 0. 0. -1. 0.
0.971 0.239 0. -2.328 0.239 -0.971 0. 0.838 0. 0. -1. 0.
0.971 0.239 0. -2.328 0.239 -0.971 0. 0.838 0. 0. -1. 0.
0.971 0.239 0. -2.328 0.239 -0.971 0. 0.838 0. 0. -1. 0.
0.971 0.239 0. -2.328 0.239 -0.971 0. 0.838 0. 0. -1. 0.
0.971 0.239 0. -2.328 0.239 -0.971 0. 0.838 0. 0. -1. 0.
0.971 0.239 0. -2.328 0.239 -0.971 0. 0.838 0. 0. -1. 0.
0.971 0.239 0. -2.328 0.239 -0.971 0. 0.838 0. 0. -1. 0.
0.971 0.239 0. -2.328 0.239 -0.971 0. 0.838 0. 0. -1. 0.
0.971 0.239 0. -2.328 0.239 -0.971 0. 0.838 0. 0. -1. 0.
0.971 0.239 0. -2.328 0.239 -0.971 0. 0.838 0. 0. -1. 0.
0.971 0.239 0. -2.328 0.239 -0.971 0. 0.838 0. 0. -1. 0.
0.971 0.239 0. -2.328 0.239 -0.971 0. 0.838 0. 0. -1. 0.
0.971 0.239 0. -2.328 0.239 -0.971 0. 0.838 0. 0. -1. 0.
0.971 0.239 0. -2.328 0.239 -0.971 0. 0.838 0. 0. -1. 0.
0.971 0.239 0. -2.328 0.239 -0.971 0. 0.838 0. 0. -1. 0.
0.971 0.239 0. -2.328 0.239 -0.971 0. 0.839 0. 0. -1. 0.
0.971 0.239 0. -2.327 0.239 -0.971 0. 0.840 0. 0. -1. 0.
0.971 0.239 0. -2.312 0.239 -0.971 0. 0.845 0. 0. -1. 0.
0.971 0.239 0. -2.268 0.239 -0.971 0. 0.858 0. 0. -1. 0.
0.971 0.238 0. -2.216 0.238 -0.971 0. 0.872 0. 0. -1. 0.
0.972 0.235 0. -2.154 0.235 -0.972 0. 0.884 0. 0. -1. 0.
0.973 0.231 0. -2.083 0.231 -0.973 0. 0.898 0. 0. -1. 0.
0.975 0.222 0. -1.988 0.222 -0.975 0. 0.914 0. 0. -1. 0.
0.978 0.207 0. -1.828 0.207 -0.978 0. 0.934 0. 0. -1. 0.
0.984 0.180 0. -1.584 0.180 -0.984 0. 0.967 0. 0. -1. 0.
0.989 0.145 0. -1.259 0.145 -0.989 0. 0.984 0. 0. -1. 0.
0.995 0.100 0. -0.858 0.100 -0.995 0. 1.003 0. 0. -1. 0.
0.998 0.055 0. -0.371 0.055 -0.998 0. 1.004 0. 0. -1. 0.
1.000 0.014 0. 0.182 0.014 -1.000 0. 0.980 0. 0. -1. 0.
1.000 -0.015 0. 0.812 -0.015 -1.000 -0. 0.953 0. 0. -1. 0.
0.999 -0.033 0. 1.509 -0.033 -0.999 -0. 0.911 0. 0. -1. 0.
0.999 -0.036 0. 2.264 -0.036 -0.999 -0. 0.866 0. 0. -1. 0.
1.000 -0.025 0. 3.071 -0.025 -1.000 -0. 0.844 0. 0. -1. 0.
1. -0.008 0. 3.924 -0.008 -1. -0. 0.845 0. 0. -1. 0.
1. 0.010 0. 4.813 0.010 -1. 0. 0.848 0. 0. -1. 0.
1.000 0.029 0. 5.736 0.029 -1.000 0. 0.866 0. 0. -1. 0.
0.999 0.048 0. 6.701 0.048 -0.999 0. 0.908 0. 0. -1. 0.
0.998 0.067 0. 7.699 0.067 -0.998 0. 0.973 0. 0. -1. 0.
0.996 0.085 0. 8.719 0.085 -0.996 0. 1.040 0. 0. -1. 0.
0.995 0.102 0. 9.764 0.102 -0.995 0. 1.133 0. 0. -1. 0.
0.993 0.119 0. 10.849 0.119 -0.993 0. 1.244 0. 0. -1. 0.
0.991 0.133 0. 11.985 0.133 -0.991 0. 1.373 0. 0. -1. 0.
0.989 0.145 0. 13.169 0.145 -0.989 0. 1.533 0. 0. -1. 0.
0.988 0.156 0. 14.347 0.156 -0.988 0. 1.690 0. 0. -1. 0.
0.986 0.167 0. 15.593 0.167 -0.986 0. 1.880 0. 0. -1. 0.
0.984 0.178 0. 16.925 0.178 -0.984 0. 2.099 0. 0. -1. 0.
0.982 0.186 0. 18.264 0.186 -0.982 0. 2.319 0. 0. -1. 0.
0.982 0.191 0. 19.671 0.191 -0.982 0. 2.572 0. 0. -1. 0.
0.981 0.193 0. 21.122 0.193 -0.981 0. 2.829 0. 0. -1. 0.
0.981 0.192 0. 22.617 0.192 -0.981 0. 3.094 0. 0. -1. 0.
0.981 0.192 0. 24.165 0.192 -0.981 0. 3.369 0. 0. -1. 0.
0.982 0.190 0. 25.760 0.190 -0.982 0. 3.640 0. 0. -1. 0.
0.982 0.189 0. 27.382 0.189 -0.982 0. 3.919 0. 0. -1. 0.
0.982 0.188 0. 29.008 0.188 -0.982 0. 4.189 0. 0. -1. 0.
0.982 0.187 0. 30.710 0.187 -0.982 0. 4.487 0. 0. -1. 0.
0.981 0.192 0. 32.376 0.192 -0.981 0. 4.780 0. 0. -1. 0.
0.980 0.198 0. 34.049 0.198 -0.980 0. 5.086 0. 0. -1. 0.
0.979 0.204 0. 35.786 0.204 -0.979 0. 5.449 0. 0. -1. 0.
0.977 0.215 0. 37.495 0.215 -0.977 0. 5.751 0. 0. -1. 0.
0.974 0.225 0. 39.244 0.225 -0.974 0. 6.121 0. 0. -1. 0.
0.973 0.232 0. 41.045 0.232 -0.973 0. 6.509 0. 0. -1. 0.
0.971 0.240 0. 42.844 0.240 -0.971 0. 6.915 0. 0. -1. 0.
0.969 0.246 0. 44.664 0.246 -0.969 0. 7.337 0. 0. -1. 0.
0.969 0.249 0. 46.510 0.249 -0.969 0. 7.775 0. 0. -1. 0.
0.969 0.247 0. 48.373 0.247 -0.969 0. 8.228 0. 0. -1. 0.
0.970 0.244 0. 50.271 0.244 -0.970 0. 8.646 0. 0. -1. 0.
0.970 0.242 0. 52.177 0.242 -0.970 0. 9.091 0. 0. -1. 0.
0.971 0.240 0. 54.091 0.240 -0.971 0. 9.515 0. 0. -1. 0.
0.971 0.238 0. 56.052 0.238 -0.971 0. 9.956 0. 0. -1. 0.
0.972 0.236 0. 58.015 0.236 -0.972 0. 10.378 0. 0. -1. 0.
0.972 0.234 0. 59.975 0.234 -0.972 0. 10.799 0. 0. -1. 0.
0.972 0.233 0. 61.928 0.233 -0.972 0. 11.233 0. 0. -1. 0.
0.973 0.233 0. 63.881 0.233 -0.973 0. 11.673 0. 0. -1. 0.
0.973 0.231 0. 65.835 0.231 -0.973 0. 12.101 0. 0. -1. 0.
0.973 0.230 0. 67.792 0.230 -0.973 0. 12.526 0. 0. -1. 0.
0.974 0.227 0. 69.750 0.227 -0.974 0. 12.944 0. 0. -1. 0.
0.976 0.219 0. 71.706 0.219 -0.976 0. 13.355 0. 0. -1. 0.
0.979 0.203 0. 73.657 0.203 -0.979 0. 13.735 0. 0. -1. 0.
0.983 0.182 0. 75.602 0.182 -0.983 0. 14.087 0. 0. -1. 0.
0.988 0.155 0. 77.523 0.155 -0.988 0. 14.372 0. 0. -1. 0.
0.992 0.127 0. 79.469 0.127 -0.992 0. 14.605 0. 0. -1. 0.
0.995 0.096 0. 81.413 0.096 -0.995 0. 14.781 0. 0. -1. 0.
0.998 0.062 0. 83.328 0.062 -0.998 0. 14.894 0. 0. -1. 0.
1.000 0.021 0. 85.250 0.021 -1.000 0. 14.921 0. 0. -1. 0.
1.000 -0.023 0. 87.173 -0.023 -1.000 -0. 14.873 0. 0. -1. 0.
0.998 -0.069 0. 89.076 -0.069 -0.998 -0. 14.731 0. 0. -1. 0.
0.993 -0.115 0. 90.923 -0.115 -0.993 -0. 14.509 0. 0. -1. 0.
0.987 -0.161 0. 92.771 -0.161 -0.987 -0. 14.199 0. 0. -1. 0.
0.978 -0.209 0. 94.586 -0.209 -0.978 -0. 13.811 0. 0. -1. 0.
0.965 -0.262 0. 96.366 -0.262 -0.965 -0. 13.324 0. 0. -1. 0.
0.949 -0.316 0. 98.117 -0.316 -0.949 -0. 12.738 0. 0. -1. 0.
0.928 -0.372 0. 99.833 -0.372 -0.928 -0. 12.066 0. 0. -1. 0.
0.901 -0.434 0. 101.507 -0.434 -0.901 -0. 11.267 0. 0. -1. 0.
0.865 -0.502 0. 103.064 -0.502 -0.865 -0. 10.379 0. 0. -1. 0.
0.823 -0.568 0. 104.536 -0.568 -0.823 -0. 9.351 0. 0. -1. 0.
0.776 -0.630 0. 105.944 -0.630 -0.776 -0. 8.235 0. 0. -1. 0.
0.729 -0.684 0. 107.238 -0.684 -0.729 -0. 7.021 0. 0. -1. 0.
0.683 -0.730 0. 108.453 -0.730 -0.683 -0. 5.700 0. 0. -1. 0.
0.645 -0.764 0. 109.615 -0.764 -0.645 -0. 4.278 0. 0. -1. 0.
0.619 -0.785 0. 110.723 -0.785 -0.619 -0. 2.797 0. 0. -1. 0.
0.601 -0.799 0. 111.836 -0.799 -0.601 -0. 1.279 0. 0. -1. 0.
0.588 -0.809 0. 112.959 -0.809 -0.588 -0. -0.278 0. 0. -1. 0.
0.579 -0.815 0. 114.105 -0.815 -0.579 -0. -1.875 0. 0. -1. 0.
0.575 -0.818 0. 115.257 -0.818 -0.575 -0. -3.536 0. 0. -1. 0.
0.578 -0.816 0. 116.424 -0.816 -0.578 -0. -5.236 0. 0. -1. 0.
0.583 -0.813 0. 117.615 -0.813 -0.583 -0. -6.974 0. 0. -1. 0.
0.589 -0.808 0. 118.830 -0.808 -0.589 -0. -8.728 0. 0. -1. 0.
0.596 -0.803 0. 120.064 -0.803 -0.596 -0. -10.476 0. 0. -1. 0.
0.606 -0.796 0. 121.345 -0.796 -0.606 -0. -12.219 0. 0. -1. 0.
0.617 -0.787 0. 122.616 -0.787 -0.617 -0. -13.933 0. 0. -1. 0.
0.631 -0.776 0. 123.918 -0.776 -0.631 -0. -15.627 0. 0. -1. 0.
0.646 -0.763 0. 125.250 -0.763 -0.646 -0. -17.294 0. 0. -1. 0.
0.662 -0.749 0. 126.594 -0.749 -0.662 -0. -18.902 0. 0. -1. 0.
0.677 -0.736 0. 127.971 -0.736 -0.677 -0. -20.474 0. 0. -1. 0.
0.692 -0.722 0. 129.378 -0.722 -0.692 -0. -22.017 0. 0. -1. 0.
0.706 -0.708 0. 130.778 -0.708 -0.706 -0. -23.481 0. 0. -1. 0.
0.717 -0.697 0. 132.204 -0.697 -0.717 -0. -24.939 0. 0. -1. 0.
0.728 -0.686 0. 133.641 -0.686 -0.728 -0. -26.367 0. 0. -1. 0.
0.739 -0.673 0. 135.067 -0.673 -0.739 -0. -27.730 0. 0. -1. 0.
0.748 -0.663 0. 136.544 -0.663 -0.748 -0. -29.097 0. 0. -1. 0.
0.760 -0.650 0. 137.952 -0.650 -0.760 -0. -30.377 0. 0. -1. 0.
0.776 -0.631 0. 139.364 -0.631 -0.776 -0. -31.584 0. 0. -1. 0.
0.790 -0.613 0. 140.769 -0.613 -0.790 -0. -32.719 0. 0. -1. 0.
0.809 -0.588 0. 142.127 -0.588 -0.809 -0. -33.763 0. 0. -1. 0.
0.831 -0.556 0. 143.460 -0.556 -0.831 -0. -34.711 0. 0. -1. 0.
0.856 -0.518 0. 144.774 -0.518 -0.856 -0. -35.549 0. 0. -1. 0.
0.888 -0.461 0. 146.053 -0.461 -0.888 -0. -36.270 0. 0. -1. 0.
0.923 -0.384 0. 147.309 -0.384 -0.923 -0. -36.836 0. 0. -1. 0.
0.956 -0.292 0. 148.519 -0.292 -0.956 -0. -37.235 0. 0. -1. 0.
0.983 -0.182 0. 149.665 -0.182 -0.983 -0. -37.484 0. 0. -1. 0.
0.998 -0.060 0. 150.740 -0.060 -0.998 -0. -37.572 0. 0. -1. 0.
0.997 0.077 0. 151.722 0.077 -0.997 0. -37.513 0. 0. -1. 0.
0.973 0.231 0. 152.635 0.231 -0.973 0. -37.307 0. 0. -1. 0.
0.920 0.392 0. 153.468 0.392 -0.920 0. -36.946 0. 0. -1. 0.
0.832 0.555 0. 154.203 0.555 -0.832 0. -36.461 0. 0. -1. 0.
0.708 0.706 0. 154.793 0.706 -0.708 0. -35.838 0. 0. -1. 0.
0.560 0.828 0. 155.243 0.828 -0.560 0. -35.134 0. 0. -1. 0.
0.396 0.918 0. 155.562 0.918 -0.396 0. -34.373 0. 0. -1. 0.
0.219 0.976 0. 155.718 0.976 -0.219 0. -33.556 0. 0. -1. 0.
0.036 0.999 0. 155.729 0.999 -0.036 0. -32.741 0. 0. -1. 0.
-0.152 0.988 0. 155.598 0.988 0.152 0. -31.925 0. 0. -1. 0.
-0.339 0.941 0. 155.308 0.941 0.339 0. -31.132 0. 0. -1. 0.
-0.520 0.854 0. 154.838 0.854 0.520 0. -30.391 0. 0. -1. 0.
-0.684 0.730 0. 154.207 0.730 0.684 0. -29.718 0. 0. -1. 0.
-0.817 0.577 0. 153.411 0.577 0.817 0. -29.169 0. 0. -1. 0.
-0.903 0.429 0. 152.486 0.429 0.903 0. -28.716 0. 0. -1. 0.
-0.952 0.306 0. 151.430 0.306 0.952 0. -28.365 0. 0. -1. 0.
-0.976 0.217 0. 150.280 0.217 0.976 0. -28.092 0. 0. -1. 0.
-0.987 0.160 0. 149.041 0.160 0.987 0. -27.884 0. 0. -1. 0.
-0.991 0.135 0. 147.760 0.135 0.991 0. -27.715 0. 0. -1. 0.
-0.990 0.140 0. 146.421 0.140 0.990 0. -27.521 0. 0. -1. 0.
-0.986 0.168 0. 145.007 0.168 0.986 0. -27.265 0. 0. -1. 0.
-0.978 0.207 0. 143.555 0.207 0.978 0. -26.927 0. 0. -1. 0.
-0.967 0.255 0. 142.071 0.255 0.967 0. -26.514 0. 0. -1. 0.
-0.951 0.310 0. 140.549 0.310 0.951 0. -26.005 0. 0. -1. 0.
-0.929 0.369 0. 139.006 0.369 0.929 0. -25.367 0. 0. -1. 0.
-0.905 0.425 0. 137.434 0.425 0.905 0. -24.617 0. 0. -1. 0.
-0.880 0.474 0. 135.859 0.474 0.880 0. -23.757 0. 0. -1. 0.
-0.856 0.517 0. 134.288 0.517 0.856 0. -22.800 0. 0. -1. 0.
-0.830 0.558 0. 132.732 0.558 0.830 0. -21.741 0. 0. -1. 0.
-0.800 0.600 0. 131.201 0.600 0.800 0. -20.567 0. 0. -1. 0.
-0.766 0.643 0. 129.721 0.643 0.766 0. -19.297 0. 0. -1. 0.
-0.731 0.682 0. 128.263 0.682 0.731 0. -17.929 0. 0. -1. 0.
-0.693 0.721 0. 126.867 0.721 0.693 0. -16.492 0. 0. -1. 0.
-0.660 0.751 0. 125.511 0.751 0.660 0. -14.955 0. 0. -1. 0.
-0.632 0.775 0. 124.192 0.775 0.632 0. -13.311 0. 0. -1. 0.
-0.612 0.791 0. 122.953 0.791 0.612 0. -11.633 0. 0. -1. 0.
-0.597 0.802 0. 121.713 0.802 0.597 0. -9.885 0. 0. -1. 0.
-0.583 0.812 0. 120.497 0.812 0.583 0. -8.131 0. 0. -1. 0.
-0.571 0.821 0. 119.309 0.821 0.571 0. -6.367 0. 0. -1. 0.
-0.560 0.829 0. 118.143 0.829 0.560 0. -4.575 0. 0. -1. 0.
-0.553 0.833 0. 117.005 0.833 0.553 0. -2.782 0. 0. -1. 0.
-0.551 0.834 0. 115.884 0.834 0.551 0. -0.986 0. 0. -1. 0.
-0.561 0.828 0. 114.759 0.828 0.561 0. 0.792 0. 0. -1. 0.
-0.583 0.812 0. 113.608 0.812 0.583 0. 2.525 0. 0. -1. 0.
-0.614 0.790 0. 112.394 0.790 0.614 0. 4.208 0. 0. -1. 0.
-0.649 0.761 0. 111.127 0.761 0.649 0. 5.815 0. 0. -1. 0.
-0.687 0.726 0. 109.782 0.726 0.687 0. 7.353 0. 0. -1. 0.
-0.729 0.684 0. 108.389 0.684 0.729 0. 8.772 0. 0. -1. 0.
-0.776 0.631 0. 106.900 0.631 0.776 0. 10.100 0. 0. -1. 0.
-0.824 0.566 0. 105.333 0.566 0.824 0. 11.303 0. 0. -1. 0.
-0.869 0.494 0. 103.698 0.494 0.869 0. 12.331 0. 0. -1. 0.
-0.906 0.423 0. 101.996 0.423 0.906 0. 13.211 0. 0. -1. 0.
-0.936 0.352 0. 100.236 0.352 0.936 0. 13.963 0. 0. -1. 0.
-0.959 0.284 0. 98.434 0.284 0.959 0. 14.586 0. 0. -1. 0.
-0.977 0.215 0. 96.565 0.215 0.977 0. 15.055 0. 0. -1. 0.
-0.989 0.147 0. 94.646 0.147 0.989 0. 15.431 0. 0. -1. 0.
-0.997 0.082 0. 92.675 0.082 0.997 0. 15.660 0. 0. -1. 0.
-1.000 0.019 0. 90.676 0.019 1.000 0. 15.778 0. 0. -1. 0.
-0.999 -0.034 0. 88.635 -0.034 0.999 0. 15.762 -0. 0. -1. 0.
-0.997 -0.077 0. 86.527 -0.077 0.997 0. 15.656 -0. 0. -1. 0.
-0.994 -0.113 0. 84.403 -0.113 0.994 0. 15.481 -0. 0. -1. 0.
-0.989 -0.146 0. 82.260 -0.146 0.989 0. 15.221 -0. 0. -1. 0.
-0.984 -0.176 0. 80.056 -0.176 0.984 0. 14.888 -0. 0. -1. 0.
-0.981 -0.196 0. 77.813 -0.196 0.981 0. 14.491 -0. 0. -1. 0.
-0.978 -0.209 0. 75.568 -0.209 0.978 0. 14.051 -0. 0. -1. 0.
-0.976 -0.218 0. 73.276 -0.218 0.976 0. 13.585 -0. 0. -1. 0.
-0.974 -0.226 0. 70.944 -0.226 0.974 0. 13.098 -0. 0. -1. 0.
-0.973 -0.232 0. 68.610 -0.232 0.973 0. 12.590 -0. 0. -1. 0.
-0.971 -0.238 0. 66.280 -0.238 0.971 0. 12.077 -0. 0. -1. 0.
-0.970 -0.244 0. 63.978 -0.244 0.970 0. 11.541 -0. 0. -1. 0.
-0.968 -0.249 0. 61.681 -0.249 0.968 0. 10.986 -0. 0. -1. 0.
-0.967 -0.255 0. 59.402 -0.255 0.967 0. 10.438 -0. 0. -1. 0.
-0.965 -0.262 0. 57.140 -0.262 0.965 0. 9.894 -0. 0. -1. 0.
-0.963 -0.270 0. 54.904 -0.270 0.963 0. 9.336 -0. 0. -1. 0.
-0.960 -0.281 0. 52.706 -0.281 0.960 0. 8.746 -0. 0. -1. 0.
-0.957 -0.289 0. 50.544 -0.289 0.957 0. 8.164 -0. 0. -1. 0.
-0.955 -0.296 0. 48.397 -0.296 0.955 0. 7.547 -0. 0. -1. 0.
-0.955 -0.297 0. 46.309 -0.297 0.955 0. 6.912 -0. 0. -1. 0.
-0.958 -0.288 0. 44.215 -0.288 0.958 0. 6.298 -0. 0. -1. 0.
-0.963 -0.269 0. 42.124 -0.269 0.963 0. 5.750 -0. 0. -1. 0.
-0.970 -0.243 0. 40.043 -0.243 0.970 0. 5.244 -0. 0. -1. 0.
-0.975 -0.220 0. 37.974 -0.220 0.975 0. 4.795 -0. 0. -1. 0.
-0.981 -0.196 0. 35.926 -0.196 0.981 0. 4.419 -0. 0. -1. 0.
-0.985 -0.174 0. 33.820 -0.174 0.985 0. 4.092 -0. 0. -1. 0.
-0.987 -0.158 0. 31.791 -0.158 0.987 0. 3.781 -0. 0. -1. 0.
-0.989 -0.146 0. 29.716 -0.146 0.989 0. 3.529 -0. 0. -1. 0.
-0.990 -0.144 0. 27.651 -0.144 0.990 0. 3.286 -0. 0. -1. 0.
-0.990 -0.143 0. 25.625 -0.143 0.990 0. 3.044 -0. 0. -1. 0.
-0.990 -0.143 0. 23.558 -0.143 0.990 0. 2.781 -0. 0. -1. 0.
-0.990 -0.143 0. 21.510 -0.143 0.990 0. 2.533 -0. 0. -1. 0.
-0.990 -0.144 0. 19.444 -0.144 0.990 0. 2.279 -0. 0. -1. 0.
-0.989 -0.145 0. 17.383 -0.145 0.989 0. 2.022 -0. 0. -1. 0.
-0.989 -0.146 0. 15.306 -0.146 0.989 0. 1.759 -0. 0. -1. 0.
-0.989 -0.147 0. 13.264 -0.147 0.989 0. 1.496 -0. 0. -1. 0.
-0.989 -0.148 0. 11.189 -0.148 0.989 0. 1.226 -0. 0. -1. 0.
-0.988 -0.152 0. 9.130 -0.152 0.988 0. 0.947 -0. 0. -1. 0.
-0.988 -0.156 0. 7.079 -0.156 0.988 0. 0.646 -0. 0. -1. 0.
-0.987 -0.161 0. 5.036 -0.161 0.987 0. 0.332 -0. 0. -1. 0.
-0.986 -0.166 0. 2.992 -0.166 0.986 0. 0.010 -0. 0. -1. 0.
-0.985 -0.170 0. 0.956 -0.170 0.985 0. -0.316 -0. 0. -1. 0.
-0.985 -0.175 0. -1.076 -0.175 0.985 0. -0.640 -0. 0. -1. 0.
-0.984 -0.179 0. -3.130 -0.179 0.984 0. -0.975 -0. 0. -1. 0.
-0.983 -0.183 0. -5.189 -0.183 0.983 0. -1.319 -0. 0. -1. 0.
-0.983 -0.184 0. -7.312 -0.184 0.983 0. -1.666 -0. 0. -1. 0.
-0.983 -0.186 0. -9.484 -0.186 0.983 0. -2.030 -0. 0. -1. 0.
-0.982 -0.190 0. -11.696 -0.190 0.982 0. -2.438 -0. 0. -1. 0.
-0.981 -0.193 0. -13.892 -0.193 0.981 0. -2.854 -0. 0. -1. 0.
-0.981 -0.194 0. -16.175 -0.194 0.981 0. -3.249 -0. 0. -1. 0.
-0.980 -0.197 0. -18.423 -0.197 0.980 0. -3.642 -0. 0. -1. 0.
-0.980 -0.200 0. -20.713 -0.200 0.980 0. -4.050 -0. 0. -1. 0.
-0.979 -0.202 0. -23.010 -0.202 0.979 0. -4.453 -0. 0. -1. 0.
-0.979 -0.205 0. -25.308 -0.205 0.979 0. -4.860 -0. 0. -1. 0.
-0.978 -0.208 0. -27.595 -0.208 0.978 0. -5.286 -0. 0. -1. 0.
-0.977 -0.212 0. -29.882 -0.212 0.977 0. -5.745 -0. 0. -1. 0.
-0.976 -0.217 0. -32.133 -0.217 0.976 0. -6.225 -0. 0. -1. 0.
-0.975 -0.222 0. -34.385 -0.222 0.975 0. -6.711 -0. 0. -1. 0.
-0.974 -0.226 0. -36.610 -0.226 0.974 0. -7.194 -0. 0. -1. 0.
-0.973 -0.231 0. -38.792 -0.231 0.973 0. -7.675 -0. 0. -1. 0.
-0.972 -0.235 0. -41.012 -0.235 0.972 0. -8.167 -0. 0. -1. 0.
-0.971 -0.238 0. -43.153 -0.238 0.971 0. -8.643 -0. 0. -1. 0.
-0.971 -0.240 0. -45.271 -0.240 0.971 0. -9.104 -0. 0. -1. 0.
-0.970 -0.241 0. -47.351 -0.241 0.970 0. -9.572 -0. 0. -1. 0.
-0.970 -0.241 0. -49.346 -0.241 0.970 0. -10.020 -0. 0. -1. 0.
-0.971 -0.240 0. -51.313 -0.240 0.971 0. -10.451 -0. 0. -1. 0.
-0.971 -0.238 0. -53.192 -0.238 0.971 0. -10.866 -0. 0. -1. 0.
-0.973 -0.232 0. -54.981 -0.232 0.973 0. -11.268 -0. 0. -1. 0.
-0.975 -0.222 0. -56.701 -0.222 0.975 0. -11.645 -0. 0. -1. 0.
-0.979 -0.204 0. -58.340 -0.204 0.979 0. -11.963 -0. 0. -1. 0.
-0.984 -0.179 0. -59.882 -0.179 0.984 0. -12.227 -0. 0. -1. 0.
-0.989 -0.146 0. -61.343 -0.146 0.989 0. -12.420 -0. 0. -1. 0.
-0.995 -0.104 0. -62.717 -0.104 0.995 0. -12.544 -0. 0. -1. 0.
-0.999 -0.053 0. -63.991 -0.053 0.999 0. -12.609 -0. 0. -1. 0.
-1. 0.010 0. -65.170 0.010 1. 0. -12.594 0. 0. -1. 0.
-0.996 0.085 0. -66.296 0.085 0.996 0. -12.485 0. 0. -1. 0.
-0.984 0.176 0. -67.417 0.176 0.984 0. -12.292 0. 0. -1. 0.
-0.960 0.279 0. -68.482 0.279 0.960 0. -11.960 0. 0. -1. 0.
-0.923 0.386 0. -69.483 0.386 0.923 0. -11.542 0. 0. -1. 0.
-0.874 0.486 0. -70.414 0.486 0.874 0. -11.008 0. 0. -1. 0.
-0.814 0.580 0. -71.275 0.580 0.814 0. -10.371 0. 0. -1. 0.
-0.745 0.667 0. -72.075 0.667 0.745 0. -9.658 0. 0. -1. 0.
-0.670 0.742 0. -72.772 0.742 0.670 0. -8.845 0. 0. -1. 0.
-0.588 0.809 0. -73.402 0.809 0.588 0. -7.946 0. 0. -1. 0.
-0.507 0.862 0. -73.964 0.862 0.507 0. -6.956 0. 0. -1. 0.
-0.435 0.900 0. -74.446 0.900 0.435 0. -5.860 0. 0. -1. 0.
-0.384 0.923 0. -74.890 0.923 0.384 0. -4.690 0. 0. -1. 0.
-0.350 0.937 0. -75.321 0.937 0.350 0. -3.450 0. 0. -1. 0.
-0.326 0.946 0. -75.738 0.946 0.326 0. -2.137 0. 0. -1. 0.
-0.310 0.951 0. -76.153 0.951 0.310 0. -0.769 0. 0. -1. 0.
-0.298 0.955 0. -76.580 0.955 0.298 0. 0.682 0. 0. -1. 0.
-0.286 0.958 0. -76.994 0.958 0.286 0. 2.180 0. 0. -1. 0.
-0.273 0.962 0. -77.397 0.962 0.273 0. 3.748 0. 0. -1. 0.
-0.261 0.965 0. -77.807 0.965 0.261 0. 5.400 0. 0. -1. 0.
-0.249 0.969 0. -78.208 0.969 0.249 0. 7.091 0. 0. -1. 0.
-0.237 0.971 0. -78.605 0.971 0.237 0. 8.797 0. 0. -1. 0.
-0.222 0.975 0. -78.966 0.975 0.222 0. 10.521 0. 0. -1. 0.
-0.205 0.979 0. -79.312 0.979 0.205 0. 12.282 0. 0. -1. 0.
-0.181 0.983 0. -79.615 0.983 0.181 0. 14.032 0. 0. -1. 0.
-0.151 0.989 0. -79.879 0.989 0.151 0. 15.801 0. 0. -1. 0.
-0.118 0.993 0. -80.076 0.993 0.118 0. 17.566 0. 0. -1. 0.
-0.087 0.996 0. -80.223 0.996 0.087 0. 19.351 0. 0. -1. 0.
-0.062 0.998 0. -80.306 0.998 0.062 0. 21.150 0. 0. -1. 0.
-0.054 0.999 0. -80.326 0.999 0.054 0. 22.933 0. 0. -1. 0.
-0.060 0.998 0. -80.366 0.998 0.060 0. 24.674 0. 0. -1. 0.
-0.079 0.997 0. -80.451 0.997 0.079 0. 26.479 0. 0. -1. 0.
-0.103 0.995 0. -80.611 0.995 0.103 0. 28.312 0. 0. -1. 0.
-0.127 0.992 0. -80.789 0.992 0.127 0. 30.148 0. 0. -1. 0.
-0.157 0.988 0. -81.024 0.988 0.157 0. 31.949 0. 0. -1. 0.
-0.185 0.983 0. -81.332 0.983 0.185 0. 33.883 0. 0. -1. 0.
-0.210 0.978 0. -81.717 0.978 0.210 0. 35.825 0. 0. -1. 0.
-0.226 0.974 0. -82.115 0.974 0.226 0. 37.796 0. 0. -1. 0.
-0.237 0.971 0. -82.568 0.971 0.237 0. 39.794 0. 0. -1. 0.
-0.241 0.971 0. -83.029 0.971 0.241 0. 41.793 0. 0. -1. 0.
-0.241 0.971 0. -83.494 0.971 0.241 0. 43.798 0. 0. -1. 0.
-0.240 0.971 0. -83.972 0.971 0.240 0. 45.815 0. 0. -1. 0.
-0.239 0.971 0. -84.407 0.971 0.239 0. 47.780 0. 0. -1. 0.
-0.236 0.972 0. -84.840 0.972 0.236 0. 49.759 0. 0. -1. 0.
-0.234 0.972 0. -85.262 0.972 0.234 0. 51.705 0. 0. -1. 0.
-0.234 0.972 0. -85.690 0.972 0.234 0. 53.601 0. 0. -1. 0.
-0.235 0.972 0. -86.105 0.972 0.235 0. 55.437 0. 0. -1. 0.
-0.239 0.971 0. -86.489 0.971 0.239 0. 57.206 0. 0. -1. 0.
-0.251 0.968 0. -86.886 0.968 0.251 0. 58.913 0. 0. -1. 0.
-0.270 0.963 0. -87.289 0.963 0.270 0. 60.554 0. 0. -1. 0.
-0.297 0.955 0. -87.733 0.955 0.297 0. 62.115 0. 0. -1. 0.
-0.331 0.944 0. -88.210 0.944 0.331 0. 63.594 0. 0. -1. 0.
-0.377 0.926 0. -88.708 0.926 0.377 0. 65.005 0. 0. -1. 0.
-0.441 0.898 0. -89.323 0.898 0.441 0. 66.329 0. 0. -1. 0.
-0.511 0.860 0. -90.018 0.860 0.511 0. 67.627 0. 0. -1. 0.
-0.584 0.812 0. -90.827 0.812 0.584 0. 68.798 0. 0. -1. 0.
-0.657 0.754 0. -91.665 0.754 0.657 0. 69.899 0. 0. -1. 0.
-0.728 0.686 0. -92.646 0.686 0.728 0. 70.874 0. 0. -1. 0.
-0.792 0.611 0. -93.655 0.611 0.792 0. 71.736 0. 0. -1. 0.
-0.847 0.532 0. -94.762 0.532 0.847 0. 72.452 0. 0. -1. 0.
-0.896 0.443 0. -95.951 0.443 0.896 0. 73.070 0. 0. -1. 0.
-0.936 0.351 0. -97.257 0.351 0.936 0. 73.609 0. 0. -1. 0.
-0.967 0.255 0. -98.620 0.255 0.967 0. 74.035 0. 0. -1. 0.
-0.987 0.160 0. -100.079 0.160 0.987 0. 74.297 0. 0. -1. 0.
-0.998 0.068 0. -101.590 0.068 0.998 0. 74.480 0. 0. -1. 0.
-1. -0.001 0. -103.150 -0.001 1. 0. 74.481 -0. 0. -1. 0.
-0.999 -0.047 0. -104.719 -0.047 0.999 0. 74.485 -0. 0. -1. 0.
-0.997 -0.081 0. -106.311 -0.081 0.997 0. 74.370 -0. 0. -1. 0.
-0.996 -0.090 0. -107.897 -0.090 0.996 0. 74.231 -0. 0. -1. 0.
-0.998 -0.064 0. -109.480 -0.064 0.998 0. 74.123 -0. 0. -1. 0.
-1.000 -0.020 0. -111.121 -0.020 1.000 0. 74.100 -0. 0. -1. 0.
-1.000 0.029 0. -112.738 0.029 1.000 0. 74.156 0. 0. -1. 0.
-0.997 0.073 0. -114.405 0.073 0.997 0. 74.281 0. 0. -1. 0.
-0.993 0.116 0. -116.065 0.116 0.993 0. 74.503 0. 0. -1. 0.
-0.985 0.170 0. -117.729 0.170 0.985 0. 74.799 0. 0. -1. 0.
-0.974 0.225 0. -119.457 0.225 0.974 0. 75.229 0. 0. -1. 0.
-0.959 0.282 0. -121.158 0.282 0.959 0. 75.728 0. 0. -1. 0.
-0.941 0.339 0. -122.861 0.339 0.941 0. 76.345 0. 0. -1. 0.
-0.918 0.395 0. -124.555 0.395 0.918 0. 77.073 0. 0. -1. 0.
-0.895 0.446 0. -126.210 0.446 0.895 0. 77.896 0. 0. -1. 0.
-0.875 0.484 0. -127.846 0.484 0.875 0. 78.829 0. 0. -1. 0.
-0.862 0.507 0. -129.478 0.507 0.862 0. 79.817 0. 0. -1. 0.
-0.857 0.515 0. -131.134 0.515 0.857 0. 80.847 0. 0. -1. 0.
-0.855 0.518 0. -132.820 0.518 0.855 0. 81.903 0. 0. -1. 0.
-0.855 0.518 0. -134.542 0.518 0.855 0. 82.988 0. 0. -1. 0.
-0.855 0.518 0. -136.307 0.518 0.855 0. 84.110 0. 0. -1. 0.
-0.856 0.516 0. -138.106 0.516 0.856 0. 85.255 0. 0. -1. 0.
-0.857 0.515 0. -139.970 0.515 0.857 0. 86.425 0. 0. -1. 0.
-0.858 0.513 0. -141.859 0.513 0.858 0. 87.610 0. 0. -1. 0.
-0.859 0.512 0. -143.774 0.512 0.859 0. 88.814 0. 0. -1. 0.
-0.860 0.510 0. -145.746 0.510 0.860 0. 90.040 0. 0. -1. 0.
-0.862 0.507 0. -147.754 0.507 0.862 0. 91.272 0. 0. -1. 0.
-0.862 0.507 0. -149.790 0.507 0.862 0. 92.537 0. 0. -1. 0.
-0.861 0.509 0. -151.847 0.509 0.861 0. 93.812 0. 0. -1. 0.
-0.861 0.509 0. -153.955 0.509 0.861 0. 95.113 0. 0. -1. 0.
-0.860 0.510 0. -156.092 0.510 0.860 0. 96.433 0. 0. -1. 0.
-0.859 0.512 0. -158.257 0.512 0.859 0. 97.799 0. 0. -1. 0.
-0.858 0.514 0. -160.457 0.514 0.858 0. 99.185 0. 0. -1. 0.
-0.857 0.516 0. -162.660 0.516 0.857 0. 100.566 0. 0. -1. 0.
-0.855 0.518 0. -164.885 0.518 0.855 0. 101.968 0. 0. -1. 0.
-0.854 0.520 0. -167.078 0.520 0.854 0. 103.366 0. 0. -1. 0.
-0.853 0.523 0. -169.295 0.523 0.853 0. 104.795 0. 0. -1. 0.
-0.850 0.526 0. -171.503 0.526 0.850 0. 106.236 0. 0. -1. 0.
-0.847 0.531 0. -173.720 0.531 0.847 0. 107.658 0. 0. -1. 0.
-0.841 0.541 0. -175.931 0.541 0.841 0. 109.084 0. 0. -1. 0.
-0.833 0.553 0. -178.100 0.553 0.833 0. 110.556 0. 0. -1. 0.
-0.824 0.567 0. -180.224 0.567 0.824 0. 112.067 0. 0. -1. 0.
-0.810 0.586 0. -182.294 0.586 0.810 0. 113.606 0. 0. -1. 0.
-0.796 0.606 0. -184.323 0.606 0.796 0. 115.193 0. 0. -1. 0.
-0.780 0.626 0. -186.287 0.626 0.780 0. 116.816 0. 0. -1. 0.
-0.761 0.648 0. -188.190 0.648 0.761 0. 118.475 0. 0. -1. 0.
-0.740 0.672 0. -190.033 0.672 0.740 0. 120.166 0. 0. -1. 0.
-0.713 0.701 0. -191.798 0.701 0.713 0. 121.897 0. 0. -1. 0.
-0.683 0.731 0. -193.471 0.731 0.683 0. 123.703 0. 0. -1. 0.
-0.646 0.763 0. -195.070 0.763 0.646 0. 125.571 0. 0. -1. 0.
-0.608 0.794 0. -196.566 0.794 0.608 0. 127.513 0. 0. -1. 0.
-0.568 0.823 0. -197.960 0.823 0.568 0. 129.541 0. 0. -1. 0.
-0.529 0.849 0. -199.262 0.849 0.529 0. 131.643 0. 0. -1. 0.
-0.492 0.871 0. -200.459 0.871 0.492 0. 133.796 0. 0. -1. 0.
-0.459 0.888 0. -201.588 0.888 0.459 0. 136.017 0. 0. -1. 0.
-0.430 0.903 0. -202.643 0.903 0.430 0. 138.262 0. 0. -1. 0.
-0.408 0.913 0. -203.648 0.913 0.408 0. 140.575 0. 0. -1. 0.
-0.391 0.920 0. -204.608 0.920 0.391 0. 142.905 0. 0. -1. 0.
-0.379 0.925 0. -205.541 0.925 0.379 0. 145.272 0. 0. -1. 0.
-0.370 0.929 0. -206.443 0.929 0.370 0. 147.654 0. 0. -1. 0.
-0.365 0.931 0. -207.328 0.931 0.365 0. 150.053 0. 0. -1. 0.
-0.360 0.933 0. -208.196 0.933 0.360 0. 152.443 0. 0. -1. 0.
-0.356 0.935 0. -209.046 0.935 0.356 0. 154.823 0. 0. -1. 0.
-0.354 0.935 0. -209.890 0.935 0.354 0. 157.204 0. 0. -1. 0.
-0.356 0.934 0. -210.719 0.934 0.356 0. 159.546 0. 0. -1. 0.
-0.365 0.931 0. -211.558 0.931 0.365 0. 161.875 0. 0. -1. 0.
-0.384 0.923 0. -212.418 0.923 0.384 0. 164.148 0. 0. -1. 0.
-0.414 0.910 0. -213.337 0.910 0.414 0. 166.347 0. 0. -1. 0.
-0.451 0.892 0. -214.328 0.892 0.451 0. 168.488 0. 0. -1. 0.
-0.494 0.869 0. -215.383 0.869 0.494 0. 170.514 0. 0. -1. 0.
-0.539 0.842 0. -216.561 0.842 0.539 0. 172.478 0. 0. -1. 0.
-0.586 0.810 0. -217.792 0.810 0.586 0. 174.351 0. 0. -1. 0.
-0.637 0.770 0. -219.115 0.770 0.637 0. 176.115 0. 0. -1. 0.
-0.689 0.725 0. -220.577 0.725 0.689 0. 177.779 0. 0. -1. 0.
-0.740 0.672 0. -222.121 0.672 0.740 0. 179.297 0. 0. -1. 0.
-0.792 0.611 0. -223.766 0.611 0.792 0. 180.695 0. 0. -1. 0.
-0.843 0.538 0. -225.514 0.538 0.843 0. 181.954 0. 0. -1. 0.
-0.888 0.460 0. -227.379 0.460 0.888 0. 183.059 0. 0. -1. 0.
-0.926 0.377 0. -229.322 0.377 0.926 0. 183.982 0. 0. -1. 0.
-0.956 0.293 0. -231.359 0.293 0.956 0. 184.718 0. 0. -1. 0.
-0.977 0.211 0. -233.458 0.211 0.977 0. 185.284 0. 0. -1. 0.
-0.990 0.141 0. -235.635 0.141 0.990 0. 185.698 0. 0. -1. 0.
-0.996 0.087 0. -237.865 0.087 0.996 0. 185.966 0. 0. -1. 0.
-0.998 0.058 0. -240.123 0.058 0.998 0. 186.143 0. 0. -1. 0.
-0.999 0.040 0. -242.412 0.040 0.999 0. 186.285 0. 0. -1. 0.
-1.000 0.028 0. -244.744 0.028 1.000 0. 186.406 0. 0. -1. 0.
-1.000 0.020 0. -247.098 0.020 1.000 0. 186.495 0. 0. -1. 0.
-1. 0.014 0. -249.432 0.014 1. 0. 186.583 0. 0. -1. 0.
-1. 0.007 0. -251.811 0.007 1. 0. 186.655 0. 0. -1. 0.
-1. 0.001 0. -254.145 0.001 1. 0. 186.700 0. 0. -1. 0.
-1. -0.004 0. -256.492 -0.004 1. 0. 186.737 -0. 0. -1. 0.
-1. 0.000 0. -258.823 0.000 1. 0. 186.790 0. 0. -1. 0.
-1. 0.003 0. -261.110 0.003 1. 0. 186.846 0. 0. -1. 0.
-1. 0.006 0. -263.413 0.006 1. 0. 186.895 0. 0. -1. 0.
-1. 0.012 0. -265.694 0.012 1. 0. 186.958 0. 0. -1. 0.
-1.000 0.017 0. -267.940 0.017 1.000 0. 187.027 0. 0. -1. 0.
-1.000 0.023 0. -270.186 0.023 1.000 0. 187.119 0. 0. -1. 0.
-1.000 0.027 0. -272.400 0.027 1.000 0. 187.229 0. 0. -1. 0.
-1.000 0.028 0. -274.601 0.028 1.000 0. 187.342 0. 0. -1. 0.
-1.000 0.031 0. -276.782 0.031 1.000 0. 187.453 0. 0. -1. 0.
-1.000 0.032 0. -278.941 0.032 1.000 0. 187.582 0. 0. -1. 0.
-0.999 0.034 0. -281.048 0.034 0.999 0. 187.698 0. 0. -1. 0.
-0.999 0.039 0. -283.088 0.039 0.999 0. 187.818 0. 0. -1. 0.
-0.999 0.045 0. -285.043 0.045 0.999 0. 187.943 0. 0. -1. 0.
-0.999 0.053 0. -286.903 0.053 0.999 0. 188.076 0. 0. -1. 0.
-0.998 0.069 0. -288.693 0.069 0.998 0. 188.226 0. 0. -1. 0.
-0.995 0.097 0. -290.321 0.097 0.995 0. 188.392 0. 0. -1. 0.
-0.991 0.135 0. -291.860 0.135 0.991 0. 188.637 0. 0. -1. 0.
-0.984 0.180 0. -293.270 0.180 0.984 0. 188.909 0. 0. -1. 0.
-0.973 0.231 0. -294.514 0.231 0.973 0. 189.227 0. 0. -1. 0.
-0.957 0.289 0. -295.559 0.289 0.957 0. 189.599 0. 0. -1. 0.
-0.940 0.340 0. -296.429 0.340 0.940 0. 189.915 0. 0. -1. 0.
-0.923 0.385 0. -297.120 0.385 0.923 0. 190.291 0. 0. -1. 0.
-0.902 0.432 0. -297.676 0.432 0.902 0. 190.602 0. 0. -1. 0.
-0.883 0.469 0. -298.118 0.469 0.883 0. 190.840 0. 0. -1. 0.
-0.867 0.499 0. -298.424 0.499 0.867 0. 191.044 0. 0. -1. 0.
-0.853 0.522 0. -298.675 0.522 0.853 0. 191.214 0. 0. -1. 0.
-0.843 0.538 0. -298.883 0.538 0.843 0. 191.344 0. 0. -1. 0.
-0.833 0.553 0. -299.047 0.553 0.833 0. 191.465 0. 0. -1. 0.
-0.825 0.565 0. -299.176 0.565 0.825 0. 191.571 0. 0. -1. 0.
-0.819 0.573 0. -299.278 0.573 0.819 0. 191.651 0. 0. -1. 0.
-0.815 0.579 0. -299.347 0.579 0.815 0. 191.708 0. 0. -1. 0.
-0.812 0.583 0. -299.388 0.583 0.812 0. 191.742 0. 0. -1. 0.
-0.812 0.584 0. -299.402 0.584 0.812 0. 191.755 0. 0. -1. 0.
-0.812 0.584 0. -299.400 0.584 0.812 0. 191.754 0. 0. -1. 0.
-0.812 0.584 0. -299.400 0.584 0.812 0. 191.755 0. 0. -1. 0.
-0.811 0.584 0. -299.400 0.584 0.811 0. 191.754 0. 0. -1. 0.
-0.811 0.584 0. -299.400 0.584 0.811 0. 191.754 0. 0. -1. 0.
-0.811 0.585 0. -299.405 0.585 0.811 0. 191.757 0. 0. -1. 0.
-0.810 0.587 0. -299.433 0.587 0.810 0. 191.781 0. 0. -1. 0.
-0.809 0.588 0. -299.493 0.588 0.809 0. 191.828 0. 0. -1. 0.
-0.811 0.585 0. -299.577 0.585 0.811 0. 191.890 0. 0. -1. 0.
-0.817 0.576 0. -299.688 0.576 0.817 0. 191.961 0. 0. -1. 0.
-0.827 0.562 0. -299.803 0.562 0.827 0. 192.049 0. 0. -1. 0.
-0.842 0.540 0. -299.943 0.540 0.842 0. 192.125 0. 0. -1. 0.
-0.861 0.508 0. -300.103 0.508 0.861 0. 192.199 0. 0. -1. 0.
-0.882 0.471 0. -300.289 0.471 0.882 0. 192.271 0. 0. -1. 0.
-0.904 0.427 0. -300.493 0.427 0.904 0. 192.339 0. 0. -1. 0.
-0.924 0.382 0. -300.707 0.382 0.924 0. 192.411 0. 0. -1. 0.
-0.943 0.332 0. -300.945 0.332 0.943 0. 192.456 0. 0. -1. 0.
-0.960 0.280 0. -301.192 0.280 0.960 0. 192.509 0. 0. -1. 0.
-0.973 0.232 0. -301.444 0.232 0.973 0. 192.567 0. 0. -1. 0.
-0.983 0.183 0. -301.696 0.183 0.983 0. 192.590 0. 0. -1. 0.
-0.990 0.138 0. -301.978 0.138 0.990 0. 192.615 0. 0. -1. 0.
-0.996 0.091 0. -302.349 0.091 0.996 0. 192.642 0. 0. -1. 0.
-0.999 0.047 0. -302.809 0.047 0.999 0. 192.643 0. 0. -1. 0.
-1. 0.010 0. -303.353 0.010 1. 0. 192.648 0. 0. -1. 0.
-1.000 -0.019 0. -303.956 -0.019 1.000 0. 192.646 -0. 0. -1. 0.
-0.999 -0.037 0. -304.600 -0.037 0.999 0. 192.622 -0. 0. -1. 0.
-0.999 -0.042 0. -305.236 -0.042 0.999 0. 192.635 -0. 0. -1. 0.
-0.999 -0.041 0. -305.863 -0.041 0.999 0. 192.642 -0. 0. -1. 0.
-0.999 -0.036 0. -306.461 -0.036 0.999 0. 192.589 -0. 0. -1. 0.
-1.000 -0.021 0. -307.035 -0.021 1.000 0. 192.606 -0. 0. -1. 0.
-1. -0.010 0. -307.596 -0.010 1. 0. 192.605 -0. 0. -1. 0.
-1. 0.002 0. -308.107 0.002 1. 0. 192.623 0. 0. -1. 0.
-1.000 0.015 0. -308.567 0.015 1.000 0. 192.631 0. 0. -1. 0.
-1.000 0.023 0. -308.972 0.023 1.000 0. 192.635 0. 0. -1. 0.
-1.000 0.031 0. -309.304 0.031 1.000 0. 192.664 0. 0. -1. 0.
-0.999 0.037 0. -309.592 0.037 0.999 0. 192.672 0. 0. -1. 0.
-0.999 0.041 0. -309.855 0.041 0.999 0. 192.678 0. 0. -1. 0.
-0.999 0.046 0. -310.099 0.046 0.999 0. 192.690 0. 0. -1. 0.
-0.999 0.051 0. -310.322 0.051 0.999 0. 192.700 0. 0. -1. 0.
-0.999 0.053 0. -310.502 0.053 0.999 0. 192.712 0. 0. -1. 0.
-0.998 0.056 0. -310.643 0.056 0.998 0. 192.723 0. 0. -1. 0.
-0.998 0.058 0. -310.750 0.058 0.998 0. 192.730 0. 0. -1. 0.
-0.998 0.059 0. -310.824 0.059 0.998 0. 192.735 0. 0. -1. 0.
-0.998 0.060 0. -310.871 0.060 0.998 0. 192.738 0. 0. -1. 0.
-0.998 0.061 0. -310.896 0.061 0.998 0. 192.740 0. 0. -1. 0.
-0.998 0.061 0. -310.905 0.061 0.998 0. 192.740 0. 0. -1. 0.
-0.998 0.061 0. -310.904 0.061 0.998 0. 192.740 0. 0. -1. 0.
-0.998 0.061 0. -310.903 0.061 0.998 0. 192.740 0. 0. -1. 0.
-0.998 0.061 0. -310.903 0.061 0.998 0. 192.739 0. 0. -1. 0.
-0.998 0.061 0. -310.903 0.061 0.998 0. 192.739 0. 0. -1. 0.
-0.998 0.061 0. -310.909 0.061 0.998 0. 192.740 0. 0. -1. 0.
-0.998 0.061 0. -310.931 0.061 0.998 0. 192.742 0. 0. -1. 0.
-0.998 0.062 0. -310.976 0.062 0.998 0. 192.745 0. 0. -1. 0.
-0.998 0.063 0. -311.045 0.063 0.998 0. 192.750 0. 0. -1. 0.
-0.998 0.065 0. -311.143 0.065 0.998 0. 192.756 0. 0. -1. 0.
-0.998 0.067 0. -311.280 0.067 0.998 0. 192.766 0. 0. -1. 0.
-0.998 0.070 0. -311.451 0.070 0.998 0. 192.782 0. 0. -1. 0.
-0.997 0.075 0. -311.651 0.075 0.997 0. 192.802 0. 0. -1. 0.
-0.997 0.080 0. -311.862 0.080 0.997 0. 192.839 0. 0. -1. 0.
-0.996 0.086 0. -312.071 0.086 0.996 0. 192.854 0. 0. -1. 0.
-0.995 0.097 0. -312.300 0.097 0.995 0. 192.865 0. 0. -1. 0.
-0.994 0.112 0. -312.585 0.112 0.994 0. 192.901 0. 0. -1. 0.
-0.991 0.136 0. -312.953 0.136 0.991 0. 192.960 0. 0. -1. 0.
-0.984 0.177 0. -313.414 0.177 0.984 0. 193.071 0. 0. -1. 0.
-0.971 0.240 0. -313.923 0.240 0.971 0. 193.228 0. 0. -1. 0.
-0.949 0.315 0. -314.554 0.315 0.949 0. 193.387 0. 0. -1. 0.
-0.912 0.409 0. -315.208 0.409 0.912 0. 193.801 0. 0. -1. 0.
-0.862 0.507 0. -315.821 0.507 0.862 0. 194.181 0. 0. -1. 0.
-0.788 0.615 0. -316.391 0.615 0.788 0. 194.689 0. 0. -1. 0.
-0.697 0.717 0. -316.984 0.717 0.697 0. 195.278 0. 0. -1. 0.
-0.612 0.791 0. -317.488 0.791 0.612 0. 196.130 0. 0. -1. 0.
-0.527 0.850 0. -318.003 0.850 0.527 0. 197.039 0. 0. -1. 0.
-0.446 0.895 0. -318.511 0.895 0.446 0. 198.050 0. 0. -1. 0.
-0.367 0.930 0. -318.925 0.930 0.367 0. 199.202 0. 0. -1. 0.
-0.299 0.954 0. -319.317 0.954 0.299 0. 200.525 0. 0. -1. 0.
-0.241 0.970 0. -319.688 0.970 0.241 0. 201.995 0. 0. -1. 0.
-0.186 0.983 0. -319.973 0.983 0.186 0. 203.643 0. 0. -1. 0.
-0.137 0.991 0. -320.218 0.991 0.137 0. 205.445 0. 0. -1. 0.
-0.096 0.995 0. -320.380 0.995 0.096 0. 207.334 0. 0. -1. 0.
-0.063 0.998 0. -320.476 0.998 0.063 0. 209.350 0. 0. -1. 0.
-0.043 0.999 0. -320.536 0.999 0.043 0. 211.489 0. 0. -1. 0.
-0.031 1.000 0. -320.561 1.000 0.031 0. 213.761 0. 0. -1. 0.
-0.027 1.000 0. -320.572 1.000 0.027 0. 216.164 0. 0. -1. 0.
-0.023 1.000 0. -320.584 1.000 0.023 0. 218.698 0. 0. -1. 0.
-0.019 1.000 0. -320.583 1.000 0.019 0. 221.366 0. 0. -1. 0.
-0.014 1. 0. -320.559 1. 0.014 0. 224.170 0. 0. -1. 0.
-0.009 1. 0. -320.533 1. 0.009 0. 227.116 0. 0. -1. 0.
-0.003 1. 0. -320.490 1. 0.003 0. 230.222 0. 0. -1. 0.
0.002 1. 0. -320.421 1. -0.002 0. 233.462 0. 0. -1. 0.
0.006 1. 0. -320.335 1. -0.006 0. 236.831 0. 0. -1. 0.
0.006 1. 0. -320.244 1. -0.006 0. 240.305 0. 0. -1. 0.
0.007 1. 0. -320.149 1. -0.007 0. 243.804 0. 0. -1. 0.
0.007 1. 0. -320.049 1. -0.007 0. 247.328 0. 0. -1. 0.
0.006 1. 0. -319.951 1. -0.006 0. 250.875 0. 0. -1. 0.
0.005 1. 0. -319.860 1. -0.005 0. 254.411 0. 0. -1. 0.
0.005 1. 0. -319.768 1. -0.005 0. 257.934 0. 0. -1. 0.
0.006 1. 0. -319.676 1. -0.006 0. 261.437 0. 0. -1. 0.
0.006 1. 0. -319.583 1. -0.006 0. 264.920 0. 0. -1. 0.
0.006 1. 0. -319.489 1. -0.006 0. 268.385 0. 0. -1. 0.
0.007 1. 0. -319.393 1. -0.007 0. 271.837 0. 0. -1. 0.
0.007 1. 0. -319.298 1. -0.007 0. 275.273 0. 0. -1. 0.
0.007 1. 0. -319.202 1. -0.007 0. 278.695 0. 0. -1. 0.
0.007 1. 0. -319.109 1. -0.007 0. 282.105 0. 0. -1. 0.
0.007 1. 0. -319.023 1. -0.007 0. 285.485 0. 0. -1. 0.
0.007 1. 0. -318.933 1. -0.007 0. 288.867 0. 0. -1. 0.
0.007 1. 0. -318.847 1. -0.007 0. 292.198 0. 0. -1. 0.
0.007 1. 0. -318.754 1. -0.007 0. 295.520 0. 0. -1. 0.
0.008 1. 0. -318.661 1. -0.008 0. 298.808 0. 0. -1. 0.
0.009 1. 0. -318.569 1. -0.009 0. 302.070 0. 0. -1. 0.
0.009 1. 0. -318.473 1. -0.009 0. 305.306 0. 0. -1. 0.
0.010 1. 0. -318.383 1. -0.010 0. 308.509 0. 0. -1. 0.
0.010 1. 0. -318.283 1. -0.010 0. 311.689 0. 0. -1. 0.
0.011 1. 0. -318.188 1. -0.011 0. 314.833 0. 0. -1. 0.
0.011 1. 0. -318.092 1. -0.011 0. 317.945 0. 0. -1. 0.
0.009 1. 0. -317.991 1. -0.009 0. 321.025 0. 0. -1. 0.
0.009 1. 0. -317.893 1. -0.009 0. 324.083 0. 0. -1. 0.
0.007 1. 0. -317.802 1. -0.007 0. 327.110 0. 0. -1. 0.
0.006 1. 0. -317.724 1. -0.006 0. 330.099 0. 0. -1. 0.
0.004 1. 0. -317.652 1. -0.004 0. 333.047 0. 0. -1. 0.
0.002 1. 0. -317.579 1. -0.002 0. 335.963 0. 0. -1. 0.
0.000 1. 0. -317.517 1. -0.000 0. 338.858 0. 0. -1. 0.
-0.002 1. 0. -317.466 1. 0.002 0. 341.708 0. 0. -1. 0.
-0.004 1. 0. -317.417 1. 0.004 0. 344.537 0. 0. -1. 0.
-0.004 1. 0. -317.372 1. 0.004 0. 347.347 0. 0. -1. 0.
-0.005 1. 0. -317.325 1. 0.005 0. 350.130 0. 0. -1. 0.
-0.005 1. 0. -317.285 1. 0.005 0. 352.890 0. 0. -1. 0.
-0.005 1. 0. -317.245 1. 0.005 0. 355.679 0. 0. -1. 0.
-0.003 1. 0. -317.202 1. 0.003 0. 358.442 0. 0. -1. 0.
-0.002 1. 0. -317.153 1. 0.002 0. 361.222 0. 0. -1. 0.
-0.001 1. 0. -317.098 1. 0.001 0. 364.009 0. 0. -1. 0.
-0.000 1. 0. -317.041 1. 0.000 0. 366.783 0. 0. -1. 0.
-0.001 1. 0. -316.986 1. 0.001 0. 369.555 0. 0. -1. 0.
-0.001 1. 0. -316.934 1. 0.001 0. 372.304 0. 0. -1. 0.
-0.002 1. 0. -316.881 1. 0.002 0. 375.051 0. 0. -1. 0.
-0.002 1. 0. -316.831 1. 0.002 0. 377.779 0. 0. -1. 0.
-0.003 1. 0. -316.769 1. 0.003 0. 380.499 0. 0. -1. 0.
-0.003 1. 0. -316.721 1. 0.003 0. 383.173 0. 0. -1. 0.
-0.003 1. 0. -316.685 1. 0.003 0. 385.839 0. 0. -1. 0.
-0.004 1. 0. -316.641 1. 0.004 0. 388.472 0. 0. -1. 0.
-0.004 1. 0. -316.590 1. 0.004 0. 391.070 0. 0. -1. 0.
-0.002 1. 0. -316.549 1. 0.002 0. 393.599 0. 0. -1. 0.
0.001 1. 0. -316.494 1. -0.001 0. 396.062 0. 0. -1. 0.
0.002 1. 0. -316.438 1. -0.002 0. 398.449 0. 0. -1. 0.
0.004 1. 0. -316.387 1. -0.004 0. 400.766 0. 0. -1. 0.
0.006 1. 0. -316.329 1. -0.006 0. 403.007 0. 0. -1. 0.
0.007 1. 0. -316.273 1. -0.007 0. 405.178 0. 0. -1. 0.
0.009 1. 0. -316.215 1. -0.009 0. 407.275 0. 0. -1. 0.
0.010 1. 0. -316.152 1. -0.010 0. 409.301 0. 0. -1. 0.
0.011 1. 0. -316.086 1. -0.011 0. 411.266 0. 0. -1. 0.
0.011 1. 0. -316.028 1. -0.011 0. 413.178 0. 0. -1. 0.
0.011 1. 0. -315.966 1. -0.011 0. 415.036 0. 0. -1. 0.
0.010 1. 0. -315.907 1. -0.010 0. 416.844 0. 0. -1. 0.
0.010 1. 0. -315.852 1. -0.010 0. 418.626 0. 0. -1. 0.
0.010 1. 0. -315.804 1. -0.010 0. 420.379 0. 0. -1. 0.
0.011 1. 0. -315.756 1. -0.011 0. 422.114 0. 0. -1. 0.
0.014 1. 0. -315.704 1. -0.014 0. 423.817 0. 0. -1. 0.
0.016 1.000 0. -315.642 1.000 -0.016 0. 425.499 0. 0. -1. 0.
0.017 1.000 0. -315.576 1.000 -0.017 0. 427.171 0. 0. -1. 0.
0.016 1.000 0. -315.512 1.000 -0.016 0. 428.829 0. 0. -1. 0.
0.014 1. 0. -315.456 1. -0.014 0. 430.467 0. 0. -1. 0.
0.011 1. 0. -315.405 1. -0.011 0. 432.086 0. 0. -1. 0.
0.008 1. 0. -315.360 1. -0.008 0. 433.670 0. 0. -1. 0.
0.005 1. 0. -315.321 1. -0.005 0. 435.220 0. 0. -1. 0.
0.001 1. 0. -315.288 1. -0.001 0. 436.728 0. 0. -1. 0.
-0.002 1. 0. -315.261 1. 0.002 0. 438.194 0. 0. -1. 0.
-0.005 1. 0. -315.238 1. 0.005 0. 439.618 0. 0. -1. 0.
-0.007 1. 0. -315.219 1. 0.007 0. 440.996 0. 0. -1. 0.
-0.006 1. 0. -315.201 1. 0.006 0. 442.335 0. 0. -1. 0.
-0.003 1. 0. -315.175 1. 0.003 0. 443.613 0. 0. -1. 0.
-0.001 1. 0. -315.150 1. 0.001 0. 444.845 0. 0. -1. 0.
0.001 1. 0. -315.124 1. -0.001 0. 446.047 0. 0. -1. 0.
0.002 1. 0. -315.093 1. -0.002 0. 447.219 0. 0. -1. 0.
0.005 1. 0. -315.064 1. -0.005 0. 448.378 0. 0. -1. 0.
0.005 1. 0. -315.036 1. -0.005 0. 449.533 0. 0. -1. 0.
0.004 1. 0. -315.008 1. -0.004 0. 450.680 0. 0. -1. 0.
0.004 1. 0. -314.985 1. -0.004 0. 451.820 0. 0. -1. 0.
0.004 1. 0. -314.957 1. -0.004 0. 452.958 0. 0. -1. 0.
0.004 1. 0. -314.933 1. -0.004 0. 454.089 0. 0. -1. 0.
0.003 1. 0. -314.906 1. -0.003 0. 455.219 0. 0. -1. 0.
0.004 1. 0. -314.879 1. -0.004 0. 456.357 0. 0. -1. 0.
0.003 1. 0. -314.854 1. -0.003 0. 457.542 0. 0. -1. 0.
0.003 1. 0. -314.825 1. -0.003 0. 458.796 0. 0. -1. 0.
0.003 1. 0. -314.791 1. -0.003 0. 460.121 0. 0. -1. 0.
0.003 1. 0. -314.759 1. -0.003 0. 461.519 0. 0. -1. 0.
0.003 1. 0. -314.721 1. -0.003 0. 462.990 0. 0. -1. 0.
0.002 1. 0. -314.690 1. -0.002 0. 464.531 0. 0. -1. 0.
0.002 1. 0. -314.655 1. -0.002 0. 466.144 0. 0. -1. 0.
0.004 1. 0. -314.618 1. -0.004 0. 467.823 0. 0. -1. 0.
0.004 1. 0. -314.575 1. -0.004 0. 469.560 0. 0. -1. 0.
0.006 1. 0. -314.528 1. -0.006 0. 471.349 0. 0. -1. 0.
0.007 1. 0. -314.481 1. -0.007 0. 473.183 0. 0. -1. 0.
0.008 1. 0. -314.425 1. -0.008 0. 475.060 0. 0. -1. 0.
0.008 1. 0. -314.372 1. -0.008 0. 476.981 0. 0. -1. 0.
0.008 1. 0. -314.319 1. -0.008 0. 478.940 0. 0. -1. 0.
0.007 1. 0. -314.271 1. -0.007 0. 480.948 0. 0. -1. 0.
0.006 1. 0. -314.219 1. -0.006 0. 482.985 0. 0. -1. 0.
0.005 1. 0. -314.170 1. -0.005 0. 485.060 0. 0. -1. 0.
0.004 1. 0. -314.122 1. -0.004 0. 487.176 0. 0. -1. 0.
0.002 1. 0. -314.076 1. -0.002 0. 489.324 0. 0. -1. 0.
0. 1. 0. -314.028 1. -0. 0. 491.517 0. 0. -1. 0.
-0.002 1. 0. -313.984 1. 0.002 0. 493.745 0. 0. -1. 0.
-0.005 1. 0. -313.948 1. 0.005 0. 496.015 0. 0. -1. 0.
-0.007 1. 0. -313.917 1. 0.007 0. 498.322 0. 0. -1. 0.
-0.010 1. 0. -313.887 1. 0.010 0. 500.643 0. 0. -1. 0.
-0.013 1. 0. -313.863 1. 0.013 0. 502.982 0. 0. -1. 0.
