1.000 0.023 0. 6.321 -0.023 1.000 0. -0.132 0. 0. 1. 0.
1.000 0.028 0. 7.214 -0.028 1.000 0. -0.189 0. 0. 1. 0.
0.999 0.033 0. 8.203 -0.033 0.999 0. -0.201 0. 0. 1. 0.
0.999 0.037 0. 9.214 -0.037 0.999 0. -0.266 0. 0. 1. 0.
0.999 0.042 0. 10.249 -0.042 0.999 0. -0.296 0. 0. 1. 0.
0.999 0.046 0. 11.366 -0.046 0.999 0. -0.368 0. 0. 1. 0.
0.999 0.049 0. 12.523 -0.049 0.999 0. -0.388 0. 0. 1. 0.
0.999 0.050 0. 13.701 -0.050 0.999 0. -0.486 0. 0. 1. 0.
0.999 0.049 0. 14.983 -0.049 0.999 0. -0.529 0. 0. 1. 0.
0.999 0.047 0. 16.281 -0.047 0.999 0. -0.602 0. 0. 1. 0.
0.999 0.047 0. 17.625 -0.047 0.999 0. -0.679 0. 0. 1. 0.
0.999 0.045 0. 19.034 -0.045 0.999 0. -0.745 0. 0. 1. 0.
0.999 0.044 0. 20.460 -0.044 0.999 0. -0.789 0. 0. 1. 0.
0.999 0.043 0. 21.926 -0.043 0.999 0. -0.853 0. 0. 1. 0.
0.999 0.044 0. 23.405 -0.044 0.999 0. -0.949 0. 0. 1. 0.
0.999 0.046 0. 24.993 -0.046 0.999 0. -1.008 0. 0. 1. 0.
0.999 0.039 0. 26.714 -0.039 0.999 0. -1.007 0. 0. 1. 0.
0.999 0.034 0. 28.424 -0.034 0.999 0. -1.123 0. 0. 1. 0.
0.999 0.035 0. 30.087 -0.035 0.999 0. -1.185 0. 0. 1. 0.
0.999 0.033 0. 31.924 -0.033 0.999 0. -1.241 0. 0. 1. 0.
1.000 0.030 0. 33.824 -0.030 1.000 0. -1.253 0. 0. 1. 0.
1.000 0.031 0. 35.758 -0.031 1.000 0. -1.354 0. 0. 1. 0.
0.999 0.032 0. 37.729 -0.032 0.999 0. -1.437 0. 0. 1. 0.
1.000 0.030 0. 39.735 -0.030 1.000 0. -1.524 0. 0. 1. 0.
1.000 0.025 0. 41.857 -0.025 1.000 0. -1.526 0. 0. 1. 0.
1.000 0.022 0. 43.998 -0.022 1.000 0. -1.555 0. 0. 1. 0.
1.000 0.019 0. 46.213 -0.019 1.000 0. -1.628 0. 0. 1. 0.
1.000 0.015 0. 48.420 -0.015 1.000 0. -1.622 0. 0. 1. 0.
1. 0.011 0. 50.638 -0.011 1. 0. -1.680 0. 0. 1. 0.
1. 0.007 0. 52.845 -0.007 1. 0. -1.672 0. 0. 1. 0.
1. 0.002 0. 55.051 -0.002 1. 0. -1.652 0. 0. 1. 0.
1. -0.002 0. 57.192 0.002 1. 0. -1.643 0. 0. 1. 0.
1. -0.009 0. 59.345 0.009 1. 0. -1.617 0. 0. 1. 0.
1. -0.012 0. 61.488 0.012 1. 0. -1.603 0. 0. 1. 0.
1.000 -0.015 0. 63.608 0.015 1.000 0. -1.561 0. 0. 1. 0.
1.000 -0.017 0. 65.742 0.017 1.000 0. -1.518 0. 0. 1. 0.
1.000 -0.019 0. 67.851 0.019 1.000 0. -1.507 0. 0. 1. 0.
1.000 -0.022 0. 69.984 0.022 1.000 0. -1.444 0. 0. 1. 0.
1.000 -0.023 0. 72.032 0.023 1.000 0. -1.395 0. 0. 1. 0.
1.000 -0.028 0. 74.057 0.028 1.000 0. -1.352 0. 0. 1. 0.
1.000 -0.028 0. 76.142 0.028 1.000 0. -1.287 0. 0. 1. 0.
0.999 -0.039 0. 78.216 0.039 0.999 0. -1.399 0. 0. 1. 0.
0.999 -0.042 0. 80.346 0.042 0.999 0. -1.173 0. 0. 1. 0.
0.999 -0.043 0. 82.328 0.043 0.999 0. -1.007 0. 0. 1. 0.
0.999 -0.049 0. 84.450 0.049 0.999 0. -0.953 0. 0. 1. 0.
0.999 -0.054 0. 86.553 0.054 0.999 0. -0.813 0. 0. 1. 0.
0.998 -0.057 0. 88.729 0.057 0.998 0. -0.708 0. 0. 1. 0.
0.998 -0.060 0. 90.861 0.060 0.998 0. -0.575 0. 0. 1. 0.
0.998 -0.061 0. 93.024 0.061 0.998 0. -0.453 0. 0. 1. 0.
0.998 -0.062 0. 95.212 0.062 0.998 0. -0.312 0. 0. 1. 0.
0.998 -0.064 0. 97.388 0.064 0.998 0. -0.162 0. 0. 1. 0.
0.998 -0.069 0. 99.583 0.069 0.998 0. 0.029 0. 0. 1. 0.
0.997 -0.072 0. 101.828 0.072 0.997 0. 0.199 0. 0. 1. 0.
0.997 -0.075 0. 104.055 0.075 0.997 0. 0.362 0. 0. 1. 0.
0.997 -0.077 0. 106.316 0.077 0.997 0. 0.570 0. 0. 1. 0.
0.997 -0.078 0. 108.578 0.078 0.997 0. 0.718 0. 0. 1. 0.
0.997 -0.079 0. 110.883 0.079 0.997 0. 0.934 0. 0. 1. 0.
0.997 -0.076 0. 113.182 0.076 0.997 0. 1.110 0. 0. 1. 0.
0.997 -0.074 0. 115.464 0.074 0.997 0. 1.286 0. 0. 1. 0.
0.997 -0.072 0. 117.784 0.072 0.997 0. 1.447 0. 0. 1. 0.
0.997 -0.071 0. 120.096 0.071 0.997 0. 1.627 0. 0. 1. 0.
0.998 -0.069 0. 122.356 0.069 0.998 0. 1.807 0. 0. 1. 0.
0.998 -0.069 0. 124.605 0.069 0.998 0. 1.995 0. 0. 1. 0.
0.998 -0.068 0. 126.830 0.068 0.998 0. 2.127 0. 0. 1. 0.
0.998 -0.069 0. 129.025 0.069 0.998 0. 2.298 0. 0. 1. 0.
0.998 -0.069 0. 131.174 0.069 0.998 0. 2.440 0. 0. 1. 0.
0.998 -0.067 0. 133.273 0.067 0.998 0. 2.566 0. 0. 1. 0.
0.998 -0.068 0. 135.491 0.068 0.998 0. 2.726 0. 0. 1. 0.
0.997 -0.072 0. 137.694 0.072 0.997 0. 2.933 0. 0. 1. 0.
0.997 -0.074 0. 139.791 0.074 0.997 0. 3.065 0. 0. 1. 0.
0.997 -0.077 0. 142.052 0.077 0.997 0. 3.228 0. 0. 1. 0.
0.997 -0.081 0. 144.268 0.081 0.997 0. 3.447 0. 0. 1. 0.
0.997 -0.083 0. 146.472 0.083 0.997 0. 3.618 0. 0. 1. 0.
0.996 -0.087 0. 148.712 0.087 0.996 0. 3.851 0. 0. 1. 0.
0.996 -0.091 0. 150.974 0.091 0.996 0. 4.057 0. 0. 1. 0.
0.995 -0.096 0. 153.226 0.096 0.995 0. 4.285 0. 0. 1. 0.
0.995 -0.100 0. 155.515 0.100 0.995 0. 4.511 0. 0. 1. 0.
0.995 -0.105 0. 157.782 0.105 0.995 0. 4.726 0. 0. 1. 0.
0.994 -0.108 0. 160.057 0.108 0.994 0. 4.971 0. 0. 1. 0.
0.994 -0.110 0. 162.336 0.110 0.994 0. 5.255 0. 0. 1. 0.
0.994 -0.112 0. 164.660 0.112 0.994 0. 5.488 0. 0. 1. 0.
0.993 -0.116 0. 166.964 0.116 0.993 0. 5.759 0. 0. 1. 0.
0.993 -0.122 0. 169.295 0.122 0.993 0. 6.080 0. 0. 1. 0.
0.992 -0.126 0. 171.616 0.126 0.992 0. 6.366 0. 0. 1. 0.
0.992 -0.130 0. 173.958 0.130 0.992 0. 6.671 0. 0. 1. 0.
0.991 -0.136 0. 176.318 0.136 0.991 0. 7.029 0. 0. 1. 0.
0.990 -0.138 0. 178.637 0.138 0.990 0. 7.315 0. 0. 1. 0.
0.990 -0.142 0. 181.066 0.142 0.990 0. 7.678 0. 0. 1. 0.
0.989 -0.145 0. 183.417 0.145 0.989 0. 8.036 0. 0. 1. 0.
0.989 -0.149 0. 185.824 0.149 0.989 0. 8.387 0. 0. 1. 0.
0.988 -0.153 0. 188.213 0.153 0.988 0. 8.776 0. 0. 1. 0.
0.988 -0.157 0. 190.581 0.157 0.988 0. 9.154 0. 0. 1. 0.
0.987 -0.163 0. 192.981 0.163 0.987 0. 9.555 0. 0. 1. 0.
0.986 -0.169 0. 195.310 0.169 0.986 0. 9.982 0. 0. 1. 0.
0.985 -0.173 0. 197.599 0.173 0.985 0. 10.401 0. 0. 1. 0.
0.984 -0.179 0. 199.875 0.179 0.984 0. 10.821 0. 0. 1. 0.
0.983 -0.185 0. 202.114 0.185 0.983 0. 11.222 0. 0. 1. 0.
0.982 -0.189 0. 204.316 0.189 0.982 0. 11.695 0. 0. 1. 0.
0.981 -0.192 0. 206.412 0.192 0.981 0. 12.095 0. 0. 1. 0.
0.980 -0.198 0. 208.709 0.198 0.980 0. 12.553 0. 0. 1. 0.
0.979 -0.203 0. 210.921 0.203 0.979 0. 12.940 0. 0. 1. 0.
0.978 -0.208 0. 213.022 0.208 0.978 0. 13.499 0. 0. 1. 0.
0.977 -0.211 0. 215.311 0.211 0.977 0. 13.955 0. 0. 1. 0.
0.977 -0.215 0. 217.536 0.215 0.977 0. 14.464 0. 0. 1. 0.
0.976 -0.218 0. 219.786 0.218 0.976 0. 14.991 0. 0. 1. 0.
0.976 -0.218 0. 222.036 0.218 0.976 0. 15.504 0. 0. 1. 0.
0.975 -0.221 0. 224.325 0.221 0.975 0. 15.965 0. 0. 1. 0.
0.975 -0.224 0. 226.587 0.224 0.975 0. 16.529 0. 0. 1. 0.
0.974 -0.226 0. 228.830 0.226 0.974 0. 17.068 0. 0. 1. 0.
0.973 -0.231 0. 231.083 0.231 0.973 0. 17.641 0. 0. 1. 0.
0.972 -0.234 0. 233.405 0.234 0.972 0. 18.155 0. 0. 1. 0.
0.971 -0.239 0. 235.653 0.239 0.971 0. 18.753 0. 0. 1. 0.
0.970 -0.243 0. 237.956 0.243 0.970 0. 19.233 0. 0. 1. 0.
0.969 -0.248 0. 240.280 0.248 0.969 0. 19.897 0. 0. 1. 0.
0.968 -0.251 0. 242.501 0.251 0.968 0. 20.499 0. 0. 1. 0.
0.966 -0.257 0. 244.910 0.257 0.966 0. 21.079 0. 0. 1. 0.
0.965 -0.263 0. 247.255 0.263 0.965 0. 21.720 0. 0. 1. 0.
0.964 -0.267 0. 249.600 0.267 0.964 0. 22.375 0. 0. 1. 0.
0.962 -0.271 0. 251.996 0.271 0.962 0. 23.010 0. 0. 1. 0.
0.961 -0.277 0. 254.344 0.277 0.961 0. 23.697 0. 0. 1. 0.
0.960 -0.280 0. 256.702 0.280 0.960 0. 24.402 0. 0. 1. 0.
0.959 -0.284 0. 259.054 0.284 0.959 0. 25.134 0. 0. 1. 0.
0.959 -0.285 0. 261.478 0.285 0.959 0. 25.816 0. 0. 1. 0.
0.957 -0.289 0. 263.882 0.289 0.957 0. 26.569 0. 0. 1. 0.
0.957 -0.291 0. 266.198 0.291 0.957 0. 27.290 0. 0. 1. 0.
0.956 -0.294 0. 268.560 0.294 0.956 0. 28.027 0. 0. 1. 0.
0.955 -0.296 0. 270.837 0.296 0.955 0. 28.756 0. 0. 1. 0.
0.954 -0.299 0. 273.162 0.299 0.954 0. 29.481 0. 0. 1. 0.
0.954 -0.301 0. 275.404 0.301 0.954 0. 30.197 0. 0. 1. 0.
0.953 -0.302 0. 277.693 0.302 0.953 0. 30.940 0. 0. 1. 0.
0.952 -0.306 0. 279.905 0.306 0.952 0. 31.591 0. 0. 1. 0.
0.952 -0.307 0. 282.071 0.307 0.952 0. 32.375 0. 0. 1. 0.
0.951 -0.309 0. 284.193 0.309 0.951 0. 33.047 0. 0. 1. 0.
0.950 -0.313 0. 286.332 0.313 0.950 0. 33.747 0. 0. 1. 0.
0.949 -0.317 0. 288.351 0.317 0.949 0. 34.366 0. 0. 1. 0.
0.948 -0.320 0. 290.281 0.320 0.948 0. 35.065 0. 0. 1. 0.
0.946 -0.323 0. 292.169 0.323 0.946 0. 35.760 0. 0. 1. 0.
0.944 -0.329 0. 294.033 0.329 0.944 0. 36.286 0. 0. 1. 0.
0.942 -0.334 0. 295.877 0.334 0.942 0. 37.001 0. 0. 1. 0.
0.940 -0.341 0. 297.668 0.341 0.940 0. 37.692 0. 0. 1. 0.
0.938 -0.347 0. 299.439 0.347 0.938 0. 38.255 0. 0. 1. 0.
0.936 -0.352 0. 301.125 0.352 0.936 0. 38.953 0. 0. 1. 0.
0.934 -0.357 0. 302.848 0.357 0.934 0. 39.584 0. 0. 1. 0.
0.933 -0.361 0. 304.504 0.361 0.933 0. 40.260 0. 0. 1. 0.
0.933 -0.361 0. 306.145 0.361 0.933 0. 40.905 0. 0. 1. 0.
0.931 -0.364 0. 307.758 0.364 0.931 0. 41.570 0. 0. 1. 0.
0.932 -0.363 0. 309.364 0.363 0.932 0. 42.145 0. 0. 1. 0.
0.935 -0.356 0. 310.843 0.356 0.935 0. 42.736 0. 0. 1. 0.
0.940 -0.341 0. 312.273 0.341 0.940 0. 43.230 0. 0. 1. 0.
0.947 -0.320 0. 313.676 0.320 0.947 0. 43.650 0. 0. 1. 0.
0.959 -0.283 0. 315.004 0.283 0.959 0. 44.107 0. 0. 1. 0.
0.973 -0.229 0. 316.311 0.229 0.973 0. 44.242 0. 0. 1. 0.
0.987 -0.159 0. 317.487 0.159 0.987 0. 44.372 0. 0. 1. 0.
0.997 -0.082 0. 318.667 0.082 0.997 0. 44.310 0. 0. 1. 0.
1. 0.010 0. 319.734 -0.010 1. 0. 44.238 0. 0. 1. 0.
0.994 0.110 0. 320.781 -0.110 0.994 0. 44.008 0. 0. 1. 0.
0.974 0.225 0. 321.842 -0.225 0.974 0. 43.633 0. 0. 1. 0.
0.939 0.344 0. 322.748 -0.344 0.939 0. 43.173 0. 0. 1. 0.
0.883 0.469 0. 323.652 -0.469 0.883 0. 42.518 0. 0. 1. 0.
0.807 0.591 0. 324.371 -0.591 0.807 0. 41.858 0. 0. 1. 0.
0.712 0.702 0. 325.031 -0.702 0.712 0. 40.948 0. 0. 1. 0.
0.599 0.800 0. 325.544 -0.800 0.599 0. 39.992 0. 0. 1. 0.
0.479 0.878 0. 325.915 -0.878 0.479 0. 38.954 0. 0. 1. 0.
0.355 0.935 0. 326.241 -0.935 0.355 0. 37.822 0. 0. 1. 0.
0.244 0.970 0. 326.355 -0.970 0.244 0. 36.687 0. 0. 1. 0.
0.160 0.987 0. 326.358 -0.987 0.160 0. 35.565 0. 0. 1. 0.
0.116 0.993 0. 326.517 -0.993 0.116 0. 34.329 0. 0. 1. 0.
0.091 0.996 0. 326.748 -0.996 0.091 0. 32.814 0. 0. 1. 0.
0.076 0.997 0. 326.843 -0.997 0.076 0. 31.317 0. 0. 1. 0.
0.069 0.998 0. 326.932 -0.998 0.069 0. 29.852 0. 0. 1. 0.
0.058 0.998 0. 327.015 -0.998 0.058 0. 28.500 0. 0. 1. 0.
0.052 0.999 0. 327.121 -0.999 0.052 0. 26.981 0. 0. 1. 0.
0.056 0.998 0. 327.168 -0.998 0.056 0. 25.353 0. 0. 1. 0.
0.062 0.998 0. 327.287 -0.998 0.062 0. 23.698 0. 0. 1. 0.
0.064 0.998 0. 327.435 -0.998 0.064 0. 22.064 0. 0. 1. 0.
0.063 0.998 0. 327.498 -0.998 0.063 0. 20.330 0. 0. 1. 0.
0.065 0.998 0. 327.609 -0.998 0.065 0. 18.582 0. 0. 1. 0.
0.064 0.998 0. 327.753 -0.998 0.064 0. 16.798 0. 0. 1. 0.
0.065 0.998 0. 327.873 -0.998 0.065 0. 14.934 0. 0. 1. 0.
0.065 0.998 0. 327.959 -0.998 0.065 0. 13.042 0. 0. 1. 0.
0.063 0.998 0. 328.112 -0.998 0.063 0. 11.122 0. 0. 1. 0.
0.060 0.998 0. 328.186 -0.998 0.060 0. 9.159 0. 0. 1. 0.
0.060 0.998 0. 328.324 -0.998 0.060 0. 7.149 0. 0. 1. 0.
0.059 0.998 0. 328.435 -0.998 0.059 0. 5.073 0. 0. 1. 0.
0.060 0.998 0. 328.558 -0.998 0.060 0. 2.985 0. 0. 1. 0.
0.063 0.998 0. 328.699 -0.998 0.063 0. 0.872 0. 0. 1. 0.
0.063 0.998 0. 328.823 -0.998 0.063 0. -1.291 0. 0. 1. 0.
0.066 0.998 0. 328.946 -0.998 0.066 0. -3.483 0. 0. 1. 0.
0.065 0.998 0. 329.029 -0.998 0.065 0. -5.717 0. 0. 1. 0.
0.065 0.998 0. 329.182 -0.998 0.065 0. -7.926 0. 0. 1. 0.
0.065 0.998 0. 329.371 -0.998 0.065 0. -10.204 0. 0. 1. 0.
0.067 0.998 0. 329.524 -0.998 0.067 0. -12.451 0. 0. 1. 0.
0.066 0.998 0. 329.671 -0.998 0.066 0. -14.644 0. 0. 1. 0.
0.068 0.998 0. 329.793 -0.998 0.068 0. -16.855 0. 0. 1. 0.
0.068 0.998 0. 329.982 -0.998 0.068 0. -19.036 0. 0. 1. 0.
0.067 0.998 0. 330.128 -0.998 0.067 0. -21.199 0. 0. 1. 0.
0.066 0.998 0. 330.227 -0.998 0.066 0. -23.326 0. 0. 1. 0.
0.065 0.998 0. 330.368 -0.998 0.065 0. -25.406 0. 0. 1. 0.
0.065 0.998 0. 330.517 -0.998 0.065 0. -27.467 0. 0. 1. 0.
0.064 0.998 0. 330.622 -0.998 0.064 0. -29.366 0. 0. 1. 0.
0.062 0.998 0. 330.803 -0.998 0.062 0. -31.171 0. 0. 1. 0.
0.062 0.998 0. 330.919 -0.998 0.062 0. -32.989 0. 0. 1. 0.
0.063 0.998 0. 331.019 -0.998 0.063 0. -34.810 0. 0. 1. 0.
0.066 0.998 0. 331.129 -0.998 0.066 0. -36.585 0. 0. 1. 0.
0.070 0.998 0. 331.270 -0.998 0.070 0. -38.307 0. 0. 1. 0.
0.070 0.998 0. 331.458 -0.998 0.070 0. -40.093 0. 0. 1. 0.
0.075 0.997 0. 331.604 -0.997 0.075 0. -41.978 0. 0. 1. 0.
0.073 0.997 0. 331.689 -0.997 0.073 0. -43.629 0. 0. 1. 0.
0.074 0.997 0. 331.779 -0.997 0.074 0. -45.353 0. 0. 1. 0.
0.073 0.997 0. 331.928 -0.997 0.073 0. -47.175 0. 0. 1. 0.
0.073 0.997 0. 332.079 -0.997 0.073 0. -48.937 0. 0. 1. 0.
0.074 0.997 0. 332.229 -0.997 0.074 0. -50.721 0. 0. 1. 0.
0.074 0.997 0. 332.353 -0.997 0.074 0. -52.494 0. 0. 1. 0.
0.073 0.997 0. 332.525 -0.997 0.073 0. -54.281 0. 0. 1. 0.
0.074 0.997 0. 332.665 -0.997 0.074 0. -56.059 0. 0. 1. 0.
0.075 0.997 0. 332.730 -0.997 0.075 0. -57.822 0. 0. 1. 0.
0.072 0.997 0. 332.890 -0.997 0.072 0. -59.577 0. 0. 1. 0.
0.074 0.997 0. 333.051 -0.997 0.074 0. -61.315 0. 0. 1. 0.
0.074 0.997 0. 333.200 -0.997 0.074 0. -63.001 0. 0. 1. 0.
0.073 0.997 0. 333.277 -0.997 0.073 0. -64.685 0. 0. 1. 0.
0.071 0.997 0. 333.408 -0.997 0.071 0. -66.313 0. 0. 1. 0.
0.069 0.998 0. 333.516 -0.998 0.069 0. -67.910 0. 0. 1. 0.
0.071 0.997 0. 333.666 -0.997 0.071 0. -69.656 0. 0. 1. 0.
0.072 0.997 0. 333.775 -0.997 0.072 0. -71.243 0. 0. 1. 0.
0.066 0.998 0. 333.885 -0.998 0.066 0. -72.763 0. 0. 1. 0.
0.063 0.998 0. 334.003 -0.998 0.063 0. -74.407 0. 0. 1. 0.
0.060 0.998 0. 333.973 -0.998 0.060 0. -75.987 0. 0. 1. 0.
0.062 0.998 0. 334.100 -0.998 0.062 0. -77.576 0. 0. 1. 0.
0.061 0.998 0. 334.182 -0.998 0.061 0. -79.169 0. 0. 1. 0.
0.063 0.998 0. 334.245 -0.998 0.063 0. -80.671 0. 0. 1. 0.
0.062 0.998 0. 334.245 -0.998 0.062 0. -82.142 0. 0. 1. 0.
0.061 0.998 0. 334.400 -0.998 0.061 0. -83.514 0. 0. 1. 0.
0.062 0.998 0. 334.415 -0.998 0.062 0. -84.748 0. 0. 1. 0.
0.060 0.998 0. 334.468 -0.998 0.060 0. -85.922 0. 0. 1. 0.
0.064 0.998 0. 334.675 -0.998 0.064 0. -87.078 0. 0. 1. 0.
0.064 0.998 0. 334.555 -0.998 0.064 0. -88.203 0. 0. 1. 0.
0.060 0.998 0. 334.684 -0.998 0.060 0. -89.070 0. 0. 1. 0.
0.060 0.998 0. 334.717 -0.998 0.060 0. -89.929 0. 0. 1. 0.
0.062 0.998 0. 334.772 -0.998 0.062 0. -90.828 0. 0. 1. 0.
0.064 0.998 0. 334.812 -0.998 0.064 0. -91.528 0. 0. 1. 0.
0.063 0.998 0. 334.858 -0.998 0.063 0. -92.247 0. 0. 1. 0.
0.065 0.998 0. 334.796 -0.998 0.065 0. -92.957 0. 0. 1. 0.
0.064 0.998 0. 334.917 -0.998 0.064 0. -93.586 0. 0. 1. 0.
0.065 0.998 0. 334.887 -0.998 0.065 0. -94.207 0. 0. 1. 0.
0.065 0.998 0. 334.984 -0.998 0.065 0. -94.822 0. 0. 1. 0.
0.064 0.998 0. 335.040 -0.998 0.064 0. -95.502 0. 0. 1. 0.
0.067 0.998 0. 335.040 -0.998 0.067 0. -96.151 0. 0. 1. 0.
0.068 0.998 0. 335.086 -0.998 0.068 0. -96.747 0. 0. 1. 0.
0.068 0.998 0. 335.147 -0.998 0.068 0. -97.349 0. 0. 1. 0.
0.069 0.998 0. 335.188 -0.998 0.069 0. -97.930 0. 0. 1. 0.
0.071 0.997 0. 335.248 -0.997 0.071 0. -98.519 0. 0. 1. 0.
0.072 0.997 0. 335.336 -0.997 0.072 0. -99.124 0. 0. 1. 0.
0.073 0.997 0. 335.390 -0.997 0.073 0. -99.659 0. 0. 1. 0.
0.076 0.997 0. 335.392 -0.997 0.076 0. -100.197 0. 0. 1. 0.
0.079 0.997 0. 335.463 -0.997 0.079 0. -100.701 0. 0. 1. 0.
0.079 0.997 0. 335.477 -0.997 0.079 0. -101.266 0. 0. 1. 0.
0.076 0.997 0. 335.521 -0.997 0.076 0. -101.856 0. 0. 1. 0.
0.072 0.997 0. 335.584 -0.997 0.072 0. -102.448 0. 0. 1. 0.
0.069 0.998 0. 335.589 -0.998 0.069 0. -103.101 0. 0. 1. 0.
0.058 0.998 0. 335.607 -0.998 0.058 0. -103.800 0. 0. 1. 0.
0.042 0.999 0. 335.602 -0.999 0.042 0. -104.472 0. 0. 1. 0.
0.012 1. 0. 335.557 -1. 0.012 0. -105.244 0. 0. 1. 0.
-0.025 1.000 0. 335.518 -1.000 -0.025 0. -106.088 0. 0. 1. 0.
-0.068 0.998 0. 335.410 -0.998 -0.068 0. -106.939 0. 0. 1. 0.
-0.122 0.993 0. 335.265 -0.993 -0.122 0. -107.847 0. 0. 1. 0.
-0.182 0.983 0. 335.077 -0.983 -0.182 0. -108.762 0. 0. 1. 0.
-0.244 0.970 0. 334.807 -0.970 -0.244 0. -109.714 0. 0. 1. 0.
-0.306 0.952 0. 334.507 -0.952 -0.306 0. -110.784 0. 0. 1. 0.
-0.370 0.929 0. 334.122 -0.929 -0.370 0. -111.770 0. 0. 1. 0.
-0.428 0.904 0. 333.565 -0.904 -0.428 0. -112.673 0. 0. 1. 0.
-0.478 0.878 0. 332.987 -0.878 -0.478 0. -113.547 0. 0. 1. 0.
-0.530 0.848 0. 332.301 -0.848 -0.530 0. -114.521 0. 0. 1. 0.
-0.576 0.818 0. 331.614 -0.818 -0.576 0. -115.371 0. 0. 1. 0.
-0.619 0.785 0. 330.916 -0.785 -0.619 0. -116.327 0. 0. 1. 0.
-0.657 0.754 0. 330.044 -0.754 -0.657 0. -117.215 0. 0. 1. 0.
-0.689 0.724 0. 329.061 -0.724 -0.689 0. -118.086 0. 0. 1. 0.
-0.720 0.694 0. 328.104 -0.694 -0.720 0. -119.025 0. 0. 1. 0.
-0.750 0.662 0. 327.048 -0.662 -0.750 0. -119.927 0. 0. 1. 0.
-0.777 0.630 0. 325.848 -0.630 -0.777 0. -120.819 0. 0. 1. 0.
-0.802 0.598 0. 324.669 -0.598 -0.802 0. -121.679 0. 0. 1. 0.
-0.825 0.566 0. 323.392 -0.566 -0.825 0. -122.535 0. 0. 1. 0.
-0.846 0.534 0. 322.031 -0.534 -0.846 0. -123.336 0. 0. 1. 0.
-0.866 0.500 0. 320.576 -0.500 -0.866 0. -124.182 0. 0. 1. 0.
-0.885 0.466 0. 319.043 -0.466 -0.885 0. -124.887 0. 0. 1. 0.
-0.902 0.431 0. 317.545 -0.431 -0.902 0. -125.579 0. 0. 1. 0.
-0.915 0.403 0. 316.050 -0.403 -0.915 0. -126.222 0. 0. 1. 0.
-0.926 0.377 0. 314.468 -0.377 -0.926 0. -126.878 0. 0. 1. 0.
-0.934 0.358 0. 312.883 -0.358 -0.934 0. -127.478 0. 0. 1. 0.
-0.937 0.349 0. 311.227 -0.349 -0.937 0. -128.120 0. 0. 1. 0.
-0.939 0.345 0. 309.574 -0.345 -0.939 0. -128.741 0. 0. 1. 0.
-0.940 0.340 0. 307.954 -0.340 -0.940 0. -129.311 0. 0. 1. 0.
-0.941 0.339 0. 306.105 -0.339 -0.941 0. -130.007 0. 0. 1. 0.
-0.941 0.339 0. 304.455 -0.339 -0.941 0. -130.610 0. 0. 1. 0.
-0.942 0.337 0. 302.738 -0.337 -0.942 0. -131.273 0. 0. 1. 0.
-0.942 0.336 0. 300.858 -0.336 -0.942 0. -131.942 0. 0. 1. 0.
-0.941 0.338 0. 298.994 -0.338 -0.941 0. -132.567 0. 0. 1. 0.
-0.940 0.341 0. 297.155 -0.341 -0.940 0. -133.279 0. 0. 1. 0.
-0.940 0.342 0. 295.234 -0.342 -0.940 0. -133.993 0. 0. 1. 0.
-0.939 0.345 0. 293.296 -0.345 -0.939 0. -134.712 0. 0. 1. 0.
-0.939 0.345 0. 291.313 -0.345 -0.939 0. -135.444 0. 0. 1. 0.
-0.939 0.344 0. 289.343 -0.344 -0.939 0. -136.180 0. 0. 1. 0.
-0.939 0.345 0. 287.320 -0.345 -0.939 0. -136.950 0. 0. 1. 0.
-0.939 0.345 0. 285.282 -0.345 -0.939 0. -137.739 0. 0. 1. 0.
-0.939 0.344 0. 283.166 -0.344 -0.939 0. -138.452 0. 0. 1. 0.
-0.938 0.345 0. 281.091 -0.345 -0.938 0. -139.219 0. 0. 1. 0.
-0.939 0.344 0. 278.897 -0.344 -0.939 0. -140.004 0. 0. 1. 0.
-0.939 0.344 0. 276.754 -0.344 -0.939 0. -140.819 0. 0. 1. 0.
-0.938 0.346 0. 274.509 -0.346 -0.938 0. -141.628 0. 0. 1. 0.
-0.939 0.345 0. 272.351 -0.345 -0.939 0. -142.459 0. 0. 1. 0.
-0.938 0.348 0. 270.170 -0.348 -0.938 0. -143.272 0. 0. 1. 0.
-0.935 0.353 0. 267.925 -0.353 -0.935 0. -144.135 0. 0. 1. 0.
-0.934 0.358 0. 265.706 -0.358 -0.934 0. -145.009 0. 0. 1. 0.
-0.930 0.366 0. 263.488 -0.366 -0.930 0. -145.869 0. 0. 1. 0.
-0.928 0.371 0. 261.258 -0.371 -0.928 0. -146.735 0. 0. 1. 0.
-0.925 0.381 0. 259.019 -0.381 -0.925 0. -147.670 0. 0. 1. 0.
-0.921 0.389 0. 256.802 -0.389 -0.921 0. -148.600 0. 0. 1. 0.
-0.917 0.398 0. 254.613 -0.398 -0.917 0. -149.590 0. 0. 1. 0.
-0.914 0.406 0. 252.377 -0.406 -0.914 0. -150.658 0. 0. 1. 0.
-0.910 0.415 0. 250.195 -0.415 -0.910 0. -151.678 0. 0. 1. 0.
-0.906 0.424 0. 247.977 -0.424 -0.906 0. -152.761 0. 0. 1. 0.
-0.901 0.434 0. 245.762 -0.434 -0.901 0. -153.831 0. 0. 1. 0.
-0.896 0.443 0. 243.566 -0.443 -0.896 0. -154.917 0. 0. 1. 0.
-0.891 0.453 0. 241.386 -0.453 -0.891 0. -156.058 0. 0. 1. 0.
-0.886 0.464 0. 239.182 -0.464 -0.886 0. -157.222 0. 0. 1. 0.
-0.878 0.478 0. 237.027 -0.478 -0.878 0. -158.431 0. 0. 1. 0.
-0.871 0.491 0. 234.897 -0.491 -0.871 0. -159.698 0. 0. 1. 0.
-0.863 0.505 0. 232.762 -0.505 -0.863 0. -160.942 0. 0. 1. 0.
-0.856 0.518 0. 230.627 -0.518 -0.856 0. -162.235 0. 0. 1. 0.
-0.849 0.529 0. 228.472 -0.529 -0.849 0. -163.555 0. 0. 1. 0.
-0.841 0.540 0. 226.405 -0.540 -0.841 0. -164.948 0. 0. 1. 0.
-0.835 0.551 0. 224.320 -0.551 -0.835 0. -166.360 0. 0. 1. 0.
-0.827 0.562 0. 222.287 -0.562 -0.827 0. -167.823 0. 0. 1. 0.
-0.821 0.571 0. 220.159 -0.571 -0.821 0. -169.261 0. 0. 1. 0.
-0.813 0.582 0. 218.136 -0.582 -0.813 0. -170.711 0. 0. 1. 0.
-0.806 0.591 0. 216.053 -0.591 -0.806 0. -172.217 0. 0. 1. 0.
-0.799 0.601 0. 214.077 -0.601 -0.799 0. -173.715 0. 0. 1. 0.
-0.792 0.610 0. 212.151 -0.610 -0.792 0. -175.256 0. 0. 1. 0.
-0.784 0.620 0. 210.242 -0.620 -0.784 0. -176.775 0. 0. 1. 0.
-0.775 0.632 0. 208.326 -0.632 -0.775 0. -178.334 0. 0. 1. 0.
-0.766 0.643 0. 206.388 -0.643 -0.766 0. -179.912 0. 0. 1. 0.
-0.758 0.652 0. 204.582 -0.652 -0.758 0. -181.575 0. 0. 1. 0.
-0.748 0.664 0. 202.729 -0.664 -0.748 0. -183.159 0. 0. 1. 0.
-0.741 0.672 0. 200.838 -0.672 -0.741 0. -184.802 0. 0. 1. 0.
-0.733 0.680 0. 199.094 -0.680 -0.733 0. -186.464 0. 0. 1. 0.
-0.727 0.686 0. 197.316 -0.686 -0.727 0. -188.162 0. 0. 1. 0.
-0.720 0.693 0. 195.524 -0.693 -0.720 0. -189.830 0. 0. 1. 0.
-0.713 0.701 0. 193.798 -0.701 -0.713 0. -191.560 0. 0. 1. 0.
-0.706 0.708 0. 192.094 -0.708 -0.706 0. -193.273 0. 0. 1. 0.
-0.696 0.718 0. 190.448 -0.718 -0.696 0. -194.955 0. 0. 1. 0.
-0.685 0.728 0. 188.777 -0.728 -0.685 0. -196.714 0. 0. 1. 0.
-0.675 0.738 0. 187.224 -0.738 -0.675 0. -198.429 0. 0. 1. 0.
-0.665 0.747 0. 185.723 -0.747 -0.665 0. -200.109 0. 0. 1. 0.
-0.652 0.758 0. 184.335 -0.758 -0.652 0. -201.816 0. 0. 1. 0.
-0.644 0.765 0. 182.967 -0.765 -0.644 0. -203.466 0. 0. 1. 0.
-0.637 0.771 0. 181.635 -0.771 -0.637 0. -204.986 0. 0. 1. 0.
-0.632 0.775 0. 180.461 -0.775 -0.632 0. -206.545 0. 0. 1. 0.
-0.627 0.779 0. 179.304 -0.779 -0.627 0. -207.971 0. 0. 1. 0.
-0.622 0.783 0. 178.191 -0.783 -0.622 0. -209.401 0. 0. 1. 0.
-0.616 0.788 0. 177.188 -0.788 -0.616 0. -210.868 0. 0. 1. 0.
-0.609 0.793 0. 176.061 -0.793 -0.609 0. -212.446 0. 0. 1. 0.
-0.601 0.799 0. 175.026 -0.799 -0.601 0. -213.954 0. 0. 1. 0.
-0.590 0.807 0. 173.812 -0.807 -0.590 0. -215.318 0. 0. 1. 0.
-0.581 0.814 0. 172.709 -0.814 -0.581 0. -216.844 0. 0. 1. 0.
-0.565 0.825 0. 171.633 -0.825 -0.565 0. -218.448 0. 0. 1. 0.
-0.553 0.833 0. 170.599 -0.833 -0.553 0. -220.109 0. 0. 1. 0.
-0.542 0.841 0. 169.547 -0.841 -0.542 0. -221.815 0. 0. 1. 0.
-0.535 0.845 0. 168.530 -0.845 -0.535 0. -223.500 0. 0. 1. 0.
-0.529 0.848 0. 167.474 -0.848 -0.529 0. -225.277 0. 0. 1. 0.
-0.525 0.851 0. 166.337 -0.851 -0.525 0. -227.097 0. 0. 1. 0.
-0.519 0.855 0. 165.245 -0.855 -0.519 0. -228.886 0. 0. 1. 0.
-0.516 0.857 0. 164.121 -0.857 -0.516 0. -230.696 0. 0. 1. 0.
-0.515 0.857 0. 163.004 -0.857 -0.515 0. -232.608 0. 0. 1. 0.
-0.515 0.857 0. 161.845 -0.857 -0.515 0. -234.460 0. 0. 1. 0.
-0.514 0.858 0. 160.693 -0.858 -0.514 0. -236.417 0. 0. 1. 0.
-0.508 0.862 0. 159.495 -0.862 -0.508 0. -238.337 0. 0. 1. 0.
-0.503 0.864 0. 158.351 -0.864 -0.503 0. -240.360 0. 0. 1. 0.
-0.501 0.866 0. 157.166 -0.866 -0.501 0. -242.325 0. 0. 1. 0.
-0.497 0.868 0. 155.962 -0.868 -0.497 0. -244.404 0. 0. 1. 0.
-0.492 0.870 0. 154.777 -0.870 -0.492 0. -246.478 0. 0. 1. 0.
-0.486 0.874 0. 153.618 -0.874 -0.486 0. -248.635 0. 0. 1. 0.
-0.476 0.879 0. 152.409 -0.879 -0.476 0. -250.773 0. 0. 1. 0.
-0.463 0.886 0. 151.204 -0.886 -0.463 0. -252.983 0. 0. 1. 0.
-0.450 0.893 0. 150.235 -0.893 -0.450 0. -255.237 0. 0. 1. 0.
-0.437 0.899 0. 149.163 -0.899 -0.437 0. -257.580 0. 0. 1. 0.
-0.426 0.905 0. 148.129 -0.905 -0.426 0. -259.866 0. 0. 1. 0.
-0.411 0.912 0. 147.092 -0.912 -0.411 0. -262.306 0. 0. 1. 0.
-0.398 0.917 0. 145.968 -0.917 -0.398 0. -264.682 0. 0. 1. 0.
-0.382 0.924 0. 144.973 -0.924 -0.382 0. -267.151 0. 0. 1. 0.
-0.371 0.929 0. 143.909 -0.929 -0.371 0. -269.599 0. 0. 1. 0.
-0.360 0.933 0. 143.038 -0.933 -0.360 0. -272.129 0. 0. 1. 0.
-0.350 0.937 0. 142.078 -0.937 -0.350 0. -274.615 0. 0. 1. 0.
-0.340 0.941 0. 141.289 -0.941 -0.340 0. -277.142 0. 0. 1. 0.
-0.327 0.945 0. 140.387 -0.945 -0.327 0. -279.653 0. 0. 1. 0.
-0.314 0.950 0. 139.433 -0.950 -0.314 0. -282.207 0. 0. 1. 0.
-0.301 0.954 0. 138.690 -0.954 -0.301 0. -284.718 0. 0. 1. 0.
-0.289 0.957 0. 137.843 -0.957 -0.289 0. -287.244 0. 0. 1. 0.
-0.275 0.961 0. 137.170 -0.961 -0.275 0. -289.781 0. 0. 1. 0.
-0.262 0.965 0. 136.490 -0.965 -0.262 0. -292.378 0. 0. 1. 0.
-0.249 0.969 0. 135.828 -0.969 -0.249 0. -294.938 0. 0. 1. 0.
-0.236 0.972 0. 135.232 -0.972 -0.236 0. -297.527 0. 0. 1. 0.
-0.220 0.975 0. 134.610 -0.975 -0.220 0. -300.162 0. 0. 1. 0.
-0.204 0.979 0. 134.079 -0.979 -0.204 0. -302.779 0. 0. 1. 0.
-0.185 0.983 0. 133.546 -0.983 -0.185 0. -305.419 0. 0. 1. 0.
-0.170 0.985 0. 133.157 -0.985 -0.170 0. -308.058 0. 0. 1. 0.
-0.154 0.988 0. 132.742 -0.988 -0.154 0. -310.756 0. 0. 1. 0.
-0.136 0.991 0. 132.332 -0.991 -0.136 0. -313.428 0. 0. 1. 0.
-0.121 0.993 0. 132.002 -0.993 -0.121 0. -316.111 0. 0. 1. 0.
-0.096 0.995 0. 131.764 -0.995 -0.096 0. -318.872 0. 0. 1. 0.
-0.073 0.997 0. 131.549 -0.997 -0.073 0. -321.635 0. 0. 1. 0.
-0.052 0.999 0. 131.369 -0.999 -0.052 0. -324.439 0. 0. 1. 0.
-0.034 0.999 0. 131.238 -0.999 -0.034 0. -327.251 0. 0. 1. 0.
-0.015 1.000 0. 131.221 -1.000 -0.015 0. -329.972 0. 0. 1. 0.
0.000 1. 0. 131.214 -1. 0.000 0. -332.813 0. 0. 1. 0.
0.015 1.000 0. 131.210 -1.000 0.015 0. -335.711 0. 0. 1. 0.
0.032 0.999 0. 131.350 -0.999 0.032 0. -338.568 0. 0. 1. 0.
0.047 0.999 0. 131.571 -0.999 0.047 0. -341.459 0. 0. 1. 0.
0.055 0.999 0. 131.755 -0.999 0.055 0. -344.409 0. 0. 1. 0.
0.058 0.998 0. 131.922 -0.998 0.058 0. -347.221 0. 0. 1. 0.
0.058 0.998 0. 132.051 -0.998 0.058 0. -350.079 0. 0. 1. 0.
0.056 0.998 0. 132.287 -0.998 0.056 0. -352.982 0. 0. 1. 0.
0.054 0.999 0. 132.470 -0.999 0.054 0. -355.760 0. 0. 1. 0.
0.050 0.999 0. 132.591 -0.999 0.050 0. -358.554 0. 0. 1. 0.
0.042 0.999 0. 132.704 -0.999 0.042 0. -361.314 0. 0. 1. 0.
0.028 1.000 0. 132.807 -1.000 0.028 0. -363.929 0. 0. 1. 0.
0.005 1. 0. 132.794 -1. 0.005 0. -366.458 0. 0. 1. 0.
-0.026 1.000 0. 132.777 -1.000 -0.026 0. -369.017 0. 0. 1. 0.
-0.051 0.999 0. 132.575 -0.999 -0.051 0. -371.466 0. 0. 1. 0.
-0.077 0.997 0. 132.397 -0.997 -0.077 0. -373.861 0. 0. 1. 0.
-0.110 0.994 0. 132.156 -0.994 -0.110 0. -376.037 0. 0. 1. 0.
-0.139 0.990 0. 131.922 -0.990 -0.139 0. -378.320 0. 0. 1. 0.
-0.172 0.985 0. 131.464 -0.985 -0.172 0. -380.453 0. 0. 1. 0.
-0.212 0.977 0. 131.007 -0.977 -0.212 0. -382.500 0. 0. 1. 0.
-0.252 0.968 0. 130.451 -0.968 -0.252 0. -384.498 0. 0. 1. 0.
-0.298 0.954 0. 129.818 -0.954 -0.298 0. -386.447 0. 0. 1. 0.
-0.348 0.938 0. 129.177 -0.938 -0.348 0. -388.381 0. 0. 1. 0.
-0.404 0.915 0. 128.257 -0.915 -0.404 0. -390.202 0. 0. 1. 0.
-0.465 0.885 0. 127.304 -0.885 -0.465 0. -391.932 0. 0. 1. 0.
-0.521 0.853 0. 126.228 -0.853 -0.521 0. -393.589 0. 0. 1. 0.
-0.568 0.823 0. 125.108 -0.823 -0.568 0. -395.137 0. 0. 1. 0.
-0.609 0.794 0. 123.915 -0.794 -0.609 0. -396.711 0. 0. 1. 0.
-0.650 0.760 0. 122.640 -0.760 -0.650 0. -398.098 0. 0. 1. 0.
-0.695 0.719 0. 121.361 -0.719 -0.695 0. -399.401 0. 0. 1. 0.
-0.742 0.671 0. 120.110 -0.671 -0.742 0. -400.564 0. 0. 1. 0.
-0.782 0.623 0. 118.638 -0.623 -0.782 0. -401.592 0. 0. 1. 0.
-0.818 0.575 0. 117.101 -0.575 -0.818 0. -402.591 0. 0. 1. 0.
-0.849 0.529 0. 115.630 -0.529 -0.849 0. -403.454 0. 0. 1. 0.
-0.881 0.473 0. 114.091 -0.473 -0.881 0. -404.359 0. 0. 1. 0.
-0.908 0.420 0. 112.371 -0.420 -0.908 0. -405.075 0. 0. 1. 0.
-0.932 0.363 0. 110.656 -0.363 -0.932 0. -405.760 0. 0. 1. 0.
-0.953 0.304 0. 108.899 -0.304 -0.953 0. -406.415 0. 0. 1. 0.
-0.969 0.248 0. 107.051 -0.248 -0.969 0. -406.805 0. 0. 1. 0.
-0.980 0.201 0. 105.162 -0.201 -0.980 0. -407.131 0. 0. 1. 0.
-0.987 0.158 0. 103.243 -0.158 -0.987 0. -407.452 0. 0. 1. 0.
-0.991 0.130 0. 101.260 -0.130 -0.991 0. -407.714 0. 0. 1. 0.
-0.993 0.117 0. 99.227 -0.117 -0.993 0. -407.987 0. 0. 1. 0.
-0.994 0.112 0. 97.135 -0.112 -0.994 0. -408.134 0. 0. 1. 0.
-0.994 0.107 0. 95.012 -0.107 -0.994 0. -408.411 0. 0. 1. 0.
-0.995 0.102 0. 92.903 -0.102 -0.995 0. -408.635 0. 0. 1. 0.
-0.995 0.102 0. 90.729 -0.102 -0.995 0. -408.803 0. 0. 1. 0.
-0.995 0.101 0. 88.486 -0.101 -0.995 0. -409.014 0. 0. 1. 0.
-0.995 0.101 0. 86.247 -0.101 -0.995 0. -409.224 0. 0. 1. 0.
-0.995 0.098 0. 84.040 -0.098 -0.995 0. -409.508 0. 0. 1. 0.
-0.995 0.100 0. 81.744 -0.100 -0.995 0. -409.837 0. 0. 1. 0.
-0.995 0.100 0. 79.419 -0.100 -0.995 0. -409.979 0. 0. 1. 0.
-0.995 0.100 0. 77.072 -0.100 -0.995 0. -410.176 0. 0. 1. 0.
-0.996 0.093 0. 74.682 -0.093 -0.996 0. -410.440 0. 0. 1. 0.
-0.996 0.085 0. 72.256 -0.085 -0.996 0. -410.674 0. 0. 1. 0.
-0.997 0.074 0. 69.812 -0.074 -0.997 0. -410.878 0. 0. 1. 0.
-0.998 0.061 0. 67.349 -0.061 -0.998 0. -411.013 0. 0. 1. 0.
-0.999 0.046 0. 64.809 -0.046 -0.999 0. -411.102 0. 0. 1. 0.
-0.999 0.035 0. 62.228 -0.035 -0.999 0. -411.192 0. 0. 1. 0.
-1.000 0.025 0. 59.590 -0.025 -1.000 0. -411.216 0. 0. 1. 0.
-1.000 0.020 0. 56.968 -0.020 -1.000 0. -411.336 0. 0. 1. 0.
-1.000 0.019 0. 54.300 -0.019 -1.000 0. -411.438 0. 0. 1. 0.
-1.000 0.019 0. 51.549 -0.019 -1.000 0. -411.411 0. 0. 1. 0.
-1.000 0.022 0. 48.808 -0.022 -1.000 0. -411.506 0. 0. 1. 0.
-1.000 0.025 0. 46.020 -0.025 -1.000 0. -411.646 0. 0. 1. 0.
-1.000 0.028 0. 43.308 -0.028 -1.000 0. -411.735 0. 0. 1. 0.
-0.999 0.033 0. 40.608 -0.033 -0.999 0. -411.822 0. 0. 1. 0.
-0.999 0.036 0. 37.903 -0.036 -0.999 0. -411.980 0. 0. 1. 0.
-0.999 0.041 0. 35.250 -0.041 -0.999 0. -412.060 0. 0. 1. 0.
-0.999 0.043 0. 32.531 -0.043 -0.999 0. -412.127 0. 0. 1. 0.
-0.999 0.048 0. 29.864 -0.048 -0.999 0. -412.275 0. 0. 1. 0.
-0.999 0.051 0. 27.236 -0.051 -0.999 0. -412.463 0. 0. 1. 0.
-0.999 0.054 0. 24.581 -0.054 -0.999 0. -412.529 0. 0. 1. 0.
-0.998 0.057 0. 21.949 -0.057 -0.998 0. -412.678 0. 0. 1. 0.
-0.998 0.059 0. 19.356 -0.059 -0.998 0. -412.887 0. 0. 1. 0.
-0.998 0.061 0. 16.743 -0.061 -0.998 0. -413.031 0. 0. 1. 0.
-0.998 0.061 0. 14.148 -0.061 -0.998 0. -413.222 0. 0. 1. 0.
-0.998 0.062 0. 11.609 -0.062 -0.998 0. -413.356 0. 0. 1. 0.
-0.998 0.063 0. 9.110 -0.063 -0.998 0. -413.470 0. 0. 1. 0.
-0.998 0.063 0. 6.706 -0.063 -0.998 0. -413.676 0. 0. 1. 0.
-0.998 0.062 0. 4.423 -0.062 -0.998 0. -413.874 0. 0. 1. 0.
-0.998 0.063 0. 2.212 -0.063 -0.998 0. -414.004 0. 0. 1. 0.
-0.998 0.065 0. 0.116 -0.065 -0.998 0. -414.193 0. 0. 1. 0.
-0.998 0.063 0. -1.901 -0.063 -0.998 0. -414.320 0. 0. 1. 0.
-0.998 0.061 0. -3.808 -0.061 -0.998 0. -414.404 0. 0. 1. 0.
-0.998 0.061 0. -5.633 -0.061 -0.998 0. -414.543 0. 0. 1. 0.
-0.998 0.061 0. -7.488 -0.061 -0.998 0. -414.647 0. 0. 1. 0.
-0.998 0.062 0. -9.350 -0.062 -0.998 0. -414.761 0. 0. 1. 0.
-0.998 0.067 0. -11.138 -0.067 -0.998 0. -414.930 0. 0. 1. 0.
-0.998 0.065 0. -12.947 -0.065 -0.998 0. -415.015 0. 0. 1. 0.
-0.998 0.064 0. -14.694 -0.064 -0.998 0. -415.117 0. 0. 1. 0.
-0.998 0.062 0. -16.414 -0.062 -0.998 0. -415.259 0. 0. 1. 0.
-0.998 0.061 0. -18.118 -0.061 -0.998 0. -415.342 0. 0. 1. 0.
-0.998 0.061 0. -19.867 -0.061 -0.998 0. -415.477 0. 0. 1. 0.
-0.998 0.064 0. -21.550 -0.064 -0.998 0. -415.542 0. 0. 1. 0.
-0.998 0.063 0. -23.222 -0.063 -0.998 0. -415.652 0. 0. 1. 0.
-0.998 0.064 0. -24.793 -0.064 -0.998 0. -415.724 0. 0. 1. 0.
-0.998 0.061 0. -26.403 -0.061 -0.998 0. -415.860 0. 0. 1. 0.
-0.998 0.059 0. -27.833 -0.059 -0.998 0. -415.971 0. 0. 1. 0.
-0.998 0.059 0. -29.220 -0.059 -0.998 0. -415.991 0. 0. 1. 0.
-0.998 0.057 0. -30.499 -0.057 -0.998 0. -416.061 0. 0. 1. 0.
-0.998 0.057 0. -31.643 -0.057 -0.998 0. -416.165 0. 0. 1. 0.
-0.998 0.058 0. -32.727 -0.058 -0.998 0. -416.271 0. 0. 1. 0.
-0.998 0.062 0. -33.658 -0.062 -0.998 0. -416.308 0. 0. 1. 0.
-0.997 0.077 0. -34.456 -0.077 -0.997 0. -416.374 0. 0. 1. 0.
-0.994 0.113 0. -35.319 -0.113 -0.994 0. -416.505 0. 0. 1. 0.
-0.985 0.173 0. -36.197 -0.173 -0.985 0. -416.739 0. 0. 1. 0.
-0.969 0.248 0. -37.150 -0.248 -0.969 0. -417.075 0. 0. 1. 0.
-0.943 0.333 0. -38.041 -0.333 -0.943 0. -417.501 0. 0. 1. 0.
-0.906 0.423 0. -38.908 -0.423 -0.906 0. -418.080 0. 0. 1. 0.
-0.858 0.514 0. -39.683 -0.514 -0.858 0. -418.654 0. 0. 1. 0.
-0.799 0.601 0. -40.522 -0.601 -0.799 0. -419.366 0. 0. 1. 0.
-0.729 0.685 0. -41.089 -0.685 -0.729 0. -420.138 0. 0. 1. 0.
-0.649 0.761 0. -41.725 -0.761 -0.649 0. -421.006 0. 0. 1. 0.
-0.561 0.828 0. -42.222 -0.828 -0.561 0. -421.963 0. 0. 1. 0.
-0.466 0.885 0. -42.657 -0.885 -0.466 0. -422.992 0. 0. 1. 0.
-0.372 0.928 0. -42.988 -0.928 -0.372 0. -424.091 0. 0. 1. 0.
-0.280 0.960 0. -43.224 -0.960 -0.280 0. -425.235 0. 0. 1. 0.
-0.196 0.981 0. -43.369 -0.981 -0.196 0. -426.451 0. 0. 1. 0.
-0.128 0.992 0. -43.461 -0.992 -0.128 0. -427.740 0. 0. 1. 0.
-0.086 0.996 0. -43.468 -0.996 -0.086 0. -429.036 0. 0. 1. 0.
-0.050 0.999 0. -43.533 -0.999 -0.050 0. -430.344 0. 0. 1. 0.
-0.016 1.000 0. -43.559 -1.000 -0.016 0. -431.755 0. 0. 1. 0.
0.015 1.000 0. -43.498 -1.000 0.015 0. -433.176 0. 0. 1. 0.
0.041 0.999 0. -43.398 -0.999 0.041 0. -434.655 0. 0. 1. 0.
0.058 0.998 0. -43.300 -0.998 0.058 0. -436.146 0. 0. 1. 0.
0.073 0.997 0. -43.149 -0.997 0.073 0. -437.736 0. 0. 1. 0.
0.084 0.996 0. -43.006 -0.996 0.084 0. -439.307 0. 0. 1. 0.
0.086 0.996 0. -42.809 -0.996 0.086 0. -441.003 0. 0. 1. 0.
0.083 0.997 0. -42.679 -0.997 0.083 0. -442.662 0. 0. 1. 0.
0.081 0.997 0. -42.519 -0.997 0.081 0. -444.454 0. 0. 1. 0.
0.079 0.997 0. -42.392 -0.997 0.079 0. -446.267 0. 0. 1. 0.
0.077 0.997 0. -42.245 -0.997 0.077 0. -448.088 0. 0. 1. 0.
0.077 0.997 0. -42.074 -0.997 0.077 0. -449.948 0. 0. 1. 0.
0.076 0.997 0. -41.909 -0.997 0.076 0. -451.918 0. 0. 1. 0.
0.075 0.997 0. -41.766 -0.997 0.075 0. -453.893 0. 0. 1. 0.
0.076 0.997 0. -41.634 -0.997 0.076 0. -455.908 0. 0. 1. 0.
0.076 0.997 0. -41.454 -0.997 0.076 0. -457.973 0. 0. 1. 0.
0.077 0.997 0. -41.288 -0.997 0.077 0. -460.060 0. 0. 1. 0.
0.079 0.997 0. -41.133 -0.997 0.079 0. -462.192 0. 0. 1. 0.
0.079 0.997 0. -40.943 -0.997 0.079 0. -464.412 0. 0. 1. 0.
0.079 0.997 0. -40.770 -0.997 0.079 0. -466.636 0. 0. 1. 0.
0.079 0.997 0. -40.592 -0.997 0.079 0. -468.893 0. 0. 1. 0.
0.080 0.997 0. -40.409 -0.997 0.080 0. -471.183 0. 0. 1. 0.
0.079 0.997 0. -40.217 -0.997 0.079 0. -473.525 0. 0. 1. 0.
0.083 0.997 0. -40.001 -0.997 0.083 0. -475.895 0. 0. 1. 0.
0.082 0.997 0. -39.807 -0.997 0.082 0. -478.326 0. 0. 1. 0.
0.083 0.997 0. -39.598 -0.997 0.083 0. -480.760 0. 0. 1. 0.
0.084 0.996 0. -39.365 -0.996 0.084 0. -483.186 0. 0. 1. 0.
0.084 0.996 0. -39.189 -0.996 0.084 0. -485.606 0. 0. 1. 0.
0.085 0.996 0. -38.960 -0.996 0.085 0. -488.001 0. 0. 1. 0.
0.086 0.996 0. -38.799 -0.996 0.086 0. -490.400 0. 0. 1. 0.
0.086 0.996 0. -38.585 -0.996 0.086 0. -492.830 0. 0. 1. 0.
0.085 0.996 0. -38.409 -0.996 0.085 0. -495.221 0. 0. 1. 0.
0.083 0.997 0. -38.188 -0.997 0.083 0. -497.660 0. 0. 1. 0.
0.083 0.997 0. -37.968 -0.997 0.083 0. -500.063 0. 0. 1. 0.
0.083 0.997 0. -37.822 -0.997 0.083 0. -502.514 0. 0. 1. 0.
0.085 0.996 0. -37.565 -0.996 0.085 0. -504.983 0. 0. 1. 0.
0.082 0.997 0. -37.475 -0.997 0.082 0. -507.451 0. 0. 1. 0.
0.084 0.996 0. -37.267 -0.996 0.084 0. -509.936 0. 0. 1. 0.
0.086 0.996 0. -37.024 -0.996 0.086 0. -512.485 0. 0. 1. 0.
0.088 0.996 0. -36.832 -0.996 0.088 0. -515.018 0. 0. 1. 0.
0.091 0.996 0. -36.614 -0.996 0.091 0. -517.545 0. 0. 1. 0.
0.093 0.996 0. -36.327 -0.996 0.093 0. -520.109 0. 0. 1. 0.
0.096 0.995 0. -36.125 -0.995 0.096 0. -522.712 0. 0. 1. 0.
0.100 0.995 0. -35.806 -0.995 0.100 0. -525.297 0. 0. 1. 0.
0.104 0.995 0. -35.476 -0.995 0.104 0. -527.888 0. 0. 1. 0.
0.105 0.994 0. -35.284 -0.994 0.105 0. -530.528 0. 0. 1. 0.
0.107 0.994 0. -34.980 -0.994 0.107 0. -533.184 0. 0. 1. 0.
0.105 0.994 0. -34.697 -0.994 0.105 0. -535.701 0. 0. 1. 0.
0.104 0.995 0. -34.394 -0.995 0.104 0. -538.360 0. 0. 1. 0.
0.104 0.995 0. -34.150 -0.995 0.104 0. -540.933 0. 0. 1. 0.
0.104 0.995 0. -33.895 -0.995 0.104 0. -543.471 0. 0. 1. 0.
0.105 0.994 0. -33.664 -0.994 0.105 0. -546.009 0. 0. 1. 0.
0.104 0.995 0. -33.379 -0.995 0.104 0. -548.457 0. 0. 1. 0.
0.104 0.995 0. -33.161 -0.995 0.104 0. -550.883 0. 0. 1. 0.
0.104 0.995 0. -32.844 -0.995 0.104 0. -553.219 0. 0. 1. 0.
0.101 0.995 0. -32.609 -0.995 0.101 0. -555.557 0. 0. 1. 0.
0.099 0.995 0. -32.375 -0.995 0.099 0. -557.850 0. 0. 1. 0.
0.097 0.995 0. -32.177 -0.995 0.097 0. -560.140 0. 0. 1. 0.
0.093 0.996 0. -31.952 -0.996 0.093 0. -562.388 0. 0. 1. 0.
0.093 0.996 0. -31.685 -0.996 0.093 0. -564.616 0. 0. 1. 0.
0.091 0.996 0. -31.505 -0.996 0.091 0. -566.779 0. 0. 1. 0.
0.088 0.996 0. -31.318 -0.996 0.088 0. -568.923 0. 0. 1. 0.
0.090 0.996 0. -31.110 -0.996 0.090 0. -571.054 0. 0. 1. 0.
0.083 0.997 0. -30.869 -0.997 0.083 0. -573.131 0. 0. 1. 0.
0.079 0.997 0. -30.751 -0.997 0.079 0. -575.168 0. 0. 1. 0.
0.081 0.997 0. -30.536 -0.997 0.081 0. -577.132 0. 0. 1. 0.
0.078 0.997 0. -30.403 -0.997 0.078 0. -579.077 0. 0. 1. 0.
0.080 0.997 0. -30.153 -0.997 0.080 0. -580.942 0. 0. 1. 0.
0.065 0.998 0. -29.970 -0.998 0.065 0. -582.810 0. 0. 1. 0.
0.043 0.999 0. -29.963 -0.999 0.043 0. -584.557 0. 0. 1. 0.
0.003 1. 0. -29.998 -1. 0.003 0. -586.192 0. 0. 1. 0.
-0.045 0.999 0. -30.000 -0.999 -0.045 0. -587.730 0. 0. 1. 0.
-0.113 0.994 0. -30.219 -0.994 -0.113 0. -589.193 0. 0. 1. 0.
-0.185 0.983 0. -30.370 -0.983 -0.185 0. -590.622 0. 0. 1. 0.
-0.269 0.963 0. -30.904 -0.963 -0.269 0. -592.023 0. 0. 1. 0.
-0.359 0.933 0. -31.522 -0.933 -0.359 0. -593.214 0. 0. 1. 0.
-0.454 0.891 0. -32.308 -0.891 -0.454 0. -594.464 0. 0. 1. 0.
-0.544 0.839 0. -33.177 -0.839 -0.544 0. -595.657 0. 0. 1. 0.
-0.629 0.778 0. -34.113 -0.778 -0.629 0. -596.689 0. 0. 1. 0.
-0.708 0.706 0. -35.179 -0.706 -0.708 0. -597.706 0. 0. 1. 0.
-0.771 0.636 0. -36.445 -0.636 -0.771 0. -598.580 0. 0. 1. 0.
-0.820 0.573 0. -37.717 -0.573 -0.820 0. -599.474 0. 0. 1. 0.
-0.851 0.525 0. -39.031 -0.525 -0.851 0. -600.373 0. 0. 1. 0.
-0.873 0.488 0. -40.414 -0.488 -0.873 0. -601.121 0. 0. 1. 0.
-0.888 0.460 0. -41.905 -0.460 -0.888 0. -601.839 0. 0. 1. 0.
-0.899 0.438 0. -43.429 -0.438 -0.899 0. -602.560 0. 0. 1. 0.
-0.906 0.423 0. -45.002 -0.423 -0.906 0. -603.313 0. 0. 1. 0.
-0.910 0.414 0. -46.595 -0.414 -0.910 0. -604.034 0. 0. 1. 0.
-0.912 0.411 0. -48.206 -0.411 -0.912 0. -604.738 0. 0. 1. 0.
-0.913 0.407 0. -49.882 -0.407 -0.913 0. -605.470 0. 0. 1. 0.
-0.913 0.409 0. -51.608 -0.409 -0.913 0. -606.250 0. 0. 1. 0.
-0.912 0.410 0. -53.354 -0.410 -0.912 0. -606.982 0. 0. 1. 0.
-0.913 0.408 0. -55.057 -0.408 -0.913 0. -607.794 0. 0. 1. 0.
-0.913 0.408 0. -56.782 -0.408 -0.913 0. -608.524 0. 0. 1. 0.
-0.914 0.407 0. -58.543 -0.407 -0.914 0. -609.333 0. 0. 1. 0.
-0.913 0.407 0. -60.358 -0.407 -0.913 0. -610.141 0. 0. 1. 0.
-0.914 0.405 0. -62.141 -0.405 -0.914 0. -610.969 0. 0. 1. 0.
-0.914 0.406 0. -63.969 -0.406 -0.914 0. -611.787 0. 0. 1. 0.
-0.914 0.405 0. -65.830 -0.405 -0.914 0. -612.588 0. 0. 1. 0.
-0.915 0.403 0. -67.715 -0.403 -0.915 0. -613.503 0. 0. 1. 0.
-0.915 0.403 0. -69.615 -0.403 -0.915 0. -614.317 0. 0. 1. 0.
-0.916 0.402 0. -71.545 -0.402 -0.916 0. -615.199 0. 0. 1. 0.
-0.916 0.400 0. -73.565 -0.400 -0.916 0. -616.081 0. 0. 1. 0.
-0.916 0.401 0. -75.590 -0.401 -0.916 0. -616.953 0. 0. 1. 0.
-0.916 0.402 0. -77.646 -0.402 -0.916 0. -617.883 0. 0. 1. 0.
-0.915 0.403 0. -79.724 -0.403 -0.915 0. -618.834 0. 0. 1. 0.
-0.915 0.402 0. -81.881 -0.402 -0.915 0. -619.754 0. 0. 1. 0.
-0.915 0.404 0. -84.020 -0.404 -0.915 0. -620.734 0. 0. 1. 0.
-0.916 0.401 0. -86.237 -0.401 -0.916 0. -621.716 0. 0. 1. 0.
-0.914 0.405 0. -88.389 -0.405 -0.914 0. -622.747 0. 0. 1. 0.
-0.914 0.405 0. -90.733 -0.405 -0.914 0. -623.655 0. 0. 1. 0.
-0.914 0.406 0. -92.952 -0.406 -0.914 0. -624.692 0. 0. 1. 0.
-0.914 0.407 0. -95.312 -0.407 -0.914 0. -625.673 0. 0. 1. 0.
-0.914 0.406 0. -97.665 -0.406 -0.914 0. -626.670 0. 0. 1. 0.
-0.913 0.407 0. -100.085 -0.407 -0.913 0. -627.781 0. 0. 1. 0.
-0.913 0.407 0. -102.518 -0.407 -0.913 0. -628.826 0. 0. 1. 0.
-0.913 0.407 0. -104.926 -0.407 -0.913 0. -629.968 0. 0. 1. 0.
-0.913 0.407 0. -107.432 -0.407 -0.913 0. -631.053 0. 0. 1. 0.
-0.914 0.405 0. -109.918 -0.405 -0.914 0. -632.182 0. 0. 1. 0.
-0.914 0.406 0. -112.490 -0.406 -0.914 0. -633.300 0. 0. 1. 0.
-0.915 0.404 0. -115.049 -0.404 -0.915 0. -634.515 0. 0. 1. 0.
-0.915 0.403 0. -117.534 -0.403 -0.915 0. -635.521 0. 0. 1. 0.
-0.915 0.404 0. -120.061 -0.404 -0.915 0. -636.700 0. 0. 1. 0.
-0.916 0.401 0. -122.534 -0.401 -0.916 0. -637.763 0. 0. 1. 0.
-0.918 0.396 0. -124.996 -0.396 -0.918 0. -638.819 0. 0. 1. 0.
-0.920 0.391 0. -127.449 -0.391 -0.920 0. -639.869 0. 0. 1. 0.
-0.923 0.385 0. -129.877 -0.385 -0.923 0. -640.869 0. 0. 1. 0.
-0.928 0.372 0. -132.348 -0.372 -0.928 0. -641.802 0. 0. 1. 0.
-0.936 0.351 0. -134.729 -0.351 -0.936 0. -642.743 0. 0. 1. 0.
-0.945 0.328 0. -137.161 -0.328 -0.945 0. -643.576 0. 0. 1. 0.
-0.954 0.301 0. -139.586 -0.301 -0.954 0. -644.381 0. 0. 1. 0.
-0.963 0.269 0. -142.059 -0.269 -0.963 0. -645.074 0. 0. 1. 0.
