1547644183119935 1.00000 0.00000 0.00000 -0.00000 0.00000 1.00000 0.00000 -0.00000 0.00000 0.00000 1.00000 -0.00000
1547644183371618 1.00000 0.00015 -0.00000 0.00242 -0.00015 1.00000 0.00000 0.00486 0.00000 -0.00000 1.00000 0.00000
1547644183623152 1.00000 0.00009 -0.00000 0.00127 -0.00009 1.00000 0.00000 -0.00092 0.00000 -0.00000 1.00000 0.00000
1547644183874212 1.00000 -0.00019 0.00000 0.00040 0.00019 1.00000 -0.00000 -0.00068 -0.00000 0.00000 1.00000 -0.00000
1547644184124624 1.00000 -0.00018 0.00000 0.00131 0.00018 1.00000 -0.00000 0.00527 -0.00000 0.00000 1.00000 0.00000
1547644184374722 1.00000 -0.00012 0.00000 -0.00032 0.00012 1.00000 -0.00000 0.00551 -0.00000 0.00000 1.00000 0.00000
1547644184625021 1.00000 0.00000 -0.00000 -0.00084 -0.00000 1.00000 0.00000 0.00487 0.00000 -0.00000 1.00000 -0.00000
1547644184874969 1.00000 -0.00005 0.00000 0.00126 0.00005 1.00000 -0.00000 0.00639 -0.00000 0.00000 1.00000 0.00000
1547644185124530 1.00000 -0.00021 0.00000 -0.00158 0.00021 1.00000 -0.00000 0.00600 -0.00000 0.00000 1.00000 0.00000
1547644185373924 1.00000 -0.00002 0.00000 0.00206 0.00002 1.00000 -0.00000 0.00472 -0.00000 0.00000 1.00000 0.00000
1547644185623053 1.00000 0.00001 -0.00000 0.00408 -0.00001 1.00000 0.00000 0.00965 0.00000 -0.00000 1.00000 0.00000
1547644185871728 1.00000 0.00020 -0.00000 -0.00143 -0.00020 1.00000 0.00000 0.00768 0.00000 -0.00000 1.00000 -0.00000
1547644186120371 1.00000 0.00012 -0.00000 -0.00208 -0.00012 1.00000 0.00000 0.00731 0.00000 -0.00000 1.00000 -0.00000
1547644186368602 1.00000 -0.00002 0.00000 -0.00025 0.00002 1.00000 -0.00000 0.00886 -0.00000 0.00000 1.00000 0.00000
1547644186617907 1.00000 -0.00003 0.00000 0.00178 0.00003 1.00000 -0.00000 0.00469 -0.00000 0.00000 1.00000 0.00000
1547644186868482 1.00000 -0.00000 0.00000 -0.00075 0.00000 1.00000 -0.00000 0.00642 -0.00000 0.00000 1.00000 0.00000
1547644187118525 1.00000 -0.00012 0.00000 0.00392 0.00012 1.00000 -0.00000 0.00289 -0.00000 0.00000 1.00000 0.00000
1547644187368213 1.00000 0.00013 -0.00000 0.00249 -0.00013 1.00000 0.00000 0.00387 0.00000 -0.00000 1.00000 0.00000
1547644187618113 1.00000 0.00006 -0.00000 0.00556 -0.00006 1.00000 0.00000 -0.00031 0.00000 -0.00000 1.00000 0.00000
1547644187867842 1.00000 0.00016 -0.00000 -0.00106 -0.00016 1.00000 0.00000 0.00597 0.00000 -0.00000 1.00000 -0.00000
1547644188117636 1.00000 0.00012 -0.00000 0.00082 -0.00012 1.00000 0.00000 0.00401 0.00000 -0.00000 1.00000 0.00000
1547644188368750 1.00000 0.00027 -0.00000 -0.00050 -0.00027 1.00000 0.00000 0.00491 0.00000 -0.00000 1.00000 -0.00000
1547644188620565 1.00000 0.00021 -0.00000 -0.00152 -0.00021 1.00000 0.00000 0.00414 0.00000 -0.00000 1.00000 -0.00000
1547644188872246 1.00000 0.00014 -0.00000 -0.00030 -0.00014 1.00000 0.00000 -0.00004 0.00000 -0.00000 1.00000 0.00000
1547644189123187 1.00000 -0.00002 0.00000 -0.00175 0.00002 1.00000 -0.00000 0.00617 -0.00000 0.00000 1.00000 0.00000
1547644189373423 1.00000 0.00014 -0.00000 0.00120 -0.00014 1.00000 0.00000 0.00227 0.00000 -0.00000 1.00000 0.00000
1547644189623712 1.00000 0.00005 -0.00000 0.00020 -0.00005 1.00000 0.00000 0.00288 0.00000 -0.00000 1.00000 0.00000
1547644189874264 1.00000 0.00018 -0.00000 0.00123 -0.00018 1.00000 0.00000 0.00566 0.00000 -0.00000 1.00000 0.00000
1547644190124411 1.00000 -0.00004 0.00000 0.00048 0.00004 1.00000 -0.00000 0.00111 -0.00000 0.00000 1.00000 0.00000
1547644190373883 1.00000 0.00006 -0.00000 0.00064 -0.00006 1.00000 0.00000 0.01062 0.00000 -0.00000 1.00000 0.00000
1547644190623238 1.00000 -0.00010 0.00000 0.00298 0.00010 1.00000 -0.00000 0.00459 -0.00000 0.00000 1.00000 0.00000
1547644190872452 1.00000 0.00002 -0.00000 0.00121 -0.00002 1.00000 0.00000 0.00117 0.00000 -0.00000 1.00000 0.00000
1547644191121325 1.00000 -0.00011 0.00000 -0.00274 0.00011 1.00000 -0.00000 0.01025 -0.00000 0.00000 1.00000 0.00000
1547644191370279 1.00000 0.00011 -0.00000 -0.00305 -0.00011 1.00000 0.00000 0.00495 0.00000 -0.00000 1.00000 -0.00000
1547644191618709 1.00000 0.00013 -0.00000 -0.00045 -0.00013 1.00000 0.00000 0.00386 0.00000 -0.00000 1.00000 -0.00000
1547644191867993 1.00000 0.00014 -0.00000 -0.00214 -0.00014 1.00000 0.00000 0.00364 0.00000 -0.00000 1.00000 -0.00000
1547644192118685 1.00000 0.00007 -0.00000 -0.00161 -0.00007 1.00000 0.00000 0.00555 0.00000 -0.00000 1.00000 -0.00000
1547644192368690 1.00000 0.00016 -0.00000 -0.00087 -0.00016 1.00000 0.00000 0.00379 0.00000 -0.00000 1.00000 -0.00000
1547644192618263 1.00000 0.00015 -0.00000 -0.00342 -0.00015 1.00000 0.00000 0.00396 0.00000 -0.00000 1.00000 -0.00000
1547644192868660 1.00000 0.00010 -0.00000 -0.00080 -0.00010 1.00000 0.00000 0.00245 0.00000 -0.00000 1.00000 -0.00000
1547644193118478 1.00000 0.00025 -0.00000 0.00108 -0.00025 1.00000 0.00000 0.00181 0.00000 -0.00000 1.00000 0.00000
1547644193368026 1.00000 0.00021 -0.00000 0.00106 -0.00021 1.00000 0.00000 0.00208 0.00000 -0.00000 1.00000 0.00000
1547644193618526 1.00000 0.00011 -0.00000 0.00194 -0.00011 1.00000 0.00000 -0.00285 0.00000 -0.00000 1.00000 0.00000
1547644193869637 1.00000 0.00027 -0.00000 0.00365 -0.00027 1.00000 0.00000 0.00266 0.00000 -0.00000 1.00000 0.00000
1547644194121006 1.00000 0.00023 -0.00000 -0.00128 -0.00023 1.00000 0.00000 -0.00289 0.00000 -0.00000 1.00000 0.00000
1547644194372366 1.00000 0.00018 -0.00000 -0.00357 -0.00018 1.00000 0.00000 0.00495 0.00000 -0.00000 1.00000 -0.00000
1547644194623600 1.00000 0.00024 -0.00000 0.00758 -0.00024 1.00000 0.00000 -0.00366 0.00000 -0.00000 1.00000 0.00000
1547644194874044 1.00000 0.00010 -0.00000 0.00237 -0.00010 1.00000 0.00000 0.00704 0.00000 -0.00000 1.00000 0.00000
1547644195124694 1.00000 0.00001 -0.00000 -0.00360 -0.00001 1.00000 0.00000 -0.00161 0.00000 -0.00000 1.00000 0.00000
1547644195375014 1.00000 0.00020 -0.00000 -0.00210 -0.00020 1.00000 0.00000 -0.00450 0.00000 -0.00000 1.00000 0.00000
1547644195624510 1.00000 0.00027 -0.00000 0.00217 -0.00027 1.00000 0.00000 -0.00018 0.00000 -0.00000 1.00000 0.00000
1547644195874208 1.00000 -0.00003 0.00000 -0.00044 0.00003 1.00000 -0.00000 0.00600 -0.00000 0.00000 1.00000 0.00000
1547644196123531 1.00000 0.00007 -0.00000 0.00125 -0.00007 1.00000 0.00000 0.00533 0.00000 -0.00000 1.00000 0.00000
1547644196372327 1.00000 0.00012 -0.00000 0.00069 -0.00012 1.00000 0.00000 0.00799 0.00000 -0.00000 1.00000 0.00000
1547644196621263 1.00000 0.00002 -0.00000 -0.00033 -0.00002 1.00000 0.00000 0.00260 0.00000 -0.00000 1.00000 -0.00000
1547644196869785 1.00000 0.00031 -0.00000 0.00158 -0.00031 1.00000 0.00000 0.00898 0.00000 -0.00000 1.00000 0.00000
1547644197117819 1.00000 0.00040 -0.00000 0.00116 -0.00040 1.00000 0.00000 0.00595 0.00000 -0.00000 1.00000 0.00000
1547644197367470 1.00000 0.00011 -0.00000 0.00115 -0.00011 1.00000 0.00000 0.00808 0.00000 -0.00000 1.00000 0.00000
1547644197618196 1.00000 -0.00003 0.00000 -0.00235 0.00003 1.00000 -0.00000 0.00642 -0.00000 0.00000 1.00000 0.00000
1547644197868356 1.00000 0.00018 -0.00000 -0.00474 -0.00018 1.00000 0.00000 0.00355 0.00000 -0.00000 1.00000 -0.00000
1547644198118069 1.00000 0.00001 -0.00000 -0.00271 -0.00001 1.00000 0.00000 0.00655 0.00000 -0.00000 1.00000 -0.00000
1547644198368125 1.00000 0.00016 -0.00000 -0.00829 -0.00016 1.00000 0.00000 0.00163 0.00000 -0.00000 1.00000 -0.00000
1547644198618103 1.00000 0.00003 -0.00000 0.00324 -0.00003 1.00000 0.00000 0.00381 0.00000 -0.00000 1.00000 0.00000
1547644198867976 1.00000 0.00011 -0.00000 0.00226 -0.00011 1.00000 0.00000 0.00776 0.00000 -0.00000 1.00000 0.00000
1547644199118525 1.00000 0.00021 -0.00000 0.00455 -0.00021 1.00000 0.00000 0.00556 0.00000 -0.00000 1.00000 0.00000
1547644199370260 1.00000 -0.00022 0.00000 0.00283 0.00022 1.00000 -0.00000 0.00865 -0.00000 0.00000 1.00000 0.00000
1547644199622231 1.00000 0.00000 -0.00000 -0.00427 -0.00000 1.00000 0.00000 0.01150 0.00000 -0.00000 1.00000 -0.00000
1547644199873065 1.00000 0.00020 -0.00000 0.00112 -0.00020 1.00000 0.00000 0.00711 0.00000 -0.00000 1.00000 0.00000
1547644200123403 1.00000 0.00020 -0.00000 0.00319 -0.00020 1.00000 0.00000 0.00067 0.00000 -0.00000 1.00000 0.00000
1547644200373846 1.00000 0.00016 -0.00000 0.00211 -0.00016 1.00000 0.00000 0.00434 0.00000 -0.00000 1.00000 0.00000
1547644200623836 1.00000 0.00004 -0.00000 0.00283 -0.00004 1.00000 0.00000 0.00450 0.00000 -0.00000 1.00000 0.00000
1547644200873760 1.00000 0.00028 -0.00000 0.00049 -0.00028 1.00000 0.00000 -0.00107 0.00000 -0.00000 1.00000 0.00000
1547644201123666 1.00000 0.00029 -0.00000 -0.00237 -0.00029 1.00000 0.00000 -0.00015 0.00000 -0.00000 1.00000 0.00000
1547644201373143 1.00000 0.00049 -0.00000 -0.02261 -0.00049 1.00000 0.00000 0.02146 0.00000 -0.00000 1.00000 -0.00000
1547644201622167 1.00000 0.00079 -0.00000 -0.08559 -0.00079 1.00000 0.00000 0.02380 0.00000 -0.00000 1.00000 -0.00000
1547644201871356 0.99999 0.00320 -0.00000 -0.14989 -0.00320 0.99999 0.00000 -0.00043 0.00000 -0.00000 1.00000 0.00000
1547644202120522 0.99993 0.01159 -0.00000 -0.26582 -0.01159 0.99993 0.00000 -0.01729 0.00000 -0.00000 1.00000 0.00000
1547644202369343 0.99975 0.02254 -0.00000 -0.42890 -0.02254 0.99975 0.00000 0.03347 0.00000 -0.00000 1.00000 -0.00000
1547644202618407 0.99928 0.03785 -0.00000 -0.65681 -0.03785 0.99928 0.00000 0.03428 0.00000 -0.00000 1.00000 -0.00000
1547644202868381 0.99833 0.05773 -0.00000 -0.92250 -0.05773 0.99833 0.00000 0.01047 0.00000 -0.00000 1.00000 0.00000
1547644203117933 0.99697 0.07781 -0.00000 -1.29801 -0.07781 0.99697 0.00000 0.04239 0.00000 -0.00000 1.00000 0.00000
1547644203367811 0.99479 0.10198 -0.00000 -1.75441 -0.10198 0.99479 0.00000 -0.01365 0.00000 -0.00000 1.00000 0.00000
1547644203617789 0.99212 0.12528 -0.00000 -2.28458 -0.12528 0.99212 0.00000 0.00484 0.00000 -0.00000 1.00000 0.00000
1547644203867094 0.98935 0.14552 -0.00000 -2.84754 -0.14552 0.98935 0.00000 0.07556 0.00000 -0.00000 1.00000 0.00000
1547644204116427 0.98675 0.16224 -0.00000 -3.50413 -0.16224 0.98675 0.00000 0.14882 0.00000 -0.00000 1.00000 0.00000
1547644204365736 0.98586 0.16755 -0.00000 -4.22286 -0.16755 0.98586 0.00000 0.21379 0.00000 -0.00000 1.00000 0.00000
1547644204615387 0.98559 0.16918 -0.00000 -5.04441 -0.16918 0.98559 0.00000 0.21794 0.00000 -0.00000 1.00000 0.00000
1547644204866367 0.98633 0.16478 -0.00000 -5.97131 -0.16478 0.98633 0.00000 0.20507 0.00000 -0.00000 1.00000 0.00000
1547644205117986 0.98750 0.15761 -0.00000 -6.96785 -0.15761 0.98750 0.00000 0.18967 0.00000 -0.00000 1.00000 0.00000
1547644205369074 0.98835 0.15223 -0.00000 -8.02823 -0.15223 0.98835 0.00000 0.19806 0.00000 -0.00000 1.00000 0.00000
1547644205619524 0.99024 0.13934 -0.00000 -9.14822 -0.13934 0.99024 0.00000 0.12748 0.00000 -0.00000 1.00000 0.00000
1547644205870366 0.99196 0.12656 -0.00000 -10.38119 -0.12656 0.99196 0.00000 -0.04729 0.00000 -0.00000 1.00000 0.00000
1547644206120997 0.99398 0.10957 -0.00000 -11.65869 -0.10957 0.99398 0.00000 -0.15400 0.00000 -0.00000 1.00000 0.00000
1547644206371372 0.99610 0.08819 -0.00000 -12.98069 -0.08819 0.99610 0.00000 -0.38909 0.00000 -0.00000 1.00000 0.00000
1547644206621450 0.99767 0.06819 -0.00000 -14.37790 -0.06819 0.99767 0.00000 -0.65055 0.00000 -0.00000 1.00000 0.00000
1547644206870464 0.99891 0.04667 -0.00000 -15.77245 -0.04667 0.99891 0.00000 -0.90292 0.00000 -0.00000 1.00000 0.00000
1547644207119359 0.99978 0.02090 -0.00000 -17.18145 -0.02090 0.99978 0.00000 -1.27594 0.00000 -0.00000 1.00000 0.00000
1547644207368278 1.00000 0.00218 -0.00000 -18.67626 -0.00218 1.00000 0.00000 -1.54496 0.00000 -0.00000 1.00000 0.00000
1547644207616528 0.99997 -0.00741 0.00000 -20.18763 0.00741 0.99997 -0.00000 -1.67856 -0.00000 0.00000 1.00000 0.00000
1547644207865180 0.99996 -0.00923 0.00000 -21.78670 0.00923 0.99996 -0.00000 -1.69666 -0.00000 0.00000 1.00000 0.00000
1547644208115036 0.99998 -0.00672 0.00000 -23.38733 0.00672 0.99998 -0.00000 -1.67837 -0.00000 0.00000 1.00000 0.00000
1547644208365072 0.99999 -0.00428 0.00000 -25.00278 0.00428 0.99999 -0.00000 -1.58009 -0.00000 0.00000 1.00000 0.00000
1547644208615077 0.99999 -0.00399 0.00000 -26.68292 0.00399 0.99999 -0.00000 -1.59710 -0.00000 0.00000 1.00000 0.00000
1547644208864320 1.00000 -0.00307 0.00000 -28.37232 0.00307 1.00000 -0.00000 -1.54936 -0.00000 0.00000 1.00000 0.00000
1547644209113512 1.00000 -0.00155 0.00000 -30.05621 0.00155 1.00000 -0.00000 -1.49749 -0.00000 0.00000 1.00000 0.00000
1547644209363364 1.00000 -0.00235 0.00000 -31.77240 0.00235 1.00000 -0.00000 -1.47230 -0.00000 0.00000 1.00000 0.00000
1547644209613257 0.99999 -0.00329 0.00000 -33.54815 0.00329 0.99999 -0.00000 -1.48628 -0.00000 0.00000 1.00000 0.00000
1547644209862865 0.99999 -0.00349 0.00000 -35.34317 0.00349 0.99999 -0.00000 -1.45118 -0.00000 0.00000 1.00000 0.00000
1547644210112725 0.99999 -0.00493 0.00000 -37.16126 0.00493 0.99999 -0.00000 -1.48972 -0.00000 0.00000 1.00000 0.00000
1547644210363410 0.99998 -0.00666 0.00000 -39.03160 0.00666 0.99998 -0.00000 -1.50660 -0.00000 0.00000 1.00000 0.00000
1547644210615351 0.99998 -0.00643 0.00000 -40.88784 0.00643 0.99998 -0.00000 -1.45558 -0.00000 0.00000 1.00000 0.00000
1547644210867117 0.99996 -0.00866 0.00000 -42.77148 0.00866 0.99996 -0.00000 -1.52469 -0.00000 0.00000 1.00000 0.00000
1547644211117868 0.99996 -0.00931 0.00000 -44.71529 0.00931 0.99996 -0.00000 -1.50614 -0.00000 0.00000 1.00000 0.00000
1547644211367883 0.99994 -0.01057 0.00000 -46.68410 0.01057 0.99994 -0.00000 -1.55218 -0.00000 0.00000 1.00000 0.00000
1547644211618346 0.99993 -0.01224 0.00000 -48.67911 0.01224 0.99993 -0.00000 -1.61503 -0.00000 0.00000 1.00000 0.00000
1547644211868854 0.99990 -0.01432 0.00000 -50.67350 0.01432 0.99990 -0.00000 -1.66657 -0.00000 0.00000 1.00000 0.00000
1547644212118447 0.99990 -0.01385 0.00000 -52.68073 0.01385 0.99990 -0.00000 -1.59950 -0.00000 0.00000 1.00000 0.00000
1547644212367770 0.99983 -0.01858 0.00000 -54.75949 0.01858 0.99983 -0.00000 -1.83117 -0.00000 0.00000 1.00000 0.00000
1547644212616916 0.99979 -0.02031 0.00000 -56.86830 0.02031 0.99979 -0.00000 -1.90177 -0.00000 0.00000 1.00000 0.00000
1547644212865835 0.99977 -0.02130 0.00000 -58.97263 0.02130 0.99977 -0.00000 -1.92887 -0.00000 0.00000 1.00000 0.00000
1547644213114948 0.99975 -0.02242 0.00000 -61.11852 0.02242 0.99975 -0.00000 -1.95498 -0.00000 0.00000 1.00000 0.00000
1547644213363579 0.99974 -0.02263 0.00000 -63.30823 0.02263 0.99974 -0.00000 -1.91447 -0.00000 0.00000 1.00000 0.00000
1547644213612061 0.99970 -0.02459 0.00000 -65.54094 0.02459 0.99970 -0.00000 -2.08566 -0.00000 0.00000 1.00000 0.00000
1547644213861630 0.99966 -0.02622 0.00000 -67.79664 0.02622 0.99966 -0.00000 -2.15274 -0.00000 0.00000 1.00000 0.00000
1547644214111778 0.99963 -0.02728 0.00000 -70.05134 0.02728 0.99963 -0.00000 -2.17944 -0.00000 0.00000 1.00000 0.00000
1547644214361677 0.99957 -0.02943 0.00000 -72.33524 0.02943 0.99957 -0.00000 -2.31587 -0.00000 0.00000 1.00000 0.00000
1547644214611639 0.99962 -0.02759 0.00000 -74.63580 0.02759 0.99962 -0.00000 -2.14922 -0.00000 0.00000 1.00000 0.00000
1547644214862739 0.99959 -0.02862 0.00000 -76.96186 0.02862 0.99959 -0.00000 -2.19719 -0.00000 0.00000 1.00000 0.00000
1547644215114350 0.99962 -0.02750 0.00000 -79.31019 0.02750 0.99962 -0.00000 -2.06958 -0.00000 0.00000 1.00000 0.00000
1547644215365495 0.99960 -0.02819 0.00000 -81.66428 0.02819 0.99960 -0.00000 -2.11096 -0.00000 0.00000 1.00000 0.00000
1547644215616343 0.99959 -0.02857 0.00000 -84.02877 0.02857 0.99959 -0.00000 -2.13058 -0.00000 0.00000 1.00000 0.00000
1547644215866777 0.99961 -0.02802 0.00000 -86.39975 0.02802 0.99961 -0.00000 -2.04250 -0.00000 0.00000 1.00000 0.00000
1547644216116790 0.99965 -0.02653 0.00000 -88.76339 0.02653 0.99965 -0.00000 -1.87805 -0.00000 0.00000 1.00000 0.00000
1547644216366565 0.99969 -0.02500 0.00000 -91.16624 0.02500 0.99969 -0.00000 -1.70013 -0.00000 0.00000 1.00000 0.00000
1547644216616096 0.99980 -0.01995 0.00000 -93.54878 0.01995 0.99980 -0.00000 -1.16428 -0.00000 0.00000 1.00000 0.00000
1547644216865292 0.99990 -0.01393 0.00000 -95.93745 0.01393 0.99990 -0.00000 -0.62607 -0.00000 0.00000 1.00000 0.00000
1547644217114310 0.99999 -0.00375 0.00000 -98.40238 0.00375 0.99999 -0.00000 0.37346 -0.00000 0.00000 1.00000 0.00000
1547644217363368 1.00000 0.00188 -0.00000 -100.77402 -0.00188 1.00000 0.00000 0.94016 0.00000 -0.00000 1.00000 -0.00000
1547644217612399 0.99995 0.00983 -0.00000 -103.20262 -0.00983 0.99995 0.00000 1.79580 0.00000 -0.00000 1.00000 -0.00000
1547644217860843 0.99991 0.01328 -0.00000 -105.57374 -0.01328 0.99991 0.00000 2.23055 0.00000 -0.00000 1.00000 -0.00000
1547644218109308 0.99983 0.01839 -0.00000 -107.99067 -0.01839 0.99983 0.00000 2.83235 0.00000 -0.00000 1.00000 -0.00000
1547644218357974 0.99982 0.01888 -0.00000 -110.40448 -0.01888 0.99982 0.00000 2.90317 0.00000 -0.00000 1.00000 -0.00000
1547644218607521 0.99989 0.01455 -0.00000 -112.87488 -0.01455 0.99989 0.00000 2.42996 0.00000 -0.00000 1.00000 -0.00000
1547644218857661 0.99989 0.01508 -0.00000 -115.30546 -0.01508 0.99989 0.00000 2.52219 0.00000 -0.00000 1.00000 -0.00000
1547644219107635 0.99990 0.01418 -0.00000 -117.72392 -0.01418 0.99990 0.00000 2.49224 0.00000 -0.00000 1.00000 -0.00000
1547644219357393 0.99990 0.01405 -0.00000 -120.09974 -0.01405 0.99990 0.00000 2.45425 0.00000 -0.00000 1.00000 -0.00000
1547644219606961 0.99994 0.01088 -0.00000 -122.51327 -0.01088 0.99994 0.00000 2.13075 0.00000 -0.00000 1.00000 -0.00000
1547644219856543 0.99993 0.01146 -0.00000 -124.83662 -0.01146 0.99993 0.00000 2.22515 0.00000 -0.00000 1.00000 -0.00000
1547644220106107 0.99994 0.01056 -0.00000 -127.17925 -0.01056 0.99994 0.00000 2.12800 0.00000 -0.00000 1.00000 -0.00000
1547644220356658 0.99993 0.01145 -0.00000 -129.46661 -0.01145 0.99993 0.00000 2.28529 0.00000 -0.00000 1.00000 -0.00000
1547644220608577 0.99994 0.01110 -0.00000 -131.76303 -0.01110 0.99994 0.00000 2.26656 0.00000 -0.00000 1.00000 -0.00000
1547644220860341 0.99995 0.00997 -0.00000 -134.03648 -0.00997 0.99995 0.00000 2.14227 0.00000 -0.00000 1.00000 -0.00000
1547644221111129 0.99996 0.00936 -0.00000 -136.27397 -0.00936 0.99996 0.00000 2.04960 0.00000 -0.00000 1.00000 -0.00000
1547644221361654 0.99996 0.00898 -0.00000 -138.44082 -0.00898 0.99996 0.00000 2.04286 0.00000 -0.00000 1.00000 -0.00000
1547644221612112 0.99995 0.00972 -0.00000 -140.57939 -0.00972 0.99995 0.00000 2.19035 0.00000 -0.00000 1.00000 -0.00000
1547644221862543 0.99996 0.00893 -0.00000 -142.64595 -0.00893 0.99996 0.00000 2.10223 0.00000 -0.00000 1.00000 -0.00000
1547644222112328 0.99996 0.00916 -0.00000 -144.67604 -0.00916 0.99996 0.00000 2.16568 0.00000 -0.00000 1.00000 -0.00000
1547644222361484 0.99995 0.01014 -0.00000 -146.63789 -0.01014 0.99995 0.00000 2.31875 0.00000 -0.00000 1.00000 -0.00000
1547644222610738 0.99996 0.00912 -0.00000 -148.53673 -0.00912 0.99996 0.00000 2.21700 0.00000 -0.00000 1.00000 -0.00000
1547644222859759 0.99996 0.00924 -0.00000 -150.38848 -0.00924 0.99996 0.00000 2.24142 0.00000 -0.00000 1.00000 -0.00000
1547644223108660 0.99997 0.00726 -0.00000 -152.19134 -0.00726 0.99997 0.00000 1.93387 0.00000 -0.00000 1.00000 -0.00000
1547644223357600 0.99998 0.00690 -0.00000 -153.94668 -0.00690 0.99998 0.00000 1.89879 0.00000 -0.00000 1.00000 -0.00000
1547644223605777 0.99998 0.00641 -0.00000 -155.64021 -0.00641 0.99998 0.00000 1.87190 0.00000 -0.00000 1.00000 -0.00000
1547644223854677 0.99998 0.00631 -0.00000 -157.28143 -0.00631 0.99998 0.00000 1.89454 0.00000 -0.00000 1.00000 -0.00000
1547644224105587 0.99997 0.00727 -0.00000 -158.88512 -0.00727 0.99997 0.00000 2.04851 0.00000 -0.00000 1.00000 -0.00000
1547644224356200 0.99997 0.00779 -0.00000 -160.43093 -0.00779 0.99997 0.00000 2.13260 0.00000 -0.00000 1.00000 -0.00000
1547644224606056 0.99997 0.00771 -0.00000 -161.89267 -0.00771 0.99997 0.00000 2.14206 0.00000 -0.00000 1.00000 -0.00000
1547644224856292 0.99997 0.00720 -0.00000 -163.29484 -0.00720 0.99997 0.00000 2.10650 0.00000 -0.00000 1.00000 -0.00000
1547644225106758 0.99997 0.00721 -0.00000 -164.65193 -0.00721 0.99997 0.00000 2.13416 0.00000 -0.00000 1.00000 -0.00000
1547644225357832 0.99994 0.01056 -0.00000 -165.94352 -0.01056 0.99994 0.00000 2.72551 0.00000 -0.00000 1.00000 -0.00000
1547644225610045 0.99992 0.01303 -0.00000 -167.13919 -0.01303 0.99992 0.00000 3.16267 0.00000 -0.00000 1.00000 -0.00000
1547644225862124 0.99991 0.01341 -0.00000 -168.28430 -0.01341 0.99991 0.00000 3.23084 0.00000 -0.00000 1.00000 -0.00000
1547644226113018 0.99989 0.01503 -0.00000 -169.35389 -0.01503 0.99989 0.00000 3.50135 0.00000 -0.00000 1.00000 -0.00000
1547644226363831 0.99986 0.01646 -0.00000 -170.37069 -0.01646 0.99986 0.00000 3.78094 0.00000 -0.00000 1.00000 -0.00000
1547644226614036 0.99985 0.01748 -0.00000 -171.31066 -0.01748 0.99985 0.00000 3.98748 0.00000 -0.00000 1.00000 -0.00000
1547644226864299 0.99980 0.01980 -0.00000 -172.17641 -0.01980 0.99980 0.00000 4.34093 0.00000 -0.00000 1.00000 -0.00000
1547644227114377 0.99977 0.02144 -0.00000 -172.97018 -0.02144 0.99977 0.00000 4.65798 0.00000 -0.00000 1.00000 -0.00000
1547644227363511 0.99976 0.02199 -0.00000 -173.70740 -0.02199 0.99976 0.00000 4.82179 0.00000 -0.00000 1.00000 -0.00000
1547644227612823 0.99977 0.02153 -0.00000 -174.38159 -0.02153 0.99977 0.00000 4.71296 0.00000 -0.00000 1.00000 -0.00000
1547644227862065 0.99975 0.02244 -0.00000 -174.99257 -0.02244 0.99975 0.00000 4.87246 0.00000 -0.00000 1.00000 -0.00000
1547644228111027 0.99980 0.02015 -0.00000 -175.56228 -0.02015 0.99980 0.00000 4.49741 0.00000 -0.00000 1.00000 -0.00000
1547644228359832 0.99980 0.02022 -0.00000 -176.05200 -0.02022 0.99980 0.00000 4.53739 0.00000 -0.00000 1.00000 -0.00000
1547644228608383 0.99979 0.02059 -0.00000 -176.45702 -0.02059 0.99979 0.00000 4.57812 0.00000 -0.00000 1.00000 -0.00000
1547644228856570 0.99978 0.02082 -0.00000 -176.79377 -0.02082 0.99978 0.00000 4.64165 0.00000 -0.00000 1.00000 -0.00000
1547644229105355 0.99979 0.02058 -0.00000 -177.08934 -0.02058 0.99979 0.00000 4.58278 0.00000 -0.00000 1.00000 -0.00000
1547644229356268 0.99980 0.02014 -0.00000 -177.30636 -0.02014 0.99980 0.00000 4.52180 0.00000 -0.00000 1.00000 -0.00000
1547644229607074 0.99980 0.02000 -0.00000 -177.51287 -0.02000 0.99980 0.00000 4.49289 0.00000 -0.00000 1.00000 -0.00000
1547644229857091 0.99980 0.02005 -0.00000 -177.72002 -0.02005 0.99980 0.00000 4.47804 0.00000 -0.00000 1.00000 -0.00000
1547644230107556 0.99979 0.02049 -0.00000 -177.88869 -0.02049 0.99979 0.00000 4.54511 0.00000 -0.00000 1.00000 -0.00000
1547644230358000 0.99977 0.02136 -0.00000 -178.01689 -0.02136 0.99977 0.00000 4.73028 0.00000 -0.00000 1.00000 -0.00000
1547644230607867 0.99978 0.02098 -0.00000 -178.12916 -0.02098 0.99978 0.00000 4.68953 0.00000 -0.00000 1.00000 -0.00000
1547644230858464 0.99978 0.02080 -0.00000 -178.22248 -0.02080 0.99978 0.00000 4.62204 0.00000 -0.00000 1.00000 -0.00000
1547644231110130 0.99977 0.02124 -0.00000 -178.30756 -0.02124 0.99977 0.00000 4.72327 0.00000 -0.00000 1.00000 -0.00000
1547644231361871 0.99974 0.02284 -0.00000 -178.36931 -0.02284 0.99974 0.00000 5.02000 0.00000 -0.00000 1.00000 -0.00000
1547644231613356 0.99977 0.02138 -0.00000 -178.46380 -0.02138 0.99977 0.00000 4.74475 0.00000 -0.00000 1.00000 -0.00000
1547644231864276 0.99978 0.02121 -0.00000 -178.52186 -0.02121 0.99978 0.00000 4.71238 0.00000 -0.00000 1.00000 -0.00000
1547644232115005 0.99977 0.02156 -0.00000 -178.62812 -0.02156 0.99977 0.00000 4.77759 0.00000 -0.00000 1.00000 -0.00000
1547644232365741 0.99975 0.02216 -0.00000 -178.71961 -0.02216 0.99975 0.00000 4.88891 0.00000 -0.00000 1.00000 -0.00000
1547644232615971 0.99975 0.02235 -0.00000 -178.84916 -0.02235 0.99975 0.00000 4.91657 0.00000 -0.00000 1.00000 -0.00000
1547644232865859 0.99975 0.02234 -0.00000 -179.00688 -0.02234 0.99975 0.00000 4.92275 0.00000 -0.00000 1.00000 -0.00000
1547644233115626 0.99977 0.02145 -0.00000 -179.23296 -0.02145 0.99977 0.00000 4.76883 0.00000 -0.00000 1.00000 -0.00000
1547644233364846 0.99976 0.02174 -0.00000 -179.47422 -0.02174 0.99976 0.00000 4.81595 0.00000 -0.00000 1.00000 -0.00000
1547644233613768 0.99977 0.02129 -0.00000 -179.76777 -0.02129 0.99977 0.00000 4.74610 0.00000 -0.00000 1.00000 -0.00000
1547644233862395 0.99978 0.02117 -0.00000 -180.08837 -0.02117 0.99978 0.00000 4.73615 0.00000 -0.00000 1.00000 -0.00000
1547644234110791 0.99977 0.02153 -0.00000 -180.49729 -0.02153 0.99977 0.00000 4.80383 0.00000 -0.00000 1.00000 -0.00000
1547644234360045 0.99979 0.02041 -0.00000 -180.95178 -0.02041 0.99979 0.00000 4.62227 0.00000 -0.00000 1.00000 -0.00000
1547644234610493 0.99981 0.01931 -0.00000 -181.49386 -0.01931 0.99981 0.00000 4.42883 0.00000 -0.00000 1.00000 -0.00000
1547644234860287 0.99984 0.01763 -0.00000 -182.08781 -0.01763 0.99984 0.00000 4.15223 0.00000 -0.00000 1.00000 -0.00000
1547644235109952 0.99988 0.01545 -0.00000 -182.76841 -0.01545 0.99988 0.00000 3.74484 0.00000 -0.00000 1.00000 -0.00000
1547644235360304 0.99990 0.01395 -0.00000 -183.51768 -0.01395 0.99990 0.00000 3.50130 0.00000 -0.00000 1.00000 -0.00000
1547644235610017 0.99989 0.01482 -0.00000 -184.34906 -0.01482 0.99989 0.00000 3.66467 0.00000 -0.00000 1.00000 -0.00000
1547644235859436 0.99991 0.01343 -0.00000 -185.31583 -0.01343 0.99991 0.00000 3.38997 0.00000 -0.00000 1.00000 -0.00000
1547644236109158 0.99992 0.01242 -0.00000 -186.36076 -0.01242 0.99992 0.00000 3.23774 0.00000 -0.00000 1.00000 -0.00000
1547644236358953 0.99994 0.01101 -0.00000 -187.47846 -0.01101 0.99994 0.00000 3.02425 0.00000 -0.00000 1.00000 -0.00000
1547644236609500 0.99997 0.00785 -0.00000 -188.71728 -0.00785 0.99997 0.00000 2.44327 0.00000 -0.00000 1.00000 -0.00000
1547644236861202 0.99997 0.00752 -0.00000 -190.04170 -0.00752 0.99997 0.00000 2.40920 0.00000 -0.00000 1.00000 -0.00000
1547644237112525 0.99998 0.00684 -0.00000 -191.43104 -0.00684 0.99998 0.00000 2.30301 0.00000 -0.00000 1.00000 -0.00000
1547644237363202 0.99997 0.00741 -0.00000 -192.91467 -0.00741 0.99997 0.00000 2.41470 0.00000 -0.00000 1.00000 -0.00000
1547644237613912 0.99997 0.00798 -0.00000 -194.49511 -0.00798 0.99997 0.00000 2.56430 0.00000 -0.00000 1.00000 -0.00000
1547644237864330 0.99999 0.00533 -0.00000 -196.10336 -0.00533 0.99999 0.00000 2.08812 0.00000 -0.00000 1.00000 -0.00000
1547644238114435 0.99998 0.00596 -0.00000 -197.76076 -0.00596 0.99998 0.00000 2.21046 0.00000 -0.00000 1.00000 -0.00000
1547644238364348 0.99998 0.00632 -0.00000 -199.50781 -0.00632 0.99998 0.00000 2.34508 0.00000 -0.00000 1.00000 -0.00000
1547644238613576 0.99997 0.00794 -0.00000 -201.26985 -0.00794 0.99997 0.00000 2.66374 0.00000 -0.00000 1.00000 -0.00000
1547644238862852 0.99998 0.00695 -0.00000 -203.05291 -0.00695 0.99998 0.00000 2.47851 0.00000 -0.00000 1.00000 -0.00000
1547644239112149 0.99997 0.00769 -0.00000 -204.89201 -0.00769 0.99997 0.00000 2.63727 0.00000 -0.00000 1.00000 -0.00000
1547644239360750 0.99996 0.00872 -0.00000 -206.82040 -0.00872 0.99996 0.00000 2.88232 0.00000 -0.00000 1.00000 -0.00000
1547644239609306 0.99995 0.01035 -0.00000 -208.73199 -0.01035 0.99995 0.00000 3.22902 0.00000 -0.00000 1.00000 -0.00000
1547644239857943 0.99990 0.01384 -0.00000 -210.68163 -0.01384 0.99990 0.00000 3.93946 0.00000 -0.00000 1.00000 -0.00000
1547644240107088 0.99984 0.01773 -0.00000 -212.62015 -0.01773 0.99984 0.00000 4.77237 0.00000 -0.00000 1.00000 -0.00000
1547644240357019 0.99976 0.02210 -0.00000 -214.57995 -0.02210 0.99976 0.00000 5.75563 0.00000 -0.00000 1.00000 -0.00000
1547644240607443 0.99961 0.02808 -0.00000 -216.52699 -0.02808 0.99961 0.00000 7.04220 0.00000 -0.00000 1.00000 -0.00000
1547644240857165 0.99944 0.03343 -0.00000 -218.47673 -0.03343 0.99944 0.00000 8.24414 0.00000 -0.00000 1.00000 -0.00000
1547644241106877 0.99920 0.04008 -0.00000 -220.42017 -0.04008 0.99920 0.00000 9.72019 0.00000 -0.00000 1.00000 -0.00000
1547644241356547 0.99888 0.04733 -0.00000 -222.36571 -0.04733 0.99888 0.00000 11.40093 0.00000 -0.00000 1.00000 -0.00000
1547644241605974 0.99847 0.05537 -0.00000 -224.26984 -0.05537 0.99847 0.00000 13.23823 0.00000 -0.00000 1.00000 -0.00000
1547644241855324 0.99778 0.06666 -0.00000 -226.14825 -0.06666 0.99778 0.00000 15.76761 0.00000 -0.00000 1.00000 -0.00000
1547644242105246 0.99696 0.07796 -0.00000 -228.02609 -0.07796 0.99696 0.00000 18.37135 0.00000 -0.00000 1.00000 -0.00000
1547644242356019 0.99602 0.08915 -0.00000 -229.85094 -0.08915 0.99602 0.00000 20.88039 0.00000 -0.00000 1.00000 -0.00000
1547644242607381 0.99532 0.09661 -0.00000 -231.71323 -0.09661 0.99532 0.00000 22.69629 0.00000 -0.00000 1.00000 -0.00000
1547644242859167 0.99436 0.10603 -0.00000 -233.53836 -0.10603 0.99436 0.00000 24.86728 0.00000 -0.00000 1.00000 0.00000
1547644243109695 0.99376 0.11153 -0.00000 -235.52832 -0.11153 0.99376 0.00000 26.22140 0.00000 -0.00000 1.00000 0.00000
1547644243360167 0.99297 0.11837 -0.00000 -237.43443 -0.11837 0.99297 0.00000 27.81956 0.00000 -0.00000 1.00000 0.00000
1547644243610804 0.99245 0.12261 -0.00000 -239.33933 -0.12261 0.99245 0.00000 28.79296 0.00000 -0.00000 1.00000 0.00000
1547644243861217 0.99235 0.12346 -0.00000 -241.44589 -0.12346 0.99235 0.00000 28.98447 0.00000 -0.00000 1.00000 0.00000
1547644244110831 0.99256 0.12174 -0.00000 -243.60689 -0.12174 0.99256 0.00000 28.61622 0.00000 -0.00000 1.00000 0.00000
1547644244360169 0.99254 0.12192 -0.00000 -245.71271 -0.12192 0.99254 0.00000 28.72986 0.00000 -0.00000 1.00000 0.00000
1547644244609550 0.99233 0.12363 -0.00000 -247.76711 -0.12363 0.99233 0.00000 29.15224 0.00000 -0.00000 1.00000 0.00000
1547644244858321 0.99249 0.12235 -0.00000 -249.93034 -0.12235 0.99249 0.00000 28.87514 0.00000 -0.00000 1.00000 0.00000
1547644245107322 0.99241 0.12293 -0.00000 -252.04757 -0.12293 0.99241 0.00000 29.00251 0.00000 -0.00000 1.00000 0.00000
1547644245355956 0.99268 0.12075 -0.00000 -254.27757 -0.12075 0.99268 0.00000 28.51206 0.00000 -0.00000 1.00000 0.00000
1547644245604222 0.99265 0.12098 -0.00000 -256.42456 -0.12098 0.99265 0.00000 28.64390 0.00000 -0.00000 1.00000 0.00000
1547644245853535 0.99272 0.12042 -0.00000 -258.66444 -0.12042 0.99272 0.00000 28.47247 0.00000 -0.00000 1.00000 0.00000
1547644246103724 0.99272 0.12044 -0.00000 -260.85653 -0.12044 0.99272 0.00000 28.52806 0.00000 -0.00000 1.00000 0.00000
1547644246353415 0.99283 0.11956 -0.00000 -263.10646 -0.11956 0.99283 0.00000 28.38447 0.00000 -0.00000 1.00000 0.00000
1547644246603049 0.99279 0.11984 -0.00000 -265.33063 -0.11984 0.99279 0.00000 28.38237 0.00000 -0.00000 1.00000 0.00000
1547644246853089 0.99292 0.11875 -0.00000 -267.62538 -0.11875 0.99292 0.00000 28.22124 0.00000 -0.00000 1.00000 0.00000
1547644247103097 0.99311 0.11722 -0.00000 -269.87852 -0.11722 0.99311 0.00000 27.81325 0.00000 -0.00000 1.00000 0.00000
1547644247352693 0.99295 0.11851 -0.00000 -272.12035 -0.11851 0.99295 0.00000 28.13402 0.00000 -0.00000 1.00000 0.00000
1547644247602042 0.99295 0.11856 -0.00000 -274.41228 -0.11856 0.99295 0.00000 28.14312 0.00000 -0.00000 1.00000 0.00000
1547644247852333 0.99314 0.11690 -0.00000 -276.76642 -0.11690 0.99314 0.00000 27.80747 0.00000 -0.00000 1.00000 0.00000
1547644248104500 0.99313 0.11704 -0.00000 -279.06999 -0.11704 0.99313 0.00000 27.83556 0.00000 -0.00000 1.00000 0.00000
1547644248356131 0.99346 0.11420 -0.00000 -281.44521 -0.11420 0.99346 0.00000 27.00288 0.00000 -0.00000 1.00000 0.00000
1547644248606518 0.99322 0.11623 -0.00000 -283.73874 -0.11623 0.99322 0.00000 27.63435 0.00000 -0.00000 1.00000 0.00000
1547644248856995 0.99316 0.11679 -0.00000 -286.06675 -0.11679 0.99316 0.00000 27.80423 0.00000 -0.00000 1.00000 0.00000
1547644249107361 0.99248 0.12240 -0.00000 -288.29262 -0.12240 0.99248 0.00000 29.52066 0.00000 -0.00000 1.00000 0.00000
1547644249357387 0.99192 0.12689 -0.00000 -290.53272 -0.12689 0.99192 0.00000 30.88487 0.00000 -0.00000 1.00000 0.00000
1547644249607310 0.99126 0.13193 -0.00000 -292.77381 -0.13193 0.99126 0.00000 32.37955 0.00000 -0.00000 1.00000 0.00000
1547644249856698 0.99062 0.13666 -0.00000 -294.92878 -0.13666 0.99062 0.00000 33.83924 0.00000 -0.00000 1.00000 0.00000
1547644250105763 0.99052 0.13736 -0.00000 -297.25748 -0.13736 0.99052 0.00000 34.10725 0.00000 -0.00000 1.00000 0.00000
1547644250355176 0.99059 0.13690 -0.00000 -299.59464 -0.13690 0.99059 0.00000 33.99030 0.00000 -0.00000 1.00000 0.00000
1547644250604167 0.99103 0.13364 -0.00000 -302.05197 -0.13364 0.99103 0.00000 33.00721 0.00000 -0.00000 1.00000 0.00000
1547644250852798 0.99165 0.12898 -0.00000 -304.44319 -0.12898 0.99165 0.00000 31.70765 0.00000 -0.00000 1.00000 0.00000
1547644251101798 0.99177 0.12807 -0.00000 -306.71400 -0.12807 0.99177 0.00000 31.48578 0.00000 -0.00000 1.00000 0.00000
1547644251351206 0.99192 0.12687 -0.00000 -308.94025 -0.12687 0.99192 0.00000 31.18603 0.00000 -0.00000 1.00000 0.00000
1547644251601207 0.99197 0.12646 -0.00000 -311.08493 -0.12646 0.99197 0.00000 31.00930 0.00000 -0.00000 1.00000 0.00000
1547644251851182 0.99213 0.12518 -0.00000 -313.19848 -0.12518 0.99213 0.00000 30.65940 0.00000 -0.00000 1.00000 0.00000
1547644252101269 0.99237 0.12330 -0.00000 -315.27886 -0.12330 0.99237 0.00000 30.11485 0.00000 -0.00000 1.00000 0.00000
1547644252351119 0.99245 0.12269 -0.00000 -317.27417 -0.12269 0.99245 0.00000 29.97009 0.00000 -0.00000 1.00000 0.00000
1547644252601066 0.99252 0.12210 -0.00000 -319.23363 -0.12210 0.99252 0.00000 29.77923 0.00000 -0.00000 1.00000 0.00000
1547644252850910 0.99294 0.11858 -0.00000 -321.25963 -0.11858 0.99294 0.00000 28.65384 0.00000 -0.00000 1.00000 0.00000
1547644253100564 0.99313 0.11700 -0.00000 -323.15607 -0.11700 0.99313 0.00000 28.24382 0.00000 -0.00000 1.00000 0.00000
1547644253350369 0.99322 0.11628 -0.00000 -324.95886 -0.11628 0.99322 0.00000 28.02622 0.00000 -0.00000 1.00000 0.00000
1547644253601028 0.99348 0.11402 -0.00000 -326.76580 -0.11402 0.99348 0.00000 27.29751 0.00000 -0.00000 1.00000 0.00000
1547644253852931 0.99363 0.11272 -0.00000 -328.48352 -0.11272 0.99363 0.00000 26.89247 0.00000 -0.00000 1.00000 0.00000
1547644254104614 0.99388 0.11047 -0.00000 -330.24414 -0.11047 0.99388 0.00000 26.21462 0.00000 -0.00000 1.00000 0.00000
1547644254355113 0.99409 0.10856 -0.00000 -331.90082 -0.10856 0.99409 0.00000 25.60092 0.00000 -0.00000 1.00000 0.00000
1547644254605743 0.99448 0.10490 -0.00000 -333.53291 -0.10490 0.99448 0.00000 24.38164 0.00000 -0.00000 1.00000 0.00000
1547644254856570 0.99502 0.09971 -0.00000 -335.21528 -0.09971 0.99502 0.00000 22.74356 0.00000 -0.00000 1.00000 0.00000
1547644255106395 0.99551 0.09467 -0.00000 -336.74856 -0.09467 0.99551 0.00000 20.99457 0.00000 -0.00000 1.00000 0.00000
1547644255356045 0.99583 0.09121 -0.00000 -338.21233 -0.09121 0.99583 0.00000 19.87954 0.00000 -0.00000 1.00000 0.00000
1547644255606178 0.99613 0.08789 -0.00000 -339.63951 -0.08789 0.99613 0.00000 18.76038 0.00000 -0.00000 1.00000 0.00000
1547644255855555 0.99635 0.08531 -0.00000 -340.99581 -0.08531 0.99635 0.00000 17.91704 0.00000 -0.00000 1.00000 0.00000
1547644256104105 0.99648 0.08380 -0.00000 -342.26326 -0.08380 0.99648 0.00000 17.46508 0.00000 -0.00000 1.00000 0.00000
1547644256352914 0.99684 0.07941 -0.00000 -343.51720 -0.07941 0.99684 0.00000 16.01001 0.00000 -0.00000 1.00000 0.00000
1547644256601597 0.99694 0.07814 -0.00000 -344.64463 -0.07814 0.99694 0.00000 15.57834 0.00000 -0.00000 1.00000 0.00000
1547644256850018 0.99706 0.07657 -0.00000 -345.75682 -0.07657 0.99706 0.00000 15.01581 0.00000 -0.00000 1.00000 0.00000
1547644257099699 0.99716 0.07526 -0.00000 -346.77545 -0.07526 0.99716 0.00000 14.55947 0.00000 -0.00000 1.00000 0.00000
1547644257350121 0.99738 0.07230 -0.00000 -347.77791 -0.07230 0.99738 0.00000 13.53314 0.00000 -0.00000 1.00000 0.00000
1547644257599956 0.99770 0.06778 -0.00000 -348.72266 -0.06778 0.99770 0.00000 11.96533 0.00000 -0.00000 1.00000 0.00000
1547644257849823 0.99821 0.05977 -0.00000 -349.63837 -0.05977 0.99821 0.00000 9.15147 0.00000 -0.00000 1.00000 0.00000
1547644258099848 0.99885 0.04790 -0.00000 -350.49090 -0.04790 0.99885 0.00000 4.99744 0.00000 -0.00000 1.00000 0.00000
1547644258349814 0.99935 0.03595 -0.00000 -351.23884 -0.03595 0.99935 0.00000 0.92462 0.00000 -0.00000 1.00000 0.00000
1547644258600577 0.99966 0.02624 -0.00000 -351.88042 -0.02624 0.99966 0.00000 -2.46896 0.00000 -0.00000 1.00000 0.00000
1547644258852441 0.99983 0.01860 -0.00000 -352.50923 -0.01860 0.99983 0.00000 -5.14722 0.00000 -0.00000 1.00000 0.00000
1547644259104487 0.99994 0.01072 -0.00000 -353.02339 -0.01072 0.99994 0.00000 -7.89959 0.00000 -0.00000 1.00000 0.00000
1547644259356270 0.99998 0.00549 -0.00000 -353.51686 -0.00549 0.99998 0.00000 -9.76631 0.00000 -0.00000 1.00000 0.00000
1547644259606933 0.99999 0.00359 -0.00000 -353.97253 -0.00359 0.99999 0.00000 -10.37564 0.00000 -0.00000 1.00000 0.00000
1547644259857039 1.00000 0.00121 -0.00000 -354.34425 -0.00121 1.00000 0.00000 -11.13822 0.00000 -0.00000 1.00000 0.00000
1547644260107835 1.00000 0.00093 -0.00000 -354.64653 -0.00093 1.00000 0.00000 -11.27124 0.00000 -0.00000 1.00000 0.00000
1547644260357876 1.00000 0.00207 -0.00000 -354.89491 -0.00207 1.00000 0.00000 -10.88078 0.00000 -0.00000 1.00000 0.00000
1547644260607378 1.00000 -0.00251 0.00000 -355.01639 0.00251 1.00000 -0.00000 -12.51576 -0.00000 0.00000 1.00000 0.00000
1547644260857259 1.00000 -0.00065 0.00000 -355.16966 0.00065 1.00000 -0.00000 -11.86363 -0.00000 0.00000 1.00000 0.00000
1547644261106956 1.00000 -0.00111 0.00000 -355.26371 0.00111 1.00000 -0.00000 -12.01463 -0.00000 0.00000 1.00000 0.00000
1547644261356198 1.00000 -0.00228 0.00000 -355.35454 0.00228 1.00000 -0.00000 -12.41566 -0.00000 0.00000 1.00000 0.00000
1547644261605468 0.99999 -0.00435 0.00000 -355.49091 0.00435 0.99999 -0.00000 -13.14455 -0.00000 0.00000 1.00000 0.00000
1547644261854293 0.99998 -0.00634 0.00000 -355.63445 0.00634 0.99998 -0.00000 -13.88143 -0.00000 0.00000 1.00000 0.00000
1547644262102499 0.99995 -0.00960 0.00000 -355.78664 0.00960 0.99995 -0.00000 -15.01985 -0.00000 0.00000 1.00000 0.00000
1547644262351691 0.99988 -0.01549 0.00000 -355.95221 0.01549 0.99988 -0.00000 -17.09650 -0.00000 0.00000 1.00000 0.00000
1547644262601680 0.99981 -0.01931 0.00000 -356.18982 0.01931 0.99981 -0.00000 -18.41240 -0.00000 0.00000 1.00000 0.00000
1547644262851624 0.99967 -0.02559 0.00000 -356.45713 0.02559 0.99967 -0.00000 -20.62782 -0.00000 0.00000 1.00000 0.00000
1547644263101402 0.99934 -0.03631 0.00000 -356.64268 0.03631 0.99934 -0.00000 -24.44196 -0.00000 0.00000 1.00000 0.00000
1547644263351039 0.99915 -0.04117 0.00000 -357.00415 0.04117 0.99915 -0.00000 -26.18741 -0.00000 0.00000 1.00000 0.00000
1547644263601110 0.99874 -0.05023 0.00000 -357.24884 0.05023 0.99874 -0.00000 -29.37561 -0.00000 0.00000 1.00000 0.00000
1547644263851210 0.99848 -0.05517 0.00000 -357.69622 0.05517 0.99848 -0.00000 -31.16795 -0.00000 0.00000 1.00000 0.00000
1547644264100876 0.99823 -0.05949 0.00000 -358.14771 0.05949 0.99823 -0.00000 -32.73586 -0.00000 0.00000 1.00000 0.00000
1547644264351470 0.99814 -0.06097 0.00000 -358.78493 0.06097 0.99814 -0.00000 -33.23536 -0.00000 0.00000 1.00000 0.00000
1547644264603708 0.99796 -0.06385 0.00000 -359.41583 0.06385 0.99796 -0.00000 -34.25953 -0.00000 0.00000 1.00000 0.00000
1547644264855089 0.99784 -0.06563 0.00000 -360.13941 0.06563 0.99784 -0.00000 -34.90580 -0.00000 0.00000 1.00000 0.00000
1547644265105573 0.99762 -0.06897 0.00000 -360.87835 0.06897 0.99762 -0.00000 -36.06726 -0.00000 0.00000 1.00000 0.00000
1547644265356595 0.99771 -0.06764 0.00000 -361.85312 0.06764 0.99771 -0.00000 -35.59048 -0.00000 0.00000 1.00000 0.00000
1547644265606702 0.99757 -0.06965 0.00000 -362.76569 0.06965 0.99757 -0.00000 -36.25795 -0.00000 0.00000 1.00000 0.00000
1547644265856528 0.99765 -0.06847 0.00000 -363.89277 0.06847 0.99765 -0.00000 -35.82539 -0.00000 0.00000 1.00000 0.00000
1547644266106420 0.99755 -0.07002 0.00000 -365.05642 0.07002 0.99755 -0.00000 -36.39614 -0.00000 0.00000 1.00000 0.00000
1547644266355540 0.99785 -0.06551 0.00000 -366.50432 0.06551 0.99785 -0.00000 -34.76026 -0.00000 0.00000 1.00000 0.00000
1547644266604512 0.99788 -0.06512 0.00000 -367.85731 0.06512 0.99788 -0.00000 -34.52626 -0.00000 0.00000 1.00000 0.00000
