1. 0. 0. 0. 0. -1. -0. 0. 0. 0. -1. 0.
1. -0.002 -0. -0.012 -0.002 -1. -0. -0.012 0. 0. -1. 0.
1. -0.001 -0. -0.011 -0.001 -1. -0. -0.029 0. 0. -1. 0.
1. -0. -0. -0.022 -0. -1. -0. -0.026 0. 0. -1. 0.
1. 0.001 0. -0.001 0.001 -1. -0. -0.013 0. 0. -1. 0.
1. -0.000 -0. 0.010 -0.000 -1. -0. -0.010 0. 0. -1. 0.
1. 0.004 0. 0.008 0.004 -1. -0. -0.017 0. 0. -1. 0.
1. 0.004 0. -0.001 0.004 -1. -0. -0.015 0. 0. -1. 0.
1. 0.004 0. -0.005 0.004 -1. -0. -0.007 0. 0. -1. 0.
1. 0.001 0. 0.010 0.001 -1. -0. -0.033 0. 0. -1. 0.
1. -0.003 -0. -0.022 -0.003 -1. -0. -0.010 0. 0. -1. 0.
1. -0.006 -0. -0.021 -0.006 -1. -0. -0.007 0. 0. -1. 0.
1. -0.004 -0. -0.023 -0.004 -1. -0. -0.014 0. 0. -1. 0.
1. -0.002 -0. -0.020 -0.002 -1. -0. -0.003 0. 0. -1. 0.
1. -0.000 -0. -0.006 -0.000 -1. -0. -0.005 0. 0. -1. 0.
1. 0. 0. -0.010 0. -1. -0. -0.003 0. 0. -1. 0.
1. -0.001 -0. 0. -0.001 -1. -0. -0.029 0. 0. -1. 0.
1. -0.005 -0. 0.013 -0.005 -1. -0. -0.012 0. 0. -1. 0.
1. -0.004 -0. -0.020 -0.004 -1. -0. -0.018 0. 0. -1. 0.
1. 0.001 0. -0.012 0.001 -1. -0. -0.009 0. 0. -1. 0.
1. 0.001 0. 0.019 0.001 -1. -0. -0.001 0. 0. -1. 0.
1. -0.001 -0. -0.012 -0.001 -1. -0. -0.009 0. 0. -1. 0.
1. -0.003 -0. -0.021 -0.003 -1. -0. 0.009 0. 0. -1. 0.
1. -0.005 -0. 0.013 -0.005 -1. -0. -0.033 0. 0. -1. 0.
1. -0.002 -0. 0.032 -0.002 -1. -0. -0.025 0. 0. -1. 0.
1. -0.003 -0. 0.024 -0.003 -1. -0. -0.019 0. 0. -1. 0.
1. -0.004 -0. -0.027 -0.004 -1. -0. 0.002 0. 0. -1. 0.
1. -0.001 -0. -0.036 -0.001 -1. -0. -0.012 0. 0. -1. 0.
1. 0.004 0. 0.006 0.004 -1. -0. -0.001 0. 0. -1. 0.
1. 0.002 0. 0.005 0.002 -1. -0. 0.004 0. 0. -1. 0.
1. -0.001 -0. -0.004 -0.001 -1. -0. -0.002 0. 0. -1. 0.
1. -0.000 -0. -0.020 -0.000 -1. -0. -0.030 0. 0. -1. 0.
1. 0.002 0. -0.012 0.002 -1. -0. 0.002 0. 0. -1. 0.
1. 0.002 0. 0.020 0.002 -1. -0. 0.023 0. 0. -1. 0.
1. 0.000 0. -0.016 0.000 -1. -0. -0.009 0. 0. -1. 0.
1. -0.002 -0. -0.029 -0.002 -1. -0. -0.011 0. 0. -1. 0.
1. 0.001 0. -0.016 0.001 -1. -0. -0.015 0. 0. -1. 0.
1. 0.002 0. -0.006 0.002 -1. -0. -0.006 0. 0. -1. 0.
1. 0.003 0. 0.005 0.003 -1. -0. -0.001 0. 0. -1. 0.
1. 0.002 0. -0.005 0.002 -1. -0. -0.003 0. 0. -1. 0.
1. 0.002 0. -0.017 0.002 -1. -0. -0.013 0. 0. -1. 0.
1. 0.003 0. -0.000 0.003 -1. -0. 0.001 0. 0. -1. 0.
1. 0.004 0. 0.001 0.004 -1. -0. -0.010 0. 0. -1. 0.
1. 0.003 0. 0.009 0.003 -1. -0. -0.004 0. 0. -1. 0.
1. 0.001 0. 0.003 0.001 -1. -0. -0.017 0. 0. -1. 0.
1. 0.003 0. 0.000 0.003 -1. -0. -0.015 0. 0. -1. 0.
1. 0.002 0. 0.021 0.002 -1. -0. 0.002 0. 0. -1. 0.
1. -0.003 -0. -0.004 -0.003 -1. -0. 0.005 0. 0. -1. 0.
1. -0.002 -0. 0.029 -0.002 -1. -0. 0.007 0. 0. -1. 0.
1. -0.002 -0. 0.126 -0.002 -1. -0. 0.017 0. 0. -1. 0.
1. -0.011 -0. 0.295 -0.011 -1. -0. -0.005 0. 0. -1. 0.
1.000 -0.020 -0. 0.587 -0.020 -1.000 -0. -0.022 0. 0. -1. 0.
0.999 -0.032 -0. 0.988 -0.032 -0.999 -0. -0.068 0. 0. -1. 0.
0.998 -0.060 -0. 1.411 -0.060 -0.998 -0. -0.117 0. 0. -1. 0.
0.997 -0.083 -0. 1.973 -0.083 -0.997 -0. -0.110 0. 0. -1. 0.
0.995 -0.101 -0. 2.641 -0.101 -0.995 -0. -0.304 0. 0. -1. 0.
0.993 -0.117 -0. 3.449 -0.117 -0.993 -0. -0.302 0. 0. -1. 0.
0.993 -0.115 -0. 4.276 -0.115 -0.993 -0. -0.495 0. 0. -1. 0.
0.994 -0.112 -0. 5.255 -0.112 -0.994 -0. -0.554 0. 0. -1. 0.
0.994 -0.107 -0. 6.267 -0.107 -0.994 -0. -0.608 0. 0. -1. 0.
0.995 -0.101 -0. 7.357 -0.101 -0.995 -0. -0.822 0. 0. -1. 0.
0.995 -0.096 -0. 8.537 -0.096 -0.995 -0. -1.022 0. 0. -1. 0.
0.997 -0.080 -0. 9.735 -0.080 -0.997 -0. -1.110 0. 0. -1. 0.
0.997 -0.073 -0. 10.995 -0.073 -0.997 -0. -1.258 0. 0. -1. 0.
0.997 -0.071 -0. 12.269 -0.071 -0.997 -0. -1.301 0. 0. -1. 0.
0.998 -0.063 -0. 13.639 -0.063 -0.998 -0. -1.370 0. 0. -1. 0.
0.999 -0.051 -0. 15.097 -0.051 -0.999 -0. -1.591 0. 0. -1. 0.
0.999 -0.054 -0. 16.675 -0.054 -0.999 -0. -1.624 0. 0. -1. 0.
0.999 -0.051 -0. 18.234 -0.051 -0.999 -0. -1.738 0. 0. -1. 0.
0.999 -0.039 -0. 19.955 -0.039 -0.999 -0. -1.820 0. 0. -1. 0.
0.999 -0.041 -0. 21.638 -0.041 -0.999 -0. -1.916 0. 0. -1. 0.
0.999 -0.038 -0. 23.376 -0.038 -0.999 -0. -2.099 0. 0. -1. 0.
1.000 -0.030 -0. 25.193 -0.030 -1.000 -0. -2.152 0. 0. -1. 0.
1.000 -0.024 -0. 27.057 -0.024 -1.000 -0. -2.268 0. 0. -1. 0.
1.000 -0.019 -0. 29.011 -0.019 -1.000 -0. -2.285 0. 0. -1. 0.
1.000 -0.014 -0. 30.881 -0.014 -1.000 -0. -2.298 0. 0. -1. 0.
1. -0.003 -0. 32.726 -0.003 -1. -0. -2.514 0. 0. -1. 0.
1. 0.002 0. 34.775 0.002 -1. -0. -2.435 0. 0. -1. 0.
1.000 0.016 0. 36.775 0.016 -1.000 -0. -2.402 0. 0. -1. 0.
1.000 0.027 0. 38.705 0.027 -1.000 -0. -2.419 0. 0. -1. 0.
0.999 0.039 0. 40.719 0.039 -0.999 -0. -2.357 0. 0. -1. 0.
0.999 0.050 0. 42.769 0.050 -0.999 -0. -2.313 0. 0. -1. 0.
0.998 0.063 0. 44.841 0.063 -0.998 -0. -2.139 0. 0. -1. 0.
0.998 0.064 0. 46.855 0.064 -0.998 -0. -2.086 0. 0. -1. 0.
0.998 0.068 0. 48.957 0.068 -0.998 -0. -1.919 0. 0. -1. 0.
0.998 0.070 0. 51.102 0.070 -0.998 -0. -1.861 0. 0. -1. 0.
0.998 0.069 0. 53.222 0.069 -0.998 -0. -1.750 0. 0. -1. 0.
0.997 0.073 0. 55.348 0.073 -0.997 -0. -1.654 0. 0. -1. 0.
0.997 0.072 0. 57.442 0.072 -0.997 -0. -1.462 0. 0. -1. 0.
0.997 0.081 0. 59.543 0.081 -0.997 -0. -1.367 0. 0. -1. 0.
0.997 0.073 0. 61.658 0.073 -0.997 -0. -1.112 0. 0. -1. 0.
0.997 0.077 0. 63.757 0.077 -0.997 -0. -1.127 0. 0. -1. 0.
0.997 0.078 0. 65.869 0.078 -0.997 -0. -1.032 0. 0. -1. 0.
0.997 0.076 0. 67.921 0.076 -0.997 -0. -0.903 0. 0. -1. 0.
0.997 0.079 0. 69.965 0.079 -0.997 -0. -0.791 0. 0. -1. 0.
0.997 0.079 0. 72.093 0.079 -0.997 -0. -0.564 0. 0. -1. 0.
0.997 0.081 0. 74.160 0.081 -0.997 -0. -0.394 0. 0. -1. 0.
0.997 0.080 0. 76.292 0.080 -0.997 -0. -0.203 0. 0. -1. 0.
0.997 0.077 0. 78.298 0.077 -0.997 -0. -0.092 0. 0. -1. 0.
0.998 0.064 0. 80.322 0.064 -0.998 -0. 0.028 0. 0. -1. 0.
0.999 0.045 0. 82.346 0.045 -0.999 -0. 0.013 0. 0. -1. 0.
1. 0.010 0. 84.409 0.010 -1. -0. 0.014 0. 0. -1. 0.
1.000 -0.027 -0. 86.408 -0.027 -1.000 -0. -0.064 0. 0. -1. 0.
0.997 -0.075 -0. 88.373 -0.075 -0.997 -0. -0.043 0. 0. -1. 0.
0.993 -0.118 -0. 90.288 -0.118 -0.993 -0. -0.497 0. 0. -1. 0.
0.987 -0.158 -0. 92.309 -0.158 -0.987 -0. -0.698 0. 0. -1. 0.
0.978 -0.208 -0. 94.241 -0.208 -0.978 -0. -1.121 0. 0. -1. 0.
0.965 -0.263 -0. 96.095 -0.263 -0.965 -0. -1.705 0. 0. -1. 0.
0.948 -0.319 -0. 97.864 -0.319 -0.948 -0. -2.300 0. 0. -1. 0.
0.925 -0.381 -0. 99.709 -0.381 -0.925 -0. -3.058 0. 0. -1. 0.
0.899 -0.437 -0. 101.453 -0.437 -0.899 -0. -3.855 0. 0. -1. 0.
0.869 -0.495 -0. 103.129 -0.495 -0.869 -0. -4.787 0. 0. -1. 0.
0.836 -0.549 -0. 104.595 -0.549 -0.836 -0. -5.956 0. 0. -1. 0.
0.798 -0.603 -0. 106.158 -0.603 -0.798 -0. -7.121 0. 0. -1. 0.
0.750 -0.661 -0. 107.602 -0.661 -0.750 -0. -8.319 0. 0. -1. 0.
0.703 -0.711 -0. 108.881 -0.711 -0.703 -0. -9.652 0. 0. -1. 0.
0.656 -0.755 -0. 110.135 -0.755 -0.656 -0. -11.060 0. 0. -1. 0.
0.608 -0.794 -0. 111.097 -0.794 -0.608 -0. -12.548 0. 0. -1. 0.
0.557 -0.831 -0. 112.283 -0.831 -0.557 -0. -14.011 0. 0. -1. 0.
0.506 -0.863 -0. 113.253 -0.863 -0.506 -0. -15.592 0. 0. -1. 0.
0.461 -0.887 -0. 113.890 -0.887 -0.461 -0. -17.404 0. 0. -1. 0.
0.421 -0.907 -0. 114.797 -0.907 -0.421 -0. -19.052 0. 0. -1. 0.
0.379 -0.925 -0. 115.528 -0.925 -0.379 -0. -20.880 0. 0. -1. 0.
0.360 -0.933 -0. 116.213 -0.933 -0.360 -0. -22.682 0. 0. -1. 0.
0.348 -0.937 -0. 116.748 -0.937 -0.348 -0. -24.541 0. 0. -1. 0.
0.349 -0.937 -0. 117.656 -0.937 -0.349 -0. -26.277 0. 0. -1. 0.
0.360 -0.933 -0. 118.180 -0.933 -0.360 -0. -28.235 0. 0. -1. 0.
0.384 -0.923 -0. 118.902 -0.923 -0.384 -0. -30.088 0. 0. -1. 0.
0.403 -0.915 -0. 119.777 -0.915 -0.403 -0. -31.995 0. 0. -1. 0.
0.426 -0.905 -0. 120.610 -0.905 -0.426 -0. -33.885 0. 0. -1. 0.
0.456 -0.890 -0. 121.359 -0.890 -0.456 -0. -35.784 0. 0. -1. 0.
0.480 -0.878 -0. 122.336 -0.878 -0.480 -0. -37.632 0. 0. -1. 0.
0.500 -0.866 -0. 123.401 -0.866 -0.500 -0. -39.520 0. 0. -1. 0.
0.520 -0.854 -0. 124.567 -0.854 -0.520 -0. -41.401 0. 0. -1. 0.
0.543 -0.840 -0. 125.693 -0.840 -0.543 -0. -43.231 0. 0. -1. 0.
0.562 -0.827 -0. 126.895 -0.827 -0.562 -0. -45.034 0. 0. -1. 0.
0.572 -0.821 -0. 128.034 -0.821 -0.572 -0. -46.865 0. 0. -1. 0.
0.589 -0.808 -0. 129.184 -0.808 -0.589 -0. -48.507 0. 0. -1. 0.
0.603 -0.798 -0. 130.518 -0.798 -0.603 -0. -50.264 0. 0. -1. 0.
0.619 -0.786 -0. 131.683 -0.786 -0.619 -0. -51.942 0. 0. -1. 0.
0.633 -0.774 -0. 132.920 -0.774 -0.633 -0. -53.676 0. 0. -1. 0.
0.637 -0.771 -0. 134.326 -0.771 -0.637 -0. -55.270 0. 0. -1. 0.
0.655 -0.756 -0. 135.505 -0.756 -0.655 -0. -56.736 0. 0. -1. 0.
0.666 -0.746 -0. 136.947 -0.746 -0.666 -0. -58.296 0. 0. -1. 0.
0.675 -0.738 -0. 138.199 -0.738 -0.675 -0. -59.909 0. 0. -1. 0.
0.679 -0.735 -0. 139.568 -0.735 -0.679 -0. -61.256 0. 0. -1. 0.
0.686 -0.727 -0. 140.876 -0.727 -0.686 -0. -62.704 0. 0. -1. 0.
0.696 -0.718 -0. 142.270 -0.718 -0.696 -0. -64.075 0. 0. -1. 0.
0.711 -0.704 -0. 143.568 -0.704 -0.711 -0. -65.419 0. 0. -1. 0.
0.738 -0.675 -0. 144.755 -0.675 -0.738 -0. -66.727 0. 0. -1. 0.
0.774 -0.633 -0. 146.086 -0.633 -0.774 -0. -67.741 0. 0. -1. 0.
0.819 -0.573 -0. 147.443 -0.573 -0.819 -0. -68.713 0. 0. -1. 0.
0.866 -0.500 -0. 148.820 -0.500 -0.866 -0. -69.564 0. 0. -1. 0.
0.912 -0.411 -0. 150.151 -0.411 -0.912 -0. -70.238 0. 0. -1. 0.
0.953 -0.302 -0. 151.444 -0.302 -0.953 -0. -70.732 0. 0. -1. 0.
0.984 -0.178 -0. 152.659 -0.178 -0.984 -0. -70.961 0. 0. -1. 0.
0.999 -0.042 -0. 153.913 -0.042 -0.999 -0. -70.951 0. 0. -1. 0.
0.994 0.109 0. 155.100 0.109 -0.994 -0. -70.817 0. 0. -1. 0.
0.964 0.267 0. 156.223 0.267 -0.964 -0. -70.488 0. 0. -1. 0.
0.903 0.429 0. 157.172 0.429 -0.903 -0. -70.064 0. 0. -1. 0.
0.810 0.586 0. 158.047 0.586 -0.810 -0. -69.406 0. 0. -1. 0.
0.692 0.722 0. 158.757 0.722 -0.692 -0. -68.642 0. 0. -1. 0.
0.543 0.840 0. 159.346 0.840 -0.543 -0. -67.737 0. 0. -1. 0.
0.373 0.928 0. 159.696 0.928 -0.373 -0. -66.700 0. 0. -1. 0.
0.186 0.983 0. 159.817 0.983 -0.186 -0. -65.730 0. 0. -1. 0.
-0.018 1.000 0. 159.768 1.000 0.018 0. -64.813 0. 0. -1. 0.
-0.214 0.977 0. 159.539 0.977 0.214 0. -63.876 0. 0. -1. 0.
-0.392 0.920 0. 159.090 0.920 0.392 0. -62.936 0. 0. -1. 0.
-0.555 0.832 0. 158.507 0.832 0.555 0. -62.218 0. 0. -1. 0.
-0.687 0.726 0. 157.766 0.726 0.687 0. -61.468 0. 0. -1. 0.
-0.789 0.614 0. 156.884 0.614 0.789 0. -60.759 0. 0. -1. 0.
-0.862 0.508 0. 155.809 0.508 0.862 0. -60.250 0. 0. -1. 0.
-0.911 0.413 0. 154.801 0.413 0.911 0. -59.672 0. 0. -1. 0.
-0.938 0.347 0. 153.585 0.347 0.938 0. -59.146 0. 0. -1. 0.
-0.955 0.298 0. 152.494 0.298 0.955 0. -58.941 0. 0. -1. 0.
-0.965 0.263 0. 151.250 0.263 0.965 0. -58.582 0. 0. -1. 0.
-0.970 0.242 0. 149.961 0.242 0.970 0. -58.260 0. 0. -1. 0.
-0.972 0.237 0. 148.666 0.237 0.972 0. -57.949 0. 0. -1. 0.
-0.969 0.247 0. 147.349 0.247 0.969 0. -57.619 0. 0. -1. 0.
-0.966 0.257 0. 145.946 0.257 0.966 0. -57.245 0. 0. -1. 0.
-0.958 0.286 0. 144.378 0.286 0.958 0. -56.678 0. 0. -1. 0.
-0.947 0.323 0. 143.077 0.323 0.947 0. -56.367 0. 0. -1. 0.
-0.927 0.374 0. 141.627 0.374 0.927 0. -55.736 0. 0. -1. 0.
-0.912 0.409 0. 140.232 0.409 0.912 0. -55.146 0. 0. -1. 0.
-0.888 0.460 0. 138.747 0.460 0.888 0. -54.316 0. 0. -1. 0.
-0.864 0.504 0. 137.560 0.504 0.864 0. -53.555 0. 0. -1. 0.
-0.834 0.551 0. 136.031 0.551 0.834 0. -52.574 0. 0. -1. 0.
-0.800 0.600 0. 134.720 0.600 0.800 0. -51.523 0. 0. -1. 0.
-0.773 0.635 0. 133.456 0.635 0.773 0. -50.352 0. 0. -1. 0.
-0.730 0.684 0. 132.030 0.684 0.730 0. -49.178 0. 0. -1. 0.
-0.697 0.717 0. 130.939 0.717 0.697 0. -47.896 0. 0. -1. 0.
-0.661 0.751 0. 129.742 0.751 0.661 0. -46.405 0. 0. -1. 0.
-0.622 0.783 0. 128.618 0.783 0.622 0. -44.864 0. 0. -1. 0.
-0.581 0.814 0. 127.412 0.814 0.581 0. -43.347 0. 0. -1. 0.
-0.546 0.838 0. 126.430 0.838 0.546 0. -41.725 0. 0. -1. 0.
-0.506 0.862 0. 125.263 0.862 0.506 0. -40.074 0. 0. -1. 0.
-0.476 0.879 0. 124.402 0.879 0.476 0. -38.281 0. 0. -1. 0.
-0.451 0.893 0. 123.486 0.893 0.451 0. -36.456 0. 0. -1. 0.
-0.439 0.898 0. 122.625 0.898 0.439 0. -34.511 0. 0. -1. 0.
-0.423 0.906 0. 121.723 0.906 0.423 0. -32.508 0. 0. -1. 0.
-0.410 0.912 0. 120.897 0.912 0.410 0. -30.546 0. 0. -1. 0.
-0.396 0.918 0. 120.101 0.918 0.396 0. -28.596 0. 0. -1. 0.
-0.388 0.922 0. 119.436 0.922 0.388 0. -26.542 0. 0. -1. 0.
-0.382 0.924 0. 118.715 0.924 0.382 0. -24.522 0. 0. -1. 0.
-0.387 0.922 0. 117.805 0.922 0.387 0. -22.569 0. 0. -1. 0.
-0.396 0.918 0. 116.940 0.918 0.396 0. -20.609 0. 0. -1. 0.
-0.421 0.907 0. 116.083 0.907 0.421 0. -18.679 0. 0. -1. 0.
-0.452 0.892 0. 115.142 0.892 0.452 0. -16.797 0. 0. -1. 0.
-0.492 0.871 0. 114.381 0.871 0.492 0. -14.814 0. 0. -1. 0.
-0.541 0.841 0. 113.103 0.841 0.541 0. -13.169 0. 0. -1. 0.
-0.594 0.804 0. 112.107 0.804 0.594 0. -11.438 0. 0. -1. 0.
-0.644 0.765 0. 110.851 0.765 0.644 0. -9.854 0. 0. -1. 0.
-0.695 0.719 0. 109.502 0.719 0.695 0. -8.355 0. 0. -1. 0.
-0.744 0.668 0. 108.064 0.668 0.744 0. -6.883 0. 0. -1. 0.
-0.790 0.613 0. 106.525 0.613 0.790 0. -5.752 0. 0. -1. 0.
-0.834 0.551 0. 104.964 0.551 0.834 0. -4.497 0. 0. -1. 0.
-0.870 0.492 0. 103.270 0.492 0.870 0. -3.553 0. 0. -1. 0.
-0.899 0.439 0. 101.592 0.439 0.899 0. -2.567 0. 0. -1. 0.
-0.924 0.382 0. 99.766 0.382 0.924 0. -1.864 0. 0. -1. 0.
-0.946 0.325 0. 98.022 0.325 0.946 0. -1.176 0. 0. -1. 0.
-0.965 0.264 0. 96.112 0.264 0.965 0. -0.618 0. 0. -1. 0.
-0.980 0.200 0. 94.193 0.200 0.980 0. -0.219 0. 0. -1. 0.
-0.990 0.141 0. 92.170 0.141 0.990 0. 0.182 0. 0. -1. 0.
-0.996 0.094 0. 90.154 0.094 0.996 0. 0.290 0. 0. -1. 0.
-0.999 0.049 0. 88.089 0.049 0.999 0. 0.478 0. 0. -1. 0.
-1. 0.004 0. 86.078 0.004 1. 0. 0.421 0. 0. -1. 0.
-1.000 -0.015 -0. 83.976 -0.015 1.000 0. 0.405 0. 0. -1. 0.
-0.999 -0.047 -0. 81.919 -0.047 0.999 0. 0.332 0. 0. -1. 0.
-0.998 -0.057 -0. 79.802 -0.057 0.998 0. 0.289 0. 0. -1. 0.
-0.998 -0.070 -0. 77.631 -0.070 0.998 0. 0.123 0. 0. -1. 0.
-0.997 -0.075 -0. 75.530 -0.075 0.997 0. 0.146 0. 0. -1. 0.
-0.998 -0.067 -0. 73.376 -0.067 0.998 0. 0.015 0. 0. -1. 0.
-0.998 -0.068 -0. 71.219 -0.068 0.998 0. -0.170 0. 0. -1. 0.
-0.998 -0.061 -0. 68.990 -0.061 0.998 0. -0.332 0. 0. -1. 0.
-0.999 -0.053 -0. 66.901 -0.053 0.999 0. -0.377 0. 0. -1. 0.
-0.999 -0.043 -0. 64.696 -0.043 0.999 0. -0.458 0. 0. -1. 0.
-0.999 -0.035 -0. 62.570 -0.035 0.999 0. -0.498 0. 0. -1. 0.
-0.999 -0.039 -0. 60.370 -0.039 0.999 0. -0.383 0. 0. -1. 0.
-0.999 -0.036 -0. 58.264 -0.036 0.999 0. -0.634 0. 0. -1. 0.
-0.999 -0.038 -0. 56.140 -0.038 0.999 0. -0.713 0. 0. -1. 0.
-1.000 -0.030 -0. 54.037 -0.030 1.000 0. -0.662 0. 0. -1. 0.
-1.000 -0.029 -0. 51.945 -0.029 1.000 0. -0.713 0. 0. -1. 0.
-1.000 -0.028 -0. 49.886 -0.028 1.000 0. -0.690 0. 0. -1. 0.
-0.999 -0.033 -0. 47.834 -0.033 0.999 0. -0.748 0. 0. -1. 0.
-0.999 -0.044 -0. 45.792 -0.044 0.999 0. -0.668 0. 0. -1. 0.
-0.999 -0.047 -0. 43.775 -0.047 0.999 0. -0.671 0. 0. -1. 0.
-0.999 -0.035 -0. 41.702 -0.035 0.999 0. -0.861 0. 0. -1. 0.
-1.000 -0.019 -0. 39.697 -0.019 1.000 0. -0.940 0. 0. -1. 0.
-1. -0.006 -0. 37.630 -0.006 1. 0. -0.907 0. 0. -1. 0.
-1. -0.004 -0. 35.718 -0.004 1. 0. -0.822 0. 0. -1. 0.
-1. 0.003 0. 33.576 0.003 1. 0. -0.900 0. 0. -1. 0.
-1. 0.007 0. 31.562 0.007 1. 0. -0.845 0. 0. -1. 0.
-1. 0.008 0. 29.514 0.008 1. 0. -0.723 0. 0. -1. 0.
-1.000 0.015 0. 27.357 0.015 1.000 0. -0.746 0. 0. -1. 0.
-1.000 0.020 0. 25.298 0.020 1.000 0. -0.504 0. 0. -1. 0.
-1.000 0.030 0. 23.100 0.030 1.000 0. -0.554 0. 0. -1. 0.
-1.000 0.032 0. 21.074 0.032 1.000 0. -0.277 0. 0. -1. 0.
-0.999 0.033 0. 18.852 0.033 0.999 0. -0.263 0. 0. -1. 0.
-0.999 0.033 0. 16.769 0.033 0.999 0. -0.153 0. 0. -1. 0.
-0.999 0.039 0. 14.517 0.039 0.999 0. -0.064 0. 0. -1. 0.
-0.999 0.048 0. 12.339 0.048 0.999 0. 0.046 0. 0. -1. 0.
-0.999 0.048 0. 10.121 0.048 0.999 0. 0.191 0. 0. -1. 0.
-0.999 0.042 0. 7.864 0.042 0.999 0. 0.337 0. 0. -1. 0.
-0.999 0.047 0. 5.574 0.047 0.999 0. 0.469 0. 0. -1. 0.
-0.999 0.043 0. 3.317 0.043 0.999 0. 0.573 0. 0. -1. 0.
-0.999 0.047 0. 0.916 0.047 0.999 0. 0.655 0. 0. -1. 0.
-0.999 0.048 0. -1.348 0.048 0.999 0. 0.727 0. 0. -1. 0.
-0.999 0.050 0. -3.730 0.050 0.999 0. 0.972 0. 0. -1. 0.
-0.999 0.042 0. -6.124 0.042 0.999 0. 1.164 0. 0. -1. 0.
-0.999 0.039 0. -8.489 0.039 0.999 0. 1.131 0. 0. -1. 0.
-0.999 0.036 0. -10.842 0.036 0.999 0. 1.220 0. 0. -1. 0.
-0.999 0.034 0. -13.253 0.034 0.999 0. 1.392 0. 0. -1. 0.
-1.000 0.018 0. -15.514 0.018 1.000 0. 1.549 0. 0. -1. 0.
-1.000 0.017 0. -18.127 0.017 1.000 0. 1.540 0. 0. -1. 0.
-1.000 0.015 0. -20.331 0.015 1.000 0. 1.678 0. 0. -1. 0.
-1. 0.007 0. -22.755 0.007 1. 0. 1.776 0. 0. -1. 0.
-1. 0.001 0. -25.073 0.001 1. 0. 1.710 0. 0. -1. 0.
-1. -0.008 -0. -27.424 -0.008 1. 0. 1.658 0. 0. -1. 0.
-1. -0.014 -0. -29.831 -0.014 1. 0. 1.707 0. 0. -1. 0.
-1.000 -0.017 -0. -32.206 -0.017 1.000 0. 1.655 0. 0. -1. 0.
-1.000 -0.024 -0. -34.407 -0.024 1.000 0. 1.652 0. 0. -1. 0.
-1.000 -0.023 -0. -36.819 -0.023 1.000 0. 1.529 0. 0. -1. 0.
-1.000 -0.030 -0. -39.164 -0.030 1.000 0. 1.499 0. 0. -1. 0.
-1.000 -0.026 -0. -41.396 -0.026 1.000 0. 1.501 0. 0. -1. 0.
-0.999 -0.035 -0. -43.539 -0.035 0.999 0. 1.466 0. 0. -1. 0.
-0.999 -0.035 -0. -45.684 -0.035 0.999 0. 1.413 0. 0. -1. 0.
-0.999 -0.047 -0. -47.731 -0.047 0.999 0. 1.444 0. 0. -1. 0.
-0.999 -0.037 -0. -49.725 -0.037 0.999 0. 1.279 0. 0. -1. 0.
-0.999 -0.042 -0. -51.583 -0.042 0.999 0. 1.253 0. 0. -1. 0.
-0.999 -0.034 -0. -53.515 -0.034 0.999 0. 1.194 0. 0. -1. 0.
-1.000 -0.017 -0. -55.163 -0.017 1.000 0. 1.129 0. 0. -1. 0.
-1. 0.008 0. -56.777 0.008 1. 0. 1.064 0. 0. -1. 0.
-0.999 0.049 0. -58.346 0.049 0.999 0. 1.273 0. 0. -1. 0.
-0.996 0.089 0. -59.833 0.089 0.996 0. 1.522 0. 0. -1. 0.
-0.989 0.147 0. -61.106 0.147 0.989 0. 1.699 0. 0. -1. 0.
-0.979 0.206 0. -62.360 0.206 0.979 0. 1.980 0. 0. -1. 0.
-0.959 0.284 0. -63.623 0.284 0.959 0. 2.255 0. 0. -1. 0.
-0.929 0.371 0. -64.678 0.371 0.929 0. 2.795 0. 0. -1. 0.
-0.891 0.455 0. -65.695 0.455 0.891 0. 3.405 0. 0. -1. 0.
-0.834 0.552 0. -66.741 0.552 0.834 0. 4.054 0. 0. -1. 0.
-0.765 0.644 0. -67.504 0.644 0.765 0. 4.834 0. 0. -1. 0.
-0.680 0.734 0. -68.222 0.734 0.680 0. 5.566 0. 0. -1. 0.
-0.585 0.811 0. -68.823 0.811 0.585 0. 6.490 0. 0. -1. 0.
-0.476 0.879 0. -69.584 0.879 0.476 0. 7.402 0. 0. -1. 0.
-0.380 0.925 0. -69.714 0.925 0.380 0. 8.449 0. 0. -1. 0.
-0.283 0.959 0. -70.099 0.959 0.283 0. 9.482 0. 0. -1. 0.
-0.213 0.977 0. -70.268 0.977 0.213 0. 10.623 0. 0. -1. 0.
-0.172 0.985 0. -70.406 0.985 0.172 0. 11.899 0. 0. -1. 0.
-0.135 0.991 0. -70.672 0.991 0.135 0. 13.040 0. 0. -1. 0.
-0.117 0.993 0. -70.626 0.993 0.117 0. 14.400 0. 0. -1. 0.
-0.097 0.995 0. -70.797 0.995 0.097 0. 15.705 0. 0. -1. 0.
-0.083 0.997 0. -70.794 0.997 0.083 0. 17.122 0. 0. -1. 0.
-0.080 0.997 0. -70.904 0.997 0.080 0. 18.463 0. 0. -1. 0.
-0.057 0.998 0. -70.963 0.998 0.057 0. 19.961 0. 0. -1. 0.
-0.038 0.999 0. -71.034 0.999 0.038 0. 21.413 0. 0. -1. 0.
-0.042 0.999 0. -71.088 0.999 0.042 0. 23.037 0. 0. -1. 0.
-0.019 1.000 0. -70.996 1.000 0.019 0. 24.615 0. 0. -1. 0.
-0.013 1. 0. -71.095 1. 0.013 0. 26.185 0. 0. -1. 0.
-0.005 1. 0. -70.973 1. 0.005 0. 27.881 0. 0. -1. 0.
0.009 1. 0. -70.934 1. -0.009 -0. 29.619 0. 0. -1. 0.
0.021 1.000 0. -70.890 1.000 -0.021 -0. 31.267 0. 0. -1. 0.
0.042 0.999 0. -70.721 0.999 -0.042 -0. 33.076 0. 0. -1. 0.
0.064 0.998 0. -70.622 0.998 -0.064 -0. 34.788 0. 0. -1. 0.
0.083 0.997 0. -70.420 0.997 -0.083 -0. 36.579 0. 0. -1. 0.
0.110 0.994 0. -70.205 0.994 -0.110 -0. 38.364 0. 0. -1. 0.
0.133 0.991 0. -69.902 0.991 -0.133 -0. 40.181 0. 0. -1. 0.
0.144 0.990 0. -69.608 0.990 -0.144 -0. 41.906 0. 0. -1. 0.
0.148 0.989 0. -69.329 0.989 -0.148 -0. 43.833 0. 0. -1. 0.
0.141 0.990 0. -69.065 0.990 -0.141 -0. 45.657 0. 0. -1. 0.
0.132 0.991 0. -68.708 0.991 -0.132 -0. 47.541 0. 0. -1. 0.
0.104 0.995 0. -68.491 0.995 -0.104 -0. 49.165 0. 0. -1. 0.
0.082 0.997 0. -68.294 0.997 -0.082 -0. 51.328 0. 0. -1. 0.
0.060 0.998 0. -68.148 0.998 -0.060 -0. 53.157 0. 0. -1. 0.
0.041 0.999 0. -68.080 0.999 -0.041 -0. 55.253 0. 0. -1. 0.
0.023 1.000 0. -67.980 1.000 -0.023 -0. 57.178 0. 0. -1. 0.
-0.005 1. 0. -67.904 1. 0.005 0. 59.168 0. 0. -1. 0.
-0.018 1.000 0. -67.985 1.000 0.018 0. 61.188 0. 0. -1. 0.
-0.027 1.000 0. -67.962 1.000 0.027 0. 63.172 0. 0. -1. 0.
-0.034 0.999 0. -67.989 0.999 0.034 0. 65.194 0. 0. -1. 0.
-0.032 0.999 0. -68.065 0.999 0.032 0. 67.124 0. 0. -1. 0.
-0.022 1.000 0. -68.130 1.000 0.022 0. 69.181 0. 0. -1. 0.
-0.016 1.000 0. -68.056 1.000 0.016 0. 71.114 0. 0. -1. 0.
-0.005 1. 0. -68.056 1. 0.005 0. 73.145 0. 0. -1. 0.
-0.001 1. 0. -68.091 1. 0.001 0. 74.970 0. 0. -1. 0.
-0.020 1.000 0. -68.057 1.000 0.020 0. 76.827 0. 0. -1. 0.
-0.055 0.998 0. -68.085 0.998 0.055 0. 78.645 0. 0. -1. 0.
-0.117 0.993 0. -68.315 0.993 0.117 0. 80.207 0. 0. -1. 0.
-0.186 0.982 0. -68.508 0.982 0.186 0. 82.030 0. 0. -1. 0.
-0.263 0.965 0. -68.859 0.965 0.263 0. 83.622 0. 0. -1. 0.
-0.339 0.941 0. -69.389 0.941 0.339 0. 85.170 0. 0. -1. 0.
-0.433 0.901 0. -69.995 0.901 0.433 0. 86.716 0. 0. -1. 0.
-0.512 0.859 0. -70.789 0.859 0.512 0. 88.066 0. 0. -1. 0.
-0.587 0.809 0. -71.697 0.809 0.587 0. 89.377 0. 0. -1. 0.
-0.659 0.752 0. -72.718 0.752 0.659 0. 90.537 0. 0. -1. 0.
-0.729 0.684 0. -73.822 0.684 0.729 0. 91.654 0. 0. -1. 0.
-0.789 0.614 0. -75.068 0.614 0.789 0. 92.727 0. 0. -1. 0.
-0.845 0.535 0. -76.411 0.535 0.845 0. 93.431 0. 0. -1. 0.
-0.891 0.454 0. -77.635 0.454 0.891 0. 94.328 0. 0. -1. 0.
-0.929 0.370 0. -79.106 0.370 0.929 0. 94.871 0. 0. -1. 0.
-0.959 0.285 0. -80.613 0.285 0.959 0. 95.290 0. 0. -1. 0.
-0.974 0.228 0. -82.175 0.228 0.974 0. 95.602 0. 0. -1. 0.
-0.983 0.186 0. -83.732 0.186 0.983 0. 95.946 0. 0. -1. 0.
-0.988 0.157 0. -85.253 0.157 0.988 0. 96.154 0. 0. -1. 0.
-0.989 0.145 0. -86.900 0.145 0.989 0. 96.404 0. 0. -1. 0.
-0.989 0.150 0. -88.342 0.150 0.989 0. 96.793 0. 0. -1. 0.
-0.983 0.186 0. -90.026 0.186 0.983 0. 97.006 0. 0. -1. 0.
-0.975 0.223 0. -91.556 0.223 0.975 0. 97.394 0. 0. -1. 0.
-0.962 0.272 0. -93.249 0.272 0.962 0. 97.777 0. 0. -1. 0.
-0.946 0.323 0. -94.793 0.323 0.946 0. 98.405 0. 0. -1. 0.
-0.924 0.382 0. -96.339 0.382 0.924 0. 99.112 0. 0. -1. 0.
-0.898 0.440 0. -97.934 0.440 0.898 0. 100.057 0. 0. -1. 0.
-0.865 0.503 0. -99.507 0.503 0.865 0. 100.870 0. 0. -1. 0.
-0.839 0.544 0. -100.986 0.544 0.839 0. 101.969 0. 0. -1. 0.
-0.809 0.588 0. -102.562 0.588 0.809 0. 103.081 0. 0. -1. 0.
-0.786 0.618 0. -104.094 0.618 0.786 0. 104.291 0. 0. -1. 0.
-0.769 0.639 0. -105.671 0.639 0.769 0. 105.542 0. 0. -1. 0.
-0.757 0.653 0. -107.139 0.653 0.757 0. 106.961 0. 0. -1. 0.
-0.750 0.661 0. -108.762 0.661 0.750 0. 108.452 0. 0. -1. 0.
-0.743 0.669 0. -110.300 0.669 0.743 0. 109.918 0. 0. -1. 0.
-0.739 0.674 0. -111.948 0.674 0.739 0. 111.407 0. 0. -1. 0.
-0.737 0.676 0. -113.691 0.676 0.737 0. 112.790 0. 0. -1. 0.
-0.737 0.675 0. -115.271 0.675 0.737 0. 114.465 0. 0. -1. 0.
-0.737 0.676 0. -117.003 0.676 0.737 0. 115.991 0. 0. -1. 0.
-0.736 0.677 0. -118.704 0.677 0.736 0. 117.599 0. 0. -1. 0.
-0.731 0.682 0. -120.434 0.682 0.731 0. 119.338 0. 0. -1. 0.
-0.727 0.687 0. -122.227 0.687 0.727 0. 120.975 0. 0. -1. 0.
-0.722 0.692 0. -124.041 0.692 0.722 0. 122.797 0. 0. -1. 0.
-0.722 0.692 0. -125.773 0.692 0.722 0. 124.558 0. 0. -1. 0.
-0.725 0.689 0. -127.610 0.689 0.725 0. 126.404 0. 0. -1. 0.
-0.719 0.695 0. -129.498 0.695 0.719 0. 128.163 0. 0. -1. 0.
-0.714 0.701 0. -131.259 0.701 0.714 0. 130.086 0. 0. -1. 0.
-0.717 0.697 0. -133.133 0.697 0.717 0. 132.044 0. 0. -1. 0.
-0.719 0.695 0. -135.035 0.695 0.719 0. 134.061 0. 0. -1. 0.
-0.719 0.695 0. -136.981 0.695 0.719 0. 136.016 0. 0. -1. 0.
-0.715 0.699 0. -138.906 0.699 0.715 0. 137.853 0. 0. -1. 0.
-0.716 0.699 0. -140.837 0.699 0.716 0. 139.959 0. 0. -1. 0.
-0.714 0.701 0. -142.757 0.701 0.714 0. 141.935 0. 0. -1. 0.
-0.712 0.702 0. -144.701 0.702 0.712 0. 143.919 0. 0. -1. 0.
-0.702 0.713 0. -146.639 0.713 0.702 0. 145.772 0. 0. -1. 0.
-0.690 0.724 0. -148.498 0.724 0.690 0. 147.724 0. 0. -1. 0.
-0.678 0.735 0. -150.241 0.735 0.678 0. 149.723 0. 0. -1. 0.
-0.663 0.749 0. -151.910 0.749 0.663 0. 151.807 0. 0. -1. 0.
-0.639 0.769 0. -153.673 0.769 0.639 0. 153.845 0. 0. -1. 0.
-0.615 0.789 0. -155.106 0.789 0.615 0. 155.914 0. 0. -1. 0.
-0.588 0.809 0. -156.686 0.809 0.588 0. 158.027 0. 0. -1. 0.
-0.556 0.831 0. -158.069 0.831 0.556 0. 160.212 0. 0. -1. 0.
-0.520 0.854 0. -159.286 0.854 0.520 0. 162.455 0. 0. -1. 0.
-0.486 0.874 0. -160.603 0.874 0.486 0. 164.723 0. 0. -1. 0.
-0.444 0.896 0. -161.735 0.896 0.444 0. 166.956 0. 0. -1. 0.
-0.400 0.916 0. -162.780 0.916 0.400 0. 169.374 0. 0. -1. 0.
-0.365 0.931 0. -163.718 0.931 0.365 0. 171.789 0. 0. -1. 0.
-0.320 0.947 0. -164.513 0.947 0.320 0. 174.274 0. 0. -1. 0.
-0.280 0.960 0. -165.023 0.960 0.280 0. 176.885 0. 0. -1. 0.
-0.242 0.970 0. -165.946 0.970 0.242 0. 179.282 0. 0. -1. 0.
-0.210 0.978 0. -166.273 0.978 0.210 0. 181.894 0. 0. -1. 0.
-0.182 0.983 0. -166.958 0.983 0.182 0. 184.495 0. 0. -1. 0.
-0.166 0.986 0. -167.022 0.986 0.166 0. 187.204 0. 0. -1. 0.
-0.159 0.987 0. -167.552 0.987 0.159 0. 189.821 0. 0. -1. 0.
-0.154 0.988 0. -167.696 0.988 0.154 0. 192.571 0. 0. -1. 0.
-0.152 0.988 0. -168.183 0.988 0.152 0. 195.206 0. 0. -1. 0.
-0.159 0.987 0. -168.540 0.987 0.159 0. 197.832 0. 0. -1. 0.
-0.174 0.985 0. -168.905 0.985 0.174 0. 200.523 0. 0. -1. 0.
-0.189 0.982 0. -169.356 0.982 0.189 0. 203.158 0. 0. -1. 0.
-0.213 0.977 0. -169.695 0.977 0.213 0. 205.684 0. 0. -1. 0.
-0.236 0.972 0. -170.457 0.972 0.236 0. 208.216 0. 0. -1. 0.
-0.276 0.961 0. -171.022 0.961 0.276 0. 210.700 0. 0. -1. 0.
-0.326 0.945 0. -171.753 0.945 0.326 0. 213.111 0. 0. -1. 0.
-0.379 0.925 0. -172.727 0.925 0.379 0. 215.511 0. 0. -1. 0.
-0.442 0.897 0. -173.554 0.897 0.442 0. 217.777 0. 0. -1. 0.
-0.516 0.857 0. -174.787 0.857 0.516 0. 219.970 0. 0. -1. 0.
-0.589 0.808 0. -176.152 0.808 0.589 0. 221.925 0. 0. -1. 0.
-0.659 0.753 0. -177.724 0.753 0.659 0. 223.697 0. 0. -1. 0.
-0.726 0.688 0. -179.473 0.688 0.726 0. 225.337 0. 0. -1. 0.
-0.785 0.619 0. -181.560 0.619 0.785 0. 226.798 0. 0. -1. 0.
-0.839 0.544 0. -183.322 0.544 0.839 0. 228.178 0. 0. -1. 0.
-0.880 0.476 0. -185.350 0.476 0.880 0. 229.357 0. 0. -1. 0.
-0.912 0.409 0. -187.421 0.409 0.912 0. 230.347 0. 0. -1. 0.
-0.937 0.350 0. -189.626 0.350 0.937 0. 231.184 0. 0. -1. 0.
-0.950 0.312 0. -191.818 0.312 0.950 0. 232.027 0. 0. -1. 0.
-0.958 0.288 0. -194.112 0.288 0.958 0. 232.852 0. 0. -1. 0.
-0.964 0.266 0. -196.496 0.266 0.964 0. 233.514 0. 0. -1. 0.
-0.967 0.253 0. -198.763 0.253 0.967 0. 234.222 0. 0. -1. 0.
-0.969 0.249 0. -201.203 0.249 0.969 0. 234.812 0. 0. -1. 0.
-0.969 0.247 0. -203.747 0.247 0.969 0. 235.473 0. 0. -1. 0.
-0.970 0.241 0. -206.349 0.241 0.970 0. 236.182 0. 0. -1. 0.
-0.970 0.244 0. -208.859 0.244 0.970 0. 236.948 0. 0. -1. 0.
-0.968 0.252 0. -211.444 0.252 0.968 0. 237.562 0. 0. -1. 0.
-0.967 0.254 0. -213.982 0.254 0.967 0. 238.419 0. 0. -1. 0.
-0.968 0.250 0. -216.542 0.250 0.968 0. 239.068 0. 0. -1. 0.
-0.969 0.247 0. -219.232 0.247 0.969 0. 239.674 0. 0. -1. 0.
-0.970 0.245 0. -221.785 0.245 0.970 0. 240.376 0. 0. -1. 0.
-0.970 0.242 0. -224.302 0.242 0.970 0. 241.057 0. 0. -1. 0.
-0.971 0.241 0. -226.958 0.241 0.971 0. 241.691 0. 0. -1. 0.
-0.971 0.239 0. -229.269 0.239 0.971 0. 242.336 0. 0. -1. 0.
-0.969 0.246 0. -231.583 0.246 0.969 0. 243.044 0. 0. -1. 0.
-0.967 0.256 0. -233.770 0.256 0.967 0. 243.583 0. 0. -1. 0.
-0.962 0.274 0. -235.933 0.274 0.962 0. 244.207 0. 0. -1. 0.
-0.956 0.292 0. -237.813 0.292 0.956 0. 244.788 0. 0. -1. 0.
-0.953 0.303 0. -239.715 0.303 0.953 0. 245.492 0. 0. -1. 0.
-0.947 0.321 0. -241.396 0.321 0.947 0. 246.055 0. 0. -1. 0.
-0.940 0.341 0. -243.068 0.341 0.940 0. 246.710 0. 0. -1. 0.
-0.932 0.362 0. -244.622 0.362 0.932 0. 247.321 0. 0. -1. 0.
-0.928 0.374 0. -246.010 0.374 0.928 0. 247.922 0. 0. -1. 0.
-0.926 0.376 0. -247.436 0.376 0.926 0. 248.518 0. 0. -1. 0.
-0.926 0.377 0. -248.707 0.377 0.926 0. 249.073 0. 0. -1. 0.
-0.925 0.381 0. -249.998 0.381 0.925 0. 249.524 0. 0. -1. 0.
-0.925 0.380 0. -251.030 0.380 0.925 0. 250.030 0. 0. -1. 0.
-0.925 0.381 0. -252.147 0.381 0.925 0. 250.464 0. 0. -1. 0.
-0.926 0.378 0. -253.108 0.378 0.926 0. 250.879 0. 0. -1. 0.
-0.923 0.386 0. -253.950 0.386 0.923 0. 251.361 0. 0. -1. 0.
-0.922 0.387 0. -254.699 0.387 0.922 0. 251.694 0. 0. -1. 0.
-0.919 0.394 0. -255.451 0.394 0.919 0. 252.001 0. 0. -1. 0.
-0.919 0.393 0. -255.968 0.393 0.919 0. 252.190 0. 0. -1. 0.
-0.919 0.394 0. -256.543 0.394 0.919 0. 252.581 0. 0. -1. 0.
-0.919 0.395 0. -256.908 0.395 0.919 0. 252.773 0. 0. -1. 0.
-0.917 0.399 0. -257.328 0.399 0.917 0. 252.919 0. 0. -1. 0.
-0.918 0.397 0. -257.632 0.397 0.918 0. 253.074 0. 0. -1. 0.
-0.919 0.394 0. -257.875 0.394 0.919 0. 253.182 0. 0. -1. 0.
-0.918 0.397 0. -258.219 0.397 0.918 0. 253.242 0. 0. -1. 0.
-0.918 0.397 0. -258.437 0.397 0.918 0. 253.421 0. 0. -1. 0.
-0.917 0.399 0. -258.764 0.399 0.917 0. 253.464 0. 0. -1. 0.
-0.917 0.399 0. -258.969 0.399 0.917 0. 253.608 0. 0. -1. 0.
-0.916 0.402 0. -259.279 0.402 0.916 0. 253.692 0. 0. -1. 0.
-0.914 0.405 0. -259.567 0.405 0.914 0. 253.678 0. 0. -1. 0.
-0.915 0.403 0. -259.833 0.403 0.915 0. 253.956 0. 0. -1. 0.
-0.912 0.411 0. -260.150 0.411 0.912 0. 254.127 0. 0. -1. 0.
-0.908 0.419 0. -260.471 0.419 0.908 0. 254.309 0. 0. -1. 0.
-0.908 0.419 0. -260.882 0.419 0.908 0. 254.453 0. 0. -1. 0.
-0.897 0.442 0. -261.490 0.442 0.897 0. 254.873 0. 0. -1. 0.
-0.886 0.463 0. -261.915 0.463 0.886 0. 254.985 0. 0. -1. 0.
-0.865 0.502 0. -262.524 0.502 0.865 0. 255.438 0. 0. -1. 0.
-0.837 0.547 0. -263.171 0.547 0.837 0. 255.905 0. 0. -1. 0.
-0.793 0.609 0. -263.690 0.609 0.793 0. 256.244 0. 0. -1. 0.
-0.742 0.670 0. -264.283 0.670 0.742 0. 256.812 0. 0. -1. 0.
-0.671 0.741 0. -264.824 0.741 0.671 0. 257.518 0. 0. -1. 0.
-0.587 0.810 0. -265.380 0.810 0.587 0. 258.269 0. 0. -1. 0.
-0.498 0.867 0. -265.795 0.867 0.498 0. 258.985 0. 0. -1. 0.
-0.411 0.912 0. -266.015 0.912 0.411 0. 260.048 0. 0. -1. 0.
-0.315 0.949 0. -266.426 0.949 0.315 0. 261.131 0. 0. -1. 0.
-0.232 0.973 0. -266.594 0.973 0.232 0. 262.249 0. 0. -1. 0.
-0.154 0.988 0. -266.755 0.988 0.154 0. 263.604 0. 0. -1. 0.
-0.083 0.997 0. -266.862 0.997 0.083 0. 265.000 0. 0. -1. 0.
-0.008 1. 0. -266.941 1. 0.008 0. 266.518 0. 0. -1. 0.
0.050 0.999 0. -266.758 0.999 -0.050 -0. 268.118 0. 0. -1. 0.
0.101 0.995 0. -266.560 0.995 -0.101 -0. 269.952 0. 0. -1. 0.
0.136 0.991 0. -266.195 0.991 -0.136 -0. 271.809 0. 0. -1. 0.
0.154 0.988 0. -265.818 0.988 -0.154 -0. 273.770 0. 0. -1. 0.
0.176 0.984 0. -265.484 0.984 -0.176 -0. 276.025 0. 0. -1. 0.
0.185 0.983 0. -264.965 0.983 -0.185 -0. 278.256 0. 0. -1. 0.
0.193 0.981 0. -264.495 0.981 -0.193 -0. 280.564 0. 0. -1. 0.
0.192 0.981 0. -263.997 0.981 -0.192 -0. 283.047 0. 0. -1. 0.
0.195 0.981 0. -263.490 0.981 -0.195 -0. 285.532 0. 0. -1. 0.
0.196 0.981 0. -262.876 0.981 -0.196 -0. 288.129 0. 0. -1. 0.
0.197 0.980 0. -262.218 0.980 -0.197 -0. 290.681 0. 0. -1. 0.
0.201 0.980 0. -261.721 0.980 -0.201 -0. 293.394 0. 0. -1. 0.
0.198 0.980 0. -261.088 0.980 -0.198 -0. 296.110 0. 0. -1. 0.
0.203 0.979 0. -260.468 0.979 -0.203 -0. 298.950 0. 0. -1. 0.
0.208 0.978 0. -259.755 0.978 -0.208 -0. 301.906 0. 0. -1. 0.
0.204 0.979 0. -259.098 0.979 -0.204 -0. 304.838 0. 0. -1. 0.
0.206 0.979 0. -258.415 0.979 -0.206 -0. 307.941 0. 0. -1. 0.
0.213 0.977 0. -257.716 0.977 -0.213 -0. 311.062 0. 0. -1. 0.
0.206 0.978 0. -256.939 0.978 -0.206 -0. 314.211 0. 0. -1. 0.
0.210 0.978 0. -256.249 0.978 -0.210 -0. 317.498 0. 0. -1. 0.
0.219 0.976 0. -255.453 0.976 -0.219 -0. 320.748 0. 0. -1. 0.
0.214 0.977 0. -254.633 0.977 -0.214 -0. 323.957 0. 0. -1. 0.
0.222 0.975 0. -253.854 0.975 -0.222 -0. 327.253 0. 0. -1. 0.
0.222 0.975 0. -253.107 0.975 -0.222 -0. 330.473 0. 0. -1. 0.
0.223 0.975 0. -252.221 0.975 -0.223 -0. 333.680 0. 0. -1. 0.
0.220 0.975 0. -251.474 0.975 -0.220 -0. 336.867 0. 0. -1. 0.
0.224 0.975 0. -250.725 0.975 -0.224 -0. 340.128 0. 0. -1. 0.
0.224 0.975 0. -249.842 0.975 -0.224 -0. 343.280 0. 0. -1. 0.
0.219 0.976 0. -249.110 0.976 -0.219 -0. 346.493 0. 0. -1. 0.
0.221 0.975 0. -248.334 0.975 -0.221 -0. 349.700 0. 0. -1. 0.
0.219 0.976 0. -247.476 0.976 -0.219 -0. 352.699 0. 0. -1. 0.
0.220 0.975 0. -246.845 0.975 -0.220 -0. 355.892 0. 0. -1. 0.
0.218 0.976 0. -245.974 0.976 -0.218 -0. 358.885 0. 0. -1. 0.
0.218 0.976 0. -245.329 0.976 -0.218 -0. 361.990 0. 0. -1. 0.
0.220 0.976 0. -244.557 0.976 -0.220 -0. 364.990 0. 0. -1. 0.
0.224 0.974 0. -243.934 0.974 -0.224 -0. 368.054 0. 0. -1. 0.
0.226 0.974 0. -243.203 0.974 -0.226 -0. 371.019 0. 0. -1. 0.
0.217 0.976 0. -242.376 0.976 -0.217 -0. 373.941 0. 0. -1. 0.
0.218 0.976 0. -241.701 0.976 -0.218 -0. 376.930 0. 0. -1. 0.
0.223 0.975 0. -241.003 0.975 -0.223 -0. 379.801 0. 0. -1. 0.
0.225 0.974 0. -240.246 0.974 -0.225 -0. 382.652 0. 0. -1. 0.
0.214 0.977 0. -239.531 0.977 -0.214 -0. 385.540 0. 0. -1. 0.
0.215 0.977 0. -238.922 0.977 -0.215 -0. 388.454 0. 0. -1. 0.
0.210 0.978 0. -238.177 0.978 -0.210 -0. 391.164 0. 0. -1. 0.
0.209 0.978 0. -237.570 0.978 -0.209 -0. 394.018 0. 0. -1. 0.
0.211 0.978 0. -236.975 0.978 -0.211 -0. 396.833 0. 0. -1. 0.
0.210 0.978 0. -236.431 0.978 -0.210 -0. 399.555 0. 0. -1. 0.
0.204 0.979 0. -235.727 0.979 -0.204 -0. 402.239 0. 0. -1. 0.
0.203 0.979 0. -235.101 0.979 -0.203 -0. 404.900 0. 0. -1. 0.
0.201 0.980 0. -234.474 0.980 -0.201 -0. 407.574 0. 0. -1. 0.
0.198 0.980 0. -233.914 0.980 -0.198 -0. 410.066 0. 0. -1. 0.
0.201 0.980 0. -233.419 0.980 -0.201 -0. 412.694 0. 0. -1. 0.
0.206 0.978 0. -232.841 0.978 -0.206 -0. 415.092 0. 0. -1. 0.
0.206 0.978 0. -232.310 0.978 -0.206 -0. 417.501 0. 0. -1. 0.
0.210 0.978 0. -231.764 0.978 -0.210 -0. 419.809 0. 0. -1. 0.
0.208 0.978 0. -231.131 0.978 -0.208 -0. 421.911 0. 0. -1. 0.
0.209 0.978 0. -230.757 0.978 -0.209 -0. 424.044 0. 0. -1. 0.
0.209 0.978 0. -230.250 0.978 -0.209 -0. 425.958 0. 0. -1. 0.
0.210 0.978 0. -229.885 0.978 -0.210 -0. 427.913 0. 0. -1. 0.
0.211 0.977 0. -229.446 0.977 -0.211 -0. 429.682 0. 0. -1. 0.
0.212 0.977 0. -229.043 0.977 -0.212 -0. 431.344 0. 0. -1. 0.
0.211 0.977 0. -228.757 0.977 -0.211 -0. 432.926 0. 0. -1. 0.
0.213 0.977 0. -228.353 0.977 -0.213 -0. 434.504 0. 0. -1. 0.
0.211 0.977 0. -227.928 0.977 -0.211 -0. 435.824 0. 0. -1. 0.
0.212 0.977 0. -227.759 0.977 -0.212 -0. 437.155 0. 0. -1. 0.
0.208 0.978 0. -227.354 0.978 -0.208 -0. 438.418 0. 0. -1. 0.
0.205 0.979 0. -227.153 0.979 -0.205 -0. 439.586 0. 0. -1. 0.
0.203 0.979 0. -226.825 0.979 -0.203 -0. 440.706 0. 0. -1. 0.
0.204 0.979 0. -226.667 0.979 -0.204 -0. 441.642 0. 0. -1. 0.
0.204 0.979 0. -226.424 0.979 -0.204 -0. 442.528 0. 0. -1. 0.
0.203 0.979 0. -226.315 0.979 -0.203 -0. 443.532 0. 0. -1. 0.
0.202 0.979 0. -226.062 0.979 -0.202 -0. 444.309 0. 0. -1. 0.
0.201 0.980 0. -225.756 0.980 -0.201 -0. 444.977 0. 0. -1. 0.
0.203 0.979 0. -225.676 0.979 -0.203 -0. 445.791 0. 0. -1. 0.
0.202 0.979 0. -225.480 0.979 -0.202 -0. 446.367 0. 0. -1. 0.
0.205 0.979 0. -225.410 0.979 -0.205 -0. 447.121 0. 0. -1. 0.
0.204 0.979 0. -225.250 0.979 -0.204 -0. 447.574 0. 0. -1. 0.
0.209 0.978 0. -225.240 0.978 -0.209 -0. 448.228 0. 0. -1. 0.
0.211 0.978 0. -225.060 0.978 -0.211 -0. 448.700 0. 0. -1. 0.
0.214 0.977 0. -224.946 0.977 -0.214 -0. 449.075 0. 0. -1. 0.
0.212 0.977 0. -224.876 0.977 -0.212 -0. 449.396 0. 0. -1. 0.
0.207 0.978 0. -224.782 0.978 -0.207 -0. 449.709 0. 0. -1. 0.
0.211 0.978 0. -224.625 0.978 -0.211 -0. 449.882 0. 0. -1. 0.
0.218 0.976 0. -224.648 0.976 -0.218 -0. 450.124 0. 0. -1. 0.
0.212 0.977 0. -224.610 0.977 -0.212 -0. 450.304 0. 0. -1. 0.
0.214 0.977 0. -224.562 0.977 -0.214 -0. 450.403 0. 0. -1. 0.
0.217 0.976 0. -224.609 0.976 -0.217 -0. 450.490 0. 0. -1. 0.
0.213 0.977 0. -224.531 0.977 -0.213 -0. 450.498 0. 0. -1. 0.
0.210 0.978 0. -224.548 0.978 -0.210 -0. 450.568 0. 0. -1. 0.
0.212 0.977 0. -224.563 0.977 -0.212 -0. 450.550 0. 0. -1. 0.
0.215 0.977 0. -224.642 0.977 -0.215 -0. 450.607 0. 0. -1. 0.
0.214 0.977 0. -224.596 0.977 -0.214 -0. 450.542 0. 0. -1. 0.
0.212 0.977 0. -224.648 0.977 -0.212 -0. 450.543 0. 0. -1. 0.
0.215 0.977 0. -224.612 0.977 -0.215 -0. 450.611 0. 0. -1. 0.
0.215 0.977 0. -224.607 0.977 -0.215 -0. 450.602 0. 0. -1. 0.
0.211 0.978 0. -224.563 0.978 -0.211 -0. 450.560 0. 0. -1. 0.
0.212 0.977 0. -224.625 0.977 -0.212 -0. 450.597 0. 0. -1. 0.
0.215 0.977 0. -224.604 0.977 -0.215 -0. 450.567 0. 0. -1. 0.
0.212 0.977 0. -224.541 0.977 -0.212 -0. 450.505 0. 0. -1. 0.
0.215 0.977 0. -224.660 0.977 -0.215 -0. 450.590 0. 0. -1. 0.
0.213 0.977 0. -224.719 0.977 -0.213 -0. 450.622 0. 0. -1. 0.
0.213 0.977 0. -224.679 0.977 -0.213 -0. 450.627 0. 0. -1. 0.
0.214 0.977 0. -224.531 0.977 -0.214 -0. 450.528 0. 0. -1. 0.
0.213 0.977 0. -224.560 0.977 -0.213 -0. 450.539 0. 0. -1. 0.
0.210 0.978 0. -224.552 0.978 -0.210 -0. 450.524 0. 0. -1. 0.
0.210 0.978 0. -224.607 0.978 -0.210 -0. 450.583 0. 0. -1. 0.
0.215 0.977 0. -224.703 0.977 -0.215 -0. 450.618 0. 0. -1. 0.
0.217 0.976 0. -224.625 0.976 -0.217 -0. 450.581 0. 0. -1. 0.
0.213 0.977 0. -224.524 0.977 -0.213 -0. 450.569 0. 0. -1. 0.
0.213 0.977 0. -224.583 0.977 -0.213 -0. 450.598 0. 0. -1. 0.
0.210 0.978 0. -224.591 0.978 -0.210 -0. 450.508 0. 0. -1. 0.
0.211 0.977 0. -224.624 0.977 -0.211 -0. 450.607 0. 0. -1. 0.
0.213 0.977 0. -224.680 0.977 -0.213 -0. 450.495 0. 0. -1. 0.
0.213 0.977 0. -224.617 0.977 -0.213 -0. 450.587 0. 0. -1. 0.
0.212 0.977 0. -224.631 0.977 -0.212 -0. 450.544 0. 0. -1. 0.
0.214 0.977 0. -224.620 0.977 -0.214 -0. 450.530 0. 0. -1. 0.
0.213 0.977 0. -224.552 0.977 -0.213 -0. 450.541 0. 0. -1. 0.
0.214 0.977 0. -224.668 0.977 -0.214 -0. 450.622 0. 0. -1. 0.
0.213 0.977 0. -224.659 0.977 -0.213 -0. 450.588 0. 0. -1. 0.
0.210 0.978 0. -224.532 0.978 -0.210 -0. 450.565 0. 0. -1. 0.
0.211 0.978 0. -224.630 0.978 -0.211 -0. 450.609 0. 0. -1. 0.
0.210 0.978 0. -224.584 0.978 -0.210 -0. 450.510 0. 0. -1. 0.
0.216 0.976 0. -224.622 0.976 -0.216 -0. 450.605 0. 0. -1. 0.
0.212 0.977 0. -224.549 0.977 -0.212 -0. 450.553 0. 0. -1. 0.
0.212 0.977 0. -224.638 0.977 -0.212 -0. 450.538 0. 0. -1. 0.
0.213 0.977 0. -224.632 0.977 -0.213 -0. 450.600 0. 0. -1. 0.
0.217 0.976 0. -224.635 0.976 -0.217 -0. 450.566 0. 0. -1. 0.
0.210 0.978 0. -224.577 0.978 -0.210 -0. 450.479 0. 0. -1. 0.
0.212 0.977 0. -224.620 0.977 -0.212 -0. 450.633 0. 0. -1. 0.
0.212 0.977 0. -224.535 0.977 -0.212 -0. 450.489 0. 0. -1. 0.
0.216 0.976 0. -224.641 0.976 -0.216 -0. 450.597 0. 0. -1. 0.
0.211 0.977 0. -224.546 0.977 -0.211 -0. 450.551 0. 0. -1. 0.
0.211 0.977 0. -224.580 0.977 -0.211 -0. 450.625 0. 0. -1. 0.
0.213 0.977 0. -224.705 0.977 -0.213 -0. 450.614 0. 0. -1. 0.
0.211 0.978 0. -224.607 0.978 -0.211 -0. 450.579 0. 0. -1. 0.
0.217 0.976 0. -224.631 0.976 -0.217 -0. 450.608 0. 0. -1. 0.
0.211 0.977 0. -224.557 0.977 -0.211 -0. 450.540 0. 0. -1. 0.
0.216 0.976 0. -224.617 0.976 -0.216 -0. 450.623 0. 0. -1. 0.
0.211 0.977 0. -224.564 0.977 -0.211 -0. 450.528 0. 0. -1. 0.
0.216 0.976 0. -224.630 0.976 -0.216 -0. 450.622 0. 0. -1. 0.
0.211 0.978 0. -224.473 0.978 -0.211 -0. 450.483 0. 0. -1. 0.
0.218 0.976 0. -224.600 0.976 -0.218 -0. 450.564 0. 0. -1. 0.
0.215 0.977 0. -224.600 0.977 -0.215 -0. 450.532 0. 0. -1. 0.
0.218 0.976 0. -224.618 0.976 -0.218 -0. 450.615 0. 0. -1. 0.
0.210 0.978 0. -224.510 0.978 -0.210 -0. 450.468 0. 0. -1. 0.
0.215 0.977 0. -224.611 0.977 -0.215 -0. 450.624 0. 0. -1. 0.
0.218 0.976 0. -224.602 0.976 -0.218 -0. 450.558 0. 0. -1. 0.
0.219 0.976 0. -224.594 0.976 -0.219 -0. 450.546 0. 0. -1. 0.
0.214 0.977 0. -224.556 0.977 -0.214 -0. 450.528 0. 0. -1. 0.
0.213 0.977 0. -224.558 0.977 -0.213 -0. 450.538 0. 0. -1. 0.
0.213 0.977 0. -224.559 0.977 -0.213 -0. 450.516 0. 0. -1. 0.
0.214 0.977 0. -224.609 0.977 -0.214 -0. 450.529 0. 0. -1. 0.
0.212 0.977 0. -224.617 0.977 -0.212 -0. 450.563 0. 0. -1. 0.
0.214 0.977 0. -224.623 0.977 -0.214 -0. 450.571 0. 0. -1. 0.
0.217 0.976 0. -224.617 0.976 -0.217 -0. 450.579 0. 0. -1. 0.
0.210 0.978 0. -224.587 0.978 -0.210 -0. 450.557 0. 0. -1. 0.
0.211 0.977 0. -224.584 0.977 -0.211 -0. 450.639 0. 0. -1. 0.
0.214 0.977 0. -224.601 0.977 -0.214 -0. 450.630 0. 0. -1. 0.
0.217 0.976 0. -224.560 0.976 -0.217 -0. 450.700 0. 0. -1. 0.
0.211 0.977 0. -224.511 0.977 -0.211 -0. 450.778 0. 0. -1. 0.
0.214 0.977 0. -224.567 0.977 -0.214 -0. 450.900 0. 0. -1. 0.
0.214 0.977 0. -224.526 0.977 -0.214 -0. 450.951 0. 0. -1. 0.
