1. 0. 0. 0. 0. -1. -0. 0. 0. 0. -1. 0.
1. -0.000 -0. 0.009 -0.000 -1. -0. 0.021 0. 0. -1. 0.
1. 0. 0. 0.002 0. -1. -0. 0.009 0. 0. -1. 0.
1. 0.003 0. 0.009 0.003 -1. -0. 0.011 0. 0. -1. 0.
1. 0.003 0. -0.026 0.003 -1. -0. -0.057 0. 0. -1. 0.
1. -0.001 -0. 0.003 -0.001 -1. -0. 0.013 0. 0. -1. 0.
1. 0.000 0. -0.030 0.000 -1. -0. -0.031 0. 0. -1. 0.
1. 0.012 0. -0.001 0.012 -1. -0. 0.005 0. 0. -1. 0.
1. 0.003 0. 0.021 0.003 -1. -0. 0.021 0. 0. -1. 0.
1. 0.005 0. -0.023 0.005 -1. -0. -0.019 0. 0. -1. 0.
1. 0.012 0. -0.005 0.012 -1. -0. 0.008 0. 0. -1. 0.
1. 0.007 0. -0.000 0.007 -1. -0. -0.020 0. 0. -1. 0.
1. 0.010 0. -0.006 0.010 -1. -0. -0.022 0. 0. -1. 0.
1. 0.001 0. 0.004 0.001 -1. -0. 0.016 0. 0. -1. 0.
1. 0.000 0. -0.006 0.000 -1. -0. -0.018 0. 0. -1. 0.
1. 0.002 0. 0.003 0.002 -1. -0. -0.005 0. 0. -1. 0.
1. 0.002 0. 0.023 0.002 -1. -0. 0.042 0. 0. -1. 0.
1. 0.001 0. -0.020 0.001 -1. -0. -0.060 0. 0. -1. 0.
1. 0.003 0. -0.029 0.003 -1. -0. -0.042 0. 0. -1. 0.
1. 0.000 0. 0.014 0.000 -1. -0. 0.017 0. 0. -1. 0.
1. -0.000 -0. -0.004 -0.000 -1. -0. 0.017 0. 0. -1. 0.
1. 0.003 0. -0.015 0.003 -1. -0. -0.009 0. 0. -1. 0.
1. 0.006 0. -0.001 0.006 -1. -0. 0.027 0. 0. -1. 0.
1. 0.002 0. 0.020 0.002 -1. -0. 0.042 0. 0. -1. 0.
1. 0.000 0. -0.035 0.000 -1. -0. -0.090 0. 0. -1. 0.
1. 0.011 0. -0.005 0.011 -1. -0. 0.010 0. 0. -1. 0.
1. 0.011 0. 0.009 0.011 -1. -0. 0.039 0. 0. -1. 0.
1. 0.010 0. 0.010 0.010 -1. -0. 0.000 0. 0. -1. 0.
1. 0.002 0. 0.001 0.002 -1. -0. 0.005 0. 0. -1. 0.
1. 0.003 0. -0.024 0.003 -1. -0. -0.019 0. 0. -1. 0.
1. -0.002 -0. 0.004 -0.002 -1. -0. 0.012 0. 0. -1. 0.
1. -0.001 -0. -0.004 -0.001 -1. -0. 0.004 0. 0. -1. 0.
1. -0.000 -0. 0.000 -0.000 -1. -0. 0.002 0. 0. -1. 0.
1. 0.002 0. -0.016 0.002 -1. -0. -0.057 0. 0. -1. 0.
1. 0.011 0. -0.002 0.011 -1. -0. 0.018 0. 0. -1. 0.
1. 0.012 0. 0.008 0.012 -1. -0. 0.031 0. 0. -1. 0.
1. -0.001 -0. 0.006 -0.001 -1. -0. 0.005 0. 0. -1. 0.
1. -0.003 -0. -0.011 -0.003 -1. -0. -0.038 0. 0. -1. 0.
1. -0.000 -0. 0.029 -0.000 -1. -0. -0.016 0. 0. -1. 0.
1. -0. -0. 0.079 -0. -1. -0. -0.014 0. 0. -1. 0.
1. 0.002 0. 0.122 0.002 -1. -0. -0.004 0. 0. -1. 0.
1. 0.001 0. 0.183 0.001 -1. -0. 0.003 0. 0. -1. 0.
1. -0.001 -0. 0.246 -0.001 -1. -0. 0.019 0. 0. -1. 0.
1. -0.005 -0. 0.373 -0.005 -1. -0. -0.028 0. 0. -1. 0.
1.000 -0.026 -0. 0.553 -0.026 -1.000 -0. -0.037 0. 0. -1. 0.
0.999 -0.047 -0. 0.740 -0.047 -0.999 -0. -0.046 0. 0. -1. 0.
0.997 -0.084 -0. 1.142 -0.084 -0.997 -0. -0.102 0. 0. -1. 0.
0.991 -0.131 -0. 1.571 -0.131 -0.991 -0. -0.103 0. 0. -1. 0.
0.984 -0.179 -0. 2.069 -0.179 -0.984 -0. -0.218 0. 0. -1. 0.
0.975 -0.221 -0. 2.535 -0.221 -0.975 -0. -0.586 0. 0. -1. 0.
0.967 -0.254 -0. 3.202 -0.254 -0.967 -0. -0.656 0. 0. -1. 0.
0.963 -0.270 -0. 3.871 -0.270 -0.963 -0. -0.967 0. 0. -1. 0.
0.960 -0.281 -0. 4.579 -0.281 -0.960 -0. -1.135 0. 0. -1. 0.
0.963 -0.268 -0. 5.346 -0.268 -0.963 -0. -1.388 0. 0. -1. 0.
0.970 -0.242 -0. 6.269 -0.242 -0.970 -0. -1.548 0. 0. -1. 0.
0.975 -0.222 -0. 7.162 -0.222 -0.975 -0. -1.750 0. 0. -1. 0.
0.979 -0.202 -0. 8.050 -0.202 -0.979 -0. -1.855 0. 0. -1. 0.
0.982 -0.189 -0. 9.054 -0.189 -0.982 -0. -2.041 0. 0. -1. 0.
0.985 -0.172 -0. 9.999 -0.172 -0.985 -0. -2.175 0. 0. -1. 0.
0.989 -0.151 -0. 11.007 -0.151 -0.989 -0. -2.416 0. 0. -1. 0.
0.990 -0.138 -0. 12.097 -0.138 -0.990 -0. -2.535 0. 0. -1. 0.
0.993 -0.121 -0. 13.183 -0.121 -0.993 -0. -2.698 0. 0. -1. 0.
0.995 -0.103 -0. 14.318 -0.103 -0.995 -0. -2.873 0. 0. -1. 0.
0.995 -0.096 -0. 15.530 -0.096 -0.995 -0. -2.896 0. 0. -1. 0.
0.996 -0.084 -0. 16.756 -0.084 -0.996 -0. -3.064 0. 0. -1. 0.
0.998 -0.070 -0. 18.027 -0.070 -0.998 -0. -3.275 0. 0. -1. 0.
0.998 -0.061 -0. 19.375 -0.061 -0.998 -0. -3.261 0. 0. -1. 0.
0.998 -0.055 -0. 20.723 -0.055 -0.998 -0. -3.306 0. 0. -1. 0.
0.999 -0.048 -0. 22.133 -0.048 -0.999 -0. -3.423 0. 0. -1. 0.
0.999 -0.043 -0. 23.647 -0.043 -0.999 -0. -3.514 0. 0. -1. 0.
0.999 -0.044 -0. 25.215 -0.044 -0.999 -0. -3.664 0. 0. -1. 0.
0.999 -0.044 -0. 26.780 -0.044 -0.999 -0. -3.623 0. 0. -1. 0.
0.999 -0.045 -0. 28.369 -0.045 -0.999 -0. -3.816 0. 0. -1. 0.
0.999 -0.045 -0. 30.068 -0.045 -0.999 -0. -3.877 0. 0. -1. 0.
0.999 -0.042 -0. 31.717 -0.042 -0.999 -0. -4.064 0. 0. -1. 0.
0.999 -0.040 -0. 33.606 -0.040 -0.999 -0. -4.191 0. 0. -1. 0.
0.999 -0.045 -0. 35.159 -0.045 -0.999 -0. -4.247 0. 0. -1. 0.
0.999 -0.042 -0. 36.904 -0.042 -0.999 -0. -4.344 0. 0. -1. 0.
1.000 -0.027 -0. 38.617 -0.027 -1.000 -0. -4.471 0. 0. -1. 0.
1.000 -0.026 -0. 40.450 -0.026 -1.000 -0. -4.490 0. 0. -1. 0.
1.000 -0.017 -0. 42.235 -0.017 -1.000 -0. -4.494 0. 0. -1. 0.
1. 0.002 0. 44.083 0.002 -1. -0. -4.609 0. 0. -1. 0.
1. 0.003 0. 45.930 0.003 -1. -0. -4.565 0. 0. -1. 0.
1. 0.011 0. 47.852 0.011 -1. -0. -4.621 0. 0. -1. 0.
1.000 0.017 0. 49.773 0.017 -1.000 -0. -4.641 0. 0. -1. 0.
1. 0.005 0. 51.698 0.005 -1. -0. -4.580 0. 0. -1. 0.
1. 0.009 0. 53.632 0.009 -1. -0. -4.647 0. 0. -1. 0.
1. 0.009 0. 55.610 0.009 -1. -0. -4.680 0. 0. -1. 0.
1. 0.011 0. 57.627 0.011 -1. -0. -4.703 0. 0. -1. 0.
1. 0.006 0. 59.663 0.006 -1. -0. -4.663 0. 0. -1. 0.
1. 0.006 0. 61.643 0.006 -1. -0. -4.773 0. 0. -1. 0.
1. 0.005 0. 63.676 0.005 -1. -0. -4.785 0. 0. -1. 0.
1. 0.003 0. 65.721 0.003 -1. -0. -4.761 0. 0. -1. 0.
1. -0.002 -0. 67.701 -0.002 -1. -0. -4.733 0. 0. -1. 0.
1. -0.006 -0. 69.652 -0.006 -1. -0. -4.781 0. 0. -1. 0.
1. -0.001 -0. 71.668 -0.001 -1. -0. -4.771 0. 0. -1. 0.
1. -0.001 -0. 73.695 -0.001 -1. -0. -4.781 0. 0. -1. 0.
1.000 -0.016 -0. 75.635 -0.016 -1.000 -0. -4.800 0. 0. -1. 0.
0.999 -0.032 -0. 77.638 -0.032 -0.999 -0. -4.869 0. 0. -1. 0.
0.999 -0.051 -0. 79.640 -0.051 -0.999 -0. -4.990 0. 0. -1. 0.
0.997 -0.074 -0. 81.578 -0.074 -0.997 -0. -5.181 0. 0. -1. 0.
0.995 -0.099 -0. 83.508 -0.099 -0.995 -0. -5.425 0. 0. -1. 0.
0.990 -0.139 -0. 85.510 -0.139 -0.990 -0. -5.637 0. 0. -1. 0.
0.986 -0.166 -0. 87.315 -0.166 -0.986 -0. -6.004 0. 0. -1. 0.
0.978 -0.209 -0. 89.296 -0.209 -0.978 -0. -6.360 0. 0. -1. 0.
0.967 -0.255 -0. 91.078 -0.255 -0.967 -0. -6.894 0. 0. -1. 0.
0.953 -0.303 -0. 92.938 -0.303 -0.953 -0. -7.509 0. 0. -1. 0.
0.940 -0.340 -0. 94.611 -0.340 -0.940 -0. -8.126 0. 0. -1. 0.
0.922 -0.387 -0. 96.406 -0.387 -0.922 -0. -8.768 0. 0. -1. 0.
0.906 -0.424 -0. 98.096 -0.424 -0.906 -0. -9.564 0. 0. -1. 0.
0.881 -0.474 -0. 99.732 -0.474 -0.881 -0. -10.376 0. 0. -1. 0.
0.854 -0.521 -0. 101.308 -0.521 -0.854 -0. -11.399 0. 0. -1. 0.
0.819 -0.574 -0. 102.847 -0.574 -0.819 -0. -12.463 0. 0. -1. 0.
0.779 -0.626 -0. 104.249 -0.626 -0.779 -0. -13.665 0. 0. -1. 0.
0.728 -0.685 -0. 105.620 -0.685 -0.728 -0. -14.797 0. 0. -1. 0.
0.675 -0.738 -0. 106.778 -0.738 -0.675 -0. -16.246 0. 0. -1. 0.
0.609 -0.793 -0. 107.929 -0.793 -0.609 -0. -17.567 0. 0. -1. 0.
0.549 -0.836 -0. 108.899 -0.836 -0.549 -0. -19.097 0. 0. -1. 0.
0.497 -0.868 -0. 109.561 -0.868 -0.497 -0. -20.788 0. 0. -1. 0.
0.452 -0.892 -0. 110.340 -0.892 -0.452 -0. -22.485 0. 0. -1. 0.
0.419 -0.908 -0. 111.354 -0.908 -0.419 -0. -24.108 0. 0. -1. 0.
0.397 -0.918 -0. 112.026 -0.918 -0.397 -0. -25.779 0. 0. -1. 0.
0.381 -0.925 -0. 112.747 -0.925 -0.381 -0. -27.575 0. 0. -1. 0.
0.378 -0.926 -0. 113.470 -0.926 -0.378 -0. -29.462 0. 0. -1. 0.
0.374 -0.928 -0. 114.076 -0.928 -0.374 -0. -31.373 0. 0. -1. 0.
0.375 -0.927 -0. 114.876 -0.927 -0.375 -0. -33.281 0. 0. -1. 0.
0.371 -0.928 -0. 115.761 -0.928 -0.371 -0. -35.234 0. 0. -1. 0.
0.382 -0.924 -0. 116.540 -0.924 -0.382 -0. -37.227 0. 0. -1. 0.
0.390 -0.921 -0. 117.258 -0.921 -0.390 -0. -39.213 0. 0. -1. 0.
0.401 -0.916 -0. 118.178 -0.916 -0.401 -0. -41.211 0. 0. -1. 0.
0.417 -0.909 -0. 118.996 -0.909 -0.417 -0. -43.183 0. 0. -1. 0.
0.435 -0.900 -0. 119.955 -0.900 -0.435 -0. -45.087 0. 0. -1. 0.
0.455 -0.891 -0. 120.823 -0.891 -0.455 -0. -46.981 0. 0. -1. 0.
0.464 -0.886 -0. 121.795 -0.886 -0.464 -0. -48.910 0. 0. -1. 0.
0.484 -0.875 -0. 122.625 -0.875 -0.484 -0. -50.667 0. 0. -1. 0.
0.502 -0.865 -0. 123.735 -0.865 -0.502 -0. -52.504 0. 0. -1. 0.
0.517 -0.856 -0. 124.741 -0.856 -0.517 -0. -54.274 0. 0. -1. 0.
0.529 -0.849 -0. 125.827 -0.849 -0.529 -0. -55.983 0. 0. -1. 0.
0.546 -0.838 -0. 126.945 -0.838 -0.546 -0. -57.690 0. 0. -1. 0.
0.559 -0.829 -0. 127.931 -0.829 -0.559 -0. -59.305 0. 0. -1. 0.
0.570 -0.822 -0. 129.178 -0.822 -0.570 -0. -61.110 0. 0. -1. 0.
0.582 -0.813 -0. 130.214 -0.813 -0.582 -0. -62.541 0. 0. -1. 0.
0.605 -0.796 -0. 131.204 -0.796 -0.605 -0. -64.026 0. 0. -1. 0.
0.621 -0.784 -0. 132.349 -0.784 -0.621 -0. -65.433 0. 0. -1. 0.
0.652 -0.758 -0. 133.462 -0.758 -0.652 -0. -66.747 0. 0. -1. 0.
0.673 -0.740 -0. 134.560 -0.740 -0.673 -0. -67.923 0. 0. -1. 0.
0.709 -0.705 -0. 135.650 -0.705 -0.709 -0. -68.968 0. 0. -1. 0.
0.753 -0.658 -0. 136.711 -0.658 -0.753 -0. -69.942 0. 0. -1. 0.
0.810 -0.587 -0. 137.841 -0.587 -0.810 -0. -70.862 0. 0. -1. 0.
0.861 -0.509 -0. 138.929 -0.509 -0.861 -0. -71.438 0. 0. -1. 0.
0.912 -0.410 -0. 140.020 -0.410 -0.912 -0. -72.091 0. 0. -1. 0.
0.954 -0.299 -0. 141.003 -0.299 -0.954 -0. -72.341 0. 0. -1. 0.
0.987 -0.163 -0. 141.920 -0.163 -0.987 -0. -72.569 0. 0. -1. 0.
1. -0.007 -0. 142.851 -0.007 -1. -0. -72.519 0. 0. -1. 0.
0.986 0.165 0. 143.737 0.165 -0.986 -0. -72.393 0. 0. -1. 0.
0.940 0.340 0. 144.619 0.340 -0.940 -0. -72.025 0. 0. -1. 0.
0.854 0.519 0. 145.200 0.519 -0.854 -0. -71.510 0. 0. -1. 0.
0.741 0.671 0. 145.809 0.671 -0.741 -0. -70.867 0. 0. -1. 0.
0.601 0.799 0. 146.288 0.799 -0.601 -0. -70.114 0. 0. -1. 0.
0.448 0.894 0. 146.579 0.894 -0.448 -0. -69.326 0. 0. -1. 0.
0.277 0.961 0. 146.766 0.961 -0.277 -0. -68.521 0. 0. -1. 0.
0.090 0.996 0. 146.796 0.996 -0.090 -0. -67.689 0. 0. -1. 0.
-0.102 0.995 0. 146.680 0.995 0.102 0. -66.853 0. 0. -1. 0.
-0.297 0.955 0. 146.370 0.955 0.297 0. -66.028 0. 0. -1. 0.
-0.488 0.873 0. 145.837 0.873 0.488 0. -65.202 0. 0. -1. 0.
-0.653 0.758 0. 145.179 0.758 0.653 0. -64.415 0. 0. -1. 0.
-0.770 0.638 0. 144.293 0.638 0.770 0. -63.767 0. 0. -1. 0.
-0.848 0.530 0. 143.377 0.530 0.848 0. -63.262 0. 0. -1. 0.
-0.895 0.446 0. 142.200 0.446 0.895 0. -62.618 0. 0. -1. 0.
-0.918 0.396 0. 140.947 0.396 0.918 0. -62.299 0. 0. -1. 0.
-0.928 0.373 0. 139.825 0.373 0.928 0. -61.809 0. 0. -1. 0.
-0.929 0.371 0. 138.417 0.371 0.929 0. -61.340 0. 0. -1. 0.
-0.918 0.396 0. 137.154 0.396 0.918 0. -60.730 0. 0. -1. 0.
-0.902 0.432 0. 135.813 0.432 0.902 0. -60.217 0. 0. -1. 0.
-0.881 0.473 0. 134.512 0.473 0.881 0. -59.352 0. 0. -1. 0.
-0.853 0.521 0. 133.097 0.521 0.853 0. -58.523 0. 0. -1. 0.
-0.819 0.574 0. 131.818 0.574 0.819 0. -57.514 0. 0. -1. 0.
-0.783 0.622 0. 130.417 0.622 0.783 0. -56.469 0. 0. -1. 0.
-0.749 0.663 0. 129.099 0.663 0.749 0. -55.291 0. 0. -1. 0.
-0.712 0.703 0. 127.770 0.703 0.712 0. -53.950 0. 0. -1. 0.
-0.679 0.734 0. 126.529 0.734 0.679 0. -52.486 0. 0. -1. 0.
-0.637 0.771 0. 125.322 0.771 0.637 0. -50.937 0. 0. -1. 0.
-0.594 0.805 0. 124.123 0.805 0.594 0. -49.441 0. 0. -1. 0.
-0.549 0.836 0. 123.057 0.836 0.549 0. -47.707 0. 0. -1. 0.
-0.503 0.864 0. 122.002 0.864 0.503 0. -46.052 0. 0. -1. 0.
-0.466 0.885 0. 121.082 0.885 0.466 0. -44.222 0. 0. -1. 0.
-0.432 0.902 0. 120.145 0.902 0.432 0. -42.298 0. 0. -1. 0.
-0.408 0.913 0. 119.463 0.913 0.408 0. -40.398 0. 0. -1. 0.
-0.390 0.921 0. 118.621 0.921 0.390 0. -38.349 0. 0. -1. 0.
-0.374 0.928 0. 118.002 0.928 0.374 0. -36.363 0. 0. -1. 0.
-0.357 0.934 0. 117.228 0.934 0.357 0. -34.394 0. 0. -1. 0.
-0.342 0.940 0. 116.486 0.940 0.342 0. -32.370 0. 0. -1. 0.
-0.336 0.942 0. 115.722 0.942 0.336 0. -30.382 0. 0. -1. 0.
-0.337 0.941 0. 115.029 0.941 0.337 0. -28.348 0. 0. -1. 0.
-0.345 0.939 0. 114.393 0.939 0.345 0. -26.384 0. 0. -1. 0.
-0.373 0.928 0. 113.766 0.928 0.373 0. -24.392 0. 0. -1. 0.
-0.404 0.915 0. 112.894 0.915 0.404 0. -22.525 0. 0. -1. 0.
-0.451 0.893 0. 112.176 0.893 0.451 0. -20.612 0. 0. -1. 0.
-0.498 0.867 0. 111.235 0.867 0.498 0. -18.786 0. 0. -1. 0.
-0.547 0.837 0. 110.080 0.837 0.547 0. -17.168 0. 0. -1. 0.
-0.606 0.796 0. 109.191 0.796 0.606 0. -15.526 0. 0. -1. 0.
-0.667 0.745 0. 107.918 0.745 0.667 0. -13.961 0. 0. -1. 0.
-0.721 0.693 0. 106.381 0.693 0.721 0. -12.586 0. 0. -1. 0.
-0.774 0.633 0. 105.078 0.633 0.774 0. -11.175 0. 0. -1. 0.
-0.815 0.579 0. 103.431 0.579 0.815 0. -10.094 0. 0. -1. 0.
-0.859 0.512 0. 102.083 0.512 0.859 0. -8.999 0. 0. -1. 0.
-0.891 0.454 0. 100.186 0.454 0.891 0. -8.217 0. 0. -1. 0.
-0.925 0.381 0. 98.350 0.381 0.925 0. -7.363 0. 0. -1. 0.
-0.945 0.326 0. 96.484 0.326 0.945 0. -6.722 0. 0. -1. 0.
-0.964 0.268 0. 94.516 0.268 0.964 0. -6.133 0. 0. -1. 0.
-0.978 0.209 0. 92.558 0.209 0.978 0. -5.652 0. 0. -1. 0.
-0.986 0.166 0. 90.480 0.166 0.986 0. -5.268 0. 0. -1. 0.
-0.991 0.130 0. 88.313 0.130 0.991 0. -4.885 0. 0. -1. 0.
-0.996 0.094 0. 86.079 0.094 0.996 0. -4.731 0. 0. -1. 0.
-0.998 0.069 0. 83.869 0.069 0.998 0. -4.482 0. 0. -1. 0.
-0.999 0.053 0. 81.519 0.053 0.999 0. -4.297 0. 0. -1. 0.
-0.999 0.035 0. 79.198 0.035 0.999 0. -4.169 0. 0. -1. 0.
-1.000 0.022 0. 76.937 0.022 1.000 0. -4.136 0. 0. -1. 0.
-1.000 0.019 0. 74.526 0.019 1.000 0. -4.019 0. 0. -1. 0.
-1.000 0.016 0. 72.117 0.016 1.000 0. -3.965 0. 0. -1. 0.
-1. 0.010 0. 69.683 0.010 1. 0. -3.899 0. 0. -1. 0.
-1. 0.002 0. 67.321 0.002 1. 0. -3.715 0. 0. -1. 0.
-1. 0.007 0. 65.054 0.007 1. 0. -3.784 0. 0. -1. 0.
-1. -0.001 -0. 62.657 -0.001 1. 0. -3.734 0. 0. -1. 0.
-1. -0.011 -0. 60.438 -0.011 1. 0. -3.659 0. 0. -1. 0.
-1.000 -0.019 -0. 58.002 -0.019 1.000 0. -3.642 0. 0. -1. 0.
-0.999 -0.033 -0. 55.803 -0.033 0.999 0. -3.725 0. 0. -1. 0.
-0.999 -0.045 -0. 53.594 -0.045 0.999 0. -3.806 0. 0. -1. 0.
-0.999 -0.051 -0. 51.331 -0.051 0.999 0. -3.868 0. 0. -1. 0.
-0.999 -0.050 -0. 49.165 -0.050 0.999 0. -3.847 0. 0. -1. 0.
-0.999 -0.042 -0. 46.975 -0.042 0.999 0. -4.048 0. 0. -1. 0.
-1.000 -0.023 -0. 44.834 -0.023 1.000 0. -4.075 0. 0. -1. 0.
-1. 0.009 0. 42.665 0.009 1. 0. -4.030 0. 0. -1. 0.
-1.000 0.031 0. 40.572 0.031 1.000 0. -3.971 0. 0. -1. 0.
-0.998 0.058 0. 38.508 0.058 0.998 0. -3.707 0. 0. -1. 0.
-0.997 0.080 0. 36.351 0.080 0.997 0. -3.549 0. 0. -1. 0.
-0.995 0.096 0. 34.378 0.096 0.995 0. -3.255 0. 0. -1. 0.
-0.994 0.112 0. 32.316 0.112 0.994 0. -3.009 0. 0. -1. 0.
-0.994 0.110 0. 30.258 0.110 0.994 0. -2.647 0. 0. -1. 0.
-0.994 0.111 0. 28.192 0.111 0.994 0. -2.476 0. 0. -1. 0.
-0.994 0.109 0. 26.140 0.109 0.994 0. -2.201 0. 0. -1. 0.
-0.994 0.108 0. 24.102 0.108 0.994 0. -1.925 0. 0. -1. 0.
-0.994 0.109 0. 22.018 0.109 0.994 0. -1.633 0. 0. -1. 0.
-0.994 0.107 0. 20.003 0.107 0.994 0. -1.356 0. 0. -1. 0.
-0.994 0.106 0. 17.949 0.106 0.994 0. -1.162 0. 0. -1. 0.
-0.994 0.107 0. 15.919 0.107 0.994 0. -1.048 0. 0. -1. 0.
-0.995 0.101 0. 13.790 0.101 0.995 0. -0.690 0. 0. -1. 0.
-0.994 0.106 0. 11.779 0.106 0.994 0. -0.450 0. 0. -1. 0.
-0.996 0.090 0. 9.661 0.090 0.996 0. -0.275 0. 0. -1. 0.
-0.996 0.090 0. 7.596 0.090 0.996 0. -0.073 0. 0. -1. 0.
-0.996 0.091 0. 5.548 0.091 0.996 0. 0.192 0. 0. -1. 0.
-0.997 0.078 0. 3.528 0.078 0.997 0. 0.432 0. 0. -1. 0.
-0.997 0.082 0. 1.440 0.082 0.997 0. 0.520 0. 0. -1. 0.
-0.997 0.072 0. -0.601 0.072 0.997 0. 0.840 0. 0. -1. 0.
-0.998 0.067 0. -2.705 0.067 0.998 0. 0.972 0. 0. -1. 0.
-0.997 0.075 0. -4.817 0.075 0.997 0. 1.183 0. 0. -1. 0.
-0.997 0.073 0. -7.048 0.073 0.997 0. 1.444 0. 0. -1. 0.
-0.998 0.068 0. -9.279 0.068 0.998 0. 1.680 0. 0. -1. 0.
-0.998 0.062 0. -11.561 0.062 0.998 0. 1.787 0. 0. -1. 0.
-0.998 0.058 0. -13.918 0.058 0.998 0. 1.756 0. 0. -1. 0.
-0.998 0.059 0. -16.108 0.059 0.998 0. 1.955 0. 0. -1. 0.
-0.999 0.051 0. -18.468 0.051 0.999 0. 2.249 0. 0. -1. 0.
-0.998 0.055 0. -20.811 0.055 0.998 0. 2.416 0. 0. -1. 0.
-0.998 0.056 0. -23.060 0.056 0.998 0. 2.532 0. 0. -1. 0.
-0.999 0.046 0. -25.421 0.046 0.999 0. 2.715 0. 0. -1. 0.
-0.999 0.043 0. -27.859 0.043 0.999 0. 2.783 0. 0. -1. 0.
-0.999 0.037 0. -29.956 0.037 0.999 0. 2.844 0. 0. -1. 0.
-0.999 0.036 0. -32.398 0.036 0.999 0. 2.896 0. 0. -1. 0.
-0.999 0.033 0. -34.612 0.033 0.999 0. 3.082 0. 0. -1. 0.
-1.000 0.029 0. -36.914 0.029 1.000 0. 3.292 0. 0. -1. 0.
-1.000 0.021 0. -39.158 0.021 1.000 0. 3.268 0. 0. -1. 0.
-1.000 0.027 0. -41.392 0.027 1.000 0. 3.304 0. 0. -1. 0.
-1.000 0.017 0. -43.471 0.017 1.000 0. 3.393 0. 0. -1. 0.
-1.000 0.019 0. -45.679 0.019 1.000 0. 3.457 0. 0. -1. 0.
-1. 0.012 0. -47.705 0.012 1. 0. 3.565 0. 0. -1. 0.
-1.000 0.015 0. -49.626 0.015 1.000 0. 3.674 0. 0. -1. 0.
-1.000 0.025 0. -51.544 0.025 1.000 0. 3.615 0. 0. -1. 0.
-1.000 0.023 0. -53.391 0.023 1.000 0. 3.782 0. 0. -1. 0.
-0.999 0.036 0. -55.107 0.036 0.999 0. 3.916 0. 0. -1. 0.
-0.998 0.059 0. -56.806 0.059 0.998 0. 3.901 0. 0. -1. 0.
-0.996 0.087 0. -58.303 0.087 0.996 0. 4.053 0. 0. -1. 0.
-0.994 0.113 0. -59.750 0.113 0.994 0. 4.315 0. 0. -1. 0.
-0.988 0.156 0. -61.108 0.156 0.988 0. 4.536 0. 0. -1. 0.
-0.979 0.204 0. -62.389 0.204 0.979 0. 4.804 0. 0. -1. 0.
-0.960 0.278 0. -63.429 0.278 0.960 0. 5.207 0. 0. -1. 0.
-0.938 0.346 0. -64.509 0.346 0.938 0. 5.513 0. 0. -1. 0.
-0.905 0.425 0. -65.609 0.425 0.905 0. 6.072 0. 0. -1. 0.
-0.852 0.523 0. -66.492 0.523 0.852 0. 6.804 0. 0. -1. 0.
-0.785 0.619 0. -67.261 0.619 0.785 0. 7.413 0. 0. -1. 0.
-0.715 0.699 0. -68.018 0.699 0.715 0. 8.214 0. 0. -1. 0.
-0.637 0.771 0. -68.626 0.771 0.637 0. 9.084 0. 0. -1. 0.
-0.545 0.838 0. -69.201 0.838 0.545 0. 9.991 0. 0. -1. 0.
-0.448 0.894 0. -69.712 0.894 0.448 0. 10.962 0. 0. -1. 0.
-0.356 0.935 0. -70.023 0.935 0.356 0. 12.010 0. 0. -1. 0.
-0.265 0.964 0. -70.339 0.964 0.265 0. 13.190 0. 0. -1. 0.
-0.174 0.985 0. -70.554 0.985 0.174 0. 14.307 0. 0. -1. 0.
-0.120 0.993 0. -70.622 0.993 0.120 0. 15.576 0. 0. -1. 0.
-0.086 0.996 0. -70.747 0.996 0.086 0. 16.911 0. 0. -1. 0.
-0.059 0.998 0. -70.730 0.998 0.059 0. 18.376 0. 0. -1. 0.
-0.048 0.999 0. -70.800 0.999 0.048 0. 19.807 0. 0. -1. 0.
-0.032 0.999 0. -70.720 0.999 0.032 0. 21.313 0. 0. -1. 0.
-0.024 1.000 0. -70.845 1.000 0.024 0. 22.903 0. 0. -1. 0.
-0.008 1. 0. -70.963 1. 0.008 0. 24.514 0. 0. -1. 0.
-0.002 1. 0. -70.858 1. 0.002 0. 26.242 0. 0. -1. 0.
0.014 1. 0. -70.764 1. -0.014 -0. 28.016 0. 0. -1. 0.
0.028 1.000 0. -70.550 1.000 -0.028 -0. 29.800 0. 0. -1. 0.
0.053 0.999 0. -70.652 0.999 -0.053 -0. 31.543 0. 0. -1. 0.
0.066 0.998 0. -70.404 0.998 -0.066 -0. 33.327 0. 0. -1. 0.
0.086 0.996 0. -70.227 0.996 -0.086 -0. 35.071 0. 0. -1. 0.
0.114 0.994 0. -70.029 0.994 -0.114 -0. 36.906 0. 0. -1. 0.
0.153 0.988 0. -69.756 0.988 -0.153 -0. 38.593 0. 0. -1. 0.
0.188 0.982 0. -69.458 0.982 -0.188 -0. 40.366 0. 0. -1. 0.
0.200 0.980 0. -68.989 0.980 -0.200 -0. 42.073 0. 0. -1. 0.
0.211 0.978 0. -68.385 0.978 -0.211 -0. 43.780 0. 0. -1. 0.
0.205 0.979 0. -68.049 0.979 -0.205 -0. 45.505 0. 0. -1. 0.
0.194 0.981 0. -67.659 0.981 -0.194 -0. 47.244 0. 0. -1. 0.
0.163 0.987 0. -67.327 0.987 -0.163 -0. 49.140 0. 0. -1. 0.
0.141 0.990 0. -67.036 0.990 -0.141 -0. 50.912 0. 0. -1. 0.
0.114 0.993 0. -66.854 0.993 -0.114 -0. 52.730 0. 0. -1. 0.
0.079 0.997 0. -66.621 0.997 -0.079 -0. 54.673 0. 0. -1. 0.
0.053 0.999 0. -66.484 0.999 -0.053 -0. 56.649 0. 0. -1. 0.
0.038 0.999 0. -66.449 0.999 -0.038 -0. 58.770 0. 0. -1. 0.
0.033 0.999 0. -66.278 0.999 -0.033 -0. 60.757 0. 0. -1. 0.
0.026 1.000 0. -66.215 1.000 -0.026 -0. 62.836 0. 0. -1. 0.
0.023 1.000 0. -66.075 1.000 -0.023 -0. 64.876 0. 0. -1. 0.
0.026 1.000 0. -66.073 1.000 -0.026 -0. 66.955 0. 0. -1. 0.
0.029 1.000 0. -66.000 1.000 -0.029 -0. 68.932 0. 0. -1. 0.
0.031 1.000 0. -65.866 1.000 -0.031 -0. 70.953 0. 0. -1. 0.
0.026 1.000 0. -65.695 1.000 -0.026 -0. 72.948 0. 0. -1. 0.
0.026 1.000 0. -65.682 1.000 -0.026 -0. 74.901 0. 0. -1. 0.
0.035 0.999 0. -65.580 0.999 -0.035 -0. 76.754 0. 0. -1. 0.
0.025 1.000 0. -65.467 1.000 -0.025 -0. 78.462 0. 0. -1. 0.
0.010 1. 0. -65.293 1. -0.010 -0. 80.312 0. 0. -1. 0.
-0.008 1. 0. -65.265 1. 0.008 0. 81.891 0. 0. -1. 0.
-0.036 0.999 0. -65.463 0.999 0.036 0. 83.506 0. 0. -1. 0.
-0.065 0.998 0. -65.465 0.998 0.065 0. 85.094 0. 0. -1. 0.
-0.119 0.993 0. -65.638 0.993 0.119 0. 86.482 0. 0. -1. 0.
-0.186 0.982 0. -65.807 0.982 0.186 0. 87.960 0. 0. -1. 0.
-0.260 0.966 0. -66.192 0.966 0.260 0. 89.400 0. 0. -1. 0.
-0.343 0.939 0. -66.635 0.939 0.343 0. 90.720 0. 0. -1. 0.
-0.432 0.902 0. -67.172 0.902 0.432 0. 91.948 0. 0. -1. 0.
-0.517 0.856 0. -67.810 0.856 0.517 0. 93.182 0. 0. -1. 0.
-0.595 0.804 0. -68.585 0.804 0.595 0. 94.404 0. 0. -1. 0.
-0.667 0.745 0. -69.470 0.745 0.667 0. 95.303 0. 0. -1. 0.
-0.743 0.670 0. -70.519 0.670 0.743 0. 96.247 0. 0. -1. 0.
-0.802 0.597 0. -71.669 0.597 0.802 0. 97.171 0. 0. -1. 0.
-0.861 0.509 0. -72.866 0.509 0.861 0. 97.886 0. 0. -1. 0.
-0.907 0.420 0. -74.319 0.420 0.907 0. 98.548 0. 0. -1. 0.
-0.942 0.337 0. -75.739 0.337 0.942 0. 99.068 0. 0. -1. 0.
-0.963 0.269 0. -77.253 0.269 0.963 0. 99.515 0. 0. -1. 0.
-0.976 0.220 0. -78.801 0.220 0.976 0. 99.824 0. 0. -1. 0.
-0.983 0.184 0. -80.322 0.184 0.983 0. 100.278 0. 0. -1. 0.
-0.985 0.173 0. -81.969 0.173 0.985 0. 100.436 0. 0. -1. 0.
-0.979 0.203 0. -83.425 0.203 0.979 0. 100.794 0. 0. -1. 0.
-0.969 0.247 0. -85.048 0.247 0.969 0. 101.174 0. 0. -1. 0.
-0.956 0.294 0. -86.571 0.294 0.956 0. 101.696 0. 0. -1. 0.
-0.943 0.333 0. -88.123 0.333 0.943 0. 102.322 0. 0. -1. 0.
-0.927 0.376 0. -89.727 0.376 0.927 0. 102.978 0. 0. -1. 0.
-0.906 0.423 0. -91.270 0.423 0.906 0. 103.661 0. 0. -1. 0.
-0.879 0.476 0. -92.843 0.476 0.879 0. 104.574 0. 0. -1. 0.
-0.850 0.527 0. -94.325 0.527 0.850 0. 105.544 0. 0. -1. 0.
-0.813 0.582 0. -95.778 0.582 0.813 0. 106.627 0. 0. -1. 0.
-0.779 0.627 0. -97.241 0.627 0.779 0. 107.860 0. 0. -1. 0.
-0.744 0.668 0. -98.592 0.668 0.744 0. 109.075 0. 0. -1. 0.
-0.716 0.698 0. -100.003 0.698 0.716 0. 110.323 0. 0. -1. 0.
-0.695 0.719 0. -101.361 0.719 0.695 0. 111.644 0. 0. -1. 0.
-0.686 0.727 0. -102.643 0.727 0.686 0. 113.125 0. 0. -1. 0.
-0.687 0.727 0. -103.969 0.727 0.687 0. 114.669 0. 0. -1. 0.
-0.687 0.727 0. -105.358 0.727 0.687 0. 116.189 0. 0. -1. 0.
-0.683 0.731 0. -106.884 0.731 0.683 0. 117.588 0. 0. -1. 0.
-0.684 0.729 0. -108.297 0.729 0.684 0. 119.202 0. 0. -1. 0.
-0.689 0.724 0. -109.679 0.724 0.689 0. 121.017 0. 0. -1. 0.
-0.690 0.724 0. -111.067 0.724 0.690 0. 122.789 0. 0. -1. 0.
-0.686 0.728 0. -112.810 0.728 0.686 0. 124.240 0. 0. -1. 0.
-0.692 0.721 0. -114.354 0.721 0.692 0. 125.945 0. 0. -1. 0.
-0.694 0.720 0. -115.963 0.720 0.694 0. 127.727 0. 0. -1. 0.
-0.693 0.721 0. -117.558 0.721 0.693 0. 129.537 0. 0. -1. 0.
-0.693 0.721 0. -119.206 0.721 0.693 0. 131.320 0. 0. -1. 0.
-0.692 0.722 0. -120.830 0.722 0.692 0. 133.134 0. 0. -1. 0.
-0.693 0.721 0. -122.627 0.721 0.693 0. 135.009 0. 0. -1. 0.
-0.690 0.724 0. -124.255 0.724 0.690 0. 136.965 0. 0. -1. 0.
-0.684 0.730 0. -126.113 0.730 0.684 0. 138.811 0. 0. -1. 0.
-0.687 0.727 0. -127.825 0.727 0.687 0. 140.787 0. 0. -1. 0.
-0.680 0.733 0. -129.504 0.733 0.680 0. 142.728 0. 0. -1. 0.
-0.686 0.728 0. -131.225 0.728 0.686 0. 144.691 0. 0. -1. 0.
-0.681 0.732 0. -132.999 0.732 0.681 0. 146.633 0. 0. -1. 0.
-0.673 0.739 0. -134.732 0.739 0.673 0. 148.644 0. 0. -1. 0.
-0.675 0.737 0. -136.533 0.737 0.675 0. 150.671 0. 0. -1. 0.
-0.660 0.751 0. -138.232 0.751 0.660 0. 152.541 0. 0. -1. 0.
-0.652 0.758 0. -139.936 0.758 0.652 0. 154.591 0. 0. -1. 0.
-0.640 0.768 0. -141.589 0.768 0.640 0. 156.633 0. 0. -1. 0.
-0.625 0.781 0. -143.074 0.781 0.625 0. 158.685 0. 0. -1. 0.
-0.604 0.797 0. -144.613 0.797 0.604 0. 160.668 0. 0. -1. 0.
-0.581 0.814 0. -146.029 0.814 0.581 0. 162.813 0. 0. -1. 0.
-0.561 0.828 0. -147.342 0.828 0.561 0. 164.930 0. 0. -1. 0.
-0.528 0.850 0. -148.674 0.850 0.528 0. 167.027 0. 0. -1. 0.
-0.498 0.867 0. -149.845 0.867 0.498 0. 169.187 0. 0. -1. 0.
-0.460 0.888 0. -150.998 0.888 0.460 0. 171.350 0. 0. -1. 0.
-0.418 0.908 0. -152.010 0.908 0.418 0. 173.619 0. 0. -1. 0.
-0.372 0.928 0. -152.835 0.928 0.372 0. 175.871 0. 0. -1. 0.
-0.320 0.947 0. -153.661 0.947 0.320 0. 178.232 0. 0. -1. 0.
-0.276 0.961 0. -154.367 0.961 0.276 0. 180.566 0. 0. -1. 0.
-0.235 0.972 0. -154.879 0.972 0.235 0. 183.003 0. 0. -1. 0.
-0.197 0.981 0. -155.371 0.981 0.197 0. 185.433 0. 0. -1. 0.
-0.171 0.985 0. -155.651 0.985 0.171 0. 187.918 0. 0. -1. 0.
-0.143 0.990 0. -156.441 0.990 0.143 0. 190.316 0. 0. -1. 0.
-0.128 0.992 0. -156.462 0.992 0.128 0. 192.882 0. 0. -1. 0.
-0.116 0.993 0. -156.692 0.993 0.116 0. 195.437 0. 0. -1. 0.
-0.100 0.995 0. -157.073 0.995 0.100 0. 197.976 0. 0. -1. 0.
-0.097 0.995 0. -157.090 0.995 0.097 0. 200.505 0. 0. -1. 0.
-0.094 0.996 0. -157.308 0.996 0.094 0. 203.069 0. 0. -1. 0.
-0.090 0.996 0. -157.375 0.996 0.090 0. 205.579 0. 0. -1. 0.
-0.080 0.997 0. -157.600 0.997 0.080 0. 208.117 0. 0. -1. 0.
-0.081 0.997 0. -157.818 0.997 0.081 0. 210.532 0. 0. -1. 0.
-0.091 0.996 0. -158.048 0.996 0.091 0. 213.030 0. 0. -1. 0.
-0.112 0.994 0. -158.173 0.994 0.112 0. 215.428 0. 0. -1. 0.
-0.149 0.989 0. -158.344 0.989 0.149 0. 217.745 0. 0. -1. 0.
-0.186 0.983 0. -158.890 0.983 0.186 0. 220.125 0. 0. -1. 0.
-0.234 0.972 0. -159.190 0.972 0.234 0. 222.455 0. 0. -1. 0.
-0.282 0.959 0. -159.747 0.959 0.282 0. 224.768 0. 0. -1. 0.
-0.335 0.942 0. -160.641 0.942 0.335 0. 226.671 0. 0. -1. 0.
-0.397 0.918 0. -161.436 0.918 0.397 0. 228.771 0. 0. -1. 0.
-0.460 0.888 0. -162.520 0.888 0.460 0. 230.733 0. 0. -1. 0.
-0.524 0.852 0. -163.385 0.852 0.524 0. 232.649 0. 0. -1. 0.
-0.591 0.807 0. -164.717 0.807 0.591 0. 234.472 0. 0. -1. 0.
-0.659 0.752 0. -166.041 0.752 0.659 0. 236.108 0. 0. -1. 0.
-0.723 0.691 0. -167.721 0.691 0.723 0. 237.608 0. 0. -1. 0.
-0.783 0.621 0. -169.312 0.621 0.783 0. 239.041 0. 0. -1. 0.
-0.834 0.552 0. -171.124 0.552 0.834 0. 240.280 0. 0. -1. 0.
-0.877 0.481 0. -173.000 0.481 0.877 0. 241.326 0. 0. -1. 0.
-0.913 0.408 0. -174.968 0.408 0.913 0. 242.331 0. 0. -1. 0.
-0.937 0.350 0. -177.229 0.350 0.937 0. 243.012 0. 0. -1. 0.
-0.950 0.311 0. -179.318 0.311 0.950 0. 243.784 0. 0. -1. 0.
-0.954 0.301 0. -181.522 0.301 0.954 0. 244.538 0. 0. -1. 0.
-0.954 0.301 0. -183.697 0.301 0.954 0. 245.365 0. 0. -1. 0.
-0.955 0.295 0. -185.924 0.295 0.955 0. 246.078 0. 0. -1. 0.
-0.956 0.293 0. -188.101 0.293 0.956 0. 246.873 0. 0. -1. 0.
-0.958 0.288 0. -190.399 0.288 0.958 0. 247.576 0. 0. -1. 0.
-0.961 0.276 0. -192.687 0.276 0.961 0. 248.175 0. 0. -1. 0.
-0.964 0.266 0. -195.001 0.266 0.964 0. 248.719 0. 0. -1. 0.
-0.962 0.274 0. -197.192 0.274 0.962 0. 249.471 0. 0. -1. 0.
-0.961 0.277 0. -199.345 0.277 0.961 0. 250.175 0. 0. -1. 0.
-0.961 0.277 0. -201.574 0.277 0.961 0. 250.928 0. 0. -1. 0.
-0.959 0.282 0. -203.759 0.282 0.959 0. 251.507 0. 0. -1. 0.
-0.956 0.292 0. -205.888 0.292 0.956 0. 252.177 0. 0. -1. 0.
-0.953 0.304 0. -207.995 0.304 0.953 0. 252.931 0. 0. -1. 0.
-0.953 0.303 0. -210.203 0.303 0.953 0. 253.582 0. 0. -1. 0.
-0.953 0.302 0. -212.267 0.302 0.953 0. 254.252 0. 0. -1. 0.
-0.954 0.301 0. -214.354 0.301 0.954 0. 254.932 0. 0. -1. 0.
-0.954 0.301 0. -216.410 0.301 0.954 0. 255.655 0. 0. -1. 0.
-0.953 0.303 0. -218.433 0.303 0.953 0. 256.404 0. 0. -1. 0.
-0.950 0.312 0. -220.296 0.312 0.950 0. 256.996 0. 0. -1. 0.
-0.948 0.318 0. -222.168 0.318 0.948 0. 257.584 0. 0. -1. 0.
-0.945 0.326 0. -223.974 0.326 0.945 0. 258.215 0. 0. -1. 0.
-0.941 0.338 0. -225.676 0.338 0.941 0. 258.875 0. 0. -1. 0.
-0.932 0.363 0. -227.222 0.363 0.932 0. 259.447 0. 0. -1. 0.
-0.919 0.394 0. -228.529 0.394 0.919 0. 260.081 0. 0. -1. 0.
-0.898 0.440 0. -229.748 0.440 0.898 0. 260.714 0. 0. -1. 0.
-0.873 0.488 0. -230.744 0.488 0.873 0. 261.437 0. 0. -1. 0.
-0.842 0.539 0. -231.733 0.539 0.842 0. 262.056 0. 0. -1. 0.
-0.812 0.583 0. -232.404 0.583 0.812 0. 262.491 0. 0. -1. 0.
-0.782 0.623 0. -232.922 0.623 0.782 0. 263.102 0. 0. -1. 0.
-0.746 0.666 0. -233.344 0.666 0.746 0. 263.438 0. 0. -1. 0.
-0.722 0.692 0. -233.649 0.692 0.722 0. 263.817 0. 0. -1. 0.
-0.700 0.714 0. -233.946 0.714 0.700 0. 264.033 0. 0. -1. 0.
-0.677 0.736 0. -234.098 0.736 0.677 0. 264.261 0. 0. -1. 0.
-0.660 0.751 0. -234.290 0.751 0.660 0. 264.452 0. 0. -1. 0.
-0.652 0.758 0. -234.412 0.758 0.652 0. 264.593 0. 0. -1. 0.
-0.644 0.765 0. -234.532 0.765 0.644 0. 264.751 0. 0. -1. 0.
-0.634 0.774 0. -234.564 0.774 0.634 0. 264.779 0. 0. -1. 0.
-0.630 0.776 0. -234.610 0.776 0.630 0. 264.929 0. 0. -1. 0.
-0.626 0.780 0. -234.692 0.780 0.626 0. 264.999 0. 0. -1. 0.
-0.624 0.782 0. -234.678 0.782 0.624 0. 264.946 0. 0. -1. 0.
-0.624 0.782 0. -234.711 0.782 0.624 0. 265.024 0. 0. -1. 0.
-0.623 0.782 0. -234.648 0.782 0.623 0. 264.970 0. 0. -1. 0.
-0.624 0.781 0. -234.679 0.781 0.624 0. 264.989 0. 0. -1. 0.
-0.624 0.782 0. -234.702 0.782 0.624 0. 265.012 0. 0. -1. 0.
-0.625 0.781 0. -234.706 0.781 0.625 0. 264.956 0. 0. -1. 0.
-0.624 0.781 0. -234.713 0.781 0.624 0. 264.991 0. 0. -1. 0.
-0.623 0.782 0. -234.710 0.782 0.623 0. 265.084 0. 0. -1. 0.
-0.623 0.782 0. -234.891 0.782 0.623 0. 265.127 0. 0. -1. 0.
-0.630 0.776 0. -235.120 0.776 0.630 0. 265.286 0. 0. -1. 0.
-0.646 0.764 0. -234.972 0.764 0.646 0. 265.337 0. 0. -1. 0.
-0.668 0.744 0. -235.105 0.744 0.668 0. 265.437 0. 0. -1. 0.
-0.692 0.722 0. -235.249 0.722 0.692 0. 265.603 0. 0. -1. 0.
-0.721 0.693 0. -235.328 0.693 0.721 0. 265.645 0. 0. -1. 0.
-0.751 0.660 0. -235.590 0.660 0.751 0. 265.783 0. 0. -1. 0.
-0.786 0.618 0. -235.761 0.618 0.786 0. 265.958 0. 0. -1. 0.
-0.815 0.579 0. -235.961 0.579 0.815 0. 266.048 0. 0. -1. 0.
-0.847 0.532 0. -236.195 0.532 0.847 0. 266.118 0. 0. -1. 0.
-0.874 0.486 0. -236.468 0.486 0.874 0. 266.268 0. 0. -1. 0.
-0.898 0.439 0. -236.705 0.439 0.898 0. 266.344 0. 0. -1. 0.
-0.914 0.406 0. -236.981 0.406 0.914 0. 266.415 0. 0. -1. 0.
-0.932 0.363 0. -237.287 0.363 0.932 0. 266.596 0. 0. -1. 0.
-0.948 0.318 0. -237.751 0.318 0.948 0. 266.741 0. 0. -1. 0.
-0.960 0.279 0. -238.424 0.279 0.960 0. 266.880 0. 0. -1. 0.
-0.967 0.254 0. -238.969 0.254 0.967 0. 267.046 0. 0. -1. 0.
-0.972 0.233 0. -239.572 0.233 0.972 0. 267.246 0. 0. -1. 0.
-0.972 0.234 0. -240.252 0.234 0.972 0. 267.380 0. 0. -1. 0.
-0.972 0.237 0. -240.805 0.237 0.972 0. 267.522 0. 0. -1. 0.
-0.972 0.237 0. -241.365 0.237 0.972 0. 267.713 0. 0. -1. 0.
-0.968 0.251 0. -241.882 0.251 0.968 0. 267.958 0. 0. -1. 0.
-0.965 0.264 0. -242.442 0.264 0.965 0. 268.045 0. 0. -1. 0.
-0.962 0.272 0. -242.944 0.272 0.962 0. 268.200 0. 0. -1. 0.
-0.957 0.290 0. -243.400 0.290 0.957 0. 268.248 0. 0. -1. 0.
-0.953 0.303 0. -243.751 0.303 0.953 0. 268.436 0. 0. -1. 0.
-0.951 0.309 0. -244.002 0.309 0.951 0. 268.648 0. 0. -1. 0.
-0.950 0.311 0. -244.264 0.311 0.950 0. 268.654 0. 0. -1. 0.
-0.949 0.315 0. -244.582 0.315 0.949 0. 268.692 0. 0. -1. 0.
-0.948 0.319 0. -244.769 0.319 0.948 0. 268.770 0. 0. -1. 0.
-0.948 0.317 0. -244.956 0.317 0.948 0. 268.839 0. 0. -1. 0.
-0.948 0.317 0. -245.142 0.317 0.948 0. 268.968 0. 0. -1. 0.
-0.944 0.331 0. -245.249 0.331 0.944 0. 269.010 0. 0. -1. 0.
-0.942 0.336 0. -245.301 0.336 0.942 0. 269.093 0. 0. -1. 0.
-0.944 0.331 0. -245.413 0.331 0.944 0. 269.063 0. 0. -1. 0.
-0.945 0.328 0. -245.493 0.328 0.945 0. 268.991 0. 0. -1. 0.
-0.944 0.329 0. -245.466 0.329 0.944 0. 269.048 0. 0. -1. 0.
-0.943 0.333 0. -245.498 0.333 0.943 0. 268.912 0. 0. -1. 0.
-0.943 0.332 0. -245.468 0.332 0.943 0. 268.999 0. 0. -1. 0.
-0.943 0.334 0. -245.519 0.334 0.943 0. 269.053 0. 0. -1. 0.
-0.943 0.331 0. -245.492 0.331 0.943 0. 269.189 0. 0. -1. 0.
-0.942 0.336 0. -245.483 0.336 0.942 0. 269.028 0. 0. -1. 0.
-0.944 0.330 0. -245.486 0.330 0.944 0. 269.065 0. 0. -1. 0.
-0.942 0.334 0. -245.538 0.334 0.942 0. 269.031 0. 0. -1. 0.
-0.943 0.332 0. -245.515 0.332 0.943 0. 269.109 0. 0. -1. 0.
-0.944 0.331 0. -245.600 0.331 0.944 0. 269.164 0. 0. -1. 0.
-0.942 0.334 0. -245.702 0.334 0.942 0. 269.092 0. 0. -1. 0.
-0.943 0.332 0. -245.827 0.332 0.943 0. 269.125 0. 0. -1. 0.
-0.942 0.334 0. -246.008 0.334 0.942 0. 269.234 0. 0. -1. 0.
-0.941 0.337 0. -246.199 0.337 0.941 0. 269.327 0. 0. -1. 0.
-0.940 0.342 0. -246.448 0.342 0.940 0. 269.472 0. 0. -1. 0.
-0.933 0.359 0. -246.578 0.359 0.933 0. 269.510 0. 0. -1. 0.
-0.929 0.370 0. -246.777 0.370 0.929 0. 269.558 0. 0. -1. 0.
-0.925 0.380 0. -247.080 0.380 0.925 0. 269.697 0. 0. -1. 0.
-0.916 0.401 0. -247.485 0.401 0.916 0. 269.800 0. 0. -1. 0.
-0.901 0.433 0. -247.979 0.433 0.901 0. 270.064 0. 0. -1. 0.
-0.873 0.488 0. -248.476 0.488 0.873 0. 270.330 0. 0. -1. 0.
-0.831 0.556 0. -248.896 0.556 0.831 0. 270.717 0. 0. -1. 0.
-0.769 0.639 0. -249.534 0.639 0.769 0. 271.368 0. 0. -1. 0.
-0.690 0.724 0. -249.822 0.724 0.690 0. 271.887 0. 0. -1. 0.
-0.600 0.800 0. -250.382 0.800 0.600 0. 272.632 0. 0. -1. 0.
-0.481 0.876 0. -250.736 0.876 0.481 0. 273.310 0. 0. -1. 0.
-0.368 0.930 0. -250.827 0.930 0.368 0. 274.141 0. 0. -1. 0.
-0.270 0.963 0. -251.129 0.963 0.270 0. 275.303 0. 0. -1. 0.
-0.189 0.982 0. -251.291 0.982 0.189 0. 276.433 0. 0. -1. 0.
-0.106 0.994 0. -251.462 0.994 0.106 0. 277.730 0. 0. -1. 0.
-0.026 1.000 0. -251.542 1.000 0.026 0. 279.134 0. 0. -1. 0.
0.037 0.999 0. -251.441 0.999 -0.037 -0. 280.648 0. 0. -1. 0.
0.090 0.996 0. -251.256 0.996 -0.090 -0. 282.361 0. 0. -1. 0.
0.136 0.991 0. -250.935 0.991 -0.136 -0. 284.217 0. 0. -1. 0.
0.180 0.984 0. -250.653 0.984 -0.180 -0. 286.108 0. 0. -1. 0.
0.209 0.978 0. -250.084 0.978 -0.209 -0. 288.088 0. 0. -1. 0.
0.231 0.973 0. -249.420 0.973 -0.231 -0. 290.254 0. 0. -1. 0.
0.243 0.970 0. -248.866 0.970 -0.243 -0. 292.469 0. 0. -1. 0.
0.251 0.968 0. -248.254 0.968 -0.251 -0. 294.710 0. 0. -1. 0.
0.254 0.967 0. -247.643 0.967 -0.254 -0. 297.272 0. 0. -1. 0.
0.264 0.965 0. -246.826 0.965 -0.264 -0. 299.813 0. 0. -1. 0.
0.258 0.966 0. -245.875 0.966 -0.258 -0. 302.517 0. 0. -1. 0.
0.264 0.965 0. -245.206 0.965 -0.264 -0. 305.425 0. 0. -1. 0.
0.278 0.960 0. -244.357 0.960 -0.278 -0. 308.460 0. 0. -1. 0.
0.284 0.959 0. -243.336 0.959 -0.284 -0. 311.545 0. 0. -1. 0.
0.283 0.959 0. -242.286 0.959 -0.283 -0. 314.790 0. 0. -1. 0.
0.283 0.959 0. -241.259 0.959 -0.283 -0. 318.126 0. 0. -1. 0.
0.288 0.958 0. -240.213 0.958 -0.288 -0. 321.468 0. 0. -1. 0.
0.282 0.959 0. -239.162 0.959 -0.282 -0. 324.848 0. 0. -1. 0.
0.278 0.960 0. -238.063 0.960 -0.278 -0. 328.208 0. 0. -1. 0.
0.282 0.959 0. -237.083 0.959 -0.282 -0. 331.622 0. 0. -1. 0.
0.284 0.959 0. -236.071 0.959 -0.284 -0. 335.002 0. 0. -1. 0.
0.280 0.960 0. -234.997 0.960 -0.280 -0. 338.294 0. 0. -1. 0.
0.279 0.960 0. -233.946 0.960 -0.279 -0. 341.655 0. 0. -1. 0.
0.282 0.959 0. -232.875 0.959 -0.282 -0. 344.958 0. 0. -1. 0.
0.286 0.958 0. -231.864 0.958 -0.286 -0. 348.220 0. 0. -1. 0.
0.288 0.958 0. -230.795 0.958 -0.288 -0. 351.485 0. 0. -1. 0.
0.280 0.960 0. -229.524 0.960 -0.280 -0. 354.703 0. 0. -1. 0.
0.281 0.960 0. -228.716 0.960 -0.281 -0. 358.052 0. 0. -1. 0.
0.278 0.961 0. -227.796 0.961 -0.278 -0. 361.220 0. 0. -1. 0.
0.280 0.960 0. -226.824 0.960 -0.280 -0. 364.428 0. 0. -1. 0.
0.277 0.961 0. -225.815 0.961 -0.277 -0. 367.610 0. 0. -1. 0.
0.278 0.961 0. -224.807 0.961 -0.278 -0. 370.800 0. 0. -1. 0.
0.279 0.960 0. -223.822 0.960 -0.279 -0. 373.883 0. 0. -1. 0.
0.279 0.960 0. -222.841 0.960 -0.279 -0. 377.023 0. 0. -1. 0.
0.291 0.957 0. -221.842 0.957 -0.291 -0. 380.064 0. 0. -1. 0.
0.287 0.958 0. -220.829 0.958 -0.287 -0. 383.068 0. 0. -1. 0.
0.291 0.957 0. -219.947 0.957 -0.291 -0. 386.155 0. 0. -1. 0.
0.289 0.957 0. -218.983 0.957 -0.289 -0. 389.099 0. 0. -1. 0.
0.286 0.958 0. -217.986 0.958 -0.286 -0. 392.087 0. 0. -1. 0.
0.282 0.959 0. -217.050 0.959 -0.282 -0. 395.014 0. 0. -1. 0.
0.286 0.958 0. -216.230 0.958 -0.286 -0. 397.988 0. 0. -1. 0.
0.286 0.958 0. -215.255 0.958 -0.286 -0. 400.864 0. 0. -1. 0.
0.282 0.959 0. -214.306 0.959 -0.282 -0. 403.699 0. 0. -1. 0.
0.279 0.960 0. -213.487 0.960 -0.279 -0. 406.508 0. 0. -1. 0.
0.274 0.962 0. -212.522 0.962 -0.274 -0. 409.244 0. 0. -1. 0.
0.280 0.960 0. -211.906 0.960 -0.280 -0. 412.093 0. 0. -1. 0.
0.276 0.961 0. -210.851 0.961 -0.276 -0. 414.746 0. 0. -1. 0.
0.272 0.962 0. -210.160 0.962 -0.272 -0. 417.513 0. 0. -1. 0.
0.275 0.961 0. -209.332 0.961 -0.275 -0. 420.204 0. 0. -1. 0.
0.274 0.962 0. -208.536 0.962 -0.274 -0. 422.845 0. 0. -1. 0.
0.271 0.963 0. -207.700 0.963 -0.271 -0. 425.514 0. 0. -1. 0.
0.276 0.961 0. -207.010 0.961 -0.276 -0. 428.214 0. 0. -1. 0.
0.271 0.963 0. -206.050 0.963 -0.271 -0. 430.781 0. 0. -1. 0.
0.270 0.963 0. -205.314 0.963 -0.270 -0. 433.502 0. 0. -1. 0.
0.274 0.962 0. -204.512 0.962 -0.274 -0. 436.124 0. 0. -1. 0.
0.281 0.960 0. -203.699 0.960 -0.281 -0. 438.825 0. 0. -1. 0.
0.280 0.960 0. -202.804 0.960 -0.280 -0. 441.342 0. 0. -1. 0.
0.276 0.961 0. -201.997 0.961 -0.276 -0. 444.056 0. 0. -1. 0.
0.277 0.961 0. -201.265 0.961 -0.277 -0. 446.671 0. 0. -1. 0.
0.278 0.961 0. -200.449 0.961 -0.278 -0. 449.300 0. 0. -1. 0.
0.276 0.961 0. -199.634 0.961 -0.276 -0. 451.847 0. 0. -1. 0.
0.268 0.963 0. -198.827 0.963 -0.268 -0. 454.417 0. 0. -1. 0.
0.267 0.964 0. -198.017 0.964 -0.267 -0. 456.958 0. 0. -1. 0.
0.269 0.963 0. -197.331 0.963 -0.269 -0. 459.478 0. 0. -1. 0.
0.276 0.961 0. -196.583 0.961 -0.276 -0. 461.945 0. 0. -1. 0.
0.279 0.960 0. -195.807 0.960 -0.279 -0. 464.338 0. 0. -1. 0.
0.278 0.961 0. -195.085 0.961 -0.278 -0. 466.620 0. 0. -1. 0.
0.278 0.960 0. -194.389 0.960 -0.278 -0. 468.948 0. 0. -1. 0.
0.283 0.959 0. -193.708 0.959 -0.283 -0. 471.115 0. 0. -1. 0.
0.287 0.958 0. -192.995 0.958 -0.287 -0. 473.222 0. 0. -1. 0.
0.288 0.957 0. -192.381 0.957 -0.288 -0. 475.289 0. 0. -1. 0.
0.290 0.957 0. -191.789 0.957 -0.290 -0. 477.292 0. 0. -1. 0.
0.291 0.957 0. -191.188 0.957 -0.291 -0. 479.206 0. 0. -1. 0.
0.288 0.958 0. -190.563 0.958 -0.288 -0. 481.068 0. 0. -1. 0.
0.286 0.958 0. -190.014 0.958 -0.286 -0. 482.860 0. 0. -1. 0.
0.295 0.955 0. -189.373 0.955 -0.295 -0. 484.592 0. 0. -1. 0.
0.294 0.956 0. -188.905 0.956 -0.294 -0. 486.312 0. 0. -1. 0.
0.292 0.957 0. -188.303 0.957 -0.292 -0. 488.014 0. 0. -1. 0.
0.287 0.958 0. -187.729 0.958 -0.287 -0. 489.635 0. 0. -1. 0.
0.294 0.956 0. -187.341 0.956 -0.294 -0. 491.358 0. 0. -1. 0.
0.295 0.955 0. -186.813 0.955 -0.295 -0. 492.945 0. 0. -1. 0.
0.292 0.956 0. -186.182 0.956 -0.292 -0. 494.518 0. 0. -1. 0.
0.296 0.955 0. -185.789 0.955 -0.296 -0. 496.167 0. 0. -1. 0.
0.292 0.956 0. -185.291 0.956 -0.292 -0. 497.686 0. 0. -1. 0.
0.288 0.958 0. -184.724 0.958 -0.288 -0. 499.242 0. 0. -1. 0.
0.293 0.956 0. -184.247 0.956 -0.293 -0. 500.797 0. 0. -1. 0.
0.285 0.959 0. -183.829 0.959 -0.285 -0. 502.280 0. 0. -1. 0.
0.280 0.960 0. -183.303 0.960 -0.280 -0. 503.794 0. 0. -1. 0.
0.281 0.960 0. -182.906 0.960 -0.281 -0. 505.227 0. 0. -1. 0.
0.277 0.961 0. -182.498 0.961 -0.277 -0. 506.588 0. 0. -1. 0.
0.275 0.961 0. -182.030 0.961 -0.275 -0. 507.995 0. 0. -1. 0.
0.277 0.961 0. -181.689 0.961 -0.277 -0. 509.297 0. 0. -1. 0.
0.277 0.961 0. -181.307 0.961 -0.277 -0. 510.531 0. 0. -1. 0.
0.273 0.962 0. -180.920 0.962 -0.273 -0. 511.761 0. 0. -1. 0.
0.278 0.961 0. -180.548 0.961 -0.278 -0. 512.947 0. 0. -1. 0.
0.279 0.960 0. -180.096 0.960 -0.279 -0. 514.046 0. 0. -1. 0.
0.279 0.960 0. -179.789 0.960 -0.279 -0. 515.176 0. 0. -1. 0.
0.278 0.961 0. -179.480 0.961 -0.278 -0. 516.282 0. 0. -1. 0.
0.280 0.960 0. -179.139 0.960 -0.280 -0. 517.399 0. 0. -1. 0.
0.281 0.960 0. -178.825 0.960 -0.281 -0. 518.502 0. 0. -1. 0.
0.278 0.961 0. -178.499 0.961 -0.278 -0. 519.576 0. 0. -1. 0.
0.289 0.957 0. -178.137 0.957 -0.289 -0. 520.692 0. 0. -1. 0.
0.289 0.957 0. -177.841 0.957 -0.289 -0. 521.759 0. 0. -1. 0.
0.288 0.958 0. -177.465 0.958 -0.288 -0. 522.810 0. 0. -1. 0.
0.289 0.957 0. -177.123 0.957 -0.289 -0. 523.929 0. 0. -1. 0.
0.282 0.959 0. -176.772 0.959 -0.282 -0. 525.077 0. 0. -1. 0.
0.278 0.960 0. -176.407 0.960 -0.278 -0. 526.337 0. 0. -1. 0.
0.277 0.961 0. -176.009 0.961 -0.277 -0. 527.627 0. 0. -1. 0.
0.282 0.960 0. -175.667 0.960 -0.282 -0. 528.897 0. 0. -1. 0.
0.285 0.958 0. -175.172 0.958 -0.285 -0. 530.345 0. 0. -1. 0.
0.281 0.960 0. -174.611 0.960 -0.281 -0. 531.799 0. 0. -1. 0.
0.283 0.959 0. -174.225 0.959 -0.283 -0. 533.436 0. 0. -1. 0.
0.284 0.959 0. -173.667 0.959 -0.284 -0. 535.036 0. 0. -1. 0.
0.282 0.959 0. -173.191 0.959 -0.282 -0. 536.729 0. 0. -1. 0.
0.284 0.959 0. -172.635 0.959 -0.284 -0. 538.454 0. 0. -1. 0.
0.289 0.957 0. -172.096 0.957 -0.289 -0. 540.221 0. 0. -1. 0.
0.289 0.957 0. -171.526 0.957 -0.289 -0. 541.968 0. 0. -1. 0.
0.285 0.958 0. -170.827 0.958 -0.285 -0. 543.791 0. 0. -1. 0.
0.283 0.959 0. -170.308 0.959 -0.283 -0. 545.726 0. 0. -1. 0.
