1606847188172283 0.97929 0.20246 0.00000 4.22883 0.20246 -0.97929 0.00000 0.91843 0.00000 0.00000 -1.00000 0.00000
1606847188422286 0.97929 0.20246 0.00000 4.22886 0.20246 -0.97929 0.00000 0.91839 0.00000 0.00000 -1.00000 0.00000
1606847188672312 0.97929 0.20248 0.00000 4.22882 0.20248 -0.97929 0.00000 0.91849 0.00000 0.00000 -1.00000 0.00000
1606847188922300 0.97930 0.20240 0.00000 4.22889 0.20240 -0.97930 0.00000 0.91817 0.00000 0.00000 -1.00000 0.00000
1606847189171678 0.97930 0.20241 0.00000 4.22888 0.20241 -0.97930 0.00000 0.91818 0.00000 0.00000 -1.00000 0.00000
1606847189422302 0.97930 0.20243 0.00000 4.22888 0.20243 -0.97930 0.00000 0.91826 0.00000 0.00000 -1.00000 0.00000
1606847189672940 0.97930 0.20241 0.00000 4.22891 0.20241 -0.97930 0.00000 0.91816 0.00000 0.00000 -1.00000 0.00000
1606847189923557 0.97930 0.20241 0.00000 4.22889 0.20241 -0.97930 0.00000 0.91811 0.00000 0.00000 -1.00000 0.00000
1606847190174189 0.97930 0.20241 0.00000 4.22889 0.20241 -0.97930 0.00000 0.91816 0.00000 0.00000 -1.00000 0.00000
1606847190424187 0.97931 0.20238 0.00000 4.22889 0.20238 -0.97931 0.00000 0.91809 0.00000 0.00000 -1.00000 0.00000
1606847190674196 0.97929 0.20246 0.00000 4.22882 0.20246 -0.97929 0.00000 0.91832 0.00000 0.00000 -1.00000 0.00000
1606847190924199 0.97930 0.20243 0.00000 4.22875 0.20243 -0.97930 0.00000 0.91835 0.00000 0.00000 -1.00000 0.00000
1606847191174207 0.97930 0.20239 0.00000 4.22882 0.20239 -0.97930 0.00000 0.91809 0.00000 0.00000 -1.00000 0.00000
1606847191423574 0.97931 0.20237 0.00000 4.22890 0.20237 -0.97931 0.00000 0.91802 0.00000 0.00000 -1.00000 0.00000
1606847191673587 0.97931 0.20237 0.00000 4.22893 0.20237 -0.97931 0.00000 0.91806 0.00000 0.00000 -1.00000 0.00000
1606847191923589 0.97930 0.20241 0.00000 4.22892 0.20241 -0.97930 0.00000 0.91825 0.00000 0.00000 -1.00000 0.00000
1606847192173595 0.97928 0.20251 0.00000 4.22900 0.20251 -0.97928 0.00000 0.91875 0.00000 0.00000 -1.00000 0.00000
1606847192423589 0.97925 0.20263 0.00000 4.22802 0.20263 -0.97925 0.00000 0.91920 0.00000 0.00000 -1.00000 0.00000
1606847192672974 0.97927 0.20258 0.00000 4.21597 0.20258 -0.97927 0.00000 0.91927 0.00000 0.00000 -1.00000 0.00000
1606847192922976 0.97930 0.20240 0.00000 4.19126 0.20240 -0.97930 0.00000 0.91888 0.00000 0.00000 -1.00000 0.00000
1606847193172976 0.97942 0.20185 0.00000 4.15526 0.20185 -0.97942 0.00000 0.91625 0.00000 0.00000 -1.00000 0.00000
1606847193422364 0.97961 0.20093 0.00000 4.10979 0.20093 -0.97961 0.00000 0.91163 0.00000 0.00000 -1.00000 0.00000
1606847193672363 0.97990 0.19950 0.00000 4.05063 0.19950 -0.97990 0.00000 0.90539 0.00000 0.00000 -1.00000 0.00000
1606847193922365 0.98052 0.19643 0.00000 3.95501 0.19643 -0.98052 0.00000 0.88974 0.00000 0.00000 -1.00000 0.00000
1606847194171742 0.98169 0.19050 0.00000 3.79844 0.19050 -0.98169 0.00000 0.86234 0.00000 0.00000 -1.00000 0.00000
1606847194421746 0.98355 0.18066 0.00000 3.57284 0.18066 -0.98355 0.00000 0.81266 0.00000 0.00000 -1.00000 0.00000
1606847194672379 0.98591 0.16727 0.00000 3.27427 0.16727 -0.98591 0.00000 0.74874 0.00000 0.00000 -1.00000 0.00000
1606847194923005 0.98860 0.15060 0.00000 2.89962 0.15060 -0.98860 0.00000 0.67898 0.00000 0.00000 -1.00000 0.00000
1606847195174257 0.99142 0.13074 0.00000 2.45450 0.13074 -0.99142 0.00000 0.60716 0.00000 0.00000 -1.00000 0.00000
1606847195424884 0.99381 0.11107 0.00000 1.93615 0.11107 -0.99381 0.00000 0.54452 0.00000 0.00000 -1.00000 0.00000
1606847195674886 0.99568 0.09287 0.00000 1.35498 0.09287 -0.99568 0.00000 0.49656 0.00000 0.00000 -1.00000 0.00000
1606847195924889 0.99685 0.07928 0.00000 0.70587 0.07928 -0.99685 0.00000 0.45673 0.00000 0.00000 -1.00000 0.00000
1606847196174892 0.99756 0.06977 0.00000 -0.00049 0.06977 -0.99756 0.00000 0.43919 0.00000 0.00000 -1.00000 0.00000
1606847196424896 0.99803 0.06281 0.00000 -0.76575 0.06281 -0.99803 0.00000 0.42738 0.00000 0.00000 -1.00000 0.00000
1606847196674276 0.99812 0.06123 0.00000 -1.58042 0.06123 -0.99812 0.00000 0.41078 0.00000 0.00000 -1.00000 0.00000
1606847196923656 0.99796 0.06383 0.00000 -2.45022 0.06383 -0.99796 0.00000 0.39655 0.00000 0.00000 -1.00000 0.00000
1606847197173666 0.99761 0.06904 0.00000 -3.37343 0.06904 -0.99761 0.00000 0.38495 0.00000 0.00000 -1.00000 0.00000
1606847197423659 0.99709 0.07617 0.00000 -4.35238 0.07617 -0.99709 0.00000 0.35795 0.00000 0.00000 -1.00000 0.00000
1606847197673036 0.99631 0.08578 0.00000 -5.35721 0.08578 -0.99631 0.00000 0.30894 0.00000 0.00000 -1.00000 0.00000
1606847197923043 0.99554 0.09429 0.00000 -6.39291 0.09429 -0.99554 0.00000 0.25924 0.00000 0.00000 -1.00000 0.00000
1606847198173043 0.99471 0.10272 0.00000 -7.47482 0.10272 -0.99471 0.00000 0.20295 0.00000 0.00000 -1.00000 0.00000
1606847198423049 0.99372 0.11187 0.00000 -8.58605 0.11187 -0.99372 0.00000 0.12154 0.00000 0.00000 -1.00000 0.00000
1606847198672427 0.99259 0.12149 0.00000 -9.71838 0.12149 -0.99259 0.00000 0.01774 0.00000 0.00000 -1.00000 0.00000
1606847198922431 0.99151 0.13004 0.00000 -10.89164 0.13004 -0.99151 0.00000 -0.07964 0.00000 0.00000 -1.00000 0.00000
1606847199172434 0.99052 0.13740 0.00000 -12.12554 0.13740 -0.99052 0.00000 -0.18814 0.00000 0.00000 -1.00000 0.00000
1606847199422442 0.98956 0.14410 0.00000 -13.40873 0.14410 -0.98956 0.00000 -0.28641 0.00000 0.00000 -1.00000 0.00000
1606847199671818 0.98873 0.14972 0.00000 -14.67938 0.14972 -0.98873 0.00000 -0.39541 0.00000 0.00000 -1.00000 0.00000
1606847199921818 0.98800 0.15448 0.00000 -16.02218 0.15448 -0.98800 0.00000 -0.48839 0.00000 0.00000 -1.00000 0.00000
1606847200172451 0.98730 0.15884 0.00000 -17.41845 0.15884 -0.98730 0.00000 -0.58413 0.00000 0.00000 -1.00000 0.00000
1606847200423077 0.98700 0.16074 0.00000 -18.82427 0.16074 -0.98700 0.00000 -0.64696 0.00000 0.00000 -1.00000 0.00000
1606847200674331 0.98676 0.16222 0.00000 -20.29139 0.16222 -0.98676 0.00000 -0.70193 0.00000 0.00000 -1.00000 0.00000
1606847200924957 0.98659 0.16320 0.00000 -21.78464 0.16320 -0.98659 0.00000 -0.75074 0.00000 0.00000 -1.00000 0.00000
1606847201174968 0.98618 0.16567 0.00000 -23.31010 0.16567 -0.98618 0.00000 -0.83317 0.00000 0.00000 -1.00000 0.00000
1606847201424962 0.98520 0.17139 0.00000 -24.86521 0.17139 -0.98520 0.00000 -1.00109 0.00000 0.00000 -1.00000 0.00000
1606847201674969 0.98424 0.17682 0.00000 -26.45139 0.17682 -0.98424 0.00000 -1.17594 0.00000 0.00000 -1.00000 0.00000
1606847201924349 0.98313 0.18292 0.00000 -28.04007 0.18292 -0.98313 0.00000 -1.37485 0.00000 0.00000 -1.00000 0.00000
1606847202174354 0.98141 0.19190 0.00000 -29.63776 0.19190 -0.98141 0.00000 -1.68707 0.00000 0.00000 -1.00000 0.00000
1606847202424350 0.97982 0.19989 0.00000 -31.28569 0.19989 -0.97982 0.00000 -1.94344 0.00000 0.00000 -1.00000 0.00000
1606847202673738 0.97818 0.20778 0.00000 -32.86963 0.20778 -0.97818 0.00000 -2.21780 0.00000 0.00000 -1.00000 0.00000
1606847202923742 0.97637 0.21612 0.00000 -34.48597 0.21612 -0.97637 0.00000 -2.52790 0.00000 0.00000 -1.00000 0.00000
1606847203174366 0.97477 0.22319 0.00000 -36.16271 0.22319 -0.97477 0.00000 -2.77981 0.00000 0.00000 -1.00000 0.00000
1606847203423743 0.97232 0.23363 0.00000 -37.77404 0.23363 -0.97232 0.00000 -3.23729 0.00000 0.00000 -1.00000 0.00000
1606847203673747 0.97002 0.24304 0.00000 -39.41543 0.24304 -0.97002 0.00000 -3.62006 0.00000 0.00000 -1.00000 0.00000
1606847203923752 0.96858 0.24870 0.00000 -41.12212 0.24870 -0.96858 0.00000 -3.89205 0.00000 0.00000 -1.00000 0.00000
1606847204173754 0.96734 0.25348 0.00000 -42.83550 0.25348 -0.96734 0.00000 -4.11623 0.00000 0.00000 -1.00000 0.00000
1606847204423755 0.96694 0.25499 0.00000 -44.57916 0.25499 -0.96694 0.00000 -4.22280 0.00000 0.00000 -1.00000 0.00000
1606847204673139 0.96682 0.25545 0.00000 -46.34760 0.25545 -0.96682 0.00000 -4.27544 0.00000 0.00000 -1.00000 0.00000
1606847204923144 0.96702 0.25468 0.00000 -48.12919 0.25468 -0.96702 0.00000 -4.26596 0.00000 0.00000 -1.00000 0.00000
1606847205172559 0.96700 0.25478 0.00000 -49.90661 0.25478 -0.96700 0.00000 -4.30305 0.00000 0.00000 -1.00000 0.00000
1606847205422524 0.96675 0.25571 0.00000 -51.70628 0.25571 -0.96675 0.00000 -4.39389 0.00000 0.00000 -1.00000 0.00000
1606847205671900 0.96555 0.26020 0.00000 -53.46057 0.26020 -0.96555 0.00000 -4.66748 0.00000 0.00000 -1.00000 0.00000
1606847205921906 0.96514 0.26174 0.00000 -55.25621 0.26174 -0.96514 0.00000 -4.79357 0.00000 0.00000 -1.00000 0.00000
1606847206172535 0.96444 0.26431 0.00000 -57.07692 0.26431 -0.96444 0.00000 -4.98272 0.00000 0.00000 -1.00000 0.00000
1606847206423158 0.96418 0.26523 0.00000 -58.89631 0.26523 -0.96418 0.00000 -5.08219 0.00000 0.00000 -1.00000 0.00000
1606847206673789 0.96448 0.26416 0.00000 -60.73764 0.26416 -0.96448 0.00000 -5.06124 0.00000 0.00000 -1.00000 0.00000
1606847206923799 0.96519 0.26155 0.00000 -62.56358 0.26155 -0.96519 0.00000 -4.92614 0.00000 0.00000 -1.00000 0.00000
1606847207173793 0.96595 0.25875 0.00000 -64.39534 0.25875 -0.96595 0.00000 -4.76137 0.00000 0.00000 -1.00000 0.00000
1606847207423800 0.96686 0.25530 0.00000 -66.22735 0.25530 -0.96686 0.00000 -4.55194 0.00000 0.00000 -1.00000 0.00000
1606847207673800 0.96763 0.25239 0.00000 -68.03565 0.25239 -0.96763 0.00000 -4.38180 0.00000 0.00000 -1.00000 0.00000
1606847207923187 0.96830 0.24981 0.00000 -69.84926 0.24981 -0.96830 0.00000 -4.24035 0.00000 0.00000 -1.00000 0.00000
1606847208172563 0.96903 0.24695 0.00000 -71.64508 0.24695 -0.96903 0.00000 -4.05944 0.00000 0.00000 -1.00000 0.00000
1606847208422559 0.96999 0.24316 0.00000 -73.43573 0.24316 -0.96999 0.00000 -3.81460 0.00000 0.00000 -1.00000 0.00000
1606847208672565 0.97152 0.23697 0.00000 -75.22846 0.23697 -0.97152 0.00000 -3.36810 0.00000 0.00000 -1.00000 0.00000
1606847208921947 0.97391 0.22693 0.00000 -77.01718 0.22693 -0.97391 0.00000 -2.62203 0.00000 0.00000 -1.00000 0.00000
1606847209171947 0.97711 0.21275 0.00000 -78.78741 0.21275 -0.97711 0.00000 -1.50834 0.00000 0.00000 -1.00000 0.00000
1606847209422576 0.98193 0.18922 0.00000 -80.55379 0.18922 -0.98193 0.00000 0.36750 0.00000 0.00000 -1.00000 0.00000
1606847209673207 0.98670 0.16257 0.00000 -82.27577 0.16257 -0.98670 0.00000 2.53218 0.00000 0.00000 -1.00000 0.00000
1606847209923212 0.99225 0.12427 0.00000 -83.85327 0.12427 -0.99225 0.00000 5.70507 0.00000 0.00000 -1.00000 0.00000
1606847210173839 0.99676 0.08039 0.00000 -85.25437 0.08039 -0.99676 0.00000 9.39311 0.00000 0.00000 -1.00000 0.00000
1606847210423213 0.99932 0.03675 0.00000 -86.52923 0.03675 -0.99932 0.00000 13.11195 0.00000 0.00000 -1.00000 0.00000
1606847210673180 0.99992 -0.01289 0.00000 -87.53318 -0.01289 -0.99992 0.00000 17.37988 0.00000 -0.00000 -1.00000 0.00000
1606847210922595 0.99803 -0.06278 0.00000 -88.32914 -0.06278 -0.99803 0.00000 21.72113 0.00000 -0.00000 -1.00000 0.00000
1606847211172606 0.99334 -0.11522 0.00000 -88.82953 -0.11522 -0.99334 0.00000 26.32653 0.00000 -0.00000 -1.00000 0.00000
1606847211422601 0.98596 -0.16699 0.00000 -89.12200 -0.16699 -0.98596 0.00000 30.92233 0.00000 -0.00000 -1.00000 0.00000
1606847211672610 0.97556 -0.21974 0.00000 -89.13338 -0.21974 -0.97556 0.00000 35.68159 0.00000 -0.00000 -1.00000 0.00000
1606847211921987 0.96187 -0.27349 0.00000 -88.81513 -0.27349 -0.96187 0.00000 40.56511 0.00000 -0.00000 -1.00000 0.00000
1606847212171993 0.94374 -0.33069 0.00000 -88.03940 -0.33069 -0.94374 0.00000 45.83653 0.00000 -0.00000 -1.00000 0.00000
1606847212421998 0.91876 -0.39482 0.00000 -86.50499 -0.39482 -0.91876 0.00000 51.79530 0.00000 -0.00000 -1.00000 0.00000
1606847212673247 0.88766 -0.46051 0.00000 -84.35151 -0.46051 -0.88766 0.00000 57.92993 0.00000 -0.00000 -1.00000 0.00000
1606847212923250 0.85212 -0.52335 0.00000 -81.76744 -0.52335 -0.85212 0.00000 63.87591 0.00000 -0.00000 -1.00000 0.00000
1606847213173921 0.81165 -0.58414 0.00000 -78.69951 -0.58414 -0.81165 0.00000 69.66591 0.00000 -0.00000 -1.00000 0.00000
1606847213423878 0.76654 -0.64220 0.00000 -75.18209 -0.64220 -0.76654 0.00000 75.25848 0.00000 -0.00000 -1.00000 0.00000
1606847213673885 0.71798 -0.69606 0.00000 -71.34829 -0.69606 -0.71798 0.00000 80.52466 0.00000 -0.00000 -1.00000 0.00000
1606847213923264 0.66791 -0.74424 0.00000 -67.37536 -0.74424 -0.66791 0.00000 85.27338 0.00000 -0.00000 -1.00000 0.00000
1606847214173268 0.62385 -0.78154 0.00000 -64.20496 -0.78154 -0.62385 0.00000 88.99733 0.00000 -0.00000 -1.00000 0.00000
1606847214422645 0.58909 -0.80807 0.00000 -62.12413 -0.80807 -0.58909 0.00000 91.68943 0.00000 -0.00000 -1.00000 0.00000
1606847214672651 0.56563 -0.82466 0.00000 -61.36441 -0.82466 -0.56563 0.00000 93.40004 0.00000 -0.00000 -1.00000 0.00000
1606847214922655 0.55447 -0.83221 0.00000 -62.01923 -0.83221 -0.55447 0.00000 94.19728 0.00000 -0.00000 -1.00000 0.00000
1606847215172653 0.55261 -0.83344 0.00000 -63.75615 -0.83344 -0.55261 0.00000 94.31941 0.00000 -0.00000 -1.00000 0.00000
1606847215422660 0.55476 -0.83201 0.00000 -65.96874 -0.83201 -0.55476 0.00000 94.14779 0.00000 -0.00000 -1.00000 0.00000
1606847215672038 0.55992 -0.82855 0.00000 -68.52666 -0.82855 -0.55992 0.00000 93.71388 0.00000 -0.00000 -1.00000 0.00000
1606847215922039 0.56835 -0.82279 0.00000 -71.45920 -0.82279 -0.56835 0.00000 92.96787 0.00000 -0.00000 -1.00000 0.00000
1606847216172672 0.57796 -0.81607 0.00000 -74.52507 -0.81607 -0.57796 0.00000 92.07736 0.00000 -0.00000 -1.00000 0.00000
1606847216423295 0.58678 -0.80975 0.00000 -77.50096 -0.80975 -0.58678 0.00000 91.21824 0.00000 -0.00000 -1.00000 0.00000
1606847216673923 0.59502 -0.80371 0.00000 -80.41087 -0.80371 -0.59502 0.00000 90.37633 0.00000 -0.00000 -1.00000 0.00000
1606847216924556 0.60395 -0.79702 0.00000 -83.41342 -0.79702 -0.60395 0.00000 89.44243 0.00000 -0.00000 -1.00000 0.00000
1606847217175185 0.61490 -0.78860 0.00000 -86.61254 -0.78860 -0.61490 0.00000 88.22781 0.00000 -0.00000 -1.00000 0.00000
1606847217425198 0.63056 -0.77614 0.00000 -90.34726 -0.77614 -0.63056 0.00000 86.42429 0.00000 -0.00000 -1.00000 0.00000
1606847217674565 0.64715 -0.76236 0.00000 -94.16520 -0.76236 -0.64715 0.00000 84.39943 0.00000 -0.00000 -1.00000 0.00000
1606847217924568 0.66576 -0.74617 0.00000 -98.16749 -0.74617 -0.66576 0.00000 81.99695 0.00000 -0.00000 -1.00000 0.00000
1606847218174575 0.68208 -0.73128 0.00000 -101.89870 -0.73128 -0.68208 0.00000 79.76100 0.00000 -0.00000 -1.00000 0.00000
1606847218424575 0.69592 -0.71811 0.00000 -105.35244 -0.71811 -0.69592 0.00000 77.75497 0.00000 -0.00000 -1.00000 0.00000
1606847218674585 0.70865 -0.70557 0.00000 -108.62617 -0.70557 -0.70865 0.00000 75.82040 0.00000 -0.00000 -1.00000 0.00000
1606847218923964 0.72103 -0.69291 0.00000 -111.84077 -0.69291 -0.72103 0.00000 73.84288 0.00000 -0.00000 -1.00000 0.00000
1606847219173964 0.73223 -0.68106 0.00000 -114.92636 -0.68106 -0.73223 0.00000 71.95449 0.00000 -0.00000 -1.00000 0.00000
1606847219424593 0.74395 -0.66824 0.00000 -118.00297 -0.66824 -0.74395 0.00000 69.90634 0.00000 -0.00000 -1.00000 0.00000
1606847219673975 0.75480 -0.65596 0.00000 -120.98946 -0.65596 -0.75480 0.00000 67.91873 0.00000 -0.00000 -1.00000 0.00000
1606847219923350 0.76417 -0.64502 0.00000 -123.80179 -0.64502 -0.76417 0.00000 66.12801 0.00000 -0.00000 -1.00000 0.00000
1606847220173352 0.77414 -0.63301 0.00000 -126.61548 -0.63301 -0.77414 0.00000 64.13988 0.00000 -0.00000 -1.00000 0.00000
1606847220423352 0.78392 -0.62087 0.00000 -129.39868 -0.62087 -0.78392 0.00000 62.12385 0.00000 -0.00000 -1.00000 0.00000
1606847220672730 0.79295 -0.60928 0.00000 -132.05609 -0.60928 -0.79295 0.00000 60.18814 0.00000 -0.00000 -1.00000 0.00000
1606847220922735 0.80221 -0.59704 0.00000 -134.68861 -0.59704 -0.80221 0.00000 58.12232 0.00000 -0.00000 -1.00000 0.00000
1606847221172120 0.81077 -0.58537 0.00000 -137.19573 -0.58537 -0.81077 0.00000 56.13617 0.00000 -0.00000 -1.00000 0.00000
1606847221422120 0.82096 -0.57098 0.00000 -139.82078 -0.57098 -0.82096 0.00000 53.66994 0.00000 -0.00000 -1.00000 0.00000
1606847221672750 0.83686 -0.54742 0.00000 -142.88764 -0.54742 -0.83686 0.00000 49.63577 0.00000 -0.00000 -1.00000 0.00000
1606847221923377 0.85838 -0.51302 0.00000 -146.32217 -0.51302 -0.85838 0.00000 43.74721 0.00000 -0.00000 -1.00000 0.00000
1606847222174009 0.88683 -0.46209 0.00000 -150.09803 -0.46209 -0.88683 0.00000 35.11378 0.00000 -0.00000 -1.00000 0.00000
1606847222424011 0.91899 -0.39428 0.00000 -153.70878 -0.39428 -0.91899 0.00000 23.70734 0.00000 -0.00000 -1.00000 0.00000
1606847222674012 0.95052 -0.31065 0.00000 -156.52949 -0.31065 -0.95052 0.00000 9.85655 0.00000 -0.00000 -1.00000 0.00000
1606847222924015 0.97823 -0.20751 0.00000 -157.93191 -0.20751 -0.97823 0.00000 -6.92711 0.00000 -0.00000 -1.00000 0.00000
1606847223174019 0.99584 -0.09114 0.00000 -157.18259 -0.09114 -0.99584 0.00000 -25.46861 0.00000 -0.00000 -1.00000 0.00000
1606847223424020 0.99937 0.03557 0.00000 -153.78561 0.03557 -0.99937 0.00000 -45.17258 0.00000 0.00000 -1.00000 0.00000
1606847223674025 0.98440 0.17597 0.00000 -146.92899 0.17597 -0.98440 0.00000 -66.39698 0.00000 0.00000 -1.00000 0.00000
1606847223924026 0.94608 0.32393 0.00000 -136.09061 0.32393 -0.94608 0.00000 -88.03320 0.00000 0.00000 -1.00000 0.00000
1606847224174029 0.88150 0.47219 0.00000 -121.06791 0.47219 -0.88150 0.00000 -108.81495 0.00000 0.00000 -1.00000 0.00000
1606847224424035 0.79058 0.61235 0.00000 -102.17435 0.61235 -0.79058 0.00000 -127.45506 0.00000 0.00000 -1.00000 0.00000
1606847224674036 0.67428 0.73848 0.00000 -79.77733 0.73848 -0.67428 0.00000 -143.02453 0.00000 0.00000 -1.00000 0.00000
1606847224924048 0.53463 0.84509 0.00000 -54.38589 0.84509 -0.53463 0.00000 -154.77701 0.00000 0.00000 -1.00000 0.00000
1606847225174042 0.37730 0.92609 0.00000 -27.11264 0.92609 -0.37730 0.00000 -161.93269 0.00000 0.00000 -1.00000 0.00000
1606847225424048 0.20836 0.97805 0.00000 0.97971 0.97805 -0.20836 0.00000 -164.15180 0.00000 0.00000 -1.00000 0.00000
1606847225674051 0.03366 0.99943 0.00000 28.91163 0.99943 -0.03366 0.00000 -161.43728 0.00000 0.00000 -1.00000 0.00000
1606847225924057 -0.13530 0.99080 0.00000 54.88641 0.99080 0.13530 0.00000 -154.24373 0.00000 0.00000 -1.00000 0.00000
1606847226174061 -0.29812 0.95453 0.00000 78.92875 0.95453 0.29812 0.00000 -142.94920 0.00000 0.00000 -1.00000 0.00000
1606847226424063 -0.45275 0.89164 0.00000 100.73988 0.89164 0.45275 0.00000 -127.83427 0.00000 0.00000 -1.00000 0.00000
1606847226674073 -0.59629 0.80277 0.00000 119.87592 0.80277 0.59629 0.00000 -109.07142 0.00000 0.00000 -1.00000 0.00000
1606847226923444 -0.71509 0.69903 0.00000 134.53129 0.69903 0.71509 0.00000 -88.87706 0.00000 0.00000 -1.00000 0.00000
1606847227174077 -0.81042 0.58585 0.00000 145.10939 0.58585 0.81042 0.00000 -68.07505 0.00000 0.00000 -1.00000 0.00000
1606847227424076 -0.88263 0.47008 0.00000 151.90464 0.47008 0.88263 0.00000 -47.69873 0.00000 0.00000 -1.00000 0.00000
1606847227674077 -0.93051 0.36628 0.00000 155.16043 0.36628 0.93051 0.00000 -30.06958 0.00000 0.00000 -1.00000 0.00000
1606847227924084 -0.95871 0.28438 0.00000 155.92140 0.28438 0.95871 0.00000 -16.54176 0.00000 0.00000 -1.00000 0.00000
1606847228174087 -0.97332 0.22944 0.00000 155.31054 0.22944 0.97332 0.00000 -7.69023 0.00000 0.00000 -1.00000 0.00000
1606847228424091 -0.98056 0.19620 0.00000 154.14090 0.19620 0.98056 0.00000 -2.42809 0.00000 0.00000 -1.00000 0.00000
1606847228674092 -0.98441 0.17589 0.00000 152.76508 0.17589 0.98441 0.00000 0.73459 0.00000 0.00000 -1.00000 0.00000
1606847228924096 -0.98598 0.16684 0.00000 151.30763 0.16684 0.98598 0.00000 2.11249 0.00000 0.00000 -1.00000 0.00000
1606847229174149 -0.98622 0.16542 0.00000 149.82817 0.16542 0.98622 0.00000 2.32676 0.00000 0.00000 -1.00000 0.00000
1606847229424103 -0.98495 0.17283 0.00000 148.30443 0.17283 0.98495 0.00000 1.16946 0.00000 0.00000 -1.00000 0.00000
1606847229673820 -0.98231 0.18726 0.00000 146.70283 0.18726 0.98231 0.00000 -1.02590 0.00000 0.00000 -1.00000 0.00000
1606847229923489 -0.97760 0.21046 0.00000 145.00386 0.21046 0.97760 0.00000 -4.52965 0.00000 0.00000 -1.00000 0.00000
1606847230173491 -0.97076 0.24003 0.00000 143.13493 0.24003 0.97076 0.00000 -8.95618 0.00000 0.00000 -1.00000 0.00000
1606847230423492 -0.96028 0.27903 0.00000 140.95604 0.27903 0.96028 0.00000 -14.74782 0.00000 0.00000 -1.00000 0.00000
1606847230672869 -0.94540 0.32591 0.00000 138.33232 0.32591 0.94540 0.00000 -21.67023 0.00000 0.00000 -1.00000 0.00000
1606847230922872 -0.92469 0.38071 0.00000 135.06388 0.38071 0.92469 0.00000 -29.73213 0.00000 0.00000 -1.00000 0.00000
1606847231172259 -0.89853 0.43892 0.00000 131.10789 0.43892 0.89853 0.00000 -38.28526 0.00000 0.00000 -1.00000 0.00000
1606847231422262 -0.86581 0.50038 0.00000 126.30228 0.50038 0.86581 0.00000 -47.30877 0.00000 0.00000 -1.00000 0.00000
1606847231672889 -0.82695 0.56228 0.00000 120.63168 0.56228 0.82695 0.00000 -56.41586 0.00000 0.00000 -1.00000 0.00000
1606847231923516 -0.78172 0.62363 0.00000 114.10557 0.62363 0.78172 0.00000 -65.45083 0.00000 0.00000 -1.00000 0.00000
1606847232173517 -0.73261 0.68065 0.00000 106.96424 0.68065 0.73261 0.00000 -73.84598 0.00000 0.00000 -1.00000 0.00000
1606847232423521 -0.68251 0.73088 0.00000 99.58482 0.73088 0.68251 0.00000 -81.24260 0.00000 0.00000 -1.00000 0.00000
1606847232673521 -0.63837 0.76973 0.00000 92.75642 0.76973 0.63837 0.00000 -86.94334 0.00000 0.00000 -1.00000 0.00000
1606847232923530 -0.60493 0.79628 0.00000 87.04210 0.79628 0.60493 0.00000 -90.84593 0.00000 0.00000 -1.00000 0.00000
1606847233172911 -0.58070 0.81411 0.00000 82.34325 0.81411 0.58070 0.00000 -93.44014 0.00000 0.00000 -1.00000 0.00000
1606847233422910 -0.56537 0.82484 0.00000 78.65470 0.82484 0.56537 0.00000 -95.02441 0.00000 0.00000 -1.00000 0.00000
1606847233672913 -0.55737 0.83027 0.00000 75.75270 0.83027 0.55737 0.00000 -95.82145 0.00000 0.00000 -1.00000 0.00000
1606847233922918 -0.55294 0.83322 0.00000 73.27326 0.83322 0.55294 0.00000 -96.27100 0.00000 0.00000 -1.00000 0.00000
1606847234172920 -0.55802 0.82983 0.00000 71.86458 0.82983 0.55802 0.00000 -95.87290 0.00000 0.00000 -1.00000 0.00000
1606847234422926 -0.56688 0.82380 0.00000 70.87077 0.82380 0.56688 0.00000 -95.14344 0.00000 0.00000 -1.00000 0.00000
1606847234672311 -0.57691 0.81681 0.00000 70.00756 0.81681 0.57691 0.00000 -94.31933 0.00000 0.00000 -1.00000 0.00000
1606847234922307 -0.58676 0.80976 0.00000 69.11550 0.80976 0.58676 0.00000 -93.51716 0.00000 0.00000 -1.00000 0.00000
1606847235172308 -0.59984 0.80012 0.00000 68.59466 0.80012 0.59984 0.00000 -92.44350 0.00000 0.00000 -1.00000 0.00000
1606847235422938 -0.61777 0.78636 0.00000 68.63546 0.78636 0.61777 0.00000 -90.93479 0.00000 0.00000 -1.00000 0.00000
1606847235674192 -0.64082 0.76769 0.00000 69.27193 0.76769 0.64082 0.00000 -88.92531 0.00000 0.00000 -1.00000 0.00000
1606847235924818 -0.66450 0.74729 0.00000 70.00117 0.74729 0.66450 0.00000 -86.77849 0.00000 0.00000 -1.00000 0.00000
1606847236175451 -0.69358 0.72038 0.00000 71.37678 0.72038 0.69358 0.00000 -84.01647 0.00000 0.00000 -1.00000 0.00000
1606847236426704 -0.72705 0.68658 0.00000 73.32125 0.68658 0.72705 0.00000 -80.58984 0.00000 0.00000 -1.00000 0.00000
1606847236676707 -0.75992 0.65002 0.00000 75.25460 0.65002 0.75992 0.00000 -76.94955 0.00000 0.00000 -1.00000 0.00000
1606847236926709 -0.79409 0.60780 0.00000 77.38509 0.60780 0.79409 0.00000 -72.82665 0.00000 0.00000 -1.00000 0.00000
1606847237176086 -0.83261 0.55387 0.00000 80.15894 0.55387 0.83261 0.00000 -67.62353 0.00000 0.00000 -1.00000 0.00000
1606847237426090 -0.87169 0.49006 0.00000 83.12878 0.49006 0.87169 0.00000 -61.52038 0.00000 0.00000 -1.00000 0.00000
1606847237676095 -0.90567 0.42398 0.00000 85.59486 0.42398 0.90567 0.00000 -55.24879 0.00000 0.00000 -1.00000 0.00000
1606847237926095 -0.93318 0.35942 0.00000 87.37940 0.35942 0.93318 0.00000 -49.17874 0.00000 0.00000 -1.00000 0.00000
1606847238176100 -0.95396 0.29994 0.00000 88.40691 0.29994 0.95396 0.00000 -43.64294 0.00000 0.00000 -1.00000 0.00000
1606847238426105 -0.97230 0.23373 0.00000 89.28360 0.23373 0.97230 0.00000 -37.54449 0.00000 0.00000 -1.00000 0.00000
1606847238676734 -0.98562 0.16899 0.00000 89.63328 0.16899 0.98562 0.00000 -31.63844 0.00000 0.00000 -1.00000 0.00000
1606847238926112 -0.99451 0.10462 0.00000 89.53761 0.10462 0.99451 0.00000 -25.82897 0.00000 0.00000 -1.00000 0.00000
1606847239176743 -0.99868 0.05128 0.00000 88.81530 0.05128 0.99868 0.00000 -21.07875 0.00000 0.00000 -1.00000 0.00000
1606847239426743 -1.00000 -0.00165 -0.00000 87.79009 -0.00165 1.00000 0.00000 -16.42518 0.00000 0.00000 -1.00000 0.00000
1606847239676124 -0.99865 -0.05202 -0.00000 86.46068 -0.05202 0.99865 0.00000 -12.03969 0.00000 0.00000 -1.00000 0.00000
1606847239926753 -0.99513 -0.09856 -0.00000 84.86076 -0.09856 0.99513 0.00000 -8.04554 0.00000 0.00000 -1.00000 0.00000
1606847240176126 -0.99032 -0.13877 -0.00000 83.08085 -0.13877 0.99032 0.00000 -4.66576 0.00000 0.00000 -1.00000 0.00000
1606847240426140 -0.98434 -0.17629 -0.00000 81.13345 -0.17629 0.98434 0.00000 -1.57430 0.00000 0.00000 -1.00000 0.00000
1606847240676135 -0.97798 -0.20870 -0.00000 79.08533 -0.20870 0.97798 0.00000 1.06714 0.00000 0.00000 -1.00000 0.00000
1606847240926145 -0.97120 -0.23826 -0.00000 76.98871 -0.23826 0.97120 0.00000 3.40612 0.00000 0.00000 -1.00000 0.00000
1606847241176146 -0.96611 -0.25813 -0.00000 74.82963 -0.25813 0.96611 0.00000 4.94935 0.00000 0.00000 -1.00000 0.00000
1606847241426146 -0.96312 -0.26906 -0.00000 72.67607 -0.26906 0.96312 0.00000 5.75580 0.00000 0.00000 -1.00000 0.00000
1606847241675520 -0.96147 -0.27490 -0.00000 70.53745 -0.27490 0.96147 0.00000 6.15611 0.00000 0.00000 -1.00000 0.00000
1606847241925529 -0.96039 -0.27865 -0.00000 68.38311 -0.27865 0.96039 0.00000 6.38961 0.00000 0.00000 -1.00000 0.00000
1606847242175534 -0.95927 -0.28249 -0.00000 66.23505 -0.28249 0.95927 0.00000 6.62522 0.00000 0.00000 -1.00000 0.00000
1606847242425529 -0.95995 -0.28016 -0.00000 64.11986 -0.28016 0.95995 0.00000 6.45470 0.00000 0.00000 -1.00000 0.00000
1606847242675540 -0.96125 -0.27568 -0.00000 62.00852 -0.27568 0.96125 0.00000 6.12355 0.00000 0.00000 -1.00000 0.00000
1606847242925579 -0.96279 -0.27025 -0.00000 59.89516 -0.27025 0.96279 0.00000 5.72789 0.00000 0.00000 -1.00000 0.00000
1606847243174921 -0.96391 -0.26624 -0.00000 57.77102 -0.26624 0.96391 0.00000 5.42557 0.00000 0.00000 -1.00000 0.00000
1606847243424923 -0.96429 -0.26484 -0.00000 55.62554 -0.26484 0.96429 0.00000 5.28824 0.00000 0.00000 -1.00000 0.00000
1606847243674930 -0.96467 -0.26347 -0.00000 53.50247 -0.26347 0.96467 0.00000 5.17785 0.00000 0.00000 -1.00000 0.00000
1606847243924932 -0.96535 -0.26094 -0.00000 51.41715 -0.26094 0.96535 0.00000 4.97606 0.00000 0.00000 -1.00000 0.00000
1606847244174312 -0.96584 -0.25915 -0.00000 49.31151 -0.25915 0.96584 0.00000 4.84072 0.00000 0.00000 -1.00000 0.00000
1606847244424310 -0.96674 -0.25576 -0.00000 47.24950 -0.25576 0.96674 0.00000 4.63069 0.00000 0.00000 -1.00000 0.00000
1606847244674318 -0.96746 -0.25302 -0.00000 45.19609 -0.25302 0.96746 0.00000 4.45740 0.00000 0.00000 -1.00000 0.00000
1606847244924319 -0.96818 -0.25027 -0.00000 43.15322 -0.25027 0.96818 0.00000 4.28050 0.00000 0.00000 -1.00000 0.00000
1606847245174359 -0.96896 -0.24723 -0.00000 41.12880 -0.24723 0.96896 0.00000 4.11165 0.00000 0.00000 -1.00000 0.00000
1606847245423701 -0.97066 -0.24046 -0.00000 39.12318 -0.24046 0.97066 0.00000 3.80240 0.00000 0.00000 -1.00000 0.00000
1606847245674959 -0.97343 -0.22899 -0.00000 37.16105 -0.22899 0.97343 0.00000 3.30502 0.00000 0.00000 -1.00000 0.00000
1606847245924961 -0.97511 -0.22173 -0.00000 35.14898 -0.22173 0.97511 0.00000 2.98504 0.00000 0.00000 -1.00000 0.00000
1606847246174963 -0.97674 -0.21441 -0.00000 33.10671 -0.21441 0.97674 0.00000 2.71426 0.00000 0.00000 -1.00000 0.00000
1606847246424348 -0.97809 -0.20817 -0.00000 31.10788 -0.20817 0.97809 0.00000 2.46699 0.00000 0.00000 -1.00000 0.00000
1606847246674355 -0.97987 -0.19964 -0.00000 29.01429 -0.19964 0.97987 0.00000 2.15331 0.00000 0.00000 -1.00000 0.00000
1606847246924349 -0.98145 -0.19171 -0.00000 26.98291 -0.19171 0.98145 0.00000 1.87288 0.00000 0.00000 -1.00000 0.00000
1606847247174348 -0.98263 -0.18557 -0.00000 24.90055 -0.18557 0.98263 0.00000 1.66175 0.00000 0.00000 -1.00000 0.00000
1606847247423754 -0.98376 -0.17949 -0.00000 22.81195 -0.17949 0.98376 0.00000 1.47312 0.00000 0.00000 -1.00000 0.00000
1606847247673732 -0.98479 -0.17375 -0.00000 20.70632 -0.17375 0.98479 0.00000 1.29887 0.00000 0.00000 -1.00000 0.00000
1606847247923738 -0.98592 -0.16723 -0.00000 18.59013 -0.16723 0.98592 0.00000 1.12385 0.00000 0.00000 -1.00000 0.00000
1606847248173743 -0.98703 -0.16056 -0.00000 16.47543 -0.16056 0.98703 0.00000 0.96157 0.00000 0.00000 -1.00000 0.00000
1606847248423119 -0.98792 -0.15498 -0.00000 14.35652 -0.15498 0.98792 0.00000 0.84143 0.00000 0.00000 -1.00000 0.00000
1606847248673120 -0.98877 -0.14944 -0.00000 12.26934 -0.14944 0.98877 0.00000 0.72314 0.00000 0.00000 -1.00000 0.00000
1606847248922498 -0.98908 -0.14736 -0.00000 10.13634 -0.14736 0.98908 0.00000 0.66755 0.00000 0.00000 -1.00000 0.00000
1606847249172508 -0.98946 -0.14481 -0.00000 8.04490 -0.14481 0.98946 0.00000 0.61071 0.00000 0.00000 -1.00000 0.00000
1606847249423151 -0.98945 -0.14485 -0.00000 5.92913 -0.14485 0.98945 0.00000 0.58830 0.00000 0.00000 -1.00000 0.00000
1606847249673760 -0.98929 -0.14596 -0.00000 3.83390 -0.14596 0.98929 0.00000 0.57134 0.00000 0.00000 -1.00000 0.00000
1606847249923765 -0.98901 -0.14785 -0.00000 1.72622 -0.14785 0.98901 0.00000 0.55621 0.00000 0.00000 -1.00000 0.00000
1606847250174393 -0.98866 -0.15019 -0.00000 -0.35507 -0.15019 0.98866 0.00000 0.53343 0.00000 0.00000 -1.00000 0.00000
1606847250424396 -0.98786 -0.15536 -0.00000 -2.45457 -0.15536 0.98786 0.00000 0.48616 0.00000 0.00000 -1.00000 0.00000
1606847250674408 -0.98629 -0.16505 -0.00000 -4.53837 -0.16505 0.98629 0.00000 0.42168 0.00000 0.00000 -1.00000 0.00000
1606847250924400 -0.98474 -0.17403 -0.00000 -6.60936 -0.17403 0.98474 0.00000 0.33371 0.00000 0.00000 -1.00000 0.00000
1606847251174401 -0.98354 -0.18070 -0.00000 -8.68394 -0.18070 0.98354 0.00000 0.23873 0.00000 0.00000 -1.00000 0.00000
1606847251424410 -0.98267 -0.18535 -0.00000 -10.78097 -0.18535 0.98267 0.00000 0.17446 0.00000 0.00000 -1.00000 0.00000
1606847251674415 -0.98257 -0.18587 -0.00000 -12.81880 -0.18587 0.98257 0.00000 0.16273 0.00000 0.00000 -1.00000 0.00000
1606847251923793 -0.98215 -0.18811 -0.00000 -14.88708 -0.18811 0.98215 0.00000 0.09657 0.00000 0.00000 -1.00000 0.00000
1606847252173796 -0.98172 -0.19035 -0.00000 -16.96306 -0.19035 0.98172 0.00000 0.01337 0.00000 0.00000 -1.00000 0.00000
1606847252423795 -0.98072 -0.19543 -0.00000 -19.01061 -0.19543 0.98072 0.00000 -0.12988 0.00000 0.00000 -1.00000 0.00000
1606847252673803 -0.97995 -0.19923 -0.00000 -21.08723 -0.19923 0.97995 0.00000 -0.25520 0.00000 0.00000 -1.00000 0.00000
1606847252923187 -0.97919 -0.20297 -0.00000 -23.14807 -0.20297 0.97919 0.00000 -0.39717 0.00000 0.00000 -1.00000 0.00000
1606847253173192 -0.97853 -0.20611 -0.00000 -25.21977 -0.20611 0.97853 0.00000 -0.53528 0.00000 0.00000 -1.00000 0.00000
1606847253423191 -0.97786 -0.20927 -0.00000 -27.28991 -0.20927 0.97786 0.00000 -0.67671 0.00000 0.00000 -1.00000 0.00000
1606847253673191 -0.97672 -0.21453 -0.00000 -29.37664 -0.21453 0.97672 0.00000 -0.86850 0.00000 0.00000 -1.00000 0.00000
1606847253922569 -0.97581 -0.21862 -0.00000 -31.43824 -0.21862 0.97581 0.00000 -1.00048 0.00000 0.00000 -1.00000 0.00000
1606847254172573 -0.97511 -0.22174 -0.00000 -33.50221 -0.22174 0.97511 0.00000 -1.12166 0.00000 0.00000 -1.00000 0.00000
1606847254423201 -0.97411 -0.22607 -0.00000 -35.58279 -0.22607 0.97411 0.00000 -1.29425 0.00000 0.00000 -1.00000 0.00000
1606847254673830 -0.97316 -0.23013 -0.00000 -37.62610 -0.23013 0.97316 0.00000 -1.47528 0.00000 0.00000 -1.00000 0.00000
1606847254924463 -0.97213 -0.23446 -0.00000 -39.66258 -0.23446 0.97213 0.00000 -1.67617 0.00000 0.00000 -1.00000 0.00000
1606847255175088 -0.97117 -0.23839 -0.00000 -41.72005 -0.23839 0.97117 0.00000 -1.87737 0.00000 0.00000 -1.00000 0.00000
1606847255425093 -0.96994 -0.24333 -0.00000 -43.71386 -0.24333 0.96994 0.00000 -2.12869 0.00000 0.00000 -1.00000 0.00000
1606847255675096 -0.96828 -0.24987 -0.00000 -45.69006 -0.24987 0.96828 0.00000 -2.48754 0.00000 0.00000 -1.00000 0.00000
1606847255924473 -0.96682 -0.25545 -0.00000 -47.64785 -0.25545 0.96682 0.00000 -2.79543 0.00000 0.00000 -1.00000 0.00000
1606847256174475 -0.96549 -0.26043 -0.00000 -49.54999 -0.26043 0.96549 0.00000 -3.07996 0.00000 0.00000 -1.00000 0.00000
1606847256423854 -0.96514 -0.26172 -0.00000 -51.44776 -0.26172 0.96514 0.00000 -3.19088 0.00000 0.00000 -1.00000 0.00000
1606847256673856 -0.96547 -0.26053 -0.00000 -53.30753 -0.26053 0.96547 0.00000 -3.16360 0.00000 0.00000 -1.00000 0.00000
1606847256923863 -0.96637 -0.25715 -0.00000 -55.11645 -0.25715 0.96637 0.00000 -3.02330 0.00000 0.00000 -1.00000 0.00000
1606847257173867 -0.96920 -0.24626 -0.00000 -56.86485 -0.24626 0.96920 0.00000 -2.40809 0.00000 0.00000 -1.00000 0.00000
1606847257423244 -0.97356 -0.22844 -0.00000 -58.55060 -0.22844 0.97356 0.00000 -1.38939 0.00000 0.00000 -1.00000 0.00000
1606847257673243 -0.97919 -0.20295 -0.00000 -60.13759 -0.20295 0.97919 0.00000 0.12547 0.00000 0.00000 -1.00000 0.00000
1606847257922629 -0.98520 -0.17138 -0.00000 -61.60711 -0.17138 0.98520 0.00000 2.03675 0.00000 0.00000 -1.00000 0.00000
1606847258173255 -0.99133 -0.13137 -0.00000 -62.91830 -0.13137 0.99133 0.00000 4.51703 0.00000 0.00000 -1.00000 0.00000
1606847258423261 -0.99691 -0.07857 -0.00000 -63.95655 -0.07857 0.99691 0.00000 7.82832 0.00000 0.00000 -1.00000 0.00000
1606847258673892 -0.99990 -0.01430 -0.00000 -64.60075 -0.01430 0.99990 0.00000 11.93199 0.00000 0.00000 -1.00000 0.00000
1606847258924520 -0.99830 0.05834 0.00000 -64.74762 0.05834 0.99830 0.00000 16.58119 0.00000 0.00000 -1.00000 0.00000
1606847259174521 -0.98996 0.14135 0.00000 -64.24331 0.14135 0.98996 0.00000 21.90967 0.00000 0.00000 -1.00000 0.00000
1606847259423896 -0.97310 0.23037 0.00000 -63.07163 0.23037 0.97310 0.00000 27.62964 0.00000 0.00000 -1.00000 0.00000
1606847259673897 -0.94670 0.32211 0.00000 -61.19562 0.32211 0.94670 0.00000 33.49286 0.00000 0.00000 -1.00000 0.00000
1606847259923901 -0.90939 0.41594 0.00000 -58.52080 0.41594 0.90939 0.00000 39.50483 0.00000 0.00000 -1.00000 0.00000
1606847260173288 -0.86094 0.50871 0.00000 -55.07815 0.50871 0.86094 0.00000 45.37071 0.00000 0.00000 -1.00000 0.00000
1606847260423289 -0.80090 0.59879 0.00000 -50.84228 0.59879 0.80090 0.00000 51.04596 0.00000 0.00000 -1.00000 0.00000
1606847260672663 -0.73310 0.68012 0.00000 -46.15421 0.68012 0.73310 0.00000 56.12994 0.00000 0.00000 -1.00000 0.00000
1606847260922672 -0.66131 0.75011 0.00000 -41.29883 0.75011 0.66131 0.00000 60.43773 0.00000 0.00000 -1.00000 0.00000
1606847261172708 -0.58312 0.81239 0.00000 -36.09911 0.81239 0.58312 0.00000 64.24421 0.00000 0.00000 -1.00000 0.00000
1606847261423304 -0.50020 0.86591 0.00000 -30.69573 0.86591 0.50020 0.00000 67.46968 0.00000 0.00000 -1.00000 0.00000
1606847261673300 -0.42640 0.90454 0.00000 -26.14134 0.90454 0.42640 0.00000 69.75441 0.00000 0.00000 -1.00000 0.00000
1606847261923928 -0.36751 0.93002 0.00000 -22.85393 0.93002 0.36751 0.00000 71.24919 0.00000 0.00000 -1.00000 0.00000
1606847262174556 -0.32615 0.94532 0.00000 -20.99839 0.94532 0.32615 0.00000 72.15857 0.00000 0.00000 -1.00000 0.00000
1606847262424567 -0.29508 0.95547 0.00000 -20.01127 0.95547 0.29508 0.00000 72.77715 0.00000 0.00000 -1.00000 0.00000
1606847262674568 -0.27216 0.96225 0.00000 -19.70705 0.96225 0.27216 0.00000 73.21460 0.00000 0.00000 -1.00000 0.00000
1606847262924571 -0.25776 0.96621 0.00000 -20.10634 0.96621 0.25776 0.00000 73.47539 0.00000 0.00000 -1.00000 0.00000
1606847263173947 -0.24741 0.96891 0.00000 -20.85337 0.96891 0.24741 0.00000 73.66489 0.00000 0.00000 -1.00000 0.00000
1606847263423333 -0.24041 0.97067 0.00000 -21.88991 0.97067 0.24041 0.00000 73.76968 0.00000 0.00000 -1.00000 0.00000
1606847263673953 -0.23991 0.97079 0.00000 -23.49573 0.97079 0.23991 0.00000 73.73969 0.00000 0.00000 -1.00000 0.00000
1606847263923958 -0.24133 0.97044 0.00000 -25.27716 0.97044 0.24133 0.00000 73.66792 0.00000 0.00000 -1.00000 0.00000
1606847264173960 -0.23973 0.97084 0.00000 -26.83639 0.97084 0.23973 0.00000 73.68583 0.00000 0.00000 -1.00000 0.00000
1606847264423348 -0.23182 0.97276 0.00000 -27.91132 0.97276 0.23182 0.00000 73.86958 0.00000 0.00000 -1.00000 0.00000
1606847264673341 -0.22128 0.97521 0.00000 -28.81111 0.97521 0.22128 0.00000 74.14129 0.00000 0.00000 -1.00000 0.00000
1606847264923346 -0.21023 0.97765 0.00000 -29.64988 0.97765 0.21023 0.00000 74.43198 0.00000 0.00000 -1.00000 0.00000
1606847265173351 -0.19845 0.98011 0.00000 -30.41677 0.98011 0.19845 0.00000 74.76062 0.00000 0.00000 -1.00000 0.00000
1606847265422729 -0.18489 0.98276 0.00000 -31.03566 0.98276 0.18489 0.00000 75.14590 0.00000 0.00000 -1.00000 0.00000
1606847265672729 -0.16546 0.98622 0.00000 -31.17433 0.98622 0.16546 0.00000 75.73823 0.00000 0.00000 -1.00000 0.00000
1606847265922734 -0.14274 0.98976 0.00000 -31.06641 0.98976 0.14274 0.00000 76.41016 0.00000 0.00000 -1.00000 0.00000
1606847266173993 -0.11930 0.99286 0.00000 -30.88591 0.99286 0.11930 0.00000 77.09290 0.00000 0.00000 -1.00000 0.00000
1606847266424618 -0.10099 0.99489 0.00000 -31.07605 0.99489 0.10099 0.00000 77.58498 0.00000 0.00000 -1.00000 0.00000
1606847266675255 -0.09132 0.99582 0.00000 -31.89059 0.99582 0.09132 0.00000 77.83669 0.00000 0.00000 -1.00000 0.00000
1606847266925247 -0.08863 0.99606 0.00000 -33.30261 0.99606 0.08863 0.00000 77.87581 0.00000 0.00000 -1.00000 0.00000
1606847267175263 -0.09154 0.99580 0.00000 -35.17453 0.99580 0.09154 0.00000 77.76481 0.00000 0.00000 -1.00000 0.00000
1606847267424632 -0.09827 0.99516 0.00000 -37.32816 0.99516 0.09827 0.00000 77.47358 0.00000 0.00000 -1.00000 0.00000
1606847267674654 -0.11455 0.99342 0.00000 -40.18772 0.99342 0.11455 0.00000 76.81334 0.00000 0.00000 -1.00000 0.00000
1606847267924640 -0.13847 0.99037 0.00000 -43.68219 0.99037 0.13847 0.00000 75.77062 0.00000 0.00000 -1.00000 0.00000
1606847268174638 -0.15924 0.98724 0.00000 -46.97862 0.98724 0.15924 0.00000 74.81217 0.00000 0.00000 -1.00000 0.00000
1606847268424645 -0.17943 0.98377 0.00000 -50.17390 0.98377 0.17943 0.00000 73.79808 0.00000 0.00000 -1.00000 0.00000
1606847268674649 -0.19772 0.98026 0.00000 -53.21821 0.98026 0.19772 0.00000 72.80617 0.00000 0.00000 -1.00000 0.00000
1606847268924031 -0.21394 0.97685 0.00000 -56.07579 0.97685 0.21394 0.00000 71.88770 0.00000 0.00000 -1.00000 0.00000
1606847269174040 -0.23011 0.97317 0.00000 -58.89139 0.97317 0.23011 0.00000 70.90621 0.00000 0.00000 -1.00000 0.00000
1606847269424030 -0.24511 0.96949 0.00000 -61.59786 0.96949 0.24511 0.00000 69.96244 0.00000 0.00000 -1.00000 0.00000
1606847269673413 -0.25959 0.96572 0.00000 -64.23649 0.96572 0.25959 0.00000 69.00091 0.00000 0.00000 -1.00000 0.00000
1606847269924041 -0.27344 0.96189 0.00000 -66.81984 0.96189 0.27344 0.00000 68.04806 0.00000 0.00000 -1.00000 0.00000
1606847270174045 -0.28470 0.95862 0.00000 -69.13868 0.95862 0.28470 0.00000 67.22599 0.00000 0.00000 -1.00000 0.00000
1606847270424047 -0.29037 0.95691 0.00000 -71.06681 0.95691 0.29037 0.00000 66.78002 0.00000 0.00000 -1.00000 0.00000
1606847270674048 -0.29595 0.95520 0.00000 -73.02097 0.95520 0.29595 0.00000 66.32290 0.00000 0.00000 -1.00000 0.00000
1606847270923437 -0.30092 0.95365 0.00000 -74.91187 0.95365 0.30092 0.00000 65.89295 0.00000 0.00000 -1.00000 0.00000
1606847271174058 -0.30574 0.95212 0.00000 -76.84462 0.95212 0.30574 0.00000 65.48693 0.00000 0.00000 -1.00000 0.00000
1606847271423437 -0.31185 0.95013 0.00000 -78.85751 0.95013 0.31185 0.00000 64.95367 0.00000 0.00000 -1.00000 0.00000
1606847271672815 -0.31578 0.94883 0.00000 -80.73801 0.94883 0.31578 0.00000 64.59145 0.00000 0.00000 -1.00000 0.00000
1606847271922818 -0.32139 0.94695 0.00000 -82.75892 0.94695 0.32139 0.00000 64.06621 0.00000 0.00000 -1.00000 0.00000
1606847272172825 -0.33064 0.94376 0.00000 -85.00424 0.94376 0.33064 0.00000 63.21092 0.00000 0.00000 -1.00000 0.00000
