1. 0. 0. 0. 0. -1. -0. 0. 0. 0. -1. 0.
1. -0.003 -0. 0.027 -0.003 -1. -0. 0.056 0. 0. -1. 0.
1. -0.002 -0. 0.006 -0.002 -1. -0. 0.023 0. 0. -1. 0.
1. 0.002 0. 0.005 0.002 -1. -0. -0.018 0. 0. -1. 0.
1. 0. 0. 0.010 0. -1. -0. -0.041 0. 0. -1. 0.
1. 0.001 0. 0.003 0.001 -1. -0. -0.015 0. 0. -1. 0.
1. -0.001 -0. 0.005 -0.001 -1. -0. -0.029 0. 0. -1. 0.
1. -0. -0. -0.009 -0. -1. -0. -0.009 0. 0. -1. 0.
1. 0.001 0. 0.009 0.001 -1. -0. 0.014 0. 0. -1. 0.
1. 0.002 0. 0.008 0.002 -1. -0. -0.002 0. 0. -1. 0.
1. -0.003 -0. 0.022 -0.003 -1. -0. 0.012 0. 0. -1. 0.
1. -0.007 -0. 0.013 -0.007 -1. -0. -0.001 0. 0. -1. 0.
1. -0.002 -0. 0.015 -0.002 -1. -0. 0.015 0. 0. -1. 0.
1. -0.006 -0. 0.025 -0.006 -1. -0. -0.006 0. 0. -1. 0.
1. 0.001 0. 0.019 0.001 -1. -0. -0.005 0. 0. -1. 0.
1. -0.006 -0. 0.064 -0.006 -1. -0. 0.002 0. 0. -1. 0.
1. -0.003 -0. 0.112 -0.003 -1. -0. -0.050 0. 0. -1. 0.
1. -0.013 -0. 0.196 -0.013 -1. -0. 0.015 0. 0. -1. 0.
1.000 -0.017 -0. 0.332 -0.017 -1.000 -0. -0.020 0. 0. -1. 0.
0.999 -0.034 -0. 0.616 -0.034 -0.999 -0. -0.000 0. 0. -1. 0.
0.998 -0.058 -0. 0.976 -0.058 -0.998 -0. -0.113 0. 0. -1. 0.
0.996 -0.088 -0. 1.438 -0.088 -0.996 -0. -0.131 0. 0. -1. 0.
0.993 -0.119 -0. 1.957 -0.119 -0.993 -0. -0.219 0. 0. -1. 0.
0.990 -0.140 -0. 2.603 -0.140 -0.990 -0. -0.396 0. 0. -1. 0.
0.988 -0.153 -0. 3.415 -0.153 -0.988 -0. -0.482 0. 0. -1. 0.
0.988 -0.157 -0. 4.327 -0.157 -0.988 -0. -0.773 0. 0. -1. 0.
0.986 -0.168 -0. 5.304 -0.168 -0.986 -0. -0.850 0. 0. -1. 0.
0.985 -0.170 -0. 6.247 -0.170 -0.985 -0. -0.991 0. 0. -1. 0.
0.984 -0.176 -0. 7.396 -0.176 -0.984 -0. -1.054 0. 0. -1. 0.
0.984 -0.176 -0. 8.502 -0.176 -0.984 -0. -1.343 0. 0. -1. 0.
0.984 -0.176 -0. 9.678 -0.176 -0.984 -0. -1.616 0. 0. -1. 0.
0.984 -0.177 -0. 10.861 -0.177 -0.984 -0. -1.838 0. 0. -1. 0.
0.984 -0.180 -0. 12.141 -0.180 -0.984 -0. -2.019 0. 0. -1. 0.
0.984 -0.176 -0. 13.399 -0.176 -0.984 -0. -2.350 0. 0. -1. 0.
0.987 -0.163 -0. 14.804 -0.163 -0.987 -0. -2.560 0. 0. -1. 0.
0.990 -0.139 -0. 16.322 -0.139 -0.990 -0. -2.793 0. 0. -1. 0.
0.991 -0.137 -0. 17.759 -0.137 -0.991 -0. -3.012 0. 0. -1. 0.
0.992 -0.128 -0. 19.259 -0.128 -0.992 -0. -3.206 0. 0. -1. 0.
0.992 -0.124 -0. 20.828 -0.124 -0.992 -0. -3.419 0. 0. -1. 0.
0.993 -0.115 -0. 22.468 -0.115 -0.993 -0. -3.642 0. 0. -1. 0.
0.994 -0.110 -0. 24.127 -0.110 -0.994 -0. -3.923 0. 0. -1. 0.
0.995 -0.103 -0. 25.798 -0.103 -0.995 -0. -4.092 0. 0. -1. 0.
0.996 -0.086 -0. 27.528 -0.086 -0.996 -0. -4.306 0. 0. -1. 0.
0.997 -0.076 -0. 29.249 -0.076 -0.997 -0. -4.441 0. 0. -1. 0.
0.998 -0.066 -0. 30.973 -0.066 -0.998 -0. -4.569 0. 0. -1. 0.
0.998 -0.058 -0. 32.678 -0.058 -0.998 -0. -4.714 0. 0. -1. 0.
0.999 -0.049 -0. 34.415 -0.049 -0.999 -0. -4.771 0. 0. -1. 0.
1.000 -0.026 -0. 36.111 -0.026 -1.000 -0. -4.961 0. 0. -1. 0.
1.000 -0.020 -0. 37.892 -0.020 -1.000 -0. -4.877 0. 0. -1. 0.
1.000 -0.022 -0. 39.589 -0.022 -1.000 -0. -4.950 0. 0. -1. 0.
1.000 -0.015 -0. 41.304 -0.015 -1.000 -0. -5.161 0. 0. -1. 0.
1. -0.005 -0. 43.079 -0.005 -1. -0. -5.080 0. 0. -1. 0.
1. -0.004 -0. 44.904 -0.004 -1. -0. -5.128 0. 0. -1. 0.
1. -0.004 -0. 46.699 -0.004 -1. -0. -5.228 0. 0. -1. 0.
1. -0.012 -0. 48.509 -0.012 -1. -0. -5.157 0. 0. -1. 0.
1. -0.009 -0. 50.411 -0.009 -1. -0. -5.239 0. 0. -1. 0.
1. -0.008 -0. 52.309 -0.008 -1. -0. -5.241 0. 0. -1. 0.
1. -0.011 -0. 54.189 -0.011 -1. -0. -5.142 0. 0. -1. 0.
1. -0.007 -0. 56.153 -0.007 -1. -0. -5.384 0. 0. -1. 0.
1. -0.002 -0. 58.081 -0.002 -1. -0. -5.479 0. 0. -1. 0.
1. -0.003 -0. 60.110 -0.003 -1. -0. -5.416 0. 0. -1. 0.
1. -0.007 -0. 62.127 -0.007 -1. -0. -5.485 0. 0. -1. 0.
1. -0.007 -0. 64.167 -0.007 -1. -0. -5.569 0. 0. -1. 0.
1. -0.006 -0. 66.161 -0.006 -1. -0. -5.673 0. 0. -1. 0.
1. -0.004 -0. 68.170 -0.004 -1. -0. -5.643 0. 0. -1. 0.
1. -0.009 -0. 70.191 -0.009 -1. -0. -5.575 0. 0. -1. 0.
1. -0.004 -0. 72.167 -0.004 -1. -0. -5.603 0. 0. -1. 0.
1. -0.003 -0. 74.173 -0.003 -1. -0. -5.625 0. 0. -1. 0.
1. -0.009 -0. 76.113 -0.009 -1. -0. -5.714 0. 0. -1. 0.
1. -0.008 -0. 78.107 -0.008 -1. -0. -5.733 0. 0. -1. 0.
1.000 -0.023 -0. 80.076 -0.023 -1.000 -0. -5.824 0. 0. -1. 0.
0.999 -0.038 -0. 82.006 -0.038 -0.999 -0. -5.884 0. 0. -1. 0.
0.998 -0.069 -0. 83.952 -0.069 -0.998 -0. -6.060 0. 0. -1. 0.
0.995 -0.099 -0. 85.770 -0.099 -0.995 -0. -6.258 0. 0. -1. 0.
0.992 -0.127 -0. 87.656 -0.127 -0.992 -0. -6.460 0. 0. -1. 0.
0.986 -0.165 -0. 89.451 -0.165 -0.986 -0. -6.784 0. 0. -1. 0.
0.976 -0.217 -0. 91.208 -0.217 -0.976 -0. -7.214 0. 0. -1. 0.
0.964 -0.265 -0. 92.939 -0.265 -0.964 -0. -7.654 0. 0. -1. 0.
0.953 -0.304 -0. 94.623 -0.304 -0.953 -0. -8.241 0. 0. -1. 0.
0.936 -0.351 -0. 96.300 -0.351 -0.936 -0. -8.881 0. 0. -1. 0.
0.916 -0.401 -0. 97.887 -0.401 -0.916 -0. -9.584 0. 0. -1. 0.
0.893 -0.451 -0. 99.426 -0.451 -0.893 -0. -10.455 0. 0. -1. 0.
0.867 -0.499 -0. 100.919 -0.499 -0.867 -0. -11.235 0. 0. -1. 0.
0.840 -0.543 -0. 102.257 -0.543 -0.840 -0. -12.303 0. 0. -1. 0.
0.806 -0.593 -0. 103.697 -0.593 -0.806 -0. -13.302 0. 0. -1. 0.
0.761 -0.649 -0. 105.171 -0.649 -0.761 -0. -14.275 0. 0. -1. 0.
0.717 -0.698 -0. 106.339 -0.698 -0.717 -0. -15.494 0. 0. -1. 0.
0.663 -0.748 -0. 107.412 -0.748 -0.663 -0. -16.705 0. 0. -1. 0.
0.610 -0.793 -0. 108.516 -0.793 -0.610 -0. -18.002 0. 0. -1. 0.
0.558 -0.830 -0. 109.225 -0.830 -0.558 -0. -19.572 0. 0. -1. 0.
0.507 -0.862 -0. 110.178 -0.862 -0.507 -0. -20.898 0. 0. -1. 0.
0.456 -0.890 -0. 110.924 -0.890 -0.456 -0. -22.318 0. 0. -1. 0.
0.423 -0.906 -0. 111.495 -0.906 -0.423 -0. -23.979 0. 0. -1. 0.
0.390 -0.921 -0. 112.345 -0.921 -0.390 -0. -25.431 0. 0. -1. 0.
0.368 -0.930 -0. 112.764 -0.930 -0.368 -0. -27.147 0. 0. -1. 0.
0.346 -0.938 -0. 113.280 -0.938 -0.346 -0. -28.910 0. 0. -1. 0.
0.335 -0.942 -0. 113.895 -0.942 -0.335 -0. -30.611 0. 0. -1. 0.
0.330 -0.944 -0. 114.508 -0.944 -0.330 -0. -32.336 0. 0. -1. 0.
0.330 -0.944 -0. 115.271 -0.944 -0.330 -0. -34.000 0. 0. -1. 0.
0.329 -0.944 -0. 115.918 -0.944 -0.329 -0. -35.751 0. 0. -1. 0.
0.344 -0.939 -0. 116.262 -0.939 -0.344 -0. -37.583 0. 0. -1. 0.
0.360 -0.933 -0. 117.214 -0.933 -0.360 -0. -39.396 0. 0. -1. 0.
0.372 -0.928 -0. 117.887 -0.928 -0.372 -0. -41.184 0. 0. -1. 0.
0.384 -0.923 -0. 118.543 -0.923 -0.384 -0. -42.973 0. 0. -1. 0.
0.407 -0.914 -0. 119.209 -0.914 -0.407 -0. -44.756 0. 0. -1. 0.
0.423 -0.906 -0. 120.042 -0.906 -0.423 -0. -46.594 0. 0. -1. 0.
0.434 -0.901 -0. 120.913 -0.901 -0.434 -0. -48.340 0. 0. -1. 0.
0.453 -0.892 -0. 121.636 -0.892 -0.453 -0. -50.061 0. 0. -1. 0.
0.467 -0.884 -0. 122.501 -0.884 -0.467 -0. -51.744 0. 0. -1. 0.
0.474 -0.881 -0. 123.324 -0.881 -0.474 -0. -53.457 0. 0. -1. 0.
0.476 -0.879 -0. 124.107 -0.879 -0.476 -0. -55.079 0. 0. -1. 0.
0.484 -0.875 -0. 124.984 -0.875 -0.484 -0. -56.648 0. 0. -1. 0.
0.488 -0.873 -0. 125.923 -0.873 -0.488 -0. -58.326 0. 0. -1. 0.
0.488 -0.873 -0. 126.847 -0.873 -0.488 -0. -59.896 0. 0. -1. 0.
0.495 -0.869 -0. 127.506 -0.869 -0.495 -0. -61.376 0. 0. -1. 0.
0.501 -0.865 -0. 128.600 -0.865 -0.501 -0. -62.959 0. 0. -1. 0.
0.513 -0.859 -0. 129.481 -0.859 -0.513 -0. -64.476 0. 0. -1. 0.
0.519 -0.855 -0. 130.306 -0.855 -0.519 -0. -65.961 0. 0. -1. 0.
0.522 -0.853 -0. 131.276 -0.853 -0.522 -0. -67.413 0. 0. -1. 0.
0.534 -0.845 -0. 132.076 -0.845 -0.534 -0. -68.865 0. 0. -1. 0.
0.537 -0.843 -0. 133.026 -0.843 -0.537 -0. -70.244 0. 0. -1. 0.
0.563 -0.826 -0. 133.737 -0.826 -0.563 -0. -71.591 0. 0. -1. 0.
0.592 -0.806 -0. 134.886 -0.806 -0.592 -0. -72.838 0. 0. -1. 0.
0.640 -0.769 -0. 135.782 -0.769 -0.640 -0. -74.050 0. 0. -1. 0.
0.689 -0.725 -0. 136.787 -0.725 -0.689 -0. -75.241 0. 0. -1. 0.
0.744 -0.668 -0. 137.870 -0.668 -0.744 -0. -76.074 0. 0. -1. 0.
0.804 -0.595 -0. 138.886 -0.595 -0.804 -0. -76.855 0. 0. -1. 0.
0.864 -0.504 -0. 139.902 -0.504 -0.864 -0. -77.503 0. 0. -1. 0.
0.915 -0.404 -0. 140.951 -0.404 -0.915 -0. -77.937 0. 0. -1. 0.
0.961 -0.277 -0. 141.790 -0.277 -0.961 -0. -78.200 0. 0. -1. 0.
0.989 -0.147 -0. 142.751 -0.147 -0.989 -0. -78.284 0. 0. -1. 0.
1. 0.007 0. 143.602 0.007 -1. -0. -78.331 0. 0. -1. 0.
0.985 0.173 0. 144.402 0.173 -0.985 -0. -78.106 0. 0. -1. 0.
0.941 0.337 0. 145.188 0.337 -0.941 -0. -77.815 0. 0. -1. 0.
0.866 0.501 0. 145.873 0.501 -0.866 -0. -77.278 0. 0. -1. 0.
0.760 0.650 0. 146.424 0.650 -0.760 -0. -76.747 0. 0. -1. 0.
0.630 0.777 0. 146.875 0.777 -0.630 -0. -76.063 0. 0. -1. 0.
0.483 0.876 0. 147.200 0.876 -0.483 -0. -75.377 0. 0. -1. 0.
0.323 0.946 0. 147.387 0.946 -0.323 -0. -74.632 0. 0. -1. 0.
0.145 0.989 0. 147.453 0.989 -0.145 -0. -73.909 0. 0. -1. 0.
-0.036 0.999 0. 147.377 0.999 0.036 0. -73.118 0. 0. -1. 0.
-0.218 0.976 0. 147.150 0.976 0.218 0. -72.388 0. 0. -1. 0.
-0.398 0.917 0. 146.684 0.917 0.398 0. -71.603 0. 0. -1. 0.
-0.556 0.831 0. 146.174 0.831 0.556 0. -70.819 0. 0. -1. 0.
-0.680 0.734 0. 145.531 0.734 0.680 0. -70.169 0. 0. -1. 0.
-0.768 0.640 0. 144.725 0.640 0.768 0. -69.481 0. 0. -1. 0.
-0.826 0.564 0. 143.779 0.564 0.826 0. -68.947 0. 0. -1. 0.
-0.863 0.505 0. 142.789 0.505 0.863 0. -68.500 0. 0. -1. 0.
-0.878 0.479 0. 141.684 0.479 0.878 0. -68.039 0. 0. -1. 0.
-0.882 0.471 0. 140.719 0.471 0.882 0. -67.247 0. 0. -1. 0.
-0.881 0.473 0. 139.431 0.473 0.881 0. -66.696 0. 0. -1. 0.
-0.874 0.486 0. 138.374 0.486 0.874 0. -66.082 0. 0. -1. 0.
-0.864 0.503 0. 137.243 0.503 0.864 0. -65.338 0. 0. -1. 0.
-0.851 0.526 0. 135.912 0.526 0.851 0. -64.496 0. 0. -1. 0.
-0.827 0.562 0. 134.739 0.562 0.827 0. -63.701 0. 0. -1. 0.
-0.801 0.599 0. 133.561 0.599 0.801 0. -62.710 0. 0. -1. 0.
-0.777 0.629 0. 132.372 0.629 0.777 0. -61.691 0. 0. -1. 0.
-0.746 0.666 0. 131.061 0.666 0.746 0. -60.532 0. 0. -1. 0.
-0.714 0.700 0. 129.870 0.700 0.714 0. -59.292 0. 0. -1. 0.
-0.675 0.738 0. 128.713 0.738 0.675 0. -57.951 0. 0. -1. 0.
-0.642 0.767 0. 127.538 0.767 0.642 0. -56.611 0. 0. -1. 0.
-0.611 0.792 0. 126.357 0.792 0.611 0. -55.008 0. 0. -1. 0.
-0.579 0.815 0. 125.352 0.815 0.579 0. -53.359 0. 0. -1. 0.
-0.547 0.837 0. 124.133 0.837 0.547 0. -51.773 0. 0. -1. 0.
-0.518 0.856 0. 123.200 0.856 0.518 0. -50.053 0. 0. -1. 0.
-0.483 0.876 0. 122.223 0.876 0.483 0. -48.327 0. 0. -1. 0.
-0.452 0.892 0. 121.344 0.892 0.452 0. -46.505 0. 0. -1. 0.
-0.429 0.903 0. 120.494 0.903 0.429 0. -44.691 0. 0. -1. 0.
-0.397 0.918 0. 119.684 0.918 0.397 0. -42.808 0. 0. -1. 0.
-0.369 0.929 0. 118.956 0.929 0.369 0. -40.843 0. 0. -1. 0.
-0.350 0.937 0. 118.386 0.937 0.350 0. -38.907 0. 0. -1. 0.
-0.331 0.944 0. 117.528 0.944 0.331 0. -36.935 0. 0. -1. 0.
-0.316 0.949 0. 116.743 0.949 0.316 0. -34.947 0. 0. -1. 0.
-0.314 0.949 0. 116.198 0.949 0.314 0. -32.992 0. 0. -1. 0.
-0.323 0.946 0. 115.625 0.946 0.323 0. -30.977 0. 0. -1. 0.
-0.333 0.943 0. 114.909 0.943 0.333 0. -28.960 0. 0. -1. 0.
-0.352 0.936 0. 114.068 0.936 0.352 0. -27.090 0. 0. -1. 0.
-0.385 0.923 0. 113.538 0.923 0.385 0. -25.183 0. 0. -1. 0.
-0.424 0.906 0. 112.758 0.906 0.424 0. -23.357 0. 0. -1. 0.
-0.469 0.883 0. 111.847 0.883 0.469 0. -21.554 0. 0. -1. 0.
-0.516 0.856 0. 110.841 0.856 0.516 0. -19.900 0. 0. -1. 0.
-0.572 0.821 0. 109.973 0.821 0.572 0. -18.262 0. 0. -1. 0.
-0.629 0.777 0. 108.966 0.777 0.629 0. -16.690 0. 0. -1. 0.
-0.676 0.737 0. 107.496 0.737 0.676 0. -15.278 0. 0. -1. 0.
-0.721 0.692 0. 106.302 0.692 0.721 0. -13.896 0. 0. -1. 0.
-0.763 0.646 0. 104.910 0.646 0.763 0. -12.646 0. 0. -1. 0.
-0.796 0.606 0. 103.412 0.606 0.796 0. -11.613 0. 0. -1. 0.
-0.835 0.550 0. 102.034 0.550 0.835 0. -10.553 0. 0. -1. 0.
-0.867 0.499 0. 100.448 0.499 0.867 0. -9.562 0. 0. -1. 0.
-0.895 0.446 0. 98.792 0.446 0.895 0. -8.744 0. 0. -1. 0.
-0.919 0.393 0. 97.112 0.393 0.919 0. -8.002 0. 0. -1. 0.
-0.942 0.337 0. 95.409 0.337 0.942 0. -7.285 0. 0. -1. 0.
-0.960 0.280 0. 93.561 0.280 0.960 0. -6.787 0. 0. -1. 0.
-0.973 0.229 0. 91.782 0.229 0.973 0. -6.317 0. 0. -1. 0.
-0.983 0.185 0. 89.897 0.185 0.983 0. -6.006 0. 0. -1. 0.
-0.990 0.144 0. 87.907 0.144 0.990 0. -5.745 0. 0. -1. 0.
-0.995 0.102 0. 86.014 0.102 0.995 0. -5.522 0. 0. -1. 0.
-0.998 0.066 0. 83.986 0.066 0.998 0. -5.262 0. 0. -1. 0.
-0.999 0.049 0. 81.970 0.049 0.999 0. -5.263 0. 0. -1. 0.
-0.999 0.037 0. 79.947 0.037 0.999 0. -5.173 0. 0. -1. 0.
-1.000 0.028 0. 77.826 0.028 1.000 0. -5.103 0. 0. -1. 0.
-1.000 0.016 0. 75.736 0.016 1.000 0. -5.033 0. 0. -1. 0.
-1. 0.006 0. 73.612 0.006 1. 0. -4.957 0. 0. -1. 0.
-1. 0.006 0. 71.367 0.006 1. 0. -4.938 0. 0. -1. 0.
-1. -0.000 -0. 69.178 -0.000 1. 0. -4.997 0. 0. -1. 0.
-1. -0.001 -0. 66.925 -0.001 1. 0. -5.054 0. 0. -1. 0.
-1. 0.006 0. 64.678 0.006 1. 0. -5.007 0. 0. -1. 0.
-1. 0.007 0. 62.427 0.007 1. 0. -4.903 0. 0. -1. 0.
-1. 0.000 0. 60.137 0.000 1. 0. -4.705 0. 0. -1. 0.
-1. -0.001 -0. 57.801 -0.001 1. 0. -4.775 0. 0. -1. 0.
-1.000 -0.014 -0. 55.555 -0.014 1.000 0. -4.749 0. 0. -1. 0.
-1.000 -0.022 -0. 53.280 -0.022 1.000 0. -4.731 0. 0. -1. 0.
-1.000 -0.022 -0. 51.067 -0.022 1.000 0. -4.807 0. 0. -1. 0.
-1.000 -0.024 -0. 48.840 -0.024 1.000 0. -4.755 0. 0. -1. 0.
-1.000 -0.021 -0. 46.615 -0.021 1.000 0. -4.784 0. 0. -1. 0.
-1. 0.001 0. 44.557 0.001 1. 0. -4.865 0. 0. -1. 0.
-1.000 0.026 0. 42.307 0.026 1.000 0. -4.757 0. 0. -1. 0.
-0.999 0.044 0. 40.220 0.044 0.999 0. -4.722 0. 0. -1. 0.
-0.998 0.063 0. 38.098 0.063 0.998 0. -4.473 0. 0. -1. 0.
-0.997 0.082 0. 35.953 0.082 0.997 0. -4.256 0. 0. -1. 0.
-0.995 0.100 0. 33.838 0.100 0.995 0. -4.056 0. 0. -1. 0.
-0.995 0.101 0. 31.658 0.101 0.995 0. -3.607 0. 0. -1. 0.
-0.994 0.111 0. 29.473 0.111 0.994 0. -3.511 0. 0. -1. 0.
-0.994 0.111 0. 27.252 0.111 0.994 0. -3.167 0. 0. -1. 0.
-0.993 0.117 0. 24.975 0.117 0.993 0. -2.872 0. 0. -1. 0.
-0.993 0.122 0. 22.717 0.122 0.993 0. -2.457 0. 0. -1. 0.
-0.992 0.123 0. 20.387 0.123 0.992 0. -2.279 0. 0. -1. 0.
-0.992 0.123 0. 18.093 0.123 0.992 0. -1.997 0. 0. -1. 0.
-0.993 0.117 0. 15.763 0.117 0.993 0. -1.629 0. 0. -1. 0.
-0.992 0.125 0. 13.378 0.125 0.992 0. -1.370 0. 0. -1. 0.
-0.994 0.114 0. 11.088 0.114 0.994 0. -0.941 0. 0. -1. 0.
-0.993 0.116 0. 8.701 0.116 0.993 0. -0.650 0. 0. -1. 0.
-0.993 0.122 0. 6.288 0.122 0.993 0. -0.377 0. 0. -1. 0.
-0.994 0.111 0. 4.049 0.111 0.994 0. -0.006 0. 0. -1. 0.
-0.994 0.110 0. 1.631 0.110 0.994 0. 0.214 0. 0. -1. 0.
-0.995 0.104 0. -0.708 0.104 0.995 0. 0.572 0. 0. -1. 0.
-0.994 0.107 0. -2.960 0.107 0.994 0. 0.921 0. 0. -1. 0.
-0.995 0.102 0. -5.338 0.102 0.995 0. 1.237 0. 0. -1. 0.
-0.995 0.096 0. -7.594 0.096 0.995 0. 1.388 0. 0. -1. 0.
-0.995 0.100 0. -9.866 0.100 0.995 0. 1.711 0. 0. -1. 0.
-0.996 0.086 0. -12.088 0.086 0.996 0. 1.791 0. 0. -1. 0.
-0.996 0.085 0. -14.326 0.085 0.996 0. 1.988 0. 0. -1. 0.
-0.997 0.079 0. -16.480 0.079 0.997 0. 2.294 0. 0. -1. 0.
-0.998 0.068 0. -18.746 0.068 0.998 0. 2.557 0. 0. -1. 0.
-0.998 0.069 0. -20.928 0.069 0.998 0. 2.778 0. 0. -1. 0.
-0.998 0.066 0. -23.101 0.066 0.998 0. 2.870 0. 0. -1. 0.
-0.998 0.056 0. -25.264 0.056 0.998 0. 3.103 0. 0. -1. 0.
-0.998 0.064 0. -27.421 0.064 0.998 0. 3.207 0. 0. -1. 0.
-0.998 0.058 0. -29.442 0.058 0.998 0. 3.370 0. 0. -1. 0.
-0.999 0.051 0. -31.550 0.051 0.999 0. 3.442 0. 0. -1. 0.
-0.999 0.050 0. -33.707 0.050 0.999 0. 3.410 0. 0. -1. 0.
-0.999 0.050 0. -35.749 0.050 0.999 0. 3.484 0. 0. -1. 0.
-0.999 0.049 0. -37.896 0.049 0.999 0. 3.573 0. 0. -1. 0.
-0.999 0.048 0. -39.915 0.048 0.999 0. 3.812 0. 0. -1. 0.
-0.999 0.053 0. -41.901 0.053 0.999 0. 3.956 0. 0. -1. 0.
-0.999 0.054 0. -43.814 0.054 0.999 0. 4.140 0. 0. -1. 0.
-0.999 0.051 0. -45.719 0.051 0.999 0. 4.257 0. 0. -1. 0.
-0.999 0.052 0. -47.469 0.052 0.999 0. 4.418 0. 0. -1. 0.
-0.999 0.051 0. -49.138 0.051 0.999 0. 4.544 0. 0. -1. 0.
-0.999 0.054 0. -50.880 0.054 0.999 0. 4.598 0. 0. -1. 0.
-0.998 0.068 0. -52.510 0.068 0.998 0. 4.678 0. 0. -1. 0.
-0.997 0.074 0. -54.024 0.074 0.997 0. 4.781 0. 0. -1. 0.
-0.996 0.086 0. -55.514 0.086 0.996 0. 4.935 0. 0. -1. 0.
-0.995 0.100 0. -56.835 0.100 0.995 0. 5.211 0. 0. -1. 0.
-0.992 0.129 0. -58.057 0.129 0.992 0. 5.305 0. 0. -1. 0.
-0.988 0.155 0. -59.280 0.155 0.988 0. 5.573 0. 0. -1. 0.
-0.978 0.207 0. -60.408 0.207 0.978 0. 5.824 0. 0. -1. 0.
-0.969 0.248 0. -61.446 0.248 0.969 0. 5.970 0. 0. -1. 0.
-0.953 0.302 0. -62.348 0.302 0.953 0. 6.508 0. 0. -1. 0.
-0.930 0.368 0. -63.296 0.368 0.930 0. 6.818 0. 0. -1. 0.
-0.896 0.443 0. -64.271 0.443 0.896 0. 7.273 0. 0. -1. 0.
-0.853 0.522 0. -65.034 0.522 0.853 0. 7.812 0. 0. -1. 0.
-0.808 0.590 0. -65.717 0.590 0.808 0. 8.445 0. 0. -1. 0.
-0.737 0.676 0. -66.512 0.676 0.737 0. 9.063 0. 0. -1. 0.
-0.665 0.747 0. -67.110 0.747 0.665 0. 9.826 0. 0. -1. 0.
-0.580 0.815 0. -67.585 0.815 0.580 0. 10.764 0. 0. -1. 0.
-0.473 0.881 0. -68.209 0.881 0.473 0. 11.570 0. 0. -1. 0.
-0.375 0.927 0. -68.495 0.927 0.375 0. 12.524 0. 0. -1. 0.
-0.265 0.964 0. -68.878 0.964 0.265 0. 13.690 0. 0. -1. 0.
-0.181 0.984 0. -68.912 0.984 0.181 0. 14.871 0. 0. -1. 0.
-0.099 0.995 0. -69.240 0.995 0.099 0. 16.104 0. 0. -1. 0.
-0.057 0.998 0. -69.340 0.998 0.057 0. 17.312 0. 0. -1. 0.
-0.034 0.999 0. -69.273 0.999 0.034 0. 18.853 0. 0. -1. 0.
-0.004 1. 0. -69.072 1. 0.004 0. 20.327 0. 0. -1. 0.
0.006 1. 0. -69.235 1. -0.006 -0. 21.923 0. 0. -1. 0.
0.015 1.000 0. -68.978 1.000 -0.015 -0. 23.550 0. 0. -1. 0.
0.019 1.000 0. -69.069 1.000 -0.019 -0. 25.254 0. 0. -1. 0.
0.032 0.999 0. -68.789 0.999 -0.032 -0. 26.973 0. 0. -1. 0.
0.033 0.999 0. -68.938 0.999 -0.033 -0. 28.877 0. 0. -1. 0.
0.043 0.999 0. -68.562 0.999 -0.043 -0. 30.549 0. 0. -1. 0.
0.056 0.998 0. -68.597 0.998 -0.056 -0. 32.530 0. 0. -1. 0.
0.075 0.997 0. -68.223 0.997 -0.075 -0. 34.256 0. 0. -1. 0.
0.097 0.995 0. -68.184 0.995 -0.097 -0. 36.264 0. 0. -1. 0.
0.115 0.993 0. -67.871 0.993 -0.115 -0. 38.057 0. 0. -1. 0.
0.148 0.989 0. -67.769 0.989 -0.148 -0. 40.154 0. 0. -1. 0.
0.167 0.986 0. -67.334 0.986 -0.167 -0. 42.019 0. 0. -1. 0.
0.176 0.984 0. -66.791 0.984 -0.176 -0. 44.027 0. 0. -1. 0.
0.181 0.983 0. -66.399 0.983 -0.181 -0. 45.822 0. 0. -1. 0.
0.182 0.983 0. -65.988 0.983 -0.182 -0. 47.821 0. 0. -1. 0.
0.172 0.985 0. -65.682 0.985 -0.172 -0. 49.828 0. 0. -1. 0.
0.171 0.985 0. -65.316 0.985 -0.171 -0. 51.671 0. 0. -1. 0.
0.161 0.987 0. -64.914 0.987 -0.161 -0. 53.579 0. 0. -1. 0.
0.149 0.989 0. -64.578 0.989 -0.149 -0. 55.620 0. 0. -1. 0.
0.142 0.990 0. -64.255 0.990 -0.142 -0. 57.541 0. 0. -1. 0.
0.129 0.992 0. -64.072 0.992 -0.129 -0. 59.632 0. 0. -1. 0.
0.123 0.992 0. -63.701 0.992 -0.123 -0. 61.599 0. 0. -1. 0.
0.109 0.994 0. -63.472 0.994 -0.109 -0. 63.616 0. 0. -1. 0.
0.106 0.994 0. -63.157 0.994 -0.106 -0. 65.690 0. 0. -1. 0.
0.098 0.995 0. -63.033 0.995 -0.098 -0. 67.613 0. 0. -1. 0.
0.095 0.995 0. -62.769 0.995 -0.095 -0. 69.532 0. 0. -1. 0.
0.080 0.997 0. -62.603 0.997 -0.080 -0. 71.492 0. 0. -1. 0.
0.069 0.998 0. -62.397 0.998 -0.069 -0. 73.454 0. 0. -1. 0.
0.053 0.999 0. -62.314 0.999 -0.053 -0. 75.324 0. 0. -1. 0.
0.030 1.000 0. -62.249 1.000 -0.030 -0. 77.197 0. 0. -1. 0.
0.014 1. 0. -62.164 1. -0.014 -0. 79.059 0. 0. -1. 0.
-0.025 1.000 0. -62.183 1.000 0.025 0. 80.828 0. 0. -1. 0.
-0.057 0.998 0. -62.203 0.998 0.057 0. 82.717 0. 0. -1. 0.
-0.107 0.994 0. -62.333 0.994 0.107 0. 84.422 0. 0. -1. 0.
-0.170 0.985 0. -62.587 0.985 0.170 0. 86.154 0. 0. -1. 0.
-0.235 0.972 0. -62.960 0.972 0.235 0. 87.790 0. 0. -1. 0.
-0.295 0.955 0. -63.488 0.955 0.295 0. 89.479 0. 0. -1. 0.
-0.360 0.933 0. -64.039 0.933 0.360 0. 90.928 0. 0. -1. 0.
-0.434 0.901 0. -64.660 0.901 0.434 0. 92.351 0. 0. -1. 0.
-0.508 0.861 0. -65.322 0.861 0.508 0. 93.765 0. 0. -1. 0.
-0.577 0.817 0. -66.176 0.817 0.577 0. 95.119 0. 0. -1. 0.
-0.657 0.754 0. -67.224 0.754 0.657 0. 96.204 0. 0. -1. 0.
-0.722 0.692 0. -68.197 0.692 0.722 0. 97.361 0. 0. -1. 0.
-0.785 0.619 0. -69.429 0.619 0.785 0. 98.265 0. 0. -1. 0.
-0.839 0.544 0. -70.581 0.544 0.839 0. 99.110 0. 0. -1. 0.
-0.883 0.469 0. -71.947 0.469 0.883 0. 99.761 0. 0. -1. 0.
-0.918 0.397 0. -73.227 0.397 0.918 0. 100.295 0. 0. -1. 0.
-0.939 0.344 0. -74.728 0.344 0.939 0. 100.731 0. 0. -1. 0.
-0.952 0.307 0. -76.006 0.307 0.952 0. 101.352 0. 0. -1. 0.
-0.958 0.286 0. -77.181 0.286 0.958 0. 101.894 0. 0. -1. 0.
-0.961 0.275 0. -78.740 0.275 0.961 0. 102.305 0. 0. -1. 0.
-0.965 0.263 0. -80.221 0.263 0.965 0. 102.699 0. 0. -1. 0.
-0.960 0.279 0. -81.826 0.279 0.960 0. 103.088 0. 0. -1. 0.
-0.955 0.296 0. -83.336 0.296 0.955 0. 103.623 0. 0. -1. 0.
-0.941 0.337 0. -84.948 0.337 0.941 0. 104.063 0. 0. -1. 0.
-0.923 0.384 0. -86.404 0.384 0.923 0. 104.848 0. 0. -1. 0.
-0.898 0.440 0. -87.905 0.440 0.898 0. 105.637 0. 0. -1. 0.
-0.869 0.495 0. -89.354 0.495 0.869 0. 106.553 0. 0. -1. 0.
-0.835 0.550 0. -90.856 0.550 0.835 0. 107.522 0. 0. -1. 0.
-0.798 0.602 0. -92.232 0.602 0.798 0. 108.646 0. 0. -1. 0.
-0.774 0.633 0. -93.632 0.633 0.774 0. 109.806 0. 0. -1. 0.
-0.746 0.666 0. -95.044 0.666 0.746 0. 111.025 0. 0. -1. 0.
-0.736 0.677 0. -96.481 0.677 0.736 0. 112.246 0. 0. -1. 0.
-0.718 0.696 0. -97.824 0.696 0.718 0. 113.666 0. 0. -1. 0.
-0.711 0.703 0. -99.178 0.703 0.711 0. 115.114 0. 0. -1. 0.
-0.703 0.711 0. -100.543 0.711 0.703 0. 116.569 0. 0. -1. 0.
-0.694 0.720 0. -102.033 0.720 0.694 0. 117.993 0. 0. -1. 0.
-0.684 0.729 0. -103.329 0.729 0.684 0. 119.536 0. 0. -1. 0.
-0.678 0.735 0. -104.847 0.735 0.678 0. 121.011 0. 0. -1. 0.
-0.677 0.736 0. -106.188 0.736 0.677 0. 122.712 0. 0. -1. 0.
-0.671 0.741 0. -107.591 0.741 0.671 0. 124.477 0. 0. -1. 0.
-0.668 0.745 0. -109.156 0.745 0.668 0. 125.970 0. 0. -1. 0.
-0.672 0.740 0. -110.597 0.740 0.672 0. 127.735 0. 0. -1. 0.
-0.666 0.746 0. -112.145 0.746 0.666 0. 129.490 0. 0. -1. 0.
-0.671 0.742 0. -113.651 0.742 0.671 0. 131.180 0. 0. -1. 0.
-0.676 0.737 0. -115.173 0.737 0.676 0. 132.996 0. 0. -1. 0.
-0.673 0.739 0. -116.772 0.739 0.673 0. 134.833 0. 0. -1. 0.
-0.673 0.740 0. -118.368 0.740 0.673 0. 136.660 0. 0. -1. 0.
-0.669 0.743 0. -119.984 0.743 0.669 0. 138.456 0. 0. -1. 0.
-0.670 0.743 0. -121.517 0.743 0.670 0. 140.445 0. 0. -1. 0.
-0.668 0.744 0. -123.329 0.744 0.668 0. 142.183 0. 0. -1. 0.
-0.670 0.742 0. -124.868 0.742 0.670 0. 144.187 0. 0. -1. 0.
-0.667 0.745 0. -126.487 0.745 0.667 0. 146.063 0. 0. -1. 0.
-0.662 0.749 0. -128.115 0.749 0.662 0. 147.901 0. 0. -1. 0.
-0.656 0.755 0. -129.682 0.755 0.656 0. 149.894 0. 0. -1. 0.
-0.657 0.754 0. -131.146 0.754 0.657 0. 151.798 0. 0. -1. 0.
-0.653 0.758 0. -132.824 0.758 0.653 0. 153.619 0. 0. -1. 0.
-0.645 0.764 0. -134.281 0.764 0.645 0. 155.511 0. 0. -1. 0.
-0.634 0.773 0. -135.864 0.773 0.634 0. 157.301 0. 0. -1. 0.
-0.628 0.779 0. -137.281 0.779 0.628 0. 159.169 0. 0. -1. 0.
-0.619 0.785 0. -138.693 0.785 0.619 0. 161.028 0. 0. -1. 0.
-0.599 0.801 0. -140.094 0.801 0.599 0. 162.946 0. 0. -1. 0.
-0.578 0.816 0. -141.276 0.816 0.578 0. 164.857 0. 0. -1. 0.
-0.549 0.836 0. -142.493 0.836 0.549 0. 166.780 0. 0. -1. 0.
-0.518 0.855 0. -143.730 0.855 0.518 0. 168.720 0. 0. -1. 0.
-0.484 0.875 0. -144.698 0.875 0.484 0. 170.714 0. 0. -1. 0.
-0.448 0.894 0. -145.681 0.894 0.448 0. 172.783 0. 0. -1. 0.
-0.403 0.915 0. -146.679 0.915 0.403 0. 174.851 0. 0. -1. 0.
-0.363 0.932 0. -147.483 0.932 0.363 0. 176.914 0. 0. -1. 0.
-0.327 0.945 0. -148.232 0.945 0.327 0. 179.085 0. 0. -1. 0.
-0.286 0.958 0. -148.969 0.958 0.286 0. 181.270 0. 0. -1. 0.
-0.246 0.969 0. -149.329 0.969 0.246 0. 183.576 0. 0. -1. 0.
-0.199 0.980 0. -150.008 0.980 0.199 0. 185.780 0. 0. -1. 0.
-0.164 0.986 0. -150.150 0.986 0.164 0. 188.155 0. 0. -1. 0.
-0.128 0.992 0. -150.622 0.992 0.128 0. 190.431 0. 0. -1. 0.
-0.102 0.995 0. -150.751 0.995 0.102 0. 192.845 0. 0. -1. 0.
-0.091 0.996 0. -150.943 0.996 0.091 0. 195.161 0. 0. -1. 0.
-0.076 0.997 0. -151.167 0.997 0.076 0. 197.515 0. 0. -1. 0.
-0.063 0.998 0. -151.100 0.998 0.063 0. 199.867 0. 0. -1. 0.
-0.057 0.998 0. -151.322 0.998 0.057 0. 202.237 0. 0. -1. 0.
-0.058 0.998 0. -151.025 0.998 0.058 0. 204.536 0. 0. -1. 0.
-0.061 0.998 0. -151.207 0.998 0.061 0. 206.792 0. 0. -1. 0.
-0.073 0.997 0. -151.319 0.997 0.073 0. 209.097 0. 0. -1. 0.
-0.082 0.997 0. -151.342 0.997 0.082 0. 211.349 0. 0. -1. 0.
-0.095 0.996 0. -151.680 0.996 0.095 0. 213.580 0. 0. -1. 0.
-0.115 0.993 0. -151.716 0.993 0.115 0. 215.772 0. 0. -1. 0.
-0.137 0.991 0. -152.017 0.991 0.137 0. 217.863 0. 0. -1. 0.
-0.165 0.986 0. -152.364 0.986 0.165 0. 219.899 0. 0. -1. 0.
-0.197 0.980 0. -152.765 0.980 0.197 0. 222.041 0. 0. -1. 0.
-0.241 0.971 0. -153.047 0.971 0.241 0. 224.041 0. 0. -1. 0.
-0.278 0.961 0. -153.888 0.961 0.278 0. 226.024 0. 0. -1. 0.
-0.324 0.946 0. -154.309 0.946 0.324 0. 227.956 0. 0. -1. 0.
-0.366 0.931 0. -155.057 0.931 0.366 0. 229.859 0. 0. -1. 0.
-0.421 0.907 0. -155.671 0.907 0.421 0. 231.636 0. 0. -1. 0.
-0.482 0.876 0. -156.797 0.876 0.482 0. 233.476 0. 0. -1. 0.
-0.534 0.845 0. -157.789 0.845 0.534 0. 234.984 0. 0. -1. 0.
-0.591 0.807 0. -158.821 0.807 0.591 0. 236.656 0. 0. -1. 0.
-0.650 0.760 0. -159.990 0.760 0.650 0. 238.277 0. 0. -1. 0.
-0.709 0.705 0. -161.342 0.705 0.709 0. 239.597 0. 0. -1. 0.
-0.764 0.645 0. -162.972 0.645 0.764 0. 240.847 0. 0. -1. 0.
-0.811 0.584 0. -164.690 0.584 0.811 0. 241.965 0. 0. -1. 0.
-0.852 0.523 0. -166.391 0.523 0.852 0. 243.028 0. 0. -1. 0.
-0.883 0.469 0. -168.151 0.469 0.883 0. 243.984 0. 0. -1. 0.
-0.905 0.426 0. -169.948 0.426 0.905 0. 244.998 0. 0. -1. 0.
-0.919 0.394 0. -171.908 0.394 0.919 0. 245.914 0. 0. -1. 0.
-0.929 0.369 0. -173.861 0.369 0.929 0. 246.775 0. 0. -1. 0.
-0.937 0.350 0. -175.959 0.350 0.937 0. 247.570 0. 0. -1. 0.
-0.943 0.334 0. -178.038 0.334 0.943 0. 248.331 0. 0. -1. 0.
-0.945 0.326 0. -180.187 0.326 0.945 0. 249.119 0. 0. -1. 0.
-0.947 0.320 0. -182.333 0.320 0.947 0. 249.898 0. 0. -1. 0.
-0.950 0.313 0. -184.612 0.313 0.950 0. 250.671 0. 0. -1. 0.
-0.951 0.309 0. -186.791 0.309 0.951 0. 251.382 0. 0. -1. 0.
-0.952 0.307 0. -189.108 0.307 0.952 0. 252.186 0. 0. -1. 0.
-0.952 0.306 0. -191.345 0.306 0.952 0. 253.012 0. 0. -1. 0.
-0.952 0.307 0. -193.669 0.307 0.952 0. 253.767 0. 0. -1. 0.
-0.952 0.308 0. -196.054 0.308 0.952 0. 254.546 0. 0. -1. 0.
-0.953 0.305 0. -198.262 0.305 0.953 0. 255.358 0. 0. -1. 0.
-0.953 0.302 0. -200.727 0.302 0.953 0. 256.108 0. 0. -1. 0.
-0.951 0.308 0. -203.032 0.308 0.951 0. 256.816 0. 0. -1. 0.
-0.950 0.312 0. -205.161 0.312 0.950 0. 257.690 0. 0. -1. 0.
-0.949 0.314 0. -207.574 0.314 0.949 0. 258.468 0. 0. -1. 0.
-0.945 0.327 0. -209.820 0.327 0.945 0. 259.160 0. 0. -1. 0.
-0.943 0.333 0. -211.603 0.333 0.943 0. 259.987 0. 0. -1. 0.
-0.941 0.339 0. -213.774 0.339 0.941 0. 260.678 0. 0. -1. 0.
-0.934 0.357 0. -215.826 0.357 0.934 0. 261.384 0. 0. -1. 0.
-0.924 0.382 0. -217.468 0.382 0.924 0. 262.147 0. 0. -1. 0.
-0.915 0.404 0. -219.104 0.404 0.915 0. 262.928 0. 0. -1. 0.
-0.905 0.426 0. -220.808 0.426 0.905 0. 263.749 0. 0. -1. 0.
-0.893 0.451 0. -222.338 0.451 0.893 0. 264.560 0. 0. -1. 0.
-0.884 0.467 0. -223.711 0.467 0.884 0. 265.392 0. 0. -1. 0.
-0.879 0.477 0. -225.169 0.477 0.879 0. 266.153 0. 0. -1. 0.
-0.868 0.497 0. -226.458 0.497 0.868 0. 266.857 0. 0. -1. 0.
-0.869 0.496 0. -227.605 0.496 0.869 0. 267.630 0. 0. -1. 0.
-0.868 0.496 0. -228.756 0.496 0.868 0. 268.295 0. 0. -1. 0.
-0.867 0.498 0. -229.826 0.498 0.867 0. 268.936 0. 0. -1. 0.
-0.871 0.492 0. -230.765 0.492 0.871 0. 269.484 0. 0. -1. 0.
-0.869 0.494 0. -231.810 0.494 0.869 0. 270.046 0. 0. -1. 0.
-0.872 0.490 0. -232.655 0.490 0.872 0. 270.686 0. 0. -1. 0.
-0.869 0.495 0. -233.628 0.495 0.869 0. 271.110 0. 0. -1. 0.
-0.870 0.493 0. -234.340 0.493 0.870 0. 271.619 0. 0. -1. 0.
-0.867 0.499 0. -235.016 0.499 0.867 0. 271.993 0. 0. -1. 0.
-0.864 0.504 0. -235.700 0.504 0.864 0. 272.513 0. 0. -1. 0.
-0.861 0.508 0. -236.446 0.508 0.861 0. 272.890 0. 0. -1. 0.
-0.847 0.531 0. -237.205 0.531 0.847 0. 273.298 0. 0. -1. 0.
-0.830 0.557 0. -237.787 0.557 0.830 0. 273.731 0. 0. -1. 0.
-0.809 0.588 0. -238.471 0.588 0.809 0. 274.268 0. 0. -1. 0.
-0.783 0.622 0. -239.070 0.622 0.783 0. 274.803 0. 0. -1. 0.
-0.741 0.672 0. -239.743 0.672 0.741 0. 275.571 0. 0. -1. 0.
-0.693 0.721 0. -240.448 0.721 0.693 0. 276.124 0. 0. -1. 0.
-0.637 0.771 0. -241.041 0.771 0.637 0. 276.962 0. 0. -1. 0.
-0.574 0.819 0. -241.792 0.819 0.574 0. 277.825 0. 0. -1. 0.
-0.508 0.861 0. -242.231 0.861 0.508 0. 278.733 0. 0. -1. 0.
-0.439 0.899 0. -242.587 0.899 0.439 0. 279.948 0. 0. -1. 0.
-0.359 0.933 0. -243.135 0.933 0.359 0. 280.870 0. 0. -1. 0.
-0.293 0.956 0. -243.242 0.956 0.293 0. 282.104 0. 0. -1. 0.
-0.211 0.978 0. -243.632 0.978 0.211 0. 283.407 0. 0. -1. 0.
-0.125 0.992 0. -243.702 0.992 0.125 0. 284.802 0. 0. -1. 0.
-0.043 0.999 0. -243.758 0.999 0.043 0. 286.286 0. 0. -1. 0.
0.040 0.999 0. -243.609 0.999 -0.040 -0. 287.690 0. 0. -1. 0.
0.106 0.994 0. -243.367 0.994 -0.106 -0. 289.312 0. 0. -1. 0.
0.161 0.987 0. -243.111 0.987 -0.161 -0. 290.940 0. 0. -1. 0.
0.189 0.982 0. -242.744 0.982 -0.189 -0. 292.721 0. 0. -1. 0.
0.218 0.976 0. -242.293 0.976 -0.218 -0. 294.589 0. 0. -1. 0.
0.243 0.970 0. -241.794 0.970 -0.243 -0. 296.516 0. 0. -1. 0.
0.257 0.966 0. -241.302 0.966 -0.257 -0. 298.492 0. 0. -1. 0.
0.267 0.964 0. -240.636 0.964 -0.267 -0. 300.543 0. 0. -1. 0.
0.271 0.963 0. -240.035 0.963 -0.271 -0. 302.629 0. 0. -1. 0.
0.274 0.962 0. -239.225 0.962 -0.274 -0. 304.728 0. 0. -1. 0.
0.282 0.959 0. -238.715 0.959 -0.282 -0. 306.869 0. 0. -1. 0.
0.287 0.958 0. -238.033 0.958 -0.287 -0. 309.136 0. 0. -1. 0.
0.287 0.958 0. -237.224 0.958 -0.287 -0. 311.473 0. 0. -1. 0.
0.287 0.958 0. -236.425 0.958 -0.287 -0. 313.910 0. 0. -1. 0.
0.292 0.956 0. -235.730 0.956 -0.292 -0. 316.425 0. 0. -1. 0.
0.298 0.955 0. -234.850 0.955 -0.298 -0. 318.942 0. 0. -1. 0.
0.298 0.955 0. -233.922 0.955 -0.298 -0. 321.587 0. 0. -1. 0.
0.304 0.953 0. -233.002 0.953 -0.304 -0. 324.269 0. 0. -1. 0.
0.303 0.953 0. -232.014 0.953 -0.303 -0. 327.061 0. 0. -1. 0.
0.300 0.954 0. -231.026 0.954 -0.300 -0. 329.896 0. 0. -1. 0.
0.300 0.954 0. -230.032 0.954 -0.300 -0. 332.886 0. 0. -1. 0.
0.306 0.952 0. -229.046 0.952 -0.306 -0. 335.926 0. 0. -1. 0.
0.310 0.951 0. -228.011 0.951 -0.310 -0. 338.949 0. 0. -1. 0.
0.301 0.954 0. -226.905 0.954 -0.301 -0. 342.109 0. 0. -1. 0.
0.310 0.951 0. -225.890 0.951 -0.310 -0. 345.335 0. 0. -1. 0.
0.302 0.953 0. -224.755 0.953 -0.302 -0. 348.544 0. 0. -1. 0.
0.302 0.953 0. -223.611 0.953 -0.302 -0. 351.831 0. 0. -1. 0.
0.299 0.954 0. -222.533 0.954 -0.299 -0. 355.115 0. 0. -1. 0.
0.301 0.954 0. -221.324 0.954 -0.301 -0. 358.453 0. 0. -1. 0.
0.296 0.955 0. -220.293 0.955 -0.296 -0. 361.800 0. 0. -1. 0.
0.293 0.956 0. -219.156 0.956 -0.293 -0. 365.172 0. 0. -1. 0.
0.299 0.954 0. -218.090 0.954 -0.299 -0. 368.581 0. 0. -1. 0.
0.298 0.955 0. -216.895 0.955 -0.298 -0. 372.036 0. 0. -1. 0.
0.293 0.956 0. -215.757 0.956 -0.293 -0. 375.466 0. 0. -1. 0.
0.297 0.955 0. -214.634 0.955 -0.297 -0. 378.927 0. 0. -1. 0.
0.291 0.957 0. -213.477 0.957 -0.291 -0. 382.317 0. 0. -1. 0.
0.295 0.955 0. -212.325 0.955 -0.295 -0. 385.808 0. 0. -1. 0.
0.293 0.956 0. -211.147 0.956 -0.293 -0. 389.238 0. 0. -1. 0.
0.306 0.952 0. -210.056 0.952 -0.306 -0. 392.801 0. 0. -1. 0.
0.302 0.953 0. -208.703 0.953 -0.302 -0. 396.220 0. 0. -1. 0.
0.308 0.951 0. -207.648 0.951 -0.308 -0. 399.796 0. 0. -1. 0.
0.298 0.954 0. -206.320 0.954 -0.298 -0. 403.272 0. 0. -1. 0.
0.305 0.952 0. -205.189 0.952 -0.305 -0. 406.885 0. 0. -1. 0.
0.305 0.952 0. -203.914 0.952 -0.305 -0. 410.443 0. 0. -1. 0.
0.305 0.952 0. -202.776 0.952 -0.305 -0. 414.080 0. 0. -1. 0.
0.302 0.953 0. -201.464 0.953 -0.302 -0. 417.714 0. 0. -1. 0.
0.305 0.952 0. -200.308 0.952 -0.305 -0. 421.438 0. 0. -1. 0.
0.302 0.953 0. -199.007 0.953 -0.302 -0. 425.135 0. 0. -1. 0.
0.306 0.952 0. -197.829 0.952 -0.306 -0. 428.910 0. 0. -1. 0.
0.308 0.952 0. -196.452 0.952 -0.308 -0. 432.647 0. 0. -1. 0.
0.304 0.953 0. -195.073 0.953 -0.304 -0. 436.416 0. 0. -1. 0.
0.297 0.955 0. -193.826 0.955 -0.297 -0. 440.269 0. 0. -1. 0.
0.297 0.955 0. -192.590 0.955 -0.297 -0. 444.094 0. 0. -1. 0.
0.300 0.954 0. -191.378 0.954 -0.300 -0. 447.881 0. 0. -1. 0.
0.294 0.956 0. -190.024 0.956 -0.294 -0. 451.623 0. 0. -1. 0.
0.291 0.957 0. -188.711 0.957 -0.291 -0. 455.361 0. 0. -1. 0.
0.291 0.957 0. -187.586 0.957 -0.291 -0. 459.195 0. 0. -1. 0.
0.298 0.955 0. -186.280 0.955 -0.298 -0. 462.835 0. 0. -1. 0.
0.304 0.953 0. -185.120 0.953 -0.304 -0. 466.601 0. 0. -1. 0.
0.306 0.952 0. -183.897 0.952 -0.306 -0. 470.298 0. 0. -1. 0.
0.305 0.952 0. -182.610 0.952 -0.305 -0. 473.837 0. 0. -1. 0.
0.304 0.953 0. -181.422 0.953 -0.304 -0. 477.511 0. 0. -1. 0.
0.308 0.951 0. -180.151 0.951 -0.308 -0. 481.040 0. 0. -1. 0.
0.309 0.951 0. -178.887 0.951 -0.309 -0. 484.560 0. 0. -1. 0.
0.310 0.951 0. -177.775 0.951 -0.310 -0. 488.095 0. 0. -1. 0.
0.306 0.952 0. -176.421 0.952 -0.306 -0. 491.571 0. 0. -1. 0.
0.312 0.950 0. -175.372 0.950 -0.312 -0. 495.152 0. 0. -1. 0.
0.309 0.951 0. -174.120 0.951 -0.309 -0. 498.655 0. 0. -1. 0.
0.305 0.952 0. -172.956 0.952 -0.305 -0. 502.020 0. 0. -1. 0.
0.305 0.952 0. -171.880 0.952 -0.305 -0. 505.489 0. 0. -1. 0.
0.304 0.953 0. -170.746 0.953 -0.304 -0. 508.879 0. 0. -1. 0.
0.305 0.952 0. -169.507 0.952 -0.305 -0. 512.220 0. 0. -1. 0.
0.305 0.952 0. -168.402 0.952 -0.305 -0. 515.601 0. 0. -1. 0.
0.299 0.954 0. -167.208 0.954 -0.299 -0. 518.869 0. 0. -1. 0.
0.301 0.954 0. -166.302 0.954 -0.301 -0. 522.271 0. 0. -1. 0.
0.301 0.954 0. -165.300 0.954 -0.301 -0. 525.610 0. 0. -1. 0.
0.303 0.953 0. -164.028 0.953 -0.303 -0. 528.834 0. 0. -1. 0.
0.307 0.952 0. -163.011 0.952 -0.307 -0. 532.134 0. 0. -1. 0.
0.309 0.951 0. -161.885 0.951 -0.309 -0. 535.351 0. 0. -1. 0.
0.304 0.953 0. -160.797 0.953 -0.304 -0. 538.553 0. 0. -1. 0.
0.306 0.952 0. -159.824 0.952 -0.306 -0. 541.785 0. 0. -1. 0.
0.308 0.951 0. -158.572 0.951 -0.308 -0. 544.849 0. 0. -1. 0.
0.306 0.952 0. -157.558 0.952 -0.306 -0. 548.080 0. 0. -1. 0.
0.304 0.953 0. -156.526 0.953 -0.304 -0. 551.181 0. 0. -1. 0.
0.305 0.952 0. -155.701 0.952 -0.305 -0. 554.395 0. 0. -1. 0.
0.306 0.952 0. -154.687 0.952 -0.306 -0. 557.447 0. 0. -1. 0.
0.304 0.953 0. -153.643 0.953 -0.304 -0. 560.393 0. 0. -1. 0.
0.295 0.956 0. -152.545 0.956 -0.295 -0. 563.185 0. 0. -1. 0.
0.291 0.957 0. -151.649 0.957 -0.291 -0. 565.915 0. 0. -1. 0.
0.284 0.959 0. -150.823 0.959 -0.284 -0. 568.645 0. 0. -1. 0.
0.267 0.964 0. -149.919 0.964 -0.267 -0. 571.236 0. 0. -1. 0.
0.256 0.967 0. -149.385 0.967 -0.256 -0. 573.920 0. 0. -1. 0.
0.255 0.967 0. -148.663 0.967 -0.255 -0. 576.412 0. 0. -1. 0.
0.252 0.968 0. -147.896 0.968 -0.252 -0. 578.880 0. 0. -1. 0.
0.247 0.969 0. -147.111 0.969 -0.247 -0. 581.205 0. 0. -1. 0.
0.248 0.969 0. -146.650 0.969 -0.248 -0. 583.624 0. 0. -1. 0.
0.247 0.969 0. -146.050 0.969 -0.247 -0. 585.766 0. 0. -1. 0.
0.247 0.969 0. -145.442 0.969 -0.247 -0. 587.971 0. 0. -1. 0.
0.234 0.972 0. -144.848 0.972 -0.234 -0. 589.952 0. 0. -1. 0.
0.238 0.971 0. -144.424 0.971 -0.238 -0. 592.040 0. 0. -1. 0.
0.235 0.972 0. -143.971 0.972 -0.235 -0. 593.849 0. 0. -1. 0.
0.223 0.975 0. -143.502 0.975 -0.223 -0. 595.745 0. 0. -1. 0.
0.217 0.976 0. -143.119 0.976 -0.217 -0. 597.404 0. 0. -1. 0.
0.211 0.978 0. -142.713 0.978 -0.211 -0. 598.999 0. 0. -1. 0.
0.213 0.977 0. -142.331 0.977 -0.213 -0. 600.501 0. 0. -1. 0.
0.213 0.977 0. -142.036 0.977 -0.213 -0. 601.799 0. 0. -1. 0.
0.213 0.977 0. -141.816 0.977 -0.213 -0. 603.111 0. 0. -1. 0.
0.205 0.979 0. -141.558 0.979 -0.205 -0. 604.188 0. 0. -1. 0.
0.205 0.979 0. -141.287 0.979 -0.205 -0. 605.232 0. 0. -1. 0.
0.210 0.978 0. -141.027 0.978 -0.210 -0. 606.049 0. 0. -1. 0.
0.202 0.979 0. -140.897 0.979 -0.202 -0. 606.991 0. 0. -1. 0.
0.201 0.979 0. -140.609 0.979 -0.201 -0. 607.769 0. 0. -1. 0.
0.204 0.979 0. -140.528 0.979 -0.204 -0. 608.416 0. 0. -1. 0.
0.202 0.979 0. -140.347 0.979 -0.202 -0. 609.129 0. 0. -1. 0.
0.204 0.979 0. -140.281 0.979 -0.204 -0. 609.563 0. 0. -1. 0.
0.208 0.978 0. -140.187 0.978 -0.208 -0. 610.073 0. 0. -1. 0.
0.207 0.978 0. -140.035 0.978 -0.207 -0. 610.406 0. 0. -1. 0.
0.208 0.978 0. -140.040 0.978 -0.208 -0. 610.763 0. 0. -1. 0.
0.208 0.978 0. -139.963 0.978 -0.208 -0. 611.009 0. 0. -1. 0.
0.214 0.977 0. -139.955 0.977 -0.214 -0. 611.212 0. 0. -1. 0.
0.207 0.978 0. -139.864 0.978 -0.207 -0. 611.328 0. 0. -1. 0.
0.209 0.978 0. -139.899 0.978 -0.209 -0. 611.474 0. 0. -1. 0.
0.206 0.978 0. -139.841 0.978 -0.206 -0. 611.499 0. 0. -1. 0.
0.212 0.977 0. -139.898 0.977 -0.212 -0. 611.490 0. 0. -1. 0.
0.207 0.978 0. -139.825 0.978 -0.207 -0. 611.550 0. 0. -1. 0.
0.206 0.979 0. -139.892 0.979 -0.206 -0. 611.501 0. 0. -1. 0.
0.205 0.979 0. -139.886 0.979 -0.205 -0. 611.521 0. 0. -1. 0.
0.207 0.978 0. -139.896 0.978 -0.207 -0. 611.518 0. 0. -1. 0.
0.211 0.978 0. -139.891 0.978 -0.211 -0. 611.533 0. 0. -1. 0.
0.205 0.979 0. -139.869 0.979 -0.205 -0. 611.520 0. 0. -1. 0.
0.211 0.977 0. -139.862 0.977 -0.211 -0. 611.568 0. 0. -1. 0.
0.205 0.979 0. -139.844 0.979 -0.205 -0. 611.488 0. 0. -1. 0.
0.206 0.979 0. -139.901 0.979 -0.206 -0. 611.540 0. 0. -1. 0.
0.206 0.978 0. -139.865 0.978 -0.206 -0. 611.509 0. 0. -1. 0.
0.207 0.978 0. -139.903 0.978 -0.207 -0. 611.515 0. 0. -1. 0.
0.209 0.978 0. -139.950 0.978 -0.209 -0. 611.519 0. 0. -1. 0.
0.206 0.978 0. -139.873 0.978 -0.206 -0. 611.544 0. 0. -1. 0.
0.205 0.979 0. -139.899 0.979 -0.205 -0. 611.513 0. 0. -1. 0.
0.205 0.979 0. -139.885 0.979 -0.205 -0. 611.532 0. 0. -1. 0.
0.210 0.978 0. -139.899 0.978 -0.210 -0. 611.532 0. 0. -1. 0.
0.210 0.978 0. -139.871 0.978 -0.210 -0. 611.521 0. 0. -1. 0.
0.209 0.978 0. -139.787 0.978 -0.209 -0. 611.555 0. 0. -1. 0.
0.205 0.979 0. -139.825 0.979 -0.205 -0. 611.537 0. 0. -1. 0.
0.212 0.977 0. -139.884 0.977 -0.212 -0. 611.573 0. 0. -1. 0.
0.206 0.979 0. -139.893 0.979 -0.206 -0. 611.517 0. 0. -1. 0.
0.207 0.978 0. -139.804 0.978 -0.207 -0. 611.604 0. 0. -1. 0.
0.206 0.979 0. -139.878 0.979 -0.206 -0. 611.507 0. 0. -1. 0.
0.212 0.977 0. -139.938 0.977 -0.212 -0. 611.527 0. 0. -1. 0.
0.209 0.978 0. -139.895 0.978 -0.209 -0. 611.489 0. 0. -1. 0.
0.207 0.978 0. -139.919 0.978 -0.207 -0. 611.547 0. 0. -1. 0.
0.207 0.978 0. -139.872 0.978 -0.207 -0. 611.513 0. 0. -1. 0.
0.213 0.977 0. -139.869 0.977 -0.213 -0. 611.548 0. 0. -1. 0.
0.210 0.978 0. -139.882 0.978 -0.210 -0. 611.542 0. 0. -1. 0.
0.209 0.978 0. -139.874 0.978 -0.209 -0. 611.578 0. 0. -1. 0.
0.214 0.977 0. -139.898 0.977 -0.214 -0. 611.512 0. 0. -1. 0.
0.213 0.977 0. -139.930 0.977 -0.213 -0. 611.509 0. 0. -1. 0.
0.207 0.978 0. -139.930 0.978 -0.207 -0. 611.498 0. 0. -1. 0.
0.206 0.979 0. -139.781 0.979 -0.206 -0. 611.616 0. 0. -1. 0.
0.210 0.978 0. -139.799 0.978 -0.210 -0. 611.542 0. 0. -1. 0.
0.214 0.977 0. -139.888 0.977 -0.214 -0. 611.514 0. 0. -1. 0.
0.214 0.977 0. -139.905 0.977 -0.214 -0. 611.492 0. 0. -1. 0.
0.215 0.977 0. -139.832 0.977 -0.215 -0. 611.482 0. 0. -1. 0.
0.206 0.979 0. -139.914 0.979 -0.206 -0. 611.536 0. 0. -1. 0.
0.207 0.978 0. -139.883 0.978 -0.207 -0. 611.553 0. 0. -1. 0.
0.207 0.978 0. -139.821 0.978 -0.207 -0. 611.525 0. 0. -1. 0.
0.212 0.977 0. -139.879 0.977 -0.212 -0. 611.519 0. 0. -1. 0.
0.215 0.977 0. -139.851 0.977 -0.215 -0. 611.513 0. 0. -1. 0.
0.213 0.977 0. -139.820 0.977 -0.213 -0. 611.526 0. 0. -1. 0.
0.211 0.978 0. -139.931 0.978 -0.211 -0. 611.493 0. 0. -1. 0.
0.204 0.979 0. -139.859 0.979 -0.204 -0. 611.519 0. 0. -1. 0.
0.210 0.978 0. -139.860 0.978 -0.210 -0. 611.522 0. 0. -1. 0.
0.213 0.977 0. -139.856 0.977 -0.213 -0. 611.505 0. 0. -1. 0.
0.212 0.977 0. -139.870 0.977 -0.212 -0. 611.522 0. 0. -1. 0.
0.213 0.977 0. -139.869 0.977 -0.213 -0. 611.531 0. 0. -1. 0.
0.206 0.979 0. -139.849 0.979 -0.206 -0. 611.571 0. 0. -1. 0.
0.213 0.977 0. -139.839 0.977 -0.213 -0. 611.580 0. 0. -1. 0.
0.207 0.978 0. -139.892 0.978 -0.207 -0. 611.567 0. 0. -1. 0.
0.210 0.978 0. -139.891 0.978 -0.210 -0. 611.538 0. 0. -1. 0.
0.211 0.977 0. -139.910 0.977 -0.211 -0. 611.524 0. 0. -1. 0.
0.211 0.977 0. -139.881 0.977 -0.211 -0. 611.506 0. 0. -1. 0.
0.210 0.978 0. -139.886 0.978 -0.210 -0. 611.529 0. 0. -1. 0.
0.208 0.978 0. -139.867 0.978 -0.208 -0. 611.472 0. 0. -1. 0.
0.204 0.979 0. -139.872 0.979 -0.204 -0. 611.540 0. 0. -1. 0.
0.207 0.978 0. -139.889 0.978 -0.207 -0. 611.529 0. 0. -1. 0.
0.213 0.977 0. -139.907 0.977 -0.213 -0. 611.518 0. 0. -1. 0.
0.210 0.978 0. -139.717 0.978 -0.210 -0. 611.614 0. 0. -1. 0.
0.204 0.979 0. -139.866 0.979 -0.204 -0. 611.541 0. 0. -1. 0.
0.208 0.978 0. -139.812 0.978 -0.208 -0. 611.581 0. 0. -1. 0.
0.215 0.977 0. -139.902 0.977 -0.215 -0. 611.483 0. 0. -1. 0.
