1623966755105770 0.97600 0.21777 0.00000 0.26668 0.21777 -0.97600 0.00000 0.89173 0.00000 0.00000 -1.00000 0.00000
1623966755356401 0.97600 0.21776 0.00000 0.26668 0.21776 -0.97600 0.00000 0.89172 0.00000 0.00000 -1.00000 0.00000
1623966755606404 0.97600 0.21777 0.00000 0.26667 0.21777 -0.97600 0.00000 0.89171 0.00000 0.00000 -1.00000 0.00000
1623966755857034 0.97599 0.21782 0.00000 0.26662 0.21782 -0.97599 0.00000 0.89172 0.00000 0.00000 -1.00000 0.00000
1623966756107661 0.97599 0.21781 0.00000 0.26665 0.21781 -0.97599 0.00000 0.89167 0.00000 0.00000 -1.00000 0.00000
1623966756357040 0.97599 0.21782 0.00000 0.26663 0.21782 -0.97599 0.00000 0.89168 0.00000 0.00000 -1.00000 0.00000
1623966756606427 0.97599 0.21781 0.00000 0.26660 0.21781 -0.97599 0.00000 0.89172 0.00000 0.00000 -1.00000 0.00000
1623966756856439 0.97597 0.21789 0.00000 0.26654 0.21789 -0.97597 0.00000 0.89168 0.00000 0.00000 -1.00000 0.00000
1623966757106434 0.97597 0.21791 0.00000 0.26653 0.21791 -0.97597 0.00000 0.89181 0.00000 0.00000 -1.00000 0.00000
1623966757355808 0.97597 0.21789 0.00000 0.26654 0.21789 -0.97597 0.00000 0.89164 0.00000 0.00000 -1.00000 0.00000
1623966757606439 0.97598 0.21788 0.00000 0.26656 0.21788 -0.97598 0.00000 0.89183 0.00000 0.00000 -1.00000 0.00000
1623966757857079 0.97599 0.21783 0.00000 0.26664 0.21783 -0.97599 0.00000 0.89166 0.00000 0.00000 -1.00000 0.00000
1623966758107075 0.97596 0.21795 0.00000 0.26651 0.21795 -0.97596 0.00000 0.89181 0.00000 0.00000 -1.00000 0.00000
1623966758357708 0.97595 0.21800 0.00000 0.26646 0.21800 -0.97595 0.00000 0.89181 0.00000 0.00000 -1.00000 0.00000
1623966758607709 0.97598 0.21784 0.00000 0.26657 0.21784 -0.97598 0.00000 0.89183 0.00000 0.00000 -1.00000 0.00000
1623966758857086 0.97604 0.21758 0.00000 0.26679 0.21758 -0.97604 0.00000 0.89188 0.00000 0.00000 -1.00000 0.00000
1623966759107090 0.97611 0.21727 0.00000 0.26703 0.21727 -0.97611 0.00000 0.89183 0.00000 0.00000 -1.00000 0.00000
1623966759356481 0.97615 0.21711 0.00000 0.26715 0.21711 -0.97615 0.00000 0.89186 0.00000 0.00000 -1.00000 0.00000
1623966759606483 0.97616 0.21704 0.00000 0.26719 0.21704 -0.97616 0.00000 0.89188 0.00000 0.00000 -1.00000 0.00000
1623966759856481 0.97642 0.21589 0.00000 0.26922 0.21589 -0.97642 0.00000 0.89169 0.00000 0.00000 -1.00000 0.00000
1623966760105865 0.97658 0.21515 0.00000 0.26862 0.21515 -0.97658 0.00000 0.89078 0.00000 0.00000 -1.00000 0.00000
1623966760356489 0.97688 0.21377 0.00000 0.26128 0.21377 -0.97688 0.00000 0.89095 0.00000 0.00000 -1.00000 0.00000
1623966760607116 0.97760 0.21047 0.00000 0.24417 0.21047 -0.97760 0.00000 0.88805 0.00000 0.00000 -1.00000 0.00000
1623966760857748 0.97926 0.20258 0.00000 0.20464 0.20258 -0.97926 0.00000 0.88136 0.00000 0.00000 -1.00000 0.00000
1623966761107757 0.98253 0.18611 0.00000 0.12666 0.18611 -0.98253 0.00000 0.87014 0.00000 0.00000 -1.00000 0.00000
1623966761357755 0.98748 0.15775 0.00000 -0.02845 0.15775 -0.98748 0.00000 0.84657 0.00000 0.00000 -1.00000 0.00000
1623966761607764 0.99275 0.12019 0.00000 -0.26991 0.12019 -0.99275 0.00000 0.82324 0.00000 0.00000 -1.00000 0.00000
1623966761857769 0.99685 0.07935 0.00000 -0.58878 0.07935 -0.99685 0.00000 0.80529 0.00000 0.00000 -1.00000 0.00000
1623966762107144 0.99911 0.04218 0.00000 -1.01130 0.04218 -0.99911 0.00000 0.80717 0.00000 0.00000 -1.00000 0.00000
1623966762356523 0.99992 0.01231 0.00000 -1.53753 0.01231 -0.99992 0.00000 0.81401 0.00000 0.00000 -1.00000 0.00000
1623966762606529 0.99999 -0.00389 0.00000 -2.18246 -0.00389 -0.99999 0.00000 0.82578 0.00000 -0.00000 -1.00000 0.00000
1623966762856534 0.99997 -0.00726 0.00000 -2.93635 -0.00726 -0.99997 0.00000 0.82504 0.00000 -0.00000 -1.00000 0.00000
1623966763106537 0.99999 -0.00479 0.00000 -3.79178 -0.00479 -0.99999 0.00000 0.81947 0.00000 -0.00000 -1.00000 0.00000
1623966763356542 1.00000 -0.00055 0.00000 -4.72805 -0.00055 -1.00000 0.00000 0.79934 0.00000 -0.00000 -1.00000 0.00000
1623966763607798 1.00000 0.00275 0.00000 -5.73357 0.00275 -1.00000 0.00000 0.76862 0.00000 0.00000 -1.00000 0.00000
1623966763857826 0.99998 0.00641 0.00000 -6.79117 0.00641 -0.99998 0.00000 0.73700 0.00000 0.00000 -1.00000 0.00000
1623966764107182 0.99994 0.01135 0.00000 -7.90119 0.01135 -0.99994 0.00000 0.68662 0.00000 0.00000 -1.00000 0.00000
1623966764357183 0.99980 0.01993 0.00000 -9.04095 0.01993 -0.99980 0.00000 0.59059 0.00000 0.00000 -1.00000 0.00000
1623966764607186 0.99946 0.03298 0.00000 -10.22024 0.03298 -0.99946 0.00000 0.44586 0.00000 0.00000 -1.00000 0.00000
1623966764856576 0.99880 0.04892 0.00000 -11.45823 0.04892 -0.99880 0.00000 0.25423 0.00000 0.00000 -1.00000 0.00000
1623966765106570 0.99781 0.06615 0.00000 -12.78166 0.06615 -0.99781 0.00000 0.03727 0.00000 0.00000 -1.00000 0.00000
1623966765355946 0.99626 0.08646 0.00000 -14.11118 0.08646 -0.99626 0.00000 -0.24889 0.00000 0.00000 -1.00000 0.00000
1623966765606575 0.99413 0.10820 0.00000 -15.50156 0.10820 -0.99413 0.00000 -0.57847 0.00000 0.00000 -1.00000 0.00000
1623966765857871 0.99157 0.12958 0.00000 -16.99997 0.12958 -0.99157 0.00000 -0.92789 0.00000 0.00000 -1.00000 0.00000
1623966766107836 0.98887 0.14876 0.00000 -18.50413 0.14876 -0.98887 0.00000 -1.29536 0.00000 0.00000 -1.00000 0.00000
1623966766357841 0.98614 0.16589 0.00000 -20.06953 0.16589 -0.98614 0.00000 -1.64689 0.00000 0.00000 -1.00000 0.00000
1623966766607224 0.98346 0.18115 0.00000 -21.67502 0.18115 -0.98346 0.00000 -2.00122 0.00000 0.00000 -1.00000 0.00000
1623966766857242 0.98098 0.19412 0.00000 -23.30781 0.19412 -0.98098 0.00000 -2.32257 0.00000 0.00000 -1.00000 0.00000
1623966767106602 0.97858 0.20586 0.00000 -24.94392 0.20586 -0.97858 0.00000 -2.64448 0.00000 0.00000 -1.00000 0.00000
1623966767356614 0.97621 0.21681 0.00000 -26.60465 0.21681 -0.97621 0.00000 -2.95253 0.00000 0.00000 -1.00000 0.00000
1623966767606617 0.97405 0.22635 0.00000 -28.28056 0.22635 -0.97405 0.00000 -3.26285 0.00000 0.00000 -1.00000 0.00000
1623966767856618 0.97204 0.23482 0.00000 -29.98099 0.23482 -0.97204 0.00000 -3.55569 0.00000 0.00000 -1.00000 0.00000
1623966768107247 0.96987 0.24360 0.00000 -31.75392 0.24360 -0.96987 0.00000 -3.84586 0.00000 0.00000 -1.00000 0.00000
1623966768357253 0.96825 0.25000 0.00000 -33.50103 0.25000 -0.96825 0.00000 -4.08356 0.00000 0.00000 -1.00000 0.00000
1623966768607884 0.96625 0.25760 0.00000 -35.36721 0.25760 -0.96625 0.00000 -4.34480 0.00000 0.00000 -1.00000 0.00000
1623966768858231 0.96523 0.26142 0.00000 -37.27035 0.26142 -0.96523 0.00000 -4.55538 0.00000 0.00000 -1.00000 0.00000
1623966769107263 0.96457 0.26381 0.00000 -39.16460 0.26381 -0.96457 0.00000 -4.66321 0.00000 0.00000 -1.00000 0.00000
1623966769357268 0.96424 0.26502 0.00000 -41.20090 0.26502 -0.96424 0.00000 -4.75355 0.00000 0.00000 -1.00000 0.00000
1623966769606647 0.96434 0.26468 0.00000 -43.26139 0.26468 -0.96434 0.00000 -4.77359 0.00000 0.00000 -1.00000 0.00000
1623966769856652 0.96449 0.26412 0.00000 -45.38346 0.26412 -0.96449 0.00000 -4.79143 0.00000 0.00000 -1.00000 0.00000
1623966770106656 0.96455 0.26391 0.00000 -47.57662 0.26391 -0.96455 0.00000 -4.82146 0.00000 0.00000 -1.00000 0.00000
1623966770356658 0.96445 0.26428 0.00000 -49.79698 0.26428 -0.96445 0.00000 -4.87491 0.00000 0.00000 -1.00000 0.00000
1623966770607290 0.96463 0.26361 0.00000 -52.07489 0.26361 -0.96463 0.00000 -4.89214 0.00000 0.00000 -1.00000 0.00000
1623966770857922 0.96416 0.26534 0.00000 -54.31983 0.26534 -0.96416 0.00000 -5.03324 0.00000 0.00000 -1.00000 0.00000
1623966771107923 0.96430 0.26480 0.00000 -56.60456 0.26480 -0.96430 0.00000 -5.04841 0.00000 0.00000 -1.00000 0.00000
1623966771357924 0.96431 0.26476 0.00000 -58.88154 0.26476 -0.96431 0.00000 -5.10494 0.00000 0.00000 -1.00000 0.00000
1623966771607306 0.96457 0.26381 0.00000 -61.14903 0.26381 -0.96457 0.00000 -5.10140 0.00000 0.00000 -1.00000 0.00000
1623966771857314 0.96482 0.26292 0.00000 -63.40679 0.26292 -0.96482 0.00000 -5.07596 0.00000 0.00000 -1.00000 0.00000
1623966772106692 0.96534 0.26100 0.00000 -65.67150 0.26100 -0.96534 0.00000 -4.96992 0.00000 0.00000 -1.00000 0.00000
1623966772356076 0.96644 0.25689 0.00000 -67.92661 0.25689 -0.96644 0.00000 -4.72009 0.00000 0.00000 -1.00000 0.00000
1623966772606081 0.96758 0.25258 0.00000 -70.19567 0.25258 -0.96758 0.00000 -4.46384 0.00000 0.00000 -1.00000 0.00000
1623966772856715 0.96949 0.24514 0.00000 -72.46274 0.24514 -0.96949 0.00000 -3.94948 0.00000 0.00000 -1.00000 0.00000
1623966773106709 0.97326 0.22972 0.00000 -74.71612 0.22972 -0.97326 0.00000 -2.81840 0.00000 0.00000 -1.00000 0.00000
1623966773357342 0.97853 0.20611 0.00000 -76.94809 0.20611 -0.97853 0.00000 -1.03388 0.00000 0.00000 -1.00000 0.00000
1623966773607342 0.98444 0.17575 0.00000 -79.07482 0.17575 -0.98444 0.00000 1.34865 0.00000 0.00000 -1.00000 0.00000
1623966773857351 0.99049 0.13760 0.00000 -81.08630 0.13760 -0.99049 0.00000 4.40923 0.00000 0.00000 -1.00000 0.00000
1623966774107352 0.99522 0.09766 0.00000 -82.94504 0.09766 -0.99522 0.00000 7.65574 0.00000 0.00000 -1.00000 0.00000
1623966774356730 0.99867 0.05159 0.00000 -84.53620 0.05159 -0.99867 0.00000 11.48166 0.00000 0.00000 -1.00000 0.00000
1623966774606117 1.00000 0.00089 0.00000 -85.89230 0.00089 -1.00000 0.00000 15.75310 0.00000 0.00000 -1.00000 0.00000
1623966774856117 0.99843 -0.05608 0.00000 -86.89745 -0.05608 -0.99843 0.00000 20.63056 0.00000 -0.00000 -1.00000 0.00000
1623966775105493 0.99392 -0.11010 0.00000 -87.67037 -0.11010 -0.99392 0.00000 25.30176 0.00000 -0.00000 -1.00000 0.00000
1623966775356123 0.98695 -0.16105 0.00000 -88.25012 -0.16105 -0.98695 0.00000 29.77424 0.00000 -0.00000 -1.00000 0.00000
1623966775606127 0.97759 -0.21054 0.00000 -88.65680 -0.21054 -0.97759 0.00000 34.18152 0.00000 -0.00000 -1.00000 0.00000
1623966775856134 0.96477 -0.26308 0.00000 -88.67613 -0.26308 -0.96477 0.00000 38.93409 0.00000 -0.00000 -1.00000 0.00000
1623966776106134 0.94880 -0.31587 0.00000 -88.40323 -0.31587 -0.94880 0.00000 43.76112 0.00000 -0.00000 -1.00000 0.00000
1623966776356764 0.92852 -0.37127 0.00000 -87.66763 -0.37127 -0.92852 0.00000 48.92199 0.00000 -0.00000 -1.00000 0.00000
1623966776607394 0.90123 -0.43334 0.00000 -86.16401 -0.43334 -0.90123 0.00000 54.77193 0.00000 -0.00000 -1.00000 0.00000
1623966776858025 0.86471 -0.50227 0.00000 -83.59129 -0.50227 -0.86471 0.00000 61.34598 0.00000 -0.00000 -1.00000 0.00000
1623966777108025 0.82022 -0.57204 0.00000 -80.17859 -0.57204 -0.82022 0.00000 68.05634 0.00000 -0.00000 -1.00000 0.00000
1623966777357409 0.77024 -0.63776 0.00000 -76.23937 -0.63776 -0.77024 0.00000 74.45386 0.00000 -0.00000 -1.00000 0.00000
1623966777606785 0.71834 -0.69569 0.00000 -72.16065 -0.69569 -0.71834 0.00000 80.17791 0.00000 -0.00000 -1.00000 0.00000
1623966777856167 0.66875 -0.74348 0.00000 -68.44418 -0.74348 -0.66875 0.00000 84.94018 0.00000 -0.00000 -1.00000 0.00000
1623966778106172 0.63066 -0.77606 0.00000 -66.14528 -0.77606 -0.63066 0.00000 88.24117 0.00000 -0.00000 -1.00000 0.00000
1623966778355554 0.60219 -0.79835 0.00000 -64.96091 -0.79835 -0.60219 0.00000 90.54959 0.00000 -0.00000 -1.00000 0.00000
1623966778606183 0.58016 -0.81450 0.00000 -64.56750 -0.81450 -0.58016 0.00000 92.27926 0.00000 -0.00000 -1.00000 0.00000
1623966778856185 0.56534 -0.82486 0.00000 -65.02279 -0.82486 -0.56534 0.00000 93.42376 0.00000 -0.00000 -1.00000 0.00000
1623966779106816 0.55713 -0.83042 0.00000 -66.28730 -0.83042 -0.55713 0.00000 94.05788 0.00000 -0.00000 -1.00000 0.00000
1623966779357448 0.55336 -0.83294 0.00000 -68.09823 -0.83294 -0.55336 0.00000 94.33483 0.00000 -0.00000 -1.00000 0.00000
1623966779607448 0.55548 -0.83153 0.00000 -70.60836 -0.83153 -0.55548 0.00000 94.11517 0.00000 -0.00000 -1.00000 0.00000
1623966779856825 0.56004 -0.82847 0.00000 -73.43619 -0.82847 -0.56004 0.00000 93.67606 0.00000 -0.00000 -1.00000 0.00000
1623966780106827 0.57037 -0.82139 0.00000 -76.95137 -0.82139 -0.57037 0.00000 92.68595 0.00000 -0.00000 -1.00000 0.00000
1623966780356838 0.59102 -0.80666 0.00000 -81.65074 -0.80666 -0.59102 0.00000 90.64599 0.00000 -0.00000 -1.00000 0.00000
1623966780606842 0.61319 -0.78994 0.00000 -86.48518 -0.78994 -0.61319 0.00000 88.27756 0.00000 -0.00000 -1.00000 0.00000
1623966780856849 0.63494 -0.77256 0.00000 -91.26734 -0.77256 -0.63494 0.00000 85.75801 0.00000 -0.00000 -1.00000 0.00000
1623966781108095 0.65498 -0.75565 0.00000 -95.84301 -0.75565 -0.65498 0.00000 83.26629 0.00000 -0.00000 -1.00000 0.00000
1623966781358100 0.67217 -0.74040 0.00000 -100.03049 -0.74040 -0.67217 0.00000 80.97546 0.00000 -0.00000 -1.00000 0.00000
1623966781608105 0.68698 -0.72668 0.00000 -103.95712 -0.72668 -0.68698 0.00000 78.88047 0.00000 -0.00000 -1.00000 0.00000
1623966781857495 0.69877 -0.71535 0.00000 -107.48393 -0.71535 -0.69877 0.00000 77.12702 0.00000 -0.00000 -1.00000 0.00000
1623966782107487 0.71029 -0.70391 0.00000 -110.93448 -0.70391 -0.71029 0.00000 75.31651 0.00000 -0.00000 -1.00000 0.00000
1623966782356867 0.72038 -0.69357 0.00000 -114.21896 -0.69357 -0.72038 0.00000 73.64370 0.00000 -0.00000 -1.00000 0.00000
1623966782606245 0.73104 -0.68233 0.00000 -117.46158 -0.68233 -0.73104 0.00000 71.81478 0.00000 -0.00000 -1.00000 0.00000
1623966782856251 0.73925 -0.67343 0.00000 -120.48841 -0.67343 -0.73925 0.00000 70.34049 0.00000 -0.00000 -1.00000 0.00000
1623966783106879 0.74805 -0.66365 0.00000 -123.49607 -0.66365 -0.74805 0.00000 68.69482 0.00000 -0.00000 -1.00000 0.00000
1623966783356884 0.75682 -0.65363 0.00000 -126.45778 -0.65363 -0.75682 0.00000 67.00174 0.00000 -0.00000 -1.00000 0.00000
1623966783606890 0.76666 -0.64206 0.00000 -129.50840 -0.64206 -0.76666 0.00000 65.02202 0.00000 -0.00000 -1.00000 0.00000
1623966783857518 0.78623 -0.61793 0.00000 -133.45491 -0.61793 -0.78623 0.00000 60.90010 0.00000 -0.00000 -1.00000 0.00000
1623966784108150 0.80849 -0.58851 0.00000 -137.56358 -0.58851 -0.80849 0.00000 55.88473 0.00000 -0.00000 -1.00000 0.00000
1623966784358155 0.83331 -0.55280 0.00000 -141.78949 -0.55280 -0.83331 0.00000 49.78747 0.00000 -0.00000 -1.00000 0.00000
1623966784608163 0.86337 -0.50457 0.00000 -146.25531 -0.50457 -0.86337 0.00000 41.57578 0.00000 -0.00000 -1.00000 0.00000
1623966784857534 0.89565 -0.44477 0.00000 -150.55196 -0.44477 -0.89565 0.00000 31.48534 0.00000 -0.00000 -1.00000 0.00000
1623966785107543 0.92898 -0.37012 0.00000 -154.36490 -0.37012 -0.92898 0.00000 19.01362 0.00000 -0.00000 -1.00000 0.00000
1623966785356921 0.96087 -0.27700 0.00000 -157.14450 -0.27700 -0.96087 0.00000 3.67509 0.00000 -0.00000 -1.00000 0.00000
1623966785606925 0.98627 -0.16512 0.00000 -158.12341 -0.16512 -0.98627 0.00000 -14.41477 0.00000 -0.00000 -1.00000 0.00000
1623966785856930 0.99923 -0.03924 0.00000 -156.53636 -0.03924 -0.99923 0.00000 -34.34411 0.00000 -0.00000 -1.00000 0.00000
1623966786106936 0.99517 0.09816 0.00000 -151.76257 0.09816 -0.99517 0.00000 -55.55274 0.00000 0.00000 -1.00000 0.00000
1623966786357566 0.97054 0.24093 0.00000 -143.46923 0.24093 -0.97054 0.00000 -76.94251 0.00000 0.00000 -1.00000 0.00000
1623966786608196 0.92292 0.38499 0.00000 -131.40873 0.38499 -0.92292 0.00000 -97.80325 0.00000 0.00000 -1.00000 0.00000
1623966786857573 0.84776 0.53038 0.00000 -114.84676 0.53038 -0.84776 0.00000 -117.96827 0.00000 0.00000 -1.00000 0.00000
1623966787107585 0.73613 0.67684 0.00000 -92.38408 0.67684 -0.73613 0.00000 -137.05860 0.00000 0.00000 -1.00000 0.00000
1623966787357580 0.58728 0.80939 0.00000 -64.46175 0.80939 -0.58728 0.00000 -152.68345 0.00000 0.00000 -1.00000 0.00000
1623966787606961 0.40794 0.91301 0.00000 -32.70099 0.91301 -0.40794 0.00000 -162.70653 0.00000 0.00000 -1.00000 0.00000
1623966787856966 0.19968 0.97986 0.00000 2.41076 0.97986 -0.19968 0.00000 -165.94460 0.00000 0.00000 -1.00000 0.00000
1623966788106964 -0.02393 0.99971 0.00000 38.33407 0.99971 0.02393 0.00000 -161.23677 0.00000 0.00000 -1.00000 0.00000
1623966788357599 -0.25303 0.96746 0.00000 73.33709 0.96746 0.25303 0.00000 -148.11942 0.00000 0.00000 -1.00000 0.00000
1623966788608226 -0.47353 0.88078 0.00000 105.07525 0.88078 0.47353 0.00000 -126.73608 0.00000 0.00000 -1.00000 0.00000
1623966788858864 -0.66746 0.74465 0.00000 130.86121 0.74465 0.66746 0.00000 -98.47792 0.00000 0.00000 -1.00000 0.00000
1623966789109483 -0.81183 0.58389 0.00000 147.81646 0.58389 0.81183 0.00000 -68.07063 0.00000 0.00000 -1.00000 0.00000
1623966789359487 -0.90218 0.43135 0.00000 156.30104 0.43135 0.90218 0.00000 -40.93133 0.00000 0.00000 -1.00000 0.00000
1623966789608866 -0.95514 0.29616 0.00000 159.31225 0.29616 0.95514 0.00000 -17.89389 0.00000 0.00000 -1.00000 0.00000
1623966789858884 -0.98218 0.18792 0.00000 158.97835 0.18792 0.98218 0.00000 -0.04872 0.00000 0.00000 -1.00000 0.00000
1623966790108876 -0.99290 0.11893 0.00000 157.15260 0.11893 0.99290 0.00000 11.01520 0.00000 0.00000 -1.00000 0.00000
1623966790358254 -0.99656 0.08291 0.00000 155.15843 0.08291 0.99656 0.00000 16.67343 0.00000 0.00000 -1.00000 0.00000
1623966790607634 -0.99751 0.07057 0.00000 153.38808 0.07057 0.99751 0.00000 18.56213 0.00000 0.00000 -1.00000 0.00000
1623966790857639 -0.99725 0.07410 0.00000 151.79174 0.07410 0.99725 0.00000 18.00031 0.00000 0.00000 -1.00000 0.00000
1623966791107017 -0.99531 0.09678 0.00000 150.44024 0.09678 0.99531 0.00000 14.52501 0.00000 0.00000 -1.00000 0.00000
1623966791356396 -0.99171 0.12848 0.00000 149.05598 0.12848 0.99171 0.00000 9.70260 0.00000 0.00000 -1.00000 0.00000
1623966791606403 -0.98465 0.17454 0.00000 147.48334 0.17454 0.98465 0.00000 2.74943 0.00000 0.00000 -1.00000 0.00000
1623966791856409 -0.97323 0.22984 0.00000 145.44560 0.22984 0.97323 0.00000 -5.57954 0.00000 0.00000 -1.00000 0.00000
1623966792106408 -0.95680 0.29074 0.00000 142.82058 0.29074 0.95680 0.00000 -14.73704 0.00000 0.00000 -1.00000 0.00000
1623966792357039 -0.93555 0.35319 0.00000 139.47658 0.35319 0.93555 0.00000 -24.11806 0.00000 0.00000 -1.00000 0.00000
1623966792607045 -0.90854 0.41781 0.00000 135.33888 0.41781 0.90854 0.00000 -33.81577 0.00000 0.00000 -1.00000 0.00000
1623966792857671 -0.87765 0.47931 0.00000 130.53791 0.47931 0.87765 0.00000 -43.04516 0.00000 0.00000 -1.00000 0.00000
1623966793108303 -0.84144 0.54035 0.00000 124.96940 0.54035 0.84144 0.00000 -52.18677 0.00000 0.00000 -1.00000 0.00000
1623966793357678 -0.80256 0.59658 0.00000 118.85646 0.59658 0.80256 0.00000 -60.59971 0.00000 0.00000 -1.00000 0.00000
1623966793607687 -0.76180 0.64782 0.00000 112.33557 0.64782 0.76180 0.00000 -68.24434 0.00000 0.00000 -1.00000 0.00000
1623966793857690 -0.71982 0.69416 0.00000 105.49159 0.69416 0.71982 0.00000 -75.13270 0.00000 0.00000 -1.00000 0.00000
1623966794107070 -0.67735 0.73566 0.00000 98.47764 0.73566 0.67735 0.00000 -81.25156 0.00000 0.00000 -1.00000 0.00000
1623966794356451 -0.63960 0.76870 0.00000 91.85799 0.76870 0.63960 0.00000 -86.08767 0.00000 0.00000 -1.00000 0.00000
1623966794606458 -0.60942 0.79285 0.00000 85.98492 0.79285 0.60942 0.00000 -89.58653 0.00000 0.00000 -1.00000 0.00000
1623966794856457 -0.58868 0.80837 0.00000 81.16922 0.80837 0.58868 0.00000 -91.81968 0.00000 0.00000 -1.00000 0.00000
1623966795106460 -0.57076 0.82112 0.00000 76.63352 0.82112 0.57076 0.00000 -93.62379 0.00000 0.00000 -1.00000 0.00000
1623966795357089 -0.55491 0.83191 0.00000 72.34644 0.83191 0.55491 0.00000 -95.10695 0.00000 0.00000 -1.00000 0.00000
1623966795607727 -0.54130 0.84083 0.00000 68.31404 0.84083 0.54130 0.00000 -96.30964 0.00000 0.00000 -1.00000 0.00000
1623966795857726 -0.53280 0.84624 0.00000 64.87680 0.84624 0.53280 0.00000 -97.03904 0.00000 0.00000 -1.00000 0.00000
1623966796108354 -0.53115 0.84728 0.00000 62.22292 0.84728 0.53115 0.00000 -97.22460 0.00000 0.00000 -1.00000 0.00000
1623966796357733 -0.54550 0.83811 0.00000 61.42319 0.83811 0.54550 0.00000 -96.23612 0.00000 0.00000 -1.00000 0.00000
1623966796607115 -0.57626 0.81727 0.00000 62.52603 0.81727 0.57626 0.00000 -93.98783 0.00000 0.00000 -1.00000 0.00000
1623966796857130 -0.62070 0.78405 0.00000 65.21080 0.78405 0.62070 0.00000 -90.49178 0.00000 0.00000 -1.00000 0.00000
1623966797107122 -0.67129 0.74119 0.00000 68.64413 0.74119 0.67129 0.00000 -86.09604 0.00000 0.00000 -1.00000 0.00000
1623966797357125 -0.72187 0.69202 0.00000 72.17522 0.69202 0.72187 0.00000 -81.15190 0.00000 0.00000 -1.00000 0.00000
1623966797608380 -0.77238 0.63516 0.00000 75.77207 0.63516 0.77238 0.00000 -75.54914 0.00000 0.00000 -1.00000 0.00000
1623966797858419 -0.82145 0.57029 0.00000 79.33799 0.57029 0.82145 0.00000 -69.27246 0.00000 0.00000 -1.00000 0.00000
1623966798108392 -0.86439 0.50282 0.00000 82.35031 0.50282 0.86439 0.00000 -62.83019 0.00000 0.00000 -1.00000 0.00000
1623966798357770 -0.90226 0.43119 0.00000 84.89463 0.43119 0.90226 0.00000 -56.06487 0.00000 0.00000 -1.00000 0.00000
1623966798607774 -0.93521 0.35410 0.00000 87.01439 0.35410 0.93521 0.00000 -48.87771 0.00000 0.00000 -1.00000 0.00000
1623966798857778 -0.96258 0.27101 0.00000 88.71174 0.27101 0.96258 0.00000 -41.18796 0.00000 0.00000 -1.00000 0.00000
1623966799107161 -0.98276 0.18489 0.00000 89.77627 0.18489 0.98276 0.00000 -33.30956 0.00000 0.00000 -1.00000 0.00000
1623966799356538 -0.99506 0.09931 0.00000 90.07539 0.09931 0.99506 0.00000 -25.54530 0.00000 0.00000 -1.00000 0.00000
1623966799607170 -0.99976 0.02191 0.00000 89.53533 0.02191 0.99976 0.00000 -18.60844 0.00000 0.00000 -1.00000 0.00000
1623966799856548 -0.99867 -0.05156 -0.00000 88.39419 -0.05156 0.99867 0.00000 -12.08713 0.00000 0.00000 -1.00000 0.00000
1623966800107171 -0.99325 -0.11599 -0.00000 86.67884 -0.11599 0.99325 0.00000 -6.42418 0.00000 0.00000 -1.00000 0.00000
1623966800357800 -0.98580 -0.16794 -0.00000 84.57696 -0.16794 0.98580 0.00000 -1.93923 0.00000 0.00000 -1.00000 0.00000
1623966800608431 -0.97777 -0.20969 -0.00000 82.27464 -0.20969 0.97777 0.00000 1.59167 0.00000 0.00000 -1.00000 0.00000
1623966800858429 -0.97109 -0.23870 -0.00000 79.82216 -0.23870 0.97109 0.00000 3.97573 0.00000 0.00000 -1.00000 0.00000
1623966801107812 -0.96596 -0.25870 -0.00000 77.36866 -0.25870 0.96596 0.00000 5.59320 0.00000 0.00000 -1.00000 0.00000
1623966801357822 -0.96365 -0.26717 -0.00000 74.93216 -0.26717 0.96365 0.00000 6.23216 0.00000 0.00000 -1.00000 0.00000
1623966801607202 -0.96294 -0.26971 -0.00000 72.48589 -0.26971 0.96294 0.00000 6.38901 0.00000 0.00000 -1.00000 0.00000
1623966801856580 -0.96390 -0.26625 -0.00000 70.06383 -0.26625 0.96390 0.00000 6.09360 0.00000 0.00000 -1.00000 0.00000
1623966802106580 -0.96478 -0.26305 -0.00000 67.60072 -0.26305 0.96478 0.00000 5.81161 0.00000 0.00000 -1.00000 0.00000
1623966802356586 -0.96552 -0.26034 -0.00000 65.13470 -0.26034 0.96552 0.00000 5.58786 0.00000 0.00000 -1.00000 0.00000
1623966802606590 -0.96657 -0.25640 -0.00000 62.67663 -0.25640 0.96657 0.00000 5.29670 0.00000 0.00000 -1.00000 0.00000
1623966802857222 -0.96778 -0.25179 -0.00000 60.22200 -0.25179 0.96778 0.00000 4.95983 0.00000 0.00000 -1.00000 0.00000
1623966803107224 -0.96914 -0.24649 -0.00000 57.78621 -0.24649 0.96914 0.00000 4.57989 0.00000 0.00000 -1.00000 0.00000
1623966803357856 -0.97035 -0.24171 -0.00000 55.34955 -0.24171 0.97035 0.00000 4.23827 0.00000 0.00000 -1.00000 0.00000
1623966803607861 -0.97121 -0.23825 -0.00000 52.94784 -0.23825 0.97121 0.00000 3.99821 0.00000 0.00000 -1.00000 0.00000
1623966803858486 -0.97226 -0.23391 -0.00000 50.58252 -0.23391 0.97226 0.00000 3.70234 0.00000 0.00000 -1.00000 0.00000
1623966804108493 -0.97248 -0.23299 -0.00000 48.21254 -0.23299 0.97248 0.00000 3.60339 0.00000 0.00000 -1.00000 0.00000
1623966804358494 -0.97323 -0.22982 -0.00000 45.91964 -0.22982 0.97323 0.00000 3.41042 0.00000 0.00000 -1.00000 0.00000
1623966804607877 -0.97347 -0.22880 -0.00000 43.63912 -0.22880 0.97347 0.00000 3.30731 0.00000 0.00000 -1.00000 0.00000
1623966804857886 -0.97296 -0.23099 -0.00000 41.38079 -0.23099 0.97296 0.00000 3.35502 0.00000 0.00000 -1.00000 0.00000
1623966805107259 -0.97233 -0.23361 -0.00000 39.13618 -0.23361 0.97233 0.00000 3.43502 0.00000 0.00000 -1.00000 0.00000
1623966805357892 -0.97239 -0.23337 -0.00000 36.93911 -0.23337 0.97239 0.00000 3.37461 0.00000 0.00000 -1.00000 0.00000
1623966805607268 -0.97269 -0.23212 -0.00000 34.74895 -0.23212 0.97269 0.00000 3.29765 0.00000 0.00000 -1.00000 0.00000
1623966805857278 -0.97299 -0.23084 -0.00000 32.54415 -0.23084 0.97299 0.00000 3.24726 0.00000 0.00000 -1.00000 0.00000
1623966806107273 -0.97355 -0.22849 -0.00000 30.40394 -0.22849 0.97355 0.00000 3.11235 0.00000 0.00000 -1.00000 0.00000
1623966806357283 -0.97499 -0.22226 -0.00000 28.20314 -0.22226 0.97499 0.00000 2.87849 0.00000 0.00000 -1.00000 0.00000
1623966806607287 -0.97701 -0.21320 -0.00000 26.10120 -0.21320 0.97701 0.00000 2.57543 0.00000 0.00000 -1.00000 0.00000
1623966806857917 -0.97897 -0.20399 -0.00000 23.93380 -0.20399 0.97897 0.00000 2.29563 0.00000 0.00000 -1.00000 0.00000
1623966807107918 -0.98130 -0.19250 -0.00000 21.78275 -0.19250 0.98130 0.00000 1.98140 0.00000 0.00000 -1.00000 0.00000
1623966807357925 -0.98401 -0.17811 -0.00000 19.61479 -0.17811 0.98401 0.00000 1.62647 0.00000 0.00000 -1.00000 0.00000
1623966807607306 -0.98621 -0.16548 -0.00000 17.44252 -0.16548 0.98621 0.00000 1.34079 0.00000 0.00000 -1.00000 0.00000
1623966807857309 -0.98791 -0.15501 -0.00000 15.23413 -0.15501 0.98791 0.00000 1.13739 0.00000 0.00000 -1.00000 0.00000
1623966808107305 -0.98927 -0.14607 -0.00000 13.06150 -0.14607 0.98927 0.00000 0.96961 0.00000 0.00000 -1.00000 0.00000
1623966808356689 -0.98996 -0.14136 -0.00000 10.83894 -0.14136 0.98996 0.00000 0.87502 0.00000 0.00000 -1.00000 0.00000
1623966808607321 -0.99021 -0.13960 -0.00000 8.62246 -0.13960 0.99021 0.00000 0.82414 0.00000 0.00000 -1.00000 0.00000
1623966808857325 -0.99037 -0.13847 -0.00000 6.40919 -0.13847 0.99037 0.00000 0.78916 0.00000 0.00000 -1.00000 0.00000
1623966809107348 -0.99015 -0.14003 -0.00000 4.20166 -0.14003 0.99015 0.00000 0.75970 0.00000 0.00000 -1.00000 0.00000
1623966809357958 -0.98921 -0.14649 -0.00000 1.95333 -0.14649 0.98921 0.00000 0.75355 0.00000 0.00000 -1.00000 0.00000
1623966809607965 -0.98772 -0.15621 -0.00000 -0.27499 -0.15621 0.98772 0.00000 0.74620 0.00000 0.00000 -1.00000 0.00000
1623966809858586 -0.98631 -0.16489 -0.00000 -2.53593 -0.16489 0.98631 0.00000 0.70626 0.00000 0.00000 -1.00000 0.00000
1623966810107966 -0.98484 -0.17345 -0.00000 -4.79066 -0.17345 0.98484 0.00000 0.64021 0.00000 0.00000 -1.00000 0.00000
1623966810357971 -0.98414 -0.17739 -0.00000 -7.04473 -0.17739 0.98414 0.00000 0.57970 0.00000 0.00000 -1.00000 0.00000
1623966810607976 -0.98370 -0.17982 -0.00000 -9.33345 -0.17982 0.98370 0.00000 0.50787 0.00000 0.00000 -1.00000 0.00000
1623966810857359 -0.98284 -0.18446 -0.00000 -11.67366 -0.18446 0.98284 0.00000 0.44765 0.00000 0.00000 -1.00000 0.00000
1623966811107367 -0.98246 -0.18648 -0.00000 -13.98091 -0.18648 0.98246 0.00000 0.40079 0.00000 0.00000 -1.00000 0.00000
1623966811356739 -0.98175 -0.19019 -0.00000 -16.39877 -0.19019 0.98175 0.00000 0.28134 0.00000 0.00000 -1.00000 0.00000
1623966811606743 -0.98095 -0.19427 -0.00000 -18.81457 -0.19427 0.98095 0.00000 0.15777 0.00000 0.00000 -1.00000 0.00000
1623966811856753 -0.98006 -0.19872 -0.00000 -21.27893 -0.19872 0.98006 0.00000 0.01378 0.00000 0.00000 -1.00000 0.00000
1623966812107381 -0.97926 -0.20260 -0.00000 -23.76474 -0.20260 0.97926 0.00000 -0.14245 0.00000 0.00000 -1.00000 0.00000
1623966812358010 -0.97840 -0.20672 -0.00000 -26.23990 -0.20672 0.97840 0.00000 -0.31543 0.00000 0.00000 -1.00000 0.00000
1623966812608637 -0.97756 -0.21067 -0.00000 -28.72054 -0.21067 0.97756 0.00000 -0.47808 0.00000 0.00000 -1.00000 0.00000
1623966812858649 -0.97652 -0.21541 -0.00000 -31.19159 -0.21541 0.97652 0.00000 -0.64282 0.00000 0.00000 -1.00000 0.00000
1623966813108647 -0.97593 -0.21809 -0.00000 -33.62768 -0.21809 0.97593 0.00000 -0.75192 0.00000 0.00000 -1.00000 0.00000
1623966813358020 -0.97500 -0.22221 -0.00000 -36.07013 -0.22221 0.97500 0.00000 -0.92802 0.00000 0.00000 -1.00000 0.00000
1623966813607403 -0.97431 -0.22521 -0.00000 -38.44374 -0.22521 0.97431 0.00000 -1.07138 0.00000 0.00000 -1.00000 0.00000
1623966813857451 -0.97310 -0.23038 -0.00000 -40.82877 -0.23038 0.97310 0.00000 -1.31429 0.00000 0.00000 -1.00000 0.00000
1623966814107414 -0.97221 -0.23411 -0.00000 -43.17711 -0.23411 0.97221 0.00000 -1.51275 0.00000 0.00000 -1.00000 0.00000
1623966814357419 -0.97102 -0.23900 -0.00000 -45.44744 -0.23900 0.97102 0.00000 -1.79567 0.00000 0.00000 -1.00000 0.00000
1623966814607420 -0.97004 -0.24295 -0.00000 -47.70368 -0.24295 0.97004 0.00000 -2.03226 0.00000 0.00000 -1.00000 0.00000
1623966814858052 -0.96902 -0.24700 -0.00000 -49.86840 -0.24700 0.96902 0.00000 -2.27291 0.00000 0.00000 -1.00000 0.00000
1623966815108058 -0.96844 -0.24927 -0.00000 -52.01270 -0.24927 0.96844 0.00000 -2.44425 0.00000 0.00000 -1.00000 0.00000
1623966815358058 -0.96800 -0.25096 -0.00000 -54.08410 -0.25096 0.96800 0.00000 -2.58387 0.00000 0.00000 -1.00000 0.00000
1623966815608061 -0.96813 -0.25047 -0.00000 -56.06588 -0.25047 0.96813 0.00000 -2.59504 0.00000 0.00000 -1.00000 0.00000
1623966815857440 -0.96949 -0.24515 -0.00000 -57.96408 -0.24515 0.96949 0.00000 -2.30115 0.00000 0.00000 -1.00000 0.00000
1623966816107453 -0.97383 -0.22727 -0.00000 -59.78275 -0.22727 0.97383 0.00000 -1.24951 0.00000 0.00000 -1.00000 0.00000
1623966816356826 -0.97924 -0.20272 -0.00000 -61.46215 -0.20272 0.97924 0.00000 0.23398 0.00000 0.00000 -1.00000 0.00000
1623966816606829 -0.98578 -0.16803 -0.00000 -62.97655 -0.16803 0.98578 0.00000 2.39435 0.00000 0.00000 -1.00000 0.00000
1623966816857456 -0.99245 -0.12267 -0.00000 -64.25175 -0.12267 0.99245 0.00000 5.25644 0.00000 0.00000 -1.00000 0.00000
1623966817107460 -0.99775 -0.06709 -0.00000 -65.19504 -0.06709 0.99775 0.00000 8.84106 0.00000 0.00000 -1.00000 0.00000
1623966817357474 -1.00000 -0.00000 -0.00000 -65.69373 -0.00000 1.00000 0.00000 13.19962 0.00000 0.00000 -1.00000 0.00000
1623966817608099 -0.99670 0.08111 0.00000 -65.55699 0.08111 0.99670 0.00000 18.47055 0.00000 0.00000 -1.00000 0.00000
1623966817858104 -0.98434 0.17631 0.00000 -64.57896 0.17631 0.98434 0.00000 24.69152 0.00000 0.00000 -1.00000 0.00000
1623966818108108 -0.95784 0.28729 0.00000 -62.39945 0.28729 0.95784 0.00000 31.87382 0.00000 0.00000 -1.00000 0.00000
1623966818358112 -0.91475 0.40403 0.00000 -58.98320 0.40403 0.91475 0.00000 39.38192 0.00000 0.00000 -1.00000 0.00000
1623966818607491 -0.85532 0.51809 0.00000 -54.45705 0.51809 0.85532 0.00000 46.58629 0.00000 0.00000 -1.00000 0.00000
1623966818857494 -0.77901 0.62702 0.00000 -48.78078 0.62702 0.77901 0.00000 53.38587 0.00000 0.00000 -1.00000 0.00000
1623966819106873 -0.69268 0.72124 0.00000 -42.56896 0.72124 0.69268 0.00000 59.15664 0.00000 0.00000 -1.00000 0.00000
1623966819356873 -0.60166 0.79875 0.00000 -36.20620 0.79875 0.60166 0.00000 63.78864 0.00000 0.00000 -1.00000 0.00000
1623966819606252 -0.50799 0.86136 0.00000 -29.84665 0.86136 0.50799 0.00000 67.43094 0.00000 0.00000 -1.00000 0.00000
1623966819856261 -0.42431 0.90552 0.00000 -24.45126 0.90552 0.42431 0.00000 69.92884 0.00000 0.00000 -1.00000 0.00000
1623966820106265 -0.36452 0.93120 0.00000 -21.03634 0.93120 0.36452 0.00000 71.32930 0.00000 0.00000 -1.00000 0.00000
1623966820356266 -0.32956 0.94413 0.00000 -19.62133 0.94413 0.32956 0.00000 72.02672 0.00000 0.00000 -1.00000 0.00000
1623966820606898 -0.30808 0.95136 0.00000 -19.32230 0.95136 0.30808 0.00000 72.42807 0.00000 0.00000 -1.00000 0.00000
1623966820857538 -0.29677 0.95495 0.00000 -19.88962 0.95495 0.29677 0.00000 72.61346 0.00000 0.00000 -1.00000 0.00000
1623966821108158 -0.29126 0.95664 0.00000 -20.97691 0.95664 0.29126 0.00000 72.71018 0.00000 0.00000 -1.00000 0.00000
1623966821358791 -0.28599 0.95823 0.00000 -22.17325 0.95823 0.28599 0.00000 72.79800 0.00000 0.00000 -1.00000 0.00000
1623966821608794 -0.27989 0.96003 0.00000 -23.39836 0.96003 0.27989 0.00000 72.90814 0.00000 0.00000 -1.00000 0.00000
1623966821858180 -0.27295 0.96203 0.00000 -24.63688 0.96203 0.27295 0.00000 73.03104 0.00000 0.00000 -1.00000 0.00000
1623966822107552 -0.26546 0.96412 0.00000 -25.94399 0.96412 0.26546 0.00000 73.17855 0.00000 0.00000 -1.00000 0.00000
1623966822357556 -0.25623 0.96662 0.00000 -27.17330 0.96662 0.25623 0.00000 73.39053 0.00000 0.00000 -1.00000 0.00000
1623966822606934 -0.24527 0.96945 0.00000 -28.27626 0.96945 0.24527 0.00000 73.66381 0.00000 0.00000 -1.00000 0.00000
1623966822856939 -0.23206 0.97270 0.00000 -29.25856 0.97270 0.23206 0.00000 74.00785 0.00000 0.00000 -1.00000 0.00000
1623966823107566 -0.21817 0.97591 0.00000 -30.23663 0.97591 0.21817 0.00000 74.39089 0.00000 0.00000 -1.00000 0.00000
1623966823357573 -0.19842 0.98012 0.00000 -30.75983 0.98012 0.19842 0.00000 74.97123 0.00000 0.00000 -1.00000 0.00000
1623966823608198 -0.17599 0.98439 0.00000 -31.09775 0.98439 0.17599 0.00000 75.62897 0.00000 0.00000 -1.00000 0.00000
1623966823858206 -0.15082 0.98856 0.00000 -31.22004 0.98856 0.15082 0.00000 76.39221 0.00000 0.00000 -1.00000 0.00000
1623966824108212 -0.12323 0.99238 0.00000 -31.16552 0.99238 0.12323 0.00000 77.20544 0.00000 0.00000 -1.00000 0.00000
1623966824357587 -0.09969 0.99502 0.00000 -31.38606 0.99502 0.09969 0.00000 77.86108 0.00000 0.00000 -1.00000 0.00000
1623966824607592 -0.08577 0.99632 0.00000 -32.31374 0.99632 0.08577 0.00000 78.25348 0.00000 0.00000 -1.00000 0.00000
1623966824857592 -0.07879 0.99689 0.00000 -33.85921 0.99689 0.07879 0.00000 78.44062 0.00000 0.00000 -1.00000 0.00000
1623966825106973 -0.07756 0.99699 0.00000 -35.80236 0.99699 0.07756 0.00000 78.42971 0.00000 0.00000 -1.00000 0.00000
1623966825356976 -0.08386 0.99648 0.00000 -38.25181 0.99648 0.08386 0.00000 78.15896 0.00000 0.00000 -1.00000 0.00000
1623966825607608 -0.09370 0.99560 0.00000 -41.07277 0.99560 0.09370 0.00000 77.72250 0.00000 0.00000 -1.00000 0.00000
1623966825858238 -0.11174 0.99374 0.00000 -44.54713 0.99374 0.11174 0.00000 76.92362 0.00000 0.00000 -1.00000 0.00000
1623966826108246 -0.13059 0.99144 0.00000 -48.04729 0.99144 0.13059 0.00000 76.02072 0.00000 0.00000 -1.00000 0.00000
1623966826358247 -0.15075 0.98857 0.00000 -51.64711 0.98857 0.15075 0.00000 74.97609 0.00000 0.00000 -1.00000 0.00000
1623966826608251 -0.17055 0.98535 0.00000 -55.19045 0.98535 0.17055 0.00000 73.86935 0.00000 0.00000 -1.00000 0.00000
1623966826858254 -0.18959 0.98186 0.00000 -58.67965 0.98186 0.18959 0.00000 72.73487 0.00000 0.00000 -1.00000 0.00000
1623966827107640 -0.20847 0.97803 0.00000 -62.15391 0.97803 0.20847 0.00000 71.52898 0.00000 0.00000 -1.00000 0.00000
1623966827357640 -0.22689 0.97392 0.00000 -65.51945 0.97392 0.22689 0.00000 70.31973 0.00000 0.00000 -1.00000 0.00000
1623966827607644 -0.24277 0.97008 0.00000 -68.71616 0.97008 0.24277 0.00000 69.20058 0.00000 0.00000 -1.00000 0.00000
1623966827857647 -0.25945 0.96576 0.00000 -71.92853 0.96576 0.25945 0.00000 67.95065 0.00000 0.00000 -1.00000 0.00000
1623966828108278 -0.27895 0.96031 0.00000 -75.28662 0.96031 0.27895 0.00000 66.42669 0.00000 0.00000 -1.00000 0.00000
1623966828358907 -0.30130 0.95353 0.00000 -78.79461 0.95353 0.30130 0.00000 64.61406 0.00000 0.00000 -1.00000 0.00000
1623966828608287 -0.32602 0.94536 0.00000 -82.40083 0.94536 0.32602 0.00000 62.48617 0.00000 0.00000 -1.00000 0.00000
1623966828857678 -0.35871 0.93345 0.00000 -86.44459 0.93345 0.35871 0.00000 59.49370 0.00000 0.00000 -1.00000 0.00000
1623966829107675 -0.39614 0.91819 0.00000 -90.66924 0.91819 0.39614 0.00000 55.86956 0.00000 0.00000 -1.00000 0.00000
1623966829357676 -0.43648 0.89971 0.00000 -94.92643 0.89971 0.43648 0.00000 51.75578 0.00000 0.00000 -1.00000 0.00000
1623966829607678 -0.47638 0.87924 0.00000 -98.95885 0.87924 0.47638 0.00000 47.37044 0.00000 0.00000 -1.00000 0.00000
1623966829858359 -0.52503 0.85109 0.00000 -103.24118 0.85109 0.52503 0.00000 41.70201 0.00000 0.00000 -1.00000 0.00000
1623966830108939 -0.58280 0.81262 0.00000 -107.64753 0.81262 0.58280 0.00000 34.34531 0.00000 0.00000 -1.00000 0.00000
1623966830358319 -0.64580 0.76351 0.00000 -111.74299 0.76351 0.64580 0.00000 25.56488 0.00000 0.00000 -1.00000 0.00000
1623966830608324 -0.70946 0.70475 0.00000 -115.18039 0.70475 0.70946 0.00000 15.72723 0.00000 0.00000 -1.00000 0.00000
1623966830858321 -0.77541 0.63146 0.00000 -117.80646 0.63146 0.77541 0.00000 4.22782 0.00000 0.00000 -1.00000 0.00000
1623966831108329 -0.83462 0.55082 0.00000 -119.26478 0.55082 0.83462 0.00000 -7.62028 0.00000 0.00000 -1.00000 0.00000
1623966831357084 -0.89026 0.45546 0.00000 -119.28096 0.45546 0.89026 0.00000 -20.80275 0.00000 0.00000 -1.00000 0.00000
1623966831607088 -0.93571 0.35278 0.00000 -117.78334 0.35278 0.93571 0.00000 -34.09562 0.00000 0.00000 -1.00000 0.00000
1623966831857093 -0.96988 0.24358 0.00000 -114.66371 0.24358 0.96988 0.00000 -47.40194 0.00000 0.00000 -1.00000 0.00000
1623966832107105 -0.99027 0.13919 0.00000 -110.52056 0.13919 0.99027 0.00000 -59.36011 0.00000 0.00000 -1.00000 0.00000
1623966832358350 -0.99859 0.05317 0.00000 -106.51712 0.05317 0.99859 0.00000 -68.71241 0.00000 0.00000 -1.00000 0.00000
1623966832608978 -0.99999 -0.00408 -0.00000 -103.96584 -0.00408 0.99999 0.00000 -74.73478 0.00000 0.00000 -1.00000 0.00000
1623966832859608 -0.99921 -0.03978 -0.00000 -102.79439 -0.03978 0.99921 0.00000 -78.44538 0.00000 0.00000 -1.00000 0.00000
1623966833109616 -0.99828 -0.05857 -0.00000 -102.87666 -0.05857 0.99828 0.00000 -80.36524 0.00000 0.00000 -1.00000 0.00000
1623966833358999 -0.99825 -0.05905 -0.00000 -104.39129 -0.05905 0.99825 0.00000 -80.44678 0.00000 0.00000 -1.00000 0.00000
1623966833608376 -0.99870 -0.05105 -0.00000 -106.66636 -0.05105 0.99870 0.00000 -79.60869 0.00000 0.00000 -1.00000 0.00000
1623966833858381 -0.99973 -0.02337 -0.00000 -110.48005 -0.02337 0.99973 0.00000 -76.62779 0.00000 0.00000 -1.00000 0.00000
1623966834107758 -0.99980 0.02014 0.00000 -115.40237 0.02014 0.99980 0.00000 -71.74881 0.00000 0.00000 -1.00000 0.00000
1623966834357134 -0.99700 0.07743 0.00000 -121.06637 0.07743 0.99700 0.00000 -65.01447 0.00000 0.00000 -1.00000 0.00000
1623966834607136 -0.98906 0.14748 0.00000 -127.08395 0.14748 0.98906 0.00000 -56.32663 0.00000 0.00000 -1.00000 0.00000
1623966834857140 -0.97645 0.21573 0.00000 -132.51645 0.21573 0.97645 0.00000 -47.41362 0.00000 0.00000 -1.00000 0.00000
1623966835107145 -0.95788 0.28717 0.00000 -137.50176 0.28717 0.95788 0.00000 -37.50277 0.00000 0.00000 -1.00000 0.00000
1623966835357155 -0.93775 0.34732 0.00000 -141.48818 0.34732 0.93775 0.00000 -28.71216 0.00000 0.00000 -1.00000 0.00000
1623966835607789 -0.91721 0.39840 0.00000 -144.80059 0.39840 0.91721 0.00000 -20.88756 0.00000 0.00000 -1.00000 0.00000
1623966835858417 -0.89949 0.43694 0.00000 -147.53572 0.43694 0.89949 0.00000 -14.72843 0.00000 0.00000 -1.00000 0.00000
1623966836108417 -0.88528 0.46505 0.00000 -149.97006 0.46505 0.88528 0.00000 -10.09423 0.00000 0.00000 -1.00000 0.00000
1623966836358422 -0.87432 0.48536 0.00000 -152.25222 0.48536 0.87432 0.00000 -6.65522 0.00000 0.00000 -1.00000 0.00000
1623966836608424 -0.86806 0.49647 0.00000 -154.48188 0.49647 0.86806 0.00000 -4.74287 0.00000 0.00000 -1.00000 0.00000
1623966836859066 -0.86451 0.50262 0.00000 -156.72600 0.50262 0.86451 0.00000 -3.66954 0.00000 0.00000 -1.00000 0.00000
1623966837108434 -0.86151 0.50774 0.00000 -159.00331 0.50774 0.86151 0.00000 -2.78057 0.00000 0.00000 -1.00000 0.00000
1623966837358442 -0.85924 0.51158 0.00000 -161.32542 0.51158 0.85924 0.00000 -2.11772 0.00000 0.00000 -1.00000 0.00000
1623966837607817 -0.85834 0.51308 0.00000 -163.69272 0.51308 0.85834 0.00000 -1.87757 0.00000 0.00000 -1.00000 0.00000
1623966837857865 -0.85761 0.51430 0.00000 -166.13475 0.51430 0.85761 0.00000 -1.68375 0.00000 0.00000 -1.00000 0.00000
1623966838107822 -0.85662 0.51596 0.00000 -168.58686 0.51596 0.85662 0.00000 -1.41594 0.00000 0.00000 -1.00000 0.00000
1623966838357832 -0.85679 0.51567 0.00000 -171.10796 0.51567 0.85679 0.00000 -1.52648 0.00000 0.00000 -1.00000 0.00000
1623966838607835 -0.85728 0.51485 0.00000 -173.65042 0.51485 0.85728 0.00000 -1.72954 0.00000 0.00000 -1.00000 0.00000
1623966838858464 -0.85759 0.51433 0.00000 -176.20864 0.51433 0.85759 0.00000 -1.88350 0.00000 0.00000 -1.00000 0.00000
