1. 0. 0. 0. 0. -1. -0. 0. 0. 0. -1. 0.
1. -0. -0. -0.001 -0. -1. -0. -0.001 0. 0. -1. 0.
1. -0. -0. -0.002 -0. -1. -0. 0.002 0. 0. -1. 0.
1. -0. -0. 0.005 -0. -1. -0. -0.003 0. 0. -1. 0.
1. 0. 0. -0.002 0. -1. -0. 0.003 0. 0. -1. 0.
1. -0.000 -0. 0.002 -0.000 -1. -0. -0.001 0. 0. -1. 0.
1. -0.000 -0. 0.000 -0.000 -1. -0. -0. 0. 0. -1. 0.
1. -0. -0. -0.002 -0. -1. -0. -0.002 0. 0. -1. 0.
1. -0. -0. -0.005 -0. -1. -0. -0.002 0. 0. -1. 0.
1. -0. -0. -0.002 -0. -1. -0. -0.001 0. 0. -1. 0.
1. 0. 0. -0.003 0. -1. -0. 0.000 0. 0. -1. 0.
1. 0. 0. -0.003 0. -1. -0. 0.004 0. 0. -1. 0.
1. 0.000 0. 0.001 0.000 -1. -0. -0.002 0. 0. -1. 0.
1. 0.000 0. -0.000 0.000 -1. -0. 0.001 0. 0. -1. 0.
1. -0. -0. -0.002 -0. -1. -0. 0. 0. 0. -1. 0.
1. 0.000 0. -0.000 0.000 -1. -0. -0.002 0. 0. -1. 0.
1. 0.000 0. 0.019 0.000 -1. -0. -0.003 0. 0. -1. 0.
1. -0.001 -0. 0.076 -0.001 -1. -0. -0.015 0. 0. -1. 0.
1. -0.002 -0. 0.168 -0.002 -1. -0. -0.035 0. 0. -1. 0.
1. -0.005 -0. 0.270 -0.005 -1. -0. 0.001 0. 0. -1. 0.
1.000 -0.016 -0. 0.402 -0.016 -1.000 -0. -0.069 0. 0. -1. 0.
1.000 -0.030 -0. 0.649 -0.030 -1.000 -0. -0.009 0. 0. -1. 0.
0.999 -0.046 -0. 0.924 -0.046 -0.999 -0. -0.048 0. 0. -1. 0.
0.998 -0.065 -0. 1.320 -0.065 -0.998 -0. -0.073 0. 0. -1. 0.
0.996 -0.089 -0. 1.749 -0.089 -0.996 -0. -0.194 0. 0. -1. 0.
0.994 -0.111 -0. 2.265 -0.111 -0.994 -0. -0.209 0. 0. -1. 0.
0.992 -0.130 -0. 2.862 -0.130 -0.992 -0. -0.347 0. 0. -1. 0.
0.990 -0.142 -0. 3.513 -0.142 -0.990 -0. -0.449 0. 0. -1. 0.
0.990 -0.144 -0. 4.259 -0.144 -0.990 -0. -0.540 0. 0. -1. 0.
0.991 -0.137 -0. 5.129 -0.137 -0.991 -0. -0.720 0. 0. -1. 0.
0.993 -0.122 -0. 6.025 -0.122 -0.993 -0. -0.844 0. 0. -1. 0.
0.994 -0.107 -0. 6.953 -0.107 -0.994 -0. -0.907 0. 0. -1. 0.
0.996 -0.095 -0. 7.967 -0.095 -0.996 -0. -1.041 0. 0. -1. 0.
0.996 -0.086 -0. 9.046 -0.086 -0.996 -0. -1.126 0. 0. -1. 0.
0.997 -0.079 -0. 10.194 -0.079 -0.997 -0. -1.259 0. 0. -1. 0.
0.998 -0.070 -0. 11.349 -0.070 -0.998 -0. -1.336 0. 0. -1. 0.
0.998 -0.069 -0. 12.539 -0.069 -0.998 -0. -1.477 0. 0. -1. 0.
0.998 -0.067 -0. 13.773 -0.067 -0.998 -0. -1.540 0. 0. -1. 0.
0.998 -0.070 -0. 15.048 -0.070 -0.998 -0. -1.627 0. 0. -1. 0.
0.997 -0.074 -0. 16.324 -0.074 -0.997 -0. -1.785 0. 0. -1. 0.
0.997 -0.075 -0. 17.737 -0.075 -0.997 -0. -1.882 0. 0. -1. 0.
0.997 -0.074 -0. 19.205 -0.074 -0.997 -0. -2.049 0. 0. -1. 0.
0.997 -0.071 -0. 20.780 -0.071 -0.997 -0. -2.126 0. 0. -1. 0.
0.998 -0.064 -0. 22.369 -0.064 -0.998 -0. -2.304 0. 0. -1. 0.
0.998 -0.058 -0. 24.032 -0.058 -0.998 -0. -2.413 0. 0. -1. 0.
0.999 -0.050 -0. 25.735 -0.050 -0.999 -0. -2.497 0. 0. -1. 0.
0.999 -0.041 -0. 27.426 -0.041 -0.999 -0. -2.662 0. 0. -1. 0.
0.999 -0.033 -0. 29.154 -0.033 -0.999 -0. -2.716 0. 0. -1. 0.
1.000 -0.029 -0. 30.882 -0.029 -1.000 -0. -2.815 0. 0. -1. 0.
1.000 -0.021 -0. 32.599 -0.021 -1.000 -0. -2.924 0. 0. -1. 0.
1.000 -0.015 -0. 34.374 -0.015 -1.000 -0. -2.999 0. 0. -1. 0.
1. -0.014 -0. 36.150 -0.014 -1. -0. -2.988 0. 0. -1. 0.
1. -0.014 -0. 37.950 -0.014 -1. -0. -3.075 0. 0. -1. 0.
1. -0.012 -0. 39.769 -0.012 -1. -0. -3.167 0. 0. -1. 0.
1. -0.005 -0. 41.644 -0.005 -1. -0. -3.169 0. 0. -1. 0.
1. 0.009 0. 43.554 0.009 -1. -0. -3.121 0. 0. -1. 0.
1.000 0.024 0. 45.537 0.024 -1.000 -0. -3.128 0. 0. -1. 0.
0.999 0.038 0. 47.531 0.038 -0.999 -0. -3.102 0. 0. -1. 0.
0.999 0.053 0. 49.647 0.053 -0.999 -0. -3.078 0. 0. -1. 0.
0.998 0.059 0. 51.701 0.059 -0.998 -0. -2.889 0. 0. -1. 0.
0.998 0.064 0. 53.782 0.064 -0.998 -0. -2.766 0. 0. -1. 0.
0.998 0.070 0. 55.870 0.070 -0.998 -0. -2.691 0. 0. -1. 0.
0.997 0.075 0. 58.005 0.075 -0.997 -0. -2.592 0. 0. -1. 0.
0.997 0.077 0. 60.126 0.077 -0.997 -0. -2.482 0. 0. -1. 0.
0.997 0.082 0. 62.192 0.082 -0.997 -0. -2.336 0. 0. -1. 0.
0.996 0.085 0. 64.297 0.085 -0.996 -0. -2.124 0. 0. -1. 0.
0.996 0.086 0. 66.395 0.086 -0.996 -0. -1.960 0. 0. -1. 0.
0.996 0.085 0. 68.430 0.085 -0.996 -0. -1.860 0. 0. -1. 0.
0.996 0.085 0. 70.541 0.085 -0.996 -0. -1.633 0. 0. -1. 0.
0.997 0.078 0. 72.584 0.078 -0.997 -0. -1.431 0. 0. -1. 0.
0.998 0.069 0. 74.660 0.069 -0.998 -0. -1.326 0. 0. -1. 0.
0.999 0.052 0. 76.703 0.052 -0.999 -0. -1.241 0. 0. -1. 0.
1.000 0.028 0. 78.755 0.028 -1.000 -0. -1.185 0. 0. -1. 0.
1. 0.005 0. 80.768 0.005 -1. -0. -1.177 0. 0. -1. 0.
1.000 -0.023 -0. 82.803 -0.023 -1.000 -0. -1.227 0. 0. -1. 0.
0.998 -0.059 -0. 84.821 -0.059 -0.998 -0. -1.362 0. 0. -1. 0.
0.995 -0.100 -0. 86.792 -0.100 -0.995 -0. -1.546 0. 0. -1. 0.
0.990 -0.143 -0. 88.810 -0.143 -0.990 -0. -1.838 0. 0. -1. 0.
0.980 -0.197 -0. 90.780 -0.197 -0.980 -0. -2.175 0. 0. -1. 0.
0.967 -0.254 -0. 92.648 -0.254 -0.967 -0. -2.704 0. 0. -1. 0.
0.951 -0.309 -0. 94.488 -0.309 -0.951 -0. -3.307 0. 0. -1. 0.
0.933 -0.359 -0. 96.320 -0.359 -0.933 -0. -3.990 0. 0. -1. 0.
0.912 -0.410 -0. 98.121 -0.410 -0.912 -0. -4.782 0. 0. -1. 0.
0.887 -0.461 -0. 99.802 -0.461 -0.887 -0. -5.615 0. 0. -1. 0.
0.858 -0.514 -0. 101.489 -0.514 -0.858 -0. -6.624 0. 0. -1. 0.
0.820 -0.572 -0. 103.156 -0.572 -0.820 -0. -7.661 0. 0. -1. 0.
0.773 -0.634 -0. 104.582 -0.634 -0.773 -0. -8.866 0. 0. -1. 0.
0.719 -0.695 -0. 105.885 -0.695 -0.719 -0. -10.111 0. 0. -1. 0.
0.659 -0.752 -0. 107.108 -0.752 -0.659 -0. -11.556 0. 0. -1. 0.
0.600 -0.800 -0. 108.215 -0.800 -0.600 -0. -12.964 0. 0. -1. 0.
0.549 -0.836 -0. 109.175 -0.836 -0.549 -0. -14.397 0. 0. -1. 0.
0.497 -0.868 -0. 110.013 -0.868 -0.497 -0. -15.969 0. 0. -1. 0.
0.457 -0.889 -0. 110.780 -0.889 -0.457 -0. -17.639 0. 0. -1. 0.
0.432 -0.902 -0. 111.567 -0.902 -0.432 -0. -19.359 0. 0. -1. 0.
0.418 -0.908 -0. 112.325 -0.908 -0.418 -0. -21.133 0. 0. -1. 0.
0.411 -0.912 -0. 113.196 -0.912 -0.411 -0. -22.890 0. 0. -1. 0.
0.406 -0.914 -0. 113.934 -0.914 -0.406 -0. -24.705 0. 0. -1. 0.
0.405 -0.914 -0. 114.840 -0.914 -0.405 -0. -26.537 0. 0. -1. 0.
0.409 -0.912 -0. 115.636 -0.912 -0.409 -0. -28.390 0. 0. -1. 0.
0.412 -0.911 -0. 116.450 -0.911 -0.412 -0. -30.182 0. 0. -1. 0.
0.419 -0.908 -0. 117.279 -0.908 -0.419 -0. -32.096 0. 0. -1. 0.
0.428 -0.904 -0. 118.106 -0.904 -0.428 -0. -33.901 0. 0. -1. 0.
0.437 -0.899 -0. 118.982 -0.899 -0.437 -0. -35.699 0. 0. -1. 0.
0.446 -0.895 -0. 119.757 -0.895 -0.446 -0. -37.456 0. 0. -1. 0.
0.457 -0.889 -0. 120.625 -0.889 -0.457 -0. -39.181 0. 0. -1. 0.
0.472 -0.882 -0. 121.491 -0.882 -0.472 -0. -40.924 0. 0. -1. 0.
0.489 -0.872 -0. 122.331 -0.872 -0.489 -0. -42.609 0. 0. -1. 0.
0.507 -0.862 -0. 123.232 -0.862 -0.507 -0. -44.243 0. 0. -1. 0.
0.530 -0.848 -0. 124.279 -0.848 -0.530 -0. -45.900 0. 0. -1. 0.
0.558 -0.830 -0. 125.241 -0.830 -0.558 -0. -47.442 0. 0. -1. 0.
0.587 -0.810 -0. 126.262 -0.810 -0.587 -0. -48.995 0. 0. -1. 0.
0.617 -0.787 -0. 127.407 -0.787 -0.617 -0. -50.484 0. 0. -1. 0.
0.643 -0.766 -0. 128.576 -0.766 -0.643 -0. -51.957 0. 0. -1. 0.
0.668 -0.744 -0. 129.757 -0.744 -0.668 -0. -53.342 0. 0. -1. 0.
0.689 -0.725 -0. 131.146 -0.725 -0.689 -0. -54.771 0. 0. -1. 0.
0.706 -0.709 -0. 132.418 -0.709 -0.706 -0. -56.119 0. 0. -1. 0.
0.712 -0.702 -0. 133.772 -0.702 -0.712 -0. -57.409 0. 0. -1. 0.
0.706 -0.708 -0. 135.082 -0.708 -0.706 -0. -58.802 0. 0. -1. 0.
0.691 -0.722 -0. 136.226 -0.722 -0.691 -0. -60.002 0. 0. -1. 0.
0.674 -0.739 -0. 137.288 -0.739 -0.674 -0. -61.203 0. 0. -1. 0.
0.661 -0.751 -0. 138.324 -0.751 -0.661 -0. -62.320 0. 0. -1. 0.
0.657 -0.754 -0. 139.315 -0.754 -0.657 -0. -63.402 0. 0. -1. 0.
0.673 -0.739 -0. 140.196 -0.739 -0.673 -0. -64.515 0. 0. -1. 0.
0.713 -0.701 -0. 141.115 -0.701 -0.713 -0. -65.396 0. 0. -1. 0.
0.768 -0.641 -0. 142.074 -0.641 -0.768 -0. -66.220 0. 0. -1. 0.
0.829 -0.560 -0. 143.041 -0.560 -0.829 -0. -66.931 0. 0. -1. 0.
0.889 -0.457 -0. 144.016 -0.457 -0.889 -0. -67.441 0. 0. -1. 0.
0.944 -0.331 -0. 145.043 -0.331 -0.944 -0. -67.825 0. 0. -1. 0.
0.984 -0.179 -0. 146.080 -0.179 -0.984 -0. -68.003 0. 0. -1. 0.
1. -0.008 -0. 147.115 -0.008 -1. -0. -68.075 0. 0. -1. 0.
0.984 0.176 0. 148.109 0.176 -0.984 -0. -67.825 0. 0. -1. 0.
0.933 0.360 0. 148.966 0.360 -0.933 -0. -67.438 0. 0. -1. 0.
0.841 0.541 0. 149.754 0.541 -0.841 -0. -66.859 0. 0. -1. 0.
0.715 0.699 0. 150.373 0.699 -0.715 -0. -66.262 0. 0. -1. 0.
0.558 0.830 0. 150.852 0.830 -0.558 -0. -65.441 0. 0. -1. 0.
0.379 0.925 0. 151.128 0.925 -0.379 -0. -64.639 0. 0. -1. 0.
0.186 0.983 0. 151.239 0.983 -0.186 -0. -63.701 0. 0. -1. 0.
-0.023 1.000 0. 151.274 1.000 0.023 0. -62.837 0. 0. -1. 0.
-0.234 0.972 0. 150.962 0.972 0.234 0. -61.919 0. 0. -1. 0.
-0.443 0.897 0. 150.477 0.897 0.443 0. -61.004 0. 0. -1. 0.
-0.625 0.780 0. 149.762 0.780 0.625 0. -60.180 0. 0. -1. 0.
-0.770 0.638 0. 148.821 0.638 0.770 0. -59.389 0. 0. -1. 0.
-0.868 0.497 0. 147.762 0.497 0.868 0. -58.790 0. 0. -1. 0.
-0.928 0.374 0. 146.487 0.374 0.928 0. -58.316 0. 0. -1. 0.
-0.957 0.290 0. 145.100 0.290 0.957 0. -57.888 0. 0. -1. 0.
-0.969 0.248 0. 143.665 0.248 0.969 0. -57.520 0. 0. -1. 0.
-0.969 0.247 0. 142.114 0.247 0.969 0. -57.128 0. 0. -1. 0.
-0.957 0.289 0. 140.675 0.289 0.957 0. -56.746 0. 0. -1. 0.
-0.939 0.343 0. 139.243 0.343 0.939 0. -56.308 0. 0. -1. 0.
-0.915 0.403 0. 137.783 0.403 0.915 0. -55.666 0. 0. -1. 0.
-0.890 0.456 0. 136.382 0.456 0.890 0. -54.974 0. 0. -1. 0.
-0.862 0.507 0. 134.962 0.507 0.862 0. -54.116 0. 0. -1. 0.
-0.831 0.556 0. 133.540 0.556 0.831 0. -53.117 0. 0. -1. 0.
-0.798 0.602 0. 132.119 0.602 0.798 0. -52.019 0. 0. -1. 0.
-0.767 0.642 0. 130.762 0.642 0.767 0. -50.845 0. 0. -1. 0.
-0.733 0.680 0. 129.349 0.680 0.733 0. -49.546 0. 0. -1. 0.
-0.697 0.717 0. 127.995 0.717 0.697 0. -48.152 0. 0. -1. 0.
-0.659 0.752 0. 126.679 0.752 0.659 0. -46.622 0. 0. -1. 0.
-0.618 0.786 0. 125.442 0.786 0.618 0. -45.042 0. 0. -1. 0.
-0.575 0.818 0. 124.245 0.818 0.575 0. -43.350 0. 0. -1. 0.
-0.533 0.846 0. 123.170 0.846 0.533 0. -41.715 0. 0. -1. 0.
-0.492 0.871 0. 122.195 0.871 0.492 0. -39.958 0. 0. -1. 0.
-0.458 0.889 0. 121.205 0.889 0.458 0. -38.131 0. 0. -1. 0.
-0.428 0.904 0. 120.451 0.904 0.428 0. -36.351 0. 0. -1. 0.
-0.407 0.913 0. 119.626 0.913 0.407 0. -34.509 0. 0. -1. 0.
-0.393 0.920 0. 118.902 0.920 0.393 0. -32.624 0. 0. -1. 0.
-0.379 0.925 0. 118.134 0.925 0.379 0. -30.799 0. 0. -1. 0.
-0.371 0.929 0. 117.420 0.929 0.371 0. -28.918 0. 0. -1. 0.
-0.365 0.931 0. 116.804 0.931 0.365 0. -27.035 0. 0. -1. 0.
-0.369 0.929 0. 115.935 0.929 0.369 0. -25.197 0. 0. -1. 0.
-0.377 0.926 0. 115.312 0.926 0.377 0. -23.344 0. 0. -1. 0.
-0.393 0.919 0. 114.463 0.919 0.393 0. -21.489 0. 0. -1. 0.
-0.423 0.906 0. 113.780 0.906 0.423 0. -19.638 0. 0. -1. 0.
-0.457 0.889 0. 112.898 0.889 0.457 0. -17.811 0. 0. -1. 0.
-0.496 0.868 0. 112.009 0.868 0.496 0. -16.049 0. 0. -1. 0.
-0.544 0.839 0. 110.944 0.839 0.544 0. -14.328 0. 0. -1. 0.
-0.591 0.807 0. 109.775 0.807 0.591 0. -12.786 0. 0. -1. 0.
-0.642 0.767 0. 108.614 0.767 0.642 0. -11.301 0. 0. -1. 0.
-0.698 0.716 0. 107.229 0.716 0.698 0. -9.817 0. 0. -1. 0.
-0.752 0.660 0. 105.732 0.660 0.752 0. -8.413 0. 0. -1. 0.
-0.798 0.602 0. 104.237 0.602 0.798 0. -7.156 0. 0. -1. 0.
-0.842 0.540 0. 102.574 0.540 0.842 0. -6.118 0. 0. -1. 0.
-0.878 0.478 0. 100.740 0.478 0.878 0. -5.047 0. 0. -1. 0.
-0.910 0.414 0. 98.884 0.414 0.910 0. -4.240 0. 0. -1. 0.
-0.936 0.353 0. 97.020 0.353 0.936 0. -3.349 0. 0. -1. 0.
-0.956 0.292 0. 95.050 0.292 0.956 0. -2.751 0. 0. -1. 0.
-0.973 0.230 0. 93.097 0.230 0.973 0. -2.275 0. 0. -1. 0.
-0.985 0.172 0. 91.016 0.172 0.985 0. -1.940 0. 0. -1. 0.
-0.993 0.117 0. 88.976 0.117 0.993 0. -1.610 0. 0. -1. 0.
-0.997 0.074 0. 86.890 0.074 0.997 0. -1.451 0. 0. -1. 0.
-1.000 0.030 0. 84.815 0.030 1.000 0. -1.377 0. 0. -1. 0.
-1. -0.000 -0. 82.625 -0.000 1. 0. -1.366 0. 0. -1. 0.
-1.000 -0.023 -0. 80.503 -0.023 1.000 0. -1.390 0. 0. -1. 0.
-0.999 -0.037 -0. 78.361 -0.037 0.999 0. -1.534 0. 0. -1. 0.
-0.999 -0.044 -0. 76.254 -0.044 0.999 0. -1.644 0. 0. -1. 0.
-0.999 -0.050 -0. 74.020 -0.050 0.999 0. -1.742 0. 0. -1. 0.
-0.999 -0.049 -0. 71.824 -0.049 0.999 0. -1.793 0. 0. -1. 0.
-0.999 -0.049 -0. 69.618 -0.049 0.999 0. -1.869 0. 0. -1. 0.
-0.999 -0.046 -0. 67.479 -0.046 0.999 0. -1.966 0. 0. -1. 0.
-0.999 -0.048 -0. 65.308 -0.048 0.999 0. -2.030 0. 0. -1. 0.
-0.999 -0.047 -0. 63.157 -0.047 0.999 0. -2.128 0. 0. -1. 0.
-0.999 -0.045 -0. 61.007 -0.045 0.999 0. -2.187 0. 0. -1. 0.
-0.999 -0.042 -0. 58.852 -0.042 0.999 0. -2.219 0. 0. -1. 0.
-0.999 -0.042 -0. 56.721 -0.042 0.999 0. -2.243 0. 0. -1. 0.
-0.999 -0.044 -0. 54.658 -0.044 0.999 0. -2.315 0. 0. -1. 0.
-0.999 -0.046 -0. 52.571 -0.046 0.999 0. -2.412 0. 0. -1. 0.
-0.999 -0.047 -0. 50.458 -0.047 0.999 0. -2.410 0. 0. -1. 0.
-0.999 -0.050 -0. 48.427 -0.050 0.999 0. -2.557 0. 0. -1. 0.
-0.999 -0.052 -0. 46.396 -0.052 0.999 0. -2.640 0. 0. -1. 0.
-0.998 -0.055 -0. 44.395 -0.055 0.998 0. -2.715 0. 0. -1. 0.
-0.999 -0.047 -0. 42.368 -0.047 0.999 0. -2.872 0. 0. -1. 0.
-0.999 -0.033 -0. 40.371 -0.033 0.999 0. -2.848 0. 0. -1. 0.
-1.000 -0.018 -0. 38.426 -0.018 1.000 0. -2.962 0. 0. -1. 0.
-1. -0.005 -0. 36.434 -0.005 1. 0. -2.905 0. 0. -1. 0.
-1. 0.005 0. 34.429 0.005 1. 0. -2.850 0. 0. -1. 0.
-1.000 0.016 0. 32.500 0.016 1.000 0. -2.777 0. 0. -1. 0.
-1.000 0.025 0. 30.531 0.025 1.000 0. -2.759 0. 0. -1. 0.
-0.999 0.032 0. 28.605 0.032 0.999 0. -2.562 0. 0. -1. 0.
-0.999 0.040 0. 26.623 0.040 0.999 0. -2.519 0. 0. -1. 0.
-0.999 0.041 0. 24.702 0.041 0.999 0. -2.423 0. 0. -1. 0.
-0.999 0.045 0. 22.774 0.045 0.999 0. -2.348 0. 0. -1. 0.
-0.999 0.046 0. 20.816 0.046 0.999 0. -2.221 0. 0. -1. 0.
-0.999 0.046 0. 18.874 0.046 0.999 0. -2.086 0. 0. -1. 0.
-0.999 0.046 0. 16.943 0.046 0.999 0. -2.049 0. 0. -1. 0.
-0.999 0.048 0. 15.079 0.048 0.999 0. -1.919 0. 0. -1. 0.
-0.999 0.054 0. 13.101 0.054 0.999 0. -1.818 0. 0. -1. 0.
-0.998 0.056 0. 11.158 0.056 0.998 0. -1.721 0. 0. -1. 0.
-0.998 0.060 0. 9.286 0.060 0.998 0. -1.618 0. 0. -1. 0.
-0.998 0.064 0. 7.367 0.064 0.998 0. -1.459 0. 0. -1. 0.
-0.998 0.065 0. 5.453 0.065 0.998 0. -1.327 0. 0. -1. 0.
-0.998 0.067 0. 3.564 0.067 0.998 0. -1.141 0. 0. -1. 0.
-0.998 0.067 0. 1.650 0.067 0.998 0. -0.993 0. 0. -1. 0.
-0.998 0.065 0. -0.244 0.065 0.998 0. -0.863 0. 0. -1. 0.
-0.998 0.060 0. -2.137 0.060 0.998 0. -0.668 0. 0. -1. 0.
-0.998 0.055 0. -4.015 0.055 0.998 0. -0.596 0. 0. -1. 0.
-0.999 0.052 0. -5.909 0.052 0.999 0. -0.500 0. 0. -1. 0.
-0.999 0.044 0. -7.843 0.044 0.999 0. -0.321 0. 0. -1. 0.
-0.999 0.039 0. -9.715 0.039 0.999 0. -0.295 0. 0. -1. 0.
-0.999 0.035 0. -11.612 0.035 0.999 0. -0.115 0. 0. -1. 0.
-0.999 0.033 0. -13.535 0.033 0.999 0. -0.092 0. 0. -1. 0.
-0.999 0.033 0. -15.357 0.033 0.999 0. 0.017 0. 0. -1. 0.
-1.000 0.028 0. -17.273 0.028 1.000 0. 0.014 0. 0. -1. 0.
-1.000 0.021 0. -19.169 0.021 1.000 0. 0.252 0. 0. -1. 0.
-1. 0.013 0. -21.124 0.013 1. 0. 0.215 0. 0. -1. 0.
-1. 0.005 0. -22.962 0.005 1. 0. 0.286 0. 0. -1. 0.
-1. -0.001 -0. -24.942 -0.001 1. 0. 0.308 0. 0. -1. 0.
-1. -0.008 -0. -26.784 -0.008 1. 0. 0.338 0. 0. -1. 0.
-1. -0.009 -0. -28.814 -0.009 1. 0. 0.260 0. 0. -1. 0.
-1. -0.009 -0. -30.758 -0.009 1. 0. 0.278 0. 0. -1. 0.
-1. -0.008 -0. -32.839 -0.008 1. 0. 0.232 0. 0. -1. 0.
-1. -0.011 -0. -34.896 -0.011 1. 0. 0.193 0. 0. -1. 0.
-1. -0.010 -0. -37.008 -0.010 1. 0. 0.210 0. 0. -1. 0.
-1. -0.011 -0. -39.133 -0.011 1. 0. 0.246 0. 0. -1. 0.
-1. -0.011 -0. -41.309 -0.011 1. 0. 0.224 0. 0. -1. 0.
-1.000 -0.014 -0. -43.393 -0.014 1.000 0. 0.157 0. 0. -1. 0.
-1.000 -0.021 -0. -45.564 -0.021 1.000 0. 0.182 0. 0. -1. 0.
-1.000 -0.027 -0. -47.628 -0.027 1.000 0. 0.107 0. 0. -1. 0.
-0.999 -0.032 -0. -49.709 -0.032 0.999 0. 0.064 0. 0. -1. 0.
-0.999 -0.038 -0. -51.749 -0.038 0.999 0. 0.042 0. 0. -1. 0.
-0.999 -0.043 -0. -53.795 -0.043 0.999 0. -0.090 0. 0. -1. 0.
-0.999 -0.046 -0. -55.749 -0.046 0.999 0. -0.213 0. 0. -1. 0.
-0.999 -0.040 -0. -57.596 -0.040 0.999 0. -0.226 0. 0. -1. 0.
-0.999 -0.032 -0. -59.367 -0.032 0.999 0. -0.318 0. 0. -1. 0.
-1. -0.008 -0. -60.996 -0.008 1. 0. -0.322 0. 0. -1. 0.
-1.000 0.027 0. -62.550 0.027 1.000 0. -0.294 0. 0. -1. 0.
-0.997 0.078 0. -63.996 0.078 0.997 0. -0.137 0. 0. -1. 0.
-0.990 0.142 0. -65.309 0.142 0.990 0. 0.007 0. 0. -1. 0.
-0.975 0.223 0. -66.488 0.223 0.975 0. 0.313 0. 0. -1. 0.
-0.948 0.318 0. -67.554 0.318 0.948 0. 0.667 0. 0. -1. 0.
-0.905 0.425 0. -68.499 0.425 0.905 0. 1.182 0. 0. -1. 0.
-0.843 0.537 0. -69.338 0.537 0.843 0. 1.756 0. 0. -1. 0.
-0.761 0.649 0. -70.136 0.649 0.761 0. 2.426 0. 0. -1. 0.
-0.664 0.747 0. -70.751 0.747 0.664 0. 3.218 0. 0. -1. 0.
-0.563 0.826 0. -71.328 0.826 0.563 0. 4.058 0. 0. -1. 0.
-0.463 0.886 0. -71.771 0.886 0.463 0. 4.981 0. 0. -1. 0.
-0.364 0.931 0. -72.172 0.931 0.364 0. 6.006 0. 0. -1. 0.
-0.277 0.961 0. -72.497 0.961 0.277 0. 7.075 0. 0. -1. 0.
-0.211 0.978 0. -72.716 0.978 0.211 0. 8.214 0. 0. -1. 0.
-0.167 0.986 0. -72.956 0.986 0.167 0. 9.498 0. 0. -1. 0.
-0.142 0.990 0. -73.046 0.990 0.142 0. 10.830 0. 0. -1. 0.
-0.118 0.993 0. -73.315 0.993 0.118 0. 12.322 0. 0. -1. 0.
-0.104 0.995 0. -73.328 0.995 0.104 0. 13.888 0. 0. -1. 0.
-0.084 0.996 0. -73.414 0.996 0.084 0. 15.505 0. 0. -1. 0.
-0.068 0.998 0. -73.620 0.998 0.068 0. 17.185 0. 0. -1. 0.
-0.057 0.998 0. -73.600 0.998 0.057 0. 18.895 0. 0. -1. 0.
-0.051 0.999 0. -73.613 0.999 0.051 0. 20.666 0. 0. -1. 0.
-0.039 0.999 0. -73.676 0.999 0.039 0. 22.416 0. 0. -1. 0.
-0.032 0.999 0. -73.707 0.999 0.032 0. 24.200 0. 0. -1. 0.
-0.023 1.000 0. -73.720 1.000 0.023 0. 26.040 0. 0. -1. 0.
-0.010 1. 0. -73.649 1. 0.010 0. 27.958 0. 0. -1. 0.
0.006 1. 0. -73.606 1. -0.006 -0. 29.825 0. 0. -1. 0.
0.029 1.000 0. -73.547 1.000 -0.029 -0. 31.708 0. 0. -1. 0.
0.051 0.999 0. -73.394 0.999 -0.051 -0. 33.580 0. 0. -1. 0.
0.073 0.997 0. -73.227 0.997 -0.073 -0. 35.491 0. 0. -1. 0.
0.090 0.996 0. -73.022 0.996 -0.090 -0. 37.343 0. 0. -1. 0.
0.088 0.996 0. -72.748 0.996 -0.088 -0. 39.212 0. 0. -1. 0.
0.082 0.997 0. -72.584 0.997 -0.082 -0. 41.087 0. 0. -1. 0.
0.068 0.998 0. -72.382 0.998 -0.068 -0. 43.048 0. 0. -1. 0.
0.053 0.999 0. -72.267 0.999 -0.053 -0. 45.002 0. 0. -1. 0.
0.035 0.999 0. -72.220 0.999 -0.035 -0. 46.990 0. 0. -1. 0.
0.026 1.000 0. -72.118 1.000 -0.026 -0. 48.970 0. 0. -1. 0.
0.012 1. 0. -72.036 1. -0.012 -0. 51.109 0. 0. -1. 0.
0.007 1. 0. -72.003 1. -0.007 -0. 53.195 0. 0. -1. 0.
-0.005 1. 0. -72.032 1. 0.005 0. 55.329 0. 0. -1. 0.
-0.007 1. 0. -71.957 1. 0.007 0. 57.481 0. 0. -1. 0.
-0.015 1.000 0. -72.035 1.000 0.015 0. 59.521 0. 0. -1. 0.
-0.019 1.000 0. -72.004 1.000 0.019 0. 61.653 0. 0. -1. 0.
-0.026 1.000 0. -72.064 1.000 0.026 0. 63.663 0. 0. -1. 0.
-0.030 1.000 0. -72.136 1.000 0.030 0. 65.715 0. 0. -1. 0.
-0.038 0.999 0. -72.145 0.999 0.038 0. 67.703 0. 0. -1. 0.
-0.045 0.999 0. -72.207 0.999 0.045 0. 69.689 0. 0. -1. 0.
-0.052 0.999 0. -72.356 0.999 0.052 0. 71.646 0. 0. -1. 0.
-0.059 0.998 0. -72.331 0.998 0.059 0. 73.461 0. 0. -1. 0.
-0.073 0.997 0. -72.471 0.997 0.073 0. 75.300 0. 0. -1. 0.
-0.094 0.996 0. -72.563 0.996 0.094 0. 77.056 0. 0. -1. 0.
-0.129 0.992 0. -72.787 0.992 0.129 0. 78.738 0. 0. -1. 0.
-0.181 0.984 0. -73.052 0.984 0.181 0. 80.399 0. 0. -1. 0.
-0.243 0.970 0. -73.390 0.970 0.243 0. 81.996 0. 0. -1. 0.
-0.319 0.948 0. -73.871 0.948 0.319 0. 83.522 0. 0. -1. 0.
-0.394 0.919 0. -74.462 0.919 0.394 0. 84.991 0. 0. -1. 0.
-0.475 0.880 0. -75.088 0.880 0.475 0. 86.406 0. 0. -1. 0.
-0.558 0.830 0. -75.990 0.830 0.558 0. 87.674 0. 0. -1. 0.
-0.637 0.771 0. -76.869 0.771 0.637 0. 88.892 0. 0. -1. 0.
-0.710 0.705 0. -77.941 0.705 0.710 0. 89.982 0. 0. -1. 0.
-0.780 0.625 0. -79.057 0.625 0.780 0. 90.974 0. 0. -1. 0.
-0.840 0.543 0. -80.382 0.543 0.840 0. 91.827 0. 0. -1. 0.
-0.892 0.453 0. -81.727 0.453 0.892 0. 92.529 0. 0. -1. 0.
-0.930 0.367 0. -83.213 0.367 0.930 0. 93.141 0. 0. -1. 0.
-0.956 0.295 0. -84.731 0.295 0.956 0. 93.667 0. 0. -1. 0.
-0.975 0.221 0. -86.261 0.221 0.975 0. 94.046 0. 0. -1. 0.
-0.984 0.178 0. -87.937 0.178 0.984 0. 94.371 0. 0. -1. 0.
-0.988 0.156 0. -89.566 0.156 0.988 0. 94.631 0. 0. -1. 0.
-0.987 0.158 0. -91.171 0.158 0.987 0. 94.958 0. 0. -1. 0.
-0.984 0.176 0. -92.876 0.176 0.984 0. 95.217 0. 0. -1. 0.
-0.979 0.206 0. -94.611 0.206 0.979 0. 95.513 0. 0. -1. 0.
-0.968 0.251 0. -96.256 0.251 0.968 0. 96.005 0. 0. -1. 0.
-0.954 0.300 0. -97.881 0.300 0.954 0. 96.563 0. 0. -1. 0.
-0.935 0.354 0. -99.522 0.354 0.935 0. 97.157 0. 0. -1. 0.
-0.912 0.411 0. -101.125 0.411 0.912 0. 97.923 0. 0. -1. 0.
-0.883 0.469 0. -102.672 0.469 0.883 0. 98.778 0. 0. -1. 0.
-0.853 0.521 0. -104.206 0.521 0.853 0. 99.691 0. 0. -1. 0.
-0.824 0.567 0. -105.734 0.567 0.824 0. 100.754 0. 0. -1. 0.
-0.800 0.600 0. -107.224 0.600 0.800 0. 101.862 0. 0. -1. 0.
-0.784 0.621 0. -108.709 0.621 0.784 0. 103.055 0. 0. -1. 0.
-0.769 0.639 0. -110.185 0.639 0.769 0. 104.321 0. 0. -1. 0.
-0.763 0.646 0. -111.625 0.646 0.763 0. 105.584 0. 0. -1. 0.
-0.758 0.652 0. -113.168 0.652 0.758 0. 106.946 0. 0. -1. 0.
-0.754 0.657 0. -114.698 0.657 0.754 0. 108.295 0. 0. -1. 0.
-0.748 0.664 0. -116.306 0.664 0.748 0. 109.693 0. 0. -1. 0.
-0.741 0.671 0. -117.817 0.671 0.741 0. 111.135 0. 0. -1. 0.
-0.737 0.676 0. -119.480 0.676 0.737 0. 112.687 0. 0. -1. 0.
-0.733 0.681 0. -121.047 0.681 0.733 0. 114.167 0. 0. -1. 0.
-0.730 0.684 0. -122.683 0.684 0.730 0. 115.695 0. 0. -1. 0.
-0.726 0.687 0. -124.320 0.687 0.726 0. 117.318 0. 0. -1. 0.
-0.720 0.693 0. -126.040 0.693 0.720 0. 118.880 0. 0. -1. 0.
-0.720 0.694 0. -127.750 0.694 0.720 0. 120.550 0. 0. -1. 0.
-0.721 0.693 0. -129.417 0.693 0.721 0. 122.243 0. 0. -1. 0.
-0.722 0.692 0. -131.153 0.692 0.722 0. 123.884 0. 0. -1. 0.
-0.722 0.692 0. -132.807 0.692 0.722 0. 125.706 0. 0. -1. 0.
-0.722 0.692 0. -134.591 0.692 0.722 0. 127.401 0. 0. -1. 0.
-0.721 0.692 0. -136.455 0.692 0.721 0. 129.180 0. 0. -1. 0.
-0.720 0.694 0. -138.106 0.694 0.720 0. 130.989 0. 0. -1. 0.
-0.722 0.692 0. -139.976 0.692 0.722 0. 132.782 0. 0. -1. 0.
-0.720 0.694 0. -141.738 0.694 0.720 0. 134.554 0. 0. -1. 0.
-0.718 0.696 0. -143.542 0.696 0.718 0. 136.346 0. 0. -1. 0.
-0.718 0.696 0. -145.282 0.696 0.718 0. 138.205 0. 0. -1. 0.
-0.718 0.696 0. -147.117 0.696 0.718 0. 139.966 0. 0. -1. 0.
-0.714 0.700 0. -148.986 0.700 0.714 0. 141.746 0. 0. -1. 0.
-0.706 0.708 0. -150.772 0.708 0.706 0. 143.527 0. 0. -1. 0.
-0.693 0.721 0. -152.559 0.721 0.693 0. 145.372 0. 0. -1. 0.
-0.681 0.732 0. -154.309 0.732 0.681 0. 147.218 0. 0. -1. 0.
-0.669 0.743 0. -155.975 0.743 0.669 0. 149.191 0. 0. -1. 0.
-0.650 0.760 0. -157.657 0.760 0.650 0. 151.147 0. 0. -1. 0.
-0.626 0.780 0. -159.150 0.780 0.626 0. 153.179 0. 0. -1. 0.
-0.600 0.800 0. -160.645 0.800 0.600 0. 155.212 0. 0. -1. 0.
-0.568 0.823 0. -162.078 0.823 0.568 0. 157.315 0. 0. -1. 0.
-0.534 0.845 0. -163.422 0.845 0.534 0. 159.468 0. 0. -1. 0.
-0.491 0.871 0. -164.760 0.871 0.491 0. 161.659 0. 0. -1. 0.
-0.449 0.893 0. -165.893 0.893 0.449 0. 163.918 0. 0. -1. 0.
-0.404 0.915 0. -166.939 0.915 0.404 0. 166.183 0. 0. -1. 0.
-0.356 0.934 0. -167.767 0.934 0.356 0. 168.515 0. 0. -1. 0.
-0.311 0.950 0. -168.490 0.950 0.311 0. 170.867 0. 0. -1. 0.
-0.268 0.963 0. -169.057 0.963 0.268 0. 173.245 0. 0. -1. 0.
-0.230 0.973 0. -169.785 0.973 0.230 0. 175.573 0. 0. -1. 0.
-0.196 0.981 0. -170.115 0.981 0.196 0. 177.959 0. 0. -1. 0.
-0.174 0.985 0. -170.582 0.985 0.174 0. 180.363 0. 0. -1. 0.
-0.161 0.987 0. -170.944 0.987 0.161 0. 182.735 0. 0. -1. 0.
-0.152 0.988 0. -171.289 0.988 0.152 0. 185.138 0. 0. -1. 0.
-0.148 0.989 0. -171.640 0.989 0.148 0. 187.567 0. 0. -1. 0.
-0.139 0.990 0. -171.883 0.990 0.139 0. 190.016 0. 0. -1. 0.
-0.138 0.990 0. -172.187 0.990 0.138 0. 192.386 0. 0. -1. 0.
-0.141 0.990 0. -172.479 0.990 0.141 0. 194.805 0. 0. -1. 0.
-0.152 0.988 0. -172.769 0.988 0.152 0. 197.205 0. 0. -1. 0.
-0.166 0.986 0. -173.012 0.986 0.166 0. 199.619 0. 0. -1. 0.
-0.183 0.983 0. -173.452 0.983 0.183 0. 201.943 0. 0. -1. 0.
-0.205 0.979 0. -173.927 0.979 0.205 0. 204.237 0. 0. -1. 0.
-0.232 0.973 0. -174.466 0.973 0.232 0. 206.531 0. 0. -1. 0.
-0.262 0.965 0. -175.106 0.965 0.262 0. 208.781 0. 0. -1. 0.
-0.296 0.955 0. -175.698 0.955 0.296 0. 210.950 0. 0. -1. 0.
-0.333 0.943 0. -176.448 0.943 0.333 0. 213.092 0. 0. -1. 0.
-0.383 0.924 0. -177.098 0.924 0.383 0. 215.163 0. 0. -1. 0.
-0.441 0.898 0. -178.044 0.898 0.441 0. 217.176 0. 0. -1. 0.
-0.508 0.861 0. -179.104 0.861 0.508 0. 218.971 0. 0. -1. 0.
-0.580 0.815 0. -180.328 0.815 0.580 0. 220.764 0. 0. -1. 0.
-0.650 0.760 0. -181.656 0.760 0.650 0. 222.380 0. 0. -1. 0.
-0.713 0.701 0. -183.144 0.701 0.713 0. 223.913 0. 0. -1. 0.
-0.774 0.634 0. -184.737 0.634 0.774 0. 225.230 0. 0. -1. 0.
-0.827 0.562 0. -186.492 0.562 0.827 0. 226.473 0. 0. -1. 0.
-0.872 0.489 0. -188.459 0.489 0.872 0. 227.523 0. 0. -1. 0.
-0.907 0.420 0. -190.228 0.420 0.907 0. 228.478 0. 0. -1. 0.
-0.933 0.360 0. -192.253 0.360 0.933 0. 229.280 0. 0. -1. 0.
-0.951 0.310 0. -194.309 0.310 0.951 0. 230.032 0. 0. -1. 0.
-0.962 0.273 0. -196.394 0.273 0.962 0. 230.666 0. 0. -1. 0.
-0.969 0.248 0. -198.477 0.248 0.969 0. 231.320 0. 0. -1. 0.
-0.973 0.232 0. -200.633 0.232 0.973 0. 231.889 0. 0. -1. 0.
-0.975 0.224 0. -202.740 0.224 0.975 0. 232.408 0. 0. -1. 0.
-0.975 0.221 0. -204.858 0.221 0.975 0. 232.893 0. 0. -1. 0.
-0.975 0.222 0. -207.045 0.222 0.975 0. 233.438 0. 0. -1. 0.
-0.974 0.224 0. -209.182 0.224 0.974 0. 234.016 0. 0. -1. 0.
-0.975 0.224 0. -211.322 0.224 0.975 0. 234.508 0. 0. -1. 0.
-0.975 0.222 0. -213.440 0.222 0.975 0. 235.023 0. 0. -1. 0.
-0.976 0.220 0. -215.630 0.220 0.976 0. 235.484 0. 0. -1. 0.
-0.976 0.218 0. -217.733 0.218 0.976 0. 235.968 0. 0. -1. 0.
-0.976 0.216 0. -219.800 0.216 0.976 0. 236.489 0. 0. -1. 0.
-0.976 0.217 0. -221.930 0.217 0.976 0. 236.982 0. 0. -1. 0.
-0.975 0.221 0. -223.983 0.221 0.975 0. 237.451 0. 0. -1. 0.
-0.973 0.232 0. -226.108 0.232 0.973 0. 237.879 0. 0. -1. 0.
-0.969 0.247 0. -227.991 0.247 0.969 0. 238.422 0. 0. -1. 0.
-0.965 0.263 0. -229.938 0.263 0.965 0. 239.023 0. 0. -1. 0.
-0.962 0.274 0. -231.905 0.274 0.962 0. 239.628 0. 0. -1. 0.
-0.960 0.281 0. -233.855 0.281 0.960 0. 240.196 0. 0. -1. 0.
-0.958 0.288 0. -235.796 0.288 0.958 0. 240.806 0. 0. -1. 0.
-0.956 0.294 0. -237.672 0.294 0.956 0. 241.442 0. 0. -1. 0.
-0.954 0.301 0. -239.566 0.301 0.954 0. 242.044 0. 0. -1. 0.
-0.950 0.312 0. -241.431 0.312 0.950 0. 242.696 0. 0. -1. 0.
-0.947 0.322 0. -243.325 0.322 0.947 0. 243.347 0. 0. -1. 0.
-0.942 0.337 0. -245.123 0.337 0.942 0. 244.007 0. 0. -1. 0.
-0.935 0.354 0. -246.896 0.354 0.935 0. 244.686 0. 0. -1. 0.
-0.930 0.368 0. -248.609 0.368 0.930 0. 245.407 0. 0. -1. 0.
-0.925 0.379 0. -250.273 0.379 0.925 0. 246.143 0. 0. -1. 0.
-0.921 0.390 0. -251.807 0.390 0.921 0. 246.865 0. 0. -1. 0.
-0.917 0.398 0. -253.297 0.398 0.917 0. 247.466 0. 0. -1. 0.
-0.914 0.405 0. -254.668 0.405 0.914 0. 248.082 0. 0. -1. 0.
-0.911 0.412 0. -255.906 0.412 0.911 0. 248.695 0. 0. -1. 0.
-0.910 0.414 0. -257.062 0.414 0.910 0. 249.240 0. 0. -1. 0.
-0.908 0.418 0. -257.985 0.418 0.908 0. 249.698 0. 0. -1. 0.
-0.906 0.424 0. -258.923 0.424 0.906 0. 250.177 0. 0. -1. 0.
-0.902 0.432 0. -259.660 0.432 0.902 0. 250.557 0. 0. -1. 0.
-0.899 0.439 0. -260.360 0.439 0.899 0. 250.959 0. 0. -1. 0.
-0.896 0.444 0. -260.965 0.444 0.896 0. 251.224 0. 0. -1. 0.
-0.894 0.447 0. -261.509 0.447 0.894 0. 251.505 0. 0. -1. 0.
-0.891 0.454 0. -261.965 0.454 0.891 0. 251.781 0. 0. -1. 0.
-0.889 0.457 0. -262.376 0.457 0.889 0. 251.939 0. 0. -1. 0.
-0.888 0.460 0. -262.640 0.460 0.888 0. 252.123 0. 0. -1. 0.
-0.886 0.463 0. -262.887 0.463 0.886 0. 252.257 0. 0. -1. 0.
-0.885 0.466 0. -263.146 0.466 0.885 0. 252.358 0. 0. -1. 0.
-0.884 0.468 0. -263.342 0.468 0.884 0. 252.470 0. 0. -1. 0.
-0.883 0.470 0. -263.532 0.470 0.883 0. 252.590 0. 0. -1. 0.
-0.882 0.471 0. -263.718 0.471 0.882 0. 252.653 0. 0. -1. 0.
-0.881 0.473 0. -263.915 0.473 0.881 0. 252.763 0. 0. -1. 0.
-0.880 0.475 0. -264.071 0.475 0.880 0. 252.853 0. 0. -1. 0.
-0.879 0.477 0. -264.203 0.477 0.879 0. 252.952 0. 0. -1. 0.
-0.878 0.478 0. -264.342 0.478 0.878 0. 253.021 0. 0. -1. 0.
-0.877 0.480 0. -264.524 0.480 0.877 0. 253.079 0. 0. -1. 0.
-0.877 0.481 0. -264.705 0.481 0.877 0. 253.155 0. 0. -1. 0.
-0.876 0.482 0. -264.898 0.482 0.876 0. 253.268 0. 0. -1. 0.
-0.875 0.485 0. -265.114 0.485 0.875 0. 253.420 0. 0. -1. 0.
-0.870 0.493 0. -265.419 0.493 0.870 0. 253.612 0. 0. -1. 0.
-0.862 0.508 0. -265.775 0.508 0.862 0. 253.827 0. 0. -1. 0.
-0.849 0.529 0. -266.224 0.529 0.849 0. 254.073 0. 0. -1. 0.
-0.823 0.568 0. -266.737 0.568 0.823 0. 254.514 0. 0. -1. 0.
-0.783 0.622 0. -267.241 0.622 0.783 0. 254.858 0. 0. -1. 0.
-0.730 0.683 0. -267.779 0.683 0.730 0. 255.381 0. 0. -1. 0.
-0.652 0.759 0. -268.316 0.759 0.652 0. 256.143 0. 0. -1. 0.
-0.564 0.826 0. -268.729 0.826 0.564 0. 256.826 0. 0. -1. 0.
-0.466 0.885 0. -269.210 0.885 0.466 0. 257.699 0. 0. -1. 0.
-0.378 0.926 0. -269.506 0.926 0.378 0. 258.667 0. 0. -1. 0.
-0.298 0.954 0. -269.761 0.954 0.298 0. 259.754 0. 0. -1. 0.
-0.228 0.974 0. -270.010 0.974 0.228 0. 260.869 0. 0. -1. 0.
-0.165 0.986 0. -270.256 0.986 0.165 0. 262.129 0. 0. -1. 0.
-0.099 0.995 0. -270.278 0.995 0.099 0. 263.422 0. 0. -1. 0.
-0.034 0.999 0. -270.337 0.999 0.034 0. 264.914 0. 0. -1. 0.
0.023 1.000 0. -270.260 1.000 -0.023 -0. 266.470 0. 0. -1. 0.
0.069 0.998 0. -270.130 0.998 -0.069 -0. 268.194 0. 0. -1. 0.
0.106 0.994 0. -269.946 0.994 -0.106 -0. 270.042 0. 0. -1. 0.
0.135 0.991 0. -269.643 0.991 -0.135 -0. 272.041 0. 0. -1. 0.
0.157 0.988 0. -269.285 0.988 -0.157 -0. 274.080 0. 0. -1. 0.
0.173 0.985 0. -268.879 0.985 -0.173 -0. 276.299 0. 0. -1. 0.
0.186 0.983 0. -268.413 0.983 -0.186 -0. 278.587 0. 0. -1. 0.
0.196 0.981 0. -267.930 0.981 -0.196 -0. 280.938 0. 0. -1. 0.
0.201 0.980 0. -267.356 0.980 -0.201 -0. 283.488 0. 0. -1. 0.
0.206 0.979 0. -266.813 0.979 -0.206 -0. 286.067 0. 0. -1. 0.
0.212 0.977 0. -266.195 0.977 -0.212 -0. 288.760 0. 0. -1. 0.
0.217 0.976 0. -265.563 0.976 -0.217 -0. 291.507 0. 0. -1. 0.
0.218 0.976 0. -264.862 0.976 -0.218 -0. 294.281 0. 0. -1. 0.
0.220 0.976 0. -264.174 0.976 -0.220 -0. 297.154 0. 0. -1. 0.
0.217 0.976 0. -263.491 0.976 -0.217 -0. 300.088 0. 0. -1. 0.
0.215 0.977 0. -262.791 0.977 -0.215 -0. 303.134 0. 0. -1. 0.
0.213 0.977 0. -262.045 0.977 -0.213 -0. 306.200 0. 0. -1. 0.
0.215 0.977 0. -261.346 0.977 -0.215 -0. 309.406 0. 0. -1. 0.
0.215 0.977 0. -260.611 0.977 -0.215 -0. 312.639 0. 0. -1. 0.
0.218 0.976 0. -259.807 0.976 -0.218 -0. 315.983 0. 0. -1. 0.
0.217 0.976 0. -259.007 0.976 -0.217 -0. 319.373 0. 0. -1. 0.
0.217 0.976 0. -258.195 0.976 -0.217 -0. 322.853 0. 0. -1. 0.
0.217 0.976 0. -257.377 0.976 -0.217 -0. 326.387 0. 0. -1. 0.
0.218 0.976 0. -256.506 0.976 -0.218 -0. 329.997 0. 0. -1. 0.
0.218 0.976 0. -255.678 0.976 -0.218 -0. 333.595 0. 0. -1. 0.
0.217 0.976 0. -254.881 0.976 -0.217 -0. 337.195 0. 0. -1. 0.
0.220 0.976 0. -254.043 0.976 -0.220 -0. 340.802 0. 0. -1. 0.
0.220 0.975 0. -253.175 0.975 -0.220 -0. 344.485 0. 0. -1. 0.
0.221 0.975 0. -252.287 0.975 -0.221 -0. 348.188 0. 0. -1. 0.
0.224 0.975 0. -251.391 0.975 -0.224 -0. 351.825 0. 0. -1. 0.
0.225 0.974 0. -250.483 0.974 -0.225 -0. 355.485 0. 0. -1. 0.
0.223 0.975 0. -249.613 0.975 -0.223 -0. 359.154 0. 0. -1. 0.
0.224 0.975 0. -248.777 0.975 -0.224 -0. 362.760 0. 0. -1. 0.
0.221 0.975 0. -247.876 0.975 -0.221 -0. 366.367 0. 0. -1. 0.
0.219 0.976 0. -247.081 0.976 -0.219 -0. 369.951 0. 0. -1. 0.
0.219 0.976 0. -246.186 0.976 -0.219 -0. 373.537 0. 0. -1. 0.
0.217 0.976 0. -245.384 0.976 -0.217 -0. 377.078 0. 0. -1. 0.
0.215 0.977 0. -244.539 0.977 -0.215 -0. 380.587 0. 0. -1. 0.
0.217 0.976 0. -243.744 0.976 -0.217 -0. 384.087 0. 0. -1. 0.
0.215 0.977 0. -242.897 0.977 -0.215 -0. 387.531 0. 0. -1. 0.
0.211 0.977 0. -242.108 0.977 -0.211 -0. 390.944 0. 0. -1. 0.
0.209 0.978 0. -241.367 0.978 -0.209 -0. 394.388 0. 0. -1. 0.
0.206 0.979 0. -240.666 0.979 -0.206 -0. 397.758 0. 0. -1. 0.
0.205 0.979 0. -239.878 0.979 -0.205 -0. 401.113 0. 0. -1. 0.
0.204 0.979 0. -239.146 0.979 -0.204 -0. 404.478 0. 0. -1. 0.
0.203 0.979 0. -238.411 0.979 -0.203 -0. 407.843 0. 0. -1. 0.
0.206 0.978 0. -237.685 0.978 -0.206 -0. 411.171 0. 0. -1. 0.
0.209 0.978 0. -236.917 0.978 -0.209 -0. 414.528 0. 0. -1. 0.
0.214 0.977 0. -236.174 0.977 -0.214 -0. 417.870 0. 0. -1. 0.
0.216 0.976 0. -235.392 0.976 -0.216 -0. 421.186 0. 0. -1. 0.
0.217 0.976 0. -234.611 0.976 -0.217 -0. 424.488 0. 0. -1. 0.
0.216 0.976 0. -233.865 0.976 -0.216 -0. 427.800 0. 0. -1. 0.
0.219 0.976 0. -233.064 0.976 -0.219 -0. 431.063 0. 0. -1. 0.
0.216 0.976 0. -232.329 0.976 -0.216 -0. 434.332 0. 0. -1. 0.
0.218 0.976 0. -231.585 0.976 -0.218 -0. 437.573 0. 0. -1. 0.
0.219 0.976 0. -230.803 0.976 -0.219 -0. 440.753 0. 0. -1. 0.
0.218 0.976 0. -230.050 0.976 -0.218 -0. 443.922 0. 0. -1. 0.
0.219 0.976 0. -229.275 0.976 -0.219 -0. 447.046 0. 0. -1. 0.
0.220 0.976 0. -228.528 0.976 -0.220 -0. 450.156 0. 0. -1. 0.
0.219 0.976 0. -227.836 0.976 -0.219 -0. 453.225 0. 0. -1. 0.
0.221 0.975 0. -227.086 0.975 -0.221 -0. 456.292 0. 0. -1. 0.
0.220 0.976 0. -226.381 0.976 -0.220 -0. 459.311 0. 0. -1. 0.
0.220 0.975 0. -225.660 0.975 -0.220 -0. 462.311 0. 0. -1. 0.
0.219 0.976 0. -224.957 0.976 -0.219 -0. 465.314 0. 0. -1. 0.
0.220 0.976 0. -224.277 0.976 -0.220 -0. 468.269 0. 0. -1. 0.
0.218 0.976 0. -223.584 0.976 -0.218 -0. 471.181 0. 0. -1. 0.
0.218 0.976 0. -222.859 0.976 -0.218 -0. 474.119 0. 0. -1. 0.
0.217 0.976 0. -222.209 0.976 -0.217 -0. 476.995 0. 0. -1. 0.
0.217 0.976 0. -221.510 0.976 -0.217 -0. 479.859 0. 0. -1. 0.
0.219 0.976 0. -220.796 0.976 -0.219 -0. 482.671 0. 0. -1. 0.
0.219 0.976 0. -220.190 0.976 -0.219 -0. 485.498 0. 0. -1. 0.
0.218 0.976 0. -219.477 0.976 -0.218 -0. 488.274 0. 0. -1. 0.
0.219 0.976 0. -218.849 0.976 -0.219 -0. 491.052 0. 0. -1. 0.
0.219 0.976 0. -218.227 0.976 -0.219 -0. 493.833 0. 0. -1. 0.
0.218 0.976 0. -217.577 0.976 -0.218 -0. 496.539 0. 0. -1. 0.
0.218 0.976 0. -216.956 0.976 -0.218 -0. 499.231 0. 0. -1. 0.
0.220 0.975 0. -216.325 0.975 -0.220 -0. 501.865 0. 0. -1. 0.
0.220 0.975 0. -215.768 0.975 -0.220 -0. 504.385 0. 0. -1. 0.
0.222 0.975 0. -215.200 0.975 -0.222 -0. 506.795 0. 0. -1. 0.
0.225 0.974 0. -214.663 0.974 -0.225 -0. 509.073 0. 0. -1. 0.
0.228 0.974 0. -214.148 0.974 -0.228 -0. 511.120 0. 0. -1. 0.
0.230 0.973 0. -213.674 0.973 -0.230 -0. 513.134 0. 0. -1. 0.
0.229 0.973 0. -213.212 0.973 -0.229 -0. 515.022 0. 0. -1. 0.
0.229 0.974 0. -212.802 0.974 -0.229 -0. 516.716 0. 0. -1. 0.
0.228 0.974 0. -212.437 0.974 -0.228 -0. 518.247 0. 0. -1. 0.
0.227 0.974 0. -212.139 0.974 -0.227 -0. 519.537 0. 0. -1. 0.
0.227 0.974 0. -211.826 0.974 -0.227 -0. 520.655 0. 0. -1. 0.
0.226 0.974 0. -211.624 0.974 -0.226 -0. 521.562 0. 0. -1. 0.
0.226 0.974 0. -211.445 0.974 -0.226 -0. 522.227 0. 0. -1. 0.
0.227 0.974 0. -211.328 0.974 -0.227 -0. 522.696 0. 0. -1. 0.
0.226 0.974 0. -211.271 0.974 -0.226 -0. 523.057 0. 0. -1. 0.
0.225 0.974 0. -211.203 0.974 -0.225 -0. 523.293 0. 0. -1. 0.
0.226 0.974 0. -211.137 0.974 -0.226 -0. 523.474 0. 0. -1. 0.
0.228 0.974 0. -211.098 0.974 -0.228 -0. 523.563 0. 0. -1. 0.
0.226 0.974 0. -211.126 0.974 -0.226 -0. 523.675 0. 0. -1. 0.
0.226 0.974 0. -211.084 0.974 -0.226 -0. 523.724 0. 0. -1. 0.
0.226 0.974 0. -211.069 0.974 -0.226 -0. 523.759 0. 0. -1. 0.
0.227 0.974 0. -211.060 0.974 -0.227 -0. 523.773 0. 0. -1. 0.
0.227 0.974 0. -211.051 0.974 -0.227 -0. 523.846 0. 0. -1. 0.
0.227 0.974 0. -211.032 0.974 -0.227 -0. 523.967 0. 0. -1. 0.
0.227 0.974 0. -211.005 0.974 -0.227 -0. 524.065 0. 0. -1. 0.
0.227 0.974 0. -210.940 0.974 -0.227 -0. 524.220 0. 0. -1. 0.
0.228 0.974 0. -210.896 0.974 -0.228 -0. 524.398 0. 0. -1. 0.
0.228 0.974 0. -210.874 0.974 -0.228 -0. 524.640 0. 0. -1. 0.
0.228 0.974 0. -210.728 0.974 -0.228 -0. 525.063 0. 0. -1. 0.
0.227 0.974 0. -210.615 0.974 -0.227 -0. 525.601 0. 0. -1. 0.
0.228 0.974 0. -210.454 0.974 -0.228 -0. 526.247 0. 0. -1. 0.
0.231 0.973 0. -210.245 0.973 -0.231 -0. 526.974 0. 0. -1. 0.
0.232 0.973 0. -210.056 0.973 -0.232 -0. 527.833 0. 0. -1. 0.
0.232 0.973 0. -209.771 0.973 -0.232 -0. 528.811 0. 0. -1. 0.
0.234 0.972 0. -209.527 0.972 -0.234 -0. 529.903 0. 0. -1. 0.
0.233 0.972 0. -209.238 0.972 -0.233 -0. 531.055 0. 0. -1. 0.
0.233 0.973 0. -208.931 0.973 -0.233 -0. 532.309 0. 0. -1. 0.
0.233 0.973 0. -208.617 0.973 -0.233 -0. 533.642 0. 0. -1. 0.
0.233 0.972 0. -208.265 0.972 -0.233 -0. 534.996 0. 0. -1. 0.
0.233 0.973 0. -207.935 0.973 -0.233 -0. 536.398 0. 0. -1. 0.
0.234 0.972 0. -207.580 0.972 -0.234 -0. 537.847 0. 0. -1. 0.
0.237 0.971 0. -207.216 0.971 -0.237 -0. 539.250 0. 0. -1. 0.
0.241 0.970 0. -206.880 0.970 -0.241 -0. 540.675 0. 0. -1. 0.
0.247 0.969 0. -206.521 0.969 -0.247 -0. 542.109 0. 0. -1. 0.
0.254 0.967 0. -206.107 0.967 -0.254 -0. 543.458 0. 0. -1. 0.
0.261 0.965 0. -205.727 0.965 -0.261 -0. 544.822 0. 0. -1. 0.
0.266 0.964 0. -205.345 0.964 -0.266 -0. 546.139 0. 0. -1. 0.
0.266 0.964 0. -204.981 0.964 -0.266 -0. 547.371 0. 0. -1. 0.
0.256 0.967 0. -204.644 0.967 -0.256 -0. 548.519 0. 0. -1. 0.
0.240 0.971 0. -204.388 0.971 -0.240 -0. 549.661 0. 0. -1. 0.
0.222 0.975 0. -204.121 0.975 -0.222 -0. 550.661 0. 0. -1. 0.
0.206 0.979 0. -203.926 0.979 -0.206 -0. 551.522 0. 0. -1. 0.
0.192 0.981 0. -203.790 0.981 -0.192 -0. 552.277 0. 0. -1. 0.
0.183 0.983 0. -203.652 0.983 -0.183 -0. 552.872 0. 0. -1. 0.
0.180 0.984 0. -203.615 0.984 -0.180 -0. 553.380 0. 0. -1. 0.
0.181 0.983 0. -203.511 0.983 -0.181 -0. 553.762 0. 0. -1. 0.
0.182 0.983 0. -203.448 0.983 -0.182 -0. 554.009 0. 0. -1. 0.
0.183 0.983 0. -203.415 0.983 -0.183 -0. 554.217 0. 0. -1. 0.
0.182 0.983 0. -203.393 0.983 -0.182 -0. 554.377 0. 0. -1. 0.
0.182 0.983 0. -203.364 0.983 -0.182 -0. 554.507 0. 0. -1. 0.
0.182 0.983 0. -203.324 0.983 -0.182 -0. 554.603 0. 0. -1. 0.
0.182 0.983 0. -203.315 0.983 -0.182 -0. 554.655 0. 0. -1. 0.
0.183 0.983 0. -203.331 0.983 -0.183 -0. 554.660 0. 0. -1. 0.
0.183 0.983 0. -203.315 0.983 -0.183 -0. 554.659 0. 0. -1. 0.
0.182 0.983 0. -203.313 0.983 -0.182 -0. 554.650 0. 0. -1. 0.
0.183 0.983 0. -203.316 0.983 -0.183 -0. 554.647 0. 0. -1. 0.
0.183 0.983 0. -203.317 0.983 -0.183 -0. 554.649 0. 0. -1. 0.
0.183 0.983 0. -203.316 0.983 -0.183 -0. 554.655 0. 0. -1. 0.
0.183 0.983 0. -203.314 0.983 -0.183 -0. 554.651 0. 0. -1. 0.
0.183 0.983 0. -203.330 0.983 -0.183 -0. 554.638 0. 0. -1. 0.
0.183 0.983 0. -203.337 0.983 -0.183 -0. 554.652 0. 0. -1. 0.
0.183 0.983 0. -203.332 0.983 -0.183 -0. 554.659 0. 0. -1. 0.
0.183 0.983 0. -203.320 0.983 -0.183 -0. 554.645 0. 0. -1. 0.
0.183 0.983 0. -203.319 0.983 -0.183 -0. 554.663 0. 0. -1. 0.
0.182 0.983 0. -203.335 0.983 -0.182 -0. 554.631 0. 0. -1. 0.
0.183 0.983 0. -203.304 0.983 -0.183 -0. 554.644 0. 0. -1. 0.
0.183 0.983 0. -203.329 0.983 -0.183 -0. 554.639 0. 0. -1. 0.
0.183 0.983 0. -203.320 0.983 -0.183 -0. 554.640 0. 0. -1. 0.
0.183 0.983 0. -203.314 0.983 -0.183 -0. 554.657 0. 0. -1. 0.
0.183 0.983 0. -203.324 0.983 -0.183 -0. 554.658 0. 0. -1. 0.
0.183 0.983 0. -203.308 0.983 -0.183 -0. 554.651 0. 0. -1. 0.
0.183 0.983 0. -203.311 0.983 -0.183 -0. 554.646 0. 0. -1. 0.
0.183 0.983 0. -203.319 0.983 -0.183 -0. 554.661 0. 0. -1. 0.
0.183 0.983 0. -203.320 0.983 -0.183 -0. 554.652 0. 0. -1. 0.
0.183 0.983 0. -203.312 0.983 -0.183 -0. 554.655 0. 0. -1. 0.
0.183 0.983 0. -203.314 0.983 -0.183 -0. 554.657 0. 0. -1. 0.
0.183 0.983 0. -203.316 0.983 -0.183 -0. 554.653 0. 0. -1. 0.
0.182 0.983 0. -203.322 0.983 -0.182 -0. 554.664 0. 0. -1. 0.
0.183 0.983 0. -203.323 0.983 -0.183 -0. 554.663 0. 0. -1. 0.
0.183 0.983 0. -203.329 0.983 -0.183 -0. 554.654 0. 0. -1. 0.
0.183 0.983 0. -203.326 0.983 -0.183 -0. 554.657 0. 0. -1. 0.
0.183 0.983 0. -203.315 0.983 -0.183 -0. 554.675 0. 0. -1. 0.
0.183 0.983 0. -203.331 0.983 -0.183 -0. 554.655 0. 0. -1. 0.
0.183 0.983 0. -203.338 0.983 -0.183 -0. 554.658 0. 0. -1. 0.
0.183 0.983 0. -203.307 0.983 -0.183 -0. 554.658 0. 0. -1. 0.
0.183 0.983 0. -203.316 0.983 -0.183 -0. 554.658 0. 0. -1. 0.
0.183 0.983 0. -203.304 0.983 -0.183 -0. 554.663 0. 0. -1. 0.
0.183 0.983 0. -203.299 0.983 -0.183 -0. 554.651 0. 0. -1. 0.
0.183 0.983 0. -203.319 0.983 -0.183 -0. 554.657 0. 0. -1. 0.
0.183 0.983 0. -203.322 0.983 -0.183 -0. 554.654 0. 0. -1. 0.
0.183 0.983 0. -203.300 0.983 -0.183 -0. 554.657 0. 0. -1. 0.
0.183 0.983 0. -203.308 0.983 -0.183 -0. 554.659 0. 0. -1. 0.
0.183 0.983 0. -203.306 0.983 -0.183 -0. 554.667 0. 0. -1. 0.
0.184 0.983 0. -203.321 0.983 -0.184 -0. 554.665 0. 0. -1. 0.
