1. -0.008 0. 1.024 0.008 1. 0. -0.064 0. 0. 1. 0.
1. -0.009 0. 1.319 0.009 1. 0. 0.008 0. 0. 1. 0.
1. -0.010 0. 1.773 0.010 1. 0. 0.008 0. 0. 1. 0.
1. -0.012 0. 2.155 0.012 1. 0. 0.037 0. 0. 1. 0.
1. -0.013 0. 2.642 0.013 1. 0. 0.012 0. 0. 1. 0.
1.000 -0.015 0. 3.194 0.015 1.000 0. 0.015 0. 0. 1. 0.
1.000 -0.017 0. 3.795 0.017 1.000 0. 0.108 0. 0. 1. 0.
1.000 -0.017 0. 4.442 0.017 1.000 0. 0.112 0. 0. 1. 0.
1.000 -0.019 0. 5.180 0.019 1.000 0. 0.097 0. 0. 1. 0.
1.000 -0.020 0. 5.962 0.020 1.000 0. 0.142 0. 0. 1. 0.
1.000 -0.022 0. 6.810 0.022 1.000 0. 0.147 0. 0. 1. 0.
1.000 -0.023 0. 7.706 0.023 1.000 0. 0.169 0. 0. 1. 0.
1.000 -0.024 0. 8.695 0.024 1.000 0. 0.195 0. 0. 1. 0.
0.999 -0.032 0. 9.742 0.032 0.999 0. 0.226 0. 0. 1. 0.
0.999 -0.033 0. 10.829 0.033 0.999 0. 0.289 0. 0. 1. 0.
0.999 -0.040 0. 11.957 0.040 0.999 0. 0.352 0. 0. 1. 0.
0.999 -0.045 0. 13.165 0.045 0.999 0. 0.402 0. 0. 1. 0.
0.999 -0.049 0. 14.451 0.049 0.999 0. 0.516 0. 0. 1. 0.
0.998 -0.055 0. 15.760 0.055 0.998 0. 0.525 0. 0. 1. 0.
0.998 -0.059 0. 17.139 0.059 0.998 0. 0.629 0. 0. 1. 0.
0.998 -0.067 0. 18.583 0.067 0.998 0. 0.751 0. 0. 1. 0.
0.997 -0.073 0. 20.103 0.073 0.997 0. 0.853 0. 0. 1. 0.
0.997 -0.078 0. 21.625 0.078 0.997 0. 0.953 0. 0. 1. 0.
0.997 -0.083 0. 23.214 0.083 0.997 0. 1.155 0. 0. 1. 0.
0.996 -0.086 0. 24.869 0.086 0.996 0. 1.267 0. 0. 1. 0.
0.996 -0.089 0. 26.539 0.089 0.996 0. 1.409 0. 0. 1. 0.
0.996 -0.090 0. 28.289 0.090 0.996 0. 1.557 0. 0. 1. 0.
0.996 -0.092 0. 30.047 0.092 0.996 0. 1.748 0. 0. 1. 0.
0.996 -0.089 0. 31.899 0.089 0.996 0. 1.870 0. 0. 1. 0.
0.996 -0.086 0. 33.794 0.086 0.996 0. 2.056 0. 0. 1. 0.
0.997 -0.081 0. 35.727 0.081 0.997 0. 2.153 0. 0. 1. 0.
0.997 -0.074 0. 37.704 0.074 0.997 0. 2.324 0. 0. 1. 0.
0.998 -0.067 0. 39.717 0.067 0.998 0. 2.420 0. 0. 1. 0.
0.998 -0.061 0. 41.776 0.061 0.998 0. 2.522 0. 0. 1. 0.
0.999 -0.053 0. 43.858 0.053 0.999 0. 2.616 0. 0. 1. 0.
0.999 -0.045 0. 46.003 0.045 0.999 0. 2.675 0. 0. 1. 0.
0.999 -0.037 0. 48.193 0.037 0.999 0. 2.703 0. 0. 1. 0.
1.000 -0.029 0. 50.385 0.029 1.000 0. 2.715 0. 0. 1. 0.
1.000 -0.020 0. 52.654 0.020 1.000 0. 2.752 0. 0. 1. 0.
1. -0.013 0. 54.942 0.013 1. 0. 2.776 0. 0. 1. 0.
1. -0.011 0. 57.268 0.011 1. 0. 2.786 0. 0. 1. 0.
1. -0.011 0. 59.622 0.011 1. 0. 2.824 0. 0. 1. 0.
1. -0.013 0. 62.059 0.013 1. 0. 2.864 0. 0. 1. 0.
1.000 -0.015 0. 64.505 0.015 1.000 0. 2.859 0. 0. 1. 0.
1.000 -0.017 0. 66.974 0.017 1.000 0. 2.879 0. 0. 1. 0.
1.000 -0.015 0. 69.477 0.015 1.000 0. 2.928 0. 0. 1. 0.
1.000 -0.015 0. 72.032 0.015 1.000 0. 2.887 0. 0. 1. 0.
1. -0.014 0. 74.620 0.014 1. 0. 2.950 0. 0. 1. 0.
1. -0.014 0. 77.208 0.014 1. 0. 2.920 0. 0. 1. 0.
1. -0.013 0. 79.815 0.013 1. 0. 2.977 0. 0. 1. 0.
1. -0.011 0. 82.502 0.011 1. 0. 3.001 0. 0. 1. 0.
1. -0.010 0. 85.167 0.010 1. 0. 2.961 0. 0. 1. 0.
1. -0.009 0. 87.889 0.009 1. 0. 2.984 0. 0. 1. 0.
1. -0.006 0. 90.646 0.006 1. 0. 3.006 0. 0. 1. 0.
1. -0.004 0. 93.329 0.004 1. 0. 2.952 0. 0. 1. 0.
1. -0.002 0. 96.025 0.002 1. 0. 2.893 0. 0. 1. 0.
1. 0.003 0. 98.705 -0.003 1. 0. 2.961 0. 0. 1. 0.
1. 0.006 0. 101.348 -0.006 1. 0. 2.902 0. 0. 1. 0.
1. 0.007 0. 103.966 -0.007 1. 0. 2.838 0. 0. 1. 0.
1. 0.006 0. 106.571 -0.006 1. 0. 2.819 0. 0. 1. 0.
1. 0.004 0. 109.170 -0.004 1. 0. 2.812 0. 0. 1. 0.
1. 0.002 0. 111.701 -0.002 1. 0. 2.760 0. 0. 1. 0.
1. -0.009 0. 114.212 0.009 1. 0. 2.766 0. 0. 1. 0.
1.000 -0.018 0. 116.733 0.018 1.000 0. 2.806 0. 0. 1. 0.
0.999 -0.032 0. 119.256 0.032 0.999 0. 2.761 0. 0. 1. 0.
0.999 -0.043 0. 121.807 0.043 0.999 0. 2.919 0. 0. 1. 0.
0.998 -0.057 0. 124.348 0.057 0.998 0. 3.022 0. 0. 1. 0.
0.998 -0.064 0. 126.854 0.064 0.998 0. 3.154 0. 0. 1. 0.
0.997 -0.072 0. 129.335 0.072 0.997 0. 3.251 0. 0. 1. 0.
0.997 -0.075 0. 131.928 0.075 0.997 0. 3.464 0. 0. 1. 0.
0.997 -0.078 0. 134.455 0.078 0.997 0. 3.538 0. 0. 1. 0.
0.997 -0.078 0. 136.957 0.078 0.997 0. 3.752 0. 0. 1. 0.
0.997 -0.077 0. 139.534 0.077 0.997 0. 3.877 0. 0. 1. 0.
0.997 -0.072 0. 142.093 0.072 0.997 0. 4.060 0. 0. 1. 0.
0.998 -0.064 0. 144.591 0.064 0.998 0. 4.217 0. 0. 1. 0.
0.998 -0.058 0. 147.103 0.058 0.998 0. 4.353 0. 0. 1. 0.
0.999 -0.052 0. 149.600 0.052 0.999 0. 4.523 0. 0. 1. 0.
0.999 -0.044 0. 152.052 0.044 0.999 0. 4.588 0. 0. 1. 0.
0.999 -0.040 0. 154.537 0.040 0.999 0. 4.726 0. 0. 1. 0.
0.999 -0.035 0. 157.007 0.035 0.999 0. 4.828 0. 0. 1. 0.
1.000 -0.030 0. 159.363 0.030 1.000 0. 4.894 0. 0. 1. 0.
1.000 -0.026 0. 161.768 0.026 1.000 0. 4.955 0. 0. 1. 0.
1.000 -0.023 0. 164.135 0.023 1.000 0. 5.025 0. 0. 1. 0.
1.000 -0.018 0. 166.506 0.018 1.000 0. 5.059 0. 0. 1. 0.
1. -0.013 0. 168.818 0.013 1. 0. 5.083 0. 0. 1. 0.
1. -0.008 0. 171.155 0.008 1. 0. 5.136 0. 0. 1. 0.
1. -0.006 0. 173.458 0.006 1. 0. 5.086 0. 0. 1. 0.
1. -0.003 0. 175.761 0.003 1. 0. 5.037 0. 0. 1. 0.
1. -0.001 0. 178.021 0.001 1. 0. 4.960 0. 0. 1. 0.
1. -0.001 0. 180.265 0.001 1. 0. 5.016 0. 0. 1. 0.
1. -0.001 0. 182.517 0.001 1. 0. 4.997 0. 0. 1. 0.
1. 0.001 0. 184.733 -0.001 1. 0. 4.994 0. 0. 1. 0.
1. 0.003 0. 186.934 -0.003 1. 0. 4.956 0. 0. 1. 0.
1. 0.003 0. 189.109 -0.003 1. 0. 4.934 0. 0. 1. 0.
1. 0.002 0. 191.257 -0.002 1. 0. 4.955 0. 0. 1. 0.
1. 0.000 0. 193.377 -0.000 1. 0. 4.875 0. 0. 1. 0.
1. -0.001 0. 195.473 0.001 1. 0. 4.919 0. 0. 1. 0.
1. -0.003 0. 197.548 0.003 1. 0. 4.928 0. 0. 1. 0.
1. -0.003 0. 199.639 0.003 1. 0. 5.023 0. 0. 1. 0.
1. -0.002 0. 201.661 0.002 1. 0. 5.009 0. 0. 1. 0.
1. -0.004 0. 203.688 0.004 1. 0. 5.073 0. 0. 1. 0.
1. -0.002 0. 205.686 0.002 1. 0. 5.127 0. 0. 1. 0.
1. -0.002 0. 207.644 0.002 1. 0. 5.074 0. 0. 1. 0.
1. -0.002 0. 209.564 0.002 1. 0. 5.115 0. 0. 1. 0.
1. -0.003 0. 211.453 0.003 1. 0. 5.083 0. 0. 1. 0.
1. -0.005 0. 213.280 0.005 1. 0. 5.139 0. 0. 1. 0.
1. -0.003 0. 215.143 0.003 1. 0. 5.080 0. 0. 1. 0.
1. -0.003 0. 216.919 0.003 1. 0. 5.125 0. 0. 1. 0.
1. -0.002 0. 218.646 0.002 1. 0. 5.030 0. 0. 1. 0.
1. 0.001 0. 220.293 -0.001 1. 0. 5.096 0. 0. 1. 0.
1. 0.003 0. 221.934 -0.003 1. 0. 5.042 0. 0. 1. 0.
1. 0.005 0. 223.521 -0.005 1. 0. 5.034 0. 0. 1. 0.
1. 0.008 0. 225.067 -0.008 1. 0. 5.008 0. 0. 1. 0.
1. 0.009 0. 226.534 -0.009 1. 0. 4.974 0. 0. 1. 0.
1. 0.010 0. 227.920 -0.010 1. 0. 5.009 0. 0. 1. 0.
1. 0.010 0. 229.264 -0.010 1. 0. 4.941 0. 0. 1. 0.
1. 0.009 0. 230.554 -0.009 1. 0. 4.934 0. 0. 1. 0.
1. 0.009 0. 231.724 -0.009 1. 0. 4.924 0. 0. 1. 0.
1. 0.011 0. 232.836 -0.011 1. 0. 4.868 0. 0. 1. 0.
1. 0.009 0. 233.822 -0.009 1. 0. 4.849 0. 0. 1. 0.
1. 0.009 0. 234.826 -0.009 1. 0. 4.796 0. 0. 1. 0.
1. 0.011 0. 235.652 -0.011 1. 0. 4.791 0. 0. 1. 0.
1. 0.008 0. 236.389 -0.008 1. 0. 4.809 0. 0. 1. 0.
1. 0.011 0. 237.016 -0.011 1. 0. 4.769 0. 0. 1. 0.
1. 0.010 0. 237.572 -0.010 1. 0. 4.802 0. 0. 1. 0.
1. 0.011 0. 238.076 -0.011 1. 0. 4.746 0. 0. 1. 0.
1. 0.013 0. 238.492 -0.013 1. 0. 4.730 0. 0. 1. 0.
1. 0.014 0. 238.865 -0.014 1. 0. 4.738 0. 0. 1. 0.
1.000 0.015 0. 239.120 -0.015 1.000 0. 4.708 0. 0. 1. 0.
1. 0.012 0. 239.359 -0.012 1. 0. 4.762 0. 0. 1. 0.
1. 0.014 0. 239.466 -0.014 1. 0. 4.695 0. 0. 1. 0.
1. 0.013 0. 239.571 -0.013 1. 0. 4.739 0. 0. 1. 0.
1.000 0.014 0. 239.573 -0.014 1.000 0. 4.700 0. 0. 1. 0.
1. 0.014 0. 239.571 -0.014 1. 0. 4.722 0. 0. 1. 0.
1.000 0.015 0. 239.609 -0.015 1.000 0. 4.707 0. 0. 1. 0.
1.000 0.014 0. 239.587 -0.014 1.000 0. 4.715 0. 0. 1. 0.
1.000 0.015 0. 239.601 -0.015 1.000 0. 4.709 0. 0. 1. 0.
1.000 0.016 0. 239.605 -0.016 1.000 0. 4.694 0. 0. 1. 0.
1.000 0.015 0. 239.586 -0.015 1.000 0. 4.688 0. 0. 1. 0.
1.000 0.015 0. 239.596 -0.015 1.000 0. 4.714 0. 0. 1. 0.
1.000 0.015 0. 239.593 -0.015 1.000 0. 4.712 0. 0. 1. 0.
1.000 0.016 0. 239.603 -0.016 1.000 0. 4.706 0. 0. 1. 0.
1.000 0.015 0. 239.608 -0.015 1.000 0. 4.709 0. 0. 1. 0.
1.000 0.015 0. 239.592 -0.015 1.000 0. 4.695 0. 0. 1. 0.
1.000 0.015 0. 239.589 -0.015 1.000 0. 4.696 0. 0. 1. 0.
1.000 0.015 0. 239.594 -0.015 1.000 0. 4.697 0. 0. 1. 0.
1.000 0.014 0. 239.598 -0.014 1.000 0. 4.701 0. 0. 1. 0.
1.000 0.014 0. 239.606 -0.014 1.000 0. 4.691 0. 0. 1. 0.
1.000 0.015 0. 239.606 -0.015 1.000 0. 4.705 0. 0. 1. 0.
1.000 0.015 0. 239.618 -0.015 1.000 0. 4.691 0. 0. 1. 0.
1.000 0.015 0. 239.607 -0.015 1.000 0. 4.719 0. 0. 1. 0.
1.000 0.015 0. 239.606 -0.015 1.000 0. 4.697 0. 0. 1. 0.
1.000 0.015 0. 239.623 -0.015 1.000 0. 4.712 0. 0. 1. 0.
1.000 0.015 0. 239.607 -0.015 1.000 0. 4.711 0. 0. 1. 0.
1.000 0.015 0. 239.610 -0.015 1.000 0. 4.694 0. 0. 1. 0.
1.000 0.014 0. 239.609 -0.014 1.000 0. 4.709 0. 0. 1. 0.
1. 0.014 0. 239.610 -0.014 1. 0. 4.706 0. 0. 1. 0.
1.000 0.015 0. 239.608 -0.015 1.000 0. 4.690 0. 0. 1. 0.
1.000 0.015 0. 239.601 -0.015 1.000 0. 4.710 0. 0. 1. 0.
1.000 0.015 0. 239.601 -0.015 1.000 0. 4.679 0. 0. 1. 0.
1.000 0.015 0. 239.608 -0.015 1.000 0. 4.705 0. 0. 1. 0.
1.000 0.015 0. 239.606 -0.015 1.000 0. 4.689 0. 0. 1. 0.
1.000 0.015 0. 239.618 -0.015 1.000 0. 4.688 0. 0. 1. 0.
1.000 0.014 0. 239.604 -0.014 1.000 0. 4.711 0. 0. 1. 0.
1.000 0.015 0. 239.591 -0.015 1.000 0. 4.684 0. 0. 1. 0.
1.000 0.015 0. 239.612 -0.015 1.000 0. 4.697 0. 0. 1. 0.
1.000 0.015 0. 239.599 -0.015 1.000 0. 4.683 0. 0. 1. 0.
1.000 0.014 0. 239.609 -0.014 1.000 0. 4.700 0. 0. 1. 0.
1.000 0.015 0. 239.606 -0.015 1.000 0. 4.698 0. 0. 1. 0.
1.000 0.014 0. 239.605 -0.014 1.000 0. 4.684 0. 0. 1. 0.
1. 0.014 0. 239.600 -0.014 1. 0. 4.693 0. 0. 1. 0.
1.000 0.015 0. 239.605 -0.015 1.000 0. 4.703 0. 0. 1. 0.
1.000 0.015 0. 239.606 -0.015 1.000 0. 4.686 0. 0. 1. 0.
1.000 0.015 0. 239.617 -0.015 1.000 0. 4.700 0. 0. 1. 0.
1.000 0.015 0. 239.607 -0.015 1.000 0. 4.675 0. 0. 1. 0.
1.000 0.015 0. 239.601 -0.015 1.000 0. 4.700 0. 0. 1. 0.
1.000 0.015 0. 239.608 -0.015 1.000 0. 4.694 0. 0. 1. 0.
1.000 0.015 0. 239.601 -0.015 1.000 0. 4.704 0. 0. 1. 0.
1.000 0.015 0. 239.613 -0.015 1.000 0. 4.692 0. 0. 1. 0.
1.000 0.015 0. 239.611 -0.015 1.000 0. 4.689 0. 0. 1. 0.
1.000 0.014 0. 239.614 -0.014 1.000 0. 4.690 0. 0. 1. 0.
1.000 0.015 0. 239.604 -0.015 1.000 0. 4.693 0. 0. 1. 0.
1. 0.014 0. 239.604 -0.014 1. 0. 4.691 0. 0. 1. 0.
1. 0.014 0. 239.600 -0.014 1. 0. 4.706 0. 0. 1. 0.
1.000 0.015 0. 239.597 -0.015 1.000 0. 4.695 0. 0. 1. 0.
1.000 0.014 0. 239.603 -0.014 1.000 0. 4.709 0. 0. 1. 0.
1.000 0.014 0. 239.596 -0.014 1.000 0. 4.692 0. 0. 1. 0.
1.000 0.015 0. 239.611 -0.015 1.000 0. 4.705 0. 0. 1. 0.
1.000 0.015 0. 239.604 -0.015 1.000 0. 4.695 0. 0. 1. 0.
1.000 0.015 0. 239.626 -0.015 1.000 0. 4.699 0. 0. 1. 0.
1.000 0.015 0. 239.622 -0.015 1.000 0. 4.695 0. 0. 1. 0.
1.000 0.015 0. 239.616 -0.015 1.000 0. 4.693 0. 0. 1. 0.
1.000 0.015 0. 239.622 -0.015 1.000 0. 4.691 0. 0. 1. 0.
1.000 0.015 0. 239.618 -0.015 1.000 0. 4.693 0. 0. 1. 0.
1.000 0.015 0. 239.617 -0.015 1.000 0. 4.690 0. 0. 1. 0.
1.000 0.015 0. 239.612 -0.015 1.000 0. 4.700 0. 0. 1. 0.
1.000 0.014 0. 239.608 -0.014 1.000 0. 4.689 0. 0. 1. 0.
1.000 0.014 0. 239.601 -0.014 1.000 0. 4.700 0. 0. 1. 0.
1.000 0.015 0. 239.630 -0.015 1.000 0. 4.696 0. 0. 1. 0.
1.000 0.015 0. 239.613 -0.015 1.000 0. 4.703 0. 0. 1. 0.
1.000 0.015 0. 239.617 -0.015 1.000 0. 4.711 0. 0. 1. 0.
1.000 0.015 0. 239.622 -0.015 1.000 0. 4.683 0. 0. 1. 0.
1.000 0.015 0. 239.626 -0.015 1.000 0. 4.690 0. 0. 1. 0.
1.000 0.015 0. 239.619 -0.015 1.000 0. 4.700 0. 0. 1. 0.
1.000 0.014 0. 239.607 -0.014 1.000 0. 4.700 0. 0. 1. 0.
1.000 0.015 0. 239.611 -0.015 1.000 0. 4.698 0. 0. 1. 0.
1.000 0.015 0. 239.624 -0.015 1.000 0. 4.696 0. 0. 1. 0.
1.000 0.015 0. 239.607 -0.015 1.000 0. 4.696 0. 0. 1. 0.
1.000 0.015 0. 239.615 -0.015 1.000 0. 4.720 0. 0. 1. 0.
1.000 0.014 0. 239.611 -0.014 1.000 0. 4.694 0. 0. 1. 0.
1.000 0.014 0. 239.595 -0.014 1.000 0. 4.701 0. 0. 1. 0.
1.000 0.015 0. 239.607 -0.015 1.000 0. 4.700 0. 0. 1. 0.
1.000 0.014 0. 239.615 -0.014 1.000 0. 4.706 0. 0. 1. 0.
1.000 0.015 0. 239.612 -0.015 1.000 0. 4.704 0. 0. 1. 0.
1.000 0.014 0. 239.616 -0.014 1.000 0. 4.696 0. 0. 1. 0.
1.000 0.015 0. 239.621 -0.015 1.000 0. 4.677 0. 0. 1. 0.
1.000 0.015 0. 239.608 -0.015 1.000 0. 4.689 0. 0. 1. 0.
1.000 0.014 0. 239.605 -0.014 1.000 0. 4.685 0. 0. 1. 0.
1.000 0.015 0. 239.607 -0.015 1.000 0. 4.708 0. 0. 1. 0.
1.000 0.014 0. 239.598 -0.014 1.000 0. 4.699 0. 0. 1. 0.
1.000 0.015 0. 239.615 -0.015 1.000 0. 4.711 0. 0. 1. 0.
1.000 0.014 0. 239.618 -0.014 1.000 0. 4.701 0. 0. 1. 0.
1.000 0.015 0. 239.591 -0.015 1.000 0. 4.694 0. 0. 1. 0.
1.000 0.015 0. 239.625 -0.015 1.000 0. 4.703 0. 0. 1. 0.
1.000 0.015 0. 239.610 -0.015 1.000 0. 4.695 0. 0. 1. 0.
1.000 0.014 0. 239.630 -0.014 1.000 0. 4.703 0. 0. 1. 0.
1.000 0.014 0. 239.613 -0.014 1.000 0. 4.704 0. 0. 1. 0.
1.000 0.014 0. 239.631 -0.014 1.000 0. 4.703 0. 0. 1. 0.
1.000 0.015 0. 239.611 -0.015 1.000 0. 4.692 0. 0. 1. 0.
1.000 0.015 0. 239.609 -0.015 1.000 0. 4.710 0. 0. 1. 0.
1.000 0.015 0. 239.603 -0.015 1.000 0. 4.683 0. 0. 1. 0.
1.000 0.014 0. 239.605 -0.014 1.000 0. 4.702 0. 0. 1. 0.
1.000 0.015 0. 239.611 -0.015 1.000 0. 4.694 0. 0. 1. 0.
1.000 0.014 0. 239.612 -0.014 1.000 0. 4.706 0. 0. 1. 0.
1.000 0.015 0. 239.608 -0.015 1.000 0. 4.686 0. 0. 1. 0.
1.000 0.015 0. 239.612 -0.015 1.000 0. 4.693 0. 0. 1. 0.
1.000 0.015 0. 239.608 -0.015 1.000 0. 4.703 0. 0. 1. 0.
1.000 0.015 0. 239.602 -0.015 1.000 0. 4.688 0. 0. 1. 0.
1.000 0.015 0. 239.610 -0.015 1.000 0. 4.703 0. 0. 1. 0.
1.000 0.015 0. 239.609 -0.015 1.000 0. 4.699 0. 0. 1. 0.
1.000 0.015 0. 239.595 -0.015 1.000 0. 4.688 0. 0. 1. 0.
1.000 0.015 0. 239.608 -0.015 1.000 0. 4.685 0. 0. 1. 0.
1.000 0.015 0. 239.598 -0.015 1.000 0. 4.683 0. 0. 1. 0.
1.000 0.015 0. 239.602 -0.015 1.000 0. 4.699 0. 0. 1. 0.
1.000 0.015 0. 239.603 -0.015 1.000 0. 4.696 0. 0. 1. 0.
1.000 0.014 0. 239.625 -0.014 1.000 0. 4.706 0. 0. 1. 0.
1.000 0.015 0. 239.606 -0.015 1.000 0. 4.688 0. 0. 1. 0.
1.000 0.015 0. 239.608 -0.015 1.000 0. 4.713 0. 0. 1. 0.
1.000 0.015 0. 239.612 -0.015 1.000 0. 4.686 0. 0. 1. 0.
1.000 0.015 0. 239.612 -0.015 1.000 0. 4.702 0. 0. 1. 0.
1.000 0.015 0. 239.606 -0.015 1.000 0. 4.694 0. 0. 1. 0.
1.000 0.015 0. 239.604 -0.015 1.000 0. 4.687 0. 0. 1. 0.
1.000 0.014 0. 239.618 -0.014 1.000 0. 4.695 0. 0. 1. 0.
1.000 0.014 0. 239.607 -0.014 1.000 0. 4.712 0. 0. 1. 0.
1.000 0.014 0. 239.623 -0.014 1.000 0. 4.705 0. 0. 1. 0.
1.000 0.014 0. 239.643 -0.014 1.000 0. 4.705 0. 0. 1. 0.
1.000 0.015 0. 239.648 -0.015 1.000 0. 4.677 0. 0. 1. 0.
1. 0.014 0. 239.714 -0.014 1. 0. 4.696 0. 0. 1. 0.
1. 0.014 0. 239.817 -0.014 1. 0. 4.703 0. 0. 1. 0.
1.000 0.014 0. 239.859 -0.014 1.000 0. 4.695 0. 0. 1. 0.
1.000 0.015 0. 239.989 -0.015 1.000 0. 4.721 0. 0. 1. 0.
1. 0.013 0. 240.086 -0.013 1. 0. 4.729 0. 0. 1. 0.
1. 0.013 0. 240.247 -0.013 1. 0. 4.704 0. 0. 1. 0.
1.000 0.015 0. 240.394 -0.015 1.000 0. 4.704 0. 0. 1. 0.
1.000 0.015 0. 240.532 -0.015 1.000 0. 4.709 0. 0. 1. 0.
1. 0.013 0. 240.706 -0.013 1. 0. 4.714 0. 0. 1. 0.
1. 0.013 0. 240.796 -0.013 1. 0. 4.695 0. 0. 1. 0.
1. 0.013 0. 240.909 -0.013 1. 0. 4.729 0. 0. 1. 0.
1. 0.014 0. 240.951 -0.014 1. 0. 4.687 0. 0. 1. 0.
1. 0.012 0. 240.982 -0.012 1. 0. 4.697 0. 0. 1. 0.
1. 0.014 0. 240.974 -0.014 1. 0. 4.704 0. 0. 1. 0.
1.000 0.015 0. 240.955 -0.015 1.000 0. 4.716 0. 0. 1. 0.
1. 0.014 0. 240.962 -0.014 1. 0. 4.718 0. 0. 1. 0.
1.000 0.014 0. 240.972 -0.014 1.000 0. 4.698 0. 0. 1. 0.
1.000 0.014 0. 240.948 -0.014 1.000 0. 4.734 0. 0. 1. 0.
1. 0.013 0. 240.973 -0.013 1. 0. 4.704 0. 0. 1. 0.
1. 0.014 0. 240.963 -0.014 1. 0. 4.709 0. 0. 1. 0.
1. 0.013 0. 240.994 -0.013 1. 0. 4.696 0. 0. 1. 0.
1. 0.014 0. 240.975 -0.014 1. 0. 4.698 0. 0. 1. 0.
1. 0.012 0. 240.968 -0.012 1. 0. 4.691 0. 0. 1. 0.
1. 0.014 0. 240.976 -0.014 1. 0. 4.711 0. 0. 1. 0.
1.000 0.014 0. 240.955 -0.014 1.000 0. 4.715 0. 0. 1. 0.
1. 0.013 0. 240.981 -0.013 1. 0. 4.703 0. 0. 1. 0.
1. 0.014 0. 240.971 -0.014 1. 0. 4.688 0. 0. 1. 0.
1. 0.013 0. 241.002 -0.013 1. 0. 4.661 0. 0. 1. 0.
1. 0.014 0. 240.972 -0.014 1. 0. 4.710 0. 0. 1. 0.
1.000 0.014 0. 240.945 -0.014 1.000 0. 4.695 0. 0. 1. 0.
1.000 0.015 0. 240.963 -0.015 1.000 0. 4.712 0. 0. 1. 0.
1.000 0.014 0. 240.982 -0.014 1.000 0. 4.677 0. 0. 1. 0.
1. 0.013 0. 240.990 -0.013 1. 0. 4.704 0. 0. 1. 0.
1. 0.013 0. 240.988 -0.013 1. 0. 4.698 0. 0. 1. 0.
1. 0.014 0. 240.977 -0.014 1. 0. 4.693 0. 0. 1. 0.
1. 0.014 0. 240.982 -0.014 1. 0. 4.690 0. 0. 1. 0.
1. 0.013 0. 240.990 -0.013 1. 0. 4.706 0. 0. 1. 0.
1. 0.013 0. 240.970 -0.013 1. 0. 4.691 0. 0. 1. 0.
1. 0.014 0. 240.994 -0.014 1. 0. 4.736 0. 0. 1. 0.
1. 0.013 0. 240.983 -0.013 1. 0. 4.684 0. 0. 1. 0.
1.000 0.014 0. 240.977 -0.014 1.000 0. 4.716 0. 0. 1. 0.
1. 0.013 0. 240.975 -0.013 1. 0. 4.701 0. 0. 1. 0.
1. 0.013 0. 240.991 -0.013 1. 0. 4.693 0. 0. 1. 0.
1. 0.013 0. 240.977 -0.013 1. 0. 4.700 0. 0. 1. 0.
1. 0.014 0. 240.985 -0.014 1. 0. 4.691 0. 0. 1. 0.
1. 0.013 0. 240.976 -0.013 1. 0. 4.694 0. 0. 1. 0.
1.000 0.015 0. 240.974 -0.015 1.000 0. 4.714 0. 0. 1. 0.
1. 0.013 0. 240.971 -0.013 1. 0. 4.735 0. 0. 1. 0.
1. 0.013 0. 240.994 -0.013 1. 0. 4.692 0. 0. 1. 0.
1.000 0.014 0. 240.969 -0.014 1.000 0. 4.716 0. 0. 1. 0.
1. 0.013 0. 240.956 -0.013 1. 0. 4.703 0. 0. 1. 0.
1.000 0.014 0. 240.967 -0.014 1.000 0. 4.726 0. 0. 1. 0.
1. 0.013 0. 240.970 -0.013 1. 0. 4.709 0. 0. 1. 0.
1. 0.014 0. 240.968 -0.014 1. 0. 4.699 0. 0. 1. 0.
1. 0.013 0. 240.986 -0.013 1. 0. 4.704 0. 0. 1. 0.
1. 0.013 0. 240.967 -0.013 1. 0. 4.701 0. 0. 1. 0.
1. 0.013 0. 240.979 -0.013 1. 0. 4.691 0. 0. 1. 0.
1. 0.014 0. 240.984 -0.014 1. 0. 4.724 0. 0. 1. 0.
1. 0.012 0. 240.981 -0.012 1. 0. 4.680 0. 0. 1. 0.
1. 0.013 0. 240.985 -0.013 1. 0. 4.721 0. 0. 1. 0.
1. 0.012 0. 240.985 -0.012 1. 0. 4.700 0. 0. 1. 0.
1. 0.013 0. 241.001 -0.013 1. 0. 4.705 0. 0. 1. 0.
1. 0.012 0. 240.976 -0.012 1. 0. 4.691 0. 0. 1. 0.
1. 0.014 0. 240.985 -0.014 1. 0. 4.715 0. 0. 1. 0.
1. 0.013 0. 240.980 -0.013 1. 0. 4.691 0. 0. 1. 0.
1. 0.013 0. 240.984 -0.013 1. 0. 4.704 0. 0. 1. 0.
1. 0.012 0. 241.016 -0.012 1. 0. 4.682 0. 0. 1. 0.
1.000 0.014 0. 240.968 -0.014 1.000 0. 4.709 0. 0. 1. 0.
1. 0.013 0. 240.993 -0.013 1. 0. 4.692 0. 0. 1. 0.
1. 0.013 0. 240.982 -0.013 1. 0. 4.710 0. 0. 1. 0.
1. 0.014 0. 240.958 -0.014 1. 0. 4.709 0. 0. 1. 0.
1. 0.014 0. 240.981 -0.014 1. 0. 4.711 0. 0. 1. 0.
1. 0.013 0. 240.976 -0.013 1. 0. 4.718 0. 0. 1. 0.
1. 0.013 0. 240.988 -0.013 1. 0. 4.715 0. 0. 1. 0.
1. 0.013 0. 240.968 -0.013 1. 0. 4.700 0. 0. 1. 0.
1. 0.013 0. 240.990 -0.013 1. 0. 4.694 0. 0. 1. 0.
1. 0.011 0. 241.006 -0.011 1. 0. 4.715 0. 0. 1. 0.
1. 0.012 0. 240.992 -0.012 1. 0. 4.698 0. 0. 1. 0.
1. 0.012 0. 241.013 -0.012 1. 0. 4.708 0. 0. 1. 0.
1. 0.013 0. 240.984 -0.013 1. 0. 4.690 0. 0. 1. 0.
1. 0.013 0. 240.991 -0.013 1. 0. 4.704 0. 0. 1. 0.
1. 0.013 0. 241.001 -0.013 1. 0. 4.696 0. 0. 1. 0.
1. 0.013 0. 240.969 -0.013 1. 0. 4.692 0. 0. 1. 0.
1. 0.013 0. 240.995 -0.013 1. 0. 4.728 0. 0. 1. 0.
1. 0.013 0. 240.959 -0.013 1. 0. 4.714 0. 0. 1. 0.
1. 0.013 0. 240.981 -0.013 1. 0. 4.715 0. 0. 1. 0.
1. 0.012 0. 241.007 -0.012 1. 0. 4.708 0. 0. 1. 0.
1. 0.013 0. 240.970 -0.013 1. 0. 4.710 0. 0. 1. 0.
1. 0.013 0. 240.986 -0.013 1. 0. 4.709 0. 0. 1. 0.
1. 0.013 0. 240.981 -0.013 1. 0. 4.692 0. 0. 1. 0.
1. 0.013 0. 240.976 -0.013 1. 0. 4.720 0. 0. 1. 0.
1. 0.013 0. 240.979 -0.013 1. 0. 4.699 0. 0. 1. 0.
1. 0.014 0. 240.961 -0.014 1. 0. 4.710 0. 0. 1. 0.
1. 0.014 0. 241.018 -0.014 1. 0. 4.729 0. 0. 1. 0.
1.000 0.016 0. 241.068 -0.016 1.000 0. 4.711 0. 0. 1. 0.
1.000 0.015 0. 241.209 -0.015 1.000 0. 4.682 0. 0. 1. 0.
1.000 0.016 0. 241.407 -0.016 1.000 0. 4.676 0. 0. 1. 0.
1.000 0.015 0. 241.723 -0.015 1.000 0. 4.721 0. 0. 1. 0.
1.000 0.015 0. 242.069 -0.015 1.000 0. 4.696 0. 0. 1. 0.
1. 0.014 0. 242.487 -0.014 1. 0. 4.709 0. 0. 1. 0.
1.000 0.014 0. 243.005 -0.014 1.000 0. 4.704 0. 0. 1. 0.
1. 0.014 0. 243.594 -0.014 1. 0. 4.679 0. 0. 1. 0.
1.000 0.014 0. 244.262 -0.014 1.000 0. 4.683 0. 0. 1. 0.
1.000 0.014 0. 245.002 -0.014 1.000 0. 4.637 0. 0. 1. 0.
1.000 0.014 0. 245.839 -0.014 1.000 0. 4.643 0. 0. 1. 0.
1.000 0.015 0. 246.755 -0.015 1.000 0. 4.600 0. 0. 1. 0.
1. 0.014 0. 247.744 -0.014 1. 0. 4.632 0. 0. 1. 0.
1.000 0.014 0. 248.788 -0.014 1.000 0. 4.575 0. 0. 1. 0.
1. 0.014 0. 249.929 -0.014 1. 0. 4.543 0. 0. 1. 0.
1. 0.013 0. 251.116 -0.013 1. 0. 4.534 0. 0. 1. 0.
1. 0.010 0. 252.379 -0.010 1. 0. 4.514 0. 0. 1. 0.
1. 0.009 0. 253.733 -0.009 1. 0. 4.569 0. 0. 1. 0.
1. 0.007 0. 255.120 -0.007 1. 0. 4.518 0. 0. 1. 0.
1. 0.007 0. 256.642 -0.007 1. 0. 4.540 0. 0. 1. 0.
1. 0.004 0. 258.129 -0.004 1. 0. 4.509 0. 0. 1. 0.
1. 0.003 0. 259.756 -0.003 1. 0. 4.459 0. 0. 1. 0.
1. 0.003 0. 261.407 -0.003 1. 0. 4.471 0. 0. 1. 0.
1. 0.001 0. 263.114 -0.001 1. 0. 4.402 0. 0. 1. 0.
1. -0.000 0. 264.925 0.000 1. 0. 4.392 0. 0. 1. 0.
1. -0.002 0. 266.774 0.002 1. 0. 4.413 0. 0. 1. 0.
1. -0.003 0. 268.670 0.003 1. 0. 4.403 0. 0. 1. 0.
1. -0.003 0. 270.604 0.003 1. 0. 4.400 0. 0. 1. 0.
1. -0.005 0. 272.622 0.005 1. 0. 4.398 0. 0. 1. 0.
1. -0.005 0. 274.711 0.005 1. 0. 4.381 0. 0. 1. 0.
1. -0.005 0. 276.818 0.005 1. 0. 4.385 0. 0. 1. 0.
1. -0.004 0. 279.001 0.004 1. 0. 4.407 0. 0. 1. 0.
1. -0.004 0. 281.241 0.004 1. 0. 4.361 0. 0. 1. 0.
1. -0.001 0. 283.542 0.001 1. 0. 4.384 0. 0. 1. 0.
1. 0.000 0. 285.878 -0.000 1. 0. 4.441 0. 0. 1. 0.
1. 0.000 0. 288.286 -0.000 1. 0. 4.418 0. 0. 1. 0.
1. 0.002 0. 290.731 -0.002 1. 0. 4.383 0. 0. 1. 0.
1. 0.001 0. 293.226 -0.001 1. 0. 4.345 0. 0. 1. 0.
1. 0.001 0. 295.739 -0.001 1. 0. 4.331 0. 0. 1. 0.
1. 0.002 0. 298.319 -0.002 1. 0. 4.312 0. 0. 1. 0.
1. 0.003 0. 300.937 -0.003 1. 0. 4.286 0. 0. 1. 0.
1. 0.003 0. 303.568 -0.003 1. 0. 4.273 0. 0. 1. 0.
1. 0.002 0. 306.272 -0.002 1. 0. 4.202 0. 0. 1. 0.
1. 0.001 0. 309.002 -0.001 1. 0. 4.181 0. 0. 1. 0.
1. 0.003 0. 311.785 -0.003 1. 0. 4.116 0. 0. 1. 0.
1. 0.004 0. 314.565 -0.004 1. 0. 4.049 0. 0. 1. 0.
1. 0.003 0. 317.440 -0.003 1. 0. 4.061 0. 0. 1. 0.
1. 0.002 0. 320.248 -0.002 1. 0. 4.039 0. 0. 1. 0.
1. 0.003 0. 323.168 -0.003 1. 0. 3.990 0. 0. 1. 0.
1. 0.002 0. 326.063 -0.002 1. 0. 3.942 0. 0. 1. 0.
1. 0.003 0. 328.978 -0.003 1. 0. 3.950 0. 0. 1. 0.
1. 0.004 0. 331.934 -0.004 1. 0. 3.913 0. 0. 1. 0.
1. 0.003 0. 334.911 -0.003 1. 0. 3.899 0. 0. 1. 0.
1. 0.005 0. 337.987 -0.005 1. 0. 3.868 0. 0. 1. 0.
1. 0.005 0. 341.022 -0.005 1. 0. 3.822 0. 0. 1. 0.
1. 0.005 0. 344.019 -0.005 1. 0. 3.775 0. 0. 1. 0.
1. 0.005 0. 347.087 -0.005 1. 0. 3.729 0. 0. 1. 0.
1. 0.007 0. 350.209 -0.007 1. 0. 3.668 0. 0. 1. 0.
1. 0.007 0. 353.333 -0.007 1. 0. 3.602 0. 0. 1. 0.
1. 0.008 0. 356.462 -0.008 1. 0. 3.482 0. 0. 1. 0.
1. 0.008 0. 359.638 -0.008 1. 0. 3.530 0. 0. 1. 0.
1. 0.007 0. 362.814 -0.007 1. 0. 3.443 0. 0. 1. 0.
1. 0.006 0. 366.055 -0.006 1. 0. 3.467 0. 0. 1. 0.
1. 0.003 0. 369.479 -0.003 1. 0. 3.346 0. 0. 1. 0.
1. -0.002 0. 372.685 0.002 1. 0. 3.294 0. 0. 1. 0.
1. 0.001 0. 376.026 -0.001 1. 0. 3.251 0. 0. 1. 0.
1. 0.003 0. 379.375 -0.003 1. 0. 3.242 0. 0. 1. 0.
1. 0.004 0. 382.716 -0.004 1. 0. 3.186 0. 0. 1. 0.
1. 0.004 0. 386.087 -0.004 1. 0. 3.159 0. 0. 1. 0.
1. 0.006 0. 389.416 -0.006 1. 0. 3.054 0. 0. 1. 0.
1. 0.008 0. 392.830 -0.008 1. 0. 3.056 0. 0. 1. 0.
1. 0.007 0. 396.228 -0.007 1. 0. 2.975 0. 0. 1. 0.
1. 0.009 0. 399.607 -0.009 1. 0. 2.927 0. 0. 1. 0.
1. 0.008 0. 403.049 -0.008 1. 0. 2.818 0. 0. 1. 0.
1. 0.007 0. 406.490 -0.007 1. 0. 2.824 0. 0. 1. 0.
1. 0.007 0. 409.899 -0.007 1. 0. 2.690 0. 0. 1. 0.
1. 0.009 0. 413.402 -0.009 1. 0. 2.681 0. 0. 1. 0.
1. 0.007 0. 416.830 -0.007 1. 0. 2.631 0. 0. 1. 0.
1. 0.006 0. 420.358 -0.006 1. 0. 2.595 0. 0. 1. 0.
1. 0.007 0. 423.888 -0.007 1. 0. 2.520 0. 0. 1. 0.
1. 0.009 0. 427.408 -0.009 1. 0. 2.503 0. 0. 1. 0.
1. 0.009 0. 430.908 -0.009 1. 0. 2.551 0. 0. 1. 0.
1. 0.007 0. 434.424 -0.007 1. 0. 2.494 0. 0. 1. 0.
1. 0.007 0. 437.998 -0.007 1. 0. 2.329 0. 0. 1. 0.
1. 0.005 0. 441.569 -0.005 1. 0. 2.273 0. 0. 1. 0.
1. 0.005 0. 445.114 -0.005 1. 0. 2.194 0. 0. 1. 0.
1. 0.005 0. 448.710 -0.005 1. 0. 2.240 0. 0. 1. 0.
1. 0.006 0. 452.326 -0.006 1. 0. 2.113 0. 0. 1. 0.
1. 0.007 0. 455.930 -0.007 1. 0. 2.127 0. 0. 1. 0.
1. 0.008 0. 459.538 -0.008 1. 0. 1.996 0. 0. 1. 0.
1. 0.010 0. 463.188 -0.010 1. 0. 1.900 0. 0. 1. 0.
1. 0.012 0. 466.860 -0.012 1. 0. 1.899 0. 0. 1. 0.
1. 0.013 0. 470.530 -0.013 1. 0. 1.745 0. 0. 1. 0.
1. 0.013 0. 474.201 -0.013 1. 0. 1.644 0. 0. 1. 0.
1. 0.014 0. 477.917 -0.014 1. 0. 1.619 0. 0. 1. 0.
1. 0.014 0. 481.579 -0.014 1. 0. 1.488 0. 0. 1. 0.
1.000 0.015 0. 485.278 -0.015 1.000 0. 1.356 0. 0. 1. 0.
1. 0.013 0. 488.990 -0.013 1. 0. 1.352 0. 0. 1. 0.
1.000 0.014 0. 492.744 -0.014 1.000 0. 1.241 0. 0. 1. 0.
1. 0.010 0. 496.480 -0.010 1. 0. 1.145 0. 0. 1. 0.
1. 0.007 0. 500.251 -0.007 1. 0. 1.129 0. 0. 1. 0.
1. 0.005 0. 504.045 -0.005 1. 0. 1.004 0. 0. 1. 0.
1. 0.004 0. 507.832 -0.004 1. 0. 0.982 0. 0. 1. 0.
1. 0.000 0. 511.545 -0.000 1. 0. 0.965 0. 0. 1. 0.
1. 0.001 0. 515.266 -0.001 1. 0. 0.856 0. 0. 1. 0.
1. 0.002 0. 518.932 -0.002 1. 0. 0.850 0. 0. 1. 0.
1. 0.005 0. 522.633 -0.005 1. 0. 0.819 0. 0. 1. 0.
1. 0.010 0. 526.299 -0.010 1. 0. 0.730 0. 0. 1. 0.
1. 0.014 0. 529.955 -0.014 1. 0. 0.695 0. 0. 1. 0.
1.000 0.016 0. 533.568 -0.016 1.000 0. 0.583 0. 0. 1. 0.
1.000 0.015 0. 537.233 -0.015 1.000 0. 0.440 0. 0. 1. 0.
1. 0.011 0. 540.888 -0.011 1. 0. 0.344 0. 0. 1. 0.
1. 0.008 0. 544.533 -0.008 1. 0. 0.253 0. 0. 1. 0.
1. 0.005 0. 548.210 -0.005 1. 0. 0.250 0. 0. 1. 0.
1. -0.001 0. 551.856 0.001 1. 0. 0.156 0. 0. 1. 0.
1. -0.002 0. 555.539 0.002 1. 0. 0.056 0. 0. 1. 0.
1. -0.001 0. 559.179 0.001 1. 0. 0.048 0. 0. 1. 0.
1. 0.003 0. 562.878 -0.003 1. 0. 0.020 0. 0. 1. 0.
1. 0.004 0. 566.551 -0.004 1. 0. 0.011 0. 0. 1. 0.
1. 0.005 0. 570.224 -0.005 1. 0. -0.007 0. 0. 1. 0.
1. 0.006 0. 573.909 -0.006 1. 0. -0.033 0. 0. 1. 0.
1. 0.006 0. 577.554 -0.006 1. 0. -0.154 0. 0. 1. 0.
1. 0.004 0. 581.258 -0.004 1. 0. -0.095 0. 0. 1. 0.
1. 0.003 0. 584.946 -0.003 1. 0. -0.129 0. 0. 1. 0.
1. 0.002 0. 588.590 -0.002 1. 0. -0.223 0. 0. 1. 0.
1. 0.003 0. 592.305 -0.003 1. 0. -0.167 0. 0. 1. 0.
1. 0.005 0. 596.010 -0.005 1. 0. -0.243 0. 0. 1. 0.
1. 0.006 0. 599.734 -0.006 1. 0. -0.348 0. 0. 1. 0.
1. 0.005 0. 603.390 -0.005 1. 0. -0.353 0. 0. 1. 0.
1. 0.005 0. 607.191 -0.005 1. 0. -0.439 0. 0. 1. 0.
1. 0.004 0. 610.842 -0.004 1. 0. -0.503 0. 0. 1. 0.
1. 0.001 0. 614.504 -0.001 1. 0. -0.534 0. 0. 1. 0.
1. 0.002 0. 618.219 -0.002 1. 0. -0.545 0. 0. 1. 0.
1. 0.004 0. 621.904 -0.004 1. 0. -0.591 0. 0. 1. 0.
1. 0.007 0. 625.574 -0.007 1. 0. -0.649 0. 0. 1. 0.
1. 0.009 0. 629.248 -0.009 1. 0. -0.703 0. 0. 1. 0.
1. 0.013 0. 632.923 -0.013 1. 0. -0.729 0. 0. 1. 0.
1.000 0.016 0. 636.546 -0.016 1.000 0. -0.972 0. 0. 1. 0.
1.000 0.019 0. 640.135 -0.019 1.000 0. -1.025 0. 0. 1. 0.
1.000 0.024 0. 643.752 -0.024 1.000 0. -1.142 0. 0. 1. 0.
1.000 0.027 0. 647.368 -0.027 1.000 0. -1.232 0. 0. 1. 0.
1.000 0.031 0. 650.997 -0.031 1.000 0. -1.380 0. 0. 1. 0.
0.999 0.034 0. 654.564 -0.034 0.999 0. -1.502 0. 0. 1. 0.
0.999 0.040 0. 658.143 -0.040 0.999 0. -1.683 0. 0. 1. 0.
0.999 0.044 0. 661.763 -0.044 0.999 0. -1.802 0. 0. 1. 0.
0.999 0.051 0. 665.334 -0.051 0.999 0. -2.037 0. 0. 1. 0.
0.998 0.056 0. 668.873 -0.056 0.998 0. -2.217 0. 0. 1. 0.
0.998 0.065 0. 672.488 -0.065 0.998 0. -2.470 0. 0. 1. 0.
0.997 0.076 0. 676.068 -0.076 0.997 0. -2.704 0. 0. 1. 0.
0.996 0.084 0. 679.616 -0.084 0.996 0. -3.052 0. 0. 1. 0.
0.996 0.093 0. 683.172 -0.093 0.996 0. -3.394 0. 0. 1. 0.
0.995 0.101 0. 686.719 -0.101 0.995 0. -3.840 0. 0. 1. 0.
0.994 0.105 0. 690.269 -0.105 0.994 0. -4.255 0. 0. 1. 0.
0.994 0.110 0. 693.799 -0.110 0.994 0. -4.657 0. 0. 1. 0.
0.994 0.108 0. 697.313 -0.108 0.994 0. -5.169 0. 0. 1. 0.
0.994 0.107 0. 700.854 -0.107 0.994 0. -5.536 0. 0. 1. 0.
0.994 0.108 0. 704.396 -0.108 0.994 0. -5.939 0. 0. 1. 0.
0.994 0.111 0. 707.939 -0.111 0.994 0. -6.368 0. 0. 1. 0.
0.993 0.115 0. 711.451 -0.115 0.993 0. -6.747 0. 0. 1. 0.
0.993 0.119 0. 714.931 -0.119 0.993 0. -7.257 0. 0. 1. 0.
0.993 0.122 0. 718.443 -0.122 0.993 0. -7.694 0. 0. 1. 0.
0.993 0.122 0. 721.897 -0.122 0.993 0. -8.133 0. 0. 1. 0.
0.992 0.125 0. 725.409 -0.125 0.992 0. -8.673 0. 0. 1. 0.
0.992 0.123 0. 728.899 -0.123 0.992 0. -9.095 0. 0. 1. 0.
0.992 0.123 0. 732.370 -0.123 0.992 0. -9.607 0. 0. 1. 0.
0.992 0.123 0. 735.880 -0.123 0.992 0. -10.016 0. 0. 1. 0.
0.993 0.121 0. 739.337 -0.121 0.993 0. -10.580 0. 0. 1. 0.
0.993 0.120 0. 742.851 -0.120 0.993 0. -10.943 0. 0. 1. 0.
0.993 0.118 0. 746.291 -0.118 0.993 0. -11.395 0. 0. 1. 0.
0.993 0.117 0. 749.779 -0.117 0.993 0. -11.887 0. 0. 1. 0.
0.993 0.118 0. 753.221 -0.118 0.993 0. -12.288 0. 0. 1. 0.
0.993 0.119 0. 756.687 -0.119 0.993 0. -12.700 0. 0. 1. 0.
0.993 0.121 0. 760.156 -0.121 0.993 0. -13.149 0. 0. 1. 0.
0.993 0.120 0. 763.583 -0.120 0.993 0. -13.629 0. 0. 1. 0.
0.993 0.120 0. 767.071 -0.120 0.993 0. -14.069 0. 0. 1. 0.
0.992 0.123 0. 770.536 -0.123 0.992 0. -14.493 0. 0. 1. 0.
0.993 0.120 0. 773.966 -0.120 0.993 0. -14.916 0. 0. 1. 0.
0.993 0.121 0. 777.441 -0.121 0.993 0. -15.299 0. 0. 1. 0.
0.993 0.119 0. 780.892 -0.119 0.993 0. -15.804 0. 0. 1. 0.
0.993 0.120 0. 784.356 -0.120 0.993 0. -16.237 0. 0. 1. 0.
0.993 0.118 0. 787.772 -0.118 0.993 0. -16.707 0. 0. 1. 0.
0.993 0.119 0. 791.242 -0.119 0.993 0. -17.127 0. 0. 1. 0.
0.993 0.118 0. 794.699 -0.118 0.993 0. -17.549 0. 0. 1. 0.
0.993 0.119 0. 798.138 -0.119 0.993 0. -17.957 0. 0. 1. 0.
0.993 0.120 0. 801.575 -0.120 0.993 0. -18.430 0. 0. 1. 0.
0.993 0.118 0. 805.030 -0.118 0.993 0. -18.903 0. 0. 1. 0.
0.993 0.118 0. 808.499 -0.118 0.993 0. -19.279 0. 0. 1. 0.
0.993 0.119 0. 811.956 -0.119 0.993 0. -19.745 0. 0. 1. 0.
0.993 0.119 0. 815.401 -0.119 0.993 0. -20.211 0. 0. 1. 0.
0.993 0.119 0. 818.859 -0.119 0.993 0. -20.639 0. 0. 1. 0.
0.993 0.121 0. 822.340 -0.121 0.993 0. -21.075 0. 0. 1. 0.
0.993 0.122 0. 825.764 -0.122 0.993 0. -21.523 0. 0. 1. 0.
0.992 0.123 0. 829.204 -0.123 0.992 0. -21.999 0. 0. 1. 0.
0.992 0.123 0. 832.643 -0.123 0.992 0. -22.490 0. 0. 1. 0.
0.992 0.127 0. 836.137 -0.127 0.992 0. -22.911 0. 0. 1. 0.
0.992 0.128 0. 839.605 -0.128 0.992 0. -23.339 0. 0. 1. 0.
0.992 0.126 0. 843.028 -0.126 0.992 0. -23.795 0. 0. 1. 0.
0.992 0.127 0. 846.494 -0.127 0.992 0. -24.290 0. 0. 1. 0.
0.992 0.127 0. 849.939 -0.127 0.992 0. -24.721 0. 0. 1. 0.
0.992 0.126 0. 853.404 -0.126 0.992 0. -25.180 0. 0. 1. 0.
0.992 0.128 0. 856.862 -0.128 0.992 0. -25.613 0. 0. 1. 0.
0.992 0.124 0. 860.318 -0.124 0.992 0. -26.085 0. 0. 1. 0.
0.993 0.122 0. 863.777 -0.122 0.993 0. -26.582 0. 0. 1. 0.
0.993 0.120 0. 867.193 -0.120 0.993 0. -27.017 0. 0. 1. 0.
0.993 0.119 0. 870.673 -0.119 0.993 0. -27.411 0. 0. 1. 0.
0.993 0.117 0. 874.083 -0.117 0.993 0. -27.958 0. 0. 1. 0.
0.993 0.117 0. 877.527 -0.117 0.993 0. -28.359 0. 0. 1. 0.
0.993 0.114 0. 880.973 -0.114 0.993 0. -28.798 0. 0. 1. 0.
0.994 0.112 0. 884.414 -0.112 0.994 0. -29.204 0. 0. 1. 0.
0.994 0.111 0. 887.885 -0.111 0.994 0. -29.598 0. 0. 1. 0.
0.994 0.113 0. 891.365 -0.113 0.994 0. -30.069 0. 0. 1. 0.
0.993 0.114 0. 894.781 -0.114 0.993 0. -30.472 0. 0. 1. 0.
0.993 0.114 0. 898.276 -0.114 0.993 0. -30.885 0. 0. 1. 0.
0.994 0.114 0. 901.718 -0.114 0.994 0. -31.317 0. 0. 1. 0.
0.994 0.113 0. 905.148 -0.113 0.994 0. -31.760 0. 0. 1. 0.
0.994 0.112 0. 908.592 -0.112 0.994 0. -32.192 0. 0. 1. 0.
0.994 0.111 0. 912.041 -0.111 0.994 0. -32.700 0. 0. 1. 0.
0.994 0.114 0. 915.429 -0.114 0.994 0. -33.265 0. 0. 1. 0.
0.994 0.112 0. 918.901 -0.112 0.994 0. -33.600 0. 0. 1. 0.
0.993 0.116 0. 922.329 -0.116 0.993 0. -34.035 0. 0. 1. 0.
0.993 0.117 0. 925.780 -0.117 0.993 0. -34.394 0. 0. 1. 0.
0.993 0.120 0. 929.217 -0.120 0.993 0. -34.834 0. 0. 1. 0.
0.993 0.121 0. 932.587 -0.121 0.993 0. -35.249 0. 0. 1. 0.
0.993 0.121 0. 936.108 -0.121 0.993 0. -35.685 0. 0. 1. 0.
0.993 0.121 0. 939.546 -0.121 0.993 0. -36.050 0. 0. 1. 0.
0.993 0.122 0. 942.984 -0.122 0.993 0. -36.531 0. 0. 1. 0.
0.992 0.124 0. 946.399 -0.124 0.992 0. -36.905 0. 0. 1. 0.
0.992 0.125 0. 949.872 -0.125 0.992 0. -37.338 0. 0. 1. 0.
0.993 0.122 0. 953.276 -0.122 0.993 0. -37.743 0. 0. 1. 0.
0.992 0.124 0. 956.711 -0.124 0.992 0. -38.132 0. 0. 1. 0.
0.993 0.122 0. 960.103 -0.122 0.993 0. -38.567 0. 0. 1. 0.
0.992 0.123 0. 963.527 -0.123 0.992 0. -39.118 0. 0. 1. 0.
0.993 0.121 0. 966.940 -0.121 0.993 0. -39.514 0. 0. 1. 0.
0.992 0.123 0. 970.353 -0.123 0.992 0. -39.876 0. 0. 1. 0.
0.992 0.123 0. 973.737 -0.123 0.992 0. -40.358 0. 0. 1. 0.
0.992 0.125 0. 977.162 -0.125 0.992 0. -40.794 0. 0. 1. 0.
0.992 0.124 0. 980.610 -0.124 0.992 0. -41.249 0. 0. 1. 0.
0.992 0.124 0. 984.019 -0.124 0.992 0. -41.712 0. 0. 1. 0.
0.992 0.123 0. 987.424 -0.123 0.992 0. -42.158 0. 0. 1. 0.
0.993 0.122 0. 990.867 -0.122 0.993 0. -42.691 0. 0. 1. 0.
0.993 0.121 0. 994.267 -0.121 0.993 0. -43.109 0. 0. 1. 0.
0.992 0.123 0. 997.710 -0.123 0.992 0. -43.537 0. 0. 1. 0.
0.993 0.121 0. 1001.069 -0.121 0.993 0. -43.970 0. 0. 1. 0.
0.992 0.123 0. 1004.519 -0.123 0.992 0. -44.486 0. 0. 1. 0.
0.992 0.124 0. 1007.904 -0.124 0.992 0. -44.903 0. 0. 1. 0.
0.992 0.125 0. 1011.314 -0.125 0.992 0. -45.334 0. 0. 1. 0.
0.992 0.126 0. 1014.734 -0.126 0.992 0. -45.778 0. 0. 1. 0.
0.992 0.126 0. 1018.103 -0.126 0.992 0. -46.264 0. 0. 1. 0.
0.992 0.125 0. 1021.529 -0.125 0.992 0. -46.656 0. 0. 1. 0.
0.992 0.125 0. 1024.903 -0.125 0.992 0. -47.136 0. 0. 1. 0.
0.992 0.124 0. 1028.354 -0.124 0.992 0. -47.544 0. 0. 1. 0.
0.992 0.126 0. 1031.684 -0.126 0.992 0. -48.089 0. 0. 1. 0.
0.992 0.127 0. 1035.006 -0.127 0.992 0. -48.481 0. 0. 1. 0.
0.992 0.129 0. 1038.355 -0.129 0.992 0. -48.971 0. 0. 1. 0.
0.991 0.132 0. 1041.667 -0.132 0.991 0. -49.443 0. 0. 1. 0.
0.991 0.135 0. 1044.982 -0.135 0.991 0. -49.929 0. 0. 1. 0.
0.990 0.139 0. 1048.329 -0.139 0.990 0. -50.405 0. 0. 1. 0.
0.990 0.143 0. 1051.617 -0.143 0.990 0. -50.881 0. 0. 1. 0.
0.989 0.146 0. 1054.942 -0.146 0.989 0. -51.399 0. 0. 1. 0.
0.989 0.150 0. 1058.233 -0.150 0.989 0. -51.853 0. 0. 1. 0.
0.988 0.151 0. 1061.515 -0.151 0.988 0. -52.471 0. 0. 1. 0.
0.988 0.154 0. 1064.834 -0.154 0.988 0. -52.911 0. 0. 1. 0.
0.988 0.156 0. 1068.136 -0.156 0.988 0. -53.420 0. 0. 1. 0.
0.987 0.158 0. 1071.434 -0.158 0.987 0. -53.955 0. 0. 1. 0.
0.987 0.160 0. 1074.704 -0.160 0.987 0. -54.469 0. 0. 1. 0.
0.987 0.160 0. 1078.002 -0.160 0.987 0. -54.960 0. 0. 1. 0.
0.987 0.160 0. 1081.267 -0.160 0.987 0. -55.486 0. 0. 1. 0.
0.987 0.161 0. 1084.548 -0.161 0.987 0. -56.042 0. 0. 1. 0.
0.987 0.162 0. 1087.828 -0.162 0.987 0. -56.551 0. 0. 1. 0.
0.987 0.163 0. 1091.076 -0.163 0.987 0. -57.027 0. 0. 1. 0.
0.987 0.161 0. 1094.322 -0.161 0.987 0. -57.652 0. 0. 1. 0.
0.987 0.159 0. 1097.604 -0.159 0.987 0. -58.174 0. 0. 1. 0.
0.987 0.163 0. 1100.849 -0.163 0.987 0. -58.765 0. 0. 1. 0.
0.986 0.168 0. 1104.143 -0.168 0.986 0. -59.330 0. 0. 1. 0.
0.985 0.174 0. 1107.435 -0.174 0.985 0. -59.859 0. 0. 1. 0.
0.984 0.176 0. 1110.612 -0.176 0.984 0. -60.481 0. 0. 1. 0.
0.983 0.183 0. 1113.794 -0.183 0.983 0. -61.074 0. 0. 1. 0.
0.982 0.188 0. 1116.927 -0.188 0.982 0. -61.688 0. 0. 1. 0.
0.981 0.193 0. 1120.064 -0.193 0.981 0. -62.331 0. 0. 1. 0.
0.981 0.194 0. 1123.162 -0.194 0.981 0. -62.971 0. 0. 1. 0.
0.981 0.195 0. 1126.346 -0.195 0.981 0. -63.571 0. 0. 1. 0.
0.981 0.192 0. 1129.396 -0.192 0.981 0. -64.226 0. 0. 1. 0.
0.982 0.190 0. 1132.463 -0.190 0.982 0. -64.799 0. 0. 1. 0.
0.982 0.188 0. 1135.494 -0.188 0.982 0. -65.347 0. 0. 1. 0.
0.982 0.186 0. 1138.560 -0.186 0.982 0. -65.940 0. 0. 1. 0.
0.983 0.186 0. 1141.531 -0.186 0.983 0. -66.568 0. 0. 1. 0.
0.983 0.183 0. 1144.533 -0.183 0.983 0. -67.147 0. 0. 1. 0.
0.983 0.181 0. 1147.522 -0.181 0.983 0. -67.722 0. 0. 1. 0.
0.984 0.179 0. 1150.431 -0.179 0.984 0. -68.267 0. 0. 1. 0.
0.984 0.177 0. 1153.423 -0.177 0.984 0. -68.769 0. 0. 1. 0.
0.985 0.173 0. 1156.251 -0.173 0.985 0. -69.292 0. 0. 1. 0.
0.985 0.172 0. 1159.178 -0.172 0.985 0. -69.859 0. 0. 1. 0.
0.986 0.168 0. 1162.025 -0.168 0.986 0. -70.367 0. 0. 1. 0.
0.986 0.169 0. 1164.895 -0.169 0.986 0. -70.849 0. 0. 1. 0.
0.985 0.170 0. 1167.675 -0.170 0.985 0. -71.344 0. 0. 1. 0.
0.985 0.170 0. 1170.517 -0.170 0.985 0. -71.888 0. 0. 1. 0.
0.985 0.173 0. 1173.291 -0.173 0.985 0. -72.396 0. 0. 1. 0.
0.985 0.175 0. 1176.022 -0.175 0.985 0. -72.869 0. 0. 1. 0.
0.984 0.176 0. 1178.748 -0.176 0.984 0. -73.447 0. 0. 1. 0.
0.984 0.177 0. 1181.491 -0.177 0.984 0. -73.852 0. 0. 1. 0.
0.984 0.180 0. 1184.215 -0.180 0.984 0. -74.456 0. 0. 1. 0.
0.983 0.181 0. 1186.869 -0.181 0.983 0. -74.924 0. 0. 1. 0.
0.983 0.183 0. 1189.499 -0.183 0.983 0. -75.461 0. 0. 1. 0.
0.983 0.183 0. 1192.119 -0.183 0.983 0. -75.959 0. 0. 1. 0.
0.983 0.186 0. 1194.568 -0.186 0.983 0. -76.448 0. 0. 1. 0.
0.982 0.188 0. 1197.029 -0.188 0.982 0. -76.919 0. 0. 1. 0.
0.982 0.189 0. 1199.416 -0.189 0.982 0. -77.416 0. 0. 1. 0.
0.981 0.192 0. 1201.794 -0.192 0.981 0. -77.887 0. 0. 1. 0.
0.981 0.192 0. 1204.026 -0.192 0.981 0. -78.254 0. 0. 1. 0.
0.981 0.192 0. 1206.302 -0.192 0.981 0. -78.762 0. 0. 1. 0.
0.981 0.196 0. 1208.490 -0.196 0.981 0. -79.212 0. 0. 1. 0.
0.980 0.198 0. 1210.635 -0.198 0.980 0. -79.621 0. 0. 1. 0.
0.979 0.201 0. 1212.754 -0.201 0.979 0. -80.064 0. 0. 1. 0.
0.978 0.211 0. 1214.826 -0.211 0.978 0. -80.563 0. 0. 1. 0.
0.975 0.224 0. 1216.826 -0.224 0.975 0. -80.988 0. 0. 1. 0.
0.970 0.241 0. 1218.732 -0.241 0.970 0. -81.489 0. 0. 1. 0.
0.963 0.270 0. 1220.548 -0.270 0.963 0. -82.027 0. 0. 1. 0.
0.953 0.303 0. 1222.230 -0.303 0.953 0. -82.560 0. 0. 1. 0.
0.940 0.340 0. 1223.760 -0.340 0.940 0. -83.183 0. 0. 1. 0.
0.924 0.382 0. 1225.265 -0.382 0.924 0. -83.791 0. 0. 1. 0.
0.905 0.425 0. 1226.703 -0.425 0.905 0. -84.566 0. 0. 1. 0.
0.882 0.471 0. 1228.103 -0.471 0.882 0. -85.348 0. 0. 1. 0.
0.856 0.517 0. 1229.355 -0.517 0.856 0. -86.144 0. 0. 1. 0.
0.826 0.563 0. 1230.496 -0.563 0.826 0. -86.988 0. 0. 1. 0.
0.793 0.609 0. 1231.554 -0.609 0.793 0. -87.878 0. 0. 1. 0.
0.755 0.655 0. 1232.516 -0.655 0.755 0. -88.764 0. 0. 1. 0.
0.709 0.705 0. 1233.333 -0.705 0.709 0. -89.685 0. 0. 1. 0.
0.660 0.751 0. 1234.031 -0.751 0.660 0. -90.550 0. 0. 1. 0.
0.607 0.795 0. 1234.602 -0.795 0.607 0. -91.423 0. 0. 1. 0.
0.549 0.836 0. 1235.105 -0.836 0.549 0. -92.241 0. 0. 1. 0.
0.488 0.873 0. 1235.474 -0.873 0.488 0. -93.047 0. 0. 1. 0.
0.432 0.902 0. 1235.697 -0.902 0.432 0. -93.772 0. 0. 1. 0.
0.375 0.927 0. 1235.923 -0.927 0.375 0. -94.472 0. 0. 1. 0.
0.320 0.947 0. 1236.043 -0.947 0.320 0. -95.124 0. 0. 1. 0.
0.265 0.964 0. 1236.163 -0.964 0.265 0. -95.812 0. 0. 1. 0.
0.211 0.977 0. 1236.213 -0.977 0.211 0. -96.455 0. 0. 1. 0.
0.159 0.987 0. 1236.291 -0.987 0.159 0. -97.137 0. 0. 1. 0.
0.108 0.994 0. 1236.308 -0.994 0.108 0. -97.794 0. 0. 1. 0.
0.055 0.998 0. 1236.251 -0.998 0.055 0. -98.493 0. 0. 1. 0.
-0.001 1. 0. 1236.198 -1. -0.001 0. -99.188 0. 0. 1. 0.
-0.060 0.998 0. 1236.131 -0.998 -0.060 0. -99.912 0. 0. 1. 0.
-0.119 0.993 0. 1235.943 -0.993 -0.119 0. -100.665 0. 0. 1. 0.
-0.181 0.984 0. 1235.743 -0.984 -0.181 0. -101.425 0. 0. 1. 0.
-0.247 0.969 0. 1235.489 -0.969 -0.247 0. -102.264 0. 0. 1. 0.
-0.313 0.950 0. 1235.136 -0.950 -0.313 0. -103.051 0. 0. 1. 0.
-0.378 0.926 0. 1234.684 -0.926 -0.378 0. -103.865 0. 0. 1. 0.
-0.439 0.898 0. 1234.213 -0.898 -0.439 0. -104.678 0. 0. 1. 0.
-0.497 0.868 0. 1233.747 -0.868 -0.497 0. -105.524 0. 0. 1. 0.
-0.548 0.836 0. 1233.069 -0.836 -0.548 0. -106.359 0. 0. 1. 0.
-0.590 0.808 0. 1232.402 -0.808 -0.590 0. -107.165 0. 0. 1. 0.
-0.618 0.786 0. 1231.651 -0.786 -0.618 0. -108.000 0. 0. 1. 0.
-0.637 0.771 0. 1230.878 -0.771 -0.637 0. -108.872 0. 0. 1. 0.
-0.649 0.761 0. 1230.106 -0.761 -0.649 0. -109.793 0. 0. 1. 0.
-0.658 0.753 0. 1229.233 -0.753 -0.658 0. -110.786 0. 0. 1. 0.
-0.667 0.745 0. 1228.393 -0.745 -0.667 0. -111.747 0. 0. 1. 0.
-0.675 0.738 0. 1227.408 -0.738 -0.675 0. -112.753 0. 0. 1. 0.
-0.684 0.730 0. 1226.436 -0.730 -0.684 0. -113.705 0. 0. 1. 0.
-0.682 0.731 0. 1225.425 -0.731 -0.682 0. -114.831 0. 0. 1. 0.
-0.677 0.736 0. 1224.428 -0.736 -0.677 0. -116.000 0. 0. 1. 0.
-0.674 0.738 0. 1223.329 -0.738 -0.674 0. -117.149 0. 0. 1. 0.
-0.673 0.739 0. 1222.244 -0.739 -0.673 0. -118.393 0. 0. 1. 0.
-0.670 0.742 0. 1221.104 -0.742 -0.670 0. -119.683 0. 0. 1. 0.
-0.670 0.742 0. 1219.870 -0.742 -0.670 0. -120.964 0. 0. 1. 0.
-0.670 0.742 0. 1218.694 -0.742 -0.670 0. -122.300 0. 0. 1. 0.
-0.669 0.743 0. 1217.482 -0.743 -0.669 0. -123.643 0. 0. 1. 0.
-0.668 0.744 0. 1216.220 -0.744 -0.668 0. -125.092 0. 0. 1. 0.
-0.668 0.745 0. 1214.886 -0.745 -0.668 0. -126.507 0. 0. 1. 0.
-0.666 0.746 0. 1213.554 -0.746 -0.666 0. -127.977 0. 0. 1. 0.
-0.665 0.747 0. 1212.180 -0.747 -0.665 0. -129.466 0. 0. 1. 0.
