1634315732639787 0.96098 0.27663 0.00000 6.01299 0.27663 -0.96098 0.00000 1.38836 0.00000 0.00000 -1.00000 0.00000
1634315732888633 0.96098 0.27663 0.00000 6.01299 0.27663 -0.96098 0.00000 1.38831 0.00000 0.00000 -1.00000 0.00000
1634315733137712 0.96098 0.27663 0.00000 6.01295 0.27663 -0.96098 0.00000 1.38836 0.00000 0.00000 -1.00000 0.00000
1634315733386280 0.96098 0.27662 0.00000 6.01297 0.27662 -0.96098 0.00000 1.38825 0.00000 0.00000 -1.00000 0.00000
1634315733634814 0.96098 0.27661 0.00000 6.01299 0.27661 -0.96098 0.00000 1.38819 0.00000 0.00000 -1.00000 0.00000
1634315733883672 0.96099 0.27660 0.00000 6.01303 0.27660 -0.96099 0.00000 1.38812 0.00000 0.00000 -1.00000 0.00000
1634315734132570 0.96099 0.27659 0.00000 6.01300 0.27659 -0.96099 0.00000 1.38813 0.00000 0.00000 -1.00000 0.00000
1634315734381500 0.96098 0.27662 0.00000 6.01296 0.27662 -0.96098 0.00000 1.38827 0.00000 0.00000 -1.00000 0.00000
1634315734630260 0.96098 0.27662 0.00000 6.01297 0.27662 -0.96098 0.00000 1.38825 0.00000 0.00000 -1.00000 0.00000
1634315734879153 0.96098 0.27662 0.00000 6.01298 0.27662 -0.96098 0.00000 1.38826 0.00000 0.00000 -1.00000 0.00000
1634315735128036 0.96098 0.27660 0.00000 6.01302 0.27660 -0.96098 0.00000 1.38817 0.00000 0.00000 -1.00000 0.00000
1634315735376677 0.96099 0.27658 0.00000 6.01302 0.27658 -0.96099 0.00000 1.38801 0.00000 0.00000 -1.00000 0.00000
1634315735625606 0.96099 0.27659 0.00000 6.01301 0.27659 -0.96099 0.00000 1.38806 0.00000 0.00000 -1.00000 0.00000
1634315735874316 0.96100 0.27656 0.00000 6.01307 0.27656 -0.96100 0.00000 1.38791 0.00000 0.00000 -1.00000 0.00000
1634315736123141 0.96099 0.27657 0.00000 6.01307 0.27657 -0.96099 0.00000 1.38795 0.00000 0.00000 -1.00000 0.00000
1634315736371804 0.96099 0.27660 0.00000 6.01301 0.27660 -0.96099 0.00000 1.38812 0.00000 0.00000 -1.00000 0.00000
1634315736620385 0.96098 0.27663 0.00000 6.01294 0.27663 -0.96098 0.00000 1.38834 0.00000 0.00000 -1.00000 0.00000
1634315736869199 0.96098 0.27662 0.00000 6.01298 0.27662 -0.96098 0.00000 1.38826 0.00000 0.00000 -1.00000 0.00000
1634315737117948 0.96097 0.27664 0.00000 6.01298 0.27664 -0.96097 0.00000 1.38835 0.00000 0.00000 -1.00000 0.00000
1634315737366599 0.96096 0.27667 0.00000 6.01291 0.27667 -0.96096 0.00000 1.38861 0.00000 0.00000 -1.00000 0.00000
1634315737615466 0.96097 0.27664 0.00000 6.01295 0.27664 -0.96097 0.00000 1.38835 0.00000 0.00000 -1.00000 0.00000
1634315737864404 0.96098 0.27663 0.00000 6.01297 0.27663 -0.96098 0.00000 1.38832 0.00000 0.00000 -1.00000 0.00000
1634315738113336 0.96098 0.27662 0.00000 6.01299 0.27662 -0.96098 0.00000 1.38823 0.00000 0.00000 -1.00000 0.00000
1634315738362255 0.96098 0.27661 0.00000 6.01300 0.27661 -0.96098 0.00000 1.38823 0.00000 0.00000 -1.00000 0.00000
1634315738611085 0.96099 0.27657 0.00000 6.01307 0.27657 -0.96099 0.00000 1.38793 0.00000 0.00000 -1.00000 0.00000
1634315738859776 0.96099 0.27659 0.00000 6.01302 0.27659 -0.96099 0.00000 1.38808 0.00000 0.00000 -1.00000 0.00000
1634315739108484 0.96098 0.27660 0.00000 6.01299 0.27660 -0.96098 0.00000 1.38820 0.00000 0.00000 -1.00000 0.00000
1634315739357440 0.96098 0.27660 0.00000 6.01299 0.27660 -0.96098 0.00000 1.38814 0.00000 0.00000 -1.00000 0.00000
1634315739606637 0.96098 0.27660 0.00000 6.01299 0.27660 -0.96098 0.00000 1.38818 0.00000 0.00000 -1.00000 0.00000
1634315739855482 0.96099 0.27658 0.00000 6.01304 0.27658 -0.96099 0.00000 1.38804 0.00000 0.00000 -1.00000 0.00000
1634315740104445 0.96099 0.27657 0.00000 6.01307 0.27657 -0.96099 0.00000 1.38795 0.00000 0.00000 -1.00000 0.00000
1634315740353362 0.96100 0.27655 0.00000 6.01308 0.27655 -0.96100 0.00000 1.38789 0.00000 0.00000 -1.00000 0.00000
1634315740602078 0.96097 0.27666 0.00000 6.01315 0.27666 -0.96097 0.00000 1.38852 0.00000 0.00000 -1.00000 0.00000
1634315740850831 0.96097 0.27666 0.00000 6.01413 0.27666 -0.96097 0.00000 1.38847 0.00000 0.00000 -1.00000 0.00000
1634315741099781 0.96099 0.27657 0.00000 6.01241 0.27657 -0.96099 0.00000 1.38721 0.00000 0.00000 -1.00000 0.00000
1634315741348865 0.96100 0.27653 0.00000 6.00092 0.27653 -0.96100 0.00000 1.38633 0.00000 0.00000 -1.00000 0.00000
1634315741597879 0.96093 0.27679 0.00000 5.97263 0.27679 -0.96093 0.00000 1.38638 0.00000 0.00000 -1.00000 0.00000
1634315741846769 0.96087 0.27700 0.00000 5.93875 0.27700 -0.96087 0.00000 1.38642 0.00000 0.00000 -1.00000 0.00000
1634315742095252 0.96093 0.27680 0.00000 5.90189 0.27680 -0.96093 0.00000 1.38330 0.00000 0.00000 -1.00000 0.00000
1634315742344181 0.96095 0.27673 0.00000 5.85747 0.27673 -0.96095 0.00000 1.38097 0.00000 0.00000 -1.00000 0.00000
1634315742593281 0.96098 0.27661 0.00000 5.80569 0.27661 -0.96098 0.00000 1.37832 0.00000 0.00000 -1.00000 0.00000
1634315742842087 0.96109 0.27623 0.00000 5.74776 0.27623 -0.96109 0.00000 1.37306 0.00000 0.00000 -1.00000 0.00000
1634315743091310 0.96124 0.27571 0.00000 5.68463 0.27571 -0.96124 0.00000 1.36765 0.00000 0.00000 -1.00000 0.00000
1634315743340173 0.96157 0.27457 0.00000 5.61687 0.27457 -0.96157 0.00000 1.35774 0.00000 0.00000 -1.00000 0.00000
1634315743589086 0.96211 0.27265 0.00000 5.54472 0.27265 -0.96211 0.00000 1.34324 0.00000 0.00000 -1.00000 0.00000
1634315743837984 0.96298 0.26958 0.00000 5.46932 0.26958 -0.96298 0.00000 1.32154 0.00000 0.00000 -1.00000 0.00000
1634315744086958 0.96421 0.26513 0.00000 5.38978 0.26513 -0.96421 0.00000 1.29118 0.00000 0.00000 -1.00000 0.00000
1634315744335897 0.96565 0.25984 0.00000 5.30578 0.25984 -0.96565 0.00000 1.25625 0.00000 0.00000 -1.00000 0.00000
1634315744584932 0.96719 0.25406 0.00000 5.21603 0.25406 -0.96719 0.00000 1.21899 0.00000 0.00000 -1.00000 0.00000
1634315744833794 0.96874 0.24807 0.00000 5.12049 0.24807 -0.96874 0.00000 1.18086 0.00000 0.00000 -1.00000 0.00000
1634315745082518 0.97039 0.24155 0.00000 5.02045 0.24155 -0.97039 0.00000 1.14024 0.00000 0.00000 -1.00000 0.00000
1634315745331475 0.97204 0.23481 0.00000 4.91733 0.23481 -0.97204 0.00000 1.09806 0.00000 0.00000 -1.00000 0.00000
1634315745580355 0.97394 0.22679 0.00000 4.81133 0.22679 -0.97394 0.00000 1.04890 0.00000 0.00000 -1.00000 0.00000
1634315745829155 0.97619 0.21694 0.00000 4.70129 0.21694 -0.97619 0.00000 0.99245 0.00000 0.00000 -1.00000 0.00000
1634315746077883 0.97868 0.20540 0.00000 4.58456 0.20540 -0.97868 0.00000 0.92960 0.00000 0.00000 -1.00000 0.00000
1634315746326967 0.98141 0.19190 0.00000 4.45801 0.19190 -0.98141 0.00000 0.85617 0.00000 0.00000 -1.00000 0.00000
1634315746575742 0.98424 0.17683 0.00000 4.31919 0.17683 -0.98424 0.00000 0.77740 0.00000 0.00000 -1.00000 0.00000
1634315746824600 0.98721 0.15943 0.00000 4.15939 0.15943 -0.98721 0.00000 0.69115 0.00000 0.00000 -1.00000 0.00000
1634315747073476 0.99007 0.14060 0.00000 3.97204 0.14060 -0.99007 0.00000 0.59848 0.00000 0.00000 -1.00000 0.00000
1634315747322137 0.99277 0.12000 0.00000 3.75870 0.12000 -0.99277 0.00000 0.49817 0.00000 0.00000 -1.00000 0.00000
1634315747571010 0.99523 0.09756 0.00000 3.50376 0.09756 -0.99523 0.00000 0.39565 0.00000 0.00000 -1.00000 0.00000
1634315747819837 0.99721 0.07460 0.00000 3.19904 0.07460 -0.99721 0.00000 0.29593 0.00000 0.00000 -1.00000 0.00000
1634315748068794 0.99868 0.05129 0.00000 2.84480 0.05129 -0.99868 0.00000 0.20469 0.00000 0.00000 -1.00000 0.00000
1634315748317384 0.99960 0.02821 0.00000 2.44258 0.02821 -0.99960 0.00000 0.12138 0.00000 0.00000 -1.00000 0.00000
1634315748566068 0.99998 0.00676 0.00000 1.99450 0.00676 -0.99998 0.00000 0.05174 0.00000 0.00000 -1.00000 0.00000
1634315748814651 0.99993 -0.01209 0.00000 1.50151 -0.01209 -0.99993 0.00000 0.00479 0.00000 -0.00000 -1.00000 0.00000
1634315749063354 0.99975 -0.02238 0.00000 0.96807 -0.02238 -0.99975 0.00000 -0.03741 0.00000 -0.00000 -1.00000 0.00000
1634315749312127 0.99987 -0.01581 0.00000 0.40708 -0.01581 -0.99987 0.00000 -0.04500 0.00000 -0.00000 -1.00000 0.00000
1634315749560926 0.99999 0.00518 0.00000 -0.18918 0.00518 -0.99999 0.00000 -0.04622 0.00000 0.00000 -1.00000 0.00000
1634315749809917 0.99952 0.03094 0.00000 -0.83569 0.03094 -0.99952 0.00000 -0.04893 0.00000 0.00000 -1.00000 0.00000
1634315750058533 0.99814 0.06099 0.00000 -1.53821 0.06099 -0.99814 0.00000 -0.06559 0.00000 0.00000 -1.00000 0.00000
1634315750307399 0.99586 0.09086 0.00000 -2.30238 0.09086 -0.99586 0.00000 -0.13572 0.00000 0.00000 -1.00000 0.00000
1634315750556726 0.99396 0.10971 0.00000 -3.13962 0.10971 -0.99396 0.00000 -0.16790 0.00000 0.00000 -1.00000 0.00000
1634315750805764 0.99300 0.11815 0.00000 -4.04755 0.11815 -0.99300 0.00000 -0.20124 0.00000 0.00000 -1.00000 0.00000
1634315751054621 0.99187 0.12728 0.00000 -5.00398 0.12728 -0.99187 0.00000 -0.25864 0.00000 0.00000 -1.00000 0.00000
1634315751303669 0.99059 0.13684 0.00000 -6.01826 0.13684 -0.99059 0.00000 -0.30678 0.00000 0.00000 -1.00000 0.00000
1634315751552351 0.98925 0.14620 0.00000 -7.09566 0.14620 -0.98925 0.00000 -0.38794 0.00000 0.00000 -1.00000 0.00000
1634315751800998 0.98774 0.15613 0.00000 -8.21699 0.15613 -0.98774 0.00000 -0.46058 0.00000 0.00000 -1.00000 0.00000
1634315752049729 0.98582 0.16780 0.00000 -9.36360 0.16780 -0.98582 0.00000 -0.58161 0.00000 0.00000 -1.00000 0.00000
1634315752298506 0.98384 0.17906 0.00000 -10.54142 0.17906 -0.98384 0.00000 -0.70587 0.00000 0.00000 -1.00000 0.00000
1634315752546948 0.98204 0.18865 0.00000 -11.77489 0.18865 -0.98204 0.00000 -0.82894 0.00000 0.00000 -1.00000 0.00000
1634315752795871 0.98076 0.19523 0.00000 -13.08799 0.19523 -0.98076 0.00000 -0.92316 0.00000 0.00000 -1.00000 0.00000
1634315753044838 0.98062 0.19591 0.00000 -14.40035 0.19591 -0.98062 0.00000 -0.96232 0.00000 0.00000 -1.00000 0.00000
1634315753293804 0.98161 0.19089 0.00000 -15.78663 0.19089 -0.98161 0.00000 -0.92261 0.00000 0.00000 -1.00000 0.00000
1634315753542471 0.98181 0.18989 0.00000 -17.23785 0.18989 -0.98181 0.00000 -0.93706 0.00000 0.00000 -1.00000 0.00000
1634315753791544 0.98090 0.19452 0.00000 -18.66528 0.19452 -0.98090 0.00000 -1.06135 0.00000 0.00000 -1.00000 0.00000
1634315754040265 0.98019 0.19808 0.00000 -20.13370 0.19808 -0.98019 0.00000 -1.14782 0.00000 0.00000 -1.00000 0.00000
1634315754289231 0.97964 0.20076 0.00000 -21.61785 0.20076 -0.97964 0.00000 -1.23379 0.00000 0.00000 -1.00000 0.00000
1634315754538018 0.97953 0.20131 0.00000 -23.11866 0.20131 -0.97953 0.00000 -1.28026 0.00000 0.00000 -1.00000 0.00000
1634315754786740 0.97951 0.20138 0.00000 -24.63911 0.20138 -0.97951 0.00000 -1.30915 0.00000 0.00000 -1.00000 0.00000
1634315755035496 0.98008 0.19860 0.00000 -26.18946 0.19860 -0.98008 0.00000 -1.28159 0.00000 0.00000 -1.00000 0.00000
1634315755284370 0.98208 0.18847 0.00000 -27.77278 0.18847 -0.98208 0.00000 -1.02972 0.00000 0.00000 -1.00000 0.00000
1634315755533309 0.98390 0.17874 0.00000 -29.35766 0.17874 -0.98390 0.00000 -0.78789 0.00000 0.00000 -1.00000 0.00000
1634315755781950 0.98494 0.17290 0.00000 -30.98767 0.17290 -0.98494 0.00000 -0.65467 0.00000 0.00000 -1.00000 0.00000
1634315756031049 0.98447 0.17555 0.00000 -32.57060 0.17555 -0.98447 0.00000 -0.76694 0.00000 0.00000 -1.00000 0.00000
1634315756280010 0.98292 0.18401 0.00000 -34.16981 0.18401 -0.98292 0.00000 -1.09517 0.00000 0.00000 -1.00000 0.00000
1634315756529195 0.98185 0.18965 0.00000 -35.85426 0.18965 -0.98185 0.00000 -1.27852 0.00000 0.00000 -1.00000 0.00000
1634315756778482 0.97962 0.20087 0.00000 -37.49211 0.20087 -0.97962 0.00000 -1.77823 0.00000 0.00000 -1.00000 0.00000
1634315757027625 0.97857 0.20591 0.00000 -39.16793 0.20591 -0.97857 0.00000 -1.98089 0.00000 0.00000 -1.00000 0.00000
1634315757276742 0.97892 0.20422 0.00000 -40.92588 0.20422 -0.97892 0.00000 -1.95968 0.00000 0.00000 -1.00000 0.00000
1634315757525413 0.97905 0.20361 0.00000 -42.68890 0.20361 -0.97905 0.00000 -1.96512 0.00000 0.00000 -1.00000 0.00000
1634315757774473 0.97892 0.20426 0.00000 -44.46378 0.20426 -0.97892 0.00000 -2.03360 0.00000 0.00000 -1.00000 0.00000
1634315758023077 0.97755 0.21069 0.00000 -46.25517 0.21069 -0.97755 0.00000 -2.37866 0.00000 0.00000 -1.00000 0.00000
1634315758272062 0.97478 0.22317 0.00000 -48.04309 0.22317 -0.97478 0.00000 -3.00678 0.00000 0.00000 -1.00000 0.00000
1634315758521117 0.97153 0.23692 0.00000 -49.84264 0.23692 -0.97153 0.00000 -3.72649 0.00000 0.00000 -1.00000 0.00000
1634315758770431 0.96898 0.24716 0.00000 -51.69371 0.24716 -0.96898 0.00000 -4.31920 0.00000 0.00000 -1.00000 0.00000
1634315759019682 0.96689 0.25521 0.00000 -53.53078 0.25521 -0.96689 0.00000 -4.78650 0.00000 0.00000 -1.00000 0.00000
1634315759268471 0.96581 0.25923 0.00000 -55.42421 0.25923 -0.96581 0.00000 -5.06648 0.00000 0.00000 -1.00000 0.00000
1634315759517194 0.96449 0.26410 0.00000 -57.34874 0.26410 -0.96449 0.00000 -5.39620 0.00000 0.00000 -1.00000 0.00000
1634315759766582 0.96326 0.26858 0.00000 -59.27799 0.26858 -0.96326 0.00000 -5.71791 0.00000 0.00000 -1.00000 0.00000
1634315760015295 0.96229 0.27202 0.00000 -61.23717 0.27202 -0.96229 0.00000 -5.97695 0.00000 0.00000 -1.00000 0.00000
1634315760264208 0.96207 0.27280 0.00000 -63.22572 0.27280 -0.96207 0.00000 -6.05872 0.00000 0.00000 -1.00000 0.00000
1634315760513237 0.96179 0.27380 0.00000 -65.23723 0.27380 -0.96179 0.00000 -6.15562 0.00000 0.00000 -1.00000 0.00000
1634315760762115 0.96190 0.27341 0.00000 -67.25511 0.27341 -0.96190 0.00000 -6.16616 0.00000 0.00000 -1.00000 0.00000
1634315761011060 0.96173 0.27399 0.00000 -69.28027 0.27399 -0.96173 0.00000 -6.25416 0.00000 0.00000 -1.00000 0.00000
1634315761259823 0.96351 0.26768 0.00000 -71.35332 0.26768 -0.96351 0.00000 -5.82530 0.00000 0.00000 -1.00000 0.00000
1634315761508919 0.96799 0.25098 0.00000 -73.47294 0.25098 -0.96799 0.00000 -4.61503 0.00000 0.00000 -1.00000 0.00000
1634315761757812 0.97349 0.22872 0.00000 -75.58115 0.22872 -0.97349 0.00000 -2.96187 0.00000 0.00000 -1.00000 0.00000
1634315762006726 0.97848 0.20635 0.00000 -77.63915 0.20635 -0.97848 0.00000 -1.24318 0.00000 0.00000 -1.00000 0.00000
1634315762255953 0.98426 0.17671 0.00000 -79.63206 0.17671 -0.98426 0.00000 1.08407 0.00000 0.00000 -1.00000 0.00000
1634315762505136 0.98985 0.14210 0.00000 -81.55528 0.14210 -0.98985 0.00000 3.86503 0.00000 0.00000 -1.00000 0.00000
1634315762754628 0.99501 0.09975 0.00000 -83.30915 0.09975 -0.99501 0.00000 7.32499 0.00000 0.00000 -1.00000 0.00000
1634315763003758 0.99848 0.05517 0.00000 -84.85705 0.05517 -0.99848 0.00000 11.03727 0.00000 0.00000 -1.00000 0.00000
1634315763252887 0.99998 0.00551 0.00000 -86.17881 0.00551 -0.99998 0.00000 15.22783 0.00000 0.00000 -1.00000 0.00000
1634315763501609 0.99891 -0.04676 0.00000 -87.22923 -0.04676 -0.99891 0.00000 19.70795 0.00000 -0.00000 -1.00000 0.00000
1634315763750598 0.99452 -0.10451 0.00000 -87.88886 -0.10451 -0.99452 0.00000 24.72120 0.00000 -0.00000 -1.00000 0.00000
1634315764000031 0.98612 -0.16604 0.00000 -88.09755 -0.16604 -0.98612 0.00000 30.12892 0.00000 -0.00000 -1.00000 0.00000
1634315764248636 0.97328 -0.22963 0.00000 -87.88449 -0.22963 -0.97328 0.00000 35.77652 0.00000 -0.00000 -1.00000 0.00000
1634315764497431 0.95789 -0.28715 0.00000 -87.49723 -0.28715 -0.95789 0.00000 40.93145 0.00000 -0.00000 -1.00000 0.00000
1634315764745873 0.94240 -0.33450 0.00000 -87.25569 -0.33450 -0.94240 0.00000 45.21628 0.00000 -0.00000 -1.00000 0.00000
1634315764994654 0.92757 -0.37366 0.00000 -87.17161 -0.37366 -0.92757 0.00000 48.82900 0.00000 -0.00000 -1.00000 0.00000
1634315765243648 0.90672 -0.42174 0.00000 -86.40399 -0.42174 -0.90672 0.00000 53.33826 0.00000 -0.00000 -1.00000 0.00000
1634315765493180 0.87942 -0.47606 0.00000 -84.86623 -0.47606 -0.87942 0.00000 58.48345 0.00000 -0.00000 -1.00000 0.00000
1634315765742254 0.84848 -0.52922 0.00000 -82.94575 -0.52922 -0.84848 0.00000 63.57770 0.00000 -0.00000 -1.00000 0.00000
1634315765991286 0.81263 -0.58277 0.00000 -80.52329 -0.58277 -0.81263 0.00000 68.78076 0.00000 -0.00000 -1.00000 0.00000
1634315766240314 0.77375 -0.63349 0.00000 -77.78466 -0.63349 -0.77375 0.00000 73.79681 0.00000 -0.00000 -1.00000 0.00000
1634315766489173 0.73059 -0.68282 0.00000 -74.57170 -0.68282 -0.73059 0.00000 78.72131 0.00000 -0.00000 -1.00000 0.00000
1634315766737742 0.68853 -0.72521 0.00000 -71.54010 -0.72521 -0.68853 0.00000 83.01368 0.00000 -0.00000 -1.00000 0.00000
1634315766986696 0.65030 -0.75968 0.00000 -68.94456 -0.75968 -0.65030 0.00000 86.55923 0.00000 -0.00000 -1.00000 0.00000
1634315767235611 0.61727 -0.78675 0.00000 -66.94843 -0.78675 -0.61727 0.00000 89.39854 0.00000 -0.00000 -1.00000 0.00000
1634315767484639 0.59155 -0.80627 0.00000 -65.80979 -0.80627 -0.59155 0.00000 91.49889 0.00000 -0.00000 -1.00000 0.00000
1634315767733285 0.57377 -0.81902 0.00000 -65.60436 -0.81902 -0.57377 0.00000 92.89704 0.00000 -0.00000 -1.00000 0.00000
1634315767982038 0.56341 -0.82618 0.00000 -66.26774 -0.82618 -0.56341 0.00000 93.70990 0.00000 -0.00000 -1.00000 0.00000
1634315768230931 0.55832 -0.82963 0.00000 -67.53195 -0.82963 -0.55832 0.00000 94.08616 0.00000 -0.00000 -1.00000 0.00000
1634315768479480 0.55960 -0.82876 0.00000 -69.51343 -0.82876 -0.55960 0.00000 93.94548 0.00000 -0.00000 -1.00000 0.00000
1634315768728517 0.56362 -0.82603 0.00000 -71.80003 -0.82603 -0.56362 0.00000 93.56451 0.00000 -0.00000 -1.00000 0.00000
1634315768977160 0.57087 -0.82104 0.00000 -74.43960 -0.82104 -0.57087 0.00000 92.88071 0.00000 -0.00000 -1.00000 0.00000
1634315769226125 0.58196 -0.81322 0.00000 -77.45380 -0.81322 -0.58196 0.00000 91.81851 0.00000 -0.00000 -1.00000 0.00000
1634315769475030 0.59402 -0.80445 0.00000 -80.51444 -0.80445 -0.59402 0.00000 90.61054 0.00000 -0.00000 -1.00000 0.00000
1634315769723824 0.60928 -0.79296 0.00000 -83.85754 -0.79296 -0.60928 0.00000 89.02408 0.00000 -0.00000 -1.00000 0.00000
1634315769972847 0.62331 -0.78197 0.00000 -86.93540 -0.78197 -0.62331 0.00000 87.47492 0.00000 -0.00000 -1.00000 0.00000
1634315770221448 0.63630 -0.77145 0.00000 -89.80176 -0.77145 -0.63630 0.00000 85.98442 0.00000 -0.00000 -1.00000 0.00000
1634315770470361 0.64794 -0.76169 0.00000 -92.41413 -0.76169 -0.64794 0.00000 84.57736 0.00000 -0.00000 -1.00000 0.00000
1634315770719383 0.65677 -0.75409 0.00000 -94.56516 -0.75409 -0.65677 0.00000 83.47208 0.00000 -0.00000 -1.00000 0.00000
1634315770968588 0.66485 -0.74698 0.00000 -96.47629 -0.74698 -0.66485 0.00000 82.44148 0.00000 -0.00000 -1.00000 0.00000
1634315771217360 0.67128 -0.74120 0.00000 -98.03264 -0.74120 -0.67128 0.00000 81.58015 0.00000 -0.00000 -1.00000 0.00000
1634315771466218 0.67586 -0.73703 0.00000 -99.23821 -0.73703 -0.67586 0.00000 80.95564 0.00000 -0.00000 -1.00000 0.00000
1634315771715373 0.68018 -0.73304 0.00000 -100.26842 -0.73304 -0.68018 0.00000 80.37001 0.00000 -0.00000 -1.00000 0.00000
1634315771964482 0.68324 -0.73019 0.00000 -101.02609 -0.73019 -0.68324 0.00000 79.94106 0.00000 -0.00000 -1.00000 0.00000
1634315772213376 0.68615 -0.72746 0.00000 -101.74202 -0.72746 -0.68615 0.00000 79.53525 0.00000 -0.00000 -1.00000 0.00000
1634315772462121 0.68943 -0.72435 0.00000 -102.50674 -0.72435 -0.68943 0.00000 79.07204 0.00000 -0.00000 -1.00000 0.00000
1634315772710942 0.69292 -0.72102 0.00000 -103.30898 -0.72102 -0.69292 0.00000 78.57001 0.00000 -0.00000 -1.00000 0.00000
1634315772959750 0.69656 -0.71750 0.00000 -104.18565 -0.71750 -0.69656 0.00000 78.02863 0.00000 -0.00000 -1.00000 0.00000
1634315773208564 0.70021 -0.71394 0.00000 -105.15201 -0.71394 -0.70021 0.00000 77.46770 0.00000 -0.00000 -1.00000 0.00000
1634315773457259 0.70686 -0.70735 0.00000 -106.56031 -0.70735 -0.70686 0.00000 76.50458 0.00000 -0.00000 -1.00000 0.00000
1634315773706006 0.71512 -0.69900 0.00000 -108.23658 -0.69900 -0.71512 0.00000 75.21566 0.00000 -0.00000 -1.00000 0.00000
1634315773954605 0.72513 -0.68861 0.00000 -110.21883 -0.68861 -0.72513 0.00000 73.62718 0.00000 -0.00000 -1.00000 0.00000
1634315774203449 0.73322 -0.67999 0.00000 -112.10615 -0.67999 -0.73322 0.00000 72.30899 0.00000 -0.00000 -1.00000 0.00000
1634315774452187 0.74358 -0.66864 0.00000 -114.34979 -0.66864 -0.74358 0.00000 70.54564 0.00000 -0.00000 -1.00000 0.00000
1634315774701029 0.75397 -0.65691 0.00000 -116.71700 -0.65691 -0.75397 0.00000 68.71077 0.00000 -0.00000 -1.00000 0.00000
1634315774949784 0.76475 -0.64433 0.00000 -119.21373 -0.64433 -0.76475 0.00000 66.73364 0.00000 -0.00000 -1.00000 0.00000
1634315775198472 0.77787 -0.62843 0.00000 -122.00844 -0.62843 -0.77787 0.00000 64.23344 0.00000 -0.00000 -1.00000 0.00000
1634315775447323 0.78853 -0.61499 0.00000 -124.58229 -0.61499 -0.78853 0.00000 62.08709 0.00000 -0.00000 -1.00000 0.00000
1634315775696331 0.79472 -0.60698 0.00000 -126.68013 -0.60698 -0.79472 0.00000 60.80077 0.00000 -0.00000 -1.00000 0.00000
1634315775945347 0.79885 -0.60153 0.00000 -128.55110 -0.60153 -0.79885 0.00000 59.88400 0.00000 -0.00000 -1.00000 0.00000
1634315776193974 0.80230 -0.59692 0.00000 -130.35959 -0.59692 -0.80230 0.00000 59.11346 0.00000 -0.00000 -1.00000 0.00000
1634315776442601 0.80605 -0.59185 0.00000 -132.16281 -0.59185 -0.80605 0.00000 58.26406 0.00000 -0.00000 -1.00000 0.00000
1634315776691514 0.80922 -0.58751 0.00000 -133.88512 -0.58751 -0.80922 0.00000 57.51604 0.00000 -0.00000 -1.00000 0.00000
1634315776940397 0.81245 -0.58303 0.00000 -135.59680 -0.58303 -0.81245 0.00000 56.74361 0.00000 -0.00000 -1.00000 0.00000
1634315777189114 0.81690 -0.57678 0.00000 -137.40732 -0.57678 -0.81690 0.00000 55.68457 0.00000 -0.00000 -1.00000 0.00000
1634315777437818 0.82236 -0.56896 0.00000 -139.29847 -0.56896 -0.82236 0.00000 54.33907 0.00000 -0.00000 -1.00000 0.00000
1634315777686589 0.82847 -0.56003 0.00000 -141.22164 -0.56003 -0.82847 0.00000 52.82605 0.00000 -0.00000 -1.00000 0.00000
1634315777935481 0.83651 -0.54795 0.00000 -143.29407 -0.54795 -0.83651 0.00000 50.73215 0.00000 -0.00000 -1.00000 0.00000
1634315778184103 0.84684 -0.53185 0.00000 -145.54419 -0.53185 -0.84684 0.00000 47.95923 0.00000 -0.00000 -1.00000 0.00000
1634315778432584 0.86387 -0.50371 0.00000 -148.31226 -0.50371 -0.86387 0.00000 43.10971 0.00000 -0.00000 -1.00000 0.00000
1634315778681268 0.88706 -0.46165 0.00000 -151.40001 -0.46165 -0.88706 0.00000 35.89827 0.00000 -0.00000 -1.00000 0.00000
1634315778929784 0.91563 -0.40202 0.00000 -154.56792 -0.40202 -0.91563 0.00000 25.79957 0.00000 -0.00000 -1.00000 0.00000
1634315779178477 0.94129 -0.33760 0.00000 -157.10243 -0.33760 -0.94129 0.00000 14.99865 0.00000 -0.00000 -1.00000 0.00000
1634315779426937 0.96340 -0.26807 0.00000 -158.87795 -0.26807 -0.96340 0.00000 3.47748 0.00000 -0.00000 -1.00000 0.00000
1634315779675060 0.98530 -0.17082 0.00000 -159.49955 -0.17082 -0.98530 0.00000 -12.40666 0.00000 -0.00000 -1.00000 0.00000
1634315779923506 0.99887 -0.04757 0.00000 -157.78670 -0.04757 -0.99887 0.00000 -32.06461 0.00000 -0.00000 -1.00000 0.00000
1634315780171904 0.99586 0.09091 0.00000 -152.86252 0.09091 -0.99586 0.00000 -53.58219 0.00000 0.00000 -1.00000 0.00000
1634315780420516 0.97254 0.23276 0.00000 -144.60138 0.23276 -0.97254 0.00000 -74.94808 0.00000 0.00000 -1.00000 0.00000
1634315780669473 0.92943 0.36899 0.00000 -133.42587 0.36899 -0.92943 0.00000 -94.80766 0.00000 0.00000 -1.00000 0.00000
1634315780918375 0.86500 0.50177 0.00000 -118.97578 0.50177 -0.86500 0.00000 -113.43646 0.00000 0.00000 -1.00000 0.00000
1634315781166959 0.77660 0.62999 0.00000 -100.85859 0.62999 -0.77660 0.00000 -130.52442 0.00000 0.00000 -1.00000 0.00000
1634315781415616 0.66923 0.74305 0.00000 -80.26736 0.74305 -0.66923 0.00000 -144.62260 0.00000 0.00000 -1.00000 0.00000
1634315781664393 0.54466 0.83866 0.00000 -57.56069 0.83866 -0.54466 0.00000 -155.40029 0.00000 0.00000 -1.00000 0.00000
1634315781913171 0.40369 0.91490 0.00000 -32.89561 0.91490 -0.40369 0.00000 -162.60071 0.00000 0.00000 -1.00000 0.00000
1634315782161818 0.25024 0.96818 0.00000 -7.03179 0.96818 -0.25024 0.00000 -165.78132 0.00000 0.00000 -1.00000 0.00000
1634315782410614 0.08581 0.99631 0.00000 19.74264 0.99631 -0.08581 0.00000 -164.63478 0.00000 0.00000 -1.00000 0.00000
1634315782659239 -0.08163 0.99666 0.00000 46.05869 0.99666 0.08163 0.00000 -159.02659 0.00000 0.00000 -1.00000 0.00000
1634315782907967 -0.24997 0.96825 0.00000 71.55420 0.96825 0.24997 0.00000 -148.88078 0.00000 0.00000 -1.00000 0.00000
1634315783156719 -0.41462 0.91000 0.00000 95.45793 0.91000 0.41462 0.00000 -134.16034 0.00000 0.00000 -1.00000 0.00000
1634315783405356 -0.56932 0.82211 0.00000 116.78064 0.82211 0.56932 0.00000 -115.11800 0.00000 0.00000 -1.00000 0.00000
1634315783654165 -0.70364 0.71056 0.00000 134.04186 0.71056 0.70364 0.00000 -93.07194 0.00000 0.00000 -1.00000 0.00000
1634315783903146 -0.81468 0.57991 0.00000 146.95498 0.57991 0.81468 0.00000 -68.81034 0.00000 0.00000 -1.00000 0.00000
1634315784152296 -0.89632 0.44341 0.00000 154.96703 0.44341 0.89632 0.00000 -44.65214 0.00000 0.00000 -1.00000 0.00000
1634315784401463 -0.94894 0.31545 0.00000 158.59386 0.31545 0.94894 0.00000 -22.85757 0.00000 0.00000 -1.00000 0.00000
1634315784650396 -0.97752 0.21083 0.00000 159.04879 0.21083 0.97752 0.00000 -5.54230 0.00000 0.00000 -1.00000 0.00000
1634315784899569 -0.99083 0.13514 0.00000 157.85296 0.13514 0.99083 0.00000 6.66654 0.00000 0.00000 -1.00000 0.00000
1634315785148617 -0.99682 0.07973 0.00000 156.06448 0.07973 0.99682 0.00000 15.43288 0.00000 0.00000 -1.00000 0.00000
1634315785397517 -0.99934 0.03636 0.00000 154.06495 0.03636 0.99934 0.00000 22.16446 0.00000 0.00000 -1.00000 0.00000
1634315785646497 -0.99999 0.00460 0.00000 152.06841 0.00460 0.99999 0.00000 27.02501 0.00000 0.00000 -1.00000 0.00000
1634315785895157 -0.99991 -0.01312 -0.00000 150.31946 -0.01312 0.99991 0.00000 29.69803 0.00000 0.00000 -1.00000 0.00000
1634315786143836 -0.99972 -0.02380 -0.00000 148.70855 -0.02380 0.99972 0.00000 31.27723 0.00000 0.00000 -1.00000 0.00000
1634315786392546 -0.99971 -0.02408 -0.00000 147.39366 -0.02408 0.99971 0.00000 31.32291 0.00000 0.00000 -1.00000 0.00000
1634315786641488 -0.99992 -0.01260 -0.00000 146.41766 -0.01260 0.99992 0.00000 29.60556 0.00000 0.00000 -1.00000 0.00000
1634315786890396 -0.99999 0.00543 0.00000 145.56345 0.00543 0.99999 0.00000 26.94070 0.00000 0.00000 -1.00000 0.00000
1634315787139132 -0.99963 0.02717 0.00000 144.71546 0.02717 0.99963 0.00000 23.74089 0.00000 0.00000 -1.00000 0.00000
1634315787387991 -0.99848 0.05518 0.00000 143.91168 0.05518 0.99848 0.00000 19.64552 0.00000 0.00000 -1.00000 0.00000
1634315787636929 -0.99562 0.09349 0.00000 143.11855 0.09349 0.99562 0.00000 14.08487 0.00000 0.00000 -1.00000 0.00000
1634315787886022 -0.98980 0.14249 0.00000 142.16644 0.14249 0.98980 0.00000 6.98982 0.00000 0.00000 -1.00000 0.00000
1634315788135037 -0.97961 0.20093 0.00000 140.83778 0.20093 0.97961 0.00000 -1.47432 0.00000 0.00000 -1.00000 0.00000
1634315788383862 -0.96425 0.26499 0.00000 138.91009 0.26499 0.96425 0.00000 -10.75946 0.00000 0.00000 -1.00000 0.00000
1634315788632594 -0.94324 0.33212 0.00000 136.26027 0.33212 0.94324 0.00000 -20.50577 0.00000 0.00000 -1.00000 0.00000
1634315788881763 -0.91605 0.40106 0.00000 132.83676 0.40106 0.91605 0.00000 -30.56787 0.00000 0.00000 -1.00000 0.00000
1634315789130325 -0.88429 0.46693 0.00000 128.67687 0.46693 0.88429 0.00000 -40.20517 0.00000 0.00000 -1.00000 0.00000
1634315789379187 -0.84730 0.53111 0.00000 123.74511 0.53111 0.84730 0.00000 -49.63665 0.00000 0.00000 -1.00000 0.00000
1634315789628148 -0.80564 0.59241 0.00000 118.09415 0.59241 0.80564 0.00000 -58.67517 0.00000 0.00000 -1.00000 0.00000
1634315789876888 -0.76293 0.64649 0.00000 112.07408 0.64649 0.76293 0.00000 -66.67910 0.00000 0.00000 -1.00000 0.00000
1634315790125708 -0.72163 0.69228 0.00000 105.98155 0.69228 0.72163 0.00000 -73.48744 0.00000 0.00000 -1.00000 0.00000
1634315790374169 -0.68228 0.73110 0.00000 99.95731 0.73110 0.68228 0.00000 -79.24834 0.00000 0.00000 -1.00000 0.00000
1634315790623143 -0.64022 0.76819 0.00000 93.49967 0.76819 0.64022 0.00000 -84.74876 0.00000 0.00000 -1.00000 0.00000
1634315790871867 -0.59912 0.80066 0.00000 87.04065 0.80066 0.59912 0.00000 -89.56050 0.00000 0.00000 -1.00000 0.00000
1634315791120414 -0.56509 0.82503 0.00000 81.32615 0.82503 0.56509 0.00000 -93.16675 0.00000 0.00000 -1.00000 0.00000
1634315791369087 -0.53840 0.84269 0.00000 76.43997 0.84269 0.53840 0.00000 -95.72980 0.00000 0.00000 -1.00000 0.00000
1634315791617681 -0.51880 0.85489 0.00000 72.33041 0.85489 0.51880 0.00000 -97.50386 0.00000 0.00000 -1.00000 0.00000
1634315791866360 -0.50421 0.86358 0.00000 68.78664 0.86358 0.50421 0.00000 -98.74141 0.00000 0.00000 -1.00000 0.00000
1634315792115175 -0.49392 0.86951 0.00000 65.75935 0.86951 0.49392 0.00000 -99.59681 0.00000 0.00000 -1.00000 0.00000
1634315792363666 -0.49899 0.86661 0.00000 64.48889 0.86661 0.49899 0.00000 -99.27283 0.00000 0.00000 -1.00000 0.00000
1634315792612063 -0.51407 0.85775 0.00000 64.39078 0.85775 0.51407 0.00000 -98.17804 0.00000 0.00000 -1.00000 0.00000
1634315792860766 -0.52573 0.85065 0.00000 63.90770 0.85065 0.52573 0.00000 -97.32304 0.00000 0.00000 -1.00000 0.00000
1634315793109714 -0.52914 0.84853 0.00000 62.49122 0.84853 0.52914 0.00000 -97.10552 0.00000 0.00000 -1.00000 0.00000
1634315793358428 -0.54219 0.84026 0.00000 62.19044 0.84026 0.54219 0.00000 -96.18765 0.00000 0.00000 -1.00000 0.00000
1634315793607351 -0.55885 0.82927 0.00000 62.32190 0.82927 0.55885 0.00000 -94.96228 0.00000 0.00000 -1.00000 0.00000
1634315793855966 -0.57965 0.81486 0.00000 62.93488 0.81486 0.57965 0.00000 -93.41215 0.00000 0.00000 -1.00000 0.00000
1634315794104603 -0.60366 0.79724 0.00000 63.93101 0.79724 0.60366 0.00000 -91.55001 0.00000 0.00000 -1.00000 0.00000
1634315794353045 -0.63262 0.77446 0.00000 65.51238 0.77446 0.63262 0.00000 -89.19557 0.00000 0.00000 -1.00000 0.00000
1634315794601428 -0.67129 0.74119 0.00000 68.22759 0.74119 0.67129 0.00000 -85.81632 0.00000 0.00000 -1.00000 0.00000
1634315794850334 -0.71352 0.70064 0.00000 71.41223 0.70064 0.71352 0.00000 -81.72734 0.00000 0.00000 -1.00000 0.00000
1634315795098872 -0.75568 0.65495 0.00000 74.57352 0.65495 0.75568 0.00000 -77.20708 0.00000 0.00000 -1.00000 0.00000
1634315795347214 -0.80458 0.59385 0.00000 78.55868 0.59385 0.80458 0.00000 -71.23444 0.00000 0.00000 -1.00000 0.00000
1634315795596049 -0.84997 0.52683 0.00000 82.23470 0.52683 0.84997 0.00000 -64.72196 0.00000 0.00000 -1.00000 0.00000
1634315795845170 -0.89069 0.45462 0.00000 85.47184 0.45462 0.89069 0.00000 -57.79452 0.00000 0.00000 -1.00000 0.00000
1634315796093920 -0.92550 0.37875 0.00000 88.16314 0.37875 0.92550 0.00000 -50.54643 0.00000 0.00000 -1.00000 0.00000
1634315796342817 -0.95393 0.30003 0.00000 90.25989 0.30003 0.95393 0.00000 -43.07499 0.00000 0.00000 -1.00000 0.00000
1634315796591671 -0.97448 0.22446 0.00000 91.54405 0.22446 0.97448 0.00000 -35.95405 0.00000 0.00000 -1.00000 0.00000
1634315796840348 -0.98764 0.15675 0.00000 91.97042 0.15675 0.98764 0.00000 -29.60000 0.00000 0.00000 -1.00000 0.00000
1634315797089045 -0.99452 0.10457 0.00000 91.52150 0.10457 0.99452 0.00000 -24.78092 0.00000 0.00000 -1.00000 0.00000
1634315797337393 -0.99873 0.05032 0.00000 90.80380 0.05032 0.99873 0.00000 -19.83425 0.00000 0.00000 -1.00000 0.00000
1634315797586088 -1.00000 -0.00121 -0.00000 89.77284 -0.00121 1.00000 0.00000 -15.19809 0.00000 0.00000 -1.00000 0.00000
1634315797834786 -0.99893 -0.04634 -0.00000 88.39882 -0.04634 0.99893 0.00000 -11.18724 0.00000 0.00000 -1.00000 0.00000
1634315798083487 -0.99653 -0.08327 -0.00000 86.78579 -0.08327 0.99653 0.00000 -7.96830 0.00000 0.00000 -1.00000 0.00000
1634315798332508 -0.99364 -0.11259 -0.00000 85.00452 -0.11259 0.99364 0.00000 -5.46444 0.00000 0.00000 -1.00000 0.00000
1634315798581371 -0.99069 -0.13615 -0.00000 83.09754 -0.13615 0.99069 0.00000 -3.49046 0.00000 0.00000 -1.00000 0.00000
1634315798830157 -0.98743 -0.15804 -0.00000 81.07939 -0.15804 0.98743 0.00000 -1.71016 0.00000 0.00000 -1.00000 0.00000
1634315799078991 -0.98346 -0.18113 -0.00000 78.97927 -0.18113 0.98346 0.00000 0.11472 0.00000 0.00000 -1.00000 0.00000
1634315799327729 -0.97903 -0.20373 -0.00000 76.80237 -0.20373 0.97903 0.00000 1.88944 0.00000 0.00000 -1.00000 0.00000
1634315799576800 -0.97454 -0.22420 -0.00000 74.57365 -0.22420 0.97454 0.00000 3.44274 0.00000 0.00000 -1.00000 0.00000
1634315799826040 -0.96970 -0.24428 -0.00000 72.30249 -0.24428 0.96970 0.00000 4.92526 0.00000 0.00000 -1.00000 0.00000
1634315800074999 -0.96519 -0.26155 -0.00000 70.03123 -0.26155 0.96519 0.00000 6.16599 0.00000 0.00000 -1.00000 0.00000
1634315800323966 -0.96225 -0.27218 -0.00000 67.79654 -0.27218 0.96225 0.00000 6.88220 0.00000 0.00000 -1.00000 0.00000
1634315800573025 -0.96120 -0.27586 -0.00000 65.60654 -0.27586 0.96120 0.00000 7.09524 0.00000 0.00000 -1.00000 0.00000
1634315800822129 -0.96250 -0.27129 -0.00000 63.45511 -0.27129 0.96250 0.00000 6.73970 0.00000 0.00000 -1.00000 0.00000
1634315801070966 -0.96325 -0.26861 -0.00000 61.28185 -0.26861 0.96325 0.00000 6.52079 0.00000 0.00000 -1.00000 0.00000
1634315801319679 -0.96373 -0.26687 -0.00000 59.06141 -0.26687 0.96373 0.00000 6.36678 0.00000 0.00000 -1.00000 0.00000
1634315801568739 -0.96300 -0.26949 -0.00000 56.79222 -0.26949 0.96300 0.00000 6.46398 0.00000 0.00000 -1.00000 0.00000
1634315801817408 -0.96203 -0.27293 -0.00000 54.48080 -0.27293 0.96203 0.00000 6.60494 0.00000 0.00000 -1.00000 0.00000
1634315802066297 -0.96215 -0.27252 -0.00000 52.20463 -0.27252 0.96215 0.00000 6.53749 0.00000 0.00000 -1.00000 0.00000
1634315802315109 -0.96347 -0.26782 -0.00000 49.95070 -0.26782 0.96347 0.00000 6.24850 0.00000 0.00000 -1.00000 0.00000
1634315802563828 -0.96525 -0.26133 -0.00000 47.70876 -0.26133 0.96525 0.00000 5.89522 0.00000 0.00000 -1.00000 0.00000
1634315802812299 -0.96686 -0.25530 -0.00000 45.48622 -0.25530 0.96686 0.00000 5.55075 0.00000 0.00000 -1.00000 0.00000
1634315803061146 -0.96911 -0.24665 -0.00000 43.27976 -0.24665 0.96911 0.00000 5.10721 0.00000 0.00000 -1.00000 0.00000
1634315803310359 -0.97293 -0.23110 -0.00000 41.11068 -0.23110 0.97293 0.00000 4.38914 0.00000 0.00000 -1.00000 0.00000
1634315803559465 -0.97638 -0.21608 -0.00000 38.94426 -0.21608 0.97638 0.00000 3.73556 0.00000 0.00000 -1.00000 0.00000
1634315803808624 -0.97883 -0.20470 -0.00000 36.81237 -0.20470 0.97883 0.00000 3.23614 0.00000 0.00000 -1.00000 0.00000
1634315804057574 -0.98090 -0.19452 -0.00000 34.64173 -0.19452 0.98090 0.00000 2.79943 0.00000 0.00000 -1.00000 0.00000
1634315804306616 -0.98244 -0.18656 -0.00000 32.50277 -0.18656 0.98244 0.00000 2.47029 0.00000 0.00000 -1.00000 0.00000
1634315804555718 -0.98335 -0.18170 -0.00000 30.38350 -0.18170 0.98335 0.00000 2.26038 0.00000 0.00000 -1.00000 0.00000
1634315804804572 -0.98338 -0.18157 -0.00000 28.22852 -0.18157 0.98338 0.00000 2.20075 0.00000 0.00000 -1.00000 0.00000
1634315805053288 -0.98318 -0.18263 -0.00000 26.15039 -0.18263 0.98318 0.00000 2.17632 0.00000 0.00000 -1.00000 0.00000
1634315805301909 -0.98334 -0.18176 -0.00000 24.04553 -0.18176 0.98334 0.00000 2.10721 0.00000 0.00000 -1.00000 0.00000
1634315805550806 -0.98338 -0.18154 -0.00000 21.94246 -0.18154 0.98338 0.00000 2.04319 0.00000 0.00000 -1.00000 0.00000
1634315805799725 -0.98394 -0.17849 -0.00000 19.84369 -0.17849 0.98394 0.00000 1.92816 0.00000 0.00000 -1.00000 0.00000
1634315806048626 -0.98507 -0.17214 -0.00000 17.77519 -0.17214 0.98507 0.00000 1.76900 0.00000 0.00000 -1.00000 0.00000
1634315806297776 -0.98593 -0.16715 -0.00000 15.75293 -0.16715 0.98593 0.00000 1.64515 0.00000 0.00000 -1.00000 0.00000
1634315806546828 -0.98644 -0.16409 -0.00000 13.82156 -0.16409 0.98644 0.00000 1.57703 0.00000 0.00000 -1.00000 0.00000
1634315806795655 -0.98692 -0.16123 -0.00000 11.97106 -0.16123 0.98692 0.00000 1.50238 0.00000 0.00000 -1.00000 0.00000
1634315807044493 -0.98703 -0.16053 -0.00000 10.17807 -0.16053 0.98703 0.00000 1.47196 0.00000 0.00000 -1.00000 0.00000
1634315807293162 -0.98716 -0.15973 -0.00000 8.49131 -0.15973 0.98716 0.00000 1.43818 0.00000 0.00000 -1.00000 0.00000
1634315807541639 -0.98711 -0.16007 -0.00000 6.81589 -0.16007 0.98711 0.00000 1.41475 0.00000 0.00000 -1.00000 0.00000
1634315807790807 -0.98725 -0.15915 -0.00000 5.17766 -0.15915 0.98725 0.00000 1.37461 0.00000 0.00000 -1.00000 0.00000
1634315808039814 -0.98733 -0.15867 -0.00000 3.53239 -0.15867 0.98733 0.00000 1.34273 0.00000 0.00000 -1.00000 0.00000
1634315808288650 -0.98734 -0.15862 -0.00000 1.88499 -0.15862 0.98734 0.00000 1.32949 0.00000 0.00000 -1.00000 0.00000
1634315808537374 -0.98743 -0.15805 -0.00000 0.26381 -0.15805 0.98743 0.00000 1.30932 0.00000 0.00000 -1.00000 0.00000
1634315808786135 -0.98800 -0.15442 -0.00000 -1.35075 -0.15442 0.98800 0.00000 1.28206 0.00000 0.00000 -1.00000 0.00000
1634315809034821 -0.98857 -0.15077 -0.00000 -2.97800 -0.15077 0.98857 0.00000 1.26324 0.00000 0.00000 -1.00000 0.00000
1634315809283778 -0.98925 -0.14621 -0.00000 -4.58298 -0.14621 0.98925 0.00000 1.23589 0.00000 0.00000 -1.00000 0.00000
1634315809532263 -0.98986 -0.14206 -0.00000 -6.18321 -0.14206 0.98986 0.00000 1.23687 0.00000 0.00000 -1.00000 0.00000
1634315809781244 -0.99020 -0.13968 -0.00000 -7.78703 -0.13968 0.99020 0.00000 1.19901 0.00000 0.00000 -1.00000 0.00000
1634315810030375 -0.98959 -0.14392 -0.00000 -9.40461 -0.14392 0.98959 0.00000 1.13926 0.00000 0.00000 -1.00000 0.00000
1634315810279236 -0.98789 -0.15518 -0.00000 -11.00008 -0.15518 0.98789 0.00000 1.01886 0.00000 0.00000 -1.00000 0.00000
1634315810528146 -0.98555 -0.16937 -0.00000 -12.40190 -0.16937 0.98555 0.00000 0.82527 0.00000 0.00000 -1.00000 0.00000
1634315810776612 -0.98296 -0.18383 -0.00000 -13.73012 -0.18383 0.98296 0.00000 0.63931 0.00000 0.00000 -1.00000 0.00000
1634315811025587 -0.98026 -0.19773 -0.00000 -14.92968 -0.19773 0.98026 0.00000 0.40004 0.00000 0.00000 -1.00000 0.00000
1634315811274751 -0.97779 -0.20959 -0.00000 -15.92875 -0.20959 0.97779 0.00000 0.20583 0.00000 0.00000 -1.00000 0.00000
1634315811523542 -0.97504 -0.22203 -0.00000 -16.75037 -0.22203 0.97504 0.00000 -0.02020 0.00000 0.00000 -1.00000 0.00000
1634315811772648 -0.97330 -0.22953 -0.00000 -17.39998 -0.22953 0.97330 0.00000 -0.16224 0.00000 0.00000 -1.00000 0.00000
1634315812021701 -0.97176 -0.23596 -0.00000 -17.87065 -0.23596 0.97176 0.00000 -0.27475 0.00000 0.00000 -1.00000 0.00000
1634315812270819 -0.97037 -0.24161 -0.00000 -18.22033 -0.24161 0.97037 0.00000 -0.38457 0.00000 0.00000 -1.00000 0.00000
1634315812519591 -0.96917 -0.24639 -0.00000 -18.56946 -0.24639 0.96917 0.00000 -0.48431 0.00000 0.00000 -1.00000 0.00000
1634315812768323 -0.96782 -0.25165 -0.00000 -18.95104 -0.25165 0.96782 0.00000 -0.59414 0.00000 0.00000 -1.00000 0.00000
1634315813017019 -0.96633 -0.25731 -0.00000 -19.36569 -0.25731 0.96633 0.00000 -0.70808 0.00000 0.00000 -1.00000 0.00000
1634315813265666 -0.96525 -0.26134 -0.00000 -19.87406 -0.26134 0.96525 0.00000 -0.80017 0.00000 0.00000 -1.00000 0.00000
1634315813514482 -0.96573 -0.25955 -0.00000 -20.53357 -0.25955 0.96573 0.00000 -0.77639 0.00000 0.00000 -1.00000 0.00000
1634315813762701 -0.96615 -0.25798 -0.00000 -21.32115 -0.25798 0.96615 0.00000 -0.76851 0.00000 0.00000 -1.00000 0.00000
1634315814011033 -0.96713 -0.25429 -0.00000 -22.24646 -0.25429 0.96713 0.00000 -0.71127 0.00000 0.00000 -1.00000 0.00000
1634315814259452 -0.96756 -0.25266 -0.00000 -23.31496 -0.25266 0.96756 0.00000 -0.69400 0.00000 0.00000 -1.00000 0.00000
1634315814507875 -0.96813 -0.25043 -0.00000 -24.53543 -0.25043 0.96813 0.00000 -0.67075 0.00000 0.00000 -1.00000 0.00000
1634315814756417 -0.96892 -0.24737 -0.00000 -25.88652 -0.24737 0.96892 0.00000 -0.63171 0.00000 0.00000 -1.00000 0.00000
1634315815005064 -0.96982 -0.24383 -0.00000 -27.39661 -0.24383 0.96982 0.00000 -0.57005 0.00000 0.00000 -1.00000 0.00000
1634315815253637 -0.96991 -0.24346 -0.00000 -29.07055 -0.24346 0.96991 0.00000 -0.58806 0.00000 0.00000 -1.00000 0.00000
1634315815502501 -0.96996 -0.24326 -0.00000 -30.85379 -0.24326 0.96996 0.00000 -0.60770 0.00000 0.00000 -1.00000 0.00000
1634315815751271 -0.97061 -0.24068 -0.00000 -32.69669 -0.24068 0.97061 0.00000 -0.54717 0.00000 0.00000 -1.00000 0.00000
1634315815999993 -0.97079 -0.23995 -0.00000 -34.56390 -0.23995 0.97079 0.00000 -0.55287 0.00000 0.00000 -1.00000 0.00000
1634315816248925 -0.97156 -0.23679 -0.00000 -36.42735 -0.23679 0.97156 0.00000 -0.48220 0.00000 0.00000 -1.00000 0.00000
