1.000 0.023 0. 6.332 -0.023 1.000 0. -0.119 0. 0. 1. 0.
1.000 0.027 0. 7.218 -0.027 1.000 0. -0.184 0. 0. 1. 0.
0.999 0.032 0. 8.199 -0.032 0.999 0. -0.196 0. 0. 1. 0.
0.999 0.037 0. 9.208 -0.037 0.999 0. -0.262 0. 0. 1. 0.
0.999 0.042 0. 10.254 -0.042 0.999 0. -0.302 0. 0. 1. 0.
0.999 0.046 0. 11.359 -0.046 0.999 0. -0.363 0. 0. 1. 0.
0.999 0.048 0. 12.518 -0.048 0.999 0. -0.386 0. 0. 1. 0.
0.999 0.050 0. 13.695 -0.050 0.999 0. -0.486 0. 0. 1. 0.
0.999 0.049 0. 14.967 -0.049 0.999 0. -0.533 0. 0. 1. 0.
0.999 0.047 0. 16.271 -0.047 0.999 0. -0.598 0. 0. 1. 0.
0.999 0.047 0. 17.616 -0.047 0.999 0. -0.665 0. 0. 1. 0.
0.999 0.045 0. 19.021 -0.045 0.999 0. -0.706 0. 0. 1. 0.
0.999 0.043 0. 20.451 -0.043 0.999 0. -0.768 0. 0. 1. 0.
0.999 0.043 0. 21.917 -0.043 0.999 0. -0.824 0. 0. 1. 0.
0.999 0.044 0. 23.393 -0.044 0.999 0. -0.897 0. 0. 1. 0.
0.999 0.045 0. 24.991 -0.045 0.999 0. -0.985 0. 0. 1. 0.
0.999 0.038 0. 26.660 -0.038 0.999 0. -1.060 0. 0. 1. 0.
0.999 0.033 0. 28.366 -0.033 0.999 0. -1.206 0. 0. 1. 0.
0.999 0.034 0. 30.042 -0.034 0.999 0. -1.177 0. 0. 1. 0.
0.999 0.032 0. 31.860 -0.032 0.999 0. -1.209 0. 0. 1. 0.
1.000 0.029 0. 33.768 -0.029 1.000 0. -1.234 0. 0. 1. 0.
1.000 0.030 0. 35.687 -0.030 1.000 0. -1.306 0. 0. 1. 0.
1.000 0.031 0. 37.666 -0.031 1.000 0. -1.384 0. 0. 1. 0.
1.000 0.028 0. 39.671 -0.028 1.000 0. -1.484 0. 0. 1. 0.
1.000 0.024 0. 41.809 -0.024 1.000 0. -1.480 0. 0. 1. 0.
1.000 0.020 0. 43.941 -0.020 1.000 0. -1.477 0. 0. 1. 0.
1.000 0.016 0. 46.125 -0.016 1.000 0. -1.509 0. 0. 1. 0.
1. 0.014 0. 48.349 -0.014 1. 0. -1.548 0. 0. 1. 0.
1. 0.009 0. 50.555 -0.009 1. 0. -1.554 0. 0. 1. 0.
1. 0.005 0. 52.778 -0.005 1. 0. -1.545 0. 0. 1. 0.
1. 0.001 0. 54.980 -0.001 1. 0. -1.529 0. 0. 1. 0.
1. -0.005 0. 57.123 0.005 1. 0. -1.517 0. 0. 1. 0.
1. -0.010 0. 59.283 0.010 1. 0. -1.479 0. 0. 1. 0.
1.000 -0.014 0. 61.415 0.014 1.000 0. -1.448 0. 0. 1. 0.
1.000 -0.017 0. 63.543 0.017 1.000 0. -1.449 0. 0. 1. 0.
1.000 -0.019 0. 65.678 0.019 1.000 0. -1.372 0. 0. 1. 0.
1.000 -0.022 0. 67.785 0.022 1.000 0. -1.324 0. 0. 1. 0.
1.000 -0.025 0. 69.898 0.025 1.000 0. -1.268 0. 0. 1. 0.
1.000 -0.026 0. 71.965 0.026 1.000 0. -1.241 0. 0. 1. 0.
1.000 -0.030 0. 73.994 0.030 1.000 0. -1.211 0. 0. 1. 0.
1.000 -0.031 0. 76.092 0.031 1.000 0. -1.082 0. 0. 1. 0.
0.999 -0.041 0. 78.185 0.041 0.999 0. -1.248 0. 0. 1. 0.
0.999 -0.044 0. 80.278 0.044 0.999 0. -1.059 0. 0. 1. 0.
0.999 -0.045 0. 82.263 0.045 0.999 0. -0.840 0. 0. 1. 0.
0.999 -0.051 0. 84.388 0.051 0.999 0. -0.776 0. 0. 1. 0.
0.998 -0.055 0. 86.509 0.055 0.998 0. -0.666 0. 0. 1. 0.
0.998 -0.058 0. 88.649 0.058 0.998 0. -0.542 0. 0. 1. 0.
0.998 -0.061 0. 90.790 0.061 0.998 0. -0.392 0. 0. 1. 0.
0.998 -0.062 0. 92.953 0.062 0.998 0. -0.272 0. 0. 1. 0.
0.998 -0.063 0. 95.141 0.063 0.998 0. -0.132 0. 0. 1. 0.
0.998 -0.064 0. 97.334 0.064 0.998 0. 0.009 0. 0. 1. 0.
0.998 -0.070 0. 99.513 0.070 0.998 0. 0.203 0. 0. 1. 0.
0.997 -0.072 0. 101.749 0.072 0.997 0. 0.375 0. 0. 1. 0.
0.997 -0.075 0. 103.986 0.075 0.997 0. 0.560 0. 0. 1. 0.
0.997 -0.077 0. 106.226 0.077 0.997 0. 0.757 0. 0. 1. 0.
0.997 -0.078 0. 108.497 0.078 0.997 0. 0.897 0. 0. 1. 0.
0.997 -0.079 0. 110.783 0.079 0.997 0. 1.125 0. 0. 1. 0.
0.997 -0.076 0. 113.080 0.076 0.997 0. 1.327 0. 0. 1. 0.
0.997 -0.074 0. 115.360 0.074 0.997 0. 1.488 0. 0. 1. 0.
0.997 -0.072 0. 117.690 0.072 0.997 0. 1.635 0. 0. 1. 0.
0.998 -0.071 0. 120.007 0.071 0.998 0. 1.824 0. 0. 1. 0.
0.998 -0.069 0. 122.267 0.069 0.998 0. 1.970 0. 0. 1. 0.
0.998 -0.068 0. 124.489 0.068 0.998 0. 2.161 0. 0. 1. 0.
0.998 -0.068 0. 126.734 0.068 0.998 0. 2.322 0. 0. 1. 0.
0.998 -0.069 0. 128.902 0.069 0.998 0. 2.505 0. 0. 1. 0.
0.998 -0.068 0. 131.051 0.068 0.998 0. 2.638 0. 0. 1. 0.
0.998 -0.067 0. 133.149 0.067 0.998 0. 2.768 0. 0. 1. 0.
0.998 -0.068 0. 135.342 0.068 0.998 0. 2.920 0. 0. 1. 0.
0.997 -0.073 0. 137.482 0.073 0.997 0. 3.144 0. 0. 1. 0.
0.997 -0.074 0. 139.674 0.074 0.997 0. 3.255 0. 0. 1. 0.
0.997 -0.078 0. 141.926 0.078 0.997 0. 3.413 0. 0. 1. 0.
0.997 -0.083 0. 144.106 0.083 0.997 0. 3.652 0. 0. 1. 0.
0.996 -0.085 0. 146.326 0.085 0.996 0. 3.847 0. 0. 1. 0.
0.996 -0.089 0. 148.560 0.089 0.996 0. 4.082 0. 0. 1. 0.
0.996 -0.093 0. 150.812 0.093 0.996 0. 4.268 0. 0. 1. 0.
0.995 -0.097 0. 153.063 0.097 0.995 0. 4.501 0. 0. 1. 0.
0.995 -0.101 0. 155.348 0.101 0.995 0. 4.731 0. 0. 1. 0.
0.994 -0.106 0. 157.618 0.106 0.994 0. 4.967 0. 0. 1. 0.
0.994 -0.109 0. 159.889 0.109 0.994 0. 5.224 0. 0. 1. 0.
0.994 -0.112 0. 162.177 0.112 0.994 0. 5.508 0. 0. 1. 0.
0.993 -0.114 0. 164.486 0.114 0.993 0. 5.744 0. 0. 1. 0.
0.993 -0.118 0. 166.792 0.118 0.993 0. 6.026 0. 0. 1. 0.
0.992 -0.124 0. 169.119 0.124 0.992 0. 6.330 0. 0. 1. 0.
0.992 -0.129 0. 171.427 0.129 0.992 0. 6.639 0. 0. 1. 0.
0.991 -0.132 0. 173.775 0.132 0.991 0. 6.947 0. 0. 1. 0.
0.990 -0.139 0. 176.105 0.139 0.990 0. 7.324 0. 0. 1. 0.
0.990 -0.141 0. 178.440 0.141 0.990 0. 7.592 0. 0. 1. 0.
0.990 -0.144 0. 180.829 0.144 0.990 0. 7.978 0. 0. 1. 0.
0.989 -0.148 0. 183.184 0.148 0.989 0. 8.317 0. 0. 1. 0.
0.988 -0.151 0. 185.582 0.151 0.988 0. 8.664 0. 0. 1. 0.
0.988 -0.157 0. 187.976 0.157 0.988 0. 9.073 0. 0. 1. 0.
0.987 -0.161 0. 190.329 0.161 0.987 0. 9.481 0. 0. 1. 0.
0.986 -0.167 0. 192.726 0.167 0.986 0. 9.876 0. 0. 1. 0.
0.985 -0.172 0. 195.049 0.172 0.985 0. 10.281 0. 0. 1. 0.
0.984 -0.177 0. 197.333 0.177 0.984 0. 10.734 0. 0. 1. 0.
0.983 -0.182 0. 199.608 0.182 0.983 0. 11.165 0. 0. 1. 0.
0.982 -0.188 0. 201.838 0.188 0.982 0. 11.578 0. 0. 1. 0.
0.981 -0.192 0. 204.044 0.192 0.981 0. 12.041 0. 0. 1. 0.
0.981 -0.195 0. 206.169 0.195 0.981 0. 12.467 0. 0. 1. 0.
0.979 -0.204 0. 208.433 0.204 0.979 0. 12.933 0. 0. 1. 0.
0.978 -0.207 0. 210.588 0.207 0.978 0. 13.387 0. 0. 1. 0.
0.977 -0.212 0. 212.776 0.212 0.977 0. 13.926 0. 0. 1. 0.
0.976 -0.216 0. 215.041 0.216 0.976 0. 14.308 0. 0. 1. 0.
0.976 -0.220 0. 217.260 0.220 0.976 0. 14.856 0. 0. 1. 0.
0.975 -0.223 0. 219.479 0.223 0.975 0. 15.395 0. 0. 1. 0.
0.975 -0.223 0. 221.742 0.223 0.975 0. 15.874 0. 0. 1. 0.
0.974 -0.228 0. 224.001 0.228 0.974 0. 16.383 0. 0. 1. 0.
0.973 -0.230 0. 226.265 0.230 0.973 0. 16.933 0. 0. 1. 0.
0.973 -0.232 0. 228.509 0.232 0.973 0. 17.499 0. 0. 1. 0.
0.972 -0.236 0. 230.775 0.236 0.972 0. 18.079 0. 0. 1. 0.
0.971 -0.240 0. 233.067 0.240 0.971 0. 18.633 0. 0. 1. 0.
0.970 -0.244 0. 235.326 0.244 0.970 0. 19.205 0. 0. 1. 0.
0.968 -0.250 0. 237.595 0.250 0.968 0. 19.772 0. 0. 1. 0.
0.967 -0.255 0. 239.946 0.255 0.967 0. 20.398 0. 0. 1. 0.
0.967 -0.256 0. 242.134 0.256 0.967 0. 21.015 0. 0. 1. 0.
0.965 -0.263 0. 244.515 0.263 0.965 0. 21.666 0. 0. 1. 0.
0.964 -0.267 0. 246.849 0.267 0.964 0. 22.298 0. 0. 1. 0.
0.961 -0.275 0. 249.163 0.275 0.961 0. 22.984 0. 0. 1. 0.
0.961 -0.278 0. 251.559 0.278 0.961 0. 23.617 0. 0. 1. 0.
0.959 -0.283 0. 253.900 0.283 0.959 0. 24.347 0. 0. 1. 0.
0.958 -0.287 0. 256.247 0.287 0.958 0. 25.047 0. 0. 1. 0.
0.957 -0.291 0. 258.604 0.291 0.957 0. 25.797 0. 0. 1. 0.
0.957 -0.292 0. 261.025 0.292 0.957 0. 26.468 0. 0. 1. 0.
0.955 -0.295 0. 263.382 0.295 0.955 0. 27.252 0. 0. 1. 0.
0.955 -0.298 0. 265.712 0.298 0.955 0. 27.983 0. 0. 1. 0.
0.954 -0.300 0. 268.050 0.300 0.954 0. 28.721 0. 0. 1. 0.
0.953 -0.303 0. 270.326 0.303 0.953 0. 29.479 0. 0. 1. 0.
0.952 -0.305 0. 272.608 0.305 0.952 0. 30.214 0. 0. 1. 0.
0.951 -0.308 0. 274.878 0.308 0.951 0. 30.930 0. 0. 1. 0.
0.951 -0.310 0. 277.100 0.310 0.951 0. 31.716 0. 0. 1. 0.
0.950 -0.313 0. 279.328 0.313 0.950 0. 32.398 0. 0. 1. 0.
0.949 -0.315 0. 281.489 0.315 0.949 0. 33.162 0. 0. 1. 0.
0.949 -0.317 0. 283.616 0.317 0.949 0. 33.882 0. 0. 1. 0.
0.947 -0.321 0. 285.725 0.321 0.947 0. 34.596 0. 0. 1. 0.
0.946 -0.323 0. 287.714 0.323 0.946 0. 35.264 0. 0. 1. 0.
0.945 -0.327 0. 289.654 0.327 0.945 0. 35.960 0. 0. 1. 0.
0.944 -0.330 0. 291.534 0.330 0.944 0. 36.649 0. 0. 1. 0.
0.942 -0.336 0. 293.373 0.336 0.942 0. 37.215 0. 0. 1. 0.
0.940 -0.342 0. 295.285 0.342 0.940 0. 37.926 0. 0. 1. 0.
0.937 -0.349 0. 297.046 0.349 0.937 0. 38.577 0. 0. 1. 0.
0.935 -0.354 0. 298.796 0.354 0.935 0. 39.216 0. 0. 1. 0.
0.933 -0.359 0. 300.487 0.359 0.933 0. 39.912 0. 0. 1. 0.
0.931 -0.365 0. 302.236 0.365 0.931 0. 40.579 0. 0. 1. 0.
0.929 -0.369 0. 303.871 0.369 0.929 0. 41.251 0. 0. 1. 0.
0.929 -0.369 0. 305.505 0.369 0.929 0. 41.909 0. 0. 1. 0.
0.928 -0.372 0. 307.110 0.372 0.928 0. 42.583 0. 0. 1. 0.
0.928 -0.371 0. 308.693 0.371 0.928 0. 43.187 0. 0. 1. 0.
0.932 -0.363 0. 310.157 0.363 0.932 0. 43.774 0. 0. 1. 0.
0.937 -0.348 0. 311.573 0.348 0.937 0. 44.282 0. 0. 1. 0.
0.944 -0.329 0. 312.969 0.329 0.944 0. 44.734 0. 0. 1. 0.
0.956 -0.292 0. 314.304 0.292 0.956 0. 45.154 0. 0. 1. 0.
0.972 -0.236 0. 315.557 0.236 0.972 0. 45.288 0. 0. 1. 0.
0.986 -0.166 0. 316.782 0.166 0.986 0. 45.459 0. 0. 1. 0.
0.996 -0.089 0. 317.961 0.089 0.996 0. 45.442 0. 0. 1. 0.
1. 0.002 0. 318.995 -0.002 1. 0. 45.367 0. 0. 1. 0.
0.995 0.104 0. 320.059 -0.104 0.995 0. 45.115 0. 0. 1. 0.
0.976 0.217 0. 321.128 -0.217 0.976 0. 44.791 0. 0. 1. 0.
0.941 0.337 0. 322.052 -0.337 0.941 0. 44.326 0. 0. 1. 0.
0.887 0.462 0. 322.942 -0.462 0.887 0. 43.694 0. 0. 1. 0.
0.812 0.584 0. 323.689 -0.584 0.812 0. 43.027 0. 0. 1. 0.
0.718 0.696 0. 324.355 -0.696 0.718 0. 42.139 0. 0. 1. 0.
0.606 0.795 0. 324.891 -0.795 0.606 0. 41.170 0. 0. 1. 0.
0.485 0.875 0. 325.270 -0.875 0.485 0. 40.137 0. 0. 1. 0.
0.362 0.932 0. 325.588 -0.932 0.362 0. 39.010 0. 0. 1. 0.
0.251 0.968 0. 325.740 -0.968 0.251 0. 37.840 0. 0. 1. 0.
0.165 0.986 0. 325.825 -0.986 0.165 0. 36.690 0. 0. 1. 0.
0.118 0.993 0. 325.953 -0.993 0.118 0. 35.406 0. 0. 1. 0.
0.096 0.995 0. 326.213 -0.995 0.096 0. 34.022 0. 0. 1. 0.
0.078 0.997 0. 326.331 -0.997 0.078 0. 32.535 0. 0. 1. 0.
0.068 0.998 0. 326.505 -0.998 0.068 0. 31.077 0. 0. 1. 0.
0.061 0.998 0. 326.564 -0.998 0.061 0. 29.668 0. 0. 1. 0.
0.056 0.998 0. 326.707 -0.998 0.056 0. 28.155 0. 0. 1. 0.
0.059 0.998 0. 326.789 -0.998 0.059 0. 26.549 0. 0. 1. 0.
0.065 0.998 0. 326.908 -0.998 0.065 0. 24.905 0. 0. 1. 0.
0.068 0.998 0. 327.061 -0.998 0.068 0. 23.263 0. 0. 1. 0.
0.067 0.998 0. 327.093 -0.998 0.067 0. 21.534 0. 0. 1. 0.
0.068 0.998 0. 327.248 -0.998 0.068 0. 19.798 0. 0. 1. 0.
0.067 0.998 0. 327.399 -0.998 0.067 0. 18.003 0. 0. 1. 0.
0.066 0.998 0. 327.515 -0.998 0.066 0. 16.158 0. 0. 1. 0.
0.067 0.998 0. 327.618 -0.998 0.067 0. 14.269 0. 0. 1. 0.
0.065 0.998 0. 327.792 -0.998 0.065 0. 12.328 0. 0. 1. 0.
0.063 0.998 0. 327.886 -0.998 0.063 0. 10.365 0. 0. 1. 0.
0.063 0.998 0. 328.006 -0.998 0.063 0. 8.360 0. 0. 1. 0.
0.061 0.998 0. 328.145 -0.998 0.061 0. 6.306 0. 0. 1. 0.
0.062 0.998 0. 328.292 -0.998 0.062 0. 4.216 0. 0. 1. 0.
0.066 0.998 0. 328.409 -0.998 0.066 0. 2.103 0. 0. 1. 0.
0.066 0.998 0. 328.576 -0.998 0.066 0. -0.060 0. 0. 1. 0.
0.069 0.998 0. 328.690 -0.998 0.069 0. -2.263 0. 0. 1. 0.
0.068 0.998 0. 328.803 -0.998 0.068 0. -4.475 0. 0. 1. 0.
0.067 0.998 0. 328.950 -0.998 0.067 0. -6.689 0. 0. 1. 0.
0.067 0.998 0. 329.122 -0.998 0.067 0. -8.968 0. 0. 1. 0.
0.069 0.998 0. 329.272 -0.998 0.069 0. -11.196 0. 0. 1. 0.
0.069 0.998 0. 329.421 -0.998 0.069 0. -13.411 0. 0. 1. 0.
0.070 0.998 0. 329.569 -0.998 0.070 0. -15.610 0. 0. 1. 0.
0.070 0.998 0. 329.750 -0.998 0.070 0. -17.764 0. 0. 1. 0.
0.068 0.998 0. 329.909 -0.998 0.068 0. -19.925 0. 0. 1. 0.
0.069 0.998 0. 330.021 -0.998 0.069 0. -22.066 0. 0. 1. 0.
0.067 0.998 0. 330.143 -0.998 0.067 0. -24.151 0. 0. 1. 0.
0.067 0.998 0. 330.307 -0.998 0.067 0. -26.165 0. 0. 1. 0.
0.066 0.998 0. 330.423 -0.998 0.066 0. -28.074 0. 0. 1. 0.
0.064 0.998 0. 330.594 -0.998 0.064 0. -29.891 0. 0. 1. 0.
0.064 0.998 0. 330.697 -0.998 0.064 0. -31.703 0. 0. 1. 0.
0.064 0.998 0. 330.778 -0.998 0.064 0. -33.506 0. 0. 1. 0.
0.068 0.998 0. 330.904 -0.998 0.068 0. -35.277 0. 0. 1. 0.
0.072 0.997 0. 331.010 -0.997 0.072 0. -37.003 0. 0. 1. 0.
0.072 0.997 0. 331.188 -0.997 0.072 0. -38.777 0. 0. 1. 0.
0.077 0.997 0. 331.336 -0.997 0.077 0. -40.616 0. 0. 1. 0.
0.074 0.997 0. 331.501 -0.997 0.074 0. -42.279 0. 0. 1. 0.
0.075 0.997 0. 331.526 -0.997 0.075 0. -44.010 0. 0. 1. 0.
0.076 0.997 0. 331.714 -0.997 0.076 0. -45.820 0. 0. 1. 0.
0.076 0.997 0. 331.917 -0.997 0.076 0. -47.593 0. 0. 1. 0.
0.076 0.997 0. 332.010 -0.997 0.076 0. -49.366 0. 0. 1. 0.
0.075 0.997 0. 332.149 -0.997 0.075 0. -51.152 0. 0. 1. 0.
0.075 0.997 0. 332.313 -0.997 0.075 0. -52.933 0. 0. 1. 0.
0.075 0.997 0. 332.458 -0.997 0.075 0. -54.688 0. 0. 1. 0.
0.077 0.997 0. 332.508 -0.997 0.077 0. -56.469 0. 0. 1. 0.
0.075 0.997 0. 332.661 -0.997 0.075 0. -58.210 0. 0. 1. 0.
0.075 0.997 0. 332.822 -0.997 0.075 0. -59.935 0. 0. 1. 0.
0.075 0.997 0. 332.954 -0.997 0.075 0. -61.630 0. 0. 1. 0.
0.074 0.997 0. 333.061 -0.997 0.074 0. -63.307 0. 0. 1. 0.
0.073 0.997 0. 333.157 -0.997 0.073 0. -64.939 0. 0. 1. 0.
0.070 0.998 0. 333.299 -0.998 0.070 0. -66.526 0. 0. 1. 0.
0.073 0.997 0. 333.461 -0.997 0.073 0. -68.271 0. 0. 1. 0.
0.075 0.997 0. 333.507 -0.997 0.075 0. -69.863 0. 0. 1. 0.
0.067 0.998 0. 333.678 -0.998 0.067 0. -71.412 0. 0. 1. 0.
0.065 0.998 0. 333.767 -0.998 0.065 0. -73.029 0. 0. 1. 0.
0.061 0.998 0. 333.799 -0.998 0.061 0. -74.619 0. 0. 1. 0.
0.062 0.998 0. 333.878 -0.998 0.062 0. -76.202 0. 0. 1. 0.
0.062 0.998 0. 333.984 -0.998 0.062 0. -77.776 0. 0. 1. 0.
0.064 0.998 0. 334.084 -0.998 0.064 0. -79.286 0. 0. 1. 0.
0.062 0.998 0. 334.081 -0.998 0.062 0. -80.744 0. 0. 1. 0.
0.063 0.998 0. 334.225 -0.998 0.063 0. -82.093 0. 0. 1. 0.
0.064 0.998 0. 334.242 -0.998 0.064 0. -83.334 0. 0. 1. 0.
0.062 0.998 0. 334.317 -0.998 0.062 0. -84.518 0. 0. 1. 0.
0.064 0.998 0. 334.440 -0.998 0.064 0. -85.656 0. 0. 1. 0.
0.067 0.998 0. 334.268 -0.998 0.067 0. -86.726 0. 0. 1. 0.
0.063 0.998 0. 334.537 -0.998 0.063 0. -87.663 0. 0. 1. 0.
0.061 0.998 0. 334.504 -0.998 0.061 0. -88.564 0. 0. 1. 0.
0.062 0.998 0. 334.555 -0.998 0.062 0. -89.447 0. 0. 1. 0.
0.065 0.998 0. 334.633 -0.998 0.065 0. -90.139 0. 0. 1. 0.
0.063 0.998 0. 334.664 -0.998 0.063 0. -90.893 0. 0. 1. 0.
0.065 0.998 0. 334.607 -0.998 0.065 0. -91.620 0. 0. 1. 0.
0.068 0.998 0. 334.770 -0.998 0.068 0. -92.178 0. 0. 1. 0.
0.066 0.998 0. 334.696 -0.998 0.066 0. -92.809 0. 0. 1. 0.
0.068 0.998 0. 334.838 -0.998 0.068 0. -93.431 0. 0. 1. 0.
0.067 0.998 0. 334.827 -0.998 0.067 0. -94.093 0. 0. 1. 0.
0.070 0.998 0. 334.860 -0.998 0.070 0. -94.725 0. 0. 1. 0.
0.070 0.998 0. 334.893 -0.998 0.070 0. -95.304 0. 0. 1. 0.
0.072 0.997 0. 334.956 -0.997 0.072 0. -95.918 0. 0. 1. 0.
0.072 0.997 0. 335.018 -0.997 0.072 0. -96.512 0. 0. 1. 0.
0.073 0.997 0. 335.058 -0.997 0.073 0. -97.109 0. 0. 1. 0.
0.073 0.997 0. 335.181 -0.997 0.073 0. -97.682 0. 0. 1. 0.
0.075 0.997 0. 335.224 -0.997 0.075 0. -98.243 0. 0. 1. 0.
0.078 0.997 0. 335.224 -0.997 0.078 0. -98.755 0. 0. 1. 0.
0.079 0.997 0. 335.340 -0.997 0.079 0. -99.282 0. 0. 1. 0.
0.080 0.997 0. 335.309 -0.997 0.080 0. -99.821 0. 0. 1. 0.
0.077 0.997 0. 335.360 -0.997 0.077 0. -100.404 0. 0. 1. 0.
0.074 0.997 0. 335.426 -0.997 0.074 0. -100.989 0. 0. 1. 0.
0.070 0.998 0. 335.400 -0.998 0.070 0. -101.656 0. 0. 1. 0.
0.061 0.998 0. 335.454 -0.998 0.061 0. -102.343 0. 0. 1. 0.
0.045 0.999 0. 335.464 -0.999 0.045 0. -103.027 0. 0. 1. 0.
0.014 1.000 0. 335.378 -1.000 0.014 0. -103.797 0. 0. 1. 0.
-0.023 1.000 0. 335.355 -1.000 -0.023 0. -104.655 0. 0. 1. 0.
-0.066 0.998 0. 335.240 -0.998 -0.066 0. -105.491 0. 0. 1. 0.
-0.120 0.993 0. 335.100 -0.993 -0.120 0. -106.399 0. 0. 1. 0.
-0.181 0.983 0. 334.894 -0.983 -0.181 0. -107.344 0. 0. 1. 0.
-0.243 0.970 0. 334.642 -0.970 -0.243 0. -108.310 0. 0. 1. 0.
-0.307 0.952 0. 334.307 -0.952 -0.307 0. -109.340 0. 0. 1. 0.
-0.369 0.929 0. 333.917 -0.929 -0.369 0. -110.359 0. 0. 1. 0.
-0.426 0.905 0. 333.300 -0.905 -0.426 0. -111.260 0. 0. 1. 0.
-0.480 0.877 0. 332.817 -0.877 -0.480 0. -112.179 0. 0. 1. 0.
-0.530 0.848 0. 332.154 -0.848 -0.530 0. -113.106 0. 0. 1. 0.
-0.577 0.817 0. 331.417 -0.817 -0.577 0. -114.012 0. 0. 1. 0.
-0.620 0.784 0. 330.684 -0.784 -0.620 0. -114.939 0. 0. 1. 0.
-0.657 0.754 0. 329.823 -0.754 -0.657 0. -115.809 0. 0. 1. 0.
-0.690 0.724 0. 328.861 -0.724 -0.690 0. -116.711 0. 0. 1. 0.
-0.720 0.694 0. 327.894 -0.694 -0.720 0. -117.643 0. 0. 1. 0.
-0.750 0.662 0. 326.829 -0.662 -0.750 0. -118.539 0. 0. 1. 0.
-0.777 0.629 0. 325.651 -0.629 -0.777 0. -119.433 0. 0. 1. 0.
-0.802 0.597 0. 324.441 -0.597 -0.802 0. -120.311 0. 0. 1. 0.
-0.825 0.565 0. 323.149 -0.565 -0.825 0. -121.163 0. 0. 1. 0.
-0.846 0.533 0. 321.813 -0.533 -0.846 0. -121.949 0. 0. 1. 0.
-0.866 0.500 0. 320.349 -0.500 -0.866 0. -122.815 0. 0. 1. 0.
-0.886 0.464 0. 318.779 -0.464 -0.886 0. -123.530 0. 0. 1. 0.
-0.903 0.429 0. 317.298 -0.429 -0.903 0. -124.215 0. 0. 1. 0.
-0.916 0.402 0. 315.766 -0.402 -0.916 0. -124.855 0. 0. 1. 0.
-0.927 0.375 0. 314.178 -0.375 -0.927 0. -125.516 0. 0. 1. 0.
-0.934 0.357 0. 312.600 -0.357 -0.934 0. -126.139 0. 0. 1. 0.
-0.937 0.348 0. 310.939 -0.348 -0.937 0. -126.770 0. 0. 1. 0.
-0.939 0.345 0. 309.313 -0.345 -0.939 0. -127.350 0. 0. 1. 0.
-0.941 0.340 0. 307.663 -0.340 -0.941 0. -127.935 0. 0. 1. 0.
-0.941 0.337 0. 305.897 -0.337 -0.941 0. -128.590 0. 0. 1. 0.
-0.941 0.338 0. 304.229 -0.338 -0.941 0. -129.232 0. 0. 1. 0.
-0.942 0.336 0. 302.495 -0.336 -0.942 0. -129.884 0. 0. 1. 0.
-0.942 0.336 0. 300.627 -0.336 -0.942 0. -130.543 0. 0. 1. 0.
-0.941 0.338 0. 298.793 -0.338 -0.941 0. -131.169 0. 0. 1. 0.
-0.940 0.342 0. 296.939 -0.342 -0.940 0. -131.890 0. 0. 1. 0.
-0.939 0.344 0. 295.029 -0.344 -0.939 0. -132.587 0. 0. 1. 0.
-0.938 0.346 0. 293.088 -0.346 -0.938 0. -133.294 0. 0. 1. 0.
-0.938 0.346 0. 291.117 -0.346 -0.938 0. -134.045 0. 0. 1. 0.
-0.938 0.346 0. 289.146 -0.346 -0.938 0. -134.764 0. 0. 1. 0.
-0.938 0.346 0. 287.121 -0.346 -0.938 0. -135.537 0. 0. 1. 0.
-0.938 0.346 0. 285.084 -0.346 -0.938 0. -136.334 0. 0. 1. 0.
-0.939 0.344 0. 282.980 -0.344 -0.939 0. -137.045 0. 0. 1. 0.
-0.938 0.346 0. 280.903 -0.346 -0.938 0. -137.846 0. 0. 1. 0.
-0.939 0.344 0. 278.711 -0.344 -0.939 0. -138.641 0. 0. 1. 0.
-0.939 0.344 0. 276.551 -0.344 -0.939 0. -139.429 0. 0. 1. 0.
-0.938 0.345 0. 274.345 -0.345 -0.938 0. -140.252 0. 0. 1. 0.
-0.938 0.345 0. 272.172 -0.345 -0.938 0. -141.084 0. 0. 1. 0.
-0.937 0.349 0. 269.975 -0.349 -0.937 0. -141.909 0. 0. 1. 0.
-0.935 0.354 0. 267.744 -0.354 -0.935 0. -142.748 0. 0. 1. 0.
-0.934 0.359 0. 265.545 -0.359 -0.934 0. -143.598 0. 0. 1. 0.
-0.930 0.367 0. 263.330 -0.367 -0.930 0. -144.498 0. 0. 1. 0.
-0.928 0.372 0. 261.114 -0.372 -0.928 0. -145.360 0. 0. 1. 0.
-0.925 0.381 0. 258.884 -0.381 -0.925 0. -146.291 0. 0. 1. 0.
-0.921 0.390 0. 256.668 -0.390 -0.921 0. -147.222 0. 0. 1. 0.
-0.917 0.398 0. 254.473 -0.398 -0.917 0. -148.211 0. 0. 1. 0.
-0.913 0.408 0. 252.220 -0.408 -0.913 0. -149.251 0. 0. 1. 0.
-0.909 0.417 0. 250.041 -0.417 -0.909 0. -150.262 0. 0. 1. 0.
-0.905 0.426 0. 247.845 -0.426 -0.905 0. -151.375 0. 0. 1. 0.
-0.900 0.435 0. 245.618 -0.435 -0.900 0. -152.422 0. 0. 1. 0.
-0.896 0.443 0. 243.445 -0.443 -0.896 0. -153.564 0. 0. 1. 0.
-0.891 0.455 0. 241.255 -0.455 -0.891 0. -154.688 0. 0. 1. 0.
-0.885 0.465 0. 239.075 -0.465 -0.885 0. -155.854 0. 0. 1. 0.
-0.878 0.478 0. 236.931 -0.478 -0.878 0. -157.067 0. 0. 1. 0.
-0.871 0.491 0. 234.840 -0.491 -0.871 0. -158.335 0. 0. 1. 0.
-0.863 0.505 0. 232.682 -0.505 -0.863 0. -159.578 0. 0. 1. 0.
-0.855 0.518 0. 230.534 -0.518 -0.855 0. -160.847 0. 0. 1. 0.
-0.848 0.530 0. 228.400 -0.530 -0.848 0. -162.194 0. 0. 1. 0.
-0.841 0.541 0. 226.324 -0.541 -0.841 0. -163.565 0. 0. 1. 0.
-0.834 0.552 0. 224.243 -0.552 -0.834 0. -164.989 0. 0. 1. 0.
-0.827 0.562 0. 222.181 -0.562 -0.827 0. -166.398 0. 0. 1. 0.
-0.820 0.572 0. 220.106 -0.572 -0.820 0. -167.875 0. 0. 1. 0.
-0.813 0.583 0. 218.077 -0.583 -0.813 0. -169.325 0. 0. 1. 0.
-0.807 0.591 0. 216.035 -0.591 -0.807 0. -170.846 0. 0. 1. 0.
-0.799 0.602 0. 214.050 -0.602 -0.799 0. -172.368 0. 0. 1. 0.
-0.792 0.610 0. 212.142 -0.610 -0.792 0. -173.930 0. 0. 1. 0.
-0.785 0.620 0. 210.186 -0.620 -0.785 0. -175.384 0. 0. 1. 0.
-0.776 0.631 0. 208.286 -0.631 -0.776 0. -176.969 0. 0. 1. 0.
-0.766 0.642 0. 206.397 -0.642 -0.766 0. -178.565 0. 0. 1. 0.
-0.758 0.653 0. 204.593 -0.653 -0.758 0. -180.221 0. 0. 1. 0.
-0.748 0.664 0. 202.747 -0.664 -0.748 0. -181.826 0. 0. 1. 0.
-0.739 0.674 0. 200.890 -0.674 -0.739 0. -183.447 0. 0. 1. 0.
-0.732 0.682 0. 199.177 -0.682 -0.732 0. -185.149 0. 0. 1. 0.
-0.726 0.688 0. 197.407 -0.688 -0.726 0. -186.855 0. 0. 1. 0.
-0.720 0.694 0. 195.600 -0.694 -0.720 0. -188.538 0. 0. 1. 0.
-0.713 0.701 0. 193.875 -0.701 -0.713 0. -190.231 0. 0. 1. 0.
-0.706 0.709 0. 192.186 -0.709 -0.706 0. -191.977 0. 0. 1. 0.
-0.696 0.718 0. 190.554 -0.718 -0.696 0. -193.701 0. 0. 1. 0.
-0.684 0.729 0. 188.889 -0.729 -0.684 0. -195.420 0. 0. 1. 0.
-0.675 0.738 0. 187.379 -0.738 -0.675 0. -197.108 0. 0. 1. 0.
-0.664 0.748 0. 185.828 -0.748 -0.664 0. -198.783 0. 0. 1. 0.
-0.654 0.757 0. 184.465 -0.757 -0.654 0. -200.460 0. 0. 1. 0.
-0.644 0.765 0. 183.118 -0.765 -0.644 0. -202.109 0. 0. 1. 0.
-0.637 0.771 0. 181.774 -0.771 -0.637 0. -203.659 0. 0. 1. 0.
-0.632 0.775 0. 180.601 -0.775 -0.632 0. -205.214 0. 0. 1. 0.
-0.627 0.779 0. 179.431 -0.779 -0.627 0. -206.626 0. 0. 1. 0.
-0.621 0.784 0. 178.327 -0.784 -0.621 0. -208.048 0. 0. 1. 0.
-0.616 0.788 0. 177.335 -0.788 -0.616 0. -209.538 0. 0. 1. 0.
-0.608 0.794 0. 176.169 -0.794 -0.608 0. -211.038 0. 0. 1. 0.
-0.600 0.800 0. 175.137 -0.800 -0.600 0. -212.602 0. 0. 1. 0.
-0.592 0.806 0. 173.930 -0.806 -0.592 0. -214.032 0. 0. 1. 0.
-0.579 0.815 0. 172.815 -0.815 -0.579 0. -215.502 0. 0. 1. 0.
-0.567 0.823 0. 171.710 -0.823 -0.567 0. -217.124 0. 0. 1. 0.
-0.555 0.832 0. 170.651 -0.832 -0.555 0. -218.734 0. 0. 1. 0.
-0.542 0.840 0. 169.625 -0.840 -0.542 0. -220.443 0. 0. 1. 0.
-0.534 0.846 0. 168.621 -0.846 -0.534 0. -222.144 0. 0. 1. 0.
-0.530 0.848 0. 167.544 -0.848 -0.530 0. -223.926 0. 0. 1. 0.
-0.524 0.852 0. 166.415 -0.852 -0.524 0. -225.729 0. 0. 1. 0.
-0.519 0.855 0. 165.260 -0.855 -0.519 0. -227.529 0. 0. 1. 0.
-0.516 0.857 0. 164.164 -0.857 -0.516 0. -229.316 0. 0. 1. 0.
-0.516 0.857 0. 163.032 -0.857 -0.516 0. -231.249 0. 0. 1. 0.
-0.514 0.858 0. 161.898 -0.858 -0.514 0. -233.056 0. 0. 1. 0.
-0.512 0.859 0. 160.724 -0.859 -0.512 0. -235.058 0. 0. 1. 0.
-0.507 0.862 0. 159.620 -0.862 -0.507 0. -236.935 0. 0. 1. 0.
-0.503 0.864 0. 158.423 -0.864 -0.503 0. -238.990 0. 0. 1. 0.
-0.500 0.866 0. 157.257 -0.866 -0.500 0. -240.930 0. 0. 1. 0.
-0.497 0.868 0. 156.017 -0.868 -0.497 0. -243.022 0. 0. 1. 0.
-0.492 0.871 0. 154.869 -0.871 -0.492 0. -245.094 0. 0. 1. 0.
-0.486 0.874 0. 153.732 -0.874 -0.486 0. -247.268 0. 0. 1. 0.
-0.475 0.880 0. 152.547 -0.880 -0.475 0. -249.374 0. 0. 1. 0.
-0.463 0.886 0. 151.330 -0.886 -0.463 0. -251.620 0. 0. 1. 0.
-0.449 0.893 0. 150.327 -0.893 -0.449 0. -253.835 0. 0. 1. 0.
-0.437 0.900 0. 149.242 -0.900 -0.437 0. -256.181 0. 0. 1. 0.
-0.425 0.905 0. 148.200 -0.905 -0.425 0. -258.466 0. 0. 1. 0.
-0.411 0.911 0. 147.140 -0.911 -0.411 0. -260.924 0. 0. 1. 0.
-0.398 0.917 0. 146.034 -0.917 -0.398 0. -263.275 0. 0. 1. 0.
-0.384 0.923 0. 145.038 -0.923 -0.384 0. -265.725 0. 0. 1. 0.
-0.371 0.928 0. 144.006 -0.928 -0.371 0. -268.181 0. 0. 1. 0.
-0.360 0.933 0. 143.089 -0.933 -0.360 0. -270.709 0. 0. 1. 0.
-0.350 0.937 0. 142.091 -0.937 -0.350 0. -273.196 0. 0. 1. 0.
-0.339 0.941 0. 141.305 -0.941 -0.339 0. -275.729 0. 0. 1. 0.
-0.327 0.945 0. 140.427 -0.945 -0.327 0. -278.235 0. 0. 1. 0.
-0.313 0.950 0. 139.480 -0.950 -0.313 0. -280.776 0. 0. 1. 0.
-0.301 0.954 0. 138.722 -0.954 -0.301 0. -283.275 0. 0. 1. 0.
-0.289 0.957 0. 137.883 -0.957 -0.289 0. -285.822 0. 0. 1. 0.
-0.276 0.961 0. 137.159 -0.961 -0.276 0. -288.339 0. 0. 1. 0.
-0.263 0.965 0. 136.520 -0.965 -0.263 0. -290.919 0. 0. 1. 0.
-0.249 0.969 0. 135.783 -0.969 -0.249 0. -293.498 0. 0. 1. 0.
-0.233 0.973 0. 135.307 -0.973 -0.233 0. -296.102 0. 0. 1. 0.
-0.217 0.976 0. 134.650 -0.976 -0.217 0. -298.722 0. 0. 1. 0.
-0.201 0.980 0. 134.130 -0.980 -0.201 0. -301.318 0. 0. 1. 0.
-0.183 0.983 0. 133.593 -0.983 -0.183 0. -303.965 0. 0. 1. 0.
-0.168 0.986 0. 133.203 -0.986 -0.168 0. -306.589 0. 0. 1. 0.
-0.153 0.988 0. 132.795 -0.988 -0.153 0. -309.311 0. 0. 1. 0.
-0.134 0.991 0. 132.411 -0.991 -0.134 0. -311.964 0. 0. 1. 0.
-0.117 0.993 0. 132.101 -0.993 -0.117 0. -314.684 0. 0. 1. 0.
-0.093 0.996 0. 131.835 -0.996 -0.093 0. -317.433 0. 0. 1. 0.
-0.069 0.998 0. 131.652 -0.998 -0.069 0. -320.204 0. 0. 1. 0.
-0.049 0.999 0. 131.488 -0.999 -0.049 0. -323.007 0. 0. 1. 0.
-0.031 1.000 0. 131.345 -1.000 -0.031 0. -325.791 0. 0. 1. 0.
-0.012 1. 0. 131.323 -1. -0.012 0. -328.552 0. 0. 1. 0.
0.004 1. 0. 131.389 -1. 0.004 0. -331.380 0. 0. 1. 0.
0.018 1.000 0. 131.363 -1.000 0.018 0. -334.278 0. 0. 1. 0.
0.035 0.999 0. 131.530 -0.999 0.035 0. -337.131 0. 0. 1. 0.
0.051 0.999 0. 131.794 -0.999 0.051 0. -340.033 0. 0. 1. 0.
0.060 0.998 0. 131.937 -0.998 0.060 0. -342.948 0. 0. 1. 0.
0.063 0.998 0. 132.199 -0.998 0.063 0. -345.768 0. 0. 1. 0.
0.061 0.998 0. 132.327 -0.998 0.061 0. -348.649 0. 0. 1. 0.
0.061 0.998 0. 132.572 -0.998 0.061 0. -351.500 0. 0. 1. 0.
0.058 0.998 0. 132.744 -0.998 0.058 0. -354.302 0. 0. 1. 0.
0.054 0.999 0. 132.838 -0.999 0.054 0. -357.083 0. 0. 1. 0.
0.047 0.999 0. 132.943 -0.999 0.047 0. -359.845 0. 0. 1. 0.
0.033 0.999 0. 133.036 -0.999 0.033 0. -362.452 0. 0. 1. 0.
0.009 1. 0. 133.025 -1. 0.009 0. -364.996 0. 0. 1. 0.
-0.022 1.000 0. 132.973 -1.000 -0.022 0. -367.523 0. 0. 1. 0.
-0.049 0.999 0. 132.797 -0.999 -0.049 0. -369.977 0. 0. 1. 0.
-0.075 0.997 0. 132.634 -0.997 -0.075 0. -372.311 0. 0. 1. 0.
-0.106 0.994 0. 132.354 -0.994 -0.106 0. -374.525 0. 0. 1. 0.
-0.134 0.991 0. 132.153 -0.991 -0.134 0. -376.781 0. 0. 1. 0.
-0.167 0.986 0. 131.741 -0.986 -0.167 0. -378.867 0. 0. 1. 0.
-0.208 0.978 0. 131.286 -0.978 -0.208 0. -380.939 0. 0. 1. 0.
-0.248 0.969 0. 130.732 -0.969 -0.248 0. -382.911 0. 0. 1. 0.
-0.294 0.956 0. 130.072 -0.956 -0.294 0. -384.877 0. 0. 1. 0.
-0.343 0.939 0. 129.472 -0.939 -0.343 0. -386.802 0. 0. 1. 0.
-0.400 0.917 0. 128.573 -0.917 -0.400 0. -388.656 0. 0. 1. 0.
-0.462 0.887 0. 127.634 -0.887 -0.462 0. -390.374 0. 0. 1. 0.
-0.517 0.856 0. 126.519 -0.856 -0.517 0. -392.024 0. 0. 1. 0.
-0.566 0.825 0. 125.416 -0.825 -0.566 0. -393.596 0. 0. 1. 0.
-0.605 0.796 0. 124.265 -0.796 -0.605 0. -395.161 0. 0. 1. 0.
-0.648 0.762 0. 122.949 -0.762 -0.648 0. -396.511 0. 0. 1. 0.
-0.693 0.721 0. 121.696 -0.721 -0.693 0. -397.830 0. 0. 1. 0.
-0.740 0.673 0. 120.456 -0.673 -0.740 0. -398.995 0. 0. 1. 0.
-0.779 0.627 0. 118.953 -0.627 -0.779 0. -400.026 0. 0. 1. 0.
-0.816 0.579 0. 117.469 -0.579 -0.816 0. -401.027 0. 0. 1. 0.
-0.847 0.532 0. 115.999 -0.532 -0.847 0. -401.952 0. 0. 1. 0.
-0.879 0.477 0. 114.463 -0.477 -0.879 0. -402.815 0. 0. 1. 0.
-0.906 0.424 0. 112.752 -0.424 -0.906 0. -403.514 0. 0. 1. 0.
-0.930 0.367 0. 111.050 -0.367 -0.930 0. -404.207 0. 0. 1. 0.
-0.951 0.310 0. 109.326 -0.310 -0.951 0. -404.829 0. 0. 1. 0.
-0.968 0.252 0. 107.487 -0.252 -0.968 0. -405.274 0. 0. 1. 0.
-0.979 0.205 0. 105.608 -0.205 -0.979 0. -405.565 0. 0. 1. 0.
-0.987 0.163 0. 103.677 -0.163 -0.987 0. -405.906 0. 0. 1. 0.
-0.991 0.137 0. 101.698 -0.137 -0.991 0. -406.224 0. 0. 1. 0.
-0.992 0.123 0. 99.672 -0.123 -0.992 0. -406.442 0. 0. 1. 0.
-0.993 0.116 0. 97.609 -0.116 -0.993 0. -406.592 0. 0. 1. 0.
-0.994 0.113 0. 95.508 -0.113 -0.994 0. -406.857 0. 0. 1. 0.
-0.994 0.108 0. 93.359 -0.108 -0.994 0. -407.094 0. 0. 1. 0.
-0.994 0.107 0. 91.214 -0.107 -0.994 0. -407.294 0. 0. 1. 0.
-0.994 0.106 0. 88.993 -0.106 -0.994 0. -407.509 0. 0. 1. 0.
-0.994 0.106 0. 86.767 -0.106 -0.994 0. -407.725 0. 0. 1. 0.
-0.994 0.105 0. 84.526 -0.105 -0.994 0. -407.967 0. 0. 1. 0.
-0.994 0.106 0. 82.233 -0.106 -0.994 0. -408.275 0. 0. 1. 0.
-0.994 0.105 0. 79.900 -0.105 -0.994 0. -408.461 0. 0. 1. 0.
-0.994 0.105 0. 77.568 -0.105 -0.994 0. -408.661 0. 0. 1. 0.
-0.995 0.098 0. 75.164 -0.098 -0.995 0. -408.930 0. 0. 1. 0.
-0.996 0.090 0. 72.760 -0.090 -0.996 0. -409.224 0. 0. 1. 0.
-0.997 0.079 0. 70.303 -0.079 -0.997 0. -409.424 0. 0. 1. 0.
-0.998 0.066 0. 67.827 -0.066 -0.998 0. -409.558 0. 0. 1. 0.
-0.999 0.052 0. 65.281 -0.052 -0.999 0. -409.655 0. 0. 1. 0.
-0.999 0.041 0. 62.707 -0.041 -0.999 0. -409.755 0. 0. 1. 0.
-1.000 0.030 0. 60.105 -0.030 -1.000 0. -409.764 0. 0. 1. 0.
-1.000 0.026 0. 57.464 -0.026 -1.000 0. -409.918 0. 0. 1. 0.
-1.000 0.023 0. 54.773 -0.023 -1.000 0. -410.008 0. 0. 1. 0.
-1.000 0.024 0. 52.042 -0.024 -1.000 0. -410.036 0. 0. 1. 0.
-1.000 0.027 0. 49.302 -0.027 -1.000 0. -410.101 0. 0. 1. 0.
-1.000 0.031 0. 46.523 -0.031 -1.000 0. -410.208 0. 0. 1. 0.
-0.999 0.034 0. 43.779 -0.034 -0.999 0. -410.337 0. 0. 1. 0.
-0.999 0.038 0. 41.088 -0.038 -0.999 0. -410.467 0. 0. 1. 0.
-0.999 0.039 0. 38.381 -0.039 -0.999 0. -410.639 0. 0. 1. 0.
-0.999 0.044 0. 35.716 -0.044 -0.999 0. -410.688 0. 0. 1. 0.
-0.999 0.046 0. 33.024 -0.046 -0.999 0. -410.753 0. 0. 1. 0.
-0.999 0.051 0. 30.351 -0.051 -0.999 0. -410.911 0. 0. 1. 0.
-0.999 0.054 0. 27.704 -0.054 -0.999 0. -411.077 0. 0. 1. 0.
-0.998 0.057 0. 25.041 -0.057 -0.998 0. -411.158 0. 0. 1. 0.
-0.998 0.062 0. 22.389 -0.062 -0.998 0. -411.336 0. 0. 1. 0.
-0.998 0.064 0. 19.830 -0.064 -0.998 0. -411.567 0. 0. 1. 0.
-0.998 0.065 0. 17.215 -0.065 -0.998 0. -411.733 0. 0. 1. 0.
-0.998 0.065 0. 14.623 -0.065 -0.998 0. -411.949 0. 0. 1. 0.
-0.998 0.066 0. 12.076 -0.066 -0.998 0. -412.073 0. 0. 1. 0.
-0.998 0.068 0. 9.592 -0.068 -0.998 0. -412.220 0. 0. 1. 0.
-0.998 0.068 0. 7.201 -0.068 -0.998 0. -412.420 0. 0. 1. 0.
-0.998 0.067 0. 4.917 -0.067 -0.998 0. -412.615 0. 0. 1. 0.
-0.998 0.069 0. 2.693 -0.069 -0.998 0. -412.723 0. 0. 1. 0.
-0.997 0.071 0. 0.623 -0.071 -0.997 0. -412.966 0. 0. 1. 0.
-0.998 0.069 0. -1.367 -0.069 -0.998 0. -413.038 0. 0. 1. 0.
-0.998 0.067 0. -3.277 -0.067 -0.998 0. -413.173 0. 0. 1. 0.
-0.998 0.067 0. -5.120 -0.067 -0.998 0. -413.296 0. 0. 1. 0.
-0.998 0.068 0. -6.973 -0.068 -0.998 0. -413.417 0. 0. 1. 0.
-0.998 0.069 0. -8.820 -0.069 -0.998 0. -413.527 0. 0. 1. 0.
-0.997 0.074 0. -10.600 -0.074 -0.997 0. -413.661 0. 0. 1. 0.
-0.997 0.071 0. -12.381 -0.071 -0.997 0. -413.734 0. 0. 1. 0.
-0.998 0.070 0. -14.117 -0.070 -0.998 0. -413.855 0. 0. 1. 0.
-0.998 0.068 0. -15.853 -0.068 -0.998 0. -414.031 0. 0. 1. 0.
-0.998 0.068 0. -17.563 -0.068 -0.998 0. -414.153 0. 0. 1. 0.
-0.998 0.067 0. -19.289 -0.067 -0.998 0. -414.294 0. 0. 1. 0.
-0.998 0.070 0. -20.983 -0.070 -0.998 0. -414.378 0. 0. 1. 0.
-0.998 0.069 0. -22.637 -0.069 -0.998 0. -414.504 0. 0. 1. 0.
-0.998 0.070 0. -24.238 -0.070 -0.998 0. -414.599 0. 0. 1. 0.
-0.998 0.068 0. -25.810 -0.068 -0.998 0. -414.755 0. 0. 1. 0.
-0.998 0.066 0. -27.253 -0.066 -0.998 0. -414.812 0. 0. 1. 0.
-0.998 0.064 0. -28.651 -0.064 -0.998 0. -414.853 0. 0. 1. 0.
-0.998 0.063 0. -29.904 -0.063 -0.998 0. -414.952 0. 0. 1. 0.
-0.998 0.063 0. -31.037 -0.063 -0.998 0. -415.035 0. 0. 1. 0.
-0.998 0.063 0. -32.126 -0.063 -0.998 0. -415.167 0. 0. 1. 0.
-0.998 0.066 0. -33.038 -0.066 -0.998 0. -415.201 0. 0. 1. 0.
-0.997 0.082 0. -33.834 -0.082 -0.997 0. -415.252 0. 0. 1. 0.
-0.993 0.118 0. -34.733 -0.118 -0.993 0. -415.337 0. 0. 1. 0.
-0.984 0.179 0. -35.581 -0.179 -0.984 0. -415.611 0. 0. 1. 0.
-0.967 0.253 0. -36.537 -0.253 -0.967 0. -415.927 0. 0. 1. 0.
-0.941 0.338 0. -37.425 -0.338 -0.941 0. -416.364 0. 0. 1. 0.
-0.904 0.428 0. -38.283 -0.428 -0.904 0. -416.945 0. 0. 1. 0.
-0.855 0.519 0. -39.095 -0.519 -0.855 0. -417.517 0. 0. 1. 0.
-0.795 0.607 0. -39.920 -0.607 -0.795 0. -418.219 0. 0. 1. 0.
-0.726 0.688 0. -40.439 -0.688 -0.726 0. -419.029 0. 0. 1. 0.
-0.645 0.764 0. -41.060 -0.764 -0.645 0. -419.898 0. 0. 1. 0.
-0.557 0.831 0. -41.564 -0.831 -0.557 0. -420.831 0. 0. 1. 0.
-0.462 0.887 0. -41.993 -0.887 -0.462 0. -421.878 0. 0. 1. 0.
-0.367 0.930 0. -42.308 -0.930 -0.367 0. -422.953 0. 0. 1. 0.
-0.274 0.962 0. -42.528 -0.962 -0.274 0. -424.106 0. 0. 1. 0.
-0.191 0.982 0. -42.662 -0.982 -0.191 0. -425.335 0. 0. 1. 0.
-0.122 0.993 0. -42.731 -0.993 -0.122 0. -426.590 0. 0. 1. 0.
-0.078 0.997 0. -42.740 -0.997 -0.078 0. -427.895 0. 0. 1. 0.
-0.044 0.999 0. -42.839 -0.999 -0.044 0. -429.195 0. 0. 1. 0.
-0.011 1. 0. -42.869 -1. -0.011 0. -430.597 0. 0. 1. 0.
0.021 1.000 0. -42.795 -1.000 0.021 0. -432.043 0. 0. 1. 0.
0.047 0.999 0. -42.674 -0.999 0.047 0. -433.500 0. 0. 1. 0.
0.065 0.998 0. -42.535 -0.998 0.065 0. -434.993 0. 0. 1. 0.
0.078 0.997 0. -42.393 -0.997 0.078 0. -436.588 0. 0. 1. 0.
0.090 0.996 0. -42.245 -0.996 0.090 0. -438.157 0. 0. 1. 0.
0.091 0.996 0. -42.044 -0.996 0.091 0. -439.859 0. 0. 1. 0.
0.089 0.996 0. -41.871 -0.996 0.089 0. -441.503 0. 0. 1. 0.
0.087 0.996 0. -41.712 -0.996 0.087 0. -443.290 0. 0. 1. 0.
0.085 0.996 0. -41.585 -0.996 0.085 0. -445.089 0. 0. 1. 0.
0.082 0.997 0. -41.384 -0.997 0.082 0. -446.901 0. 0. 1. 0.
0.082 0.997 0. -41.246 -0.997 0.082 0. -448.782 0. 0. 1. 0.
0.080 0.997 0. -41.049 -0.997 0.080 0. -450.740 0. 0. 1. 0.
0.078 0.997 0. -40.836 -0.997 0.078 0. -452.715 0. 0. 1. 0.
0.080 0.997 0. -40.733 -0.997 0.080 0. -454.716 0. 0. 1. 0.
0.081 0.997 0. -40.535 -0.997 0.081 0. -456.788 0. 0. 1. 0.
0.081 0.997 0. -40.340 -0.997 0.081 0. -458.878 0. 0. 1. 0.
0.083 0.997 0. -40.168 -0.997 0.083 0. -460.999 0. 0. 1. 0.
0.082 0.997 0. -40.005 -0.997 0.082 0. -463.220 0. 0. 1. 0.
0.083 0.997 0. -39.814 -0.997 0.083 0. -465.436 0. 0. 1. 0.
0.082 0.997 0. -39.630 -0.997 0.082 0. -467.674 0. 0. 1. 0.
0.083 0.997 0. -39.436 -0.997 0.083 0. -469.981 0. 0. 1. 0.
0.085 0.996 0. -39.277 -0.996 0.085 0. -472.319 0. 0. 1. 0.
0.087 0.996 0. -39.030 -0.996 0.087 0. -474.691 0. 0. 1. 0.
0.086 0.996 0. -38.812 -0.996 0.086 0. -477.107 0. 0. 1. 0.
0.087 0.996 0. -38.610 -0.996 0.087 0. -479.548 0. 0. 1. 0.
0.087 0.996 0. -38.406 -0.996 0.087 0. -481.960 0. 0. 1. 0.
0.088 0.996 0. -38.216 -0.996 0.088 0. -484.366 0. 0. 1. 0.
0.089 0.996 0. -37.986 -0.996 0.089 0. -486.760 0. 0. 1. 0.
0.089 0.996 0. -37.832 -0.996 0.089 0. -489.163 0. 0. 1. 0.
0.089 0.996 0. -37.604 -0.996 0.089 0. -491.567 0. 0. 1. 0.
0.088 0.996 0. -37.412 -0.996 0.088 0. -493.956 0. 0. 1. 0.
0.087 0.996 0. -37.177 -0.996 0.087 0. -496.389 0. 0. 1. 0.
0.087 0.996 0. -36.981 -0.996 0.087 0. -498.823 0. 0. 1. 0.
0.087 0.996 0. -36.847 -0.996 0.087 0. -501.265 0. 0. 1. 0.
0.089 0.996 0. -36.547 -0.996 0.089 0. -503.729 0. 0. 1. 0.
0.086 0.996 0. -36.402 -0.996 0.086 0. -506.200 0. 0. 1. 0.
0.088 0.996 0. -36.148 -0.996 0.088 0. -508.677 0. 0. 1. 0.
0.091 0.996 0. -35.933 -0.996 0.091 0. -511.221 0. 0. 1. 0.
0.092 0.996 0. -35.724 -0.996 0.092 0. -513.750 0. 0. 1. 0.
0.096 0.995 0. -35.527 -0.995 0.096 0. -516.288 0. 0. 1. 0.
0.098 0.995 0. -35.211 -0.995 0.098 0. -518.841 0. 0. 1. 0.
0.100 0.995 0. -34.974 -0.995 0.100 0. -521.444 0. 0. 1. 0.
0.103 0.995 0. -34.638 -0.995 0.103 0. -524.041 0. 0. 1. 0.
0.107 0.994 0. -34.351 -0.994 0.107 0. -526.634 0. 0. 1. 0.
0.109 0.994 0. -34.134 -0.994 0.109 0. -529.287 0. 0. 1. 0.
0.109 0.994 0. -33.804 -0.994 0.109 0. -531.900 0. 0. 1. 0.
0.108 0.994 0. -33.577 -0.994 0.108 0. -534.446 0. 0. 1. 0.
0.107 0.994 0. -33.242 -0.994 0.107 0. -537.103 0. 0. 1. 0.
0.107 0.994 0. -32.971 -0.994 0.107 0. -539.643 0. 0. 1. 0.
0.109 0.994 0. -32.710 -0.994 0.109 0. -542.173 0. 0. 1. 0.
0.109 0.994 0. -32.415 -0.994 0.109 0. -544.688 0. 0. 1. 0.
0.109 0.994 0. -32.155 -0.994 0.109 0. -547.147 0. 0. 1. 0.
0.108 0.994 0. -31.898 -0.994 0.108 0. -549.574 0. 0. 1. 0.
0.108 0.994 0. -31.601 -0.994 0.108 0. -551.898 0. 0. 1. 0.
0.105 0.994 0. -31.350 -0.994 0.105 0. -554.222 0. 0. 1. 0.
0.103 0.995 0. -31.092 -0.995 0.103 0. -556.522 0. 0. 1. 0.
0.101 0.995 0. -30.877 -0.995 0.101 0. -558.796 0. 0. 1. 0.
0.098 0.995 0. -30.651 -0.995 0.098 0. -561.037 0. 0. 1. 0.
0.096 0.995 0. -30.374 -0.995 0.096 0. -563.241 0. 0. 1. 0.
0.094 0.996 0. -30.184 -0.996 0.094 0. -565.401 0. 0. 1. 0.
0.091 0.996 0. -30.062 -0.996 0.091 0. -567.573 0. 0. 1. 0.
0.089 0.996 0. -29.831 -0.996 0.089 0. -569.672 0. 0. 1. 0.
0.084 0.996 0. -29.658 -0.996 0.084 0. -571.772 0. 0. 1. 0.
0.080 0.997 0. -29.497 -0.997 0.080 0. -573.792 0. 0. 1. 0.
0.081 0.997 0. -29.314 -0.997 0.081 0. -575.794 0. 0. 1. 0.
0.079 0.997 0. -29.190 -0.997 0.079 0. -577.710 0. 0. 1. 0.
0.078 0.997 0. -29.001 -0.997 0.078 0. -579.589 0. 0. 1. 0.
0.066 0.998 0. -28.836 -0.998 0.066 0. -581.432 0. 0. 1. 0.
0.040 0.999 0. -28.826 -0.999 0.040 0. -583.147 0. 0. 1. 0.
0.008 1. 0. -28.811 -1. 0.008 0. -584.761 0. 0. 1. 0.
-0.048 0.999 0. -28.908 -0.999 -0.048 0. -586.308 0. 0. 1. 0.
-0.113 0.994 0. -29.120 -0.994 -0.113 0. -587.751 0. 0. 1. 0.
-0.185 0.983 0. -29.301 -0.983 -0.185 0. -589.208 0. 0. 1. 0.
-0.270 0.963 0. -29.957 -0.963 -0.270 0. -590.504 0. 0. 1. 0.
-0.362 0.932 0. -30.534 -0.932 -0.362 0. -591.827 0. 0. 1. 0.
-0.454 0.891 0. -31.380 -0.891 -0.454 0. -593.042 0. 0. 1. 0.
-0.544 0.839 0. -32.180 -0.839 -0.544 0. -594.273 0. 0. 1. 0.
-0.630 0.777 0. -33.108 -0.777 -0.630 0. -595.277 0. 0. 1. 0.
-0.709 0.705 0. -34.173 -0.705 -0.709 0. -596.313 0. 0. 1. 0.
-0.771 0.637 0. -35.420 -0.637 -0.771 0. -597.241 0. 0. 1. 0.
-0.819 0.573 0. -36.664 -0.573 -0.819 0. -598.117 0. 0. 1. 0.
-0.851 0.525 0. -38.007 -0.525 -0.851 0. -598.960 0. 0. 1. 0.
-0.873 0.487 0. -39.376 -0.487 -0.873 0. -599.717 0. 0. 1. 0.
-0.888 0.460 0. -40.898 -0.460 -0.888 0. -600.411 0. 0. 1. 0.
-0.899 0.437 0. -42.425 -0.437 -0.899 0. -601.122 0. 0. 1. 0.
-0.906 0.423 0. -43.972 -0.423 -0.906 0. -601.867 0. 0. 1. 0.
-0.910 0.414 0. -45.592 -0.414 -0.910 0. -602.582 0. 0. 1. 0.
-0.911 0.412 0. -47.203 -0.412 -0.911 0. -603.299 0. 0. 1. 0.
-0.913 0.408 0. -48.870 -0.408 -0.913 0. -604.039 0. 0. 1. 0.
-0.913 0.409 0. -50.594 -0.409 -0.913 0. -604.792 0. 0. 1. 0.
-0.912 0.409 0. -52.320 -0.409 -0.912 0. -605.536 0. 0. 1. 0.
-0.913 0.407 0. -54.056 -0.407 -0.913 0. -606.287 0. 0. 1. 0.
-0.913 0.408 0. -55.789 -0.408 -0.913 0. -607.051 0. 0. 1. 0.
-0.913 0.407 0. -57.548 -0.407 -0.913 0. -607.837 0. 0. 1. 0.
-0.914 0.406 0. -59.352 -0.406 -0.914 0. -608.658 0. 0. 1. 0.
-0.915 0.404 0. -61.132 -0.404 -0.915 0. -609.491 0. 0. 1. 0.
-0.915 0.403 0. -62.976 -0.403 -0.915 0. -610.308 0. 0. 1. 0.
-0.915 0.403 0. -64.811 -0.403 -0.915 0. -611.121 0. 0. 1. 0.
-0.916 0.402 0. -66.678 -0.402 -0.916 0. -612.021 0. 0. 1. 0.
-0.916 0.400 0. -68.609 -0.400 -0.916 0. -612.846 0. 0. 1. 0.
-0.917 0.399 0. -70.533 -0.399 -0.917 0. -613.690 0. 0. 1. 0.
-0.917 0.399 0. -72.542 -0.399 -0.917 0. -614.569 0. 0. 1. 0.
-0.917 0.400 0. -74.594 -0.400 -0.917 0. -615.437 0. 0. 1. 0.
-0.917 0.400 0. -76.637 -0.400 -0.917 0. -616.412 0. 0. 1. 0.
-0.916 0.402 0. -78.742 -0.402 -0.916 0. -617.284 0. 0. 1. 0.
-0.916 0.400 0. -80.885 -0.400 -0.916 0. -618.226 0. 0. 1. 0.
-0.916 0.401 0. -83.024 -0.401 -0.916 0. -619.230 0. 0. 1. 0.
-0.917 0.400 0. -85.186 -0.400 -0.917 0. -620.231 0. 0. 1. 0.
-0.915 0.403 0. -87.384 -0.403 -0.915 0. -621.276 0. 0. 1. 0.
-0.915 0.403 0. -89.683 -0.403 -0.915 0. -622.117 0. 0. 1. 0.
-0.915 0.403 0. -91.941 -0.403 -0.915 0. -623.191 0. 0. 1. 0.
-0.915 0.404 0. -94.212 -0.404 -0.915 0. -624.124 0. 0. 1. 0.
-0.915 0.403 0. -96.632 -0.403 -0.915 0. -625.158 0. 0. 1. 0.
-0.914 0.405 0. -99.063 -0.405 -0.914 0. -626.215 0. 0. 1. 0.
-0.914 0.406 0. -101.496 -0.406 -0.914 0. -627.267 0. 0. 1. 0.
-0.915 0.404 0. -103.892 -0.404 -0.915 0. -628.430 0. 0. 1. 0.
-0.915 0.402 0. -106.386 -0.402 -0.915 0. -629.478 0. 0. 1. 0.
-0.914 0.405 0. -108.891 -0.405 -0.914 0. -630.603 0. 0. 1. 0.
-0.915 0.403 0. -111.432 -0.403 -0.915 0. -631.712 0. 0. 1. 0.
-0.916 0.401 0. -114.039 -0.401 -0.916 0. -632.934 0. 0. 1. 0.
-0.916 0.401 0. -116.492 -0.401 -0.916 0. -633.946 0. 0. 1. 0.
-0.916 0.401 0. -119.008 -0.401 -0.916 0. -635.116 0. 0. 1. 0.
-0.917 0.399 0. -121.460 -0.399 -0.917 0. -636.175 0. 0. 1. 0.
-0.919 0.395 0. -123.893 -0.395 -0.919 0. -637.250 0. 0. 1. 0.
-0.921 0.390 0. -126.353 -0.390 -0.921 0. -638.191 0. 0. 1. 0.
-0.924 0.383 0. -128.793 -0.383 -0.924 0. -639.270 0. 0. 1. 0.
-0.929 0.371 0. -131.267 -0.371 -0.929 0. -640.131 0. 0. 1. 0.
-0.936 0.352 0. -133.641 -0.352 -0.936 0. -641.115 0. 0. 1. 0.
-0.945 0.327 0. -136.107 -0.327 -0.945 0. -641.935 0. 0. 1. 0.
-0.955 0.297 0. -138.512 -0.297 -0.955 0. -642.758 0. 0. 1. 0.
-0.964 0.267 0. -141.026 -0.267 -0.964 0. -643.454 0. 0. 1. 0.
