1619726114982098 1.00000 0.00000 0.00000 -0.00000 0.00000 -1.00000 0.00000 0.00000 0.00000 -0.00000 -1.00000 0.00000
1619726115231478 0.99999 0.00530 0.00000 -0.00103 0.00530 -0.99999 0.00000 -0.00032 0.00000 -0.00000 -1.00000 -0.00000
1619726115481479 0.99999 0.00437 0.00000 -0.00736 0.00437 -0.99999 0.00000 0.00435 0.00000 -0.00000 -1.00000 0.00000
1619726115731486 1.00000 0.00211 -0.00000 0.00293 0.00211 -1.00000 0.00000 -0.01271 0.00000 -0.00000 -1.00000 -0.00000
1619726115981487 1.00000 0.00127 0.00000 0.00701 0.00127 -1.00000 0.00000 -0.01734 0.00000 -0.00000 -1.00000 -0.00000
1619726116231489 0.99999 0.00444 0.00000 0.01122 0.00444 -0.99999 0.00000 -0.03685 0.00000 -0.00000 -1.00000 -0.00000
1619726116481501 0.99999 0.00342 0.00000 -0.02111 0.00342 -0.99999 0.00000 0.01092 0.00000 -0.00000 -1.00000 0.00000
1619726116730870 1.00000 0.00136 0.00000 0.00620 0.00136 -1.00000 0.00000 -0.07532 0.00000 -0.00000 -1.00000 -0.00000
1619726116980876 0.99999 0.00467 0.00000 -0.00600 0.00467 -0.99999 0.00000 -0.01608 0.00000 -0.00000 -1.00000 -0.00000
1619726117230878 0.99998 0.00693 0.00000 0.00038 0.00693 -0.99998 0.00000 -0.01223 0.00000 -0.00000 -1.00000 -0.00000
1619726117480882 1.00000 -0.00012 0.00000 -0.01838 -0.00012 -1.00000 0.00000 -0.04057 -0.00000 -0.00000 -1.00000 -0.00000
1619726117730889 0.99997 0.00769 0.00000 -0.00043 0.00769 -0.99997 0.00000 -0.03115 0.00000 -0.00000 -1.00000 -0.00000
1619726117980890 0.99997 0.00759 0.00000 -0.00098 0.00759 -0.99997 0.00000 -0.01033 0.00000 -0.00000 -1.00000 -0.00000
1619726118230900 0.99996 0.00937 0.00000 -0.00397 0.00937 -0.99996 0.00000 -0.01429 0.00000 -0.00000 -1.00000 -0.00000
1619726118480897 1.00000 -0.00142 0.00000 -0.02269 -0.00142 -1.00000 0.00000 -0.03648 -0.00000 -0.00000 -1.00000 -0.00000
1619726118730902 0.99999 0.00503 0.00000 -0.01104 0.00503 -0.99999 0.00000 -0.02892 0.00000 -0.00000 -1.00000 -0.00000
1619726118980902 0.99998 0.00595 0.00000 -0.01817 0.00595 -0.99998 0.00000 0.02020 0.00000 -0.00000 -1.00000 0.00000
1619726119230911 1.00000 0.00221 0.00000 -0.00062 0.00221 -1.00000 0.00000 0.00335 0.00000 -0.00000 -1.00000 0.00000
1619726119480910 1.00000 0.00148 -0.00000 0.01535 0.00148 -1.00000 0.00000 -0.02474 0.00000 -0.00000 -1.00000 -0.00000
1619726119731542 1.00000 0.00290 0.00000 -0.01454 0.00290 -1.00000 0.00000 0.01416 0.00000 -0.00000 -1.00000 0.00000
1619726119981544 0.99997 0.00750 -0.00000 -0.03019 0.00750 -0.99997 0.00000 -0.00279 0.00000 -0.00000 -1.00000 -0.00000
1619726120232168 1.00000 0.00093 0.00000 -0.00043 0.00093 -1.00000 0.00000 -0.02894 0.00000 -0.00000 -1.00000 -0.00000
1619726120482173 1.00000 0.00154 0.00000 0.01431 0.00154 -1.00000 0.00000 -0.01670 0.00000 -0.00000 -1.00000 -0.00000
1619726120732177 1.00000 0.00278 0.00000 0.00505 0.00278 -1.00000 0.00000 -0.02167 0.00000 -0.00000 -1.00000 -0.00000
1619726120982189 0.99997 0.00813 0.00000 0.00148 0.00813 -0.99997 0.00000 -0.02698 0.00000 -0.00000 -1.00000 -0.00000
1619726121232187 0.99999 0.00486 0.00000 -0.00205 0.00486 -0.99999 0.00000 0.00407 0.00000 -0.00000 -1.00000 0.00000
1619726121482187 0.99998 0.00691 0.00000 0.01620 0.00691 -0.99998 0.00000 -0.02469 0.00000 -0.00000 -1.00000 -0.00000
1619726121732196 1.00000 -0.00164 -0.00000 -0.01967 -0.00164 -1.00000 0.00000 -0.03425 -0.00000 -0.00000 -1.00000 -0.00000
1619726121982196 0.99998 0.00563 0.00000 0.00097 0.00563 -0.99998 0.00000 -0.04862 0.00000 -0.00000 -1.00000 -0.00000
1619726122232199 0.99998 0.00703 0.00000 -0.00594 0.00703 -0.99998 0.00000 0.01213 0.00000 -0.00000 -1.00000 0.00000
1619726122482202 0.99998 0.00592 0.00000 0.01236 0.00592 -0.99998 0.00000 -0.01881 0.00000 -0.00000 -1.00000 -0.00000
1619726122732207 0.99997 0.00713 0.00000 -0.02713 0.00713 -0.99997 0.00000 -0.01936 0.00000 -0.00000 -1.00000 -0.00000
1619726122982208 1.00000 -0.00181 0.00000 -0.02631 -0.00181 -1.00000 0.00000 -0.03731 -0.00000 -0.00000 -1.00000 -0.00000
1619726123232218 0.99998 0.00706 0.00000 0.00191 0.00706 -0.99998 0.00000 -0.03925 0.00000 -0.00000 -1.00000 -0.00000
1619726123482217 0.99998 0.00612 0.00000 0.00743 0.00612 -0.99998 0.00000 0.00508 0.00000 -0.00000 -1.00000 0.00000
1619726123732219 0.99998 0.00631 -0.00000 0.00831 0.00631 -0.99998 0.00000 -0.02077 0.00000 -0.00000 -1.00000 -0.00000
1619726123982846 0.99999 0.00535 0.00000 -0.03446 0.00535 -0.99999 0.00000 0.02285 0.00000 -0.00000 -1.00000 0.00000
1619726124232857 1.00000 0.00257 0.00000 0.00728 0.00257 -1.00000 0.00000 -0.02652 0.00000 -0.00000 -1.00000 -0.00000
1619726124482862 1.00000 0.00157 0.00000 0.01019 0.00157 -1.00000 0.00000 -0.01295 0.00000 -0.00000 -1.00000 -0.00000
1619726124732863 1.00000 0.00071 0.00000 0.00683 0.00071 -1.00000 0.00000 -0.02958 0.00000 -0.00000 -1.00000 -0.00000
1619726124982862 0.99998 0.00548 0.00000 0.01468 0.00548 -0.99998 0.00000 -0.03216 0.00000 -0.00000 -1.00000 -0.00000
1619726125232870 0.99999 0.00467 0.00000 -0.00668 0.00467 -0.99999 0.00000 0.00260 0.00000 -0.00000 -1.00000 0.00000
1619726125482867 1.00000 0.00206 0.00000 -0.00127 0.00206 -1.00000 0.00000 -0.00029 0.00000 -0.00000 -1.00000 -0.00000
1619726125732877 1.00000 -0.00168 0.00000 -0.01160 -0.00168 -1.00000 0.00000 -0.03094 -0.00000 -0.00000 -1.00000 -0.00000
1619726125982876 1.00000 -0.00134 0.00000 -0.00260 -0.00134 -1.00000 0.00000 -0.03449 -0.00000 -0.00000 -1.00000 -0.00000
1619726126232880 1.00000 -0.00087 0.00000 -0.01806 -0.00087 -1.00000 0.00000 -0.02630 -0.00000 -0.00000 -1.00000 -0.00000
1619726126482884 1.00000 -0.00176 0.00000 -0.03755 -0.00176 -1.00000 0.00000 -0.05209 -0.00000 -0.00000 -1.00000 -0.00000
1619726126732264 1.00000 -0.00316 0.00000 -0.07523 -0.00316 -1.00000 0.00000 -0.01342 -0.00000 -0.00000 -1.00000 -0.00000
1619726126982264 0.99998 0.00559 0.00000 -0.14421 0.00559 -0.99998 0.00000 -0.02497 0.00000 -0.00000 -1.00000 -0.00000
1619726127232271 0.99999 0.00362 -0.00000 -0.22235 0.00362 -0.99999 0.00000 0.02852 0.00000 -0.00000 -1.00000 0.00000
1619726127481652 0.99999 -0.00494 -0.00000 -0.30016 -0.00494 -0.99999 0.00000 -0.10427 -0.00000 -0.00000 -1.00000 -0.00000
1619726127731657 0.99989 -0.01482 0.00000 -0.47385 -0.01482 -0.99989 0.00000 -0.09074 -0.00000 -0.00000 -1.00000 -0.00000
1619726127981654 1.00000 0.00030 0.00000 -0.70120 0.00030 -1.00000 0.00000 -0.02752 0.00000 -0.00000 -1.00000 -0.00000
1619726128231663 0.99998 -0.00574 0.00000 -1.05051 -0.00574 -0.99998 0.00000 0.02303 -0.00000 -0.00000 -1.00000 0.00000
1619726128481664 0.99987 -0.01605 0.00000 -1.37691 -0.01605 -0.99987 0.00000 -0.08349 -0.00000 -0.00000 -1.00000 -0.00000
1619726128732290 0.99943 -0.03380 0.00000 -1.88891 -0.03380 -0.99943 0.00000 -0.02463 -0.00000 -0.00000 -1.00000 -0.00000
1619726128981683 0.99899 -0.04489 0.00000 -2.44083 -0.04489 -0.99899 0.00000 -0.04675 -0.00000 -0.00000 -1.00000 -0.00000
1619726129231676 0.99869 -0.05114 0.00000 -3.10532 -0.05114 -0.99869 0.00000 0.04720 -0.00000 -0.00000 -1.00000 0.00000
1619726129481672 0.99745 -0.07137 0.00000 -3.86419 -0.07137 -0.99745 0.00000 -0.01889 -0.00000 -0.00000 -1.00000 -0.00000
1619726129731679 0.99643 -0.08441 0.00000 -4.56673 -0.08441 -0.99643 0.00000 0.01906 -0.00000 -0.00000 -1.00000 0.00000
1619726129981683 0.99550 -0.09473 -0.00000 -5.52489 -0.09473 -0.99550 0.00000 0.08997 -0.00000 -0.00000 -1.00000 0.00000
1619726130231690 0.99447 -0.10506 0.00000 -6.45931 -0.10506 -0.99447 0.00000 0.15261 -0.00000 -0.00000 -1.00000 0.00000
1619726130481060 0.99418 -0.10770 0.00000 -7.43891 -0.10770 -0.99418 0.00000 0.03932 -0.00000 -0.00000 -1.00000 0.00000
1619726130731693 0.99337 -0.11496 -0.00000 -8.48023 -0.11496 -0.99337 0.00000 0.19139 -0.00000 -0.00000 -1.00000 0.00000
1619726130981703 0.99224 -0.12433 -0.00000 -9.49013 -0.12433 -0.99224 0.00000 0.19140 -0.00000 -0.00000 -1.00000 0.00000
1619726131231079 0.99213 -0.12523 0.00000 -10.58475 -0.12523 -0.99213 0.00000 0.13440 -0.00000 -0.00000 -1.00000 0.00000
1619726131481081 0.99170 -0.12857 0.00000 -11.79147 -0.12857 -0.99170 0.00000 0.29232 -0.00000 -0.00000 -1.00000 0.00000
1619726131731087 0.99005 -0.14074 0.00000 -12.81638 -0.14074 -0.99005 0.00000 0.35955 -0.00000 -0.00000 -1.00000 0.00000
1619726131981087 0.98957 -0.14407 0.00000 -13.85394 -0.14407 -0.98957 0.00000 0.31782 -0.00000 -0.00000 -1.00000 0.00000
1619726132231095 0.98966 -0.14347 0.00000 -14.90220 -0.14347 -0.98966 0.00000 0.31771 -0.00000 -0.00000 -1.00000 0.00000
1619726132481764 0.99042 -0.13807 0.00000 -15.92846 -0.13807 -0.99042 0.00000 0.27158 -0.00000 -0.00000 -1.00000 0.00000
1619726132731720 0.99173 -0.12833 0.00000 -16.78749 -0.12833 -0.99173 0.00000 0.00177 -0.00000 -0.00000 -1.00000 0.00000
1619726132982350 0.99296 -0.11845 0.00000 -17.63943 -0.11845 -0.99296 0.00000 -0.09513 -0.00000 -0.00000 -1.00000 -0.00000
1619726133232994 0.99368 -0.11226 0.00000 -18.44864 -0.11226 -0.99368 0.00000 -0.31483 -0.00000 -0.00000 -1.00000 -0.00000
1619726133482984 0.99497 -0.10017 0.00000 -19.23002 -0.10017 -0.99497 0.00000 -0.38184 -0.00000 -0.00000 -1.00000 -0.00000
1619726133732363 0.99634 -0.08550 0.00000 -19.97831 -0.08550 -0.99634 0.00000 -0.79202 -0.00000 -0.00000 -1.00000 -0.00000
1619726133982364 0.99751 -0.07046 0.00000 -20.67452 -0.07046 -0.99751 0.00000 -0.95530 -0.00000 -0.00000 -1.00000 -0.00000
1619726134232369 0.99825 -0.05909 -0.00000 -21.31664 -0.05909 -0.99825 0.00000 -1.16446 -0.00000 -0.00000 -1.00000 -0.00000
1619726134482372 0.99886 -0.04781 0.00000 -21.93622 -0.04781 -0.99886 0.00000 -1.43534 -0.00000 -0.00000 -1.00000 -0.00000
1619726134732378 0.99926 -0.03835 0.00000 -22.59625 -0.03835 -0.99926 0.00000 -1.69611 -0.00000 -0.00000 -1.00000 -0.00000
1619726134982379 0.99954 -0.03025 0.00000 -23.16319 -0.03025 -0.99954 0.00000 -1.82538 -0.00000 -0.00000 -1.00000 -0.00000
1619726135232382 0.99960 -0.02813 0.00000 -23.80859 -0.02813 -0.99960 0.00000 -1.90789 -0.00000 -0.00000 -1.00000 -0.00000
1619726135481760 0.99981 -0.01948 0.00000 -24.42930 -0.01948 -0.99981 0.00000 -2.24007 -0.00000 -0.00000 -1.00000 -0.00000
1619726135731769 1.00000 -0.00040 0.00000 -25.15388 -0.00040 -1.00000 0.00000 -2.56130 -0.00000 -0.00000 -1.00000 -0.00000
1619726135981767 1.00000 0.00204 0.00000 -25.82451 0.00204 -1.00000 0.00000 -2.65657 0.00000 -0.00000 -1.00000 -0.00000
1619726136231772 0.99997 0.00828 0.00000 -26.61205 0.00828 -0.99997 0.00000 -2.81476 0.00000 -0.00000 -1.00000 -0.00000
1619726136481149 0.99987 0.01621 0.00000 -27.49430 0.01621 -0.99987 0.00000 -3.16302 0.00000 -0.00000 -1.00000 -0.00000
1619726136731156 0.99950 0.03167 0.00000 -28.35669 0.03167 -0.99950 0.00000 -3.46231 0.00000 -0.00000 -1.00000 -0.00000
1619726136981165 0.99956 0.02980 0.00000 -29.39013 0.02980 -0.99956 0.00000 -3.50374 0.00000 -0.00000 -1.00000 -0.00000
1619726137231163 0.99931 0.03701 0.00000 -30.38668 0.03701 -0.99931 0.00000 -3.82736 0.00000 -0.00000 -1.00000 -0.00000
1619726137481162 0.99898 0.04519 0.00000 -31.49504 0.04519 -0.99898 0.00000 -4.04399 0.00000 -0.00000 -1.00000 -0.00000
1619726137731794 0.99914 0.04150 0.00000 -32.75518 0.04150 -0.99914 0.00000 -3.96586 0.00000 -0.00000 -1.00000 -0.00000
1619726137981796 0.99882 0.04854 0.00000 -34.00394 0.04854 -0.99882 0.00000 -4.17122 0.00000 -0.00000 -1.00000 -0.00000
1619726138231810 0.99881 0.04870 -0.00000 -35.32731 0.04870 -0.99881 0.00000 -4.21609 0.00000 -0.00000 -1.00000 -0.00000
1619726138481800 0.99872 0.05060 0.00000 -36.73988 0.05060 -0.99872 0.00000 -4.28599 0.00000 -0.00000 -1.00000 -0.00000
1619726138731806 0.99866 0.05169 0.00000 -38.16891 0.05169 -0.99866 0.00000 -4.34215 0.00000 -0.00000 -1.00000 -0.00000
1619726138981808 0.99856 0.05357 0.00000 -39.55705 0.05357 -0.99856 0.00000 -4.46397 0.00000 -0.00000 -1.00000 -0.00000
1619726139231813 0.99853 0.05412 -0.00000 -40.96486 0.05412 -0.99853 0.00000 -4.40782 0.00000 -0.00000 -1.00000 -0.00000
1619726139481820 0.99910 0.04246 0.00000 -42.47935 0.04246 -0.99910 0.00000 -4.03717 0.00000 -0.00000 -1.00000 -0.00000
1619726139731198 0.99897 0.04545 0.00000 -43.91827 0.04545 -0.99897 0.00000 -4.30673 0.00000 -0.00000 -1.00000 -0.00000
1619726139981199 0.99881 0.04870 0.00000 -45.26899 0.04870 -0.99881 0.00000 -4.31415 0.00000 -0.00000 -1.00000 -0.00000
1619726140231205 0.99895 0.04591 0.00000 -46.66991 0.04591 -0.99895 0.00000 -4.13211 0.00000 -0.00000 -1.00000 -0.00000
1619726140481251 0.99918 0.04038 0.00000 -48.12202 0.04038 -0.99918 0.00000 -3.93620 0.00000 -0.00000 -1.00000 -0.00000
1619726140730590 0.99921 0.03973 -0.00000 -49.63904 0.03973 -0.99921 0.00000 -3.91810 0.00000 -0.00000 -1.00000 -0.00000
1619726140981211 0.99891 0.04671 -0.00000 -51.05651 0.04671 -0.99891 0.00000 -4.22241 0.00000 -0.00000 -1.00000 -0.00000
1619726141231216 0.99855 0.05378 0.00000 -52.61135 0.05378 -0.99855 0.00000 -4.62276 0.00000 -0.00000 -1.00000 -0.00000
1619726141481841 0.99860 0.05298 0.00000 -54.20765 0.05298 -0.99860 0.00000 -4.54095 0.00000 -0.00000 -1.00000 -0.00000
1619726141731851 0.99832 0.05799 0.00000 -55.78777 0.05799 -0.99832 0.00000 -4.93209 0.00000 -0.00000 -1.00000 -0.00000
1619726141981853 0.99803 0.06270 0.00000 -57.49005 0.06270 -0.99803 0.00000 -5.22686 0.00000 -0.00000 -1.00000 -0.00000
1619726142231858 0.99796 0.06377 0.00000 -59.20385 0.06377 -0.99796 0.00000 -5.28348 0.00000 -0.00000 -1.00000 -0.00000
1619726142481856 0.99741 0.07193 0.00000 -60.90195 0.07193 -0.99741 0.00000 -5.81146 0.00000 -0.00000 -1.00000 -0.00000
1619726142731864 0.99683 0.07954 0.00000 -62.63815 0.07954 -0.99683 0.00000 -6.26749 0.00000 -0.00000 -1.00000 -0.00000
1619726142981867 0.99647 0.08397 -0.00000 -64.49035 0.08397 -0.99647 0.00000 -6.56210 0.00000 -0.00000 -1.00000 -0.00000
1619726143231242 0.99528 0.09706 0.00000 -66.26029 0.09706 -0.99528 0.00000 -7.45640 0.00000 -0.00000 -1.00000 -0.00000
1619726143481246 0.99486 0.10129 0.00000 -68.10122 0.10129 -0.99486 0.00000 -7.70256 0.00000 -0.00000 -1.00000 -0.00000
1619726143731250 0.99471 0.10268 0.00000 -70.09419 0.10268 -0.99471 0.00000 -7.87474 0.00000 -0.00000 -1.00000 -0.00000
1619726143981878 0.99540 0.09577 0.00000 -72.08292 0.09577 -0.99540 0.00000 -7.36227 0.00000 -0.00000 -1.00000 -0.00000
1619726144231885 0.99555 0.09426 0.00000 -74.07528 0.09426 -0.99555 0.00000 -7.23497 0.00000 -0.00000 -1.00000 -0.00000
1619726144481888 0.99672 0.08087 -0.00000 -76.16237 0.08087 -0.99672 0.00000 -6.27608 0.00000 -0.00000 -1.00000 -0.00000
1619726144731267 0.99749 0.07078 -0.00000 -78.21008 0.07078 -0.99749 0.00000 -5.57419 0.00000 -0.00000 -1.00000 -0.00000
1619726144981900 0.99921 0.03966 0.00000 -80.39784 0.03966 -0.99921 0.00000 -3.11622 0.00000 -0.00000 -1.00000 -0.00000
1619726145231900 0.99999 0.00470 0.00000 -82.39326 0.00470 -0.99999 0.00000 -0.30102 0.00000 -0.00000 -1.00000 -0.00000
1619726145481900 0.99943 -0.03388 0.00000 -84.36520 -0.03388 -0.99943 0.00000 2.89052 -0.00000 -0.00000 -1.00000 0.00000
1619726145731903 0.99702 -0.07720 -0.00000 -86.12261 -0.07720 -0.99702 0.00000 6.53561 -0.00000 -0.00000 -1.00000 0.00000
1619726145981281 0.99279 -0.11991 0.00000 -87.61708 -0.11991 -0.99279 0.00000 10.06490 -0.00000 -0.00000 -1.00000 0.00000
1619726146231285 0.98687 -0.16150 0.00000 -89.08622 -0.16150 -0.98687 0.00000 13.77610 -0.00000 -0.00000 -1.00000 0.00000
1619726146480664 0.97536 -0.22061 -0.00000 -90.11225 -0.22061 -0.97536 0.00000 19.02482 -0.00000 -0.00000 -1.00000 0.00000
1619726146730674 0.96235 -0.27180 0.00000 -90.84282 -0.27180 -0.96235 0.00000 23.83794 -0.00000 -0.00000 -1.00000 0.00000
1619726146981292 0.93994 -0.34133 0.00000 -90.81636 -0.34133 -0.93994 0.00000 30.38331 -0.00000 -0.00000 -1.00000 0.00000
1619726147231925 0.91698 -0.39893 0.00000 -90.83081 -0.39893 -0.91698 0.00000 35.99650 -0.00000 -0.00000 -1.00000 0.00000
1619726147481929 0.89124 -0.45353 0.00000 -90.49676 -0.45353 -0.89124 0.00000 41.44339 -0.00000 -0.00000 -1.00000 0.00000
1619726147731934 0.86237 -0.50628 0.00000 -89.81612 -0.50628 -0.86237 0.00000 46.73559 -0.00000 -0.00000 -1.00000 0.00000
1619726147982559 0.82617 -0.56342 0.00000 -88.46378 -0.56342 -0.82617 0.00000 52.67238 -0.00000 -0.00000 -1.00000 0.00000
1619726148232566 0.77959 -0.62629 0.00000 -86.21288 -0.62629 -0.77959 0.00000 59.59042 -0.00000 -0.00000 -1.00000 0.00000
1619726148481986 0.72517 -0.68857 0.00000 -82.89644 -0.68857 -0.72517 0.00000 66.33819 -0.00000 -0.00000 -1.00000 0.00000
1619726148731954 0.66305 -0.74857 0.00000 -78.81730 -0.74857 -0.66305 0.00000 73.33154 -0.00000 -0.00000 -1.00000 0.00000
1619726148981950 0.60472 -0.79644 0.00000 -75.00762 -0.79644 -0.60472 0.00000 79.00282 -0.00000 -0.00000 -1.00000 0.00000
1619726149231328 0.55587 -0.83127 0.00000 -72.07011 -0.83127 -0.55587 0.00000 83.14120 -0.00000 -0.00000 -1.00000 0.00000
1619726149481331 0.49983 -0.86612 -0.00000 -68.42668 -0.86612 -0.49983 0.00000 87.96877 -0.00000 -0.00000 -1.00000 0.00000
1619726149730716 0.46070 -0.88756 0.00000 -66.39513 -0.88756 -0.46070 0.00000 90.51975 -0.00000 -0.00000 -1.00000 0.00000
1619726149980711 0.42597 -0.90474 0.00000 -64.95441 -0.90474 -0.42597 0.00000 93.32810 -0.00000 -0.00000 -1.00000 0.00000
1619726150230720 0.40311 -0.91515 -0.00000 -64.60518 -0.91515 -0.40311 0.00000 94.67775 -0.00000 -0.00000 -1.00000 0.00000
1619726150481344 0.38645 -0.92231 0.00000 -64.99449 -0.92231 -0.38645 0.00000 95.93364 -0.00000 -0.00000 -1.00000 0.00000
1619726150731976 0.37691 -0.92625 0.00000 -66.08282 -0.92625 -0.37691 0.00000 96.47608 -0.00000 -0.00000 -1.00000 0.00000
1619726150981985 0.37918 -0.92532 0.00000 -68.41384 -0.92532 -0.37918 0.00000 96.06084 -0.00000 -0.00000 -1.00000 0.00000
1619726151232609 0.38111 -0.92453 0.00000 -70.82213 -0.92453 -0.38111 0.00000 95.88799 -0.00000 -0.00000 -1.00000 0.00000
1619726151483234 0.38901 -0.92123 0.00000 -73.78470 -0.92123 -0.38901 0.00000 95.22342 -0.00000 -0.00000 -1.00000 0.00000
1619726151733236 0.40113 -0.91602 0.00000 -77.23702 -0.91602 -0.40113 0.00000 94.24979 -0.00000 -0.00000 -1.00000 0.00000
1619726151983244 0.41961 -0.90770 0.00000 -81.30462 -0.90770 -0.41961 0.00000 92.61766 -0.00000 -0.00000 -1.00000 0.00000
1619726152233247 0.44220 -0.89692 0.00000 -85.83720 -0.89692 -0.44220 0.00000 90.40195 -0.00000 -0.00000 -1.00000 0.00000
1619726152483246 0.46577 -0.88491 0.00000 -90.49226 -0.88491 -0.46577 0.00000 88.18983 -0.00000 -0.00000 -1.00000 0.00000
1619726152733251 0.48080 -0.87683 -0.00000 -94.23696 -0.87683 -0.48080 0.00000 86.60357 -0.00000 -0.00000 -1.00000 0.00000
1619726152983266 0.49644 -0.86807 0.00000 -97.90293 -0.86807 -0.49644 0.00000 84.82184 -0.00000 -0.00000 -1.00000 0.00000
1619726153233261 0.51338 -0.85816 -0.00000 -101.77183 -0.85816 -0.51338 0.00000 82.85564 -0.00000 -0.00000 -1.00000 0.00000
1619726153483259 0.53038 -0.84776 0.00000 -105.60306 -0.84776 -0.53038 0.00000 80.67522 -0.00000 -0.00000 -1.00000 0.00000
1619726153733264 0.53794 -0.84298 0.00000 -108.48362 -0.84298 -0.53794 0.00000 79.72698 -0.00000 -0.00000 -1.00000 0.00000
1619726153983266 0.54216 -0.84027 0.00000 -110.94858 -0.84027 -0.54216 0.00000 79.16351 -0.00000 -0.00000 -1.00000 0.00000
1619726154233268 0.54844 -0.83619 0.00000 -113.67349 -0.83619 -0.54844 0.00000 78.32329 -0.00000 -0.00000 -1.00000 0.00000
1619726154483273 0.54212 -0.84030 -0.00000 -115.12169 -0.84030 -0.54212 0.00000 79.13063 -0.00000 -0.00000 -1.00000 0.00000
1619726154733278 0.54131 -0.84082 0.00000 -116.99909 -0.84082 -0.54131 0.00000 79.31513 -0.00000 -0.00000 -1.00000 0.00000
1619726154982661 0.54834 -0.83626 0.00000 -119.72877 -0.83626 -0.54834 0.00000 78.16033 -0.00000 -0.00000 -1.00000 0.00000
1619726155232655 0.55011 -0.83509 -0.00000 -121.93117 -0.83509 -0.55011 0.00000 77.87389 -0.00000 -0.00000 -1.00000 0.00000
1619726155482036 0.55195 -0.83388 0.00000 -123.84354 -0.83388 -0.55195 0.00000 77.46018 -0.00000 -0.00000 -1.00000 0.00000
1619726155732042 0.57138 -0.82068 0.00000 -127.51578 -0.82068 -0.57138 0.00000 74.53252 -0.00000 -0.00000 -1.00000 0.00000
1619726155982042 0.59998 -0.80002 0.00000 -131.83358 -0.80002 -0.59998 0.00000 69.97343 -0.00000 -0.00000 -1.00000 0.00000
1619726156232055 0.64179 -0.76688 0.00000 -137.13709 -0.76688 -0.64179 0.00000 62.81725 -0.00000 -0.00000 -1.00000 0.00000
1619726156482084 0.69341 -0.72055 0.00000 -142.75769 -0.72055 -0.69341 0.00000 53.16358 -0.00000 -0.00000 -1.00000 0.00000
1619726156732057 0.75398 -0.65689 -0.00000 -148.41092 -0.65689 -0.75398 0.00000 40.43339 -0.00000 -0.00000 -1.00000 0.00000
1619726156982059 0.82187 -0.56967 0.00000 -153.40830 -0.56967 -0.82187 0.00000 23.77083 -0.00000 -0.00000 -1.00000 0.00000
1619726157232062 0.89001 -0.45594 0.00000 -156.60372 -0.45594 -0.89001 0.00000 3.24775 -0.00000 -0.00000 -1.00000 0.00000
1619726157482067 0.94632 -0.32324 0.00000 -156.67572 -0.32324 -0.94632 0.00000 -19.23519 -0.00000 -0.00000 -1.00000 -0.00000
1619726157732070 0.98249 -0.18630 0.00000 -153.51945 -0.18630 -0.98249 0.00000 -41.12182 -0.00000 -0.00000 -1.00000 -0.00000
1619726157982075 0.99935 -0.03609 0.00000 -146.69977 -0.03609 -0.99935 0.00000 -63.80343 -0.00000 -0.00000 -1.00000 -0.00000
1619726158232085 0.99145 0.13045 0.00000 -135.16230 0.13045 -0.99145 0.00000 -87.33220 0.00000 -0.00000 -1.00000 -0.00000
1619726158482407 0.95252 0.30447 0.00000 -118.59063 0.30447 -0.95252 0.00000 -109.87203 0.00000 -0.00000 -1.00000 -0.00000
1619726158732084 0.87552 0.48319 0.00000 -96.06207 0.48319 -0.87552 0.00000 -130.71337 0.00000 -0.00000 -1.00000 -0.00000
1619726158982714 0.76415 0.64504 0.00000 -69.66972 0.64504 -0.76415 0.00000 -146.94735 0.00000 -0.00000 -1.00000 -0.00000
1619726159232731 0.61072 0.79185 0.00000 -38.03244 0.79185 -0.61072 0.00000 -158.27882 0.00000 -0.00000 -1.00000 -0.00000
1619726159482719 0.44055 0.89773 0.00000 -6.70888 0.89773 -0.44055 0.00000 -162.58616 0.00000 -0.00000 -1.00000 -0.00000
1619726159733349 0.24993 0.96827 0.00000 25.38049 0.96827 -0.24993 0.00000 -160.57983 0.00000 -0.00000 -1.00000 -0.00000
1619726159983352 0.04691 0.99890 -0.00000 56.73938 0.99890 -0.04691 0.00000 -151.92425 0.00000 -0.00000 -1.00000 -0.00000
1619726160233356 -0.15477 0.98795 -0.00000 85.18605 0.98795 0.15477 0.00000 -137.41513 0.00000 0.00000 -1.00000 -0.00000
1619726160483360 -0.34671 0.93797 0.00000 109.68023 0.93797 0.34671 0.00000 -117.81323 0.00000 0.00000 -1.00000 -0.00000
1619726160733988 -0.52720 0.84974 -0.00000 130.06995 0.84974 0.52720 0.00000 -93.41850 0.00000 0.00000 -1.00000 -0.00000
1619726160984621 -0.66914 0.74313 0.00000 143.49653 0.74313 0.66914 0.00000 -68.94996 0.00000 0.00000 -1.00000 -0.00000
1619726161234625 -0.77697 0.62954 -0.00000 151.39134 0.62954 0.77697 0.00000 -45.63583 0.00000 0.00000 -1.00000 -0.00000
1619726161484632 -0.84174 0.53989 0.00000 154.34144 0.53989 0.84174 0.00000 -28.77403 0.00000 0.00000 -1.00000 -0.00000
1619726161735259 -0.88944 0.45704 0.00000 155.34258 0.45704 0.88944 0.00000 -13.71345 0.00000 0.00000 -1.00000 -0.00000
1619726161985261 -0.91482 0.40386 0.00000 154.56879 0.40386 0.91482 0.00000 -4.58372 0.00000 0.00000 -1.00000 -0.00000
1619726162235263 -0.92712 0.37476 0.00000 153.45735 0.37476 0.92712 0.00000 0.23531 0.00000 0.00000 -1.00000 0.00000
1619726162485887 -0.93343 0.35876 0.00000 152.17517 0.35876 0.93343 0.00000 2.99443 0.00000 0.00000 -1.00000 0.00000
1619726162735919 -0.93322 0.35930 0.00000 150.92343 0.35930 0.93322 0.00000 2.80366 0.00000 0.00000 -1.00000 0.00000
1619726162985272 -0.93282 0.36035 0.00000 149.60483 0.36035 0.93282 0.00000 2.59701 0.00000 0.00000 -1.00000 0.00000
1619726163235271 -0.92358 0.38339 -0.00000 148.12872 0.38339 0.92358 0.00000 -1.00299 0.00000 0.00000 -1.00000 -0.00000
1619726163485280 -0.91170 0.41085 0.00000 146.67302 0.41085 0.91170 0.00000 -5.52510 0.00000 0.00000 -1.00000 -0.00000
1619726163735292 -0.89359 0.44889 0.00000 144.71311 0.44889 0.89359 0.00000 -11.75536 0.00000 0.00000 -1.00000 -0.00000
1619726163985285 -0.87609 0.48215 0.00000 142.81666 0.48215 0.87609 0.00000 -17.14355 0.00000 0.00000 -1.00000 -0.00000
1619726164235290 -0.85157 0.52425 0.00000 140.13477 0.52425 0.85157 0.00000 -24.10370 0.00000 0.00000 -1.00000 -0.00000
1619726164484666 -0.82775 0.56109 0.00000 137.24746 0.56109 0.82775 0.00000 -30.41766 0.00000 0.00000 -1.00000 -0.00000
1619726164735301 -0.80104 0.59861 -0.00000 134.11822 0.59861 0.80104 0.00000 -36.65067 0.00000 0.00000 -1.00000 -0.00000
1619726164985299 -0.76560 0.64331 0.00000 130.01227 0.64331 0.76560 0.00000 -44.28997 0.00000 0.00000 -1.00000 -0.00000
1619726165234677 -0.72920 0.68430 0.00000 125.70954 0.68430 0.72920 0.00000 -51.44665 0.00000 0.00000 -1.00000 -0.00000
1619726165484683 -0.68269 0.73070 0.00000 120.21698 0.73070 0.68269 0.00000 -59.51642 0.00000 0.00000 -1.00000 -0.00000
1619726165734684 -0.62703 0.77900 0.00000 113.73159 0.77900 0.62703 0.00000 -68.27876 0.00000 0.00000 -1.00000 -0.00000
1619726165984066 -0.57474 0.81833 -0.00000 107.15522 0.81833 0.57474 0.00000 -75.69096 0.00000 0.00000 -1.00000 -0.00000
1619726166234066 -0.53051 0.84768 0.00000 101.09264 0.84768 0.53051 0.00000 -81.15562 0.00000 0.00000 -1.00000 -0.00000
1619726166484071 -0.48456 0.87476 -0.00000 94.70972 0.87476 0.48456 0.00000 -86.42832 0.00000 0.00000 -1.00000 -0.00000
1619726166733447 -0.46016 0.88784 0.00000 90.28384 0.88784 0.46016 0.00000 -88.98322 0.00000 0.00000 -1.00000 -0.00000
1619726166983448 -0.42289 0.90618 0.00000 84.49280 0.90618 0.42289 0.00000 -92.77285 0.00000 0.00000 -1.00000 -0.00000
1619726167233450 -0.39892 0.91698 0.00000 79.96914 0.91698 0.39892 0.00000 -94.77936 0.00000 0.00000 -1.00000 -0.00000
1619726167482831 -0.39106 0.92037 0.00000 77.02543 0.92037 0.39106 0.00000 -95.61147 0.00000 0.00000 -1.00000 -0.00000
1619726167732839 -0.37669 0.92634 0.00000 73.36946 0.92634 0.37669 0.00000 -96.82010 0.00000 0.00000 -1.00000 -0.00000
1619726167982840 -0.36681 0.93029 0.00000 70.16275 0.93029 0.36681 0.00000 -97.62421 0.00000 0.00000 -1.00000 -0.00000
1619726168232848 -0.35627 0.93438 0.00000 66.82577 0.93438 0.35627 0.00000 -98.33931 0.00000 0.00000 -1.00000 -0.00000
1619726168482218 -0.35702 0.93410 0.00000 64.78769 0.93410 0.35702 0.00000 -98.53227 0.00000 0.00000 -1.00000 -0.00000
1619726168732851 -0.36559 0.93078 0.00000 63.47828 0.93078 0.36559 0.00000 -97.78973 0.00000 0.00000 -1.00000 -0.00000
1619726168982861 -0.37463 0.92717 0.00000 62.31138 0.92717 0.37463 0.00000 -97.48418 0.00000 0.00000 -1.00000 -0.00000
1619726169232230 -0.40503 0.91431 0.00000 63.26660 0.91431 0.40503 0.00000 -94.94362 0.00000 0.00000 -1.00000 -0.00000
1619726169482234 -0.43207 0.90184 0.00000 64.02608 0.90184 0.43207 0.00000 -93.44049 0.00000 0.00000 -1.00000 -0.00000
1619726169732239 -0.47522 0.87987 0.00000 66.24241 0.87987 0.47522 0.00000 -89.97395 0.00000 0.00000 -1.00000 -0.00000
1619726169982242 -0.52376 0.85186 0.00000 69.08047 0.85186 0.52376 0.00000 -86.36814 0.00000 0.00000 -1.00000 -0.00000
1619726170232249 -0.57687 0.81683 0.00000 72.39578 0.81683 0.57687 0.00000 -81.93686 0.00000 0.00000 -1.00000 -0.00000
1619726170482245 -0.63128 0.77556 -0.00000 75.77310 0.77556 0.63128 0.00000 -76.81856 0.00000 0.00000 -1.00000 -0.00000
1619726170732250 -0.68507 0.72848 0.00000 78.96956 0.72848 0.68507 0.00000 -71.35615 0.00000 0.00000 -1.00000 -0.00000
1619726170982264 -0.73395 0.67920 0.00000 81.76280 0.67920 0.73395 0.00000 -65.79886 0.00000 0.00000 -1.00000 -0.00000
1619726171232259 -0.78395 0.62082 0.00000 84.60441 0.62082 0.78395 0.00000 -59.34131 0.00000 0.00000 -1.00000 -0.00000
1619726171482889 -0.82426 0.56621 0.00000 86.38131 0.56621 0.82426 0.00000 -53.58288 0.00000 0.00000 -1.00000 -0.00000
1619726171732893 -0.86662 0.49896 0.00000 88.39520 0.49896 0.86662 0.00000 -46.59291 0.00000 0.00000 -1.00000 -0.00000
1619726171982897 -0.89951 0.43689 0.00000 89.35964 0.43689 0.89951 0.00000 -40.20792 0.00000 0.00000 -1.00000 -0.00000
1619726172232897 -0.92936 0.36917 0.00000 90.15356 0.36917 0.92936 0.00000 -33.44867 0.00000 0.00000 -1.00000 -0.00000
1619726172482917 -0.95316 0.30246 0.00000 90.30491 0.30246 0.95316 0.00000 -27.06465 0.00000 0.00000 -1.00000 -0.00000
1619726172732909 -0.97133 0.23775 -0.00000 89.93876 0.23775 0.97133 0.00000 -21.01387 0.00000 0.00000 -1.00000 -0.00000
1619726172982913 -0.98440 0.17595 0.00000 89.08660 0.17595 0.98440 0.00000 -15.35344 0.00000 0.00000 -1.00000 -0.00000
1619726173232914 -0.99244 0.12271 0.00000 87.80899 0.12271 0.99244 0.00000 -10.45535 0.00000 0.00000 -1.00000 -0.00000
1619726173482916 -0.99654 0.08310 0.00000 86.18278 0.08310 0.99654 0.00000 -6.98280 0.00000 0.00000 -1.00000 -0.00000
1619726173733547 -0.99830 0.05829 -0.00000 84.32333 0.05829 0.99830 0.00000 -4.82334 0.00000 0.00000 -1.00000 -0.00000
1619726173983552 -0.99925 0.03881 0.00000 82.37828 0.03881 0.99925 0.00000 -3.19268 0.00000 0.00000 -1.00000 -0.00000
1619726174232930 -0.99977 0.02132 -0.00000 80.30583 0.02132 0.99977 0.00000 -1.76937 0.00000 0.00000 -1.00000 -0.00000
1619726174483555 -0.99991 0.01352 0.00000 78.33778 0.01352 0.99991 0.00000 -1.09277 0.00000 0.00000 -1.00000 -0.00000
1619726174733555 -0.99999 0.00484 -0.00000 76.24823 0.00484 0.99999 0.00000 -0.36328 0.00000 0.00000 -1.00000 -0.00000
1619726174983556 -1.00000 -0.00315 0.00000 74.16221 -0.00315 1.00000 0.00000 0.19512 -0.00000 0.00000 -1.00000 0.00000
1619726175233565 -0.99984 -0.01809 -0.00000 72.05712 -0.01809 0.99984 0.00000 1.29297 -0.00000 0.00000 -1.00000 0.00000
1619726175482942 -0.99931 -0.03707 0.00000 69.82880 -0.03707 0.99931 0.00000 2.53656 -0.00000 0.00000 -1.00000 0.00000
1619726175732948 -0.99873 -0.05048 0.00000 67.54252 -0.05048 0.99873 0.00000 3.38435 -0.00000 0.00000 -1.00000 0.00000
1619726175983572 -0.99842 -0.05617 0.00000 65.27313 -0.05617 0.99842 0.00000 3.84922 -0.00000 0.00000 -1.00000 0.00000
1619726176232952 -0.99791 -0.06456 0.00000 63.00527 -0.06456 0.99791 0.00000 4.30814 -0.00000 0.00000 -1.00000 0.00000
1619726176482955 -0.99818 -0.06034 0.00000 60.71241 -0.06034 0.99818 0.00000 4.02074 -0.00000 0.00000 -1.00000 0.00000
1619726176732961 -0.99843 -0.05596 0.00000 58.38595 -0.05596 0.99843 0.00000 3.65862 -0.00000 0.00000 -1.00000 0.00000
1619726176982970 -0.99881 -0.04884 0.00000 56.00575 -0.04884 0.99881 0.00000 3.31364 -0.00000 0.00000 -1.00000 0.00000
1619726177232348 -0.99901 -0.04457 -0.00000 53.63696 -0.04457 0.99901 0.00000 2.85737 -0.00000 0.00000 -1.00000 0.00000
1619726177482347 -0.99951 -0.03120 0.00000 51.26536 -0.03120 0.99951 0.00000 2.03165 -0.00000 0.00000 -1.00000 0.00000
1619726177732353 -0.99946 -0.03274 0.00000 48.75434 -0.03274 0.99946 0.00000 2.37241 -0.00000 0.00000 -1.00000 0.00000
1619726177982352 -0.99981 -0.01930 0.00000 46.34824 -0.01930 0.99981 0.00000 1.74161 -0.00000 0.00000 -1.00000 0.00000
1619726178232361 -0.99992 -0.01300 0.00000 43.98395 -0.01300 0.99992 0.00000 1.30579 -0.00000 0.00000 -1.00000 0.00000
1619726178482361 -0.99997 -0.00836 0.00000 41.49985 -0.00836 0.99997 0.00000 1.08497 -0.00000 0.00000 -1.00000 0.00000
1619726178731741 -0.99996 -0.00838 0.00000 39.06723 -0.00838 0.99996 0.00000 0.95611 -0.00000 0.00000 -1.00000 0.00000
1619726178981750 -0.99998 -0.00576 0.00000 36.65289 -0.00576 0.99998 0.00000 0.89923 -0.00000 0.00000 -1.00000 0.00000
1619726179231745 -1.00000 -0.00187 0.00000 34.17899 -0.00187 1.00000 0.00000 0.66500 -0.00000 0.00000 -1.00000 0.00000
1619726179481750 -0.99999 0.00457 -0.00000 31.74989 0.00457 0.99999 0.00000 0.48738 0.00000 0.00000 -1.00000 0.00000
1619726179731755 -0.99991 0.01366 0.00000 29.21859 0.01366 0.99991 0.00000 0.07999 0.00000 0.00000 -1.00000 0.00000
1619726179981755 -0.99980 0.02008 -0.00000 26.73504 0.02008 0.99980 0.00000 -0.15911 0.00000 0.00000 -1.00000 -0.00000
1619726180231764 -0.99951 0.03137 0.00000 24.19820 0.03137 0.99951 0.00000 -0.41652 0.00000 0.00000 -1.00000 -0.00000
1619726180481796 -0.99930 0.03734 0.00000 21.64407 0.03734 0.99930 0.00000 -0.56840 0.00000 0.00000 -1.00000 -0.00000
1619726180731770 -0.99937 0.03549 0.00000 18.99870 0.03549 0.99937 0.00000 -0.66695 0.00000 0.00000 -1.00000 -0.00000
1619726180982399 -0.99911 0.04208 0.00000 16.46533 0.04208 0.99911 0.00000 -0.79617 0.00000 0.00000 -1.00000 -0.00000
1619726181232397 -0.99901 0.04459 0.00000 13.88863 0.04459 0.99901 0.00000 -0.85492 0.00000 0.00000 -1.00000 -0.00000
1619726181482398 -0.99876 0.04986 0.00000 11.27857 0.04986 0.99876 0.00000 -0.98720 0.00000 0.00000 -1.00000 -0.00000
1619726181733032 -0.99826 0.05904 0.00000 8.67783 0.05904 0.99826 0.00000 -1.10696 0.00000 0.00000 -1.00000 -0.00000
1619726181982409 -0.99835 0.05749 -0.00000 6.09006 0.05749 0.99835 0.00000 -1.18067 0.00000 0.00000 -1.00000 -0.00000
1619726182232415 -0.99774 0.06714 0.00000 3.49429 0.06714 0.99774 0.00000 -1.17554 0.00000 0.00000 -1.00000 -0.00000
1619726182482414 -0.99757 0.06968 -0.00000 0.89268 0.06968 0.99757 0.00000 -1.21839 0.00000 0.00000 -1.00000 -0.00000
1619726182732424 -0.99769 0.06787 0.00000 -1.79074 0.06787 0.99769 0.00000 -1.34381 0.00000 0.00000 -1.00000 -0.00000
1619726182982424 -0.99771 0.06757 0.00000 -4.25437 0.06757 0.99771 0.00000 -1.26280 0.00000 0.00000 -1.00000 -0.00000
1619726183231803 -0.99875 0.05006 0.00000 -6.80971 0.05006 0.99875 0.00000 -1.48424 0.00000 0.00000 -1.00000 -0.00000
1619726183481805 -0.99913 0.04168 0.00000 -9.39879 0.04168 0.99913 0.00000 -1.54267 0.00000 0.00000 -1.00000 -0.00000
1619726183731808 -0.99932 0.03690 0.00000 -11.89374 0.03690 0.99932 0.00000 -1.54453 0.00000 0.00000 -1.00000 -0.00000
1619726183981812 -0.99907 0.04317 0.00000 -14.43835 0.04317 0.99907 0.00000 -1.42561 0.00000 0.00000 -1.00000 -0.00000
1619726184231817 -0.99914 0.04156 0.00000 -17.07189 0.04156 0.99914 0.00000 -1.61603 0.00000 0.00000 -1.00000 -0.00000
1619726184481818 -0.99890 0.04688 0.00000 -19.62062 0.04688 0.99890 0.00000 -1.49427 0.00000 0.00000 -1.00000 -0.00000
1619726184731826 -0.99915 0.04129 0.00000 -22.26133 0.04129 0.99915 0.00000 -1.68167 0.00000 0.00000 -1.00000 -0.00000
1619726184981838 -0.99934 0.03629 -0.00000 -24.80458 0.03629 0.99934 0.00000 -1.80565 0.00000 0.00000 -1.00000 -0.00000
1619726185232455 -0.99931 0.03707 0.00000 -27.45892 0.03707 0.99931 0.00000 -1.85257 0.00000 0.00000 -1.00000 -0.00000
1619726185482458 -0.99951 0.03114 0.00000 -30.08920 0.03114 0.99951 0.00000 -1.94730 0.00000 0.00000 -1.00000 -0.00000
1619726185733089 -0.99976 0.02179 0.00000 -32.52680 0.02179 0.99976 0.00000 -2.11436 0.00000 0.00000 -1.00000 -0.00000
1619726185982466 -0.99981 0.01961 0.00000 -35.24879 0.01961 0.99981 0.00000 -2.19215 0.00000 0.00000 -1.00000 -0.00000
1619726186232467 -0.99987 0.01635 0.00000 -37.72444 0.01635 0.99987 0.00000 -2.42864 0.00000 0.00000 -1.00000 -0.00000
1619726186482470 -0.99988 0.01557 0.00000 -40.21567 0.01557 0.99988 0.00000 -2.50360 0.00000 0.00000 -1.00000 -0.00000
1619726186731853 -1.00000 0.00087 0.00000 -42.69750 0.00087 1.00000 0.00000 -3.04656 0.00000 0.00000 -1.00000 -0.00000
1619726186981861 -1.00000 -0.00216 0.00000 -45.10245 -0.00216 1.00000 0.00000 -3.22863 -0.00000 0.00000 -1.00000 -0.00000
1619726187231232 -0.99981 -0.01934 0.00000 -47.39962 -0.01934 0.99981 0.00000 -4.17904 -0.00000 0.00000 -1.00000 -0.00000
1619726187481235 -0.99973 -0.02340 0.00000 -49.65627 -0.02340 0.99973 0.00000 -4.36849 -0.00000 0.00000 -1.00000 -0.00000
1619726187731869 -0.99946 -0.03271 0.00000 -51.81044 -0.03271 0.99946 0.00000 -4.85834 -0.00000 0.00000 -1.00000 -0.00000
1619726187982491 -0.99952 -0.03101 -0.00000 -53.82810 -0.03101 0.99952 0.00000 -4.77058 -0.00000 0.00000 -1.00000 -0.00000
1619726188232502 -0.99954 -0.03040 0.00000 -55.80897 -0.03040 0.99954 0.00000 -4.71901 -0.00000 0.00000 -1.00000 -0.00000
1619726188483131 -0.99957 -0.02926 0.00000 -57.66105 -0.02926 0.99957 0.00000 -4.63498 -0.00000 0.00000 -1.00000 -0.00000
1619726188733131 -0.99990 -0.01435 0.00000 -59.43796 -0.01435 0.99990 0.00000 -3.88393 -0.00000 0.00000 -1.00000 -0.00000
1619726188983139 -0.99994 0.01125 0.00000 -61.07880 0.01125 0.99994 0.00000 -2.39425 0.00000 0.00000 -1.00000 -0.00000
1619726189233138 -0.99878 0.04938 0.00000 -62.67741 0.04938 0.99878 0.00000 -0.08039 0.00000 0.00000 -1.00000 -0.00000
1619726189482517 -0.99587 0.09084 0.00000 -63.98108 0.09084 0.99587 0.00000 2.33232 0.00000 0.00000 -1.00000 0.00000
1619726189733145 -0.98779 0.15581 0.00000 -64.91614 0.15581 0.98779 0.00000 6.59342 0.00000 0.00000 -1.00000 0.00000
1619726189982522 -0.97603 0.21764 0.00000 -65.60385 0.21764 0.97603 0.00000 10.49398 0.00000 0.00000 -1.00000 0.00000
1619726190232522 -0.95543 0.29521 -0.00000 -65.53953 0.29521 0.95543 0.00000 15.77251 0.00000 0.00000 -1.00000 0.00000
1619726190481903 -0.92222 0.38666 0.00000 -64.79974 0.38666 0.92222 0.00000 22.15694 0.00000 0.00000 -1.00000 0.00000
1619726190731908 -0.87351 0.48680 0.00000 -63.09386 0.48680 0.87351 0.00000 29.11451 0.00000 0.00000 -1.00000 0.00000
1619726190981282 -0.81200 0.58365 0.00000 -60.33164 0.58365 0.81200 0.00000 36.06361 0.00000 0.00000 -1.00000 0.00000
1619726191231291 -0.72911 0.68440 0.00000 -56.20442 0.68440 0.72911 0.00000 43.60962 0.00000 0.00000 -1.00000 0.00000
1619726191481916 -0.63529 0.77227 -0.00000 -51.16227 0.77227 0.63529 0.00000 50.47297 0.00000 0.00000 -1.00000 0.00000
1619726191731923 -0.53971 0.84185 0.00000 -45.82039 0.84185 0.53971 0.00000 56.07366 0.00000 0.00000 -1.00000 0.00000
1619726191982548 -0.43945 0.89827 0.00000 -40.10968 0.89827 0.43945 0.00000 60.90637 0.00000 0.00000 -1.00000 0.00000
1619726192232548 -0.34844 0.93733 0.00000 -35.03960 0.93733 0.34844 0.00000 64.39622 0.00000 0.00000 -1.00000 0.00000
1619726192482553 -0.26374 0.96459 0.00000 -30.32667 0.96459 0.26374 0.00000 67.38642 0.00000 0.00000 -1.00000 0.00000
1619726192731937 -0.20113 0.97956 0.00000 -27.13520 0.97956 0.20113 0.00000 69.05530 0.00000 0.00000 -1.00000 0.00000
1619726192981942 -0.13974 0.99019 0.00000 -24.11536 0.99019 0.13974 0.00000 70.64552 0.00000 0.00000 -1.00000 0.00000
1619726193231318 -0.11026 0.99390 0.00000 -23.28144 0.99390 0.11026 0.00000 71.33493 0.00000 0.00000 -1.00000 0.00000
1619726193481318 -0.08823 0.99610 0.00000 -23.15703 0.99610 0.08823 0.00000 71.74038 0.00000 0.00000 -1.00000 0.00000
1619726193731952 -0.07450 0.99722 0.00000 -23.65613 0.99722 0.07450 0.00000 72.10310 0.00000 0.00000 -1.00000 0.00000
1619726193982574 -0.06403 0.99795 0.00000 -24.42646 0.99795 0.06403 0.00000 72.24514 0.00000 0.00000 -1.00000 0.00000
1619726194232578 -0.06182 0.99809 0.00000 -25.89399 0.99809 0.06182 0.00000 72.24759 0.00000 0.00000 -1.00000 0.00000
1619726194483206 -0.04465 0.99900 0.00000 -26.34922 0.99900 0.04465 0.00000 72.68509 0.00000 0.00000 -1.00000 0.00000
1619726194733217 -0.03751 0.99930 0.00000 -27.57158 0.99930 0.03751 0.00000 72.89859 0.00000 0.00000 -1.00000 0.00000
1619726194982595 -0.02075 0.99978 0.00000 -28.17341 0.99978 0.02075 0.00000 73.22861 0.00000 0.00000 -1.00000 0.00000
1619726195232597 -0.00688 0.99998 0.00000 -28.92874 0.99998 0.00688 0.00000 73.65423 0.00000 0.00000 -1.00000 0.00000
1619726195482595 0.01070 0.99994 0.00000 -29.50286 0.99994 -0.01070 0.00000 74.14627 0.00000 -0.00000 -1.00000 0.00000
1619726195732599 0.02973 0.99956 -0.00000 -29.95211 0.99956 -0.02973 0.00000 74.55521 0.00000 -0.00000 -1.00000 0.00000
1619726195982606 0.05856 0.99828 0.00000 -29.68558 0.99828 -0.05856 0.00000 75.46774 0.00000 -0.00000 -1.00000 0.00000
1619726196232610 0.08610 0.99629 0.00000 -29.56089 0.99629 -0.08610 0.00000 76.17032 0.00000 -0.00000 -1.00000 0.00000
1619726196482652 0.11901 0.99289 0.00000 -28.97198 0.99289 -0.11901 0.00000 77.15958 0.00000 -0.00000 -1.00000 0.00000
1619726196731988 0.14112 0.98999 0.00000 -29.26235 0.98999 -0.14112 0.00000 77.57872 0.00000 -0.00000 -1.00000 0.00000
1619726196981991 0.16389 0.98648 0.00000 -29.47806 0.98648 -0.16389 0.00000 78.27115 0.00000 -0.00000 -1.00000 0.00000
1619726197231997 0.16803 0.98578 0.00000 -31.16900 0.98578 -0.16803 0.00000 78.33125 0.00000 -0.00000 -1.00000 0.00000
1619726197481998 0.15288 0.98824 -0.00000 -34.46803 0.98824 -0.15288 0.00000 77.81119 0.00000 -0.00000 -1.00000 0.00000
1619726197732007 0.13627 0.99067 0.00000 -37.96015 0.99067 -0.13627 0.00000 77.09601 0.00000 -0.00000 -1.00000 0.00000
1619726197982634 0.11681 0.99315 0.00000 -41.45236 0.99315 -0.11681 0.00000 76.35635 0.00000 -0.00000 -1.00000 0.00000
