1634315732639787 1.00000 0.00000 0.00000 -0.00000 0.00000 -1.00000 0.00000 0.00000 0.00000 -0.00000 -1.00000 0.00000
1634315732888633 1.00000 0.00004 0.00000 0.00164 0.00004 -1.00000 0.00000 -0.00470 0.00000 -0.00000 -1.00000 -0.00000
1634315733137712 1.00000 0.00041 0.00000 0.00262 0.00041 -1.00000 0.00000 0.00039 0.00000 -0.00000 -1.00000 0.00000
1634315733386280 1.00000 0.00017 -0.00000 0.00169 0.00017 -1.00000 0.00000 -0.00116 0.00000 -0.00000 -1.00000 -0.00000
1634315733634814 1.00000 0.00033 0.00000 0.00103 0.00033 -1.00000 0.00000 -0.00117 0.00000 -0.00000 -1.00000 -0.00000
1634315733883672 1.00000 0.00026 0.00000 0.00220 0.00026 -1.00000 0.00000 -0.00363 0.00000 -0.00000 -1.00000 -0.00000
1634315734132570 1.00000 0.00014 0.00000 0.00210 0.00014 -1.00000 0.00000 -0.00370 0.00000 -0.00000 -1.00000 -0.00000
1634315734381500 1.00000 0.00023 0.00000 -0.00324 0.00023 -1.00000 0.00000 -0.00108 0.00000 -0.00000 -1.00000 -0.00000
1634315734630260 1.00000 0.00031 0.00000 0.00442 0.00031 -1.00000 0.00000 -0.00383 0.00000 -0.00000 -1.00000 -0.00000
1634315734879153 1.00000 0.00007 0.00000 0.00310 0.00007 -1.00000 0.00000 -0.00576 0.00000 -0.00000 -1.00000 -0.00000
1634315735128036 1.00000 0.00014 0.00000 0.00393 0.00014 -1.00000 0.00000 -0.00264 0.00000 -0.00000 -1.00000 -0.00000
1634315735376677 1.00000 -0.00002 0.00000 0.00048 -0.00002 -1.00000 0.00000 0.00014 -0.00000 -0.00000 -1.00000 0.00000
1634315735625606 1.00000 0.00025 0.00000 -0.00033 0.00025 -1.00000 0.00000 0.00050 0.00000 -0.00000 -1.00000 0.00000
1634315735874316 1.00000 0.00009 0.00000 0.00273 0.00009 -1.00000 0.00000 0.00057 0.00000 -0.00000 -1.00000 0.00000
1634315736123141 1.00000 -0.00002 0.00000 0.00723 -0.00002 -1.00000 0.00000 0.00219 -0.00000 -0.00000 -1.00000 0.00000
1634315736371804 1.00000 0.00018 -0.00000 0.00736 0.00018 -1.00000 0.00000 -0.00508 0.00000 -0.00000 -1.00000 -0.00000
1634315736620385 1.00000 0.00015 0.00000 -0.00099 0.00015 -1.00000 0.00000 -0.00219 0.00000 -0.00000 -1.00000 -0.00000
1634315736869199 1.00000 0.00020 0.00000 0.00058 0.00020 -1.00000 0.00000 -0.00175 0.00000 -0.00000 -1.00000 -0.00000
1634315737117948 1.00000 0.00020 0.00000 0.00296 0.00020 -1.00000 0.00000 -0.00194 0.00000 -0.00000 -1.00000 -0.00000
1634315737366599 1.00000 0.00019 -0.00000 0.00393 0.00019 -1.00000 0.00000 -0.00198 0.00000 -0.00000 -1.00000 -0.00000
1634315737615466 1.00000 0.00018 0.00000 0.00177 0.00018 -1.00000 0.00000 -0.00163 0.00000 -0.00000 -1.00000 -0.00000
1634315737864404 1.00000 0.00017 0.00000 0.00151 0.00017 -1.00000 0.00000 -0.00180 0.00000 -0.00000 -1.00000 -0.00000
1634315738113336 1.00000 0.00002 0.00000 0.00366 0.00002 -1.00000 0.00000 -0.00002 0.00000 -0.00000 -1.00000 -0.00000
1634315738362255 1.00000 -0.00000 0.00000 0.00160 -0.00000 -1.00000 0.00000 -0.00092 -0.00000 -0.00000 -1.00000 -0.00000
1634315738611085 1.00000 0.00003 0.00000 0.00116 0.00003 -1.00000 0.00000 0.00350 0.00000 -0.00000 -1.00000 0.00000
1634315738859776 1.00000 -0.00028 0.00000 0.00633 -0.00028 -1.00000 0.00000 0.00177 -0.00000 -0.00000 -1.00000 0.00000
1634315739108484 1.00000 -0.00017 0.00000 0.00382 -0.00017 -1.00000 0.00000 0.00127 -0.00000 -0.00000 -1.00000 0.00000
1634315739357440 1.00000 0.00006 0.00000 0.00448 0.00006 -1.00000 0.00000 -0.00161 0.00000 -0.00000 -1.00000 -0.00000
1634315739606637 1.00000 -0.00020 0.00000 0.00547 -0.00020 -1.00000 0.00000 0.00022 -0.00000 -0.00000 -1.00000 0.00000
1634315739855482 1.00000 -0.00011 -0.00000 0.00223 -0.00011 -1.00000 0.00000 -0.00388 -0.00000 -0.00000 -1.00000 -0.00000
1634315740104445 1.00000 0.00007 0.00000 0.00179 0.00007 -1.00000 0.00000 -0.00256 0.00000 -0.00000 -1.00000 -0.00000
1634315740353362 1.00000 0.00020 0.00000 0.00413 0.00020 -1.00000 0.00000 0.00249 0.00000 -0.00000 -1.00000 0.00000
1634315740602078 1.00000 0.00014 -0.00000 0.00412 0.00014 -1.00000 0.00000 -0.00416 0.00000 -0.00000 -1.00000 -0.00000
1634315740850831 1.00000 0.00012 0.00000 0.00278 0.00012 -1.00000 0.00000 -0.00433 0.00000 -0.00000 -1.00000 -0.00000
1634315741099781 1.00000 0.00001 0.00000 0.00587 0.00001 -1.00000 0.00000 -0.00803 0.00000 -0.00000 -1.00000 -0.00000
1634315741348865 1.00000 -0.00023 0.00000 -0.00042 -0.00023 -1.00000 0.00000 -0.01520 -0.00000 -0.00000 -1.00000 -0.00000
1634315741597879 1.00000 -0.00027 0.00000 -0.03709 -0.00027 -1.00000 0.00000 -0.01984 -0.00000 -0.00000 -1.00000 -0.00000
1634315741846769 1.00000 0.00019 -0.00000 -0.08628 0.00019 -1.00000 0.00000 -0.00603 0.00000 -0.00000 -1.00000 -0.00000
1634315742095252 1.00000 0.00043 0.00000 -0.11957 0.00043 -1.00000 0.00000 0.00643 0.00000 -0.00000 -1.00000 0.00000
1634315742344181 1.00000 -0.00028 0.00000 -0.15180 -0.00028 -1.00000 0.00000 0.00057 -0.00000 -0.00000 -1.00000 0.00000
1634315742593281 1.00000 -0.00029 0.00000 -0.20225 -0.00029 -1.00000 0.00000 0.00599 -0.00000 -0.00000 -1.00000 0.00000
1634315742842087 1.00000 -0.00117 0.00000 -0.26205 -0.00117 -1.00000 0.00000 -0.00637 -0.00000 -0.00000 -1.00000 -0.00000
1634315743091310 1.00000 -0.00101 -0.00000 -0.32396 -0.00101 -1.00000 0.00000 -0.00628 -0.00000 -0.00000 -1.00000 -0.00000
1634315743340173 1.00000 -0.00280 0.00000 -0.37823 -0.00280 -1.00000 0.00000 -0.03655 -0.00000 -0.00000 -1.00000 -0.00000
1634315743589086 0.99999 -0.00422 0.00000 -0.45110 -0.00422 -0.99999 0.00000 -0.02925 -0.00000 -0.00000 -1.00000 -0.00000
1634315743837984 0.99998 -0.00562 -0.00000 -0.52307 -0.00562 -0.99998 0.00000 -0.05402 -0.00000 -0.00000 -1.00000 -0.00000
1634315744086958 0.99996 -0.00868 0.00000 -0.62368 -0.00868 -0.99996 0.00000 -0.04863 -0.00000 -0.00000 -1.00000 -0.00000
1634315744335897 0.99984 -0.01797 0.00000 -0.70227 -0.01797 -0.99984 0.00000 -0.00698 -0.00000 -0.00000 -1.00000 -0.00000
1634315744584932 0.99969 -0.02492 0.00000 -0.78333 -0.02492 -0.99969 0.00000 -0.05786 -0.00000 -0.00000 -1.00000 -0.00000
1634315744833794 0.99959 -0.02875 0.00000 -0.95501 -0.02875 -0.99959 0.00000 -0.04231 -0.00000 -0.00000 -1.00000 -0.00000
1634315745082518 0.99936 -0.03574 0.00000 -1.03125 -0.03574 -0.99936 0.00000 -0.04073 -0.00000 -0.00000 -1.00000 -0.00000
1634315745331475 0.99913 -0.04159 0.00000 -1.15597 -0.04159 -0.99913 0.00000 -0.05926 -0.00000 -0.00000 -1.00000 -0.00000
1634315745580355 0.99863 -0.05223 0.00000 -1.26672 -0.05223 -0.99863 0.00000 -0.06195 -0.00000 -0.00000 -1.00000 -0.00000
1634315745829155 0.99805 -0.06244 -0.00000 -1.36687 -0.06244 -0.99805 0.00000 -0.08945 -0.00000 -0.00000 -1.00000 -0.00000
1634315746077883 0.99726 -0.07398 0.00000 -1.49979 -0.07398 -0.99726 0.00000 -0.04758 -0.00000 -0.00000 -1.00000 -0.00000
1634315746326967 0.99635 -0.08540 -0.00000 -1.67263 -0.08540 -0.99635 0.00000 0.00020 -0.00000 -0.00000 -1.00000 0.00000
1634315746575742 0.99480 -0.10189 0.00000 -1.80861 -0.10189 -0.99480 0.00000 -0.01016 -0.00000 -0.00000 -1.00000 -0.00000
1634315746824600 0.99274 -0.12026 0.00000 -1.99826 -0.12026 -0.99274 0.00000 0.00179 -0.00000 -0.00000 -1.00000 0.00000
1634315747073476 0.99044 -0.13792 -0.00000 -2.18557 -0.13792 -0.99044 0.00000 0.01244 -0.00000 -0.00000 -1.00000 0.00000
1634315747322137 0.98783 -0.15552 0.00000 -2.43322 -0.15552 -0.98783 0.00000 0.04656 -0.00000 -0.00000 -1.00000 0.00000
1634315747571010 0.98348 -0.18100 0.00000 -2.68820 -0.18100 -0.98348 0.00000 0.09938 -0.00000 -0.00000 -1.00000 0.00000
1634315747819837 0.97874 -0.20511 0.00000 -2.99472 -0.20511 -0.97874 0.00000 0.11089 -0.00000 -0.00000 -1.00000 0.00000
1634315748068794 0.97351 -0.22863 0.00000 -3.36777 -0.22863 -0.97351 0.00000 0.15556 -0.00000 -0.00000 -1.00000 0.00000
1634315748317384 0.96862 -0.24856 0.00000 -3.81639 -0.24856 -0.96862 0.00000 0.24009 -0.00000 -0.00000 -1.00000 0.00000
1634315748566068 0.96329 -0.26847 0.00000 -4.25232 -0.26847 -0.96329 0.00000 0.34243 -0.00000 -0.00000 -1.00000 0.00000
1634315748814651 0.95867 -0.28451 0.00000 -4.76886 -0.28451 -0.95867 0.00000 0.40338 -0.00000 -0.00000 -1.00000 0.00000
1634315749063354 0.95651 -0.29171 0.00000 -5.27296 -0.29171 -0.95651 0.00000 0.40887 -0.00000 -0.00000 -1.00000 0.00000
1634315749312127 0.95685 -0.29057 0.00000 -5.82961 -0.29057 -0.95685 0.00000 0.36750 -0.00000 -0.00000 -1.00000 0.00000
1634315749560926 0.96359 -0.26739 -0.00000 -6.44665 -0.26739 -0.96359 0.00000 0.25458 -0.00000 -0.00000 -1.00000 0.00000
1634315749809917 0.96973 -0.24419 0.00000 -7.08172 -0.24419 -0.96973 0.00000 0.06789 -0.00000 -0.00000 -1.00000 0.00000
1634315750058533 0.97591 -0.21819 0.00000 -7.79941 -0.21819 -0.97591 0.00000 -0.15310 -0.00000 -0.00000 -1.00000 -0.00000
1634315750307399 0.98211 -0.18831 -0.00000 -8.56784 -0.18831 -0.98211 0.00000 -0.40075 -0.00000 -0.00000 -1.00000 -0.00000
1634315750556726 0.98570 -0.16852 0.00000 -9.41362 -0.16852 -0.98570 0.00000 -0.55062 -0.00000 -0.00000 -1.00000 -0.00000
1634315750805764 0.98719 -0.15952 0.00000 -10.36284 -0.15952 -0.98719 0.00000 -0.62060 -0.00000 -0.00000 -1.00000 -0.00000
1634315751054621 0.98866 -0.15015 0.00000 -11.32366 -0.15015 -0.98866 0.00000 -0.83479 -0.00000 -0.00000 -1.00000 -0.00000
1634315751303669 0.99000 -0.14109 0.00000 -12.32208 -0.14109 -0.99000 0.00000 -0.89685 -0.00000 -0.00000 -1.00000 -0.00000
1634315751552351 0.99161 -0.12924 0.00000 -13.42790 -0.12924 -0.99161 0.00000 -1.09565 -0.00000 -0.00000 -1.00000 -0.00000
1634315751800998 0.99288 -0.11913 0.00000 -14.51784 -0.11913 -0.99288 0.00000 -1.20851 -0.00000 -0.00000 -1.00000 -0.00000
1634315752049729 0.99408 -0.10869 -0.00000 -15.70894 -0.10869 -0.99408 0.00000 -1.34186 -0.00000 -0.00000 -1.00000 -0.00000
1634315752298506 0.99529 -0.09697 -0.00000 -16.89253 -0.09697 -0.99529 0.00000 -1.57566 -0.00000 -0.00000 -1.00000 -0.00000
1634315752546948 0.99665 -0.08179 0.00000 -18.04533 -0.08179 -0.99665 0.00000 -1.77614 -0.00000 -0.00000 -1.00000 -0.00000
1634315752795871 0.99691 -0.07860 0.00000 -19.42021 -0.07860 -0.99691 0.00000 -1.84521 -0.00000 -0.00000 -1.00000 -0.00000
1634315753044838 0.99715 -0.07548 0.00000 -20.71595 -0.07548 -0.99715 0.00000 -1.98760 -0.00000 -0.00000 -1.00000 -0.00000
1634315753293804 0.99694 -0.07811 0.00000 -22.14715 -0.07811 -0.99694 0.00000 -1.94169 -0.00000 -0.00000 -1.00000 -0.00000
1634315753542471 0.99657 -0.08275 0.00000 -23.53228 -0.08275 -0.99657 0.00000 -1.91686 -0.00000 -0.00000 -1.00000 -0.00000
1634315753791544 0.99683 -0.07959 0.00000 -24.97862 -0.07959 -0.99683 0.00000 -1.97800 -0.00000 -0.00000 -1.00000 -0.00000
1634315754040265 0.99724 -0.07429 0.00000 -26.39381 -0.07429 -0.99724 0.00000 -2.20807 -0.00000 -0.00000 -1.00000 -0.00000
1634315754289231 0.99735 -0.07269 -0.00000 -27.95963 -0.07269 -0.99735 0.00000 -2.19005 -0.00000 -0.00000 -1.00000 -0.00000
1634315754538018 0.99739 -0.07222 0.00000 -29.45712 -0.07222 -0.99739 0.00000 -2.31409 -0.00000 -0.00000 -1.00000 -0.00000
1634315754786740 0.99741 -0.07191 0.00000 -30.93368 -0.07191 -0.99741 0.00000 -2.33286 -0.00000 -0.00000 -1.00000 -0.00000
1634315755035496 0.99725 -0.07406 0.00000 -32.52496 -0.07406 -0.99725 0.00000 -2.37940 -0.00000 -0.00000 -1.00000 -0.00000
1634315755284370 0.99650 -0.08359 -0.00000 -34.18374 -0.08359 -0.99650 0.00000 -2.06378 -0.00000 -0.00000 -1.00000 -0.00000
1634315755533309 0.99561 -0.09358 0.00000 -35.75264 -0.09358 -0.99561 0.00000 -1.75857 -0.00000 -0.00000 -1.00000 -0.00000
1634315755781950 0.99520 -0.09787 0.00000 -37.46745 -0.09787 -0.99520 0.00000 -1.67237 -0.00000 -0.00000 -1.00000 -0.00000
1634315756031049 0.99545 -0.09532 0.00000 -39.00042 -0.09532 -0.99545 0.00000 -1.80054 -0.00000 -0.00000 -1.00000 -0.00000
1634315756280010 0.99605 -0.08884 -0.00000 -40.63676 -0.08884 -0.99605 0.00000 -2.08027 -0.00000 -0.00000 -1.00000 -0.00000
1634315756529195 0.99676 -0.08042 0.00000 -42.33350 -0.08042 -0.99676 0.00000 -2.35223 -0.00000 -0.00000 -1.00000 -0.00000
1634315756778482 0.99741 -0.07199 0.00000 -43.95658 -0.07199 -0.99741 0.00000 -2.88012 -0.00000 -0.00000 -1.00000 -0.00000
1634315757027625 0.99786 -0.06532 0.00000 -45.67353 -0.06532 -0.99786 0.00000 -3.08074 -0.00000 -0.00000 -1.00000 -0.00000
1634315757276742 0.99789 -0.06498 0.00000 -47.37982 -0.06498 -0.99789 0.00000 -3.13679 -0.00000 -0.00000 -1.00000 -0.00000
1634315757525413 0.99776 -0.06682 0.00000 -49.16437 -0.06682 -0.99776 0.00000 -3.10939 -0.00000 -0.00000 -1.00000 -0.00000
1634315757774473 0.99779 -0.06642 -0.00000 -50.94299 -0.06642 -0.99779 0.00000 -3.17603 -0.00000 -0.00000 -1.00000 -0.00000
1634315758023077 0.99806 -0.06234 -0.00000 -52.73892 -0.06234 -0.99806 0.00000 -3.44464 -0.00000 -0.00000 -1.00000 -0.00000
1634315758272062 0.99880 -0.04901 0.00000 -54.54855 -0.04901 -0.99880 0.00000 -4.21992 -0.00000 -0.00000 -1.00000 -0.00000
1634315758521117 0.99940 -0.03474 0.00000 -56.34787 -0.03474 -0.99940 0.00000 -5.04723 -0.00000 -0.00000 -1.00000 -0.00000
1634315758770431 0.99969 -0.02500 -0.00000 -58.17026 -0.02500 -0.99969 0.00000 -5.63348 -0.00000 -0.00000 -1.00000 -0.00000
1634315759019682 0.99985 -0.01735 0.00000 -60.01381 -0.01735 -0.99985 0.00000 -6.16480 -0.00000 -0.00000 -1.00000 -0.00000
1634315759268471 0.99992 -0.01231 0.00000 -61.91148 -0.01231 -0.99992 0.00000 -6.46918 -0.00000 -0.00000 -1.00000 -0.00000
1634315759517194 0.99995 -0.01036 0.00000 -63.86905 -0.01036 -0.99995 0.00000 -6.62227 -0.00000 -0.00000 -1.00000 -0.00000
1634315759766582 0.99999 -0.00362 0.00000 -65.79514 -0.00362 -0.99999 0.00000 -7.17019 -0.00000 -0.00000 -1.00000 -0.00000
1634315760015295 0.99999 0.00361 0.00000 -67.74065 0.00361 -0.99999 0.00000 -7.69454 0.00000 -0.00000 -1.00000 -0.00000
1634315760264208 0.99999 0.00387 0.00000 -69.71292 0.00387 -0.99999 0.00000 -7.74957 0.00000 -0.00000 -1.00000 -0.00000
1634315760513237 1.00000 0.00287 0.00000 -71.72457 0.00287 -1.00000 0.00000 -7.63742 0.00000 -0.00000 -1.00000 -0.00000
1634315760762115 0.99999 0.00476 0.00000 -73.72209 0.00476 -0.99999 0.00000 -7.77848 0.00000 -0.00000 -1.00000 -0.00000
1634315761011060 0.99997 0.00753 0.00000 -75.75334 0.00753 -0.99997 0.00000 -8.05095 0.00000 -0.00000 -1.00000 -0.00000
1634315761259823 1.00000 -0.00253 -0.00000 -77.86330 -0.00253 -1.00000 0.00000 -7.28879 -0.00000 -0.00000 -1.00000 -0.00000
1634315761508919 0.99984 -0.01772 0.00000 -80.01190 -0.01772 -0.99984 0.00000 -6.05906 -0.00000 -0.00000 -1.00000 -0.00000
1634315761757812 0.99919 -0.04019 0.00000 -82.12074 -0.04019 -0.99919 0.00000 -4.30254 -0.00000 -0.00000 -1.00000 -0.00000
1634315762006726 0.99797 -0.06368 0.00000 -84.22911 -0.06368 -0.99797 0.00000 -2.41538 -0.00000 -0.00000 -1.00000 -0.00000
1634315762255953 0.99572 -0.09243 0.00000 -86.27258 -0.09243 -0.99572 0.00000 -0.02372 -0.00000 -0.00000 -1.00000 -0.00000
1634315762505136 0.99169 -0.12866 0.00000 -88.17763 -0.12866 -0.99169 0.00000 3.11029 -0.00000 -0.00000 -1.00000 0.00000
1634315762754628 0.98551 -0.16962 0.00000 -89.97592 -0.16962 -0.98551 0.00000 6.74960 -0.00000 -0.00000 -1.00000 0.00000
1634315763003758 0.97714 -0.21261 0.00000 -91.55785 -0.21261 -0.97714 0.00000 10.67677 -0.00000 -0.00000 -1.00000 0.00000
1634315763252887 0.96529 -0.26116 0.00000 -92.90147 -0.26116 -0.96529 0.00000 15.19685 -0.00000 -0.00000 -1.00000 0.00000
1634315763501609 0.95037 -0.31113 0.00000 -93.94918 -0.31113 -0.95037 0.00000 20.01204 -0.00000 -0.00000 -1.00000 0.00000
1634315763750598 0.93023 -0.36698 0.00000 -94.54028 -0.36698 -0.93023 0.00000 25.53764 -0.00000 -0.00000 -1.00000 0.00000
1634315764000031 0.90666 -0.42186 0.00000 -94.75326 -0.42186 -0.90666 0.00000 31.14265 -0.00000 -0.00000 -1.00000 0.00000
1634315764248636 0.87696 -0.48055 0.00000 -94.45912 -0.48055 -0.87696 0.00000 37.24602 -0.00000 -0.00000 -1.00000 0.00000
1634315764497431 0.84663 -0.53218 -0.00000 -93.87962 -0.53218 -0.84663 0.00000 42.84289 -0.00000 -0.00000 -1.00000 0.00000
1634315764745873 0.81842 -0.57462 0.00000 -93.52645 -0.57462 -0.81842 0.00000 47.49818 -0.00000 -0.00000 -1.00000 0.00000
1634315764994654 0.79387 -0.60809 0.00000 -93.41209 -0.60809 -0.79387 0.00000 51.36537 -0.00000 -0.00000 -1.00000 0.00000
1634315765243648 0.76264 -0.64683 0.00000 -92.72515 -0.64683 -0.76264 0.00000 56.03232 -0.00000 -0.00000 -1.00000 0.00000
1634315765493180 0.72284 -0.69101 0.00000 -91.04287 -0.69101 -0.72284 0.00000 61.45839 -0.00000 -0.00000 -1.00000 0.00000
1634315765742254 0.67695 -0.73603 0.00000 -88.73441 -0.73603 -0.67695 0.00000 67.09048 -0.00000 -0.00000 -1.00000 0.00000
1634315765991286 0.62858 -0.77774 0.00000 -86.12601 -0.77774 -0.62858 0.00000 72.58508 -0.00000 -0.00000 -1.00000 0.00000
1634315766240314 0.57903 -0.81531 -0.00000 -83.22729 -0.81531 -0.57903 0.00000 77.87430 -0.00000 -0.00000 -1.00000 0.00000
1634315766489173 0.52558 -0.85074 0.00000 -79.80612 -0.85074 -0.52558 0.00000 83.05134 -0.00000 -0.00000 -1.00000 0.00000
1634315766737742 0.47073 -0.88228 0.00000 -76.25634 -0.88228 -0.47073 0.00000 87.77788 -0.00000 -0.00000 -1.00000 0.00000
1634315766986696 0.42506 -0.90516 0.00000 -73.51222 -0.90516 -0.42506 0.00000 91.48028 -0.00000 -0.00000 -1.00000 0.00000
1634315767235611 0.38639 -0.92234 0.00000 -71.31700 -0.92234 -0.38639 0.00000 94.56927 -0.00000 -0.00000 -1.00000 0.00000
1634315767484639 0.35681 -0.93418 0.00000 -69.97292 -0.93418 -0.35681 0.00000 96.79431 -0.00000 -0.00000 -1.00000 0.00000
1634315767733285 0.33413 -0.94253 -0.00000 -69.44567 -0.94253 -0.33413 0.00000 98.43814 -0.00000 -0.00000 -1.00000 0.00000
1634315767982038 0.32310 -0.94636 0.00000 -70.15222 -0.94636 -0.32310 0.00000 99.20413 -0.00000 -0.00000 -1.00000 0.00000
1634315768230931 0.31752 -0.94825 0.00000 -71.33737 -0.94825 -0.31752 0.00000 99.51043 -0.00000 -0.00000 -1.00000 0.00000
1634315768479480 0.31935 -0.94764 0.00000 -73.41953 -0.94764 -0.31935 0.00000 99.46610 -0.00000 -0.00000 -1.00000 0.00000
1634315768728517 0.32631 -0.94526 0.00000 -75.97456 -0.94526 -0.32631 0.00000 98.86915 -0.00000 -0.00000 -1.00000 0.00000
1634315768977160 0.33297 -0.94294 -0.00000 -78.47273 -0.94294 -0.33297 0.00000 98.18715 -0.00000 -0.00000 -1.00000 0.00000
1634315769226125 0.34380 -0.93904 0.00000 -81.36246 -0.93904 -0.34380 0.00000 97.18411 -0.00000 -0.00000 -1.00000 0.00000
1634315769475030 0.36014 -0.93290 -0.00000 -84.77338 -0.93290 -0.36014 0.00000 95.78280 -0.00000 -0.00000 -1.00000 0.00000
1634315769723824 0.37709 -0.92618 -0.00000 -88.09952 -0.92618 -0.37709 0.00000 94.18298 -0.00000 -0.00000 -1.00000 0.00000
1634315769972847 0.39472 -0.91880 0.00000 -91.39334 -0.91880 -0.39472 0.00000 92.57272 -0.00000 -0.00000 -1.00000 0.00000
1634315770221448 0.41064 -0.91180 0.00000 -94.41578 -0.91180 -0.41064 0.00000 90.90964 -0.00000 -0.00000 -1.00000 0.00000
1634315770470361 0.42367 -0.90582 0.00000 -96.98511 -0.90582 -0.42367 0.00000 89.53491 -0.00000 -0.00000 -1.00000 0.00000
1634315770719383 0.43476 -0.90055 0.00000 -99.26911 -0.90055 -0.43476 0.00000 88.29752 -0.00000 -0.00000 -1.00000 0.00000
1634315770968588 0.44530 -0.89538 -0.00000 -101.29935 -0.89538 -0.44530 0.00000 87.12675 -0.00000 -0.00000 -1.00000 0.00000
1634315771217360 0.45491 -0.89054 0.00000 -103.01440 -0.89054 -0.45491 0.00000 86.04525 -0.00000 -0.00000 -1.00000 0.00000
1634315771466218 0.45991 -0.88796 0.00000 -104.16707 -0.88796 -0.45991 0.00000 85.38163 -0.00000 -0.00000 -1.00000 0.00000
1634315771715373 0.46517 -0.88522 -0.00000 -105.21713 -0.88522 -0.46517 0.00000 84.83094 -0.00000 -0.00000 -1.00000 0.00000
1634315771964482 0.46809 -0.88368 0.00000 -105.85422 -0.88368 -0.46809 0.00000 84.47503 -0.00000 -0.00000 -1.00000 0.00000
1634315772213376 0.47144 -0.88190 0.00000 -106.51996 -0.88190 -0.47144 0.00000 84.05111 -0.00000 -0.00000 -1.00000 0.00000
1634315772462121 0.47604 -0.87942 0.00000 -107.37539 -0.87942 -0.47604 0.00000 83.47357 -0.00000 -0.00000 -1.00000 0.00000
1634315772710942 0.48016 -0.87718 0.00000 -108.23080 -0.87718 -0.48016 0.00000 83.00478 -0.00000 -0.00000 -1.00000 0.00000
1634315772959750 0.48477 -0.87464 0.00000 -109.11128 -0.87464 -0.48477 0.00000 82.37649 -0.00000 -0.00000 -1.00000 0.00000
1634315773208564 0.48874 -0.87243 0.00000 -110.01461 -0.87243 -0.48874 0.00000 81.80534 -0.00000 -0.00000 -1.00000 0.00000
1634315773457259 0.49544 -0.86864 0.00000 -111.40119 -0.86864 -0.49544 0.00000 80.99820 -0.00000 -0.00000 -1.00000 0.00000
1634315773706006 0.50573 -0.86269 -0.00000 -113.07724 -0.86269 -0.50573 0.00000 79.64386 -0.00000 -0.00000 -1.00000 0.00000
1634315773954605 0.51789 -0.85544 0.00000 -115.16245 -0.85544 -0.51789 0.00000 77.99587 -0.00000 -0.00000 -1.00000 0.00000
1634315774203449 0.52986 -0.84809 0.00000 -117.25705 -0.84809 -0.52986 0.00000 76.37363 -0.00000 -0.00000 -1.00000 0.00000
1634315774452187 0.54342 -0.83946 0.00000 -119.61955 -0.83946 -0.54342 0.00000 74.36808 -0.00000 -0.00000 -1.00000 0.00000
1634315774701029 0.55452 -0.83217 0.00000 -121.96243 -0.83217 -0.55452 0.00000 72.79014 -0.00000 -0.00000 -1.00000 0.00000
1634315774949784 0.56977 -0.82181 0.00000 -124.57861 -0.82181 -0.56977 0.00000 70.49537 -0.00000 -0.00000 -1.00000 0.00000
1634315775198472 0.58611 -0.81023 0.00000 -127.43987 -0.81023 -0.58611 0.00000 67.91441 -0.00000 -0.00000 -1.00000 0.00000
1634315775447323 0.59857 -0.80107 0.00000 -130.06900 -0.80107 -0.59857 0.00000 66.00303 -0.00000 -0.00000 -1.00000 0.00000
1634315775696331 0.60755 -0.79428 0.00000 -132.36709 -0.79428 -0.60755 0.00000 64.47305 -0.00000 -0.00000 -1.00000 0.00000
1634315775945347 0.61311 -0.79000 0.00000 -134.17534 -0.79000 -0.61311 0.00000 63.48831 -0.00000 -0.00000 -1.00000 0.00000
1634315776193974 0.61659 -0.78729 0.00000 -135.95221 -0.78729 -0.61659 0.00000 62.92369 -0.00000 -0.00000 -1.00000 0.00000
1634315776442601 0.62134 -0.78354 0.00000 -137.76733 -0.78354 -0.62134 0.00000 62.08829 -0.00000 -0.00000 -1.00000 0.00000
1634315776691514 0.62555 -0.78018 0.00000 -139.52661 -0.78018 -0.62555 0.00000 61.27017 -0.00000 -0.00000 -1.00000 0.00000
1634315776940397 0.63054 -0.77615 -0.00000 -141.24590 -0.77615 -0.63054 0.00000 60.36172 -0.00000 -0.00000 -1.00000 0.00000
1634315777189114 0.63559 -0.77203 -0.00000 -143.02119 -0.77203 -0.63559 0.00000 59.46396 -0.00000 -0.00000 -1.00000 0.00000
1634315777437818 0.64279 -0.76604 0.00000 -144.93619 -0.76604 -0.64279 0.00000 58.08600 -0.00000 -0.00000 -1.00000 0.00000
1634315777686589 0.65209 -0.75814 0.00000 -146.97419 -0.75814 -0.65209 0.00000 56.34017 -0.00000 -0.00000 -1.00000 0.00000
1634315777935481 0.66478 -0.74704 0.00000 -149.25591 -0.74704 -0.66478 0.00000 53.73830 -0.00000 -0.00000 -1.00000 0.00000
1634315778184103 0.67848 -0.73462 0.00000 -151.45345 -0.73462 -0.67848 0.00000 51.03496 -0.00000 -0.00000 -1.00000 0.00000
1634315778432584 0.70120 -0.71296 0.00000 -154.24398 -0.71296 -0.70120 0.00000 46.21897 -0.00000 -0.00000 -1.00000 0.00000
1634315778681268 0.73369 -0.67949 0.00000 -157.39098 -0.67949 -0.73369 0.00000 38.98025 -0.00000 -0.00000 -1.00000 0.00000
1634315778929784 0.77901 -0.62701 0.00000 -160.85061 -0.62701 -0.77901 0.00000 27.94562 -0.00000 -0.00000 -1.00000 0.00000
1634315779178477 0.81866 -0.57428 0.00000 -163.46972 -0.57428 -0.81866 0.00000 17.21132 -0.00000 -0.00000 -1.00000 0.00000
1634315779426937 0.85778 -0.51402 0.00000 -165.39970 -0.51402 -0.85778 0.00000 5.40964 -0.00000 -0.00000 -1.00000 0.00000
1634315779675060 0.90277 -0.43012 0.00000 -166.17667 -0.43012 -0.90277 0.00000 -10.48297 -0.00000 -0.00000 -1.00000 -0.00000
1634315779923506 0.94857 -0.31658 0.00000 -164.73219 -0.31658 -0.94857 0.00000 -30.73014 -0.00000 -0.00000 -1.00000 -0.00000
1634315780171904 0.98395 -0.17844 0.00000 -159.67151 -0.17844 -0.98395 0.00000 -53.79118 -0.00000 -0.00000 -1.00000 -0.00000
1634315780420516 0.99940 -0.03471 0.00000 -151.23729 -0.03471 -0.99940 0.00000 -76.16771 -0.00000 -0.00000 -1.00000 -0.00000
1634315780669473 0.99430 0.10660 -0.00000 -140.00270 0.10660 -0.99430 0.00000 -96.73282 0.00000 -0.00000 -1.00000 -0.00000
1634315780918375 0.96725 0.25381 0.00000 -124.90465 0.25381 -0.96725 0.00000 -116.60042 0.00000 -0.00000 -1.00000 -0.00000
1634315781166959 0.91761 0.39748 -0.00000 -106.78700 0.39748 -0.91761 0.00000 -134.08248 0.00000 -0.00000 -1.00000 -0.00000
1634315781415616 0.84467 0.53529 0.00000 -85.49520 0.53529 -0.84467 0.00000 -149.08224 0.00000 -0.00000 -1.00000 -0.00000
1634315781664393 0.75062 0.66074 0.00000 -62.08902 0.66074 -0.75062 0.00000 -160.55848 0.00000 -0.00000 -1.00000 -0.00000
1634315781913171 0.63521 0.77234 0.00000 -36.46315 0.77234 -0.63521 0.00000 -168.46284 0.00000 -0.00000 -1.00000 -0.00000
1634315782161818 0.50016 0.86593 0.00000 -9.35336 0.86593 -0.50016 0.00000 -172.12797 0.00000 -0.00000 -1.00000 -0.00000
1634315782410614 0.35032 0.93663 0.00000 18.27897 0.93663 -0.35032 0.00000 -171.27545 0.00000 -0.00000 -1.00000 -0.00000
1634315782659239 0.19134 0.98152 0.00000 45.40267 0.98152 -0.19134 0.00000 -165.88573 0.00000 -0.00000 -1.00000 -0.00000
1634315782907967 0.02158 0.99977 0.00000 72.04568 0.99977 -0.02158 0.00000 -155.68121 0.00000 -0.00000 -1.00000 -0.00000
1634315783156719 -0.15260 0.98829 0.00000 97.13731 0.98829 0.15260 0.00000 -140.86305 0.00000 0.00000 -1.00000 -0.00000
1634315783405356 -0.32540 0.94558 0.00000 119.58915 0.94558 0.32540 0.00000 -121.31401 0.00000 0.00000 -1.00000 -0.00000
1634315783654165 -0.48509 0.87446 0.00000 137.87832 0.87446 0.48509 0.00000 -98.75343 0.00000 0.00000 -1.00000 -0.00000
1634315783903146 -0.62656 0.77937 0.00000 151.59514 0.77937 0.62656 0.00000 -73.82574 0.00000 0.00000 -1.00000 -0.00000
1634315784152296 -0.73987 0.67275 0.00000 160.13540 0.67275 0.73987 0.00000 -49.42380 0.00000 0.00000 -1.00000 -0.00000
1634315784401463 -0.82325 0.56767 0.00000 164.27003 0.56767 0.82325 0.00000 -27.55640 0.00000 0.00000 -1.00000 -0.00000
1634315784650396 -0.88019 0.47462 0.00000 165.16257 0.47462 0.88019 0.00000 -9.48401 0.00000 0.00000 -1.00000 -0.00000
1634315784899569 -0.91277 0.40848 0.00000 164.19750 0.40848 0.91277 0.00000 2.68851 0.00000 0.00000 -1.00000 0.00000
1634315785148617 -0.93554 0.35323 0.00000 162.60835 0.35323 0.93554 0.00000 12.50332 0.00000 0.00000 -1.00000 0.00000
1634315785397517 -0.94923 0.31460 0.00000 160.77414 0.31460 0.94923 0.00000 19.12539 0.00000 0.00000 -1.00000 0.00000
1634315785646497 -0.96012 0.27958 0.00000 158.74698 0.27958 0.96012 0.00000 25.13920 0.00000 0.00000 -1.00000 0.00000
1634315785895157 -0.96515 0.26169 -0.00000 156.98903 0.26169 0.96515 0.00000 28.04664 0.00000 0.00000 -1.00000 0.00000
1634315786143836 -0.96773 0.25199 -0.00000 155.40837 0.25199 0.96773 0.00000 29.69037 0.00000 0.00000 -1.00000 0.00000
1634315786392546 -0.96806 0.25072 0.00000 154.06606 0.25072 0.96806 0.00000 29.72919 0.00000 0.00000 -1.00000 0.00000
1634315786641488 -0.96507 0.26199 0.00000 153.02759 0.26199 0.96507 0.00000 28.07002 0.00000 0.00000 -1.00000 0.00000
1634315786890396 -0.96068 0.27767 0.00000 152.17082 0.27767 0.96068 0.00000 25.46124 0.00000 0.00000 -1.00000 0.00000
1634315787139132 -0.95413 0.29938 0.00000 151.25366 0.29938 0.95413 0.00000 21.99066 0.00000 0.00000 -1.00000 0.00000
1634315787387991 -0.94487 0.32746 0.00000 150.46168 0.32746 0.94487 0.00000 17.45935 0.00000 0.00000 -1.00000 0.00000
1634315787636929 -0.93168 0.36327 -0.00000 149.56857 0.36327 0.93168 0.00000 11.71176 0.00000 0.00000 -1.00000 0.00000
1634315787886022 -0.91342 0.40702 0.00000 148.50254 0.40702 0.91342 0.00000 4.61304 0.00000 0.00000 -1.00000 0.00000
1634315788135037 -0.88811 0.45963 0.00000 146.95833 0.45963 0.88811 0.00000 -4.13738 0.00000 0.00000 -1.00000 -0.00000
1634315788383862 -0.85639 0.51632 0.00000 144.82232 0.51632 0.85639 0.00000 -13.69469 0.00000 0.00000 -1.00000 -0.00000
1634315788632594 -0.81834 0.57473 0.00000 141.99843 0.57473 0.81834 0.00000 -23.74962 0.00000 0.00000 -1.00000 -0.00000
1634315788881763 -0.77420 0.63294 0.00000 138.34623 0.63294 0.77420 0.00000 -34.08124 0.00000 0.00000 -1.00000 -0.00000
1634315789130325 -0.72542 0.68831 -0.00000 133.91289 0.68831 0.72542 0.00000 -44.20659 0.00000 0.00000 -1.00000 -0.00000
1634315789379187 -0.67238 0.74020 0.00000 128.62775 0.74020 0.67238 0.00000 -54.08577 0.00000 0.00000 -1.00000 -0.00000
1634315789628148 -0.61544 0.78818 0.00000 122.65188 0.78818 0.61544 0.00000 -63.54051 0.00000 0.00000 -1.00000 -0.00000
1634315789876888 -0.55976 0.82866 0.00000 116.25529 0.82866 0.55976 0.00000 -71.85974 0.00000 0.00000 -1.00000 -0.00000
1634315790125708 -0.50781 0.86147 -0.00000 109.85507 0.86147 0.50781 0.00000 -78.90037 0.00000 0.00000 -1.00000 -0.00000
1634315790374169 -0.45885 0.88851 0.00000 103.46696 0.88851 0.45885 0.00000 -84.93312 0.00000 0.00000 -1.00000 -0.00000
1634315790623143 -0.40973 0.91221 0.00000 96.78326 0.91221 0.40973 0.00000 -90.41394 0.00000 0.00000 -1.00000 -0.00000
1634315790871867 -0.36176 0.93227 0.00000 90.05926 0.93227 0.36176 0.00000 -95.35901 0.00000 0.00000 -1.00000 -0.00000
1634315791120414 -0.32325 0.94631 0.00000 84.18761 0.94631 0.32325 0.00000 -98.92845 0.00000 0.00000 -1.00000 -0.00000
1634315791369087 -0.29027 0.95694 0.00000 78.87748 0.95694 0.29027 0.00000 -101.86923 0.00000 0.00000 -1.00000 -0.00000
1634315791617681 -0.27017 0.96281 0.00000 74.78547 0.96281 0.27017 0.00000 -103.47888 0.00000 0.00000 -1.00000 -0.00000
1634315791866360 -0.25053 0.96811 0.00000 70.86252 0.96811 0.25053 0.00000 -105.08540 0.00000 0.00000 -1.00000 -0.00000
1634315792115175 -0.24086 0.97056 -0.00000 67.95395 0.97056 0.24086 0.00000 -105.64684 0.00000 0.00000 -1.00000 -0.00000
1634315792363666 -0.24677 0.96907 0.00000 66.72844 0.96907 0.24677 0.00000 -105.41750 0.00000 0.00000 -1.00000 -0.00000
1634315792612063 -0.26135 0.96524 0.00000 66.48779 0.96524 0.26135 0.00000 -104.41462 0.00000 0.00000 -1.00000 -0.00000
1634315792860766 -0.27017 0.96281 0.00000 65.62284 0.96281 0.27017 0.00000 -103.90747 0.00000 0.00000 -1.00000 -0.00000
1634315793109714 -0.27601 0.96115 -0.00000 64.45314 0.96115 0.27601 0.00000 -103.53807 0.00000 0.00000 -1.00000 -0.00000
1634315793358428 -0.29140 0.95660 -0.00000 64.33927 0.95660 0.29140 0.00000 -102.50687 0.00000 0.00000 -1.00000 -0.00000
1634315793607351 -0.31151 0.95024 -0.00000 64.70321 0.95024 0.31151 0.00000 -101.24279 0.00000 0.00000 -1.00000 -0.00000
1634315793855966 -0.33442 0.94242 -0.00000 65.34329 0.94242 0.33442 0.00000 -99.63457 0.00000 0.00000 -1.00000 -0.00000
1634315794104603 -0.36114 0.93251 0.00000 66.40925 0.93251 0.36114 0.00000 -97.77569 0.00000 0.00000 -1.00000 -0.00000
1634315794353045 -0.39629 0.91813 0.00000 68.31553 0.91813 0.39629 0.00000 -95.21520 0.00000 0.00000 -1.00000 -0.00000
1634315794601428 -0.44146 0.89728 0.00000 71.24039 0.89728 0.44146 0.00000 -91.65997 0.00000 0.00000 -1.00000 -0.00000
1634315794850334 -0.49254 0.87029 0.00000 74.72655 0.87029 0.49254 0.00000 -87.55318 0.00000 0.00000 -1.00000 -0.00000
1634315795098872 -0.54537 0.83820 0.00000 78.27598 0.83820 0.54537 0.00000 -82.90805 0.00000 0.00000 -1.00000 -0.00000
1634315795347214 -0.60719 0.79456 -0.00000 82.53568 0.79456 0.60719 0.00000 -76.82228 0.00000 0.00000 -1.00000 -0.00000
1634315795596049 -0.67023 0.74215 0.00000 86.62821 0.74215 0.67023 0.00000 -69.95004 0.00000 0.00000 -1.00000 -0.00000
1634315795845170 -0.72884 0.68468 0.00000 90.14384 0.68468 0.72884 0.00000 -62.61479 0.00000 0.00000 -1.00000 -0.00000
1634315796093920 -0.78418 0.62054 0.00000 93.34306 0.62054 0.78418 0.00000 -54.87540 0.00000 0.00000 -1.00000 -0.00000
1634315796342817 -0.83165 0.55530 0.00000 95.60401 0.55530 0.83165 0.00000 -47.18767 0.00000 0.00000 -1.00000 -0.00000
1634315796591671 -0.87290 0.48790 0.00000 97.21319 0.48790 0.87290 0.00000 -39.54423 0.00000 0.00000 -1.00000 -0.00000
1634315796840348 -0.90505 0.42531 0.00000 97.91641 0.42531 0.90505 0.00000 -32.62512 0.00000 0.00000 -1.00000 -0.00000
1634315797089045 -0.92560 0.37851 0.00000 97.51479 0.37851 0.92560 0.00000 -27.58594 0.00000 0.00000 -1.00000 -0.00000
1634315797337393 -0.94488 0.32742 0.00000 96.92329 0.32742 0.94488 0.00000 -22.31070 0.00000 0.00000 -1.00000 -0.00000
1634315797586088 -0.96077 0.27736 0.00000 96.00474 0.27736 0.96077 0.00000 -17.24558 0.00000 0.00000 -1.00000 -0.00000
1634315797834786 -0.97215 0.23437 0.00000 94.74062 0.23437 0.97215 0.00000 -12.99362 0.00000 0.00000 -1.00000 -0.00000
1634315798083487 -0.98004 0.19879 0.00000 93.20547 0.19879 0.98004 0.00000 -9.62499 0.00000 0.00000 -1.00000 -0.00000
1634315798332508 -0.98587 0.16754 0.00000 91.42392 0.16754 0.98587 0.00000 -6.69845 0.00000 0.00000 -1.00000 -0.00000
1634315798581371 -0.98955 0.14418 0.00000 89.43997 0.14418 0.98955 0.00000 -4.51884 0.00000 0.00000 -1.00000 -0.00000
1634315798830157 -0.99270 0.12062 0.00000 87.50937 0.12062 0.99270 0.00000 -2.42973 0.00000 0.00000 -1.00000 -0.00000
1634315799078991 -0.99521 0.09779 0.00000 85.37721 0.09779 0.99521 0.00000 -0.47232 0.00000 0.00000 -1.00000 -0.00000
1634315799327729 -0.99733 0.07299 0.00000 83.14824 0.07299 0.99733 0.00000 1.59786 0.00000 0.00000 -1.00000 0.00000
1634315799576800 -0.99873 0.05046 -0.00000 80.92554 0.05046 0.99873 0.00000 3.47628 0.00000 0.00000 -1.00000 0.00000
1634315799826040 -0.99940 0.03465 0.00000 78.65364 0.03465 0.99940 0.00000 4.71956 0.00000 0.00000 -1.00000 0.00000
1634315800074999 -0.99988 0.01523 0.00000 76.36260 0.01523 0.99988 0.00000 6.16574 0.00000 0.00000 -1.00000 0.00000
1634315800323966 -0.99999 0.00410 0.00000 74.14328 0.00410 0.99999 0.00000 6.97661 0.00000 0.00000 -1.00000 0.00000
1634315800573025 -1.00000 0.00226 0.00000 71.93578 0.00226 1.00000 0.00000 7.02509 0.00000 0.00000 -1.00000 0.00000
1634315800822129 -0.99999 0.00508 0.00000 69.76061 0.00508 0.99999 0.00000 6.82994 0.00000 0.00000 -1.00000 0.00000
1634315801070966 -0.99995 0.01022 0.00000 67.60551 0.01022 0.99995 0.00000 6.41837 0.00000 0.00000 -1.00000 0.00000
1634315801319679 -0.99995 0.00966 0.00000 65.35232 0.00966 0.99995 0.00000 6.47586 0.00000 0.00000 -1.00000 0.00000
1634315801568739 -0.99993 0.01146 -0.00000 63.09737 0.01146 0.99993 0.00000 6.29308 0.00000 0.00000 -1.00000 0.00000
1634315801817408 -0.99998 0.00565 -0.00000 60.75221 0.00565 0.99998 0.00000 6.55520 0.00000 0.00000 -1.00000 0.00000
1634315802066297 -0.99998 0.00568 0.00000 58.52445 0.00568 0.99998 0.00000 6.52695 0.00000 0.00000 -1.00000 0.00000
1634315802315109 -0.99992 0.01246 0.00000 56.25504 0.01246 0.99992 0.00000 6.08846 0.00000 0.00000 -1.00000 0.00000
1634315802563828 -0.99979 0.02036 0.00000 54.02110 0.02036 0.99979 0.00000 5.65508 0.00000 0.00000 -1.00000 0.00000
1634315802812299 -0.99971 0.02420 -0.00000 51.77987 0.02420 0.99971 0.00000 5.41106 0.00000 0.00000 -1.00000 0.00000
1634315803061146 -0.99938 0.03522 0.00000 49.56313 0.03522 0.99938 0.00000 4.82327 0.00000 0.00000 -1.00000 0.00000
1634315803310359 -0.99892 0.04641 0.00000 47.38198 0.04641 0.99892 0.00000 4.24535 0.00000 0.00000 -1.00000 0.00000
1634315803559465 -0.99792 0.06450 0.00000 45.22904 0.06450 0.99792 0.00000 3.30055 0.00000 0.00000 -1.00000 0.00000
1634315803808624 -0.99686 0.07922 0.00000 43.09958 0.07922 0.99686 0.00000 2.56908 0.00000 0.00000 -1.00000 0.00000
1634315804057574 -0.99616 0.08759 0.00000 40.90652 0.08759 0.99616 0.00000 2.13617 0.00000 0.00000 -1.00000 0.00000
1634315804306616 -0.99561 0.09361 0.00000 38.74142 0.09361 0.99561 0.00000 1.81075 0.00000 0.00000 -1.00000 0.00000
1634315804555718 -0.99496 0.10028 0.00000 36.72148 0.10028 0.99496 0.00000 1.53922 0.00000 0.00000 -1.00000 0.00000
1634315804804572 -0.99494 0.10046 0.00000 34.48158 0.10046 0.99494 0.00000 1.40426 0.00000 0.00000 -1.00000 0.00000
1634315805053288 -0.99499 0.09999 0.00000 32.42322 0.09999 0.99499 0.00000 1.45704 0.00000 0.00000 -1.00000 0.00000
1634315805301909 -0.99471 0.10276 0.00000 30.36711 0.10276 0.99471 0.00000 1.28689 0.00000 0.00000 -1.00000 0.00000
1634315805550806 -0.99445 0.10524 0.00000 28.24673 0.10524 0.99445 0.00000 1.16861 0.00000 0.00000 -1.00000 0.00000
1634315805799725 -0.99424 0.10721 -0.00000 26.12329 0.10721 0.99424 0.00000 1.02121 0.00000 0.00000 -1.00000 0.00000
1634315806048626 -0.99353 0.11360 0.00000 24.01872 0.11360 0.99353 0.00000 0.84910 0.00000 0.00000 -1.00000 0.00000
1634315806297776 -0.99308 0.11743 0.00000 21.97887 0.11743 0.99308 0.00000 0.75736 0.00000 0.00000 -1.00000 0.00000
1634315806546828 -0.99274 0.12025 0.00000 20.04422 0.12025 0.99274 0.00000 0.70046 0.00000 0.00000 -1.00000 0.00000
1634315806795655 -0.99212 0.12532 0.00000 18.24492 0.12532 0.99212 0.00000 0.53453 0.00000 0.00000 -1.00000 0.00000
1634315807044493 -0.99198 0.12636 0.00000 16.44392 0.12636 0.99198 0.00000 0.50682 0.00000 0.00000 -1.00000 0.00000
1634315807293162 -0.99195 0.12662 0.00000 14.78474 0.12662 0.99195 0.00000 0.45750 0.00000 0.00000 -1.00000 0.00000
1634315807541639 -0.99213 0.12519 0.00000 13.14917 0.12519 0.99213 0.00000 0.44840 0.00000 0.00000 -1.00000 0.00000
1634315807790807 -0.99165 0.12899 0.00000 11.49340 0.12899 0.99165 0.00000 0.40840 0.00000 0.00000 -1.00000 0.00000
1634315808039814 -0.99181 0.12775 -0.00000 9.79557 0.12775 0.99181 0.00000 0.39265 0.00000 0.00000 -1.00000 0.00000
1634315808288650 -0.99175 0.12821 0.00000 8.14935 0.12821 0.99175 0.00000 0.34806 0.00000 0.00000 -1.00000 0.00000
1634315808537374 -0.99113 0.13292 0.00000 6.56646 0.13292 0.99113 0.00000 0.25944 0.00000 0.00000 -1.00000 0.00000
1634315808786135 -0.99115 0.13272 0.00000 4.92778 0.13272 0.99115 0.00000 0.25410 0.00000 0.00000 -1.00000 0.00000
1634315809034821 -0.99058 0.13692 -0.00000 3.30761 0.13692 0.99058 0.00000 0.18813 0.00000 0.00000 -1.00000 0.00000
1634315809283778 -0.99007 0.14057 -0.00000 1.71269 0.14057 0.99007 0.00000 0.11516 0.00000 0.00000 -1.00000 0.00000
1634315809532263 -0.98966 0.14344 0.00000 0.08246 0.14344 0.98966 0.00000 0.10520 0.00000 0.00000 -1.00000 0.00000
1634315809781244 -0.98880 0.14922 0.00000 -1.52294 0.14922 0.98880 0.00000 0.07453 0.00000 0.00000 -1.00000 0.00000
1634315810030375 -0.98996 0.14138 0.00000 -3.13168 0.14138 0.98996 0.00000 -0.02416 0.00000 0.00000 -1.00000 -0.00000
1634315810279236 -0.99120 0.13234 0.00000 -4.71431 0.13234 0.99120 0.00000 -0.00599 0.00000 0.00000 -1.00000 -0.00000
1634315810528146 -0.99301 0.11802 0.00000 -6.06244 0.11802 0.99301 0.00000 -0.12965 0.00000 0.00000 -1.00000 -0.00000
1634315810776612 -0.99455 0.10423 0.00000 -7.38073 0.10423 0.99455 0.00000 -0.33381 0.00000 0.00000 -1.00000 -0.00000
1634315811025587 -0.99561 0.09357 -0.00000 -8.56240 0.09357 0.99561 0.00000 -0.34460 0.00000 0.00000 -1.00000 -0.00000
1634315811274751 -0.99680 0.07994 0.00000 -9.54306 0.07994 0.99680 0.00000 -0.39999 0.00000 0.00000 -1.00000 -0.00000
1634315811523542 -0.99752 0.07039 0.00000 -10.28051 0.07039 0.99752 0.00000 -0.60895 0.00000 0.00000 -1.00000 -0.00000
1634315811772648 -0.99830 0.05824 0.00000 -10.83374 0.05824 0.99830 0.00000 -0.78295 0.00000 0.00000 -1.00000 -0.00000
1634315812021701 -0.99874 0.05010 0.00000 -11.31324 0.05010 0.99874 0.00000 -0.79900 0.00000 0.00000 -1.00000 -0.00000
1634315812270819 -0.99902 0.04430 -0.00000 -11.65837 0.04430 0.99902 0.00000 -0.83843 0.00000 0.00000 -1.00000 -0.00000
1634315812519591 -0.99916 0.04098 0.00000 -12.00157 0.04098 0.99916 0.00000 -0.96212 0.00000 0.00000 -1.00000 -0.00000
1634315812768323 -0.99936 0.03578 0.00000 -12.40959 0.03578 0.99936 0.00000 -0.98850 0.00000 0.00000 -1.00000 -0.00000
1634315813017019 -0.99953 0.03078 0.00000 -12.79490 0.03078 0.99953 0.00000 -1.07421 0.00000 0.00000 -1.00000 -0.00000
1634315813265666 -0.99960 0.02814 0.00000 -13.34693 0.02814 0.99960 0.00000 -1.17601 0.00000 0.00000 -1.00000 -0.00000
1634315813514482 -0.99959 0.02879 -0.00000 -14.03020 0.02879 0.99959 0.00000 -1.16499 0.00000 0.00000 -1.00000 -0.00000
1634315813762701 -0.99951 0.03115 0.00000 -14.81778 0.03115 0.99951 0.00000 -1.19072 0.00000 0.00000 -1.00000 -0.00000
1634315814011033 -0.99942 0.03399 -0.00000 -15.78716 0.03399 0.99942 0.00000 -1.09655 0.00000 0.00000 -1.00000 -0.00000
1634315814259452 -0.99943 0.03391 0.00000 -16.87112 0.03391 0.99943 0.00000 -1.14035 0.00000 0.00000 -1.00000 -0.00000
1634315814507875 -0.99924 0.03891 0.00000 -18.17683 0.03891 0.99924 0.00000 -1.08059 0.00000 0.00000 -1.00000 -0.00000
1634315814756417 -0.99920 0.04009 0.00000 -19.52893 0.04009 0.99920 0.00000 -1.07463 0.00000 0.00000 -1.00000 -0.00000
1634315815005064 -0.99916 0.04105 0.00000 -21.20723 0.04105 0.99916 0.00000 -1.07842 0.00000 0.00000 -1.00000 -0.00000
