1. 0.000 0. 1.746 -0.000 1. 0. -0.041 0. 0. 1. 0.
1. 0. 0. 2.162 -0. 1. 0. -0.069 0. 0. 1. 0.
1. 0. 0. 2.638 -0. 1. 0. -0.031 0. 0. 1. 0.
1. 0.003 0. 3.160 -0.003 1. 0. -0.034 0. 0. 1. 0.
1. 0.002 0. 3.742 -0.002 1. 0. -0.032 0. 0. 1. 0.
1. 0.002 0. 4.341 -0.002 1. 0. -0.060 0. 0. 1. 0.
1. 0.001 0. 5.024 -0.001 1. 0. -0.045 0. 0. 1. 0.
1. -0.000 0. 5.720 0.000 1. 0. -0.048 0. 0. 1. 0.
1. -0.001 0. 6.496 0.001 1. 0. -0.048 0. 0. 1. 0.
1. -0.001 0. 7.277 0.001 1. 0. -0.049 0. 0. 1. 0.
1. -0.003 0. 8.093 0.003 1. 0. -0.032 0. 0. 1. 0.
1. -0.001 0. 8.940 0.001 1. 0. -0.030 0. 0. 1. 0.
1. -0.003 0. 9.861 0.003 1. 0. 0.005 0. 0. 1. 0.
1. -0.002 0. 10.787 0.002 1. 0. 0.001 0. 0. 1. 0.
1. -0.003 0. 11.751 0.003 1. 0. 0.035 0. 0. 1. 0.
1. -0.004 0. 12.760 0.004 1. 0. 0.026 0. 0. 1. 0.
1. -0.005 0. 13.777 0.005 1. 0. 0.037 0. 0. 1. 0.
1. -0.005 0. 14.829 0.005 1. 0. 0.046 0. 0. 1. 0.
1. -0.006 0. 15.909 0.006 1. 0. 0.041 0. 0. 1. 0.
1. -0.004 0. 17.021 0.004 1. 0. 0.102 0. 0. 1. 0.
1. -0.006 0. 18.142 0.006 1. 0. 0.043 0. 0. 1. 0.
1. -0.006 0. 19.332 0.006 1. 0. 0.098 0. 0. 1. 0.
1. -0.006 0. 20.457 0.006 1. 0. 0.074 0. 0. 1. 0.
1. -0.007 0. 21.665 0.007 1. 0. 0.105 0. 0. 1. 0.
1. -0.007 0. 22.870 0.007 1. 0. 0.118 0. 0. 1. 0.
1. -0.008 0. 24.095 0.008 1. 0. 0.101 0. 0. 1. 0.
1.000 -0.015 0. 25.301 0.015 1.000 0. 0.111 0. 0. 1. 0.
1.000 -0.022 0. 26.520 0.022 1.000 0. 0.192 0. 0. 1. 0.
0.999 -0.033 0. 27.717 0.033 0.999 0. 0.218 0. 0. 1. 0.
0.999 -0.047 0. 28.940 0.047 0.999 0. 0.337 0. 0. 1. 0.
0.998 -0.061 0. 30.146 0.061 0.998 0. 0.378 0. 0. 1. 0.
0.997 -0.072 0. 31.418 0.072 0.997 0. 0.535 0. 0. 1. 0.
0.997 -0.082 0. 32.644 0.082 0.997 0. 0.648 0. 0. 1. 0.
0.995 -0.096 0. 33.899 0.096 0.995 0. 0.770 0. 0. 1. 0.
0.994 -0.106 0. 35.165 0.106 0.994 0. 0.903 0. 0. 1. 0.
0.994 -0.113 0. 36.421 0.113 0.994 0. 1.034 0. 0. 1. 0.
0.993 -0.117 0. 37.678 0.117 0.993 0. 1.195 0. 0. 1. 0.
0.993 -0.116 0. 38.960 0.116 0.993 0. 1.321 0. 0. 1. 0.
0.993 -0.115 0. 40.271 0.115 0.993 0. 1.488 0. 0. 1. 0.
0.993 -0.114 0. 41.546 0.114 0.993 0. 1.628 0. 0. 1. 0.
0.994 -0.113 0. 42.885 0.113 0.994 0. 1.752 0. 0. 1. 0.
0.994 -0.110 0. 44.243 0.110 0.994 0. 1.878 0. 0. 1. 0.
0.994 -0.109 0. 45.591 0.109 0.994 0. 2.071 0. 0. 1. 0.
0.994 -0.109 0. 46.975 0.109 0.994 0. 2.165 0. 0. 1. 0.
0.994 -0.112 0. 48.369 0.112 0.994 0. 2.384 0. 0. 1. 0.
0.993 -0.114 0. 49.779 0.114 0.993 0. 2.483 0. 0. 1. 0.
0.993 -0.121 0. 51.212 0.121 0.993 0. 2.648 0. 0. 1. 0.
0.992 -0.127 0. 52.654 0.127 0.992 0. 2.852 0. 0. 1. 0.
0.991 -0.135 0. 54.134 0.135 0.991 0. 3.079 0. 0. 1. 0.
0.990 -0.142 0. 55.603 0.142 0.990 0. 3.270 0. 0. 1. 0.
0.989 -0.151 0. 57.111 0.151 0.989 0. 3.521 0. 0. 1. 0.
0.987 -0.158 0. 58.621 0.158 0.987 0. 3.765 0. 0. 1. 0.
0.986 -0.165 0. 60.131 0.165 0.986 0. 4.041 0. 0. 1. 0.
0.985 -0.171 0. 61.661 0.171 0.985 0. 4.282 0. 0. 1. 0.
0.984 -0.179 0. 63.150 0.179 0.984 0. 4.615 0. 0. 1. 0.
0.983 -0.185 0. 64.652 0.185 0.983 0. 4.885 0. 0. 1. 0.
0.982 -0.190 0. 66.153 0.190 0.982 0. 5.161 0. 0. 1. 0.
0.981 -0.193 0. 67.636 0.193 0.981 0. 5.479 0. 0. 1. 0.
0.981 -0.192 0. 69.084 0.192 0.981 0. 5.775 0. 0. 1. 0.
0.982 -0.191 0. 70.569 0.191 0.982 0. 6.110 0. 0. 1. 0.
0.982 -0.190 0. 72.017 0.190 0.982 0. 6.363 0. 0. 1. 0.
0.982 -0.188 0. 73.416 0.188 0.982 0. 6.651 0. 0. 1. 0.
0.983 -0.185 0. 74.822 0.185 0.983 0. 6.897 0. 0. 1. 0.
0.983 -0.183 0. 76.087 0.183 0.983 0. 7.150 0. 0. 1. 0.
0.984 -0.180 0. 77.334 0.180 0.984 0. 7.420 0. 0. 1. 0.
0.984 -0.176 0. 78.491 0.176 0.984 0. 7.616 0. 0. 1. 0.
0.985 -0.175 0. 79.567 0.175 0.985 0. 7.804 0. 0. 1. 0.
0.985 -0.174 0. 80.582 0.174 0.985 0. 7.974 0. 0. 1. 0.
0.985 -0.172 0. 81.510 0.172 0.985 0. 8.112 0. 0. 1. 0.
0.985 -0.172 0. 82.332 0.172 0.985 0. 8.253 0. 0. 1. 0.
0.985 -0.171 0. 83.051 0.171 0.985 0. 8.401 0. 0. 1. 0.
0.985 -0.173 0. 83.682 0.173 0.985 0. 8.469 0. 0. 1. 0.
0.985 -0.172 0. 84.218 0.172 0.985 0. 8.566 0. 0. 1. 0.
0.985 -0.174 0. 84.687 0.174 0.985 0. 8.652 0. 0. 1. 0.
0.984 -0.176 0. 85.081 0.176 0.984 0. 8.769 0. 0. 1. 0.
0.984 -0.178 0. 85.440 0.178 0.984 0. 8.800 0. 0. 1. 0.
0.984 -0.178 0. 85.775 0.178 0.984 0. 8.896 0. 0. 1. 0.
0.984 -0.180 0. 86.128 0.180 0.984 0. 8.969 0. 0. 1. 0.
0.984 -0.181 0. 86.489 0.181 0.984 0. 9.015 0. 0. 1. 0.
0.983 -0.182 0. 86.828 0.182 0.983 0. 9.139 0. 0. 1. 0.
0.982 -0.187 0. 87.226 0.187 0.982 0. 9.174 0. 0. 1. 0.
0.981 -0.194 0. 87.666 0.194 0.981 0. 9.268 0. 0. 1. 0.
0.980 -0.200 0. 88.107 0.200 0.980 0. 9.375 0. 0. 1. 0.
0.978 -0.208 0. 88.596 0.208 0.978 0. 9.491 0. 0. 1. 0.
0.976 -0.217 0. 89.112 0.217 0.976 0. 9.593 0. 0. 1. 0.
0.974 -0.226 0. 89.743 0.226 0.974 0. 9.818 0. 0. 1. 0.
0.971 -0.237 0. 90.397 0.237 0.971 0. 9.985 0. 0. 1. 0.
0.968 -0.251 0. 91.104 0.251 0.968 0. 10.177 0. 0. 1. 0.
0.964 -0.267 0. 91.845 0.267 0.964 0. 10.403 0. 0. 1. 0.
0.959 -0.285 0. 92.658 0.285 0.959 0. 10.675 0. 0. 1. 0.
0.952 -0.305 0. 93.499 0.305 0.952 0. 10.945 0. 0. 1. 0.
0.945 -0.326 0. 94.385 0.326 0.945 0. 11.308 0. 0. 1. 0.
0.932 -0.361 0. 96.265 0.361 0.932 0. 12.134 0. 0. 1. 0.
0.916 -0.402 0. 97.285 0.402 0.916 0. 12.580 0. 0. 1. 0.
0.904 -0.428 0. 98.293 0.428 0.904 0. 13.099 0. 0. 1. 0.
0.890 -0.455 0. 99.314 0.455 0.890 0. 13.662 0. 0. 1. 0.
0.874 -0.487 0. 100.379 0.487 0.874 0. 14.283 0. 0. 1. 0.
0.855 -0.519 0. 101.432 0.519 0.855 0. 14.982 0. 0. 1. 0.
0.834 -0.552 0. 102.548 0.552 0.834 0. 15.774 0. 0. 1. 0.
0.813 -0.583 0. 103.646 0.583 0.813 0. 16.618 0. 0. 1. 0.
0.789 -0.615 0. 104.719 0.615 0.789 0. 17.483 0. 0. 1. 0.
0.765 -0.644 0. 105.800 0.644 0.765 0. 18.432 0. 0. 1. 0.
0.745 -0.667 0. 106.935 0.667 0.745 0. 19.481 0. 0. 1. 0.
0.730 -0.683 0. 108.042 0.683 0.730 0. 20.538 0. 0. 1. 0.
0.717 -0.697 0. 109.130 0.697 0.717 0. 21.660 0. 0. 1. 0.
0.708 -0.706 0. 110.293 0.706 0.708 0. 22.776 0. 0. 1. 0.
0.703 -0.711 0. 111.455 0.711 0.703 0. 23.931 0. 0. 1. 0.
0.704 -0.710 0. 112.673 0.710 0.704 0. 25.145 0. 0. 1. 0.
0.708 -0.706 0. 113.840 0.706 0.708 0. 26.376 0. 0. 1. 0.
0.713 -0.702 0. 115.081 0.702 0.713 0. 27.592 0. 0. 1. 0.
0.716 -0.698 0. 116.347 0.698 0.716 0. 28.831 0. 0. 1. 0.
0.720 -0.694 0. 117.668 0.694 0.720 0. 30.107 0. 0. 1. 0.
0.723 -0.691 0. 119.016 0.691 0.723 0. 31.368 0. 0. 1. 0.
0.727 -0.686 0. 120.380 0.686 0.727 0. 32.649 0. 0. 1. 0.
0.730 -0.683 0. 121.798 0.683 0.730 0. 33.978 0. 0. 1. 0.
0.733 -0.680 0. 123.243 0.680 0.733 0. 35.301 0. 0. 1. 0.
0.736 -0.677 0. 124.691 0.677 0.736 0. 36.617 0. 0. 1. 0.
0.739 -0.674 0. 126.179 0.674 0.739 0. 37.966 0. 0. 1. 0.
0.743 -0.669 0. 127.626 0.669 0.743 0. 39.322 0. 0. 1. 0.
0.747 -0.665 0. 129.163 0.665 0.747 0. 40.641 0. 0. 1. 0.
0.752 -0.659 0. 130.688 0.659 0.752 0. 41.983 0. 0. 1. 0.
0.761 -0.649 0. 132.226 0.649 0.761 0. 43.333 0. 0. 1. 0.
0.768 -0.641 0. 133.809 0.641 0.768 0. 44.653 0. 0. 1. 0.
0.779 -0.627 0. 135.444 0.627 0.779 0. 45.958 0. 0. 1. 0.
0.790 -0.613 0. 137.081 0.613 0.790 0. 47.236 0. 0. 1. 0.
0.800 -0.600 0. 138.768 0.600 0.800 0. 48.461 0. 0. 1. 0.
0.809 -0.587 0. 140.464 0.587 0.809 0. 49.705 0. 0. 1. 0.
0.819 -0.573 0. 142.227 0.573 0.819 0. 50.907 0. 0. 1. 0.
0.829 -0.559 0. 143.982 0.559 0.829 0. 52.098 0. 0. 1. 0.
0.841 -0.542 0. 145.781 0.542 0.841 0. 53.220 0. 0. 1. 0.
0.852 -0.523 0. 147.598 0.523 0.852 0. 54.366 0. 0. 1. 0.
0.866 -0.500 0. 149.439 0.500 0.866 0. 55.391 0. 0. 1. 0.
0.880 -0.476 0. 151.300 0.476 0.880 0. 56.395 0. 0. 1. 0.
0.892 -0.453 0. 153.196 0.453 0.892 0. 57.341 0. 0. 1. 0.
0.903 -0.429 0. 155.112 0.429 0.903 0. 58.226 0. 0. 1. 0.
0.915 -0.404 0. 157.030 0.404 0.915 0. 59.030 0. 0. 1. 0.
0.925 -0.379 0. 159.010 0.379 0.925 0. 59.848 0. 0. 1. 0.
0.933 -0.360 0. 160.950 0.360 0.933 0. 60.572 0. 0. 1. 0.
0.940 -0.341 0. 162.962 0.341 0.940 0. 61.305 0. 0. 1. 0.
0.947 -0.322 0. 164.964 0.322 0.947 0. 61.965 0. 0. 1. 0.
0.953 -0.302 0. 166.980 0.302 0.953 0. 62.614 0. 0. 1. 0.
0.960 -0.279 0. 169.033 0.279 0.960 0. 63.237 0. 0. 1. 0.
0.967 -0.256 0. 171.098 0.256 0.967 0. 63.725 0. 0. 1. 0.
0.972 -0.235 0. 173.154 0.235 0.972 0. 64.245 0. 0. 1. 0.
0.977 -0.213 0. 175.287 0.213 0.977 0. 64.703 0. 0. 1. 0.
0.981 -0.193 0. 177.365 0.193 0.981 0. 65.092 0. 0. 1. 0.
0.984 -0.177 0. 179.500 0.177 0.984 0. 65.455 0. 0. 1. 0.
0.987 -0.161 0. 181.683 0.161 0.987 0. 65.787 0. 0. 1. 0.
0.989 -0.146 0. 183.815 0.146 0.989 0. 66.096 0. 0. 1. 0.
0.991 -0.131 0. 185.995 0.131 0.991 0. 66.355 0. 0. 1. 0.
0.993 -0.115 0. 188.174 0.115 0.993 0. 66.621 0. 0. 1. 0.
0.995 -0.101 0. 190.394 0.101 0.995 0. 66.849 0. 0. 1. 0.
0.996 -0.089 0. 192.554 0.089 0.996 0. 67.038 0. 0. 1. 0.
0.997 -0.077 0. 194.736 0.077 0.997 0. 67.209 0. 0. 1. 0.
0.998 -0.063 0. 196.883 0.063 0.998 0. 67.366 0. 0. 1. 0.
0.999 -0.048 0. 199.023 0.048 0.999 0. 67.465 0. 0. 1. 0.
1.000 -0.031 0. 201.173 0.031 1.000 0. 67.528 0. 0. 1. 0.
1. -0.010 0. 203.289 0.010 1. 0. 67.549 0. 0. 1. 0.
1. 0.008 0. 205.416 -0.008 1. 0. 67.522 0. 0. 1. 0.
1.000 0.026 0. 207.547 -0.026 1.000 0. 67.474 0. 0. 1. 0.
0.999 0.043 0. 209.674 -0.043 0.999 0. 67.376 0. 0. 1. 0.
0.998 0.058 0. 211.817 -0.058 0.998 0. 67.231 0. 0. 1. 0.
0.997 0.076 0. 213.996 -0.076 0.997 0. 67.071 0. 0. 1. 0.
0.996 0.092 0. 216.116 -0.092 0.996 0. 66.856 0. 0. 1. 0.
0.994 0.107 0. 218.281 -0.107 0.994 0. 66.591 0. 0. 1. 0.
0.993 0.119 0. 220.443 -0.119 0.993 0. 66.344 0. 0. 1. 0.
0.991 0.132 0. 222.621 -0.132 0.991 0. 66.041 0. 0. 1. 0.
0.990 0.143 0. 224.765 -0.143 0.990 0. 65.720 0. 0. 1. 0.
0.988 0.157 0. 226.916 -0.157 0.988 0. 65.364 0. 0. 1. 0.
0.985 0.172 0. 229.090 -0.172 0.985 0. 64.992 0. 0. 1. 0.
0.982 0.187 0. 231.235 -0.187 0.982 0. 64.615 0. 0. 1. 0.
0.979 0.203 0. 233.417 -0.203 0.979 0. 64.168 0. 0. 1. 0.
0.975 0.223 0. 235.578 -0.223 0.975 0. 63.668 0. 0. 1. 0.
0.971 0.240 0. 237.666 -0.240 0.971 0. 63.143 0. 0. 1. 0.
0.967 0.255 0. 239.756 -0.255 0.967 0. 62.560 0. 0. 1. 0.
0.963 0.268 0. 241.879 -0.268 0.963 0. 61.953 0. 0. 1. 0.
0.958 0.286 0. 243.990 -0.286 0.958 0. 61.320 0. 0. 1. 0.
0.952 0.307 0. 246.079 -0.307 0.952 0. 60.610 0. 0. 1. 0.
0.942 0.335 0. 248.089 -0.335 0.942 0. 59.892 0. 0. 1. 0.
0.933 0.360 0. 250.115 -0.360 0.933 0. 59.089 0. 0. 1. 0.
0.922 0.387 0. 252.167 -0.387 0.922 0. 58.203 0. 0. 1. 0.
0.910 0.415 0. 254.165 -0.415 0.910 0. 57.300 0. 0. 1. 0.
0.898 0.440 0. 256.111 -0.440 0.898 0. 56.347 0. 0. 1. 0.
0.883 0.469 0. 258.076 -0.469 0.883 0. 55.293 0. 0. 1. 0.
0.870 0.493 0. 259.944 -0.493 0.870 0. 54.197 0. 0. 1. 0.
0.856 0.517 0. 261.806 -0.517 0.856 0. 53.049 0. 0. 1. 0.
0.843 0.537 0. 263.618 -0.537 0.843 0. 51.883 0. 0. 1. 0.
0.833 0.553 0. 265.455 -0.553 0.833 0. 50.718 0. 0. 1. 0.
0.823 0.568 0. 267.148 -0.568 0.823 0. 49.479 0. 0. 1. 0.
0.813 0.582 0. 268.874 -0.582 0.813 0. 48.250 0. 0. 1. 0.
0.802 0.597 0. 270.562 -0.597 0.802 0. 46.983 0. 0. 1. 0.
0.791 0.611 0. 272.261 -0.611 0.791 0. 45.737 0. 0. 1. 0.
0.780 0.626 0. 273.845 -0.626 0.780 0. 44.442 0. 0. 1. 0.
0.768 0.640 0. 275.358 -0.640 0.768 0. 43.071 0. 0. 1. 0.
0.754 0.657 0. 276.894 -0.657 0.754 0. 41.708 0. 0. 1. 0.
0.740 0.673 0. 278.394 -0.673 0.740 0. 40.352 0. 0. 1. 0.
0.725 0.688 0. 279.872 -0.688 0.725 0. 38.938 0. 0. 1. 0.
0.714 0.700 0. 281.248 -0.700 0.714 0. 37.483 0. 0. 1. 0.
0.703 0.712 0. 282.730 -0.712 0.703 0. 36.038 0. 0. 1. 0.
0.695 0.719 0. 284.136 -0.719 0.695 0. 34.574 0. 0. 1. 0.
0.685 0.729 0. 285.534 -0.729 0.685 0. 33.115 0. 0. 1. 0.
0.677 0.736 0. 286.896 -0.736 0.677 0. 31.619 0. 0. 1. 0.
0.671 0.741 0. 288.221 -0.741 0.671 0. 30.123 0. 0. 1. 0.
0.668 0.744 0. 289.580 -0.744 0.668 0. 28.644 0. 0. 1. 0.
0.667 0.745 0. 290.991 -0.745 0.667 0. 27.179 0. 0. 1. 0.
0.667 0.745 0. 292.293 -0.745 0.667 0. 25.727 0. 0. 1. 0.
0.669 0.743 0. 293.648 -0.743 0.669 0. 24.324 0. 0. 1. 0.
0.676 0.737 0. 294.942 -0.737 0.676 0. 22.901 0. 0. 1. 0.
0.687 0.727 0. 296.270 -0.727 0.687 0. 21.503 0. 0. 1. 0.
0.700 0.714 0. 297.599 -0.714 0.700 0. 20.161 0. 0. 1. 0.
0.714 0.700 0. 298.979 -0.700 0.714 0. 18.885 0. 0. 1. 0.
0.729 0.685 0. 300.319 -0.685 0.729 0. 17.583 0. 0. 1. 0.
0.747 0.665 0. 301.709 -0.665 0.747 0. 16.351 0. 0. 1. 0.
0.763 0.647 0. 303.167 -0.647 0.763 0. 15.195 0. 0. 1. 0.
0.780 0.626 0. 304.606 -0.626 0.780 0. 14.061 0. 0. 1. 0.
0.798 0.603 0. 306.131 -0.603 0.798 0. 12.944 0. 0. 1. 0.
0.818 0.576 0. 307.643 -0.576 0.818 0. 11.905 0. 0. 1. 0.
0.839 0.544 0. 309.267 -0.544 0.839 0. 10.929 0. 0. 1. 0.
0.860 0.511 0. 310.850 -0.511 0.860 0. 10.023 0. 0. 1. 0.
0.881 0.473 0. 312.494 -0.473 0.881 0. 9.169 0. 0. 1. 0.
0.903 0.429 0. 314.203 -0.429 0.903 0. 8.380 0. 0. 1. 0.
0.924 0.383 0. 315.954 -0.383 0.924 0. 7.678 0. 0. 1. 0.
0.943 0.334 0. 317.799 -0.334 0.943 0. 7.057 0. 0. 1. 0.
0.959 0.283 0. 319.584 -0.283 0.959 0. 6.557 0. 0. 1. 0.
0.972 0.236 0. 321.494 -0.236 0.972 0. 6.125 0. 0. 1. 0.
0.981 0.196 0. 323.406 -0.196 0.981 0. 5.761 0. 0. 1. 0.
0.986 0.168 0. 325.311 -0.168 0.986 0. 5.448 0. 0. 1. 0.
0.990 0.142 0. 327.241 -0.142 0.990 0. 5.210 0. 0. 1. 0.
0.993 0.116 0. 329.183 -0.116 0.993 0. 4.990 0. 0. 1. 0.
0.996 0.093 0. 331.165 -0.093 0.996 0. 4.822 0. 0. 1. 0.
0.997 0.077 0. 333.159 -0.077 0.997 0. 4.693 0. 0. 1. 0.
0.998 0.064 0. 335.186 -0.064 0.998 0. 4.570 0. 0. 1. 0.
0.998 0.057 0. 337.201 -0.057 0.998 0. 4.440 0. 0. 1. 0.
0.998 0.055 0. 339.229 -0.055 0.998 0. 4.345 0. 0. 1. 0.
0.998 0.056 0. 341.279 -0.056 0.998 0. 4.247 0. 0. 1. 0.
0.998 0.059 0. 343.343 -0.059 0.998 0. 4.121 0. 0. 1. 0.
0.998 0.063 0. 345.395 -0.063 0.998 0. 4.009 0. 0. 1. 0.
0.998 0.066 0. 347.471 -0.066 0.998 0. 3.833 0. 0. 1. 0.
0.997 0.071 0. 349.574 -0.071 0.997 0. 3.673 0. 0. 1. 0.
0.997 0.074 0. 351.669 -0.074 0.997 0. 3.508 0. 0. 1. 0.
0.997 0.077 0. 353.778 -0.077 0.997 0. 3.299 0. 0. 1. 0.
0.997 0.079 0. 355.911 -0.079 0.997 0. 3.142 0. 0. 1. 0.
0.997 0.082 0. 358.046 -0.082 0.997 0. 2.937 0. 0. 1. 0.
0.996 0.084 0. 360.199 -0.084 0.996 0. 2.765 0. 0. 1. 0.
0.996 0.086 0. 362.354 -0.086 0.996 0. 2.635 0. 0. 1. 0.
0.996 0.084 0. 364.543 -0.084 0.996 0. 2.420 0. 0. 1. 0.
0.997 0.081 0. 366.725 -0.081 0.997 0. 2.213 0. 0. 1. 0.
0.997 0.079 0. 368.942 -0.079 0.997 0. 2.003 0. 0. 1. 0.
0.997 0.074 0. 371.160 -0.074 0.997 0. 1.798 0. 0. 1. 0.
0.997 0.072 0. 373.382 -0.072 0.997 0. 1.670 0. 0. 1. 0.
0.998 0.070 0. 375.602 -0.070 0.998 0. 1.501 0. 0. 1. 0.
0.998 0.064 0. 377.845 -0.064 0.998 0. 1.241 0. 0. 1. 0.
0.999 0.053 0. 380.097 -0.053 0.999 0. 1.230 0. 0. 1. 0.
0.999 0.047 0. 382.368 -0.047 0.999 0. 1.054 0. 0. 1. 0.
0.999 0.041 0. 384.632 -0.041 0.999 0. 0.984 0. 0. 1. 0.
0.999 0.038 0. 386.907 -0.038 0.999 0. 0.881 0. 0. 1. 0.
0.999 0.033 0. 389.202 -0.033 0.999 0. 0.810 0. 0. 1. 0.
1.000 0.027 0. 391.477 -0.027 1.000 0. 0.731 0. 0. 1. 0.
1.000 0.023 0. 393.773 -0.023 1.000 0. 0.694 0. 0. 1. 0.
1.000 0.020 0. 395.996 -0.020 1.000 0. 0.587 0. 0. 1. 0.
1.000 0.017 0. 398.260 -0.017 1.000 0. 0.612 0. 0. 1. 0.
1.000 0.016 0. 400.466 -0.016 1.000 0. 0.543 0. 0. 1. 0.
1.000 0.017 0. 402.669 -0.017 1.000 0. 0.519 0. 0. 1. 0.
1.000 0.017 0. 404.841 -0.017 1.000 0. 0.470 0. 0. 1. 0.
1.000 0.017 0. 407.087 -0.017 1.000 0. 0.488 0. 0. 1. 0.
1. 0.014 0. 409.272 -0.014 1. 0. 0.424 0. 0. 1. 0.
1.000 0.016 0. 411.465 -0.016 1.000 0. 0.392 0. 0. 1. 0.
1.000 0.016 0. 413.650 -0.016 1.000 0. 0.375 0. 0. 1. 0.
1.000 0.017 0. 415.894 -0.017 1.000 0. 0.297 0. 0. 1. 0.
1.000 0.018 0. 418.064 -0.018 1.000 0. 0.265 0. 0. 1. 0.
1.000 0.019 0. 420.301 -0.019 1.000 0. 0.252 0. 0. 1. 0.
1.000 0.019 0. 422.441 -0.019 1.000 0. 0.268 0. 0. 1. 0.
1.000 0.019 0. 424.602 -0.019 1.000 0. 0.129 0. 0. 1. 0.
1.000 0.017 0. 426.741 -0.017 1.000 0. 0.135 0. 0. 1. 0.
1.000 0.017 0. 428.860 -0.017 1.000 0. 0.074 0. 0. 1. 0.
1.000 0.016 0. 430.945 -0.016 1.000 0. 0.082 0. 0. 1. 0.
1. 0.011 0. 433.039 -0.011 1. 0. 0.039 0. 0. 1. 0.
1. 0.007 0. 435.104 -0.007 1. 0. 0.004 0. 0. 1. 0.
1. 0.002 0. 437.182 -0.002 1. 0. -0.016 0. 0. 1. 0.
1. 0.001 0. 439.198 -0.001 1. 0. -0.025 0. 0. 1. 0.
1. -0.003 0. 441.213 0.003 1. 0. 0.003 0. 0. 1. 0.
1. -0.002 0. 443.241 0.002 1. 0. -0.005 0. 0. 1. 0.
1. -0.004 0. 445.176 0.004 1. 0. 0.024 0. 0. 1. 0.
1. -0.005 0. 447.176 0.005 1. 0. 0.054 0. 0. 1. 0.
1. -0.006 0. 449.120 0.006 1. 0. 0.123 0. 0. 1. 0.
1. -0.007 0. 451.005 0.007 1. 0. 0.107 0. 0. 1. 0.
1. -0.005 0. 452.922 0.005 1. 0. 0.121 0. 0. 1. 0.
1. -0.005 0. 454.822 0.005 1. 0. 0.133 0. 0. 1. 0.
1. -0.002 0. 456.709 0.002 1. 0. 0.167 0. 0. 1. 0.
1. -0.002 0. 458.546 0.002 1. 0. 0.206 0. 0. 1. 0.
1. -0.001 0. 460.280 0.001 1. 0. 0.206 0. 0. 1. 0.
1. 0.002 0. 461.997 -0.002 1. 0. 0.189 0. 0. 1. 0.
1. 0.004 0. 463.644 -0.004 1. 0. 0.170 0. 0. 1. 0.
1. 0.009 0. 465.224 -0.009 1. 0. 0.143 0. 0. 1. 0.
1.000 0.014 0. 466.753 -0.014 1.000 0. 0.103 0. 0. 1. 0.
1.000 0.024 0. 468.236 -0.024 1.000 0. 0.035 0. 0. 1. 0.
0.999 0.039 0. 469.612 -0.039 0.999 0. -0.050 0. 0. 1. 0.
0.998 0.062 0. 470.973 -0.062 0.998 0. -0.133 0. 0. 1. 0.
0.995 0.101 0. 472.313 -0.101 0.995 0. -0.291 0. 0. 1. 0.
0.989 0.151 0. 473.487 -0.151 0.989 0. -0.563 0. 0. 1. 0.
0.978 0.211 0. 474.712 -0.211 0.978 0. -0.879 0. 0. 1. 0.
0.963 0.268 0. 475.848 -0.268 0.963 0. -1.232 0. 0. 1. 0.
0.943 0.334 0. 476.971 -0.334 0.943 0. -1.823 0. 0. 1. 0.
0.917 0.400 0. 478.034 -0.400 0.917 0. -2.298 0. 0. 1. 0.
0.886 0.464 0. 479.035 -0.464 0.886 0. -2.869 0. 0. 1. 0.
0.847 0.531 0. 480.021 -0.531 0.847 0. -3.584 0. 0. 1. 0.
0.801 0.598 0. 480.893 -0.598 0.801 0. -4.365 0. 0. 1. 0.
0.746 0.667 0. 481.739 -0.667 0.746 0. -5.213 0. 0. 1. 0.
0.680 0.733 0. 482.440 -0.733 0.680 0. -6.144 0. 0. 1. 0.
0.606 0.796 0. 483.076 -0.796 0.606 0. -7.119 0. 0. 1. 0.
0.521 0.853 0. 483.650 -0.853 0.521 0. -8.184 0. 0. 1. 0.
0.433 0.901 0. 484.060 -0.901 0.433 0. -9.322 0. 0. 1. 0.
0.341 0.940 0. 484.400 -0.940 0.341 0. -10.492 0. 0. 1. 0.
0.269 0.963 0. 484.692 -0.963 0.269 0. -11.700 0. 0. 1. 0.
0.214 0.977 0. 484.842 -0.977 0.214 0. -12.980 0. 0. 1. 0.
0.174 0.985 0. 485.075 -0.985 0.174 0. -14.267 0. 0. 1. 0.
0.143 0.990 0. 485.231 -0.990 0.143 0. -15.652 0. 0. 1. 0.
0.122 0.993 0. 485.383 -0.993 0.122 0. -17.021 0. 0. 1. 0.
0.100 0.995 0. 485.438 -0.995 0.100 0. -18.453 0. 0. 1. 0.
0.082 0.997 0. 485.548 -0.997 0.082 0. -19.925 0. 0. 1. 0.
0.069 0.998 0. 485.669 -0.998 0.069 0. -21.385 0. 0. 1. 0.
0.057 0.998 0. 485.730 -0.998 0.057 0. -22.927 0. 0. 1. 0.
0.044 0.999 0. 485.808 -0.999 0.044 0. -24.525 0. 0. 1. 0.
0.033 0.999 0. 485.834 -0.999 0.033 0. -26.099 0. 0. 1. 0.
0.023 1.000 0. 485.848 -1.000 0.023 0. -27.769 0. 0. 1. 0.
0.009 1. 0. 485.909 -1. 0.009 0. -29.430 0. 0. 1. 0.
-0.001 1. 0. 485.869 -1. -0.001 0. -31.163 0. 0. 1. 0.
-0.012 1. 0. 485.802 -1. -0.012 0. -32.899 0. 0. 1. 0.
-0.022 1.000 0. 485.778 -1.000 -0.022 0. -34.702 0. 0. 1. 0.
-0.030 1.000 0. 485.691 -1.000 -0.030 0. -36.505 0. 0. 1. 0.
-0.035 0.999 0. 485.634 -0.999 -0.035 0. -38.357 0. 0. 1. 0.
-0.039 0.999 0. 485.550 -0.999 -0.039 0. -40.258 0. 0. 1. 0.
-0.042 0.999 0. 485.478 -0.999 -0.042 0. -42.154 0. 0. 1. 0.
-0.042 0.999 0. 485.418 -0.999 -0.042 0. -44.103 0. 0. 1. 0.
-0.043 0.999 0. 485.321 -0.999 -0.043 0. -46.074 0. 0. 1. 0.
-0.044 0.999 0. 485.258 -0.999 -0.044 0. -48.062 0. 0. 1. 0.
-0.046 0.999 0. 485.143 -0.999 -0.046 0. -50.055 0. 0. 1. 0.
-0.051 0.999 0. 485.013 -0.999 -0.051 0. -52.024 0. 0. 1. 0.
-0.056 0.998 0. 484.933 -0.998 -0.056 0. -54.023 0. 0. 1. 0.
-0.061 0.998 0. 484.838 -0.998 -0.061 0. -56.016 0. 0. 1. 0.
-0.059 0.998 0. 484.655 -0.998 -0.059 0. -58.043 0. 0. 1. 0.
-0.059 0.998 0. 484.576 -0.998 -0.059 0. -60.054 0. 0. 1. 0.
-0.057 0.998 0. 484.450 -0.998 -0.057 0. -62.110 0. 0. 1. 0.
-0.055 0.998 0. 484.318 -0.998 -0.055 0. -64.187 0. 0. 1. 0.
-0.056 0.998 0. 484.136 -0.998 -0.056 0. -66.260 0. 0. 1. 0.
-0.056 0.998 0. 484.105 -0.998 -0.056 0. -68.380 0. 0. 1. 0.
-0.057 0.998 0. 483.931 -0.998 -0.057 0. -70.503 0. 0. 1. 0.
-0.058 0.998 0. 483.799 -0.998 -0.058 0. -72.664 0. 0. 1. 0.
-0.061 0.998 0. 483.697 -0.998 -0.061 0. -74.828 0. 0. 1. 0.
-0.063 0.998 0. 483.564 -0.998 -0.063 0. -76.982 0. 0. 1. 0.
-0.062 0.998 0. 483.402 -0.998 -0.062 0. -79.169 0. 0. 1. 0.
-0.065 0.998 0. 483.254 -0.998 -0.065 0. -81.351 0. 0. 1. 0.
-0.068 0.998 0. 483.115 -0.998 -0.068 0. -83.565 0. 0. 1. 0.
-0.074 0.997 0. 482.966 -0.997 -0.074 0. -85.794 0. 0. 1. 0.
-0.079 0.997 0. 482.744 -0.997 -0.079 0. -88.045 0. 0. 1. 0.
-0.087 0.996 0. 482.560 -0.996 -0.087 0. -90.313 0. 0. 1. 0.
-0.096 0.995 0. 482.280 -0.995 -0.096 0. -92.595 0. 0. 1. 0.
-0.104 0.995 0. 482.042 -0.995 -0.104 0. -94.866 0. 0. 1. 0.
-0.115 0.993 0. 481.777 -0.993 -0.115 0. -97.182 0. 0. 1. 0.
-0.123 0.992 0. 481.482 -0.992 -0.123 0. -99.505 0. 0. 1. 0.
-0.129 0.992 0. 481.099 -0.992 -0.129 0. -101.810 0. 0. 1. 0.
-0.138 0.990 0. 480.867 -0.990 -0.138 0. -104.171 0. 0. 1. 0.
-0.146 0.989 0. 480.525 -0.989 -0.146 0. -106.447 0. 0. 1. 0.
-0.151 0.989 0. 480.178 -0.989 -0.151 0. -108.731 0. 0. 1. 0.
-0.159 0.987 0. 479.792 -0.987 -0.159 0. -111.015 0. 0. 1. 0.
-0.167 0.986 0. 479.379 -0.986 -0.167 0. -113.268 0. 0. 1. 0.
-0.173 0.985 0. 479.025 -0.985 -0.173 0. -115.545 0. 0. 1. 0.
-0.179 0.984 0. 478.608 -0.984 -0.179 0. -117.773 0. 0. 1. 0.
-0.186 0.983 0. 478.196 -0.983 -0.186 0. -120.042 0. 0. 1. 0.
-0.191 0.982 0. 477.702 -0.982 -0.191 0. -122.289 0. 0. 1. 0.
-0.202 0.979 0. 477.254 -0.979 -0.202 0. -124.584 0. 0. 1. 0.
-0.210 0.978 0. 476.772 -0.978 -0.210 0. -126.858 0. 0. 1. 0.
-0.219 0.976 0. 476.258 -0.976 -0.219 0. -129.163 0. 0. 1. 0.
-0.227 0.974 0. 475.705 -0.974 -0.227 0. -131.494 0. 0. 1. 0.
-0.237 0.971 0. 475.158 -0.971 -0.237 0. -133.874 0. 0. 1. 0.
-0.246 0.969 0. 474.543 -0.969 -0.246 0. -136.206 0. 0. 1. 0.
-0.258 0.966 0. 473.949 -0.966 -0.258 0. -138.611 0. 0. 1. 0.
-0.269 0.963 0. 473.293 -0.963 -0.269 0. -141.020 0. 0. 1. 0.
-0.284 0.959 0. 472.555 -0.959 -0.284 0. -143.427 0. 0. 1. 0.
-0.299 0.954 0. 471.859 -0.954 -0.299 0. -145.860 0. 0. 1. 0.
-0.315 0.949 0. 471.090 -0.949 -0.315 0. -148.264 0. 0. 1. 0.
-0.330 0.944 0. 470.248 -0.944 -0.330 0. -150.696 0. 0. 1. 0.
-0.343 0.939 0. 469.395 -0.939 -0.343 0. -153.121 0. 0. 1. 0.
-0.355 0.935 0. 468.514 -0.935 -0.355 0. -155.570 0. 0. 1. 0.
-0.367 0.930 0. 467.537 -0.930 -0.367 0. -157.978 0. 0. 1. 0.
-0.380 0.925 0. 466.533 -0.925 -0.380 0. -160.399 0. 0. 1. 0.
-0.391 0.920 0. 465.560 -0.920 -0.391 0. -162.887 0. 0. 1. 0.
-0.402 0.915 0. 464.504 -0.915 -0.402 0. -165.317 0. 0. 1. 0.
-0.414 0.910 0. 463.355 -0.910 -0.414 0. -167.709 0. 0. 1. 0.
-0.424 0.906 0. 462.246 -0.906 -0.424 0. -170.104 0. 0. 1. 0.
-0.434 0.901 0. 461.070 -0.901 -0.434 0. -172.454 0. 0. 1. 0.
-0.445 0.896 0. 459.946 -0.896 -0.445 0. -174.781 0. 0. 1. 0.
-0.454 0.891 0. 458.771 -0.891 -0.454 0. -177.048 0. 0. 1. 0.
-0.461 0.887 0. 457.563 -0.887 -0.461 0. -179.371 0. 0. 1. 0.
-0.470 0.883 0. 456.347 -0.883 -0.470 0. -181.612 0. 0. 1. 0.
-0.474 0.881 0. 455.169 -0.881 -0.474 0. -183.890 0. 0. 1. 0.
-0.478 0.878 0. 453.937 -0.878 -0.478 0. -186.153 0. 0. 1. 0.
-0.483 0.875 0. 452.713 -0.875 -0.483 0. -188.387 0. 0. 1. 0.
-0.489 0.872 0. 451.489 -0.872 -0.489 0. -190.642 0. 0. 1. 0.
-0.495 0.869 0. 450.121 -0.869 -0.495 0. -192.873 0. 0. 1. 0.
-0.500 0.866 0. 448.893 -0.866 -0.500 0. -195.124 0. 0. 1. 0.
-0.504 0.864 0. 447.591 -0.864 -0.504 0. -197.310 0. 0. 1. 0.
-0.508 0.861 0. 446.249 -0.861 -0.508 0. -199.478 0. 0. 1. 0.
-0.511 0.859 0. 444.982 -0.859 -0.511 0. -201.664 0. 0. 1. 0.
-0.517 0.856 0. 443.586 -0.856 -0.517 0. -203.736 0. 0. 1. 0.
-0.520 0.854 0. 442.335 -0.854 -0.520 0. -205.887 0. 0. 1. 0.
-0.521 0.854 0. 441.053 -0.854 -0.521 0. -207.963 0. 0. 1. 0.
-0.523 0.853 0. 439.766 -0.853 -0.523 0. -210.056 0. 0. 1. 0.
-0.521 0.853 0. 438.485 -0.853 -0.521 0. -212.116 0. 0. 1. 0.
-0.524 0.851 0. 437.186 -0.851 -0.524 0. -214.172 0. 0. 1. 0.
-0.523 0.853 0. 435.928 -0.853 -0.523 0. -216.171 0. 0. 1. 0.
-0.521 0.854 0. 434.689 -0.854 -0.521 0. -218.218 0. 0. 1. 0.
-0.521 0.853 0. 433.486 -0.853 -0.521 0. -220.220 0. 0. 1. 0.
-0.520 0.854 0. 432.219 -0.854 -0.520 0. -222.198 0. 0. 1. 0.
-0.515 0.857 0. 431.031 -0.857 -0.515 0. -224.171 0. 0. 1. 0.
-0.512 0.859 0. 429.755 -0.859 -0.512 0. -226.124 0. 0. 1. 0.
-0.506 0.862 0. 428.630 -0.862 -0.506 0. -228.076 0. 0. 1. 0.
-0.504 0.863 0. 427.508 -0.863 -0.504 0. -230.025 0. 0. 1. 0.
-0.500 0.866 0. 426.326 -0.866 -0.500 0. -231.960 0. 0. 1. 0.
-0.498 0.867 0. 425.238 -0.867 -0.498 0. -233.899 0. 0. 1. 0.
-0.497 0.868 0. 424.176 -0.868 -0.497 0. -235.814 0. 0. 1. 0.
-0.495 0.869 0. 423.068 -0.869 -0.495 0. -237.635 0. 0. 1. 0.
-0.495 0.869 0. 422.073 -0.869 -0.495 0. -239.499 0. 0. 1. 0.
-0.494 0.869 0. 421.029 -0.869 -0.494 0. -241.201 0. 0. 1. 0.
-0.494 0.870 0. 420.054 -0.870 -0.494 0. -242.859 0. 0. 1. 0.
-0.494 0.870 0. 419.116 -0.870 -0.494 0. -244.462 0. 0. 1. 0.
-0.494 0.869 0. 418.245 -0.869 -0.494 0. -246.053 0. 0. 1. 0.
-0.497 0.868 0. 417.349 -0.868 -0.497 0. -247.520 0. 0. 1. 0.
-0.504 0.864 0. 416.498 -0.864 -0.504 0. -248.961 0. 0. 1. 0.
-0.520 0.854 0. 415.589 -0.854 -0.520 0. -250.311 0. 0. 1. 0.
-0.544 0.839 0. 414.754 -0.839 -0.544 0. -251.577 0. 0. 1. 0.
-0.586 0.811 0. 413.850 -0.811 -0.586 0. -252.782 0. 0. 1. 0.
-0.636 0.772 0. 412.848 -0.772 -0.636 0. -253.819 0. 0. 1. 0.
-0.690 0.724 0. 411.837 -0.724 -0.690 0. -254.786 0. 0. 1. 0.
-0.746 0.666 0. 410.813 -0.666 -0.746 0. -255.699 0. 0. 1. 0.
-0.796 0.606 0. 409.629 -0.606 -0.796 0. -256.391 0. 0. 1. 0.
-0.838 0.545 0. 408.436 -0.545 -0.838 0. -257.144 0. 0. 1. 0.
-0.875 0.483 0. 407.186 -0.483 -0.875 0. -257.746 0. 0. 1. 0.
-0.907 0.421 0. 405.952 -0.421 -0.907 0. -258.248 0. 0. 1. 0.
-0.933 0.360 0. 404.701 -0.360 -0.933 0. -258.757 0. 0. 1. 0.
-0.953 0.304 0. 403.424 -0.304 -0.953 0. -259.086 0. 0. 1. 0.
-0.967 0.256 0. 402.062 -0.256 -0.967 0. -259.373 0. 0. 1. 0.
-0.977 0.211 0. 400.788 -0.211 -0.977 0. -259.585 0. 0. 1. 0.
-0.985 0.172 0. 399.527 -0.172 -0.985 0. -259.787 0. 0. 1. 0.
-0.990 0.139 0. 398.207 -0.139 -0.990 0. -259.925 0. 0. 1. 0.
-0.994 0.107 0. 396.929 -0.107 -0.994 0. -260.026 0. 0. 1. 0.
-0.997 0.078 0. 395.614 -0.078 -0.997 0. -260.083 0. 0. 1. 0.
-0.998 0.055 0. 394.321 -0.055 -0.998 0. -260.142 0. 0. 1. 0.
-0.999 0.036 0. 392.999 -0.036 -0.999 0. -260.208 0. 0. 1. 0.
-1.000 0.026 0. 391.775 -0.026 -1.000 0. -260.147 0. 0. 1. 0.
-1. 0.013 0. 390.491 -0.013 -1. 0. -260.226 0. 0. 1. 0.
-1. 0.008 0. 389.221 -0.008 -1. 0. -260.166 0. 0. 1. 0.
-1. 0.002 0. 387.955 -0.002 -1. 0. -260.162 0. 0. 1. 0.
-1. -0.004 0. 386.677 0.004 -1. 0. -260.160 0. 0. 1. 0.
-1. -0.011 0. 385.431 0.011 -1. 0. -260.133 0. 0. 1. 0.
-1.000 -0.015 0. 384.228 0.015 -1.000 0. -260.098 0. 0. 1. 0.
-1.000 -0.021 0. 382.997 0.021 -1.000 0. -260.092 0. 0. 1. 0.
-1.000 -0.025 0. 381.758 0.025 -1.000 0. -260.057 0. 0. 1. 0.
-1.000 -0.031 0. 380.513 0.031 -1.000 0. -259.998 0. 0. 1. 0.
-0.999 -0.036 0. 379.310 0.036 -0.999 0. -259.936 0. 0. 1. 0.
-0.999 -0.040 0. 378.066 0.040 -0.999 0. -259.881 0. 0. 1. 0.
-0.999 -0.045 0. 376.822 0.045 -0.999 0. -259.818 0. 0. 1. 0.
-0.999 -0.042 0. 375.556 0.042 -0.999 0. -259.756 0. 0. 1. 0.
-0.999 -0.038 0. 374.261 0.038 -0.999 0. -259.733 0. 0. 1. 0.
-0.999 -0.036 0. 372.929 0.036 -0.999 0. -259.704 0. 0. 1. 0.
-0.999 -0.036 0. 371.583 0.036 -0.999 0. -259.666 0. 0. 1. 0.
-0.999 -0.037 0. 370.194 0.037 -0.999 0. -259.569 0. 0. 1. 0.
-0.999 -0.034 0. 368.765 0.034 -0.999 0. -259.557 0. 0. 1. 0.
-0.999 -0.034 0. 367.325 0.034 -0.999 0. -259.478 0. 0. 1. 0.
-1.000 -0.029 0. 365.874 0.029 -1.000 0. -259.494 0. 0. 1. 0.
-1.000 -0.026 0. 364.381 0.026 -1.000 0. -259.442 0. 0. 1. 0.
-1.000 -0.021 0. 362.841 0.021 -1.000 0. -259.414 0. 0. 1. 0.
-1.000 -0.018 0. 361.354 0.018 -1.000 0. -259.384 0. 0. 1. 0.
-1.000 -0.016 0. 359.857 0.016 -1.000 0. -259.388 0. 0. 1. 0.
-1. -0.014 0. 358.321 0.014 -1. 0. -259.353 0. 0. 1. 0.
-1. -0.011 0. 356.811 0.011 -1. 0. -259.317 0. 0. 1. 0.
-1. -0.010 0. 355.248 0.010 -1. 0. -259.284 0. 0. 1. 0.
-1. -0.008 0. 353.703 0.008 -1. 0. -259.308 0. 0. 1. 0.
-1. -0.007 0. 352.204 0.007 -1. 0. -259.264 0. 0. 1. 0.
-1. -0.006 0. 350.700 0.006 -1. 0. -259.247 0. 0. 1. 0.
-1. -0.007 0. 349.193 0.007 -1. 0. -259.239 0. 0. 1. 0.
-1. -0.005 0. 347.762 0.005 -1. 0. -259.225 0. 0. 1. 0.
-1. -0.005 0. 346.298 0.005 -1. 0. -259.231 0. 0. 1. 0.
-1. -0.003 0. 344.862 0.003 -1. 0. -259.220 0. 0. 1. 0.
-1. -0.001 0. 343.380 0.001 -1. 0. -259.202 0. 0. 1. 0.
-1. -0.002 0. 341.953 0.002 -1. 0. -259.180 0. 0. 1. 0.
-1. -0.002 0. 340.590 0.002 -1. 0. -259.151 0. 0. 1. 0.
-1. -0.005 0. 339.044 0.005 -1. 0. -259.183 0. 0. 1. 0.
-1. -0.005 0. 337.548 0.005 -1. 0. -259.110 0. 0. 1. 0.
-1. -0.007 0. 336.163 0.007 -1. 0. -259.149 0. 0. 1. 0.
-1. -0.009 0. 334.688 0.009 -1. 0. -259.142 0. 0. 1. 0.
-1. -0.009 0. 333.270 0.009 -1. 0. -259.161 0. 0. 1. 0.
-1. -0.009 0. 331.883 0.009 -1. 0. -259.097 0. 0. 1. 0.
-1. -0.009 0. 330.481 0.009 -1. 0. -259.102 0. 0. 1. 0.
-1. -0.012 0. 329.117 0.012 -1. 0. -259.031 0. 0. 1. 0.
-1.000 -0.015 0. 327.754 0.015 -1.000 0. -259.067 0. 0. 1. 0.
-1.000 -0.016 0. 326.345 0.016 -1.000 0. -259.017 0. 0. 1. 0.
-1.000 -0.016 0. 324.975 0.016 -1.000 0. -259.022 0. 0. 1. 0.
-1.000 -0.016 0. 323.590 0.016 -1.000 0. -259.005 0. 0. 1. 0.
-1.000 -0.016 0. 322.181 0.016 -1.000 0. -258.992 0. 0. 1. 0.
-1.000 -0.016 0. 320.744 0.016 -1.000 0. -258.948 0. 0. 1. 0.
-1.000 -0.017 0. 319.310 0.017 -1.000 0. -258.910 0. 0. 1. 0.
-1.000 -0.019 0. 317.802 0.019 -1.000 0. -258.888 0. 0. 1. 0.
-1.000 -0.019 0. 316.271 0.019 -1.000 0. -258.858 0. 0. 1. 0.
-1.000 -0.018 0. 314.736 0.018 -1.000 0. -258.856 0. 0. 1. 0.
-1.000 -0.015 0. 313.148 0.015 -1.000 0. -258.811 0. 0. 1. 0.
-1.000 -0.014 0. 311.546 0.014 -1.000 0. -258.792 0. 0. 1. 0.
-1. -0.013 0. 309.930 0.013 -1. 0. -258.786 0. 0. 1. 0.
-1. -0.013 0. 308.260 0.013 -1. 0. -258.764 0. 0. 1. 0.
-1. -0.013 0. 306.567 0.013 -1. 0. -258.760 0. 0. 1. 0.
-1. -0.012 0. 304.890 0.012 -1. 0. -258.758 0. 0. 1. 0.
-1. -0.013 0. 303.140 0.013 -1. 0. -258.734 0. 0. 1. 0.
-1. -0.011 0. 301.389 0.011 -1. 0. -258.709 0. 0. 1. 0.
-1. -0.007 0. 299.604 0.007 -1. 0. -258.671 0. 0. 1. 0.
-1. -0.005 0. 297.819 0.005 -1. 0. -258.627 0. 0. 1. 0.
-1. -0.004 0. 295.986 0.004 -1. 0. -258.643 0. 0. 1. 0.
-1. -0.002 0. 294.139 0.002 -1. 0. -258.665 0. 0. 1. 0.
-1. -0.003 0. 292.315 0.003 -1. 0. -258.686 0. 0. 1. 0.
-1. -0.002 0. 290.452 0.002 -1. 0. -258.649 0. 0. 1. 0.
-1. -0.003 0. 288.481 0.003 -1. 0. -258.676 0. 0. 1. 0.
-1. -0.003 0. 286.661 0.003 -1. 0. -258.688 0. 0. 1. 0.
-1. -0.005 0. 284.751 0.005 -1. 0. -258.683 0. 0. 1. 0.
-1. -0.008 0. 282.804 0.008 -1. 0. -258.677 0. 0. 1. 0.
-1. -0.009 0. 280.863 0.009 -1. 0. -258.638 0. 0. 1. 0.
-1. -0.011 0. 278.909 0.011 -1. 0. -258.641 0. 0. 1. 0.
-1. -0.013 0. 276.924 0.013 -1. 0. -258.630 0. 0. 1. 0.
-1. -0.014 0. 274.940 0.014 -1. 0. -258.579 0. 0. 1. 0.
-1.000 -0.015 0. 272.932 0.015 -1.000 0. -258.556 0. 0. 1. 0.
-1.000 -0.017 0. 270.895 0.017 -1.000 0. -258.483 0. 0. 1. 0.
-1.000 -0.019 0. 268.855 0.019 -1.000 0. -258.438 0. 0. 1. 0.
-1.000 -0.021 0. 266.812 0.021 -1.000 0. -258.412 0. 0. 1. 0.
-1.000 -0.022 0. 264.773 0.022 -1.000 0. -258.407 0. 0. 1. 0.
-1.000 -0.023 0. 262.772 0.023 -1.000 0. -258.317 0. 0. 1. 0.
-1.000 -0.023 0. 260.757 0.023 -1.000 0. -258.280 0. 0. 1. 0.
-1.000 -0.024 0. 258.773 0.024 -1.000 0. -258.195 0. 0. 1. 0.
-1.000 -0.026 0. 256.764 0.026 -1.000 0. -258.172 0. 0. 1. 0.
-1.000 -0.026 0. 254.781 0.026 -1.000 0. -258.116 0. 0. 1. 0.
-1.000 -0.028 0. 252.772 0.028 -1.000 0. -258.075 0. 0. 1. 0.
-1.000 -0.030 0. 250.779 0.030 -1.000 0. -257.960 0. 0. 1. 0.
-0.999 -0.034 0. 248.772 0.034 -0.999 0. -257.913 0. 0. 1. 0.
-0.999 -0.038 0. 246.766 0.038 -0.999 0. -257.846 0. 0. 1. 0.
-0.999 -0.045 0. 244.770 0.045 -0.999 0. -257.816 0. 0. 1. 0.
-0.999 -0.049 0. 242.795 0.049 -0.999 0. -257.691 0. 0. 1. 0.
-0.998 -0.056 0. 240.785 0.056 -0.998 0. -257.587 0. 0. 1. 0.
-0.998 -0.062 0. 238.814 0.062 -0.998 0. -257.461 0. 0. 1. 0.
-0.998 -0.067 0. 236.862 0.067 -0.998 0. -257.297 0. 0. 1. 0.
-0.997 -0.074 0. 234.906 0.074 -0.997 0. -257.141 0. 0. 1. 0.
-0.997 -0.076 0. 233.003 0.076 -0.997 0. -257.064 0. 0. 1. 0.
-0.997 -0.081 0. 231.072 0.081 -0.997 0. -256.918 0. 0. 1. 0.
-0.996 -0.086 0. 229.157 0.086 -0.996 0. -256.692 0. 0. 1. 0.
-0.996 -0.093 0. 227.252 0.093 -0.996 0. -256.506 0. 0. 1. 0.
-0.996 -0.094 0. 225.362 0.094 -0.996 0. -256.322 0. 0. 1. 0.
-0.995 -0.095 0. 223.483 0.095 -0.995 0. -256.172 0. 0. 1. 0.
-0.996 -0.093 0. 221.571 0.093 -0.996 0. -255.967 0. 0. 1. 0.
-0.996 -0.086 0. 219.682 0.086 -0.996 0. -255.808 0. 0. 1. 0.
-0.997 -0.080 0. 217.788 0.080 -0.997 0. -255.639 0. 0. 1. 0.
-0.997 -0.073 0. 215.887 0.073 -0.997 0. -255.509 0. 0. 1. 0.
-0.998 -0.066 0. 213.957 0.066 -0.998 0. -255.369 0. 0. 1. 0.
-0.998 -0.059 0. 212.025 0.059 -0.998 0. -255.250 0. 0. 1. 0.
-0.999 -0.052 0. 210.084 0.052 -0.999 0. -255.161 0. 0. 1. 0.
-0.999 -0.045 0. 208.139 0.045 -0.999 0. -255.061 0. 0. 1. 0.
-0.999 -0.039 0. 206.182 0.039 -0.999 0. -254.987 0. 0. 1. 0.
-0.999 -0.035 0. 204.217 0.035 -0.999 0. -254.877 0. 0. 1. 0.
-0.999 -0.034 0. 202.247 0.034 -0.999 0. -254.855 0. 0. 1. 0.
-0.999 -0.032 0. 200.250 0.032 -0.999 0. -254.773 0. 0. 1. 0.
-0.999 -0.032 0. 198.272 0.032 -0.999 0. -254.719 0. 0. 1. 0.
-0.999 -0.033 0. 196.293 0.033 -0.999 0. -254.635 0. 0. 1. 0.
-0.999 -0.034 0. 194.297 0.034 -0.999 0. -254.586 0. 0. 1. 0.
-0.999 -0.035 0. 192.265 0.035 -0.999 0. -254.512 0. 0. 1. 0.
-0.999 -0.034 0. 190.247 0.034 -0.999 0. -254.420 0. 0. 1. 0.
-0.999 -0.035 0. 188.205 0.035 -0.999 0. -254.344 0. 0. 1. 0.
-0.999 -0.035 0. 186.199 0.035 -0.999 0. -254.282 0. 0. 1. 0.
-0.999 -0.035 0. 184.129 0.035 -0.999 0. -254.194 0. 0. 1. 0.
-0.999 -0.036 0. 182.085 0.036 -0.999 0. -254.145 0. 0. 1. 0.
-0.999 -0.035 0. 180.016 0.035 -0.999 0. -254.041 0. 0. 1. 0.
-0.999 -0.036 0. 177.918 0.036 -0.999 0. -253.980 0. 0. 1. 0.
-0.999 -0.038 0. 175.812 0.038 -0.999 0. -253.899 0. 0. 1. 0.
-0.999 -0.037 0. 173.692 0.037 -0.999 0. -253.821 0. 0. 1. 0.
-0.999 -0.034 0. 171.560 0.034 -0.999 0. -253.734 0. 0. 1. 0.
-0.999 -0.033 0. 169.410 0.033 -0.999 0. -253.668 0. 0. 1. 0.
-1.000 -0.028 0. 167.259 0.028 -1.000 0. -253.610 0. 0. 1. 0.
-1.000 -0.026 0. 165.108 0.026 -1.000 0. -253.555 0. 0. 1. 0.
-1.000 -0.022 0. 162.923 0.022 -1.000 0. -253.485 0. 0. 1. 0.
-1.000 -0.020 0. 160.726 0.020 -1.000 0. -253.429 0. 0. 1. 0.
-1.000 -0.017 0. 158.533 0.017 -1.000 0. -253.412 0. 0. 1. 0.
-1.000 -0.016 0. 156.348 0.016 -1.000 0. -253.355 0. 0. 1. 0.
-1. -0.014 0. 154.131 0.014 -1. 0. -253.359 0. 0. 1. 0.
-1. -0.012 0. 151.975 0.012 -1. 0. -253.334 0. 0. 1. 0.
-1. -0.011 0. 149.820 0.011 -1. 0. -253.280 0. 0. 1. 0.
-1. -0.011 0. 147.690 0.011 -1. 0. -253.278 0. 0. 1. 0.
-1. -0.009 0. 145.580 0.009 -1. 0. -253.234 0. 0. 1. 0.
-1. -0.009 0. 143.473 0.009 -1. 0. -253.254 0. 0. 1. 0.
-1. -0.010 0. 141.407 0.010 -1. 0. -253.203 0. 0. 1. 0.
-1. -0.011 0. 139.354 0.011 -1. 0. -253.208 0. 0. 1. 0.
-1. -0.011 0. 137.358 0.011 -1. 0. -253.189 0. 0. 1. 0.
-1. -0.011 0. 135.443 0.011 -1. 0. -253.156 0. 0. 1. 0.
-1. -0.011 0. 133.596 0.011 -1. 0. -253.124 0. 0. 1. 0.
-1. -0.012 0. 131.838 0.012 -1. 0. -253.103 0. 0. 1. 0.
-1. -0.012 0. 130.138 0.012 -1. 0. -253.068 0. 0. 1. 0.
-1. -0.014 0. 128.524 0.014 -1. 0. -253.037 0. 0. 1. 0.
-1.000 -0.017 0. 126.983 0.017 -1.000 0. -253.028 0. 0. 1. 0.
-1.000 -0.020 0. 125.501 0.020 -1.000 0. -252.975 0. 0. 1. 0.
-1.000 -0.027 0. 124.071 0.027 -1.000 0. -252.935 0. 0. 1. 0.
-0.999 -0.037 0. 122.699 0.037 -0.999 0. -252.887 0. 0. 1. 0.
-0.999 -0.050 0. 121.311 0.050 -0.999 0. -252.805 0. 0. 1. 0.
-0.998 -0.069 0. 119.978 0.069 -0.998 0. -252.680 0. 0. 1. 0.
-0.995 -0.097 0. 118.658 0.097 -0.995 0. -252.559 0. 0. 1. 0.
-0.992 -0.129 0. 117.405 0.129 -0.992 0. -252.350 0. 0. 1. 0.
-0.987 -0.160 0. 116.156 0.160 -0.987 0. -252.119 0. 0. 1. 0.
-0.979 -0.204 0. 114.930 0.204 -0.979 0. -251.837 0. 0. 1. 0.
-0.967 -0.255 0. 113.794 0.255 -0.967 0. -251.496 0. 0. 1. 0.
-0.952 -0.307 0. 112.649 0.307 -0.952 0. -251.080 0. 0. 1. 0.
-0.933 -0.360 0. 111.594 0.360 -0.933 0. -250.664 0. 0. 1. 0.
-0.909 -0.416 0. 110.540 0.416 -0.909 0. -250.115 0. 0. 1. 0.
-0.879 -0.477 0. 109.589 0.477 -0.879 0. -249.531 0. 0. 1. 0.
-0.842 -0.539 0. 108.697 0.539 -0.842 0. -248.876 0. 0. 1. 0.
-0.797 -0.604 0. 107.840 0.604 -0.797 0. -248.097 0. 0. 1. 0.
-0.741 -0.672 0. 106.979 0.672 -0.741 0. -247.246 0. 0. 1. 0.
-0.677 -0.736 0. 106.314 0.736 -0.677 0. -246.289 0. 0. 1. 0.
-0.605 -0.796 0. 105.748 0.796 -0.605 0. -245.333 0. 0. 1. 0.
-0.533 -0.846 0. 105.198 0.846 -0.533 0. -244.376 0. 0. 1. 0.
-0.464 -0.886 0. 104.711 0.886 -0.464 0. -243.195 0. 0. 1. 0.
-0.403 -0.915 0. 104.228 0.915 -0.403 0. -241.996 0. 0. 1. 0.
-0.350 -0.937 0. 103.817 0.937 -0.350 0. -240.753 0. 0. 1. 0.
-0.298 -0.954 0. 103.449 0.954 -0.298 0. -239.426 0. 0. 1. 0.
-0.243 -0.970 0. 103.145 0.970 -0.243 0. -238.110 0. 0. 1. 0.
-0.182 -0.983 0. 102.967 0.983 -0.182 0. -236.674 0. 0. 1. 0.
-0.123 -0.992 0. 102.841 0.992 -0.123 0. -235.189 0. 0. 1. 0.
-0.072 -0.997 0. 102.782 0.997 -0.072 0. -233.703 0. 0. 1. 0.
-0.030 -1.000 0. 102.762 1.000 -0.030 0. -232.160 0. 0. 1. 0.
0.004 -1. 0. 102.802 1. 0.004 0. -230.560 0. 0. 1. 0.
0.031 -1.000 0. 102.869 1.000 0.031 0. -228.889 0. 0. 1. 0.
0.052 -0.999 0. 103.000 0.999 0.052 0. -227.215 0. 0. 1. 0.
0.067 -0.998 0. 103.131 0.998 0.067 0. -225.509 0. 0. 1. 0.
0.076 -0.997 0. 103.305 0.997 0.076 0. -223.764 0. 0. 1. 0.
0.081 -0.997 0. 103.401 0.997 0.081 0. -221.945 0. 0. 1. 0.
0.080 -0.997 0. 103.554 0.997 0.080 0. -220.117 0. 0. 1. 0.
0.077 -0.997 0. 103.687 0.997 0.077 0. -218.252 0. 0. 1. 0.
0.071 -0.997 0. 103.849 0.997 0.071 0. -216.388 0. 0. 1. 0.
0.063 -0.998 0. 103.965 0.998 0.063 0. -214.447 0. 0. 1. 0.
0.055 -0.998 0. 104.083 0.998 0.055 0. -212.545 0. 0. 1. 0.
0.049 -0.999 0. 104.162 0.999 0.049 0. -210.625 0. 0. 1. 0.
0.042 -0.999 0. 104.241 0.999 0.042 0. -208.732 0. 0. 1. 0.
0.037 -0.999 0. 104.319 0.999 0.037 0. -206.838 0. 0. 1. 0.
0.032 -0.999 0. 104.399 0.999 0.032 0. -204.972 0. 0. 1. 0.
0.027 -1.000 0. 104.396 1.000 0.027 0. -203.127 0. 0. 1. 0.
0.023 -1.000 0. 104.454 1.000 0.023 0. -201.284 0. 0. 1. 0.
0.021 -1.000 0. 104.486 1.000 0.021 0. -199.400 0. 0. 1. 0.
0.020 -1.000 0. 104.527 1.000 0.020 0. -197.551 0. 0. 1. 0.
0.018 -1.000 0. 104.569 1.000 0.018 0. -195.687 0. 0. 1. 0.
0.019 -1.000 0. 104.620 1.000 0.019 0. -193.832 0. 0. 1. 0.
0.018 -1.000 0. 104.645 1.000 0.018 0. -191.995 0. 0. 1. 0.
0.019 -1.000 0. 104.673 1.000 0.019 0. -190.130 0. 0. 1. 0.
0.020 -1.000 0. 104.709 1.000 0.020 0. -188.288 0. 0. 1. 0.
0.023 -1.000 0. 104.741 1.000 0.023 0. -186.461 0. 0. 1. 0.
0.024 -1.000 0. 104.808 1.000 0.024 0. -184.625 0. 0. 1. 0.
0.023 -1.000 0. 104.865 1.000 0.023 0. -182.806 0. 0. 1. 0.
0.020 -1.000 0. 104.904 1.000 0.020 0. -180.982 0. 0. 1. 0.
0.018 -1.000 0. 104.917 1.000 0.018 0. -179.137 0. 0. 1. 0.
0.016 -1.000 0. 104.943 1.000 0.016 0. -177.290 0. 0. 1. 0.
0.016 -1.000 0. 104.979 1.000 0.016 0. -175.421 0. 0. 1. 0.
0.017 -1.000 0. 105.004 1.000 0.017 0. -173.561 0. 0. 1. 0.
0.016 -1.000 0. 105.036 1.000 0.016 0. -171.720 0. 0. 1. 0.
0.015 -1.000 0. 105.061 1.000 0.015 0. -169.856 0. 0. 1. 0.
0.016 -1.000 0. 105.095 1.000 0.016 0. -168.037 0. 0. 1. 0.
0.014 -1.000 0. 105.128 1.000 0.014 0. -166.215 0. 0. 1. 0.
0.013 -1. 0. 105.133 1. 0.013 0. -164.428 0. 0. 1. 0.
0.013 -1. 0. 105.191 1. 0.013 0. -162.640 0. 0. 1. 0.
0.014 -1. 0. 105.184 1. 0.014 0. -160.877 0. 0. 1. 0.
0.015 -1.000 0. 105.201 1.000 0.015 0. -159.157 0. 0. 1. 0.
0.017 -1.000 0. 105.252 1.000 0.017 0. -157.470 0. 0. 1. 0.
0.018 -1.000 0. 105.280 1.000 0.018 0. -155.758 0. 0. 1. 0.
0.021 -1.000 0. 105.314 1.000 0.021 0. -154.092 0. 0. 1. 0.
0.023 -1.000 0. 105.390 1.000 0.023 0. -152.428 0. 0. 1. 0.
0.024 -1.000 0. 105.408 1.000 0.024 0. -150.776 0. 0. 1. 0.
0.023 -1.000 0. 105.457 1.000 0.023 0. -149.135 0. 0. 1. 0.
0.022 -1.000 0. 105.486 1.000 0.022 0. -147.494 0. 0. 1. 0.
0.025 -1.000 0. 105.551 1.000 0.025 0. -145.836 0. 0. 1. 0.
0.020 -1.000 0. 105.566 1.000 0.020 0. -144.140 0. 0. 1. 0.
0.020 -1.000 0. 105.610 1.000 0.020 0. -142.420 0. 0. 1. 0.
0.019 -1.000 0. 105.651 1.000 0.019 0. -140.717 0. 0. 1. 0.
0.018 -1.000 0. 105.689 1.000 0.018 0. -138.952 0. 0. 1. 0.
0.018 -1.000 0. 105.745 1.000 0.018 0. -137.170 0. 0. 1. 0.
