1565943700462403 0.99997 0.00753 -0.00000 -1.02388 -0.00753 0.99997 0.00000 0.07148 0.00000 -0.00000 1.00000 -0.00000
1565943700712652 0.99996 0.00944 -0.00000 -1.31919 -0.00944 0.99996 0.00000 0.00468 0.00000 -0.00000 1.00000 0.00000
1565943700963489 0.99995 0.01033 -0.00000 -1.77263 -0.01033 0.99995 0.00000 0.01023 0.00000 -0.00000 1.00000 0.00000
1565943701214247 0.99993 0.01184 -0.00000 -2.15541 -0.01184 0.99993 0.00000 -0.01173 0.00000 -0.00000 1.00000 0.00000
1565943701465218 0.99992 0.01291 -0.00000 -2.64166 -0.01291 0.99992 0.00000 0.02249 0.00000 -0.00000 1.00000 0.00000
1565943701715425 0.99989 0.01493 -0.00000 -3.19396 -0.01493 0.99989 0.00000 0.03276 0.00000 -0.00000 1.00000 0.00000
1565943701966096 0.99986 0.01654 -0.00000 -3.79586 -0.01654 0.99986 0.00000 -0.04475 0.00000 -0.00000 1.00000 0.00000
1565943702216878 0.99986 0.01676 -0.00000 -4.44321 -0.01676 0.99986 0.00000 -0.03712 0.00000 -0.00000 1.00000 0.00000
1565943702467916 0.99982 0.01897 -0.00000 -5.18049 -0.01897 0.99982 0.00000 0.00121 0.00000 -0.00000 1.00000 0.00000
1565943702717649 0.99980 0.01989 -0.00000 -5.96354 -0.01989 0.99980 0.00000 -0.02344 0.00000 -0.00000 1.00000 0.00000
1565943702970380 0.99975 0.02231 -0.00000 -6.81139 -0.02231 0.99975 0.00000 0.00460 0.00000 -0.00000 1.00000 0.00000
1565943703220795 0.99973 0.02337 -0.00000 -7.70821 -0.02337 0.99973 0.00000 0.01157 0.00000 -0.00000 1.00000 0.00000
1565943703470469 0.99970 0.02444 -0.00000 -8.69678 -0.02444 0.99970 0.00000 0.01751 0.00000 -0.00000 1.00000 0.00000
1565943703720972 0.99948 0.03211 -0.00000 -9.74409 -0.03211 0.99948 0.00000 0.08683 0.00000 -0.00000 1.00000 0.00000
1565943703971268 0.99944 0.03340 -0.00000 -10.83217 -0.03340 0.99944 0.00000 0.07320 0.00000 -0.00000 1.00000 0.00000
1565943704222060 0.99919 0.04012 -0.00000 -11.96115 -0.04012 0.99919 0.00000 0.12772 0.00000 -0.00000 1.00000 0.00000
1565943704472267 0.99898 0.04520 -0.00000 -13.16992 -0.04520 0.99898 0.00000 0.19373 0.00000 -0.00000 1.00000 0.00000
1565943704722912 0.99880 0.04896 -0.00000 -14.45929 -0.04896 0.99880 0.00000 0.19176 0.00000 -0.00000 1.00000 0.00000
1565943704973635 0.99847 0.05534 -0.00000 -15.76473 -0.05534 0.99847 0.00000 0.34764 0.00000 -0.00000 1.00000 0.00000
1565943705223832 0.99823 0.05945 -0.00000 -17.14600 -0.05945 0.99823 0.00000 0.39133 0.00000 -0.00000 1.00000 0.00000
1565943705475019 0.99772 0.06748 -0.00000 -18.59116 -0.06748 0.99772 0.00000 0.50502 0.00000 -0.00000 1.00000 0.00000
1565943705725175 0.99733 0.07303 -0.00000 -20.11208 -0.07303 0.99733 0.00000 0.61780 0.00000 -0.00000 1.00000 0.00000
1565943705976023 0.99695 0.07801 -0.00000 -21.63317 -0.07801 0.99695 0.00000 0.73722 0.00000 -0.00000 1.00000 0.00000
1565943706226669 0.99658 0.08267 -0.00000 -23.23026 -0.08267 0.99658 0.00000 0.76825 0.00000 -0.00000 1.00000 0.00000
1565943706477139 0.99630 0.08599 -0.00000 -24.88576 -0.08599 0.99630 0.00000 0.87575 0.00000 -0.00000 1.00000 0.00000
1565943706728044 0.99604 0.08888 -0.00000 -26.55958 -0.08888 0.99604 0.00000 0.95513 0.00000 -0.00000 1.00000 0.00000
1565943706979443 0.99597 0.08973 -0.00000 -28.31468 -0.08973 0.99597 0.00000 0.98741 0.00000 -0.00000 1.00000 0.00000
1565943707230143 0.99573 0.09234 -0.00000 -30.07964 -0.09234 0.99573 0.00000 1.03426 0.00000 -0.00000 1.00000 0.00000
1565943707481094 0.99607 0.08852 -0.00000 -31.93974 -0.08852 0.99607 0.00000 0.96095 0.00000 -0.00000 1.00000 0.00000
1565943707731325 0.99625 0.08647 -0.00000 -33.84564 -0.08647 0.99625 0.00000 0.87411 0.00000 -0.00000 1.00000 0.00000
1565943707981869 0.99675 0.08058 -0.00000 -35.78404 -0.08058 0.99675 0.00000 0.73274 0.00000 -0.00000 1.00000 0.00000
1565943708232165 0.99727 0.07386 -0.00000 -37.77285 -0.07386 0.99727 0.00000 0.46743 0.00000 -0.00000 1.00000 0.00000
1565943708483372 0.99773 0.06734 -0.00000 -39.78993 -0.06734 0.99773 0.00000 0.25971 0.00000 -0.00000 1.00000 0.00000
1565943708733453 0.99813 0.06113 -0.00000 -41.85202 -0.06113 0.99813 0.00000 0.03658 0.00000 -0.00000 1.00000 0.00000
1565943708983682 0.99860 0.05282 -0.00000 -43.93511 -0.05282 0.99860 0.00000 -0.29521 0.00000 -0.00000 1.00000 0.00000
1565943709234564 0.99900 0.04464 -0.00000 -46.07653 -0.04464 0.99900 0.00000 -0.61857 0.00000 -0.00000 1.00000 0.00000
1565943709484793 0.99931 0.03720 -0.00000 -48.26013 -0.03720 0.99931 0.00000 -0.90819 0.00000 -0.00000 1.00000 0.00000
1565943709735208 0.99959 0.02870 -0.00000 -50.44183 -0.02870 0.99959 0.00000 -1.26774 0.00000 -0.00000 1.00000 0.00000
1565943709986460 0.99979 0.02043 -0.00000 -52.69921 -0.02043 0.99979 0.00000 -1.67616 0.00000 -0.00000 1.00000 0.00000
1565943710237028 0.99991 0.01329 -0.00000 -54.97416 -0.01329 0.99991 0.00000 -2.04570 0.00000 -0.00000 1.00000 0.00000
1565943710487122 0.99994 0.01072 -0.00000 -57.29467 -0.01072 0.99994 0.00000 -2.17203 0.00000 -0.00000 1.00000 0.00000
1565943710738122 0.99994 0.01132 -0.00000 -59.64996 -0.01132 0.99994 0.00000 -2.14883 0.00000 -0.00000 1.00000 0.00000
1565943710987685 0.99991 0.01321 -0.00000 -62.09095 -0.01321 0.99991 0.00000 -2.04321 0.00000 -0.00000 1.00000 0.00000
1565943711239866 0.99988 0.01517 -0.00000 -64.54072 -0.01517 0.99988 0.00000 -1.88000 0.00000 -0.00000 1.00000 0.00000
1565943711490493 0.99985 0.01723 -0.00000 -67.01354 -0.01723 0.99985 0.00000 -1.72449 0.00000 -0.00000 1.00000 0.00000
1565943711740090 0.99988 0.01533 -0.00000 -69.51359 -0.01533 0.99988 0.00000 -1.86232 0.00000 -0.00000 1.00000 0.00000
1565943711991146 0.99989 0.01460 -0.00000 -72.06616 -0.01460 0.99989 0.00000 -1.83455 0.00000 -0.00000 1.00000 0.00000
1565943712241087 0.99990 0.01391 -0.00000 -74.65380 -0.01391 0.99990 0.00000 -1.91158 0.00000 -0.00000 1.00000 0.00000
1565943712492026 0.99991 0.01378 -0.00000 -77.24045 -0.01378 0.99991 0.00000 -1.85577 0.00000 -0.00000 1.00000 0.00000
1565943712743233 0.99991 0.01309 -0.00000 -79.84676 -0.01309 0.99991 0.00000 -1.93148 0.00000 -0.00000 1.00000 0.00000
1565943712993560 0.99994 0.01126 -0.00000 -82.53060 -0.01126 0.99994 0.00000 -2.07109 0.00000 -0.00000 1.00000 0.00000
1565943713243900 0.99995 0.00996 -0.00000 -85.19177 -0.00996 0.99995 0.00000 -2.11308 0.00000 -0.00000 1.00000 0.00000
1565943713494906 0.99996 0.00932 -0.00000 -87.91266 -0.00932 0.99996 0.00000 -2.16426 0.00000 -0.00000 1.00000 0.00000
1565943713745377 0.99998 0.00621 -0.00000 -90.66269 -0.00621 0.99998 0.00000 -2.44363 0.00000 -0.00000 1.00000 0.00000
1565943713995638 0.99999 0.00411 -0.00000 -93.34045 -0.00411 0.99999 0.00000 -2.56826 0.00000 -0.00000 1.00000 0.00000
1565943714245755 1.00000 0.00170 -0.00000 -96.03010 -0.00170 1.00000 0.00000 -2.72914 0.00000 -0.00000 1.00000 0.00000
1565943714496290 0.99999 -0.00325 0.00000 -98.69501 0.00325 0.99999 -0.00000 -3.28128 -0.00000 0.00000 1.00000 0.00000
1565943714746878 0.99998 -0.00573 0.00000 -101.32945 0.00573 0.99998 -0.00000 -3.48272 -0.00000 0.00000 1.00000 0.00000
1565943714997385 0.99998 -0.00662 0.00000 -103.94460 0.00662 0.99998 -0.00000 -3.52627 -0.00000 0.00000 1.00000 0.00000
1565943715248436 0.99998 -0.00568 0.00000 -106.55286 0.00568 0.99998 -0.00000 -3.42471 -0.00000 0.00000 1.00000 0.00000
1565943715498941 0.99999 -0.00421 0.00000 -109.15722 0.00421 0.99999 -0.00000 -3.27158 -0.00000 0.00000 1.00000 0.00000
1565943715750188 1.00000 -0.00168 0.00000 -111.69662 0.00168 1.00000 -0.00000 -2.94746 -0.00000 0.00000 1.00000 0.00000
1565943715999524 0.99996 0.00858 -0.00000 -114.23129 -0.00858 0.99996 0.00000 -1.78595 0.00000 -0.00000 1.00000 0.00000
1565943716250101 0.99983 0.01829 -0.00000 -116.76431 -0.01829 0.99983 0.00000 -0.67029 0.00000 -0.00000 1.00000 0.00000
1565943716500841 0.99949 0.03186 -0.00000 -119.28321 -0.03186 0.99949 0.00000 1.04049 0.00000 -0.00000 1.00000 0.00000
1565943716751019 0.99907 0.04311 -0.00000 -121.81965 -0.04311 0.99907 0.00000 2.33506 0.00000 -0.00000 1.00000 0.00000
1565943717001733 0.99840 0.05655 -0.00000 -124.32018 -0.05655 0.99840 0.00000 4.01525 0.00000 -0.00000 1.00000 0.00000
1565943717252167 0.99792 0.06441 -0.00000 -126.79343 -0.06441 0.99792 0.00000 5.02358 0.00000 -0.00000 1.00000 0.00000
1565943717502544 0.99740 0.07201 -0.00000 -129.23337 -0.07201 0.99740 0.00000 6.07120 0.00000 -0.00000 1.00000 0.00000
1565943717753298 0.99720 0.07476 -0.00000 -131.81827 -0.07476 0.99720 0.00000 6.40858 0.00000 -0.00000 1.00000 0.00000
1565943718003818 0.99696 0.07790 -0.00000 -134.32244 -0.07790 0.99696 0.00000 6.94697 0.00000 -0.00000 1.00000 0.00000
1565943718254543 0.99697 0.07773 -0.00000 -136.83392 -0.07773 0.99697 0.00000 6.90483 0.00000 -0.00000 1.00000 0.00000
1565943718504956 0.99703 0.07703 -0.00000 -139.41825 -0.07703 0.99703 0.00000 6.88273 0.00000 -0.00000 1.00000 0.00000
1565943718755429 0.99742 0.07184 -0.00000 -142.01805 -0.07184 0.99742 0.00000 6.15743 0.00000 -0.00000 1.00000 0.00000
1565943719005867 0.99795 0.06402 -0.00000 -144.56480 -0.06402 0.99795 0.00000 5.04812 0.00000 -0.00000 1.00000 0.00000
1565943719256663 0.99834 0.05759 -0.00000 -147.10988 -0.05759 0.99834 0.00000 4.12535 0.00000 -0.00000 1.00000 0.00000
1565943719506597 0.99867 0.05163 -0.00000 -149.63402 -0.05163 0.99867 0.00000 3.20761 0.00000 -0.00000 1.00000 0.00000
1565943719757240 0.99903 0.04402 -0.00000 -152.10644 -0.04402 0.99903 0.00000 2.10931 0.00000 -0.00000 1.00000 0.00000
1565943720007856 0.99921 0.03975 -0.00000 -154.60319 -0.03975 0.99921 0.00000 1.42125 0.00000 -0.00000 1.00000 0.00000
1565943720258680 0.99938 0.03509 -0.00000 -157.07934 -0.03509 0.99938 0.00000 0.68399 0.00000 -0.00000 1.00000 0.00000
1565943720509320 0.99955 0.03011 -0.00000 -159.43826 -0.03011 0.99955 0.00000 -0.09308 0.00000 -0.00000 1.00000 0.00000
1565943720759818 0.99966 0.02595 -0.00000 -161.84199 -0.02595 0.99966 0.00000 -0.75529 0.00000 -0.00000 1.00000 0.00000
1565943721009980 0.99974 0.02268 -0.00000 -164.20706 -0.02268 0.99974 0.00000 -1.30077 0.00000 -0.00000 1.00000 0.00000
1565943721260725 0.99983 0.01823 -0.00000 -166.57066 -0.01823 0.99983 0.00000 -2.02242 0.00000 -0.00000 1.00000 0.00000
1565943721511009 0.99992 0.01275 -0.00000 -168.86941 -0.01275 0.99992 0.00000 -2.92952 0.00000 -0.00000 1.00000 0.00000
1565943721761744 0.99996 0.00848 -0.00000 -171.19277 -0.00848 0.99996 0.00000 -3.68520 0.00000 -0.00000 1.00000 0.00000
1565943722012376 0.99998 0.00554 -0.00000 -173.48314 -0.00554 0.99998 0.00000 -4.12456 0.00000 -0.00000 1.00000 0.00000
1565943722263116 1.00000 0.00283 -0.00000 -175.77477 -0.00283 1.00000 0.00000 -4.53991 0.00000 -0.00000 1.00000 0.00000
1565943722513447 1.00000 0.00138 -0.00000 -178.02722 -0.00138 1.00000 0.00000 -4.71430 0.00000 -0.00000 1.00000 0.00000
1565943722763978 1.00000 0.00080 -0.00000 -180.26891 -0.00080 1.00000 0.00000 -4.87182 0.00000 -0.00000 1.00000 0.00000
1565943723014712 1.00000 0.00136 -0.00000 -182.52399 -0.00136 1.00000 0.00000 -4.74892 0.00000 -0.00000 1.00000 0.00000
1565943723265272 1.00000 -0.00109 0.00000 -184.72707 0.00109 1.00000 -0.00000 -5.19623 -0.00000 0.00000 1.00000 0.00000
1565943723515788 1.00000 -0.00275 0.00000 -186.91968 0.00275 1.00000 -0.00000 -5.46960 -0.00000 0.00000 1.00000 0.00000
1565943723766146 1.00000 -0.00280 0.00000 -189.09485 0.00280 1.00000 -0.00000 -5.46315 -0.00000 0.00000 1.00000 0.00000
1565943724016550 1.00000 -0.00216 0.00000 -191.24618 0.00216 1.00000 -0.00000 -5.36830 -0.00000 0.00000 1.00000 0.00000
1565943724270774 1.00000 -0.00037 0.00000 -193.37543 0.00037 1.00000 -0.00000 -4.94625 -0.00000 0.00000 1.00000 0.00000
1565943724517663 1.00000 0.00134 -0.00000 -195.47929 -0.00134 1.00000 0.00000 -4.65848 0.00000 -0.00000 1.00000 0.00000
1565943724767465 1.00000 0.00265 -0.00000 -197.56036 -0.00265 1.00000 0.00000 -4.40534 0.00000 -0.00000 1.00000 0.00000
1565943725019162 1.00000 0.00251 -0.00000 -199.65097 -0.00251 1.00000 0.00000 -4.52111 0.00000 -0.00000 1.00000 0.00000
1565943725277179 1.00000 0.00246 -0.00000 -201.67257 -0.00246 1.00000 0.00000 -4.51284 0.00000 -0.00000 1.00000 0.00000
1565943725520290 0.99999 0.00436 -0.00000 -203.70814 -0.00436 0.99999 0.00000 -4.18471 0.00000 -0.00000 1.00000 0.00000
1565943725770787 1.00000 0.00176 -0.00000 -205.69459 -0.00176 1.00000 0.00000 -4.76489 0.00000 -0.00000 1.00000 0.00000
1565943726021669 1.00000 0.00198 -0.00000 -207.65336 -0.00198 1.00000 0.00000 -4.66359 0.00000 -0.00000 1.00000 0.00000
1565943726271476 1.00000 0.00194 -0.00000 -209.57326 -0.00194 1.00000 0.00000 -4.70930 0.00000 -0.00000 1.00000 0.00000
1565943726522162 0.99999 0.00325 -0.00000 -211.46802 -0.00325 0.99999 0.00000 -4.39549 0.00000 -0.00000 1.00000 0.00000
1565943726773011 0.99999 0.00486 -0.00000 -213.30195 -0.00486 0.99999 0.00000 -4.10290 0.00000 -0.00000 1.00000 0.00000
1565943727023391 1.00000 0.00251 -0.00000 -215.15483 -0.00251 1.00000 0.00000 -4.54036 0.00000 -0.00000 1.00000 0.00000
1565943727276535 1.00000 0.00260 -0.00000 -216.93132 -0.00260 1.00000 0.00000 -4.55975 0.00000 -0.00000 1.00000 0.00000
1565943727524003 1.00000 0.00196 -0.00000 -218.65530 -0.00196 1.00000 0.00000 -4.60050 0.00000 -0.00000 1.00000 0.00000
1565943727774882 1.00000 -0.00113 0.00000 -220.28732 0.00113 1.00000 -0.00000 -5.34586 -0.00000 0.00000 1.00000 0.00000
1565943728025241 0.99999 -0.00339 0.00000 -221.91602 0.00339 0.99999 -0.00000 -5.79420 -0.00000 0.00000 1.00000 0.00000
1565943728275420 0.99999 -0.00506 0.00000 -223.49279 0.00506 0.99999 -0.00000 -6.16606 -0.00000 0.00000 1.00000 0.00000
1565943728525978 0.99996 -0.00844 0.00000 -225.01627 0.00844 0.99996 -0.00000 -6.90873 -0.00000 0.00000 1.00000 0.00000
1565943728776464 0.99996 -0.00902 0.00000 -226.48000 0.00902 0.99996 -0.00000 -7.01747 -0.00000 0.00000 1.00000 0.00000
1565943729026989 0.99995 -0.01022 0.00000 -227.85714 0.01022 0.99995 -0.00000 -7.33808 -0.00000 0.00000 1.00000 0.00000
1565943729277479 0.99995 -0.00978 0.00000 -229.20464 0.00978 0.99995 -0.00000 -7.18218 -0.00000 0.00000 1.00000 0.00000
1565943729527757 0.99996 -0.00895 0.00000 -230.50100 0.00895 0.99996 -0.00000 -6.99690 -0.00000 0.00000 1.00000 0.00000
1565943729777287 0.99996 -0.00888 0.00000 -231.67126 0.00888 0.99996 -0.00000 -6.98192 -0.00000 0.00000 1.00000 0.00000
1565943730027702 0.99994 -0.01119 0.00000 -232.76649 0.01119 0.99994 -0.00000 -7.47449 -0.00000 0.00000 1.00000 0.00000
1565943730277719 0.99996 -0.00927 0.00000 -233.76656 0.00927 0.99996 -0.00000 -7.01696 -0.00000 0.00000 1.00000 0.00000
1565943730529199 0.99996 -0.00934 0.00000 -234.77076 0.00934 0.99996 -0.00000 -6.98912 -0.00000 0.00000 1.00000 0.00000
1565943730779168 0.99994 -0.01084 0.00000 -235.58642 0.01084 0.99994 -0.00000 -7.34640 -0.00000 0.00000 1.00000 0.00000
1565943731029142 0.99997 -0.00809 0.00000 -236.34247 0.00809 0.99997 -0.00000 -6.72089 -0.00000 0.00000 1.00000 0.00000
1565943731279860 0.99994 -0.01107 0.00000 -236.94873 0.01107 0.99994 -0.00000 -7.39395 -0.00000 0.00000 1.00000 0.00000
1565943731529533 0.99995 -0.01017 0.00000 -237.51077 0.01017 0.99995 -0.00000 -7.21719 -0.00000 0.00000 1.00000 0.00000
1565943731779882 0.99994 -0.01112 0.00000 -238.00865 0.01112 0.99994 -0.00000 -7.39245 -0.00000 0.00000 1.00000 0.00000
1565943732030415 0.99991 -0.01348 0.00000 -238.40641 0.01348 0.99991 -0.00000 -7.94471 -0.00000 0.00000 1.00000 0.00000
1565943732280662 0.99991 -0.01373 0.00000 -238.77707 0.01373 0.99991 -0.00000 -8.01622 -0.00000 0.00000 1.00000 0.00000
1565943732531205 0.99989 -0.01455 0.00000 -239.02607 0.01455 0.99989 -0.00000 -8.18587 -0.00000 0.00000 1.00000 0.00000
1565943732781526 0.99992 -0.01227 0.00000 -239.28208 0.01227 0.99992 -0.00000 -7.69960 -0.00000 0.00000 1.00000 0.00000
1565943733031859 0.99990 -0.01396 0.00000 -239.37719 0.01396 0.99990 -0.00000 -8.03788 -0.00000 0.00000 1.00000 0.00000
1565943733282102 0.99991 -0.01309 0.00000 -239.48840 0.01309 0.99991 -0.00000 -7.87470 -0.00000 0.00000 1.00000 0.00000
1565943733532605 0.99990 -0.01420 0.00000 -239.48171 0.01420 0.99990 -0.00000 -8.10069 -0.00000 0.00000 1.00000 0.00000
1565943733783441 0.99991 -0.01369 0.00000 -239.48399 0.01369 0.99991 -0.00000 -8.00060 -0.00000 0.00000 1.00000 0.00000
1565943734034397 0.99989 -0.01480 0.00000 -239.51345 0.01480 0.99989 -0.00000 -8.25360 -0.00000 0.00000 1.00000 0.00000
1565943734284912 0.99990 -0.01439 0.00000 -239.49441 0.01439 0.99990 -0.00000 -8.16168 -0.00000 0.00000 1.00000 0.00000
1565943734535649 0.99989 -0.01499 0.00000 -239.50308 0.01499 0.99989 -0.00000 -8.29937 -0.00000 0.00000 1.00000 0.00000
1565943734786299 0.99988 -0.01558 0.00000 -239.50302 0.01558 0.99988 -0.00000 -8.42691 -0.00000 0.00000 1.00000 0.00000
1565943735036868 0.99988 -0.01540 0.00000 -239.48525 0.01540 0.99988 -0.00000 -8.37660 -0.00000 0.00000 1.00000 0.00000
1565943735287326 0.99988 -0.01539 0.00000 -239.49532 0.01539 0.99988 -0.00000 -8.39941 -0.00000 0.00000 1.00000 0.00000
1565943735538025 0.99989 -0.01490 0.00000 -239.49638 0.01490 0.99989 -0.00000 -8.28221 -0.00000 0.00000 1.00000 0.00000
1565943735787573 0.99988 -0.01552 0.00000 -239.50091 0.01552 0.99988 -0.00000 -8.42388 -0.00000 0.00000 1.00000 0.00000
1565943736039030 0.99989 -0.01513 0.00000 -239.50971 0.01513 0.99989 -0.00000 -8.33472 -0.00000 0.00000 1.00000 0.00000
1565943736290028 0.99988 -0.01529 0.00000 -239.49218 0.01529 0.99988 -0.00000 -8.35783 -0.00000 0.00000 1.00000 0.00000
1565943736540464 0.99988 -0.01533 0.00000 -239.48851 0.01533 0.99988 -0.00000 -8.36768 -0.00000 0.00000 1.00000 0.00000
1565943736790869 0.99989 -0.01471 0.00000 -239.49850 0.01471 0.99989 -0.00000 -8.22031 -0.00000 0.00000 1.00000 0.00000
1565943737041946 0.99990 -0.01419 0.00000 -239.50748 0.01419 0.99990 -0.00000 -8.09999 -0.00000 0.00000 1.00000 0.00000
1565943737292259 0.99990 -0.01446 0.00000 -239.51315 0.01446 0.99990 -0.00000 -8.15500 -0.00000 0.00000 1.00000 0.00000
1565943737543125 0.99989 -0.01460 0.00000 -239.51158 0.01460 0.99989 -0.00000 -8.20317 -0.00000 0.00000 1.00000 0.00000
1565943737793537 0.99989 -0.01471 0.00000 -239.52261 0.01471 0.99989 -0.00000 -8.21591 -0.00000 0.00000 1.00000 0.00000
1565943738044482 0.99989 -0.01486 0.00000 -239.51082 0.01486 0.99989 -0.00000 -8.27744 -0.00000 0.00000 1.00000 0.00000
1565943738294967 0.99989 -0.01494 0.00000 -239.50884 0.01494 0.99989 -0.00000 -8.27569 -0.00000 0.00000 1.00000 0.00000
1565943738545502 0.99989 -0.01472 0.00000 -239.52789 0.01472 0.99989 -0.00000 -8.23864 -0.00000 0.00000 1.00000 0.00000
1565943738795974 0.99989 -0.01452 0.00000 -239.51384 0.01452 0.99989 -0.00000 -8.18835 -0.00000 0.00000 1.00000 0.00000
1565943739046454 0.99989 -0.01497 0.00000 -239.51258 0.01497 0.99989 -0.00000 -8.27909 -0.00000 0.00000 1.00000 0.00000
1565943739297463 0.99990 -0.01428 0.00000 -239.51732 0.01428 0.99990 -0.00000 -8.13113 -0.00000 0.00000 1.00000 0.00000
1565943739548241 0.99990 -0.01404 0.00000 -239.52036 0.01404 0.99990 -0.00000 -8.06990 -0.00000 0.00000 1.00000 0.00000
1565943739799141 0.99989 -0.01494 0.00000 -239.51086 0.01494 0.99989 -0.00000 -8.26944 -0.00000 0.00000 1.00000 0.00000
1565943740050107 0.99988 -0.01549 0.00000 -239.49894 0.01549 0.99988 -0.00000 -8.42155 -0.00000 0.00000 1.00000 0.00000
1565943740300170 0.99989 -0.01515 0.00000 -239.50244 0.01515 0.99989 -0.00000 -8.30848 -0.00000 0.00000 1.00000 0.00000
1565943740551431 0.99989 -0.01494 0.00000 -239.51116 0.01494 0.99989 -0.00000 -8.28462 -0.00000 0.00000 1.00000 0.00000
1565943740801147 0.99989 -0.01487 0.00000 -239.51007 0.01487 0.99989 -0.00000 -8.25087 -0.00000 0.00000 1.00000 0.00000
1565943741051899 0.99989 -0.01470 0.00000 -239.52310 0.01470 0.99989 -0.00000 -8.20965 -0.00000 0.00000 1.00000 0.00000
1565943741302135 0.99990 -0.01442 0.00000 -239.51072 0.01442 0.99990 -0.00000 -8.16516 -0.00000 0.00000 1.00000 0.00000
1565943741553029 0.99989 -0.01458 0.00000 -239.49727 0.01458 0.99989 -0.00000 -8.17599 -0.00000 0.00000 1.00000 0.00000
1565943741803837 0.99989 -0.01465 0.00000 -239.51717 0.01465 0.99989 -0.00000 -8.20644 -0.00000 0.00000 1.00000 0.00000
1565943742054255 0.99989 -0.01482 0.00000 -239.50276 0.01482 0.99989 -0.00000 -8.23424 -0.00000 0.00000 1.00000 0.00000
1565943742305341 0.99990 -0.01440 0.00000 -239.51661 0.01440 0.99990 -0.00000 -8.14848 -0.00000 0.00000 1.00000 0.00000
1565943742556136 0.99989 -0.01456 0.00000 -239.51256 0.01456 0.99989 -0.00000 -8.18576 -0.00000 0.00000 1.00000 0.00000
1565943742806723 0.99990 -0.01444 0.00000 -239.51288 0.01444 0.99990 -0.00000 -8.14333 -0.00000 0.00000 1.00000 0.00000
1565943743057257 0.99990 -0.01411 0.00000 -239.51037 0.01411 0.99990 -0.00000 -8.07218 -0.00000 0.00000 1.00000 0.00000
1565943743308269 0.99989 -0.01463 0.00000 -239.51021 0.01463 0.99989 -0.00000 -8.20902 -0.00000 0.00000 1.00000 0.00000
1565943743559132 0.99989 -0.01476 0.00000 -239.51068 0.01476 0.99989 -0.00000 -8.22126 -0.00000 0.00000 1.00000 0.00000
1565943743809261 0.99989 -0.01502 0.00000 -239.51892 0.01502 0.99989 -0.00000 -8.29888 -0.00000 0.00000 1.00000 0.00000
1565943744060696 0.99989 -0.01455 0.00000 -239.51352 0.01455 0.99989 -0.00000 -8.15994 -0.00000 0.00000 1.00000 0.00000
1565943744311363 0.99989 -0.01460 0.00000 -239.50717 0.01460 0.99989 -0.00000 -8.19790 -0.00000 0.00000 1.00000 0.00000
1565943744561189 0.99989 -0.01502 0.00000 -239.51009 0.01502 0.99989 -0.00000 -8.29394 -0.00000 0.00000 1.00000 0.00000
1565943744811664 0.99989 -0.01515 0.00000 -239.50202 0.01515 0.99989 -0.00000 -8.33238 -0.00000 0.00000 1.00000 0.00000
1565943745062334 0.99989 -0.01467 0.00000 -239.51836 0.01467 0.99989 -0.00000 -8.20662 -0.00000 0.00000 1.00000 0.00000
1565943745313088 0.99989 -0.01485 0.00000 -239.51466 0.01485 0.99989 -0.00000 -8.24642 -0.00000 0.00000 1.00000 0.00000
1565943745563592 0.99990 -0.01421 0.00000 -239.52275 0.01421 0.99990 -0.00000 -8.09391 -0.00000 0.00000 1.00000 0.00000
1565943745814243 0.99989 -0.01465 0.00000 -239.50984 0.01465 0.99989 -0.00000 -8.20206 -0.00000 0.00000 1.00000 0.00000
1565943746064723 0.99990 -0.01401 0.00000 -239.51476 0.01401 0.99990 -0.00000 -8.04692 -0.00000 0.00000 1.00000 0.00000
1565943746315158 0.99990 -0.01393 0.00000 -239.51163 0.01393 0.99990 -0.00000 -8.04376 -0.00000 0.00000 1.00000 0.00000
1565943746566330 0.99989 -0.01487 0.00000 -239.50033 0.01487 0.99989 -0.00000 -8.25799 -0.00000 0.00000 1.00000 0.00000
1565943746817063 0.99990 -0.01424 0.00000 -239.51195 0.01424 0.99990 -0.00000 -8.11938 -0.00000 0.00000 1.00000 0.00000
1565943747067070 0.99990 -0.01425 0.00000 -239.50498 0.01425 0.99990 -0.00000 -8.10602 -0.00000 0.00000 1.00000 0.00000
1565943747317567 0.99989 -0.01465 0.00000 -239.51656 0.01465 0.99989 -0.00000 -8.21425 -0.00000 0.00000 1.00000 0.00000
1565943747567928 0.99989 -0.01475 0.00000 -239.50898 0.01475 0.99989 -0.00000 -8.22955 -0.00000 0.00000 1.00000 0.00000
1565943747818328 0.99989 -0.01494 0.00000 -239.52932 0.01494 0.99989 -0.00000 -8.27733 -0.00000 0.00000 1.00000 0.00000
1565943748069078 0.99989 -0.01496 0.00000 -239.52540 0.01496 0.99989 -0.00000 -8.27915 -0.00000 0.00000 1.00000 0.00000
1565943748320130 0.99989 -0.01499 0.00000 -239.51874 0.01499 0.99989 -0.00000 -8.28349 -0.00000 0.00000 1.00000 0.00000
1565943748570403 0.99989 -0.01484 0.00000 -239.52576 0.01484 0.99989 -0.00000 -8.24628 -0.00000 0.00000 1.00000 0.00000
1565943748821179 0.99989 -0.01470 0.00000 -239.52342 0.01470 0.99989 -0.00000 -8.21490 -0.00000 0.00000 1.00000 0.00000
1565943749071929 0.99989 -0.01483 0.00000 -239.52138 0.01483 0.99989 -0.00000 -8.24189 -0.00000 0.00000 1.00000 0.00000
1565943749322034 0.99989 -0.01454 0.00000 -239.51840 0.01454 0.99989 -0.00000 -8.18409 -0.00000 0.00000 1.00000 0.00000
1565943749572348 0.99990 -0.01438 0.00000 -239.51610 0.01438 0.99990 -0.00000 -8.13338 -0.00000 0.00000 1.00000 0.00000
1565943749823100 0.99990 -0.01445 0.00000 -239.50821 0.01445 0.99990 -0.00000 -8.16257 -0.00000 0.00000 1.00000 0.00000
1565943750074213 0.99989 -0.01513 0.00000 -239.53147 0.01513 0.99989 -0.00000 -8.32043 -0.00000 0.00000 1.00000 0.00000
1565943750324552 0.99989 -0.01503 0.00000 -239.51527 0.01503 0.99989 -0.00000 -8.30478 -0.00000 0.00000 1.00000 0.00000
1565943750575299 0.99989 -0.01474 0.00000 -239.52124 0.01474 0.99989 -0.00000 -8.24366 -0.00000 0.00000 1.00000 0.00000
1565943750825654 0.99989 -0.01470 0.00000 -239.52718 0.01470 0.99989 -0.00000 -8.20461 -0.00000 0.00000 1.00000 0.00000
1565943751076848 0.99989 -0.01471 0.00000 -239.53079 0.01471 0.99989 -0.00000 -8.21333 -0.00000 0.00000 1.00000 0.00000
1565943751327268 0.99989 -0.01479 0.00000 -239.52370 0.01479 0.99989 -0.00000 -8.24426 -0.00000 0.00000 1.00000 0.00000
1565943751577833 0.99990 -0.01448 0.00000 -239.51339 0.01448 0.99990 -0.00000 -8.16872 -0.00000 0.00000 1.00000 0.00000
1565943751829826 0.99989 -0.01504 0.00000 -239.51301 0.01504 0.99989 -0.00000 -8.29999 -0.00000 0.00000 1.00000 0.00000
1565943752079372 0.99989 -0.01490 0.00000 -239.52703 0.01490 0.99989 -0.00000 -8.26572 -0.00000 0.00000 1.00000 0.00000
1565943752329853 0.99989 -0.01497 0.00000 -239.50978 0.01497 0.99989 -0.00000 -8.28190 -0.00000 0.00000 1.00000 0.00000
1565943752580950 0.99989 -0.01472 0.00000 -239.51991 0.01472 0.99989 -0.00000 -8.24704 -0.00000 0.00000 1.00000 0.00000
1565943752831437 0.99990 -0.01426 0.00000 -239.51976 0.01426 0.99990 -0.00000 -8.11058 -0.00000 0.00000 1.00000 0.00000
1565943753081827 0.99990 -0.01420 0.00000 -239.50384 0.01420 0.99990 -0.00000 -8.10267 -0.00000 0.00000 1.00000 0.00000
1565943753333101 0.99989 -0.01465 0.00000 -239.51203 0.01465 0.99989 -0.00000 -8.21113 -0.00000 0.00000 1.00000 0.00000
1565943753583470 0.99990 -0.01426 0.00000 -239.52377 0.01426 0.99990 -0.00000 -8.12235 -0.00000 0.00000 1.00000 0.00000
1565943753833813 0.99989 -0.01462 0.00000 -239.51747 0.01462 0.99989 -0.00000 -8.20761 -0.00000 0.00000 1.00000 0.00000
1565943754084294 0.99989 -0.01449 0.00000 -239.52281 0.01449 0.99989 -0.00000 -8.16860 -0.00000 0.00000 1.00000 0.00000
1565943754335174 0.99989 -0.01473 0.00000 -239.52591 0.01473 0.99989 -0.00000 -8.20571 -0.00000 0.00000 1.00000 0.00000
1565943754586165 0.99989 -0.01504 0.00000 -239.51032 0.01504 0.99989 -0.00000 -8.29138 -0.00000 0.00000 1.00000 0.00000
1565943754836377 0.99990 -0.01433 0.00000 -239.51340 0.01433 0.99990 -0.00000 -8.11928 -0.00000 0.00000 1.00000 0.00000
1565943755087352 0.99989 -0.01469 0.00000 -239.51215 0.01469 0.99989 -0.00000 -8.22670 -0.00000 0.00000 1.00000 0.00000
1565943755336923 0.99990 -0.01428 0.00000 -239.50620 0.01428 0.99990 -0.00000 -8.11966 -0.00000 0.00000 1.00000 0.00000
1565943755587344 0.99989 -0.01476 0.00000 -239.51937 0.01476 0.99989 -0.00000 -8.24687 -0.00000 0.00000 1.00000 0.00000
1565943755839223 0.99990 -0.01443 0.00000 -239.52558 0.01443 0.99990 -0.00000 -8.15934 -0.00000 0.00000 1.00000 0.00000
1565943756089524 0.99989 -0.01507 0.00000 -239.49287 0.01507 0.99989 -0.00000 -8.30437 -0.00000 0.00000 1.00000 0.00000
1565943756340195 0.99989 -0.01486 0.00000 -239.52855 0.01486 0.99989 -0.00000 -8.26202 -0.00000 0.00000 1.00000 0.00000
1565943756590953 0.99989 -0.01487 0.00000 -239.51320 0.01487 0.99989 -0.00000 -8.25792 -0.00000 0.00000 1.00000 0.00000
1565943756841637 0.99990 -0.01434 0.00000 -239.53773 0.01434 0.99990 -0.00000 -8.13869 -0.00000 0.00000 1.00000 0.00000
1565943757092082 0.99990 -0.01417 0.00000 -239.52213 0.01417 0.99990 -0.00000 -8.09774 -0.00000 0.00000 1.00000 0.00000
1565943757343195 0.99990 -0.01442 0.00000 -239.53810 0.01442 0.99990 -0.00000 -8.15777 -0.00000 0.00000 1.00000 0.00000
1565943757593665 0.99989 -0.01455 0.00000 -239.51773 0.01455 0.99989 -0.00000 -8.17771 -0.00000 0.00000 1.00000 0.00000
1565943757844091 0.99989 -0.01514 0.00000 -239.50996 0.01514 0.99989 -0.00000 -8.33717 -0.00000 0.00000 1.00000 0.00000
1565943758094913 0.99989 -0.01477 0.00000 -239.50738 0.01477 0.99989 -0.00000 -8.22161 -0.00000 0.00000 1.00000 0.00000
1565943758345592 0.99990 -0.01443 0.00000 -239.51214 0.01443 0.99990 -0.00000 -8.15953 -0.00000 0.00000 1.00000 0.00000
1565943758596500 0.99989 -0.01516 0.00000 -239.51261 0.01516 0.99989 -0.00000 -8.32655 -0.00000 0.00000 1.00000 0.00000
1565943758846736 0.99990 -0.01438 0.00000 -239.51994 0.01438 0.99990 -0.00000 -8.15139 -0.00000 0.00000 1.00000 0.00000
1565943759097207 0.99989 -0.01484 0.00000 -239.51211 0.01484 0.99989 -0.00000 -8.24203 -0.00000 0.00000 1.00000 0.00000
1565943759348273 0.99988 -0.01525 0.00000 -239.51302 0.01525 0.99988 -0.00000 -8.34582 -0.00000 0.00000 1.00000 0.00000
1565943759599879 0.99989 -0.01486 0.00000 -239.51126 0.01486 0.99989 -0.00000 -8.26413 -0.00000 0.00000 1.00000 0.00000
1565943759849726 0.99988 -0.01539 0.00000 -239.50107 0.01539 0.99988 -0.00000 -8.37434 -0.00000 0.00000 1.00000 0.00000
1565943760100621 0.99989 -0.01487 0.00000 -239.51399 0.01487 0.99989 -0.00000 -8.26505 -0.00000 0.00000 1.00000 0.00000
1565943760350188 0.99989 -0.01473 0.00000 -239.51413 0.01473 0.99989 -0.00000 -8.22849 -0.00000 0.00000 1.00000 0.00000
1565943760600822 0.99989 -0.01476 0.00000 -239.50005 0.01476 0.99989 -0.00000 -8.22316 -0.00000 0.00000 1.00000 0.00000
1565943760851441 0.99989 -0.01502 0.00000 -239.51078 0.01502 0.99989 -0.00000 -8.28355 -0.00000 0.00000 1.00000 0.00000
1565943761102097 0.99988 -0.01547 0.00000 -239.49671 0.01547 0.99988 -0.00000 -8.38990 -0.00000 0.00000 1.00000 0.00000
1565943761352812 0.99988 -0.01532 0.00000 -239.50206 0.01532 0.99988 -0.00000 -8.36826 -0.00000 0.00000 1.00000 0.00000
1565943761603055 0.99989 -0.01486 0.00000 -239.50715 0.01486 0.99989 -0.00000 -8.25684 -0.00000 0.00000 1.00000 0.00000
1565943761853975 0.99990 -0.01444 0.00000 -239.53166 0.01444 0.99990 -0.00000 -8.16502 -0.00000 0.00000 1.00000 0.00000
1565943762104823 0.99988 -0.01535 0.00000 -239.50602 0.01535 0.99988 -0.00000 -8.36611 -0.00000 0.00000 1.00000 0.00000
1565943762355652 0.99989 -0.01456 0.00000 -239.51415 0.01456 0.99989 -0.00000 -8.19987 -0.00000 0.00000 1.00000 0.00000
1565943762606255 0.99989 -0.01481 0.00000 -239.51650 0.01481 0.99989 -0.00000 -8.23488 -0.00000 0.00000 1.00000 0.00000
1565943762857243 0.99989 -0.01508 0.00000 -239.51381 0.01508 0.99989 -0.00000 -8.31391 -0.00000 0.00000 1.00000 0.00000
1565943763107850 0.99989 -0.01482 0.00000 -239.50979 0.01482 0.99989 -0.00000 -8.24436 -0.00000 0.00000 1.00000 0.00000
1565943763360033 0.99989 -0.01485 0.00000 -239.50818 0.01485 0.99989 -0.00000 -8.24332 -0.00000 0.00000 1.00000 0.00000
1565943763609765 0.99990 -0.01447 0.00000 -239.52467 0.01447 0.99990 -0.00000 -8.16139 -0.00000 0.00000 1.00000 0.00000
1565943763860724 0.99990 -0.01438 0.00000 -239.51482 0.01438 0.99990 -0.00000 -8.15826 -0.00000 0.00000 1.00000 0.00000
1565943764111165 0.99990 -0.01427 0.00000 -239.53144 0.01427 0.99990 -0.00000 -8.12365 -0.00000 0.00000 1.00000 0.00000
1565943764362008 0.99990 -0.01449 0.00000 -239.54972 0.01449 0.99990 -0.00000 -8.17585 -0.00000 0.00000 1.00000 0.00000
1565943764612870 0.99988 -0.01519 0.00000 -239.54972 0.01519 0.99988 -0.00000 -8.31630 -0.00000 0.00000 1.00000 0.00000
1565943764863465 0.99990 -0.01405 0.00000 -239.62441 0.01405 0.99990 -0.00000 -8.06229 -0.00000 0.00000 1.00000 0.00000
1565943765114275 0.99991 -0.01368 0.00000 -239.72994 0.01368 0.99991 -0.00000 -7.98208 -0.00000 0.00000 1.00000 0.00000
1565943765365077 0.99990 -0.01422 0.00000 -239.76798 0.01422 0.99990 -0.00000 -8.10437 -0.00000 0.00000 1.00000 0.00000
1565943765615633 0.99989 -0.01492 0.00000 -239.89187 0.01492 0.99989 -0.00000 -8.30150 -0.00000 0.00000 1.00000 0.00000
1565943765866439 0.99991 -0.01315 0.00000 -240.00316 0.01315 0.99991 -0.00000 -7.88581 -0.00000 0.00000 1.00000 0.00000
1565943766117369 0.99992 -0.01299 0.00000 -240.16518 0.01299 0.99992 -0.00000 -7.82523 -0.00000 0.00000 1.00000 0.00000
1565943766367067 0.99989 -0.01454 0.00000 -240.30018 0.01454 0.99989 -0.00000 -8.19857 -0.00000 0.00000 1.00000 0.00000
1565943766618969 0.99989 -0.01460 0.00000 -240.43808 0.01460 0.99989 -0.00000 -8.22008 -0.00000 0.00000 1.00000 0.00000
1565943766869383 0.99992 -0.01288 0.00000 -240.62573 0.01288 0.99992 -0.00000 -7.81262 -0.00000 0.00000 1.00000 0.00000
1565943767119185 0.99992 -0.01289 0.00000 -240.71503 0.01289 0.99992 -0.00000 -7.79876 -0.00000 0.00000 1.00000 0.00000
1565943767370790 0.99992 -0.01264 0.00000 -240.82973 0.01264 0.99992 -0.00000 -7.77308 -0.00000 0.00000 1.00000 0.00000
1565943767619940 0.99991 -0.01376 0.00000 -240.86369 0.01376 0.99991 -0.00000 -8.00135 -0.00000 0.00000 1.00000 0.00000
1565943767870392 0.99993 -0.01210 0.00000 -240.90764 0.01210 0.99993 -0.00000 -7.61307 -0.00000 0.00000 1.00000 0.00000
1565943768121401 0.99990 -0.01383 0.00000 -240.88617 0.01383 0.99990 -0.00000 -8.03500 -0.00000 0.00000 1.00000 0.00000
1565943768372165 0.99988 -0.01542 0.00000 -240.85316 0.01542 0.99988 -0.00000 -8.43114 -0.00000 0.00000 1.00000 0.00000
1565943768622322 0.99990 -0.01411 0.00000 -240.87129 0.01411 0.99990 -0.00000 -8.11855 -0.00000 0.00000 1.00000 0.00000
1565943768872964 0.99990 -0.01419 0.00000 -240.88131 0.01419 0.99990 -0.00000 -8.11688 -0.00000 0.00000 1.00000 0.00000
1565943769123691 0.99990 -0.01427 0.00000 -240.85577 0.01427 0.99990 -0.00000 -8.17078 -0.00000 0.00000 1.00000 0.00000
1565943769374307 0.99991 -0.01324 0.00000 -240.88967 0.01324 0.99991 -0.00000 -7.89396 -0.00000 0.00000 1.00000 0.00000
1565943769626467 0.99990 -0.01393 0.00000 -240.87423 0.01393 0.99990 -0.00000 -8.06596 -0.00000 0.00000 1.00000 0.00000
1565943769875192 0.99992 -0.01268 0.00000 -240.91464 0.01268 0.99992 -0.00000 -7.75031 -0.00000 0.00000 1.00000 0.00000
1565943770125827 0.99990 -0.01397 0.00000 -240.88586 0.01397 0.99990 -0.00000 -8.06468 -0.00000 0.00000 1.00000 0.00000
1565943770376308 0.99993 -0.01178 0.00000 -240.89557 0.01178 0.99993 -0.00000 -7.53010 -0.00000 0.00000 1.00000 0.00000
1565943770627588 0.99991 -0.01370 0.00000 -240.88869 0.01370 0.99991 -0.00000 -8.01257 -0.00000 0.00000 1.00000 0.00000
1565943770876986 0.99990 -0.01446 0.00000 -240.86148 0.01446 0.99990 -0.00000 -8.20017 -0.00000 0.00000 1.00000 0.00000
1565943771128958 0.99991 -0.01342 0.00000 -240.89621 0.01342 0.99991 -0.00000 -7.93721 -0.00000 0.00000 1.00000 0.00000
1565943771378939 0.99990 -0.01403 0.00000 -240.88129 0.01403 0.99990 -0.00000 -8.06759 -0.00000 0.00000 1.00000 0.00000
1565943771633883 0.99991 -0.01349 0.00000 -240.91755 0.01349 0.99991 -0.00000 -7.91169 -0.00000 0.00000 1.00000 0.00000
1565943771880318 0.99990 -0.01398 0.00000 -240.88274 0.01398 0.99990 -0.00000 -8.07815 -0.00000 0.00000 1.00000 0.00000
1565943772131008 0.99990 -0.01427 0.00000 -240.85308 0.01427 0.99990 -0.00000 -8.13305 -0.00000 0.00000 1.00000 0.00000
1565943772381687 0.99989 -0.01469 0.00000 -240.86738 0.01469 0.99989 -0.00000 -8.25244 -0.00000 0.00000 1.00000 0.00000
1565943772631937 0.99990 -0.01439 0.00000 -240.88967 0.01439 0.99990 -0.00000 -8.14530 -0.00000 0.00000 1.00000 0.00000
1565943772882672 0.99991 -0.01314 0.00000 -240.90730 0.01314 0.99991 -0.00000 -7.87054 -0.00000 0.00000 1.00000 0.00000
1565943773133292 0.99991 -0.01317 0.00000 -240.90482 0.01317 0.99991 -0.00000 -7.87214 -0.00000 0.00000 1.00000 0.00000
1565943773383976 0.99990 -0.01381 0.00000 -240.88962 0.01381 0.99990 -0.00000 -8.02036 -0.00000 0.00000 1.00000 0.00000
1565943773634300 0.99990 -0.01411 0.00000 -240.89194 0.01411 0.99990 -0.00000 -8.08925 -0.00000 0.00000 1.00000 0.00000
1565943773885165 0.99991 -0.01311 0.00000 -240.90711 0.01311 0.99991 -0.00000 -7.86449 -0.00000 0.00000 1.00000 0.00000
1565943774135712 0.99991 -0.01337 0.00000 -240.88613 0.01337 0.99991 -0.00000 -7.91329 -0.00000 0.00000 1.00000 0.00000
1565943774386328 0.99991 -0.01377 0.00000 -240.90624 0.01377 0.99991 -0.00000 -8.05328 -0.00000 0.00000 1.00000 0.00000
1565943774636807 0.99992 -0.01299 0.00000 -240.90204 0.01299 0.99992 -0.00000 -7.81447 -0.00000 0.00000 1.00000 0.00000
1565943774887354 0.99990 -0.01434 0.00000 -240.88455 0.01434 0.99990 -0.00000 -8.17001 -0.00000 0.00000 1.00000 0.00000
1565943775137699 0.99992 -0.01282 0.00000 -240.89462 0.01282 0.99992 -0.00000 -7.78986 -0.00000 0.00000 1.00000 0.00000
1565943775388646 0.99991 -0.01320 0.00000 -240.90763 0.01320 0.99991 -0.00000 -7.87323 -0.00000 0.00000 1.00000 0.00000
1565943775639166 0.99991 -0.01331 0.00000 -240.89307 0.01331 0.99991 -0.00000 -7.90787 -0.00000 0.00000 1.00000 0.00000
1565943775890561 0.99991 -0.01369 0.00000 -240.89805 0.01369 0.99991 -0.00000 -7.99021 -0.00000 0.00000 1.00000 0.00000
1565943776140625 0.99991 -0.01315 0.00000 -240.89328 0.01315 0.99991 -0.00000 -7.86196 -0.00000 0.00000 1.00000 0.00000
1565943776390606 0.99989 -0.01510 0.00000 -240.87560 0.01510 0.99989 -0.00000 -8.35163 -0.00000 0.00000 1.00000 0.00000
1565943776641180 0.99991 -0.01334 0.00000 -240.88636 0.01334 0.99991 -0.00000 -7.94874 -0.00000 0.00000 1.00000 0.00000
1565943776891547 0.99991 -0.01323 0.00000 -240.91092 0.01323 0.99991 -0.00000 -7.87893 -0.00000 0.00000 1.00000 0.00000
1565943777142561 0.99990 -0.01426 0.00000 -240.87713 0.01426 0.99990 -0.00000 -8.15210 -0.00000 0.00000 1.00000 0.00000
1565943777393105 0.99992 -0.01299 0.00000 -240.87492 0.01299 0.99992 -0.00000 -7.83245 -0.00000 0.00000 1.00000 0.00000
1565943777643729 0.99990 -0.01431 0.00000 -240.87439 0.01431 0.99990 -0.00000 -8.17397 -0.00000 0.00000 1.00000 0.00000
1565943777894603 0.99992 -0.01281 0.00000 -240.89043 0.01281 0.99992 -0.00000 -7.79469 -0.00000 0.00000 1.00000 0.00000
1565943778145052 0.99990 -0.01392 0.00000 -240.87955 0.01392 0.99990 -0.00000 -8.05314 -0.00000 0.00000 1.00000 0.00000
1565943778395950 0.99992 -0.01256 0.00000 -240.90800 0.01256 0.99992 -0.00000 -7.73023 -0.00000 0.00000 1.00000 0.00000
1565943778646413 0.99992 -0.01269 0.00000 -240.88804 0.01269 0.99992 -0.00000 -7.75897 -0.00000 0.00000 1.00000 0.00000
1565943778896730 0.99992 -0.01285 0.00000 -240.89917 0.01285 0.99992 -0.00000 -7.78611 -0.00000 0.00000 1.00000 0.00000
1565943779147362 0.99990 -0.01383 0.00000 -240.89513 0.01383 0.99990 -0.00000 -8.05763 -0.00000 0.00000 1.00000 0.00000
1565943779399942 0.99993 -0.01203 0.00000 -240.90741 0.01203 0.99993 -0.00000 -7.57938 -0.00000 0.00000 1.00000 0.00000
1565943779650343 0.99991 -0.01345 0.00000 -240.89966 0.01345 0.99991 -0.00000 -7.96214 -0.00000 0.00000 1.00000 0.00000
1565943779901195 0.99993 -0.01215 0.00000 -240.90997 0.01215 0.99993 -0.00000 -7.62773 -0.00000 0.00000 1.00000 0.00000
1565943780150929 0.99991 -0.01319 0.00000 -240.91769 0.01319 0.99991 -0.00000 -7.88196 -0.00000 0.00000 1.00000 0.00000
1565943780401616 0.99993 -0.01207 0.00000 -240.90193 0.01207 0.99993 -0.00000 -7.59859 -0.00000 0.00000 1.00000 0.00000
1565943780652300 0.99990 -0.01413 0.00000 -240.89410 0.01413 0.99990 -0.00000 -8.11866 -0.00000 0.00000 1.00000 0.00000
1565943780902720 0.99992 -0.01259 0.00000 -240.90189 0.01259 0.99992 -0.00000 -7.72432 -0.00000 0.00000 1.00000 0.00000
1565943781153309 0.99992 -0.01262 0.00000 -240.90524 0.01262 0.99992 -0.00000 -7.74407 -0.00000 0.00000 1.00000 0.00000
1565943781404098 0.99992 -0.01246 0.00000 -240.93850 0.01246 0.99992 -0.00000 -7.68409 -0.00000 0.00000 1.00000 0.00000
1565943781655128 0.99990 -0.01445 0.00000 -240.87516 0.01445 0.99990 -0.00000 -8.19130 -0.00000 0.00000 1.00000 0.00000
1565943781905772 0.99992 -0.01286 0.00000 -240.91281 0.01286 0.99992 -0.00000 -7.79007 -0.00000 0.00000 1.00000 0.00000
1565943782155842 0.99992 -0.01256 0.00000 -240.90413 0.01256 0.99992 -0.00000 -7.73523 -0.00000 0.00000 1.00000 0.00000
1565943782406941 0.99991 -0.01352 0.00000 -240.87258 0.01352 0.99991 -0.00000 -7.96707 -0.00000 0.00000 1.00000 0.00000
1565943782657442 0.99991 -0.01355 0.00000 -240.89526 0.01355 0.99991 -0.00000 -7.97614 -0.00000 0.00000 1.00000 0.00000
1565943782908478 0.99991 -0.01329 0.00000 -240.89216 0.01329 0.99991 -0.00000 -7.91991 -0.00000 0.00000 1.00000 0.00000
1565943783158466 0.99991 -0.01338 0.00000 -240.90351 0.01338 0.99991 -0.00000 -7.93883 -0.00000 0.00000 1.00000 0.00000
1565943783410423 0.99991 -0.01324 0.00000 -240.88500 0.01324 0.99991 -0.00000 -7.88885 -0.00000 0.00000 1.00000 0.00000
1565943783660100 0.99991 -0.01343 0.00000 -240.90471 0.01343 0.99991 -0.00000 -7.93128 -0.00000 0.00000 1.00000 0.00000
1565943783910046 0.99994 -0.01105 0.00000 -240.93890 0.01105 0.99994 -0.00000 -7.37813 -0.00000 0.00000 1.00000 0.00000
