1. 0. 0. 0. 0. -1. -0. 0. 0. 0. -1. 0.
1. -0.003 -0. 0.024 -0.003 -1. -0. 0.069 0. 0. -1. 0.
1. -0.002 -0. 0.004 -0.002 -1. -0. 0.028 0. 0. -1. 0.
1. 0.002 0. 0.010 0.002 -1. -0. -0.031 0. 0. -1. 0.
1. -0. -0. 0.008 -0. -1. -0. -0.053 0. 0. -1. 0.
1. 0.001 0. 0.004 0.001 -1. -0. -0.027 0. 0. -1. 0.
1. -0.002 -0. 0.007 -0.002 -1. -0. -0.042 0. 0. -1. 0.
1. -0.000 -0. -0.011 -0.000 -1. -0. -0.012 0. 0. -1. 0.
1. 0.002 0. 0.010 0.002 -1. -0. 0.019 0. 0. -1. 0.
1. 0.002 0. 0.010 0.002 -1. -0. -0.002 0. 0. -1. 0.
1. -0.003 -0. 0.023 -0.003 -1. -0. 0.016 0. 0. -1. 0.
1. -0.006 -0. 0.012 -0.006 -1. -0. -0.008 0. 0. -1. 0.
1. -0.002 -0. 0.017 -0.002 -1. -0. 0.020 0. 0. -1. 0.
1. -0.006 -0. 0.028 -0.006 -1. -0. -0.012 0. 0. -1. 0.
1. 0.001 0. 0.016 0.001 -1. -0. -0.019 0. 0. -1. 0.
1. -0.005 -0. 0.069 -0.005 -1. -0. 0.029 0. 0. -1. 0.
1. -0.003 -0. 0.114 -0.003 -1. -0. -0.075 0. 0. -1. 0.
1. -0.013 -0. 0.192 -0.013 -1. -0. 0.005 0. 0. -1. 0.
1.000 -0.018 -0. 0.341 -0.018 -1.000 -0. -0.012 0. 0. -1. 0.
0.999 -0.035 -0. 0.621 -0.035 -0.999 -0. -0.002 0. 0. -1. 0.
0.998 -0.058 -0. 0.975 -0.058 -0.998 -0. -0.125 0. 0. -1. 0.
0.996 -0.088 -0. 1.433 -0.088 -0.996 -0. -0.127 0. 0. -1. 0.
0.993 -0.118 -0. 1.942 -0.118 -0.993 -0. -0.205 0. 0. -1. 0.
0.990 -0.139 -0. 2.584 -0.139 -0.990 -0. -0.389 0. 0. -1. 0.
0.988 -0.153 -0. 3.407 -0.153 -0.988 -0. -0.454 0. 0. -1. 0.
0.988 -0.156 -0. 4.296 -0.156 -0.988 -0. -0.778 0. 0. -1. 0.
0.986 -0.168 -0. 5.295 -0.168 -0.986 -0. -0.869 0. 0. -1. 0.
0.986 -0.168 -0. 6.235 -0.168 -0.986 -0. -0.983 0. 0. -1. 0.
0.984 -0.176 -0. 7.383 -0.176 -0.984 -0. -1.048 0. 0. -1. 0.
0.984 -0.176 -0. 8.512 -0.176 -0.984 -0. -1.338 0. 0. -1. 0.
0.984 -0.176 -0. 9.663 -0.176 -0.984 -0. -1.641 0. 0. -1. 0.
0.984 -0.177 -0. 10.827 -0.177 -0.984 -0. -1.851 0. 0. -1. 0.
0.983 -0.183 -0. 12.114 -0.183 -0.983 -0. -2.053 0. 0. -1. 0.
0.984 -0.178 -0. 13.413 -0.178 -0.984 -0. -2.356 0. 0. -1. 0.
0.986 -0.164 -0. 14.802 -0.164 -0.986 -0. -2.567 0. 0. -1. 0.
0.989 -0.145 -0. 16.309 -0.145 -0.989 -0. -2.868 0. 0. -1. 0.
0.990 -0.140 -0. 17.830 -0.140 -0.990 -0. -3.107 0. 0. -1. 0.
0.991 -0.131 -0. 19.302 -0.131 -0.991 -0. -3.280 0. 0. -1. 0.
0.992 -0.125 -0. 20.893 -0.125 -0.992 -0. -3.496 0. 0. -1. 0.
0.993 -0.116 -0. 22.494 -0.116 -0.993 -0. -3.720 0. 0. -1. 0.
0.993 -0.115 -0. 24.179 -0.115 -0.993 -0. -4.014 0. 0. -1. 0.
0.994 -0.107 -0. 25.842 -0.107 -0.994 -0. -4.199 0. 0. -1. 0.
0.996 -0.089 -0. 27.614 -0.089 -0.996 -0. -4.408 0. 0. -1. 0.
0.997 -0.079 -0. 29.325 -0.079 -0.997 -0. -4.539 0. 0. -1. 0.
0.998 -0.068 -0. 31.080 -0.068 -0.998 -0. -4.679 0. 0. -1. 0.
0.998 -0.061 -0. 32.772 -0.061 -0.998 -0. -4.817 0. 0. -1. 0.
0.999 -0.050 -0. 34.506 -0.050 -0.999 -0. -4.876 0. 0. -1. 0.
1.000 -0.031 -0. 36.204 -0.031 -1.000 -0. -5.073 0. 0. -1. 0.
1.000 -0.023 -0. 37.987 -0.023 -1.000 -0. -4.978 0. 0. -1. 0.
1.000 -0.023 -0. 39.708 -0.023 -1.000 -0. -5.058 0. 0. -1. 0.
1.000 -0.017 -0. 41.422 -0.017 -1.000 -0. -5.267 0. 0. -1. 0.
1. -0.007 -0. 43.151 -0.007 -1. -0. -5.207 0. 0. -1. 0.
1. -0.006 -0. 45.002 -0.006 -1. -0. -5.219 0. 0. -1. 0.
1. -0.008 -0. 46.794 -0.008 -1. -0. -5.405 0. 0. -1. 0.
1.000 -0.015 -0. 48.612 -0.015 -1.000 -0. -5.326 0. 0. -1. 0.
1. -0.012 -0. 50.525 -0.012 -1. -0. -5.432 0. 0. -1. 0.
1. -0.012 -0. 52.407 -0.012 -1. -0. -5.452 0. 0. -1. 0.
1.000 -0.014 -0. 54.284 -0.014 -1.000 -0. -5.345 0. 0. -1. 0.
1. -0.010 -0. 56.271 -0.010 -1. -0. -5.570 0. 0. -1. 0.
1. -0.005 -0. 58.216 -0.005 -1. -0. -5.652 0. 0. -1. 0.
1. -0.006 -0. 60.235 -0.006 -1. -0. -5.645 0. 0. -1. 0.
1. -0.011 -0. 62.281 -0.011 -1. -0. -5.719 0. 0. -1. 0.
1. -0.010 -0. 64.332 -0.010 -1. -0. -5.782 0. 0. -1. 0.
1. -0.009 -0. 66.332 -0.009 -1. -0. -5.887 0. 0. -1. 0.
1. -0.007 -0. 68.354 -0.007 -1. -0. -5.880 0. 0. -1. 0.
1. -0.012 -0. 70.382 -0.012 -1. -0. -5.803 0. 0. -1. 0.
1. -0.007 -0. 72.359 -0.007 -1. -0. -5.844 0. 0. -1. 0.
1. -0.005 -0. 74.389 -0.005 -1. -0. -5.881 0. 0. -1. 0.
1. -0.012 -0. 76.300 -0.012 -1. -0. -6.008 0. 0. -1. 0.
1.000 -0.015 -0. 78.339 -0.015 -1.000 -0. -6.047 0. 0. -1. 0.
1.000 -0.025 -0. 80.294 -0.025 -1.000 -0. -6.079 0. 0. -1. 0.
0.999 -0.040 -0. 82.246 -0.040 -0.999 -0. -6.145 0. 0. -1. 0.
0.998 -0.070 -0. 84.179 -0.070 -0.998 -0. -6.290 0. 0. -1. 0.
0.995 -0.101 -0. 86.016 -0.101 -0.995 -0. -6.513 0. 0. -1. 0.
0.992 -0.128 -0. 87.875 -0.128 -0.992 -0. -6.769 0. 0. -1. 0.
0.986 -0.168 -0. 89.698 -0.168 -0.986 -0. -7.100 0. 0. -1. 0.
0.976 -0.220 -0. 91.453 -0.220 -0.976 -0. -7.525 0. 0. -1. 0.
0.964 -0.266 -0. 93.171 -0.266 -0.964 -0. -7.939 0. 0. -1. 0.
0.952 -0.305 -0. 94.881 -0.305 -0.952 -0. -8.559 0. 0. -1. 0.
0.935 -0.354 -0. 96.527 -0.354 -0.935 -0. -9.234 0. 0. -1. 0.
0.914 -0.405 -0. 98.111 -0.405 -0.914 -0. -9.941 0. 0. -1. 0.
0.892 -0.453 -0. 99.675 -0.453 -0.892 -0. -10.773 0. 0. -1. 0.
0.865 -0.502 -0. 101.186 -0.502 -0.865 -0. -11.582 0. 0. -1. 0.
0.837 -0.547 -0. 102.444 -0.547 -0.837 -0. -12.661 0. 0. -1. 0.
0.803 -0.595 -0. 103.887 -0.595 -0.803 -0. -13.698 0. 0. -1. 0.
0.759 -0.651 -0. 105.367 -0.651 -0.759 -0. -14.671 0. 0. -1. 0.
0.716 -0.698 -0. 106.545 -0.698 -0.716 -0. -15.894 0. 0. -1. 0.
0.663 -0.749 -0. 107.666 -0.749 -0.663 -0. -17.087 0. 0. -1. 0.
0.608 -0.794 -0. 108.702 -0.794 -0.608 -0. -18.402 0. 0. -1. 0.
0.558 -0.830 -0. 109.477 -0.830 -0.558 -0. -19.918 0. 0. -1. 0.
0.507 -0.862 -0. 110.434 -0.862 -0.507 -0. -21.250 0. 0. -1. 0.
0.453 -0.891 -0. 111.032 -0.891 -0.453 -0. -22.761 0. 0. -1. 0.
0.421 -0.907 -0. 111.628 -0.907 -0.421 -0. -24.377 0. 0. -1. 0.
0.390 -0.921 -0. 112.544 -0.921 -0.390 -0. -25.833 0. 0. -1. 0.
0.367 -0.930 -0. 112.962 -0.930 -0.367 -0. -27.575 0. 0. -1. 0.
0.344 -0.939 -0. 113.439 -0.939 -0.344 -0. -29.287 0. 0. -1. 0.
0.332 -0.943 -0. 114.019 -0.943 -0.332 -0. -31.032 0. 0. -1. 0.
0.328 -0.945 -0. 114.685 -0.945 -0.328 -0. -32.786 0. 0. -1. 0.
0.328 -0.945 -0. 115.451 -0.945 -0.328 -0. -34.413 0. 0. -1. 0.
0.325 -0.946 -0. 116.016 -0.946 -0.325 -0. -36.198 0. 0. -1. 0.
0.338 -0.941 -0. 116.385 -0.941 -0.338 -0. -38.013 0. 0. -1. 0.
0.356 -0.935 -0. 117.235 -0.935 -0.356 -0. -39.839 0. 0. -1. 0.
0.368 -0.930 -0. 117.936 -0.930 -0.368 -0. -41.653 0. 0. -1. 0.
0.382 -0.924 -0. 118.639 -0.924 -0.382 -0. -43.425 0. 0. -1. 0.
0.402 -0.916 -0. 119.265 -0.916 -0.402 -0. -45.218 0. 0. -1. 0.
0.418 -0.908 -0. 120.068 -0.908 -0.418 -0. -47.072 0. 0. -1. 0.
0.429 -0.903 -0. 120.912 -0.903 -0.429 -0. -48.815 0. 0. -1. 0.
0.448 -0.894 -0. 121.654 -0.894 -0.448 -0. -50.562 0. 0. -1. 0.
0.463 -0.886 -0. 122.514 -0.886 -0.463 -0. -52.233 0. 0. -1. 0.
0.469 -0.883 -0. 123.333 -0.883 -0.469 -0. -54.011 0. 0. -1. 0.
0.472 -0.882 -0. 124.110 -0.882 -0.472 -0. -55.571 0. 0. -1. 0.
0.480 -0.877 -0. 124.992 -0.877 -0.480 -0. -57.146 0. 0. -1. 0.
0.483 -0.876 -0. 125.897 -0.876 -0.483 -0. -58.864 0. 0. -1. 0.
0.484 -0.875 -0. 126.851 -0.875 -0.484 -0. -60.412 0. 0. -1. 0.
0.490 -0.872 -0. 127.537 -0.872 -0.490 -0. -61.910 0. 0. -1. 0.
0.496 -0.868 -0. 128.557 -0.868 -0.496 -0. -63.497 0. 0. -1. 0.
0.507 -0.862 -0. 129.373 -0.862 -0.507 -0. -65.073 0. 0. -1. 0.
0.514 -0.858 -0. 130.183 -0.858 -0.514 -0. -66.553 0. 0. -1. 0.
0.517 -0.856 -0. 131.169 -0.856 -0.517 -0. -68.003 0. 0. -1. 0.
0.529 -0.849 -0. 131.984 -0.849 -0.529 -0. -69.495 0. 0. -1. 0.
0.533 -0.846 -0. 132.880 -0.846 -0.533 -0. -70.866 0. 0. -1. 0.
0.559 -0.829 -0. 133.604 -0.829 -0.559 -0. -72.219 0. 0. -1. 0.
0.587 -0.810 -0. 134.748 -0.810 -0.587 -0. -73.454 0. 0. -1. 0.
0.634 -0.773 -0. 135.682 -0.773 -0.634 -0. -74.691 0. 0. -1. 0.
0.685 -0.729 -0. 136.652 -0.729 -0.685 -0. -75.884 0. 0. -1. 0.
0.739 -0.673 -0. 137.690 -0.673 -0.739 -0. -76.751 0. 0. -1. 0.
0.801 -0.598 -0. 138.707 -0.598 -0.801 -0. -77.539 0. 0. -1. 0.
0.861 -0.509 -0. 139.740 -0.509 -0.861 -0. -78.182 0. 0. -1. 0.
0.913 -0.408 -0. 140.786 -0.408 -0.913 -0. -78.565 0. 0. -1. 0.
0.959 -0.282 -0. 141.617 -0.282 -0.959 -0. -78.862 0. 0. -1. 0.
0.989 -0.150 -0. 142.634 -0.150 -0.989 -0. -78.957 0. 0. -1. 0.
1. 0.004 0. 143.419 0.004 -1. -0. -79.001 0. 0. -1. 0.
0.985 0.170 0. 144.252 0.170 -0.985 -0. -78.793 0. 0. -1. 0.
0.942 0.335 0. 145.063 0.335 -0.942 -0. -78.461 0. 0. -1. 0.
0.867 0.498 0. 145.739 0.498 -0.867 -0. -77.948 0. 0. -1. 0.
0.761 0.649 0. 146.269 0.649 -0.761 -0. -77.426 0. 0. -1. 0.
0.633 0.774 0. 146.771 0.774 -0.633 -0. -76.754 0. 0. -1. 0.
0.485 0.874 0. 147.100 0.874 -0.485 -0. -76.095 0. 0. -1. 0.
0.325 0.946 0. 147.247 0.946 -0.325 -0. -75.302 0. 0. -1. 0.
0.149 0.989 0. 147.362 0.989 -0.149 -0. -74.612 0. 0. -1. 0.
-0.033 0.999 0. 147.251 0.999 0.033 0. -73.805 0. 0. -1. 0.
-0.214 0.977 0. 147.050 0.977 0.214 0. -73.083 0. 0. -1. 0.
-0.394 0.919 0. 146.573 0.919 0.394 0. -72.346 0. 0. -1. 0.
-0.551 0.834 0. 146.111 0.834 0.551 0. -71.526 0. 0. -1. 0.
-0.676 0.737 0. 145.462 0.737 0.676 0. -70.883 0. 0. -1. 0.
-0.761 0.648 0. 144.686 0.648 0.761 0. -70.038 0. 0. -1. 0.
-0.819 0.573 0. 143.815 0.573 0.819 0. -69.532 0. 0. -1. 0.
-0.857 0.516 0. 142.794 0.516 0.857 0. -69.076 0. 0. -1. 0.
-0.871 0.492 0. 141.693 0.492 0.871 0. -68.549 0. 0. -1. 0.
-0.880 0.475 0. 140.688 0.475 0.880 0. -67.939 0. 0. -1. 0.
-0.876 0.483 0. 139.450 0.483 0.876 0. -67.217 0. 0. -1. 0.
-0.871 0.492 0. 138.413 0.492 0.871 0. -66.670 0. 0. -1. 0.
-0.859 0.512 0. 137.349 0.512 0.859 0. -65.846 0. 0. -1. 0.
-0.844 0.536 0. 136.033 0.536 0.844 0. -64.997 0. 0. -1. 0.
-0.822 0.570 0. 134.859 0.570 0.822 0. -64.189 0. 0. -1. 0.
-0.795 0.607 0. 133.639 0.607 0.795 0. -63.216 0. 0. -1. 0.
-0.770 0.639 0. 132.577 0.639 0.770 0. -62.169 0. 0. -1. 0.
-0.739 0.674 0. 131.221 0.674 0.739 0. -60.992 0. 0. -1. 0.
-0.706 0.709 0. 130.080 0.709 0.706 0. -59.677 0. 0. -1. 0.
-0.668 0.744 0. 128.865 0.744 0.668 0. -58.352 0. 0. -1. 0.
-0.634 0.773 0. 127.704 0.773 0.634 0. -56.978 0. 0. -1. 0.
-0.603 0.798 0. 126.577 0.798 0.603 0. -55.368 0. 0. -1. 0.
-0.570 0.822 0. 125.491 0.822 0.570 0. -53.697 0. 0. -1. 0.
-0.539 0.842 0. 124.404 0.842 0.539 0. -52.123 0. 0. -1. 0.
-0.510 0.860 0. 123.384 0.860 0.510 0. -50.349 0. 0. -1. 0.
-0.473 0.881 0. 122.426 0.881 0.473 0. -48.632 0. 0. -1. 0.
-0.443 0.897 0. 121.562 0.897 0.443 0. -46.801 0. 0. -1. 0.
-0.420 0.908 0. 120.737 0.908 0.420 0. -44.949 0. 0. -1. 0.
-0.387 0.922 0. 119.947 0.922 0.387 0. -43.077 0. 0. -1. 0.
-0.359 0.933 0. 119.231 0.933 0.359 0. -41.103 0. 0. -1. 0.
-0.341 0.940 0. 118.671 0.940 0.341 0. -39.148 0. 0. -1. 0.
-0.323 0.947 0. 117.838 0.947 0.323 0. -37.180 0. 0. -1. 0.
-0.305 0.952 0. 117.307 0.952 0.305 0. -35.178 0. 0. -1. 0.
-0.306 0.952 0. 116.685 0.952 0.306 0. -33.241 0. 0. -1. 0.
-0.312 0.950 0. 116.188 0.950 0.312 0. -31.207 0. 0. -1. 0.
-0.322 0.947 0. 115.503 0.947 0.322 0. -29.193 0. 0. -1. 0.
-0.341 0.940 0. 114.676 0.940 0.341 0. -27.283 0. 0. -1. 0.
-0.371 0.929 0. 114.141 0.929 0.371 0. -25.411 0. 0. -1. 0.
-0.411 0.912 0. 113.243 0.912 0.411 0. -23.540 0. 0. -1. 0.
-0.458 0.889 0. 112.501 0.889 0.458 0. -21.668 0. 0. -1. 0.
-0.505 0.863 0. 111.476 0.863 0.505 0. -20.017 0. 0. -1. 0.
-0.561 0.828 0. 110.517 0.828 0.561 0. -18.394 0. 0. -1. 0.
-0.619 0.785 0. 109.517 0.785 0.619 0. -16.785 0. 0. -1. 0.
-0.664 0.747 0. 108.105 0.747 0.664 0. -15.343 0. 0. -1. 0.
-0.712 0.702 0. 106.944 0.702 0.712 0. -13.975 0. 0. -1. 0.
-0.753 0.658 0. 105.556 0.658 0.753 0. -12.687 0. 0. -1. 0.
-0.788 0.615 0. 104.075 0.615 0.788 0. -11.595 0. 0. -1. 0.
-0.827 0.562 0. 102.653 0.562 0.827 0. -10.532 0. 0. -1. 0.
-0.860 0.510 0. 101.133 0.510 0.860 0. -9.526 0. 0. -1. 0.
-0.890 0.456 0. 99.485 0.456 0.890 0. -8.682 0. 0. -1. 0.
-0.914 0.405 0. 97.798 0.405 0.914 0. -7.933 0. 0. -1. 0.
-0.938 0.346 0. 96.175 0.346 0.938 0. -7.193 0. 0. -1. 0.
-0.957 0.291 0. 94.304 0.291 0.957 0. -6.642 0. 0. -1. 0.
-0.971 0.240 0. 92.506 0.240 0.971 0. -6.196 0. 0. -1. 0.
-0.981 0.194 0. 90.660 0.194 0.981 0. -5.824 0. 0. -1. 0.
-0.988 0.156 0. 88.635 0.156 0.988 0. -5.546 0. 0. -1. 0.
-0.994 0.111 0. 86.788 0.111 0.994 0. -5.274 0. 0. -1. 0.
-0.997 0.078 0. 84.720 0.078 0.997 0. -5.034 0. 0. -1. 0.
-0.998 0.058 0. 82.707 0.058 0.998 0. -5.025 0. 0. -1. 0.
-0.999 0.050 0. 80.660 0.050 0.999 0. -4.966 0. 0. -1. 0.
-0.999 0.038 0. 78.588 0.038 0.999 0. -4.820 0. 0. -1. 0.
-0.999 0.035 0. 76.406 0.035 0.999 0. -4.704 0. 0. -1. 0.
-1.000 0.019 0. 74.316 0.019 1.000 0. -4.620 0. 0. -1. 0.
-1.000 0.018 0. 72.060 0.018 1.000 0. -4.582 0. 0. -1. 0.
-1. 0.011 0. 69.902 0.011 1. 0. -4.604 0. 0. -1. 0.
-1. 0.013 0. 67.636 0.013 1. 0. -4.613 0. 0. -1. 0.
-1.000 0.020 0. 65.397 0.020 1.000 0. -4.533 0. 0. -1. 0.
-1.000 0.021 0. 63.141 0.021 1.000 0. -4.399 0. 0. -1. 0.
-1. 0.014 0. 60.872 0.014 1. 0. -4.177 0. 0. -1. 0.
-1. 0.011 0. 58.537 0.011 1. 0. -4.239 0. 0. -1. 0.
-1. -0.002 -0. 56.274 -0.002 1. 0. -4.163 0. 0. -1. 0.
-1. -0.009 -0. 54.024 -0.009 1. 0. -4.089 0. 0. -1. 0.
-1. -0.013 -0. 51.814 -0.013 1. 0. -4.141 0. 0. -1. 0.
-1. -0.014 -0. 49.547 -0.014 1. 0. -4.076 0. 0. -1. 0.
-1. -0.007 -0. 47.344 -0.007 1. 0. -4.025 0. 0. -1. 0.
-1. 0.012 0. 45.239 0.012 1. 0. -4.090 0. 0. -1. 0.
-0.999 0.038 0. 43.012 0.038 0.999 0. -3.935 0. 0. -1. 0.
-0.998 0.056 0. 40.905 0.056 0.998 0. -3.912 0. 0. -1. 0.
-0.997 0.075 0. 38.763 0.075 0.997 0. -3.622 0. 0. -1. 0.
-0.996 0.094 0. 36.650 0.094 0.996 0. -3.392 0. 0. -1. 0.
-0.994 0.111 0. 34.529 0.111 0.994 0. -3.181 0. 0. -1. 0.
-0.994 0.111 0. 32.296 0.111 0.994 0. -2.771 0. 0. -1. 0.
-0.992 0.123 0. 30.164 0.123 0.992 0. -2.567 0. 0. -1. 0.
-0.993 0.122 0. 27.961 0.122 0.993 0. -2.238 0. 0. -1. 0.
-0.992 0.127 0. 25.705 0.127 0.992 0. -1.911 0. 0. -1. 0.
-0.991 0.131 0. 23.454 0.131 0.991 0. -1.482 0. 0. -1. 0.
-0.991 0.133 0. 21.100 0.133 0.991 0. -1.265 0. 0. -1. 0.
-0.992 0.129 0. 18.831 0.129 0.992 0. -1.011 0. 0. -1. 0.
-0.992 0.127 0. 16.464 0.127 0.992 0. -0.616 0. 0. -1. 0.
-0.991 0.132 0. 14.095 0.132 0.991 0. -0.352 0. 0. -1. 0.
-0.992 0.123 0. 11.827 0.123 0.992 0. 0.072 0. 0. -1. 0.
-0.992 0.126 0. 9.406 0.126 0.992 0. 0.428 0. 0. -1. 0.
-0.991 0.131 0. 7.001 0.131 0.991 0. 0.750 0. 0. -1. 0.
-0.993 0.122 0. 4.728 0.122 0.993 0. 1.118 0. 0. -1. 0.
-0.993 0.122 0. 2.339 0.122 0.993 0. 1.393 0. 0. -1. 0.
-0.993 0.114 0. -0.023 0.114 0.993 0. 1.707 0. 0. -1. 0.
-0.993 0.119 0. -2.232 0.119 0.993 0. 2.122 0. 0. -1. 0.
-0.994 0.112 0. -4.646 0.112 0.994 0. 2.411 0. 0. -1. 0.
-0.994 0.105 0. -6.869 0.105 0.994 0. 2.535 0. 0. -1. 0.
-0.994 0.111 0. -9.141 0.111 0.994 0. 2.886 0. 0. -1. 0.
-0.995 0.097 0. -11.359 0.097 0.995 0. 3.035 0. 0. -1. 0.
-0.995 0.098 0. -13.607 0.098 0.995 0. 3.306 0. 0. -1. 0.
-0.996 0.093 0. -15.844 0.093 0.996 0. 3.584 0. 0. -1. 0.
-0.997 0.082 0. -18.041 0.082 0.997 0. 3.836 0. 0. -1. 0.
-0.997 0.082 0. -20.245 0.082 0.997 0. 4.076 0. 0. -1. 0.
-0.997 0.079 0. -22.391 0.079 0.997 0. 4.232 0. 0. -1. 0.
-0.998 0.070 0. -24.537 0.070 0.998 0. 4.502 0. 0. -1. 0.
-0.997 0.076 0. -26.850 0.076 0.997 0. 4.555 0. 0. -1. 0.
-0.997 0.072 0. -28.777 0.072 0.997 0. 4.838 0. 0. -1. 0.
-0.998 0.065 0. -30.897 0.065 0.998 0. 4.895 0. 0. -1. 0.
-0.998 0.064 0. -33.115 0.064 0.998 0. 4.946 0. 0. -1. 0.
-0.998 0.063 0. -35.155 0.063 0.998 0. 5.106 0. 0. -1. 0.
-0.998 0.062 0. -37.273 0.062 0.998 0. 5.185 0. 0. -1. 0.
-0.998 0.060 0. -39.345 0.060 0.998 0. 5.436 0. 0. -1. 0.
-0.998 0.066 0. -41.303 0.066 0.998 0. 5.603 0. 0. -1. 0.
-0.998 0.068 0. -43.243 0.068 0.998 0. 5.823 0. 0. -1. 0.
-0.998 0.063 0. -45.126 0.063 0.998 0. 5.936 0. 0. -1. 0.
-0.998 0.065 0. -46.895 0.065 0.998 0. 6.128 0. 0. -1. 0.
-0.998 0.063 0. -48.569 0.063 0.998 0. 6.267 0. 0. -1. 0.
-0.998 0.067 0. -50.290 0.067 0.998 0. 6.376 0. 0. -1. 0.
-0.997 0.080 0. -51.950 0.080 0.997 0. 6.495 0. 0. -1. 0.
-0.996 0.086 0. -53.465 0.086 0.996 0. 6.587 0. 0. -1. 0.
-0.995 0.097 0. -54.972 0.097 0.995 0. 6.770 0. 0. -1. 0.
-0.994 0.112 0. -56.283 0.112 0.994 0. 7.036 0. 0. -1. 0.
-0.990 0.140 0. -57.499 0.140 0.990 0. 7.139 0. 0. -1. 0.
-0.986 0.166 0. -58.727 0.166 0.986 0. 7.386 0. 0. -1. 0.
-0.976 0.218 0. -59.904 0.218 0.976 0. 7.654 0. 0. -1. 0.
-0.966 0.260 0. -60.843 0.260 0.966 0. 7.939 0. 0. -1. 0.
-0.950 0.311 0. -61.802 0.311 0.950 0. 8.391 0. 0. -1. 0.
-0.926 0.377 0. -62.783 0.377 0.926 0. 8.760 0. 0. -1. 0.
-0.892 0.453 0. -63.681 0.453 0.892 0. 9.269 0. 0. -1. 0.
-0.846 0.533 0. -64.449 0.533 0.846 0. 9.858 0. 0. -1. 0.
-0.800 0.600 0. -65.032 0.600 0.800 0. 10.524 0. 0. -1. 0.
-0.730 0.684 0. -65.945 0.684 0.730 0. 11.165 0. 0. -1. 0.
-0.657 0.754 0. -66.502 0.754 0.657 0. 11.880 0. 0. -1. 0.
-0.566 0.824 0. -67.069 0.824 0.566 0. 12.794 0. 0. -1. 0.
-0.464 0.886 0. -67.543 0.886 0.464 0. 13.672 0. 0. -1. 0.
-0.366 0.930 0. -67.818 0.930 0.366 0. 14.603 0. 0. -1. 0.
-0.257 0.966 0. -68.211 0.966 0.257 0. 15.828 0. 0. -1. 0.
-0.171 0.985 0. -68.274 0.985 0.171 0. 16.974 0. 0. -1. 0.
-0.092 0.996 0. -68.594 0.996 0.092 0. 18.232 0. 0. -1. 0.
-0.051 0.999 0. -68.567 0.999 0.051 0. 19.463 0. 0. -1. 0.
-0.026 1.000 0. -68.635 1.000 0.026 0. 21.032 0. 0. -1. 0.
0.006 1. 0. -68.403 1. -0.006 -0. 22.447 0. 0. -1. 0.
0.015 1.000 0. -68.509 1.000 -0.015 -0. 24.090 0. 0. -1. 0.
0.024 1.000 0. -68.283 1.000 -0.024 -0. 25.662 0. 0. -1. 0.
0.029 1.000 0. -68.391 1.000 -0.029 -0. 27.367 0. 0. -1. 0.
0.045 0.999 0. -68.196 0.999 -0.045 -0. 29.044 0. 0. -1. 0.
0.041 0.999 0. -68.156 0.999 -0.041 -0. 30.968 0. 0. -1. 0.
0.054 0.999 0. -67.889 0.999 -0.054 -0. 32.737 0. 0. -1. 0.
0.067 0.998 0. -67.879 0.998 -0.067 -0. 34.628 0. 0. -1. 0.
0.085 0.996 0. -67.529 0.996 -0.085 -0. 36.410 0. 0. -1. 0.
0.108 0.994 0. -67.396 0.994 -0.108 -0. 38.360 0. 0. -1. 0.
0.129 0.992 0. -67.108 0.992 -0.129 -0. 40.213 0. 0. -1. 0.
0.156 0.988 0. -66.906 0.988 -0.156 -0. 42.282 0. 0. -1. 0.
0.178 0.984 0. -66.483 0.984 -0.178 -0. 44.109 0. 0. -1. 0.
0.186 0.983 0. -66.001 0.983 -0.186 -0. 46.134 0. 0. -1. 0.
0.193 0.981 0. -65.512 0.981 -0.193 -0. 47.909 0. 0. -1. 0.
0.193 0.981 0. -65.116 0.981 -0.193 -0. 49.928 0. 0. -1. 0.
0.183 0.983 0. -64.779 0.983 -0.183 -0. 51.978 0. 0. -1. 0.
0.181 0.983 0. -64.457 0.983 -0.181 -0. 53.861 0. 0. -1. 0.
0.171 0.985 0. -63.948 0.985 -0.171 -0. 55.688 0. 0. -1. 0.
0.161 0.987 0. -63.643 0.987 -0.161 -0. 57.777 0. 0. -1. 0.
0.154 0.988 0. -63.340 0.988 -0.154 -0. 59.635 0. 0. -1. 0.
0.139 0.990 0. -63.141 0.990 -0.139 -0. 61.772 0. 0. -1. 0.
0.133 0.991 0. -62.762 0.991 -0.133 -0. 63.700 0. 0. -1. 0.
0.120 0.993 0. -62.528 0.993 -0.120 -0. 65.772 0. 0. -1. 0.
0.116 0.993 0. -62.242 0.993 -0.116 -0. 67.879 0. 0. -1. 0.
0.109 0.994 0. -62.024 0.994 -0.109 -0. 69.746 0. 0. -1. 0.
0.102 0.995 0. -61.707 0.995 -0.102 -0. 71.670 0. 0. -1. 0.
0.088 0.996 0. -61.576 0.996 -0.088 -0. 73.707 0. 0. -1. 0.
0.078 0.997 0. -61.381 0.997 -0.078 -0. 75.672 0. 0. -1. 0.
0.062 0.998 0. -61.259 0.998 -0.062 -0. 77.537 0. 0. -1. 0.
0.042 0.999 0. -61.169 0.999 -0.042 -0. 79.427 0. 0. -1. 0.
0.025 1.000 0. -61.109 1.000 -0.025 -0. 81.277 0. 0. -1. 0.
-0.014 1.000 0. -61.092 1.000 0.014 0. 83.012 0. 0. -1. 0.
-0.042 0.999 0. -61.085 0.999 0.042 0. 84.975 0. 0. -1. 0.
-0.094 0.996 0. -61.214 0.996 0.094 0. 86.622 0. 0. -1. 0.
-0.157 0.988 0. -61.424 0.988 0.157 0. 88.401 0. 0. -1. 0.
-0.220 0.976 0. -61.779 0.976 0.220 0. 90.010 0. 0. -1. 0.
-0.281 0.960 0. -62.249 0.960 0.281 0. 91.746 0. 0. -1. 0.
-0.346 0.938 0. -62.774 0.938 0.346 0. 93.185 0. 0. -1. 0.
-0.419 0.908 0. -63.374 0.908 0.419 0. 94.565 0. 0. -1. 0.
-0.495 0.869 0. -64.039 0.869 0.495 0. 96.007 0. 0. -1. 0.
-0.565 0.825 0. -64.876 0.825 0.565 0. 97.417 0. 0. -1. 0.
-0.644 0.765 0. -65.845 0.765 0.644 0. 98.571 0. 0. -1. 0.
-0.711 0.704 0. -66.821 0.704 0.711 0. 99.751 0. 0. -1. 0.
-0.776 0.631 0. -68.062 0.631 0.776 0. 100.637 0. 0. -1. 0.
-0.830 0.557 0. -69.207 0.557 0.830 0. 101.521 0. 0. -1. 0.
-0.875 0.484 0. -70.582 0.484 0.875 0. 102.150 0. 0. -1. 0.
-0.912 0.410 0. -71.881 0.410 0.912 0. 102.735 0. 0. -1. 0.
-0.931 0.364 0. -73.239 0.364 0.931 0. 103.325 0. 0. -1. 0.
-0.946 0.325 0. -74.523 0.325 0.946 0. 103.973 0. 0. -1. 0.
-0.954 0.301 0. -75.816 0.301 0.954 0. 104.471 0. 0. -1. 0.
-0.957 0.290 0. -77.336 0.290 0.957 0. 104.833 0. 0. -1. 0.
-0.960 0.281 0. -78.773 0.281 0.960 0. 105.254 0. 0. -1. 0.
-0.955 0.297 0. -80.382 0.297 0.955 0. 105.656 0. 0. -1. 0.
-0.949 0.314 0. -81.845 0.314 0.949 0. 106.182 0. 0. -1. 0.
-0.936 0.353 0. -83.477 0.353 0.936 0. 106.639 0. 0. -1. 0.
-0.916 0.400 0. -84.943 0.400 0.916 0. 107.457 0. 0. -1. 0.
-0.889 0.457 0. -86.353 0.457 0.889 0. 108.333 0. 0. -1. 0.
-0.860 0.510 0. -87.809 0.510 0.860 0. 109.255 0. 0. -1. 0.
-0.826 0.564 0. -89.346 0.564 0.826 0. 110.210 0. 0. -1. 0.
-0.790 0.613 0. -90.674 0.613 0.790 0. 111.347 0. 0. -1. 0.
-0.764 0.645 0. -92.037 0.645 0.764 0. 112.553 0. 0. -1. 0.
-0.736 0.677 0. -93.396 0.677 0.736 0. 113.809 0. 0. -1. 0.
-0.725 0.688 0. -94.859 0.688 0.725 0. 115.052 0. 0. -1. 0.
-0.707 0.707 0. -96.219 0.707 0.707 0. 116.513 0. 0. -1. 0.
-0.700 0.714 0. -97.543 0.714 0.700 0. 117.963 0. 0. -1. 0.
-0.692 0.722 0. -98.878 0.722 0.692 0. 119.442 0. 0. -1. 0.
-0.683 0.730 0. -100.361 0.730 0.683 0. 120.871 0. 0. -1. 0.
-0.674 0.739 0. -101.616 0.739 0.674 0. 122.478 0. 0. -1. 0.
-0.666 0.746 0. -103.149 0.746 0.666 0. 123.973 0. 0. -1. 0.
-0.666 0.746 0. -104.495 0.746 0.666 0. 125.683 0. 0. -1. 0.
-0.659 0.752 0. -105.810 0.752 0.659 0. 127.474 0. 0. -1. 0.
-0.657 0.754 0. -107.354 0.754 0.657 0. 128.978 0. 0. -1. 0.
-0.661 0.751 0. -108.742 0.751 0.661 0. 130.778 0. 0. -1. 0.
-0.654 0.756 0. -110.319 0.756 0.654 0. 132.536 0. 0. -1. 0.
-0.656 0.755 0. -111.767 0.755 0.656 0. 134.341 0. 0. -1. 0.
-0.661 0.751 0. -113.258 0.751 0.661 0. 136.118 0. 0. -1. 0.
-0.661 0.751 0. -114.862 0.751 0.661 0. 137.974 0. 0. -1. 0.
-0.661 0.750 0. -116.441 0.750 0.661 0. 139.799 0. 0. -1. 0.
-0.657 0.754 0. -118.043 0.754 0.657 0. 141.665 0. 0. -1. 0.
-0.658 0.753 0. -119.562 0.753 0.658 0. 143.632 0. 0. -1. 0.
-0.656 0.755 0. -121.297 0.755 0.656 0. 145.470 0. 0. -1. 0.
-0.658 0.753 0. -122.843 0.753 0.658 0. 147.496 0. 0. -1. 0.
-0.653 0.757 0. -124.455 0.757 0.653 0. 149.376 0. 0. -1. 0.
-0.650 0.760 0. -125.990 0.760 0.650 0. 151.286 0. 0. -1. 0.
-0.644 0.765 0. -127.564 0.765 0.644 0. 153.268 0. 0. -1. 0.
-0.645 0.764 0. -129.008 0.764 0.645 0. 155.203 0. 0. -1. 0.
-0.640 0.769 0. -130.653 0.769 0.640 0. 157.082 0. 0. -1. 0.
-0.634 0.773 0. -132.129 0.773 0.634 0. 158.963 0. 0. -1. 0.
-0.622 0.783 0. -133.647 0.783 0.622 0. 160.833 0. 0. -1. 0.
-0.615 0.789 0. -135.079 0.789 0.615 0. 162.667 0. 0. -1. 0.
-0.606 0.796 0. -136.379 0.796 0.606 0. 164.562 0. 0. -1. 0.
-0.584 0.812 0. -137.822 0.812 0.584 0. 166.526 0. 0. -1. 0.
-0.563 0.827 0. -138.873 0.827 0.563 0. 168.438 0. 0. -1. 0.
-0.535 0.845 0. -140.148 0.845 0.535 0. 170.403 0. 0. -1. 0.
-0.505 0.863 0. -141.367 0.863 0.505 0. 172.366 0. 0. -1. 0.
-0.470 0.883 0. -142.319 0.883 0.470 0. 174.348 0. 0. -1. 0.
-0.435 0.900 0. -143.249 0.900 0.435 0. 176.507 0. 0. -1. 0.
-0.390 0.921 0. -144.192 0.921 0.390 0. 178.569 0. 0. -1. 0.
-0.351 0.936 0. -144.958 0.936 0.351 0. 180.661 0. 0. -1. 0.
-0.315 0.949 0. -145.711 0.949 0.315 0. 182.823 0. 0. -1. 0.
-0.273 0.962 0. -146.423 0.962 0.273 0. 184.999 0. 0. -1. 0.
-0.232 0.973 0. -146.765 0.973 0.232 0. 187.347 0. 0. -1. 0.
-0.185 0.983 0. -147.349 0.983 0.185 0. 189.584 0. 0. -1. 0.
-0.151 0.989 0. -147.507 0.989 0.151 0. 191.941 0. 0. -1. 0.
-0.115 0.993 0. -147.903 0.993 0.115 0. 194.227 0. 0. -1. 0.
-0.089 0.996 0. -148.080 0.996 0.089 0. 196.620 0. 0. -1. 0.
-0.077 0.997 0. -148.128 0.997 0.077 0. 198.948 0. 0. -1. 0.
-0.063 0.998 0. -148.349 0.998 0.063 0. 201.344 0. 0. -1. 0.
-0.052 0.999 0. -148.326 0.999 0.052 0. 203.672 0. 0. -1. 0.
-0.043 0.999 0. -148.515 0.999 0.043 0. 206.081 0. 0. -1. 0.
-0.046 0.999 0. -148.183 0.999 0.046 0. 208.370 0. 0. -1. 0.
-0.049 0.999 0. -148.371 0.999 0.049 0. 210.626 0. 0. -1. 0.
-0.062 0.998 0. -148.396 0.998 0.062 0. 212.936 0. 0. -1. 0.
-0.069 0.998 0. -148.441 0.998 0.069 0. 215.193 0. 0. -1. 0.
-0.084 0.996 0. -148.682 0.996 0.084 0. 217.412 0. 0. -1. 0.
-0.104 0.995 0. -148.783 0.995 0.104 0. 219.660 0. 0. -1. 0.
-0.125 0.992 0. -148.970 0.992 0.125 0. 221.663 0. 0. -1. 0.
-0.151 0.988 0. -149.309 0.988 0.151 0. 223.725 0. 0. -1. 0.
-0.184 0.983 0. -149.674 0.983 0.184 0. 225.917 0. 0. -1. 0.
-0.228 0.974 0. -149.952 0.974 0.228 0. 227.866 0. 0. -1. 0.
-0.265 0.964 0. -150.759 0.964 0.265 0. 229.847 0. 0. -1. 0.
-0.312 0.950 0. -151.163 0.950 0.312 0. 231.829 0. 0. -1. 0.
-0.354 0.935 0. -151.897 0.935 0.354 0. 233.742 0. 0. -1. 0.
-0.410 0.912 0. -152.530 0.912 0.410 0. 235.553 0. 0. -1. 0.
-0.469 0.883 0. -153.575 0.883 0.469 0. 237.358 0. 0. -1. 0.
-0.521 0.854 0. -154.567 0.854 0.521 0. 238.913 0. 0. -1. 0.
-0.578 0.816 0. -155.602 0.816 0.578 0. 240.553 0. 0. -1. 0.
-0.638 0.770 0. -156.756 0.770 0.638 0. 242.226 0. 0. -1. 0.
-0.701 0.713 0. -158.101 0.713 0.701 0. 243.580 0. 0. -1. 0.
-0.756 0.655 0. -159.699 0.655 0.756 0. 244.855 0. 0. -1. 0.
-0.803 0.596 0. -161.347 0.596 0.803 0. 246.035 0. 0. -1. 0.
-0.845 0.535 0. -163.073 0.535 0.845 0. 247.186 0. 0. -1. 0.
-0.875 0.484 0. -164.848 0.484 0.875 0. 248.217 0. 0. -1. 0.
-0.898 0.439 0. -166.555 0.439 0.898 0. 249.318 0. 0. -1. 0.
-0.914 0.406 0. -168.531 0.406 0.914 0. 250.252 0. 0. -1. 0.
-0.924 0.383 0. -170.525 0.383 0.924 0. 251.081 0. 0. -1. 0.
-0.931 0.364 0. -172.588 0.364 0.931 0. 251.883 0. 0. -1. 0.
-0.938 0.347 0. -174.614 0.347 0.938 0. 252.694 0. 0. -1. 0.
-0.940 0.340 0. -176.772 0.340 0.940 0. 253.524 0. 0. -1. 0.
-0.943 0.332 0. -178.916 0.332 0.943 0. 254.367 0. 0. -1. 0.
-0.946 0.325 0. -181.197 0.325 0.946 0. 255.182 0. 0. -1. 0.
-0.947 0.321 0. -183.372 0.321 0.947 0. 255.942 0. 0. -1. 0.
-0.948 0.319 0. -185.720 0.319 0.948 0. 256.733 0. 0. -1. 0.
-0.948 0.317 0. -187.932 0.317 0.948 0. 257.595 0. 0. -1. 0.
-0.948 0.319 0. -190.247 0.319 0.948 0. 258.425 0. 0. -1. 0.
-0.948 0.320 0. -192.591 0.320 0.948 0. 259.217 0. 0. -1. 0.
-0.948 0.317 0. -194.762 0.317 0.948 0. 260.052 0. 0. -1. 0.
-0.949 0.314 0. -197.272 0.314 0.949 0. 260.795 0. 0. -1. 0.
-0.947 0.323 0. -199.496 0.323 0.947 0. 261.608 0. 0. -1. 0.
-0.946 0.324 0. -201.638 0.324 0.946 0. 262.454 0. 0. -1. 0.
-0.945 0.327 0. -204.054 0.327 0.945 0. 263.327 0. 0. -1. 0.
-0.940 0.340 0. -206.287 0.340 0.940 0. 264.078 0. 0. -1. 0.
-0.939 0.344 0. -208.074 0.344 0.939 0. 264.828 0. 0. -1. 0.
-0.936 0.352 0. -210.273 0.352 0.936 0. 265.638 0. 0. -1. 0.
-0.928 0.372 0. -212.254 0.372 0.928 0. 266.434 0. 0. -1. 0.
-0.918 0.396 0. -213.875 0.396 0.918 0. 267.196 0. 0. -1. 0.
-0.909 0.417 0. -215.550 0.417 0.909 0. 267.971 0. 0. -1. 0.
-0.898 0.439 0. -217.250 0.439 0.898 0. 268.825 0. 0. -1. 0.
-0.886 0.464 0. -218.733 0.464 0.886 0. 269.673 0. 0. -1. 0.
-0.877 0.480 0. -220.109 0.480 0.877 0. 270.516 0. 0. -1. 0.
-0.871 0.490 0. -221.541 0.490 0.871 0. 271.322 0. 0. -1. 0.
-0.859 0.511 0. -222.813 0.511 0.859 0. 272.054 0. 0. -1. 0.
-0.860 0.510 0. -223.970 0.510 0.860 0. 272.832 0. 0. -1. 0.
-0.859 0.512 0. -225.083 0.512 0.859 0. 273.549 0. 0. -1. 0.
-0.859 0.513 0. -226.167 0.513 0.859 0. 274.152 0. 0. -1. 0.
-0.863 0.506 0. -227.089 0.506 0.863 0. 274.736 0. 0. -1. 0.
-0.862 0.507 0. -228.145 0.507 0.862 0. 275.295 0. 0. -1. 0.
-0.864 0.503 0. -228.961 0.503 0.864 0. 275.946 0. 0. -1. 0.
-0.861 0.508 0. -229.953 0.508 0.861 0. 276.412 0. 0. -1. 0.
-0.861 0.508 0. -230.646 0.508 0.861 0. 276.923 0. 0. -1. 0.
-0.859 0.513 0. -231.335 0.513 0.859 0. 277.293 0. 0. -1. 0.
-0.856 0.517 0. -232.008 0.517 0.856 0. 277.829 0. 0. -1. 0.
-0.853 0.522 0. -232.760 0.522 0.853 0. 278.243 0. 0. -1. 0.
-0.840 0.543 0. -233.562 0.543 0.840 0. 278.648 0. 0. -1. 0.
-0.822 0.570 0. -234.085 0.570 0.822 0. 279.097 0. 0. -1. 0.
-0.799 0.602 0. -234.761 0.602 0.799 0. 279.695 0. 0. -1. 0.
-0.771 0.636 0. -235.333 0.636 0.771 0. 280.257 0. 0. -1. 0.
-0.730 0.684 0. -236.051 0.684 0.730 0. 280.997 0. 0. -1. 0.
-0.681 0.732 0. -236.679 0.732 0.681 0. 281.574 0. 0. -1. 0.
-0.625 0.781 0. -237.296 0.781 0.625 0. 282.422 0. 0. -1. 0.
-0.561 0.828 0. -238.019 0.828 0.561 0. 283.306 0. 0. -1. 0.
-0.494 0.869 0. -238.471 0.869 0.494 0. 284.182 0. 0. -1. 0.
-0.424 0.906 0. -238.778 0.906 0.424 0. 285.409 0. 0. -1. 0.
-0.343 0.939 0. -239.380 0.939 0.343 0. 286.399 0. 0. -1. 0.
-0.279 0.960 0. -239.537 0.960 0.279 0. 287.559 0. 0. -1. 0.
-0.195 0.981 0. -239.837 0.981 0.195 0. 288.922 0. 0. -1. 0.
-0.110 0.994 0. -239.967 0.994 0.110 0. 290.274 0. 0. -1. 0.
-0.027 1.000 0. -239.977 1.000 0.027 0. 291.746 0. 0. -1. 0.
0.056 0.998 0. -239.776 0.998 -0.056 -0. 293.238 0. 0. -1. 0.
0.122 0.993 0. -239.520 0.993 -0.122 -0. 294.812 0. 0. -1. 0.
0.176 0.984 0. -239.249 0.984 -0.176 -0. 296.401 0. 0. -1. 0.
0.206 0.979 0. -238.823 0.979 -0.206 -0. 298.196 0. 0. -1. 0.
0.234 0.972 0. -238.334 0.972 -0.234 -0. 300.067 0. 0. -1. 0.
0.260 0.966 0. -237.766 0.966 -0.260 -0. 301.983 0. 0. -1. 0.
0.274 0.962 0. -237.289 0.962 -0.274 -0. 303.969 0. 0. -1. 0.
0.283 0.959 0. -236.568 0.959 -0.283 -0. 305.992 0. 0. -1. 0.
0.287 0.958 0. -235.926 0.958 -0.287 -0. 308.075 0. 0. -1. 0.
0.293 0.956 0. -235.104 0.956 -0.293 -0. 310.219 0. 0. -1. 0.
0.300 0.954 0. -234.533 0.954 -0.300 -0. 312.293 0. 0. -1. 0.
0.303 0.953 0. -233.832 0.953 -0.303 -0. 314.571 0. 0. -1. 0.
0.305 0.952 0. -232.952 0.952 -0.305 -0. 316.864 0. 0. -1. 0.
0.306 0.952 0. -232.130 0.952 -0.306 -0. 319.302 0. 0. -1. 0.
0.310 0.951 0. -231.387 0.951 -0.310 -0. 321.795 0. 0. -1. 0.
0.317 0.949 0. -230.432 0.949 -0.317 -0. 324.307 0. 0. -1. 0.
0.316 0.949 0. -229.439 0.949 -0.316 -0. 326.930 0. 0. -1. 0.
0.322 0.947 0. -228.536 0.947 -0.322 -0. 329.573 0. 0. -1. 0.
0.321 0.947 0. -227.466 0.947 -0.321 -0. 332.331 0. 0. -1. 0.
0.319 0.948 0. -226.415 0.948 -0.319 -0. 335.159 0. 0. -1. 0.
0.319 0.948 0. -225.401 0.948 -0.319 -0. 338.141 0. 0. -1. 0.
0.324 0.946 0. -224.359 0.946 -0.324 -0. 341.138 0. 0. -1. 0.
0.329 0.944 0. -223.258 0.944 -0.329 -0. 344.148 0. 0. -1. 0.
0.321 0.947 0. -222.100 0.947 -0.321 -0. 347.254 0. 0. -1. 0.
0.327 0.945 0. -221.048 0.945 -0.327 -0. 350.477 0. 0. -1. 0.
0.319 0.948 0. -219.826 0.948 -0.319 -0. 353.678 0. 0. -1. 0.
0.319 0.948 0. -218.688 0.948 -0.319 -0. 356.931 0. 0. -1. 0.
0.317 0.948 0. -217.504 0.948 -0.317 -0. 360.191 0. 0. -1. 0.
0.318 0.948 0. -216.311 0.948 -0.318 -0. 363.533 0. 0. -1. 0.
0.313 0.950 0. -215.183 0.950 -0.313 -0. 366.827 0. 0. -1. 0.
0.312 0.950 0. -213.933 0.950 -0.312 -0. 370.208 0. 0. -1. 0.
0.316 0.949 0. -212.880 0.949 -0.316 -0. 373.584 0. 0. -1. 0.
0.314 0.949 0. -211.595 0.949 -0.314 -0. 377.034 0. 0. -1. 0.
0.310 0.951 0. -210.479 0.951 -0.310 -0. 380.453 0. 0. -1. 0.
0.314 0.949 0. -209.332 0.949 -0.314 -0. 383.919 0. 0. -1. 0.
0.308 0.951 0. -208.089 0.951 -0.308 -0. 387.236 0. 0. -1. 0.
0.313 0.950 0. -206.871 0.950 -0.313 -0. 390.744 0. 0. -1. 0.
0.310 0.951 0. -205.682 0.951 -0.310 -0. 394.108 0. 0. -1. 0.
0.325 0.946 0. -204.481 0.946 -0.325 -0. 397.651 0. 0. -1. 0.
0.317 0.948 0. -203.122 0.948 -0.317 -0. 401.075 0. 0. -1. 0.
0.326 0.945 0. -201.962 0.945 -0.326 -0. 404.605 0. 0. -1. 0.
0.315 0.949 0. -200.590 0.949 -0.315 -0. 408.067 0. 0. -1. 0.
0.321 0.947 0. -199.394 0.947 -0.321 -0. 411.740 0. 0. -1. 0.
0.321 0.947 0. -198.095 0.947 -0.321 -0. 415.267 0. 0. -1. 0.
0.320 0.947 0. -196.886 0.947 -0.320 -0. 418.884 0. 0. -1. 0.
0.317 0.948 0. -195.535 0.948 -0.317 -0. 422.515 0. 0. -1. 0.
0.320 0.947 0. -194.344 0.947 -0.320 -0. 426.252 0. 0. -1. 0.
0.318 0.948 0. -192.986 0.948 -0.318 -0. 429.912 0. 0. -1. 0.
0.321 0.947 0. -191.743 0.947 -0.321 -0. 433.717 0. 0. -1. 0.
0.323 0.946 0. -190.316 0.946 -0.323 -0. 437.411 0. 0. -1. 0.
0.317 0.949 0. -188.939 0.949 -0.317 -0. 441.153 0. 0. -1. 0.
0.310 0.951 0. -187.620 0.951 -0.310 -0. 445.034 0. 0. -1. 0.
0.312 0.950 0. -186.340 0.950 -0.312 -0. 448.862 0. 0. -1. 0.
0.314 0.949 0. -185.117 0.949 -0.314 -0. 452.598 0. 0. -1. 0.
0.307 0.952 0. -183.761 0.952 -0.307 -0. 456.366 0. 0. -1. 0.
0.306 0.952 0. -182.329 0.952 -0.306 -0. 460.079 0. 0. -1. 0.
0.307 0.952 0. -181.105 0.952 -0.307 -0. 463.866 0. 0. -1. 0.
0.313 0.950 0. -179.771 0.950 -0.313 -0. 467.522 0. 0. -1. 0.
0.320 0.948 0. -178.549 0.948 -0.320 -0. 471.239 0. 0. -1. 0.
0.320 0.947 0. -177.277 0.947 -0.320 -0. 474.996 0. 0. -1. 0.
0.320 0.947 0. -175.938 0.947 -0.320 -0. 478.505 0. 0. -1. 0.
0.320 0.947 0. -174.667 0.947 -0.320 -0. 482.185 0. 0. -1. 0.
0.325 0.946 0. -173.362 0.946 -0.325 -0. 485.662 0. 0. -1. 0.
0.325 0.946 0. -172.048 0.946 -0.325 -0. 489.170 0. 0. -1. 0.
0.326 0.945 0. -170.856 0.945 -0.326 -0. 492.637 0. 0. -1. 0.
0.323 0.947 0. -169.493 0.947 -0.323 -0. 496.140 0. 0. -1. 0.
0.329 0.944 0. -168.345 0.944 -0.329 -0. 499.678 0. 0. -1. 0.
0.326 0.945 0. -167.005 0.945 -0.326 -0. 503.207 0. 0. -1. 0.
0.323 0.947 0. -165.818 0.947 -0.323 -0. 506.549 0. 0. -1. 0.
0.323 0.946 0. -164.636 0.946 -0.323 -0. 509.999 0. 0. -1. 0.
0.322 0.947 0. -163.424 0.947 -0.322 -0. 513.377 0. 0. -1. 0.
0.323 0.946 0. -162.147 0.946 -0.323 -0. 516.682 0. 0. -1. 0.
0.322 0.947 0. -160.987 0.947 -0.322 -0. 520.020 0. 0. -1. 0.
0.316 0.949 0. -159.701 0.949 -0.316 -0. 523.282 0. 0. -1. 0.
0.319 0.948 0. -158.734 0.948 -0.319 -0. 526.684 0. 0. -1. 0.
0.319 0.948 0. -157.659 0.948 -0.319 -0. 530.011 0. 0. -1. 0.
0.322 0.947 0. -156.383 0.947 -0.322 -0. 533.196 0. 0. -1. 0.
0.326 0.945 0. -155.245 0.945 -0.326 -0. 536.480 0. 0. -1. 0.
0.327 0.945 0. -154.078 0.945 -0.327 -0. 539.711 0. 0. -1. 0.
0.323 0.947 0. -152.934 0.947 -0.323 -0. 542.854 0. 0. -1. 0.
0.325 0.946 0. -151.833 0.946 -0.325 -0. 546.039 0. 0. -1. 0.
0.326 0.945 0. -150.580 0.945 -0.326 -0. 549.105 0. 0. -1. 0.
0.324 0.946 0. -149.494 0.946 -0.324 -0. 552.306 0. 0. -1. 0.
0.323 0.946 0. -148.396 0.946 -0.323 -0. 555.390 0. 0. -1. 0.
0.325 0.946 0. -147.433 0.946 -0.325 -0. 558.558 0. 0. -1. 0.
0.326 0.945 0. -146.377 0.945 -0.326 -0. 561.641 0. 0. -1. 0.
0.322 0.947 0. -145.295 0.947 -0.322 -0. 564.605 0. 0. -1. 0.
0.313 0.950 0. -144.187 0.950 -0.313 -0. 567.392 0. 0. -1. 0.
0.311 0.950 0. -143.251 0.950 -0.311 -0. 570.148 0. 0. -1. 0.
0.303 0.953 0. -142.338 0.953 -0.303 -0. 572.862 0. 0. -1. 0.
0.286 0.958 0. -141.416 0.958 -0.286 -0. 575.449 0. 0. -1. 0.
0.277 0.961 0. -140.741 0.961 -0.277 -0. 578.123 0. 0. -1. 0.
0.275 0.961 0. -139.934 0.961 -0.275 -0. 580.611 0. 0. -1. 0.
0.273 0.962 0. -139.192 0.962 -0.273 -0. 583.049 0. 0. -1. 0.
0.267 0.964 0. -138.368 0.964 -0.267 -0. 585.360 0. 0. -1. 0.
0.267 0.964 0. -137.803 0.964 -0.267 -0. 587.789 0. 0. -1. 0.
0.268 0.963 0. -137.146 0.963 -0.268 -0. 589.897 0. 0. -1. 0.
0.268 0.964 0. -136.490 0.964 -0.268 -0. 592.112 0. 0. -1. 0.
0.253 0.968 0. -135.865 0.968 -0.253 -0. 594.046 0. 0. -1. 0.
0.259 0.966 0. -135.372 0.966 -0.259 -0. 596.170 0. 0. -1. 0.
0.255 0.967 0. -134.916 0.967 -0.255 -0. 597.909 0. 0. -1. 0.
0.244 0.970 0. -134.384 0.970 -0.244 -0. 599.926 0. 0. -1. 0.
0.238 0.971 0. -133.960 0.971 -0.238 -0. 601.517 0. 0. -1. 0.
0.232 0.973 0. -133.529 0.973 -0.232 -0. 603.143 0. 0. -1. 0.
0.233 0.972 0. -133.093 0.972 -0.233 -0. 604.653 0. 0. -1. 0.
0.232 0.973 0. -132.780 0.973 -0.232 -0. 605.910 0. 0. -1. 0.
0.233 0.972 0. -132.493 0.972 -0.233 -0. 607.252 0. 0. -1. 0.
0.226 0.974 0. -132.244 0.974 -0.226 -0. 608.318 0. 0. -1. 0.
0.227 0.974 0. -131.926 0.974 -0.227 -0. 609.354 0. 0. -1. 0.
0.231 0.973 0. -131.673 0.973 -0.231 -0. 610.159 0. 0. -1. 0.
0.222 0.975 0. -131.528 0.975 -0.222 -0. 611.102 0. 0. -1. 0.
0.222 0.975 0. -131.210 0.975 -0.222 -0. 611.906 0. 0. -1. 0.
0.225 0.974 0. -131.104 0.974 -0.225 -0. 612.541 0. 0. -1. 0.
0.223 0.975 0. -130.948 0.975 -0.223 -0. 613.256 0. 0. -1. 0.
0.225 0.974 0. -130.853 0.974 -0.225 -0. 613.689 0. 0. -1. 0.
0.229 0.974 0. -130.735 0.974 -0.229 -0. 614.194 0. 0. -1. 0.
0.228 0.974 0. -130.566 0.974 -0.228 -0. 614.530 0. 0. -1. 0.
0.229 0.973 0. -130.564 0.973 -0.229 -0. 614.894 0. 0. -1. 0.
0.229 0.973 0. -130.480 0.973 -0.229 -0. 615.133 0. 0. -1. 0.
0.234 0.972 0. -130.487 0.972 -0.234 -0. 615.351 0. 0. -1. 0.
0.227 0.974 0. -130.391 0.974 -0.227 -0. 615.432 0. 0. -1. 0.
0.230 0.973 0. -130.425 0.973 -0.230 -0. 615.602 0. 0. -1. 0.
0.227 0.974 0. -130.358 0.974 -0.227 -0. 615.602 0. 0. -1. 0.
0.233 0.972 0. -130.430 0.972 -0.233 -0. 615.616 0. 0. -1. 0.
0.229 0.974 0. -130.374 0.974 -0.229 -0. 615.675 0. 0. -1. 0.
0.227 0.974 0. -130.406 0.974 -0.227 -0. 615.610 0. 0. -1. 0.
0.226 0.974 0. -130.410 0.974 -0.226 -0. 615.648 0. 0. -1. 0.
0.227 0.974 0. -130.430 0.974 -0.227 -0. 615.639 0. 0. -1. 0.
0.232 0.973 0. -130.410 0.973 -0.232 -0. 615.669 0. 0. -1. 0.
0.227 0.974 0. -130.354 0.974 -0.227 -0. 615.584 0. 0. -1. 0.
0.232 0.973 0. -130.400 0.973 -0.232 -0. 615.701 0. 0. -1. 0.
0.225 0.974 0. -130.337 0.974 -0.225 -0. 615.574 0. 0. -1. 0.
0.227 0.974 0. -130.410 0.974 -0.227 -0. 615.655 0. 0. -1. 0.
0.227 0.974 0. -130.384 0.974 -0.227 -0. 615.604 0. 0. -1. 0.
0.227 0.974 0. -130.436 0.974 -0.227 -0. 615.632 0. 0. -1. 0.
0.229 0.973 0. -130.481 0.973 -0.229 -0. 615.653 0. 0. -1. 0.
0.228 0.974 0. -130.422 0.974 -0.228 -0. 615.668 0. 0. -1. 0.
0.226 0.974 0. -130.419 0.974 -0.226 -0. 615.624 0. 0. -1. 0.
0.225 0.974 0. -130.411 0.974 -0.225 -0. 615.659 0. 0. -1. 0.
0.230 0.973 0. -130.429 0.973 -0.230 -0. 615.658 0. 0. -1. 0.
0.231 0.973 0. -130.395 0.973 -0.231 -0. 615.631 0. 0. -1. 0.
0.231 0.973 0. -130.286 0.973 -0.231 -0. 615.644 0. 0. -1. 0.
0.226 0.974 0. -130.330 0.974 -0.226 -0. 615.629 0. 0. -1. 0.
0.232 0.973 0. -130.397 0.973 -0.232 -0. 615.699 0. 0. -1. 0.
0.226 0.974 0. -130.408 0.974 -0.226 -0. 615.613 0. 0. -1. 0.
0.228 0.974 0. -130.305 0.974 -0.228 -0. 615.721 0. 0. -1. 0.
0.227 0.974 0. -130.424 0.974 -0.227 -0. 615.619 0. 0. -1. 0.
0.233 0.973 0. -130.470 0.973 -0.233 -0. 615.661 0. 0. -1. 0.
0.229 0.973 0. -130.440 0.973 -0.229 -0. 615.601 0. 0. -1. 0.
0.228 0.974 0. -130.432 0.974 -0.228 -0. 615.671 0. 0. -1. 0.
0.229 0.973 0. -130.408 0.973 -0.229 -0. 615.630 0. 0. -1. 0.
0.234 0.972 0. -130.398 0.972 -0.234 -0. 615.681 0. 0. -1. 0.
0.231 0.973 0. -130.404 0.973 -0.231 -0. 615.666 0. 0. -1. 0.
0.230 0.973 0. -130.375 0.973 -0.230 -0. 615.709 0. 0. -1. 0.
0.234 0.972 0. -130.428 0.972 -0.234 -0. 615.645 0. 0. -1. 0.
0.233 0.973 0. -130.465 0.973 -0.233 -0. 615.625 0. 0. -1. 0.
0.228 0.974 0. -130.449 0.974 -0.228 -0. 615.619 0. 0. -1. 0.
0.227 0.974 0. -130.273 0.974 -0.227 -0. 615.797 0. 0. -1. 0.
0.231 0.973 0. -130.307 0.973 -0.231 -0. 615.645 0. 0. -1. 0.
0.235 0.972 0. -130.410 0.972 -0.235 -0. 615.646 0. 0. -1. 0.
0.235 0.972 0. -130.415 0.972 -0.235 -0. 615.642 0. 0. -1. 0.
0.234 0.972 0. -130.341 0.972 -0.234 -0. 615.607 0. 0. -1. 0.
0.226 0.974 0. -130.436 0.974 -0.226 -0. 615.675 0. 0. -1. 0.
0.229 0.973 0. -130.403 0.973 -0.229 -0. 615.745 0. 0. -1. 0.
0.228 0.974 0. -130.328 0.974 -0.228 -0. 615.665 0. 0. -1. 0.
0.233 0.972 0. -130.377 0.972 -0.233 -0. 615.668 0. 0. -1. 0.
0.236 0.972 0. -130.354 0.972 -0.236 -0. 615.659 0. 0. -1. 0.
0.233 0.972 0. -130.334 0.972 -0.233 -0. 615.646 0. 0. -1. 0.
0.231 0.973 0. -130.464 0.973 -0.231 -0. 615.668 0. 0. -1. 0.
0.226 0.974 0. -130.368 0.974 -0.226 -0. 615.752 0. 0. -1. 0.
0.232 0.973 0. -130.371 0.973 -0.232 -0. 615.683 0. 0. -1. 0.
0.234 0.972 0. -130.372 0.972 -0.234 -0. 615.642 0. 0. -1. 0.
0.232 0.973 0. -130.386 0.973 -0.232 -0. 615.673 0. 0. -1. 0.
0.233 0.972 0. -130.389 0.972 -0.233 -0. 615.677 0. 0. -1. 0.
0.228 0.974 0. -130.360 0.974 -0.228 -0. 615.695 0. 0. -1. 0.
0.234 0.972 0. -130.364 0.972 -0.234 -0. 615.729 0. 0. -1. 0.
0.228 0.974 0. -130.413 0.974 -0.228 -0. 615.674 0. 0. -1. 0.
0.232 0.973 0. -130.410 0.973 -0.232 -0. 615.689 0. 0. -1. 0.
0.232 0.973 0. -130.443 0.973 -0.232 -0. 615.643 0. 0. -1. 0.
0.232 0.973 0. -130.434 0.973 -0.232 -0. 615.639 0. 0. -1. 0.
0.231 0.973 0. -130.389 0.973 -0.231 -0. 615.645 0. 0. -1. 0.
0.229 0.974 0. -130.416 0.974 -0.229 -0. 615.586 0. 0. -1. 0.
0.224 0.975 0. -130.384 0.975 -0.224 -0. 615.678 0. 0. -1. 0.
0.228 0.974 0. -130.407 0.974 -0.228 -0. 615.667 0. 0. -1. 0.
0.234 0.972 0. -130.436 0.972 -0.234 -0. 615.657 0. 0. -1. 0.
0.231 0.973 0. -130.206 0.973 -0.231 -0. 615.710 0. 0. -1. 0.
0.225 0.974 0. -130.388 0.974 -0.225 -0. 615.679 0. 0. -1. 0.
0.229 0.974 0. -130.324 0.974 -0.229 -0. 615.701 0. 0. -1. 0.
0.236 0.972 0. -130.421 0.972 -0.236 -0. 615.620 0. 0. -1. 0.
