1. 0. 0. 0. 0. -1. -0. 0. 0. 0. -1. 0.
1. -0.000 -0. -0.001 -0.000 -1. -0. -0.023 0. 0. -1. 0.
1. -0.000 -0. -0.009 -0.000 -1. -0. -0.017 0. 0. -1. 0.
1. 0.001 0. -0.005 0.001 -1. -0. -0.012 0. 0. -1. 0.
1. 0.001 0. -0.002 0.001 -1. -0. -0.016 0. 0. -1. 0.
1. -0.000 -0. -0.017 -0.000 -1. -0. -0.018 0. 0. -1. 0.
1. 0.001 0. -0.018 0.001 -1. -0. -0.030 0. 0. -1. 0.
1. 0.002 0. -0.005 0.002 -1. -0. -0.010 0. 0. -1. 0.
1. 0.002 0. -0.012 0.002 -1. -0. -0.037 0. 0. -1. 0.
1. 0.002 0. 0.014 0.002 -1. -0. -0.014 0. 0. -1. 0.
1. -0.001 -0. -0.007 -0.001 -1. -0. -0.030 0. 0. -1. 0.
1. -0.005 -0. -0.001 -0.005 -1. -0. -0.023 0. 0. -1. 0.
1. 0.002 0. -0.006 0.002 -1. -0. -0.013 0. 0. -1. 0.
1. -0.001 -0. 0.012 -0.001 -1. -0. -0.001 0. 0. -1. 0.
1. -0.005 -0. -0.020 -0.005 -1. -0. -0.043 0. 0. -1. 0.
1. -0.004 -0. -0.028 -0.004 -1. -0. -0.054 0. 0. -1. 0.
1. -0.006 -0. -0.024 -0.006 -1. -0. -0.021 0. 0. -1. 0.
1. -0.004 -0. -0.026 -0.004 -1. -0. -0.016 0. 0. -1. 0.
1. -0.001 -0. -0.017 -0.001 -1. -0. -0.014 0. 0. -1. 0.
1. 0.002 0. -0.001 0.002 -1. -0. -0.030 0. 0. -1. 0.
1. 0.005 0. -0.004 0.005 -1. -0. -0.010 0. 0. -1. 0.
1. 0.004 0. -0.008 0.004 -1. -0. -0.011 0. 0. -1. 0.
1. 0.001 0. -0.001 0.001 -1. -0. -0.002 0. 0. -1. 0.
1. -0.004 -0. -0.012 -0.004 -1. -0. -0.018 0. 0. -1. 0.
1. -0.007 -0. -0.024 -0.007 -1. -0. -0.021 0. 0. -1. 0.
1. -0.003 -0. -0.018 -0.003 -1. -0. -0.022 0. 0. -1. 0.
1. -0.004 -0. -0.001 -0.004 -1. -0. -0.008 0. 0. -1. 0.
1. -0.007 -0. -0.018 -0.007 -1. -0. -0.017 0. 0. -1. 0.
1. -0.005 -0. -0.024 -0.005 -1. -0. -0.021 0. 0. -1. 0.
1. -0.006 -0. -0.017 -0.006 -1. -0. -0.006 0. 0. -1. 0.
1. -0.006 -0. -0.020 -0.006 -1. -0. -0.020 0. 0. -1. 0.
1. -0.007 -0. 0.018 -0.007 -1. -0. -0.042 0. 0. -1. 0.
1. 0.002 0. 0.002 0.002 -1. -0. -0.017 0. 0. -1. 0.
1. 0.000 0. 0.018 0.000 -1. -0. 0.007 0. 0. -1. 0.
1. -0.001 -0. -0.003 -0.001 -1. -0. -0.029 0. 0. -1. 0.
1. -0.002 -0. 0.007 -0.002 -1. -0. -0.027 0. 0. -1. 0.
1. -0.005 -0. 0.005 -0.005 -1. -0. -0.056 0. 0. -1. 0.
1. -0.001 -0. 0.065 -0.001 -1. -0. 0.002 0. 0. -1. 0.
1. -0.005 -0. 0.179 -0.005 -1. -0. 0.027 0. 0. -1. 0.
1.000 -0.015 -0. 0.312 -0.015 -1.000 -0. -0.014 0. 0. -1. 0.
0.999 -0.037 -0. 0.515 -0.037 -0.999 -0. -0.061 0. 0. -1. 0.
0.998 -0.067 -0. 0.912 -0.067 -0.998 -0. -0.152 0. 0. -1. 0.
0.995 -0.098 -0. 1.392 -0.098 -0.995 -0. -0.147 0. 0. -1. 0.
0.990 -0.139 -0. 1.932 -0.139 -0.990 -0. -0.272 0. 0. -1. 0.
0.989 -0.151 -0. 2.613 -0.151 -0.989 -0. -0.333 0. 0. -1. 0.
0.984 -0.177 -0. 3.372 -0.177 -0.984 -0. -0.536 0. 0. -1. 0.
0.984 -0.177 -0. 4.224 -0.177 -0.984 -0. -0.749 0. 0. -1. 0.
0.982 -0.190 -0. 5.171 -0.190 -0.982 -0. -0.912 0. 0. -1. 0.
0.984 -0.179 -0. 6.148 -0.179 -0.984 -0. -1.135 0. 0. -1. 0.
0.984 -0.181 -0. 7.248 -0.181 -0.984 -0. -1.302 0. 0. -1. 0.
0.985 -0.174 -0. 8.374 -0.174 -0.985 -0. -1.562 0. 0. -1. 0.
0.986 -0.166 -0. 9.666 -0.166 -0.986 -0. -1.814 0. 0. -1. 0.
0.988 -0.157 -0. 10.798 -0.157 -0.988 -0. -2.083 0. 0. -1. 0.
0.991 -0.133 -0. 12.213 -0.133 -0.991 -0. -2.274 0. 0. -1. 0.
0.993 -0.117 -0. 13.590 -0.117 -0.993 -0. -2.392 0. 0. -1. 0.
0.995 -0.104 -0. 14.962 -0.104 -0.995 -0. -2.632 0. 0. -1. 0.
0.996 -0.091 -0. 16.497 -0.091 -0.996 -0. -2.670 0. 0. -1. 0.
0.997 -0.071 -0. 18.043 -0.071 -0.997 -0. -2.832 0. 0. -1. 0.
0.998 -0.061 -0. 19.649 -0.061 -0.998 -0. -2.859 0. 0. -1. 0.
0.999 -0.049 -0. 21.322 -0.049 -0.999 -0. -3.157 0. 0. -1. 0.
0.999 -0.044 -0. 23.050 -0.044 -0.999 -0. -3.133 0. 0. -1. 0.
0.999 -0.042 -0. 24.724 -0.042 -0.999 -0. -3.227 0. 0. -1. 0.
0.999 -0.034 -0. 26.498 -0.034 -0.999 -0. -3.345 0. 0. -1. 0.
1.000 -0.019 -0. 28.320 -0.019 -1.000 -0. -3.396 0. 0. -1. 0.
1. -0.006 -0. 30.142 -0.006 -1. -0. -3.459 0. 0. -1. 0.
1. 0.014 0. 31.942 0.014 -1. -0. -3.440 0. 0. -1. 0.
1.000 0.030 0. 33.685 0.030 -1.000 -0. -3.401 0. 0. -1. 0.
0.999 0.041 0. 35.491 0.041 -0.999 -0. -3.427 0. 0. -1. 0.
0.999 0.049 0. 37.102 0.049 -0.999 -0. -3.362 0. 0. -1. 0.
0.998 0.067 0. 38.777 0.067 -0.998 -0. -3.089 0. 0. -1. 0.
0.997 0.074 0. 40.386 0.074 -0.997 -0. -3.086 0. 0. -1. 0.
0.997 0.075 0. 41.997 0.075 -0.997 -0. -3.067 0. 0. -1. 0.
0.997 0.083 0. 43.507 0.083 -0.997 -0. -2.905 0. 0. -1. 0.
0.997 0.081 0. 45.171 0.081 -0.997 -0. -2.811 0. 0. -1. 0.
0.996 0.086 0. 46.710 0.086 -0.996 -0. -2.780 0. 0. -1. 0.
0.997 0.083 0. 48.301 0.083 -0.997 -0. -2.694 0. 0. -1. 0.
0.997 0.082 0. 49.958 0.082 -0.997 -0. -2.556 0. 0. -1. 0.
0.998 0.066 0. 51.505 0.066 -0.998 -0. -2.402 0. 0. -1. 0.
0.998 0.056 0. 53.172 0.056 -0.998 -0. -2.319 0. 0. -1. 0.
0.999 0.045 0. 54.773 0.045 -0.999 -0. -2.364 0. 0. -1. 0.
0.999 0.037 0. 56.496 0.037 -0.999 -0. -2.278 0. 0. -1. 0.
0.999 0.036 0. 58.245 0.036 -0.999 -0. -2.268 0. 0. -1. 0.
1.000 0.030 0. 60.074 0.030 -1.000 -0. -2.257 0. 0. -1. 0.
1.000 0.021 0. 61.849 0.021 -1.000 -0. -2.209 0. 0. -1. 0.
1.000 0.027 0. 63.727 0.027 -1.000 -0. -2.225 0. 0. -1. 0.
1.000 0.018 0. 65.641 0.018 -1.000 -0. -2.179 0. 0. -1. 0.
1.000 0.026 0. 67.562 0.026 -1.000 -0. -2.184 0. 0. -1. 0.
1.000 0.022 0. 69.550 0.022 -1.000 -0. -2.021 0. 0. -1. 0.
1.000 0.025 0. 71.515 0.025 -1.000 -0. -1.983 0. 0. -1. 0.
1.000 0.025 0. 73.496 0.025 -1.000 -0. -2.081 0. 0. -1. 0.
1.000 0.017 0. 75.605 0.017 -1.000 -0. -1.918 0. 0. -1. 0.
1.000 0.017 0. 77.573 0.017 -1.000 -0. -1.884 0. 0. -1. 0.
1. 0.004 0. 79.699 0.004 -1. -0. -1.960 0. 0. -1. 0.
1.000 -0.017 -0. 81.682 -0.017 -1.000 -0. -1.964 0. 0. -1. 0.
0.999 -0.038 -0. 83.741 -0.038 -0.999 -0. -2.134 0. 0. -1. 0.
0.998 -0.069 -0. 85.760 -0.069 -0.998 -0. -2.274 0. 0. -1. 0.
0.993 -0.115 -0. 87.761 -0.115 -0.993 -0. -2.471 0. 0. -1. 0.
0.989 -0.149 -0. 89.716 -0.149 -0.989 -0. -2.814 0. 0. -1. 0.
0.980 -0.198 -0. 91.749 -0.198 -0.980 -0. -3.199 0. 0. -1. 0.
0.969 -0.249 -0. 93.718 -0.249 -0.969 -0. -3.692 0. 0. -1. 0.
0.954 -0.300 -0. 95.485 -0.300 -0.954 -0. -4.334 0. 0. -1. 0.
0.932 -0.363 -0. 97.373 -0.363 -0.932 -0. -5.013 0. 0. -1. 0.
0.907 -0.422 -0. 99.296 -0.422 -0.907 -0. -5.773 0. 0. -1. 0.
0.876 -0.482 -0. 100.938 -0.482 -0.876 -0. -6.713 0. 0. -1. 0.
0.843 -0.537 -0. 102.567 -0.537 -0.843 -0. -7.832 0. 0. -1. 0.
0.805 -0.594 -0. 104.133 -0.594 -0.805 -0. -8.917 0. 0. -1. 0.
0.772 -0.635 -0. 105.701 -0.635 -0.772 -0. -10.302 0. 0. -1. 0.
0.734 -0.679 -0. 107.132 -0.679 -0.734 -0. -11.595 0. 0. -1. 0.
0.692 -0.722 -0. 108.458 -0.722 -0.692 -0. -12.963 0. 0. -1. 0.
0.639 -0.769 -0. 109.794 -0.769 -0.639 -0. -14.291 0. 0. -1. 0.
0.589 -0.808 -0. 110.787 -0.808 -0.589 -0. -15.904 0. 0. -1. 0.
0.532 -0.847 -0. 111.661 -0.847 -0.532 -0. -17.584 0. 0. -1. 0.
0.480 -0.877 -0. 112.500 -0.877 -0.480 -0. -19.270 0. 0. -1. 0.
0.440 -0.898 -0. 113.248 -0.898 -0.440 -0. -21.056 0. 0. -1. 0.
0.415 -0.910 -0. 114.145 -0.910 -0.415 -0. -22.802 0. 0. -1. 0.
0.393 -0.920 -0. 115.016 -0.920 -0.393 -0. -24.521 0. 0. -1. 0.
0.389 -0.921 -0. 115.539 -0.921 -0.389 -0. -26.462 0. 0. -1. 0.
0.390 -0.921 -0. 116.483 -0.921 -0.390 -0. -28.289 0. 0. -1. 0.
0.391 -0.920 -0. 117.219 -0.920 -0.391 -0. -30.196 0. 0. -1. 0.
0.397 -0.918 -0. 118.140 -0.918 -0.397 -0. -32.101 0. 0. -1. 0.
0.407 -0.913 -0. 119.068 -0.913 -0.407 -0. -34.024 0. 0. -1. 0.
0.419 -0.908 -0. 119.978 -0.908 -0.419 -0. -35.983 0. 0. -1. 0.
0.435 -0.900 -0. 120.754 -0.900 -0.435 -0. -37.984 0. 0. -1. 0.
0.449 -0.893 -0. 121.720 -0.893 -0.449 -0. -40.006 0. 0. -1. 0.
0.460 -0.888 -0. 122.671 -0.888 -0.460 -0. -41.899 0. 0. -1. 0.
0.472 -0.882 -0. 123.697 -0.882 -0.472 -0. -43.795 0. 0. -1. 0.
0.485 -0.875 -0. 124.650 -0.875 -0.485 -0. -45.681 0. 0. -1. 0.
0.497 -0.868 -0. 125.634 -0.868 -0.497 -0. -47.638 0. 0. -1. 0.
0.506 -0.863 -0. 126.741 -0.863 -0.506 -0. -49.444 0. 0. -1. 0.
0.512 -0.859 -0. 127.702 -0.859 -0.512 -0. -51.235 0. 0. -1. 0.
0.516 -0.857 -0. 128.831 -0.857 -0.516 -0. -53.009 0. 0. -1. 0.
0.525 -0.851 -0. 129.831 -0.851 -0.525 -0. -54.787 0. 0. -1. 0.
0.528 -0.849 -0. 130.761 -0.849 -0.528 -0. -56.631 0. 0. -1. 0.
0.526 -0.850 -0. 132.066 -0.850 -0.526 -0. -58.284 0. 0. -1. 0.
0.542 -0.840 -0. 132.851 -0.840 -0.542 -0. -59.935 0. 0. -1. 0.
0.548 -0.837 -0. 134.007 -0.837 -0.548 -0. -61.528 0. 0. -1. 0.
0.561 -0.828 -0. 135.061 -0.828 -0.561 -0. -63.091 0. 0. -1. 0.
0.573 -0.819 -0. 136.052 -0.819 -0.573 -0. -64.563 0. 0. -1. 0.
0.587 -0.809 -0. 137.113 -0.809 -0.587 -0. -65.972 0. 0. -1. 0.
0.604 -0.797 -0. 138.121 -0.797 -0.604 -0. -67.278 0. 0. -1. 0.
0.627 -0.779 -0. 139.126 -0.779 -0.627 -0. -68.506 0. 0. -1. 0.
0.667 -0.745 -0. 140.145 -0.745 -0.667 -0. -69.697 0. 0. -1. 0.
0.703 -0.711 -0. 141.195 -0.711 -0.703 -0. -70.825 0. 0. -1. 0.
0.749 -0.662 -0. 142.240 -0.662 -0.749 -0. -71.740 0. 0. -1. 0.
0.805 -0.593 -0. 143.320 -0.593 -0.805 -0. -72.685 0. 0. -1. 0.
0.855 -0.518 -0. 144.438 -0.518 -0.855 -0. -73.444 0. 0. -1. 0.
0.907 -0.421 -0. 145.640 -0.421 -0.907 -0. -74.009 0. 0. -1. 0.
0.947 -0.321 -0. 146.767 -0.321 -0.947 -0. -74.448 0. 0. -1. 0.
0.980 -0.199 -0. 147.952 -0.199 -0.980 -0. -74.657 0. 0. -1. 0.
0.998 -0.064 -0. 149.103 -0.064 -0.998 -0. -74.795 0. 0. -1. 0.
0.997 0.082 0. 150.214 0.082 -0.997 -0. -74.657 0. 0. -1. 0.
0.968 0.251 0. 151.299 0.251 -0.968 -0. -74.332 0. 0. -1. 0.
0.916 0.401 0. 152.291 0.401 -0.916 -0. -73.842 0. 0. -1. 0.
0.838 0.546 0. 153.130 0.546 -0.838 -0. -73.290 0. 0. -1. 0.
0.726 0.688 0. 153.834 0.688 -0.726 -0. -72.551 0. 0. -1. 0.
0.592 0.806 0. 154.452 0.806 -0.592 -0. -71.680 0. 0. -1. 0.
0.441 0.897 0. 154.888 0.897 -0.441 -0. -70.812 0. 0. -1. 0.
0.275 0.961 0. 155.130 0.961 -0.275 -0. -69.810 0. 0. -1. 0.
0.096 0.995 0. 155.204 0.995 -0.096 -0. -68.781 0. 0. -1. 0.
-0.092 0.996 0. 155.060 0.996 0.092 0. -67.731 0. 0. -1. 0.
-0.278 0.961 0. 154.759 0.961 0.278 0. -66.507 0. 0. -1. 0.
-0.451 0.893 0. 154.290 0.893 0.451 0. -65.628 0. 0. -1. 0.
-0.599 0.801 0. 153.320 0.801 0.599 0. -64.654 0. 0. -1. 0.
-0.715 0.699 0. 152.471 0.699 0.715 0. -63.791 0. 0. -1. 0.
-0.797 0.604 0. 151.450 0.604 0.797 0. -62.981 0. 0. -1. 0.
-0.849 0.528 0. 150.349 0.528 0.849 0. -62.319 0. 0. -1. 0.
-0.883 0.469 0. 149.070 0.469 0.883 0. -61.635 0. 0. -1. 0.
-0.906 0.424 0. 147.902 0.424 0.906 0. -61.107 0. 0. -1. 0.
-0.919 0.394 0. 146.539 0.394 0.919 0. -60.445 0. 0. -1. 0.
-0.927 0.375 0. 145.069 0.375 0.927 0. -59.917 0. 0. -1. 0.
-0.931 0.366 0. 143.592 0.366 0.931 0. -59.318 0. 0. -1. 0.
-0.929 0.369 0. 142.065 0.369 0.929 0. -58.776 0. 0. -1. 0.
-0.922 0.387 0. 140.566 0.387 0.922 0. -58.162 0. 0. -1. 0.
-0.910 0.415 0. 139.011 0.415 0.910 0. -57.327 0. 0. -1. 0.
-0.892 0.452 0. 137.533 0.452 0.892 0. -56.530 0. 0. -1. 0.
-0.871 0.491 0. 136.113 0.491 0.871 0. -55.688 0. 0. -1. 0.
-0.841 0.541 0. 134.570 0.541 0.841 0. -54.831 0. 0. -1. 0.
-0.811 0.585 0. 133.175 0.585 0.811 0. -53.744 0. 0. -1. 0.
-0.778 0.628 0. 131.779 0.628 0.778 0. -52.523 0. 0. -1. 0.
-0.742 0.670 0. 130.422 0.670 0.742 0. -51.271 0. 0. -1. 0.
-0.696 0.718 0. 129.064 0.718 0.696 0. -49.940 0. 0. -1. 0.
-0.658 0.753 0. 127.885 0.753 0.658 0. -48.326 0. 0. -1. 0.
-0.616 0.788 0. 126.597 0.788 0.616 0. -46.823 0. 0. -1. 0.
-0.571 0.821 0. 125.536 0.821 0.571 0. -45.180 0. 0. -1. 0.
-0.520 0.854 0. 124.481 0.854 0.520 0. -43.525 0. 0. -1. 0.
-0.477 0.879 0. 123.585 0.879 0.477 0. -41.777 0. 0. -1. 0.
-0.433 0.901 0. 122.597 0.901 0.433 0. -39.904 0. 0. -1. 0.
-0.409 0.913 0. 121.975 0.913 0.409 0. -38.045 0. 0. -1. 0.
-0.378 0.926 0. 121.155 0.926 0.378 0. -36.116 0. 0. -1. 0.
-0.353 0.936 0. 120.463 0.936 0.353 0. -34.142 0. 0. -1. 0.
-0.343 0.939 0. 119.732 0.939 0.343 0. -32.186 0. 0. -1. 0.
-0.333 0.943 0. 119.302 0.943 0.333 0. -30.180 0. 0. -1. 0.
-0.330 0.944 0. 118.401 0.944 0.330 0. -28.133 0. 0. -1. 0.
-0.338 0.941 0. 117.582 0.941 0.338 0. -26.108 0. 0. -1. 0.
-0.349 0.937 0. 116.889 0.937 0.349 0. -24.094 0. 0. -1. 0.
-0.379 0.926 0. 116.285 0.926 0.379 0. -22.051 0. 0. -1. 0.
-0.412 0.911 0. 115.395 0.911 0.412 0. -20.063 0. 0. -1. 0.
-0.455 0.890 0. 114.556 0.890 0.455 0. -18.075 0. 0. -1. 0.
-0.501 0.866 0. 113.524 0.866 0.501 0. -16.179 0. 0. -1. 0.
-0.551 0.834 0. 112.343 0.834 0.551 0. -14.409 0. 0. -1. 0.
-0.608 0.794 0. 111.258 0.794 0.608 0. -12.687 0. 0. -1. 0.
-0.662 0.750 0. 109.949 0.750 0.662 0. -11.015 0. 0. -1. 0.
-0.711 0.704 0. 108.617 0.704 0.711 0. -9.408 0. 0. -1. 0.
-0.762 0.648 0. 107.008 0.648 0.762 0. -8.119 0. 0. -1. 0.
-0.808 0.589 0. 105.444 0.589 0.808 0. -6.743 0. 0. -1. 0.
-0.849 0.529 0. 103.581 0.529 0.849 0. -5.522 0. 0. -1. 0.
-0.886 0.464 0. 101.862 0.464 0.886 0. -4.570 0. 0. -1. 0.
-0.917 0.398 0. 99.847 0.398 0.917 0. -3.739 0. 0. -1. 0.
-0.942 0.335 0. 97.924 0.335 0.942 0. -3.026 0. 0. -1. 0.
-0.961 0.278 0. 95.938 0.278 0.961 0. -2.318 0. 0. -1. 0.
-0.974 0.224 0. 93.938 0.224 0.974 0. -1.772 0. 0. -1. 0.
-0.985 0.172 0. 91.842 0.172 0.985 0. -1.371 0. 0. -1. 0.
-0.992 0.125 0. 89.663 0.125 0.992 0. -1.132 0. 0. -1. 0.
-0.997 0.083 0. 87.595 0.083 0.997 0. -0.887 0. 0. -1. 0.
-0.999 0.051 0. 85.440 0.051 0.999 0. -0.764 0. 0. -1. 0.
-1.000 0.030 0. 83.276 0.030 1.000 0. -0.676 0. 0. -1. 0.
-1.000 0.027 0. 81.199 0.027 1.000 0. -0.696 0. 0. -1. 0.
-1.000 0.015 0. 78.913 0.015 1.000 0. -0.555 0. 0. -1. 0.
-1. 0.009 0. 76.805 0.009 1. 0. -0.502 0. 0. -1. 0.
-1.000 0.017 0. 74.741 0.017 1.000 0. -0.407 0. 0. -1. 0.
-1.000 0.015 0. 72.638 0.015 1.000 0. -0.257 0. 0. -1. 0.
-1. 0.008 0. 70.579 0.008 1. 0. -0.315 0. 0. -1. 0.
-1. 0.009 0. 68.500 0.009 1. 0. -0.273 0. 0. -1. 0.
-1. 0.005 0. 66.574 0.005 1. 0. -0.174 0. 0. -1. 0.
-1. -0.001 -0. 64.525 -0.001 1. 0. -0.119 0. 0. -1. 0.
-1. -0.001 -0. 62.512 -0.001 1. 0. -0.146 0. 0. -1. 0.
-1.000 -0.020 -0. 60.579 -0.020 1.000 0. -0.068 0. 0. -1. 0.
-1.000 -0.026 -0. 58.661 -0.026 1.000 0. 0.001 0. 0. -1. 0.
-0.999 -0.037 -0. 56.707 -0.037 0.999 0. -0.161 0. 0. -1. 0.
-0.999 -0.047 -0. 54.802 -0.047 0.999 0. -0.269 0. 0. -1. 0.
-0.998 -0.060 -0. 52.819 -0.060 0.998 0. -0.366 0. 0. -1. 0.
-0.997 -0.075 -0. 50.991 -0.075 0.997 0. -0.507 0. 0. -1. 0.
-0.994 -0.108 -0. 49.059 -0.108 0.994 0. -0.595 0. 0. -1. 0.
-0.992 -0.130 -0. 47.239 -0.130 0.992 0. -0.942 0. 0. -1. 0.
-0.990 -0.138 -0. 45.370 -0.138 0.990 0. -1.122 0. 0. -1. 0.
-0.992 -0.123 -0. 43.557 -0.123 0.992 0. -1.390 0. 0. -1. 0.
-0.994 -0.105 -0. 41.790 -0.105 0.994 0. -1.512 0. 0. -1. 0.
-0.997 -0.076 -0. 39.943 -0.076 0.997 0. -1.689 0. 0. -1. 0.
-0.999 -0.043 -0. 38.112 -0.043 0.999 0. -1.661 0. 0. -1. 0.
-1. -0.009 -0. 36.339 -0.009 1. 0. -1.704 0. 0. -1. 0.
-1.000 0.025 0. 34.502 0.025 1.000 0. -1.615 0. 0. -1. 0.
-0.999 0.052 0. 32.596 0.052 0.999 0. -1.372 0. 0. -1. 0.
-0.998 0.059 0. 30.674 0.059 0.998 0. -1.154 0. 0. -1. 0.
-0.997 0.078 0. 28.728 0.078 0.997 0. -1.064 0. 0. -1. 0.
-0.995 0.095 0. 26.758 0.095 0.995 0. -0.773 0. 0. -1. 0.
-0.995 0.099 0. 24.721 0.099 0.995 0. -0.605 0. 0. -1. 0.
-0.995 0.104 0. 22.687 0.104 0.995 0. -0.384 0. 0. -1. 0.
-0.995 0.104 0. 20.583 0.104 0.995 0. -0.122 0. 0. -1. 0.
-0.995 0.099 0. 18.549 0.099 0.995 0. 0.134 0. 0. -1. 0.
-0.994 0.106 0. 16.420 0.106 0.994 0. 0.354 0. 0. -1. 0.
-0.994 0.105 0. 14.329 0.105 0.994 0. 0.605 0. 0. -1. 0.
-0.995 0.105 0. 12.251 0.105 0.995 0. 0.829 0. 0. -1. 0.
-0.994 0.111 0. 10.148 0.111 0.994 0. 1.077 0. 0. -1. 0.
-0.994 0.109 0. 7.966 0.109 0.994 0. 1.421 0. 0. -1. 0.
-0.994 0.105 0. 5.869 0.105 0.994 0. 1.657 0. 0. -1. 0.
-0.995 0.102 0. 3.683 0.102 0.995 0. 1.811 0. 0. -1. 0.
-0.995 0.100 0. 1.565 0.100 0.995 0. 2.106 0. 0. -1. 0.
-0.996 0.094 0. -0.622 0.094 0.996 0. 2.390 0. 0. -1. 0.
-0.997 0.081 0. -2.795 0.081 0.997 0. 2.661 0. 0. -1. 0.
-0.997 0.077 0. -5.030 0.077 0.997 0. 2.849 0. 0. -1. 0.
-0.997 0.072 0. -7.183 0.072 0.997 0. 3.003 0. 0. -1. 0.
-0.998 0.064 0. -9.295 0.064 0.998 0. 3.131 0. 0. -1. 0.
-0.999 0.049 0. -11.557 0.049 0.999 0. 3.305 0. 0. -1. 0.
-0.999 0.042 0. -13.663 0.042 0.999 0. 3.463 0. 0. -1. 0.
-0.999 0.035 0. -15.854 0.035 0.999 0. 3.496 0. 0. -1. 0.
-1.000 0.024 0. -18.004 0.024 1.000 0. 3.648 0. 0. -1. 0.
-1.000 0.018 0. -20.232 0.018 1.000 0. 3.734 0. 0. -1. 0.
-1. 0.006 0. -22.461 0.006 1. 0. 3.803 0. 0. -1. 0.
-1. 0.002 0. -24.892 0.002 1. 0. 3.894 0. 0. -1. 0.
-1. 0.003 0. -26.784 0.003 1. 0. 3.855 0. 0. -1. 0.
-1. -0.004 -0. -29.114 -0.004 1. 0. 4.019 0. 0. -1. 0.
-1. -0.007 -0. -31.246 -0.007 1. 0. 3.887 0. 0. -1. 0.
-1. 0.000 0. -33.429 0.000 1. 0. 3.872 0. 0. -1. 0.
-1. 0.008 0. -35.536 0.008 1. 0. 3.893 0. 0. -1. 0.
-1.000 0.017 0. -37.769 0.017 1.000 0. 3.905 0. 0. -1. 0.
-1. 0.008 0. -39.752 0.008 1. 0. 4.067 0. 0. -1. 0.
-1.000 0.016 0. -41.999 0.016 1.000 0. 4.036 0. 0. -1. 0.
-1.000 0.015 0. -43.990 0.015 1.000 0. 4.187 0. 0. -1. 0.
-1.000 0.026 0. -46.096 0.026 1.000 0. 4.295 0. 0. -1. 0.
-1.000 0.016 0. -48.074 0.016 1.000 0. 4.354 0. 0. -1. 0.
-1.000 0.031 0. -50.152 0.031 1.000 0. 4.436 0. 0. -1. 0.
-1.000 0.030 0. -51.924 0.030 1.000 0. 4.512 0. 0. -1. 0.
-0.999 0.044 0. -53.909 0.044 0.999 0. 4.580 0. 0. -1. 0.
-0.998 0.065 0. -55.556 0.065 0.998 0. 4.721 0. 0. -1. 0.
-0.996 0.089 0. -57.170 0.089 0.996 0. 4.964 0. 0. -1. 0.
-0.993 0.122 0. -58.681 0.122 0.993 0. 5.162 0. 0. -1. 0.
-0.985 0.171 0. -60.171 0.171 0.985 0. 5.447 0. 0. -1. 0.
-0.972 0.235 0. -61.504 0.235 0.972 0. 5.845 0. 0. -1. 0.
-0.952 0.306 0. -62.704 0.306 0.952 0. 6.202 0. 0. -1. 0.
-0.924 0.382 0. -63.776 0.382 0.924 0. 6.649 0. 0. -1. 0.
-0.879 0.476 0. -64.874 0.476 0.879 0. 7.162 0. 0. -1. 0.
-0.825 0.565 0. -65.735 0.565 0.825 0. 7.821 0. 0. -1. 0.
-0.759 0.651 0. -66.490 0.651 0.759 0. 8.584 0. 0. -1. 0.
-0.670 0.742 0. -67.259 0.742 0.670 0. 9.431 0. 0. -1. 0.
-0.571 0.821 0. -67.856 0.821 0.571 0. 10.292 0. 0. -1. 0.
-0.478 0.879 0. -68.280 0.879 0.478 0. 11.218 0. 0. -1. 0.
-0.386 0.922 0. -68.643 0.922 0.386 0. 12.152 0. 0. -1. 0.
-0.297 0.955 0. -69.057 0.955 0.297 0. 13.054 0. 0. -1. 0.
-0.222 0.975 0. -69.026 0.975 0.222 0. 14.036 0. 0. -1. 0.
-0.169 0.986 0. -69.184 0.986 0.169 0. 14.924 0. 0. -1. 0.
-0.122 0.993 0. -69.253 0.993 0.122 0. 15.576 0. 0. -1. 0.
-0.089 0.996 0. -69.271 0.996 0.089 0. 16.243 0. 0. -1. 0.
-0.066 0.998 0. -69.311 0.998 0.066 0. 16.982 0. 0. -1. 0.
-0.054 0.999 0. -69.130 0.999 0.054 0. 17.468 0. 0. -1. 0.
-0.037 0.999 0. -69.181 0.999 0.037 0. 17.825 0. 0. -1. 0.
-0.024 1.000 0. -69.197 1.000 0.024 0. 18.182 0. 0. -1. 0.
-0.026 1.000 0. -69.307 1.000 0.026 0. 18.478 0. 0. -1. 0.
-0.021 1.000 0. -69.112 1.000 0.021 0. 18.792 0. 0. -1. 0.
-0.015 1.000 0. -69.179 1.000 0.015 0. 19.035 0. 0. -1. 0.
-0.018 1.000 0. -69.138 1.000 0.018 0. 19.197 0. 0. -1. 0.
-0.016 1.000 0. -69.226 1.000 0.016 0. 19.400 0. 0. -1. 0.
-0.018 1.000 0. -69.082 1.000 0.018 0. 19.436 0. 0. -1. 0.
-0.021 1.000 0. -69.102 1.000 0.021 0. 19.555 0. 0. -1. 0.
-0.017 1.000 0. -69.274 1.000 0.017 0. 19.616 0. 0. -1. 0.
-0.017 1.000 0. -69.239 1.000 0.017 0. 19.732 0. 0. -1. 0.
-0.016 1.000 0. -69.162 1.000 0.016 0. 19.764 0. 0. -1. 0.
-0.017 1.000 0. -69.260 1.000 0.017 0. 19.825 0. 0. -1. 0.
-0.019 1.000 0. -69.042 1.000 0.019 0. 19.833 0. 0. -1. 0.
-0.024 1.000 0. -69.082 1.000 0.024 0. 19.910 0. 0. -1. 0.
-0.013 1. 0. -69.115 1. 0.013 0. 19.980 0. 0. -1. 0.
-0.021 1.000 0. -69.049 1.000 0.021 0. 20.053 0. 0. -1. 0.
-0.023 1.000 0. -69.124 1.000 0.023 0. 20.057 0. 0. -1. 0.
-0.022 1.000 0. -69.113 1.000 0.022 0. 20.118 0. 0. -1. 0.
-0.021 1.000 0. -69.162 1.000 0.021 0. 20.148 0. 0. -1. 0.
-0.017 1.000 0. -69.229 1.000 0.017 0. 20.181 0. 0. -1. 0.
-0.015 1.000 0. -69.290 1.000 0.015 0. 20.170 0. 0. -1. 0.
-0.020 1.000 0. -69.059 1.000 0.020 0. 20.374 0. 0. -1. 0.
-0.019 1.000 0. -69.119 1.000 0.019 0. 20.405 0. 0. -1. 0.
-0.012 1. 0. -69.159 1. 0.012 0. 20.392 0. 0. -1. 0.
-0.019 1.000 0. -69.154 1.000 0.019 0. 20.539 0. 0. -1. 0.
-0.017 1.000 0. -69.102 1.000 0.017 0. 20.493 0. 0. -1. 0.
-0.017 1.000 0. -69.141 1.000 0.017 0. 20.628 0. 0. -1. 0.
-0.014 1.000 0. -69.152 1.000 0.014 0. 20.644 0. 0. -1. 0.
-0.016 1.000 0. -69.228 1.000 0.016 0. 20.709 0. 0. -1. 0.
-0.012 1. 0. -69.171 1. 0.012 0. 20.905 0. 0. -1. 0.
-0.018 1.000 0. -69.155 1.000 0.018 0. 21.140 0. 0. -1. 0.
-0.011 1. 0. -69.135 1. 0.011 0. 21.371 0. 0. -1. 0.
-0.022 1.000 0. -69.163 1.000 0.022 0. 21.711 0. 0. -1. 0.
-0.015 1.000 0. -69.156 1.000 0.015 0. 22.161 0. 0. -1. 0.
-0.017 1.000 0. -69.289 1.000 0.017 0. 22.666 0. 0. -1. 0.
-0.010 1. 0. -69.156 1. 0.010 0. 23.298 0. 0. -1. 0.
-0.012 1. 0. -69.224 1. 0.012 0. 23.984 0. 0. -1. 0.
-0.008 1. 0. -69.237 1. 0.008 0. 24.779 0. 0. -1. 0.
-0.016 1.000 0. -69.155 1.000 0.016 0. 25.581 0. 0. -1. 0.
-0.009 1. 0. -69.208 1. 0.009 0. 26.553 0. 0. -1. 0.
-0.011 1. 0. -69.186 1. 0.011 0. 27.474 0. 0. -1. 0.
-0.012 1. 0. -69.108 1. 0.012 0. 28.420 0. 0. -1. 0.
-0.010 1. 0. -69.268 1. 0.010 0. 29.612 0. 0. -1. 0.
-0.011 1. 0. -69.253 1. 0.011 0. 30.636 0. 0. -1. 0.
-0.006 1. 0. -69.283 1. 0.006 0. 31.857 0. 0. -1. 0.
-0.007 1. 0. -69.238 1. 0.007 0. 33.056 0. 0. -1. 0.
-0.001 1. 0. -69.196 1. 0.001 0. 34.356 0. 0. -1. 0.
0.005 1. 0. -69.087 1. -0.005 -0. 35.605 0. 0. -1. 0.
0.021 1.000 0. -69.040 1.000 -0.021 -0. 36.995 0. 0. -1. 0.
0.050 0.999 0. -69.119 0.999 -0.050 -0. 38.334 0. 0. -1. 0.
0.072 0.997 0. -68.967 0.997 -0.072 -0. 39.686 0. 0. -1. 0.
0.106 0.994 0. -68.752 0.994 -0.106 -0. 41.230 0. 0. -1. 0.
0.135 0.991 0. -68.507 0.991 -0.135 -0. 42.700 0. 0. -1. 0.
0.168 0.986 0. -68.222 0.986 -0.168 -0. 44.268 0. 0. -1. 0.
0.182 0.983 0. -67.827 0.983 -0.182 -0. 45.726 0. 0. -1. 0.
0.205 0.979 0. -67.482 0.979 -0.205 -0. 47.335 0. 0. -1. 0.
0.201 0.980 0. -67.120 0.980 -0.201 -0. 48.952 0. 0. -1. 0.
0.190 0.982 0. -66.832 0.982 -0.190 -0. 50.523 0. 0. -1. 0.
0.178 0.984 0. -66.503 0.984 -0.178 -0. 52.147 0. 0. -1. 0.
0.149 0.989 0. -66.197 0.989 -0.149 -0. 53.747 0. 0. -1. 0.
0.126 0.992 0. -65.862 0.992 -0.126 -0. 55.580 0. 0. -1. 0.
0.094 0.996 0. -65.797 0.996 -0.094 -0. 57.310 0. 0. -1. 0.
0.068 0.998 0. -65.544 0.998 -0.068 -0. 59.116 0. 0. -1. 0.
0.042 0.999 0. -65.474 0.999 -0.042 -0. 60.922 0. 0. -1. 0.
0.031 1.000 0. -65.353 1.000 -0.031 -0. 62.764 0. 0. -1. 0.
0.013 1. 0. -65.350 1. -0.013 -0. 64.574 0. 0. -1. 0.
-0.002 1. 0. -65.366 1. 0.002 0. 66.544 0. 0. -1. 0.
-0.018 1.000 0. -65.302 1.000 0.018 0. 68.294 0. 0. -1. 0.
-0.021 1.000 0. -65.293 1.000 0.021 0. 70.194 0. 0. -1. 0.
-0.029 1.000 0. -65.286 1.000 0.029 0. 71.973 0. 0. -1. 0.
-0.027 1.000 0. -65.320 1.000 0.027 0. 73.785 0. 0. -1. 0.
-0.030 1.000 0. -65.299 1.000 0.030 0. 75.555 0. 0. -1. 0.
-0.038 0.999 0. -65.345 0.999 0.038 0. 77.318 0. 0. -1. 0.
-0.045 0.999 0. -65.416 0.999 0.045 0. 78.993 0. 0. -1. 0.
-0.050 0.999 0. -65.463 0.999 0.050 0. 80.757 0. 0. -1. 0.
-0.068 0.998 0. -65.537 0.998 0.068 0. 82.417 0. 0. -1. 0.
-0.087 0.996 0. -65.680 0.996 0.087 0. 84.155 0. 0. -1. 0.
-0.113 0.994 0. -65.783 0.994 0.113 0. 85.759 0. 0. -1. 0.
-0.160 0.987 0. -66.042 0.987 0.160 0. 87.326 0. 0. -1. 0.
-0.220 0.976 0. -66.458 0.976 0.220 0. 88.954 0. 0. -1. 0.
-0.296 0.955 0. -66.799 0.955 0.296 0. 90.396 0. 0. -1. 0.
-0.383 0.924 0. -67.397 0.924 0.383 0. 91.894 0. 0. -1. 0.
-0.469 0.883 0. -67.966 0.883 0.469 0. 93.297 0. 0. -1. 0.
-0.568 0.823 0. -68.840 0.823 0.568 0. 94.522 0. 0. -1. 0.
-0.645 0.765 0. -69.835 0.765 0.645 0. 95.795 0. 0. -1. 0.
-0.723 0.691 0. -70.856 0.691 0.723 0. 96.805 0. 0. -1. 0.
-0.792 0.611 0. -71.972 0.611 0.792 0. 97.712 0. 0. -1. 0.
-0.854 0.520 0. -73.139 0.520 0.854 0. 98.431 0. 0. -1. 0.
-0.906 0.423 0. -74.508 0.423 0.906 0. 99.096 0. 0. -1. 0.
-0.943 0.334 0. -75.874 0.334 0.943 0. 99.556 0. 0. -1. 0.
-0.965 0.264 0. -77.345 0.264 0.965 0. 99.811 0. 0. -1. 0.
-0.976 0.219 0. -78.628 0.219 0.976 0. 100.123 0. 0. -1. 0.
-0.980 0.198 0. -80.034 0.198 0.980 0. 100.554 0. 0. -1. 0.
-0.982 0.189 0. -81.494 0.189 0.982 0. 100.947 0. 0. -1. 0.
-0.982 0.190 0. -82.924 0.190 0.982 0. 101.309 0. 0. -1. 0.
-0.977 0.211 0. -84.529 0.211 0.977 0. 101.583 0. 0. -1. 0.
-0.972 0.235 0. -85.978 0.235 0.972 0. 101.989 0. 0. -1. 0.
-0.961 0.275 0. -87.571 0.275 0.961 0. 102.529 0. 0. -1. 0.
-0.945 0.328 0. -89.049 0.328 0.945 0. 102.933 0. 0. -1. 0.
-0.928 0.372 0. -90.482 0.372 0.928 0. 103.735 0. 0. -1. 0.
-0.903 0.430 0. -91.958 0.430 0.903 0. 104.482 0. 0. -1. 0.
-0.873 0.489 0. -93.414 0.489 0.873 0. 105.321 0. 0. -1. 0.
-0.836 0.549 0. -94.901 0.549 0.836 0. 106.233 0. 0. -1. 0.
-0.798 0.602 0. -96.311 0.602 0.798 0. 107.323 0. 0. -1. 0.
-0.765 0.644 0. -97.611 0.644 0.765 0. 108.513 0. 0. -1. 0.
-0.737 0.676 0. -99.167 0.676 0.737 0. 109.594 0. 0. -1. 0.
-0.718 0.696 0. -100.534 0.696 0.718 0. 110.900 0. 0. -1. 0.
-0.708 0.706 0. -101.792 0.706 0.708 0. 112.417 0. 0. -1. 0.
-0.708 0.707 0. -103.212 0.707 0.708 0. 113.803 0. 0. -1. 0.
-0.704 0.710 0. -104.543 0.710 0.704 0. 115.329 0. 0. -1. 0.
-0.701 0.713 0. -106.051 0.713 0.701 0. 116.733 0. 0. -1. 0.
-0.701 0.713 0. -107.455 0.713 0.701 0. 118.255 0. 0. -1. 0.
-0.705 0.709 0. -108.765 0.709 0.705 0. 120.016 0. 0. -1. 0.
-0.705 0.709 0. -110.468 0.709 0.705 0. 121.384 0. 0. -1. 0.
-0.701 0.714 0. -111.949 0.714 0.701 0. 123.006 0. 0. -1. 0.
-0.708 0.706 0. -113.491 0.706 0.708 0. 124.580 0. 0. -1. 0.
-0.710 0.704 0. -115.034 0.704 0.710 0. 126.267 0. 0. -1. 0.
-0.706 0.708 0. -116.685 0.708 0.706 0. 127.730 0. 0. -1. 0.
-0.708 0.706 0. -118.231 0.706 0.708 0. 129.448 0. 0. -1. 0.
-0.706 0.708 0. -119.752 0.708 0.706 0. 131.010 0. 0. -1. 0.
-0.711 0.703 0. -121.448 0.703 0.711 0. 132.718 0. 0. -1. 0.
-0.713 0.702 0. -123.105 0.702 0.713 0. 134.329 0. 0. -1. 0.
-0.710 0.704 0. -124.754 0.704 0.710 0. 136.082 0. 0. -1. 0.
-0.710 0.704 0. -126.415 0.704 0.710 0. 137.862 0. 0. -1. 0.
-0.708 0.706 0. -128.099 0.706 0.708 0. 139.545 0. 0. -1. 0.
-0.703 0.711 0. -129.785 0.711 0.703 0. 141.406 0. 0. -1. 0.
-0.705 0.710 0. -131.511 0.710 0.705 0. 143.289 0. 0. -1. 0.
-0.701 0.713 0. -133.203 0.713 0.701 0. 145.028 0. 0. -1. 0.
-0.699 0.715 0. -134.813 0.715 0.699 0. 146.836 0. 0. -1. 0.
-0.699 0.716 0. -136.651 0.716 0.699 0. 148.470 0. 0. -1. 0.
-0.696 0.718 0. -138.293 0.718 0.696 0. 150.418 0. 0. -1. 0.
-0.689 0.725 0. -140.041 0.725 0.689 0. 152.142 0. 0. -1. 0.
-0.685 0.729 0. -141.688 0.729 0.685 0. 153.953 0. 0. -1. 0.
-0.677 0.736 0. -143.325 0.736 0.677 0. 155.808 0. 0. -1. 0.
-0.660 0.751 0. -144.885 0.751 0.660 0. 157.662 0. 0. -1. 0.
-0.640 0.768 0. -146.486 0.768 0.640 0. 159.621 0. 0. -1. 0.
-0.611 0.791 0. -147.945 0.791 0.611 0. 161.582 0. 0. -1. 0.
-0.581 0.814 0. -149.320 0.814 0.581 0. 163.658 0. 0. -1. 0.
-0.548 0.837 0. -150.770 0.837 0.548 0. 165.727 0. 0. -1. 0.
-0.509 0.861 0. -152.012 0.861 0.509 0. 167.906 0. 0. -1. 0.
-0.468 0.884 0. -153.085 0.884 0.468 0. 170.138 0. 0. -1. 0.
-0.420 0.908 0. -154.277 0.908 0.420 0. 172.469 0. 0. -1. 0.
-0.375 0.927 0. -155.119 0.927 0.375 0. 174.839 0. 0. -1. 0.
-0.329 0.944 0. -155.985 0.944 0.329 0. 177.183 0. 0. -1. 0.
-0.287 0.958 0. -156.590 0.958 0.287 0. 179.645 0. 0. -1. 0.
-0.238 0.971 0. -157.266 0.971 0.238 0. 182.132 0. 0. -1. 0.
-0.206 0.979 0. -157.677 0.979 0.206 0. 184.655 0. 0. -1. 0.
-0.178 0.984 0. -158.161 0.984 0.178 0. 187.109 0. 0. -1. 0.
-0.152 0.988 0. -158.250 0.988 0.152 0. 189.703 0. 0. -1. 0.
-0.136 0.991 0. -158.591 0.991 0.136 0. 192.188 0. 0. -1. 0.
-0.125 0.992 0. -159.008 0.992 0.125 0. 194.726 0. 0. -1. 0.
-0.120 0.993 0. -159.149 0.993 0.120 0. 197.300 0. 0. -1. 0.
-0.113 0.994 0. -159.638 0.994 0.113 0. 199.836 0. 0. -1. 0.
-0.112 0.994 0. -159.763 0.994 0.112 0. 202.350 0. 0. -1. 0.
-0.112 0.994 0. -159.954 0.994 0.112 0. 204.912 0. 0. -1. 0.
-0.111 0.994 0. -160.172 0.994 0.111 0. 207.485 0. 0. -1. 0.
-0.115 0.993 0. -160.419 0.993 0.115 0. 209.988 0. 0. -1. 0.
-0.132 0.991 0. -160.443 0.991 0.132 0. 212.518 0. 0. -1. 0.
-0.153 0.988 0. -160.965 0.988 0.153 0. 214.974 0. 0. -1. 0.
-0.192 0.981 0. -161.451 0.981 0.192 0. 217.392 0. 0. -1. 0.
-0.238 0.971 0. -162.082 0.971 0.238 0. 219.933 0. 0. -1. 0.
-0.295 0.956 0. -162.587 0.956 0.295 0. 222.188 0. 0. -1. 0.
-0.355 0.935 0. -163.335 0.935 0.355 0. 224.528 0. 0. -1. 0.
-0.420 0.908 0. -164.193 0.908 0.420 0. 226.744 0. 0. -1. 0.
-0.487 0.873 0. -165.317 0.873 0.487 0. 228.816 0. 0. -1. 0.
-0.551 0.834 0. -166.571 0.834 0.551 0. 230.740 0. 0. -1. 0.
-0.618 0.786 0. -167.893 0.786 0.618 0. 232.619 0. 0. -1. 0.
-0.682 0.731 0. -169.442 0.731 0.682 0. 234.370 0. 0. -1. 0.
-0.741 0.672 0. -171.110 0.672 0.741 0. 235.881 0. 0. -1. 0.
-0.793 0.609 0. -173.054 0.609 0.793 0. 237.259 0. 0. -1. 0.
-0.837 0.547 0. -174.835 0.547 0.837 0. 238.580 0. 0. -1. 0.
-0.875 0.485 0. -176.761 0.485 0.875 0. 239.660 0. 0. -1. 0.
-0.907 0.421 0. -178.840 0.421 0.907 0. 240.611 0. 0. -1. 0.
-0.930 0.367 0. -180.899 0.367 0.930 0. 241.584 0. 0. -1. 0.
-0.942 0.336 0. -183.180 0.336 0.942 0. 242.390 0. 0. -1. 0.
-0.950 0.311 0. -185.303 0.311 0.950 0. 243.259 0. 0. -1. 0.
-0.957 0.289 0. -187.569 0.289 0.957 0. 243.988 0. 0. -1. 0.
-0.961 0.277 0. -190.000 0.277 0.961 0. 244.722 0. 0. -1. 0.
-0.963 0.269 0. -192.431 0.269 0.963 0. 245.317 0. 0. -1. 0.
-0.966 0.258 0. -194.868 0.258 0.966 0. 246.028 0. 0. -1. 0.
-0.967 0.253 0. -197.471 0.253 0.967 0. 246.715 0. 0. -1. 0.
-0.966 0.259 0. -200.011 0.259 0.966 0. 247.436 0. 0. -1. 0.
-0.965 0.261 0. -202.563 0.261 0.965 0. 248.256 0. 0. -1. 0.
-0.963 0.268 0. -205.226 0.268 0.963 0. 248.966 0. 0. -1. 0.
-0.964 0.266 0. -207.869 0.266 0.964 0. 249.739 0. 0. -1. 0.
-0.965 0.261 0. -210.700 0.261 0.965 0. 250.604 0. 0. -1. 0.
-0.964 0.264 0. -213.439 0.264 0.964 0. 251.306 0. 0. -1. 0.
-0.963 0.268 0. -216.175 0.268 0.963 0. 252.091 0. 0. -1. 0.
-0.962 0.273 0. -218.795 0.273 0.962 0. 252.904 0. 0. -1. 0.
-0.962 0.274 0. -221.488 0.274 0.962 0. 253.744 0. 0. -1. 0.
-0.961 0.275 0. -224.228 0.275 0.961 0. 254.504 0. 0. -1. 0.
-0.958 0.285 0. -226.786 0.285 0.958 0. 255.246 0. 0. -1. 0.
-0.956 0.294 0. -229.244 0.294 0.956 0. 256.133 0. 0. -1. 0.
-0.954 0.301 0. -231.768 0.301 0.954 0. 256.914 0. 0. -1. 0.
-0.945 0.326 0. -234.168 0.326 0.945 0. 257.699 0. 0. -1. 0.
-0.938 0.346 0. -236.238 0.346 0.938 0. 258.569 0. 0. -1. 0.
-0.928 0.374 0. -238.292 0.374 0.928 0. 259.356 0. 0. -1. 0.
-0.913 0.407 0. -240.182 0.407 0.913 0. 260.270 0. 0. -1. 0.
-0.901 0.434 0. -241.893 0.434 0.901 0. 261.119 0. 0. -1. 0.
-0.888 0.459 0. -243.522 0.459 0.888 0. 261.871 0. 0. -1. 0.
-0.878 0.478 0. -244.934 0.478 0.878 0. 262.717 0. 0. -1. 0.
-0.868 0.496 0. -246.290 0.496 0.868 0. 263.603 0. 0. -1. 0.
-0.859 0.512 0. -247.449 0.512 0.859 0. 264.370 0. 0. -1. 0.
-0.842 0.539 0. -248.684 0.539 0.842 0. 265.053 0. 0. -1. 0.
-0.824 0.567 0. -249.787 0.567 0.824 0. 265.770 0. 0. -1. 0.
-0.803 0.597 0. -250.712 0.597 0.803 0. 266.441 0. 0. -1. 0.
-0.782 0.624 0. -251.629 0.624 0.782 0. 267.199 0. 0. -1. 0.
-0.738 0.675 0. -252.620 0.675 0.738 0. 267.942 0. 0. -1. 0.
-0.695 0.719 0. -253.229 0.719 0.695 0. 268.790 0. 0. -1. 0.
-0.640 0.768 0. -253.868 0.768 0.640 0. 269.739 0. 0. -1. 0.
-0.571 0.821 0. -254.478 0.821 0.571 0. 270.616 0. 0. -1. 0.
-0.505 0.863 0. -254.855 0.863 0.505 0. 271.491 0. 0. -1. 0.
-0.416 0.909 0. -255.442 0.909 0.416 0. 272.689 0. 0. -1. 0.
-0.310 0.951 0. -255.634 0.951 0.310 0. 273.725 0. 0. -1. 0.
-0.201 0.980 0. -255.915 0.980 0.201 0. 274.939 0. 0. -1. 0.
-0.105 0.994 0. -255.964 0.994 0.105 0. 276.268 0. 0. -1. 0.
-0.030 1.000 0. -255.996 1.000 0.030 0. 277.643 0. 0. -1. 0.
0.033 0.999 0. -255.856 0.999 -0.033 -0. 279.086 0. 0. -1. 0.
0.083 0.997 0. -255.809 0.997 -0.083 -0. 280.688 0. 0. -1. 0.
0.137 0.991 0. -255.482 0.991 -0.137 -0. 282.370 0. 0. -1. 0.
0.177 0.984 0. -255.157 0.984 -0.177 -0. 284.169 0. 0. -1. 0.
0.205 0.979 0. -254.760 0.979 -0.205 -0. 286.002 0. 0. -1. 0.
0.222 0.975 0. -254.182 0.975 -0.222 -0. 287.939 0. 0. -1. 0.
0.235 0.972 0. -253.746 0.972 -0.235 -0. 289.954 0. 0. -1. 0.
0.246 0.969 0. -253.236 0.969 -0.246 -0. 292.049 0. 0. -1. 0.
0.253 0.967 0. -252.599 0.967 -0.253 -0. 294.192 0. 0. -1. 0.
0.250 0.968 0. -251.980 0.968 -0.250 -0. 296.347 0. 0. -1. 0.
0.257 0.966 0. -251.373 0.966 -0.257 -0. 298.633 0. 0. -1. 0.
0.254 0.967 0. -250.545 0.967 -0.254 -0. 300.838 0. 0. -1. 0.
0.249 0.969 0. -249.968 0.969 -0.249 -0. 303.293 0. 0. -1. 0.
0.252 0.968 0. -249.413 0.968 -0.252 -0. 305.654 0. 0. -1. 0.
0.250 0.968 0. -248.617 0.968 -0.250 -0. 308.177 0. 0. -1. 0.
0.256 0.967 0. -248.012 0.967 -0.256 -0. 310.680 0. 0. -1. 0.
0.254 0.967 0. -247.239 0.967 -0.254 -0. 313.345 0. 0. -1. 0.
0.256 0.967 0. -246.459 0.967 -0.256 -0. 316.056 0. 0. -1. 0.
0.252 0.968 0. -245.599 0.968 -0.252 -0. 318.779 0. 0. -1. 0.
0.257 0.966 0. -244.927 0.966 -0.257 -0. 321.559 0. 0. -1. 0.
0.258 0.966 0. -244.091 0.966 -0.258 -0. 324.446 0. 0. -1. 0.
0.263 0.965 0. -243.254 0.965 -0.263 -0. 327.359 0. 0. -1. 0.
0.264 0.965 0. -242.388 0.965 -0.264 -0. 330.329 0. 0. -1. 0.
0.258 0.966 0. -241.442 0.966 -0.258 -0. 333.432 0. 0. -1. 0.
0.257 0.967 0. -240.607 0.967 -0.257 -0. 336.548 0. 0. -1. 0.
0.260 0.966 0. -239.803 0.966 -0.260 -0. 339.660 0. 0. -1. 0.
0.257 0.967 0. -238.783 0.967 -0.257 -0. 342.836 0. 0. -1. 0.
0.259 0.966 0. -237.947 0.966 -0.259 -0. 346.149 0. 0. -1. 0.
0.256 0.967 0. -236.879 0.967 -0.256 -0. 349.399 0. 0. -1. 0.
0.256 0.967 0. -235.996 0.967 -0.256 -0. 352.752 0. 0. -1. 0.
0.258 0.966 0. -235.076 0.966 -0.258 -0. 356.115 0. 0. -1. 0.
0.255 0.967 0. -234.001 0.967 -0.255 -0. 359.504 0. 0. -1. 0.
0.264 0.964 0. -233.163 0.964 -0.264 -0. 362.974 0. 0. -1. 0.
0.266 0.964 0. -232.056 0.964 -0.266 -0. 366.396 0. 0. -1. 0.
0.257 0.966 0. -230.967 0.966 -0.257 -0. 369.886 0. 0. -1. 0.
0.261 0.965 0. -230.140 0.965 -0.261 -0. 373.438 0. 0. -1. 0.
0.265 0.964 0. -229.119 0.964 -0.265 -0. 376.952 0. 0. -1. 0.
0.261 0.965 0. -227.899 0.965 -0.261 -0. 380.551 0. 0. -1. 0.
0.261 0.965 0. -226.996 0.965 -0.261 -0. 384.144 0. 0. -1. 0.
0.256 0.967 0. -226.129 0.967 -0.256 -0. 387.822 0. 0. -1. 0.
0.258 0.966 0. -224.768 0.966 -0.258 -0. 391.358 0. 0. -1. 0.
0.260 0.966 0. -223.862 0.966 -0.260 -0. 395.059 0. 0. -1. 0.
0.256 0.967 0. -222.713 0.967 -0.256 -0. 398.624 0. 0. -1. 0.
0.254 0.967 0. -221.811 0.967 -0.254 -0. 402.367 0. 0. -1. 0.
0.248 0.969 0. -220.710 0.969 -0.248 -0. 406.098 0. 0. -1. 0.
0.255 0.967 0. -219.727 0.967 -0.255 -0. 409.898 0. 0. -1. 0.
0.253 0.968 0. -218.559 0.968 -0.253 -0. 413.575 0. 0. -1. 0.
0.251 0.968 0. -217.580 0.968 -0.251 -0. 417.405 0. 0. -1. 0.
0.256 0.967 0. -216.471 0.967 -0.256 -0. 421.162 0. 0. -1. 0.
0.249 0.968 0. -215.372 0.968 -0.249 -0. 424.840 0. 0. -1. 0.
0.249 0.968 0. -214.378 0.968 -0.249 -0. 428.672 0. 0. -1. 0.
0.252 0.968 0. -213.303 0.968 -0.252 -0. 432.405 0. 0. -1. 0.
0.256 0.967 0. -212.183 0.967 -0.256 -0. 436.108 0. 0. -1. 0.
0.258 0.966 0. -211.159 0.966 -0.258 -0. 439.847 0. 0. -1. 0.
0.253 0.967 0. -210.062 0.967 -0.253 -0. 443.523 0. 0. -1. 0.
0.253 0.968 0. -209.033 0.968 -0.253 -0. 447.281 0. 0. -1. 0.
0.254 0.967 0. -207.929 0.967 -0.254 -0. 450.940 0. 0. -1. 0.
0.255 0.967 0. -206.924 0.967 -0.255 -0. 454.551 0. 0. -1. 0.
0.254 0.967 0. -205.867 0.967 -0.254 -0. 458.233 0. 0. -1. 0.
0.254 0.967 0. -204.769 0.967 -0.254 -0. 461.895 0. 0. -1. 0.
0.266 0.964 0. -203.755 0.964 -0.266 -0. 465.541 0. 0. -1. 0.
0.261 0.965 0. -202.639 0.965 -0.261 -0. 469.170 0. 0. -1. 0.
0.263 0.965 0. -201.671 0.965 -0.263 -0. 472.815 0. 0. -1. 0.
0.271 0.963 0. -200.592 0.963 -0.271 -0. 476.437 0. 0. -1. 0.
0.263 0.965 0. -199.281 0.965 -0.263 -0. 480.065 0. 0. -1. 0.
0.258 0.966 0. -198.362 0.966 -0.258 -0. 483.747 0. 0. -1. 0.
0.260 0.966 0. -197.286 0.966 -0.260 -0. 487.338 0. 0. -1. 0.
0.263 0.965 0. -196.304 0.965 -0.263 -0. 491.056 0. 0. -1. 0.
0.266 0.964 0. -195.296 0.964 -0.266 -0. 494.760 0. 0. -1. 0.
0.270 0.963 0. -194.164 0.963 -0.270 -0. 498.375 0. 0. -1. 0.
0.268 0.963 0. -193.170 0.963 -0.268 -0. 502.053 0. 0. -1. 0.
0.266 0.964 0. -192.052 0.964 -0.266 -0. 505.720 0. 0. -1. 0.
0.264 0.965 0. -190.913 0.965 -0.264 -0. 509.382 0. 0. -1. 0.
0.268 0.963 0. -189.870 0.963 -0.268 -0. 513.067 0. 0. -1. 0.
0.272 0.962 0. -188.779 0.962 -0.272 -0. 516.734 0. 0. -1. 0.
0.269 0.963 0. -187.671 0.963 -0.269 -0. 520.357 0. 0. -1. 0.
0.263 0.965 0. -186.634 0.965 -0.263 -0. 524.055 0. 0. -1. 0.
0.268 0.963 0. -185.512 0.963 -0.268 -0. 527.644 0. 0. -1. 0.
0.276 0.961 0. -184.440 0.961 -0.276 -0. 531.226 0. 0. -1. 0.
0.274 0.962 0. -183.442 0.962 -0.274 -0. 534.827 0. 0. -1. 0.
0.264 0.964 0. -182.172 0.964 -0.264 -0. 538.316 0. 0. -1. 0.
0.265 0.964 0. -181.354 0.964 -0.265 -0. 541.926 0. 0. -1. 0.
0.265 0.964 0. -180.383 0.964 -0.265 -0. 545.338 0. 0. -1. 0.
0.263 0.965 0. -179.397 0.965 -0.263 -0. 548.806 0. 0. -1. 0.
0.262 0.965 0. -178.535 0.965 -0.262 -0. 552.186 0. 0. -1. 0.
0.263 0.965 0. -177.528 0.965 -0.263 -0. 555.414 0. 0. -1. 0.
0.254 0.967 0. -176.549 0.967 -0.254 -0. 558.620 0. 0. -1. 0.
0.241 0.970 0. -175.458 0.970 -0.241 -0. 561.759 0. 0. -1. 0.
0.236 0.972 0. -174.936 0.972 -0.236 -0. 564.884 0. 0. -1. 0.
0.229 0.973 0. -174.306 0.973 -0.229 -0. 567.812 0. 0. -1. 0.
0.216 0.976 0. -173.646 0.976 -0.216 -0. 570.723 0. 0. -1. 0.
0.209 0.978 0. -172.880 0.978 -0.209 -0. 573.593 0. 0. -1. 0.
0.205 0.979 0. -172.123 0.979 -0.205 -0. 576.203 0. 0. -1. 0.
0.197 0.980 0. -171.587 0.980 -0.197 -0. 578.942 0. 0. -1. 0.
0.183 0.983 0. -171.085 0.983 -0.183 -0. 581.537 0. 0. -1. 0.
0.171 0.985 0. -170.621 0.985 -0.171 -0. 584.115 0. 0. -1. 0.
0.163 0.987 0. -170.152 0.987 -0.163 -0. 586.582 0. 0. -1. 0.
0.160 0.987 0. -169.750 0.987 -0.160 -0. 588.940 0. 0. -1. 0.
0.152 0.988 0. -169.392 0.988 -0.152 -0. 591.164 0. 0. -1. 0.
0.149 0.989 0. -169.008 0.989 -0.149 -0. 593.381 0. 0. -1. 0.
0.150 0.989 0. -168.651 0.989 -0.150 -0. 595.414 0. 0. -1. 0.
0.151 0.988 0. -168.347 0.988 -0.151 -0. 597.353 0. 0. -1. 0.
0.151 0.988 0. -168.001 0.988 -0.151 -0. 599.123 0. 0. -1. 0.
0.153 0.988 0. -167.722 0.988 -0.153 -0. 600.848 0. 0. -1. 0.
0.147 0.989 0. -167.511 0.989 -0.147 -0. 602.358 0. 0. -1. 0.
0.137 0.991 0. -167.235 0.991 -0.137 -0. 603.834 0. 0. -1. 0.
0.137 0.991 0. -167.029 0.991 -0.137 -0. 605.126 0. 0. -1. 0.
0.135 0.991 0. -166.823 0.991 -0.135 -0. 606.244 0. 0. -1. 0.
0.130 0.991 0. -166.559 0.991 -0.130 -0. 607.268 0. 0. -1. 0.
0.133 0.991 0. -166.463 0.991 -0.133 -0. 608.170 0. 0. -1. 0.
0.129 0.992 0. -166.504 0.992 -0.129 -0. 608.874 0. 0. -1. 0.
0.131 0.991 0. -166.381 0.991 -0.131 -0. 609.484 0. 0. -1. 0.
0.130 0.991 0. -166.339 0.991 -0.130 -0. 609.905 0. 0. -1. 0.
0.131 0.991 0. -166.293 0.991 -0.131 -0. 610.295 0. 0. -1. 0.
0.136 0.991 0. -166.266 0.991 -0.136 -0. 610.574 0. 0. -1. 0.
0.139 0.990 0. -166.249 0.990 -0.139 -0. 610.757 0. 0. -1. 0.
0.133 0.991 0. -166.212 0.991 -0.133 -0. 610.907 0. 0. -1. 0.
0.134 0.991 0. -166.219 0.991 -0.134 -0. 610.987 0. 0. -1. 0.
0.135 0.991 0. -166.215 0.991 -0.135 -0. 611.005 0. 0. -1. 0.
0.134 0.991 0. -166.137 0.991 -0.134 -0. 611.003 0. 0. -1. 0.
0.137 0.991 0. -166.164 0.991 -0.137 -0. 610.976 0. 0. -1. 0.
0.131 0.991 0. -166.168 0.991 -0.131 -0. 611.043 0. 0. -1. 0.
0.136 0.991 0. -166.197 0.991 -0.136 -0. 611.013 0. 0. -1. 0.
0.133 0.991 0. -166.177 0.991 -0.133 -0. 610.994 0. 0. -1. 0.
0.131 0.991 0. -166.187 0.991 -0.131 -0. 611.044 0. 0. -1. 0.
0.132 0.991 0. -166.189 0.991 -0.132 -0. 611.041 0. 0. -1. 0.
0.135 0.991 0. -166.190 0.991 -0.135 -0. 611.041 0. 0. -1. 0.
0.137 0.991 0. -166.165 0.991 -0.137 -0. 611.009 0. 0. -1. 0.
0.134 0.991 0. -166.187 0.991 -0.134 -0. 610.994 0. 0. -1. 0.
0.135 0.991 0. -166.235 0.991 -0.135 -0. 611.012 0. 0. -1. 0.
0.130 0.992 0. -166.189 0.992 -0.130 -0. 611.021 0. 0. -1. 0.
0.130 0.992 0. -166.179 0.992 -0.130 -0. 611.077 0. 0. -1. 0.
0.134 0.991 0. -166.205 0.991 -0.134 -0. 611.031 0. 0. -1. 0.
0.135 0.991 0. -166.021 0.991 -0.135 -0. 610.998 0. 0. -1. 0.
0.130 0.992 0. -166.172 0.992 -0.130 -0. 611.058 0. 0. -1. 0.
0.130 0.991 0. -166.167 0.991 -0.130 -0. 611.048 0. 0. -1. 0.
0.131 0.991 0. -166.182 0.991 -0.131 -0. 611.046 0. 0. -1. 0.
0.135 0.991 0. -166.211 0.991 -0.135 -0. 611.020 0. 0. -1. 0.
0.139 0.990 0. -166.171 0.990 -0.139 -0. 610.994 0. 0. -1. 0.
0.138 0.990 0. -166.161 0.990 -0.138 -0. 611.003 0. 0. -1. 0.
0.136 0.991 0. -166.154 0.991 -0.136 -0. 611.010 0. 0. -1. 0.
0.136 0.991 0. -166.185 0.991 -0.136 -0. 611.033 0. 0. -1. 0.
0.138 0.990 0. -166.143 0.990 -0.138 -0. 611.057 0. 0. -1. 0.
0.131 0.991 0. -166.088 0.991 -0.131 -0. 611.055 0. 0. -1. 0.
0.131 0.991 0. -166.086 0.991 -0.131 -0. 611.023 0. 0. -1. 0.
