1. 0. 0. 0. 0. -1. -0. 0. 0. 0. -1. 0.
1. 0. 0. -0.002 0. -1. -0. -0.005 0. 0. -1. 0.
1. 0.000 0. -0.003 0.000 -1. -0. 0.000 0. 0. -1. 0.
1. 0.000 0. -0.002 0.000 -1. -0. -0.001 0. 0. -1. 0.
1. 0.000 0. -0.001 0.000 -1. -0. -0.001 0. 0. -1. 0.
1. 0.000 0. -0.002 0.000 -1. -0. -0.004 0. 0. -1. 0.
1. 0.000 0. -0.002 0.000 -1. -0. -0.004 0. 0. -1. 0.
1. 0.000 0. 0.003 0.000 -1. -0. -0.001 0. 0. -1. 0.
1. 0.000 0. -0.004 0.000 -1. -0. -0.004 0. 0. -1. 0.
1. 0. 0. -0.003 0. -1. -0. -0.006 0. 0. -1. 0.
1. 0.000 0. -0.004 0.000 -1. -0. -0.003 0. 0. -1. 0.
1. -0. -0. -0.000 -0. -1. -0. 0.000 0. 0. -1. 0.
1. 0.000 0. 0.000 0.000 -1. -0. 0.001 0. 0. -1. 0.
1. 0. 0. -0.003 0. -1. -0. 0.001 0. 0. -1. 0.
1. -0. -0. -0.007 -0. -1. -0. 0.002 0. 0. -1. 0.
1. 0.000 0. -0.007 0.000 -1. -0. -0.005 0. 0. -1. 0.
1. 0.000 0. 0.001 0.000 -1. -0. -0.002 0. 0. -1. 0.
1. 0.000 0. -0.001 0.000 -1. -0. -0.002 0. 0. -1. 0.
1. 0.000 0. -0.003 0.000 -1. -0. -0.002 0. 0. -1. 0.
1. 0.000 0. -0.004 0.000 -1. -0. -0.002 0. 0. -1. 0.
1. 0.000 0. -0.002 0.000 -1. -0. -0.002 0. 0. -1. 0.
1. 0.000 0. -0.002 0.000 -1. -0. -0.002 0. 0. -1. 0.
1. 0. 0. -0.004 0. -1. -0. -0. 0. 0. -1. 0.
1. -0. -0. -0.002 -0. -1. -0. -0.001 0. 0. -1. 0.
1. 0. 0. -0.001 0. -1. -0. 0.003 0. 0. -1. 0.
1. -0.000 -0. -0.006 -0.000 -1. -0. 0.002 0. 0. -1. 0.
1. -0.000 -0. -0.004 -0.000 -1. -0. 0.001 0. 0. -1. 0.
1. 0. 0. -0.004 0. -1. -0. -0.002 0. 0. -1. 0.
1. -0.000 -0. -0.005 -0.000 -1. -0. 0.000 0. 0. -1. 0.
1. -0.000 -0. -0.002 -0.000 -1. -0. -0.004 0. 0. -1. 0.
1. 0. 0. -0.002 0. -1. -0. -0.003 0. 0. -1. 0.
1. 0.000 0. -0.004 0.000 -1. -0. 0.002 0. 0. -1. 0.
1. 0.000 0. -0.004 0.000 -1. -0. -0.004 0. 0. -1. 0.
1. 0.000 0. -0.003 0.000 -1. -0. -0.004 0. 0. -1. 0.
1. 0. 0. -0.006 0. -1. -0. -0.008 0. 0. -1. 0.
1. -0.000 -0. 0.000 -0.000 -1. -0. -0.015 0. 0. -1. 0.
1. -0.000 -0. 0.037 -0.000 -1. -0. -0.020 0. 0. -1. 0.
1. 0.000 0. 0.086 0.000 -1. -0. -0.006 0. 0. -1. 0.
1. 0.000 0. 0.120 0.000 -1. -0. 0.006 0. 0. -1. 0.
1. -0.000 -0. 0.152 -0.000 -1. -0. 0.001 0. 0. -1. 0.
1. -0.000 -0. 0.202 -0.000 -1. -0. 0.006 0. 0. -1. 0.
1. -0.001 -0. 0.262 -0.001 -1. -0. -0.007 0. 0. -1. 0.
1. -0.001 -0. 0.324 -0.001 -1. -0. -0.007 0. 0. -1. 0.
1. -0.003 -0. 0.378 -0.003 -1. -0. -0.038 0. 0. -1. 0.
1. -0.004 -0. 0.451 -0.004 -1. -0. -0.031 0. 0. -1. 0.
1. -0.006 -0. 0.523 -0.006 -1. -0. -0.057 0. 0. -1. 0.
1. -0.009 -0. 0.623 -0.009 -1. -0. -0.054 0. 0. -1. 0.
1.000 -0.018 -0. 0.702 -0.018 -1.000 -0. -0.020 0. 0. -1. 0.
1.000 -0.025 -0. 0.782 -0.025 -1.000 -0. -0.077 0. 0. -1. 0.
1.000 -0.029 -0. 0.953 -0.029 -1.000 -0. -0.070 0. 0. -1. 0.
0.999 -0.036 -0. 1.029 -0.036 -0.999 -0. -0.078 0. 0. -1. 0.
0.999 -0.042 -0. 1.153 -0.042 -0.999 -0. -0.107 0. 0. -1. 0.
0.999 -0.052 -0. 1.262 -0.052 -0.999 -0. -0.128 0. 0. -1. 0.
0.998 -0.062 -0. 1.359 -0.062 -0.998 -0. -0.175 0. 0. -1. 0.
0.997 -0.074 -0. 1.492 -0.074 -0.997 -0. -0.158 0. 0. -1. 0.
0.996 -0.085 -0. 1.667 -0.085 -0.996 -0. -0.143 0. 0. -1. 0.
0.995 -0.102 -0. 1.798 -0.102 -0.995 -0. -0.194 0. 0. -1. 0.
0.993 -0.120 -0. 1.984 -0.120 -0.993 -0. -0.239 0. 0. -1. 0.
0.990 -0.138 -0. 2.166 -0.138 -0.990 -0. -0.289 0. 0. -1. 0.
0.988 -0.156 -0. 2.411 -0.156 -0.988 -0. -0.332 0. 0. -1. 0.
0.983 -0.181 -0. 2.662 -0.181 -0.983 -0. -0.389 0. 0. -1. 0.
0.979 -0.205 -0. 2.954 -0.205 -0.979 -0. -0.506 0. 0. -1. 0.
0.974 -0.229 -0. 3.314 -0.229 -0.974 -0. -0.619 0. 0. -1. 0.
0.969 -0.249 -0. 3.756 -0.249 -0.969 -0. -0.716 0. 0. -1. 0.
0.963 -0.268 -0. 4.188 -0.268 -0.963 -0. -0.812 0. 0. -1. 0.
0.959 -0.285 -0. 4.687 -0.285 -0.959 -0. -0.970 0. 0. -1. 0.
0.957 -0.292 -0. 5.163 -0.292 -0.957 -0. -1.147 0. 0. -1. 0.
0.957 -0.291 -0. 5.685 -0.291 -0.957 -0. -1.342 0. 0. -1. 0.
0.964 -0.267 -0. 6.280 -0.267 -0.964 -0. -1.478 0. 0. -1. 0.
0.970 -0.244 -0. 6.884 -0.244 -0.970 -0. -1.663 0. 0. -1. 0.
0.976 -0.218 -0. 7.578 -0.218 -0.976 -0. -1.851 0. 0. -1. 0.
0.982 -0.188 -0. 8.339 -0.188 -0.982 -0. -2.007 0. 0. -1. 0.
0.986 -0.169 -0. 9.186 -0.169 -0.986 -0. -2.129 0. 0. -1. 0.
0.987 -0.160 -0. 10.131 -0.160 -0.987 -0. -2.266 0. 0. -1. 0.
0.989 -0.150 -0. 11.070 -0.150 -0.989 -0. -2.526 0. 0. -1. 0.
0.990 -0.141 -0. 12.072 -0.141 -0.990 -0. -2.626 0. 0. -1. 0.
0.992 -0.129 -0. 13.174 -0.129 -0.992 -0. -2.822 0. 0. -1. 0.
0.993 -0.119 -0. 14.270 -0.119 -0.993 -0. -2.929 0. 0. -1. 0.
0.994 -0.109 -0. 15.470 -0.109 -0.994 -0. -3.041 0. 0. -1. 0.
0.995 -0.097 -0. 16.660 -0.097 -0.995 -0. -3.206 0. 0. -1. 0.
0.997 -0.082 -0. 17.840 -0.082 -0.997 -0. -3.246 0. 0. -1. 0.
0.997 -0.079 -0. 19.215 -0.079 -0.997 -0. -3.366 0. 0. -1. 0.
0.997 -0.075 -0. 20.507 -0.075 -0.997 -0. -3.546 0. 0. -1. 0.
0.997 -0.078 -0. 21.928 -0.078 -0.997 -0. -3.666 0. 0. -1. 0.
0.997 -0.083 -0. 23.293 -0.083 -0.997 -0. -3.858 0. 0. -1. 0.
0.997 -0.080 -0. 24.742 -0.080 -0.997 -0. -3.960 0. 0. -1. 0.
0.997 -0.074 -0. 26.157 -0.074 -0.997 -0. -4.163 0. 0. -1. 0.
0.997 -0.073 -0. 27.726 -0.073 -0.997 -0. -4.217 0. 0. -1. 0.
0.997 -0.072 -0. 29.213 -0.072 -0.997 -0. -4.436 0. 0. -1. 0.
0.997 -0.072 -0. 30.686 -0.072 -0.997 -0. -4.551 0. 0. -1. 0.
0.997 -0.074 -0. 32.259 -0.074 -0.997 -0. -4.782 0. 0. -1. 0.
0.996 -0.084 -0. 33.892 -0.084 -0.996 -0. -4.914 0. 0. -1. 0.
0.996 -0.094 -0. 35.431 -0.094 -0.996 -0. -5.097 0. 0. -1. 0.
0.995 -0.098 -0. 37.124 -0.098 -0.995 -0. -5.331 0. 0. -1. 0.
0.995 -0.095 -0. 38.651 -0.095 -0.995 -0. -5.510 0. 0. -1. 0.
0.996 -0.089 -0. 40.291 -0.089 -0.996 -0. -5.682 0. 0. -1. 0.
0.997 -0.080 -0. 42.007 -0.080 -0.997 -0. -5.749 0. 0. -1. 0.
0.997 -0.072 -0. 43.635 -0.072 -0.997 -0. -6.037 0. 0. -1. 0.
0.998 -0.065 -0. 45.375 -0.065 -0.998 -0. -6.058 0. 0. -1. 0.
0.998 -0.065 -0. 47.076 -0.065 -0.998 -0. -6.209 0. 0. -1. 0.
0.998 -0.067 -0. 48.847 -0.067 -0.998 -0. -6.388 0. 0. -1. 0.
0.998 -0.066 -0. 50.620 -0.066 -0.998 -0. -6.553 0. 0. -1. 0.
0.998 -0.062 -0. 52.422 -0.062 -0.998 -0. -6.725 0. 0. -1. 0.
0.999 -0.049 -0. 54.276 -0.049 -0.999 -0. -6.888 0. 0. -1. 0.
0.999 -0.035 -0. 56.139 -0.035 -0.999 -0. -7.002 0. 0. -1. 0.
1.000 -0.025 -0. 58.011 -0.025 -1.000 -0. -7.086 0. 0. -1. 0.
1.000 -0.017 -0. 59.898 -0.017 -1.000 -0. -7.205 0. 0. -1. 0.
1. -0.012 -0. 61.827 -0.012 -1. -0. -7.231 0. 0. -1. 0.
1. -0.010 -0. 63.797 -0.010 -1. -0. -7.284 0. 0. -1. 0.
1. -0.004 -0. 65.769 -0.004 -1. -0. -7.408 0. 0. -1. 0.
1. 0.004 0. 67.768 0.004 -1. -0. -7.450 0. 0. -1. 0.
1. 0.004 0. 69.742 0.004 -1. -0. -7.480 0. 0. -1. 0.
1. 0.003 0. 71.746 0.003 -1. -0. -7.431 0. 0. -1. 0.
1. 0.005 0. 73.758 0.005 -1. -0. -7.427 0. 0. -1. 0.
1. 0.008 0. 75.812 0.008 -1. -0. -7.481 0. 0. -1. 0.
1. -0.003 -0. 77.845 -0.003 -1. -0. -7.486 0. 0. -1. 0.
1.000 -0.018 -0. 79.892 -0.018 -1.000 -0. -7.476 0. 0. -1. 0.
0.999 -0.040 -0. 81.881 -0.040 -0.999 -0. -7.599 0. 0. -1. 0.
0.998 -0.064 -0. 83.904 -0.064 -0.998 -0. -7.774 0. 0. -1. 0.
0.996 -0.092 -0. 85.901 -0.092 -0.996 -0. -7.997 0. 0. -1. 0.
0.992 -0.129 -0. 87.845 -0.129 -0.992 -0. -8.260 0. 0. -1. 0.
0.986 -0.170 -0. 89.817 -0.170 -0.986 -0. -8.610 0. 0. -1. 0.
0.977 -0.213 -0. 91.735 -0.213 -0.977 -0. -9.034 0. 0. -1. 0.
0.965 -0.261 -0. 93.646 -0.261 -0.965 -0. -9.593 0. 0. -1. 0.
0.950 -0.311 -0. 95.513 -0.311 -0.950 -0. -10.212 0. 0. -1. 0.
0.930 -0.367 -0. 97.316 -0.367 -0.930 -0. -10.939 0. 0. -1. 0.
0.907 -0.422 -0. 99.047 -0.422 -0.907 -0. -11.737 0. 0. -1. 0.
0.877 -0.481 -0. 100.736 -0.481 -0.877 -0. -12.729 0. 0. -1. 0.
0.847 -0.532 -0. 102.282 -0.532 -0.847 -0. -13.689 0. 0. -1. 0.
0.818 -0.575 -0. 103.837 -0.575 -0.818 -0. -14.869 0. 0. -1. 0.
0.794 -0.608 -0. 105.392 -0.608 -0.794 -0. -16.025 0. 0. -1. 0.
0.763 -0.647 -0. 106.959 -0.647 -0.763 -0. -17.245 0. 0. -1. 0.
0.723 -0.691 -0. 108.278 -0.691 -0.723 -0. -18.487 0. 0. -1. 0.
0.677 -0.736 -0. 109.449 -0.736 -0.677 -0. -19.894 0. 0. -1. 0.
0.629 -0.778 -0. 110.590 -0.778 -0.629 -0. -21.358 0. 0. -1. 0.
0.579 -0.815 -0. 111.682 -0.815 -0.579 -0. -22.765 0. 0. -1. 0.
0.526 -0.851 -0. 112.600 -0.851 -0.526 -0. -24.244 0. 0. -1. 0.
0.471 -0.882 -0. 113.340 -0.882 -0.471 -0. -25.960 0. 0. -1. 0.
0.425 -0.905 -0. 114.052 -0.905 -0.425 -0. -27.656 0. 0. -1. 0.
0.386 -0.922 -0. 114.781 -0.922 -0.386 -0. -29.238 0. 0. -1. 0.
0.357 -0.934 -0. 115.390 -0.934 -0.357 -0. -30.829 0. 0. -1. 0.
0.334 -0.943 -0. 115.984 -0.943 -0.334 -0. -32.564 0. 0. -1. 0.
0.323 -0.946 -0. 116.550 -0.946 -0.323 -0. -34.337 0. 0. -1. 0.
0.318 -0.948 -0. 117.012 -0.948 -0.318 -0. -36.050 0. 0. -1. 0.
0.319 -0.948 -0. 117.704 -0.948 -0.319 -0. -37.810 0. 0. -1. 0.
0.326 -0.945 -0. 118.249 -0.945 -0.326 -0. -39.554 0. 0. -1. 0.
0.333 -0.943 -0. 118.714 -0.943 -0.333 -0. -41.301 0. 0. -1. 0.
0.344 -0.939 -0. 119.233 -0.939 -0.344 -0. -42.990 0. 0. -1. 0.
0.360 -0.933 -0. 119.886 -0.933 -0.360 -0. -44.589 0. 0. -1. 0.
0.377 -0.926 -0. 120.452 -0.926 -0.377 -0. -46.080 0. 0. -1. 0.
0.395 -0.919 -0. 121.131 -0.919 -0.395 -0. -47.432 0. 0. -1. 0.
0.411 -0.912 -0. 121.662 -0.912 -0.411 -0. -48.757 0. 0. -1. 0.
0.424 -0.906 -0. 122.192 -0.906 -0.424 -0. -49.917 0. 0. -1. 0.
0.435 -0.901 -0. 122.674 -0.901 -0.435 -0. -51.009 0. 0. -1. 0.
0.445 -0.895 -0. 123.120 -0.895 -0.445 -0. -51.904 0. 0. -1. 0.
0.455 -0.891 -0. 123.489 -0.891 -0.455 -0. -52.596 0. 0. -1. 0.
0.460 -0.888 -0. 123.723 -0.888 -0.460 -0. -53.229 0. 0. -1. 0.
0.465 -0.885 -0. 124.038 -0.885 -0.465 -0. -53.679 0. 0. -1. 0.
0.468 -0.884 -0. 124.198 -0.884 -0.468 -0. -53.999 0. 0. -1. 0.
0.471 -0.882 -0. 124.342 -0.882 -0.471 -0. -54.314 0. 0. -1. 0.
0.476 -0.879 -0. 124.524 -0.879 -0.476 -0. -54.691 0. 0. -1. 0.
0.480 -0.877 -0. 124.778 -0.877 -0.480 -0. -55.083 0. 0. -1. 0.
0.485 -0.875 -0. 124.944 -0.875 -0.485 -0. -55.499 0. 0. -1. 0.
0.489 -0.872 -0. 125.138 -0.872 -0.489 -0. -55.999 0. 0. -1. 0.
0.495 -0.869 -0. 125.551 -0.869 -0.495 -0. -56.638 0. 0. -1. 0.
0.506 -0.863 -0. 125.895 -0.863 -0.506 -0. -57.272 0. 0. -1. 0.
0.518 -0.855 -0. 126.363 -0.855 -0.518 -0. -58.122 0. 0. -1. 0.
0.530 -0.848 -0. 126.901 -0.848 -0.530 -0. -58.977 0. 0. -1. 0.
0.543 -0.839 -0. 127.433 -0.839 -0.543 -0. -60.003 0. 0. -1. 0.
0.555 -0.832 -0. 128.205 -0.832 -0.555 -0. -61.129 0. 0. -1. 0.
0.570 -0.822 -0. 128.914 -0.822 -0.570 -0. -62.214 0. 0. -1. 0.
0.586 -0.810 -0. 129.720 -0.810 -0.586 -0. -63.450 0. 0. -1. 0.
0.599 -0.801 -0. 130.728 -0.801 -0.599 -0. -64.688 0. 0. -1. 0.
0.608 -0.794 -0. 131.630 -0.794 -0.608 -0. -65.965 0. 0. -1. 0.
0.613 -0.790 -0. 132.420 -0.790 -0.613 -0. -67.073 0. 0. -1. 0.
0.617 -0.787 -0. 133.365 -0.787 -0.617 -0. -68.235 0. 0. -1. 0.
0.621 -0.784 -0. 134.249 -0.784 -0.621 -0. -69.369 0. 0. -1. 0.
0.626 -0.780 -0. 135.083 -0.780 -0.626 -0. -70.528 0. 0. -1. 0.
0.631 -0.776 -0. 135.912 -0.776 -0.631 -0. -71.568 0. 0. -1. 0.
0.636 -0.772 -0. 136.810 -0.772 -0.636 -0. -72.622 0. 0. -1. 0.
0.643 -0.766 -0. 137.660 -0.766 -0.643 -0. -73.690 0. 0. -1. 0.
0.652 -0.758 -0. 138.554 -0.758 -0.652 -0. -74.689 0. 0. -1. 0.
0.665 -0.747 -0. 139.367 -0.747 -0.665 -0. -75.776 0. 0. -1. 0.
0.678 -0.735 -0. 140.249 -0.735 -0.678 -0. -76.635 0. 0. -1. 0.
0.701 -0.713 -0. 141.109 -0.713 -0.701 -0. -77.561 0. 0. -1. 0.
0.734 -0.679 -0. 141.963 -0.679 -0.734 -0. -78.345 0. 0. -1. 0.
0.779 -0.627 -0. 142.827 -0.627 -0.779 -0. -79.085 0. 0. -1. 0.
0.819 -0.574 -0. 143.710 -0.574 -0.819 -0. -79.787 0. 0. -1. 0.
0.858 -0.514 -0. 144.657 -0.514 -0.858 -0. -80.378 0. 0. -1. 0.
0.903 -0.430 -0. 145.510 -0.430 -0.903 -0. -80.940 0. 0. -1. 0.
0.949 -0.317 -0. 146.531 -0.317 -0.949 -0. -81.300 0. 0. -1. 0.
0.984 -0.178 -0. 147.510 -0.178 -0.984 -0. -81.420 0. 0. -1. 0.
0.999 -0.035 -0. 148.503 -0.035 -0.999 -0. -81.371 0. 0. -1. 0.
0.994 0.107 0. 149.516 0.107 -0.994 -0. -81.258 0. 0. -1. 0.
0.967 0.254 0. 150.409 0.254 -0.967 -0. -81.081 0. 0. -1. 0.
0.918 0.397 0. 151.284 0.397 -0.918 -0. -80.590 0. 0. -1. 0.
0.845 0.535 0. 152.017 0.535 -0.845 -0. -80.160 0. 0. -1. 0.
0.751 0.661 0. 152.692 0.661 -0.751 -0. -79.494 0. 0. -1. 0.
0.635 0.772 0. 153.273 0.772 -0.635 -0. -78.847 0. 0. -1. 0.
0.500 0.866 0. 153.729 0.866 -0.500 -0. -77.992 0. 0. -1. 0.
0.350 0.937 0. 154.018 0.937 -0.350 -0. -77.122 0. 0. -1. 0.
0.191 0.982 0. 154.134 0.982 -0.191 -0. -76.304 0. 0. -1. 0.
0.022 1.000 0. 154.091 1.000 -0.022 -0. -75.388 0. 0. -1. 0.
-0.153 0.988 0. 154.036 0.988 0.153 0. -74.504 0. 0. -1. 0.
-0.325 0.946 0. 153.626 0.946 0.325 0. -73.605 0. 0. -1. 0.
-0.485 0.874 0. 153.240 0.874 0.485 0. -72.665 0. 0. -1. 0.
-0.627 0.779 0. 152.522 0.779 0.627 0. -71.892 0. 0. -1. 0.
-0.740 0.673 0. 151.730 0.673 0.740 0. -71.163 0. 0. -1. 0.
-0.823 0.568 0. 150.879 0.568 0.823 0. -70.566 0. 0. -1. 0.
-0.880 0.475 0. 149.875 0.475 0.880 0. -70.043 0. 0. -1. 0.
-0.913 0.408 0. 148.776 0.408 0.913 0. -69.526 0. 0. -1. 0.
-0.936 0.353 0. 147.709 0.353 0.936 0. -69.136 0. 0. -1. 0.
-0.949 0.315 0. 146.594 0.315 0.949 0. -68.733 0. 0. -1. 0.
-0.960 0.280 0. 145.388 0.280 0.960 0. -68.519 0. 0. -1. 0.
-0.965 0.262 0. 144.179 0.262 0.965 0. -68.152 0. 0. -1. 0.
-0.968 0.252 0. 142.912 0.252 0.968 0. -67.893 0. 0. -1. 0.
-0.968 0.251 0. 141.691 0.251 0.968 0. -67.408 0. 0. -1. 0.
-0.965 0.262 0. 140.328 0.262 0.965 0. -67.182 0. 0. -1. 0.
-0.961 0.278 0. 139.117 0.278 0.961 0. -66.713 0. 0. -1. 0.
-0.954 0.299 0. 137.733 0.299 0.954 0. -66.265 0. 0. -1. 0.
-0.945 0.327 0. 136.449 0.327 0.945 0. -65.767 0. 0. -1. 0.
-0.932 0.363 0. 135.096 0.363 0.932 0. -65.245 0. 0. -1. 0.
-0.913 0.407 0. 133.768 0.407 0.913 0. -64.657 0. 0. -1. 0.
-0.888 0.460 0. 132.417 0.460 0.888 0. -63.872 0. 0. -1. 0.
-0.856 0.516 0. 131.096 0.516 0.856 0. -63.047 0. 0. -1. 0.
-0.818 0.575 0. 129.853 0.575 0.818 0. -62.175 0. 0. -1. 0.
-0.774 0.633 0. 128.679 0.633 0.774 0. -61.178 0. 0. -1. 0.
-0.725 0.688 0. 127.570 0.688 0.725 0. -60.105 0. 0. -1. 0.
-0.672 0.740 0. 126.522 0.740 0.672 0. -58.844 0. 0. -1. 0.
-0.615 0.788 0. 125.566 0.788 0.615 0. -57.567 0. 0. -1. 0.
-0.560 0.829 0. 124.622 0.829 0.560 0. -56.112 0. 0. -1. 0.
-0.508 0.861 0. 123.756 0.861 0.508 0. -54.570 0. 0. -1. 0.
-0.459 0.889 0. 122.940 0.889 0.459 0. -52.960 0. 0. -1. 0.
-0.410 0.912 0. 122.131 0.912 0.410 0. -51.242 0. 0. -1. 0.
-0.362 0.932 0. 121.480 0.932 0.362 0. -49.463 0. 0. -1. 0.
-0.323 0.946 0. 120.831 0.946 0.323 0. -47.689 0. 0. -1. 0.
-0.290 0.957 0. 120.379 0.957 0.290 0. -45.912 0. 0. -1. 0.
-0.270 0.963 0. 119.836 0.963 0.270 0. -44.047 0. 0. -1. 0.
-0.251 0.968 0. 119.487 0.968 0.251 0. -42.275 0. 0. -1. 0.
-0.241 0.971 0. 118.904 0.971 0.241 0. -40.508 0. 0. -1. 0.
-0.247 0.969 0. 118.624 0.969 0.247 0. -38.651 0. 0. -1. 0.
-0.261 0.965 0. 118.162 0.965 0.261 0. -36.888 0. 0. -1. 0.
-0.270 0.963 0. 117.773 0.963 0.270 0. -35.109 0. 0. -1. 0.
-0.276 0.961 0. 117.306 0.961 0.276 0. -33.372 0. 0. -1. 0.
-0.291 0.957 0. 116.807 0.957 0.291 0. -31.676 0. 0. -1. 0.
-0.312 0.950 0. 116.361 0.950 0.312 0. -29.946 0. 0. -1. 0.
-0.334 0.942 0. 115.750 0.942 0.334 0. -28.261 0. 0. -1. 0.
-0.361 0.933 0. 115.160 0.933 0.361 0. -26.617 0. 0. -1. 0.
-0.396 0.918 0. 114.492 0.918 0.396 0. -24.990 0. 0. -1. 0.
-0.441 0.897 0. 113.695 0.897 0.441 0. -23.458 0. 0. -1. 0.
-0.493 0.870 0. 113.002 0.870 0.493 0. -21.911 0. 0. -1. 0.
-0.545 0.838 0. 112.182 0.838 0.545 0. -20.396 0. 0. -1. 0.
-0.607 0.795 0. 111.155 0.795 0.607 0. -18.933 0. 0. -1. 0.
-0.670 0.742 0. 109.974 0.742 0.670 0. -17.409 0. 0. -1. 0.
-0.729 0.685 0. 108.572 0.685 0.729 0. -16.083 0. 0. -1. 0.
-0.784 0.621 0. 107.250 0.621 0.784 0. -14.891 0. 0. -1. 0.
-0.832 0.555 0. 105.712 0.555 0.832 0. -13.845 0. 0. -1. 0.
-0.873 0.488 0. 104.151 0.488 0.873 0. -12.912 0. 0. -1. 0.
-0.905 0.425 0. 102.495 0.425 0.905 0. -12.117 0. 0. -1. 0.
-0.926 0.379 0. 100.701 0.379 0.926 0. -11.377 0. 0. -1. 0.
-0.945 0.327 0. 98.886 0.327 0.945 0. -10.653 0. 0. -1. 0.
-0.961 0.277 0. 97.021 0.277 0.961 0. -10.059 0. 0. -1. 0.
-0.972 0.234 0. 95.147 0.234 0.972 0. -9.573 0. 0. -1. 0.
-0.980 0.199 0. 93.259 0.199 0.980 0. -9.096 0. 0. -1. 0.
-0.986 0.168 0. 91.254 0.168 0.986 0. -8.713 0. 0. -1. 0.
-0.990 0.144 0. 89.157 0.144 0.990 0. -8.424 0. 0. -1. 0.
-0.993 0.121 0. 87.164 0.121 0.993 0. -8.143 0. 0. -1. 0.
-0.995 0.098 0. 85.014 0.098 0.995 0. -7.879 0. 0. -1. 0.
-0.997 0.073 0. 82.810 0.073 0.997 0. -7.662 0. 0. -1. 0.
-0.999 0.050 0. 80.647 0.050 0.999 0. -7.555 0. 0. -1. 0.
-0.999 0.035 0. 78.443 0.035 0.999 0. -7.442 0. 0. -1. 0.
-1.000 0.015 0. 76.260 0.015 1.000 0. -7.328 0. 0. -1. 0.
-1. 0.004 0. 74.114 0.004 1. 0. -7.281 0. 0. -1. 0.
-1. 0.002 0. 71.920 0.002 1. 0. -7.188 0. 0. -1. 0.
-1. 0.005 0. 69.725 0.005 1. 0. -7.185 0. 0. -1. 0.
-1. 0.010 0. 67.536 0.010 1. 0. -7.109 0. 0. -1. 0.
-1. 0.010 0. 65.287 0.010 1. 0. -7.107 0. 0. -1. 0.
-1. 0.011 0. 63.021 0.011 1. 0. -7.016 0. 0. -1. 0.
-1. 0.006 0. 60.714 0.006 1. 0. -6.898 0. 0. -1. 0.
-1. 0.006 0. 58.486 0.006 1. 0. -6.859 0. 0. -1. 0.
-1. 0.012 0. 56.175 0.012 1. 0. -6.789 0. 0. -1. 0.
-1.000 0.020 0. 53.895 0.020 1.000 0. -6.754 0. 0. -1. 0.
-1.000 0.024 0. 51.634 0.024 1.000 0. -6.663 0. 0. -1. 0.
-0.999 0.035 0. 49.362 0.035 0.999 0. -6.566 0. 0. -1. 0.
-0.999 0.046 0. 47.134 0.046 0.999 0. -6.440 0. 0. -1. 0.
-0.998 0.064 0. 44.922 0.064 0.998 0. -6.211 0. 0. -1. 0.
-0.997 0.079 0. 42.761 0.079 0.997 0. -5.975 0. 0. -1. 0.
-0.996 0.088 0. 40.562 0.088 0.996 0. -5.711 0. 0. -1. 0.
-0.996 0.094 0. 38.402 0.094 0.996 0. -5.429 0. 0. -1. 0.
-0.995 0.100 0. 36.382 0.100 0.995 0. -5.214 0. 0. -1. 0.
-0.995 0.100 0. 34.166 0.100 0.995 0. -4.861 0. 0. -1. 0.
-0.995 0.100 0. 32.115 0.100 0.995 0. -4.692 0. 0. -1. 0.
-0.995 0.103 0. 30.074 0.103 0.995 0. -4.401 0. 0. -1. 0.
-0.994 0.105 0. 27.967 0.105 0.994 0. -4.135 0. 0. -1. 0.
-0.994 0.107 0. 25.863 0.107 0.994 0. -3.816 0. 0. -1. 0.
-0.994 0.114 0. 23.767 0.114 0.994 0. -3.572 0. 0. -1. 0.
-0.993 0.117 0. 21.738 0.117 0.993 0. -3.333 0. 0. -1. 0.
-0.993 0.120 0. 19.815 0.120 0.993 0. -3.106 0. 0. -1. 0.
-0.992 0.125 0. 18.034 0.125 0.992 0. -2.817 0. 0. -1. 0.
-0.992 0.126 0. 16.248 0.126 0.992 0. -2.581 0. 0. -1. 0.
-0.992 0.127 0. 14.608 0.127 0.992 0. -2.326 0. 0. -1. 0.
-0.992 0.125 0. 12.990 0.125 0.992 0. -2.091 0. 0. -1. 0.
-0.992 0.129 0. 11.345 0.129 0.992 0. -1.888 0. 0. -1. 0.
-0.992 0.128 0. 9.665 0.128 0.992 0. -1.641 0. 0. -1. 0.
-0.992 0.128 0. 8.037 0.128 0.992 0. -1.390 0. 0. -1. 0.
-0.991 0.133 0. 6.474 0.133 0.991 0. -1.130 0. 0. -1. 0.
-0.991 0.133 0. 4.850 0.133 0.991 0. -0.906 0. 0. -1. 0.
-0.991 0.137 0. 3.251 0.137 0.991 0. -0.639 0. 0. -1. 0.
-0.990 0.141 0. 1.679 0.141 0.990 0. -0.355 0. 0. -1. 0.
-0.990 0.143 0. 0.067 0.143 0.990 0. -0.116 0. 0. -1. 0.
-0.989 0.149 0. -1.517 0.149 0.989 0. 0.154 0. 0. -1. 0.
-0.990 0.141 0. -3.097 0.141 0.990 0. 0.467 0. 0. -1. 0.
-0.991 0.132 0. -4.672 0.132 0.991 0. 0.630 0. 0. -1. 0.
-0.993 0.118 0. -6.005 0.118 0.993 0. 0.844 0. 0. -1. 0.
-0.995 0.104 0. -7.306 0.104 0.995 0. 1.101 0. 0. -1. 0.
-0.996 0.094 0. -8.493 0.094 0.996 0. 1.144 0. 0. -1. 0.
-0.997 0.080 0. -9.481 0.080 0.997 0. 1.162 0. 0. -1. 0.
-0.998 0.070 0. -10.212 0.070 0.998 0. 1.331 0. 0. -1. 0.
-0.998 0.058 0. -10.770 0.058 0.998 0. 1.413 0. 0. -1. 0.
-0.999 0.050 0. -11.259 0.050 0.999 0. 1.365 0. 0. -1. 0.
-0.999 0.044 0. -11.610 0.044 0.999 0. 1.354 0. 0. -1. 0.
-0.999 0.041 0. -11.952 0.041 0.999 0. 1.453 0. 0. -1. 0.
-0.999 0.036 0. -12.366 0.036 0.999 0. 1.432 0. 0. -1. 0.
-1.000 0.031 0. -12.756 0.031 1.000 0. 1.468 0. 0. -1. 0.
-1.000 0.028 0. -13.309 0.028 1.000 0. 1.551 0. 0. -1. 0.
-1.000 0.029 0. -13.991 0.029 1.000 0. 1.568 0. 0. -1. 0.
-1.000 0.031 0. -14.773 0.031 1.000 0. 1.652 0. 0. -1. 0.
-0.999 0.034 0. -15.741 0.034 0.999 0. 1.633 0. 0. -1. 0.
-0.999 0.034 0. -16.823 0.034 0.999 0. 1.712 0. 0. -1. 0.
-0.999 0.039 0. -18.121 0.039 0.999 0. 1.787 0. 0. -1. 0.
-0.999 0.040 0. -19.470 0.040 0.999 0. 1.857 0. 0. -1. 0.
-0.999 0.041 0. -21.145 0.041 0.999 0. 1.948 0. 0. -1. 0.
-0.999 0.043 0. -22.676 0.043 0.999 0. 2.022 0. 0. -1. 0.
-0.999 0.044 0. -24.463 0.044 0.999 0. 2.127 0. 0. -1. 0.
-0.999 0.046 0. -26.330 0.046 0.999 0. 2.226 0. 0. -1. 0.
-0.999 0.046 0. -28.193 0.046 0.999 0. 2.399 0. 0. -1. 0.
-0.999 0.050 0. -30.053 0.050 0.999 0. 2.502 0. 0. -1. 0.
-0.999 0.048 0. -31.953 0.048 0.999 0. 2.616 0. 0. -1. 0.
-0.999 0.050 0. -33.987 0.050 0.999 0. 2.761 0. 0. -1. 0.
-0.998 0.056 0. -36.053 0.056 0.998 0. 2.891 0. 0. -1. 0.
-0.999 0.053 0. -37.943 0.053 0.999 0. 2.986 0. 0. -1. 0.
-0.998 0.056 0. -40.003 0.056 0.998 0. 3.209 0. 0. -1. 0.
-0.998 0.061 0. -42.038 0.061 0.998 0. 3.321 0. 0. -1. 0.
-0.998 0.060 0. -44.095 0.060 0.998 0. 3.574 0. 0. -1. 0.
-0.998 0.068 0. -46.161 0.068 0.998 0. 3.741 0. 0. -1. 0.
-0.997 0.072 0. -48.157 0.072 0.997 0. 3.841 0. 0. -1. 0.
-0.997 0.076 0. -50.123 0.076 0.997 0. 4.064 0. 0. -1. 0.
-0.996 0.090 0. -52.093 0.090 0.996 0. 4.209 0. 0. -1. 0.
-0.993 0.116 0. -53.951 0.116 0.993 0. 4.444 0. 0. -1. 0.
-0.988 0.153 0. -55.703 0.153 0.988 0. 4.774 0. 0. -1. 0.
-0.978 0.208 0. -57.388 0.208 0.978 0. 5.137 0. 0. -1. 0.
-0.962 0.273 0. -58.874 0.273 0.962 0. 5.609 0. 0. -1. 0.
-0.937 0.349 0. -60.292 0.349 0.937 0. 6.182 0. 0. -1. 0.
-0.904 0.428 0. -61.537 0.428 0.904 0. 6.893 0. 0. -1. 0.
-0.856 0.516 0. -62.701 0.516 0.856 0. 7.526 0. 0. -1. 0.
-0.794 0.608 0. -63.668 0.608 0.794 0. 8.374 0. 0. -1. 0.
-0.719 0.695 0. -64.532 0.695 0.719 0. 9.257 0. 0. -1. 0.
-0.633 0.774 0. -65.349 0.774 0.633 0. 10.199 0. 0. -1. 0.
-0.537 0.844 0. -66.002 0.844 0.537 0. 11.280 0. 0. -1. 0.
-0.442 0.897 0. -66.559 0.897 0.442 0. 12.416 0. 0. -1. 0.
-0.340 0.940 0. -66.970 0.940 0.340 0. 13.547 0. 0. -1. 0.
-0.234 0.972 0. -67.193 0.972 0.234 0. 14.729 0. 0. -1. 0.
-0.137 0.991 0. -67.254 0.991 0.137 0. 15.998 0. 0. -1. 0.
-0.051 0.999 0. -67.296 0.999 0.051 0. 17.311 0. 0. -1. 0.
-0.000 1. 0. -67.355 1. 0.000 0. 18.674 0. 0. -1. 0.
0.023 1.000 0. -67.308 1.000 -0.023 -0. 20.169 0. 0. -1. 0.
0.022 1.000 0. -67.135 1.000 -0.022 -0. 21.721 0. 0. -1. 0.
0.024 1.000 0. -67.174 1.000 -0.024 -0. 23.320 0. 0. -1. 0.
0.023 1.000 0. -67.036 1.000 -0.023 -0. 24.976 0. 0. -1. 0.
0.024 1.000 0. -66.980 1.000 -0.024 -0. 26.793 0. 0. -1. 0.
0.022 1.000 0. -66.868 1.000 -0.022 -0. 28.672 0. 0. -1. 0.
0.024 1.000 0. -66.757 1.000 -0.024 -0. 30.591 0. 0. -1. 0.
0.040 0.999 0. -66.635 0.999 -0.040 -0. 32.447 0. 0. -1. 0.
0.054 0.999 0. -66.444 0.999 -0.054 -0. 34.360 0. 0. -1. 0.
0.082 0.997 0. -66.273 0.997 -0.082 -0. 36.200 0. 0. -1. 0.
0.111 0.994 0. -66.150 0.994 -0.111 -0. 37.972 0. 0. -1. 0.
0.134 0.991 0. -65.887 0.991 -0.134 -0. 39.858 0. 0. -1. 0.
0.159 0.987 0. -65.572 0.987 -0.159 -0. 41.583 0. 0. -1. 0.
0.182 0.983 0. -65.229 0.983 -0.182 -0. 43.450 0. 0. -1. 0.
0.192 0.981 0. -64.805 0.981 -0.192 -0. 45.101 0. 0. -1. 0.
0.192 0.981 0. -64.415 0.981 -0.192 -0. 46.895 0. 0. -1. 0.
0.196 0.981 0. -64.054 0.981 -0.196 -0. 48.675 0. 0. -1. 0.
0.187 0.982 0. -63.618 0.982 -0.187 -0. 50.442 0. 0. -1. 0.
0.178 0.984 0. -63.250 0.984 -0.178 -0. 52.276 0. 0. -1. 0.
0.168 0.986 0. -62.933 0.986 -0.168 -0. 54.094 0. 0. -1. 0.
0.157 0.988 0. -62.550 0.988 -0.157 -0. 55.973 0. 0. -1. 0.
0.140 0.990 0. -62.263 0.990 -0.140 -0. 57.821 0. 0. -1. 0.
0.119 0.993 0. -61.991 0.993 -0.119 -0. 59.747 0. 0. -1. 0.
0.104 0.995 0. -61.711 0.995 -0.104 -0. 61.610 0. 0. -1. 0.
0.086 0.996 0. -61.510 0.996 -0.086 -0. 63.602 0. 0. -1. 0.
0.071 0.997 0. -61.313 0.997 -0.071 -0. 65.497 0. 0. -1. 0.
0.061 0.998 0. -61.190 0.998 -0.061 -0. 67.569 0. 0. -1. 0.
0.050 0.999 0. -61.035 0.999 -0.050 -0. 69.562 0. 0. -1. 0.
0.043 0.999 0. -60.893 0.999 -0.043 -0. 71.603 0. 0. -1. 0.
0.042 0.999 0. -60.709 0.999 -0.042 -0. 73.666 0. 0. -1. 0.
0.040 0.999 0. -60.552 0.999 -0.040 -0. 75.641 0. 0. -1. 0.
0.039 0.999 0. -60.502 0.999 -0.039 -0. 77.646 0. 0. -1. 0.
0.040 0.999 0. -60.352 0.999 -0.040 -0. 79.594 0. 0. -1. 0.
0.040 0.999 0. -60.195 0.999 -0.040 -0. 81.581 0. 0. -1. 0.
0.038 0.999 0. -60.052 0.999 -0.038 -0. 83.491 0. 0. -1. 0.
0.038 0.999 0. -60.027 0.999 -0.038 -0. 85.255 0. 0. -1. 0.
0.035 0.999 0. -59.936 0.999 -0.035 -0. 86.972 0. 0. -1. 0.
0.026 1.000 0. -59.798 1.000 -0.026 -0. 88.536 0. 0. -1. 0.
-0.001 1. 0. -59.712 1. 0.001 0. 89.953 0. 0. -1. 0.
-0.060 0.998 0. -59.641 0.998 0.060 0. 91.366 0. 0. -1. 0.
-0.139 0.990 0. -59.975 0.990 0.139 0. 92.770 0. 0. -1. 0.
-0.246 0.969 0. -60.265 0.969 0.246 0. 94.025 0. 0. -1. 0.
-0.357 0.934 0. -60.728 0.934 0.357 0. 95.233 0. 0. -1. 0.
-0.470 0.883 0. -61.159 0.883 0.470 0. 96.364 0. 0. -1. 0.
-0.578 0.816 0. -61.944 0.816 0.578 0. 97.415 0. 0. -1. 0.
-0.677 0.736 0. -62.708 0.736 0.677 0. 98.280 0. 0. -1. 0.
-0.766 0.643 0. -63.610 0.643 0.766 0. 99.175 0. 0. -1. 0.
-0.841 0.541 0. -64.705 0.541 0.841 0. 99.922 0. 0. -1. 0.
-0.892 0.452 0. -65.951 0.452 0.892 0. 100.624 0. 0. -1. 0.
-0.930 0.368 0. -67.242 0.368 0.930 0. 101.081 0. 0. -1. 0.
-0.956 0.292 0. -68.680 0.292 0.956 0. 101.592 0. 0. -1. 0.
-0.975 0.224 0. -70.229 0.224 0.975 0. 101.887 0. 0. -1. 0.
-0.984 0.179 0. -71.789 0.179 0.984 0. 102.232 0. 0. -1. 0.
-0.988 0.151 0. -73.390 0.151 0.988 0. 102.551 0. 0. -1. 0.
-0.990 0.140 0. -75.071 0.140 0.990 0. 102.737 0. 0. -1. 0.
-0.988 0.153 0. -76.652 0.153 0.988 0. 103.066 0. 0. -1. 0.
-0.983 0.182 0. -78.315 0.182 0.983 0. 103.374 0. 0. -1. 0.
-0.973 0.230 0. -80.018 0.230 0.973 0. 103.814 0. 0. -1. 0.
-0.957 0.288 0. -81.664 0.288 0.957 0. 104.342 0. 0. -1. 0.
-0.934 0.357 0. -83.362 0.357 0.934 0. 104.981 0. 0. -1. 0.
-0.900 0.436 0. -84.977 0.436 0.900 0. 105.792 0. 0. -1. 0.
-0.855 0.518 0. -86.466 0.518 0.855 0. 106.861 0. 0. -1. 0.
-0.806 0.592 0. -87.943 0.592 0.806 0. 107.967 0. 0. -1. 0.
-0.765 0.645 0. -89.416 0.645 0.765 0. 109.100 0. 0. -1. 0.
-0.734 0.679 0. -90.742 0.679 0.734 0. 110.519 0. 0. -1. 0.
-0.717 0.697 0. -92.140 0.697 0.717 0. 111.827 0. 0. -1. 0.
-0.706 0.709 0. -93.517 0.709 0.706 0. 113.256 0. 0. -1. 0.
-0.700 0.714 0. -94.815 0.714 0.700 0. 114.741 0. 0. -1. 0.
-0.695 0.719 0. -96.207 0.719 0.695 0. 116.134 0. 0. -1. 0.
-0.691 0.723 0. -97.540 0.723 0.691 0. 117.551 0. 0. -1. 0.
-0.694 0.720 0. -98.855 0.720 0.694 0. 119.020 0. 0. -1. 0.
-0.693 0.721 0. -100.135 0.721 0.693 0. 120.437 0. 0. -1. 0.
-0.692 0.722 0. -101.427 0.722 0.692 0. 121.876 0. 0. -1. 0.
-0.691 0.723 0. -102.828 0.723 0.691 0. 123.344 0. 0. -1. 0.
-0.686 0.728 0. -104.058 0.728 0.686 0. 124.810 0. 0. -1. 0.
-0.680 0.733 0. -105.328 0.733 0.680 0. 126.213 0. 0. -1. 0.
-0.677 0.736 0. -106.645 0.736 0.677 0. 127.735 0. 0. -1. 0.
-0.672 0.740 0. -107.912 0.740 0.672 0. 129.153 0. 0. -1. 0.
-0.670 0.743 0. -109.205 0.743 0.670 0. 130.559 0. 0. -1. 0.
-0.666 0.746 0. -110.417 0.746 0.666 0. 132.021 0. 0. -1. 0.
-0.663 0.749 0. -111.648 0.749 0.663 0. 133.407 0. 0. -1. 0.
-0.662 0.750 0. -112.928 0.750 0.662 0. 134.829 0. 0. -1. 0.
-0.660 0.751 0. -114.082 0.751 0.660 0. 136.304 0. 0. -1. 0.
-0.658 0.753 0. -115.323 0.753 0.658 0. 137.812 0. 0. -1. 0.
-0.661 0.751 0. -116.565 0.751 0.661 0. 139.358 0. 0. -1. 0.
-0.660 0.751 0. -117.867 0.751 0.660 0. 140.928 0. 0. -1. 0.
-0.660 0.751 0. -119.177 0.751 0.660 0. 142.432 0. 0. -1. 0.
-0.662 0.750 0. -120.553 0.750 0.662 0. 144.158 0. 0. -1. 0.
-0.662 0.750 0. -121.891 0.750 0.662 0. 145.763 0. 0. -1. 0.
-0.665 0.747 0. -123.322 0.747 0.665 0. 147.494 0. 0. -1. 0.
-0.665 0.747 0. -124.774 0.747 0.665 0. 149.171 0. 0. -1. 0.
-0.664 0.747 0. -126.255 0.747 0.664 0. 150.878 0. 0. -1. 0.
-0.667 0.745 0. -127.726 0.745 0.667 0. 152.656 0. 0. -1. 0.
-0.668 0.744 0. -129.323 0.744 0.668 0. 154.394 0. 0. -1. 0.
-0.666 0.746 0. -130.911 0.746 0.666 0. 156.270 0. 0. -1. 0.
-0.660 0.751 0. -132.449 0.751 0.660 0. 158.036 0. 0. -1. 0.
-0.652 0.758 0. -133.959 0.758 0.652 0. 159.877 0. 0. -1. 0.
-0.639 0.769 0. -135.467 0.769 0.639 0. 161.759 0. 0. -1. 0.
-0.620 0.785 0. -136.939 0.785 0.620 0. 163.585 0. 0. -1. 0.
-0.599 0.801 0. -138.209 0.801 0.599 0. 165.511 0. 0. -1. 0.
-0.574 0.819 0. -139.557 0.819 0.574 0. 167.429 0. 0. -1. 0.
-0.545 0.839 0. -140.735 0.839 0.545 0. 169.444 0. 0. -1. 0.
-0.510 0.860 0. -141.954 0.860 0.510 0. 171.441 0. 0. -1. 0.
-0.473 0.881 0. -142.978 0.881 0.473 0. 173.509 0. 0. -1. 0.
-0.434 0.901 0. -143.957 0.901 0.434 0. 175.647 0. 0. -1. 0.
-0.395 0.919 0. -144.948 0.919 0.395 0. 177.792 0. 0. -1. 0.
-0.356 0.935 0. -145.682 0.935 0.356 0. 179.982 0. 0. -1. 0.
-0.314 0.949 0. -146.505 0.949 0.314 0. 182.233 0. 0. -1. 0.
-0.277 0.961 0. -147.054 0.961 0.277 0. 184.513 0. 0. -1. 0.
-0.246 0.969 0. -147.587 0.969 0.246 0. 186.836 0. 0. -1. 0.
-0.222 0.975 0. -148.177 0.975 0.222 0. 189.235 0. 0. -1. 0.
-0.197 0.980 0. -148.666 0.980 0.197 0. 191.593 0. 0. -1. 0.
-0.168 0.986 0. -149.054 0.986 0.168 0. 194.009 0. 0. -1. 0.
-0.137 0.991 0. -149.302 0.991 0.137 0. 196.469 0. 0. -1. 0.
-0.110 0.994 0. -149.671 0.994 0.110 0. 198.890 0. 0. -1. 0.
-0.091 0.996 0. -149.816 0.996 0.091 0. 201.376 0. 0. -1. 0.
-0.080 0.997 0. -149.970 0.997 0.080 0. 203.879 0. 0. -1. 0.
-0.068 0.998 0. -150.055 0.998 0.068 0. 206.393 0. 0. -1. 0.
-0.065 0.998 0. -150.146 0.998 0.065 0. 208.866 0. 0. -1. 0.
-0.069 0.998 0. -150.226 0.998 0.069 0. 211.341 0. 0. -1. 0.
-0.078 0.997 0. -150.310 0.997 0.078 0. 213.776 0. 0. -1. 0.
-0.090 0.996 0. -150.529 0.996 0.090 0. 216.236 0. 0. -1. 0.
-0.098 0.995 0. -150.597 0.995 0.098 0. 218.652 0. 0. -1. 0.
-0.109 0.994 0. -150.824 0.994 0.109 0. 221.044 0. 0. -1. 0.
-0.123 0.992 0. -151.057 0.992 0.123 0. 223.378 0. 0. -1. 0.
-0.147 0.989 0. -151.318 0.989 0.147 0. 225.626 0. 0. -1. 0.
-0.184 0.983 0. -151.619 0.983 0.184 0. 227.862 0. 0. -1. 0.
-0.242 0.970 0. -152.031 0.970 0.242 0. 230.122 0. 0. -1. 0.
-0.317 0.948 0. -152.579 0.948 0.317 0. 232.087 0. 0. -1. 0.
-0.409 0.913 0. -153.354 0.913 0.409 0. 234.156 0. 0. -1. 0.
-0.502 0.865 0. -154.425 0.865 0.502 0. 235.922 0. 0. -1. 0.
-0.587 0.810 0. -155.794 0.810 0.587 0. 237.586 0. 0. -1. 0.
-0.659 0.752 0. -157.099 0.752 0.659 0. 239.227 0. 0. -1. 0.
-0.728 0.685 0. -158.542 0.685 0.728 0. 240.751 0. 0. -1. 0.
-0.784 0.621 0. -160.237 0.621 0.784 0. 242.091 0. 0. -1. 0.
-0.829 0.559 0. -161.981 0.559 0.829 0. 243.262 0. 0. -1. 0.
-0.867 0.498 0. -163.780 0.498 0.867 0. 244.414 0. 0. -1. 0.
-0.898 0.439 0. -165.725 0.439 0.898 0. 245.433 0. 0. -1. 0.
-0.920 0.393 0. -167.744 0.393 0.920 0. 246.352 0. 0. -1. 0.
-0.932 0.363 0. -169.822 0.363 0.932 0. 247.219 0. 0. -1. 0.
-0.939 0.345 0. -171.966 0.345 0.939 0. 248.055 0. 0. -1. 0.
-0.944 0.329 0. -174.142 0.329 0.944 0. 248.891 0. 0. -1. 0.
-0.950 0.311 0. -176.378 0.311 0.950 0. 249.742 0. 0. -1. 0.
-0.956 0.294 0. -178.659 0.294 0.956 0. 250.456 0. 0. -1. 0.
-0.960 0.281 0. -180.904 0.281 0.960 0. 251.155 0. 0. -1. 0.
-0.962 0.273 0. -183.042 0.273 0.962 0. 251.834 0. 0. -1. 0.
-0.963 0.270 0. -185.213 0.270 0.963 0. 252.495 0. 0. -1. 0.
-0.964 0.266 0. -187.200 0.266 0.964 0. 253.128 0. 0. -1. 0.
-0.962 0.272 0. -189.314 0.272 0.962 0. 253.716 0. 0. -1. 0.
-0.959 0.284 0. -191.235 0.284 0.959 0. 254.329 0. 0. -1. 0.
-0.955 0.297 0. -193.152 0.297 0.955 0. 254.978 0. 0. -1. 0.
-0.952 0.305 0. -195.101 0.305 0.952 0. 255.657 0. 0. -1. 0.
-0.953 0.304 0. -197.029 0.304 0.953 0. 256.301 0. 0. -1. 0.
-0.954 0.301 0. -198.974 0.301 0.954 0. 256.949 0. 0. -1. 0.
-0.954 0.300 0. -200.865 0.300 0.954 0. 257.564 0. 0. -1. 0.
-0.954 0.299 0. -202.732 0.299 0.954 0. 258.181 0. 0. -1. 0.
-0.954 0.300 0. -204.623 0.300 0.954 0. 258.727 0. 0. -1. 0.
-0.951 0.308 0. -206.356 0.308 0.951 0. 259.357 0. 0. -1. 0.
-0.948 0.318 0. -208.139 0.318 0.948 0. 259.976 0. 0. -1. 0.
-0.944 0.329 0. -209.841 0.329 0.944 0. 260.640 0. 0. -1. 0.
-0.939 0.344 0. -211.540 0.344 0.939 0. 261.355 0. 0. -1. 0.
-0.934 0.358 0. -213.244 0.358 0.934 0. 262.047 0. 0. -1. 0.
-0.928 0.372 0. -214.944 0.372 0.928 0. 262.715 0. 0. -1. 0.
-0.922 0.387 0. -216.522 0.387 0.922 0. 263.464 0. 0. -1. 0.
-0.915 0.403 0. -218.030 0.403 0.915 0. 264.135 0. 0. -1. 0.
-0.908 0.418 0. -219.483 0.418 0.908 0. 264.842 0. 0. -1. 0.
-0.902 0.431 0. -220.757 0.431 0.902 0. 265.497 0. 0. -1. 0.
-0.896 0.444 0. -221.932 0.444 0.896 0. 266.114 0. 0. -1. 0.
-0.890 0.455 0. -222.874 0.455 0.890 0. 266.668 0. 0. -1. 0.
-0.885 0.465 0. -223.843 0.465 0.885 0. 267.146 0. 0. -1. 0.
-0.884 0.468 0. -224.596 0.468 0.884 0. 267.579 0. 0. -1. 0.
-0.882 0.472 0. -225.224 0.472 0.882 0. 267.917 0. 0. -1. 0.
-0.879 0.477 0. -225.710 0.477 0.879 0. 268.171 0. 0. -1. 0.
-0.877 0.480 0. -226.124 0.480 0.877 0. 268.448 0. 0. -1. 0.
-0.876 0.483 0. -226.476 0.483 0.876 0. 268.692 0. 0. -1. 0.
-0.874 0.486 0. -226.704 0.486 0.874 0. 268.922 0. 0. -1. 0.
-0.873 0.488 0. -226.977 0.488 0.873 0. 269.033 0. 0. -1. 0.
-0.873 0.488 0. -227.185 0.488 0.873 0. 269.066 0. 0. -1. 0.
-0.871 0.492 0. -227.416 0.492 0.871 0. 269.219 0. 0. -1. 0.
-0.870 0.492 0. -227.460 0.492 0.870 0. 269.313 0. 0. -1. 0.
-0.870 0.493 0. -227.544 0.493 0.870 0. 269.362 0. 0. -1. 0.
-0.869 0.495 0. -227.669 0.495 0.869 0. 269.384 0. 0. -1. 0.
-0.869 0.495 0. -227.713 0.495 0.869 0. 269.447 0. 0. -1. 0.
-0.868 0.496 0. -227.741 0.496 0.868 0. 269.482 0. 0. -1. 0.
-0.868 0.496 0. -227.797 0.496 0.868 0. 269.492 0. 0. -1. 0.
-0.868 0.496 0. -227.817 0.496 0.868 0. 269.525 0. 0. -1. 0.
-0.868 0.496 0. -227.769 0.496 0.868 0. 269.519 0. 0. -1. 0.
-0.868 0.496 0. -227.822 0.496 0.868 0. 269.494 0. 0. -1. 0.
-0.868 0.496 0. -227.810 0.496 0.868 0. 269.506 0. 0. -1. 0.
-0.868 0.496 0. -227.826 0.496 0.868 0. 269.523 0. 0. -1. 0.
-0.868 0.496 0. -227.831 0.496 0.868 0. 269.515 0. 0. -1. 0.
-0.868 0.496 0. -227.866 0.496 0.868 0. 269.546 0. 0. -1. 0.
-0.868 0.497 0. -227.941 0.497 0.868 0. 269.603 0. 0. -1. 0.
-0.868 0.497 0. -228.031 0.497 0.868 0. 269.623 0. 0. -1. 0.
-0.868 0.497 0. -228.059 0.497 0.868 0. 269.643 0. 0. -1. 0.
-0.868 0.497 0. -228.060 0.497 0.868 0. 269.631 0. 0. -1. 0.
-0.868 0.497 0. -228.078 0.497 0.868 0. 269.642 0. 0. -1. 0.
-0.868 0.497 0. -228.112 0.497 0.868 0. 269.676 0. 0. -1. 0.
-0.868 0.497 0. -228.160 0.497 0.868 0. 269.681 0. 0. -1. 0.
-0.868 0.497 0. -228.174 0.497 0.868 0. 269.697 0. 0. -1. 0.
-0.868 0.497 0. -228.196 0.497 0.868 0. 269.704 0. 0. -1. 0.
-0.868 0.497 0. -228.196 0.497 0.868 0. 269.689 0. 0. -1. 0.
-0.868 0.497 0. -228.207 0.497 0.868 0. 269.713 0. 0. -1. 0.
-0.868 0.497 0. -228.218 0.497 0.868 0. 269.714 0. 0. -1. 0.
-0.868 0.497 0. -228.263 0.497 0.868 0. 269.759 0. 0. -1. 0.
-0.867 0.497 0. -228.341 0.497 0.867 0. 269.826 0. 0. -1. 0.
-0.867 0.497 0. -228.466 0.497 0.867 0. 269.854 0. 0. -1. 0.
-0.868 0.497 0. -228.552 0.497 0.868 0. 269.887 0. 0. -1. 0.
-0.868 0.497 0. -228.619 0.497 0.868 0. 269.929 0. 0. -1. 0.
-0.867 0.499 0. -228.719 0.499 0.867 0. 270.035 0. 0. -1. 0.
-0.867 0.498 0. -228.845 0.498 0.867 0. 270.114 0. 0. -1. 0.
-0.867 0.498 0. -228.960 0.498 0.867 0. 270.180 0. 0. -1. 0.
-0.866 0.500 0. -229.109 0.500 0.866 0. 270.282 0. 0. -1. 0.
-0.866 0.501 0. -229.367 0.501 0.866 0. 270.414 0. 0. -1. 0.
-0.864 0.503 0. -229.549 0.503 0.864 0. 270.579 0. 0. -1. 0.
-0.864 0.504 0. -229.762 0.504 0.864 0. 270.731 0. 0. -1. 0.
-0.863 0.504 0. -229.989 0.504 0.863 0. 270.847 0. 0. -1. 0.
-0.864 0.504 0. -230.176 0.504 0.864 0. 270.991 0. 0. -1. 0.
-0.862 0.507 0. -230.330 0.507 0.862 0. 271.091 0. 0. -1. 0.
-0.862 0.507 0. -230.440 0.507 0.862 0. 271.143 0. 0. -1. 0.
-0.862 0.507 0. -230.488 0.507 0.862 0. 271.164 0. 0. -1. 0.
-0.862 0.508 0. -230.520 0.508 0.862 0. 271.201 0. 0. -1. 0.
-0.861 0.508 0. -230.610 0.508 0.861 0. 271.268 0. 0. -1. 0.
-0.860 0.510 0. -230.734 0.510 0.860 0. 271.324 0. 0. -1. 0.
-0.860 0.510 0. -230.870 0.510 0.860 0. 271.397 0. 0. -1. 0.
-0.858 0.513 0. -231.091 0.513 0.858 0. 271.538 0. 0. -1. 0.
-0.856 0.517 0. -231.433 0.517 0.856 0. 271.769 0. 0. -1. 0.
-0.854 0.521 0. -231.828 0.521 0.854 0. 272.067 0. 0. -1. 0.
-0.851 0.526 0. -232.370 0.526 0.851 0. 272.398 0. 0. -1. 0.
-0.849 0.529 0. -233.019 0.529 0.849 0. 272.791 0. 0. -1. 0.
-0.843 0.538 0. -233.919 0.538 0.843 0. 273.441 0. 0. -1. 0.
-0.834 0.552 0. -234.949 0.552 0.834 0. 274.099 0. 0. -1. 0.
-0.810 0.586 0. -235.955 0.586 0.810 0. 274.879 0. 0. -1. 0.
-0.772 0.635 0. -236.996 0.635 0.772 0. 275.660 0. 0. -1. 0.
-0.720 0.694 0. -237.895 0.694 0.720 0. 276.596 0. 0. -1. 0.
-0.649 0.761 0. -238.711 0.761 0.649 0. 277.539 0. 0. -1. 0.
-0.563 0.826 0. -239.463 0.826 0.563 0. 278.602 0. 0. -1. 0.
-0.465 0.885 0. -239.830 0.885 0.465 0. 279.750 0. 0. -1. 0.
-0.355 0.935 0. -240.212 0.935 0.355 0. 280.882 0. 0. -1. 0.
-0.255 0.967 0. -240.450 0.967 0.255 0. 281.979 0. 0. -1. 0.
-0.144 0.990 0. -240.532 0.990 0.144 0. 283.218 0. 0. -1. 0.
-0.033 0.999 0. -240.609 0.999 0.033 0. 284.375 0. 0. -1. 0.
0.066 0.998 0. -240.460 0.998 -0.066 -0. 285.558 0. 0. -1. 0.
0.141 0.990 0. -240.300 0.990 -0.141 -0. 286.817 0. 0. -1. 0.
0.185 0.983 0. -239.929 0.983 -0.185 -0. 288.266 0. 0. -1. 0.
0.214 0.977 0. -239.543 0.977 -0.214 -0. 289.782 0. 0. -1. 0.
0.227 0.974 0. -239.105 0.974 -0.227 -0. 291.406 0. 0. -1. 0.
0.229 0.973 0. -238.587 0.973 -0.229 -0. 293.331 0. 0. -1. 0.
0.228 0.974 0. -238.098 0.974 -0.228 -0. 295.297 0. 0. -1. 0.
0.227 0.974 0. -237.641 0.974 -0.227 -0. 297.419 0. 0. -1. 0.
0.224 0.975 0. -237.085 0.975 -0.224 -0. 299.633 0. 0. -1. 0.
0.222 0.975 0. -236.482 0.975 -0.222 -0. 302.006 0. 0. -1. 0.
0.220 0.976 0. -235.896 0.976 -0.220 -0. 304.546 0. 0. -1. 0.
0.220 0.976 0. -235.244 0.976 -0.220 -0. 307.201 0. 0. -1. 0.
0.224 0.975 0. -234.533 0.975 -0.224 -0. 310.020 0. 0. -1. 0.
0.229 0.973 0. -233.773 0.973 -0.229 -0. 312.958 0. 0. -1. 0.
0.236 0.972 0. -232.965 0.972 -0.236 -0. 315.948 0. 0. -1. 0.
0.241 0.971 0. -232.133 0.971 -0.241 -0. 318.910 0. 0. -1. 0.
0.247 0.969 0. -231.356 0.969 -0.247 -0. 321.872 0. 0. -1. 0.
0.253 0.967 0. -230.534 0.967 -0.253 -0. 324.818 0. 0. -1. 0.
0.258 0.966 0. -229.688 0.966 -0.258 -0. 327.714 0. 0. -1. 0.
0.264 0.965 0. -228.825 0.965 -0.264 -0. 330.668 0. 0. -1. 0.
0.267 0.964 0. -227.955 0.964 -0.267 -0. 333.530 0. 0. -1. 0.
0.267 0.964 0. -227.087 0.964 -0.267 -0. 336.424 0. 0. -1. 0.
0.268 0.963 0. -226.211 0.963 -0.268 -0. 339.305 0. 0. -1. 0.
0.273 0.962 0. -225.343 0.962 -0.273 -0. 342.213 0. 0. -1. 0.
0.277 0.961 0. -224.386 0.961 -0.277 -0. 345.114 0. 0. -1. 0.
0.281 0.960 0. -223.531 0.960 -0.281 -0. 348.064 0. 0. -1. 0.
0.282 0.959 0. -222.555 0.959 -0.282 -0. 351.079 0. 0. -1. 0.
0.286 0.958 0. -221.627 0.958 -0.286 -0. 354.084 0. 0. -1. 0.
0.283 0.959 0. -220.736 0.959 -0.283 -0. 357.135 0. 0. -1. 0.
0.280 0.960 0. -219.725 0.960 -0.280 -0. 360.211 0. 0. -1. 0.
0.280 0.960 0. -218.816 0.960 -0.280 -0. 363.236 0. 0. -1. 0.
0.278 0.961 0. -217.822 0.961 -0.278 -0. 366.221 0. 0. -1. 0.
0.279 0.960 0. -216.919 0.960 -0.279 -0. 369.296 0. 0. -1. 0.
0.278 0.961 0. -215.936 0.961 -0.278 -0. 372.257 0. 0. -1. 0.
0.277 0.961 0. -215.018 0.961 -0.277 -0. 375.327 0. 0. -1. 0.
0.276 0.961 0. -214.088 0.961 -0.276 -0. 378.327 0. 0. -1. 0.
0.278 0.961 0. -213.151 0.961 -0.278 -0. 381.443 0. 0. -1. 0.
0.278 0.961 0. -212.194 0.961 -0.278 -0. 384.520 0. 0. -1. 0.
0.278 0.960 0. -211.242 0.960 -0.278 -0. 387.658 0. 0. -1. 0.
0.281 0.960 0. -210.211 0.960 -0.281 -0. 390.768 0. 0. -1. 0.
0.281 0.960 0. -209.283 0.960 -0.281 -0. 394.017 0. 0. -1. 0.
0.283 0.959 0. -208.173 0.959 -0.283 -0. 397.234 0. 0. -1. 0.
0.283 0.959 0. -207.128 0.959 -0.283 -0. 400.513 0. 0. -1. 0.
0.282 0.959 0. -206.098 0.959 -0.282 -0. 403.827 0. 0. -1. 0.
0.284 0.959 0. -205.022 0.959 -0.284 -0. 407.084 0. 0. -1. 0.
0.285 0.959 0. -204.018 0.959 -0.285 -0. 410.307 0. 0. -1. 0.
0.285 0.958 0. -202.962 0.958 -0.285 -0. 413.551 0. 0. -1. 0.
0.282 0.959 0. -201.899 0.959 -0.282 -0. 416.804 0. 0. -1. 0.
0.278 0.960 0. -200.889 0.960 -0.278 -0. 420.028 0. 0. -1. 0.
0.276 0.961 0. -199.949 0.961 -0.276 -0. 423.280 0. 0. -1. 0.
0.275 0.961 0. -198.919 0.961 -0.275 -0. 426.489 0. 0. -1. 0.
0.276 0.961 0. -198.012 0.961 -0.276 -0. 429.750 0. 0. -1. 0.
0.276 0.961 0. -196.931 0.961 -0.276 -0. 432.970 0. 0. -1. 0.
0.276 0.961 0. -195.911 0.961 -0.276 -0. 436.201 0. 0. -1. 0.
0.276 0.961 0. -194.902 0.961 -0.276 -0. 439.443 0. 0. -1. 0.
0.277 0.961 0. -193.898 0.961 -0.277 -0. 442.630 0. 0. -1. 0.
0.276 0.961 0. -192.904 0.961 -0.276 -0. 445.786 0. 0. -1. 0.
0.276 0.961 0. -192.014 0.961 -0.276 -0. 448.859 0. 0. -1. 0.
0.275 0.961 0. -191.041 0.961 -0.275 -0. 451.857 0. 0. -1. 0.
0.280 0.960 0. -190.172 0.960 -0.280 -0. 454.845 0. 0. -1. 0.
