1. 0. 0. 0. 0. -1. -0. 0. 0. 0. -1. 0.
1. 0.002 0. 0.011 0.002 -1. -0. -0.010 0. 0. -1. 0.
1. 0.007 0. 0.002 0.007 -1. -0. -0.008 0. 0. -1. 0.
1. 0.003 0. -0.017 0.003 -1. -0. -0.013 0. 0. -1. 0.
1. 0.005 0. -0.016 0.005 -1. -0. 0.001 0. 0. -1. 0.
1. 0.009 0. -0.005 0.009 -1. -0. -0.001 0. 0. -1. 0.
1. 0.008 0. 0.030 0.008 -1. -0. 0.020 0. 0. -1. 0.
1. 0.001 0. 0.013 0.001 -1. -0. 0.004 0. 0. -1. 0.
1. 0.001 0. -0.008 0.001 -1. -0. -0.018 0. 0. -1. 0.
1. 0.004 0. 0.005 0.004 -1. -0. -0.011 0. 0. -1. 0.
1. 0.008 0. 0.005 0.008 -1. -0. 0.005 0. 0. -1. 0.
1. 0.007 0. 0.010 0.007 -1. -0. 0.022 0. 0. -1. 0.
1. 0.003 0. 0.026 0.003 -1. -0. 0.005 0. 0. -1. 0.
1. 0.003 0. 0.007 0.003 -1. -0. -0.011 0. 0. -1. 0.
1. 0.004 0. 0.012 0.004 -1. -0. -0.005 0. 0. -1. 0.
1. 0.001 0. 0.008 0.001 -1. -0. 0.011 0. 0. -1. 0.
1. 0.002 0. -0.009 0.002 -1. -0. -0.009 0. 0. -1. 0.
1. 0.002 0. 0.015 0.002 -1. -0. -0.002 0. 0. -1. 0.
1. 0.000 0. 0.008 0.000 -1. -0. 0.009 0. 0. -1. 0.
1. -0.001 -0. -0.018 -0.001 -1. -0. -0.013 0. 0. -1. 0.
1. 0.011 0. -0.001 0.011 -1. -0. 0.012 0. 0. -1. 0.
1.000 0.015 0. 0.018 0.015 -1.000 -0. 0.039 0. 0. -1. 0.
1. 0.007 0. -0.000 0.007 -1. -0. -0.002 0. 0. -1. 0.
1. 0.005 0. 0.027 0.005 -1. -0. 0.037 0. 0. -1. 0.
1. 0.007 0. -0.010 0.007 -1. -0. -0.029 0. 0. -1. 0.
1. 0.008 0. 0.007 0.008 -1. -0. -0.032 0. 0. -1. 0.
1. 0.002 0. -0.010 0.002 -1. -0. -0.037 0. 0. -1. 0.
1. 0.009 0. -0.012 0.009 -1. -0. 0.003 0. 0. -1. 0.
1. 0.013 0. 0.013 0.013 -1. -0. 0.028 0. 0. -1. 0.
1. 0.006 0. 0.037 0.006 -1. -0. 0.031 0. 0. -1. 0.
1. -0.001 -0. -0.003 -0.001 -1. -0. -0.004 0. 0. -1. 0.
1. 0.005 0. -0.021 0.005 -1. -0. -0.008 0. 0. -1. 0.
1. 0.007 0. 0.034 0.007 -1. -0. 0.026 0. 0. -1. 0.
1. 0.002 0. 0.021 0.002 -1. -0. 0.008 0. 0. -1. 0.
1. -0.001 -0. -0.017 -0.001 -1. -0. -0.030 0. 0. -1. 0.
1. 0.008 0. 0.003 0.008 -1. -0. -0.002 0. 0. -1. 0.
1. 0.006 0. -0.009 0.006 -1. -0. -0.022 0. 0. -1. 0.
1. -0.001 -0. -0.012 -0.001 -1. -0. -0.013 0. 0. -1. 0.
1. 0.005 0. -0.027 0.005 -1. -0. -0.033 0. 0. -1. 0.
1. 0.001 0. 0.009 0.001 -1. -0. 0.003 0. 0. -1. 0.
1. 0.010 0. -0.001 0.010 -1. -0. 0.002 0. 0. -1. 0.
1.000 0.015 0. -0.001 0.015 -1.000 -0. 0.035 0. 0. -1. 0.
1. 0.005 0. -0.004 0.005 -1. -0. -0.016 0. 0. -1. 0.
1. -0.003 -0. -0.031 -0.003 -1. -0. -0.032 0. 0. -1. 0.
1. -0.003 -0. -0.006 -0.003 -1. -0. 0.001 0. 0. -1. 0.
1. 0.007 0. 0.016 0.007 -1. -0. 0.023 0. 0. -1. 0.
1. 0.007 0. 0.027 0.007 -1. -0. 0.022 0. 0. -1. 0.
1. 0.003 0. 0.006 0.003 -1. -0. 0.000 0. 0. -1. 0.
1. 0.002 0. 0.005 0.002 -1. -0. -0.001 0. 0. -1. 0.
1. 0.003 0. 0.016 0.003 -1. -0. -0.002 0. 0. -1. 0.
1. 0.002 0. 0.004 0.002 -1. -0. -0.009 0. 0. -1. 0.
1. 0.001 0. 0.004 0.001 -1. -0. -0.009 0. 0. -1. 0.
1. 0.000 0. -0.016 0.000 -1. -0. -0.034 0. 0. -1. 0.
1. 0.011 0. 0.001 0.011 -1. -0. 0.014 0. 0. -1. 0.
1.000 0.015 0. 0.010 0.015 -1.000 -0. 0.050 0. 0. -1. 0.
1. -0.000 -0. 0.016 -0.000 -1. -0. 0.014 0. 0. -1. 0.
1. -0.005 -0. -0.006 -0.005 -1. -0. -0.023 0. 0. -1. 0.
1. 0.006 0. -0.013 0.006 -1. -0. -0.022 0. 0. -1. 0.
1.000 0.014 0. 0.009 0.014 -1.000 -0. 0.055 0. 0. -1. 0.
1. 0.012 0. 0.009 0.012 -1. -0. 0.015 0. 0. -1. 0.
1. 0.005 0. -0.006 0.005 -1. -0. -0.019 0. 0. -1. 0.
1. 0.003 0. -0.004 0.003 -1. -0. -0.007 0. 0. -1. 0.
1. 0.002 0. 0.010 0.002 -1. -0. -0.006 0. 0. -1. 0.
1. 0.004 0. 0.024 0.004 -1. -0. -0.023 0. 0. -1. 0.
1. -0.006 -0. 0.069 -0.006 -1. -0. 0.007 0. 0. -1. 0.
1. -0.011 -0. 0.114 -0.011 -1. -0. -0.042 0. 0. -1. 0.
1. -0.014 -0. 0.249 -0.014 -1. -0. 0.001 0. 0. -1. 0.
1.000 -0.031 -0. 0.428 -0.031 -1.000 -0. 0.003 0. 0. -1. 0.
0.998 -0.061 -0. 0.731 -0.061 -0.998 -0. -0.113 0. 0. -1. 0.
0.995 -0.095 -0. 1.114 -0.095 -0.995 -0. -0.120 0. 0. -1. 0.
0.992 -0.129 -0. 1.591 -0.129 -0.992 -0. -0.218 0. 0. -1. 0.
0.990 -0.141 -0. 2.108 -0.141 -0.990 -0. -0.356 0. 0. -1. 0.
0.988 -0.154 -0. 2.780 -0.154 -0.988 -0. -0.480 0. 0. -1. 0.
0.987 -0.162 -0. 3.557 -0.162 -0.987 -0. -0.579 0. 0. -1. 0.
0.986 -0.165 -0. 4.389 -0.165 -0.986 -0. -0.706 0. 0. -1. 0.
0.988 -0.155 -0. 5.219 -0.155 -0.988 -0. -1.006 0. 0. -1. 0.
0.989 -0.149 -0. 6.251 -0.149 -0.989 -0. -1.057 0. 0. -1. 0.
0.989 -0.149 -0. 7.199 -0.149 -0.989 -0. -1.254 0. 0. -1. 0.
0.990 -0.142 -0. 8.224 -0.142 -0.990 -0. -1.377 0. 0. -1. 0.
0.990 -0.138 -0. 9.254 -0.138 -0.990 -0. -1.582 0. 0. -1. 0.
0.991 -0.132 -0. 10.444 -0.132 -0.991 -0. -1.751 0. 0. -1. 0.
0.993 -0.122 -0. 11.628 -0.122 -0.993 -0. -1.897 0. 0. -1. 0.
0.993 -0.120 -0. 12.875 -0.120 -0.993 -0. -1.996 0. 0. -1. 0.
0.994 -0.113 -0. 14.187 -0.113 -0.994 -0. -2.238 0. 0. -1. 0.
0.995 -0.103 -0. 15.528 -0.103 -0.995 -0. -2.366 0. 0. -1. 0.
0.996 -0.092 -0. 16.875 -0.092 -0.996 -0. -2.491 0. 0. -1. 0.
0.997 -0.078 -0. 18.345 -0.078 -0.997 -0. -2.631 0. 0. -1. 0.
0.998 -0.065 -0. 19.764 -0.065 -0.998 -0. -2.872 0. 0. -1. 0.
0.998 -0.056 -0. 21.285 -0.056 -0.998 -0. -2.934 0. 0. -1. 0.
0.999 -0.050 -0. 22.799 -0.050 -0.999 -0. -2.913 0. 0. -1. 0.
0.999 -0.038 -0. 24.408 -0.038 -0.999 -0. -2.952 0. 0. -1. 0.
1.000 -0.027 -0. 26.091 -0.027 -1.000 -0. -3.166 0. 0. -1. 0.
1.000 -0.015 -0. 27.780 -0.015 -1.000 -0. -3.209 0. 0. -1. 0.
1. -0.006 -0. 29.547 -0.006 -1. -0. -3.250 0. 0. -1. 0.
1. -0.006 -0. 31.253 -0.006 -1. -0. -3.214 0. 0. -1. 0.
1. 0.009 0. 33.049 0.009 -1. -0. -3.255 0. 0. -1. 0.
1.000 0.016 0. 34.848 0.016 -1.000 -0. -3.298 0. 0. -1. 0.
1.000 0.021 0. 36.704 0.021 -1.000 -0. -3.263 0. 0. -1. 0.
1.000 0.022 0. 38.565 0.022 -1.000 -0. -3.265 0. 0. -1. 0.
0.999 0.032 0. 40.395 0.032 -0.999 -0. -3.130 0. 0. -1. 0.
0.999 0.041 0. 42.297 0.041 -0.999 -0. -3.014 0. 0. -1. 0.
0.999 0.044 0. 44.297 0.044 -0.999 -0. -3.011 0. 0. -1. 0.
0.999 0.049 0. 46.270 0.049 -0.999 -0. -3.129 0. 0. -1. 0.
0.999 0.054 0. 48.367 0.054 -0.999 -0. -2.935 0. 0. -1. 0.
0.998 0.057 0. 50.511 0.057 -0.998 -0. -2.992 0. 0. -1. 0.
0.998 0.058 0. 52.574 0.058 -0.998 -0. -2.889 0. 0. -1. 0.
0.999 0.050 0. 54.707 0.050 -0.999 -0. -2.741 0. 0. -1. 0.
0.999 0.054 0. 56.823 0.054 -0.999 -0. -2.766 0. 0. -1. 0.
0.999 0.049 0. 59.051 0.049 -0.999 -0. -2.567 0. 0. -1. 0.
0.999 0.050 0. 61.187 0.050 -0.999 -0. -2.458 0. 0. -1. 0.
0.999 0.047 0. 63.321 0.047 -0.999 -0. -2.415 0. 0. -1. 0.
0.999 0.045 0. 65.451 0.045 -0.999 -0. -2.342 0. 0. -1. 0.
0.999 0.038 0. 67.647 0.038 -0.999 -0. -2.226 0. 0. -1. 0.
0.999 0.043 0. 69.702 0.043 -0.999 -0. -2.217 0. 0. -1. 0.
0.999 0.041 0. 71.911 0.041 -0.999 -0. -2.075 0. 0. -1. 0.
0.999 0.034 0. 73.988 0.034 -0.999 -0. -2.024 0. 0. -1. 0.
1.000 0.026 0. 76.100 0.026 -1.000 -0. -1.991 0. 0. -1. 0.
1. 0.002 0. 78.222 0.002 -1. -0. -2.007 0. 0. -1. 0.
1.000 -0.014 -0. 80.290 -0.014 -1.000 -0. -2.022 0. 0. -1. 0.
0.998 -0.055 -0. 82.402 -0.055 -0.998 -0. -2.192 0. 0. -1. 0.
0.996 -0.089 -0. 84.387 -0.089 -0.996 -0. -2.358 0. 0. -1. 0.
0.991 -0.133 -0. 86.459 -0.133 -0.991 -0. -2.669 0. 0. -1. 0.
0.985 -0.171 -0. 88.472 -0.171 -0.985 -0. -3.036 0. 0. -1. 0.
0.975 -0.223 -0. 90.433 -0.223 -0.975 -0. -3.441 0. 0. -1. 0.
0.964 -0.267 -0. 92.357 -0.267 -0.964 -0. -4.039 0. 0. -1. 0.
0.948 -0.319 -0. 94.279 -0.319 -0.948 -0. -4.617 0. 0. -1. 0.
0.933 -0.359 -0. 96.084 -0.359 -0.933 -0. -5.444 0. 0. -1. 0.
0.911 -0.412 -0. 97.904 -0.412 -0.911 -0. -6.245 0. 0. -1. 0.
0.888 -0.460 -0. 99.614 -0.460 -0.888 -0. -7.133 0. 0. -1. 0.
0.861 -0.509 -0. 101.299 -0.509 -0.861 -0. -8.085 0. 0. -1. 0.
0.823 -0.568 -0. 103.055 -0.568 -0.823 -0. -9.171 0. 0. -1. 0.
0.779 -0.627 -0. 104.687 -0.627 -0.779 -0. -10.388 0. 0. -1. 0.
0.726 -0.687 -0. 105.952 -0.687 -0.726 -0. -11.727 0. 0. -1. 0.
0.663 -0.749 -0. 107.282 -0.749 -0.663 -0. -13.139 0. 0. -1. 0.
0.596 -0.803 -0. 108.366 -0.803 -0.596 -0. -14.672 0. 0. -1. 0.
0.538 -0.843 -0. 109.310 -0.843 -0.538 -0. -16.358 0. 0. -1. 0.
0.475 -0.880 -0. 110.223 -0.880 -0.475 -0. -17.921 0. 0. -1. 0.
0.425 -0.905 -0. 110.962 -0.905 -0.425 -0. -19.625 0. 0. -1. 0.
0.399 -0.917 -0. 111.472 -0.917 -0.399 -0. -21.525 0. 0. -1. 0.
0.378 -0.926 -0. 112.201 -0.926 -0.378 -0. -23.285 0. 0. -1. 0.
0.374 -0.927 -0. 112.842 -0.927 -0.374 -0. -25.027 0. 0. -1. 0.
0.372 -0.928 -0. 113.718 -0.928 -0.372 -0. -26.782 0. 0. -1. 0.
0.374 -0.927 -0. 114.282 -0.927 -0.374 -0. -28.617 0. 0. -1. 0.
0.378 -0.926 -0. 115.056 -0.926 -0.378 -0. -30.420 0. 0. -1. 0.
0.387 -0.922 -0. 115.734 -0.922 -0.387 -0. -32.246 0. 0. -1. 0.
0.395 -0.918 -0. 116.633 -0.918 -0.395 -0. -34.171 0. 0. -1. 0.
0.408 -0.913 -0. 117.335 -0.913 -0.408 -0. -36.011 0. 0. -1. 0.
0.421 -0.907 -0. 118.125 -0.907 -0.421 -0. -37.920 0. 0. -1. 0.
0.438 -0.899 -0. 118.846 -0.899 -0.438 -0. -39.832 0. 0. -1. 0.
0.449 -0.894 -0. 119.944 -0.894 -0.449 -0. -41.704 0. 0. -1. 0.
0.466 -0.885 -0. 120.869 -0.885 -0.466 -0. -43.548 0. 0. -1. 0.
0.479 -0.878 -0. 121.807 -0.878 -0.479 -0. -45.537 0. 0. -1. 0.
0.497 -0.868 -0. 122.686 -0.868 -0.497 -0. -47.422 0. 0. -1. 0.
0.516 -0.856 -0. 123.929 -0.856 -0.516 -0. -49.322 0. 0. -1. 0.
0.533 -0.846 -0. 125.191 -0.846 -0.533 -0. -51.162 0. 0. -1. 0.
0.545 -0.838 -0. 126.308 -0.838 -0.545 -0. -52.970 0. 0. -1. 0.
0.567 -0.824 -0. 127.419 -0.824 -0.567 -0. -54.702 0. 0. -1. 0.
0.578 -0.816 -0. 128.597 -0.816 -0.578 -0. -56.454 0. 0. -1. 0.
0.590 -0.808 -0. 129.958 -0.808 -0.590 -0. -58.160 0. 0. -1. 0.
0.598 -0.801 -0. 131.107 -0.801 -0.598 -0. -59.907 0. 0. -1. 0.
0.617 -0.787 -0. 132.285 -0.787 -0.617 -0. -61.607 0. 0. -1. 0.
0.625 -0.781 -0. 133.631 -0.781 -0.625 -0. -63.195 0. 0. -1. 0.
0.640 -0.768 -0. 134.960 -0.768 -0.640 -0. -64.641 0. 0. -1. 0.
0.659 -0.753 -0. 136.204 -0.753 -0.659 -0. -66.234 0. 0. -1. 0.
0.678 -0.735 -0. 137.605 -0.735 -0.678 -0. -67.654 0. 0. -1. 0.
0.701 -0.713 -0. 138.961 -0.713 -0.701 -0. -69.092 0. 0. -1. 0.
0.726 -0.688 -0. 140.280 -0.688 -0.726 -0. -70.526 0. 0. -1. 0.
0.756 -0.655 -0. 141.577 -0.655 -0.756 -0. -71.918 0. 0. -1. 0.
0.789 -0.615 -0. 142.981 -0.615 -0.789 -0. -73.012 0. 0. -1. 0.
0.824 -0.566 -0. 144.390 -0.566 -0.824 -0. -73.879 0. 0. -1. 0.
0.859 -0.512 -0. 145.781 -0.512 -0.859 -0. -74.804 0. 0. -1. 0.
0.895 -0.446 -0. 147.150 -0.446 -0.895 -0. -75.578 0. 0. -1. 0.
0.933 -0.360 -0. 148.473 -0.360 -0.933 -0. -76.080 0. 0. -1. 0.
0.964 -0.265 -0. 149.836 -0.265 -0.964 -0. -76.456 0. 0. -1. 0.
0.987 -0.162 -0. 151.090 -0.162 -0.987 -0. -76.600 0. 0. -1. 0.
0.998 -0.064 -0. 152.245 -0.064 -0.998 -0. -76.756 0. 0. -1. 0.
0.999 0.045 0. 153.360 0.045 -0.999 -0. -76.679 0. 0. -1. 0.
0.987 0.159 0. 154.468 0.159 -0.987 -0. -76.527 0. 0. -1. 0.
0.957 0.291 0. 155.445 0.291 -0.957 -0. -76.125 0. 0. -1. 0.
0.907 0.420 0. 156.554 0.420 -0.907 -0. -75.713 0. 0. -1. 0.
0.829 0.559 0. 157.274 0.559 -0.829 -0. -75.159 0. 0. -1. 0.
0.729 0.684 0. 158.095 0.684 -0.729 -0. -74.397 0. 0. -1. 0.
0.602 0.798 0. 158.582 0.798 -0.602 -0. -73.650 0. 0. -1. 0.
0.452 0.892 0. 159.113 0.892 -0.452 -0. -72.740 0. 0. -1. 0.
0.276 0.961 0. 159.253 0.961 -0.276 -0. -71.874 0. 0. -1. 0.
0.102 0.995 0. 159.340 0.995 -0.102 -0. -70.849 0. 0. -1. 0.
-0.095 0.995 0. 159.176 0.995 0.095 0. -69.959 0. 0. -1. 0.
-0.277 0.961 0. 158.879 0.961 0.277 0. -69.104 0. 0. -1. 0.
-0.448 0.894 0. 158.404 0.894 0.448 0. -68.263 0. 0. -1. 0.
-0.591 0.807 0. 157.818 0.807 0.591 0. -67.372 0. 0. -1. 0.
-0.702 0.712 0. 157.004 0.712 0.702 0. -66.722 0. 0. -1. 0.
-0.785 0.620 0. 156.154 0.620 0.785 0. -66.080 0. 0. -1. 0.
-0.840 0.543 0. 155.147 0.543 0.840 0. -65.459 0. 0. -1. 0.
-0.883 0.469 0. 154.156 0.469 0.883 0. -64.865 0. 0. -1. 0.
-0.914 0.406 0. 152.946 0.406 0.914 0. -64.475 0. 0. -1. 0.
-0.932 0.362 0. 151.753 0.362 0.932 0. -63.890 0. 0. -1. 0.
-0.943 0.332 0. 150.366 0.332 0.943 0. -63.434 0. 0. -1. 0.
-0.949 0.316 0. 149.100 0.316 0.949 0. -63.038 0. 0. -1. 0.
-0.951 0.308 0. 147.660 0.308 0.951 0. -62.563 0. 0. -1. 0.
-0.951 0.310 0. 146.192 0.310 0.951 0. -62.026 0. 0. -1. 0.
-0.949 0.314 0. 144.789 0.314 0.949 0. -61.566 0. 0. -1. 0.
-0.943 0.333 0. 143.305 0.333 0.943 0. -61.117 0. 0. -1. 0.
-0.937 0.350 0. 141.735 0.350 0.937 0. -60.343 0. 0. -1. 0.
-0.930 0.367 0. 140.225 0.367 0.930 0. -59.856 0. 0. -1. 0.
-0.916 0.401 0. 138.696 0.401 0.916 0. -59.131 0. 0. -1. 0.
-0.896 0.444 0. 137.174 0.444 0.896 0. -58.412 0. 0. -1. 0.
-0.873 0.488 0. 135.660 0.488 0.873 0. -57.575 0. 0. -1. 0.
-0.849 0.529 0. 134.229 0.529 0.849 0. -56.640 0. 0. -1. 0.
-0.819 0.574 0. 132.829 0.574 0.819 0. -55.484 0. 0. -1. 0.
-0.786 0.618 0. 131.332 0.618 0.786 0. -54.391 0. 0. -1. 0.
-0.753 0.658 0. 129.948 0.658 0.753 0. -53.094 0. 0. -1. 0.
-0.717 0.697 0. 128.648 0.697 0.717 0. -51.795 0. 0. -1. 0.
-0.676 0.737 0. 127.349 0.737 0.676 0. -50.359 0. 0. -1. 0.
-0.630 0.776 0. 126.152 0.776 0.630 0. -48.835 0. 0. -1. 0.
-0.588 0.809 0. 124.950 0.809 0.588 0. -47.306 0. 0. -1. 0.
-0.544 0.839 0. 123.827 0.839 0.544 0. -45.632 0. 0. -1. 0.
-0.503 0.864 0. 122.972 0.864 0.503 0. -43.989 0. 0. -1. 0.
-0.465 0.885 0. 121.912 0.885 0.465 0. -42.350 0. 0. -1. 0.
-0.429 0.903 0. 121.078 0.903 0.429 0. -40.473 0. 0. -1. 0.
-0.408 0.913 0. 120.340 0.913 0.408 0. -38.698 0. 0. -1. 0.
-0.388 0.921 0. 119.608 0.921 0.388 0. -36.825 0. 0. -1. 0.
-0.372 0.928 0. 118.810 0.928 0.372 0. -35.001 0. 0. -1. 0.
-0.363 0.932 0. 118.261 0.932 0.363 0. -33.242 0. 0. -1. 0.
-0.352 0.936 0. 117.522 0.936 0.352 0. -31.271 0. 0. -1. 0.
-0.348 0.938 0. 116.821 0.938 0.348 0. -29.373 0. 0. -1. 0.
-0.346 0.938 0. 116.234 0.938 0.346 0. -27.476 0. 0. -1. 0.
-0.352 0.936 0. 115.525 0.936 0.352 0. -25.585 0. 0. -1. 0.
-0.371 0.929 0. 114.812 0.929 0.371 0. -23.696 0. 0. -1. 0.
-0.391 0.920 0. 114.193 0.920 0.391 0. -21.847 0. 0. -1. 0.
-0.427 0.904 0. 113.216 0.904 0.427 0. -20.089 0. 0. -1. 0.
-0.462 0.887 0. 112.386 0.887 0.462 0. -18.248 0. 0. -1. 0.
-0.504 0.864 0. 111.507 0.864 0.504 0. -16.498 0. 0. -1. 0.
-0.552 0.834 0. 110.545 0.834 0.552 0. -14.856 0. 0. -1. 0.
-0.592 0.806 0. 109.383 0.806 0.592 0. -13.294 0. 0. -1. 0.
-0.637 0.771 0. 108.387 0.771 0.637 0. -11.784 0. 0. -1. 0.
-0.682 0.731 0. 107.233 0.731 0.682 0. -10.273 0. 0. -1. 0.
-0.733 0.680 0. 106.035 0.680 0.733 0. -8.990 0. 0. -1. 0.
-0.774 0.633 0. 104.218 0.633 0.774 0. -7.677 0. 0. -1. 0.
-0.816 0.579 0. 102.826 0.579 0.816 0. -6.571 0. 0. -1. 0.
-0.852 0.523 0. 101.193 0.523 0.852 0. -5.600 0. 0. -1. 0.
-0.888 0.459 0. 99.485 0.459 0.888 0. -4.755 0. 0. -1. 0.
-0.921 0.389 0. 97.901 0.389 0.921 0. -3.934 0. 0. -1. 0.
-0.945 0.328 0. 96.060 0.328 0.945 0. -3.317 0. 0. -1. 0.
-0.964 0.265 0. 94.308 0.265 0.964 0. -2.712 0. 0. -1. 0.
-0.978 0.210 0. 92.460 0.210 0.978 0. -2.173 0. 0. -1. 0.
-0.988 0.157 0. 90.513 0.157 0.988 0. -1.916 0. 0. -1. 0.
-0.994 0.111 0. 88.552 0.111 0.994 0. -1.713 0. 0. -1. 0.
-0.998 0.064 0. 86.618 0.064 0.998 0. -1.571 0. 0. -1. 0.
-0.999 0.036 0. 84.617 0.036 0.999 0. -1.536 0. 0. -1. 0.
-1. 0.007 0. 82.611 0.007 1. 0. -1.363 0. 0. -1. 0.
-1. -0.001 -0. 80.578 -0.001 1. 0. -1.458 0. 0. -1. 0.
-1. -0.013 -0. 78.517 -0.013 1. 0. -1.512 0. 0. -1. 0.
-1. -0.014 -0. 76.466 -0.014 1. 0. -1.560 0. 0. -1. 0.
-1.000 -0.029 -0. 74.364 -0.029 1.000 0. -1.491 0. 0. -1. 0.
-1.000 -0.027 -0. 72.214 -0.027 1.000 0. -1.547 0. 0. -1. 0.
-0.999 -0.032 -0. 70.173 -0.032 0.999 0. -1.538 0. 0. -1. 0.
-0.999 -0.033 -0. 68.019 -0.033 0.999 0. -1.628 0. 0. -1. 0.
-0.999 -0.033 -0. 65.918 -0.033 0.999 0. -1.620 0. 0. -1. 0.
-0.999 -0.032 -0. 63.799 -0.032 0.999 0. -1.716 0. 0. -1. 0.
-1.000 -0.029 -0. 61.681 -0.029 1.000 0. -1.729 0. 0. -1. 0.
-1.000 -0.029 -0. 59.575 -0.029 1.000 0. -1.661 0. 0. -1. 0.
-1.000 -0.027 -0. 57.425 -0.027 1.000 0. -1.704 0. 0. -1. 0.
-0.999 -0.034 -0. 55.376 -0.034 0.999 0. -1.717 0. 0. -1. 0.
-0.999 -0.039 -0. 53.333 -0.039 0.999 0. -1.696 0. 0. -1. 0.
-0.999 -0.051 -0. 51.151 -0.051 0.999 0. -1.689 0. 0. -1. 0.
-0.998 -0.061 -0. 49.123 -0.061 0.998 0. -1.960 0. 0. -1. 0.
-0.998 -0.068 -0. 47.056 -0.068 0.998 0. -2.014 0. 0. -1. 0.
-0.998 -0.067 -0. 44.929 -0.067 0.998 0. -2.103 0. 0. -1. 0.
-0.999 -0.053 -0. 42.841 -0.053 0.999 0. -2.288 0. 0. -1. 0.
-1.000 -0.031 -0. 40.848 -0.031 1.000 0. -2.133 0. 0. -1. 0.
-1. -0.010 -0. 38.841 -0.010 1. 0. -2.384 0. 0. -1. 0.
-1. 0.012 0. 36.696 0.012 1. 0. -2.217 0. 0. -1. 0.
-1.000 0.020 0. 34.779 0.020 1.000 0. -2.078 0. 0. -1. 0.
-1.000 0.031 0. 32.698 0.031 1.000 0. -2.034 0. 0. -1. 0.
-0.999 0.045 0. 30.608 0.045 0.999 0. -1.840 0. 0. -1. 0.
-0.998 0.061 0. 28.575 0.061 0.998 0. -1.841 0. 0. -1. 0.
-0.998 0.066 0. 26.546 0.066 0.998 0. -1.534 0. 0. -1. 0.
-0.998 0.069 0. 24.393 0.069 0.998 0. -1.335 0. 0. -1. 0.
-0.997 0.075 0. 22.211 0.075 0.997 0. -1.124 0. 0. -1. 0.
-0.997 0.078 0. 20.125 0.078 0.997 0. -0.901 0. 0. -1. 0.
-0.998 0.070 0. 17.887 0.070 0.998 0. -0.774 0. 0. -1. 0.
-0.997 0.076 0. 15.747 0.076 0.997 0. -0.612 0. 0. -1. 0.
-0.997 0.075 0. 13.588 0.075 0.997 0. -0.373 0. 0. -1. 0.
-0.997 0.075 0. 11.400 0.075 0.997 0. -0.169 0. 0. -1. 0.
-0.997 0.077 0. 9.270 0.077 0.997 0. -0.070 0. 0. -1. 0.
-0.997 0.074 0. 7.053 0.074 0.997 0. 0.020 0. 0. -1. 0.
-0.997 0.081 0. 4.871 0.081 0.997 0. 0.273 0. 0. -1. 0.
-0.997 0.078 0. 2.743 0.078 0.997 0. 0.425 0. 0. -1. 0.
-0.997 0.077 0. 0.578 0.077 0.997 0. 0.595 0. 0. -1. 0.
-0.997 0.071 0. -1.559 0.071 0.997 0. 0.865 0. 0. -1. 0.
-0.998 0.069 0. -3.665 0.069 0.998 0. 0.975 0. 0. -1. 0.
-0.997 0.072 0. -5.752 0.072 0.997 0. 1.157 0. 0. -1. 0.
-0.998 0.066 0. -7.926 0.066 0.998 0. 1.440 0. 0. -1. 0.
-0.998 0.070 0. -9.971 0.070 0.998 0. 1.628 0. 0. -1. 0.
-0.998 0.058 0. -12.014 0.058 0.998 0. 1.661 0. 0. -1. 0.
-0.998 0.068 0. -14.180 0.068 0.998 0. 1.945 0. 0. -1. 0.
-0.999 0.054 0. -16.197 0.054 0.999 0. 1.945 0. 0. -1. 0.
-0.998 0.056 0. -18.351 0.056 0.998 0. 2.261 0. 0. -1. 0.
-0.998 0.060 0. -20.440 0.060 0.998 0. 2.333 0. 0. -1. 0.
-0.999 0.047 0. -22.459 0.047 0.999 0. 2.561 0. 0. -1. 0.
-0.999 0.044 0. -24.552 0.044 0.999 0. 2.574 0. 0. -1. 0.
-0.999 0.042 0. -26.667 0.042 0.999 0. 2.720 0. 0. -1. 0.
-0.999 0.032 0. -28.715 0.032 0.999 0. 2.973 0. 0. -1. 0.
-1.000 0.028 0. -30.829 0.028 1.000 0. 2.997 0. 0. -1. 0.
-1.000 0.023 0. -32.826 0.023 1.000 0. 2.937 0. 0. -1. 0.
-1.000 0.018 0. -34.849 0.018 1.000 0. 2.954 0. 0. -1. 0.
-1.000 0.015 0. -36.793 0.015 1.000 0. 2.982 0. 0. -1. 0.
-1. 0.005 0. -38.855 0.005 1. 0. 3.102 0. 0. -1. 0.
-1. -0.003 -0. -40.917 -0.003 1. 0. 3.106 0. 0. -1. 0.
-1. -0.001 -0. -42.858 -0.001 1. 0. 3.144 0. 0. -1. 0.
-1. -0.004 -0. -44.819 -0.004 1. 0. 3.139 0. 0. -1. 0.
-1.000 -0.016 -0. -46.770 -0.016 1.000 0. 3.168 0. 0. -1. 0.
-1.000 -0.016 -0. -48.700 -0.016 1.000 0. 3.255 0. 0. -1. 0.
-1.000 -0.018 -0. -50.559 -0.018 1.000 0. 3.218 0. 0. -1. 0.
-1. -0.013 -0. -52.453 -0.013 1. 0. 3.228 0. 0. -1. 0.
-1. -0.007 -0. -54.267 -0.007 1. 0. 3.258 0. 0. -1. 0.
-1. 0.014 0. -55.978 0.014 1. 0. 3.280 0. 0. -1. 0.
-1.000 0.025 0. -57.545 0.025 1.000 0. 3.273 0. 0. -1. 0.
-0.999 0.051 0. -59.087 0.051 0.999 0. 3.435 0. 0. -1. 0.
-0.997 0.076 0. -60.504 0.076 0.997 0. 3.544 0. 0. -1. 0.
-0.994 0.113 0. -61.808 0.113 0.994 0. 3.777 0. 0. -1. 0.
-0.987 0.161 0. -63.049 0.161 0.987 0. 3.920 0. 0. -1. 0.
-0.977 0.212 0. -64.191 0.212 0.977 0. 4.185 0. 0. -1. 0.
-0.960 0.280 0. -65.161 0.280 0.960 0. 4.489 0. 0. -1. 0.
-0.933 0.359 0. -66.122 0.359 0.933 0. 4.931 0. 0. -1. 0.
-0.896 0.445 0. -67.035 0.445 0.896 0. 5.456 0. 0. -1. 0.
-0.841 0.541 0. -67.728 0.541 0.841 0. 6.124 0. 0. -1. 0.
-0.775 0.632 0. -68.515 0.632 0.775 0. 6.686 0. 0. -1. 0.
-0.698 0.716 0. -69.175 0.716 0.698 0. 7.404 0. 0. -1. 0.
-0.611 0.792 0. -69.587 0.792 0.611 0. 8.202 0. 0. -1. 0.
-0.519 0.855 0. -70.241 0.855 0.519 0. 8.979 0. 0. -1. 0.
-0.429 0.903 0. -70.513 0.903 0.429 0. 9.867 0. 0. -1. 0.
-0.326 0.945 0. -70.817 0.945 0.326 0. 10.692 0. 0. -1. 0.
-0.243 0.970 0. -70.948 0.970 0.243 0. 11.535 0. 0. -1. 0.
-0.159 0.987 0. -71.085 0.987 0.159 0. 12.389 0. 0. -1. 0.
-0.096 0.995 0. -71.224 0.995 0.096 0. 13.319 0. 0. -1. 0.
-0.049 0.999 0. -71.182 0.999 0.049 0. 14.086 0. 0. -1. 0.
-0.021 1.000 0. -71.205 1.000 0.021 0. 15.148 0. 0. -1. 0.
-0.006 1. 0. -71.216 1. 0.006 0. 15.914 0. 0. -1. 0.
-0.002 1. 0. -71.154 1. 0.002 0. 16.899 0. 0. -1. 0.
-0.004 1. 0. -71.068 1. 0.004 0. 17.762 0. 0. -1. 0.
-0.000 1. 0. -71.063 1. 0.000 0. 18.670 0. 0. -1. 0.
-0.014 1. 0. -71.099 1. 0.014 0. 19.588 0. 0. -1. 0.
-0.006 1. 0. -70.938 1. 0.006 0. 20.489 0. 0. -1. 0.
-0.012 1. 0. -71.100 1. 0.012 0. 21.263 0. 0. -1. 0.
-0.009 1. 0. -71.091 1. 0.009 0. 22.208 0. 0. -1. 0.
-0.027 1.000 0. -71.089 1.000 0.027 0. 23.093 0. 0. -1. 0.
-0.020 1.000 0. -71.001 1.000 0.020 0. 23.971 0. 0. -1. 0.
-0.039 0.999 0. -71.094 0.999 0.039 0. 24.933 0. 0. -1. 0.
-0.030 1.000 0. -71.081 1.000 0.030 0. 25.875 0. 0. -1. 0.
-0.039 0.999 0. -71.309 0.999 0.039 0. 26.941 0. 0. -1. 0.
-0.037 0.999 0. -71.132 0.999 0.037 0. 27.975 0. 0. -1. 0.
-0.038 0.999 0. -71.312 0.999 0.038 0. 29.126 0. 0. -1. 0.
-0.037 0.999 0. -71.263 0.999 0.037 0. 30.272 0. 0. -1. 0.
-0.031 1.000 0. -71.365 1.000 0.031 0. 31.467 0. 0. -1. 0.
-0.016 1.000 0. -71.269 1.000 0.016 0. 32.667 0. 0. -1. 0.
-0.004 1. 0. -71.305 1. 0.004 0. 33.816 0. 0. -1. 0.
0.020 1.000 0. -71.195 1.000 -0.020 -0. 35.089 0. 0. -1. 0.
0.056 0.998 0. -71.272 0.998 -0.056 -0. 36.233 0. 0. -1. 0.
0.098 0.995 0. -71.041 0.995 -0.098 -0. 37.440 0. 0. -1. 0.
0.146 0.989 0. -70.888 0.989 -0.146 -0. 38.666 0. 0. -1. 0.
0.188 0.982 0. -70.571 0.982 -0.188 -0. 39.894 0. 0. -1. 0.
0.249 0.968 0. -70.264 0.968 -0.249 -0. 41.110 0. 0. -1. 0.
0.296 0.955 0. -69.865 0.955 -0.296 -0. 42.147 0. 0. -1. 0.
0.349 0.937 0. -69.420 0.937 -0.349 -0. 43.250 0. 0. -1. 0.
0.382 0.924 0. -68.970 0.924 -0.382 -0. 44.408 0. 0. -1. 0.
0.377 0.926 0. -68.368 0.926 -0.377 -0. 45.614 0. 0. -1. 0.
0.362 0.932 0. -67.875 0.932 -0.362 -0. 46.951 0. 0. -1. 0.
0.306 0.952 0. -67.390 0.952 -0.306 -0. 48.275 0. 0. -1. 0.
0.264 0.964 0. -66.955 0.964 -0.264 -0. 49.673 0. 0. -1. 0.
0.204 0.979 0. -66.629 0.979 -0.204 -0. 51.214 0. 0. -1. 0.
0.142 0.990 0. -66.285 0.990 -0.142 -0. 52.753 0. 0. -1. 0.
0.076 0.997 0. -66.153 0.997 -0.076 -0. 54.334 0. 0. -1. 0.
0.019 1.000 0. -66.056 1.000 -0.019 -0. 55.885 0. 0. -1. 0.
-0.031 1.000 0. -66.144 1.000 0.031 0. 57.482 0. 0. -1. 0.
-0.061 0.998 0. -66.179 0.998 0.061 0. 59.049 0. 0. -1. 0.
-0.087 0.996 0. -66.405 0.996 0.087 0. 60.611 0. 0. -1. 0.
-0.097 0.995 0. -66.458 0.995 0.097 0. 62.274 0. 0. -1. 0.
-0.100 0.995 0. -66.688 0.995 0.100 0. 63.822 0. 0. -1. 0.
-0.105 0.994 0. -66.816 0.994 0.105 0. 65.553 0. 0. -1. 0.
-0.105 0.995 0. -66.943 0.995 0.105 0. 67.121 0. 0. -1. 0.
-0.096 0.995 0. -67.092 0.995 0.096 0. 68.827 0. 0. -1. 0.
-0.101 0.995 0. -67.221 0.995 0.101 0. 70.558 0. 0. -1. 0.
-0.083 0.997 0. -67.375 0.997 0.083 0. 72.279 0. 0. -1. 0.
-0.088 0.996 0. -67.403 0.996 0.088 0. 73.998 0. 0. -1. 0.
-0.086 0.996 0. -67.648 0.996 0.086 0. 75.685 0. 0. -1. 0.
-0.079 0.997 0. -67.732 0.997 0.079 0. 77.441 0. 0. -1. 0.
-0.089 0.996 0. -67.867 0.996 0.089 0. 79.021 0. 0. -1. 0.
-0.112 0.994 0. -68.050 0.994 0.112 0. 80.725 0. 0. -1. 0.
-0.157 0.988 0. -68.227 0.988 0.157 0. 82.357 0. 0. -1. 0.
-0.204 0.979 0. -68.493 0.979 0.204 0. 84.075 0. 0. -1. 0.
-0.262 0.965 0. -68.881 0.965 0.262 0. 85.438 0. 0. -1. 0.
-0.318 0.948 0. -69.232 0.948 0.318 0. 87.173 0. 0. -1. 0.
-0.386 0.922 0. -69.953 0.922 0.386 0. 88.351 0. 0. -1. 0.
-0.450 0.893 0. -70.597 0.893 0.450 0. 89.864 0. 0. -1. 0.
-0.514 0.858 0. -71.073 0.858 0.514 0. 91.088 0. 0. -1. 0.
-0.597 0.802 0. -72.010 0.802 0.597 0. 92.277 0. 0. -1. 0.
-0.672 0.741 0. -73.058 0.741 0.672 0. 93.488 0. 0. -1. 0.
-0.741 0.671 0. -74.048 0.671 0.741 0. 94.484 0. 0. -1. 0.
-0.807 0.590 0. -75.302 0.590 0.807 0. 95.340 0. 0. -1. 0.
-0.865 0.501 0. -76.466 0.501 0.865 0. 96.079 0. 0. -1. 0.
-0.911 0.412 0. -77.751 0.412 0.911 0. 96.657 0. 0. -1. 0.
-0.943 0.334 0. -79.087 0.334 0.943 0. 97.053 0. 0. -1. 0.
-0.963 0.268 0. -80.373 0.268 0.963 0. 97.414 0. 0. -1. 0.
-0.974 0.228 0. -81.746 0.228 0.974 0. 97.688 0. 0. -1. 0.
-0.979 0.204 0. -83.022 0.204 0.979 0. 98.074 0. 0. -1. 0.
-0.982 0.190 0. -84.422 0.190 0.982 0. 98.295 0. 0. -1. 0.
-0.982 0.186 0. -85.710 0.186 0.982 0. 98.641 0. 0. -1. 0.
-0.982 0.189 0. -87.153 0.189 0.982 0. 98.964 0. 0. -1. 0.
-0.977 0.214 0. -88.566 0.214 0.977 0. 99.297 0. 0. -1. 0.
-0.970 0.245 0. -90.001 0.245 0.970 0. 99.635 0. 0. -1. 0.
-0.958 0.286 0. -91.547 0.286 0.958 0. 100.083 0. 0. -1. 0.
-0.942 0.336 0. -93.039 0.336 0.942 0. 100.704 0. 0. -1. 0.
-0.920 0.393 0. -94.456 0.393 0.920 0. 101.343 0. 0. -1. 0.
-0.895 0.446 0. -95.816 0.446 0.895 0. 102.264 0. 0. -1. 0.
-0.864 0.503 0. -97.283 0.503 0.864 0. 103.065 0. 0. -1. 0.
-0.831 0.556 0. -98.684 0.556 0.831 0. 103.949 0. 0. -1. 0.
-0.804 0.595 0. -100.087 0.595 0.804 0. 105.004 0. 0. -1. 0.
-0.773 0.635 0. -101.448 0.635 0.773 0. 106.078 0. 0. -1. 0.
-0.757 0.653 0. -102.784 0.653 0.757 0. 107.272 0. 0. -1. 0.
-0.740 0.673 0. -104.069 0.673 0.740 0. 108.605 0. 0. -1. 0.
-0.730 0.683 0. -105.471 0.683 0.730 0. 109.782 0. 0. -1. 0.
-0.719 0.695 0. -106.771 0.695 0.719 0. 111.213 0. 0. -1. 0.
-0.722 0.692 0. -108.252 0.692 0.722 0. 112.462 0. 0. -1. 0.
-0.718 0.696 0. -109.526 0.696 0.718 0. 113.979 0. 0. -1. 0.
-0.714 0.700 0. -111.047 0.700 0.714 0. 115.246 0. 0. -1. 0.
-0.713 0.701 0. -112.375 0.701 0.713 0. 116.775 0. 0. -1. 0.
-0.713 0.702 0. -113.929 0.702 0.713 0. 118.181 0. 0. -1. 0.
-0.717 0.697 0. -115.255 0.697 0.717 0. 119.840 0. 0. -1. 0.
-0.709 0.705 0. -116.902 0.705 0.709 0. 121.151 0. 0. -1. 0.
-0.712 0.702 0. -118.297 0.702 0.712 0. 122.825 0. 0. -1. 0.
-0.710 0.704 0. -119.912 0.704 0.710 0. 124.352 0. 0. -1. 0.
-0.711 0.703 0. -121.440 0.703 0.711 0. 125.961 0. 0. -1. 0.
-0.710 0.704 0. -122.986 0.704 0.710 0. 127.566 0. 0. -1. 0.
-0.705 0.709 0. -124.500 0.709 0.705 0. 129.248 0. 0. -1. 0.
-0.702 0.712 0. -126.137 0.712 0.702 0. 130.867 0. 0. -1. 0.
-0.704 0.710 0. -127.591 0.710 0.704 0. 132.582 0. 0. -1. 0.
-0.704 0.710 0. -129.255 0.710 0.704 0. 134.232 0. 0. -1. 0.
-0.702 0.712 0. -130.749 0.712 0.702 0. 135.913 0. 0. -1. 0.
-0.701 0.713 0. -132.317 0.713 0.701 0. 137.513 0. 0. -1. 0.
-0.705 0.709 0. -133.898 0.709 0.705 0. 139.365 0. 0. -1. 0.
-0.706 0.708 0. -135.532 0.708 0.706 0. 140.960 0. 0. -1. 0.
-0.703 0.711 0. -137.162 0.711 0.703 0. 142.691 0. 0. -1. 0.
-0.703 0.711 0. -138.723 0.711 0.703 0. 144.437 0. 0. -1. 0.
-0.702 0.713 0. -140.442 0.713 0.702 0. 146.159 0. 0. -1. 0.
-0.700 0.714 0. -142.136 0.714 0.700 0. 147.913 0. 0. -1. 0.
-0.693 0.721 0. -143.763 0.721 0.693 0. 149.691 0. 0. -1. 0.
-0.680 0.733 0. -145.419 0.733 0.680 0. 151.386 0. 0. -1. 0.
-0.669 0.744 0. -146.982 0.744 0.669 0. 153.212 0. 0. -1. 0.
-0.656 0.755 0. -148.421 0.755 0.656 0. 155.084 0. 0. -1. 0.
-0.635 0.773 0. -150.031 0.773 0.635 0. 156.918 0. 0. -1. 0.
-0.612 0.791 0. -151.357 0.791 0.612 0. 158.817 0. 0. -1. 0.
-0.597 0.802 0. -152.691 0.802 0.597 0. 160.726 0. 0. -1. 0.
-0.568 0.823 0. -154.016 0.823 0.568 0. 162.670 0. 0. -1. 0.
-0.543 0.840 0. -155.297 0.840 0.543 0. 164.574 0. 0. -1. 0.
-0.509 0.861 0. -156.410 0.861 0.509 0. 166.605 0. 0. -1. 0.
-0.468 0.884 0. -157.515 0.884 0.468 0. 168.662 0. 0. -1. 0.
-0.422 0.907 0. -158.417 0.907 0.422 0. 170.749 0. 0. -1. 0.
-0.386 0.922 0. -159.418 0.922 0.386 0. 172.888 0. 0. -1. 0.
-0.344 0.939 0. -160.111 0.939 0.344 0. 175.079 0. 0. -1. 0.
-0.301 0.953 0. -160.790 0.953 0.301 0. 177.333 0. 0. -1. 0.
-0.254 0.967 0. -161.427 0.967 0.254 0. 179.564 0. 0. -1. 0.
-0.222 0.975 0. -161.679 0.975 0.222 0. 181.881 0. 0. -1. 0.
-0.195 0.981 0. -162.410 0.981 0.195 0. 184.150 0. 0. -1. 0.
-0.173 0.985 0. -162.552 0.985 0.173 0. 186.501 0. 0. -1. 0.
-0.160 0.987 0. -162.511 0.987 0.160 0. 188.873 0. 0. -1. 0.
-0.150 0.989 0. -163.061 0.989 0.150 0. 191.179 0. 0. -1. 0.
-0.136 0.991 0. -163.459 0.991 0.136 0. 193.511 0. 0. -1. 0.
-0.132 0.991 0. -163.801 0.991 0.132 0. 195.838 0. 0. -1. 0.
-0.126 0.992 0. -163.755 0.992 0.126 0. 198.197 0. 0. -1. 0.
-0.129 0.992 0. -164.150 0.992 0.129 0. 200.572 0. 0. -1. 0.
-0.125 0.992 0. -164.231 0.992 0.125 0. 202.907 0. 0. -1. 0.
-0.129 0.992 0. -164.586 0.992 0.129 0. 205.274 0. 0. -1. 0.
-0.133 0.991 0. -164.830 0.991 0.133 0. 207.569 0. 0. -1. 0.
-0.149 0.989 0. -165.180 0.989 0.149 0. 209.853 0. 0. -1. 0.
-0.176 0.984 0. -165.579 0.984 0.176 0. 212.139 0. 0. -1. 0.
-0.207 0.978 0. -165.792 0.978 0.207 0. 214.375 0. 0. -1. 0.
-0.245 0.969 0. -166.420 0.969 0.245 0. 216.685 0. 0. -1. 0.
-0.289 0.957 0. -166.987 0.957 0.289 0. 218.699 0. 0. -1. 0.
-0.340 0.941 0. -167.754 0.941 0.340 0. 220.833 0. 0. -1. 0.
-0.397 0.918 0. -168.473 0.918 0.397 0. 222.822 0. 0. -1. 0.
-0.467 0.884 0. -169.476 0.884 0.467 0. 224.721 0. 0. -1. 0.
-0.533 0.846 0. -170.583 0.846 0.533 0. 226.465 0. 0. -1. 0.
-0.598 0.801 0. -171.674 0.801 0.598 0. 228.253 0. 0. -1. 0.
-0.656 0.755 0. -173.098 0.755 0.656 0. 229.836 0. 0. -1. 0.
-0.708 0.706 0. -174.584 0.706 0.708 0. 231.331 0. 0. -1. 0.
-0.760 0.650 0. -175.995 0.650 0.760 0. 232.746 0. 0. -1. 0.
-0.804 0.595 0. -177.704 0.595 0.804 0. 234.011 0. 0. -1. 0.
-0.841 0.542 0. -179.638 0.542 0.841 0. 235.196 0. 0. -1. 0.
-0.877 0.481 0. -181.417 0.481 0.877 0. 236.221 0. 0. -1. 0.
-0.907 0.420 0. -183.372 0.420 0.907 0. 237.204 0. 0. -1. 0.
-0.929 0.370 0. -185.390 0.370 0.929 0. 238.090 0. 0. -1. 0.
-0.945 0.326 0. -187.397 0.326 0.945 0. 239.014 0. 0. -1. 0.
-0.954 0.298 0. -189.565 0.298 0.954 0. 239.711 0. 0. -1. 0.
-0.960 0.281 0. -191.803 0.281 0.960 0. 240.397 0. 0. -1. 0.
-0.963 0.269 0. -193.998 0.269 0.963 0. 241.008 0. 0. -1. 0.
-0.966 0.260 0. -196.221 0.260 0.966 0. 241.659 0. 0. -1. 0.
-0.966 0.257 0. -198.523 0.257 0.966 0. 242.289 0. 0. -1. 0.
-0.966 0.260 0. -200.815 0.260 0.966 0. 242.938 0. 0. -1. 0.
-0.965 0.263 0. -203.124 0.263 0.965 0. 243.649 0. 0. -1. 0.
-0.966 0.258 0. -205.379 0.258 0.966 0. 244.338 0. 0. -1. 0.
-0.967 0.254 0. -207.872 0.254 0.967 0. 244.941 0. 0. -1. 0.
-0.968 0.253 0. -210.202 0.253 0.968 0. 245.582 0. 0. -1. 0.
-0.967 0.255 0. -212.522 0.255 0.967 0. 246.223 0. 0. -1. 0.
-0.966 0.257 0. -214.804 0.257 0.966 0. 246.831 0. 0. -1. 0.
-0.966 0.258 0. -217.098 0.258 0.966 0. 247.472 0. 0. -1. 0.
-0.964 0.268 0. -219.218 0.268 0.964 0. 248.083 0. 0. -1. 0.
-0.962 0.275 0. -221.433 0.275 0.962 0. 248.730 0. 0. -1. 0.
-0.961 0.278 0. -223.570 0.278 0.961 0. 249.408 0. 0. -1. 0.
-0.959 0.284 0. -225.619 0.284 0.959 0. 250.110 0. 0. -1. 0.
-0.957 0.290 0. -227.628 0.290 0.957 0. 250.742 0. 0. -1. 0.
-0.956 0.293 0. -229.669 0.293 0.956 0. 251.310 0. 0. -1. 0.
-0.953 0.304 0. -231.581 0.304 0.953 0. 251.966 0. 0. -1. 0.
-0.948 0.317 0. -233.281 0.317 0.948 0. 252.577 0. 0. -1. 0.
-0.943 0.333 0. -234.985 0.333 0.943 0. 253.194 0. 0. -1. 0.
-0.933 0.359 0. -236.586 0.359 0.933 0. 253.846 0. 0. -1. 0.
-0.922 0.387 0. -238.057 0.387 0.922 0. 254.520 0. 0. -1. 0.
-0.910 0.415 0. -239.438 0.415 0.910 0. 255.058 0. 0. -1. 0.
-0.902 0.432 0. -240.669 0.432 0.902 0. 255.806 0. 0. -1. 0.
-0.893 0.450 0. -241.894 0.450 0.893 0. 256.354 0. 0. -1. 0.
-0.892 0.453 0. -242.993 0.453 0.892 0. 256.969 0. 0. -1. 0.
-0.898 0.440 0. -243.991 0.440 0.898 0. 257.475 0. 0. -1. 0.
-0.905 0.425 0. -245.128 0.425 0.905 0. 258.098 0. 0. -1. 0.
-0.909 0.417 0. -246.010 0.417 0.909 0. 258.480 0. 0. -1. 0.
-0.916 0.401 0. -246.802 0.401 0.916 0. 258.754 0. 0. -1. 0.
-0.918 0.396 0. -247.540 0.396 0.918 0. 259.165 0. 0. -1. 0.
-0.919 0.394 0. -248.250 0.394 0.919 0. 259.457 0. 0. -1. 0.
-0.922 0.387 0. -248.874 0.387 0.922 0. 259.781 0. 0. -1. 0.
-0.922 0.388 0. -249.532 0.388 0.922 0. 260.070 0. 0. -1. 0.
-0.925 0.381 0. -250.041 0.381 0.925 0. 260.429 0. 0. -1. 0.
-0.924 0.383 0. -250.540 0.383 0.924 0. 260.495 0. 0. -1. 0.
-0.925 0.380 0. -250.981 0.380 0.925 0. 260.890 0. 0. -1. 0.
-0.927 0.375 0. -251.437 0.375 0.927 0. 261.001 0. 0. -1. 0.
-0.926 0.377 0. -251.792 0.377 0.926 0. 260.990 0. 0. -1. 0.
-0.929 0.371 0. -252.054 0.371 0.929 0. 261.243 0. 0. -1. 0.
-0.928 0.373 0. -252.294 0.373 0.928 0. 261.273 0. 0. -1. 0.
-0.928 0.374 0. -252.469 0.374 0.928 0. 261.410 0. 0. -1. 0.
-0.929 0.371 0. -252.529 0.371 0.929 0. 261.391 0. 0. -1. 0.
-0.928 0.371 0. -252.638 0.371 0.928 0. 261.428 0. 0. -1. 0.
-0.926 0.377 0. -252.629 0.377 0.926 0. 261.481 0. 0. -1. 0.
-0.927 0.376 0. -252.643 0.376 0.927 0. 261.520 0. 0. -1. 0.
-0.928 0.374 0. -252.644 0.374 0.928 0. 261.381 0. 0. -1. 0.
-0.925 0.380 0. -252.650 0.380 0.925 0. 261.495 0. 0. -1. 0.
-0.927 0.374 0. -252.594 0.374 0.927 0. 261.461 0. 0. -1. 0.
-0.926 0.379 0. -252.668 0.379 0.926 0. 261.498 0. 0. -1. 0.
-0.928 0.374 0. -252.617 0.374 0.928 0. 261.463 0. 0. -1. 0.
-0.926 0.377 0. -252.670 0.377 0.926 0. 261.593 0. 0. -1. 0.
-0.925 0.379 0. -252.603 0.379 0.925 0. 261.406 0. 0. -1. 0.
-0.928 0.372 0. -252.588 0.372 0.928 0. 261.363 0. 0. -1. 0.
-0.927 0.375 0. -252.701 0.375 0.927 0. 261.609 0. 0. -1. 0.
-0.927 0.375 0. -252.622 0.375 0.927 0. 261.573 0. 0. -1. 0.
-0.926 0.378 0. -252.643 0.378 0.926 0. 261.445 0. 0. -1. 0.
-0.928 0.373 0. -252.576 0.373 0.928 0. 261.460 0. 0. -1. 0.
-0.928 0.372 0. -252.656 0.372 0.928 0. 261.407 0. 0. -1. 0.
-0.927 0.374 0. -252.630 0.374 0.927 0. 261.416 0. 0. -1. 0.
-0.926 0.378 0. -252.645 0.378 0.926 0. 261.411 0. 0. -1. 0.
-0.926 0.379 0. -252.627 0.379 0.926 0. 261.477 0. 0. -1. 0.
-0.928 0.373 0. -252.629 0.373 0.928 0. 261.448 0. 0. -1. 0.
-0.927 0.376 0. -252.664 0.376 0.927 0. 261.498 0. 0. -1. 0.
-0.926 0.377 0. -252.602 0.377 0.926 0. 261.392 0. 0. -1. 0.
-0.928 0.373 0. -252.629 0.373 0.928 0. 261.400 0. 0. -1. 0.
-0.927 0.375 0. -252.678 0.375 0.927 0. 261.603 0. 0. -1. 0.
-0.927 0.376 0. -252.647 0.376 0.927 0. 261.554 0. 0. -1. 0.
-0.925 0.379 0. -252.634 0.379 0.925 0. 261.402 0. 0. -1. 0.
-0.925 0.379 0. -252.609 0.379 0.925 0. 261.410 0. 0. -1. 0.
-0.925 0.379 0. -252.622 0.379 0.925 0. 261.473 0. 0. -1. 0.
-0.927 0.375 0. -252.653 0.375 0.927 0. 261.455 0. 0. -1. 0.
-0.928 0.373 0. -252.631 0.373 0.928 0. 261.502 0. 0. -1. 0.
-0.926 0.377 0. -252.647 0.377 0.926 0. 261.480 0. 0. -1. 0.
-0.926 0.378 0. -252.595 0.378 0.926 0. 261.393 0. 0. -1. 0.
-0.927 0.375 0. -252.604 0.375 0.927 0. 261.338 0. 0. -1. 0.
-0.929 0.371 0. -252.609 0.371 0.929 0. 261.421 0. 0. -1. 0.
-0.928 0.372 0. -252.645 0.372 0.928 0. 261.402 0. 0. -1. 0.
-0.928 0.372 0. -252.624 0.372 0.928 0. 261.375 0. 0. -1. 0.
-0.927 0.376 0. -252.676 0.376 0.927 0. 261.444 0. 0. -1. 0.
-0.927 0.376 0. -252.682 0.376 0.927 0. 261.536 0. 0. -1. 0.
-0.927 0.376 0. -252.789 0.376 0.927 0. 261.555 0. 0. -1. 0.
-0.926 0.378 0. -252.868 0.378 0.926 0. 261.420 0. 0. -1. 0.
-0.926 0.377 0. -253.094 0.377 0.926 0. 261.631 0. 0. -1. 0.
-0.925 0.380 0. -253.283 0.380 0.925 0. 261.634 0. 0. -1. 0.
-0.923 0.386 0. -253.652 0.386 0.923 0. 261.782 0. 0. -1. 0.
-0.921 0.389 0. -254.039 0.389 0.921 0. 262.028 0. 0. -1. 0.
-0.910 0.414 0. -254.598 0.414 0.910 0. 262.294 0. 0. -1. 0.
-0.893 0.450 0. -255.109 0.450 0.893 0. 262.515 0. 0. -1. 0.
-0.863 0.505 0. -255.752 0.505 0.863 0. 262.936 0. 0. -1. 0.
-0.825 0.566 0. -256.308 0.566 0.825 0. 263.326 0. 0. -1. 0.
-0.773 0.634 0. -256.877 0.634 0.773 0. 263.913 0. 0. -1. 0.
-0.705 0.709 0. -257.482 0.709 0.705 0. 264.568 0. 0. -1. 0.
-0.635 0.772 0. -258.038 0.772 0.635 0. 265.259 0. 0. -1. 0.
-0.564 0.826 0. -258.488 0.826 0.564 0. 266.131 0. 0. -1. 0.
-0.489 0.872 0. -258.938 0.872 0.489 0. 267.138 0. 0. -1. 0.
-0.418 0.908 0. -259.419 0.908 0.418 0. 268.009 0. 0. -1. 0.
-0.344 0.939 0. -259.719 0.939 0.344 0. 269.196 0. 0. -1. 0.
-0.262 0.965 0. -259.989 0.965 0.262 0. 270.400 0. 0. -1. 0.
-0.180 0.984 0. -260.207 0.984 0.180 0. 271.677 0. 0. -1. 0.
-0.087 0.996 0. -260.311 0.996 0.087 0. 273.214 0. 0. -1. 0.
-0.007 1. 0. -260.269 1. 0.007 0. 274.643 0. 0. -1. 0.
0.062 0.998 0. -260.032 0.998 -0.062 -0. 276.146 0. 0. -1. 0.
0.112 0.994 0. -259.817 0.994 -0.112 -0. 278.048 0. 0. -1. 0.
0.144 0.990 0. -259.412 0.990 -0.144 -0. 279.793 0. 0. -1. 0.
0.162 0.987 0. -259.019 0.987 -0.162 -0. 281.803 0. 0. -1. 0.
0.181 0.983 0. -258.669 0.983 -0.181 -0. 283.860 0. 0. -1. 0.
0.188 0.982 0. -258.072 0.982 -0.188 -0. 285.957 0. 0. -1. 0.
0.191 0.982 0. -257.695 0.982 -0.191 -0. 288.182 0. 0. -1. 0.
0.205 0.979 0. -257.303 0.979 -0.205 -0. 290.456 0. 0. -1. 0.
0.214 0.977 0. -256.621 0.977 -0.214 -0. 292.635 0. 0. -1. 0.
0.225 0.974 0. -256.037 0.974 -0.225 -0. 295.043 0. 0. -1. 0.
0.242 0.970 0. -255.408 0.970 -0.242 -0. 297.460 0. 0. -1. 0.
0.240 0.971 0. -254.742 0.971 -0.240 -0. 299.901 0. 0. -1. 0.
0.249 0.968 0. -254.176 0.968 -0.249 -0. 302.490 0. 0. -1. 0.
0.249 0.968 0. -253.280 0.968 -0.249 -0. 305.129 0. 0. -1. 0.
0.248 0.969 0. -252.570 0.969 -0.248 -0. 307.796 0. 0. -1. 0.
0.248 0.969 0. -251.813 0.969 -0.248 -0. 310.563 0. 0. -1. 0.
0.250 0.968 0. -251.043 0.968 -0.250 -0. 313.346 0. 0. -1. 0.
0.253 0.967 0. -250.272 0.967 -0.253 -0. 316.265 0. 0. -1. 0.
0.252 0.968 0. -249.479 0.968 -0.252 -0. 319.209 0. 0. -1. 0.
0.248 0.969 0. -248.572 0.969 -0.248 -0. 322.254 0. 0. -1. 0.
0.246 0.969 0. -247.667 0.969 -0.246 -0. 325.327 0. 0. -1. 0.
0.248 0.969 0. -246.821 0.969 -0.248 -0. 328.457 0. 0. -1. 0.
0.248 0.969 0. -245.890 0.969 -0.248 -0. 331.589 0. 0. -1. 0.
0.250 0.968 0. -245.054 0.968 -0.250 -0. 334.921 0. 0. -1. 0.
0.252 0.968 0. -244.190 0.968 -0.252 -0. 338.185 0. 0. -1. 0.
0.245 0.970 0. -243.229 0.970 -0.245 -0. 341.572 0. 0. -1. 0.
0.251 0.968 0. -242.293 0.968 -0.251 -0. 344.989 0. 0. -1. 0.
0.252 0.968 0. -241.210 0.968 -0.252 -0. 348.470 0. 0. -1. 0.
0.253 0.967 0. -240.352 0.967 -0.253 -0. 351.990 0. 0. -1. 0.
0.252 0.968 0. -239.298 0.968 -0.252 -0. 355.466 0. 0. -1. 0.
0.254 0.967 0. -238.401 0.967 -0.254 -0. 359.023 0. 0. -1. 0.
0.252 0.968 0. -237.327 0.968 -0.252 -0. 362.585 0. 0. -1. 0.
0.259 0.966 0. -236.366 0.966 -0.259 -0. 366.229 0. 0. -1. 0.
0.260 0.965 0. -235.302 0.965 -0.260 -0. 369.814 0. 0. -1. 0.
0.265 0.964 0. -234.178 0.964 -0.265 -0. 373.486 0. 0. -1. 0.
0.259 0.966 0. -233.085 0.966 -0.259 -0. 377.156 0. 0. -1. 0.
0.262 0.965 0. -232.110 0.965 -0.262 -0. 380.890 0. 0. -1. 0.
0.261 0.965 0. -230.959 0.965 -0.261 -0. 384.636 0. 0. -1. 0.
0.263 0.965 0. -229.930 0.965 -0.263 -0. 388.396 0. 0. -1. 0.
0.257 0.966 0. -228.724 0.966 -0.257 -0. 392.166 0. 0. -1. 0.
0.260 0.966 0. -227.668 0.966 -0.260 -0. 396.033 0. 0. -1. 0.
0.252 0.968 0. -226.468 0.968 -0.252 -0. 399.771 0. 0. -1. 0.
0.253 0.967 0. -225.516 0.967 -0.253 -0. 403.709 0. 0. -1. 0.
0.249 0.968 0. -224.482 0.968 -0.249 -0. 407.553 0. 0. -1. 0.
0.245 0.970 0. -223.381 0.970 -0.245 -0. 411.339 0. 0. -1. 0.
0.247 0.969 0. -222.466 0.969 -0.247 -0. 415.220 0. 0. -1. 0.
0.245 0.969 0. -221.428 0.969 -0.245 -0. 418.925 0. 0. -1. 0.
0.243 0.970 0. -220.383 0.970 -0.243 -0. 422.711 0. 0. -1. 0.
0.247 0.969 0. -219.394 0.969 -0.247 -0. 426.492 0. 0. -1. 0.
0.247 0.969 0. -218.283 0.969 -0.247 -0. 430.151 0. 0. -1. 0.
0.245 0.969 0. -217.350 0.969 -0.245 -0. 433.858 0. 0. -1. 0.
0.243 0.970 0. -216.254 0.970 -0.243 -0. 437.525 0. 0. -1. 0.
0.248 0.969 0. -215.287 0.969 -0.248 -0. 441.133 0. 0. -1. 0.
0.248 0.969 0. -214.245 0.969 -0.248 -0. 444.734 0. 0. -1. 0.
0.248 0.969 0. -213.288 0.969 -0.248 -0. 448.320 0. 0. -1. 0.
0.246 0.969 0. -212.296 0.969 -0.246 -0. 451.840 0. 0. -1. 0.
0.243 0.970 0. -211.315 0.970 -0.243 -0. 455.337 0. 0. -1. 0.
0.244 0.970 0. -210.384 0.970 -0.244 -0. 458.869 0. 0. -1. 0.
0.247 0.969 0. -209.443 0.969 -0.247 -0. 462.321 0. 0. -1. 0.
0.252 0.968 0. -208.469 0.968 -0.252 -0. 465.798 0. 0. -1. 0.
0.253 0.967 0. -207.581 0.967 -0.253 -0. 469.191 0. 0. -1. 0.
0.251 0.968 0. -206.479 0.968 -0.251 -0. 472.535 0. 0. -1. 0.
0.263 0.965 0. -205.542 0.965 -0.263 -0. 475.875 0. 0. -1. 0.
0.257 0.966 0. -204.641 0.966 -0.257 -0. 479.144 0. 0. -1. 0.
0.257 0.966 0. -203.739 0.966 -0.257 -0. 482.590 0. 0. -1. 0.
0.264 0.964 0. -202.793 0.964 -0.264 -0. 485.870 0. 0. -1. 0.
0.259 0.966 0. -201.678 0.966 -0.259 -0. 489.062 0. 0. -1. 0.
0.261 0.965 0. -200.833 0.965 -0.261 -0. 492.487 0. 0. -1. 0.
0.265 0.964 0. -199.853 0.964 -0.265 -0. 495.724 0. 0. -1. 0.
0.258 0.966 0. -198.839 0.966 -0.258 -0. 499.017 0. 0. -1. 0.
0.259 0.966 0. -198.019 0.966 -0.259 -0. 502.337 0. 0. -1. 0.
0.259 0.966 0. -197.007 0.966 -0.259 -0. 505.604 0. 0. -1. 0.
0.261 0.965 0. -196.057 0.965 -0.261 -0. 508.879 0. 0. -1. 0.
0.259 0.966 0. -195.131 0.966 -0.259 -0. 512.195 0. 0. -1. 0.
