-0.177 -0.984 0. 355630.211 0.984 -0.177 0. 4026792.294 0. 0. 1. 0.
-0.209 -0.978 0. 355630.039 0.978 -0.209 0. 4026793.177 0. 0. 1. 0.
-0.242 -0.970 0. 355629.828 0.970 -0.242 0. 4026794.088 0. 0. 1. 0.
-0.274 -0.962 0. 355629.573 0.962 -0.274 0. 4026795.034 0. 0. 1. 0.
-0.304 -0.953 0. 355629.276 0.953 -0.304 0. 4026796.004 0. 0. 1. 0.
-0.330 -0.944 0. 355628.936 0.944 -0.330 0. 4026796.999 0. 0. 1. 0.
-0.349 -0.937 0. 355628.556 0.937 -0.349 0. 4026798.022 0. 0. 1. 0.
-0.361 -0.933 0. 355628.144 0.933 -0.361 0. 4026799.075 0. 0. 1. 0.
-0.365 -0.931 0. 355627.734 0.931 -0.365 0. 4026800.126 0. 0. 1. 0.
-0.365 -0.931 0. 355627.308 0.931 -0.365 0. 4026801.212 0. 0. 1. 0.
-0.364 -0.931 0. 355626.869 0.931 -0.364 0. 4026802.335 0. 0. 1. 0.
-0.364 -0.931 0. 355626.413 0.931 -0.364 0. 4026803.499 0. 0. 1. 0.
-0.362 -0.932 0. 355625.949 0.932 -0.362 0. 4026804.690 0. 0. 1. 0.
-0.361 -0.932 0. 355625.476 0.932 -0.361 0. 4026805.909 0. 0. 1. 0.
-0.363 -0.932 0. 355624.989 0.932 -0.363 0. 4026807.162 0. 0. 1. 0.
-0.370 -0.929 0. 355624.482 0.929 -0.370 0. 4026808.445 0. 0. 1. 0.
-0.378 -0.926 0. 355623.951 0.926 -0.378 0. 4026809.769 0. 0. 1. 0.
-0.386 -0.922 0. 355623.395 0.922 -0.386 0. 4026811.112 0. 0. 1. 0.
-0.397 -0.918 0. 355622.809 0.918 -0.397 0. 4026812.480 0. 0. 1. 0.
-0.410 -0.912 0. 355622.184 0.912 -0.410 0. 4026813.881 0. 0. 1. 0.
-0.422 -0.907 0. 355621.524 0.907 -0.422 0. 4026815.316 0. 0. 1. 0.
-0.440 -0.898 0. 355620.823 0.898 -0.440 0. 4026816.776 0. 0. 1. 0.
-0.460 -0.888 0. 355620.074 0.888 -0.460 0. 4026818.253 0. 0. 1. 0.
-0.482 -0.876 0. 355619.268 0.876 -0.482 0. 4026819.747 0. 0. 1. 0.
-0.508 -0.861 0. 355618.399 0.861 -0.508 0. 4026821.263 0. 0. 1. 0.
-0.534 -0.845 0. 355617.468 0.845 -0.534 0. 4026822.776 0. 0. 1. 0.
-0.560 -0.828 0. 355616.478 0.828 -0.560 0. 4026824.283 0. 0. 1. 0.
-0.586 -0.810 0. 355615.416 0.810 -0.586 0. 4026825.794 0. 0. 1. 0.
-0.609 -0.793 0. 355614.289 0.793 -0.609 0. 4026827.289 0. 0. 1. 0.
-0.630 -0.776 0. 355613.105 0.776 -0.630 0. 4026828.780 0. 0. 1. 0.
-0.646 -0.763 0. 355611.858 0.763 -0.646 0. 4026830.281 0. 0. 1. 0.
-0.656 -0.755 0. 355610.588 0.755 -0.656 0. 4026831.769 0. 0. 1. 0.
-0.666 -0.746 0. 355609.283 0.746 -0.666 0. 4026833.252 0. 0. 1. 0.
-0.675 -0.738 0. 355607.944 0.738 -0.675 0. 4026834.738 0. 0. 1. 0.
-0.682 -0.732 0. 355606.595 0.732 -0.682 0. 4026836.207 0. 0. 1. 0.
-0.687 -0.727 0. 355605.217 0.727 -0.687 0. 4026837.685 0. 0. 1. 0.
-0.689 -0.724 0. 355603.831 0.724 -0.689 0. 4026839.145 0. 0. 1. 0.
-0.688 -0.726 0. 355602.437 0.726 -0.688 0. 4026840.610 0. 0. 1. 0.
-0.687 -0.727 0. 355601.048 0.727 -0.687 0. 4026842.079 0. 0. 1. 0.
-0.684 -0.729 0. 355599.674 0.729 -0.684 0. 4026843.539 0. 0. 1. 0.
-0.681 -0.733 0. 355598.300 0.733 -0.681 0. 4026845.011 0. 0. 1. 0.
-0.675 -0.737 0. 355596.942 0.737 -0.675 0. 4026846.484 0. 0. 1. 0.
-0.668 -0.744 0. 355595.603 0.744 -0.668 0. 4026847.960 0. 0. 1. 0.
-0.660 -0.751 0. 355594.277 0.751 -0.660 0. 4026849.456 0. 0. 1. 0.
-0.651 -0.759 0. 355592.984 0.759 -0.651 0. 4026850.957 0. 0. 1. 0.
-0.641 -0.768 0. 355591.703 0.768 -0.641 0. 4026852.482 0. 0. 1. 0.
-0.630 -0.777 0. 355590.443 0.777 -0.630 0. 4026854.022 0. 0. 1. 0.
-0.618 -0.786 0. 355589.193 0.786 -0.618 0. 4026855.593 0. 0. 1. 0.
-0.606 -0.796 0. 355587.955 0.796 -0.606 0. 4026857.202 0. 0. 1. 0.
-0.591 -0.807 0. 355586.738 0.807 -0.591 0. 4026858.836 0. 0. 1. 0.
-0.576 -0.818 0. 355585.550 0.818 -0.576 0. 4026860.488 0. 0. 1. 0.
-0.558 -0.830 0. 355584.395 0.830 -0.558 0. 4026862.157 0. 0. 1. 0.
-0.538 -0.843 0. 355583.294 0.843 -0.538 0. 4026863.834 0. 0. 1. 0.
-0.518 -0.855 0. 355582.227 0.855 -0.518 0. 4026865.545 0. 0. 1. 0.
-0.497 -0.868 0. 355581.201 0.868 -0.497 0. 4026867.286 0. 0. 1. 0.
-0.476 -0.879 0. 355580.213 0.879 -0.476 0. 4026869.059 0. 0. 1. 0.
-0.456 -0.890 0. 355579.256 0.890 -0.456 0. 4026870.880 0. 0. 1. 0.
-0.435 -0.900 0. 355578.337 0.900 -0.435 0. 4026872.726 0. 0. 1. 0.
-0.414 -0.910 0. 355577.457 0.910 -0.414 0. 4026874.596 0. 0. 1. 0.
-0.393 -0.920 0. 355576.618 0.920 -0.393 0. 4026876.487 0. 0. 1. 0.
-0.372 -0.928 0. 355575.829 0.928 -0.372 0. 4026878.396 0. 0. 1. 0.
-0.353 -0.935 0. 355575.070 0.935 -0.353 0. 4026880.341 0. 0. 1. 0.
-0.336 -0.942 0. 355574.349 0.942 -0.336 0. 4026882.298 0. 0. 1. 0.
-0.320 -0.947 0. 355573.661 0.947 -0.320 0. 4026884.271 0. 0. 1. 0.
-0.304 -0.953 0. 355573.011 0.953 -0.304 0. 4026886.259 0. 0. 1. 0.
-0.287 -0.958 0. 355572.392 0.958 -0.287 0. 4026888.265 0. 0. 1. 0.
-0.270 -0.963 0. 355571.805 0.963 -0.270 0. 4026890.291 0. 0. 1. 0.
-0.251 -0.968 0. 355571.251 0.968 -0.251 0. 4026892.332 0. 0. 1. 0.
-0.232 -0.973 0. 355570.725 0.973 -0.232 0. 4026894.423 0. 0. 1. 0.
-0.212 -0.977 0. 355570.241 0.977 -0.212 0. 4026896.518 0. 0. 1. 0.
-0.193 -0.981 0. 355569.800 0.981 -0.193 0. 4026898.619 0. 0. 1. 0.
-0.174 -0.985 0. 355569.398 0.985 -0.174 0. 4026900.738 0. 0. 1. 0.
-0.153 -0.988 0. 355569.036 0.988 -0.153 0. 4026902.872 0. 0. 1. 0.
-0.133 -0.991 0. 355568.720 0.991 -0.133 0. 4026905.007 0. 0. 1. 0.
-0.113 -0.994 0. 355568.446 0.994 -0.113 0. 4026907.165 0. 0. 1. 0.
-0.092 -0.996 0. 355568.217 0.996 -0.092 0. 4026909.339 0. 0. 1. 0.
-0.071 -0.997 0. 355568.029 0.997 -0.071 0. 4026911.516 0. 0. 1. 0.
-0.052 -0.999 0. 355567.888 0.999 -0.052 0. 4026913.712 0. 0. 1. 0.
-0.033 -0.999 0. 355567.789 0.999 -0.033 0. 4026915.919 0. 0. 1. 0.
-0.015 -1.000 0. 355567.733 1.000 -0.015 0. 4026918.142 0. 0. 1. 0.
0.002 -1. 0. 355567.714 1. 0.002 0. 4026920.371 0. 0. 1. 0.
0.019 -1.000 0. 355567.736 1.000 0.019 0. 4026922.613 0. 0. 1. 0.
0.038 -0.999 0. 355567.799 0.999 0.038 0. 4026924.857 0. 0. 1. 0.
0.057 -0.998 0. 355567.909 0.998 0.057 0. 4026927.129 0. 0. 1. 0.
0.076 -0.997 0. 355568.070 0.997 0.076 0. 4026929.409 0. 0. 1. 0.
0.096 -0.995 0. 355568.274 0.995 0.096 0. 4026931.694 0. 0. 1. 0.
0.115 -0.993 0. 355568.526 0.993 0.115 0. 4026934.000 0. 0. 1. 0.
0.135 -0.991 0. 355568.824 0.991 0.135 0. 4026936.314 0. 0. 1. 0.
0.151 -0.989 0. 355569.179 0.989 0.151 0. 4026938.648 0. 0. 1. 0.
0.166 -0.986 0. 355569.566 0.986 0.166 0. 4026940.965 0. 0. 1. 0.
0.181 -0.983 0. 355569.988 0.983 0.181 0. 4026943.305 0. 0. 1. 0.
0.198 -0.980 0. 355570.442 0.980 0.198 0. 4026945.655 0. 0. 1. 0.
0.215 -0.977 0. 355570.939 0.977 0.215 0. 4026948.016 0. 0. 1. 0.
0.232 -0.973 0. 355571.481 0.973 0.232 0. 4026950.382 0. 0. 1. 0.
0.248 -0.969 0. 355572.065 0.969 0.248 0. 4026952.742 0. 0. 1. 0.
0.261 -0.965 0. 355572.690 0.965 0.261 0. 4026955.115 0. 0. 1. 0.
0.274 -0.962 0. 355573.348 0.962 0.274 0. 4026957.489 0. 0. 1. 0.
0.288 -0.958 0. 355574.042 0.958 0.288 0. 4026959.866 0. 0. 1. 0.
0.305 -0.952 0. 355574.777 0.952 0.305 0. 4026962.237 0. 0. 1. 0.
0.323 -0.946 0. 355575.557 0.946 0.323 0. 4026964.600 0. 0. 1. 0.
0.342 -0.940 0. 355576.387 0.940 0.342 0. 4026966.960 0. 0. 1. 0.
0.362 -0.932 0. 355577.267 0.932 0.362 0. 4026969.301 0. 0. 1. 0.
0.384 -0.923 0. 355578.193 0.923 0.384 0. 4026971.608 0. 0. 1. 0.
0.410 -0.912 0. 355579.170 0.912 0.410 0. 4026973.869 0. 0. 1. 0.
0.436 -0.900 0. 355580.206 0.900 0.436 0. 4026976.090 0. 0. 1. 0.
0.461 -0.887 0. 355581.298 0.887 0.461 0. 4026978.268 0. 0. 1. 0.
0.486 -0.874 0. 355582.435 0.874 0.486 0. 4026980.386 0. 0. 1. 0.
0.510 -0.860 0. 355583.629 0.860 0.510 0. 4026982.468 0. 0. 1. 0.
0.534 -0.845 0. 355584.874 0.845 0.534 0. 4026984.506 0. 0. 1. 0.
0.559 -0.829 0. 355586.178 0.829 0.559 0. 4026986.508 0. 0. 1. 0.
0.584 -0.812 0. 355587.534 0.812 0.584 0. 4026988.457 0. 0. 1. 0.
0.609 -0.793 0. 355588.945 0.793 0.609 0. 4026990.358 0. 0. 1. 0.
0.633 -0.774 0. 355590.402 0.774 0.633 0. 4026992.199 0. 0. 1. 0.
0.656 -0.755 0. 355591.912 0.755 0.656 0. 4026993.994 0. 0. 1. 0.
0.678 -0.735 0. 355593.458 0.735 0.678 0. 4026995.723 0. 0. 1. 0.
0.696 -0.718 0. 355595.036 0.718 0.696 0. 4026997.393 0. 0. 1. 0.
0.712 -0.703 0. 355596.639 0.703 0.712 0. 4026999.013 0. 0. 1. 0.
0.722 -0.692 0. 355598.259 0.692 0.722 0. 4027000.590 0. 0. 1. 0.
0.730 -0.683 0. 355599.885 0.683 0.730 0. 4027002.133 0. 0. 1. 0.
0.738 -0.675 0. 355601.523 0.675 0.738 0. 4027003.649 0. 0. 1. 0.
0.744 -0.668 0. 355603.176 0.668 0.744 0. 4027005.148 0. 0. 1. 0.
0.744 -0.668 0. 355604.838 0.668 0.744 0. 4027006.641 0. 0. 1. 0.
0.741 -0.671 0. 355606.483 0.671 0.741 0. 4027008.124 0. 0. 1. 0.
0.736 -0.677 0. 355608.123 0.677 0.736 0. 4027009.620 0. 0. 1. 0.
0.731 -0.683 0. 355609.745 0.683 0.731 0. 4027011.125 0. 0. 1. 0.
0.722 -0.692 0. 355611.345 0.692 0.722 0. 4027012.638 0. 0. 1. 0.
0.712 -0.703 0. 355612.913 0.703 0.712 0. 4027014.162 0. 0. 1. 0.
0.698 -0.716 0. 355614.446 0.716 0.698 0. 4027015.704 0. 0. 1. 0.
0.681 -0.732 0. 355615.946 0.732 0.681 0. 4027017.279 0. 0. 1. 0.
0.661 -0.750 0. 355617.397 0.750 0.661 0. 4027018.880 0. 0. 1. 0.
0.640 -0.768 0. 355618.801 0.768 0.640 0. 4027020.517 0. 0. 1. 0.
0.615 -0.788 0. 355620.157 0.788 0.615 0. 4027022.195 0. 0. 1. 0.
0.585 -0.811 0. 355621.464 0.811 0.585 0. 4027023.936 0. 0. 1. 0.
0.551 -0.835 0. 355622.689 0.835 0.551 0. 4027025.707 0. 0. 1. 0.
0.512 -0.859 0. 355623.846 0.859 0.512 0. 4027027.548 0. 0. 1. 0.
0.470 -0.882 0. 355624.925 0.882 0.470 0. 4027029.459 0. 0. 1. 0.
0.427 -0.904 0. 355625.918 0.904 0.427 0. 4027031.435 0. 0. 1. 0.
0.382 -0.924 0. 355626.813 0.924 0.382 0. 4027033.454 0. 0. 1. 0.
0.336 -0.942 0. 355627.615 0.942 0.336 0. 4027035.537 0. 0. 1. 0.
0.289 -0.957 0. 355628.316 0.957 0.289 0. 4027037.664 0. 0. 1. 0.
0.250 -0.968 0. 355628.927 0.968 0.250 0. 4027039.852 0. 0. 1. 0.
0.224 -0.975 0. 355629.468 0.975 0.224 0. 4027042.080 0. 0. 1. 0.
0.202 -0.979 0. 355629.958 0.979 0.202 0. 4027044.329 0. 0. 1. 0.
0.183 -0.983 0. 355630.407 0.983 0.183 0. 4027046.626 0. 0. 1. 0.
0.168 -0.986 0. 355630.816 0.986 0.168 0. 4027048.935 0. 0. 1. 0.
0.155 -0.988 0. 355631.196 0.988 0.155 0. 4027051.273 0. 0. 1. 0.
0.146 -0.989 0. 355631.554 0.989 0.146 0. 4027053.631 0. 0. 1. 0.
0.137 -0.991 0. 355631.893 0.991 0.137 0. 4027056.014 0. 0. 1. 0.
0.128 -0.992 0. 355632.213 0.992 0.128 0. 4027058.415 0. 0. 1. 0.
0.118 -0.993 0. 355632.513 0.993 0.118 0. 4027060.833 0. 0. 1. 0.
0.109 -0.994 0. 355632.794 0.994 0.109 0. 4027063.292 0. 0. 1. 0.
0.099 -0.995 0. 355633.050 0.995 0.099 0. 4027065.753 0. 0. 1. 0.
0.090 -0.996 0. 355633.285 0.996 0.090 0. 4027068.239 0. 0. 1. 0.
0.082 -0.997 0. 355633.501 0.997 0.082 0. 4027070.746 0. 0. 1. 0.
0.076 -0.997 0. 355633.700 0.997 0.076 0. 4027073.278 0. 0. 1. 0.
0.070 -0.998 0. 355633.886 0.998 0.070 0. 4027075.820 0. 0. 1. 0.
0.065 -0.998 0. 355634.059 0.998 0.065 0. 4027078.393 0. 0. 1. 0.
0.060 -0.998 0. 355634.221 0.998 0.060 0. 4027080.971 0. 0. 1. 0.
0.056 -0.998 0. 355634.373 0.998 0.056 0. 4027083.574 0. 0. 1. 0.
0.052 -0.999 0. 355634.515 0.999 0.052 0. 4027086.191 0. 0. 1. 0.
0.047 -0.999 0. 355634.644 0.999 0.047 0. 4027088.804 0. 0. 1. 0.
0.043 -0.999 0. 355634.762 0.999 0.043 0. 4027091.405 0. 0. 1. 0.
0.039 -0.999 0. 355634.868 0.999 0.039 0. 4027093.990 0. 0. 1. 0.
0.035 -0.999 0. 355634.963 0.999 0.035 0. 4027096.546 0. 0. 1. 0.
0.031 -1.000 0. 355635.048 1.000 0.031 0. 4027099.103 0. 0. 1. 0.
0.027 -1.000 0. 355635.122 1.000 0.027 0. 4027101.637 0. 0. 1. 0.
0.023 -1.000 0. 355635.185 1.000 0.023 0. 4027104.149 0. 0. 1. 0.
0.019 -1.000 0. 355635.238 1.000 0.019 0. 4027106.652 0. 0. 1. 0.
0.013 -1. 0. 355635.278 1. 0.013 0. 4027109.135 0. 0. 1. 0.
0.009 -1. 0. 355635.305 1. 0.009 0. 4027111.606 0. 0. 1. 0.
0.005 -1. 0. 355635.322 1. 0.005 0. 4027114.047 0. 0. 1. 0.
0.003 -1. 0. 355635.332 1. 0.003 0. 4027116.481 0. 0. 1. 0.
0.002 -1. 0. 355635.338 1. 0.002 0. 4027118.898 0. 0. 1. 0.
0.004 -1. 0. 355635.345 1. 0.004 0. 4027121.315 0. 0. 1. 0.
0.009 -1. 0. 355635.361 1. 0.009 0. 4027123.726 0. 0. 1. 0.
0.018 -1.000 0. 355635.393 1.000 0.018 0. 4027126.143 0. 0. 1. 0.
0.030 -1.000 0. 355635.452 1.000 0.030 0. 4027128.547 0. 0. 1. 0.
0.039 -0.999 0. 355635.536 0.999 0.039 0. 4027130.963 0. 0. 1. 0.
0.044 -0.999 0. 355635.637 0.999 0.044 0. 4027133.373 0. 0. 1. 0.
0.044 -0.999 0. 355635.746 0.999 0.044 0. 4027135.794 0. 0. 1. 0.
0.045 -0.999 0. 355635.854 0.999 0.045 0. 4027138.218 0. 0. 1. 0.
0.046 -0.999 0. 355635.965 0.999 0.046 0. 4027140.637 0. 0. 1. 0.
0.042 -0.999 0. 355636.073 0.999 0.042 0. 4027143.058 0. 0. 1. 0.
0.037 -0.999 0. 355636.168 0.999 0.037 0. 4027145.466 0. 0. 1. 0.
0.033 -0.999 0. 355636.252 0.999 0.033 0. 4027147.859 0. 0. 1. 0.
0.031 -1.000 0. 355636.329 1.000 0.031 0. 4027150.239 0. 0. 1. 0.
0.032 -0.999 0. 355636.404 0.999 0.032 0. 4027152.604 0. 0. 1. 0.
0.033 -0.999 0. 355636.481 0.999 0.033 0. 4027154.948 0. 0. 1. 0.
0.034 -0.999 0. 355636.559 0.999 0.034 0. 4027157.271 0. 0. 1. 0.
0.033 -0.999 0. 355636.637 0.999 0.033 0. 4027159.580 0. 0. 1. 0.
0.031 -1.000 0. 355636.711 1.000 0.031 0. 4027161.855 0. 0. 1. 0.
0.029 -1.000 0. 355636.777 1.000 0.029 0. 4027164.083 0. 0. 1. 0.
0.026 -1.000 0. 355636.837 1.000 0.026 0. 4027166.251 0. 0. 1. 0.
0.024 -1.000 0. 355636.890 1.000 0.024 0. 4027168.345 0. 0. 1. 0.
0.022 -1.000 0. 355636.938 1.000 0.022 0. 4027170.363 0. 0. 1. 0.
0.021 -1.000 0. 355636.980 1.000 0.021 0. 4027172.312 0. 0. 1. 0.
0.020 -1.000 0. 355637.019 1.000 0.020 0. 4027174.203 0. 0. 1. 0.
0.019 -1.000 0. 355637.055 1.000 0.019 0. 4027176.041 0. 0. 1. 0.
0.018 -1.000 0. 355637.087 1.000 0.018 0. 4027177.818 0. 0. 1. 0.
0.019 -1.000 0. 355637.119 1.000 0.019 0. 4027179.526 0. 0. 1. 0.
0.023 -1.000 0. 355637.152 1.000 0.023 0. 4027181.168 0. 0. 1. 0.
0.034 -0.999 0. 355637.195 0.999 0.034 0. 4027182.738 0. 0. 1. 0.
0.059 -0.998 0. 355637.262 0.998 0.059 0. 4027184.231 0. 0. 1. 0.
0.098 -0.995 0. 355637.369 0.995 0.098 0. 4027185.639 0. 0. 1. 0.
0.148 -0.989 0. 355637.530 0.989 0.148 0. 4027186.956 0. 0. 1. 0.
0.204 -0.979 0. 355637.748 0.979 0.204 0. 4027188.194 0. 0. 1. 0.
0.269 -0.963 0. 355638.027 0.963 0.269 0. 4027189.355 0. 0. 1. 0.
0.340 -0.940 0. 355638.372 0.940 0.340 0. 4027190.439 0. 0. 1. 0.
0.414 -0.910 0. 355638.793 0.910 0.414 0. 4027191.479 0. 0. 1. 0.
0.488 -0.873 0. 355639.283 0.873 0.488 0. 4027192.454 0. 0. 1. 0.
0.565 -0.825 0. 355639.852 0.825 0.565 0. 4027193.378 0. 0. 1. 0.
0.636 -0.772 0. 355640.492 0.772 0.636 0. 4027194.232 0. 0. 1. 0.
0.696 -0.718 0. 355641.207 0.718 0.696 0. 4027195.031 0. 0. 1. 0.
0.750 -0.661 0. 355641.991 0.661 0.750 0. 4027195.780 0. 0. 1. 0.
0.797 -0.604 0. 355642.838 0.604 0.797 0. 4027196.472 0. 0. 1. 0.
0.836 -0.549 0. 355643.737 0.549 0.836 0. 4027197.108 0. 0. 1. 0.
0.868 -0.497 0. 355644.696 0.497 0.868 0. 4027197.700 0. 0. 1. 0.
0.896 -0.445 0. 355645.709 0.445 0.896 0. 4027198.242 0. 0. 1. 0.
0.916 -0.400 0. 355646.778 0.400 0.916 0. 4027198.742 0. 0. 1. 0.
0.934 -0.359 0. 355647.901 0.359 0.934 0. 4027199.204 0. 0. 1. 0.
0.949 -0.315 0. 355649.075 0.315 0.949 0. 4027199.625 0. 0. 1. 0.
0.962 -0.272 0. 355650.303 0.272 0.962 0. 4027200.004 0. 0. 1. 0.
0.974 -0.226 0. 355651.595 0.226 0.974 0. 4027200.338 0. 0. 1. 0.
0.984 -0.177 0. 355652.946 0.177 0.984 0. 4027200.618 0. 0. 1. 0.
0.992 -0.128 0. 355654.364 0.128 0.992 0. 4027200.838 0. 0. 1. 0.
0.997 -0.083 0. 355655.834 0.083 0.997 0. 4027200.993 0. 0. 1. 0.
0.999 -0.048 0. 355657.363 0.048 0.999 0. 4027201.093 0. 0. 1. 0.
1.000 -0.017 0. 355658.955 0.017 1.000 0. 4027201.145 0. 0. 1. 0.
1. 0.012 0. 355660.599 -0.012 1. -0. 4027201.147 -0. 0. 1. 0.
0.999 0.034 0. 355662.294 -0.034 0.999 -0. 4027201.106 -0. 0. 1. 0.
0.999 0.051 0. 355664.042 -0.051 0.999 -0. 4027201.030 -0. 0. 1. 0.
0.998 0.064 0. 355665.851 -0.064 0.998 -0. 4027200.924 -0. 0. 1. 0.
0.998 0.069 0. 355667.709 -0.069 0.998 -0. 4027200.794 -0. 0. 1. 0.
0.998 0.068 0. 355669.611 -0.068 0.998 -0. 4027200.660 -0. 0. 1. 0.
0.998 0.067 0. 355671.569 -0.067 0.998 -0. 4027200.525 -0. 0. 1. 0.
0.998 0.066 0. 355673.590 -0.066 0.998 -0. 4027200.389 -0. 0. 1. 0.
0.998 0.066 0. 355675.657 -0.066 0.998 -0. 4027200.253 -0. 0. 1. 0.
0.998 0.064 0. 355677.782 -0.064 0.998 -0. 4027200.114 -0. 0. 1. 0.
0.998 0.063 0. 355679.959 -0.063 0.998 -0. 4027199.975 -0. 0. 1. 0.
0.998 0.063 0. 355682.186 -0.063 0.998 -0. 4027199.833 -0. 0. 1. 0.
0.998 0.065 0. 355684.471 -0.065 0.998 -0. 4027199.684 -0. 0. 1. 0.
0.998 0.067 0. 355686.783 -0.067 0.998 -0. 4027199.528 -0. 0. 1. 0.
0.998 0.070 0. 355689.117 -0.070 0.998 -0. 4027199.367 -0. 0. 1. 0.
0.998 0.069 0. 355691.452 -0.069 0.998 -0. 4027199.202 -0. 0. 1. 0.
0.998 0.067 0. 355693.797 -0.067 0.998 -0. 4027199.039 -0. 0. 1. 0.
0.998 0.065 0. 355696.173 -0.065 0.998 -0. 4027198.880 -0. 0. 1. 0.
0.998 0.063 0. 355698.560 -0.063 0.998 -0. 4027198.725 -0. 0. 1. 0.
0.998 0.062 0. 355700.979 -0.062 0.998 -0. 4027198.572 -0. 0. 1. 0.
0.998 0.060 0. 355703.422 -0.060 0.998 -0. 4027198.419 -0. 0. 1. 0.
0.998 0.059 0. 355705.898 -0.059 0.998 -0. 4027198.269 -0. 0. 1. 0.
0.998 0.059 0. 355708.413 -0.059 0.998 -0. 4027198.119 -0. 0. 1. 0.
0.998 0.060 0. 355710.948 -0.060 0.998 -0. 4027197.966 -0. 0. 1. 0.
0.998 0.063 0. 355713.520 -0.063 0.998 -0. 4027197.806 -0. 0. 1. 0.
0.998 0.065 0. 355716.117 -0.065 0.998 -0. 4027197.639 -0. 0. 1. 0.
0.998 0.067 0. 355718.751 -0.067 0.998 -0. 4027197.464 -0. 0. 1. 0.
0.997 0.072 0. 355721.413 -0.072 0.997 -0. 4027197.277 -0. 0. 1. 0.
0.997 0.077 0. 355724.114 -0.077 0.997 -0. 4027197.074 -0. 0. 1. 0.
0.997 0.082 0. 355726.837 -0.082 0.997 -0. 4027196.856 -0. 0. 1. 0.
0.996 0.089 0. 355729.580 -0.089 0.996 -0. 4027196.620 -0. 0. 1. 0.
0.995 0.097 0. 355732.363 -0.097 0.995 -0. 4027196.360 -0. 0. 1. 0.
0.994 0.106 0. 355735.170 -0.106 0.994 -0. 4027196.073 -0. 0. 1. 0.
0.993 0.117 0. 355738.003 -0.117 0.993 -0. 4027195.754 -0. 0. 1. 0.
0.992 0.127 0. 355740.846 -0.127 0.992 -0. 4027195.405 -0. 0. 1. 0.
0.990 0.138 0. 355743.722 -0.138 0.990 -0. 4027195.021 -0. 0. 1. 0.
0.989 0.149 0. 355746.619 -0.149 0.989 -0. 4027194.601 -0. 0. 1. 0.
0.987 0.160 0. 355749.555 -0.160 0.987 -0. 4027194.140 -0. 0. 1. 0.
0.985 0.173 0. 355752.451 -0.173 0.985 -0. 4027193.652 -0. 0. 1. 0.
0.983 0.186 0. 355755.394 -0.186 0.983 -0. 4027193.116 -0. 0. 1. 0.
0.980 0.201 0. 355758.328 -0.201 0.980 -0. 4027192.537 -0. 0. 1. 0.
0.976 0.218 0. 355761.283 -0.218 0.976 -0. 4027191.907 -0. 0. 1. 0.
0.971 0.238 0. 355764.237 -0.238 0.971 -0. 4027191.217 -0. 0. 1. 0.
0.967 0.257 0. 355767.196 -0.257 0.967 -0. 4027190.462 -0. 0. 1. 0.
0.962 0.273 0. 355770.166 -0.273 0.962 -0. 4027189.647 -0. 0. 1. 0.
0.957 0.290 0. 355773.121 -0.290 0.957 -0. 4027188.781 -0. 0. 1. 0.
0.952 0.305 0. 355776.089 -0.305 0.952 -0. 4027187.857 -0. 0. 1. 0.
0.948 0.318 0. 355779.058 -0.318 0.948 -0. 4027186.885 -0. 0. 1. 0.
0.944 0.329 0. 355782.023 -0.329 0.944 -0. 4027185.872 -0. 0. 1. 0.
0.940 0.342 0. 355784.990 -0.342 0.940 -0. 4027184.817 -0. 0. 1. 0.
0.935 0.353 0. 355787.945 -0.353 0.935 -0. 4027183.723 -0. 0. 1. 0.
0.931 0.366 0. 355790.913 -0.366 0.931 -0. 4027182.581 -0. 0. 1. 0.
0.926 0.377 0. 355793.862 -0.377 0.926 -0. 4027181.401 -0. 0. 1. 0.
0.921 0.389 0. 355796.806 -0.389 0.921 -0. 4027180.180 -0. 0. 1. 0.
0.916 0.402 0. 355799.753 -0.402 0.916 -0. 4027178.914 -0. 0. 1. 0.
0.910 0.414 0. 355802.709 -0.414 0.910 -0. 4027177.596 -0. 0. 1. 0.
0.905 0.426 0. 355805.639 -0.426 0.905 -0. 4027176.243 -0. 0. 1. 0.
0.899 0.438 0. 355808.564 -0.438 0.899 -0. 4027174.845 -0. 0. 1. 0.
0.893 0.449 0. 355811.477 -0.449 0.893 -0. 4027173.404 -0. 0. 1. 0.
0.890 0.456 0. 355814.358 -0.456 0.890 -0. 4027171.937 -0. 0. 1. 0.
0.890 0.457 0. 355817.206 -0.457 0.890 -0. 4027170.470 -0. 0. 1. 0.
0.891 0.455 0. 355820.063 -0.455 0.891 -0. 4027169.006 -0. 0. 1. 0.
0.891 0.453 0. 355822.867 -0.453 0.891 -0. 4027167.578 -0. 0. 1. 0.
0.892 0.452 0. 355825.680 -0.452 0.892 -0. 4027166.150 -0. 0. 1. 0.
0.892 0.452 0. 355828.476 -0.452 0.892 -0. 4027164.731 -0. 0. 1. 0.
0.893 0.451 0. 355831.263 -0.451 0.893 -0. 4027163.322 -0. 0. 1. 0.
0.893 0.450 0. 355834.035 -0.450 0.893 -0. 4027161.922 -0. 0. 1. 0.
0.893 0.450 0. 355836.800 -0.450 0.893 -0. 4027160.529 -0. 0. 1. 0.
0.893 0.450 0. 355839.549 -0.450 0.893 -0. 4027159.142 -0. 0. 1. 0.
0.893 0.451 0. 355842.286 -0.451 0.893 -0. 4027157.760 -0. 0. 1. 0.
0.892 0.452 0. 355845.002 -0.452 0.892 -0. 4027156.386 -0. 0. 1. 0.
0.891 0.453 0. 355847.707 -0.453 0.891 -0. 4027155.013 -0. 0. 1. 0.
0.891 0.455 0. 355850.394 -0.455 0.891 -0. 4027153.645 -0. 0. 1. 0.
0.889 0.457 0. 355853.070 -0.457 0.889 -0. 4027152.273 -0. 0. 1. 0.
0.888 0.460 0. 355855.759 -0.460 0.888 -0. 4027150.888 -0. 0. 1. 0.
0.886 0.463 0. 355858.402 -0.463 0.886 -0. 4027149.514 -0. 0. 1. 0.
0.884 0.467 0. 355861.058 -0.467 0.884 -0. 4027148.119 -0. 0. 1. 0.
0.883 0.470 0. 355863.652 -0.470 0.883 -0. 4027146.745 -0. 0. 1. 0.
0.881 0.474 0. 355866.248 -0.474 0.881 -0. 4027145.356 -0. 0. 1. 0.
0.879 0.477 0. 355868.835 -0.477 0.879 -0. 4027143.959 -0. 0. 1. 0.
0.876 0.482 0. 355871.419 -0.482 0.876 -0. 4027142.549 -0. 0. 1. 0.
0.873 0.488 0. 355873.987 -0.488 0.873 -0. 4027141.127 -0. 0. 1. 0.
0.869 0.494 0. 355876.535 -0.494 0.869 -0. 4027139.691 -0. 0. 1. 0.
0.866 0.501 0. 355879.069 -0.501 0.866 -0. 4027138.239 -0. 0. 1. 0.
0.862 0.507 0. 355881.581 -0.507 0.862 -0. 4027136.775 -0. 0. 1. 0.
0.858 0.514 0. 355884.099 -0.514 0.858 -0. 4027135.283 -0. 0. 1. 0.
0.852 0.523 0. 355886.604 -0.523 0.852 -0. 4027133.764 -0. 0. 1. 0.
0.846 0.532 0. 355889.090 -0.532 0.846 -0. 4027132.220 -0. 0. 1. 0.
0.841 0.541 0. 355891.564 -0.541 0.841 -0. 4027130.647 -0. 0. 1. 0.
0.835 0.550 0. 355894.012 -0.550 0.835 -0. 4027129.053 -0. 0. 1. 0.
0.830 0.558 0. 355896.458 -0.558 0.830 -0. 4027127.425 -0. 0. 1. 0.
0.824 0.566 0. 355898.895 -0.566 0.824 -0. 4027125.769 -0. 0. 1. 0.
0.818 0.575 0. 355901.302 -0.575 0.818 -0. 4027124.097 -0. 0. 1. 0.
0.813 0.582 0. 355903.695 -0.582 0.813 -0. 4027122.401 -0. 0. 1. 0.
0.808 0.589 0. 355906.075 -0.589 0.808 -0. 4027120.684 -0. 0. 1. 0.
0.803 0.595 0. 355908.430 -0.595 0.803 -0. 4027118.954 -0. 0. 1. 0.
0.801 0.599 0. 355910.785 -0.599 0.801 -0. 4027117.200 -0. 0. 1. 0.
0.799 0.601 0. 355913.132 -0.601 0.799 -0. 4027115.441 -0. 0. 1. 0.
0.797 0.604 0. 355915.481 -0.604 0.797 -0. 4027113.666 -0. 0. 1. 0.
0.795 0.607 0. 355917.811 -0.607 0.795 -0. 4027111.895 -0. 0. 1. 0.
0.793 0.610 0. 355920.142 -0.610 0.793 -0. 4027110.109 -0. 0. 1. 0.
0.790 0.613 0. 355922.469 -0.613 0.790 -0. 4027108.312 -0. 0. 1. 0.
0.788 0.616 0. 355924.793 -0.616 0.788 -0. 4027106.502 -0. 0. 1. 0.
0.785 0.620 0. 355927.102 -0.620 0.785 -0. 4027104.689 -0. 0. 1. 0.
0.783 0.622 0. 355929.405 -0.622 0.783 -0. 4027102.866 -0. 0. 1. 0.
0.785 0.619 0. 355931.716 -0.619 0.785 -0. 4027101.036 -0. 0. 1. 0.
0.788 0.615 0. 355934.037 -0.615 0.788 -0. 4027099.215 -0. 0. 1. 0.
0.792 0.610 0. 355936.369 -0.610 0.792 -0. 4027097.405 -0. 0. 1. 0.
0.797 0.604 0. 355938.744 -0.604 0.797 -0. 4027095.590 -0. 0. 1. 0.
0.803 0.595 0. 355941.120 -0.595 0.803 -0. 4027093.807 -0. 0. 1. 0.
0.811 0.585 0. 355943.555 -0.585 0.811 -0. 4027092.029 -0. 0. 1. 0.
0.819 0.574 0. 355946.026 -0.574 0.819 -0. 4027090.273 -0. 0. 1. 0.
0.827 0.563 0. 355948.521 -0.563 0.827 -0. 4027088.550 -0. 0. 1. 0.
0.834 0.552 0. 355951.066 -0.552 0.834 -0. 4027086.843 -0. 0. 1. 0.
0.841 0.541 0. 355953.635 -0.541 0.841 -0. 4027085.166 -0. 0. 1. 0.
0.848 0.531 0. 355956.235 -0.531 0.848 -0. 4027083.516 -0. 0. 1. 0.
0.854 0.520 0. 355958.868 -0.520 0.854 -0. 4027081.891 -0. 0. 1. 0.
0.860 0.510 0. 355961.530 -0.510 0.860 -0. 4027080.291 -0. 0. 1. 0.
0.866 0.501 0. 355964.324 -0.501 0.866 -0. 4027078.655 -0. 0. 1. 0.
0.870 0.493 0. 355966.944 -0.493 0.870 -0. 4027077.156 -0. 0. 1. 0.
0.874 0.485 0. 355969.679 -0.485 0.874 -0. 4027075.624 -0. 0. 1. 0.
0.876 0.481 0. 355972.443 -0.481 0.876 -0. 4027074.100 -0. 0. 1. 0.
0.876 0.483 0. 355975.222 -0.483 0.876 -0. 4027072.573 -0. 0. 1. 0.
0.875 0.485 0. 355978.010 -0.485 0.875 -0. 4027071.033 -0. 0. 1. 0.
0.874 0.486 0. 355980.801 -0.486 0.874 -0. 4027069.484 -0. 0. 1. 0.
0.873 0.487 0. 355983.588 -0.487 0.873 -0. 4027067.931 -0. 0. 1. 0.
0.876 0.482 0. 355986.400 -0.482 0.876 -0. 4027066.373 -0. 0. 1. 0.
0.878 0.478 0. 355989.224 -0.478 0.878 -0. 4027064.828 -0. 0. 1. 0.
0.881 0.474 0. 355992.067 -0.474 0.881 -0. 4027063.290 -0. 0. 1. 0.
0.882 0.471 0. 355994.934 -0.471 0.882 -0. 4027061.755 -0. 0. 1. 0.
0.883 0.469 0. 355997.805 -0.469 0.883 -0. 4027060.226 -0. 0. 1. 0.
0.884 0.467 0. 356000.687 -0.467 0.884 -0. 4027058.700 -0. 0. 1. 0.
0.885 0.466 0. 356003.589 -0.466 0.885 -0. 4027057.170 -0. 0. 1. 0.
0.886 0.464 0. 356006.490 -0.464 0.886 -0. 4027055.648 -0. 0. 1. 0.
0.887 0.462 0. 356009.405 -0.462 0.887 -0. 4027054.126 -0. 0. 1. 0.
0.887 0.461 0. 356012.299 -0.461 0.887 -0. 4027052.621 -0. 0. 1. 0.
0.887 0.463 0. 356015.176 -0.463 0.887 -0. 4027051.124 -0. 0. 1. 0.
0.886 0.464 0. 356018.038 -0.464 0.886 -0. 4027049.629 -0. 0. 1. 0.
0.886 0.464 0. 356020.886 -0.464 0.886 -0. 4027048.138 -0. 0. 1. 0.
0.887 0.462 0. 356023.730 -0.462 0.887 -0. 4027046.652 -0. 0. 1. 0.
0.888 0.460 0. 356026.551 -0.460 0.888 -0. 4027045.185 -0. 0. 1. 0.
0.888 0.461 0. 356029.371 -0.461 0.888 -0. 4027043.725 -0. 0. 1. 0.
0.887 0.462 0. 356032.187 -0.462 0.887 -0. 4027042.260 -0. 0. 1. 0.
0.886 0.463 0. 356035.001 -0.463 0.886 -0. 4027040.792 -0. 0. 1. 0.
0.885 0.465 0. 356037.806 -0.465 0.885 -0. 4027039.325 -0. 0. 1. 0.
0.885 0.466 0. 356040.619 -0.466 0.885 -0. 4027037.846 -0. 0. 1. 0.
0.884 0.467 0. 356043.424 -0.467 0.884 -0. 4027036.369 -0. 0. 1. 0.
0.884 0.468 0. 356046.234 -0.468 0.884 -0. 4027034.885 -0. 0. 1. 0.
0.883 0.469 0. 356049.036 -0.469 0.883 -0. 4027033.401 -0. 0. 1. 0.
0.883 0.470 0. 356051.838 -0.470 0.883 -0. 4027031.913 -0. 0. 1. 0.
0.883 0.469 0. 356054.636 -0.469 0.883 -0. 4027030.423 -0. 0. 1. 0.
0.885 0.466 0. 356057.438 -0.466 0.885 -0. 4027028.941 -0. 0. 1. 0.
0.886 0.464 0. 356060.235 -0.464 0.886 -0. 4027027.473 -0. 0. 1. 0.
0.887 0.461 0. 356063.030 -0.461 0.887 -0. 4027026.015 -0. 0. 1. 0.
0.889 0.458 0. 356065.821 -0.458 0.889 -0. 4027024.571 -0. 0. 1. 0.
0.890 0.456 0. 356068.593 -0.456 0.890 -0. 4027023.147 -0. 0. 1. 0.
0.891 0.454 0. 356071.343 -0.454 0.891 -0. 4027021.743 -0. 0. 1. 0.
0.891 0.454 0. 356074.089 -0.454 0.891 -0. 4027020.345 -0. 0. 1. 0.
0.891 0.454 0. 356076.815 -0.454 0.891 -0. 4027018.957 -0. 0. 1. 0.
0.892 0.452 0. 356079.532 -0.452 0.892 -0. 4027017.577 -0. 0. 1. 0.
0.893 0.450 0. 356082.218 -0.450 0.893 -0. 4027016.221 -0. 0. 1. 0.
0.894 0.448 0. 356084.900 -0.448 0.894 -0. 4027014.875 -0. 0. 1. 0.
0.895 0.446 0. 356087.566 -0.446 0.895 -0. 4027013.542 -0. 0. 1. 0.
0.896 0.445 0. 356090.208 -0.445 0.896 -0. 4027012.227 -0. 0. 1. 0.
0.896 0.443 0. 356092.803 -0.443 0.896 -0. 4027010.941 -0. 0. 1. 0.
0.897 0.442 0. 356095.355 -0.442 0.897 -0. 4027009.681 -0. 0. 1. 0.
0.898 0.440 0. 356097.869 -0.440 0.898 -0. 4027008.445 -0. 0. 1. 0.
0.899 0.439 0. 356100.328 -0.439 0.899 -0. 4027007.243 -0. 0. 1. 0.
0.899 0.438 0. 356102.781 -0.438 0.899 -0. 4027006.047 -0. 0. 1. 0.
0.899 0.437 0. 356105.218 -0.437 0.899 -0. 4027004.861 -0. 0. 1. 0.
0.899 0.437 0. 356107.635 -0.437 0.899 -0. 4027003.688 -0. 0. 1. 0.
0.899 0.438 0. 356110.019 -0.438 0.899 -0. 4027002.528 -0. 0. 1. 0.
0.899 0.438 0. 356112.380 -0.438 0.899 -0. 4027001.378 -0. 0. 1. 0.
0.899 0.439 0. 356114.705 -0.439 0.899 -0. 4027000.244 -0. 0. 1. 0.
0.897 0.443 0. 356117.006 -0.443 0.897 -0. 4026999.116 -0. 0. 1. 0.
0.894 0.449 0. 356119.274 -0.449 0.894 -0. 4026997.987 -0. 0. 1. 0.
0.891 0.455 0. 356121.497 -0.455 0.891 -0. 4026996.863 -0. 0. 1. 0.
0.887 0.461 0. 356123.680 -0.461 0.887 -0. 4026995.739 -0. 0. 1. 0.
0.884 0.467 0. 356125.815 -0.467 0.884 -0. 4026994.620 -0. 0. 1. 0.
0.881 0.474 0. 356127.873 -0.474 0.881 -0. 4026993.523 -0. 0. 1. 0.
0.877 0.480 0. 356129.851 -0.480 0.877 -0. 4026992.451 -0. 0. 1. 0.
0.872 0.489 0. 356131.739 -0.489 0.872 -0. 4026991.407 -0. 0. 1. 0.
0.865 0.502 0. 356133.535 -0.502 0.865 -0. 4026990.383 -0. 0. 1. 0.
0.852 0.523 0. 356135.223 -0.523 0.852 -0. 4026989.380 -0. 0. 1. 0.
0.832 0.554 0. 356136.796 -0.554 0.832 -0. 4026988.379 -0. 0. 1. 0.
0.802 0.597 0. 356138.239 -0.597 0.802 -0. 4026987.368 -0. 0. 1. 0.
0.762 0.648 0. 356139.553 -0.648 0.762 -0. 4026986.327 -0. 0. 1. 0.
0.715 0.699 0. 356140.721 -0.699 0.715 -0. 4026985.266 -0. 0. 1. 0.
0.664 0.747 0. 356141.747 -0.747 0.664 -0. 4026984.195 -0. 0. 1. 0.
0.608 0.794 0. 356142.643 -0.794 0.608 -0. 4026983.113 -0. 0. 1. 0.
0.550 0.835 0. 356143.404 -0.835 0.550 -0. 4026982.047 -0. 0. 1. 0.
0.489 0.873 0. 356144.038 -0.873 0.489 -0. 4026981.011 -0. 0. 1. 0.
0.424 0.906 0. 356144.577 -0.906 0.424 -0. 4026979.966 -0. 0. 1. 0.
0.354 0.935 0. 356145.025 -0.935 0.354 -0. 4026978.910 -0. 0. 1. 0.
0.276 0.961 0. 356145.386 -0.961 0.276 -0. 4026977.830 -0. 0. 1. 0.
0.198 0.980 0. 356145.659 -0.980 0.198 -0. 4026976.720 -0. 0. 1. 0.
0.120 0.993 0. 356145.842 -0.993 0.120 -0. 4026975.592 -0. 0. 1. 0.
0.053 0.999 0. 356145.943 -0.999 0.053 -0. 4026974.436 -0. 0. 1. 0.
0.005 1. 0. 356145.976 -1. 0.005 -0. 4026973.255 -0. 0. 1. 0.
-0.021 1.000 0. 356145.966 -1.000 -0.021 -0. 4026972.055 -0. 0. 1. 0.
-0.034 0.999 0. 356145.932 -0.999 -0.034 -0. 4026970.827 -0. 0. 1. 0.
-0.041 0.999 0. 356145.885 -0.999 -0.041 -0. 4026969.571 -0. 0. 1. 0.
-0.047 0.999 0. 356145.829 -0.999 -0.047 -0. 4026968.285 -0. 0. 1. 0.
-0.046 0.999 0. 356145.766 -0.999 -0.046 -0. 4026966.956 -0. 0. 1. 0.
-0.041 0.999 0. 356145.706 -0.999 -0.041 -0. 4026965.586 -0. 0. 1. 0.
-0.036 0.999 0. 356145.652 -0.999 -0.036 -0. 4026964.185 -0. 0. 1. 0.
-0.032 0.999 0. 356145.603 -0.999 -0.032 -0. 4026962.746 -0. 0. 1. 0.
-0.029 1.000 0. 356145.558 -1.000 -0.029 -0. 4026961.260 -0. 0. 1. 0.
-0.027 1.000 0. 356145.516 -1.000 -0.027 -0. 4026959.758 -0. 0. 1. 0.
-0.028 1.000 0. 356145.474 -1.000 -0.028 -0. 4026958.200 -0. 0. 1. 0.
-0.030 1.000 0. 356145.428 -1.000 -0.030 -0. 4026956.620 -0. 0. 1. 0.
-0.031 1.000 0. 356145.378 -1.000 -0.031 -0. 4026954.978 -0. 0. 1. 0.
-0.031 1.000 0. 356145.326 -1.000 -0.031 -0. 4026953.313 -0. 0. 1. 0.
-0.031 1.000 0. 356145.272 -1.000 -0.031 -0. 4026951.602 -0. 0. 1. 0.
-0.031 1.000 0. 356145.218 -1.000 -0.031 -0. 4026949.855 -0. 0. 1. 0.
-0.030 1.000 0. 356145.162 -1.000 -0.030 -0. 4026948.075 -0. 0. 1. 0.
-0.027 1.000 0. 356145.109 -1.000 -0.027 -0. 4026946.256 -0. 0. 1. 0.
-0.026 1.000 0. 356145.060 -1.000 -0.026 -0. 4026944.399 -0. 0. 1. 0.
-0.026 1.000 0. 356145.012 -1.000 -0.026 -0. 4026942.509 -0. 0. 1. 0.
-0.028 1.000 0. 356144.960 -1.000 -0.028 -0. 4026940.586 -0. 0. 1. 0.
-0.029 1.000 0. 356144.905 -1.000 -0.029 -0. 4026938.621 -0. 0. 1. 0.
-0.029 1.000 0. 356144.847 -1.000 -0.029 -0. 4026936.633 -0. 0. 1. 0.
-0.027 1.000 0. 356144.790 -1.000 -0.027 -0. 4026934.600 -0. 0. 1. 0.
-0.025 1.000 0. 356144.736 -1.000 -0.025 -0. 4026932.536 -0. 0. 1. 0.
-0.023 1.000 0. 356144.684 -1.000 -0.023 -0. 4026930.442 -0. 0. 1. 0.
-0.022 1.000 0. 356144.635 -1.000 -0.022 -0. 4026928.319 -0. 0. 1. 0.
-0.023 1.000 0. 356144.585 -1.000 -0.023 -0. 4026926.150 -0. 0. 1. 0.
-0.024 1.000 0. 356144.533 -1.000 -0.024 -0. 4026923.958 -0. 0. 1. 0.
-0.024 1.000 0. 356144.479 -1.000 -0.024 -0. 4026921.745 -0. 0. 1. 0.
-0.022 1.000 0. 356144.425 -1.000 -0.022 -0. 4026919.501 -0. 0. 1. 0.
-0.022 1.000 0. 356144.374 -1.000 -0.022 -0. 4026917.212 -0. 0. 1. 0.
-0.021 1.000 0. 356144.324 -1.000 -0.021 -0. 4026914.918 -0. 0. 1. 0.
-0.021 1.000 0. 356144.275 -1.000 -0.021 -0. 4026912.611 -0. 0. 1. 0.
-0.020 1.000 0. 356144.225 -1.000 -0.020 -0. 4026910.268 -0. 0. 1. 0.
-0.021 1.000 0. 356144.176 -1.000 -0.021 -0. 4026907.906 -0. 0. 1. 0.
-0.021 1.000 0. 356144.126 -1.000 -0.021 -0. 4026905.531 -0. 0. 1. 0.
-0.021 1.000 0. 356144.074 -1.000 -0.021 -0. 4026903.140 -0. 0. 1. 0.
-0.022 1.000 0. 356144.021 -1.000 -0.022 -0. 4026900.736 -0. 0. 1. 0.
-0.023 1.000 0. 356143.967 -1.000 -0.023 -0. 4026898.320 -0. 0. 1. 0.
-0.024 1.000 0. 356143.911 -1.000 -0.024 -0. 4026895.921 -0. 0. 1. 0.
-0.024 1.000 0. 356143.852 -1.000 -0.024 -0. 4026893.533 -0. 0. 1. 0.
-0.025 1.000 0. 356143.793 -1.000 -0.025 -0. 4026891.158 -0. 0. 1. 0.
-0.026 1.000 0. 356143.733 -1.000 -0.026 -0. 4026888.803 -0. 0. 1. 0.
-0.026 1.000 0. 356143.672 -1.000 -0.026 -0. 4026886.470 -0. 0. 1. 0.
-0.027 1.000 0. 356143.610 -1.000 -0.027 -0. 4026884.155 -0. 0. 1. 0.
-0.027 1.000 0. 356143.547 -1.000 -0.027 -0. 4026881.854 -0. 0. 1. 0.
-0.027 1.000 0. 356143.484 -1.000 -0.027 -0. 4026879.572 -0. 0. 1. 0.
-0.028 1.000 0. 356143.420 -1.000 -0.028 -0. 4026877.302 -0. 0. 1. 0.
-0.028 1.000 0. 356143.355 -1.000 -0.028 -0. 4026875.052 -0. 0. 1. 0.
-0.027 1.000 0. 356143.293 -1.000 -0.027 -0. 4026872.811 -0. 0. 1. 0.
-0.026 1.000 0. 356143.234 -1.000 -0.026 -0. 4026870.589 -0. 0. 1. 0.
-0.025 1.000 0. 356143.178 -1.000 -0.025 -0. 4026868.380 -0. 0. 1. 0.
-0.024 1.000 0. 356143.123 -1.000 -0.024 -0. 4026866.185 -0. 0. 1. 0.
-0.024 1.000 0. 356143.070 -1.000 -0.024 -0. 4026863.997 -0. 0. 1. 0.
-0.023 1.000 0. 356143.018 -1.000 -0.023 -0. 4026861.836 -0. 0. 1. 0.
-0.024 1.000 0. 356142.966 -1.000 -0.024 -0. 4026859.687 -0. 0. 1. 0.
-0.023 1.000 0. 356142.914 -1.000 -0.023 -0. 4026857.563 -0. 0. 1. 0.
-0.023 1.000 0. 356142.865 -1.000 -0.023 -0. 4026855.483 -0. 0. 1. 0.
-0.022 1.000 0. 356142.818 -1.000 -0.022 -0. 4026853.453 -0. 0. 1. 0.
-0.022 1.000 0. 356142.774 -1.000 -0.022 -0. 4026851.472 -0. 0. 1. 0.
-0.022 1.000 0. 356142.730 -1.000 -0.022 -0. 4026849.538 -0. 0. 1. 0.
-0.024 1.000 0. 356142.686 -1.000 -0.024 -0. 4026847.638 -0. 0. 1. 0.
-0.029 1.000 0. 356142.637 -1.000 -0.029 -0. 4026845.780 -0. 0. 1. 0.
-0.040 0.999 0. 356142.576 -0.999 -0.040 -0. 4026843.966 -0. 0. 1. 0.
-0.058 0.998 0. 356142.490 -0.998 -0.058 -0. 4026842.203 -0. 0. 1. 0.
-0.084 0.996 0. 356142.370 -0.996 -0.084 -0. 4026840.499 -0. 0. 1. 0.
-0.120 0.993 0. 356142.204 -0.993 -0.120 -0. 4026838.864 -0. 0. 1. 0.
-0.165 0.986 0. 356141.983 -0.986 -0.165 -0. 4026837.317 -0. 0. 1. 0.
-0.217 0.976 0. 356141.700 -0.976 -0.217 -0. 4026835.857 -0. 0. 1. 0.
-0.278 0.960 0. 356141.352 -0.960 -0.278 -0. 4026834.488 -0. 0. 1. 0.
-0.343 0.939 0. 356140.929 -0.939 -0.343 -0. 4026833.189 -0. 0. 1. 0.
-0.405 0.914 0. 356140.429 -0.914 -0.405 -0. 4026831.944 -0. 0. 1. 0.
-0.471 0.882 0. 356139.847 -0.882 -0.471 -0. 4026830.747 -0. 0. 1. 0.
-0.537 0.844 0. 356139.187 -0.844 -0.537 0. 4026829.612 0. 0. 1. 0.
-0.602 0.799 0. 356138.445 -0.799 -0.602 0. 4026828.539 0. 0. 1. 0.
-0.661 0.751 0. 356137.627 -0.751 -0.661 0. 4026827.534 0. 0. 1. 0.
-0.712 0.702 0. 356136.734 -0.702 -0.712 0. 4026826.587 0. 0. 1. 0.
-0.760 0.650 0. 356135.791 -0.650 -0.760 0. 4026825.718 0. 0. 1. 0.
-0.802 0.597 0. 356134.805 -0.597 -0.802 0. 4026824.929 0. 0. 1. 0.
-0.838 0.546 0. 356133.778 -0.546 -0.838 0. 4026824.212 0. 0. 1. 0.
-0.870 0.493 0. 356132.718 -0.493 -0.870 0. 4026823.566 0. 0. 1. 0.
-0.898 0.440 0. 356131.610 -0.440 -0.898 0. 4026822.981 0. 0. 1. 0.
-0.923 0.385 0. 356130.470 -0.385 -0.923 0. 4026822.463 0. 0. 1. 0.
-0.944 0.330 0. 356129.295 -0.330 -0.944 0. 4026822.012 0. 0. 1. 0.
-0.960 0.281 0. 356128.079 -0.281 -0.960 0. 4026821.622 0. 0. 1. 0.
-0.972 0.237 0. 356126.818 -0.237 -0.972 0. 4026821.283 0. 0. 1. 0.
-0.980 0.197 0. 356125.515 -0.197 -0.980 0. 4026820.994 0. 0. 1. 0.
-0.987 0.164 0. 356124.162 -0.164 -0.987 0. 4026820.746 0. 0. 1. 0.
-0.991 0.133 0. 356122.770 -0.133 -0.991 0. 4026820.536 0. 0. 1. 0.
-0.995 0.104 0. 356121.330 -0.104 -0.995 0. 4026820.364 0. 0. 1. 0.
-0.997 0.081 0. 356119.845 -0.081 -0.997 0. 4026820.226 0. 0. 1. 0.
-0.998 0.059 0. 356118.318 -0.059 -0.998 0. 4026820.120 0. 0. 1. 0.
-0.999 0.042 0. 356116.754 -0.042 -0.999 0. 4026820.042 0. 0. 1. 0.
-1.000 0.027 0. 356115.157 -0.027 -1.000 0. 4026819.988 0. 0. 1. 0.
-1. 0.013 0. 356113.518 -0.013 -1. 0. 4026819.956 0. 0. 1. 0.
-1. 0.001 0. 356111.843 -0.001 -1. 0. 4026819.944 0. 0. 1. 0.
-1. -0.009 0. 356110.135 0.009 -1. 0. 4026819.953 0. 0. 1. 0.
-1.000 -0.016 0. 356108.385 0.016 -1.000 0. 4026819.977 0. 0. 1. 0.
-1.000 -0.018 0. 356106.599 0.018 -1.000 0. 4026820.008 0. 0. 1. 0.
-1.000 -0.021 0. 356104.740 0.021 -1.000 0. 4026820.044 0. 0. 1. 0.
-1.000 -0.024 0. 356102.917 0.024 -1.000 0. 4026820.085 0. 0. 1. 0.
-1.000 -0.027 0. 356101.017 0.027 -1.000 0. 4026820.133 0. 0. 1. 0.
-1.000 -0.030 0. 356099.083 0.030 -1.000 0. 4026820.189 0. 0. 1. 0.
-0.999 -0.034 0. 356097.109 0.034 -0.999 0. 4026820.253 0. 0. 1. 0.
-0.999 -0.037 0. 356095.101 0.037 -0.999 0. 4026820.327 0. 0. 1. 0.
-0.999 -0.040 0. 356093.060 0.040 -0.999 0. 4026820.407 0. 0. 1. 0.
-0.999 -0.044 0. 356090.982 0.044 -0.999 0. 4026820.495 0. 0. 1. 0.
-0.999 -0.047 0. 356088.869 0.047 -0.999 0. 4026820.591 0. 0. 1. 0.
-0.999 -0.050 0. 356086.745 0.050 -0.999 0. 4026820.696 0. 0. 1. 0.
-0.999 -0.052 0. 356084.578 0.052 -0.999 0. 4026820.808 0. 0. 1. 0.
-0.999 -0.052 0. 356082.397 0.052 -0.999 0. 4026820.923 0. 0. 1. 0.
-0.999 -0.050 0. 356080.187 0.050 -0.999 0. 4026821.038 0. 0. 1. 0.
-0.999 -0.049 0. 356077.951 0.049 -0.999 0. 4026821.150 0. 0. 1. 0.
-0.999 -0.045 0. 356075.686 0.045 -0.999 0. 4026821.258 0. 0. 1. 0.
-0.999 -0.041 0. 356073.406 0.041 -0.999 0. 4026821.356 0. 0. 1. 0.
-0.999 -0.037 0. 356071.099 0.037 -0.999 0. 4026821.448 0. 0. 1. 0.
-0.999 -0.034 0. 356068.763 0.034 -0.999 0. 4026821.533 0. 0. 1. 0.
-1.000 -0.031 0. 356066.415 0.031 -1.000 0. 4026821.610 0. 0. 1. 0.
-1.000 -0.029 0. 356064.051 0.029 -1.000 0. 4026821.682 0. 0. 1. 0.
-1.000 -0.027 0. 356061.708 0.027 -1.000 0. 4026821.749 0. 0. 1. 0.
-1.000 -0.024 0. 356059.384 0.024 -1.000 0. 4026821.809 0. 0. 1. 0.
-1.000 -0.023 0. 356057.072 0.023 -1.000 0. 4026821.864 0. 0. 1. 0.
-1.000 -0.022 0. 356054.779 0.022 -1.000 0. 4026821.916 0. 0. 1. 0.
-1.000 -0.023 0. 356052.513 0.023 -1.000 0. 4026821.968 0. 0. 1. 0.
-1.000 -0.025 0. 356050.266 0.025 -1.000 0. 4026822.021 0. 0. 1. 0.
-1.000 -0.028 0. 356048.038 0.028 -1.000 0. 4026822.080 0. 0. 1. 0.
-1.000 -0.030 0. 356045.843 0.030 -1.000 0. 4026822.145 0. 0. 1. 0.
-0.999 -0.034 0. 356043.668 0.034 -0.999 0. 4026822.215 0. 0. 1. 0.
-0.999 -0.037 0. 356041.515 0.037 -0.999 0. 4026822.292 0. 0. 1. 0.
-0.999 -0.040 0. 356039.386 0.040 -0.999 0. 4026822.375 0. 0. 1. 0.
-0.999 -0.044 0. 356037.277 0.044 -0.999 0. 4026822.464 0. 0. 1. 0.
-0.999 -0.047 0. 356035.192 0.047 -0.999 0. 4026822.559 0. 0. 1. 0.
-0.999 -0.046 0. 356033.115 0.046 -0.999 0. 4026822.656 0. 0. 1. 0.
-0.999 -0.040 0. 356031.066 0.040 -0.999 0. 4026822.747 0. 0. 1. 0.
-0.999 -0.033 0. 356029.011 0.033 -0.999 0. 4026822.825 0. 0. 1. 0.
-1.000 -0.026 0. 356026.960 0.026 -1.000 0. 4026822.886 0. 0. 1. 0.
-1.000 -0.018 0. 356024.900 0.018 -1.000 0. 4026822.931 0. 0. 1. 0.
-1. -0.010 0. 356022.819 0.010 -1. 0. 4026822.960 0. 0. 1. 0.
-1. -0.005 0. 356020.721 0.005 -1. 0. 4026822.977 0. 0. 1. 0.
-1. -0.003 0. 356018.600 0.003 -1. 0. 4026822.986 0. 0. 1. 0.
-1. -0.001 0. 356016.455 0.001 -1. 0. 4026822.989 0. 0. 1. 0.
-1. -0.002 0. 356014.315 0.002 -1. 0. 4026822.993 0. 0. 1. 0.
-1. -0.003 0. 356012.156 0.003 -1. 0. 4026822.998 0. 0. 1. 0.
-1. -0.003 0. 356009.977 0.003 -1. 0. 4026823.005 0. 0. 1. 0.
-1. -0.002 0. 356007.788 0.002 -1. 0. 4026823.011 0. 0. 1. 0.
-1. -0.002 0. 356005.591 0.002 -1. 0. 4026823.017 0. 0. 1. 0.
-1. -0.003 0. 356003.324 0.003 -1. 0. 4026823.023 0. 0. 1. 0.
-1. -0.003 0. 356001.155 0.003 -1. 0. 4026823.030 0. 0. 1. 0.
-1. -0.003 0. 355998.914 0.003 -1. 0. 4026823.037 0. 0. 1. 0.
-1. -0.005 0. 355996.665 0.005 -1. 0. 4026823.046 0. 0. 1. 0.
-1. -0.008 0. 355994.343 0.008 -1. 0. 4026823.060 0. 0. 1. 0.
-1. -0.012 0. 355992.133 0.012 -1. 0. 4026823.082 0. 0. 1. 0.
-1.000 -0.016 0. 355989.850 0.016 -1.000 0. 4026823.114 0. 0. 1. 0.
-1.000 -0.020 0. 355987.557 0.020 -1.000 0. 4026823.156 0. 0. 1. 0.
-1.000 -0.024 0. 355985.251 0.024 -1.000 0. 4026823.205 0. 0. 1. 0.
-1.000 -0.025 0. 355982.932 0.025 -1.000 0. 4026823.263 0. 0. 1. 0.
-1.000 -0.024 0. 355980.596 0.024 -1.000 0. 4026823.319 0. 0. 1. 0.
-1.000 -0.023 0. 355978.251 0.023 -1.000 0. 4026823.374 0. 0. 1. 0.
-1.000 -0.023 0. 355975.895 0.023 -1.000 0. 4026823.428 0. 0. 1. 0.
-1.000 -0.022 0. 355973.530 0.022 -1.000 0. 4026823.481 0. 0. 1. 0.
-1.000 -0.021 0. 355971.147 0.021 -1.000 0. 4026823.532 0. 0. 1. 0.
-1.000 -0.020 0. 355968.763 0.020 -1.000 0. 4026823.581 0. 0. 1. 0.
-1.000 -0.016 0. 355966.366 0.016 -1.000 0. 4026823.624 0. 0. 1. 0.
-1.000 -0.014 0. 355963.958 0.014 -1.000 0. 4026823.660 0. 0. 1. 0.
