1619726114982098 1.00000 0.00000 0.00000 -0.00000 0.00000 -1.00000 0.00000 0.00000 0.00000 -0.00000 -1.00000 0.00000
1619726115231478 0.99999 0.00530 0.00000 -0.00103 0.00530 -0.99999 0.00000 -0.00032 0.00000 -0.00000 -1.00000 -0.00000
1619726115481479 0.99999 0.00437 0.00000 -0.00736 0.00437 -0.99999 0.00000 0.00435 0.00000 -0.00000 -1.00000 0.00000
1619726115731486 1.00000 0.00211 -0.00000 0.00293 0.00211 -1.00000 0.00000 -0.01271 0.00000 -0.00000 -1.00000 -0.00000
1619726115981487 1.00000 0.00127 0.00000 0.00701 0.00127 -1.00000 0.00000 -0.01734 0.00000 -0.00000 -1.00000 -0.00000
1619726116231489 0.99999 0.00444 0.00000 0.01122 0.00444 -0.99999 0.00000 -0.03685 0.00000 -0.00000 -1.00000 -0.00000
1619726116481501 0.99999 0.00342 0.00000 -0.02111 0.00342 -0.99999 0.00000 0.01092 0.00000 -0.00000 -1.00000 0.00000
1619726116730870 1.00000 0.00136 0.00000 0.00620 0.00136 -1.00000 0.00000 -0.07532 0.00000 -0.00000 -1.00000 -0.00000
1619726116980876 0.99999 0.00467 0.00000 -0.00600 0.00467 -0.99999 0.00000 -0.01608 0.00000 -0.00000 -1.00000 -0.00000
1619726117230878 0.99998 0.00693 0.00000 0.00038 0.00693 -0.99998 0.00000 -0.01223 0.00000 -0.00000 -1.00000 -0.00000
1619726117480882 1.00000 -0.00012 0.00000 -0.01838 -0.00012 -1.00000 0.00000 -0.04057 -0.00000 -0.00000 -1.00000 -0.00000
1619726117730889 0.99997 0.00769 0.00000 -0.00043 0.00769 -0.99997 0.00000 -0.03115 0.00000 -0.00000 -1.00000 -0.00000
1619726117980890 0.99997 0.00759 0.00000 -0.00098 0.00759 -0.99997 0.00000 -0.01033 0.00000 -0.00000 -1.00000 -0.00000
1619726118230900 0.99996 0.00937 0.00000 -0.00397 0.00937 -0.99996 0.00000 -0.01429 0.00000 -0.00000 -1.00000 -0.00000
1619726118480897 1.00000 -0.00142 0.00000 -0.02269 -0.00142 -1.00000 0.00000 -0.03648 -0.00000 -0.00000 -1.00000 -0.00000
1619726118730902 0.99999 0.00503 0.00000 -0.01104 0.00503 -0.99999 0.00000 -0.02892 0.00000 -0.00000 -1.00000 -0.00000
1619726118980902 0.99998 0.00595 0.00000 -0.01817 0.00595 -0.99998 0.00000 0.02020 0.00000 -0.00000 -1.00000 0.00000
1619726119230911 1.00000 0.00221 0.00000 -0.00062 0.00221 -1.00000 0.00000 0.00335 0.00000 -0.00000 -1.00000 0.00000
1619726119480910 1.00000 0.00148 -0.00000 0.01535 0.00148 -1.00000 0.00000 -0.02474 0.00000 -0.00000 -1.00000 -0.00000
1619726119731542 1.00000 0.00290 0.00000 -0.01454 0.00290 -1.00000 0.00000 0.01416 0.00000 -0.00000 -1.00000 0.00000
1619726119981544 0.99997 0.00750 -0.00000 -0.03019 0.00750 -0.99997 0.00000 -0.00279 0.00000 -0.00000 -1.00000 -0.00000
1619726120232168 1.00000 0.00093 0.00000 -0.00043 0.00093 -1.00000 0.00000 -0.02894 0.00000 -0.00000 -1.00000 -0.00000
1619726120482173 1.00000 0.00154 0.00000 0.01431 0.00154 -1.00000 0.00000 -0.01670 0.00000 -0.00000 -1.00000 -0.00000
1619726120732177 1.00000 0.00278 0.00000 0.00505 0.00278 -1.00000 0.00000 -0.02167 0.00000 -0.00000 -1.00000 -0.00000
1619726120982189 0.99997 0.00813 0.00000 0.00148 0.00813 -0.99997 0.00000 -0.02698 0.00000 -0.00000 -1.00000 -0.00000
1619726121232187 0.99999 0.00486 0.00000 -0.00205 0.00486 -0.99999 0.00000 0.00407 0.00000 -0.00000 -1.00000 0.00000
1619726121482187 0.99998 0.00691 0.00000 0.01620 0.00691 -0.99998 0.00000 -0.02469 0.00000 -0.00000 -1.00000 -0.00000
1619726121732196 1.00000 -0.00164 -0.00000 -0.01967 -0.00164 -1.00000 0.00000 -0.03425 -0.00000 -0.00000 -1.00000 -0.00000
1619726121982196 0.99998 0.00563 0.00000 0.00097 0.00563 -0.99998 0.00000 -0.04862 0.00000 -0.00000 -1.00000 -0.00000
1619726122232199 0.99998 0.00703 0.00000 -0.00594 0.00703 -0.99998 0.00000 0.01213 0.00000 -0.00000 -1.00000 0.00000
1619726122482202 0.99998 0.00592 0.00000 0.01236 0.00592 -0.99998 0.00000 -0.01881 0.00000 -0.00000 -1.00000 -0.00000
1619726122732207 0.99997 0.00713 0.00000 -0.02713 0.00713 -0.99997 0.00000 -0.01936 0.00000 -0.00000 -1.00000 -0.00000
1619726122982208 1.00000 -0.00181 0.00000 -0.02631 -0.00181 -1.00000 0.00000 -0.03731 -0.00000 -0.00000 -1.00000 -0.00000
1619726123232218 0.99998 0.00706 0.00000 0.00191 0.00706 -0.99998 0.00000 -0.03925 0.00000 -0.00000 -1.00000 -0.00000
1619726123482217 0.99998 0.00612 0.00000 0.00743 0.00612 -0.99998 0.00000 0.00508 0.00000 -0.00000 -1.00000 0.00000
1619726123732219 0.99998 0.00631 -0.00000 0.00831 0.00631 -0.99998 0.00000 -0.02077 0.00000 -0.00000 -1.00000 -0.00000
1619726123982846 0.99999 0.00535 0.00000 -0.03446 0.00535 -0.99999 0.00000 0.02285 0.00000 -0.00000 -1.00000 0.00000
1619726124232857 1.00000 0.00257 0.00000 0.00728 0.00257 -1.00000 0.00000 -0.02652 0.00000 -0.00000 -1.00000 -0.00000
1619726124482862 1.00000 0.00157 0.00000 0.01019 0.00157 -1.00000 0.00000 -0.01295 0.00000 -0.00000 -1.00000 -0.00000
1619726124732863 1.00000 0.00071 0.00000 0.00683 0.00071 -1.00000 0.00000 -0.02958 0.00000 -0.00000 -1.00000 -0.00000
1619726124982862 0.99998 0.00548 0.00000 0.01468 0.00548 -0.99998 0.00000 -0.03216 0.00000 -0.00000 -1.00000 -0.00000
1619726125232870 0.99999 0.00467 0.00000 -0.00668 0.00467 -0.99999 0.00000 0.00260 0.00000 -0.00000 -1.00000 0.00000
1619726125482867 1.00000 0.00206 0.00000 -0.00127 0.00206 -1.00000 0.00000 -0.00029 0.00000 -0.00000 -1.00000 -0.00000
1619726125732877 1.00000 -0.00168 0.00000 -0.01160 -0.00168 -1.00000 0.00000 -0.03094 -0.00000 -0.00000 -1.00000 -0.00000
1619726125982876 1.00000 -0.00134 0.00000 -0.00260 -0.00134 -1.00000 0.00000 -0.03449 -0.00000 -0.00000 -1.00000 -0.00000
1619726126232880 1.00000 -0.00087 0.00000 -0.01806 -0.00087 -1.00000 0.00000 -0.02630 -0.00000 -0.00000 -1.00000 -0.00000
1619726126482884 1.00000 -0.00176 0.00000 -0.03755 -0.00176 -1.00000 0.00000 -0.05209 -0.00000 -0.00000 -1.00000 -0.00000
1619726126732264 1.00000 -0.00316 0.00000 -0.07523 -0.00316 -1.00000 0.00000 -0.01342 -0.00000 -0.00000 -1.00000 -0.00000
1619726126982264 0.99998 0.00559 0.00000 -0.14421 0.00559 -0.99998 0.00000 -0.02497 0.00000 -0.00000 -1.00000 -0.00000
1619726127232271 0.99999 0.00362 -0.00000 -0.22235 0.00362 -0.99999 0.00000 0.02852 0.00000 -0.00000 -1.00000 0.00000
1619726127481652 0.99999 -0.00494 -0.00000 -0.30016 -0.00494 -0.99999 0.00000 -0.10427 -0.00000 -0.00000 -1.00000 -0.00000
1619726127731657 0.99989 -0.01482 0.00000 -0.47385 -0.01482 -0.99989 0.00000 -0.09074 -0.00000 -0.00000 -1.00000 -0.00000
1619726127981654 1.00000 0.00030 0.00000 -0.70120 0.00030 -1.00000 0.00000 -0.02752 0.00000 -0.00000 -1.00000 -0.00000
1619726128231663 0.99998 -0.00574 0.00000 -1.05051 -0.00574 -0.99998 0.00000 0.02303 -0.00000 -0.00000 -1.00000 0.00000
1619726128481664 0.99987 -0.01605 0.00000 -1.37691 -0.01605 -0.99987 0.00000 -0.08349 -0.00000 -0.00000 -1.00000 -0.00000
1619726128732290 0.99943 -0.03380 0.00000 -1.88891 -0.03380 -0.99943 0.00000 -0.02463 -0.00000 -0.00000 -1.00000 -0.00000
1619726128981683 0.99899 -0.04489 0.00000 -2.44083 -0.04489 -0.99899 0.00000 -0.04675 -0.00000 -0.00000 -1.00000 -0.00000
1619726129231676 0.99869 -0.05114 0.00000 -3.10532 -0.05114 -0.99869 0.00000 0.04720 -0.00000 -0.00000 -1.00000 0.00000
1619726129481672 0.99745 -0.07137 0.00000 -3.86419 -0.07137 -0.99745 0.00000 -0.01889 -0.00000 -0.00000 -1.00000 -0.00000
1619726129731679 0.99643 -0.08441 0.00000 -4.56673 -0.08441 -0.99643 0.00000 0.01906 -0.00000 -0.00000 -1.00000 0.00000
1619726129981683 0.99550 -0.09473 -0.00000 -5.52489 -0.09473 -0.99550 0.00000 0.08997 -0.00000 -0.00000 -1.00000 0.00000
1619726130231690 0.99447 -0.10506 0.00000 -6.45931 -0.10506 -0.99447 0.00000 0.15261 -0.00000 -0.00000 -1.00000 0.00000
1619726130481060 0.99418 -0.10770 0.00000 -7.43891 -0.10770 -0.99418 0.00000 0.03932 -0.00000 -0.00000 -1.00000 0.00000
1619726130731693 0.99320 -0.11638 0.00000 -8.47430 -0.11638 -0.99320 0.00000 0.20220 -0.00000 -0.00000 -1.00000 0.00000
1619726130981703 0.99211 -0.12540 -0.00000 -9.48666 -0.12540 -0.99211 0.00000 0.21604 -0.00000 -0.00000 -1.00000 0.00000
1619726131231079 0.99259 -0.12150 0.00000 -10.59387 -0.12150 -0.99259 0.00000 0.14345 -0.00000 -0.00000 -1.00000 0.00000
1619726131481081 0.99181 -0.12775 0.00000 -11.79693 -0.12775 -0.99181 0.00000 0.28567 -0.00000 -0.00000 -1.00000 0.00000
1619726131731087 0.99009 -0.14045 -0.00000 -12.81729 -0.14045 -0.99009 0.00000 0.36774 -0.00000 -0.00000 -1.00000 0.00000
1619726131981087 0.98980 -0.14248 0.00000 -13.85096 -0.14248 -0.98980 0.00000 0.32583 -0.00000 -0.00000 -1.00000 0.00000
1619726132231095 0.98996 -0.14138 0.00000 -14.89530 -0.14138 -0.98996 0.00000 0.33880 -0.00000 -0.00000 -1.00000 0.00000
1619726132481764 0.99052 -0.13740 0.00000 -15.92832 -0.13740 -0.99052 0.00000 0.30326 -0.00000 -0.00000 -1.00000 0.00000
1619726132731720 0.99183 -0.12760 0.00000 -16.74915 -0.12760 -0.99183 0.00000 -0.01941 -0.00000 -0.00000 -1.00000 -0.00000
1619726132982350 0.99287 -0.11916 0.00000 -17.58698 -0.11916 -0.99287 0.00000 -0.09999 -0.00000 -0.00000 -1.00000 -0.00000
1619726133232994 0.99393 -0.10997 0.00000 -18.42310 -0.10997 -0.99393 0.00000 -0.31601 -0.00000 -0.00000 -1.00000 -0.00000
1619726133482984 0.99478 -0.10205 0.00000 -19.14473 -0.10205 -0.99478 0.00000 -0.36178 -0.00000 -0.00000 -1.00000 -0.00000
1619726133732363 0.99642 -0.08451 0.00000 -19.88891 -0.08451 -0.99642 0.00000 -0.82857 -0.00000 -0.00000 -1.00000 -0.00000
1619726133982364 0.99761 -0.06916 0.00000 -20.62549 -0.06916 -0.99761 0.00000 -0.93881 -0.00000 -0.00000 -1.00000 -0.00000
1619726134232369 0.99815 -0.06087 0.00000 -21.28383 -0.06087 -0.99815 0.00000 -1.12783 -0.00000 -0.00000 -1.00000 -0.00000
1619726134482372 0.99865 -0.05191 -0.00000 -21.87452 -0.05191 -0.99865 0.00000 -1.36920 -0.00000 -0.00000 -1.00000 -0.00000
1619726134732378 0.99915 -0.04112 -0.00000 -22.51124 -0.04112 -0.99915 0.00000 -1.67359 -0.00000 -0.00000 -1.00000 -0.00000
1619726134982379 0.99946 -0.03288 0.00000 -23.08473 -0.03288 -0.99946 0.00000 -1.77886 -0.00000 -0.00000 -1.00000 -0.00000
1619726135232382 0.99951 -0.03129 0.00000 -23.72276 -0.03129 -0.99951 0.00000 -1.87345 -0.00000 -0.00000 -1.00000 -0.00000
1619726135481760 0.99980 -0.02022 0.00000 -24.35934 -0.02022 -0.99980 0.00000 -2.23813 -0.00000 -0.00000 -1.00000 -0.00000
1619726135731769 0.99999 -0.00327 0.00000 -25.05946 -0.00327 -0.99999 0.00000 -2.52040 -0.00000 -0.00000 -1.00000 -0.00000
1619726135981767 1.00000 0.00304 -0.00000 -25.76718 0.00304 -1.00000 0.00000 -2.64826 0.00000 -0.00000 -1.00000 -0.00000
1619726136231772 0.99999 0.00536 0.00000 -26.54937 0.00536 -0.99999 0.00000 -2.77991 0.00000 -0.00000 -1.00000 -0.00000
1619726136481149 0.99993 0.01177 0.00000 -27.38323 0.01177 -0.99993 0.00000 -3.09413 0.00000 -0.00000 -1.00000 -0.00000
1619726136731156 0.99962 0.02762 0.00000 -28.27183 0.02762 -0.99962 0.00000 -3.39971 0.00000 -0.00000 -1.00000 -0.00000
1619726136981165 0.99962 0.02746 -0.00000 -29.31906 0.02746 -0.99962 0.00000 -3.46848 0.00000 -0.00000 -1.00000 -0.00000
1619726137231163 0.99937 0.03562 0.00000 -30.29303 0.03562 -0.99937 0.00000 -3.77354 0.00000 -0.00000 -1.00000 -0.00000
1619726137481162 0.99908 0.04286 0.00000 -31.40425 0.04286 -0.99908 0.00000 -3.98459 0.00000 -0.00000 -1.00000 -0.00000
1619726137731794 0.99926 0.03839 -0.00000 -32.73100 0.03839 -0.99926 0.00000 -3.91191 0.00000 -0.00000 -1.00000 -0.00000
1619726137981796 0.99903 0.04405 0.00000 -33.93672 0.04405 -0.99903 0.00000 -4.05326 0.00000 -0.00000 -1.00000 -0.00000
1619726138231810 0.99896 0.04563 0.00000 -35.22074 0.04563 -0.99896 0.00000 -4.13958 0.00000 -0.00000 -1.00000 -0.00000
1619726138481800 0.99896 0.04551 0.00000 -36.66756 0.04551 -0.99896 0.00000 -4.13756 0.00000 -0.00000 -1.00000 -0.00000
1619726138731806 0.99884 0.04816 0.00000 -38.06879 0.04816 -0.99884 0.00000 -4.26663 0.00000 -0.00000 -1.00000 -0.00000
1619726138981808 0.99856 0.05368 0.00000 -39.44191 0.05368 -0.99856 0.00000 -4.53721 0.00000 -0.00000 -1.00000 -0.00000
1619726139231813 0.99887 0.04749 0.00000 -40.88639 0.04749 -0.99887 0.00000 -4.24494 0.00000 -0.00000 -1.00000 -0.00000
1619726139481820 0.99917 0.04063 0.00000 -42.36131 0.04063 -0.99917 0.00000 -4.00094 0.00000 -0.00000 -1.00000 -0.00000
1619726139731198 0.99892 0.04651 0.00000 -43.85168 0.04651 -0.99892 0.00000 -4.35378 0.00000 -0.00000 -1.00000 -0.00000
1619726139981199 0.99881 0.04878 0.00000 -45.15782 0.04878 -0.99881 0.00000 -4.36505 0.00000 -0.00000 -1.00000 -0.00000
1619726140231205 0.99895 0.04583 -0.00000 -46.57589 0.04583 -0.99895 0.00000 -4.18843 0.00000 -0.00000 -1.00000 -0.00000
1619726140481251 0.99919 0.04017 0.00000 -48.03952 0.04017 -0.99919 0.00000 -3.91570 0.00000 -0.00000 -1.00000 -0.00000
1619726140730590 0.99916 0.04106 0.00000 -49.55986 0.04106 -0.99916 0.00000 -4.03659 0.00000 -0.00000 -1.00000 -0.00000
1619726140981211 0.99896 0.04562 0.00000 -50.97915 0.04562 -0.99896 0.00000 -4.24512 0.00000 -0.00000 -1.00000 -0.00000
1619726141231216 0.99854 0.05410 -0.00000 -52.52254 0.05410 -0.99854 0.00000 -4.69055 0.00000 -0.00000 -1.00000 -0.00000
1619726141481841 0.99863 0.05230 0.00000 -54.15860 0.05230 -0.99863 0.00000 -4.60729 0.00000 -0.00000 -1.00000 -0.00000
1619726141731851 0.99844 0.05575 0.00000 -55.73118 0.05575 -0.99844 0.00000 -4.89627 0.00000 -0.00000 -1.00000 -0.00000
1619726141981853 0.99825 0.05919 0.00000 -57.42473 0.05919 -0.99825 0.00000 -5.09999 0.00000 -0.00000 -1.00000 -0.00000
1619726142231858 0.99809 0.06183 -0.00000 -59.15001 0.06183 -0.99809 0.00000 -5.29500 0.00000 -0.00000 -1.00000 -0.00000
1619726142481856 0.99748 0.07096 0.00000 -60.80736 0.07096 -0.99748 0.00000 -5.87552 0.00000 -0.00000 -1.00000 -0.00000
1619726142731864 0.99698 0.07770 0.00000 -62.55474 0.07770 -0.99698 0.00000 -6.25833 0.00000 -0.00000 -1.00000 -0.00000
1619726142981867 0.99662 0.08215 0.00000 -64.38933 0.08215 -0.99662 0.00000 -6.54731 0.00000 -0.00000 -1.00000 -0.00000
1619726143231242 0.99544 0.09541 0.00000 -66.15464 0.09541 -0.99544 0.00000 -7.49358 0.00000 -0.00000 -1.00000 -0.00000
1619726143481246 0.99484 0.10148 0.00000 -67.98726 0.10148 -0.99484 0.00000 -7.86563 0.00000 -0.00000 -1.00000 -0.00000
1619726143731250 0.99467 0.10306 -0.00000 -69.95283 0.10306 -0.99467 0.00000 -8.05008 0.00000 -0.00000 -1.00000 -0.00000
1619726143981878 0.99555 0.09420 0.00000 -71.96110 0.09420 -0.99555 0.00000 -7.40232 0.00000 -0.00000 -1.00000 -0.00000
1619726144231885 0.99575 0.09209 0.00000 -73.98567 0.09209 -0.99575 0.00000 -7.24384 0.00000 -0.00000 -1.00000 -0.00000
1619726144481888 0.99666 0.08165 0.00000 -76.06188 0.08165 -0.99666 0.00000 -6.50273 0.00000 -0.00000 -1.00000 -0.00000
1619726144731267 0.99738 0.07236 0.00000 -78.13029 0.07236 -0.99738 0.00000 -5.88880 0.00000 -0.00000 -1.00000 -0.00000
1619726144981900 0.99923 0.03922 0.00000 -80.27326 0.03922 -0.99923 0.00000 -3.25542 0.00000 -0.00000 -1.00000 -0.00000
1619726145231900 0.99999 0.00438 0.00000 -82.27485 0.00438 -0.99999 0.00000 -0.41834 0.00000 -0.00000 -1.00000 -0.00000
1619726145481900 0.99954 -0.03018 -0.00000 -84.28342 -0.03018 -0.99954 0.00000 2.36565 -0.00000 -0.00000 -1.00000 0.00000
1619726145731903 0.99704 -0.07694 0.00000 -86.03420 -0.07694 -0.99704 0.00000 6.34596 -0.00000 -0.00000 -1.00000 0.00000
1619726145981281 0.99301 -0.11801 0.00000 -87.54132 -0.11801 -0.99301 0.00000 9.71639 -0.00000 -0.00000 -1.00000 0.00000
1619726146231285 0.98751 -0.15758 0.00000 -89.06688 -0.15758 -0.98751 0.00000 13.29798 -0.00000 -0.00000 -1.00000 0.00000
1619726146480664 0.97623 -0.21673 0.00000 -90.13497 -0.21673 -0.97623 0.00000 18.56345 -0.00000 -0.00000 -1.00000 0.00000
1619726146730674 0.96309 -0.26917 0.00000 -90.90785 -0.26917 -0.96309 0.00000 23.49596 -0.00000 -0.00000 -1.00000 0.00000
1619726146981292 0.94039 -0.34009 0.00000 -90.87518 -0.34009 -0.94039 0.00000 30.13551 -0.00000 -0.00000 -1.00000 0.00000
1619726147231925 0.91807 -0.39641 0.00000 -90.91050 -0.39641 -0.91807 0.00000 35.63838 -0.00000 -0.00000 -1.00000 0.00000
1619726147481929 0.89273 -0.45059 0.00000 -90.61563 -0.45059 -0.89273 0.00000 41.03976 -0.00000 -0.00000 -1.00000 0.00000
1619726147731934 0.86273 -0.50567 0.00000 -89.85154 -0.50567 -0.86273 0.00000 46.51296 -0.00000 -0.00000 -1.00000 0.00000
1619726147982559 0.82681 -0.56248 0.00000 -88.54185 -0.56248 -0.82681 0.00000 52.46777 -0.00000 -0.00000 -1.00000 0.00000
1619726148232566 0.77973 -0.62612 0.00000 -86.30651 -0.62612 -0.77973 0.00000 59.53434 -0.00000 -0.00000 -1.00000 0.00000
1619726148481986 0.72575 -0.68796 0.00000 -83.02501 -0.68796 -0.72575 0.00000 66.18816 -0.00000 -0.00000 -1.00000 0.00000
1619726148731954 0.66301 -0.74861 0.00000 -78.94024 -0.74861 -0.66301 0.00000 73.31040 -0.00000 -0.00000 -1.00000 0.00000
1619726148981950 0.60633 -0.79521 0.00000 -75.26174 -0.79521 -0.60633 0.00000 78.85125 -0.00000 -0.00000 -1.00000 0.00000
1619726149231328 0.55750 -0.83018 0.00000 -72.33643 -0.83018 -0.55750 0.00000 83.03729 -0.00000 -0.00000 -1.00000 0.00000
1619726149481331 0.50207 -0.86483 -0.00000 -68.76415 -0.86483 -0.50207 0.00000 87.82804 -0.00000 -0.00000 -1.00000 0.00000
1619726149730716 0.46406 -0.88580 0.00000 -66.90656 -0.88580 -0.46406 0.00000 90.38355 -0.00000 -0.00000 -1.00000 0.00000
1619726149980711 0.42884 -0.90338 0.00000 -65.35415 -0.90338 -0.42884 0.00000 93.23223 -0.00000 -0.00000 -1.00000 0.00000
1619726150230720 0.40731 -0.91329 0.00000 -65.17825 -0.91329 -0.40731 0.00000 94.47888 -0.00000 -0.00000 -1.00000 0.00000
1619726150481344 0.38918 -0.92116 0.00000 -65.37889 -0.92116 -0.38918 0.00000 95.92867 -0.00000 -0.00000 -1.00000 0.00000
1619726150731976 0.38041 -0.92482 0.00000 -66.56973 -0.92482 -0.38041 0.00000 96.49370 -0.00000 -0.00000 -1.00000 0.00000
1619726150981985 0.38683 -0.92215 0.00000 -69.35952 -0.92215 -0.38683 0.00000 95.78555 -0.00000 -0.00000 -1.00000 0.00000
1619726151232609 0.38812 -0.92161 0.00000 -71.71227 -0.92161 -0.38812 0.00000 95.73550 -0.00000 -0.00000 -1.00000 0.00000
1619726151483234 0.39544 -0.91849 0.00000 -74.59672 -0.91849 -0.39544 0.00000 95.11119 -0.00000 -0.00000 -1.00000 0.00000
1619726151733236 0.40672 -0.91355 0.00000 -77.96583 -0.91355 -0.40672 0.00000 94.21425 -0.00000 -0.00000 -1.00000 0.00000
1619726151983244 0.42620 -0.90463 0.00000 -82.16552 -0.90463 -0.42620 0.00000 92.45299 -0.00000 -0.00000 -1.00000 0.00000
1619726152233247 0.44926 -0.89340 -0.00000 -86.74784 -0.89340 -0.44926 0.00000 90.23899 -0.00000 -0.00000 -1.00000 0.00000
1619726152483246 0.47183 -0.88169 0.00000 -91.27829 -0.88169 -0.47183 0.00000 88.06278 -0.00000 -0.00000 -1.00000 0.00000
1619726152733251 0.48670 -0.87357 0.00000 -95.02346 -0.87357 -0.48670 0.00000 86.50380 -0.00000 -0.00000 -1.00000 0.00000
1619726152983266 0.50216 -0.86477 0.00000 -98.67618 -0.86477 -0.50216 0.00000 84.68032 -0.00000 -0.00000 -1.00000 0.00000
1619726153233261 0.51895 -0.85481 0.00000 -102.51971 -0.85481 -0.51895 0.00000 82.69283 -0.00000 -0.00000 -1.00000 0.00000
1619726153483259 0.53817 -0.84284 0.00000 -106.53656 -0.84284 -0.53817 0.00000 80.22859 -0.00000 -0.00000 -1.00000 0.00000
1619726153733264 0.54366 -0.83931 0.00000 -109.23978 -0.83931 -0.54366 0.00000 79.50448 -0.00000 -0.00000 -1.00000 0.00000
1619726153983266 0.54721 -0.83699 0.00000 -111.64017 -0.83699 -0.54721 0.00000 79.02254 -0.00000 -0.00000 -1.00000 0.00000
1619726154233268 0.55338 -0.83293 -0.00000 -114.36003 -0.83293 -0.55338 0.00000 78.20255 -0.00000 -0.00000 -1.00000 0.00000
1619726154483273 0.54780 -0.83661 0.00000 -115.89440 -0.83661 -0.54780 0.00000 78.92118 -0.00000 -0.00000 -1.00000 0.00000
1619726154733278 0.54507 -0.83839 0.00000 -117.55493 -0.83839 -0.54507 0.00000 79.43367 -0.00000 -0.00000 -1.00000 0.00000
1619726154982661 0.55268 -0.83339 0.00000 -120.35008 -0.83339 -0.55268 0.00000 78.21033 -0.00000 -0.00000 -1.00000 0.00000
1619726155232655 0.55413 -0.83243 0.00000 -122.53687 -0.83243 -0.55413 0.00000 77.96470 -0.00000 -0.00000 -1.00000 0.00000
1619726155482036 0.55669 -0.83072 0.00000 -124.50393 -0.83072 -0.55669 0.00000 77.55547 -0.00000 -0.00000 -1.00000 0.00000
1619726155732042 0.57545 -0.81784 -0.00000 -128.08654 -0.81784 -0.57545 0.00000 74.66966 -0.00000 -0.00000 -1.00000 0.00000
1619726155982042 0.60460 -0.79653 0.00000 -132.46343 -0.79653 -0.60460 0.00000 69.98429 -0.00000 -0.00000 -1.00000 0.00000
1619726156232055 0.64595 -0.76338 0.00000 -137.78341 -0.76338 -0.64595 0.00000 62.85018 -0.00000 -0.00000 -1.00000 0.00000
1619726156482084 0.69757 -0.71652 0.00000 -143.35825 -0.71652 -0.69757 0.00000 53.11620 -0.00000 -0.00000 -1.00000 0.00000
1619726156732057 0.75817 -0.65206 0.00000 -149.06817 -0.65206 -0.75817 0.00000 40.23473 -0.00000 -0.00000 -1.00000 0.00000
1619726156982059 0.82456 -0.56577 0.00000 -154.00925 -0.56577 -0.82456 0.00000 23.74373 -0.00000 -0.00000 -1.00000 0.00000
1619726157232062 0.89248 -0.45109 0.00000 -157.20380 -0.45109 -0.89248 0.00000 3.01474 -0.00000 -0.00000 -1.00000 0.00000
1619726157482067 0.94776 -0.31898 -0.00000 -157.28658 -0.31898 -0.94776 0.00000 -19.46058 -0.00000 -0.00000 -1.00000 -0.00000
1619726157732070 0.98302 -0.18350 0.00000 -154.15486 -0.18350 -0.98302 0.00000 -41.26093 -0.00000 -0.00000 -1.00000 -0.00000
1619726157982075 0.99943 -0.03371 0.00000 -147.34079 -0.03371 -0.99943 0.00000 -63.98253 -0.00000 -0.00000 -1.00000 -0.00000
1619726158232085 0.99117 0.13261 0.00000 -135.77959 0.13261 -0.99117 0.00000 -87.57103 0.00000 -0.00000 -1.00000 -0.00000
1619726158482407 0.95147 0.30775 0.00000 -119.02011 0.30775 -0.95147 0.00000 -110.32399 0.00000 -0.00000 -1.00000 -0.00000
1619726158732084 0.87469 0.48468 0.00000 -96.61154 0.48468 -0.87469 0.00000 -131.12009 0.00000 -0.00000 -1.00000 -0.00000
1619726158982714 0.76165 0.64799 0.00000 -69.81110 0.64799 -0.76165 0.00000 -147.57775 0.00000 -0.00000 -1.00000 -0.00000
1619726159232731 0.60831 0.79370 -0.00000 -38.14333 0.79370 -0.60831 0.00000 -158.92185 0.00000 -0.00000 -1.00000 -0.00000
1619726159482719 0.43830 0.89883 0.00000 -6.78685 0.89883 -0.43830 0.00000 -163.22258 0.00000 -0.00000 -1.00000 -0.00000
1619726159733349 0.24565 0.96936 0.00000 25.76403 0.96936 -0.24565 0.00000 -161.15370 0.00000 -0.00000 -1.00000 -0.00000
1619726159983352 0.04385 0.99904 0.00000 56.95524 0.99904 -0.04385 0.00000 -152.50900 0.00000 -0.00000 -1.00000 -0.00000
1619726160233356 -0.15771 0.98749 0.00000 85.52158 0.98749 0.15771 0.00000 -137.93254 0.00000 0.00000 -1.00000 -0.00000
1619726160483360 -0.35029 0.93664 -0.00000 110.23809 0.93664 0.35029 0.00000 -118.19167 0.00000 0.00000 -1.00000 -0.00000
1619726160733988 -0.52998 0.84801 0.00000 130.63692 0.84801 0.52998 0.00000 -93.74439 0.00000 0.00000 -1.00000 -0.00000
1619726160984621 -0.67074 0.74169 0.00000 144.00740 0.74169 0.67074 0.00000 -69.28119 0.00000 0.00000 -1.00000 -0.00000
1619726161234625 -0.77890 0.62715 0.00000 152.02010 0.62715 0.77890 0.00000 -45.77072 0.00000 0.00000 -1.00000 -0.00000
1619726161484632 -0.84340 0.53729 0.00000 154.94690 0.53729 0.84340 0.00000 -28.81764 0.00000 0.00000 -1.00000 -0.00000
1619726161735259 -0.89115 0.45371 0.00000 155.96135 0.45371 0.89115 0.00000 -13.58902 0.00000 0.00000 -1.00000 -0.00000
1619726161985261 -0.91631 0.40046 0.00000 155.20587 0.40046 0.91631 0.00000 -4.43132 0.00000 0.00000 -1.00000 -0.00000
1619726162235263 -0.92856 0.37118 0.00000 154.08059 0.37118 0.92856 0.00000 0.46124 0.00000 0.00000 -1.00000 0.00000
1619726162485887 -0.93368 0.35811 0.00000 152.79588 0.35811 0.93368 0.00000 2.66686 0.00000 0.00000 -1.00000 0.00000
1619726162735919 -0.93466 0.35555 0.00000 151.53385 0.35555 0.93466 0.00000 3.06236 0.00000 0.00000 -1.00000 0.00000
1619726162985272 -0.93408 0.35706 -0.00000 150.21177 0.35706 0.93408 0.00000 2.75711 0.00000 0.00000 -1.00000 0.00000
1619726163235271 -0.92475 0.38059 0.00000 148.75710 0.38059 0.92475 0.00000 -0.90978 0.00000 0.00000 -1.00000 -0.00000
1619726163485280 -0.91288 0.40824 0.00000 147.30114 0.40824 0.91288 0.00000 -5.46247 0.00000 0.00000 -1.00000 -0.00000
1619726163735292 -0.89425 0.44757 0.00000 145.33288 0.44757 0.89425 0.00000 -11.95265 0.00000 0.00000 -1.00000 -0.00000
1619726163985285 -0.87738 0.47980 0.00000 143.42109 0.47980 0.87738 0.00000 -17.17582 0.00000 0.00000 -1.00000 -0.00000
1619726164235290 -0.85250 0.52273 0.00000 140.75861 0.52273 0.85250 0.00000 -24.30378 0.00000 0.00000 -1.00000 -0.00000
1619726164484666 -0.82921 0.55893 0.00000 137.92460 0.55893 0.82921 0.00000 -30.48584 0.00000 0.00000 -1.00000 -0.00000
1619726164735301 -0.80242 0.59676 0.00000 134.77931 0.59676 0.80242 0.00000 -36.80925 0.00000 0.00000 -1.00000 -0.00000
1619726164985299 -0.76694 0.64172 0.00000 130.63932 0.64172 0.76694 0.00000 -44.51985 0.00000 0.00000 -1.00000 -0.00000
1619726165234677 -0.73097 0.68241 0.00000 126.34117 0.68241 0.73097 0.00000 -51.60188 0.00000 0.00000 -1.00000 -0.00000
1619726165484683 -0.68401 0.72948 0.00000 120.79140 0.72948 0.68401 0.00000 -59.85124 0.00000 0.00000 -1.00000 -0.00000
1619726165734684 -0.62922 0.77723 0.00000 114.34764 0.77723 0.62922 0.00000 -68.55029 0.00000 0.00000 -1.00000 -0.00000
1619726165984066 -0.57623 0.81728 0.00000 107.66501 0.81728 0.57623 0.00000 -76.06265 0.00000 0.00000 -1.00000 -0.00000
1619726166234066 -0.53160 0.84700 0.00000 101.54646 0.84700 0.53160 0.00000 -81.65672 0.00000 0.00000 -1.00000 -0.00000
1619726166484071 -0.48663 0.87361 -0.00000 95.22524 0.87361 0.48663 0.00000 -86.82102 0.00000 0.00000 -1.00000 -0.00000
1619726166733447 -0.46180 0.88699 -0.00000 90.75715 0.88699 0.46180 0.00000 -89.52575 0.00000 0.00000 -1.00000 -0.00000
1619726166983448 -0.42451 0.90542 -0.00000 84.94457 0.90542 0.42451 0.00000 -93.30182 0.00000 0.00000 -1.00000 -0.00000
1619726167233450 -0.40276 0.91531 0.00000 80.61081 0.91531 0.40276 0.00000 -95.06986 0.00000 0.00000 -1.00000 -0.00000
1619726167482831 -0.39455 0.91887 0.00000 77.63394 0.91887 0.39455 0.00000 -96.02094 0.00000 0.00000 -1.00000 -0.00000
1619726167732839 -0.38157 0.92434 0.00000 74.11732 0.92434 0.38157 0.00000 -97.09715 0.00000 0.00000 -1.00000 -0.00000
1619726167982840 -0.36897 0.92944 0.00000 70.62234 0.92944 0.36897 0.00000 -98.11897 0.00000 0.00000 -1.00000 -0.00000
1619726168232848 -0.35819 0.93365 0.00000 67.19963 0.93365 0.35819 0.00000 -98.87647 0.00000 0.00000 -1.00000 -0.00000
1619726168482218 -0.36022 0.93287 0.00000 65.33606 0.93287 0.36022 0.00000 -98.93062 0.00000 0.00000 -1.00000 -0.00000
1619726168732851 -0.36864 0.92957 0.00000 64.00941 0.92957 0.36864 0.00000 -98.26504 0.00000 0.00000 -1.00000 -0.00000
1619726168982861 -0.37813 0.92575 0.00000 62.87089 0.92575 0.37813 0.00000 -97.86266 0.00000 0.00000 -1.00000 -0.00000
1619726169232230 -0.40762 0.91315 0.00000 63.77018 0.91315 0.40762 0.00000 -95.43101 0.00000 0.00000 -1.00000 -0.00000
1619726169482234 -0.43519 0.90034 0.00000 64.58953 0.90034 0.43519 0.00000 -93.81568 0.00000 0.00000 -1.00000 -0.00000
1619726169732239 -0.47955 0.87751 0.00000 66.97736 0.87751 0.47955 0.00000 -90.27600 0.00000 0.00000 -1.00000 -0.00000
1619726169982242 -0.52815 0.84915 0.00000 69.85647 0.84915 0.52815 0.00000 -86.59246 0.00000 0.00000 -1.00000 -0.00000
1619726170232249 -0.57993 0.81467 0.00000 73.09664 0.81467 0.57993 0.00000 -82.26457 0.00000 0.00000 -1.00000 -0.00000
1619726170482245 -0.63418 0.77319 0.00000 76.53208 0.77319 0.63418 0.00000 -77.17233 0.00000 0.00000 -1.00000 -0.00000
1619726170732250 -0.68815 0.72557 0.00000 79.76254 0.72557 0.68815 0.00000 -71.57192 0.00000 0.00000 -1.00000 -0.00000
1619726170982264 -0.73728 0.67558 0.00000 82.55635 0.67558 0.73728 0.00000 -65.84984 0.00000 0.00000 -1.00000 -0.00000
1619726171232259 -0.78607 0.61814 0.00000 85.34918 0.61814 0.78607 0.00000 -59.49457 0.00000 0.00000 -1.00000 -0.00000
1619726171482889 -0.82743 0.56157 0.00000 87.28180 0.56157 0.82743 0.00000 -53.55464 0.00000 0.00000 -1.00000 -0.00000
1619726171732893 -0.86846 0.49576 -0.00000 89.14911 0.49576 0.86846 0.00000 -46.63638 0.00000 0.00000 -1.00000 -0.00000
1619726171982897 -0.90394 0.42766 0.00000 90.38275 0.42766 0.90394 0.00000 -39.68144 0.00000 0.00000 -1.00000 -0.00000
1619726172232897 -0.93241 0.36140 0.00000 91.04344 0.36140 0.93241 0.00000 -32.91480 0.00000 0.00000 -1.00000 -0.00000
1619726172482917 -0.95603 0.29326 0.00000 91.22985 0.29326 0.95603 0.00000 -26.41226 0.00000 0.00000 -1.00000 -0.00000
1619726172732909 -0.97265 0.23227 0.00000 90.68798 0.23227 0.97265 0.00000 -20.68858 0.00000 0.00000 -1.00000 -0.00000
1619726172982913 -0.98612 0.16601 -0.00000 89.94383 0.16601 0.98612 0.00000 -14.66109 0.00000 0.00000 -1.00000 -0.00000
1619726173232914 -0.99385 0.11070 0.00000 88.66940 0.11070 0.99385 0.00000 -9.46040 0.00000 0.00000 -1.00000 -0.00000
1619726173482916 -0.99778 0.06664 0.00000 86.94532 0.06664 0.99778 0.00000 -5.50269 0.00000 0.00000 -1.00000 -0.00000
1619726173733547 -0.99898 0.04515 0.00000 85.03080 0.04515 0.99898 0.00000 -3.64610 0.00000 0.00000 -1.00000 -0.00000
1619726173983552 -0.99959 0.02877 0.00000 83.08346 0.02877 0.99959 0.00000 -2.33205 0.00000 0.00000 -1.00000 -0.00000
1619726174232930 -0.99991 0.01342 0.00000 81.02467 0.01342 0.99991 0.00000 -1.12438 0.00000 0.00000 -1.00000 -0.00000
1619726174483555 -0.99998 0.00673 0.00000 78.99783 0.00673 0.99998 0.00000 -0.49597 0.00000 0.00000 -1.00000 -0.00000
1619726174733555 -1.00000 -0.00265 0.00000 76.91523 -0.00265 1.00000 0.00000 0.31110 -0.00000 0.00000 -1.00000 0.00000
1619726174983556 -0.99992 -0.01250 0.00000 74.83431 -0.01250 0.99992 0.00000 0.99902 -0.00000 0.00000 -1.00000 0.00000
1619726175233565 -0.99968 -0.02546 0.00000 72.71691 -0.02546 0.99968 0.00000 1.96086 -0.00000 0.00000 -1.00000 0.00000
1619726175482942 -0.99902 -0.04423 0.00000 70.46770 -0.04423 0.99902 0.00000 3.19828 -0.00000 0.00000 -1.00000 0.00000
1619726175732948 -0.99825 -0.05907 0.00000 68.19829 -0.05907 0.99825 0.00000 4.19643 -0.00000 0.00000 -1.00000 0.00000
1619726175983572 -0.99802 -0.06286 0.00000 65.92219 -0.06286 0.99802 0.00000 4.58835 -0.00000 0.00000 -1.00000 0.00000
1619726176232952 -0.99735 -0.07275 0.00000 63.64317 -0.07275 0.99735 0.00000 5.13357 -0.00000 0.00000 -1.00000 0.00000
1619726176482955 -0.99769 -0.06797 0.00000 61.37587 -0.06797 0.99769 0.00000 4.75496 -0.00000 0.00000 -1.00000 0.00000
1619726176732961 -0.99802 -0.06284 0.00000 59.02232 -0.06284 0.99802 0.00000 4.33014 -0.00000 0.00000 -1.00000 0.00000
1619726176982970 -0.99848 -0.05516 -0.00000 56.66015 -0.05516 0.99848 0.00000 4.01365 -0.00000 0.00000 -1.00000 0.00000
1619726177232348 -0.99861 -0.05273 -0.00000 54.30359 -0.05273 0.99861 0.00000 3.64219 -0.00000 0.00000 -1.00000 0.00000
1619726177482347 -0.99910 -0.04240 -0.00000 51.92095 -0.04240 0.99910 0.00000 3.06128 -0.00000 0.00000 -1.00000 0.00000
1619726177732353 -0.99936 -0.03570 0.00000 49.44641 -0.03570 0.99936 0.00000 2.89594 -0.00000 0.00000 -1.00000 0.00000
1619726177982352 -0.99974 -0.02262 0.00000 47.06306 -0.02262 0.99974 0.00000 2.30130 -0.00000 0.00000 -1.00000 0.00000
1619726178232361 -0.99980 -0.01984 0.00000 44.68516 -0.01984 0.99980 0.00000 2.07774 -0.00000 0.00000 -1.00000 0.00000
1619726178482361 -0.99990 -0.01387 0.00000 42.24030 -0.01387 0.99990 0.00000 1.75273 -0.00000 0.00000 -1.00000 0.00000
1619726178731741 -0.99991 -0.01341 0.00000 39.81436 -0.01341 0.99991 0.00000 1.58492 -0.00000 0.00000 -1.00000 0.00000
1619726178981750 -0.99993 -0.01148 0.00000 37.40150 -0.01148 0.99993 0.00000 1.56050 -0.00000 0.00000 -1.00000 0.00000
1619726179231745 -0.99997 -0.00741 0.00000 34.93275 -0.00741 0.99997 0.00000 1.34724 -0.00000 0.00000 -1.00000 0.00000
1619726179481750 -1.00000 -0.00073 0.00000 32.50085 -0.00073 1.00000 0.00000 1.16193 -0.00000 0.00000 -1.00000 0.00000
1619726179731755 -0.99996 0.00905 0.00000 30.00471 0.00905 0.99996 0.00000 0.66866 0.00000 0.00000 -1.00000 0.00000
1619726179981755 -0.99989 0.01457 0.00000 27.51918 0.01457 0.99989 0.00000 0.48313 0.00000 0.00000 -1.00000 0.00000
1619726180231764 -0.99967 0.02566 0.00000 24.98995 0.02566 0.99967 0.00000 0.23345 0.00000 0.00000 -1.00000 0.00000
1619726180481796 -0.99950 0.03147 0.00000 22.46163 0.03147 0.99950 0.00000 0.10982 0.00000 0.00000 -1.00000 0.00000
1619726180731770 -0.99953 0.03063 -0.00000 19.80973 0.03063 0.99953 0.00000 -0.04025 0.00000 0.00000 -1.00000 -0.00000
1619726180982399 -0.99931 0.03725 0.00000 17.26305 0.03725 0.99931 0.00000 -0.23203 0.00000 0.00000 -1.00000 -0.00000
1619726181232397 -0.99923 0.03928 0.00000 14.66810 0.03928 0.99923 0.00000 -0.29953 0.00000 0.00000 -1.00000 -0.00000
1619726181482398 -0.99887 0.04751 0.00000 12.04876 0.04751 0.99887 0.00000 -0.46735 0.00000 0.00000 -1.00000 -0.00000
1619726181733032 -0.99839 0.05670 0.00000 9.46931 0.05670 0.99839 0.00000 -0.52903 0.00000 0.00000 -1.00000 -0.00000
1619726181982409 -0.99849 0.05491 0.00000 6.88538 0.05491 0.99849 0.00000 -0.53842 0.00000 0.00000 -1.00000 -0.00000
1619726182232415 -0.99801 0.06302 0.00000 4.30429 0.06302 0.99801 0.00000 -0.64172 0.00000 0.00000 -1.00000 -0.00000
1619726182482414 -0.99772 0.06754 0.00000 1.71063 0.06754 0.99772 0.00000 -0.67271 0.00000 0.00000 -1.00000 -0.00000
1619726182732424 -0.99788 0.06506 0.00000 -0.97368 0.06506 0.99788 0.00000 -0.80475 0.00000 0.00000 -1.00000 -0.00000
1619726182982424 -0.99796 0.06390 0.00000 -3.37079 0.06390 0.99796 0.00000 -0.71429 0.00000 0.00000 -1.00000 -0.00000
1619726183231803 -0.99894 0.04601 0.00000 -5.99765 0.04601 0.99894 0.00000 -0.92257 0.00000 0.00000 -1.00000 -0.00000
1619726183481805 -0.99927 0.03822 -0.00000 -8.55194 0.03822 0.99927 0.00000 -1.01639 0.00000 0.00000 -1.00000 -0.00000
1619726183731808 -0.99944 0.03356 0.00000 -11.07516 0.03356 0.99944 0.00000 -1.02268 0.00000 0.00000 -1.00000 -0.00000
1619726183981812 -0.99905 0.04360 -0.00000 -13.67488 0.04360 0.99905 0.00000 -0.96959 0.00000 0.00000 -1.00000 -0.00000
1619726184231817 -0.99922 0.03943 -0.00000 -16.24611 0.03943 0.99922 0.00000 -1.05988 0.00000 0.00000 -1.00000 -0.00000
1619726184481818 -0.99900 0.04464 0.00000 -18.79126 0.04464 0.99900 0.00000 -0.95782 0.00000 0.00000 -1.00000 -0.00000
1619726184731826 -0.99922 0.03953 0.00000 -21.45088 0.03953 0.99922 0.00000 -1.16815 0.00000 0.00000 -1.00000 -0.00000
1619726184981838 -0.99939 0.03487 0.00000 -24.02333 0.03487 0.99939 0.00000 -1.26379 0.00000 0.00000 -1.00000 -0.00000
1619726185232455 -0.99938 0.03519 0.00000 -26.66187 0.03519 0.99938 0.00000 -1.30457 0.00000 0.00000 -1.00000 -0.00000
1619726185482458 -0.99960 0.02815 0.00000 -29.27115 0.02815 0.99960 0.00000 -1.50305 0.00000 0.00000 -1.00000 -0.00000
1619726185733089 -0.99976 0.02197 0.00000 -31.70890 0.02197 0.99976 0.00000 -1.56140 0.00000 0.00000 -1.00000 -0.00000
1619726185982466 -0.99985 0.01738 0.00000 -34.38445 0.01738 0.99985 0.00000 -1.75198 0.00000 0.00000 -1.00000 -0.00000
1619726186232467 -0.99994 0.01116 0.00000 -36.86911 0.01116 0.99994 0.00000 -2.06254 0.00000 0.00000 -1.00000 -0.00000
1619726186482470 -0.99991 0.01317 -0.00000 -39.37968 0.01317 0.99991 0.00000 -2.04259 0.00000 0.00000 -1.00000 -0.00000
1619726186731853 -1.00000 -0.00090 0.00000 -41.83557 -0.00090 1.00000 0.00000 -2.58097 -0.00000 0.00000 -1.00000 -0.00000
1619726186981861 -0.99999 -0.00520 0.00000 -44.24095 -0.00520 0.99999 0.00000 -2.77069 -0.00000 0.00000 -1.00000 -0.00000
1619726187231232 -0.99977 -0.02166 0.00000 -46.56269 -0.02166 0.99977 0.00000 -3.69088 -0.00000 0.00000 -1.00000 -0.00000
1619726187481235 -0.99979 -0.02044 0.00000 -48.84798 -0.02044 0.99979 0.00000 -3.59964 -0.00000 0.00000 -1.00000 -0.00000
1619726187731869 -0.99935 -0.03593 0.00000 -50.97486 -0.03593 0.99935 0.00000 -4.41722 -0.00000 0.00000 -1.00000 -0.00000
1619726187982491 -0.99947 -0.03270 0.00000 -53.01512 -0.03270 0.99947 0.00000 -4.23696 -0.00000 0.00000 -1.00000 -0.00000
1619726188232502 -0.99955 -0.03010 0.00000 -54.99081 -0.03010 0.99955 0.00000 -4.15820 -0.00000 0.00000 -1.00000 -0.00000
1619726188483131 -0.99953 -0.03069 0.00000 -56.84834 -0.03069 0.99953 0.00000 -4.08769 -0.00000 0.00000 -1.00000 -0.00000
1619726188733131 -0.99989 -0.01514 0.00000 -58.59020 -0.01514 0.99989 0.00000 -3.36682 -0.00000 0.00000 -1.00000 -0.00000
1619726188983139 -0.99994 0.01112 -0.00000 -60.22731 0.01112 0.99994 0.00000 -1.83426 0.00000 0.00000 -1.00000 -0.00000
1619726189233138 -0.99884 0.04819 -0.00000 -61.79650 0.04819 0.99884 0.00000 0.40897 0.00000 0.00000 -1.00000 0.00000
1619726189482517 -0.99567 0.09299 0.00000 -63.06363 0.09299 0.99567 0.00000 3.02042 0.00000 0.00000 -1.00000 0.00000
1619726189733145 -0.98801 0.15441 0.00000 -63.96771 0.15441 0.98801 0.00000 7.05793 0.00000 0.00000 -1.00000 0.00000
1619726189982522 -0.97599 0.21781 0.00000 -64.63000 0.21781 0.97599 0.00000 11.01711 0.00000 0.00000 -1.00000 0.00000
1619726190232522 -0.95608 0.29309 0.00000 -64.59774 0.29309 0.95608 0.00000 16.05104 0.00000 0.00000 -1.00000 0.00000
1619726190481903 -0.92321 0.38430 0.00000 -63.85443 0.38430 0.92321 0.00000 22.26361 0.00000 0.00000 -1.00000 0.00000
1619726190731908 -0.87443 0.48515 0.00000 -62.06822 0.48515 0.87443 0.00000 29.24161 0.00000 0.00000 -1.00000 0.00000
1619726190981282 -0.81283 0.58250 0.00000 -59.28941 0.58250 0.81283 0.00000 36.06116 0.00000 0.00000 -1.00000 0.00000
1619726191231291 -0.72970 0.68377 0.00000 -55.14202 0.68377 0.72970 0.00000 43.56550 0.00000 0.00000 -1.00000 0.00000
1619726191481916 -0.63641 0.77135 0.00000 -50.13673 0.77135 0.63641 0.00000 50.22666 0.00000 0.00000 -1.00000 0.00000
1619726191731923 -0.53905 0.84227 0.00000 -44.72745 0.84227 0.53905 0.00000 55.85786 0.00000 0.00000 -1.00000 0.00000
1619726191982548 -0.43846 0.89875 0.00000 -39.03177 0.89875 0.43846 0.00000 60.67883 0.00000 0.00000 -1.00000 0.00000
1619726192232548 -0.35064 0.93651 0.00000 -34.20436 0.93651 0.35064 0.00000 63.81489 0.00000 0.00000 -1.00000 0.00000
1619726192482553 -0.26346 0.96467 0.00000 -29.37272 0.96467 0.26346 0.00000 66.89028 0.00000 0.00000 -1.00000 0.00000
1619726192731937 -0.20223 0.97934 0.00000 -26.34359 0.97934 0.20223 0.00000 68.52216 0.00000 0.00000 -1.00000 0.00000
1619726192981942 -0.14152 0.98994 0.00000 -23.36649 0.98994 0.14152 0.00000 69.94589 0.00000 0.00000 -1.00000 0.00000
1619726193231318 -0.11234 0.99367 0.00000 -22.58295 0.99367 0.11234 0.00000 70.69211 0.00000 0.00000 -1.00000 0.00000
1619726193481318 -0.08949 0.99599 0.00000 -22.37469 0.99599 0.08949 0.00000 70.96689 0.00000 0.00000 -1.00000 0.00000
1619726193731952 -0.07569 0.99713 0.00000 -22.93295 0.99713 0.07569 0.00000 71.38911 0.00000 0.00000 -1.00000 0.00000
1619726193982574 -0.06629 0.99780 0.00000 -23.77323 0.99780 0.06629 0.00000 71.52482 0.00000 0.00000 -1.00000 0.00000
1619726194232578 -0.06262 0.99804 0.00000 -25.12546 0.99804 0.06262 0.00000 71.59020 0.00000 0.00000 -1.00000 0.00000
1619726194483206 -0.04788 0.99885 0.00000 -25.79059 0.99885 0.04788 0.00000 71.84267 0.00000 0.00000 -1.00000 0.00000
1619726194733217 -0.04174 0.99913 -0.00000 -27.13456 0.99913 0.04174 0.00000 72.10602 0.00000 0.00000 -1.00000 0.00000
1619726194982595 -0.02352 0.99972 0.00000 -27.58209 0.99972 0.02352 0.00000 72.43689 0.00000 0.00000 -1.00000 0.00000
1619726195232597 -0.00942 0.99996 0.00000 -28.38487 0.99996 0.00942 0.00000 72.90576 0.00000 0.00000 -1.00000 0.00000
1619726195482595 0.00971 0.99995 0.00000 -28.81121 0.99995 -0.00971 0.00000 73.43271 0.00000 -0.00000 -1.00000 0.00000
1619726195732599 0.03097 0.99952 -0.00000 -29.11239 0.99952 -0.03097 0.00000 73.95781 0.00000 -0.00000 -1.00000 0.00000
1619726195982606 0.05466 0.99851 0.00000 -29.26462 0.99851 -0.05466 0.00000 74.59393 0.00000 -0.00000 -1.00000 0.00000
1619726196232610 0.08593 0.99630 0.00000 -28.86575 0.99630 -0.08593 0.00000 75.42749 0.00000 -0.00000 -1.00000 0.00000
1619726196482652 0.11826 0.99298 0.00000 -28.31845 0.99298 -0.11826 0.00000 76.45863 0.00000 -0.00000 -1.00000 0.00000
1619726196731988 0.13896 0.99030 0.00000 -28.72994 0.99030 -0.13896 0.00000 76.74948 0.00000 -0.00000 -1.00000 0.00000
1619726196981991 0.16310 0.98661 0.00000 -28.92703 0.98661 -0.16310 0.00000 77.48969 0.00000 -0.00000 -1.00000 0.00000
1619726197231997 0.16245 0.98672 0.00000 -30.90116 0.98672 -0.16245 0.00000 77.45493 0.00000 -0.00000 -1.00000 0.00000
1619726197481998 0.15255 0.98830 0.00000 -33.85854 0.98830 -0.15255 0.00000 77.05690 0.00000 -0.00000 -1.00000 0.00000
1619726197732007 0.13247 0.99119 0.00000 -37.57500 0.99119 -0.13247 0.00000 76.22922 0.00000 -0.00000 -1.00000 0.00000
1619726197982634 0.11337 0.99355 -0.00000 -40.97983 0.99355 -0.11337 0.00000 75.52317 0.00000 -0.00000 -1.00000 0.00000
