1566534859998143 -0.79698 -0.60401 0.00000 2713910.03272 0.60401 -0.79698 0.00000 2995061.12954 0.00000 0.00000 1.00000 -0.00000
1566534860248185 -0.79559 -0.60584 0.00000 2720777.52846 0.60584 -0.79559 0.00000 2988823.65920 0.00000 0.00000 1.00000 -0.00000
1566534860497397 -0.79421 -0.60765 0.00000 2727580.63261 0.60765 -0.79421 0.00000 2982616.17859 0.00000 0.00000 1.00000 -0.00000
1566534860746952 -0.79279 -0.60950 0.00000 2734525.38734 0.60950 -0.79279 0.00000 2976250.01861 0.00000 0.00000 1.00000 -0.00000
1566534860996856 -0.79140 -0.61130 0.00000 2741294.04001 0.61130 -0.79140 0.00000 2970016.47650 0.00000 0.00000 1.00000 -0.00000
1566534861246544 -0.79020 -0.61285 0.00000 2747111.03477 0.61285 -0.79020 0.00000 2964636.42733 0.00000 0.00000 1.00000 -0.00000
1566534861496129 -0.78877 -0.61469 0.00000 2754005.94817 0.61469 -0.78877 0.00000 2958231.97159 0.00000 0.00000 1.00000 -0.00000
1566534861746537 -0.78728 -0.61659 0.00000 2761139.34733 0.61659 -0.78728 0.00000 2951574.36940 0.00000 0.00000 1.00000 -0.00000
1566534861995462 -0.78599 -0.61824 0.00000 2767303.67936 0.61824 -0.78599 0.00000 2945795.02166 0.00000 0.00000 1.00000 -0.00000
1566534862244753 -0.78474 -0.61983 0.00000 2773273.80383 0.61983 -0.78474 0.00000 2940174.51271 0.00000 0.00000 1.00000 -0.00000
1566534862495010 -0.78341 -0.62150 0.00000 2779538.15862 0.62150 -0.78341 0.00000 2934252.32694 0.00000 0.00000 1.00000 -0.00000
1566534862744802 -0.78228 -0.62293 0.00000 2784872.37178 0.62293 -0.78228 0.00000 2929189.28416 0.00000 0.00000 1.00000 -0.00000
1566534862994088 -0.78166 -0.62371 0.00000 2787796.08400 0.62371 -0.78166 0.00000 2926405.89950 0.00000 0.00000 1.00000 -0.00000
1566534863243563 -0.78184 -0.62348 0.00000 2786951.97592 0.62348 -0.78184 0.00000 2927208.79478 0.00000 0.00000 1.00000 -0.00000
1566534863493648 -0.78162 -0.62376 0.00000 2787988.69543 0.62376 -0.78162 0.00000 2926220.32910 0.00000 0.00000 1.00000 -0.00000
1566534863743133 -0.78173 -0.62362 0.00000 2787456.07511 0.62362 -0.78173 0.00000 2926726.56237 0.00000 0.00000 1.00000 -0.00000
1566534863992075 -0.78168 -0.62368 0.00000 2787673.83306 0.62368 -0.78168 0.00000 2926517.94977 0.00000 0.00000 1.00000 -0.00000
1566534864242660 -0.78151 -0.62390 0.00000 2788505.72810 0.62390 -0.78151 0.00000 2925724.01703 0.00000 0.00000 1.00000 -0.00000
1566534864492609 -0.78170 -0.62365 0.00000 2787575.34759 0.62365 -0.78170 0.00000 2926609.13957 0.00000 0.00000 1.00000 -0.00000
1566534864742233 -0.78130 -0.62415 0.00000 2789444.76301 0.62415 -0.78130 0.00000 2924825.98262 0.00000 0.00000 1.00000 -0.00000
1566534864991635 -0.78096 -0.62459 0.00000 2791074.95714 0.62459 -0.78096 0.00000 2923268.89265 0.00000 0.00000 1.00000 -0.00000
1566534865240461 -0.78088 -0.62468 0.00000 2791434.57393 0.62468 -0.78088 0.00000 2922923.94732 0.00000 0.00000 1.00000 -0.00000
1566534865490006 -0.78078 -0.62481 0.00000 2791893.90836 0.62481 -0.78078 0.00000 2922483.59132 0.00000 0.00000 1.00000 -0.00000
1566534865740111 -0.78055 -0.62509 0.00000 2792964.03707 0.62509 -0.78055 0.00000 2921459.22151 0.00000 0.00000 1.00000 -0.00000
1566534865989856 -0.78073 -0.62487 0.00000 2792122.13771 0.62487 -0.78073 0.00000 2922262.11084 0.00000 0.00000 1.00000 -0.00000
1566534866239960 -0.78109 -0.62441 0.00000 2790423.87460 0.62441 -0.78109 0.00000 2923881.98980 0.00000 0.00000 1.00000 -0.00000
1566534866489006 -0.78135 -0.62409 0.00000 2789222.63507 0.62409 -0.78135 0.00000 2925026.06844 0.00000 0.00000 1.00000 -0.00000
1566534866738635 -0.78155 -0.62384 0.00000 2788261.03691 0.62384 -0.78155 0.00000 2925940.79395 0.00000 0.00000 1.00000 -0.00000
1566534866988073 -0.78188 -0.62343 0.00000 2786748.15837 0.62343 -0.78188 0.00000 2927379.77595 0.00000 0.00000 1.00000 -0.00000
1566534867237542 -0.78225 -0.62297 0.00000 2784997.27100 0.62297 -0.78225 0.00000 2929043.54556 0.00000 0.00000 1.00000 -0.00000
1566534867487141 -0.78253 -0.62261 0.00000 2783659.43663 0.62261 -0.78253 0.00000 2930312.94401 0.00000 0.00000 1.00000 -0.00000
1566534867736404 -0.78322 -0.62174 0.00000 2780397.48481 0.62174 -0.78322 0.00000 2933406.08181 0.00000 0.00000 1.00000 -0.00000
1566534867985909 -0.78379 -0.62102 0.00000 2777712.12726 0.62102 -0.78379 0.00000 2935946.85180 0.00000 0.00000 1.00000 -0.00000
1566534868234810 -0.78436 -0.62031 0.00000 2775025.16561 0.62031 -0.78436 0.00000 2938484.42814 0.00000 0.00000 1.00000 -0.00000
1566534868484705 -0.78468 -0.61990 0.00000 2773495.99215 0.61990 -0.78468 0.00000 2939925.47926 0.00000 0.00000 1.00000 -0.00000
1566534868734015 -0.78462 -0.61997 0.00000 2773764.79586 0.61997 -0.78462 0.00000 2939669.52490 0.00000 0.00000 1.00000 -0.00000
1566534868983709 -0.78406 -0.62069 0.00000 2776446.39322 0.62069 -0.78406 0.00000 2937134.56359 0.00000 0.00000 1.00000 -0.00000
1566534869233451 -0.78349 -0.62140 0.00000 2779108.76348 0.62140 -0.78349 0.00000 2934613.12177 0.00000 0.00000 1.00000 -0.00000
1566534869483239 -0.78305 -0.62196 0.00000 2781208.34794 0.62196 -0.78305 0.00000 2932620.88125 0.00000 0.00000 1.00000 -0.00000
1566534869732399 -0.78253 -0.62261 0.00000 2783640.12252 0.62261 -0.78253 0.00000 2930310.22107 0.00000 0.00000 1.00000 -0.00000
1566534869982463 -0.78204 -0.62322 0.00000 2785925.58460 0.62322 -0.78204 0.00000 2928134.88405 0.00000 0.00000 1.00000 -0.00000
1566534870231552 -0.78231 -0.62288 0.00000 2784655.46410 0.62288 -0.78231 0.00000 2929340.20849 0.00000 0.00000 1.00000 -0.00000
1566534870480170 -0.78257 -0.62256 0.00000 2783438.95581 0.62256 -0.78257 0.00000 2930493.55851 0.00000 0.00000 1.00000 -0.00000
1566534870729495 -0.78282 -0.62225 0.00000 2782274.11455 0.62225 -0.78282 0.00000 2931596.89193 0.00000 0.00000 1.00000 -0.00000
1566534870978011 -0.78315 -0.62183 0.00000 2780717.66526 0.62183 -0.78315 0.00000 2933070.64424 0.00000 0.00000 1.00000 -0.00000
1566534871227215 -0.78339 -0.62153 0.00000 2779579.50248 0.62153 -0.78339 0.00000 2934146.59462 0.00000 0.00000 1.00000 -0.00000
1566534871477001 -0.78340 -0.62151 0.00000 2779509.92338 0.62151 -0.78340 0.00000 2934209.80148 0.00000 0.00000 1.00000 -0.00000
1566534871725757 -0.78355 -0.62133 0.00000 2778809.09962 0.62133 -0.78355 0.00000 2934870.80435 0.00000 0.00000 1.00000 -0.00000
1566534871974965 -0.78355 -0.62133 0.00000 2778799.26611 0.62133 -0.78355 0.00000 2934877.37032 0.00000 0.00000 1.00000 -0.00000
1566534872224015 -0.78389 -0.62090 0.00000 2777220.36356 0.62090 -0.78389 0.00000 2936368.73682 0.00000 0.00000 1.00000 -0.00000
1566534872473873 -0.78356 -0.62131 0.00000 2778751.22490 0.62131 -0.78356 0.00000 2934917.29511 0.00000 0.00000 1.00000 -0.00000
1566534872723581 -0.78382 -0.62099 0.00000 2777547.67665 0.62099 -0.78382 0.00000 2936053.50928 0.00000 0.00000 1.00000 -0.00000
1566534872973314 -0.78387 -0.62092 0.00000 2777265.21911 0.62092 -0.78387 0.00000 2936317.85019 0.00000 0.00000 1.00000 -0.00000
1566534873224470 -0.78417 -0.62054 0.00000 2775850.29096 0.62054 -0.78417 0.00000 2937652.60991 0.00000 0.00000 1.00000 -0.00000
1566534873473136 -0.78444 -0.62021 0.00000 2774587.92171 0.62021 -0.78444 0.00000 2938842.05669 0.00000 0.00000 1.00000 -0.00000
1566534873722477 -0.78464 -0.61996 0.00000 2773649.40802 0.61996 -0.78464 0.00000 2939724.89776 0.00000 0.00000 1.00000 -0.00000
1566534873971933 -0.78475 -0.61981 0.00000 2773113.59392 0.61981 -0.78475 0.00000 2940227.40906 0.00000 0.00000 1.00000 -0.00000
1566534874220970 -0.78491 -0.61961 0.00000 2772329.30532 0.61961 -0.78491 0.00000 2940963.98877 0.00000 0.00000 1.00000 -0.00000
1566534874470191 -0.78496 -0.61955 0.00000 2772120.84069 0.61955 -0.78496 0.00000 2941157.53747 0.00000 0.00000 1.00000 -0.00000
1566534874720128 -0.78482 -0.61972 0.00000 2772746.83512 0.61972 -0.78482 0.00000 2940564.38471 0.00000 0.00000 1.00000 -0.00000
1566534874969566 -0.78489 -0.61964 0.00000 2772433.98006 0.61964 -0.78489 0.00000 2940856.36177 0.00000 0.00000 1.00000 -0.00000
1566534875218376 -0.78494 -0.61958 0.00000 2772206.05430 0.61958 -0.78494 0.00000 2941068.26505 0.00000 0.00000 1.00000 -0.00000
1566534875467677 -0.78516 -0.61930 0.00000 2771150.65768 0.61930 -0.78516 0.00000 2942059.76070 0.00000 0.00000 1.00000 -0.00000
1566534875716795 -0.78538 -0.61902 0.00000 2770110.97507 0.61902 -0.78538 0.00000 2943035.73457 0.00000 0.00000 1.00000 -0.00000
1566534875965592 -0.78560 -0.61873 0.00000 2769020.66937 0.61873 -0.78560 0.00000 2944058.66009 0.00000 0.00000 1.00000 -0.00000
1566534876215303 -0.78574 -0.61855 0.00000 2768361.68158 0.61855 -0.78574 0.00000 2944675.40513 0.00000 0.00000 1.00000 -0.00000
1566534876464019 -0.78597 -0.61826 0.00000 2767269.00693 0.61826 -0.78597 0.00000 2945699.36524 0.00000 0.00000 1.00000 -0.00000
1566534876712883 -0.78606 -0.61815 0.00000 2766845.88118 0.61815 -0.78606 0.00000 2946093.87394 0.00000 0.00000 1.00000 -0.00000
1566534876962261 -0.78593 -0.61831 0.00000 2767437.32193 0.61831 -0.78593 0.00000 2945535.38119 0.00000 0.00000 1.00000 -0.00000
1566534877211637 -0.78607 -0.61813 0.00000 2766775.33337 0.61813 -0.78607 0.00000 2946154.28648 0.00000 0.00000 1.00000 -0.00000
1566534877460793 -0.78594 -0.61830 0.00000 2767393.02094 0.61830 -0.78594 0.00000 2945571.17447 0.00000 0.00000 1.00000 -0.00000
1566534877710001 -0.78604 -0.61818 0.00000 2766932.59070 0.61818 -0.78604 0.00000 2946000.74692 0.00000 0.00000 1.00000 -0.00000
1566534877958828 -0.78598 -0.61825 0.00000 2767202.97524 0.61825 -0.78598 0.00000 2945743.84979 0.00000 0.00000 1.00000 -0.00000
1566534878208458 -0.78608 -0.61813 0.00000 2766748.96270 0.61813 -0.78608 0.00000 2946167.35753 0.00000 0.00000 1.00000 -0.00000
1566534878457636 -0.78614 -0.61805 0.00000 2766434.18833 0.61805 -0.78614 0.00000 2946460.01305 0.00000 0.00000 1.00000 -0.00000
1566534878706716 -0.78615 -0.61803 0.00000 2766369.72907 0.61803 -0.78615 0.00000 2946517.59899 0.00000 0.00000 1.00000 -0.00000
1566534878956087 -0.78638 -0.61775 0.00000 2765308.84537 0.61775 -0.78638 0.00000 2947510.33226 0.00000 0.00000 1.00000 -0.00000
1566534879204976 -0.78664 -0.61741 0.00000 2764022.66286 0.61741 -0.78664 0.00000 2948713.57134 0.00000 0.00000 1.00000 -0.00000
1566534879454516 -0.78694 -0.61703 0.00000 2762626.25121 0.61703 -0.78694 0.00000 2950018.97402 0.00000 0.00000 1.00000 -0.00000
1566534879703646 -0.78697 -0.61699 0.00000 2762453.99964 0.61699 -0.78697 0.00000 2950177.31955 0.00000 0.00000 1.00000 -0.00000
1566534879953316 -0.78693 -0.61704 0.00000 2762627.29550 0.61704 -0.78693 0.00000 2950012.06980 0.00000 0.00000 1.00000 -0.00000
1566534880202245 -0.78675 -0.61727 0.00000 2763498.67763 0.61727 -0.78675 0.00000 2949192.82912 0.00000 0.00000 1.00000 -0.00000
1566534880451516 -0.78678 -0.61724 0.00000 2763379.89376 0.61724 -0.78678 0.00000 2949301.13303 0.00000 0.00000 1.00000 -0.00000
1566534880702586 -0.78668 -0.61736 0.00000 2763845.18885 0.61736 -0.78668 0.00000 2948862.03610 0.00000 0.00000 1.00000 -0.00000
1566534880949771 -0.78671 -0.61733 0.00000 2763709.07617 0.61733 -0.78671 0.00000 2948986.57771 0.00000 0.00000 1.00000 -0.00000
1566534881199227 -0.78667 -0.61738 0.00000 2763889.22212 0.61738 -0.78667 0.00000 2948814.68385 0.00000 0.00000 1.00000 -0.00000
1566534881447827 -0.78659 -0.61748 0.00000 2764275.75586 0.61748 -0.78659 0.00000 2948449.27888 0.00000 0.00000 1.00000 -0.00000
1566534881697066 -0.78654 -0.61754 0.00000 2764511.21746 0.61754 -0.78654 0.00000 2948225.38952 0.00000 0.00000 1.00000 -0.00000
1566534881946684 -0.78660 -0.61746 0.00000 2764198.87712 0.61746 -0.78660 0.00000 2948515.10567 0.00000 0.00000 1.00000 -0.00000
1566534882195163 -0.78667 -0.61737 0.00000 2763847.96955 0.61737 -0.78667 0.00000 2948840.92761 0.00000 0.00000 1.00000 -0.00000
1566534882444049 -0.78665 -0.61740 0.00000 2763943.04840 0.61740 -0.78665 0.00000 2948748.67760 0.00000 0.00000 1.00000 -0.00000
1566534882693647 -0.78676 -0.61726 0.00000 2763413.92436 0.61726 -0.78676 0.00000 2949241.35211 0.00000 0.00000 1.00000 -0.00000
1566534882943533 -0.78670 -0.61734 0.00000 2763721.56694 0.61734 -0.78670 0.00000 2948949.85840 0.00000 0.00000 1.00000 -0.00000
1566534883192499 -0.78673 -0.61730 0.00000 2763562.29768 0.61730 -0.78673 0.00000 2949095.93307 0.00000 0.00000 1.00000 -0.00000
1566534883441333 -0.78663 -0.61742 0.00000 2764019.08544 0.61742 -0.78663 0.00000 2948664.61728 0.00000 0.00000 1.00000 -0.00000
1566534883690568 -0.78656 -0.61752 0.00000 2764374.75994 0.61752 -0.78656 0.00000 2948327.90599 0.00000 0.00000 1.00000 -0.00000
1566534883941597 -0.78634 -0.61780 0.00000 2765433.99823 0.61780 -0.78634 0.00000 2947331.11044 0.00000 0.00000 1.00000 -0.00000
1566534884188760 -0.78632 -0.61782 0.00000 2765501.25094 0.61782 -0.78632 0.00000 2947264.77964 0.00000 0.00000 1.00000 -0.00000
1566534884438185 -0.78624 -0.61792 0.00000 2765890.65616 0.61792 -0.78624 0.00000 2946896.06986 0.00000 0.00000 1.00000 -0.00000
1566534884687263 -0.78639 -0.61773 0.00000 2765147.12315 0.61773 -0.78639 0.00000 2947590.44662 0.00000 0.00000 1.00000 -0.00000
1566534884936602 -0.78647 -0.61763 0.00000 2764795.62976 0.61763 -0.78647 0.00000 2947916.86255 0.00000 0.00000 1.00000 -0.00000
1566534885185444 -0.78658 -0.61749 0.00000 2764264.96219 0.61749 -0.78658 0.00000 2948411.24243 0.00000 0.00000 1.00000 -0.00000
1566534885434619 -0.78677 -0.61724 0.00000 2763333.21619 0.61724 -0.78677 0.00000 2949281.28082 0.00000 0.00000 1.00000 -0.00000
1566534885683740 -0.78666 -0.61739 0.00000 2763867.29596 0.61739 -0.78666 0.00000 2948777.49117 0.00000 0.00000 1.00000 -0.00000
1566534885933479 -0.78543 -0.61894 0.00000 2769699.86839 0.61894 -0.78543 0.00000 2943296.51978 0.00000 0.00000 1.00000 -0.00000
1566534886183054 -0.78398 -0.62079 0.00000 2776610.68229 0.62079 -0.78398 0.00000 2936774.69254 0.00000 0.00000 1.00000 -0.00000
1566534886432343 -0.78256 -0.62257 0.00000 2783285.84946 0.62257 -0.78256 0.00000 2930445.87366 0.00000 0.00000 1.00000 -0.00000
1566534886680132 -0.78123 -0.62424 0.00000 2789516.21126 0.62424 -0.78123 0.00000 2924512.40067 0.00000 0.00000 1.00000 -0.00000
1566534886928826 -0.77999 -0.62579 0.00000 2795305.03510 0.62579 -0.77999 0.00000 2918976.45656 0.00000 0.00000 1.00000 -0.00000
1566534887178807 -0.77855 -0.62758 0.00000 2802010.29910 0.62758 -0.77855 0.00000 2912537.12495 0.00000 0.00000 1.00000 -0.00000
1566534887428454 -0.77692 -0.62960 0.00000 2809562.59248 0.62960 -0.77692 0.00000 2905249.17034 0.00000 0.00000 1.00000 -0.00000
1566534887677774 -0.77564 -0.63117 0.00000 2815441.45736 0.63117 -0.77564 0.00000 2899548.98410 0.00000 0.00000 1.00000 -0.00000
1566534887926746 -0.77454 -0.63253 0.00000 2820509.87172 0.63253 -0.77454 0.00000 2894615.57883 0.00000 0.00000 1.00000 -0.00000
1566534888175567 -0.77301 -0.63439 0.00000 2827470.09802 0.63439 -0.77301 0.00000 2887813.84865 0.00000 0.00000 1.00000 -0.00000
1566534888425229 -0.77075 -0.63714 0.00000 2837720.53202 0.63714 -0.77075 0.00000 2877738.49221 0.00000 0.00000 1.00000 -0.00000
1566534888673877 -0.76855 -0.63979 0.00000 2847620.48045 0.63979 -0.76855 0.00000 2867939.11934 0.00000 0.00000 1.00000 -0.00000
1566534888923052 -0.76642 -0.64234 0.00000 2857140.28088 0.64234 -0.76642 0.00000 2858451.89805 0.00000 0.00000 1.00000 -0.00000
1566534889172520 -0.76361 -0.64568 0.00000 2869563.89175 0.64568 -0.76361 0.00000 2845976.41565 0.00000 0.00000 1.00000 -0.00000
1566534889421555 -0.76076 -0.64903 0.00000 2882061.96743 0.64903 -0.76076 0.00000 2833315.80184 0.00000 0.00000 1.00000 -0.00000
1566534889670030 -0.75786 -0.65242 0.00000 2894670.25720 0.65242 -0.75786 0.00000 2820429.83762 0.00000 0.00000 1.00000 -0.00000
1566534889918573 -0.75497 -0.65576 0.00000 2907079.07972 0.65576 -0.75497 0.00000 2807634.66734 0.00000 0.00000 1.00000 -0.00000
1566534890167889 -0.75193 -0.65924 0.00000 2920014.13939 0.65924 -0.75193 0.00000 2794176.01473 0.00000 0.00000 1.00000 -0.00000
1566534890417724 -0.74884 -0.66275 0.00000 2933055.34333 0.66275 -0.74884 0.00000 2780480.08818 0.00000 0.00000 1.00000 -0.00000
1566534890667138 -0.74569 -0.66629 0.00000 2946192.78342 0.66629 -0.74569 0.00000 2766552.38658 0.00000 0.00000 1.00000 -0.00000
1566534890916262 -0.74295 -0.66935 0.00000 2957531.58523 0.66935 -0.74295 0.00000 2754424.05780 0.00000 0.00000 1.00000 -0.00000
1566534891165376 -0.74212 -0.67026 0.00000 2960920.70624 0.67026 -0.74212 0.00000 2750777.11482 0.00000 0.00000 1.00000 -0.00000
1566534891414888 -0.74528 -0.66675 0.00000 2947879.58206 0.66675 -0.74528 0.00000 2764744.74483 0.00000 0.00000 1.00000 -0.00000
1566534891664013 -0.74852 -0.66311 0.00000 2934397.63561 0.66311 -0.74852 0.00000 2779046.54518 0.00000 0.00000 1.00000 -0.00000
1566534891913030 -0.75182 -0.65937 0.00000 2920487.33201 0.65937 -0.75182 0.00000 2793657.98131 0.00000 0.00000 1.00000 -0.00000
1566534892162135 -0.75546 -0.65520 0.00000 2904980.16645 0.65520 -0.75546 0.00000 2809776.45510 0.00000 0.00000 1.00000 -0.00000
1566534892412280 -0.75948 -0.65053 0.00000 2887607.87764 0.65053 -0.75948 0.00000 2827623.86877 0.00000 0.00000 1.00000 -0.00000
1566534892661246 -0.76411 -0.64509 0.00000 2867321.17514 0.64509 -0.76411 0.00000 2848190.31529 0.00000 0.00000 1.00000 -0.00000
1566534892910151 -0.76872 -0.63959 0.00000 2846799.98287 0.63959 -0.76872 0.00000 2868698.62238 0.00000 0.00000 1.00000 -0.00000
1566534893160867 -0.77320 -0.63416 0.00000 2826533.76301 0.63416 -0.77320 0.00000 2888666.17408 0.00000 0.00000 1.00000 -0.00000
1566534893409187 -0.77716 -0.62931 0.00000 2808389.25086 0.62931 -0.77716 0.00000 2906306.80723 0.00000 0.00000 1.00000 -0.00000
1566534893658569 -0.77888 -0.62718 0.00000 2800423.30008 0.62718 -0.77888 0.00000 2913980.65104 0.00000 0.00000 1.00000 -0.00000
1566534893907395 -0.77894 -0.62710 0.00000 2800123.65783 0.62710 -0.77894 0.00000 2914266.00041 0.00000 0.00000 1.00000 -0.00000
1566534894156505 -0.77868 -0.62742 0.00000 2801320.74974 0.62742 -0.77868 0.00000 2913112.81728 0.00000 0.00000 1.00000 -0.00000
1566534894405082 -0.77985 -0.62596 0.00000 2795878.67947 0.62596 -0.77985 0.00000 2918333.87194 0.00000 0.00000 1.00000 -0.00000
1566534894653922 -0.78109 -0.62442 0.00000 2790107.49180 0.62442 -0.78109 0.00000 2923849.66182 0.00000 0.00000 1.00000 -0.00000
1566534894902940 -0.78196 -0.62333 0.00000 2786004.98725 0.62333 -0.78196 0.00000 2927756.81374 0.00000 0.00000 1.00000 -0.00000
1566534895151939 -0.78230 -0.62290 0.00000 2784409.53086 0.62290 -0.78230 0.00000 2929272.08652 0.00000 0.00000 1.00000 -0.00000
1566534895400620 -0.78200 -0.62328 0.00000 2785828.29885 0.62328 -0.78200 0.00000 2927920.82251 0.00000 0.00000 1.00000 -0.00000
1566534895649408 -0.78150 -0.62390 0.00000 2788158.40204 0.62390 -0.78150 0.00000 2925700.11676 0.00000 0.00000 1.00000 -0.00000
1566534895898799 -0.78116 -0.62434 0.00000 2789767.31406 0.62434 -0.78116 0.00000 2924164.17132 0.00000 0.00000 1.00000 -0.00000
1566534896147680 -0.78089 -0.62467 0.00000 2791006.60504 0.62467 -0.78089 0.00000 2922979.59747 0.00000 0.00000 1.00000 -0.00000
1566534896396057 -0.78051 -0.62515 0.00000 2792797.47914 0.62515 -0.78051 0.00000 2921266.89053 0.00000 0.00000 1.00000 -0.00000
1566534896644789 -0.78044 -0.62523 0.00000 2793125.90600 0.62523 -0.78044 0.00000 2920951.31029 0.00000 0.00000 1.00000 -0.00000
1566534896893756 -0.78039 -0.62529 0.00000 2793338.92563 0.62529 -0.78039 0.00000 2920746.10475 0.00000 0.00000 1.00000 -0.00000
1566534897143145 -0.78028 -0.62543 0.00000 2793875.27558 0.62543 -0.78028 0.00000 2920231.64071 0.00000 0.00000 1.00000 -0.00000
1566534897392682 -0.77999 -0.62579 0.00000 2795206.91955 0.62579 -0.77999 0.00000 2918955.71117 0.00000 0.00000 1.00000 -0.00000
1566534897641135 -0.77983 -0.62599 0.00000 2795958.81538 0.62599 -0.77983 0.00000 2918234.29810 0.00000 0.00000 1.00000 -0.00000
1566534897890859 -0.77954 -0.62635 0.00000 2797293.39744 0.62635 -0.77954 0.00000 2916953.94995 0.00000 0.00000 1.00000 -0.00000
1566534898139948 -0.77949 -0.62641 0.00000 2797519.10256 0.62641 -0.77949 0.00000 2916736.50993 0.00000 0.00000 1.00000 -0.00000
1566534898388619 -0.77952 -0.62638 0.00000 2797392.15014 0.62638 -0.77952 0.00000 2916857.40109 0.00000 0.00000 1.00000 -0.00000
1566534898637521 -0.77943 -0.62649 0.00000 2797807.89666 0.62649 -0.77943 0.00000 2916457.86828 0.00000 0.00000 1.00000 -0.00000
1566534898886533 -0.77938 -0.62655 0.00000 2798027.72028 0.62655 -0.77938 0.00000 2916246.32549 0.00000 0.00000 1.00000 -0.00000
1566534899135073 -0.77950 -0.62641 0.00000 2797501.25493 0.62641 -0.77950 0.00000 2916750.82410 0.00000 0.00000 1.00000 -0.00000
1566534899384473 -0.77953 -0.62637 0.00000 2797367.71877 0.62637 -0.77953 0.00000 2916878.45564 0.00000 0.00000 1.00000 -0.00000
1566534899633256 -0.77932 -0.62662 0.00000 2798319.21417 0.62662 -0.77932 0.00000 2915965.29866 0.00000 0.00000 1.00000 -0.00000
1566534899882069 -0.77943 -0.62649 0.00000 2797820.68086 0.62649 -0.77943 0.00000 2916443.37836 0.00000 0.00000 1.00000 -0.00000
1566534900130983 -0.77937 -0.62657 0.00000 2798114.63903 0.62657 -0.77937 0.00000 2916161.18724 0.00000 0.00000 1.00000 -0.00000
1566534900380060 -0.77934 -0.62660 0.00000 2798224.92670 0.62660 -0.77934 0.00000 2916055.26405 0.00000 0.00000 1.00000 -0.00000
1566534900629605 -0.77934 -0.62660 0.00000 2798224.82605 0.62660 -0.77934 0.00000 2916055.29787 0.00000 0.00000 1.00000 -0.00000
1566534900878655 -0.77933 -0.62662 0.00000 2798285.30898 0.62662 -0.77933 0.00000 2915997.21955 0.00000 0.00000 1.00000 -0.00000
1566534901127949 -0.77932 -0.62663 0.00000 2798341.56273 0.62663 -0.77932 0.00000 2915943.22681 0.00000 0.00000 1.00000 -0.00000
1566534901377438 -0.77930 -0.62665 0.00000 2798408.35248 0.62665 -0.77930 0.00000 2915879.13040 0.00000 0.00000 1.00000 -0.00000
1566534901626375 -0.77930 -0.62665 0.00000 2798421.82254 0.62665 -0.77930 0.00000 2915866.20308 0.00000 0.00000 1.00000 -0.00000
1566534901875799 -0.77930 -0.62666 0.00000 2798435.31891 0.62666 -0.77930 0.00000 2915853.25039 0.00000 0.00000 1.00000 -0.00000
1566534902125576 -0.77929 -0.62666 0.00000 2798448.83433 0.62666 -0.77929 0.00000 2915840.27930 0.00000 0.00000 1.00000 -0.00000
1566534902374818 -0.77929 -0.62666 0.00000 2798462.32077 0.62666 -0.77929 0.00000 2915827.33591 0.00000 0.00000 1.00000 -0.00000
1566534902623662 -0.77929 -0.62667 0.00000 2798475.78557 0.62667 -0.77929 0.00000 2915814.41315 0.00000 0.00000 1.00000 -0.00000
1566534902873394 -0.77928 -0.62667 0.00000 2798489.29836 0.62667 -0.77928 0.00000 2915801.44423 0.00000 0.00000 1.00000 -0.00000
1566534903122416 -0.77928 -0.62667 0.00000 2798502.77270 0.62667 -0.77928 0.00000 2915788.51208 0.00000 0.00000 1.00000 -0.00000
1566534903371955 -0.77928 -0.62668 0.00000 2798516.27490 0.62668 -0.77928 0.00000 2915775.55308 0.00000 0.00000 1.00000 -0.00000
1566534903621523 -0.77928 -0.62668 0.00000 2798529.77865 0.62668 -0.77928 0.00000 2915762.59247 0.00000 0.00000 1.00000 -0.00000
1566534903870848 -0.77927 -0.62668 0.00000 2798543.26919 0.62668 -0.77927 0.00000 2915749.64442 0.00000 0.00000 1.00000 -0.00000
1566534904120597 -0.77927 -0.62669 0.00000 2798546.83577 0.62669 -0.77927 0.00000 2915746.22126 0.00000 0.00000 1.00000 -0.00000
1566534904369977 -0.77927 -0.62668 0.00000 2798542.72344 0.62668 -0.77927 0.00000 2915750.16830 0.00000 0.00000 1.00000 -0.00000
1566534904618721 -0.77927 -0.62668 0.00000 2798538.62158 0.62668 -0.77927 0.00000 2915754.10527 0.00000 0.00000 1.00000 -0.00000
1566534904867876 -0.77927 -0.62668 0.00000 2798534.51295 0.62668 -0.77927 0.00000 2915758.04873 0.00000 0.00000 1.00000 -0.00000
1566534905117747 -0.77928 -0.62668 0.00000 2798530.39251 0.62668 -0.77928 0.00000 2915762.00352 0.00000 0.00000 1.00000 -0.00000
1566534905367132 -0.77928 -0.62668 0.00000 2798526.28007 0.62668 -0.77928 0.00000 2915765.95062 0.00000 0.00000 1.00000 -0.00000
1566534905616499 -0.77928 -0.62668 0.00000 2798522.16792 0.62668 -0.77928 0.00000 2915769.89742 0.00000 0.00000 1.00000 -0.00000
1566534905865421 -0.77928 -0.62668 0.00000 2798518.06313 0.62668 -0.77928 0.00000 2915773.83715 0.00000 0.00000 1.00000 -0.00000
1566534906122829 -0.77928 -0.62668 0.00000 2798513.81837 0.62668 -0.77928 0.00000 2915777.91121 0.00000 0.00000 1.00000 -0.00000
1566534906364067 -0.77928 -0.62668 0.00000 2798509.84026 0.62668 -0.77928 0.00000 2915781.72933 0.00000 0.00000 1.00000 -0.00000
1566534906613237 -0.77928 -0.62667 0.00000 2798505.73134 0.62667 -0.77928 0.00000 2915785.67300 0.00000 0.00000 1.00000 -0.00000
1566534906862995 -0.77928 -0.62667 0.00000 2798501.61272 0.62667 -0.77928 0.00000 2915789.62595 0.00000 0.00000 1.00000 -0.00000
1566534907112614 -0.77928 -0.62667 0.00000 2798497.49638 0.62667 -0.77928 0.00000 2915793.57671 0.00000 0.00000 1.00000 -0.00000
1566534907361511 -0.77928 -0.62667 0.00000 2798493.39195 0.62667 -0.77928 0.00000 2915797.51603 0.00000 0.00000 1.00000 -0.00000
1566534907610728 -0.77928 -0.62667 0.00000 2798489.28224 0.62667 -0.77928 0.00000 2915801.46041 0.00000 0.00000 1.00000 -0.00000
1566534907861136 -0.77928 -0.62667 0.00000 2798491.93701 0.62667 -0.77928 0.00000 2915798.91252 0.00000 0.00000 1.00000 -0.00000
1566534908110500 -0.77928 -0.62667 0.00000 2798501.76816 0.62667 -0.77928 0.00000 2915789.47700 0.00000 0.00000 1.00000 -0.00000
1566534908358966 -0.77928 -0.62668 0.00000 2798511.56388 0.62668 -0.77928 0.00000 2915780.07543 0.00000 0.00000 1.00000 -0.00000
1566534908608218 -0.77928 -0.62668 0.00000 2798521.39055 0.62668 -0.77928 0.00000 2915770.64407 0.00000 0.00000 1.00000 -0.00000
1566534908857281 -0.77928 -0.62668 0.00000 2798531.20971 0.62668 -0.77928 0.00000 2915761.21988 0.00000 0.00000 1.00000 -0.00000
1566534909107207 -0.77927 -0.62668 0.00000 2798541.06290 0.62668 -0.77927 0.00000 2915751.76294 0.00000 0.00000 1.00000 -0.00000
1566534909356016 -0.77927 -0.62669 0.00000 2798550.87200 0.62669 -0.77927 0.00000 2915742.34828 0.00000 0.00000 1.00000 -0.00000
1566534909605194 -0.77927 -0.62669 0.00000 2798560.69561 0.62669 -0.77927 0.00000 2915732.91961 0.00000 0.00000 1.00000 -0.00000
1566534909854903 -0.77927 -0.62669 0.00000 2798570.54014 0.62669 -0.77927 0.00000 2915723.47080 0.00000 0.00000 1.00000 -0.00000
1566534910104108 -0.77926 -0.62669 0.00000 2798580.36476 0.62669 -0.77926 0.00000 2915714.04105 0.00000 0.00000 1.00000 -0.00000
1566534910353552 -0.77926 -0.62670 0.00000 2798590.19879 0.62670 -0.77926 0.00000 2915704.60219 0.00000 0.00000 1.00000 -0.00000
1566534910602761 -0.77926 -0.62671 0.00000 2798623.76491 0.62671 -0.77926 0.00000 2915672.38406 0.00000 0.00000 1.00000 -0.00000
1566534910852072 -0.77925 -0.62672 0.00000 2798659.00056 0.62672 -0.77925 0.00000 2915638.56265 0.00000 0.00000 1.00000 -0.00000
1566534911101054 -0.77924 -0.62673 0.00000 2798694.18916 0.62673 -0.77924 0.00000 2915604.78557 0.00000 0.00000 1.00000 -0.00000
1566534911350689 -0.77923 -0.62673 0.00000 2798729.46968 0.62673 -0.77923 0.00000 2915570.91945 0.00000 0.00000 1.00000 -0.00000
1566534911599499 -0.77923 -0.62674 0.00000 2798764.63324 0.62674 -0.77923 0.00000 2915537.16478 0.00000 0.00000 1.00000 -0.00000
1566534911849090 -0.77922 -0.62675 0.00000 2798799.90664 0.62675 -0.77922 0.00000 2915503.30385 0.00000 0.00000 1.00000 -0.00000
1566534912098353 -0.77921 -0.62676 0.00000 2798835.13344 0.62676 -0.77921 0.00000 2915469.48684 0.00000 0.00000 1.00000 -0.00000
1566534912348008 -0.77920 -0.62677 0.00000 2798870.41505 0.62677 -0.77920 0.00000 2915435.61639 0.00000 0.00000 1.00000 -0.00000
1566534912597489 -0.77919 -0.62678 0.00000 2798905.67183 0.62678 -0.77919 0.00000 2915401.76897 0.00000 0.00000 1.00000 -0.00000
1566534912846984 -0.77919 -0.62679 0.00000 2798940.93015 0.62679 -0.77919 0.00000 2915367.91924 0.00000 0.00000 1.00000 -0.00000
1566534913096292 -0.77918 -0.62680 0.00000 2798976.16148 0.62680 -0.77918 0.00000 2915334.09461 0.00000 0.00000 1.00000 -0.00000
1566534913345198 -0.77917 -0.62681 0.00000 2799011.33573 0.62681 -0.77917 0.00000 2915300.32396 0.00000 0.00000 1.00000 -0.00000
1566534913594876 -0.77917 -0.62682 0.00000 2799030.85733 0.62682 -0.77917 0.00000 2915281.58104 0.00000 0.00000 1.00000 -0.00000
1566534913843939 -0.77917 -0.62682 0.00000 2799040.76262 0.62682 -0.77917 0.00000 2915272.07079 0.00000 0.00000 1.00000 -0.00000
1566534914093372 -0.77916 -0.62682 0.00000 2799050.68261 0.62682 -0.77916 0.00000 2915262.54637 0.00000 0.00000 1.00000 -0.00000
1566534914342878 -0.77916 -0.62682 0.00000 2799060.60548 0.62682 -0.77916 0.00000 2915253.01913 0.00000 0.00000 1.00000 -0.00000
1566534914592104 -0.77916 -0.62683 0.00000 2799070.51720 0.62683 -0.77916 0.00000 2915243.50252 0.00000 0.00000 1.00000 -0.00000
1566534914841018 -0.77916 -0.62683 0.00000 2799080.41645 0.62683 -0.77916 0.00000 2915233.99781 0.00000 0.00000 1.00000 -0.00000
1566534915090708 -0.77916 -0.62683 0.00000 2799090.34654 0.62683 -0.77916 0.00000 2915224.46344 0.00000 0.00000 1.00000 -0.00000
1566534915340582 -0.77915 -0.62683 0.00000 2799100.28390 0.62683 -0.77915 0.00000 2915214.92202 0.00000 0.00000 1.00000 -0.00000
1566534915588350 -0.77915 -0.62684 0.00000 2799110.13750 0.62684 -0.77915 0.00000 2915205.46095 0.00000 0.00000 1.00000 -0.00000
1566534915837389 -0.77915 -0.62684 0.00000 2799120.04161 0.62684 -0.77915 0.00000 2915195.95133 0.00000 0.00000 1.00000 -0.00000
1566534916086849 -0.77915 -0.62684 0.00000 2799129.96242 0.62684 -0.77915 0.00000 2915186.42560 0.00000 0.00000 1.00000 -0.00000
1566534916336422 -0.77914 -0.62684 0.00000 2799139.88770 0.62684 -0.77914 0.00000 2915176.89553 0.00000 0.00000 1.00000 -0.00000
1566534916585908 -0.77914 -0.62685 0.00000 2799149.80948 0.62685 -0.77914 0.00000 2915167.36873 0.00000 0.00000 1.00000 -0.00000
1566534916835129 -0.77914 -0.62685 0.00000 2799159.72068 0.62685 -0.77914 0.00000 2915157.85204 0.00000 0.00000 1.00000 -0.00000
1566534917084507 -0.77914 -0.62685 0.00000 2799169.63812 0.62685 -0.77914 0.00000 2915148.32930 0.00000 0.00000 1.00000 -0.00000
1566534917333973 -0.77914 -0.62685 0.00000 2799179.55897 0.62685 -0.77914 0.00000 2915138.80321 0.00000 0.00000 1.00000 -0.00000
1566534917583673 -0.77913 -0.62686 0.00000 2799188.56576 0.62686 -0.77913 0.00000 2915130.15470 0.00000 0.00000 1.00000 -0.00000
1566534917832746 -0.77913 -0.62686 0.00000 2799197.06884 0.62686 -0.77913 0.00000 2915121.98979 0.00000 0.00000 1.00000 -0.00000
1566534918082546 -0.77913 -0.62686 0.00000 2799205.59675 0.62686 -0.77913 0.00000 2915113.80099 0.00000 0.00000 1.00000 -0.00000
1566534918332028 -0.77913 -0.62686 0.00000 2799214.11375 0.62686 -0.77913 0.00000 2915105.62262 0.00000 0.00000 1.00000 -0.00000
1566534918581956 -0.77913 -0.62687 0.00000 2799222.64595 0.62687 -0.77913 0.00000 2915097.42960 0.00000 0.00000 1.00000 -0.00000
1566534918830996 -0.77912 -0.62687 0.00000 2799231.14782 0.62687 -0.77912 0.00000 2915089.26566 0.00000 0.00000 1.00000 -0.00000
1566534919080855 -0.77912 -0.62687 0.00000 2799239.67761 0.62687 -0.77912 0.00000 2915081.07486 0.00000 0.00000 1.00000 -0.00000
1566534919330033 -0.77912 -0.62687 0.00000 2799248.18414 0.62687 -0.77912 0.00000 2915072.90635 0.00000 0.00000 1.00000 -0.00000
1566534919579633 -0.77912 -0.62688 0.00000 2799256.70508 0.62688 -0.77912 0.00000 2915064.72396 0.00000 0.00000 1.00000 -0.00000
1566534919829183 -0.77912 -0.62688 0.00000 2799265.22424 0.62688 -0.77912 0.00000 2915056.54322 0.00000 0.00000 1.00000 -0.00000
1566534920078085 -0.77912 -0.62688 0.00000 2799273.72130 0.62688 -0.77912 0.00000 2915048.38366 0.00000 0.00000 1.00000 -0.00000
1566534920327398 -0.77911 -0.62688 0.00000 2799282.23235 0.62688 -0.77911 0.00000 2915040.21062 0.00000 0.00000 1.00000 -0.00000
1566534920576568 -0.77911 -0.62688 0.00000 2799290.73848 0.62688 -0.77911 0.00000 2915032.04226 0.00000 0.00000 1.00000 -0.00000
1566534920826004 -0.77911 -0.62689 0.00000 2799299.25366 0.62689 -0.77911 0.00000 2915023.86516 0.00000 0.00000 1.00000 -0.00000
1566534921075284 -0.77911 -0.62689 0.00000 2799307.76352 0.62689 -0.77911 0.00000 2915015.69312 0.00000 0.00000 1.00000 -0.00000
1566534921324487 -0.77911 -0.62689 0.00000 2799316.27070 0.62689 -0.77911 0.00000 2915007.52360 0.00000 0.00000 1.00000 -0.00000
1566534921573995 -0.77911 -0.62689 0.00000 2799322.11452 0.62689 -0.77911 0.00000 2915001.91178 0.00000 0.00000 1.00000 -0.00000
1566534921822987 -0.77910 -0.62689 0.00000 2799326.79650 0.62689 -0.77910 0.00000 2914997.41571 0.00000 0.00000 1.00000 -0.00000
1566534922072651 -0.77910 -0.62690 0.00000 2799331.49111 0.62690 -0.77910 0.00000 2914992.90749 0.00000 0.00000 1.00000 -0.00000
1566534922321463 -0.77910 -0.62690 0.00000 2799336.16969 0.62690 -0.77910 0.00000 2914988.41465 0.00000 0.00000 1.00000 -0.00000
1566534922571113 -0.77910 -0.62690 0.00000 2799340.86403 0.62690 -0.77910 0.00000 2914983.90667 0.00000 0.00000 1.00000 -0.00000
1566534922821788 -0.77910 -0.62690 0.00000 2799345.57762 0.62690 -0.77910 0.00000 2914979.38018 0.00000 0.00000 1.00000 -0.00000
1566534923071873 -0.77910 -0.62690 0.00000 2799350.28012 0.62690 -0.77910 0.00000 2914974.86433 0.00000 0.00000 1.00000 -0.00000
1566534923322041 -0.77910 -0.62690 0.00000 2799354.98417 0.62690 -0.77910 0.00000 2914970.34698 0.00000 0.00000 1.00000 -0.00000
1566534923572767 -0.77910 -0.62690 0.00000 2799359.69871 0.62690 -0.77910 0.00000 2914965.81953 0.00000 0.00000 1.00000 -0.00000
1566534923822763 -0.77910 -0.62690 0.00000 2799364.39951 0.62690 -0.77910 0.00000 2914961.30527 0.00000 0.00000 1.00000 -0.00000
1566534924073412 -0.77910 -0.62691 0.00000 2799369.11258 0.62691 -0.77910 0.00000 2914956.77920 0.00000 0.00000 1.00000 -0.00000
1566534924324190 -0.77909 -0.62691 0.00000 2799373.82807 0.62691 -0.77909 0.00000 2914952.25081 0.00000 0.00000 1.00000 -0.00000
1566534924574108 -0.77909 -0.62691 0.00000 2799378.52739 0.62691 -0.77909 0.00000 2914947.73792 0.00000 0.00000 1.00000 -0.00000
1566534924824612 -0.77909 -0.62691 0.00000 2799375.78375 0.62691 -0.77909 0.00000 2914950.37293 0.00000 0.00000 1.00000 -0.00000
1566534925074710 -0.77910 -0.62690 0.00000 2799366.66886 0.62690 -0.77910 0.00000 2914959.12656 0.00000 0.00000 1.00000 -0.00000
1566534925325247 -0.77910 -0.62690 0.00000 2799357.53794 0.62690 -0.77910 0.00000 2914967.89553 0.00000 0.00000 1.00000 -0.00000
1566534925575737 -0.77910 -0.62690 0.00000 2799348.40874 0.62690 -0.77910 0.00000 2914976.66281 0.00000 0.00000 1.00000 -0.00000
1566534925826237 -0.77910 -0.62690 0.00000 2799339.27910 0.62690 -0.77910 0.00000 2914985.43043 0.00000 0.00000 1.00000 -0.00000
1566534926076632 -0.77910 -0.62690 0.00000 2799330.15331 0.62690 -0.77910 0.00000 2914994.19432 0.00000 0.00000 1.00000 -0.00000
1566534926327091 -0.77911 -0.62689 0.00000 2799321.02514 0.62689 -0.77911 0.00000 2915002.96043 0.00000 0.00000 1.00000 -0.00000
1566534926577366 -0.77911 -0.62689 0.00000 2799311.90361 0.62689 -0.77911 0.00000 2915011.72011 0.00000 0.00000 1.00000 -0.00000
1566534926827831 -0.77911 -0.62689 0.00000 2799302.77518 0.62689 -0.77911 0.00000 2915020.48636 0.00000 0.00000 1.00000 -0.00000
1566534927078068 -0.77911 -0.62689 0.00000 2799302.39895 0.62689 -0.77911 0.00000 2915020.84772 0.00000 0.00000 1.00000 -0.00000
1566534927329060 -0.77911 -0.62689 0.00000 2799306.27842 0.62689 -0.77911 0.00000 2915017.12226 0.00000 0.00000 1.00000 -0.00000
1566534927578591 -0.77911 -0.62689 0.00000 2799310.13529 0.62689 -0.77911 0.00000 2915013.41850 0.00000 0.00000 1.00000 -0.00000
1566534927829075 -0.77911 -0.62689 0.00000 2799314.00688 0.62689 -0.77911 0.00000 2915009.70059 0.00000 0.00000 1.00000 -0.00000
1566534928080048 -0.77911 -0.62689 0.00000 2799317.88604 0.62689 -0.77911 0.00000 2915005.97541 0.00000 0.00000 1.00000 -0.00000
1566534928330073 -0.77911 -0.62689 0.00000 2799321.75054 0.62689 -0.77911 0.00000 2915002.26429 0.00000 0.00000 1.00000 -0.00000
1566534928580356 -0.77910 -0.62689 0.00000 2799325.61901 0.62689 -0.77910 0.00000 2914998.54935 0.00000 0.00000 1.00000 -0.00000
1566534928830740 -0.77910 -0.62689 0.00000 2799329.14584 0.62689 -0.77910 0.00000 2914995.16243 0.00000 0.00000 1.00000 -0.00000
1566534929081616 -0.77910 -0.62690 0.00000 2799332.31253 0.62690 -0.77910 0.00000 2914992.12128 0.00000 0.00000 1.00000 -0.00000
1566534929332192 -0.77910 -0.62690 0.00000 2799335.47545 0.62690 -0.77910 0.00000 2914989.08376 0.00000 0.00000 1.00000 -0.00000
1566534929582539 -0.77910 -0.62690 0.00000 2799338.63546 0.62690 -0.77910 0.00000 2914986.04902 0.00000 0.00000 1.00000 -0.00000
1566534929832597 -0.77910 -0.62690 0.00000 2799341.79184 0.62690 -0.77910 0.00000 2914983.01776 0.00000 0.00000 1.00000 -0.00000
1566534930082409 -0.77910 -0.62690 0.00000 2799344.94509 0.62690 -0.77910 0.00000 2914979.98950 0.00000 0.00000 1.00000 -0.00000
1566534930332187 -0.77910 -0.62690 0.00000 2799348.09792 0.62690 -0.77910 0.00000 2914976.96164 0.00000 0.00000 1.00000 -0.00000
1566534930582704 -0.77910 -0.62690 0.00000 2799351.26006 0.62690 -0.77910 0.00000 2914973.92482 0.00000 0.00000 1.00000 -0.00000
1566534930833584 -0.77910 -0.62690 0.00000 2799354.42679 0.62690 -0.77910 0.00000 2914970.88359 0.00000 0.00000 1.00000 -0.00000
1566534931084544 -0.77910 -0.62690 0.00000 2799357.59453 0.62690 -0.77910 0.00000 2914967.84139 0.00000 0.00000 1.00000 -0.00000
1566534931334143 -0.77910 -0.62690 0.00000 2799360.74508 0.62690 -0.77910 0.00000 2914964.81569 0.00000 0.00000 1.00000 -0.00000
1566534931584524 -0.77910 -0.62690 0.00000 2799363.90550 0.62690 -0.77910 0.00000 2914961.78051 0.00000 0.00000 1.00000 -0.00000
1566534931835185 -0.77910 -0.62690 0.00000 2799367.06945 0.62690 -0.77910 0.00000 2914958.74192 0.00000 0.00000 1.00000 -0.00000
1566534932085963 -0.77910 -0.62691 0.00000 2799370.23488 0.62691 -0.77910 0.00000 2914955.70191 0.00000 0.00000 1.00000 -0.00000
1566534932336260 -0.77909 -0.62691 0.00000 2799373.39422 0.62691 -0.77909 0.00000 2914952.66774 0.00000 0.00000 1.00000 -0.00000
1566534932586845 -0.77911 -0.62689 0.00000 2799314.32025 0.62689 -0.77911 0.00000 2915009.39273 0.00000 0.00000 1.00000 -0.00000
1566534932837556 -0.77906 -0.62695 0.00000 2799545.86595 0.62695 -0.77906 0.00000 2914786.99231 0.00000 0.00000 1.00000 -0.00000
1566534933087712 -0.77902 -0.62700 0.00000 2799710.96888 0.62700 -0.77902 0.00000 2914628.35579 0.00000 0.00000 1.00000 -0.00000
1566534933338394 -0.77908 -0.62693 0.00000 2799445.91265 0.62693 -0.77908 0.00000 2914882.84733 0.00000 0.00000 1.00000 -0.00000
1566534933590969 -0.77915 -0.62683 0.00000 2799102.69892 0.62683 -0.77915 0.00000 2915212.28274 0.00000 0.00000 1.00000 -0.00000
1566534933841468 -0.77918 -0.62680 0.00000 2798963.49386 0.62680 -0.77918 0.00000 2915345.73279 0.00000 0.00000 1.00000 -0.00000
1566534934091770 -0.77935 -0.62659 0.00000 2798183.62339 0.62659 -0.77935 0.00000 2916093.99842 0.00000 0.00000 1.00000 -0.00000
1566534934342777 -0.77953 -0.62637 0.00000 2797353.97677 0.62637 -0.77953 0.00000 2916889.52605 0.00000 0.00000 1.00000 -0.00000
1566534934593364 -0.77966 -0.62620 0.00000 2796744.31871 0.62620 -0.77966 0.00000 2917473.65330 0.00000 0.00000 1.00000 -0.00000
1566534934843993 -0.77988 -0.62593 0.00000 2795723.40310 0.62593 -0.77988 0.00000 2918451.47263 0.00000 0.00000 1.00000 -0.00000
1566534935094158 -0.78019 -0.62555 0.00000 2794288.07855 0.62555 -0.78019 0.00000 2919825.17191 0.00000 0.00000 1.00000 -0.00000
1566534935347806 -0.78035 -0.62534 0.00000 2793519.53013 0.62534 -0.78035 0.00000 2920559.79911 0.00000 0.00000 1.00000 -0.00000
1566534935595093 -0.78070 -0.62491 0.00000 2791887.12745 0.62491 -0.78070 0.00000 2922119.57167 0.00000 0.00000 1.00000 -0.00000
1566534935845939 -0.78106 -0.62445 0.00000 2790187.90309 0.62445 -0.78106 0.00000 2923741.27801 0.00000 0.00000 1.00000 -0.00000
1566534936096460 -0.78136 -0.62408 0.00000 2788777.04645 0.62408 -0.78136 0.00000 2925086.12202 0.00000 0.00000 1.00000 -0.00000
1566534936347232 -0.78193 -0.62336 0.00000 2786098.81680 0.62336 -0.78193 0.00000 2927636.22136 0.00000 0.00000 1.00000 -0.00000
1566534936597806 -0.78236 -0.62282 0.00000 2784077.84954 0.62282 -0.78236 0.00000 2929557.10212 0.00000 0.00000 1.00000 -0.00000
1566534936847425 -0.78294 -0.62210 0.00000 2781364.03449 0.62210 -0.78294 0.00000 2932132.64861 0.00000 0.00000 1.00000 -0.00000
1566534937097630 -0.78342 -0.62149 0.00000 2779100.88063 0.62149 -0.78342 0.00000 2934276.59876 0.00000 0.00000 1.00000 -0.00000
