1617128628173077 1.00000 0.00000 0.00000 -0.00000 0.00000 -1.00000 0.00000 0.00000 0.00000 -0.00000 -1.00000 0.00000
1617128628423073 1.00000 0.00186 0.00000 0.01717 0.00186 -1.00000 0.00000 -0.06212 0.00000 -0.00000 -1.00000 -0.00000
1617128628673082 1.00000 0.00093 0.00000 0.01193 0.00093 -1.00000 0.00000 -0.06138 0.00000 -0.00000 -1.00000 -0.00000
1617128628922456 1.00000 -0.00090 0.00000 0.04011 -0.00090 -1.00000 0.00000 -0.07718 -0.00000 -0.00000 -1.00000 -0.00000
1617128629172465 0.99998 -0.00592 0.00000 0.02253 -0.00592 -0.99998 0.00000 -0.02422 -0.00000 -0.00000 -1.00000 -0.00000
1617128629421212 1.00000 -0.00029 0.00000 0.04510 -0.00029 -1.00000 0.00000 -0.06460 -0.00000 -0.00000 -1.00000 -0.00000
1617128629671230 1.00000 0.00122 -0.00000 0.00719 0.00122 -1.00000 0.00000 -0.04192 0.00000 -0.00000 -1.00000 -0.00000
1617128629921226 1.00000 0.00130 0.00000 0.01323 0.00130 -1.00000 0.00000 -0.07649 0.00000 -0.00000 -1.00000 -0.00000
1617128630171859 1.00000 0.00003 0.00000 -0.00062 0.00003 -1.00000 0.00000 0.00390 0.00000 -0.00000 -1.00000 0.00000
1617128630421859 1.00000 0.00119 0.00000 0.01503 0.00119 -1.00000 0.00000 -0.05277 0.00000 -0.00000 -1.00000 -0.00000
1617128630672489 1.00000 0.00109 0.00000 0.00874 0.00109 -1.00000 0.00000 -0.01572 0.00000 -0.00000 -1.00000 -0.00000
1617128630922489 1.00000 0.00089 0.00000 0.00980 0.00089 -1.00000 0.00000 -0.01876 0.00000 -0.00000 -1.00000 -0.00000
1617128631173121 1.00000 -0.00012 0.00000 0.00221 -0.00012 -1.00000 0.00000 0.01392 -0.00000 -0.00000 -1.00000 0.00000
1617128631423125 1.00000 -0.00130 0.00000 -0.00829 -0.00130 -1.00000 0.00000 -0.03901 -0.00000 -0.00000 -1.00000 -0.00000
1617128631673758 1.00000 -0.00285 0.00000 0.01769 -0.00285 -1.00000 0.00000 -0.02382 -0.00000 -0.00000 -1.00000 -0.00000
1617128631923137 1.00000 -0.00034 0.00000 0.00458 -0.00034 -1.00000 0.00000 -0.02148 -0.00000 -0.00000 -1.00000 -0.00000
1617128632172516 1.00000 0.00137 0.00000 -0.03603 0.00137 -1.00000 0.00000 -0.04494 0.00000 -0.00000 -1.00000 -0.00000
1617128632421891 0.99996 -0.00945 0.00000 -0.07448 -0.00945 -0.99996 0.00000 -0.09332 -0.00000 -0.00000 -1.00000 -0.00000
1617128632671268 0.99999 -0.00364 0.00000 -0.14491 -0.00364 -0.99999 0.00000 -0.06176 -0.00000 -0.00000 -1.00000 -0.00000
1617128632921271 0.99998 -0.00604 0.00000 -0.22970 -0.00604 -0.99998 0.00000 -0.03052 -0.00000 -0.00000 -1.00000 -0.00000
1617128633171283 0.99994 -0.01068 0.00000 -0.32566 -0.01068 -0.99994 0.00000 -0.05004 -0.00000 -0.00000 -1.00000 -0.00000
1617128633421279 0.99996 -0.00871 0.00000 -0.57754 -0.00871 -0.99996 0.00000 -0.05256 -0.00000 -0.00000 -1.00000 -0.00000
1617128633671902 0.99975 -0.02257 -0.00000 -0.83313 -0.02257 -0.99975 0.00000 -0.08495 -0.00000 -0.00000 -1.00000 -0.00000
1617128633921915 0.99955 -0.02987 -0.00000 -1.25567 -0.02987 -0.99955 0.00000 -0.10927 -0.00000 -0.00000 -1.00000 -0.00000
1617128634172544 0.99916 -0.04087 0.00000 -1.82927 -0.04087 -0.99916 0.00000 -0.04828 -0.00000 -0.00000 -1.00000 -0.00000
1617128634422544 0.99900 -0.04477 -0.00000 -2.40831 -0.04477 -0.99900 0.00000 -0.12039 -0.00000 -0.00000 -1.00000 -0.00000
1617128634673171 0.99821 -0.05982 -0.00000 -3.09711 -0.05982 -0.99821 0.00000 -0.00534 -0.00000 -0.00000 -1.00000 -0.00000
1617128634923805 0.99792 -0.06439 0.00000 -3.84491 -0.06439 -0.99792 0.00000 0.08868 -0.00000 -0.00000 -1.00000 0.00000
1617128635173820 0.99746 -0.07119 0.00000 -4.71183 -0.07119 -0.99746 0.00000 0.05680 -0.00000 -0.00000 -1.00000 0.00000
1617128635423188 0.99719 -0.07496 0.00000 -5.65501 -0.07496 -0.99719 0.00000 0.07431 -0.00000 -0.00000 -1.00000 0.00000
1617128635672574 0.99671 -0.08100 0.00000 -6.64460 -0.08100 -0.99671 0.00000 0.09927 -0.00000 -0.00000 -1.00000 0.00000
1617128635921938 0.99693 -0.07830 0.00000 -7.68427 -0.07830 -0.99693 0.00000 0.06910 -0.00000 -0.00000 -1.00000 0.00000
1617128636171953 0.99596 -0.08982 0.00000 -8.74339 -0.08982 -0.99596 0.00000 0.14181 -0.00000 -0.00000 -1.00000 0.00000
1617128636421329 0.99664 -0.08191 0.00000 -9.86250 -0.08191 -0.99664 0.00000 0.04255 -0.00000 -0.00000 -1.00000 0.00000
1617128636671962 0.99598 -0.08961 0.00000 -10.98914 -0.08961 -0.99598 0.00000 0.24838 -0.00000 -0.00000 -1.00000 0.00000
1617128636921956 0.99610 -0.08825 -0.00000 -12.15648 -0.08825 -0.99610 0.00000 0.07866 -0.00000 -0.00000 -1.00000 0.00000
1617128637172585 0.99511 -0.09877 0.00000 -13.51282 -0.09877 -0.99511 0.00000 0.15114 -0.00000 -0.00000 -1.00000 0.00000
1617128637421969 0.99646 -0.08407 0.00000 -14.74402 -0.08407 -0.99646 0.00000 -0.02298 -0.00000 -0.00000 -1.00000 -0.00000
1617128637672605 0.99650 -0.08360 0.00000 -16.09596 -0.08360 -0.99650 0.00000 -0.04748 -0.00000 -0.00000 -1.00000 -0.00000
1617128637923228 0.99668 -0.08140 0.00000 -17.40907 -0.08140 -0.99668 0.00000 -0.05109 -0.00000 -0.00000 -1.00000 -0.00000
1617128638173233 0.99748 -0.07092 0.00000 -18.90979 -0.07092 -0.99748 0.00000 -0.33406 -0.00000 -0.00000 -1.00000 -0.00000
1617128638423230 0.99824 -0.05931 -0.00000 -20.37281 -0.05931 -0.99824 0.00000 -0.60100 -0.00000 -0.00000 -1.00000 -0.00000
1617128638672621 0.99842 -0.05617 0.00000 -21.84120 -0.05617 -0.99842 0.00000 -0.77063 -0.00000 -0.00000 -1.00000 -0.00000
1617128638921991 0.99884 -0.04819 -0.00000 -23.35866 -0.04819 -0.99884 0.00000 -0.94536 -0.00000 -0.00000 -1.00000 -0.00000
1617128639171993 0.99880 -0.04897 0.00000 -24.95927 -0.04897 -0.99880 0.00000 -0.86467 -0.00000 -0.00000 -1.00000 -0.00000
1617128639421375 0.99936 -0.03588 0.00000 -26.59872 -0.03588 -0.99936 0.00000 -1.24209 -0.00000 -0.00000 -1.00000 -0.00000
1617128639671386 0.99950 -0.03171 0.00000 -28.21571 -0.03171 -0.99950 0.00000 -1.44068 -0.00000 -0.00000 -1.00000 -0.00000
1617128639921381 0.99983 -0.01851 0.00000 -29.93831 -0.01851 -0.99983 0.00000 -1.87692 -0.00000 -0.00000 -1.00000 -0.00000
1617128640171391 0.99997 -0.00802 0.00000 -31.55296 -0.00802 -0.99997 0.00000 -2.13544 -0.00000 -0.00000 -1.00000 -0.00000
1617128640421394 0.99998 -0.00693 0.00000 -33.30841 -0.00693 -0.99998 0.00000 -2.22205 -0.00000 -0.00000 -1.00000 -0.00000
1617128640671400 0.99996 0.00897 -0.00000 -35.00170 0.00897 -0.99996 0.00000 -2.80518 0.00000 -0.00000 -1.00000 -0.00000
1617128640921396 0.99987 0.01585 0.00000 -36.74900 0.01585 -0.99987 0.00000 -2.97253 0.00000 -0.00000 -1.00000 -0.00000
1617128641170778 0.99964 0.02685 -0.00000 -38.52466 0.02685 -0.99964 0.00000 -3.50440 0.00000 -0.00000 -1.00000 -0.00000
1617128641421411 0.99950 0.03148 -0.00000 -40.37381 0.03148 -0.99950 0.00000 -3.68626 0.00000 -0.00000 -1.00000 -0.00000
1617128641672041 0.99939 0.03491 -0.00000 -42.24051 0.03491 -0.99939 0.00000 -3.76658 0.00000 -0.00000 -1.00000 -0.00000
1617128641922036 0.99914 0.04136 -0.00000 -44.14058 0.04136 -0.99914 0.00000 -4.17973 0.00000 -0.00000 -1.00000 -0.00000
1617128642172667 0.99916 0.04092 -0.00000 -46.08900 0.04092 -0.99916 0.00000 -4.12300 0.00000 -0.00000 -1.00000 -0.00000
1617128642422672 0.99890 0.04697 -0.00000 -48.03864 0.04697 -0.99890 0.00000 -4.44207 0.00000 -0.00000 -1.00000 -0.00000
1617128642673310 0.99905 0.04359 0.00000 -50.04209 0.04359 -0.99905 0.00000 -4.31396 0.00000 -0.00000 -1.00000 -0.00000
1617128642923310 0.99884 0.04811 0.00000 -52.07439 0.04811 -0.99884 0.00000 -4.56736 0.00000 -0.00000 -1.00000 -0.00000
1617128643173314 0.99859 0.05307 0.00000 -54.14267 0.05307 -0.99859 0.00000 -4.88706 0.00000 -0.00000 -1.00000 -0.00000
1617128643422064 0.99837 0.05711 0.00000 -56.18031 0.05711 -0.99837 0.00000 -5.17337 0.00000 -0.00000 -1.00000 -0.00000
1617128643672071 0.99853 0.05429 0.00000 -58.38509 0.05429 -0.99853 0.00000 -5.03702 0.00000 -0.00000 -1.00000 -0.00000
1617128643921443 0.99819 0.06013 -0.00000 -60.48580 0.06013 -0.99819 0.00000 -5.41497 0.00000 -0.00000 -1.00000 -0.00000
1617128644170825 0.99776 0.06693 0.00000 -62.56019 0.06693 -0.99776 0.00000 -5.88683 0.00000 -0.00000 -1.00000 -0.00000
1617128644421452 0.99811 0.06137 -0.00000 -64.72682 0.06137 -0.99811 0.00000 -5.51578 0.00000 -0.00000 -1.00000 -0.00000
1617128644671462 0.99805 0.06235 0.00000 -66.93469 0.06235 -0.99805 0.00000 -5.69314 0.00000 -0.00000 -1.00000 -0.00000
1617128644922087 0.99835 0.05747 0.00000 -69.07652 0.05747 -0.99835 0.00000 -5.23786 0.00000 -0.00000 -1.00000 -0.00000
1617128645172096 0.99876 0.04979 0.00000 -71.27295 0.04979 -0.99876 0.00000 -4.72871 0.00000 -0.00000 -1.00000 -0.00000
1617128645422092 0.99866 0.05179 0.00000 -73.44373 0.05179 -0.99866 0.00000 -4.89923 0.00000 -0.00000 -1.00000 -0.00000
1617128645672107 0.99872 0.05049 0.00000 -75.58664 0.05049 -0.99872 0.00000 -4.80911 0.00000 -0.00000 -1.00000 -0.00000
1617128645922729 0.99936 0.03565 0.00000 -77.77130 0.03565 -0.99936 0.00000 -3.64409 0.00000 -0.00000 -1.00000 -0.00000
1617128646172734 0.99975 0.02223 0.00000 -79.94606 0.02223 -0.99975 0.00000 -2.63253 0.00000 -0.00000 -1.00000 -0.00000
1617128646423357 0.99997 -0.00719 0.00000 -82.09039 -0.00719 -0.99997 0.00000 -0.27997 -0.00000 -0.00000 -1.00000 -0.00000
1617128646673362 0.99877 -0.04953 0.00000 -84.09482 -0.04953 -0.99877 0.00000 3.29156 -0.00000 -0.00000 -1.00000 0.00000
1617128646922744 0.99619 -0.08719 0.00000 -86.01872 -0.08719 -0.99619 0.00000 6.50434 -0.00000 -0.00000 -1.00000 0.00000
1617128647171499 0.99095 -0.13423 0.00000 -87.62809 -0.13423 -0.99095 0.00000 10.43557 -0.00000 -0.00000 -1.00000 0.00000
1617128647420877 0.98236 -0.18702 0.00000 -89.01136 -0.18702 -0.98236 0.00000 15.11414 -0.00000 -0.00000 -1.00000 0.00000
1617128647670886 0.96857 -0.24876 0.00000 -89.82895 -0.24876 -0.96857 0.00000 20.80664 -0.00000 -0.00000 -1.00000 0.00000
1617128647920259 0.95374 -0.30062 0.00000 -90.56188 -0.30062 -0.95374 0.00000 25.35512 -0.00000 -0.00000 -1.00000 0.00000
1617128648170887 0.93488 -0.35496 0.00000 -90.88925 -0.35496 -0.93488 0.00000 30.63084 -0.00000 -0.00000 -1.00000 0.00000
1617128648420892 0.91155 -0.41119 0.00000 -90.71696 -0.41119 -0.91155 0.00000 36.08750 -0.00000 -0.00000 -1.00000 0.00000
1617128648670901 0.88320 -0.46900 0.00000 -90.16052 -0.46900 -0.88320 0.00000 41.90065 -0.00000 -0.00000 -1.00000 0.00000
1617128648920898 0.85081 -0.52547 0.00000 -89.18716 -0.52547 -0.85081 0.00000 47.53687 -0.00000 -0.00000 -1.00000 0.00000
1617128649171534 0.81616 -0.57782 0.00000 -87.95435 -0.57782 -0.81616 0.00000 53.21277 -0.00000 -0.00000 -1.00000 0.00000
1617128649421533 0.77954 -0.62636 0.00000 -86.47470 -0.62636 -0.77954 0.00000 58.47619 -0.00000 -0.00000 -1.00000 0.00000
1617128649671535 0.73225 -0.68103 0.00000 -83.83830 -0.68103 -0.73225 0.00000 64.55187 -0.00000 -0.00000 -1.00000 0.00000
1617128649921542 0.68480 -0.72873 0.00000 -81.09426 -0.72873 -0.68480 0.00000 70.05640 -0.00000 -0.00000 -1.00000 0.00000
1617128650172167 0.62702 -0.77900 -0.00000 -77.29790 -0.77900 -0.62702 0.00000 76.06282 -0.00000 -0.00000 -1.00000 0.00000
1617128650421546 0.57729 -0.81654 0.00000 -74.15792 -0.81654 -0.57729 0.00000 80.62767 -0.00000 -0.00000 -1.00000 0.00000
1617128650671552 0.52890 -0.84868 0.00000 -71.06639 -0.84868 -0.52890 0.00000 84.76335 -0.00000 -0.00000 -1.00000 0.00000
1617128650921560 0.48176 -0.87630 0.00000 -68.09330 -0.87630 -0.48176 0.00000 88.37413 -0.00000 -0.00000 -1.00000 0.00000
1617128651171602 0.44542 -0.89532 0.00000 -66.16821 -0.89532 -0.44542 0.00000 91.23017 -0.00000 -0.00000 -1.00000 0.00000
1617128651421566 0.41570 -0.90950 0.00000 -64.93568 -0.90950 -0.41570 0.00000 93.14533 -0.00000 -0.00000 -1.00000 0.00000
1617128651672194 0.38846 -0.92147 0.00000 -63.91073 -0.92147 -0.38846 0.00000 95.12681 -0.00000 -0.00000 -1.00000 0.00000
1617128651922197 0.38031 -0.92486 0.00000 -64.87188 -0.92486 -0.38031 0.00000 95.68347 -0.00000 -0.00000 -1.00000 0.00000
1617128652172203 0.37372 -0.92754 -0.00000 -66.08275 -0.92754 -0.37372 0.00000 96.14115 -0.00000 -0.00000 -1.00000 0.00000
1617128652422204 0.37876 -0.92550 0.00000 -68.51747 -0.92550 -0.37876 0.00000 95.81438 -0.00000 -0.00000 -1.00000 0.00000
1617128652672207 0.38857 -0.92142 0.00000 -71.40424 -0.92142 -0.38857 0.00000 95.02666 -0.00000 -0.00000 -1.00000 0.00000
1617128652922840 0.38861 -0.92140 0.00000 -73.34244 -0.92140 -0.38861 0.00000 95.01363 -0.00000 -0.00000 -1.00000 0.00000
1617128653172847 0.40097 -0.91609 0.00000 -76.52933 -0.91609 -0.40097 0.00000 93.74115 -0.00000 -0.00000 -1.00000 0.00000
1617128653423474 0.41406 -0.91025 0.00000 -79.85916 -0.91025 -0.41406 0.00000 92.72531 -0.00000 -0.00000 -1.00000 0.00000
1617128653673485 0.42789 -0.90383 0.00000 -83.26413 -0.90383 -0.42789 0.00000 91.26699 -0.00000 -0.00000 -1.00000 0.00000
1617128653924108 0.44209 -0.89697 0.00000 -86.72616 -0.89697 -0.44209 0.00000 90.06066 -0.00000 -0.00000 -1.00000 0.00000
1617128654173480 0.46411 -0.88578 0.00000 -90.91363 -0.88578 -0.46411 0.00000 87.75887 -0.00000 -0.00000 -1.00000 0.00000
1617128654422866 0.48256 -0.87586 -0.00000 -94.77481 -0.87586 -0.48256 0.00000 85.73825 -0.00000 -0.00000 -1.00000 0.00000
1617128654672245 0.50200 -0.86487 0.00000 -98.65033 -0.86487 -0.50200 0.00000 83.69158 -0.00000 -0.00000 -1.00000 0.00000
1617128654921622 0.51333 -0.85819 0.00000 -101.72607 -0.85819 -0.51333 0.00000 82.23468 -0.00000 -0.00000 -1.00000 0.00000
1617128655171629 0.52446 -0.85143 0.00000 -104.77957 -0.85143 -0.52446 0.00000 80.97177 -0.00000 -0.00000 -1.00000 0.00000
1617128655421628 0.54358 -0.83935 0.00000 -108.53204 -0.83935 -0.54358 0.00000 78.55207 -0.00000 -0.00000 -1.00000 0.00000
1617128655672259 0.55722 -0.83037 0.00000 -111.74504 -0.83037 -0.55722 0.00000 76.71013 -0.00000 -0.00000 -1.00000 0.00000
1617128655922260 0.57956 -0.81493 0.00000 -115.72829 -0.81493 -0.57956 0.00000 73.54648 -0.00000 -0.00000 -1.00000 0.00000
1617128656172904 0.60201 -0.79849 0.00000 -119.60197 -0.79849 -0.60201 0.00000 70.26811 -0.00000 -0.00000 -1.00000 0.00000
1617128656422894 0.62531 -0.78037 0.00000 -123.39771 -0.78037 -0.62531 0.00000 66.46490 -0.00000 -0.00000 -1.00000 0.00000
1617128656673531 0.64378 -0.76521 0.00000 -126.96295 -0.76521 -0.64378 0.00000 63.71485 -0.00000 -0.00000 -1.00000 0.00000
1617128656923527 0.66862 -0.74360 0.00000 -130.74454 -0.74360 -0.66862 0.00000 59.29634 -0.00000 -0.00000 -1.00000 0.00000
1617128657174154 0.68595 -0.72764 0.00000 -133.99638 -0.72764 -0.68595 0.00000 56.22481 -0.00000 -0.00000 -1.00000 0.00000
1617128657423535 0.70367 -0.71053 0.00000 -137.11442 -0.71053 -0.70367 0.00000 52.87383 -0.00000 -0.00000 -1.00000 0.00000
1617128657672916 0.71632 -0.69777 0.00000 -139.81822 -0.69777 -0.71632 0.00000 50.36329 -0.00000 -0.00000 -1.00000 0.00000
1617128657922298 0.72610 -0.68758 0.00000 -142.20335 -0.68758 -0.72610 0.00000 48.44421 -0.00000 -0.00000 -1.00000 0.00000
1617128658172301 0.73520 -0.67785 0.00000 -144.43128 -0.67785 -0.73520 0.00000 46.48848 -0.00000 -0.00000 -1.00000 0.00000
1617128658421056 0.74424 -0.66791 0.00000 -146.73490 -0.66791 -0.74424 0.00000 44.64262 -0.00000 -0.00000 -1.00000 0.00000
1617128658671053 0.75882 -0.65130 0.00000 -149.29859 -0.65130 -0.75882 0.00000 41.34106 -0.00000 -0.00000 -1.00000 0.00000
1617128658921060 0.77966 -0.62621 0.00000 -152.12764 -0.62621 -0.77966 0.00000 36.30311 -0.00000 -0.00000 -1.00000 0.00000
1617128659171700 0.80606 -0.59184 0.00000 -155.01688 -0.59184 -0.80606 0.00000 29.76525 -0.00000 -0.00000 -1.00000 0.00000
1617128659421693 0.84787 -0.53020 0.00000 -158.17197 -0.53020 -0.84787 0.00000 18.13024 -0.00000 -0.00000 -1.00000 0.00000
1617128659672326 0.88628 -0.46316 0.00000 -160.42561 -0.46316 -0.88628 0.00000 5.83303 -0.00000 -0.00000 -1.00000 0.00000
1617128659922326 0.92645 -0.37642 0.00000 -161.52403 -0.37642 -0.92645 0.00000 -9.58301 -0.00000 -0.00000 -1.00000 -0.00000
1617128660172647 0.95924 -0.28258 -0.00000 -160.97425 -0.28258 -0.95924 0.00000 -25.63202 -0.00000 -0.00000 -1.00000 -0.00000
1617128660422955 0.98467 -0.17441 0.00000 -158.16994 -0.17441 -0.98467 0.00000 -43.30159 -0.00000 -0.00000 -1.00000 -0.00000
1617128660673588 0.99896 -0.04570 0.00000 -152.39233 -0.04570 -0.99896 0.00000 -63.25018 -0.00000 -0.00000 -1.00000 -0.00000
1617128660923588 0.99436 0.10606 0.00000 -142.01007 0.10606 -0.99436 0.00000 -85.63481 0.00000 -0.00000 -1.00000 -0.00000
1617128661173589 0.96319 0.26883 0.00000 -127.03263 0.26883 -0.96319 0.00000 -107.91919 0.00000 -0.00000 -1.00000 -0.00000
1617128661423597 0.90380 0.42796 0.00000 -107.90032 0.42796 -0.90380 0.00000 -127.79297 0.00000 -0.00000 -1.00000 -0.00000
1617128661672987 0.80997 0.58646 0.00000 -83.61003 0.58646 -0.80997 0.00000 -145.34742 0.00000 -0.00000 -1.00000 -0.00000
1617128661922357 0.68770 0.72599 0.00000 -56.22947 0.72599 -0.68770 0.00000 -158.26188 0.00000 -0.00000 -1.00000 -0.00000
1617128662171734 0.53169 0.84694 -0.00000 -24.98781 0.84694 -0.53169 0.00000 -166.21789 0.00000 -0.00000 -1.00000 -0.00000
1617128662422363 0.36235 0.93204 0.00000 5.91706 0.93204 -0.36235 0.00000 -167.89521 0.00000 -0.00000 -1.00000 -0.00000
1617128662672996 0.17497 0.98457 0.00000 37.36898 0.98457 -0.17497 0.00000 -163.50567 0.00000 -0.00000 -1.00000 -0.00000
1617128662923620 -0.02167 0.99977 0.00000 67.85474 0.99977 0.02167 0.00000 -152.97443 0.00000 0.00000 -1.00000 -0.00000
1617128663174249 -0.20557 0.97864 0.00000 93.96599 0.97864 0.20557 0.00000 -137.75975 0.00000 0.00000 -1.00000 -0.00000
1617128663424251 -0.38145 0.92439 0.00000 116.75123 0.92439 0.38145 0.00000 -118.08560 0.00000 0.00000 -1.00000 -0.00000
1617128663673638 -0.53948 0.84200 0.00000 134.85052 0.84200 0.53948 0.00000 -95.50186 0.00000 0.00000 -1.00000 -0.00000
1617128663923638 -0.65840 0.75267 0.00000 146.45033 0.75267 0.65840 0.00000 -74.32171 0.00000 0.00000 -1.00000 -0.00000
1617128664173011 -0.75872 0.65142 0.00000 154.49982 0.65142 0.75872 0.00000 -52.74398 0.00000 0.00000 -1.00000 -0.00000
1617128664422395 -0.83079 0.55658 0.00000 158.62261 0.55658 0.83079 0.00000 -34.05254 0.00000 0.00000 -1.00000 -0.00000
1617128664672399 -0.88349 0.46845 -0.00000 160.16935 0.46845 0.88349 0.00000 -17.53439 0.00000 0.00000 -1.00000 -0.00000
1617128664923031 -0.91328 0.40733 0.00000 159.74120 0.40733 0.91328 0.00000 -6.68185 0.00000 0.00000 -1.00000 -0.00000
1617128665173660 -0.93571 0.35278 0.00000 158.63191 0.35278 0.93571 0.00000 2.76603 0.00000 0.00000 -1.00000 0.00000
1617128665424284 -0.94420 0.32937 -0.00000 157.32996 0.32937 0.94420 0.00000 6.76284 0.00000 0.00000 -1.00000 0.00000
1617128665673662 -0.95236 0.30497 -0.00000 155.87496 0.30497 0.95236 0.00000 10.80744 0.00000 0.00000 -1.00000 0.00000
1617128665923043 -0.95512 0.29623 0.00000 154.46087 0.29623 0.95512 0.00000 12.23857 0.00000 0.00000 -1.00000 0.00000
1617128666172425 -0.95380 0.30044 0.00000 153.14245 0.30044 0.95380 0.00000 11.52136 0.00000 0.00000 -1.00000 0.00000
1617128666421803 -0.95332 0.30196 0.00000 151.79474 0.30196 0.95332 0.00000 11.35389 0.00000 0.00000 -1.00000 0.00000
1617128666671808 -0.94518 0.32656 0.00000 150.60956 0.32656 0.94518 0.00000 7.38950 0.00000 0.00000 -1.00000 0.00000
1617128666921809 -0.93787 0.34699 0.00000 149.19973 0.34699 0.93787 0.00000 4.07496 0.00000 0.00000 -1.00000 0.00000
1617128667172461 -0.92483 0.38038 0.00000 147.81246 0.38038 0.92483 0.00000 -1.24254 0.00000 0.00000 -1.00000 -0.00000
1617128667422441 -0.90949 0.41574 -0.00000 146.06779 0.41574 0.90949 0.00000 -7.06213 0.00000 0.00000 -1.00000 -0.00000
1617128667672450 -0.88746 0.46089 -0.00000 143.88144 0.46089 0.88746 0.00000 -14.43782 0.00000 0.00000 -1.00000 -0.00000
1617128667923079 -0.86689 0.49850 0.00000 141.63146 0.49850 0.86689 0.00000 -20.60496 0.00000 0.00000 -1.00000 -0.00000
1617128668173086 -0.83933 0.54363 0.00000 138.53179 0.54363 0.83933 0.00000 -28.10885 0.00000 0.00000 -1.00000 -0.00000
1617128668423088 -0.81012 0.58627 0.00000 135.31658 0.58627 0.81012 0.00000 -35.24564 0.00000 0.00000 -1.00000 -0.00000
1617128668673089 -0.77937 0.62657 0.00000 131.64086 0.62657 0.77937 0.00000 -41.98814 0.00000 0.00000 -1.00000 -0.00000
1617128668923717 -0.74342 0.66883 0.00000 127.39305 0.66883 0.74342 0.00000 -49.23921 0.00000 0.00000 -1.00000 -0.00000
1617128669173722 -0.70715 0.70706 0.00000 122.90185 0.70706 0.70715 0.00000 -55.94471 0.00000 0.00000 -1.00000 -0.00000
1617128669423724 -0.66658 0.74544 0.00000 117.74070 0.74544 0.66658 0.00000 -62.80375 0.00000 0.00000 -1.00000 -0.00000
1617128669673115 -0.62254 0.78259 0.00000 112.06444 0.78259 0.62254 0.00000 -69.40497 0.00000 0.00000 -1.00000 -0.00000
1617128669922486 -0.57558 0.81775 0.00000 106.05723 0.81775 0.57558 0.00000 -75.89737 0.00000 0.00000 -1.00000 -0.00000
1617128670171869 -0.53135 0.84715 0.00000 100.05597 0.84715 0.53135 0.00000 -81.38389 0.00000 0.00000 -1.00000 -0.00000
1617128670421242 -0.49505 0.86887 0.00000 94.65999 0.86887 0.49505 0.00000 -85.71116 0.00000 0.00000 -1.00000 -0.00000
1617128670671871 -0.45519 0.89039 0.00000 88.68534 0.89039 0.45519 0.00000 -89.89662 0.00000 0.00000 -1.00000 -0.00000
1617128670921876 -0.42699 0.90426 0.00000 84.08841 0.90426 0.42699 0.00000 -92.63256 0.00000 0.00000 -1.00000 -0.00000
1617128671171880 -0.39814 0.91732 0.00000 79.10152 0.91732 0.39814 0.00000 -95.43394 0.00000 0.00000 -1.00000 -0.00000
1617128671422508 -0.37524 0.92693 -0.00000 74.83099 0.92693 0.37524 0.00000 -97.34130 0.00000 0.00000 -1.00000 -0.00000
1617128671672516 -0.36142 0.93240 0.00000 71.42976 0.93240 0.36142 0.00000 -98.46322 0.00000 0.00000 -1.00000 -0.00000
1617128671923144 -0.33824 0.94106 0.00000 67.02827 0.94106 0.33824 0.00000 -100.36076 0.00000 0.00000 -1.00000 -0.00000
1617128672173147 -0.33310 0.94289 -0.00000 64.50629 0.94289 0.33310 0.00000 -100.63550 0.00000 0.00000 -1.00000 -0.00000
1617128672423149 -0.33615 0.94181 0.00000 62.90178 0.94181 0.33615 0.00000 -100.52765 0.00000 0.00000 -1.00000 -0.00000
1617128672673777 -0.34063 0.94020 0.00000 61.40743 0.94020 0.34063 0.00000 -100.29348 0.00000 0.00000 -1.00000 -0.00000
1617128672923780 -0.36797 0.92984 0.00000 62.37771 0.92984 0.36797 0.00000 -98.45670 0.00000 0.00000 -1.00000 -0.00000
1617128673173863 -0.39331 0.91941 0.00000 63.17181 0.91941 0.39331 0.00000 -97.03079 0.00000 0.00000 -1.00000 -0.00000
1617128673423795 -0.42988 0.90289 0.00000 64.96760 0.90289 0.42988 0.00000 -94.33423 0.00000 0.00000 -1.00000 -0.00000
1617128673673175 -0.47298 0.88107 0.00000 67.54761 0.88107 0.47298 0.00000 -91.12859 0.00000 0.00000 -1.00000 -0.00000
1617128673923172 -0.52167 0.85315 -0.00000 70.67021 0.85315 0.52167 0.00000 -87.23185 0.00000 0.00000 -1.00000 -0.00000
1617128674172553 -0.56871 0.82254 0.00000 73.59561 0.82254 0.56871 0.00000 -83.35935 0.00000 0.00000 -1.00000 -0.00000
1617128674423181 -0.61110 0.79155 0.00000 75.97043 0.79155 0.61110 0.00000 -79.31244 0.00000 0.00000 -1.00000 -0.00000
1617128674673186 -0.65745 0.75350 0.00000 78.76660 0.75350 0.65745 0.00000 -74.82675 0.00000 0.00000 -1.00000 -0.00000
1617128674923815 -0.70519 0.70902 0.00000 81.64294 0.70902 0.70519 0.00000 -69.58966 0.00000 0.00000 -1.00000 -0.00000
1617128675173824 -0.75394 0.65695 0.00000 84.56334 0.65695 0.75394 0.00000 -63.53928 0.00000 0.00000 -1.00000 -0.00000
1617128675423820 -0.79073 0.61217 0.00000 86.05765 0.61217 0.79073 0.00000 -58.46796 0.00000 0.00000 -1.00000 -0.00000
1617128675673208 -0.82746 0.56152 0.00000 87.67480 0.56152 0.82746 0.00000 -53.04472 0.00000 0.00000 -1.00000 -0.00000
1617128675922583 -0.86079 0.50895 0.00000 88.88046 0.50895 0.86079 0.00000 -47.49433 0.00000 0.00000 -1.00000 -0.00000
1617128676171957 -0.89032 0.45533 0.00000 89.85705 0.45533 0.89032 0.00000 -42.00288 0.00000 0.00000 -1.00000 -0.00000
1617128676421960 -0.91826 0.39599 -0.00000 90.39214 0.39599 0.91826 0.00000 -36.07840 0.00000 0.00000 -1.00000 -0.00000
1617128676671966 -0.94126 0.33768 0.00000 90.60148 0.33768 0.94126 0.00000 -30.38191 0.00000 0.00000 -1.00000 -0.00000
1617128676922599 -0.96128 0.27557 0.00000 90.54982 0.27557 0.96128 0.00000 -24.49859 0.00000 0.00000 -1.00000 -0.00000
1617128677173224 -0.97558 0.21963 -0.00000 89.87569 0.21963 0.97558 0.00000 -19.25607 0.00000 0.00000 -1.00000 -0.00000
1617128677423855 -0.98687 0.16153 -0.00000 88.96103 0.16153 0.98687 0.00000 -13.91647 0.00000 0.00000 -1.00000 -0.00000
1617128677674495 -0.99369 0.11214 0.00000 87.53986 0.11214 0.99369 0.00000 -9.48938 0.00000 0.00000 -1.00000 -0.00000
1617128677924489 -0.99731 0.07325 0.00000 85.86795 0.07325 0.99731 0.00000 -6.06847 0.00000 0.00000 -1.00000 -0.00000
1617128678174496 -0.99904 0.04378 0.00000 83.96689 0.04378 0.99904 0.00000 -3.54888 0.00000 0.00000 -1.00000 -0.00000
1617128678423868 -0.99995 0.00975 0.00000 81.99623 0.00975 0.99995 0.00000 -0.73577 0.00000 0.00000 -1.00000 -0.00000
1617128678672630 -1.00000 -0.00208 0.00000 79.89335 -0.00208 1.00000 0.00000 0.18711 -0.00000 0.00000 -1.00000 0.00000
1617128678922005 -0.99989 -0.01463 0.00000 77.73868 -0.01463 0.99989 0.00000 1.25425 -0.00000 0.00000 -1.00000 0.00000
1617128679172005 -0.99969 -0.02470 -0.00000 75.63103 -0.02470 0.99969 0.00000 2.03570 -0.00000 0.00000 -1.00000 0.00000
1617128679422013 -0.99974 -0.02293 0.00000 73.49413 -0.02293 0.99974 0.00000 1.79693 -0.00000 0.00000 -1.00000 0.00000
1617128679672019 -0.99948 -0.03214 0.00000 71.29855 -0.03214 0.99948 0.00000 2.48913 -0.00000 0.00000 -1.00000 0.00000
1617128679922020 -0.99923 -0.03929 0.00000 69.12016 -0.03929 0.99923 0.00000 2.94750 -0.00000 0.00000 -1.00000 0.00000
1617128680172647 -0.99944 -0.03356 0.00000 66.94076 -0.03356 0.99944 0.00000 2.48992 -0.00000 0.00000 -1.00000 0.00000
1617128680423280 -0.99948 -0.03230 0.00000 64.85002 -0.03230 0.99948 0.00000 2.37275 -0.00000 0.00000 -1.00000 0.00000
1617128680673280 -0.99935 -0.03594 0.00000 62.71139 -0.03594 0.99935 0.00000 2.59130 -0.00000 0.00000 -1.00000 0.00000
1617128680923286 -0.99946 -0.03272 0.00000 60.63381 -0.03272 0.99946 0.00000 2.33293 -0.00000 0.00000 -1.00000 0.00000
1617128681173923 -0.99945 -0.03314 0.00000 58.48756 -0.03314 0.99945 0.00000 2.27373 -0.00000 0.00000 -1.00000 0.00000
1617128681424540 -0.99957 -0.02924 -0.00000 56.37359 -0.02924 0.99957 0.00000 2.07520 -0.00000 0.00000 -1.00000 0.00000
1617128681673923 -0.99952 -0.03106 0.00000 54.31358 -0.03106 0.99952 0.00000 2.15464 -0.00000 0.00000 -1.00000 0.00000
1617128681923301 -0.99973 -0.02304 -0.00000 52.37871 -0.02304 0.99973 0.00000 1.62195 -0.00000 0.00000 -1.00000 0.00000
1617128682173305 -0.99992 -0.01240 0.00000 50.31896 -0.01240 0.99992 0.00000 1.13948 -0.00000 0.00000 -1.00000 0.00000
1617128682422055 -1.00000 0.00229 0.00000 48.35148 0.00229 1.00000 0.00000 0.42964 0.00000 0.00000 -1.00000 0.00000
1617128682672059 -0.99985 0.01745 0.00000 46.25269 0.01745 0.99985 0.00000 -0.44804 0.00000 0.00000 -1.00000 -0.00000
1617128682922065 -0.99927 0.03820 0.00000 44.21795 0.03820 0.99927 0.00000 -1.34630 0.00000 0.00000 -1.00000 -0.00000
1617128683172082 -0.99910 0.04241 0.00000 42.22718 0.04241 0.99910 0.00000 -1.65314 0.00000 0.00000 -1.00000 -0.00000
1617128683422698 -0.99929 0.03779 -0.00000 40.19989 0.03779 0.99929 0.00000 -1.40402 0.00000 0.00000 -1.00000 -0.00000
1617128683673325 -0.99956 0.02965 0.00000 38.22258 0.02965 0.99956 0.00000 -1.16263 0.00000 0.00000 -1.00000 -0.00000
1617128683923955 -0.99982 0.01900 0.00000 36.18351 0.01900 0.99982 0.00000 -0.74751 0.00000 0.00000 -1.00000 -0.00000
1617128684173336 -0.99994 0.01070 0.00000 34.17117 0.01070 0.99994 0.00000 -0.49203 0.00000 0.00000 -1.00000 -0.00000
1617128684423337 -0.99998 0.00700 0.00000 32.13405 0.00700 0.99998 0.00000 -0.34211 0.00000 0.00000 -1.00000 -0.00000
1617128684672725 -1.00000 0.00030 0.00000 30.04007 0.00030 1.00000 0.00000 -0.17620 0.00000 0.00000 -1.00000 -0.00000
1617128684922101 -0.99999 0.00449 -0.00000 28.00517 0.00449 0.99999 0.00000 -0.27243 0.00000 0.00000 -1.00000 -0.00000
1617128685172105 -0.99996 0.00912 0.00000 25.88830 0.00912 0.99996 0.00000 -0.43181 0.00000 0.00000 -1.00000 -0.00000
1617128685422107 -0.99993 0.01179 0.00000 23.77390 0.01179 0.99993 0.00000 -0.56666 0.00000 0.00000 -1.00000 -0.00000
1617128685672750 -0.99982 0.01878 0.00000 21.55062 0.01878 0.99982 0.00000 -0.74221 0.00000 0.00000 -1.00000 -0.00000
1617128685923362 -0.99966 0.02595 0.00000 19.40020 0.02595 0.99966 0.00000 -0.95437 0.00000 0.00000 -1.00000 -0.00000
1617128686173366 -0.99938 0.03516 0.00000 17.13186 0.03516 0.99938 0.00000 -1.22008 0.00000 0.00000 -1.00000 -0.00000
1617128686423367 -0.99910 0.04246 0.00000 14.95342 0.04246 0.99910 0.00000 -1.40023 0.00000 0.00000 -1.00000 -0.00000
1617128686673378 -0.99920 0.03999 0.00000 12.69655 0.03999 0.99920 0.00000 -1.39846 0.00000 0.00000 -1.00000 -0.00000
1617128686924006 -0.99924 0.03888 0.00000 10.47186 0.03888 0.99924 0.00000 -1.38602 0.00000 0.00000 -1.00000 -0.00000
1617128687174629 -0.99907 0.04301 0.00000 8.32880 0.04301 0.99907 0.00000 -1.48008 0.00000 0.00000 -1.00000 -0.00000
1617128687424010 -0.99935 0.03609 0.00000 6.16853 0.03609 0.99935 0.00000 -1.46078 0.00000 0.00000 -1.00000 -0.00000
1617128687673391 -0.99918 0.04050 0.00000 3.93806 0.04050 0.99918 0.00000 -1.50913 0.00000 0.00000 -1.00000 -0.00000
1617128687922770 -0.99900 0.04464 -0.00000 1.72744 0.04464 0.99900 0.00000 -1.42621 0.00000 0.00000 -1.00000 -0.00000
1617128688172152 -0.99888 0.04731 0.00000 -0.44802 0.04731 0.99888 0.00000 -1.52635 0.00000 0.00000 -1.00000 -0.00000
1617128688421530 -0.99918 0.04047 0.00000 -2.64357 0.04047 0.99918 0.00000 -1.64590 0.00000 0.00000 -1.00000 -0.00000
1617128688671530 -0.99939 0.03504 0.00000 -4.78695 0.03504 0.99939 0.00000 -1.70655 0.00000 0.00000 -1.00000 -0.00000
1617128688922159 -0.99952 0.03084 0.00000 -6.99308 0.03084 0.99952 0.00000 -1.80808 0.00000 0.00000 -1.00000 -0.00000
1617128689172178 -0.99964 0.02672 -0.00000 -9.28066 0.02672 0.99964 0.00000 -1.79238 0.00000 0.00000 -1.00000 -0.00000
1617128689422794 -0.99957 0.02923 0.00000 -11.30165 0.02923 0.99957 0.00000 -1.84655 0.00000 0.00000 -1.00000 -0.00000
1617128689672796 -0.99973 0.02304 0.00000 -13.55525 0.02304 0.99973 0.00000 -1.83051 0.00000 0.00000 -1.00000 -0.00000
1617128689923424 -0.99970 0.02440 0.00000 -15.72868 0.02440 0.99970 0.00000 -1.92837 0.00000 0.00000 -1.00000 -0.00000
1617128690174060 -0.99989 0.01454 0.00000 -17.85140 0.01454 0.99989 0.00000 -2.10875 0.00000 0.00000 -1.00000 -0.00000
1617128690424058 -0.99993 0.01157 0.00000 -20.14463 0.01157 0.99993 0.00000 -2.22880 0.00000 0.00000 -1.00000 -0.00000
1617128690674067 -0.99995 0.00985 -0.00000 -22.23722 0.00985 0.99995 0.00000 -2.21775 0.00000 0.00000 -1.00000 -0.00000
1617128690923444 -0.99993 0.01180 0.00000 -24.50098 0.01180 0.99993 0.00000 -2.11585 0.00000 0.00000 -1.00000 -0.00000
1617128691172827 -0.99995 0.00974 0.00000 -26.67458 0.00974 0.99995 0.00000 -2.38742 0.00000 0.00000 -1.00000 -0.00000
1617128691422203 -1.00000 0.00207 0.00000 -28.84629 0.00207 1.00000 0.00000 -2.58535 0.00000 0.00000 -1.00000 -0.00000
1617128691672207 -1.00000 0.00199 0.00000 -31.08065 0.00199 1.00000 0.00000 -2.44339 0.00000 0.00000 -1.00000 -0.00000
1617128691922207 -1.00000 -0.00113 0.00000 -33.29586 -0.00113 1.00000 0.00000 -2.70711 -0.00000 0.00000 -1.00000 -0.00000
1617128692172838 -0.99998 -0.00669 0.00000 -35.55124 -0.00669 0.99998 0.00000 -2.89585 -0.00000 0.00000 -1.00000 -0.00000
1617128692423468 -0.99998 -0.00548 -0.00000 -37.57036 -0.00548 0.99998 0.00000 -2.72395 -0.00000 0.00000 -1.00000 -0.00000
1617128692673476 -0.99994 -0.01117 0.00000 -39.80538 -0.01117 0.99994 0.00000 -2.93572 -0.00000 0.00000 -1.00000 -0.00000
1617128692923472 -0.99998 -0.00688 -0.00000 -41.88545 -0.00688 0.99998 0.00000 -2.89792 -0.00000 0.00000 -1.00000 -0.00000
1617128693174104 -0.99996 -0.00853 0.00000 -44.02740 -0.00853 0.99996 0.00000 -2.96155 -0.00000 0.00000 -1.00000 -0.00000
1617128693424105 -0.99996 -0.00924 0.00000 -46.09343 -0.00924 0.99996 0.00000 -3.05207 -0.00000 0.00000 -1.00000 -0.00000
1617128693674122 -0.99992 -0.01261 0.00000 -48.12018 -0.01261 0.99992 0.00000 -3.23763 -0.00000 0.00000 -1.00000 -0.00000
1617128693924115 -0.99989 -0.01477 0.00000 -50.13462 -0.01477 0.99989 0.00000 -3.43905 -0.00000 0.00000 -1.00000 -0.00000
1617128694174110 -0.99995 -0.01014 0.00000 -52.02994 -0.01014 0.99995 0.00000 -3.08743 -0.00000 0.00000 -1.00000 -0.00000
1617128694423494 -1.00000 0.00070 0.00000 -53.98331 0.00070 1.00000 0.00000 -2.74411 0.00000 0.00000 -1.00000 -0.00000
1617128694672878 -1.00000 -0.00075 0.00000 -55.75368 -0.00075 1.00000 0.00000 -2.59777 -0.00000 0.00000 -1.00000 -0.00000
1617128694922259 -0.99946 0.03274 0.00000 -57.51529 0.03274 0.99946 0.00000 -0.98112 0.00000 0.00000 -1.00000 -0.00000
1617128695171639 -0.99906 0.04328 -0.00000 -59.11499 0.04328 0.99906 0.00000 -0.25239 0.00000 0.00000 -1.00000 -0.00000
1617128695421639 -0.99631 0.08582 0.00000 -60.65973 0.08582 0.99631 0.00000 1.98504 0.00000 0.00000 -1.00000 0.00000
1617128695671646 -0.99275 0.12018 -0.00000 -61.92944 0.12018 0.99275 0.00000 4.22552 0.00000 0.00000 -1.00000 0.00000
1617128695921648 -0.98436 0.17615 -0.00000 -62.96335 0.17615 0.98436 0.00000 7.58065 0.00000 0.00000 -1.00000 0.00000
1617128696172274 -0.97017 0.24242 0.00000 -63.50243 0.24242 0.97017 0.00000 11.91349 0.00000 0.00000 -1.00000 0.00000
1617128696422276 -0.95292 0.30323 0.00000 -63.74835 0.30323 0.95292 0.00000 15.86298 0.00000 0.00000 -1.00000 0.00000
1617128696672280 -0.92772 0.37328 0.00000 -63.58875 0.37328 0.92772 0.00000 20.57644 0.00000 0.00000 -1.00000 0.00000
1617128696922281 -0.89025 0.45547 0.00000 -62.59429 0.45547 0.89025 0.00000 26.07940 0.00000 0.00000 -1.00000 0.00000
1617128697172914 -0.83247 0.55407 0.00000 -60.32765 0.55407 0.83247 0.00000 32.93746 0.00000 0.00000 -1.00000 0.00000
1617128697422919 -0.76233 0.64719 0.00000 -57.10818 0.64719 0.76233 0.00000 39.79516 0.00000 0.00000 -1.00000 0.00000
1617128697672297 -0.68213 0.73123 0.00000 -53.12736 0.73123 0.68213 0.00000 46.12397 0.00000 0.00000 -1.00000 0.00000
1617128697922291 -0.58593 0.81037 -0.00000 -48.00491 0.81037 0.58593 0.00000 52.25464 0.00000 0.00000 -1.00000 0.00000
1617128698172306 -0.50046 0.86576 0.00000 -43.36145 0.86576 0.50046 0.00000 56.72647 0.00000 0.00000 -1.00000 0.00000
1617128698422935 -0.41657 0.90910 0.00000 -38.92242 0.90910 0.41657 0.00000 60.55033 0.00000 0.00000 -1.00000 0.00000
1617128698672940 -0.32823 0.94460 0.00000 -33.97478 0.94460 0.32823 0.00000 64.17381 0.00000 0.00000 -1.00000 0.00000
1617128698922940 -0.24660 0.96912 0.00000 -29.41632 0.96912 0.24660 0.00000 66.62412 0.00000 0.00000 -1.00000 0.00000
1617128699172947 -0.17103 0.98527 0.00000 -25.36133 0.98527 0.17103 0.00000 68.78036 0.00000 0.00000 -1.00000 0.00000
1617128699422951 -0.11398 0.99348 0.00000 -22.44291 0.99348 0.11398 0.00000 70.02223 0.00000 0.00000 -1.00000 0.00000
1617128699672957 -0.07780 0.99697 -0.00000 -21.33715 0.99697 0.07780 0.00000 70.70485 0.00000 0.00000 -1.00000 0.00000
1617128699922959 -0.05136 0.99868 0.00000 -20.68580 0.99868 0.05136 0.00000 71.26689 0.00000 0.00000 -1.00000 0.00000
1617128700172966 -0.04362 0.99905 0.00000 -21.61631 0.99905 0.04362 0.00000 71.44821 0.00000 0.00000 -1.00000 0.00000
1617128700423587 -0.04133 0.99915 -0.00000 -22.93181 0.99915 0.04133 0.00000 71.48342 0.00000 0.00000 -1.00000 0.00000
1617128700673599 -0.03850 0.99926 -0.00000 -24.29566 0.99926 0.03850 0.00000 71.38529 0.00000 0.00000 -1.00000 0.00000
1617128700924227 -0.02393 0.99971 0.00000 -24.87565 0.99971 0.02393 0.00000 71.69059 0.00000 0.00000 -1.00000 0.00000
1617128701174233 -0.02136 0.99977 0.00000 -26.36747 0.99977 0.02136 0.00000 71.68137 0.00000 0.00000 -1.00000 0.00000
1617128701424237 -0.00751 0.99997 0.00000 -27.05661 0.99997 0.00751 0.00000 71.97844 0.00000 0.00000 -1.00000 0.00000
1617128701673619 -0.00635 0.99998 0.00000 -28.65299 0.99998 0.00635 0.00000 72.01872 0.00000 0.00000 -1.00000 0.00000
1617128701923618 0.00613 0.99998 0.00000 -29.48899 0.99998 -0.00613 0.00000 72.25417 0.00000 -0.00000 -1.00000 0.00000
1617128702172374 0.02043 0.99979 0.00000 -30.15695 0.99979 -0.02043 0.00000 72.75760 0.00000 -0.00000 -1.00000 0.00000
1617128702422372 0.04797 0.99885 0.00000 -29.98276 0.99885 -0.04797 0.00000 73.50662 0.00000 -0.00000 -1.00000 0.00000
1617128702672379 0.07408 0.99725 0.00000 -29.87093 0.99725 -0.07408 0.00000 74.32145 0.00000 -0.00000 -1.00000 0.00000
1617128702923011 0.10370 0.99461 0.00000 -29.51599 0.99461 -0.10370 0.00000 75.09305 0.00000 -0.00000 -1.00000 0.00000
1617128703173012 0.13074 0.99142 0.00000 -29.28777 0.99142 -0.13074 0.00000 75.92745 0.00000 -0.00000 -1.00000 0.00000
1617128703423017 0.15638 0.98770 -0.00000 -29.17598 0.98770 -0.15638 0.00000 76.58426 0.00000 -0.00000 -1.00000 0.00000
1617128703673021 0.17142 0.98520 0.00000 -29.91983 0.98520 -0.17142 0.00000 76.94633 0.00000 -0.00000 -1.00000 0.00000
1617128703923023 0.17124 0.98523 0.00000 -31.83351 0.98523 -0.17124 0.00000 76.89222 0.00000 -0.00000 -1.00000 0.00000
1617128704173028 0.17537 0.98450 0.00000 -33.63007 0.98450 -0.17537 0.00000 76.97225 0.00000 -0.00000 -1.00000 0.00000
1617128704423657 0.16996 0.98545 0.00000 -35.97220 0.98545 -0.16996 0.00000 76.77261 0.00000 -0.00000 -1.00000 0.00000
1617128704673662 0.15170 0.98843 -0.00000 -39.23026 0.98843 -0.15170 0.00000 76.02170 0.00000 -0.00000 -1.00000 0.00000
1617128704923662 0.11990 0.99279 0.00000 -43.69586 0.99279 -0.11990 0.00000 74.65556 0.00000 -0.00000 -1.00000 0.00000
1617128705174290 0.09331 0.99564 -0.00000 -47.82836 0.99564 -0.09331 0.00000 73.43830 0.00000 -0.00000 -1.00000 0.00000
1617128705424294 0.07396 0.99726 0.00000 -51.33739 0.99726 -0.07396 0.00000 72.38915 0.00000 -0.00000 -1.00000 0.00000
1617128705674932 0.05046 0.99873 0.00000 -55.03639 0.99873 -0.05046 0.00000 71.17404 0.00000 -0.00000 -1.00000 0.00000
1617128705924309 0.02623 0.99966 0.00000 -58.79830 0.99966 -0.02623 0.00000 69.71327 0.00000 -0.00000 -1.00000 0.00000
1617128706173688 0.00771 0.99997 0.00000 -62.06260 0.99997 -0.00771 0.00000 68.59493 0.00000 -0.00000 -1.00000 0.00000
1617128706423062 -0.00540 0.99999 0.00000 -65.05812 0.99999 0.00540 0.00000 67.72248 0.00000 0.00000 -1.00000 0.00000
1617128706673072 -0.01020 0.99995 0.00000 -67.35918 0.99995 0.01020 0.00000 67.40443 0.00000 0.00000 -1.00000 0.00000
1617128706923074 -0.00599 0.99998 0.00000 -69.02329 0.99998 0.00599 0.00000 67.60892 0.00000 0.00000 -1.00000 0.00000
1617128707173084 -0.00783 0.99997 -0.00000 -71.14112 0.99997 0.00783 0.00000 67.47964 0.00000 0.00000 -1.00000 0.00000
1617128707423079 -0.00816 0.99997 0.00000 -73.10368 0.99997 0.00816 0.00000 67.43207 0.00000 0.00000 -1.00000 0.00000
1617128707673707 -0.01191 0.99993 0.00000 -75.26142 0.99993 0.01191 0.00000 67.11443 0.00000 0.00000 -1.00000 0.00000
1617128707923712 -0.01365 0.99991 0.00000 -77.24537 0.99991 0.01365 0.00000 66.94333 0.00000 0.00000 -1.00000 0.00000
1617128708174346 -0.01359 0.99991 0.00000 -79.08555 0.99991 0.01359 0.00000 66.98530 0.00000 0.00000 -1.00000 0.00000
1617128708424350 -0.02715 0.99963 0.00000 -81.66629 0.99963 0.02715 0.00000 65.91686 0.00000 0.00000 -1.00000 0.00000
1617128708674350 -0.05503 0.99848 0.00000 -85.14796 0.99848 0.05503 0.00000 63.53505 0.00000 0.00000 -1.00000 0.00000
1617128708923732 -0.09558 0.99542 0.00000 -89.31692 0.99542 0.09558 0.00000 59.98054 0.00000 0.00000 -1.00000 0.00000
1617128709173732 -0.14248 0.98980 0.00000 -93.60065 0.98980 0.14248 0.00000 55.60369 0.00000 0.00000 -1.00000 0.00000
1617128709422486 -0.21718 0.97613 -0.00000 -99.07082 0.97613 0.21718 0.00000 48.27241 0.00000 0.00000 -1.00000 0.00000
1617128709672496 -0.29031 0.95693 0.00000 -103.99265 0.95693 0.29031 0.00000 40.68361 0.00000 0.00000 -1.00000 0.00000
1617128709922493 -0.37794 0.92583 0.00000 -108.79801 0.92583 0.37794 0.00000 30.73537 0.00000 0.00000 -1.00000 0.00000
1617128710172498 -0.46448 0.88558 0.00000 -112.65401 0.88558 0.46448 0.00000 20.17322 0.00000 0.00000 -1.00000 0.00000
1617128710422499 -0.53923 0.84216 0.00000 -115.41437 0.84216 0.53923 0.00000 10.31318 0.00000 0.00000 -1.00000 0.00000
1617128710673132 -0.61246 0.79050 0.00000 -117.29496 0.79050 0.61246 0.00000 -0.03838 0.00000 0.00000 -1.00000 -0.00000
1617128710923759 -0.68751 0.72617 0.00000 -118.18680 0.72617 0.68751 0.00000 -11.62022 0.00000 0.00000 -1.00000 -0.00000
1617128711173760 -0.76072 0.64909 0.00000 -117.63893 0.64909 0.76072 0.00000 -24.13254 0.00000 0.00000 -1.00000 -0.00000
