1616517833875339 1.00000 0.00000 0.00000 -0.00000 0.00000 -1.00000 0.00000 0.00000 0.00000 -0.00000 -1.00000 0.00000
1616517834124712 0.99999 0.00392 0.00000 0.00880 0.00392 -0.99999 0.00000 -0.02092 0.00000 -0.00000 -1.00000 -0.00000
1616517834374722 1.00000 0.00135 0.00000 -0.00761 0.00135 -1.00000 0.00000 -0.00244 0.00000 -0.00000 -1.00000 -0.00000
1616517834624098 0.99999 0.00471 0.00000 -0.01460 0.00471 -0.99999 0.00000 -0.01037 0.00000 -0.00000 -1.00000 -0.00000
1616517834873477 0.99992 0.01284 0.00000 0.01354 0.01284 -0.99992 0.00000 -0.01726 0.00000 -0.00000 -1.00000 -0.00000
1616517835123480 1.00000 0.00303 0.00000 -0.01118 0.00303 -1.00000 0.00000 -0.00376 0.00000 -0.00000 -1.00000 -0.00000
1616517835372858 0.99998 0.00656 -0.00000 0.01073 0.00656 -0.99998 0.00000 -0.03428 0.00000 -0.00000 -1.00000 -0.00000
1616517835622865 0.99999 0.00546 -0.00000 0.00929 0.00546 -0.99999 0.00000 -0.03296 0.00000 -0.00000 -1.00000 -0.00000
1616517835872869 0.99999 0.00394 0.00000 0.01377 0.00394 -0.99999 0.00000 -0.04672 0.00000 -0.00000 -1.00000 -0.00000
1616517836123501 0.99999 0.00326 0.00000 0.00857 0.00326 -0.99999 0.00000 -0.00695 0.00000 -0.00000 -1.00000 -0.00000
1616517836374130 1.00000 0.00277 0.00000 0.00119 0.00277 -1.00000 0.00000 -0.00195 0.00000 -0.00000 -1.00000 -0.00000
1616517836624133 1.00000 0.00118 0.00000 -0.00229 0.00118 -1.00000 0.00000 -0.01082 0.00000 -0.00000 -1.00000 -0.00000
1616517836874771 1.00000 0.00062 0.00000 0.01092 0.00062 -1.00000 0.00000 -0.04594 0.00000 -0.00000 -1.00000 -0.00000
1616517837124761 1.00000 0.00238 0.00000 -0.00051 0.00238 -1.00000 0.00000 0.00150 0.00000 -0.00000 -1.00000 0.00000
1616517837374145 0.99999 0.00461 0.00000 -0.00627 0.00461 -0.99999 0.00000 -0.00765 0.00000 -0.00000 -1.00000 -0.00000
1616517837623527 0.99999 0.00547 0.00000 -0.04849 0.00547 -0.99999 0.00000 -0.00434 0.00000 -0.00000 -1.00000 -0.00000
1616517837873528 0.99999 0.00430 0.00000 0.00572 0.00430 -0.99999 0.00000 -0.03007 0.00000 -0.00000 -1.00000 -0.00000
1616517838123536 1.00000 -0.00021 0.00000 0.00896 -0.00021 -1.00000 0.00000 -0.00780 -0.00000 -0.00000 -1.00000 -0.00000
1616517838372908 0.99996 0.00845 0.00000 0.00502 0.00845 -0.99996 0.00000 -0.03504 0.00000 -0.00000 -1.00000 -0.00000
1616517838623542 0.99999 0.00461 -0.00000 -0.04614 0.00461 -0.99999 0.00000 0.01900 0.00000 -0.00000 -1.00000 0.00000
1616517838873541 1.00000 0.00041 0.00000 0.00723 0.00041 -1.00000 0.00000 -0.06115 0.00000 -0.00000 -1.00000 -0.00000
1616517839124174 0.99999 0.00502 0.00000 0.03314 0.00502 -0.99999 0.00000 -0.04122 0.00000 -0.00000 -1.00000 -0.00000
1616517839374804 1.00000 0.00247 0.00000 -0.02417 0.00247 -1.00000 0.00000 0.02784 0.00000 -0.00000 -1.00000 0.00000
1616517839624809 1.00000 -0.00037 0.00000 -0.00125 -0.00037 -1.00000 0.00000 -0.01254 -0.00000 -0.00000 -1.00000 -0.00000
1616517839874185 0.99999 0.00501 0.00000 0.02366 0.00501 -0.99999 0.00000 -0.02561 0.00000 -0.00000 -1.00000 -0.00000
1616517840124191 1.00000 0.00064 0.00000 -0.00954 0.00064 -1.00000 0.00000 0.00643 0.00000 -0.00000 -1.00000 0.00000
1616517840373565 0.99999 0.00536 0.00000 0.02134 0.00536 -0.99999 0.00000 -0.02823 0.00000 -0.00000 -1.00000 -0.00000
1616517840623570 1.00000 0.00184 0.00000 -0.00579 0.00184 -1.00000 0.00000 0.00091 0.00000 -0.00000 -1.00000 0.00000
1616517840872946 0.99997 0.00754 0.00000 0.00892 0.00754 -0.99997 0.00000 -0.02202 0.00000 -0.00000 -1.00000 -0.00000
1616517841122951 1.00000 0.00280 0.00000 -0.00137 0.00280 -1.00000 0.00000 -0.00264 0.00000 -0.00000 -1.00000 -0.00000
1616517841372958 1.00000 -0.00065 0.00000 0.03062 -0.00065 -1.00000 0.00000 -0.03741 -0.00000 -0.00000 -1.00000 -0.00000
1616517841623594 1.00000 0.00172 -0.00000 0.00675 0.00172 -1.00000 0.00000 -0.00165 0.00000 -0.00000 -1.00000 -0.00000
1616517841874218 1.00000 0.00298 0.00000 0.01248 0.00298 -1.00000 0.00000 -0.00639 0.00000 -0.00000 -1.00000 -0.00000
1616517842124846 0.99999 0.00425 -0.00000 0.04792 0.00425 -0.99999 0.00000 -0.02878 0.00000 -0.00000 -1.00000 -0.00000
1616517842375477 0.99999 0.00368 0.00000 -0.00787 0.00368 -0.99999 0.00000 0.01428 0.00000 -0.00000 -1.00000 0.00000
1616517842625483 1.00000 -0.00038 0.00000 0.01334 -0.00038 -1.00000 0.00000 -0.01054 -0.00000 -0.00000 -1.00000 -0.00000
1616517842874864 1.00000 0.00301 -0.00000 0.01669 0.00301 -1.00000 0.00000 -0.01859 0.00000 -0.00000 -1.00000 -0.00000
1616517843124238 1.00000 0.00214 -0.00000 0.01237 0.00214 -1.00000 0.00000 -0.07603 0.00000 -0.00000 -1.00000 -0.00000
1616517843374241 1.00000 0.00116 -0.00000 0.00504 0.00116 -1.00000 0.00000 -0.00398 0.00000 -0.00000 -1.00000 -0.00000
1616517843623620 0.99998 0.00590 0.00000 0.03398 0.00590 -0.99998 0.00000 -0.03718 0.00000 -0.00000 -1.00000 -0.00000
1616517843873624 1.00000 0.00272 0.00000 0.00152 0.00272 -1.00000 0.00000 -0.00520 0.00000 -0.00000 -1.00000 -0.00000
1616517844123002 0.99998 0.00657 0.00000 0.02485 0.00657 -0.99998 0.00000 -0.03504 0.00000 -0.00000 -1.00000 -0.00000
1616517844373003 1.00000 0.00178 -0.00000 0.00596 0.00178 -1.00000 0.00000 -0.00761 0.00000 -0.00000 -1.00000 -0.00000
1616517844623011 1.00000 0.00194 -0.00000 0.03322 0.00194 -1.00000 0.00000 -0.08508 0.00000 -0.00000 -1.00000 -0.00000
1616517844873641 1.00000 0.00005 -0.00000 0.02321 0.00005 -1.00000 0.00000 -0.02282 0.00000 -0.00000 -1.00000 -0.00000
1616517845124274 0.99998 0.00616 -0.00000 0.01576 0.00616 -0.99998 0.00000 -0.01915 0.00000 -0.00000 -1.00000 -0.00000
1616517845375526 1.00000 0.00255 0.00000 -0.00822 0.00255 -1.00000 0.00000 -0.00541 0.00000 -0.00000 -1.00000 -0.00000
1616517845625528 1.00000 0.00080 0.00000 -0.01279 0.00080 -1.00000 0.00000 -0.01711 0.00000 -0.00000 -1.00000 -0.00000
1616517845875530 0.99997 0.00726 0.00000 0.01713 0.00726 -0.99997 0.00000 -0.02915 0.00000 -0.00000 -1.00000 -0.00000
1616517846125536 1.00000 0.00077 -0.00000 -0.01236 0.00077 -1.00000 0.00000 0.00240 0.00000 -0.00000 -1.00000 0.00000
1616517846374917 0.99999 0.00333 0.00000 0.02160 0.00333 -0.99999 0.00000 -0.02914 0.00000 -0.00000 -1.00000 -0.00000
1616517846624917 1.00000 -0.00047 0.00000 0.00887 -0.00047 -1.00000 0.00000 -0.00297 -0.00000 -0.00000 -1.00000 -0.00000
1616517846874294 1.00000 0.00208 0.00000 -0.00910 0.00208 -1.00000 0.00000 -0.01744 0.00000 -0.00000 -1.00000 -0.00000
1616517847123675 1.00000 -0.00004 -0.00000 -0.08773 -0.00004 -1.00000 0.00000 -0.01615 -0.00000 -0.00000 -1.00000 -0.00000
1616517847373688 1.00000 0.00147 0.00000 -0.10871 0.00147 -1.00000 0.00000 -0.01419 0.00000 -0.00000 -1.00000 -0.00000
1616517847623069 0.99997 -0.00732 0.00000 -0.29049 -0.00732 -0.99997 0.00000 -0.02023 -0.00000 -0.00000 -1.00000 -0.00000
1616517847873066 0.99958 -0.02889 -0.00000 -0.51930 -0.02889 -0.99958 0.00000 -0.01402 -0.00000 -0.00000 -1.00000 -0.00000
1616517848123071 0.99874 -0.05016 0.00000 -0.85329 -0.05016 -0.99874 0.00000 -0.09876 -0.00000 -0.00000 -1.00000 -0.00000
1616517848373698 0.99729 -0.07359 0.00000 -1.27897 -0.07359 -0.99729 0.00000 0.01139 -0.00000 -0.00000 -1.00000 0.00000
1616517848624327 0.99352 -0.11368 0.00000 -1.71962 -0.11368 -0.99352 0.00000 -0.04152 -0.00000 -0.00000 -1.00000 -0.00000
1616517848874955 0.98909 -0.14733 0.00000 -2.28839 -0.14733 -0.98909 0.00000 -0.07213 -0.00000 -0.00000 -1.00000 -0.00000
1616517849125585 0.98510 -0.17197 0.00000 -2.97937 -0.17197 -0.98510 0.00000 0.05391 -0.00000 -0.00000 -1.00000 0.00000
1616517849375588 0.98240 -0.18679 0.00000 -3.75059 -0.18679 -0.98240 0.00000 0.10065 -0.00000 -0.00000 -1.00000 0.00000
1616517849624974 0.98116 -0.19320 -0.00000 -4.54420 -0.19320 -0.98116 0.00000 0.08615 -0.00000 -0.00000 -1.00000 0.00000
1616517849874972 0.98020 -0.19800 -0.00000 -5.47875 -0.19800 -0.98020 0.00000 0.17186 -0.00000 -0.00000 -1.00000 0.00000
1616517850124351 0.98181 -0.18986 -0.00000 -6.45385 -0.18986 -0.98181 0.00000 -0.04393 -0.00000 -0.00000 -1.00000 -0.00000
1616517850374358 0.98147 -0.19159 0.00000 -7.53197 -0.19159 -0.98147 0.00000 -0.02312 -0.00000 -0.00000 -1.00000 -0.00000
1616517850624356 0.98236 -0.18700 0.00000 -8.57389 -0.18700 -0.98236 0.00000 -0.07224 -0.00000 -0.00000 -1.00000 -0.00000
1616517850873733 0.98486 -0.17333 -0.00000 -9.68360 -0.17333 -0.98486 0.00000 -0.27071 -0.00000 -0.00000 -1.00000 -0.00000
1616517851123739 0.98562 -0.16899 -0.00000 -10.87224 -0.16899 -0.98562 0.00000 -0.26391 -0.00000 -0.00000 -1.00000 -0.00000
1616517851373747 0.98650 -0.16374 0.00000 -12.09445 -0.16374 -0.98650 0.00000 -0.26467 -0.00000 -0.00000 -1.00000 -0.00000
1616517851623747 0.98826 -0.15281 0.00000 -13.27449 -0.15281 -0.98826 0.00000 -0.45638 -0.00000 -0.00000 -1.00000 -0.00000
1616517851873750 0.99061 -0.13669 0.00000 -14.67610 -0.13669 -0.99061 0.00000 -0.66356 -0.00000 -0.00000 -1.00000 -0.00000
1616517852124381 0.99265 -0.12106 0.00000 -16.12755 -0.12106 -0.99265 0.00000 -0.80641 -0.00000 -0.00000 -1.00000 -0.00000
1616517852375014 0.99363 -0.11266 0.00000 -17.54485 -0.11266 -0.99363 0.00000 -1.05810 -0.00000 -0.00000 -1.00000 -0.00000
1616517852625022 0.99522 -0.09762 0.00000 -18.94660 -0.09762 -0.99522 0.00000 -1.28758 -0.00000 -0.00000 -1.00000 -0.00000
1616517852874397 0.99665 -0.08182 -0.00000 -20.55798 -0.08182 -0.99665 0.00000 -1.62742 -0.00000 -0.00000 -1.00000 -0.00000
1616517853123774 0.99781 -0.06611 -0.00000 -22.11004 -0.06611 -0.99781 0.00000 -2.01549 -0.00000 -0.00000 -1.00000 -0.00000
1616517853373784 0.99806 -0.06220 0.00000 -23.70342 -0.06220 -0.99806 0.00000 -2.06116 -0.00000 -0.00000 -1.00000 -0.00000
1616517853623157 0.99874 -0.05027 0.00000 -25.28505 -0.05027 -0.99874 0.00000 -2.43452 -0.00000 -0.00000 -1.00000 -0.00000
1616517853873158 0.99948 -0.03230 0.00000 -26.90182 -0.03230 -0.99948 0.00000 -2.95789 -0.00000 -0.00000 -1.00000 -0.00000
1616517854123164 0.99992 -0.01258 0.00000 -28.52560 -0.01258 -0.99992 0.00000 -3.48115 -0.00000 -0.00000 -1.00000 -0.00000
1616517854373796 1.00000 0.00314 0.00000 -30.08096 0.00314 -1.00000 0.00000 -4.00217 0.00000 -0.00000 -1.00000 -0.00000
1616517854625052 0.99982 0.01892 0.00000 -31.78444 0.01892 -0.99982 0.00000 -4.47194 0.00000 -0.00000 -1.00000 -0.00000
1616517854875683 0.99963 0.02709 0.00000 -33.58839 0.02709 -0.99963 0.00000 -4.71390 0.00000 -0.00000 -1.00000 -0.00000
1616517855125057 0.99919 0.04013 0.00000 -35.29763 0.04013 -0.99919 0.00000 -5.35965 0.00000 -0.00000 -1.00000 -0.00000
1616517855375062 0.99909 0.04267 -0.00000 -37.08047 0.04267 -0.99909 0.00000 -5.40053 0.00000 -0.00000 -1.00000 -0.00000
1616517855624443 0.99873 0.05043 -0.00000 -38.96988 0.05043 -0.99873 0.00000 -5.62686 0.00000 -0.00000 -1.00000 -0.00000
1616517855874444 0.99862 0.05248 0.00000 -40.86538 0.05248 -0.99862 0.00000 -5.80913 0.00000 -0.00000 -1.00000 -0.00000
1616517856123823 0.99844 0.05591 0.00000 -42.76340 0.05591 -0.99844 0.00000 -5.90800 0.00000 -0.00000 -1.00000 -0.00000
1616517856373827 0.99871 0.05087 -0.00000 -44.77430 0.05087 -0.99871 0.00000 -5.68654 0.00000 -0.00000 -1.00000 -0.00000
1616517856623200 0.99887 0.04760 -0.00000 -46.81109 0.04760 -0.99887 0.00000 -5.61582 0.00000 -0.00000 -1.00000 -0.00000
1616517856872586 0.99883 0.04845 0.00000 -48.89256 0.04845 -0.99883 0.00000 -5.78463 0.00000 -0.00000 -1.00000 -0.00000
1616517857123217 0.99891 0.04664 0.00000 -50.92961 0.04664 -0.99891 0.00000 -5.59704 0.00000 -0.00000 -1.00000 -0.00000
1616517857373219 0.99887 0.04761 0.00000 -53.03906 0.04761 -0.99887 0.00000 -5.70655 0.00000 -0.00000 -1.00000 -0.00000
1616517857624480 0.99862 0.05257 0.00000 -55.12535 0.05257 -0.99862 0.00000 -6.12160 0.00000 -0.00000 -1.00000 -0.00000
1616517857875103 0.99836 0.05729 0.00000 -57.12537 0.05729 -0.99836 0.00000 -6.37192 0.00000 -0.00000 -1.00000 -0.00000
1616517858125730 0.99819 0.06007 0.00000 -59.16372 0.06007 -0.99819 0.00000 -6.44084 0.00000 -0.00000 -1.00000 -0.00000
1616517858375742 0.99853 0.05421 0.00000 -61.33496 0.05421 -0.99853 0.00000 -6.11496 0.00000 -0.00000 -1.00000 -0.00000
1616517858625113 0.99770 0.06780 -0.00000 -63.23993 0.06780 -0.99770 0.00000 -7.08877 0.00000 -0.00000 -1.00000 -0.00000
1616517858875118 0.99813 0.06113 -0.00000 -65.34375 0.06113 -0.99813 0.00000 -6.59675 0.00000 -0.00000 -1.00000 -0.00000
1616517859124495 0.99766 0.06844 0.00000 -67.28926 0.06844 -0.99766 0.00000 -7.17677 0.00000 -0.00000 -1.00000 -0.00000
1616517859374502 0.99825 0.05914 -0.00000 -69.39636 0.05914 -0.99825 0.00000 -6.41638 0.00000 -0.00000 -1.00000 -0.00000
1616517859623878 0.99846 0.05546 -0.00000 -71.39455 0.05546 -0.99846 0.00000 -6.24934 0.00000 -0.00000 -1.00000 -0.00000
1616517859873260 0.99833 0.05769 0.00000 -73.42229 0.05769 -0.99833 0.00000 -6.40337 0.00000 -0.00000 -1.00000 -0.00000
1616517860122637 0.99870 0.05089 0.00000 -75.39227 0.05089 -0.99870 0.00000 -5.99810 0.00000 -0.00000 -1.00000 -0.00000
1616517860373269 0.99935 0.03601 0.00000 -77.50465 0.03601 -0.99935 0.00000 -4.71581 0.00000 -0.00000 -1.00000 -0.00000
1616517860624243 0.99980 0.01994 -0.00000 -79.56147 0.01994 -0.99980 0.00000 -3.54904 0.00000 -0.00000 -1.00000 -0.00000
1616517860875196 0.99999 -0.00416 0.00000 -81.59710 -0.00416 -0.99999 0.00000 -1.75684 -0.00000 -0.00000 -1.00000 -0.00000
1616517861126399 0.99950 -0.03177 0.00000 -83.64736 -0.03177 -0.99950 0.00000 0.56612 -0.00000 -0.00000 -1.00000 0.00000
1616517861376406 0.99804 -0.06262 0.00000 -85.42831 -0.06262 -0.99804 0.00000 3.14513 -0.00000 -0.00000 -1.00000 0.00000
1616517861625783 0.99551 -0.09470 0.00000 -87.28520 -0.09470 -0.99551 0.00000 5.96695 -0.00000 -0.00000 -1.00000 0.00000
1616517861875165 0.98966 -0.14346 0.00000 -88.79495 -0.14346 -0.98966 0.00000 10.06572 -0.00000 -0.00000 -1.00000 0.00000
1616517862125166 0.98010 -0.19852 0.00000 -90.11983 -0.19852 -0.98010 0.00000 15.11116 -0.00000 -0.00000 -1.00000 0.00000
1616517862374545 0.96632 -0.25734 0.00000 -90.95660 -0.25734 -0.96632 0.00000 20.60567 -0.00000 -0.00000 -1.00000 0.00000
1616517862623927 0.94785 -0.31873 0.00000 -91.29613 -0.31873 -0.94785 0.00000 26.29381 -0.00000 -0.00000 -1.00000 0.00000
1616517862873308 0.93023 -0.36697 0.00000 -91.78891 -0.36697 -0.93023 0.00000 30.86988 -0.00000 -0.00000 -1.00000 0.00000
1616517863123320 0.90903 -0.41674 0.00000 -91.99169 -0.41674 -0.90903 0.00000 35.86096 -0.00000 -0.00000 -1.00000 0.00000
1616517863373316 0.88092 -0.47326 0.00000 -91.46612 -0.47326 -0.88092 0.00000 41.63770 -0.00000 -0.00000 -1.00000 0.00000
1616517863623316 0.85303 -0.52187 0.00000 -90.90434 -0.52187 -0.85303 0.00000 46.56551 -0.00000 -0.00000 -1.00000 0.00000
1616517863874572 0.81708 -0.57653 0.00000 -89.54837 -0.57653 -0.81708 0.00000 52.54192 -0.00000 -0.00000 -1.00000 0.00000
1616517864125202 0.77528 -0.63162 0.00000 -87.62554 -0.63162 -0.77528 0.00000 58.30700 -0.00000 -0.00000 -1.00000 0.00000
1616517864375207 0.73500 -0.67806 0.00000 -85.75752 -0.67806 -0.73500 0.00000 63.78608 -0.00000 -0.00000 -1.00000 0.00000
1616517864624593 0.68907 -0.72470 0.00000 -83.26125 -0.72470 -0.68907 0.00000 69.13590 -0.00000 -0.00000 -1.00000 0.00000
1616517864874586 0.63920 -0.76904 0.00000 -80.30596 -0.76904 -0.63920 0.00000 74.57760 -0.00000 -0.00000 -1.00000 0.00000
1616517865123966 0.58270 -0.81269 0.00000 -76.59409 -0.81269 -0.58270 0.00000 80.15377 -0.00000 -0.00000 -1.00000 0.00000
1616517865373975 0.52828 -0.84907 0.00000 -72.99146 -0.84907 -0.52828 0.00000 84.94537 -0.00000 -0.00000 -1.00000 0.00000
1616517865623363 0.47714 -0.87883 0.00000 -69.74703 -0.87883 -0.47714 0.00000 89.09226 -0.00000 -0.00000 -1.00000 0.00000
1616517865872733 0.43171 -0.90201 0.00000 -67.06930 -0.90201 -0.43171 0.00000 92.56209 -0.00000 -0.00000 -1.00000 0.00000
1616517866122733 0.39018 -0.92074 0.00000 -64.64887 -0.92074 -0.39018 0.00000 95.25172 -0.00000 -0.00000 -1.00000 0.00000
1616517866372736 0.36980 -0.92911 0.00000 -64.49022 -0.92911 -0.36980 0.00000 96.65034 -0.00000 -0.00000 -1.00000 0.00000
1616517866623369 0.36002 -0.93294 0.00000 -65.45577 -0.93294 -0.36002 0.00000 97.19823 -0.00000 -0.00000 -1.00000 0.00000
1616517866874623 0.35173 -0.93610 0.00000 -66.57744 -0.93610 -0.35173 0.00000 97.89450 -0.00000 -0.00000 -1.00000 0.00000
1616517867124625 0.35581 -0.93456 0.00000 -68.98091 -0.93456 -0.35581 0.00000 97.37498 -0.00000 -0.00000 -1.00000 0.00000
1616517867375256 0.35483 -0.93493 0.00000 -70.90514 -0.93493 -0.35483 0.00000 97.55996 -0.00000 -0.00000 -1.00000 0.00000
1616517867624628 0.37198 -0.92824 0.00000 -74.70848 -0.92824 -0.37198 0.00000 96.03398 -0.00000 -0.00000 -1.00000 0.00000
1616517867874643 0.38314 -0.92369 0.00000 -77.91242 -0.92369 -0.38314 0.00000 95.23892 -0.00000 -0.00000 -1.00000 0.00000
1616517868124020 0.39779 -0.91748 0.00000 -81.43735 -0.91748 -0.39779 0.00000 93.99823 -0.00000 -0.00000 -1.00000 0.00000
1616517868373397 0.41581 -0.90945 0.00000 -85.25810 -0.90945 -0.41581 0.00000 92.22348 -0.00000 -0.00000 -1.00000 0.00000
1616517868623403 0.43101 -0.90235 0.00000 -88.78460 -0.90235 -0.43101 0.00000 90.73300 -0.00000 -0.00000 -1.00000 0.00000
1616517868873409 0.45165 -0.89220 0.00000 -92.81633 -0.89220 -0.45165 0.00000 88.59626 -0.00000 -0.00000 -1.00000 0.00000
1616517869123409 0.47895 -0.87784 0.00000 -97.39609 -0.87784 -0.47895 0.00000 85.66249 -0.00000 -0.00000 -1.00000 0.00000
1616517869374042 0.50297 -0.86431 0.00000 -101.68755 -0.86431 -0.50297 0.00000 82.76037 -0.00000 -0.00000 -1.00000 0.00000
1616517869624669 0.52643 -0.85022 0.00000 -105.89766 -0.85022 -0.52643 0.00000 79.92717 -0.00000 -0.00000 -1.00000 0.00000
1616517869875297 0.55163 -0.83409 0.00000 -110.18509 -0.83409 -0.55163 0.00000 76.75211 -0.00000 -0.00000 -1.00000 0.00000
1616517870125299 0.57328 -0.81936 0.00000 -114.07070 -0.81936 -0.57328 0.00000 73.84783 -0.00000 -0.00000 -1.00000 0.00000
1616517870374680 0.59246 -0.80560 0.00000 -117.74814 -0.80560 -0.59246 0.00000 71.04614 -0.00000 -0.00000 -1.00000 0.00000
1616517870624685 0.61219 -0.79071 0.00000 -121.37789 -0.79071 -0.61219 0.00000 68.14368 -0.00000 -0.00000 -1.00000 0.00000
1616517870874056 0.63268 -0.77442 0.00000 -125.00902 -0.77442 -0.63268 0.00000 64.79913 -0.00000 -0.00000 -1.00000 0.00000
1616517871123439 0.65281 -0.75752 0.00000 -128.60766 -0.75752 -0.65281 0.00000 61.42408 -0.00000 -0.00000 -1.00000 0.00000
1616517871373441 0.66735 -0.74474 0.00000 -131.72266 -0.74474 -0.66735 0.00000 59.03640 -0.00000 -0.00000 -1.00000 0.00000
1616517871623449 0.67952 -0.73365 0.00000 -134.56556 -0.73365 -0.67952 0.00000 56.84241 -0.00000 -0.00000 -1.00000 0.00000
1616517871873455 0.69110 -0.72276 -0.00000 -137.28268 -0.72276 -0.69110 0.00000 54.58734 -0.00000 -0.00000 -1.00000 0.00000
1616517872124703 0.69879 -0.71532 0.00000 -139.71364 -0.71532 -0.69879 0.00000 53.16131 -0.00000 -0.00000 -1.00000 0.00000
1616517872375333 0.70302 -0.71117 0.00000 -141.85717 -0.71117 -0.70302 0.00000 52.21374 -0.00000 -0.00000 -1.00000 0.00000
1616517872625963 0.71004 -0.70416 0.00000 -144.16516 -0.70416 -0.71004 0.00000 50.86413 -0.00000 -0.00000 -1.00000 0.00000
1616517872875340 0.72098 -0.69296 0.00000 -146.79085 -0.69296 -0.72098 0.00000 48.45872 -0.00000 -0.00000 -1.00000 0.00000
1616517873125343 0.72496 -0.68879 0.00000 -148.77895 -0.68879 -0.72496 0.00000 47.67855 -0.00000 -0.00000 -1.00000 0.00000
1616517873375349 0.73074 -0.68266 0.00000 -150.92117 -0.68266 -0.73074 0.00000 46.40661 -0.00000 -0.00000 -1.00000 0.00000
1616517873624736 0.74087 -0.67165 0.00000 -153.29363 -0.67165 -0.74087 0.00000 44.09381 -0.00000 -0.00000 -1.00000 0.00000
1616517873874732 0.74817 -0.66351 0.00000 -155.43486 -0.66351 -0.74817 0.00000 42.43584 -0.00000 -0.00000 -1.00000 0.00000
1616517874124109 0.77223 -0.63535 0.00000 -158.46580 -0.63535 -0.77223 0.00000 36.61299 -0.00000 -0.00000 -1.00000 0.00000
1616517874373488 0.80533 -0.59282 0.00000 -161.77767 -0.59282 -0.80533 0.00000 27.98000 -0.00000 -0.00000 -1.00000 0.00000
1616517874623497 0.84133 -0.54052 0.00000 -164.64843 -0.54052 -0.84133 0.00000 17.55606 -0.00000 -0.00000 -1.00000 0.00000
1616517874873498 0.87730 -0.47994 0.00000 -166.91621 -0.47994 -0.87730 0.00000 5.85125 -0.00000 -0.00000 -1.00000 0.00000
1616517875124129 0.91530 -0.40277 0.00000 -168.04638 -0.40277 -0.91530 0.00000 -8.45373 -0.00000 -0.00000 -1.00000 -0.00000
1616517875374759 0.95175 -0.30688 0.00000 -167.57740 -0.30688 -0.95175 0.00000 -25.62078 -0.00000 -0.00000 -1.00000 -0.00000
1616517875624762 0.98136 -0.19218 0.00000 -164.52902 -0.19218 -0.98136 0.00000 -45.26493 -0.00000 -0.00000 -1.00000 -0.00000
1616517875874769 0.99786 -0.06532 0.00000 -158.53789 -0.06532 -0.99786 0.00000 -65.89988 -0.00000 -0.00000 -1.00000 -0.00000
1616517876124772 0.99682 0.07970 0.00000 -148.44681 0.07970 -0.99682 0.00000 -88.07796 0.00000 -0.00000 -1.00000 -0.00000
1616517876374150 0.96940 0.24550 0.00000 -132.64313 0.24550 -0.96940 0.00000 -111.64590 0.00000 -0.00000 -1.00000 -0.00000
1616517876624155 0.91862 0.39513 -0.00000 -114.47270 0.39513 -0.91862 0.00000 -131.12558 0.00000 -0.00000 -1.00000 -0.00000
1616517876873574 0.83649 0.54798 0.00000 -91.14085 0.54798 -0.83649 0.00000 -148.94744 0.00000 -0.00000 -1.00000 -0.00000
1616517877123529 0.72717 0.68646 0.00000 -64.47928 0.68646 -0.72717 0.00000 -162.59820 0.00000 -0.00000 -1.00000 -0.00000
1616517877374174 0.59644 0.80266 0.00000 -36.13845 0.80266 -0.59644 0.00000 -171.29214 0.00000 -0.00000 -1.00000 -0.00000
1616517877624800 0.44754 0.89426 0.00000 -6.80489 0.89426 -0.44754 0.00000 -174.97571 0.00000 -0.00000 -1.00000 -0.00000
1616517877876050 0.27486 0.96148 0.00000 24.68920 0.96148 -0.27486 0.00000 -173.15347 0.00000 -0.00000 -1.00000 -0.00000
1616517878126677 0.10027 0.99496 -0.00000 53.93456 0.99496 -0.10027 0.00000 -165.98161 0.00000 -0.00000 -1.00000 -0.00000
1616517878376682 -0.08177 0.99665 0.00000 82.21209 0.99665 0.08177 0.00000 -153.42566 0.00000 0.00000 -1.00000 -0.00000
1616517878626686 -0.25352 0.96733 -0.00000 106.66850 0.96733 0.25352 0.00000 -136.79055 0.00000 0.00000 -1.00000 -0.00000
1616517878876060 -0.41542 0.90963 0.00000 127.52312 0.90963 0.41542 0.00000 -116.44733 0.00000 0.00000 -1.00000 -0.00000
1616517879126064 -0.56417 0.82566 0.00000 144.49584 0.82566 0.56417 0.00000 -93.01923 0.00000 0.00000 -1.00000 -0.00000
1616517879375447 -0.68658 0.72706 0.00000 156.20427 0.72706 0.68658 0.00000 -69.16928 0.00000 0.00000 -1.00000 -0.00000
1616517879624826 -0.78668 0.61736 0.00000 163.65047 0.61736 0.78668 0.00000 -45.25781 0.00000 0.00000 -1.00000 -0.00000
1616517879874835 -0.84948 0.52763 0.00000 166.39695 0.52763 0.84948 0.00000 -27.12130 0.00000 0.00000 -1.00000 -0.00000
1616517880124208 -0.89839 0.43919 0.00000 167.17339 0.43919 0.89839 0.00000 -10.16408 0.00000 0.00000 -1.00000 -0.00000
1616517880374212 -0.92223 0.38665 0.00000 166.14952 0.38665 0.92223 0.00000 -0.53111 0.00000 0.00000 -1.00000 -0.00000
1616517880623598 -0.94521 0.32647 -0.00000 164.68508 0.32647 0.94521 0.00000 10.25467 0.00000 0.00000 -1.00000 0.00000
1616517880873603 -0.95134 0.30815 0.00000 163.00893 0.30815 0.95134 0.00000 13.34002 0.00000 0.00000 -1.00000 0.00000
1616517881124226 -0.95639 0.29211 0.00000 161.48803 0.29211 0.95639 0.00000 16.17631 0.00000 0.00000 -1.00000 0.00000
1616517881374854 -0.95436 0.29867 0.00000 160.02873 0.29867 0.95436 0.00000 15.03556 0.00000 0.00000 -1.00000 0.00000
1616517881625495 -0.95226 0.30529 0.00000 158.71186 0.30529 0.95226 0.00000 13.90589 0.00000 0.00000 -1.00000 0.00000
1616517881875489 -0.94900 0.31529 0.00000 157.28054 0.31529 0.94900 0.00000 12.19549 0.00000 0.00000 -1.00000 0.00000
1616517882126120 -0.93852 0.34524 -0.00000 155.97320 0.34524 0.93852 0.00000 7.21262 0.00000 0.00000 -1.00000 0.00000
1616517882375494 -0.93055 0.36617 0.00000 154.44341 0.36617 0.93055 0.00000 3.72591 0.00000 0.00000 -1.00000 0.00000
1616517882624872 -0.91968 0.39267 -0.00000 152.81019 0.39267 0.91968 0.00000 -0.75348 0.00000 0.00000 -1.00000 -0.00000
1616517882874877 -0.90611 0.42304 0.00000 151.04616 0.42304 0.90611 0.00000 -5.80680 0.00000 0.00000 -1.00000 -0.00000
1616517883124881 -0.88900 0.45791 0.00000 148.95239 0.45791 0.88900 0.00000 -11.71498 0.00000 0.00000 -1.00000 -0.00000
1616517883374260 -0.86928 0.49433 0.00000 146.49489 0.49433 0.86928 0.00000 -17.93018 0.00000 0.00000 -1.00000 -0.00000
1616517883624264 -0.84658 0.53226 0.00000 143.79789 0.53226 0.84658 0.00000 -24.43065 0.00000 0.00000 -1.00000 -0.00000
1616517883873648 -0.82175 0.56985 0.00000 140.59421 0.56985 0.82175 0.00000 -31.02370 0.00000 0.00000 -1.00000 -0.00000
1616517884123648 -0.79718 0.60374 -0.00000 137.32751 0.60374 0.79718 0.00000 -36.80883 0.00000 0.00000 -1.00000 -0.00000
1616517884373651 -0.76549 0.64345 0.00000 133.38464 0.64345 0.76549 0.00000 -43.71838 0.00000 0.00000 -1.00000 -0.00000
1616517884624279 -0.73213 0.68117 0.00000 129.10064 0.68117 0.73213 0.00000 -50.32099 0.00000 0.00000 -1.00000 -0.00000
1616517884874955 -0.69926 0.71487 0.00000 124.65622 0.71487 0.69926 0.00000 -56.55100 0.00000 0.00000 -1.00000 -0.00000
1616517885125539 -0.67232 0.74026 0.00000 120.49949 0.74026 0.67232 0.00000 -61.12785 0.00000 0.00000 -1.00000 -0.00000
1616517885376168 -0.63936 0.76891 0.00000 115.75034 0.76891 0.63936 0.00000 -66.26952 0.00000 0.00000 -1.00000 -0.00000
1616517885625545 -0.60739 0.79441 0.00000 111.09063 0.79441 0.60739 0.00000 -71.05132 0.00000 0.00000 -1.00000 -0.00000
1616517885874926 -0.56775 0.82320 0.00000 105.65601 0.82320 0.56775 0.00000 -76.35765 0.00000 0.00000 -1.00000 -0.00000
1616517886124309 -0.52597 0.85051 0.00000 99.77862 0.85051 0.52597 0.00000 -81.58918 0.00000 0.00000 -1.00000 -0.00000
1616517886374313 -0.48238 0.87596 0.00000 93.60332 0.87596 0.48238 0.00000 -86.43251 0.00000 0.00000 -1.00000 -0.00000
1616517886624314 -0.43924 0.89837 0.00000 87.37647 0.89837 0.43924 0.00000 -90.91356 0.00000 0.00000 -1.00000 -0.00000
1616517886873692 -0.39401 0.91911 -0.00000 80.83861 0.91911 0.39401 0.00000 -95.19212 0.00000 0.00000 -1.00000 -0.00000
1616517887123074 -0.36588 0.93066 0.00000 75.94189 0.93066 0.36588 0.00000 -97.74698 0.00000 0.00000 -1.00000 -0.00000
1616517887373079 -0.34017 0.94036 -0.00000 71.26357 0.94036 0.34017 0.00000 -99.68986 0.00000 0.00000 -1.00000 -0.00000
1616517887623084 -0.32391 0.94609 0.00000 67.58938 0.94609 0.32391 0.00000 -101.07103 0.00000 0.00000 -1.00000 -0.00000
1616517887873708 -0.32116 0.94703 -0.00000 65.36383 0.94703 0.32116 0.00000 -101.30315 0.00000 0.00000 -1.00000 -0.00000
1616517888124336 -0.32320 0.94633 0.00000 63.67076 0.94633 0.32320 0.00000 -101.22115 0.00000 0.00000 -1.00000 -0.00000
1616517888375595 -0.32700 0.94502 0.00000 62.21316 0.94502 0.32700 0.00000 -100.85869 0.00000 0.00000 -1.00000 -0.00000
1616517888625601 -0.34292 0.93936 0.00000 62.00144 0.93936 0.34292 0.00000 -99.79211 0.00000 0.00000 -1.00000 -0.00000
1616517888875600 -0.36666 0.93035 0.00000 62.60774 0.93035 0.36666 0.00000 -98.01801 0.00000 0.00000 -1.00000 -0.00000
1616517889124979 -0.39656 0.91801 0.00000 63.92230 0.91801 0.39656 0.00000 -96.24064 0.00000 0.00000 -1.00000 -0.00000
1616517889374365 -0.42857 0.90351 0.00000 65.50413 0.90351 0.42857 0.00000 -94.05606 0.00000 0.00000 -1.00000 -0.00000
1616517889623749 -0.46996 0.88269 0.00000 67.92274 0.88269 0.46996 0.00000 -91.01610 0.00000 0.00000 -1.00000 -0.00000
1616517889873740 -0.50879 0.86089 0.00000 70.01619 0.86089 0.50879 0.00000 -87.63654 0.00000 0.00000 -1.00000 -0.00000
1616517890123744 -0.56112 0.82774 0.00000 73.53874 0.82774 0.56112 0.00000 -83.25865 0.00000 0.00000 -1.00000 -0.00000
1616517890373744 -0.60916 0.79305 0.00000 76.55612 0.79305 0.60916 0.00000 -78.89307 0.00000 0.00000 -1.00000 -0.00000
1616517890625005 -0.66586 0.74607 0.00000 80.38535 0.74607 0.66586 0.00000 -73.22193 0.00000 0.00000 -1.00000 -0.00000
1616517890876260 -0.71234 0.70183 0.00000 83.05797 0.70183 0.71234 0.00000 -67.79503 0.00000 0.00000 -1.00000 -0.00000
1616517891126889 -0.75771 0.65259 0.00000 85.56553 0.65259 0.75771 0.00000 -62.13437 0.00000 0.00000 -1.00000 -0.00000
1616517891376890 -0.79959 0.60055 0.00000 87.71150 0.60055 0.79959 0.00000 -56.40143 0.00000 0.00000 -1.00000 -0.00000
1616517891626271 -0.83558 0.54937 -0.00000 89.22908 0.54937 0.83558 0.00000 -50.85303 0.00000 0.00000 -1.00000 -0.00000
1616517891876274 -0.86948 0.49396 0.00000 90.47682 0.49396 0.86948 0.00000 -44.89454 0.00000 0.00000 -1.00000 -0.00000
1616517892125655 -0.90246 0.43076 0.00000 91.54303 0.43076 0.90246 0.00000 -38.46408 0.00000 0.00000 -1.00000 -0.00000
1616517892375658 -0.92432 0.38162 0.00000 91.65566 0.38162 0.92432 0.00000 -33.51631 0.00000 0.00000 -1.00000 -0.00000
1616517892625040 -0.94535 0.32607 0.00000 91.59855 0.32607 0.94535 0.00000 -28.03950 0.00000 0.00000 -1.00000 -0.00000
1616517892875082 -0.96180 0.27376 0.00000 91.12963 0.27376 0.96180 0.00000 -23.07246 0.00000 0.00000 -1.00000 -0.00000
1616517893124420 -0.97511 0.22174 0.00000 90.32955 0.22174 0.97511 0.00000 -18.18065 0.00000 0.00000 -1.00000 -0.00000
1616517893374423 -0.98195 0.18914 -0.00000 89.08018 0.18914 0.98195 0.00000 -15.10645 0.00000 0.00000 -1.00000 -0.00000
1616517893623805 -0.98959 0.14391 0.00000 87.74736 0.14391 0.98959 0.00000 -11.00241 0.00000 0.00000 -1.00000 -0.00000
1616517893873807 -0.99313 0.11699 0.00000 86.07796 0.11699 0.99313 0.00000 -8.69109 0.00000 0.00000 -1.00000 -0.00000
1616517894124435 -0.99524 0.09746 0.00000 84.45089 0.09746 0.99524 0.00000 -7.01613 0.00000 0.00000 -1.00000 -0.00000
1616517894376313 -0.99694 0.07816 0.00000 82.75967 0.07816 0.99694 0.00000 -5.36160 0.00000 0.00000 -1.00000 -0.00000
1616517894626318 -0.99799 0.06335 0.00000 81.04338 0.06335 0.99799 0.00000 -4.13519 0.00000 0.00000 -1.00000 -0.00000
1616517894876323 -0.99898 0.04519 0.00000 79.25800 0.04519 0.99898 0.00000 -2.72575 0.00000 0.00000 -1.00000 -0.00000
1616517895126323 -0.99920 0.04006 0.00000 77.51086 0.04006 0.99920 0.00000 -2.26845 0.00000 0.00000 -1.00000 -0.00000
1616517895375705 -0.99962 0.02767 -0.00000 75.83202 0.02767 0.99962 0.00000 -1.36185 0.00000 0.00000 -1.00000 -0.00000
1616517895625086 -0.99981 0.01928 -0.00000 74.15286 0.01928 0.99981 0.00000 -0.77189 0.00000 0.00000 -1.00000 -0.00000
1616517895875088 -0.99992 0.01275 0.00000 72.45749 0.01275 0.99992 0.00000 -0.30349 0.00000 0.00000 -1.00000 -0.00000
1616517896124465 -0.99999 0.00508 -0.00000 70.86018 0.00508 0.99999 0.00000 0.19410 0.00000 0.00000 -1.00000 0.00000
1616517896373846 -0.99999 -0.00457 0.00000 69.25634 -0.00457 0.99999 0.00000 0.85496 -0.00000 0.00000 -1.00000 0.00000
1616517896623851 -0.99997 -0.00772 0.00000 67.68722 -0.00772 0.99997 0.00000 1.12788 -0.00000 0.00000 -1.00000 0.00000
1616517896873864 -0.99985 -0.01705 0.00000 66.13148 -0.01705 0.99985 0.00000 1.78013 -0.00000 0.00000 -1.00000 0.00000
1616517897124483 -0.99992 -0.01288 0.00000 64.60009 -0.01288 0.99992 0.00000 1.42211 -0.00000 0.00000 -1.00000 0.00000
1616517897375113 -0.99979 -0.02035 -0.00000 63.09027 -0.02035 0.99979 0.00000 1.87435 -0.00000 0.00000 -1.00000 0.00000
1616517897626372 -0.99983 -0.01828 0.00000 61.66420 -0.01828 0.99983 0.00000 1.71340 -0.00000 0.00000 -1.00000 0.00000
1616517897876368 -0.99974 -0.02265 -0.00000 60.30047 -0.02265 0.99974 0.00000 1.92185 -0.00000 0.00000 -1.00000 0.00000
1616517898126378 -0.99984 -0.01781 0.00000 59.01196 -0.01781 0.99984 0.00000 1.52027 -0.00000 0.00000 -1.00000 0.00000
1616517898375754 -0.99984 -0.01810 0.00000 57.78049 -0.01810 0.99984 0.00000 1.55209 -0.00000 0.00000 -1.00000 0.00000
1616517898625760 -0.99996 -0.00850 0.00000 56.55740 -0.00850 0.99996 0.00000 1.01671 -0.00000 0.00000 -1.00000 0.00000
1616517898875140 -0.99992 -0.01271 0.00000 55.43550 -0.01271 0.99992 0.00000 1.24959 -0.00000 0.00000 -1.00000 0.00000
1616517899124521 -0.99992 -0.01232 0.00000 54.21687 -0.01232 0.99992 0.00000 1.19636 -0.00000 0.00000 -1.00000 0.00000
1616517899374521 -0.99990 -0.01429 -0.00000 53.12188 -0.01429 0.99990 0.00000 1.31987 -0.00000 0.00000 -1.00000 0.00000
1616517899623903 -0.99968 -0.02528 0.00000 51.96249 -0.02528 0.99968 0.00000 1.82686 -0.00000 0.00000 -1.00000 0.00000
1616517899873902 -0.99922 -0.03945 0.00000 50.78607 -0.03945 0.99922 0.00000 2.71109 -0.00000 0.00000 -1.00000 0.00000
1616517900123905 -0.99811 -0.06140 0.00000 49.50020 -0.06140 0.99811 0.00000 3.65002 -0.00000 0.00000 -1.00000 0.00000
1616517900374538 -0.99665 -0.08182 0.00000 48.15602 -0.08182 0.99665 0.00000 4.62729 -0.00000 0.00000 -1.00000 0.00000
1616517900625166 -0.99518 -0.09811 0.00000 46.70304 -0.09811 0.99518 0.00000 5.32011 -0.00000 0.00000 -1.00000 0.00000
1616517900875837 -0.99439 -0.10578 0.00000 45.28706 -0.10578 0.99439 0.00000 5.71896 -0.00000 0.00000 -1.00000 0.00000
1616517901125802 -0.99368 -0.11226 0.00000 43.85231 -0.11226 0.99368 0.00000 6.01037 -0.00000 0.00000 -1.00000 0.00000
1616517901375183 -0.99372 -0.11188 0.00000 42.35345 -0.11188 0.99372 0.00000 5.94075 -0.00000 0.00000 -1.00000 0.00000
1616517901624558 -0.99540 -0.09576 0.00000 40.88490 -0.09576 0.99540 0.00000 5.18215 -0.00000 0.00000 -1.00000 0.00000
1616517901873939 -0.99688 -0.07894 0.00000 39.44148 -0.07894 0.99688 0.00000 4.55704 -0.00000 0.00000 -1.00000 0.00000
1616517902123938 -0.99820 -0.05992 0.00000 37.88178 -0.05992 0.99820 0.00000 3.91525 -0.00000 0.00000 -1.00000 0.00000
1616517902373941 -0.99894 -0.04605 0.00000 36.24275 -0.04605 0.99894 0.00000 3.28970 -0.00000 0.00000 -1.00000 0.00000
1616517902624571 -0.99967 -0.02575 -0.00000 34.67792 -0.02575 0.99967 0.00000 2.62552 -0.00000 0.00000 -1.00000 0.00000
1616517902875207 -0.99998 -0.00583 0.00000 32.90586 -0.00583 0.99998 0.00000 1.82933 -0.00000 0.00000 -1.00000 0.00000
1616517903125835 -0.99993 0.01211 0.00000 31.11473 0.01211 0.99993 0.00000 1.14086 0.00000 0.00000 -1.00000 0.00000
1616517903375838 -0.99952 0.03095 0.00000 29.37932 0.03095 0.99952 0.00000 0.55714 0.00000 0.00000 -1.00000 0.00000
1616517903626467 -0.99869 0.05111 0.00000 27.42097 0.05111 0.99869 0.00000 -0.01379 0.00000 0.00000 -1.00000 -0.00000
1616517903875843 -0.99813 0.06112 -0.00000 25.49212 0.06112 0.99813 0.00000 -0.32116 0.00000 0.00000 -1.00000 -0.00000
1616517904125225 -0.99777 0.06670 0.00000 23.60186 0.06670 0.99777 0.00000 -0.59943 0.00000 0.00000 -1.00000 -0.00000
1616517904375227 -0.99644 0.08430 -0.00000 21.51855 0.08430 0.99644 0.00000 -1.02804 0.00000 0.00000 -1.00000 -0.00000
1616517904624607 -0.99606 0.08868 0.00000 19.53896 0.08868 0.99606 0.00000 -1.17771 0.00000 0.00000 -1.00000 -0.00000
1616517904873996 -0.99593 0.09009 0.00000 17.42875 0.09009 0.99593 0.00000 -1.17581 0.00000 0.00000 -1.00000 -0.00000
1616517905123991 -0.99569 0.09274 0.00000 15.47599 0.09274 0.99569 0.00000 -1.19037 0.00000 0.00000 -1.00000 -0.00000
1616517905373369 -0.99581 0.09144 0.00000 13.34331 0.09144 0.99581 0.00000 -1.24335 0.00000 0.00000 -1.00000 -0.00000
1616517905624011 -0.99542 0.09559 0.00000 11.28213 0.09559 0.99542 0.00000 -1.32793 0.00000 0.00000 -1.00000 -0.00000
1616517905874624 -0.99455 0.10430 0.00000 9.20223 0.10430 0.99455 0.00000 -1.43357 0.00000 0.00000 -1.00000 -0.00000
1616517906125880 -0.99510 0.09883 -0.00000 7.20127 0.09883 0.99510 0.00000 -1.36302 0.00000 0.00000 -1.00000 -0.00000
1616517906375883 -0.99524 0.09744 -0.00000 5.06975 0.09744 0.99524 0.00000 -1.35278 0.00000 0.00000 -1.00000 -0.00000
1616517906625899 -0.99513 0.09858 0.00000 3.04499 0.09858 0.99513 0.00000 -1.35230 0.00000 0.00000 -1.00000 -0.00000
1616517906875268 -0.99524 0.09743 0.00000 1.05903 0.09743 0.99524 0.00000 -1.39291 0.00000 0.00000 -1.00000 -0.00000
1616517907125272 -0.99497 0.10015 0.00000 -0.95523 0.10015 0.99497 0.00000 -1.37977 0.00000 0.00000 -1.00000 -0.00000
1616517907374648 -0.99595 0.08996 0.00000 -2.96148 0.08996 0.99595 0.00000 -1.42427 0.00000 0.00000 -1.00000 -0.00000
1616517907624032 -0.99662 0.08211 0.00000 -4.97275 0.08211 0.99662 0.00000 -1.58379 0.00000 0.00000 -1.00000 -0.00000
1616517907874032 -0.99687 0.07900 0.00000 -7.00059 0.07900 0.99687 0.00000 -1.64224 0.00000 0.00000 -1.00000 -0.00000
1616517908124037 -0.99687 0.07902 0.00000 -8.91856 0.07902 0.99687 0.00000 -1.70586 0.00000 0.00000 -1.00000 -0.00000
1616517908375291 -0.99665 0.08184 -0.00000 -10.85695 0.08184 0.99665 0.00000 -1.61966 0.00000 0.00000 -1.00000 -0.00000
1616517908625297 -0.99673 0.08086 0.00000 -12.88859 0.08086 0.99673 0.00000 -1.68466 0.00000 0.00000 -1.00000 -0.00000
1616517908875926 -0.99682 0.07970 0.00000 -14.88548 0.07970 0.99682 0.00000 -1.71993 0.00000 0.00000 -1.00000 -0.00000
1616517909125303 -0.99695 0.07807 0.00000 -16.83239 0.07807 0.99695 0.00000 -1.98205 0.00000 0.00000 -1.00000 -0.00000
1616517909375304 -0.99510 0.09888 0.00000 -18.87636 0.09888 0.99510 0.00000 -1.44361 0.00000 0.00000 -1.00000 -0.00000
1616517909624682 -0.99533 0.09649 0.00000 -20.78666 0.09649 0.99533 0.00000 -1.52208 0.00000 0.00000 -1.00000 -0.00000
1616517909874687 -0.99403 0.10912 0.00000 -22.84467 0.10912 0.99403 0.00000 -1.43257 0.00000 0.00000 -1.00000 -0.00000
1616517910124694 -0.99397 0.10961 0.00000 -24.86337 0.10961 0.99397 0.00000 -1.41072 0.00000 0.00000 -1.00000 -0.00000
1616517910374070 -0.99471 0.10275 0.00000 -26.89948 0.10275 0.99471 0.00000 -1.55167 0.00000 0.00000 -1.00000 -0.00000
1616517910623450 -0.99626 0.08638 0.00000 -28.86975 0.08638 0.99626 0.00000 -2.14936 0.00000 0.00000 -1.00000 -0.00000
1616517910874090 -0.99672 0.08098 0.00000 -30.92019 0.08098 0.99672 0.00000 -2.23844 0.00000 0.00000 -1.00000 -0.00000
1616517911125339 -0.99774 0.06715 0.00000 -32.84626 0.06715 0.99774 0.00000 -2.49615 0.00000 0.00000 -1.00000 -0.00000
1616517911375341 -0.99906 0.04342 0.00000 -34.72320 0.04342 0.99906 0.00000 -3.34988 0.00000 0.00000 -1.00000 -0.00000
1616517911625345 -0.99949 0.03193 0.00000 -36.63393 0.03193 0.99949 0.00000 -3.79314 0.00000 0.00000 -1.00000 -0.00000
1616517911875349 -0.99997 0.00812 0.00000 -38.48919 0.00812 0.99997 0.00000 -4.65288 0.00000 0.00000 -1.00000 -0.00000
1616517912125353 -0.99996 -0.00875 0.00000 -40.34722 -0.00875 0.99996 0.00000 -5.27837 -0.00000 0.00000 -1.00000 -0.00000
1616517912375358 -0.99978 -0.02095 0.00000 -42.16060 -0.02095 0.99978 0.00000 -5.85683 -0.00000 0.00000 -1.00000 -0.00000
1616517912624737 -0.99892 -0.04637 0.00000 -43.92915 -0.04637 0.99892 0.00000 -7.02248 -0.00000 0.00000 -1.00000 -0.00000
1616517912874742 -0.99828 -0.05869 0.00000 -45.70218 -0.05869 0.99828 0.00000 -7.47754 -0.00000 0.00000 -1.00000 -0.00000
1616517913124743 -0.99788 -0.06506 0.00000 -47.45427 -0.06506 0.99788 0.00000 -7.83819 -0.00000 0.00000 -1.00000 -0.00000
1616517913374123 -0.99640 -0.08477 0.00000 -48.94197 -0.08477 0.99640 0.00000 -8.80941 -0.00000 0.00000 -1.00000 -0.00000
1616517913623512 -0.99630 -0.08596 0.00000 -50.67979 -0.08596 0.99630 0.00000 -8.92056 -0.00000 0.00000 -1.00000 -0.00000
1616517913873528 -0.99553 -0.09445 0.00000 -52.22494 -0.09445 0.99553 0.00000 -9.35993 -0.00000 0.00000 -1.00000 -0.00000
1616517914124133 -0.99580 -0.09156 0.00000 -53.82837 -0.09156 0.99580 0.00000 -9.21823 -0.00000 0.00000 -1.00000 -0.00000
1616517914374763 -0.99697 -0.07783 -0.00000 -55.50964 -0.07783 0.99697 0.00000 -8.71966 -0.00000 0.00000 -1.00000 -0.00000
1616517914625391 -0.99823 -0.05944 0.00000 -57.12927 -0.05944 0.99823 0.00000 -7.63551 -0.00000 0.00000 -1.00000 -0.00000
1616517914876024 -0.99933 -0.03658 0.00000 -58.66298 -0.03658 0.99933 0.00000 -6.28982 -0.00000 0.00000 -1.00000 -0.00000
1616517915126022 -1.00000 -0.00037 0.00000 -60.15893 -0.00037 1.00000 0.00000 -4.22455 -0.00000 0.00000 -1.00000 -0.00000
1616517915376028 -0.99826 0.05889 0.00000 -61.57547 0.05889 0.99826 0.00000 -0.59670 0.00000 0.00000 -1.00000 -0.00000
1616517915626029 -0.99324 0.11606 0.00000 -62.62190 0.11606 0.99324 0.00000 2.91002 0.00000 0.00000 -1.00000 0.00000
1616517915875412 -0.98270 0.18521 0.00000 -63.36214 0.18521 0.98270 0.00000 7.25350 0.00000 0.00000 -1.00000 0.00000
1616517916124794 -0.96517 0.26163 0.00000 -63.66799 0.26163 0.96517 0.00000 12.17158 0.00000 0.00000 -1.00000 0.00000
1616517916374798 -0.93848 0.34532 -0.00000 -63.37233 0.34532 0.93848 0.00000 17.68748 0.00000 0.00000 -1.00000 0.00000
1616517916624171 -0.90145 0.43289 0.00000 -62.46594 0.43289 0.90145 0.00000 23.64531 0.00000 0.00000 -1.00000 0.00000
