1617128628173077 1.00000 0.00000 0.00000 -0.00000 0.00000 -1.00000 0.00000 0.00000 0.00000 -0.00000 -1.00000 0.00000
1617128628423073 1.00000 0.00189 0.00000 0.03198 0.00189 -1.00000 0.00000 -0.08457 0.00000 -0.00000 -1.00000 -0.00000
1617128628673082 1.00000 0.00111 0.00000 0.01709 0.00111 -1.00000 0.00000 -0.07788 0.00000 -0.00000 -1.00000 -0.00000
1617128628922456 1.00000 0.00000 0.00000 0.05547 0.00000 -1.00000 0.00000 -0.11672 0.00000 -0.00000 -1.00000 -0.00000
1617128629172465 0.99998 -0.00660 0.00000 0.03232 -0.00660 -0.99998 0.00000 -0.03892 -0.00000 -0.00000 -1.00000 -0.00000
1617128629421212 1.00000 -0.00072 0.00000 0.05746 -0.00072 -1.00000 0.00000 -0.08889 -0.00000 -0.00000 -1.00000 -0.00000
1617128629671230 1.00000 0.00099 0.00000 0.01307 0.00099 -1.00000 0.00000 -0.04959 0.00000 -0.00000 -1.00000 -0.00000
1617128629921226 1.00000 0.00170 -0.00000 0.02663 0.00170 -1.00000 0.00000 -0.09592 0.00000 -0.00000 -1.00000 -0.00000
1617128630171859 1.00000 -0.00116 0.00000 0.00387 -0.00116 -1.00000 0.00000 -0.01781 -0.00000 -0.00000 -1.00000 -0.00000
1617128630421859 1.00000 0.00113 -0.00000 0.02659 0.00113 -1.00000 0.00000 -0.06690 0.00000 -0.00000 -1.00000 -0.00000
1617128630672489 1.00000 0.00132 0.00000 0.01273 0.00132 -1.00000 0.00000 -0.01765 0.00000 -0.00000 -1.00000 -0.00000
1617128630922489 1.00000 0.00158 0.00000 0.01203 0.00158 -1.00000 0.00000 -0.03695 0.00000 -0.00000 -1.00000 -0.00000
1617128631173121 1.00000 -0.00006 0.00000 0.00272 -0.00006 -1.00000 0.00000 0.01730 -0.00000 -0.00000 -1.00000 0.00000
1617128631423125 1.00000 0.00078 0.00000 0.00923 0.00078 -1.00000 0.00000 -0.08681 0.00000 -0.00000 -1.00000 -0.00000
1617128631673758 0.99999 -0.00420 0.00000 0.03207 -0.00420 -0.99999 0.00000 -0.05427 -0.00000 -0.00000 -1.00000 -0.00000
1617128631923137 1.00000 -0.00104 -0.00000 0.01508 -0.00104 -1.00000 0.00000 -0.03988 -0.00000 -0.00000 -1.00000 -0.00000
1617128632172516 1.00000 0.00143 0.00000 -0.03421 0.00143 -1.00000 0.00000 -0.05781 0.00000 -0.00000 -1.00000 -0.00000
1617128632421891 0.99999 -0.00542 0.00000 -0.06217 -0.00542 -0.99999 0.00000 -0.15374 -0.00000 -0.00000 -1.00000 -0.00000
1617128632671268 1.00000 -0.00285 0.00000 -0.14184 -0.00285 -1.00000 0.00000 -0.07285 -0.00000 -0.00000 -1.00000 -0.00000
1617128632921271 0.99998 -0.00612 0.00000 -0.23008 -0.00612 -0.99998 0.00000 -0.04748 -0.00000 -0.00000 -1.00000 -0.00000
1617128633171283 0.99995 -0.01047 0.00000 -0.32096 -0.01047 -0.99995 0.00000 -0.07434 -0.00000 -0.00000 -1.00000 -0.00000
1617128633421279 0.99997 -0.00746 -0.00000 -0.54137 -0.00746 -0.99997 0.00000 -0.09324 -0.00000 -0.00000 -1.00000 -0.00000
1617128633671902 0.99978 -0.02088 -0.00000 -0.80802 -0.02088 -0.99978 0.00000 -0.07105 -0.00000 -0.00000 -1.00000 -0.00000
1617128633921915 0.99956 -0.02963 0.00000 -1.25577 -0.02963 -0.99956 0.00000 -0.09910 -0.00000 -0.00000 -1.00000 -0.00000
1617128634172544 0.99894 -0.04612 0.00000 -1.79487 -0.04612 -0.99894 0.00000 -0.07870 -0.00000 -0.00000 -1.00000 -0.00000
1617128634422544 0.99864 -0.05220 0.00000 -2.36984 -0.05220 -0.99864 0.00000 -0.16617 -0.00000 -0.00000 -1.00000 -0.00000
1617128634673171 0.99789 -0.06495 0.00000 -3.06833 -0.06495 -0.99789 0.00000 -0.02592 -0.00000 -0.00000 -1.00000 -0.00000
1617128634923805 0.99762 -0.06889 -0.00000 -3.83359 -0.06889 -0.99762 0.00000 0.06846 -0.00000 -0.00000 -1.00000 0.00000
1617128635173820 0.99705 -0.07677 0.00000 -4.67702 -0.07677 -0.99705 0.00000 0.03261 -0.00000 -0.00000 -1.00000 0.00000
1617128635423188 0.99686 -0.07923 0.00000 -5.63623 -0.07923 -0.99686 0.00000 0.02718 -0.00000 -0.00000 -1.00000 0.00000
1617128635672574 0.99633 -0.08556 0.00000 -6.64684 -0.08556 -0.99633 0.00000 0.00456 -0.00000 -0.00000 -1.00000 0.00000
1617128635921938 0.99651 -0.08345 0.00000 -7.66509 -0.08345 -0.99651 0.00000 0.03191 -0.00000 -0.00000 -1.00000 0.00000
1617128636171953 0.99553 -0.09449 0.00000 -8.69566 -0.09449 -0.99553 0.00000 0.09470 -0.00000 -0.00000 -1.00000 0.00000
1617128636421329 0.99615 -0.08769 0.00000 -9.83325 -0.08769 -0.99615 0.00000 -0.01918 -0.00000 -0.00000 -1.00000 -0.00000
1617128636671962 0.99546 -0.09521 0.00000 -10.99020 -0.09521 -0.99546 0.00000 0.20674 -0.00000 -0.00000 -1.00000 0.00000
1617128636921956 0.99563 -0.09336 0.00000 -12.14766 -0.09336 -0.99563 0.00000 0.03210 -0.00000 -0.00000 -1.00000 0.00000
1617128637172585 0.99466 -0.10321 -0.00000 -13.48427 -0.10321 -0.99466 0.00000 0.10924 -0.00000 -0.00000 -1.00000 0.00000
1617128637421969 0.99601 -0.08920 0.00000 -14.68106 -0.08920 -0.99601 0.00000 -0.06363 -0.00000 -0.00000 -1.00000 -0.00000
1617128637672605 0.99598 -0.08962 0.00000 -16.06735 -0.08962 -0.99598 0.00000 -0.08423 -0.00000 -0.00000 -1.00000 -0.00000
1617128637923228 0.99620 -0.08706 0.00000 -17.39412 -0.08706 -0.99620 0.00000 -0.10389 -0.00000 -0.00000 -1.00000 -0.00000
1617128638173233 0.99713 -0.07577 0.00000 -18.87943 -0.07577 -0.99713 0.00000 -0.39875 -0.00000 -0.00000 -1.00000 -0.00000
1617128638423230 0.99790 -0.06485 0.00000 -20.33672 -0.06485 -0.99790 0.00000 -0.63856 -0.00000 -0.00000 -1.00000 -0.00000
1617128638672621 0.99809 -0.06174 0.00000 -21.80979 -0.06174 -0.99809 0.00000 -0.80572 -0.00000 -0.00000 -1.00000 -0.00000
1617128638921991 0.99857 -0.05342 0.00000 -23.34703 -0.05342 -0.99857 0.00000 -0.98626 -0.00000 -0.00000 -1.00000 -0.00000
1617128639171993 0.99854 -0.05405 0.00000 -24.95096 -0.05405 -0.99854 0.00000 -0.90059 -0.00000 -0.00000 -1.00000 -0.00000
1617128639421375 0.99908 -0.04288 0.00000 -26.61072 -0.04288 -0.99908 0.00000 -1.22638 -0.00000 -0.00000 -1.00000 -0.00000
1617128639671386 0.99933 -0.03659 -0.00000 -28.20127 -0.03659 -0.99933 0.00000 -1.47533 -0.00000 -0.00000 -1.00000 -0.00000
1617128639921381 0.99972 -0.02348 0.00000 -29.93409 -0.02348 -0.99972 0.00000 -1.92346 -0.00000 -0.00000 -1.00000 -0.00000
1617128640171391 0.99990 -0.01404 0.00000 -31.57931 -0.01404 -0.99990 0.00000 -2.14319 -0.00000 -0.00000 -1.00000 -0.00000
1617128640421394 0.99992 -0.01247 -0.00000 -33.33503 -0.01247 -0.99992 0.00000 -2.26759 -0.00000 -0.00000 -1.00000 -0.00000
1617128640671400 0.99999 0.00336 0.00000 -35.02072 0.00336 -0.99999 0.00000 -2.83068 0.00000 -0.00000 -1.00000 -0.00000
1617128640921396 0.99993 0.01160 0.00000 -36.74432 0.01160 -0.99993 0.00000 -2.99378 0.00000 -0.00000 -1.00000 -0.00000
1617128641170778 0.99974 0.02299 0.00000 -38.49406 0.02299 -0.99974 0.00000 -3.56556 0.00000 -0.00000 -1.00000 -0.00000
1617128641421411 0.99963 0.02726 0.00000 -40.36284 0.02726 -0.99963 0.00000 -3.71929 0.00000 -0.00000 -1.00000 -0.00000
1617128641672041 0.99950 0.03156 0.00000 -42.24954 0.03156 -0.99950 0.00000 -3.81994 0.00000 -0.00000 -1.00000 -0.00000
1617128641922036 0.99934 0.03620 0.00000 -44.16580 0.03620 -0.99934 0.00000 -4.18052 0.00000 -0.00000 -1.00000 -0.00000
1617128642172667 0.99935 0.03597 0.00000 -46.13287 0.03597 -0.99935 0.00000 -4.14462 0.00000 -0.00000 -1.00000 -0.00000
1617128642422672 0.99912 0.04198 0.00000 -48.08721 0.04198 -0.99912 0.00000 -4.47019 0.00000 -0.00000 -1.00000 -0.00000
1617128642673310 0.99926 0.03852 0.00000 -50.08352 0.03852 -0.99926 0.00000 -4.36603 0.00000 -0.00000 -1.00000 -0.00000
1617128642923310 0.99906 0.04331 0.00000 -52.10783 0.04331 -0.99906 0.00000 -4.61447 0.00000 -0.00000 -1.00000 -0.00000
1617128643173314 0.99883 0.04833 -0.00000 -54.19712 0.04833 -0.99883 0.00000 -4.95773 0.00000 -0.00000 -1.00000 -0.00000
1617128643422064 0.99867 0.05158 0.00000 -56.23812 0.05158 -0.99867 0.00000 -5.18818 0.00000 -0.00000 -1.00000 -0.00000
1617128643672071 0.99880 0.04891 -0.00000 -58.44679 0.04891 -0.99880 0.00000 -5.06507 0.00000 -0.00000 -1.00000 -0.00000
1617128643921443 0.99845 0.05573 0.00000 -60.55167 0.05573 -0.99845 0.00000 -5.47697 0.00000 -0.00000 -1.00000 -0.00000
1617128644170825 0.99809 0.06181 0.00000 -62.62815 0.06181 -0.99809 0.00000 -5.92203 0.00000 -0.00000 -1.00000 -0.00000
1617128644421452 0.99841 0.05634 -0.00000 -64.79281 0.05634 -0.99841 0.00000 -5.51093 0.00000 -0.00000 -1.00000 -0.00000
1617128644671462 0.99833 0.05785 0.00000 -66.99710 0.05785 -0.99833 0.00000 -5.77440 0.00000 -0.00000 -1.00000 -0.00000
1617128644922087 0.99862 0.05246 0.00000 -69.15290 0.05246 -0.99862 0.00000 -5.30115 0.00000 -0.00000 -1.00000 -0.00000
1617128645172096 0.99895 0.04574 0.00000 -71.33101 0.04574 -0.99895 0.00000 -4.84253 0.00000 -0.00000 -1.00000 -0.00000
1617128645422092 0.99886 0.04768 0.00000 -73.52200 0.04768 -0.99886 0.00000 -5.00323 0.00000 -0.00000 -1.00000 -0.00000
1617128645672107 0.99899 0.04490 -0.00000 -75.66850 0.04490 -0.99899 0.00000 -4.83946 0.00000 -0.00000 -1.00000 -0.00000
1617128645922729 0.99958 0.02883 0.00000 -77.85657 0.02883 -0.99958 0.00000 -3.56546 0.00000 -0.00000 -1.00000 -0.00000
1617128646172734 0.99986 0.01686 0.00000 -80.04592 0.01686 -0.99986 0.00000 -2.68522 0.00000 -0.00000 -1.00000 -0.00000
1617128646423357 0.99992 -0.01275 0.00000 -82.19449 -0.01275 -0.99992 0.00000 -0.33300 -0.00000 -0.00000 -1.00000 -0.00000
1617128646673362 0.99845 -0.05567 0.00000 -84.16628 -0.05567 -0.99845 0.00000 3.33095 -0.00000 -0.00000 -1.00000 0.00000
1617128646922744 0.99564 -0.09332 -0.00000 -86.09323 -0.09332 -0.99564 0.00000 6.56145 -0.00000 -0.00000 -1.00000 0.00000
1617128647171499 0.99017 -0.13985 -0.00000 -87.72903 -0.13985 -0.99017 0.00000 10.42788 -0.00000 -0.00000 -1.00000 0.00000
1617128647420877 0.98116 -0.19322 0.00000 -89.08102 -0.19322 -0.98116 0.00000 15.16638 -0.00000 -0.00000 -1.00000 0.00000
1617128647670886 0.96716 -0.25418 0.00000 -89.92977 -0.25418 -0.96716 0.00000 20.83173 -0.00000 -0.00000 -1.00000 0.00000
1617128647920259 0.95185 -0.30658 0.00000 -90.63583 -0.30658 -0.95185 0.00000 25.41468 -0.00000 -0.00000 -1.00000 0.00000
1617128648170887 0.93286 -0.36025 0.00000 -90.96404 -0.36025 -0.93286 0.00000 30.64939 -0.00000 -0.00000 -1.00000 0.00000
1617128648420892 0.90905 -0.41669 0.00000 -90.85207 -0.41669 -0.90905 0.00000 36.14678 -0.00000 -0.00000 -1.00000 0.00000
1617128648670901 0.88016 -0.47467 -0.00000 -90.25101 -0.47467 -0.88016 0.00000 41.96152 -0.00000 -0.00000 -1.00000 0.00000
1617128648920898 0.84727 -0.53116 0.00000 -89.24116 -0.53116 -0.84727 0.00000 47.63128 -0.00000 -0.00000 -1.00000 0.00000
1617128649171534 0.81255 -0.58289 -0.00000 -88.06196 -0.58289 -0.81255 0.00000 53.26033 -0.00000 -0.00000 -1.00000 0.00000
1617128649421533 0.77527 -0.63163 0.00000 -86.54144 -0.63163 -0.77527 0.00000 58.55871 -0.00000 -0.00000 -1.00000 0.00000
1617128649671535 0.72748 -0.68613 0.00000 -83.87812 -0.68613 -0.72748 0.00000 64.66912 -0.00000 -0.00000 -1.00000 0.00000
1617128649921542 0.67935 -0.73382 0.00000 -81.09351 -0.73382 -0.67935 0.00000 70.22751 -0.00000 -0.00000 -1.00000 0.00000
1617128650172167 0.62100 -0.78381 -0.00000 -77.26531 -0.78381 -0.62100 0.00000 76.22556 -0.00000 -0.00000 -1.00000 0.00000
1617128650421546 0.57119 -0.82082 0.00000 -74.14522 -0.82082 -0.57119 0.00000 80.78478 -0.00000 -0.00000 -1.00000 0.00000
1617128650671552 0.52263 -0.85256 0.00000 -71.03761 -0.85256 -0.52263 0.00000 84.91111 -0.00000 -0.00000 -1.00000 0.00000
1617128650921560 0.47542 -0.87976 -0.00000 -68.07690 -0.87976 -0.47542 0.00000 88.57090 -0.00000 -0.00000 -1.00000 0.00000
1617128651171602 0.44098 -0.89752 0.00000 -66.32380 -0.89752 -0.44098 0.00000 91.30067 -0.00000 -0.00000 -1.00000 0.00000
1617128651421566 0.41037 -0.91192 0.00000 -65.02041 -0.91192 -0.41037 0.00000 93.28968 -0.00000 -0.00000 -1.00000 0.00000
1617128651672194 0.38298 -0.92376 -0.00000 -63.98915 -0.92376 -0.38298 0.00000 95.26699 -0.00000 -0.00000 -1.00000 0.00000
1617128651922197 0.37351 -0.92763 0.00000 -64.80076 -0.92763 -0.37351 0.00000 95.88258 -0.00000 -0.00000 -1.00000 0.00000
1617128652172203 0.36787 -0.92988 0.00000 -66.12174 -0.92988 -0.36787 0.00000 96.29307 -0.00000 -0.00000 -1.00000 0.00000
1617128652422204 0.37260 -0.92799 -0.00000 -68.53582 -0.92799 -0.37260 0.00000 96.00809 -0.00000 -0.00000 -1.00000 0.00000
1617128652672207 0.38224 -0.92406 0.00000 -71.39331 -0.92406 -0.38224 0.00000 95.23947 -0.00000 -0.00000 -1.00000 0.00000
1617128652922840 0.38429 -0.92321 0.00000 -73.55687 -0.92321 -0.38429 0.00000 95.11073 -0.00000 -0.00000 -1.00000 0.00000
1617128653172847 0.39568 -0.91839 0.00000 -76.65885 -0.91839 -0.39568 0.00000 93.91810 -0.00000 -0.00000 -1.00000 0.00000
1617128653423474 0.40814 -0.91292 0.00000 -79.90485 -0.91292 -0.40814 0.00000 92.92861 -0.00000 -0.00000 -1.00000 0.00000
1617128653673485 0.42250 -0.90636 0.00000 -83.36049 -0.90636 -0.42250 0.00000 91.45077 -0.00000 -0.00000 -1.00000 0.00000
1617128653924108 0.43694 -0.89949 0.00000 -86.83687 -0.89949 -0.43694 0.00000 90.20521 -0.00000 -0.00000 -1.00000 0.00000
1617128654173480 0.45885 -0.88851 0.00000 -91.00930 -0.88851 -0.45885 0.00000 87.92403 -0.00000 -0.00000 -1.00000 0.00000
1617128654422866 0.47729 -0.87875 0.00000 -94.89122 -0.87875 -0.47729 0.00000 85.90532 -0.00000 -0.00000 -1.00000 0.00000
1617128654672245 0.49747 -0.86748 0.00000 -98.80538 -0.86748 -0.49747 0.00000 83.79645 -0.00000 -0.00000 -1.00000 0.00000
1617128654921622 0.50885 -0.86086 0.00000 -101.87994 -0.86086 -0.50885 0.00000 82.33105 -0.00000 -0.00000 -1.00000 0.00000
1617128655171629 0.51922 -0.85464 0.00000 -104.86069 -0.85464 -0.51922 0.00000 81.15441 -0.00000 -0.00000 -1.00000 0.00000
1617128655421628 0.53959 -0.84193 0.00000 -108.71410 -0.84193 -0.53959 0.00000 78.60729 -0.00000 -0.00000 -1.00000 0.00000
1617128655672259 0.55302 -0.83317 0.00000 -111.91952 -0.83317 -0.55302 0.00000 76.80246 -0.00000 -0.00000 -1.00000 0.00000
1617128655922260 0.57531 -0.81794 0.00000 -115.88616 -0.81794 -0.57531 0.00000 73.64152 -0.00000 -0.00000 -1.00000 0.00000
1617128656172904 0.59734 -0.80199 0.00000 -119.73245 -0.80199 -0.59734 0.00000 70.40995 -0.00000 -0.00000 -1.00000 0.00000
1617128656422894 0.62044 -0.78425 0.00000 -123.51113 -0.78425 -0.62044 0.00000 66.66334 -0.00000 -0.00000 -1.00000 0.00000
1617128656673531 0.63911 -0.76912 0.00000 -127.07845 -0.76912 -0.63911 0.00000 63.85541 -0.00000 -0.00000 -1.00000 0.00000
1617128656923527 0.66461 -0.74719 0.00000 -130.92688 -0.74719 -0.66461 0.00000 59.38377 -0.00000 -0.00000 -1.00000 0.00000
1617128657174154 0.68222 -0.73115 -0.00000 -134.21206 -0.73115 -0.68222 0.00000 56.26714 -0.00000 -0.00000 -1.00000 0.00000
1617128657423535 0.69997 -0.71417 0.00000 -137.32784 -0.71417 -0.69997 0.00000 52.93603 -0.00000 -0.00000 -1.00000 0.00000
1617128657672916 0.71268 -0.70148 0.00000 -140.01990 -0.70148 -0.71268 0.00000 50.41930 -0.00000 -0.00000 -1.00000 0.00000
1617128657922298 0.72234 -0.69154 0.00000 -142.40233 -0.69154 -0.72234 0.00000 48.54465 -0.00000 -0.00000 -1.00000 0.00000
1617128658172301 0.73131 -0.68205 0.00000 -144.60061 -0.68205 -0.73131 0.00000 46.60826 -0.00000 -0.00000 -1.00000 0.00000
1617128658421056 0.73981 -0.67282 -0.00000 -146.85625 -0.67282 -0.73981 0.00000 44.90851 -0.00000 -0.00000 -1.00000 0.00000
1617128658671053 0.75493 -0.65581 0.00000 -149.47665 -0.65581 -0.75493 0.00000 41.49382 -0.00000 -0.00000 -1.00000 0.00000
1617128658921060 0.77618 -0.63051 0.00000 -152.32063 -0.63051 -0.77618 0.00000 36.36824 -0.00000 -0.00000 -1.00000 0.00000
1617128659171700 0.80260 -0.59652 0.00000 -155.20122 -0.59652 -0.80260 0.00000 29.87485 -0.00000 -0.00000 -1.00000 0.00000
1617128659421693 0.84503 -0.53472 0.00000 -158.36702 -0.53472 -0.84503 0.00000 18.13572 -0.00000 -0.00000 -1.00000 0.00000
1617128659672326 0.88408 -0.46733 0.00000 -160.64918 -0.46733 -0.88408 0.00000 5.75390 -0.00000 -0.00000 -1.00000 0.00000
1617128659922326 0.92462 -0.38088 0.00000 -161.71205 -0.38088 -0.92462 0.00000 -9.71625 -0.00000 -0.00000 -1.00000 -0.00000
1617128660172647 0.95755 -0.28825 0.00000 -161.17909 -0.28825 -0.95755 0.00000 -25.56935 -0.00000 -0.00000 -1.00000 -0.00000
1617128660422955 0.98377 -0.17945 0.00000 -158.32590 -0.17945 -0.98377 0.00000 -43.40039 -0.00000 -0.00000 -1.00000 -0.00000
1617128660673588 0.99870 -0.05103 0.00000 -152.57717 -0.05103 -0.99870 0.00000 -63.34936 -0.00000 -0.00000 -1.00000 -0.00000
1617128660923588 0.99486 0.10128 -0.00000 -142.12909 0.10128 -0.99486 0.00000 -85.86212 0.00000 -0.00000 -1.00000 -0.00000
1617128661173589 0.96465 0.26353 0.00000 -127.19979 0.26353 -0.96465 0.00000 -108.06993 0.00000 -0.00000 -1.00000 -0.00000
1617128661423597 0.90619 0.42287 0.00000 -108.05471 0.42287 -0.90619 0.00000 -127.95856 0.00000 -0.00000 -1.00000 -0.00000
1617128661672987 0.81307 0.58216 -0.00000 -83.68332 0.58216 -0.81307 0.00000 -145.57641 0.00000 -0.00000 -1.00000 -0.00000
1617128661922357 0.69173 0.72216 0.00000 -56.31981 0.72216 -0.69173 0.00000 -158.48176 0.00000 -0.00000 -1.00000 -0.00000
1617128662171734 0.53638 0.84398 0.00000 -25.00535 0.84398 -0.53638 0.00000 -166.44980 0.00000 -0.00000 -1.00000 -0.00000
1617128662422363 0.36663 0.93037 0.00000 6.09539 0.93037 -0.36663 0.00000 -168.13876 0.00000 -0.00000 -1.00000 -0.00000
1617128662672996 0.18041 0.98359 -0.00000 37.42453 0.98359 -0.18041 0.00000 -163.74143 0.00000 -0.00000 -1.00000 -0.00000
1617128662923620 -0.01611 0.99987 0.00000 67.95715 0.99987 0.01611 0.00000 -153.23335 0.00000 0.00000 -1.00000 -0.00000
1617128663174249 -0.19979 0.97984 0.00000 94.03101 0.97984 0.19979 0.00000 -137.98488 0.00000 0.00000 -1.00000 -0.00000
1617128663424251 -0.37520 0.92694 0.00000 116.81136 0.92694 0.37520 0.00000 -118.44483 0.00000 0.00000 -1.00000 -0.00000
1617128663673638 -0.53301 0.84611 0.00000 134.83416 0.84611 0.53301 0.00000 -95.94224 0.00000 0.00000 -1.00000 -0.00000
1617128663923638 -0.65398 0.75651 0.00000 146.63713 0.75651 0.65398 0.00000 -74.53545 0.00000 0.00000 -1.00000 -0.00000
1617128664173011 -0.75470 0.65608 0.00000 154.66840 0.65608 0.75470 0.00000 -52.96227 0.00000 0.00000 -1.00000 -0.00000
1617128664422395 -0.82701 0.56218 0.00000 158.82219 0.56218 0.82701 0.00000 -34.35718 0.00000 0.00000 -1.00000 -0.00000
1617128664672399 -0.88013 0.47473 -0.00000 160.40250 0.47473 0.88013 0.00000 -17.87092 0.00000 0.00000 -1.00000 -0.00000
1617128664923031 -0.91031 0.41392 0.00000 159.98029 0.41392 0.91031 0.00000 -7.02751 0.00000 0.00000 -1.00000 -0.00000
1617128665173660 -0.93335 0.35897 -0.00000 158.89970 0.35897 0.93335 0.00000 2.56063 0.00000 0.00000 -1.00000 0.00000
1617128665424284 -0.94191 0.33586 0.00000 157.58906 0.33586 0.94191 0.00000 6.50657 0.00000 0.00000 -1.00000 0.00000
1617128665673662 -0.95001 0.31222 -0.00000 156.18284 0.31222 0.95001 0.00000 10.44344 0.00000 0.00000 -1.00000 0.00000
1617128665923043 -0.95286 0.30341 0.00000 154.75984 0.30341 0.95286 0.00000 11.90622 0.00000 0.00000 -1.00000 0.00000
1617128666172425 -0.95143 0.30787 -0.00000 153.45614 0.30787 0.95143 0.00000 11.09767 0.00000 0.00000 -1.00000 0.00000
1617128666421803 -0.95090 0.30949 0.00000 152.06910 0.30949 0.95090 0.00000 10.95962 0.00000 0.00000 -1.00000 0.00000
1617128666671808 -0.94264 0.33381 0.00000 150.90266 0.33381 0.94264 0.00000 7.02715 0.00000 0.00000 -1.00000 0.00000
1617128666921809 -0.93486 0.35503 0.00000 149.47386 0.35503 0.93486 0.00000 3.57369 0.00000 0.00000 -1.00000 0.00000
1617128667172461 -0.92239 0.38625 0.00000 148.05960 0.38625 0.92239 0.00000 -1.43869 0.00000 0.00000 -1.00000 -0.00000
1617128667422441 -0.90581 0.42368 0.00000 146.31027 0.42368 0.90581 0.00000 -7.62934 0.00000 0.00000 -1.00000 -0.00000
1617128667672450 -0.88403 0.46744 0.00000 144.11574 0.46744 0.88403 0.00000 -14.81922 0.00000 0.00000 -1.00000 -0.00000
1617128667923079 -0.86276 0.50561 0.00000 141.82253 0.50561 0.86276 0.00000 -21.11750 0.00000 0.00000 -1.00000 -0.00000
1617128668173086 -0.83500 0.55025 0.00000 138.67941 0.55025 0.83500 0.00000 -28.59799 0.00000 0.00000 -1.00000 -0.00000
1617128668423088 -0.80519 0.59302 0.00000 135.42317 0.59302 0.80519 0.00000 -35.76338 0.00000 0.00000 -1.00000 -0.00000
1617128668673089 -0.77477 0.63224 0.00000 131.77397 0.63224 0.77477 0.00000 -42.39858 0.00000 0.00000 -1.00000 -0.00000
1617128668923717 -0.73844 0.67432 0.00000 127.43549 0.67432 0.73844 0.00000 -49.57867 0.00000 0.00000 -1.00000 -0.00000
1617128669173722 -0.70175 0.71242 0.00000 122.94805 0.71242 0.70175 0.00000 -56.37203 0.00000 0.00000 -1.00000 -0.00000
1617128669423724 -0.66094 0.75044 0.00000 117.74249 0.75044 0.66094 0.00000 -63.18469 0.00000 0.00000 -1.00000 -0.00000
1617128669673115 -0.61699 0.78697 0.00000 112.09849 0.78697 0.61699 0.00000 -69.72964 0.00000 0.00000 -1.00000 -0.00000
1617128669922486 -0.56978 0.82180 0.00000 106.04291 0.82180 0.56978 0.00000 -76.21693 0.00000 0.00000 -1.00000 -0.00000
1617128670171869 -0.52573 0.85065 0.00000 100.06514 0.85065 0.52573 0.00000 -81.65484 0.00000 0.00000 -1.00000 -0.00000
1617128670421242 -0.48736 0.87320 0.00000 94.47204 0.87320 0.48736 0.00000 -86.24248 0.00000 0.00000 -1.00000 -0.00000
1617128670671871 -0.44784 0.89412 0.00000 88.52587 0.89412 0.44784 0.00000 -90.30968 0.00000 0.00000 -1.00000 -0.00000
1617128670921876 -0.42040 0.90734 0.00000 84.00452 0.90734 0.42040 0.00000 -92.97773 0.00000 0.00000 -1.00000 -0.00000
1617128671171880 -0.39014 0.92076 -0.00000 78.86344 0.92076 0.39014 0.00000 -95.84191 0.00000 0.00000 -1.00000 -0.00000
1617128671422508 -0.36795 0.92985 -0.00000 74.66477 0.92985 0.36795 0.00000 -97.64688 0.00000 0.00000 -1.00000 -0.00000
1617128671672516 -0.35423 0.93516 0.00000 71.25792 0.93516 0.35423 0.00000 -98.78135 0.00000 0.00000 -1.00000 -0.00000
1617128671923144 -0.33138 0.94350 0.00000 66.88712 0.94350 0.33138 0.00000 -100.62640 0.00000 0.00000 -1.00000 -0.00000
1617128672173147 -0.32530 0.94561 -0.00000 64.27417 0.94561 0.32530 0.00000 -100.93959 0.00000 0.00000 -1.00000 -0.00000
1617128672423149 -0.32918 0.94427 0.00000 62.74344 0.94427 0.32918 0.00000 -100.77302 0.00000 0.00000 -1.00000 -0.00000
1617128672673777 -0.33367 0.94269 0.00000 61.24335 0.94269 0.33367 0.00000 -100.55731 0.00000 0.00000 -1.00000 -0.00000
1617128672923780 -0.36152 0.93236 0.00000 62.29178 0.93236 0.36152 0.00000 -98.73732 0.00000 0.00000 -1.00000 -0.00000
1617128673173863 -0.38589 0.92255 0.00000 62.94499 0.92255 0.38589 0.00000 -97.26702 0.00000 0.00000 -1.00000 -0.00000
1617128673423795 -0.42326 0.90601 0.00000 64.85054 0.90601 0.42326 0.00000 -94.66104 0.00000 0.00000 -1.00000 -0.00000
1617128673673175 -0.46823 0.88361 0.00000 67.60315 0.88361 0.46823 0.00000 -91.31881 0.00000 0.00000 -1.00000 -0.00000
1617128673923172 -0.51483 0.85729 0.00000 70.50124 0.85729 0.51483 0.00000 -87.55694 0.00000 0.00000 -1.00000 -0.00000
1617128674172553 -0.56450 0.82543 0.00000 73.68883 0.82543 0.56450 0.00000 -83.47413 0.00000 0.00000 -1.00000 -0.00000
1617128674423181 -0.60709 0.79463 0.00000 76.05494 0.79463 0.60709 0.00000 -79.47155 0.00000 0.00000 -1.00000 -0.00000
1617128674673186 -0.65378 0.75668 0.00000 78.89707 0.75668 0.65378 0.00000 -74.95816 0.00000 0.00000 -1.00000 -0.00000
1617128674923815 -0.70160 0.71257 0.00000 81.74786 0.71257 0.70160 0.00000 -69.71798 0.00000 0.00000 -1.00000 -0.00000
1617128675173824 -0.75040 0.66098 0.00000 84.65245 0.66098 0.75040 0.00000 -63.68166 0.00000 0.00000 -1.00000 -0.00000
1617128675423820 -0.78799 0.61568 0.00000 86.25064 0.61568 0.78799 0.00000 -58.54922 0.00000 0.00000 -1.00000 -0.00000
1617128675673208 -0.82476 0.56548 0.00000 87.84717 0.56548 0.82476 0.00000 -53.16213 0.00000 0.00000 -1.00000 -0.00000
1617128675922583 -0.85823 0.51326 0.00000 89.05956 0.51326 0.85823 0.00000 -47.60010 0.00000 0.00000 -1.00000 -0.00000
1617128676171957 -0.88835 0.45916 0.00000 90.05730 0.45916 0.88835 0.00000 -42.04618 0.00000 0.00000 -1.00000 -0.00000
1617128676421960 -0.91644 0.40018 0.00000 90.59851 0.40018 0.91644 0.00000 -36.13294 0.00000 0.00000 -1.00000 -0.00000
1617128676671966 -0.93993 0.34138 0.00000 90.79364 0.34138 0.93993 0.00000 -30.38642 0.00000 0.00000 -1.00000 -0.00000
1617128676922599 -0.96016 0.27944 0.00000 90.74520 0.27944 0.96016 0.00000 -24.50771 0.00000 0.00000 -1.00000 -0.00000
1617128677173224 -0.97478 0.22317 -0.00000 90.08313 0.22317 0.97478 0.00000 -19.21655 0.00000 0.00000 -1.00000 -0.00000
1617128677423855 -0.98631 0.16488 0.00000 89.19177 0.16488 0.98631 0.00000 -13.83948 0.00000 0.00000 -1.00000 -0.00000
1617128677674495 -0.99314 0.11696 0.00000 87.71453 0.11696 0.99314 0.00000 -9.51965 0.00000 0.00000 -1.00000 -0.00000
1617128677924489 -0.99698 0.07765 -0.00000 86.03705 0.07765 0.99698 0.00000 -6.06633 0.00000 0.00000 -1.00000 -0.00000
1617128678174496 -0.99882 0.04867 -0.00000 84.13537 0.04867 0.99882 0.00000 -3.57867 0.00000 0.00000 -1.00000 -0.00000
1617128678423868 -0.99988 0.01542 0.00000 82.16248 0.01542 0.99988 0.00000 -0.83907 0.00000 0.00000 -1.00000 -0.00000
1617128678672630 -1.00000 0.00236 0.00000 80.08310 0.00236 1.00000 0.00000 0.19602 0.00000 0.00000 -1.00000 0.00000
1617128678922005 -0.99995 -0.00981 -0.00000 77.93602 -0.00981 0.99995 0.00000 1.23835 -0.00000 0.00000 -1.00000 0.00000
1617128679172005 -0.99985 -0.01736 0.00000 75.78483 -0.01736 0.99985 0.00000 1.81402 -0.00000 0.00000 -1.00000 0.00000
1617128679422013 -0.99984 -0.01808 0.00000 73.64022 -0.01808 0.99984 0.00000 1.79203 -0.00000 0.00000 -1.00000 0.00000
1617128679672019 -0.99964 -0.02688 0.00000 71.48551 -0.02688 0.99964 0.00000 2.46601 -0.00000 0.00000 -1.00000 0.00000
1617128679922020 -0.99946 -0.03288 0.00000 69.27912 -0.03288 0.99946 0.00000 2.81023 -0.00000 0.00000 -1.00000 0.00000
1617128680172647 -0.99966 -0.02612 0.00000 67.10543 -0.02612 0.99966 0.00000 2.29777 -0.00000 0.00000 -1.00000 0.00000
1617128680423280 -0.99965 -0.02645 -0.00000 65.02280 -0.02645 0.99965 0.00000 2.31100 -0.00000 0.00000 -1.00000 0.00000
1617128680673280 -0.99959 -0.02880 0.00000 62.87059 -0.02880 0.99959 0.00000 2.41405 -0.00000 0.00000 -1.00000 0.00000
1617128680923286 -0.99966 -0.02610 0.00000 60.77031 -0.02610 0.99966 0.00000 2.21310 -0.00000 0.00000 -1.00000 0.00000
1617128681173923 -0.99963 -0.02708 0.00000 58.65881 -0.02708 0.99963 0.00000 2.18548 -0.00000 0.00000 -1.00000 0.00000
1617128681424540 -0.99974 -0.02293 -0.00000 56.52570 -0.02293 0.99974 0.00000 1.99792 -0.00000 0.00000 -1.00000 0.00000
1617128681673923 -0.99971 -0.02427 0.00000 54.44169 -0.02427 0.99971 0.00000 2.02542 -0.00000 0.00000 -1.00000 0.00000
1617128681923301 -0.99987 -0.01583 0.00000 52.52105 -0.01583 0.99987 0.00000 1.46333 -0.00000 0.00000 -1.00000 0.00000
1617128682173305 -0.99999 -0.00476 -0.00000 50.45414 -0.00476 0.99999 0.00000 0.98029 -0.00000 0.00000 -1.00000 0.00000
1617128682422055 -0.99996 0.00946 0.00000 48.50399 0.00946 0.99996 0.00000 0.28361 0.00000 0.00000 -1.00000 0.00000
1617128682672059 -0.99968 0.02532 0.00000 46.39500 0.02532 0.99968 0.00000 -0.64744 0.00000 0.00000 -1.00000 -0.00000
1617128682922065 -0.99897 0.04531 0.00000 44.33896 0.04531 0.99897 0.00000 -1.51123 0.00000 0.00000 -1.00000 -0.00000
1617128683172082 -0.99873 0.05041 0.00000 42.37244 0.05041 0.99873 0.00000 -1.83422 0.00000 0.00000 -1.00000 -0.00000
1617128683422698 -0.99890 0.04687 -0.00000 40.27484 0.04687 0.99890 0.00000 -1.62103 0.00000 0.00000 -1.00000 -0.00000
1617128683673325 -0.99924 0.03890 0.00000 38.32973 0.03890 0.99924 0.00000 -1.40448 0.00000 0.00000 -1.00000 -0.00000
1617128683923955 -0.99966 0.02619 0.00000 36.29967 0.02619 0.99966 0.00000 -0.91662 0.00000 0.00000 -1.00000 -0.00000
1617128684173336 -0.99981 0.01943 -0.00000 34.25461 0.01943 0.99981 0.00000 -0.68458 0.00000 0.00000 -1.00000 -0.00000
1617128684423337 -0.99987 0.01597 0.00000 32.23920 0.01597 0.99987 0.00000 -0.51856 0.00000 0.00000 -1.00000 -0.00000
1617128684672725 -0.99996 0.00898 0.00000 30.11167 0.00898 0.99996 0.00000 -0.37383 0.00000 0.00000 -1.00000 -0.00000
1617128684922101 -0.99990 0.01383 0.00000 28.08376 0.01383 0.99990 0.00000 -0.46283 0.00000 0.00000 -1.00000 -0.00000
1617128685172105 -0.99984 0.01768 0.00000 25.96914 0.01768 0.99984 0.00000 -0.58662 0.00000 0.00000 -1.00000 -0.00000
1617128685422107 -0.99980 0.02019 0.00000 23.85391 0.02019 0.99980 0.00000 -0.72452 0.00000 0.00000 -1.00000 -0.00000
1617128685672750 -0.99965 0.02642 -0.00000 21.62935 0.02642 0.99965 0.00000 -0.87145 0.00000 0.00000 -1.00000 -0.00000
1617128685923362 -0.99941 0.03443 0.00000 19.47546 0.03443 0.99941 0.00000 -1.08803 0.00000 0.00000 -1.00000 -0.00000
1617128686173366 -0.99900 0.04460 -0.00000 17.21545 0.04460 0.99900 0.00000 -1.38437 0.00000 0.00000 -1.00000 -0.00000
1617128686423367 -0.99872 0.05053 0.00000 15.02766 0.05053 0.99872 0.00000 -1.54529 0.00000 0.00000 -1.00000 -0.00000
1617128686673378 -0.99874 0.05010 0.00000 12.77903 0.05010 0.99874 0.00000 -1.58036 0.00000 0.00000 -1.00000 -0.00000
1617128686924006 -0.99875 0.04995 0.00000 10.56112 0.04995 0.99875 0.00000 -1.58173 0.00000 0.00000 -1.00000 -0.00000
1617128687174629 -0.99860 0.05289 -0.00000 8.42362 0.05289 0.99860 0.00000 -1.65130 0.00000 0.00000 -1.00000 -0.00000
1617128687424010 -0.99894 0.04607 0.00000 6.26932 0.04607 0.99894 0.00000 -1.60899 0.00000 0.00000 -1.00000 -0.00000
1617128687673391 -0.99866 0.05174 0.00000 4.01593 0.05174 0.99866 0.00000 -1.65456 0.00000 0.00000 -1.00000 -0.00000
1617128687922770 -0.99851 0.05459 0.00000 1.81551 0.05459 0.99851 0.00000 -1.58477 0.00000 0.00000 -1.00000 -0.00000
1617128688172152 -0.99835 0.05734 0.00000 -0.36124 0.05734 0.99835 0.00000 -1.66725 0.00000 0.00000 -1.00000 -0.00000
1617128688421530 -0.99871 0.05077 0.00000 -2.55500 0.05077 0.99871 0.00000 -1.79916 0.00000 0.00000 -1.00000 -0.00000
1617128688671530 -0.99893 0.04634 0.00000 -4.71130 0.04634 0.99893 0.00000 -1.86676 0.00000 0.00000 -1.00000 -0.00000
1617128688922159 -0.99921 0.03986 0.00000 -6.92768 0.03986 0.99921 0.00000 -1.92739 0.00000 0.00000 -1.00000 -0.00000
1617128689172178 -0.99940 0.03460 0.00000 -9.18999 0.03460 0.99940 0.00000 -1.94229 0.00000 0.00000 -1.00000 -0.00000
1617128689422794 -0.99928 0.03784 0.00000 -11.23585 0.03784 0.99928 0.00000 -1.94756 0.00000 0.00000 -1.00000 -0.00000
1617128689672796 -0.99952 0.03112 0.00000 -13.45480 0.03112 0.99952 0.00000 -1.99185 0.00000 0.00000 -1.00000 -0.00000
1617128689923424 -0.99947 0.03256 0.00000 -15.65703 0.03256 0.99947 0.00000 -2.05714 0.00000 0.00000 -1.00000 -0.00000
1617128690174060 -0.99973 0.02310 0.00000 -17.75089 0.02310 0.99973 0.00000 -2.23439 0.00000 0.00000 -1.00000 -0.00000
1617128690424058 -0.99981 0.01935 0.00000 -20.07331 0.01935 0.99981 0.00000 -2.35745 0.00000 0.00000 -1.00000 -0.00000
1617128690674067 -0.99983 0.01834 0.00000 -22.15874 0.01834 0.99983 0.00000 -2.31832 0.00000 0.00000 -1.00000 -0.00000
1617128690923444 -0.99980 0.01976 0.00000 -24.40698 0.01976 0.99980 0.00000 -2.29403 0.00000 0.00000 -1.00000 -0.00000
1617128691172827 -0.99985 0.01715 0.00000 -26.58334 0.01715 0.99985 0.00000 -2.55321 0.00000 0.00000 -1.00000 -0.00000
1617128691422203 -0.99995 0.01011 -0.00000 -28.77555 0.01011 0.99995 0.00000 -2.74149 0.00000 0.00000 -1.00000 -0.00000
1617128691672207 -0.99995 0.00978 0.00000 -30.99116 0.00978 0.99995 0.00000 -2.59756 0.00000 0.00000 -1.00000 -0.00000
1617128691922207 -1.00000 0.00311 0.00000 -33.19513 0.00311 1.00000 0.00000 -2.94931 0.00000 0.00000 -1.00000 -0.00000
1617128692172838 -1.00000 -0.00055 0.00000 -35.51785 -0.00055 1.00000 0.00000 -3.08806 -0.00000 0.00000 -1.00000 -0.00000
1617128692423468 -1.00000 0.00098 0.00000 -37.48804 0.00098 1.00000 0.00000 -2.90046 0.00000 0.00000 -1.00000 -0.00000
1617128692673476 -0.99998 -0.00692 0.00000 -39.71199 -0.00692 0.99998 0.00000 -3.21537 -0.00000 0.00000 -1.00000 -0.00000
1617128692923472 -1.00000 0.00014 0.00000 -41.79628 0.00014 1.00000 0.00000 -3.02050 0.00000 0.00000 -1.00000 -0.00000
1617128693174104 -0.99999 -0.00321 -0.00000 -43.92031 -0.00321 0.99999 0.00000 -3.17703 -0.00000 0.00000 -1.00000 -0.00000
1617128693424105 -1.00000 -0.00284 0.00000 -46.01179 -0.00284 1.00000 0.00000 -3.22975 -0.00000 0.00000 -1.00000 -0.00000
1617128693674122 -0.99997 -0.00717 0.00000 -48.02751 -0.00717 0.99997 0.00000 -3.47906 -0.00000 0.00000 -1.00000 -0.00000
1617128693924115 -0.99996 -0.00892 -0.00000 -50.02452 -0.00892 0.99996 0.00000 -3.63154 -0.00000 0.00000 -1.00000 -0.00000
1617128694174110 -0.99998 -0.00589 -0.00000 -51.89149 -0.00589 0.99998 0.00000 -3.35484 -0.00000 0.00000 -1.00000 -0.00000
1617128694423494 -0.99998 0.00591 0.00000 -53.93253 0.00591 0.99998 0.00000 -2.94874 0.00000 0.00000 -1.00000 -0.00000
1617128694672878 -0.99999 0.00545 0.00000 -55.69888 0.00545 0.99999 0.00000 -2.75145 0.00000 0.00000 -1.00000 -0.00000
1617128694922259 -0.99932 0.03675 -0.00000 -57.48392 0.03675 0.99932 0.00000 -1.22520 0.00000 0.00000 -1.00000 -0.00000
1617128695171639 -0.99879 0.04925 0.00000 -59.04879 0.04925 0.99879 0.00000 -0.39577 0.00000 0.00000 -1.00000 -0.00000
1617128695421639 -0.99582 0.09132 0.00000 -60.68870 0.09132 0.99582 0.00000 1.88315 0.00000 0.00000 -1.00000 0.00000
1617128695671646 -0.99228 0.12401 0.00000 -61.91991 0.12401 0.99228 0.00000 3.95634 0.00000 0.00000 -1.00000 0.00000
1617128695921648 -0.98347 0.18108 0.00000 -62.98334 0.18108 0.98347 0.00000 7.41440 0.00000 0.00000 -1.00000 0.00000
1617128696172274 -0.96935 0.24569 0.00000 -63.57279 0.24569 0.96935 0.00000 11.63669 0.00000 0.00000 -1.00000 0.00000
1617128696422276 -0.95142 0.30790 0.00000 -63.84457 0.30790 0.95142 0.00000 15.70120 0.00000 0.00000 -1.00000 0.00000
1617128696672280 -0.92505 0.37983 0.00000 -63.60576 0.37983 0.92505 0.00000 20.53583 0.00000 0.00000 -1.00000 0.00000
1617128696922281 -0.88757 0.46067 0.00000 -62.61484 0.46067 0.88757 0.00000 25.98558 0.00000 0.00000 -1.00000 0.00000
1617128697172914 -0.82946 0.55857 0.00000 -60.39946 0.55857 0.82946 0.00000 32.94212 0.00000 0.00000 -1.00000 0.00000
1617128697422919 -0.75893 0.65118 0.00000 -57.17760 0.65118 0.75893 0.00000 39.80614 0.00000 0.00000 -1.00000 0.00000
1617128697672297 -0.67825 0.73484 0.00000 -53.21788 0.73484 0.67825 0.00000 46.09398 0.00000 0.00000 -1.00000 0.00000
1617128697922291 -0.58126 0.81372 0.00000 -48.07284 0.81372 0.58126 0.00000 52.28913 0.00000 0.00000 -1.00000 0.00000
1617128698172306 -0.49898 0.86661 0.00000 -43.61972 0.86661 0.49898 0.00000 56.57237 0.00000 0.00000 -1.00000 0.00000
1617128698422935 -0.41175 0.91130 -0.00000 -39.03834 0.91130 0.41175 0.00000 60.56981 0.00000 0.00000 -1.00000 0.00000
1617128698672940 -0.32242 0.94660 0.00000 -33.99593 0.94660 0.32242 0.00000 64.20371 0.00000 0.00000 -1.00000 0.00000
1617128698922940 -0.24059 0.97063 0.00000 -29.45224 0.97063 0.24059 0.00000 66.74465 0.00000 0.00000 -1.00000 0.00000
1617128699172947 -0.16639 0.98606 0.00000 -25.46378 0.98606 0.16639 0.00000 68.81888 0.00000 0.00000 -1.00000 0.00000
1617128699422951 -0.10866 0.99408 0.00000 -22.53531 0.99408 0.10866 0.00000 70.15296 0.00000 0.00000 -1.00000 0.00000
1617128699672957 -0.07577 0.99713 -0.00000 -21.65927 0.99713 0.07577 0.00000 70.70459 0.00000 0.00000 -1.00000 0.00000
1617128699922959 -0.04988 0.99876 0.00000 -21.06845 0.99876 0.04988 0.00000 71.31495 0.00000 0.00000 -1.00000 0.00000
1617128700172966 -0.03992 0.99920 0.00000 -21.80648 0.99920 0.03992 0.00000 71.49392 0.00000 0.00000 -1.00000 0.00000
1617128700423587 -0.03331 0.99945 0.00000 -22.79799 0.99945 0.03331 0.00000 71.65820 0.00000 0.00000 -1.00000 0.00000
1617128700673599 -0.03417 0.99942 0.00000 -24.46954 0.99942 0.03417 0.00000 71.40223 0.00000 0.00000 -1.00000 0.00000
1617128700924227 -0.01957 0.99981 0.00000 -25.03347 0.99981 0.01957 0.00000 71.78012 0.00000 0.00000 -1.00000 0.00000
1617128701174233 -0.01754 0.99985 0.00000 -26.57822 0.99985 0.01754 0.00000 71.75930 0.00000 0.00000 -1.00000 0.00000
1617128701424237 -0.00359 0.99999 0.00000 -27.26800 0.99999 0.00359 0.00000 72.03424 0.00000 0.00000 -1.00000 0.00000
1617128701673619 -0.00142 1.00000 0.00000 -28.78238 1.00000 0.00142 0.00000 72.12370 0.00000 0.00000 -1.00000 0.00000
1617128701923618 0.01437 0.99990 0.00000 -29.35477 0.99990 -0.01437 0.00000 72.52698 0.00000 -0.00000 -1.00000 0.00000
1617128702172374 0.02718 0.99963 0.00000 -30.11752 0.99963 -0.02718 0.00000 72.98087 0.00000 -0.00000 -1.00000 0.00000
1617128702422372 0.05314 0.99859 0.00000 -30.07986 0.99859 -0.05314 0.00000 73.63761 0.00000 -0.00000 -1.00000 0.00000
1617128702672379 0.07767 0.99698 0.00000 -30.07906 0.99698 -0.07767 0.00000 74.40218 0.00000 -0.00000 -1.00000 0.00000
1617128702923011 0.10912 0.99403 0.00000 -29.56684 0.99403 -0.10912 0.00000 75.26010 0.00000 -0.00000 -1.00000 0.00000
1617128703173012 0.13811 0.99042 0.00000 -29.21567 0.99042 -0.13811 0.00000 76.10487 0.00000 -0.00000 -1.00000 0.00000
1617128703423017 0.15995 0.98712 0.00000 -29.36395 0.98712 -0.15995 0.00000 76.63756 0.00000 -0.00000 -1.00000 0.00000
1617128703673021 0.17647 0.98431 -0.00000 -30.01148 0.98431 -0.17647 0.00000 77.01518 0.00000 -0.00000 -1.00000 0.00000
1617128703923023 0.17554 0.98447 -0.00000 -31.96497 0.98447 -0.17554 0.00000 76.97840 0.00000 -0.00000 -1.00000 0.00000
1617128704173028 0.17762 0.98410 0.00000 -33.99087 0.98410 -0.17762 0.00000 76.99206 0.00000 -0.00000 -1.00000 0.00000
1617128704423657 0.17306 0.98491 0.00000 -36.24113 0.98491 -0.17306 0.00000 76.80616 0.00000 -0.00000 -1.00000 0.00000
1617128704673662 0.15438 0.98801 0.00000 -39.54314 0.98801 -0.15438 0.00000 76.03671 0.00000 -0.00000 -1.00000 0.00000
1617128704923662 0.12438 0.99223 -0.00000 -43.83490 0.99223 -0.12438 0.00000 74.74037 0.00000 -0.00000 -1.00000 0.00000
1617128705174290 0.09801 0.99519 0.00000 -47.98202 0.99519 -0.09801 0.00000 73.55048 0.00000 -0.00000 -1.00000 0.00000
1617128705424294 0.07876 0.99689 -0.00000 -51.47834 0.99689 -0.07876 0.00000 72.50493 0.00000 -0.00000 -1.00000 0.00000
1617128705674932 0.05530 0.99847 -0.00000 -55.17265 0.99847 -0.05530 0.00000 71.28096 0.00000 -0.00000 -1.00000 0.00000
1617128705924309 0.03076 0.99953 0.00000 -58.96040 0.99953 -0.03076 0.00000 69.82718 0.00000 -0.00000 -1.00000 0.00000
1617128706173688 0.01229 0.99992 0.00000 -62.20986 0.99992 -0.01229 0.00000 68.69401 0.00000 -0.00000 -1.00000 0.00000
1617128706423062 -0.00089 1.00000 0.00000 -65.21167 1.00000 0.00089 0.00000 67.81117 0.00000 0.00000 -1.00000 0.00000
1617128706673072 -0.00590 0.99998 0.00000 -67.54744 0.99998 0.00590 0.00000 67.49578 0.00000 0.00000 -1.00000 0.00000
1617128706923074 -0.00189 1.00000 0.00000 -69.20909 1.00000 0.00189 0.00000 67.69324 0.00000 0.00000 -1.00000 0.00000
1617128707173084 -0.00353 0.99999 -0.00000 -71.32789 0.99999 0.00353 0.00000 67.52429 0.00000 0.00000 -1.00000 0.00000
1617128707423079 -0.00426 0.99999 -0.00000 -73.32474 0.99999 0.00426 0.00000 67.43713 0.00000 0.00000 -1.00000 0.00000
1617128707673707 -0.00795 0.99997 0.00000 -75.47038 0.99997 0.00795 0.00000 67.15751 0.00000 0.00000 -1.00000 0.00000
1617128707923712 -0.00860 0.99996 0.00000 -77.37418 0.99996 0.00860 0.00000 67.07257 0.00000 0.00000 -1.00000 0.00000
1617128708174346 -0.00961 0.99995 0.00000 -79.28132 0.99995 0.00961 0.00000 67.03919 0.00000 0.00000 -1.00000 0.00000
1617128708424350 -0.02476 0.99969 0.00000 -81.97896 0.99969 0.02476 0.00000 65.82396 0.00000 0.00000 -1.00000 0.00000
1617128708674350 -0.05284 0.99860 0.00000 -85.46231 0.99860 0.05284 0.00000 63.41104 0.00000 0.00000 -1.00000 0.00000
1617128708923732 -0.09246 0.99572 -0.00000 -89.59795 0.99572 0.09246 0.00000 59.91631 0.00000 0.00000 -1.00000 0.00000
1617128709173732 -0.14061 0.99007 0.00000 -93.93145 0.99007 0.14061 0.00000 55.43591 0.00000 0.00000 -1.00000 0.00000
1617128709422486 -0.21229 0.97721 0.00000 -99.23337 0.97721 0.21229 0.00000 48.36365 0.00000 0.00000 -1.00000 0.00000
1617128709672496 -0.28697 0.95794 0.00000 -104.22348 0.95794 0.28697 0.00000 40.61814 0.00000 0.00000 -1.00000 0.00000
1617128709922493 -0.37369 0.92755 0.00000 -109.01071 0.92755 0.37369 0.00000 30.72352 0.00000 0.00000 -1.00000 0.00000
1617128710172498 -0.45890 0.88849 0.00000 -112.79741 0.88849 0.45890 0.00000 20.30524 0.00000 0.00000 -1.00000 0.00000
1617128710422499 -0.53502 0.84484 0.00000 -115.60251 0.84484 0.53502 0.00000 10.26857 0.00000 0.00000 -1.00000 0.00000
1617128710673132 -0.60766 0.79420 0.00000 -117.49668 0.79420 0.60766 0.00000 0.07084 0.00000 0.00000 -1.00000 0.00000
1617128710923759 -0.68445 0.72906 0.00000 -118.37362 0.72906 0.68445 0.00000 -11.74735 0.00000 0.00000 -1.00000 -0.00000
1617128711173760 -0.75779 0.65250 0.00000 -117.81700 0.65250 0.75779 0.00000 -24.24180 0.00000 0.00000 -1.00000 -0.00000
