1606417097528151 1.00000 0.00000 0.00000 -0.00000 0.00000 -1.00000 0.00000 0.00000 0.00000 -0.00000 -1.00000 0.00000
1606417097778155 1.00000 -0.00191 -0.00000 0.00095 -0.00191 -1.00000 0.00000 0.04764 -0.00000 -0.00000 -1.00000 0.00000
1606417098028163 1.00000 -0.00224 0.00000 0.01815 -0.00224 -1.00000 0.00000 0.02715 -0.00000 -0.00000 -1.00000 0.00000
1606417098278165 1.00000 -0.00080 0.00000 -0.00312 -0.00080 -1.00000 0.00000 0.03086 -0.00000 -0.00000 -1.00000 0.00000
1606417098528170 1.00000 -0.00230 -0.00000 -0.00991 -0.00230 -1.00000 0.00000 0.03856 -0.00000 -0.00000 -1.00000 0.00000
1606417098778172 0.99999 -0.00421 0.00000 0.00353 -0.00421 -0.99999 0.00000 0.01165 -0.00000 -0.00000 -1.00000 0.00000
1606417099028175 0.99993 -0.01171 0.00000 -0.01629 -0.01171 -0.99993 0.00000 0.03329 -0.00000 -0.00000 -1.00000 0.00000
1606417099278172 0.99998 -0.00651 0.00000 -0.01755 -0.00651 -0.99998 0.00000 0.05308 -0.00000 -0.00000 -1.00000 0.00000
1606417099528182 0.99999 -0.00463 0.00000 0.02334 -0.00463 -0.99999 0.00000 0.04480 -0.00000 -0.00000 -1.00000 0.00000
1606417099778184 1.00000 -0.00140 0.00000 0.00911 -0.00140 -1.00000 0.00000 -0.01076 -0.00000 -0.00000 -1.00000 -0.00000
1606417100028811 1.00000 -0.00248 0.00000 0.02210 -0.00248 -1.00000 0.00000 0.02579 -0.00000 -0.00000 -1.00000 0.00000
1606417100278814 1.00000 -0.00194 0.00000 0.00965 -0.00194 -1.00000 0.00000 -0.03206 -0.00000 -0.00000 -1.00000 -0.00000
1606417100529448 0.99999 -0.00332 -0.00000 0.02688 -0.00332 -0.99999 0.00000 0.01535 -0.00000 -0.00000 -1.00000 0.00000
1606417100779458 0.99998 -0.00646 0.00000 0.02035 -0.00646 -0.99998 0.00000 0.08529 -0.00000 -0.00000 -1.00000 0.00000
1606417101028822 1.00000 -0.00243 0.00000 -0.00519 -0.00243 -1.00000 0.00000 0.00837 -0.00000 -0.00000 -1.00000 0.00000
1606417101278829 0.99996 -0.00936 0.00000 0.00958 -0.00936 -0.99996 0.00000 0.03638 -0.00000 -0.00000 -1.00000 0.00000
1606417101528831 0.99998 -0.00555 0.00000 -0.01613 -0.00555 -0.99998 0.00000 0.05523 -0.00000 -0.00000 -1.00000 0.00000
1606417101778837 0.99999 -0.00458 0.00000 0.02022 -0.00458 -0.99999 0.00000 0.03178 -0.00000 -0.00000 -1.00000 0.00000
1606417102028836 0.99996 -0.00888 0.00000 0.00621 -0.00888 -0.99996 0.00000 0.03979 -0.00000 -0.00000 -1.00000 0.00000
1606417102278841 0.99996 -0.00873 0.00000 -0.03622 -0.00873 -0.99996 0.00000 0.04936 -0.00000 -0.00000 -1.00000 0.00000
1606417102528845 0.99999 -0.00518 0.00000 0.01517 -0.00518 -0.99999 0.00000 0.02262 -0.00000 -0.00000 -1.00000 0.00000
1606417102778846 0.99995 -0.01037 0.00000 -0.01203 -0.01037 -0.99995 0.00000 0.06961 -0.00000 -0.00000 -1.00000 0.00000
1606417103028234 1.00000 -0.00045 0.00000 -0.01953 -0.00045 -1.00000 0.00000 0.00950 -0.00000 -0.00000 -1.00000 0.00000
1606417103278861 0.99996 -0.00873 -0.00000 -0.03359 -0.00873 -0.99996 0.00000 0.02183 -0.00000 -0.00000 -1.00000 0.00000
1606417103528239 0.99999 -0.00507 -0.00000 -0.05954 -0.00507 -0.99999 0.00000 0.00719 -0.00000 -0.00000 -1.00000 0.00000
1606417103778867 0.99994 -0.01138 0.00000 -0.13371 -0.01138 -0.99994 0.00000 0.06576 -0.00000 -0.00000 -1.00000 0.00000
1606417104028251 0.99999 0.00428 -0.00000 -0.18647 0.00428 -0.99999 0.00000 0.07901 0.00000 -0.00000 -1.00000 0.00000
1606417104278290 1.00000 -0.00123 0.00000 -0.32116 -0.00123 -1.00000 0.00000 0.09708 -0.00000 -0.00000 -1.00000 0.00000
1606417104528251 0.99987 -0.01602 0.00000 -0.56148 -0.01602 -0.99987 0.00000 0.07687 -0.00000 -0.00000 -1.00000 0.00000
1606417104778254 0.99982 -0.01922 0.00000 -0.81086 -0.01922 -0.99982 0.00000 0.05842 -0.00000 -0.00000 -1.00000 0.00000
1606417105027635 0.99958 -0.02881 0.00000 -1.28851 -0.02881 -0.99958 0.00000 -0.02319 -0.00000 -0.00000 -1.00000 -0.00000
1606417105277633 0.99933 -0.03668 0.00000 -1.81298 -0.03668 -0.99933 0.00000 0.06412 -0.00000 -0.00000 -1.00000 0.00000
1606417105528268 0.99868 -0.05132 0.00000 -2.28612 -0.05132 -0.99868 0.00000 0.04549 -0.00000 -0.00000 -1.00000 0.00000
1606417105778266 0.99804 -0.06256 -0.00000 -2.90857 -0.06256 -0.99804 0.00000 -0.00774 -0.00000 -0.00000 -1.00000 -0.00000
1606417106028897 0.99704 -0.07694 0.00000 -3.64254 -0.07694 -0.99704 0.00000 0.07375 -0.00000 -0.00000 -1.00000 0.00000
1606417106278898 0.99712 -0.07583 0.00000 -4.43037 -0.07583 -0.99712 0.00000 -0.02327 -0.00000 -0.00000 -1.00000 -0.00000
1606417106529195 0.99597 -0.08973 0.00000 -5.33512 -0.08973 -0.99597 0.00000 0.11786 -0.00000 -0.00000 -1.00000 0.00000
1606417106778912 0.99537 -0.09614 0.00000 -6.22494 -0.09614 -0.99537 0.00000 0.14340 -0.00000 -0.00000 -1.00000 0.00000
1606417107028912 0.99433 -0.10637 -0.00000 -7.14698 -0.10637 -0.99433 0.00000 0.19821 -0.00000 -0.00000 -1.00000 0.00000
1606417107278292 0.99469 -0.10292 0.00000 -8.14168 -0.10292 -0.99469 0.00000 0.13463 -0.00000 -0.00000 -1.00000 0.00000
1606417107528290 0.99506 -0.09930 0.00000 -9.21576 -0.09930 -0.99506 0.00000 0.10477 -0.00000 -0.00000 -1.00000 0.00000
1606417107778301 0.99471 -0.10271 0.00000 -10.32404 -0.10271 -0.99471 0.00000 0.10832 -0.00000 -0.00000 -1.00000 0.00000
1606417108028300 0.99481 -0.10174 0.00000 -11.47764 -0.10174 -0.99481 0.00000 0.08988 -0.00000 -0.00000 -1.00000 0.00000
1606417108278306 0.99559 -0.09385 -0.00000 -12.68151 -0.09385 -0.99559 0.00000 -0.09764 -0.00000 -0.00000 -1.00000 -0.00000
1606417108528306 0.99652 -0.08336 0.00000 -13.96678 -0.08336 -0.99652 0.00000 -0.16374 -0.00000 -0.00000 -1.00000 -0.00000
1606417108778321 0.99695 -0.07809 0.00000 -15.16635 -0.07809 -0.99695 0.00000 -0.28140 -0.00000 -0.00000 -1.00000 -0.00000
1606417109028320 0.99742 -0.07186 0.00000 -16.50283 -0.07186 -0.99742 0.00000 -0.36013 -0.00000 -0.00000 -1.00000 -0.00000
1606417109278939 0.99736 -0.07263 0.00000 -17.82844 -0.07263 -0.99736 0.00000 -0.36274 -0.00000 -0.00000 -1.00000 -0.00000
1606417109528326 0.99808 -0.06202 0.00000 -19.35277 -0.06202 -0.99808 0.00000 -0.59737 -0.00000 -0.00000 -1.00000 -0.00000
1606417109778954 0.99819 -0.06020 0.00000 -20.79597 -0.06020 -0.99819 0.00000 -0.66159 -0.00000 -0.00000 -1.00000 -0.00000
1606417110028333 0.99879 -0.04912 0.00000 -22.20524 -0.04912 -0.99879 0.00000 -0.93040 -0.00000 -0.00000 -1.00000 -0.00000
1606417110278336 0.99912 -0.04183 0.00000 -23.78350 -0.04183 -0.99912 0.00000 -1.12914 -0.00000 -0.00000 -1.00000 -0.00000
1606417110528337 0.99973 -0.02334 0.00000 -25.34867 -0.02334 -0.99973 0.00000 -1.58034 -0.00000 -0.00000 -1.00000 -0.00000
1606417110778342 0.99982 -0.01885 0.00000 -27.08338 -0.01885 -0.99982 0.00000 -1.71193 -0.00000 -0.00000 -1.00000 -0.00000
1606417111028973 0.99994 -0.01067 0.00000 -28.66577 -0.01067 -0.99994 0.00000 -2.04103 -0.00000 -0.00000 -1.00000 -0.00000
1606417111278970 0.99999 0.00504 0.00000 -30.27272 0.00504 -0.99999 0.00000 -2.49982 0.00000 -0.00000 -1.00000 -0.00000
1606417111528979 0.99992 0.01257 0.00000 -32.09404 0.01257 -0.99992 0.00000 -2.67819 0.00000 -0.00000 -1.00000 -0.00000
1606417111778357 0.99953 0.03073 0.00000 -33.66497 0.03073 -0.99953 0.00000 -3.31443 0.00000 -0.00000 -1.00000 -0.00000
1606417112028364 0.99939 0.03487 0.00000 -35.41903 0.03487 -0.99939 0.00000 -3.41829 0.00000 -0.00000 -1.00000 -0.00000
1606417112277745 0.99906 0.04336 -0.00000 -37.23031 0.04336 -0.99906 0.00000 -3.79487 0.00000 -0.00000 -1.00000 -0.00000
1606417112527735 0.99862 0.05261 0.00000 -38.90218 0.05261 -0.99862 0.00000 -4.24004 0.00000 -0.00000 -1.00000 -0.00000
1606417112778377 0.99858 0.05327 0.00000 -40.80038 0.05327 -0.99858 0.00000 -4.25640 0.00000 -0.00000 -1.00000 -0.00000
1606417113028997 0.99858 0.05333 -0.00000 -42.72153 0.05333 -0.99858 0.00000 -4.17065 0.00000 -0.00000 -1.00000 -0.00000
1606417113279002 0.99834 0.05767 -0.00000 -44.51093 0.05767 -0.99834 0.00000 -4.48826 0.00000 -0.00000 -1.00000 -0.00000
1606417113529006 0.99829 0.05850 0.00000 -46.44374 0.05850 -0.99829 0.00000 -4.46610 0.00000 -0.00000 -1.00000 -0.00000
1606417113779006 0.99860 0.05282 0.00000 -48.34262 0.05282 -0.99860 0.00000 -4.29326 0.00000 -0.00000 -1.00000 -0.00000
1606417114029010 0.99843 0.05600 0.00000 -50.26712 0.05600 -0.99843 0.00000 -4.43604 0.00000 -0.00000 -1.00000 -0.00000
1606417114279014 0.99893 0.04620 -0.00000 -52.32911 0.04620 -0.99893 0.00000 -3.96629 0.00000 -0.00000 -1.00000 -0.00000
1606417114528388 0.99888 0.04739 0.00000 -54.20655 0.04739 -0.99888 0.00000 -4.06845 0.00000 -0.00000 -1.00000 -0.00000
1606417114778397 0.99883 0.04837 0.00000 -56.24724 0.04837 -0.99883 0.00000 -4.19187 0.00000 -0.00000 -1.00000 -0.00000
1606417115028402 0.99900 0.04467 0.00000 -58.31481 0.04467 -0.99900 0.00000 -3.99675 0.00000 -0.00000 -1.00000 -0.00000
1606417115277781 0.99882 0.04856 -0.00000 -60.31040 0.04856 -0.99882 0.00000 -4.32080 0.00000 -0.00000 -1.00000 -0.00000
1606417115528409 0.99895 0.04571 0.00000 -62.36800 0.04571 -0.99895 0.00000 -4.16625 0.00000 -0.00000 -1.00000 -0.00000
1606417115778414 0.99857 0.05351 -0.00000 -64.29961 0.05351 -0.99857 0.00000 -4.63201 0.00000 -0.00000 -1.00000 -0.00000
1606417116028412 0.99870 0.05097 0.00000 -66.34983 0.05097 -0.99870 0.00000 -4.60146 0.00000 -0.00000 -1.00000 -0.00000
1606417116279045 0.99900 0.04465 0.00000 -68.44607 0.04465 -0.99900 0.00000 -4.07649 0.00000 -0.00000 -1.00000 -0.00000
1606417116529050 0.99855 0.05375 0.00000 -70.39933 0.05375 -0.99855 0.00000 -4.74156 0.00000 -0.00000 -1.00000 -0.00000
1606417116779061 0.99918 0.04047 -0.00000 -72.48304 0.04047 -0.99918 0.00000 -3.85203 0.00000 -0.00000 -1.00000 -0.00000
1606417117029057 0.99937 0.03561 -0.00000 -74.39976 0.03561 -0.99937 0.00000 -3.47717 0.00000 -0.00000 -1.00000 -0.00000
1606417117279052 0.99977 0.02149 0.00000 -76.46429 0.02149 -0.99977 0.00000 -2.38259 0.00000 -0.00000 -1.00000 -0.00000
1606417117529063 0.99998 0.00675 0.00000 -78.41902 0.00675 -0.99998 0.00000 -1.30626 0.00000 -0.00000 -1.00000 -0.00000
1606417117779062 0.99973 -0.02310 -0.00000 -80.37010 -0.02310 -0.99973 0.00000 0.97827 -0.00000 -0.00000 -1.00000 0.00000
1606417118028448 0.99903 -0.04402 0.00000 -82.28119 -0.04402 -0.99903 0.00000 2.64082 -0.00000 -0.00000 -1.00000 0.00000
1606417118278449 0.99657 -0.08273 0.00000 -84.14096 -0.08273 -0.99657 0.00000 5.81187 -0.00000 -0.00000 -1.00000 0.00000
1606417118528451 0.99201 -0.12617 0.00000 -85.56571 -0.12617 -0.99201 0.00000 9.41203 -0.00000 -0.00000 -1.00000 0.00000
1606417118778455 0.98426 -0.17672 0.00000 -86.88056 -0.17672 -0.98426 0.00000 13.89305 -0.00000 -0.00000 -1.00000 0.00000
1606417119028459 0.97323 -0.22983 0.00000 -87.87686 -0.22983 -0.97323 0.00000 18.58983 -0.00000 -0.00000 -1.00000 0.00000
1606417119277837 0.95933 -0.28228 0.00000 -88.57883 -0.28228 -0.95933 0.00000 23.28859 -0.00000 -0.00000 -1.00000 0.00000
1606417119528465 0.94390 -0.33022 0.00000 -89.12224 -0.33022 -0.94390 0.00000 27.70222 -0.00000 -0.00000 -1.00000 0.00000
1606417119778470 0.92412 -0.38209 0.00000 -89.32876 -0.38209 -0.92412 0.00000 32.53296 -0.00000 -0.00000 -1.00000 0.00000
1606417120029095 0.90206 -0.43161 0.00000 -89.29150 -0.43161 -0.90206 0.00000 37.35778 -0.00000 -0.00000 -1.00000 0.00000
1606417120279103 0.87104 -0.49121 0.00000 -88.36058 -0.49121 -0.87104 0.00000 43.30563 -0.00000 -0.00000 -1.00000 0.00000
1606417120529103 0.83941 -0.54350 0.00000 -87.32551 -0.54350 -0.83941 0.00000 48.44407 -0.00000 -0.00000 -1.00000 0.00000
1606417120779103 0.80324 -0.59565 0.00000 -85.92551 -0.59565 -0.80324 0.00000 54.08778 -0.00000 -0.00000 -1.00000 0.00000
1606417121028484 0.76549 -0.64345 0.00000 -84.30235 -0.64345 -0.76549 0.00000 59.21347 -0.00000 -0.00000 -1.00000 0.00000
1606417121278501 0.72045 -0.69350 -0.00000 -81.84733 -0.69350 -0.72045 0.00000 64.78698 -0.00000 -0.00000 -1.00000 0.00000
1606417121527868 0.66844 -0.74377 0.00000 -78.64489 -0.74377 -0.66844 0.00000 70.39852 -0.00000 -0.00000 -1.00000 0.00000
1606417121777870 0.61273 -0.79029 0.00000 -75.06062 -0.79029 -0.61273 0.00000 75.98577 -0.00000 -0.00000 -1.00000 0.00000
1606417122027242 0.56324 -0.82629 0.00000 -71.95471 -0.82629 -0.56324 0.00000 80.29292 -0.00000 -0.00000 -1.00000 0.00000
1606417122277873 0.50822 -0.86123 0.00000 -68.25580 -0.86123 -0.50822 0.00000 84.99381 -0.00000 -0.00000 -1.00000 0.00000
1606417122528502 0.46250 -0.88662 -0.00000 -65.49402 -0.88662 -0.46250 0.00000 88.40319 -0.00000 -0.00000 -1.00000 0.00000
1606417122778513 0.42807 -0.90374 0.00000 -63.88186 -0.90374 -0.42807 0.00000 90.71357 -0.00000 -0.00000 -1.00000 0.00000
1606417123029141 0.39558 -0.91843 0.00000 -62.33537 -0.91843 -0.39558 0.00000 92.94456 -0.00000 -0.00000 -1.00000 0.00000
1606417123279141 0.37995 -0.92501 0.00000 -62.52103 -0.92501 -0.37995 0.00000 93.96593 -0.00000 -0.00000 -1.00000 0.00000
1606417123529146 0.36682 -0.93029 0.00000 -63.01611 -0.93029 -0.36682 0.00000 94.71246 -0.00000 -0.00000 -1.00000 0.00000
1606417123779773 0.35445 -0.93508 0.00000 -63.61826 -0.93508 -0.35445 0.00000 95.63952 -0.00000 -0.00000 -1.00000 0.00000
1606417124029774 0.35395 -0.93526 0.00000 -65.39853 -0.93526 -0.35395 0.00000 95.68832 -0.00000 -0.00000 -1.00000 0.00000
1606417124279156 0.37272 -0.92794 0.00000 -69.20002 -0.92794 -0.37272 0.00000 94.27864 -0.00000 -0.00000 -1.00000 0.00000
1606417124529150 0.38838 -0.92150 0.00000 -72.72527 -0.92150 -0.38838 0.00000 93.12571 -0.00000 -0.00000 -1.00000 0.00000
1606417124779172 0.39861 -0.91712 0.00000 -75.64267 -0.91712 -0.39861 0.00000 92.22612 -0.00000 -0.00000 -1.00000 0.00000
1606417125028544 0.42356 -0.90587 0.00000 -80.09475 -0.90587 -0.42356 0.00000 90.11370 -0.00000 -0.00000 -1.00000 0.00000
1606417125278542 0.43371 -0.90105 -0.00000 -83.10147 -0.90105 -0.43371 0.00000 89.13584 -0.00000 -0.00000 -1.00000 0.00000
1606417125527920 0.45923 -0.88832 0.00000 -87.50845 -0.88832 -0.45923 0.00000 86.71528 -0.00000 -0.00000 -1.00000 0.00000
1606417125778546 0.46390 -0.88589 0.00000 -90.04374 -0.88589 -0.46390 0.00000 86.21814 -0.00000 -0.00000 -1.00000 0.00000
1606417126028554 0.48580 -0.87407 0.00000 -94.03973 -0.87407 -0.48580 0.00000 83.84687 -0.00000 -0.00000 -1.00000 0.00000
1606417126278558 0.50696 -0.86197 0.00000 -98.06577 -0.86197 -0.50696 0.00000 81.37230 -0.00000 -0.00000 -1.00000 0.00000
1606417126529181 0.52545 -0.85082 0.00000 -101.72464 -0.85082 -0.52545 0.00000 79.22127 -0.00000 -0.00000 -1.00000 0.00000
1606417126779194 0.55045 -0.83487 0.00000 -105.94913 -0.83487 -0.55045 0.00000 76.16464 -0.00000 -0.00000 -1.00000 0.00000
1606417127029196 0.57335 -0.81931 0.00000 -110.03796 -0.81931 -0.57335 0.00000 73.22632 -0.00000 -0.00000 -1.00000 0.00000
1606417127279201 0.58963 -0.80767 0.00000 -113.32444 -0.80767 -0.58963 0.00000 70.93506 -0.00000 -0.00000 -1.00000 0.00000
1606417127529202 0.60443 -0.79666 0.00000 -116.52466 -0.79666 -0.60443 0.00000 68.78153 -0.00000 -0.00000 -1.00000 0.00000
1606417127779203 0.62198 -0.78303 0.00000 -119.92189 -0.78303 -0.62198 0.00000 66.29168 -0.00000 -0.00000 -1.00000 0.00000
1606417128028583 0.64354 -0.76541 0.00000 -123.52188 -0.76541 -0.64354 0.00000 62.72584 -0.00000 -0.00000 -1.00000 0.00000
1606417128278594 0.65700 -0.75389 0.00000 -126.57013 -0.75389 -0.65700 0.00000 60.55421 -0.00000 -0.00000 -1.00000 0.00000
1606417128528589 0.67138 -0.74112 0.00000 -129.50587 -0.74112 -0.67138 0.00000 58.01987 -0.00000 -0.00000 -1.00000 0.00000
1606417128778593 0.68117 -0.73213 0.00000 -132.07489 -0.73213 -0.68117 0.00000 56.39190 -0.00000 -0.00000 -1.00000 0.00000
1606417129028600 0.69565 -0.71838 0.00000 -135.02478 -0.71838 -0.69565 0.00000 53.58957 -0.00000 -0.00000 -1.00000 0.00000
1606417129279226 0.70213 -0.71205 0.00000 -137.25666 -0.71205 -0.70213 0.00000 52.36213 -0.00000 -0.00000 -1.00000 0.00000
1606417129529232 0.71019 -0.70401 0.00000 -139.65035 -0.70401 -0.71019 0.00000 50.81648 -0.00000 -0.00000 -1.00000 0.00000
1606417129779237 0.71623 -0.69786 0.00000 -141.89970 -0.69786 -0.71623 0.00000 49.58856 -0.00000 -0.00000 -1.00000 0.00000
1606417130029239 0.72305 -0.69080 0.00000 -144.10020 -0.69080 -0.72305 0.00000 48.19083 -0.00000 -0.00000 -1.00000 0.00000
1606417130279241 0.72577 -0.68794 0.00000 -145.91375 -0.68794 -0.72577 0.00000 47.60829 -0.00000 -0.00000 -1.00000 0.00000
1606417130529251 0.73592 -0.67707 0.00000 -148.22798 -0.67707 -0.73592 0.00000 45.40393 -0.00000 -0.00000 -1.00000 0.00000
1606417130779253 0.75637 -0.65414 0.00000 -151.00036 -0.65414 -0.75637 0.00000 40.87199 -0.00000 -0.00000 -1.00000 0.00000
1606417131028634 0.79240 -0.61001 0.00000 -154.55204 -0.61001 -0.79240 0.00000 32.02634 -0.00000 -0.00000 -1.00000 0.00000
1606417131278635 0.83301 -0.55325 0.00000 -157.84133 -0.55325 -0.83301 0.00000 21.15378 -0.00000 -0.00000 -1.00000 0.00000
1606417131528635 0.86907 -0.49468 0.00000 -160.03129 -0.49468 -0.86907 0.00000 10.25889 -0.00000 -0.00000 -1.00000 0.00000
1606417131778009 0.91564 -0.40199 0.00000 -161.32660 -0.40199 -0.91564 0.00000 -6.38245 -0.00000 -0.00000 -1.00000 -0.00000
1606417132028641 0.95095 -0.30936 0.00000 -161.02728 -0.30936 -0.95095 0.00000 -22.28593 -0.00000 -0.00000 -1.00000 -0.00000
1606417132278649 0.98196 -0.18909 0.00000 -157.95711 -0.18909 -0.98196 0.00000 -42.13638 -0.00000 -0.00000 -1.00000 -0.00000
1606417132528646 0.99919 -0.04015 -0.00000 -150.87678 -0.04015 -0.99919 0.00000 -65.24273 -0.00000 -0.00000 -1.00000 -0.00000
1606417132779289 0.99428 0.10683 0.00000 -140.61905 0.10683 -0.99428 0.00000 -86.63073 0.00000 -0.00000 -1.00000 -0.00000
1606417133029905 0.96402 0.26584 0.00000 -125.72058 0.26584 -0.96402 0.00000 -108.25404 0.00000 -0.00000 -1.00000 -0.00000
1606417133279913 0.90560 0.42413 -0.00000 -106.67083 0.42413 -0.90560 0.00000 -127.77389 0.00000 -0.00000 -1.00000 -0.00000
1606417133529917 0.81640 0.57749 -0.00000 -83.25993 0.57749 -0.81640 0.00000 -144.57448 0.00000 -0.00000 -1.00000 -0.00000
1606417133779922 0.69904 0.71508 0.00000 -56.70108 0.71508 -0.69904 0.00000 -157.19088 0.00000 -0.00000 -1.00000 -0.00000
1606417134029917 0.55317 0.83307 0.00000 -27.28129 0.83307 -0.55317 0.00000 -164.94594 0.00000 -0.00000 -1.00000 -0.00000
1606417134279917 0.38877 0.92133 0.00000 3.02588 0.92133 -0.38877 0.00000 -167.11225 0.00000 -0.00000 -1.00000 -0.00000
1606417134529927 0.20517 0.97873 0.00000 34.13854 0.97873 -0.20517 0.00000 -163.34949 0.00000 -0.00000 -1.00000 -0.00000
1606417134779933 0.01015 0.99995 0.00000 64.45651 0.99995 -0.01015 0.00000 -153.57509 0.00000 -0.00000 -1.00000 -0.00000
1606417135029311 -0.19190 0.98141 -0.00000 93.21162 0.98141 0.19190 0.00000 -137.33781 0.00000 0.00000 -1.00000 -0.00000
1606417135279932 -0.39200 0.91997 0.00000 118.86833 0.91997 0.39200 0.00000 -114.80646 0.00000 0.00000 -1.00000 -0.00000
1606417135529944 -0.55664 0.83075 0.00000 137.17737 0.83075 0.55664 0.00000 -90.58684 0.00000 0.00000 -1.00000 -0.00000
1606417135779943 -0.67623 0.73669 0.00000 148.23099 0.73669 0.67623 0.00000 -68.71343 0.00000 0.00000 -1.00000 -0.00000
1606417136030575 -0.76409 0.64511 -0.00000 154.54111 0.64511 0.76409 0.00000 -49.34740 0.00000 0.00000 -1.00000 -0.00000
1606417136280616 -0.82780 0.56102 0.00000 157.76425 0.56102 0.82780 0.00000 -32.79776 0.00000 0.00000 -1.00000 -0.00000
1606417136530581 -0.87507 0.48399 0.00000 158.95518 0.48399 0.87507 0.00000 -18.35084 0.00000 0.00000 -1.00000 -0.00000
1606417136780580 -0.90432 0.42685 0.00000 158.55281 0.42685 0.90432 0.00000 -8.16050 0.00000 0.00000 -1.00000 -0.00000
1606417137030591 -0.92233 0.38640 0.00000 157.43940 0.38640 0.92233 0.00000 -1.01677 0.00000 0.00000 -1.00000 -0.00000
1606417137280589 -0.92785 0.37295 0.00000 156.10782 0.37295 0.92785 0.00000 1.15450 0.00000 0.00000 -1.00000 0.00000
1606417137530592 -0.93045 0.36642 -0.00000 154.79485 0.36642 0.93045 0.00000 2.32277 0.00000 0.00000 -1.00000 0.00000
1606417137779972 -0.93218 0.36200 0.00000 153.36659 0.36200 0.93218 0.00000 3.02022 0.00000 0.00000 -1.00000 0.00000
1606417138029978 -0.93229 0.36172 0.00000 151.89837 0.36172 0.93229 0.00000 3.08299 0.00000 0.00000 -1.00000 0.00000
1606417138279983 -0.92594 0.37767 -0.00000 150.39893 0.37767 0.92594 0.00000 0.45328 0.00000 0.00000 -1.00000 0.00000
1606417138529987 -0.91831 0.39586 0.00000 148.93955 0.39586 0.91831 0.00000 -2.44218 0.00000 0.00000 -1.00000 -0.00000
1606417138779985 -0.90456 0.42634 0.00000 147.18170 0.42634 0.90456 0.00000 -7.41606 0.00000 0.00000 -1.00000 -0.00000
1606417139029365 -0.89138 0.45326 0.00000 145.39737 0.45326 0.89138 0.00000 -11.93245 0.00000 0.00000 -1.00000 -0.00000
1606417139279371 -0.86959 0.49377 0.00000 142.96136 0.49377 0.86959 0.00000 -18.65879 0.00000 0.00000 -1.00000 -0.00000
1606417139529375 -0.84295 0.53800 0.00000 140.29252 0.53800 0.84295 0.00000 -26.10111 0.00000 0.00000 -1.00000 -0.00000
1606417139779378 -0.81391 0.58099 0.00000 137.09143 0.58099 0.81391 0.00000 -33.40082 0.00000 0.00000 -1.00000 -0.00000
1606417140029376 -0.78419 0.62052 0.00000 133.48814 0.62052 0.78419 0.00000 -40.14809 0.00000 0.00000 -1.00000 -0.00000
1606417140278755 -0.75665 0.65382 -0.00000 129.98788 0.65382 0.75665 0.00000 -45.97200 0.00000 0.00000 -1.00000 -0.00000
1606417140528763 -0.72501 0.68873 0.00000 125.87132 0.68873 0.72501 0.00000 -51.91202 0.00000 0.00000 -1.00000 -0.00000
1606417140778770 -0.68947 0.72432 0.00000 121.29099 0.72432 0.68947 0.00000 -58.22516 0.00000 0.00000 -1.00000 -0.00000
1606417141028146 -0.65328 0.75712 0.00000 116.42175 0.75712 0.65328 0.00000 -64.29917 0.00000 0.00000 -1.00000 -0.00000
1606417141278764 -0.61243 0.79053 0.00000 111.07246 0.79053 0.61243 0.00000 -70.06177 0.00000 0.00000 -1.00000 -0.00000
1606417141529393 -0.56982 0.82177 -0.00000 105.27656 0.82177 0.56982 0.00000 -75.86861 0.00000 0.00000 -1.00000 -0.00000
1606417141779402 -0.52988 0.84807 0.00000 99.82189 0.84807 0.52988 0.00000 -80.95568 0.00000 0.00000 -1.00000 -0.00000
1606417142029407 -0.49589 0.86839 -0.00000 94.60229 0.86839 0.49589 0.00000 -84.91299 0.00000 0.00000 -1.00000 -0.00000
1606417142280031 -0.45200 0.89202 0.00000 88.32748 0.89202 0.45200 0.00000 -89.45746 0.00000 0.00000 -1.00000 -0.00000
1606417142529414 -0.42522 0.90509 0.00000 83.83852 0.90509 0.42522 0.00000 -92.19049 0.00000 0.00000 -1.00000 -0.00000
1606417142778786 -0.40024 0.91641 0.00000 79.35794 0.91641 0.40024 0.00000 -94.45405 0.00000 0.00000 -1.00000 -0.00000
1606417143028798 -0.38871 0.92136 0.00000 76.26403 0.92136 0.38871 0.00000 -95.50251 0.00000 0.00000 -1.00000 -0.00000
1606417143278798 -0.36868 0.92956 0.00000 72.33364 0.92956 0.36868 0.00000 -97.14115 0.00000 0.00000 -1.00000 -0.00000
1606417143528805 -0.36101 0.93256 0.00000 69.62755 0.93256 0.36101 0.00000 -97.70734 0.00000 0.00000 -1.00000 -0.00000
1606417143778809 -0.34865 0.93725 0.00000 66.42726 0.93725 0.34865 0.00000 -98.72562 0.00000 0.00000 -1.00000 -0.00000
1606417144028825 -0.34928 0.93702 0.00000 64.53008 0.93702 0.34928 0.00000 -98.63120 0.00000 0.00000 -1.00000 -0.00000
1606417144278825 -0.35798 0.93373 0.00000 63.55532 0.93373 0.35798 0.00000 -98.22937 0.00000 0.00000 -1.00000 -0.00000
1606417144528817 -0.37953 0.92518 0.00000 63.78349 0.92518 0.37953 0.00000 -96.63505 0.00000 0.00000 -1.00000 -0.00000
1606417144778821 -0.39883 0.91702 0.00000 63.86649 0.91702 0.39883 0.00000 -95.44282 0.00000 0.00000 -1.00000 -0.00000
1606417145029445 -0.42594 0.90475 0.00000 64.74251 0.90475 0.42594 0.00000 -93.46664 0.00000 0.00000 -1.00000 -0.00000
1606417145278830 -0.46465 0.88550 -0.00000 66.83311 0.88550 0.46465 0.00000 -90.72247 0.00000 0.00000 -1.00000 -0.00000
1606417145528831 -0.49567 0.86851 0.00000 67.98741 0.86851 0.49567 0.00000 -88.31135 0.00000 0.00000 -1.00000 -0.00000
1606417145778836 -0.53941 0.84204 0.00000 70.51717 0.84204 0.53941 0.00000 -84.72798 0.00000 0.00000 -1.00000 -0.00000
1606417146028842 -0.58724 0.80941 0.00000 73.42605 0.80941 0.58724 0.00000 -80.64336 0.00000 0.00000 -1.00000 -0.00000
1606417146278844 -0.63586 0.77181 0.00000 76.33485 0.77181 0.63586 0.00000 -76.06601 0.00000 0.00000 -1.00000 -0.00000
1606417146528848 -0.68882 0.72493 0.00000 79.61292 0.72493 0.68882 0.00000 -70.58742 0.00000 0.00000 -1.00000 -0.00000
1606417146778852 -0.73322 0.67999 0.00000 81.83783 0.67999 0.73322 0.00000 -65.31376 0.00000 0.00000 -1.00000 -0.00000
1606417147029476 -0.78358 0.62129 0.00000 84.89042 0.62129 0.78358 0.00000 -58.94993 0.00000 0.00000 -1.00000 -0.00000
1606417147279485 -0.82181 0.56977 0.00000 86.56933 0.56977 0.82181 0.00000 -53.46998 0.00000 0.00000 -1.00000 -0.00000
1606417147530107 -0.85147 0.52441 0.00000 87.31078 0.52441 0.85147 0.00000 -48.71234 0.00000 0.00000 -1.00000 -0.00000
1606417147779490 -0.88672 0.46230 -0.00000 88.67601 0.46230 0.88672 0.00000 -42.41188 0.00000 0.00000 -1.00000 -0.00000
1606417148029490 -0.91223 0.40967 0.00000 89.14254 0.40967 0.91223 0.00000 -37.22719 0.00000 0.00000 -1.00000 -0.00000
1606417148279488 -0.93436 0.35634 0.00000 89.18420 0.35634 0.93436 0.00000 -32.01967 0.00000 0.00000 -1.00000 -0.00000
1606417148529495 -0.95316 0.30246 0.00000 88.88293 0.30246 0.95316 0.00000 -27.00241 0.00000 0.00000 -1.00000 -0.00000
1606417148779505 -0.96792 0.25126 0.00000 88.17313 0.25126 0.96792 0.00000 -22.23027 0.00000 0.00000 -1.00000 -0.00000
1606417149029509 -0.97996 0.19920 0.00000 87.28118 0.19920 0.97996 0.00000 -17.51266 0.00000 0.00000 -1.00000 -0.00000
1606417149279512 -0.98799 0.15455 0.00000 85.99741 0.15455 0.98799 0.00000 -13.49123 0.00000 0.00000 -1.00000 -0.00000
1606417149529515 -0.99385 0.11069 -0.00000 84.40497 0.11069 0.99385 0.00000 -9.71379 0.00000 0.00000 -1.00000 -0.00000
1606417149778886 -0.99738 0.07235 0.00000 82.73153 0.07235 0.99738 0.00000 -6.52506 0.00000 0.00000 -1.00000 -0.00000
1606417150028275 -0.99903 0.04408 0.00000 80.83963 0.04408 0.99903 0.00000 -4.15608 0.00000 0.00000 -1.00000 -0.00000
1606417150278278 -0.99982 0.01890 0.00000 78.86189 0.01890 0.99982 0.00000 -2.04627 0.00000 0.00000 -1.00000 -0.00000
1606417150528907 -1.00000 -0.00217 0.00000 76.77696 -0.00217 1.00000 0.00000 -0.46281 -0.00000 0.00000 -1.00000 -0.00000
1606417150779532 -0.99998 -0.00655 0.00000 74.63596 -0.00655 0.99998 0.00000 -0.14723 -0.00000 0.00000 -1.00000 -0.00000
1606417151029531 -0.99973 -0.02305 -0.00000 72.57210 -0.02305 0.99973 0.00000 1.00104 -0.00000 0.00000 -1.00000 0.00000
1606417151279535 -0.99950 -0.03160 0.00000 70.42715 -0.03160 0.99950 0.00000 1.63354 -0.00000 0.00000 -1.00000 0.00000
1606417151529548 -0.99952 -0.03104 0.00000 68.27260 -0.03104 0.99952 0.00000 1.47358 -0.00000 0.00000 -1.00000 0.00000
1606417151779546 -0.99951 -0.03120 0.00000 66.15384 -0.03120 0.99951 0.00000 1.52071 -0.00000 0.00000 -1.00000 0.00000
1606417152029547 -0.99958 -0.02884 0.00000 64.03174 -0.02884 0.99958 0.00000 1.29014 -0.00000 0.00000 -1.00000 0.00000
1606417152279555 -0.99970 -0.02439 0.00000 61.87398 -0.02439 0.99970 0.00000 0.98131 -0.00000 0.00000 -1.00000 0.00000
1606417152528934 -0.99964 -0.02682 -0.00000 59.80335 -0.02682 0.99964 0.00000 1.05013 -0.00000 0.00000 -1.00000 0.00000
1606417152778937 -0.99982 -0.01876 0.00000 57.65793 -0.01876 0.99982 0.00000 0.58400 -0.00000 0.00000 -1.00000 0.00000
1606417153028939 -0.99982 -0.01896 -0.00000 55.59265 -0.01896 0.99982 0.00000 0.45697 -0.00000 0.00000 -1.00000 0.00000
1606417153278940 -0.99991 -0.01306 0.00000 53.50309 -0.01306 0.99991 0.00000 0.16070 -0.00000 0.00000 -1.00000 0.00000
1606417153528317 -0.99996 -0.00896 0.00000 51.35235 -0.00896 0.99996 0.00000 -0.12408 -0.00000 0.00000 -1.00000 -0.00000
1606417153778953 -1.00000 -0.00235 0.00000 49.22466 -0.00235 1.00000 0.00000 -0.46629 -0.00000 0.00000 -1.00000 -0.00000
1606417154028958 -1.00000 0.00124 0.00000 47.14973 0.00124 1.00000 0.00000 -0.62336 0.00000 0.00000 -1.00000 -0.00000
1606417154278959 -1.00000 0.00183 0.00000 45.03339 0.00183 1.00000 0.00000 -0.77779 0.00000 0.00000 -1.00000 -0.00000
1606417154528964 -0.99994 0.01136 0.00000 42.93708 0.01136 0.99994 0.00000 -1.21845 0.00000 0.00000 -1.00000 -0.00000
1606417154779586 -0.99988 0.01544 0.00000 40.94521 0.01544 0.99988 0.00000 -1.36653 0.00000 0.00000 -1.00000 -0.00000
1606417155028969 -0.99986 0.01702 0.00000 38.84548 0.01702 0.99986 0.00000 -1.52240 0.00000 0.00000 -1.00000 -0.00000
1606417155278969 -0.99952 0.03107 0.00000 36.79008 0.03107 0.99952 0.00000 -1.93948 0.00000 0.00000 -1.00000 -0.00000
1606417155528973 -0.99935 0.03598 0.00000 34.76244 0.03598 0.99935 0.00000 -2.21631 0.00000 0.00000 -1.00000 -0.00000
1606417155778981 -0.99918 0.04046 0.00000 32.74031 0.04046 0.99918 0.00000 -2.40614 0.00000 0.00000 -1.00000 -0.00000
1606417156028985 -0.99916 0.04110 0.00000 30.71855 0.04110 0.99916 0.00000 -2.40896 0.00000 0.00000 -1.00000 -0.00000
1606417156278989 -0.99916 0.04101 -0.00000 28.68459 0.04101 0.99916 0.00000 -2.52304 0.00000 0.00000 -1.00000 -0.00000
1606417156528991 -0.99873 0.05047 0.00000 26.71761 0.05047 0.99873 0.00000 -2.72796 0.00000 0.00000 -1.00000 -0.00000
1606417156779629 -0.99855 0.05380 0.00000 24.59938 0.05380 0.99855 0.00000 -2.82301 0.00000 0.00000 -1.00000 -0.00000
1606417157029616 -0.99851 0.05456 -0.00000 22.61093 0.05456 0.99851 0.00000 -2.94332 0.00000 0.00000 -1.00000 -0.00000
1606417157279624 -0.99841 0.05631 0.00000 20.47389 0.05631 0.99841 0.00000 -2.91678 0.00000 0.00000 -1.00000 -0.00000
1606417157529627 -0.99789 0.06492 0.00000 18.41171 0.06492 0.99789 0.00000 -3.21091 0.00000 0.00000 -1.00000 -0.00000
1606417157779633 -0.99751 0.07058 0.00000 16.26663 0.07058 0.99751 0.00000 -3.30698 0.00000 0.00000 -1.00000 -0.00000
1606417158029638 -0.99707 0.07654 0.00000 14.20473 0.07654 0.99707 0.00000 -3.34980 0.00000 0.00000 -1.00000 -0.00000
1606417158279009 -0.99702 0.07721 -0.00000 12.07644 0.07721 0.99702 0.00000 -3.43731 0.00000 0.00000 -1.00000 -0.00000
1606417158529645 -0.99659 0.08247 0.00000 9.94208 0.08247 0.99659 0.00000 -3.59674 0.00000 0.00000 -1.00000 -0.00000
1606417158779649 -0.99658 0.08258 0.00000 7.85103 0.08258 0.99658 0.00000 -3.51054 0.00000 0.00000 -1.00000 -0.00000
1606417159029653 -0.99714 0.07556 0.00000 5.69195 0.07556 0.99714 0.00000 -3.47045 0.00000 0.00000 -1.00000 -0.00000
1606417159279658 -0.99691 0.07859 0.00000 3.53924 0.07859 0.99691 0.00000 -3.50511 0.00000 0.00000 -1.00000 -0.00000
1606417159529653 -0.99721 0.07467 0.00000 1.42635 0.07467 0.99721 0.00000 -3.54329 0.00000 0.00000 -1.00000 -0.00000
1606417159779654 -0.99648 0.08381 0.00000 -0.79344 0.08381 0.99648 0.00000 -3.48989 0.00000 0.00000 -1.00000 -0.00000
1606417160029661 -0.99645 0.08424 0.00000 -2.95520 0.08424 0.99645 0.00000 -3.51831 0.00000 0.00000 -1.00000 -0.00000
1606417160279674 -0.99633 0.08562 0.00000 -5.06982 0.08562 0.99633 0.00000 -3.63065 0.00000 0.00000 -1.00000 -0.00000
1606417160529043 -0.99615 0.08764 0.00000 -7.22332 0.08764 0.99615 0.00000 -3.67406 0.00000 0.00000 -1.00000 -0.00000
1606417160779046 -0.99571 0.09258 -0.00000 -9.39100 0.09258 0.99571 0.00000 -3.64755 0.00000 0.00000 -1.00000 -0.00000
1606417161029055 -0.99553 0.09447 0.00000 -11.56277 0.09447 0.99553 0.00000 -3.54264 0.00000 0.00000 -1.00000 -0.00000
1606417161279057 -0.99521 0.09778 0.00000 -13.64019 0.09778 0.99521 0.00000 -3.62657 0.00000 0.00000 -1.00000 -0.00000
1606417161529680 -0.99339 0.11482 0.00000 -15.86838 0.11482 0.99339 0.00000 -3.28841 0.00000 0.00000 -1.00000 -0.00000
1606417161779685 -0.99317 0.11671 0.00000 -17.99196 0.11671 0.99317 0.00000 -3.36398 0.00000 0.00000 -1.00000 -0.00000
1606417162029691 -0.99363 0.11265 0.00000 -20.06887 0.11265 0.99363 0.00000 -3.44579 0.00000 0.00000 -1.00000 -0.00000
1606417162279696 -0.99383 0.11089 0.00000 -22.22975 0.11089 0.99383 0.00000 -3.49646 0.00000 0.00000 -1.00000 -0.00000
1606417162529694 -0.99408 0.10867 -0.00000 -24.39608 0.10867 0.99408 0.00000 -3.57941 0.00000 0.00000 -1.00000 -0.00000
1606417162779078 -0.99646 0.08412 0.00000 -26.43617 0.08412 0.99646 0.00000 -4.36478 0.00000 0.00000 -1.00000 -0.00000
1606417163029076 -0.99765 0.06849 0.00000 -28.55665 0.06849 0.99765 0.00000 -4.78423 0.00000 0.00000 -1.00000 -0.00000
1606417163279088 -0.99885 0.04788 -0.00000 -30.60831 0.04788 0.99885 0.00000 -5.40153 0.00000 0.00000 -1.00000 -0.00000
1606417163529084 -0.99955 0.03007 0.00000 -32.78749 0.03007 0.99955 0.00000 -5.97472 0.00000 0.00000 -1.00000 -0.00000
1606417163779719 -0.99986 0.01648 0.00000 -34.83791 0.01648 0.99986 0.00000 -6.36349 0.00000 0.00000 -1.00000 -0.00000
1606417164029721 -1.00000 -0.00250 0.00000 -36.85285 -0.00250 1.00000 0.00000 -7.01760 -0.00000 0.00000 -1.00000 -0.00000
1606417164279722 -0.99968 -0.02510 0.00000 -38.85412 -0.02510 0.99968 0.00000 -7.94137 -0.00000 0.00000 -1.00000 -0.00000
1606417164529726 -0.99922 -0.03958 0.00000 -40.98419 -0.03958 0.99922 0.00000 -8.47147 -0.00000 0.00000 -1.00000 -0.00000
1606417164779738 -0.99911 -0.04225 0.00000 -42.92994 -0.04225 0.99911 0.00000 -8.64504 -0.00000 0.00000 -1.00000 -0.00000
1606417165029731 -0.99877 -0.04956 0.00000 -45.11047 -0.04956 0.99877 0.00000 -8.98409 -0.00000 0.00000 -1.00000 -0.00000
1606417165279740 -0.99840 -0.05649 0.00000 -47.08420 -0.05649 0.99840 0.00000 -9.31736 -0.00000 0.00000 -1.00000 -0.00000
1606417165529741 -0.99826 -0.05896 -0.00000 -49.08592 -0.05896 0.99826 0.00000 -9.50128 -0.00000 0.00000 -1.00000 -0.00000
1606417165779740 -0.99842 -0.05625 0.00000 -51.05732 -0.05625 0.99842 0.00000 -9.43112 -0.00000 0.00000 -1.00000 -0.00000
1606417166029750 -0.99912 -0.04188 0.00000 -53.19354 -0.04188 0.99912 0.00000 -8.66220 -0.00000 0.00000 -1.00000 -0.00000
1606417166279747 -0.99960 -0.02841 0.00000 -55.13907 -0.02841 0.99960 0.00000 -7.97772 -0.00000 0.00000 -1.00000 -0.00000
1606417166529129 -0.99982 -0.01918 0.00000 -57.05531 -0.01918 0.99982 0.00000 -7.47749 -0.00000 0.00000 -1.00000 -0.00000
1606417166779125 -0.99996 0.00903 0.00000 -58.86533 0.00903 0.99996 0.00000 -5.88822 0.00000 0.00000 -1.00000 -0.00000
1606417167029136 -0.99941 0.03430 0.00000 -60.63541 0.03430 0.99941 0.00000 -4.38989 0.00000 0.00000 -1.00000 -0.00000
1606417167279144 -0.99692 0.07848 0.00000 -62.32262 0.07848 0.99692 0.00000 -1.77892 0.00000 0.00000 -1.00000 -0.00000
1606417167529141 -0.99026 0.13926 0.00000 -63.66566 0.13926 0.99026 0.00000 1.97314 0.00000 0.00000 -1.00000 0.00000
1606417167779148 -0.98010 0.19852 0.00000 -64.73009 0.19852 0.98010 0.00000 5.77575 0.00000 0.00000 -1.00000 0.00000
1606417168029146 -0.96088 0.27697 0.00000 -65.28971 0.27697 0.96088 0.00000 10.92134 0.00000 0.00000 -1.00000 0.00000
1606417168279164 -0.93095 0.36514 0.00000 -65.14439 0.36514 0.93095 0.00000 16.98084 0.00000 0.00000 -1.00000 0.00000
1606417168529160 -0.88450 0.46653 0.00000 -63.98704 0.46653 0.88450 0.00000 24.19138 0.00000 0.00000 -1.00000 0.00000
1606417168778539 -0.82842 0.56011 0.00000 -62.00170 0.56011 0.82842 0.00000 30.75123 0.00000 0.00000 -1.00000 0.00000
1606417169029164 -0.75025 0.66116 0.00000 -58.66138 0.66116 0.75025 0.00000 38.46858 0.00000 0.00000 -1.00000 0.00000
1606417169278544 -0.66872 0.74351 0.00000 -54.77075 0.74351 0.66872 0.00000 44.93716 0.00000 0.00000 -1.00000 0.00000
1606417169529174 -0.57447 0.81853 0.00000 -49.97879 0.81853 0.57447 0.00000 51.35020 0.00000 0.00000 -1.00000 0.00000
1606417169779176 -0.49111 0.87110 0.00000 -45.77900 0.87110 0.49111 0.00000 55.81811 0.00000 0.00000 -1.00000 0.00000
1606417170029803 -0.40526 0.91420 0.00000 -41.26200 0.91420 0.40526 0.00000 59.90636 0.00000 0.00000 -1.00000 0.00000
1606417170279805 -0.32917 0.94427 0.00000 -37.45303 0.94427 0.32917 0.00000 63.18284 0.00000 0.00000 -1.00000 0.00000
1606417170529818 -0.26038 0.96551 0.00000 -34.03856 0.96551 0.26038 0.00000 65.65710 0.00000 0.00000 -1.00000 0.00000
1606417170779817 -0.20284 0.97921 0.00000 -31.30897 0.97921 0.20284 0.00000 67.54566 0.00000 0.00000 -1.00000 0.00000
1606417171029822 -0.15667 0.98765 0.00000 -29.51243 0.98765 0.15667 0.00000 68.94274 0.00000 0.00000 -1.00000 0.00000
1606417171279819 -0.10758 0.99420 0.00000 -27.51505 0.99420 0.10758 0.00000 70.24241 0.00000 0.00000 -1.00000 0.00000
1606417171529198 -0.07759 0.99699 0.00000 -26.87421 0.99699 0.07759 0.00000 71.00562 0.00000 0.00000 -1.00000 0.00000
1606417171779205 -0.05316 0.99859 -0.00000 -26.69590 0.99859 0.05316 0.00000 71.61558 0.00000 0.00000 -1.00000 0.00000
1606417172029210 -0.02987 0.99955 -0.00000 -26.56806 0.99955 0.02987 0.00000 72.19594 0.00000 0.00000 -1.00000 0.00000
1606417172278584 -0.03240 0.99947 0.00000 -28.31702 0.99947 0.03240 0.00000 72.15743 0.00000 0.00000 -1.00000 0.00000
1606417172529213 -0.01850 0.99983 -0.00000 -28.96860 0.99983 0.01850 0.00000 72.35865 0.00000 0.00000 -1.00000 0.00000
1606417172779848 -0.01133 0.99994 0.00000 -30.05466 0.99994 0.01133 0.00000 72.60610 0.00000 0.00000 -1.00000 0.00000
1606417173029849 -0.00851 0.99996 0.00000 -31.57910 0.99996 0.00851 0.00000 72.68721 0.00000 0.00000 -1.00000 0.00000
1606417173280472 0.00276 1.00000 -0.00000 -32.36921 1.00000 -0.00276 0.00000 72.92867 0.00000 -0.00000 -1.00000 0.00000
1606417173530482 0.01794 0.99984 0.00000 -33.03716 0.99984 -0.01794 0.00000 73.47093 0.00000 -0.00000 -1.00000 0.00000
1606417173779859 0.02877 0.99959 -0.00000 -33.91669 0.99959 -0.02877 0.00000 73.62059 0.00000 -0.00000 -1.00000 0.00000
1606417174029234 0.04445 0.99901 0.00000 -34.49855 0.99901 -0.04445 0.00000 74.14961 0.00000 -0.00000 -1.00000 0.00000
1606417174279242 0.07096 0.99748 0.00000 -34.23698 0.99748 -0.07096 0.00000 75.00045 0.00000 -0.00000 -1.00000 0.00000
1606417174529241 0.10475 0.99450 -0.00000 -33.43211 0.99450 -0.10475 0.00000 76.13670 0.00000 -0.00000 -1.00000 0.00000
1606417174779249 0.12641 0.99198 0.00000 -33.50329 0.99198 -0.12641 0.00000 76.76656 0.00000 -0.00000 -1.00000 0.00000
1606417175028628 0.15609 0.98774 0.00000 -33.16147 0.98774 -0.15609 0.00000 77.62828 0.00000 -0.00000 -1.00000 0.00000
1606417175278628 0.16935 0.98556 0.00000 -33.66005 0.98556 -0.16935 0.00000 77.92432 0.00000 -0.00000 -1.00000 0.00000
1606417175528634 0.17665 0.98427 0.00000 -34.93184 0.98427 -0.17665 0.00000 78.25422 0.00000 -0.00000 -1.00000 0.00000
1606417175779263 0.17254 0.98500 0.00000 -36.99096 0.98500 -0.17254 0.00000 78.07356 0.00000 -0.00000 -1.00000 0.00000
1606417176029268 0.16070 0.98700 -0.00000 -39.95378 0.98700 -0.16070 0.00000 77.57288 0.00000 -0.00000 -1.00000 0.00000
1606417176279902 0.14227 0.98983 0.00000 -43.14796 0.98983 -0.14227 0.00000 76.80892 0.00000 -0.00000 -1.00000 0.00000
1606417176529891 0.12013 0.99276 0.00000 -46.91771 0.99276 -0.12013 0.00000 75.78794 0.00000 -0.00000 -1.00000 0.00000
1606417176780527 0.10539 0.99443 0.00000 -49.99379 0.99443 -0.10539 0.00000 75.09378 0.00000 -0.00000 -1.00000 0.00000
1606417177029903 0.08408 0.99646 0.00000 -53.50397 0.99646 -0.08408 0.00000 74.01288 0.00000 -0.00000 -1.00000 0.00000
1606417177279906 0.07000 0.99755 -0.00000 -56.63381 0.99755 -0.07000 0.00000 73.21488 0.00000 -0.00000 -1.00000 0.00000
1606417177529913 0.05020 0.99874 0.00000 -60.08569 0.99874 -0.05020 0.00000 72.03188 0.00000 -0.00000 -1.00000 0.00000
1606417177779907 0.03609 0.99935 0.00000 -63.10037 0.99935 -0.03609 0.00000 71.13667 0.00000 -0.00000 -1.00000 0.00000
1606417178029922 0.02121 0.99978 0.00000 -66.21593 0.99978 -0.02121 0.00000 70.15708 0.00000 -0.00000 -1.00000 0.00000
1606417178279922 0.00562 0.99998 0.00000 -69.27127 0.99998 -0.00562 0.00000 69.02748 0.00000 -0.00000 -1.00000 0.00000
1606417178529925 0.00264 1.00000 0.00000 -71.50046 1.00000 -0.00264 0.00000 68.85500 0.00000 -0.00000 -1.00000 0.00000
1606417178779923 0.00469 0.99999 0.00000 -73.24547 0.99999 -0.00469 0.00000 68.94587 0.00000 -0.00000 -1.00000 0.00000
1606417179029926 0.00689 0.99998 0.00000 -75.02542 0.99998 -0.00689 0.00000 69.12700 0.00000 -0.00000 -1.00000 0.00000
1606417179279308 -0.00201 1.00000 0.00000 -77.54812 1.00000 0.00201 0.00000 68.43005 0.00000 0.00000 -1.00000 0.00000
1606417179529318 0.00455 0.99999 -0.00000 -79.02494 0.99999 -0.00455 0.00000 68.89646 0.00000 -0.00000 -1.00000 0.00000
1606417179778692 0.00243 1.00000 0.00000 -80.88043 1.00000 -0.00243 0.00000 68.73047 0.00000 -0.00000 -1.00000 0.00000
1606417180028691 -0.00030 1.00000 0.00000 -82.87241 1.00000 0.00030 0.00000 68.47185 0.00000 0.00000 -1.00000 0.00000
1606417180278695 -0.01221 0.99993 0.00000 -85.36554 0.99993 0.01221 0.00000 67.42827 0.00000 0.00000 -1.00000 0.00000
