1. 0. 0. 0. 0. 1. 0. 0. 0. 0. 1. 0.
1. 0. 0. 0.000 -0. 1. 0. -0.001 0. 0. 1. 0.
1. -0. 0. 0.000 0. 1. 0. 0.005 0. 0. 1. 0.
1. 0. 0. -0.002 -0. 1. 0. 0.002 0. 0. 1. 0.
1. -0. 0. -0.001 0. 1. 0. -0.001 0. 0. 1. 0.
1. 0. 0. 0.001 -0. 1. 0. 0.002 0. 0. 1. 0.
1. 0. 0. 0.004 -0. 1. 0. -0.001 0. 0. 1. 0.
1. -0.000 0. -0.002 0.000 1. 0. -0.001 0. 0. 1. 0.
1. -0. 0. -0.002 0. 1. 0. -0.001 0. 0. 1. 0.
1. 0. 0. -0.000 -0. 1. 0. 0.001 0. 0. 1. 0.
1. 0.000 0. -0.001 -0.000 1. 0. -0.002 0. 0. 1. 0.
1. 0.000 0. 0.001 -0.000 1. 0. 0.002 0. 0. 1. 0.
1. 0. 0. 0.001 -0. 1. 0. 0.001 0. 0. 1. 0.
1. 0. 0. -0.000 -0. 1. 0. -0.001 0. 0. 1. 0.
1. -0. 0. -0.002 0. 1. 0. 0.003 0. 0. 1. 0.
1. 0. 0. -0.002 -0. 1. 0. -0.003 0. 0. 1. 0.
1. 0.000 0. 0.001 -0.000 1. 0. 0.002 0. 0. 1. 0.
1. 0. 0. 0.000 -0. 1. 0. -0.002 0. 0. 1. 0.
1. -0. 0. -0.003 0. 1. 0. -0.001 0. 0. 1. 0.
1. 0. 0. -0.004 -0. 1. 0. -0.002 0. 0. 1. 0.
1. -0.000 0. -0.002 0.000 1. 0. 0.003 0. 0. 1. 0.
1. 0. 0. -0.002 -0. 1. 0. 0.002 0. 0. 1. 0.
1. 0. 0. 0.001 -0. 1. 0. 0.003 0. 0. 1. 0.
1. -0.000 0. -0.002 0.000 1. 0. 0.004 0. 0. 1. 0.
1. -0. 0. 0.000 0. 1. 0. 0.003 0. 0. 1. 0.
1. 0. 0. -0.001 -0. 1. 0. 0.001 0. 0. 1. 0.
1. -0. 0. -0.001 0. 1. 0. 0.003 0. 0. 1. 0.
1. 0. 0. 0.001 -0. 1. 0. -0.001 0. 0. 1. 0.
1. -0. 0. 0.001 0. 1. 0. 0.003 0. 0. 1. 0.
1. 0.000 0. -0.002 -0.000 1. 0. 0.000 0. 0. 1. 0.
1. 0. 0. -0.002 -0. 1. 0. 0.001 0. 0. 1. 0.
1. 0.000 0. -0.001 -0.000 1. 0. -0. 0. 0. 1. 0.
1. 0.000 0. -0.001 -0.000 1. 0. -0.001 0. 0. 1. 0.
1. 0. 0. -0.005 -0. 1. 0. -0.001 0. 0. 1. 0.
1. 0. 0. -0.002 -0. 1. 0. -0.001 0. 0. 1. 0.
1. 0.000 0. -0.002 -0.000 1. 0. -0.003 0. 0. 1. 0.
1. 0. 0. -0.001 -0. 1. 0. -0.002 0. 0. 1. 0.
1. -0. 0. -0.000 0. 1. 0. 0.001 0. 0. 1. 0.
1. 0. 0. -0.001 -0. 1. 0. -0.000 0. 0. 1. 0.
1. 0. 0. 0. -0. 1. 0. 0.000 0. 0. 1. 0.
1. 0. 0. 0.002 -0. 1. 0. 0. 0. 0. 1. 0.
1. -0.000 0. 0. 0.000 1. 0. 0.002 0. 0. 1. 0.
1. -0.000 0. 0.001 0.000 1. 0. -0.001 0. 0. 1. 0.
1. -0. 0. -0.001 0. 1. 0. -0.003 0. 0. 1. 0.
1. -0. 0. 0.001 0. 1. 0. -0.005 0. 0. 1. 0.
1. 0. 0. -0.001 -0. 1. 0. -0.001 0. 0. 1. 0.
1. 0.000 0. 0.001 -0.000 1. 0. -0.004 0. 0. 1. 0.
1. 0. 0. 0.001 -0. 1. 0. -0.003 0. 0. 1. 0.
1. 0. 0. -0.002 -0. 1. 0. -0.003 0. 0. 1. 0.
1. -0.000 0. -0.001 0.000 1. 0. -0.003 0. 0. 1. 0.
1. -0. 0. -0.001 0. 1. 0. -0.006 0. 0. 1. 0.
1. -0. 0. -0.002 0. 1. 0. -0.004 0. 0. 1. 0.
1. 0.000 0. -0.002 -0.000 1. 0. -0.001 0. 0. 1. 0.
1. 0. 0. -0.001 -0. 1. 0. -0.003 0. 0. 1. 0.
1. 0.000 0. -0.002 -0.000 1. 0. -0.000 0. 0. 1. 0.
1. 0. 0. -0.001 -0. 1. 0. -0.001 0. 0. 1. 0.
1. 0. 0. -0.003 -0. 1. 0. 0.002 0. 0. 1. 0.
1. 0.000 0. -0.003 -0.000 1. 0. 0.001 0. 0. 1. 0.
1. 0. 0. -0.002 -0. 1. 0. -0.000 0. 0. 1. 0.
1. 0. 0. -0.004 -0. 1. 0. -0.002 0. 0. 1. 0.
1. 0. 0. -0.000 -0. 1. 0. -0.003 0. 0. 1. 0.
1. 0. 0. -0.002 -0. 1. 0. -0.001 0. 0. 1. 0.
1. -0.000 0. -0.003 0.000 1. 0. 0.002 0. 0. 1. 0.
1. 0. 0. -0.002 -0. 1. 0. -0.002 0. 0. 1. 0.
1. 0. 0. -0.002 -0. 1. 0. 0. 0. 0. 1. 0.
1. 0. 0. -0.001 -0. 1. 0. -0.002 0. 0. 1. 0.
1. 0.000 0. -0.001 -0.000 1. 0. -0.003 0. 0. 1. 0.
1. 0. 0. -0.002 -0. 1. 0. -0.003 0. 0. 1. 0.
1. 0.000 0. -0.003 -0.000 1. 0. -0.001 0. 0. 1. 0.
1. 0. 0. -0.002 -0. 1. 0. -0.001 0. 0. 1. 0.
1. 0. 0. -0.001 -0. 1. 0. -0.004 0. 0. 1. 0.
1. 0. 0. -0.001 -0. 1. 0. -0.003 0. 0. 1. 0.
1. 0. 0. -0.002 -0. 1. 0. -0.002 0. 0. 1. 0.
1. 0. 0. -0.001 -0. 1. 0. -0.001 0. 0. 1. 0.
1. 0. 0. -0.001 -0. 1. 0. -0.003 0. 0. 1. 0.
1. -0. 0. -0.000 0. 1. 0. -0.001 0. 0. 1. 0.
1. 0. 0. -0.001 -0. 1. 0. 0.003 0. 0. 1. 0.
1. 0.000 0. -0.000 -0.000 1. 0. -0.001 0. 0. 1. 0.
1. 0.000 0. -0.001 -0.000 1. 0. -0.002 0. 0. 1. 0.
1. 0.000 0. -0.003 -0.000 1. 0. -0.002 0. 0. 1. 0.
1. -0. 0. 0.000 0. 1. 0. 0.000 0. 0. 1. 0.
1. -0.000 0. -0.003 0.000 1. 0. 0.003 0. 0. 1. 0.
1. 0. 0. -0.003 -0. 1. 0. -0.003 0. 0. 1. 0.
1. -0.000 0. 0.001 0.000 1. 0. -0.001 0. 0. 1. 0.
1. 0. 0. 0.001 -0. 1. 0. -0.003 0. 0. 1. 0.
1. 0. 0. -0. -0. 1. 0. -0.002 0. 0. 1. 0.
1. -0.000 0. 0.001 0.000 1. 0. -0.003 0. 0. 1. 0.
1. 0.000 0. -0.001 -0.000 1. 0. -0.004 0. 0. 1. 0.
1. -0. 0. -0.000 0. 1. 0. -0.003 0. 0. 1. 0.
1. -0. 0. -0.001 0. 1. 0. -0.001 0. 0. 1. 0.
1. -0. 0. 0.001 0. 1. 0. -0.003 0. 0. 1. 0.
1. -0. 0. 0.001 0. 1. 0. -0.002 0. 0. 1. 0.
1. -0. 0. 0.000 0. 1. 0. -0.003 0. 0. 1. 0.
1. -0.000 0. -0.001 0.000 1. 0. 0.001 0. 0. 1. 0.
1. 0. 0. 0.001 -0. 1. 0. -0.001 0. 0. 1. 0.
1. -0.000 0. 0. 0.000 1. 0. 0.000 0. 0. 1. 0.
1. 0. 0. -0.001 -0. 1. 0. -0.001 0. 0. 1. 0.
1. 0. 0. -0. -0. 1. 0. -0.002 0. 0. 1. 0.
1. -0. 0. -0.001 0. 1. 0. 0.001 0. 0. 1. 0.
1. -0. 0. -0.001 0. 1. 0. 0.001 0. 0. 1. 0.
1. 0. 0. -0.000 -0. 1. 0. -0.001 0. 0. 1. 0.
1. -0. 0. 0.000 0. 1. 0. 0.001 0. 0. 1. 0.
1. -0. 0. 0.000 0. 1. 0. 0. 0. 0. 1. 0.
1. -0. 0. 0.000 0. 1. 0. -0.000 0. 0. 1. 0.
1. 0.000 0. -0.001 -0.000 1. 0. -0.002 0. 0. 1. 0.
1. -0. 0. -0.003 0. 1. 0. 0.000 0. 0. 1. 0.
1. 0.000 0. 0.001 -0.000 1. 0. -0.005 0. 0. 1. 0.
1. 0.000 0. -0.000 -0.000 1. 0. -0.002 0. 0. 1. 0.
1. 0. 0. -0.001 -0. 1. 0. -0.004 0. 0. 1. 0.
1. -0. 0. 0.001 0. 1. 0. -0.002 0. 0. 1. 0.
1. 0.000 0. -0.003 -0.000 1. 0. -0.004 0. 0. 1. 0.
1. 0. 0. -0.002 -0. 1. 0. -0.002 0. 0. 1. 0.
1. 0. 0. -0.002 -0. 1. 0. -0.001 0. 0. 1. 0.
1. 0. 0. 0.001 -0. 1. 0. -0.005 0. 0. 1. 0.
1. 0. 0. -0.001 -0. 1. 0. -0.002 0. 0. 1. 0.
1. -0. 0. -0.002 0. 1. 0. 0.000 0. 0. 1. 0.
1. -0. 0. -0.000 0. 1. 0. -0. 0. 0. 1. 0.
1. 0.000 0. -0.002 -0.000 1. 0. -0.002 0. 0. 1. 0.
1. 0. 0. -0.002 -0. 1. 0. -0.006 0. 0. 1. 0.
1. 0. 0. -0.001 -0. 1. 0. -0.000 0. 0. 1. 0.
1. 0.000 0. -0. -0.000 1. 0. -0.001 0. 0. 1. 0.
1. 0. 0. -0.000 -0. 1. 0. -0.002 0. 0. 1. 0.
1. -0. 0. -0.003 0. 1. 0. -0.001 0. 0. 1. 0.
1. 0.000 0. -0.003 -0.000 1. 0. -0.003 0. 0. 1. 0.
1. -0. 0. -0.001 0. 1. 0. 0. 0. 0. 1. 0.
1. 0.000 0. -0.005 -0.000 1. 0. 0.000 0. 0. 1. 0.
1. 0.000 0. -0.003 -0.000 1. 0. -0.002 0. 0. 1. 0.
1. -0. 0. -0.002 0. 1. 0. -0.002 0. 0. 1. 0.
1. 0.000 0. -0.004 -0.000 1. 0. -0.002 0. 0. 1. 0.
1. 0. 0. -0.003 -0. 1. 0. -0.004 0. 0. 1. 0.
1. 0. 0. -0.002 -0. 1. 0. -0.005 0. 0. 1. 0.
1. 0. 0. -0.001 -0. 1. 0. -0.004 0. 0. 1. 0.
1. 0. 0. -0.002 -0. 1. 0. -0.002 0. 0. 1. 0.
1. 0. 0. 0.001 -0. 1. 0. 0.002 0. 0. 1. 0.
1. 0.000 0. -0.001 -0.000 1. 0. -0.004 0. 0. 1. 0.
1. -0.000 0. -0.001 0.000 1. 0. -0.002 0. 0. 1. 0.
1. 0. 0. -0.002 -0. 1. 0. -0.004 0. 0. 1. 0.
1. 0. 0. 0.001 -0. 1. 0. -0.003 0. 0. 1. 0.
1. -0. 0. -0.002 0. 1. 0. -0.002 0. 0. 1. 0.
1. -0. 0. -0.003 0. 1. 0. -0.004 0. 0. 1. 0.
1. 0.000 0. -0.003 -0.000 1. 0. 0. 0. 0. 1. 0.
1. 0. 0. -0.001 -0. 1. 0. -0.001 0. 0. 1. 0.
1. 0.000 0. -0.001 -0.000 1. 0. 0.006 0. 0. 1. 0.
1. 0.000 0. 0.001 -0.000 1. 0. 0.005 0. 0. 1. 0.
1. -0. 0. -0.001 0. 1. 0. 0.003 0. 0. 1. 0.
1. -0. 0. -0.001 0. 1. 0. 0.005 0. 0. 1. 0.
1. -0. 0. -0.001 0. 1. 0. 0.001 0. 0. 1. 0.
1. 0. 0. 0. -0. 1. 0. -0.002 0. 0. 1. 0.
1. 0. 0. -0.002 -0. 1. 0. -0.002 0. 0. 1. 0.
1. 0. 0. -0.002 -0. 1. 0. 0.002 0. 0. 1. 0.
1. -0. 0. -0.003 0. 1. 0. 0.002 0. 0. 1. 0.
1. -0. 0. -0.001 0. 1. 0. 0.004 0. 0. 1. 0.
1. 0.000 0. -0.003 -0.000 1. 0. -0.005 0. 0. 1. 0.
1. -0.000 0. -0.002 0.000 1. 0. -0.001 0. 0. 1. 0.
1. -0. 0. -0.001 0. 1. 0. 0.001 0. 0. 1. 0.
1. 0. 0. -0.002 -0. 1. 0. 0.002 0. 0. 1. 0.
1. -0. 0. -0.003 0. 1. 0. -0.002 0. 0. 1. 0.
1. 0. 0. -0.002 -0. 1. 0. -0.000 0. 0. 1. 0.
1. 0. 0. -0.001 -0. 1. 0. 0.003 0. 0. 1. 0.
1. -0. 0. 0.002 0. 1. 0. 0.003 0. 0. 1. 0.
1. 0. 0. -0.002 -0. 1. 0. -0.002 0. 0. 1. 0.
1. -0. 0. -0.002 0. 1. 0. 0.001 0. 0. 1. 0.
1. 0. 0. 0.000 -0. 1. 0. 0.001 0. 0. 1. 0.
1. -0. 0. -0.001 0. 1. 0. -0.001 0. 0. 1. 0.
1. -0.000 0. -0.001 0.000 1. 0. 0.001 0. 0. 1. 0.
1. -0.000 0. -0.001 0.000 1. 0. 0.001 0. 0. 1. 0.
1. -0.000 0. -0.003 0.000 1. 0. 0.001 0. 0. 1. 0.
1. 0. 0. -0.001 -0. 1. 0. -0.003 0. 0. 1. 0.
1. 0.000 0. -0.001 -0.000 1. 0. -0.002 0. 0. 1. 0.
1. 0. 0. -0.002 -0. 1. 0. 0.000 0. 0. 1. 0.
1. 0.000 0. -0.003 -0.000 1. 0. -0.001 0. 0. 1. 0.
1. 0. 0. -0.001 -0. 1. 0. -0.001 0. 0. 1. 0.
1. 0. 0. -0.001 -0. 1. 0. -0.004 0. 0. 1. 0.
1. 0.000 0. -0.000 -0.000 1. 0. -0.004 0. 0. 1. 0.
1. 0.000 0. -0.001 -0.000 1. 0. -0.003 0. 0. 1. 0.
1. 0. 0. -0.003 -0. 1. 0. -0.001 0. 0. 1. 0.
1. 0. 0. -0.003 -0. 1. 0. -0.001 0. 0. 1. 0.
1. -0. 0. -0.002 0. 1. 0. 0.001 0. 0. 1. 0.
1. -0. 0. -0.003 0. 1. 0. 0.002 0. 0. 1. 0.
1. 0. 0. -0.002 -0. 1. 0. 0.002 0. 0. 1. 0.
1. 0. 0. -0.001 -0. 1. 0. -0.001 0. 0. 1. 0.
1. 0. 0. -0.002 -0. 1. 0. 0.002 0. 0. 1. 0.
1. -0.000 0. 0.000 0.000 1. 0. 0.005 0. 0. 1. 0.
1. -0.000 0. -0.001 0.000 1. 0. 0.002 0. 0. 1. 0.
1. -0. 0. 0. 0. 1. 0. -0.003 0. 0. 1. 0.
1. -0. 0. 0.001 0. 1. 0. -0.002 0. 0. 1. 0.
1. -0.000 0. -0.001 0.000 1. 0. 0.003 0. 0. 1. 0.
1. 0. 0. -0.002 -0. 1. 0. -0.001 0. 0. 1. 0.
1. 0.000 0. -0.000 -0.000 1. 0. -0.000 0. 0. 1. 0.
1. 0.000 0. -0.001 -0.000 1. 0. -0.001 0. 0. 1. 0.
1. -0. 0. -0.001 0. 1. 0. -0.001 0. 0. 1. 0.
1. 0.000 0. -0.000 -0.000 1. 0. -0.003 0. 0. 1. 0.
1. 0.000 0. -0.001 -0.000 1. 0. -0.001 0. 0. 1. 0.
1. 0.000 0. -0.002 -0.000 1. 0. -0.002 0. 0. 1. 0.
1. 0.000 0. 0.001 -0.000 1. 0. -0.005 0. 0. 1. 0.
1. 0. 0. -0.001 -0. 1. 0. -0.003 0. 0. 1. 0.
1. 0.000 0. -0.001 -0.000 1. 0. -0.007 0. 0. 1. 0.
1. 0. 0. -0.003 -0. 1. 0. -0.004 0. 0. 1. 0.
1. 0. 0. -0.001 -0. 1. 0. -0.000 0. 0. 1. 0.
1. 0.000 0. 0.000 -0.000 1. 0. 0.001 0. 0. 1. 0.
1. 0. 0. 0.001 -0. 1. 0. -0.001 0. 0. 1. 0.
1. -0. 0. 0.002 0. 1. 0. -0.001 0. 0. 1. 0.
1. 0.000 0. -0.001 -0.000 1. 0. -0.002 0. 0. 1. 0.
1. 0. 0. -0.000 -0. 1. 0. -0.003 0. 0. 1. 0.
1. 0. 0. -0.002 -0. 1. 0. -0.001 0. 0. 1. 0.
1. -0.000 0. 0.001 0.000 1. 0. 0.001 0. 0. 1. 0.
1. -0. 0. 0.002 0. 1. 0. 0.000 0. 0. 1. 0.
1. -0. 0. 0.001 0. 1. 0. -0.001 0. 0. 1. 0.
1. -0.000 0. -0.001 0.000 1. 0. -0.003 0. 0. 1. 0.
1. -0. 0. -0.002 0. 1. 0. 0.002 0. 0. 1. 0.
1. 0. 0. -0.001 -0. 1. 0. 0.000 0. 0. 1. 0.
1. 0.000 0. -0.004 -0.000 1. 0. 0.004 0. 0. 1. 0.
1. 0. 0. -0.002 -0. 1. 0. -0. 0. 0. 1. 0.
1. 0. 0. -0.004 -0. 1. 0. -0.001 0. 0. 1. 0.
1. 0. 0. -0.002 -0. 1. 0. -0.001 0. 0. 1. 0.
1. 0. 0. -0.001 -0. 1. 0. -0.003 0. 0. 1. 0.
1. 0. 0. -0.001 -0. 1. 0. -0.002 0. 0. 1. 0.
1. 0.000 0. -0.001 -0.000 1. 0. -0.003 0. 0. 1. 0.
1. 0.000 0. -0.000 -0.000 1. 0. -0.001 0. 0. 1. 0.
1. 0.000 0. -0.001 -0.000 1. 0. -0.003 0. 0. 1. 0.
1. 0.000 0. -0.001 -0.000 1. 0. -0.004 0. 0. 1. 0.
1. 0.000 0. 0.000 -0.000 1. 0. -0.003 0. 0. 1. 0.
1. 0. 0. 0.001 -0. 1. 0. -0.001 0. 0. 1. 0.
1. -0. 0. -0.002 0. 1. 0. -0.005 0. 0. 1. 0.
1. -0.000 0. -0.001 0.000 1. 0. -0.000 0. 0. 1. 0.
1. 0. 0. -0.001 -0. 1. 0. -0.002 0. 0. 1. 0.
1. -0. 0. 0.001 0. 1. 0. -0.002 0. 0. 1. 0.
1. -0.000 0. -0.002 0.000 1. 0. -0.004 0. 0. 1. 0.
1. -0. 0. -0.003 0. 1. 0. -0.000 0. 0. 1. 0.
1. -0. 0. -0.002 0. 1. 0. -0.006 0. 0. 1. 0.
1. -0. 0. -0.002 0. 1. 0. -0.004 0. 0. 1. 0.
1. 0. 0. -0.002 -0. 1. 0. -0.001 0. 0. 1. 0.
1. -0. 0. -0.002 0. 1. 0. 0.001 0. 0. 1. 0.
1. 0. 0. 0. -0. 1. 0. -0.003 0. 0. 1. 0.
1. 0. 0. 0.003 -0. 1. 0. -0.001 0. 0. 1. 0.
1. 0.000 0. 0.002 -0.000 1. 0. -0.002 0. 0. 1. 0.
1. 0. 0. 0.002 -0. 1. 0. -0.003 0. 0. 1. 0.
1. 0.000 0. -0.004 -0.000 1. 0. 0.000 0. 0. 1. 0.
1. 0. 0. 0.001 -0. 1. 0. -0.007 0. 0. 1. 0.
1. -0.000 0. -0.002 0.000 1. 0. 0.001 0. 0. 1. 0.
1. 0.000 0. 0.002 -0.000 1. 0. -0.008 0. 0. 1. 0.
1. -0. 0. -0.001 0. 1. 0. -0.003 0. 0. 1. 0.
1. 0.000 0. -0.002 -0.000 1. 0. -0.007 0. 0. 1. 0.
1. 0. 0. 0.001 -0. 1. 0. -0.005 0. 0. 1. 0.
1. 0.000 0. -0.003 -0.000 1. 0. -0.002 0. 0. 1. 0.
1. -0. 0. 0.002 0. 1. 0. 0.001 0. 0. 1. 0.
1. 0.000 0. -0.005 -0.000 1. 0. -0.002 0. 0. 1. 0.
1. 0.000 0. -0.000 -0.000 1. 0. -0.005 0. 0. 1. 0.
1. -0. 0. 0. 0. 1. 0. -0.002 0. 0. 1. 0.
1. 0.000 0. 0.002 -0.000 1. 0. -0.004 0. 0. 1. 0.
1. -0. 0. -0.000 0. 1. 0. -0.002 0. 0. 1. 0.
1. -0. 0. -0.002 0. 1. 0. -0.002 0. 0. 1. 0.
1. -0. 0. -0.003 0. 1. 0. -0.002 0. 0. 1. 0.
1. 0. 0. -0.001 -0. 1. 0. -0.005 0. 0. 1. 0.
1. -0.000 0. -0.002 0.000 1. 0. 0.003 0. 0. 1. 0.
1. 0. 0. -0.001 -0. 1. 0. -0.001 0. 0. 1. 0.
1. 0. 0. 0.000 -0. 1. 0. -0.003 0. 0. 1. 0.
1. 0.000 0. -0.001 -0.000 1. 0. -0.001 0. 0. 1. 0.
1. 0.000 0. -0.002 -0.000 1. 0. -0.003 0. 0. 1. 0.
1. 0.000 0. -0.004 -0.000 1. 0. -0.001 0. 0. 1. 0.
1. -0.000 0. 0.003 0.000 1. 0. -0.005 0. 0. 1. 0.
1. -0.002 0. 0.016 0.002 1. 0. -0.014 0. 0. 1. 0.
1. -0.004 0. 0.042 0.004 1. 0. -0.023 0. 0. 1. 0.
1. -0.009 0. 0.074 0.009 1. 0. -0.006 0. 0. 1. 0.
1.000 -0.017 0. 0.149 0.017 1.000 0. 0.015 0. 0. 1. 0.
1.000 -0.030 0. 0.242 0.030 1.000 0. 0.020 0. 0. 1. 0.
0.999 -0.046 0. 0.390 0.046 0.999 0. -0.008 0. 0. 1. 0.
0.998 -0.070 0. 0.582 0.070 0.998 0. 0.026 0. 0. 1. 0.
0.995 -0.097 0. 0.785 0.097 0.995 0. 0.093 0. 0. 1. 0.
0.991 -0.133 0. 1.046 0.133 0.991 0. 0.162 0. 0. 1. 0.
0.986 -0.169 0. 1.363 0.169 0.986 0. 0.258 0. 0. 1. 0.
0.978 -0.208 0. 1.736 0.208 0.978 0. 0.352 0. 0. 1. 0.
0.970 -0.242 0. 2.178 0.242 0.970 0. 0.456 0. 0. 1. 0.
0.962 -0.273 0. 2.676 0.273 0.962 0. 0.627 0. 0. 1. 0.
0.956 -0.294 0. 3.242 0.294 0.956 0. 0.806 0. 0. 1. 0.
0.955 -0.296 0. 3.903 0.296 0.955 0. 0.964 0. 0. 1. 0.
0.959 -0.284 0. 4.611 0.284 0.959 0. 1.122 0. 0. 1. 0.
0.963 -0.268 0. 5.432 0.268 0.963 0. 1.389 0. 0. 1. 0.
0.971 -0.241 0. 6.297 0.241 0.971 0. 1.522 0. 0. 1. 0.
0.977 -0.214 0. 7.278 0.214 0.977 0. 1.763 0. 0. 1. 0.
0.982 -0.190 0. 8.331 0.190 0.982 0. 1.923 0. 0. 1. 0.
0.986 -0.168 0. 9.435 0.168 0.986 0. 2.060 0. 0. 1. 0.
0.989 -0.147 0. 10.636 0.147 0.989 0. 2.243 0. 0. 1. 0.
0.992 -0.124 0. 11.923 0.124 0.992 0. 2.367 0. 0. 1. 0.
0.994 -0.109 0. 13.273 0.109 0.994 0. 2.502 0. 0. 1. 0.
0.995 -0.097 0. 14.695 0.097 0.995 0. 2.586 0. 0. 1. 0.
0.996 -0.089 0. 16.182 0.089 0.996 0. 2.700 0. 0. 1. 0.
0.997 -0.076 0. 17.686 0.076 0.997 0. 2.844 0. 0. 1. 0.
0.998 -0.065 0. 19.264 0.065 0.998 0. 2.921 0. 0. 1. 0.
0.998 -0.059 0. 20.860 0.059 0.998 0. 2.938 0. 0. 1. 0.
0.999 -0.054 0. 22.515 0.054 0.999 0. 3.027 0. 0. 1. 0.
0.999 -0.051 0. 24.190 0.051 0.999 0. 3.088 0. 0. 1. 0.
0.999 -0.046 0. 25.889 0.046 0.999 0. 3.186 0. 0. 1. 0.
0.999 -0.042 0. 27.613 0.042 0.999 0. 3.204 0. 0. 1. 0.
0.999 -0.042 0. 29.351 0.042 0.999 0. 3.300 0. 0. 1. 0.
0.999 -0.048 0. 31.105 0.048 0.999 0. 3.337 0. 0. 1. 0.
0.999 -0.054 0. 32.883 0.054 0.999 0. 3.418 0. 0. 1. 0.
0.998 -0.060 0. 34.673 0.060 0.998 0. 3.510 0. 0. 1. 0.
0.998 -0.064 0. 36.472 0.064 0.998 0. 3.602 0. 0. 1. 0.
0.998 -0.062 0. 38.343 0.062 0.998 0. 3.650 0. 0. 1. 0.
0.998 -0.061 0. 40.205 0.061 0.998 0. 3.709 0. 0. 1. 0.
0.998 -0.061 0. 42.085 0.061 0.998 0. 3.798 0. 0. 1. 0.
0.998 -0.066 0. 43.971 0.066 0.998 0. 3.919 0. 0. 1. 0.
0.997 -0.072 0. 45.907 0.072 0.997 0. 3.968 0. 0. 1. 0.
0.997 -0.075 0. 47.839 0.075 0.997 0. 4.092 0. 0. 1. 0.
0.997 -0.078 0. 49.801 0.078 0.997 0. 4.286 0. 0. 1. 0.
0.997 -0.082 0. 51.778 0.082 0.997 0. 4.392 0. 0. 1. 0.
0.997 -0.082 0. 53.747 0.082 0.997 0. 4.540 0. 0. 1. 0.
0.997 -0.080 0. 55.742 0.080 0.997 0. 4.687 0. 0. 1. 0.
0.997 -0.073 0. 57.765 0.073 0.997 0. 4.731 0. 0. 1. 0.
0.998 -0.069 0. 59.765 0.069 0.998 0. 4.873 0. 0. 1. 0.
0.998 -0.068 0. 61.782 0.068 0.998 0. 4.966 0. 0. 1. 0.
0.998 -0.065 0. 63.830 0.065 0.998 0. 5.044 0. 0. 1. 0.
0.998 -0.062 0. 65.889 0.062 0.998 0. 5.121 0. 0. 1. 0.
0.999 -0.055 0. 67.945 0.055 0.999 0. 5.211 0. 0. 1. 0.
0.999 -0.051 0. 69.967 0.051 0.999 0. 5.335 0. 0. 1. 0.
0.999 -0.042 0. 71.984 0.042 0.999 0. 5.393 0. 0. 1. 0.
0.999 -0.036 0. 74.057 0.036 0.999 0. 5.402 0. 0. 1. 0.
1.000 -0.030 0. 76.127 0.030 1.000 0. 5.409 0. 0. 1. 0.
1.000 -0.024 0. 78.167 0.024 1.000 0. 5.436 0. 0. 1. 0.
1.000 -0.022 0. 80.223 0.022 1.000 0. 5.412 0. 0. 1. 0.
1.000 -0.017 0. 82.250 0.017 1.000 0. 5.483 0. 0. 1. 0.
1.000 -0.014 0. 84.377 0.014 1.000 0. 5.522 0. 0. 1. 0.
1.000 -0.018 0. 86.449 0.018 1.000 0. 5.494 0. 0. 1. 0.
1.000 -0.020 0. 88.496 0.020 1.000 0. 5.492 0. 0. 1. 0.
1.000 -0.023 0. 90.602 0.023 1.000 0. 5.520 0. 0. 1. 0.
1.000 -0.030 0. 92.628 0.030 1.000 0. 5.546 0. 0. 1. 0.
0.999 -0.034 0. 94.665 0.034 0.999 0. 5.572 0. 0. 1. 0.
0.999 -0.043 0. 96.788 0.043 0.999 0. 5.570 0. 0. 1. 0.
0.999 -0.049 0. 98.839 0.049 0.999 0. 5.713 0. 0. 1. 0.
0.998 -0.060 0. 100.893 0.060 0.998 0. 5.844 0. 0. 1. 0.
0.998 -0.066 0. 102.942 0.066 0.998 0. 5.917 0. 0. 1. 0.
0.997 -0.073 0. 104.989 0.073 0.997 0. 6.003 0. 0. 1. 0.
0.997 -0.079 0. 107.028 0.079 0.997 0. 6.085 0. 0. 1. 0.
0.996 -0.085 0. 109.087 0.085 0.996 0. 6.265 0. 0. 1. 0.
0.996 -0.089 0. 111.078 0.089 0.996 0. 6.452 0. 0. 1. 0.
0.996 -0.094 0. 113.112 0.094 0.996 0. 6.548 0. 0. 1. 0.
0.995 -0.097 0. 115.122 0.097 0.995 0. 6.759 0. 0. 1. 0.
0.995 -0.099 0. 117.159 0.099 0.995 0. 6.923 0. 0. 1. 0.
0.995 -0.100 0. 119.143 0.100 0.995 0. 7.113 0. 0. 1. 0.
0.994 -0.105 0. 121.157 0.105 0.994 0. 7.278 0. 0. 1. 0.
0.994 -0.105 0. 123.169 0.105 0.994 0. 7.468 0. 0. 1. 0.
0.995 -0.104 0. 125.211 0.104 0.995 0. 7.638 0. 0. 1. 0.
0.995 -0.101 0. 127.222 0.101 0.995 0. 7.830 0. 0. 1. 0.
0.995 -0.098 0. 129.256 0.098 0.995 0. 7.970 0. 0. 1. 0.
0.996 -0.095 0. 131.330 0.095 0.996 0. 8.133 0. 0. 1. 0.
0.996 -0.090 0. 133.360 0.090 0.996 0. 8.371 0. 0. 1. 0.
0.996 -0.085 0. 135.416 0.085 0.996 0. 8.532 0. 0. 1. 0.
0.997 -0.081 0. 137.501 0.081 0.997 0. 8.693 0. 0. 1. 0.
0.997 -0.081 0. 139.593 0.081 0.997 0. 8.736 0. 0. 1. 0.
0.997 -0.082 0. 141.670 0.082 0.997 0. 8.910 0. 0. 1. 0.
0.997 -0.083 0. 143.780 0.083 0.997 0. 9.054 0. 0. 1. 0.
0.997 -0.082 0. 145.881 0.082 0.997 0. 9.155 0. 0. 1. 0.
0.997 -0.082 0. 147.997 0.082 0.997 0. 9.297 0. 0. 1. 0.
0.997 -0.082 0. 150.105 0.082 0.997 0. 9.477 0. 0. 1. 0.
0.997 -0.083 0. 152.217 0.083 0.997 0. 9.614 0. 0. 1. 0.
0.996 -0.084 0. 154.321 0.084 0.996 0. 9.783 0. 0. 1. 0.
0.996 -0.084 0. 156.465 0.084 0.996 0. 9.942 0. 0. 1. 0.
0.996 -0.085 0. 158.638 0.085 0.996 0. 10.132 0. 0. 1. 0.
0.996 -0.088 0. 160.808 0.088 0.996 0. 10.258 0. 0. 1. 0.
0.996 -0.091 0. 162.984 0.091 0.996 0. 10.430 0. 0. 1. 0.
0.996 -0.092 0. 165.152 0.092 0.996 0. 10.615 0. 0. 1. 0.
0.996 -0.094 0. 167.365 0.094 0.996 0. 10.760 0. 0. 1. 0.
0.995 -0.095 0. 169.564 0.095 0.995 0. 10.958 0. 0. 1. 0.
0.995 -0.097 0. 171.801 0.097 0.995 0. 11.159 0. 0. 1. 0.
0.995 -0.098 0. 174.033 0.098 0.995 0. 11.322 0. 0. 1. 0.
0.995 -0.100 0. 176.233 0.100 0.995 0. 11.458 0. 0. 1. 0.
0.995 -0.100 0. 178.414 0.100 0.995 0. 11.630 0. 0. 1. 0.
0.995 -0.102 0. 180.611 0.102 0.995 0. 11.830 0. 0. 1. 0.
0.995 -0.103 0. 182.770 0.103 0.995 0. 12.058 0. 0. 1. 0.
0.995 -0.104 0. 184.890 0.104 0.995 0. 12.250 0. 0. 1. 0.
0.994 -0.107 0. 187.024 0.107 0.994 0. 12.430 0. 0. 1. 0.
0.994 -0.106 0. 189.156 0.106 0.994 0. 12.556 0. 0. 1. 0.
0.994 -0.106 0. 191.249 0.106 0.994 0. 12.744 0. 0. 1. 0.
0.994 -0.106 0. 193.287 0.106 0.994 0. 12.958 0. 0. 1. 0.
0.994 -0.108 0. 195.341 0.108 0.994 0. 13.166 0. 0. 1. 0.
0.994 -0.107 0. 197.347 0.107 0.994 0. 13.310 0. 0. 1. 0.
0.994 -0.108 0. 199.298 0.108 0.994 0. 13.507 0. 0. 1. 0.
0.994 -0.107 0. 201.236 0.107 0.994 0. 13.662 0. 0. 1. 0.
0.994 -0.108 0. 203.109 0.108 0.994 0. 13.861 0. 0. 1. 0.
0.994 -0.107 0. 204.933 0.107 0.994 0. 14.052 0. 0. 1. 0.
0.994 -0.108 0. 206.720 0.108 0.994 0. 14.229 0. 0. 1. 0.
0.994 -0.108 0. 208.453 0.108 0.994 0. 14.371 0. 0. 1. 0.
0.994 -0.106 0. 210.159 0.106 0.994 0. 14.551 0. 0. 1. 0.
0.995 -0.105 0. 211.785 0.105 0.995 0. 14.739 0. 0. 1. 0.
0.995 -0.103 0. 213.316 0.103 0.995 0. 14.891 0. 0. 1. 0.
0.995 -0.101 0. 214.789 0.101 0.995 0. 14.999 0. 0. 1. 0.
0.995 -0.100 0. 216.188 0.100 0.995 0. 15.106 0. 0. 1. 0.
0.995 -0.099 0. 217.483 0.099 0.995 0. 15.257 0. 0. 1. 0.
0.996 -0.095 0. 218.706 0.095 0.996 0. 15.313 0. 0. 1. 0.
0.995 -0.095 0. 219.900 0.095 0.995 0. 15.396 0. 0. 1. 0.
0.996 -0.095 0. 221.007 0.095 0.996 0. 15.503 0. 0. 1. 0.
0.995 -0.096 0. 222.022 0.096 0.995 0. 15.549 0. 0. 1. 0.
0.995 -0.100 0. 223.019 0.100 0.995 0. 15.702 0. 0. 1. 0.
0.994 -0.105 0. 223.988 0.105 0.994 0. 15.773 0. 0. 1. 0.
0.994 -0.111 0. 224.919 0.111 0.994 0. 15.885 0. 0. 1. 0.
0.993 -0.115 0. 225.816 0.115 0.993 0. 15.959 0. 0. 1. 0.
0.993 -0.120 0. 226.675 0.120 0.993 0. 16.110 0. 0. 1. 0.
0.992 -0.123 0. 227.579 0.123 0.992 0. 16.189 0. 0. 1. 0.
0.992 -0.127 0. 228.416 0.127 0.992 0. 16.307 0. 0. 1. 0.
0.991 -0.131 0. 229.260 0.131 0.991 0. 16.352 0. 0. 1. 0.
0.991 -0.135 0. 230.131 0.135 0.991 0. 16.477 0. 0. 1. 0.
0.990 -0.143 0. 231.019 0.143 0.990 0. 16.536 0. 0. 1. 0.
0.989 -0.147 0. 231.943 0.147 0.989 0. 16.670 0. 0. 1. 0.
0.988 -0.153 0. 232.843 0.153 0.988 0. 16.848 0. 0. 1. 0.
0.987 -0.160 0. 233.794 0.160 0.987 0. 17.003 0. 0. 1. 0.
0.987 -0.162 0. 234.709 0.162 0.987 0. 17.202 0. 0. 1. 0.
0.986 -0.169 0. 235.716 0.169 0.986 0. 17.294 0. 0. 1. 0.
0.985 -0.174 0. 236.708 0.174 0.985 0. 17.436 0. 0. 1. 0.
0.984 -0.181 0. 237.698 0.181 0.984 0. 17.647 0. 0. 1. 0.
0.983 -0.184 0. 238.663 0.184 0.983 0. 17.874 0. 0. 1. 0.
0.982 -0.187 0. 239.707 0.187 0.982 0. 18.042 0. 0. 1. 0.
0.982 -0.188 0. 240.769 0.188 0.982 0. 18.208 0. 0. 1. 0.
0.982 -0.190 0. 241.834 0.190 0.982 0. 18.421 0. 0. 1. 0.
0.982 -0.189 0. 242.937 0.189 0.982 0. 18.641 0. 0. 1. 0.
0.982 -0.188 0. 244.090 0.188 0.982 0. 18.847 0. 0. 1. 0.
0.982 -0.187 0. 245.286 0.187 0.982 0. 19.052 0. 0. 1. 0.
0.982 -0.189 0. 246.479 0.189 0.982 0. 19.196 0. 0. 1. 0.
0.982 -0.187 0. 247.712 0.187 0.982 0. 19.420 0. 0. 1. 0.
0.983 -0.186 0. 249.005 0.186 0.983 0. 19.668 0. 0. 1. 0.
0.983 -0.185 0. 250.312 0.185 0.983 0. 19.869 0. 0. 1. 0.
0.983 -0.182 0. 251.651 0.182 0.983 0. 20.088 0. 0. 1. 0.
0.983 -0.182 0. 252.989 0.182 0.983 0. 20.339 0. 0. 1. 0.
0.982 -0.186 0. 254.394 0.186 0.982 0. 20.555 0. 0. 1. 0.
0.983 -0.186 0. 255.800 0.186 0.983 0. 20.823 0. 0. 1. 0.
0.982 -0.188 0. 257.290 0.188 0.982 0. 21.058 0. 0. 1. 0.
0.982 -0.188 0. 258.795 0.188 0.982 0. 21.371 0. 0. 1. 0.
0.981 -0.193 0. 260.335 0.193 0.981 0. 21.616 0. 0. 1. 0.
0.981 -0.194 0. 261.873 0.194 0.981 0. 21.859 0. 0. 1. 0.
0.981 -0.193 0. 263.436 0.193 0.981 0. 22.149 0. 0. 1. 0.
0.981 -0.193 0. 265.016 0.193 0.981 0. 22.479 0. 0. 1. 0.
0.981 -0.192 0. 266.671 0.192 0.981 0. 22.702 0. 0. 1. 0.
0.981 -0.193 0. 268.273 0.193 0.981 0. 23.043 0. 0. 1. 0.
0.981 -0.194 0. 269.921 0.194 0.981 0. 23.331 0. 0. 1. 0.
0.981 -0.195 0. 271.632 0.195 0.981 0. 23.649 0. 0. 1. 0.
0.981 -0.192 0. 273.295 0.192 0.981 0. 23.948 0. 0. 1. 0.
0.981 -0.192 0. 275.042 0.192 0.981 0. 24.345 0. 0. 1. 0.
0.981 -0.195 0. 276.813 0.195 0.981 0. 24.635 0. 0. 1. 0.
0.981 -0.196 0. 278.590 0.196 0.981 0. 25.026 0. 0. 1. 0.
0.980 -0.198 0. 280.358 0.198 0.980 0. 25.367 0. 0. 1. 0.
0.980 -0.200 0. 282.133 0.200 0.980 0. 25.709 0. 0. 1. 0.
0.979 -0.202 0. 283.888 0.202 0.979 0. 26.061 0. 0. 1. 0.
0.979 -0.204 0. 285.663 0.204 0.979 0. 26.428 0. 0. 1. 0.
0.980 -0.199 0. 287.437 0.199 0.980 0. 26.777 0. 0. 1. 0.
0.979 -0.202 0. 289.232 0.202 0.979 0. 27.059 0. 0. 1. 0.
0.979 -0.204 0. 291.059 0.204 0.979 0. 27.416 0. 0. 1. 0.
0.979 -0.205 0. 292.805 0.205 0.979 0. 27.774 0. 0. 1. 0.
0.978 -0.207 0. 294.612 0.207 0.978 0. 28.069 0. 0. 1. 0.
0.978 -0.207 0. 296.359 0.207 0.978 0. 28.398 0. 0. 1. 0.
0.978 -0.207 0. 298.103 0.207 0.978 0. 28.735 0. 0. 1. 0.
0.978 -0.208 0. 299.858 0.208 0.978 0. 29.011 0. 0. 1. 0.
0.978 -0.207 0. 301.558 0.207 0.978 0. 29.403 0. 0. 1. 0.
0.978 -0.208 0. 303.291 0.208 0.978 0. 29.773 0. 0. 1. 0.
0.979 -0.204 0. 305.036 0.204 0.979 0. 30.130 0. 0. 1. 0.
0.980 -0.199 0. 306.841 0.199 0.980 0. 30.421 0. 0. 1. 0.
0.980 -0.197 0. 308.646 0.197 0.980 0. 30.755 0. 0. 1. 0.
0.981 -0.193 0. 310.471 0.193 0.981 0. 31.045 0. 0. 1. 0.
0.982 -0.188 0. 312.294 0.188 0.982 0. 31.427 0. 0. 1. 0.
0.982 -0.188 0. 314.170 0.188 0.982 0. 31.666 0. 0. 1. 0.
0.982 -0.187 0. 315.989 0.187 0.982 0. 32.076 0. 0. 1. 0.
0.983 -0.185 0. 317.913 0.185 0.983 0. 32.331 0. 0. 1. 0.
0.983 -0.186 0. 319.786 0.186 0.983 0. 32.733 0. 0. 1. 0.
0.982 -0.187 0. 321.725 0.187 0.982 0. 33.064 0. 0. 1. 0.
0.983 -0.185 0. 323.633 0.185 0.983 0. 33.369 0. 0. 1. 0.
0.984 -0.180 0. 325.480 0.180 0.984 0. 33.693 0. 0. 1. 0.
0.985 -0.174 0. 327.304 0.174 0.985 0. 33.962 0. 0. 1. 0.
0.985 -0.170 0. 329.149 0.170 0.985 0. 34.220 0. 0. 1. 0.
0.986 -0.168 0. 330.899 0.168 0.986 0. 34.439 0. 0. 1. 0.
0.986 -0.165 0. 332.557 0.165 0.986 0. 34.757 0. 0. 1. 0.
0.986 -0.166 0. 334.171 0.166 0.986 0. 34.940 0. 0. 1. 0.
0.987 -0.162 0. 335.632 0.162 0.987 0. 35.345 0. 0. 1. 0.
0.987 -0.159 0. 337.121 0.159 0.987 0. 35.468 0. 0. 1. 0.
0.988 -0.156 0. 338.504 0.156 0.988 0. 35.632 0. 0. 1. 0.
0.988 -0.152 0. 339.817 0.152 0.988 0. 35.854 0. 0. 1. 0.
0.989 -0.151 0. 341.064 0.151 0.989 0. 36.012 0. 0. 1. 0.
0.989 -0.149 0. 342.254 0.149 0.989 0. 36.223 0. 0. 1. 0.
0.989 -0.146 0. 343.429 0.146 0.989 0. 36.326 0. 0. 1. 0.
0.990 -0.142 0. 344.476 0.142 0.990 0. 36.467 0. 0. 1. 0.
0.990 -0.139 0. 345.511 0.139 0.990 0. 36.531 0. 0. 1. 0.
0.991 -0.136 0. 346.466 0.136 0.991 0. 36.615 0. 0. 1. 0.
0.991 -0.135 0. 347.321 0.135 0.991 0. 36.828 0. 0. 1. 0.
0.991 -0.132 0. 348.197 0.132 0.991 0. 36.873 0. 0. 1. 0.
0.992 -0.129 0. 348.997 0.129 0.992 0. 36.961 0. 0. 1. 0.
0.992 -0.126 0. 349.714 0.126 0.992 0. 37.075 0. 0. 1. 0.
0.993 -0.122 0. 350.404 0.122 0.993 0. 37.107 0. 0. 1. 0.
0.993 -0.119 0. 351.041 0.119 0.993 0. 37.174 0. 0. 1. 0.
0.993 -0.116 0. 351.632 0.116 0.993 0. 37.227 0. 0. 1. 0.
0.994 -0.113 0. 352.191 0.113 0.994 0. 37.300 0. 0. 1. 0.
0.994 -0.110 0. 352.729 0.110 0.994 0. 37.333 0. 0. 1. 0.
0.994 -0.107 0. 353.222 0.107 0.994 0. 37.364 0. 0. 1. 0.
0.994 -0.105 0. 353.636 0.105 0.994 0. 37.391 0. 0. 1. 0.
0.994 -0.105 0. 353.982 0.105 0.994 0. 37.423 0. 0. 1. 0.
0.995 -0.104 0. 354.275 0.104 0.995 0. 37.404 0. 0. 1. 0.
0.995 -0.102 0. 354.502 0.102 0.995 0. 37.453 0. 0. 1. 0.
0.995 -0.104 0. 354.670 0.104 0.995 0. 37.474 0. 0. 1. 0.
0.995 -0.104 0. 354.806 0.104 0.995 0. 37.502 0. 0. 1. 0.
0.995 -0.104 0. 354.879 0.104 0.995 0. 37.533 0. 0. 1. 0.
0.995 -0.103 0. 354.909 0.103 0.995 0. 37.509 0. 0. 1. 0.
0.995 -0.103 0. 354.942 0.103 0.995 0. 37.514 0. 0. 1. 0.
0.995 -0.104 0. 354.942 0.104 0.995 0. 37.527 0. 0. 1. 0.
0.994 -0.105 0. 354.942 0.105 0.994 0. 37.534 0. 0. 1. 0.
0.995 -0.105 0. 354.932 0.105 0.995 0. 37.543 0. 0. 1. 0.
0.995 -0.103 0. 354.930 0.103 0.995 0. 37.523 0. 0. 1. 0.
0.995 -0.103 0. 354.941 0.103 0.995 0. 37.541 0. 0. 1. 0.
0.995 -0.104 0. 354.950 0.104 0.995 0. 37.509 0. 0. 1. 0.
0.994 -0.105 0. 354.937 0.105 0.994 0. 37.522 0. 0. 1. 0.
0.995 -0.103 0. 354.946 0.103 0.995 0. 37.509 0. 0. 1. 0.
0.995 -0.103 0. 354.954 0.103 0.995 0. 37.522 0. 0. 1. 0.
0.995 -0.103 0. 354.954 0.103 0.995 0. 37.518 0. 0. 1. 0.
0.995 -0.103 0. 354.945 0.103 0.995 0. 37.521 0. 0. 1. 0.
0.995 -0.103 0. 354.942 0.103 0.995 0. 37.524 0. 0. 1. 0.
0.995 -0.103 0. 354.916 0.103 0.995 0. 37.511 0. 0. 1. 0.
0.995 -0.103 0. 354.939 0.103 0.995 0. 37.496 0. 0. 1. 0.
0.995 -0.102 0. 354.951 0.102 0.995 0. 37.486 0. 0. 1. 0.
0.995 -0.103 0. 354.963 0.103 0.995 0. 37.484 0. 0. 1. 0.
0.995 -0.103 0. 354.954 0.103 0.995 0. 37.478 0. 0. 1. 0.
0.995 -0.103 0. 354.936 0.103 0.995 0. 37.496 0. 0. 1. 0.
0.995 -0.103 0. 354.932 0.103 0.995 0. 37.514 0. 0. 1. 0.
0.995 -0.104 0. 354.934 0.104 0.995 0. 37.524 0. 0. 1. 0.
0.995 -0.103 0. 354.949 0.103 0.995 0. 37.505 0. 0. 1. 0.
0.995 -0.103 0. 354.947 0.103 0.995 0. 37.488 0. 0. 1. 0.
0.995 -0.103 0. 354.953 0.103 0.995 0. 37.506 0. 0. 1. 0.
0.995 -0.103 0. 354.946 0.103 0.995 0. 37.507 0. 0. 1. 0.
0.995 -0.104 0. 354.940 0.104 0.995 0. 37.484 0. 0. 1. 0.
0.995 -0.104 0. 354.940 0.104 0.995 0. 37.488 0. 0. 1. 0.
0.995 -0.103 0. 354.939 0.103 0.995 0. 37.492 0. 0. 1. 0.
0.995 -0.104 0. 354.951 0.104 0.995 0. 37.525 0. 0. 1. 0.
0.995 -0.103 0. 354.958 0.103 0.995 0. 37.503 0. 0. 1. 0.
0.995 -0.103 0. 354.937 0.103 0.995 0. 37.514 0. 0. 1. 0.
0.995 -0.104 0. 354.937 0.104 0.995 0. 37.516 0. 0. 1. 0.
0.995 -0.104 0. 354.953 0.104 0.995 0. 37.489 0. 0. 1. 0.
0.995 -0.104 0. 354.945 0.104 0.995 0. 37.512 0. 0. 1. 0.
0.994 -0.105 0. 354.939 0.105 0.994 0. 37.552 0. 0. 1. 0.
0.994 -0.106 0. 354.936 0.106 0.994 0. 37.541 0. 0. 1. 0.
0.994 -0.105 0. 354.946 0.105 0.994 0. 37.537 0. 0. 1. 0.
0.994 -0.105 0. 354.948 0.105 0.994 0. 37.523 0. 0. 1. 0.
0.995 -0.103 0. 354.952 0.103 0.995 0. 37.481 0. 0. 1. 0.
0.994 -0.106 0. 354.947 0.106 0.994 0. 37.508 0. 0. 1. 0.
0.994 -0.106 0. 354.943 0.106 0.994 0. 37.527 0. 0. 1. 0.
0.994 -0.106 0. 354.929 0.106 0.994 0. 37.551 0. 0. 1. 0.
0.994 -0.106 0. 354.948 0.106 0.994 0. 37.541 0. 0. 1. 0.
0.994 -0.105 0. 354.955 0.105 0.994 0. 37.506 0. 0. 1. 0.
0.995 -0.104 0. 354.954 0.104 0.995 0. 37.508 0. 0. 1. 0.
0.995 -0.104 0. 354.945 0.104 0.995 0. 37.514 0. 0. 1. 0.
0.995 -0.104 0. 354.954 0.104 0.995 0. 37.517 0. 0. 1. 0.
0.995 -0.104 0. 354.956 0.104 0.995 0. 37.522 0. 0. 1. 0.
0.995 -0.105 0. 354.952 0.105 0.995 0. 37.517 0. 0. 1. 0.
0.995 -0.104 0. 354.950 0.104 0.995 0. 37.503 0. 0. 1. 0.
0.995 -0.104 0. 354.945 0.104 0.995 0. 37.487 0. 0. 1. 0.
0.995 -0.104 0. 354.935 0.104 0.995 0. 37.501 0. 0. 1. 0.
0.995 -0.104 0. 354.945 0.104 0.995 0. 37.495 0. 0. 1. 0.
0.995 -0.103 0. 354.948 0.103 0.995 0. 37.494 0. 0. 1. 0.
0.995 -0.103 0. 354.973 0.103 0.995 0. 37.496 0. 0. 1. 0.
0.995 -0.104 0. 354.947 0.104 0.995 0. 37.493 0. 0. 1. 0.
0.994 -0.106 0. 354.939 0.106 0.994 0. 37.556 0. 0. 1. 0.
0.995 -0.104 0. 354.951 0.104 0.995 0. 37.532 0. 0. 1. 0.
0.995 -0.103 0. 354.951 0.103 0.995 0. 37.515 0. 0. 1. 0.
0.995 -0.104 0. 354.937 0.104 0.995 0. 37.546 0. 0. 1. 0.
0.994 -0.105 0. 354.929 0.105 0.994 0. 37.566 0. 0. 1. 0.
0.995 -0.105 0. 354.931 0.105 0.995 0. 37.549 0. 0. 1. 0.
0.995 -0.104 0. 354.966 0.104 0.995 0. 37.494 0. 0. 1. 0.
0.995 -0.104 0. 354.953 0.104 0.995 0. 37.526 0. 0. 1. 0.
0.995 -0.104 0. 354.933 0.104 0.995 0. 37.586 0. 0. 1. 0.
0.995 -0.104 0. 354.977 0.104 0.995 0. 37.517 0. 0. 1. 0.
0.995 -0.103 0. 354.951 0.103 0.995 0. 37.515 0. 0. 1. 0.
0.995 -0.103 0. 354.950 0.103 0.995 0. 37.501 0. 0. 1. 0.
0.995 -0.103 0. 355.002 0.103 0.995 0. 37.537 0. 0. 1. 0.
0.995 -0.102 0. 355.111 0.102 0.995 0. 37.493 0. 0. 1. 0.
0.995 -0.103 0. 355.270 0.103 0.995 0. 37.511 0. 0. 1. 0.
0.994 -0.105 0. 355.546 0.105 0.994 0. 37.505 0. 0. 1. 0.
0.994 -0.105 0. 355.854 0.105 0.994 0. 37.578 0. 0. 1. 0.
0.995 -0.105 0. 356.247 0.105 0.995 0. 37.571 0. 0. 1. 0.
0.994 -0.105 0. 356.743 0.105 0.994 0. 37.591 0. 0. 1. 0.
0.994 -0.106 0. 357.323 0.106 0.994 0. 37.673 0. 0. 1. 0.
0.995 -0.105 0. 357.973 0.105 0.995 0. 37.672 0. 0. 1. 0.
0.995 -0.099 0. 358.664 0.099 0.995 0. 37.751 0. 0. 1. 0.
0.996 -0.091 0. 359.502 0.091 0.996 0. 37.807 0. 0. 1. 0.
0.997 -0.082 0. 360.433 0.082 0.997 0. 37.855 0. 0. 1. 0.
0.997 -0.073 0. 361.421 0.073 0.997 0. 37.925 0. 0. 1. 0.
0.998 -0.065 0. 362.533 0.065 0.998 0. 37.932 0. 0. 1. 0.
0.999 -0.054 0. 363.723 0.054 0.999 0. 38.066 0. 0. 1. 0.
0.999 -0.047 0. 364.996 0.047 0.999 0. 38.085 0. 0. 1. 0.
0.999 -0.046 0. 366.323 0.046 0.999 0. 38.107 0. 0. 1. 0.
0.999 -0.043 0. 367.725 0.043 0.999 0. 38.156 0. 0. 1. 0.
0.999 -0.037 0. 369.211 0.037 0.999 0. 38.197 0. 0. 1. 0.
0.999 -0.033 0. 370.787 0.033 0.999 0. 38.231 0. 0. 1. 0.
1.000 -0.027 0. 372.421 0.027 1.000 0. 38.209 0. 0. 1. 0.
1.000 -0.024 0. 374.078 0.024 1.000 0. 38.254 0. 0. 1. 0.
1.000 -0.022 0. 375.816 0.022 1.000 0. 38.252 0. 0. 1. 0.
1.000 -0.023 0. 377.606 0.023 1.000 0. 38.273 0. 0. 1. 0.
1.000 -0.023 0. 379.409 0.023 1.000 0. 38.319 0. 0. 1. 0.
1.000 -0.024 0. 381.263 0.024 1.000 0. 38.332 0. 0. 1. 0.
1.000 -0.027 0. 383.129 0.027 1.000 0. 38.376 0. 0. 1. 0.
0.999 -0.032 0. 385.026 0.032 0.999 0. 38.361 0. 0. 1. 0.
0.999 -0.032 0. 386.919 0.032 0.999 0. 38.449 0. 0. 1. 0.
0.999 -0.035 0. 388.862 0.035 0.999 0. 38.523 0. 0. 1. 0.
0.999 -0.039 0. 390.827 0.039 0.999 0. 38.503 0. 0. 1. 0.
0.999 -0.039 0. 392.838 0.039 0.999 0. 38.539 0. 0. 1. 0.
0.999 -0.043 0. 394.870 0.043 0.999 0. 38.618 0. 0. 1. 0.
0.999 -0.047 0. 396.893 0.047 0.999 0. 38.722 0. 0. 1. 0.
0.999 -0.054 0. 398.949 0.054 0.999 0. 38.767 0. 0. 1. 0.
0.998 -0.059 0. 401.049 0.059 0.998 0. 38.907 0. 0. 1. 0.
0.998 -0.065 0. 403.157 0.065 0.998 0. 38.989 0. 0. 1. 0.
0.998 -0.069 0. 405.253 0.069 0.998 0. 39.096 0. 0. 1. 0.
0.997 -0.073 0. 407.329 0.073 0.997 0. 39.272 0. 0. 1. 0.
0.997 -0.075 0. 409.435 0.075 0.997 0. 39.400 0. 0. 1. 0.
0.997 -0.078 0. 411.510 0.078 0.997 0. 39.468 0. 0. 1. 0.
0.997 -0.081 0. 413.585 0.081 0.997 0. 39.624 0. 0. 1. 0.
0.996 -0.084 0. 415.689 0.084 0.996 0. 39.754 0. 0. 1. 0.
0.996 -0.087 0. 417.748 0.087 0.996 0. 39.944 0. 0. 1. 0.
0.996 -0.090 0. 419.888 0.090 0.996 0. 40.082 0. 0. 1. 0.
0.996 -0.092 0. 422.004 0.092 0.996 0. 40.250 0. 0. 1. 0.
0.996 -0.093 0. 424.064 0.093 0.996 0. 40.439 0. 0. 1. 0.
0.995 -0.096 0. 426.129 0.096 0.995 0. 40.590 0. 0. 1. 0.
0.995 -0.099 0. 428.194 0.099 0.995 0. 40.793 0. 0. 1. 0.
0.995 -0.101 0. 430.217 0.101 0.995 0. 40.948 0. 0. 1. 0.
0.995 -0.102 0. 432.309 0.102 0.995 0. 41.146 0. 0. 1. 0.
0.995 -0.102 0. 434.378 0.102 0.995 0. 41.280 0. 0. 1. 0.
0.995 -0.103 0. 436.425 0.103 0.995 0. 41.496 0. 0. 1. 0.
0.995 -0.103 0. 438.499 0.103 0.995 0. 41.669 0. 0. 1. 0.
0.995 -0.103 0. 440.568 0.103 0.995 0. 41.841 0. 0. 1. 0.
0.994 -0.106 0. 442.610 0.106 0.994 0. 42.043 0. 0. 1. 0.
0.994 -0.105 0. 444.609 0.105 0.994 0. 42.254 0. 0. 1. 0.
0.994 -0.106 0. 446.604 0.106 0.994 0. 42.424 0. 0. 1. 0.
0.994 -0.105 0. 448.551 0.105 0.994 0. 42.566 0. 0. 1. 0.
0.995 -0.104 0. 450.469 0.104 0.995 0. 42.718 0. 0. 1. 0.
0.995 -0.102 0. 452.335 0.102 0.995 0. 42.915 0. 0. 1. 0.
0.995 -0.102 0. 454.125 0.102 0.995 0. 43.108 0. 0. 1. 0.
0.995 -0.100 0. 455.822 0.100 0.995 0. 43.223 0. 0. 1. 0.
0.995 -0.098 0. 457.444 0.098 0.995 0. 43.375 0. 0. 1. 0.
0.996 -0.093 0. 458.994 0.093 0.996 0. 43.473 0. 0. 1. 0.
0.996 -0.084 0. 460.446 0.084 0.996 0. 43.593 0. 0. 1. 0.
0.998 -0.068 0. 461.807 0.068 0.998 0. 43.630 0. 0. 1. 0.
0.999 -0.042 0. 463.079 0.042 0.999 0. 43.644 0. 0. 1. 0.
1. -0.011 0. 464.276 0.011 1. 0. 43.650 0. 0. 1. 0.
1.000 0.026 0. 465.368 -0.026 1.000 0. 43.562 0. 0. 1. 0.
0.998 0.070 0. 466.347 -0.070 0.998 0. 43.480 0. 0. 1. 0.
0.993 0.122 0. 467.253 -0.122 0.993 0. 43.304 0. 0. 1. 0.
0.984 0.179 0. 468.082 -0.179 0.984 0. 43.085 0. 0. 1. 0.
0.972 0.236 0. 468.818 -0.236 0.972 0. 42.850 0. 0. 1. 0.
0.957 0.291 0. 469.492 -0.291 0.957 0. 42.597 0. 0. 1. 0.
0.938 0.347 0. 470.045 -0.347 0.938 0. 42.306 0. 0. 1. 0.
0.919 0.395 0. 470.561 -0.395 0.919 0. 41.958 0. 0. 1. 0.
0.900 0.436 0. 471.020 -0.436 0.900 0. 41.694 0. 0. 1. 0.
0.880 0.474 0. 471.413 -0.474 0.880 0. 41.461 0. 0. 1. 0.
0.862 0.506 0. 471.714 -0.506 0.862 0. 41.213 0. 0. 1. 0.
0.845 0.534 0. 471.986 -0.534 0.845 0. 40.996 0. 0. 1. 0.
0.832 0.555 0. 472.183 -0.555 0.832 0. 40.802 0. 0. 1. 0.
0.820 0.572 0. 472.351 -0.572 0.820 0. 40.684 0. 0. 1. 0.
0.808 0.589 0. 472.522 -0.589 0.808 0. 40.543 0. 0. 1. 0.
0.795 0.606 0. 472.680 -0.606 0.795 0. 40.396 0. 0. 1. 0.
0.779 0.628 0. 472.860 -0.628 0.779 0. 40.214 0. 0. 1. 0.
0.759 0.651 0. 473.060 -0.651 0.759 0. 40.012 0. 0. 1. 0.
0.732 0.681 0. 473.261 -0.681 0.732 0. 39.815 0. 0. 1. 0.
0.693 0.721 0. 473.514 -0.721 0.693 0. 39.492 0. 0. 1. 0.
0.639 0.769 0. 473.794 -0.769 0.639 0. 39.097 0. 0. 1. 0.
0.570 0.822 0. 474.025 -0.822 0.570 0. 38.625 0. 0. 1. 0.
0.489 0.873 0. 474.219 -0.873 0.489 0. 38.040 0. 0. 1. 0.
0.389 0.921 0. 474.395 -0.921 0.389 0. 37.437 0. 0. 1. 0.
0.278 0.961 0. 474.504 -0.961 0.278 0. 36.711 0. 0. 1. 0.
0.156 0.988 0. 474.532 -0.988 0.156 0. 35.968 0. 0. 1. 0.
0.024 1.000 0. 474.461 -1.000 0.024 0. 35.102 0. 0. 1. 0.
-0.121 0.993 0. 474.225 -0.993 -0.121 0. 34.239 0. 0. 1. 0.
-0.264 0.965 0. 473.890 -0.965 -0.264 0. 33.244 0. 0. 1. 0.
-0.396 0.918 0. 473.383 -0.918 -0.396 0. 32.304 0. 0. 1. 0.
-0.512 0.859 0. 472.742 -0.859 -0.512 0. 31.430 0. 0. 1. 0.
-0.612 0.791 0. 471.974 -0.791 -0.612 0. 30.538 0. 0. 1. 0.
-0.689 0.725 0. 471.107 -0.725 -0.689 0. 29.681 0. 0. 1. 0.
-0.748 0.664 0. 470.083 -0.664 -0.748 0. 28.889 0. 0. 1. 0.
-0.788 0.616 0. 468.965 -0.616 -0.788 0. 28.048 0. 0. 1. 0.
-0.811 0.585 0. 467.792 -0.585 -0.811 0. 27.292 0. 0. 1. 0.
-0.827 0.562 0. 466.530 -0.562 -0.827 0. 26.500 0. 0. 1. 0.
-0.839 0.545 0. 465.210 -0.545 -0.839 0. 25.722 0. 0. 1. 0.
-0.847 0.531 0. 463.829 -0.531 -0.847 0. 24.892 0. 0. 1. 0.
-0.853 0.523 0. 462.385 -0.523 -0.853 0. 24.079 0. 0. 1. 0.
-0.857 0.515 0. 460.889 -0.515 -0.857 0. 23.265 0. 0. 1. 0.
-0.859 0.512 0. 459.379 -0.512 -0.859 0. 22.387 0. 0. 1. 0.
-0.862 0.508 0. 457.822 -0.508 -0.862 0. 21.545 0. 0. 1. 0.
-0.864 0.503 0. 456.198 -0.503 -0.864 0. 20.630 0. 0. 1. 0.
-0.867 0.498 0. 454.560 -0.498 -0.867 0. 19.717 0. 0. 1. 0.
-0.871 0.491 0. 452.833 -0.491 -0.871 0. 18.759 0. 0. 1. 0.
-0.873 0.487 0. 451.021 -0.487 -0.873 0. 17.819 0. 0. 1. 0.
-0.874 0.486 0. 449.235 -0.486 -0.874 0. 16.853 0. 0. 1. 0.
-0.874 0.486 0. 447.374 -0.486 -0.874 0. 15.877 0. 0. 1. 0.
-0.873 0.487 0. 445.513 -0.487 -0.873 0. 14.880 0. 0. 1. 0.
-0.874 0.486 0. 443.642 -0.486 -0.874 0. 13.902 0. 0. 1. 0.
-0.874 0.485 0. 441.756 -0.485 -0.874 0. 12.864 0. 0. 1. 0.
-0.876 0.483 0. 439.828 -0.483 -0.876 0. 11.866 0. 0. 1. 0.
-0.876 0.483 0. 437.875 -0.483 -0.876 0. 10.813 0. 0. 1. 0.
-0.878 0.478 0. 435.922 -0.478 -0.878 0. 9.796 0. 0. 1. 0.
-0.879 0.477 0. 433.989 -0.477 -0.879 0. 8.754 0. 0. 1. 0.
-0.879 0.476 0. 432.125 -0.476 -0.879 0. 7.769 0. 0. 1. 0.
-0.879 0.477 0. 430.228 -0.477 -0.879 0. 6.732 0. 0. 1. 0.
-0.879 0.476 0. 428.365 -0.476 -0.879 0. 5.762 0. 0. 1. 0.
-0.879 0.476 0. 426.535 -0.476 -0.879 0. 4.788 0. 0. 1. 0.
-0.879 0.477 0. 424.751 -0.477 -0.879 0. 3.887 0. 0. 1. 0.
-0.880 0.476 0. 423.004 -0.476 -0.880 0. 2.947 0. 0. 1. 0.
-0.881 0.472 0. 421.309 -0.472 -0.881 0. 2.030 0. 0. 1. 0.
-0.882 0.471 0. 419.634 -0.471 -0.882 0. 1.214 0. 0. 1. 0.
-0.882 0.471 0. 417.999 -0.471 -0.882 0. 0.370 0. 0. 1. 0.
-0.883 0.469 0. 416.410 -0.469 -0.883 0. -0.434 0. 0. 1. 0.
-0.884 0.468 0. 414.900 -0.468 -0.884 0. -1.270 0. 0. 1. 0.
-0.884 0.468 0. 413.400 -0.468 -0.884 0. -2.034 0. 0. 1. 0.
-0.884 0.468 0. 411.923 -0.468 -0.884 0. -2.807 0. 0. 1. 0.
-0.885 0.467 0. 410.419 -0.467 -0.885 0. -3.558 0. 0. 1. 0.
-0.886 0.465 0. 408.926 -0.465 -0.886 0. -4.340 0. 0. 1. 0.
-0.886 0.464 0. 407.418 -0.464 -0.886 0. -5.093 0. 0. 1. 0.
-0.887 0.462 0. 405.862 -0.462 -0.887 0. -5.883 0. 0. 1. 0.
-0.888 0.461 0. 404.317 -0.461 -0.888 0. -6.672 0. 0. 1. 0.
-0.888 0.460 0. 402.739 -0.460 -0.888 0. -7.475 0. 0. 1. 0.
-0.889 0.458 0. 401.126 -0.458 -0.889 0. -8.256 0. 0. 1. 0.
-0.889 0.457 0. 399.498 -0.457 -0.889 0. -9.100 0. 0. 1. 0.
-0.890 0.455 0. 397.823 -0.455 -0.890 0. -9.907 0. 0. 1. 0.
-0.892 0.452 0. 396.174 -0.452 -0.892 0. -10.730 0. 0. 1. 0.
-0.892 0.452 0. 394.453 -0.452 -0.892 0. -11.533 0. 0. 1. 0.
-0.893 0.449 0. 392.768 -0.449 -0.893 0. -12.369 0. 0. 1. 0.
-0.894 0.449 0. 391.029 -0.449 -0.894 0. -13.218 0. 0. 1. 0.
-0.894 0.447 0. 389.284 -0.447 -0.894 0. -14.044 0. 0. 1. 0.
-0.896 0.445 0. 387.547 -0.445 -0.896 0. -14.959 0. 0. 1. 0.
-0.897 0.443 0. 385.712 -0.443 -0.897 0. -15.773 0. 0. 1. 0.
-0.897 0.442 0. 383.916 -0.442 -0.897 0. -16.626 0. 0. 1. 0.
-0.897 0.442 0. 382.084 -0.442 -0.897 0. -17.494 0. 0. 1. 0.
-0.897 0.442 0. 380.278 -0.442 -0.897 0. -18.385 0. 0. 1. 0.
-0.898 0.440 0. 378.422 -0.440 -0.898 0. -19.289 0. 0. 1. 0.
-0.899 0.439 0. 376.515 -0.439 -0.899 0. -20.109 0. 0. 1. 0.
-0.901 0.435 0. 374.650 -0.435 -0.901 0. -20.972 0. 0. 1. 0.
-0.904 0.429 0. 372.755 -0.429 -0.904 0. -21.892 0. 0. 1. 0.
-0.906 0.422 0. 370.821 -0.422 -0.906 0. -22.702 0. 0. 1. 0.
-0.910 0.415 0. 368.928 -0.415 -0.910 0. -23.518 0. 0. 1. 0.
-0.913 0.407 0. 366.977 -0.407 -0.913 0. -24.395 0. 0. 1. 0.
-0.917 0.398 0. 365.001 -0.398 -0.917 0. -25.193 0. 0. 1. 0.
-0.922 0.388 0. 363.021 -0.388 -0.922 0. -25.980 0. 0. 1. 0.
-0.926 0.378 0. 361.054 -0.378 -0.926 0. -26.762 0. 0. 1. 0.
-0.930 0.368 0. 359.085 -0.368 -0.930 0. -27.557 0. 0. 1. 0.
-0.933 0.361 0. 357.124 -0.361 -0.933 0. -28.294 0. 0. 1. 0.
-0.934 0.356 0. 355.136 -0.356 -0.934 0. -28.976 0. 0. 1. 0.
-0.936 0.352 0. 353.145 -0.352 -0.936 0. -29.644 0. 0. 1. 0.
-0.937 0.349 0. 351.103 -0.349 -0.937 0. -30.320 0. 0. 1. 0.
-0.937 0.349 0. 349.217 -0.349 -0.937 0. -31.092 0. 0. 1. 0.
-0.937 0.350 0. 347.267 -0.350 -0.937 0. -31.777 0. 0. 1. 0.
-0.937 0.350 0. 345.306 -0.350 -0.937 0. -32.434 0. 0. 1. 0.
-0.937 0.350 0. 343.362 -0.350 -0.937 0. -33.131 0. 0. 1. 0.
