1561000452974693 -0.45570 0.89013 0.00000 -3422851.24637 -0.89013 -0.45570 0.00000 2148931.46107 0.00000 0.00000 1.00000 -0.00000
1561000453225385 -0.45079 0.89263 0.00000 -3434623.17971 -0.89263 -0.45079 0.00000 2130067.36980 0.00000 0.00000 1.00000 -0.00000
1561000453476360 -0.44618 0.89495 0.00000 -3445585.29723 -0.89495 -0.44618 0.00000 2112290.70564 0.00000 0.00000 1.00000 -0.00000
1561000453727328 -0.44154 0.89724 0.00000 -3456460.23041 -0.89724 -0.44154 0.00000 2094449.75866 0.00000 0.00000 1.00000 -0.00000
1561000453978190 -0.43692 0.89950 0.00000 -3467188.70227 -0.89950 -0.43692 0.00000 2076643.21202 0.00000 0.00000 1.00000 -0.00000
1561000454228891 -0.43431 0.90076 0.00000 -3473192.52535 -0.90076 -0.43431 0.00000 2066588.00331 0.00000 0.00000 1.00000 -0.00000
1561000454479651 -0.43167 0.90203 0.00000 -3479230.72274 -0.90203 -0.43167 0.00000 2056408.02498 0.00000 0.00000 1.00000 -0.00000
1561000454730705 -0.43134 0.90219 0.00000 -3480000.33049 -0.90219 -0.43134 0.00000 2055107.43639 0.00000 0.00000 1.00000 -0.00000
1561000454982122 -0.43237 0.90170 0.00000 -3477639.53029 -0.90170 -0.43237 0.00000 2059101.98837 0.00000 0.00000 1.00000 -0.00000
1561000455232943 -0.43307 0.90136 0.00000 -3476040.92847 -0.90136 -0.43307 0.00000 2061801.71109 0.00000 0.00000 1.00000 -0.00000
1561000455484980 -0.43404 0.90089 0.00000 -3473826.21292 -0.90089 -0.43404 0.00000 2065533.28765 0.00000 0.00000 1.00000 -0.00000
1561000455733801 -0.43487 0.90049 0.00000 -3471918.06547 -0.90049 -0.43487 0.00000 2068741.38932 0.00000 0.00000 1.00000 -0.00000
1561000455985716 -0.43554 0.90017 0.00000 -3470392.79141 -0.90017 -0.43554 0.00000 2071301.53097 0.00000 0.00000 1.00000 -0.00000
1561000456235346 -0.43574 0.90007 0.00000 -3469925.27257 -0.90007 -0.43574 0.00000 2072087.16039 0.00000 0.00000 1.00000 -0.00000
1561000456483580 -0.43436 0.90074 0.00000 -3473105.41031 -0.90074 -0.43436 0.00000 2066754.96327 0.00000 0.00000 1.00000 -0.00000
1561000456733214 -0.43490 0.90048 0.00000 -3471869.77837 -0.90048 -0.43490 0.00000 2068832.57956 0.00000 0.00000 1.00000 -0.00000
1561000456983059 -0.43857 0.89870 0.00000 -3463400.30988 -0.89870 -0.43857 0.00000 2082982.85791 0.00000 0.00000 1.00000 -0.00000
1561000457232398 -0.44088 0.89757 0.00000 -3458022.31828 -0.89757 -0.44088 0.00000 2091901.70773 0.00000 0.00000 1.00000 -0.00000
1561000457481918 -0.44397 0.89604 0.00000 -3450790.24689 -0.89604 -0.44397 0.00000 2103813.22510 0.00000 0.00000 1.00000 -0.00000
1561000457731848 -0.44595 0.89506 0.00000 -3446147.47885 -0.89506 -0.44595 0.00000 2111412.71020 0.00000 0.00000 1.00000 -0.00000
1561000457981349 -0.44491 0.89558 0.00000 -3448593.21430 -0.89558 -0.44491 0.00000 2107418.78793 0.00000 0.00000 1.00000 -0.00000
1561000458230556 -0.44409 0.89598 0.00000 -3450522.79724 -0.89598 -0.44409 0.00000 2104261.11977 0.00000 0.00000 1.00000 -0.00000
1561000458480313 -0.44496 0.89555 0.00000 -3448471.81438 -0.89555 -0.44496 0.00000 2107623.87065 0.00000 0.00000 1.00000 -0.00000
1561000458730184 -0.44850 0.89378 0.00000 -3440103.57876 -0.89378 -0.44850 0.00000 2121258.51865 0.00000 0.00000 1.00000 -0.00000
1561000458979946 -0.45193 0.89205 0.00000 -3431940.07871 -0.89205 -0.45193 0.00000 2134444.19551 0.00000 0.00000 1.00000 -0.00000
1561000459230310 -0.45509 0.89044 0.00000 -3424348.00716 -0.89044 -0.45509 0.00000 2146606.66256 0.00000 0.00000 1.00000 -0.00000
1561000459478978 -0.45802 0.88894 0.00000 -3417277.04697 -0.88894 -0.45802 0.00000 2157848.92313 0.00000 0.00000 1.00000 -0.00000
1561000459728263 -0.46136 0.88721 0.00000 -3409133.10217 -0.88721 -0.46136 0.00000 2170695.97959 0.00000 0.00000 1.00000 -0.00000
1561000459976957 -0.46531 0.88515 0.00000 -3399437.36885 -0.88515 -0.46531 0.00000 2185852.28511 0.00000 0.00000 1.00000 -0.00000
1561000460228619 -0.46950 0.88293 0.00000 -3389025.34650 -0.88293 -0.46950 0.00000 2201964.33174 0.00000 0.00000 1.00000 -0.00000
1561000460479057 -0.47390 0.88058 0.00000 -3378009.26531 -0.88058 -0.47390 0.00000 2218830.30751 0.00000 0.00000 1.00000 -0.00000
1561000460725813 -0.47853 0.87807 0.00000 -3366261.80353 -0.87807 -0.47853 0.00000 2236615.84612 0.00000 0.00000 1.00000 -0.00000
1561000460974620 -0.48247 0.87591 0.00000 -3356191.54728 -0.87591 -0.48247 0.00000 2251701.95746 0.00000 0.00000 1.00000 -0.00000
1561000461223439 -0.48604 0.87394 0.00000 -3346975.73143 -0.87394 -0.48604 0.00000 2265381.02409 0.00000 0.00000 1.00000 -0.00000
1561000461472649 -0.48810 0.87279 0.00000 -3341622.79008 -0.87279 -0.48810 0.00000 2273272.77237 0.00000 0.00000 1.00000 -0.00000
1561000461722049 -0.49002 0.87171 0.00000 -3336626.02331 -0.87171 -0.49002 0.00000 2280603.62709 0.00000 0.00000 1.00000 -0.00000
1561000461972031 -0.49180 0.87071 0.00000 -3331956.35856 -0.87071 -0.49180 0.00000 2287423.66835 0.00000 0.00000 1.00000 -0.00000
1561000462221366 -0.49360 0.86969 0.00000 -3327221.66228 -0.86969 -0.49360 0.00000 2294308.22208 0.00000 0.00000 1.00000 -0.00000
1561000462470059 -0.49660 0.86798 0.00000 -3319292.01948 -0.86798 -0.49660 0.00000 2305768.54080 0.00000 0.00000 1.00000 -0.00000
1561000462719578 -0.49900 0.86660 0.00000 -3312886.76544 -0.86660 -0.49900 0.00000 2314965.05824 0.00000 0.00000 1.00000 -0.00000
1561000462968357 -0.50247 0.86459 0.00000 -3303578.36429 -0.86459 -0.50247 0.00000 2328232.24173 0.00000 0.00000 1.00000 -0.00000
1561000463216710 -0.50733 0.86175 0.00000 -3290421.13915 -0.86175 -0.50733 0.00000 2346793.04904 0.00000 0.00000 1.00000 -0.00000
1561000463465334 -0.51017 0.86007 0.00000 -3282673.92015 -0.86007 -0.51017 0.00000 2357620.52828 0.00000 0.00000 1.00000 -0.00000
1561000463713591 -0.51385 0.85788 0.00000 -3272546.42791 -0.85788 -0.51385 0.00000 2371661.07110 0.00000 0.00000 1.00000 -0.00000
1561000463960454 -0.51741 0.85574 0.00000 -3262659.52658 -0.85574 -0.51741 0.00000 2385246.93443 0.00000 0.00000 1.00000 -0.00000
1561000464208915 -0.52066 0.85377 0.00000 -3253572.85998 -0.85377 -0.52066 0.00000 2397629.56525 0.00000 0.00000 1.00000 -0.00000
1561000464457911 -0.52343 0.85207 0.00000 -3245756.25545 -0.85207 -0.52343 0.00000 2408203.51044 0.00000 0.00000 1.00000 -0.00000
1561000464706861 -0.52575 0.85064 0.00000 -3239183.64454 -0.85064 -0.52575 0.00000 2417039.74553 0.00000 0.00000 1.00000 -0.00000
1561000464955386 -0.52561 0.85072 0.00000 -3239583.45614 -0.85072 -0.52561 0.00000 2416506.76034 0.00000 0.00000 1.00000 -0.00000
1561000465204330 -0.52703 0.84985 0.00000 -3235563.00153 -0.84985 -0.52703 0.00000 2421890.21846 0.00000 0.00000 1.00000 -0.00000
1561000465452887 -0.53008 0.84795 0.00000 -3226835.47698 -0.84795 -0.53008 0.00000 2433509.24421 0.00000 0.00000 1.00000 -0.00000
1561000465702264 -0.53296 0.84614 0.00000 -3218555.86635 -0.84614 -0.53296 0.00000 2444452.27395 0.00000 0.00000 1.00000 -0.00000
1561000465950620 -0.53567 0.84443 0.00000 -3210704.74480 -0.84443 -0.53567 0.00000 2454758.26734 0.00000 0.00000 1.00000 -0.00000
1561000466198884 -0.53802 0.84293 0.00000 -3203832.31830 -0.84293 -0.53802 0.00000 2463724.00542 0.00000 0.00000 1.00000 -0.00000
1561000466449565 -0.54043 0.84139 0.00000 -3196781.55582 -0.84139 -0.54043 0.00000 2472868.73766 0.00000 0.00000 1.00000 -0.00000
1561000466701233 -0.54117 0.84091 0.00000 -3194606.92109 -0.84091 -0.54117 0.00000 2475680.39830 0.00000 0.00000 1.00000 -0.00000
1561000466946421 -0.53972 0.84184 0.00000 -3198872.63688 -0.84184 -0.53972 0.00000 2470169.04126 0.00000 0.00000 1.00000 -0.00000
1561000467195307 -0.53826 0.84278 0.00000 -3203146.31324 -0.84278 -0.53826 0.00000 2464627.70920 0.00000 0.00000 1.00000 -0.00000
1561000467442628 -0.53670 0.84377 0.00000 -3207707.39102 -0.84377 -0.53670 0.00000 2458691.54917 0.00000 0.00000 1.00000 -0.00000
1561000467692524 -0.53506 0.84481 0.00000 -3212480.48410 -0.84481 -0.53506 0.00000 2452454.88264 0.00000 0.00000 1.00000 -0.00000
1561000467939932 -0.53321 0.84599 0.00000 -3217856.35795 -0.84599 -0.53321 0.00000 2445399.95764 0.00000 0.00000 1.00000 -0.00000
1561000468188233 -0.53266 0.84633 0.00000 -3219428.34595 -0.84633 -0.53266 0.00000 2443333.01640 0.00000 0.00000 1.00000 -0.00000
1561000468437391 -0.53225 0.84659 0.00000 -3220614.25001 -0.84659 -0.53225 0.00000 2441772.59911 0.00000 0.00000 1.00000 -0.00000
1561000468685721 -0.53161 0.84699 0.00000 -3222463.51772 -0.84699 -0.53161 0.00000 2439334.48164 0.00000 0.00000 1.00000 -0.00000
1561000468935357 -0.53129 0.84719 0.00000 -3223384.67543 -0.84719 -0.53129 0.00000 2438120.02445 0.00000 0.00000 1.00000 -0.00000
1561000469184222 -0.53113 0.84729 0.00000 -3223865.21194 -0.84729 -0.53113 0.00000 2437487.48114 0.00000 0.00000 1.00000 -0.00000
1561000469433306 -0.53168 0.84695 0.00000 -3222284.06165 -0.84695 -0.53168 0.00000 2439580.16380 0.00000 0.00000 1.00000 -0.00000
1561000469681796 -0.53449 0.84518 0.00000 -3214155.71598 -0.84518 -0.53449 0.00000 2450282.17467 0.00000 0.00000 1.00000 -0.00000
1561000469927877 -0.53637 0.84398 0.00000 -3208681.93821 -0.84398 -0.53637 0.00000 2457448.62245 0.00000 0.00000 1.00000 -0.00000
1561000470178079 -0.53930 0.84211 0.00000 -3200132.97736 -0.84211 -0.53930 0.00000 2468573.80600 0.00000 0.00000 1.00000 -0.00000
1561000470426619 -0.54130 0.84083 0.00000 -3194271.24798 -0.84083 -0.54130 0.00000 2476156.92849 0.00000 0.00000 1.00000 -0.00000
1561000470675629 -0.54378 0.83923 0.00000 -3186929.12416 -0.83923 -0.54378 0.00000 2485602.32008 0.00000 0.00000 1.00000 -0.00000
1561000470925518 -0.54662 0.83738 0.00000 -3178503.05239 -0.83738 -0.54662 0.00000 2496371.12076 0.00000 0.00000 1.00000 -0.00000
1561000471173754 -0.54961 0.83542 0.00000 -3169570.03900 -0.83542 -0.54961 0.00000 2507706.22055 0.00000 0.00000 1.00000 -0.00000
1561000471421537 -0.55344 0.83289 0.00000 -3158024.49521 -0.83289 -0.55344 0.00000 2522233.18651 0.00000 0.00000 1.00000 -0.00000
1561000471670336 -0.55724 0.83035 0.00000 -3146460.20201 -0.83035 -0.55724 0.00000 2536647.68811 0.00000 0.00000 1.00000 -0.00000
1561000471918821 -0.56101 0.82781 0.00000 -3134894.13396 -0.82781 -0.56101 0.00000 2550930.49410 0.00000 0.00000 1.00000 -0.00000
1561000472167107 -0.56427 0.82559 0.00000 -3124810.13344 -0.82559 -0.56427 0.00000 2563275.94376 0.00000 0.00000 1.00000 -0.00000
1561000472416228 -0.56641 0.82412 0.00000 -3118156.89434 -0.82412 -0.56641 0.00000 2571368.10307 0.00000 0.00000 1.00000 -0.00000
1561000472666413 -0.56831 0.82281 0.00000 -3112201.25403 -0.82281 -0.56831 0.00000 2578576.00282 0.00000 0.00000 1.00000 -0.00000
1561000472913322 -0.57077 0.82111 0.00000 -3104494.22904 -0.82111 -0.57077 0.00000 2587852.53437 0.00000 0.00000 1.00000 -0.00000
1561000473162044 -0.57505 0.81811 0.00000 -3090917.98773 -0.81811 -0.57505 0.00000 2604055.60400 0.00000 0.00000 1.00000 -0.00000
1561000473410540 -0.57885 0.81543 0.00000 -3078783.37340 -0.81543 -0.57885 0.00000 2618393.97265 0.00000 0.00000 1.00000 -0.00000
1561000473659389 -0.58153 0.81352 0.00000 -3070152.90974 -0.81352 -0.58153 0.00000 2628510.90315 0.00000 0.00000 1.00000 -0.00000
1561000473908074 -0.58701 0.80958 0.00000 -3052328.95133 -0.80958 -0.58701 0.00000 2649190.58828 0.00000 0.00000 1.00000 -0.00000
1561000474156096 -0.58943 0.80782 0.00000 -3044403.77188 -0.80782 -0.58943 0.00000 2658296.99141 0.00000 0.00000 1.00000 -0.00000
1561000474404915 -0.59297 0.80522 0.00000 -3032696.27552 -0.80522 -0.59297 0.00000 2671648.36162 0.00000 0.00000 1.00000 -0.00000
1561000474653473 -0.59589 0.80307 0.00000 -3022998.54721 -0.80307 -0.59589 0.00000 2682619.23276 0.00000 0.00000 1.00000 -0.00000
1561000474902028 -0.59900 0.80075 0.00000 -3012551.36121 -0.80075 -0.59900 0.00000 2694348.70027 0.00000 0.00000 1.00000 -0.00000
1561000475152686 -0.60194 0.79854 0.00000 -3002626.96232 -0.79854 -0.60194 0.00000 2705406.91808 0.00000 0.00000 1.00000 -0.00000
1561000475401664 -0.60546 0.79587 0.00000 -2990662.14836 -0.79587 -0.60546 0.00000 2718630.13617 0.00000 0.00000 1.00000 -0.00000
1561000475650569 -0.61012 0.79231 0.00000 -2974652.12006 -0.79231 -0.61012 0.00000 2736141.27167 0.00000 0.00000 1.00000 -0.00000
1561000475898137 -0.61491 0.78860 0.00000 -2958024.89207 -0.78860 -0.61491 0.00000 2754110.95151 0.00000 0.00000 1.00000 -0.00000
1561000476146222 -0.61949 0.78500 0.00000 -2941954.18261 -0.78500 -0.61949 0.00000 2771273.68464 0.00000 0.00000 1.00000 -0.00000
1561000476395683 -0.62356 0.78178 0.00000 -2927533.51573 -0.78178 -0.62356 0.00000 2786505.60362 0.00000 0.00000 1.00000 -0.00000
1561000476643462 -0.62780 0.77837 0.00000 -2912329.59448 -0.77837 -0.62780 0.00000 2802394.64186 0.00000 0.00000 1.00000 -0.00000
1561000476892166 -0.63182 0.77511 0.00000 -2897773.33184 -0.77511 -0.63182 0.00000 2817446.05736 0.00000 0.00000 1.00000 -0.00000
1561000477139985 -0.63557 0.77204 0.00000 -2884097.22243 -0.77204 -0.63557 0.00000 2831446.41422 0.00000 0.00000 1.00000 -0.00000
1561000477388986 -0.63892 0.76927 0.00000 -2871774.71892 -0.76927 -0.63892 0.00000 2843945.90426 0.00000 0.00000 1.00000 -0.00000
1561000477638141 -0.64483 0.76432 0.00000 -2849748.09307 -0.76432 -0.64483 0.00000 2866019.33441 0.00000 0.00000 1.00000 -0.00000
1561000477885064 -0.64845 0.76125 0.00000 -2836122.24051 -0.76125 -0.64845 0.00000 2879505.91171 0.00000 0.00000 1.00000 -0.00000
1561000478134686 -0.65135 0.75878 0.00000 -2825140.80658 -0.75878 -0.65135 0.00000 2890283.01511 0.00000 0.00000 1.00000 -0.00000
1561000478383453 -0.65366 0.75678 0.00000 -2816293.43216 -0.75678 -0.65366 0.00000 2898906.80814 0.00000 0.00000 1.00000 -0.00000
1561000478631209 -0.65614 0.75464 0.00000 -2806782.07879 -0.75464 -0.65614 0.00000 2908119.06332 0.00000 0.00000 1.00000 -0.00000
1561000478880766 -0.65766 0.75331 0.00000 -2800901.76203 -0.75331 -0.65766 0.00000 2913785.23165 0.00000 0.00000 1.00000 -0.00000
1561000479129084 -0.65969 0.75154 0.00000 -2793058.13841 -0.75154 -0.65969 0.00000 2921306.93498 0.00000 0.00000 1.00000 -0.00000
1561000479378844 -0.66157 0.74989 0.00000 -2785738.76514 -0.74989 -0.66157 0.00000 2928289.68311 0.00000 0.00000 1.00000 -0.00000
1561000479627125 -0.66359 0.74810 0.00000 -2777822.86803 -0.74810 -0.66359 0.00000 2935802.10237 0.00000 0.00000 1.00000 -0.00000
1561000479876716 -0.66641 0.74559 0.00000 -2766717.75775 -0.74559 -0.66641 0.00000 2946272.16514 0.00000 0.00000 1.00000 -0.00000
1561000480125473 -0.66934 0.74296 0.00000 -2755108.74446 -0.74296 -0.66934 0.00000 2957132.99423 0.00000 0.00000 1.00000 -0.00000
1561000480374775 -0.67248 0.74011 0.00000 -2742545.50236 -0.74011 -0.67248 0.00000 2968790.47097 0.00000 0.00000 1.00000 -0.00000
1561000480623560 -0.67622 0.73670 0.00000 -2727482.08029 -0.73670 -0.67622 0.00000 2982637.61134 0.00000 0.00000 1.00000 -0.00000
1561000480870641 -0.67911 0.73403 0.00000 -2715737.33428 -0.73403 -0.67911 0.00000 2993337.43378 0.00000 0.00000 1.00000 -0.00000
1561000481120367 -0.68430 0.72920 0.00000 -2694441.24874 -0.72920 -0.68430 0.00000 3012523.43173 0.00000 0.00000 1.00000 -0.00000
1561000481366978 -0.68631 0.72731 0.00000 -2686111.75285 -0.72731 -0.68631 0.00000 3019954.86326 0.00000 0.00000 1.00000 -0.00000
1561000481616133 -0.69008 0.72373 0.00000 -2670393.77753 -0.72373 -0.69008 0.00000 3033864.50155 0.00000 0.00000 1.00000 -0.00000
1561000481866421 -0.69380 0.72016 0.00000 -2654714.14736 -0.72016 -0.69380 0.00000 3047596.18810 0.00000 0.00000 1.00000 -0.00000
1561000482112963 -0.69716 0.71692 0.00000 -2640456.92374 -0.71692 -0.69716 0.00000 3059959.10550 0.00000 0.00000 1.00000 -0.00000
1561000482362365 -0.70052 0.71364 0.00000 -2626066.54753 -0.71364 -0.70052 0.00000 3072319.95873 0.00000 0.00000 1.00000 -0.00000
1561000482611024 -0.70396 0.71024 0.00000 -2611189.51502 -0.71024 -0.70396 0.00000 3084976.11820 0.00000 0.00000 1.00000 -0.00000
1561000482859436 -0.70722 0.70699 0.00000 -2596965.88411 -0.70699 -0.70722 0.00000 3096961.30950 0.00000 0.00000 1.00000 -0.00000
1561000483108000 -0.70886 0.70535 0.00000 -2589747.70028 -0.70535 -0.70886 0.00000 3103001.91763 0.00000 0.00000 1.00000 -0.00000
1561000483358185 -0.71080 0.70339 0.00000 -2581196.08278 -0.70339 -0.71080 0.00000 3110121.18385 0.00000 0.00000 1.00000 -0.00000
1561000483607228 -0.71298 0.70118 0.00000 -2571525.36361 -0.70118 -0.71298 0.00000 3118123.95844 0.00000 0.00000 1.00000 -0.00000
1561000483855459 -0.71537 0.69875 0.00000 -2560893.07279 -0.69875 -0.71537 0.00000 3126864.07016 0.00000 0.00000 1.00000 -0.00000
1561000484105565 -0.71741 0.69665 0.00000 -2551717.89590 -0.69665 -0.71741 0.00000 3134358.06614 0.00000 0.00000 1.00000 -0.00000
1561000484355879 -0.71911 0.69489 0.00000 -2544066.07278 -0.69489 -0.71911 0.00000 3140573.96576 0.00000 0.00000 1.00000 -0.00000
1561000484607632 -0.72091 0.69303 0.00000 -2535942.63214 -0.69303 -0.72091 0.00000 3147139.04892 0.00000 0.00000 1.00000 -0.00000
1561000484855670 -0.72264 0.69123 0.00000 -2528063.45861 -0.69123 -0.72264 0.00000 3153473.68011 0.00000 0.00000 1.00000 -0.00000
1561000485107056 -0.72424 0.68955 0.00000 -2520736.05864 -0.68955 -0.72424 0.00000 3159335.80403 0.00000 0.00000 1.00000 -0.00000
1561000485357265 -0.72565 0.68807 0.00000 -2514285.61261 -0.68807 -0.72565 0.00000 3164473.50589 0.00000 0.00000 1.00000 -0.00000
1561000485606059 -0.72741 0.68621 0.00000 -2506167.82608 -0.68621 -0.72741 0.00000 3170908.23503 0.00000 0.00000 1.00000 -0.00000
1561000485855914 -0.72957 0.68391 0.00000 -2496154.95197 -0.68391 -0.72957 0.00000 3178798.18991 0.00000 0.00000 1.00000 -0.00000
1561000486105793 -0.73176 0.68157 0.00000 -2485956.28902 -0.68157 -0.73176 0.00000 3186782.01569 0.00000 0.00000 1.00000 -0.00000
1561000486356023 -0.73428 0.67885 0.00000 -2474112.74429 -0.67885 -0.73428 0.00000 3195987.31343 0.00000 0.00000 1.00000 -0.00000
1561000486605821 -0.73674 0.67618 0.00000 -2462500.52072 -0.67618 -0.73674 0.00000 3204944.62662 0.00000 0.00000 1.00000 -0.00000
1561000486855034 -0.74004 0.67256 0.00000 -2446768.67503 -0.67256 -0.74004 0.00000 3216972.46370 0.00000 0.00000 1.00000 -0.00000
1561000487104650 -0.74406 0.66812 0.00000 -2427473.86399 -0.66812 -0.74406 0.00000 3231558.30145 0.00000 0.00000 1.00000 -0.00000
1561000487355764 -0.74918 0.66237 0.00000 -2402529.09242 -0.66237 -0.74918 0.00000 3250147.93649 0.00000 0.00000 1.00000 -0.00000
1561000487604426 -0.75443 0.65638 0.00000 -2376553.31301 -0.65638 -0.75443 0.00000 3269191.17786 0.00000 0.00000 1.00000 -0.00000
1561000487853333 -0.75777 0.65252 0.00000 -2359847.09889 -0.65252 -0.75777 0.00000 3281272.18124 0.00000 0.00000 1.00000 -0.00000
1561000488102970 -0.76162 0.64802 0.00000 -2340357.07716 -0.64802 -0.76162 0.00000 3295203.01746 0.00000 0.00000 1.00000 -0.00000
1561000488353303 -0.76551 0.64342 0.00000 -2320467.78411 -0.64342 -0.76551 0.00000 3309240.39858 0.00000 0.00000 1.00000 -0.00000
1561000488601939 -0.76784 0.64064 0.00000 -2308468.60971 -0.64064 -0.76784 0.00000 3317623.20395 0.00000 0.00000 1.00000 -0.00000
1561000488851590 -0.76911 0.63912 0.00000 -2301889.59570 -0.63912 -0.76911 0.00000 3322192.57243 0.00000 0.00000 1.00000 -0.00000
1561000489100383 -0.76985 0.63823 0.00000 -2298039.10583 -0.63823 -0.76985 0.00000 3324858.39296 0.00000 0.00000 1.00000 -0.00000
1561000489349993 -0.76754 0.64100 0.00000 -2310000.38500 -0.64100 -0.76754 0.00000 3316560.39840 0.00000 0.00000 1.00000 -0.00000
1561000489598667 -0.76064 0.64918 0.00000 -2345386.44779 -0.64918 -0.76064 0.00000 3291632.47595 0.00000 0.00000 1.00000 -0.00000
1561000489848267 -0.74869 0.66292 0.00000 -2404950.14788 -0.66292 -0.74869 0.00000 3248369.41859 0.00000 0.00000 1.00000 -0.00000
1561000490097367 -0.72925 0.68425 0.00000 -2497654.99233 -0.68425 -0.72925 0.00000 3177643.08899 0.00000 0.00000 1.00000 -0.00000
1561000490346899 -0.69688 0.71718 0.00000 -2641695.94816 -0.71718 -0.69688 0.00000 3058945.16388 0.00000 0.00000 1.00000 -0.00000
1561000490595732 -0.64954 0.76033 0.00000 -2832131.48009 -0.76033 -0.64954 0.00000 2883529.29162 0.00000 0.00000 1.00000 -0.00000
1561000490847327 -0.58770 0.80908 0.00000 -3050213.20456 -0.80908 -0.58770 0.00000 2651776.06420 0.00000 0.00000 1.00000 -0.00000
1561000491095033 -0.51881 0.85489 0.00000 -3258988.91617 -0.85489 -0.51881 0.00000 2390547.03626 0.00000 0.00000 1.00000 -0.00000
1561000491346093 -0.43304 0.90137 0.00000 -3476410.41296 -0.90137 -0.43304 0.00000 2061626.08158 0.00000 0.00000 1.00000 -0.00000
1561000491595361 -0.33119 0.94357 0.00000 -3682232.26695 -0.94357 -0.33119 0.00000 1666404.73069 0.00000 0.00000 1.00000 -0.00000
1561000491844124 -0.21526 0.97656 0.00000 -3855970.21253 -0.97656 -0.21526 0.00000 1211297.21509 0.00000 0.00000 1.00000 -0.00000
1561000492092937 -0.08539 0.99635 0.00000 -3981485.64039 -0.99635 -0.08539 0.00000 695361.47261 0.00000 0.00000 1.00000 -0.00000
1561000492343725 0.05792 0.99832 -0.00000 -4039997.99372 -0.99832 0.05792 0.00000 119080.48169 0.00000 -0.00000 1.00000 0.00000
1561000492591695 0.20083 0.97963 -0.00000 -4015155.03162 -0.97963 0.20083 0.00000 -462928.17278 0.00000 -0.00000 1.00000 0.00000
1561000492841061 0.34266 0.93946 -0.00000 -3903474.39766 -0.93946 0.34266 0.00000 -1048173.94415 0.00000 -0.00000 1.00000 0.00000
1561000493090115 0.47829 0.87820 -0.00000 -3704698.94047 -0.87820 0.47829 0.00000 -1615857.40862 0.00000 -0.00000 1.00000 0.00000
1561000493339874 0.59556 0.80331 -0.00000 -3444535.27017 -0.80331 0.59556 0.00000 -2114467.87045 0.00000 -0.00000 1.00000 0.00000
1561000493588818 0.69322 0.72072 -0.00000 -3146480.80129 -0.72072 0.69322 0.00000 -2536821.63332 0.00000 -0.00000 1.00000 0.00000
1561000493837382 0.76178 0.64784 -0.00000 -2877208.40726 -0.64784 0.76178 0.00000 -2838570.87911 0.00000 -0.00000 1.00000 0.00000
1561000494085943 0.79993 0.60010 -0.00000 -2698447.07979 -0.60010 0.79993 0.00000 -3009020.33454 0.00000 -0.00000 1.00000 0.00000
1561000494334607 0.82133 0.57046 -0.00000 -2586661.90687 -0.57046 0.82133 0.00000 -3105641.17583 0.00000 -0.00000 1.00000 0.00000
1561000494583785 0.83360 0.55237 -0.00000 -2518185.11698 -0.55237 0.83360 0.00000 -3161420.17041 0.00000 -0.00000 1.00000 0.00000
1561000494831690 0.84124 0.54066 -0.00000 -2473723.09132 -0.54066 0.84124 0.00000 -3196331.45308 0.00000 -0.00000 1.00000 0.00000
1561000495080401 0.84681 0.53189 -0.00000 -2440388.72280 -0.53189 0.84681 0.00000 -3221855.17124 0.00000 -0.00000 1.00000 0.00000
1561000495329482 0.85008 0.52666 -0.00000 -2420476.38578 -0.52666 0.85008 0.00000 -3236842.47439 0.00000 -0.00000 1.00000 0.00000
1561000495578160 0.84916 0.52814 -0.00000 -2426109.53434 -0.52814 0.84916 0.00000 -3232623.56864 0.00000 -0.00000 1.00000 0.00000
1561000495826671 0.84669 0.53208 -0.00000 -2441109.74354 -0.53208 0.84669 0.00000 -3221312.39516 0.00000 -0.00000 1.00000 0.00000
1561000496077519 0.84529 0.53430 -0.00000 -2449566.41966 -0.53430 0.84529 0.00000 -3214887.66985 0.00000 -0.00000 1.00000 0.00000
1561000496325382 0.84534 0.53423 -0.00000 -2449304.66177 -0.53423 0.84534 0.00000 -3215088.37294 0.00000 -0.00000 1.00000 0.00000
1561000496574033 0.84530 0.53429 -0.00000 -2449530.98760 -0.53429 0.84530 0.00000 -3214917.25569 0.00000 -0.00000 1.00000 0.00000
1561000496822812 0.84542 0.53411 -0.00000 -2448829.23904 -0.53411 0.84542 0.00000 -3215453.15985 0.00000 -0.00000 1.00000 0.00000
1561000497071469 0.84586 0.53340 -0.00000 -2446135.29423 -0.53340 0.84586 0.00000 -3217504.41535 0.00000 -0.00000 1.00000 0.00000
1561000497319987 0.84646 0.53246 -0.00000 -2442563.99832 -0.53246 0.84646 0.00000 -3220217.80598 0.00000 -0.00000 1.00000 0.00000
1561000497569198 0.84720 0.53127 -0.00000 -2438044.67239 -0.53127 0.84720 0.00000 -3223642.20465 0.00000 -0.00000 1.00000 0.00000
1561000497818140 0.84772 0.53044 -0.00000 -2434888.29637 -0.53044 0.84772 0.00000 -3226028.41764 0.00000 -0.00000 1.00000 0.00000
1561000498067011 0.84836 0.52943 -0.00000 -2431022.52940 -0.52943 0.84836 0.00000 -3228944.01939 0.00000 -0.00000 1.00000 0.00000
1561000498315736 0.84899 0.52840 -0.00000 -2427130.36803 -0.52840 0.84899 0.00000 -3231872.21496 0.00000 -0.00000 1.00000 0.00000
1561000498564888 0.84906 0.52830 -0.00000 -2426728.44462 -0.52830 0.84906 0.00000 -3232175.56816 0.00000 -0.00000 1.00000 0.00000
1561000498812965 0.84770 0.53048 -0.00000 -2435027.56714 -0.53048 0.84770 0.00000 -3225929.43935 0.00000 -0.00000 1.00000 0.00000
1561000499062066 0.84632 0.53267 -0.00000 -2443393.29222 -0.53267 0.84632 0.00000 -3219599.30042 0.00000 -0.00000 1.00000 0.00000
1561000499311038 0.84578 0.53353 -0.00000 -2446669.33573 -0.53353 0.84578 0.00000 -3217112.09337 0.00000 -0.00000 1.00000 0.00000
1561000499559641 0.84594 0.53327 -0.00000 -2445666.62323 -0.53327 0.84594 0.00000 -3217876.09894 0.00000 -0.00000 1.00000 0.00000
1561000499808736 0.84631 0.53269 -0.00000 -2443467.73931 -0.53269 0.84631 0.00000 -3219547.81716 0.00000 -0.00000 1.00000 0.00000
1561000500058177 0.84611 0.53301 -0.00000 -2444666.49363 -0.53301 0.84611 0.00000 -3218639.39220 0.00000 -0.00000 1.00000 0.00000
1561000500306236 0.84562 0.53378 -0.00000 -2447628.88801 -0.53378 0.84562 0.00000 -3216388.90238 0.00000 -0.00000 1.00000 0.00000
1561000500554493 0.84508 0.53465 -0.00000 -2450903.05353 -0.53465 0.84508 0.00000 -3213896.36358 0.00000 -0.00000 1.00000 0.00000
1561000500803151 0.84448 0.53559 -0.00000 -2454510.10683 -0.53559 0.84448 0.00000 -3211144.12117 0.00000 -0.00000 1.00000 0.00000
1561000501052399 0.84456 0.53545 -0.00000 -2453982.41777 -0.53545 0.84456 0.00000 -3211549.08014 0.00000 -0.00000 1.00000 0.00000
1561000501300405 0.84486 0.53499 -0.00000 -2452210.99829 -0.53499 0.84486 0.00000 -3212903.52594 0.00000 -0.00000 1.00000 0.00000
1561000501548683 0.84513 0.53456 -0.00000 -2450589.51349 -0.53456 0.84513 0.00000 -3214142.09944 0.00000 -0.00000 1.00000 0.00000
1561000501797420 0.84553 0.53392 -0.00000 -2448157.64960 -0.53392 0.84553 0.00000 -3215996.40810 0.00000 -0.00000 1.00000 0.00000
1561000502045587 0.84567 0.53371 -0.00000 -2447340.45121 -0.53371 0.84567 0.00000 -3216619.89115 0.00000 -0.00000 1.00000 0.00000
1561000502294218 0.84575 0.53358 -0.00000 -2446875.63141 -0.53358 0.84575 0.00000 -3216974.99869 0.00000 -0.00000 1.00000 0.00000
1561000502542698 0.84662 0.53219 -0.00000 -2441585.00183 -0.53219 0.84662 0.00000 -3220993.72336 0.00000 -0.00000 1.00000 0.00000
1561000502791208 0.84712 0.53139 -0.00000 -2438556.20842 -0.53139 0.84712 0.00000 -3223288.76713 0.00000 -0.00000 1.00000 0.00000
1561000503039928 0.84754 0.53074 -0.00000 -2436061.12472 -0.53074 0.84754 0.00000 -3225176.26802 0.00000 -0.00000 1.00000 0.00000
1561000503288553 0.84549 0.53399 -0.00000 -2448440.53343 -0.53399 0.84549 0.00000 -3215789.71510 0.00000 -0.00000 1.00000 0.00000
1561000503536966 0.84387 0.53655 -0.00000 -2458169.59687 -0.53655 0.84387 0.00000 -3208360.24723 0.00000 -0.00000 1.00000 0.00000
1561000503785986 0.84282 0.53820 -0.00000 -2464450.24222 -0.53820 0.84282 0.00000 -3203539.75760 0.00000 -0.00000 1.00000 0.00000
1561000504035525 0.84178 0.53982 -0.00000 -2470603.92561 -0.53982 0.84178 0.00000 -3198797.69545 0.00000 -0.00000 1.00000 0.00000
1561000504283553 0.84135 0.54048 -0.00000 -2473131.43011 -0.54048 0.84135 0.00000 -3196845.32887 0.00000 -0.00000 1.00000 0.00000
1561000504532585 0.84169 0.53996 -0.00000 -2471156.27683 -0.53996 0.84169 0.00000 -3198373.72051 0.00000 -0.00000 1.00000 0.00000
1561000504782610 0.84159 0.54012 -0.00000 -2471758.37659 -0.54012 0.84159 0.00000 -3197909.80591 0.00000 -0.00000 1.00000 0.00000
1561000505030858 0.84163 0.54005 -0.00000 -2471494.44654 -0.54005 0.84163 0.00000 -3198115.15692 0.00000 -0.00000 1.00000 0.00000
1561000505279647 0.84175 0.53988 -0.00000 -2470821.15257 -0.53988 0.84175 0.00000 -3198636.73710 0.00000 -0.00000 1.00000 0.00000
1561000505528361 0.84177 0.53984 -0.00000 -2470681.33797 -0.53984 0.84177 0.00000 -3198746.11996 0.00000 -0.00000 1.00000 0.00000
1561000505776839 0.84173 0.53990 -0.00000 -2470925.72311 -0.53990 0.84173 0.00000 -3198558.73018 0.00000 -0.00000 1.00000 0.00000
1561000506026467 0.84179 0.53981 -0.00000 -2470579.62795 -0.53981 0.84179 0.00000 -3198827.45041 0.00000 -0.00000 1.00000 0.00000
1561000506274435 0.84219 0.53919 -0.00000 -2468219.12731 -0.53919 0.84219 0.00000 -3200650.53124 0.00000 -0.00000 1.00000 0.00000
1561000506522728 0.84237 0.53891 -0.00000 -2467151.09434 -0.53891 0.84237 0.00000 -3201475.22103 0.00000 -0.00000 1.00000 0.00000
1561000506771484 0.84258 0.53857 -0.00000 -2465887.52107 -0.53857 0.84258 0.00000 -3202449.90673 0.00000 -0.00000 1.00000 0.00000
1561000507019403 0.84265 0.53847 -0.00000 -2465475.90782 -0.53847 0.84265 0.00000 -3202768.12731 0.00000 -0.00000 1.00000 0.00000
1561000507267492 0.84296 0.53797 -0.00000 -2463612.12289 -0.53797 0.84296 0.00000 -3204203.30194 0.00000 -0.00000 1.00000 0.00000
1561000507518284 0.84376 0.53672 -0.00000 -2458842.78071 -0.53672 0.84376 0.00000 -3207865.96493 0.00000 -0.00000 1.00000 0.00000
1561000507766170 0.84498 0.53479 -0.00000 -2451522.54721 -0.53479 0.84498 0.00000 -3213464.99370 0.00000 -0.00000 1.00000 0.00000
1561000508013903 0.84573 0.53362 -0.00000 -2447046.85906 -0.53362 0.84573 0.00000 -3216875.75624 0.00000 -0.00000 1.00000 0.00000
1561000508262180 0.84603 0.53314 -0.00000 -2445222.93334 -0.53314 0.84603 0.00000 -3218263.60501 0.00000 -0.00000 1.00000 0.00000
1561000508509641 0.84773 0.53042 -0.00000 -2434895.14892 -0.53042 0.84773 0.00000 -3226085.78061 0.00000 -0.00000 1.00000 0.00000
1561000508758606 0.84878 0.52875 -0.00000 -2428538.48772 -0.52875 0.84878 0.00000 -3230874.86843 0.00000 -0.00000 1.00000 0.00000
1561000509007129 0.84985 0.52703 -0.00000 -2421968.93094 -0.52703 0.84985 0.00000 -3235803.75674 0.00000 -0.00000 1.00000 0.00000
1561000509255537 0.84989 0.52696 -0.00000 -2421703.55741 -0.52696 0.84989 0.00000 -3236003.55474 0.00000 -0.00000 1.00000 0.00000
1561000509504245 0.84930 0.52791 -0.00000 -2425323.86181 -0.52791 0.84930 0.00000 -3233292.26669 0.00000 -0.00000 1.00000 0.00000
1561000509752852 0.84934 0.52785 -0.00000 -2425113.83483 -0.52785 0.84934 0.00000 -3233450.96161 0.00000 -0.00000 1.00000 0.00000
1561000510002366 0.84953 0.52754 -0.00000 -2423925.32592 -0.52754 0.84953 0.00000 -3234343.14217 0.00000 -0.00000 1.00000 0.00000
1561000510249360 0.84967 0.52731 -0.00000 -2423069.55576 -0.52731 0.84967 0.00000 -3234985.37731 0.00000 -0.00000 1.00000 0.00000
1561000510497742 0.84970 0.52726 -0.00000 -2422866.52497 -0.52726 0.84970 0.00000 -3235138.44731 0.00000 -0.00000 1.00000 0.00000
1561000510745578 0.84988 0.52697 -0.00000 -2421779.95244 -0.52697 0.84988 0.00000 -3235952.85749 0.00000 -0.00000 1.00000 0.00000
1561000510995224 0.84945 0.52766 -0.00000 -2424411.93081 -0.52766 0.84945 0.00000 -3233982.28671 0.00000 -0.00000 1.00000 0.00000
1561000511243813 0.84920 0.52807 -0.00000 -2425960.79524 -0.52807 0.84920 0.00000 -3232821.36333 0.00000 -0.00000 1.00000 0.00000
1561000511492329 0.84944 0.52768 -0.00000 -2424467.80198 -0.52768 0.84944 0.00000 -3233941.95765 0.00000 -0.00000 1.00000 0.00000
1561000511740688 0.84968 0.52730 -0.00000 -2423036.52862 -0.52730 0.84968 0.00000 -3235015.18347 0.00000 -0.00000 1.00000 0.00000
1561000511989413 0.84955 0.52750 -0.00000 -2423794.34612 -0.52750 0.84955 0.00000 -3234448.10459 0.00000 -0.00000 1.00000 0.00000
1561000512237795 0.84916 0.52814 -0.00000 -2426231.75373 -0.52814 0.84916 0.00000 -3232620.77684 0.00000 -0.00000 1.00000 0.00000
1561000512486134 0.84893 0.52850 -0.00000 -2427601.07724 -0.52850 0.84893 0.00000 -3231593.15421 0.00000 -0.00000 1.00000 0.00000
1561000512735063 0.84877 0.52876 -0.00000 -2428607.98085 -0.52876 0.84877 0.00000 -3230837.05216 0.00000 -0.00000 1.00000 0.00000
1561000512983185 0.84847 0.52925 -0.00000 -2430460.69452 -0.52925 0.84847 0.00000 -3229444.04254 0.00000 -0.00000 1.00000 0.00000
1561000513231889 0.84828 0.52954 -0.00000 -2431566.02664 -0.52954 0.84828 0.00000 -3228612.36509 0.00000 -0.00000 1.00000 0.00000
1561000513480731 0.84801 0.52998 -0.00000 -2433245.67943 -0.52998 0.84801 0.00000 -3227347.16432 0.00000 -0.00000 1.00000 0.00000
1561000513729669 0.84756 0.53071 -0.00000 -2436000.52748 -0.53071 0.84756 0.00000 -3225268.79017 0.00000 -0.00000 1.00000 0.00000
1561000513978253 0.84722 0.53125 -0.00000 -2438053.03068 -0.53125 0.84722 0.00000 -3223718.00993 0.00000 -0.00000 1.00000 0.00000
1561000514227208 0.84669 0.53209 -0.00000 -2441274.07274 -0.53209 0.84669 0.00000 -3221279.91999 0.00000 -0.00000 1.00000 0.00000
1561000514476332 0.84604 0.53313 -0.00000 -2445211.58523 -0.53313 0.84604 0.00000 -3218292.51634 0.00000 -0.00000 1.00000 0.00000
1561000514725267 0.84523 0.53441 -0.00000 -2450094.76951 -0.53441 0.84523 0.00000 -3214576.94853 0.00000 -0.00000 1.00000 0.00000
1561000514972584 0.84428 0.53590 -0.00000 -2455777.24268 -0.53590 0.84428 0.00000 -3210238.36137 0.00000 -0.00000 1.00000 0.00000
1561000515221715 0.84381 0.53664 -0.00000 -2458557.38275 -0.53664 0.84381 0.00000 -3208110.13785 0.00000 -0.00000 1.00000 0.00000
1561000515470307 0.84329 0.53746 -0.00000 -2461706.70320 -0.53746 0.84329 0.00000 -3205694.61312 0.00000 -0.00000 1.00000 0.00000
1561000515718448 0.84178 0.53982 -0.00000 -2470668.30497 -0.53982 0.84178 0.00000 -3198793.32003 0.00000 -0.00000 1.00000 0.00000
1561000515966886 0.83993 0.54270 -0.00000 -2481597.18383 -0.54270 0.83993 0.00000 -3190322.64874 0.00000 -0.00000 1.00000 0.00000
1561000516215963 0.83929 0.54369 -0.00000 -2485346.32402 -0.54369 0.83929 0.00000 -3187403.25030 0.00000 -0.00000 1.00000 0.00000
1561000516464636 0.84001 0.54258 -0.00000 -2481134.28462 -0.54258 0.84001 0.00000 -3190683.50712 0.00000 -0.00000 1.00000 0.00000
1561000516713821 0.84142 0.54039 -0.00000 -2472817.06445 -0.54039 0.84142 0.00000 -3197134.22508 0.00000 -0.00000 1.00000 0.00000
1561000516961938 0.84288 0.53811 -0.00000 -2464157.17232 -0.53811 0.84288 0.00000 -3203813.97148 0.00000 -0.00000 1.00000 0.00000
1561000517211616 0.84625 0.53278 -0.00000 -2443915.42802 -0.53278 0.84625 0.00000 -3219281.77215 0.00000 -0.00000 1.00000 0.00000
1561000517460275 0.85414 0.52005 -0.00000 -2395408.09792 -0.52005 0.85414 0.00000 -3255536.99849 0.00000 -0.00000 1.00000 0.00000
1561000517709473 0.86610 0.49987 -0.00000 -2318394.11704 -0.49987 0.86610 0.00000 -3310823.66248 0.00000 -0.00000 1.00000 0.00000
1561000517957895 0.88167 0.47187 -0.00000 -2211146.34946 -0.47187 0.88167 0.00000 -3383391.78225 0.00000 -0.00000 1.00000 0.00000
1561000518208302 0.89995 0.43599 -0.00000 -2073153.86589 -0.43599 0.89995 0.00000 -3469660.60872 0.00000 -0.00000 1.00000 0.00000
1561000518456073 0.92043 0.39092 -0.00000 -1898891.73567 -0.39092 0.92043 0.00000 -3568014.20214 0.00000 -0.00000 1.00000 0.00000
1561000518704360 0.94190 0.33590 -0.00000 -1684950.87019 -0.33590 0.94190 0.00000 -3673888.82072 0.00000 -0.00000 1.00000 0.00000
1561000518952738 0.96104 0.27642 -0.00000 -1452204.31801 -0.27642 0.96104 0.00000 -3771952.30830 0.00000 -0.00000 1.00000 0.00000
1561000519201414 0.97648 0.21559 -0.00000 -1212754.26313 -0.21559 0.97648 0.00000 -3855612.98476 0.00000 -0.00000 1.00000 0.00000
1561000519450184 0.98843 0.15168 -0.00000 -959637.36808 -0.15168 0.98843 0.00000 -3926273.41182 0.00000 -0.00000 1.00000 0.00000
1561000519698791 0.99630 0.08598 -0.00000 -697885.29698 -0.08598 0.99630 0.00000 -3981141.13195 0.00000 -0.00000 1.00000 0.00000
1561000519946740 0.99970 0.02443 -0.00000 -451251.31143 -0.02443 0.99970 0.00000 -4016578.40688 0.00000 -0.00000 1.00000 0.00000
1561000520194963 0.99947 -0.03251 -0.00000 -221890.33645 0.03251 0.99947 0.00000 -4035752.13090 0.00000 -0.00000 1.00000 0.00000
1561000520443529 0.99580 -0.09152 -0.00000 16964.07160 0.09152 0.99580 0.00000 -4041811.85151 0.00000 -0.00000 1.00000 0.00000
1561000520692718 0.98911 -0.14717 -0.00000 243408.65034 0.14717 0.98911 0.00000 -4034511.46303 0.00000 -0.00000 1.00000 0.00000
1561000520941216 0.98032 -0.19740 -0.00000 448755.12540 0.19740 0.98032 0.00000 -4016858.04097 0.00000 -0.00000 1.00000 0.00000
1561000521190042 0.97024 -0.24215 -0.00000 632520.26703 0.24215 0.97024 0.00000 -3992047.89982 0.00000 -0.00000 1.00000 0.00000
1561000521438428 0.95855 -0.28491 -0.00000 808784.04066 0.28491 0.95855 0.00000 -3960100.35437 0.00000 -0.00000 1.00000 0.00000
1561000521686973 0.94522 -0.32644 -0.00000 980722.61428 0.32644 0.94522 0.00000 -3921059.44566 0.00000 -0.00000 1.00000 0.00000
1561000521936232 0.93060 -0.36605 -0.00000 1145362.29503 0.36605 0.93060 0.00000 -3876166.43398 0.00000 -0.00000 1.00000 0.00000
1561000522184825 0.91456 -0.40444 -0.00000 1305609.99224 0.40444 0.91456 0.00000 -3825166.66030 0.00000 -0.00000 1.00000 0.00000
1561000522434006 0.89757 -0.44087 -0.00000 1458285.30961 0.44087 0.89757 0.00000 -3769604.38383 0.00000 -0.00000 1.00000 0.00000
1561000522682510 0.88011 -0.47478 -0.00000 1600955.31109 0.47478 0.88011 0.00000 -3711259.97098 0.00000 -0.00000 1.00000 0.00000
1561000522930740 0.86093 -0.50873 -0.00000 1744428.48133 0.50873 0.86093 0.00000 -3646021.44660 0.00000 -0.00000 1.00000 0.00000
1561000523179422 0.84052 -0.54178 -0.00000 1884719.66182 0.54178 0.84052 0.00000 -3575517.99739 0.00000 -0.00000 1.00000 0.00000
1561000523427524 0.81794 -0.57530 -0.00000 2027665.10286 0.57530 0.81794 0.00000 -3496436.03327 0.00000 -0.00000 1.00000 0.00000
1561000523677368 0.79705 -0.60391 -0.00000 2150213.02047 0.60391 0.79705 0.00000 -3422435.92277 0.00000 -0.00000 1.00000 0.00000
1561000523925798 0.77888 -0.62717 -0.00000 2250283.86596 0.62717 0.77888 0.00000 -3357483.99341 0.00000 -0.00000 1.00000 0.00000
1561000524172970 0.76393 -0.64529 -0.00000 2328524.78696 0.64529 0.76393 0.00000 -3303701.06987 0.00000 -0.00000 1.00000 0.00000
1561000524421854 0.75372 -0.65720 -0.00000 2380062.29575 0.65720 0.75372 0.00000 -3266766.55795 0.00000 -0.00000 1.00000 0.00000
1561000524670398 0.75008 -0.66135 -0.00000 2398057.45243 0.66135 0.75008 0.00000 -3253578.39433 0.00000 -0.00000 1.00000 0.00000
1561000524918014 0.74809 -0.66359 -0.00000 2407790.34563 0.66359 0.74809 0.00000 -3246380.91596 0.00000 -0.00000 1.00000 0.00000
1561000525167246 0.74669 -0.66518 -0.00000 2414663.93853 0.66518 0.74669 0.00000 -3241270.25704 0.00000 -0.00000 1.00000 0.00000
1561000525415724 0.74742 -0.66435 -0.00000 2411063.55883 0.66435 0.74742 0.00000 -3243947.99968 0.00000 -0.00000 1.00000 0.00000
1561000525663724 0.74706 -0.66476 -0.00000 2412860.01508 0.66476 0.74706 0.00000 -3242610.63620 0.00000 -0.00000 1.00000 0.00000
1561000525913211 0.74670 -0.66516 -0.00000 2414584.27972 0.66516 0.74670 0.00000 -3241325.47105 0.00000 -0.00000 1.00000 0.00000
1561000526163307 0.74744 -0.66433 -0.00000 2410991.38311 0.66433 0.74744 0.00000 -3243997.42484 0.00000 -0.00000 1.00000 0.00000
1561000526414617 0.74886 -0.66272 -0.00000 2404010.72288 0.66272 0.74886 0.00000 -3249172.46620 0.00000 -0.00000 1.00000 0.00000
1561000526665710 0.75056 -0.66080 -0.00000 2395678.67324 0.66080 0.75056 0.00000 -3255319.24055 0.00000 -0.00000 1.00000 0.00000
1561000526916227 0.75227 -0.65886 -0.00000 2387234.85044 0.65886 0.75227 0.00000 -3261514.94566 0.00000 -0.00000 1.00000 0.00000
1561000527166829 0.75311 -0.65789 -0.00000 2383050.88480 0.65789 0.75311 0.00000 -3264571.73665 0.00000 -0.00000 1.00000 0.00000
1561000527417714 0.75317 -0.65783 -0.00000 2382773.53842 0.65783 0.75317 0.00000 -3264772.64527 0.00000 -0.00000 1.00000 0.00000
1561000527668435 0.75313 -0.65788 -0.00000 2382978.89905 0.65788 0.75313 0.00000 -3264621.20413 0.00000 -0.00000 1.00000 0.00000
1561000527918860 0.75338 -0.65759 -0.00000 2381729.79559 0.65759 0.75338 0.00000 -3265531.03855 0.00000 -0.00000 1.00000 0.00000
1561000528169999 0.75297 -0.65806 -0.00000 2383762.06283 0.65806 0.75297 0.00000 -3264046.22362 0.00000 -0.00000 1.00000 0.00000
1561000528420228 0.75182 -0.65936 -0.00000 2389421.16182 0.65936 0.75182 0.00000 -3259904.17409 0.00000 -0.00000 1.00000 0.00000
1561000528670614 0.75127 -0.66000 -0.00000 2392168.26081 0.66000 0.75127 0.00000 -3257887.18667 0.00000 -0.00000 1.00000 0.00000
1561000528921762 0.75099 -0.66031 -0.00000 2393518.12875 0.66031 0.75099 0.00000 -3256893.90526 0.00000 -0.00000 1.00000 0.00000
1561000529172457 0.75119 -0.66008 -0.00000 2392538.47338 0.66008 0.75119 0.00000 -3257611.93296 0.00000 -0.00000 1.00000 0.00000
1561000529422664 0.75150 -0.65973 -0.00000 2391001.29673 0.65973 0.75150 0.00000 -3258738.63833 0.00000 -0.00000 1.00000 0.00000
