1. 0. 0. 0. 0. -1. -0. 0. 0. 0. -1. 0.
1. -0.003 -0. 0.033 -0.003 -1. -0. 0.013 0. 0. -1. 0.
1. -0.005 -0. 0.022 -0.005 -1. -0. -0.046 0. 0. -1. 0.
1. -0.001 -0. 0.014 -0.001 -1. -0. 0.004 0. 0. -1. 0.
1. -0.002 -0. 0.020 -0.002 -1. -0. -0.009 0. 0. -1. 0.
1. 0.002 0. 0.001 0.002 -1. -0. -0.055 0. 0. -1. 0.
1. 0.002 0. 0.026 0.002 -1. -0. -0.054 0. 0. -1. 0.
1. -0.005 -0. 0.009 -0.005 -1. -0. -0.021 0. 0. -1. 0.
1. 0.002 0. 0.011 0.002 -1. -0. -0.061 0. 0. -1. 0.
1. -0.003 -0. 0.008 -0.003 -1. -0. 0.009 0. 0. -1. 0.
1. -0.000 -0. 0.011 -0.000 -1. -0. -0.033 0. 0. -1. 0.
1. 0.003 0. 0.019 0.003 -1. -0. -0.040 0. 0. -1. 0.
1. -0.002 -0. 0.017 -0.002 -1. -0. 0.007 0. 0. -1. 0.
1. -0.002 -0. 0.004 -0.002 -1. -0. 0.000 0. 0. -1. 0.
1. -0.002 -0. 0.019 -0.002 -1. -0. -0.060 0. 0. -1. 0.
1. 0.003 0. 0.002 0.003 -1. -0. -0.027 0. 0. -1. 0.
1. 0.003 0. 0.029 0.003 -1. -0. -0.064 0. 0. -1. 0.
1. 0. 0. 0.027 0. -1. -0. -0.048 0. 0. -1. 0.
1. -0.007 -0. 0.046 -0.007 -1. -0. -0.000 0. 0. -1. 0.
1. -0.004 -0. 0.052 -0.004 -1. -0. -0.075 0. 0. -1. 0.
1. -0.004 -0. 0.142 -0.004 -1. -0. -0.020 0. 0. -1. 0.
1.000 -0.018 -0. 0.156 -0.018 -1.000 -0. -0.109 0. 0. -1. 0.
1.000 -0.028 -0. 0.299 -0.028 -1.000 -0. -0.094 0. 0. -1. 0.
0.999 -0.039 -0. 0.511 -0.039 -0.999 -0. -0.137 0. 0. -1. 0.
0.998 -0.069 -0. 0.732 -0.069 -0.998 -0. -0.176 0. 0. -1. 0.
0.994 -0.111 -0. 0.995 -0.111 -0.994 -0. -0.157 0. 0. -1. 0.
0.990 -0.142 -0. 1.285 -0.142 -0.990 -0. -0.292 0. 0. -1. 0.
0.984 -0.175 -0. 1.718 -0.175 -0.984 -0. -0.304 0. 0. -1. 0.
0.977 -0.212 -0. 2.174 -0.212 -0.977 -0. -0.403 0. 0. -1. 0.
0.973 -0.229 -0. 2.647 -0.229 -0.973 -0. -0.619 0. 0. -1. 0.
0.969 -0.245 -0. 3.150 -0.245 -0.969 -0. -0.750 0. 0. -1. 0.
0.968 -0.251 -0. 3.681 -0.251 -0.968 -0. -0.835 0. 0. -1. 0.
0.969 -0.248 -0. 4.294 -0.248 -0.969 -0. -1.034 0. 0. -1. 0.
0.967 -0.254 -0. 4.977 -0.254 -0.967 -0. -1.182 0. 0. -1. 0.
0.968 -0.250 -0. 5.648 -0.250 -0.968 -0. -1.366 0. 0. -1. 0.
0.968 -0.250 -0. 6.356 -0.250 -0.968 -0. -1.566 0. 0. -1. 0.
0.972 -0.233 -0. 7.096 -0.233 -0.972 -0. -1.851 0. 0. -1. 0.
0.974 -0.226 -0. 7.909 -0.226 -0.974 -0. -2.003 0. 0. -1. 0.
0.975 -0.224 -0. 8.771 -0.224 -0.975 -0. -2.190 0. 0. -1. 0.
0.977 -0.212 -0. 9.561 -0.212 -0.977 -0. -2.465 0. 0. -1. 0.
0.978 -0.208 -0. 10.428 -0.208 -0.978 -0. -2.577 0. 0. -1. 0.
0.979 -0.203 -0. 11.332 -0.203 -0.979 -0. -2.703 0. 0. -1. 0.
0.980 -0.198 -0. 12.203 -0.198 -0.980 -0. -2.967 0. 0. -1. 0.
0.980 -0.198 -0. 13.120 -0.198 -0.980 -0. -3.080 0. 0. -1. 0.
0.981 -0.196 -0. 14.094 -0.196 -0.981 -0. -3.379 0. 0. -1. 0.
0.983 -0.185 -0. 15.019 -0.185 -0.983 -0. -3.508 0. 0. -1. 0.
0.985 -0.172 -0. 16.003 -0.172 -0.985 -0. -3.848 0. 0. -1. 0.
0.987 -0.161 -0. 17.079 -0.161 -0.987 -0. -3.856 0. 0. -1. 0.
0.988 -0.153 -0. 18.063 -0.153 -0.988 -0. -4.092 0. 0. -1. 0.
0.990 -0.143 -0. 19.024 -0.143 -0.990 -0. -4.352 0. 0. -1. 0.
0.992 -0.126 -0. 19.979 -0.126 -0.992 -0. -4.494 0. 0. -1. 0.
0.992 -0.128 -0. 21.027 -0.128 -0.992 -0. -4.517 0. 0. -1. 0.
0.993 -0.120 -0. 21.849 -0.120 -0.993 -0. -4.786 0. 0. -1. 0.
0.994 -0.106 -0. 22.813 -0.106 -0.994 -0. -4.859 0. 0. -1. 0.
0.995 -0.098 -0. 23.744 -0.098 -0.995 -0. -4.946 0. 0. -1. 0.
0.995 -0.100 -0. 24.668 -0.100 -0.995 -0. -5.006 0. 0. -1. 0.
0.996 -0.091 -0. 25.684 -0.091 -0.996 -0. -5.074 0. 0. -1. 0.
0.997 -0.083 -0. 26.703 -0.083 -0.997 -0. -5.229 0. 0. -1. 0.
0.997 -0.082 -0. 27.655 -0.082 -0.997 -0. -5.289 0. 0. -1. 0.
0.996 -0.084 -0. 28.701 -0.084 -0.996 -0. -5.251 0. 0. -1. 0.
0.996 -0.086 -0. 29.703 -0.086 -0.996 -0. -5.453 0. 0. -1. 0.
0.997 -0.083 -0. 30.674 -0.083 -0.997 -0. -5.626 0. 0. -1. 0.
0.996 -0.085 -0. 31.680 -0.085 -0.996 -0. -5.673 0. 0. -1. 0.
0.996 -0.086 -0. 32.636 -0.086 -0.996 -0. -5.853 0. 0. -1. 0.
0.996 -0.087 -0. 33.497 -0.087 -0.996 -0. -5.917 0. 0. -1. 0.
0.996 -0.087 -0. 34.434 -0.087 -0.996 -0. -5.974 0. 0. -1. 0.
0.997 -0.083 -0. 35.407 -0.083 -0.997 -0. -6.090 0. 0. -1. 0.
0.996 -0.087 -0. 36.322 -0.087 -0.996 -0. -6.252 0. 0. -1. 0.
0.996 -0.087 -0. 37.085 -0.087 -0.996 -0. -6.243 0. 0. -1. 0.
0.996 -0.085 -0. 37.902 -0.085 -0.996 -0. -6.414 0. 0. -1. 0.
0.996 -0.087 -0. 38.842 -0.087 -0.996 -0. -6.527 0. 0. -1. 0.
0.996 -0.092 -0. 39.691 -0.092 -0.996 -0. -6.548 0. 0. -1. 0.
0.996 -0.094 -0. 40.662 -0.094 -0.996 -0. -6.620 0. 0. -1. 0.
0.996 -0.092 -0. 41.530 -0.092 -0.996 -0. -6.890 0. 0. -1. 0.
0.995 -0.102 -0. 42.384 -0.102 -0.995 -0. -6.877 0. 0. -1. 0.
0.995 -0.099 -0. 43.229 -0.099 -0.995 -0. -6.964 0. 0. -1. 0.
0.995 -0.095 -0. 44.123 -0.095 -0.995 -0. -7.172 0. 0. -1. 0.
0.995 -0.099 -0. 45.119 -0.099 -0.995 -0. -7.189 0. 0. -1. 0.
0.995 -0.103 -0. 46.030 -0.103 -0.995 -0. -7.297 0. 0. -1. 0.
0.995 -0.101 -0. 46.947 -0.101 -0.995 -0. -7.519 0. 0. -1. 0.
0.994 -0.108 -0. 47.923 -0.108 -0.994 -0. -7.486 0. 0. -1. 0.
0.994 -0.111 -0. 48.886 -0.111 -0.994 -0. -7.624 0. 0. -1. 0.
0.993 -0.117 -0. 49.826 -0.117 -0.993 -0. -7.819 0. 0. -1. 0.
0.992 -0.126 -0. 50.786 -0.126 -0.992 -0. -7.896 0. 0. -1. 0.
0.992 -0.127 -0. 51.661 -0.127 -0.992 -0. -8.141 0. 0. -1. 0.
0.991 -0.132 -0. 52.568 -0.132 -0.991 -0. -8.298 0. 0. -1. 0.
0.991 -0.134 -0. 53.400 -0.134 -0.991 -0. -8.399 0. 0. -1. 0.
0.991 -0.136 -0. 54.174 -0.136 -0.991 -0. -8.472 0. 0. -1. 0.
0.993 -0.122 -0. 54.994 -0.122 -0.993 -0. -8.591 0. 0. -1. 0.
0.993 -0.119 -0. 55.683 -0.119 -0.993 -0. -8.720 0. 0. -1. 0.
0.993 -0.118 -0. 56.476 -0.118 -0.993 -0. -8.835 0. 0. -1. 0.
0.994 -0.114 -0. 57.133 -0.114 -0.994 -0. -8.963 0. 0. -1. 0.
0.995 -0.104 -0. 57.931 -0.104 -0.995 -0. -9.023 0. 0. -1. 0.
0.996 -0.091 -0. 58.643 -0.091 -0.996 -0. -9.056 0. 0. -1. 0.
0.997 -0.076 -0. 59.407 -0.076 -0.997 -0. -9.221 0. 0. -1. 0.
0.998 -0.059 -0. 60.181 -0.059 -0.998 -0. -9.300 0. 0. -1. 0.
0.999 -0.053 -0. 61.058 -0.053 -0.999 -0. -9.306 0. 0. -1. 0.
0.999 -0.038 -0. 61.987 -0.038 -0.999 -0. -9.341 0. 0. -1. 0.
1.000 -0.027 -0. 63.004 -0.027 -1.000 -0. -9.298 0. 0. -1. 0.
1.000 -0.015 -0. 64.089 -0.015 -1.000 -0. -9.353 0. 0. -1. 0.
1. -0.012 -0. 65.214 -0.012 -1. -0. -9.376 0. 0. -1. 0.
1. 0.001 0. 66.290 0.001 -1. -0. -9.371 0. 0. -1. 0.
1.000 0.018 0. 67.429 0.018 -1.000 -0. -9.494 0. 0. -1. 0.
0.999 0.033 0. 68.600 0.033 -0.999 -0. -9.327 0. 0. -1. 0.
0.999 0.047 0. 69.805 0.047 -0.999 -0. -9.152 0. 0. -1. 0.
0.998 0.056 0. 71.046 0.056 -0.998 -0. -9.136 0. 0. -1. 0.
0.997 0.072 0. 72.221 0.072 -0.997 -0. -9.058 0. 0. -1. 0.
0.996 0.086 0. 73.437 0.086 -0.996 -0. -8.984 0. 0. -1. 0.
0.996 0.093 0. 74.626 0.093 -0.996 -0. -8.917 0. 0. -1. 0.
0.996 0.086 0. 75.884 0.086 -0.996 -0. -8.706 0. 0. -1. 0.
0.996 0.084 0. 77.172 0.084 -0.996 -0. -8.534 0. 0. -1. 0.
0.997 0.076 0. 78.536 0.076 -0.997 -0. -8.448 0. 0. -1. 0.
0.998 0.064 0. 79.917 0.064 -0.998 -0. -8.508 0. 0. -1. 0.
0.999 0.041 0. 81.301 0.041 -0.999 -0. -8.380 0. 0. -1. 0.
1. 0.010 0. 82.763 0.010 -1. -0. -8.459 0. 0. -1. 0.
1.000 -0.023 -0. 84.224 -0.023 -1.000 -0. -8.371 0. 0. -1. 0.
0.999 -0.052 -0. 85.731 -0.052 -0.999 -0. -8.559 0. 0. -1. 0.
0.997 -0.080 -0. 87.280 -0.080 -0.997 -0. -8.713 0. 0. -1. 0.
0.994 -0.111 -0. 88.868 -0.111 -0.994 -0. -8.812 0. 0. -1. 0.
0.990 -0.143 -0. 90.512 -0.143 -0.990 -0. -9.190 0. 0. -1. 0.
0.984 -0.178 -0. 92.063 -0.178 -0.984 -0. -9.396 0. 0. -1. 0.
0.975 -0.221 -0. 93.665 -0.221 -0.975 -0. -9.900 0. 0. -1. 0.
0.961 -0.276 -0. 95.338 -0.276 -0.961 -0. -10.353 0. 0. -1. 0.
0.945 -0.327 -0. 96.818 -0.327 -0.945 -0. -10.929 0. 0. -1. 0.
0.927 -0.374 -0. 98.369 -0.374 -0.927 -0. -11.551 0. 0. -1. 0.
0.904 -0.427 -0. 99.974 -0.427 -0.904 -0. -12.237 0. 0. -1. 0.
0.884 -0.467 -0. 101.338 -0.467 -0.884 -0. -13.090 0. 0. -1. 0.
0.856 -0.518 -0. 102.828 -0.518 -0.856 -0. -13.876 0. 0. -1. 0.
0.829 -0.559 -0. 104.200 -0.559 -0.829 -0. -14.804 0. 0. -1. 0.
0.795 -0.606 -0. 105.546 -0.606 -0.795 -0. -15.859 0. 0. -1. 0.
0.749 -0.663 -0. 106.890 -0.663 -0.749 -0. -16.898 0. 0. -1. 0.
0.700 -0.714 -0. 107.974 -0.714 -0.700 -0. -18.132 0. 0. -1. 0.
0.646 -0.763 -0. 109.054 -0.763 -0.646 -0. -19.466 0. 0. -1. 0.
0.591 -0.807 -0. 110.092 -0.807 -0.591 -0. -20.852 0. 0. -1. 0.
0.531 -0.848 -0. 110.933 -0.848 -0.531 -0. -22.560 0. 0. -1. 0.
0.472 -0.882 -0. 111.727 -0.882 -0.472 -0. -24.120 0. 0. -1. 0.
0.435 -0.901 -0. 112.492 -0.901 -0.435 -0. -25.871 0. 0. -1. 0.
0.410 -0.912 -0. 113.328 -0.912 -0.410 -0. -27.540 0. 0. -1. 0.
0.379 -0.925 -0. 114.181 -0.925 -0.379 -0. -29.217 0. 0. -1. 0.
0.356 -0.935 -0. 114.966 -0.935 -0.356 -0. -31.130 0. 0. -1. 0.
0.339 -0.941 -0. 115.671 -0.941 -0.339 -0. -33.057 0. 0. -1. 0.
0.326 -0.945 -0. 116.178 -0.945 -0.326 -0. -35.045 0. 0. -1. 0.
0.316 -0.949 -0. 116.830 -0.949 -0.316 -0. -37.025 0. 0. -1. 0.
0.321 -0.947 -0. 117.300 -0.947 -0.321 -0. -38.983 0. 0. -1. 0.
0.334 -0.942 -0. 117.883 -0.942 -0.334 -0. -40.928 0. 0. -1. 0.
0.351 -0.936 -0. 118.689 -0.936 -0.351 -0. -42.873 0. 0. -1. 0.
0.368 -0.930 -0. 119.405 -0.930 -0.368 -0. -44.747 0. 0. -1. 0.
0.390 -0.921 -0. 120.374 -0.921 -0.390 -0. -46.680 0. 0. -1. 0.
0.414 -0.910 -0. 121.049 -0.910 -0.414 -0. -48.541 0. 0. -1. 0.
0.430 -0.903 -0. 121.908 -0.903 -0.430 -0. -50.381 0. 0. -1. 0.
0.449 -0.893 -0. 122.759 -0.893 -0.449 -0. -52.150 0. 0. -1. 0.
0.467 -0.885 -0. 123.515 -0.885 -0.467 -0. -53.989 0. 0. -1. 0.
0.484 -0.875 -0. 124.607 -0.875 -0.484 -0. -55.691 0. 0. -1. 0.
0.506 -0.863 -0. 125.511 -0.863 -0.506 -0. -57.302 0. 0. -1. 0.
0.526 -0.851 -0. 126.449 -0.851 -0.526 -0. -59.048 0. 0. -1. 0.
0.542 -0.840 -0. 127.512 -0.840 -0.542 -0. -60.626 0. 0. -1. 0.
0.561 -0.828 -0. 128.448 -0.828 -0.561 -0. -62.243 0. 0. -1. 0.
0.579 -0.816 -0. 129.472 -0.816 -0.579 -0. -63.932 0. 0. -1. 0.
0.592 -0.806 -0. 130.698 -0.806 -0.592 -0. -65.474 0. 0. -1. 0.
0.609 -0.793 -0. 131.975 -0.793 -0.609 -0. -66.751 0. 0. -1. 0.
0.627 -0.779 -0. 133.011 -0.779 -0.627 -0. -68.402 0. 0. -1. 0.
0.645 -0.764 -0. 134.147 -0.764 -0.645 -0. -69.770 0. 0. -1. 0.
0.657 -0.753 -0. 135.327 -0.753 -0.657 -0. -71.237 0. 0. -1. 0.
0.676 -0.737 -0. 136.578 -0.737 -0.676 -0. -72.514 0. 0. -1. 0.
0.688 -0.726 -0. 137.865 -0.726 -0.688 -0. -73.834 0. 0. -1. 0.
0.710 -0.705 -0. 138.967 -0.705 -0.710 -0. -75.127 0. 0. -1. 0.
0.726 -0.688 -0. 140.128 -0.688 -0.726 -0. -76.301 0. 0. -1. 0.
0.746 -0.666 -0. 141.296 -0.666 -0.746 -0. -77.324 0. 0. -1. 0.
0.777 -0.630 -0. 142.513 -0.630 -0.777 -0. -78.230 0. 0. -1. 0.
0.816 -0.578 -0. 143.720 -0.578 -0.816 -0. -78.998 0. 0. -1. 0.
0.859 -0.513 -0. 144.739 -0.513 -0.859 -0. -79.808 0. 0. -1. 0.
0.904 -0.427 -0. 145.858 -0.427 -0.904 -0. -80.374 0. 0. -1. 0.
0.945 -0.328 -0. 146.914 -0.328 -0.945 -0. -80.759 0. 0. -1. 0.
0.973 -0.232 -0. 147.901 -0.232 -0.973 -0. -80.924 0. 0. -1. 0.
0.994 -0.110 -0. 148.811 -0.110 -0.994 -0. -80.983 0. 0. -1. 0.
1.000 0.018 0. 149.746 0.018 -1.000 -0. -80.868 0. 0. -1. 0.
0.988 0.154 0. 150.480 0.154 -0.988 -0. -80.848 0. 0. -1. 0.
0.957 0.291 0. 151.173 0.291 -0.957 -0. -80.567 0. 0. -1. 0.
0.901 0.433 0. 151.935 0.433 -0.901 -0. -80.142 0. 0. -1. 0.
0.819 0.574 0. 152.496 0.574 -0.819 -0. -79.754 0. 0. -1. 0.
0.717 0.697 0. 152.980 0.697 -0.717 -0. -79.120 0. 0. -1. 0.
0.598 0.802 0. 153.349 0.802 -0.598 -0. -78.476 0. 0. -1. 0.
0.458 0.889 0. 153.658 0.889 -0.458 -0. -77.872 0. 0. -1. 0.
0.313 0.950 0. 153.784 0.950 -0.313 -0. -77.166 0. 0. -1. 0.
0.157 0.988 0. 153.824 0.988 -0.157 -0. -76.420 0. 0. -1. 0.
-0.021 1.000 0. 153.789 1.000 0.021 0. -75.743 0. 0. -1. 0.
-0.190 0.982 0. 153.604 0.982 0.190 0. -75.000 0. 0. -1. 0.
-0.363 0.932 0. 153.235 0.932 0.363 0. -74.286 0. 0. -1. 0.
-0.521 0.854 0. 152.815 0.854 0.521 0. -73.475 0. 0. -1. 0.
-0.646 0.763 0. 152.051 0.763 0.646 0. -72.650 0. 0. -1. 0.
-0.748 0.663 0. 151.252 0.663 0.748 0. -71.992 0. 0. -1. 0.
-0.823 0.567 0. 150.221 0.567 0.823 0. -71.363 0. 0. -1. 0.
-0.874 0.485 0. 149.373 0.485 0.874 0. -70.767 0. 0. -1. 0.
-0.907 0.421 0. 148.061 0.421 0.907 0. -70.293 0. 0. -1. 0.
-0.927 0.375 0. 146.893 0.375 0.927 0. -69.739 0. 0. -1. 0.
-0.938 0.348 0. 145.581 0.348 0.938 0. -69.383 0. 0. -1. 0.
-0.941 0.339 0. 144.360 0.339 0.941 0. -68.888 0. 0. -1. 0.
-0.941 0.338 0. 142.962 0.338 0.941 0. -68.455 0. 0. -1. 0.
-0.935 0.355 0. 141.479 0.355 0.935 0. -67.906 0. 0. -1. 0.
-0.926 0.377 0. 140.216 0.377 0.926 0. -67.330 0. 0. -1. 0.
-0.913 0.408 0. 138.764 0.408 0.913 0. -66.657 0. 0. -1. 0.
-0.893 0.450 0. 137.378 0.450 0.893 0. -66.001 0. 0. -1. 0.
-0.870 0.494 0. 135.941 0.494 0.870 0. -65.204 0. 0. -1. 0.
-0.845 0.535 0. 134.629 0.535 0.845 0. -64.162 0. 0. -1. 0.
-0.819 0.574 0. 133.324 0.574 0.819 0. -63.283 0. 0. -1. 0.
-0.787 0.617 0. 131.893 0.617 0.787 0. -62.088 0. 0. -1. 0.
-0.755 0.656 0. 130.737 0.656 0.755 0. -60.986 0. 0. -1. 0.
-0.717 0.697 0. 129.508 0.697 0.717 0. -59.787 0. 0. -1. 0.
-0.682 0.731 0. 128.389 0.731 0.682 0. -58.497 0. 0. -1. 0.
-0.636 0.771 0. 127.222 0.771 0.636 0. -57.174 0. 0. -1. 0.
-0.600 0.800 0. 126.174 0.800 0.600 0. -55.755 0. 0. -1. 0.
-0.562 0.827 0. 125.166 0.827 0.562 0. -54.254 0. 0. -1. 0.
-0.525 0.851 0. 124.270 0.851 0.525 0. -52.713 0. 0. -1. 0.
-0.482 0.876 0. 123.408 0.876 0.482 0. -51.308 0. 0. -1. 0.
-0.450 0.893 0. 122.682 0.893 0.450 0. -49.729 0. 0. -1. 0.
-0.411 0.912 0. 121.950 0.912 0.411 0. -48.140 0. 0. -1. 0.
-0.394 0.919 0. 121.310 0.919 0.394 0. -46.539 0. 0. -1. 0.
-0.359 0.933 0. 120.800 0.933 0.359 0. -44.940 0. 0. -1. 0.
-0.349 0.937 0. 120.264 0.937 0.349 0. -43.357 0. 0. -1. 0.
-0.332 0.943 0. 119.794 0.943 0.332 0. -41.749 0. 0. -1. 0.
-0.326 0.946 0. 119.235 0.946 0.326 0. -40.243 0. 0. -1. 0.
-0.322 0.947 0. 118.698 0.947 0.322 0. -38.712 0. 0. -1. 0.
-0.321 0.947 0. 118.416 0.947 0.321 0. -37.134 0. 0. -1. 0.
-0.324 0.946 0. 117.927 0.946 0.324 0. -35.546 0. 0. -1. 0.
-0.326 0.945 0. 117.466 0.945 0.326 0. -34.040 0. 0. -1. 0.
-0.335 0.942 0. 116.813 0.942 0.335 0. -32.519 0. 0. -1. 0.
-0.341 0.940 0. 116.470 0.940 0.341 0. -30.963 0. 0. -1. 0.
-0.346 0.938 0. 115.691 0.938 0.346 0. -29.479 0. 0. -1. 0.
-0.363 0.932 0. 115.082 0.932 0.363 0. -28.038 0. 0. -1. 0.
-0.384 0.923 0. 114.610 0.923 0.384 0. -26.488 0. 0. -1. 0.
-0.410 0.912 0. 113.982 0.912 0.410 0. -25.051 0. 0. -1. 0.
-0.446 0.895 0. 113.236 0.895 0.446 0. -23.593 0. 0. -1. 0.
-0.482 0.876 0. 112.579 0.876 0.482 0. -22.230 0. 0. -1. 0.
-0.527 0.850 0. 111.723 0.850 0.527 0. -20.903 0. 0. -1. 0.
-0.575 0.818 0. 110.991 0.818 0.575 0. -19.539 0. 0. -1. 0.
-0.628 0.779 0. 110.152 0.779 0.628 0. -18.318 0. 0. -1. 0.
-0.678 0.736 0. 109.054 0.736 0.678 0. -17.314 0. 0. -1. 0.
-0.731 0.682 0. 107.970 0.682 0.731 0. -16.327 0. 0. -1. 0.
-0.774 0.633 0. 106.697 0.633 0.774 0. -15.311 0. 0. -1. 0.
-0.812 0.584 0. 105.502 0.584 0.812 0. -14.436 0. 0. -1. 0.
-0.843 0.538 0. 104.270 0.538 0.843 0. -13.678 0. 0. -1. 0.
-0.870 0.493 0. 103.004 0.493 0.870 0. -12.849 0. 0. -1. 0.
-0.894 0.447 0. 101.743 0.447 0.894 0. -12.138 0. 0. -1. 0.
-0.916 0.402 0. 100.425 0.402 0.916 0. -11.444 0. 0. -1. 0.
-0.934 0.358 0. 98.914 0.358 0.934 0. -10.994 0. 0. -1. 0.
-0.950 0.312 0. 97.585 0.312 0.950 0. -10.553 0. 0. -1. 0.
-0.964 0.264 0. 96.151 0.264 0.964 0. -10.102 0. 0. -1. 0.
-0.976 0.219 0. 94.691 0.219 0.976 0. -9.869 0. 0. -1. 0.
-0.985 0.171 0. 93.299 0.171 0.985 0. -9.551 0. 0. -1. 0.
-0.992 0.124 0. 91.798 0.124 0.992 0. -9.326 0. 0. -1. 0.
-0.997 0.081 0. 90.322 0.081 0.997 0. -9.164 0. 0. -1. 0.
-0.999 0.044 0. 88.902 0.044 0.999 0. -9.205 0. 0. -1. 0.
-1. 0.011 0. 87.237 0.011 1. 0. -9.178 0. 0. -1. 0.
-1. -0.010 -0. 85.934 -0.010 1. 0. -9.221 0. 0. -1. 0.
-1.000 -0.025 -0. 84.559 -0.025 1.000 0. -9.289 0. 0. -1. 0.
-1.000 -0.029 -0. 83.209 -0.029 1.000 0. -9.247 0. 0. -1. 0.
-0.999 -0.033 -0. 81.680 -0.033 0.999 0. -9.321 0. 0. -1. 0.
-0.999 -0.038 -0. 80.216 -0.038 0.999 0. -9.278 0. 0. -1. 0.
-0.999 -0.044 -0. 78.747 -0.044 0.999 0. -9.388 0. 0. -1. 0.
-0.999 -0.043 -0. 77.386 -0.043 0.999 0. -9.359 0. 0. -1. 0.
-0.999 -0.038 -0. 76.015 -0.038 0.999 0. -9.506 0. 0. -1. 0.
-0.999 -0.032 -0. 74.785 -0.032 0.999 0. -9.472 0. 0. -1. 0.
-1.000 -0.018 -0. 73.702 -0.018 1.000 0. -9.511 0. 0. -1. 0.
-1. -0.013 -0. 72.661 -0.013 1. 0. -9.467 0. 0. -1. 0.
-1. -0.009 -0. 71.668 -0.009 1. 0. -9.497 0. 0. -1. 0.
-1. -0.007 -0. 70.747 -0.007 1. 0. -9.421 0. 0. -1. 0.
-1. -0.004 -0. 69.812 -0.004 1. 0. -9.460 0. 0. -1. 0.
-1. -0.005 -0. 69.019 -0.005 1. 0. -9.382 0. 0. -1. 0.
-1. 0.001 0. 68.185 0.001 1. 0. -9.488 0. 0. -1. 0.
-1. 0.001 0. 67.297 0.001 1. 0. -9.580 0. 0. -1. 0.
-1. 0.010 0. 66.548 0.010 1. 0. -9.488 0. 0. -1. 0.
-1. 0.013 0. 65.700 0.013 1. 0. -9.451 0. 0. -1. 0.
-1.000 0.020 0. 65.024 0.020 1.000 0. -9.519 0. 0. -1. 0.
-1.000 0.026 0. 64.182 0.026 1.000 0. -9.327 0. 0. -1. 0.
-1.000 0.025 0. 63.441 0.025 1.000 0. -9.361 0. 0. -1. 0.
-0.999 0.036 0. 62.720 0.036 0.999 0. -9.347 0. 0. -1. 0.
-0.999 0.039 0. 61.940 0.039 0.999 0. -9.236 0. 0. -1. 0.
-0.999 0.049 0. 61.165 0.049 0.999 0. -9.194 0. 0. -1. 0.
-0.998 0.057 0. 60.323 0.057 0.998 0. -9.088 0. 0. -1. 0.
-0.997 0.078 0. 59.411 0.078 0.997 0. -9.069 0. 0. -1. 0.
-0.995 0.096 0. 58.499 0.096 0.995 0. -8.932 0. 0. -1. 0.
-0.993 0.118 0. 57.446 0.118 0.993 0. -8.773 0. 0. -1. 0.
-0.993 0.118 0. 56.358 0.118 0.993 0. -8.582 0. 0. -1. 0.
-0.992 0.124 0. 55.127 0.124 0.992 0. -8.432 0. 0. -1. 0.
-0.992 0.128 0. 53.906 0.128 0.992 0. -8.279 0. 0. -1. 0.
-0.993 0.118 0. 52.622 0.118 0.993 0. -8.003 0. 0. -1. 0.
-0.993 0.115 0. 51.249 0.115 0.993 0. -7.902 0. 0. -1. 0.
-0.994 0.111 0. 49.949 0.111 0.994 0. -7.798 0. 0. -1. 0.
-0.995 0.098 0. 48.465 0.098 0.995 0. -7.509 0. 0. -1. 0.
-0.996 0.090 0. 47.007 0.090 0.996 0. -7.361 0. 0. -1. 0.
-0.997 0.083 0. 45.465 0.083 0.997 0. -7.258 0. 0. -1. 0.
-0.996 0.090 0. 43.957 0.090 0.996 0. -7.174 0. 0. -1. 0.
-0.996 0.094 0. 42.439 0.094 0.996 0. -6.932 0. 0. -1. 0.
-0.994 0.106 0. 40.802 0.106 0.994 0. -6.831 0. 0. -1. 0.
-0.993 0.116 0. 39.216 0.116 0.993 0. -6.474 0. 0. -1. 0.
-0.992 0.126 0. 37.596 0.126 0.992 0. -6.296 0. 0. -1. 0.
-0.992 0.129 0. 36.010 0.129 0.992 0. -6.023 0. 0. -1. 0.
-0.991 0.137 0. 34.293 0.137 0.991 0. -5.781 0. 0. -1. 0.
-0.990 0.141 0. 32.615 0.141 0.990 0. -5.353 0. 0. -1. 0.
-0.990 0.139 0. 31.038 0.139 0.990 0. -5.222 0. 0. -1. 0.
-0.991 0.132 0. 29.372 0.132 0.991 0. -4.872 0. 0. -1. 0.
-0.993 0.117 0. 27.618 0.117 0.993 0. -4.635 0. 0. -1. 0.
-0.993 0.114 0. 25.879 0.114 0.993 0. -4.475 0. 0. -1. 0.
-0.993 0.116 0. 24.161 0.116 0.993 0. -4.199 0. 0. -1. 0.
-0.993 0.116 0. 22.439 0.116 0.993 0. -3.961 0. 0. -1. 0.
-0.993 0.115 0. 20.727 0.115 0.993 0. -3.616 0. 0. -1. 0.
-0.994 0.113 0. 18.934 0.113 0.994 0. -3.484 0. 0. -1. 0.
-0.994 0.112 0. 17.389 0.112 0.994 0. -3.260 0. 0. -1. 0.
-0.993 0.121 0. 15.726 0.121 0.993 0. -3.126 0. 0. -1. 0.
-0.993 0.115 0. 14.252 0.115 0.993 0. -2.940 0. 0. -1. 0.
-0.994 0.113 0. 12.713 0.113 0.994 0. -2.751 0. 0. -1. 0.
-0.994 0.113 0. 11.198 0.113 0.994 0. -2.588 0. 0. -1. 0.
-0.994 0.110 0. 9.753 0.110 0.994 0. -2.436 0. 0. -1. 0.
-0.993 0.121 0. 8.306 0.121 0.993 0. -2.161 0. 0. -1. 0.
-0.994 0.111 0. 6.853 0.111 0.994 0. -2.076 0. 0. -1. 0.
-0.995 0.104 0. 5.466 0.104 0.995 0. -1.786 0. 0. -1. 0.
-0.994 0.105 0. 4.105 0.105 0.994 0. -1.656 0. 0. -1. 0.
-0.994 0.111 0. 2.671 0.111 0.994 0. -1.382 0. 0. -1. 0.
-0.993 0.115 0. 1.305 0.115 0.993 0. -1.268 0. 0. -1. 0.
-0.994 0.109 0. -0.016 0.109 0.994 0. -1.072 0. 0. -1. 0.
-0.994 0.108 0. -1.391 0.108 0.994 0. -0.973 0. 0. -1. 0.
-0.995 0.103 0. -2.783 0.103 0.995 0. -0.737 0. 0. -1. 0.
-0.995 0.100 0. -4.164 0.100 0.995 0. -0.584 0. 0. -1. 0.
-0.995 0.099 0. -5.670 0.099 0.995 0. -0.530 0. 0. -1. 0.
-0.995 0.098 0. -7.173 0.098 0.995 0. -0.298 0. 0. -1. 0.
-0.996 0.091 0. -8.677 0.091 0.996 0. -0.195 0. 0. -1. 0.
-0.996 0.085 0. -10.331 0.085 0.996 0. -0.012 0. 0. -1. 0.
-0.996 0.090 0. -11.975 0.090 0.996 0. 0.079 0. 0. -1. 0.
-0.996 0.092 0. -13.589 0.092 0.996 0. 0.333 0. 0. -1. 0.
-0.996 0.091 0. -15.295 0.091 0.996 0. 0.597 0. 0. -1. 0.
-0.997 0.083 0. -17.028 0.083 0.997 0. 0.743 0. 0. -1. 0.
-0.996 0.087 0. -18.810 0.087 0.996 0. 0.806 0. 0. -1. 0.
-0.997 0.083 0. -20.582 0.083 0.997 0. 0.927 0. 0. -1. 0.
-0.997 0.074 0. -22.421 0.074 0.997 0. 1.134 0. 0. -1. 0.
-0.997 0.073 0. -24.293 0.073 0.997 0. 1.281 0. 0. -1. 0.
-0.998 0.062 0. -26.258 0.062 0.998 0. 1.449 0. 0. -1. 0.
-0.999 0.052 0. -28.150 0.052 0.999 0. 1.519 0. 0. -1. 0.
-0.999 0.048 0. -30.041 0.048 0.999 0. 1.624 0. 0. -1. 0.
-0.999 0.050 0. -32.090 0.050 0.999 0. 1.626 0. 0. -1. 0.
-0.999 0.049 0. -34.007 0.049 0.999 0. 1.841 0. 0. -1. 0.
-0.999 0.047 0. -35.968 0.047 0.999 0. 1.897 0. 0. -1. 0.
-0.999 0.048 0. -37.909 0.048 0.999 0. 2.009 0. 0. -1. 0.
-0.999 0.041 0. -39.872 0.041 0.999 0. 2.214 0. 0. -1. 0.
-0.999 0.044 0. -41.771 0.044 0.999 0. 2.328 0. 0. -1. 0.
-1.000 0.030 0. -43.705 0.030 1.000 0. 2.432 0. 0. -1. 0.
-1.000 0.024 0. -45.390 0.024 1.000 0. 2.421 0. 0. -1. 0.
-1.000 0.019 0. -47.374 0.019 1.000 0. 2.619 0. 0. -1. 0.
-1. 0.013 0. -49.222 0.013 1. 0. 2.653 0. 0. -1. 0.
-1.000 0.019 0. -50.945 0.019 1.000 0. 2.621 0. 0. -1. 0.
-1.000 0.018 0. -52.596 0.018 1.000 0. 2.753 0. 0. -1. 0.
-1.000 0.030 0. -54.219 0.030 1.000 0. 2.861 0. 0. -1. 0.
-0.999 0.050 0. -55.785 0.050 0.999 0. 2.967 0. 0. -1. 0.
-0.997 0.081 0. -57.166 0.081 0.997 0. 3.027 0. 0. -1. 0.
-0.994 0.113 0. -58.562 0.113 0.994 0. 3.275 0. 0. -1. 0.
-0.987 0.159 0. -59.821 0.159 0.987 0. 3.380 0. 0. -1. 0.
-0.978 0.209 0. -60.916 0.209 0.978 0. 3.830 0. 0. -1. 0.
-0.963 0.270 0. -62.009 0.270 0.963 0. 4.153 0. 0. -1. 0.
-0.942 0.335 0. -63.071 0.335 0.942 0. 4.462 0. 0. -1. 0.
-0.914 0.406 0. -64.056 0.406 0.914 0. 4.953 0. 0. -1. 0.
-0.864 0.504 0. -65.027 0.504 0.864 0. 5.502 0. 0. -1. 0.
-0.802 0.598 0. -65.843 0.598 0.802 0. 6.202 0. 0. -1. 0.
-0.725 0.688 0. -66.545 0.688 0.725 0. 6.949 0. 0. -1. 0.
-0.637 0.771 0. -67.198 0.771 0.637 0. 7.788 0. 0. -1. 0.
-0.544 0.839 0. -67.726 0.839 0.544 0. 8.713 0. 0. -1. 0.
-0.442 0.897 0. -68.189 0.897 0.442 0. 9.847 0. 0. -1. 0.
-0.326 0.945 0. -68.476 0.945 0.326 0. 10.735 0. 0. -1. 0.
-0.221 0.975 0. -68.795 0.975 0.221 0. 11.892 0. 0. -1. 0.
-0.128 0.992 0. -68.948 0.992 0.128 0. 13.018 0. 0. -1. 0.
-0.074 0.997 0. -68.998 0.997 0.074 0. 14.293 0. 0. -1. 0.
-0.022 1.000 0. -69.016 1.000 0.022 0. 15.564 0. 0. -1. 0.
-0.005 1. 0. -69.095 1. 0.005 0. 16.955 0. 0. -1. 0.
0.003 1. 0. -68.700 1. -0.003 -0. 18.374 0. 0. -1. 0.
0.016 1.000 0. -68.818 1.000 -0.016 -0. 19.849 0. 0. -1. 0.
0.020 1.000 0. -68.667 1.000 -0.020 -0. 21.337 0. 0. -1. 0.
0.034 0.999 0. -68.682 0.999 -0.034 -0. 22.964 0. 0. -1. 0.
0.042 0.999 0. -68.529 0.999 -0.042 -0. 24.603 0. 0. -1. 0.
0.054 0.999 0. -68.454 0.999 -0.054 -0. 26.199 0. 0. -1. 0.
0.063 0.998 0. -68.269 0.998 -0.063 -0. 27.885 0. 0. -1. 0.
0.073 0.997 0. -68.192 0.997 -0.073 -0. 29.559 0. 0. -1. 0.
0.077 0.997 0. -68.139 0.997 -0.077 -0. 31.218 0. 0. -1. 0.
0.082 0.997 0. -67.805 0.997 -0.082 -0. 32.939 0. 0. -1. 0.
0.090 0.996 0. -67.704 0.996 -0.090 -0. 34.647 0. 0. -1. 0.
0.109 0.994 0. -67.536 0.994 -0.109 -0. 36.233 0. 0. -1. 0.
0.125 0.992 0. -67.334 0.992 -0.125 -0. 37.864 0. 0. -1. 0.
0.145 0.989 0. -67.238 0.989 -0.145 -0. 39.595 0. 0. -1. 0.
0.168 0.986 0. -66.879 0.986 -0.168 -0. 41.206 0. 0. -1. 0.
0.194 0.981 0. -66.329 0.981 -0.194 -0. 42.798 0. 0. -1. 0.
0.211 0.977 0. -65.926 0.977 -0.211 -0. 44.352 0. 0. -1. 0.
0.219 0.976 0. -65.437 0.976 -0.219 -0. 45.896 0. 0. -1. 0.
0.216 0.976 0. -65.113 0.976 -0.216 -0. 47.575 0. 0. -1. 0.
0.206 0.979 0. -64.815 0.979 -0.206 -0. 49.108 0. 0. -1. 0.
0.187 0.982 0. -64.472 0.982 -0.187 -0. 50.758 0. 0. -1. 0.
0.173 0.985 0. -64.226 0.985 -0.173 -0. 52.381 0. 0. -1. 0.
0.144 0.990 0. -64.019 0.990 -0.144 -0. 54.138 0. 0. -1. 0.
0.130 0.992 0. -63.671 0.992 -0.130 -0. 55.946 0. 0. -1. 0.
0.114 0.993 0. -63.540 0.993 -0.114 -0. 57.831 0. 0. -1. 0.
0.100 0.995 0. -63.145 0.995 -0.100 -0. 59.588 0. 0. -1. 0.
0.095 0.995 0. -63.007 0.995 -0.095 -0. 61.558 0. 0. -1. 0.
0.090 0.996 0. -62.745 0.996 -0.090 -0. 63.372 0. 0. -1. 0.
0.088 0.996 0. -62.540 0.996 -0.088 -0. 65.178 0. 0. -1. 0.
0.081 0.997 0. -62.487 0.997 -0.081 -0. 67.018 0. 0. -1. 0.
0.086 0.996 0. -62.335 0.996 -0.086 -0. 68.865 0. 0. -1. 0.
0.082 0.997 0. -61.958 0.997 -0.082 -0. 70.555 0. 0. -1. 0.
0.090 0.996 0. -61.997 0.996 -0.090 -0. 72.418 0. 0. -1. 0.
0.082 0.997 0. -61.763 0.997 -0.082 -0. 74.066 0. 0. -1. 0.
0.081 0.997 0. -61.515 0.997 -0.081 -0. 75.936 0. 0. -1. 0.
0.070 0.998 0. -61.413 0.998 -0.070 -0. 77.499 0. 0. -1. 0.
0.070 0.998 0. -61.270 0.998 -0.070 -0. 79.182 0. 0. -1. 0.
0.045 0.999 0. -61.160 0.999 -0.045 -0. 80.854 0. 0. -1. 0.
0.015 1.000 0. -61.088 1.000 -0.015 -0. 82.403 0. 0. -1. 0.
-0.025 1.000 0. -61.093 1.000 0.025 0. 83.947 0. 0. -1. 0.
-0.085 0.996 0. -61.162 0.996 0.085 0. 85.479 0. 0. -1. 0.
-0.154 0.988 0. -61.297 0.988 0.154 0. 86.967 0. 0. -1. 0.
-0.222 0.975 0. -61.540 0.975 0.222 0. 88.379 0. 0. -1. 0.
-0.303 0.953 0. -61.962 0.953 0.303 0. 89.773 0. 0. -1. 0.
-0.396 0.918 0. -62.491 0.918 0.396 0. 90.953 0. 0. -1. 0.
-0.484 0.875 0. -63.250 0.875 0.484 0. 92.232 0. 0. -1. 0.
-0.576 0.818 0. -63.847 0.818 0.576 0. 93.443 0. 0. -1. 0.
-0.655 0.756 0. -64.816 0.756 0.655 0. 94.439 0. 0. -1. 0.
-0.728 0.685 0. -65.621 0.685 0.728 0. 95.450 0. 0. -1. 0.
-0.791 0.612 0. -66.655 0.612 0.791 0. 96.210 0. 0. -1. 0.
-0.853 0.522 0. -67.839 0.522 0.853 0. 96.875 0. 0. -1. 0.
-0.900 0.436 0. -69.117 0.436 0.900 0. 97.433 0. 0. -1. 0.
-0.934 0.358 0. -70.262 0.358 0.934 0. 97.903 0. 0. -1. 0.
-0.955 0.297 0. -71.605 0.297 0.955 0. 98.138 0. 0. -1. 0.
-0.970 0.243 0. -72.842 0.243 0.970 0. 98.514 0. 0. -1. 0.
-0.979 0.204 0. -74.217 0.204 0.979 0. 98.773 0. 0. -1. 0.
-0.983 0.182 0. -75.507 0.182 0.983 0. 99.171 0. 0. -1. 0.
-0.984 0.178 0. -76.885 0.178 0.984 0. 99.436 0. 0. -1. 0.
-0.982 0.189 0. -78.326 0.189 0.982 0. 99.803 0. 0. -1. 0.
-0.976 0.218 0. -79.740 0.218 0.976 0. 99.973 0. 0. -1. 0.
-0.970 0.244 0. -81.270 0.244 0.970 0. 100.557 0. 0. -1. 0.
-0.960 0.281 0. -82.745 0.281 0.960 0. 100.917 0. 0. -1. 0.
-0.947 0.322 0. -84.257 0.322 0.947 0. 101.355 0. 0. -1. 0.
-0.927 0.375 0. -85.837 0.375 0.927 0. 101.982 0. 0. -1. 0.
-0.898 0.441 0. -87.249 0.441 0.898 0. 102.760 0. 0. -1. 0.
-0.868 0.496 0. -88.632 0.496 0.868 0. 103.549 0. 0. -1. 0.
-0.835 0.550 0. -89.944 0.550 0.835 0. 104.537 0. 0. -1. 0.
-0.803 0.596 0. -91.252 0.596 0.803 0. 105.536 0. 0. -1. 0.
-0.781 0.624 0. -92.628 0.624 0.781 0. 106.654 0. 0. -1. 0.
-0.763 0.647 0. -93.990 0.647 0.763 0. 107.770 0. 0. -1. 0.
-0.752 0.659 0. -95.338 0.659 0.752 0. 109.002 0. 0. -1. 0.
-0.743 0.669 0. -96.708 0.669 0.743 0. 110.407 0. 0. -1. 0.
-0.736 0.677 0. -98.112 0.677 0.736 0. 111.634 0. 0. -1. 0.
-0.730 0.684 0. -99.593 0.684 0.730 0. 113.010 0. 0. -1. 0.
-0.726 0.688 0. -100.954 0.688 0.726 0. 114.605 0. 0. -1. 0.
-0.719 0.695 0. -102.486 0.695 0.719 0. 115.983 0. 0. -1. 0.
-0.705 0.709 0. -103.947 0.709 0.705 0. 117.417 0. 0. -1. 0.
-0.705 0.709 0. -105.535 0.709 0.705 0. 119.020 0. 0. -1. 0.
-0.697 0.717 0. -106.996 0.717 0.697 0. 120.601 0. 0. -1. 0.
-0.685 0.728 0. -108.506 0.728 0.685 0. 122.194 0. 0. -1. 0.
-0.690 0.724 0. -110.075 0.724 0.690 0. 123.786 0. 0. -1. 0.
-0.688 0.726 0. -111.578 0.726 0.688 0. 125.421 0. 0. -1. 0.
-0.687 0.726 0. -113.103 0.726 0.687 0. 127.190 0. 0. -1. 0.
-0.684 0.729 0. -114.621 0.729 0.684 0. 128.821 0. 0. -1. 0.
-0.681 0.733 0. -116.154 0.733 0.681 0. 130.523 0. 0. -1. 0.
-0.684 0.729 0. -117.766 0.729 0.684 0. 132.161 0. 0. -1. 0.
-0.679 0.734 0. -119.289 0.734 0.679 0. 133.912 0. 0. -1. 0.
-0.683 0.731 0. -120.721 0.731 0.683 0. 135.643 0. 0. -1. 0.
-0.679 0.734 0. -122.295 0.734 0.679 0. 137.366 0. 0. -1. 0.
-0.679 0.734 0. -123.753 0.734 0.679 0. 139.132 0. 0. -1. 0.
-0.679 0.735 0. -125.345 0.735 0.679 0. 140.845 0. 0. -1. 0.
-0.676 0.737 0. -126.907 0.737 0.676 0. 142.515 0. 0. -1. 0.
-0.676 0.737 0. -128.398 0.737 0.676 0. 144.262 0. 0. -1. 0.
-0.675 0.738 0. -129.913 0.738 0.675 0. 145.945 0. 0. -1. 0.
-0.672 0.741 0. -131.251 0.741 0.672 0. 147.942 0. 0. -1. 0.
-0.674 0.738 0. -132.863 0.738 0.674 0. 149.559 0. 0. -1. 0.
-0.666 0.746 0. -134.424 0.746 0.666 0. 151.327 0. 0. -1. 0.
-0.654 0.756 0. -135.958 0.756 0.654 0. 153.039 0. 0. -1. 0.
-0.645 0.764 0. -137.380 0.764 0.645 0. 154.826 0. 0. -1. 0.
-0.631 0.776 0. -138.877 0.776 0.631 0. 156.739 0. 0. -1. 0.
-0.616 0.788 0. -140.191 0.788 0.616 0. 158.597 0. 0. -1. 0.
-0.593 0.805 0. -141.619 0.805 0.593 0. 160.498 0. 0. -1. 0.
-0.569 0.822 0. -142.846 0.822 0.569 0. 162.424 0. 0. -1. 0.
-0.552 0.834 0. -144.160 0.834 0.552 0. 164.395 0. 0. -1. 0.
-0.526 0.850 0. -145.305 0.850 0.526 0. 166.389 0. 0. -1. 0.
-0.498 0.867 0. -146.421 0.867 0.498 0. 168.500 0. 0. -1. 0.
-0.458 0.889 0. -147.476 0.889 0.458 0. 170.529 0. 0. -1. 0.
-0.422 0.906 0. -148.349 0.906 0.422 0. 172.748 0. 0. -1. 0.
-0.379 0.925 0. -149.231 0.925 0.379 0. 174.965 0. 0. -1. 0.
-0.335 0.942 0. -150.085 0.942 0.335 0. 177.078 0. 0. -1. 0.
-0.296 0.955 0. -150.757 0.955 0.296 0. 179.307 0. 0. -1. 0.
-0.258 0.966 0. -151.342 0.966 0.258 0. 181.557 0. 0. -1. 0.
-0.215 0.977 0. -151.942 0.977 0.215 0. 183.808 0. 0. -1. 0.
-0.179 0.984 0. -152.292 0.984 0.179 0. 186.115 0. 0. -1. 0.
-0.145 0.989 0. -152.640 0.989 0.145 0. 188.457 0. 0. -1. 0.
-0.120 0.993 0. -152.876 0.993 0.120 0. 190.706 0. 0. -1. 0.
-0.099 0.995 0. -153.021 0.995 0.099 0. 193.036 0. 0. -1. 0.
-0.085 0.996 0. -153.171 0.996 0.085 0. 195.372 0. 0. -1. 0.
-0.078 0.997 0. -153.364 0.997 0.078 0. 197.628 0. 0. -1. 0.
-0.076 0.997 0. -153.452 0.997 0.076 0. 200.008 0. 0. -1. 0.
-0.071 0.997 0. -153.555 0.997 0.071 0. 202.300 0. 0. -1. 0.
-0.065 0.998 0. -153.471 0.998 0.065 0. 204.667 0. 0. -1. 0.
-0.062 0.998 0. -153.689 0.998 0.062 0. 206.885 0. 0. -1. 0.
-0.062 0.998 0. -153.924 0.998 0.062 0. 209.050 0. 0. -1. 0.
-0.073 0.997 0. -153.875 0.997 0.073 0. 211.323 0. 0. -1. 0.
-0.085 0.996 0. -154.017 0.996 0.085 0. 213.611 0. 0. -1. 0.
-0.095 0.996 0. -154.206 0.996 0.095 0. 215.709 0. 0. -1. 0.
-0.121 0.993 0. -154.408 0.993 0.121 0. 217.911 0. 0. -1. 0.
-0.147 0.989 0. -154.592 0.989 0.147 0. 220.102 0. 0. -1. 0.
-0.181 0.983 0. -154.973 0.983 0.181 0. 222.088 0. 0. -1. 0.
-0.230 0.973 0. -155.529 0.973 0.230 0. 224.186 0. 0. -1. 0.
-0.288 0.958 0. -155.935 0.958 0.288 0. 226.265 0. 0. -1. 0.
-0.353 0.936 0. -156.678 0.936 0.353 0. 228.202 0. 0. -1. 0.
-0.421 0.907 0. -157.373 0.907 0.421 0. 230.012 0. 0. -1. 0.
-0.486 0.874 0. -158.563 0.874 0.486 0. 231.850 0. 0. -1. 0.
-0.561 0.828 0. -159.609 0.828 0.561 0. 233.432 0. 0. -1. 0.
-0.630 0.777 0. -160.861 0.777 0.630 0. 235.011 0. 0. -1. 0.
-0.696 0.718 0. -162.219 0.718 0.696 0. 236.434 0. 0. -1. 0.
-0.755 0.656 0. -163.723 0.656 0.755 0. 237.736 0. 0. -1. 0.
-0.804 0.594 0. -165.307 0.594 0.804 0. 238.911 0. 0. -1. 0.
-0.847 0.532 0. -166.890 0.532 0.847 0. 240.007 0. 0. -1. 0.
-0.882 0.471 0. -168.606 0.471 0.882 0. 241.070 0. 0. -1. 0.
-0.910 0.415 0. -170.426 0.415 0.910 0. 241.980 0. 0. -1. 0.
-0.930 0.368 0. -172.345 0.368 0.930 0. 242.658 0. 0. -1. 0.
-0.946 0.324 0. -174.368 0.324 0.946 0. 243.336 0. 0. -1. 0.
-0.954 0.299 0. -176.364 0.299 0.954 0. 244.065 0. 0. -1. 0.
-0.958 0.286 0. -178.433 0.286 0.958 0. 244.821 0. 0. -1. 0.
-0.960 0.280 0. -180.546 0.280 0.960 0. 245.447 0. 0. -1. 0.
-0.958 0.287 0. -182.751 0.287 0.958 0. 246.083 0. 0. -1. 0.
-0.956 0.294 0. -184.914 0.294 0.956 0. 246.758 0. 0. -1. 0.
-0.957 0.290 0. -187.147 0.290 0.957 0. 247.516 0. 0. -1. 0.
-0.957 0.290 0. -189.403 0.290 0.957 0. 248.247 0. 0. -1. 0.
-0.956 0.293 0. -191.700 0.293 0.956 0. 249.018 0. 0. -1. 0.
-0.955 0.296 0. -193.985 0.296 0.955 0. 249.729 0. 0. -1. 0.
-0.952 0.306 0. -196.279 0.306 0.952 0. 250.432 0. 0. -1. 0.
-0.951 0.309 0. -198.577 0.309 0.951 0. 251.217 0. 0. -1. 0.
-0.950 0.312 0. -200.704 0.312 0.950 0. 251.976 0. 0. -1. 0.
-0.949 0.315 0. -203.092 0.315 0.949 0. 252.767 0. 0. -1. 0.
-0.950 0.313 0. -205.271 0.313 0.950 0. 253.579 0. 0. -1. 0.
-0.950 0.311 0. -207.474 0.311 0.950 0. 254.209 0. 0. -1. 0.
-0.951 0.310 0. -209.628 0.310 0.951 0. 255.078 0. 0. -1. 0.
-0.951 0.308 0. -211.760 0.308 0.951 0. 255.839 0. 0. -1. 0.
-0.950 0.311 0. -213.788 0.311 0.950 0. 256.507 0. 0. -1. 0.
-0.950 0.313 0. -215.836 0.313 0.950 0. 257.269 0. 0. -1. 0.
-0.949 0.317 0. -217.767 0.317 0.949 0. 257.875 0. 0. -1. 0.
-0.942 0.334 0. -219.696 0.334 0.942 0. 258.554 0. 0. -1. 0.
-0.935 0.355 0. -221.423 0.355 0.935 0. 259.346 0. 0. -1. 0.
-0.921 0.390 0. -223.194 0.390 0.921 0. 260.038 0. 0. -1. 0.
-0.906 0.423 0. -224.670 0.423 0.906 0. 260.715 0. 0. -1. 0.
-0.897 0.442 0. -226.136 0.442 0.897 0. 261.452 0. 0. -1. 0.
-0.890 0.457 0. -227.540 0.457 0.890 0. 262.269 0. 0. -1. 0.
-0.888 0.460 0. -228.752 0.460 0.888 0. 263.007 0. 0. -1. 0.
-0.886 0.464 0. -230.012 0.464 0.886 0. 263.585 0. 0. -1. 0.
-0.885 0.466 0. -231.244 0.466 0.885 0. 264.222 0. 0. -1. 0.
-0.884 0.468 0. -232.242 0.468 0.884 0. 264.796 0. 0. -1. 0.
-0.885 0.466 0. -233.182 0.466 0.885 0. 265.415 0. 0. -1. 0.
-0.883 0.469 0. -234.134 0.469 0.883 0. 265.816 0. 0. -1. 0.
-0.885 0.466 0. -234.914 0.466 0.885 0. 266.355 0. 0. -1. 0.
-0.885 0.465 0. -235.574 0.465 0.885 0. 266.781 0. 0. -1. 0.
-0.884 0.468 0. -236.300 0.468 0.884 0. 266.977 0. 0. -1. 0.
-0.885 0.466 0. -236.704 0.466 0.885 0. 267.507 0. 0. -1. 0.
-0.883 0.469 0. -237.292 0.469 0.883 0. 267.732 0. 0. -1. 0.
-0.883 0.470 0. -237.664 0.470 0.883 0. 267.928 0. 0. -1. 0.
-0.881 0.473 0. -238.035 0.473 0.881 0. 268.028 0. 0. -1. 0.
-0.880 0.475 0. -238.427 0.475 0.880 0. 268.317 0. 0. -1. 0.
-0.881 0.474 0. -238.685 0.474 0.881 0. 268.472 0. 0. -1. 0.
-0.877 0.480 0. -239.071 0.480 0.877 0. 268.705 0. 0. -1. 0.
-0.872 0.489 0. -239.307 0.489 0.872 0. 268.838 0. 0. -1. 0.
-0.873 0.488 0. -239.504 0.488 0.873 0. 268.920 0. 0. -1. 0.
-0.873 0.487 0. -239.758 0.487 0.873 0. 269.017 0. 0. -1. 0.
-0.871 0.491 0. -239.974 0.491 0.871 0. 269.140 0. 0. -1. 0.
-0.869 0.495 0. -240.002 0.495 0.869 0. 269.303 0. 0. -1. 0.
-0.871 0.492 0. -240.170 0.492 0.871 0. 269.348 0. 0. -1. 0.
-0.866 0.500 0. -240.378 0.500 0.866 0. 269.367 0. 0. -1. 0.
-0.866 0.499 0. -240.450 0.499 0.866 0. 269.475 0. 0. -1. 0.
-0.866 0.500 0. -240.563 0.500 0.866 0. 269.607 0. 0. -1. 0.
-0.863 0.505 0. -240.695 0.505 0.863 0. 269.622 0. 0. -1. 0.
-0.865 0.502 0. -240.784 0.502 0.865 0. 269.634 0. 0. -1. 0.
-0.865 0.501 0. -240.841 0.501 0.865 0. 269.694 0. 0. -1. 0.
-0.863 0.505 0. -240.942 0.505 0.863 0. 269.783 0. 0. -1. 0.
-0.861 0.509 0. -240.938 0.509 0.861 0. 269.771 0. 0. -1. 0.
-0.862 0.507 0. -240.993 0.507 0.862 0. 269.782 0. 0. -1. 0.
-0.862 0.506 0. -241.091 0.506 0.862 0. 269.895 0. 0. -1. 0.
-0.860 0.510 0. -241.056 0.510 0.860 0. 269.895 0. 0. -1. 0.
-0.858 0.514 0. -241.168 0.514 0.858 0. 269.874 0. 0. -1. 0.
-0.859 0.512 0. -241.131 0.512 0.859 0. 269.946 0. 0. -1. 0.
-0.856 0.517 0. -241.230 0.517 0.856 0. 269.974 0. 0. -1. 0.
-0.858 0.514 0. -241.245 0.514 0.858 0. 270.038 0. 0. -1. 0.
-0.860 0.511 0. -241.287 0.511 0.860 0. 270.079 0. 0. -1. 0.
-0.859 0.511 0. -241.333 0.511 0.859 0. 270.082 0. 0. -1. 0.
-0.856 0.516 0. -241.398 0.516 0.856 0. 269.970 0. 0. -1. 0.
-0.855 0.518 0. -241.426 0.518 0.855 0. 270.091 0. 0. -1. 0.
-0.854 0.519 0. -241.481 0.519 0.854 0. 270.099 0. 0. -1. 0.
-0.853 0.522 0. -241.517 0.522 0.853 0. 270.147 0. 0. -1. 0.
-0.855 0.518 0. -241.506 0.518 0.855 0. 270.108 0. 0. -1. 0.
-0.853 0.522 0. -241.611 0.522 0.853 0. 270.158 0. 0. -1. 0.
-0.856 0.516 0. -241.546 0.516 0.856 0. 270.135 0. 0. -1. 0.
-0.855 0.518 0. -241.607 0.518 0.855 0. 270.312 0. 0. -1. 0.
-0.853 0.522 0. -241.559 0.522 0.853 0. 270.149 0. 0. -1. 0.
-0.853 0.522 0. -241.534 0.522 0.853 0. 270.122 0. 0. -1. 0.
-0.855 0.519 0. -241.566 0.519 0.855 0. 270.115 0. 0. -1. 0.
-0.857 0.515 0. -241.562 0.515 0.857 0. 270.183 0. 0. -1. 0.
-0.857 0.516 0. -241.601 0.516 0.857 0. 270.214 0. 0. -1. 0.
-0.852 0.524 0. -241.611 0.524 0.852 0. 270.157 0. 0. -1. 0.
-0.851 0.524 0. -241.624 0.524 0.851 0. 270.211 0. 0. -1. 0.
-0.852 0.524 0. -241.646 0.524 0.852 0. 270.197 0. 0. -1. 0.
-0.855 0.519 0. -241.664 0.519 0.855 0. 270.233 0. 0. -1. 0.
-0.854 0.520 0. -241.685 0.520 0.854 0. 270.418 0. 0. -1. 0.
-0.852 0.524 0. -241.667 0.524 0.852 0. 270.199 0. 0. -1. 0.
-0.856 0.517 0. -241.659 0.517 0.856 0. 270.224 0. 0. -1. 0.
-0.855 0.518 0. -241.677 0.518 0.855 0. 270.264 0. 0. -1. 0.
-0.853 0.523 0. -241.705 0.523 0.853 0. 270.247 0. 0. -1. 0.
-0.852 0.523 0. -241.706 0.523 0.852 0. 270.244 0. 0. -1. 0.
-0.852 0.523 0. -241.699 0.523 0.852 0. 270.232 0. 0. -1. 0.
-0.853 0.522 0. -241.705 0.522 0.853 0. 270.126 0. 0. -1. 0.
-0.853 0.522 0. -241.703 0.522 0.853 0. 270.254 0. 0. -1. 0.
-0.854 0.520 0. -241.689 0.520 0.854 0. 270.200 0. 0. -1. 0.
-0.854 0.521 0. -241.799 0.521 0.854 0. 270.398 0. 0. -1. 0.
-0.851 0.525 0. -241.906 0.525 0.851 0. 270.408 0. 0. -1. 0.
-0.850 0.526 0. -242.146 0.526 0.850 0. 270.518 0. 0. -1. 0.
-0.843 0.538 0. -242.491 0.538 0.843 0. 270.899 0. 0. -1. 0.
-0.829 0.559 0. -242.852 0.559 0.829 0. 271.123 0. 0. -1. 0.
-0.806 0.592 0. -243.297 0.592 0.806 0. 271.461 0. 0. -1. 0.
-0.760 0.650 0. -243.872 0.650 0.760 0. 271.905 0. 0. -1. 0.
-0.703 0.711 0. -244.334 0.711 0.703 0. 272.327 0. 0. -1. 0.
-0.627 0.779 0. -244.952 0.779 0.627 0. 272.934 0. 0. -1. 0.
-0.535 0.845 0. -245.061 0.845 0.535 0. 273.813 0. 0. -1. 0.
-0.423 0.906 0. -245.542 0.906 0.423 0. 274.670 0. 0. -1. 0.
-0.296 0.955 0. -245.820 0.955 0.296 0. 275.483 0. 0. -1. 0.
-0.185 0.983 0. -245.835 0.983 0.185 0. 276.550 0. 0. -1. 0.
-0.062 0.998 0. -245.912 0.998 0.062 0. 277.541 0. 0. -1. 0.
0.032 0.999 0. -245.850 0.999 -0.032 -0. 278.615 0. 0. -1. 0.
0.124 0.992 0. -245.596 0.992 -0.124 -0. 279.878 0. 0. -1. 0.
0.183 0.983 0. -245.198 0.983 -0.183 -0. 281.142 0. 0. -1. 0.
0.213 0.977 0. -245.020 0.977 -0.213 -0. 282.553 0. 0. -1. 0.
0.241 0.971 0. -244.491 0.971 -0.241 -0. 284.276 0. 0. -1. 0.
0.265 0.964 0. -244.060 0.964 -0.265 -0. 285.846 0. 0. -1. 0.
0.276 0.961 0. -243.495 0.961 -0.276 -0. 287.487 0. 0. -1. 0.
0.279 0.960 0. -242.942 0.960 -0.279 -0. 289.387 0. 0. -1. 0.
0.284 0.959 0. -242.352 0.959 -0.284 -0. 291.298 0. 0. -1. 0.
0.281 0.960 0. -241.685 0.960 -0.281 -0. 293.386 0. 0. -1. 0.
0.275 0.961 0. -241.026 0.961 -0.275 -0. 295.490 0. 0. -1. 0.
0.264 0.965 0. -240.353 0.965 -0.264 -0. 297.794 0. 0. -1. 0.
0.260 0.966 0. -239.728 0.966 -0.260 -0. 300.039 0. 0. -1. 0.
0.239 0.971 0. -239.081 0.971 -0.239 -0. 302.479 0. 0. -1. 0.
0.229 0.973 0. -238.543 0.973 -0.229 -0. 304.903 0. 0. -1. 0.
0.228 0.974 0. -237.946 0.974 -0.228 -0. 307.361 0. 0. -1. 0.
0.223 0.975 0. -237.286 0.975 -0.223 -0. 309.862 0. 0. -1. 0.
0.224 0.975 0. -236.693 0.975 -0.224 -0. 312.500 0. 0. -1. 0.
0.221 0.975 0. -235.886 0.975 -0.221 -0. 315.152 0. 0. -1. 0.
0.231 0.973 0. -235.297 0.973 -0.231 -0. 317.929 0. 0. -1. 0.
0.231 0.973 0. -234.543 0.973 -0.231 -0. 320.701 0. 0. -1. 0.
0.226 0.974 0. -233.809 0.974 -0.226 -0. 323.661 0. 0. -1. 0.
0.229 0.973 0. -233.068 0.973 -0.229 -0. 326.706 0. 0. -1. 0.
0.236 0.972 0. -232.292 0.972 -0.236 -0. 329.612 0. 0. -1. 0.
0.239 0.971 0. -231.541 0.971 -0.239 -0. 332.763 0. 0. -1. 0.
0.242 0.970 0. -230.645 0.970 -0.242 -0. 335.907 0. 0. -1. 0.
0.253 0.967 0. -229.821 0.967 -0.253 -0. 339.036 0. 0. -1. 0.
0.259 0.966 0. -228.983 0.966 -0.259 -0. 342.218 0. 0. -1. 0.
0.264 0.964 0. -228.051 0.964 -0.264 -0. 345.480 0. 0. -1. 0.
0.272 0.962 0. -227.001 0.962 -0.272 -0. 348.702 0. 0. -1. 0.
0.282 0.959 0. -226.092 0.959 -0.282 -0. 351.866 0. 0. -1. 0.
0.278 0.961 0. -225.114 0.961 -0.278 -0. 355.151 0. 0. -1. 0.
0.287 0.958 0. -223.972 0.958 -0.287 -0. 358.400 0. 0. -1. 0.
0.291 0.957 0. -223.048 0.957 -0.291 -0. 361.697 0. 0. -1. 0.
0.286 0.958 0. -221.964 0.958 -0.286 -0. 364.907 0. 0. -1. 0.
0.286 0.958 0. -220.927 0.958 -0.286 -0. 368.168 0. 0. -1. 0.
0.288 0.958 0. -219.958 0.958 -0.288 -0. 371.441 0. 0. -1. 0.
0.288 0.958 0. -218.823 0.958 -0.288 -0. 374.596 0. 0. -1. 0.
0.292 0.956 0. -217.817 0.956 -0.292 -0. 377.870 0. 0. -1. 0.
0.287 0.958 0. -216.815 0.958 -0.287 -0. 381.035 0. 0. -1. 0.
0.285 0.958 0. -215.765 0.958 -0.285 -0. 384.242 0. 0. -1. 0.
0.289 0.957 0. -214.674 0.957 -0.289 -0. 387.379 0. 0. -1. 0.
