1. 0. 0. 0. 0. 1. 0. 0. 0. 0. 1. 0.
1. -0. 0. 0.003 0. 1. 0. 0.001 0. 0. 1. 0.
1. -0.000 0. 0.004 0.000 1. 0. -0.006 0. 0. 1. 0.
1. -0. 0. 0.006 0. 1. 0. 0.005 0. 0. 1. 0.
1. -0.000 0. 0.009 0.000 1. 0. 0.005 0. 0. 1. 0.
1. -0.000 0. 0.001 0.000 1. 0. 0.003 0. 0. 1. 0.
1. -0.000 0. 0.005 0.000 1. 0. -0.001 0. 0. 1. 0.
1. -0.000 0. 0.006 0.000 1. 0. -0.003 0. 0. 1. 0.
1. -0.000 0. 0.004 0.000 1. 0. -0.003 0. 0. 1. 0.
1. -0.000 0. 0.005 0.000 1. 0. -0.000 0. 0. 1. 0.
1. -0.000 0. -0.000 0.000 1. 0. 0.002 0. 0. 1. 0.
1. -0.000 0. 0.006 0.000 1. 0. -0.003 0. 0. 1. 0.
1. -0.000 0. 0.007 0.000 1. 0. 0.002 0. 0. 1. 0.
1. -0.000 0. 0.005 0.000 1. 0. 0.004 0. 0. 1. 0.
1. -0. 0. 0.004 0. 1. 0. 0.001 0. 0. 1. 0.
1. 0. 0. 0.004 -0. 1. 0. -0.003 0. 0. 1. 0.
1. -0. 0. 0.003 0. 1. 0. 0.001 0. 0. 1. 0.
1. -0.000 0. 0.005 0.000 1. 0. 0.001 0. 0. 1. 0.
1. -0.000 0. 0.003 0.000 1. 0. 0.002 0. 0. 1. 0.
1. -0.000 0. 0.005 0.000 1. 0. -0.001 0. 0. 1. 0.
1. -0.000 0. 0.006 0.000 1. 0. -0.000 0. 0. 1. 0.
1. -0.000 0. 0.005 0.000 1. 0. 0.003 0. 0. 1. 0.
1. -0.000 0. 0.007 0.000 1. 0. 0.001 0. 0. 1. 0.
1. -0.000 0. 0.000 0.000 1. 0. 0.003 0. 0. 1. 0.
1. -0. 0. 0.002 0. 1. 0. -0.007 0. 0. 1. 0.
1. -0. 0. 0.007 0. 1. 0. -0.003 0. 0. 1. 0.
1. -0.000 0. 0.008 0.000 1. 0. 0.002 0. 0. 1. 0.
1. -0.000 0. 0.006 0.000 1. 0. -0.004 0. 0. 1. 0.
1. 0. 0. 0.011 -0. 1. 0. -0.002 0. 0. 1. 0.
1. 0. 0. 0.008 -0. 1. 0. 0.000 0. 0. 1. 0.
1. -0.000 0. 0.002 0.000 1. 0. -0.003 0. 0. 1. 0.
1. 0. 0. 0.002 -0. 1. 0. -0.001 0. 0. 1. 0.
1. -0.000 0. 0.005 0.000 1. 0. 0.002 0. 0. 1. 0.
1. -0.000 0. 0.001 0.000 1. 0. -0.008 0. 0. 1. 0.
1. -0.000 0. 0.007 0.000 1. 0. -0.003 0. 0. 1. 0.
1. -0.000 0. 0.000 0.000 1. 0. -0.001 0. 0. 1. 0.
1. -0.000 0. -0.002 0.000 1. 0. -0.005 0. 0. 1. 0.
1. -0. 0. 0.003 0. 1. 0. 0.005 0. 0. 1. 0.
1. -0. 0. 0.003 0. 1. 0. 0.004 0. 0. 1. 0.
1. -0. 0. 0.006 0. 1. 0. 0.005 0. 0. 1. 0.
1. -0. 0. 0.003 0. 1. 0. 0.004 0. 0. 1. 0.
1. -0. 0. 0.004 0. 1. 0. -0.000 0. 0. 1. 0.
1. -0.000 0. 0.005 0.000 1. 0. 0.002 0. 0. 1. 0.
1. -0. 0. 0.009 0. 1. 0. 0.004 0. 0. 1. 0.
1. -0.000 0. 0.006 0.000 1. 0. 0.000 0. 0. 1. 0.
1. 0. 0. 0.001 -0. 1. 0. 0.001 0. 0. 1. 0.
1. -0.000 0. 0.004 0.000 1. 0. 0.001 0. 0. 1. 0.
1. 0. 0. 0.005 -0. 1. 0. 0.007 0. 0. 1. 0.
1. 0. 0. 0.008 -0. 1. 0. 0.000 0. 0. 1. 0.
1. -0.000 0. 0.001 0.000 1. 0. 0.005 0. 0. 1. 0.
1. -0.000 0. -0.002 0.000 1. 0. 0.006 0. 0. 1. 0.
1. -0. 0. 0.001 0. 1. 0. 0.004 0. 0. 1. 0.
1. -0.000 0. 0.006 0.000 1. 0. 0.006 0. 0. 1. 0.
1. 0. 0. 0.003 -0. 1. 0. -0.007 0. 0. 1. 0.
1. -0.000 0. 0.000 0.000 1. 0. 0.002 0. 0. 1. 0.
1. -0.000 0. 0.002 0.000 1. 0. -0.002 0. 0. 1. 0.
1. -0.000 0. 0.004 0.000 1. 0. 0.003 0. 0. 1. 0.
1. -0.000 0. 0.007 0.000 1. 0. -0.000 0. 0. 1. 0.
1. -0.000 0. 0.005 0.000 1. 0. 0.001 0. 0. 1. 0.
1. -0.000 0. 0.001 0.000 1. 0. -0.002 0. 0. 1. 0.
1. -0.000 0. 0.002 0.000 1. 0. -0.000 0. 0. 1. 0.
1. -0. 0. 0.005 0. 1. 0. -0.001 0. 0. 1. 0.
1. -0. 0. 0.003 0. 1. 0. 0.003 0. 0. 1. 0.
1. -0.000 0. 0.002 0.000 1. 0. 0.007 0. 0. 1. 0.
1. -0.000 0. -0.002 0.000 1. 0. 0.005 0. 0. 1. 0.
1. -0.000 0. 0.006 0.000 1. 0. -0.007 0. 0. 1. 0.
1. -0.000 0. -0.001 0.000 1. 0. -0.000 0. 0. 1. 0.
1. -0.000 0. 0.002 0.000 1. 0. 0.004 0. 0. 1. 0.
1. -0.000 0. -0.002 0.000 1. 0. -0.001 0. 0. 1. 0.
1. -0. 0. 0.004 0. 1. 0. 0.002 0. 0. 1. 0.
1. -0.000 0. 0.001 0.000 1. 0. 0.003 0. 0. 1. 0.
1. -0. 0. 0.003 0. 1. 0. -0.002 0. 0. 1. 0.
1. -0.000 0. 0.001 0.000 1. 0. 0.002 0. 0. 1. 0.
1. 0. 0. 0.003 -0. 1. 0. -0.002 0. 0. 1. 0.
1. -0.000 0. -0.002 0.000 1. 0. -0.007 0. 0. 1. 0.
1. -0. 0. 0.006 0. 1. 0. -0.007 0. 0. 1. 0.
1. -0.000 0. 0.002 0.000 1. 0. 0.005 0. 0. 1. 0.
1. 0. 0. 0.004 -0. 1. 0. 0.002 0. 0. 1. 0.
1. -0. 0. 0.004 0. 1. 0. 0.001 0. 0. 1. 0.
1. -0. 0. 0.003 0. 1. 0. -0.007 0. 0. 1. 0.
1. -0. 0. 0.005 0. 1. 0. 0.004 0. 0. 1. 0.
1. -0.000 0. 0.003 0.000 1. 0. -0.001 0. 0. 1. 0.
1. -0.000 0. 0.004 0.000 1. 0. 0.000 0. 0. 1. 0.
1. -0.000 0. 0.005 0.000 1. 0. 0.001 0. 0. 1. 0.
1. -0.000 0. 0.006 0.000 1. 0. -0.004 0. 0. 1. 0.
1. -0.000 0. 0.009 0.000 1. 0. -0.006 0. 0. 1. 0.
1. -0.000 0. 0.004 0.000 1. 0. -0.006 0. 0. 1. 0.
1. -0. 0. 0.013 0. 1. 0. -0.000 0. 0. 1. 0.
1. -0.000 0. 0.005 0.000 1. 0. -0.006 0. 0. 1. 0.
1. -0.000 0. 0.005 0.000 1. 0. -0.003 0. 0. 1. 0.
1. -0.000 0. 0.001 0.000 1. 0. -0.011 0. 0. 1. 0.
1. -0. 0. 0.030 0. 1. 0. -0.004 0. 0. 1. 0.
1. -0.000 0. 0.093 0.000 1. 0. 0.001 0. 0. 1. 0.
1. -0.000 0. 0.139 0.000 1. 0. -0.016 0. 0. 1. 0.
1. -0.002 0. 0.245 0.002 1. 0. -0.006 0. 0. 1. 0.
1. -0.008 0. 0.431 0.008 1. 0. 0.015 0. 0. 1. 0.
1.000 -0.017 0. 0.627 0.017 1.000 0. -0.005 0. 0. 1. 0.
1.000 -0.030 0. 0.919 0.030 1.000 0. 0.025 0. 0. 1. 0.
0.999 -0.049 0. 1.280 0.049 0.999 0. 0.031 0. 0. 1. 0.
0.998 -0.068 0. 1.733 0.068 0.998 0. 0.082 0. 0. 1. 0.
0.995 -0.096 0. 2.197 0.096 0.995 0. 0.157 0. 0. 1. 0.
0.993 -0.117 0. 2.821 0.117 0.993 0. 0.219 0. 0. 1. 0.
0.990 -0.139 0. 3.503 0.139 0.990 0. 0.406 0. 0. 1. 0.
0.987 -0.159 0. 4.287 0.159 0.987 0. 0.519 0. 0. 1. 0.
0.985 -0.172 0. 5.210 0.172 0.985 0. 0.628 0. 0. 1. 0.
0.985 -0.172 0. 6.239 0.172 0.985 0. 0.775 0. 0. 1. 0.
0.985 -0.170 0. 7.365 0.170 0.985 0. 0.968 0. 0. 1. 0.
0.986 -0.169 0. 8.632 0.169 0.986 0. 1.182 0. 0. 1. 0.
0.986 -0.165 0. 9.918 0.165 0.986 0. 1.398 0. 0. 1. 0.
0.987 -0.161 0. 11.208 0.161 0.987 0. 1.622 0. 0. 1. 0.
0.988 -0.155 0. 12.617 0.155 0.988 0. 1.790 0. 0. 1. 0.
0.990 -0.143 0. 14.071 0.143 0.990 0. 1.970 0. 0. 1. 0.
0.992 -0.125 0. 15.607 0.125 0.992 0. 2.191 0. 0. 1. 0.
0.994 -0.110 0. 17.191 0.110 0.994 0. 2.338 0. 0. 1. 0.
0.996 -0.093 0. 18.838 0.093 0.996 0. 2.467 0. 0. 1. 0.
0.997 -0.075 0. 20.579 0.075 0.997 0. 2.654 0. 0. 1. 0.
0.998 -0.058 0. 22.358 0.058 0.998 0. 2.679 0. 0. 1. 0.
0.999 -0.044 0. 24.176 0.044 0.999 0. 2.813 0. 0. 1. 0.
1.000 -0.031 0. 25.938 0.031 1.000 0. 2.798 0. 0. 1. 0.
1.000 -0.021 0. 27.713 0.021 1.000 0. 2.843 0. 0. 1. 0.
1. -0.014 0. 29.481 0.014 1. 0. 2.845 0. 0. 1. 0.
1. -0.009 0. 31.259 0.009 1. 0. 2.845 0. 0. 1. 0.
1. -0.005 0. 33.035 0.005 1. 0. 2.846 0. 0. 1. 0.
1. -0.006 0. 34.831 0.006 1. 0. 2.853 0. 0. 1. 0.
1. -0.005 0. 36.669 0.005 1. 0. 2.847 0. 0. 1. 0.
1. -0.007 0. 38.527 0.007 1. 0. 2.816 0. 0. 1. 0.
1. -0.006 0. 40.358 0.006 1. 0. 2.804 0. 0. 1. 0.
1. -0.006 0. 42.236 0.006 1. 0. 2.822 0. 0. 1. 0.
1. -0.007 0. 44.131 0.007 1. 0. 2.797 0. 0. 1. 0.
1. -0.007 0. 46.031 0.007 1. 0. 2.804 0. 0. 1. 0.
1. -0.007 0. 47.926 0.007 1. 0. 2.804 0. 0. 1. 0.
1. -0.009 0. 49.774 0.009 1. 0. 2.836 0. 0. 1. 0.
1. -0.008 0. 51.664 0.008 1. 0. 2.839 0. 0. 1. 0.
1. -0.007 0. 53.547 0.007 1. 0. 2.856 0. 0. 1. 0.
1. -0.005 0. 55.416 0.005 1. 0. 2.811 0. 0. 1. 0.
1. -0.001 0. 57.315 0.001 1. 0. 2.778 0. 0. 1. 0.
1. 0.001 0. 59.190 -0.001 1. 0. 2.778 0. 0. 1. 0.
1. 0.003 0. 61.090 -0.003 1. 0. 2.729 0. 0. 1. 0.
1. 0.004 0. 62.926 -0.004 1. 0. 2.674 0. 0. 1. 0.
1. 0.004 0. 64.757 -0.004 1. 0. 2.653 0. 0. 1. 0.
1. 0.004 0. 66.560 -0.004 1. 0. 2.641 0. 0. 1. 0.
1. 0.004 0. 68.413 -0.004 1. 0. 2.602 0. 0. 1. 0.
1. 0.005 0. 70.202 -0.005 1. 0. 2.579 0. 0. 1. 0.
1. 0.006 0. 71.967 -0.006 1. 0. 2.565 0. 0. 1. 0.
1. 0.006 0. 73.774 -0.006 1. 0. 2.523 0. 0. 1. 0.
1. 0.007 0. 75.556 -0.007 1. 0. 2.499 0. 0. 1. 0.
1. 0.010 0. 77.389 -0.010 1. 0. 2.441 0. 0. 1. 0.
1. 0.013 0. 79.203 -0.013 1. 0. 2.390 0. 0. 1. 0.
1. 0.014 0. 80.988 -0.014 1. 0. 2.325 0. 0. 1. 0.
1. 0.013 0. 82.764 -0.013 1. 0. 2.326 0. 0. 1. 0.
1. 0.013 0. 84.514 -0.013 1. 0. 2.309 0. 0. 1. 0.
1.000 0.016 0. 86.310 -0.016 1.000 0. 2.255 0. 0. 1. 0.
1.000 0.020 0. 88.062 -0.020 1.000 0. 2.200 0. 0. 1. 0.
1.000 0.023 0. 89.879 -0.023 1.000 0. 2.129 0. 0. 1. 0.
1.000 0.025 0. 91.675 -0.025 1.000 0. 2.056 0. 0. 1. 0.
1.000 0.024 0. 93.381 -0.024 1.000 0. 1.964 0. 0. 1. 0.
1.000 0.019 0. 95.216 -0.019 1.000 0. 1.932 0. 0. 1. 0.
1. 0.014 0. 97.069 -0.014 1. 0. 1.917 0. 0. 1. 0.
1. 0.007 0. 98.893 -0.007 1. 0. 1.860 0. 0. 1. 0.
1. -0.000 0. 100.744 0.000 1. 0. 1.882 0. 0. 1. 0.
1. -0.008 0. 102.609 0.008 1. 0. 1.872 0. 0. 1. 0.
1.000 -0.018 0. 104.549 0.018 1.000 0. 1.877 0. 0. 1. 0.
1.000 -0.027 0. 106.379 0.027 1.000 0. 1.872 0. 0. 1. 0.
0.999 -0.037 0. 108.294 0.037 0.999 0. 1.966 0. 0. 1. 0.
0.999 -0.045 0. 110.215 0.045 0.999 0. 2.005 0. 0. 1. 0.
0.999 -0.054 0. 112.207 0.054 0.999 0. 2.118 0. 0. 1. 0.
0.998 -0.057 0. 114.167 0.057 0.998 0. 2.194 0. 0. 1. 0.
0.998 -0.061 0. 116.149 0.061 0.998 0. 2.331 0. 0. 1. 0.
0.998 -0.063 0. 118.068 0.063 0.998 0. 2.479 0. 0. 1. 0.
0.998 -0.063 0. 120.001 0.063 0.998 0. 2.574 0. 0. 1. 0.
0.998 -0.062 0. 121.928 0.062 0.998 0. 2.666 0. 0. 1. 0.
0.998 -0.062 0. 123.870 0.062 0.998 0. 2.781 0. 0. 1. 0.
0.998 -0.058 0. 125.810 0.058 0.998 0. 2.887 0. 0. 1. 0.
0.998 -0.058 0. 127.776 0.058 0.998 0. 2.979 0. 0. 1. 0.
0.998 -0.056 0. 129.714 0.056 0.998 0. 3.089 0. 0. 1. 0.
0.999 -0.054 0. 131.664 0.054 0.999 0. 3.194 0. 0. 1. 0.
0.999 -0.053 0. 133.625 0.053 0.999 0. 3.292 0. 0. 1. 0.
0.999 -0.049 0. 135.601 0.049 0.999 0. 3.360 0. 0. 1. 0.
0.999 -0.049 0. 137.606 0.049 0.999 0. 3.465 0. 0. 1. 0.
0.999 -0.046 0. 139.576 0.046 0.999 0. 3.489 0. 0. 1. 0.
0.999 -0.044 0. 141.586 0.044 0.999 0. 3.582 0. 0. 1. 0.
0.999 -0.042 0. 143.550 0.042 0.999 0. 3.675 0. 0. 1. 0.
0.999 -0.042 0. 145.547 0.042 0.999 0. 3.721 0. 0. 1. 0.
0.999 -0.040 0. 147.529 0.040 0.999 0. 3.798 0. 0. 1. 0.
0.999 -0.040 0. 149.510 0.040 0.999 0. 3.848 0. 0. 1. 0.
0.999 -0.039 0. 151.505 0.039 0.999 0. 3.901 0. 0. 1. 0.
0.999 -0.040 0. 153.512 0.040 0.999 0. 3.990 0. 0. 1. 0.
0.999 -0.038 0. 155.550 0.038 0.999 0. 4.074 0. 0. 1. 0.
0.999 -0.037 0. 157.598 0.037 0.999 0. 4.121 0. 0. 1. 0.
0.999 -0.036 0. 159.681 0.036 0.999 0. 4.227 0. 0. 1. 0.
0.999 -0.035 0. 161.781 0.035 0.999 0. 4.255 0. 0. 1. 0.
0.999 -0.036 0. 163.908 0.036 0.999 0. 4.302 0. 0. 1. 0.
0.999 -0.036 0. 166.015 0.036 0.999 0. 4.325 0. 0. 1. 0.
0.999 -0.035 0. 168.129 0.035 0.999 0. 4.356 0. 0. 1. 0.
0.999 -0.035 0. 170.214 0.035 0.999 0. 4.429 0. 0. 1. 0.
0.999 -0.034 0. 172.304 0.034 0.999 0. 4.474 0. 0. 1. 0.
0.999 -0.038 0. 174.411 0.038 0.999 0. 4.516 0. 0. 1. 0.
0.999 -0.043 0. 176.452 0.043 0.999 0. 4.611 0. 0. 1. 0.
0.999 -0.047 0. 178.489 0.047 0.999 0. 4.668 0. 0. 1. 0.
0.999 -0.049 0. 180.479 0.049 0.999 0. 4.729 0. 0. 1. 0.
0.999 -0.052 0. 182.467 0.052 0.999 0. 4.812 0. 0. 1. 0.
0.999 -0.053 0. 184.438 0.053 0.999 0. 4.897 0. 0. 1. 0.
0.999 -0.053 0. 186.333 0.053 0.999 0. 4.976 0. 0. 1. 0.
0.999 -0.051 0. 188.231 0.051 0.999 0. 5.043 0. 0. 1. 0.
0.999 -0.051 0. 190.099 0.051 0.999 0. 5.102 0. 0. 1. 0.
0.999 -0.050 0. 191.910 0.050 0.999 0. 5.188 0. 0. 1. 0.
0.999 -0.052 0. 193.693 0.052 0.999 0. 5.265 0. 0. 1. 0.
0.999 -0.053 0. 195.459 0.053 0.999 0. 5.359 0. 0. 1. 0.
0.999 -0.053 0. 197.223 0.053 0.999 0. 5.438 0. 0. 1. 0.
0.998 -0.055 0. 198.995 0.055 0.998 0. 5.523 0. 0. 1. 0.
0.999 -0.054 0. 200.697 0.054 0.999 0. 5.603 0. 0. 1. 0.
0.998 -0.056 0. 202.403 0.056 0.998 0. 5.714 0. 0. 1. 0.
0.998 -0.055 0. 204.043 0.055 0.998 0. 5.796 0. 0. 1. 0.
0.999 -0.053 0. 205.681 0.053 0.999 0. 5.924 0. 0. 1. 0.
0.999 -0.051 0. 207.287 0.051 0.999 0. 5.985 0. 0. 1. 0.
0.999 -0.047 0. 208.874 0.047 0.999 0. 6.074 0. 0. 1. 0.
0.999 -0.044 0. 210.431 0.044 0.999 0. 6.132 0. 0. 1. 0.
0.999 -0.043 0. 211.956 0.043 0.999 0. 6.209 0. 0. 1. 0.
0.999 -0.041 0. 213.438 0.041 0.999 0. 6.253 0. 0. 1. 0.
0.999 -0.039 0. 214.822 0.039 0.999 0. 6.295 0. 0. 1. 0.
0.999 -0.040 0. 216.195 0.040 0.999 0. 6.337 0. 0. 1. 0.
0.999 -0.041 0. 217.598 0.041 0.999 0. 6.391 0. 0. 1. 0.
0.999 -0.042 0. 218.953 0.042 0.999 0. 6.445 0. 0. 1. 0.
0.999 -0.042 0. 220.379 0.042 0.999 0. 6.469 0. 0. 1. 0.
0.999 -0.042 0. 221.789 0.042 0.999 0. 6.539 0. 0. 1. 0.
0.999 -0.042 0. 223.166 0.042 0.999 0. 6.528 0. 0. 1. 0.
0.999 -0.045 0. 224.514 0.045 0.999 0. 6.589 0. 0. 1. 0.
0.999 -0.051 0. 225.868 0.051 0.999 0. 6.650 0. 0. 1. 0.
0.998 -0.065 0. 227.207 0.065 0.998 0. 6.721 0. 0. 1. 0.
0.997 -0.080 0. 228.628 0.080 0.997 0. 6.845 0. 0. 1. 0.
0.996 -0.093 0. 230.000 0.093 0.996 0. 6.981 0. 0. 1. 0.
0.994 -0.109 0. 231.396 0.109 0.994 0. 7.094 0. 0. 1. 0.
0.992 -0.126 0. 232.760 0.126 0.992 0. 7.259 0. 0. 1. 0.
0.990 -0.143 0. 234.213 0.143 0.990 0. 7.509 0. 0. 1. 0.
0.988 -0.156 0. 235.663 0.156 0.988 0. 7.767 0. 0. 1. 0.
0.987 -0.162 0. 237.180 0.162 0.987 0. 7.970 0. 0. 1. 0.
0.986 -0.167 0. 238.807 0.167 0.986 0. 8.265 0. 0. 1. 0.
0.986 -0.168 0. 240.425 0.168 0.986 0. 8.561 0. 0. 1. 0.
0.985 -0.170 0. 242.135 0.170 0.985 0. 8.828 0. 0. 1. 0.
0.984 -0.176 0. 243.828 0.176 0.984 0. 9.155 0. 0. 1. 0.
0.984 -0.180 0. 245.611 0.180 0.984 0. 9.442 0. 0. 1. 0.
0.983 -0.182 0. 247.335 0.182 0.983 0. 9.727 0. 0. 1. 0.
0.983 -0.185 0. 249.117 0.185 0.983 0. 10.077 0. 0. 1. 0.
0.983 -0.185 0. 250.930 0.185 0.983 0. 10.412 0. 0. 1. 0.
0.983 -0.186 0. 252.728 0.186 0.983 0. 10.738 0. 0. 1. 0.
0.983 -0.182 0. 254.543 0.182 0.983 0. 11.051 0. 0. 1. 0.
0.984 -0.177 0. 256.381 0.177 0.984 0. 11.389 0. 0. 1. 0.
0.985 -0.173 0. 258.228 0.173 0.985 0. 11.727 0. 0. 1. 0.
0.986 -0.168 0. 260.101 0.168 0.986 0. 12.019 0. 0. 1. 0.
0.987 -0.163 0. 261.999 0.163 0.987 0. 12.356 0. 0. 1. 0.
0.987 -0.159 0. 263.900 0.159 0.987 0. 12.665 0. 0. 1. 0.
0.988 -0.154 0. 265.787 0.154 0.988 0. 12.928 0. 0. 1. 0.
0.989 -0.150 0. 267.752 0.150 0.989 0. 13.216 0. 0. 1. 0.
0.989 -0.148 0. 269.741 0.148 0.989 0. 13.496 0. 0. 1. 0.
0.989 -0.148 0. 271.671 0.148 0.989 0. 13.772 0. 0. 1. 0.
0.989 -0.145 0. 273.734 0.145 0.989 0. 14.093 0. 0. 1. 0.
0.989 -0.146 0. 275.685 0.146 0.989 0. 14.364 0. 0. 1. 0.
0.990 -0.144 0. 277.673 0.144 0.990 0. 14.667 0. 0. 1. 0.
0.989 -0.147 0. 279.642 0.147 0.989 0. 14.907 0. 0. 1. 0.
0.989 -0.147 0. 281.585 0.147 0.989 0. 15.162 0. 0. 1. 0.
0.989 -0.147 0. 283.513 0.147 0.989 0. 15.490 0. 0. 1. 0.
0.989 -0.145 0. 285.477 0.145 0.989 0. 15.762 0. 0. 1. 0.
0.990 -0.141 0. 287.465 0.141 0.990 0. 16.009 0. 0. 1. 0.
0.991 -0.135 0. 289.435 0.135 0.991 0. 16.213 0. 0. 1. 0.
0.991 -0.132 0. 291.432 0.132 0.991 0. 16.454 0. 0. 1. 0.
0.992 -0.128 0. 293.427 0.128 0.992 0. 16.708 0. 0. 1. 0.
0.992 -0.124 0. 295.457 0.124 0.992 0. 16.933 0. 0. 1. 0.
0.992 -0.123 0. 297.390 0.123 0.992 0. 17.133 0. 0. 1. 0.
0.992 -0.127 0. 299.371 0.127 0.992 0. 17.377 0. 0. 1. 0.
0.992 -0.129 0. 301.311 0.129 0.992 0. 17.631 0. 0. 1. 0.
0.991 -0.135 0. 303.298 0.135 0.991 0. 17.853 0. 0. 1. 0.
0.990 -0.140 0. 305.253 0.140 0.990 0. 18.084 0. 0. 1. 0.
0.989 -0.145 0. 307.191 0.145 0.989 0. 18.382 0. 0. 1. 0.
0.989 -0.150 0. 309.161 0.150 0.989 0. 18.607 0. 0. 1. 0.
0.988 -0.157 0. 311.140 0.157 0.988 0. 18.870 0. 0. 1. 0.
0.986 -0.164 0. 313.134 0.164 0.986 0. 19.211 0. 0. 1. 0.
0.986 -0.169 0. 315.160 0.169 0.986 0. 19.565 0. 0. 1. 0.
0.985 -0.172 0. 317.150 0.172 0.985 0. 19.851 0. 0. 1. 0.
0.985 -0.173 0. 319.187 0.173 0.985 0. 20.174 0. 0. 1. 0.
0.985 -0.173 0. 321.220 0.173 0.985 0. 20.507 0. 0. 1. 0.
0.985 -0.171 0. 323.213 0.171 0.985 0. 20.905 0. 0. 1. 0.
0.986 -0.169 0. 325.184 0.169 0.986 0. 21.202 0. 0. 1. 0.
0.986 -0.167 0. 327.120 0.167 0.986 0. 21.490 0. 0. 1. 0.
0.987 -0.164 0. 329.052 0.164 0.987 0. 21.746 0. 0. 1. 0.
0.987 -0.159 0. 331.010 0.159 0.987 0. 22.021 0. 0. 1. 0.
0.988 -0.155 0. 332.943 0.155 0.988 0. 22.331 0. 0. 1. 0.
0.989 -0.146 0. 334.872 0.146 0.989 0. 22.651 0. 0. 1. 0.
0.991 -0.134 0. 336.833 0.134 0.991 0. 22.810 0. 0. 1. 0.
0.993 -0.117 0. 338.753 0.117 0.993 0. 23.092 0. 0. 1. 0.
0.995 -0.096 0. 340.745 0.096 0.995 0. 23.264 0. 0. 1. 0.
0.997 -0.076 0. 342.697 0.076 0.997 0. 23.302 0. 0. 1. 0.
0.999 -0.050 0. 344.725 0.050 0.999 0. 23.423 0. 0. 1. 0.
1.000 -0.029 0. 346.746 0.029 1.000 0. 23.456 0. 0. 1. 0.
1. -0.010 0. 348.728 0.010 1. 0. 23.478 0. 0. 1. 0.
1. 0.006 0. 350.804 -0.006 1. 0. 23.422 0. 0. 1. 0.
1.000 0.018 0. 352.839 -0.018 1.000 0. 23.389 0. 0. 1. 0.
1.000 0.026 0. 354.921 -0.026 1.000 0. 23.314 0. 0. 1. 0.
1.000 0.028 0. 357.027 -0.028 1.000 0. 23.212 0. 0. 1. 0.
1.000 0.028 0. 359.052 -0.028 1.000 0. 23.111 0. 0. 1. 0.
1.000 0.026 0. 361.129 -0.026 1.000 0. 23.111 0. 0. 1. 0.
1.000 0.025 0. 363.228 -0.025 1.000 0. 23.022 0. 0. 1. 0.
1.000 0.024 0. 365.291 -0.024 1.000 0. 22.938 0. 0. 1. 0.
1.000 0.022 0. 367.395 -0.022 1.000 0. 22.890 0. 0. 1. 0.
1.000 0.021 0. 369.456 -0.021 1.000 0. 22.834 0. 0. 1. 0.
1.000 0.018 0. 371.541 -0.018 1.000 0. 22.757 0. 0. 1. 0.
1.000 0.016 0. 373.684 -0.016 1.000 0. 22.697 0. 0. 1. 0.
1.000 0.015 0. 375.692 -0.015 1.000 0. 22.667 0. 0. 1. 0.
1. 0.011 0. 377.815 -0.011 1. 0. 22.560 0. 0. 1. 0.
1. 0.008 0. 379.940 -0.008 1. 0. 22.576 0. 0. 1. 0.
1. 0.004 0. 382.004 -0.004 1. 0. 22.553 0. 0. 1. 0.
1. 0.002 0. 384.059 -0.002 1. 0. 22.554 0. 0. 1. 0.
1. 0.002 0. 386.180 -0.002 1. 0. 22.535 0. 0. 1. 0.
1. 0.001 0. 388.271 -0.001 1. 0. 22.499 0. 0. 1. 0.
1. 0.002 0. 390.385 -0.002 1. 0. 22.477 0. 0. 1. 0.
1. 0.001 0. 392.533 -0.001 1. 0. 22.465 0. 0. 1. 0.
1. -0.001 0. 394.666 0.001 1. 0. 22.411 0. 0. 1. 0.
1. -0.005 0. 396.763 0.005 1. 0. 22.472 0. 0. 1. 0.
1. -0.009 0. 398.927 0.009 1. 0. 22.483 0. 0. 1. 0.
1. -0.013 0. 401.106 0.013 1. 0. 22.466 0. 0. 1. 0.
1.000 -0.017 0. 403.254 0.017 1.000 0. 22.535 0. 0. 1. 0.
1.000 -0.023 0. 405.415 0.023 1.000 0. 22.569 0. 0. 1. 0.
1.000 -0.029 0. 407.555 0.029 1.000 0. 22.570 0. 0. 1. 0.
0.999 -0.035 0. 409.730 0.035 0.999 0. 22.618 0. 0. 1. 0.
0.999 -0.038 0. 411.883 0.038 0.999 0. 22.711 0. 0. 1. 0.
0.999 -0.041 0. 414.012 0.041 0.999 0. 22.765 0. 0. 1. 0.
0.999 -0.042 0. 416.151 0.042 0.999 0. 22.830 0. 0. 1. 0.
0.999 -0.042 0. 418.327 0.042 0.999 0. 22.894 0. 0. 1. 0.
0.999 -0.044 0. 420.438 0.044 0.999 0. 22.991 0. 0. 1. 0.
0.999 -0.046 0. 422.564 0.046 0.999 0. 23.037 0. 0. 1. 0.
0.999 -0.049 0. 424.717 0.049 0.999 0. 23.167 0. 0. 1. 0.
0.999 -0.052 0. 426.804 0.052 0.999 0. 23.260 0. 0. 1. 0.
0.999 -0.052 0. 428.932 0.052 0.999 0. 23.335 0. 0. 1. 0.
0.999 -0.052 0. 431.007 0.052 0.999 0. 23.414 0. 0. 1. 0.
0.999 -0.052 0. 433.074 0.052 0.999 0. 23.424 0. 0. 1. 0.
0.999 -0.053 0. 435.105 0.053 0.999 0. 23.608 0. 0. 1. 0.
0.998 -0.055 0. 437.159 0.055 0.998 0. 23.668 0. 0. 1. 0.
0.998 -0.058 0. 439.201 0.058 0.998 0. 23.778 0. 0. 1. 0.
0.998 -0.060 0. 441.233 0.060 0.998 0. 23.832 0. 0. 1. 0.
0.998 -0.064 0. 443.285 0.064 0.998 0. 24.022 0. 0. 1. 0.
0.998 -0.069 0. 445.272 0.069 0.998 0. 24.108 0. 0. 1. 0.
0.997 -0.072 0. 447.220 0.072 0.997 0. 24.224 0. 0. 1. 0.
0.997 -0.074 0. 449.182 0.074 0.997 0. 24.332 0. 0. 1. 0.
0.997 -0.077 0. 451.082 0.077 0.997 0. 24.433 0. 0. 1. 0.
0.997 -0.077 0. 452.920 0.077 0.997 0. 24.580 0. 0. 1. 0.
0.997 -0.075 0. 454.722 0.075 0.997 0. 24.724 0. 0. 1. 0.
0.998 -0.071 0. 456.453 0.071 0.998 0. 24.817 0. 0. 1. 0.
0.998 -0.066 0. 458.113 0.066 0.998 0. 24.904 0. 0. 1. 0.
0.998 -0.059 0. 459.710 0.059 0.998 0. 24.970 0. 0. 1. 0.
0.999 -0.046 0. 461.236 0.046 0.999 0. 25.037 0. 0. 1. 0.
1.000 -0.028 0. 462.721 0.028 1.000 0. 25.052 0. 0. 1. 0.
1. -0.004 0. 464.145 0.004 1. 0. 25.010 0. 0. 1. 0.
1.000 0.026 0. 465.485 -0.026 1.000 0. 24.969 0. 0. 1. 0.
0.998 0.059 0. 466.771 -0.059 0.998 0. 24.813 0. 0. 1. 0.
0.995 0.100 0. 467.991 -0.100 0.995 0. 24.673 0. 0. 1. 0.
0.989 0.151 0. 469.109 -0.151 0.989 0. 24.502 0. 0. 1. 0.
0.977 0.215 0. 470.161 -0.215 0.977 0. 24.211 0. 0. 1. 0.
0.960 0.280 0. 471.194 -0.280 0.960 0. 23.887 0. 0. 1. 0.
0.937 0.349 0. 472.117 -0.349 0.937 0. 23.491 0. 0. 1. 0.
0.908 0.418 0. 472.960 -0.418 0.908 0. 22.969 0. 0. 1. 0.
0.873 0.488 0. 473.763 -0.488 0.873 0. 22.501 0. 0. 1. 0.
0.828 0.561 0. 474.500 -0.561 0.828 0. 21.947 0. 0. 1. 0.
0.772 0.636 0. 475.182 -0.636 0.772 0. 21.317 0. 0. 1. 0.
0.702 0.712 0. 475.783 -0.712 0.702 0. 20.621 0. 0. 1. 0.
0.613 0.790 0. 476.291 -0.790 0.613 0. 19.825 0. 0. 1. 0.
0.510 0.860 0. 476.680 -0.860 0.510 0. 18.948 0. 0. 1. 0.
0.389 0.921 0. 476.988 -0.921 0.389 0. 18.070 0. 0. 1. 0.
0.256 0.967 0. 477.169 -0.967 0.256 0. 17.144 0. 0. 1. 0.
0.115 0.993 0. 477.173 -0.993 0.115 0. 16.115 0. 0. 1. 0.
-0.032 0.999 0. 477.058 -0.999 -0.032 0. 15.111 0. 0. 1. 0.
-0.181 0.983 0. 476.762 -0.983 -0.181 0. 14.139 0. 0. 1. 0.
-0.329 0.944 0. 476.326 -0.944 -0.329 0. 13.115 0. 0. 1. 0.
-0.465 0.885 0. 475.723 -0.885 -0.465 0. 12.136 0. 0. 1. 0.
-0.591 0.807 0. 474.980 -0.807 -0.591 0. 11.297 0. 0. 1. 0.
-0.698 0.716 0. 474.080 -0.716 -0.698 0. 10.462 0. 0. 1. 0.
-0.784 0.621 0. 473.018 -0.621 -0.784 0. 9.735 0. 0. 1. 0.
-0.843 0.538 0. 471.883 -0.538 -0.843 0. 9.029 0. 0. 1. 0.
-0.875 0.484 0. 470.621 -0.484 -0.875 0. 8.391 0. 0. 1. 0.
-0.892 0.452 0. 469.357 -0.452 -0.892 0. 7.800 0. 0. 1. 0.
-0.896 0.444 0. 467.971 -0.444 -0.896 0. 7.189 0. 0. 1. 0.
-0.895 0.447 0. 466.591 -0.447 -0.895 0. 6.526 0. 0. 1. 0.
-0.892 0.452 0. 465.116 -0.452 -0.892 0. 5.835 0. 0. 1. 0.
-0.889 0.458 0. 463.568 -0.458 -0.889 0. 5.077 0. 0. 1. 0.
-0.889 0.458 0. 462.012 -0.458 -0.889 0. 4.283 0. 0. 1. 0.
-0.888 0.460 0. 460.381 -0.460 -0.888 0. 3.489 0. 0. 1. 0.
-0.889 0.458 0. 458.684 -0.458 -0.889 0. 2.701 0. 0. 1. 0.
-0.890 0.456 0. 456.971 -0.456 -0.890 0. 1.825 0. 0. 1. 0.
-0.891 0.454 0. 455.211 -0.454 -0.891 0. 0.953 0. 0. 1. 0.
-0.892 0.451 0. 453.337 -0.451 -0.892 0. 0.022 0. 0. 1. 0.
-0.893 0.449 0. 451.475 -0.449 -0.893 0. -0.891 0. 0. 1. 0.
-0.894 0.447 0. 449.489 -0.447 -0.894 0. -1.801 0. 0. 1. 0.
-0.895 0.447 0. 447.515 -0.447 -0.895 0. -2.775 0. 0. 1. 0.
-0.895 0.446 0. 445.516 -0.446 -0.895 0. -3.720 0. 0. 1. 0.
-0.897 0.442 0. 443.559 -0.442 -0.897 0. -4.702 0. 0. 1. 0.
-0.897 0.442 0. 441.594 -0.442 -0.897 0. -5.623 0. 0. 1. 0.
-0.897 0.441 0. 439.593 -0.441 -0.897 0. -6.559 0. 0. 1. 0.
-0.898 0.440 0. 437.638 -0.440 -0.898 0. -7.551 0. 0. 1. 0.
-0.898 0.439 0. 435.674 -0.439 -0.898 0. -8.545 0. 0. 1. 0.
-0.899 0.439 0. 433.610 -0.439 -0.899 0. -9.490 0. 0. 1. 0.
-0.899 0.438 0. 431.626 -0.438 -0.899 0. -10.462 0. 0. 1. 0.
-0.899 0.438 0. 429.617 -0.438 -0.899 0. -11.471 0. 0. 1. 0.
-0.900 0.436 0. 427.606 -0.436 -0.900 0. -12.425 0. 0. 1. 0.
-0.899 0.438 0. 425.606 -0.438 -0.899 0. -13.377 0. 0. 1. 0.
-0.899 0.439 0. 423.620 -0.439 -0.899 0. -14.330 0. 0. 1. 0.
-0.899 0.438 0. 421.724 -0.438 -0.899 0. -15.281 0. 0. 1. 0.
-0.899 0.438 0. 419.829 -0.438 -0.899 0. -16.186 0. 0. 1. 0.
-0.899 0.438 0. 417.891 -0.438 -0.899 0. -17.089 0. 0. 1. 0.
-0.899 0.438 0. 416.028 -0.438 -0.899 0. -18.015 0. 0. 1. 0.
-0.900 0.435 0. 414.162 -0.435 -0.900 0. -18.866 0. 0. 1. 0.
-0.902 0.432 0. 412.352 -0.432 -0.902 0. -19.778 0. 0. 1. 0.
-0.903 0.430 0. 410.537 -0.430 -0.903 0. -20.655 0. 0. 1. 0.
-0.904 0.428 0. 408.822 -0.428 -0.904 0. -21.426 0. 0. 1. 0.
-0.904 0.427 0. 407.204 -0.427 -0.904 0. -22.227 0. 0. 1. 0.
-0.905 0.425 0. 405.687 -0.425 -0.905 0. -22.949 0. 0. 1. 0.
-0.905 0.425 0. 404.213 -0.425 -0.905 0. -23.598 0. 0. 1. 0.
-0.906 0.424 0. 402.840 -0.424 -0.906 0. -24.206 0. 0. 1. 0.
-0.906 0.422 0. 401.553 -0.422 -0.906 0. -24.776 0. 0. 1. 0.
-0.907 0.421 0. 400.381 -0.421 -0.907 0. -25.319 0. 0. 1. 0.
-0.908 0.420 0. 399.284 -0.420 -0.908 0. -25.884 0. 0. 1. 0.
-0.908 0.420 0. 398.243 -0.420 -0.908 0. -26.341 0. 0. 1. 0.
-0.908 0.419 0. 397.252 -0.419 -0.908 0. -26.779 0. 0. 1. 0.
-0.909 0.417 0. 396.351 -0.417 -0.909 0. -27.215 0. 0. 1. 0.
-0.908 0.418 0. 395.500 -0.418 -0.908 0. -27.554 0. 0. 1. 0.
-0.908 0.418 0. 394.798 -0.418 -0.908 0. -27.924 0. 0. 1. 0.
-0.908 0.418 0. 394.128 -0.418 -0.908 0. -28.227 0. 0. 1. 0.
-0.908 0.419 0. 393.484 -0.419 -0.908 0. -28.508 0. 0. 1. 0.
-0.908 0.418 0. 392.902 -0.418 -0.908 0. -28.731 0. 0. 1. 0.
-0.907 0.420 0. 392.390 -0.420 -0.907 0. -28.947 0. 0. 1. 0.
-0.907 0.421 0. 391.968 -0.421 -0.907 0. -29.190 0. 0. 1. 0.
-0.906 0.423 0. 391.587 -0.423 -0.906 0. -29.340 0. 0. 1. 0.
-0.906 0.424 0. 391.301 -0.424 -0.906 0. -29.484 0. 0. 1. 0.
-0.906 0.424 0. 391.092 -0.424 -0.906 0. -29.594 0. 0. 1. 0.
-0.905 0.426 0. 390.876 -0.426 -0.905 0. -29.643 0. 0. 1. 0.
-0.905 0.426 0. 390.718 -0.426 -0.905 0. -29.727 0. 0. 1. 0.
-0.904 0.427 0. 390.537 -0.427 -0.904 0. -29.819 0. 0. 1. 0.
-0.904 0.427 0. 390.401 -0.427 -0.904 0. -29.891 0. 0. 1. 0.
-0.904 0.428 0. 390.208 -0.428 -0.904 0. -29.997 0. 0. 1. 0.
-0.904 0.428 0. 390.062 -0.428 -0.904 0. -30.061 0. 0. 1. 0.
-0.903 0.429 0. 389.918 -0.429 -0.903 0. -30.120 0. 0. 1. 0.
-0.903 0.430 0. 389.792 -0.430 -0.903 0. -30.160 0. 0. 1. 0.
-0.903 0.429 0. 389.651 -0.429 -0.903 0. -30.238 0. 0. 1. 0.
-0.903 0.429 0. 389.487 -0.429 -0.903 0. -30.290 0. 0. 1. 0.
-0.903 0.429 0. 389.357 -0.429 -0.903 0. -30.397 0. 0. 1. 0.
-0.903 0.429 0. 389.147 -0.429 -0.903 0. -30.473 0. 0. 1. 0.
-0.904 0.428 0. 388.910 -0.428 -0.904 0. -30.573 0. 0. 1. 0.
-0.903 0.429 0. 388.640 -0.429 -0.903 0. -30.710 0. 0. 1. 0.
-0.904 0.428 0. 388.302 -0.428 -0.904 0. -30.863 0. 0. 1. 0.
-0.904 0.427 0. 387.888 -0.427 -0.904 0. -31.053 0. 0. 1. 0.
-0.905 0.426 0. 387.450 -0.426 -0.905 0. -31.243 0. 0. 1. 0.
-0.906 0.424 0. 386.920 -0.424 -0.906 0. -31.488 0. 0. 1. 0.
-0.906 0.423 0. 386.326 -0.423 -0.906 0. -31.726 0. 0. 1. 0.
-0.906 0.423 0. 385.644 -0.423 -0.906 0. -32.042 0. 0. 1. 0.
-0.907 0.421 0. 384.951 -0.421 -0.907 0. -32.413 0. 0. 1. 0.
-0.908 0.419 0. 384.163 -0.419 -0.908 0. -32.762 0. 0. 1. 0.
-0.908 0.419 0. 383.288 -0.419 -0.908 0. -33.168 0. 0. 1. 0.
-0.908 0.419 0. 382.353 -0.419 -0.908 0. -33.583 0. 0. 1. 0.
-0.908 0.419 0. 381.394 -0.419 -0.908 0. -34.046 0. 0. 1. 0.
-0.908 0.420 0. 380.327 -0.420 -0.908 0. -34.451 0. 0. 1. 0.
-0.908 0.419 0. 379.283 -0.419 -0.908 0. -34.973 0. 0. 1. 0.
-0.908 0.420 0. 378.098 -0.420 -0.908 0. -35.443 0. 0. 1. 0.
-0.908 0.420 0. 376.922 -0.420 -0.908 0. -35.998 0. 0. 1. 0.
-0.908 0.419 0. 375.715 -0.419 -0.908 0. -36.619 0. 0. 1. 0.
-0.909 0.417 0. 374.434 -0.417 -0.909 0. -37.110 0. 0. 1. 0.
-0.909 0.417 0. 373.140 -0.417 -0.909 0. -37.681 0. 0. 1. 0.
-0.908 0.418 0. 371.779 -0.418 -0.908 0. -38.276 0. 0. 1. 0.
-0.910 0.415 0. 370.438 -0.415 -0.910 0. -38.911 0. 0. 1. 0.
-0.910 0.414 0. 369.059 -0.414 -0.910 0. -39.486 0. 0. 1. 0.
-0.911 0.412 0. 367.670 -0.412 -0.911 0. -40.095 0. 0. 1. 0.
-0.914 0.407 0. 366.252 -0.407 -0.914 0. -40.749 0. 0. 1. 0.
-0.916 0.401 0. 364.815 -0.401 -0.916 0. -41.339 0. 0. 1. 0.
-0.920 0.393 0. 363.317 -0.393 -0.920 0. -41.938 0. 0. 1. 0.
-0.923 0.384 0. 361.807 -0.384 -0.923 0. -42.560 0. 0. 1. 0.
-0.929 0.370 0. 360.180 -0.370 -0.929 0. -43.221 0. 0. 1. 0.
-0.939 0.345 0. 358.504 -0.345 -0.939 0. -43.857 0. 0. 1. 0.
-0.947 0.322 0. 356.706 -0.322 -0.947 0. -44.378 0. 0. 1. 0.
-0.953 0.303 0. 354.897 -0.303 -0.953 0. -44.924 0. 0. 1. 0.
-0.957 0.291 0. 353.002 -0.291 -0.957 0. -45.484 0. 0. 1. 0.
-0.959 0.284 0. 351.065 -0.284 -0.959 0. -45.995 0. 0. 1. 0.
-0.961 0.278 0. 349.103 -0.278 -0.961 0. -46.614 0. 0. 1. 0.
-0.962 0.273 0. 347.036 -0.273 -0.962 0. -47.180 0. 0. 1. 0.
-0.964 0.266 0. 344.959 -0.266 -0.964 0. -47.711 0. 0. 1. 0.
-0.965 0.263 0. 342.824 -0.263 -0.965 0. -48.286 0. 0. 1. 0.
-0.966 0.259 0. 340.682 -0.259 -0.966 0. -48.864 0. 0. 1. 0.
-0.966 0.259 0. 338.546 -0.259 -0.966 0. -49.397 0. 0. 1. 0.
-0.965 0.261 0. 336.458 -0.261 -0.965 0. -49.935 0. 0. 1. 0.
-0.964 0.266 0. 334.445 -0.266 -0.964 0. -50.472 0. 0. 1. 0.
-0.963 0.270 0. 332.428 -0.270 -0.963 0. -51.044 0. 0. 1. 0.
-0.960 0.279 0. 330.419 -0.279 -0.960 0. -51.589 0. 0. 1. 0.
-0.958 0.288 0. 328.447 -0.288 -0.958 0. -52.166 0. 0. 1. 0.
-0.954 0.299 0. 326.469 -0.299 -0.954 0. -52.781 0. 0. 1. 0.
-0.952 0.306 0. 324.498 -0.306 -0.952 0. -53.393 0. 0. 1. 0.
-0.949 0.315 0. 322.559 -0.315 -0.949 0. -54.026 0. 0. 1. 0.
-0.946 0.325 0. 320.582 -0.325 -0.946 0. -54.682 0. 0. 1. 0.
-0.942 0.335 0. 318.590 -0.335 -0.942 0. -55.360 0. 0. 1. 0.
-0.939 0.345 0. 316.627 -0.345 -0.939 0. -56.049 0. 0. 1. 0.
-0.936 0.353 0. 314.672 -0.353 -0.936 0. -56.792 0. 0. 1. 0.
-0.933 0.359 0. 312.736 -0.359 -0.933 0. -57.531 0. 0. 1. 0.
-0.931 0.366 0. 310.804 -0.366 -0.931 0. -58.299 0. 0. 1. 0.
-0.930 0.368 0. 308.831 -0.368 -0.930 0. -59.074 0. 0. 1. 0.
-0.930 0.367 0. 306.881 -0.367 -0.930 0. -59.844 0. 0. 1. 0.
-0.931 0.366 0. 304.863 -0.366 -0.931 0. -60.622 0. 0. 1. 0.
-0.931 0.364 0. 302.866 -0.364 -0.931 0. -61.384 0. 0. 1. 0.
-0.932 0.362 0. 300.821 -0.362 -0.932 0. -62.133 0. 0. 1. 0.
-0.931 0.365 0. 298.745 -0.365 -0.931 0. -62.900 0. 0. 1. 0.
-0.931 0.364 0. 296.713 -0.364 -0.931 0. -63.668 0. 0. 1. 0.
-0.931 0.365 0. 294.618 -0.365 -0.931 0. -64.439 0. 0. 1. 0.
-0.930 0.367 0. 292.532 -0.367 -0.930 0. -65.219 0. 0. 1. 0.
-0.930 0.368 0. 290.451 -0.368 -0.930 0. -65.976 0. 0. 1. 0.
-0.932 0.363 0. 288.321 -0.363 -0.932 0. -66.765 0. 0. 1. 0.
-0.933 0.361 0. 286.234 -0.361 -0.933 0. -67.610 0. 0. 1. 0.
-0.933 0.359 0. 284.135 -0.359 -0.933 0. -68.419 0. 0. 1. 0.
-0.935 0.355 0. 281.961 -0.355 -0.935 0. -69.125 0. 0. 1. 0.
-0.937 0.349 0. 279.837 -0.349 -0.937 0. -69.930 0. 0. 1. 0.
-0.937 0.349 0. 277.676 -0.349 -0.937 0. -70.741 0. 0. 1. 0.
-0.937 0.349 0. 275.552 -0.349 -0.937 0. -71.505 0. 0. 1. 0.
-0.936 0.353 0. 273.372 -0.353 -0.936 0. -72.272 0. 0. 1. 0.
-0.934 0.356 0. 271.173 -0.356 -0.934 0. -73.062 0. 0. 1. 0.
-0.933 0.361 0. 268.990 -0.361 -0.933 0. -73.855 0. 0. 1. 0.
-0.931 0.365 0. 266.810 -0.365 -0.931 0. -74.686 0. 0. 1. 0.
-0.929 0.370 0. 264.636 -0.370 -0.929 0. -75.486 0. 0. 1. 0.
-0.928 0.372 0. 262.564 -0.372 -0.928 0. -76.349 0. 0. 1. 0.
-0.926 0.378 0. 260.391 -0.378 -0.926 0. -77.182 0. 0. 1. 0.
-0.923 0.384 0. 258.297 -0.384 -0.923 0. -78.027 0. 0. 1. 0.
-0.922 0.387 0. 256.187 -0.387 -0.922 0. -78.896 0. 0. 1. 0.
-0.920 0.392 0. 254.050 -0.392 -0.920 0. -79.774 0. 0. 1. 0.
-0.920 0.392 0. 251.939 -0.392 -0.920 0. -80.705 0. 0. 1. 0.
-0.920 0.393 0. 249.841 -0.393 -0.920 0. -81.588 0. 0. 1. 0.
-0.921 0.391 0. 247.689 -0.391 -0.921 0. -82.447 0. 0. 1. 0.
-0.920 0.392 0. 245.525 -0.392 -0.920 0. -83.396 0. 0. 1. 0.
-0.919 0.394 0. 243.434 -0.394 -0.919 0. -84.327 0. 0. 1. 0.
-0.918 0.396 0. 241.304 -0.396 -0.918 0. -85.240 0. 0. 1. 0.
-0.918 0.396 0. 239.129 -0.396 -0.918 0. -86.208 0. 0. 1. 0.
-0.918 0.397 0. 237.020 -0.397 -0.918 0. -87.071 0. 0. 1. 0.
-0.918 0.396 0. 234.838 -0.396 -0.918 0. -87.941 0. 0. 1. 0.
-0.918 0.397 0. 232.710 -0.397 -0.918 0. -88.884 0. 0. 1. 0.
-0.919 0.395 0. 230.494 -0.395 -0.919 0. -89.774 0. 0. 1. 0.
-0.920 0.392 0. 228.295 -0.392 -0.920 0. -90.682 0. 0. 1. 0.
-0.921 0.390 0. 226.151 -0.390 -0.921 0. -91.651 0. 0. 1. 0.
-0.922 0.387 0. 223.966 -0.387 -0.922 0. -92.543 0. 0. 1. 0.
-0.924 0.384 0. 221.758 -0.384 -0.924 0. -93.356 0. 0. 1. 0.
-0.924 0.382 0. 219.553 -0.382 -0.924 0. -94.322 0. 0. 1. 0.
-0.925 0.381 0. 217.353 -0.381 -0.925 0. -95.218 0. 0. 1. 0.
-0.925 0.379 0. 215.113 -0.379 -0.925 0. -96.130 0. 0. 1. 0.
-0.926 0.378 0. 212.841 -0.378 -0.926 0. -97.024 0. 0. 1. 0.
-0.927 0.374 0. 210.671 -0.374 -0.927 0. -97.874 0. 0. 1. 0.
-0.928 0.374 0. 208.318 -0.374 -0.928 0. -98.722 0. 0. 1. 0.
-0.929 0.371 0. 206.089 -0.371 -0.929 0. -99.671 0. 0. 1. 0.
-0.928 0.373 0. 203.722 -0.373 -0.928 0. -100.454 0. 0. 1. 0.
-0.930 0.368 0. 201.476 -0.368 -0.930 0. -101.421 0. 0. 1. 0.
-0.932 0.364 0. 199.242 -0.364 -0.932 0. -102.334 0. 0. 1. 0.
-0.932 0.363 0. 196.991 -0.363 -0.932 0. -103.108 0. 0. 1. 0.
-0.932 0.361 0. 194.832 -0.361 -0.932 0. -103.981 0. 0. 1. 0.
-0.933 0.360 0. 192.582 -0.360 -0.933 0. -104.770 0. 0. 1. 0.
-0.934 0.356 0. 190.448 -0.356 -0.934 0. -105.668 0. 0. 1. 0.
-0.934 0.356 0. 188.293 -0.356 -0.934 0. -106.546 0. 0. 1. 0.
-0.933 0.360 0. 186.148 -0.360 -0.933 0. -107.321 0. 0. 1. 0.
-0.932 0.361 0. 183.975 -0.361 -0.932 0. -108.101 0. 0. 1. 0.
-0.932 0.362 0. 181.840 -0.362 -0.932 0. -108.898 0. 0. 1. 0.
-0.932 0.362 0. 179.756 -0.362 -0.932 0. -109.773 0. 0. 1. 0.
-0.930 0.367 0. 177.629 -0.367 -0.930 0. -110.555 0. 0. 1. 0.
-0.928 0.373 0. 175.598 -0.373 -0.928 0. -111.284 0. 0. 1. 0.
-0.924 0.382 0. 173.583 -0.382 -0.924 0. -112.056 0. 0. 1. 0.
-0.921 0.391 0. 171.641 -0.391 -0.921 0. -112.839 0. 0. 1. 0.
-0.916 0.401 0. 169.747 -0.401 -0.916 0. -113.662 0. 0. 1. 0.
-0.913 0.409 0. 167.894 -0.409 -0.913 0. -114.478 0. 0. 1. 0.
-0.910 0.415 0. 166.069 -0.415 -0.910 0. -115.313 0. 0. 1. 0.
-0.909 0.417 0. 164.271 -0.417 -0.909 0. -116.110 0. 0. 1. 0.
-0.908 0.419 0. 162.525 -0.419 -0.908 0. -116.897 0. 0. 1. 0.
-0.908 0.419 0. 160.812 -0.419 -0.908 0. -117.740 0. 0. 1. 0.
-0.908 0.419 0. 159.087 -0.419 -0.908 0. -118.516 0. 0. 1. 0.
-0.908 0.420 0. 157.376 -0.420 -0.908 0. -119.266 0. 0. 1. 0.
-0.910 0.415 0. 155.770 -0.415 -0.910 0. -120.066 0. 0. 1. 0.
-0.914 0.406 0. 154.078 -0.406 -0.914 0. -120.808 0. 0. 1. 0.
-0.920 0.391 0. 152.419 -0.391 -0.920 0. -121.540 0. 0. 1. 0.
-0.926 0.377 0. 150.687 -0.377 -0.926 0. -122.185 0. 0. 1. 0.
-0.933 0.359 0. 149.052 -0.359 -0.933 0. -122.820 0. 0. 1. 0.
-0.938 0.346 0. 147.378 -0.346 -0.938 0. -123.387 0. 0. 1. 0.
-0.944 0.329 0. 145.730 -0.329 -0.944 0. -123.967 0. 0. 1. 0.
-0.950 0.313 0. 144.112 -0.313 -0.950 0. -124.434 0. 0. 1. 0.
-0.953 0.304 0. 142.632 -0.304 -0.953 0. -124.908 0. 0. 1. 0.
-0.955 0.298 0. 141.179 -0.298 -0.955 0. -125.315 0. 0. 1. 0.
-0.954 0.299 0. 139.806 -0.299 -0.954 0. -125.730 0. 0. 1. 0.
-0.954 0.299 0. 138.497 -0.299 -0.954 0. -126.109 0. 0. 1. 0.
-0.954 0.300 0. 137.262 -0.300 -0.954 0. -126.522 0. 0. 1. 0.
-0.954 0.301 0. 135.967 -0.301 -0.954 0. -126.898 0. 0. 1. 0.
-0.952 0.305 0. 134.799 -0.305 -0.952 0. -127.283 0. 0. 1. 0.
-0.951 0.309 0. 133.586 -0.309 -0.951 0. -127.613 0. 0. 1. 0.
-0.950 0.312 0. 132.396 -0.312 -0.950 0. -128.004 0. 0. 1. 0.
-0.948 0.319 0. 131.239 -0.319 -0.948 0. -128.415 0. 0. 1. 0.
-0.945 0.327 0. 130.074 -0.327 -0.945 0. -128.798 0. 0. 1. 0.
-0.943 0.333 0. 128.893 -0.333 -0.943 0. -129.166 0. 0. 1. 0.
-0.943 0.334 0. 127.851 -0.334 -0.943 0. -129.587 0. 0. 1. 0.
-0.941 0.339 0. 126.740 -0.339 -0.941 0. -129.916 0. 0. 1. 0.
-0.940 0.342 0. 125.719 -0.342 -0.940 0. -130.303 0. 0. 1. 0.
-0.940 0.341 0. 124.731 -0.341 -0.940 0. -130.660 0. 0. 1. 0.
-0.941 0.340 0. 123.768 -0.340 -0.941 0. -130.975 0. 0. 1. 0.
-0.941 0.338 0. 122.817 -0.338 -0.941 0. -131.245 0. 0. 1. 0.
-0.942 0.335 0. 122.007 -0.335 -0.942 0. -131.539 0. 0. 1. 0.
-0.942 0.334 0. 121.200 -0.334 -0.942 0. -131.757 0. 0. 1. 0.
-0.943 0.332 0. 120.510 -0.332 -0.943 0. -132.003 0. 0. 1. 0.
-0.944 0.331 0. 119.858 -0.331 -0.944 0. -132.223 0. 0. 1. 0.
-0.944 0.330 0. 119.262 -0.330 -0.944 0. -132.489 0. 0. 1. 0.
-0.945 0.326 0. 118.673 -0.326 -0.945 0. -132.698 0. 0. 1. 0.
-0.947 0.322 0. 118.084 -0.322 -0.947 0. -132.863 0. 0. 1. 0.
-0.948 0.320 0. 117.609 -0.320 -0.948 0. -132.960 0. 0. 1. 0.
-0.949 0.315 0. 117.197 -0.315 -0.949 0. -133.123 0. 0. 1. 0.
-0.949 0.315 0. 116.853 -0.315 -0.949 0. -133.264 0. 0. 1. 0.
-0.950 0.314 0. 116.513 -0.314 -0.950 0. -133.309 0. 0. 1. 0.
-0.950 0.312 0. 116.285 -0.312 -0.950 0. -133.401 0. 0. 1. 0.
-0.950 0.312 0. 116.083 -0.312 -0.950 0. -133.441 0. 0. 1. 0.
-0.950 0.312 0. 115.950 -0.312 -0.950 0. -133.490 0. 0. 1. 0.
-0.950 0.312 0. 115.879 -0.312 -0.950 0. -133.527 0. 0. 1. 0.
-0.950 0.312 0. 115.827 -0.312 -0.950 0. -133.549 0. 0. 1. 0.
-0.950 0.312 0. 115.792 -0.312 -0.950 0. -133.520 0. 0. 1. 0.
-0.950 0.311 0. 115.782 -0.311 -0.950 0. -133.515 0. 0. 1. 0.
-0.950 0.312 0. 115.796 -0.312 -0.950 0. -133.524 0. 0. 1. 0.
-0.950 0.312 0. 115.800 -0.312 -0.950 0. -133.511 0. 0. 1. 0.
-0.950 0.312 0. 115.785 -0.312 -0.950 0. -133.520 0. 0. 1. 0.
-0.950 0.311 0. 115.781 -0.311 -0.950 0. -133.510 0. 0. 1. 0.
-0.950 0.312 0. 115.792 -0.312 -0.950 0. -133.500 0. 0. 1. 0.
-0.950 0.312 0. 115.791 -0.312 -0.950 0. -133.510 0. 0. 1. 0.
-0.950 0.311 0. 115.782 -0.311 -0.950 0. -133.516 0. 0. 1. 0.
-0.950 0.312 0. 115.806 -0.312 -0.950 0. -133.508 0. 0. 1. 0.
-0.950 0.313 0. 115.828 -0.313 -0.950 0. -133.524 0. 0. 1. 0.
-0.950 0.312 0. 115.798 -0.312 -0.950 0. -133.543 0. 0. 1. 0.
-0.950 0.312 0. 115.797 -0.312 -0.950 0. -133.530 0. 0. 1. 0.
-0.950 0.312 0. 115.801 -0.312 -0.950 0. -133.523 0. 0. 1. 0.
-0.950 0.312 0. 115.799 -0.312 -0.950 0. -133.513 0. 0. 1. 0.
-0.950 0.313 0. 115.813 -0.313 -0.950 0. -133.537 0. 0. 1. 0.
-0.950 0.312 0. 115.788 -0.312 -0.950 0. -133.521 0. 0. 1. 0.
-0.950 0.311 0. 115.797 -0.311 -0.950 0. -133.515 0. 0. 1. 0.
-0.950 0.312 0. 115.805 -0.312 -0.950 0. -133.519 0. 0. 1. 0.
-0.950 0.312 0. 115.813 -0.312 -0.950 0. -133.533 0. 0. 1. 0.
-0.950 0.313 0. 115.801 -0.313 -0.950 0. -133.539 0. 0. 1. 0.
-0.950 0.313 0. 115.793 -0.313 -0.950 0. -133.536 0. 0. 1. 0.
-0.950 0.311 0. 115.774 -0.311 -0.950 0. -133.516 0. 0. 1. 0.
-0.950 0.312 0. 115.785 -0.312 -0.950 0. -133.510 0. 0. 1. 0.
-0.950 0.313 0. 115.796 -0.313 -0.950 0. -133.529 0. 0. 1. 0.
-0.950 0.313 0. 115.790 -0.313 -0.950 0. -133.529 0. 0. 1. 0.
-0.950 0.311 0. 115.790 -0.311 -0.950 0. -133.504 0. 0. 1. 0.
-0.950 0.312 0. 115.799 -0.312 -0.950 0. -133.518 0. 0. 1. 0.
-0.950 0.312 0. 115.795 -0.312 -0.950 0. -133.521 0. 0. 1. 0.
-0.950 0.313 0. 115.801 -0.313 -0.950 0. -133.526 0. 0. 1. 0.
-0.950 0.312 0. 115.788 -0.312 -0.950 0. -133.509 0. 0. 1. 0.
-0.950 0.312 0. 115.792 -0.312 -0.950 0. -133.532 0. 0. 1. 0.
-0.950 0.313 0. 115.798 -0.313 -0.950 0. -133.521 0. 0. 1. 0.
-0.950 0.311 0. 115.784 -0.311 -0.950 0. -133.510 0. 0. 1. 0.
-0.950 0.312 0. 115.798 -0.312 -0.950 0. -133.514 0. 0. 1. 0.
-0.950 0.312 0. 115.792 -0.312 -0.950 0. -133.505 0. 0. 1. 0.
-0.950 0.312 0. 115.775 -0.312 -0.950 0. -133.497 0. 0. 1. 0.
-0.950 0.311 0. 115.779 -0.311 -0.950 0. -133.510 0. 0. 1. 0.
-0.950 0.312 0. 115.791 -0.312 -0.950 0. -133.511 0. 0. 1. 0.
-0.950 0.311 0. 115.796 -0.311 -0.950 0. -133.510 0. 0. 1. 0.
-0.950 0.312 0. 115.800 -0.312 -0.950 0. -133.511 0. 0. 1. 0.
-0.950 0.311 0. 115.784 -0.311 -0.950 0. -133.501 0. 0. 1. 0.
-0.950 0.312 0. 115.809 -0.312 -0.950 0. -133.526 0. 0. 1. 0.
-0.950 0.312 0. 115.803 -0.312 -0.950 0. -133.543 0. 0. 1. 0.
-0.950 0.313 0. 115.806 -0.313 -0.950 0. -133.547 0. 0. 1. 0.
-0.950 0.313 0. 115.804 -0.313 -0.950 0. -133.538 0. 0. 1. 0.
-0.950 0.312 0. 115.795 -0.312 -0.950 0. -133.521 0. 0. 1. 0.
-0.950 0.311 0. 115.778 -0.311 -0.950 0. -133.519 0. 0. 1. 0.
-0.950 0.311 0. 115.773 -0.311 -0.950 0. -133.509 0. 0. 1. 0.
-0.950 0.312 0. 115.789 -0.312 -0.950 0. -133.524 0. 0. 1. 0.
-0.950 0.312 0. 115.799 -0.312 -0.950 0. -133.537 0. 0. 1. 0.
-0.950 0.312 0. 115.773 -0.312 -0.950 0. -133.521 0. 0. 1. 0.
-0.950 0.312 0. 115.784 -0.312 -0.950 0. -133.524 0. 0. 1. 0.
-0.950 0.312 0. 115.777 -0.312 -0.950 0. -133.522 0. 0. 1. 0.
-0.950 0.311 0. 115.767 -0.311 -0.950 0. -133.532 0. 0. 1. 0.
-0.950 0.311 0. 115.762 -0.311 -0.950 0. -133.528 0. 0. 1. 0.
-0.950 0.313 0. 115.793 -0.313 -0.950 0. -133.549 0. 0. 1. 0.
-0.950 0.312 0. 115.788 -0.312 -0.950 0. -133.535 0. 0. 1. 0.
-0.950 0.312 0. 115.778 -0.312 -0.950 0. -133.512 0. 0. 1. 0.
-0.950 0.312 0. 115.796 -0.312 -0.950 0. -133.500 0. 0. 1. 0.
-0.950 0.312 0. 115.814 -0.312 -0.950 0. -133.512 0. 0. 1. 0.
-0.950 0.312 0. 115.808 -0.312 -0.950 0. -133.514 0. 0. 1. 0.
-0.950 0.312 0. 115.803 -0.312 -0.950 0. -133.497 0. 0. 1. 0.
-0.950 0.313 0. 115.811 -0.313 -0.950 0. -133.531 0. 0. 1. 0.
-0.950 0.313 0. 115.801 -0.313 -0.950 0. -133.533 0. 0. 1. 0.
-0.950 0.312 0. 115.791 -0.312 -0.950 0. -133.531 0. 0. 1. 0.
-0.950 0.312 0. 115.804 -0.312 -0.950 0. -133.542 0. 0. 1. 0.
-0.950 0.313 0. 115.808 -0.313 -0.950 0. -133.534 0. 0. 1. 0.
-0.950 0.312 0. 115.816 -0.312 -0.950 0. -133.526 0. 0. 1. 0.
-0.950 0.312 0. 115.807 -0.312 -0.950 0. -133.524 0. 0. 1. 0.
-0.950 0.313 0. 115.801 -0.313 -0.950 0. -133.534 0. 0. 1. 0.
-0.950 0.313 0. 115.826 -0.313 -0.950 0. -133.547 0. 0. 1. 0.
-0.950 0.312 0. 115.834 -0.312 -0.950 0. -133.537 0. 0. 1. 0.
-0.950 0.313 0. 115.812 -0.313 -0.950 0. -133.530 0. 0. 1. 0.
-0.950 0.312 0. 115.820 -0.312 -0.950 0. -133.524 0. 0. 1. 0.
-0.950 0.312 0. 115.802 -0.312 -0.950 0. -133.492 0. 0. 1. 0.
-0.950 0.311 0. 115.816 -0.311 -0.950 0. -133.501 0. 0. 1. 0.
-0.950 0.313 0. 115.818 -0.313 -0.950 0. -133.531 0. 0. 1. 0.
-0.950 0.312 0. 115.828 -0.312 -0.950 0. -133.524 0. 0. 1. 0.
-0.950 0.312 0. 115.826 -0.312 -0.950 0. -133.501 0. 0. 1. 0.
-0.950 0.312 0. 115.828 -0.312 -0.950 0. -133.491 0. 0. 1. 0.
-0.950 0.311 0. 115.817 -0.311 -0.950 0. -133.495 0. 0. 1. 0.
-0.950 0.311 0. 115.817 -0.311 -0.950 0. -133.515 0. 0. 1. 0.
-0.950 0.311 0. 115.829 -0.311 -0.950 0. -133.513 0. 0. 1. 0.
-0.950 0.311 0. 115.817 -0.311 -0.950 0. -133.514 0. 0. 1. 0.
