1. 0. 0. 0. 0. -1. -0. 0. 0. 0. -1. 0.
1. -0.001 -0. 0.010 -0.001 -1. -0. 0.015 0. 0. -1. 0.
1. -0.002 -0. 0.014 -0.002 -1. -0. -0.014 0. 0. -1. 0.
1. -0. -0. 0.038 -0. -1. -0. -0.011 0. 0. -1. 0.
1. 0.000 0. 0.002 0.000 -1. -0. 0.032 0. 0. -1. 0.
1. -0.000 -0. 0.007 -0.000 -1. -0. -0.011 0. 0. -1. 0.
1. -0.001 -0. -0.001 -0.001 -1. -0. 0.043 0. 0. -1. 0.
1. -0.002 -0. 0.003 -0.002 -1. -0. -0.012 0. 0. -1. 0.
1. -0.003 -0. -0.014 -0.003 -1. -0. 0.046 0. 0. -1. 0.
1. -0.001 -0. 0.007 -0.001 -1. -0. -0.023 0. 0. -1. 0.
1. -0.005 -0. 0.010 -0.005 -1. -0. 0.058 0. 0. -1. 0.
1. -0.004 -0. 0.011 -0.004 -1. -0. 0.079 0. 0. -1. 0.
1. -0.000 -0. 0.006 -0.000 -1. -0. -0.011 0. 0. -1. 0.
1. -0.002 -0. 0.002 -0.002 -1. -0. 0.044 0. 0. -1. 0.
1. 0.000 0. -0.022 0.000 -1. -0. 0.017 0. 0. -1. 0.
1. -0.000 -0. 0.016 -0.000 -1. -0. 0.054 0. 0. -1. 0.
1. 0.000 0. -0.009 0.000 -1. -0. 0.046 0. 0. -1. 0.
1. -0.006 -0. 0.058 -0.006 -1. -0. 0.014 0. 0. -1. 0.
1. -0.003 -0. -0.019 -0.003 -1. -0. 0.047 0. 0. -1. 0.
1. -0.001 -0. 0.021 -0.001 -1. -0. -0.020 0. 0. -1. 0.
1. -0.003 -0. 0.002 -0.003 -1. -0. 0.056 0. 0. -1. 0.
1. -0.000 -0. -0.013 -0.000 -1. -0. 0.052 0. 0. -1. 0.
1. -0. -0. 0.018 -0. -1. -0. -0.005 0. 0. -1. 0.
1. -0.004 -0. 0.012 -0.004 -1. -0. 0.068 0. 0. -1. 0.
1. -0.003 -0. -0.007 -0.003 -1. -0. -0.022 0. 0. -1. 0.
1. -0.008 -0. 0.011 -0.008 -1. -0. 0.045 0. 0. -1. 0.
1. -0.003 -0. 0.002 -0.003 -1. -0. -0.094 0. 0. -1. 0.
1. -0.005 -0. 0.013 -0.005 -1. -0. 0.078 0. 0. -1. 0.
1. -0.006 -0. 0.038 -0.006 -1. -0. 0.004 0. 0. -1. 0.
1. -0.001 -0. 0.004 -0.001 -1. -0. 0.012 0. 0. -1. 0.
1. 0.001 0. 0.003 0.001 -1. -0. -0.014 0. 0. -1. 0.
1. -0.002 -0. 0.018 -0.002 -1. -0. 0.046 0. 0. -1. 0.
1. -0.001 -0. -0.029 -0.001 -1. -0. -0.003 0. 0. -1. 0.
1. -0.000 -0. 0.009 -0.000 -1. -0. -0.017 0. 0. -1. 0.
1. -0.003 -0. 0.006 -0.003 -1. -0. -0.034 0. 0. -1. 0.
1. -0.003 -0. -0.021 -0.003 -1. -0. 0.044 0. 0. -1. 0.
1. -0. -0. 0.007 -0. -1. -0. -0.020 0. 0. -1. 0.
1. -0.003 -0. 0.006 -0.003 -1. -0. 0.053 0. 0. -1. 0.
1. 0.000 0. -0.009 0.000 -1. -0. 0.049 0. 0. -1. 0.
1. -0.001 -0. 0.019 -0.001 -1. -0. -0.009 0. 0. -1. 0.
1. 0. 0. -0.032 0. -1. -0. -0.022 0. 0. -1. 0.
1. -0.002 -0. 0.011 -0.002 -1. -0. 0.061 0. 0. -1. 0.
1. 0.000 0. -0.002 0.000 -1. -0. -0.003 0. 0. -1. 0.
1. -0.003 -0. 0.023 -0.003 -1. -0. 0.020 0. 0. -1. 0.
1. -0.007 -0. -0.007 -0.007 -1. -0. 0.052 0. 0. -1. 0.
1. -0.003 -0. -0.003 -0.003 -1. -0. -0.061 0. 0. -1. 0.
1. -0.004 -0. 0.017 -0.004 -1. -0. 0.037 0. 0. -1. 0.
1. 0. 0. -0.011 0. -1. -0. 0.039 0. 0. -1. 0.
1. -0.000 -0. 0.007 -0.000 -1. -0. 0.012 0. 0. -1. 0.
1. -0.005 -0. -0.004 -0.005 -1. -0. 0.060 0. 0. -1. 0.
1. -0.001 -0. 0.006 -0.001 -1. -0. -0.021 0. 0. -1. 0.
1. -0.005 -0. 0.024 -0.005 -1. -0. -0.010 0. 0. -1. 0.
1. -0.003 -0. -0.023 -0.003 -1. -0. 0.055 0. 0. -1. 0.
1. -0. -0. 0.013 -0. -1. -0. 0.013 0. 0. -1. 0.
1. -0.003 -0. 0.024 -0.003 -1. -0. 0.044 0. 0. -1. 0.
1. -0.005 -0. 0.010 -0.005 -1. -0. -0.003 0. 0. -1. 0.
1. -0.002 -0. 0.023 -0.002 -1. -0. -0.057 0. 0. -1. 0.
1. -0.001 -0. 0.002 -0.001 -1. -0. 0.041 0. 0. -1. 0.
1. -0.002 -0. 0.012 -0.002 -1. -0. 0.027 0. 0. -1. 0.
1. -0.005 -0. 0.026 -0.005 -1. -0. 0.026 0. 0. -1. 0.
1. -0.002 -0. -0.001 -0.002 -1. -0. 0.035 0. 0. -1. 0.
1. -0. -0. -0.003 -0. -1. -0. 0.005 0. 0. -1. 0.
1. 0. 0. -0.003 0. -1. -0. -0.001 0. 0. -1. 0.
1. -0.006 -0. 0.009 -0.006 -1. -0. 0.064 0. 0. -1. 0.
1. -0.005 -0. 0.002 -0.005 -1. -0. 0.025 0. 0. -1. 0.
1. -0.001 -0. -0.002 -0.001 -1. -0. 0.045 0. 0. -1. 0.
1. -0.001 -0. 0.043 -0.001 -1. -0. 0.083 0. 0. -1. 0.
1. 0.002 0. 0.059 0.002 -1. -0. 0.030 0. 0. -1. 0.
1. 0.004 0. 0.144 0.004 -1. -0. 0.071 0. 0. -1. 0.
1. 0.008 0. 0.155 0.008 -1. -0. 0.034 0. 0. -1. 0.
1.000 0.022 0. 0.290 0.022 -1.000 -0. 0.006 0. 0. -1. 0.
0.999 0.046 0. 0.485 0.046 -0.999 -0. 0.056 0. 0. -1. 0.
0.997 0.073 0. 0.841 0.073 -0.997 -0. 0.089 0. 0. -1. 0.
0.996 0.094 0. 1.277 0.094 -0.996 -0. 0.134 0. 0. -1. 0.
0.993 0.116 0. 1.706 0.116 -0.993 -0. 0.125 0. 0. -1. 0.
0.989 0.146 0. 2.231 0.146 -0.989 -0. 0.281 0. 0. -1. 0.
0.985 0.172 0. 2.852 0.172 -0.985 -0. 0.455 0. 0. -1. 0.
0.984 0.180 0. 3.501 0.180 -0.984 -0. 0.509 0. 0. -1. 0.
0.983 0.183 0. 4.211 0.183 -0.983 -0. 0.665 0. 0. -1. 0.
0.982 0.189 0. 4.911 0.189 -0.982 -0. 0.844 0. 0. -1. 0.
0.983 0.186 0. 5.639 0.186 -0.983 -0. 0.986 0. 0. -1. 0.
0.983 0.182 0. 6.526 0.182 -0.983 -0. 1.109 0. 0. -1. 0.
0.986 0.167 0. 7.439 0.167 -0.986 -0. 1.276 0. 0. -1. 0.
0.987 0.163 0. 8.410 0.163 -0.987 -0. 1.346 0. 0. -1. 0.
0.989 0.146 0. 9.388 0.146 -0.989 -0. 1.450 0. 0. -1. 0.
0.991 0.130 0. 10.517 0.130 -0.991 -0. 1.632 0. 0. -1. 0.
0.992 0.128 0. 11.527 0.128 -0.992 -0. 1.795 0. 0. -1. 0.
0.992 0.127 0. 12.634 0.127 -0.992 -0. 1.968 0. 0. -1. 0.
0.992 0.124 0. 13.825 0.124 -0.992 -0. 2.107 0. 0. -1. 0.
0.992 0.124 0. 14.972 0.124 -0.992 -0. 2.202 0. 0. -1. 0.
0.992 0.123 0. 16.301 0.123 -0.992 -0. 2.344 0. 0. -1. 0.
0.992 0.126 0. 17.738 0.126 -0.992 -0. 2.442 0. 0. -1. 0.
0.993 0.120 0. 19.184 0.120 -0.993 -0. 2.609 0. 0. -1. 0.
0.993 0.116 0. 20.644 0.116 -0.993 -0. 2.785 0. 0. -1. 0.
0.993 0.121 0. 22.150 0.121 -0.993 -0. 2.938 0. 0. -1. 0.
0.992 0.128 0. 23.710 0.128 -0.992 -0. 3.131 0. 0. -1. 0.
0.991 0.134 0. 25.267 0.134 -0.991 -0. 3.231 0. 0. -1. 0.
0.990 0.138 0. 26.795 0.138 -0.990 -0. 3.480 0. 0. -1. 0.
0.991 0.136 0. 28.342 0.136 -0.991 -0. 3.664 0. 0. -1. 0.
0.990 0.143 0. 29.808 0.143 -0.990 -0. 3.790 0. 0. -1. 0.
0.989 0.145 0. 31.231 0.145 -0.989 -0. 4.061 0. 0. -1. 0.
0.989 0.149 0. 32.738 0.149 -0.989 -0. 4.244 0. 0. -1. 0.
0.989 0.149 0. 34.295 0.149 -0.989 -0. 4.547 0. 0. -1. 0.
0.987 0.159 0. 35.777 0.159 -0.987 -0. 4.594 0. 0. -1. 0.
0.985 0.175 0. 37.316 0.175 -0.985 -0. 4.974 0. 0. -1. 0.
0.986 0.168 0. 38.808 0.168 -0.986 -0. 5.230 0. 0. -1. 0.
0.984 0.177 0. 40.347 0.177 -0.984 -0. 5.458 0. 0. -1. 0.
0.984 0.180 0. 41.891 0.180 -0.984 -0. 5.662 0. 0. -1. 0.
0.984 0.178 0. 43.464 0.178 -0.984 -0. 5.974 0. 0. -1. 0.
0.982 0.187 0. 45.037 0.187 -0.982 -0. 6.144 0. 0. -1. 0.
0.982 0.188 0. 46.638 0.188 -0.982 -0. 6.466 0. 0. -1. 0.
0.981 0.193 0. 48.219 0.193 -0.981 -0. 6.741 0. 0. -1. 0.
0.982 0.191 0. 49.875 0.191 -0.982 -0. 7.123 0. 0. -1. 0.
0.982 0.191 0. 51.597 0.191 -0.982 -0. 7.434 0. 0. -1. 0.
0.983 0.181 0. 53.290 0.181 -0.983 -0. 7.779 0. 0. -1. 0.
0.985 0.171 0. 55.097 0.171 -0.985 -0. 8.061 0. 0. -1. 0.
0.985 0.170 0. 56.961 0.170 -0.985 -0. 8.160 0. 0. -1. 0.
0.986 0.164 0. 58.790 0.164 -0.986 -0. 8.513 0. 0. -1. 0.
0.987 0.163 0. 60.571 0.163 -0.987 -0. 8.694 0. 0. -1. 0.
0.987 0.159 0. 62.559 0.159 -0.987 -0. 9.157 0. 0. -1. 0.
0.988 0.156 0. 64.382 0.156 -0.988 -0. 9.437 0. 0. -1. 0.
0.989 0.145 0. 66.212 0.145 -0.989 -0. 9.809 0. 0. -1. 0.
0.989 0.147 0. 68.151 0.147 -0.989 -0. 9.937 0. 0. -1. 0.
0.991 0.135 0. 70.048 0.135 -0.991 -0. 10.282 0. 0. -1. 0.
0.991 0.131 0. 71.905 0.131 -0.991 -0. 10.428 0. 0. -1. 0.
0.993 0.115 0. 73.861 0.115 -0.993 -0. 10.642 0. 0. -1. 0.
0.996 0.095 0. 75.715 0.095 -0.996 -0. 10.823 0. 0. -1. 0.
0.998 0.064 0. 77.611 0.064 -0.998 -0. 10.981 0. 0. -1. 0.
0.999 0.034 0. 79.551 0.034 -0.999 -0. 11.103 0. 0. -1. 0.
1. -0.014 -0. 81.442 -0.014 -1. -0. 11.028 0. 0. -1. 0.
0.999 -0.053 -0. 83.251 -0.053 -0.999 -0. 10.825 0. 0. -1. 0.
0.995 -0.095 -0. 85.187 -0.095 -0.995 -0. 10.768 0. 0. -1. 0.
0.988 -0.153 -0. 86.991 -0.153 -0.988 -0. 10.515 0. 0. -1. 0.
0.982 -0.191 -0. 88.849 -0.191 -0.982 -0. 10.016 0. 0. -1. 0.
0.969 -0.245 -0. 90.722 -0.245 -0.969 -0. 9.563 0. 0. -1. 0.
0.957 -0.291 -0. 92.591 -0.291 -0.957 -0. 9.062 0. 0. -1. 0.
0.942 -0.336 -0. 94.287 -0.336 -0.942 -0. 8.313 0. 0. -1. 0.
0.923 -0.386 -0. 96.147 -0.386 -0.923 -0. 7.716 0. 0. -1. 0.
0.892 -0.452 -0. 97.920 -0.452 -0.892 -0. 6.869 0. 0. -1. 0.
0.860 -0.510 -0. 99.545 -0.510 -0.860 -0. 5.829 0. 0. -1. 0.
0.823 -0.568 -0. 101.130 -0.568 -0.823 -0. 4.726 0. 0. -1. 0.
0.784 -0.621 -0. 102.562 -0.621 -0.784 -0. 3.533 0. 0. -1. 0.
0.738 -0.675 -0. 103.980 -0.675 -0.738 -0. 2.334 0. 0. -1. 0.
0.689 -0.724 -0. 105.260 -0.724 -0.689 -0. 0.999 0. 0. -1. 0.
0.640 -0.769 -0. 106.444 -0.769 -0.640 -0. -0.468 0. 0. -1. 0.
0.589 -0.808 -0. 107.500 -0.808 -0.589 -0. -1.940 0. 0. -1. 0.
0.548 -0.836 -0. 108.365 -0.836 -0.548 -0. -3.618 0. 0. -1. 0.
0.522 -0.853 -0. 109.311 -0.853 -0.522 -0. -5.294 0. 0. -1. 0.
0.502 -0.865 -0. 110.349 -0.865 -0.502 -0. -6.851 0. 0. -1. 0.
0.479 -0.878 -0. 111.239 -0.878 -0.479 -0. -8.510 0. 0. -1. 0.
0.466 -0.885 -0. 112.050 -0.885 -0.466 -0. -10.171 0. 0. -1. 0.
0.465 -0.885 -0. 112.847 -0.885 -0.465 -0. -11.932 0. 0. -1. 0.
0.465 -0.885 -0. 113.924 -0.885 -0.465 -0. -13.533 0. 0. -1. 0.
0.470 -0.883 -0. 114.609 -0.883 -0.470 -0. -15.200 0. 0. -1. 0.
0.474 -0.881 -0. 115.427 -0.881 -0.474 -0. -16.854 0. 0. -1. 0.
0.474 -0.880 -0. 116.335 -0.880 -0.474 -0. -18.436 0. 0. -1. 0.
0.480 -0.877 -0. 117.206 -0.877 -0.480 -0. -19.971 0. 0. -1. 0.
0.492 -0.871 -0. 118.106 -0.871 -0.492 -0. -21.446 0. 0. -1. 0.
0.500 -0.866 -0. 118.850 -0.866 -0.500 -0. -22.857 0. 0. -1. 0.
0.520 -0.854 -0. 119.637 -0.854 -0.520 -0. -24.193 0. 0. -1. 0.
0.545 -0.838 -0. 120.324 -0.838 -0.545 -0. -25.506 0. 0. -1. 0.
0.561 -0.828 -0. 120.964 -0.828 -0.561 -0. -26.665 0. 0. -1. 0.
0.577 -0.817 -0. 121.722 -0.817 -0.577 -0. -27.555 0. 0. -1. 0.
0.597 -0.802 -0. 122.154 -0.802 -0.597 -0. -28.485 0. 0. -1. 0.
0.607 -0.795 -0. 122.710 -0.795 -0.607 -0. -29.121 0. 0. -1. 0.
0.614 -0.789 -0. 123.233 -0.789 -0.614 -0. -29.625 0. 0. -1. 0.
0.621 -0.784 -0. 123.502 -0.784 -0.621 -0. -30.156 0. 0. -1. 0.
0.629 -0.778 -0. 123.796 -0.778 -0.629 -0. -30.517 0. 0. -1. 0.
0.634 -0.773 -0. 124.117 -0.773 -0.634 -0. -30.792 0. 0. -1. 0.
0.642 -0.767 -0. 124.357 -0.767 -0.642 -0. -31.187 0. 0. -1. 0.
0.646 -0.764 -0. 124.730 -0.764 -0.646 -0. -31.542 0. 0. -1. 0.
0.650 -0.760 -0. 125.144 -0.760 -0.650 -0. -31.973 0. 0. -1. 0.
0.655 -0.756 -0. 125.576 -0.756 -0.655 -0. -32.554 0. 0. -1. 0.
0.662 -0.750 -0. 125.973 -0.750 -0.662 -0. -33.049 0. 0. -1. 0.
0.668 -0.744 -0. 126.657 -0.744 -0.668 -0. -33.724 0. 0. -1. 0.
0.679 -0.734 -0. 127.196 -0.734 -0.679 -0. -34.502 0. 0. -1. 0.
0.686 -0.727 -0. 127.982 -0.727 -0.686 -0. -35.257 0. 0. -1. 0.
0.695 -0.719 -0. 128.744 -0.719 -0.695 -0. -36.102 0. 0. -1. 0.
0.706 -0.708 -0. 129.553 -0.708 -0.706 -0. -37.085 0. 0. -1. 0.
0.717 -0.697 -0. 130.819 -0.697 -0.717 -0. -38.033 0. 0. -1. 0.
0.729 -0.685 -0. 131.800 -0.685 -0.729 -0. -39.124 0. 0. -1. 0.
0.741 -0.671 -0. 133.036 -0.671 -0.741 -0. -40.095 0. 0. -1. 0.
0.759 -0.651 -0. 134.177 -0.651 -0.759 -0. -41.342 0. 0. -1. 0.
0.777 -0.629 -0. 135.398 -0.629 -0.777 -0. -42.321 0. 0. -1. 0.
0.791 -0.612 -0. 136.748 -0.612 -0.791 -0. -43.387 0. 0. -1. 0.
0.808 -0.589 -0. 137.983 -0.589 -0.808 -0. -44.370 0. 0. -1. 0.
0.818 -0.576 -0. 139.292 -0.576 -0.818 -0. -45.368 0. 0. -1. 0.
0.825 -0.565 -0. 140.724 -0.565 -0.825 -0. -46.206 0. 0. -1. 0.
0.832 -0.555 -0. 142.094 -0.555 -0.832 -0. -47.118 0. 0. -1. 0.
0.839 -0.544 -0. 143.406 -0.544 -0.839 -0. -48.174 0. 0. -1. 0.
0.844 -0.536 -0. 144.949 -0.536 -0.844 -0. -48.933 0. 0. -1. 0.
0.849 -0.529 -0. 146.293 -0.529 -0.849 -0. -49.786 0. 0. -1. 0.
0.855 -0.518 -0. 147.607 -0.518 -0.855 -0. -50.682 0. 0. -1. 0.
0.863 -0.504 -0. 149.076 -0.504 -0.863 -0. -51.603 0. 0. -1. 0.
0.869 -0.494 -0. 150.506 -0.494 -0.869 -0. -52.401 0. 0. -1. 0.
0.884 -0.468 -0. 151.946 -0.468 -0.884 -0. -53.149 0. 0. -1. 0.
0.904 -0.428 -0. 153.348 -0.428 -0.904 -0. -53.896 0. 0. -1. 0.
0.924 -0.382 -0. 154.860 -0.382 -0.924 -0. -54.585 0. 0. -1. 0.
0.947 -0.322 -0. 156.362 -0.322 -0.947 -0. -55.068 0. 0. -1. 0.
0.969 -0.247 -0. 157.834 -0.247 -0.969 -0. -55.473 0. 0. -1. 0.
0.989 -0.149 -0. 159.366 -0.149 -0.989 -0. -55.695 0. 0. -1. 0.
1. -0.013 -0. 160.737 -0.013 -1. -0. -55.874 0. 0. -1. 0.
0.993 0.117 0. 162.238 0.117 -0.993 -0. -55.591 0. 0. -1. 0.
0.963 0.269 0. 163.538 0.269 -0.963 -0. -55.273 0. 0. -1. 0.
0.906 0.423 0. 164.720 0.423 -0.906 -0. -54.706 0. 0. -1. 0.
0.821 0.571 0. 165.967 0.571 -0.821 -0. -53.918 0. 0. -1. 0.
0.702 0.712 0. 166.835 0.712 -0.702 -0. -52.980 0. 0. -1. 0.
0.564 0.826 0. 167.456 0.826 -0.564 -0. -51.946 0. 0. -1. 0.
0.405 0.914 0. 167.991 0.914 -0.405 -0. -50.797 0. 0. -1. 0.
0.234 0.972 0. 168.197 0.972 -0.234 -0. -49.642 0. 0. -1. 0.
0.047 0.999 0. 168.230 0.999 -0.047 -0. -48.503 0. 0. -1. 0.
-0.135 0.991 0. 167.987 0.991 0.135 0. -47.277 0. 0. -1. 0.
-0.321 0.947 0. 167.629 0.947 0.321 0. -46.227 0. 0. -1. 0.
-0.483 0.876 0. 166.984 0.876 0.483 0. -45.223 0. 0. -1. 0.
-0.637 0.771 0. 166.191 0.771 0.637 0. -44.232 0. 0. -1. 0.
-0.750 0.661 0. 165.101 0.661 0.750 0. -43.337 0. 0. -1. 0.
-0.833 0.553 0. 163.934 0.553 0.833 0. -42.571 0. 0. -1. 0.
-0.888 0.461 0. 162.643 0.461 0.888 0. -41.960 0. 0. -1. 0.
-0.925 0.380 0. 161.362 0.380 0.925 0. -41.441 0. 0. -1. 0.
-0.951 0.309 0. 159.965 0.309 0.951 0. -40.946 0. 0. -1. 0.
-0.971 0.241 0. 158.376 0.241 0.971 0. -40.544 0. 0. -1. 0.
-0.982 0.189 0. 156.828 0.189 0.982 0. -40.221 0. 0. -1. 0.
-0.990 0.142 0. 155.116 0.142 0.990 0. -39.903 0. 0. -1. 0.
-0.993 0.117 0. 153.430 0.117 0.993 0. -39.655 0. 0. -1. 0.
-0.995 0.097 0. 151.797 0.097 0.995 0. -39.497 0. 0. -1. 0.
-0.996 0.088 0. 150.011 0.088 0.996 0. -39.371 0. 0. -1. 0.
-0.997 0.081 0. 148.302 0.081 0.997 0. -39.166 0. 0. -1. 0.
-0.996 0.085 0. 146.580 0.085 0.996 0. -38.937 0. 0. -1. 0.
-0.995 0.097 0. 144.706 0.097 0.995 0. -38.860 0. 0. -1. 0.
-0.993 0.115 0. 142.969 0.115 0.993 0. -38.687 0. 0. -1. 0.
-0.989 0.145 0. 141.259 0.145 0.989 0. -38.477 0. 0. -1. 0.
-0.983 0.183 0. 139.566 0.183 0.983 0. -38.204 0. 0. -1. 0.
-0.974 0.224 0. 137.807 0.224 0.974 0. -37.702 0. 0. -1. 0.
-0.961 0.275 0. 136.078 0.275 0.961 0. -37.075 0. 0. -1. 0.
-0.946 0.323 0. 134.566 0.323 0.946 0. -36.530 0. 0. -1. 0.
-0.924 0.381 0. 132.732 0.381 0.924 0. -35.771 0. 0. -1. 0.
-0.899 0.437 0. 131.146 0.437 0.899 0. -35.006 0. 0. -1. 0.
-0.866 0.500 0. 129.635 0.500 0.866 0. -34.051 0. 0. -1. 0.
-0.832 0.555 0. 128.177 0.555 0.832 0. -32.940 0. 0. -1. 0.
-0.797 0.605 0. 126.535 0.605 0.797 0. -31.815 0. 0. -1. 0.
-0.754 0.657 0. 125.168 0.657 0.754 0. -30.557 0. 0. -1. 0.
-0.709 0.705 0. 123.827 0.705 0.709 0. -29.248 0. 0. -1. 0.
-0.667 0.745 0. 122.748 0.745 0.667 0. -27.778 0. 0. -1. 0.
-0.633 0.774 0. 121.565 0.774 0.633 0. -26.369 0. 0. -1. 0.
-0.594 0.804 0. 120.361 0.804 0.594 0. -24.905 0. 0. -1. 0.
-0.568 0.823 0. 119.468 0.823 0.568 0. -23.271 0. 0. -1. 0.
-0.528 0.849 0. 118.316 0.849 0.528 0. -21.747 0. 0. -1. 0.
-0.500 0.866 0. 117.394 0.866 0.500 0. -20.154 0. 0. -1. 0.
-0.473 0.881 0. 116.629 0.881 0.473 0. -18.402 0. 0. -1. 0.
-0.452 0.892 0. 115.789 0.892 0.452 0. -16.721 0. 0. -1. 0.
-0.439 0.899 0. 115.049 0.899 0.439 0. -15.006 0. 0. -1. 0.
-0.422 0.907 0. 114.373 0.907 0.422 0. -13.213 0. 0. -1. 0.
-0.418 0.908 0. 113.623 0.908 0.418 0. -11.553 0. 0. -1. 0.
-0.422 0.907 0. 112.795 0.907 0.422 0. -9.789 0. 0. -1. 0.
-0.435 0.901 0. 112.073 0.901 0.435 0. -8.110 0. 0. -1. 0.
-0.462 0.887 0. 111.218 0.887 0.462 0. -6.451 0. 0. -1. 0.
-0.484 0.875 0. 110.388 0.875 0.484 0. -4.813 0. 0. -1. 0.
-0.515 0.857 0. 109.462 0.857 0.515 0. -3.232 0. 0. -1. 0.
-0.552 0.834 0. 108.556 0.834 0.552 0. -1.605 0. 0. -1. 0.
-0.599 0.801 0. 107.401 0.801 0.599 0. -0.207 0. 0. -1. 0.
-0.646 0.764 0. 106.500 0.764 0.646 0. 1.404 0. 0. -1. 0.
-0.695 0.719 0. 105.269 0.719 0.695 0. 2.648 0. 0. -1. 0.
-0.738 0.675 0. 104.074 0.675 0.738 0. 3.987 0. 0. -1. 0.
-0.778 0.628 0. 102.670 0.628 0.778 0. 5.032 0. 0. -1. 0.
-0.819 0.574 0. 101.271 0.574 0.819 0. 6.046 0. 0. -1. 0.
-0.852 0.524 0. 99.698 0.524 0.852 0. 7.014 0. 0. -1. 0.
-0.880 0.475 0. 98.117 0.475 0.880 0. 7.898 0. 0. -1. 0.
-0.902 0.431 0. 96.577 0.431 0.902 0. 8.603 0. 0. -1. 0.
-0.929 0.370 0. 95.002 0.370 0.929 0. 9.319 0. 0. -1. 0.
-0.946 0.323 0. 93.310 0.323 0.946 0. 9.916 0. 0. -1. 0.
-0.966 0.260 0. 91.665 0.260 0.966 0. 10.409 0. 0. -1. 0.
-0.977 0.212 0. 89.910 0.212 0.977 0. 10.891 0. 0. -1. 0.
-0.987 0.160 0. 88.141 0.160 0.987 0. 11.205 0. 0. -1. 0.
-0.994 0.105 0. 86.341 0.105 0.994 0. 11.470 0. 0. -1. 0.
-0.998 0.060 0. 84.557 0.060 0.998 0. 11.500 0. 0. -1. 0.
-1.000 0.018 0. 82.693 0.018 1.000 0. 11.518 0. 0. -1. 0.
-1. -0.013 -0. 80.881 -0.013 1. 0. 11.525 0. 0. -1. 0.
-0.999 -0.049 -0. 79.070 -0.049 0.999 0. 11.456 0. 0. -1. 0.
-0.998 -0.068 -0. 77.266 -0.068 0.998 0. 11.352 0. 0. -1. 0.
-0.996 -0.092 -0. 75.331 -0.092 0.996 0. 11.175 0. 0. -1. 0.
-0.995 -0.102 -0. 73.536 -0.102 0.995 0. 11.012 0. 0. -1. 0.
-0.995 -0.101 -0. 71.585 -0.101 0.995 0. 10.771 0. 0. -1. 0.
-0.994 -0.108 -0. 69.775 -0.108 0.994 0. 10.616 0. 0. -1. 0.
-0.994 -0.106 -0. 67.889 -0.106 0.994 0. 10.407 0. 0. -1. 0.
-0.993 -0.120 -0. 65.968 -0.120 0.993 0. 10.311 0. 0. -1. 0.
-0.993 -0.114 -0. 64.130 -0.114 0.993 0. 10.046 0. 0. -1. 0.
-0.992 -0.125 -0. 62.259 -0.125 0.992 0. 9.840 0. 0. -1. 0.
-0.991 -0.133 -0. 60.365 -0.133 0.991 0. 9.629 0. 0. -1. 0.
-0.991 -0.136 -0. 58.451 -0.136 0.991 0. 9.367 0. 0. -1. 0.
-0.989 -0.148 -0. 56.573 -0.148 0.989 0. 9.110 0. 0. -1. 0.
-0.987 -0.160 -0. 54.648 -0.160 0.987 0. 8.888 0. 0. -1. 0.
-0.985 -0.172 -0. 52.610 -0.172 0.985 0. 8.694 0. 0. -1. 0.
-0.985 -0.173 -0. 50.685 -0.173 0.985 0. 8.273 0. 0. -1. 0.
-0.983 -0.186 -0. 48.842 -0.186 0.983 0. 8.088 0. 0. -1. 0.
-0.982 -0.187 -0. 46.816 -0.187 0.982 0. 7.665 0. 0. -1. 0.
-0.981 -0.194 -0. 44.898 -0.194 0.981 0. 7.246 0. 0. -1. 0.
-0.981 -0.195 -0. 42.921 -0.195 0.981 0. 6.873 0. 0. -1. 0.
-0.980 -0.198 -0. 40.892 -0.198 0.980 0. 6.572 0. 0. -1. 0.
-0.980 -0.197 -0. 38.954 -0.197 0.980 0. 6.231 0. 0. -1. 0.
-0.982 -0.191 -0. 36.935 -0.191 0.982 0. 5.842 0. 0. -1. 0.
-0.985 -0.173 -0. 34.929 -0.173 0.985 0. 5.452 0. 0. -1. 0.
-0.988 -0.156 -0. 32.948 -0.156 0.988 0. 5.059 0. 0. -1. 0.
-0.991 -0.137 -0. 30.815 -0.137 0.991 0. 4.875 0. 0. -1. 0.
-0.993 -0.115 -0. 28.843 -0.115 0.993 0. 4.604 0. 0. -1. 0.
-0.996 -0.092 -0. 26.811 -0.092 0.996 0. 4.398 0. 0. -1. 0.
-0.997 -0.077 -0. 24.695 -0.077 0.997 0. 4.290 0. 0. -1. 0.
-0.998 -0.058 -0. 22.607 -0.058 0.998 0. 4.266 0. 0. -1. 0.
-0.999 -0.049 -0. 20.553 -0.049 0.999 0. 4.138 0. 0. -1. 0.
-0.999 -0.047 -0. 18.464 -0.047 0.999 0. 4.085 0. 0. -1. 0.
-0.999 -0.038 -0. 16.394 -0.038 0.999 0. 3.993 0. 0. -1. 0.
-0.999 -0.032 -0. 14.353 -0.032 0.999 0. 4.012 0. 0. -1. 0.
-1.000 -0.029 -0. 12.295 -0.029 1.000 0. 3.979 0. 0. -1. 0.
-1.000 -0.029 -0. 10.350 -0.029 1.000 0. 3.960 0. 0. -1. 0.
-1.000 -0.025 -0. 8.277 -0.025 1.000 0. 3.867 0. 0. -1. 0.
-1.000 -0.027 -0. 6.313 -0.027 1.000 0. 3.837 0. 0. -1. 0.
-1.000 -0.027 -0. 4.195 -0.027 1.000 0. 3.870 0. 0. -1. 0.
-1.000 -0.028 -0. 2.246 -0.028 1.000 0. 3.743 0. 0. -1. 0.
-0.999 -0.037 -0. 0.212 -0.037 0.999 0. 3.755 0. 0. -1. 0.
-0.999 -0.039 -0. -1.792 -0.039 0.999 0. 3.683 0. 0. -1. 0.
-0.999 -0.047 -0. -3.788 -0.047 0.999 0. 3.562 0. 0. -1. 0.
-0.999 -0.041 -0. -5.819 -0.041 0.999 0. 3.459 0. 0. -1. 0.
-0.999 -0.048 -0. -7.816 -0.048 0.999 0. 3.324 0. 0. -1. 0.
-0.999 -0.045 -0. -9.760 -0.045 0.999 0. 3.255 0. 0. -1. 0.
-0.999 -0.051 -0. -11.733 -0.051 0.999 0. 3.219 0. 0. -1. 0.
-0.999 -0.049 -0. -13.768 -0.049 0.999 0. 3.128 0. 0. -1. 0.
-0.998 -0.056 -0. -15.657 -0.056 0.998 0. 3.016 0. 0. -1. 0.
-0.998 -0.063 -0. -17.611 -0.063 0.998 0. 2.956 0. 0. -1. 0.
-0.998 -0.057 -0. -19.577 -0.057 0.998 0. 2.830 0. 0. -1. 0.
-0.998 -0.058 -0. -21.523 -0.058 0.998 0. 2.732 0. 0. -1. 0.
-0.998 -0.059 -0. -23.708 -0.059 0.998 0. 2.723 0. 0. -1. 0.
-0.998 -0.057 -0. -25.539 -0.057 0.998 0. 2.545 0. 0. -1. 0.
-0.998 -0.060 -0. -27.658 -0.060 0.998 0. 2.560 0. 0. -1. 0.
-0.998 -0.063 -0. -29.659 -0.063 0.998 0. 2.548 0. 0. -1. 0.
-0.998 -0.063 -0. -31.723 -0.063 0.998 0. 2.389 0. 0. -1. 0.
-0.998 -0.070 -0. -33.800 -0.070 0.998 0. 2.283 0. 0. -1. 0.
-0.998 -0.063 -0. -35.956 -0.063 0.998 0. 2.127 0. 0. -1. 0.
-0.998 -0.067 -0. -38.009 -0.067 0.998 0. 1.989 0. 0. -1. 0.
-0.998 -0.071 -0. -40.152 -0.071 0.998 0. 1.884 0. 0. -1. 0.
-0.997 -0.082 -0. -42.217 -0.082 0.997 0. 1.704 0. 0. -1. 0.
-0.997 -0.081 -0. -44.414 -0.081 0.997 0. 1.569 0. 0. -1. 0.
-0.995 -0.097 -0. -46.508 -0.097 0.995 0. 1.394 0. 0. -1. 0.
-0.995 -0.100 -0. -48.624 -0.100 0.995 0. 1.104 0. 0. -1. 0.
-0.994 -0.107 -0. -50.630 -0.107 0.994 0. 0.907 0. 0. -1. 0.
-0.993 -0.115 -0. -52.643 -0.115 0.993 0. 0.722 0. 0. -1. 0.
-0.993 -0.116 -0. -54.763 -0.116 0.993 0. 0.529 0. 0. -1. 0.
-0.991 -0.131 -0. -56.666 -0.131 0.991 0. 0.256 0. 0. -1. 0.
-0.992 -0.126 -0. -58.730 -0.126 0.992 0. 0.190 0. 0. -1. 0.
-0.992 -0.124 -0. -60.680 -0.124 0.992 0. -0.231 0. 0. -1. 0.
-0.992 -0.128 -0. -62.500 -0.128 0.992 0. -0.536 0. 0. -1. 0.
-0.994 -0.113 -0. -64.448 -0.113 0.994 0. -0.673 0. 0. -1. 0.
-0.994 -0.110 -0. -66.303 -0.110 0.994 0. -0.967 0. 0. -1. 0.
-0.995 -0.095 -0. -68.173 -0.095 0.995 0. -0.977 0. 0. -1. 0.
-0.997 -0.082 -0. -70.038 -0.082 0.997 0. -1.184 0. 0. -1. 0.
-0.999 -0.055 -0. -71.959 -0.055 0.999 0. -1.249 0. 0. -1. 0.
-0.999 -0.035 -0. -73.704 -0.035 0.999 0. -1.223 0. 0. -1. 0.
-1. 0.001 0. -75.627 0.001 1. 0. -1.275 0. 0. -1. 0.
-1.000 0.030 0. -77.509 0.030 1.000 0. -1.147 0. 0. -1. 0.
-0.998 0.070 0. -79.396 0.070 0.998 0. -1.021 0. 0. -1. 0.
-0.994 0.105 0. -81.098 0.105 0.994 0. -0.762 0. 0. -1. 0.
-0.989 0.148 0. -82.807 0.148 0.989 0. -0.501 0. 0. -1. 0.
-0.978 0.207 0. -84.455 0.207 0.978 0. -0.084 0. 0. -1. 0.
-0.962 0.273 0. -86.059 0.273 0.962 0. 0.419 0. 0. -1. 0.
-0.936 0.353 0. -87.566 0.353 0.936 0. 1.016 0. 0. -1. 0.
-0.907 0.422 0. -88.952 0.422 0.907 0. 1.744 0. 0. -1. 0.
-0.866 0.500 0. -90.296 0.500 0.866 0. 2.568 0. 0. -1. 0.
-0.809 0.587 0. -91.539 0.587 0.809 0. 3.495 0. 0. -1. 0.
-0.749 0.662 0. -92.680 0.662 0.749 0. 4.449 0. 0. -1. 0.
-0.678 0.735 0. -93.675 0.735 0.678 0. 5.654 0. 0. -1. 0.
-0.596 0.803 0. -94.531 0.803 0.596 0. 6.872 0. 0. -1. 0.
-0.508 0.861 0. -95.196 0.861 0.508 0. 8.209 0. 0. -1. 0.
-0.419 0.908 0. -95.895 0.908 0.419 0. 9.707 0. 0. -1. 0.
-0.340 0.940 0. -96.316 0.940 0.340 0. 11.142 0. 0. -1. 0.
-0.276 0.961 0. -96.822 0.961 0.276 0. 12.766 0. 0. -1. 0.
-0.223 0.975 0. -97.224 0.975 0.223 0. 14.465 0. 0. -1. 0.
-0.175 0.985 0. -97.426 0.985 0.175 0. 16.063 0. 0. -1. 0.
-0.144 0.990 0. -97.599 0.990 0.144 0. 17.847 0. 0. -1. 0.
-0.134 0.991 0. -97.900 0.991 0.134 0. 19.746 0. 0. -1. 0.
-0.130 0.992 0. -98.138 0.992 0.130 0. 21.685 0. 0. -1. 0.
-0.137 0.991 0. -98.415 0.991 0.137 0. 23.604 0. 0. -1. 0.
-0.141 0.990 0. -98.626 0.990 0.141 0. 25.691 0. 0. -1. 0.
-0.144 0.990 0. -98.956 0.990 0.144 0. 27.643 0. 0. -1. 0.
-0.140 0.990 0. -99.236 0.990 0.140 0. 29.628 0. 0. -1. 0.
-0.138 0.990 0. -99.413 0.990 0.138 0. 31.571 0. 0. -1. 0.
-0.144 0.990 0. -99.690 0.990 0.144 0. 33.642 0. 0. -1. 0.
-0.144 0.990 0. -100.031 0.990 0.144 0. 35.512 0. 0. -1. 0.
-0.146 0.989 0. -100.358 0.989 0.146 0. 37.505 0. 0. -1. 0.
-0.143 0.990 0. -100.685 0.990 0.143 0. 39.600 0. 0. -1. 0.
-0.138 0.990 0. -100.868 0.990 0.138 0. 41.675 0. 0. -1. 0.
-0.128 0.992 0. -101.085 0.992 0.128 0. 43.713 0. 0. -1. 0.
-0.119 0.993 0. -101.372 0.993 0.119 0. 45.767 0. 0. -1. 0.
-0.110 0.994 0. -101.502 0.994 0.110 0. 47.689 0. 0. -1. 0.
-0.107 0.994 0. -101.672 0.994 0.107 0. 49.812 0. 0. -1. 0.
-0.104 0.995 0. -101.914 0.995 0.104 0. 51.755 0. 0. -1. 0.
-0.100 0.995 0. -102.100 0.995 0.100 0. 53.866 0. 0. -1. 0.
-0.104 0.995 0. -102.216 0.995 0.104 0. 55.846 0. 0. -1. 0.
-0.104 0.995 0. -102.461 0.995 0.104 0. 57.744 0. 0. -1. 0.
-0.105 0.994 0. -102.607 0.994 0.105 0. 59.743 0. 0. -1. 0.
-0.104 0.995 0. -102.809 0.995 0.104 0. 61.686 0. 0. -1. 0.
-0.111 0.994 0. -103.069 0.994 0.111 0. 63.602 0. 0. -1. 0.
-0.119 0.993 0. -103.247 0.993 0.119 0. 65.547 0. 0. -1. 0.
-0.118 0.993 0. -103.345 0.993 0.118 0. 67.395 0. 0. -1. 0.
-0.114 0.993 0. -103.636 0.993 0.114 0. 69.242 0. 0. -1. 0.
-0.117 0.993 0. -103.782 0.993 0.117 0. 71.057 0. 0. -1. 0.
-0.116 0.993 0. -103.916 0.993 0.116 0. 72.676 0. 0. -1. 0.
-0.123 0.992 0. -104.130 0.992 0.123 0. 74.391 0. 0. -1. 0.
-0.146 0.989 0. -104.269 0.989 0.146 0. 76.133 0. 0. -1. 0.
-0.183 0.983 0. -104.666 0.983 0.183 0. 77.670 0. 0. -1. 0.
-0.230 0.973 0. -105.165 0.973 0.230 0. 79.297 0. 0. -1. 0.
-0.282 0.959 0. -105.458 0.959 0.282 0. 80.913 0. 0. -1. 0.
-0.340 0.940 0. -106.027 0.940 0.340 0. 82.377 0. 0. -1. 0.
-0.413 0.911 0. -106.629 0.911 0.413 0. 83.913 0. 0. -1. 0.
-0.486 0.874 0. -107.387 0.874 0.486 0. 85.406 0. 0. -1. 0.
-0.545 0.838 0. -108.201 0.838 0.545 0. 86.806 0. 0. -1. 0.
-0.592 0.806 0. -109.169 0.806 0.592 0. 88.230 0. 0. -1. 0.
-0.644 0.765 0. -110.203 0.765 0.644 0. 89.527 0. 0. -1. 0.
-0.685 0.728 0. -111.426 0.728 0.685 0. 90.775 0. 0. -1. 0.
-0.723 0.691 0. -112.648 0.691 0.723 0. 92.046 0. 0. -1. 0.
-0.745 0.667 0. -113.984 0.667 0.745 0. 93.323 0. 0. -1. 0.
-0.771 0.637 0. -115.310 0.637 0.771 0. 94.572 0. 0. -1. 0.
-0.782 0.623 0. -116.835 0.623 0.782 0. 95.742 0. 0. -1. 0.
-0.791 0.612 0. -118.278 0.612 0.791 0. 96.825 0. 0. -1. 0.
-0.802 0.597 0. -119.848 0.597 0.802 0. 97.842 0. 0. -1. 0.
-0.809 0.588 0. -121.326 0.588 0.809 0. 99.119 0. 0. -1. 0.
-0.813 0.582 0. -122.847 0.582 0.813 0. 100.264 0. 0. -1. 0.
-0.816 0.577 0. -124.486 0.577 0.816 0. 101.337 0. 0. -1. 0.
-0.816 0.578 0. -126.126 0.578 0.816 0. 102.327 0. 0. -1. 0.
-0.816 0.578 0. -127.719 0.578 0.816 0. 103.507 0. 0. -1. 0.
-0.811 0.585 0. -129.290 0.585 0.811 0. 104.711 0. 0. -1. 0.
-0.810 0.587 0. -130.935 0.587 0.810 0. 105.786 0. 0. -1. 0.
-0.807 0.591 0. -132.569 0.591 0.807 0. 107.104 0. 0. -1. 0.
-0.804 0.595 0. -134.164 0.595 0.804 0. 108.327 0. 0. -1. 0.
-0.795 0.606 0. -135.795 0.606 0.795 0. 109.645 0. 0. -1. 0.
-0.793 0.610 0. -137.478 0.610 0.793 0. 110.804 0. 0. -1. 0.
-0.792 0.611 0. -139.174 0.611 0.792 0. 112.289 0. 0. -1. 0.
-0.795 0.607 0. -140.919 0.607 0.795 0. 113.467 0. 0. -1. 0.
-0.789 0.614 0. -142.635 0.614 0.789 0. 114.942 0. 0. -1. 0.
-0.788 0.616 0. -144.314 0.616 0.788 0. 116.285 0. 0. -1. 0.
-0.785 0.620 0. -146.158 0.620 0.785 0. 117.743 0. 0. -1. 0.
-0.782 0.623 0. -147.879 0.623 0.782 0. 119.192 0. 0. -1. 0.
-0.778 0.629 0. -149.689 0.629 0.778 0. 120.638 0. 0. -1. 0.
-0.775 0.632 0. -151.351 0.632 0.775 0. 122.335 0. 0. -1. 0.
-0.774 0.633 0. -153.175 0.633 0.774 0. 123.673 0. 0. -1. 0.
-0.771 0.636 0. -154.950 0.636 0.771 0. 125.368 0. 0. -1. 0.
-0.771 0.637 0. -156.585 0.637 0.771 0. 126.958 0. 0. -1. 0.
-0.766 0.642 0. -158.425 0.642 0.766 0. 128.396 0. 0. -1. 0.
-0.766 0.642 0. -160.053 0.642 0.766 0. 129.946 0. 0. -1. 0.
-0.764 0.645 0. -161.814 0.645 0.764 0. 131.539 0. 0. -1. 0.
-0.758 0.652 0. -163.584 0.652 0.758 0. 132.921 0. 0. -1. 0.
-0.760 0.650 0. -165.274 0.650 0.760 0. 134.465 0. 0. -1. 0.
-0.758 0.652 0. -167.023 0.652 0.758 0. 135.977 0. 0. -1. 0.
-0.753 0.658 0. -168.598 0.658 0.753 0. 137.470 0. 0. -1. 0.
-0.744 0.668 0. -170.316 0.668 0.744 0. 138.956 0. 0. -1. 0.
-0.737 0.676 0. -172.003 0.676 0.737 0. 140.570 0. 0. -1. 0.
-0.713 0.701 0. -173.677 0.701 0.713 0. 142.129 0. 0. -1. 0.
-0.690 0.724 0. -175.012 0.724 0.690 0. 143.951 0. 0. -1. 0.
-0.663 0.749 0. -176.652 0.749 0.663 0. 145.587 0. 0. -1. 0.
-0.643 0.766 0. -177.891 0.766 0.643 0. 147.444 0. 0. -1. 0.
-0.618 0.786 0. -179.567 0.786 0.618 0. 149.138 0. 0. -1. 0.
-0.592 0.806 0. -180.872 0.806 0.592 0. 151.080 0. 0. -1. 0.
-0.559 0.829 0. -182.190 0.829 0.559 0. 153.033 0. 0. -1. 0.
-0.522 0.853 0. -183.340 0.853 0.522 0. 155.043 0. 0. -1. 0.
-0.483 0.875 0. -184.398 0.875 0.483 0. 157.095 0. 0. -1. 0.
-0.442 0.897 0. -185.443 0.897 0.442 0. 159.216 0. 0. -1. 0.
-0.403 0.915 0. -186.309 0.915 0.403 0. 161.275 0. 0. -1. 0.
-0.367 0.930 0. -187.211 0.930 0.367 0. 163.473 0. 0. -1. 0.
-0.330 0.944 0. -188.068 0.944 0.330 0. 165.638 0. 0. -1. 0.
-0.299 0.954 0. -188.678 0.954 0.299 0. 167.863 0. 0. -1. 0.
-0.276 0.961 0. -189.092 0.961 0.276 0. 170.136 0. 0. -1. 0.
-0.265 0.964 0. -189.794 0.964 0.265 0. 172.350 0. 0. -1. 0.
-0.253 0.967 0. -190.322 0.967 0.253 0. 174.589 0. 0. -1. 0.
-0.246 0.969 0. -190.711 0.969 0.246 0. 176.827 0. 0. -1. 0.
-0.239 0.971 0. -191.267 0.971 0.239 0. 179.093 0. 0. -1. 0.
-0.228 0.974 0. -191.837 0.974 0.228 0. 181.216 0. 0. -1. 0.
-0.218 0.976 0. -192.306 0.976 0.218 0. 183.475 0. 0. -1. 0.
-0.213 0.977 0. -192.684 0.977 0.213 0. 185.649 0. 0. -1. 0.
-0.211 0.978 0. -193.110 0.978 0.211 0. 187.807 0. 0. -1. 0.
-0.214 0.977 0. -193.504 0.977 0.214 0. 190.021 0. 0. -1. 0.
-0.227 0.974 0. -193.821 0.974 0.227 0. 192.120 0. 0. -1. 0.
-0.249 0.968 0. -194.620 0.968 0.249 0. 194.141 0. 0. -1. 0.
-0.282 0.959 0. -195.086 0.959 0.282 0. 196.252 0. 0. -1. 0.
-0.320 0.947 0. -195.573 0.947 0.320 0. 198.380 0. 0. -1. 0.
-0.365 0.931 0. -196.464 0.931 0.365 0. 200.406 0. 0. -1. 0.
-0.421 0.907 0. -197.218 0.907 0.421 0. 202.374 0. 0. -1. 0.
-0.476 0.879 0. -198.253 0.879 0.476 0. 204.341 0. 0. -1. 0.
-0.531 0.847 0. -199.441 0.847 0.531 0. 206.146 0. 0. -1. 0.
-0.588 0.809 0. -200.513 0.809 0.588 0. 207.905 0. 0. -1. 0.
-0.648 0.762 0. -201.785 0.762 0.648 0. 209.708 0. 0. -1. 0.
-0.707 0.707 0. -203.295 0.707 0.707 0. 211.144 0. 0. -1. 0.
-0.764 0.645 0. -204.864 0.645 0.764 0. 212.574 0. 0. -1. 0.
-0.816 0.578 0. -206.631 0.578 0.816 0. 213.808 0. 0. -1. 0.
-0.859 0.511 0. -208.432 0.511 0.859 0. 214.829 0. 0. -1. 0.
-0.894 0.449 0. -210.303 0.449 0.894 0. 215.792 0. 0. -1. 0.
-0.921 0.389 0. -212.243 0.389 0.921 0. 216.671 0. 0. -1. 0.
-0.941 0.337 0. -214.192 0.337 0.941 0. 217.417 0. 0. -1. 0.
-0.961 0.275 0. -216.164 0.275 0.961 0. 218.035 0. 0. -1. 0.
-0.974 0.228 0. -218.236 0.228 0.974 0. 218.617 0. 0. -1. 0.
-0.980 0.199 0. -220.278 0.199 0.980 0. 219.195 0. 0. -1. 0.
-0.984 0.180 0. -222.383 0.180 0.984 0. 219.587 0. 0. -1. 0.
-0.986 0.165 0. -224.464 0.165 0.986 0. 220.018 0. 0. -1. 0.
-0.988 0.156 0. -226.611 0.156 0.988 0. 220.413 0. 0. -1. 0.
-0.989 0.146 0. -228.704 0.146 0.989 0. 220.707 0. 0. -1. 0.
-0.991 0.131 0. -230.887 0.131 0.991 0. 221.022 0. 0. -1. 0.
-0.993 0.122 0. -233.125 0.122 0.993 0. 221.301 0. 0. -1. 0.
-0.994 0.114 0. -235.266 0.114 0.994 0. 221.630 0. 0. -1. 0.
-0.994 0.110 0. -237.603 0.110 0.994 0. 221.861 0. 0. -1. 0.
-0.993 0.115 0. -239.720 0.115 0.993 0. 222.186 0. 0. -1. 0.
-0.992 0.127 0. -241.882 0.127 0.992 0. 222.480 0. 0. -1. 0.
-0.991 0.137 0. -244.049 0.137 0.991 0. 222.878 0. 0. -1. 0.
-0.988 0.152 0. -246.197 0.152 0.988 0. 223.286 0. 0. -1. 0.
-0.988 0.155 0. -248.438 0.155 0.988 0. 223.699 0. 0. -1. 0.
-0.987 0.163 0. -250.697 0.163 0.987 0. 223.978 0. 0. -1. 0.
-0.986 0.165 0. -252.827 0.165 0.986 0. 224.346 0. 0. -1. 0.
-0.985 0.174 0. -255.108 0.174 0.985 0. 224.756 0. 0. -1. 0.
-0.983 0.181 0. -257.338 0.181 0.983 0. 225.113 0. 0. -1. 0.
-0.982 0.187 0. -259.477 0.187 0.982 0. 225.631 0. 0. -1. 0.
-0.980 0.201 0. -261.587 0.201 0.980 0. 226.101 0. 0. -1. 0.
-0.977 0.212 0. -263.586 0.212 0.977 0. 226.616 0. 0. -1. 0.
-0.975 0.223 0. -265.706 0.223 0.975 0. 227.153 0. 0. -1. 0.
-0.972 0.236 0. -267.667 0.236 0.972 0. 227.611 0. 0. -1. 0.
-0.969 0.248 0. -269.564 0.248 0.969 0. 228.137 0. 0. -1. 0.
-0.963 0.269 0. -271.424 0.269 0.963 0. 228.822 0. 0. -1. 0.
-0.959 0.285 0. -273.170 0.285 0.959 0. 229.163 0. 0. -1. 0.
-0.951 0.308 0. -274.867 0.308 0.951 0. 229.724 0. 0. -1. 0.
-0.945 0.328 0. -276.422 0.328 0.945 0. 230.391 0. 0. -1. 0.
-0.939 0.345 0. -277.888 0.345 0.939 0. 230.985 0. 0. -1. 0.
-0.931 0.365 0. -279.336 0.365 0.931 0. 231.479 0. 0. -1. 0.
-0.927 0.375 0. -280.437 0.375 0.927 0. 231.998 0. 0. -1. 0.
-0.923 0.384 0. -281.623 0.384 0.923 0. 232.559 0. 0. -1. 0.
-0.920 0.392 0. -282.658 0.392 0.920 0. 232.968 0. 0. -1. 0.
-0.916 0.400 0. -283.570 0.400 0.916 0. 233.346 0. 0. -1. 0.
-0.911 0.411 0. -284.391 0.411 0.911 0. 233.733 0. 0. -1. 0.
-0.910 0.415 0. -285.130 0.415 0.910 0. 234.159 0. 0. -1. 0.
-0.903 0.430 0. -285.857 0.430 0.903 0. 234.532 0. 0. -1. 0.
-0.899 0.438 0. -286.408 0.438 0.899 0. 234.752 0. 0. -1. 0.
-0.893 0.451 0. -287.018 0.451 0.893 0. 235.118 0. 0. -1. 0.
-0.889 0.458 0. -287.400 0.458 0.889 0. 235.319 0. 0. -1. 0.
-0.884 0.467 0. -287.974 0.467 0.884 0. 235.693 0. 0. -1. 0.
-0.881 0.473 0. -288.259 0.473 0.881 0. 235.832 0. 0. -1. 0.
-0.877 0.481 0. -288.893 0.481 0.877 0. 236.135 0. 0. -1. 0.
-0.872 0.489 0. -289.351 0.489 0.872 0. 236.451 0. 0. -1. 0.
-0.864 0.503 0. -289.727 0.503 0.864 0. 236.820 0. 0. -1. 0.
-0.848 0.530 0. -290.326 0.530 0.848 0. 237.033 0. 0. -1. 0.
-0.833 0.553 0. -290.869 0.553 0.833 0. 237.368 0. 0. -1. 0.
-0.809 0.588 0. -291.547 0.588 0.809 0. 237.823 0. 0. -1. 0.
-0.782 0.623 0. -292.119 0.623 0.782 0. 238.343 0. 0. -1. 0.
-0.736 0.677 0. -292.954 0.677 0.736 0. 238.964 0. 0. -1. 0.
-0.676 0.737 0. -293.167 0.737 0.676 0. 239.615 0. 0. -1. 0.
-0.606 0.795 0. -293.881 0.795 0.606 0. 240.344 0. 0. -1. 0.
-0.534 0.846 0. -294.109 0.846 0.534 0. 241.311 0. 0. -1. 0.
-0.454 0.891 0. -294.595 0.891 0.454 0. 242.299 0. 0. -1. 0.
-0.367 0.930 0. -295.018 0.930 0.367 0. 243.245 0. 0. -1. 0.
-0.278 0.961 0. -295.291 0.961 0.278 0. 244.369 0. 0. -1. 0.
-0.194 0.981 0. -295.471 0.981 0.194 0. 245.551 0. 0. -1. 0.
-0.143 0.990 0. -295.606 0.990 0.143 0. 246.981 0. 0. -1. 0.
-0.091 0.996 0. -295.854 0.996 0.091 0. 248.596 0. 0. -1. 0.
-0.036 0.999 0. -295.844 0.999 0.036 0. 250.180 0. 0. -1. 0.
0.011 1. 0. -295.733 1. -0.011 -0. 251.976 0. 0. -1. 0.
0.055 0.998 0. -295.609 0.998 -0.055 -0. 253.878 0. 0. -1. 0.
0.090 0.996 0. -295.427 0.996 -0.090 -0. 255.908 0. 0. -1. 0.
0.108 0.994 0. -295.183 0.994 -0.108 -0. 258.004 0. 0. -1. 0.
0.122 0.993 0. -294.854 0.993 -0.122 -0. 260.350 0. 0. -1. 0.
0.125 0.992 0. -294.490 0.992 -0.125 -0. 262.611 0. 0. -1. 0.
0.121 0.993 0. -294.169 0.993 -0.121 -0. 265.103 0. 0. -1. 0.
0.115 0.993 0. -293.788 0.993 -0.115 -0. 267.623 0. 0. -1. 0.
0.118 0.993 0. -293.391 0.993 -0.118 -0. 270.159 0. 0. -1. 0.
0.126 0.992 0. -293.159 0.992 -0.126 -0. 272.715 0. 0. -1. 0.
0.122 0.993 0. -292.812 0.993 -0.122 -0. 275.441 0. 0. -1. 0.
0.123 0.992 0. -292.293 0.992 -0.123 -0. 278.245 0. 0. -1. 0.
0.128 0.992 0. -291.987 0.992 -0.128 -0. 281.033 0. 0. -1. 0.
0.126 0.992 0. -291.582 0.992 -0.126 -0. 283.955 0. 0. -1. 0.
0.127 0.992 0. -291.147 0.992 -0.127 -0. 286.985 0. 0. -1. 0.
0.130 0.991 0. -290.692 0.991 -0.130 -0. 290.142 0. 0. -1. 0.
0.129 0.992 0. -290.158 0.992 -0.129 -0. 293.208 0. 0. -1. 0.
0.129 0.992 0. -289.716 0.992 -0.129 -0. 296.425 0. 0. -1. 0.
0.132 0.991 0. -289.179 0.991 -0.132 -0. 299.656 0. 0. -1. 0.
0.138 0.990 0. -288.703 0.990 -0.138 -0. 302.988 0. 0. -1. 0.
0.136 0.991 0. -288.191 0.991 -0.136 -0. 306.389 0. 0. -1. 0.
0.133 0.991 0. -287.602 0.991 -0.133 -0. 309.832 0. 0. -1. 0.
0.143 0.990 0. -287.104 0.990 -0.143 -0. 313.273 0. 0. -1. 0.
0.142 0.990 0. -286.522 0.990 -0.142 -0. 316.673 0. 0. -1. 0.
0.142 0.990 0. -286.031 0.990 -0.142 -0. 320.279 0. 0. -1. 0.
0.148 0.989 0. -285.531 0.989 -0.148 -0. 323.834 0. 0. -1. 0.
0.145 0.989 0. -284.927 0.989 -0.145 -0. 327.399 0. 0. -1. 0.
0.140 0.990 0. -284.273 0.990 -0.140 -0. 331.087 0. 0. -1. 0.
0.142 0.990 0. -283.638 0.990 -0.142 -0. 334.675 0. 0. -1. 0.
0.143 0.990 0. -283.156 0.990 -0.143 -0. 338.410 0. 0. -1. 0.
0.142 0.990 0. -282.537 0.990 -0.142 -0. 341.985 0. 0. -1. 0.
0.139 0.990 0. -281.962 0.990 -0.139 -0. 345.731 0. 0. -1. 0.
0.132 0.991 0. -281.365 0.991 -0.132 -0. 349.378 0. 0. -1. 0.
0.136 0.991 0. -280.778 0.991 -0.136 -0. 353.113 0. 0. -1. 0.
0.137 0.991 0. -280.058 0.991 -0.137 -0. 356.890 0. 0. -1. 0.
0.142 0.990 0. -279.619 0.990 -0.142 -0. 360.569 0. 0. -1. 0.
0.143 0.990 0. -278.919 0.990 -0.143 -0. 364.305 0. 0. -1. 0.
0.143 0.990 0. -278.389 0.990 -0.143 -0. 368.136 0. 0. -1. 0.
0.142 0.990 0. -277.659 0.990 -0.142 -0. 371.909 0. 0. -1. 0.
0.142 0.990 0. -277.116 0.990 -0.142 -0. 375.699 0. 0. -1. 0.
0.138 0.990 0. -276.480 0.990 -0.138 -0. 379.421 0. 0. -1. 0.
0.137 0.991 0. -275.895 0.991 -0.137 -0. 383.298 0. 0. -1. 0.
0.137 0.991 0. -275.287 0.991 -0.137 -0. 387.133 0. 0. -1. 0.
0.137 0.991 0. -274.906 0.991 -0.137 -0. 390.988 0. 0. -1. 0.
0.138 0.990 0. -274.325 0.990 -0.138 -0. 394.776 0. 0. -1. 0.
0.140 0.990 0. -273.768 0.990 -0.140 -0. 398.677 0. 0. -1. 0.
0.142 0.990 0. -273.131 0.990 -0.142 -0. 402.463 0. 0. -1. 0.
0.143 0.990 0. -272.512 0.990 -0.143 -0. 406.294 0. 0. -1. 0.
0.139 0.990 0. -271.836 0.990 -0.139 -0. 410.000 0. 0. -1. 0.
0.137 0.991 0. -271.235 0.991 -0.137 -0. 413.841 0. 0. -1. 0.
0.136 0.991 0. -270.793 0.991 -0.136 -0. 417.605 0. 0. -1. 0.
0.133 0.991 0. -270.193 0.991 -0.133 -0. 421.434 0. 0. -1. 0.
0.136 0.991 0. -269.613 0.991 -0.136 -0. 425.142 0. 0. -1. 0.
0.137 0.991 0. -269.029 0.991 -0.137 -0. 428.852 0. 0. -1. 0.
0.139 0.990 0. -268.430 0.990 -0.139 -0. 432.674 0. 0. -1. 0.
0.139 0.990 0. -267.956 0.990 -0.139 -0. 436.479 0. 0. -1. 0.
0.139 0.990 0. -267.304 0.990 -0.139 -0. 440.246 0. 0. -1. 0.
0.139 0.990 0. -266.669 0.990 -0.139 -0. 443.980 0. 0. -1. 0.
0.137 0.991 0. -266.124 0.991 -0.137 -0. 447.775 0. 0. -1. 0.
0.137 0.991 0. -265.436 0.991 -0.137 -0. 451.584 0. 0. -1. 0.
0.138 0.990 0. -264.861 0.990 -0.138 -0. 455.238 0. 0. -1. 0.
0.134 0.991 0. -264.202 0.991 -0.134 -0. 459.005 0. 0. -1. 0.
0.134 0.991 0. -263.724 0.991 -0.134 -0. 462.803 0. 0. -1. 0.
0.138 0.990 0. -263.199 0.990 -0.138 -0. 466.430 0. 0. -1. 0.
0.136 0.991 0. -262.602 0.991 -0.136 -0. 470.116 0. 0. -1. 0.
0.141 0.990 0. -262.034 0.990 -0.141 -0. 473.691 0. 0. -1. 0.
0.138 0.990 0. -261.501 0.990 -0.138 -0. 477.330 0. 0. -1. 0.
0.133 0.991 0. -260.965 0.991 -0.133 -0. 480.973 0. 0. -1. 0.
0.141 0.990 0. -260.482 0.990 -0.141 -0. 484.543 0. 0. -1. 0.
0.135 0.991 0. -259.866 0.991 -0.135 -0. 488.042 0. 0. -1. 0.
0.136 0.991 0. -259.413 0.991 -0.136 -0. 491.634 0. 0. -1. 0.
0.133 0.991 0. -258.923 0.991 -0.133 -0. 495.085 0. 0. -1. 0.
0.132 0.991 0. -258.305 0.991 -0.132 -0. 498.569 0. 0. -1. 0.
0.135 0.991 0. -257.814 0.991 -0.135 -0. 502.012 0. 0. -1. 0.
0.132 0.991 0. -257.303 0.991 -0.132 -0. 505.368 0. 0. -1. 0.
0.134 0.991 0. -256.860 0.991 -0.134 -0. 508.784 0. 0. -1. 0.
0.133 0.991 0. -256.360 0.991 -0.133 -0. 512.156 0. 0. -1. 0.
0.134 0.991 0. -255.829 0.991 -0.134 -0. 515.536 0. 0. -1. 0.
0.126 0.992 0. -255.363 0.992 -0.126 -0. 518.936 0. 0. -1. 0.
0.125 0.992 0. -254.885 0.992 -0.125 -0. 522.255 0. 0. -1. 0.
0.131 0.991 0. -254.430 0.991 -0.131 -0. 525.508 0. 0. -1. 0.
0.123 0.992 0. -253.871 0.992 -0.123 -0. 528.748 0. 0. -1. 0.
0.122 0.993 0. -253.419 0.993 -0.122 -0. 532.098 0. 0. -1. 0.
0.127 0.992 0. -253.082 0.992 -0.127 -0. 535.247 0. 0. -1. 0.
0.118 0.993 0. -252.665 0.993 -0.118 -0. 538.493 0. 0. -1. 0.
0.107 0.994 0. -252.174 0.994 -0.107 -0. 541.618 0. 0. -1. 0.
0.105 0.995 0. -251.801 0.995 -0.105 -0. 544.755 0. 0. -1. 0.
0.098 0.995 0. -251.397 0.995 -0.098 -0. 547.595 0. 0. -1. 0.
0.086 0.996 0. -251.202 0.996 -0.086 -0. 550.499 0. 0. -1. 0.
0.074 0.997 0. -250.834 0.997 -0.074 -0. 553.457 0. 0. -1. 0.
0.070 0.998 0. -250.671 0.998 -0.070 -0. 556.044 0. 0. -1. 0.
0.057 0.998 0. -250.355 0.998 -0.057 -0. 558.665 0. 0. -1. 0.
0.058 0.998 0. -250.212 0.998 -0.058 -0. 561.257 0. 0. -1. 0.
0.042 0.999 0. -250.064 0.999 -0.042 -0. 563.664 0. 0. -1. 0.
0.034 0.999 0. -249.904 0.999 -0.034 -0. 566.172 0. 0. -1. 0.
0.029 1.000 0. -249.911 1.000 -0.029 -0. 568.215 0. 0. -1. 0.
0.026 1.000 0. -249.729 1.000 -0.026 -0. 570.410 0. 0. -1. 0.
0.022 1.000 0. -249.607 1.000 -0.022 -0. 572.419 0. 0. -1. 0.
0.015 1.000 0. -249.603 1.000 -0.015 -0. 574.191 0. 0. -1. 0.
0.012 1. 0. -249.534 1. -0.012 -0. 575.850 0. 0. -1. 0.
0.015 1.000 0. -249.507 1.000 -0.015 -0. 577.332 0. 0. -1. 0.
0.014 1. 0. -249.448 1. -0.014 -0. 578.663 0. 0. -1. 0.
0.013 1. 0. -249.326 1. -0.013 -0. 579.879 0. 0. -1. 0.
0.017 1.000 0. -249.390 1.000 -0.017 -0. 580.849 0. 0. -1. 0.
0.017 1.000 0. -249.364 1.000 -0.017 -0. 581.803 0. 0. -1. 0.
0.018 1.000 0. -249.354 1.000 -0.018 -0. 582.668 0. 0. -1. 0.
0.026 1.000 0. -249.321 1.000 -0.026 -0. 583.470 0. 0. -1. 0.
0.028 1.000 0. -249.287 1.000 -0.028 -0. 584.155 0. 0. -1. 0.
0.024 1.000 0. -249.268 1.000 -0.024 -0. 584.726 0. 0. -1. 0.
0.024 1.000 0. -249.244 1.000 -0.024 -0. 585.221 0. 0. -1. 0.
0.025 1.000 0. -249.061 1.000 -0.025 -0. 585.500 0. 0. -1. 0.
