0.984 0.177 0. -1.806 0.177 -0.984 0. 0.355 0. 0. -1. 0.
0.984 0.177 0. -1.806 0.177 -0.984 0. 0.355 0. 0. -1. 0.
0.984 0.177 0. -1.806 0.177 -0.984 0. 0.355 0. 0. -1. 0.
0.984 0.177 0. -1.806 0.177 -0.984 0. 0.355 0. 0. -1. 0.
0.984 0.177 0. -1.806 0.177 -0.984 0. 0.355 0. 0. -1. 0.
0.984 0.177 0. -1.806 0.177 -0.984 0. 0.355 0. 0. -1. 0.
0.984 0.177 0. -1.806 0.177 -0.984 0. 0.355 0. 0. -1. 0.
0.984 0.177 0. -1.806 0.177 -0.984 0. 0.355 0. 0. -1. 0.
0.984 0.177 0. -1.806 0.177 -0.984 0. 0.355 0. 0. -1. 0.
0.984 0.177 0. -1.806 0.177 -0.984 0. 0.355 0. 0. -1. 0.
0.984 0.177 0. -1.806 0.177 -0.984 0. 0.355 0. 0. -1. 0.
0.984 0.177 0. -1.806 0.177 -0.984 0. 0.355 0. 0. -1. 0.
0.984 0.177 0. -1.806 0.177 -0.984 0. 0.355 0. 0. -1. 0.
0.984 0.177 0. -1.806 0.177 -0.984 0. 0.355 0. 0. -1. 0.
0.984 0.177 0. -1.806 0.177 -0.984 0. 0.355 0. 0. -1. 0.
0.984 0.177 0. -1.806 0.177 -0.984 0. 0.355 0. 0. -1. 0.
0.984 0.177 0. -1.806 0.177 -0.984 0. 0.355 0. 0. -1. 0.
0.984 0.177 0. -1.806 0.177 -0.984 0. 0.355 0. 0. -1. 0.
0.984 0.177 0. -1.806 0.177 -0.984 0. 0.355 0. 0. -1. 0.
0.984 0.177 0. -1.806 0.177 -0.984 0. 0.354 0. 0. -1. 0.
0.984 0.177 0. -1.795 0.177 -0.984 0. 0.355 0. 0. -1. 0.
0.984 0.177 0. -1.764 0.177 -0.984 0. 0.361 0. 0. -1. 0.
0.984 0.177 0. -1.722 0.177 -0.984 0. 0.368 0. 0. -1. 0.
0.984 0.176 0. -1.667 0.176 -0.984 0. 0.377 0. 0. -1. 0.
0.984 0.176 0. -1.586 0.176 -0.984 0. 0.390 0. 0. -1. 0.
0.985 0.175 0. -1.453 0.175 -0.985 0. 0.411 0. 0. -1. 0.
0.985 0.171 0. -1.244 0.171 -0.985 0. 0.439 0. 0. -1. 0.
0.986 0.165 0. -0.953 0.165 -0.986 0. 0.477 0. 0. -1. 0.
0.988 0.155 0. -0.577 0.155 -0.988 0. 0.525 0. 0. -1. 0.
0.990 0.143 0. -0.122 0.143 -0.990 0. 0.578 0. 0. -1. 0.
0.992 0.128 0. 0.409 0.128 -0.992 0. 0.633 0. 0. -1. 0.
0.994 0.112 0. 1.009 0.112 -0.994 0. 0.685 0. 0. -1. 0.
0.996 0.094 0. 1.674 0.094 -0.996 0. 0.732 0. 0. -1. 0.
0.997 0.077 0. 2.404 0.077 -0.997 0. 0.775 0. 0. -1. 0.
0.998 0.064 0. 3.195 0.064 -0.998 0. 0.812 0. 0. -1. 0.
0.998 0.056 0. 4.049 0.056 -0.998 0. 0.859 0. 0. -1. 0.
0.998 0.055 0. 4.952 0.055 -0.998 0. 0.900 0. 0. -1. 0.
0.998 0.058 0. 5.893 0.058 -0.998 0. 0.943 0. 0. -1. 0.
0.998 0.061 0. 6.887 0.061 -0.998 0. 1.003 0. 0. -1. 0.
0.998 0.066 0. 7.922 0.066 -0.998 0. 1.063 0. 0. -1. 0.
0.997 0.076 0. 8.987 0.076 -0.997 0. 1.113 0. 0. -1. 0.
0.996 0.087 0. 10.071 0.087 -0.996 0. 1.197 0. 0. -1. 0.
0.995 0.099 0. 11.191 0.099 -0.995 0. 1.278 0. 0. -1. 0.
0.994 0.110 0. 12.379 0.110 -0.994 0. 1.381 0. 0. -1. 0.
0.992 0.124 0. 13.572 0.124 -0.992 0. 1.511 0. 0. -1. 0.
0.991 0.137 0. 14.775 0.137 -0.991 0. 1.648 0. 0. -1. 0.
0.989 0.148 0. 16.070 0.148 -0.989 0. 1.822 0. 0. -1. 0.
0.987 0.159 0. 17.388 0.159 -0.987 0. 2.004 0. 0. -1. 0.
0.986 0.169 0. 18.683 0.169 -0.986 0. 2.194 0. 0. -1. 0.
0.984 0.180 0. 19.999 0.180 -0.984 0. 2.406 0. 0. -1. 0.
0.983 0.186 0. 21.293 0.186 -0.983 0. 2.620 0. 0. -1. 0.
0.981 0.192 0. 22.574 0.192 -0.981 0. 2.841 0. 0. -1. 0.
0.980 0.199 0. 23.872 0.199 -0.980 0. 3.078 0. 0. -1. 0.
0.979 0.203 0. 25.242 0.203 -0.979 0. 3.330 0. 0. -1. 0.
0.978 0.208 0. 26.683 0.208 -0.978 0. 3.603 0. 0. -1. 0.
0.977 0.211 0. 28.156 0.211 -0.977 0. 3.886 0. 0. -1. 0.
0.977 0.214 0. 29.704 0.214 -0.977 0. 4.182 0. 0. -1. 0.
0.976 0.218 0. 31.322 0.218 -0.976 0. 4.513 0. 0. -1. 0.
0.975 0.220 0. 32.919 0.220 -0.975 0. 4.851 0. 0. -1. 0.
0.974 0.225 0. 34.615 0.225 -0.974 0. 5.213 0. 0. -1. 0.
0.974 0.227 0. 36.360 0.227 -0.974 0. 5.587 0. 0. -1. 0.
0.973 0.232 0. 38.090 0.232 -0.973 0. 5.943 0. 0. -1. 0.
0.972 0.236 0. 39.879 0.236 -0.972 0. 6.349 0. 0. -1. 0.
0.972 0.236 0. 41.709 0.236 -0.972 0. 6.757 0. 0. -1. 0.
0.972 0.236 0. 43.537 0.236 -0.972 0. 7.162 0. 0. -1. 0.
0.972 0.237 0. 45.417 0.237 -0.972 0. 7.577 0. 0. -1. 0.
0.972 0.237 0. 47.329 0.237 -0.972 0. 8.004 0. 0. -1. 0.
0.971 0.238 0. 49.273 0.238 -0.971 0. 8.441 0. 0. -1. 0.
0.971 0.238 0. 51.290 0.238 -0.971 0. 8.872 0. 0. -1. 0.
0.970 0.245 0. 53.309 0.245 -0.970 0. 9.330 0. 0. -1. 0.
0.968 0.251 0. 55.394 0.251 -0.968 0. 9.816 0. 0. -1. 0.
0.966 0.257 0. 57.526 0.257 -0.966 0. 10.319 0. 0. -1. 0.
0.965 0.263 0. 59.643 0.263 -0.965 0. 10.826 0. 0. -1. 0.
0.963 0.268 0. 61.750 0.268 -0.963 0. 11.361 0. 0. -1. 0.
0.962 0.274 0. 63.840 0.274 -0.962 0. 11.924 0. 0. -1. 0.
0.961 0.277 0. 65.931 0.277 -0.961 0. 12.491 0. 0. -1. 0.
0.960 0.281 0. 68.015 0.281 -0.960 0. 13.046 0. 0. -1. 0.
0.960 0.281 0. 70.095 0.281 -0.960 0. 13.616 0. 0. -1. 0.
0.961 0.275 0. 72.151 0.275 -0.961 0. 14.173 0. 0. -1. 0.
0.964 0.265 0. 74.207 0.265 -0.964 0. 14.703 0. 0. -1. 0.
0.968 0.251 0. 76.239 0.251 -0.968 0. 15.208 0. 0. -1. 0.
0.973 0.232 0. 78.251 0.232 -0.973 0. 15.653 0. 0. -1. 0.
0.979 0.203 0. 80.279 0.203 -0.979 0. 16.072 0. 0. -1. 0.
0.986 0.165 0. 82.290 0.165 -0.986 0. 16.390 0. 0. -1. 0.
0.993 0.121 0. 84.248 0.121 -0.993 0. 16.640 0. 0. -1. 0.
0.998 0.065 0. 86.242 0.065 -0.998 0. 16.802 0. 0. -1. 0.
1. -0.001 0. 88.202 -0.001 -1. -0. 16.808 0. 0. -1. 0.
0.998 -0.069 0. 90.120 -0.069 -0.998 -0. 16.657 0. 0. -1. 0.
0.990 -0.138 0. 91.994 -0.138 -0.990 -0. 16.399 0. 0. -1. 0.
0.979 -0.205 0. 93.865 -0.205 -0.979 -0. 15.992 0. 0. -1. 0.
0.962 -0.271 0. 95.689 -0.271 -0.962 -0. 15.514 0. 0. -1. 0.
0.941 -0.338 0. 97.469 -0.338 -0.941 -0. 14.876 0. 0. -1. 0.
0.915 -0.402 0. 99.207 -0.402 -0.915 -0. 14.138 0. 0. -1. 0.
0.885 -0.466 0. 100.865 -0.466 -0.885 -0. 13.245 0. 0. -1. 0.
0.850 -0.527 0. 102.434 -0.527 -0.850 -0. 12.302 0. 0. -1. 0.
0.810 -0.586 0. 103.896 -0.586 -0.810 -0. 11.214 0. 0. -1. 0.
0.771 -0.637 0. 105.294 -0.637 -0.771 -0. 10.040 0. 0. -1. 0.
0.733 -0.680 0. 106.634 -0.680 -0.733 -0. 8.768 0. 0. -1. 0.
0.701 -0.713 0. 107.938 -0.713 -0.701 -0. 7.450 0. 0. -1. 0.
0.669 -0.744 0. 109.183 -0.744 -0.669 -0. 6.033 0. 0. -1. 0.
0.644 -0.765 0. 110.420 -0.765 -0.644 -0. 4.516 0. 0. -1. 0.
0.625 -0.781 0. 111.627 -0.781 -0.625 -0. 2.945 0. 0. -1. 0.
0.615 -0.788 0. 112.868 -0.788 -0.615 -0. 1.314 0. 0. -1. 0.
0.606 -0.795 0. 114.135 -0.795 -0.606 -0. -0.366 0. 0. -1. 0.
0.597 -0.802 0. 115.413 -0.802 -0.597 -0. -2.124 0. 0. -1. 0.
0.591 -0.807 0. 116.683 -0.807 -0.591 -0. -3.939 0. 0. -1. 0.
0.590 -0.807 0. 117.964 -0.807 -0.590 -0. -5.792 0. 0. -1. 0.
0.593 -0.805 0. 119.276 -0.805 -0.593 -0. -7.659 0. 0. -1. 0.
0.598 -0.802 0. 120.588 -0.802 -0.598 -0. -9.513 0. 0. -1. 0.
0.605 -0.797 0. 121.903 -0.797 -0.605 -0. -11.355 0. 0. -1. 0.
0.614 -0.789 0. 123.241 -0.789 -0.614 -0. -13.169 0. 0. -1. 0.
0.625 -0.780 0. 124.610 -0.780 -0.625 -0. -14.952 0. 0. -1. 0.
0.635 -0.772 0. 126.003 -0.772 -0.635 -0. -16.706 0. 0. -1. 0.
0.646 -0.764 0. 127.385 -0.764 -0.646 -0. -18.402 0. 0. -1. 0.
0.655 -0.756 0. 128.786 -0.756 -0.655 -0. -20.092 0. 0. -1. 0.
0.663 -0.748 0. 130.193 -0.748 -0.663 -0. -21.773 0. 0. -1. 0.
0.672 -0.740 0. 131.573 -0.740 -0.672 -0. -23.370 0. 0. -1. 0.
0.681 -0.733 0. 132.990 -0.733 -0.681 -0. -24.970 0. 0. -1. 0.
0.688 -0.725 0. 134.377 -0.725 -0.688 -0. -26.507 0. 0. -1. 0.
0.699 -0.715 0. 135.772 -0.715 -0.699 -0. -28.023 0. 0. -1. 0.
0.714 -0.700 0. 137.192 -0.700 -0.714 -0. -29.510 0. 0. -1. 0.
0.735 -0.678 0. 138.604 -0.678 -0.735 -0. -30.902 0. 0. -1. 0.
0.757 -0.653 0. 140.073 -0.653 -0.757 -0. -32.240 0. 0. -1. 0.
0.778 -0.628 0. 141.563 -0.628 -0.778 -0. -33.510 0. 0. -1. 0.
0.799 -0.601 0. 143.060 -0.601 -0.799 -0. -34.697 0. 0. -1. 0.
0.819 -0.574 0. 144.577 -0.574 -0.819 -0. -35.824 0. 0. -1. 0.
0.837 -0.547 0. 146.099 -0.547 -0.837 -0. -36.879 0. 0. -1. 0.
0.855 -0.518 0. 147.609 -0.518 -0.855 -0. -37.853 0. 0. -1. 0.
0.871 -0.490 0. 149.117 -0.490 -0.871 -0. -38.740 0. 0. -1. 0.
0.888 -0.460 0. 150.599 -0.460 -0.888 -0. -39.564 0. 0. -1. 0.
0.904 -0.427 0. 152.062 -0.427 -0.904 -0. -40.310 0. 0. -1. 0.
0.923 -0.385 0. 153.523 -0.385 -0.923 -0. -40.968 0. 0. -1. 0.
0.943 -0.333 0. 154.968 -0.333 -0.943 -0. -41.531 0. 0. -1. 0.
0.963 -0.270 0. 156.397 -0.270 -0.963 -0. -41.980 0. 0. -1. 0.
0.980 -0.197 0. 157.782 -0.197 -0.980 -0. -42.316 0. 0. -1. 0.
0.994 -0.109 0. 159.102 -0.109 -0.994 -0. -42.517 0. 0. -1. 0.
1. -0.007 0. 160.386 -0.007 -1. -0. -42.572 0. 0. -1. 0.
0.995 0.103 0. 161.608 0.103 -0.995 0. -42.461 0. 0. -1. 0.
0.976 0.219 0. 162.718 0.219 -0.976 0. -42.244 0. 0. -1. 0.
0.941 0.339 0. 163.715 0.339 -0.941 0. -41.901 0. 0. -1. 0.
0.886 0.463 0. 164.628 0.463 -0.886 0. -41.451 0. 0. -1. 0.
0.810 0.586 0. 165.447 0.586 -0.810 0. -40.865 0. 0. -1. 0.
0.712 0.702 0. 166.158 0.702 -0.712 0. -40.178 0. 0. -1. 0.
0.591 0.807 0. 166.739 0.807 -0.591 0. -39.414 0. 0. -1. 0.
0.450 0.893 0. 167.168 0.893 -0.450 0. -38.574 0. 0. -1. 0.
0.292 0.957 0. 167.441 0.957 -0.292 0. -37.685 0. 0. -1. 0.
0.120 0.993 0. 167.559 0.993 -0.120 0. -36.761 0. 0. -1. 0.
-0.061 0.998 0. 167.510 0.998 0.061 0. -35.805 0. 0. -1. 0.
-0.243 0.970 0. 167.279 0.970 0.243 0. -34.848 0. 0. -1. 0.
-0.417 0.909 0. 166.867 0.909 0.417 0. -33.914 0. 0. -1. 0.
-0.573 0.820 0. 166.266 0.820 0.573 0. -33.042 0. 0. -1. 0.
-0.702 0.712 0. 165.505 0.712 0.702 0. -32.248 0. 0. -1. 0.
-0.802 0.597 0. 164.585 0.597 0.802 0. -31.534 0. 0. -1. 0.
-0.871 0.491 0. 163.519 0.491 0.871 0. -30.923 0. 0. -1. 0.
-0.920 0.392 0. 162.367 0.392 0.920 0. -30.376 0. 0. -1. 0.
-0.954 0.300 0. 161.113 0.300 0.954 0. -29.935 0. 0. -1. 0.
-0.976 0.216 0. 159.768 0.216 0.976 0. -29.589 0. 0. -1. 0.
-0.989 0.150 0. 158.348 0.150 0.989 0. -29.332 0. 0. -1. 0.
-0.994 0.105 0. 156.879 0.105 0.994 0. -29.160 0. 0. -1. 0.
-0.997 0.083 0. 155.346 0.083 0.997 0. -29.001 0. 0. -1. 0.
-0.997 0.075 0. 153.749 0.075 0.997 0. -28.872 0. 0. -1. 0.
-0.997 0.078 0. 152.132 0.078 0.997 0. -28.687 0. 0. -1. 0.
-0.996 0.090 0. 150.470 0.090 0.996 0. -28.516 0. 0. -1. 0.
-0.994 0.112 0. 148.751 0.112 0.994 0. -28.308 0. 0. -1. 0.
-0.989 0.148 0. 147.054 0.148 0.989 0. -28.052 0. 0. -1. 0.
-0.981 0.193 0. 145.336 0.193 0.981 0. -27.709 0. 0. -1. 0.
-0.970 0.241 0. 143.585 0.241 0.970 0. -27.256 0. 0. -1. 0.
-0.955 0.296 0. 141.843 0.296 0.955 0. -26.708 0. 0. -1. 0.
-0.936 0.352 0. 140.110 0.352 0.936 0. -26.037 0. 0. -1. 0.
-0.912 0.410 0. 138.382 0.410 0.912 0. -25.246 0. 0. -1. 0.
-0.887 0.462 0. 136.656 0.462 0.887 0. -24.325 0. 0. -1. 0.
-0.861 0.509 0. 134.951 0.509 0.861 0. -23.299 0. 0. -1. 0.
-0.831 0.556 0. 133.272 0.556 0.831 0. -22.177 0. 0. -1. 0.
-0.798 0.603 0. 131.620 0.603 0.798 0. -20.901 0. 0. -1. 0.
-0.759 0.651 0. 130.062 0.651 0.759 0. -19.537 0. 0. -1. 0.
-0.721 0.693 0. 128.549 0.693 0.721 0. -18.069 0. 0. -1. 0.
-0.683 0.731 0. 127.128 0.731 0.683 0. -16.562 0. 0. -1. 0.
-0.651 0.759 0. 125.765 0.759 0.651 0. -14.975 0. 0. -1. 0.
-0.625 0.781 0. 124.458 0.781 0.625 0. -13.319 0. 0. -1. 0.
-0.606 0.795 0. 123.237 0.795 0.606 0. -11.645 0. 0. -1. 0.
-0.594 0.805 0. 122.037 0.805 0.594 0. -9.921 0. 0. -1. 0.
-0.583 0.812 0. 120.851 0.812 0.583 0. -8.190 0. 0. -1. 0.
-0.576 0.818 0. 119.678 0.818 0.576 0. -6.450 0. 0. -1. 0.
-0.574 0.819 0. 118.510 0.819 0.574 0. -4.688 0. 0. -1. 0.
-0.580 0.815 0. 117.325 0.815 0.580 0. -2.937 0. 0. -1. 0.
-0.588 0.809 0. 116.140 0.809 0.588 0. -1.193 0. 0. -1. 0.
-0.599 0.800 0. 114.930 0.800 0.599 0. 0.526 0. 0. -1. 0.
-0.613 0.790 0. 113.698 0.790 0.613 0. 2.200 0. 0. -1. 0.
-0.628 0.778 0. 112.446 0.778 0.628 0. 3.845 0. 0. -1. 0.
-0.651 0.759 0. 111.179 0.759 0.651 0. 5.458 0. 0. -1. 0.
-0.684 0.729 0. 109.856 0.729 0.684 0. 7.012 0. 0. -1. 0.
-0.723 0.691 0. 108.475 0.691 0.723 0. 8.442 0. 0. -1. 0.
-0.764 0.645 0. 107.008 0.645 0.764 0. 9.774 0. 0. -1. 0.
-0.803 0.595 0. 105.468 0.595 0.803 0. 11.012 0. 0. -1. 0.
-0.839 0.543 0. 103.891 0.543 0.839 0. 12.115 0. 0. -1. 0.
-0.874 0.487 0. 102.279 0.487 0.874 0. 13.109 0. 0. -1. 0.
-0.904 0.428 0. 100.611 0.428 0.904 0. 13.978 0. 0. -1. 0.
-0.931 0.365 0. 98.887 0.365 0.931 0. 14.746 0. 0. -1. 0.
-0.953 0.304 0. 97.146 0.304 0.953 0. 15.356 0. 0. -1. 0.
-0.970 0.241 0. 95.384 0.241 0.970 0. 15.865 0. 0. -1. 0.
-0.984 0.179 0. 93.576 0.179 0.984 0. 16.266 0. 0. -1. 0.
-0.994 0.113 0. 91.719 0.113 0.994 0. 16.573 0. 0. -1. 0.
-0.999 0.049 0. 89.856 0.049 0.999 0. 16.745 0. 0. -1. 0.
-1.000 -0.018 0. 87.923 -0.018 1.000 0. 16.803 -0. 0. -1. 0.
-0.997 -0.083 0. 85.950 -0.083 0.997 0. 16.694 -0. 0. -1. 0.
-0.991 -0.137 0. 83.934 -0.137 0.991 0. 16.466 -0. 0. -1. 0.
-0.984 -0.180 0. 81.935 -0.180 0.984 0. 16.166 -0. 0. -1. 0.
-0.977 -0.215 0. 79.886 -0.215 0.977 0. 15.776 -0. 0. -1. 0.
-0.970 -0.243 0. 77.806 -0.243 0.970 0. 15.310 -0. 0. -1. 0.
-0.964 -0.266 0. 75.764 -0.266 0.964 0. 14.792 -0. 0. -1. 0.
-0.961 -0.278 0. 73.682 -0.278 0.961 0. 14.239 -0. 0. -1. 0.
-0.959 -0.284 0. 71.566 -0.284 0.959 0. 13.656 -0. 0. -1. 0.
-0.959 -0.283 0. 69.451 -0.283 0.959 0. 13.071 -0. 0. -1. 0.
-0.960 -0.281 0. 67.312 -0.281 0.960 0. 12.491 -0. 0. -1. 0.
-0.960 -0.279 0. 65.180 -0.279 0.960 0. 11.912 -0. 0. -1. 0.
-0.961 -0.277 0. 63.070 -0.277 0.961 0. 11.332 -0. 0. -1. 0.
-0.962 -0.273 0. 60.959 -0.273 0.962 0. 10.767 -0. 0. -1. 0.
-0.963 -0.269 0. 58.859 -0.269 0.963 0. 10.229 -0. 0. -1. 0.
-0.964 -0.264 0. 56.778 -0.264 0.964 0. 9.713 -0. 0. -1. 0.
-0.966 -0.259 0. 54.701 -0.259 0.966 0. 9.207 -0. 0. -1. 0.
-0.968 -0.252 0. 52.664 -0.252 0.968 0. 8.704 -0. 0. -1. 0.
-0.971 -0.239 0. 50.641 -0.239 0.971 0. 8.264 -0. 0. -1. 0.
-0.973 -0.229 0. 48.601 -0.229 0.973 0. 7.832 -0. 0. -1. 0.
-0.975 -0.221 0. 46.605 -0.221 0.975 0. 7.421 -0. 0. -1. 0.
-0.977 -0.215 0. 44.619 -0.215 0.977 0. 7.024 -0. 0. -1. 0.
-0.978 -0.210 0. 42.642 -0.210 0.978 0. 6.646 -0. 0. -1. 0.
-0.979 -0.205 0. 40.676 -0.205 0.979 0. 6.266 -0. 0. -1. 0.
-0.980 -0.201 0. 38.714 -0.201 0.980 0. 5.902 -0. 0. -1. 0.
-0.980 -0.197 0. 36.772 -0.197 0.980 0. 5.564 -0. 0. -1. 0.
-0.981 -0.196 0. 34.804 -0.196 0.981 0. 5.212 -0. 0. -1. 0.
-0.981 -0.194 0. 32.808 -0.194 0.981 0. 4.833 -0. 0. -1. 0.
-0.981 -0.193 0. 30.845 -0.193 0.981 0. 4.492 -0. 0. -1. 0.
-0.981 -0.193 0. 28.771 -0.193 0.981 0. 4.129 -0. 0. -1. 0.
-0.982 -0.191 0. 26.758 -0.191 0.982 0. 3.784 -0. 0. -1. 0.
-0.982 -0.187 0. 24.695 -0.187 0.982 0. 3.432 -0. 0. -1. 0.
-0.984 -0.178 0. 22.591 -0.178 0.984 0. 3.089 -0. 0. -1. 0.
-0.985 -0.172 0. 20.472 -0.172 0.985 0. 2.770 -0. 0. -1. 0.
-0.986 -0.166 0. 18.313 -0.166 0.986 0. 2.452 -0. 0. -1. 0.
-0.986 -0.164 0. 16.127 -0.164 0.986 0. 2.141 -0. 0. -1. 0.
-0.987 -0.161 0. 13.917 -0.161 0.987 0. 1.828 -0. 0. -1. 0.
-0.987 -0.159 0. 11.709 -0.159 0.987 0. 1.526 -0. 0. -1. 0.
-0.988 -0.157 0. 9.461 -0.157 0.988 0. 1.201 -0. 0. -1. 0.
-0.988 -0.158 0. 7.222 -0.158 0.988 0. 0.873 -0. 0. -1. 0.
-0.987 -0.162 0. 4.968 -0.162 0.987 0. 0.515 -0. 0. -1. 0.
-0.986 -0.167 0. 2.716 -0.167 0.986 0. 0.158 -0. 0. -1. 0.
-0.985 -0.172 0. 0.452 -0.172 0.985 0. -0.201 -0. 0. -1. 0.
-0.984 -0.176 0. -1.806 -0.176 0.984 0. -0.557 -0. 0. -1. 0.
-0.984 -0.177 0. -4.066 -0.177 0.984 0. -0.922 -0. 0. -1. 0.
-0.984 -0.179 0. -6.315 -0.179 0.984 0. -1.271 -0. 0. -1. 0.
-0.983 -0.183 0. -8.585 -0.183 0.983 0. -1.635 -0. 0. -1. 0.
-0.982 -0.187 0. -10.872 -0.187 0.982 0. -2.039 -0. 0. -1. 0.
-0.982 -0.191 0. -13.127 -0.191 0.982 0. -2.469 -0. 0. -1. 0.
-0.981 -0.194 0. -15.446 -0.194 0.981 0. -2.876 -0. 0. -1. 0.
-0.980 -0.197 0. -17.765 -0.197 0.980 0. -3.272 -0. 0. -1. 0.
-0.980 -0.201 0. -20.104 -0.201 0.980 0. -3.686 -0. 0. -1. 0.
-0.979 -0.204 0. -22.467 -0.204 0.979 0. -4.114 -0. 0. -1. 0.
-0.978 -0.207 0. -24.833 -0.207 0.978 0. -4.526 -0. 0. -1. 0.
-0.978 -0.210 0. -27.192 -0.210 0.978 0. -4.958 -0. 0. -1. 0.
-0.977 -0.214 0. -29.538 -0.214 0.977 0. -5.426 -0. 0. -1. 0.
-0.976 -0.217 0. -31.846 -0.217 0.976 0. -5.918 -0. 0. -1. 0.
-0.975 -0.221 0. -34.170 -0.221 0.975 0. -6.412 -0. 0. -1. 0.
-0.974 -0.225 0. -36.459 -0.225 0.974 0. -6.909 -0. 0. -1. 0.
-0.973 -0.229 0. -38.702 -0.229 0.973 0. -7.394 -0. 0. -1. 0.
-0.972 -0.233 0. -40.964 -0.233 0.972 0. -7.882 -0. 0. -1. 0.
-0.971 -0.237 0. -43.163 -0.237 0.971 0. -8.369 -0. 0. -1. 0.
-0.971 -0.240 0. -45.336 -0.240 0.971 0. -8.847 -0. 0. -1. 0.
-0.970 -0.245 0. -47.459 -0.245 0.970 0. -9.319 -0. 0. -1. 0.
-0.969 -0.249 0. -49.518 -0.249 0.969 0. -9.786 -0. 0. -1. 0.
-0.968 -0.249 0. -51.546 -0.249 0.968 0. -10.261 -0. 0. -1. 0.
-0.968 -0.250 0. -53.501 -0.250 0.968 0. -10.711 -0. 0. -1. 0.
-0.969 -0.248 0. -55.372 -0.248 0.969 0. -11.171 -0. 0. -1. 0.
-0.970 -0.243 0. -57.190 -0.243 0.970 0. -11.599 -0. 0. -1. 0.
-0.973 -0.230 0. -58.909 -0.230 0.973 0. -11.980 -0. 0. -1. 0.
-0.978 -0.209 0. -60.538 -0.209 0.978 0. -12.303 -0. 0. -1. 0.
-0.984 -0.177 0. -62.078 -0.177 0.984 0. -12.567 -0. 0. -1. 0.
-0.991 -0.130 0. -63.522 -0.130 0.991 0. -12.737 -0. 0. -1. 0.
-0.997 -0.071 0. -64.842 -0.071 0.997 0. -12.851 -0. 0. -1. 0.
-1. 0.001 0. -66.046 0.001 1. 0. -12.832 0. 0. -1. 0.
-0.996 0.086 0. -67.174 0.086 0.996 0. -12.743 0. 0. -1. 0.
-0.983 0.181 0. -68.237 0.181 0.983 0. -12.532 0. 0. -1. 0.
-0.958 0.287 0. -69.231 0.287 0.958 0. -12.235 0. 0. -1. 0.
-0.916 0.400 0. -70.164 0.400 0.916 0. -11.830 0. 0. -1. 0.
-0.859 0.513 0. -71.002 0.513 0.859 0. -11.276 0. 0. -1. 0.
-0.788 0.615 0. -71.774 0.615 0.788 0. -10.658 0. 0. -1. 0.
-0.708 0.706 0. -72.469 0.706 0.708 0. -9.959 0. 0. -1. 0.
-0.624 0.782 0. -73.034 0.782 0.624 0. -9.180 0. 0. -1. 0.
-0.530 0.848 0. -73.551 0.848 0.530 0. -8.329 0. 0. -1. 0.
-0.440 0.898 0. -73.991 0.898 0.440 0. -7.367 0. 0. -1. 0.
-0.364 0.931 0. -74.373 0.931 0.364 0. -6.290 0. 0. -1. 0.
-0.313 0.950 0. -74.717 0.950 0.313 0. -5.122 0. 0. -1. 0.
-0.281 0.960 0. -75.056 0.960 0.281 0. -3.867 0. 0. -1. 0.
-0.265 0.964 0. -75.387 0.964 0.265 0. -2.522 0. 0. -1. 0.
-0.261 0.965 0. -75.744 0.965 0.261 0. -1.139 0. 0. -1. 0.
-0.263 0.965 0. -76.109 0.965 0.263 0. 0.301 0. 0. -1. 0.
-0.264 0.965 0. -76.500 0.965 0.264 0. 1.809 0. 0. -1. 0.
-0.265 0.964 0. -76.876 0.964 0.265 0. 3.336 0. 0. -1. 0.
-0.263 0.965 0. -77.274 0.965 0.263 0. 4.946 0. 0. -1. 0.
-0.260 0.966 0. -77.681 0.966 0.260 0. 6.607 0. 0. -1. 0.
-0.253 0.967 0. -78.094 0.967 0.253 0. 8.275 0. 0. -1. 0.
-0.241 0.971 0. -78.477 0.971 0.241 0. 9.941 0. 0. -1. 0.
-0.225 0.974 0. -78.849 0.974 0.225 0. 11.653 0. 0. -1. 0.
-0.206 0.979 0. -79.183 0.979 0.206 0. 13.361 0. 0. -1. 0.
-0.184 0.983 0. -79.491 0.983 0.184 0. 15.067 0. 0. -1. 0.
-0.155 0.988 0. -79.744 0.988 0.155 0. 16.794 0. 0. -1. 0.
-0.122 0.993 0. -79.959 0.993 0.122 0. 18.517 0. 0. -1. 0.
-0.086 0.996 0. -80.087 0.996 0.086 0. 20.285 0. 0. -1. 0.
-0.051 0.999 0. -80.155 0.999 0.051 0. 22.051 0. 0. -1. 0.
-0.027 1.000 0. -80.130 1.000 0.027 0. 23.808 0. 0. -1. 0.
-0.018 1.000 0. -80.110 1.000 0.018 0. 25.565 0. 0. -1. 0.
-0.025 1.000 0. -80.111 1.000 0.025 0. 27.408 0. 0. -1. 0.
-0.054 0.999 0. -80.165 0.999 0.054 0. 29.235 0. 0. -1. 0.
-0.086 0.996 0. -80.273 0.996 0.086 0. 31.067 0. 0. -1. 0.
-0.122 0.993 0. -80.446 0.993 0.122 0. 32.910 0. 0. -1. 0.
-0.146 0.989 0. -80.694 0.989 0.146 0. 34.844 0. 0. -1. 0.
-0.166 0.986 0. -80.970 0.986 0.166 0. 36.771 0. 0. -1. 0.
-0.184 0.983 0. -81.282 0.983 0.184 0. 38.730 0. 0. -1. 0.
-0.197 0.980 0. -81.640 0.980 0.197 0. 40.677 0. 0. -1. 0.
-0.207 0.978 0. -82.011 0.978 0.207 0. 42.630 0. 0. -1. 0.
-0.216 0.976 0. -82.397 0.976 0.216 0. 44.576 0. 0. -1. 0.
-0.222 0.975 0. -82.794 0.975 0.222 0. 46.514 0. 0. -1. 0.
-0.226 0.974 0. -83.212 0.974 0.226 0. 48.395 0. 0. -1. 0.
-0.229 0.973 0. -83.632 0.973 0.229 0. 50.309 0. 0. -1. 0.
-0.232 0.973 0. -84.029 0.973 0.232 0. 52.168 0. 0. -1. 0.
-0.236 0.972 0. -84.427 0.972 0.236 0. 54.017 0. 0. -1. 0.
-0.238 0.971 0. -84.826 0.971 0.238 0. 55.823 0. 0. -1. 0.
-0.244 0.970 0. -85.229 0.970 0.244 0. 57.617 0. 0. -1. 0.
-0.261 0.965 0. -85.631 0.965 0.261 0. 59.368 0. 0. -1. 0.
-0.292 0.956 0. -86.092 0.956 0.292 0. 61.033 0. 0. -1. 0.
-0.339 0.941 0. -86.603 0.941 0.339 0. 62.622 0. 0. -1. 0.
-0.395 0.918 0. -87.186 0.918 0.395 0. 64.154 0. 0. -1. 0.
-0.461 0.887 0. -87.857 0.887 0.461 0. 65.590 0. 0. -1. 0.
-0.537 0.844 0. -88.593 0.844 0.537 0. 66.940 0. 0. -1. 0.
-0.613 0.790 0. -89.510 0.790 0.613 0. 68.191 0. 0. -1. 0.
-0.686 0.728 0. -90.491 0.728 0.686 0. 69.341 0. 0. -1. 0.
-0.754 0.657 0. -91.564 0.657 0.754 0. 70.365 0. 0. -1. 0.
-0.816 0.578 0. -92.707 0.578 0.816 0. 71.233 0. 0. -1. 0.
-0.870 0.492 0. -93.927 0.492 0.870 0. 72.014 0. 0. -1. 0.
-0.916 0.402 0. -95.232 0.402 0.916 0. 72.615 0. 0. -1. 0.
-0.953 0.304 0. -96.585 0.304 0.953 0. 73.106 0. 0. -1. 0.
-0.977 0.212 0. -97.992 0.212 0.977 0. 73.445 0. 0. -1. 0.
-0.992 0.128 0. -99.396 0.128 0.992 0. 73.687 0. 0. -1. 0.
-0.998 0.059 0. -100.855 0.059 0.998 0. 73.805 0. 0. -1. 0.
-1. 0.007 0. -102.300 0.007 1. 0. 73.847 0. 0. -1. 0.
-1.000 -0.027 0. -103.781 -0.027 1.000 0. 73.836 -0. 0. -1. 0.
-0.999 -0.047 0. -105.267 -0.047 0.999 0. 73.808 -0. 0. -1. 0.
-0.999 -0.053 0. -106.794 -0.053 0.999 0. 73.733 -0. 0. -1. 0.
-0.999 -0.044 0. -108.288 -0.044 0.999 0. 73.694 -0. 0. -1. 0.
-1.000 -0.019 0. -109.807 -0.019 1.000 0. 73.677 -0. 0. -1. 0.
-1.000 0.016 0. -111.417 0.016 1.000 0. 73.721 0. 0. -1. 0.
-0.998 0.059 0. -113.005 0.059 0.998 0. 73.812 0. 0. -1. 0.
-0.994 0.107 0. -114.671 0.107 0.994 0. 73.992 0. 0. -1. 0.
-0.987 0.162 0. -116.317 0.162 0.987 0. 74.286 0. 0. -1. 0.
-0.975 0.223 0. -117.974 0.223 0.975 0. 74.689 0. 0. -1. 0.
-0.959 0.284 0. -119.681 0.284 0.959 0. 75.226 0. 0. -1. 0.
-0.940 0.340 0. -121.363 0.340 0.940 0. 75.838 0. 0. -1. 0.
-0.923 0.385 0. -123.059 0.385 0.923 0. 76.573 0. 0. -1. 0.
-0.907 0.422 0. -124.764 0.422 0.907 0. 77.386 0. 0. -1. 0.
-0.893 0.450 0. -126.467 0.450 0.893 0. 78.268 0. 0. -1. 0.
-0.882 0.472 0. -128.193 0.472 0.882 0. 79.218 0. 0. -1. 0.
-0.874 0.486 0. -129.934 0.486 0.874 0. 80.224 0. 0. -1. 0.
-0.870 0.494 0. -131.694 0.494 0.870 0. 81.261 0. 0. -1. 0.
-0.867 0.498 0. -133.485 0.498 0.867 0. 82.325 0. 0. -1. 0.
-0.866 0.500 0. -135.306 0.500 0.866 0. 83.433 0. 0. -1. 0.
-0.866 0.500 0. -137.142 0.500 0.866 0. 84.552 0. 0. -1. 0.
-0.866 0.500 0. -139.013 0.500 0.866 0. 85.693 0. 0. -1. 0.
-0.866 0.500 0. -140.933 0.500 0.866 0. 86.855 0. 0. -1. 0.
-0.865 0.501 0. -142.854 0.501 0.865 0. 88.028 0. 0. -1. 0.
-0.865 0.502 0. -144.822 0.502 0.865 0. 89.236 0. 0. -1. 0.
-0.864 0.503 0. -146.825 0.503 0.864 0. 90.452 0. 0. -1. 0.
-0.862 0.506 0. -148.863 0.506 0.862 0. 91.691 0. 0. -1. 0.
-0.860 0.509 0. -150.918 0.509 0.860 0. 92.983 0. 0. -1. 0.
-0.860 0.510 0. -152.977 0.510 0.860 0. 94.263 0. 0. -1. 0.
-0.859 0.512 0. -155.060 0.512 0.859 0. 95.551 0. 0. -1. 0.
-0.858 0.514 0. -157.139 0.514 0.858 0. 96.867 0. 0. -1. 0.
-0.857 0.516 0. -159.242 0.516 0.857 0. 98.211 0. 0. -1. 0.
-0.856 0.518 0. -161.347 0.518 0.856 0. 99.554 0. 0. -1. 0.
-0.855 0.519 0. -163.471 0.519 0.855 0. 100.905 0. 0. -1. 0.
-0.854 0.520 0. -165.588 0.520 0.854 0. 102.258 0. 0. -1. 0.
-0.853 0.522 0. -167.686 0.522 0.853 0. 103.608 0. 0. -1. 0.
-0.852 0.523 0. -169.789 0.523 0.852 0. 104.978 0. 0. -1. 0.
-0.851 0.525 0. -171.878 0.525 0.851 0. 106.342 0. 0. -1. 0.
-0.849 0.528 0. -173.996 0.528 0.849 0. 107.689 0. 0. -1. 0.
-0.844 0.537 0. -176.095 0.537 0.844 0. 109.030 0. 0. -1. 0.
-0.836 0.548 0. -178.160 0.548 0.836 0. 110.424 0. 0. -1. 0.
-0.827 0.561 0. -180.190 0.561 0.827 0. 111.853 0. 0. -1. 0.
-0.816 0.578 0. -182.194 0.578 0.816 0. 113.318 0. 0. -1. 0.
-0.801 0.599 0. -184.161 0.599 0.801 0. 114.827 0. 0. -1. 0.
-0.784 0.621 0. -186.070 0.621 0.784 0. 116.385 0. 0. -1. 0.
-0.763 0.646 0. -187.931 0.646 0.763 0. 118.005 0. 0. -1. 0.
-0.739 0.673 0. -189.739 0.673 0.739 0. 119.669 0. 0. -1. 0.
-0.711 0.703 0. -191.489 0.703 0.711 0. 121.403 0. 0. -1. 0.
-0.678 0.735 0. -193.160 0.735 0.678 0. 123.228 0. 0. -1. 0.
-0.642 0.767 0. -194.765 0.767 0.642 0. 125.138 0. 0. -1. 0.
-0.604 0.797 0. -196.291 0.797 0.604 0. 127.139 0. 0. -1. 0.
-0.566 0.824 0. -197.725 0.824 0.566 0. 129.242 0. 0. -1. 0.
-0.528 0.849 0. -199.073 0.849 0.528 0. 131.428 0. 0. -1. 0.
-0.490 0.872 0. -200.314 0.872 0.490 0. 133.660 0. 0. -1. 0.
-0.455 0.890 0. -201.462 0.890 0.455 0. 135.948 0. 0. -1. 0.
-0.425 0.905 0. -202.525 0.905 0.425 0. 138.249 0. 0. -1. 0.
-0.400 0.916 0. -203.522 0.916 0.400 0. 140.589 0. 0. -1. 0.
-0.380 0.925 0. -204.454 0.925 0.380 0. 142.931 0. 0. -1. 0.
-0.367 0.930 0. -205.336 0.930 0.367 0. 145.280 0. 0. -1. 0.
-0.358 0.934 0. -206.179 0.934 0.358 0. 147.605 0. 0. -1. 0.
-0.350 0.937 0. -206.994 0.937 0.350 0. 149.932 0. 0. -1. 0.
-0.347 0.938 0. -207.791 0.938 0.347 0. 152.258 0. 0. -1. 0.
-0.347 0.938 0. -208.578 0.938 0.347 0. 154.555 0. 0. -1. 0.
-0.352 0.936 0. -209.381 0.936 0.352 0. 156.860 0. 0. -1. 0.
-0.359 0.933 0. -210.201 0.933 0.359 0. 159.144 0. 0. -1. 0.
-0.367 0.930 0. -211.038 0.930 0.367 0. 161.437 0. 0. -1. 0.
-0.380 0.925 0. -211.893 0.925 0.380 0. 163.696 0. 0. -1. 0.
-0.401 0.916 0. -212.797 0.916 0.401 0. 165.924 0. 0. -1. 0.
-0.432 0.902 0. -213.765 0.902 0.432 0. 168.113 0. 0. -1. 0.
-0.470 0.883 0. -214.782 0.883 0.470 0. 170.212 0. 0. -1. 0.
-0.517 0.856 0. -215.903 0.856 0.517 0. 172.249 0. 0. -1. 0.
-0.569 0.822 0. -217.120 0.822 0.569 0. 174.176 0. 0. -1. 0.
-0.624 0.781 0. -218.417 0.781 0.624 0. 175.960 0. 0. -1. 0.
-0.682 0.732 0. -219.847 0.732 0.682 0. 177.646 0. 0. -1. 0.
-0.739 0.674 0. -221.389 0.674 0.739 0. 179.164 0. 0. -1. 0.
-0.794 0.608 0. -223.020 0.608 0.794 0. 180.537 0. 0. -1. 0.
-0.846 0.534 0. -224.738 0.534 0.846 0. 181.764 0. 0. -1. 0.
-0.892 0.452 0. -226.561 0.452 0.892 0. 182.826 0. 0. -1. 0.
-0.929 0.370 0. -228.454 0.370 0.929 0. 183.697 0. 0. -1. 0.
-0.957 0.290 0. -230.410 0.290 0.957 0. 184.387 0. 0. -1. 0.
-0.977 0.215 0. -232.396 0.215 0.977 0. 184.913 0. 0. -1. 0.
-0.988 0.156 0. -234.420 0.156 0.988 0. 185.312 0. 0. -1. 0.
-0.994 0.112 0. -236.499 0.112 0.994 0. 185.622 0. 0. -1. 0.
-0.997 0.076 0. -238.622 0.076 0.997 0. 185.849 0. 0. -1. 0.
-0.999 0.054 0. -240.793 0.054 0.999 0. 186.009 0. 0. -1. 0.
-0.999 0.042 0. -243.001 0.042 0.999 0. 186.149 0. 0. -1. 0.
-0.999 0.034 0. -245.278 0.034 0.999 0. 186.280 0. 0. -1. 0.
-1.000 0.027 0. -247.579 0.027 1.000 0. 186.394 0. 0. -1. 0.
-1.000 0.021 0. -249.943 0.021 1.000 0. 186.501 0. 0. -1. 0.
-1.000 0.018 0. -252.339 0.018 1.000 0. 186.591 0. 0. -1. 0.
-1.000 0.018 0. -254.714 0.018 1.000 0. 186.675 0. 0. -1. 0.
-1.000 0.017 0. -257.111 0.017 1.000 0. 186.769 0. 0. -1. 0.
-1.000 0.016 0. -259.495 0.016 1.000 0. 186.866 0. 0. -1. 0.
-1.000 0.016 0. -261.853 0.016 1.000 0. 186.955 0. 0. -1. 0.
-1.000 0.017 0. -264.215 0.017 1.000 0. 187.047 0. 0. -1. 0.
-1.000 0.017 0. -266.538 0.017 1.000 0. 187.136 0. 0. -1. 0.
-1.000 0.018 0. -268.839 0.018 1.000 0. 187.213 0. 0. -1. 0.
-1.000 0.020 0. -271.134 0.020 1.000 0. 187.313 0. 0. -1. 0.
-1.000 0.021 0. -273.377 0.021 1.000 0. 187.410 0. 0. -1. 0.
-1.000 0.023 0. -275.595 0.023 1.000 0. 187.510 0. 0. -1. 0.
-1.000 0.025 0. -277.771 0.025 1.000 0. 187.617 0. 0. -1. 0.
-1.000 0.027 0. -279.893 0.027 1.000 0. 187.724 0. 0. -1. 0.
-1.000 0.030 0. -281.962 0.030 1.000 0. 187.838 0. 0. -1. 0.
-0.999 0.037 0. -283.970 0.037 0.999 0. 187.948 0. 0. -1. 0.
-0.999 0.051 0. -285.881 0.051 0.999 0. 188.075 0. 0. -1. 0.
-0.997 0.074 0. -287.744 0.074 0.997 0. 188.245 0. 0. -1. 0.
-0.995 0.103 0. -289.505 0.103 0.995 0. 188.449 0. 0. -1. 0.
-0.990 0.138 0. -291.146 0.138 0.990 0. 188.704 0. 0. -1. 0.
-0.985 0.175 0. -292.711 0.175 0.985 0. 189.024 0. 0. -1. 0.
-0.977 0.211 0. -294.183 0.211 0.977 0. 189.326 0. 0. -1. 0.
-0.970 0.244 0. -295.552 0.244 0.970 0. 189.743 0. 0. -1. 0.
-0.964 0.266 0. -296.846 0.266 0.964 0. 190.097 0. 0. -1. 0.
-0.960 0.280 0. -298.087 0.280 0.960 0. 190.546 0. 0. -1. 0.
-0.960 0.280 0. -299.250 0.280 0.960 0. 190.893 0. 0. -1. 0.
-0.962 0.272 0. -300.323 0.272 0.962 0. 191.246 0. 0. -1. 0.
-0.965 0.260 0. -301.359 0.260 0.965 0. 191.513 0. 0. -1. 0.
-0.969 0.246 0. -302.323 0.246 0.969 0. 191.802 0. 0. -1. 0.
-0.973 0.231 0. -303.229 0.231 0.973 0. 192.030 0. 0. -1. 0.
-0.977 0.215 0. -304.090 0.215 0.977 0. 192.213 0. 0. -1. 0.
-0.979 0.202 0. -304.870 0.202 0.979 0. 192.403 0. 0. -1. 0.
-0.981 0.194 0. -305.567 0.194 0.981 0. 192.577 0. 0. -1. 0.
-0.982 0.188 0. -306.158 0.188 0.982 0. 192.700 0. 0. -1. 0.
-0.983 0.185 0. -306.645 0.185 0.983 0. 192.809 0. 0. -1. 0.
-0.983 0.182 0. -307.058 0.182 0.983 0. 192.868 0. 0. -1. 0.
-0.984 0.180 0. -307.394 0.180 0.984 0. 192.949 0. 0. -1. 0.
-0.984 0.178 0. -307.654 0.178 0.984 0. 193.008 0. 0. -1. 0.
-0.984 0.180 0. -307.882 0.180 0.984 0. 193.030 0. 0. -1. 0.
-0.984 0.178 0. -308.074 0.178 0.984 0. 193.075 0. 0. -1. 0.
-0.984 0.178 0. -308.252 0.178 0.984 0. 193.112 0. 0. -1. 0.
-0.984 0.179 0. -308.423 0.179 0.984 0. 193.130 0. 0. -1. 0.
-0.984 0.178 0. -308.541 0.178 0.984 0. 193.160 0. 0. -1. 0.
-0.984 0.177 0. -308.602 0.177 0.984 0. 193.175 0. 0. -1. 0.
-0.984 0.178 0. -308.606 0.178 0.984 0. 193.174 0. 0. -1. 0.
-0.984 0.178 0. -308.602 0.178 0.984 0. 193.174 0. 0. -1. 0.
-0.984 0.178 0. -308.603 0.178 0.984 0. 193.174 0. 0. -1. 0.
-0.984 0.178 0. -308.603 0.178 0.984 0. 193.174 0. 0. -1. 0.
-0.984 0.178 0. -308.603 0.178 0.984 0. 193.174 0. 0. -1. 0.
-0.984 0.178 0. -308.603 0.178 0.984 0. 193.174 0. 0. -1. 0.
-0.984 0.178 0. -308.603 0.178 0.984 0. 193.174 0. 0. -1. 0.
-0.984 0.178 0. -308.603 0.178 0.984 0. 193.174 0. 0. -1. 0.
-0.984 0.178 0. -308.603 0.178 0.984 0. 193.174 0. 0. -1. 0.
-0.984 0.178 0. -308.603 0.178 0.984 0. 193.174 0. 0. -1. 0.
-0.984 0.178 0. -308.603 0.178 0.984 0. 193.174 0. 0. -1. 0.
-0.984 0.178 0. -308.603 0.178 0.984 0. 193.174 0. 0. -1. 0.
-0.984 0.178 0. -308.603 0.178 0.984 0. 193.174 0. 0. -1. 0.
-0.984 0.178 0. -308.603 0.178 0.984 0. 193.174 0. 0. -1. 0.
-0.984 0.178 0. -308.603 0.178 0.984 0. 193.174 0. 0. -1. 0.
-0.984 0.178 0. -308.603 0.178 0.984 0. 193.174 0. 0. -1. 0.
-0.984 0.178 0. -308.603 0.178 0.984 0. 193.174 0. 0. -1. 0.
-0.984 0.178 0. -308.603 0.178 0.984 0. 193.174 0. 0. -1. 0.
-0.984 0.178 0. -308.603 0.178 0.984 0. 193.174 0. 0. -1. 0.
-0.984 0.178 0. -308.603 0.178 0.984 0. 193.174 0. 0. -1. 0.
-0.984 0.178 0. -308.602 0.178 0.984 0. 193.174 0. 0. -1. 0.
-0.984 0.178 0. -308.605 0.178 0.984 0. 193.174 0. 0. -1. 0.
-0.984 0.178 0. -308.625 0.178 0.984 0. 193.180 0. 0. -1. 0.
-0.984 0.178 0. -308.693 0.178 0.984 0. 193.193 0. 0. -1. 0.
-0.984 0.178 0. -308.835 0.178 0.984 0. 193.222 0. 0. -1. 0.
-0.984 0.178 0. -309.059 0.178 0.984 0. 193.266 0. 0. -1. 0.
-0.984 0.180 0. -309.358 0.180 0.984 0. 193.318 0. 0. -1. 0.
-0.983 0.184 0. -309.709 0.184 0.983 0. 193.385 0. 0. -1. 0.
-0.982 0.187 0. -310.091 0.187 0.982 0. 193.454 0. 0. -1. 0.
-0.981 0.193 0. -310.479 0.193 0.981 0. 193.534 0. 0. -1. 0.
-0.980 0.198 0. -310.871 0.198 0.980 0. 193.608 0. 0. -1. 0.
-0.979 0.204 0. -311.286 0.204 0.979 0. 193.676 0. 0. -1. 0.
-0.977 0.213 0. -311.727 0.213 0.977 0. 193.771 0. 0. -1. 0.
-0.974 0.227 0. -312.139 0.227 0.974 0. 193.905 0. 0. -1. 0.
-0.969 0.248 0. -312.585 0.248 0.969 0. 194.021 0. 0. -1. 0.
-0.961 0.277 0. -313.113 0.277 0.961 0. 194.170 0. 0. -1. 0.
-0.946 0.324 0. -313.666 0.324 0.946 0. 194.405 0. 0. -1. 0.
-0.923 0.385 0. -314.299 0.385 0.923 0. 194.580 0. 0. -1. 0.
-0.891 0.453 0. -314.942 0.453 0.891 0. 194.963 0. 0. -1. 0.
-0.846 0.533 0. -315.490 0.533 0.846 0. 195.463 0. 0. -1. 0.
-0.793 0.610 0. -316.072 0.610 0.793 0. 195.951 0. 0. -1. 0.
-0.727 0.686 0. -316.702 0.686 0.727 0. 196.480 0. 0. -1. 0.
-0.666 0.746 0. -317.267 0.746 0.666 0. 197.234 0. 0. -1. 0.
-0.590 0.807 0. -317.792 0.807 0.590 0. 198.104 0. 0. -1. 0.
-0.502 0.865 0. -318.388 0.865 0.502 0. 199.089 0. 0. -1. 0.
-0.419 0.908 0. -318.856 0.908 0.419 0. 200.231 0. 0. -1. 0.
-0.348 0.937 0. -319.299 0.937 0.348 0. 201.440 0. 0. -1. 0.
-0.282 0.960 0. -319.664 0.960 0.282 0. 202.722 0. 0. -1. 0.
-0.218 0.976 0. -319.941 0.976 0.218 0. 204.090 0. 0. -1. 0.
-0.162 0.987 0. -320.173 0.987 0.162 0. 205.537 0. 0. -1. 0.
-0.115 0.993 0. -320.320 0.993 0.115 0. 207.092 0. 0. -1. 0.
-0.085 0.996 0. -320.427 0.996 0.085 0. 208.744 0. 0. -1. 0.
-0.065 0.998 0. -320.519 0.998 0.065 0. 210.492 0. 0. -1. 0.
-0.049 0.999 0. -320.573 0.999 0.049 0. 212.336 0. 0. -1. 0.
-0.034 0.999 0. -320.607 0.999 0.034 0. 214.274 0. 0. -1. 0.
-0.020 1.000 0. -320.607 1.000 0.020 0. 216.294 0. 0. -1. 0.
-0.013 1. 0. -320.586 1. 0.013 0. 218.391 0. 0. -1. 0.
-0.010 1. 0. -320.564 1. 0.010 0. 220.559 0. 0. -1. 0.
-0.006 1. 0. -320.532 1. 0.006 0. 222.779 0. 0. -1. 0.
-0.003 1. 0. -320.479 1. 0.003 0. 225.056 0. 0. -1. 0.
-0.004 1. 0. -320.437 1. 0.004 0. 227.385 0. 0. -1. 0.
-0.003 1. 0. -320.393 1. 0.003 0. 229.793 0. 0. -1. 0.
-0.002 1. 0. -320.343 1. 0.002 0. 232.270 0. 0. -1. 0.
-0.001 1. 0. -320.291 1. 0.001 0. 234.808 0. 0. -1. 0.
-0.001 1. 0. -320.236 1. 0.001 0. 237.435 0. 0. -1. 0.
-0.001 1. 0. -320.184 1. 0.001 0. 240.128 0. 0. -1. 0.
-0.001 1. 0. -320.126 1. 0.001 0. 242.882 0. 0. -1. 0.
-0.001 1. 0. -320.066 1. 0.001 0. 245.705 0. 0. -1. 0.
-0.001 1. 0. -320.004 1. 0.001 0. 248.591 0. 0. -1. 0.
-0.000 1. 0. -319.941 1. 0.000 0. 251.534 0. 0. -1. 0.
-0.000 1. 0. -319.873 1. 0.000 0. 254.541 0. 0. -1. 0.
0.000 1. 0. -319.807 1. -0.000 0. 257.599 0. 0. -1. 0.
0.002 1. 0. -319.738 1. -0.002 0. 260.713 0. 0. -1. 0.
0.003 1. 0. -319.660 1. -0.003 0. 263.869 0. 0. -1. 0.
0.005 1. 0. -319.577 1. -0.005 0. 267.036 0. 0. -1. 0.
0.006 1. 0. -319.487 1. -0.006 0. 270.188 0. 0. -1. 0.
0.005 1. 0. -319.401 1. -0.005 0. 273.346 0. 0. -1. 0.
0.006 1. 0. -319.315 1. -0.006 0. 276.506 0. 0. -1. 0.
0.006 1. 0. -319.227 1. -0.006 0. 279.650 0. 0. -1. 0.
0.006 1. 0. -319.144 1. -0.006 0. 282.778 0. 0. -1. 0.
0.007 1. 0. -319.064 1. -0.007 0. 285.885 0. 0. -1. 0.
0.008 1. 0. -318.975 1. -0.008 0. 288.992 0. 0. -1. 0.
0.008 1. 0. -318.890 1. -0.008 0. 292.034 0. 0. -1. 0.
0.009 1. 0. -318.797 1. -0.009 0. 295.068 0. 0. -1. 0.
0.009 1. 0. -318.702 1. -0.009 0. 298.068 0. 0. -1. 0.
0.009 1. 0. -318.611 1. -0.009 0. 301.045 0. 0. -1. 0.
0.008 1. 0. -318.521 1. -0.008 0. 303.983 0. 0. -1. 0.
0.008 1. 0. -318.443 1. -0.008 0. 306.900 0. 0. -1. 0.
0.008 1. 0. -318.358 1. -0.008 0. 309.791 0. 0. -1. 0.
0.008 1. 0. -318.268 1. -0.008 0. 312.658 0. 0. -1. 0.
0.009 1. 0. -318.190 1. -0.009 0. 315.480 0. 0. -1. 0.
0.008 1. 0. -318.104 1. -0.008 0. 318.279 0. 0. -1. 0.
0.006 1. 0. -318.019 1. -0.006 0. 321.044 0. 0. -1. 0.
0.003 1. 0. -317.940 1. -0.003 0. 323.771 0. 0. -1. 0.
0.001 1. 0. -317.876 1. -0.001 0. 326.469 0. 0. -1. 0.
-0.001 1. 0. -317.815 1. 0.001 0. 329.116 0. 0. -1. 0.
-0.003 1. 0. -317.765 1. 0.003 0. 331.707 0. 0. -1. 0.
-0.004 1. 0. -317.722 1. 0.004 0. 334.220 0. 0. -1. 0.
-0.006 1. 0. -317.680 1. 0.006 0. 336.672 0. 0. -1. 0.
-0.006 1. 0. -317.645 1. 0.006 0. 339.045 0. 0. -1. 0.
-0.004 1. 0. -317.608 1. 0.004 0. 341.341 0. 0. -1. 0.
-0.003 1. 0. -317.562 1. 0.003 0. 343.572 0. 0. -1. 0.
-0.002 1. 0. -317.520 1. 0.002 0. 345.739 0. 0. -1. 0.
-0.001 1. 0. -317.474 1. 0.001 0. 347.894 0. 0. -1. 0.
-0.001 1. 0. -317.427 1. 0.001 0. 349.974 0. 0. -1. 0.
-0.000 1. 0. -317.386 1. 0.000 0. 352.024 0. 0. -1. 0.
-0.000 1. 0. -317.343 1. 0.000 0. 354.042 0. 0. -1. 0.
-0. 1. 0. -317.299 1. 0. 0. 356.033 0. 0. -1. 0.
-0. 1. 0. -317.258 1. 0. 0. 357.997 0. 0. -1. 0.
0.000 1. 0. -317.216 1. -0.000 0. 359.950 0. 0. -1. 0.
0.000 1. 0. -317.174 1. -0.000 0. 361.884 0. 0. -1. 0.
0.000 1. 0. -317.132 1. -0.000 0. 363.812 0. 0. -1. 0.
0.001 1. 0. -317.090 1. -0.001 0. 365.722 0. 0. -1. 0.
0.001 1. 0. -317.046 1. -0.001 0. 367.626 0. 0. -1. 0.
0.000 1. 0. -317.003 1. -0.000 0. 369.521 0. 0. -1. 0.
0.001 1. 0. -316.963 1. -0.001 0. 371.414 0. 0. -1. 0.
0.001 1. 0. -316.919 1. -0.001 0. 373.314 0. 0. -1. 0.
0.001 1. 0. -316.877 1. -0.001 0. 375.253 0. 0. -1. 0.
0.001 1. 0. -316.830 1. -0.001 0. 377.243 0. 0. -1. 0.
-0.000 1. 0. -316.781 1. 0.000 0. 379.291 0. 0. -1. 0.
0.000 1. 0. -316.723 1. -0.000 0. 381.392 0. 0. -1. 0.
-0.000 1. 0. -316.684 1. 0.000 0. 383.538 0. 0. -1. 0.
0.001 1. 0. -316.641 1. -0.001 0. 385.775 0. 0. -1. 0.
0.001 1. 0. -316.589 1. -0.001 0. 388.048 0. 0. -1. 0.
0.002 1. 0. -316.528 1. -0.002 0. 390.376 0. 0. -1. 0.
0.003 1. 0. -316.472 1. -0.003 0. 392.730 0. 0. -1. 0.
0.003 1. 0. -316.408 1. -0.003 0. 395.094 0. 0. -1. 0.
0.004 1. 0. -316.347 1. -0.004 0. 397.463 0. 0. -1. 0.
0.004 1. 0. -316.285 1. -0.004 0. 399.835 0. 0. -1. 0.
0.005 1. 0. -316.224 1. -0.005 0. 402.213 0. 0. -1. 0.
0.005 1. 0. -316.163 1. -0.005 0. 404.573 0. 0. -1. 0.
0.006 1. 0. -316.101 1. -0.006 0. 406.931 0. 0. -1. 0.
0.006 1. 0. -316.034 1. -0.006 0. 409.278 0. 0. -1. 0.
0.006 1. 0. -315.962 1. -0.006 0. 411.620 0. 0. -1. 0.
0.006 1. 0. -315.892 1. -0.006 0. 413.977 0. 0. -1. 0.
0.007 1. 0. -315.824 1. -0.007 0. 416.347 0. 0. -1. 0.
0.006 1. 0. -315.752 1. -0.006 0. 418.741 0. 0. -1. 0.
0.006 1. 0. -315.689 1. -0.006 0. 421.148 0. 0. -1. 0.
0.007 1. 0. -315.631 1. -0.007 0. 423.565 0. 0. -1. 0.
0.008 1. 0. -315.560 1. -0.008 0. 425.977 0. 0. -1. 0.
0.009 1. 0. -315.483 1. -0.009 0. 428.399 0. 0. -1. 0.
0.010 1. 0. -315.409 1. -0.010 0. 430.810 0. 0. -1. 0.
0.011 1. 0. -315.334 1. -0.011 0. 433.216 0. 0. -1. 0.
0.012 1. 0. -315.257 1. -0.012 0. 435.618 0. 0. -1. 0.
0.012 1. 0. -315.176 1. -0.012 0. 438.007 0. 0. -1. 0.
0.013 1. 0. -315.093 1. -0.013 0. 440.385 0. 0. -1. 0.
0.014 1. 0. -315.003 1. -0.014 0. 442.746 0. 0. -1. 0.
0.015 1.000 0. -314.912 1.000 -0.015 0. 445.099 0. 0. -1. 0.
0.016 1.000 0. -314.825 1.000 -0.016 0. 447.427 0. 0. -1. 0.
0.017 1.000 0. -314.741 1.000 -0.017 0. 449.738 0. 0. -1. 0.
0.017 1.000 0. -314.655 1.000 -0.017 0. 452.038 0. 0. -1. 0.
0.018 1.000 0. -314.564 1.000 -0.018 0. 454.321 0. 0. -1. 0.
0.018 1.000 0. -314.473 1.000 -0.018 0. 456.561 0. 0. -1. 0.
0.018 1.000 0. -314.388 1.000 -0.018 0. 458.747 0. 0. -1. 0.
0.018 1.000 0. -314.303 1.000 -0.018 0. 460.874 0. 0. -1. 0.
0.018 1.000 0. -314.222 1.000 -0.018 0. 462.929 0. 0. -1. 0.
0.018 1.000 0. -314.145 1.000 -0.018 0. 464.913 0. 0. -1. 0.
0.017 1.000 0. -314.075 1.000 -0.017 0. 466.803 0. 0. -1. 0.
0.016 1.000 0. -314.003 1.000 -0.016 0. 468.626 0. 0. -1. 0.
0.014 1.000 0. -313.944 1.000 -0.014 0. 470.356 0. 0. -1. 0.
0.014 1. 0. -313.885 1. -0.014 0. 472.020 0. 0. -1. 0.
0.013 1. 0. -313.836 1. -0.013 0. 473.614 0. 0. -1. 0.
0.011 1. 0. -313.781 1. -0.011 0. 475.148 0. 0. -1. 0.
0.007 1. 0. -313.745 1. -0.007 0. 476.601 0. 0. -1. 0.
0.003 1. 0. -313.709 1. -0.003 0. 477.965 0. 0. -1. 0.
-0.003 1. 0. -313.690 1. 0.003 0. 479.227 0. 0. -1. 0.
-0.008 1. 0. -313.678 1. 0.008 0. 480.381 0. 0. -1. 0.
-0.013 1. 0. -313.671 1. 0.013 0. 481.415 0. 0. -1. 0.
-0.017 1.000 0. -313.668 1.000 0.017 0. 482.358 0. 0. -1. 0.
-0.020 1.000 0. -313.670 1.000 0.020 0. 483.206 0. 0. -1. 0.
-0.024 1.000 0. -313.676 1.000 0.024 0. 483.974 0. 0. -1. 0.
-0.025 1.000 0. -313.679 1.000 0.025 0. 484.658 0. 0. -1. 0.
-0.026 1.000 0. -313.685 1.000 0.026 0. 485.248 0. 0. -1. 0.
-0.026 1.000 0. -313.688 1.000 0.026 0. 485.750 0. 0. -1. 0.
-0.027 1.000 0. -313.692 1.000 0.027 0. 486.168 0. 0. -1. 0.
-0.027 1.000 0. -313.694 1.000 0.027 0. 486.497 0. 0. -1. 0.
-0.027 1.000 0. -313.694 1.000 0.027 0. 486.753 0. 0. -1. 0.
-0.027 1.000 0. -313.696 1.000 0.027 0. 486.944 0. 0. -1. 0.
-0.027 1.000 0. -313.699 1.000 0.027 0. 487.085 0. 0. -1. 0.
-0.027 1.000 0. -313.699 1.000 0.027 0. 487.188 0. 0. -1. 0.
-0.027 1.000 0. -313.697 1.000 0.027 0. 487.254 0. 0. -1. 0.
-0.027 1.000 0. -313.696 1.000 0.027 0. 487.284 0. 0. -1. 0.
-0.027 1.000 0. -313.696 1.000 0.027 0. 487.284 0. 0. -1. 0.
-0.027 1.000 0. -313.696 1.000 0.027 0. 487.284 0. 0. -1. 0.
-0.027 1.000 0. -313.696 1.000 0.027 0. 487.284 0. 0. -1. 0.
-0.027 1.000 0. -313.696 1.000 0.027 0. 487.284 0. 0. -1. 0.
-0.027 1.000 0. -313.696 1.000 0.027 0. 487.284 0. 0. -1. 0.
-0.027 1.000 0. -313.696 1.000 0.027 0. 487.284 0. 0. -1. 0.
-0.027 1.000 0. -313.696 1.000 0.027 0. 487.284 0. 0. -1. 0.
-0.027 1.000 0. -313.696 1.000 0.027 0. 487.284 0. 0. -1. 0.
-0.027 1.000 0. -313.696 1.000 0.027 0. 487.284 0. 0. -1. 0.
-0.027 1.000 0. -313.696 1.000 0.027 0. 487.284 0. 0. -1. 0.
-0.027 1.000 0. -313.696 1.000 0.027 0. 487.284 0. 0. -1. 0.
-0.027 1.000 0. -313.696 1.000 0.027 0. 487.284 0. 0. -1. 0.
-0.027 1.000 0. -313.696 1.000 0.027 0. 487.284 0. 0. -1. 0.
-0.027 1.000 0. -313.696 1.000 0.027 0. 487.284 0. 0. -1. 0.
-0.027 1.000 0. -313.696 1.000 0.027 0. 487.284 0. 0. -1. 0.
-0.027 1.000 0. -313.696 1.000 0.027 0. 487.284 0. 0. -1. 0.
-0.027 1.000 0. -313.696 1.000 0.027 0. 487.284 0. 0. -1. 0.
