0.999 -0.038 0. 3.296 0.038 0.999 0. 0.175 0. 0. 1. 0.
0.999 -0.040 0. 3.983 0.040 0.999 0. 0.234 0. 0. 1. 0.
0.999 -0.041 0. 4.777 0.041 0.999 0. 0.253 0. 0. 1. 0.
0.999 -0.044 0. 5.646 0.044 0.999 0. 0.332 0. 0. 1. 0.
0.999 -0.047 0. 6.541 0.047 0.999 0. 0.357 0. 0. 1. 0.
0.999 -0.050 0. 7.558 0.050 0.999 0. 0.404 0. 0. 1. 0.
0.999 -0.053 0. 8.611 0.053 0.999 0. 0.463 0. 0. 1. 0.
0.998 -0.057 0. 9.768 0.057 0.998 0. 0.545 0. 0. 1. 0.
0.998 -0.059 0. 10.935 0.059 0.998 0. 0.653 0. 0. 1. 0.
0.998 -0.063 0. 12.237 0.063 0.998 0. 0.697 0. 0. 1. 0.
0.998 -0.066 0. 13.582 0.066 0.998 0. 0.845 0. 0. 1. 0.
0.998 -0.067 0. 14.957 0.067 0.998 0. 0.916 0. 0. 1. 0.
0.998 -0.070 0. 16.468 0.070 0.998 0. 1.019 0. 0. 1. 0.
0.998 -0.070 0. 18.030 0.070 0.998 0. 1.137 0. 0. 1. 0.
0.997 -0.072 0. 19.626 0.072 0.997 0. 1.299 0. 0. 1. 0.
0.998 -0.069 0. 21.328 0.069 0.998 0. 1.431 0. 0. 1. 0.
0.998 -0.067 0. 23.094 0.067 0.998 0. 1.529 0. 0. 1. 0.
0.998 -0.063 0. 24.916 0.063 0.998 0. 1.621 0. 0. 1. 0.
0.998 -0.060 0. 26.803 0.060 0.998 0. 1.747 0. 0. 1. 0.
0.999 -0.053 0. 28.730 0.053 0.999 0. 1.818 0. 0. 1. 0.
0.999 -0.052 0. 30.742 0.052 0.999 0. 1.937 0. 0. 1. 0.
0.999 -0.052 0. 32.814 0.052 0.999 0. 2.000 0. 0. 1. 0.
0.999 -0.052 0. 34.947 0.052 0.999 0. 2.161 0. 0. 1. 0.
0.999 -0.053 0. 37.138 0.053 0.999 0. 2.242 0. 0. 1. 0.
0.999 -0.055 0. 39.390 0.055 0.999 0. 2.354 0. 0. 1. 0.
0.998 -0.057 0. 41.677 0.057 0.998 0. 2.488 0. 0. 1. 0.
0.998 -0.063 0. 44.007 0.063 0.998 0. 2.610 0. 0. 1. 0.
0.997 -0.071 0. 46.435 0.071 0.997 0. 2.777 0. 0. 1. 0.
0.997 -0.079 0. 48.882 0.079 0.997 0. 2.955 0. 0. 1. 0.
0.996 -0.088 0. 51.347 0.088 0.996 0. 3.173 0. 0. 1. 0.
0.995 -0.100 0. 53.912 0.100 0.995 0. 3.456 0. 0. 1. 0.
0.994 -0.112 0. 56.490 0.112 0.994 0. 3.742 0. 0. 1. 0.
0.992 -0.125 0. 59.177 0.125 0.992 0. 4.114 0. 0. 1. 0.
0.990 -0.138 0. 61.826 0.138 0.990 0. 4.471 0. 0. 1. 0.
0.989 -0.148 0. 64.520 0.148 0.989 0. 4.897 0. 0. 1. 0.
0.988 -0.156 0. 67.267 0.156 0.988 0. 5.370 0. 0. 1. 0.
0.987 -0.160 0. 70.081 0.160 0.987 0. 5.821 0. 0. 1. 0.
0.987 -0.161 0. 72.951 0.161 0.987 0. 6.260 0. 0. 1. 0.
0.987 -0.161 0. 75.842 0.161 0.987 0. 6.759 0. 0. 1. 0.
0.988 -0.155 0. 78.852 0.155 0.988 0. 7.195 0. 0. 1. 0.
0.988 -0.152 0. 81.806 0.152 0.988 0. 7.590 0. 0. 1. 0.
0.990 -0.141 0. 84.921 0.141 0.990 0. 8.003 0. 0. 1. 0.
0.991 -0.137 0. 87.988 0.137 0.991 0. 8.436 0. 0. 1. 0.
0.991 -0.131 0. 91.132 0.131 0.991 0. 8.863 0. 0. 1. 0.
0.992 -0.127 0. 94.319 0.127 0.992 0. 9.181 0. 0. 1. 0.
0.992 -0.123 0. 97.459 0.123 0.992 0. 9.608 0. 0. 1. 0.
0.993 -0.120 0. 100.632 0.120 0.993 0. 9.953 0. 0. 1. 0.
0.993 -0.119 0. 103.798 0.119 0.993 0. 10.374 0. 0. 1. 0.
0.993 -0.115 0. 107.046 0.115 0.993 0. 10.796 0. 0. 1. 0.
0.993 -0.116 0. 110.155 0.116 0.993 0. 11.120 0. 0. 1. 0.
0.994 -0.113 0. 113.338 0.113 0.994 0. 11.503 0. 0. 1. 0.
0.994 -0.110 0. 116.415 0.110 0.994 0. 11.826 0. 0. 1. 0.
0.994 -0.107 0. 119.523 0.107 0.994 0. 12.239 0. 0. 1. 0.
0.994 -0.107 0. 122.657 0.107 0.994 0. 12.554 0. 0. 1. 0.
0.994 -0.109 0. 125.804 0.109 0.994 0. 12.869 0. 0. 1. 0.
0.994 -0.110 0. 128.902 0.110 0.994 0. 13.257 0. 0. 1. 0.
0.994 -0.111 0. 132.012 0.111 0.994 0. 13.583 0. 0. 1. 0.
0.994 -0.111 0. 135.103 0.111 0.994 0. 13.939 0. 0. 1. 0.
0.994 -0.110 0. 138.216 0.110 0.994 0. 14.295 0. 0. 1. 0.
0.994 -0.108 0. 141.319 0.108 0.994 0. 14.648 0. 0. 1. 0.
0.994 -0.107 0. 144.404 0.107 0.994 0. 14.984 0. 0. 1. 0.
0.994 -0.105 0. 147.502 0.105 0.994 0. 15.301 0. 0. 1. 0.
0.994 -0.108 0. 150.617 0.108 0.994 0. 15.635 0. 0. 1. 0.
0.994 -0.107 0. 153.732 0.107 0.994 0. 16.020 0. 0. 1. 0.
0.994 -0.105 0. 156.806 0.105 0.994 0. 16.330 0. 0. 1. 0.
0.995 -0.102 0. 159.895 0.102 0.995 0. 16.666 0. 0. 1. 0.
0.995 -0.100 0. 162.987 0.100 0.995 0. 16.965 0. 0. 1. 0.
0.995 -0.101 0. 166.033 0.101 0.995 0. 17.294 0. 0. 1. 0.
0.995 -0.102 0. 169.154 0.102 0.995 0. 17.590 0. 0. 1. 0.
0.995 -0.102 0. 172.189 0.102 0.995 0. 17.908 0. 0. 1. 0.
0.995 -0.103 0. 175.299 0.103 0.995 0. 18.257 0. 0. 1. 0.
0.995 -0.102 0. 178.400 0.102 0.995 0. 18.585 0. 0. 1. 0.
0.995 -0.104 0. 181.466 0.104 0.995 0. 18.896 0. 0. 1. 0.
0.995 -0.103 0. 184.587 0.103 0.995 0. 19.203 0. 0. 1. 0.
0.995 -0.104 0. 187.686 0.104 0.995 0. 19.550 0. 0. 1. 0.
0.995 -0.102 0. 190.811 0.102 0.995 0. 19.898 0. 0. 1. 0.
0.995 -0.099 0. 193.854 0.099 0.995 0. 20.295 0. 0. 1. 0.
0.995 -0.098 0. 197.004 0.098 0.995 0. 20.548 0. 0. 1. 0.
0.995 -0.097 0. 200.092 0.097 0.995 0. 20.881 0. 0. 1. 0.
0.995 -0.096 0. 203.237 0.096 0.995 0. 21.227 0. 0. 1. 0.
0.995 -0.098 0. 206.376 0.098 0.995 0. 21.573 0. 0. 1. 0.
0.995 -0.100 0. 209.524 0.100 0.995 0. 21.949 0. 0. 1. 0.
0.995 -0.101 0. 212.648 0.101 0.995 0. 22.262 0. 0. 1. 0.
0.995 -0.100 0. 215.805 0.100 0.995 0. 22.585 0. 0. 1. 0.
0.995 -0.099 0. 218.901 0.099 0.995 0. 22.911 0. 0. 1. 0.
0.995 -0.098 0. 222.039 0.098 0.995 0. 23.188 0. 0. 1. 0.
0.995 -0.098 0. 225.097 0.098 0.995 0. 23.543 0. 0. 1. 0.
0.996 -0.093 0. 228.169 0.093 0.996 0. 23.835 0. 0. 1. 0.
0.996 -0.091 0. 231.246 0.091 0.996 0. 24.094 0. 0. 1. 0.
0.996 -0.085 0. 234.249 0.085 0.996 0. 24.397 0. 0. 1. 0.
0.996 -0.085 0. 237.299 0.085 0.996 0. 24.648 0. 0. 1. 0.
0.996 -0.086 0. 240.307 0.086 0.996 0. 24.965 0. 0. 1. 0.
0.996 -0.087 0. 243.327 0.087 0.996 0. 25.277 0. 0. 1. 0.
0.996 -0.090 0. 246.393 0.090 0.996 0. 25.542 0. 0. 1. 0.
0.996 -0.089 0. 249.482 0.089 0.996 0. 25.867 0. 0. 1. 0.
0.996 -0.091 0. 252.463 0.091 0.996 0. 26.154 0. 0. 1. 0.
0.996 -0.094 0. 255.479 0.094 0.996 0. 26.470 0. 0. 1. 0.
0.995 -0.100 0. 258.546 0.100 0.995 0. 26.706 0. 0. 1. 0.
0.995 -0.104 0. 261.595 0.104 0.995 0. 26.975 0. 0. 1. 0.
0.994 -0.105 0. 264.616 0.105 0.994 0. 27.349 0. 0. 1. 0.
0.994 -0.107 0. 267.588 0.107 0.994 0. 27.706 0. 0. 1. 0.
0.994 -0.105 0. 270.655 0.105 0.994 0. 27.952 0. 0. 1. 0.
0.995 -0.102 0. 273.575 0.102 0.995 0. 28.304 0. 0. 1. 0.
0.995 -0.098 0. 276.541 0.098 0.995 0. 28.595 0. 0. 1. 0.
0.995 -0.097 0. 279.457 0.097 0.995 0. 28.880 0. 0. 1. 0.
0.995 -0.096 0. 282.353 0.096 0.995 0. 29.155 0. 0. 1. 0.
0.995 -0.095 0. 285.295 0.095 0.995 0. 29.488 0. 0. 1. 0.
0.996 -0.095 0. 288.210 0.095 0.996 0. 29.770 0. 0. 1. 0.
0.996 -0.095 0. 291.083 0.095 0.996 0. 30.074 0. 0. 1. 0.
0.996 -0.095 0. 294.011 0.095 0.996 0. 30.288 0. 0. 1. 0.
0.996 -0.094 0. 296.927 0.094 0.996 0. 30.613 0. 0. 1. 0.
0.996 -0.093 0. 299.864 0.093 0.996 0. 30.837 0. 0. 1. 0.
0.996 -0.093 0. 302.764 0.093 0.996 0. 31.162 0. 0. 1. 0.
0.996 -0.094 0. 305.729 0.094 0.996 0. 31.419 0. 0. 1. 0.
0.996 -0.093 0. 308.687 0.093 0.996 0. 31.634 0. 0. 1. 0.
0.996 -0.093 0. 311.705 0.093 0.996 0. 31.985 0. 0. 1. 0.
0.995 -0.096 0. 314.718 0.096 0.995 0. 32.261 0. 0. 1. 0.
0.995 -0.095 0. 317.741 0.095 0.995 0. 32.613 0. 0. 1. 0.
0.995 -0.095 0. 320.801 0.095 0.995 0. 32.871 0. 0. 1. 0.
0.995 -0.095 0. 323.892 0.095 0.995 0. 33.188 0. 0. 1. 0.
0.995 -0.098 0. 326.967 0.098 0.995 0. 33.572 0. 0. 1. 0.
0.995 -0.098 0. 330.128 0.098 0.995 0. 33.883 0. 0. 1. 0.
0.995 -0.097 0. 333.296 0.097 0.995 0. 34.159 0. 0. 1. 0.
0.995 -0.098 0. 336.527 0.098 0.995 0. 34.478 0. 0. 1. 0.
0.995 -0.100 0. 339.792 0.100 0.995 0. 34.825 0. 0. 1. 0.
0.995 -0.100 0. 343.072 0.100 0.995 0. 35.168 0. 0. 1. 0.
0.995 -0.099 0. 346.357 0.099 0.995 0. 35.468 0. 0. 1. 0.
0.995 -0.101 0. 349.655 0.101 0.995 0. 35.864 0. 0. 1. 0.
0.995 -0.102 0. 353.013 0.102 0.995 0. 36.201 0. 0. 1. 0.
0.995 -0.102 0. 356.385 0.102 0.995 0. 36.599 0. 0. 1. 0.
0.995 -0.103 0. 359.822 0.103 0.995 0. 36.939 0. 0. 1. 0.
0.995 -0.103 0. 363.261 0.103 0.995 0. 37.296 0. 0. 1. 0.
0.995 -0.101 0. 366.743 0.101 0.995 0. 37.629 0. 0. 1. 0.
0.995 -0.100 0. 370.211 0.100 0.995 0. 37.964 0. 0. 1. 0.
0.995 -0.099 0. 373.754 0.099 0.995 0. 38.312 0. 0. 1. 0.
0.995 -0.099 0. 377.284 0.099 0.995 0. 38.666 0. 0. 1. 0.
0.995 -0.098 0. 380.820 0.098 0.995 0. 39.062 0. 0. 1. 0.
0.995 -0.097 0. 384.402 0.097 0.995 0. 39.356 0. 0. 1. 0.
0.996 -0.094 0. 388.036 0.094 0.996 0. 39.717 0. 0. 1. 0.
0.995 -0.096 0. 391.631 0.096 0.995 0. 40.038 0. 0. 1. 0.
0.995 -0.098 0. 395.259 0.098 0.995 0. 40.445 0. 0. 1. 0.
0.995 -0.098 0. 398.883 0.098 0.995 0. 40.771 0. 0. 1. 0.
0.995 -0.097 0. 402.447 0.097 0.995 0. 41.183 0. 0. 1. 0.
0.995 -0.095 0. 406.083 0.095 0.995 0. 41.564 0. 0. 1. 0.
0.995 -0.095 0. 409.661 0.095 0.995 0. 41.835 0. 0. 1. 0.
0.995 -0.099 0. 413.268 0.099 0.995 0. 42.181 0. 0. 1. 0.
0.995 -0.102 0. 416.865 0.102 0.995 0. 42.513 0. 0. 1. 0.
0.995 -0.104 0. 420.497 0.104 0.995 0. 42.922 0. 0. 1. 0.
0.995 -0.105 0. 424.110 0.105 0.995 0. 43.281 0. 0. 1. 0.
0.995 -0.102 0. 427.749 0.102 0.995 0. 43.690 0. 0. 1. 0.
0.995 -0.101 0. 431.371 0.101 0.995 0. 43.988 0. 0. 1. 0.
0.995 -0.102 0. 435.055 0.102 0.995 0. 44.331 0. 0. 1. 0.
0.995 -0.101 0. 438.644 0.101 0.995 0. 44.627 0. 0. 1. 0.
0.995 -0.100 0. 442.326 0.100 0.995 0. 45.160 0. 0. 1. 0.
0.995 -0.100 0. 445.972 0.100 0.995 0. 45.412 0. 0. 1. 0.
0.995 -0.100 0. 449.647 0.100 0.995 0. 45.774 0. 0. 1. 0.
0.995 -0.099 0. 453.332 0.099 0.995 0. 46.115 0. 0. 1. 0.
0.995 -0.097 0. 457.044 0.097 0.995 0. 46.521 0. 0. 1. 0.
0.995 -0.098 0. 460.723 0.098 0.995 0. 46.817 0. 0. 1. 0.
0.995 -0.097 0. 464.450 0.097 0.995 0. 47.187 0. 0. 1. 0.
0.995 -0.096 0. 468.159 0.096 0.995 0. 47.628 0. 0. 1. 0.
0.995 -0.098 0. 471.866 0.098 0.995 0. 47.948 0. 0. 1. 0.
0.995 -0.099 0. 475.616 0.099 0.995 0. 48.332 0. 0. 1. 0.
0.995 -0.100 0. 479.350 0.100 0.995 0. 48.642 0. 0. 1. 0.
0.995 -0.102 0. 483.093 0.102 0.995 0. 49.080 0. 0. 1. 0.
0.995 -0.104 0. 486.840 0.104 0.995 0. 49.330 0. 0. 1. 0.
0.995 -0.105 0. 490.567 0.105 0.995 0. 49.761 0. 0. 1. 0.
0.995 -0.104 0. 494.293 0.104 0.995 0. 50.097 0. 0. 1. 0.
0.995 -0.105 0. 497.960 0.105 0.995 0. 50.568 0. 0. 1. 0.
0.995 -0.104 0. 501.627 0.104 0.995 0. 50.909 0. 0. 1. 0.
0.995 -0.101 0. 505.263 0.101 0.995 0. 51.312 0. 0. 1. 0.
0.995 -0.103 0. 508.888 0.103 0.995 0. 51.724 0. 0. 1. 0.
0.995 -0.102 0. 512.511 0.102 0.995 0. 52.176 0. 0. 1. 0.
0.995 -0.101 0. 516.122 0.101 0.995 0. 52.573 0. 0. 1. 0.
0.995 -0.100 0. 519.694 0.100 0.995 0. 52.947 0. 0. 1. 0.
0.995 -0.101 0. 523.311 0.101 0.995 0. 53.262 0. 0. 1. 0.
0.995 -0.100 0. 526.909 0.100 0.995 0. 53.718 0. 0. 1. 0.
0.995 -0.101 0. 530.520 0.101 0.995 0. 54.128 0. 0. 1. 0.
0.995 -0.101 0. 534.121 0.101 0.995 0. 54.471 0. 0. 1. 0.
0.995 -0.101 0. 537.729 0.101 0.995 0. 54.957 0. 0. 1. 0.
0.995 -0.102 0. 541.347 0.102 0.995 0. 55.216 0. 0. 1. 0.
0.995 -0.103 0. 544.923 0.103 0.995 0. 55.639 0. 0. 1. 0.
0.994 -0.106 0. 548.581 0.106 0.994 0. 56.000 0. 0. 1. 0.
0.995 -0.105 0. 552.163 0.105 0.995 0. 56.320 0. 0. 1. 0.
0.994 -0.105 0. 555.808 0.105 0.994 0. 56.688 0. 0. 1. 0.
0.994 -0.105 0. 559.435 0.105 0.994 0. 57.003 0. 0. 1. 0.
0.995 -0.103 0. 563.074 0.103 0.995 0. 57.379 0. 0. 1. 0.
0.995 -0.103 0. 566.721 0.103 0.995 0. 57.702 0. 0. 1. 0.
0.994 -0.106 0. 570.324 0.106 0.994 0. 58.076 0. 0. 1. 0.
0.995 -0.104 0. 573.952 0.104 0.995 0. 58.522 0. 0. 1. 0.
0.994 -0.105 0. 577.582 0.105 0.994 0. 58.820 0. 0. 1. 0.
0.994 -0.105 0. 581.237 0.105 0.994 0. 59.288 0. 0. 1. 0.
0.994 -0.107 0. 584.916 0.107 0.994 0. 59.549 0. 0. 1. 0.
0.994 -0.105 0. 588.610 0.105 0.994 0. 60.037 0. 0. 1. 0.
0.995 -0.104 0. 592.285 0.104 0.995 0. 60.393 0. 0. 1. 0.
0.995 -0.103 0. 595.984 0.103 0.995 0. 60.870 0. 0. 1. 0.
0.995 -0.098 0. 599.658 0.098 0.995 0. 61.249 0. 0. 1. 0.
0.995 -0.099 0. 603.441 0.099 0.995 0. 61.604 0. 0. 1. 0.
0.995 -0.099 0. 607.172 0.099 0.995 0. 61.969 0. 0. 1. 0.
0.995 -0.097 0. 610.881 0.097 0.995 0. 62.313 0. 0. 1. 0.
0.995 -0.102 0. 614.638 0.102 0.995 0. 62.681 0. 0. 1. 0.
0.995 -0.102 0. 618.374 0.102 0.995 0. 63.104 0. 0. 1. 0.
0.995 -0.102 0. 622.056 0.102 0.995 0. 63.474 0. 0. 1. 0.
0.995 -0.103 0. 625.808 0.103 0.995 0. 63.801 0. 0. 1. 0.
0.995 -0.105 0. 629.630 0.105 0.995 0. 64.184 0. 0. 1. 0.
0.995 -0.101 0. 633.382 0.101 0.995 0. 64.461 0. 0. 1. 0.
0.995 -0.099 0. 637.170 0.099 0.995 0. 64.844 0. 0. 1. 0.
0.995 -0.098 0. 640.960 0.098 0.995 0. 65.200 0. 0. 1. 0.
0.995 -0.098 0. 644.744 0.098 0.995 0. 65.580 0. 0. 1. 0.
0.995 -0.097 0. 648.501 0.097 0.995 0. 65.931 0. 0. 1. 0.
0.995 -0.100 0. 652.219 0.100 0.995 0. 66.250 0. 0. 1. 0.
0.995 -0.101 0. 655.980 0.101 0.995 0. 66.658 0. 0. 1. 0.
0.995 -0.101 0. 659.687 0.101 0.995 0. 67.057 0. 0. 1. 0.
0.995 -0.102 0. 663.365 0.102 0.995 0. 67.497 0. 0. 1. 0.
0.995 -0.104 0. 667.062 0.104 0.995 0. 67.837 0. 0. 1. 0.
0.995 -0.104 0. 670.717 0.104 0.995 0. 68.186 0. 0. 1. 0.
0.995 -0.103 0. 674.478 0.103 0.995 0. 68.618 0. 0. 1. 0.
0.995 -0.101 0. 678.194 0.101 0.995 0. 69.034 0. 0. 1. 0.
0.995 -0.102 0. 681.933 0.102 0.995 0. 69.371 0. 0. 1. 0.
0.995 -0.098 0. 685.650 0.098 0.995 0. 69.743 0. 0. 1. 0.
0.995 -0.101 0. 689.366 0.101 0.995 0. 70.091 0. 0. 1. 0.
0.995 -0.102 0. 693.182 0.102 0.995 0. 70.335 0. 0. 1. 0.
0.995 -0.101 0. 696.876 0.101 0.995 0. 70.703 0. 0. 1. 0.
0.995 -0.098 0. 700.552 0.098 0.995 0. 71.038 0. 0. 1. 0.
0.995 -0.101 0. 704.275 0.101 0.995 0. 71.473 0. 0. 1. 0.
0.995 -0.099 0. 708.009 0.099 0.995 0. 71.839 0. 0. 1. 0.
0.995 -0.099 0. 711.716 0.099 0.995 0. 72.143 0. 0. 1. 0.
0.995 -0.099 0. 715.456 0.099 0.995 0. 72.563 0. 0. 1. 0.
0.995 -0.098 0. 719.143 0.098 0.995 0. 72.873 0. 0. 1. 0.
0.995 -0.099 0. 722.843 0.099 0.995 0. 73.261 0. 0. 1. 0.
0.995 -0.099 0. 726.580 0.099 0.995 0. 73.657 0. 0. 1. 0.
0.995 -0.098 0. 730.253 0.098 0.995 0. 74.020 0. 0. 1. 0.
0.995 -0.095 0. 733.946 0.095 0.995 0. 74.401 0. 0. 1. 0.
0.996 -0.094 0. 737.688 0.094 0.996 0. 74.655 0. 0. 1. 0.
0.996 -0.093 0. 741.363 0.093 0.996 0. 75.062 0. 0. 1. 0.
0.996 -0.092 0. 745.032 0.092 0.996 0. 75.396 0. 0. 1. 0.
0.996 -0.094 0. 748.783 0.094 0.996 0. 75.738 0. 0. 1. 0.
0.996 -0.092 0. 752.524 0.092 0.996 0. 76.047 0. 0. 1. 0.
0.996 -0.095 0. 756.211 0.095 0.996 0. 76.413 0. 0. 1. 0.
0.996 -0.092 0. 759.909 0.092 0.996 0. 76.730 0. 0. 1. 0.
0.996 -0.091 0. 763.616 0.091 0.996 0. 77.095 0. 0. 1. 0.
0.996 -0.091 0. 767.382 0.091 0.996 0. 77.438 0. 0. 1. 0.
0.996 -0.091 0. 771.058 0.091 0.996 0. 77.780 0. 0. 1. 0.
0.996 -0.091 0. 774.809 0.091 0.996 0. 78.035 0. 0. 1. 0.
0.996 -0.090 0. 778.523 0.090 0.996 0. 78.443 0. 0. 1. 0.
0.996 -0.088 0. 782.208 0.088 0.996 0. 78.684 0. 0. 1. 0.
0.996 -0.088 0. 785.929 0.088 0.996 0. 79.071 0. 0. 1. 0.
0.996 -0.094 0. 789.662 0.094 0.996 0. 79.245 0. 0. 1. 0.
0.996 -0.092 0. 793.447 0.092 0.996 0. 79.587 0. 0. 1. 0.
0.996 -0.093 0. 797.147 0.093 0.996 0. 79.913 0. 0. 1. 0.
0.996 -0.089 0. 800.851 0.089 0.996 0. 80.187 0. 0. 1. 0.
0.996 -0.090 0. 804.580 0.090 0.996 0. 80.504 0. 0. 1. 0.
0.996 -0.091 0. 808.318 0.091 0.996 0. 80.812 0. 0. 1. 0.
0.996 -0.089 0. 812.024 0.089 0.996 0. 81.138 0. 0. 1. 0.
0.996 -0.088 0. 815.770 0.088 0.996 0. 81.495 0. 0. 1. 0.
0.996 -0.089 0. 819.498 0.089 0.996 0. 81.674 0. 0. 1. 0.
0.996 -0.087 0. 823.170 0.087 0.996 0. 82.045 0. 0. 1. 0.
0.996 -0.088 0. 826.931 0.088 0.996 0. 82.412 0. 0. 1. 0.
0.996 -0.090 0. 830.744 0.090 0.996 0. 82.655 0. 0. 1. 0.
0.996 -0.090 0. 834.494 0.090 0.996 0. 82.950 0. 0. 1. 0.
0.996 -0.091 0. 838.220 0.091 0.996 0. 83.302 0. 0. 1. 0.
0.996 -0.090 0. 841.923 0.090 0.996 0. 83.604 0. 0. 1. 0.
0.996 -0.091 0. 845.691 0.091 0.996 0. 83.951 0. 0. 1. 0.
0.996 -0.090 0. 849.409 0.090 0.996 0. 84.270 0. 0. 1. 0.
0.996 -0.091 0. 853.057 0.091 0.996 0. 84.630 0. 0. 1. 0.
0.996 -0.088 0. 856.826 0.088 0.996 0. 84.964 0. 0. 1. 0.
0.996 -0.090 0. 860.594 0.090 0.996 0. 85.223 0. 0. 1. 0.
0.996 -0.090 0. 864.293 0.090 0.996 0. 85.533 0. 0. 1. 0.
0.996 -0.089 0. 867.964 0.089 0.996 0. 85.841 0. 0. 1. 0.
0.996 -0.086 0. 871.742 0.086 0.996 0. 86.083 0. 0. 1. 0.
0.996 -0.088 0. 875.463 0.088 0.996 0. 86.386 0. 0. 1. 0.
0.996 -0.086 0. 879.150 0.086 0.996 0. 86.759 0. 0. 1. 0.
0.996 -0.087 0. 882.834 0.087 0.996 0. 87.069 0. 0. 1. 0.
0.996 -0.085 0. 886.523 0.085 0.996 0. 87.381 0. 0. 1. 0.
0.997 -0.083 0. 890.161 0.083 0.997 0. 87.774 0. 0. 1. 0.
0.997 -0.083 0. 893.829 0.083 0.997 0. 88.079 0. 0. 1. 0.
0.997 -0.083 0. 897.539 0.083 0.997 0. 88.388 0. 0. 1. 0.
0.996 -0.084 0. 901.184 0.084 0.996 0. 88.677 0. 0. 1. 0.
0.996 -0.086 0. 904.895 0.086 0.996 0. 88.969 0. 0. 1. 0.
0.997 -0.081 0. 908.548 0.081 0.997 0. 89.282 0. 0. 1. 0.
0.997 -0.082 0. 912.244 0.082 0.997 0. 89.572 0. 0. 1. 0.
0.997 -0.082 0. 915.928 0.082 0.997 0. 89.975 0. 0. 1. 0.
0.997 -0.076 0. 919.617 0.076 0.997 0. 90.106 0. 0. 1. 0.
0.997 -0.077 0. 923.317 0.077 0.997 0. 90.432 0. 0. 1. 0.
0.997 -0.077 0. 926.990 0.077 0.997 0. 90.671 0. 0. 1. 0.
0.997 -0.079 0. 930.671 0.079 0.997 0. 90.966 0. 0. 1. 0.
0.997 -0.080 0. 934.339 0.080 0.997 0. 91.171 0. 0. 1. 0.
0.997 -0.078 0. 938.046 0.078 0.997 0. 91.483 0. 0. 1. 0.
0.997 -0.079 0. 941.678 0.079 0.997 0. 91.758 0. 0. 1. 0.
0.997 -0.076 0. 945.351 0.076 0.997 0. 92.043 0. 0. 1. 0.
0.997 -0.074 0. 949.022 0.074 0.997 0. 92.256 0. 0. 1. 0.
0.997 -0.073 0. 952.682 0.073 0.997 0. 92.491 0. 0. 1. 0.
0.997 -0.071 0. 956.393 0.071 0.997 0. 92.638 0. 0. 1. 0.
0.998 -0.070 0. 959.959 0.070 0.998 0. 92.945 0. 0. 1. 0.
0.998 -0.068 0. 963.684 0.068 0.998 0. 93.170 0. 0. 1. 0.
0.998 -0.063 0. 967.338 0.063 0.998 0. 93.412 0. 0. 1. 0.
0.998 -0.056 0. 971.017 0.056 0.998 0. 93.615 0. 0. 1. 0.
0.999 -0.051 0. 974.687 0.051 0.999 0. 93.856 0. 0. 1. 0.
0.999 -0.044 0. 978.419 0.044 0.999 0. 94.071 0. 0. 1. 0.
0.999 -0.035 0. 982.007 0.035 0.999 0. 94.222 0. 0. 1. 0.
1.000 -0.031 0. 985.676 0.031 1.000 0. 94.311 0. 0. 1. 0.
1.000 -0.020 0. 989.367 0.020 1.000 0. 94.439 0. 0. 1. 0.
1. -0.011 0. 993.048 0.011 1. 0. 94.547 0. 0. 1. 0.
1. -0.004 0. 996.654 0.004 1. 0. 94.571 0. 0. 1. 0.
1. 0.007 0. 1000.330 -0.007 1. 0. 94.539 0. 0. 1. 0.
1. 0.012 0. 1003.991 -0.012 1. 0. 94.522 0. 0. 1. 0.
1. 0.009 0. 1007.633 -0.009 1. 0. 94.355 0. 0. 1. 0.
1. 0.010 0. 1011.292 -0.010 1. 0. 94.342 0. 0. 1. 0.
1. 0.010 0. 1014.930 -0.010 1. 0. 94.317 0. 0. 1. 0.
1. 0.011 0. 1018.529 -0.011 1. 0. 94.296 0. 0. 1. 0.
1.000 0.016 0. 1022.185 -0.016 1.000 0. 94.186 0. 0. 1. 0.
1.000 0.021 0. 1025.856 -0.021 1.000 0. 94.109 0. 0. 1. 0.
1.000 0.023 0. 1029.480 -0.023 1.000 0. 94.041 0. 0. 1. 0.
1.000 0.025 0. 1033.077 -0.025 1.000 0. 93.926 0. 0. 1. 0.
1.000 0.025 0. 1036.718 -0.025 1.000 0. 93.870 0. 0. 1. 0.
1.000 0.025 0. 1040.412 -0.025 1.000 0. 93.714 0. 0. 1. 0.
1.000 0.025 0. 1044.000 -0.025 1.000 0. 93.644 0. 0. 1. 0.
1.000 0.024 0. 1047.637 -0.024 1.000 0. 93.524 0. 0. 1. 0.
1.000 0.022 0. 1051.262 -0.022 1.000 0. 93.399 0. 0. 1. 0.
1.000 0.020 0. 1054.864 -0.020 1.000 0. 93.368 0. 0. 1. 0.
1.000 0.019 0. 1058.525 -0.019 1.000 0. 93.330 0. 0. 1. 0.
1.000 0.018 0. 1062.124 -0.018 1.000 0. 93.186 0. 0. 1. 0.
1.000 0.016 0. 1065.747 -0.016 1.000 0. 93.184 0. 0. 1. 0.
1.000 0.018 0. 1069.346 -0.018 1.000 0. 93.057 0. 0. 1. 0.
1.000 0.021 0. 1072.952 -0.021 1.000 0. 93.068 0. 0. 1. 0.
1.000 0.025 0. 1076.557 -0.025 1.000 0. 92.946 0. 0. 1. 0.
1.000 0.029 0. 1080.141 -0.029 1.000 0. 92.883 0. 0. 1. 0.
0.999 0.033 0. 1083.762 -0.033 0.999 0. 92.756 0. 0. 1. 0.
0.999 0.033 0. 1087.353 -0.033 0.999 0. 92.665 0. 0. 1. 0.
0.999 0.033 0. 1090.971 -0.033 0.999 0. 92.503 0. 0. 1. 0.
1.000 0.031 0. 1094.536 -0.031 1.000 0. 92.393 0. 0. 1. 0.
0.999 0.032 0. 1098.122 -0.032 0.999 0. 92.193 0. 0. 1. 0.
1.000 0.027 0. 1101.698 -0.027 1.000 0. 92.099 0. 0. 1. 0.
1.000 0.028 0. 1105.311 -0.028 1.000 0. 92.012 0. 0. 1. 0.
1.000 0.023 0. 1108.897 -0.023 1.000 0. 91.879 0. 0. 1. 0.
1.000 0.025 0. 1112.484 -0.025 1.000 0. 91.784 0. 0. 1. 0.
1.000 0.025 0. 1116.064 -0.025 1.000 0. 91.705 0. 0. 1. 0.
1.000 0.024 0. 1119.671 -0.024 1.000 0. 91.621 0. 0. 1. 0.
1.000 0.024 0. 1123.247 -0.024 1.000 0. 91.522 0. 0. 1. 0.
1.000 0.023 0. 1126.793 -0.023 1.000 0. 91.428 0. 0. 1. 0.
1.000 0.023 0. 1130.433 -0.023 1.000 0. 91.361 0. 0. 1. 0.
1.000 0.021 0. 1133.974 -0.021 1.000 0. 91.238 0. 0. 1. 0.
1.000 0.019 0. 1137.580 -0.019 1.000 0. 91.169 0. 0. 1. 0.
1.000 0.020 0. 1141.154 -0.020 1.000 0. 91.146 0. 0. 1. 0.
1.000 0.020 0. 1144.690 -0.020 1.000 0. 91.070 0. 0. 1. 0.
1.000 0.025 0. 1148.310 -0.025 1.000 0. 91.035 0. 0. 1. 0.
1.000 0.026 0. 1151.835 -0.026 1.000 0. 90.924 0. 0. 1. 0.
1.000 0.026 0. 1155.386 -0.026 1.000 0. 90.835 0. 0. 1. 0.
1.000 0.028 0. 1158.916 -0.028 1.000 0. 90.723 0. 0. 1. 0.
1.000 0.028 0. 1162.455 -0.028 1.000 0. 90.636 0. 0. 1. 0.
1.000 0.028 0. 1166.033 -0.028 1.000 0. 90.516 0. 0. 1. 0.
1.000 0.029 0. 1169.537 -0.029 1.000 0. 90.391 0. 0. 1. 0.
1.000 0.031 0. 1173.078 -0.031 1.000 0. 90.247 0. 0. 1. 0.
1.000 0.031 0. 1176.639 -0.031 1.000 0. 90.205 0. 0. 1. 0.
1.000 0.029 0. 1180.141 -0.029 1.000 0. 90.028 0. 0. 1. 0.
1.000 0.031 0. 1183.665 -0.031 1.000 0. 89.904 0. 0. 1. 0.
1.000 0.031 0. 1187.088 -0.031 1.000 0. 89.829 0. 0. 1. 0.
1.000 0.031 0. 1190.655 -0.031 1.000 0. 89.634 0. 0. 1. 0.
1.000 0.030 0. 1194.201 -0.030 1.000 0. 89.471 0. 0. 1. 0.
1.000 0.028 0. 1197.720 -0.028 1.000 0. 89.427 0. 0. 1. 0.
1.000 0.029 0. 1201.250 -0.029 1.000 0. 89.245 0. 0. 1. 0.
1.000 0.030 0. 1204.732 -0.030 1.000 0. 89.222 0. 0. 1. 0.
1.000 0.029 0. 1208.256 -0.029 1.000 0. 89.035 0. 0. 1. 0.
1.000 0.030 0. 1211.555 -0.030 1.000 0. 88.923 0. 0. 1. 0.
1.000 0.030 0. 1214.819 -0.030 1.000 0. 88.883 0. 0. 1. 0.
1.000 0.032 0. 1217.947 -0.032 1.000 0. 88.705 0. 0. 1. 0.
1.000 0.029 0. 1221.004 -0.029 1.000 0. 88.556 0. 0. 1. 0.
1.000 0.031 0. 1223.915 -0.031 1.000 0. 88.450 0. 0. 1. 0.
0.999 0.032 0. 1226.761 -0.032 0.999 0. 88.355 0. 0. 1. 0.
1.000 0.029 0. 1229.515 -0.029 1.000 0. 88.290 0. 0. 1. 0.
1.000 0.030 0. 1231.976 -0.030 1.000 0. 88.166 0. 0. 1. 0.
1.000 0.029 0. 1234.458 -0.029 1.000 0. 88.115 0. 0. 1. 0.
1.000 0.030 0. 1236.800 -0.030 1.000 0. 88.026 0. 0. 1. 0.
1.000 0.031 0. 1238.987 -0.031 1.000 0. 88.000 0. 0. 1. 0.
1.000 0.031 0. 1241.085 -0.031 1.000 0. 87.972 0. 0. 1. 0.
1.000 0.029 0. 1243.050 -0.029 1.000 0. 87.856 0. 0. 1. 0.
0.999 0.032 0. 1244.897 -0.032 0.999 0. 87.895 0. 0. 1. 0.
1.000 0.030 0. 1246.673 -0.030 1.000 0. 87.825 0. 0. 1. 0.
0.999 0.032 0. 1248.313 -0.032 0.999 0. 87.797 0. 0. 1. 0.
1.000 0.030 0. 1249.805 -0.030 1.000 0. 87.756 0. 0. 1. 0.
0.999 0.033 0. 1251.268 -0.033 0.999 0. 87.727 0. 0. 1. 0.
0.999 0.032 0. 1252.619 -0.032 0.999 0. 87.692 0. 0. 1. 0.
0.999 0.032 0. 1253.982 -0.032 0.999 0. 87.649 0. 0. 1. 0.
0.999 0.033 0. 1255.174 -0.033 0.999 0. 87.645 0. 0. 1. 0.
0.999 0.034 0. 1256.303 -0.034 0.999 0. 87.620 0. 0. 1. 0.
0.999 0.032 0. 1257.422 -0.032 0.999 0. 87.570 0. 0. 1. 0.
0.999 0.035 0. 1258.478 -0.035 0.999 0. 87.574 0. 0. 1. 0.
0.999 0.033 0. 1259.517 -0.033 0.999 0. 87.528 0. 0. 1. 0.
0.999 0.035 0. 1260.528 -0.035 0.999 0. 87.470 0. 0. 1. 0.
0.999 0.035 0. 1261.498 -0.035 0.999 0. 87.445 0. 0. 1. 0.
0.999 0.036 0. 1262.441 -0.036 0.999 0. 87.424 0. 0. 1. 0.
0.999 0.035 0. 1263.328 -0.035 0.999 0. 87.389 0. 0. 1. 0.
0.999 0.035 0. 1264.161 -0.035 0.999 0. 87.397 0. 0. 1. 0.
0.999 0.036 0. 1264.876 -0.036 0.999 0. 87.338 0. 0. 1. 0.
0.999 0.036 0. 1265.574 -0.036 0.999 0. 87.288 0. 0. 1. 0.
0.999 0.035 0. 1266.201 -0.035 0.999 0. 87.300 0. 0. 1. 0.
0.999 0.036 0. 1266.723 -0.036 0.999 0. 87.293 0. 0. 1. 0.
0.999 0.036 0. 1267.166 -0.036 0.999 0. 87.305 0. 0. 1. 0.
0.999 0.036 0. 1267.547 -0.036 0.999 0. 87.340 0. 0. 1. 0.
0.999 0.038 0. 1267.793 -0.038 0.999 0. 87.338 0. 0. 1. 0.
0.999 0.038 0. 1267.979 -0.038 0.999 0. 87.320 0. 0. 1. 0.
0.999 0.038 0. 1268.100 -0.038 0.999 0. 87.305 0. 0. 1. 0.
0.999 0.038 0. 1268.169 -0.038 0.999 0. 87.313 0. 0. 1. 0.
0.999 0.038 0. 1268.180 -0.038 0.999 0. 87.322 0. 0. 1. 0.
0.999 0.038 0. 1268.163 -0.038 0.999 0. 87.277 0. 0. 1. 0.
0.999 0.039 0. 1268.154 -0.039 0.999 0. 87.360 0. 0. 1. 0.
0.999 0.038 0. 1268.177 -0.038 0.999 0. 87.312 0. 0. 1. 0.
0.999 0.038 0. 1268.187 -0.038 0.999 0. 87.305 0. 0. 1. 0.
0.999 0.039 0. 1268.174 -0.039 0.999 0. 87.373 0. 0. 1. 0.
0.999 0.037 0. 1268.185 -0.037 0.999 0. 87.335 0. 0. 1. 0.
0.999 0.037 0. 1268.188 -0.037 0.999 0. 87.309 0. 0. 1. 0.
0.999 0.038 0. 1268.173 -0.038 0.999 0. 87.330 0. 0. 1. 0.
0.999 0.037 0. 1268.157 -0.037 0.999 0. 87.330 0. 0. 1. 0.
0.999 0.039 0. 1268.168 -0.039 0.999 0. 87.373 0. 0. 1. 0.
0.999 0.038 0. 1268.167 -0.038 0.999 0. 87.312 0. 0. 1. 0.
0.999 0.038 0. 1268.174 -0.038 0.999 0. 87.342 0. 0. 1. 0.
0.999 0.037 0. 1268.168 -0.037 0.999 0. 87.300 0. 0. 1. 0.
0.999 0.038 0. 1268.163 -0.038 0.999 0. 87.347 0. 0. 1. 0.
0.999 0.037 0. 1268.176 -0.037 0.999 0. 87.320 0. 0. 1. 0.
0.999 0.037 0. 1268.169 -0.037 0.999 0. 87.319 0. 0. 1. 0.
0.999 0.037 0. 1268.177 -0.037 0.999 0. 87.341 0. 0. 1. 0.
0.999 0.036 0. 1268.202 -0.036 0.999 0. 87.255 0. 0. 1. 0.
0.999 0.038 0. 1268.188 -0.038 0.999 0. 87.290 0. 0. 1. 0.
0.999 0.037 0. 1268.170 -0.037 0.999 0. 87.298 0. 0. 1. 0.
0.999 0.037 0. 1268.160 -0.037 0.999 0. 87.335 0. 0. 1. 0.
0.999 0.038 0. 1268.164 -0.038 0.999 0. 87.298 0. 0. 1. 0.
0.999 0.038 0. 1268.167 -0.038 0.999 0. 87.331 0. 0. 1. 0.
0.999 0.037 0. 1268.154 -0.037 0.999 0. 87.316 0. 0. 1. 0.
0.999 0.038 0. 1268.173 -0.038 0.999 0. 87.303 0. 0. 1. 0.
0.999 0.038 0. 1268.169 -0.038 0.999 0. 87.341 0. 0. 1. 0.
0.999 0.038 0. 1268.184 -0.038 0.999 0. 87.348 0. 0. 1. 0.
0.999 0.036 0. 1268.186 -0.036 0.999 0. 87.211 0. 0. 1. 0.
0.999 0.039 0. 1268.189 -0.039 0.999 0. 87.343 0. 0. 1. 0.
0.999 0.036 0. 1268.160 -0.036 0.999 0. 87.289 0. 0. 1. 0.
0.999 0.037 0. 1268.202 -0.037 0.999 0. 87.314 0. 0. 1. 0.
0.999 0.037 0. 1268.174 -0.037 0.999 0. 87.292 0. 0. 1. 0.
0.999 0.038 0. 1268.161 -0.038 0.999 0. 87.349 0. 0. 1. 0.
0.999 0.037 0. 1268.200 -0.037 0.999 0. 87.315 0. 0. 1. 0.
0.999 0.036 0. 1268.187 -0.036 0.999 0. 87.300 0. 0. 1. 0.
0.999 0.037 0. 1268.165 -0.037 0.999 0. 87.297 0. 0. 1. 0.
0.999 0.037 0. 1268.167 -0.037 0.999 0. 87.335 0. 0. 1. 0.
0.999 0.037 0. 1268.168 -0.037 0.999 0. 87.305 0. 0. 1. 0.
0.999 0.037 0. 1268.180 -0.037 0.999 0. 87.324 0. 0. 1. 0.
0.999 0.037 0. 1268.177 -0.037 0.999 0. 87.313 0. 0. 1. 0.
0.999 0.037 0. 1268.171 -0.037 0.999 0. 87.288 0. 0. 1. 0.
0.999 0.037 0. 1268.181 -0.037 0.999 0. 87.266 0. 0. 1. 0.
0.999 0.038 0. 1268.176 -0.038 0.999 0. 87.329 0. 0. 1. 0.
0.999 0.038 0. 1268.181 -0.038 0.999 0. 87.357 0. 0. 1. 0.
0.999 0.038 0. 1268.167 -0.038 0.999 0. 87.342 0. 0. 1. 0.
0.999 0.038 0. 1268.187 -0.038 0.999 0. 87.326 0. 0. 1. 0.
0.999 0.037 0. 1268.222 -0.037 0.999 0. 87.318 0. 0. 1. 0.
0.999 0.036 0. 1268.343 -0.036 0.999 0. 87.248 0. 0. 1. 0.
0.999 0.036 0. 1268.487 -0.036 0.999 0. 87.240 0. 0. 1. 0.
0.999 0.036 0. 1268.721 -0.036 0.999 0. 87.281 0. 0. 1. 0.
0.999 0.035 0. 1269.051 -0.035 0.999 0. 87.273 0. 0. 1. 0.
0.999 0.036 0. 1269.384 -0.036 0.999 0. 87.230 0. 0. 1. 0.
0.999 0.036 0. 1269.820 -0.036 0.999 0. 87.204 0. 0. 1. 0.
0.999 0.037 0. 1270.324 -0.037 0.999 0. 87.190 0. 0. 1. 0.
0.999 0.035 0. 1270.932 -0.035 0.999 0. 87.186 0. 0. 1. 0.
0.999 0.035 0. 1271.596 -0.035 0.999 0. 87.136 0. 0. 1. 0.
0.999 0.036 0. 1272.335 -0.036 0.999 0. 87.169 0. 0. 1. 0.
0.999 0.037 0. 1273.165 -0.037 0.999 0. 87.114 0. 0. 1. 0.
0.999 0.039 0. 1274.091 -0.039 0.999 0. 87.068 0. 0. 1. 0.
0.999 0.042 0. 1275.083 -0.042 0.999 0. 87.017 0. 0. 1. 0.
0.999 0.043 0. 1276.152 -0.043 0.999 0. 87.008 0. 0. 1. 0.
0.999 0.046 0. 1277.293 -0.046 0.999 0. 86.953 0. 0. 1. 0.
0.999 0.046 0. 1278.518 -0.046 0.999 0. 86.876 0. 0. 1. 0.
0.999 0.046 0. 1279.808 -0.046 0.999 0. 86.811 0. 0. 1. 0.
0.999 0.045 0. 1281.155 -0.045 0.999 0. 86.801 0. 0. 1. 0.
0.999 0.043 0. 1282.581 -0.043 0.999 0. 86.760 0. 0. 1. 0.
0.999 0.041 0. 1284.057 -0.041 0.999 0. 86.665 0. 0. 1. 0.
0.999 0.041 0. 1285.588 -0.041 0.999 0. 86.691 0. 0. 1. 0.
0.999 0.039 0. 1287.186 -0.039 0.999 0. 86.583 0. 0. 1. 0.
0.999 0.036 0. 1288.882 -0.036 0.999 0. 86.530 0. 0. 1. 0.
0.999 0.036 0. 1290.571 -0.036 0.999 0. 86.500 0. 0. 1. 0.
0.999 0.034 0. 1292.369 -0.034 0.999 0. 86.465 0. 0. 1. 0.
0.999 0.032 0. 1294.187 -0.032 0.999 0. 86.408 0. 0. 1. 0.
1.000 0.031 0. 1296.092 -0.031 1.000 0. 86.336 0. 0. 1. 0.
1.000 0.029 0. 1298.039 -0.029 1.000 0. 86.306 0. 0. 1. 0.
1.000 0.028 0. 1300.058 -0.028 1.000 0. 86.220 0. 0. 1. 0.
1.000 0.025 0. 1302.116 -0.025 1.000 0. 86.187 0. 0. 1. 0.
1.000 0.025 0. 1304.244 -0.025 1.000 0. 86.164 0. 0. 1. 0.
1.000 0.026 0. 1306.404 -0.026 1.000 0. 86.049 0. 0. 1. 0.
1.000 0.028 0. 1308.640 -0.028 1.000 0. 86.020 0. 0. 1. 0.
1.000 0.030 0. 1310.900 -0.030 1.000 0. 85.974 0. 0. 1. 0.
1.000 0.031 0. 1313.228 -0.031 1.000 0. 85.895 0. 0. 1. 0.
0.999 0.035 0. 1315.637 -0.035 0.999 0. 85.841 0. 0. 1. 0.
0.999 0.035 0. 1318.054 -0.035 0.999 0. 85.694 0. 0. 1. 0.
0.999 0.036 0. 1320.555 -0.036 0.999 0. 85.631 0. 0. 1. 0.
0.999 0.035 0. 1323.067 -0.035 0.999 0. 85.514 0. 0. 1. 0.
0.999 0.037 0. 1325.659 -0.037 0.999 0. 85.446 0. 0. 1. 0.
0.999 0.036 0. 1328.274 -0.036 0.999 0. 85.357 0. 0. 1. 0.
0.999 0.035 0. 1330.986 -0.035 0.999 0. 85.298 0. 0. 1. 0.
0.999 0.034 0. 1333.711 -0.034 0.999 0. 85.176 0. 0. 1. 0.
0.999 0.035 0. 1336.478 -0.035 0.999 0. 85.083 0. 0. 1. 0.
0.999 0.038 0. 1339.296 -0.038 0.999 0. 85.039 0. 0. 1. 0.
0.999 0.036 0. 1342.130 -0.036 0.999 0. 84.898 0. 0. 1. 0.
0.999 0.037 0. 1345.049 -0.037 0.999 0. 84.787 0. 0. 1. 0.
0.999 0.038 0. 1348.036 -0.038 0.999 0. 84.773 0. 0. 1. 0.
0.999 0.038 0. 1351.048 -0.038 0.999 0. 84.576 0. 0. 1. 0.
0.999 0.037 0. 1354.072 -0.037 0.999 0. 84.554 0. 0. 1. 0.
0.999 0.037 0. 1357.143 -0.037 0.999 0. 84.394 0. 0. 1. 0.
0.999 0.036 0. 1360.268 -0.036 0.999 0. 84.324 0. 0. 1. 0.
0.999 0.035 0. 1363.387 -0.035 0.999 0. 84.185 0. 0. 1. 0.
0.999 0.034 0. 1366.580 -0.034 0.999 0. 84.148 0. 0. 1. 0.
0.999 0.034 0. 1369.709 -0.034 0.999 0. 84.040 0. 0. 1. 0.
0.999 0.033 0. 1372.849 -0.033 0.999 0. 83.956 0. 0. 1. 0.
0.999 0.035 0. 1375.957 -0.035 0.999 0. 83.888 0. 0. 1. 0.
0.999 0.033 0. 1379.051 -0.033 0.999 0. 83.779 0. 0. 1. 0.
0.999 0.033 0. 1382.157 -0.033 0.999 0. 83.789 0. 0. 1. 0.
0.999 0.034 0. 1385.215 -0.034 0.999 0. 83.541 0. 0. 1. 0.
0.999 0.034 0. 1388.318 -0.034 0.999 0. 83.595 0. 0. 1. 0.
0.999 0.034 0. 1391.391 -0.034 0.999 0. 83.370 0. 0. 1. 0.
0.999 0.035 0. 1394.506 -0.035 0.999 0. 83.251 0. 0. 1. 0.
0.999 0.033 0. 1397.605 -0.033 0.999 0. 83.204 0. 0. 1. 0.
0.999 0.034 0. 1400.753 -0.034 0.999 0. 83.075 0. 0. 1. 0.
0.999 0.035 0. 1403.892 -0.035 0.999 0. 82.866 0. 0. 1. 0.
0.999 0.034 0. 1407.097 -0.034 0.999 0. 82.871 0. 0. 1. 0.
0.999 0.037 0. 1410.273 -0.037 0.999 0. 82.892 0. 0. 1. 0.
0.999 0.038 0. 1413.493 -0.038 0.999 0. 82.736 0. 0. 1. 0.
0.999 0.044 0. 1416.660 -0.044 0.999 0. 82.541 0. 0. 1. 0.
0.999 0.048 0. 1419.936 -0.048 0.999 0. 82.483 0. 0. 1. 0.
0.998 0.056 0. 1423.181 -0.056 0.998 0. 82.331 0. 0. 1. 0.
0.998 0.064 0. 1426.380 -0.064 0.998 0. 82.084 0. 0. 1. 0.
0.997 0.076 0. 1429.553 -0.076 0.997 0. 81.884 0. 0. 1. 0.
0.996 0.088 0. 1432.724 -0.088 0.996 0. 81.586 0. 0. 1. 0.
0.995 0.099 0. 1435.935 -0.099 0.995 0. 81.284 0. 0. 1. 0.
0.994 0.112 0. 1439.154 -0.112 0.994 0. 80.980 0. 0. 1. 0.
0.993 0.119 0. 1442.294 -0.119 0.993 0. 80.661 0. 0. 1. 0.
0.993 0.117 0. 1445.479 -0.117 0.993 0. 80.286 0. 0. 1. 0.
0.994 0.109 0. 1448.637 -0.109 0.994 0. 79.952 0. 0. 1. 0.
0.995 0.101 0. 1451.869 -0.101 0.995 0. 79.570 0. 0. 1. 0.
0.996 0.093 0. 1455.000 -0.093 0.996 0. 79.307 0. 0. 1. 0.
0.996 0.089 0. 1458.127 -0.089 0.996 0. 79.008 0. 0. 1. 0.
0.996 0.084 0. 1461.240 -0.084 0.996 0. 78.838 0. 0. 1. 0.
0.997 0.081 0. 1464.327 -0.081 0.997 0. 78.533 0. 0. 1. 0.
0.997 0.077 0. 1467.430 -0.077 0.997 0. 78.326 0. 0. 1. 0.
0.997 0.074 0. 1470.430 -0.074 0.997 0. 78.086 0. 0. 1. 0.
0.997 0.071 0. 1473.458 -0.071 0.997 0. 77.989 0. 0. 1. 0.
0.998 0.068 0. 1476.470 -0.068 0.998 0. 77.770 0. 0. 1. 0.
0.998 0.065 0. 1479.483 -0.065 0.998 0. 77.525 0. 0. 1. 0.
0.998 0.064 0. 1482.469 -0.064 0.998 0. 77.368 0. 0. 1. 0.
0.998 0.066 0. 1485.428 -0.066 0.998 0. 77.137 0. 0. 1. 0.
0.997 0.071 0. 1488.351 -0.071 0.997 0. 76.968 0. 0. 1. 0.
0.997 0.078 0. 1491.218 -0.078 0.997 0. 76.726 0. 0. 1. 0.
0.996 0.084 0. 1494.073 -0.084 0.996 0. 76.488 0. 0. 1. 0.
0.996 0.089 0. 1496.922 -0.089 0.996 0. 76.239 0. 0. 1. 0.
0.995 0.096 0. 1499.692 -0.096 0.995 0. 75.951 0. 0. 1. 0.
0.995 0.102 0. 1502.368 -0.102 0.995 0. 75.666 0. 0. 1. 0.
0.994 0.106 0. 1504.976 -0.106 0.994 0. 75.405 0. 0. 1. 0.
0.994 0.111 0. 1507.456 -0.111 0.994 0. 75.143 0. 0. 1. 0.
0.993 0.116 0. 1509.882 -0.116 0.993 0. 74.830 0. 0. 1. 0.
0.993 0.122 0. 1512.148 -0.122 0.993 0. 74.572 0. 0. 1. 0.
0.992 0.125 0. 1514.425 -0.125 0.992 0. 74.290 0. 0. 1. 0.
0.991 0.132 0. 1516.600 -0.132 0.991 0. 74.011 0. 0. 1. 0.
0.991 0.132 0. 1518.717 -0.132 0.991 0. 73.716 0. 0. 1. 0.
0.991 0.134 0. 1520.740 -0.134 0.991 0. 73.444 0. 0. 1. 0.
0.991 0.134 0. 1522.674 -0.134 0.991 0. 73.230 0. 0. 1. 0.
0.991 0.134 0. 1524.563 -0.134 0.991 0. 72.928 0. 0. 1. 0.
0.991 0.137 0. 1526.237 -0.137 0.991 0. 72.759 0. 0. 1. 0.
0.991 0.137 0. 1527.916 -0.137 0.991 0. 72.501 0. 0. 1. 0.
0.990 0.141 0. 1529.594 -0.141 0.990 0. 72.270 0. 0. 1. 0.
0.990 0.142 0. 1531.117 -0.142 0.990 0. 72.071 0. 0. 1. 0.
0.990 0.144 0. 1532.501 -0.144 0.990 0. 71.896 0. 0. 1. 0.
0.989 0.145 0. 1533.812 -0.145 0.989 0. 71.702 0. 0. 1. 0.
0.989 0.148 0. 1534.970 -0.148 0.989 0. 71.503 0. 0. 1. 0.
0.988 0.152 0. 1536.046 -0.152 0.988 0. 71.388 0. 0. 1. 0.
0.988 0.157 0. 1537.072 -0.157 0.988 0. 71.194 0. 0. 1. 0.
0.987 0.161 0. 1537.945 -0.161 0.987 0. 71.094 0. 0. 1. 0.
0.986 0.166 0. 1538.729 -0.166 0.986 0. 70.907 0. 0. 1. 0.
0.985 0.172 0. 1539.396 -0.172 0.985 0. 70.826 0. 0. 1. 0.
0.984 0.181 0. 1539.964 -0.181 0.984 0. 70.710 0. 0. 1. 0.
0.982 0.191 0. 1540.447 -0.191 0.982 0. 70.617 0. 0. 1. 0.
0.979 0.203 0. 1540.823 -0.203 0.979 0. 70.494 0. 0. 1. 0.
0.977 0.214 0. 1541.139 -0.214 0.977 0. 70.431 0. 0. 1. 0.
0.975 0.223 0. 1541.391 -0.223 0.975 0. 70.386 0. 0. 1. 0.
0.973 0.230 0. 1541.526 -0.230 0.973 0. 70.312 0. 0. 1. 0.
0.972 0.235 0. 1541.607 -0.235 0.972 0. 70.322 0. 0. 1. 0.
0.971 0.238 0. 1541.679 -0.238 0.971 0. 70.288 0. 0. 1. 0.
0.970 0.243 0. 1541.786 -0.243 0.970 0. 70.274 0. 0. 1. 0.
0.969 0.247 0. 1541.880 -0.247 0.969 0. 70.229 0. 0. 1. 0.
0.968 0.251 0. 1541.989 -0.251 0.968 0. 70.193 0. 0. 1. 0.
0.965 0.261 0. 1542.152 -0.261 0.965 0. 70.126 0. 0. 1. 0.
0.963 0.271 0. 1542.305 -0.271 0.963 0. 70.073 0. 0. 1. 0.
0.959 0.283 0. 1542.527 -0.283 0.959 0. 70.006 0. 0. 1. 0.
0.955 0.295 0. 1542.795 -0.295 0.955 0. 69.881 0. 0. 1. 0.
0.950 0.312 0. 1543.124 -0.312 0.950 0. 69.740 0. 0. 1. 0.
0.944 0.331 0. 1543.427 -0.331 0.944 0. 69.583 0. 0. 1. 0.
0.936 0.352 0. 1543.853 -0.352 0.936 0. 69.413 0. 0. 1. 0.
0.926 0.377 0. 1544.288 -0.377 0.926 0. 69.219 0. 0. 1. 0.
0.916 0.402 0. 1544.791 -0.402 0.916 0. 68.933 0. 0. 1. 0.
0.901 0.433 0. 1545.264 -0.433 0.901 0. 68.667 0. 0. 1. 0.
0.886 0.463 0. 1545.845 -0.463 0.886 0. 68.353 0. 0. 1. 0.
0.869 0.494 0. 1546.427 -0.494 0.869 0. 67.987 0. 0. 1. 0.
0.851 0.525 0. 1547.016 -0.525 0.851 0. 67.558 0. 0. 1. 0.
0.831 0.557 0. 1547.663 -0.557 0.831 0. 67.093 0. 0. 1. 0.
0.808 0.589 0. 1548.294 -0.589 0.808 0. 66.581 0. 0. 1. 0.
0.782 0.623 0. 1548.928 -0.623 0.782 0. 66.016 0. 0. 1. 0.
0.752 0.659 0. 1549.610 -0.659 0.752 0. 65.406 0. 0. 1. 0.
0.716 0.698 0. 1550.219 -0.698 0.716 0. 64.748 0. 0. 1. 0.
0.677 0.736 0. 1550.771 -0.736 0.677 0. 64.009 0. 0. 1. 0.
0.636 0.772 0. 1551.368 -0.772 0.636 0. 63.299 0. 0. 1. 0.
0.591 0.806 0. 1551.850 -0.806 0.591 0. 62.534 0. 0. 1. 0.
0.542 0.840 0. 1552.315 -0.840 0.542 0. 61.753 0. 0. 1. 0.
0.494 0.869 0. 1552.684 -0.869 0.494 0. 60.999 0. 0. 1. 0.
0.443 0.896 0. 1552.994 -0.896 0.443 0. 60.212 0. 0. 1. 0.
0.392 0.920 0. 1553.268 -0.920 0.392 0. 59.449 0. 0. 1. 0.
0.334 0.942 0. 1553.478 -0.942 0.334 0. 58.643 0. 0. 1. 0.
0.273 0.962 0. 1553.682 -0.962 0.273 0. 57.812 0. 0. 1. 0.
0.207 0.978 0. 1553.774 -0.978 0.207 0. 56.900 0. 0. 1. 0.
0.135 0.991 0. 1553.859 -0.991 0.135 0. 55.954 0. 0. 1. 0.
0.056 0.998 0. 1553.814 -0.998 0.056 0. 54.975 0. 0. 1. 0.
-0.025 1.000 0. 1553.736 -1.000 -0.025 0. 53.984 0. 0. 1. 0.
-0.112 0.994 0. 1553.536 -0.994 -0.112 0. 52.966 0. 0. 1. 0.
-0.201 0.980 0. 1553.261 -0.980 -0.201 0. 51.897 0. 0. 1. 0.
-0.290 0.957 0. 1552.866 -0.957 -0.290 0. 50.811 0. 0. 1. 0.
-0.369 0.930 0. 1552.382 -0.930 -0.369 0. 49.727 0. 0. 1. 0.
-0.435 0.901 0. 1551.788 -0.901 -0.435 0. 48.591 0. 0. 1. 0.
-0.485 0.874 0. 1551.175 -0.874 -0.485 0. 47.452 0. 0. 1. 0.
-0.522 0.853 0. 1550.292 -0.853 -0.522 0. 46.304 0. 0. 1. 0.
-0.553 0.833 0. 1549.496 -0.833 -0.553 0. 45.068 0. 0. 1. 0.
-0.579 0.815 0. 1548.669 -0.815 -0.579 0. 43.812 0. 0. 1. 0.
-0.596 0.803 0. 1547.667 -0.803 -0.596 0. 42.585 0. 0. 1. 0.
-0.607 0.795 0. 1546.650 -0.795 -0.607 0. 41.240 0. 0. 1. 0.
-0.612 0.791 0. 1545.602 -0.791 -0.612 0. 39.876 0. 0. 1. 0.
-0.607 0.795 0. 1544.470 -0.795 -0.607 0. 38.421 0. 0. 1. 0.
-0.604 0.797 0. 1543.344 -0.797 -0.604 0. 36.924 0. 0. 1. 0.
-0.602 0.799 0. 1542.163 -0.799 -0.602 0. 35.335 0. 0. 1. 0.
-0.600 0.800 0. 1540.994 -0.800 -0.600 0. 33.750 0. 0. 1. 0.
-0.599 0.801 0. 1539.762 -0.801 -0.599 0. 32.093 0. 0. 1. 0.
-0.598 0.801 0. 1538.490 -0.801 -0.598 0. 30.411 0. 0. 1. 0.
-0.600 0.800 0. 1537.200 -0.800 -0.600 0. 28.683 0. 0. 1. 0.
-0.600 0.800 0. 1535.874 -0.800 -0.600 0. 26.890 0. 0. 1. 0.
-0.600 0.800 0. 1534.506 -0.800 -0.600 0. 25.045 0. 0. 1. 0.
-0.599 0.801 0. 1533.078 -0.801 -0.599 0. 23.143 0. 0. 1. 0.
-0.600 0.800 0. 1531.608 -0.800 -0.600 0. 21.229 0. 0. 1. 0.
-0.599 0.801 0. 1530.177 -0.801 -0.599 0. 19.303 0. 0. 1. 0.
-0.599 0.801 0. 1528.673 -0.801 -0.599 0. 17.269 0. 0. 1. 0.
-0.598 0.801 0. 1527.139 -0.801 -0.598 0. 15.212 0. 0. 1. 0.
-0.597 0.803 0. 1525.659 -0.803 -0.597 0. 13.073 0. 0. 1. 0.
-0.599 0.801 0. 1524.010 -0.801 -0.599 0. 10.908 0. 0. 1. 0.
-0.600 0.800 0. 1522.359 -0.800 -0.600 0. 8.732 0. 0. 1. 0.
-0.603 0.798 0. 1520.741 -0.798 -0.603 0. 6.488 0. 0. 1. 0.
-0.605 0.796 0. 1519.061 -0.796 -0.605 0. 4.278 0. 0. 1. 0.
-0.607 0.795 0. 1517.325 -0.795 -0.607 0. 2.002 0. 0. 1. 0.
-0.609 0.793 0. 1515.634 -0.793 -0.609 0. -0.275 0. 0. 1. 0.
-0.611 0.791 0. 1513.917 -0.791 -0.611 0. -2.467 0. 0. 1. 0.
-0.610 0.792 0. 1512.280 -0.792 -0.610 0. -4.700 0. 0. 1. 0.
-0.611 0.791 0. 1510.483 -0.791 -0.611 0. -6.953 0. 0. 1. 0.
-0.608 0.794 0. 1508.743 -0.794 -0.608 0. -9.209 0. 0. 1. 0.
-0.607 0.795 0. 1506.992 -0.795 -0.607 0. -11.434 0. 0. 1. 0.
-0.606 0.795 0. 1505.301 -0.795 -0.606 0. -13.741 0. 0. 1. 0.
-0.606 0.796 0. 1503.553 -0.796 -0.606 0. -16.034 0. 0. 1. 0.
-0.604 0.797 0. 1501.780 -0.797 -0.604 0. -18.381 0. 0. 1. 0.
-0.604 0.797 0. 1500.006 -0.797 -0.604 0. -20.727 0. 0. 1. 0.
-0.603 0.797 0. 1498.246 -0.797 -0.603 0. -23.071 0. 0. 1. 0.
-0.603 0.798 0. 1496.477 -0.798 -0.603 0. -25.461 0. 0. 1. 0.
-0.601 0.799 0. 1494.692 -0.799 -0.601 0. -27.844 0. 0. 1. 0.
-0.601 0.799 0. 1492.840 -0.799 -0.601 0. -30.235 0. 0. 1. 0.
-0.601 0.799 0. 1491.058 -0.799 -0.601 0. -32.693 0. 0. 1. 0.
-0.600 0.800 0. 1489.225 -0.800 -0.600 0. -35.122 0. 0. 1. 0.
-0.600 0.800 0. 1487.426 -0.800 -0.600 0. -37.565 0. 0. 1. 0.
-0.600 0.800 0. 1485.615 -0.800 -0.600 0. -40.062 0. 0. 1. 0.
-0.601 0.799 0. 1483.781 -0.799 -0.601 0. -42.545 0. 0. 1. 0.
-0.601 0.800 0. 1481.890 -0.800 -0.601 0. -45.054 0. 0. 1. 0.
-0.600 0.800 0. 1479.973 -0.800 -0.600 0. -47.553 0. 0. 1. 0.
-0.601 0.799 0. 1478.078 -0.799 -0.601 0. -50.086 0. 0. 1. 0.
-0.602 0.799 0. 1476.215 -0.799 -0.602 0. -52.596 0. 0. 1. 0.
-0.603 0.798 0. 1474.267 -0.798 -0.603 0. -55.133 0. 0. 1. 0.
-0.604 0.797 0. 1472.384 -0.797 -0.604 0. -57.654 0. 0. 1. 0.
-0.603 0.797 0. 1470.465 -0.797 -0.603 0. -60.218 0. 0. 1. 0.
-0.606 0.796 0. 1468.540 -0.796 -0.606 0. -62.730 0. 0. 1. 0.
-0.605 0.796 0. 1466.622 -0.796 -0.605 0. -65.279 0. 0. 1. 0.
-0.607 0.795 0. 1464.664 -0.795 -0.607 0. -67.838 0. 0. 1. 0.
-0.607 0.794 0. 1462.731 -0.794 -0.607 0. -70.403 0. 0. 1. 0.
-0.609 0.793 0. 1460.812 -0.793 -0.609 0. -72.911 0. 0. 1. 0.
-0.609 0.793 0. 1458.893 -0.793 -0.609 0. -75.471 0. 0. 1. 0.
-0.610 0.792 0. 1456.826 -0.792 -0.610 0. -78.057 0. 0. 1. 0.
-0.609 0.794 0. 1454.952 -0.794 -0.609 0. -80.626 0. 0. 1. 0.
-0.607 0.795 0. 1453.003 -0.795 -0.607 0. -83.272 0. 0. 1. 0.
-0.607 0.795 0. 1451.039 -0.795 -0.607 0. -85.814 0. 0. 1. 0.
-0.607 0.795 0. 1449.046 -0.795 -0.607 0. -88.444 0. 0. 1. 0.
