1. 0. 0. 0. 0. -1. -0. 0. 0. 0. -1. 0.
1. -0.010 -0. 0.012 -0.010 -1. -0. -0.007 0. 0. -1. 0.
1. -0.010 -0. -0.013 -0.010 -1. -0. -0.021 0. 0. -1. 0.
1. -0.006 -0. -0.039 -0.006 -1. -0. -0.014 0. 0. -1. 0.
1. 0.002 0. 0.019 0.002 -1. -0. 0.003 0. 0. -1. 0.
1. -0.007 -0. 0.060 -0.007 -1. -0. 0.044 0. 0. -1. 0.
1. -0.010 -0. -0. -0.010 -1. -0. -0.008 0. 0. -1. 0.
1. -0.011 -0. -0.002 -0.011 -1. -0. -0.018 0. 0. -1. 0.
1. -0.011 -0. -0.001 -0.011 -1. -0. -0.007 0. 0. -1. 0.
1. -0.009 -0. -0.001 -0.009 -1. -0. 0.016 0. 0. -1. 0.
1. -0.009 -0. 0.017 -0.009 -1. -0. 0.019 0. 0. -1. 0.
1. -0.008 -0. 0.012 -0.008 -1. -0. 0.010 0. 0. -1. 0.
1. -0.009 -0. -0.027 -0.009 -1. -0. 0.040 0. 0. -1. 0.
1. -0.002 -0. -0.005 -0.002 -1. -0. 0.016 0. 0. -1. 0.
1. -0.002 -0. 0.023 -0.002 -1. -0. 0.038 0. 0. -1. 0.
1. -0.005 -0. -0.005 -0.005 -1. -0. -0.000 0. 0. -1. 0.
1. -0.007 -0. -0.002 -0.007 -1. -0. 0.004 0. 0. -1. 0.
1. -0.007 -0. -0.022 -0.007 -1. -0. -0.005 0. 0. -1. 0.
1. -0.004 -0. 0.009 -0.004 -1. -0. 0.013 0. 0. -1. 0.
1. -0.007 -0. 0.022 -0.007 -1. -0. 0.024 0. 0. -1. 0.
1. -0.011 -0. -0.012 -0.011 -1. -0. -0.001 0. 0. -1. 0.
1. -0.009 -0. 0.003 -0.009 -1. -0. 0.000 0. 0. -1. 0.
1. -0.007 -0. -0.007 -0.007 -1. -0. -0.000 0. 0. -1. 0.
1. -0.003 -0. 0.004 -0.003 -1. -0. -0.010 0. 0. -1. 0.
1. -0.004 -0. -0.002 -0.004 -1. -0. -0.000 0. 0. -1. 0.
1. -0.008 -0. 0.006 -0.008 -1. -0. 0.023 0. 0. -1. 0.
1. -0.011 -0. -0.011 -0.011 -1. -0. 0.066 0. 0. -1. 0.
1. -0.008 -0. 0.050 -0.008 -1. -0. 0.060 0. 0. -1. 0.
1. -0.008 -0. 0.013 -0.008 -1. -0. 0.066 0. 0. -1. 0.
1. 0.001 0. 0.006 0.001 -1. -0. 0.003 0. 0. -1. 0.
1. -0.007 -0. 0.053 -0.007 -1. -0. 0.108 0. 0. -1. 0.
1. -0.008 -0. 0.008 -0.008 -1. -0. 0.052 0. 0. -1. 0.
1. -0.008 -0. -0.001 -0.008 -1. -0. 0.061 0. 0. -1. 0.
1. -0.002 -0. 0.003 -0.002 -1. -0. 0.043 0. 0. -1. 0.
1. 0. 0. 0.031 0. -1. -0. 0.016 0. 0. -1. 0.
1. 0.000 0. 0.024 0.000 -1. -0. 0.013 0. 0. -1. 0.
1. -0.002 -0. 0.001 -0.002 -1. -0. 0.021 0. 0. -1. 0.
1. -0.002 -0. 0.007 -0.002 -1. -0. 0.028 0. 0. -1. 0.
1. -0.002 -0. 0.004 -0.002 -1. -0. 0.007 0. 0. -1. 0.
1. -0.002 -0. 0.002 -0.002 -1. -0. 0.004 0. 0. -1. 0.
1. -0.004 -0. 0.009 -0.004 -1. -0. 0.009 0. 0. -1. 0.
1. -0.003 -0. -0.007 -0.003 -1. -0. 0.009 0. 0. -1. 0.
1. -0.000 -0. -0.002 -0.000 -1. -0. 0.000 0. 0. -1. 0.
1. -0.004 -0. 0.034 -0.004 -1. -0. 0.036 0. 0. -1. 0.
1. -0.006 -0. -0.009 -0.006 -1. -0. 0.006 0. 0. -1. 0.
1. -0.007 -0. 0.012 -0.007 -1. -0. 0.025 0. 0. -1. 0.
1. -0.004 -0. -0.012 -0.004 -1. -0. -0.011 0. 0. -1. 0.
1. -0.005 -0. 0.025 -0.005 -1. -0. 0.033 0. 0. -1. 0.
1. -0.009 -0. 0.013 -0.009 -1. -0. 0.012 0. 0. -1. 0.
1. -0.009 -0. -0.002 -0.009 -1. -0. 0.024 0. 0. -1. 0.
1. -0.006 -0. 0.003 -0.006 -1. -0. 0.088 0. 0. -1. 0.
1. 0. 0. 0.026 0. -1. -0. 0.031 0. 0. -1. 0.
1. -0.003 -0. 0.017 -0.003 -1. -0. 0.027 0. 0. -1. 0.
1. -0.003 -0. -0.002 -0.003 -1. -0. 0.007 0. 0. -1. 0.
1. -0.005 -0. -0.000 -0.005 -1. -0. 0.022 0. 0. -1. 0.
1. -0.003 -0. 0.001 -0.003 -1. -0. -0. 0. 0. -1. 0.
1. -0.004 -0. 0.007 -0.004 -1. -0. 0.032 0. 0. -1. 0.
1. -0.001 -0. -0.005 -0.001 -1. -0. -0.012 0. 0. -1. 0.
1. -0.002 -0. 0.020 -0.002 -1. -0. 0.012 0. 0. -1. 0.
1. -0.006 -0. 0.013 -0.006 -1. -0. 0.030 0. 0. -1. 0.
1. -0.006 -0. -0.024 -0.006 -1. -0. 0.006 0. 0. -1. 0.
1. -0.002 -0. -0.005 -0.002 -1. -0. 0.008 0. 0. -1. 0.
1. -0.002 -0. 0.007 -0.002 -1. -0. 0.017 0. 0. -1. 0.
1. -0.001 -0. -0.007 -0.001 -1. -0. -0.010 0. 0. -1. 0.
1. -0.002 -0. 0.016 -0.002 -1. -0. 0.037 0. 0. -1. 0.
1. -0.008 -0. 0.001 -0.008 -1. -0. 0.015 0. 0. -1. 0.
1. -0.008 -0. -0.006 -0.008 -1. -0. 0.008 0. 0. -1. 0.
1. -0.008 -0. 0.017 -0.008 -1. -0. 0.064 0. 0. -1. 0.
1. 0.001 0. 0.008 0.001 -1. -0. 0.004 0. 0. -1. 0.
1. -0.001 -0. 0.043 -0.001 -1. -0. 0.048 0. 0. -1. 0.
1. -0.007 -0. 0.014 -0.007 -1. -0. 0.019 0. 0. -1. 0.
1. -0.008 -0. -0.017 -0.008 -1. -0. -0.013 0. 0. -1. 0.
1. -0.009 -0. 0.015 -0.009 -1. -0. 0.021 0. 0. -1. 0.
1. -0.007 -0. 0.003 -0.007 -1. -0. 0.005 0. 0. -1. 0.
1. -0.005 -0. 0.008 -0.005 -1. -0. 0.018 0. 0. -1. 0.
1. -0.011 -0. 0.035 -0.011 -1. -0. 0.026 0. 0. -1. 0.
1. -0.005 -0. -0.031 -0.005 -1. -0. -0.070 0. 0. -1. 0.
1. -0.005 -0. -0.008 -0.005 -1. -0. -0.000 0. 0. -1. 0.
1. -0.006 -0. 0.059 -0.006 -1. -0. 0.063 0. 0. -1. 0.
1. -0.001 -0. -0.027 -0.001 -1. -0. -0.020 0. 0. -1. 0.
1. 0.002 0. 0.010 0.002 -1. -0. 0.023 0. 0. -1. 0.
1. -0.004 -0. 0.018 -0.004 -1. -0. 0.032 0. 0. -1. 0.
1. -0.007 -0. -0.011 -0.007 -1. -0. 0.012 0. 0. -1. 0.
1. -0.006 -0. 0.005 -0.006 -1. -0. 0.017 0. 0. -1. 0.
1. -0.002 -0. -0.015 -0.002 -1. -0. -0.064 0. 0. -1. 0.
1. -0.003 -0. 0.015 -0.003 -1. -0. 0.045 0. 0. -1. 0.
1. 0.000 0. 0.003 0.000 -1. -0. -0.008 0. 0. -1. 0.
1. -0.007 -0. 0.096 -0.007 -1. -0. 0.039 0. 0. -1. 0.
1. -0.010 -0. -0.002 -0.010 -1. -0. 0.008 0. 0. -1. 0.
1. -0.010 -0. 0.036 -0.010 -1. -0. 0.066 0. 0. -1. 0.
1. -0.008 -0. 0.017 -0.008 -1. -0. 0.060 0. 0. -1. 0.
1. 0.001 0. 0.009 0.001 -1. -0. 0.005 0. 0. -1. 0.
1. -0.004 -0. 0.075 -0.004 -1. -0. 0.088 0. 0. -1. 0.
1. -0.003 -0. 0.058 -0.003 -1. -0. 0.077 0. 0. -1. 0.
1. -0.002 -0. 0.031 -0.002 -1. -0. 0.022 0. 0. -1. 0.
1. -0.008 -0. 0.023 -0.008 -1. -0. 0.068 0. 0. -1. 0.
1. -0.009 -0. -0.004 -0.009 -1. -0. 0.023 0. 0. -1. 0.
1. -0.008 -0. 0.021 -0.008 -1. -0. 0.047 0. 0. -1. 0.
1. 0.001 0. 0.049 0.001 -1. -0. 0.021 0. 0. -1. 0.
1. -0.006 -0. 0.045 -0.006 -1. -0. 0.064 0. 0. -1. 0.
1. -0.008 -0. -0.002 -0.008 -1. -0. 0.007 0. 0. -1. 0.
1. -0.010 -0. 0.017 -0.010 -1. -0. 0.002 0. 0. -1. 0.
1. -0.007 -0. 0.014 -0.007 -1. -0. -0.016 0. 0. -1. 0.
1. -0.003 -0. 0.058 -0.003 -1. -0. -0.001 0. 0. -1. 0.
1. -0.008 -0. 0.178 -0.008 -1. -0. -0.016 0. 0. -1. 0.
1. -0.013 -0. 0.332 -0.013 -1. -0. -0.116 0. 0. -1. 0.
1.000 -0.017 -0. 0.560 -0.017 -1.000 -0. -0.048 0. 0. -1. 0.
1.000 -0.027 -0. 0.859 -0.027 -1.000 -0. -0.020 0. 0. -1. 0.
0.999 -0.046 -0. 1.222 -0.046 -0.999 -0. -0.035 0. 0. -1. 0.
0.998 -0.068 -0. 1.718 -0.068 -0.998 -0. -0.103 0. 0. -1. 0.
0.996 -0.087 -0. 2.296 -0.087 -0.996 -0. -0.192 0. 0. -1. 0.
0.994 -0.113 -0. 2.943 -0.113 -0.994 -0. -0.181 0. 0. -1. 0.
0.991 -0.130 -0. 3.696 -0.130 -0.991 -0. -0.246 0. 0. -1. 0.
0.990 -0.140 -0. 4.422 -0.140 -0.990 -0. -0.474 0. 0. -1. 0.
0.988 -0.154 -0. 5.295 -0.154 -0.988 -0. -0.647 0. 0. -1. 0.
0.988 -0.157 -0. 6.141 -0.157 -0.988 -0. -0.791 0. 0. -1. 0.
0.989 -0.150 -0. 7.159 -0.150 -0.989 -0. -0.972 0. 0. -1. 0.
0.990 -0.140 -0. 8.152 -0.140 -0.990 -0. -1.114 0. 0. -1. 0.
0.992 -0.130 -0. 9.270 -0.130 -0.992 -0. -1.218 0. 0. -1. 0.
0.992 -0.127 -0. 10.295 -0.127 -0.992 -0. -1.367 0. 0. -1. 0.
0.992 -0.124 -0. 11.412 -0.124 -0.992 -0. -1.500 0. 0. -1. 0.
0.993 -0.115 -0. 12.608 -0.115 -0.993 -0. -1.701 0. 0. -1. 0.
0.995 -0.104 -0. 13.789 -0.104 -0.995 -0. -1.742 0. 0. -1. 0.
0.996 -0.093 -0. 15.080 -0.093 -0.996 -0. -1.901 0. 0. -1. 0.
0.996 -0.089 -0. 16.362 -0.089 -0.996 -0. -2.059 0. 0. -1. 0.
0.996 -0.086 -0. 17.682 -0.086 -0.996 -0. -2.218 0. 0. -1. 0.
0.997 -0.078 -0. 18.971 -0.078 -0.997 -0. -2.350 0. 0. -1. 0.
0.997 -0.074 -0. 20.416 -0.074 -0.997 -0. -2.420 0. 0. -1. 0.
0.998 -0.063 -0. 21.836 -0.063 -0.998 -0. -2.532 0. 0. -1. 0.
0.998 -0.066 -0. 23.269 -0.066 -0.998 -0. -2.638 0. 0. -1. 0.
0.998 -0.066 -0. 24.752 -0.066 -0.998 -0. -2.785 0. 0. -1. 0.
0.998 -0.060 -0. 26.187 -0.060 -0.998 -0. -2.937 0. 0. -1. 0.
0.999 -0.045 -0. 27.690 -0.045 -0.999 -0. -3.007 0. 0. -1. 0.
0.999 -0.034 -0. 29.110 -0.034 -0.999 -0. -3.133 0. 0. -1. 0.
0.999 -0.035 -0. 30.663 -0.035 -0.999 -0. -3.170 0. 0. -1. 0.
1.000 -0.027 -0. 32.108 -0.027 -1.000 -0. -3.239 0. 0. -1. 0.
1.000 -0.018 -0. 33.597 -0.018 -1.000 -0. -3.315 0. 0. -1. 0.
1. -0.006 -0. 35.101 -0.006 -1. -0. -3.368 0. 0. -1. 0.
1. -0.004 -0. 36.585 -0.004 -1. -0. -3.279 0. 0. -1. 0.
1. 0.006 0. 38.098 0.006 -1. -0. -3.368 0. 0. -1. 0.
1. 0.003 0. 39.698 0.003 -1. -0. -3.397 0. 0. -1. 0.
1. 0.008 0. 41.113 0.008 -1. -0. -3.503 0. 0. -1. 0.
1. 0.005 0. 42.640 0.005 -1. -0. -3.425 0. 0. -1. 0.
1. 0.007 0. 44.207 0.007 -1. -0. -3.499 0. 0. -1. 0.
1. 0.003 0. 45.764 0.003 -1. -0. -3.417 0. 0. -1. 0.
1. 0.003 0. 47.379 0.003 -1. -0. -3.545 0. 0. -1. 0.
1. -0.001 -0. 49.087 -0.001 -1. -0. -3.441 0. 0. -1. 0.
1. 0.006 0. 50.800 0.006 -1. -0. -3.596 0. 0. -1. 0.
1. -0.000 -0. 52.510 -0.000 -1. -0. -3.511 0. 0. -1. 0.
1. 0.005 0. 54.246 0.005 -1. -0. -3.598 0. 0. -1. 0.
1. 0.000 0. 56.034 0.000 -1. -0. -3.553 0. 0. -1. 0.
1. 0.002 0. 57.864 0.002 -1. -0. -3.677 0. 0. -1. 0.
1. -0.000 -0. 59.708 -0.000 -1. -0. -3.701 0. 0. -1. 0.
1. -0.007 -0. 61.636 -0.007 -1. -0. -3.743 0. 0. -1. 0.
1. -0.004 -0. 63.608 -0.004 -1. -0. -3.860 0. 0. -1. 0.
1. -0.007 -0. 65.579 -0.007 -1. -0. -3.919 0. 0. -1. 0.
1. -0.008 -0. 67.488 -0.008 -1. -0. -3.952 0. 0. -1. 0.
1. -0.008 -0. 69.435 -0.008 -1. -0. -3.886 0. 0. -1. 0.
1. -0.007 -0. 71.401 -0.007 -1. -0. -3.917 0. 0. -1. 0.
1. -0.011 -0. 73.366 -0.011 -1. -0. -3.964 0. 0. -1. 0.
1.000 -0.016 -0. 75.327 -0.016 -1.000 -0. -4.002 0. 0. -1. 0.
1.000 -0.021 -0. 77.281 -0.021 -1.000 -0. -4.066 0. 0. -1. 0.
1.000 -0.029 -0. 79.197 -0.029 -1.000 -0. -4.026 0. 0. -1. 0.
0.999 -0.043 -0. 81.126 -0.043 -0.999 -0. -4.177 0. 0. -1. 0.
0.999 -0.048 -0. 83.035 -0.048 -0.999 -0. -4.294 0. 0. -1. 0.
0.997 -0.078 -0. 85.005 -0.078 -0.997 -0. -4.336 0. 0. -1. 0.
0.995 -0.102 -0. 86.829 -0.102 -0.995 -0. -4.564 0. 0. -1. 0.
0.989 -0.150 -0. 88.654 -0.150 -0.989 -0. -4.864 0. 0. -1. 0.
0.980 -0.201 -0. 90.518 -0.201 -0.980 -0. -5.198 0. 0. -1. 0.
0.968 -0.250 -0. 92.278 -0.250 -0.968 -0. -5.685 0. 0. -1. 0.
0.953 -0.302 -0. 94.051 -0.302 -0.953 -0. -6.287 0. 0. -1. 0.
0.940 -0.342 -0. 95.759 -0.342 -0.940 -0. -6.950 0. 0. -1. 0.
0.919 -0.395 -0. 97.524 -0.395 -0.919 -0. -7.547 0. 0. -1. 0.
0.895 -0.447 -0. 99.112 -0.447 -0.895 -0. -8.454 0. 0. -1. 0.
0.867 -0.498 -0. 100.659 -0.498 -0.867 -0. -9.400 0. 0. -1. 0.
0.837 -0.547 -0. 102.188 -0.547 -0.837 -0. -10.305 0. 0. -1. 0.
0.808 -0.589 -0. 103.677 -0.589 -0.808 -0. -11.462 0. 0. -1. 0.
0.765 -0.644 -0. 105.107 -0.644 -0.765 -0. -12.597 0. 0. -1. 0.
0.722 -0.692 -0. 106.354 -0.692 -0.722 -0. -13.800 0. 0. -1. 0.
0.673 -0.739 -0. 107.470 -0.739 -0.673 -0. -15.154 0. 0. -1. 0.
0.629 -0.778 -0. 108.545 -0.778 -0.629 -0. -16.501 0. 0. -1. 0.
0.582 -0.814 -0. 109.653 -0.814 -0.582 -0. -17.903 0. 0. -1. 0.
0.535 -0.845 -0. 110.537 -0.845 -0.535 -0. -19.354 0. 0. -1. 0.
0.487 -0.873 -0. 111.271 -0.873 -0.487 -0. -20.933 0. 0. -1. 0.
0.450 -0.893 -0. 111.996 -0.893 -0.450 -0. -22.546 0. 0. -1. 0.
0.426 -0.905 -0. 112.688 -0.905 -0.426 -0. -24.140 0. 0. -1. 0.
0.410 -0.912 -0. 113.509 -0.912 -0.410 -0. -25.723 0. 0. -1. 0.
0.386 -0.923 -0. 114.197 -0.923 -0.386 -0. -27.429 0. 0. -1. 0.
0.364 -0.931 -0. 114.855 -0.931 -0.364 -0. -29.065 0. 0. -1. 0.
0.361 -0.932 -0. 115.539 -0.932 -0.361 -0. -30.829 0. 0. -1. 0.
0.362 -0.932 -0. 116.236 -0.932 -0.362 -0. -32.559 0. 0. -1. 0.
0.365 -0.931 -0. 116.886 -0.931 -0.365 -0. -34.372 0. 0. -1. 0.
0.362 -0.932 -0. 117.617 -0.932 -0.362 -0. -36.153 0. 0. -1. 0.
0.365 -0.931 -0. 118.250 -0.931 -0.365 -0. -37.914 0. 0. -1. 0.
0.367 -0.930 -0. 118.994 -0.930 -0.367 -0. -39.697 0. 0. -1. 0.
0.381 -0.925 -0. 119.805 -0.925 -0.381 -0. -41.468 0. 0. -1. 0.
0.390 -0.921 -0. 120.453 -0.921 -0.390 -0. -43.410 0. 0. -1. 0.
0.409 -0.913 -0. 121.161 -0.913 -0.409 -0. -45.285 0. 0. -1. 0.
0.417 -0.909 -0. 121.964 -0.909 -0.417 -0. -47.083 0. 0. -1. 0.
0.434 -0.901 -0. 122.923 -0.901 -0.434 -0. -48.804 0. 0. -1. 0.
0.459 -0.889 -0. 123.624 -0.889 -0.459 -0. -50.693 0. 0. -1. 0.
0.479 -0.878 -0. 124.642 -0.878 -0.479 -0. -52.412 0. 0. -1. 0.
0.490 -0.872 -0. 125.608 -0.872 -0.490 -0. -54.164 0. 0. -1. 0.
0.507 -0.862 -0. 126.617 -0.862 -0.507 -0. -55.727 0. 0. -1. 0.
0.530 -0.848 -0. 127.538 -0.848 -0.530 -0. -57.546 0. 0. -1. 0.
0.538 -0.843 -0. 128.512 -0.843 -0.538 -0. -59.174 0. 0. -1. 0.
0.556 -0.831 -0. 129.643 -0.831 -0.556 -0. -60.734 0. 0. -1. 0.
0.570 -0.822 -0. 130.575 -0.822 -0.570 -0. -62.408 0. 0. -1. 0.
0.590 -0.808 -0. 131.652 -0.808 -0.590 -0. -63.888 0. 0. -1. 0.
0.606 -0.795 -0. 132.824 -0.795 -0.606 -0. -65.339 0. 0. -1. 0.
0.626 -0.780 -0. 134.046 -0.780 -0.626 -0. -66.774 0. 0. -1. 0.
0.654 -0.757 -0. 135.073 -0.757 -0.654 -0. -68.310 0. 0. -1. 0.
0.665 -0.747 -0. 136.340 -0.747 -0.665 -0. -69.785 0. 0. -1. 0.
0.689 -0.725 -0. 137.486 -0.725 -0.689 -0. -70.893 0. 0. -1. 0.
0.708 -0.706 -0. 138.711 -0.706 -0.708 -0. -72.209 0. 0. -1. 0.
0.732 -0.681 -0. 139.952 -0.681 -0.732 -0. -73.426 0. 0. -1. 0.
0.763 -0.647 -0. 141.216 -0.647 -0.763 -0. -74.453 0. 0. -1. 0.
0.800 -0.600 -0. 142.457 -0.600 -0.800 -0. -75.396 0. 0. -1. 0.
0.849 -0.529 -0. 143.723 -0.529 -0.849 -0. -76.297 0. 0. -1. 0.
0.896 -0.444 -0. 145.044 -0.444 -0.896 -0. -76.976 0. 0. -1. 0.
0.941 -0.339 -0. 146.243 -0.339 -0.941 -0. -77.503 0. 0. -1. 0.
0.976 -0.220 -0. 147.486 -0.220 -0.976 -0. -77.724 0. 0. -1. 0.
0.996 -0.084 -0. 148.638 -0.084 -0.996 -0. -77.846 0. 0. -1. 0.
0.998 0.069 0. 149.748 0.069 -0.998 -0. -77.731 0. 0. -1. 0.
0.974 0.226 0. 150.765 0.226 -0.974 -0. -77.498 0. 0. -1. 0.
0.924 0.383 0. 151.700 0.383 -0.924 -0. -77.013 0. 0. -1. 0.
0.836 0.549 0. 152.572 0.549 -0.836 -0. -76.509 0. 0. -1. 0.
0.727 0.687 0. 153.265 0.687 -0.727 -0. -75.788 0. 0. -1. 0.
0.589 0.808 0. 153.765 0.808 -0.589 -0. -74.968 0. 0. -1. 0.
0.425 0.905 0. 154.138 0.905 -0.425 -0. -74.117 0. 0. -1. 0.
0.241 0.970 0. 154.352 0.970 -0.241 -0. -73.187 0. 0. -1. 0.
0.060 0.998 0. 154.367 0.998 -0.060 -0. -72.247 0. 0. -1. 0.
-0.124 0.992 0. 154.153 0.992 0.124 0. -71.307 0. 0. -1. 0.
-0.299 0.954 0. 153.985 0.954 0.299 0. -70.280 0. 0. -1. 0.
-0.448 0.894 0. 153.422 0.894 0.448 0. -69.410 0. 0. -1. 0.
-0.588 0.809 0. 152.814 0.809 0.588 0. -68.557 0. 0. -1. 0.
-0.696 0.718 0. 151.957 0.718 0.696 0. -67.666 0. 0. -1. 0.
-0.791 0.612 0. 151.003 0.612 0.791 0. -66.966 0. 0. -1. 0.
-0.852 0.524 0. 149.913 0.524 0.852 0. -66.239 0. 0. -1. 0.
-0.892 0.452 0. 148.858 0.452 0.892 0. -65.800 0. 0. -1. 0.
-0.918 0.397 0. 147.528 0.397 0.918 0. -65.205 0. 0. -1. 0.
-0.930 0.368 0. 146.351 0.368 0.930 0. -64.733 0. 0. -1. 0.
-0.940 0.342 0. 145.040 0.342 0.940 0. -64.249 0. 0. -1. 0.
-0.940 0.340 0. 143.714 0.340 0.940 0. -63.669 0. 0. -1. 0.
-0.937 0.350 0. 142.244 0.350 0.937 0. -63.191 0. 0. -1. 0.
-0.928 0.373 0. 140.734 0.373 0.928 0. -62.626 0. 0. -1. 0.
-0.914 0.405 0. 139.368 0.405 0.914 0. -62.079 0. 0. -1. 0.
-0.896 0.445 0. 137.897 0.445 0.896 0. -61.417 0. 0. -1. 0.
-0.882 0.471 0. 136.472 0.471 0.882 0. -60.503 0. 0. -1. 0.
-0.858 0.513 0. 135.002 0.513 0.858 0. -59.515 0. 0. -1. 0.
-0.837 0.547 0. 133.687 0.547 0.837 0. -58.706 0. 0. -1. 0.
-0.803 0.596 0. 132.202 0.596 0.803 0. -57.565 0. 0. -1. 0.
-0.776 0.630 0. 130.913 0.630 0.776 0. -56.349 0. 0. -1. 0.
-0.742 0.671 0. 129.423 0.671 0.742 0. -55.163 0. 0. -1. 0.
-0.705 0.709 0. 128.297 0.709 0.705 0. -53.855 0. 0. -1. 0.
-0.662 0.749 0. 127.105 0.749 0.662 0. -52.391 0. 0. -1. 0.
-0.623 0.782 0. 125.966 0.782 0.623 0. -50.862 0. 0. -1. 0.
-0.581 0.814 0. 124.741 0.814 0.581 0. -49.427 0. 0. -1. 0.
-0.538 0.843 0. 123.727 0.843 0.538 0. -47.848 0. 0. -1. 0.
-0.505 0.863 0. 122.901 0.863 0.505 0. -46.241 0. 0. -1. 0.
-0.472 0.882 0. 122.074 0.882 0.472 0. -44.586 0. 0. -1. 0.
-0.439 0.898 0. 121.191 0.898 0.439 0. -42.967 0. 0. -1. 0.
-0.414 0.910 0. 120.546 0.910 0.414 0. -41.256 0. 0. -1. 0.
-0.397 0.918 0. 119.850 0.918 0.397 0. -39.534 0. 0. -1. 0.
-0.389 0.921 0. 119.231 0.921 0.389 0. -37.819 0. 0. -1. 0.
-0.377 0.926 0. 118.585 0.926 0.377 0. -36.088 0. 0. -1. 0.
-0.370 0.929 0. 117.988 0.929 0.370 0. -34.328 0. 0. -1. 0.
-0.358 0.934 0. 117.357 0.934 0.358 0. -32.478 0. 0. -1. 0.
-0.362 0.932 0. 116.684 0.932 0.362 0. -30.627 0. 0. -1. 0.
-0.369 0.929 0. 115.961 0.929 0.369 0. -28.878 0. 0. -1. 0.
-0.378 0.926 0. 115.219 0.926 0.378 0. -27.028 0. 0. -1. 0.
-0.406 0.914 0. 114.233 0.914 0.406 0. -25.306 0. 0. -1. 0.
-0.439 0.899 0. 113.794 0.899 0.439 0. -23.457 0. 0. -1. 0.
-0.465 0.885 0. 112.826 0.885 0.465 0. -21.739 0. 0. -1. 0.
-0.501 0.865 0. 111.998 0.865 0.501 0. -20.063 0. 0. -1. 0.
-0.542 0.841 0. 110.978 0.841 0.542 0. -18.496 0. 0. -1. 0.
-0.581 0.814 0. 109.901 0.814 0.581 0. -17.022 0. 0. -1. 0.
-0.617 0.787 0. 108.811 0.787 0.617 0. -15.518 0. 0. -1. 0.
-0.661 0.750 0. 107.673 0.750 0.661 0. -14.199 0. 0. -1. 0.
-0.704 0.711 0. 106.519 0.711 0.704 0. -12.796 0. 0. -1. 0.
-0.748 0.664 0. 105.115 0.664 0.748 0. -11.682 0. 0. -1. 0.
-0.795 0.606 0. 103.758 0.606 0.795 0. -10.512 0. 0. -1. 0.
-0.829 0.560 0. 102.194 0.560 0.829 0. -9.448 0. 0. -1. 0.
-0.865 0.501 0. 100.676 0.501 0.865 0. -8.469 0. 0. -1. 0.
-0.895 0.446 0. 98.943 0.446 0.895 0. -7.624 0. 0. -1. 0.
-0.921 0.390 0. 97.323 0.390 0.921 0. -6.822 0. 0. -1. 0.
-0.941 0.339 0. 95.476 0.339 0.941 0. -6.265 0. 0. -1. 0.
-0.957 0.291 0. 93.580 0.291 0.957 0. -5.699 0. 0. -1. 0.
-0.971 0.241 0. 91.722 0.241 0.971 0. -5.130 0. 0. -1. 0.
-0.980 0.200 0. 89.795 0.200 0.980 0. -4.763 0. 0. -1. 0.
-0.986 0.168 0. 87.845 0.168 0.986 0. -4.357 0. 0. -1. 0.
-0.990 0.144 0. 85.828 0.144 0.990 0. -4.110 0. 0. -1. 0.
-0.994 0.109 0. 83.890 0.109 0.994 0. -3.878 0. 0. -1. 0.
-0.996 0.085 0. 81.865 0.085 0.996 0. -3.587 0. 0. -1. 0.
-0.998 0.065 0. 79.799 0.065 0.998 0. -3.478 0. 0. -1. 0.
-0.999 0.049 0. 77.716 0.049 0.999 0. -3.403 0. 0. -1. 0.
-1.000 0.029 0. 75.721 0.029 1.000 0. -3.214 0. 0. -1. 0.
-1.000 0.019 0. 73.648 0.019 1.000 0. -3.154 0. 0. -1. 0.
-1.000 0.015 0. 71.638 0.015 1.000 0. -3.083 0. 0. -1. 0.
-1.000 0.016 0. 69.640 0.016 1.000 0. -3.080 0. 0. -1. 0.
-1. 0.006 0. 67.657 0.006 1. 0. -3.096 0. 0. -1. 0.
-1. 0.006 0. 65.721 0.006 1. 0. -3.068 0. 0. -1. 0.
-1. -0.001 -0. 63.692 -0.001 1. 0. -3.055 0. 0. -1. 0.
-1. 0.005 0. 61.770 0.005 1. 0. -2.896 0. 0. -1. 0.
-1. 0.002 0. 59.886 0.002 1. 0. -2.813 0. 0. -1. 0.
-1. 0.004 0. 58.007 0.004 1. 0. -2.824 0. 0. -1. 0.
-1. 0.006 0. 56.252 0.006 1. 0. -2.833 0. 0. -1. 0.
-1. 0.001 0. 54.388 0.001 1. 0. -2.758 0. 0. -1. 0.
-1. -0.003 -0. 52.597 -0.003 1. 0. -2.744 0. 0. -1. 0.
-1. -0.008 -0. 50.838 -0.008 1. 0. -2.741 0. 0. -1. 0.
-1. -0.002 -0. 49.021 -0.002 1. 0. -2.738 0. 0. -1. 0.
-1. -0.007 -0. 47.242 -0.007 1. 0. -2.712 0. 0. -1. 0.
-1. -0.009 -0. 45.377 -0.009 1. 0. -2.714 0. 0. -1. 0.
-1. -0.004 -0. 43.476 -0.004 1. 0. -2.734 0. 0. -1. 0.
-1. -0.005 -0. 41.620 -0.005 1. 0. -2.568 0. 0. -1. 0.
-1. 0.007 0. 39.719 0.007 1. 0. -2.731 0. 0. -1. 0.
-1.000 0.014 0. 37.796 0.014 1.000 0. -2.619 0. 0. -1. 0.
-1.000 0.024 0. 35.829 0.024 1.000 0. -2.484 0. 0. -1. 0.
-1.000 0.025 0. 33.978 0.025 1.000 0. -2.390 0. 0. -1. 0.
-0.999 0.037 0. 31.920 0.037 0.999 0. -2.369 0. 0. -1. 0.
-0.999 0.048 0. 30.083 0.048 0.999 0. -2.307 0. 0. -1. 0.
-0.999 0.051 0. 28.116 0.051 0.999 0. -2.105 0. 0. -1. 0.
-0.998 0.060 0. 26.186 0.060 0.998 0. -2.014 0. 0. -1. 0.
-0.998 0.064 0. 24.286 0.064 0.998 0. -1.827 0. 0. -1. 0.
-0.998 0.068 0. 22.362 0.068 0.998 0. -1.697 0. 0. -1. 0.
-0.997 0.075 0. 20.458 0.075 0.997 0. -1.460 0. 0. -1. 0.
-0.997 0.077 0. 18.526 0.077 0.997 0. -1.172 0. 0. -1. 0.
-0.996 0.087 0. 16.632 0.087 0.996 0. -1.136 0. 0. -1. 0.
-0.995 0.096 0. 14.747 0.096 0.995 0. -0.979 0. 0. -1. 0.
-0.995 0.098 0. 12.869 0.098 0.995 0. -0.795 0. 0. -1. 0.
-0.994 0.106 0. 10.882 0.106 0.994 0. -0.566 0. 0. -1. 0.
-0.995 0.098 0. 8.967 0.098 0.995 0. -0.364 0. 0. -1. 0.
-0.995 0.098 0. 7.022 0.098 0.995 0. -0.152 0. 0. -1. 0.
-0.994 0.110 0. 4.912 0.110 0.994 0. 0.008 0. 0. -1. 0.
-0.995 0.096 0. 2.884 0.096 0.995 0. 0.381 0. 0. -1. 0.
-0.994 0.107 0. 0.798 0.107 0.994 0. 0.575 0. 0. -1. 0.
-0.995 0.102 0. -1.274 0.102 0.995 0. 0.856 0. 0. -1. 0.
-0.995 0.098 0. -3.309 0.098 0.995 0. 1.016 0. 0. -1. 0.
-0.997 0.083 0. -5.386 0.083 0.997 0. 1.301 0. 0. -1. 0.
-0.997 0.080 0. -7.464 0.080 0.997 0. 1.494 0. 0. -1. 0.
-0.997 0.080 0. -9.618 0.080 0.997 0. 1.706 0. 0. -1. 0.
-0.997 0.077 0. -11.750 0.077 0.997 0. 1.833 0. 0. -1. 0.
-0.998 0.069 0. -13.850 0.069 0.998 0. 2.073 0. 0. -1. 0.
-0.998 0.055 0. -15.951 0.055 0.998 0. 2.181 0. 0. -1. 0.
-0.999 0.052 0. -18.201 0.052 0.999 0. 2.325 0. 0. -1. 0.
-0.999 0.050 0. -20.335 0.050 0.999 0. 2.389 0. 0. -1. 0.
-0.999 0.047 0. -22.526 0.047 0.999 0. 2.615 0. 0. -1. 0.
-0.999 0.045 0. -24.692 0.045 0.999 0. 2.778 0. 0. -1. 0.
-0.999 0.040 0. -26.908 0.040 0.999 0. 2.851 0. 0. -1. 0.
-0.999 0.040 0. -29.090 0.040 0.999 0. 2.888 0. 0. -1. 0.
-0.999 0.033 0. -31.219 0.033 0.999 0. 2.969 0. 0. -1. 0.
-1.000 0.030 0. -33.334 0.030 1.000 0. 3.027 0. 0. -1. 0.
-0.999 0.032 0. -35.479 0.032 0.999 0. 3.055 0. 0. -1. 0.
-0.999 0.033 0. -37.581 0.033 0.999 0. 3.185 0. 0. -1. 0.
-0.999 0.036 0. -39.655 0.036 0.999 0. 3.365 0. 0. -1. 0.
-0.999 0.037 0. -41.692 0.037 0.999 0. 3.457 0. 0. -1. 0.
-0.999 0.039 0. -43.637 0.039 0.999 0. 3.544 0. 0. -1. 0.
-0.999 0.034 0. -45.486 0.034 0.999 0. 3.646 0. 0. -1. 0.
-0.999 0.041 0. -47.177 0.041 0.999 0. 3.788 0. 0. -1. 0.
-1.000 0.031 0. -48.840 0.031 1.000 0. 3.910 0. 0. -1. 0.
-0.999 0.033 0. -50.442 0.033 0.999 0. 3.962 0. 0. -1. 0.
-0.999 0.033 0. -52.052 0.033 0.999 0. 4.024 0. 0. -1. 0.
-0.999 0.032 0. -53.430 0.032 0.999 0. 4.108 0. 0. -1. 0.
-0.999 0.034 0. -54.973 0.034 0.999 0. 4.162 0. 0. -1. 0.
-0.998 0.056 0. -56.284 0.056 0.998 0. 4.128 0. 0. -1. 0.
-0.998 0.061 0. -57.531 0.061 0.998 0. 4.279 0. 0. -1. 0.
-0.997 0.082 0. -58.711 0.082 0.997 0. 4.485 0. 0. -1. 0.
-0.993 0.114 0. -59.854 0.114 0.993 0. 4.588 0. 0. -1. 0.
-0.989 0.147 0. -60.887 0.147 0.989 0. 4.791 0. 0. -1. 0.
-0.981 0.196 0. -61.931 0.196 0.981 0. 5.047 0. 0. -1. 0.
-0.972 0.236 0. -62.875 0.236 0.972 0. 5.317 0. 0. -1. 0.
-0.951 0.309 0. -63.856 0.309 0.951 0. 5.601 0. 0. -1. 0.
-0.923 0.386 0. -64.735 0.386 0.923 0. 6.009 0. 0. -1. 0.
-0.889 0.458 0. -65.629 0.458 0.889 0. 6.403 0. 0. -1. 0.
-0.837 0.547 0. -66.397 0.547 0.837 0. 7.000 0. 0. -1. 0.
-0.776 0.631 0. -67.069 0.631 0.776 0. 7.571 0. 0. -1. 0.
-0.697 0.717 0. -67.731 0.717 0.697 0. 8.189 0. 0. -1. 0.
-0.617 0.787 0. -68.240 0.787 0.617 0. 8.899 0. 0. -1. 0.
-0.525 0.851 0. -68.777 0.851 0.525 0. 9.828 0. 0. -1. 0.
-0.433 0.902 0. -69.165 0.902 0.433 0. 10.815 0. 0. -1. 0.
-0.341 0.940 0. -69.540 0.940 0.341 0. 11.706 0. 0. -1. 0.
-0.259 0.966 0. -69.795 0.966 0.259 0. 12.872 0. 0. -1. 0.
-0.184 0.983 0. -69.946 0.983 0.184 0. 13.994 0. 0. -1. 0.
-0.126 0.992 0. -70.183 0.992 0.126 0. 15.302 0. 0. -1. 0.
-0.084 0.996 0. -70.237 0.996 0.084 0. 16.536 0. 0. -1. 0.
-0.053 0.999 0. -70.429 0.999 0.053 0. 17.908 0. 0. -1. 0.
-0.025 1.000 0. -70.286 1.000 0.025 0. 19.375 0. 0. -1. 0.
0.004 1. 0. -70.298 1. -0.004 -0. 20.741 0. 0. -1. 0.
0.016 1.000 0. -70.311 1.000 -0.016 -0. 22.159 0. 0. -1. 0.
0.034 0.999 0. -70.160 0.999 -0.034 -0. 23.664 0. 0. -1. 0.
0.024 1.000 0. -70.138 1.000 -0.024 -0. 25.185 0. 0. -1. 0.
0.030 1.000 0. -69.989 1.000 -0.030 -0. 26.822 0. 0. -1. 0.
0.026 1.000 0. -69.980 1.000 -0.026 -0. 28.391 0. 0. -1. 0.
0.033 0.999 0. -69.880 0.999 -0.033 -0. 30.025 0. 0. -1. 0.
0.038 0.999 0. -69.861 0.999 -0.038 -0. 31.705 0. 0. -1. 0.
0.050 0.999 0. -69.708 0.999 -0.050 -0. 33.412 0. 0. -1. 0.
0.059 0.998 0. -69.546 0.998 -0.059 -0. 35.056 0. 0. -1. 0.
0.081 0.997 0. -69.422 0.997 -0.081 -0. 36.823 0. 0. -1. 0.
0.097 0.995 0. -69.159 0.995 -0.097 -0. 38.481 0. 0. -1. 0.
0.122 0.993 0. -68.984 0.993 -0.122 -0. 40.221 0. 0. -1. 0.
0.135 0.991 0. -68.550 0.991 -0.135 -0. 41.898 0. 0. -1. 0.
0.141 0.990 0. -68.230 0.990 -0.141 -0. 43.623 0. 0. -1. 0.
0.155 0.988 0. -68.002 0.988 -0.155 -0. 45.302 0. 0. -1. 0.
0.148 0.989 0. -67.699 0.989 -0.148 -0. 47.003 0. 0. -1. 0.
0.145 0.989 0. -67.425 0.989 -0.145 -0. 49.124 0. 0. -1. 0.
0.132 0.991 0. -67.149 0.991 -0.132 -0. 50.767 0. 0. -1. 0.
0.120 0.993 0. -66.836 0.993 -0.120 -0. 52.454 0. 0. -1. 0.
0.092 0.996 0. -66.766 0.996 -0.092 -0. 54.363 0. 0. -1. 0.
0.076 0.997 0. -66.533 0.997 -0.076 -0. 56.316 0. 0. -1. 0.
0.055 0.998 0. -66.348 0.998 -0.055 -0. 58.173 0. 0. -1. 0.
0.041 0.999 0. -66.240 0.999 -0.041 -0. 60.120 0. 0. -1. 0.
0.026 1.000 0. -66.164 1.000 -0.026 -0. 61.998 0. 0. -1. 0.
0.025 1.000 0. -66.136 1.000 -0.025 -0. 63.852 0. 0. -1. 0.
0.013 1. 0. -66.088 1. -0.013 -0. 65.825 0. 0. -1. 0.
0.011 1. 0. -66.057 1. -0.011 -0. 67.708 0. 0. -1. 0.
0.004 1. 0. -66.090 1. -0.004 -0. 69.462 0. 0. -1. 0.
-0.005 1. 0. -66.006 1. 0.005 0. 71.358 0. 0. -1. 0.
0.004 1. 0. -65.858 1. -0.004 -0. 73.239 0. 0. -1. 0.
-0.007 1. 0. -65.964 1. 0.007 0. 75.010 0. 0. -1. 0.
-0.011 1. 0. -65.932 1. 0.011 0. 76.760 0. 0. -1. 0.
-0.012 1. 0. -65.894 1. 0.012 0. 78.515 0. 0. -1. 0.
-0.019 1.000 0. -65.887 1.000 0.019 0. 80.218 0. 0. -1. 0.
-0.029 1.000 0. -65.882 1.000 0.029 0. 81.882 0. 0. -1. 0.
-0.067 0.998 0. -66.032 0.998 0.067 0. 83.502 0. 0. -1. 0.
-0.092 0.996 0. -66.158 0.996 0.092 0. 85.178 0. 0. -1. 0.
-0.146 0.989 0. -66.400 0.989 0.146 0. 86.696 0. 0. -1. 0.
-0.204 0.979 0. -66.679 0.979 0.204 0. 88.184 0. 0. -1. 0.
-0.284 0.959 0. -67.006 0.959 0.284 0. 89.732 0. 0. -1. 0.
-0.357 0.934 0. -67.505 0.934 0.357 0. 91.152 0. 0. -1. 0.
-0.437 0.899 0. -68.019 0.899 0.437 0. 92.436 0. 0. -1. 0.
-0.519 0.855 0. -68.789 0.855 0.519 0. 93.638 0. 0. -1. 0.
-0.600 0.800 0. -69.521 0.800 0.600 0. 94.768 0. 0. -1. 0.
-0.682 0.731 0. -70.530 0.731 0.682 0. 95.776 0. 0. -1. 0.
-0.754 0.657 0. -71.497 0.657 0.754 0. 96.738 0. 0. -1. 0.
-0.817 0.577 0. -72.612 0.577 0.817 0. 97.458 0. 0. -1. 0.
-0.871 0.491 0. -73.619 0.491 0.871 0. 98.097 0. 0. -1. 0.
-0.914 0.405 0. -74.743 0.405 0.914 0. 98.635 0. 0. -1. 0.
-0.945 0.328 0. -76.040 0.328 0.945 0. 98.907 0. 0. -1. 0.
-0.963 0.269 0. -77.204 0.269 0.963 0. 99.350 0. 0. -1. 0.
-0.973 0.231 0. -78.608 0.231 0.973 0. 99.601 0. 0. -1. 0.
-0.977 0.213 0. -79.945 0.213 0.977 0. 99.963 0. 0. -1. 0.
-0.979 0.204 0. -81.172 0.204 0.979 0. 100.461 0. 0. -1. 0.
-0.979 0.205 0. -82.688 0.205 0.979 0. 100.591 0. 0. -1. 0.
-0.977 0.215 0. -84.180 0.215 0.977 0. 100.922 0. 0. -1. 0.
-0.969 0.249 0. -85.698 0.249 0.969 0. 101.271 0. 0. -1. 0.
-0.954 0.301 0. -87.205 0.301 0.954 0. 101.730 0. 0. -1. 0.
-0.939 0.343 0. -88.724 0.343 0.939 0. 102.361 0. 0. -1. 0.
-0.919 0.394 0. -90.199 0.394 0.919 0. 103.026 0. 0. -1. 0.
-0.893 0.449 0. -91.618 0.449 0.893 0. 103.787 0. 0. -1. 0.
-0.863 0.505 0. -93.048 0.505 0.863 0. 104.796 0. 0. -1. 0.
-0.838 0.546 0. -94.505 0.546 0.838 0. 105.746 0. 0. -1. 0.
-0.802 0.597 0. -95.892 0.597 0.802 0. 106.841 0. 0. -1. 0.
-0.782 0.623 0. -97.375 0.623 0.782 0. 107.845 0. 0. -1. 0.
-0.760 0.649 0. -98.797 0.649 0.760 0. 109.107 0. 0. -1. 0.
-0.736 0.677 0. -100.148 0.677 0.736 0. 110.423 0. 0. -1. 0.
-0.724 0.690 0. -101.596 0.690 0.724 0. 111.701 0. 0. -1. 0.
-0.711 0.704 0. -102.936 0.704 0.711 0. 113.374 0. 0. -1. 0.
-0.702 0.712 0. -104.468 0.712 0.702 0. 114.601 0. 0. -1. 0.
-0.698 0.716 0. -105.879 0.716 0.698 0. 116.148 0. 0. -1. 0.
-0.699 0.715 0. -107.366 0.715 0.699 0. 117.631 0. 0. -1. 0.
-0.700 0.714 0. -108.765 0.714 0.700 0. 119.292 0. 0. -1. 0.
-0.704 0.711 0. -110.333 0.711 0.704 0. 120.838 0. 0. -1. 0.
-0.705 0.709 0. -111.847 0.709 0.705 0. 122.598 0. 0. -1. 0.
-0.705 0.710 0. -113.429 0.710 0.705 0. 124.095 0. 0. -1. 0.
-0.701 0.714 0. -115.078 0.714 0.701 0. 125.776 0. 0. -1. 0.
-0.703 0.711 0. -116.681 0.711 0.703 0. 127.491 0. 0. -1. 0.
-0.702 0.712 0. -118.341 0.712 0.702 0. 129.295 0. 0. -1. 0.
-0.702 0.712 0. -120.045 0.712 0.702 0. 131.013 0. 0. -1. 0.
-0.703 0.711 0. -121.706 0.711 0.703 0. 132.801 0. 0. -1. 0.
-0.699 0.716 0. -123.448 0.716 0.699 0. 134.523 0. 0. -1. 0.
-0.704 0.710 0. -125.063 0.710 0.704 0. 136.411 0. 0. -1. 0.
-0.706 0.709 0. -126.843 0.709 0.706 0. 138.139 0. 0. -1. 0.
-0.697 0.717 0. -128.574 0.717 0.697 0. 139.918 0. 0. -1. 0.
-0.700 0.714 0. -130.226 0.714 0.700 0. 141.770 0. 0. -1. 0.
-0.696 0.718 0. -131.987 0.718 0.696 0. 143.548 0. 0. -1. 0.
-0.701 0.713 0. -133.616 0.713 0.701 0. 145.379 0. 0. -1. 0.
-0.694 0.720 0. -135.389 0.720 0.694 0. 147.199 0. 0. -1. 0.
-0.697 0.717 0. -137.021 0.717 0.697 0. 149.037 0. 0. -1. 0.
-0.688 0.725 0. -138.901 0.725 0.688 0. 150.803 0. 0. -1. 0.
-0.681 0.732 0. -140.416 0.732 0.681 0. 152.801 0. 0. -1. 0.
-0.669 0.743 0. -142.166 0.743 0.669 0. 154.642 0. 0. -1. 0.
-0.648 0.761 0. -143.728 0.761 0.648 0. 156.482 0. 0. -1. 0.
-0.635 0.773 0. -145.163 0.773 0.635 0. 158.452 0. 0. -1. 0.
-0.613 0.790 0. -146.707 0.790 0.613 0. 160.473 0. 0. -1. 0.
-0.587 0.810 0. -147.954 0.810 0.587 0. 162.443 0. 0. -1. 0.
-0.556 0.831 0. -149.394 0.831 0.556 0. 164.457 0. 0. -1. 0.
-0.525 0.851 0. -150.556 0.851 0.525 0. 166.445 0. 0. -1. 0.
-0.495 0.869 0. -151.769 0.869 0.495 0. 168.507 0. 0. -1. 0.
-0.454 0.891 0. -152.840 0.891 0.454 0. 170.529 0. 0. -1. 0.
-0.423 0.906 0. -153.747 0.906 0.423 0. 172.623 0. 0. -1. 0.
-0.386 0.923 0. -154.670 0.923 0.386 0. 174.691 0. 0. -1. 0.
-0.342 0.940 0. -155.397 0.940 0.342 0. 176.766 0. 0. -1. 0.
-0.304 0.953 0. -155.960 0.953 0.304 0. 178.776 0. 0. -1. 0.
-0.263 0.965 0. -156.502 0.965 0.263 0. 180.917 0. 0. -1. 0.
-0.221 0.975 0. -156.988 0.975 0.221 0. 183.132 0. 0. -1. 0.
-0.188 0.982 0. -157.430 0.982 0.188 0. 185.305 0. 0. -1. 0.
-0.160 0.987 0. -157.713 0.987 0.160 0. 187.509 0. 0. -1. 0.
-0.147 0.989 0. -157.885 0.989 0.147 0. 189.686 0. 0. -1. 0.
-0.128 0.992 0. -158.276 0.992 0.128 0. 192.003 0. 0. -1. 0.
-0.118 0.993 0. -158.499 0.993 0.118 0. 194.195 0. 0. -1. 0.
-0.114 0.993 0. -158.650 0.993 0.114 0. 196.487 0. 0. -1. 0.
-0.102 0.995 0. -158.911 0.995 0.102 0. 198.744 0. 0. -1. 0.
-0.091 0.996 0. -158.946 0.996 0.091 0. 201.041 0. 0. -1. 0.
-0.091 0.996 0. -159.237 0.996 0.091 0. 203.279 0. 0. -1. 0.
-0.096 0.995 0. -159.277 0.995 0.096 0. 205.598 0. 0. -1. 0.
-0.101 0.995 0. -159.370 0.995 0.101 0. 207.890 0. 0. -1. 0.
-0.113 0.994 0. -159.481 0.994 0.113 0. 210.149 0. 0. -1. 0.
-0.132 0.991 0. -159.810 0.991 0.132 0. 212.482 0. 0. -1. 0.
-0.149 0.989 0. -160.423 0.989 0.149 0. 214.586 0. 0. -1. 0.
-0.177 0.984 0. -160.603 0.984 0.177 0. 216.703 0. 0. -1. 0.
-0.211 0.978 0. -160.846 0.978 0.211 0. 218.912 0. 0. -1. 0.
-0.246 0.969 0. -161.489 0.969 0.246 0. 221.032 0. 0. -1. 0.
-0.297 0.955 0. -161.942 0.955 0.297 0. 223.083 0. 0. -1. 0.
-0.349 0.937 0. -162.666 0.937 0.349 0. 225.102 0. 0. -1. 0.
-0.398 0.917 0. -163.709 0.917 0.398 0. 226.868 0. 0. -1. 0.
-0.457 0.890 0. -164.512 0.890 0.457 0. 228.778 0. 0. -1. 0.
-0.520 0.854 0. -165.506 0.854 0.520 0. 230.498 0. 0. -1. 0.
-0.582 0.813 0. -166.627 0.813 0.582 0. 232.134 0. 0. -1. 0.
-0.642 0.767 0. -167.955 0.767 0.642 0. 233.689 0. 0. -1. 0.
-0.698 0.716 0. -169.333 0.716 0.698 0. 235.049 0. 0. -1. 0.
-0.749 0.662 0. -170.698 0.662 0.749 0. 236.481 0. 0. -1. 0.
-0.800 0.600 0. -172.226 0.600 0.800 0. 237.720 0. 0. -1. 0.
-0.843 0.538 0. -173.940 0.538 0.843 0. 238.805 0. 0. -1. 0.
-0.878 0.478 0. -175.752 0.478 0.878 0. 239.767 0. 0. -1. 0.
-0.903 0.429 0. -177.435 0.429 0.903 0. 240.802 0. 0. -1. 0.
-0.920 0.392 0. -179.340 0.392 0.920 0. 241.577 0. 0. -1. 0.
-0.934 0.357 0. -181.212 0.357 0.934 0. 242.401 0. 0. -1. 0.
-0.945 0.327 0. -183.194 0.327 0.945 0. 243.137 0. 0. -1. 0.
-0.951 0.308 0. -185.149 0.308 0.951 0. 243.836 0. 0. -1. 0.
-0.955 0.296 0. -187.207 0.296 0.955 0. 244.502 0. 0. -1. 0.
-0.958 0.288 0. -189.225 0.288 0.958 0. 245.145 0. 0. -1. 0.
-0.960 0.279 0. -191.374 0.279 0.960 0. 245.680 0. 0. -1. 0.
-0.962 0.271 0. -193.467 0.271 0.962 0. 246.386 0. 0. -1. 0.
-0.961 0.277 0. -195.593 0.277 0.961 0. 247.054 0. 0. -1. 0.
-0.960 0.279 0. -197.794 0.279 0.960 0. 247.730 0. 0. -1. 0.
-0.960 0.281 0. -199.883 0.281 0.960 0. 248.334 0. 0. -1. 0.
-0.961 0.276 0. -201.951 0.276 0.961 0. 249.034 0. 0. -1. 0.
-0.960 0.278 0. -204.119 0.278 0.960 0. 249.747 0. 0. -1. 0.
-0.960 0.282 0. -206.142 0.282 0.960 0. 250.325 0. 0. -1. 0.
-0.960 0.281 0. -208.334 0.281 0.960 0. 250.907 0. 0. -1. 0.
-0.959 0.282 0. -210.280 0.282 0.959 0. 251.686 0. 0. -1. 0.
-0.958 0.286 0. -212.377 0.286 0.958 0. 252.253 0. 0. -1. 0.
-0.957 0.290 0. -214.372 0.290 0.957 0. 252.887 0. 0. -1. 0.
-0.955 0.296 0. -216.397 0.296 0.955 0. 253.550 0. 0. -1. 0.
-0.952 0.305 0. -218.387 0.305 0.952 0. 254.278 0. 0. -1. 0.
-0.951 0.310 0. -220.191 0.310 0.951 0. 254.819 0. 0. -1. 0.
-0.949 0.317 0. -222.243 0.317 0.949 0. 255.451 0. 0. -1. 0.
-0.947 0.320 0. -223.973 0.320 0.947 0. 256.118 0. 0. -1. 0.
-0.944 0.331 0. -225.749 0.331 0.944 0. 256.832 0. 0. -1. 0.
-0.939 0.345 0. -227.462 0.345 0.939 0. 257.447 0. 0. -1. 0.
-0.935 0.356 0. -228.975 0.356 0.935 0. 258.048 0. 0. -1. 0.
-0.929 0.371 0. -230.504 0.371 0.929 0. 258.774 0. 0. -1. 0.
-0.923 0.385 0. -231.984 0.385 0.923 0. 259.389 0. 0. -1. 0.
-0.915 0.403 0. -233.318 0.403 0.915 0. 260.048 0. 0. -1. 0.
-0.908 0.419 0. -234.716 0.419 0.908 0. 260.587 0. 0. -1. 0.
-0.905 0.425 0. -236.030 0.425 0.905 0. 261.171 0. 0. -1. 0.
-0.902 0.431 0. -237.249 0.431 0.902 0. 261.869 0. 0. -1. 0.
-0.902 0.432 0. -238.370 0.432 0.902 0. 262.453 0. 0. -1. 0.
-0.901 0.433 0. -239.442 0.433 0.901 0. 262.959 0. 0. -1. 0.
-0.900 0.435 0. -240.345 0.435 0.900 0. 263.307 0. 0. -1. 0.
-0.900 0.436 0. -241.259 0.436 0.900 0. 263.881 0. 0. -1. 0.
-0.896 0.444 0. -242.147 0.444 0.896 0. 264.278 0. 0. -1. 0.
-0.893 0.449 0. -242.796 0.449 0.893 0. 264.750 0. 0. -1. 0.
-0.894 0.448 0. -243.225 0.448 0.894 0. 264.964 0. 0. -1. 0.
-0.890 0.455 0. -243.850 0.455 0.890 0. 265.304 0. 0. -1. 0.
-0.890 0.457 0. -244.211 0.457 0.890 0. 265.509 0. 0. -1. 0.
-0.892 0.452 0. -244.517 0.452 0.892 0. 265.630 0. 0. -1. 0.
-0.891 0.454 0. -244.895 0.454 0.891 0. 265.918 0. 0. -1. 0.
-0.890 0.457 0. -245.153 0.457 0.890 0. 266.013 0. 0. -1. 0.
-0.891 0.455 0. -245.316 0.455 0.891 0. 266.117 0. 0. -1. 0.
-0.887 0.461 0. -245.618 0.461 0.887 0. 266.209 0. 0. -1. 0.
-0.889 0.458 0. -245.592 0.458 0.889 0. 266.328 0. 0. -1. 0.
-0.888 0.461 0. -245.754 0.461 0.888 0. 266.411 0. 0. -1. 0.
-0.887 0.463 0. -245.784 0.463 0.887 0. 266.390 0. 0. -1. 0.
-0.887 0.462 0. -245.863 0.462 0.887 0. 266.326 0. 0. -1. 0.
-0.888 0.460 0. -246.002 0.460 0.888 0. 266.407 0. 0. -1. 0.
-0.888 0.459 0. -246.030 0.459 0.888 0. 266.545 0. 0. -1. 0.
-0.889 0.458 0. -245.927 0.458 0.889 0. 266.383 0. 0. -1. 0.
-0.888 0.461 0. -246.001 0.461 0.888 0. 266.483 0. 0. -1. 0.
-0.888 0.459 0. -245.885 0.459 0.888 0. 266.403 0. 0. -1. 0.
-0.890 0.455 0. -245.896 0.455 0.890 0. 266.456 0. 0. -1. 0.
-0.890 0.455 0. -245.927 0.455 0.890 0. 266.472 0. 0. -1. 0.
-0.888 0.460 0. -245.940 0.460 0.888 0. 266.465 0. 0. -1. 0.
-0.890 0.457 0. -245.893 0.457 0.890 0. 266.498 0. 0. -1. 0.
-0.887 0.462 0. -245.969 0.462 0.887 0. 266.381 0. 0. -1. 0.
-0.890 0.455 0. -245.926 0.455 0.890 0. 266.428 0. 0. -1. 0.
-0.887 0.461 0. -246.032 0.461 0.887 0. 266.431 0. 0. -1. 0.
-0.887 0.461 0. -245.899 0.461 0.887 0. 266.387 0. 0. -1. 0.
-0.888 0.459 0. -245.925 0.459 0.888 0. 266.442 0. 0. -1. 0.
-0.888 0.460 0. -245.931 0.460 0.888 0. 266.450 0. 0. -1. 0.
-0.889 0.458 0. -245.898 0.458 0.889 0. 266.414 0. 0. -1. 0.
-0.888 0.460 0. -245.970 0.460 0.888 0. 266.489 0. 0. -1. 0.
-0.889 0.458 0. -245.877 0.458 0.889 0. 266.407 0. 0. -1. 0.
-0.887 0.461 0. -245.935 0.461 0.887 0. 266.464 0. 0. -1. 0.
-0.891 0.455 0. -245.922 0.455 0.891 0. 266.465 0. 0. -1. 0.
-0.887 0.462 0. -245.955 0.462 0.887 0. 266.474 0. 0. -1. 0.
-0.890 0.456 0. -245.861 0.456 0.890 0. 266.489 0. 0. -1. 0.
-0.889 0.458 0. -245.956 0.458 0.889 0. 266.550 0. 0. -1. 0.
-0.889 0.458 0. -245.910 0.458 0.889 0. 266.441 0. 0. -1. 0.
-0.888 0.461 0. -246.079 0.461 0.888 0. 266.567 0. 0. -1. 0.
-0.888 0.459 0. -246.108 0.459 0.888 0. 266.475 0. 0. -1. 0.
-0.887 0.462 0. -246.413 0.462 0.887 0. 266.697 0. 0. -1. 0.
-0.885 0.465 0. -246.804 0.465 0.885 0. 266.901 0. 0. -1. 0.
-0.879 0.477 0. -247.169 0.477 0.879 0. 267.133 0. 0. -1. 0.
-0.871 0.490 0. -247.609 0.490 0.871 0. 267.421 0. 0. -1. 0.
-0.857 0.515 0. -248.139 0.515 0.857 0. 267.773 0. 0. -1. 0.
-0.839 0.544 0. -248.771 0.544 0.839 0. 268.087 0. 0. -1. 0.
-0.814 0.580 0. -249.432 0.580 0.814 0. 268.689 0. 0. -1. 0.
-0.786 0.619 0. -250.033 0.619 0.786 0. 269.061 0. 0. -1. 0.
-0.741 0.672 0. -250.760 0.672 0.741 0. 269.631 0. 0. -1. 0.
-0.696 0.718 0. -251.198 0.718 0.696 0. 270.250 0. 0. -1. 0.
-0.639 0.769 0. -251.854 0.769 0.639 0. 270.956 0. 0. -1. 0.
-0.576 0.817 0. -252.112 0.817 0.576 0. 271.681 0. 0. -1. 0.
-0.505 0.863 0. -252.622 0.863 0.505 0. 272.513 0. 0. -1. 0.
-0.441 0.897 0. -252.911 0.897 0.441 0. 273.355 0. 0. -1. 0.
-0.368 0.930 0. -253.252 0.930 0.368 0. 274.392 0. 0. -1. 0.
-0.284 0.959 0. -253.600 0.959 0.284 0. 275.468 0. 0. -1. 0.
-0.191 0.982 0. -253.755 0.982 0.191 0. 276.734 0. 0. -1. 0.
-0.103 0.995 0. -253.848 0.995 0.103 0. 277.978 0. 0. -1. 0.
-0.020 1.000 0. -253.938 1.000 0.020 0. 279.420 0. 0. -1. 0.
0.056 0.998 0. -253.829 0.998 -0.056 -0. 280.841 0. 0. -1. 0.
0.114 0.993 0. -253.496 0.993 -0.114 -0. 282.504 0. 0. -1. 0.
0.161 0.987 0. -253.224 0.987 -0.161 -0. 284.266 0. 0. -1. 0.
0.191 0.982 0. -252.782 0.982 -0.191 -0. 286.050 0. 0. -1. 0.
0.209 0.978 0. -252.289 0.978 -0.209 -0. 288.108 0. 0. -1. 0.
0.222 0.975 0. -251.843 0.975 -0.222 -0. 290.238 0. 0. -1. 0.
0.235 0.972 0. -251.282 0.972 -0.235 -0. 292.362 0. 0. -1. 0.
0.246 0.969 0. -250.810 0.969 -0.246 -0. 294.562 0. 0. -1. 0.
0.255 0.967 0. -250.083 0.967 -0.255 -0. 296.817 0. 0. -1. 0.
0.264 0.965 0. -249.365 0.965 -0.264 -0. 299.174 0. 0. -1. 0.
0.266 0.964 0. -248.739 0.964 -0.266 -0. 301.508 0. 0. -1. 0.
0.267 0.964 0. -248.032 0.964 -0.267 -0. 303.947 0. 0. -1. 0.
0.266 0.964 0. -247.280 0.964 -0.266 -0. 306.507 0. 0. -1. 0.
0.264 0.964 0. -246.459 0.964 -0.264 -0. 309.062 0. 0. -1. 0.
0.263 0.965 0. -245.726 0.965 -0.263 -0. 311.681 0. 0. -1. 0.
0.266 0.964 0. -244.966 0.964 -0.266 -0. 314.483 0. 0. -1. 0.
0.261 0.965 0. -244.121 0.965 -0.261 -0. 317.264 0. 0. -1. 0.
0.265 0.964 0. -243.278 0.964 -0.265 -0. 320.110 0. 0. -1. 0.
0.270 0.963 0. -242.403 0.963 -0.270 -0. 322.996 0. 0. -1. 0.
0.270 0.963 0. -241.691 0.963 -0.270 -0. 325.955 0. 0. -1. 0.
0.264 0.964 0. -240.612 0.964 -0.264 -0. 328.933 0. 0. -1. 0.
0.270 0.963 0. -239.801 0.963 -0.270 -0. 332.105 0. 0. -1. 0.
0.267 0.964 0. -238.754 0.964 -0.267 -0. 335.197 0. 0. -1. 0.
0.269 0.963 0. -237.785 0.963 -0.269 -0. 338.432 0. 0. -1. 0.
0.281 0.960 0. -236.918 0.960 -0.281 -0. 341.669 0. 0. -1. 0.
0.279 0.960 0. -235.816 0.960 -0.279 -0. 344.868 0. 0. -1. 0.
0.282 0.959 0. -234.841 0.959 -0.282 -0. 348.104 0. 0. -1. 0.
0.277 0.961 0. -233.897 0.961 -0.277 -0. 351.233 0. 0. -1. 0.
0.279 0.960 0. -232.890 0.960 -0.279 -0. 354.725 0. 0. -1. 0.
0.269 0.963 0. -231.797 0.963 -0.269 -0. 357.970 0. 0. -1. 0.
0.269 0.963 0. -230.876 0.963 -0.269 -0. 361.404 0. 0. -1. 0.
0.268 0.964 0. -229.854 0.964 -0.268 -0. 364.846 0. 0. -1. 0.
0.268 0.963 0. -228.890 0.963 -0.268 -0. 368.149 0. 0. -1. 0.
0.268 0.964 0. -227.859 0.964 -0.268 -0. 371.527 0. 0. -1. 0.
0.267 0.964 0. -227.178 0.964 -0.267 -0. 374.916 0. 0. -1. 0.
0.265 0.964 0. -226.114 0.964 -0.265 -0. 378.295 0. 0. -1. 0.
0.265 0.964 0. -225.045 0.964 -0.265 -0. 381.631 0. 0. -1. 0.
0.266 0.964 0. -224.085 0.964 -0.266 -0. 385.004 0. 0. -1. 0.
0.268 0.963 0. -223.133 0.963 -0.268 -0. 388.331 0. 0. -1. 0.
0.268 0.963 0. -222.088 0.963 -0.268 -0. 391.668 0. 0. -1. 0.
0.265 0.964 0. -220.983 0.964 -0.265 -0. 395.001 0. 0. -1. 0.
0.265 0.964 0. -220.125 0.964 -0.265 -0. 398.460 0. 0. -1. 0.
0.265 0.964 0. -219.171 0.964 -0.265 -0. 401.925 0. 0. -1. 0.
0.264 0.964 0. -218.116 0.964 -0.264 -0. 405.286 0. 0. -1. 0.
0.265 0.964 0. -217.232 0.964 -0.265 -0. 408.711 0. 0. -1. 0.
0.258 0.966 0. -216.212 0.966 -0.258 -0. 412.188 0. 0. -1. 0.
0.257 0.967 0. -215.356 0.967 -0.257 -0. 415.643 0. 0. -1. 0.
0.254 0.967 0. -214.343 0.967 -0.254 -0. 419.025 0. 0. -1. 0.
0.252 0.968 0. -213.371 0.968 -0.252 -0. 422.469 0. 0. -1. 0.
0.255 0.967 0. -212.362 0.967 -0.255 -0. 426.005 0. 0. -1. 0.
0.253 0.967 0. -211.427 0.967 -0.253 -0. 429.419 0. 0. -1. 0.
0.256 0.967 0. -210.473 0.967 -0.256 -0. 433.031 0. 0. -1. 0.
0.256 0.967 0. -209.483 0.967 -0.256 -0. 436.540 0. 0. -1. 0.
0.259 0.966 0. -208.398 0.966 -0.259 -0. 440.073 0. 0. -1. 0.
0.258 0.966 0. -207.501 0.966 -0.258 -0. 443.638 0. 0. -1. 0.
0.259 0.966 0. -206.415 0.966 -0.259 -0. 447.176 0. 0. -1. 0.
