1617900271271733 1.00000 0.00000 0.00000 -0.00000 0.00000 -1.00000 0.00000 0.00000 0.00000 -0.00000 -1.00000 0.00000
1617900271521735 0.99999 -0.00325 0.00000 0.00615 -0.00325 -0.99999 0.00000 -0.01527 -0.00000 -0.00000 -1.00000 -0.00000
1617900271771119 0.99999 0.00429 0.00000 0.00465 0.00429 -0.99999 0.00000 -0.01430 0.00000 -0.00000 -1.00000 -0.00000
1617900272021126 1.00000 -0.00000 -0.00000 -0.01171 -0.00000 -1.00000 0.00000 0.00870 -0.00000 -0.00000 -1.00000 0.00000
1617900272270509 1.00000 0.00261 0.00000 0.03633 0.00261 -1.00000 0.00000 -0.04103 0.00000 -0.00000 -1.00000 -0.00000
1617900272520503 1.00000 0.00213 -0.00000 0.00719 0.00213 -1.00000 0.00000 -0.01077 0.00000 -0.00000 -1.00000 -0.00000
1617900272770509 1.00000 0.00254 0.00000 0.00240 0.00254 -1.00000 0.00000 -0.02962 0.00000 -0.00000 -1.00000 -0.00000
1617900273021140 0.99999 -0.00524 -0.00000 0.02850 -0.00524 -0.99999 0.00000 0.00204 -0.00000 -0.00000 -1.00000 0.00000
1617900273271142 1.00000 -0.00315 0.00000 0.00894 -0.00315 -1.00000 0.00000 -0.00124 -0.00000 -0.00000 -1.00000 -0.00000
1617900273521770 1.00000 -0.00096 0.00000 -0.02971 -0.00096 -1.00000 0.00000 0.01974 -0.00000 -0.00000 -1.00000 0.00000
1617900273772402 0.99999 -0.00501 0.00000 0.01003 -0.00501 -0.99999 0.00000 -0.00767 -0.00000 -0.00000 -1.00000 -0.00000
1617900274021787 1.00000 -0.00154 -0.00000 0.00542 -0.00154 -1.00000 0.00000 0.00591 -0.00000 -0.00000 -1.00000 0.00000
1617900274271158 1.00000 0.00052 -0.00000 0.00373 0.00052 -1.00000 0.00000 -0.00813 0.00000 -0.00000 -1.00000 -0.00000
1617900274521167 0.99999 -0.00347 0.00000 0.00136 -0.00347 -0.99999 0.00000 0.00257 -0.00000 -0.00000 -1.00000 0.00000
1617900274770540 1.00000 0.00189 0.00000 0.04268 0.00189 -1.00000 0.00000 -0.03456 0.00000 -0.00000 -1.00000 -0.00000
1617900275020556 1.00000 0.00223 0.00000 0.00054 0.00223 -1.00000 0.00000 0.00490 0.00000 -0.00000 -1.00000 0.00000
1617900275270555 1.00000 0.00186 -0.00000 0.00398 0.00186 -1.00000 0.00000 -0.01710 0.00000 -0.00000 -1.00000 -0.00000
1617900275520562 1.00000 0.00116 0.00000 0.01710 0.00116 -1.00000 0.00000 -0.02833 0.00000 -0.00000 -1.00000 -0.00000
1617900275771188 1.00000 -0.00187 0.00000 0.03399 -0.00187 -1.00000 0.00000 0.01002 -0.00000 -0.00000 -1.00000 0.00000
1617900276021817 1.00000 -0.00064 0.00000 -0.00156 -0.00064 -1.00000 0.00000 0.01618 -0.00000 -0.00000 -1.00000 0.00000
1617900276272454 1.00000 -0.00057 -0.00000 -0.03504 -0.00057 -1.00000 0.00000 0.01643 -0.00000 -0.00000 -1.00000 0.00000
1617900276521823 1.00000 -0.00147 0.00000 0.02920 -0.00147 -1.00000 0.00000 -0.04654 -0.00000 -0.00000 -1.00000 -0.00000
1617900276771830 1.00000 0.00095 0.00000 0.00074 0.00095 -1.00000 0.00000 0.00777 0.00000 -0.00000 -1.00000 0.00000
1617900277021833 1.00000 -0.00250 0.00000 0.00103 -0.00250 -1.00000 0.00000 -0.00233 -0.00000 -0.00000 -1.00000 -0.00000
1617900277271842 0.99998 -0.00707 0.00000 0.02503 -0.00707 -0.99998 0.00000 -0.01099 -0.00000 -0.00000 -1.00000 -0.00000
1617900277521217 1.00000 0.00314 -0.00000 0.01936 0.00314 -1.00000 0.00000 -0.00274 0.00000 -0.00000 -1.00000 -0.00000
1617900277771219 0.99999 0.00340 -0.00000 -0.02223 0.00340 -0.99999 0.00000 0.00943 0.00000 -0.00000 -1.00000 0.00000
1617900278020603 1.00000 0.00035 0.00000 0.04405 0.00035 -1.00000 0.00000 -0.02532 0.00000 -0.00000 -1.00000 -0.00000
1617900278270606 0.99999 -0.00462 0.00000 0.01126 -0.00462 -0.99999 0.00000 0.01288 -0.00000 -0.00000 -1.00000 0.00000
1617900278520607 0.99998 -0.00552 0.00000 0.03780 -0.00552 -0.99998 0.00000 -0.00272 -0.00000 -0.00000 -1.00000 -0.00000
1617900278770610 1.00000 -0.00128 0.00000 -0.00791 -0.00128 -1.00000 0.00000 0.00618 -0.00000 -0.00000 -1.00000 0.00000
1617900279020626 1.00000 0.00051 0.00000 -0.05933 0.00051 -1.00000 0.00000 -0.00529 0.00000 -0.00000 -1.00000 -0.00000
1617900279271872 1.00000 -0.00208 0.00000 -0.07558 -0.00208 -1.00000 0.00000 0.01489 -0.00000 -0.00000 -1.00000 0.00000
1617900279521872 1.00000 -0.00304 -0.00000 -0.14329 -0.00304 -1.00000 0.00000 -0.02760 -0.00000 -0.00000 -1.00000 -0.00000
1617900279771253 0.99995 -0.01006 0.00000 -0.19098 -0.01006 -0.99995 0.00000 -0.08173 -0.00000 -0.00000 -1.00000 -0.00000
1617900280021258 0.99981 -0.01962 0.00000 -0.37346 -0.01962 -0.99981 0.00000 -0.02089 -0.00000 -0.00000 -1.00000 -0.00000
1617900280271270 0.99937 -0.03561 -0.00000 -0.63697 -0.03561 -0.99937 0.00000 -0.00440 -0.00000 -0.00000 -1.00000 -0.00000
1617900280520636 0.99831 -0.05807 0.00000 -1.01242 -0.05807 -0.99831 0.00000 -0.03991 -0.00000 -0.00000 -1.00000 -0.00000
1617900280770019 0.99692 -0.07836 0.00000 -1.32448 -0.07836 -0.99692 0.00000 -0.12281 -0.00000 -0.00000 -1.00000 -0.00000
1617900281020030 0.99507 -0.09916 0.00000 -1.78373 -0.09916 -0.99507 0.00000 -0.05007 -0.00000 -0.00000 -1.00000 -0.00000
1617900281270658 0.99227 -0.12413 0.00000 -2.32124 -0.12413 -0.99227 0.00000 -0.05689 -0.00000 -0.00000 -1.00000 -0.00000
1617900281520659 0.99181 -0.12770 -0.00000 -2.97408 -0.12770 -0.99181 0.00000 -0.03501 -0.00000 -0.00000 -1.00000 -0.00000
1617900281771291 0.99118 -0.13251 0.00000 -3.76141 -0.13251 -0.99118 0.00000 -0.04036 -0.00000 -0.00000 -1.00000 -0.00000
1617900282021918 0.98922 -0.14644 0.00000 -4.58349 -0.14644 -0.98922 0.00000 0.05309 -0.00000 -0.00000 -1.00000 0.00000
1617900282271919 0.98955 -0.14421 -0.00000 -5.40000 -0.14421 -0.98955 0.00000 -0.08452 -0.00000 -0.00000 -1.00000 -0.00000
1617900282521919 0.98982 -0.14232 0.00000 -6.37897 -0.14232 -0.98982 0.00000 0.02811 -0.00000 -0.00000 -1.00000 0.00000
1617900282771303 0.99084 -0.13501 0.00000 -7.31016 -0.13501 -0.99084 0.00000 -0.18102 -0.00000 -0.00000 -1.00000 -0.00000
1617900283021353 0.99106 -0.13340 0.00000 -8.37841 -0.13340 -0.99106 0.00000 -0.14388 -0.00000 -0.00000 -1.00000 -0.00000
1617900283271316 0.99167 -0.12884 0.00000 -9.45313 -0.12884 -0.99167 0.00000 -0.11042 -0.00000 -0.00000 -1.00000 -0.00000
1617900283520688 0.99082 -0.13516 0.00000 -10.56204 -0.13516 -0.99082 0.00000 -0.09249 -0.00000 -0.00000 -1.00000 -0.00000
1617900283770695 0.98916 -0.14686 0.00000 -11.74975 -0.14686 -0.98916 0.00000 0.01240 -0.00000 -0.00000 -1.00000 0.00000
1617900284020704 0.98745 -0.15792 0.00000 -12.98457 -0.15792 -0.98745 0.00000 0.09667 -0.00000 -0.00000 -1.00000 0.00000
1617900284270704 0.98748 -0.15772 0.00000 -14.26276 -0.15772 -0.98748 0.00000 -0.02005 -0.00000 -0.00000 -1.00000 -0.00000
1617900284521330 0.98764 -0.15673 0.00000 -15.62114 -0.15673 -0.98764 0.00000 0.08898 -0.00000 -0.00000 -1.00000 0.00000
1617900284771962 0.98823 -0.15296 0.00000 -17.05945 -0.15296 -0.98823 0.00000 0.03118 -0.00000 -0.00000 -1.00000 0.00000
1617900285022592 0.98989 -0.14183 -0.00000 -18.45351 -0.14183 -0.98989 0.00000 -0.19145 -0.00000 -0.00000 -1.00000 -0.00000
1617900285271970 0.99230 -0.12388 0.00000 -19.97247 -0.12388 -0.99230 0.00000 -0.65309 -0.00000 -0.00000 -1.00000 -0.00000
1617900285521976 0.99380 -0.11120 0.00000 -21.40840 -0.11120 -0.99380 0.00000 -0.89984 -0.00000 -0.00000 -1.00000 -0.00000
1617900285771977 0.99556 -0.09411 0.00000 -22.93929 -0.09411 -0.99556 0.00000 -1.30834 -0.00000 -0.00000 -1.00000 -0.00000
1617900286021991 0.99692 -0.07842 0.00000 -24.35388 -0.07842 -0.99692 0.00000 -1.66457 -0.00000 -0.00000 -1.00000 -0.00000
1617900286271363 0.99867 -0.05159 0.00000 -25.87399 -0.05159 -0.99867 0.00000 -2.24940 -0.00000 -0.00000 -1.00000 -0.00000
1617900286520742 0.99971 -0.02412 0.00000 -27.33614 -0.02412 -0.99971 0.00000 -2.99667 -0.00000 -0.00000 -1.00000 -0.00000
1617900286770742 0.99991 -0.01369 -0.00000 -28.81361 -0.01369 -0.99991 0.00000 -3.31479 -0.00000 -0.00000 -1.00000 -0.00000
1617900287020746 0.99998 -0.00583 0.00000 -30.27204 -0.00583 -0.99998 0.00000 -3.58947 -0.00000 -0.00000 -1.00000 -0.00000
1617900287270760 0.99999 -0.00334 0.00000 -31.77397 -0.00334 -0.99999 0.00000 -3.72016 -0.00000 -0.00000 -1.00000 -0.00000
1617900287521384 1.00000 -0.00201 0.00000 -33.25656 -0.00201 -1.00000 0.00000 -3.87098 -0.00000 -0.00000 -1.00000 -0.00000
1617900287772635 0.99990 -0.01392 0.00000 -35.03857 -0.01392 -0.99990 0.00000 -3.48400 -0.00000 -0.00000 -1.00000 -0.00000
1617900288022643 0.99981 -0.01968 0.00000 -36.70240 -0.01968 -0.99981 0.00000 -3.29816 -0.00000 -0.00000 -1.00000 -0.00000
1617900288272655 0.99967 -0.02553 0.00000 -38.31451 -0.02553 -0.99967 0.00000 -3.04570 -0.00000 -0.00000 -1.00000 -0.00000
1617900288522027 0.99987 -0.01599 0.00000 -40.06878 -0.01599 -0.99987 0.00000 -3.49450 -0.00000 -0.00000 -1.00000 -0.00000
1617900288772027 0.99990 -0.01411 0.00000 -41.82000 -0.01411 -0.99990 0.00000 -3.60014 -0.00000 -0.00000 -1.00000 -0.00000
1617900289022034 0.99995 -0.01019 0.00000 -43.36680 -0.01019 -0.99995 0.00000 -3.77066 -0.00000 -0.00000 -1.00000 -0.00000
1617900289272042 0.99991 -0.01362 -0.00000 -45.20967 -0.01362 -0.99991 0.00000 -3.57040 -0.00000 -0.00000 -1.00000 -0.00000
1617900289521419 0.99984 -0.01799 0.00000 -46.95855 -0.01799 -0.99984 0.00000 -3.41370 -0.00000 -0.00000 -1.00000 -0.00000
1617900289771424 0.99960 -0.02829 0.00000 -48.71439 -0.02829 -0.99960 0.00000 -2.93145 -0.00000 -0.00000 -1.00000 -0.00000
1617900290020802 0.99956 -0.02960 0.00000 -50.47882 -0.02960 -0.99956 0.00000 -2.98665 -0.00000 -0.00000 -1.00000 -0.00000
1617900290270802 0.99937 -0.03562 0.00000 -52.34646 -0.03562 -0.99937 0.00000 -2.51498 -0.00000 -0.00000 -1.00000 -0.00000
1617900290520807 0.99908 -0.04282 0.00000 -54.11894 -0.04282 -0.99908 0.00000 -2.21031 -0.00000 -0.00000 -1.00000 -0.00000
1617900290770814 0.99925 -0.03862 0.00000 -55.91604 -0.03862 -0.99925 0.00000 -2.49750 -0.00000 -0.00000 -1.00000 -0.00000
1617900291020826 0.99975 -0.02216 -0.00000 -57.70430 -0.02216 -0.99975 0.00000 -3.54891 -0.00000 -0.00000 -1.00000 -0.00000
1617900291272075 0.99987 -0.01611 0.00000 -59.54343 -0.01611 -0.99987 0.00000 -3.79080 -0.00000 -0.00000 -1.00000 -0.00000
1617900291522699 0.99999 -0.00322 0.00000 -61.40733 -0.00322 -0.99999 0.00000 -4.72746 -0.00000 -0.00000 -1.00000 -0.00000
1617900291772702 0.99998 0.00598 -0.00000 -63.25987 0.00598 -0.99998 0.00000 -5.32584 0.00000 -0.00000 -1.00000 -0.00000
1617900292022088 0.99983 0.01837 0.00000 -65.10884 0.01837 -0.99983 0.00000 -6.13685 0.00000 -0.00000 -1.00000 -0.00000
1617900292272087 0.99913 0.04165 -0.00000 -66.91390 0.04165 -0.99913 0.00000 -7.67711 0.00000 -0.00000 -1.00000 -0.00000
1617900292522094 0.99880 0.04905 0.00000 -68.84544 0.04905 -0.99880 0.00000 -8.03641 0.00000 -0.00000 -1.00000 -0.00000
1617900292771470 0.99841 0.05642 0.00000 -70.78943 0.05642 -0.99841 0.00000 -8.69662 0.00000 -0.00000 -1.00000 -0.00000
1617900293021475 0.99851 0.05464 -0.00000 -72.83967 0.05464 -0.99851 0.00000 -8.52745 0.00000 -0.00000 -1.00000 -0.00000
1617900293270859 0.99849 0.05501 0.00000 -74.88446 0.05501 -0.99849 0.00000 -8.51333 0.00000 -0.00000 -1.00000 -0.00000
1617900293520241 0.99878 0.04934 0.00000 -76.98128 0.04934 -0.99878 0.00000 -8.25776 0.00000 -0.00000 -1.00000 -0.00000
1617900293770865 0.99931 0.03719 0.00000 -79.08391 0.03719 -0.99931 0.00000 -7.31337 0.00000 -0.00000 -1.00000 -0.00000
1617900294020869 0.99981 0.01950 0.00000 -81.20291 0.01950 -0.99981 0.00000 -5.97166 0.00000 -0.00000 -1.00000 -0.00000
1617900294271498 1.00000 0.00237 0.00000 -83.37024 0.00237 -1.00000 0.00000 -4.57878 0.00000 -0.00000 -1.00000 -0.00000
1617900294522128 0.99968 -0.02523 0.00000 -85.47349 -0.02523 -0.99968 0.00000 -2.34561 -0.00000 -0.00000 -1.00000 -0.00000
1617900294772758 0.99804 -0.06261 0.00000 -87.56120 -0.06261 -0.99804 0.00000 0.92646 -0.00000 -0.00000 -1.00000 0.00000
1617900295022761 0.99389 -0.11042 -0.00000 -89.30442 -0.11042 -0.99389 0.00000 5.12065 -0.00000 -0.00000 -1.00000 0.00000
1617900295272769 0.98574 -0.16825 0.00000 -90.87765 -0.16825 -0.98574 0.00000 10.37832 -0.00000 -0.00000 -1.00000 0.00000
1617900295522768 0.97387 -0.22712 -0.00000 -92.09658 -0.22712 -0.97387 0.00000 15.74891 -0.00000 -0.00000 -1.00000 0.00000
1617900295772146 0.96101 -0.27650 0.00000 -93.03324 -0.27650 -0.96101 0.00000 20.52277 -0.00000 -0.00000 -1.00000 0.00000
1617900296021526 0.94554 -0.32550 0.00000 -93.80727 -0.32550 -0.94554 0.00000 25.21199 -0.00000 -0.00000 -1.00000 0.00000
1617900296271533 0.92296 -0.38489 0.00000 -94.03243 -0.38489 -0.92296 0.00000 31.09203 -0.00000 -0.00000 -1.00000 0.00000
1617900296520905 0.89720 -0.44162 0.00000 -93.85156 -0.44162 -0.89720 0.00000 36.72302 -0.00000 -0.00000 -1.00000 0.00000
1617900296770911 0.86726 -0.49786 0.00000 -93.25304 -0.49786 -0.86726 0.00000 42.75554 -0.00000 -0.00000 -1.00000 0.00000
1617900297020922 0.83333 -0.55278 -0.00000 -92.26423 -0.55278 -0.83333 0.00000 48.65762 -0.00000 -0.00000 -1.00000 0.00000
1617900297270927 0.79461 -0.60712 0.00000 -90.76797 -0.60712 -0.79461 0.00000 54.73692 -0.00000 -0.00000 -1.00000 0.00000
1617900297521548 0.75162 -0.65960 0.00000 -88.93499 -0.65960 -0.75162 0.00000 60.87405 -0.00000 -0.00000 -1.00000 0.00000
1617900297771554 0.70365 -0.71054 0.00000 -86.36541 -0.71054 -0.70365 0.00000 66.79054 -0.00000 -0.00000 -1.00000 0.00000
1617900298022186 0.64443 -0.76466 0.00000 -82.63791 -0.76466 -0.64443 0.00000 73.54693 -0.00000 -0.00000 -1.00000 0.00000
1617900298272191 0.58739 -0.80930 -0.00000 -79.07577 -0.80930 -0.58739 0.00000 79.25202 -0.00000 -0.00000 -1.00000 0.00000
1617900298522193 0.53100 -0.84737 0.00000 -75.43230 -0.84737 -0.53100 0.00000 84.57714 -0.00000 -0.00000 -1.00000 0.00000
1617900298770945 0.47811 -0.87830 -0.00000 -72.02104 -0.87830 -0.47811 0.00000 88.73628 -0.00000 -0.00000 -1.00000 0.00000
1617900299020961 0.43286 -0.90146 0.00000 -69.53260 -0.90146 -0.43286 0.00000 92.49298 -0.00000 -0.00000 -1.00000 0.00000
1617900299270335 0.40472 -0.91444 -0.00000 -68.74316 -0.91444 -0.40472 0.00000 94.45729 -0.00000 -0.00000 -1.00000 0.00000
1617900299520337 0.37501 -0.92702 0.00000 -67.80163 -0.92702 -0.37501 0.00000 96.66829 -0.00000 -0.00000 -1.00000 0.00000
1617900299770339 0.35012 -0.93671 0.00000 -67.29024 -0.93671 -0.35012 0.00000 98.46396 -0.00000 -0.00000 -1.00000 0.00000
1617900300020340 0.34578 -0.93832 -0.00000 -68.99771 -0.93832 -0.34578 0.00000 98.67181 -0.00000 -0.00000 -1.00000 0.00000
1617900300270982 0.34479 -0.93868 -0.00000 -71.18836 -0.93868 -0.34479 0.00000 98.69376 -0.00000 -0.00000 -1.00000 0.00000
1617900300521600 0.35200 -0.93600 0.00000 -74.04696 -0.93600 -0.35200 0.00000 97.99163 -0.00000 -0.00000 -1.00000 0.00000
1617900300772229 0.35853 -0.93352 0.00000 -77.01780 -0.93352 -0.35853 0.00000 97.63347 -0.00000 -0.00000 -1.00000 0.00000
1617900301021609 0.37053 -0.92882 0.00000 -80.40490 -0.92882 -0.37053 0.00000 96.20486 -0.00000 -0.00000 -1.00000 0.00000
1617900301271620 0.38613 -0.92245 0.00000 -84.31574 -0.92245 -0.38613 0.00000 94.98466 -0.00000 -0.00000 -1.00000 0.00000
1617900301521615 0.39649 -0.91804 0.00000 -87.70207 -0.91804 -0.39649 0.00000 94.02182 -0.00000 -0.00000 -1.00000 0.00000
1617900301770993 0.42331 -0.90598 0.00000 -92.59624 -0.90598 -0.42331 0.00000 91.35951 -0.00000 -0.00000 -1.00000 0.00000
1617900302020997 0.43936 -0.89831 0.00000 -96.43538 -0.89831 -0.43936 0.00000 89.75083 -0.00000 -0.00000 -1.00000 0.00000
1617900302271007 0.45760 -0.88916 -0.00000 -100.33022 -0.88916 -0.45760 0.00000 87.62351 -0.00000 -0.00000 -1.00000 0.00000
1617900302521008 0.47376 -0.88065 -0.00000 -104.08819 -0.88065 -0.47376 0.00000 85.67869 -0.00000 -0.00000 -1.00000 0.00000
1617900302772263 0.48167 -0.87635 0.00000 -107.08655 -0.87635 -0.48167 0.00000 84.75059 -0.00000 -0.00000 -1.00000 0.00000
1617900303022891 0.49614 -0.86824 0.00000 -110.44177 -0.86824 -0.49614 0.00000 82.86730 -0.00000 -0.00000 -1.00000 0.00000
1617900303272893 0.51086 -0.85967 -0.00000 -114.02946 -0.85967 -0.51086 0.00000 81.01812 -0.00000 -0.00000 -1.00000 0.00000
1617900303522902 0.52540 -0.85086 0.00000 -117.39331 -0.85086 -0.52540 0.00000 78.96802 -0.00000 -0.00000 -1.00000 0.00000
1617900303772906 0.52641 -0.85023 0.00000 -119.58789 -0.85023 -0.52641 0.00000 78.81619 -0.00000 -0.00000 -1.00000 0.00000
1617900304022908 0.52932 -0.84842 -0.00000 -121.93352 -0.84842 -0.52932 0.00000 78.43823 -0.00000 -0.00000 -1.00000 0.00000
1617900304272298 0.53302 -0.84610 0.00000 -124.20368 -0.84610 -0.53302 0.00000 77.86042 -0.00000 -0.00000 -1.00000 0.00000
1617900304522293 0.52840 -0.84899 0.00000 -125.76952 -0.84899 -0.52840 0.00000 78.55593 -0.00000 -0.00000 -1.00000 0.00000
1617900304772294 0.53183 -0.84685 -0.00000 -127.99353 -0.84685 -0.53183 0.00000 78.04073 -0.00000 -0.00000 -1.00000 0.00000
1617900305021689 0.54633 -0.83757 -0.00000 -131.01362 -0.83757 -0.54633 0.00000 75.70433 -0.00000 -0.00000 -1.00000 0.00000
1617900305271682 0.56923 -0.82218 0.00000 -135.00796 -0.82218 -0.56923 0.00000 72.10338 -0.00000 -0.00000 -1.00000 0.00000
1617900305521687 0.60216 -0.79838 0.00000 -139.58758 -0.79838 -0.60216 0.00000 66.60889 -0.00000 -0.00000 -1.00000 0.00000
1617900305771060 0.65695 -0.75394 0.00000 -145.56856 -0.75394 -0.65695 0.00000 56.53354 -0.00000 -0.00000 -1.00000 0.00000
1617900306021065 0.71519 -0.69893 0.00000 -151.34694 -0.69893 -0.71519 0.00000 44.56296 -0.00000 -0.00000 -1.00000 0.00000
1617900306271075 0.77862 -0.62749 0.00000 -156.48249 -0.62749 -0.77862 0.00000 29.86600 -0.00000 -0.00000 -1.00000 0.00000
1617900306521704 0.84206 -0.53939 0.00000 -160.30207 -0.53939 -0.84206 0.00000 12.74069 -0.00000 -0.00000 -1.00000 0.00000
1617900306772334 0.90364 -0.42829 -0.00000 -162.05754 -0.42829 -0.90364 0.00000 -7.66640 -0.00000 -0.00000 -1.00000 -0.00000
1617900307022968 0.95094 -0.30936 0.00000 -161.21933 -0.30936 -0.95094 0.00000 -28.32486 -0.00000 -0.00000 -1.00000 -0.00000
1617900307272345 0.98440 -0.17593 0.00000 -157.17684 -0.17593 -0.98440 0.00000 -50.32847 -0.00000 -0.00000 -1.00000 -0.00000
1617900307522346 0.99926 -0.03856 -0.00000 -150.01695 -0.03856 -0.99926 0.00000 -71.49743 -0.00000 -0.00000 -1.00000 -0.00000
1617900307772350 0.99358 0.11316 0.00000 -138.64365 0.11316 -0.99358 0.00000 -93.34295 0.00000 -0.00000 -1.00000 -0.00000
1617900308021728 0.96320 0.26878 0.00000 -123.36704 0.26878 -0.96320 0.00000 -113.99294 0.00000 -0.00000 -1.00000 -0.00000
1617900308271732 0.90625 0.42274 0.00000 -104.17239 0.42274 -0.90625 0.00000 -132.66622 0.00000 -0.00000 -1.00000 -0.00000
1617900308521111 0.81806 0.57514 0.00000 -80.40619 0.57514 -0.81806 0.00000 -148.92527 0.00000 -0.00000 -1.00000 -0.00000
1617900308771743 0.70508 0.70912 0.00000 -54.30469 0.70912 -0.70508 0.00000 -160.67257 0.00000 -0.00000 -1.00000 -0.00000
1617900309021744 0.54875 0.83599 0.00000 -22.10823 0.83599 -0.54875 0.00000 -168.27442 0.00000 -0.00000 -1.00000 -0.00000
1617900309272377 0.38715 0.92202 0.00000 7.78490 0.92202 -0.38715 0.00000 -169.47605 0.00000 -0.00000 -1.00000 -0.00000
1617900309523000 0.20273 0.97924 0.00000 39.25228 0.97924 -0.20273 0.00000 -164.69816 0.00000 -0.00000 -1.00000 -0.00000
1617900309773017 0.00814 0.99997 0.00000 69.51027 0.99997 -0.00814 0.00000 -153.93652 0.00000 -0.00000 -1.00000 -0.00000
1617900310023010 -0.18783 0.98220 0.00000 97.25911 0.98220 0.18783 0.00000 -137.32160 0.00000 0.00000 -1.00000 -0.00000
1617900310272389 -0.38210 0.92412 0.00000 121.80122 0.92412 0.38210 0.00000 -114.85591 0.00000 0.00000 -1.00000 -0.00000
1617900310522394 -0.54215 0.84028 0.00000 139.31119 0.84028 0.54215 0.00000 -91.05682 0.00000 0.00000 -1.00000 -0.00000
1617900310772399 -0.65764 0.75333 -0.00000 149.67004 0.75333 0.65764 0.00000 -70.04182 0.00000 0.00000 -1.00000 -0.00000
1617900311022408 -0.74916 0.66239 0.00000 156.19719 0.66239 0.74916 0.00000 -50.07047 0.00000 0.00000 -1.00000 -0.00000
1617900311271783 -0.81657 0.57725 0.00000 159.50387 0.57725 0.81657 0.00000 -32.90936 0.00000 0.00000 -1.00000 -0.00000
1617900311522408 -0.86647 0.49924 0.00000 160.47074 0.49924 0.86647 0.00000 -17.99855 0.00000 0.00000 -1.00000 -0.00000
1617900311771785 -0.90081 0.43422 0.00000 159.86055 0.43422 0.90081 0.00000 -6.17040 0.00000 0.00000 -1.00000 -0.00000
1617900312021790 -0.91700 0.39888 0.00000 158.53837 0.39888 0.91700 0.00000 0.03208 0.00000 0.00000 -1.00000 0.00000
1617900312271807 -0.92450 0.38118 0.00000 156.98576 0.38118 0.92450 0.00000 3.14173 0.00000 0.00000 -1.00000 0.00000
1617900312521805 -0.92448 0.38122 0.00000 155.39144 0.38122 0.92448 0.00000 3.17980 0.00000 0.00000 -1.00000 0.00000
1617900312771806 -0.91771 0.39726 0.00000 153.77005 0.39726 0.91771 0.00000 0.45907 0.00000 0.00000 -1.00000 0.00000
1617900313021184 -0.90279 0.43009 0.00000 152.13098 0.43009 0.90279 0.00000 -5.05539 0.00000 0.00000 -1.00000 -0.00000
1617900313271190 -0.88050 0.47404 0.00000 149.95171 0.47404 0.88050 0.00000 -12.53237 0.00000 0.00000 -1.00000 -0.00000
1617900313520566 -0.86254 0.50600 -0.00000 147.75726 0.50600 0.86254 0.00000 -18.20778 0.00000 0.00000 -1.00000 -0.00000
1617900313770575 -0.83312 0.55310 0.00000 144.64368 0.55310 0.83312 0.00000 -26.37166 0.00000 0.00000 -1.00000 -0.00000
1617900314021203 -0.80685 0.59075 0.00000 141.62281 0.59075 0.80685 0.00000 -33.06085 0.00000 0.00000 -1.00000 -0.00000
1617900314271831 -0.77668 0.62990 0.00000 137.94464 0.62990 0.77668 0.00000 -39.95446 0.00000 0.00000 -1.00000 -0.00000
1617900314522459 -0.74182 0.67060 0.00000 133.80749 0.67060 0.74182 0.00000 -47.37259 0.00000 0.00000 -1.00000 -0.00000
1617900314773091 -0.69918 0.71495 0.00000 128.60736 0.71495 0.69918 0.00000 -55.41136 0.00000 0.00000 -1.00000 -0.00000
1617900315022479 -0.66023 0.75106 0.00000 123.51725 0.75106 0.66023 0.00000 -62.29799 0.00000 0.00000 -1.00000 -0.00000
1617900315272478 -0.61491 0.78859 -0.00000 117.58484 0.78859 0.61491 0.00000 -69.33780 0.00000 0.00000 -1.00000 -0.00000
1617900315522480 -0.57061 0.82122 0.00000 111.58287 0.82122 0.57061 0.00000 -75.84560 0.00000 0.00000 -1.00000 -0.00000
1617900315771858 -0.52958 0.84826 0.00000 105.63234 0.84826 0.52958 0.00000 -81.11937 0.00000 0.00000 -1.00000 -0.00000
1617900316021238 -0.49593 0.86836 -0.00000 100.35977 0.86836 0.49593 0.00000 -85.33333 0.00000 0.00000 -1.00000 -0.00000
1617900316271241 -0.46520 0.88521 0.00000 95.19074 0.88521 0.46520 0.00000 -88.83833 0.00000 0.00000 -1.00000 -0.00000
1617900316521244 -0.43105 0.90233 0.00000 89.59895 0.90233 0.43105 0.00000 -92.44430 0.00000 0.00000 -1.00000 -0.00000
1617900316771871 -0.40258 0.91538 -0.00000 84.48358 0.91538 0.40258 0.00000 -95.10028 0.00000 0.00000 -1.00000 -0.00000
1617900317021877 -0.38393 0.92336 0.00000 80.41091 0.92336 0.38393 0.00000 -97.01674 0.00000 0.00000 -1.00000 -0.00000
1617900317272514 -0.36884 0.92949 0.00000 76.57015 0.92949 0.36884 0.00000 -98.29525 0.00000 0.00000 -1.00000 -0.00000
1617900317522507 -0.35287 0.93567 -0.00000 72.73886 0.93567 0.35287 0.00000 -99.72034 0.00000 0.00000 -1.00000 -0.00000
1617900317772512 -0.33895 0.94080 0.00000 68.97451 0.94080 0.33895 0.00000 -100.81110 0.00000 0.00000 -1.00000 -0.00000
1617900318021891 -0.33664 0.94163 0.00000 66.51516 0.94163 0.33664 0.00000 -100.91950 0.00000 0.00000 -1.00000 -0.00000
1617900318271275 -0.34435 0.93884 -0.00000 65.25171 0.93884 0.34435 0.00000 -100.55699 0.00000 0.00000 -1.00000 -0.00000
1617900318521900 -0.35905 0.93332 -0.00000 64.54880 0.93332 0.35905 0.00000 -99.35576 0.00000 0.00000 -1.00000 -0.00000
1617900318771281 -0.39969 0.91665 0.00000 66.65742 0.91665 0.39969 0.00000 -96.51088 0.00000 0.00000 -1.00000 -0.00000
1617900319021908 -0.43784 0.89905 -0.00000 68.56055 0.89905 0.43784 0.00000 -93.81496 0.00000 0.00000 -1.00000 -0.00000
1617900319272547 -0.48359 0.87529 -0.00000 71.07409 0.87529 0.48359 0.00000 -90.19891 0.00000 0.00000 -1.00000 -0.00000
1617900319523183 -0.53807 0.84290 0.00000 74.62427 0.84290 0.53807 0.00000 -85.65137 0.00000 0.00000 -1.00000 -0.00000
1617900319773799 -0.59542 0.80342 0.00000 78.30419 0.80342 0.59542 0.00000 -80.38522 0.00000 0.00000 -1.00000 -0.00000
1617900320023801 -0.65844 0.75263 0.00000 82.46923 0.75263 0.65844 0.00000 -73.88769 0.00000 0.00000 -1.00000 -0.00000
1617900320273813 -0.71743 0.69663 0.00000 86.16260 0.69663 0.71743 0.00000 -67.05607 0.00000 0.00000 -1.00000 -0.00000
1617900320523185 -0.76850 0.63985 0.00000 88.90909 0.63985 0.76850 0.00000 -60.33358 0.00000 0.00000 -1.00000 -0.00000
1617900320772566 -0.81489 0.57961 0.00000 91.31159 0.57961 0.81489 0.00000 -53.46553 0.00000 0.00000 -1.00000 -0.00000
1617900321022572 -0.85326 0.52149 0.00000 92.72801 0.52149 0.85326 0.00000 -46.94017 0.00000 0.00000 -1.00000 -0.00000
1617900321272581 -0.88523 0.46515 0.00000 93.62177 0.46515 0.88523 0.00000 -40.85069 0.00000 0.00000 -1.00000 -0.00000
1617900321521950 -0.91347 0.40691 -0.00000 94.17928 0.40691 0.91347 0.00000 -34.79823 0.00000 0.00000 -1.00000 -0.00000
1617900321771960 -0.93598 0.35206 0.00000 94.16275 0.35206 0.93598 0.00000 -29.19803 0.00000 0.00000 -1.00000 -0.00000
1617900322021965 -0.95570 0.29434 0.00000 93.85857 0.29434 0.95570 0.00000 -23.52321 0.00000 0.00000 -1.00000 -0.00000
1617900322271967 -0.97279 0.23169 -0.00000 93.24426 0.23169 0.97279 0.00000 -17.41306 0.00000 0.00000 -1.00000 -0.00000
1617900322521966 -0.98514 0.17175 0.00000 92.21096 0.17175 0.98514 0.00000 -11.69965 0.00000 0.00000 -1.00000 -0.00000
1617900322771351 -0.99282 0.11960 -0.00000 90.77820 0.11960 0.99282 0.00000 -6.82409 0.00000 0.00000 -1.00000 -0.00000
1617900323021400 -0.99736 0.07264 0.00000 88.95297 0.07264 0.99736 0.00000 -2.51272 0.00000 0.00000 -1.00000 -0.00000
1617900323271363 -0.99919 0.04014 0.00000 87.04091 0.04014 0.99919 0.00000 0.35605 0.00000 0.00000 -1.00000 0.00000
1617900323521981 -0.99977 0.02126 0.00000 85.07981 0.02126 0.99977 0.00000 2.12345 0.00000 0.00000 -1.00000 0.00000
1617900323772613 -1.00000 -0.00237 0.00000 83.05614 -0.00237 1.00000 0.00000 3.98619 -0.00000 0.00000 -1.00000 0.00000
1617900324023247 -0.99995 -0.00978 0.00000 80.98022 -0.00978 0.99995 0.00000 4.60676 -0.00000 0.00000 -1.00000 0.00000
1617900324273875 -0.99991 -0.01343 0.00000 78.97724 -0.01343 0.99991 0.00000 4.89851 -0.00000 0.00000 -1.00000 0.00000
1617900324523252 -0.99963 -0.02706 0.00000 76.92287 -0.02706 0.99963 0.00000 5.91913 -0.00000 0.00000 -1.00000 0.00000
1617900324773257 -0.99956 -0.02952 0.00000 74.82090 -0.02952 0.99956 0.00000 6.14263 -0.00000 0.00000 -1.00000 0.00000
1617900325022638 -0.99947 -0.03254 0.00000 72.95578 -0.03254 0.99947 0.00000 6.35183 -0.00000 0.00000 -1.00000 0.00000
1617900325272643 -0.99951 -0.03128 0.00000 70.78826 -0.03128 0.99951 0.00000 6.28793 -0.00000 0.00000 -1.00000 0.00000
1617900325522022 -0.99970 -0.02438 0.00000 68.77648 -0.02438 0.99970 0.00000 5.68998 -0.00000 0.00000 -1.00000 0.00000
1617900325771401 -0.99984 -0.01810 0.00000 66.71944 -0.01810 0.99984 0.00000 5.12307 -0.00000 0.00000 -1.00000 0.00000
1617900326021401 -0.99995 -0.01022 0.00000 64.61167 -0.01022 0.99995 0.00000 4.68675 -0.00000 0.00000 -1.00000 0.00000
1617900326271405 -0.99997 0.00740 0.00000 62.60596 0.00740 0.99997 0.00000 3.48812 0.00000 0.00000 -1.00000 0.00000
1617900326521439 -0.99983 0.01855 0.00000 60.53271 0.01855 0.99983 0.00000 2.69022 0.00000 0.00000 -1.00000 0.00000
1617900326772039 -0.99959 0.02851 0.00000 58.37746 0.02851 0.99959 0.00000 2.01106 0.00000 0.00000 -1.00000 0.00000
1617900327022671 -0.99941 0.03431 -0.00000 56.24643 0.03431 0.99941 0.00000 1.65559 0.00000 0.00000 -1.00000 0.00000
1617900327272680 -0.99935 0.03596 0.00000 54.10277 0.03596 0.99935 0.00000 1.63208 0.00000 0.00000 -1.00000 0.00000
1617900327522058 -0.99931 0.03701 -0.00000 51.91030 0.03701 0.99931 0.00000 1.58382 0.00000 0.00000 -1.00000 0.00000
1617900327772058 -0.99921 0.03975 0.00000 49.80316 0.03975 0.99921 0.00000 1.36254 0.00000 0.00000 -1.00000 0.00000
1617900328022064 -0.99897 0.04542 0.00000 47.60445 0.04542 0.99897 0.00000 0.99167 0.00000 0.00000 -1.00000 0.00000
1617900328271451 -0.99889 0.04716 -0.00000 45.51051 0.04716 0.99889 0.00000 0.67924 0.00000 0.00000 -1.00000 0.00000
1617900328521447 -0.99856 0.05363 0.00000 43.29235 0.05363 0.99856 0.00000 0.39264 0.00000 0.00000 -1.00000 0.00000
1617900328772075 -0.99876 0.04988 -0.00000 41.17195 0.04988 0.99876 0.00000 0.51154 0.00000 0.00000 -1.00000 0.00000
1617900329022706 -0.99865 0.05188 -0.00000 38.95637 0.05188 0.99865 0.00000 0.40553 0.00000 0.00000 -1.00000 0.00000
1617900329272090 -0.99876 0.04974 0.00000 36.80036 0.04974 0.99876 0.00000 0.50010 0.00000 0.00000 -1.00000 0.00000
1617900329522084 -0.99889 0.04712 0.00000 34.68857 0.04712 0.99889 0.00000 0.62756 0.00000 0.00000 -1.00000 0.00000
1617900329772089 -0.99879 0.04927 0.00000 32.45533 0.04927 0.99879 0.00000 0.38153 0.00000 0.00000 -1.00000 0.00000
1617900330021471 -0.99870 0.05098 0.00000 30.36773 0.05098 0.99870 0.00000 0.41801 0.00000 0.00000 -1.00000 0.00000
1617900330271476 -0.99843 0.05598 0.00000 28.18752 0.05598 0.99843 0.00000 0.37021 0.00000 0.00000 -1.00000 0.00000
1617900330521485 -0.99821 0.05981 0.00000 26.03243 0.05981 0.99821 0.00000 0.12043 0.00000 0.00000 -1.00000 0.00000
1617900330771482 -0.99818 0.06028 0.00000 23.87003 0.06028 0.99818 0.00000 -0.03032 0.00000 0.00000 -1.00000 -0.00000
1617900331022145 -0.99739 0.07215 0.00000 21.67599 0.07215 0.99739 0.00000 -0.28346 0.00000 0.00000 -1.00000 -0.00000
1617900331272123 -0.99750 0.07074 0.00000 19.56951 0.07074 0.99750 0.00000 -0.28878 0.00000 0.00000 -1.00000 -0.00000
1617900331522744 -0.99747 0.07114 0.00000 17.38901 0.07114 0.99747 0.00000 -0.27068 0.00000 0.00000 -1.00000 -0.00000
1617900331772754 -0.99657 0.08281 0.00000 15.16202 0.08281 0.99657 0.00000 -0.46576 0.00000 0.00000 -1.00000 -0.00000
1617900332022757 -0.99611 0.08809 0.00000 13.02724 0.08809 0.99611 0.00000 -0.60311 0.00000 0.00000 -1.00000 -0.00000
1617900332272136 -0.99642 0.08450 0.00000 10.83136 0.08450 0.99642 0.00000 -0.62194 0.00000 0.00000 -1.00000 -0.00000
1617900332522138 -0.99566 0.09310 0.00000 8.60469 0.09310 0.99566 0.00000 -0.66438 0.00000 0.00000 -1.00000 -0.00000
1617900332771519 -0.99540 0.09581 0.00000 6.37476 0.09581 0.99540 0.00000 -0.70704 0.00000 0.00000 -1.00000 -0.00000
1617900333020898 -0.99582 0.09139 0.00000 4.18633 0.09139 0.99582 0.00000 -0.77352 0.00000 0.00000 -1.00000 -0.00000
1617900333270903 -0.99551 0.09468 -0.00000 1.97825 0.09468 0.99551 0.00000 -0.82559 0.00000 0.00000 -1.00000 -0.00000
1617900333520904 -0.99614 0.08774 -0.00000 -0.21940 0.08774 0.99614 0.00000 -0.83154 0.00000 0.00000 -1.00000 -0.00000
1617900333771533 -0.99635 0.08531 0.00000 -2.40821 0.08531 0.99635 0.00000 -0.93211 0.00000 0.00000 -1.00000 -0.00000
1617900334022788 -0.99584 0.09110 0.00000 -4.66848 0.09110 0.99584 0.00000 -0.85165 0.00000 0.00000 -1.00000 -0.00000
1617900334272794 -0.99650 0.08357 0.00000 -6.93880 0.08357 0.99650 0.00000 -1.02684 0.00000 0.00000 -1.00000 -0.00000
1617900334523423 -0.99677 0.08026 0.00000 -9.00434 0.08026 0.99677 0.00000 -1.05477 0.00000 0.00000 -1.00000 -0.00000
1617900334772804 -0.99671 0.08102 -0.00000 -11.32016 0.08102 0.99671 0.00000 -1.08173 0.00000 0.00000 -1.00000 -0.00000
1617900335022181 -0.99730 0.07341 0.00000 -13.47024 0.07341 0.99730 0.00000 -1.08298 0.00000 0.00000 -1.00000 -0.00000
1617900335272188 -0.99695 0.07801 -0.00000 -15.65340 0.07801 0.99695 0.00000 -1.12393 0.00000 0.00000 -1.00000 -0.00000
1617900335521564 -0.99760 0.06927 0.00000 -17.95797 0.06927 0.99760 0.00000 -1.38308 0.00000 0.00000 -1.00000 -0.00000
1617900335770940 -0.99782 0.06592 0.00000 -20.15506 0.06592 0.99782 0.00000 -1.52428 0.00000 0.00000 -1.00000 -0.00000
1617900336020946 -0.99793 0.06433 0.00000 -22.43985 0.06433 0.99793 0.00000 -1.51091 0.00000 0.00000 -1.00000 -0.00000
1617900336271584 -0.99795 0.06406 0.00000 -24.61012 0.06406 0.99795 0.00000 -1.60226 0.00000 0.00000 -1.00000 -0.00000
1617900336522207 -0.99839 0.05675 0.00000 -26.87111 0.05675 0.99839 0.00000 -1.84371 0.00000 0.00000 -1.00000 -0.00000
1617900336772835 -0.99844 0.05578 0.00000 -28.99983 0.05578 0.99844 0.00000 -1.78430 0.00000 0.00000 -1.00000 -0.00000
1617900337022840 -0.99879 0.04922 -0.00000 -31.31303 0.04922 0.99879 0.00000 -1.97260 0.00000 0.00000 -1.00000 -0.00000
1617900337272222 -0.99927 0.03813 0.00000 -33.36890 0.03813 0.99927 0.00000 -2.39271 0.00000 0.00000 -1.00000 -0.00000
1617900337522227 -0.99926 0.03841 0.00000 -35.60518 0.03841 0.99926 0.00000 -2.40072 0.00000 0.00000 -1.00000 -0.00000
1617900337772224 -0.99947 0.03267 0.00000 -37.76252 0.03267 0.99947 0.00000 -2.57982 0.00000 0.00000 -1.00000 -0.00000
1617900338021600 -0.99965 0.02648 0.00000 -39.93944 0.02648 0.99965 0.00000 -2.90211 0.00000 0.00000 -1.00000 -0.00000
1617900338270982 -0.99979 0.02073 0.00000 -41.99177 0.02073 0.99979 0.00000 -3.23576 0.00000 0.00000 -1.00000 -0.00000
1617900338521620 -0.99969 0.02475 0.00000 -44.09162 0.02475 0.99969 0.00000 -3.04167 0.00000 0.00000 -1.00000 -0.00000
1617900338771620 -0.99990 0.01400 0.00000 -46.02943 0.01400 0.99990 0.00000 -3.59152 0.00000 0.00000 -1.00000 -0.00000
1617900339022284 -0.99972 0.02354 0.00000 -48.11920 0.02354 0.99972 0.00000 -3.14829 0.00000 0.00000 -1.00000 -0.00000
1617900339272255 -0.99992 0.01247 0.00000 -49.95681 0.01247 0.99992 0.00000 -3.68948 0.00000 0.00000 -1.00000 -0.00000
1617900339523507 -0.99983 0.01870 0.00000 -51.86852 0.01870 0.99983 0.00000 -3.36091 0.00000 0.00000 -1.00000 -0.00000
1617900339773514 -0.99987 0.01581 -0.00000 -53.58103 0.01581 0.99987 0.00000 -3.57001 0.00000 0.00000 -1.00000 -0.00000
1617900340023519 -0.99939 0.03498 0.00000 -55.34327 0.03498 0.99939 0.00000 -2.56913 0.00000 0.00000 -1.00000 -0.00000
1617900340272891 -0.99869 0.05123 0.00000 -56.92266 0.05123 0.99869 0.00000 -1.71364 0.00000 0.00000 -1.00000 -0.00000
1617900340522895 -0.99693 0.07827 0.00000 -58.46392 0.07827 0.99693 0.00000 -0.09753 0.00000 0.00000 -1.00000 -0.00000
1617900340772896 -0.99154 0.12977 0.00000 -59.77651 0.12977 0.99154 0.00000 2.81542 0.00000 0.00000 -1.00000 0.00000
1617900341022284 -0.98490 0.17311 0.00000 -60.84431 0.17311 0.98490 0.00000 5.45318 0.00000 0.00000 -1.00000 0.00000
1617900341272290 -0.96741 0.25322 0.00000 -61.45716 0.25322 0.96741 0.00000 10.34310 0.00000 0.00000 -1.00000 0.00000
1617900341521667 -0.94583 0.32466 -0.00000 -61.63981 0.32466 0.94583 0.00000 14.92936 0.00000 0.00000 -1.00000 0.00000
1617900341771668 -0.90495 0.42551 0.00000 -60.74373 0.42551 0.90495 0.00000 21.54175 0.00000 0.00000 -1.00000 0.00000
1617900342021672 -0.85231 0.52304 0.00000 -59.01287 0.52304 0.85231 0.00000 28.11570 0.00000 0.00000 -1.00000 0.00000
1617900342271680 -0.78555 0.61880 0.00000 -56.40315 0.61880 0.78555 0.00000 34.79282 0.00000 0.00000 -1.00000 0.00000
1617900342521687 -0.69818 0.71592 0.00000 -52.45552 0.71592 0.69818 0.00000 41.91661 0.00000 0.00000 -1.00000 0.00000
1617900342772314 -0.60393 0.79703 0.00000 -47.78153 0.79703 0.60393 0.00000 48.00566 0.00000 0.00000 -1.00000 0.00000
1617900343022315 -0.50763 0.86158 0.00000 -42.97578 0.86158 0.50763 0.00000 53.09099 0.00000 0.00000 -1.00000 0.00000
1617900343272325 -0.41391 0.91032 0.00000 -38.15139 0.91032 0.41391 0.00000 57.31055 0.00000 0.00000 -1.00000 0.00000
1617900343522329 -0.32151 0.94691 0.00000 -33.26396 0.94691 0.32151 0.00000 60.77301 0.00000 0.00000 -1.00000 0.00000
1617900343771703 -0.23966 0.97086 0.00000 -29.10456 0.97086 0.23966 0.00000 63.43645 0.00000 0.00000 -1.00000 0.00000
1617900344021080 -0.17160 0.98517 0.00000 -25.71872 0.98517 0.17160 0.00000 65.15409 0.00000 0.00000 -1.00000 0.00000
1617900344271095 -0.11712 0.99312 0.00000 -23.29322 0.99312 0.11712 0.00000 66.65512 0.00000 0.00000 -1.00000 0.00000
1617900344521092 -0.07261 0.99736 0.00000 -21.51441 0.99736 0.07261 0.00000 67.29914 0.00000 0.00000 -1.00000 0.00000
1617900344771720 -0.04650 0.99892 0.00000 -21.10199 0.99892 0.04650 0.00000 68.19784 0.00000 0.00000 -1.00000 0.00000
1617900345022349 -0.02127 0.99977 0.00000 -20.62059 0.99977 0.02127 0.00000 68.58289 0.00000 0.00000 -1.00000 0.00000
1617900345272356 -0.02072 0.99979 0.00000 -22.07981 0.99979 0.02072 0.00000 68.39634 0.00000 0.00000 -1.00000 0.00000
1617900345522357 -0.01698 0.99986 0.00000 -23.28175 0.99986 0.01698 0.00000 68.35293 0.00000 0.00000 -1.00000 0.00000
1617900345772361 -0.00916 0.99996 -0.00000 -24.25372 0.99996 0.00916 0.00000 68.53265 0.00000 0.00000 -1.00000 0.00000
1617900346022367 0.00105 1.00000 0.00000 -25.10280 1.00000 -0.00105 0.00000 68.77713 0.00000 -0.00000 -1.00000 0.00000
1617900346272371 0.01421 0.99990 0.00000 -25.81105 0.99990 -0.01421 0.00000 69.07365 0.00000 -0.00000 -1.00000 0.00000
1617900346521749 0.01070 0.99994 0.00000 -27.66621 0.99994 -0.01070 0.00000 68.94527 0.00000 -0.00000 -1.00000 0.00000
1617900346771754 0.03521 0.99938 0.00000 -27.63148 0.99938 -0.03521 0.00000 69.54160 0.00000 -0.00000 -1.00000 0.00000
1617900347021764 0.04438 0.99901 0.00000 -28.65829 0.99901 -0.04438 0.00000 70.06392 0.00000 -0.00000 -1.00000 0.00000
1617900347271770 0.05568 0.99845 0.00000 -29.63690 0.99845 -0.05568 0.00000 70.05789 0.00000 -0.00000 -1.00000 0.00000
1617900347521773 0.06453 0.99792 -0.00000 -30.77738 0.99792 -0.06453 0.00000 70.43534 0.00000 -0.00000 -1.00000 0.00000
1617900347773020 0.09404 0.99557 0.00000 -30.51722 0.99557 -0.09404 0.00000 71.13206 0.00000 -0.00000 -1.00000 0.00000
1617900348023642 0.11604 0.99324 0.00000 -30.73938 0.99324 -0.11604 0.00000 71.96626 0.00000 -0.00000 -1.00000 0.00000
1617900348273029 0.13952 0.99022 -0.00000 -30.90261 0.99022 -0.13952 0.00000 72.60314 0.00000 -0.00000 -1.00000 0.00000
1617900348523036 0.16068 0.98701 -0.00000 -31.19950 0.98701 -0.16068 0.00000 73.11982 0.00000 -0.00000 -1.00000 0.00000
1617900348772407 0.18007 0.98365 0.00000 -31.55009 0.98365 -0.18007 0.00000 73.76943 0.00000 -0.00000 -1.00000 0.00000
1617900349021785 0.18207 0.98329 0.00000 -33.29259 0.98329 -0.18207 0.00000 73.71543 0.00000 -0.00000 -1.00000 0.00000
1617900349271800 0.18976 0.98183 0.00000 -34.62117 0.98183 -0.18976 0.00000 73.99651 0.00000 -0.00000 -1.00000 0.00000
1617900349521174 0.17778 0.98407 0.00000 -37.41017 0.98407 -0.17778 0.00000 73.54552 0.00000 -0.00000 -1.00000 0.00000
1617900349771178 0.15788 0.98746 0.00000 -40.75873 0.98746 -0.15788 0.00000 72.69567 0.00000 -0.00000 -1.00000 0.00000
1617900350021805 0.13395 0.99099 0.00000 -44.43091 0.99099 -0.13395 0.00000 71.63595 0.00000 -0.00000 -1.00000 0.00000
1617900350273058 0.11836 0.99297 0.00000 -47.58839 0.99297 -0.11836 0.00000 71.00667 0.00000 -0.00000 -1.00000 0.00000
1617900350523063 0.09175 0.99578 0.00000 -51.37393 0.99578 -0.09175 0.00000 69.65647 0.00000 -0.00000 -1.00000 0.00000
1617900350773072 0.07133 0.99745 0.00000 -54.80091 0.99745 -0.07133 0.00000 68.47493 0.00000 -0.00000 -1.00000 0.00000
1617900351023075 0.05725 0.99836 0.00000 -57.69510 0.99836 -0.05725 0.00000 67.72112 0.00000 -0.00000 -1.00000 0.00000
1617900351272454 0.03967 0.99921 0.00000 -60.80831 0.99921 -0.03967 0.00000 66.59182 0.00000 -0.00000 -1.00000 0.00000
1617900351522459 0.03075 0.99953 0.00000 -63.35862 0.99953 -0.03075 0.00000 66.00331 0.00000 -0.00000 -1.00000 0.00000
1617900351772463 0.02333 0.99973 0.00000 -65.75109 0.99973 -0.02333 0.00000 65.45303 0.00000 -0.00000 -1.00000 0.00000
1617900352021840 0.02544 0.99968 0.00000 -67.49901 0.99968 -0.02544 0.00000 65.63088 0.00000 -0.00000 -1.00000 0.00000
1617900352271852 0.02734 0.99963 0.00000 -69.20904 0.99963 -0.02734 0.00000 65.76018 0.00000 -0.00000 -1.00000 0.00000
1617900352521850 0.03574 0.99936 -0.00000 -70.57701 0.99936 -0.03574 0.00000 66.27674 0.00000 -0.00000 -1.00000 0.00000
1617900352771850 0.04573 0.99895 0.00000 -71.60042 0.99895 -0.04573 0.00000 66.99876 0.00000 -0.00000 -1.00000 0.00000
1617900353022479 0.05758 0.99834 -0.00000 -72.69635 0.99834 -0.05758 0.00000 67.88362 0.00000 -0.00000 -1.00000 0.00000
1617900353272492 0.06185 0.99809 -0.00000 -74.11479 0.99809 -0.06185 0.00000 68.07543 0.00000 -0.00000 -1.00000 0.00000
1617900353522494 0.05903 0.99826 0.00000 -76.06850 0.99826 -0.05903 0.00000 67.84453 0.00000 -0.00000 -1.00000 0.00000
1617900353772495 0.04005 0.99920 -0.00000 -79.07709 0.99920 -0.04005 0.00000 66.27604 0.00000 -0.00000 -1.00000 0.00000
1617900354021868 -0.00896 0.99996 0.00000 -83.88610 0.99996 0.00896 0.00000 62.38575 0.00000 0.00000 -1.00000 0.00000
1617900354271878 -0.05842 0.99829 0.00000 -88.56549 0.99829 0.05842 0.00000 58.05300 0.00000 0.00000 -1.00000 0.00000
