1. 0. 0. 0. 0. -1. -0. 0. 0. 0. -1. 0.
1. 0.001 0. -0.015 0.001 -1. -0. -0.021 0. 0. -1. 0.
1. -0.001 -0. 0.004 -0.001 -1. -0. 0.002 0. 0. -1. 0.
1. -0.001 -0. -0.004 -0.001 -1. -0. -0.013 0. 0. -1. 0.
1. -0.001 -0. -0.003 -0.001 -1. -0. -0.008 0. 0. -1. 0.
1. -0.001 -0. 0.010 -0.001 -1. -0. 0.000 0. 0. -1. 0.
1. -0.007 -0. -0.002 -0.007 -1. -0. -0.004 0. 0. -1. 0.
1. -0.005 -0. -0.034 -0.005 -1. -0. -0.016 0. 0. -1. 0.
1. 0.001 0. -0.013 0.001 -1. -0. -0.021 0. 0. -1. 0.
1. -0.008 -0. 0.005 -0.008 -1. -0. 0.000 0. 0. -1. 0.
1. -0.004 -0. -0.049 -0.004 -1. -0. -0.123 0. 0. -1. 0.
1. 0.002 0. 0.024 0.002 -1. -0. -0.015 0. 0. -1. 0.
1. -0.003 -0. -0.003 -0.003 -1. -0. -0.027 0. 0. -1. 0.
1. -0.004 -0. -0.013 -0.004 -1. -0. -0.010 0. 0. -1. 0.
1. -0.005 -0. -0.000 -0.005 -1. -0. -0.011 0. 0. -1. 0.
1. -0.007 -0. -0.025 -0.007 -1. -0. -0.004 0. 0. -1. 0.
1. -0.005 -0. -0.012 -0.005 -1. -0. -0.012 0. 0. -1. 0.
1. -0.003 -0. -0.007 -0.003 -1. -0. -0.002 0. 0. -1. 0.
1. 0.001 0. -0.014 0.001 -1. -0. -0.026 0. 0. -1. 0.
1. 0.001 0. 0.006 0.001 -1. -0. 0.002 0. 0. -1. 0.
1. 0.000 0. -0.005 0.000 -1. -0. -0.011 0. 0. -1. 0.
1. 0.001 0. -0.018 0.001 -1. -0. -0.028 0. 0. -1. 0.
1. -0.005 -0. -0.025 -0.005 -1. -0. -0.097 0. 0. -1. 0.
1. 0.001 0. -0.011 0.001 -1. -0. -0.008 0. 0. -1. 0.
1. 0.002 0. 0.001 0.002 -1. -0. 0.004 0. 0. -1. 0.
1. 0.002 0. -0.016 0.002 -1. -0. -0.041 0. 0. -1. 0.
1. 0.002 0. -0.011 0.002 -1. -0. -0.022 0. 0. -1. 0.
1. 0.002 0. -0.010 0.002 -1. -0. -0.030 0. 0. -1. 0.
1. 0.001 0. 0.001 0.001 -1. -0. -0.010 0. 0. -1. 0.
1. -0.005 -0. 0.009 -0.005 -1. -0. 0.010 0. 0. -1. 0.
1. -0.006 -0. -0.029 -0.006 -1. -0. -0.105 0. 0. -1. 0.
1. -0.002 -0. 0.007 -0.002 -1. -0. -0.072 0. 0. -1. 0.
1. -0.009 -0. -0.009 -0.009 -1. -0. -0.020 0. 0. -1. 0.
1. 0.002 0. -0.010 0.002 -1. -0. -0.048 0. 0. -1. 0.
1. 0.004 0. 0.009 0.004 -1. -0. 0.018 0. 0. -1. 0.
1. -0.003 -0. -0.022 -0.003 -1. -0. -0.014 0. 0. -1. 0.
1. -0.002 -0. -0.020 -0.002 -1. -0. -0.053 0. 0. -1. 0.
1. -0.008 -0. -0.020 -0.008 -1. -0. -0.005 0. 0. -1. 0.
1. -0.005 -0. -0.025 -0.005 -1. -0. -0.002 0. 0. -1. 0.
1. 0.001 0. -0.013 0.001 -1. -0. -0.028 0. 0. -1. 0.
1. 0.001 0. 0.004 0.001 -1. -0. -0.036 0. 0. -1. 0.
1. 0.001 0. -0.006 0.001 -1. -0. -0.013 0. 0. -1. 0.
1. 0.000 0. -0.023 0.000 -1. -0. -0.036 0. 0. -1. 0.
1. -0.008 -0. -0.030 -0.008 -1. -0. -0.013 0. 0. -1. 0.
1. -0.005 -0. -0.031 -0.005 -1. -0. -0.101 0. 0. -1. 0.
1. -0.006 -0. -0.025 -0.006 -1. -0. -0.004 0. 0. -1. 0.
1. -0.005 -0. -0.015 -0.005 -1. -0. -0.005 0. 0. -1. 0.
1. -0.005 -0. 0.006 -0.005 -1. -0. -0.005 0. 0. -1. 0.
1. -0.004 -0. -0.015 -0.004 -1. -0. -0.005 0. 0. -1. 0.
1. -0.000 -0. -0.007 -0.000 -1. -0. -0.015 0. 0. -1. 0.
1. -0.004 -0. 0.010 -0.004 -1. -0. 0.002 0. 0. -1. 0.
1. -0.010 -0. -0.013 -0.010 -1. -0. -0.018 0. 0. -1. 0.
1. -0.001 -0. -0.019 -0.001 -1. -0. -0.054 0. 0. -1. 0.
1. 0.004 0. -0.011 0.004 -1. -0. -0.009 0. 0. -1. 0.
1. -0.004 -0. -0.038 -0.004 -1. -0. -0.016 0. 0. -1. 0.
1. -0.002 -0. -0.034 -0.002 -1. -0. -0.012 0. 0. -1. 0.
1. 0.004 0. -0.018 0.004 -1. -0. -0.018 0. 0. -1. 0.
1.000 0.017 0. 0.057 0.017 -1.000 -0. -0.001 0. 0. -1. 0.
0.999 0.035 0. 0.146 0.035 -0.999 -0. 0.009 0. 0. -1. 0.
0.997 0.075 0. 0.269 0.075 -0.997 -0. 0.020 0. 0. -1. 0.
0.993 0.114 0. 0.454 0.114 -0.993 -0. 0.102 0. 0. -1. 0.
0.985 0.170 0. 0.624 0.170 -0.985 -0. 0.159 0. 0. -1. 0.
0.973 0.230 0. 1.029 0.230 -0.973 -0. 0.289 0. 0. -1. 0.
0.958 0.287 0. 1.399 0.287 -0.958 -0. 0.370 0. 0. -1. 0.
0.951 0.310 0. 1.793 0.310 -0.951 -0. 0.552 0. 0. -1. 0.
0.943 0.333 0. 2.222 0.333 -0.943 -0. 0.593 0. 0. -1. 0.
0.942 0.336 0. 2.753 0.336 -0.942 -0. 0.836 0. 0. -1. 0.
0.947 0.321 0. 3.319 0.321 -0.947 -0. 0.989 0. 0. -1. 0.
0.957 0.289 0. 3.872 0.289 -0.957 -0. 1.236 0. 0. -1. 0.
0.968 0.251 0. 4.519 0.251 -0.968 -0. 1.301 0. 0. -1. 0.
0.977 0.213 0. 5.310 0.213 -0.977 -0. 1.413 0. 0. -1. 0.
0.986 0.169 0. 6.071 0.169 -0.986 -0. 1.549 0. 0. -1. 0.
0.992 0.130 0. 6.893 0.130 -0.992 -0. 1.666 0. 0. -1. 0.
0.996 0.085 0. 7.850 0.085 -0.996 -0. 1.657 0. 0. -1. 0.
0.999 0.043 0. 8.802 0.043 -0.999 -0. 1.722 0. 0. -1. 0.
1. 0.007 0. 9.856 0.007 -1. -0. 1.763 0. 0. -1. 0.
1. -0.014 -0. 10.913 -0.014 -1. -0. 1.643 0. 0. -1. 0.
0.999 -0.040 -0. 12.111 -0.040 -0.999 -0. 1.717 0. 0. -1. 0.
0.999 -0.050 -0. 13.316 -0.050 -0.999 -0. 1.416 0. 0. -1. 0.
0.998 -0.061 -0. 14.609 -0.061 -0.998 -0. 1.442 0. 0. -1. 0.
0.998 -0.058 -0. 15.844 -0.058 -0.998 -0. 1.314 0. 0. -1. 0.
0.998 -0.055 -0. 17.293 -0.055 -0.998 -0. 1.245 0. 0. -1. 0.
0.998 -0.056 -0. 18.758 -0.056 -0.998 -0. 1.185 0. 0. -1. 0.
0.998 -0.055 -0. 20.271 -0.055 -0.998 -0. 1.068 0. 0. -1. 0.
0.999 -0.052 -0. 21.926 -0.052 -0.999 -0. 0.891 0. 0. -1. 0.
0.999 -0.042 -0. 23.582 -0.042 -0.999 -0. 0.723 0. 0. -1. 0.
0.999 -0.042 -0. 25.259 -0.042 -0.999 -0. 0.691 0. 0. -1. 0.
0.999 -0.033 -0. 27.057 -0.033 -0.999 -0. 0.525 0. 0. -1. 0.
1.000 -0.028 -0. 28.744 -0.028 -1.000 -0. 0.488 0. 0. -1. 0.
1.000 -0.026 -0. 30.387 -0.026 -1.000 -0. 0.465 0. 0. -1. 0.
1.000 -0.017 -0. 32.208 -0.017 -1.000 -0. 0.406 0. 0. -1. 0.
1. -0.013 -0. 33.979 -0.013 -1. -0. 0.299 0. 0. -1. 0.
1. 0. 0. 35.827 0. -1. -0. 0.376 0. 0. -1. 0.
1. 0.014 0. 37.690 0.014 -1. -0. 0.290 0. 0. -1. 0.
1.000 0.016 0. 39.575 0.016 -1.000 -0. 0.292 0. 0. -1. 0.
1. 0.012 0. 41.344 0.012 -1. -0. 0.334 0. 0. -1. 0.
1. 0.011 0. 43.289 0.011 -1. -0. 0.312 0. 0. -1. 0.
1. 0.009 0. 45.247 0.009 -1. -0. 0.198 0. 0. -1. 0.
1. 0.002 0. 47.138 0.002 -1. -0. 0.379 0. 0. -1. 0.
1. 0.002 0. 49.173 0.002 -1. -0. 0.307 0. 0. -1. 0.
1. 0.008 0. 51.191 0.008 -1. -0. 0.188 0. 0. -1. 0.
1. 0.005 0. 53.275 0.005 -1. -0. 0.094 0. 0. -1. 0.
1. 0.009 0. 55.358 0.009 -1. -0. 0.013 0. 0. -1. 0.
1. 0.013 0. 57.461 0.013 -1. -0. 0.042 0. 0. -1. 0.
1. 0.005 0. 59.535 0.005 -1. -0. 0.106 0. 0. -1. 0.
1. 0.008 0. 61.580 0.008 -1. -0. 0.176 0. 0. -1. 0.
1. 0.001 0. 63.560 0.001 -1. -0. 0.174 0. 0. -1. 0.
1. -0.005 -0. 65.619 -0.005 -1. -0. 0.134 0. 0. -1. 0.
1.000 -0.015 -0. 67.680 -0.015 -1.000 -0. 0.182 0. 0. -1. 0.
1.000 -0.020 -0. 69.724 -0.020 -1.000 -0. 0.149 0. 0. -1. 0.
0.999 -0.035 -0. 71.772 -0.035 -0.999 -0. 0.040 0. 0. -1. 0.
0.999 -0.046 -0. 73.777 -0.046 -0.999 -0. -0.111 0. 0. -1. 0.
0.998 -0.064 -0. 75.862 -0.064 -0.998 -0. -0.342 0. 0. -1. 0.
0.996 -0.093 -0. 77.915 -0.093 -0.996 -0. -0.557 0. 0. -1. 0.
0.993 -0.122 -0. 79.904 -0.122 -0.993 -0. -0.795 0. 0. -1. 0.
0.986 -0.168 -0. 81.880 -0.168 -0.986 -0. -1.011 0. 0. -1. 0.
0.973 -0.229 -0. 83.872 -0.229 -0.973 -0. -1.438 0. 0. -1. 0.
0.960 -0.279 -0. 85.628 -0.279 -0.960 -0. -1.943 0. 0. -1. 0.
0.942 -0.336 -0. 87.496 -0.336 -0.942 -0. -2.610 0. 0. -1. 0.
0.922 -0.388 -0. 89.395 -0.388 -0.922 -0. -3.501 0. 0. -1. 0.
0.897 -0.442 -0. 91.269 -0.442 -0.897 -0. -4.271 0. 0. -1. 0.
0.874 -0.487 -0. 92.859 -0.487 -0.874 -0. -5.266 0. 0. -1. 0.
0.839 -0.544 -0. 94.602 -0.544 -0.839 -0. -6.333 0. 0. -1. 0.
0.799 -0.602 -0. 96.173 -0.602 -0.799 -0. -7.597 0. 0. -1. 0.
0.753 -0.658 -0. 97.718 -0.658 -0.753 -0. -8.878 0. 0. -1. 0.
0.703 -0.712 -0. 99.125 -0.712 -0.703 -0. -10.328 0. 0. -1. 0.
0.649 -0.761 -0. 100.393 -0.761 -0.649 -0. -11.760 0. 0. -1. 0.
0.589 -0.808 -0. 101.654 -0.808 -0.589 -0. -13.348 0. 0. -1. 0.
0.528 -0.850 -0. 102.682 -0.850 -0.528 -0. -15.030 0. 0. -1. 0.
0.465 -0.885 -0. 103.543 -0.885 -0.465 -0. -16.727 0. 0. -1. 0.
0.413 -0.911 -0. 104.280 -0.911 -0.413 -0. -18.605 0. 0. -1. 0.
0.369 -0.929 -0. 104.703 -0.929 -0.369 -0. -20.529 0. 0. -1. 0.
0.344 -0.939 -0. 105.387 -0.939 -0.344 -0. -22.335 0. 0. -1. 0.
0.322 -0.947 -0. 106.198 -0.947 -0.322 -0. -24.036 0. 0. -1. 0.
0.323 -0.946 -0. 106.596 -0.946 -0.323 -0. -25.928 0. 0. -1. 0.
0.315 -0.949 -0. 107.410 -0.949 -0.315 -0. -27.748 0. 0. -1. 0.
0.313 -0.950 -0. 108.119 -0.950 -0.313 -0. -29.549 0. 0. -1. 0.
0.321 -0.947 -0. 108.310 -0.947 -0.321 -0. -31.491 0. 0. -1. 0.
0.329 -0.944 -0. 108.937 -0.944 -0.329 -0. -33.314 0. 0. -1. 0.
0.335 -0.942 -0. 109.810 -0.942 -0.335 -0. -35.150 0. 0. -1. 0.
0.356 -0.935 -0. 110.263 -0.935 -0.356 -0. -36.985 0. 0. -1. 0.
0.379 -0.926 -0. 111.079 -0.926 -0.379 -0. -38.843 0. 0. -1. 0.
0.399 -0.917 -0. 111.917 -0.917 -0.399 -0. -40.619 0. 0. -1. 0.
0.422 -0.907 -0. 112.576 -0.907 -0.422 -0. -42.410 0. 0. -1. 0.
0.445 -0.896 -0. 113.514 -0.896 -0.445 -0. -44.105 0. 0. -1. 0.
0.472 -0.881 -0. 114.319 -0.881 -0.472 -0. -45.804 0. 0. -1. 0.
0.500 -0.866 -0. 115.251 -0.866 -0.500 -0. -47.500 0. 0. -1. 0.
0.522 -0.853 -0. 116.338 -0.853 -0.522 -0. -49.253 0. 0. -1. 0.
0.542 -0.841 -0. 117.271 -0.841 -0.542 -0. -50.840 0. 0. -1. 0.
0.558 -0.830 -0. 118.345 -0.830 -0.558 -0. -52.520 0. 0. -1. 0.
0.577 -0.817 -0. 119.489 -0.817 -0.577 -0. -54.140 0. 0. -1. 0.
0.590 -0.807 -0. 120.463 -0.807 -0.590 -0. -55.719 0. 0. -1. 0.
0.603 -0.797 -0. 121.774 -0.797 -0.603 -0. -57.402 0. 0. -1. 0.
0.613 -0.790 -0. 123.057 -0.790 -0.613 -0. -59.018 0. 0. -1. 0.
0.630 -0.776 -0. 124.212 -0.776 -0.630 -0. -60.544 0. 0. -1. 0.
0.644 -0.765 -0. 125.585 -0.765 -0.644 -0. -62.151 0. 0. -1. 0.
0.659 -0.752 -0. 126.780 -0.752 -0.659 -0. -63.812 0. 0. -1. 0.
0.668 -0.744 -0. 128.251 -0.744 -0.668 -0. -65.288 0. 0. -1. 0.
0.680 -0.734 -0. 129.614 -0.734 -0.680 -0. -66.787 0. 0. -1. 0.
0.692 -0.722 -0. 130.993 -0.722 -0.692 -0. -68.247 0. 0. -1. 0.
0.706 -0.708 -0. 132.434 -0.708 -0.706 -0. -69.779 0. 0. -1. 0.
0.723 -0.691 -0. 133.826 -0.691 -0.723 -0. -71.247 0. 0. -1. 0.
0.735 -0.678 -0. 135.255 -0.678 -0.735 -0. -72.638 0. 0. -1. 0.
0.743 -0.670 -0. 136.765 -0.670 -0.743 -0. -73.888 0. 0. -1. 0.
0.752 -0.660 -0. 138.175 -0.660 -0.752 -0. -75.256 0. 0. -1. 0.
0.770 -0.637 -0. 139.632 -0.637 -0.770 -0. -76.368 0. 0. -1. 0.
0.801 -0.598 -0. 141.006 -0.598 -0.801 -0. -77.590 0. 0. -1. 0.
0.833 -0.553 -0. 142.539 -0.553 -0.833 -0. -78.656 0. 0. -1. 0.
0.877 -0.480 -0. 143.971 -0.480 -0.877 -0. -79.569 0. 0. -1. 0.
0.920 -0.391 -0. 145.533 -0.391 -0.920 -0. -80.150 0. 0. -1. 0.
0.958 -0.286 -0. 147.032 -0.286 -0.958 -0. -80.694 0. 0. -1. 0.
0.987 -0.158 -0. 148.465 -0.158 -0.987 -0. -81.009 0. 0. -1. 0.
1.000 -0.029 -0. 149.973 -0.029 -1.000 -0. -80.925 0. 0. -1. 0.
0.993 0.121 0. 151.416 0.121 -0.993 -0. -80.814 0. 0. -1. 0.
0.962 0.273 0. 152.573 0.273 -0.962 -0. -80.449 0. 0. -1. 0.
0.910 0.416 0. 153.715 0.416 -0.910 -0. -79.914 0. 0. -1. 0.
0.830 0.558 0. 154.726 0.558 -0.830 -0. -79.260 0. 0. -1. 0.
0.728 0.686 0. 155.674 0.686 -0.728 -0. -78.488 0. 0. -1. 0.
0.598 0.802 0. 156.244 0.802 -0.598 -0. -77.539 0. 0. -1. 0.
0.448 0.894 0. 156.749 0.894 -0.448 -0. -76.563 0. 0. -1. 0.
0.286 0.958 0. 157.011 0.958 -0.286 -0. -75.452 0. 0. -1. 0.
0.099 0.995 0. 157.030 0.995 -0.099 -0. -74.290 0. 0. -1. 0.
-0.086 0.996 0. 156.875 0.996 0.086 0. -73.129 0. 0. -1. 0.
-0.264 0.965 0. 156.618 0.965 0.264 0. -72.023 0. 0. -1. 0.
-0.435 0.900 0. 155.960 0.900 0.435 0. -70.845 0. 0. -1. 0.
-0.572 0.820 0. 155.210 0.820 0.572 0. -69.820 0. 0. -1. 0.
-0.680 0.733 0. 154.262 0.733 0.680 0. -68.805 0. 0. -1. 0.
-0.761 0.649 0. 153.197 0.649 0.761 0. -67.856 0. 0. -1. 0.
-0.816 0.579 0. 151.916 0.579 0.816 0. -67.065 0. 0. -1. 0.
-0.842 0.539 0. 150.693 0.539 0.842 0. -66.252 0. 0. -1. 0.
-0.867 0.498 0. 149.543 0.498 0.867 0. -65.421 0. 0. -1. 0.
-0.887 0.462 0. 148.060 0.462 0.887 0. -64.692 0. 0. -1. 0.
-0.907 0.421 0. 146.654 0.421 0.907 0. -63.910 0. 0. -1. 0.
-0.925 0.380 0. 145.011 0.380 0.925 0. -63.238 0. 0. -1. 0.
-0.939 0.344 0. 143.462 0.344 0.939 0. -62.583 0. 0. -1. 0.
-0.948 0.318 0. 141.824 0.318 0.948 0. -61.985 0. 0. -1. 0.
-0.954 0.298 0. 140.032 0.298 0.954 0. -61.484 0. 0. -1. 0.
-0.956 0.293 0. 138.390 0.293 0.956 0. -60.791 0. 0. -1. 0.
-0.961 0.276 0. 136.635 0.276 0.961 0. -60.427 0. 0. -1. 0.
-0.960 0.281 0. 134.921 0.281 0.960 0. -59.732 0. 0. -1. 0.
-0.960 0.280 0. 133.215 0.280 0.960 0. -59.249 0. 0. -1. 0.
-0.956 0.293 0. 131.524 0.293 0.956 0. -58.756 0. 0. -1. 0.
-0.950 0.312 0. 129.787 0.312 0.950 0. -58.050 0. 0. -1. 0.
-0.938 0.346 0. 128.241 0.346 0.938 0. -57.637 0. 0. -1. 0.
-0.917 0.399 0. 126.679 0.399 0.917 0. -56.963 0. 0. -1. 0.
-0.887 0.461 0. 125.161 0.461 0.887 0. -56.022 0. 0. -1. 0.
-0.851 0.526 0. 123.804 0.526 0.851 0. -55.252 0. 0. -1. 0.
-0.815 0.580 0. 122.481 0.580 0.815 0. -54.158 0. 0. -1. 0.
-0.766 0.643 0. 121.098 0.643 0.766 0. -53.068 0. 0. -1. 0.
-0.717 0.697 0. 119.944 0.697 0.717 0. -51.832 0. 0. -1. 0.
-0.660 0.751 0. 118.636 0.751 0.660 0. -50.472 0. 0. -1. 0.
-0.603 0.797 0. 117.794 0.797 0.603 0. -48.969 0. 0. -1. 0.
-0.554 0.833 0. 116.651 0.833 0.554 0. -47.479 0. 0. -1. 0.
-0.512 0.859 0. 115.881 0.859 0.512 0. -45.862 0. 0. -1. 0.
-0.485 0.875 0. 114.971 0.875 0.485 0. -44.280 0. 0. -1. 0.
-0.457 0.889 0. 114.065 0.889 0.457 0. -42.650 0. 0. -1. 0.
-0.432 0.902 0. 113.335 0.902 0.432 0. -40.854 0. 0. -1. 0.
-0.399 0.917 0. 112.625 0.917 0.399 0. -39.184 0. 0. -1. 0.
-0.367 0.930 0. 112.012 0.930 0.367 0. -37.433 0. 0. -1. 0.
-0.346 0.938 0. 111.327 0.938 0.346 0. -35.561 0. 0. -1. 0.
-0.326 0.945 0. 110.809 0.945 0.326 0. -33.777 0. 0. -1. 0.
-0.310 0.951 0. 110.104 0.951 0.310 0. -31.922 0. 0. -1. 0.
-0.303 0.953 0. 109.495 0.953 0.303 0. -30.088 0. 0. -1. 0.
-0.302 0.953 0. 109.029 0.953 0.302 0. -28.200 0. 0. -1. 0.
-0.313 0.950 0. 108.368 0.950 0.313 0. -26.347 0. 0. -1. 0.
-0.327 0.945 0. 107.972 0.945 0.327 0. -24.466 0. 0. -1. 0.
-0.340 0.940 0. 107.253 0.940 0.340 0. -22.625 0. 0. -1. 0.
-0.371 0.929 0. 106.733 0.929 0.371 0. -20.798 0. 0. -1. 0.
-0.397 0.918 0. 105.923 0.918 0.397 0. -19.068 0. 0. -1. 0.
-0.444 0.896 0. 105.335 0.896 0.444 0. -17.309 0. 0. -1. 0.
-0.487 0.873 0. 104.293 0.873 0.487 0. -15.723 0. 0. -1. 0.
-0.546 0.838 0. 103.379 0.838 0.546 0. -14.207 0. 0. -1. 0.
-0.606 0.796 0. 102.312 0.796 0.606 0. -12.645 0. 0. -1. 0.
-0.662 0.750 0. 101.196 0.750 0.662 0. -11.111 0. 0. -1. 0.
-0.708 0.706 0. 99.959 0.706 0.708 0. -9.907 0. 0. -1. 0.
-0.748 0.663 0. 98.604 0.663 0.748 0. -8.643 0. 0. -1. 0.
-0.789 0.614 0. 97.222 0.614 0.789 0. -7.534 0. 0. -1. 0.
-0.814 0.580 0. 95.634 0.580 0.814 0. -6.395 0. 0. -1. 0.
-0.838 0.546 0. 94.139 0.546 0.838 0. -5.409 0. 0. -1. 0.
-0.859 0.512 0. 92.768 0.512 0.859 0. -4.358 0. 0. -1. 0.
-0.888 0.459 0. 91.054 0.459 0.888 0. -3.601 0. 0. -1. 0.
-0.919 0.394 0. 89.505 0.394 0.919 0. -2.694 0. 0. -1. 0.
-0.940 0.342 0. 87.580 0.342 0.940 0. -2.035 0. 0. -1. 0.
-0.954 0.299 0. 85.876 0.299 0.954 0. -1.556 0. 0. -1. 0.
-0.969 0.247 0. 84.015 0.247 0.969 0. -1.043 0. 0. -1. 0.
-0.979 0.206 0. 82.090 0.206 0.979 0. -0.622 0. 0. -1. 0.
-0.986 0.164 0. 80.114 0.164 0.986 0. -0.293 0. 0. -1. 0.
-0.992 0.126 0. 78.219 0.126 0.992 0. -0.020 0. 0. -1. 0.
-0.996 0.095 0. 76.095 0.095 0.996 0. 0.243 0. 0. -1. 0.
-0.997 0.071 0. 74.014 0.071 0.997 0. 0.423 0. 0. -1. 0.
-0.999 0.050 0. 72.002 0.050 0.999 0. 0.485 0. 0. -1. 0.
-1.000 0.030 0. 70.005 0.030 1.000 0. 0.593 0. 0. -1. 0.
-1. 0.013 0. 67.966 0.013 1. 0. 0.656 0. 0. -1. 0.
-1. 0.009 0. 65.894 0.009 1. 0. 0.627 0. 0. -1. 0.
-1. -0.004 -0. 63.818 -0.004 1. 0. 0.718 0. 0. -1. 0.
-1. -0.006 -0. 61.764 -0.006 1. 0. 0.613 0. 0. -1. 0.
-1. -0.012 -0. 59.645 -0.012 1. 0. 0.623 0. 0. -1. 0.
-1.000 -0.017 -0. 57.559 -0.017 1.000 0. 0.655 0. 0. -1. 0.
-1.000 -0.016 -0. 55.522 -0.016 1.000 0. 0.790 0. 0. -1. 0.
-1. -0.007 -0. 53.450 -0.007 1. 0. 0.799 0. 0. -1. 0.
-1. -0.005 -0. 51.385 -0.005 1. 0. 0.866 0. 0. -1. 0.
-1. -0.003 -0. 49.435 -0.003 1. 0. 0.804 0. 0. -1. 0.
-1. -0.007 -0. 47.442 -0.007 1. 0. 0.846 0. 0. -1. 0.
-1.000 -0.016 -0. 45.400 -0.016 1.000 0. 0.992 0. 0. -1. 0.
-1.000 -0.018 -0. 43.400 -0.018 1.000 0. 0.871 0. 0. -1. 0.
-1.000 -0.015 -0. 41.490 -0.015 1.000 0. 0.802 0. 0. -1. 0.
-1.000 -0.020 -0. 39.617 -0.020 1.000 0. 0.927 0. 0. -1. 0.
-1. -0.011 -0. 37.633 -0.011 1. 0. 0.897 0. 0. -1. 0.
-1. 0.010 0. 35.683 0.010 1. 0. 1.032 0. 0. -1. 0.
-0.999 0.034 0. 33.823 0.034 0.999 0. 0.965 0. 0. -1. 0.
-0.999 0.054 0. 31.896 0.054 0.999 0. 1.076 0. 0. -1. 0.
-0.997 0.074 0. 29.965 0.074 0.997 0. 1.255 0. 0. -1. 0.
-0.997 0.081 0. 28.043 0.081 0.997 0. 1.535 0. 0. -1. 0.
-0.995 0.095 0. 26.147 0.095 0.995 0. 1.722 0. 0. -1. 0.
-0.995 0.095 0. 24.217 0.095 0.995 0. 1.925 0. 0. -1. 0.
-0.995 0.102 0. 22.314 0.102 0.995 0. 2.193 0. 0. -1. 0.
-0.994 0.108 0. 20.358 0.108 0.994 0. 2.382 0. 0. -1. 0.
-0.994 0.109 0. 18.456 0.109 0.994 0. 2.693 0. 0. -1. 0.
-0.994 0.113 0. 16.529 0.113 0.994 0. 2.914 0. 0. -1. 0.
-0.993 0.117 0. 14.603 0.117 0.993 0. 3.126 0. 0. -1. 0.
-0.993 0.114 0. 12.691 0.114 0.993 0. 3.496 0. 0. -1. 0.
-0.994 0.113 0. 10.727 0.113 0.994 0. 3.644 0. 0. -1. 0.
-0.993 0.114 0. 8.897 0.114 0.993 0. 3.880 0. 0. -1. 0.
-0.993 0.120 0. 6.965 0.120 0.993 0. 4.160 0. 0. -1. 0.
-0.993 0.118 0. 5.098 0.118 0.993 0. 4.364 0. 0. -1. 0.
-0.993 0.122 0. 3.226 0.122 0.993 0. 4.639 0. 0. -1. 0.
-0.994 0.111 0. 1.350 0.111 0.994 0. 4.914 0. 0. -1. 0.
-0.994 0.105 0. -0.556 0.105 0.994 0. 5.150 0. 0. -1. 0.
-0.995 0.101 0. -2.343 0.101 0.995 0. 5.310 0. 0. -1. 0.
-0.995 0.098 0. -4.221 0.098 0.995 0. 5.448 0. 0. -1. 0.
-0.996 0.091 0. -6.059 0.091 0.996 0. 5.697 0. 0. -1. 0.
-0.996 0.088 0. -7.900 0.088 0.996 0. 5.890 0. 0. -1. 0.
-0.996 0.084 0. -9.656 0.084 0.996 0. 6.134 0. 0. -1. 0.
-0.996 0.087 0. -11.443 0.087 0.996 0. 6.380 0. 0. -1. 0.
-0.995 0.099 0. -13.144 0.099 0.995 0. 6.470 0. 0. -1. 0.
-0.996 0.093 0. -14.807 0.093 0.996 0. 6.592 0. 0. -1. 0.
-0.996 0.094 0. -16.463 0.094 0.996 0. 6.837 0. 0. -1. 0.
-0.995 0.098 0. -18.092 0.098 0.995 0. 6.876 0. 0. -1. 0.
-0.996 0.093 0. -19.660 0.093 0.996 0. 7.113 0. 0. -1. 0.
-0.994 0.105 0. -21.198 0.105 0.994 0. 7.414 0. 0. -1. 0.
-0.993 0.118 0. -22.798 0.118 0.993 0. 7.657 0. 0. -1. 0.
-0.991 0.133 0. -24.384 0.133 0.991 0. 7.961 0. 0. -1. 0.
-0.991 0.136 0. -25.979 0.136 0.991 0. 8.107 0. 0. -1. 0.
-0.990 0.144 0. -27.665 0.144 0.990 0. 8.425 0. 0. -1. 0.
-0.988 0.155 0. -29.407 0.155 0.988 0. 8.626 0. 0. -1. 0.
-0.988 0.152 0. -31.120 0.152 0.988 0. 8.903 0. 0. -1. 0.
-0.990 0.142 0. -32.932 0.142 0.990 0. 9.193 0. 0. -1. 0.
-0.992 0.127 0. -34.769 0.127 0.992 0. 9.445 0. 0. -1. 0.
-0.995 0.101 0. -36.659 0.101 0.995 0. 9.718 0. 0. -1. 0.
-0.996 0.087 0. -38.565 0.087 0.996 0. 9.838 0. 0. -1. 0.
-0.998 0.070 0. -40.495 0.070 0.998 0. 9.985 0. 0. -1. 0.
-0.999 0.052 0. -42.437 0.052 0.999 0. 10.112 0. 0. -1. 0.
-0.999 0.036 0. -44.451 0.036 0.999 0. 10.117 0. 0. -1. 0.
-0.999 0.034 0. -46.427 0.034 0.999 0. 10.301 0. 0. -1. 0.
-1.000 0.018 0. -48.292 0.018 1.000 0. 10.341 0. 0. -1. 0.
-1. 0.009 0. -50.252 0.009 1. 0. 10.380 0. 0. -1. 0.
-1. 0.007 0. -52.139 0.007 1. 0. 10.475 0. 0. -1. 0.
-1. 0.013 0. -54.084 0.013 1. 0. 10.518 0. 0. -1. 0.
-1. 0.003 0. -55.935 0.003 1. 0. 10.580 0. 0. -1. 0.
-1. 0.005 0. -57.818 0.005 1. 0. 10.585 0. 0. -1. 0.
-1. 0.007 0. -59.675 0.007 1. 0. 10.624 0. 0. -1. 0.
-1. 0.010 0. -61.547 0.010 1. 0. 10.621 0. 0. -1. 0.
-1.000 0.014 0. -63.273 0.014 1.000 0. 10.696 0. 0. -1. 0.
-1.000 0.032 0. -65.060 0.032 1.000 0. 10.801 0. 0. -1. 0.
-0.999 0.052 0. -66.736 0.052 0.999 0. 10.878 0. 0. -1. 0.
-0.998 0.062 0. -68.454 0.062 0.998 0. 11.018 0. 0. -1. 0.
-0.996 0.086 0. -70.163 0.086 0.996 0. 11.192 0. 0. -1. 0.
-0.994 0.108 0. -71.827 0.108 0.994 0. 11.357 0. 0. -1. 0.
-0.991 0.136 0. -73.542 0.136 0.991 0. 11.692 0. 0. -1. 0.
-0.987 0.162 0. -75.194 0.162 0.987 0. 11.963 0. 0. -1. 0.
-0.983 0.185 0. -76.860 0.185 0.983 0. 12.295 0. 0. -1. 0.
-0.978 0.206 0. -78.522 0.206 0.978 0. 12.671 0. 0. -1. 0.
-0.973 0.230 0. -80.166 0.230 0.973 0. 13.099 0. 0. -1. 0.
-0.965 0.262 0. -81.731 0.262 0.965 0. 13.578 0. 0. -1. 0.
-0.958 0.286 0. -83.232 0.286 0.958 0. 14.159 0. 0. -1. 0.
-0.946 0.323 0. -84.655 0.323 0.946 0. 14.651 0. 0. -1. 0.
-0.924 0.381 0. -86.005 0.381 0.924 0. 15.248 0. 0. -1. 0.
-0.901 0.435 0. -87.295 0.435 0.901 0. 15.932 0. 0. -1. 0.
-0.875 0.484 0. -88.523 0.484 0.875 0. 16.636 0. 0. -1. 0.
-0.835 0.551 0. -89.392 0.551 0.835 0. 17.256 0. 0. -1. 0.
-0.793 0.610 0. -90.263 0.610 0.793 0. 18.181 0. 0. -1. 0.
-0.732 0.681 0. -91.320 0.681 0.732 0. 18.991 0. 0. -1. 0.
-0.648 0.762 0. -92.083 0.762 0.648 0. 19.968 0. 0. -1. 0.
-0.561 0.828 0. -92.737 0.828 0.561 0. 20.959 0. 0. -1. 0.
-0.469 0.883 0. -93.239 0.883 0.469 0. 21.967 0. 0. -1. 0.
-0.366 0.931 0. -93.652 0.931 0.366 0. 23.211 0. 0. -1. 0.
-0.274 0.962 0. -94.001 0.962 0.274 0. 24.388 0. 0. -1. 0.
-0.211 0.978 0. -94.171 0.978 0.211 0. 25.720 0. 0. -1. 0.
-0.145 0.989 0. -94.363 0.989 0.145 0. 27.028 0. 0. -1. 0.
-0.079 0.997 0. -94.343 0.997 0.079 0. 28.472 0. 0. -1. 0.
-0.029 1.000 0. -94.347 1.000 0.029 0. 29.923 0. 0. -1. 0.
0.010 1. 0. -94.372 1. -0.010 -0. 31.442 0. 0. -1. 0.
0.024 1.000 0. -94.276 1.000 -0.024 -0. 33.021 0. 0. -1. 0.
0.031 1.000 0. -94.236 1.000 -0.031 -0. 34.587 0. 0. -1. 0.
0.036 0.999 0. -94.184 0.999 -0.036 -0. 36.224 0. 0. -1. 0.
0.031 1.000 0. -94.065 1.000 -0.031 -0. 37.867 0. 0. -1. 0.
0.026 1.000 0. -94.107 1.000 -0.026 -0. 39.539 0. 0. -1. 0.
0.026 1.000 0. -94.044 1.000 -0.026 -0. 41.240 0. 0. -1. 0.
0.023 1.000 0. -94.004 1.000 -0.023 -0. 42.903 0. 0. -1. 0.
0.019 1.000 0. -93.885 1.000 -0.019 -0. 44.851 0. 0. -1. 0.
0.014 1. 0. -93.985 1. -0.014 -0. 46.706 0. 0. -1. 0.
0.012 1. 0. -93.897 1. -0.012 -0. 48.554 0. 0. -1. 0.
0.006 1. 0. -93.806 1. -0.006 -0. 50.424 0. 0. -1. 0.
0.006 1. 0. -93.870 1. -0.006 -0. 52.389 0. 0. -1. 0.
0.011 1. 0. -93.874 1. -0.011 -0. 54.352 0. 0. -1. 0.
0.016 1.000 0. -93.859 1.000 -0.016 -0. 56.362 0. 0. -1. 0.
0.011 1. 0. -93.829 1. -0.011 -0. 58.349 0. 0. -1. 0.
0.007 1. 0. -93.763 1. -0.007 -0. 60.337 0. 0. -1. 0.
0.017 1.000 0. -93.717 1.000 -0.017 -0. 62.367 0. 0. -1. 0.
0.029 1.000 0. -93.566 1.000 -0.029 -0. 64.291 0. 0. -1. 0.
0.037 0.999 0. -93.526 0.999 -0.037 -0. 66.275 0. 0. -1. 0.
0.048 0.999 0. -93.479 0.999 -0.048 -0. 68.244 0. 0. -1. 0.
0.048 0.999 0. -93.302 0.999 -0.048 -0. 70.172 0. 0. -1. 0.
0.042 0.999 0. -93.269 0.999 -0.042 -0. 72.142 0. 0. -1. 0.
0.042 0.999 0. -93.183 0.999 -0.042 -0. 73.997 0. 0. -1. 0.
0.037 0.999 0. -93.078 0.999 -0.037 -0. 75.903 0. 0. -1. 0.
0.035 0.999 0. -93.073 0.999 -0.035 -0. 77.758 0. 0. -1. 0.
0.029 1.000 0. -92.881 1.000 -0.029 -0. 79.540 0. 0. -1. 0.
0.024 1.000 0. -92.882 1.000 -0.024 -0. 81.522 0. 0. -1. 0.
0.026 1.000 0. -92.772 1.000 -0.026 -0. 83.318 0. 0. -1. 0.
0.028 1.000 0. -92.704 1.000 -0.028 -0. 85.126 0. 0. -1. 0.
0.021 1.000 0. -92.679 1.000 -0.021 -0. 86.879 0. 0. -1. 0.
0.017 1.000 0. -92.653 1.000 -0.017 -0. 88.707 0. 0. -1. 0.
0.005 1. 0. -92.631 1. -0.005 -0. 90.340 0. 0. -1. 0.
-0.018 1.000 0. -92.618 1.000 0.018 0. 92.036 0. 0. -1. 0.
-0.052 0.999 0. -92.647 0.999 0.052 0. 93.730 0. 0. -1. 0.
-0.095 0.995 0. -92.879 0.995 0.095 0. 95.272 0. 0. -1. 0.
-0.153 0.988 0. -92.863 0.988 0.153 0. 96.966 0. 0. -1. 0.
-0.205 0.979 0. -93.305 0.979 0.205 0. 98.476 0. 0. -1. 0.
-0.252 0.968 0. -93.705 0.968 0.252 0. 100.082 0. 0. -1. 0.
-0.302 0.953 0. -94.154 0.953 0.302 0. 101.646 0. 0. -1. 0.
-0.361 0.933 0. -94.617 0.933 0.361 0. 103.227 0. 0. -1. 0.
-0.420 0.908 0. -95.195 0.908 0.420 0. 104.826 0. 0. -1. 0.
-0.472 0.881 0. -96.030 0.881 0.472 0. 106.325 0. 0. -1. 0.
-0.524 0.852 0. -96.902 0.852 0.524 0. 107.740 0. 0. -1. 0.
-0.575 0.818 0. -97.863 0.818 0.575 0. 109.285 0. 0. -1. 0.
-0.620 0.785 0. -98.953 0.785 0.620 0. 110.826 0. 0. -1. 0.
-0.649 0.761 0. -100.035 0.761 0.649 0. 112.171 0. 0. -1. 0.
-0.670 0.743 0. -101.365 0.743 0.670 0. 113.499 0. 0. -1. 0.
-0.676 0.737 0. -102.668 0.737 0.676 0. 114.977 0. 0. -1. 0.
-0.686 0.728 0. -104.006 0.728 0.686 0. 116.316 0. 0. -1. 0.
-0.691 0.723 0. -105.352 0.723 0.691 0. 117.721 0. 0. -1. 0.
-0.686 0.728 0. -106.689 0.728 0.686 0. 119.167 0. 0. -1. 0.
-0.688 0.725 0. -108.111 0.725 0.688 0. 120.647 0. 0. -1. 0.
-0.685 0.729 0. -109.459 0.729 0.685 0. 122.108 0. 0. -1. 0.
-0.686 0.727 0. -110.910 0.727 0.686 0. 123.504 0. 0. -1. 0.
-0.688 0.725 0. -112.105 0.725 0.688 0. 125.145 0. 0. -1. 0.
-0.693 0.721 0. -113.554 0.721 0.693 0. 126.648 0. 0. -1. 0.
-0.691 0.723 0. -114.988 0.723 0.691 0. 128.196 0. 0. -1. 0.
-0.685 0.729 0. -116.375 0.729 0.685 0. 129.693 0. 0. -1. 0.
-0.686 0.728 0. -117.824 0.728 0.686 0. 131.203 0. 0. -1. 0.
-0.674 0.739 0. -119.336 0.739 0.674 0. 132.754 0. 0. -1. 0.
-0.671 0.742 0. -120.673 0.742 0.671 0. 134.495 0. 0. -1. 0.
-0.663 0.748 0. -122.165 0.748 0.663 0. 136.147 0. 0. -1. 0.
-0.655 0.755 0. -123.637 0.755 0.655 0. 137.844 0. 0. -1. 0.
-0.651 0.759 0. -125.038 0.759 0.651 0. 139.566 0. 0. -1. 0.
-0.646 0.764 0. -126.528 0.764 0.646 0. 141.335 0. 0. -1. 0.
-0.648 0.761 0. -127.852 0.761 0.648 0. 143.126 0. 0. -1. 0.
-0.650 0.760 0. -129.360 0.760 0.650 0. 144.895 0. 0. -1. 0.
-0.653 0.758 0. -130.769 0.758 0.653 0. 146.701 0. 0. -1. 0.
-0.652 0.758 0. -132.265 0.758 0.652 0. 148.515 0. 0. -1. 0.
-0.654 0.756 0. -133.698 0.756 0.654 0. 150.299 0. 0. -1. 0.
-0.657 0.754 0. -135.196 0.754 0.657 0. 152.141 0. 0. -1. 0.
-0.655 0.755 0. -136.741 0.755 0.655 0. 153.961 0. 0. -1. 0.
-0.658 0.753 0. -138.214 0.753 0.658 0. 155.780 0. 0. -1. 0.
-0.656 0.755 0. -139.698 0.755 0.656 0. 157.548 0. 0. -1. 0.
-0.657 0.754 0. -141.290 0.754 0.657 0. 159.410 0. 0. -1. 0.
-0.656 0.755 0. -142.751 0.755 0.656 0. 161.228 0. 0. -1. 0.
-0.642 0.766 0. -144.384 0.766 0.642 0. 162.994 0. 0. -1. 0.
-0.632 0.775 0. -145.772 0.775 0.632 0. 164.871 0. 0. -1. 0.
-0.619 0.785 0. -147.319 0.785 0.619 0. 166.753 0. 0. -1. 0.
-0.601 0.799 0. -148.574 0.799 0.601 0. 168.718 0. 0. -1. 0.
-0.576 0.817 0. -150.042 0.817 0.576 0. 170.635 0. 0. -1. 0.
-0.547 0.837 0. -151.352 0.837 0.547 0. 172.637 0. 0. -1. 0.
-0.521 0.854 0. -152.376 0.854 0.521 0. 174.736 0. 0. -1. 0.
-0.495 0.869 0. -153.693 0.869 0.495 0. 176.848 0. 0. -1. 0.
-0.470 0.883 0. -154.771 0.883 0.470 0. 179.004 0. 0. -1. 0.
-0.445 0.895 0. -155.845 0.895 0.445 0. 181.213 0. 0. -1. 0.
-0.419 0.908 0. -156.860 0.908 0.419 0. 183.414 0. 0. -1. 0.
-0.384 0.923 0. -157.742 0.923 0.384 0. 185.716 0. 0. -1. 0.
-0.336 0.942 0. -158.738 0.942 0.336 0. 188.012 0. 0. -1. 0.
-0.286 0.958 0. -159.383 0.958 0.286 0. 190.299 0. 0. -1. 0.
-0.248 0.969 0. -159.898 0.969 0.248 0. 192.746 0. 0. -1. 0.
-0.203 0.979 0. -160.405 0.979 0.203 0. 195.097 0. 0. -1. 0.
-0.153 0.988 0. -160.957 0.988 0.153 0. 197.493 0. 0. -1. 0.
-0.114 0.993 0. -161.140 0.993 0.114 0. 199.893 0. 0. -1. 0.
-0.091 0.996 0. -161.102 0.996 0.091 0. 202.386 0. 0. -1. 0.
-0.071 0.997 0. -161.155 0.997 0.071 0. 204.825 0. 0. -1. 0.
-0.059 0.998 0. -161.456 0.998 0.059 0. 207.164 0. 0. -1. 0.
-0.052 0.999 0. -161.382 0.999 0.052 0. 209.694 0. 0. -1. 0.
-0.044 0.999 0. -161.563 0.999 0.044 0. 212.106 0. 0. -1. 0.
-0.044 0.999 0. -161.471 0.999 0.044 0. 214.539 0. 0. -1. 0.
-0.042 0.999 0. -161.712 0.999 0.042 0. 216.970 0. 0. -1. 0.
-0.048 0.999 0. -161.745 0.999 0.048 0. 219.367 0. 0. -1. 0.
-0.065 0.998 0. -161.877 0.998 0.065 0. 221.764 0. 0. -1. 0.
-0.098 0.995 0. -162.074 0.995 0.098 0. 224.136 0. 0. -1. 0.
-0.144 0.990 0. -162.228 0.990 0.144 0. 226.494 0. 0. -1. 0.
-0.186 0.983 0. -162.586 0.983 0.186 0. 228.845 0. 0. -1. 0.
-0.241 0.971 0. -162.985 0.971 0.241 0. 231.044 0. 0. -1. 0.
-0.301 0.954 0. -163.479 0.954 0.301 0. 233.250 0. 0. -1. 0.
-0.364 0.931 0. -164.351 0.931 0.364 0. 235.407 0. 0. -1. 0.
-0.425 0.905 0. -165.359 0.905 0.425 0. 237.418 0. 0. -1. 0.
-0.488 0.873 0. -166.237 0.873 0.488 0. 239.445 0. 0. -1. 0.
-0.551 0.834 0. -167.548 0.834 0.551 0. 241.337 0. 0. -1. 0.
-0.619 0.785 0. -168.783 0.785 0.619 0. 243.142 0. 0. -1. 0.
-0.687 0.727 0. -170.455 0.727 0.687 0. 244.794 0. 0. -1. 0.
-0.751 0.660 0. -172.224 0.660 0.751 0. 246.151 0. 0. -1. 0.
-0.808 0.589 0. -173.928 0.589 0.808 0. 247.546 0. 0. -1. 0.
-0.852 0.523 0. -175.929 0.523 0.852 0. 248.668 0. 0. -1. 0.
-0.886 0.464 0. -177.698 0.464 0.886 0. 249.810 0. 0. -1. 0.
-0.914 0.406 0. -179.658 0.406 0.914 0. 250.801 0. 0. -1. 0.
-0.933 0.359 0. -181.766 0.359 0.933 0. 251.673 0. 0. -1. 0.
-0.944 0.329 0. -183.848 0.329 0.944 0. 252.502 0. 0. -1. 0.
-0.952 0.307 0. -185.911 0.307 0.952 0. 253.134 0. 0. -1. 0.
-0.956 0.293 0. -187.995 0.293 0.956 0. 253.880 0. 0. -1. 0.
-0.957 0.289 0. -190.159 0.289 0.957 0. 254.507 0. 0. -1. 0.
-0.959 0.284 0. -192.099 0.284 0.959 0. 255.190 0. 0. -1. 0.
-0.963 0.270 0. -194.174 0.270 0.963 0. 255.736 0. 0. -1. 0.
-0.966 0.260 0. -196.386 0.260 0.966 0. 256.336 0. 0. -1. 0.
-0.964 0.267 0. -198.551 0.267 0.964 0. 256.994 0. 0. -1. 0.
-0.960 0.281 0. -200.638 0.281 0.960 0. 257.692 0. 0. -1. 0.
-0.956 0.292 0. -202.839 0.292 0.956 0. 258.354 0. 0. -1. 0.
-0.954 0.299 0. -205.008 0.299 0.954 0. 259.069 0. 0. -1. 0.
-0.953 0.304 0. -207.209 0.304 0.953 0. 259.843 0. 0. -1. 0.
-0.953 0.304 0. -209.508 0.304 0.953 0. 260.536 0. 0. -1. 0.
-0.951 0.309 0. -211.724 0.309 0.951 0. 261.324 0. 0. -1. 0.
-0.949 0.314 0. -213.852 0.314 0.949 0. 261.989 0. 0. -1. 0.
-0.948 0.320 0. -215.989 0.320 0.948 0. 262.766 0. 0. -1. 0.
-0.945 0.327 0. -218.154 0.327 0.945 0. 263.530 0. 0. -1. 0.
-0.941 0.338 0. -220.174 0.338 0.941 0. 264.283 0. 0. -1. 0.
-0.937 0.350 0. -222.095 0.350 0.937 0. 265.154 0. 0. -1. 0.
-0.933 0.360 0. -223.994 0.360 0.933 0. 265.830 0. 0. -1. 0.
-0.928 0.372 0. -225.941 0.372 0.928 0. 266.604 0. 0. -1. 0.
-0.922 0.388 0. -227.715 0.388 0.922 0. 267.458 0. 0. -1. 0.
-0.913 0.408 0. -229.393 0.408 0.913 0. 268.274 0. 0. -1. 0.
-0.906 0.422 0. -230.969 0.422 0.906 0. 268.985 0. 0. -1. 0.
-0.897 0.442 0. -232.577 0.442 0.897 0. 269.794 0. 0. -1. 0.
-0.894 0.448 0. -234.014 0.448 0.894 0. 270.499 0. 0. -1. 0.
-0.886 0.464 0. -235.473 0.464 0.886 0. 271.294 0. 0. -1. 0.
-0.888 0.460 0. -236.776 0.460 0.888 0. 271.959 0. 0. -1. 0.
-0.882 0.471 0. -238.067 0.471 0.882 0. 272.726 0. 0. -1. 0.
-0.881 0.473 0. -239.191 0.473 0.881 0. 273.467 0. 0. -1. 0.
-0.877 0.481 0. -240.268 0.481 0.877 0. 274.120 0. 0. -1. 0.
-0.873 0.488 0. -241.189 0.488 0.873 0. 274.649 0. 0. -1. 0.
-0.868 0.497 0. -242.163 0.497 0.868 0. 275.112 0. 0. -1. 0.
-0.866 0.500 0. -243.070 0.500 0.866 0. 275.579 0. 0. -1. 0.
-0.865 0.503 0. -243.653 0.503 0.865 0. 276.025 0. 0. -1. 0.
-0.864 0.504 0. -244.351 0.504 0.864 0. 276.450 0. 0. -1. 0.
-0.863 0.506 0. -244.793 0.506 0.863 0. 276.656 0. 0. -1. 0.
-0.861 0.508 0. -245.268 0.508 0.861 0. 277.017 0. 0. -1. 0.
-0.859 0.513 0. -245.617 0.513 0.859 0. 277.163 0. 0. -1. 0.
-0.858 0.514 0. -246.002 0.514 0.858 0. 277.444 0. 0. -1. 0.
-0.857 0.516 0. -246.226 0.516 0.857 0. 277.693 0. 0. -1. 0.
-0.857 0.516 0. -246.376 0.516 0.857 0. 277.733 0. 0. -1. 0.
-0.855 0.519 0. -246.556 0.519 0.855 0. 277.977 0. 0. -1. 0.
-0.851 0.526 0. -246.622 0.526 0.851 0. 277.866 0. 0. -1. 0.
-0.848 0.529 0. -246.653 0.529 0.848 0. 277.896 0. 0. -1. 0.
-0.848 0.530 0. -246.653 0.530 0.848 0. 277.896 0. 0. -1. 0.
-0.848 0.529 0. -246.661 0.529 0.848 0. 277.929 0. 0. -1. 0.
-0.849 0.529 0. -246.655 0.529 0.849 0. 277.896 0. 0. -1. 0.
-0.854 0.521 0. -246.609 0.521 0.854 0. 277.901 0. 0. -1. 0.
-0.853 0.521 0. -246.702 0.521 0.853 0. 278.005 0. 0. -1. 0.
-0.851 0.526 0. -246.643 0.526 0.851 0. 277.895 0. 0. -1. 0.
-0.852 0.524 0. -246.641 0.524 0.852 0. 277.880 0. 0. -1. 0.
-0.854 0.520 0. -246.686 0.520 0.854 0. 277.931 0. 0. -1. 0.
-0.855 0.519 0. -246.714 0.519 0.855 0. 277.996 0. 0. -1. 0.
-0.853 0.521 0. -246.739 0.521 0.853 0. 278.011 0. 0. -1. 0.
-0.847 0.532 0. -246.776 0.532 0.847 0. 277.958 0. 0. -1. 0.
-0.847 0.532 0. -246.779 0.532 0.847 0. 277.961 0. 0. -1. 0.
-0.848 0.529 0. -246.905 0.529 0.848 0. 278.057 0. 0. -1. 0.
-0.848 0.530 0. -246.995 0.530 0.848 0. 278.055 0. 0. -1. 0.
-0.847 0.531 0. -247.111 0.531 0.847 0. 278.221 0. 0. -1. 0.
-0.849 0.528 0. -247.137 0.528 0.849 0. 278.325 0. 0. -1. 0.
-0.846 0.534 0. -247.330 0.534 0.846 0. 278.331 0. 0. -1. 0.
-0.846 0.533 0. -247.368 0.533 0.846 0. 278.323 0. 0. -1. 0.
-0.847 0.532 0. -247.604 0.532 0.847 0. 278.519 0. 0. -1. 0.
-0.844 0.536 0. -247.787 0.536 0.844 0. 278.700 0. 0. -1. 0.
-0.838 0.545 0. -247.937 0.545 0.838 0. 278.746 0. 0. -1. 0.
-0.836 0.549 0. -248.227 0.549 0.836 0. 278.899 0. 0. -1. 0.
-0.837 0.548 0. -248.587 0.548 0.837 0. 279.021 0. 0. -1. 0.
-0.832 0.555 0. -249.074 0.555 0.832 0. 279.441 0. 0. -1. 0.
-0.821 0.570 0. -249.501 0.570 0.821 0. 279.816 0. 0. -1. 0.
-0.808 0.589 0. -250.118 0.589 0.808 0. 280.206 0. 0. -1. 0.
-0.786 0.618 0. -250.646 0.618 0.786 0. 280.630 0. 0. -1. 0.
-0.759 0.651 0. -251.224 0.651 0.759 0. 281.166 0. 0. -1. 0.
-0.721 0.693 0. -251.999 0.693 0.721 0. 281.863 0. 0. -1. 0.
-0.652 0.758 0. -252.583 0.758 0.652 0. 282.743 0. 0. -1. 0.
-0.552 0.834 0. -253.082 0.834 0.552 0. 283.363 0. 0. -1. 0.
-0.456 0.890 0. -253.244 0.890 0.456 0. 284.239 0. 0. -1. 0.
-0.336 0.942 0. -253.635 0.942 0.336 0. 285.372 0. 0. -1. 0.
-0.220 0.976 0. -253.803 0.976 0.220 0. 286.463 0. 0. -1. 0.
-0.105 0.994 0. -253.891 0.994 0.105 0. 287.613 0. 0. -1. 0.
-0.010 1. 0. -253.894 1. 0.010 0. 288.922 0. 0. -1. 0.
0.051 0.999 0. -253.532 0.999 -0.051 -0. 290.285 0. 0. -1. 0.
0.089 0.996 0. -253.673 0.996 -0.089 -0. 291.921 0. 0. -1. 0.
0.129 0.992 0. -253.433 0.992 -0.129 -0. 293.565 0. 0. -1. 0.
0.170 0.985 0. -253.147 0.985 -0.170 -0. 295.341 0. 0. -1. 0.
0.202 0.979 0. -252.652 0.979 -0.202 -0. 297.175 0. 0. -1. 0.
0.230 0.973 0. -252.171 0.973 -0.230 -0. 299.236 0. 0. -1. 0.
0.240 0.971 0. -251.572 0.971 -0.240 -0. 301.303 0. 0. -1. 0.
0.244 0.970 0. -250.918 0.970 -0.244 -0. 303.524 0. 0. -1. 0.
0.258 0.966 0. -250.373 0.966 -0.258 -0. 305.863 0. 0. -1. 0.
0.269 0.963 0. -249.578 0.963 -0.269 -0. 308.198 0. 0. -1. 0.
0.267 0.964 0. -248.829 0.964 -0.267 -0. 310.695 0. 0. -1. 0.
0.267 0.964 0. -248.097 0.964 -0.267 -0. 313.225 0. 0. -1. 0.
0.275 0.962 0. -247.342 0.962 -0.275 -0. 315.769 0. 0. -1. 0.
0.274 0.962 0. -246.602 0.962 -0.274 -0. 318.382 0. 0. -1. 0.
0.274 0.962 0. -245.763 0.962 -0.274 -0. 321.074 0. 0. -1. 0.
0.275 0.961 0. -244.856 0.961 -0.275 -0. 323.857 0. 0. -1. 0.
0.278 0.961 0. -244.035 0.961 -0.278 -0. 326.665 0. 0. -1. 0.
0.282 0.960 0. -243.155 0.960 -0.282 -0. 329.543 0. 0. -1. 0.
0.287 0.958 0. -242.232 0.958 -0.287 -0. 332.412 0. 0. -1. 0.
0.290 0.957 0. -241.266 0.957 -0.290 -0. 335.278 0. 0. -1. 0.
0.283 0.959 0. -240.286 0.959 -0.283 -0. 338.255 0. 0. -1. 0.
0.287 0.958 0. -239.420 0.958 -0.287 -0. 341.221 0. 0. -1. 0.
0.287 0.958 0. -238.409 0.958 -0.287 -0. 344.232 0. 0. -1. 0.
0.290 0.957 0. -237.413 0.957 -0.290 -0. 347.274 0. 0. -1. 0.
0.293 0.956 0. -236.413 0.956 -0.293 -0. 350.374 0. 0. -1. 0.
0.293 0.956 0. -235.295 0.956 -0.293 -0. 353.469 0. 0. -1. 0.
0.293 0.956 0. -234.286 0.956 -0.293 -0. 356.629 0. 0. -1. 0.
0.298 0.955 0. -233.323 0.955 -0.298 -0. 359.694 0. 0. -1. 0.
0.298 0.955 0. -232.323 0.955 -0.298 -0. 362.822 0. 0. -1. 0.
0.299 0.954 0. -231.330 0.954 -0.299 -0. 365.895 0. 0. -1. 0.
0.301 0.954 0. -230.254 0.954 -0.301 -0. 368.988 0. 0. -1. 0.
0.295 0.955 0. -229.186 0.955 -0.295 -0. 372.165 0. 0. -1. 0.
0.297 0.955 0. -228.109 0.955 -0.297 -0. 375.240 0. 0. -1. 0.
0.294 0.956 0. -227.120 0.956 -0.294 -0. 378.345 0. 0. -1. 0.
0.288 0.958 0. -225.905 0.958 -0.288 -0. 381.529 0. 0. -1. 0.
0.286 0.958 0. -225.157 0.958 -0.286 -0. 384.634 0. 0. -1. 0.
0.293 0.956 0. -224.139 0.956 -0.293 -0. 387.833 0. 0. -1. 0.
0.287 0.958 0. -223.035 0.958 -0.287 -0. 390.850 0. 0. -1. 0.
0.295 0.956 0. -222.099 0.956 -0.295 -0. 394.042 0. 0. -1. 0.
0.296 0.955 0. -221.014 0.955 -0.296 -0. 397.100 0. 0. -1. 0.
0.301 0.954 0. -220.047 0.954 -0.301 -0. 400.224 0. 0. -1. 0.
0.295 0.955 0. -218.885 0.955 -0.295 -0. 403.276 0. 0. -1. 0.
0.299 0.954 0. -217.990 0.954 -0.299 -0. 406.347 0. 0. -1. 0.
0.298 0.955 0. -216.882 0.955 -0.298 -0. 409.407 0. 0. -1. 0.
0.305 0.952 0. -215.938 0.952 -0.305 -0. 412.487 0. 0. -1. 0.
0.301 0.953 0. -214.882 0.953 -0.301 -0. 415.527 0. 0. -1. 0.
0.295 0.956 0. -213.830 0.956 -0.295 -0. 418.611 0. 0. -1. 0.
0.291 0.957 0. -212.877 0.957 -0.291 -0. 421.668 0. 0. -1. 0.
0.286 0.958 0. -211.914 0.958 -0.286 -0. 424.698 0. 0. -1. 0.
0.285 0.958 0. -210.926 0.958 -0.285 -0. 427.855 0. 0. -1. 0.
0.281 0.960 0. -209.886 0.960 -0.281 -0. 430.795 0. 0. -1. 0.
0.285 0.959 0. -208.970 0.959 -0.285 -0. 433.905 0. 0. -1. 0.
0.288 0.957 0. -208.033 0.957 -0.288 -0. 436.890 0. 0. -1. 0.
0.291 0.957 0. -207.030 0.957 -0.291 -0. 439.969 0. 0. -1. 0.
0.290 0.957 0. -206.047 0.957 -0.290 -0. 442.972 0. 0. -1. 0.
0.294 0.956 0. -204.999 0.956 -0.294 -0. 446.073 0. 0. -1. 0.
0.303 0.953 0. -204.075 0.953 -0.303 -0. 449.019 0. 0. -1. 0.
0.298 0.955 0. -202.987 0.955 -0.298 -0. 451.873 0. 0. -1. 0.
0.297 0.955 0. -202.107 0.955 -0.297 -0. 454.974 0. 0. -1. 0.
0.297 0.955 0. -201.037 0.955 -0.297 -0. 457.886 0. 0. -1. 0.
0.302 0.953 0. -200.127 0.953 -0.302 -0. 460.808 0. 0. -1. 0.
0.296 0.955 0. -199.091 0.955 -0.296 -0. 463.681 0. 0. -1. 0.
0.296 0.955 0. -198.259 0.955 -0.296 -0. 466.664 0. 0. -1. 0.
0.295 0.956 0. -197.125 0.956 -0.295 -0. 469.374 0. 0. -1. 0.
0.293 0.956 0. -196.226 0.956 -0.293 -0. 472.306 0. 0. -1. 0.
0.299 0.954 0. -195.385 0.954 -0.299 -0. 475.133 0. 0. -1. 0.
0.300 0.954 0. -194.451 0.954 -0.300 -0. 477.969 0. 0. -1. 0.
0.303 0.953 0. -193.574 0.953 -0.303 -0. 480.741 0. 0. -1. 0.
0.304 0.953 0. -192.666 0.953 -0.304 -0. 483.513 0. 0. -1. 0.
0.303 0.953 0. -191.755 0.953 -0.303 -0. 486.206 0. 0. -1. 0.
0.300 0.954 0. -190.830 0.954 -0.300 -0. 488.992 0. 0. -1. 0.
0.299 0.954 0. -189.943 0.954 -0.299 -0. 491.682 0. 0. -1. 0.
0.296 0.955 0. -189.037 0.955 -0.296 -0. 494.356 0. 0. -1. 0.
0.295 0.956 0. -188.126 0.956 -0.295 -0. 497.022 0. 0. -1. 0.
0.303 0.953 0. -187.314 0.953 -0.303 -0. 499.660 0. 0. -1. 0.
0.298 0.955 0. -186.463 0.955 -0.298 -0. 502.269 0. 0. -1. 0.
0.293 0.956 0. -185.556 0.956 -0.293 -0. 504.885 0. 0. -1. 0.
0.298 0.955 0. -184.706 0.955 -0.298 -0. 507.413 0. 0. -1. 0.
0.298 0.955 0. -183.944 0.955 -0.298 -0. 509.963 0. 0. -1. 0.
0.287 0.958 0. -183.158 0.958 -0.287 -0. 512.475 0. 0. -1. 0.
0.291 0.957 0. -182.343 0.957 -0.291 -0. 514.896 0. 0. -1. 0.
0.292 0.956 0. -181.575 0.956 -0.292 -0. 517.238 0. 0. -1. 0.
0.286 0.958 0. -180.649 0.958 -0.286 -0. 519.393 0. 0. -1. 0.
0.280 0.960 0. -180.106 0.960 -0.280 -0. 521.606 0. 0. -1. 0.
0.277 0.961 0. -179.525 0.961 -0.277 -0. 523.594 0. 0. -1. 0.
0.277 0.961 0. -179.023 0.961 -0.277 -0. 525.541 0. 0. -1. 0.
0.276 0.961 0. -178.441 0.961 -0.276 -0. 527.251 0. 0. -1. 0.
0.278 0.960 0. -177.965 0.960 -0.278 -0. 528.901 0. 0. -1. 0.
0.282 0.960 0. -177.525 0.960 -0.282 -0. 530.334 0. 0. -1. 0.
0.284 0.959 0. -177.109 0.959 -0.284 -0. 531.707 0. 0. -1. 0.
0.283 0.959 0. -176.703 0.959 -0.283 -0. 532.908 0. 0. -1. 0.
0.285 0.959 0. -176.311 0.959 -0.285 -0. 534.049 0. 0. -1. 0.
0.291 0.957 0. -176.039 0.957 -0.291 -0. 535.020 0. 0. -1. 0.
0.295 0.955 0. -175.770 0.955 -0.295 -0. 535.812 0. 0. -1. 0.
0.296 0.955 0. -175.562 0.955 -0.296 -0. 536.525 0. 0. -1. 0.
0.291 0.957 0. -175.367 0.957 -0.291 -0. 537.096 0. 0. -1. 0.
0.286 0.958 0. -175.187 0.958 -0.286 -0. 537.573 0. 0. -1. 0.
0.286 0.958 0. -175.040 0.958 -0.286 -0. 538.004 0. 0. -1. 0.
0.287 0.958 0. -174.953 0.958 -0.287 -0. 538.288 0. 0. -1. 0.
0.285 0.958 0. -174.916 0.958 -0.285 -0. 538.585 0. 0. -1. 0.
0.288 0.958 0. -174.813 0.958 -0.288 -0. 538.846 0. 0. -1. 0.
0.285 0.959 0. -174.636 0.959 -0.285 -0. 538.958 0. 0. -1. 0.
0.283 0.959 0. -174.509 0.959 -0.283 -0. 539.105 0. 0. -1. 0.
0.291 0.957 0. -174.592 0.957 -0.291 -0. 539.430 0. 0. -1. 0.
0.290 0.957 0. -174.533 0.957 -0.290 -0. 539.681 0. 0. -1. 0.
0.289 0.957 0. -174.420 0.957 -0.289 -0. 539.966 0. 0. -1. 0.
0.288 0.958 0. -174.285 0.958 -0.288 -0. 540.194 0. 0. -1. 0.
0.288 0.958 0. -174.128 0.958 -0.288 -0. 540.412 0. 0. -1. 0.
0.289 0.957 0. -174.085 0.957 -0.289 -0. 540.625 0. 0. -1. 0.
0.291 0.957 0. -174.104 0.957 -0.291 -0. 540.835 0. 0. -1. 0.
0.292 0.956 0. -174.107 0.956 -0.292 -0. 540.968 0. 0. -1. 0.
0.292 0.957 0. -174.005 0.957 -0.292 -0. 541.015 0. 0. -1. 0.
0.298 0.955 0. -174.016 0.955 -0.298 -0. 541.053 0. 0. -1. 0.
0.299 0.954 0. -174.060 0.954 -0.299 -0. 541.042 0. 0. -1. 0.
0.300 0.954 0. -174.053 0.954 -0.300 -0. 541.064 0. 0. -1. 0.
0.292 0.957 0. -174.045 0.957 -0.292 -0. 541.047 0. 0. -1. 0.
0.290 0.957 0. -174.078 0.957 -0.290 -0. 541.070 0. 0. -1. 0.
0.293 0.956 0. -174.055 0.956 -0.293 -0. 541.076 0. 0. -1. 0.
