1. 0. 0. 0. 0. -1. -0. 0. 0. 0. -1. 0.
1. 0.000 0. 0.008 0.000 -1. -0. 0.003 0. 0. -1. 0.
1. 0.000 0. 0.009 0.000 -1. -0. -0.012 0. 0. -1. 0.
1. 0. 0. 0.001 0. -1. -0. -0.010 0. 0. -1. 0.
1. 0.000 0. -0.002 0.000 -1. -0. -0.008 0. 0. -1. 0.
1. -0.000 -0. 0.004 -0.000 -1. -0. -0.010 0. 0. -1. 0.
1. -0. -0. -0.000 -0. -1. -0. -0.001 0. 0. -1. 0.
1. 0. 0. -0.002 0. -1. -0. -0.001 0. 0. -1. 0.
1. -0. -0. -0.001 -0. -1. -0. -0.004 0. 0. -1. 0.
1. 0. 0. 0.005 0. -1. -0. -0.004 0. 0. -1. 0.
1. 0.000 0. 0.008 0.000 -1. -0. -0.002 0. 0. -1. 0.
1. 0.001 0. 0.002 0.001 -1. -0. -0.000 0. 0. -1. 0.
1. 0.000 0. -0.005 0.000 -1. -0. -0.007 0. 0. -1. 0.
1. 0.000 0. 0.017 0.000 -1. -0. -0.009 0. 0. -1. 0.
1. -0.000 -0. 0.068 -0.000 -1. -0. -0.009 0. 0. -1. 0.
1. -0.001 -0. 0.078 -0.001 -1. -0. -0.012 0. 0. -1. 0.
1. -0.002 -0. 0.127 -0.002 -1. -0. -0.001 0. 0. -1. 0.
1. -0.003 -0. 0.179 -0.003 -1. -0. 0.011 0. 0. -1. 0.
1. -0.007 -0. 0.262 -0.007 -1. -0. 0.011 0. 0. -1. 0.
1. -0.011 -0. 0.293 -0.011 -1. -0. -0.010 0. 0. -1. 0.
1.000 -0.015 -0. 0.345 -0.015 -1.000 -0. -0.026 0. 0. -1. 0.
1.000 -0.019 -0. 0.493 -0.019 -1.000 -0. 0.001 0. 0. -1. 0.
1.000 -0.025 -0. 0.565 -0.025 -1.000 -0. 0.006 0. 0. -1. 0.
0.999 -0.033 -0. 0.671 -0.033 -0.999 -0. 0.018 0. 0. -1. 0.
0.999 -0.044 -0. 0.755 -0.044 -0.999 -0. -0.012 0. 0. -1. 0.
0.999 -0.054 -0. 0.879 -0.054 -0.999 -0. -0.035 0. 0. -1. 0.
0.998 -0.067 -0. 1.049 -0.067 -0.998 -0. -0.077 0. 0. -1. 0.
0.997 -0.077 -0. 1.205 -0.077 -0.997 -0. -0.071 0. 0. -1. 0.
0.996 -0.087 -0. 1.399 -0.087 -0.996 -0. -0.151 0. 0. -1. 0.
0.995 -0.100 -0. 1.598 -0.100 -0.995 -0. -0.183 0. 0. -1. 0.
0.993 -0.115 -0. 1.830 -0.115 -0.993 -0. -0.237 0. 0. -1. 0.
0.991 -0.132 -0. 2.112 -0.132 -0.991 -0. -0.298 0. 0. -1. 0.
0.988 -0.152 -0. 2.402 -0.152 -0.988 -0. -0.329 0. 0. -1. 0.
0.985 -0.172 -0. 2.728 -0.172 -0.985 -0. -0.374 0. 0. -1. 0.
0.981 -0.193 -0. 3.095 -0.193 -0.981 -0. -0.452 0. 0. -1. 0.
0.977 -0.212 -0. 3.545 -0.212 -0.977 -0. -0.593 0. 0. -1. 0.
0.974 -0.225 -0. 3.963 -0.225 -0.974 -0. -0.730 0. 0. -1. 0.
0.972 -0.236 -0. 4.557 -0.236 -0.972 -0. -0.882 0. 0. -1. 0.
0.970 -0.242 -0. 5.103 -0.242 -0.970 -0. -0.995 0. 0. -1. 0.
0.969 -0.247 -0. 5.710 -0.247 -0.969 -0. -1.202 0. 0. -1. 0.
0.969 -0.246 -0. 6.420 -0.246 -0.969 -0. -1.370 0. 0. -1. 0.
0.970 -0.245 -0. 7.101 -0.245 -0.970 -0. -1.595 0. 0. -1. 0.
0.970 -0.242 -0. 7.847 -0.242 -0.970 -0. -1.774 0. 0. -1. 0.
0.972 -0.237 -0. 8.663 -0.237 -0.972 -0. -2.013 0. 0. -1. 0.
0.974 -0.226 -0. 9.516 -0.226 -0.974 -0. -2.235 0. 0. -1. 0.
0.977 -0.214 -0. 10.387 -0.214 -0.977 -0. -2.435 0. 0. -1. 0.
0.981 -0.196 -0. 11.274 -0.196 -0.981 -0. -2.595 0. 0. -1. 0.
0.984 -0.179 -0. 12.210 -0.179 -0.984 -0. -2.817 0. 0. -1. 0.
0.987 -0.163 -0. 13.117 -0.163 -0.987 -0. -2.988 0. 0. -1. 0.
0.989 -0.150 -0. 14.169 -0.150 -0.989 -0. -3.155 0. 0. -1. 0.
0.990 -0.141 -0. 15.179 -0.141 -0.990 -0. -3.353 0. 0. -1. 0.
0.991 -0.132 -0. 16.328 -0.132 -0.991 -0. -3.460 0. 0. -1. 0.
0.993 -0.122 -0. 17.489 -0.122 -0.993 -0. -3.592 0. 0. -1. 0.
0.993 -0.119 -0. 18.713 -0.119 -0.993 -0. -3.785 0. 0. -1. 0.
0.993 -0.117 -0. 20.017 -0.117 -0.993 -0. -3.974 0. 0. -1. 0.
0.994 -0.111 -0. 21.322 -0.111 -0.994 -0. -4.102 0. 0. -1. 0.
0.994 -0.111 -0. 22.782 -0.111 -0.994 -0. -4.261 0. 0. -1. 0.
0.993 -0.115 -0. 24.251 -0.115 -0.993 -0. -4.535 0. 0. -1. 0.
0.994 -0.111 -0. 25.746 -0.111 -0.994 -0. -4.696 0. 0. -1. 0.
0.994 -0.107 -0. 27.375 -0.107 -0.994 -0. -4.967 0. 0. -1. 0.
0.996 -0.092 -0. 29.049 -0.092 -0.996 -0. -5.207 0. 0. -1. 0.
0.997 -0.082 -0. 30.689 -0.082 -0.997 -0. -5.337 0. 0. -1. 0.
0.997 -0.075 -0. 32.198 -0.075 -0.997 -0. -5.450 0. 0. -1. 0.
0.998 -0.069 -0. 33.742 -0.069 -0.998 -0. -5.576 0. 0. -1. 0.
0.998 -0.068 -0. 35.336 -0.068 -0.998 -0. -5.711 0. 0. -1. 0.
0.998 -0.063 -0. 36.976 -0.063 -0.998 -0. -5.890 0. 0. -1. 0.
0.998 -0.060 -0. 38.591 -0.060 -0.998 -0. -6.073 0. 0. -1. 0.
0.998 -0.059 -0. 40.200 -0.059 -0.998 -0. -6.118 0. 0. -1. 0.
0.999 -0.055 -0. 41.882 -0.055 -0.999 -0. -6.295 0. 0. -1. 0.
0.999 -0.047 -0. 43.551 -0.047 -0.999 -0. -6.401 0. 0. -1. 0.
0.999 -0.039 -0. 45.219 -0.039 -0.999 -0. -6.446 0. 0. -1. 0.
0.999 -0.040 -0. 46.971 -0.040 -0.999 -0. -6.538 0. 0. -1. 0.
0.999 -0.039 -0. 48.652 -0.039 -0.999 -0. -6.730 0. 0. -1. 0.
0.999 -0.040 -0. 50.445 -0.040 -0.999 -0. -6.791 0. 0. -1. 0.
0.999 -0.037 -0. 52.271 -0.037 -0.999 -0. -6.883 0. 0. -1. 0.
0.999 -0.040 -0. 54.100 -0.040 -0.999 -0. -7.027 0. 0. -1. 0.
0.999 -0.038 -0. 55.958 -0.038 -0.999 -0. -7.119 0. 0. -1. 0.
0.999 -0.041 -0. 57.840 -0.041 -0.999 -0. -7.287 0. 0. -1. 0.
0.999 -0.034 -0. 59.725 -0.034 -0.999 -0. -7.360 0. 0. -1. 0.
1.000 -0.028 -0. 61.721 -0.028 -1.000 -0. -7.494 0. 0. -1. 0.
1.000 -0.022 -0. 63.656 -0.022 -1.000 -0. -7.644 0. 0. -1. 0.
1.000 -0.017 -0. 65.539 -0.017 -1.000 -0. -7.748 0. 0. -1. 0.
1. -0.011 -0. 67.480 -0.011 -1. -0. -7.707 0. 0. -1. 0.
1. -0.010 -0. 69.407 -0.010 -1. -0. -7.771 0. 0. -1. 0.
1. -0.003 -0. 71.348 -0.003 -1. -0. -7.824 0. 0. -1. 0.
1. -0.000 -0. 73.204 -0.000 -1. -0. -7.881 0. 0. -1. 0.
1. 0.003 0. 75.114 0.003 -1. -0. -7.879 0. 0. -1. 0.
1. 0.009 0. 77.030 0.009 -1. -0. -7.899 0. 0. -1. 0.
1. 0.005 0. 78.968 0.005 -1. -0. -7.893 0. 0. -1. 0.
1. -0.002 -0. 80.888 -0.002 -1. -0. -7.951 0. 0. -1. 0.
1.000 -0.017 -0. 82.827 -0.017 -1.000 -0. -7.995 0. 0. -1. 0.
0.999 -0.047 -0. 84.731 -0.047 -0.999 -0. -8.102 0. 0. -1. 0.
0.997 -0.079 -0. 86.624 -0.079 -0.997 -0. -8.275 0. 0. -1. 0.
0.994 -0.111 -0. 88.538 -0.111 -0.994 -0. -8.509 0. 0. -1. 0.
0.990 -0.144 -0. 90.421 -0.144 -0.990 -0. -8.840 0. 0. -1. 0.
0.982 -0.188 -0. 92.317 -0.188 -0.982 -0. -9.225 0. 0. -1. 0.
0.973 -0.231 -0. 94.127 -0.231 -0.973 -0. -9.655 0. 0. -1. 0.
0.960 -0.279 -0. 95.954 -0.279 -0.960 -0. -10.165 0. 0. -1. 0.
0.945 -0.326 -0. 97.610 -0.326 -0.945 -0. -10.798 0. 0. -1. 0.
0.929 -0.370 -0. 99.363 -0.370 -0.929 -0. -11.543 0. 0. -1. 0.
0.908 -0.419 -0. 101.083 -0.419 -0.908 -0. -12.299 0. 0. -1. 0.
0.886 -0.463 -0. 102.736 -0.463 -0.886 -0. -13.141 0. 0. -1. 0.
0.860 -0.510 -0. 104.240 -0.510 -0.860 -0. -14.103 0. 0. -1. 0.
0.832 -0.555 -0. 105.829 -0.555 -0.832 -0. -15.159 0. 0. -1. 0.
0.797 -0.603 -0. 107.358 -0.603 -0.797 -0. -16.259 0. 0. -1. 0.
0.756 -0.655 -0. 108.751 -0.655 -0.756 -0. -17.430 0. 0. -1. 0.
0.706 -0.708 -0. 109.947 -0.708 -0.706 -0. -18.682 0. 0. -1. 0.
0.653 -0.757 -0. 111.066 -0.757 -0.653 -0. -20.087 0. 0. -1. 0.
0.597 -0.802 -0. 112.078 -0.802 -0.597 -0. -21.494 0. 0. -1. 0.
0.541 -0.841 -0. 113.055 -0.841 -0.541 -0. -22.942 0. 0. -1. 0.
0.484 -0.875 -0. 113.823 -0.875 -0.484 -0. -24.489 0. 0. -1. 0.
0.442 -0.897 -0. 114.519 -0.897 -0.442 -0. -26.086 0. 0. -1. 0.
0.409 -0.913 -0. 115.185 -0.913 -0.409 -0. -27.680 0. 0. -1. 0.
0.386 -0.923 -0. 115.871 -0.923 -0.386 -0. -29.214 0. 0. -1. 0.
0.363 -0.932 -0. 116.378 -0.932 -0.363 -0. -30.833 0. 0. -1. 0.
0.346 -0.938 -0. 117.065 -0.938 -0.346 -0. -32.394 0. 0. -1. 0.
0.332 -0.943 -0. 117.545 -0.943 -0.332 -0. -33.976 0. 0. -1. 0.
0.325 -0.946 -0. 118.091 -0.946 -0.325 -0. -35.603 0. 0. -1. 0.
0.324 -0.946 -0. 118.577 -0.946 -0.324 -0. -37.200 0. 0. -1. 0.
0.326 -0.945 -0. 119.107 -0.945 -0.326 -0. -38.785 0. 0. -1. 0.
0.333 -0.943 -0. 119.583 -0.943 -0.333 -0. -40.377 0. 0. -1. 0.
0.341 -0.940 -0. 120.129 -0.940 -0.341 -0. -42.030 0. 0. -1. 0.
0.351 -0.936 -0. 120.631 -0.936 -0.351 -0. -43.613 0. 0. -1. 0.
0.363 -0.932 -0. 121.224 -0.932 -0.363 -0. -45.155 0. 0. -1. 0.
0.376 -0.927 -0. 121.869 -0.927 -0.376 -0. -46.681 0. 0. -1. 0.
0.390 -0.921 -0. 122.503 -0.921 -0.390 -0. -48.143 0. 0. -1. 0.
0.402 -0.916 -0. 123.036 -0.916 -0.402 -0. -49.555 0. 0. -1. 0.
0.418 -0.908 -0. 123.584 -0.908 -0.418 -0. -50.780 0. 0. -1. 0.
0.430 -0.903 -0. 124.132 -0.903 -0.430 -0. -51.832 0. 0. -1. 0.
0.442 -0.897 -0. 124.554 -0.897 -0.442 -0. -52.809 0. 0. -1. 0.
0.451 -0.892 -0. 124.913 -0.892 -0.451 -0. -53.624 0. 0. -1. 0.
0.460 -0.888 -0. 125.243 -0.888 -0.460 -0. -54.284 0. 0. -1. 0.
0.467 -0.884 -0. 125.543 -0.884 -0.467 -0. -54.819 0. 0. -1. 0.
0.472 -0.882 -0. 125.723 -0.882 -0.472 -0. -55.241 0. 0. -1. 0.
0.477 -0.879 -0. 125.984 -0.879 -0.477 -0. -55.583 0. 0. -1. 0.
0.481 -0.876 -0. 126.262 -0.876 -0.481 -0. -55.975 0. 0. -1. 0.
0.484 -0.875 -0. 126.408 -0.875 -0.484 -0. -56.438 0. 0. -1. 0.
0.488 -0.873 -0. 126.620 -0.873 -0.488 -0. -56.839 0. 0. -1. 0.
0.490 -0.871 -0. 126.854 -0.871 -0.490 -0. -57.261 0. 0. -1. 0.
0.494 -0.870 -0. 127.142 -0.870 -0.494 -0. -57.815 0. 0. -1. 0.
0.494 -0.869 -0. 127.580 -0.869 -0.494 -0. -58.381 0. 0. -1. 0.
0.496 -0.868 -0. 127.889 -0.868 -0.496 -0. -59.101 0. 0. -1. 0.
0.498 -0.867 -0. 128.299 -0.867 -0.498 -0. -59.910 0. 0. -1. 0.
0.499 -0.866 -0. 128.762 -0.866 -0.499 -0. -60.803 0. 0. -1. 0.
0.502 -0.865 -0. 129.264 -0.865 -0.502 -0. -61.718 0. 0. -1. 0.
0.504 -0.864 -0. 129.810 -0.864 -0.504 -0. -62.671 0. 0. -1. 0.
0.507 -0.862 -0. 130.431 -0.862 -0.507 -0. -63.787 0. 0. -1. 0.
0.511 -0.859 -0. 131.077 -0.859 -0.511 -0. -64.907 0. 0. -1. 0.
0.519 -0.855 -0. 131.714 -0.855 -0.519 -0. -66.054 0. 0. -1. 0.
0.532 -0.847 -0. 132.378 -0.847 -0.532 -0. -67.218 0. 0. -1. 0.
0.547 -0.837 -0. 133.123 -0.837 -0.547 -0. -68.388 0. 0. -1. 0.
0.565 -0.825 -0. 133.897 -0.825 -0.565 -0. -69.481 0. 0. -1. 0.
0.591 -0.806 -0. 134.720 -0.806 -0.591 -0. -70.600 0. 0. -1. 0.
0.625 -0.780 -0. 135.533 -0.780 -0.625 -0. -71.716 0. 0. -1. 0.
0.662 -0.749 -0. 136.368 -0.749 -0.662 -0. -72.770 0. 0. -1. 0.
0.697 -0.717 -0. 137.354 -0.717 -0.697 -0. -73.759 0. 0. -1. 0.
0.740 -0.673 -0. 138.296 -0.673 -0.740 -0. -74.569 0. 0. -1. 0.
0.794 -0.608 -0. 139.257 -0.608 -0.794 -0. -75.401 0. 0. -1. 0.
0.848 -0.530 -0. 140.358 -0.530 -0.848 -0. -76.127 0. 0. -1. 0.
0.898 -0.440 -0. 141.331 -0.440 -0.898 -0. -76.586 0. 0. -1. 0.
0.944 -0.329 -0. 142.381 -0.329 -0.944 -0. -77.031 0. 0. -1. 0.
0.979 -0.202 -0. 143.446 -0.202 -0.979 -0. -77.213 0. 0. -1. 0.
0.998 -0.062 -0. 144.375 -0.062 -0.998 -0. -77.250 0. 0. -1. 0.
0.996 0.085 0. 145.463 0.085 -0.996 -0. -77.137 0. 0. -1. 0.
0.971 0.241 0. 146.424 0.241 -0.971 -0. -76.937 0. 0. -1. 0.
0.918 0.397 0. 147.335 0.397 -0.918 -0. -76.517 0. 0. -1. 0.
0.838 0.546 0. 148.091 0.546 -0.838 -0. -75.961 0. 0. -1. 0.
0.730 0.684 0. 148.785 0.684 -0.730 -0. -75.387 0. 0. -1. 0.
0.598 0.802 0. 149.321 0.802 -0.598 -0. -74.557 0. 0. -1. 0.
0.445 0.895 0. 149.666 0.895 -0.445 -0. -73.722 0. 0. -1. 0.
0.282 0.959 0. 149.962 0.959 -0.282 -0. -72.881 0. 0. -1. 0.
0.106 0.994 0. 150.052 0.994 -0.106 -0. -71.995 0. 0. -1. 0.
-0.072 0.997 0. 149.981 0.997 0.072 0. -71.044 0. 0. -1. 0.
-0.249 0.969 0. 149.689 0.969 0.249 0. -70.154 0. 0. -1. 0.
-0.411 0.911 0. 149.287 0.911 0.411 0. -69.295 0. 0. -1. 0.
-0.551 0.835 0. 148.756 0.835 0.551 0. -68.391 0. 0. -1. 0.
-0.670 0.742 0. 148.041 0.742 0.670 0. -67.717 0. 0. -1. 0.
-0.765 0.644 0. 147.345 0.644 0.765 0. -67.005 0. 0. -1. 0.
-0.838 0.546 0. 146.376 0.546 0.838 0. -66.473 0. 0. -1. 0.
-0.888 0.460 0. 145.426 0.460 0.888 0. -65.975 0. 0. -1. 0.
-0.921 0.390 0. 144.497 0.390 0.921 0. -65.508 0. 0. -1. 0.
-0.939 0.343 0. 143.429 0.343 0.939 0. -65.215 0. 0. -1. 0.
-0.950 0.313 0. 142.364 0.313 0.950 0. -64.844 0. 0. -1. 0.
-0.957 0.291 0. 141.297 0.291 0.957 0. -64.491 0. 0. -1. 0.
-0.957 0.289 0. 140.093 0.289 0.957 0. -64.171 0. 0. -1. 0.
-0.950 0.311 0. 138.934 0.311 0.950 0. -63.765 0. 0. -1. 0.
-0.934 0.356 0. 137.796 0.356 0.934 0. -63.313 0. 0. -1. 0.
-0.915 0.404 0. 136.594 0.404 0.915 0. -62.842 0. 0. -1. 0.
-0.887 0.462 0. 135.489 0.462 0.887 0. -62.225 0. 0. -1. 0.
-0.856 0.516 0. 134.321 0.516 0.856 0. -61.514 0. 0. -1. 0.
-0.822 0.569 0. 133.128 0.569 0.822 0. -60.660 0. 0. -1. 0.
-0.784 0.621 0. 131.920 0.621 0.784 0. -59.686 0. 0. -1. 0.
-0.743 0.669 0. 130.812 0.669 0.743 0. -58.629 0. 0. -1. 0.
-0.702 0.713 0. 129.710 0.713 0.702 0. -57.446 0. 0. -1. 0.
-0.662 0.750 0. 128.680 0.750 0.662 0. -56.200 0. 0. -1. 0.
-0.623 0.782 0. 127.697 0.782 0.623 0. -54.876 0. 0. -1. 0.
-0.591 0.807 0. 126.700 0.807 0.591 0. -53.502 0. 0. -1. 0.
-0.565 0.825 0. 125.755 0.825 0.565 0. -52.118 0. 0. -1. 0.
-0.541 0.841 0. 124.816 0.841 0.541 0. -50.681 0. 0. -1. 0.
-0.515 0.857 0. 123.958 0.857 0.515 0. -49.163 0. 0. -1. 0.
-0.489 0.872 0. 123.120 0.872 0.489 0. -47.694 0. 0. -1. 0.
-0.465 0.885 0. 122.401 0.885 0.465 0. -46.202 0. 0. -1. 0.
-0.446 0.895 0. 121.681 0.895 0.446 0. -44.731 0. 0. -1. 0.
-0.428 0.904 0. 121.024 0.904 0.428 0. -43.132 0. 0. -1. 0.
-0.405 0.914 0. 120.300 0.914 0.405 0. -41.663 0. 0. -1. 0.
-0.381 0.925 0. 119.668 0.925 0.381 0. -40.106 0. 0. -1. 0.
-0.355 0.935 0. 119.128 0.935 0.355 0. -38.451 0. 0. -1. 0.
-0.334 0.943 0. 118.487 0.943 0.334 0. -36.828 0. 0. -1. 0.
-0.318 0.948 0. 117.962 0.948 0.318 0. -35.145 0. 0. -1. 0.
-0.310 0.951 0. 117.437 0.951 0.310 0. -33.468 0. 0. -1. 0.
-0.312 0.950 0. 116.885 0.950 0.312 0. -31.783 0. 0. -1. 0.
-0.324 0.946 0. 116.360 0.946 0.324 0. -30.087 0. 0. -1. 0.
-0.346 0.938 0. 115.731 0.938 0.346 0. -28.421 0. 0. -1. 0.
-0.383 0.924 0. 115.176 0.924 0.383 0. -26.734 0. 0. -1. 0.
-0.425 0.905 0. 114.451 0.905 0.425 0. -25.056 0. 0. -1. 0.
-0.472 0.881 0. 113.713 0.881 0.472 0. -23.441 0. 0. -1. 0.
-0.518 0.855 0. 112.738 0.855 0.518 0. -21.867 0. 0. -1. 0.
-0.570 0.822 0. 111.793 0.822 0.570 0. -20.344 0. 0. -1. 0.
-0.623 0.782 0. 110.704 0.782 0.623 0. -18.882 0. 0. -1. 0.
-0.673 0.740 0. 109.456 0.740 0.673 0. -17.477 0. 0. -1. 0.
-0.720 0.694 0. 108.225 0.694 0.720 0. -16.147 0. 0. -1. 0.
-0.763 0.647 0. 106.875 0.647 0.763 0. -14.921 0. 0. -1. 0.
-0.801 0.598 0. 105.380 0.598 0.801 0. -13.832 0. 0. -1. 0.
-0.838 0.546 0. 103.860 0.546 0.838 0. -12.766 0. 0. -1. 0.
-0.870 0.493 0. 102.331 0.493 0.870 0. -11.790 0. 0. -1. 0.
-0.897 0.441 0. 100.602 0.441 0.897 0. -10.983 0. 0. -1. 0.
-0.922 0.386 0. 98.939 0.386 0.922 0. -10.210 0. 0. -1. 0.
-0.943 0.332 0. 97.136 0.332 0.943 0. -9.516 0. 0. -1. 0.
-0.960 0.278 0. 95.351 0.278 0.960 0. -9.004 0. 0. -1. 0.
-0.974 0.225 0. 93.458 0.225 0.974 0. -8.555 0. 0. -1. 0.
-0.985 0.172 0. 91.610 0.172 0.985 0. -8.077 0. 0. -1. 0.
-0.992 0.127 0. 89.581 0.127 0.992 0. -7.852 0. 0. -1. 0.
-0.996 0.092 0. 87.602 0.092 0.996 0. -7.648 0. 0. -1. 0.
-0.998 0.066 0. 85.618 0.066 0.998 0. -7.509 0. 0. -1. 0.
-0.999 0.047 0. 83.626 0.047 0.999 0. -7.398 0. 0. -1. 0.
-0.999 0.033 0. 81.614 0.033 0.999 0. -7.289 0. 0. -1. 0.
-1.000 0.025 0. 79.619 0.025 1.000 0. -7.168 0. 0. -1. 0.
-1.000 0.017 0. 77.540 0.017 1.000 0. -7.093 0. 0. -1. 0.
-1. 0.014 0. 75.478 0.014 1. 0. -7.016 0. 0. -1. 0.
-1. 0.007 0. 73.404 0.007 1. 0. -6.967 0. 0. -1. 0.
-1. 0.001 0. 71.342 0.001 1. 0. -6.969 0. 0. -1. 0.
-1. -0.001 -0. 69.232 -0.001 1. 0. -6.891 0. 0. -1. 0.
-1. -0.005 -0. 67.080 -0.005 1. 0. -6.913 0. 0. -1. 0.
-1. -0.010 -0. 65.013 -0.010 1. 0. -6.852 0. 0. -1. 0.
-1.000 -0.020 -0. 62.872 -0.020 1.000 0. -6.845 0. 0. -1. 0.
-1.000 -0.031 -0. 60.776 -0.031 1.000 0. -6.800 0. 0. -1. 0.
-0.999 -0.033 -0. 58.656 -0.033 0.999 0. -6.786 0. 0. -1. 0.
-1.000 -0.028 -0. 56.612 -0.028 1.000 0. -6.901 0. 0. -1. 0.
-1.000 -0.021 -0. 54.550 -0.021 1.000 0. -6.838 0. 0. -1. 0.
-1.000 -0.015 -0. 52.498 -0.015 1.000 0. -6.877 0. 0. -1. 0.
-1. -0.005 -0. 50.474 -0.005 1. 0. -6.830 0. 0. -1. 0.
-1. 0.002 0. 48.446 0.002 1. 0. -6.819 0. 0. -1. 0.
-1. 0.008 0. 46.449 0.008 1. 0. -6.794 0. 0. -1. 0.
-1.000 0.018 0. 44.473 0.018 1.000 0. -6.769 0. 0. -1. 0.
-1.000 0.030 0. 42.475 0.030 1.000 0. -6.724 0. 0. -1. 0.
-0.999 0.046 0. 40.448 0.046 0.999 0. -6.533 0. 0. -1. 0.
-0.998 0.060 0. 38.463 0.060 0.998 0. -6.318 0. 0. -1. 0.
-0.997 0.073 0. 36.430 0.073 0.997 0. -6.163 0. 0. -1. 0.
-0.996 0.084 0. 34.370 0.084 0.996 0. -5.892 0. 0. -1. 0.
-0.995 0.096 0. 32.401 0.096 0.995 0. -5.686 0. 0. -1. 0.
-0.994 0.109 0. 30.384 0.109 0.994 0. -5.454 0. 0. -1. 0.
-0.993 0.115 0. 28.341 0.115 0.993 0. -5.161 0. 0. -1. 0.
-0.992 0.124 0. 26.288 0.124 0.992 0. -4.911 0. 0. -1. 0.
-0.991 0.132 0. 24.239 0.132 0.991 0. -4.583 0. 0. -1. 0.
-0.990 0.139 0. 22.198 0.139 0.990 0. -4.305 0. 0. -1. 0.
-0.990 0.144 0. 20.170 0.144 0.990 0. -3.952 0. 0. -1. 0.
-0.989 0.148 0. 18.142 0.148 0.989 0. -3.659 0. 0. -1. 0.
-0.989 0.150 0. 16.058 0.150 0.989 0. -3.276 0. 0. -1. 0.
-0.989 0.150 0. 14.039 0.150 0.989 0. -2.972 0. 0. -1. 0.
-0.988 0.151 0. 12.056 0.151 0.988 0. -2.660 0. 0. -1. 0.
-0.989 0.151 0. 10.069 0.151 0.989 0. -2.374 0. 0. -1. 0.
-0.989 0.147 0. 8.135 0.147 0.989 0. -2. 0. 0. -1. 0.
-0.990 0.143 0. 6.308 0.143 0.990 0. -1.715 0. 0. -1. 0.
-0.991 0.132 0. 4.569 0.132 0.991 0. -1.491 0. 0. -1. 0.
-0.992 0.124 0. 2.953 0.124 0.992 0. -1.218 0. 0. -1. 0.
-0.993 0.120 0. 1.330 0.120 0.993 0. -1.019 0. 0. -1. 0.
-0.994 0.114 0. -0.076 0.114 0.994 0. -0.824 0. 0. -1. 0.
-0.994 0.114 0. -1.422 0.114 0.994 0. -0.599 0. 0. -1. 0.
-0.994 0.112 0. -2.651 0.112 0.994 0. -0.459 0. 0. -1. 0.
-0.994 0.110 0. -3.749 0.110 0.994 0. -0.325 0. 0. -1. 0.
-0.994 0.107 0. -4.752 0.107 0.994 0. -0.232 0. 0. -1. 0.
-0.994 0.105 0. -5.638 0.105 0.994 0. -0.047 0. 0. -1. 0.
-0.994 0.105 0. -6.543 0.105 0.994 0. 0.071 0. 0. -1. 0.
-0.995 0.098 0. -7.308 0.098 0.995 0. 0.165 0. 0. -1. 0.
-0.996 0.093 0. -8.047 0.093 0.996 0. 0.269 0. 0. -1. 0.
-0.996 0.092 0. -8.654 0.092 0.996 0. 0.309 0. 0. -1. 0.
-0.996 0.084 0. -9.154 0.084 0.996 0. 0.408 0. 0. -1. 0.
-0.997 0.081 0. -9.549 0.081 0.997 0. 0.446 0. 0. -1. 0.
-0.997 0.080 0. -9.853 0.080 0.997 0. 0.478 0. 0. -1. 0.
-0.997 0.078 0. -10.066 0.078 0.997 0. 0.470 0. 0. -1. 0.
-0.997 0.077 0. -10.326 0.077 0.997 0. 0.492 0. 0. -1. 0.
-0.997 0.075 0. -10.641 0.075 0.997 0. 0.504 0. 0. -1. 0.
-0.997 0.074 0. -10.955 0.074 0.997 0. 0.516 0. 0. -1. 0.
-0.997 0.071 0. -11.314 0.071 0.997 0. 0.579 0. 0. -1. 0.
-0.997 0.071 0. -11.801 0.071 0.997 0. 0.563 0. 0. -1. 0.
-0.998 0.069 0. -12.460 0.069 0.998 0. 0.726 0. 0. -1. 0.
-0.998 0.066 0. -13.280 0.066 0.998 0. 0.764 0. 0. -1. 0.
-0.998 0.065 0. -14.218 0.065 0.998 0. 0.831 0. 0. -1. 0.
-0.998 0.062 0. -15.199 0.062 0.998 0. 0.921 0. 0. -1. 0.
-0.998 0.061 0. -16.356 0.061 0.998 0. 0.974 0. 0. -1. 0.
-0.998 0.060 0. -17.558 0.060 0.998 0. 1.086 0. 0. -1. 0.
-0.998 0.060 0. -18.852 0.060 0.998 0. 1.244 0. 0. -1. 0.
-0.998 0.060 0. -20.122 0.060 0.998 0. 1.336 0. 0. -1. 0.
-0.998 0.059 0. -21.641 0.059 0.998 0. 1.440 0. 0. -1. 0.
-0.999 0.055 0. -23.121 0.055 0.999 0. 1.559 0. 0. -1. 0.
-0.999 0.050 0. -24.749 0.050 0.999 0. 1.649 0. 0. -1. 0.
-0.999 0.046 0. -26.439 0.046 0.999 0. 1.716 0. 0. -1. 0.
-0.999 0.045 0. -28.106 0.045 0.999 0. 1.818 0. 0. -1. 0.
-0.999 0.040 0. -29.854 0.040 0.999 0. 1.859 0. 0. -1. 0.
-0.999 0.041 0. -31.666 0.041 0.999 0. 1.979 0. 0. -1. 0.
-0.999 0.035 0. -33.513 0.035 0.999 0. 2.132 0. 0. -1. 0.
-0.999 0.035 0. -35.421 0.035 0.999 0. 2.150 0. 0. -1. 0.
-1.000 0.031 0. -37.289 0.031 1.000 0. 2.269 0. 0. -1. 0.
-0.999 0.033 0. -39.299 0.033 0.999 0. 2.365 0. 0. -1. 0.
-1.000 0.031 0. -41.244 0.031 1.000 0. 2.412 0. 0. -1. 0.
-0.999 0.035 0. -43.257 0.035 0.999 0. 2.599 0. 0. -1. 0.
-0.999 0.039 0. -45.268 0.039 0.999 0. 2.658 0. 0. -1. 0.
-0.999 0.047 0. -47.226 0.047 0.999 0. 2.753 0. 0. -1. 0.
-0.998 0.064 0. -49.255 0.064 0.998 0. 2.954 0. 0. -1. 0.
-0.996 0.087 0. -51.085 0.087 0.996 0. 3.124 0. 0. -1. 0.
-0.994 0.108 0. -52.988 0.108 0.994 0. 3.360 0. 0. -1. 0.
-0.991 0.135 0. -54.665 0.135 0.991 0. 3.585 0. 0. -1. 0.
-0.986 0.165 0. -56.298 0.165 0.986 0. 3.867 0. 0. -1. 0.
-0.977 0.212 0. -57.847 0.212 0.977 0. 4.206 0. 0. -1. 0.
-0.963 0.271 0. -59.237 0.271 0.963 0. 4.645 0. 0. -1. 0.
-0.942 0.336 0. -60.547 0.336 0.942 0. 5.142 0. 0. -1. 0.
-0.914 0.406 0. -61.741 0.406 0.914 0. 5.687 0. 0. -1. 0.
-0.879 0.477 0. -62.781 0.477 0.879 0. 6.275 0. 0. -1. 0.
-0.831 0.557 0. -63.769 0.557 0.831 0. 6.992 0. 0. -1. 0.
-0.769 0.640 0. -64.642 0.640 0.769 0. 7.755 0. 0. -1. 0.
-0.698 0.716 0. -65.503 0.716 0.698 0. 8.660 0. 0. -1. 0.
-0.620 0.784 0. -66.181 0.784 0.620 0. 9.612 0. 0. -1. 0.
-0.535 0.845 0. -66.782 0.845 0.535 0. 10.636 0. 0. -1. 0.
-0.441 0.897 0. -67.315 0.897 0.441 0. 11.776 0. 0. -1. 0.
-0.343 0.939 0. -67.776 0.939 0.343 0. 12.960 0. 0. -1. 0.
-0.249 0.969 0. -68.029 0.969 0.249 0. 14.324 0. 0. -1. 0.
-0.153 0.988 0. -68.294 0.988 0.153 0. 15.659 0. 0. -1. 0.
-0.070 0.998 0. -68.483 0.998 0.070 0. 17.147 0. 0. -1. 0.
-0.026 1.000 0. -68.635 1.000 0.026 0. 18.686 0. 0. -1. 0.
-0.001 1. 0. -68.406 1. 0.001 0. 20.284 0. 0. -1. 0.
0.013 1. 0. -68.399 1. -0.013 -0. 21.952 0. 0. -1. 0.
0.026 1.000 0. -68.177 1.000 -0.026 -0. 23.573 0. 0. -1. 0.
0.028 1.000 0. -68.224 1.000 -0.028 -0. 25.335 0. 0. -1. 0.
0.031 1.000 0. -68.090 1.000 -0.031 -0. 27.081 0. 0. -1. 0.
0.035 0.999 0. -67.989 0.999 -0.035 -0. 28.891 0. 0. -1. 0.
0.044 0.999 0. -67.869 0.999 -0.044 -0. 30.633 0. 0. -1. 0.
0.053 0.999 0. -67.733 0.999 -0.053 -0. 32.494 0. 0. -1. 0.
0.067 0.998 0. -67.521 0.998 -0.067 -0. 34.462 0. 0. -1. 0.
0.089 0.996 0. -67.308 0.996 -0.089 -0. 36.385 0. 0. -1. 0.
0.115 0.993 0. -67.065 0.993 -0.115 -0. 38.310 0. 0. -1. 0.
0.147 0.989 0. -66.730 0.989 -0.147 -0. 40.396 0. 0. -1. 0.
0.173 0.985 0. -66.378 0.985 -0.173 -0. 42.399 0. 0. -1. 0.
0.192 0.981 0. -65.846 0.981 -0.192 -0. 44.419 0. 0. -1. 0.
0.205 0.979 0. -65.512 0.979 -0.205 -0. 46.387 0. 0. -1. 0.
0.204 0.979 0. -64.926 0.979 -0.204 -0. 48.526 0. 0. -1. 0.
0.191 0.982 0. -64.491 0.982 -0.191 -0. 50.399 0. 0. -1. 0.
0.170 0.985 0. -64.116 0.985 -0.170 -0. 52.260 0. 0. -1. 0.
0.150 0.989 0. -63.786 0.989 -0.150 -0. 54.334 0. 0. -1. 0.
0.127 0.992 0. -63.471 0.992 -0.127 -0. 56.314 0. 0. -1. 0.
0.106 0.994 0. -63.146 0.994 -0.106 -0. 58.265 0. 0. -1. 0.
0.081 0.997 0. -62.988 0.997 -0.081 -0. 60.173 0. 0. -1. 0.
0.063 0.998 0. -62.806 0.998 -0.063 -0. 62.072 0. 0. -1. 0.
0.046 0.999 0. -62.753 0.999 -0.046 -0. 63.931 0. 0. -1. 0.
0.032 0.999 0. -62.682 0.999 -0.032 -0. 65.848 0. 0. -1. 0.
0.024 1.000 0. -62.560 1.000 -0.024 -0. 67.641 0. 0. -1. 0.
0.017 1.000 0. -62.545 1.000 -0.017 -0. 69.545 0. 0. -1. 0.
0.012 1. 0. -62.433 1. -0.012 -0. 71.463 0. 0. -1. 0.
0.011 1. 0. -62.334 1. -0.011 -0. 73.256 0. 0. -1. 0.
0.012 1. 0. -62.311 1. -0.012 -0. 75.004 0. 0. -1. 0.
0.009 1. 0. -62.310 1. -0.009 -0. 76.775 0. 0. -1. 0.
0.008 1. 0. -62.180 1. -0.008 -0. 78.654 0. 0. -1. 0.
0.009 1. 0. -62.095 1. -0.009 -0. 80.379 0. 0. -1. 0.
0.009 1. 0. -62.088 1. -0.009 -0. 82.074 0. 0. -1. 0.
-0.002 1. 0. -62.064 1. 0.002 0. 83.731 0. 0. -1. 0.
-0.026 1.000 0. -62.043 1.000 0.026 0. 85.348 0. 0. -1. 0.
-0.065 0.998 0. -62.130 0.998 0.065 0. 86.851 0. 0. -1. 0.
-0.124 0.992 0. -62.266 0.992 0.124 0. 88.234 0. 0. -1. 0.
-0.195 0.981 0. -62.480 0.981 0.195 0. 89.710 0. 0. -1. 0.
-0.286 0.958 0. -62.899 0.958 0.286 0. 91.004 0. 0. -1. 0.
-0.380 0.925 0. -63.277 0.925 0.380 0. 92.331 0. 0. -1. 0.
-0.476 0.879 0. -63.954 0.879 0.476 0. 93.511 0. 0. -1. 0.
-0.560 0.828 0. -64.678 0.828 0.560 0. 94.656 0. 0. -1. 0.
-0.641 0.768 0. -65.532 0.768 0.641 0. 95.634 0. 0. -1. 0.
-0.715 0.699 0. -66.465 0.699 0.715 0. 96.564 0. 0. -1. 0.
-0.778 0.628 0. -67.493 0.628 0.778 0. 97.532 0. 0. -1. 0.
-0.831 0.556 0. -68.631 0.556 0.831 0. 98.323 0. 0. -1. 0.
-0.872 0.489 0. -69.848 0.489 0.872 0. 98.932 0. 0. -1. 0.
-0.908 0.419 0. -71.144 0.419 0.908 0. 99.605 0. 0. -1. 0.
-0.935 0.354 0. -72.601 0.354 0.935 0. 100.130 0. 0. -1. 0.
-0.954 0.298 0. -74.129 0.298 0.954 0. 100.618 0. 0. -1. 0.
-0.968 0.251 0. -75.591 0.251 0.968 0. 101.138 0. 0. -1. 0.
-0.976 0.220 0. -77.182 0.220 0.976 0. 101.421 0. 0. -1. 0.
-0.979 0.203 0. -78.774 0.203 0.979 0. 101.820 0. 0. -1. 0.
-0.979 0.202 0. -80.381 0.202 0.979 0. 102.133 0. 0. -1. 0.
-0.975 0.222 0. -82.049 0.222 0.975 0. 102.494 0. 0. -1. 0.
-0.966 0.258 0. -83.570 0.258 0.966 0. 102.933 0. 0. -1. 0.
-0.951 0.310 0. -85.235 0.310 0.951 0. 103.460 0. 0. -1. 0.
-0.928 0.372 0. -86.798 0.372 0.928 0. 104.120 0. 0. -1. 0.
-0.898 0.440 0. -88.281 0.440 0.898 0. 105.025 0. 0. -1. 0.
-0.865 0.501 0. -89.780 0.501 0.865 0. 105.956 0. 0. -1. 0.
-0.832 0.555 0. -91.267 0.555 0.832 0. 106.934 0. 0. -1. 0.
-0.797 0.603 0. -92.750 0.603 0.797 0. 108.056 0. 0. -1. 0.
-0.767 0.641 0. -94.115 0.641 0.767 0. 109.251 0. 0. -1. 0.
-0.743 0.669 0. -95.551 0.669 0.743 0. 110.512 0. 0. -1. 0.
-0.723 0.691 0. -97.018 0.691 0.723 0. 111.808 0. 0. -1. 0.
-0.706 0.708 0. -98.383 0.708 0.706 0. 113.245 0. 0. -1. 0.
-0.694 0.720 0. -99.803 0.720 0.694 0. 114.724 0. 0. -1. 0.
-0.691 0.723 0. -101.202 0.723 0.691 0. 116.222 0. 0. -1. 0.
-0.688 0.725 0. -102.608 0.725 0.688 0. 117.869 0. 0. -1. 0.
-0.689 0.725 0. -104.075 0.725 0.689 0. 119.445 0. 0. -1. 0.
-0.691 0.723 0. -105.632 0.723 0.691 0. 121.018 0. 0. -1. 0.
-0.689 0.725 0. -107.083 0.725 0.689 0. 122.833 0. 0. -1. 0.
-0.690 0.724 0. -108.539 0.724 0.690 0. 124.452 0. 0. -1. 0.
-0.685 0.729 0. -110.082 0.729 0.685 0. 125.950 0. 0. -1. 0.
-0.683 0.731 0. -111.619 0.731 0.683 0. 127.610 0. 0. -1. 0.
-0.678 0.735 0. -113.049 0.735 0.678 0. 129.251 0. 0. -1. 0.
-0.675 0.738 0. -114.505 0.738 0.675 0. 130.854 0. 0. -1. 0.
-0.672 0.740 0. -115.887 0.740 0.672 0. 132.441 0. 0. -1. 0.
-0.672 0.740 0. -117.450 0.740 0.672 0. 134.067 0. 0. -1. 0.
-0.674 0.738 0. -118.803 0.738 0.674 0. 135.686 0. 0. -1. 0.
-0.678 0.735 0. -120.255 0.735 0.678 0. 137.349 0. 0. -1. 0.
-0.680 0.733 0. -121.607 0.733 0.680 0. 138.994 0. 0. -1. 0.
-0.680 0.734 0. -123.091 0.734 0.680 0. 140.588 0. 0. -1. 0.
-0.676 0.737 0. -124.518 0.737 0.676 0. 142.355 0. 0. -1. 0.
-0.675 0.738 0. -125.971 0.738 0.675 0. 143.960 0. 0. -1. 0.
-0.673 0.739 0. -127.395 0.739 0.673 0. 145.699 0. 0. -1. 0.
-0.672 0.740 0. -128.827 0.740 0.672 0. 147.470 0. 0. -1. 0.
-0.670 0.743 0. -130.220 0.743 0.670 0. 149.129 0. 0. -1. 0.
-0.667 0.745 0. -131.714 0.745 0.667 0. 150.745 0. 0. -1. 0.
-0.663 0.748 0. -133.165 0.748 0.663 0. 152.406 0. 0. -1. 0.
-0.658 0.753 0. -134.655 0.753 0.658 0. 154.110 0. 0. -1. 0.
-0.648 0.761 0. -136.076 0.761 0.648 0. 155.796 0. 0. -1. 0.
-0.639 0.769 0. -137.433 0.769 0.639 0. 157.545 0. 0. -1. 0.
-0.628 0.778 0. -138.856 0.778 0.628 0. 159.318 0. 0. -1. 0.
-0.617 0.787 0. -140.272 0.787 0.617 0. 161.119 0. 0. -1. 0.
-0.603 0.798 0. -141.490 0.798 0.603 0. 162.989 0. 0. -1. 0.
-0.579 0.815 0. -142.851 0.815 0.579 0. 164.847 0. 0. -1. 0.
-0.550 0.835 0. -143.969 0.835 0.550 0. 166.763 0. 0. -1. 0.
-0.518 0.855 0. -145.075 0.855 0.518 0. 168.654 0. 0. -1. 0.
-0.487 0.873 0. -146.150 0.873 0.487 0. 170.593 0. 0. -1. 0.
-0.454 0.891 0. -147.135 0.891 0.454 0. 172.598 0. 0. -1. 0.
-0.421 0.907 0. -148.102 0.907 0.421 0. 174.571 0. 0. -1. 0.
-0.389 0.921 0. -148.987 0.921 0.389 0. 176.622 0. 0. -1. 0.
-0.356 0.934 0. -149.816 0.934 0.356 0. 178.705 0. 0. -1. 0.
-0.321 0.947 0. -150.452 0.947 0.321 0. 180.761 0. 0. -1. 0.
-0.287 0.958 0. -151.007 0.958 0.287 0. 182.821 0. 0. -1. 0.
-0.256 0.967 0. -151.530 0.967 0.256 0. 184.942 0. 0. -1. 0.
-0.231 0.973 0. -151.950 0.973 0.231 0. 187.058 0. 0. -1. 0.
-0.210 0.978 0. -152.438 0.978 0.210 0. 189.151 0. 0. -1. 0.
-0.184 0.983 0. -152.769 0.983 0.184 0. 191.291 0. 0. -1. 0.
-0.158 0.987 0. -153.117 0.987 0.158 0. 193.369 0. 0. -1. 0.
-0.133 0.991 0. -153.291 0.991 0.133 0. 195.504 0. 0. -1. 0.
-0.112 0.994 0. -153.578 0.994 0.112 0. 197.605 0. 0. -1. 0.
-0.098 0.995 0. -153.716 0.995 0.098 0. 199.728 0. 0. -1. 0.
-0.087 0.996 0. -153.846 0.996 0.087 0. 201.845 0. 0. -1. 0.
-0.077 0.997 0. -153.971 0.997 0.077 0. 203.911 0. 0. -1. 0.
-0.073 0.997 0. -154.123 0.997 0.073 0. 206.005 0. 0. -1. 0.
-0.072 0.997 0. -154.203 0.997 0.072 0. 208.155 0. 0. -1. 0.
-0.076 0.997 0. -154.339 0.997 0.076 0. 210.277 0. 0. -1. 0.
-0.081 0.997 0. -154.498 0.997 0.081 0. 212.392 0. 0. -1. 0.
-0.086 0.996 0. -154.559 0.996 0.086 0. 214.549 0. 0. -1. 0.
-0.098 0.995 0. -154.722 0.995 0.098 0. 216.700 0. 0. -1. 0.
-0.116 0.993 0. -154.995 0.993 0.116 0. 218.836 0. 0. -1. 0.
-0.143 0.990 0. -155.186 0.990 0.143 0. 221.006 0. 0. -1. 0.
-0.177 0.984 0. -155.574 0.984 0.177 0. 223.123 0. 0. -1. 0.
-0.228 0.974 0. -155.941 0.974 0.228 0. 225.250 0. 0. -1. 0.
-0.283 0.959 0. -156.514 0.959 0.283 0. 227.312 0. 0. -1. 0.
-0.343 0.939 0. -157.164 0.939 0.343 0. 229.289 0. 0. -1. 0.
-0.403 0.915 0. -158.051 0.915 0.403 0. 231.292 0. 0. -1. 0.
-0.470 0.883 0. -158.939 0.883 0.470 0. 233.152 0. 0. -1. 0.
-0.534 0.846 0. -160.002 0.846 0.534 0. 234.912 0. 0. -1. 0.
-0.596 0.803 0. -161.170 0.803 0.596 0. 236.642 0. 0. -1. 0.
-0.660 0.751 0. -162.470 0.751 0.660 0. 238.261 0. 0. -1. 0.
-0.726 0.688 0. -163.988 0.688 0.726 0. 239.715 0. 0. -1. 0.
-0.783 0.623 0. -165.591 0.623 0.783 0. 240.999 0. 0. -1. 0.
-0.834 0.551 0. -167.199 0.551 0.834 0. 242.209 0. 0. -1. 0.
-0.875 0.484 0. -168.995 0.484 0.875 0. 243.243 0. 0. -1. 0.
-0.906 0.423 0. -170.775 0.423 0.906 0. 244.103 0. 0. -1. 0.
-0.928 0.373 0. -172.575 0.373 0.928 0. 244.908 0. 0. -1. 0.
-0.942 0.336 0. -174.408 0.336 0.942 0. 245.630 0. 0. -1. 0.
-0.950 0.312 0. -176.295 0.312 0.950 0. 246.305 0. 0. -1. 0.
-0.955 0.297 0. -178.199 0.297 0.955 0. 246.973 0. 0. -1. 0.
-0.958 0.285 0. -180.067 0.285 0.958 0. 247.580 0. 0. -1. 0.
-0.961 0.275 0. -182.046 0.275 0.961 0. 248.137 0. 0. -1. 0.
-0.965 0.263 0. -184.050 0.263 0.965 0. 248.742 0. 0. -1. 0.
-0.965 0.260 0. -186.184 0.260 0.965 0. 249.346 0. 0. -1. 0.
-0.965 0.263 0. -188.144 0.263 0.965 0. 249.958 0. 0. -1. 0.
-0.964 0.266 0. -190.168 0.266 0.964 0. 250.534 0. 0. -1. 0.
-0.964 0.267 0. -192.254 0.267 0.964 0. 251.144 0. 0. -1. 0.
-0.963 0.268 0. -194.373 0.268 0.963 0. 251.765 0. 0. -1. 0.
-0.963 0.271 0. -196.412 0.271 0.963 0. 252.397 0. 0. -1. 0.
-0.962 0.274 0. -198.482 0.274 0.962 0. 253.018 0. 0. -1. 0.
-0.961 0.276 0. -200.630 0.276 0.961 0. 253.676 0. 0. -1. 0.
-0.961 0.277 0. -202.813 0.277 0.961 0. 254.278 0. 0. -1. 0.
-0.961 0.278 0. -204.884 0.278 0.961 0. 254.917 0. 0. -1. 0.
-0.960 0.281 0. -207.026 0.281 0.960 0. 255.636 0. 0. -1. 0.
-0.958 0.288 0. -209.248 0.288 0.958 0. 256.284 0. 0. -1. 0.
-0.953 0.302 0. -211.352 0.302 0.953 0. 256.989 0. 0. -1. 0.
-0.948 0.318 0. -213.447 0.318 0.948 0. 257.724 0. 0. -1. 0.
-0.941 0.340 0. -215.465 0.340 0.941 0. 258.517 0. 0. -1. 0.
-0.930 0.367 0. -217.484 0.367 0.930 0. 259.343 0. 0. -1. 0.
-0.919 0.394 0. -219.481 0.394 0.919 0. 260.220 0. 0. -1. 0.
-0.907 0.420 0. -221.345 0.420 0.907 0. 261.150 0. 0. -1. 0.
-0.895 0.445 0. -223.253 0.445 0.895 0. 262.176 0. 0. -1. 0.
-0.882 0.471 0. -225.019 0.471 0.882 0. 263.158 0. 0. -1. 0.
-0.871 0.492 0. -226.693 0.492 0.871 0. 264.101 0. 0. -1. 0.
-0.861 0.509 0. -228.172 0.509 0.861 0. 264.996 0. 0. -1. 0.
-0.855 0.519 0. -229.538 0.519 0.855 0. 265.894 0. 0. -1. 0.
-0.854 0.520 0. -230.817 0.520 0.854 0. 266.723 0. 0. -1. 0.
-0.855 0.519 0. -231.946 0.519 0.855 0. 267.465 0. 0. -1. 0.
-0.857 0.515 0. -233.030 0.515 0.857 0. 268.114 0. 0. -1. 0.
-0.858 0.514 0. -234.031 0.514 0.858 0. 268.885 0. 0. -1. 0.
-0.862 0.508 0. -234.947 0.508 0.862 0. 269.359 0. 0. -1. 0.
-0.863 0.505 0. -235.739 0.505 0.863 0. 270.014 0. 0. -1. 0.
-0.864 0.503 0. -236.443 0.503 0.864 0. 270.292 0. 0. -1. 0.
-0.865 0.502 0. -237.038 0.502 0.865 0. 270.603 0. 0. -1. 0.
-0.866 0.500 0. -237.451 0.500 0.866 0. 270.903 0. 0. -1. 0.
-0.865 0.502 0. -237.804 0.502 0.865 0. 271.132 0. 0. -1. 0.
-0.864 0.503 0. -238.038 0.503 0.864 0. 271.322 0. 0. -1. 0.
-0.865 0.502 0. -238.220 0.502 0.865 0. 271.411 0. 0. -1. 0.
-0.865 0.502 0. -238.283 0.502 0.865 0. 271.442 0. 0. -1. 0.
-0.864 0.503 0. -238.245 0.503 0.864 0. 271.467 0. 0. -1. 0.
-0.865 0.501 0. -238.271 0.501 0.865 0. 271.435 0. 0. -1. 0.
-0.864 0.503 0. -238.288 0.503 0.864 0. 271.482 0. 0. -1. 0.
-0.865 0.501 0. -238.302 0.501 0.865 0. 271.415 0. 0. -1. 0.
-0.864 0.503 0. -238.298 0.503 0.864 0. 271.466 0. 0. -1. 0.
-0.865 0.502 0. -238.294 0.502 0.865 0. 271.446 0. 0. -1. 0.
-0.865 0.502 0. -238.307 0.502 0.865 0. 271.460 0. 0. -1. 0.
-0.866 0.501 0. -238.367 0.501 0.866 0. 271.441 0. 0. -1. 0.
-0.865 0.502 0. -238.422 0.502 0.865 0. 271.500 0. 0. -1. 0.
-0.864 0.503 0. -238.457 0.503 0.864 0. 271.536 0. 0. -1. 0.
-0.864 0.503 0. -238.519 0.503 0.864 0. 271.536 0. 0. -1. 0.
-0.864 0.503 0. -238.514 0.503 0.864 0. 271.581 0. 0. -1. 0.
-0.864 0.503 0. -238.556 0.503 0.864 0. 271.600 0. 0. -1. 0.
-0.864 0.504 0. -238.573 0.504 0.864 0. 271.631 0. 0. -1. 0.
-0.863 0.505 0. -238.660 0.505 0.863 0. 271.677 0. 0. -1. 0.
-0.864 0.504 0. -238.751 0.504 0.864 0. 271.719 0. 0. -1. 0.
-0.863 0.505 0. -238.782 0.505 0.863 0. 271.789 0. 0. -1. 0.
-0.863 0.505 0. -238.871 0.505 0.863 0. 271.799 0. 0. -1. 0.
-0.863 0.505 0. -238.970 0.505 0.863 0. 271.822 0. 0. -1. 0.
-0.862 0.507 0. -239.084 0.507 0.862 0. 271.882 0. 0. -1. 0.
-0.862 0.507 0. -239.171 0.507 0.862 0. 271.996 0. 0. -1. 0.
-0.861 0.508 0. -239.321 0.508 0.861 0. 272.074 0. 0. -1. 0.
-0.861 0.509 0. -239.451 0.509 0.861 0. 272.131 0. 0. -1. 0.
-0.859 0.511 0. -239.603 0.511 0.859 0. 272.224 0. 0. -1. 0.
-0.859 0.512 0. -239.767 0.512 0.859 0. 272.311 0. 0. -1. 0.
-0.858 0.514 0. -239.940 0.514 0.858 0. 272.409 0. 0. -1. 0.
-0.855 0.519 0. -240.129 0.519 0.855 0. 272.557 0. 0. -1. 0.
-0.849 0.528 0. -240.356 0.528 0.849 0. 272.688 0. 0. -1. 0.
-0.837 0.547 0. -240.629 0.547 0.837 0. 272.892 0. 0. -1. 0.
-0.815 0.579 0. -241.021 0.579 0.815 0. 273.237 0. 0. -1. 0.
-0.783 0.622 0. -241.431 0.622 0.783 0. 273.597 0. 0. -1. 0.
-0.744 0.668 0. -241.964 0.668 0.744 0. 274.111 0. 0. -1. 0.
-0.693 0.721 0. -242.601 0.721 0.693 0. 274.692 0. 0. -1. 0.
-0.635 0.773 0. -243.200 0.773 0.635 0. 275.452 0. 0. -1. 0.
-0.558 0.830 0. -243.791 0.830 0.558 0. 276.365 0. 0. -1. 0.
-0.464 0.886 0. -244.181 0.886 0.464 0. 277.449 0. 0. -1. 0.
-0.357 0.934 0. -244.581 0.934 0.357 0. 278.452 0. 0. -1. 0.
-0.246 0.969 0. -244.730 0.969 0.246 0. 279.652 0. 0. -1. 0.
-0.118 0.993 0. -244.894 0.993 0.118 0. 280.867 0. 0. -1. 0.
0.011 1. 0. -244.774 1. -0.011 -0. 282.083 0. 0. -1. 0.
0.135 0.991 0. -244.595 0.991 -0.135 -0. 283.353 0. 0. -1. 0.
0.231 0.973 0. -244.185 0.973 -0.231 -0. 284.609 0. 0. -1. 0.
0.280 0.960 0. -243.749 0.960 -0.280 -0. 286.003 0. 0. -1. 0.
0.302 0.953 0. -243.206 0.953 -0.302 -0. 287.677 0. 0. -1. 0.
0.305 0.952 0. -242.638 0.952 -0.305 -0. 289.386 0. 0. -1. 0.
0.299 0.954 0. -242.020 0.954 -0.299 -0. 291.116 0. 0. -1. 0.
0.294 0.956 0. -241.475 0.956 -0.294 -0. 292.963 0. 0. -1. 0.
0.293 0.956 0. -240.821 0.956 -0.293 -0. 294.826 0. 0. -1. 0.
0.293 0.956 0. -240.213 0.956 -0.293 -0. 296.793 0. 0. -1. 0.
0.291 0.957 0. -239.519 0.957 -0.291 -0. 298.846 0. 0. -1. 0.
0.291 0.957 0. -238.851 0.957 -0.291 -0. 301.038 0. 0. -1. 0.
0.291 0.957 0. -238.127 0.957 -0.291 -0. 303.247 0. 0. -1. 0.
0.290 0.957 0. -237.337 0.957 -0.290 -0. 305.610 0. 0. -1. 0.
0.290 0.957 0. -236.575 0.957 -0.290 -0. 308.002 0. 0. -1. 0.
0.292 0.956 0. -235.745 0.956 -0.292 -0. 310.447 0. 0. -1. 0.
0.292 0.956 0. -234.941 0.956 -0.292 -0. 312.915 0. 0. -1. 0.
0.292 0.956 0. -234.139 0.956 -0.292 -0. 315.433 0. 0. -1. 0.
0.292 0.956 0. -233.284 0.956 -0.292 -0. 318.039 0. 0. -1. 0.
0.293 0.956 0. -232.430 0.956 -0.293 -0. 320.704 0. 0. -1. 0.
0.293 0.956 0. -231.497 0.956 -0.293 -0. 323.424 0. 0. -1. 0.
0.294 0.956 0. -230.630 0.956 -0.294 -0. 326.199 0. 0. -1. 0.
0.295 0.955 0. -229.712 0.955 -0.295 -0. 329.038 0. 0. -1. 0.
0.295 0.955 0. -228.798 0.955 -0.295 -0. 331.881 0. 0. -1. 0.
0.296 0.955 0. -227.845 0.955 -0.296 -0. 334.732 0. 0. -1. 0.
0.296 0.955 0. -226.953 0.955 -0.296 -0. 337.544 0. 0. -1. 0.
0.297 0.955 0. -226.009 0.955 -0.297 -0. 340.362 0. 0. -1. 0.
0.296 0.955 0. -225.090 0.955 -0.296 -0. 343.166 0. 0. -1. 0.
0.298 0.954 0. -224.210 0.954 -0.298 -0. 345.941 0. 0. -1. 0.
0.299 0.954 0. -223.330 0.954 -0.299 -0. 348.697 0. 0. -1. 0.
0.297 0.955 0. -222.399 0.955 -0.297 -0. 351.515 0. 0. -1. 0.
0.295 0.956 0. -221.541 0.956 -0.295 -0. 354.308 0. 0. -1. 0.
0.293 0.956 0. -220.568 0.956 -0.293 -0. 357.157 0. 0. -1. 0.
0.293 0.956 0. -219.655 0.956 -0.293 -0. 360.007 0. 0. -1. 0.
0.292 0.956 0. -218.763 0.956 -0.292 -0. 362.876 0. 0. -1. 0.
0.291 0.957 0. -217.819 0.957 -0.291 -0. 365.806 0. 0. -1. 0.
0.292 0.957 0. -216.871 0.957 -0.292 -0. 368.728 0. 0. -1. 0.
0.292 0.957 0. -215.919 0.957 -0.292 -0. 371.669 0. 0. -1. 0.
0.293 0.956 0. -214.960 0.956 -0.293 -0. 374.593 0. 0. -1. 0.
0.291 0.957 0. -214.034 0.957 -0.291 -0. 377.537 0. 0. -1. 0.
0.293 0.956 0. -213.089 0.956 -0.293 -0. 380.545 0. 0. -1. 0.
0.292 0.956 0. -212.097 0.956 -0.292 -0. 383.557 0. 0. -1. 0.
0.293 0.956 0. -211.060 0.956 -0.293 -0. 386.574 0. 0. -1. 0.
0.291 0.957 0. -210.151 0.957 -0.291 -0. 389.630 0. 0. -1. 0.
0.291 0.957 0. -209.140 0.957 -0.291 -0. 392.703 0. 0. -1. 0.
0.290 0.957 0. -208.146 0.957 -0.290 -0. 395.803 0. 0. -1. 0.
0.294 0.956 0. -207.096 0.956 -0.294 -0. 398.990 0. 0. -1. 0.
0.291 0.957 0. -206.106 0.957 -0.291 -0. 402.214 0. 0. -1. 0.
0.288 0.958 0. -205.030 0.958 -0.288 -0. 405.442 0. 0. -1. 0.
0.285 0.958 0. -203.979 0.958 -0.285 -0. 408.724 0. 0. -1. 0.
0.284 0.959 0. -202.943 0.959 -0.284 -0. 411.955 0. 0. -1. 0.
0.284 0.959 0. -201.973 0.959 -0.284 -0. 415.220 0. 0. -1. 0.
0.283 0.959 0. -200.960 0.959 -0.283 -0. 418.430 0. 0. -1. 0.
0.282 0.959 0. -199.975 0.959 -0.282 -0. 421.682 0. 0. -1. 0.
0.281 0.960 0. -198.930 0.960 -0.281 -0. 424.914 0. 0. -1. 0.
0.279 0.960 0. -197.932 0.960 -0.279 -0. 428.200 0. 0. -1. 0.
0.272 0.962 0. -196.873 0.962 -0.272 -0. 431.509 0. 0. -1. 0.
0.267 0.964 0. -195.879 0.964 -0.267 -0. 434.881 0. 0. -1. 0.
0.259 0.966 0. -194.879 0.966 -0.259 -0. 438.278 0. 0. -1. 0.
0.256 0.967 0. -193.913 0.967 -0.256 -0. 441.691 0. 0. -1. 0.
0.254 0.967 0. -192.993 0.967 -0.254 -0. 445.179 0. 0. -1. 0.
0.254 0.967 0. -191.996 0.967 -0.254 -0. 448.565 0. 0. -1. 0.
0.252 0.968 0. -191.089 0.968 -0.252 -0. 452.013 0. 0. -1. 0.
0.251 0.968 0. -190.138 0.968 -0.251 -0. 455.373 0. 0. -1. 0.
0.250 0.968 0. -189.209 0.968 -0.250 -0. 458.712 0. 0. -1. 0.
0.251 0.968 0. -188.249 0.968 -0.251 -0. 462.031 0. 0. -1. 0.
0.251 0.968 0. -187.354 0.968 -0.251 -0. 465.297 0. 0. -1. 0.
0.254 0.967 0. -186.439 0.967 -0.254 -0. 468.614 0. 0. -1. 0.
0.253 0.967 0. -185.551 0.967 -0.253 -0. 471.860 0. 0. -1. 0.
0.256 0.967 0. -184.609 0.967 -0.256 -0. 475.149 0. 0. -1. 0.
0.259 0.966 0. -183.617 0.966 -0.259 -0. 478.444 0. 0. -1. 0.
0.261 0.965 0. -182.662 0.965 -0.261 -0. 481.791 0. 0. -1. 0.
0.266 0.964 0. -181.698 0.964 -0.266 -0. 485.143 0. 0. -1. 0.
0.271 0.963 0. -180.695 0.963 -0.271 -0. 488.477 0. 0. -1. 0.
0.274 0.962 0. -179.689 0.962 -0.274 -0. 491.808 0. 0. -1. 0.
0.278 0.961 0. -178.651 0.961 -0.278 -0. 495.095 0. 0. -1. 0.
0.281 0.960 0. -177.650 0.960 -0.281 -0. 498.360 0. 0. -1. 0.
0.283 0.959 0. -176.640 0.959 -0.283 -0. 501.588 0. 0. -1. 0.
0.284 0.959 0. -175.612 0.959 -0.284 -0. 504.792 0. 0. -1. 0.
0.285 0.958 0. -174.664 0.958 -0.285 -0. 507.883 0. 0. -1. 0.
0.287 0.958 0. -173.683 0.958 -0.287 -0. 510.856 0. 0. -1. 0.
0.289 0.957 0. -172.774 0.957 -0.289 -0. 513.758 0. 0. -1. 0.
0.287 0.958 0. -171.846 0.958 -0.287 -0. 516.519 0. 0. -1. 0.
0.286 0.958 0. -170.999 0.958 -0.286 -0. 519.262 0. 0. -1. 0.
0.286 0.958 0. -170.184 0.958 -0.286 -0. 521.915 0. 0. -1. 0.
0.281 0.960 0. -169.370 0.960 -0.281 -0. 524.485 0. 0. -1. 0.
0.279 0.960 0. -168.583 0.960 -0.279 -0. 527.159 0. 0. -1. 0.
0.276 0.961 0. -167.772 0.961 -0.276 -0. 529.685 0. 0. -1. 0.
0.276 0.961 0. -167.056 0.961 -0.276 -0. 532.176 0. 0. -1. 0.
0.275 0.962 0. -166.290 0.962 -0.275 -0. 534.659 0. 0. -1. 0.
0.276 0.961 0. -165.590 0.961 -0.276 -0. 536.953 0. 0. -1. 0.
0.277 0.961 0. -164.910 0.961 -0.277 -0. 539.182 0. 0. -1. 0.
0.275 0.961 0. -164.238 0.961 -0.275 -0. 541.280 0. 0. -1. 0.
0.276 0.961 0. -163.569 0.961 -0.276 -0. 543.334 0. 0. -1. 0.
0.277 0.961 0. -162.999 0.961 -0.277 -0. 545.281 0. 0. -1. 0.
0.278 0.961 0. -162.449 0.961 -0.278 -0. 547.102 0. 0. -1. 0.
0.277 0.961 0. -161.911 0.961 -0.277 -0. 548.870 0. 0. -1. 0.
0.278 0.961 0. -161.416 0.961 -0.278 -0. 550.489 0. 0. -1. 0.
0.278 0.961 0. -160.953 0.961 -0.278 -0. 552.039 0. 0. -1. 0.
0.279 0.960 0. -160.496 0.960 -0.279 -0. 553.455 0. 0. -1. 0.
0.280 0.960 0. -160.165 0.960 -0.280 -0. 554.811 0. 0. -1. 0.
0.281 0.960 0. -159.787 0.960 -0.281 -0. 556.015 0. 0. -1. 0.
0.282 0.960 0. -159.444 0.960 -0.282 -0. 557.128 0. 0. -1. 0.
