1619726114982098 0.98005 0.19876 0.00000 1.77211 0.19876 -0.98005 0.00000 0.09086 0.00000 0.00000 -1.00000 0.00000
1619726115231478 0.98006 0.19872 0.00000 1.77211 0.19872 -0.98006 0.00000 0.09080 0.00000 0.00000 -1.00000 0.00000
1619726115481479 0.98005 0.19873 0.00000 1.77208 0.19873 -0.98005 0.00000 0.09082 0.00000 0.00000 -1.00000 0.00000
1619726115731486 0.98005 0.19876 0.00000 1.77206 0.19876 -0.98005 0.00000 0.09091 0.00000 0.00000 -1.00000 0.00000
1619726115981487 0.98005 0.19877 0.00000 1.77206 0.19877 -0.98005 0.00000 0.09087 0.00000 0.00000 -1.00000 0.00000
1619726116231489 0.98005 0.19876 0.00000 1.77209 0.19876 -0.98005 0.00000 0.09088 0.00000 0.00000 -1.00000 0.00000
1619726116481501 0.98005 0.19874 0.00000 1.77211 0.19874 -0.98005 0.00000 0.09082 0.00000 0.00000 -1.00000 0.00000
1619726116730870 0.98005 0.19874 0.00000 1.77208 0.19874 -0.98005 0.00000 0.09084 0.00000 0.00000 -1.00000 0.00000
1619726116980876 0.98005 0.19877 0.00000 1.77207 0.19877 -0.98005 0.00000 0.09089 0.00000 0.00000 -1.00000 0.00000
1619726117230878 0.98005 0.19875 0.00000 1.77206 0.19875 -0.98005 0.00000 0.09084 0.00000 0.00000 -1.00000 0.00000
1619726117480882 0.98005 0.19874 0.00000 1.77207 0.19874 -0.98005 0.00000 0.09083 0.00000 0.00000 -1.00000 0.00000
1619726117730889 0.98005 0.19874 0.00000 1.77209 0.19874 -0.98005 0.00000 0.09082 0.00000 0.00000 -1.00000 0.00000
1619726117980890 0.98005 0.19875 0.00000 1.77211 0.19875 -0.98005 0.00000 0.09084 0.00000 0.00000 -1.00000 0.00000
1619726118230900 0.98005 0.19876 0.00000 1.77209 0.19876 -0.98005 0.00000 0.09088 0.00000 0.00000 -1.00000 0.00000
1619726118480897 0.98004 0.19880 0.00000 1.77207 0.19880 -0.98004 0.00000 0.09096 0.00000 0.00000 -1.00000 0.00000
1619726118730902 0.98005 0.19876 0.00000 1.77207 0.19876 -0.98005 0.00000 0.09086 0.00000 0.00000 -1.00000 0.00000
1619726118980902 0.98004 0.19878 0.00000 1.77207 0.19878 -0.98004 0.00000 0.09089 0.00000 0.00000 -1.00000 0.00000
1619726119230911 0.98004 0.19880 0.00000 1.77210 0.19880 -0.98004 0.00000 0.09092 0.00000 0.00000 -1.00000 0.00000
1619726119480910 0.98004 0.19879 0.00000 1.77212 0.19879 -0.98004 0.00000 0.09090 0.00000 0.00000 -1.00000 0.00000
1619726119731542 0.98004 0.19880 0.00000 1.77209 0.19880 -0.98004 0.00000 0.09098 0.00000 0.00000 -1.00000 0.00000
1619726119981544 0.98004 0.19880 0.00000 1.77207 0.19880 -0.98004 0.00000 0.09071 0.00000 0.00000 -1.00000 0.00000
1619726120232168 0.98004 0.19879 0.00000 1.77211 0.19879 -0.98004 0.00000 0.09100 0.00000 0.00000 -1.00000 0.00000
1619726120482173 0.98005 0.19873 0.00000 1.77209 0.19873 -0.98005 0.00000 0.09064 0.00000 0.00000 -1.00000 0.00000
1619726120732177 0.98006 0.19873 0.00000 1.77213 0.19873 -0.98006 0.00000 0.09075 0.00000 0.00000 -1.00000 0.00000
1619726120982189 0.98005 0.19874 0.00000 1.77213 0.19874 -0.98005 0.00000 0.09082 0.00000 0.00000 -1.00000 0.00000
1619726121232187 0.98007 0.19867 0.00000 1.77204 0.19867 -0.98007 0.00000 0.09081 0.00000 0.00000 -1.00000 0.00000
1619726121482187 0.98006 0.19872 0.00000 1.77203 0.19872 -0.98006 0.00000 0.09070 0.00000 0.00000 -1.00000 0.00000
1619726121732196 0.98005 0.19874 0.00000 1.77206 0.19874 -0.98005 0.00000 0.09082 0.00000 0.00000 -1.00000 0.00000
1619726121982196 0.98005 0.19876 0.00000 1.77207 0.19876 -0.98005 0.00000 0.09087 0.00000 0.00000 -1.00000 0.00000
1619726122232199 0.98005 0.19875 0.00000 1.77206 0.19875 -0.98005 0.00000 0.09077 0.00000 0.00000 -1.00000 0.00000
1619726122482202 0.98006 0.19870 0.00000 1.77206 0.19870 -0.98006 0.00000 0.09081 0.00000 0.00000 -1.00000 0.00000
1619726122732207 0.98005 0.19873 0.00000 1.77209 0.19873 -0.98005 0.00000 0.09076 0.00000 0.00000 -1.00000 0.00000
1619726122982208 0.98006 0.19872 0.00000 1.77210 0.19872 -0.98006 0.00000 0.09079 0.00000 0.00000 -1.00000 0.00000
1619726123232218 0.98006 0.19872 0.00000 1.77208 0.19872 -0.98006 0.00000 0.09079 0.00000 0.00000 -1.00000 0.00000
1619726123482217 0.98005 0.19875 0.00000 1.77209 0.19875 -0.98005 0.00000 0.09082 0.00000 0.00000 -1.00000 0.00000
1619726123732219 0.98004 0.19879 0.00000 1.77206 0.19879 -0.98004 0.00000 0.09093 0.00000 0.00000 -1.00000 0.00000
1619726123982846 0.98004 0.19879 0.00000 1.77208 0.19879 -0.98004 0.00000 0.09093 0.00000 0.00000 -1.00000 0.00000
1619726124232857 0.98004 0.19880 0.00000 1.77206 0.19880 -0.98004 0.00000 0.09096 0.00000 0.00000 -1.00000 0.00000
1619726124482862 0.98005 0.19878 0.00000 1.77210 0.19878 -0.98005 0.00000 0.09090 0.00000 0.00000 -1.00000 0.00000
1619726124732863 0.98004 0.19878 0.00000 1.77204 0.19878 -0.98004 0.00000 0.09091 0.00000 0.00000 -1.00000 0.00000
1619726124982862 0.98005 0.19876 0.00000 1.77210 0.19876 -0.98005 0.00000 0.09086 0.00000 0.00000 -1.00000 0.00000
1619726125232870 0.98004 0.19881 0.00000 1.77204 0.19881 -0.98004 0.00000 0.09097 0.00000 0.00000 -1.00000 0.00000
1619726125482867 0.98004 0.19882 0.00000 1.77206 0.19882 -0.98004 0.00000 0.09096 0.00000 0.00000 -1.00000 0.00000
1619726125732877 0.98004 0.19881 0.00000 1.77194 0.19881 -0.98004 0.00000 0.09096 0.00000 0.00000 -1.00000 0.00000
1619726125982876 0.98003 0.19883 0.00000 1.77224 0.19883 -0.98003 0.00000 0.09113 0.00000 0.00000 -1.00000 0.00000
1619726126232880 0.98007 0.19864 0.00000 1.76326 0.19864 -0.98007 0.00000 0.09055 0.00000 0.00000 -1.00000 0.00000
1619726126482884 0.98011 0.19848 0.00000 1.73036 0.19848 -0.98011 0.00000 0.09057 0.00000 0.00000 -1.00000 0.00000
1619726126732264 0.98017 0.19815 0.00000 1.68737 0.19815 -0.98017 0.00000 0.08856 0.00000 0.00000 -1.00000 0.00000
1619726126982264 0.98027 0.19764 0.00000 1.63304 0.19764 -0.98027 0.00000 0.08669 0.00000 0.00000 -1.00000 0.00000
1619726127232271 0.98045 0.19675 0.00000 1.56483 0.19675 -0.98045 0.00000 0.08305 0.00000 0.00000 -1.00000 0.00000
1619726127481652 0.98074 0.19532 0.00000 1.46859 0.19532 -0.98074 0.00000 0.07851 0.00000 0.00000 -1.00000 0.00000
1619726127731657 0.98114 0.19332 0.00000 1.32535 0.19332 -0.98114 0.00000 0.07167 0.00000 0.00000 -1.00000 0.00000
1619726127981654 0.98177 0.19008 0.00000 1.11409 0.19008 -0.98177 0.00000 0.06039 0.00000 0.00000 -1.00000 0.00000
1619726128231663 0.98273 0.18507 0.00000 0.82501 0.18507 -0.98273 0.00000 0.04759 0.00000 0.00000 -1.00000 0.00000
1619726128481664 0.98393 0.17855 0.00000 0.46121 0.17855 -0.98393 0.00000 0.03153 0.00000 0.00000 -1.00000 0.00000
1619726128732290 0.98563 0.16891 0.00000 0.00620 0.16891 -0.98563 0.00000 0.01506 0.00000 0.00000 -1.00000 0.00000
1619726128981683 0.98802 0.15435 0.00000 -0.53859 0.15435 -0.98802 0.00000 0.00079 0.00000 0.00000 -1.00000 0.00000
1619726129231676 0.99029 0.13902 0.00000 -1.16541 0.13902 -0.99029 0.00000 0.00266 0.00000 0.00000 -1.00000 0.00000
1619726129481672 0.99235 0.12343 0.00000 -1.86250 0.12343 -0.99235 0.00000 -0.00516 0.00000 0.00000 -1.00000 0.00000
1619726129731679 0.99354 0.11346 0.00000 -2.63422 0.11346 -0.99354 0.00000 0.00194 0.00000 0.00000 -1.00000 0.00000
1619726129981683 0.99453 0.10448 0.00000 -3.48756 0.10448 -0.99453 0.00000 0.02602 0.00000 0.00000 -1.00000 0.00000
1619726130231690 0.99539 0.09590 0.00000 -4.41799 0.09590 -0.99539 0.00000 0.04366 0.00000 0.00000 -1.00000 0.00000
1619726130481060 0.99617 0.08745 0.00000 -5.39964 0.08745 -0.99617 0.00000 0.07027 0.00000 0.00000 -1.00000 0.00000
1619726130731693 0.99685 0.07928 0.00000 -6.43372 0.07928 -0.99685 0.00000 0.09746 0.00000 0.00000 -1.00000 0.00000
1619726130981703 0.99726 0.07396 0.00000 -7.50312 0.07396 -0.99726 0.00000 0.11058 0.00000 0.00000 -1.00000 0.00000
1619726131231079 0.99762 0.06902 0.00000 -8.59516 0.06902 -0.99762 0.00000 0.13047 0.00000 0.00000 -1.00000 0.00000
1619726131481081 0.99794 0.06420 0.00000 -9.68668 0.06420 -0.99794 0.00000 0.14262 0.00000 0.00000 -1.00000 0.00000
1619726131731087 0.99822 0.05965 0.00000 -10.76134 0.05965 -0.99822 0.00000 0.16388 0.00000 0.00000 -1.00000 0.00000
1619726131981087 0.99842 0.05620 0.00000 -11.82627 0.05620 -0.99842 0.00000 0.17287 0.00000 0.00000 -1.00000 0.00000
1619726132231095 0.99855 0.05385 0.00000 -12.88138 0.05385 -0.99855 0.00000 0.18916 0.00000 0.00000 -1.00000 0.00000
1619726132481764 0.99847 0.05533 0.00000 -13.84005 0.05533 -0.99847 0.00000 0.14047 0.00000 0.00000 -1.00000 0.00000
1619726132731720 0.99801 0.06312 0.00000 -14.75058 0.06312 -0.99801 0.00000 0.02002 0.00000 0.00000 -1.00000 0.00000
1619726132982350 0.99711 0.07596 0.00000 -15.62928 0.07596 -0.99711 0.00000 -0.17392 0.00000 0.00000 -1.00000 0.00000
1619726133232994 0.99606 0.08872 0.00000 -16.46083 0.08872 -0.99606 0.00000 -0.38249 0.00000 0.00000 -1.00000 0.00000
1619726133482984 0.99490 0.10086 0.00000 -17.21652 0.10086 -0.99490 0.00000 -0.59126 0.00000 0.00000 -1.00000 0.00000
1619726133732363 0.99375 0.11159 0.00000 -17.94632 0.11159 -0.99375 0.00000 -0.79057 0.00000 0.00000 -1.00000 0.00000
1619726133982364 0.99262 0.12130 0.00000 -18.64675 0.12130 -0.99262 0.00000 -0.97110 0.00000 0.00000 -1.00000 0.00000
1619726134232369 0.99139 0.13098 0.00000 -19.32233 0.13098 -0.99139 0.00000 -1.16578 0.00000 0.00000 -1.00000 0.00000
1619726134482372 0.99006 0.14064 0.00000 -19.97118 0.14064 -0.99006 0.00000 -1.36393 0.00000 0.00000 -1.00000 0.00000
1619726134732378 0.98874 0.14968 0.00000 -20.59945 0.14968 -0.98874 0.00000 -1.55987 0.00000 0.00000 -1.00000 0.00000
1619726134982379 0.98733 0.15865 0.00000 -21.21559 0.15865 -0.98733 0.00000 -1.76102 0.00000 0.00000 -1.00000 0.00000
1619726135232382 0.98593 0.16714 0.00000 -21.83337 0.16714 -0.98593 0.00000 -1.95697 0.00000 0.00000 -1.00000 0.00000
1619726135481760 0.98434 0.17627 0.00000 -22.45750 0.17627 -0.98434 0.00000 -2.17056 0.00000 0.00000 -1.00000 0.00000
1619726135731769 0.98263 0.18557 0.00000 -23.11945 0.18557 -0.98263 0.00000 -2.39909 0.00000 0.00000 -1.00000 0.00000
1619726135981767 0.98085 0.19478 0.00000 -23.83432 0.19478 -0.98085 0.00000 -2.63941 0.00000 0.00000 -1.00000 0.00000
1619726136231772 0.97902 0.20376 0.00000 -24.60120 0.20376 -0.97902 0.00000 -2.88098 0.00000 0.00000 -1.00000 0.00000
1619726136481149 0.97743 0.21127 0.00000 -25.41847 0.21127 -0.97743 0.00000 -3.07320 0.00000 0.00000 -1.00000 0.00000
1619726136731156 0.97579 0.21870 0.00000 -26.29489 0.21870 -0.97579 0.00000 -3.28264 0.00000 0.00000 -1.00000 0.00000
1619726136981165 0.97409 0.22617 0.00000 -27.24650 0.22617 -0.97409 0.00000 -3.53076 0.00000 0.00000 -1.00000 0.00000
1619726137231163 0.97307 0.23052 0.00000 -28.25433 0.23052 -0.97307 0.00000 -3.65601 0.00000 0.00000 -1.00000 0.00000
1619726137481162 0.97232 0.23363 0.00000 -29.34744 0.23363 -0.97232 0.00000 -3.77352 0.00000 0.00000 -1.00000 0.00000
1619726137731794 0.97145 0.23723 0.00000 -30.53666 0.23723 -0.97145 0.00000 -3.92912 0.00000 0.00000 -1.00000 0.00000
1619726137981796 0.97057 0.24084 0.00000 -31.76592 0.24084 -0.97057 0.00000 -4.03131 0.00000 0.00000 -1.00000 0.00000
1619726138231810 0.97019 0.24233 0.00000 -33.06531 0.24233 -0.97019 0.00000 -4.13762 0.00000 0.00000 -1.00000 0.00000
1619726138481800 0.97041 0.24148 0.00000 -34.47852 0.24148 -0.97041 0.00000 -4.09845 0.00000 0.00000 -1.00000 0.00000
1619726138731806 0.97038 0.24158 0.00000 -35.90329 0.24158 -0.97038 0.00000 -4.14327 0.00000 0.00000 -1.00000 0.00000
1619726138981808 0.97086 0.23963 0.00000 -37.34643 0.23963 -0.97086 0.00000 -4.10397 0.00000 0.00000 -1.00000 0.00000
1619726139231813 0.97098 0.23917 0.00000 -38.75361 0.23917 -0.97098 0.00000 -4.09539 0.00000 0.00000 -1.00000 0.00000
1619726139481820 0.97081 0.23986 0.00000 -40.18240 0.23986 -0.97081 0.00000 -4.16150 0.00000 0.00000 -1.00000 0.00000
1619726139731198 0.97069 0.24035 0.00000 -41.62160 0.24035 -0.97069 0.00000 -4.19341 0.00000 0.00000 -1.00000 0.00000
1619726139981199 0.97150 0.23703 0.00000 -43.01896 0.23703 -0.97150 0.00000 -4.10093 0.00000 0.00000 -1.00000 0.00000
1619726140231205 0.97189 0.23545 0.00000 -44.42072 0.23545 -0.97189 0.00000 -4.05153 0.00000 0.00000 -1.00000 0.00000
1619726140481251 0.97172 0.23615 0.00000 -45.83536 0.23615 -0.97172 0.00000 -4.12464 0.00000 0.00000 -1.00000 0.00000
1619726140730590 0.97119 0.23832 0.00000 -47.27182 0.23832 -0.97119 0.00000 -4.24261 0.00000 0.00000 -1.00000 0.00000
1619726140981211 0.97039 0.24154 0.00000 -48.74741 0.24154 -0.97039 0.00000 -4.42444 0.00000 0.00000 -1.00000 0.00000
1619726141231216 0.96978 0.24398 0.00000 -50.27632 0.24398 -0.96978 0.00000 -4.59021 0.00000 0.00000 -1.00000 0.00000
1619726141481841 0.96953 0.24497 0.00000 -51.85727 0.24497 -0.96953 0.00000 -4.66931 0.00000 0.00000 -1.00000 0.00000
1619726141731851 0.96842 0.24934 0.00000 -53.44498 0.24934 -0.96842 0.00000 -4.94968 0.00000 0.00000 -1.00000 0.00000
1619726141981853 0.96719 0.25405 0.00000 -55.08748 0.25405 -0.96719 0.00000 -5.25588 0.00000 0.00000 -1.00000 0.00000
1619726142231858 0.96520 0.26153 0.00000 -56.76242 0.26153 -0.96520 0.00000 -5.72570 0.00000 0.00000 -1.00000 0.00000
1619726142481856 0.96343 0.26794 0.00000 -58.46432 0.26794 -0.96343 0.00000 -6.14807 0.00000 0.00000 -1.00000 0.00000
1619726142731864 0.96200 0.27303 0.00000 -60.19585 0.27303 -0.96200 0.00000 -6.49312 0.00000 0.00000 -1.00000 0.00000
1619726142981867 0.96041 0.27858 0.00000 -61.96652 0.27858 -0.96041 0.00000 -6.88340 0.00000 0.00000 -1.00000 0.00000
1619726143231242 0.95886 0.28389 0.00000 -63.76369 0.28389 -0.95886 0.00000 -7.25558 0.00000 0.00000 -1.00000 0.00000
1619726143481246 0.95721 0.28940 0.00000 -65.61709 0.28940 -0.95721 0.00000 -7.66167 0.00000 0.00000 -1.00000 0.00000
1619726143731250 0.95611 0.29302 0.00000 -67.52322 0.29302 -0.95611 0.00000 -7.95175 0.00000 0.00000 -1.00000 0.00000
1619726143981878 0.95579 0.29405 0.00000 -69.49909 0.29405 -0.95579 0.00000 -8.06456 0.00000 0.00000 -1.00000 0.00000
1619726144231885 0.95677 0.29085 0.00000 -71.51014 0.29085 -0.95677 0.00000 -7.86549 0.00000 0.00000 -1.00000 0.00000
1619726144481888 0.95931 0.28237 0.00000 -73.56094 0.28237 -0.95931 0.00000 -7.26299 0.00000 0.00000 -1.00000 0.00000
1619726144731267 0.96425 0.26498 0.00000 -75.66102 0.26498 -0.96425 0.00000 -5.95677 0.00000 0.00000 -1.00000 0.00000
1619726144981900 0.97065 0.24049 0.00000 -77.76985 0.24049 -0.97065 0.00000 -4.03796 0.00000 0.00000 -1.00000 0.00000
1619726145231900 0.97875 0.20507 0.00000 -79.83140 0.20507 -0.97875 0.00000 -1.22523 0.00000 0.00000 -1.00000 0.00000
1619726145481900 0.98618 0.16566 0.00000 -81.80241 0.16566 -0.98618 0.00000 1.96962 0.00000 0.00000 -1.00000 0.00000
1619726145731903 0.99258 0.12160 0.00000 -83.59447 0.12160 -0.99258 0.00000 5.58973 0.00000 0.00000 -1.00000 0.00000
1619726145981281 0.99697 0.07782 0.00000 -85.19346 0.07782 -0.99697 0.00000 9.25891 0.00000 0.00000 -1.00000 0.00000
1619726146231285 0.99947 0.03243 0.00000 -86.64219 0.03243 -0.99947 0.00000 13.11134 0.00000 0.00000 -1.00000 0.00000
1619726146480664 0.99980 -0.01983 0.00000 -87.79104 -0.01983 -0.99980 0.00000 17.62530 0.00000 -0.00000 -1.00000 0.00000
1619726146730674 0.99687 -0.07910 0.00000 -88.55169 -0.07910 -0.99687 0.00000 22.79924 0.00000 -0.00000 -1.00000 0.00000
1619726146981292 0.98980 -0.14244 0.00000 -88.87353 -0.14244 -0.98980 0.00000 28.39408 0.00000 -0.00000 -1.00000 0.00000
1619726147231925 0.97871 -0.20527 0.00000 -88.88003 -0.20527 -0.97871 0.00000 34.00351 0.00000 -0.00000 -1.00000 0.00000
1619726147481929 0.96361 -0.26730 0.00000 -88.51269 -0.26730 -0.96361 0.00000 39.61606 0.00000 -0.00000 -1.00000 0.00000
1619726147731934 0.94463 -0.32813 0.00000 -87.81326 -0.32813 -0.94463 0.00000 45.16804 0.00000 -0.00000 -1.00000 0.00000
1619726147982559 0.92105 -0.38944 0.00000 -86.66942 -0.38944 -0.92105 0.00000 50.85218 0.00000 -0.00000 -1.00000 0.00000
1619726148232566 0.88860 -0.45869 0.00000 -84.54941 -0.45869 -0.88860 0.00000 57.34864 0.00000 -0.00000 -1.00000 0.00000
1619726148481986 0.84823 -0.52962 0.00000 -81.56328 -0.52962 -0.84823 0.00000 64.06463 0.00000 -0.00000 -1.00000 0.00000
1619726148731954 0.80328 -0.59561 0.00000 -78.16613 -0.59561 -0.80328 0.00000 70.36074 0.00000 -0.00000 -1.00000 0.00000
1619726148981950 0.75790 -0.65237 0.00000 -74.82714 -0.65237 -0.75790 0.00000 75.84988 0.00000 -0.00000 -1.00000 0.00000
1619726149231328 0.71309 -0.70108 0.00000 -71.59666 -0.70108 -0.71309 0.00000 80.64586 0.00000 -0.00000 -1.00000 0.00000
1619726149481331 0.66945 -0.74286 0.00000 -68.57341 -0.74286 -0.66945 0.00000 84.79865 0.00000 -0.00000 -1.00000 0.00000
1619726149730716 0.63359 -0.77367 0.00000 -66.51045 -0.77367 -0.63359 0.00000 87.92191 0.00000 -0.00000 -1.00000 0.00000
1619726149980711 0.60455 -0.79657 0.00000 -65.23878 -0.79657 -0.60455 0.00000 90.28823 0.00000 -0.00000 -1.00000 0.00000
1619726150230720 0.58409 -0.81169 0.00000 -64.97260 -0.81169 -0.58409 0.00000 91.90170 0.00000 -0.00000 -1.00000 0.00000
1619726150481344 0.57093 -0.82100 0.00000 -65.55763 -0.82100 -0.57093 0.00000 92.92422 0.00000 -0.00000 -1.00000 0.00000
1619726150731976 0.56407 -0.82573 0.00000 -66.89112 -0.82573 -0.56407 0.00000 93.45825 0.00000 -0.00000 -1.00000 0.00000
1619726150981985 0.56438 -0.82551 0.00000 -69.05519 -0.82551 -0.56438 0.00000 93.40201 0.00000 -0.00000 -1.00000 0.00000
1619726151232609 0.56832 -0.82281 0.00000 -71.65308 -0.82281 -0.56832 0.00000 93.02828 0.00000 -0.00000 -1.00000 0.00000
1619726151483234 0.57754 -0.81636 0.00000 -74.87394 -0.81636 -0.57754 0.00000 92.15237 0.00000 -0.00000 -1.00000 0.00000
1619726151733236 0.59117 -0.80654 0.00000 -78.60733 -0.80654 -0.59117 0.00000 90.82192 0.00000 -0.00000 -1.00000 0.00000
1619726151983244 0.60716 -0.79458 0.00000 -82.63933 -0.79458 -0.60716 0.00000 89.17631 0.00000 -0.00000 -1.00000 0.00000
1619726152233247 0.62464 -0.78091 0.00000 -86.83155 -0.78091 -0.62464 0.00000 87.26151 0.00000 -0.00000 -1.00000 0.00000
1619726152483246 0.64085 -0.76767 0.00000 -90.84650 -0.76767 -0.64085 0.00000 85.36426 0.00000 -0.00000 -1.00000 0.00000
1619726152733251 0.65637 -0.75443 0.00000 -94.79930 -0.75443 -0.65637 0.00000 83.42568 0.00000 -0.00000 -1.00000 0.00000
1619726152983266 0.67153 -0.74098 0.00000 -98.66778 -0.74098 -0.67153 0.00000 81.42992 0.00000 -0.00000 -1.00000 0.00000
1619726153233261 0.68484 -0.72869 0.00000 -102.31324 -0.72869 -0.68484 0.00000 79.57529 0.00000 -0.00000 -1.00000 0.00000
1619726153483259 0.69563 -0.71840 0.00000 -105.68744 -0.71840 -0.69563 0.00000 77.98566 0.00000 -0.00000 -1.00000 0.00000
1619726153733264 0.70462 -0.70958 0.00000 -108.78731 -0.70958 -0.70462 0.00000 76.60370 0.00000 -0.00000 -1.00000 0.00000
1619726153983266 0.70886 -0.70535 0.00000 -111.38010 -0.70535 -0.70886 0.00000 75.90872 0.00000 -0.00000 -1.00000 0.00000
1619726154233268 0.70965 -0.70455 0.00000 -113.56860 -0.70455 -0.70965 0.00000 75.73054 0.00000 -0.00000 -1.00000 0.00000
1619726154483273 0.71045 -0.70375 0.00000 -115.71093 -0.70375 -0.71045 0.00000 75.56221 0.00000 -0.00000 -1.00000 0.00000
1619726154733278 0.70892 -0.70528 0.00000 -117.63535 -0.70528 -0.70892 0.00000 75.77100 0.00000 -0.00000 -1.00000 0.00000
1619726154982661 0.70931 -0.70489 0.00000 -119.66825 -0.70489 -0.70931 0.00000 75.66019 0.00000 -0.00000 -1.00000 0.00000
1619726155232655 0.71030 -0.70390 0.00000 -121.75579 -0.70390 -0.71030 0.00000 75.45864 0.00000 -0.00000 -1.00000 0.00000
1619726155482036 0.71448 -0.69966 0.00000 -124.13844 -0.69966 -0.71448 0.00000 74.67719 0.00000 -0.00000 -1.00000 0.00000
1619726155732042 0.72910 -0.68440 0.00000 -127.54166 -0.68440 -0.72910 0.00000 71.97986 0.00000 -0.00000 -1.00000 0.00000
1619726155982042 0.75392 -0.65697 0.00000 -131.90644 -0.65697 -0.75392 0.00000 67.15186 0.00000 -0.00000 -1.00000 0.00000
1619726156232055 0.78826 -0.61534 0.00000 -137.07033 -0.61534 -0.78826 0.00000 59.88331 0.00000 -0.00000 -1.00000 0.00000
1619726156482084 0.83026 -0.55737 0.00000 -142.62890 -0.55737 -0.83026 0.00000 49.86786 0.00000 -0.00000 -1.00000 0.00000
1619726156732057 0.87703 -0.48043 0.00000 -148.09504 -0.48043 -0.87703 0.00000 36.77352 0.00000 -0.00000 -1.00000 0.00000
1619726156982059 0.92627 -0.37686 0.00000 -152.79445 -0.37686 -0.92627 0.00000 19.50179 0.00000 -0.00000 -1.00000 0.00000
1619726157232062 0.96701 -0.25473 0.00000 -155.40582 -0.25473 -0.96701 0.00000 -0.32914 0.00000 -0.00000 -1.00000 0.00000
1619726157482067 0.99270 -0.12063 0.00000 -155.17922 -0.12063 -0.99270 0.00000 -21.52704 0.00000 -0.00000 -1.00000 0.00000
1619726157732070 0.99982 0.01907 0.00000 -151.84140 0.01907 -0.99982 0.00000 -42.98259 0.00000 0.00000 -1.00000 0.00000
1619726157982075 0.98546 0.16990 0.00000 -144.74173 0.16990 -0.98546 0.00000 -65.46284 0.00000 0.00000 -1.00000 0.00000
1619726158232085 0.94284 0.33326 0.00000 -132.74998 0.33326 -0.94284 0.00000 -88.92205 0.00000 0.00000 -1.00000 0.00000
1619726158482407 0.86651 0.49916 0.00000 -115.42676 0.49916 -0.86651 0.00000 -111.58814 0.00000 0.00000 -1.00000 0.00000
1619726158732084 0.75499 0.65574 0.00000 -92.98040 0.65574 -0.75499 0.00000 -131.63344 0.00000 0.00000 -1.00000 0.00000
1619726158982714 0.60936 0.79289 0.00000 -65.92928 0.79289 -0.60936 0.00000 -147.52327 0.00000 0.00000 -1.00000 0.00000
1619726159232731 0.43387 0.90098 0.00000 -35.26224 0.90098 -0.43387 0.00000 -157.91170 0.00000 0.00000 -1.00000 0.00000
1619726159482719 0.24047 0.97066 0.00000 -3.18372 0.97066 -0.24047 0.00000 -161.77611 0.00000 0.00000 -1.00000 0.00000
1619726159733349 0.03901 0.99924 0.00000 28.67630 0.99924 -0.03901 0.00000 -159.07388 0.00000 0.00000 -1.00000 0.00000
1619726159983352 -0.16096 0.98696 0.00000 58.88221 0.98696 0.16096 0.00000 -150.15804 0.00000 0.00000 -1.00000 0.00000
1619726160233356 -0.35351 0.93543 0.00000 86.58105 0.93543 0.35351 0.00000 -135.49024 0.00000 0.00000 -1.00000 0.00000
1619726160483360 -0.53375 0.84564 0.00000 111.05105 0.84564 0.53375 0.00000 -115.40099 0.00000 0.00000 -1.00000 0.00000
1619726160733988 -0.69134 0.72253 0.00000 130.84857 0.72253 0.69134 0.00000 -90.99209 0.00000 0.00000 -1.00000 0.00000
1619726160984621 -0.81136 0.58454 0.00000 144.24762 0.58454 0.81136 0.00000 -65.62375 0.00000 0.00000 -1.00000 0.00000
1619726161234625 -0.89166 0.45271 0.00000 151.59056 0.45271 0.89166 0.00000 -42.64852 0.00000 0.00000 -1.00000 0.00000
1619726161484632 -0.93977 0.34182 0.00000 154.54047 0.34182 0.93977 0.00000 -24.06260 0.00000 0.00000 -1.00000 0.00000
1619726161735259 -0.96553 0.26030 0.00000 154.90417 0.26030 0.96553 0.00000 -10.78483 0.00000 0.00000 -1.00000 0.00000
1619726161985261 -0.97827 0.20734 0.00000 154.09239 0.20734 0.97827 0.00000 -2.34276 0.00000 0.00000 -1.00000 0.00000
1619726162235263 -0.98444 0.17570 0.00000 152.86760 0.17570 0.98444 0.00000 2.59663 0.00000 0.00000 -1.00000 0.00000
1619726162485887 -0.98727 0.15906 0.00000 151.54313 0.15906 0.98727 0.00000 5.15443 0.00000 0.00000 -1.00000 0.00000
1619726162735919 -0.98796 0.15470 0.00000 150.23198 0.15470 0.98796 0.00000 5.80995 0.00000 0.00000 -1.00000 0.00000
1619726162985272 -0.98646 0.16400 0.00000 148.95810 0.16400 0.98646 0.00000 4.35759 0.00000 0.00000 -1.00000 0.00000
1619726163235271 -0.98173 0.19026 0.00000 147.61916 0.19026 0.98173 0.00000 0.38125 0.00000 0.00000 -1.00000 0.00000
1619726163485280 -0.97474 0.22334 0.00000 146.09425 0.22334 0.97474 0.00000 -4.63851 0.00000 0.00000 -1.00000 0.00000
1619726163735292 -0.96534 0.26101 0.00000 144.33675 0.26101 0.96534 0.00000 -10.32643 0.00000 0.00000 -1.00000 0.00000
1619726163985285 -0.95390 0.30014 0.00000 142.27293 0.30014 0.95390 0.00000 -16.21731 0.00000 0.00000 -1.00000 0.00000
1619726164235290 -0.94028 0.34041 0.00000 139.88953 0.34041 0.94028 0.00000 -22.27927 0.00000 0.00000 -1.00000 0.00000
1619726164484666 -0.92464 0.38084 0.00000 137.17755 0.38084 0.92464 0.00000 -28.34442 0.00000 0.00000 -1.00000 0.00000
1619726164735301 -0.90680 0.42156 0.00000 134.09962 0.42156 0.90680 0.00000 -34.42807 0.00000 0.00000 -1.00000 0.00000
1619726164985299 -0.88119 0.47275 0.00000 130.20870 0.47275 0.88119 0.00000 -42.05974 0.00000 0.00000 -1.00000 0.00000
1619726165234677 -0.85044 0.52608 0.00000 125.64286 0.52608 0.85044 0.00000 -50.00653 0.00000 0.00000 -1.00000 0.00000
1619726165484683 -0.81358 0.58145 0.00000 120.26910 0.58145 0.81358 0.00000 -58.25781 0.00000 0.00000 -1.00000 0.00000
1619726165734684 -0.77058 0.63734 0.00000 114.06424 0.63734 0.77058 0.00000 -66.59598 0.00000 0.00000 -1.00000 0.00000
1619726165984066 -0.72677 0.68688 0.00000 107.57258 0.68688 0.72677 0.00000 -74.01201 0.00000 0.00000 -1.00000 0.00000
1619726166234066 -0.68727 0.72640 0.00000 101.38221 0.72640 0.68727 0.00000 -79.92421 0.00000 0.00000 -1.00000 0.00000
1619726166484071 -0.65297 0.75738 0.00000 95.67745 0.75738 0.65297 0.00000 -84.53759 0.00000 0.00000 -1.00000 0.00000
1619726166733447 -0.62396 0.78146 0.00000 90.46024 0.78146 0.62396 0.00000 -88.08922 0.00000 0.00000 -1.00000 0.00000
1619726166983448 -0.59765 0.80176 0.00000 85.45752 0.80176 0.59765 0.00000 -91.05856 0.00000 0.00000 -1.00000 0.00000
1619726167233450 -0.57946 0.81500 0.00000 81.34561 0.81500 0.57946 0.00000 -92.99724 0.00000 0.00000 -1.00000 0.00000
1619726167482831 -0.56677 0.82388 0.00000 77.80182 0.82388 0.56677 0.00000 -94.30060 0.00000 0.00000 -1.00000 0.00000
1619726167732839 -0.55741 0.83024 0.00000 74.57695 0.83024 0.55741 0.00000 -95.22083 0.00000 0.00000 -1.00000 0.00000
1619726167982840 -0.54821 0.83634 0.00000 71.35039 0.83634 0.54821 0.00000 -96.07405 0.00000 0.00000 -1.00000 0.00000
1619726168232848 -0.53931 0.84211 0.00000 68.13065 0.84211 0.53931 0.00000 -96.86517 0.00000 0.00000 -1.00000 0.00000
1619726168482218 -0.53938 0.84206 0.00000 65.96431 0.84206 0.53938 0.00000 -96.91899 0.00000 0.00000 -1.00000 0.00000
1619726168732851 -0.54685 0.83723 0.00000 64.64709 0.83723 0.54685 0.00000 -96.39130 0.00000 0.00000 -1.00000 0.00000
1619726168982861 -0.56077 0.82797 0.00000 64.08273 0.82797 0.56077 0.00000 -95.36110 0.00000 0.00000 -1.00000 0.00000
1619726169232230 -0.58019 0.81448 0.00000 64.17642 0.81448 0.58019 0.00000 -93.89383 0.00000 0.00000 -1.00000 0.00000
1619726169482234 -0.61264 0.79036 0.00000 65.77563 0.79036 0.61264 0.00000 -91.31456 0.00000 0.00000 -1.00000 0.00000
1619726169732239 -0.65132 0.75880 0.00000 68.12151 0.75880 0.65132 0.00000 -88.00472 0.00000 0.00000 -1.00000 0.00000
1619726169982242 -0.69489 0.71911 0.00000 71.06048 0.71911 0.69489 0.00000 -83.93508 0.00000 0.00000 -1.00000 0.00000
1619726170232249 -0.73773 0.67509 0.00000 74.00693 0.67509 0.73773 0.00000 -79.49314 0.00000 0.00000 -1.00000 0.00000
1619726170482245 -0.78169 0.62367 0.00000 77.13611 0.62367 0.78169 0.00000 -74.39760 0.00000 0.00000 -1.00000 0.00000
1619726170732250 -0.82416 0.56635 0.00000 80.19248 0.56635 0.82416 0.00000 -68.80875 0.00000 0.00000 -1.00000 0.00000
1619726170982264 -0.86292 0.50534 0.00000 82.94534 0.50534 0.86292 0.00000 -62.92698 0.00000 0.00000 -1.00000 0.00000
1619726171232259 -0.89730 0.44142 0.00000 85.28860 0.44142 0.89730 0.00000 -56.83217 0.00000 0.00000 -1.00000 0.00000
1619726171482889 -0.92790 0.37282 0.00000 87.30585 0.37282 0.92790 0.00000 -50.35339 0.00000 0.00000 -1.00000 0.00000
1619726171732893 -0.95320 0.30235 0.00000 88.83778 0.30235 0.95320 0.00000 -43.77735 0.00000 0.00000 -1.00000 0.00000
1619726171982897 -0.97362 0.22818 0.00000 89.96316 0.22818 0.97362 0.00000 -36.88745 0.00000 0.00000 -1.00000 0.00000
1619726172232897 -0.98726 0.15911 0.00000 90.35939 0.15911 0.98726 0.00000 -30.55176 0.00000 0.00000 -1.00000 0.00000
1619726172482917 -0.99609 0.08835 0.00000 90.32133 0.08835 0.99609 0.00000 -24.12237 0.00000 0.00000 -1.00000 0.00000
1619726172732909 -0.99981 0.01936 0.00000 89.80367 0.01936 0.99981 0.00000 -17.91795 0.00000 0.00000 -1.00000 0.00000
1619726172982913 -0.99888 -0.04733 -0.00000 88.81695 -0.04733 0.99888 0.00000 -11.96998 0.00000 0.00000 -1.00000 0.00000
1619726173232914 -0.99471 -0.10271 -0.00000 87.33950 -0.10271 0.99471 0.00000 -7.06057 0.00000 0.00000 -1.00000 0.00000
1619726173482916 -0.98993 -0.14153 -0.00000 85.55236 -0.14153 0.98993 0.00000 -3.69144 0.00000 0.00000 -1.00000 0.00000
1619726173733547 -0.98565 -0.16882 -0.00000 83.63417 -0.16882 0.98565 0.00000 -1.37431 0.00000 0.00000 -1.00000 0.00000
1619726173983552 -0.98182 -0.18982 -0.00000 81.64582 -0.18982 0.98182 0.00000 0.36524 0.00000 0.00000 -1.00000 0.00000
1619726174232930 -0.97915 -0.20313 -0.00000 79.61993 -0.20313 0.97915 0.00000 1.42671 0.00000 0.00000 -1.00000 0.00000
1619726174483555 -0.97726 -0.21203 -0.00000 77.57826 -0.21203 0.97726 0.00000 2.12607 0.00000 0.00000 -1.00000 0.00000
1619726174733555 -0.97630 -0.21641 -0.00000 75.52512 -0.21641 0.97630 0.00000 2.43364 0.00000 0.00000 -1.00000 0.00000
1619726174983556 -0.97485 -0.22285 -0.00000 73.41484 -0.22285 0.97485 0.00000 2.88138 0.00000 0.00000 -1.00000 0.00000
1619726175233565 -0.97160 -0.23664 -0.00000 71.24962 -0.23664 0.97160 0.00000 3.85773 0.00000 0.00000 -1.00000 0.00000
1619726175482942 -0.96740 -0.25325 -0.00000 69.02005 -0.25325 0.96740 0.00000 5.03056 0.00000 0.00000 -1.00000 0.00000
1619726175732948 -0.96348 -0.26777 -0.00000 66.74411 -0.26777 0.96348 0.00000 6.01267 0.00000 0.00000 -1.00000 0.00000
1619726175983572 -0.96080 -0.27723 -0.00000 64.45319 -0.27723 0.96080 0.00000 6.63588 0.00000 0.00000 -1.00000 0.00000
1619726176232952 -0.96016 -0.27946 -0.00000 62.17420 -0.27946 0.96016 0.00000 6.75221 0.00000 0.00000 -1.00000 0.00000
1619726176482955 -0.96036 -0.27875 -0.00000 59.87568 -0.27875 0.96036 0.00000 6.66086 0.00000 0.00000 -1.00000 0.00000
1619726176732961 -0.96198 -0.27310 -0.00000 57.57273 -0.27310 0.96198 0.00000 6.26027 0.00000 0.00000 -1.00000 0.00000
1619726176982970 -0.96367 -0.26711 -0.00000 55.22095 -0.26711 0.96367 0.00000 5.83993 0.00000 0.00000 -1.00000 0.00000
1619726177232348 -0.96525 -0.26133 -0.00000 52.85780 -0.26133 0.96525 0.00000 5.46713 0.00000 0.00000 -1.00000 0.00000
1619726177482347 -0.96776 -0.25186 -0.00000 50.50323 -0.25186 0.96776 0.00000 4.89550 0.00000 0.00000 -1.00000 0.00000
1619726177732353 -0.96978 -0.24400 -0.00000 48.10884 -0.24400 0.96978 0.00000 4.43643 0.00000 0.00000 -1.00000 0.00000
1619726177982352 -0.97167 -0.23633 -0.00000 45.73595 -0.23633 0.97167 0.00000 4.02492 0.00000 0.00000 -1.00000 0.00000
1619726178232361 -0.97373 -0.22771 -0.00000 43.32870 -0.22771 0.97373 0.00000 3.55653 0.00000 0.00000 -1.00000 0.00000
1619726178482361 -0.97399 -0.22659 -0.00000 40.90675 -0.22659 0.97399 0.00000 3.44985 0.00000 0.00000 -1.00000 0.00000
1619726178731741 -0.97491 -0.22259 -0.00000 38.48130 -0.22259 0.97491 0.00000 3.23984 0.00000 0.00000 -1.00000 0.00000
1619726178981750 -0.97552 -0.21993 -0.00000 36.08314 -0.21993 0.97552 0.00000 3.09498 0.00000 0.00000 -1.00000 0.00000
1619726179231745 -0.97664 -0.21489 -0.00000 33.61959 -0.21489 0.97664 0.00000 2.87264 0.00000 0.00000 -1.00000 0.00000
1619726179481750 -0.97762 -0.21036 -0.00000 31.20844 -0.21036 0.97762 0.00000 2.68958 0.00000 0.00000 -1.00000 0.00000
1619726179731755 -0.97923 -0.20274 -0.00000 28.72115 -0.20274 0.97923 0.00000 2.38551 0.00000 0.00000 -1.00000 0.00000
1619726179981755 -0.98064 -0.19584 -0.00000 26.26661 -0.19584 0.98064 0.00000 2.12511 0.00000 0.00000 -1.00000 0.00000
1619726180231764 -0.98187 -0.18956 -0.00000 23.76226 -0.18956 0.98187 0.00000 1.91185 0.00000 0.00000 -1.00000 0.00000
1619726180481796 -0.98290 -0.18415 -0.00000 21.22651 -0.18415 0.98290 0.00000 1.72520 0.00000 0.00000 -1.00000 0.00000
1619726180731770 -0.98367 -0.17998 -0.00000 18.66275 -0.17998 0.98367 0.00000 1.57923 0.00000 0.00000 -1.00000 0.00000
1619726180982399 -0.98440 -0.17597 -0.00000 16.07597 -0.17597 0.98440 0.00000 1.46231 0.00000 0.00000 -1.00000 0.00000
1619726181232397 -0.98510 -0.17199 -0.00000 13.49312 -0.17199 0.98510 0.00000 1.36996 0.00000 0.00000 -1.00000 0.00000
1619726181482398 -0.98603 -0.16654 -0.00000 10.90789 -0.16654 0.98603 0.00000 1.26027 0.00000 0.00000 -1.00000 0.00000
1619726181733032 -0.98708 -0.16025 -0.00000 8.30263 -0.16025 0.98708 0.00000 1.15598 0.00000 0.00000 -1.00000 0.00000
1619726181982409 -0.98789 -0.15518 -0.00000 5.72534 -0.15518 0.98789 0.00000 1.08147 0.00000 0.00000 -1.00000 0.00000
1619726182232415 -0.98851 -0.15116 -0.00000 3.14236 -0.15116 0.98851 0.00000 1.01469 0.00000 0.00000 -1.00000 0.00000
1619726182482414 -0.98851 -0.15118 -0.00000 0.54847 -0.15118 0.98851 0.00000 0.99017 0.00000 0.00000 -1.00000 0.00000
1619726182732424 -0.98837 -0.15209 -0.00000 -2.02018 -0.15209 0.98837 0.00000 0.95032 0.00000 0.00000 -1.00000 0.00000
1619726182982424 -0.98749 -0.15770 -0.00000 -4.60959 -0.15770 0.98749 0.00000 0.87856 0.00000 0.00000 -1.00000 0.00000
1619726183231803 -0.98609 -0.16619 -0.00000 -7.16013 -0.16619 0.98609 0.00000 0.77289 0.00000 0.00000 -1.00000 0.00000
1619726183481805 -0.98456 -0.17506 -0.00000 -9.74003 -0.17506 0.98456 0.00000 0.64420 0.00000 0.00000 -1.00000 0.00000
1619726183731808 -0.98349 -0.18098 -0.00000 -12.32637 -0.18098 0.98349 0.00000 0.57025 0.00000 0.00000 -1.00000 0.00000
1619726183981812 -0.98387 -0.17891 -0.00000 -14.85968 -0.17891 0.98387 0.00000 0.56095 0.00000 0.00000 -1.00000 0.00000
1619726184231817 -0.98434 -0.17628 -0.00000 -17.46716 -0.17628 0.98434 0.00000 0.52677 0.00000 0.00000 -1.00000 0.00000
1619726184481818 -0.98457 -0.17500 -0.00000 -20.04639 -0.17500 0.98457 0.00000 0.49354 0.00000 0.00000 -1.00000 0.00000
1619726184731826 -0.98397 -0.17832 -0.00000 -22.66752 -0.17832 0.98397 0.00000 0.34612 0.00000 0.00000 -1.00000 0.00000
1619726184981838 -0.98327 -0.18214 -0.00000 -25.27410 -0.18214 0.98327 0.00000 0.17587 0.00000 0.00000 -1.00000 0.00000
1619726185232455 -0.98255 -0.18600 -0.00000 -27.86169 -0.18600 0.98255 0.00000 0.00005 0.00000 0.00000 -1.00000 0.00000
1619726185482458 -0.98144 -0.19175 -0.00000 -30.44831 -0.19175 0.98144 0.00000 -0.21381 0.00000 0.00000 -1.00000 0.00000
1619726185733089 -0.98061 -0.19595 -0.00000 -32.99648 -0.19595 0.98061 0.00000 -0.36937 0.00000 0.00000 -1.00000 0.00000
1619726185982466 -0.97954 -0.20124 -0.00000 -35.54446 -0.20124 0.97954 0.00000 -0.58471 0.00000 0.00000 -1.00000 0.00000
1619726186232467 -0.97850 -0.20624 -0.00000 -38.05097 -0.20624 0.97850 0.00000 -0.81249 0.00000 0.00000 -1.00000 0.00000
1619726186482470 -0.97713 -0.21263 -0.00000 -40.53747 -0.21263 0.97713 0.00000 -1.11483 0.00000 0.00000 -1.00000 0.00000
1619726186731853 -0.97574 -0.21895 -0.00000 -43.02266 -0.21895 0.97574 0.00000 -1.43216 0.00000 0.00000 -1.00000 0.00000
1619726186981861 -0.97380 -0.22741 -0.00000 -45.42211 -0.22741 0.97380 0.00000 -1.87557 0.00000 0.00000 -1.00000 0.00000
1619726187231232 -0.97164 -0.23648 -0.00000 -47.78372 -0.23648 0.97164 0.00000 -2.36487 0.00000 0.00000 -1.00000 0.00000
1619726187481235 -0.96967 -0.24442 -0.00000 -50.02466 -0.24442 0.96967 0.00000 -2.81362 0.00000 0.00000 -1.00000 0.00000
1619726187731869 -0.96779 -0.25175 -0.00000 -52.19678 -0.25175 0.96779 0.00000 -3.25249 0.00000 0.00000 -1.00000 0.00000
1619726187982491 -0.96662 -0.25622 -0.00000 -54.27391 -0.25622 0.96662 0.00000 -3.54008 0.00000 0.00000 -1.00000 0.00000
1619726188232502 -0.96703 -0.25466 -0.00000 -56.24125 -0.25466 0.96703 0.00000 -3.47272 0.00000 0.00000 -1.00000 0.00000
1619726188483131 -0.96861 -0.24859 -0.00000 -58.12928 -0.24859 0.96861 0.00000 -3.14595 0.00000 0.00000 -1.00000 0.00000
1619726188733131 -0.97215 -0.23438 -0.00000 -59.90041 -0.23438 0.97215 0.00000 -2.31449 0.00000 0.00000 -1.00000 0.00000
1619726188983139 -0.97696 -0.21341 -0.00000 -61.54696 -0.21341 0.97696 0.00000 -1.05131 0.00000 0.00000 -1.00000 0.00000
1619726189233138 -0.98378 -0.17938 -0.00000 -63.04923 -0.17938 0.98378 0.00000 1.07163 0.00000 0.00000 -1.00000 0.00000
1619726189482517 -0.99093 -0.13440 -0.00000 -64.31373 -0.13440 0.99093 0.00000 3.91989 0.00000 0.00000 -1.00000 0.00000
1619726189733145 -0.99688 -0.07891 -0.00000 -65.27199 -0.07891 0.99688 0.00000 7.50763 0.00000 0.00000 -1.00000 0.00000
1619726189982522 -0.99995 -0.01008 -0.00000 -65.77617 -0.01008 0.99995 0.00000 11.97455 0.00000 0.00000 -1.00000 0.00000
1619726190232522 -0.99733 0.07302 0.00000 -65.67428 0.07302 0.99733 0.00000 17.39328 0.00000 0.00000 -1.00000 0.00000
1619726190481903 -0.98552 0.16955 0.00000 -64.77586 0.16955 0.98552 0.00000 23.68165 0.00000 0.00000 -1.00000 0.00000
1619726190731908 -0.96048 0.27834 0.00000 -62.80851 0.27834 0.96048 0.00000 30.73991 0.00000 0.00000 -1.00000 0.00000
1619726190981282 -0.91998 0.39197 0.00000 -59.68681 0.39197 0.91998 0.00000 38.08687 0.00000 0.00000 -1.00000 0.00000
1619726191231291 -0.86321 0.50485 0.00000 -55.43917 0.50485 0.86321 0.00000 45.26713 0.00000 0.00000 -1.00000 0.00000
1619726191481916 -0.79286 0.60940 0.00000 -50.32194 0.60940 0.79286 0.00000 51.86448 0.00000 0.00000 -1.00000 0.00000
1619726191731923 -0.71382 0.70033 0.00000 -44.74265 0.70033 0.71382 0.00000 57.53492 0.00000 0.00000 -1.00000 0.00000
1619726191982548 -0.63123 0.77560 0.00000 -39.07282 0.77560 0.63123 0.00000 62.12879 0.00000 0.00000 -1.00000 0.00000
1619726192232548 -0.54997 0.83518 0.00000 -33.69889 0.83518 0.54997 0.00000 65.72288 0.00000 0.00000 -1.00000 0.00000
1619726192482553 -0.47215 0.88152 0.00000 -28.74355 0.88152 0.47215 0.00000 68.48376 0.00000 0.00000 -1.00000 0.00000
1619726192731937 -0.40912 0.91248 0.00000 -25.05034 0.91248 0.40912 0.00000 70.28319 0.00000 0.00000 -1.00000 0.00000
1619726192981942 -0.36153 0.93236 0.00000 -22.63534 0.93236 0.36153 0.00000 71.45196 0.00000 0.00000 -1.00000 0.00000
1619726193231318 -0.32991 0.94401 0.00000 -21.52023 0.94401 0.32991 0.00000 72.13352 0.00000 0.00000 -1.00000 0.00000
1619726193481318 -0.30812 0.95135 0.00000 -21.23385 0.95135 0.30812 0.00000 72.57791 0.00000 0.00000 -1.00000 0.00000
1619726193731952 -0.29925 0.95417 0.00000 -22.00369 0.95417 0.29925 0.00000 72.73851 0.00000 0.00000 -1.00000 0.00000
1619726193982574 -0.29222 0.95635 0.00000 -23.00093 0.95635 0.29222 0.00000 72.87405 0.00000 0.00000 -1.00000 0.00000
1619726194232578 -0.28515 0.95848 0.00000 -24.05371 0.95848 0.28515 0.00000 73.00736 0.00000 0.00000 -1.00000 0.00000
1619726194483206 -0.27657 0.96099 0.00000 -25.06337 0.96099 0.27657 0.00000 73.17317 0.00000 0.00000 -1.00000 0.00000
1619726194733217 -0.26714 0.96366 0.00000 -26.09560 0.96366 0.26714 0.00000 73.37682 0.00000 0.00000 -1.00000 0.00000
1619726194982595 -0.25630 0.96660 0.00000 -27.05984 0.96660 0.25630 0.00000 73.63113 0.00000 0.00000 -1.00000 0.00000
1619726195232597 -0.24365 0.96986 0.00000 -27.90476 0.96986 0.24365 0.00000 73.95378 0.00000 0.00000 -1.00000 0.00000
1619726195482595 -0.22431 0.97452 0.00000 -28.26477 0.97452 0.22431 0.00000 74.46331 0.00000 0.00000 -1.00000 0.00000
1619726195732599 -0.20313 0.97915 0.00000 -28.53265 0.97915 0.20313 0.00000 75.03168 0.00000 0.00000 -1.00000 0.00000
1619726195982606 -0.17885 0.98388 0.00000 -28.55310 0.98388 0.17885 0.00000 75.69281 0.00000 0.00000 -1.00000 0.00000
1619726196232610 -0.15086 0.98855 0.00000 -28.32569 0.98855 0.15086 0.00000 76.45867 0.00000 0.00000 -1.00000 0.00000
1619726196482652 -0.11952 0.99283 0.00000 -27.83979 0.99283 0.11952 0.00000 77.30881 0.00000 0.00000 -1.00000 0.00000
1619726196731988 -0.08989 0.99595 0.00000 -27.51883 0.99595 0.08989 0.00000 78.08260 0.00000 0.00000 -1.00000 0.00000
1619726196981991 -0.06705 0.99775 0.00000 -27.74931 0.99775 0.06705 0.00000 78.63705 0.00000 0.00000 -1.00000 0.00000
1619726197231997 -0.06299 0.99801 0.00000 -29.42778 0.99801 0.06299 0.00000 78.65967 0.00000 0.00000 -1.00000 0.00000
1619726197481998 -0.07531 0.99716 0.00000 -32.45197 0.99716 0.07531 0.00000 78.22587 0.00000 0.00000 -1.00000 0.00000
1619726197732007 -0.09519 0.99546 0.00000 -36.11626 0.99546 0.09519 0.00000 77.52136 0.00000 0.00000 -1.00000 0.00000
1619726197982634 -0.11711 0.99312 0.00000 -39.88638 0.99312 0.11711 0.00000 76.63815 0.00000 0.00000 -1.00000 0.00000
1619726198233262 -0.14355 0.98964 0.00000 -43.96018 0.98964 0.14355 0.00000 75.47884 0.00000 0.00000 -1.00000 0.00000
1619726198483261 -0.16615 0.98610 0.00000 -47.83311 0.98610 0.16615 0.00000 74.40980 0.00000 0.00000 -1.00000 0.00000
1619726198733272 -0.18744 0.98228 0.00000 -51.53786 0.98228 0.18744 0.00000 73.30785 0.00000 0.00000 -1.00000 0.00000
1619726198983273 -0.20587 0.97858 0.00000 -55.01550 0.97858 0.20587 0.00000 72.26654 0.00000 0.00000 -1.00000 0.00000
1619726199233278 -0.22333 0.97474 0.00000 -58.40298 0.97474 0.22333 0.00000 71.22501 0.00000 0.00000 -1.00000 0.00000
