1. 0. 0. 0. 0. -1. -0. 0. 0. 0. -1. 0.
1. -0.002 -0. 0.016 -0.002 -1. -0. 0.057 0. 0. -1. 0.
1. 0.004 0. 0.014 0.004 -1. -0. 0.060 0. 0. -1. 0.
1. 0.002 0. 0.016 0.002 -1. -0. 0.052 0. 0. -1. 0.
1. -0.004 -0. 0.036 -0.004 -1. -0. 0.067 0. 0. -1. 0.
1. -0.003 -0. 0.030 -0.003 -1. -0. 0.017 0. 0. -1. 0.
1. -0.000 -0. 0.032 -0.000 -1. -0. 0.060 0. 0. -1. 0.
1. 0.002 0. 0.005 0.002 -1. -0. 0.068 0. 0. -1. 0.
1. 0.002 0. 0.016 0.002 -1. -0. 0.066 0. 0. -1. 0.
1. 0.000 0. 0.003 0.000 -1. -0. 0.001 0. 0. -1. 0.
1. -0.001 -0. 0.012 -0.001 -1. -0. 0.033 0. 0. -1. 0.
1. -0.003 -0. 0.027 -0.003 -1. -0. 0.070 0. 0. -1. 0.
1. 0.002 0. 0.023 0.002 -1. -0. 0.053 0. 0. -1. 0.
1. 0.002 0. 0.011 0.002 -1. -0. 0.078 0. 0. -1. 0.
1. 0.002 0. 0.007 0.002 -1. -0. 0.068 0. 0. -1. 0.
1. 0.000 0. 0.004 0.000 -1. -0. 0.020 0. 0. -1. 0.
1. 0.006 0. 0.038 0.006 -1. -0. 0.095 0. 0. -1. 0.
1. 0.003 0. -0.002 0.003 -1. -0. 0.055 0. 0. -1. 0.
1. -0.001 -0. 0.023 -0.001 -1. -0. 0.075 0. 0. -1. 0.
1. -0.004 -0. 0.039 -0.004 -1. -0. 0.067 0. 0. -1. 0.
1. -0.002 -0. 0.018 -0.002 -1. -0. 0.020 0. 0. -1. 0.
1. -0.001 -0. 0.038 -0.001 -1. -0. 0.095 0. 0. -1. 0.
1. -0.001 -0. 0.058 -0.001 -1. -0. 0.072 0. 0. -1. 0.
1. -0.008 -0. 0.136 -0.008 -1. -0. 0.117 0. 0. -1. 0.
1.000 -0.027 -0. 0.237 -0.027 -1.000 -0. 0.043 0. 0. -1. 0.
0.998 -0.055 -0. 0.434 -0.055 -0.998 -0. 0.022 0. 0. -1. 0.
0.995 -0.096 -0. 0.687 -0.096 -0.995 -0. -0.067 0. 0. -1. 0.
0.990 -0.142 -0. 1.114 -0.142 -0.990 -0. -0.072 0. 0. -1. 0.
0.985 -0.172 -0. 1.530 -0.172 -0.985 -0. -0.249 0. 0. -1. 0.
0.979 -0.203 -0. 2.065 -0.203 -0.979 -0. -0.458 0. 0. -1. 0.
0.975 -0.222 -0. 2.713 -0.222 -0.975 -0. -0.547 0. 0. -1. 0.
0.974 -0.226 -0. 3.514 -0.226 -0.974 -0. -0.719 0. 0. -1. 0.
0.975 -0.222 -0. 4.382 -0.222 -0.975 -0. -0.950 0. 0. -1. 0.
0.977 -0.215 -0. 5.301 -0.215 -0.977 -0. -1.235 0. 0. -1. 0.
0.976 -0.217 -0. 6.278 -0.217 -0.976 -0. -1.428 0. 0. -1. 0.
0.976 -0.217 -0. 7.287 -0.217 -0.976 -0. -1.639 0. 0. -1. 0.
0.978 -0.209 -0. 8.275 -0.209 -0.978 -0. -1.877 0. 0. -1. 0.
0.980 -0.199 -0. 9.515 -0.199 -0.980 -0. -2.106 0. 0. -1. 0.
0.981 -0.194 -0. 10.665 -0.194 -0.981 -0. -2.313 0. 0. -1. 0.
0.985 -0.172 -0. 11.861 -0.172 -0.985 -0. -2.588 0. 0. -1. 0.
0.987 -0.162 -0. 13.212 -0.162 -0.987 -0. -2.808 0. 0. -1. 0.
0.990 -0.138 -0. 14.500 -0.138 -0.990 -0. -3.130 0. 0. -1. 0.
0.993 -0.116 -0. 15.941 -0.116 -0.993 -0. -3.199 0. 0. -1. 0.
0.995 -0.097 -0. 17.442 -0.097 -0.995 -0. -3.264 0. 0. -1. 0.
0.997 -0.076 -0. 18.952 -0.076 -0.997 -0. -3.432 0. 0. -1. 0.
0.998 -0.062 -0. 20.610 -0.062 -0.998 -0. -3.543 0. 0. -1. 0.
0.999 -0.043 -0. 22.216 -0.043 -0.999 -0. -3.667 0. 0. -1. 0.
0.999 -0.033 -0. 23.914 -0.033 -0.999 -0. -3.730 0. 0. -1. 0.
1.000 -0.018 -0. 25.642 -0.018 -1.000 -0. -3.911 0. 0. -1. 0.
1. -0.011 -0. 27.355 -0.011 -1. -0. -3.845 0. 0. -1. 0.
1. 0.003 0. 29.067 0.003 -1. -0. -3.948 0. 0. -1. 0.
1.000 0.016 0. 30.866 0.016 -1.000 -0. -3.896 0. 0. -1. 0.
1.000 0.024 0. 32.610 0.024 -1.000 -0. -3.894 0. 0. -1. 0.
1.000 0.029 0. 34.485 0.029 -1.000 -0. -3.848 0. 0. -1. 0.
1.000 0.030 0. 36.414 0.030 -1.000 -0. -3.725 0. 0. -1. 0.
0.999 0.036 0. 38.284 0.036 -0.999 -0. -3.741 0. 0. -1. 0.
0.999 0.044 0. 40.246 0.044 -0.999 -0. -3.682 0. 0. -1. 0.
0.999 0.044 0. 42.338 0.044 -0.999 -0. -3.623 0. 0. -1. 0.
0.999 0.046 0. 44.426 0.046 -0.999 -0. -3.581 0. 0. -1. 0.
0.999 0.043 0. 46.538 0.043 -0.999 -0. -3.352 0. 0. -1. 0.
0.999 0.042 0. 48.740 0.042 -0.999 -0. -3.360 0. 0. -1. 0.
0.999 0.043 0. 50.984 0.043 -0.999 -0. -3.239 0. 0. -1. 0.
0.999 0.043 0. 53.278 0.043 -0.999 -0. -3.128 0. 0. -1. 0.
0.999 0.044 0. 55.586 0.044 -0.999 -0. -3.065 0. 0. -1. 0.
0.999 0.046 0. 57.870 0.046 -0.999 -0. -3.142 0. 0. -1. 0.
0.999 0.043 0. 60.187 0.043 -0.999 -0. -2.954 0. 0. -1. 0.
0.999 0.042 0. 62.381 0.042 -0.999 -0. -3.008 0. 0. -1. 0.
0.999 0.041 0. 64.693 0.041 -0.999 -0. -2.858 0. 0. -1. 0.
0.999 0.038 0. 66.961 0.038 -0.999 -0. -2.714 0. 0. -1. 0.
1.000 0.030 0. 69.097 0.030 -1.000 -0. -2.664 0. 0. -1. 0.
0.999 0.036 0. 71.402 0.036 -0.999 -0. -2.649 0. 0. -1. 0.
1.000 0.020 0. 73.621 0.020 -1.000 -0. -2.548 0. 0. -1. 0.
1. 0.012 0. 75.778 0.012 -1. -0. -2.561 0. 0. -1. 0.
1. -0.014 -0. 78.057 -0.014 -1. -0. -2.613 0. 0. -1. 0.
0.999 -0.045 -0. 80.136 -0.045 -0.999 -0. -2.747 0. 0. -1. 0.
0.997 -0.083 -0. 82.350 -0.083 -0.997 -0. -2.840 0. 0. -1. 0.
0.992 -0.129 -0. 84.379 -0.129 -0.992 -0. -3.220 0. 0. -1. 0.
0.986 -0.167 -0. 86.347 -0.167 -0.986 -0. -3.561 0. 0. -1. 0.
0.976 -0.217 -0. 88.380 -0.217 -0.976 -0. -3.989 0. 0. -1. 0.
0.961 -0.275 -0. 90.316 -0.275 -0.961 -0. -4.470 0. 0. -1. 0.
0.945 -0.326 -0. 92.216 -0.326 -0.945 -0. -5.315 0. 0. -1. 0.
0.925 -0.379 -0. 93.994 -0.379 -0.925 -0. -6.011 0. 0. -1. 0.
0.907 -0.421 -0. 95.841 -0.421 -0.907 -0. -6.874 0. 0. -1. 0.
0.881 -0.473 -0. 97.656 -0.473 -0.881 -0. -7.738 0. 0. -1. 0.
0.854 -0.521 -0. 99.368 -0.521 -0.854 -0. -8.916 0. 0. -1. 0.
0.823 -0.568 -0. 101.163 -0.568 -0.823 -0. -10.119 0. 0. -1. 0.
0.786 -0.618 -0. 102.759 -0.618 -0.786 -0. -11.149 0. 0. -1. 0.
0.735 -0.678 -0. 104.264 -0.678 -0.735 -0. -12.451 0. 0. -1. 0.
0.673 -0.740 -0. 105.627 -0.740 -0.673 -0. -13.897 0. 0. -1. 0.
0.604 -0.797 -0. 106.646 -0.797 -0.604 -0. -15.512 0. 0. -1. 0.
0.538 -0.843 -0. 107.499 -0.843 -0.538 -0. -17.314 0. 0. -1. 0.
0.480 -0.877 -0. 108.479 -0.877 -0.480 -0. -19.007 0. 0. -1. 0.
0.435 -0.900 -0. 109.441 -0.900 -0.435 -0. -20.779 0. 0. -1. 0.
0.405 -0.915 -0. 110.101 -0.915 -0.405 -0. -22.740 0. 0. -1. 0.
0.376 -0.926 -0. 111.010 -0.926 -0.376 -0. -24.655 0. 0. -1. 0.
0.364 -0.931 -0. 111.744 -0.931 -0.364 -0. -26.736 0. 0. -1. 0.
0.357 -0.934 -0. 112.607 -0.934 -0.357 -0. -28.743 0. 0. -1. 0.
0.347 -0.938 -0. 113.428 -0.938 -0.347 -0. -30.829 0. 0. -1. 0.
0.349 -0.937 -0. 114.014 -0.937 -0.349 -0. -33.023 0. 0. -1. 0.
0.354 -0.935 -0. 114.810 -0.935 -0.354 -0. -35.221 0. 0. -1. 0.
0.359 -0.933 -0. 115.771 -0.933 -0.359 -0. -37.405 0. 0. -1. 0.
0.382 -0.924 -0. 116.616 -0.924 -0.382 -0. -39.592 0. 0. -1. 0.
0.407 -0.913 -0. 117.480 -0.913 -0.407 -0. -41.812 0. 0. -1. 0.
0.438 -0.899 -0. 118.407 -0.899 -0.438 -0. -44.011 0. 0. -1. 0.
0.463 -0.886 -0. 119.694 -0.886 -0.463 -0. -46.065 0. 0. -1. 0.
0.484 -0.875 -0. 120.619 -0.875 -0.484 -0. -48.081 0. 0. -1. 0.
0.496 -0.868 -0. 121.748 -0.868 -0.496 -0. -50.181 0. 0. -1. 0.
0.512 -0.859 -0. 122.722 -0.859 -0.512 -0. -52.061 0. 0. -1. 0.
0.526 -0.850 -0. 123.911 -0.850 -0.526 -0. -54.020 0. 0. -1. 0.
0.537 -0.844 -0. 125.107 -0.844 -0.537 -0. -55.910 0. 0. -1. 0.
0.555 -0.832 -0. 126.005 -0.832 -0.555 -0. -57.652 0. 0. -1. 0.
0.561 -0.828 -0. 127.327 -0.828 -0.561 -0. -59.558 0. 0. -1. 0.
0.571 -0.821 -0. 128.506 -0.821 -0.571 -0. -61.136 0. 0. -1. 0.
0.582 -0.813 -0. 129.729 -0.813 -0.582 -0. -62.782 0. 0. -1. 0.
0.597 -0.802 -0. 130.967 -0.802 -0.597 -0. -64.510 0. 0. -1. 0.
0.616 -0.788 -0. 132.097 -0.788 -0.616 -0. -66.036 0. 0. -1. 0.
0.648 -0.762 -0. 133.450 -0.762 -0.648 -0. -67.631 0. 0. -1. 0.
0.682 -0.731 -0. 134.680 -0.731 -0.682 -0. -69.107 0. 0. -1. 0.
0.720 -0.694 -0. 136.024 -0.694 -0.720 -0. -70.413 0. 0. -1. 0.
0.769 -0.639 -0. 137.277 -0.639 -0.769 -0. -71.611 0. 0. -1. 0.
0.813 -0.583 -0. 138.786 -0.583 -0.813 -0. -72.638 0. 0. -1. 0.
0.869 -0.494 -0. 140.099 -0.494 -0.869 -0. -73.549 0. 0. -1. 0.
0.919 -0.394 -0. 141.681 -0.394 -0.919 -0. -74.114 0. 0. -1. 0.
0.961 -0.276 -0. 142.977 -0.276 -0.961 -0. -74.647 0. 0. -1. 0.
0.990 -0.144 -0. 144.405 -0.144 -0.990 -0. -74.860 0. 0. -1. 0.
1. 0.004 0. 145.679 0.004 -1. -0. -74.814 0. 0. -1. 0.
0.989 0.149 0. 146.906 0.149 -0.989 -0. -74.632 0. 0. -1. 0.
0.950 0.313 0. 147.966 0.313 -0.950 -0. -74.237 0. 0. -1. 0.
0.876 0.483 0. 149.009 0.483 -0.876 -0. -73.698 0. 0. -1. 0.
0.767 0.641 0. 149.758 0.641 -0.767 -0. -73.033 0. 0. -1. 0.
0.613 0.790 0. 150.416 0.790 -0.613 -0. -72.199 0. 0. -1. 0.
0.431 0.902 0. 150.881 0.902 -0.431 -0. -71.120 0. 0. -1. 0.
0.216 0.976 0. 151.071 0.976 -0.216 -0. -70.155 0. 0. -1. 0.
-0.017 1.000 0. 151.010 1.000 0.017 0. -68.999 0. 0. -1. 0.
-0.250 0.968 0. 150.766 0.968 0.250 0. -68.019 0. 0. -1. 0.
-0.471 0.882 0. 150.252 0.882 0.471 0. -67.101 0. 0. -1. 0.
-0.649 0.761 0. 149.349 0.761 0.649 0. -66.196 0. 0. -1. 0.
-0.774 0.633 0. 148.276 0.633 0.774 0. -65.348 0. 0. -1. 0.
-0.855 0.518 0. 147.252 0.518 0.855 0. -64.760 0. 0. -1. 0.
-0.908 0.420 0. 145.973 0.420 0.908 0. -64.153 0. 0. -1. 0.
-0.935 0.354 0. 144.577 0.354 0.935 0. -63.683 0. 0. -1. 0.
-0.947 0.322 0. 143.074 0.322 0.947 0. -63.195 0. 0. -1. 0.
-0.956 0.294 0. 141.596 0.294 0.956 0. -62.812 0. 0. -1. 0.
-0.951 0.308 0. 139.973 0.308 0.951 0. -62.236 0. 0. -1. 0.
-0.946 0.325 0. 138.325 0.325 0.946 0. -61.718 0. 0. -1. 0.
-0.937 0.348 0. 136.677 0.348 0.937 0. -61.168 0. 0. -1. 0.
-0.920 0.392 0. 134.935 0.392 0.920 0. -60.437 0. 0. -1. 0.
-0.896 0.444 0. 133.185 0.444 0.896 0. -59.697 0. 0. -1. 0.
-0.868 0.496 0. 131.433 0.496 0.868 0. -58.547 0. 0. -1. 0.
-0.833 0.553 0. 129.677 0.553 0.833 0. -57.474 0. 0. -1. 0.
-0.793 0.609 0. 128.049 0.609 0.793 0. -56.055 0. 0. -1. 0.
-0.748 0.663 0. 126.463 0.663 0.748 0. -54.691 0. 0. -1. 0.
-0.699 0.715 0. 124.904 0.715 0.699 0. -53.123 0. 0. -1. 0.
-0.651 0.759 0. 123.436 0.759 0.651 0. -51.314 0. 0. -1. 0.
-0.601 0.799 0. 122.121 0.799 0.601 0. -49.468 0. 0. -1. 0.
-0.541 0.841 0. 120.635 0.841 0.541 0. -47.523 0. 0. -1. 0.
-0.497 0.868 0. 119.629 0.868 0.497 0. -45.500 0. 0. -1. 0.
-0.455 0.891 0. 118.418 0.891 0.455 0. -43.257 0. 0. -1. 0.
-0.419 0.908 0. 117.426 0.908 0.419 0. -41.050 0. 0. -1. 0.
-0.386 0.923 0. 116.467 0.923 0.386 0. -38.791 0. 0. -1. 0.
-0.374 0.927 0. 115.654 0.927 0.374 0. -36.416 0. 0. -1. 0.
-0.353 0.936 0. 114.782 0.936 0.353 0. -34.157 0. 0. -1. 0.
-0.333 0.943 0. 113.947 0.943 0.333 0. -31.767 0. 0. -1. 0.
-0.328 0.945 0. 113.320 0.945 0.328 0. -29.457 0. 0. -1. 0.
-0.324 0.946 0. 112.464 0.946 0.324 0. -27.070 0. 0. -1. 0.
-0.344 0.939 0. 111.729 0.939 0.344 0. -24.803 0. 0. -1. 0.
-0.381 0.925 0. 110.810 0.925 0.381 0. -22.443 0. 0. -1. 0.
-0.427 0.904 0. 109.908 0.904 0.427 0. -20.296 0. 0. -1. 0.
-0.483 0.876 0. 108.803 0.876 0.483 0. -18.071 0. 0. -1. 0.
-0.540 0.842 0. 107.696 0.842 0.540 0. -15.973 0. 0. -1. 0.
-0.603 0.798 0. 106.343 0.798 0.603 0. -14.176 0. 0. -1. 0.
-0.670 0.742 0. 104.951 0.742 0.670 0. -12.191 0. 0. -1. 0.
-0.723 0.690 0. 103.309 0.690 0.723 0. -10.503 0. 0. -1. 0.
-0.777 0.629 0. 101.690 0.629 0.777 0. -9.046 0. 0. -1. 0.
-0.825 0.565 0. 99.782 0.565 0.825 0. -7.605 0. 0. -1. 0.
-0.872 0.490 0. 97.914 0.490 0.872 0. -6.489 0. 0. -1. 0.
-0.909 0.417 0. 95.912 0.417 0.909 0. -5.422 0. 0. -1. 0.
-0.943 0.333 0. 93.825 0.333 0.943 0. -4.629 0. 0. -1. 0.
-0.965 0.263 0. 91.637 0.263 0.965 0. -4.143 0. 0. -1. 0.
-0.982 0.189 0. 89.331 0.189 0.982 0. -3.579 0. 0. -1. 0.
-0.992 0.125 0. 87.161 0.125 0.992 0. -3.199 0. 0. -1. 0.
-0.997 0.074 0. 84.784 0.074 0.997 0. -2.995 0. 0. -1. 0.
-0.999 0.036 0. 82.408 0.036 0.999 0. -2.932 0. 0. -1. 0.
-1. 0.007 0. 80.032 0.007 1. 0. -2.886 0. 0. -1. 0.
-1. -0.013 -0. 77.532 -0.013 1. 0. -2.868 0. 0. -1. 0.
-1.000 -0.024 -0. 75.112 -0.024 1.000 0. -2.990 0. 0. -1. 0.
-1.000 -0.026 -0. 72.656 -0.026 1.000 0. -2.952 0. 0. -1. 0.
-1.000 -0.024 -0. 70.214 -0.024 1.000 0. -3.026 0. 0. -1. 0.
-1.000 -0.020 -0. 67.719 -0.020 1.000 0. -3.069 0. 0. -1. 0.
-1.000 -0.018 -0. 65.194 -0.018 1.000 0. -3.058 0. 0. -1. 0.
-1.000 -0.016 -0. 62.761 -0.016 1.000 0. -3.102 0. 0. -1. 0.
-1. -0.013 -0. 60.230 -0.013 1. 0. -3.231 0. 0. -1. 0.
-1. -0.010 -0. 57.800 -0.010 1. 0. -3.058 0. 0. -1. 0.
-1. 0.005 0. 55.330 0.005 1. 0. -3.040 0. 0. -1. 0.
-1. 0.003 0. 52.939 0.003 1. 0. -2.863 0. 0. -1. 0.
-1. 0.009 0. 50.486 0.009 1. 0. -2.897 0. 0. -1. 0.
-1. 0.011 0. 48.170 0.011 1. 0. -2.794 0. 0. -1. 0.
-1. 0.013 0. 45.906 0.013 1. 0. -2.784 0. 0. -1. 0.
-1. 0.012 0. 43.655 0.012 1. 0. -2.671 0. 0. -1. 0.
-1. 0.013 0. 41.286 0.013 1. 0. -2.701 0. 0. -1. 0.
-1. 0.008 0. 39.128 0.008 1. 0. -2.396 0. 0. -1. 0.
-1. 0.008 0. 36.953 0.008 1. 0. -2.551 0. 0. -1. 0.
-1. 0.008 0. 34.700 0.008 1. 0. -2.549 0. 0. -1. 0.
-1.000 0.015 0. 32.485 0.015 1.000 0. -2.557 0. 0. -1. 0.
-1.000 0.018 0. 30.335 0.018 1.000 0. -2.335 0. 0. -1. 0.
-1.000 0.025 0. 28.027 0.025 1.000 0. -2.320 0. 0. -1. 0.
-1.000 0.031 0. 25.932 0.031 1.000 0. -2.187 0. 0. -1. 0.
-0.999 0.041 0. 23.743 0.041 0.999 0. -1.983 0. 0. -1. 0.
-0.999 0.053 0. 21.538 0.053 0.999 0. -1.848 0. 0. -1. 0.
-0.998 0.067 0. 19.383 0.067 0.998 0. -1.833 0. 0. -1. 0.
-0.997 0.079 0. 17.246 0.079 0.997 0. -1.467 0. 0. -1. 0.
-0.996 0.089 0. 14.915 0.089 0.996 0. -1.373 0. 0. -1. 0.
-0.995 0.102 0. 12.836 0.102 0.995 0. -1.144 0. 0. -1. 0.
-0.995 0.100 0. 10.576 0.100 0.995 0. -0.916 0. 0. -1. 0.
-0.994 0.106 0. 8.361 0.106 0.994 0. -0.685 0. 0. -1. 0.
-0.994 0.106 0. 6.216 0.106 0.994 0. -0.468 0. 0. -1. 0.
-0.995 0.098 0. 3.985 0.098 0.995 0. -0.204 0. 0. -1. 0.
-0.995 0.098 0. 1.741 0.098 0.995 0. 0.044 0. 0. -1. 0.
-0.997 0.080 0. -0.501 0.080 0.997 0. 0.273 0. 0. -1. 0.
-0.997 0.083 0. -2.766 0.083 0.997 0. 0.445 0. 0. -1. 0.
-0.998 0.064 0. -4.936 0.064 0.998 0. 0.651 0. 0. -1. 0.
-0.998 0.065 0. -7.233 0.065 0.998 0. 0.755 0. 0. -1. 0.
-0.998 0.065 0. -9.588 0.065 0.998 0. 0.926 0. 0. -1. 0.
-0.998 0.060 0. -11.899 0.060 0.998 0. 1.120 0. 0. -1. 0.
-0.998 0.064 0. -14.193 0.064 0.998 0. 1.321 0. 0. -1. 0.
-0.999 0.047 0. -16.620 0.047 0.999 0. 1.436 0. 0. -1. 0.
-0.999 0.048 0. -18.965 0.048 0.999 0. 1.518 0. 0. -1. 0.
-0.999 0.044 0. -21.473 0.044 0.999 0. 1.737 0. 0. -1. 0.
-0.999 0.041 0. -24.090 0.041 0.999 0. 1.855 0. 0. -1. 0.
-0.999 0.038 0. -26.599 0.038 0.999 0. 1.999 0. 0. -1. 0.
-0.999 0.033 0. -29.036 0.033 0.999 0. 2.095 0. 0. -1. 0.
-1.000 0.024 0. -31.469 0.024 1.000 0. 2.184 0. 0. -1. 0.
-1.000 0.027 0. -34.060 0.027 1.000 0. 2.081 0. 0. -1. 0.
-1.000 0.027 0. -36.345 0.027 1.000 0. 2.219 0. 0. -1. 0.
-1. 0.012 0. -38.743 0.012 1. 0. 2.278 0. 0. -1. 0.
-1.000 0.017 0. -41.229 0.017 1.000 0. 2.325 0. 0. -1. 0.
-1. 0.010 0. -43.472 0.010 1. 0. 2.389 0. 0. -1. 0.
-1. 0.009 0. -45.827 0.009 1. 0. 2.471 0. 0. -1. 0.
-1. -0.001 -0. -48.067 -0.001 1. 0. 2.533 0. 0. -1. 0.
-1. -0.003 -0. -50.262 -0.003 1. 0. 2.534 0. 0. -1. 0.
-1. -0.008 -0. -52.329 -0.008 1. 0. 2.601 0. 0. -1. 0.
-1. -0.010 -0. -54.480 -0.010 1. 0. 2.652 0. 0. -1. 0.
-1. -0.005 -0. -56.424 -0.005 1. 0. 2.668 0. 0. -1. 0.
-1. -0.002 -0. -58.283 -0.002 1. 0. 2.695 0. 0. -1. 0.
-1.000 0.027 0. -60.109 0.027 1.000 0. 2.713 0. 0. -1. 0.
-0.999 0.043 0. -61.649 0.043 0.999 0. 2.889 0. 0. -1. 0.
-0.997 0.078 0. -63.299 0.078 0.997 0. 3.021 0. 0. -1. 0.
-0.991 0.133 0. -64.665 0.133 0.991 0. 3.158 0. 0. -1. 0.
-0.982 0.186 0. -66.002 0.186 0.982 0. 3.537 0. 0. -1. 0.
-0.970 0.244 0. -67.191 0.244 0.970 0. 3.864 0. 0. -1. 0.
-0.944 0.330 0. -68.249 0.330 0.944 0. 4.312 0. 0. -1. 0.
-0.911 0.413 0. -69.164 0.413 0.911 0. 4.770 0. 0. -1. 0.
-0.858 0.513 0. -70.072 0.513 0.858 0. 5.407 0. 0. -1. 0.
-0.786 0.618 0. -70.848 0.618 0.786 0. 6.002 0. 0. -1. 0.
-0.702 0.712 0. -71.571 0.712 0.702 0. 6.831 0. 0. -1. 0.
-0.597 0.802 0. -72.222 0.802 0.597 0. 7.591 0. 0. -1. 0.
-0.493 0.870 0. -72.571 0.870 0.493 0. 8.432 0. 0. -1. 0.
-0.376 0.926 0. -73.081 0.926 0.376 0. 9.387 0. 0. -1. 0.
-0.279 0.960 0. -73.223 0.960 0.279 0. 10.502 0. 0. -1. 0.
-0.188 0.982 0. -73.523 0.982 0.188 0. 11.675 0. 0. -1. 0.
-0.117 0.993 0. -73.644 0.993 0.117 0. 12.811 0. 0. -1. 0.
-0.087 0.996 0. -73.675 0.996 0.087 0. 14.215 0. 0. -1. 0.
-0.062 0.998 0. -73.722 0.998 0.062 0. 15.504 0. 0. -1. 0.
-0.050 0.999 0. -73.712 0.999 0.050 0. 17.050 0. 0. -1. 0.
-0.044 0.999 0. -73.731 0.999 0.044 0. 18.552 0. 0. -1. 0.
-0.033 0.999 0. -73.826 0.999 0.033 0. 20.169 0. 0. -1. 0.
-0.024 1.000 0. -73.872 1.000 0.024 0. 21.876 0. 0. -1. 0.
-0.018 1.000 0. -73.855 1.000 0.018 0. 23.657 0. 0. -1. 0.
-0.016 1.000 0. -73.752 1.000 0.016 0. 25.465 0. 0. -1. 0.
-0.006 1. 0. -73.782 1. 0.006 0. 27.532 0. 0. -1. 0.
0.013 1. 0. -73.706 1. -0.013 -0. 29.499 0. 0. -1. 0.
0.023 1.000 0. -73.677 1.000 -0.023 -0. 31.455 0. 0. -1. 0.
0.037 0.999 0. -73.581 0.999 -0.037 -0. 33.617 0. 0. -1. 0.
0.057 0.998 0. -73.385 0.998 -0.057 -0. 35.533 0. 0. -1. 0.
0.091 0.996 0. -73.246 0.996 -0.091 -0. 37.686 0. 0. -1. 0.
0.100 0.995 0. -72.941 0.995 -0.100 -0. 39.796 0. 0. -1. 0.
0.131 0.991 0. -72.663 0.991 -0.131 -0. 41.892 0. 0. -1. 0.
0.148 0.989 0. -72.318 0.989 -0.148 -0. 43.753 0. 0. -1. 0.
0.170 0.986 0. -71.977 0.986 -0.170 -0. 45.855 0. 0. -1. 0.
0.175 0.985 0. -71.562 0.985 -0.175 -0. 47.942 0. 0. -1. 0.
0.172 0.985 0. -71.136 0.985 -0.172 -0. 49.833 0. 0. -1. 0.
0.174 0.985 0. -70.837 0.985 -0.174 -0. 51.633 0. 0. -1. 0.
0.159 0.987 0. -70.534 0.987 -0.159 -0. 53.814 0. 0. -1. 0.
0.151 0.988 0. -70.214 0.988 -0.151 -0. 55.767 0. 0. -1. 0.
0.130 0.991 0. -69.836 0.991 -0.130 -0. 57.842 0. 0. -1. 0.
0.102 0.995 0. -69.574 0.995 -0.102 -0. 59.862 0. 0. -1. 0.
0.087 0.996 0. -69.308 0.996 -0.087 -0. 61.987 0. 0. -1. 0.
0.072 0.997 0. -69.118 0.997 -0.072 -0. 63.987 0. 0. -1. 0.
0.050 0.999 0. -68.954 0.999 -0.050 -0. 66.012 0. 0. -1. 0.
0.031 1.000 0. -68.912 1.000 -0.031 -0. 68.079 0. 0. -1. 0.
0.017 1.000 0. -68.862 1.000 -0.017 -0. 70.118 0. 0. -1. 0.
-0.004 1. 0. -68.658 1. 0.004 0. 72.221 0. 0. -1. 0.
-0.029 1.000 0. -68.667 1.000 0.029 0. 74.253 0. 0. -1. 0.
-0.041 0.999 0. -68.856 0.999 0.041 0. 76.172 0. 0. -1. 0.
-0.079 0.997 0. -68.952 0.997 0.079 0. 78.043 0. 0. -1. 0.
-0.111 0.994 0. -69.107 0.994 0.111 0. 80.016 0. 0. -1. 0.
-0.151 0.988 0. -69.393 0.988 0.151 0. 81.895 0. 0. -1. 0.
-0.191 0.981 0. -69.723 0.981 0.191 0. 83.801 0. 0. -1. 0.
-0.240 0.971 0. -70.125 0.971 0.240 0. 85.485 0. 0. -1. 0.
-0.290 0.957 0. -70.638 0.957 0.290 0. 87.242 0. 0. -1. 0.
-0.356 0.935 0. -71.130 0.935 0.356 0. 88.884 0. 0. -1. 0.
-0.430 0.903 0. -71.818 0.903 0.430 0. 90.469 0. 0. -1. 0.
-0.508 0.861 0. -72.476 0.861 0.508 0. 91.863 0. 0. -1. 0.
-0.581 0.814 0. -73.522 0.814 0.581 0. 93.260 0. 0. -1. 0.
-0.665 0.746 0. -74.559 0.746 0.665 0. 94.504 0. 0. -1. 0.
-0.742 0.670 0. -75.677 0.670 0.742 0. 95.724 0. 0. -1. 0.
-0.816 0.578 0. -76.985 0.578 0.816 0. 96.639 0. 0. -1. 0.
-0.872 0.490 0. -78.353 0.490 0.872 0. 97.546 0. 0. -1. 0.
-0.921 0.389 0. -79.707 0.389 0.921 0. 98.290 0. 0. -1. 0.
-0.951 0.308 0. -81.305 0.308 0.951 0. 98.602 0. 0. -1. 0.
-0.968 0.249 0. -82.791 0.249 0.968 0. 98.943 0. 0. -1. 0.
-0.977 0.213 0. -84.327 0.213 0.977 0. 99.280 0. 0. -1. 0.
-0.981 0.196 0. -85.881 0.196 0.981 0. 99.540 0. 0. -1. 0.
-0.980 0.197 0. -87.429 0.197 0.980 0. 99.966 0. 0. -1. 0.
-0.979 0.201 0. -88.947 0.201 0.979 0. 100.248 0. 0. -1. 0.
-0.973 0.229 0. -90.748 0.229 0.973 0. 100.602 0. 0. -1. 0.
-0.963 0.271 0. -92.343 0.271 0.963 0. 101.077 0. 0. -1. 0.
-0.943 0.332 0. -94.024 0.332 0.943 0. 101.692 0. 0. -1. 0.
-0.921 0.389 0. -95.541 0.389 0.921 0. 102.458 0. 0. -1. 0.
-0.888 0.459 0. -97.214 0.459 0.888 0. 103.323 0. 0. -1. 0.
-0.853 0.523 0. -98.782 0.523 0.853 0. 104.345 0. 0. -1. 0.
-0.821 0.570 0. -100.347 0.570 0.821 0. 105.487 0. 0. -1. 0.
-0.789 0.614 0. -101.874 0.614 0.789 0. 106.674 0. 0. -1. 0.
-0.756 0.654 0. -103.516 0.654 0.756 0. 107.831 0. 0. -1. 0.
-0.737 0.676 0. -104.991 0.676 0.737 0. 109.302 0. 0. -1. 0.
-0.723 0.690 0. -106.544 0.690 0.723 0. 110.728 0. 0. -1. 0.
-0.716 0.698 0. -108.074 0.698 0.716 0. 112.461 0. 0. -1. 0.
-0.707 0.707 0. -109.585 0.707 0.707 0. 113.868 0. 0. -1. 0.
-0.709 0.706 0. -111.152 0.706 0.709 0. 115.557 0. 0. -1. 0.
-0.702 0.713 0. -112.769 0.713 0.702 0. 117.270 0. 0. -1. 0.
-0.705 0.709 0. -114.484 0.709 0.705 0. 118.911 0. 0. -1. 0.
-0.702 0.713 0. -116.198 0.713 0.702 0. 120.738 0. 0. -1. 0.
-0.698 0.716 0. -117.894 0.716 0.698 0. 122.499 0. 0. -1. 0.
-0.697 0.717 0. -119.658 0.717 0.697 0. 124.283 0. 0. -1. 0.
-0.701 0.713 0. -121.437 0.713 0.701 0. 126.257 0. 0. -1. 0.
-0.702 0.713 0. -123.216 0.713 0.702 0. 128.108 0. 0. -1. 0.
-0.700 0.714 0. -124.936 0.714 0.700 0. 129.874 0. 0. -1. 0.
-0.696 0.718 0. -126.738 0.718 0.696 0. 131.704 0. 0. -1. 0.
-0.702 0.712 0. -128.467 0.712 0.702 0. 133.595 0. 0. -1. 0.
-0.703 0.712 0. -130.225 0.712 0.703 0. 135.511 0. 0. -1. 0.
-0.700 0.714 0. -131.954 0.714 0.700 0. 137.271 0. 0. -1. 0.
-0.700 0.714 0. -133.750 0.714 0.700 0. 139.051 0. 0. -1. 0.
-0.697 0.717 0. -135.514 0.717 0.697 0. 140.936 0. 0. -1. 0.
-0.701 0.713 0. -137.276 0.713 0.701 0. 142.716 0. 0. -1. 0.
-0.699 0.715 0. -139.002 0.715 0.699 0. 144.692 0. 0. -1. 0.
-0.703 0.711 0. -140.711 0.711 0.703 0. 146.632 0. 0. -1. 0.
-0.704 0.710 0. -142.590 0.710 0.704 0. 148.525 0. 0. -1. 0.
-0.699 0.715 0. -144.333 0.715 0.699 0. 150.416 0. 0. -1. 0.
-0.692 0.722 0. -146.164 0.722 0.692 0. 152.171 0. 0. -1. 0.
-0.681 0.732 0. -147.716 0.732 0.681 0. 154.131 0. 0. -1. 0.
-0.666 0.746 0. -149.523 0.746 0.666 0. 156.141 0. 0. -1. 0.
-0.652 0.758 0. -151.199 0.758 0.652 0. 158.203 0. 0. -1. 0.
-0.625 0.781 0. -152.737 0.781 0.625 0. 160.095 0. 0. -1. 0.
-0.601 0.799 0. -154.318 0.799 0.601 0. 162.154 0. 0. -1. 0.
-0.567 0.823 0. -155.716 0.823 0.567 0. 164.238 0. 0. -1. 0.
-0.525 0.851 0. -157.059 0.851 0.525 0. 166.419 0. 0. -1. 0.
-0.488 0.873 0. -158.264 0.873 0.488 0. 168.562 0. 0. -1. 0.
-0.443 0.896 0. -159.429 0.896 0.443 0. 170.861 0. 0. -1. 0.
-0.391 0.920 0. -160.350 0.920 0.391 0. 173.117 0. 0. -1. 0.
-0.341 0.940 0. -161.277 0.940 0.341 0. 175.405 0. 0. -1. 0.
-0.285 0.959 0. -162.089 0.959 0.285 0. 177.703 0. 0. -1. 0.
-0.239 0.971 0. -162.434 0.971 0.239 0. 180.251 0. 0. -1. 0.
-0.202 0.979 0. -163.065 0.979 0.202 0. 182.525 0. 0. -1. 0.
-0.171 0.985 0. -163.307 0.985 0.171 0. 184.978 0. 0. -1. 0.
-0.141 0.990 0. -163.908 0.990 0.141 0. 187.347 0. 0. -1. 0.
-0.128 0.992 0. -164.218 0.992 0.128 0. 189.775 0. 0. -1. 0.
-0.123 0.992 0. -164.438 0.992 0.123 0. 192.280 0. 0. -1. 0.
-0.117 0.993 0. -164.609 0.993 0.117 0. 194.753 0. 0. -1. 0.
-0.111 0.994 0. -164.784 0.994 0.111 0. 197.226 0. 0. -1. 0.
-0.104 0.995 0. -165.174 0.995 0.104 0. 199.616 0. 0. -1. 0.
-0.097 0.995 0. -165.260 0.995 0.097 0. 202.109 0. 0. -1. 0.
-0.100 0.995 0. -165.359 0.995 0.100 0. 204.430 0. 0. -1. 0.
-0.101 0.995 0. -165.603 0.995 0.101 0. 206.886 0. 0. -1. 0.
-0.112 0.994 0. -165.818 0.994 0.112 0. 209.080 0. 0. -1. 0.
-0.135 0.991 0. -165.986 0.991 0.135 0. 211.483 0. 0. -1. 0.
-0.159 0.987 0. -166.385 0.987 0.159 0. 213.764 0. 0. -1. 0.
-0.197 0.980 0. -166.734 0.980 0.197 0. 215.994 0. 0. -1. 0.
-0.235 0.972 0. -167.152 0.972 0.235 0. 218.215 0. 0. -1. 0.
-0.277 0.961 0. -167.762 0.961 0.277 0. 220.298 0. 0. -1. 0.
-0.325 0.946 0. -168.516 0.946 0.325 0. 222.300 0. 0. -1. 0.
-0.382 0.924 0. -169.083 0.924 0.382 0. 224.225 0. 0. -1. 0.
-0.440 0.898 0. -169.972 0.898 0.440 0. 226.179 0. 0. -1. 0.
-0.498 0.867 0. -171.108 0.867 0.498 0. 227.864 0. 0. -1. 0.
-0.557 0.831 0. -172.275 0.831 0.557 0. 229.567 0. 0. -1. 0.
-0.615 0.788 0. -173.476 0.788 0.615 0. 231.138 0. 0. -1. 0.
-0.677 0.736 0. -174.675 0.736 0.677 0. 232.723 0. 0. -1. 0.
-0.735 0.678 0. -176.230 0.678 0.735 0. 234.126 0. 0. -1. 0.
-0.791 0.612 0. -177.791 0.612 0.791 0. 235.438 0. 0. -1. 0.
-0.837 0.547 0. -179.609 0.547 0.837 0. 236.635 0. 0. -1. 0.
-0.877 0.481 0. -181.489 0.481 0.877 0. 237.572 0. 0. -1. 0.
-0.913 0.408 0. -183.313 0.408 0.913 0. 238.513 0. 0. -1. 0.
-0.937 0.349 0. -185.345 0.349 0.937 0. 239.305 0. 0. -1. 0.
-0.953 0.304 0. -187.405 0.304 0.953 0. 240.028 0. 0. -1. 0.
-0.958 0.286 0. -189.443 0.286 0.958 0. 240.772 0. 0. -1. 0.
-0.962 0.272 0. -191.671 0.272 0.962 0. 241.380 0. 0. -1. 0.
-0.963 0.269 0. -193.759 0.269 0.963 0. 242.003 0. 0. -1. 0.
-0.964 0.267 0. -196.149 0.267 0.964 0. 242.642 0. 0. -1. 0.
-0.963 0.270 0. -198.438 0.270 0.963 0. 243.389 0. 0. -1. 0.
-0.962 0.273 0. -200.701 0.273 0.962 0. 244.103 0. 0. -1. 0.
-0.962 0.272 0. -203.072 0.272 0.962 0. 244.715 0. 0. -1. 0.
-0.963 0.269 0. -205.514 0.269 0.963 0. 245.407 0. 0. -1. 0.
-0.962 0.274 0. -207.865 0.274 0.962 0. 246.187 0. 0. -1. 0.
-0.961 0.276 0. -210.269 0.276 0.961 0. 246.917 0. 0. -1. 0.
-0.961 0.277 0. -212.485 0.277 0.961 0. 247.727 0. 0. -1. 0.
-0.961 0.275 0. -214.962 0.275 0.961 0. 248.346 0. 0. -1. 0.
-0.962 0.274 0. -217.417 0.274 0.962 0. 248.997 0. 0. -1. 0.
-0.961 0.277 0. -219.606 0.277 0.961 0. 249.647 0. 0. -1. 0.
-0.961 0.275 0. -221.879 0.275 0.961 0. 250.399 0. 0. -1. 0.
-0.961 0.276 0. -223.855 0.276 0.961 0. 251.092 0. 0. -1. 0.
-0.960 0.279 0. -226.121 0.279 0.960 0. 251.640 0. 0. -1. 0.
-0.959 0.285 0. -228.115 0.285 0.959 0. 252.293 0. 0. -1. 0.
-0.957 0.289 0. -230.187 0.289 0.957 0. 252.908 0. 0. -1. 0.
-0.957 0.291 0. -231.989 0.291 0.957 0. 253.511 0. 0. -1. 0.
-0.952 0.305 0. -233.963 0.305 0.952 0. 254.104 0. 0. -1. 0.
-0.942 0.337 0. -235.675 0.337 0.942 0. 254.737 0. 0. -1. 0.
-0.933 0.359 0. -237.206 0.359 0.933 0. 255.395 0. 0. -1. 0.
-0.924 0.383 0. -238.793 0.383 0.924 0. 256.059 0. 0. -1. 0.
-0.916 0.401 0. -240.225 0.401 0.916 0. 256.629 0. 0. -1. 0.
-0.911 0.413 0. -241.612 0.413 0.911 0. 257.215 0. 0. -1. 0.
-0.910 0.416 0. -242.841 0.416 0.910 0. 257.839 0. 0. -1. 0.
-0.910 0.414 0. -244.097 0.414 0.910 0. 258.496 0. 0. -1. 0.
-0.908 0.419 0. -245.281 0.419 0.908 0. 259.049 0. 0. -1. 0.
-0.906 0.423 0. -246.293 0.423 0.906 0. 259.496 0. 0. -1. 0.
-0.910 0.414 0. -247.176 0.414 0.910 0. 260.033 0. 0. -1. 0.
-0.914 0.406 0. -248.132 0.406 0.914 0. 260.262 0. 0. -1. 0.
-0.917 0.399 0. -248.996 0.399 0.917 0. 260.927 0. 0. -1. 0.
-0.918 0.397 0. -249.755 0.397 0.918 0. 261.061 0. 0. -1. 0.
-0.920 0.391 0. -250.331 0.391 0.920 0. 261.406 0. 0. -1. 0.
-0.923 0.385 0. -250.801 0.385 0.923 0. 261.592 0. 0. -1. 0.
-0.923 0.386 0. -251.278 0.386 0.923 0. 261.811 0. 0. -1. 0.
-0.923 0.384 0. -251.554 0.384 0.923 0. 261.969 0. 0. -1. 0.
-0.924 0.384 0. -251.834 0.384 0.924 0. 261.974 0. 0. -1. 0.
-0.921 0.389 0. -252.081 0.389 0.921 0. 262.137 0. 0. -1. 0.
-0.922 0.388 0. -252.217 0.388 0.922 0. 262.232 0. 0. -1. 0.
-0.923 0.384 0. -252.255 0.384 0.923 0. 262.204 0. 0. -1. 0.
-0.922 0.388 0. -252.426 0.388 0.922 0. 262.189 0. 0. -1. 0.
-0.923 0.384 0. -252.346 0.384 0.923 0. 262.218 0. 0. -1. 0.
-0.924 0.383 0. -252.441 0.383 0.924 0. 262.413 0. 0. -1. 0.
-0.921 0.390 0. -252.369 0.390 0.921 0. 262.318 0. 0. -1. 0.
-0.922 0.387 0. -252.354 0.387 0.922 0. 262.214 0. 0. -1. 0.
-0.923 0.384 0. -252.421 0.384 0.923 0. 262.445 0. 0. -1. 0.
-0.923 0.384 0. -252.401 0.384 0.923 0. 262.313 0. 0. -1. 0.
-0.921 0.391 0. -252.407 0.391 0.921 0. 262.300 0. 0. -1. 0.
-0.923 0.386 0. -252.353 0.386 0.923 0. 262.353 0. 0. -1. 0.
-0.923 0.384 0. -252.359 0.384 0.923 0. 262.457 0. 0. -1. 0.
-0.921 0.390 0. -252.418 0.390 0.921 0. 262.336 0. 0. -1. 0.
-0.921 0.389 0. -252.389 0.389 0.921 0. 262.261 0. 0. -1. 0.
-0.923 0.384 0. -252.347 0.384 0.923 0. 262.258 0. 0. -1. 0.
-0.923 0.385 0. -252.439 0.385 0.923 0. 262.419 0. 0. -1. 0.
-0.923 0.384 0. -252.316 0.384 0.923 0. 262.227 0. 0. -1. 0.
-0.920 0.391 0. -252.348 0.391 0.920 0. 262.285 0. 0. -1. 0.
-0.924 0.383 0. -252.307 0.383 0.924 0. 262.221 0. 0. -1. 0.
-0.924 0.383 0. -252.383 0.383 0.924 0. 262.303 0. 0. -1. 0.
-0.922 0.388 0. -252.390 0.388 0.922 0. 262.320 0. 0. -1. 0.
-0.924 0.383 0. -252.367 0.383 0.924 0. 262.309 0. 0. -1. 0.
-0.921 0.388 0. -252.388 0.388 0.921 0. 262.276 0. 0. -1. 0.
-0.921 0.389 0. -252.328 0.389 0.921 0. 262.252 0. 0. -1. 0.
-0.923 0.385 0. -252.338 0.385 0.923 0. 262.507 0. 0. -1. 0.
-0.922 0.386 0. -252.369 0.386 0.922 0. 262.243 0. 0. -1. 0.
-0.921 0.389 0. -252.402 0.389 0.921 0. 262.196 0. 0. -1. 0.
-0.924 0.383 0. -252.379 0.383 0.924 0. 262.312 0. 0. -1. 0.
-0.924 0.383 0. -252.410 0.383 0.924 0. 262.334 0. 0. -1. 0.
-0.924 0.383 0. -252.360 0.383 0.924 0. 262.312 0. 0. -1. 0.
-0.923 0.385 0. -252.399 0.385 0.923 0. 262.517 0. 0. -1. 0.
-0.922 0.386 0. -252.421 0.386 0.922 0. 262.433 0. 0. -1. 0.
-0.924 0.383 0. -252.363 0.383 0.924 0. 262.476 0. 0. -1. 0.
-0.921 0.389 0. -252.401 0.389 0.921 0. 262.289 0. 0. -1. 0.
-0.922 0.386 0. -252.367 0.386 0.922 0. 262.398 0. 0. -1. 0.
-0.923 0.385 0. -252.340 0.385 0.923 0. 262.247 0. 0. -1. 0.
-0.924 0.383 0. -252.361 0.383 0.924 0. 262.287 0. 0. -1. 0.
-0.923 0.385 0. -252.427 0.385 0.923 0. 262.313 0. 0. -1. 0.
-0.921 0.389 0. -252.353 0.389 0.921 0. 262.272 0. 0. -1. 0.
-0.924 0.382 0. -252.345 0.382 0.924 0. 262.358 0. 0. -1. 0.
-0.923 0.385 0. -252.437 0.385 0.923 0. 262.276 0. 0. -1. 0.
-0.922 0.388 0. -252.402 0.388 0.922 0. 262.362 0. 0. -1. 0.
-0.923 0.386 0. -252.349 0.386 0.923 0. 262.281 0. 0. -1. 0.
-0.923 0.384 0. -252.425 0.384 0.923 0. 262.409 0. 0. -1. 0.
-0.924 0.383 0. -252.358 0.383 0.924 0. 262.245 0. 0. -1. 0.
-0.924 0.382 0. -252.359 0.382 0.924 0. 262.382 0. 0. -1. 0.
-0.922 0.388 0. -252.416 0.388 0.922 0. 262.258 0. 0. -1. 0.
-0.922 0.386 0. -252.293 0.386 0.922 0. 262.335 0. 0. -1. 0.
-0.922 0.388 0. -252.424 0.388 0.922 0. 262.289 0. 0. -1. 0.
-0.923 0.384 0. -252.279 0.384 0.923 0. 262.197 0. 0. -1. 0.
-0.924 0.382 0. -252.375 0.382 0.924 0. 262.276 0. 0. -1. 0.
-0.922 0.388 0. -252.412 0.388 0.922 0. 262.212 0. 0. -1. 0.
-0.924 0.383 0. -252.333 0.383 0.924 0. 262.237 0. 0. -1. 0.
-0.922 0.388 0. -252.361 0.388 0.922 0. 262.249 0. 0. -1. 0.
-0.924 0.383 0. -252.367 0.383 0.924 0. 262.244 0. 0. -1. 0.
-0.924 0.383 0. -252.396 0.383 0.924 0. 262.349 0. 0. -1. 0.
-0.922 0.386 0. -252.319 0.386 0.922 0. 262.250 0. 0. -1. 0.
-0.923 0.386 0. -252.395 0.386 0.923 0. 262.294 0. 0. -1. 0.
-0.924 0.383 0. -252.388 0.383 0.924 0. 262.375 0. 0. -1. 0.
-0.923 0.385 0. -252.357 0.385 0.923 0. 262.199 0. 0. -1. 0.
-0.923 0.385 0. -252.370 0.385 0.923 0. 262.251 0. 0. -1. 0.
-0.924 0.383 0. -252.418 0.383 0.924 0. 262.362 0. 0. -1. 0.
-0.924 0.384 0. -252.457 0.384 0.924 0. 262.397 0. 0. -1. 0.
-0.923 0.384 0. -252.358 0.384 0.923 0. 262.247 0. 0. -1. 0.
-0.923 0.384 0. -252.414 0.384 0.923 0. 262.382 0. 0. -1. 0.
-0.923 0.384 0. -252.342 0.384 0.923 0. 262.202 0. 0. -1. 0.
-0.925 0.379 0. -252.366 0.379 0.925 0. 262.320 0. 0. -1. 0.
-0.923 0.384 0. -252.405 0.384 0.923 0. 262.279 0. 0. -1. 0.
-0.923 0.385 0. -252.300 0.385 0.923 0. 262.217 0. 0. -1. 0.
-0.923 0.385 0. -252.366 0.385 0.923 0. 262.265 0. 0. -1. 0.
-0.923 0.384 0. -252.273 0.384 0.923 0. 262.135 0. 0. -1. 0.
-0.923 0.385 0. -252.376 0.385 0.923 0. 262.241 0. 0. -1. 0.
-0.924 0.382 0. -252.360 0.382 0.924 0. 262.280 0. 0. -1. 0.
-0.924 0.383 0. -252.456 0.383 0.924 0. 262.413 0. 0. -1. 0.
-0.923 0.385 0. -252.346 0.385 0.923 0. 262.268 0. 0. -1. 0.
-0.924 0.383 0. -252.470 0.383 0.924 0. 262.398 0. 0. -1. 0.
-0.922 0.386 0. -252.385 0.386 0.922 0. 262.442 0. 0. -1. 0.
-0.921 0.390 0. -252.378 0.390 0.921 0. 262.304 0. 0. -1. 0.
-0.924 0.383 0. -252.383 0.383 0.924 0. 262.335 0. 0. -1. 0.
-0.922 0.387 0. -252.365 0.387 0.922 0. 262.223 0. 0. -1. 0.
-0.922 0.387 0. -252.422 0.387 0.922 0. 262.257 0. 0. -1. 0.
-0.924 0.381 0. -252.402 0.381 0.924 0. 262.398 0. 0. -1. 0.
-0.923 0.385 0. -252.413 0.385 0.923 0. 262.348 0. 0. -1. 0.
-0.922 0.388 0. -252.391 0.388 0.922 0. 262.213 0. 0. -1. 0.
-0.924 0.383 0. -252.357 0.383 0.924 0. 262.249 0. 0. -1. 0.
-0.923 0.386 0. -252.397 0.386 0.923 0. 262.189 0. 0. -1. 0.
-0.923 0.384 0. -252.419 0.384 0.923 0. 262.372 0. 0. -1. 0.
-0.922 0.386 0. -252.406 0.386 0.922 0. 262.308 0. 0. -1. 0.
-0.922 0.387 0. -252.433 0.387 0.922 0. 262.318 0. 0. -1. 0.
-0.922 0.386 0. -252.362 0.386 0.922 0. 262.395 0. 0. -1. 0.
-0.924 0.382 0. -252.391 0.382 0.924 0. 262.421 0. 0. -1. 0.
-0.922 0.387 0. -252.420 0.387 0.922 0. 262.262 0. 0. -1. 0.
-0.921 0.390 0. -252.343 0.390 0.921 0. 262.227 0. 0. -1. 0.
-0.923 0.385 0. -252.320 0.385 0.923 0. 262.220 0. 0. -1. 0.
-0.923 0.386 0. -252.379 0.386 0.923 0. 262.428 0. 0. -1. 0.
-0.923 0.384 0. -252.372 0.384 0.923 0. 262.332 0. 0. -1. 0.
-0.922 0.388 0. -252.380 0.388 0.922 0. 262.351 0. 0. -1. 0.
-0.921 0.388 0. -252.390 0.388 0.921 0. 262.280 0. 0. -1. 0.
-0.922 0.388 0. -252.398 0.388 0.922 0. 262.337 0. 0. -1. 0.
-0.921 0.389 0. -252.367 0.389 0.921 0. 262.266 0. 0. -1. 0.
-0.922 0.388 0. -252.339 0.388 0.922 0. 262.288 0. 0. -1. 0.
-0.924 0.382 0. -252.343 0.382 0.924 0. 262.386 0. 0. -1. 0.
-0.922 0.386 0. -252.424 0.386 0.922 0. 262.331 0. 0. -1. 0.
-0.924 0.383 0. -252.370 0.383 0.924 0. 262.419 0. 0. -1. 0.
-0.921 0.388 0. -252.428 0.388 0.921 0. 262.350 0. 0. -1. 0.
-0.923 0.385 0. -252.333 0.385 0.923 0. 262.189 0. 0. -1. 0.
-0.922 0.388 0. -252.409 0.388 0.922 0. 262.224 0. 0. -1. 0.
-0.923 0.385 0. -252.371 0.385 0.923 0. 262.424 0. 0. -1. 0.
-0.924 0.383 0. -252.379 0.383 0.924 0. 262.265 0. 0. -1. 0.
-0.923 0.384 0. -252.381 0.384 0.923 0. 262.377 0. 0. -1. 0.
-0.922 0.388 0. -252.429 0.388 0.922 0. 262.370 0. 0. -1. 0.
-0.920 0.391 0. -252.380 0.391 0.920 0. 262.282 0. 0. -1. 0.
-0.924 0.383 0. -252.362 0.383 0.924 0. 262.347 0. 0. -1. 0.
-0.921 0.389 0. -252.404 0.389 0.921 0. 262.352 0. 0. -1. 0.
-0.922 0.388 0. -252.290 0.388 0.922 0. 262.225 0. 0. -1. 0.
-0.922 0.388 0. -252.377 0.388 0.922 0. 262.206 0. 0. -1. 0.
-0.924 0.383 0. -252.316 0.383 0.924 0. 262.213 0. 0. -1. 0.
-0.923 0.386 0. -252.409 0.386 0.923 0. 262.198 0. 0. -1. 0.
-0.923 0.386 0. -252.323 0.386 0.923 0. 262.402 0. 0. -1. 0.
-0.923 0.384 0. -252.436 0.384 0.923 0. 262.555 0. 0. -1. 0.
-0.924 0.384 0. -252.409 0.384 0.924 0. 262.287 0. 0. -1. 0.
-0.923 0.386 0. -252.322 0.386 0.923 0. 262.179 0. 0. -1. 0.
-0.922 0.388 0. -252.434 0.388 0.922 0. 262.357 0. 0. -1. 0.
-0.925 0.380 0. -252.407 0.380 0.925 0. 262.252 0. 0. -1. 0.
-0.923 0.385 0. -252.440 0.385 0.923 0. 262.352 0. 0. -1. 0.
-0.923 0.384 0. -252.343 0.384 0.923 0. 262.242 0. 0. -1. 0.
-0.923 0.384 0. -252.463 0.384 0.923 0. 262.306 0. 0. -1. 0.
-0.924 0.383 0. -252.431 0.383 0.924 0. 262.418 0. 0. -1. 0.
-0.923 0.385 0. -252.384 0.385 0.923 0. 262.361 0. 0. -1. 0.
-0.920 0.393 0. -252.384 0.393 0.920 0. 262.311 0. 0. -1. 0.
-0.922 0.388 0. -252.260 0.388 0.922 0. 262.178 0. 0. -1. 0.
-0.922 0.387 0. -252.425 0.387 0.922 0. 262.389 0. 0. -1. 0.
-0.924 0.382 0. -252.360 0.382 0.924 0. 262.298 0. 0. -1. 0.
-0.921 0.389 0. -252.407 0.389 0.921 0. 262.360 0. 0. -1. 0.
-0.923 0.384 0. -252.351 0.384 0.923 0. 262.293 0. 0. -1. 0.
-0.923 0.384 0. -252.386 0.384 0.923 0. 262.240 0. 0. -1. 0.
-0.921 0.389 0. -252.396 0.389 0.921 0. 262.262 0. 0. -1. 0.
-0.923 0.385 0. -252.348 0.385 0.923 0. 262.461 0. 0. -1. 0.
-0.923 0.385 0. -252.369 0.385 0.923 0. 262.272 0. 0. -1. 0.
-0.924 0.382 0. -252.374 0.382 0.924 0. 262.261 0. 0. -1. 0.
-0.922 0.387 0. -252.427 0.387 0.922 0. 262.270 0. 0. -1. 0.
-0.923 0.386 0. -252.370 0.386 0.923 0. 262.324 0. 0. -1. 0.
-0.924 0.382 0. -252.345 0.382 0.924 0. 262.195 0. 0. -1. 0.
-0.922 0.386 0. -252.377 0.386 0.922 0. 262.312 0. 0. -1. 0.
-0.921 0.390 0. -252.351 0.390 0.921 0. 262.246 0. 0. -1. 0.
-0.921 0.389 0. -252.418 0.389 0.921 0. 262.291 0. 0. -1. 0.
-0.924 0.382 0. -252.501 0.382 0.924 0. 262.517 0. 0. -1. 0.
-0.924 0.383 0. -252.580 0.383 0.924 0. 262.300 0. 0. -1. 0.
-0.923 0.385 0. -252.670 0.385 0.923 0. 262.375 0. 0. -1. 0.
-0.924 0.382 0. -252.887 0.382 0.924 0. 262.312 0. 0. -1. 0.
-0.925 0.379 0. -253.056 0.379 0.925 0. 262.535 0. 0. -1. 0.
-0.928 0.372 0. -253.217 0.372 0.928 0. 262.672 0. 0. -1. 0.
-0.928 0.372 0. -253.502 0.372 0.928 0. 262.703 0. 0. -1. 0.
-0.930 0.368 0. -253.564 0.368 0.930 0. 262.688 0. 0. -1. 0.
-0.931 0.366 0. -253.966 0.366 0.931 0. 262.909 0. 0. -1. 0.
-0.931 0.366 0. -254.273 0.366 0.931 0. 262.944 0. 0. -1. 0.
-0.931 0.365 0. -254.763 0.365 0.931 0. 263.243 0. 0. -1. 0.
-0.927 0.374 0. -255.274 0.374 0.927 0. 263.358 0. 0. -1. 0.
-0.920 0.392 0. -255.804 0.392 0.920 0. 263.578 0. 0. -1. 0.
-0.906 0.423 0. -256.239 0.423 0.906 0. 263.859 0. 0. -1. 0.
-0.885 0.465 0. -256.886 0.465 0.885 0. 264.240 0. 0. -1. 0.
-0.858 0.513 0. -257.329 0.513 0.858 0. 264.549 0. 0. -1. 0.
-0.817 0.577 0. -257.888 0.577 0.817 0. 264.975 0. 0. -1. 0.
-0.771 0.637 0. -258.362 0.637 0.771 0. 265.336 0. 0. -1. 0.
-0.722 0.692 0. -258.980 0.692 0.722 0. 266.051 0. 0. -1. 0.
-0.656 0.754 0. -259.472 0.754 0.656 0. 266.581 0. 0. -1. 0.
-0.591 0.807 0. -259.827 0.807 0.591 0. 267.358 0. 0. -1. 0.
-0.513 0.859 0. -260.369 0.859 0.513 0. 268.059 0. 0. -1. 0.
-0.435 0.900 0. -260.664 0.900 0.435 0. 269.042 0. 0. -1. 0.
-0.352 0.936 0. -260.930 0.936 0.352 0. 270.032 0. 0. -1. 0.
-0.281 0.960 0. -261.184 0.960 0.281 0. 271.056 0. 0. -1. 0.
-0.208 0.978 0. -261.517 0.978 0.208 0. 272.281 0. 0. -1. 0.
-0.147 0.989 0. -261.669 0.989 0.147 0. 273.476 0. 0. -1. 0.
-0.084 0.996 0. -261.740 0.996 0.084 0. 274.774 0. 0. -1. 0.
-0.032 0.999 0. -261.678 0.999 0.032 0. 276.065 0. 0. -1. 0.
0.020 1.000 0. -261.514 1.000 -0.020 -0. 277.411 0. 0. -1. 0.
0.062 0.998 0. -261.446 0.998 -0.062 -0. 278.749 0. 0. -1. 0.
0.098 0.995 0. -261.378 0.995 -0.098 -0. 280.019 0. 0. -1. 0.
0.127 0.992 0. -261.115 0.992 -0.127 -0. 281.306 0. 0. -1. 0.
0.148 0.989 0. -260.936 0.989 -0.148 -0. 282.501 0. 0. -1. 0.
0.165 0.986 0. -260.700 0.986 -0.165 -0. 283.557 0. 0. -1. 0.
0.175 0.985 0. -260.529 0.985 -0.175 -0. 284.631 0. 0. -1. 0.
0.193 0.981 0. -260.418 0.981 -0.193 -0. 285.588 0. 0. -1. 0.
0.192 0.981 0. -260.252 0.981 -0.192 -0. 286.424 0. 0. -1. 0.
0.199 0.980 0. -259.982 0.980 -0.199 -0. 287.253 0. 0. -1. 0.
0.197 0.980 0. -259.802 0.980 -0.197 -0. 287.822 0. 0. -1. 0.
0.197 0.980 0. -259.719 0.980 -0.197 -0. 288.558 0. 0. -1. 0.
0.204 0.979 0. -259.607 0.979 -0.204 -0. 289.020 0. 0. -1. 0.
0.213 0.977 0. -259.471 0.977 -0.213 -0. 289.450 0. 0. -1. 0.
0.222 0.975 0. -259.363 0.975 -0.222 -0. 289.761 0. 0. -1. 0.
0.228 0.974 0. -259.307 0.974 -0.228 -0. 290.085 0. 0. -1. 0.
0.223 0.975 0. -259.177 0.975 -0.223 -0. 290.404 0. 0. -1. 0.
0.232 0.973 0. -259.186 0.973 -0.232 -0. 290.646 0. 0. -1. 0.
0.228 0.974 0. -259.043 0.974 -0.228 -0. 290.746 0. 0. -1. 0.
0.231 0.973 0. -259.185 0.973 -0.231 -0. 290.931 0. 0. -1. 0.
0.227 0.974 0. -259.085 0.974 -0.227 -0. 290.967 0. 0. -1. 0.
0.231 0.973 0. -259.144 0.973 -0.231 -0. 291.003 0. 0. -1. 0.
0.230 0.973 0. -259.050 0.973 -0.230 -0. 291.112 0. 0. -1. 0.
0.232 0.973 0. -259.113 0.973 -0.232 -0. 291.072 0. 0. -1. 0.
0.228 0.974 0. -258.984 0.974 -0.228 -0. 291.055 0. 0. -1. 0.
0.229 0.974 0. -258.944 0.974 -0.229 -0. 291.068 0. 0. -1. 0.
0.231 0.973 0. -259.044 0.973 -0.231 -0. 291.063 0. 0. -1. 0.
0.226 0.974 0. -258.984 0.974 -0.226 -0. 291.099 0. 0. -1. 0.
0.234 0.972 0. -259.088 0.972 -0.234 -0. 291.079 0. 0. -1. 0.
0.226 0.974 0. -259.041 0.974 -0.226 -0. 291.068 0. 0. -1. 0.
0.228 0.974 0. -259.058 0.974 -0.228 -0. 291.112 0. 0. -1. 0.
0.233 0.972 0. -259.068 0.972 -0.233 -0. 291.121 0. 0. -1. 0.
0.228 0.974 0. -259.040 0.974 -0.228 -0. 291.089 0. 0. -1. 0.
0.228 0.974 0. -259.009 0.974 -0.228 -0. 291.059 0. 0. -1. 0.
0.230 0.973 0. -259.078 0.973 -0.230 -0. 291.078 0. 0. -1. 0.
0.232 0.973 0. -259.077 0.973 -0.232 -0. 291.082 0. 0. -1. 0.
0.230 0.973 0. -259.079 0.973 -0.230 -0. 291.079 0. 0. -1. 0.
0.226 0.974 0. -258.966 0.974 -0.226 -0. 291.109 0. 0. -1. 0.
0.229 0.973 0. -259.086 0.973 -0.229 -0. 291.071 0. 0. -1. 0.
0.232 0.973 0. -259.150 0.973 -0.232 -0. 291.085 0. 0. -1. 0.
0.228 0.974 0. -259.087 0.974 -0.228 -0. 291.070 0. 0. -1. 0.
0.222 0.975 0. -259.031 0.975 -0.222 -0. 291.096 0. 0. -1. 0.
0.229 0.973 0. -259.065 0.973 -0.229 -0. 291.129 0. 0. -1. 0.
0.228 0.974 0. -258.967 0.974 -0.228 -0. 291.090 0. 0. -1. 0.
0.231 0.973 0. -259.136 0.973 -0.231 -0. 291.105 0. 0. -1. 0.
0.226 0.974 0. -259.028 0.974 -0.226 -0. 291.101 0. 0. -1. 0.
0.228 0.974 0. -259.071 0.974 -0.228 -0. 291.084 0. 0. -1. 0.
0.226 0.974 0. -258.980 0.974 -0.226 -0. 291.097 0. 0. -1. 0.
0.229 0.973 0. -258.928 0.973 -0.229 -0. 291.091 0. 0. -1. 0.
0.230 0.973 0. -259.056 0.973 -0.230 -0. 291.078 0. 0. -1. 0.
0.231 0.973 0. -259.043 0.973 -0.231 -0. 291.111 0. 0. -1. 0.
0.227 0.974 0. -258.937 0.974 -0.227 -0. 291.086 0. 0. -1. 0.
0.229 0.973 0. -259.079 0.973 -0.229 -0. 291.134 0. 0. -1. 0.
0.234 0.972 0. -259.086 0.972 -0.234 -0. 291.073 0. 0. -1. 0.
0.233 0.973 0. -259.077 0.973 -0.233 -0. 291.047 0. 0. -1. 0.
0.229 0.973 0. -258.961 0.973 -0.229 -0. 291.118 0. 0. -1. 0.
0.228 0.974 0. -259.041 0.974 -0.228 -0. 291.055 0. 0. -1. 0.
