1. 0.001 0. 1.042 -0.001 1. 0. 0.059 0. 0. 1. 0.
1. -0.001 0. 1.354 0.001 1. 0. 0.051 0. 0. 1. 0.
1. -0.000 0. 1.697 0.000 1. 0. 0.014 0. 0. 1. 0.
1. -0.000 0. 2.081 0.000 1. 0. 0.012 0. 0. 1. 0.
1. -0.001 0. 2.516 0.001 1. 0. 0.023 0. 0. 1. 0.
1. -0.001 0. 2.992 0.001 1. 0. 0.009 0. 0. 1. 0.
1. -0.001 0. 3.538 0.001 1. 0. 0.025 0. 0. 1. 0.
1. -0.001 0. 4.139 0.001 1. 0. 0.004 0. 0. 1. 0.
1. -0.001 0. 4.819 0.001 1. 0. -0.023 0. 0. 1. 0.
1. 0.000 0. 5.539 -0.000 1. 0. -0.001 0. 0. 1. 0.
1. 0.000 0. 6.355 -0.000 1. 0. 0.025 0. 0. 1. 0.
1. 0.001 0. 7.252 -0.001 1. 0. 0.010 0. 0. 1. 0.
1. 0.001 0. 8.226 -0.001 1. 0. -0.007 0. 0. 1. 0.
1. 0.002 0. 9.286 -0.002 1. 0. 0.049 0. 0. 1. 0.
1. 0.001 0. 10.387 -0.001 1. 0. 0.026 0. 0. 1. 0.
1. 0.002 0. 11.586 -0.002 1. 0. 0.028 0. 0. 1. 0.
1. 0.002 0. 12.839 -0.002 1. 0. 0.026 0. 0. 1. 0.
1. 0.002 0. 14.177 -0.002 1. 0. -0.000 0. 0. 1. 0.
1. 0.002 0. 15.599 -0.002 1. 0. 0.039 0. 0. 1. 0.
1. 0.001 0. 17.067 -0.001 1. 0. 0.049 0. 0. 1. 0.
1. 0.001 0. 18.598 -0.001 1. 0. 0.026 0. 0. 1. 0.
1. 0.001 0. 20.197 -0.001 1. 0. 0.047 0. 0. 1. 0.
1. 0.001 0. 21.866 -0.001 1. 0. 0.040 0. 0. 1. 0.
1. 0.002 0. 23.613 -0.002 1. 0. 0.054 0. 0. 1. 0.
1. 0.003 0. 25.407 -0.003 1. 0. 0.000 0. 0. 1. 0.
1. 0.004 0. 27.260 -0.004 1. 0. 0.001 0. 0. 1. 0.
1. 0.005 0. 29.177 -0.005 1. 0. -0.018 0. 0. 1. 0.
1. 0.004 0. 31.172 -0.004 1. 0. -0.007 0. 0. 1. 0.
1. 0.006 0. 33.209 -0.006 1. 0. 0.017 0. 0. 1. 0.
1. 0.007 0. 35.316 -0.007 1. 0. 0.047 0. 0. 1. 0.
1. 0.008 0. 37.506 -0.008 1. 0. 0.088 0. 0. 1. 0.
1. 0.008 0. 39.725 -0.008 1. 0. 0.082 0. 0. 1. 0.
1. 0.008 0. 41.996 -0.008 1. 0. 0.064 0. 0. 1. 0.
1. 0.009 0. 44.347 -0.009 1. 0. 0.094 0. 0. 1. 0.
1. 0.010 0. 46.756 -0.010 1. 0. 0.059 0. 0. 1. 0.
1. 0.011 0. 49.216 -0.011 1. 0. 0.012 0. 0. 1. 0.
1. 0.009 0. 51.718 -0.009 1. 0. 0.053 0. 0. 1. 0.
1. 0.009 0. 54.319 -0.009 1. 0. -0.005 0. 0. 1. 0.
1. 0.008 0. 56.914 -0.008 1. 0. 0.022 0. 0. 1. 0.
1. 0.007 0. 59.562 -0.007 1. 0. -0.028 0. 0. 1. 0.
1. 0.006 0. 62.284 -0.006 1. 0. -0.037 0. 0. 1. 0.
1. 0.005 0. 64.955 -0.005 1. 0. -0.040 0. 0. 1. 0.
1. 0.006 0. 67.683 -0.006 1. 0. -0.007 0. 0. 1. 0.
1. 0.006 0. 70.434 -0.006 1. 0. -0.084 0. 0. 1. 0.
1. 0.007 0. 73.223 -0.007 1. 0. -0.119 0. 0. 1. 0.
1. 0.007 0. 76.026 -0.007 1. 0. -0.107 0. 0. 1. 0.
1. 0.008 0. 78.842 -0.008 1. 0. -0.073 0. 0. 1. 0.
1. 0.007 0. 81.678 -0.007 1. 0. -0.080 0. 0. 1. 0.
1. 0.007 0. 84.589 -0.007 1. 0. -0.114 0. 0. 1. 0.
1. 0.008 0. 87.500 -0.008 1. 0. -0.058 0. 0. 1. 0.
1. 0.007 0. 90.419 -0.007 1. 0. -0.040 0. 0. 1. 0.
1. 0.007 0. 93.409 -0.007 1. 0. -0.039 0. 0. 1. 0.
1. 0.007 0. 96.420 -0.007 1. 0. -0.007 0. 0. 1. 0.
1. 0.006 0. 99.463 -0.006 1. 0. -0.029 0. 0. 1. 0.
1. 0.006 0. 102.517 -0.006 1. 0. -0.056 0. 0. 1. 0.
1. 0.005 0. 105.578 -0.005 1. 0. -0.008 0. 0. 1. 0.
1. 0.005 0. 108.678 -0.005 1. 0. -0.072 0. 0. 1. 0.
1. 0.006 0. 111.802 -0.006 1. 0. -0.052 0. 0. 1. 0.
1. 0.006 0. 114.972 -0.006 1. 0. -0.015 0. 0. 1. 0.
1. 0.006 0. 118.118 -0.006 1. 0. -0.074 0. 0. 1. 0.
1. 0.006 0. 121.300 -0.006 1. 0. -0.077 0. 0. 1. 0.
1. 0.006 0. 124.463 -0.006 1. 0. -0.048 0. 0. 1. 0.
1. 0.006 0. 127.604 -0.006 1. 0. -0.014 0. 0. 1. 0.
1. 0.007 0. 130.727 -0.007 1. 0. -0.022 0. 0. 1. 0.
1. 0.006 0. 133.843 -0.006 1. 0. -0.076 0. 0. 1. 0.
1. 0.006 0. 136.972 -0.006 1. 0. -0.038 0. 0. 1. 0.
1. 0.006 0. 140.079 -0.006 1. 0. -0.050 0. 0. 1. 0.
1. 0.006 0. 143.174 -0.006 1. 0. -0.052 0. 0. 1. 0.
1. 0.006 0. 146.306 -0.006 1. 0. -0.063 0. 0. 1. 0.
1. 0.008 0. 149.404 -0.008 1. 0. -0.050 0. 0. 1. 0.
1. 0.007 0. 152.527 -0.007 1. 0. -0.104 0. 0. 1. 0.
1. 0.007 0. 155.642 -0.007 1. 0. -0.200 0. 0. 1. 0.
1. 0.008 0. 158.737 -0.008 1. 0. -0.148 0. 0. 1. 0.
1. 0.006 0. 161.857 -0.006 1. 0. -0.186 0. 0. 1. 0.
1. 0.006 0. 164.963 -0.006 1. 0. -0.169 0. 0. 1. 0.
1. 0.006 0. 168.085 -0.006 1. 0. -0.230 0. 0. 1. 0.
1. 0.007 0. 171.194 -0.007 1. 0. -0.205 0. 0. 1. 0.
1. 0.003 0. 174.310 -0.003 1. 0. -0.241 0. 0. 1. 0.
1. 0.004 0. 177.420 -0.004 1. 0. -0.211 0. 0. 1. 0.
1. 0.006 0. 180.566 -0.006 1. 0. -0.146 0. 0. 1. 0.
1. 0.005 0. 183.701 -0.005 1. 0. -0.108 0. 0. 1. 0.
1. 0.005 0. 186.892 -0.005 1. 0. -0.078 0. 0. 1. 0.
1. 0.004 0. 190.092 -0.004 1. 0. -0.067 0. 0. 1. 0.
1. 0.005 0. 193.282 -0.005 1. 0. 0.035 0. 0. 1. 0.
1. 0.005 0. 196.538 -0.005 1. 0. 0.090 0. 0. 1. 0.
1. 0.005 0. 199.797 -0.005 1. 0. 0.071 0. 0. 1. 0.
1. 0.005 0. 203.082 -0.005 1. 0. 0.111 0. 0. 1. 0.
1. 0.005 0. 206.377 -0.005 1. 0. 0.190 0. 0. 1. 0.
1. 0.005 0. 209.665 -0.005 1. 0. 0.133 0. 0. 1. 0.
1. 0.005 0. 213.012 -0.005 1. 0. 0.105 0. 0. 1. 0.
1. 0.002 0. 216.386 -0.002 1. 0. 0.140 0. 0. 1. 0.
1. 0.004 0. 219.742 -0.004 1. 0. 0.191 0. 0. 1. 0.
1. 0.004 0. 223.138 -0.004 1. 0. 0.198 0. 0. 1. 0.
1. 0.004 0. 226.559 -0.004 1. 0. 0.217 0. 0. 1. 0.
1. 0.005 0. 229.971 -0.005 1. 0. 0.344 0. 0. 1. 0.
1. 0.004 0. 233.426 -0.004 1. 0. 0.392 0. 0. 1. 0.
1. 0.005 0. 236.890 -0.005 1. 0. 0.444 0. 0. 1. 0.
1. 0.006 0. 240.378 -0.006 1. 0. 0.522 0. 0. 1. 0.
1. 0.006 0. 243.866 -0.006 1. 0. 0.548 0. 0. 1. 0.
1. 0.005 0. 247.345 -0.005 1. 0. 0.502 0. 0. 1. 0.
1. 0.007 0. 250.843 -0.007 1. 0. 0.557 0. 0. 1. 0.
1. 0.005 0. 254.328 -0.005 1. 0. 0.578 0. 0. 1. 0.
1. 0.006 0. 257.784 -0.006 1. 0. 0.567 0. 0. 1. 0.
1. 0.006 0. 261.272 -0.006 1. 0. 0.625 0. 0. 1. 0.
1. 0.006 0. 264.752 -0.006 1. 0. 0.634 0. 0. 1. 0.
1. 0.004 0. 268.211 -0.004 1. 0. 0.670 0. 0. 1. 0.
1. 0.003 0. 271.717 -0.003 1. 0. 0.717 0. 0. 1. 0.
1. -0.001 0. 275.230 0.001 1. 0. 0.823 0. 0. 1. 0.
1. -0.002 0. 278.733 0.002 1. 0. 0.806 0. 0. 1. 0.
1. -0.004 0. 282.239 0.004 1. 0. 0.847 0. 0. 1. 0.
1. -0.005 0. 285.720 0.005 1. 0. 1.033 0. 0. 1. 0.
1. -0.010 0. 289.185 0.010 1. 0. 1.042 0. 0. 1. 0.
1. -0.010 0. 292.674 0.010 1. 0. 1.012 0. 0. 1. 0.
1. -0.013 0. 296.103 0.013 1. 0. 1.089 0. 0. 1. 0.
1.000 -0.017 0. 299.537 0.017 1.000 0. 1.213 0. 0. 1. 0.
1.000 -0.019 0. 302.963 0.019 1.000 0. 1.388 0. 0. 1. 0.
1.000 -0.024 0. 306.363 0.024 1.000 0. 1.467 0. 0. 1. 0.
1.000 -0.029 0. 309.751 0.029 1.000 0. 1.610 0. 0. 1. 0.
0.999 -0.035 0. 313.114 0.035 0.999 0. 1.728 0. 0. 1. 0.
0.999 -0.037 0. 316.436 0.037 0.999 0. 1.907 0. 0. 1. 0.
0.999 -0.043 0. 319.717 0.043 0.999 0. 2.077 0. 0. 1. 0.
0.999 -0.046 0. 323.005 0.046 0.999 0. 2.303 0. 0. 1. 0.
0.999 -0.052 0. 326.265 0.052 0.999 0. 2.449 0. 0. 1. 0.
0.998 -0.057 0. 329.507 0.057 0.998 0. 2.661 0. 0. 1. 0.
0.998 -0.060 0. 332.732 0.060 0.998 0. 2.867 0. 0. 1. 0.
0.998 -0.063 0. 335.938 0.063 0.998 0. 3.111 0. 0. 1. 0.
0.998 -0.060 0. 339.109 0.060 0.998 0. 3.369 0. 0. 1. 0.
0.998 -0.056 0. 342.197 0.056 0.998 0. 3.579 0. 0. 1. 0.
0.999 -0.050 0. 345.265 0.050 0.999 0. 3.833 0. 0. 1. 0.
0.999 -0.045 0. 348.321 0.045 0.999 0. 4.009 0. 0. 1. 0.
0.999 -0.039 0. 351.322 0.039 0.999 0. 4.267 0. 0. 1. 0.
0.999 -0.032 0. 354.355 0.032 0.999 0. 4.403 0. 0. 1. 0.
1.000 -0.026 0. 357.289 0.026 1.000 0. 4.502 0. 0. 1. 0.
1.000 -0.017 0. 360.210 0.017 1.000 0. 4.580 0. 0. 1. 0.
1. -0.012 0. 363.055 0.012 1. 0. 4.674 0. 0. 1. 0.
1. -0.008 0. 365.852 0.008 1. 0. 4.732 0. 0. 1. 0.
1. -0.007 0. 368.526 0.007 1. 0. 4.801 0. 0. 1. 0.
1. -0.007 0. 371.184 0.007 1. 0. 4.829 0. 0. 1. 0.
1. -0.007 0. 373.726 0.007 1. 0. 4.867 0. 0. 1. 0.
1. -0.004 0. 376.165 0.004 1. 0. 4.905 0. 0. 1. 0.
1. -0.004 0. 378.495 0.004 1. 0. 4.960 0. 0. 1. 0.
1. -0.002 0. 380.725 0.002 1. 0. 4.981 0. 0. 1. 0.
1. -0.001 0. 382.876 0.001 1. 0. 5.004 0. 0. 1. 0.
1. -0.002 0. 384.901 0.002 1. 0. 5.002 0. 0. 1. 0.
1. -0.003 0. 386.838 0.003 1. 0. 4.974 0. 0. 1. 0.
1. -0.002 0. 388.678 0.002 1. 0. 5.055 0. 0. 1. 0.
1. -0.004 0. 390.420 0.004 1. 0. 5.118 0. 0. 1. 0.
1. -0.004 0. 392.074 0.004 1. 0. 5.104 0. 0. 1. 0.
1. -0.004 0. 393.633 0.004 1. 0. 5.100 0. 0. 1. 0.
1. -0.004 0. 395.118 0.004 1. 0. 5.100 0. 0. 1. 0.
1. -0.004 0. 396.541 0.004 1. 0. 5.139 0. 0. 1. 0.
1. -0.006 0. 397.881 0.006 1. 0. 5.129 0. 0. 1. 0.
1. -0.004 0. 398.993 0.004 1. 0. 5.199 0. 0. 1. 0.
1. -0.004 0. 400.043 0.004 1. 0. 5.189 0. 0. 1. 0.
1. -0.006 0. 401.003 0.006 1. 0. 5.190 0. 0. 1. 0.
1. -0.007 0. 401.810 0.007 1. 0. 5.192 0. 0. 1. 0.
1. -0.006 0. 402.509 0.006 1. 0. 5.199 0. 0. 1. 0.
1. -0.005 0. 403.095 0.005 1. 0. 5.191 0. 0. 1. 0.
1. -0.006 0. 403.575 0.006 1. 0. 5.212 0. 0. 1. 0.
1. -0.004 0. 403.956 0.004 1. 0. 5.209 0. 0. 1. 0.
1. -0.004 0. 404.287 0.004 1. 0. 5.186 0. 0. 1. 0.
1. -0.005 0. 404.478 0.005 1. 0. 5.202 0. 0. 1. 0.
1. -0.005 0. 404.591 0.005 1. 0. 5.213 0. 0. 1. 0.
1. -0.004 0. 404.663 0.004 1. 0. 5.196 0. 0. 1. 0.
1. -0.005 0. 404.690 0.005 1. 0. 5.198 0. 0. 1. 0.
1. -0.004 0. 404.722 0.004 1. 0. 5.199 0. 0. 1. 0.
1. -0.004 0. 404.712 0.004 1. 0. 5.184 0. 0. 1. 0.
1. -0.005 0. 404.717 0.005 1. 0. 5.207 0. 0. 1. 0.
1. -0.004 0. 404.716 0.004 1. 0. 5.187 0. 0. 1. 0.
1. -0.004 0. 404.698 0.004 1. 0. 5.198 0. 0. 1. 0.
1. -0.004 0. 404.721 0.004 1. 0. 5.207 0. 0. 1. 0.
1. -0.004 0. 404.716 0.004 1. 0. 5.197 0. 0. 1. 0.
1. -0.004 0. 404.710 0.004 1. 0. 5.194 0. 0. 1. 0.
1. -0.004 0. 404.716 0.004 1. 0. 5.230 0. 0. 1. 0.
1. -0.004 0. 404.716 0.004 1. 0. 5.180 0. 0. 1. 0.
1. -0.004 0. 404.710 0.004 1. 0. 5.209 0. 0. 1. 0.
1. -0.004 0. 404.711 0.004 1. 0. 5.187 0. 0. 1. 0.
1. -0.004 0. 404.709 0.004 1. 0. 5.204 0. 0. 1. 0.
1. -0.004 0. 404.708 0.004 1. 0. 5.207 0. 0. 1. 0.
1. -0.004 0. 404.704 0.004 1. 0. 5.216 0. 0. 1. 0.
1. -0.004 0. 404.724 0.004 1. 0. 5.224 0. 0. 1. 0.
1. -0.004 0. 404.701 0.004 1. 0. 5.209 0. 0. 1. 0.
1. -0.004 0. 404.731 0.004 1. 0. 5.208 0. 0. 1. 0.
1. -0.004 0. 404.704 0.004 1. 0. 5.196 0. 0. 1. 0.
1. -0.004 0. 404.708 0.004 1. 0. 5.192 0. 0. 1. 0.
1. -0.004 0. 404.722 0.004 1. 0. 5.184 0. 0. 1. 0.
1. -0.004 0. 404.715 0.004 1. 0. 5.176 0. 0. 1. 0.
1. -0.004 0. 404.704 0.004 1. 0. 5.209 0. 0. 1. 0.
1. -0.004 0. 404.704 0.004 1. 0. 5.226 0. 0. 1. 0.
1. -0.004 0. 404.698 0.004 1. 0. 5.204 0. 0. 1. 0.
1. -0.004 0. 404.703 0.004 1. 0. 5.204 0. 0. 1. 0.
1. -0.003 0. 404.708 0.003 1. 0. 5.208 0. 0. 1. 0.
1. -0.004 0. 404.701 0.004 1. 0. 5.211 0. 0. 1. 0.
1. -0.004 0. 404.714 0.004 1. 0. 5.216 0. 0. 1. 0.
1. -0.004 0. 404.721 0.004 1. 0. 5.217 0. 0. 1. 0.
1. -0.004 0. 404.698 0.004 1. 0. 5.224 0. 0. 1. 0.
1. -0.004 0. 404.708 0.004 1. 0. 5.209 0. 0. 1. 0.
1. -0.004 0. 404.726 0.004 1. 0. 5.204 0. 0. 1. 0.
1. -0.004 0. 404.705 0.004 1. 0. 5.202 0. 0. 1. 0.
1. -0.004 0. 404.718 0.004 1. 0. 5.210 0. 0. 1. 0.
1. -0.004 0. 404.699 0.004 1. 0. 5.200 0. 0. 1. 0.
1. -0.004 0. 404.708 0.004 1. 0. 5.221 0. 0. 1. 0.
1. -0.004 0. 404.705 0.004 1. 0. 5.207 0. 0. 1. 0.
1. -0.004 0. 404.696 0.004 1. 0. 5.211 0. 0. 1. 0.
1. -0.004 0. 404.702 0.004 1. 0. 5.214 0. 0. 1. 0.
1. -0.004 0. 404.687 0.004 1. 0. 5.223 0. 0. 1. 0.
1. -0.005 0. 404.716 0.005 1. 0. 5.192 0. 0. 1. 0.
1. -0.004 0. 404.693 0.004 1. 0. 5.208 0. 0. 1. 0.
1. -0.004 0. 404.703 0.004 1. 0. 5.211 0. 0. 1. 0.
1. -0.004 0. 404.699 0.004 1. 0. 5.209 0. 0. 1. 0.
1. -0.004 0. 404.710 0.004 1. 0. 5.204 0. 0. 1. 0.
1. -0.003 0. 404.701 0.003 1. 0. 5.210 0. 0. 1. 0.
1. -0.004 0. 404.698 0.004 1. 0. 5.188 0. 0. 1. 0.
1. -0.004 0. 404.714 0.004 1. 0. 5.186 0. 0. 1. 0.
1. -0.004 0. 404.708 0.004 1. 0. 5.203 0. 0. 1. 0.
1. -0.004 0. 404.702 0.004 1. 0. 5.206 0. 0. 1. 0.
1. -0.004 0. 404.687 0.004 1. 0. 5.218 0. 0. 1. 0.
1. -0.004 0. 404.723 0.004 1. 0. 5.198 0. 0. 1. 0.
1. -0.004 0. 404.706 0.004 1. 0. 5.203 0. 0. 1. 0.
1. -0.004 0. 404.718 0.004 1. 0. 5.191 0. 0. 1. 0.
1. -0.004 0. 404.706 0.004 1. 0. 5.213 0. 0. 1. 0.
1. -0.004 0. 404.709 0.004 1. 0. 5.206 0. 0. 1. 0.
1. -0.005 0. 404.688 0.005 1. 0. 5.195 0. 0. 1. 0.
1. -0.005 0. 404.713 0.005 1. 0. 5.216 0. 0. 1. 0.
1. -0.005 0. 404.714 0.005 1. 0. 5.198 0. 0. 1. 0.
1. -0.004 0. 404.710 0.004 1. 0. 5.208 0. 0. 1. 0.
1. -0.005 0. 404.723 0.005 1. 0. 5.207 0. 0. 1. 0.
1. -0.004 0. 404.700 0.004 1. 0. 5.202 0. 0. 1. 0.
1. -0.004 0. 404.706 0.004 1. 0. 5.210 0. 0. 1. 0.
1. -0.004 0. 404.713 0.004 1. 0. 5.228 0. 0. 1. 0.
1. -0.004 0. 404.707 0.004 1. 0. 5.211 0. 0. 1. 0.
1. -0.005 0. 404.731 0.005 1. 0. 5.188 0. 0. 1. 0.
1. -0.004 0. 404.690 0.004 1. 0. 5.186 0. 0. 1. 0.
1. -0.005 0. 404.719 0.005 1. 0. 5.211 0. 0. 1. 0.
1. -0.004 0. 404.710 0.004 1. 0. 5.207 0. 0. 1. 0.
1. -0.004 0. 404.690 0.004 1. 0. 5.232 0. 0. 1. 0.
1. -0.004 0. 404.705 0.004 1. 0. 5.197 0. 0. 1. 0.
1. -0.004 0. 404.705 0.004 1. 0. 5.219 0. 0. 1. 0.
1. -0.003 0. 404.713 0.003 1. 0. 5.203 0. 0. 1. 0.
1. -0.004 0. 404.708 0.004 1. 0. 5.210 0. 0. 1. 0.
1. -0.003 0. 404.717 0.003 1. 0. 5.218 0. 0. 1. 0.
1. -0.004 0. 404.708 0.004 1. 0. 5.220 0. 0. 1. 0.
1. -0.004 0. 404.704 0.004 1. 0. 5.240 0. 0. 1. 0.
1. -0.004 0. 404.691 0.004 1. 0. 5.214 0. 0. 1. 0.
1. -0.004 0. 404.713 0.004 1. 0. 5.206 0. 0. 1. 0.
1. -0.004 0. 404.701 0.004 1. 0. 5.216 0. 0. 1. 0.
1. -0.005 0. 404.700 0.005 1. 0. 5.208 0. 0. 1. 0.
1. -0.004 0. 404.724 0.004 1. 0. 5.212 0. 0. 1. 0.
1. -0.005 0. 404.696 0.005 1. 0. 5.209 0. 0. 1. 0.
1. -0.005 0. 404.706 0.005 1. 0. 5.209 0. 0. 1. 0.
1. -0.004 0. 404.705 0.004 1. 0. 5.200 0. 0. 1. 0.
1. -0.004 0. 404.689 0.004 1. 0. 5.218 0. 0. 1. 0.
1. -0.004 0. 404.700 0.004 1. 0. 5.225 0. 0. 1. 0.
1. -0.004 0. 404.697 0.004 1. 0. 5.206 0. 0. 1. 0.
1. -0.004 0. 404.694 0.004 1. 0. 5.196 0. 0. 1. 0.
1. -0.004 0. 404.696 0.004 1. 0. 5.185 0. 0. 1. 0.
1. -0.005 0. 404.726 0.005 1. 0. 5.174 0. 0. 1. 0.
1. -0.004 0. 404.703 0.004 1. 0. 5.180 0. 0. 1. 0.
1. -0.004 0. 404.713 0.004 1. 0. 5.224 0. 0. 1. 0.
1. -0.004 0. 404.728 0.004 1. 0. 5.192 0. 0. 1. 0.
1. -0.004 0. 404.717 0.004 1. 0. 5.191 0. 0. 1. 0.
1. -0.004 0. 404.687 0.004 1. 0. 5.221 0. 0. 1. 0.
1. -0.005 0. 404.722 0.005 1. 0. 5.185 0. 0. 1. 0.
1. -0.005 0. 404.717 0.005 1. 0. 5.195 0. 0. 1. 0.
1. -0.004 0. 404.717 0.004 1. 0. 5.188 0. 0. 1. 0.
1. -0.004 0. 404.709 0.004 1. 0. 5.192 0. 0. 1. 0.
1. -0.004 0. 404.702 0.004 1. 0. 5.200 0. 0. 1. 0.
1. -0.004 0. 404.703 0.004 1. 0. 5.196 0. 0. 1. 0.
1. -0.004 0. 404.727 0.004 1. 0. 5.202 0. 0. 1. 0.
1. -0.004 0. 404.720 0.004 1. 0. 5.214 0. 0. 1. 0.
1. -0.004 0. 404.716 0.004 1. 0. 5.190 0. 0. 1. 0.
1. -0.004 0. 404.709 0.004 1. 0. 5.191 0. 0. 1. 0.
1. -0.004 0. 404.708 0.004 1. 0. 5.204 0. 0. 1. 0.
1. -0.004 0. 404.706 0.004 1. 0. 5.202 0. 0. 1. 0.
1. -0.005 0. 404.718 0.005 1. 0. 5.192 0. 0. 1. 0.
1. -0.004 0. 404.708 0.004 1. 0. 5.193 0. 0. 1. 0.
1. -0.005 0. 404.714 0.005 1. 0. 5.191 0. 0. 1. 0.
1. -0.004 0. 404.726 0.004 1. 0. 5.197 0. 0. 1. 0.
1. -0.004 0. 404.711 0.004 1. 0. 5.200 0. 0. 1. 0.
1. -0.004 0. 404.711 0.004 1. 0. 5.204 0. 0. 1. 0.
1. -0.004 0. 404.705 0.004 1. 0. 5.215 0. 0. 1. 0.
1. -0.004 0. 404.710 0.004 1. 0. 5.209 0. 0. 1. 0.
1. -0.004 0. 404.698 0.004 1. 0. 5.204 0. 0. 1. 0.
1. -0.004 0. 404.713 0.004 1. 0. 5.211 0. 0. 1. 0.
1. -0.004 0. 404.710 0.004 1. 0. 5.209 0. 0. 1. 0.
1. -0.004 0. 404.700 0.004 1. 0. 5.211 0. 0. 1. 0.
1. -0.004 0. 404.724 0.004 1. 0. 5.225 0. 0. 1. 0.
1. -0.004 0. 404.710 0.004 1. 0. 5.201 0. 0. 1. 0.
1. -0.005 0. 404.725 0.005 1. 0. 5.197 0. 0. 1. 0.
1. -0.004 0. 404.712 0.004 1. 0. 5.223 0. 0. 1. 0.
1. -0.004 0. 404.708 0.004 1. 0. 5.206 0. 0. 1. 0.
1. -0.004 0. 404.721 0.004 1. 0. 5.218 0. 0. 1. 0.
1. -0.004 0. 404.737 0.004 1. 0. 5.201 0. 0. 1. 0.
1. -0.003 0. 404.767 0.003 1. 0. 5.244 0. 0. 1. 0.
1. -0.004 0. 404.887 0.004 1. 0. 5.193 0. 0. 1. 0.
1. -0.004 0. 404.994 0.004 1. 0. 5.225 0. 0. 1. 0.
1. -0.004 0. 405.179 0.004 1. 0. 5.220 0. 0. 1. 0.
1. -0.004 0. 405.443 0.004 1. 0. 5.244 0. 0. 1. 0.
1. -0.003 0. 405.739 0.003 1. 0. 5.242 0. 0. 1. 0.
1. -0.002 0. 406.237 0.002 1. 0. 5.234 0. 0. 1. 0.
1. -0.002 0. 406.731 0.002 1. 0. 5.217 0. 0. 1. 0.
1. -0.001 0. 407.337 0.001 1. 0. 5.240 0. 0. 1. 0.
1. -0.001 0. 407.995 0.001 1. 0. 5.241 0. 0. 1. 0.
1. -0. 0. 408.794 0. 1. 0. 5.243 0. 0. 1. 0.
1. 0.000 0. 409.656 -0.000 1. 0. 5.258 0. 0. 1. 0.
1. 0.001 0. 410.607 -0.001 1. 0. 5.268 0. 0. 1. 0.
1. 0.001 0. 411.641 -0.001 1. 0. 5.275 0. 0. 1. 0.
1. 0.001 0. 412.733 -0.001 1. 0. 5.281 0. 0. 1. 0.
1. 0.002 0. 413.887 -0.002 1. 0. 5.313 0. 0. 1. 0.
1. 0.003 0. 415.112 -0.003 1. 0. 5.324 0. 0. 1. 0.
1. 0.004 0. 416.419 -0.004 1. 0. 5.306 0. 0. 1. 0.
1. 0.005 0. 417.763 -0.005 1. 0. 5.289 0. 0. 1. 0.
1. 0.006 0. 419.135 -0.006 1. 0. 5.261 0. 0. 1. 0.
1. 0.006 0. 420.558 -0.006 1. 0. 5.290 0. 0. 1. 0.
1. 0.007 0. 421.963 -0.007 1. 0. 5.275 0. 0. 1. 0.
1. 0.007 0. 423.449 -0.007 1. 0. 5.270 0. 0. 1. 0.
1. 0.007 0. 424.906 -0.007 1. 0. 5.242 0. 0. 1. 0.
1. 0.007 0. 426.390 -0.007 1. 0. 5.264 0. 0. 1. 0.
1. 0.006 0. 427.803 -0.006 1. 0. 5.224 0. 0. 1. 0.
1. 0.003 0. 429.243 -0.003 1. 0. 5.242 0. 0. 1. 0.
1. -0.005 0. 430.623 0.005 1. 0. 5.225 0. 0. 1. 0.
1.000 -0.021 0. 432.025 0.021 1.000 0. 5.252 0. 0. 1. 0.
0.999 -0.042 0. 433.413 0.042 0.999 0. 5.337 0. 0. 1. 0.
0.998 -0.070 0. 434.772 0.070 0.998 0. 5.457 0. 0. 1. 0.
0.995 -0.104 0. 436.125 0.104 0.995 0. 5.633 0. 0. 1. 0.
0.990 -0.143 0. 437.437 0.143 0.990 0. 5.892 0. 0. 1. 0.
0.982 -0.191 0. 438.757 0.191 0.982 0. 6.207 0. 0. 1. 0.
0.970 -0.243 0. 440.042 0.243 0.970 0. 6.567 0. 0. 1. 0.
0.954 -0.301 0. 441.310 0.301 0.954 0. 7.023 0. 0. 1. 0.
0.933 -0.361 0. 442.486 0.361 0.933 0. 7.545 0. 0. 1. 0.
0.905 -0.425 0. 443.660 0.425 0.905 0. 8.192 0. 0. 1. 0.
0.869 -0.494 0. 444.765 0.494 0.869 0. 8.911 0. 0. 1. 0.
0.827 -0.562 0. 445.835 0.562 0.827 0. 9.738 0. 0. 1. 0.
0.775 -0.631 0. 446.805 0.631 0.775 0. 10.673 0. 0. 1. 0.
0.717 -0.697 0. 447.703 0.697 0.717 0. 11.673 0. 0. 1. 0.
0.655 -0.755 0. 448.564 0.755 0.655 0. 12.776 0. 0. 1. 0.
0.590 -0.807 0. 449.259 0.807 0.590 0. 13.926 0. 0. 1. 0.
0.529 -0.849 0. 450.010 0.849 0.529 0. 15.184 0. 0. 1. 0.
0.462 -0.887 0. 450.581 0.887 0.462 0. 16.492 0. 0. 1. 0.
0.398 -0.918 0. 451.081 0.918 0.398 0. 17.851 0. 0. 1. 0.
0.326 -0.946 0. 451.486 0.946 0.326 0. 19.265 0. 0. 1. 0.
0.252 -0.968 0. 451.842 0.968 0.252 0. 20.821 0. 0. 1. 0.
0.179 -0.984 0. 452.045 0.984 0.179 0. 22.412 0. 0. 1. 0.
0.126 -0.992 0. 452.158 0.992 0.126 0. 24.096 0. 0. 1. 0.
0.093 -0.996 0. 452.268 0.996 0.093 0. 25.759 0. 0. 1. 0.
0.066 -0.998 0. 452.420 0.998 0.066 0. 27.470 0. 0. 1. 0.
0.041 -0.999 0. 452.453 0.999 0.041 0. 29.245 0. 0. 1. 0.
0.018 -1.000 0. 452.483 1.000 0.018 0. 31.069 0. 0. 1. 0.
0.007 -1. 0. 452.450 1. 0.007 0. 33.002 0. 0. 1. 0.
-0.003 -1. 0. 452.491 1. -0.003 0. 34.918 0. 0. 1. 0.
-0.006 -1. 0. 452.456 1. -0.006 0. 36.914 0. 0. 1. 0.
-0.008 -1. 0. 452.438 1. -0.008 0. 38.963 0. 0. 1. 0.
-0.008 -1. 0. 452.404 1. -0.008 0. 41.057 0. 0. 1. 0.
-0.010 -1. 0. 452.365 1. -0.010 0. 43.185 0. 0. 1. 0.
-0.011 -1. 0. 452.342 1. -0.011 0. 45.384 0. 0. 1. 0.
-0.010 -1. 0. 452.308 1. -0.010 0. 47.596 0. 0. 1. 0.
-0.007 -1. 0. 452.304 1. -0.007 0. 49.844 0. 0. 1. 0.
-0.005 -1. 0. 452.280 1. -0.005 0. 52.132 0. 0. 1. 0.
-0.002 -1. 0. 452.282 1. -0.002 0. 54.470 0. 0. 1. 0.
-0.000 -1. 0. 452.248 1. -0.000 0. 56.851 0. 0. 1. 0.
0.003 -1. 0. 452.266 1. 0.003 0. 59.279 0. 0. 1. 0.
0.005 -1. 0. 452.240 1. 0.005 0. 61.746 0. 0. 1. 0.
0.006 -1. 0. 452.229 1. 0.006 0. 64.245 0. 0. 1. 0.
0.005 -1. 0. 452.258 1. 0.005 0. 66.759 0. 0. 1. 0.
0.004 -1. 0. 452.300 1. 0.004 0. 69.324 0. 0. 1. 0.
0.003 -1. 0. 452.308 1. 0.003 0. 71.910 0. 0. 1. 0.
0.003 -1. 0. 452.290 1. 0.003 0. 74.512 0. 0. 1. 0.
0.002 -1. 0. 452.284 1. 0.002 0. 77.165 0. 0. 1. 0.
-0.000 -1. 0. 452.297 1. -0.000 0. 79.798 0. 0. 1. 0.
-0.001 -1. 0. 452.283 1. -0.001 0. 82.510 0. 0. 1. 0.
-0.002 -1. 0. 452.275 1. -0.002 0. 85.239 0. 0. 1. 0.
-0.002 -1. 0. 452.275 1. -0.002 0. 87.997 0. 0. 1. 0.
-0.004 -1. 0. 452.259 1. -0.004 0. 90.774 0. 0. 1. 0.
-0.004 -1. 0. 452.256 1. -0.004 0. 93.576 0. 0. 1. 0.
-0.005 -1. 0. 452.236 1. -0.005 0. 96.409 0. 0. 1. 0.
-0.005 -1. 0. 452.220 1. -0.005 0. 99.267 0. 0. 1. 0.
-0.007 -1. 0. 452.211 1. -0.007 0. 102.129 0. 0. 1. 0.
-0.007 -1. 0. 452.160 1. -0.007 0. 105.010 0. 0. 1. 0.
-0.008 -1. 0. 452.151 1. -0.008 0. 107.937 0. 0. 1. 0.
-0.010 -1. 0. 452.113 1. -0.010 0. 110.801 0. 0. 1. 0.
-0.010 -1. 0. 452.075 1. -0.010 0. 113.662 0. 0. 1. 0.
-0.009 -1. 0. 452.009 1. -0.009 0. 116.478 0. 0. 1. 0.
-0.011 -1. 0. 452.005 1. -0.011 0. 119.356 0. 0. 1. 0.
-0.011 -1. 0. 451.942 1. -0.011 0. 122.217 0. 0. 1. 0.
-0.012 -1. 0. 451.901 1. -0.012 0. 125.085 0. 0. 1. 0.
-0.012 -1. 0. 451.850 1. -0.012 0. 127.980 0. 0. 1. 0.
-0.012 -1. 0. 451.819 1. -0.012 0. 130.884 0. 0. 1. 0.
-0.012 -1. 0. 451.800 1. -0.012 0. 133.813 0. 0. 1. 0.
-0.014 -1. 0. 451.750 1. -0.014 0. 136.753 0. 0. 1. 0.
-0.017 -1.000 0. 451.678 1.000 -0.017 0. 139.687 0. 0. 1. 0.
-0.021 -1.000 0. 451.639 1.000 -0.021 0. 142.659 0. 0. 1. 0.
-0.024 -1.000 0. 451.594 1.000 -0.024 0. 145.641 0. 0. 1. 0.
-0.028 -1.000 0. 451.461 1.000 -0.028 0. 148.634 0. 0. 1. 0.
-0.032 -0.999 0. 451.293 0.999 -0.032 0. 151.596 0. 0. 1. 0.
-0.036 -0.999 0. 451.205 0.999 -0.036 0. 154.610 0. 0. 1. 0.
-0.039 -0.999 0. 451.095 0.999 -0.039 0. 157.591 0. 0. 1. 0.
-0.042 -0.999 0. 450.945 0.999 -0.042 0. 160.560 0. 0. 1. 0.
-0.044 -0.999 0. 450.884 0.999 -0.044 0. 163.575 0. 0. 1. 0.
-0.046 -0.999 0. 450.642 0.999 -0.046 0. 166.563 0. 0. 1. 0.
-0.048 -0.999 0. 450.535 0.999 -0.048 0. 169.536 0. 0. 1. 0.
-0.053 -0.999 0. 450.413 0.999 -0.053 0. 172.537 0. 0. 1. 0.
-0.056 -0.998 0. 450.209 0.998 -0.056 0. 175.569 0. 0. 1. 0.
-0.057 -0.998 0. 450.014 0.998 -0.057 0. 178.476 0. 0. 1. 0.
-0.059 -0.998 0. 449.769 0.998 -0.059 0. 181.428 0. 0. 1. 0.
-0.061 -0.998 0. 449.590 0.998 -0.061 0. 184.334 0. 0. 1. 0.
-0.061 -0.998 0. 449.386 0.998 -0.061 0. 187.319 0. 0. 1. 0.
-0.060 -0.998 0. 449.224 0.998 -0.060 0. 190.169 0. 0. 1. 0.
-0.052 -0.999 0. 448.976 0.999 -0.052 0. 193.088 0. 0. 1. 0.
-0.046 -0.999 0. 448.882 0.999 -0.046 0. 195.911 0. 0. 1. 0.
-0.042 -0.999 0. 448.780 0.999 -0.042 0. 198.723 0. 0. 1. 0.
-0.036 -0.999 0. 448.677 0.999 -0.036 0. 201.524 0. 0. 1. 0.
-0.029 -1.000 0. 448.584 1.000 -0.029 0. 204.308 0. 0. 1. 0.
-0.023 -1.000 0. 448.503 1.000 -0.023 0. 207.046 0. 0. 1. 0.
-0.016 -1.000 0. 448.424 1.000 -0.016 0. 209.743 0. 0. 1. 0.
-0.012 -1. 0. 448.377 1. -0.012 0. 212.406 0. 0. 1. 0.
-0.009 -1. 0. 448.363 1. -0.009 0. 215.074 0. 0. 1. 0.
-0.009 -1. 0. 448.332 1. -0.009 0. 217.672 0. 0. 1. 0.
-0.012 -1. 0. 448.254 1. -0.012 0. 220.268 0. 0. 1. 0.
-0.015 -1.000 0. 448.207 1.000 -0.015 0. 222.751 0. 0. 1. 0.
-0.018 -1.000 0. 448.161 1.000 -0.018 0. 225.266 0. 0. 1. 0.
-0.021 -1.000 0. 448.093 1.000 -0.021 0. 227.684 0. 0. 1. 0.
-0.024 -1.000 0. 447.982 1.000 -0.024 0. 230.046 0. 0. 1. 0.
-0.024 -1.000 0. 447.916 1.000 -0.024 0. 232.334 0. 0. 1. 0.
-0.026 -1.000 0. 447.896 1.000 -0.026 0. 234.545 0. 0. 1. 0.
-0.027 -1.000 0. 447.799 1.000 -0.027 0. 236.697 0. 0. 1. 0.
-0.027 -1.000 0. 447.723 1.000 -0.027 0. 238.721 0. 0. 1. 0.
-0.026 -1.000 0. 447.658 1.000 -0.026 0. 240.747 0. 0. 1. 0.
-0.026 -1.000 0. 447.596 1.000 -0.026 0. 242.677 0. 0. 1. 0.
-0.025 -1.000 0. 447.534 1.000 -0.025 0. 244.530 0. 0. 1. 0.
-0.024 -1.000 0. 447.468 1.000 -0.024 0. 246.408 0. 0. 1. 0.
-0.023 -1.000 0. 447.441 1.000 -0.023 0. 248.238 0. 0. 1. 0.
-0.026 -1.000 0. 447.390 1.000 -0.026 0. 250.060 0. 0. 1. 0.
-0.028 -1.000 0. 447.345 1.000 -0.028 0. 251.804 0. 0. 1. 0.
-0.030 -1.000 0. 447.259 1.000 -0.030 0. 253.557 0. 0. 1. 0.
-0.034 -0.999 0. 447.204 0.999 -0.034 0. 255.347 0. 0. 1. 0.
-0.037 -0.999 0. 447.120 0.999 -0.037 0. 257.080 0. 0. 1. 0.
-0.039 -0.999 0. 447.032 0.999 -0.039 0. 258.796 0. 0. 1. 0.
-0.043 -0.999 0. 446.913 0.999 -0.043 0. 260.516 0. 0. 1. 0.
-0.048 -0.999 0. 446.819 0.999 -0.048 0. 262.163 0. 0. 1. 0.
-0.049 -0.999 0. 446.654 0.999 -0.049 0. 263.887 0. 0. 1. 0.
-0.053 -0.999 0. 446.603 0.999 -0.053 0. 265.491 0. 0. 1. 0.
-0.056 -0.998 0. 446.468 0.998 -0.056 0. 267.179 0. 0. 1. 0.
-0.061 -0.998 0. 446.368 0.998 -0.061 0. 268.808 0. 0. 1. 0.
-0.066 -0.998 0. 446.246 0.998 -0.066 0. 270.518 0. 0. 1. 0.
-0.071 -0.998 0. 446.067 0.998 -0.071 0. 272.223 0. 0. 1. 0.
-0.075 -0.997 0. 445.964 0.997 -0.075 0. 273.890 0. 0. 1. 0.
-0.080 -0.997 0. 445.812 0.997 -0.080 0. 275.610 0. 0. 1. 0.
-0.085 -0.996 0. 445.652 0.996 -0.085 0. 277.337 0. 0. 1. 0.
-0.091 -0.996 0. 445.501 0.996 -0.091 0. 279.008 0. 0. 1. 0.
-0.095 -0.995 0. 445.297 0.995 -0.095 0. 280.844 0. 0. 1. 0.
-0.102 -0.995 0. 445.095 0.995 -0.102 0. 282.537 0. 0. 1. 0.
-0.107 -0.994 0. 444.898 0.994 -0.107 0. 284.335 0. 0. 1. 0.
-0.113 -0.994 0. 444.694 0.994 -0.113 0. 286.124 0. 0. 1. 0.
-0.122 -0.993 0. 444.485 0.993 -0.122 0. 287.936 0. 0. 1. 0.
-0.137 -0.991 0. 444.182 0.991 -0.137 0. 289.724 0. 0. 1. 0.
-0.158 -0.987 0. 443.895 0.987 -0.158 0. 291.505 0. 0. 1. 0.
-0.191 -0.982 0. 443.529 0.982 -0.191 0. 293.349 0. 0. 1. 0.
-0.229 -0.974 0. 443.143 0.974 -0.229 0. 295.263 0. 0. 1. 0.
-0.275 -0.962 0. 442.560 0.962 -0.275 0. 297.030 0. 0. 1. 0.
-0.330 -0.944 0. 441.924 0.944 -0.330 0. 298.857 0. 0. 1. 0.
-0.388 -0.922 0. 441.102 0.922 -0.388 0. 300.683 0. 0. 1. 0.
-0.450 -0.893 0. 440.205 0.893 -0.450 0. 302.419 0. 0. 1. 0.
-0.510 -0.860 0. 439.194 0.860 -0.510 0. 304.157 0. 0. 1. 0.
-0.571 -0.821 0. 437.998 0.821 -0.571 0. 305.747 0. 0. 1. 0.
-0.631 -0.776 0. 436.706 0.776 -0.631 0. 307.325 0. 0. 1. 0.
-0.689 -0.725 0. 435.293 0.725 -0.689 0. 308.750 0. 0. 1. 0.
-0.743 -0.670 0. 433.742 0.670 -0.743 0. 310.176 0. 0. 1. 0.
-0.791 -0.612 0. 432.113 0.612 -0.791 0. 311.390 0. 0. 1. 0.
-0.833 -0.553 0. 430.324 0.553 -0.833 0. 312.541 0. 0. 1. 0.
-0.871 -0.491 0. 428.457 0.491 -0.871 0. 313.569 0. 0. 1. 0.
-0.905 -0.426 0. 426.559 0.426 -0.905 0. 314.434 0. 0. 1. 0.
-0.934 -0.357 0. 424.481 0.357 -0.934 0. 315.174 0. 0. 1. 0.
-0.958 -0.287 0. 422.290 0.287 -0.958 0. 315.781 0. 0. 1. 0.
-0.976 -0.220 0. 420.115 0.220 -0.976 0. 316.262 0. 0. 1. 0.
-0.987 -0.158 0. 417.783 0.158 -0.987 0. 316.620 0. 0. 1. 0.
-0.994 -0.105 0. 415.466 0.105 -0.994 0. 316.885 0. 0. 1. 0.
-0.998 -0.061 0. 413.115 0.061 -0.998 0. 316.964 0. 0. 1. 0.
-1.000 -0.022 0. 410.688 0.022 -1.000 0. 316.978 0. 0. 1. 0.
-1. 0.008 0. 408.173 -0.008 -1. 0. 316.979 0. 0. 1. 0.
-1.000 0.031 0. 405.666 -0.031 -1.000 0. 316.878 0. 0. 1. 0.
-0.999 0.047 0. 403.161 -0.047 -0.999 0. 316.682 0. 0. 1. 0.
-0.998 0.063 0. 400.583 -0.063 -0.998 0. 316.522 0. 0. 1. 0.
-0.997 0.078 0. 397.943 -0.078 -0.997 0. 316.247 0. 0. 1. 0.
-0.996 0.090 0. 395.262 -0.090 -0.996 0. 316.020 0. 0. 1. 0.
-0.995 0.100 0. 392.565 -0.100 -0.995 0. 315.734 0. 0. 1. 0.
-0.995 0.099 0. 389.806 -0.099 -0.995 0. 315.481 0. 0. 1. 0.
-0.995 0.099 0. 387.072 -0.099 -0.995 0. 315.154 0. 0. 1. 0.
-0.995 0.095 0. 384.284 -0.095 -0.995 0. 314.904 0. 0. 1. 0.
-0.995 0.095 0. 381.425 -0.095 -0.995 0. 314.648 0. 0. 1. 0.
-0.995 0.096 0. 378.532 -0.096 -0.995 0. 314.340 0. 0. 1. 0.
-0.995 0.096 0. 375.594 -0.096 -0.995 0. 314.013 0. 0. 1. 0.
-0.995 0.097 0. 372.634 -0.097 -0.995 0. 313.802 0. 0. 1. 0.
-0.995 0.098 0. 369.657 -0.098 -0.995 0. 313.449 0. 0. 1. 0.
-0.995 0.097 0. 366.569 -0.097 -0.995 0. 313.141 0. 0. 1. 0.
-0.995 0.099 0. 363.533 -0.099 -0.995 0. 312.864 0. 0. 1. 0.
-0.995 0.100 0. 360.399 -0.100 -0.995 0. 312.480 0. 0. 1. 0.
-0.995 0.102 0. 357.277 -0.102 -0.995 0. 312.148 0. 0. 1. 0.
-0.995 0.100 0. 354.078 -0.100 -0.995 0. 311.764 0. 0. 1. 0.
-0.995 0.102 0. 350.878 -0.102 -0.995 0. 311.452 0. 0. 1. 0.
-0.995 0.103 0. 347.615 -0.103 -0.995 0. 311.151 0. 0. 1. 0.
-0.995 0.104 0. 344.341 -0.104 -0.995 0. 310.795 0. 0. 1. 0.
-0.995 0.104 0. 341.054 -0.104 -0.995 0. 310.402 0. 0. 1. 0.
-0.995 0.103 0. 337.710 -0.103 -0.995 0. 310.083 0. 0. 1. 0.
-0.994 0.105 0. 334.470 -0.105 -0.994 0. 309.766 0. 0. 1. 0.
-0.995 0.103 0. 331.168 -0.103 -0.995 0. 309.328 0. 0. 1. 0.
-0.994 0.105 0. 327.840 -0.105 -0.994 0. 309.003 0. 0. 1. 0.
-0.995 0.104 0. 324.490 -0.104 -0.995 0. 308.686 0. 0. 1. 0.
-0.994 0.105 0. 321.085 -0.105 -0.994 0. 308.230 0. 0. 1. 0.
-0.994 0.106 0. 317.664 -0.106 -0.994 0. 307.876 0. 0. 1. 0.
-0.995 0.105 0. 314.209 -0.105 -0.995 0. 307.535 0. 0. 1. 0.
-0.994 0.105 0. 310.689 -0.105 -0.994 0. 307.056 0. 0. 1. 0.
-0.994 0.107 0. 307.202 -0.107 -0.994 0. 306.716 0. 0. 1. 0.
-0.994 0.106 0. 303.655 -0.106 -0.994 0. 306.254 0. 0. 1. 0.
-0.994 0.109 0. 299.995 -0.109 -0.994 0. 305.904 0. 0. 1. 0.
-0.994 0.110 0. 296.379 -0.110 -0.994 0. 305.527 0. 0. 1. 0.
-0.994 0.110 0. 292.707 -0.110 -0.994 0. 305.099 0. 0. 1. 0.
-0.994 0.113 0. 289.047 -0.113 -0.994 0. 304.589 0. 0. 1. 0.
-0.994 0.113 0. 285.295 -0.113 -0.994 0. 304.174 0. 0. 1. 0.
-0.993 0.116 0. 281.605 -0.116 -0.993 0. 303.746 0. 0. 1. 0.
-0.993 0.116 0. 277.792 -0.116 -0.993 0. 303.300 0. 0. 1. 0.
-0.993 0.120 0. 274.155 -0.120 -0.993 0. 302.852 0. 0. 1. 0.
-0.993 0.122 0. 270.386 -0.122 -0.993 0. 302.399 0. 0. 1. 0.
-0.992 0.126 0. 266.658 -0.126 -0.992 0. 301.869 0. 0. 1. 0.
-0.991 0.131 0. 262.926 -0.131 -0.991 0. 301.378 0. 0. 1. 0.
-0.991 0.132 0. 259.266 -0.132 -0.991 0. 300.915 0. 0. 1. 0.
-0.991 0.134 0. 255.502 -0.134 -0.991 0. 300.341 0. 0. 1. 0.
-0.991 0.136 0. 251.794 -0.136 -0.991 0. 299.819 0. 0. 1. 0.
-0.990 0.138 0. 248.126 -0.138 -0.990 0. 299.291 0. 0. 1. 0.
-0.990 0.140 0. 244.409 -0.140 -0.990 0. 298.746 0. 0. 1. 0.
-0.990 0.142 0. 240.784 -0.142 -0.990 0. 298.186 0. 0. 1. 0.
-0.990 0.144 0. 237.148 -0.144 -0.990 0. 297.625 0. 0. 1. 0.
-0.989 0.146 0. 233.538 -0.146 -0.989 0. 297.089 0. 0. 1. 0.
-0.989 0.147 0. 229.925 -0.147 -0.989 0. 296.538 0. 0. 1. 0.
-0.989 0.148 0. 226.276 -0.148 -0.989 0. 296.055 0. 0. 1. 0.
-0.989 0.151 0. 222.665 -0.151 -0.989 0. 295.384 0. 0. 1. 0.
-0.989 0.151 0. 219.130 -0.151 -0.989 0. 294.885 0. 0. 1. 0.
-0.989 0.150 0. 215.615 -0.150 -0.989 0. 294.325 0. 0. 1. 0.
-0.989 0.149 0. 212.071 -0.149 -0.989 0. 293.836 0. 0. 1. 0.
-0.989 0.146 0. 208.564 -0.146 -0.989 0. 293.322 0. 0. 1. 0.
-0.989 0.145 0. 205.048 -0.145 -0.989 0. 292.798 0. 0. 1. 0.
-0.989 0.145 0. 201.546 -0.145 -0.989 0. 292.286 0. 0. 1. 0.
-0.989 0.146 0. 198.122 -0.146 -0.989 0. 291.752 0. 0. 1. 0.
-0.989 0.147 0. 194.643 -0.147 -0.989 0. 291.197 0. 0. 1. 0.
-0.989 0.147 0. 191.212 -0.147 -0.989 0. 290.678 0. 0. 1. 0.
-0.989 0.147 0. 187.841 -0.147 -0.989 0. 290.105 0. 0. 1. 0.
-0.990 0.143 0. 184.422 -0.143 -0.990 0. 289.521 0. 0. 1. 0.
-0.990 0.142 0. 181.052 -0.142 -0.990 0. 289.063 0. 0. 1. 0.
-0.990 0.141 0. 177.708 -0.141 -0.990 0. 288.442 0. 0. 1. 0.
-0.990 0.142 0. 174.383 -0.142 -0.990 0. 287.976 0. 0. 1. 0.
-0.990 0.141 0. 171.040 -0.141 -0.990 0. 287.513 0. 0. 1. 0.
-0.990 0.140 0. 167.696 -0.140 -0.990 0. 287.028 0. 0. 1. 0.
-0.990 0.140 0. 164.408 -0.140 -0.990 0. 286.533 0. 0. 1. 0.
-0.990 0.142 0. 161.133 -0.142 -0.990 0. 286.013 0. 0. 1. 0.
-0.990 0.142 0. 157.789 -0.142 -0.990 0. 285.471 0. 0. 1. 0.
-0.990 0.143 0. 154.521 -0.143 -0.990 0. 285.030 0. 0. 1. 0.
-0.989 0.145 0. 151.226 -0.145 -0.989 0. 284.507 0. 0. 1. 0.
-0.989 0.147 0. 147.995 -0.147 -0.989 0. 283.927 0. 0. 1. 0.
-0.989 0.147 0. 144.710 -0.147 -0.989 0. 283.446 0. 0. 1. 0.
-0.989 0.148 0. 141.522 -0.148 -0.989 0. 282.965 0. 0. 1. 0.
-0.989 0.148 0. 138.278 -0.148 -0.989 0. 282.363 0. 0. 1. 0.
-0.988 0.153 0. 135.115 -0.153 -0.988 0. 281.737 0. 0. 1. 0.
-0.989 0.150 0. 131.968 -0.150 -0.989 0. 281.247 0. 0. 1. 0.
-0.989 0.146 0. 128.817 -0.146 -0.989 0. 280.783 0. 0. 1. 0.
-0.989 0.145 0. 125.696 -0.145 -0.989 0. 280.306 0. 0. 1. 0.
-0.989 0.149 0. 122.599 -0.149 -0.989 0. 279.794 0. 0. 1. 0.
-0.988 0.151 0. 119.527 -0.151 -0.988 0. 279.305 0. 0. 1. 0.
-0.988 0.153 0. 116.479 -0.153 -0.988 0. 278.824 0. 0. 1. 0.
-0.989 0.150 0. 113.540 -0.150 -0.989 0. 278.353 0. 0. 1. 0.
-0.989 0.148 0. 110.592 -0.148 -0.989 0. 277.890 0. 0. 1. 0.
-0.989 0.149 0. 107.672 -0.149 -0.989 0. 277.401 0. 0. 1. 0.
-0.989 0.148 0. 104.825 -0.148 -0.989 0. 276.898 0. 0. 1. 0.
-0.989 0.150 0. 101.974 -0.150 -0.989 0. 276.458 0. 0. 1. 0.
-0.989 0.149 0. 99.189 -0.149 -0.989 0. 276.084 0. 0. 1. 0.
-0.989 0.150 0. 96.459 -0.150 -0.989 0. 275.640 0. 0. 1. 0.
-0.989 0.147 0. 93.803 -0.147 -0.989 0. 275.236 0. 0. 1. 0.
-0.989 0.149 0. 91.162 -0.149 -0.989 0. 274.781 0. 0. 1. 0.
-0.989 0.149 0. 88.567 -0.149 -0.989 0. 274.362 0. 0. 1. 0.
-0.989 0.150 0. 85.998 -0.150 -0.989 0. 273.957 0. 0. 1. 0.
-0.988 0.154 0. 83.500 -0.154 -0.988 0. 273.586 0. 0. 1. 0.
-0.988 0.155 0. 81.015 -0.155 -0.988 0. 273.190 0. 0. 1. 0.
-0.988 0.155 0. 78.620 -0.155 -0.988 0. 272.795 0. 0. 1. 0.
-0.988 0.157 0. 76.247 -0.157 -0.988 0. 272.374 0. 0. 1. 0.
-0.988 0.157 0. 73.940 -0.157 -0.988 0. 272.022 0. 0. 1. 0.
-0.988 0.157 0. 71.722 -0.157 -0.988 0. 271.633 0. 0. 1. 0.
-0.987 0.158 0. 69.592 -0.158 -0.987 0. 271.274 0. 0. 1. 0.
-0.988 0.157 0. 67.333 -0.157 -0.988 0. 270.873 0. 0. 1. 0.
-0.987 0.158 0. 65.357 -0.158 -0.987 0. 270.538 0. 0. 1. 0.
-0.988 0.157 0. 63.396 -0.157 -0.988 0. 270.208 0. 0. 1. 0.
-0.988 0.156 0. 61.495 -0.156 -0.988 0. 269.866 0. 0. 1. 0.
-0.988 0.154 0. 59.607 -0.154 -0.988 0. 269.573 0. 0. 1. 0.
-0.988 0.153 0. 57.791 -0.153 -0.988 0. 269.340 0. 0. 1. 0.
-0.988 0.152 0. 56.022 -0.152 -0.988 0. 269.053 0. 0. 1. 0.
-0.988 0.151 0. 54.375 -0.151 -0.988 0. 268.826 0. 0. 1. 0.
-0.988 0.152 0. 52.824 -0.152 -0.988 0. 268.581 0. 0. 1. 0.
-0.989 0.149 0. 51.325 -0.149 -0.989 0. 268.395 0. 0. 1. 0.
-0.989 0.148 0. 49.864 -0.148 -0.989 0. 268.188 0. 0. 1. 0.
-0.988 0.152 0. 48.515 -0.152 -0.988 0. 267.880 0. 0. 1. 0.
-0.988 0.152 0. 47.092 -0.152 -0.988 0. 267.694 0. 0. 1. 0.
-0.988 0.154 0. 45.801 -0.154 -0.988 0. 267.480 0. 0. 1. 0.
-0.988 0.157 0. 44.442 -0.157 -0.988 0. 267.311 0. 0. 1. 0.
-0.987 0.158 0. 43.169 -0.158 -0.987 0. 267.090 0. 0. 1. 0.
-0.987 0.159 0. 41.857 -0.159 -0.987 0. 266.822 0. 0. 1. 0.
-0.987 0.163 0. 40.658 -0.163 -0.987 0. 266.589 0. 0. 1. 0.
-0.987 0.162 0. 39.430 -0.162 -0.987 0. 266.360 0. 0. 1. 0.
-0.987 0.164 0. 38.280 -0.164 -0.987 0. 266.187 0. 0. 1. 0.
-0.986 0.165 0. 37.235 -0.165 -0.986 0. 265.947 0. 0. 1. 0.
-0.986 0.166 0. 36.100 -0.166 -0.986 0. 265.916 0. 0. 1. 0.
-0.986 0.166 0. 35.228 -0.166 -0.986 0. 265.674 0. 0. 1. 0.
-0.986 0.167 0. 34.302 -0.167 -0.986 0. 265.546 0. 0. 1. 0.
-0.986 0.165 0. 33.616 -0.165 -0.986 0. 265.418 0. 0. 1. 0.
-0.986 0.167 0. 32.934 -0.167 -0.986 0. 265.272 0. 0. 1. 0.
-0.986 0.164 0. 32.335 -0.164 -0.986 0. 265.102 0. 0. 1. 0.
-0.986 0.166 0. 31.793 -0.166 -0.986 0. 265.039 0. 0. 1. 0.
-0.986 0.166 0. 31.343 -0.166 -0.986 0. 264.968 0. 0. 1. 0.
-0.986 0.167 0. 30.927 -0.167 -0.986 0. 264.917 0. 0. 1. 0.
-0.986 0.164 0. 30.673 -0.164 -0.986 0. 264.815 0. 0. 1. 0.
-0.986 0.165 0. 30.517 -0.165 -0.986 0. 264.765 0. 0. 1. 0.
-0.986 0.164 0. 30.330 -0.164 -0.986 0. 264.748 0. 0. 1. 0.
-0.986 0.165 0. 30.203 -0.165 -0.986 0. 264.724 0. 0. 1. 0.
-0.986 0.165 0. 30.161 -0.165 -0.986 0. 264.734 0. 0. 1. 0.
-0.986 0.165 0. 30.105 -0.165 -0.986 0. 264.716 0. 0. 1. 0.
-0.986 0.165 0. 30.076 -0.165 -0.986 0. 264.726 0. 0. 1. 0.
-0.986 0.166 0. 29.973 -0.166 -0.986 0. 264.693 0. 0. 1. 0.
-0.986 0.164 0. 29.840 -0.164 -0.986 0. 264.682 0. 0. 1. 0.
-0.986 0.166 0. 29.786 -0.166 -0.986 0. 264.672 0. 0. 1. 0.
-0.986 0.164 0. 29.626 -0.164 -0.986 0. 264.633 0. 0. 1. 0.
-0.986 0.165 0. 29.522 -0.165 -0.986 0. 264.604 0. 0. 1. 0.
-0.986 0.165 0. 29.269 -0.165 -0.986 0. 264.607 0. 0. 1. 0.
-0.986 0.165 0. 29.119 -0.165 -0.986 0. 264.556 0. 0. 1. 0.
-0.986 0.164 0. 28.948 -0.164 -0.986 0. 264.521 0. 0. 1. 0.
-0.986 0.164 0. 28.754 -0.164 -0.986 0. 264.526 0. 0. 1. 0.
-0.987 0.163 0. 28.559 -0.163 -0.987 0. 264.433 0. 0. 1. 0.
-0.987 0.164 0. 28.316 -0.164 -0.987 0. 264.420 0. 0. 1. 0.
-0.986 0.164 0. 27.992 -0.164 -0.986 0. 264.364 0. 0. 1. 0.
-0.987 0.163 0. 27.638 -0.163 -0.987 0. 264.286 0. 0. 1. 0.
-0.986 0.164 0. 27.248 -0.164 -0.986 0. 264.235 0. 0. 1. 0.
-0.987 0.163 0. 26.729 -0.163 -0.987 0. 264.135 0. 0. 1. 0.
-0.987 0.164 0. 26.167 -0.164 -0.987 0. 264.022 0. 0. 1. 0.
-0.986 0.165 0. 25.467 -0.165 -0.986 0. 263.889 0. 0. 1. 0.
-0.986 0.165 0. 24.712 -0.165 -0.986 0. 263.718 0. 0. 1. 0.
-0.986 0.167 0. 23.835 -0.167 -0.986 0. 263.594 0. 0. 1. 0.
-0.986 0.167 0. 22.831 -0.167 -0.986 0. 263.398 0. 0. 1. 0.
-0.986 0.168 0. 21.814 -0.168 -0.986 0. 263.203 0. 0. 1. 0.
-0.986 0.168 0. 20.662 -0.168 -0.986 0. 262.978 0. 0. 1. 0.
-0.986 0.169 0. 19.366 -0.169 -0.986 0. 262.786 0. 0. 1. 0.
-0.985 0.171 0. 18.057 -0.171 -0.985 0. 262.535 0. 0. 1. 0.
-0.985 0.173 0. 16.659 -0.173 -0.985 0. 262.301 0. 0. 1. 0.
-0.985 0.173 0. 15.160 -0.173 -0.985 0. 262.068 0. 0. 1. 0.
-0.985 0.175 0. 13.647 -0.175 -0.985 0. 261.704 0. 0. 1. 0.
-0.985 0.174 0. 12.018 -0.174 -0.985 0. 261.411 0. 0. 1. 0.
-0.985 0.173 0. 10.333 -0.173 -0.985 0. 261.110 0. 0. 1. 0.
-0.985 0.171 0. 8.598 -0.171 -0.985 0. 260.843 0. 0. 1. 0.
-0.985 0.170 0. 6.837 -0.170 -0.985 0. 260.467 0. 0. 1. 0.
-0.986 0.167 0. 4.899 -0.167 -0.986 0. 260.136 0. 0. 1. 0.
-0.985 0.170 0. 2.943 -0.170 -0.985 0. 259.835 0. 0. 1. 0.
-0.985 0.170 0. 0.968 -0.170 -0.985 0. 259.491 0. 0. 1. 0.
-0.985 0.171 0. -1.036 -0.171 -0.985 0. 259.131 0. 0. 1. 0.
-0.985 0.171 0. -3.103 -0.171 -0.985 0. 258.764 0. 0. 1. 0.
-0.985 0.172 0. -5.147 -0.172 -0.985 0. 258.410 0. 0. 1. 0.
-0.984 0.175 0. -7.218 -0.175 -0.984 0. 258.004 0. 0. 1. 0.
-0.984 0.176 0. -9.366 -0.176 -0.984 0. 257.605 0. 0. 1. 0.
-0.984 0.176 0. -11.538 -0.176 -0.984 0. 257.195 0. 0. 1. 0.
-0.984 0.178 0. -13.813 -0.178 -0.984 0. 256.813 0. 0. 1. 0.
-0.984 0.178 0. -16.088 -0.178 -0.984 0. 256.390 0. 0. 1. 0.
-0.984 0.179 0. -18.346 -0.179 -0.984 0. 255.908 0. 0. 1. 0.
-0.984 0.180 0. -20.768 -0.180 -0.984 0. 255.483 0. 0. 1. 0.
-0.983 0.182 0. -23.188 -0.182 -0.983 0. 254.998 0. 0. 1. 0.
-0.984 0.180 0. -25.650 -0.180 -0.984 0. 254.486 0. 0. 1. 0.
-0.983 0.181 0. -28.058 -0.181 -0.983 0. 254.022 0. 0. 1. 0.
-0.983 0.182 0. -30.546 -0.182 -0.983 0. 253.590 0. 0. 1. 0.
-0.983 0.182 0. -33.024 -0.182 -0.983 0. 253.079 0. 0. 1. 0.
-0.983 0.183 0. -35.548 -0.183 -0.983 0. 252.607 0. 0. 1. 0.
-0.983 0.183 0. -38.058 -0.183 -0.983 0. 252.154 0. 0. 1. 0.
-0.983 0.185 0. -40.575 -0.185 -0.983 0. 251.718 0. 0. 1. 0.
-0.983 0.184 0. -43.169 -0.184 -0.983 0. 251.193 0. 0. 1. 0.
-0.983 0.182 0. -45.783 -0.182 -0.983 0. 250.692 0. 0. 1. 0.
-0.984 0.180 0. -48.463 -0.180 -0.984 0. 250.183 0. 0. 1. 0.
-0.984 0.179 0. -51.165 -0.179 -0.984 0. 249.706 0. 0. 1. 0.
-0.984 0.180 0. -53.914 -0.180 -0.984 0. 249.144 0. 0. 1. 0.
-0.984 0.178 0. -56.627 -0.178 -0.984 0. 248.654 0. 0. 1. 0.
-0.984 0.180 0. -59.474 -0.180 -0.984 0. 248.120 0. 0. 1. 0.
-0.984 0.178 0. -62.314 -0.178 -0.984 0. 247.563 0. 0. 1. 0.
-0.984 0.177 0. -65.192 -0.177 -0.984 0. 246.961 0. 0. 1. 0.
-0.985 0.174 0. -68.132 -0.174 -0.985 0. 246.459 0. 0. 1. 0.
-0.985 0.172 0. -71.175 -0.172 -0.985 0. 245.893 0. 0. 1. 0.
-0.985 0.170 0. -74.163 -0.170 -0.985 0. 245.327 0. 0. 1. 0.
-0.986 0.167 0. -77.216 -0.167 -0.986 0. 244.764 0. 0. 1. 0.
-0.987 0.164 0. -80.320 -0.164 -0.987 0. 244.260 0. 0. 1. 0.
-0.987 0.158 0. -83.455 -0.158 -0.987 0. 243.740 0. 0. 1. 0.
-0.989 0.150 0. -86.670 -0.150 -0.989 0. 243.135 0. 0. 1. 0.
-0.989 0.147 0. -89.836 -0.147 -0.989 0. 242.627 0. 0. 1. 0.
-0.990 0.142 0. -93.103 -0.142 -0.990 0. 242.210 0. 0. 1. 0.
-0.991 0.134 0. -96.377 -0.134 -0.991 0. 241.662 0. 0. 1. 0.
-0.992 0.129 0. -99.670 -0.129 -0.992 0. 241.173 0. 0. 1. 0.
-0.993 0.121 0. -103.012 -0.121 -0.993 0. 240.670 0. 0. 1. 0.
-0.994 0.113 0. -106.391 -0.113 -0.994 0. 240.270 0. 0. 1. 0.
-0.995 0.103 0. -109.746 -0.103 -0.995 0. 239.815 0. 0. 1. 0.
-0.995 0.096 0. -113.195 -0.096 -0.995 0. 239.436 0. 0. 1. 0.
-0.996 0.088 0. -116.683 -0.088 -0.996 0. 239.129 0. 0. 1. 0.
-0.997 0.080 0. -120.134 -0.080 -0.997 0. 238.754 0. 0. 1. 0.
-0.997 0.075 0. -123.685 -0.075 -0.997 0. 238.402 0. 0. 1. 0.
-0.997 0.071 0. -127.273 -0.071 -0.997 0. 238.101 0. 0. 1. 0.
-0.998 0.068 0. -130.848 -0.068 -0.998 0. 237.806 0. 0. 1. 0.
-0.998 0.062 0. -134.417 -0.062 -0.998 0. 237.577 0. 0. 1. 0.
-0.998 0.057 0. -138.091 -0.057 -0.998 0. 237.288 0. 0. 1. 0.
-0.999 0.050 0. -141.768 -0.050 -0.999 0. 237.077 0. 0. 1. 0.
-0.999 0.042 0. -145.437 -0.042 -0.999 0. 236.837 0. 0. 1. 0.
-0.999 0.034 0. -149.173 -0.034 -0.999 0. 236.737 0. 0. 1. 0.
-1.000 0.027 0. -152.905 -0.027 -1.000 0. 236.570 0. 0. 1. 0.
-1.000 0.019 0. -156.670 -0.019 -1.000 0. 236.556 0. 0. 1. 0.
-1. 0.008 0. -160.421 -0.008 -1. 0. 236.403 0. 0. 1. 0.
-1. 0.000 0. -164.225 -0.000 -1. 0. 236.322 0. 0. 1. 0.
-1. -0.007 0. -168.069 0.007 -1. 0. 236.343 0. 0. 1. 0.
-1. -0.011 0. -171.893 0.011 -1. 0. 236.362 0. 0. 1. 0.
-1.000 -0.020 0. -175.744 0.020 -1.000 0. 236.322 0. 0. 1. 0.
