1636901260267179 1.00000 0.00000 0.00000 -0.00000 0.00000 -1.00000 0.00000 0.00000 0.00000 -0.00000 -1.00000 0.00000
1636901260516314 1.00000 0.00017 0.00000 -0.00814 0.00017 -1.00000 0.00000 0.00298 0.00000 -0.00000 -1.00000 0.00000
1636901260765567 1.00000 0.00039 -0.00000 -0.00939 0.00039 -1.00000 0.00000 -0.01216 0.00000 -0.00000 -1.00000 -0.00000
1636901261014777 1.00000 0.00005 -0.00000 -0.00090 0.00005 -1.00000 0.00000 -0.00977 0.00000 -0.00000 -1.00000 -0.00000
1636901261263828 1.00000 0.00024 0.00000 0.00177 0.00024 -1.00000 0.00000 -0.00780 0.00000 -0.00000 -1.00000 -0.00000
1636901261513036 1.00000 -0.00028 0.00000 -0.00434 -0.00028 -1.00000 0.00000 -0.01026 -0.00000 -0.00000 -1.00000 -0.00000
1636901261761924 1.00000 -0.00009 -0.00000 0.00018 -0.00009 -1.00000 0.00000 -0.00110 -0.00000 -0.00000 -1.00000 -0.00000
1636901262010888 1.00000 0.00008 0.00000 0.00219 0.00008 -1.00000 0.00000 -0.00088 0.00000 -0.00000 -1.00000 -0.00000
1636901262260001 1.00000 -0.00010 0.00000 0.00112 -0.00010 -1.00000 0.00000 -0.00354 -0.00000 -0.00000 -1.00000 -0.00000
1636901262509040 1.00000 0.00007 0.00000 -0.00481 0.00007 -1.00000 0.00000 -0.00441 0.00000 -0.00000 -1.00000 -0.00000
1636901262757914 1.00000 0.00039 -0.00000 -0.00847 0.00039 -1.00000 0.00000 -0.00208 0.00000 -0.00000 -1.00000 -0.00000
1636901263006934 1.00000 0.00071 0.00000 -0.00156 0.00071 -1.00000 0.00000 -0.00044 0.00000 -0.00000 -1.00000 -0.00000
1636901263256081 1.00000 0.00036 -0.00000 0.00463 0.00036 -1.00000 0.00000 -0.00673 0.00000 -0.00000 -1.00000 -0.00000
1636901263505249 1.00000 0.00029 0.00000 -0.01668 0.00029 -1.00000 0.00000 -0.00904 0.00000 -0.00000 -1.00000 -0.00000
1636901263754241 1.00000 -0.00026 0.00000 -0.06783 -0.00026 -1.00000 0.00000 -0.00925 -0.00000 -0.00000 -1.00000 -0.00000
1636901264003118 1.00000 -0.00091 0.00000 -0.07850 -0.00091 -1.00000 0.00000 -0.01237 -0.00000 -0.00000 -1.00000 -0.00000
1636901264252185 1.00000 -0.00182 0.00000 -0.12687 -0.00182 -1.00000 0.00000 -0.00034 -0.00000 -0.00000 -1.00000 -0.00000
1636901264501312 0.99999 -0.00337 0.00000 -0.17910 -0.00337 -0.99999 0.00000 0.01200 -0.00000 -0.00000 -1.00000 0.00000
1636901264750530 0.99998 -0.00677 0.00000 -0.26157 -0.00677 -0.99998 0.00000 0.01234 -0.00000 -0.00000 -1.00000 0.00000
1636901264999619 0.99994 -0.01129 0.00000 -0.29285 -0.01129 -0.99994 0.00000 -0.00669 -0.00000 -0.00000 -1.00000 -0.00000
1636901265248441 0.99989 -0.01504 0.00000 -0.34544 -0.01504 -0.99989 0.00000 -0.02093 -0.00000 -0.00000 -1.00000 -0.00000
1636901265497283 0.99982 -0.01910 0.00000 -0.49284 -0.01910 -0.99982 0.00000 0.01008 -0.00000 -0.00000 -1.00000 0.00000
1636901265746254 0.99968 -0.02542 0.00000 -0.56441 -0.02542 -0.99968 0.00000 0.02037 -0.00000 -0.00000 -1.00000 0.00000
1636901265995170 0.99947 -0.03260 0.00000 -0.67032 -0.03260 -0.99947 0.00000 0.03999 -0.00000 -0.00000 -1.00000 0.00000
1636901266244390 0.99904 -0.04375 0.00000 -0.75527 -0.04375 -0.99904 0.00000 0.02141 -0.00000 -0.00000 -1.00000 0.00000
1636901266493268 0.99852 -0.05435 0.00000 -0.87976 -0.05435 -0.99852 0.00000 0.01253 -0.00000 -0.00000 -1.00000 0.00000
1636901266742335 0.99778 -0.06661 -0.00000 -1.05168 -0.06661 -0.99778 0.00000 -0.00662 -0.00000 -0.00000 -1.00000 -0.00000
1636901266991398 0.99705 -0.07679 -0.00000 -1.20649 -0.07679 -0.99705 0.00000 0.02184 -0.00000 -0.00000 -1.00000 0.00000
1636901267240473 0.99617 -0.08741 0.00000 -1.40643 -0.08741 -0.99617 0.00000 -0.02833 -0.00000 -0.00000 -1.00000 -0.00000
1636901267489434 0.99499 -0.09997 0.00000 -1.60858 -0.09997 -0.99499 0.00000 -0.02264 -0.00000 -0.00000 -1.00000 -0.00000
1636901267738516 0.99333 -0.11534 0.00000 -1.84519 -0.11534 -0.99333 0.00000 -0.02425 -0.00000 -0.00000 -1.00000 -0.00000
1636901267987499 0.99119 -0.13247 -0.00000 -2.13329 -0.13247 -0.99119 0.00000 -0.01513 -0.00000 -0.00000 -1.00000 -0.00000
1636901268236605 0.98836 -0.15211 0.00000 -2.42427 -0.15211 -0.98836 0.00000 0.04070 -0.00000 -0.00000 -1.00000 0.00000
1636901268485320 0.98502 -0.17246 0.00000 -2.75135 -0.17246 -0.98502 0.00000 0.10186 -0.00000 -0.00000 -1.00000 0.00000
1636901268734185 0.98120 -0.19300 -0.00000 -3.12393 -0.19300 -0.98120 0.00000 0.15355 -0.00000 -0.00000 -1.00000 0.00000
1636901268983128 0.97720 -0.21233 0.00000 -3.58956 -0.21233 -0.97720 0.00000 0.17355 -0.00000 -0.00000 -1.00000 0.00000
1636901269232032 0.97427 -0.22538 0.00000 -4.02536 -0.22538 -0.97427 0.00000 0.18206 -0.00000 -0.00000 -1.00000 0.00000
1636901269480801 0.97185 -0.23561 0.00000 -4.63618 -0.23561 -0.97185 0.00000 0.21650 -0.00000 -0.00000 -1.00000 0.00000
1636901269729846 0.97018 -0.24238 0.00000 -5.19165 -0.24238 -0.97018 0.00000 0.27142 -0.00000 -0.00000 -1.00000 0.00000
1636901269978883 0.96905 -0.24686 0.00000 -5.83002 -0.24686 -0.96905 0.00000 0.24524 -0.00000 -0.00000 -1.00000 0.00000
1636901270228281 0.96935 -0.24568 0.00000 -6.56023 -0.24568 -0.96935 0.00000 0.24927 -0.00000 -0.00000 -1.00000 0.00000
1636901270477305 0.96963 -0.24456 0.00000 -7.27543 -0.24456 -0.96963 0.00000 0.18980 -0.00000 -0.00000 -1.00000 0.00000
1636901270726412 0.97023 -0.24217 0.00000 -8.04265 -0.24217 -0.97023 0.00000 0.17882 -0.00000 -0.00000 -1.00000 0.00000
1636901270975461 0.97160 -0.23663 0.00000 -8.89368 -0.23663 -0.97160 0.00000 0.09463 -0.00000 -0.00000 -1.00000 0.00000
1636901271224569 0.97409 -0.22616 0.00000 -9.77509 -0.22616 -0.97409 0.00000 -0.02452 -0.00000 -0.00000 -1.00000 -0.00000
1636901271473705 0.97685 -0.21393 0.00000 -10.66760 -0.21393 -0.97685 0.00000 -0.15620 -0.00000 -0.00000 -1.00000 -0.00000
1636901271722584 0.98063 -0.19586 -0.00000 -11.56419 -0.19586 -0.98063 0.00000 -0.33659 -0.00000 -0.00000 -1.00000 -0.00000
1636901271971425 0.98384 -0.17906 0.00000 -12.51681 -0.17906 -0.98384 0.00000 -0.58556 -0.00000 -0.00000 -1.00000 -0.00000
1636901272220726 0.98656 -0.16343 0.00000 -13.42909 -0.16343 -0.98656 0.00000 -0.80365 -0.00000 -0.00000 -1.00000 -0.00000
1636901272469712 0.98871 -0.14986 0.00000 -14.48147 -0.14986 -0.98871 0.00000 -0.99565 -0.00000 -0.00000 -1.00000 -0.00000
1636901272718673 0.99007 -0.14058 0.00000 -15.49989 -0.14058 -0.99007 0.00000 -1.18561 -0.00000 -0.00000 -1.00000 -0.00000
1636901272967473 0.99127 -0.13181 -0.00000 -16.64175 -0.13181 -0.99127 0.00000 -1.27795 -0.00000 -0.00000 -1.00000 -0.00000
1636901273216332 0.99255 -0.12185 0.00000 -17.79673 -0.12185 -0.99255 0.00000 -1.43398 -0.00000 -0.00000 -1.00000 -0.00000
1636901273465449 0.99294 -0.11866 0.00000 -19.03002 -0.11866 -0.99294 0.00000 -1.53745 -0.00000 -0.00000 -1.00000 -0.00000
1636901273714803 0.99316 -0.11680 0.00000 -20.34422 -0.11680 -0.99316 0.00000 -1.60835 -0.00000 -0.00000 -1.00000 -0.00000
1636901273963867 0.99378 -0.11134 -0.00000 -21.64615 -0.11134 -0.99378 0.00000 -1.70209 -0.00000 -0.00000 -1.00000 -0.00000
1636901274212822 0.99382 -0.11098 -0.00000 -23.11414 -0.11098 -0.99382 0.00000 -1.70675 -0.00000 -0.00000 -1.00000 -0.00000
1636901274462105 0.99338 -0.11485 -0.00000 -24.61097 -0.11485 -0.99338 0.00000 -1.71931 -0.00000 -0.00000 -1.00000 -0.00000
1636901274710987 0.99385 -0.11069 0.00000 -26.10790 -0.11069 -0.99385 0.00000 -1.81725 -0.00000 -0.00000 -1.00000 -0.00000
1636901274960210 0.99430 -0.10660 0.00000 -27.74840 -0.10660 -0.99430 0.00000 -2.02057 -0.00000 -0.00000 -1.00000 -0.00000
1636901275209728 0.99572 -0.09241 -0.00000 -29.40627 -0.09241 -0.99572 0.00000 -2.50056 -0.00000 -0.00000 -1.00000 -0.00000
1636901275458740 0.99666 -0.08162 0.00000 -31.02177 -0.08162 -0.99666 0.00000 -2.81483 -0.00000 -0.00000 -1.00000 -0.00000
1636901275707665 0.99717 -0.07520 -0.00000 -32.51657 -0.07520 -0.99717 0.00000 -3.01294 -0.00000 -0.00000 -1.00000 -0.00000
1636901275956681 0.99760 -0.06923 0.00000 -34.04754 -0.06923 -0.99760 0.00000 -3.22667 -0.00000 -0.00000 -1.00000 -0.00000
1636901276205882 0.99769 -0.06799 0.00000 -35.64228 -0.06799 -0.99769 0.00000 -3.29549 -0.00000 -0.00000 -1.00000 -0.00000
1636901276455091 0.99800 -0.06318 0.00000 -37.27439 -0.06318 -0.99800 0.00000 -3.54161 -0.00000 -0.00000 -1.00000 -0.00000
1636901276704308 0.99820 -0.05998 0.00000 -38.88622 -0.05998 -0.99820 0.00000 -3.74681 -0.00000 -0.00000 -1.00000 -0.00000
1636901276953685 0.99825 -0.05913 -0.00000 -40.49162 -0.05913 -0.99825 0.00000 -3.72996 -0.00000 -0.00000 -1.00000 -0.00000
1636901277203169 0.99850 -0.05474 0.00000 -42.16361 -0.05474 -0.99850 0.00000 -3.99245 -0.00000 -0.00000 -1.00000 -0.00000
1636901277452570 0.99888 -0.04725 -0.00000 -43.80498 -0.04725 -0.99888 0.00000 -4.33563 -0.00000 -0.00000 -1.00000 -0.00000
1636901277701827 0.99922 -0.03943 0.00000 -45.43818 -0.03943 -0.99922 0.00000 -4.65767 -0.00000 -0.00000 -1.00000 -0.00000
1636901277951263 0.99920 -0.03998 -0.00000 -47.19527 -0.03998 -0.99920 0.00000 -4.65526 -0.00000 -0.00000 -1.00000 -0.00000
1636901278200340 0.99923 -0.03919 0.00000 -48.87845 -0.03919 -0.99923 0.00000 -4.81853 -0.00000 -0.00000 -1.00000 -0.00000
1636901278449598 0.99920 -0.03996 0.00000 -50.67617 -0.03996 -0.99920 0.00000 -4.76966 -0.00000 -0.00000 -1.00000 -0.00000
1636901278698817 0.99930 -0.03743 0.00000 -52.49197 -0.03743 -0.99930 0.00000 -4.92168 -0.00000 -0.00000 -1.00000 -0.00000
1636901278948010 0.99921 -0.03973 -0.00000 -54.33642 -0.03973 -0.99921 0.00000 -4.87188 -0.00000 -0.00000 -1.00000 -0.00000
1636901279197154 0.99927 -0.03828 0.00000 -56.18968 -0.03828 -0.99927 0.00000 -4.97189 -0.00000 -0.00000 -1.00000 -0.00000
1636901279446527 0.99918 -0.04056 -0.00000 -58.08755 -0.04056 -0.99918 0.00000 -4.93480 -0.00000 -0.00000 -1.00000 -0.00000
1636901279695763 0.99941 -0.03448 0.00000 -59.94308 -0.03448 -0.99941 0.00000 -5.29572 -0.00000 -0.00000 -1.00000 -0.00000
1636901279945046 0.99962 -0.02757 0.00000 -61.90392 -0.02757 -0.99962 0.00000 -5.78990 -0.00000 -0.00000 -1.00000 -0.00000
1636901280194156 0.99975 -0.02245 0.00000 -63.81198 -0.02245 -0.99975 0.00000 -6.21278 -0.00000 -0.00000 -1.00000 -0.00000
1636901280443433 0.99986 -0.01669 -0.00000 -65.65929 -0.01669 -0.99986 0.00000 -6.65299 -0.00000 -0.00000 -1.00000 -0.00000
1636901280692349 0.99994 -0.01102 0.00000 -67.56124 -0.01102 -0.99994 0.00000 -6.96318 -0.00000 -0.00000 -1.00000 -0.00000
1636901280941852 0.99995 -0.00984 0.00000 -69.48012 -0.00984 -0.99995 0.00000 -7.08751 -0.00000 -0.00000 -1.00000 -0.00000
1636901281190680 0.99999 -0.00339 0.00000 -71.37448 -0.00339 -0.99999 0.00000 -7.58188 -0.00000 -0.00000 -1.00000 -0.00000
1636901281439851 1.00000 -0.00021 0.00000 -73.20543 -0.00021 -1.00000 0.00000 -7.86548 -0.00000 -0.00000 -1.00000 -0.00000
1636901281688879 1.00000 0.00264 0.00000 -75.09262 0.00264 -1.00000 0.00000 -8.07696 0.00000 -0.00000 -1.00000 -0.00000
1636901281937913 0.99996 0.00860 0.00000 -76.95887 0.00860 -0.99996 0.00000 -8.56112 0.00000 -0.00000 -1.00000 -0.00000
1636901282187313 0.99999 0.00454 0.00000 -78.93157 0.00454 -0.99999 0.00000 -8.25073 0.00000 -0.00000 -1.00000 -0.00000
1636901282436680 1.00000 -0.00186 0.00000 -80.90240 -0.00186 -1.00000 0.00000 -7.80023 -0.00000 -0.00000 -1.00000 -0.00000
1636901282685746 0.99985 -0.01711 0.00000 -82.95136 -0.01711 -0.99985 0.00000 -6.57649 -0.00000 -0.00000 -1.00000 -0.00000
1636901282934720 0.99890 -0.04692 0.00000 -85.01735 -0.04692 -0.99890 0.00000 -4.11701 -0.00000 -0.00000 -1.00000 -0.00000
1636901283184269 0.99684 -0.07938 0.00000 -87.00748 -0.07938 -0.99684 0.00000 -1.37282 -0.00000 -0.00000 -1.00000 -0.00000
1636901283433682 0.99380 -0.11122 0.00000 -88.93509 -0.11122 -0.99380 0.00000 1.39112 -0.00000 -0.00000 -1.00000 0.00000
1636901283682596 0.98955 -0.14420 0.00000 -90.75035 -0.14420 -0.98955 0.00000 4.29098 -0.00000 -0.00000 -1.00000 0.00000
1636901283932092 0.98214 -0.18815 0.00000 -92.40345 -0.18815 -0.98214 0.00000 8.30976 -0.00000 -0.00000 -1.00000 0.00000
1636901284181608 0.97284 -0.23149 0.00000 -93.80506 -0.23149 -0.97284 0.00000 12.39670 -0.00000 -0.00000 -1.00000 0.00000
1636901284430521 0.96025 -0.27913 0.00000 -94.97772 -0.27913 -0.96025 0.00000 17.02186 -0.00000 -0.00000 -1.00000 0.00000
1636901284679740 0.94534 -0.32607 0.00000 -95.79630 -0.32607 -0.94534 0.00000 21.62006 -0.00000 -0.00000 -1.00000 0.00000
1636901284929013 0.92884 -0.37049 0.00000 -96.56877 -0.37049 -0.92884 0.00000 26.09129 -0.00000 -0.00000 -1.00000 0.00000
1636901285177874 0.90809 -0.41877 0.00000 -96.94313 -0.41877 -0.90809 0.00000 31.16174 -0.00000 -0.00000 -1.00000 0.00000
1636901285427159 0.88629 -0.46313 0.00000 -97.13970 -0.46313 -0.88629 0.00000 35.93318 -0.00000 -0.00000 -1.00000 0.00000
1636901285675919 0.86031 -0.50977 0.00000 -96.86810 -0.50977 -0.86031 0.00000 41.00580 -0.00000 -0.00000 -1.00000 0.00000
1636901285925335 0.83175 -0.55516 0.00000 -96.43806 -0.55516 -0.83175 0.00000 46.14355 -0.00000 -0.00000 -1.00000 0.00000
1636901286174815 0.79748 -0.60334 -0.00000 -95.42611 -0.60334 -0.79748 0.00000 51.80749 -0.00000 -0.00000 -1.00000 0.00000
1636901286424040 0.75587 -0.65472 0.00000 -93.61345 -0.65472 -0.75587 0.00000 58.02672 -0.00000 -0.00000 -1.00000 0.00000
1636901286673260 0.70574 -0.70847 0.00000 -90.83050 -0.70847 -0.70574 0.00000 64.70905 -0.00000 -0.00000 -1.00000 0.00000
1636901286922396 0.65304 -0.75732 0.00000 -87.74278 -0.75732 -0.65304 0.00000 70.99585 -0.00000 -0.00000 -1.00000 0.00000
1636901287171577 0.59713 -0.80214 0.00000 -84.16707 -0.80214 -0.59713 0.00000 77.06789 -0.00000 -0.00000 -1.00000 0.00000
1636901287420497 0.54136 -0.84079 0.00000 -80.49320 -0.84079 -0.54136 0.00000 82.63562 -0.00000 -0.00000 -1.00000 0.00000
1636901287669574 0.48375 -0.87520 0.00000 -76.49477 -0.87520 -0.48375 0.00000 87.77186 -0.00000 -0.00000 -1.00000 0.00000
1636901287918672 0.44204 -0.89699 0.00000 -74.02143 -0.89699 -0.44204 0.00000 91.19148 -0.00000 -0.00000 -1.00000 0.00000
1636901288167712 0.40899 -0.91254 0.00000 -72.36911 -0.91254 -0.40899 0.00000 93.78953 -0.00000 -0.00000 -1.00000 0.00000
1636901288416817 0.38591 -0.92254 0.00000 -71.66710 -0.92254 -0.38591 0.00000 95.62072 -0.00000 -0.00000 -1.00000 0.00000
1636901288665636 0.36260 -0.93194 0.00000 -70.93332 -0.93194 -0.36260 0.00000 97.27757 -0.00000 -0.00000 -1.00000 0.00000
1636901288914724 0.34649 -0.93805 0.00000 -70.94923 -0.93805 -0.34649 0.00000 98.58918 -0.00000 -0.00000 -1.00000 0.00000
1636901289163719 0.33157 -0.94343 0.00000 -71.02856 -0.94343 -0.33157 0.00000 99.63009 -0.00000 -0.00000 -1.00000 0.00000
1636901289412839 0.32452 -0.94588 0.00000 -71.99882 -0.94588 -0.32452 0.00000 100.14540 -0.00000 -0.00000 -1.00000 0.00000
1636901289661509 0.32424 -0.94597 0.00000 -73.63736 -0.94597 -0.32424 0.00000 100.10968 -0.00000 -0.00000 -1.00000 0.00000
1636901289910763 0.32607 -0.94534 -0.00000 -75.50291 -0.94534 -0.32607 0.00000 99.95057 -0.00000 -0.00000 -1.00000 0.00000
1636901290159869 0.33295 -0.94295 0.00000 -77.88762 -0.94295 -0.33295 0.00000 99.31648 -0.00000 -0.00000 -1.00000 0.00000
1636901290409041 0.34106 -0.94004 0.00000 -80.48047 -0.94004 -0.34106 0.00000 98.59163 -0.00000 -0.00000 -1.00000 0.00000
1636901290658108 0.35110 -0.93634 0.00000 -83.19054 -0.93634 -0.35110 0.00000 97.63841 -0.00000 -0.00000 -1.00000 0.00000
1636901290907392 0.36338 -0.93164 0.00000 -86.11889 -0.93164 -0.36338 0.00000 96.52902 -0.00000 -0.00000 -1.00000 0.00000
1636901291156831 0.37621 -0.92654 0.00000 -89.09981 -0.92654 -0.37621 0.00000 95.35422 -0.00000 -0.00000 -1.00000 0.00000
1636901291405805 0.38999 -0.92082 -0.00000 -92.10538 -0.92082 -0.38999 0.00000 94.02838 -0.00000 -0.00000 -1.00000 0.00000
1636901291655023 0.40193 -0.91567 0.00000 -94.82768 -0.91567 -0.40193 0.00000 92.74290 -0.00000 -0.00000 -1.00000 0.00000
1636901291904499 0.41806 -0.90842 -0.00000 -97.79453 -0.90842 -0.41806 0.00000 91.03697 -0.00000 -0.00000 -1.00000 0.00000
1636901292153506 0.43030 -0.90269 0.00000 -100.20184 -0.90269 -0.43030 0.00000 89.74901 -0.00000 -0.00000 -1.00000 0.00000
1636901292402719 0.44235 -0.89684 0.00000 -102.45789 -0.89684 -0.44235 0.00000 88.34527 -0.00000 -0.00000 -1.00000 0.00000
1636901292652120 0.45108 -0.89248 0.00000 -104.20449 -0.89248 -0.45108 0.00000 87.29403 -0.00000 -0.00000 -1.00000 0.00000
1636901292901460 0.46011 -0.88786 0.00000 -105.82215 -0.88786 -0.46011 0.00000 86.22205 -0.00000 -0.00000 -1.00000 0.00000
1636901293151052 0.46712 -0.88420 0.00000 -107.11416 -0.88420 -0.46712 0.00000 85.39766 -0.00000 -0.00000 -1.00000 0.00000
1636901293400671 0.47218 -0.88150 -0.00000 -108.05888 -0.88150 -0.47218 0.00000 84.74191 -0.00000 -0.00000 -1.00000 0.00000
1636901293649559 0.47724 -0.87877 0.00000 -108.96916 -0.87877 -0.47724 0.00000 84.18452 -0.00000 -0.00000 -1.00000 0.00000
1636901293898349 0.48143 -0.87648 0.00000 -109.84795 -0.87648 -0.48143 0.00000 83.71881 -0.00000 -0.00000 -1.00000 0.00000
1636901294147519 0.48407 -0.87503 0.00000 -110.57460 -0.87503 -0.48407 0.00000 83.29073 -0.00000 -0.00000 -1.00000 0.00000
1636901294396548 0.48827 -0.87269 0.00000 -111.42742 -0.87269 -0.48827 0.00000 82.74731 -0.00000 -0.00000 -1.00000 0.00000
1636901294645571 0.49044 -0.87148 0.00000 -112.11557 -0.87148 -0.49044 0.00000 82.46759 -0.00000 -0.00000 -1.00000 0.00000
1636901294894849 0.49355 -0.86972 0.00000 -113.03379 -0.86972 -0.49355 0.00000 82.04334 -0.00000 -0.00000 -1.00000 0.00000
1636901295143814 0.49442 -0.86923 0.00000 -113.82343 -0.86923 -0.49442 0.00000 82.03161 -0.00000 -0.00000 -1.00000 0.00000
1636901295392800 0.49588 -0.86839 0.00000 -114.74064 -0.86839 -0.49588 0.00000 81.75055 -0.00000 -0.00000 -1.00000 0.00000
1636901295641577 0.49753 -0.86745 -0.00000 -115.80144 -0.86745 -0.49753 0.00000 81.48553 -0.00000 -0.00000 -1.00000 0.00000
1636901295890748 0.49919 -0.86649 -0.00000 -116.96216 -0.86649 -0.49919 0.00000 81.21948 -0.00000 -0.00000 -1.00000 0.00000
1636901296139826 0.50172 -0.86503 -0.00000 -118.24216 -0.86503 -0.50172 0.00000 80.85274 -0.00000 -0.00000 -1.00000 0.00000
1636901296388577 0.50389 -0.86377 0.00000 -119.54298 -0.86377 -0.50389 0.00000 80.54626 -0.00000 -0.00000 -1.00000 0.00000
1636901296637355 0.50698 -0.86196 0.00000 -121.10739 -0.86196 -0.50698 0.00000 80.08804 -0.00000 -0.00000 -1.00000 0.00000
1636901296886725 0.51124 -0.85944 0.00000 -122.79504 -0.85944 -0.51124 0.00000 79.47036 -0.00000 -0.00000 -1.00000 0.00000
1636901297135605 0.51941 -0.85452 -0.00000 -124.85882 -0.85452 -0.51941 0.00000 78.24305 -0.00000 -0.00000 -1.00000 0.00000
1636901297384476 0.53153 -0.84704 -0.00000 -127.29989 -0.84704 -0.53153 0.00000 76.40101 -0.00000 -0.00000 -1.00000 0.00000
1636901297633517 0.54703 -0.83711 0.00000 -130.07089 -0.83711 -0.54703 0.00000 74.02806 -0.00000 -0.00000 -1.00000 0.00000
1636901297882249 0.56474 -0.82527 0.00000 -132.95806 -0.82527 -0.56474 0.00000 71.26184 -0.00000 -0.00000 -1.00000 0.00000
1636901298131670 0.59130 -0.80645 0.00000 -136.59554 -0.80645 -0.59130 0.00000 66.89861 -0.00000 -0.00000 -1.00000 0.00000
1636901298380340 0.62531 -0.78037 0.00000 -140.71597 -0.78037 -0.62531 0.00000 60.92106 -0.00000 -0.00000 -1.00000 0.00000
1636901298629177 0.66214 -0.74938 0.00000 -144.82682 -0.74938 -0.66214 0.00000 54.00773 -0.00000 -0.00000 -1.00000 0.00000
1636901298878125 0.69694 -0.71713 0.00000 -148.62238 -0.71713 -0.69694 0.00000 47.09432 -0.00000 -0.00000 -1.00000 0.00000
1636901299127175 0.73985 -0.67277 0.00000 -152.48671 -0.67277 -0.73985 0.00000 37.87119 -0.00000 -0.00000 -1.00000 0.00000
1636901299376038 0.79382 -0.60816 -0.00000 -156.40031 -0.60816 -0.79382 0.00000 24.83568 -0.00000 -0.00000 -1.00000 0.00000
1636901299625057 0.84794 -0.53009 0.00000 -159.36925 -0.53009 -0.84794 0.00000 9.85069 -0.00000 -0.00000 -1.00000 0.00000
1636901299873907 0.89810 -0.43980 0.00000 -160.61118 -0.43980 -0.89810 0.00000 -6.62465 -0.00000 -0.00000 -1.00000 -0.00000
1636901300123070 0.94432 -0.32902 0.00000 -159.79881 -0.32902 -0.94432 0.00000 -25.89604 -0.00000 -0.00000 -1.00000 -0.00000
1636901300372322 0.97941 -0.20188 0.00000 -156.08021 -0.20188 -0.97941 0.00000 -46.66453 -0.00000 -0.00000 -1.00000 -0.00000
1636901300621404 0.99808 -0.06198 0.00000 -148.88584 -0.06198 -0.99808 0.00000 -68.15250 -0.00000 -0.00000 -1.00000 -0.00000
1636901300870428 0.99635 0.08540 0.00000 -138.34378 0.08540 -0.99635 0.00000 -89.27855 0.00000 -0.00000 -1.00000 -0.00000
1636901301119704 0.97053 0.24098 0.00000 -123.56860 0.24098 -0.97053 0.00000 -109.95572 0.00000 -0.00000 -1.00000 -0.00000
1636901301368895 0.91802 0.39653 0.00000 -104.91514 0.39653 -0.91802 0.00000 -128.66716 0.00000 -0.00000 -1.00000 -0.00000
1636901301617602 0.83783 0.54593 0.00000 -82.60697 0.54593 -0.83783 0.00000 -144.48958 0.00000 -0.00000 -1.00000 -0.00000
1636901301866647 0.72972 0.68375 -0.00000 -57.02474 0.68375 -0.72972 0.00000 -156.74241 0.00000 -0.00000 -1.00000 -0.00000
1636901302115739 0.59781 0.80164 -0.00000 -29.49742 0.80164 -0.59781 0.00000 -164.27261 0.00000 -0.00000 -1.00000 -0.00000
1636901302364887 0.44509 0.89548 -0.00000 -0.59804 0.89548 -0.44509 0.00000 -166.83649 0.00000 -0.00000 -1.00000 -0.00000
1636901302613934 0.28198 0.95942 0.00000 27.63745 0.95942 -0.28198 0.00000 -164.42737 0.00000 -0.00000 -1.00000 -0.00000
1636901302863173 0.10640 0.99432 0.00000 55.62075 0.99432 -0.10640 0.00000 -156.86052 0.00000 -0.00000 -1.00000 -0.00000
1636901303112147 -0.07160 0.99743 0.00000 81.60014 0.99743 0.07160 0.00000 -144.50961 0.00000 0.00000 -1.00000 -0.00000
1636901303361249 -0.24887 0.96854 0.00000 105.20032 0.96854 0.24887 0.00000 -127.51973 0.00000 0.00000 -1.00000 -0.00000
1636901303610364 -0.41134 0.91148 0.00000 124.56811 0.91148 0.41134 0.00000 -107.56959 0.00000 0.00000 -1.00000 -0.00000
1636901303859426 -0.55088 0.83458 0.00000 139.02544 0.83458 0.55088 0.00000 -86.47302 0.00000 0.00000 -1.00000 -0.00000
1636901304108608 -0.67037 0.74202 0.00000 149.49033 0.74202 0.67037 0.00000 -64.45405 0.00000 0.00000 -1.00000 -0.00000
1636901304357722 -0.76530 0.64367 0.00000 155.89252 0.64367 0.76530 0.00000 -43.56223 0.00000 0.00000 -1.00000 -0.00000
1636901304607397 -0.83796 0.54573 0.00000 158.93373 0.54573 0.83796 0.00000 -24.18051 0.00000 0.00000 -1.00000 -0.00000
1636901304856497 -0.88793 0.45999 0.00000 159.47493 0.45999 0.88793 0.00000 -8.31292 0.00000 0.00000 -1.00000 -0.00000
1636901305105442 -0.92069 0.39029 0.00000 158.60480 0.39029 0.92069 0.00000 3.91621 0.00000 0.00000 -1.00000 0.00000
1636901305354702 -0.93937 0.34290 0.00000 157.09515 0.34290 0.93937 0.00000 12.08014 0.00000 0.00000 -1.00000 0.00000
1636901305603528 -0.94974 0.31304 0.00000 155.50717 0.31304 0.94974 0.00000 17.01959 0.00000 0.00000 -1.00000 0.00000
1636901305852204 -0.95663 0.29131 0.00000 153.95603 0.29131 0.95663 0.00000 20.53272 0.00000 0.00000 -1.00000 0.00000
1636901306101445 -0.95722 0.28935 0.00000 152.66829 0.28935 0.95722 0.00000 20.89058 0.00000 0.00000 -1.00000 0.00000
1636901306350692 -0.95039 0.31106 0.00000 151.87593 0.31106 0.95039 0.00000 17.38409 0.00000 0.00000 -1.00000 0.00000
1636901306599920 -0.93448 0.35602 -0.00000 151.30818 0.35602 0.93448 0.00000 10.10609 0.00000 0.00000 -1.00000 0.00000
1636901306848733 -0.91467 0.40421 -0.00000 150.33942 0.40421 0.91467 0.00000 2.26669 0.00000 0.00000 -1.00000 0.00000
1636901307097965 -0.88706 0.46166 0.00000 148.91302 0.46166 0.88706 0.00000 -7.35221 0.00000 0.00000 -1.00000 -0.00000
1636901307346982 -0.85642 0.51628 0.00000 146.79377 0.51628 0.85642 0.00000 -16.66574 0.00000 0.00000 -1.00000 -0.00000
1636901307596025 -0.82220 0.56921 -0.00000 143.98511 0.56921 0.82220 0.00000 -25.90249 0.00000 0.00000 -1.00000 -0.00000
1636901307845180 -0.78413 0.62059 0.00000 140.48349 0.62059 0.78413 0.00000 -35.06641 0.00000 0.00000 -1.00000 -0.00000
1636901308093965 -0.74307 0.66921 0.00000 136.43825 0.66921 0.74307 0.00000 -43.97430 0.00000 0.00000 -1.00000 -0.00000
1636901308343203 -0.70157 0.71260 0.00000 131.93658 0.71260 0.70157 0.00000 -52.12918 0.00000 0.00000 -1.00000 -0.00000
1636901308591871 -0.66176 0.74972 -0.00000 127.28911 0.74972 0.66176 0.00000 -59.28289 0.00000 0.00000 -1.00000 -0.00000
1636901308841360 -0.62328 0.78200 0.00000 122.50380 0.78200 0.62328 0.00000 -65.65576 0.00000 0.00000 -1.00000 -0.00000
1636901309090329 -0.59096 0.80670 0.00000 118.03424 0.80670 0.59096 0.00000 -70.59181 0.00000 0.00000 -1.00000 -0.00000
1636901309339257 -0.56527 0.82491 0.00000 114.07816 0.82491 0.56527 0.00000 -74.27525 0.00000 0.00000 -1.00000 -0.00000
1636901309588424 -0.54100 0.84102 0.00000 110.14893 0.84102 0.54100 0.00000 -77.55437 0.00000 0.00000 -1.00000 -0.00000
1636901309837266 -0.51538 0.85696 0.00000 106.01724 0.85696 0.51538 0.00000 -80.88931 0.00000 0.00000 -1.00000 -0.00000
1636901310086534 -0.48930 0.87211 0.00000 101.83753 0.87211 0.48930 0.00000 -84.03792 0.00000 0.00000 -1.00000 -0.00000
1636901310335663 -0.46531 0.88515 0.00000 97.85047 0.88515 0.46531 0.00000 -86.84484 0.00000 0.00000 -1.00000 -0.00000
1636901310584418 -0.44571 0.89518 0.00000 94.27744 0.89518 0.44571 0.00000 -88.98885 0.00000 0.00000 -1.00000 -0.00000
1636901310833206 -0.42809 0.90374 0.00000 90.78880 0.90374 0.42809 0.00000 -90.90996 0.00000 0.00000 -1.00000 -0.00000
1636901311082524 -0.40536 0.91416 0.00000 86.85076 0.91416 0.40536 0.00000 -93.08446 0.00000 0.00000 -1.00000 -0.00000
1636901311331624 -0.38062 0.92473 0.00000 82.63568 0.92473 0.38062 0.00000 -95.39526 0.00000 0.00000 -1.00000 -0.00000
1636901311580562 -0.35499 0.93487 0.00000 78.23537 0.93487 0.35499 0.00000 -97.71994 0.00000 0.00000 -1.00000 -0.00000
1636901311829627 -0.33409 0.94254 0.00000 74.29692 0.94254 0.33409 0.00000 -99.37521 0.00000 0.00000 -1.00000 -0.00000
1636901312078493 -0.31841 0.94795 -0.00000 70.87582 0.94795 0.31841 0.00000 -100.63186 0.00000 0.00000 -1.00000 -0.00000
1636901312327234 -0.30952 0.95089 0.00000 68.17384 0.95089 0.30952 0.00000 -101.31096 0.00000 0.00000 -1.00000 -0.00000
1636901312576164 -0.31246 0.94993 0.00000 66.71348 0.94993 0.31246 0.00000 -101.10226 0.00000 0.00000 -1.00000 -0.00000
1636901312825156 -0.32372 0.94615 -0.00000 66.13545 0.94615 0.32372 0.00000 -100.35461 0.00000 0.00000 -1.00000 -0.00000
1636901313074156 -0.34594 0.93826 0.00000 66.70173 0.93826 0.34594 0.00000 -98.75374 0.00000 0.00000 -1.00000 -0.00000
1636901313323055 -0.38267 0.92388 0.00000 68.77347 0.92388 0.38267 0.00000 -96.17880 0.00000 0.00000 -1.00000 -0.00000
1636901313572103 -0.42519 0.90511 0.00000 71.34142 0.90511 0.42519 0.00000 -92.93727 0.00000 0.00000 -1.00000 -0.00000
1636901313821193 -0.47237 0.88140 -0.00000 74.37563 0.88140 0.47237 0.00000 -89.15392 0.00000 0.00000 -1.00000 -0.00000
1636901314070342 -0.51835 0.85517 0.00000 77.13755 0.85517 0.51835 0.00000 -85.07518 0.00000 0.00000 -1.00000 -0.00000
1636901314319402 -0.56990 0.82171 0.00000 80.42765 0.82171 0.56990 0.00000 -80.26769 0.00000 0.00000 -1.00000 -0.00000
1636901314568134 -0.62294 0.78227 0.00000 83.73284 0.78227 0.62294 0.00000 -74.83794 0.00000 0.00000 -1.00000 -0.00000
1636901314817416 -0.67259 0.74001 -0.00000 86.55275 0.74001 0.67259 0.00000 -69.24405 0.00000 0.00000 -1.00000 -0.00000
1636901315066343 -0.71967 0.69432 0.00000 89.09708 0.69432 0.71967 0.00000 -63.52189 0.00000 0.00000 -1.00000 -0.00000
1636901315315351 -0.76263 0.64684 -0.00000 91.15781 0.64684 0.76263 0.00000 -57.75147 0.00000 0.00000 -1.00000 -0.00000
1636901315564462 -0.80123 0.59836 0.00000 92.71022 0.59836 0.80123 0.00000 -51.97287 0.00000 0.00000 -1.00000 -0.00000
1636901315813676 -0.83786 0.54589 0.00000 93.98851 0.54589 0.83786 0.00000 -46.00054 0.00000 0.00000 -1.00000 -0.00000
1636901316062583 -0.86992 0.49319 -0.00000 94.83492 0.49319 0.86992 0.00000 -40.21164 0.00000 0.00000 -1.00000 -0.00000
1636901316311748 -0.89741 0.44120 0.00000 95.12734 0.44120 0.89741 0.00000 -34.52923 0.00000 0.00000 -1.00000 -0.00000
1636901316560723 -0.92248 0.38605 -0.00000 95.21028 0.38605 0.92248 0.00000 -28.77766 0.00000 0.00000 -1.00000 -0.00000
1636901316809520 -0.94328 0.33199 0.00000 94.78549 0.33199 0.94328 0.00000 -23.27200 0.00000 0.00000 -1.00000 -0.00000
1636901317058758 -0.96044 0.27849 0.00000 94.08597 0.27849 0.96044 0.00000 -17.90646 0.00000 0.00000 -1.00000 -0.00000
1636901317307787 -0.97439 0.22487 -0.00000 92.98846 0.22487 0.97439 0.00000 -12.67970 0.00000 0.00000 -1.00000 -0.00000
1636901317556793 -0.98509 0.17202 0.00000 91.63396 0.17202 0.98509 0.00000 -7.80163 0.00000 0.00000 -1.00000 -0.00000
1636901317806307 -0.99195 0.12666 0.00000 89.85388 0.12666 0.99195 0.00000 -3.55747 0.00000 0.00000 -1.00000 -0.00000
1636901318055489 -0.99577 0.09183 -0.00000 87.93401 0.09183 0.99577 0.00000 -0.42891 0.00000 0.00000 -1.00000 -0.00000
1636901318304634 -0.99785 0.06555 0.00000 85.92654 0.06555 0.99785 0.00000 1.88049 0.00000 0.00000 -1.00000 0.00000
1636901318553522 -0.99887 0.04749 -0.00000 83.88312 0.04749 0.99887 0.00000 3.41857 0.00000 0.00000 -1.00000 0.00000
1636901318802866 -0.99945 0.03329 0.00000 81.81129 0.03329 0.99945 0.00000 4.56771 0.00000 0.00000 -1.00000 0.00000
1636901319052078 -0.99969 0.02472 0.00000 79.77194 0.02472 0.99969 0.00000 5.19703 0.00000 0.00000 -1.00000 0.00000
1636901319301048 -0.99985 0.01715 0.00000 77.65022 0.01715 0.99985 0.00000 5.76247 0.00000 0.00000 -1.00000 0.00000
1636901319549987 -0.99990 0.01414 -0.00000 75.56963 0.01414 0.99990 0.00000 5.94810 0.00000 0.00000 -1.00000 0.00000
1636901319799211 -0.99997 0.00726 0.00000 73.45251 0.00726 0.99997 0.00000 6.43336 0.00000 0.00000 -1.00000 0.00000
1636901320048084 -1.00000 0.00117 0.00000 71.34999 0.00117 1.00000 0.00000 6.88500 0.00000 0.00000 -1.00000 0.00000
1636901320297342 -1.00000 -0.00055 0.00000 69.22833 -0.00055 1.00000 0.00000 6.92883 -0.00000 0.00000 -1.00000 0.00000
1636901320546386 -0.99999 -0.00494 0.00000 67.04533 -0.00494 0.99999 0.00000 7.24407 -0.00000 0.00000 -1.00000 0.00000
1636901320795336 -0.99995 -0.01005 0.00000 64.94128 -0.01005 0.99995 0.00000 7.50542 -0.00000 0.00000 -1.00000 0.00000
1636901321044083 -0.99980 -0.01989 0.00000 62.72381 -0.01989 0.99980 0.00000 8.09450 -0.00000 0.00000 -1.00000 0.00000
1636901321293229 -0.99951 -0.03142 -0.00000 60.53221 -0.03142 0.99951 0.00000 8.70636 -0.00000 0.00000 -1.00000 0.00000
1636901321542687 -0.99947 -0.03266 0.00000 58.40300 -0.03266 0.99947 0.00000 8.69771 -0.00000 0.00000 -1.00000 0.00000
1636901321791968 -0.99961 -0.02786 0.00000 56.39821 -0.02786 0.99961 0.00000 8.47576 -0.00000 0.00000 -1.00000 0.00000
1636901322041045 -0.99979 -0.02059 0.00000 54.39763 -0.02059 0.99979 0.00000 7.96026 -0.00000 0.00000 -1.00000 0.00000
1636901322290601 -0.99988 -0.01523 0.00000 52.38761 -0.01523 0.99988 0.00000 7.67551 -0.00000 0.00000 -1.00000 0.00000
1636901322539911 -0.99999 -0.00486 0.00000 50.44035 -0.00486 0.99999 0.00000 7.07509 -0.00000 0.00000 -1.00000 0.00000
1636901322789171 -1.00000 0.00197 0.00000 48.45973 0.00197 1.00000 0.00000 6.72394 0.00000 0.00000 -1.00000 0.00000
1636901323038557 -0.99997 0.00812 0.00000 46.50285 0.00812 0.99997 0.00000 6.41692 0.00000 0.00000 -1.00000 0.00000
1636901323287800 -0.99984 0.01786 0.00000 44.58652 0.01786 0.99984 0.00000 5.97325 0.00000 0.00000 -1.00000 0.00000
1636901323536879 -0.99955 0.03014 0.00000 42.65872 0.03014 0.99955 0.00000 5.44065 0.00000 0.00000 -1.00000 0.00000
1636901323785401 -0.99896 0.04550 0.00000 40.70357 0.04550 0.99896 0.00000 4.68517 0.00000 0.00000 -1.00000 0.00000
1636901324034163 -0.99821 0.05977 0.00000 38.77156 0.05977 0.99821 0.00000 4.00727 0.00000 0.00000 -1.00000 0.00000
1636901324283828 -0.99736 0.07258 0.00000 36.78151 0.07258 0.99736 0.00000 3.50231 0.00000 0.00000 -1.00000 0.00000
1636901324533086 -0.99649 0.08370 -0.00000 34.74275 0.08370 0.99649 0.00000 2.99423 0.00000 0.00000 -1.00000 0.00000
1636901324782166 -0.99537 0.09615 0.00000 32.79744 0.09615 0.99537 0.00000 2.54394 0.00000 0.00000 -1.00000 0.00000
1636901325031137 -0.99405 0.10896 0.00000 30.79761 0.10896 0.99405 0.00000 2.11032 0.00000 0.00000 -1.00000 0.00000
1636901325280144 -0.99332 0.11541 0.00000 28.74752 0.11541 0.99332 0.00000 1.85554 0.00000 0.00000 -1.00000 0.00000
1636901325528959 -0.99232 0.12371 0.00000 26.69350 0.12371 0.99232 0.00000 1.62140 0.00000 0.00000 -1.00000 0.00000
1636901325777618 -0.99123 0.13213 0.00000 24.63213 0.13213 0.99123 0.00000 1.33977 0.00000 0.00000 -1.00000 0.00000
1636901326026859 -0.99023 0.13943 0.00000 22.58142 0.13943 0.99023 0.00000 1.16744 0.00000 0.00000 -1.00000 0.00000
1636901326275854 -0.98952 0.14437 0.00000 20.52905 0.14437 0.98952 0.00000 0.99907 0.00000 0.00000 -1.00000 0.00000
1636901326525121 -0.98892 0.14843 -0.00000 18.48372 0.14843 0.98892 0.00000 0.92587 0.00000 0.00000 -1.00000 0.00000
1636901326774282 -0.98873 0.14972 0.00000 16.36791 0.14972 0.98873 0.00000 0.83500 0.00000 0.00000 -1.00000 0.00000
1636901327023675 -0.98864 0.15031 0.00000 14.32612 0.15031 0.98864 0.00000 0.82810 0.00000 0.00000 -1.00000 0.00000
1636901327272773 -0.98847 0.15140 0.00000 12.31988 0.15140 0.98847 0.00000 0.80454 0.00000 0.00000 -1.00000 0.00000
1636901327522208 -0.98851 0.15116 0.00000 10.31258 0.15116 0.98851 0.00000 0.82492 0.00000 0.00000 -1.00000 0.00000
1636901327771341 -0.98906 0.14748 -0.00000 8.34138 0.14748 0.98906 0.00000 0.77824 0.00000 0.00000 -1.00000 0.00000
1636901328020729 -0.98978 0.14262 0.00000 6.48783 0.14262 0.98978 0.00000 0.79766 0.00000 0.00000 -1.00000 0.00000
1636901328270128 -0.99129 0.13171 -0.00000 4.72590 0.13171 0.99129 0.00000 0.87615 0.00000 0.00000 -1.00000 0.00000
1636901328519366 -0.99231 0.12378 0.00000 3.08133 0.12378 0.99231 0.00000 0.84354 0.00000 0.00000 -1.00000 0.00000
1636901328768434 -0.99280 0.11977 -0.00000 1.44276 0.11977 0.99280 0.00000 0.85284 0.00000 0.00000 -1.00000 0.00000
1636901329017992 -0.99352 0.11365 0.00000 0.01847 0.11365 0.99352 0.00000 0.82724 0.00000 0.00000 -1.00000 0.00000
1636901329267349 -0.99351 0.11371 0.00000 -1.34450 0.11371 0.99351 0.00000 0.75688 0.00000 0.00000 -1.00000 0.00000
1636901329516669 -0.99374 0.11175 0.00000 -2.58276 0.11175 0.99374 0.00000 0.75245 0.00000 0.00000 -1.00000 0.00000
1636901329765575 -0.99397 0.10963 0.00000 -3.69113 0.10963 0.99397 0.00000 0.73401 0.00000 0.00000 -1.00000 0.00000
1636901330014794 -0.99422 0.10739 0.00000 -4.69957 0.10739 0.99422 0.00000 0.74121 0.00000 0.00000 -1.00000 0.00000
1636901330263799 -0.99442 0.10548 0.00000 -5.60183 0.10548 0.99442 0.00000 0.64171 0.00000 0.00000 -1.00000 0.00000
1636901330512765 -0.99445 0.10520 0.00000 -6.51451 0.10520 0.99445 0.00000 0.61740 0.00000 0.00000 -1.00000 0.00000
1636901330761660 -0.99518 0.09811 0.00000 -7.28862 0.09811 0.99518 0.00000 0.55242 0.00000 0.00000 -1.00000 0.00000
1636901331010592 -0.99565 0.09314 0.00000 -8.03694 0.09314 0.99565 0.00000 0.48153 0.00000 0.00000 -1.00000 0.00000
1636901331259721 -0.99580 0.09151 0.00000 -8.64615 0.09151 0.99580 0.00000 0.48428 0.00000 0.00000 -1.00000 0.00000
1636901331508969 -0.99648 0.08378 0.00000 -9.15572 0.08378 0.99648 0.00000 0.36061 0.00000 0.00000 -1.00000 0.00000
1636901331758229 -0.99674 0.08066 0.00000 -9.55428 0.08066 0.99674 0.00000 0.32556 0.00000 0.00000 -1.00000 0.00000
1636901332007391 -0.99681 0.07983 0.00000 -9.85966 0.07983 0.99681 0.00000 0.31051 0.00000 0.00000 -1.00000 0.00000
1636901332256656 -0.99695 0.07798 -0.00000 -10.07220 0.07798 0.99695 0.00000 0.31684 0.00000 0.00000 -1.00000 0.00000
1636901332505561 -0.99706 0.07656 0.00000 -10.33340 0.07656 0.99706 0.00000 0.30042 0.00000 0.00000 -1.00000 0.00000
1636901332754519 -0.99719 0.07490 0.00000 -10.64846 0.07490 0.99719 0.00000 0.29405 0.00000 0.00000 -1.00000 0.00000
1636901333003551 -0.99725 0.07412 -0.00000 -10.96313 0.07412 0.99725 0.00000 0.29723 0.00000 0.00000 -1.00000 0.00000
1636901333252393 -0.99746 0.07126 -0.00000 -11.32606 0.07126 0.99746 0.00000 0.22902 0.00000 0.00000 -1.00000 0.00000
1636901333501027 -0.99749 0.07084 0.00000 -11.81100 0.07084 0.99749 0.00000 0.27417 0.00000 0.00000 -1.00000 0.00000
1636901333749726 -0.99764 0.06862 0.00000 -12.48070 0.06862 0.99764 0.00000 0.13091 0.00000 0.00000 -1.00000 0.00000
1636901333998986 -0.99779 0.06646 0.00000 -13.30122 0.06646 0.99779 0.00000 0.12003 0.00000 0.00000 -1.00000 0.00000
1636901334247837 -0.99789 0.06496 -0.00000 -14.24227 0.06496 0.99789 0.00000 0.09465 0.00000 0.00000 -1.00000 0.00000
1636901334496989 -0.99805 0.06247 0.00000 -15.22637 0.06247 0.99805 0.00000 0.03055 0.00000 0.00000 -1.00000 0.00000
1636901334745969 -0.99812 0.06125 0.00000 -16.38452 0.06125 0.99812 0.00000 0.02963 0.00000 0.00000 -1.00000 0.00000
1636901334994810 -0.99821 0.05976 0.00000 -17.59190 0.05976 0.99821 0.00000 -0.03494 0.00000 0.00000 -1.00000 -0.00000
1636901335243769 -0.99820 0.05990 0.00000 -18.89288 0.05990 0.99820 0.00000 -0.11292 0.00000 0.00000 -1.00000 -0.00000
1636901335492691 -0.99817 0.06046 0.00000 -20.16640 0.06046 0.99817 0.00000 -0.11717 0.00000 0.00000 -1.00000 -0.00000
1636901335741561 -0.99828 0.05865 0.00000 -21.68849 0.05865 0.99828 0.00000 -0.16841 0.00000 0.00000 -1.00000 -0.00000
1636901335990622 -0.99850 0.05467 0.00000 -23.17177 0.05467 0.99850 0.00000 -0.29302 0.00000 0.00000 -1.00000 -0.00000
1636901336239612 -0.99873 0.05031 0.00000 -24.80043 0.05031 0.99873 0.00000 -0.40129 0.00000 0.00000 -1.00000 -0.00000
1636901336488610 -0.99892 0.04646 0.00000 -26.49056 0.04646 0.99892 0.00000 -0.48579 0.00000 0.00000 -1.00000 -0.00000
1636901336737401 -0.99900 0.04467 0.00000 -28.15949 0.04467 0.99900 0.00000 -0.56102 0.00000 0.00000 -1.00000 -0.00000
1636901336986414 -0.99920 0.04006 -0.00000 -29.90469 0.04006 0.99920 0.00000 -0.66100 0.00000 0.00000 -1.00000 -0.00000
1636901337235728 -0.99917 0.04082 0.00000 -31.72059 0.04082 0.99917 0.00000 -0.68481 0.00000 0.00000 -1.00000 -0.00000
1636901337484647 -0.99937 0.03542 0.00000 -33.56784 0.03542 0.99937 0.00000 -0.94415 0.00000 0.00000 -1.00000 -0.00000
1636901337733642 -0.99938 0.03507 0.00000 -35.47455 0.03507 0.99938 0.00000 -0.90618 0.00000 0.00000 -1.00000 -0.00000
1636901337982558 -0.99951 0.03134 0.00000 -37.34145 0.03134 0.99951 0.00000 -1.09911 0.00000 0.00000 -1.00000 -0.00000
1636901338231635 -0.99946 0.03293 0.00000 -39.35600 0.03293 0.99946 0.00000 -1.06992 0.00000 0.00000 -1.00000 -0.00000
1636901338480833 -0.99953 0.03062 0.00000 -41.29811 0.03062 0.99953 0.00000 -1.14845 0.00000 0.00000 -1.00000 -0.00000
1636901338729880 -0.99938 0.03512 0.00000 -43.32184 0.03512 0.99938 0.00000 -1.07863 0.00000 0.00000 -1.00000 -0.00000
1636901338978884 -0.99925 0.03863 0.00000 -45.33684 0.03863 0.99925 0.00000 -0.90753 0.00000 0.00000 -1.00000 -0.00000
1636901339228005 -0.99888 0.04726 -0.00000 -47.30357 0.04726 0.99888 0.00000 -0.51757 0.00000 0.00000 -1.00000 -0.00000
1636901339477114 -0.99796 0.06385 0.00000 -49.34347 0.06385 0.99796 0.00000 0.19663 0.00000 0.00000 -1.00000 0.00000
1636901339726109 -0.99625 0.08650 0.00000 -51.16342 0.08650 0.99625 0.00000 1.30678 0.00000 0.00000 -1.00000 0.00000
1636901339975368 -0.99412 0.10824 -0.00000 -53.04009 0.10824 0.99412 0.00000 2.39526 0.00000 0.00000 -1.00000 0.00000
1636901340224512 -0.99081 0.13525 0.00000 -54.64732 0.13525 0.99081 0.00000 3.84121 0.00000 0.00000 -1.00000 0.00000
1636901340473864 -0.98627 0.16516 0.00000 -56.16377 0.16516 0.98627 0.00000 5.48379 0.00000 0.00000 -1.00000 0.00000
1636901340723139 -0.97720 0.21232 0.00000 -57.42133 0.21232 0.97720 0.00000 8.17162 0.00000 0.00000 -1.00000 0.00000
1636901340972198 -0.96257 0.27104 0.00000 -58.27829 0.27104 0.96257 0.00000 11.58419 0.00000 0.00000 -1.00000 0.00000
1636901341221040 -0.94185 0.33602 0.00000 -58.75376 0.33602 0.94185 0.00000 15.50228 0.00000 0.00000 -1.00000 0.00000
1636901341470194 -0.91395 0.40583 0.00000 -58.73566 0.40583 0.91395 0.00000 19.85864 0.00000 0.00000 -1.00000 0.00000
1636901341719153 -0.87878 0.47724 0.00000 -58.16448 0.47724 0.87878 0.00000 24.44723 0.00000 0.00000 -1.00000 0.00000
1636901341968597 -0.83052 0.55700 0.00000 -56.85590 0.55700 0.83052 0.00000 29.71256 0.00000 0.00000 -1.00000 0.00000
1636901342217859 -0.76873 0.63957 0.00000 -54.65219 0.63957 0.76873 0.00000 35.38183 0.00000 0.00000 -1.00000 0.00000
1636901342466837 -0.69783 0.71627 0.00000 -51.91251 0.71627 0.69783 0.00000 40.87462 0.00000 0.00000 -1.00000 0.00000
1636901342716036 -0.62027 0.78439 -0.00000 -48.58935 0.78439 0.62027 0.00000 45.94994 0.00000 0.00000 -1.00000 0.00000
