1. 0. 0. 0. 0. -1. -0. 0. 0. 0. -1. 0.
1. -0.001 -0. -0.001 -0.001 -1. -0. -0.003 0. 0. -1. 0.
1. 0.000 0. 0.001 0.000 -1. -0. -0.003 0. 0. -1. 0.
1. 0.000 0. 0.010 0.000 -1. -0. -0.004 0. 0. -1. 0.
1. -0. -0. 0.001 -0. -1. -0. -0.001 0. 0. -1. 0.
1. 0.000 0. 0.002 0.000 -1. -0. -0.009 0. 0. -1. 0.
1. 0. 0. 0.003 0. -1. -0. -0.003 0. 0. -1. 0.
1. 0.000 0. 0.005 0.000 -1. -0. -0.003 0. 0. -1. 0.
1. -0.000 -0. 0.007 -0.000 -1. -0. -0.001 0. 0. -1. 0.
1. -0.000 -0. -0.002 -0.000 -1. -0. -0.005 0. 0. -1. 0.
1. 0. 0. 0.001 0. -1. -0. -0.004 0. 0. -1. 0.
1. 0. 0. 0.002 0. -1. -0. -0.006 0. 0. -1. 0.
1. 0. 0. 0.002 0. -1. -0. -0.005 0. 0. -1. 0.
1. -0. -0. 0.001 -0. -1. -0. -0.003 0. 0. -1. 0.
1. 0.000 0. 0. 0.000 -1. -0. 0.001 0. 0. -1. 0.
1. -0. -0. 0.007 -0. -1. -0. -0.003 0. 0. -1. 0.
1. -0.001 -0. 0.003 -0.001 -1. -0. 0.002 0. 0. -1. 0.
1. -0.001 -0. 0.001 -0.001 -1. -0. 0.003 0. 0. -1. 0.
1. -0.000 -0. 0.006 -0.000 -1. -0. -0.002 0. 0. -1. 0.
1. -0.001 -0. 0.002 -0.001 -1. -0. -0.003 0. 0. -1. 0.
1. -0.001 -0. -0.004 -0.001 -1. -0. -0.001 0. 0. -1. 0.
1. -0.001 -0. 0.000 -0.001 -1. -0. 0.004 0. 0. -1. 0.
1. -0.000 -0. 0.006 -0.000 -1. -0. 0.003 0. 0. -1. 0.
1. -0.001 -0. 0.002 -0.001 -1. -0. 0.005 0. 0. -1. 0.
1. -0.001 -0. 0.001 -0.001 -1. -0. -0.003 0. 0. -1. 0.
1. -0.001 -0. 0.001 -0.001 -1. -0. 0.000 0. 0. -1. 0.
1. -0.001 -0. 0.008 -0.001 -1. -0. -0.006 0. 0. -1. 0.
1. -0.004 -0. 0.033 -0.004 -1. -0. -0.003 0. 0. -1. 0.
1. -0.008 -0. 0.050 -0.008 -1. -0. -0.015 0. 0. -1. 0.
1. -0.009 -0. 0.106 -0.009 -1. -0. -0.004 0. 0. -1. 0.
1. -0.014 -0. 0.161 -0.014 -1. -0. -0.000 0. 0. -1. 0.
1.000 -0.020 -0. 0.193 -0.020 -1.000 -0. 0.002 0. 0. -1. 0.
1.000 -0.026 -0. 0.257 -0.026 -1.000 -0. -0.035 0. 0. -1. 0.
0.999 -0.032 -0. 0.346 -0.032 -0.999 -0. -0.050 0. 0. -1. 0.
0.999 -0.042 -0. 0.452 -0.042 -0.999 -0. -0.081 0. 0. -1. 0.
0.999 -0.052 -0. 0.497 -0.052 -0.999 -0. -0.122 0. 0. -1. 0.
0.998 -0.060 -0. 0.639 -0.060 -0.998 -0. -0.091 0. 0. -1. 0.
0.997 -0.073 -0. 0.733 -0.073 -0.997 -0. -0.128 0. 0. -1. 0.
0.995 -0.095 -0. 1.022 -0.095 -0.995 -0. -0.155 0. 0. -1. 0.
0.993 -0.121 -0. 1.270 -0.121 -0.993 -0. -0.191 0. 0. -1. 0.
0.989 -0.151 -0. 1.637 -0.151 -0.989 -0. -0.244 0. 0. -1. 0.
0.984 -0.177 -0. 2.011 -0.177 -0.984 -0. -0.356 0. 0. -1. 0.
0.979 -0.204 -0. 2.467 -0.204 -0.979 -0. -0.489 0. 0. -1. 0.
0.974 -0.225 -0. 2.989 -0.225 -0.974 -0. -0.658 0. 0. -1. 0.
0.970 -0.242 -0. 3.682 -0.242 -0.970 -0. -0.847 0. 0. -1. 0.
0.966 -0.257 -0. 4.449 -0.257 -0.966 -0. -1.053 0. 0. -1. 0.
0.965 -0.264 -0. 5.283 -0.264 -0.965 -0. -1.281 0. 0. -1. 0.
0.963 -0.268 -0. 6.203 -0.268 -0.963 -0. -1.598 0. 0. -1. 0.
0.962 -0.271 -0. 7.218 -0.271 -0.962 -0. -1.888 0. 0. -1. 0.
0.964 -0.265 -0. 8.339 -0.265 -0.964 -0. -2.246 0. 0. -1. 0.
0.967 -0.254 -0. 9.560 -0.254 -0.967 -0. -2.586 0. 0. -1. 0.
0.970 -0.241 -0. 10.848 -0.241 -0.970 -0. -2.949 0. 0. -1. 0.
0.973 -0.232 -0. 12.153 -0.232 -0.973 -0. -3.276 0. 0. -1. 0.
0.975 -0.222 -0. 13.615 -0.222 -0.975 -0. -3.631 0. 0. -1. 0.
0.979 -0.206 -0. 15.049 -0.206 -0.979 -0. -3.947 0. 0. -1. 0.
0.982 -0.190 -0. 16.693 -0.190 -0.982 -0. -4.252 0. 0. -1. 0.
0.985 -0.175 -0. 18.331 -0.175 -0.985 -0. -4.552 0. 0. -1. 0.
0.988 -0.154 -0. 20.117 -0.154 -0.988 -0. -4.907 0. 0. -1. 0.
0.990 -0.138 -0. 22.077 -0.138 -0.990 -0. -5.150 0. 0. -1. 0.
0.993 -0.121 -0. 24.003 -0.121 -0.993 -0. -5.467 0. 0. -1. 0.
0.994 -0.106 -0. 26.125 -0.106 -0.994 -0. -5.748 0. 0. -1. 0.
0.996 -0.092 -0. 28.325 -0.092 -0.996 -0. -5.938 0. 0. -1. 0.
0.997 -0.080 -0. 30.587 -0.080 -0.997 -0. -6.303 0. 0. -1. 0.
0.998 -0.062 -0. 32.715 -0.062 -0.998 -0. -6.494 0. 0. -1. 0.
0.999 -0.043 -0. 34.836 -0.043 -0.999 -0. -6.567 0. 0. -1. 0.
1.000 -0.027 -0. 37.011 -0.027 -1.000 -0. -6.637 0. 0. -1. 0.
1.000 -0.020 -0. 39.151 -0.020 -1.000 -0. -6.803 0. 0. -1. 0.
1.000 -0.019 -0. 41.216 -0.019 -1.000 -0. -6.822 0. 0. -1. 0.
1.000 -0.023 -0. 43.365 -0.023 -1.000 -0. -6.952 0. 0. -1. 0.
1.000 -0.025 -0. 45.344 -0.025 -1.000 -0. -6.990 0. 0. -1. 0.
1.000 -0.024 -0. 47.384 -0.024 -1.000 -0. -7.006 0. 0. -1. 0.
1.000 -0.027 -0. 49.428 -0.027 -1.000 -0. -7.146 0. 0. -1. 0.
0.999 -0.034 -0. 51.459 -0.034 -0.999 -0. -7.260 0. 0. -1. 0.
0.999 -0.036 -0. 53.579 -0.036 -0.999 -0. -7.464 0. 0. -1. 0.
0.999 -0.035 -0. 55.720 -0.035 -0.999 -0. -7.529 0. 0. -1. 0.
1.000 -0.029 -0. 57.952 -0.029 -1.000 -0. -7.695 0. 0. -1. 0.
1.000 -0.019 -0. 60.182 -0.019 -1.000 -0. -7.726 0. 0. -1. 0.
1.000 -0.017 -0. 62.477 -0.017 -1.000 -0. -7.837 0. 0. -1. 0.
1.000 -0.020 -0. 64.810 -0.020 -1.000 -0. -7.965 0. 0. -1. 0.
1.000 -0.020 -0. 67.097 -0.020 -1.000 -0. -8.028 0. 0. -1. 0.
1.000 -0.026 -0. 69.442 -0.026 -1.000 -0. -8.083 0. 0. -1. 0.
1.000 -0.030 -0. 71.718 -0.030 -1.000 -0. -8.159 0. 0. -1. 0.
0.999 -0.036 -0. 74.059 -0.036 -0.999 -0. -8.261 0. 0. -1. 0.
0.999 -0.040 -0. 76.368 -0.040 -0.999 -0. -8.357 0. 0. -1. 0.
0.999 -0.046 -0. 78.726 -0.046 -0.999 -0. -8.500 0. 0. -1. 0.
0.999 -0.050 -0. 81.035 -0.050 -0.999 -0. -8.655 0. 0. -1. 0.
0.998 -0.065 -0. 83.319 -0.065 -0.998 -0. -8.751 0. 0. -1. 0.
0.995 -0.096 -0. 85.610 -0.096 -0.995 -0. -9.021 0. 0. -1. 0.
0.991 -0.130 -0. 87.853 -0.130 -0.991 -0. -9.328 0. 0. -1. 0.
0.987 -0.163 -0. 90.019 -0.163 -0.987 -0. -9.663 0. 0. -1. 0.
0.979 -0.204 -0. 92.232 -0.204 -0.979 -0. -10.118 0. 0. -1. 0.
0.966 -0.257 -0. 94.339 -0.257 -0.966 -0. -10.685 0. 0. -1. 0.
0.951 -0.310 -0. 96.396 -0.310 -0.951 -0. -11.370 0. 0. -1. 0.
0.932 -0.362 -0. 98.324 -0.362 -0.932 -0. -12.171 0. 0. -1. 0.
0.910 -0.415 -0. 100.294 -0.415 -0.910 -0. -13.045 0. 0. -1. 0.
0.883 -0.469 -0. 102.228 -0.469 -0.883 -0. -14.019 0. 0. -1. 0.
0.849 -0.528 -0. 103.987 -0.528 -0.849 -0. -15.150 0. 0. -1. 0.
0.812 -0.584 -0. 105.748 -0.584 -0.812 -0. -16.372 0. 0. -1. 0.
0.767 -0.641 -0. 107.499 -0.641 -0.767 -0. -17.700 0. 0. -1. 0.
0.713 -0.701 -0. 108.962 -0.701 -0.713 -0. -19.159 0. 0. -1. 0.
0.654 -0.757 -0. 110.232 -0.757 -0.654 -0. -20.727 0. 0. -1. 0.
0.591 -0.807 -0. 111.431 -0.807 -0.591 -0. -22.388 0. 0. -1. 0.
0.525 -0.851 -0. 112.469 -0.851 -0.525 -0. -24.107 0. 0. -1. 0.
0.462 -0.887 -0. 113.452 -0.887 -0.462 -0. -25.889 0. 0. -1. 0.
0.406 -0.914 -0. 114.124 -0.914 -0.406 -0. -27.863 0. 0. -1. 0.
0.371 -0.928 -0. 114.908 -0.928 -0.371 -0. -29.747 0. 0. -1. 0.
0.351 -0.936 -0. 115.547 -0.936 -0.351 -0. -31.685 0. 0. -1. 0.
0.338 -0.941 -0. 116.361 -0.941 -0.338 -0. -33.607 0. 0. -1. 0.
0.328 -0.945 -0. 117.092 -0.945 -0.328 -0. -35.610 0. 0. -1. 0.
0.325 -0.946 -0. 117.751 -0.946 -0.325 -0. -37.538 0. 0. -1. 0.
0.324 -0.946 -0. 118.298 -0.946 -0.324 -0. -39.494 0. 0. -1. 0.
0.326 -0.945 -0. 118.892 -0.945 -0.326 -0. -41.380 0. 0. -1. 0.
0.332 -0.943 -0. 119.436 -0.943 -0.332 -0. -43.232 0. 0. -1. 0.
0.342 -0.940 -0. 119.974 -0.940 -0.342 -0. -44.960 0. 0. -1. 0.
0.360 -0.933 -0. 120.637 -0.933 -0.360 -0. -46.606 0. 0. -1. 0.
0.381 -0.924 -0. 121.282 -0.924 -0.381 -0. -48.210 0. 0. -1. 0.
0.399 -0.917 -0. 121.899 -0.917 -0.399 -0. -49.681 0. 0. -1. 0.
0.416 -0.909 -0. 122.531 -0.909 -0.416 -0. -51.007 0. 0. -1. 0.
0.431 -0.902 -0. 123.059 -0.902 -0.431 -0. -52.121 0. 0. -1. 0.
0.444 -0.896 -0. 123.489 -0.896 -0.444 -0. -53.148 0. 0. -1. 0.
0.452 -0.892 -0. 123.912 -0.892 -0.452 -0. -53.968 0. 0. -1. 0.
0.460 -0.888 -0. 124.234 -0.888 -0.460 -0. -54.615 0. 0. -1. 0.
0.468 -0.884 -0. 124.569 -0.884 -0.468 -0. -55.103 0. 0. -1. 0.
0.474 -0.881 -0. 124.744 -0.881 -0.474 -0. -55.507 0. 0. -1. 0.
0.478 -0.878 -0. 124.862 -0.878 -0.478 -0. -55.810 0. 0. -1. 0.
0.481 -0.877 -0. 124.997 -0.877 -0.481 -0. -56.128 0. 0. -1. 0.
0.485 -0.875 -0. 125.327 -0.875 -0.485 -0. -56.466 0. 0. -1. 0.
0.487 -0.873 -0. 125.494 -0.873 -0.487 -0. -56.846 0. 0. -1. 0.
0.493 -0.870 -0. 125.711 -0.870 -0.493 -0. -57.301 0. 0. -1. 0.
0.497 -0.868 -0. 125.949 -0.868 -0.497 -0. -57.746 0. 0. -1. 0.
0.505 -0.863 -0. 126.304 -0.863 -0.505 -0. -58.368 0. 0. -1. 0.
0.516 -0.857 -0. 126.707 -0.857 -0.516 -0. -59.049 0. 0. -1. 0.
0.531 -0.847 -0. 127.284 -0.847 -0.531 -0. -59.899 0. 0. -1. 0.
0.546 -0.838 -0. 127.822 -0.838 -0.546 -0. -60.818 0. 0. -1. 0.
0.562 -0.827 -0. 128.471 -0.827 -0.562 -0. -61.799 0. 0. -1. 0.
0.579 -0.815 -0. 129.143 -0.815 -0.579 -0. -62.840 0. 0. -1. 0.
0.595 -0.803 -0. 129.926 -0.803 -0.595 -0. -63.911 0. 0. -1. 0.
0.610 -0.793 -0. 130.833 -0.793 -0.610 -0. -65.034 0. 0. -1. 0.
0.615 -0.788 -0. 131.631 -0.788 -0.615 -0. -66.131 0. 0. -1. 0.
0.622 -0.783 -0. 132.425 -0.783 -0.622 -0. -67.149 0. 0. -1. 0.
0.625 -0.781 -0. 133.281 -0.781 -0.625 -0. -68.229 0. 0. -1. 0.
0.630 -0.777 -0. 134.141 -0.777 -0.630 -0. -69.358 0. 0. -1. 0.
0.630 -0.777 -0. 134.971 -0.777 -0.630 -0. -70.512 0. 0. -1. 0.
0.631 -0.776 -0. 135.857 -0.776 -0.631 -0. -71.622 0. 0. -1. 0.
0.635 -0.773 -0. 136.803 -0.773 -0.635 -0. -72.774 0. 0. -1. 0.
0.637 -0.771 -0. 137.705 -0.771 -0.637 -0. -73.931 0. 0. -1. 0.
0.643 -0.766 -0. 138.702 -0.766 -0.643 -0. -75.002 0. 0. -1. 0.
0.654 -0.756 -0. 139.590 -0.756 -0.654 -0. -76.092 0. 0. -1. 0.
0.673 -0.740 -0. 140.482 -0.740 -0.673 -0. -77.047 0. 0. -1. 0.
0.695 -0.719 -0. 141.310 -0.719 -0.695 -0. -77.992 0. 0. -1. 0.
0.730 -0.683 -0. 142.127 -0.683 -0.730 -0. -78.754 0. 0. -1. 0.
0.781 -0.625 -0. 143.012 -0.625 -0.781 -0. -79.474 0. 0. -1. 0.
0.837 -0.547 -0. 143.954 -0.547 -0.837 -0. -80.183 0. 0. -1. 0.
0.892 -0.453 -0. 144.898 -0.453 -0.892 -0. -80.703 0. 0. -1. 0.
0.941 -0.340 -0. 145.965 -0.340 -0.941 -0. -80.987 0. 0. -1. 0.
0.979 -0.204 -0. 146.923 -0.204 -0.979 -0. -81.252 0. 0. -1. 0.
0.998 -0.059 -0. 147.959 -0.059 -0.998 -0. -81.280 0. 0. -1. 0.
0.994 0.106 0. 149.001 0.106 -0.994 -0. -81.112 0. 0. -1. 0.
0.963 0.269 0. 149.880 0.269 -0.963 -0. -80.887 0. 0. -1. 0.
0.904 0.427 0. 150.732 0.427 -0.904 -0. -80.442 0. 0. -1. 0.
0.819 0.574 0. 151.447 0.574 -0.819 -0. -79.899 0. 0. -1. 0.
0.708 0.707 0. 152.119 0.707 -0.708 -0. -79.214 0. 0. -1. 0.
0.579 0.815 0. 152.595 0.815 -0.579 -0. -78.425 0. 0. -1. 0.
0.434 0.901 0. 152.984 0.901 -0.434 -0. -77.674 0. 0. -1. 0.
0.279 0.960 0. 153.230 0.960 -0.279 -0. -76.817 0. 0. -1. 0.
0.114 0.993 0. 153.268 0.993 -0.114 -0. -75.861 0. 0. -1. 0.
-0.053 0.999 0. 153.243 0.999 0.053 0. -74.965 0. 0. -1. 0.
-0.214 0.977 0. 152.987 0.977 0.214 0. -74.025 0. 0. -1. 0.
-0.366 0.931 0. 152.560 0.931 0.366 0. -72.993 0. 0. -1. 0.
-0.503 0.864 0. 151.964 0.864 0.503 0. -71.978 0. 0. -1. 0.
-0.621 0.784 0. 151.311 0.784 0.621 0. -71.023 0. 0. -1. 0.
-0.712 0.702 0. 150.325 0.702 0.712 0. -70.138 0. 0. -1. 0.
-0.774 0.634 0. 149.352 0.634 0.774 0. -69.237 0. 0. -1. 0.
-0.825 0.566 0. 148.169 0.566 0.825 0. -68.555 0. 0. -1. 0.
-0.866 0.499 0. 146.973 0.499 0.866 0. -67.827 0. 0. -1. 0.
-0.901 0.435 0. 145.678 0.435 0.901 0. -67.146 0. 0. -1. 0.
-0.923 0.384 0. 144.274 0.384 0.923 0. -66.581 0. 0. -1. 0.
-0.937 0.350 0. 142.844 0.350 0.937 0. -66.001 0. 0. -1. 0.
-0.947 0.323 0. 141.340 0.323 0.947 0. -65.527 0. 0. -1. 0.
-0.949 0.315 0. 139.822 0.315 0.949 0. -64.955 0. 0. -1. 0.
-0.946 0.323 0. 138.209 0.323 0.946 0. -64.413 0. 0. -1. 0.
-0.932 0.363 0. 136.703 0.363 0.932 0. -63.819 0. 0. -1. 0.
-0.911 0.413 0. 135.160 0.413 0.911 0. -63.186 0. 0. -1. 0.
-0.879 0.477 0. 133.698 0.477 0.879 0. -62.296 0. 0. -1. 0.
-0.842 0.539 0. 132.215 0.539 0.842 0. -61.428 0. 0. -1. 0.
-0.798 0.603 0. 130.838 0.603 0.798 0. -60.329 0. 0. -1. 0.
-0.750 0.662 0. 129.510 0.662 0.750 0. -59.139 0. 0. -1. 0.
-0.697 0.717 0. 128.210 0.717 0.697 0. -57.841 0. 0. -1. 0.
-0.642 0.767 0. 127.017 0.767 0.642 0. -56.414 0. 0. -1. 0.
-0.587 0.810 0. 125.940 0.810 0.587 0. -54.878 0. 0. -1. 0.
-0.531 0.847 0. 124.906 0.847 0.531 0. -53.225 0. 0. -1. 0.
-0.474 0.880 0. 123.934 0.880 0.474 0. -51.528 0. 0. -1. 0.
-0.430 0.903 0. 123.060 0.903 0.430 0. -49.736 0. 0. -1. 0.
-0.388 0.922 0. 122.307 0.922 0.388 0. -47.813 0. 0. -1. 0.
-0.361 0.933 0. 121.643 0.933 0.361 0. -45.938 0. 0. -1. 0.
-0.342 0.940 0. 120.982 0.940 0.342 0. -43.901 0. 0. -1. 0.
-0.324 0.946 0. 120.368 0.946 0.324 0. -41.895 0. 0. -1. 0.
-0.311 0.950 0. 119.657 0.950 0.311 0. -39.855 0. 0. -1. 0.
-0.304 0.953 0. 118.986 0.953 0.304 0. -37.768 0. 0. -1. 0.
-0.306 0.952 0. 118.376 0.952 0.306 0. -35.687 0. 0. -1. 0.
-0.313 0.950 0. 117.807 0.950 0.313 0. -33.657 0. 0. -1. 0.
-0.323 0.946 0. 117.117 0.946 0.323 0. -31.575 0. 0. -1. 0.
-0.346 0.938 0. 116.466 0.938 0.346 0. -29.543 0. 0. -1. 0.
-0.377 0.926 0. 115.707 0.926 0.377 0. -27.529 0. 0. -1. 0.
-0.418 0.909 0. 114.920 0.909 0.418 0. -25.573 0. 0. -1. 0.
-0.472 0.882 0. 114.026 0.882 0.472 0. -23.732 0. 0. -1. 0.
-0.525 0.851 0. 113.007 0.851 0.525 0. -21.946 0. 0. -1. 0.
-0.579 0.815 0. 111.841 0.815 0.579 0. -20.270 0. 0. -1. 0.
-0.630 0.776 0. 110.729 0.776 0.630 0. -18.642 0. 0. -1. 0.
-0.679 0.734 0. 109.411 0.734 0.679 0. -17.136 0. 0. -1. 0.
-0.732 0.682 0. 108.031 0.682 0.732 0. -15.793 0. 0. -1. 0.
-0.780 0.626 0. 106.501 0.626 0.780 0. -14.511 0. 0. -1. 0.
-0.823 0.569 0. 104.891 0.569 0.823 0. -13.352 0. 0. -1. 0.
-0.861 0.509 0. 103.203 0.509 0.861 0. -12.321 0. 0. -1. 0.
-0.893 0.451 0. 101.403 0.451 0.893 0. -11.359 0. 0. -1. 0.
-0.919 0.395 0. 99.584 0.395 0.919 0. -10.513 0. 0. -1. 0.
-0.943 0.333 0. 97.655 0.333 0.943 0. -9.764 0. 0. -1. 0.
-0.961 0.278 0. 95.644 0.278 0.961 0. -9.120 0. 0. -1. 0.
-0.974 0.225 0. 93.709 0.225 0.974 0. -8.653 0. 0. -1. 0.
-0.983 0.181 0. 91.618 0.181 0.983 0. -8.252 0. 0. -1. 0.
-0.990 0.143 0. 89.546 0.143 0.990 0. -7.938 0. 0. -1. 0.
-0.994 0.107 0. 87.502 0.107 0.994 0. -7.698 0. 0. -1. 0.
-0.997 0.083 0. 85.446 0.083 0.997 0. -7.483 0. 0. -1. 0.
-0.998 0.059 0. 83.365 0.059 0.998 0. -7.385 0. 0. -1. 0.
-0.999 0.036 0. 81.241 0.036 0.999 0. -7.237 0. 0. -1. 0.
-1. 0.014 0. 79.073 0.014 1. 0. -7.138 0. 0. -1. 0.
-1. -0.006 -0. 76.865 -0.006 1. 0. -7.148 0. 0. -1. 0.
-1.000 -0.022 -0. 74.742 -0.022 1.000 0. -7.102 0. 0. -1. 0.
-0.999 -0.038 -0. 72.536 -0.038 0.999 0. -7.134 0. 0. -1. 0.
-0.999 -0.044 -0. 70.395 -0.044 0.999 0. -7.231 0. 0. -1. 0.
-0.999 -0.042 -0. 68.313 -0.042 0.999 0. -7.346 0. 0. -1. 0.
-0.999 -0.032 -0. 66.146 -0.032 0.999 0. -7.341 0. 0. -1. 0.
-1.000 -0.025 -0. 63.926 -0.025 1.000 0. -7.329 0. 0. -1. 0.
-1.000 -0.019 -0. 61.765 -0.019 1.000 0. -7.341 0. 0. -1. 0.
-1. -0.012 -0. 59.561 -0.012 1. 0. -7.289 0. 0. -1. 0.
-1. -0.001 -0. 57.313 -0.001 1. 0. -7.347 0. 0. -1. 0.
-1. 0.006 0. 55.110 0.006 1. 0. -7.376 0. 0. -1. 0.
-1.000 0.018 0. 52.880 0.018 1.000 0. -7.221 0. 0. -1. 0.
-1.000 0.019 0. 50.722 0.019 1.000 0. -7.100 0. 0. -1. 0.
-1.000 0.014 0. 48.488 0.014 1.000 0. -7.070 0. 0. -1. 0.
-1.000 0.021 0. 46.303 0.021 1.000 0. -7.091 0. 0. -1. 0.
-0.999 0.043 0. 44.142 0.043 0.999 0. -7.019 0. 0. -1. 0.
-0.998 0.067 0. 42.027 0.067 0.998 0. -6.842 0. 0. -1. 0.
-0.997 0.082 0. 39.796 0.082 0.997 0. -6.531 0. 0. -1. 0.
-0.995 0.096 0. 37.739 0.096 0.995 0. -6.349 0. 0. -1. 0.
-0.995 0.105 0. 35.650 0.105 0.995 0. -6.117 0. 0. -1. 0.
-0.994 0.112 0. 33.466 0.112 0.994 0. -5.769 0. 0. -1. 0.
-0.993 0.115 0. 31.419 0.115 0.993 0. -5.491 0. 0. -1. 0.
-0.993 0.116 0. 29.307 0.116 0.993 0. -5.244 0. 0. -1. 0.
-0.993 0.115 0. 27.249 0.115 0.993 0. -4.937 0. 0. -1. 0.
-0.993 0.115 0. 25.096 0.115 0.993 0. -4.638 0. 0. -1. 0.
-0.993 0.116 0. 23.012 0.116 0.993 0. -4.414 0. 0. -1. 0.
-0.993 0.118 0. 20.883 0.118 0.993 0. -4.166 0. 0. -1. 0.
-0.993 0.120 0. 18.865 0.120 0.993 0. -3.897 0. 0. -1. 0.
-0.992 0.124 0. 16.724 0.124 0.992 0. -3.573 0. 0. -1. 0.
-0.992 0.125 0. 14.776 0.125 0.992 0. -3.305 0. 0. -1. 0.
-0.992 0.125 0. 12.763 0.125 0.992 0. -3.058 0. 0. -1. 0.
-0.991 0.130 0. 10.888 0.130 0.991 0. -2.801 0. 0. -1. 0.
-0.991 0.134 0. 8.964 0.134 0.991 0. -2.528 0. 0. -1. 0.
-0.991 0.136 0. 7.070 0.136 0.991 0. -2.247 0. 0. -1. 0.
-0.991 0.135 0. 5.260 0.135 0.991 0. -1.992 0. 0. -1. 0.
-0.990 0.141 0. 3.405 0.141 0.990 0. -1.693 0. 0. -1. 0.
-0.989 0.146 0. 1.667 0.146 0.989 0. -1.369 0. 0. -1. 0.
-0.988 0.153 0. -0.004 0.153 0.988 0. -1.123 0. 0. -1. 0.
-0.987 0.159 0. -1.560 0.159 0.987 0. -0.830 0. 0. -1. 0.
-0.989 0.150 0. -3.077 0.150 0.989 0. -0.563 0. 0. -1. 0.
-0.990 0.139 0. -4.512 0.139 0.990 0. -0.375 0. 0. -1. 0.
-0.992 0.129 0. -5.781 0.129 0.992 0. -0.185 0. 0. -1. 0.
-0.993 0.119 0. -6.855 0.119 0.993 0. 0.096 0. 0. -1. 0.
-0.994 0.109 0. -7.821 0.109 0.994 0. 0.201 0. 0. -1. 0.
-0.995 0.098 0. -8.624 0.098 0.995 0. 0.381 0. 0. -1. 0.
-0.996 0.091 0. -9.376 0.091 0.996 0. 0.379 0. 0. -1. 0.
-0.996 0.086 0. -9.854 0.086 0.996 0. 0.519 0. 0. -1. 0.
-0.997 0.078 0. -10.292 0.078 0.997 0. 0.557 0. 0. -1. 0.
-0.997 0.077 0. -10.641 0.077 0.997 0. 0.584 0. 0. -1. 0.
-0.997 0.075 0. -11.030 0.075 0.997 0. 0.584 0. 0. -1. 0.
-0.997 0.075 0. -11.411 0.075 0.997 0. 0.597 0. 0. -1. 0.
-0.997 0.077 0. -11.871 0.077 0.997 0. 0.576 0. 0. -1. 0.
-0.997 0.080 0. -12.268 0.080 0.997 0. 0.637 0. 0. -1. 0.
-0.997 0.079 0. -12.812 0.079 0.997 0. 0.723 0. 0. -1. 0.
-0.997 0.081 0. -13.504 0.081 0.997 0. 0.803 0. 0. -1. 0.
-0.997 0.081 0. -14.217 0.081 0.997 0. 0.854 0. 0. -1. 0.
-0.996 0.086 0. -15.079 0.086 0.996 0. 0.962 0. 0. -1. 0.
-0.996 0.085 0. -16.007 0.085 0.996 0. 1.039 0. 0. -1. 0.
-0.996 0.087 0. -17.062 0.087 0.996 0. 1.187 0. 0. -1. 0.
-0.996 0.087 0. -18.176 0.087 0.996 0. 1.310 0. 0. -1. 0.
-0.996 0.087 0. -19.518 0.087 0.996 0. 1.432 0. 0. -1. 0.
-0.996 0.086 0. -20.719 0.086 0.996 0. 1.571 0. 0. -1. 0.
-0.997 0.081 0. -22.203 0.081 0.997 0. 1.701 0. 0. -1. 0.
-0.997 0.073 0. -23.650 0.073 0.997 0. 1.828 0. 0. -1. 0.
-0.998 0.068 0. -25.235 0.068 0.998 0. 1.926 0. 0. -1. 0.
-0.998 0.064 0. -26.964 0.064 0.998 0. 2.053 0. 0. -1. 0.
-0.998 0.057 0. -28.595 0.057 0.998 0. 2.159 0. 0. -1. 0.
-0.999 0.053 0. -30.500 0.053 0.999 0. 2.258 0. 0. -1. 0.
-0.999 0.049 0. -32.331 0.049 0.999 0. 2.384 0. 0. -1. 0.
-0.999 0.044 0. -34.199 0.044 0.999 0. 2.463 0. 0. -1. 0.
-0.999 0.039 0. -36.252 0.039 0.999 0. 2.571 0. 0. -1. 0.
-0.999 0.036 0. -38.234 0.036 0.999 0. 2.669 0. 0. -1. 0.
-0.999 0.032 0. -40.351 0.032 0.999 0. 2.872 0. 0. -1. 0.
-1.000 0.029 0. -42.465 0.029 1.000 0. 2.942 0. 0. -1. 0.
-0.999 0.034 0. -44.570 0.034 0.999 0. 3.047 0. 0. -1. 0.
-0.999 0.040 0. -46.711 0.040 0.999 0. 3.130 0. 0. -1. 0.
-0.999 0.052 0. -48.879 0.052 0.999 0. 3.306 0. 0. -1. 0.
-0.998 0.067 0. -50.931 0.067 0.998 0. 3.427 0. 0. -1. 0.
-0.996 0.091 0. -52.910 0.091 0.996 0. 3.605 0. 0. -1. 0.
-0.993 0.116 0. -54.750 0.116 0.993 0. 3.835 0. 0. -1. 0.
-0.989 0.148 0. -56.452 0.148 0.989 0. 4.123 0. 0. -1. 0.
-0.982 0.191 0. -57.997 0.191 0.982 0. 4.465 0. 0. -1. 0.
-0.971 0.239 0. -59.476 0.239 0.971 0. 4.793 0. 0. -1. 0.
-0.955 0.297 0. -60.755 0.297 0.955 0. 5.283 0. 0. -1. 0.
-0.928 0.372 0. -61.942 0.372 0.928 0. 5.712 0. 0. -1. 0.
-0.890 0.455 0. -63.030 0.455 0.890 0. 6.326 0. 0. -1. 0.
-0.844 0.537 0. -64.049 0.537 0.844 0. 7.002 0. 0. -1. 0.
-0.778 0.628 0. -65.009 0.628 0.778 0. 7.745 0. 0. -1. 0.
-0.694 0.720 0. -65.804 0.720 0.694 0. 8.623 0. 0. -1. 0.
-0.591 0.807 0. -66.391 0.807 0.591 0. 9.539 0. 0. -1. 0.
-0.474 0.881 0. -66.915 0.881 0.474 0. 10.521 0. 0. -1. 0.
-0.352 0.936 0. -67.342 0.936 0.352 0. 11.517 0. 0. -1. 0.
-0.240 0.971 0. -67.505 0.971 0.240 0. 12.577 0. 0. -1. 0.
-0.143 0.990 0. -67.651 0.990 0.143 0. 13.700 0. 0. -1. 0.
-0.070 0.998 0. -67.880 0.998 0.070 0. 14.905 0. 0. -1. 0.
-0.022 1.000 0. -68.070 1.000 0.022 0. 16.166 0. 0. -1. 0.
-0.002 1. 0. -67.964 1. 0.002 0. 17.496 0. 0. -1. 0.
0.002 1. 0. -67.980 1. -0.002 -0. 18.999 0. 0. -1. 0.
0.008 1. 0. -67.807 1. -0.008 -0. 20.507 0. 0. -1. 0.
0.013 1. 0. -67.675 1. -0.013 -0. 22.065 0. 0. -1. 0.
0.019 1.000 0. -67.713 1.000 -0.019 -0. 23.740 0. 0. -1. 0.
0.029 1.000 0. -67.574 1.000 -0.029 -0. 25.480 0. 0. -1. 0.
0.039 0.999 0. -67.495 0.999 -0.039 -0. 27.388 0. 0. -1. 0.
0.045 0.999 0. -67.364 0.999 -0.045 -0. 29.285 0. 0. -1. 0.
0.047 0.999 0. -67.246 0.999 -0.047 -0. 31.099 0. 0. -1. 0.
0.056 0.998 0. -66.991 0.998 -0.056 -0. 33.042 0. 0. -1. 0.
0.071 0.997 0. -66.843 0.997 -0.071 -0. 34.923 0. 0. -1. 0.
0.097 0.995 0. -66.673 0.995 -0.097 -0. 36.848 0. 0. -1. 0.
0.121 0.993 0. -66.452 0.993 -0.121 -0. 38.654 0. 0. -1. 0.
0.147 0.989 0. -66.091 0.989 -0.147 -0. 40.701 0. 0. -1. 0.
0.165 0.986 0. -65.760 0.986 -0.165 -0. 42.545 0. 0. -1. 0.
0.176 0.984 0. -65.364 0.984 -0.176 -0. 44.451 0. 0. -1. 0.
0.181 0.983 0. -65.041 0.983 -0.181 -0. 46.296 0. 0. -1. 0.
0.184 0.983 0. -64.603 0.983 -0.184 -0. 48.399 0. 0. -1. 0.
0.187 0.982 0. -64.183 0.982 -0.187 -0. 50.110 0. 0. -1. 0.
0.190 0.982 0. -63.805 0.982 -0.190 -0. 52.062 0. 0. -1. 0.
0.183 0.983 0. -63.363 0.983 -0.183 -0. 54.008 0. 0. -1. 0.
0.166 0.986 0. -62.992 0.986 -0.166 -0. 55.963 0. 0. -1. 0.
0.144 0.990 0. -62.653 0.990 -0.144 -0. 57.950 0. 0. -1. 0.
0.124 0.992 0. -62.378 0.992 -0.124 -0. 59.878 0. 0. -1. 0.
0.106 0.994 0. -62.030 0.994 -0.106 -0. 61.860 0. 0. -1. 0.
0.091 0.996 0. -61.816 0.996 -0.091 -0. 63.851 0. 0. -1. 0.
0.082 0.997 0. -61.632 0.997 -0.082 -0. 65.767 0. 0. -1. 0.
0.067 0.998 0. -61.453 0.998 -0.067 -0. 67.675 0. 0. -1. 0.
0.055 0.998 0. -61.318 0.998 -0.055 -0. 69.643 0. 0. -1. 0.
0.049 0.999 0. -61.137 0.999 -0.049 -0. 71.573 0. 0. -1. 0.
0.048 0.999 0. -60.949 0.999 -0.048 -0. 73.475 0. 0. -1. 0.
0.046 0.999 0. -60.927 0.999 -0.046 -0. 75.347 0. 0. -1. 0.
0.045 0.999 0. -60.779 0.999 -0.045 -0. 77.244 0. 0. -1. 0.
0.046 0.999 0. -60.668 0.999 -0.046 -0. 79.083 0. 0. -1. 0.
0.046 0.999 0. -60.609 0.999 -0.046 -0. 80.911 0. 0. -1. 0.
0.046 0.999 0. -60.453 0.999 -0.046 -0. 82.641 0. 0. -1. 0.
0.037 0.999 0. -60.375 0.999 -0.037 -0. 84.342 0. 0. -1. 0.
0.019 1.000 0. -60.254 1.000 -0.019 -0. 85.970 0. 0. -1. 0.
-0.023 1.000 0. -60.272 1.000 0.023 0. 87.506 0. 0. -1. 0.
-0.091 0.996 0. -60.251 0.996 0.091 0. 89.040 0. 0. -1. 0.
-0.186 0.983 0. -60.517 0.983 0.186 0. 90.595 0. 0. -1. 0.
-0.287 0.958 0. -60.935 0.958 0.287 0. 92.048 0. 0. -1. 0.
-0.388 0.922 0. -61.384 0.922 0.388 0. 93.466 0. 0. -1. 0.
-0.485 0.875 0. -62.042 0.875 0.485 0. 94.726 0. 0. -1. 0.
-0.575 0.818 0. -62.871 0.818 0.575 0. 95.946 0. 0. -1. 0.
-0.660 0.751 0. -63.825 0.751 0.660 0. 97.080 0. 0. -1. 0.
-0.736 0.677 0. -64.860 0.677 0.736 0. 98.123 0. 0. -1. 0.
-0.807 0.590 0. -66.071 0.590 0.807 0. 99.052 0. 0. -1. 0.
-0.866 0.500 0. -67.412 0.500 0.866 0. 99.863 0. 0. -1. 0.
-0.914 0.405 0. -68.765 0.405 0.914 0. 100.628 0. 0. -1. 0.
-0.946 0.325 0. -70.358 0.325 0.946 0. 101.219 0. 0. -1. 0.
-0.965 0.261 0. -72.028 0.261 0.965 0. 101.664 0. 0. -1. 0.
-0.978 0.210 0. -73.633 0.210 0.978 0. 102.047 0. 0. -1. 0.
-0.984 0.178 0. -75.283 0.178 0.984 0. 102.324 0. 0. -1. 0.
-0.986 0.169 0. -76.893 0.169 0.986 0. 102.576 0. 0. -1. 0.
-0.981 0.192 0. -78.600 0.192 0.981 0. 102.868 0. 0. -1. 0.
-0.974 0.225 0. -80.233 0.225 0.974 0. 103.269 0. 0. -1. 0.
-0.963 0.271 0. -81.756 0.271 0.963 0. 103.768 0. 0. -1. 0.
-0.946 0.325 0. -83.337 0.325 0.946 0. 104.231 0. 0. -1. 0.
-0.919 0.394 0. -84.864 0.394 0.919 0. 104.931 0. 0. -1. 0.
-0.887 0.461 0. -86.335 0.461 0.887 0. 105.819 0. 0. -1. 0.
-0.852 0.524 0. -87.698 0.524 0.852 0. 106.700 0. 0. -1. 0.
-0.813 0.582 0. -89.122 0.582 0.813 0. 107.676 0. 0. -1. 0.
-0.773 0.635 0. -90.457 0.635 0.773 0. 108.774 0. 0. -1. 0.
-0.743 0.669 0. -91.782 0.669 0.743 0. 109.941 0. 0. -1. 0.
-0.720 0.694 0. -93.071 0.694 0.720 0. 111.192 0. 0. -1. 0.
-0.704 0.710 0. -94.299 0.710 0.704 0. 112.505 0. 0. -1. 0.
-0.694 0.720 0. -95.619 0.720 0.694 0. 113.855 0. 0. -1. 0.
-0.689 0.724 0. -96.804 0.724 0.689 0. 115.245 0. 0. -1. 0.
-0.684 0.730 0. -98.165 0.730 0.684 0. 116.664 0. 0. -1. 0.
-0.684 0.730 0. -99.422 0.730 0.684 0. 118.102 0. 0. -1. 0.
-0.682 0.732 0. -100.726 0.732 0.682 0. 119.624 0. 0. -1. 0.
-0.682 0.731 0. -102.130 0.731 0.682 0. 121.075 0. 0. -1. 0.
-0.678 0.735 0. -103.489 0.735 0.678 0. 122.547 0. 0. -1. 0.
-0.671 0.741 0. -104.856 0.741 0.671 0. 124.227 0. 0. -1. 0.
-0.662 0.749 0. -106.179 0.749 0.662 0. 125.713 0. 0. -1. 0.
-0.657 0.754 0. -107.599 0.754 0.657 0. 127.119 0. 0. -1. 0.
-0.653 0.757 0. -108.940 0.757 0.653 0. 128.684 0. 0. -1. 0.
-0.652 0.759 0. -110.226 0.759 0.652 0. 130.188 0. 0. -1. 0.
-0.652 0.758 0. -111.500 0.758 0.652 0. 131.876 0. 0. -1. 0.
-0.651 0.759 0. -112.852 0.759 0.651 0. 133.409 0. 0. -1. 0.
-0.652 0.758 0. -114.128 0.758 0.652 0. 135.005 0. 0. -1. 0.
-0.653 0.758 0. -115.526 0.758 0.653 0. 136.585 0. 0. -1. 0.
-0.654 0.757 0. -116.799 0.757 0.654 0. 138.187 0. 0. -1. 0.
-0.655 0.756 0. -118.195 0.756 0.655 0. 139.849 0. 0. -1. 0.
-0.655 0.756 0. -119.515 0.756 0.655 0. 141.474 0. 0. -1. 0.
-0.655 0.756 0. -120.944 0.756 0.655 0. 143.107 0. 0. -1. 0.
-0.653 0.757 0. -122.292 0.757 0.653 0. 144.817 0. 0. -1. 0.
-0.649 0.761 0. -123.719 0.761 0.649 0. 146.580 0. 0. -1. 0.
-0.641 0.768 0. -125.052 0.768 0.641 0. 148.270 0. 0. -1. 0.
-0.631 0.776 0. -126.500 0.776 0.631 0. 150.086 0. 0. -1. 0.
-0.623 0.782 0. -127.817 0.782 0.623 0. 151.818 0. 0. -1. 0.
-0.617 0.787 0. -129.176 0.787 0.617 0. 153.587 0. 0. -1. 0.
-0.615 0.789 0. -130.581 0.789 0.615 0. 155.378 0. 0. -1. 0.
-0.611 0.792 0. -131.913 0.792 0.611 0. 157.235 0. 0. -1. 0.
-0.607 0.794 0. -133.314 0.794 0.607 0. 159.051 0. 0. -1. 0.
-0.598 0.802 0. -134.569 0.802 0.598 0. 160.939 0. 0. -1. 0.
-0.590 0.807 0. -135.922 0.807 0.590 0. 162.845 0. 0. -1. 0.
-0.577 0.817 0. -137.262 0.817 0.577 0. 164.716 0. 0. -1. 0.
-0.561 0.828 0. -138.446 0.828 0.561 0. 166.636 0. 0. -1. 0.
-0.539 0.842 0. -139.722 0.842 0.539 0. 168.592 0. 0. -1. 0.
-0.519 0.855 0. -140.752 0.855 0.519 0. 170.557 0. 0. -1. 0.
-0.498 0.867 0. -141.957 0.867 0.498 0. 172.575 0. 0. -1. 0.
-0.472 0.882 0. -142.975 0.882 0.472 0. 174.544 0. 0. -1. 0.
-0.439 0.899 0. -144.054 0.899 0.439 0. 176.598 0. 0. -1. 0.
-0.404 0.915 0. -144.906 0.915 0.404 0. 178.728 0. 0. -1. 0.
-0.366 0.931 0. -145.724 0.931 0.366 0. 180.808 0. 0. -1. 0.
-0.329 0.945 0. -146.461 0.945 0.329 0. 182.981 0. 0. -1. 0.
-0.294 0.956 0. -147.198 0.956 0.294 0. 185.163 0. 0. -1. 0.
-0.257 0.966 0. -147.698 0.966 0.257 0. 187.335 0. 0. -1. 0.
-0.221 0.975 0. -148.216 0.975 0.221 0. 189.538 0. 0. -1. 0.
-0.188 0.982 0. -148.615 0.982 0.188 0. 191.727 0. 0. -1. 0.
-0.156 0.988 0. -149.013 0.988 0.156 0. 193.945 0. 0. -1. 0.
-0.123 0.992 0. -149.262 0.992 0.123 0. 196.160 0. 0. -1. 0.
-0.090 0.996 0. -149.446 0.996 0.090 0. 198.427 0. 0. -1. 0.
-0.060 0.998 0. -149.595 0.998 0.060 0. 200.655 0. 0. -1. 0.
-0.045 0.999 0. -149.679 0.999 0.045 0. 202.951 0. 0. -1. 0.
-0.047 0.999 0. -149.631 0.999 0.047 0. 205.248 0. 0. -1. 0.
-0.055 0.999 0. -149.698 0.999 0.055 0. 207.550 0. 0. -1. 0.
-0.061 0.998 0. -149.733 0.998 0.061 0. 209.879 0. 0. -1. 0.
-0.068 0.998 0. -149.820 0.998 0.068 0. 212.159 0. 0. -1. 0.
-0.076 0.997 0. -149.982 0.997 0.076 0. 214.438 0. 0. -1. 0.
-0.092 0.996 0. -150.185 0.996 0.092 0. 216.747 0. 0. -1. 0.
-0.113 0.994 0. -150.352 0.994 0.113 0. 219.059 0. 0. -1. 0.
-0.136 0.991 0. -150.581 0.991 0.136 0. 221.270 0. 0. -1. 0.
-0.163 0.987 0. -150.995 0.987 0.163 0. 223.469 0. 0. -1. 0.
-0.200 0.980 0. -151.311 0.980 0.200 0. 225.702 0. 0. -1. 0.
-0.246 0.969 0. -151.788 0.969 0.246 0. 227.917 0. 0. -1. 0.
-0.307 0.952 0. -152.382 0.952 0.307 0. 230.047 0. 0. -1. 0.
-0.370 0.929 0. -153.145 0.929 0.370 0. 232.013 0. 0. -1. 0.
-0.428 0.904 0. -154.122 0.904 0.428 0. 233.993 0. 0. -1. 0.
-0.488 0.873 0. -155.061 0.873 0.488 0. 235.873 0. 0. -1. 0.
-0.562 0.827 0. -156.145 0.827 0.562 0. 237.638 0. 0. -1. 0.
-0.639 0.769 0. -157.479 0.769 0.639 0. 239.339 0. 0. -1. 0.
-0.711 0.703 0. -159.037 0.703 0.711 0. 240.902 0. 0. -1. 0.
-0.768 0.640 0. -160.637 0.640 0.768 0. 242.322 0. 0. -1. 0.
-0.818 0.575 0. -162.341 0.575 0.818 0. 243.559 0. 0. -1. 0.
-0.860 0.511 0. -164.151 0.511 0.860 0. 244.707 0. 0. -1. 0.
-0.893 0.450 0. -166.026 0.450 0.893 0. 245.792 0. 0. -1. 0.
-0.916 0.401 0. -168.031 0.401 0.916 0. 246.693 0. 0. -1. 0.
-0.933 0.359 0. -169.971 0.359 0.933 0. 247.577 0. 0. -1. 0.
-0.945 0.328 0. -172.076 0.328 0.945 0. 248.289 0. 0. -1. 0.
-0.950 0.311 0. -174.192 0.311 0.950 0. 248.959 0. 0. -1. 0.
-0.953 0.302 0. -176.310 0.302 0.953 0. 249.701 0. 0. -1. 0.
-0.956 0.295 0. -178.457 0.295 0.956 0. 250.448 0. 0. -1. 0.
-0.957 0.290 0. -180.652 0.290 0.957 0. 251.129 0. 0. -1. 0.
-0.957 0.291 0. -182.935 0.291 0.957 0. 251.808 0. 0. -1. 0.
-0.957 0.291 0. -185.120 0.291 0.957 0. 252.572 0. 0. -1. 0.
-0.956 0.293 0. -187.368 0.293 0.956 0. 253.281 0. 0. -1. 0.
-0.955 0.297 0. -189.591 0.297 0.955 0. 253.986 0. 0. -1. 0.
-0.953 0.304 0. -191.830 0.304 0.953 0. 254.769 0. 0. -1. 0.
-0.951 0.310 0. -194.059 0.310 0.951 0. 255.531 0. 0. -1. 0.
-0.949 0.314 0. -196.293 0.314 0.949 0. 256.282 0. 0. -1. 0.
-0.948 0.318 0. -198.479 0.318 0.948 0. 257.076 0. 0. -1. 0.
-0.946 0.323 0. -200.709 0.323 0.946 0. 257.807 0. 0. -1. 0.
-0.944 0.330 0. -202.917 0.330 0.944 0. 258.600 0. 0. -1. 0.
-0.940 0.341 0. -204.975 0.341 0.940 0. 259.395 0. 0. -1. 0.
-0.935 0.354 0. -207.053 0.354 0.935 0. 260.231 0. 0. -1. 0.
-0.931 0.364 0. -209.117 0.364 0.931 0. 261.064 0. 0. -1. 0.
-0.925 0.380 0. -211.159 0.380 0.925 0. 261.905 0. 0. -1. 0.
-0.917 0.399 0. -213.131 0.399 0.917 0. 262.798 0. 0. -1. 0.
-0.908 0.420 0. -215.026 0.420 0.908 0. 263.751 0. 0. -1. 0.
-0.899 0.438 0. -216.860 0.438 0.899 0. 264.655 0. 0. -1. 0.
-0.890 0.456 0. -218.567 0.456 0.890 0. 265.588 0. 0. -1. 0.
-0.881 0.473 0. -220.149 0.473 0.881 0. 266.484 0. 0. -1. 0.
-0.875 0.484 0. -221.640 0.484 0.875 0. 267.404 0. 0. -1. 0.
-0.871 0.491 0. -223.037 0.491 0.871 0. 268.181 0. 0. -1. 0.
-0.870 0.494 0. -224.442 0.494 0.870 0. 269.010 0. 0. -1. 0.
-0.868 0.496 0. -225.632 0.496 0.868 0. 269.752 0. 0. -1. 0.
-0.864 0.503 0. -226.775 0.503 0.864 0. 270.463 0. 0. -1. 0.
-0.858 0.513 0. -227.783 0.513 0.858 0. 271.103 0. 0. -1. 0.
-0.854 0.520 0. -228.656 0.520 0.854 0. 271.691 0. 0. -1. 0.
-0.854 0.521 0. -229.522 0.521 0.854 0. 272.169 0. 0. -1. 0.
-0.855 0.518 0. -230.196 0.518 0.855 0. 272.608 0. 0. -1. 0.
-0.856 0.518 0. -230.851 0.518 0.856 0. 273.126 0. 0. -1. 0.
-0.855 0.518 0. -231.363 0.518 0.855 0. 273.402 0. 0. -1. 0.
-0.857 0.516 0. -231.828 0.516 0.857 0. 273.673 0. 0. -1. 0.
-0.856 0.516 0. -232.228 0.516 0.856 0. 273.944 0. 0. -1. 0.
-0.857 0.516 0. -232.513 0.516 0.857 0. 274.055 0. 0. -1. 0.
-0.856 0.517 0. -232.700 0.517 0.856 0. 274.250 0. 0. -1. 0.
-0.856 0.517 0. -232.850 0.517 0.856 0. 274.323 0. 0. -1. 0.
-0.855 0.518 0. -232.921 0.518 0.855 0. 274.357 0. 0. -1. 0.
-0.855 0.518 0. -232.945 0.518 0.855 0. 274.340 0. 0. -1. 0.
-0.855 0.518 0. -232.958 0.518 0.855 0. 274.324 0. 0. -1. 0.
-0.855 0.518 0. -232.962 0.518 0.855 0. 274.365 0. 0. -1. 0.
-0.856 0.517 0. -232.986 0.517 0.856 0. 274.333 0. 0. -1. 0.
-0.855 0.518 0. -232.993 0.518 0.855 0. 274.351 0. 0. -1. 0.
-0.856 0.517 0. -232.995 0.517 0.856 0. 274.361 0. 0. -1. 0.
-0.854 0.520 0. -233.021 0.520 0.854 0. 274.393 0. 0. -1. 0.
-0.855 0.519 0. -233.020 0.519 0.855 0. 274.440 0. 0. -1. 0.
-0.856 0.517 0. -233.051 0.517 0.856 0. 274.414 0. 0. -1. 0.
-0.856 0.517 0. -233.082 0.517 0.856 0. 274.452 0. 0. -1. 0.
-0.856 0.517 0. -233.161 0.517 0.856 0. 274.483 0. 0. -1. 0.
-0.856 0.517 0. -233.211 0.517 0.856 0. 274.514 0. 0. -1. 0.
-0.856 0.518 0. -233.269 0.518 0.856 0. 274.551 0. 0. -1. 0.
-0.856 0.518 0. -233.319 0.518 0.856 0. 274.589 0. 0. -1. 0.
-0.855 0.519 0. -233.377 0.519 0.855 0. 274.623 0. 0. -1. 0.
-0.855 0.518 0. -233.431 0.518 0.855 0. 274.637 0. 0. -1. 0.
-0.855 0.519 0. -233.470 0.519 0.855 0. 274.706 0. 0. -1. 0.
-0.854 0.520 0. -233.501 0.520 0.854 0. 274.734 0. 0. -1. 0.
-0.854 0.521 0. -233.558 0.521 0.854 0. 274.734 0. 0. -1. 0.
-0.854 0.520 0. -233.573 0.520 0.854 0. 274.754 0. 0. -1. 0.
-0.853 0.522 0. -233.640 0.522 0.853 0. 274.802 0. 0. -1. 0.
-0.852 0.523 0. -233.729 0.523 0.852 0. 274.846 0. 0. -1. 0.
-0.852 0.524 0. -233.813 0.524 0.852 0. 274.899 0. 0. -1. 0.
-0.850 0.526 0. -233.871 0.526 0.850 0. 274.911 0. 0. -1. 0.
-0.850 0.527 0. -233.913 0.527 0.850 0. 274.964 0. 0. -1. 0.
-0.850 0.527 0. -233.932 0.527 0.850 0. 274.960 0. 0. -1. 0.
-0.849 0.528 0. -233.948 0.528 0.849 0. 274.966 0. 0. -1. 0.
-0.848 0.530 0. -233.956 0.530 0.848 0. 274.991 0. 0. -1. 0.
-0.848 0.530 0. -233.960 0.530 0.848 0. 274.990 0. 0. -1. 0.
-0.847 0.531 0. -233.982 0.531 0.847 0. 275.021 0. 0. -1. 0.
-0.846 0.533 0. -234.031 0.533 0.846 0. 275.048 0. 0. -1. 0.
-0.844 0.537 0. -234.111 0.537 0.844 0. 275.045 0. 0. -1. 0.
-0.840 0.542 0. -234.145 0.542 0.840 0. 275.093 0. 0. -1. 0.
-0.836 0.548 0. -234.167 0.548 0.836 0. 275.138 0. 0. -1. 0.
-0.834 0.552 0. -234.262 0.552 0.834 0. 275.161 0. 0. -1. 0.
-0.829 0.560 0. -234.305 0.560 0.829 0. 275.217 0. 0. -1. 0.
-0.824 0.567 0. -234.347 0.567 0.824 0. 275.294 0. 0. -1. 0.
-0.817 0.576 0. -234.465 0.576 0.817 0. 275.349 0. 0. -1. 0.
-0.810 0.587 0. -234.557 0.587 0.810 0. 275.416 0. 0. -1. 0.
-0.800 0.600 0. -234.633 0.600 0.800 0. 275.546 0. 0. -1. 0.
-0.789 0.615 0. -234.734 0.615 0.789 0. 275.605 0. 0. -1. 0.
-0.775 0.631 0. -234.853 0.631 0.775 0. 275.655 0. 0. -1. 0.
-0.766 0.643 0. -234.903 0.643 0.766 0. 275.760 0. 0. -1. 0.
-0.761 0.649 0. -234.959 0.649 0.761 0. 275.801 0. 0. -1. 0.
-0.761 0.649 0. -234.966 0.649 0.761 0. 275.820 0. 0. -1. 0.
-0.760 0.650 0. -234.956 0.650 0.760 0. 275.838 0. 0. -1. 0.
-0.761 0.649 0. -234.964 0.649 0.761 0. 275.841 0. 0. -1. 0.
-0.760 0.650 0. -234.957 0.650 0.760 0. 275.832 0. 0. -1. 0.
-0.760 0.650 0. -234.968 0.650 0.760 0. 275.833 0. 0. -1. 0.
-0.761 0.649 0. -234.965 0.649 0.761 0. 275.826 0. 0. -1. 0.
-0.761 0.649 0. -234.974 0.649 0.761 0. 275.835 0. 0. -1. 0.
-0.760 0.650 0. -234.959 0.650 0.760 0. 275.834 0. 0. -1. 0.
-0.760 0.650 0. -234.958 0.650 0.760 0. 275.842 0. 0. -1. 0.
-0.760 0.650 0. -234.962 0.650 0.760 0. 275.840 0. 0. -1. 0.
-0.759 0.651 0. -234.978 0.651 0.759 0. 275.841 0. 0. -1. 0.
-0.755 0.655 0. -234.989 0.655 0.755 0. 275.877 0. 0. -1. 0.
-0.752 0.659 0. -235.028 0.659 0.752 0. 275.886 0. 0. -1. 0.
-0.746 0.666 0. -235.059 0.666 0.746 0. 275.937 0. 0. -1. 0.
-0.738 0.675 0. -235.133 0.675 0.738 0. 276.002 0. 0. -1. 0.
-0.723 0.691 0. -235.295 0.691 0.723 0. 276.122 0. 0. -1. 0.
-0.695 0.719 0. -235.522 0.719 0.695 0. 276.360 0. 0. -1. 0.
-0.649 0.761 0. -235.829 0.761 0.649 0. 276.743 0. 0. -1. 0.
-0.591 0.807 0. -236.121 0.807 0.591 0. 277.179 0. 0. -1. 0.
-0.530 0.848 0. -236.480 0.848 0.530 0. 277.831 0. 0. -1. 0.
-0.473 0.881 0. -236.876 0.881 0.473 0. 278.577 0. 0. -1. 0.
-0.433 0.901 0. -237.123 0.901 0.433 0. 279.545 0. 0. -1. 0.
-0.406 0.914 0. -237.761 0.914 0.406 0. 280.575 0. 0. -1. 0.
-0.359 0.933 0. -238.423 0.933 0.359 0. 281.845 0. 0. -1. 0.
-0.279 0.960 0. -238.822 0.960 0.279 0. 283.174 0. 0. -1. 0.
-0.164 0.986 0. -238.857 0.986 0.164 0. 284.513 0. 0. -1. 0.
-0.039 0.999 0. -238.855 0.999 0.039 0. 285.943 0. 0. -1. 0.
0.120 0.993 0. -238.638 0.993 -0.120 -0. 287.330 0. 0. -1. 0.
0.243 0.970 0. -238.180 0.970 -0.243 -0. 288.684 0. 0. -1. 0.
0.312 0.950 0. -237.549 0.950 -0.312 -0. 290.021 0. 0. -1. 0.
0.321 0.947 0. -237.101 0.947 -0.321 -0. 291.648 0. 0. -1. 0.
0.302 0.953 0. -236.568 0.953 -0.302 -0. 293.352 0. 0. -1. 0.
0.293 0.956 0. -236.051 0.956 -0.293 -0. 295.038 0. 0. -1. 0.
0.287 0.958 0. -235.475 0.958 -0.287 -0. 296.844 0. 0. -1. 0.
0.277 0.961 0. -234.918 0.961 -0.277 -0. 298.783 0. 0. -1. 0.
0.277 0.961 0. -234.356 0.961 -0.277 -0. 300.748 0. 0. -1. 0.
0.281 0.960 0. -233.693 0.960 -0.281 -0. 302.855 0. 0. -1. 0.
0.284 0.959 0. -233.001 0.959 -0.284 -0. 305.048 0. 0. -1. 0.
0.287 0.958 0. -232.268 0.958 -0.287 -0. 307.302 0. 0. -1. 0.
0.288 0.958 0. -231.562 0.958 -0.288 -0. 309.628 0. 0. -1. 0.
0.291 0.957 0. -230.802 0.957 -0.291 -0. 312.010 0. 0. -1. 0.
0.295 0.956 0. -229.966 0.956 -0.295 -0. 314.446 0. 0. -1. 0.
0.300 0.954 0. -229.183 0.954 -0.300 -0. 316.897 0. 0. -1. 0.
0.301 0.954 0. -228.246 0.954 -0.301 -0. 319.408 0. 0. -1. 0.
0.301 0.954 0. -227.462 0.954 -0.301 -0. 321.985 0. 0. -1. 0.
0.299 0.954 0. -226.562 0.954 -0.299 -0. 324.599 0. 0. -1. 0.
0.297 0.955 0. -225.627 0.955 -0.297 -0. 327.239 0. 0. -1. 0.
0.297 0.955 0. -224.771 0.955 -0.297 -0. 329.955 0. 0. -1. 0.
0.292 0.956 0. -223.896 0.956 -0.292 -0. 332.606 0. 0. -1. 0.
0.294 0.956 0. -223.055 0.956 -0.294 -0. 335.321 0. 0. -1. 0.
0.292 0.956 0. -222.109 0.956 -0.292 -0. 338.076 0. 0. -1. 0.
0.290 0.957 0. -221.294 0.957 -0.290 -0. 340.891 0. 0. -1. 0.
0.289 0.957 0. -220.305 0.957 -0.289 -0. 343.729 0. 0. -1. 0.
0.288 0.958 0. -219.473 0.958 -0.288 -0. 346.604 0. 0. -1. 0.
0.287 0.958 0. -218.546 0.958 -0.287 -0. 349.516 0. 0. -1. 0.
0.287 0.958 0. -217.676 0.958 -0.287 -0. 352.479 0. 0. -1. 0.
0.293 0.956 0. -216.684 0.956 -0.293 -0. 355.454 0. 0. -1. 0.
0.297 0.955 0. -215.700 0.955 -0.297 -0. 358.495 0. 0. -1. 0.
0.298 0.955 0. -214.695 0.955 -0.298 -0. 361.516 0. 0. -1. 0.
0.297 0.955 0. -213.690 0.955 -0.297 -0. 364.635 0. 0. -1. 0.
0.294 0.956 0. -212.666 0.956 -0.294 -0. 367.734 0. 0. -1. 0.
0.296 0.955 0. -211.625 0.955 -0.296 -0. 370.906 0. 0. -1. 0.
0.301 0.954 0. -210.532 0.954 -0.301 -0. 373.999 0. 0. -1. 0.
0.301 0.953 0. -209.556 0.953 -0.301 -0. 377.080 0. 0. -1. 0.
0.301 0.953 0. -208.490 0.953 -0.301 -0. 380.193 0. 0. -1. 0.
0.301 0.954 0. -207.504 0.954 -0.301 -0. 383.327 0. 0. -1. 0.
0.302 0.953 0. -206.410 0.953 -0.302 -0. 386.451 0. 0. -1. 0.
0.301 0.954 0. -205.420 0.954 -0.301 -0. 389.613 0. 0. -1. 0.
0.298 0.955 0. -204.298 0.955 -0.298 -0. 392.788 0. 0. -1. 0.
0.297 0.955 0. -203.238 0.955 -0.297 -0. 395.964 0. 0. -1. 0.
0.296 0.955 0. -202.207 0.955 -0.296 -0. 399.191 0. 0. -1. 0.
0.299 0.954 0. -201.147 0.954 -0.299 -0. 402.393 0. 0. -1. 0.
0.301 0.954 0. -200.072 0.954 -0.301 -0. 405.603 0. 0. -1. 0.
0.302 0.953 0. -199.009 0.953 -0.302 -0. 408.883 0. 0. -1. 0.
0.301 0.954 0. -197.896 0.954 -0.301 -0. 412.128 0. 0. -1. 0.
0.296 0.955 0. -196.937 0.955 -0.296 -0. 415.412 0. 0. -1. 0.
0.293 0.956 0. -195.827 0.956 -0.293 -0. 418.645 0. 0. -1. 0.
0.293 0.956 0. -194.744 0.956 -0.293 -0. 421.926 0. 0. -1. 0.
0.292 0.956 0. -193.726 0.956 -0.292 -0. 425.220 0. 0. -1. 0.
0.293 0.956 0. -192.674 0.956 -0.293 -0. 428.475 0. 0. -1. 0.
0.292 0.957 0. -191.612 0.957 -0.292 -0. 431.702 0. 0. -1. 0.
0.292 0.956 0. -190.529 0.956 -0.292 -0. 434.943 0. 0. -1. 0.
0.293 0.956 0. -189.478 0.956 -0.293 -0. 438.149 0. 0. -1. 0.
0.295 0.955 0. -188.389 0.955 -0.295 -0. 441.324 0. 0. -1. 0.
0.297 0.955 0. -187.359 0.955 -0.297 -0. 444.559 0. 0. -1. 0.
0.300 0.954 0. -186.275 0.954 -0.300 -0. 447.728 0. 0. -1. 0.
0.301 0.954 0. -185.200 0.954 -0.301 -0. 450.910 0. 0. -1. 0.
0.301 0.953 0. -184.178 0.953 -0.301 -0. 454.130 0. 0. -1. 0.
0.301 0.954 0. -183.065 0.954 -0.301 -0. 457.301 0. 0. -1. 0.
0.297 0.955 0. -182.063 0.955 -0.297 -0. 460.459 0. 0. -1. 0.
0.295 0.955 0. -180.947 0.955 -0.295 -0. 463.620 0. 0. -1. 0.
0.294 0.956 0. -179.953 0.956 -0.294 -0. 466.795 0. 0. -1. 0.
0.293 0.956 0. -178.993 0.956 -0.293 -0. 469.929 0. 0. -1. 0.
0.292 0.956 0. -177.935 0.956 -0.292 -0. 473.077 0. 0. -1. 0.
0.292 0.956 0. -176.871 0.956 -0.292 -0. 476.269 0. 0. -1. 0.
0.295 0.956 0. -175.843 0.956 -0.295 -0. 479.494 0. 0. -1. 0.
0.298 0.955 0. -174.790 0.955 -0.298 -0. 482.627 0. 0. -1. 0.
0.301 0.954 0. -173.695 0.954 -0.301 -0. 485.873 0. 0. -1. 0.
0.305 0.952 0. -172.662 0.952 -0.305 -0. 489.084 0. 0. -1. 0.
0.306 0.952 0. -171.544 0.952 -0.306 -0. 492.246 0. 0. -1. 0.
0.302 0.953 0. -170.404 0.953 -0.302 -0. 495.512 0. 0. -1. 0.
0.299 0.954 0. -169.399 0.954 -0.299 -0. 498.811 0. 0. -1. 0.
0.297 0.955 0. -168.335 0.955 -0.297 -0. 502.029 0. 0. -1. 0.
0.301 0.954 0. -167.293 0.954 -0.301 -0. 505.246 0. 0. -1. 0.
0.305 0.952 0. -166.236 0.952 -0.305 -0. 508.333 0. 0. -1. 0.
0.300 0.954 0. -165.196 0.954 -0.300 -0. 511.437 0. 0. -1. 0.
0.298 0.955 0. -164.217 0.955 -0.298 -0. 514.609 0. 0. -1. 0.
0.301 0.954 0. -163.192 0.954 -0.301 -0. 517.587 0. 0. -1. 0.
0.301 0.954 0. -162.157 0.954 -0.301 -0. 520.606 0. 0. -1. 0.
0.302 0.953 0. -161.217 0.953 -0.302 -0. 523.609 0. 0. -1. 0.
0.307 0.952 0. -160.229 0.952 -0.307 -0. 526.623 0. 0. -1. 0.
0.312 0.950 0. -159.189 0.950 -0.312 -0. 529.564 0. 0. -1. 0.
0.316 0.949 0. -158.182 0.949 -0.316 -0. 532.521 0. 0. -1. 0.
0.316 0.949 0. -157.143 0.949 -0.316 -0. 535.523 0. 0. -1. 0.
