1611086935960000 1.00000 0.00000 0.00000 -0.00000 0.00000 -1.00000 0.00000 0.00000 0.00000 -0.00000 -1.00000 0.00000
1611086936210638 0.99995 -0.01015 0.00000 -0.01171 -0.01015 -0.99995 0.00000 -0.00701 -0.00000 -0.00000 -1.00000 -0.00000
1611086936460638 0.99995 -0.01026 0.00000 0.01285 -0.01026 -0.99995 0.00000 -0.02085 -0.00000 -0.00000 -1.00000 -0.00000
1611086936710016 0.99998 -0.00552 0.00000 0.03863 -0.00552 -0.99998 0.00000 -0.01385 -0.00000 -0.00000 -1.00000 -0.00000
1611086936960028 1.00000 0.00165 0.00000 -0.01867 0.00165 -1.00000 0.00000 0.00289 0.00000 -0.00000 -1.00000 0.00000
1611086937210644 0.99998 -0.00688 0.00000 -0.05960 -0.00688 -0.99998 0.00000 0.04471 -0.00000 -0.00000 -1.00000 0.00000
1611086937460645 0.99995 -0.01031 0.00000 -0.00008 -0.01031 -0.99995 0.00000 -0.00828 -0.00000 -0.00000 -1.00000 -0.00000
1611086937710656 0.99994 -0.01106 0.00000 0.00208 -0.01106 -0.99994 0.00000 -0.01756 -0.00000 -0.00000 -1.00000 -0.00000
1611086937960658 0.99994 -0.01082 0.00000 0.00108 -0.01082 -0.99994 0.00000 -0.00654 -0.00000 -0.00000 -1.00000 -0.00000
1611086938210656 0.99996 -0.00909 0.00000 0.00138 -0.00909 -0.99996 0.00000 0.01636 -0.00000 -0.00000 -1.00000 0.00000
1611086938460656 0.99996 -0.00882 0.00000 -0.01658 -0.00882 -0.99996 0.00000 0.01925 -0.00000 -0.00000 -1.00000 0.00000
1611086938710664 0.99997 -0.00803 -0.00000 -0.01157 -0.00803 -0.99997 0.00000 0.01048 -0.00000 -0.00000 -1.00000 0.00000
1611086938960666 0.99996 -0.00863 0.00000 0.02686 -0.00863 -0.99996 0.00000 0.04008 -0.00000 -0.00000 -1.00000 0.00000
1611086939210041 1.00000 -0.00157 -0.00000 0.00460 -0.00157 -1.00000 0.00000 0.01595 -0.00000 -0.00000 -1.00000 0.00000
1611086939460043 1.00000 -0.00244 0.00000 -0.02270 -0.00244 -1.00000 0.00000 0.03790 -0.00000 -0.00000 -1.00000 0.00000
1611086939710064 0.99999 -0.00452 0.00000 0.00452 -0.00452 -0.99999 0.00000 -0.00035 -0.00000 -0.00000 -1.00000 -0.00000
1611086939960058 0.99998 -0.00667 0.00000 0.00237 -0.00667 -0.99998 0.00000 0.00440 -0.00000 -0.00000 -1.00000 0.00000
1611086940210063 0.99997 -0.00710 0.00000 0.02230 -0.00710 -0.99997 0.00000 -0.00541 -0.00000 -0.00000 -1.00000 -0.00000
1611086940460064 0.99999 -0.00394 0.00000 -0.00915 -0.00394 -0.99999 0.00000 0.01346 -0.00000 -0.00000 -1.00000 0.00000
1611086940710062 0.99997 -0.00735 0.00000 -0.02230 -0.00735 -0.99997 0.00000 0.02430 -0.00000 -0.00000 -1.00000 0.00000
1611086940960061 0.99994 -0.01057 0.00000 0.01189 -0.01057 -0.99994 0.00000 -0.00083 -0.00000 -0.00000 -1.00000 -0.00000
1611086941210074 0.99996 -0.00946 0.00000 -0.00254 -0.00946 -0.99996 0.00000 0.00043 -0.00000 -0.00000 -1.00000 0.00000
1611086941460071 0.99998 -0.00691 0.00000 0.00691 -0.00691 -0.99998 0.00000 -0.00052 -0.00000 -0.00000 -1.00000 -0.00000
1611086941710074 0.99999 -0.00341 0.00000 -0.00393 -0.00341 -0.99999 0.00000 -0.01010 -0.00000 -0.00000 -1.00000 -0.00000
1611086941960073 0.99999 -0.00377 -0.00000 0.00190 -0.00377 -0.99999 0.00000 -0.00017 -0.00000 -0.00000 -1.00000 -0.00000
1611086942210088 0.99997 -0.00822 0.00000 -0.00625 -0.00822 -0.99997 0.00000 0.02325 -0.00000 -0.00000 -1.00000 0.00000
1611086942460088 0.99994 -0.01118 0.00000 0.01203 -0.01118 -0.99994 0.00000 0.06563 -0.00000 -0.00000 -1.00000 0.00000
1611086942710089 0.99997 -0.00805 0.00000 -0.04925 -0.00805 -0.99997 0.00000 0.06028 -0.00000 -0.00000 -1.00000 0.00000
1611086942960088 0.99997 -0.00785 0.00000 -0.01269 -0.00785 -0.99997 0.00000 0.06584 -0.00000 -0.00000 -1.00000 0.00000
1611086943209465 1.00000 0.00064 0.00000 -0.00628 0.00064 -1.00000 0.00000 0.00347 0.00000 -0.00000 -1.00000 0.00000
1611086943460094 0.99997 -0.00740 0.00000 -0.05200 -0.00740 -0.99997 0.00000 0.10838 -0.00000 -0.00000 -1.00000 0.00000
1611086943710098 0.99997 -0.00804 0.00000 -0.00792 -0.00804 -0.99997 0.00000 0.05179 -0.00000 -0.00000 -1.00000 0.00000
1611086943960100 0.99997 -0.00828 0.00000 0.00159 -0.00828 -0.99997 0.00000 0.06149 -0.00000 -0.00000 -1.00000 0.00000
1611086944209476 1.00000 -0.00209 0.00000 -0.00317 -0.00209 -1.00000 0.00000 0.04306 -0.00000 -0.00000 -1.00000 0.00000
1611086944459479 1.00000 0.00001 0.00000 -0.03106 0.00001 -1.00000 0.00000 0.01550 0.00000 -0.00000 -1.00000 0.00000
1611086944709494 1.00000 0.00028 -0.00000 -0.02364 0.00028 -1.00000 0.00000 0.01261 0.00000 -0.00000 -1.00000 0.00000
1611086944959501 1.00000 -0.00175 0.00000 -0.00077 -0.00175 -1.00000 0.00000 0.02140 -0.00000 -0.00000 -1.00000 0.00000
1611086945209492 1.00000 -0.00193 0.00000 -0.00707 -0.00193 -1.00000 0.00000 0.02808 -0.00000 -0.00000 -1.00000 0.00000
1611086945459496 1.00000 -0.00211 0.00000 -0.00376 -0.00211 -1.00000 0.00000 0.00726 -0.00000 -0.00000 -1.00000 0.00000
1611086945709498 1.00000 -0.00231 0.00000 -0.00191 -0.00231 -1.00000 0.00000 0.00373 -0.00000 -0.00000 -1.00000 0.00000
1611086945959510 0.99999 -0.00360 0.00000 -0.00932 -0.00360 -0.99999 0.00000 0.00896 -0.00000 -0.00000 -1.00000 0.00000
1611086946209506 0.99999 -0.00324 0.00000 0.00659 -0.00324 -0.99999 0.00000 0.00865 -0.00000 -0.00000 -1.00000 0.00000
1611086946459511 1.00000 -0.00039 0.00000 0.00204 -0.00039 -1.00000 0.00000 0.00012 -0.00000 -0.00000 -1.00000 0.00000
1611086946709515 0.99999 -0.00435 0.00000 -0.03386 -0.00435 -0.99999 0.00000 0.03580 -0.00000 -0.00000 -1.00000 0.00000
1611086946959522 0.99998 -0.00550 0.00000 0.00875 -0.00550 -0.99998 0.00000 0.00641 -0.00000 -0.00000 -1.00000 0.00000
1611086947209518 0.99997 -0.00726 0.00000 -0.01207 -0.00726 -0.99997 0.00000 0.02541 -0.00000 -0.00000 -1.00000 0.00000
1611086947459527 0.99999 -0.00447 0.00000 0.01211 -0.00447 -0.99999 0.00000 -0.01152 -0.00000 -0.00000 -1.00000 -0.00000
1611086947709526 0.99999 -0.00493 0.00000 -0.02475 -0.00493 -0.99999 0.00000 0.03360 -0.00000 -0.00000 -1.00000 0.00000
1611086947959527 0.99996 -0.00854 0.00000 -0.01318 -0.00854 -0.99996 0.00000 0.01229 -0.00000 -0.00000 -1.00000 0.00000
1611086948209534 0.99996 -0.00855 0.00000 0.00245 -0.00855 -0.99996 0.00000 0.02419 -0.00000 -0.00000 -1.00000 0.00000
1611086948459538 0.99998 -0.00567 0.00000 -0.00210 -0.00567 -0.99998 0.00000 0.08769 -0.00000 -0.00000 -1.00000 0.00000
1611086948708919 1.00000 0.00008 0.00000 -0.02603 0.00008 -1.00000 0.00000 0.03141 0.00000 -0.00000 -1.00000 0.00000
1611086948958915 0.99999 -0.00348 0.00000 -0.01692 -0.00348 -0.99999 0.00000 0.02736 -0.00000 -0.00000 -1.00000 0.00000
1611086949208914 1.00000 -0.00291 0.00000 0.00250 -0.00291 -1.00000 0.00000 0.00726 -0.00000 -0.00000 -1.00000 0.00000
1611086949458925 0.99999 -0.00474 0.00000 0.00059 -0.00474 -0.99999 0.00000 0.02195 -0.00000 -0.00000 -1.00000 0.00000
1611086949708926 1.00000 -0.00300 0.00000 -0.00091 -0.00300 -1.00000 0.00000 -0.00004 -0.00000 -0.00000 -1.00000 -0.00000
1611086949958934 0.99999 -0.00390 -0.00000 -0.00695 -0.00390 -0.99999 0.00000 0.03161 -0.00000 -0.00000 -1.00000 0.00000
1611086950208940 1.00000 -0.00089 0.00000 0.00485 -0.00089 -1.00000 0.00000 -0.01167 -0.00000 -0.00000 -1.00000 -0.00000
1611086950458935 1.00000 -0.00156 -0.00000 -0.01961 -0.00156 -1.00000 0.00000 0.01157 -0.00000 -0.00000 -1.00000 0.00000
1611086950708942 0.99998 -0.00642 -0.00000 -0.01310 -0.00642 -0.99998 0.00000 0.02992 -0.00000 -0.00000 -1.00000 0.00000
1611086950958935 0.99998 -0.00633 0.00000 0.02379 -0.00633 -0.99998 0.00000 0.00567 -0.00000 -0.00000 -1.00000 0.00000
1611086951208940 1.00000 -0.00237 0.00000 0.00500 -0.00237 -1.00000 0.00000 0.00750 -0.00000 -0.00000 -1.00000 0.00000
1611086951458941 1.00000 -0.00213 0.00000 -0.00688 -0.00213 -1.00000 0.00000 0.01702 -0.00000 -0.00000 -1.00000 0.00000
1611086951708949 1.00000 -0.00084 0.00000 0.00721 -0.00084 -1.00000 0.00000 -0.00966 -0.00000 -0.00000 -1.00000 -0.00000
1611086951958957 1.00000 -0.00241 -0.00000 -0.01587 -0.00241 -1.00000 0.00000 0.03703 -0.00000 -0.00000 -1.00000 0.00000
1611086952208957 0.99997 -0.00790 0.00000 -0.00124 -0.00790 -0.99997 0.00000 0.01493 -0.00000 -0.00000 -1.00000 0.00000
1611086952458952 0.99997 -0.00783 0.00000 0.00609 -0.00783 -0.99997 0.00000 0.00775 -0.00000 -0.00000 -1.00000 0.00000
1611086952708959 0.99996 -0.00837 0.00000 -0.01690 -0.00837 -0.99996 0.00000 0.06442 -0.00000 -0.00000 -1.00000 0.00000
1611086952958353 1.00000 0.00100 0.00000 -0.00767 0.00100 -1.00000 0.00000 0.00436 0.00000 -0.00000 -1.00000 0.00000
1611086953208353 1.00000 -0.00110 0.00000 -0.04285 -0.00110 -1.00000 0.00000 0.04844 -0.00000 -0.00000 -1.00000 0.00000
1611086953458348 0.99998 -0.00688 0.00000 -0.01437 -0.00688 -0.99998 0.00000 0.01926 -0.00000 -0.00000 -1.00000 0.00000
1611086953708353 0.99996 -0.00840 0.00000 0.01687 -0.00840 -0.99996 0.00000 -0.01286 -0.00000 -0.00000 -1.00000 -0.00000
1611086953958354 0.99996 -0.00926 0.00000 -0.01453 -0.00926 -0.99996 0.00000 0.02144 -0.00000 -0.00000 -1.00000 0.00000
1611086954208357 0.99998 -0.00692 0.00000 -0.00298 -0.00692 -0.99998 0.00000 0.00475 -0.00000 -0.00000 -1.00000 0.00000
1611086954458360 0.99999 -0.00498 -0.00000 -0.00790 -0.00498 -0.99999 0.00000 0.01790 -0.00000 -0.00000 -1.00000 0.00000
1611086954708363 0.99994 -0.01070 0.00000 -0.03490 -0.01070 -0.99994 0.00000 0.02663 -0.00000 -0.00000 -1.00000 0.00000
1611086954958362 0.99999 -0.00517 0.00000 0.03042 -0.00517 -0.99999 0.00000 -0.07042 -0.00000 -0.00000 -1.00000 -0.00000
1611086955208998 0.99999 -0.00524 0.00000 0.00820 -0.00524 -0.99999 0.00000 -0.00029 -0.00000 -0.00000 -1.00000 -0.00000
1611086955459621 0.99998 -0.00553 -0.00000 -0.05910 -0.00553 -0.99998 0.00000 0.06365 -0.00000 -0.00000 -1.00000 0.00000
1611086955709625 1.00000 -0.00141 0.00000 0.02654 -0.00141 -1.00000 0.00000 -0.02027 -0.00000 -0.00000 -1.00000 -0.00000
1611086955959631 1.00000 0.00162 0.00000 -0.01003 0.00162 -1.00000 0.00000 0.02325 0.00000 -0.00000 -1.00000 0.00000
1611086956209628 0.99999 -0.00432 0.00000 -0.01805 -0.00432 -0.99999 0.00000 0.03226 -0.00000 -0.00000 -1.00000 0.00000
1611086956459633 0.99998 -0.00650 0.00000 0.01141 -0.00650 -0.99998 0.00000 0.01168 -0.00000 -0.00000 -1.00000 0.00000
1611086956709636 0.99998 -0.00575 0.00000 -0.00476 -0.00575 -0.99998 0.00000 0.01660 -0.00000 -0.00000 -1.00000 0.00000
1611086956959012 1.00000 -0.00231 0.00000 0.01508 -0.00231 -1.00000 0.00000 -0.06428 -0.00000 -0.00000 -1.00000 -0.00000
1611086957209017 0.99999 -0.00335 0.00000 -0.01496 -0.00335 -0.99999 0.00000 0.04467 -0.00000 -0.00000 -1.00000 0.00000
1611086957459018 1.00000 0.00027 0.00000 -0.00270 0.00027 -1.00000 0.00000 -0.00769 0.00000 -0.00000 -1.00000 -0.00000
1611086957709649 0.99998 -0.00701 0.00000 -0.09599 -0.00701 -0.99998 0.00000 0.04011 -0.00000 -0.00000 -1.00000 0.00000
1611086957959650 0.99995 -0.01001 0.00000 0.00188 -0.01001 -0.99995 0.00000 0.00814 -0.00000 -0.00000 -1.00000 0.00000
1611086958209666 0.99995 -0.00981 0.00000 -0.03583 -0.00981 -0.99995 0.00000 0.06624 -0.00000 -0.00000 -1.00000 0.00000
1611086958459656 0.99996 -0.00849 0.00000 -0.01608 -0.00849 -0.99996 0.00000 0.06064 -0.00000 -0.00000 -1.00000 0.00000
1611086958709036 1.00000 0.00069 0.00000 -0.00917 0.00069 -1.00000 0.00000 0.00525 0.00000 -0.00000 -1.00000 0.00000
1611086958959666 0.99999 -0.00394 0.00000 -0.07491 -0.00394 -0.99999 0.00000 0.08834 -0.00000 -0.00000 -1.00000 0.00000
1611086959209671 1.00000 -0.00294 -0.00000 -0.05729 -0.00294 -1.00000 0.00000 0.07750 -0.00000 -0.00000 -1.00000 0.00000
1611086959459047 1.00000 -0.00210 0.00000 -0.03098 -0.00210 -1.00000 0.00000 0.02255 -0.00000 -0.00000 -1.00000 0.00000
1611086959709047 0.99997 -0.00833 0.00000 -0.02228 -0.00833 -0.99997 0.00000 0.06775 -0.00000 -0.00000 -1.00000 0.00000
1611086959959050 0.99996 -0.00859 0.00000 0.00454 -0.00859 -0.99996 0.00000 0.02296 -0.00000 -0.00000 -1.00000 0.00000
1611086960209054 0.99997 -0.00829 0.00000 -0.02096 -0.00829 -0.99997 0.00000 0.04732 -0.00000 -0.00000 -1.00000 0.00000
1611086960458435 1.00000 0.00058 0.00000 -0.04870 0.00058 -1.00000 0.00000 0.02086 0.00000 -0.00000 -1.00000 0.00000
1611086960709064 0.99998 -0.00579 0.00000 -0.04499 -0.00579 -0.99998 0.00000 0.06431 -0.00000 -0.00000 -1.00000 0.00000
1611086960959072 0.99997 -0.00755 0.00000 0.00246 -0.00755 -0.99997 0.00000 0.00748 -0.00000 -0.00000 -1.00000 0.00000
1611086961209072 0.99995 -0.01010 0.00000 -0.01676 -0.01010 -0.99995 0.00000 0.00224 -0.00000 -0.00000 -1.00000 0.00000
1611086961459074 0.99998 -0.00692 0.00000 -0.01453 -0.00692 -0.99998 0.00000 -0.01581 -0.00000 -0.00000 -1.00000 -0.00000
1611086961709073 1.00000 -0.00278 0.00000 -0.05842 -0.00278 -1.00000 0.00000 -0.00047 -0.00000 -0.00000 -1.00000 -0.00000
1611086961959075 0.99997 -0.00759 0.00000 -0.17807 -0.00759 -0.99997 0.00000 -0.01480 -0.00000 -0.00000 -1.00000 -0.00000
1611086962209081 0.99992 -0.01282 0.00000 -0.33372 -0.01282 -0.99992 0.00000 -0.11128 -0.00000 -0.00000 -1.00000 -0.00000
1611086962459089 0.99985 -0.01713 0.00000 -0.56031 -0.01713 -0.99985 0.00000 -0.03887 -0.00000 -0.00000 -1.00000 -0.00000
1611086962709090 0.99963 -0.02705 0.00000 -0.85966 -0.02705 -0.99963 0.00000 0.00303 -0.00000 -0.00000 -1.00000 0.00000
1611086962959090 0.99893 -0.04621 0.00000 -1.22230 -0.04621 -0.99893 0.00000 0.02165 -0.00000 -0.00000 -1.00000 0.00000
1611086963209103 0.99771 -0.06766 0.00000 -1.72075 -0.06766 -0.99771 0.00000 0.01350 -0.00000 -0.00000 -1.00000 0.00000
1611086963459099 0.99621 -0.08701 -0.00000 -2.30396 -0.08701 -0.99621 0.00000 0.00829 -0.00000 -0.00000 -1.00000 0.00000
1611086963709723 0.99363 -0.11269 0.00000 -2.94485 -0.11269 -0.99363 0.00000 0.15219 -0.00000 -0.00000 -1.00000 0.00000
1611086963959729 0.99148 -0.13027 0.00000 -3.69606 -0.13027 -0.99148 0.00000 0.23760 -0.00000 -0.00000 -1.00000 0.00000
1611086964209101 0.99015 -0.14005 0.00000 -4.44473 -0.14005 -0.99015 0.00000 0.14955 -0.00000 -0.00000 -1.00000 0.00000
1611086964459106 0.98811 -0.15374 0.00000 -5.33129 -0.15374 -0.98811 0.00000 0.17455 -0.00000 -0.00000 -1.00000 0.00000
1611086964709110 0.98757 -0.15715 0.00000 -6.18926 -0.15715 -0.98757 0.00000 0.18367 -0.00000 -0.00000 -1.00000 0.00000
1611086964958488 0.98872 -0.14976 0.00000 -7.22408 -0.14976 -0.98872 0.00000 0.11121 -0.00000 -0.00000 -1.00000 0.00000
1611086965208492 0.99022 -0.13954 0.00000 -8.22786 -0.13954 -0.99022 0.00000 0.03449 -0.00000 -0.00000 -1.00000 0.00000
1611086965458493 0.99150 -0.13007 -0.00000 -9.34925 -0.13007 -0.99150 0.00000 -0.00230 -0.00000 -0.00000 -1.00000 -0.00000
1611086965708496 0.99193 -0.12675 0.00000 -10.38552 -0.12675 -0.99193 0.00000 -0.05129 -0.00000 -0.00000 -1.00000 -0.00000
1611086965958506 0.99224 -0.12430 0.00000 -11.50995 -0.12430 -0.99224 0.00000 -0.07005 -0.00000 -0.00000 -1.00000 -0.00000
1611086966208512 0.99338 -0.11488 -0.00000 -12.71984 -0.11488 -0.99338 0.00000 -0.24175 -0.00000 -0.00000 -1.00000 -0.00000
1611086966458506 0.99462 -0.10357 0.00000 -13.89554 -0.10357 -0.99462 0.00000 -0.30403 -0.00000 -0.00000 -1.00000 -0.00000
1611086966708508 0.99564 -0.09329 0.00000 -15.19205 -0.09329 -0.99564 0.00000 -0.48613 -0.00000 -0.00000 -1.00000 -0.00000
1611086966958512 0.99604 -0.08891 -0.00000 -16.47983 -0.08891 -0.99604 0.00000 -0.59566 -0.00000 -0.00000 -1.00000 -0.00000
1611086967209146 0.99630 -0.08596 0.00000 -17.80721 -0.08596 -0.99630 0.00000 -0.68979 -0.00000 -0.00000 -1.00000 -0.00000
1611086967459148 0.99695 -0.07802 0.00000 -19.09625 -0.07802 -0.99695 0.00000 -0.86245 -0.00000 -0.00000 -1.00000 -0.00000
1611086967709150 0.99723 -0.07444 0.00000 -20.53910 -0.07444 -0.99723 0.00000 -0.89329 -0.00000 -0.00000 -1.00000 -0.00000
1611086967959151 0.99801 -0.06310 0.00000 -21.95226 -0.06310 -0.99801 0.00000 -1.14879 -0.00000 -0.00000 -1.00000 -0.00000
1611086968209165 0.99785 -0.06550 -0.00000 -23.39227 -0.06550 -0.99785 0.00000 -1.10852 -0.00000 -0.00000 -1.00000 -0.00000
1611086968459151 0.99782 -0.06598 -0.00000 -24.88205 -0.06598 -0.99782 0.00000 -1.14629 -0.00000 -0.00000 -1.00000 -0.00000
1611086968709157 0.99819 -0.06012 0.00000 -26.31625 -0.06012 -0.99819 0.00000 -1.35763 -0.00000 -0.00000 -1.00000 -0.00000
1611086968958551 0.99900 -0.04467 0.00000 -27.79666 -0.04467 -0.99900 0.00000 -1.76748 -0.00000 -0.00000 -1.00000 -0.00000
1611086969208539 0.99941 -0.03426 0.00000 -29.20048 -0.03426 -0.99941 0.00000 -2.13432 -0.00000 -0.00000 -1.00000 -0.00000
1611086969459162 0.99939 -0.03491 0.00000 -30.75529 -0.03491 -0.99939 0.00000 -2.09714 -0.00000 -0.00000 -1.00000 -0.00000
1611086969709168 0.99963 -0.02725 0.00000 -32.18459 -0.02725 -0.99963 0.00000 -2.36315 -0.00000 -0.00000 -1.00000 -0.00000
1611086969959171 0.99983 -0.01841 0.00000 -33.65239 -0.01841 -0.99983 0.00000 -2.69571 -0.00000 -0.00000 -1.00000 -0.00000
1611086970209172 0.99998 -0.00582 0.00000 -35.12017 -0.00582 -0.99998 0.00000 -3.16340 -0.00000 -0.00000 -1.00000 -0.00000
1611086970459805 0.99999 -0.00409 0.00000 -36.59762 -0.00409 -0.99999 0.00000 -3.12966 -0.00000 -0.00000 -1.00000 -0.00000
1611086970709810 0.99998 0.00597 0.00000 -38.07764 0.00597 -0.99998 0.00000 -3.59552 0.00000 -0.00000 -1.00000 -0.00000
1611086970959815 1.00000 0.00265 -0.00000 -39.68855 0.00265 -1.00000 0.00000 -3.50235 0.00000 -0.00000 -1.00000 -0.00000
1611086971209810 0.99996 0.00845 0.00000 -41.08220 0.00845 -0.99996 0.00000 -3.84984 0.00000 -0.00000 -1.00000 -0.00000
1611086971459815 0.99999 0.00458 0.00000 -42.62433 0.00458 -0.99999 0.00000 -3.61994 0.00000 -0.00000 -1.00000 -0.00000
1611086971709815 0.99997 0.00729 0.00000 -44.18057 0.00729 -0.99997 0.00000 -3.82104 0.00000 -0.00000 -1.00000 -0.00000
1611086971960443 1.00000 0.00301 0.00000 -45.75358 0.00301 -1.00000 0.00000 -3.55485 0.00000 -0.00000 -1.00000 -0.00000
1611086972210452 1.00000 0.00254 0.00000 -47.37024 0.00254 -1.00000 0.00000 -3.66545 0.00000 -0.00000 -1.00000 -0.00000
1611086972461078 1.00000 -0.00111 0.00000 -49.09030 -0.00111 -1.00000 0.00000 -3.38694 -0.00000 -0.00000 -1.00000 -0.00000
1611086972710450 0.99998 0.00560 -0.00000 -50.77920 0.00560 -0.99998 0.00000 -3.88041 0.00000 -0.00000 -1.00000 -0.00000
1611086972961081 1.00000 -0.00021 0.00000 -52.51121 -0.00021 -1.00000 0.00000 -3.50028 -0.00000 -0.00000 -1.00000 -0.00000
1611086973210460 0.99999 0.00458 0.00000 -54.22900 0.00458 -0.99999 0.00000 -3.84638 0.00000 -0.00000 -1.00000 -0.00000
1611086973460469 1.00000 0.00049 0.00000 -56.03216 0.00049 -1.00000 0.00000 -3.58049 0.00000 -0.00000 -1.00000 -0.00000
1611086973710469 1.00000 0.00182 0.00000 -57.85738 0.00182 -1.00000 0.00000 -3.78260 0.00000 -0.00000 -1.00000 -0.00000
1611086973960474 1.00000 -0.00015 0.00000 -59.70853 -0.00015 -1.00000 0.00000 -3.69234 -0.00000 -0.00000 -1.00000 -0.00000
1611086974210475 0.99998 -0.00660 0.00000 -61.65984 -0.00660 -0.99998 0.00000 -3.33581 -0.00000 -0.00000 -1.00000 -0.00000
1611086974460479 0.99999 -0.00404 0.00000 -63.62289 -0.00404 -0.99999 0.00000 -3.60327 -0.00000 -0.00000 -1.00000 -0.00000
1611086974710484 0.99997 -0.00737 0.00000 -65.60650 -0.00737 -0.99997 0.00000 -3.43560 -0.00000 -0.00000 -1.00000 -0.00000
1611086974960484 0.99997 -0.00821 0.00000 -67.51838 -0.00821 -0.99997 0.00000 -3.39771 -0.00000 -0.00000 -1.00000 -0.00000
1611086975210484 0.99996 -0.00838 0.00000 -69.46497 -0.00838 -0.99996 0.00000 -3.30426 -0.00000 -0.00000 -1.00000 -0.00000
1611086975460491 0.99998 -0.00700 0.00000 -71.42649 -0.00700 -0.99998 0.00000 -3.41681 -0.00000 -0.00000 -1.00000 -0.00000
1611086975710491 0.99994 -0.01063 0.00000 -73.40431 -0.01063 -0.99994 0.00000 -3.18374 -0.00000 -0.00000 -1.00000 -0.00000
1611086975960498 0.99987 -0.01602 -0.00000 -75.38162 -0.01602 -0.99987 0.00000 -2.79396 -0.00000 -0.00000 -1.00000 -0.00000
1611086976210508 0.99978 -0.02078 0.00000 -77.34843 -0.02078 -0.99978 0.00000 -2.45910 -0.00000 -0.00000 -1.00000 -0.00000
1611086976460498 0.99959 -0.02857 0.00000 -79.27993 -0.02857 -0.99959 0.00000 -1.76181 -0.00000 -0.00000 -1.00000 -0.00000
1611086976710501 0.99908 -0.04300 0.00000 -81.23081 -0.04300 -0.99908 0.00000 -0.68510 -0.00000 -0.00000 -1.00000 -0.00000
1611086976959903 0.99883 -0.04826 0.00000 -83.14549 -0.04826 -0.99883 0.00000 -0.28183 -0.00000 -0.00000 -1.00000 -0.00000
1611086977210517 0.99692 -0.07843 -0.00000 -85.08342 -0.07843 -0.99692 0.00000 2.34449 -0.00000 -0.00000 -1.00000 0.00000
1611086977460515 0.99475 -0.10231 -0.00000 -86.84065 -0.10231 -0.99475 0.00000 4.34339 -0.00000 -0.00000 -1.00000 0.00000
1611086977711147 0.98864 -0.15033 0.00000 -88.37738 -0.15033 -0.98864 0.00000 8.51840 -0.00000 -0.00000 -1.00000 0.00000
1611086977961771 0.97965 -0.20071 0.00000 -89.71917 -0.20071 -0.97965 0.00000 13.07582 -0.00000 -0.00000 -1.00000 0.00000
1611086978211782 0.96829 -0.24983 0.00000 -90.77196 -0.24983 -0.96829 0.00000 17.54914 -0.00000 -0.00000 -1.00000 0.00000
1611086978461154 0.95341 -0.30167 -0.00000 -91.56598 -0.30167 -0.95341 0.00000 22.37818 -0.00000 -0.00000 -1.00000 0.00000
1611086978711159 0.93974 -0.34189 0.00000 -92.36414 -0.34189 -0.93974 0.00000 26.20798 -0.00000 -0.00000 -1.00000 0.00000
1611086978961162 0.91860 -0.39518 0.00000 -92.56888 -0.39518 -0.91860 0.00000 31.60665 -0.00000 -0.00000 -1.00000 0.00000
1611086979211163 0.89454 -0.44700 0.00000 -92.43869 -0.44700 -0.89454 0.00000 36.74006 -0.00000 -0.00000 -1.00000 0.00000
1611086979461165 0.86740 -0.49761 0.00000 -91.98948 -0.49761 -0.86740 0.00000 41.93533 -0.00000 -0.00000 -1.00000 0.00000
1611086979711170 0.83727 -0.54679 0.00000 -91.19306 -0.54679 -0.83727 0.00000 47.24763 -0.00000 -0.00000 -1.00000 0.00000
1611086979960549 0.80805 -0.58912 0.00000 -90.52855 -0.58912 -0.80805 0.00000 51.81609 -0.00000 -0.00000 -1.00000 0.00000
1611086980211179 0.76479 -0.64428 -0.00000 -88.50109 -0.64428 -0.76479 0.00000 58.08393 -0.00000 -0.00000 -1.00000 0.00000
1611086980461180 0.72220 -0.69168 0.00000 -86.35472 -0.69168 -0.72220 0.00000 63.59681 -0.00000 -0.00000 -1.00000 0.00000
1611086980711188 0.67344 -0.73924 0.00000 -83.57720 -0.73924 -0.67344 0.00000 69.24156 -0.00000 -0.00000 -1.00000 0.00000
1611086980960566 0.62853 -0.77778 0.00000 -81.05792 -0.77778 -0.62853 0.00000 74.05296 -0.00000 -0.00000 -1.00000 0.00000
1611086981210560 0.58151 -0.81354 0.00000 -78.32921 -0.81354 -0.58151 0.00000 78.79582 -0.00000 -0.00000 -1.00000 0.00000
1611086981460563 0.53495 -0.84488 0.00000 -75.48395 -0.84488 -0.53495 0.00000 83.03753 -0.00000 -0.00000 -1.00000 0.00000
1611086981710573 0.48684 -0.87349 -0.00000 -72.45620 -0.87349 -0.48684 0.00000 87.00267 -0.00000 -0.00000 -1.00000 0.00000
1611086981960572 0.45014 -0.89296 0.00000 -70.54606 -0.89296 -0.45014 0.00000 89.85896 -0.00000 -0.00000 -1.00000 0.00000
1611086982210582 0.42622 -0.90462 -0.00000 -69.86670 -0.90462 -0.42622 0.00000 91.65108 -0.00000 -0.00000 -1.00000 0.00000
1611086982459949 0.40995 -0.91211 0.00000 -69.99497 -0.91211 -0.40995 0.00000 92.98763 -0.00000 -0.00000 -1.00000 0.00000
1611086982709952 0.38592 -0.92253 0.00000 -69.37601 -0.92253 -0.38592 0.00000 94.76486 -0.00000 -0.00000 -1.00000 0.00000
1611086982959964 0.36391 -0.93143 0.00000 -68.86904 -0.93143 -0.36391 0.00000 96.40230 -0.00000 -0.00000 -1.00000 0.00000
1611086983209966 0.36125 -0.93247 0.00000 -70.48535 -0.93247 -0.36125 0.00000 96.59964 -0.00000 -0.00000 -1.00000 0.00000
1611086983459966 0.36218 -0.93211 0.00000 -72.44684 -0.93211 -0.36218 0.00000 96.55263 -0.00000 -0.00000 -1.00000 0.00000
1611086983709975 0.36472 -0.93112 0.00000 -74.63535 -0.93112 -0.36472 0.00000 96.29802 -0.00000 -0.00000 -1.00000 0.00000
1611086983959973 0.36191 -0.93221 0.00000 -76.26900 -0.93221 -0.36191 0.00000 96.56005 -0.00000 -0.00000 -1.00000 0.00000
1611086984209981 0.36497 -0.93102 0.00000 -78.45666 -0.93102 -0.36497 0.00000 96.25499 -0.00000 -0.00000 -1.00000 0.00000
1611086984459980 0.36726 -0.93012 -0.00000 -80.62447 -0.93012 -0.36726 0.00000 96.09888 -0.00000 -0.00000 -1.00000 0.00000
1611086984709985 0.38054 -0.92477 0.00000 -83.93893 -0.92477 -0.38054 0.00000 95.01156 -0.00000 -0.00000 -1.00000 0.00000
1611086984959991 0.39002 -0.92081 -0.00000 -86.95090 -0.92081 -0.39002 0.00000 93.98353 -0.00000 -0.00000 -1.00000 0.00000
1611086985209984 0.40875 -0.91265 0.00000 -90.85361 -0.91265 -0.40875 0.00000 92.06670 -0.00000 -0.00000 -1.00000 0.00000
1611086985459994 0.41710 -0.90886 0.00000 -93.66355 -0.90886 -0.41710 0.00000 91.20949 -0.00000 -0.00000 -1.00000 0.00000
1611086985709994 0.43415 -0.90084 0.00000 -97.33168 -0.90084 -0.43415 0.00000 89.54644 -0.00000 -0.00000 -1.00000 0.00000
1611086985959997 0.45884 -0.88852 0.00000 -101.76522 -0.88852 -0.45884 0.00000 86.58223 -0.00000 -0.00000 -1.00000 0.00000
1611086986210000 0.47898 -0.87783 0.00000 -105.70940 -0.87783 -0.47898 0.00000 84.30952 -0.00000 -0.00000 -1.00000 0.00000
1611086986460627 0.48970 -0.87189 0.00000 -108.73476 -0.87189 -0.48970 0.00000 82.99254 -0.00000 -0.00000 -1.00000 0.00000
1611086986710632 0.50720 -0.86183 0.00000 -112.24709 -0.86183 -0.50720 0.00000 80.85807 -0.00000 -0.00000 -1.00000 0.00000
1611086986960009 0.53002 -0.84799 0.00000 -116.39563 -0.84799 -0.53002 0.00000 77.65068 -0.00000 -0.00000 -1.00000 0.00000
1611086987210638 0.53789 -0.84302 0.00000 -119.00977 -0.84302 -0.53789 0.00000 76.50862 -0.00000 -0.00000 -1.00000 0.00000
1611086987460640 0.55648 -0.83086 0.00000 -122.60501 -0.83086 -0.55648 0.00000 73.91798 -0.00000 -0.00000 -1.00000 0.00000
1611086987710645 0.56994 -0.82168 0.00000 -125.69985 -0.82168 -0.56994 0.00000 71.72183 -0.00000 -0.00000 -1.00000 0.00000
1611086987960644 0.58951 -0.80776 -0.00000 -129.21670 -0.80776 -0.58951 0.00000 68.68046 -0.00000 -0.00000 -1.00000 0.00000
1611086988210654 0.60598 -0.79548 0.00000 -132.46455 -0.79548 -0.60598 0.00000 66.06485 -0.00000 -0.00000 -1.00000 0.00000
1611086988460648 0.62591 -0.77989 0.00000 -135.97794 -0.77989 -0.62591 0.00000 62.74671 -0.00000 -0.00000 -1.00000 0.00000
1611086988710028 0.65381 -0.75666 0.00000 -139.99975 -0.75666 -0.65381 0.00000 57.54271 -0.00000 -0.00000 -1.00000 0.00000
1611086988960659 0.66532 -0.74656 0.00000 -142.80900 -0.74656 -0.66532 0.00000 55.35606 -0.00000 -0.00000 -1.00000 0.00000
1611086989210664 0.68870 -0.72505 0.00000 -146.08742 -0.72505 -0.68870 0.00000 50.85989 -0.00000 -0.00000 -1.00000 0.00000
1611086989460663 0.70809 -0.70612 0.00000 -149.20834 -0.70612 -0.70809 0.00000 46.81534 -0.00000 -0.00000 -1.00000 0.00000
1611086989710666 0.73195 -0.68136 0.00000 -152.46725 -0.68136 -0.73195 0.00000 41.61437 -0.00000 -0.00000 -1.00000 0.00000
1611086989960674 0.76259 -0.64688 0.00000 -155.85263 -0.64688 -0.76259 0.00000 34.57221 -0.00000 -0.00000 -1.00000 0.00000
1611086990211304 0.80021 -0.59972 0.00000 -159.21247 -0.59972 -0.80021 0.00000 25.10106 -0.00000 -0.00000 -1.00000 0.00000
1611086990460684 0.84885 -0.52864 0.00000 -162.33274 -0.52864 -0.84885 0.00000 11.21320 -0.00000 -0.00000 -1.00000 0.00000
1611086990710680 0.89597 -0.44411 0.00000 -164.14060 -0.44411 -0.89597 0.00000 -4.55301 -0.00000 -0.00000 -1.00000 -0.00000
1611086990960683 0.94066 -0.33934 0.00000 -163.86497 -0.33934 -0.94066 0.00000 -23.27798 -0.00000 -0.00000 -1.00000 -0.00000
1611086991211312 0.97558 -0.21963 -0.00000 -160.95563 -0.21963 -0.97558 0.00000 -43.43379 -0.00000 -0.00000 -1.00000 -0.00000
1611086991461318 0.99646 -0.08406 0.00000 -154.65531 -0.08406 -0.99646 0.00000 -65.07601 -0.00000 -0.00000 -1.00000 -0.00000
1611086991711318 0.99759 0.06943 0.00000 -143.98958 0.06943 -0.99759 0.00000 -87.94128 0.00000 -0.00000 -1.00000 -0.00000
1611086991961322 0.97403 0.22644 0.00000 -129.30093 0.22644 -0.97403 0.00000 -109.62353 0.00000 -0.00000 -1.00000 -0.00000
1611086992211950 0.92363 0.38328 0.00000 -110.59797 0.38328 -0.92363 0.00000 -129.27461 0.00000 -0.00000 -1.00000 -0.00000
1611086992461323 0.83593 0.54884 0.00000 -85.54743 0.54884 -0.83593 0.00000 -147.69352 0.00000 -0.00000 -1.00000 -0.00000
1611086992711961 0.72655 0.68711 -0.00000 -59.28009 0.68711 -0.72655 0.00000 -160.37391 0.00000 -0.00000 -1.00000 -0.00000
1611086992962579 0.58858 0.80844 0.00000 -29.89682 0.80844 -0.58858 0.00000 -168.43402 0.00000 -0.00000 -1.00000 -0.00000
1611086993212583 0.42466 0.90535 0.00000 1.64560 0.90535 -0.42466 0.00000 -171.02386 0.00000 -0.00000 -1.00000 -0.00000
1611086993462589 0.24146 0.97041 0.00000 33.75126 0.97041 -0.24146 0.00000 -167.45655 0.00000 -0.00000 -1.00000 -0.00000
1611086993713217 0.06048 0.99817 0.00000 62.77913 0.99817 -0.06048 0.00000 -158.45426 0.00000 -0.00000 -1.00000 -0.00000
1611086993963227 -0.12390 0.99230 -0.00000 89.85605 0.99230 0.12390 0.00000 -144.13091 0.00000 0.00000 -1.00000 -0.00000
1611086994213850 -0.29867 0.95436 0.00000 113.06269 0.95436 0.29867 0.00000 -125.96573 0.00000 0.00000 -1.00000 -0.00000
1611086994463851 -0.44808 0.89399 0.00000 130.79752 0.89399 0.44808 0.00000 -106.05743 0.00000 0.00000 -1.00000 -0.00000
1611086994713856 -0.58809 0.80879 -0.00000 145.31703 0.80879 0.58809 0.00000 -83.27689 0.00000 0.00000 -1.00000 -0.00000
1611086994964483 -0.69570 0.71833 0.00000 154.32339 0.71833 0.69570 0.00000 -62.07915 0.00000 0.00000 -1.00000 -0.00000
1611086995214482 -0.79082 0.61205 0.00000 160.40253 0.61205 0.79082 0.00000 -39.46390 0.00000 0.00000 -1.00000 -0.00000
1611086995465110 -0.85164 0.52413 0.00000 162.38955 0.52413 0.85164 0.00000 -22.16347 0.00000 0.00000 -1.00000 -0.00000
1611086995715739 -0.89225 0.45153 0.00000 162.53030 0.45153 0.89225 0.00000 -8.50448 0.00000 0.00000 -1.00000 -0.00000
1611086995965754 -0.91794 0.39671 0.00000 161.28942 0.39671 0.91794 0.00000 1.32774 0.00000 0.00000 -1.00000 0.00000
1611086996215751 -0.92987 0.36788 0.00000 159.90150 0.36788 0.92987 0.00000 6.35335 0.00000 0.00000 -1.00000 0.00000
1611086996465747 -0.93984 0.34160 0.00000 158.26267 0.34160 0.93984 0.00000 10.83766 0.00000 0.00000 -1.00000 0.00000
1611086996715754 -0.94025 0.34049 0.00000 156.80592 0.34049 0.94025 0.00000 10.93210 0.00000 0.00000 -1.00000 0.00000
1611086996966378 -0.93679 0.34989 0.00000 155.36268 0.34989 0.93679 0.00000 9.42688 0.00000 0.00000 -1.00000 0.00000
1611086997216383 -0.92782 0.37303 -0.00000 153.93703 0.37303 0.92782 0.00000 5.60709 0.00000 0.00000 -1.00000 0.00000
1611086997466386 -0.91445 0.40469 0.00000 152.56781 0.40469 0.91445 0.00000 0.36741 0.00000 0.00000 -1.00000 0.00000
1611086997716388 -0.89558 0.44489 0.00000 150.82255 0.44489 0.89558 0.00000 -6.34548 0.00000 0.00000 -1.00000 -0.00000
1611086997965768 -0.88212 0.47103 -0.00000 148.88365 0.47103 0.88212 0.00000 -10.91213 0.00000 0.00000 -1.00000 -0.00000
1611086998215771 -0.85814 0.51342 0.00000 146.40635 0.51342 0.85814 0.00000 -18.23963 0.00000 0.00000 -1.00000 -0.00000
1611086998465770 -0.83726 0.54680 0.00000 144.03147 0.54680 0.83726 0.00000 -23.94844 0.00000 0.00000 -1.00000 -0.00000
1611086998715785 -0.80278 0.59627 0.00000 140.45320 0.59627 0.80278 0.00000 -32.61670 0.00000 0.00000 -1.00000 -0.00000
1611086998965150 -0.77634 0.63031 0.00000 137.15058 0.63031 0.77634 0.00000 -38.76980 0.00000 0.00000 -1.00000 -0.00000
1611086999215779 -0.74174 0.67069 0.00000 132.99535 0.67069 0.74174 0.00000 -45.88606 0.00000 0.00000 -1.00000 -0.00000
1611086999465780 -0.70518 0.70903 0.00000 128.65671 0.70903 0.70518 0.00000 -52.98960 0.00000 0.00000 -1.00000 -0.00000
1611086999715785 -0.66228 0.74925 0.00000 123.43354 0.74925 0.66228 0.00000 -60.53568 0.00000 0.00000 -1.00000 -0.00000
1611086999965173 -0.62268 0.78248 0.00000 118.23480 0.78248 0.62268 0.00000 -66.89479 0.00000 0.00000 -1.00000 -0.00000
1611087000215176 -0.58064 0.81416 0.00000 112.67126 0.81416 0.58064 0.00000 -72.85931 0.00000 0.00000 -1.00000 -0.00000
1611087000465168 -0.53824 0.84279 -0.00000 106.92051 0.84279 0.53824 0.00000 -78.52289 0.00000 0.00000 -1.00000 -0.00000
1611087000714549 -0.50459 0.86336 0.00000 101.93718 0.86336 0.50459 0.00000 -82.77514 0.00000 0.00000 -1.00000 -0.00000
1611087000963927 -0.47194 0.88163 0.00000 96.92025 0.88163 0.47194 0.00000 -86.58174 0.00000 0.00000 -1.00000 -0.00000
1611087001214559 -0.43939 0.89830 0.00000 91.84756 0.89830 0.43939 0.00000 -89.98608 0.00000 0.00000 -1.00000 -0.00000
1611087001464555 -0.41409 0.91024 -0.00000 87.47012 0.91024 0.41409 0.00000 -92.64181 0.00000 0.00000 -1.00000 -0.00000
1611087001714560 -0.39681 0.91790 0.00000 83.84657 0.91790 0.39681 0.00000 -94.32271 0.00000 0.00000 -1.00000 -0.00000
1611087001964566 -0.38852 0.92144 -0.00000 81.17141 0.92144 0.38852 0.00000 -95.17131 0.00000 0.00000 -1.00000 -0.00000
1611087002214574 -0.37655 0.92640 0.00000 78.08471 0.92640 0.37655 0.00000 -96.26763 0.00000 0.00000 -1.00000 -0.00000
1611087002464577 -0.37010 0.92899 -0.00000 75.55751 0.92899 0.37010 0.00000 -96.90492 0.00000 0.00000 -1.00000 -0.00000
1611087002714574 -0.35849 0.93353 0.00000 72.39082 0.93353 0.35849 0.00000 -97.91341 0.00000 0.00000 -1.00000 -0.00000
1611087002964579 -0.36174 0.93228 0.00000 70.76171 0.93228 0.36174 0.00000 -97.70368 0.00000 0.00000 -1.00000 -0.00000
1611087003214581 -0.36939 0.92928 0.00000 69.66988 0.92928 0.36939 0.00000 -97.09293 0.00000 0.00000 -1.00000 -0.00000
1611087003464585 -0.37801 0.92580 0.00000 68.57646 0.92580 0.37801 0.00000 -96.45265 0.00000 0.00000 -1.00000 -0.00000
1611087003714593 -0.40625 0.91376 0.00000 69.53058 0.91376 0.40625 0.00000 -94.10119 0.00000 0.00000 -1.00000 -0.00000
1611087003964597 -0.43875 0.89861 0.00000 71.00531 0.89861 0.43875 0.00000 -91.96439 0.00000 0.00000 -1.00000 -0.00000
1611087004215229 -0.46538 0.88511 0.00000 71.74896 0.88511 0.46538 0.00000 -89.74651 0.00000 0.00000 -1.00000 -0.00000
1611087004465226 -0.50102 0.86543 -0.00000 73.47713 0.86543 0.50102 0.00000 -86.87445 0.00000 0.00000 -1.00000 -0.00000
1611087004715229 -0.54164 0.84061 0.00000 75.65846 0.84061 0.54164 0.00000 -83.27102 0.00000 0.00000 -1.00000 -0.00000
1611087004965229 -0.58055 0.81422 0.00000 77.66339 0.81422 0.58055 0.00000 -79.60171 0.00000 0.00000 -1.00000 -0.00000
1611087005215857 -0.61741 0.78664 0.00000 79.38896 0.78664 0.61741 0.00000 -76.01411 0.00000 0.00000 -1.00000 -0.00000
1611087005466484 -0.66129 0.75013 0.00000 81.85368 0.75013 0.66129 0.00000 -71.37903 0.00000 0.00000 -1.00000 -0.00000
1611087005716494 -0.70355 0.71065 0.00000 84.03464 0.71065 0.70355 0.00000 -66.69455 0.00000 0.00000 -1.00000 -0.00000
1611087005967116 -0.74790 0.66381 0.00000 86.37055 0.66381 0.74790 0.00000 -61.03927 0.00000 0.00000 -1.00000 -0.00000
1611087006216491 -0.79523 0.60631 0.00000 88.88458 0.60631 0.79523 0.00000 -54.55023 0.00000 0.00000 -1.00000 -0.00000
1611087006467117 -0.82882 0.55951 0.00000 89.98655 0.55951 0.82882 0.00000 -49.34827 0.00000 0.00000 -1.00000 -0.00000
1611087006717140 -0.86538 0.50112 -0.00000 91.36683 0.50112 0.86538 0.00000 -43.12150 0.00000 0.00000 -1.00000 -0.00000
1611087006967753 -0.89480 0.44647 0.00000 91.93803 0.44647 0.89480 0.00000 -37.35221 0.00000 0.00000 -1.00000 -0.00000
1611087007217762 -0.92097 0.38963 0.00000 92.28957 0.38963 0.92097 0.00000 -31.63695 0.00000 0.00000 -1.00000 -0.00000
1611087007468383 -0.94082 0.33891 0.00000 91.94878 0.33891 0.94082 0.00000 -26.46373 0.00000 0.00000 -1.00000 -0.00000
1611087007718389 -0.95679 0.29078 0.00000 91.19395 0.29078 0.95679 0.00000 -21.75844 0.00000 0.00000 -1.00000 -0.00000
1611087007969022 -0.97058 0.24076 0.00000 90.25882 0.24076 0.97058 0.00000 -17.10414 0.00000 0.00000 -1.00000 -0.00000
1611087008219650 -0.97984 0.19977 0.00000 88.93682 0.19977 0.97984 0.00000 -13.27147 0.00000 0.00000 -1.00000 -0.00000
1611087008469647 -0.98582 0.16781 0.00000 87.33067 0.16781 0.98582 0.00000 -10.44605 0.00000 0.00000 -1.00000 -0.00000
1611087008719651 -0.98964 0.14354 0.00000 85.52945 0.14354 0.98964 0.00000 -8.25276 0.00000 0.00000 -1.00000 -0.00000
1611087008969023 -0.99402 0.10919 0.00000 83.81174 0.10919 0.99402 0.00000 -5.30526 0.00000 0.00000 -1.00000 -0.00000
1611087009217783 -0.99639 0.08487 0.00000 81.87376 0.08487 0.99639 0.00000 -3.37314 0.00000 0.00000 -1.00000 -0.00000
1611087009467784 -0.99789 0.06498 0.00000 79.85684 0.06498 0.99789 0.00000 -1.71458 0.00000 0.00000 -1.00000 -0.00000
1611087009717788 -0.99881 0.04876 0.00000 77.78923 0.04876 0.99881 0.00000 -0.39028 0.00000 0.00000 -1.00000 -0.00000
1611087009967168 -0.99959 0.02861 -0.00000 75.78243 0.02861 0.99959 0.00000 1.04682 0.00000 0.00000 -1.00000 0.00000
1611087010217169 -0.99982 0.01891 0.00000 73.69401 0.01891 0.99982 0.00000 1.76004 0.00000 0.00000 -1.00000 0.00000
1611087010467173 -0.99989 0.01513 -0.00000 71.67634 0.01513 0.99989 0.00000 1.99804 0.00000 0.00000 -1.00000 0.00000
1611087010717803 -0.99987 0.01596 0.00000 69.68066 0.01596 0.99987 0.00000 1.96856 0.00000 0.00000 -1.00000 0.00000
1611087010967803 -0.99998 0.00582 0.00000 67.67339 0.00582 0.99998 0.00000 2.70221 0.00000 0.00000 -1.00000 0.00000
1611087011217808 -0.99998 0.00614 0.00000 65.73891 0.00614 0.99998 0.00000 2.66494 0.00000 0.00000 -1.00000 0.00000
1611087011467811 -1.00000 -0.00064 0.00000 63.69020 -0.00064 1.00000 0.00000 3.09555 -0.00000 0.00000 -1.00000 0.00000
1611087011718455 -0.99999 0.00450 0.00000 61.78273 0.00450 0.99999 0.00000 2.61813 0.00000 0.00000 -1.00000 0.00000
1611087011968456 -1.00000 0.00191 0.00000 59.89124 0.00191 1.00000 0.00000 2.69827 0.00000 0.00000 -1.00000 0.00000
1611087012218441 -0.99999 0.00394 -0.00000 58.01808 0.00394 0.99999 0.00000 2.59545 0.00000 0.00000 -1.00000 0.00000
1611087012468444 -0.99998 0.00561 0.00000 56.26666 0.00561 0.99998 0.00000 2.51773 0.00000 0.00000 -1.00000 0.00000
1611087012718451 -1.00000 0.00061 0.00000 54.39002 0.00061 1.00000 0.00000 2.72491 0.00000 0.00000 -1.00000 0.00000
1611087012967828 -0.99999 -0.00335 0.00000 52.58739 -0.00335 0.99999 0.00000 2.92092 -0.00000 0.00000 -1.00000 0.00000
1611087013217834 -0.99997 -0.00798 0.00000 50.81447 -0.00798 0.99997 0.00000 3.14698 -0.00000 0.00000 -1.00000 0.00000
1611087013467835 -1.00000 -0.00242 0.00000 49.01463 -0.00242 1.00000 0.00000 2.85682 -0.00000 0.00000 -1.00000 0.00000
1611087013717840 -0.99998 -0.00650 0.00000 47.22340 -0.00650 0.99998 0.00000 3.01858 -0.00000 0.00000 -1.00000 0.00000
1611087013967842 -0.99996 -0.00860 0.00000 45.35241 -0.00860 0.99996 0.00000 3.10358 -0.00000 0.00000 -1.00000 0.00000
1611087014218467 -0.99999 -0.00449 0.00000 43.46376 -0.00449 0.99999 0.00000 2.92955 -0.00000 0.00000 -1.00000 0.00000
1611087014467845 -0.99999 -0.00461 0.00000 41.60758 -0.00461 0.99999 0.00000 2.75978 -0.00000 0.00000 -1.00000 0.00000
1611087014718483 -0.99998 0.00675 0.00000 39.73675 0.00675 0.99998 0.00000 2.46319 0.00000 0.00000 -1.00000 0.00000
1611087014969101 -0.99990 0.01434 0.00000 37.83007 0.01434 0.99990 0.00000 2.07718 0.00000 0.00000 -1.00000 0.00000
1611087015219741 -0.99970 0.02444 0.00000 35.87852 0.02444 0.99970 0.00000 1.60805 0.00000 0.00000 -1.00000 0.00000
1611087015469114 -0.99969 0.02499 0.00000 34.02754 0.02499 0.99969 0.00000 1.54073 0.00000 0.00000 -1.00000 0.00000
1611087015719115 -0.99931 0.03728 -0.00000 31.98592 0.03728 0.99931 0.00000 1.17781 0.00000 0.00000 -1.00000 0.00000
1611087015969113 -0.99884 0.04824 0.00000 30.15943 0.04824 0.99884 0.00000 0.85269 0.00000 0.00000 -1.00000 0.00000
1611087016218489 -0.99868 0.05130 0.00000 28.18661 0.05130 0.99868 0.00000 0.65999 0.00000 0.00000 -1.00000 0.00000
1611087016468499 -0.99822 0.05964 0.00000 26.25916 0.05964 0.99822 0.00000 0.44864 0.00000 0.00000 -1.00000 0.00000
1611087016717873 -0.99797 0.06366 0.00000 24.35322 0.06366 0.99797 0.00000 0.27708 0.00000 0.00000 -1.00000 0.00000
1611087016967876 -0.99767 0.06828 0.00000 22.42589 0.06828 0.99767 0.00000 0.16633 0.00000 0.00000 -1.00000 0.00000
1611087017217881 -0.99715 0.07549 0.00000 20.51018 0.07549 0.99715 0.00000 -0.08886 0.00000 0.00000 -1.00000 -0.00000
1611087017467258 -0.99704 0.07690 0.00000 18.56148 0.07690 0.99704 0.00000 -0.25643 0.00000 0.00000 -1.00000 -0.00000
1611087017717888 -0.99625 0.08651 0.00000 16.66818 0.08651 0.99625 0.00000 -0.30672 0.00000 0.00000 -1.00000 -0.00000
1611087017967889 -0.99539 0.09591 0.00000 14.77302 0.09591 0.99539 0.00000 -0.44033 0.00000 0.00000 -1.00000 -0.00000
1611087018217889 -0.99523 0.09751 0.00000 12.88518 0.09751 0.99523 0.00000 -0.46381 0.00000 0.00000 -1.00000 -0.00000
1611087018467890 -0.99435 0.10615 0.00000 10.88088 0.10615 0.99435 0.00000 -0.59210 0.00000 0.00000 -1.00000 -0.00000
1611087018717276 -0.99518 0.09804 0.00000 8.95986 0.09804 0.99518 0.00000 -0.51725 0.00000 0.00000 -1.00000 -0.00000
