1. 0. 0. 0. 0. -1. -0. 0. 0. 0. -1. 0.
1. 0.000 0. -0.005 0.000 -1. -0. 0.002 0. 0. -1. 0.
1. 0. 0. -0.002 0. -1. -0. -0.002 0. 0. -1. 0.
1. 0.000 0. -0.002 0.000 -1. -0. -0.002 0. 0. -1. 0.
1. 0.000 0. -0.005 0.000 -1. -0. -0.002 0. 0. -1. 0.
1. 0.000 0. -0.001 0.000 -1. -0. -0.002 0. 0. -1. 0.
1. 0. 0. -0.004 0. -1. -0. -0.002 0. 0. -1. 0.
1. 0. 0. 0.000 0. -1. -0. 0.007 0. 0. -1. 0.
1. -0.000 -0. 0.031 -0.000 -1. -0. 0.008 0. 0. -1. 0.
1. -0.001 -0. 0.071 -0.001 -1. -0. -0.004 0. 0. -1. 0.
1. -0.002 -0. 0.114 -0.002 -1. -0. -0.011 0. 0. -1. 0.
1. -0.005 -0. 0.182 -0.005 -1. -0. 0.010 0. 0. -1. 0.
1. -0.014 -0. 0.321 -0.014 -1. -0. -0.015 0. 0. -1. 0.
1.000 -0.030 -0. 0.493 -0.030 -1.000 -0. -0.081 0. 0. -1. 0.
0.999 -0.048 -0. 0.755 -0.048 -0.999 -0. -0.095 0. 0. -1. 0.
0.998 -0.069 -0. 1.044 -0.069 -0.998 -0. -0.129 0. 0. -1. 0.
0.996 -0.092 -0. 1.434 -0.092 -0.996 -0. -0.158 0. 0. -1. 0.
0.993 -0.117 -0. 1.847 -0.117 -0.993 -0. -0.225 0. 0. -1. 0.
0.990 -0.138 -0. 2.304 -0.138 -0.990 -0. -0.356 0. 0. -1. 0.
0.989 -0.147 -0. 2.833 -0.147 -0.989 -0. -0.413 0. 0. -1. 0.
0.988 -0.152 -0. 3.502 -0.152 -0.988 -0. -0.518 0. 0. -1. 0.
0.988 -0.156 -0. 4.117 -0.156 -0.988 -0. -0.650 0. 0. -1. 0.
0.988 -0.155 -0. 4.808 -0.155 -0.988 -0. -0.808 0. 0. -1. 0.
0.989 -0.146 -0. 5.571 -0.146 -0.989 -0. -0.865 0. 0. -1. 0.
0.990 -0.143 -0. 6.269 -0.143 -0.990 -0. -1.011 0. 0. -1. 0.
0.990 -0.138 -0. 7.099 -0.138 -0.990 -0. -1.181 0. 0. -1. 0.
0.992 -0.130 -0. 7.950 -0.130 -0.992 -0. -1.227 0. 0. -1. 0.
0.992 -0.125 -0. 8.854 -0.125 -0.992 -0. -1.406 0. 0. -1. 0.
0.993 -0.121 -0. 9.793 -0.121 -0.993 -0. -1.563 0. 0. -1. 0.
0.993 -0.115 -0. 10.734 -0.115 -0.993 -0. -1.655 0. 0. -1. 0.
0.994 -0.105 -0. 11.783 -0.105 -0.994 -0. -1.739 0. 0. -1. 0.
0.994 -0.106 -0. 12.858 -0.106 -0.994 -0. -1.894 0. 0. -1. 0.
0.994 -0.108 -0. 13.947 -0.108 -0.994 -0. -2.064 0. 0. -1. 0.
0.994 -0.109 -0. 15.033 -0.109 -0.994 -0. -2.256 0. 0. -1. 0.
0.994 -0.108 -0. 16.254 -0.108 -0.994 -0. -2.376 0. 0. -1. 0.
0.994 -0.108 -0. 17.592 -0.108 -0.994 -0. -2.537 0. 0. -1. 0.
0.994 -0.105 -0. 18.916 -0.105 -0.994 -0. -2.767 0. 0. -1. 0.
0.995 -0.100 -0. 20.386 -0.100 -0.995 -0. -2.925 0. 0. -1. 0.
0.995 -0.098 -0. 21.872 -0.098 -0.995 -0. -3.114 0. 0. -1. 0.
0.995 -0.096 -0. 23.502 -0.096 -0.995 -0. -3.313 0. 0. -1. 0.
0.996 -0.089 -0. 25.109 -0.089 -0.996 -0. -3.538 0. 0. -1. 0.
0.997 -0.083 -0. 26.754 -0.083 -0.997 -0. -3.717 0. 0. -1. 0.
0.997 -0.081 -0. 28.535 -0.081 -0.997 -0. -3.894 0. 0. -1. 0.
0.997 -0.077 -0. 30.243 -0.077 -0.997 -0. -4.109 0. 0. -1. 0.
0.998 -0.070 -0. 32.052 -0.070 -0.998 -0. -4.286 0. 0. -1. 0.
0.999 -0.055 -0. 33.881 -0.055 -0.999 -0. -4.408 0. 0. -1. 0.
0.999 -0.039 -0. 35.663 -0.039 -0.999 -0. -4.448 0. 0. -1. 0.
1.000 -0.028 -0. 37.564 -0.028 -1.000 -0. -4.532 0. 0. -1. 0.
1.000 -0.019 -0. 39.459 -0.019 -1.000 -0. -4.685 0. 0. -1. 0.
1. -0.005 -0. 41.401 -0.005 -1. -0. -4.664 0. 0. -1. 0.
1. 0.003 0. 43.444 0.003 -1. -0. -4.717 0. 0. -1. 0.
1. 0.011 0. 45.425 0.011 -1. -0. -4.762 0. 0. -1. 0.
1.000 0.016 0. 47.527 0.016 -1.000 -0. -4.790 0. 0. -1. 0.
1.000 0.020 0. 49.644 0.020 -1.000 -0. -4.856 0. 0. -1. 0.
1.000 0.021 0. 51.762 0.021 -1.000 -0. -4.820 0. 0. -1. 0.
1.000 0.022 0. 53.947 0.022 -1.000 -0. -4.836 0. 0. -1. 0.
1.000 0.023 0. 56.143 0.023 -1.000 -0. -4.860 0. 0. -1. 0.
1.000 0.025 0. 58.397 0.025 -1.000 -0. -4.898 0. 0. -1. 0.
1.000 0.028 0. 60.575 0.028 -1.000 -0. -4.880 0. 0. -1. 0.
1.000 0.027 0. 62.791 0.027 -1.000 -0. -4.842 0. 0. -1. 0.
1.000 0.028 0. 65.006 0.028 -1.000 -0. -4.799 0. 0. -1. 0.
1.000 0.028 0. 67.201 0.028 -1.000 -0. -4.771 0. 0. -1. 0.
1.000 0.023 0. 69.416 0.023 -1.000 -0. -4.782 0. 0. -1. 0.
1.000 0.025 0. 71.599 0.025 -1.000 -0. -4.759 0. 0. -1. 0.
1.000 0.020 0. 73.817 0.020 -1.000 -0. -4.752 0. 0. -1. 0.
1. 0.011 0. 75.908 0.011 -1. -0. -4.770 0. 0. -1. 0.
1. -0.007 -0. 78.062 -0.007 -1. -0. -4.744 0. 0. -1. 0.
1.000 -0.030 -0. 80.212 -0.030 -1.000 -0. -4.860 0. 0. -1. 0.
0.998 -0.065 -0. 82.320 -0.065 -0.998 -0. -5.015 0. 0. -1. 0.
0.994 -0.108 -0. 84.450 -0.108 -0.994 -0. -5.262 0. 0. -1. 0.
0.989 -0.151 -0. 86.486 -0.151 -0.989 -0. -5.606 0. 0. -1. 0.
0.980 -0.199 -0. 88.584 -0.199 -0.980 -0. -5.999 0. 0. -1. 0.
0.968 -0.253 -0. 90.554 -0.253 -0.968 -0. -6.526 0. 0. -1. 0.
0.953 -0.303 -0. 92.470 -0.303 -0.953 -0. -7.174 0. 0. -1. 0.
0.936 -0.353 -0. 94.432 -0.353 -0.936 -0. -7.917 0. 0. -1. 0.
0.916 -0.401 -0. 96.303 -0.401 -0.916 -0. -8.704 0. 0. -1. 0.
0.892 -0.452 -0. 98.159 -0.452 -0.892 -0. -9.659 0. 0. -1. 0.
0.863 -0.505 -0. 99.850 -0.505 -0.863 -0. -10.733 0. 0. -1. 0.
0.830 -0.558 -0. 101.669 -0.558 -0.830 -0. -11.811 0. 0. -1. 0.
0.792 -0.611 -0. 103.209 -0.611 -0.792 -0. -13.065 0. 0. -1. 0.
0.748 -0.663 -0. 104.642 -0.663 -0.748 -0. -14.347 0. 0. -1. 0.
0.698 -0.716 -0. 106.064 -0.716 -0.698 -0. -15.747 0. 0. -1. 0.
0.642 -0.767 -0. 107.249 -0.767 -0.642 -0. -17.286 0. 0. -1. 0.
0.581 -0.814 -0. 108.310 -0.814 -0.581 -0. -18.840 0. 0. -1. 0.
0.521 -0.854 -0. 109.269 -0.854 -0.521 -0. -20.525 0. 0. -1. 0.
0.462 -0.887 -0. 110.087 -0.887 -0.462 -0. -22.315 0. 0. -1. 0.
0.412 -0.911 -0. 110.906 -0.911 -0.412 -0. -23.998 0. 0. -1. 0.
0.371 -0.929 -0. 111.528 -0.929 -0.371 -0. -25.812 0. 0. -1. 0.
0.349 -0.937 -0. 112.109 -0.937 -0.349 -0. -27.682 0. 0. -1. 0.
0.344 -0.939 -0. 112.818 -0.939 -0.344 -0. -29.506 0. 0. -1. 0.
0.346 -0.938 -0. 113.392 -0.938 -0.346 -0. -31.364 0. 0. -1. 0.
0.354 -0.935 -0. 114.131 -0.935 -0.354 -0. -33.190 0. 0. -1. 0.
0.364 -0.931 -0. 114.798 -0.931 -0.364 -0. -35.060 0. 0. -1. 0.
0.375 -0.927 -0. 115.482 -0.927 -0.375 -0. -36.914 0. 0. -1. 0.
0.391 -0.920 -0. 116.187 -0.920 -0.391 -0. -38.807 0. 0. -1. 0.
0.413 -0.911 -0. 117.036 -0.911 -0.413 -0. -40.708 0. 0. -1. 0.
0.435 -0.900 -0. 117.804 -0.900 -0.435 -0. -42.653 0. 0. -1. 0.
0.459 -0.888 -0. 118.710 -0.888 -0.459 -0. -44.487 0. 0. -1. 0.
0.484 -0.875 -0. 119.710 -0.875 -0.484 -0. -46.360 0. 0. -1. 0.
0.510 -0.860 -0. 120.661 -0.860 -0.510 -0. -48.168 0. 0. -1. 0.
0.538 -0.843 -0. 121.698 -0.843 -0.538 -0. -49.918 0. 0. -1. 0.
0.565 -0.825 -0. 122.899 -0.825 -0.565 -0. -51.679 0. 0. -1. 0.
0.593 -0.805 -0. 123.996 -0.805 -0.593 -0. -53.359 0. 0. -1. 0.
0.618 -0.786 -0. 125.207 -0.786 -0.618 -0. -55.027 0. 0. -1. 0.
0.642 -0.766 -0. 126.490 -0.766 -0.642 -0. -56.592 0. 0. -1. 0.
0.664 -0.748 -0. 127.662 -0.748 -0.664 -0. -58.124 0. 0. -1. 0.
0.679 -0.734 -0. 129.143 -0.734 -0.679 -0. -59.690 0. 0. -1. 0.
0.696 -0.718 -0. 130.432 -0.718 -0.696 -0. -61.054 0. 0. -1. 0.
0.707 -0.707 -0. 131.791 -0.707 -0.707 -0. -62.485 0. 0. -1. 0.
0.720 -0.694 -0. 133.144 -0.694 -0.720 -0. -63.887 0. 0. -1. 0.
0.731 -0.682 -0. 134.484 -0.682 -0.731 -0. -65.181 0. 0. -1. 0.
0.738 -0.675 -0. 135.942 -0.675 -0.738 -0. -66.595 0. 0. -1. 0.
0.736 -0.677 -0. 137.310 -0.677 -0.736 -0. -67.944 0. 0. -1. 0.
0.733 -0.681 -0. 138.620 -0.681 -0.733 -0. -69.186 0. 0. -1. 0.
0.730 -0.683 -0. 139.916 -0.683 -0.730 -0. -70.475 0. 0. -1. 0.
0.727 -0.687 -0. 141.142 -0.687 -0.727 -0. -71.661 0. 0. -1. 0.
0.728 -0.686 -0. 142.343 -0.686 -0.728 -0. -72.809 0. 0. -1. 0.
0.742 -0.671 -0. 143.468 -0.671 -0.742 -0. -73.846 0. 0. -1. 0.
0.771 -0.637 -0. 144.590 -0.637 -0.771 -0. -74.818 0. 0. -1. 0.
0.815 -0.579 -0. 145.673 -0.579 -0.815 -0. -75.703 0. 0. -1. 0.
0.866 -0.500 -0. 146.737 -0.500 -0.866 -0. -76.406 0. 0. -1. 0.
0.917 -0.398 -0. 147.735 -0.398 -0.917 -0. -76.850 0. 0. -1. 0.
0.962 -0.274 -0. 148.843 -0.274 -0.962 -0. -77.083 0. 0. -1. 0.
0.991 -0.132 -0. 149.915 -0.132 -0.991 -0. -77.212 0. 0. -1. 0.
1.000 0.020 0. 150.986 0.020 -1.000 -0. -77.178 0. 0. -1. 0.
0.984 0.175 0. 151.910 0.175 -0.984 -0. -77.027 0. 0. -1. 0.
0.942 0.337 0. 152.886 0.337 -0.942 -0. -76.649 0. 0. -1. 0.
0.874 0.486 0. 153.772 0.486 -0.874 -0. -76.195 0. 0. -1. 0.
0.776 0.631 0. 154.605 0.631 -0.776 -0. -75.542 0. 0. -1. 0.
0.650 0.760 0. 155.200 0.760 -0.650 -0. -74.814 0. 0. -1. 0.
0.494 0.870 0. 155.767 0.870 -0.494 -0. -73.889 0. 0. -1. 0.
0.315 0.949 0. 156.186 0.949 -0.315 -0. -72.832 0. 0. -1. 0.
0.112 0.994 0. 156.288 0.994 -0.112 -0. -71.681 0. 0. -1. 0.
-0.093 0.996 0. 156.157 0.996 0.093 0. -70.474 0. 0. -1. 0.
-0.292 0.956 0. 155.806 0.956 0.292 0. -69.265 0. 0. -1. 0.
-0.476 0.880 0. 155.212 0.880 0.476 0. -68.081 0. 0. -1. 0.
-0.626 0.780 0. 154.289 0.780 0.626 0. -67.078 0. 0. -1. 0.
-0.745 0.667 0. 153.268 0.667 0.745 0. -66.088 0. 0. -1. 0.
-0.829 0.559 0. 152.071 0.559 0.829 0. -65.263 0. 0. -1. 0.
-0.885 0.466 0. 150.730 0.466 0.885 0. -64.521 0. 0. -1. 0.
-0.922 0.387 0. 149.310 0.387 0.922 0. -63.865 0. 0. -1. 0.
-0.943 0.334 0. 147.828 0.334 0.943 0. -63.359 0. 0. -1. 0.
-0.952 0.305 0. 146.208 0.305 0.952 0. -62.842 0. 0. -1. 0.
-0.957 0.290 0. 144.652 0.290 0.957 0. -62.399 0. 0. -1. 0.
-0.960 0.282 0. 143.031 0.282 0.960 0. -61.795 0. 0. -1. 0.
-0.960 0.281 0. 141.396 0.281 0.960 0. -61.342 0. 0. -1. 0.
-0.958 0.286 0. 139.686 0.286 0.958 0. -60.828 0. 0. -1. 0.
-0.950 0.313 0. 138.002 0.313 0.950 0. -60.237 0. 0. -1. 0.
-0.937 0.349 0. 136.277 0.349 0.937 0. -59.639 0. 0. -1. 0.
-0.921 0.391 0. 134.613 0.391 0.921 0. -58.803 0. 0. -1. 0.
-0.898 0.440 0. 132.962 0.440 0.898 0. -58.034 0. 0. -1. 0.
-0.869 0.494 0. 131.352 0.494 0.869 0. -57.085 0. 0. -1. 0.
-0.838 0.545 0. 129.779 0.545 0.838 0. -55.985 0. 0. -1. 0.
-0.804 0.595 0. 128.151 0.595 0.804 0. -54.798 0. 0. -1. 0.
-0.763 0.647 0. 126.701 0.647 0.763 0. -53.515 0. 0. -1. 0.
-0.717 0.697 0. 125.265 0.697 0.717 0. -52.137 0. 0. -1. 0.
-0.668 0.744 0. 123.949 0.744 0.668 0. -50.592 0. 0. -1. 0.
-0.615 0.788 0. 122.689 0.788 0.615 0. -49.002 0. 0. -1. 0.
-0.560 0.829 0. 121.572 0.829 0.560 0. -47.307 0. 0. -1. 0.
-0.507 0.862 0. 120.547 0.862 0.507 0. -45.561 0. 0. -1. 0.
-0.462 0.887 0. 119.631 0.887 0.462 0. -43.721 0. 0. -1. 0.
-0.418 0.908 0. 118.750 0.908 0.418 0. -41.851 0. 0. -1. 0.
-0.387 0.922 0. 118.066 0.922 0.387 0. -39.934 0. 0. -1. 0.
-0.366 0.931 0. 117.283 0.931 0.366 0. -37.961 0. 0. -1. 0.
-0.353 0.935 0. 116.703 0.935 0.353 0. -35.982 0. 0. -1. 0.
-0.343 0.939 0. 115.965 0.939 0.343 0. -34.031 0. 0. -1. 0.
-0.341 0.940 0. 115.390 0.940 0.341 0. -32.060 0. 0. -1. 0.
-0.344 0.939 0. 114.704 0.939 0.344 0. -30.035 0. 0. -1. 0.
-0.354 0.935 0. 114.014 0.935 0.354 0. -28.076 0. 0. -1. 0.
-0.368 0.930 0. 113.305 0.930 0.368 0. -26.161 0. 0. -1. 0.
-0.388 0.922 0. 112.563 0.922 0.388 0. -24.248 0. 0. -1. 0.
-0.411 0.911 0. 111.802 0.911 0.411 0. -22.369 0. 0. -1. 0.
-0.443 0.897 0. 110.921 0.897 0.443 0. -20.566 0. 0. -1. 0.
-0.484 0.875 0. 110.053 0.875 0.484 0. -18.756 0. 0. -1. 0.
-0.538 0.843 0. 109.033 0.843 0.538 0. -17.096 0. 0. -1. 0.
-0.594 0.804 0. 108.005 0.804 0.594 0. -15.482 0. 0. -1. 0.
-0.654 0.757 0. 106.794 0.757 0.654 0. -14.013 0. 0. -1. 0.
-0.712 0.702 0. 105.520 0.702 0.712 0. -12.597 0. 0. -1. 0.
-0.767 0.641 0. 104.093 0.641 0.767 0. -11.294 0. 0. -1. 0.
-0.815 0.579 0. 102.574 0.579 0.815 0. -10.139 0. 0. -1. 0.
-0.856 0.517 0. 100.892 0.517 0.856 0. -9.065 0. 0. -1. 0.
-0.895 0.447 0. 99.177 0.447 0.895 0. -8.174 0. 0. -1. 0.
-0.920 0.392 0. 97.327 0.392 0.920 0. -7.307 0. 0. -1. 0.
-0.943 0.332 0. 95.550 0.332 0.943 0. -6.615 0. 0. -1. 0.
-0.962 0.274 0. 93.585 0.274 0.962 0. -6.045 0. 0. -1. 0.
-0.974 0.226 0. 91.660 0.226 0.974 0. -5.564 0. 0. -1. 0.
-0.984 0.181 0. 89.651 0.181 0.984 0. -5.081 0. 0. -1. 0.
-0.991 0.132 0. 87.585 0.132 0.991 0. -4.773 0. 0. -1. 0.
-0.996 0.092 0. 85.456 0.092 0.996 0. -4.539 0. 0. -1. 0.
-0.998 0.062 0. 83.357 0.062 0.998 0. -4.409 0. 0. -1. 0.
-0.999 0.043 0. 81.177 0.043 0.999 0. -4.277 0. 0. -1. 0.
-1.000 0.029 0. 78.940 0.029 1.000 0. -4.202 0. 0. -1. 0.
-1. 0.014 0. 76.701 0.014 1. 0. -4.119 0. 0. -1. 0.
-1. 0.004 0. 74.580 0.004 1. 0. -4.123 0. 0. -1. 0.
-1. -0.002 -0. 72.395 -0.002 1. 0. -4.037 0. 0. -1. 0.
-1. -0.008 -0. 70.106 -0.008 1. 0. -3.990 0. 0. -1. 0.
-1. -0.013 -0. 67.914 -0.013 1. 0. -3.997 0. 0. -1. 0.
-1.000 -0.015 -0. 65.747 -0.015 1.000 0. -3.972 0. 0. -1. 0.
-1.000 -0.014 -0. 63.585 -0.014 1.000 0. -3.958 0. 0. -1. 0.
-1. -0.014 -0. 61.437 -0.014 1. 0. -3.990 0. 0. -1. 0.
-1.000 -0.017 -0. 59.274 -0.017 1.000 0. -3.926 0. 0. -1. 0.
-1.000 -0.015 -0. 57.086 -0.015 1.000 0. -3.834 0. 0. -1. 0.
-1.000 -0.015 -0. 54.968 -0.015 1.000 0. -3.802 0. 0. -1. 0.
-1.000 -0.018 -0. 52.905 -0.018 1.000 0. -3.770 0. 0. -1. 0.
-1.000 -0.016 -0. 50.806 -0.016 1.000 0. -3.729 0. 0. -1. 0.
-1.000 -0.019 -0. 48.730 -0.019 1.000 0. -3.791 0. 0. -1. 0.
-1.000 -0.018 -0. 46.703 -0.018 1.000 0. -3.823 0. 0. -1. 0.
-1. -0.014 -0. 44.667 -0.014 1. 0. -3.761 0. 0. -1. 0.
-1. -0.006 -0. 42.672 -0.006 1. 0. -3.726 0. 0. -1. 0.
-1. 0.003 0. 40.652 0.003 1. 0. -3.716 0. 0. -1. 0.
-1.000 0.017 0. 38.633 0.017 1.000 0. -3.661 0. 0. -1. 0.
-0.999 0.034 0. 36.698 0.034 0.999 0. -3.603 0. 0. -1. 0.
-0.999 0.042 0. 34.636 0.042 0.999 0. -3.456 0. 0. -1. 0.
-0.999 0.054 0. 32.650 0.054 0.999 0. -3.260 0. 0. -1. 0.
-0.998 0.068 0. 30.616 0.068 0.998 0. -3.121 0. 0. -1. 0.
-0.997 0.076 0. 28.560 0.076 0.997 0. -2.811 0. 0. -1. 0.
-0.997 0.083 0. 26.555 0.083 0.997 0. -2.706 0. 0. -1. 0.
-0.996 0.089 0. 24.526 0.089 0.996 0. -2.440 0. 0. -1. 0.
-0.996 0.091 0. 22.458 0.091 0.996 0. -2.203 0. 0. -1. 0.
-0.995 0.096 0. 20.343 0.096 0.995 0. -1.983 0. 0. -1. 0.
-0.995 0.097 0. 18.240 0.097 0.995 0. -1.745 0. 0. -1. 0.
-0.995 0.099 0. 16.111 0.099 0.995 0. -1.547 0. 0. -1. 0.
-0.995 0.100 0. 14.057 0.100 0.995 0. -1.330 0. 0. -1. 0.
-0.995 0.104 0. 11.853 0.104 0.995 0. -1.078 0. 0. -1. 0.
-0.994 0.106 0. 9.751 0.106 0.994 0. -0.798 0. 0. -1. 0.
-0.994 0.105 0. 7.658 0.105 0.994 0. -0.539 0. 0. -1. 0.
-0.994 0.106 0. 5.619 0.106 0.994 0. -0.301 0. 0. -1. 0.
-0.994 0.105 0. 3.593 0.105 0.994 0. -0.030 0. 0. -1. 0.
-0.994 0.106 0. 1.709 0.106 0.994 0. 0.177 0. 0. -1. 0.
-0.995 0.105 0. -0.247 0.105 0.995 0. 0.494 0. 0. -1. 0.
-0.995 0.101 0. -2.166 0.101 0.995 0. 0.776 0. 0. -1. 0.
-0.995 0.095 0. -4.020 0.095 0.995 0. 0.925 0. 0. -1. 0.
-0.996 0.088 0. -5.860 0.088 0.996 0. 1.175 0. 0. -1. 0.
-0.996 0.086 0. -7.763 0.086 0.996 0. 1.340 0. 0. -1. 0.
-0.997 0.080 0. -9.640 0.080 0.997 0. 1.545 0. 0. -1. 0.
-0.997 0.076 0. -11.470 0.076 0.997 0. 1.724 0. 0. -1. 0.
-0.998 0.067 0. -13.303 0.067 0.998 0. 1.874 0. 0. -1. 0.
-0.998 0.066 0. -15.135 0.066 0.998 0. 2.056 0. 0. -1. 0.
-0.998 0.061 0. -16.950 0.061 0.998 0. 2.135 0. 0. -1. 0.
-0.998 0.057 0. -18.773 0.057 0.998 0. 2.356 0. 0. -1. 0.
-0.999 0.055 0. -20.633 0.055 0.999 0. 2.461 0. 0. -1. 0.
-0.999 0.052 0. -22.432 0.052 0.999 0. 2.690 0. 0. -1. 0.
-0.999 0.050 0. -24.286 0.050 0.999 0. 2.836 0. 0. -1. 0.
-0.999 0.049 0. -26.137 0.049 0.999 0. 2.945 0. 0. -1. 0.
-0.999 0.047 0. -28.082 0.047 0.999 0. 3.026 0. 0. -1. 0.
-0.999 0.043 0. -29.996 0.043 0.999 0. 3.147 0. 0. -1. 0.
-0.999 0.042 0. -32.031 0.042 0.999 0. 3.221 0. 0. -1. 0.
-0.999 0.039 0. -33.992 0.039 0.999 0. 3.335 0. 0. -1. 0.
-0.999 0.037 0. -36.074 0.037 0.999 0. 3.454 0. 0. -1. 0.
-0.999 0.036 0. -38.077 0.036 0.999 0. 3.597 0. 0. -1. 0.
-1.000 0.030 0. -40.103 0.030 1.000 0. 3.672 0. 0. -1. 0.
-1.000 0.030 0. -42.122 0.030 1.000 0. 3.738 0. 0. -1. 0.
-1.000 0.025 0. -44.123 0.025 1.000 0. 3.855 0. 0. -1. 0.
-1.000 0.016 0. -46.081 0.016 1.000 0. 3.902 0. 0. -1. 0.
-1. 0.012 0. -47.990 0.012 1. 0. 3.949 0. 0. -1. 0.
-1. 0.007 0. -49.813 0.007 1. 0. 4.040 0. 0. -1. 0.
-1. 0.001 0. -51.663 0.001 1. 0. 4.031 0. 0. -1. 0.
-1. -0.003 -0. -53.325 -0.003 1. 0. 4.072 0. 0. -1. 0.
-1. -0.011 -0. -54.951 -0.011 1. 0. 4.049 0. 0. -1. 0.
-1. -0.011 -0. -56.538 -0.011 1. 0. 4.060 0. 0. -1. 0.
-1. -0.007 -0. -58.033 -0.007 1. 0. 4.080 0. 0. -1. 0.
-1. 0.005 0. -59.479 0.005 1. 0. 4.087 0. 0. -1. 0.
-0.999 0.032 0. -60.816 0.032 0.999 0. 4.156 0. 0. -1. 0.
-0.998 0.066 0. -62.052 0.066 0.998 0. 4.230 0. 0. -1. 0.
-0.994 0.105 0. -63.242 0.105 0.994 0. 4.406 0. 0. -1. 0.
-0.987 0.162 0. -64.438 0.162 0.987 0. 4.615 0. 0. -1. 0.
-0.974 0.226 0. -65.500 0.226 0.974 0. 4.901 0. 0. -1. 0.
-0.954 0.300 0. -66.583 0.300 0.954 0. 5.311 0. 0. -1. 0.
-0.920 0.391 0. -67.644 0.391 0.920 0. 5.747 0. 0. -1. 0.
-0.872 0.490 0. -68.580 0.490 0.872 0. 6.421 0. 0. -1. 0.
-0.808 0.590 0. -69.377 0.590 0.808 0. 6.985 0. 0. -1. 0.
-0.723 0.690 0. -70.154 0.690 0.723 0. 7.808 0. 0. -1. 0.
-0.624 0.781 0. -70.704 0.781 0.624 0. 8.681 0. 0. -1. 0.
-0.512 0.859 0. -71.278 0.859 0.512 0. 9.678 0. 0. -1. 0.
-0.393 0.920 0. -71.767 0.920 0.393 0. 10.778 0. 0. -1. 0.
-0.277 0.961 0. -72.224 0.961 0.277 0. 11.953 0. 0. -1. 0.
-0.184 0.983 0. -72.339 0.983 0.184 0. 13.179 0. 0. -1. 0.
-0.116 0.993 0. -72.510 0.993 0.116 0. 14.629 0. 0. -1. 0.
-0.074 0.997 0. -72.549 0.997 0.074 0. 16.135 0. 0. -1. 0.
-0.039 0.999 0. -72.564 0.999 0.039 0. 17.727 0. 0. -1. 0.
-0.018 1.000 0. -72.452 1.000 0.018 0. 19.366 0. 0. -1. 0.
-0.005 1. 0. -72.410 1. 0.005 0. 21.060 0. 0. -1. 0.
0.002 1. 0. -72.356 1. -0.002 -0. 22.812 0. 0. -1. 0.
0.005 1. 0. -72.184 1. -0.005 -0. 24.586 0. 0. -1. 0.
0.012 1. 0. -72.259 1. -0.012 -0. 26.406 0. 0. -1. 0.
0.014 1. 0. -72.080 1. -0.014 -0. 28.263 0. 0. -1. 0.
0.019 1.000 0. -72.009 1.000 -0.019 -0. 30.105 0. 0. -1. 0.
0.032 0.999 0. -71.935 0.999 -0.032 -0. 32.024 0. 0. -1. 0.
0.040 0.999 0. -71.792 0.999 -0.040 -0. 33.869 0. 0. -1. 0.
0.058 0.998 0. -71.570 0.998 -0.058 -0. 35.772 0. 0. -1. 0.
0.074 0.997 0. -71.408 0.997 -0.074 -0. 37.654 0. 0. -1. 0.
0.093 0.996 0. -71.221 0.996 -0.093 -0. 39.583 0. 0. -1. 0.
0.111 0.994 0. -70.939 0.994 -0.111 -0. 41.418 0. 0. -1. 0.
0.119 0.993 0. -70.539 0.993 -0.119 -0. 43.314 0. 0. -1. 0.
0.128 0.992 0. -70.353 0.992 -0.128 -0. 45.023 0. 0. -1. 0.
0.129 0.992 0. -70.011 0.992 -0.129 -0. 46.942 0. 0. -1. 0.
0.116 0.993 0. -69.716 0.993 -0.116 -0. 48.834 0. 0. -1. 0.
0.104 0.995 0. -69.559 0.995 -0.104 -0. 50.616 0. 0. -1. 0.
0.091 0.996 0. -69.247 0.996 -0.091 -0. 52.497 0. 0. -1. 0.
0.077 0.997 0. -69.077 0.997 -0.077 -0. 54.473 0. 0. -1. 0.
0.066 0.998 0. -68.887 0.998 -0.066 -0. 56.341 0. 0. -1. 0.
0.055 0.998 0. -68.785 0.998 -0.055 -0. 58.324 0. 0. -1. 0.
0.043 0.999 0. -68.584 0.999 -0.043 -0. 60.247 0. 0. -1. 0.
0.039 0.999 0. -68.482 0.999 -0.039 -0. 62.223 0. 0. -1. 0.
0.031 1.000 0. -68.362 1.000 -0.031 -0. 64.131 0. 0. -1. 0.
0.023 1.000 0. -68.266 1.000 -0.023 -0. 66.124 0. 0. -1. 0.
0.013 1. 0. -68.225 1. -0.013 -0. 68.003 0. 0. -1. 0.
0.014 1.000 0. -68.131 1.000 -0.014 -0. 69.938 0. 0. -1. 0.
0.009 1. 0. -68.028 1. -0.009 -0. 71.842 0. 0. -1. 0.
0.005 1. 0. -67.987 1. -0.005 -0. 73.683 0. 0. -1. 0.
-0.001 1. 0. -67.917 1. 0.001 0. 75.583 0. 0. -1. 0.
-0.006 1. 0. -67.926 1. 0.006 0. 77.374 0. 0. -1. 0.
-0.010 1. 0. -67.884 1. 0.010 0. 79.190 0. 0. -1. 0.
-0.018 1.000 0. -67.882 1.000 0.018 0. 80.923 0. 0. -1. 0.
-0.035 0.999 0. -67.907 0.999 0.035 0. 82.673 0. 0. -1. 0.
-0.068 0.998 0. -67.988 0.998 0.068 0. 84.401 0. 0. -1. 0.
-0.111 0.994 0. -68.077 0.994 0.111 0. 86.023 0. 0. -1. 0.
-0.177 0.984 0. -68.339 0.984 0.177 0. 87.627 0. 0. -1. 0.
-0.249 0.968 0. -68.667 0.968 0.249 0. 89.300 0. 0. -1. 0.
-0.334 0.943 0. -69.132 0.943 0.334 0. 90.748 0. 0. -1. 0.
-0.428 0.904 0. -69.726 0.904 0.428 0. 92.229 0. 0. -1. 0.
-0.525 0.851 0. -70.478 0.851 0.525 0. 93.551 0. 0. -1. 0.
-0.622 0.783 0. -71.388 0.783 0.622 0. 94.795 0. 0. -1. 0.
-0.711 0.703 0. -72.426 0.703 0.711 0. 95.866 0. 0. -1. 0.
-0.787 0.617 0. -73.564 0.617 0.787 0. 96.816 0. 0. -1. 0.
-0.847 0.531 0. -74.781 0.531 0.847 0. 97.690 0. 0. -1. 0.
-0.893 0.451 0. -76.041 0.451 0.893 0. 98.361 0. 0. -1. 0.
-0.926 0.378 0. -77.390 0.378 0.926 0. 98.807 0. 0. -1. 0.
-0.949 0.316 0. -78.736 0.316 0.949 0. 99.326 0. 0. -1. 0.
-0.965 0.262 0. -80.175 0.262 0.965 0. 99.710 0. 0. -1. 0.
-0.975 0.222 0. -81.522 0.222 0.975 0. 100.092 0. 0. -1. 0.
-0.979 0.201 0. -83.034 0.201 0.979 0. 100.495 0. 0. -1. 0.
-0.979 0.203 0. -84.564 0.203 0.979 0. 100.807 0. 0. -1. 0.
-0.977 0.213 0. -86.095 0.213 0.977 0. 101.146 0. 0. -1. 0.
-0.970 0.241 0. -87.775 0.241 0.970 0. 101.643 0. 0. -1. 0.
-0.959 0.284 0. -89.375 0.284 0.959 0. 102.071 0. 0. -1. 0.
-0.940 0.341 0. -91.014 0.341 0.940 0. 102.685 0. 0. -1. 0.
-0.913 0.409 0. -92.624 0.409 0.913 0. 103.470 0. 0. -1. 0.
-0.879 0.478 0. -94.176 0.478 0.879 0. 104.407 0. 0. -1. 0.
-0.846 0.534 0. -95.685 0.534 0.846 0. 105.473 0. 0. -1. 0.
-0.815 0.579 0. -97.245 0.579 0.815 0. 106.568 0. 0. -1. 0.
-0.787 0.617 0. -98.776 0.617 0.787 0. 107.772 0. 0. -1. 0.
-0.763 0.647 0. -100.289 0.647 0.763 0. 109.060 0. 0. -1. 0.
-0.743 0.669 0. -101.734 0.669 0.743 0. 110.422 0. 0. -1. 0.
-0.729 0.685 0. -103.204 0.685 0.729 0. 111.861 0. 0. -1. 0.
-0.716 0.698 0. -104.631 0.698 0.716 0. 113.355 0. 0. -1. 0.
-0.706 0.708 0. -106.147 0.708 0.706 0. 114.817 0. 0. -1. 0.
-0.698 0.716 0. -107.558 0.716 0.698 0. 116.421 0. 0. -1. 0.
-0.693 0.721 0. -109.087 0.721 0.693 0. 117.976 0. 0. -1. 0.
-0.688 0.726 0. -110.489 0.726 0.688 0. 119.656 0. 0. -1. 0.
-0.688 0.726 0. -112.084 0.726 0.688 0. 121.346 0. 0. -1. 0.
-0.686 0.728 0. -113.492 0.728 0.686 0. 123.032 0. 0. -1. 0.
-0.688 0.726 0. -115.224 0.726 0.688 0. 124.717 0. 0. -1. 0.
-0.686 0.727 0. -116.754 0.727 0.686 0. 126.477 0. 0. -1. 0.
-0.687 0.727 0. -118.390 0.727 0.687 0. 128.357 0. 0. -1. 0.
-0.688 0.726 0. -120.052 0.726 0.688 0. 130.113 0. 0. -1. 0.
-0.689 0.724 0. -121.713 0.724 0.689 0. 132.036 0. 0. -1. 0.
-0.690 0.724 0. -123.383 0.724 0.690 0. 133.886 0. 0. -1. 0.
-0.691 0.723 0. -125.091 0.723 0.691 0. 135.824 0. 0. -1. 0.
-0.689 0.725 0. -126.825 0.725 0.689 0. 137.688 0. 0. -1. 0.
-0.691 0.723 0. -128.578 0.723 0.691 0. 139.569 0. 0. -1. 0.
-0.691 0.723 0. -130.262 0.723 0.691 0. 141.517 0. 0. -1. 0.
-0.689 0.725 0. -132.008 0.725 0.689 0. 143.427 0. 0. -1. 0.
-0.690 0.724 0. -133.657 0.724 0.690 0. 145.333 0. 0. -1. 0.
-0.689 0.725 0. -135.387 0.725 0.689 0. 147.211 0. 0. -1. 0.
-0.688 0.726 0. -137.097 0.726 0.688 0. 149.117 0. 0. -1. 0.
-0.685 0.728 0. -138.841 0.728 0.685 0. 151.019 0. 0. -1. 0.
-0.682 0.732 0. -140.435 0.732 0.682 0. 152.893 0. 0. -1. 0.
-0.673 0.740 0. -142.115 0.740 0.673 0. 154.716 0. 0. -1. 0.
-0.665 0.747 0. -143.782 0.747 0.665 0. 156.590 0. 0. -1. 0.
-0.652 0.758 0. -145.301 0.758 0.652 0. 158.525 0. 0. -1. 0.
-0.634 0.773 0. -146.867 0.773 0.634 0. 160.456 0. 0. -1. 0.
-0.608 0.794 0. -148.267 0.794 0.608 0. 162.398 0. 0. -1. 0.
-0.582 0.813 0. -149.669 0.813 0.582 0. 164.384 0. 0. -1. 0.
-0.551 0.835 0. -150.960 0.835 0.551 0. 166.407 0. 0. -1. 0.
-0.517 0.856 0. -152.190 0.856 0.517 0. 168.455 0. 0. -1. 0.
-0.477 0.879 0. -153.312 0.879 0.477 0. 170.511 0. 0. -1. 0.
-0.431 0.902 0. -154.327 0.902 0.431 0. 172.628 0. 0. -1. 0.
-0.385 0.923 0. -155.190 0.923 0.385 0. 174.817 0. 0. -1. 0.
-0.337 0.941 0. -155.935 0.941 0.337 0. 177.019 0. 0. -1. 0.
-0.289 0.957 0. -156.583 0.957 0.289 0. 179.251 0. 0. -1. 0.
-0.243 0.970 0. -157.189 0.970 0.243 0. 181.485 0. 0. -1. 0.
-0.198 0.980 0. -157.518 0.980 0.198 0. 183.779 0. 0. -1. 0.
-0.164 0.986 0. -157.910 0.986 0.164 0. 186.073 0. 0. -1. 0.
-0.135 0.991 0. -158.095 0.991 0.135 0. 188.398 0. 0. -1. 0.
-0.117 0.993 0. -158.349 0.993 0.117 0. 190.754 0. 0. -1. 0.
-0.104 0.995 0. -158.531 0.995 0.104 0. 193.112 0. 0. -1. 0.
-0.101 0.995 0. -158.725 0.995 0.101 0. 195.517 0. 0. -1. 0.
-0.093 0.996 0. -158.838 0.996 0.093 0. 197.907 0. 0. -1. 0.
-0.091 0.996 0. -158.954 0.996 0.091 0. 200.293 0. 0. -1. 0.
-0.091 0.996 0. -159.236 0.996 0.091 0. 202.728 0. 0. -1. 0.
-0.095 0.995 0. -159.250 0.995 0.095 0. 205.152 0. 0. -1. 0.
-0.099 0.995 0. -159.476 0.995 0.099 0. 207.565 0. 0. -1. 0.
-0.105 0.994 0. -159.684 0.994 0.105 0. 209.910 0. 0. -1. 0.
-0.120 0.993 0. -159.747 0.993 0.120 0. 212.250 0. 0. -1. 0.
-0.141 0.990 0. -160.093 0.990 0.141 0. 214.553 0. 0. -1. 0.
-0.174 0.985 0. -160.433 0.985 0.174 0. 216.852 0. 0. -1. 0.
-0.200 0.980 0. -160.876 0.980 0.200 0. 219.157 0. 0. -1. 0.
-0.234 0.972 0. -161.249 0.972 0.234 0. 221.339 0. 0. -1. 0.
-0.281 0.960 0. -161.841 0.960 0.281 0. 223.513 0. 0. -1. 0.
-0.335 0.942 0. -162.559 0.942 0.335 0. 225.579 0. 0. -1. 0.
-0.398 0.918 0. -163.338 0.918 0.398 0. 227.606 0. 0. -1. 0.
-0.467 0.884 0. -164.251 0.884 0.467 0. 229.598 0. 0. -1. 0.
-0.532 0.847 0. -165.378 0.847 0.532 0. 231.405 0. 0. -1. 0.
-0.598 0.802 0. -166.566 0.802 0.598 0. 233.110 0. 0. -1. 0.
-0.658 0.753 0. -167.945 0.753 0.658 0. 234.719 0. 0. -1. 0.
-0.716 0.698 0. -169.333 0.698 0.716 0. 236.280 0. 0. -1. 0.
-0.767 0.642 0. -171.008 0.642 0.767 0. 237.655 0. 0. -1. 0.
-0.814 0.580 0. -172.748 0.580 0.814 0. 238.971 0. 0. -1. 0.
-0.855 0.519 0. -174.563 0.519 0.855 0. 240.185 0. 0. -1. 0.
-0.886 0.463 0. -176.548 0.463 0.886 0. 241.231 0. 0. -1. 0.
-0.911 0.412 0. -178.421 0.412 0.911 0. 242.258 0. 0. -1. 0.
-0.929 0.370 0. -180.450 0.370 0.929 0. 243.171 0. 0. -1. 0.
-0.941 0.338 0. -182.563 0.338 0.941 0. 244.018 0. 0. -1. 0.
-0.948 0.318 0. -184.774 0.318 0.948 0. 244.748 0. 0. -1. 0.
-0.954 0.300 0. -186.916 0.300 0.954 0. 245.553 0. 0. -1. 0.
-0.957 0.289 0. -189.173 0.289 0.957 0. 246.253 0. 0. -1. 0.
-0.960 0.281 0. -191.417 0.281 0.960 0. 246.985 0. 0. -1. 0.
-0.961 0.277 0. -193.749 0.277 0.961 0. 247.727 0. 0. -1. 0.
-0.961 0.275 0. -196.095 0.275 0.961 0. 248.466 0. 0. -1. 0.
-0.961 0.277 0. -198.448 0.277 0.961 0. 249.192 0. 0. -1. 0.
-0.960 0.279 0. -200.732 0.279 0.960 0. 249.930 0. 0. -1. 0.
-0.960 0.280 0. -203.086 0.280 0.960 0. 250.682 0. 0. -1. 0.
-0.960 0.280 0. -205.389 0.280 0.960 0. 251.440 0. 0. -1. 0.
-0.959 0.283 0. -207.731 0.283 0.959 0. 252.132 0. 0. -1. 0.
-0.958 0.287 0. -210.020 0.287 0.958 0. 252.861 0. 0. -1. 0.
-0.957 0.289 0. -212.265 0.289 0.957 0. 253.564 0. 0. -1. 0.
-0.957 0.291 0. -214.557 0.291 0.957 0. 254.322 0. 0. -1. 0.
-0.956 0.294 0. -216.695 0.294 0.956 0. 255.087 0. 0. -1. 0.
-0.954 0.298 0. -218.835 0.298 0.954 0. 255.811 0. 0. -1. 0.
-0.952 0.305 0. -220.892 0.305 0.952 0. 256.560 0. 0. -1. 0.
-0.950 0.313 0. -222.878 0.313 0.950 0. 257.194 0. 0. -1. 0.
-0.947 0.321 0. -224.738 0.321 0.947 0. 257.903 0. 0. -1. 0.
-0.943 0.332 0. -226.514 0.332 0.943 0. 258.584 0. 0. -1. 0.
-0.937 0.350 0. -228.185 0.350 0.937 0. 259.287 0. 0. -1. 0.
-0.927 0.375 0. -229.649 0.375 0.927 0. 259.916 0. 0. -1. 0.
-0.915 0.403 0. -231.069 0.403 0.915 0. 260.572 0. 0. -1. 0.
-0.901 0.434 0. -232.334 0.434 0.901 0. 261.182 0. 0. -1. 0.
-0.887 0.462 0. -233.540 0.462 0.887 0. 261.921 0. 0. -1. 0.
-0.879 0.477 0. -234.590 0.477 0.879 0. 262.515 0. 0. -1. 0.
-0.875 0.484 0. -235.694 0.484 0.875 0. 263.159 0. 0. -1. 0.
-0.875 0.485 0. -236.781 0.485 0.875 0. 263.780 0. 0. -1. 0.
-0.878 0.478 0. -237.792 0.478 0.878 0. 264.347 0. 0. -1. 0.
-0.885 0.466 0. -238.781 0.466 0.885 0. 264.861 0. 0. -1. 0.
-0.893 0.449 0. -239.734 0.449 0.893 0. 265.353 0. 0. -1. 0.
-0.900 0.435 0. -240.595 0.435 0.900 0. 265.802 0. 0. -1. 0.
-0.902 0.431 0. -241.430 0.431 0.902 0. 266.305 0. 0. -1. 0.
-0.904 0.428 0. -242.335 0.428 0.904 0. 266.647 0. 0. -1. 0.
-0.905 0.426 0. -242.995 0.426 0.905 0. 267.152 0. 0. -1. 0.
-0.906 0.423 0. -243.704 0.423 0.906 0. 267.409 0. 0. -1. 0.
-0.905 0.426 0. -244.258 0.426 0.905 0. 267.746 0. 0. -1. 0.
-0.904 0.428 0. -244.759 0.428 0.904 0. 267.965 0. 0. -1. 0.
-0.904 0.428 0. -245.237 0.428 0.904 0. 268.202 0. 0. -1. 0.
-0.904 0.428 0. -245.709 0.428 0.904 0. 268.411 0. 0. -1. 0.
-0.903 0.430 0. -246.095 0.430 0.903 0. 268.605 0. 0. -1. 0.
-0.902 0.433 0. -246.364 0.433 0.902 0. 268.721 0. 0. -1. 0.
-0.901 0.434 0. -246.613 0.434 0.901 0. 268.859 0. 0. -1. 0.
-0.901 0.435 0. -246.822 0.435 0.901 0. 268.954 0. 0. -1. 0.
-0.899 0.437 0. -247.060 0.437 0.899 0. 269.072 0. 0. -1. 0.
-0.895 0.445 0. -247.331 0.445 0.895 0. 269.212 0. 0. -1. 0.
-0.893 0.451 0. -247.556 0.451 0.893 0. 269.330 0. 0. -1. 0.
-0.886 0.464 0. -247.987 0.464 0.886 0. 269.570 0. 0. -1. 0.
-0.876 0.482 0. -248.433 0.482 0.876 0. 269.849 0. 0. -1. 0.
-0.859 0.513 0. -249.010 0.513 0.859 0. 270.224 0. 0. -1. 0.
-0.835 0.550 0. -249.573 0.550 0.835 0. 270.598 0. 0. -1. 0.
-0.801 0.598 0. -250.252 0.598 0.801 0. 271.107 0. 0. -1. 0.
-0.755 0.656 0. -250.762 0.656 0.755 0. 271.673 0. 0. -1. 0.
-0.694 0.720 0. -251.418 0.720 0.694 0. 272.428 0. 0. -1. 0.
-0.618 0.786 0. -251.837 0.786 0.618 0. 273.205 0. 0. -1. 0.
-0.525 0.851 0. -252.443 0.851 0.525 0. 273.970 0. 0. -1. 0.
-0.437 0.899 0. -252.690 0.899 0.437 0. 274.803 0. 0. -1. 0.
-0.338 0.941 0. -253.025 0.941 0.338 0. 275.931 0. 0. -1. 0.
-0.236 0.972 0. -253.275 0.972 0.236 0. 276.948 0. 0. -1. 0.
-0.134 0.991 0. -253.407 0.991 0.134 0. 278.179 0. 0. -1. 0.
-0.040 0.999 0. -253.443 0.999 0.040 0. 279.512 0. 0. -1. 0.
0.034 0.999 0. -253.335 0.999 -0.034 -0. 280.927 0. 0. -1. 0.
0.086 0.996 0. -253.101 0.996 -0.086 -0. 282.401 0. 0. -1. 0.
0.129 0.992 0. -252.907 0.992 -0.129 -0. 284.106 0. 0. -1. 0.
0.170 0.986 0. -252.552 0.986 -0.170 -0. 285.846 0. 0. -1. 0.
0.202 0.979 0. -252.151 0.979 -0.202 -0. 287.683 0. 0. -1. 0.
0.225 0.974 0. -251.642 0.974 -0.225 -0. 289.584 0. 0. -1. 0.
0.239 0.971 0. -251.116 0.971 -0.239 -0. 291.616 0. 0. -1. 0.
0.246 0.969 0. -250.511 0.969 -0.246 -0. 293.739 0. 0. -1. 0.
0.250 0.968 0. -249.876 0.968 -0.250 -0. 295.946 0. 0. -1. 0.
0.251 0.968 0. -249.233 0.968 -0.251 -0. 298.207 0. 0. -1. 0.
0.252 0.968 0. -248.550 0.968 -0.252 -0. 300.618 0. 0. -1. 0.
0.253 0.967 0. -247.865 0.967 -0.253 -0. 303.105 0. 0. -1. 0.
0.255 0.967 0. -247.163 0.967 -0.255 -0. 305.630 0. 0. -1. 0.
0.256 0.967 0. -246.375 0.967 -0.256 -0. 308.208 0. 0. -1. 0.
0.258 0.966 0. -245.586 0.966 -0.258 -0. 310.888 0. 0. -1. 0.
0.260 0.966 0. -244.798 0.966 -0.260 -0. 313.620 0. 0. -1. 0.
0.260 0.966 0. -243.958 0.966 -0.260 -0. 316.445 0. 0. -1. 0.
0.263 0.965 0. -243.100 0.965 -0.263 -0. 319.373 0. 0. -1. 0.
0.266 0.964 0. -242.239 0.964 -0.266 -0. 322.305 0. 0. -1. 0.
0.268 0.963 0. -241.290 0.963 -0.268 -0. 325.351 0. 0. -1. 0.
0.269 0.963 0. -240.348 0.963 -0.269 -0. 328.459 0. 0. -1. 0.
0.274 0.962 0. -239.375 0.962 -0.274 -0. 331.643 0. 0. -1. 0.
0.273 0.962 0. -238.351 0.962 -0.273 -0. 334.897 0. 0. -1. 0.
0.275 0.962 0. -237.278 0.962 -0.275 -0. 338.267 0. 0. -1. 0.
0.274 0.962 0. -236.228 0.962 -0.274 -0. 341.678 0. 0. -1. 0.
0.275 0.961 0. -235.205 0.961 -0.275 -0. 345.166 0. 0. -1. 0.
0.275 0.961 0. -234.075 0.961 -0.275 -0. 348.728 0. 0. -1. 0.
0.273 0.962 0. -233.027 0.962 -0.273 -0. 352.396 0. 0. -1. 0.
0.275 0.962 0. -231.808 0.962 -0.275 -0. 356.089 0. 0. -1. 0.
0.276 0.961 0. -230.660 0.961 -0.276 -0. 359.847 0. 0. -1. 0.
0.273 0.962 0. -229.493 0.962 -0.273 -0. 363.749 0. 0. -1. 0.
0.275 0.961 0. -228.250 0.961 -0.275 -0. 367.695 0. 0. -1. 0.
0.276 0.961 0. -227.021 0.961 -0.276 -0. 371.654 0. 0. -1. 0.
0.275 0.961 0. -225.736 0.961 -0.275 -0. 375.675 0. 0. -1. 0.
0.275 0.962 0. -224.511 0.962 -0.275 -0. 379.776 0. 0. -1. 0.
0.275 0.962 0. -223.236 0.962 -0.275 -0. 383.871 0. 0. -1. 0.
0.277 0.961 0. -221.941 0.961 -0.277 -0. 388.007 0. 0. -1. 0.
0.276 0.961 0. -220.645 0.961 -0.276 -0. 392.128 0. 0. -1. 0.
0.276 0.961 0. -219.345 0.961 -0.276 -0. 396.217 0. 0. -1. 0.
0.279 0.960 0. -218.069 0.960 -0.279 -0. 400.289 0. 0. -1. 0.
0.276 0.961 0. -216.728 0.961 -0.276 -0. 404.341 0. 0. -1. 0.
0.274 0.962 0. -215.543 0.962 -0.274 -0. 408.414 0. 0. -1. 0.
0.273 0.962 0. -214.319 0.962 -0.273 -0. 412.481 0. 0. -1. 0.
0.271 0.963 0. -213.103 0.963 -0.271 -0. 416.479 0. 0. -1. 0.
0.271 0.963 0. -211.851 0.963 -0.271 -0. 420.489 0. 0. -1. 0.
0.268 0.963 0. -210.667 0.963 -0.268 -0. 424.436 0. 0. -1. 0.
0.269 0.963 0. -209.440 0.963 -0.269 -0. 428.368 0. 0. -1. 0.
0.268 0.963 0. -208.236 0.963 -0.268 -0. 432.282 0. 0. -1. 0.
0.268 0.963 0. -207.059 0.963 -0.268 -0. 436.158 0. 0. -1. 0.
0.269 0.963 0. -205.927 0.963 -0.269 -0. 440.048 0. 0. -1. 0.
0.269 0.963 0. -204.677 0.963 -0.269 -0. 443.855 0. 0. -1. 0.
0.269 0.963 0. -203.575 0.963 -0.269 -0. 447.683 0. 0. -1. 0.
0.269 0.963 0. -202.427 0.963 -0.269 -0. 451.466 0. 0. -1. 0.
0.270 0.963 0. -201.281 0.963 -0.270 -0. 455.224 0. 0. -1. 0.
0.270 0.963 0. -200.122 0.963 -0.270 -0. 458.972 0. 0. -1. 0.
0.269 0.963 0. -198.988 0.963 -0.269 -0. 462.687 0. 0. -1. 0.
0.270 0.963 0. -197.834 0.963 -0.270 -0. 466.404 0. 0. -1. 0.
0.272 0.962 0. -196.721 0.962 -0.272 -0. 470.096 0. 0. -1. 0.
0.272 0.962 0. -195.564 0.962 -0.272 -0. 473.728 0. 0. -1. 0.
0.274 0.962 0. -194.451 0.962 -0.274 -0. 477.393 0. 0. -1. 0.
0.275 0.961 0. -193.325 0.961 -0.275 -0. 480.992 0. 0. -1. 0.
0.273 0.962 0. -192.196 0.962 -0.273 -0. 484.572 0. 0. -1. 0.
0.273 0.962 0. -191.104 0.962 -0.273 -0. 488.105 0. 0. -1. 0.
0.270 0.963 0. -190.050 0.963 -0.270 -0. 491.568 0. 0. -1. 0.
0.271 0.963 0. -188.948 0.963 -0.271 -0. 495.051 0. 0. -1. 0.
0.269 0.963 0. -187.939 0.963 -0.269 -0. 498.424 0. 0. -1. 0.
0.270 0.963 0. -186.901 0.963 -0.270 -0. 501.784 0. 0. -1. 0.
0.271 0.963 0. -185.939 0.963 -0.271 -0. 505.076 0. 0. -1. 0.
0.272 0.962 0. -184.925 0.962 -0.272 -0. 508.304 0. 0. -1. 0.
0.273 0.962 0. -183.966 0.962 -0.273 -0. 511.492 0. 0. -1. 0.
0.275 0.961 0. -182.991 0.961 -0.275 -0. 514.604 0. 0. -1. 0.
0.276 0.961 0. -182.043 0.961 -0.276 -0. 517.686 0. 0. -1. 0.
0.278 0.961 0. -181.086 0.961 -0.278 -0. 520.702 0. 0. -1. 0.
0.278 0.961 0. -180.127 0.961 -0.278 -0. 523.648 0. 0. -1. 0.
0.279 0.960 0. -179.277 0.960 -0.279 -0. 526.579 0. 0. -1. 0.
0.280 0.960 0. -178.336 0.960 -0.280 -0. 529.413 0. 0. -1. 0.
0.281 0.960 0. -177.493 0.960 -0.281 -0. 532.200 0. 0. -1. 0.
0.281 0.960 0. -176.645 0.960 -0.281 -0. 534.850 0. 0. -1. 0.
0.281 0.960 0. -175.850 0.960 -0.281 -0. 537.465 0. 0. -1. 0.
0.282 0.959 0. -175.050 0.959 -0.282 -0. 539.882 0. 0. -1. 0.
0.282 0.960 0. -174.298 0.960 -0.282 -0. 542.246 0. 0. -1. 0.
0.280 0.960 0. -173.546 0.960 -0.280 -0. 544.436 0. 0. -1. 0.
0.280 0.960 0. -172.939 0.960 -0.280 -0. 546.567 0. 0. -1. 0.
0.279 0.960 0. -172.345 0.960 -0.279 -0. 548.513 0. 0. -1. 0.
0.278 0.961 0. -171.766 0.961 -0.278 -0. 550.306 0. 0. -1. 0.
0.276 0.961 0. -171.241 0.961 -0.276 -0. 551.921 0. 0. -1. 0.
0.274 0.962 0. -170.794 0.962 -0.274 -0. 553.406 0. 0. -1. 0.
0.273 0.962 0. -170.408 0.962 -0.273 -0. 554.760 0. 0. -1. 0.
0.271 0.963 0. -170.066 0.963 -0.271 -0. 555.928 0. 0. -1. 0.
0.268 0.963 0. -169.769 0.963 -0.268 -0. 556.924 0. 0. -1. 0.
0.266 0.964 0. -169.502 0.964 -0.266 -0. 557.831 0. 0. -1. 0.
0.264 0.964 0. -169.266 0.964 -0.264 -0. 558.620 0. 0. -1. 0.
0.264 0.965 0. -169.079 0.965 -0.264 -0. 559.323 0. 0. -1. 0.
0.259 0.966 0. -168.898 0.966 -0.259 -0. 559.884 0. 0. -1. 0.
0.259 0.966 0. -168.808 0.966 -0.259 -0. 560.400 0. 0. -1. 0.
0.257 0.966 0. -168.685 0.966 -0.257 -0. 560.802 0. 0. -1. 0.
0.256 0.967 0. -168.560 0.967 -0.256 -0. 561.127 0. 0. -1. 0.
0.255 0.967 0. -168.503 0.967 -0.255 -0. 561.414 0. 0. -1. 0.
0.255 0.967 0. -168.424 0.967 -0.255 -0. 561.635 0. 0. -1. 0.
0.254 0.967 0. -168.381 0.967 -0.254 -0. 561.854 0. 0. -1. 0.
0.253 0.967 0. -168.342 0.967 -0.253 -0. 562.003 0. 0. -1. 0.
0.252 0.968 0. -168.307 0.968 -0.252 -0. 562.150 0. 0. -1. 0.
0.254 0.967 0. -168.330 0.967 -0.254 -0. 562.269 0. 0. -1. 0.
0.254 0.967 0. -168.301 0.967 -0.254 -0. 562.311 0. 0. -1. 0.
0.254 0.967 0. -168.270 0.967 -0.254 -0. 562.358 0. 0. -1. 0.
0.254 0.967 0. -168.262 0.967 -0.254 -0. 562.365 0. 0. -1. 0.
0.254 0.967 0. -168.264 0.967 -0.254 -0. 562.368 0. 0. -1. 0.
0.254 0.967 0. -168.273 0.967 -0.254 -0. 562.373 0. 0. -1. 0.
0.254 0.967 0. -168.274 0.967 -0.254 -0. 562.372 0. 0. -1. 0.
0.254 0.967 0. -168.279 0.967 -0.254 -0. 562.368 0. 0. -1. 0.
0.254 0.967 0. -168.275 0.967 -0.254 -0. 562.373 0. 0. -1. 0.
0.254 0.967 0. -168.281 0.967 -0.254 -0. 562.379 0. 0. -1. 0.
0.254 0.967 0. -168.285 0.967 -0.254 -0. 562.375 0. 0. -1. 0.
0.254 0.967 0. -168.272 0.967 -0.254 -0. 562.376 0. 0. -1. 0.
0.254 0.967 0. -168.271 0.967 -0.254 -0. 562.378 0. 0. -1. 0.
0.254 0.967 0. -168.270 0.967 -0.254 -0. 562.369 0. 0. -1. 0.
0.254 0.967 0. -168.274 0.967 -0.254 -0. 562.377 0. 0. -1. 0.
0.254 0.967 0. -168.266 0.967 -0.254 -0. 562.379 0. 0. -1. 0.
0.254 0.967 0. -168.267 0.967 -0.254 -0. 562.383 0. 0. -1. 0.
0.254 0.967 0. -168.271 0.967 -0.254 -0. 562.387 0. 0. -1. 0.
0.254 0.967 0. -168.267 0.967 -0.254 -0. 562.398 0. 0. -1. 0.
0.254 0.967 0. -168.264 0.967 -0.254 -0. 562.384 0. 0. -1. 0.
0.254 0.967 0. -168.263 0.967 -0.254 -0. 562.372 0. 0. -1. 0.
0.254 0.967 0. -168.264 0.967 -0.254 -0. 562.384 0. 0. -1. 0.
0.254 0.967 0. -168.253 0.967 -0.254 -0. 562.375 0. 0. -1. 0.
0.254 0.967 0. -168.264 0.967 -0.254 -0. 562.374 0. 0. -1. 0.
0.253 0.967 0. -168.251 0.967 -0.253 -0. 562.365 0. 0. -1. 0.
0.254 0.967 0. -168.272 0.967 -0.254 -0. 562.379 0. 0. -1. 0.
0.254 0.967 0. -168.261 0.967 -0.254 -0. 562.366 0. 0. -1. 0.
0.254 0.967 0. -168.276 0.967 -0.254 -0. 562.380 0. 0. -1. 0.
0.254 0.967 0. -168.287 0.967 -0.254 -0. 562.370 0. 0. -1. 0.
0.254 0.967 0. -168.274 0.967 -0.254 -0. 562.374 0. 0. -1. 0.
0.254 0.967 0. -168.274 0.967 -0.254 -0. 562.369 0. 0. -1. 0.
0.254 0.967 0. -168.286 0.967 -0.254 -0. 562.360 0. 0. -1. 0.
0.253 0.967 0. -168.262 0.967 -0.253 -0. 562.359 0. 0. -1. 0.
0.253 0.967 0. -168.288 0.967 -0.253 -0. 562.373 0. 0. -1. 0.
0.254 0.967 0. -168.274 0.967 -0.254 -0. 562.368 0. 0. -1. 0.
0.253 0.967 0. -168.286 0.967 -0.253 -0. 562.380 0. 0. -1. 0.
0.253 0.967 0. -168.269 0.967 -0.253 -0. 562.374 0. 0. -1. 0.
0.253 0.967 0. -168.280 0.967 -0.253 -0. 562.375 0. 0. -1. 0.
0.253 0.967 0. -168.270 0.967 -0.253 -0. 562.364 0. 0. -1. 0.
0.254 0.967 0. -168.265 0.967 -0.254 -0. 562.385 0. 0. -1. 0.
0.253 0.967 0. -168.250 0.967 -0.253 -0. 562.376 0. 0. -1. 0.
0.254 0.967 0. -168.277 0.967 -0.254 -0. 562.375 0. 0. -1. 0.
0.254 0.967 0. -168.272 0.967 -0.254 -0. 562.371 0. 0. -1. 0.
0.253 0.967 0. -168.290 0.967 -0.253 -0. 562.376 0. 0. -1. 0.
0.254 0.967 0. -168.281 0.967 -0.254 -0. 562.368 0. 0. -1. 0.
0.253 0.967 0. -168.284 0.967 -0.253 -0. 562.378 0. 0. -1. 0.
0.253 0.967 0. -168.269 0.967 -0.253 -0. 562.376 0. 0. -1. 0.
0.253 0.967 0. -168.271 0.967 -0.253 -0. 562.377 0. 0. -1. 0.
0.253 0.967 0. -168.262 0.967 -0.253 -0. 562.381 0. 0. -1. 0.
0.254 0.967 0. -168.273 0.967 -0.254 -0. 562.376 0. 0. -1. 0.
0.253 0.967 0. -168.275 0.967 -0.253 -0. 562.369 0. 0. -1. 0.
0.254 0.967 0. -168.262 0.967 -0.254 -0. 562.374 0. 0. -1. 0.
0.253 0.967 0. -168.276 0.967 -0.253 -0. 562.369 0. 0. -1. 0.
0.253 0.967 0. -168.280 0.967 -0.253 -0. 562.380 0. 0. -1. 0.
0.254 0.967 0. -168.280 0.967 -0.254 -0. 562.370 0. 0. -1. 0.
0.254 0.967 0. -168.271 0.967 -0.254 -0. 562.371 0. 0. -1. 0.
0.254 0.967 0. -168.291 0.967 -0.254 -0. 562.371 0. 0. -1. 0.
0.254 0.967 0. -168.286 0.967 -0.254 -0. 562.365 0. 0. -1. 0.
0.254 0.967 0. -168.283 0.967 -0.254 -0. 562.379 0. 0. -1. 0.
0.253 0.967 0. -168.258 0.967 -0.253 -0. 562.368 0. 0. -1. 0.
0.253 0.967 0. -168.278 0.967 -0.253 -0. 562.373 0. 0. -1. 0.
0.253 0.967 0. -168.278 0.967 -0.253 -0. 562.371 0. 0. -1. 0.
0.254 0.967 0. -168.285 0.967 -0.254 -0. 562.380 0. 0. -1. 0.
0.253 0.967 0. -168.278 0.967 -0.253 -0. 562.377 0. 0. -1. 0.
0.253 0.967 0. -168.286 0.967 -0.253 -0. 562.374 0. 0. -1. 0.
0.254 0.967 0. -168.274 0.967 -0.254 -0. 562.368 0. 0. -1. 0.
0.254 0.967 0. -168.283 0.967 -0.254 -0. 562.369 0. 0. -1. 0.
0.253 0.967 0. -168.292 0.967 -0.253 -0. 562.362 0. 0. -1. 0.
0.254 0.967 0. -168.278 0.967 -0.254 -0. 562.366 0. 0. -1. 0.
0.254 0.967 0. -168.275 0.967 -0.254 -0. 562.368 0. 0. -1. 0.
0.254 0.967 0. -168.272 0.967 -0.254 -0. 562.363 0. 0. -1. 0.
0.254 0.967 0. -168.280 0.967 -0.254 -0. 562.376 0. 0. -1. 0.
0.254 0.967 0. -168.277 0.967 -0.254 -0. 562.374 0. 0. -1. 0.
0.253 0.967 0. -168.276 0.967 -0.253 -0. 562.385 0. 0. -1. 0.
0.254 0.967 0. -168.270 0.967 -0.254 -0. 562.369 0. 0. -1. 0.
0.254 0.967 0. -168.293 0.967 -0.254 -0. 562.373 0. 0. -1. 0.
0.253 0.967 0. -168.280 0.967 -0.253 -0. 562.374 0. 0. -1. 0.
0.253 0.967 0. -168.265 0.967 -0.253 -0. 562.374 0. 0. -1. 0.
0.253 0.967 0. -168.262 0.967 -0.253 -0. 562.372 0. 0. -1. 0.
0.253 0.967 0. -168.278 0.967 -0.253 -0. 562.389 0. 0. -1. 0.
0.254 0.967 0. -168.259 0.967 -0.254 -0. 562.382 0. 0. -1. 0.
0.254 0.967 0. -168.285 0.967 -0.254 -0. 562.379 0. 0. -1. 0.
0.254 0.967 0. -168.275 0.967 -0.254 -0. 562.373 0. 0. -1. 0.
0.254 0.967 0. -168.271 0.967 -0.254 -0. 562.379 0. 0. -1. 0.
