1547824819123090 1.00000 0.00000 0.00000 -0.00000 0.00000 1.00000 0.00000 -0.00000 0.00000 0.00000 1.00000 -0.00000
1547824819371845 1.00000 0.00002 -0.00000 -0.00031 -0.00002 1.00000 0.00000 -0.00001 0.00000 -0.00000 1.00000 0.00000
1547824819622545 1.00000 0.00000 0.00000 -0.00044 0.00000 1.00000 0.00000 0.00003 0.00000 0.00000 1.00000 0.00000
1547824819873996 1.00000 -0.00000 -0.00000 -0.00033 0.00000 1.00000 0.00000 -0.00000 0.00000 -0.00000 1.00000 0.00000
1547824820125061 1.00000 0.00001 -0.00000 -0.00050 -0.00001 1.00000 0.00000 -0.00001 0.00000 -0.00000 1.00000 0.00000
1547824820375822 1.00000 0.00003 -0.00000 -0.00020 -0.00003 1.00000 0.00000 -0.00001 0.00000 -0.00000 1.00000 0.00000
1547824820626211 1.00000 0.00001 -0.00000 -0.00004 -0.00001 1.00000 0.00000 -0.00003 0.00000 -0.00000 1.00000 0.00000
1547824820875915 1.00000 -0.00000 -0.00000 -0.00107 0.00000 1.00000 0.00000 -0.00005 0.00000 -0.00000 1.00000 0.00000
1547824821125550 1.00000 -0.00000 -0.00000 -0.00151 0.00000 1.00000 0.00000 -0.00001 0.00000 -0.00000 1.00000 0.00000
1547824821375720 1.00000 -0.00000 -0.00000 -0.00124 0.00000 1.00000 0.00000 -0.00005 0.00000 -0.00000 1.00000 0.00000
1547824821626183 1.00000 0.00001 -0.00000 -0.00038 -0.00001 1.00000 0.00000 -0.00005 0.00000 -0.00000 1.00000 0.00000
1547824821877818 1.00000 0.00001 -0.00000 0.00066 -0.00001 1.00000 0.00000 -0.00013 0.00000 -0.00000 1.00000 0.00000
1547824822130148 1.00000 0.00001 -0.00000 0.00067 -0.00001 1.00000 0.00000 -0.00009 0.00000 -0.00000 1.00000 0.00000
1547824822381860 1.00000 -0.00002 -0.00000 -0.00016 0.00002 1.00000 0.00000 -0.00017 0.00000 -0.00000 1.00000 0.00000
1547824822633275 1.00000 -0.00003 -0.00000 -0.00042 0.00003 1.00000 0.00000 -0.00031 0.00000 -0.00000 1.00000 0.00000
1547824822884923 1.00000 -0.00003 -0.00000 -0.00061 0.00003 1.00000 0.00000 -0.00029 0.00000 -0.00000 1.00000 0.00000
1547824823136898 1.00000 -0.00003 -0.00000 -0.00066 0.00003 1.00000 0.00000 -0.00026 0.00000 -0.00000 1.00000 0.00000
1547824823388609 1.00000 0.00000 -0.00000 -0.00013 -0.00000 1.00000 0.00000 -0.00020 0.00000 -0.00000 1.00000 0.00000
1547824823640078 1.00000 -0.00002 -0.00000 -0.00045 0.00002 1.00000 0.00000 -0.00010 0.00000 -0.00000 1.00000 0.00000
1547824823891351 1.00000 -0.00003 -0.00000 -0.00033 0.00003 1.00000 0.00000 -0.00005 0.00000 -0.00000 1.00000 0.00000
1547824824143446 1.00000 -0.00001 -0.00000 -0.00031 0.00001 1.00000 0.00000 -0.00009 0.00000 -0.00000 1.00000 0.00000
1547824824397099 1.00000 -0.00000 -0.00000 -0.00081 0.00000 1.00000 0.00000 -0.00009 0.00000 -0.00000 1.00000 0.00000
1547824824649967 1.00000 -0.00001 -0.00000 -0.00119 0.00001 1.00000 0.00000 -0.00004 0.00000 -0.00000 1.00000 0.00000
1547824824900291 1.00000 -0.00003 -0.00000 -0.00107 0.00003 1.00000 0.00000 0.00001 0.00000 -0.00000 1.00000 -0.00000
1547824825149224 1.00000 -0.00005 -0.00000 -0.00062 0.00005 1.00000 0.00000 -0.00002 0.00000 -0.00000 1.00000 0.00000
1547824825397332 1.00000 -0.00004 -0.00000 -0.00013 0.00004 1.00000 0.00000 -0.00023 0.00000 -0.00000 1.00000 0.00000
1547824825645344 1.00000 -0.00001 -0.00000 -0.00013 0.00001 1.00000 0.00000 -0.00030 0.00000 -0.00000 1.00000 0.00000
1547824825892896 1.00000 0.00000 -0.00000 0.00011 -0.00000 1.00000 0.00000 -0.00029 0.00000 -0.00000 1.00000 0.00000
1547824826140508 1.00000 -0.00005 -0.00000 -0.00001 0.00005 1.00000 0.00000 -0.00042 0.00000 -0.00000 1.00000 0.00000
1547824826388431 1.00000 -0.00006 -0.00000 -0.00022 0.00006 1.00000 0.00000 -0.00040 0.00000 -0.00000 1.00000 0.00000
1547824826637706 1.00000 -0.00004 -0.00000 -0.00027 0.00004 1.00000 0.00000 -0.00033 0.00000 -0.00000 1.00000 0.00000
1547824826888525 1.00000 -0.00001 -0.00000 -0.00002 0.00001 1.00000 0.00000 -0.00023 0.00000 -0.00000 1.00000 0.00000
1547824827139461 1.00000 -0.00004 -0.00000 -0.00089 0.00004 1.00000 0.00000 -0.00031 0.00000 -0.00000 1.00000 0.00000
1547824827390345 1.00000 -0.00004 -0.00000 -0.00096 0.00004 1.00000 0.00000 -0.00024 0.00000 -0.00000 1.00000 0.00000
1547824827641155 1.00000 -0.00003 -0.00000 -0.00087 0.00003 1.00000 0.00000 -0.00019 0.00000 -0.00000 1.00000 0.00000
1547824827891290 1.00000 -0.00001 -0.00000 -0.00062 0.00001 1.00000 0.00000 -0.00016 0.00000 -0.00000 1.00000 0.00000
1547824828140937 1.00000 -0.00002 -0.00000 -0.00069 0.00002 1.00000 0.00000 -0.00017 0.00000 -0.00000 1.00000 0.00000
1547824828390939 1.00000 -0.00005 -0.00000 -0.00109 0.00005 1.00000 0.00000 -0.00018 0.00000 -0.00000 1.00000 0.00000
1547824828640974 1.00000 -0.00008 -0.00000 -0.00108 0.00008 1.00000 0.00000 -0.00023 0.00000 -0.00000 1.00000 0.00000
1547824828892369 1.00000 -0.00007 -0.00000 -0.00112 0.00007 1.00000 0.00000 -0.00020 0.00000 -0.00000 1.00000 0.00000
1547824829144762 1.00000 -0.00006 -0.00000 -0.00147 0.00006 1.00000 0.00000 -0.00015 0.00000 -0.00000 1.00000 0.00000
1547824829396831 1.00000 -0.00006 -0.00000 -0.00183 0.00006 1.00000 0.00000 -0.00017 0.00000 -0.00000 1.00000 0.00000
1547824829648682 1.00000 -0.00004 -0.00000 -0.00105 0.00004 1.00000 0.00000 -0.00016 0.00000 -0.00000 1.00000 0.00000
1547824829900320 1.00000 -0.00005 -0.00000 -0.00067 0.00005 1.00000 0.00000 -0.00021 0.00000 -0.00000 1.00000 0.00000
1547824830151406 1.00000 -0.00006 -0.00000 -0.00048 0.00006 1.00000 0.00000 -0.00024 0.00000 -0.00000 1.00000 0.00000
1547824830401582 1.00000 -0.00006 -0.00000 -0.00057 0.00006 1.00000 0.00000 -0.00027 0.00000 -0.00000 1.00000 0.00000
1547824830651459 1.00000 -0.00005 -0.00000 -0.00080 0.00005 1.00000 0.00000 -0.00025 0.00000 -0.00000 1.00000 0.00000
1547824830901072 1.00000 -0.00006 -0.00000 -0.00126 0.00006 1.00000 0.00000 -0.00024 0.00000 -0.00000 1.00000 0.00000
1547824831151734 1.00000 -0.00006 -0.00000 -0.00109 0.00006 1.00000 0.00000 -0.00021 0.00000 -0.00000 1.00000 0.00000
1547824831404071 1.00000 -0.00006 -0.00000 -0.00079 0.00006 1.00000 0.00000 -0.00020 0.00000 -0.00000 1.00000 0.00000
1547824831656658 1.00000 -0.00005 -0.00000 -0.00069 0.00005 1.00000 0.00000 -0.00022 0.00000 -0.00000 1.00000 0.00000
1547824831908478 1.00000 -0.00005 -0.00000 -0.00055 0.00005 1.00000 0.00000 -0.00025 0.00000 -0.00000 1.00000 0.00000
1547824832159564 1.00000 -0.00007 -0.00000 -0.00095 0.00007 1.00000 0.00000 -0.00034 0.00000 -0.00000 1.00000 0.00000
1547824832409652 1.00000 -0.00007 -0.00000 -0.00094 0.00007 1.00000 0.00000 -0.00035 0.00000 -0.00000 1.00000 0.00000
1547824832659006 1.00000 -0.00006 -0.00000 -0.00091 0.00006 1.00000 0.00000 -0.00027 0.00000 -0.00000 1.00000 0.00000
1547824832907870 1.00000 -0.00005 -0.00000 -0.00077 0.00005 1.00000 0.00000 -0.00031 0.00000 -0.00000 1.00000 0.00000
1547824833156363 1.00000 -0.00004 -0.00000 -0.00024 0.00004 1.00000 0.00000 -0.00035 0.00000 -0.00000 1.00000 0.00000
1547824833404917 1.00000 -0.00005 -0.00000 0.00027 0.00005 1.00000 0.00000 -0.00034 0.00000 -0.00000 1.00000 0.00000
1547824833653130 1.00000 -0.00004 -0.00000 0.00012 0.00004 1.00000 0.00000 -0.00031 0.00000 -0.00000 1.00000 0.00000
1547824833901139 1.00000 -0.00003 -0.00000 0.00032 0.00003 1.00000 0.00000 -0.00030 0.00000 -0.00000 1.00000 0.00000
1547824834149153 1.00000 -0.00003 -0.00000 0.00043 0.00003 1.00000 0.00000 -0.00032 0.00000 -0.00000 1.00000 0.00000
1547824834397236 1.00000 -0.00004 -0.00000 0.00013 0.00004 1.00000 0.00000 -0.00035 0.00000 -0.00000 1.00000 0.00000
1547824834645637 1.00000 -0.00006 -0.00000 -0.00050 0.00006 1.00000 0.00000 -0.00036 0.00000 -0.00000 1.00000 0.00000
1547824834895046 1.00000 -0.00005 -0.00000 -0.00027 0.00005 1.00000 0.00000 -0.00038 0.00000 -0.00000 1.00000 0.00000
1547824835144923 1.00000 -0.00008 -0.00000 -0.00034 0.00008 1.00000 0.00000 -0.00041 0.00000 -0.00000 1.00000 0.00000
1547824835395190 1.00000 -0.00009 -0.00000 -0.00082 0.00009 1.00000 0.00000 -0.00030 0.00000 -0.00000 1.00000 0.00000
1547824835646323 1.00000 -0.00005 -0.00000 -0.00150 0.00005 1.00000 0.00000 -0.00022 0.00000 -0.00000 1.00000 0.00000
1547824835898312 1.00000 -0.00003 -0.00000 -0.00108 0.00003 1.00000 0.00000 -0.00020 0.00000 -0.00000 1.00000 0.00000
1547824836150392 1.00000 -0.00005 -0.00000 -0.00158 0.00005 1.00000 0.00000 -0.00021 0.00000 -0.00000 1.00000 0.00000
1547824836402103 1.00000 -0.00006 -0.00000 -0.00189 0.00006 1.00000 0.00000 -0.00017 0.00000 -0.00000 1.00000 0.00000
1547824836653911 1.00000 -0.00007 -0.00000 -0.00128 0.00007 1.00000 0.00000 -0.00032 0.00000 -0.00000 1.00000 0.00000
1547824836904747 1.00000 -0.00007 -0.00000 -0.00107 0.00007 1.00000 0.00000 -0.00023 0.00000 -0.00000 1.00000 0.00000
1547824837154567 1.00000 -0.00008 -0.00000 -0.00072 0.00008 1.00000 0.00000 -0.00019 0.00000 -0.00000 1.00000 0.00000
1547824837404247 1.00000 -0.00003 -0.00000 -0.00056 0.00003 1.00000 0.00000 -0.00014 0.00000 -0.00000 1.00000 0.00000
1547824837653944 1.00000 -0.00002 -0.00000 -0.00042 0.00002 1.00000 0.00000 -0.00011 0.00000 -0.00000 1.00000 0.00000
1547824837904519 1.00000 -0.00002 -0.00000 -0.00011 0.00002 1.00000 0.00000 -0.00014 0.00000 -0.00000 1.00000 0.00000
1547824838156155 1.00000 -0.00006 -0.00000 -0.00017 0.00006 1.00000 0.00000 -0.00022 0.00000 -0.00000 1.00000 0.00000
1547824838408514 1.00000 -0.00007 -0.00000 -0.00055 0.00007 1.00000 0.00000 -0.00019 0.00000 -0.00000 1.00000 0.00000
1547824838660664 1.00000 -0.00007 -0.00000 -0.00050 0.00007 1.00000 0.00000 -0.00019 0.00000 -0.00000 1.00000 0.00000
1547824838912231 1.00000 -0.00006 -0.00000 -0.00033 0.00006 1.00000 0.00000 -0.00017 0.00000 -0.00000 1.00000 0.00000
1547824839162364 1.00000 -0.00005 -0.00000 -0.00026 0.00005 1.00000 0.00000 -0.00011 0.00000 -0.00000 1.00000 0.00000
1547824839411412 1.00000 -0.00005 -0.00000 -0.00036 0.00005 1.00000 0.00000 0.00002 0.00000 -0.00000 1.00000 -0.00000
1547824839660638 1.00000 -0.00002 -0.00000 -0.00128 0.00002 1.00000 0.00000 0.00019 0.00000 -0.00000 1.00000 -0.00000
1547824839909837 1.00000 -0.00005 -0.00000 -0.00059 0.00005 1.00000 0.00000 0.00043 0.00000 -0.00000 1.00000 -0.00000
1547824840158483 1.00000 -0.00005 -0.00000 -0.00003 0.00005 1.00000 0.00000 0.00084 0.00000 -0.00000 1.00000 -0.00000
1547824840406965 1.00000 -0.00007 -0.00000 0.00011 0.00007 1.00000 0.00000 0.00087 0.00000 -0.00000 1.00000 0.00000
1547824840655215 1.00000 -0.00010 -0.00000 0.00034 0.00010 1.00000 0.00000 0.00033 0.00000 -0.00000 1.00000 0.00000
1547824840903016 1.00000 -0.00013 -0.00000 -0.00007 0.00013 1.00000 0.00000 -0.00005 0.00000 -0.00000 1.00000 0.00000
1547824841151118 1.00000 -0.00012 -0.00000 -0.00070 0.00012 1.00000 0.00000 -0.00022 0.00000 -0.00000 1.00000 0.00000
1547824841399622 1.00000 -0.00010 -0.00000 -0.00037 0.00010 1.00000 0.00000 -0.00033 0.00000 -0.00000 1.00000 0.00000
1547824841648375 1.00000 -0.00008 -0.00000 -0.00004 0.00008 1.00000 0.00000 -0.00031 0.00000 -0.00000 1.00000 0.00000
1547824841897242 1.00000 -0.00008 -0.00000 -0.00039 0.00008 1.00000 0.00000 -0.00041 0.00000 -0.00000 1.00000 0.00000
1547824842145770 1.00000 -0.00005 -0.00000 -0.00008 0.00005 1.00000 0.00000 -0.00048 0.00000 -0.00000 1.00000 0.00000
1547824842394197 1.00000 -0.00008 -0.00000 -0.00011 0.00008 1.00000 0.00000 -0.00053 0.00000 -0.00000 1.00000 0.00000
1547824842643083 1.00000 -0.00009 -0.00000 -0.00019 0.00009 1.00000 0.00000 -0.00055 0.00000 -0.00000 1.00000 0.00000
1547824842893347 1.00000 -0.00008 -0.00000 0.00002 0.00008 1.00000 0.00000 -0.00041 0.00000 -0.00000 1.00000 0.00000
1547824843144201 1.00000 -0.00008 -0.00000 0.00014 0.00008 1.00000 0.00000 -0.00044 0.00000 -0.00000 1.00000 0.00000
1547824843394721 1.00000 -0.00011 -0.00000 -0.00007 0.00011 1.00000 0.00000 -0.00046 0.00000 -0.00000 1.00000 0.00000
1547824843645262 1.00000 -0.00011 -0.00000 -0.00090 0.00011 1.00000 0.00000 -0.00048 0.00000 -0.00000 1.00000 0.00000
1547824843895740 1.00000 -0.00011 -0.00000 -0.00078 0.00011 1.00000 0.00000 -0.00042 0.00000 -0.00000 1.00000 0.00000
1547824844145734 1.00000 -0.00011 -0.00000 -0.00042 0.00011 1.00000 0.00000 -0.00041 0.00000 -0.00000 1.00000 0.00000
1547824844395524 1.00000 -0.00008 -0.00000 -0.00042 0.00008 1.00000 0.00000 -0.00034 0.00000 -0.00000 1.00000 0.00000
1547824844645479 1.00000 -0.00004 -0.00000 -0.00013 0.00004 1.00000 0.00000 -0.00012 0.00000 -0.00000 1.00000 0.00000
1547824844896337 1.00000 -0.00004 -0.00000 -0.00049 0.00004 1.00000 0.00000 -0.00019 0.00000 -0.00000 1.00000 0.00000
1547824845148268 1.00000 -0.00005 -0.00000 -0.00106 0.00005 1.00000 0.00000 -0.00023 0.00000 -0.00000 1.00000 0.00000
1547824845400453 1.00000 -0.00008 -0.00000 -0.00122 0.00008 1.00000 0.00000 -0.00037 0.00000 -0.00000 1.00000 0.00000
1547824845652513 1.00000 -0.00007 -0.00000 -0.00075 0.00007 1.00000 0.00000 -0.00040 0.00000 -0.00000 1.00000 0.00000
1547824845903892 1.00000 -0.00009 -0.00000 -0.00035 0.00009 1.00000 0.00000 -0.00044 0.00000 -0.00000 1.00000 0.00000
1547824846153750 1.00000 -0.00011 -0.00000 -0.00053 0.00011 1.00000 0.00000 -0.00050 0.00000 -0.00000 1.00000 0.00000
1547824846402704 1.00000 -0.00011 -0.00000 -0.00072 0.00011 1.00000 0.00000 -0.00053 0.00000 -0.00000 1.00000 0.00000
1547824846652127 1.00000 -0.00009 -0.00000 -0.00063 0.00009 1.00000 0.00000 -0.00049 0.00000 -0.00000 1.00000 0.00000
1547824846900759 1.00000 -0.00010 -0.00000 -0.00053 0.00010 1.00000 0.00000 -0.00049 0.00000 -0.00000 1.00000 0.00000
1547824847149075 1.00000 -0.00012 -0.00000 -0.00062 0.00012 1.00000 0.00000 -0.00058 0.00000 -0.00000 1.00000 0.00000
1547824847397202 1.00000 -0.00009 -0.00000 -0.00023 0.00009 1.00000 0.00000 -0.00048 0.00000 -0.00000 1.00000 0.00000
1547824847645025 1.00000 -0.00004 -0.00000 -0.00004 0.00004 1.00000 0.00000 -0.00043 0.00000 -0.00000 1.00000 0.00000
1547824847893121 1.00000 -0.00002 -0.00000 -0.00005 0.00002 1.00000 0.00000 -0.00042 0.00000 -0.00000 1.00000 0.00000
1547824848141326 1.00000 -0.00008 -0.00000 -0.00044 0.00008 1.00000 0.00000 -0.00048 0.00000 -0.00000 1.00000 0.00000
1547824848389699 1.00000 -0.00010 -0.00000 -0.00097 0.00010 1.00000 0.00000 -0.00054 0.00000 -0.00000 1.00000 0.00000
1547824848639158 1.00000 -0.00012 -0.00000 -0.00083 0.00012 1.00000 0.00000 -0.00068 0.00000 -0.00000 1.00000 0.00000
1547824848889153 1.00000 -0.00013 -0.00000 -0.00090 0.00013 1.00000 0.00000 -0.00071 0.00000 -0.00000 1.00000 0.00000
1547824849138982 1.00000 -0.00012 -0.00000 -0.00116 0.00012 1.00000 0.00000 -0.00071 0.00000 -0.00000 1.00000 0.00000
1547824849390355 1.00000 -0.00012 -0.00000 -0.00110 0.00012 1.00000 0.00000 -0.00069 0.00000 -0.00000 1.00000 0.00000
1547824849642695 1.00000 -0.00012 -0.00000 -0.00165 0.00012 1.00000 0.00000 -0.00060 0.00000 -0.00000 1.00000 0.00000
1547824849894731 1.00000 -0.00009 -0.00000 -0.00139 0.00009 1.00000 0.00000 -0.00059 0.00000 -0.00000 1.00000 0.00000
1547824850146409 1.00000 -0.00011 -0.00000 -0.00146 0.00011 1.00000 0.00000 -0.00060 0.00000 -0.00000 1.00000 0.00000
1547824850397808 1.00000 -0.00015 -0.00000 -0.00195 0.00015 1.00000 0.00000 -0.00067 0.00000 -0.00000 1.00000 0.00000
1547824850648691 1.00000 -0.00016 -0.00000 -0.00270 0.00016 1.00000 0.00000 -0.00068 0.00000 -0.00000 1.00000 0.00000
1547824850898711 1.00000 -0.00013 -0.00000 -0.00252 0.00013 1.00000 0.00000 -0.00069 0.00000 -0.00000 1.00000 0.00000
1547824851148552 1.00000 -0.00012 -0.00000 -0.00176 0.00012 1.00000 0.00000 -0.00064 0.00000 -0.00000 1.00000 0.00000
1547824851398124 1.00000 -0.00011 -0.00000 -0.00117 0.00011 1.00000 0.00000 -0.00072 0.00000 -0.00000 1.00000 0.00000
1547824851648093 1.00000 -0.00010 -0.00000 -0.00067 0.00010 1.00000 0.00000 -0.00081 0.00000 -0.00000 1.00000 0.00000
1547824851899173 1.00000 -0.00010 -0.00000 -0.00034 0.00010 1.00000 0.00000 -0.00084 0.00000 -0.00000 1.00000 0.00000
1547824852151114 1.00000 -0.00011 -0.00000 -0.00082 0.00011 1.00000 0.00000 -0.00087 0.00000 -0.00000 1.00000 0.00000
1547824852403120 1.00000 -0.00012 -0.00000 -0.00169 0.00012 1.00000 0.00000 -0.00099 0.00000 -0.00000 1.00000 0.00000
1547824852655189 1.00000 -0.00013 -0.00000 -0.00197 0.00013 1.00000 0.00000 -0.00116 0.00000 -0.00000 1.00000 0.00000
1547824852906590 1.00000 -0.00014 -0.00000 -0.00244 0.00014 1.00000 0.00000 -0.00156 0.00000 -0.00000 1.00000 0.00000
1547824853156421 1.00000 -0.00016 -0.00000 -0.00474 0.00016 1.00000 0.00000 -0.00213 0.00000 -0.00000 1.00000 0.00000
1547824853405390 1.00000 -0.00014 -0.00000 -0.01312 0.00014 1.00000 0.00000 -0.00262 0.00000 -0.00000 1.00000 0.00000
1547824853654393 1.00000 -0.00007 -0.00000 -0.03918 0.00007 1.00000 0.00000 -0.00310 0.00000 -0.00000 1.00000 0.00000
1547824853903422 1.00000 0.00066 -0.00000 -0.09193 -0.00066 1.00000 0.00000 -0.00294 0.00000 -0.00000 1.00000 0.00000
1547824854151926 0.99999 0.00329 -0.00000 -0.12761 -0.00329 0.99999 0.00000 0.00058 0.00000 -0.00000 1.00000 -0.00000
1547824854400130 0.99996 0.00845 -0.00000 -0.33614 -0.00845 0.99996 0.00000 -0.00244 0.00000 -0.00000 1.00000 0.00000
1547824854647818 0.99984 0.01813 -0.00000 -0.57541 -0.01813 0.99984 0.00000 0.00269 0.00000 -0.00000 1.00000 0.00000
1547824854895780 0.99951 0.03122 -0.00000 -1.00028 -0.03122 0.99951 0.00000 0.00594 0.00000 -0.00000 1.00000 0.00000
1547824855144567 0.99894 0.04607 -0.00000 -1.54157 -0.04607 0.99894 0.00000 0.01818 0.00000 -0.00000 1.00000 0.00000
1547824855394191 0.99805 0.06244 -0.00000 -2.19124 -0.06244 0.99805 0.00000 0.04205 0.00000 -0.00000 1.00000 0.00000
1547824855644160 0.99690 0.07872 -0.00000 -2.95239 -0.07872 0.99690 0.00000 0.07767 0.00000 -0.00000 1.00000 0.00000
1547824855894057 0.99560 0.09369 -0.00000 -3.83943 -0.09369 0.99560 0.00000 0.12072 0.00000 -0.00000 1.00000 0.00000
1547824856143517 0.99441 0.10561 -0.00000 -4.84686 -0.10561 0.99441 0.00000 0.16746 0.00000 -0.00000 1.00000 0.00000
1547824856393049 0.99372 0.11189 -0.00000 -5.94491 -0.11189 0.99372 0.00000 0.20423 0.00000 -0.00000 1.00000 0.00000
1547824856642890 0.99363 0.11269 -0.00000 -7.12991 -0.11269 0.99363 0.00000 0.22649 0.00000 -0.00000 1.00000 0.00000
1547824856892493 0.99387 0.11057 -0.00000 -8.42489 -0.11057 0.99387 0.00000 0.22639 0.00000 -0.00000 1.00000 0.00000
1547824857142999 0.99403 0.10906 -0.00000 -9.96977 -0.10906 0.99403 0.00000 0.20963 0.00000 -0.00000 1.00000 0.00000
1547824857394938 0.99437 0.10596 -0.00000 -11.65153 -0.10596 0.99437 0.00000 0.17728 0.00000 -0.00000 1.00000 0.00000
1547824857646687 0.99479 0.10192 -0.00000 -13.41287 -0.10192 0.99479 0.00000 0.13430 0.00000 -0.00000 1.00000 0.00000
1547824857897975 0.99523 0.09759 -0.00000 -15.26276 -0.09759 0.99523 0.00000 0.07865 0.00000 -0.00000 1.00000 0.00000
1547824858149506 0.99568 0.09283 -0.00000 -17.21009 -0.09283 0.99568 0.00000 0.01684 0.00000 -0.00000 1.00000 0.00000
1547824858401043 0.99617 0.08739 -0.00000 -19.12908 -0.08739 0.99617 0.00000 -0.06762 0.00000 -0.00000 1.00000 0.00000
1547824858651757 0.99670 0.08111 -0.00000 -21.21357 -0.08111 0.99670 0.00000 -0.17652 0.00000 -0.00000 1.00000 0.00000
1547824858902801 0.99717 0.07523 -0.00000 -23.29102 -0.07523 0.99717 0.00000 -0.28851 0.00000 -0.00000 1.00000 0.00000
1547824859154377 0.99771 0.06767 -0.00000 -25.40158 -0.06767 0.99771 0.00000 -0.46639 0.00000 -0.00000 1.00000 0.00000
1547824859405236 0.99807 0.06217 -0.00000 -27.52690 -0.06217 0.99807 0.00000 -0.59210 0.00000 -0.00000 1.00000 0.00000
1547824859655944 0.99827 0.05875 -0.00000 -29.73156 -0.05875 0.99827 0.00000 -0.67291 0.00000 -0.00000 1.00000 0.00000
1547824859907238 0.99838 0.05696 -0.00000 -31.98375 -0.05696 0.99838 0.00000 -0.71622 0.00000 -0.00000 1.00000 0.00000
1547824860159501 0.99853 0.05420 -0.00000 -34.31232 -0.05420 0.99853 0.00000 -0.79965 0.00000 -0.00000 1.00000 0.00000
1547824860412560 0.99870 0.05094 -0.00000 -36.65504 -0.05094 0.99870 0.00000 -0.90564 0.00000 -0.00000 1.00000 0.00000
1547824860665971 0.99889 0.04705 -0.00000 -38.92119 -0.04705 0.99889 0.00000 -1.05203 0.00000 -0.00000 1.00000 0.00000
1547824860917690 0.99917 0.04063 -0.00000 -41.15101 -0.04063 0.99917 0.00000 -1.30097 0.00000 -0.00000 1.00000 0.00000
1547824861168430 0.99942 0.03418 -0.00000 -43.38361 -0.03418 0.99942 0.00000 -1.56461 0.00000 -0.00000 1.00000 0.00000
1547824861416574 0.99968 0.02536 -0.00000 -45.64867 -0.02536 0.99968 0.00000 -1.94533 0.00000 -0.00000 1.00000 0.00000
1547824861662842 0.99980 0.01984 -0.00000 -47.92025 -0.01984 0.99980 0.00000 -2.18754 0.00000 -0.00000 1.00000 0.00000
1547824861910497 0.99989 0.01491 -0.00000 -50.17303 -0.01491 0.99989 0.00000 -2.41954 0.00000 -0.00000 1.00000 0.00000
1547824862158777 0.99987 0.01603 -0.00000 -52.33507 -0.01603 0.99987 0.00000 -2.35515 0.00000 -0.00000 1.00000 0.00000
1547824862407958 0.99986 0.01700 -0.00000 -54.51503 -0.01700 0.99986 0.00000 -2.29674 0.00000 -0.00000 1.00000 0.00000
1547824862658183 0.99984 0.01810 -0.00000 -56.68969 -0.01810 0.99984 0.00000 -2.23107 0.00000 -0.00000 1.00000 0.00000
1547824862908910 0.99977 0.02163 -0.00000 -58.83427 -0.02163 0.99977 0.00000 -2.01882 0.00000 -0.00000 1.00000 0.00000
1547824863159595 0.99960 0.02827 -0.00000 -60.96493 -0.02827 0.99960 0.00000 -1.61210 0.00000 -0.00000 1.00000 0.00000
1547824863410332 0.99943 0.03378 -0.00000 -63.08306 -0.03378 0.99943 0.00000 -1.27365 0.00000 -0.00000 1.00000 0.00000
1547824863661175 0.99924 0.03909 -0.00000 -65.36528 -0.03909 0.99924 0.00000 -0.94444 0.00000 -0.00000 1.00000 0.00000
1547824863911593 0.99900 0.04480 -0.00000 -67.63775 -0.04480 0.99900 0.00000 -0.57524 0.00000 -0.00000 1.00000 0.00000
1547824864161571 0.99865 0.05190 -0.00000 -69.89138 -0.05190 0.99865 0.00000 -0.09023 0.00000 -0.00000 1.00000 0.00000
1547824864411256 0.99816 0.06064 -0.00000 -72.19123 -0.06064 0.99816 0.00000 0.54004 0.00000 -0.00000 1.00000 0.00000
1547824864660993 0.99763 0.06874 -0.00000 -74.56077 -0.06874 0.99763 0.00000 1.13066 0.00000 -0.00000 1.00000 0.00000
1547824864911531 0.99701 0.07728 -0.00000 -76.95761 -0.07728 0.99701 0.00000 1.78924 0.00000 -0.00000 1.00000 0.00000
1547824865163198 0.99658 0.08268 -0.00000 -79.27561 -0.08268 0.99658 0.00000 2.22642 0.00000 -0.00000 1.00000 0.00000
1547824865414900 0.99665 0.08173 -0.00000 -81.55333 -0.08173 0.99665 0.00000 2.16135 0.00000 -0.00000 1.00000 0.00000
1547824865666415 0.99724 0.07419 -0.00000 -83.84966 -0.07419 0.99724 0.00000 1.55459 0.00000 -0.00000 1.00000 0.00000
1547824865918294 0.99827 0.05884 -0.00000 -86.30022 -0.05884 0.99827 0.00000 0.25721 0.00000 -0.00000 1.00000 0.00000
1547824866169713 0.99913 0.04168 -0.00000 -88.75777 -0.04168 0.99913 0.00000 -1.21577 0.00000 -0.00000 1.00000 0.00000
1547824866421108 0.99969 0.02508 -0.00000 -91.20118 -0.02508 0.99969 0.00000 -2.69258 0.00000 -0.00000 1.00000 0.00000
1547824866672532 0.99986 0.01677 -0.00000 -93.59946 -0.01677 0.99986 0.00000 -3.43701 0.00000 -0.00000 1.00000 0.00000
1547824866923615 0.99992 0.01232 -0.00000 -95.98995 -0.01232 0.99992 0.00000 -3.83707 0.00000 -0.00000 1.00000 0.00000
1547824867174577 0.99993 0.01216 -0.00000 -98.64098 -0.01216 0.99993 0.00000 -3.84400 0.00000 -0.00000 1.00000 0.00000
1547824867425343 0.99992 0.01294 -0.00000 -101.36871 -0.01294 0.99992 0.00000 -3.75810 0.00000 -0.00000 1.00000 0.00000
1547824867676803 0.99989 0.01469 -0.00000 -103.93285 -0.01469 0.99989 0.00000 -3.57992 0.00000 -0.00000 1.00000 0.00000
1547824867928345 0.99987 0.01622 -0.00000 -106.59010 -0.01622 0.99987 0.00000 -3.41450 0.00000 -0.00000 1.00000 0.00000
1547824868180075 0.99983 0.01817 -0.00000 -109.41061 -0.01817 0.99983 0.00000 -3.21590 0.00000 -0.00000 1.00000 0.00000
1547824868433468 0.99980 0.01995 -0.00000 -112.15327 -0.01995 0.99980 0.00000 -3.01341 0.00000 -0.00000 1.00000 0.00000
1547824868687288 0.99973 0.02324 -0.00000 -114.99332 -0.02324 0.99973 0.00000 -2.62933 0.00000 -0.00000 1.00000 0.00000
1547824868939541 0.99969 0.02488 -0.00000 -117.76766 -0.02488 0.99969 0.00000 -2.44682 0.00000 -0.00000 1.00000 0.00000
1547824869189798 0.99966 0.02600 -0.00000 -120.32272 -0.02600 0.99966 0.00000 -2.31843 0.00000 -0.00000 1.00000 0.00000
1547824869438380 0.99962 0.02744 -0.00000 -122.82610 -0.02744 0.99962 0.00000 -2.14585 0.00000 -0.00000 1.00000 0.00000
1547824869686163 0.99958 0.02904 -0.00000 -125.57887 -0.02904 0.99958 0.00000 -1.94643 0.00000 -0.00000 1.00000 0.00000
1547824869933815 0.99952 0.03108 -0.00000 -128.30490 -0.03108 0.99952 0.00000 -1.67627 0.00000 -0.00000 1.00000 0.00000
1547824870181772 0.99944 0.03356 -0.00000 -131.03813 -0.03356 0.99944 0.00000 -1.34891 0.00000 -0.00000 1.00000 0.00000
1547824870430087 0.99940 0.03468 -0.00000 -133.73658 -0.03468 0.99940 0.00000 -1.19610 0.00000 -0.00000 1.00000 0.00000
1547824870679311 0.99934 0.03643 -0.00000 -136.43747 -0.03643 0.99934 0.00000 -0.95120 0.00000 -0.00000 1.00000 0.00000
1547824870929784 0.99927 0.03831 -0.00000 -139.22763 -0.03831 0.99927 0.00000 -0.69312 0.00000 -0.00000 1.00000 0.00000
1547824871180324 0.99915 0.04113 -0.00000 -141.91863 -0.04113 0.99915 0.00000 -0.30881 0.00000 -0.00000 1.00000 0.00000
1547824871431113 0.99902 0.04418 -0.00000 -144.70957 -0.04418 0.99902 0.00000 0.16227 0.00000 -0.00000 1.00000 0.00000
1547824871682005 0.99889 0.04710 -0.00000 -147.42553 -0.04710 0.99889 0.00000 0.59964 0.00000 -0.00000 1.00000 0.00000
1547824871932487 0.99881 0.04867 -0.00000 -150.06043 -0.04867 0.99881 0.00000 0.83471 0.00000 -0.00000 1.00000 0.00000
1547824872182806 0.99870 0.05096 -0.00000 -152.58690 -0.05096 0.99870 0.00000 1.18798 0.00000 -0.00000 1.00000 0.00000
1547824872432970 0.99858 0.05334 -0.00000 -155.32228 -0.05334 0.99858 0.00000 1.55605 0.00000 -0.00000 1.00000 0.00000
1547824872682712 0.99845 0.05558 -0.00000 -158.06723 -0.05558 0.99845 0.00000 1.91419 0.00000 -0.00000 1.00000 0.00000
1547824872932243 0.99827 0.05886 -0.00000 -160.77933 -0.05886 0.99827 0.00000 2.44944 0.00000 -0.00000 1.00000 0.00000
1547824873182173 0.99813 0.06118 -0.00000 -163.50056 -0.06118 0.99813 0.00000 2.83221 0.00000 -0.00000 1.00000 0.00000
1547824873433367 0.99801 0.06302 -0.00000 -166.18507 -0.06302 0.99801 0.00000 3.14212 0.00000 -0.00000 1.00000 0.00000
1547824873685450 0.99787 0.06523 -0.00000 -168.87360 -0.06523 0.99787 0.00000 3.52817 0.00000 -0.00000 1.00000 0.00000
1547824873937053 0.99771 0.06767 -0.00000 -171.49471 -0.06767 0.99771 0.00000 3.95334 0.00000 -0.00000 1.00000 0.00000
1547824874188347 0.99755 0.06991 -0.00000 -174.13355 -0.06991 0.99755 0.00000 4.35152 0.00000 -0.00000 1.00000 0.00000
1547824874439582 0.99734 0.07285 -0.00000 -176.75645 -0.07285 0.99734 0.00000 4.87713 0.00000 -0.00000 1.00000 0.00000
1547824874690653 0.99718 0.07503 -0.00000 -179.37855 -0.07503 0.99718 0.00000 5.27122 0.00000 -0.00000 1.00000 0.00000
1547824874942116 0.99699 0.07753 -0.00000 -181.97480 -0.07753 0.99699 0.00000 5.73646 0.00000 -0.00000 1.00000 0.00000
1547824875193733 0.99682 0.07965 -0.00000 -184.58713 -0.07965 0.99682 0.00000 6.12267 0.00000 -0.00000 1.00000 0.00000
1547824875444789 0.99669 0.08124 -0.00000 -187.17364 -0.08124 0.99669 0.00000 6.41986 0.00000 -0.00000 1.00000 0.00000
1547824875695641 0.99636 0.08525 -0.00000 -189.71516 -0.08525 0.99636 0.00000 7.18549 0.00000 -0.00000 1.00000 0.00000
1547824875946587 0.99590 0.09041 -0.00000 -192.24033 -0.09041 0.99590 0.00000 8.17824 0.00000 -0.00000 1.00000 0.00000
1547824876197957 0.99532 0.09661 -0.00000 -194.66148 -0.09661 0.99532 0.00000 9.37385 0.00000 -0.00000 1.00000 0.00000
1547824876449619 0.99436 0.10605 -0.00000 -197.05691 -0.10605 0.99436 0.00000 11.23756 0.00000 -0.00000 1.00000 0.00000
1547824876703018 0.99298 0.11826 -0.00000 -199.36773 -0.11826 0.99298 0.00000 13.66996 0.00000 -0.00000 1.00000 0.00000
1547824876956532 0.99142 0.13071 -0.00000 -201.61237 -0.13071 0.99142 0.00000 16.18510 0.00000 -0.00000 1.00000 0.00000
1547824877208554 0.99022 0.13954 -0.00000 -203.89192 -0.13954 0.99022 0.00000 17.98880 0.00000 -0.00000 1.00000 0.00000
1547824877458349 0.98906 0.14755 -0.00000 -206.12863 -0.14755 0.98906 0.00000 19.64881 0.00000 -0.00000 1.00000 0.00000
1547824877706753 0.98791 0.15503 -0.00000 -208.02494 -0.15503 0.98791 0.00000 21.20793 0.00000 -0.00000 1.00000 0.00000
1547824877954292 0.98696 0.16094 -0.00000 -210.07870 -0.16094 0.98696 0.00000 22.45738 0.00000 -0.00000 1.00000 0.00000
1547824878201045 0.98608 0.16626 -0.00000 -212.24248 -0.16626 0.98608 0.00000 23.60193 0.00000 -0.00000 1.00000 0.00000
1547824878448220 0.98572 0.16839 -0.00000 -214.47173 -0.16839 0.98572 0.00000 24.06494 0.00000 -0.00000 1.00000 0.00000
1547824878696397 0.98530 0.17082 -0.00000 -216.67395 -0.17082 0.98530 0.00000 24.59480 0.00000 -0.00000 1.00000 0.00000
1547824878945100 0.98481 0.17363 -0.00000 -218.85386 -0.17363 0.98481 0.00000 25.22355 0.00000 -0.00000 1.00000 0.00000
1547824879195386 0.98389 0.17876 -0.00000 -220.96082 -0.17876 0.98389 0.00000 26.37636 0.00000 -0.00000 1.00000 0.00000
1547824879446417 0.98282 0.18459 -0.00000 -223.00275 -0.18459 0.98282 0.00000 27.69802 0.00000 -0.00000 1.00000 0.00000
1547824879697561 0.98149 0.19152 -0.00000 -225.00036 -0.19152 0.98149 0.00000 29.28778 0.00000 -0.00000 1.00000 0.00000
1547824879948314 0.98004 0.19879 -0.00000 -226.97155 -0.19879 0.98004 0.00000 30.96895 0.00000 -0.00000 1.00000 0.00000
1547824880198386 0.97866 0.20547 -0.00000 -228.93955 -0.20547 0.97866 0.00000 32.53240 0.00000 -0.00000 1.00000 0.00000
1547824880448369 0.97742 0.21133 -0.00000 -230.90090 -0.21133 0.97742 0.00000 33.91946 0.00000 -0.00000 1.00000 0.00000
1547824880698463 0.97642 0.21586 -0.00000 -232.87936 -0.21586 0.97642 0.00000 35.00911 0.00000 -0.00000 1.00000 0.00000
1547824880948491 0.97596 0.21795 -0.00000 -234.94783 -0.21795 0.97596 0.00000 35.52164 0.00000 -0.00000 1.00000 0.00000
1547824881198041 0.97599 0.21781 -0.00000 -237.05261 -0.21781 0.97599 0.00000 35.49735 0.00000 -0.00000 1.00000 0.00000
1547824881448611 0.97678 0.21427 -0.00000 -239.25138 -0.21427 0.97678 0.00000 34.64444 0.00000 -0.00000 1.00000 0.00000
1547824881701262 0.97871 0.20526 -0.00000 -241.63876 -0.20526 0.97871 0.00000 32.44601 0.00000 -0.00000 1.00000 0.00000
1547824881954262 0.98142 0.19187 -0.00000 -244.13537 -0.19187 0.98142 0.00000 29.14339 0.00000 -0.00000 1.00000 0.00000
1547824882206089 0.98408 0.17773 -0.00000 -246.61463 -0.17773 0.98408 0.00000 25.63131 0.00000 -0.00000 1.00000 0.00000
1547824882457928 0.98610 0.16615 -0.00000 -249.02975 -0.16615 0.98610 0.00000 22.73692 0.00000 -0.00000 1.00000 0.00000
1547824882708267 0.98793 0.15492 -0.00000 -251.41397 -0.15492 0.98793 0.00000 19.90598 0.00000 -0.00000 1.00000 0.00000
1547824882957106 0.98897 0.14812 -0.00000 -253.70109 -0.14812 0.98897 0.00000 18.18421 0.00000 -0.00000 1.00000 0.00000
1547824883205427 0.98980 0.14244 -0.00000 -255.97102 -0.14244 0.98980 0.00000 16.73348 0.00000 -0.00000 1.00000 0.00000
1547824883453475 0.99046 0.13781 -0.00000 -258.15880 -0.13781 0.99046 0.00000 15.53885 0.00000 -0.00000 1.00000 0.00000
1547824883701654 0.99073 0.13586 -0.00000 -260.17507 -0.13586 0.99073 0.00000 15.03396 0.00000 -0.00000 1.00000 0.00000
1547824883950525 0.99085 0.13496 -0.00000 -262.32765 -0.13496 0.99085 0.00000 14.79999 0.00000 -0.00000 1.00000 0.00000
1547824884200475 0.99079 0.13540 -0.00000 -264.59688 -0.13540 0.99079 0.00000 14.92571 0.00000 -0.00000 1.00000 0.00000
1547824884451159 0.99071 0.13599 -0.00000 -266.90210 -0.13599 0.99071 0.00000 15.09157 0.00000 -0.00000 1.00000 0.00000
1547824884701316 0.99064 0.13653 -0.00000 -269.15917 -0.13653 0.99064 0.00000 15.24204 0.00000 -0.00000 1.00000 0.00000
1547824884951231 0.99039 0.13827 -0.00000 -271.21922 -0.13827 0.99039 0.00000 15.74151 0.00000 -0.00000 1.00000 0.00000
1547824885200644 0.99031 0.13887 -0.00000 -273.53447 -0.13887 0.99031 0.00000 15.92430 0.00000 -0.00000 1.00000 0.00000
1547824885449419 0.99019 0.13972 -0.00000 -275.86339 -0.13972 0.99019 0.00000 16.18128 0.00000 -0.00000 1.00000 0.00000
1547824885698792 0.99041 0.13813 -0.00000 -278.22691 -0.13813 0.99041 0.00000 15.74605 0.00000 -0.00000 1.00000 0.00000
1547824885948359 0.99066 0.13633 -0.00000 -280.58186 -0.13633 0.99066 0.00000 15.25388 0.00000 -0.00000 1.00000 0.00000
1547824886197288 0.99092 0.13442 -0.00000 -282.68371 -0.13442 0.99092 0.00000 14.72607 0.00000 -0.00000 1.00000 0.00000
1547824886445398 0.99136 0.13117 -0.00000 -284.84317 -0.13117 0.99136 0.00000 13.81069 0.00000 -0.00000 1.00000 0.00000
1547824886693238 0.99181 0.12772 -0.00000 -287.08188 -0.12772 0.99181 0.00000 12.83078 0.00000 -0.00000 1.00000 0.00000
1547824886941371 0.99226 0.12415 -0.00000 -289.36760 -0.12415 0.99226 0.00000 11.80628 0.00000 -0.00000 1.00000 0.00000
1547824887189253 0.99274 0.12025 -0.00000 -291.63496 -0.12025 0.99274 0.00000 10.67931 0.00000 -0.00000 1.00000 0.00000
1547824887437844 0.99315 0.11685 -0.00000 -293.89705 -0.11685 0.99315 0.00000 9.66811 0.00000 -0.00000 1.00000 0.00000
1547824887687809 0.99374 0.11175 -0.00000 -296.20190 -0.11175 0.99374 0.00000 8.16418 0.00000 -0.00000 1.00000 0.00000
1547824887937676 0.99410 0.10850 -0.00000 -298.46031 -0.10850 0.99410 0.00000 7.21403 0.00000 -0.00000 1.00000 0.00000
1547824888187544 0.99455 0.10429 -0.00000 -300.73248 -0.10429 0.99455 0.00000 5.95900 0.00000 -0.00000 1.00000 0.00000
1547824888437345 0.99499 0.09993 -0.00000 -303.01292 -0.09993 0.99499 0.00000 4.63431 0.00000 -0.00000 1.00000 0.00000
1547824888686975 0.99528 0.09705 -0.00000 -305.21136 -0.09705 0.99528 0.00000 3.75922 0.00000 -0.00000 1.00000 0.00000
1547824888937541 0.99559 0.09385 -0.00000 -307.41381 -0.09385 0.99559 0.00000 2.78497 0.00000 -0.00000 1.00000 0.00000
1547824889189434 0.99576 0.09195 -0.00000 -309.54644 -0.09195 0.99576 0.00000 2.21070 0.00000 -0.00000 1.00000 0.00000
1547824889440917 0.99598 0.08954 -0.00000 -311.62664 -0.08954 0.99598 0.00000 1.47171 0.00000 -0.00000 1.00000 0.00000
1547824889692367 0.99621 0.08702 -0.00000 -313.83978 -0.08702 0.99621 0.00000 0.67859 0.00000 -0.00000 1.00000 0.00000
1547824889943787 0.99650 0.08354 -0.00000 -315.99645 -0.08354 0.99650 0.00000 -0.41212 0.00000 -0.00000 1.00000 0.00000
1547824890194466 0.99672 0.08090 -0.00000 -317.99127 -0.08090 0.99672 0.00000 -1.23947 0.00000 -0.00000 1.00000 0.00000
1547824890445560 0.99693 0.07829 -0.00000 -320.06664 -0.07829 0.99693 0.00000 -2.06886 0.00000 -0.00000 1.00000 0.00000
1547824890696880 0.99704 0.07695 -0.00000 -322.27368 -0.07695 0.99704 0.00000 -2.48611 0.00000 -0.00000 1.00000 0.00000
1547824890947932 0.99719 0.07489 -0.00000 -324.45991 -0.07489 0.99719 0.00000 -3.14320 0.00000 -0.00000 1.00000 0.00000
1547824891198899 0.99738 0.07237 -0.00000 -326.65561 -0.07237 0.99738 0.00000 -3.95643 0.00000 -0.00000 1.00000 0.00000
1547824891450158 0.99735 0.07276 -0.00000 -328.86720 -0.07276 0.99735 0.00000 -3.81602 0.00000 -0.00000 1.00000 0.00000
1547824891701253 0.99742 0.07181 -0.00000 -331.10631 -0.07181 0.99742 0.00000 -4.12572 0.00000 -0.00000 1.00000 0.00000
1547824891953489 0.99747 0.07113 -0.00000 -333.38602 -0.07113 0.99747 0.00000 -4.34942 0.00000 -0.00000 1.00000 0.00000
1547824892207000 0.99750 0.07063 -0.00000 -335.68549 -0.07063 0.99750 0.00000 -4.50624 0.00000 -0.00000 1.00000 0.00000
1547824892459403 0.99752 0.07035 -0.00000 -337.86734 -0.07035 0.99752 0.00000 -4.59842 0.00000 -0.00000 1.00000 0.00000
1547824892709408 0.99749 0.07081 -0.00000 -340.14414 -0.07081 0.99749 0.00000 -4.43373 0.00000 -0.00000 1.00000 0.00000
1547824892958141 0.99753 0.07026 -0.00000 -342.51832 -0.07026 0.99753 0.00000 -4.61768 0.00000 -0.00000 1.00000 0.00000
1547824893205992 0.99755 0.06994 -0.00000 -344.87035 -0.06994 0.99755 0.00000 -4.71722 0.00000 -0.00000 1.00000 0.00000
1547824893453388 0.99765 0.06852 -0.00000 -347.07348 -0.06852 0.99765 0.00000 -5.20151 0.00000 -0.00000 1.00000 0.00000
1547824893700818 0.99777 0.06669 -0.00000 -349.28195 -0.06669 0.99777 0.00000 -5.82803 0.00000 -0.00000 1.00000 0.00000
1547824893948874 0.99797 0.06365 -0.00000 -351.49333 -0.06365 0.99797 0.00000 -6.88688 0.00000 -0.00000 1.00000 0.00000
1547824894197911 0.99827 0.05888 -0.00000 -353.70878 -0.05888 0.99827 0.00000 -8.56509 0.00000 -0.00000 1.00000 0.00000
1547824894447964 0.99866 0.05182 -0.00000 -355.92850 -0.05182 0.99866 0.00000 -11.06577 0.00000 -0.00000 1.00000 0.00000
1547824894699208 0.99916 0.04110 -0.00000 -358.16097 -0.04110 0.99916 0.00000 -14.89662 0.00000 -0.00000 1.00000 0.00000
1547824894949896 0.99952 0.03083 -0.00000 -360.33662 -0.03083 0.99952 0.00000 -18.57796 0.00000 -0.00000 1.00000 0.00000
1547824895200067 0.99981 0.01938 -0.00000 -362.40487 -0.01938 0.99981 0.00000 -22.71091 0.00000 -0.00000 1.00000 0.00000
1547824895450443 0.99995 0.01008 -0.00000 -364.49134 -0.01008 0.99995 0.00000 -26.08552 0.00000 -0.00000 1.00000 0.00000
1547824895700544 1.00000 0.00127 -0.00000 -366.54662 -0.00127 1.00000 0.00000 -29.29862 0.00000 -0.00000 1.00000 0.00000
1547824895950220 0.99999 -0.00519 -0.00000 -368.67284 0.00519 0.99999 0.00000 -31.66112 0.00000 -0.00000 1.00000 0.00000
1547824896200072 0.99994 -0.01065 -0.00000 -370.86221 0.01065 0.99994 0.00000 -33.67264 0.00000 -0.00000 1.00000 0.00000
1547824896450154 0.99991 -0.01329 -0.00000 -373.11981 0.01329 0.99991 0.00000 -34.64996 0.00000 -0.00000 1.00000 0.00000
1547824896700913 0.99989 -0.01452 -0.00000 -375.40819 0.01452 0.99989 0.00000 -35.09608 0.00000 -0.00000 1.00000 0.00000
1547824896952821 0.99991 -0.01310 -0.00000 -377.84237 0.01310 0.99991 0.00000 -34.55054 0.00000 -0.00000 1.00000 0.00000
1547824897204588 0.99994 -0.01109 -0.00000 -380.30390 0.01109 0.99994 0.00000 -33.77729 0.00000 -0.00000 1.00000 0.00000
1547824897455871 0.99998 -0.00635 -0.00000 -382.84938 0.00635 0.99998 0.00000 -31.94507 0.00000 -0.00000 1.00000 0.00000
1547824897707123 1.00000 0.00146 -0.00000 -385.45753 -0.00146 1.00000 0.00000 -28.93014 0.00000 -0.00000 1.00000 0.00000
1547824897958132 0.99993 0.01170 -0.00000 -388.18540 -0.01170 0.99993 0.00000 -24.95547 0.00000 -0.00000 1.00000 0.00000
1547824898209368 0.99976 0.02179 -0.00000 -390.98070 -0.02179 0.99976 0.00000 -21.00407 0.00000 -0.00000 1.00000 0.00000
1547824898460797 0.99955 0.03014 -0.00000 -393.74871 -0.03014 0.99955 0.00000 -17.70865 0.00000 -0.00000 1.00000 0.00000
1547824898711935 0.99924 0.03897 -0.00000 -396.42263 -0.03897 0.99924 0.00000 -14.19104 0.00000 -0.00000 1.00000 0.00000
1547824898962999 0.99898 0.04522 -0.00000 -398.99803 -0.04522 0.99898 0.00000 -11.68293 0.00000 -0.00000 1.00000 0.00000
1547824899214323 0.99888 0.04732 -0.00000 -401.51365 -0.04732 0.99888 0.00000 -10.81804 0.00000 -0.00000 1.00000 0.00000
1547824899465956 0.99886 0.04773 -0.00000 -403.90953 -0.04773 0.99886 0.00000 -10.63627 0.00000 -0.00000 1.00000 0.00000
1547824899718350 0.99890 0.04685 -0.00000 -406.19741 -0.04685 0.99890 0.00000 -10.97472 0.00000 -0.00000 1.00000 0.00000
1547824899971735 0.99890 0.04686 -0.00000 -408.60743 -0.04686 0.99890 0.00000 -10.94996 0.00000 -0.00000 1.00000 0.00000
1547824900224499 0.99886 0.04769 -0.00000 -411.01694 -0.04769 0.99886 0.00000 -10.59071 0.00000 -0.00000 1.00000 0.00000
1547824900474989 0.99870 0.05100 -0.00000 -413.25586 -0.05100 0.99870 0.00000 -9.20942 0.00000 -0.00000 1.00000 0.00000
1547824900723676 0.99841 0.05633 -0.00000 -415.38477 -0.05633 0.99841 0.00000 -6.97762 0.00000 -0.00000 1.00000 0.00000
1547824900971064 0.99805 0.06237 -0.00000 -417.49381 -0.06237 0.99805 0.00000 -4.44287 0.00000 -0.00000 1.00000 0.00000
1547824901218234 0.99770 0.06777 -0.00000 -419.61356 -0.06777 0.99770 0.00000 -2.16610 0.00000 -0.00000 1.00000 0.00000
1547824901465961 0.99731 0.07327 -0.00000 -421.72036 -0.07327 0.99731 0.00000 0.16532 0.00000 -0.00000 1.00000 0.00000
1547824901714001 0.99695 0.07801 -0.00000 -423.77398 -0.07801 0.99695 0.00000 2.18955 0.00000 -0.00000 1.00000 0.00000
1547824901962852 0.99668 0.08140 -0.00000 -425.76207 -0.08140 0.99668 0.00000 3.65409 0.00000 -0.00000 1.00000 0.00000
1547824902213093 0.99657 0.08274 -0.00000 -427.67230 -0.08274 0.99657 0.00000 4.23766 0.00000 -0.00000 1.00000 0.00000
1547824902464495 0.99685 0.07929 -0.00000 -429.53707 -0.07929 0.99685 0.00000 2.77224 0.00000 -0.00000 1.00000 0.00000
1547824902715260 0.99727 0.07388 -0.00000 -431.29329 -0.07388 0.99727 0.00000 0.45079 0.00000 -0.00000 1.00000 0.00000
1547824902965666 0.99787 0.06518 -0.00000 -432.93477 -0.06518 0.99787 0.00000 -3.29978 0.00000 -0.00000 1.00000 0.00000
