1. 0. 0. 0. 0. -1. -0. 0. 0. 0. -1. 0.
1. -0.000 -0. -0.001 -0.000 -1. -0. 0.003 0. 0. -1. 0.
1. -0.000 -0. -0.008 -0.000 -1. -0. -0.005 0. 0. -1. 0.
1. -0.000 -0. -0.009 -0.000 -1. -0. 0.001 0. 0. -1. 0.
1. -0.001 -0. -0.009 -0.001 -1. -0. -0.003 0. 0. -1. 0.
1. -0.001 -0. -0.007 -0.001 -1. -0. -0.009 0. 0. -1. 0.
1. -0. -0. -0.009 -0. -1. -0. -0.004 0. 0. -1. 0.
1. -0.001 -0. -0.020 -0.001 -1. -0. -0.001 0. 0. -1. 0.
1. -0.001 -0. -0.011 -0.001 -1. -0. 0.005 0. 0. -1. 0.
1. -0.000 -0. -0.019 -0.000 -1. -0. -0.007 0. 0. -1. 0.
1. -0.000 -0. -0.023 -0.000 -1. -0. 0.005 0. 0. -1. 0.
1. -0.001 -0. -0.012 -0.001 -1. -0. 0.008 0. 0. -1. 0.
1. -0.000 -0. -0.009 -0.000 -1. -0. 0.005 0. 0. -1. 0.
1. -0.001 -0. -0.019 -0.001 -1. -0. 0.004 0. 0. -1. 0.
1. -0.001 -0. -0.002 -0.001 -1. -0. 0.010 0. 0. -1. 0.
1. -0.001 -0. 0.018 -0.001 -1. -0. 0.002 0. 0. -1. 0.
1. -0.001 -0. 0.042 -0.001 -1. -0. 0.003 0. 0. -1. 0.
1. -0.002 -0. 0.092 -0.002 -1. -0. 0.012 0. 0. -1. 0.
1. -0.004 -0. 0.144 -0.004 -1. -0. 0.017 0. 0. -1. 0.
1. -0.010 -0. 0.242 -0.010 -1. -0. -0.006 0. 0. -1. 0.
1.000 -0.021 -0. 0.407 -0.021 -1.000 -0. -0.030 0. 0. -1. 0.
0.999 -0.035 -0. 0.645 -0.035 -0.999 -0. -0.030 0. 0. -1. 0.
0.998 -0.060 -0. 0.978 -0.060 -0.998 -0. -0.040 0. 0. -1. 0.
0.996 -0.084 -0. 1.312 -0.084 -0.996 -0. -0.131 0. 0. -1. 0.
0.995 -0.102 -0. 1.824 -0.102 -0.995 -0. -0.207 0. 0. -1. 0.
0.994 -0.108 -0. 2.391 -0.108 -0.994 -0. -0.299 0. 0. -1. 0.
0.994 -0.109 -0. 3.064 -0.109 -0.994 -0. -0.316 0. 0. -1. 0.
0.994 -0.106 -0. 3.879 -0.106 -0.994 -0. -0.384 0. 0. -1. 0.
0.994 -0.109 -0. 4.630 -0.109 -0.994 -0. -0.534 0. 0. -1. 0.
0.995 -0.105 -0. 5.518 -0.105 -0.995 -0. -0.633 0. 0. -1. 0.
0.995 -0.102 -0. 6.437 -0.102 -0.995 -0. -0.717 0. 0. -1. 0.
0.995 -0.099 -0. 7.460 -0.099 -0.995 -0. -0.783 0. 0. -1. 0.
0.995 -0.103 -0. 8.488 -0.103 -0.995 -0. -0.945 0. 0. -1. 0.
0.994 -0.108 -0. 9.643 -0.108 -0.994 -0. -1.037 0. 0. -1. 0.
0.994 -0.111 -0. 10.796 -0.111 -0.994 -0. -1.170 0. 0. -1. 0.
0.993 -0.120 -0. 11.979 -0.120 -0.993 -0. -1.268 0. 0. -1. 0.
0.992 -0.130 -0. 13.165 -0.130 -0.992 -0. -1.409 0. 0. -1. 0.
0.990 -0.139 -0. 14.487 -0.139 -0.990 -0. -1.594 0. 0. -1. 0.
0.990 -0.144 -0. 15.819 -0.144 -0.990 -0. -1.765 0. 0. -1. 0.
0.988 -0.157 -0. 17.121 -0.157 -0.988 -0. -2.053 0. 0. -1. 0.
0.987 -0.158 -0. 18.582 -0.158 -0.987 -0. -2.340 0. 0. -1. 0.
0.987 -0.159 -0. 19.958 -0.159 -0.987 -0. -2.577 0. 0. -1. 0.
0.988 -0.155 -0. 21.357 -0.155 -0.988 -0. -2.778 0. 0. -1. 0.
0.990 -0.142 -0. 22.829 -0.142 -0.990 -0. -3.131 0. 0. -1. 0.
0.993 -0.121 -0. 24.376 -0.121 -0.993 -0. -3.289 0. 0. -1. 0.
0.995 -0.104 -0. 25.852 -0.104 -0.995 -0. -3.429 0. 0. -1. 0.
0.996 -0.091 -0. 27.288 -0.091 -0.996 -0. -3.715 0. 0. -1. 0.
0.997 -0.076 -0. 28.700 -0.076 -0.997 -0. -3.788 0. 0. -1. 0.
0.998 -0.062 -0. 30.141 -0.062 -0.998 -0. -3.813 0. 0. -1. 0.
0.999 -0.049 -0. 31.578 -0.049 -0.999 -0. -3.953 0. 0. -1. 0.
0.999 -0.045 -0. 33.071 -0.045 -0.999 -0. -4.056 0. 0. -1. 0.
0.999 -0.043 -0. 34.522 -0.043 -0.999 -0. -4.065 0. 0. -1. 0.
0.999 -0.042 -0. 36.097 -0.042 -0.999 -0. -4.210 0. 0. -1. 0.
0.999 -0.032 -0. 37.753 -0.032 -0.999 -0. -4.335 0. 0. -1. 0.
1.000 -0.023 -0. 39.295 -0.023 -1.000 -0. -4.319 0. 0. -1. 0.
1. -0.010 -0. 40.967 -0.010 -1. -0. -4.359 0. 0. -1. 0.
1. 0.003 0. 42.645 0.003 -1. -0. -4.364 0. 0. -1. 0.
1.000 0.017 0. 44.319 0.017 -1.000 -0. -4.309 0. 0. -1. 0.
1.000 0.028 0. 45.899 0.028 -1.000 -0. -4.223 0. 0. -1. 0.
0.999 0.036 0. 47.583 0.036 -0.999 -0. -4.267 0. 0. -1. 0.
0.999 0.034 0. 49.340 0.034 -0.999 -0. -4.216 0. 0. -1. 0.
0.999 0.038 0. 51.100 0.038 -0.999 -0. -4.184 0. 0. -1. 0.
0.999 0.034 0. 52.896 0.034 -0.999 -0. -4.139 0. 0. -1. 0.
0.999 0.037 0. 54.687 0.037 -0.999 -0. -4.060 0. 0. -1. 0.
0.999 0.035 0. 56.544 0.035 -0.999 -0. -4.073 0. 0. -1. 0.
1.000 0.031 0. 58.389 0.031 -1.000 -0. -4.027 0. 0. -1. 0.
1.000 0.031 0. 60.274 0.031 -1.000 -0. -3.979 0. 0. -1. 0.
1.000 0.028 0. 62.196 0.028 -1.000 -0. -3.965 0. 0. -1. 0.
0.999 0.032 0. 64.178 0.032 -0.999 -0. -3.996 0. 0. -1. 0.
0.999 0.034 0. 66.197 0.034 -0.999 -0. -3.979 0. 0. -1. 0.
1.000 0.030 0. 68.247 0.030 -1.000 -0. -3.935 0. 0. -1. 0.
1.000 0.030 0. 70.233 0.030 -1.000 -0. -3.827 0. 0. -1. 0.
1.000 0.028 0. 72.279 0.028 -1.000 -0. -3.768 0. 0. -1. 0.
1.000 0.021 0. 74.328 0.021 -1.000 -0. -3.754 0. 0. -1. 0.
1.000 0.015 0. 76.408 0.015 -1.000 -0. -3.742 0. 0. -1. 0.
1. 0.009 0. 78.437 0.009 -1. -0. -3.705 0. 0. -1. 0.
1. -0.004 -0. 80.473 -0.004 -1. -0. -3.711 0. 0. -1. 0.
1. -0.011 -0. 82.540 -0.011 -1. -0. -3.742 0. 0. -1. 0.
0.999 -0.037 -0. 84.547 -0.037 -0.999 -0. -3.816 0. 0. -1. 0.
0.998 -0.068 -0. 86.554 -0.068 -0.998 -0. -3.977 0. 0. -1. 0.
0.995 -0.103 -0. 88.608 -0.103 -0.995 -0. -4.166 0. 0. -1. 0.
0.990 -0.139 -0. 90.581 -0.139 -0.990 -0. -4.461 0. 0. -1. 0.
0.983 -0.183 -0. 92.556 -0.183 -0.983 -0. -4.804 0. 0. -1. 0.
0.972 -0.235 -0. 94.468 -0.235 -0.972 -0. -5.243 0. 0. -1. 0.
0.957 -0.289 -0. 96.305 -0.289 -0.957 -0. -5.833 0. 0. -1. 0.
0.942 -0.334 -0. 98.149 -0.334 -0.942 -0. -6.541 0. 0. -1. 0.
0.922 -0.387 -0. 99.933 -0.387 -0.922 -0. -7.247 0. 0. -1. 0.
0.900 -0.436 -0. 101.683 -0.436 -0.900 -0. -8.084 0. 0. -1. 0.
0.876 -0.483 -0. 103.353 -0.483 -0.876 -0. -8.964 0. 0. -1. 0.
0.846 -0.533 -0. 104.994 -0.533 -0.846 -0. -9.976 0. 0. -1. 0.
0.811 -0.585 -0. 106.615 -0.585 -0.811 -0. -11.103 0. 0. -1. 0.
0.774 -0.634 -0. 108.019 -0.634 -0.774 -0. -12.213 0. 0. -1. 0.
0.727 -0.686 -0. 109.274 -0.686 -0.727 -0. -13.468 0. 0. -1. 0.
0.680 -0.734 -0. 110.491 -0.734 -0.680 -0. -14.803 0. 0. -1. 0.
0.630 -0.776 -0. 111.645 -0.776 -0.630 -0. -16.102 0. 0. -1. 0.
0.580 -0.814 -0. 112.618 -0.814 -0.580 -0. -17.552 0. 0. -1. 0.
0.530 -0.848 -0. 113.478 -0.848 -0.530 -0. -18.998 0. 0. -1. 0.
0.488 -0.873 -0. 114.246 -0.873 -0.488 -0. -20.502 0. 0. -1. 0.
0.456 -0.890 -0. 115.056 -0.890 -0.456 -0. -22.009 0. 0. -1. 0.
0.420 -0.908 -0. 115.798 -0.908 -0.420 -0. -23.536 0. 0. -1. 0.
0.386 -0.922 -0. 116.398 -0.922 -0.386 -0. -25.063 0. 0. -1. 0.
0.357 -0.934 -0. 116.975 -0.934 -0.357 -0. -26.614 0. 0. -1. 0.
0.338 -0.941 -0. 117.560 -0.941 -0.338 -0. -28.189 0. 0. -1. 0.
0.336 -0.942 -0. 118.035 -0.942 -0.336 -0. -29.748 0. 0. -1. 0.
0.350 -0.937 -0. 118.573 -0.937 -0.350 -0. -31.323 0. 0. -1. 0.
0.372 -0.928 -0. 119.187 -0.928 -0.372 -0. -32.894 0. 0. -1. 0.
0.396 -0.918 -0. 119.925 -0.918 -0.396 -0. -34.517 0. 0. -1. 0.
0.418 -0.909 -0. 120.666 -0.909 -0.418 -0. -36.151 0. 0. -1. 0.
0.438 -0.899 -0. 121.389 -0.899 -0.438 -0. -37.724 0. 0. -1. 0.
0.455 -0.890 -0. 122.095 -0.890 -0.455 -0. -39.253 0. 0. -1. 0.
0.473 -0.881 -0. 122.873 -0.881 -0.473 -0. -40.797 0. 0. -1. 0.
0.490 -0.872 -0. 123.772 -0.872 -0.490 -0. -42.275 0. 0. -1. 0.
0.507 -0.862 -0. 124.610 -0.862 -0.507 -0. -43.753 0. 0. -1. 0.
0.524 -0.852 -0. 125.457 -0.852 -0.524 -0. -45.182 0. 0. -1. 0.
0.539 -0.842 -0. 126.284 -0.842 -0.539 -0. -46.560 0. 0. -1. 0.
0.554 -0.832 -0. 127.204 -0.832 -0.554 -0. -47.940 0. 0. -1. 0.
0.573 -0.820 -0. 128.137 -0.820 -0.573 -0. -49.311 0. 0. -1. 0.
0.595 -0.804 -0. 129.077 -0.804 -0.595 -0. -50.655 0. 0. -1. 0.
0.618 -0.786 -0. 130.074 -0.786 -0.618 -0. -51.894 0. 0. -1. 0.
0.639 -0.769 -0. 131.048 -0.769 -0.639 -0. -53.175 0. 0. -1. 0.
0.656 -0.755 -0. 132.091 -0.755 -0.656 -0. -54.367 0. 0. -1. 0.
0.673 -0.740 -0. 133.060 -0.740 -0.673 -0. -55.489 0. 0. -1. 0.
0.684 -0.730 -0. 134.205 -0.730 -0.684 -0. -56.668 0. 0. -1. 0.
0.695 -0.719 -0. 135.287 -0.719 -0.695 -0. -57.799 0. 0. -1. 0.
0.709 -0.705 -0. 136.280 -0.705 -0.709 -0. -58.901 0. 0. -1. 0.
0.723 -0.690 -0. 137.421 -0.690 -0.723 -0. -59.930 0. 0. -1. 0.
0.738 -0.675 -0. 138.480 -0.675 -0.738 -0. -60.964 0. 0. -1. 0.
0.752 -0.660 -0. 139.537 -0.660 -0.752 -0. -61.899 0. 0. -1. 0.
0.767 -0.642 -0. 140.627 -0.642 -0.767 -0. -62.851 0. 0. -1. 0.
0.782 -0.623 -0. 141.768 -0.623 -0.782 -0. -63.755 0. 0. -1. 0.
0.803 -0.596 -0. 142.859 -0.596 -0.803 -0. -64.543 0. 0. -1. 0.
0.839 -0.544 -0. 143.849 -0.544 -0.839 -0. -65.286 0. 0. -1. 0.
0.886 -0.464 -0. 144.910 -0.464 -0.886 -0. -65.922 0. 0. -1. 0.
0.936 -0.353 -0. 145.945 -0.353 -0.936 -0. -66.336 0. 0. -1. 0.
0.976 -0.217 -0. 146.893 -0.217 -0.976 -0. -66.448 0. 0. -1. 0.
0.998 -0.067 -0. 147.704 -0.067 -0.998 -0. -66.449 0. 0. -1. 0.
0.996 0.091 0. 148.507 0.091 -0.996 -0. -66.309 0. 0. -1. 0.
0.967 0.254 0. 149.198 0.254 -0.967 -0. -66.184 0. 0. -1. 0.
0.911 0.412 0. 149.872 0.412 -0.911 -0. -65.640 0. 0. -1. 0.
0.828 0.561 0. 150.465 0.561 -0.828 -0. -65.158 0. 0. -1. 0.
0.726 0.688 0. 151.067 0.688 -0.726 -0. -64.652 0. 0. -1. 0.
0.605 0.796 0. 151.426 0.796 -0.605 -0. -64.037 0. 0. -1. 0.
0.473 0.881 0. 151.757 0.881 -0.473 -0. -63.382 0. 0. -1. 0.
0.326 0.945 0. 151.892 0.945 -0.326 -0. -62.742 0. 0. -1. 0.
0.173 0.985 0. 151.969 0.985 -0.173 -0. -62.049 0. 0. -1. 0.
0.015 1.000 0. 151.946 1.000 -0.015 -0. -61.340 0. 0. -1. 0.
-0.146 0.989 0. 151.831 0.989 0.146 0. -60.580 0. 0. -1. 0.
-0.310 0.951 0. 151.540 0.951 0.310 0. -59.928 0. 0. -1. 0.
-0.469 0.883 0. 151.210 0.883 0.469 0. -59.298 0. 0. -1. 0.
-0.618 0.786 0. 150.653 0.786 0.618 0. -58.618 0. 0. -1. 0.
-0.746 0.666 0. 150.105 0.666 0.746 0. -58.110 0. 0. -1. 0.
-0.846 0.533 0. 149.282 0.533 0.846 0. -57.742 0. 0. -1. 0.
-0.914 0.405 0. 148.485 0.405 0.914 0. -57.353 0. 0. -1. 0.
-0.955 0.296 0. 147.692 0.296 0.955 0. -57.134 0. 0. -1. 0.
-0.979 0.206 0. 146.691 0.206 0.979 0. -56.939 0. 0. -1. 0.
-0.990 0.144 0. 145.777 0.144 0.990 0. -56.856 0. 0. -1. 0.
-0.993 0.121 0. 144.774 0.121 0.993 0. -56.731 0. 0. -1. 0.
-0.992 0.129 0. 143.735 0.129 0.992 0. -56.607 0. 0. -1. 0.
-0.987 0.162 0. 142.519 0.162 0.987 0. -56.439 0. 0. -1. 0.
-0.977 0.213 0. 141.357 0.213 0.977 0. -56.289 0. 0. -1. 0.
-0.962 0.274 0. 140.187 0.274 0.962 0. -55.924 0. 0. -1. 0.
-0.941 0.339 0. 138.998 0.339 0.941 0. -55.477 0. 0. -1. 0.
-0.914 0.405 0. 137.790 0.405 0.914 0. -54.987 0. 0. -1. 0.
-0.884 0.468 0. 136.647 0.468 0.884 0. -54.331 0. 0. -1. 0.
-0.853 0.523 0. 135.372 0.523 0.853 0. -53.567 0. 0. -1. 0.
-0.820 0.572 0. 134.150 0.572 0.820 0. -52.719 0. 0. -1. 0.
-0.784 0.620 0. 132.935 0.620 0.784 0. -51.769 0. 0. -1. 0.
-0.747 0.665 0. 131.748 0.665 0.747 0. -50.720 0. 0. -1. 0.
-0.709 0.705 0. 130.563 0.705 0.709 0. -49.573 0. 0. -1. 0.
-0.669 0.743 0. 129.571 0.743 0.669 0. -48.328 0. 0. -1. 0.
-0.635 0.773 0. 128.433 0.773 0.635 0. -47.017 0. 0. -1. 0.
-0.604 0.797 0. 127.352 0.797 0.604 0. -45.621 0. 0. -1. 0.
-0.569 0.823 0. 126.331 0.823 0.569 0. -44.168 0. 0. -1. 0.
-0.529 0.848 0. 125.346 0.848 0.529 0. -42.643 0. 0. -1. 0.
-0.491 0.871 0. 124.372 0.871 0.491 0. -41.005 0. 0. -1. 0.
-0.453 0.892 0. 123.609 0.892 0.453 0. -39.313 0. 0. -1. 0.
-0.419 0.908 0. 122.751 0.908 0.419 0. -37.572 0. 0. -1. 0.
-0.394 0.919 0. 122.026 0.919 0.394 0. -35.708 0. 0. -1. 0.
-0.372 0.928 0. 121.287 0.928 0.372 0. -33.924 0. 0. -1. 0.
-0.355 0.935 0. 120.584 0.935 0.355 0. -32.096 0. 0. -1. 0.
-0.342 0.940 0. 119.911 0.940 0.342 0. -30.226 0. 0. -1. 0.
-0.340 0.940 0. 119.306 0.940 0.340 0. -28.445 0. 0. -1. 0.
-0.344 0.939 0. 118.659 0.939 0.344 0. -26.591 0. 0. -1. 0.
-0.351 0.937 0. 118.014 0.937 0.351 0. -24.791 0. 0. -1. 0.
-0.365 0.931 0. 117.351 0.931 0.365 0. -22.999 0. 0. -1. 0.
-0.391 0.920 0. 116.598 0.920 0.391 0. -21.283 0. 0. -1. 0.
-0.424 0.906 0. 115.887 0.906 0.424 0. -19.515 0. 0. -1. 0.
-0.468 0.884 0. 115.092 0.884 0.468 0. -17.854 0. 0. -1. 0.
-0.516 0.856 0. 114.177 0.856 0.516 0. -16.332 0. 0. -1. 0.
-0.573 0.819 0. 113.173 0.819 0.573 0. -14.830 0. 0. -1. 0.
-0.629 0.778 0. 112.101 0.778 0.629 0. -13.398 0. 0. -1. 0.
-0.688 0.726 0. 110.866 0.726 0.688 0. -12.015 0. 0. -1. 0.
-0.741 0.672 0. 109.554 0.672 0.741 0. -10.806 0. 0. -1. 0.
-0.788 0.615 0. 108.234 0.615 0.788 0. -9.725 0. 0. -1. 0.
-0.832 0.555 0. 106.756 0.555 0.832 0. -8.731 0. 0. -1. 0.
-0.870 0.493 0. 105.225 0.493 0.870 0. -7.822 0. 0. -1. 0.
-0.900 0.436 0. 103.600 0.436 0.900 0. -7.081 0. 0. -1. 0.
-0.925 0.380 0. 102.031 0.380 0.925 0. -6.436 0. 0. -1. 0.
-0.945 0.327 0. 100.281 0.327 0.945 0. -5.790 0. 0. -1. 0.
-0.960 0.279 0. 98.520 0.279 0.960 0. -5.252 0. 0. -1. 0.
-0.973 0.231 0. 96.742 0.231 0.973 0. -4.777 0. 0. -1. 0.
-0.983 0.186 0. 94.863 0.186 0.983 0. -4.405 0. 0. -1. 0.
-0.989 0.145 0. 92.941 0.145 0.989 0. -4.076 0. 0. -1. 0.
-0.994 0.114 0. 91.049 0.114 0.994 0. -3.868 0. 0. -1. 0.
-0.996 0.085 0. 89.054 0.085 0.996 0. -3.705 0. 0. -1. 0.
-0.998 0.057 0. 86.991 0.057 0.998 0. -3.586 0. 0. -1. 0.
-0.999 0.044 0. 84.910 0.044 0.999 0. -3.449 0. 0. -1. 0.
-1.000 0.025 0. 82.800 0.025 1.000 0. -3.420 0. 0. -1. 0.
-1. 0.011 0. 80.768 0.011 1. 0. -3.461 0. 0. -1. 0.
-1. -0.004 -0. 78.549 -0.004 1. 0. -3.452 0. 0. -1. 0.
-1. -0.012 -0. 76.403 -0.012 1. 0. -3.395 0. 0. -1. 0.
-1.000 -0.020 -0. 74.214 -0.020 1.000 0. -3.362 0. 0. -1. 0.
-0.999 -0.034 -0. 72.108 -0.034 0.999 0. -3.488 0. 0. -1. 0.
-0.999 -0.045 -0. 70.037 -0.045 0.999 0. -3.556 0. 0. -1. 0.
-0.999 -0.049 -0. 67.970 -0.049 0.999 0. -3.626 0. 0. -1. 0.
-0.999 -0.050 -0. 65.890 -0.050 0.999 0. -3.729 0. 0. -1. 0.
-0.999 -0.051 -0. 63.878 -0.051 0.999 0. -3.799 0. 0. -1. 0.
-0.999 -0.051 -0. 61.779 -0.051 0.999 0. -3.887 0. 0. -1. 0.
-0.998 -0.056 -0. 59.844 -0.056 0.998 0. -3.870 0. 0. -1. 0.
-0.998 -0.059 -0. 57.877 -0.059 0.998 0. -4.034 0. 0. -1. 0.
-0.998 -0.058 -0. 55.905 -0.058 0.998 0. -4.139 0. 0. -1. 0.
-0.998 -0.058 -0. 53.957 -0.058 0.998 0. -4.174 0. 0. -1. 0.
-0.998 -0.057 -0. 52.065 -0.057 0.998 0. -4.312 0. 0. -1. 0.
-0.999 -0.050 -0. 50.162 -0.050 0.999 0. -4.437 0. 0. -1. 0.
-0.999 -0.035 -0. 48.265 -0.035 0.999 0. -4.506 0. 0. -1. 0.
-1.000 -0.025 -0. 46.379 -0.025 1.000 0. -4.538 0. 0. -1. 0.
-1. -0.008 -0. 44.519 -0.008 1. 0. -4.573 0. 0. -1. 0.
-1. 0.014 0. 42.646 0.014 1. 0. -4.483 0. 0. -1. 0.
-0.999 0.039 0. 40.843 0.039 0.999 0. -4.444 0. 0. -1. 0.
-0.999 0.052 0. 39.039 0.052 0.999 0. -4.290 0. 0. -1. 0.
-0.999 0.054 0. 37.220 0.054 0.999 0. -4.157 0. 0. -1. 0.
-0.999 0.052 0. 35.428 0.052 0.999 0. -4.091 0. 0. -1. 0.
-0.999 0.048 0. 33.575 0.048 0.999 0. -3.987 0. 0. -1. 0.
-0.998 0.061 0. 31.832 0.061 0.998 0. -3.932 0. 0. -1. 0.
-0.997 0.071 0. 30.081 0.071 0.997 0. -3.731 0. 0. -1. 0.
-0.997 0.083 0. 28.301 0.083 0.997 0. -3.569 0. 0. -1. 0.
-0.996 0.092 0. 26.513 0.092 0.996 0. -3.390 0. 0. -1. 0.
-0.995 0.102 0. 24.775 0.102 0.995 0. -3.189 0. 0. -1. 0.
-0.994 0.109 0. 23.031 0.109 0.994 0. -2.976 0. 0. -1. 0.
-0.994 0.112 0. 21.342 0.112 0.994 0. -2.721 0. 0. -1. 0.
-0.994 0.111 0. 19.501 0.111 0.994 0. -2.556 0. 0. -1. 0.
-0.995 0.105 0. 17.772 0.105 0.995 0. -2.387 0. 0. -1. 0.
-0.995 0.104 0. 15.985 0.104 0.995 0. -2.185 0. 0. -1. 0.
-0.995 0.096 0. 14.318 0.096 0.995 0. -2.031 0. 0. -1. 0.
-0.996 0.089 0. 12.565 0.089 0.996 0. -1.857 0. 0. -1. 0.
-0.996 0.084 0. 10.836 0.084 0.996 0. -1.708 0. 0. -1. 0.
-0.997 0.079 0. 9.089 0.079 0.997 0. -1.571 0. 0. -1. 0.
-0.997 0.076 0. 7.387 0.076 0.997 0. -1.385 0. 0. -1. 0.
-0.997 0.073 0. 5.671 0.073 0.997 0. -1.235 0. 0. -1. 0.
-0.998 0.069 0. 3.948 0.069 0.998 0. -1.104 0. 0. -1. 0.
-0.998 0.063 0. 2.239 0.063 0.998 0. -1.017 0. 0. -1. 0.
-0.998 0.057 0. 0.483 0.057 0.998 0. -0.867 0. 0. -1. 0.
-0.999 0.049 0. -1.296 0.049 0.999 0. -0.727 0. 0. -1. 0.
-0.999 0.042 0. -3.076 0.042 0.999 0. -0.681 0. 0. -1. 0.
-1.000 0.031 0. -4.911 0.031 1.000 0. -0.587 0. 0. -1. 0.
-1.000 0.020 0. -6.739 0.020 1.000 0. -0.528 0. 0. -1. 0.
-1.000 0.015 0. -8.610 0.015 1.000 0. -0.473 0. 0. -1. 0.
-1. 0.011 0. -10.531 0.011 1. 0. -0.444 0. 0. -1. 0.
-1. 0.012 0. -12.463 0.012 1. 0. -0.408 0. 0. -1. 0.
-1. 0.010 0. -14.410 0.010 1. 0. -0.325 0. 0. -1. 0.
-1. 0.010 0. -16.301 0.010 1. 0. -0.296 0. 0. -1. 0.
-1. 0.011 0. -18.348 0.011 1. 0. -0.252 0. 0. -1. 0.
-1.000 0.016 0. -20.426 0.016 1.000 0. -0.214 0. 0. -1. 0.
-1.000 0.021 0. -22.551 0.021 1.000 0. -0.190 0. 0. -1. 0.
-1.000 0.021 0. -24.552 0.021 1.000 0. -0.090 0. 0. -1. 0.
-1.000 0.025 0. -26.699 0.025 1.000 0. -0.124 0. 0. -1. 0.
-1.000 0.028 0. -28.685 0.028 1.000 0. -0.070 0. 0. -1. 0.
-1.000 0.026 0. -30.765 0.026 1.000 0. 0.006 0. 0. -1. 0.
-1.000 0.023 0. -32.801 0.023 1.000 0. 0.012 0. 0. -1. 0.
-1.000 0.018 0. -34.875 0.018 1.000 0. 0.106 0. 0. -1. 0.
-1.000 0.014 0. -36.876 0.014 1.000 0. 0.145 0. 0. -1. 0.
-1.000 0.016 0. -38.878 0.016 1.000 0. 0.141 0. 0. -1. 0.
-1.000 0.020 0. -40.864 0.020 1.000 0. 0.262 0. 0. -1. 0.
-1.000 0.024 0. -42.818 0.024 1.000 0. 0.291 0. 0. -1. 0.
-1.000 0.031 0. -44.726 0.031 1.000 0. 0.412 0. 0. -1. 0.
-0.999 0.040 0. -46.580 0.040 0.999 0. 0.508 0. 0. -1. 0.
-0.999 0.045 0. -48.466 0.045 0.999 0. 0.633 0. 0. -1. 0.
-0.999 0.049 0. -50.312 0.049 0.999 0. 0.733 0. 0. -1. 0.
-0.999 0.051 0. -52.031 0.051 0.999 0. 0.838 0. 0. -1. 0.
-0.999 0.051 0. -53.815 0.051 0.999 0. 0.949 0. 0. -1. 0.
-0.999 0.052 0. -55.577 0.052 0.999 0. 0.981 0. 0. -1. 0.
-0.999 0.055 0. -57.259 0.055 0.999 0. 1.143 0. 0. -1. 0.
-0.998 0.060 0. -58.935 0.060 0.998 0. 1.242 0. 0. -1. 0.
-0.998 0.065 0. -60.612 0.065 0.998 0. 1.326 0. 0. -1. 0.
-0.997 0.076 0. -62.166 0.076 0.997 0. 1.493 0. 0. -1. 0.
-0.996 0.090 0. -63.723 0.090 0.996 0. 1.708 0. 0. -1. 0.
-0.995 0.103 0. -65.261 0.103 0.995 0. 1.965 0. 0. -1. 0.
-0.993 0.118 0. -66.701 0.118 0.993 0. 2.075 0. 0. -1. 0.
-0.991 0.135 0. -68.048 0.135 0.991 0. 2.283 0. 0. -1. 0.
-0.989 0.149 0. -69.359 0.149 0.989 0. 2.438 0. 0. -1. 0.
-0.986 0.164 0. -70.547 0.164 0.986 0. 2.732 0. 0. -1. 0.
-0.983 0.185 0. -71.789 0.185 0.983 0. 3.000 0. 0. -1. 0.
-0.979 0.206 0. -72.885 0.206 0.979 0. 3.212 0. 0. -1. 0.
-0.971 0.237 0. -73.996 0.237 0.971 0. 3.599 0. 0. -1. 0.
-0.959 0.282 0. -75.103 0.282 0.959 0. 3.848 0. 0. -1. 0.
-0.943 0.331 0. -76.206 0.331 0.943 0. 4.224 0. 0. -1. 0.
-0.923 0.385 0. -77.198 0.385 0.923 0. 4.704 0. 0. -1. 0.
-0.896 0.445 0. -78.316 0.445 0.896 0. 5.242 0. 0. -1. 0.
-0.864 0.503 0. -79.294 0.503 0.864 0. 5.803 0. 0. -1. 0.
-0.827 0.562 0. -80.284 0.562 0.827 0. 6.552 0. 0. -1. 0.
-0.786 0.619 0. -81.163 0.619 0.786 0. 7.241 0. 0. -1. 0.
-0.738 0.675 0. -81.945 0.675 0.738 0. 7.955 0. 0. -1. 0.
-0.684 0.730 0. -82.624 0.730 0.684 0. 8.853 0. 0. -1. 0.
-0.621 0.784 0. -83.333 0.784 0.621 0. 9.797 0. 0. -1. 0.
-0.558 0.830 0. -83.980 0.830 0.558 0. 10.858 0. 0. -1. 0.
-0.493 0.870 0. -84.666 0.870 0.493 0. 11.950 0. 0. -1. 0.
-0.426 0.905 0. -85.145 0.905 0.426 0. 13.067 0. 0. -1. 0.
-0.359 0.933 0. -85.555 0.933 0.359 0. 14.364 0. 0. -1. 0.
-0.297 0.955 0. -86.076 0.955 0.297 0. 15.699 0. 0. -1. 0.
-0.234 0.972 0. -86.455 0.972 0.234 0. 17.068 0. 0. -1. 0.
-0.176 0.984 0. -86.629 0.984 0.176 0. 18.498 0. 0. -1. 0.
-0.126 0.992 0. -86.789 0.992 0.126 0. 19.939 0. 0. -1. 0.
-0.095 0.995 0. -86.929 0.995 0.095 0. 21.475 0. 0. -1. 0.
-0.076 0.997 0. -87.086 0.997 0.076 0. 23.005 0. 0. -1. 0.
-0.057 0.998 0. -87.116 0.998 0.057 0. 24.604 0. 0. -1. 0.
-0.038 0.999 0. -87.055 0.999 0.038 0. 26.207 0. 0. -1. 0.
-0.026 1.000 0. -87.178 1.000 0.026 0. 27.785 0. 0. -1. 0.
-0.011 1. 0. -87.147 1. 0.011 0. 29.426 0. 0. -1. 0.
-0.007 1. 0. -87.123 1. 0.007 0. 31.007 0. 0. -1. 0.
-0.007 1. 0. -87.167 1. 0.007 0. 32.780 0. 0. -1. 0.
-0.013 1. 0. -87.127 1. 0.013 0. 34.327 0. 0. -1. 0.
-0.011 1. 0. -87.141 1. 0.011 0. 36.067 0. 0. -1. 0.
-0.015 1.000 0. -87.126 1.000 0.015 0. 37.875 0. 0. -1. 0.
-0.018 1.000 0. -87.173 1.000 0.018 0. 39.574 0. 0. -1. 0.
-0.017 1.000 0. -87.156 1.000 0.017 0. 41.447 0. 0. -1. 0.
-0.015 1.000 0. -87.120 1.000 0.015 0. 43.287 0. 0. -1. 0.
-0.015 1.000 0. -87.218 1.000 0.015 0. 45.140 0. 0. -1. 0.
-0.014 1. 0. -87.211 1. 0.014 0. 46.956 0. 0. -1. 0.
-0.015 1.000 0. -87.178 1.000 0.015 0. 48.760 0. 0. -1. 0.
-0.012 1. 0. -87.191 1. 0.012 0. 50.580 0. 0. -1. 0.
-0.011 1. 0. -87.175 1. 0.011 0. 52.344 0. 0. -1. 0.
-0.013 1. 0. -87.185 1. 0.013 0. 54.094 0. 0. -1. 0.
-0.010 1. 0. -87.151 1. 0.010 0. 55.886 0. 0. -1. 0.
-0.014 1. 0. -87.159 1. 0.014 0. 57.657 0. 0. -1. 0.
-0.012 1. 0. -87.141 1. 0.012 0. 59.367 0. 0. -1. 0.
-0.007 1. 0. -87.129 1. 0.007 0. 61.178 0. 0. -1. 0.
0.001 1. 0. -87.130 1. -0.001 -0. 62.974 0. 0. -1. 0.
0.004 1. 0. -87.127 1. -0.004 -0. 64.596 0. 0. -1. 0.
0.009 1. 0. -87.088 1. -0.009 -0. 66.290 0. 0. -1. 0.
0.009 1. 0. -87.024 1. -0.009 -0. 68.102 0. 0. -1. 0.
0.006 1. 0. -86.949 1. -0.006 -0. 69.802 0. 0. -1. 0.
-0.001 1. 0. -86.954 1. 0.001 0. 71.556 0. 0. -1. 0.
-0.009 1. 0. -86.978 1. 0.009 0. 73.243 0. 0. -1. 0.
-0.029 1.000 0. -86.963 1.000 0.029 0. 75.042 0. 0. -1. 0.
-0.059 0.998 0. -87.018 0.998 0.059 0. 76.766 0. 0. -1. 0.
-0.105 0.995 0. -87.213 0.995 0.105 0. 78.515 0. 0. -1. 0.
-0.152 0.988 0. -87.443 0.988 0.152 0. 80.291 0. 0. -1. 0.
-0.205 0.979 0. -87.742 0.979 0.205 0. 82.070 0. 0. -1. 0.
-0.255 0.967 0. -88.087 0.967 0.255 0. 83.896 0. 0. -1. 0.
-0.312 0.950 0. -88.734 0.950 0.312 0. 85.718 0. 0. -1. 0.
-0.367 0.930 0. -89.382 0.930 0.367 0. 87.299 0. 0. -1. 0.
-0.416 0.909 0. -90.055 0.909 0.416 0. 89.229 0. 0. -1. 0.
-0.471 0.882 0. -90.940 0.882 0.471 0. 91.032 0. 0. -1. 0.
-0.522 0.853 0. -91.924 0.853 0.522 0. 92.726 0. 0. -1. 0.
-0.568 0.823 0. -93.011 0.823 0.568 0. 94.542 0. 0. -1. 0.
-0.605 0.796 0. -94.273 0.796 0.605 0. 96.127 0. 0. -1. 0.
-0.633 0.774 0. -95.549 0.774 0.633 0. 97.804 0. 0. -1. 0.
-0.652 0.758 0. -96.838 0.758 0.652 0. 99.464 0. 0. -1. 0.
-0.669 0.743 0. -98.316 0.743 0.669 0. 101.021 0. 0. -1. 0.
-0.678 0.735 0. -99.762 0.735 0.678 0. 102.670 0. 0. -1. 0.
-0.684 0.729 0. -101.275 0.729 0.684 0. 104.269 0. 0. -1. 0.
-0.689 0.725 0. -102.819 0.725 0.689 0. 105.812 0. 0. -1. 0.
-0.692 0.722 0. -104.417 0.722 0.692 0. 107.512 0. 0. -1. 0.
-0.695 0.719 0. -106.014 0.719 0.695 0. 109.154 0. 0. -1. 0.
-0.697 0.717 0. -107.630 0.717 0.697 0. 110.819 0. 0. -1. 0.
-0.699 0.715 0. -109.257 0.715 0.699 0. 112.524 0. 0. -1. 0.
-0.701 0.713 0. -110.894 0.713 0.701 0. 114.275 0. 0. -1. 0.
-0.705 0.710 0. -112.569 0.710 0.705 0. 116.028 0. 0. -1. 0.
-0.707 0.708 0. -114.284 0.708 0.707 0. 117.733 0. 0. -1. 0.
-0.708 0.706 0. -116.030 0.706 0.708 0. 119.433 0. 0. -1. 0.
-0.710 0.704 0. -117.720 0.704 0.710 0. 121.314 0. 0. -1. 0.
-0.710 0.704 0. -119.498 0.704 0.710 0. 123.059 0. 0. -1. 0.
-0.710 0.704 0. -121.271 0.704 0.710 0. 124.809 0. 0. -1. 0.
-0.711 0.703 0. -123.006 0.703 0.711 0. 126.658 0. 0. -1. 0.
-0.712 0.702 0. -124.864 0.702 0.712 0. 128.481 0. 0. -1. 0.
-0.712 0.702 0. -126.618 0.702 0.712 0. 130.291 0. 0. -1. 0.
-0.712 0.703 0. -128.391 0.703 0.712 0. 132.174 0. 0. -1. 0.
-0.712 0.702 0. -130.172 0.702 0.712 0. 133.936 0. 0. -1. 0.
-0.708 0.706 0. -131.938 0.706 0.708 0. 135.798 0. 0. -1. 0.
-0.709 0.705 0. -133.766 0.705 0.709 0. 137.637 0. 0. -1. 0.
-0.707 0.708 0. -135.474 0.708 0.707 0. 139.502 0. 0. -1. 0.
-0.703 0.711 0. -137.198 0.711 0.703 0. 141.297 0. 0. -1. 0.
-0.701 0.714 0. -138.971 0.714 0.701 0. 143.156 0. 0. -1. 0.
-0.693 0.721 0. -140.834 0.721 0.693 0. 144.971 0. 0. -1. 0.
-0.685 0.729 0. -142.552 0.729 0.685 0. 146.853 0. 0. -1. 0.
-0.671 0.741 0. -144.228 0.741 0.671 0. 148.743 0. 0. -1. 0.
-0.657 0.754 0. -145.869 0.754 0.657 0. 150.630 0. 0. -1. 0.
-0.641 0.768 0. -147.395 0.768 0.641 0. 152.618 0. 0. -1. 0.
-0.621 0.784 0. -148.976 0.784 0.621 0. 154.556 0. 0. -1. 0.
-0.597 0.802 0. -150.277 0.802 0.597 0. 156.558 0. 0. -1. 0.
-0.571 0.821 0. -151.789 0.821 0.571 0. 158.524 0. 0. -1. 0.
-0.540 0.842 0. -153.031 0.842 0.540 0. 160.618 0. 0. -1. 0.
-0.504 0.864 0. -154.319 0.864 0.504 0. 162.692 0. 0. -1. 0.
-0.462 0.887 0. -155.430 0.887 0.462 0. 164.788 0. 0. -1. 0.
-0.420 0.907 0. -156.465 0.907 0.420 0. 166.988 0. 0. -1. 0.
-0.379 0.925 0. -157.298 0.925 0.379 0. 169.240 0. 0. -1. 0.
-0.336 0.942 0. -158.099 0.942 0.336 0. 171.485 0. 0. -1. 0.
-0.294 0.956 0. -158.897 0.956 0.294 0. 173.827 0. 0. -1. 0.
-0.253 0.968 0. -159.517 0.968 0.253 0. 176.163 0. 0. -1. 0.
-0.214 0.977 0. -159.947 0.977 0.214 0. 178.553 0. 0. -1. 0.
-0.185 0.983 0. -160.409 0.983 0.185 0. 180.958 0. 0. -1. 0.
-0.164 0.986 0. -160.835 0.986 0.164 0. 183.379 0. 0. -1. 0.
-0.150 0.989 0. -161.205 0.989 0.150 0. 185.820 0. 0. -1. 0.
-0.135 0.991 0. -161.440 0.991 0.135 0. 188.268 0. 0. -1. 0.
-0.126 0.992 0. -161.804 0.992 0.126 0. 190.693 0. 0. -1. 0.
-0.116 0.993 0. -162.037 0.993 0.116 0. 193.131 0. 0. -1. 0.
-0.112 0.994 0. -162.263 0.994 0.112 0. 195.506 0. 0. -1. 0.
-0.110 0.994 0. -162.405 0.994 0.110 0. 197.916 0. 0. -1. 0.
-0.116 0.993 0. -162.645 0.993 0.116 0. 200.255 0. 0. -1. 0.
-0.123 0.992 0. -162.912 0.992 0.123 0. 202.555 0. 0. -1. 0.
-0.136 0.991 0. -163.187 0.991 0.136 0. 204.828 0. 0. -1. 0.
-0.152 0.988 0. -163.496 0.988 0.152 0. 207.102 0. 0. -1. 0.
-0.174 0.985 0. -163.860 0.985 0.174 0. 209.283 0. 0. -1. 0.
-0.201 0.980 0. -164.321 0.980 0.201 0. 211.515 0. 0. -1. 0.
-0.235 0.972 0. -164.810 0.972 0.235 0. 213.671 0. 0. -1. 0.
-0.278 0.961 0. -165.424 0.961 0.278 0. 215.676 0. 0. -1. 0.
-0.332 0.943 0. -166.077 0.943 0.332 0. 217.706 0. 0. -1. 0.
-0.394 0.919 0. -166.810 0.919 0.394 0. 219.729 0. 0. -1. 0.
-0.456 0.890 0. -167.790 0.890 0.456 0. 221.570 0. 0. -1. 0.
-0.516 0.857 0. -168.950 0.857 0.516 0. 223.296 0. 0. -1. 0.
-0.576 0.818 0. -170.070 0.818 0.576 0. 225.013 0. 0. -1. 0.
-0.635 0.773 0. -171.357 0.773 0.635 0. 226.562 0. 0. -1. 0.
-0.695 0.719 0. -172.692 0.719 0.695 0. 228.114 0. 0. -1. 0.
-0.748 0.664 0. -174.231 0.664 0.748 0. 229.488 0. 0. -1. 0.
-0.798 0.603 0. -175.842 0.603 0.798 0. 230.707 0. 0. -1. 0.
-0.839 0.544 0. -177.578 0.544 0.839 0. 231.833 0. 0. -1. 0.
-0.875 0.484 0. -179.415 0.484 0.875 0. 232.866 0. 0. -1. 0.
-0.904 0.428 0. -181.287 0.428 0.904 0. 233.875 0. 0. -1. 0.
-0.925 0.380 0. -183.270 0.380 0.925 0. 234.682 0. 0. -1. 0.
-0.940 0.342 0. -185.365 0.342 0.940 0. 235.456 0. 0. -1. 0.
-0.949 0.315 0. -187.472 0.315 0.949 0. 236.344 0. 0. -1. 0.
-0.954 0.300 0. -189.744 0.300 0.954 0. 237.082 0. 0. -1. 0.
-0.955 0.296 0. -192.058 0.296 0.955 0. 237.797 0. 0. -1. 0.
-0.955 0.295 0. -194.419 0.295 0.955 0. 238.547 0. 0. -1. 0.
-0.956 0.293 0. -196.807 0.293 0.956 0. 239.377 0. 0. -1. 0.
-0.957 0.290 0. -199.367 0.290 0.957 0. 240.139 0. 0. -1. 0.
-0.958 0.286 0. -201.995 0.286 0.958 0. 240.921 0. 0. -1. 0.
-0.959 0.284 0. -204.440 0.284 0.959 0. 241.723 0. 0. -1. 0.
-0.960 0.281 0. -207.026 0.281 0.960 0. 242.457 0. 0. -1. 0.
-0.960 0.279 0. -209.570 0.279 0.960 0. 243.209 0. 0. -1. 0.
-0.961 0.276 0. -212.060 0.276 0.961 0. 243.980 0. 0. -1. 0.
-0.961 0.278 0. -214.560 0.278 0.961 0. 244.707 0. 0. -1. 0.
-0.960 0.279 0. -217.054 0.279 0.960 0. 245.442 0. 0. -1. 0.
-0.960 0.280 0. -219.534 0.280 0.960 0. 246.213 0. 0. -1. 0.
-0.960 0.281 0. -221.951 0.281 0.960 0. 246.934 0. 0. -1. 0.
-0.959 0.283 0. -224.326 0.283 0.959 0. 247.663 0. 0. -1. 0.
-0.958 0.285 0. -226.708 0.285 0.958 0. 248.456 0. 0. -1. 0.
-0.956 0.293 0. -229.088 0.293 0.956 0. 249.191 0. 0. -1. 0.
-0.951 0.308 0. -231.396 0.308 0.951 0. 249.916 0. 0. -1. 0.
-0.943 0.333 0. -233.541 0.333 0.943 0. 250.705 0. 0. -1. 0.
-0.929 0.370 0. -235.542 0.370 0.929 0. 251.544 0. 0. -1. 0.
-0.915 0.403 0. -237.399 0.403 0.915 0. 252.399 0. 0. -1. 0.
-0.901 0.433 0. -239.237 0.433 0.901 0. 253.294 0. 0. -1. 0.
-0.889 0.457 0. -240.922 0.457 0.889 0. 254.137 0. 0. -1. 0.
-0.882 0.472 0. -242.594 0.472 0.882 0. 255.084 0. 0. -1. 0.
-0.881 0.473 0. -244.118 0.473 0.881 0. 255.939 0. 0. -1. 0.
-0.884 0.467 0. -245.611 0.467 0.884 0. 256.772 0. 0. -1. 0.
-0.886 0.463 0. -247.129 0.463 0.886 0. 257.621 0. 0. -1. 0.
-0.885 0.465 0. -248.550 0.465 0.885 0. 258.398 0. 0. -1. 0.
-0.880 0.476 0. -249.730 0.476 0.880 0. 259.145 0. 0. -1. 0.
-0.869 0.495 0. -250.979 0.495 0.869 0. 259.793 0. 0. -1. 0.
-0.848 0.530 0. -252.061 0.530 0.848 0. 260.451 0. 0. -1. 0.
-0.816 0.577 0. -253.079 0.577 0.816 0. 261.214 0. 0. -1. 0.
-0.768 0.640 0. -254.033 0.640 0.768 0. 261.974 0. 0. -1. 0.
-0.707 0.707 0. -254.862 0.707 0.707 0. 262.805 0. 0. -1. 0.
-0.630 0.776 0. -255.509 0.776 0.630 0. 263.654 0. 0. -1. 0.
-0.543 0.840 0. -256.140 0.840 0.543 0. 264.670 0. 0. -1. 0.
-0.448 0.894 0. -256.639 0.894 0.448 0. 265.641 0. 0. -1. 0.
-0.351 0.936 0. -256.871 0.936 0.351 0. 266.700 0. 0. -1. 0.
-0.237 0.972 0. -257.206 0.972 0.237 0. 267.841 0. 0. -1. 0.
-0.131 0.991 0. -257.290 0.991 0.131 0. 269.037 0. 0. -1. 0.
-0.039 0.999 0. -257.219 0.999 0.039 0. 270.246 0. 0. -1. 0.
0.034 0.999 0. -257.178 0.999 -0.034 -0. 271.673 0. 0. -1. 0.
0.099 0.995 0. -257.018 0.995 -0.099 -0. 273.163 0. 0. -1. 0.
0.158 0.987 0. -256.780 0.987 -0.158 -0. 274.743 0. 0. -1. 0.
0.203 0.979 0. -256.406 0.979 -0.203 -0. 276.379 0. 0. -1. 0.
0.235 0.972 0. -255.921 0.972 -0.235 -0. 278.176 0. 0. -1. 0.
0.252 0.968 0. -255.357 0.968 -0.252 -0. 280.065 0. 0. -1. 0.
0.261 0.965 0. -254.851 0.965 -0.261 -0. 282.153 0. 0. -1. 0.
0.263 0.965 0. -254.243 0.965 -0.263 -0. 284.316 0. 0. -1. 0.
0.267 0.964 0. -253.600 0.964 -0.267 -0. 286.600 0. 0. -1. 0.
0.266 0.964 0. -252.921 0.964 -0.266 -0. 288.928 0. 0. -1. 0.
0.268 0.963 0. -252.203 0.963 -0.268 -0. 291.415 0. 0. -1. 0.
0.266 0.964 0. -251.474 0.964 -0.266 -0. 294.004 0. 0. -1. 0.
0.260 0.965 0. -250.703 0.965 -0.260 -0. 296.645 0. 0. -1. 0.
0.251 0.968 0. -249.970 0.968 -0.251 -0. 299.333 0. 0. -1. 0.
0.244 0.970 0. -249.241 0.970 -0.244 -0. 302.104 0. 0. -1. 0.
0.233 0.972 0. -248.501 0.972 -0.233 -0. 304.984 0. 0. -1. 0.
0.223 0.975 0. -247.788 0.975 -0.223 -0. 307.853 0. 0. -1. 0.
0.216 0.976 0. -247.055 0.976 -0.216 -0. 310.892 0. 0. -1. 0.
0.209 0.978 0. -246.399 0.978 -0.209 -0. 314.022 0. 0. -1. 0.
0.204 0.979 0. -245.665 0.979 -0.204 -0. 317.182 0. 0. -1. 0.
0.202 0.979 0. -244.961 0.979 -0.202 -0. 320.431 0. 0. -1. 0.
0.201 0.980 0. -244.268 0.980 -0.201 -0. 323.767 0. 0. -1. 0.
0.201 0.980 0. -243.562 0.980 -0.201 -0. 327.163 0. 0. -1. 0.
0.202 0.979 0. -242.826 0.979 -0.202 -0. 330.580 0. 0. -1. 0.
0.206 0.979 0. -242.076 0.979 -0.206 -0. 334.170 0. 0. -1. 0.
0.214 0.977 0. -241.338 0.977 -0.214 -0. 337.745 0. 0. -1. 0.
0.223 0.975 0. -240.496 0.975 -0.223 -0. 341.387 0. 0. -1. 0.
0.231 0.973 0. -239.578 0.973 -0.231 -0. 345.125 0. 0. -1. 0.
0.236 0.972 0. -238.651 0.972 -0.236 -0. 348.888 0. 0. -1. 0.
0.237 0.972 0. -237.702 0.972 -0.237 -0. 352.741 0. 0. -1. 0.
0.243 0.970 0. -236.714 0.970 -0.243 -0. 356.708 0. 0. -1. 0.
0.247 0.969 0. -235.643 0.969 -0.247 -0. 360.601 0. 0. -1. 0.
0.249 0.968 0. -234.634 0.968 -0.249 -0. 364.619 0. 0. -1. 0.
0.254 0.967 0. -233.597 0.967 -0.254 -0. 368.592 0. 0. -1. 0.
0.258 0.966 0. -232.409 0.966 -0.258 -0. 372.583 0. 0. -1. 0.
0.261 0.965 0. -231.377 0.965 -0.261 -0. 376.546 0. 0. -1. 0.
0.261 0.965 0. -230.256 0.965 -0.261 -0. 380.507 0. 0. -1. 0.
0.261 0.965 0. -229.130 0.965 -0.261 -0. 384.396 0. 0. -1. 0.
0.261 0.965 0. -228.060 0.965 -0.261 -0. 388.309 0. 0. -1. 0.
0.259 0.966 0. -226.881 0.966 -0.259 -0. 392.198 0. 0. -1. 0.
0.258 0.966 0. -225.856 0.966 -0.258 -0. 396.098 0. 0. -1. 0.
0.258 0.966 0. -224.765 0.966 -0.258 -0. 399.966 0. 0. -1. 0.
0.257 0.966 0. -223.689 0.966 -0.257 -0. 403.792 0. 0. -1. 0.
0.256 0.967 0. -222.653 0.967 -0.256 -0. 407.569 0. 0. -1. 0.
0.256 0.967 0. -221.633 0.967 -0.256 -0. 411.380 0. 0. -1. 0.
0.257 0.966 0. -220.612 0.966 -0.257 -0. 415.138 0. 0. -1. 0.
0.260 0.966 0. -219.549 0.966 -0.260 -0. 418.823 0. 0. -1. 0.
0.263 0.965 0. -218.500 0.965 -0.263 -0. 422.504 0. 0. -1. 0.
0.263 0.965 0. -217.487 0.965 -0.263 -0. 426.164 0. 0. -1. 0.
0.264 0.964 0. -216.450 0.964 -0.264 -0. 429.782 0. 0. -1. 0.
0.265 0.964 0. -215.428 0.964 -0.265 -0. 433.382 0. 0. -1. 0.
0.266 0.964 0. -214.406 0.964 -0.266 -0. 436.938 0. 0. -1. 0.
0.262 0.965 0. -213.435 0.965 -0.262 -0. 440.513 0. 0. -1. 0.
0.262 0.965 0. -212.345 0.965 -0.262 -0. 443.987 0. 0. -1. 0.
0.262 0.965 0. -211.405 0.965 -0.262 -0. 447.470 0. 0. -1. 0.
0.262 0.965 0. -210.428 0.965 -0.262 -0. 450.934 0. 0. -1. 0.
0.261 0.965 0. -209.483 0.965 -0.261 -0. 454.360 0. 0. -1. 0.
0.261 0.965 0. -208.485 0.965 -0.261 -0. 457.767 0. 0. -1. 0.
0.259 0.966 0. -207.554 0.966 -0.259 -0. 461.130 0. 0. -1. 0.
0.262 0.965 0. -206.637 0.965 -0.262 -0. 464.470 0. 0. -1. 0.
0.264 0.965 0. -205.680 0.965 -0.264 -0. 467.752 0. 0. -1. 0.
0.265 0.964 0. -204.754 0.964 -0.265 -0. 471.073 0. 0. -1. 0.
0.267 0.964 0. -203.823 0.964 -0.267 -0. 474.312 0. 0. -1. 0.
0.268 0.963 0. -202.874 0.963 -0.268 -0. 477.533 0. 0. -1. 0.
0.269 0.963 0. -201.904 0.963 -0.269 -0. 480.761 0. 0. -1. 0.
0.269 0.963 0. -201.026 0.963 -0.269 -0. 483.944 0. 0. -1. 0.
0.267 0.964 0. -200.065 0.964 -0.267 -0. 487.051 0. 0. -1. 0.
0.264 0.964 0. -199.187 0.964 -0.264 -0. 490.190 0. 0. -1. 0.
0.263 0.965 0. -198.338 0.965 -0.263 -0. 493.226 0. 0. -1. 0.
0.260 0.966 0. -197.512 0.966 -0.260 -0. 496.142 0. 0. -1. 0.
0.258 0.966 0. -196.722 0.966 -0.258 -0. 498.893 0. 0. -1. 0.
0.262 0.965 0. -196.057 0.965 -0.262 -0. 501.479 0. 0. -1. 0.
0.265 0.964 0. -195.372 0.964 -0.265 -0. 503.809 0. 0. -1. 0.
0.267 0.964 0. -194.766 0.964 -0.267 -0. 505.946 0. 0. -1. 0.
0.270 0.963 0. -194.210 0.963 -0.270 -0. 507.890 0. 0. -1. 0.
0.272 0.962 0. -193.733 0.962 -0.272 -0. 509.585 0. 0. -1. 0.
0.273 0.962 0. -193.228 0.962 -0.273 -0. 511.154 0. 0. -1. 0.
0.276 0.961 0. -192.834 0.961 -0.276 -0. 512.648 0. 0. -1. 0.
0.276 0.961 0. -192.428 0.961 -0.276 -0. 514.000 0. 0. -1. 0.
0.277 0.961 0. -192.037 0.961 -0.277 -0. 515.305 0. 0. -1. 0.
0.277 0.961 0. -191.710 0.961 -0.277 -0. 516.423 0. 0. -1. 0.
0.279 0.960 0. -191.380 0.960 -0.279 -0. 517.434 0. 0. -1. 0.
0.280 0.960 0. -191.078 0.960 -0.280 -0. 518.452 0. 0. -1. 0.
0.279 0.960 0. -190.773 0.960 -0.279 -0. 519.480 0. 0. -1. 0.
0.280 0.960 0. -190.502 0.960 -0.280 -0. 520.448 0. 0. -1. 0.
0.281 0.960 0. -190.206 0.960 -0.281 -0. 521.351 0. 0. -1. 0.
0.280 0.960 0. -189.871 0.960 -0.280 -0. 522.283 0. 0. -1. 0.
0.279 0.960 0. -189.609 0.960 -0.279 -0. 523.260 0. 0. -1. 0.
0.280 0.960 0. -189.303 0.960 -0.280 -0. 524.225 0. 0. -1. 0.
0.278 0.960 0. -189.063 0.960 -0.278 -0. 525.152 0. 0. -1. 0.
0.279 0.960 0. -188.766 0.960 -0.279 -0. 526.194 0. 0. -1. 0.
0.277 0.961 0. -188.427 0.961 -0.277 -0. 527.324 0. 0. -1. 0.
0.274 0.962 0. -188.028 0.962 -0.274 -0. 528.519 0. 0. -1. 0.
0.274 0.962 0. -187.672 0.962 -0.274 -0. 529.804 0. 0. -1. 0.
0.269 0.963 0. -187.259 0.963 -0.269 -0. 531.213 0. 0. -1. 0.
0.264 0.964 0. -186.860 0.964 -0.264 -0. 532.675 0. 0. -1. 0.
0.258 0.966 0. -186.432 0.966 -0.258 -0. 534.252 0. 0. -1. 0.
0.254 0.967 0. -185.949 0.967 -0.254 -0. 535.956 0. 0. -1. 0.
0.249 0.968 0. -185.479 0.968 -0.249 -0. 537.747 0. 0. -1. 0.
0.244 0.970 0. -185.011 0.970 -0.244 -0. 539.629 0. 0. -1. 0.
0.240 0.971 0. -184.501 0.971 -0.240 -0. 541.579 0. 0. -1. 0.
0.239 0.971 0. -184.025 0.971 -0.239 -0. 543.441 0. 0. -1. 0.
0.238 0.971 0. -183.520 0.971 -0.238 -0. 545.439 0. 0. -1. 0.
0.236 0.972 0. -183.053 0.972 -0.236 -0. 547.409 0. 0. -1. 0.
0.239 0.971 0. -182.561 0.971 -0.239 -0. 549.331 0. 0. -1. 0.
0.240 0.971 0. -182.093 0.971 -0.240 -0. 551.307 0. 0. -1. 0.
0.241 0.970 0. -181.587 0.970 -0.241 -0. 553.233 0. 0. -1. 0.
0.243 0.970 0. -181.102 0.970 -0.243 -0. 555.133 0. 0. -1. 0.
0.245 0.969 0. -180.643 0.969 -0.245 -0. 557.042 0. 0. -1. 0.
0.247 0.969 0. -180.149 0.969 -0.247 -0. 558.941 0. 0. -1. 0.
0.247 0.969 0. -179.609 0.969 -0.247 -0. 560.870 0. 0. -1. 0.
0.248 0.969 0. -179.111 0.969 -0.248 -0. 562.739 0. 0. -1. 0.
0.249 0.969 0. -178.625 0.969 -0.249 -0. 564.681 0. 0. -1. 0.
0.247 0.969 0. -178.164 0.969 -0.247 -0. 566.590 0. 0. -1. 0.
0.244 0.970 0. -177.609 0.970 -0.244 -0. 568.482 0. 0. -1. 0.
0.237 0.972 0. -177.083 0.972 -0.237 -0. 570.387 0. 0. -1. 0.
0.231 0.973 0. -176.619 0.973 -0.231 -0. 572.409 0. 0. -1. 0.
0.225 0.974 0. -176.121 0.974 -0.225 -0. 574.368 0. 0. -1. 0.
0.221 0.975 0. -175.644 0.975 -0.221 -0. 576.399 0. 0. -1. 0.
0.217 0.976 0. -175.111 0.976 -0.217 -0. 578.376 0. 0. -1. 0.
0.213 0.977 0. -174.663 0.977 -0.213 -0. 580.432 0. 0. -1. 0.
0.212 0.977 0. -174.192 0.977 -0.212 -0. 582.493 0. 0. -1. 0.
0.211 0.978 0. -173.746 0.978 -0.211 -0. 584.557 0. 0. -1. 0.
0.212 0.977 0. -173.286 0.977 -0.212 -0. 586.635 0. 0. -1. 0.
0.213 0.977 0. -172.792 0.977 -0.213 -0. 588.795 0. 0. -1. 0.
0.215 0.977 0. -172.290 0.977 -0.215 -0. 590.992 0. 0. -1. 0.
0.214 0.977 0. -171.747 0.977 -0.214 -0. 593.199 0. 0. -1. 0.
0.209 0.978 0. -171.262 0.978 -0.209 -0. 595.468 0. 0. -1. 0.
0.205 0.979 0. -170.755 0.979 -0.205 -0. 597.732 0. 0. -1. 0.
0.201 0.980 0. -170.279 0.980 -0.201 -0. 600.007 0. 0. -1. 0.
0.197 0.980 0. -169.764 0.980 -0.197 -0. 602.320 0. 0. -1. 0.
0.191 0.982 0. -169.291 0.982 -0.191 -0. 604.575 0. 0. -1. 0.
0.185 0.983 0. -168.842 0.983 -0.185 -0. 606.941 0. 0. -1. 0.
0.181 0.984 0. -168.387 0.984 -0.181 -0. 609.355 0. 0. -1. 0.
0.174 0.985 0. -167.883 0.985 -0.174 -0. 611.769 0. 0. -1. 0.
0.168 0.986 0. -167.505 0.986 -0.168 -0. 614.296 0. 0. -1. 0.
0.167 0.986 0. -167.058 0.986 -0.167 -0. 616.718 0. 0. -1. 0.
0.164 0.986 0. -166.629 0.986 -0.164 -0. 619.267 0. 0. -1. 0.
0.162 0.987 0. -166.148 0.987 -0.162 -0. 621.787 0. 0. -1. 0.
0.158 0.987 0. -165.733 0.987 -0.158 -0. 624.355 0. 0. -1. 0.
0.155 0.988 0. -165.312 0.988 -0.155 -0. 627.013 0. 0. -1. 0.
0.148 0.989 0. -164.863 0.989 -0.148 -0. 629.637 0. 0. -1. 0.
0.142 0.990 0. -164.385 0.990 -0.142 -0. 632.423 0. 0. -1. 0.
0.130 0.992 0. -163.964 0.992 -0.130 -0. 635.129 0. 0. -1. 0.
0.117 0.993 0. -163.591 0.993 -0.117 -0. 637.938 0. 0. -1. 0.
0.108 0.994 0. -163.235 0.994 -0.108 -0. 640.902 0. 0. -1. 0.
0.100 0.995 0. -162.881 0.995 -0.100 -0. 643.820 0. 0. -1. 0.
0.092 0.996 0. -162.565 0.996 -0.092 -0. 646.791 0. 0. -1. 0.
0.085 0.996 0. -162.343 0.996 -0.085 -0. 649.870 0. 0. -1. 0.
0.082 0.997 0. -162.084 0.997 -0.082 -0. 652.978 0. 0. -1. 0.
0.077 0.997 0. -161.757 0.997 -0.077 -0. 656.095 0. 0. -1. 0.
0.076 0.997 0. -161.490 0.997 -0.076 -0. 659.317 0. 0. -1. 0.
0.074 0.997 0. -161.256 0.997 -0.074 -0. 662.514 0. 0. -1. 0.
0.075 0.997 0. -161.036 0.997 -0.075 -0. 665.783 0. 0. -1. 0.
0.074 0.997 0. -160.729 0.997 -0.074 -0. 669.038 0. 0. -1. 0.
0.073 0.997 0. -160.432 0.997 -0.073 -0. 672.288 0. 0. -1. 0.
0.071 0.997 0. -160.137 0.997 -0.071 -0. 675.540 0. 0. -1. 0.
0.067 0.998 0. -159.836 0.998 -0.067 -0. 678.804 0. 0. -1. 0.
0.065 0.998 0. -159.647 0.998 -0.065 -0. 682.008 0. 0. -1. 0.
0.061 0.998 0. -159.356 0.998 -0.061 -0. 685.191 0. 0. -1. 0.
0.060 0.998 0. -159.206 0.998 -0.060 -0. 688.306 0. 0. -1. 0.
0.061 0.998 0. -158.969 0.998 -0.061 -0. 691.243 0. 0. -1. 0.
0.063 0.998 0. -158.827 0.998 -0.063 -0. 694.021 0. 0. -1. 0.
0.063 0.998 0. -158.569 0.998 -0.063 -0. 696.733 0. 0. -1. 0.
0.067 0.998 0. -158.368 0.998 -0.067 -0. 699.241 0. 0. -1. 0.
0.071 0.997 0. -158.232 0.997 -0.071 -0. 701.617 0. 0. -1. 0.
0.073 0.997 0. -158.083 0.997 -0.073 -0. 703.900 0. 0. -1. 0.
0.076 0.997 0. -157.899 0.997 -0.076 -0. 706.103 0. 0. -1. 0.
0.076 0.997 0. -157.679 0.997 -0.076 -0. 708.122 0. 0. -1. 0.
0.075 0.997 0. -157.486 0.997 -0.075 -0. 710.054 0. 0. -1. 0.
0.073 0.997 0. -157.394 0.997 -0.073 -0. 711.903 0. 0. -1. 0.
0.070 0.998 0. -157.213 0.998 -0.070 -0. 713.603 0. 0. -1. 0.
0.068 0.998 0. -157.119 0.998 -0.068 -0. 715.186 0. 0. -1. 0.
0.065 0.998 0. -156.997 0.998 -0.065 -0. 716.690 0. 0. -1. 0.
0.063 0.998 0. -156.883 0.998 -0.063 -0. 718.083 0. 0. -1. 0.
0.066 0.998 0. -156.799 0.998 -0.066 -0. 719.335 0. 0. -1. 0.
0.070 0.998 0. -156.735 0.998 -0.070 -0. 720.536 0. 0. -1. 0.
0.072 0.997 0. -156.647 0.997 -0.072 -0. 721.670 0. 0. -1. 0.
0.075 0.997 0. -156.549 0.997 -0.075 -0. 722.721 0. 0. -1. 0.
0.077 0.997 0. -156.467 0.997 -0.077 -0. 723.668 0. 0. -1. 0.
0.077 0.997 0. -156.393 0.997 -0.077 -0. 724.639 0. 0. -1. 0.
0.079 0.997 0. -156.310 0.997 -0.079 -0. 725.540 0. 0. -1. 0.
0.079 0.997 0. -156.230 0.997 -0.079 -0. 726.333 0. 0. -1. 0.
0.079 0.997 0. -156.200 0.997 -0.079 -0. 727.125 0. 0. -1. 0.
0.080 0.997 0. -156.137 0.997 -0.080 -0. 727.763 0. 0. -1. 0.
0.080 0.997 0. -156.075 0.997 -0.080 -0. 728.343 0. 0. -1. 0.
0.080 0.997 0. -156.022 0.997 -0.080 -0. 728.849 0. 0. -1. 0.
0.081 0.997 0. -155.964 0.997 -0.081 -0. 729.285 0. 0. -1. 0.
0.080 0.997 0. -155.980 0.997 -0.080 -0. 729.589 0. 0. -1. 0.
0.081 0.997 0. -155.978 0.997 -0.081 -0. 729.889 0. 0. -1. 0.
0.082 0.997 0. -155.932 0.997 -0.082 -0. 730.112 0. 0. -1. 0.
