1564718977663696 0.98833 0.15236 -0.00000 -6.71050 -0.15236 0.98833 0.00000 0.31014 0.00000 -0.00000 1.00000 0.00000
1564718977914059 0.98372 0.17969 -0.00000 -7.55058 -0.17969 0.98372 0.00000 0.45917 0.00000 -0.00000 1.00000 0.00000
1564718978164186 0.97773 0.20989 -0.00000 -8.43853 -0.20989 0.97773 0.00000 0.65242 0.00000 -0.00000 1.00000 0.00000
1564718978415483 0.97076 0.24006 -0.00000 -9.37683 -0.24006 0.97076 0.00000 0.87145 0.00000 -0.00000 1.00000 0.00000
1564718978665729 0.96366 0.26714 -0.00000 -10.34179 -0.26714 0.96366 0.00000 1.07132 0.00000 -0.00000 1.00000 0.00000
1564718978915990 0.95683 0.29064 -0.00000 -11.30437 -0.29064 0.95683 0.00000 1.31272 0.00000 -0.00000 1.00000 0.00000
1564718979166553 0.95082 0.30975 -0.00000 -12.35029 -0.30975 0.95082 0.00000 1.49000 0.00000 -0.00000 1.00000 0.00000
1564718979417842 0.94645 0.32285 -0.00000 -13.41721 -0.32285 0.94645 0.00000 1.65683 0.00000 -0.00000 1.00000 0.00000
1564718979668768 0.94432 0.32904 -0.00000 -14.56093 -0.32904 0.94432 0.00000 1.71714 0.00000 -0.00000 1.00000 0.00000
1564718979918879 0.94333 0.33186 -0.00000 -15.74253 -0.33186 0.94333 0.00000 1.73379 0.00000 -0.00000 1.00000 0.00000
1564718980169365 0.94333 0.33187 -0.00000 -16.95727 -0.33187 0.94333 0.00000 1.74306 0.00000 -0.00000 1.00000 0.00000
1564718980420800 0.94323 0.33214 -0.00000 -18.22133 -0.33214 0.94323 0.00000 1.72982 0.00000 -0.00000 1.00000 0.00000
1564718980670424 0.94409 0.32968 -0.00000 -19.51286 -0.32968 0.94409 0.00000 1.71119 0.00000 -0.00000 1.00000 0.00000
1564718980920502 0.94474 0.32783 -0.00000 -20.83948 -0.32783 0.94474 0.00000 1.66280 0.00000 -0.00000 1.00000 0.00000
1564718981170678 0.94508 0.32685 -0.00000 -22.20296 -0.32685 0.94508 0.00000 1.61000 0.00000 -0.00000 1.00000 0.00000
1564718981421350 0.94392 0.33019 -0.00000 -23.57515 -0.33019 0.94392 0.00000 1.67449 0.00000 -0.00000 1.00000 0.00000
1564718981671646 0.94157 0.33682 -0.00000 -24.98447 -0.33682 0.94157 0.00000 1.79701 0.00000 -0.00000 1.00000 0.00000
1564718981921895 0.93920 0.34338 -0.00000 -26.44177 -0.34338 0.93920 0.00000 1.92617 0.00000 -0.00000 1.00000 0.00000
1564718982172353 0.93750 0.34798 -0.00000 -27.92078 -0.34798 0.93750 0.00000 2.04973 0.00000 -0.00000 1.00000 0.00000
1564718982423172 0.93375 0.35794 -0.00000 -29.41289 -0.35794 0.93375 0.00000 2.28416 0.00000 -0.00000 1.00000 0.00000
1564718982674261 0.92828 0.37189 -0.00000 -30.95471 -0.37189 0.92828 0.00000 2.76317 0.00000 -0.00000 1.00000 0.00000
1564718982924224 0.92311 0.38454 -0.00000 -32.49605 -0.38454 0.92311 0.00000 3.12679 0.00000 -0.00000 1.00000 0.00000
1564718983174398 0.91631 0.40048 -0.00000 -34.08845 -0.40048 0.91631 0.00000 3.62526 0.00000 -0.00000 1.00000 0.00000
1564718983424771 0.90723 0.42063 -0.00000 -35.68736 -0.42063 0.90723 0.00000 4.34157 0.00000 -0.00000 1.00000 0.00000
1564718983675983 0.89598 0.44409 -0.00000 -37.28200 -0.44409 0.89598 0.00000 5.21473 0.00000 -0.00000 1.00000 0.00000
1564718983926542 0.88169 0.47184 -0.00000 -38.85921 -0.47184 0.88169 0.00000 6.31078 0.00000 -0.00000 1.00000 0.00000
1564718984175593 0.86789 0.49676 -0.00000 -40.49807 -0.49676 0.86789 0.00000 7.40742 0.00000 -0.00000 1.00000 0.00000
1564718984425904 0.85131 0.52466 -0.00000 -42.05560 -0.52466 0.85131 0.00000 8.69358 0.00000 -0.00000 1.00000 0.00000
1564718984676392 0.83485 0.55047 -0.00000 -43.64908 -0.55047 0.83485 0.00000 9.91349 0.00000 -0.00000 1.00000 0.00000
1564718984926656 0.81835 0.57472 -0.00000 -45.26606 -0.57472 0.81835 0.00000 11.14063 0.00000 -0.00000 1.00000 0.00000
1564718985177860 0.80189 0.59747 -0.00000 -46.89427 -0.59747 0.80189 0.00000 12.36534 0.00000 -0.00000 1.00000 0.00000
1564718985428174 0.79040 0.61260 -0.00000 -48.61329 -0.61260 0.79040 0.00000 13.19431 0.00000 -0.00000 1.00000 0.00000
1564718985678474 0.78147 0.62395 -0.00000 -50.36729 -0.62395 0.78147 0.00000 13.83797 0.00000 -0.00000 1.00000 0.00000
1564718985929491 0.77223 0.63534 -0.00000 -52.17205 -0.63534 0.77223 0.00000 14.55986 0.00000 -0.00000 1.00000 0.00000
1564718986178608 0.76458 0.64453 -0.00000 -54.01469 -0.64453 0.76458 0.00000 15.13425 0.00000 -0.00000 1.00000 0.00000
1564718986428674 0.75910 0.65097 -0.00000 -55.92967 -0.65097 0.75910 0.00000 15.59235 0.00000 -0.00000 1.00000 0.00000
1564718986679023 0.75438 0.65644 -0.00000 -57.89258 -0.65644 0.75438 0.00000 15.97754 0.00000 -0.00000 1.00000 0.00000
1564718986929175 0.75442 0.65639 -0.00000 -59.98715 -0.65639 0.75442 0.00000 15.96639 0.00000 -0.00000 1.00000 0.00000
1564718987179531 0.75561 0.65502 -0.00000 -62.06389 -0.65502 0.75561 0.00000 15.84066 0.00000 -0.00000 1.00000 0.00000
1564718987429648 0.75844 0.65174 -0.00000 -64.21736 -0.65174 0.75844 0.00000 15.55641 0.00000 -0.00000 1.00000 0.00000
1564718987680265 0.75955 0.65045 -0.00000 -66.28606 -0.65045 0.75955 0.00000 15.42163 0.00000 -0.00000 1.00000 0.00000
1564718987930777 0.76216 0.64738 -0.00000 -68.34807 -0.64738 0.76216 0.00000 15.10538 0.00000 -0.00000 1.00000 0.00000
1564718988180460 0.76823 0.64017 -0.00000 -70.47683 -0.64017 0.76823 0.00000 14.44890 0.00000 -0.00000 1.00000 0.00000
1564718988431390 0.77389 0.63332 -0.00000 -72.62914 -0.63332 0.77389 0.00000 13.84155 0.00000 -0.00000 1.00000 0.00000
1564718988680326 0.78157 0.62382 -0.00000 -74.80144 -0.62382 0.78157 0.00000 12.93242 0.00000 -0.00000 1.00000 0.00000
1564718988931150 0.79039 0.61261 -0.00000 -76.98124 -0.61261 0.79039 0.00000 11.82457 0.00000 -0.00000 1.00000 0.00000
1564718989180571 0.79958 0.60056 -0.00000 -79.18911 -0.60056 0.79958 0.00000 10.66019 0.00000 -0.00000 1.00000 0.00000
1564718989431513 0.80791 0.58930 -0.00000 -81.32010 -0.58930 0.80791 0.00000 9.53928 0.00000 -0.00000 1.00000 0.00000
1564718989681898 0.81766 0.57570 -0.00000 -83.53351 -0.57570 0.81766 0.00000 8.15689 0.00000 -0.00000 1.00000 0.00000
1564718989932423 0.82854 0.55993 -0.00000 -85.71967 -0.55993 0.82854 0.00000 6.59480 0.00000 -0.00000 1.00000 0.00000
1564718990182409 0.83939 0.54353 -0.00000 -87.84527 -0.54353 0.83939 0.00000 4.87912 0.00000 -0.00000 1.00000 0.00000
1564718990432558 0.85073 0.52560 -0.00000 -89.96228 -0.52560 0.85073 0.00000 2.99336 0.00000 -0.00000 1.00000 0.00000
1564718990682749 0.86233 0.50634 -0.00000 -92.00145 -0.50634 0.86233 0.00000 0.96325 0.00000 -0.00000 1.00000 0.00000
1564718990933330 0.87436 0.48527 -0.00000 -94.06223 -0.48527 0.87436 0.00000 -1.28523 0.00000 -0.00000 1.00000 0.00000
1564718991183637 0.88539 0.46485 -0.00000 -96.09075 -0.46485 0.88539 0.00000 -3.43584 0.00000 -0.00000 1.00000 0.00000
1564718991434059 0.89609 0.44387 -0.00000 -98.05476 -0.44387 0.89609 0.00000 -5.71312 0.00000 -0.00000 1.00000 0.00000
1564718991684437 0.90613 0.42300 -0.00000 -99.93734 -0.42300 0.90613 0.00000 -7.98213 0.00000 -0.00000 1.00000 0.00000
1564718991934725 0.91647 0.40009 -0.00000 -101.75580 -0.40009 0.91647 0.00000 -10.50489 0.00000 -0.00000 1.00000 0.00000
1564718992185213 0.92598 0.37757 -0.00000 -103.51794 -0.37757 0.92598 0.00000 -13.01316 0.00000 -0.00000 1.00000 0.00000
1564718992435208 0.93494 0.35481 -0.00000 -105.27150 -0.35481 0.93494 0.00000 -15.53460 0.00000 -0.00000 1.00000 0.00000
1564718992684601 0.94299 0.33283 -0.00000 -106.97387 -0.33283 0.94299 0.00000 -17.99769 0.00000 -0.00000 1.00000 0.00000
1564718992935097 0.94963 0.31337 -0.00000 -108.67342 -0.31337 0.94963 0.00000 -20.19614 0.00000 -0.00000 1.00000 0.00000
1564718993185284 0.95606 0.29317 -0.00000 -110.31135 -0.29317 0.95606 0.00000 -22.49387 0.00000 -0.00000 1.00000 0.00000
1564718993435400 0.96118 0.27591 -0.00000 -112.00773 -0.27591 0.96118 0.00000 -24.46850 0.00000 -0.00000 1.00000 0.00000
1564718993685763 0.96571 0.25961 -0.00000 -113.71862 -0.25961 0.96571 0.00000 -26.38485 0.00000 -0.00000 1.00000 0.00000
1564718993935835 0.96982 0.24383 -0.00000 -115.39149 -0.24383 0.96982 0.00000 -28.20376 0.00000 -0.00000 1.00000 0.00000
1564718994186303 0.97394 0.22679 -0.00000 -117.03516 -0.22679 0.97394 0.00000 -30.27922 0.00000 -0.00000 1.00000 0.00000
1564718994436138 0.97839 0.20679 -0.00000 -118.54096 -0.20679 0.97839 0.00000 -32.64143 0.00000 -0.00000 1.00000 0.00000
1564718994688191 0.98176 0.19013 -0.00000 -120.09346 -0.19013 0.98176 0.00000 -34.67329 0.00000 -0.00000 1.00000 0.00000
1564718994938898 0.98551 0.16963 -0.00000 -121.51471 -0.16963 0.98551 0.00000 -37.19817 0.00000 -0.00000 1.00000 0.00000
1564718995188289 0.98878 0.14939 -0.00000 -122.85863 -0.14939 0.98878 0.00000 -39.66744 0.00000 -0.00000 1.00000 0.00000
1564718995438662 0.99161 0.12928 -0.00000 -124.19919 -0.12928 0.99161 0.00000 -42.16415 0.00000 -0.00000 1.00000 0.00000
1564718995689352 0.99404 0.10900 -0.00000 -125.53924 -0.10900 0.99404 0.00000 -44.68487 0.00000 -0.00000 1.00000 0.00000
1564718995938679 0.99600 0.08933 -0.00000 -126.82930 -0.08933 0.99600 0.00000 -47.16001 0.00000 -0.00000 1.00000 0.00000
1564718996189084 0.99751 0.07055 -0.00000 -128.12600 -0.07055 0.99751 0.00000 -49.55864 0.00000 -0.00000 1.00000 0.00000
1564718996440221 0.99875 0.05005 -0.00000 -129.29969 -0.05005 0.99875 0.00000 -52.19020 0.00000 -0.00000 1.00000 0.00000
1564718996690742 0.99956 0.02952 -0.00000 -130.40986 -0.02952 0.99956 0.00000 -54.85239 0.00000 -0.00000 1.00000 0.00000
1564718996941499 0.99996 0.00919 -0.00000 -131.47339 -0.00919 0.99996 0.00000 -57.48511 0.00000 -0.00000 1.00000 0.00000
1564718997191494 0.99998 -0.00611 0.00000 -132.83153 0.00611 0.99998 -0.00000 -59.51398 -0.00000 0.00000 1.00000 0.00000
1564718997442117 0.99969 -0.02491 0.00000 -133.95556 0.02491 0.99969 -0.00000 -62.00840 -0.00000 0.00000 1.00000 0.00000
1564718997692585 0.99907 -0.04314 0.00000 -135.08728 0.04314 0.99907 -0.00000 -64.44429 -0.00000 0.00000 1.00000 0.00000
1564718997942988 0.99827 -0.05887 0.00000 -136.38348 0.05887 0.99827 -0.00000 -66.59754 -0.00000 0.00000 1.00000 0.00000
1564718998191904 0.99709 -0.07624 0.00000 -137.48570 0.07624 0.99709 -0.00000 -68.96301 -0.00000 0.00000 1.00000 0.00000
1564718998442780 0.99543 -0.09550 0.00000 -138.46146 0.09550 0.99543 -0.00000 -71.62891 -0.00000 0.00000 1.00000 0.00000
1564718998693162 0.99344 -0.11435 0.00000 -139.42846 0.11435 0.99344 -0.00000 -74.25356 -0.00000 0.00000 1.00000 0.00000
1564718998943101 0.99121 -0.13233 0.00000 -140.37876 0.13233 0.99121 -0.00000 -76.77310 -0.00000 0.00000 1.00000 0.00000
1564718999193840 0.98800 -0.15445 0.00000 -141.06473 0.15445 0.98800 -0.00000 -79.89355 -0.00000 0.00000 1.00000 0.00000
1564718999443854 0.98485 -0.17339 0.00000 -141.91374 0.17339 0.98485 -0.00000 -82.58031 -0.00000 0.00000 1.00000 0.00000
1564718999695371 0.98133 -0.19232 0.00000 -142.67781 0.19232 0.98133 -0.00000 -85.30106 -0.00000 0.00000 1.00000 0.00000
1564718999944884 0.97801 -0.20855 0.00000 -143.70248 0.20855 0.97801 -0.00000 -87.68513 -0.00000 0.00000 1.00000 0.00000
1564719000195599 0.97398 -0.22663 0.00000 -144.46710 0.22663 0.97398 -0.00000 -90.30617 -0.00000 0.00000 1.00000 0.00000
1564719000445958 0.96980 -0.24392 0.00000 -145.28719 0.24392 0.96980 -0.00000 -92.87912 -0.00000 0.00000 1.00000 0.00000
1564719000696512 0.96580 -0.25930 0.00000 -146.29181 0.25930 0.96580 -0.00000 -95.22798 -0.00000 0.00000 1.00000 0.00000
1564719000947006 0.96097 -0.27664 0.00000 -147.05784 0.27664 0.96097 -0.00000 -97.83462 -0.00000 0.00000 1.00000 0.00000
1564719001196448 0.95637 -0.29216 0.00000 -147.89212 0.29216 0.95637 -0.00000 -100.23524 -0.00000 0.00000 1.00000 0.00000
1564719001446824 0.95187 -0.30651 0.00000 -148.87591 0.30651 0.95187 -0.00000 -102.44709 -0.00000 0.00000 1.00000 0.00000
1564719001696884 0.94727 -0.32043 0.00000 -149.89073 0.32043 0.94727 -0.00000 -104.58982 -0.00000 0.00000 1.00000 0.00000
1564719001947351 0.94305 -0.33264 0.00000 -151.05884 0.33264 0.94305 -0.00000 -106.55118 -0.00000 0.00000 1.00000 0.00000
1564719002197261 0.93778 -0.34722 0.00000 -151.91196 0.34722 0.93778 -0.00000 -108.88255 -0.00000 0.00000 1.00000 0.00000
1564719002447812 0.93083 -0.36545 0.00000 -152.34290 0.36545 0.93083 -0.00000 -111.82424 -0.00000 0.00000 1.00000 0.00000
1564719002697694 0.92313 -0.38448 0.00000 -152.61010 0.38448 0.92313 -0.00000 -114.93507 -0.00000 0.00000 1.00000 0.00000
1564719002948409 0.91565 -0.40197 0.00000 -152.96171 0.40197 0.91565 -0.00000 -117.81747 -0.00000 0.00000 1.00000 0.00000
1564719003198863 0.90665 -0.42188 0.00000 -152.90234 0.42188 0.90665 -0.00000 -121.12303 -0.00000 0.00000 1.00000 0.00000
1564719003448808 0.89494 -0.44618 0.00000 -152.15163 0.44618 0.89494 -0.00000 -125.30721 -0.00000 0.00000 1.00000 0.00000
1564719003698874 0.88183 -0.47156 0.00000 -150.97528 0.47156 0.88183 -0.00000 -129.55274 -0.00000 0.00000 1.00000 0.00000
1564719003949267 0.86781 -0.49689 0.00000 -149.63090 0.49689 0.86781 -0.00000 -133.87956 -0.00000 0.00000 1.00000 0.00000
1564719004198695 0.85428 -0.51981 0.00000 -148.51351 0.51981 0.85428 -0.00000 -137.84996 -0.00000 0.00000 1.00000 0.00000
1564719004448739 0.83851 -0.54488 0.00000 -146.79613 0.54488 0.83851 -0.00000 -142.18316 -0.00000 0.00000 1.00000 0.00000
1564719004698732 0.82388 -0.56676 0.00000 -145.47717 0.56676 0.82388 -0.00000 -146.00154 -0.00000 0.00000 1.00000 0.00000
1564719004949478 0.80727 -0.59018 0.00000 -143.64790 0.59018 0.80727 -0.00000 -150.16183 -0.00000 0.00000 1.00000 0.00000
1564719005199968 0.78994 -0.61319 0.00000 -141.69944 0.61319 0.78994 -0.00000 -154.26471 -0.00000 0.00000 1.00000 0.00000
1564719005450483 0.77107 -0.63675 0.00000 -139.43074 0.63675 0.77107 -0.00000 -158.47475 -0.00000 0.00000 1.00000 0.00000
1564719005699955 0.75113 -0.66016 0.00000 -136.87730 0.66016 0.75113 -0.00000 -162.73971 -0.00000 0.00000 1.00000 0.00000
1564719005950440 0.73165 -0.68168 0.00000 -134.47730 0.68168 0.73165 -0.00000 -166.63372 -0.00000 0.00000 1.00000 0.00000
1564719006200566 0.71104 -0.70316 0.00000 -131.80138 0.70316 0.71104 -0.00000 -170.51340 -0.00000 0.00000 1.00000 0.00000
1564719006450693 0.69064 -0.72320 0.00000 -129.21250 0.72320 0.69064 -0.00000 -174.24055 -0.00000 0.00000 1.00000 0.00000
1564719006700620 0.67218 -0.74038 0.00000 -127.10373 0.74038 0.67218 -0.00000 -177.55252 -0.00000 0.00000 1.00000 0.00000
1564719006950662 0.65959 -0.75162 0.00000 -126.44885 0.75162 0.65959 -0.00000 -179.68430 -0.00000 0.00000 1.00000 0.00000
1564719007200239 0.65041 -0.75958 0.00000 -126.55658 0.75958 0.65041 -0.00000 -181.21116 -0.00000 0.00000 1.00000 0.00000
1564719007450133 0.64139 -0.76721 0.00000 -126.71931 0.76721 0.64139 -0.00000 -182.73414 -0.00000 0.00000 1.00000 0.00000
1564719007700305 0.63264 -0.77445 0.00000 -126.92730 0.77445 0.63264 -0.00000 -184.21994 -0.00000 0.00000 1.00000 0.00000
1564719007951403 0.62885 -0.77752 0.00000 -128.28144 0.77752 0.62885 -0.00000 -184.89211 -0.00000 0.00000 1.00000 0.00000
1564719008200715 0.63162 -0.77528 0.00000 -131.19429 0.77528 0.63162 -0.00000 -184.42467 -0.00000 0.00000 1.00000 0.00000
1564719008450855 0.63639 -0.77137 0.00000 -134.61312 0.77137 0.63639 -0.00000 -183.64690 -0.00000 0.00000 1.00000 0.00000
1564719008701308 0.64246 -0.76632 0.00000 -138.32068 0.76632 0.64246 -0.00000 -182.61704 -0.00000 0.00000 1.00000 0.00000
1564719008951448 0.64854 -0.76118 0.00000 -142.01055 0.76118 0.64854 -0.00000 -181.54490 -0.00000 0.00000 1.00000 0.00000
1564719009201017 0.66036 -0.75095 0.00000 -147.06013 0.75095 0.66036 -0.00000 -179.35645 -0.00000 0.00000 1.00000 0.00000
1564719009450245 0.67347 -0.73922 0.00000 -152.39963 0.73922 0.67347 -0.00000 -176.74832 -0.00000 0.00000 1.00000 0.00000
1564719009700899 0.68862 -0.72513 0.00000 -158.27084 0.72513 0.68862 -0.00000 -173.58245 -0.00000 0.00000 1.00000 0.00000
1564719009951521 0.70632 -0.70789 0.00000 -164.69218 0.70789 0.70632 -0.00000 -169.63739 -0.00000 0.00000 1.00000 0.00000
1564719010201706 0.72572 -0.68799 0.00000 -171.55975 0.68799 0.72572 -0.00000 -165.04159 -0.00000 0.00000 1.00000 0.00000
1564719010452274 0.74439 -0.66775 0.00000 -178.27349 0.66775 0.74439 -0.00000 -160.30367 -0.00000 0.00000 1.00000 0.00000
1564719010704335 0.76856 -0.63978 0.00000 -186.27222 0.63978 0.76856 -0.00000 -153.65010 -0.00000 0.00000 1.00000 0.00000
1564719010952658 0.79183 -0.61075 0.00000 -194.09039 0.61075 0.79183 -0.00000 -146.65714 -0.00000 0.00000 1.00000 0.00000
1564719011202749 0.81736 -0.57613 0.00000 -202.45623 0.57613 0.81736 -0.00000 -138.23063 -0.00000 0.00000 1.00000 0.00000
1564719011453711 0.84377 -0.53671 0.00000 -211.02545 0.53671 0.84377 -0.00000 -128.53687 -0.00000 0.00000 1.00000 0.00000
1564719011704808 0.86865 -0.49542 0.00000 -219.20035 0.49542 0.86865 -0.00000 -118.22643 -0.00000 0.00000 1.00000 0.00000
1564719011954429 0.89184 -0.45236 0.00000 -227.00244 0.45236 0.89184 -0.00000 -107.40138 -0.00000 0.00000 1.00000 0.00000
1564719012204716 0.91316 -0.40761 0.00000 -234.34874 0.40761 0.91316 -0.00000 -96.08034 -0.00000 0.00000 1.00000 0.00000
1564719012453800 0.93229 -0.36171 0.00000 -241.10046 0.36171 0.93229 -0.00000 -84.28868 -0.00000 0.00000 1.00000 0.00000
1564719012704300 0.94776 -0.31898 0.00000 -247.06090 0.31898 0.94776 -0.00000 -73.28310 -0.00000 0.00000 1.00000 0.00000
1564719012954770 0.95733 -0.28900 0.00000 -251.56997 0.28900 0.95733 -0.00000 -65.51888 -0.00000 0.00000 1.00000 0.00000
1564719013204215 0.96472 -0.26326 0.00000 -255.60289 0.26326 0.96472 -0.00000 -58.79566 -0.00000 0.00000 1.00000 0.00000
1564719013455314 0.97082 -0.23981 0.00000 -259.31273 0.23981 0.97082 -0.00000 -52.58346 -0.00000 0.00000 1.00000 0.00000
1564719013705146 0.97468 -0.22362 0.00000 -262.55645 0.22362 0.97468 -0.00000 -48.30722 -0.00000 0.00000 1.00000 0.00000
1564719013955674 0.97802 -0.20850 0.00000 -265.70614 0.20850 0.97802 -0.00000 -44.27259 -0.00000 0.00000 1.00000 0.00000
1564719014205984 0.98043 -0.19689 0.00000 -268.64545 0.19689 0.98043 -0.00000 -41.12886 -0.00000 0.00000 1.00000 0.00000
1564719014456331 0.98263 -0.18557 0.00000 -271.53213 0.18557 0.98263 -0.00000 -38.10969 -0.00000 0.00000 1.00000 0.00000
1564719014706497 0.98401 -0.17813 0.00000 -274.28907 0.17813 0.98401 -0.00000 -36.04590 -0.00000 0.00000 1.00000 0.00000
1564719014955948 0.98607 -0.16633 0.00000 -277.18885 0.16633 0.98607 -0.00000 -32.78687 -0.00000 0.00000 1.00000 0.00000
1564719015207763 0.98731 -0.15883 0.00000 -279.93602 0.15883 0.98731 -0.00000 -30.70042 -0.00000 0.00000 1.00000 0.00000
1564719015457314 0.98912 -0.14711 0.00000 -282.82425 0.14711 0.98912 -0.00000 -27.35300 -0.00000 0.00000 1.00000 0.00000
1564719015707564 0.99072 -0.13590 0.00000 -285.65474 0.13590 0.99072 -0.00000 -24.18170 -0.00000 0.00000 1.00000 0.00000
1564719015957977 0.99192 -0.12690 0.00000 -288.40772 0.12690 0.99192 -0.00000 -21.58739 -0.00000 0.00000 1.00000 0.00000
1564719016209018 0.99278 -0.11998 0.00000 -291.16704 0.11998 0.99278 -0.00000 -19.56779 -0.00000 0.00000 1.00000 0.00000
1564719016458920 0.99346 -0.11415 0.00000 -293.86169 0.11415 0.99346 -0.00000 -17.90041 -0.00000 0.00000 1.00000 0.00000
1564719016709758 0.99398 -0.10957 0.00000 -296.54365 0.10957 0.99398 -0.00000 -16.54197 -0.00000 0.00000 1.00000 0.00000
1564719016959710 0.99452 -0.10455 0.00000 -299.25993 0.10455 0.99452 -0.00000 -15.15627 -0.00000 0.00000 1.00000 0.00000
1564719017210173 0.99506 -0.09925 0.00000 -301.97850 0.09925 0.99506 -0.00000 -13.54365 -0.00000 0.00000 1.00000 0.00000
1564719017460621 0.99535 -0.09628 0.00000 -304.69927 0.09628 0.99535 -0.00000 -12.64399 -0.00000 0.00000 1.00000 0.00000
1564719017710763 0.99569 -0.09270 0.00000 -307.37200 0.09270 0.99569 -0.00000 -11.51636 -0.00000 0.00000 1.00000 0.00000
1564719017961254 0.99613 -0.08790 0.00000 -310.13288 0.08790 0.99613 -0.00000 -10.03775 -0.00000 0.00000 1.00000 0.00000
1564719018211691 0.99656 -0.08283 0.00000 -312.77571 0.08283 0.99656 -0.00000 -8.46982 -0.00000 0.00000 1.00000 0.00000
1564719018460863 0.99687 -0.07912 0.00000 -315.50403 0.07912 0.99687 -0.00000 -7.30241 -0.00000 0.00000 1.00000 0.00000
1564719018711620 0.99724 -0.07423 0.00000 -318.11504 0.07423 0.99724 -0.00000 -5.76907 -0.00000 0.00000 1.00000 0.00000
1564719018961623 0.99745 -0.07133 0.00000 -320.69864 0.07133 0.99745 -0.00000 -4.84601 -0.00000 0.00000 1.00000 0.00000
1564719019211362 0.99780 -0.06624 0.00000 -323.31366 0.06624 0.99780 -0.00000 -3.21839 -0.00000 0.00000 1.00000 0.00000
1564719019461513 0.99806 -0.06231 0.00000 -325.85511 0.06231 0.99806 -0.00000 -1.93876 -0.00000 0.00000 1.00000 0.00000
1564719019711745 0.99831 -0.05818 0.00000 -328.40363 0.05818 0.99831 -0.00000 -0.59855 -0.00000 0.00000 1.00000 0.00000
1564719019962042 0.99867 -0.05153 0.00000 -330.91330 0.05153 0.99867 -0.00000 1.55892 -0.00000 0.00000 1.00000 0.00000
1564719020212041 0.99873 -0.05034 0.00000 -333.41657 0.05034 0.99873 -0.00000 1.90882 -0.00000 0.00000 1.00000 0.00000
1564719020461846 0.99878 -0.04929 0.00000 -335.87135 0.04929 0.99878 -0.00000 2.25087 -0.00000 0.00000 1.00000 0.00000
1564719020711895 0.99879 -0.04925 0.00000 -338.35646 0.04925 0.99879 -0.00000 2.21711 -0.00000 0.00000 1.00000 0.00000
1564719020962530 0.99887 -0.04762 0.00000 -340.82887 0.04762 0.99887 -0.00000 2.76914 -0.00000 0.00000 1.00000 0.00000
1564719021212816 0.99859 -0.05311 0.00000 -343.31835 0.05311 0.99859 -0.00000 0.85862 -0.00000 0.00000 1.00000 0.00000
1564719021463031 0.99833 -0.05777 0.00000 -345.80697 0.05777 0.99833 -0.00000 -0.77243 -0.00000 0.00000 1.00000 0.00000
1564719021713168 0.99751 -0.07047 0.00000 -348.19104 0.07047 0.99751 -0.00000 -5.19476 -0.00000 0.00000 1.00000 0.00000
1564719021962858 0.99704 -0.07684 0.00000 -350.64999 0.07684 0.99704 -0.00000 -7.38908 -0.00000 0.00000 1.00000 0.00000
1564719022213047 0.99634 -0.08550 0.00000 -353.00918 0.08550 0.99634 -0.00000 -10.42098 -0.00000 0.00000 1.00000 0.00000
1564719022463359 0.99632 -0.08572 0.00000 -355.48002 0.08572 0.99632 -0.00000 -10.57679 -0.00000 0.00000 1.00000 0.00000
1564719022713755 0.99599 -0.08946 0.00000 -357.90071 0.08946 0.99599 -0.00000 -11.90534 -0.00000 0.00000 1.00000 0.00000
1564719022963754 0.99595 -0.08991 0.00000 -360.35213 0.08991 0.99595 -0.00000 -12.08802 -0.00000 0.00000 1.00000 0.00000
1564719023213906 0.99619 -0.08724 0.00000 -362.84853 0.08724 0.99619 -0.00000 -11.10817 -0.00000 0.00000 1.00000 0.00000
1564719023463820 0.99657 -0.08280 0.00000 -365.38616 0.08280 0.99657 -0.00000 -9.48690 -0.00000 0.00000 1.00000 0.00000
1564719023713833 0.99693 -0.07827 0.00000 -367.83921 0.07827 0.99693 -0.00000 -7.89337 -0.00000 0.00000 1.00000 0.00000
1564719023963875 0.99695 -0.07803 0.00000 -370.30571 0.07803 0.99695 -0.00000 -7.75751 -0.00000 0.00000 1.00000 0.00000
1564719024214331 0.99687 -0.07909 0.00000 -372.68187 0.07909 0.99687 -0.00000 -8.21563 -0.00000 0.00000 1.00000 0.00000
1564719024464227 0.99680 -0.07995 0.00000 -375.06119 0.07995 0.99680 -0.00000 -8.46747 -0.00000 0.00000 1.00000 0.00000
1564719024714345 0.99668 -0.08145 0.00000 -377.41100 0.08145 0.99668 -0.00000 -9.15174 -0.00000 0.00000 1.00000 0.00000
1564719024964609 0.99669 -0.08131 0.00000 -379.77243 0.08131 0.99669 -0.00000 -9.03265 -0.00000 0.00000 1.00000 0.00000
1564719025214673 0.99673 -0.08082 0.00000 -382.15482 0.08082 0.99673 -0.00000 -8.94849 -0.00000 0.00000 1.00000 0.00000
1564719025464627 0.99698 -0.07762 0.00000 -384.45097 0.07762 0.99698 -0.00000 -7.79876 -0.00000 0.00000 1.00000 0.00000
1564719025714939 0.99704 -0.07692 0.00000 -386.68488 0.07692 0.99704 -0.00000 -7.55779 -0.00000 0.00000 1.00000 0.00000
1564719025964984 0.99719 -0.07495 0.00000 -388.81809 0.07495 0.99719 -0.00000 -6.77296 -0.00000 0.00000 1.00000 0.00000
1564719026215276 0.99718 -0.07498 0.00000 -390.91986 0.07498 0.99718 -0.00000 -6.81261 -0.00000 0.00000 1.00000 0.00000
1564719026465560 0.99739 -0.07223 0.00000 -392.89488 0.07223 0.99739 -0.00000 -5.72903 -0.00000 0.00000 1.00000 0.00000
1564719026715436 0.99752 -0.07039 0.00000 -394.86659 0.07039 0.99752 -0.00000 -4.99428 -0.00000 0.00000 1.00000 0.00000
1564719026965553 0.99743 -0.07168 0.00000 -396.73282 0.07168 0.99743 -0.00000 -5.54941 -0.00000 0.00000 1.00000 0.00000
1564719027215439 0.99762 -0.06900 0.00000 -398.60805 0.06900 0.99762 -0.00000 -4.50873 -0.00000 0.00000 1.00000 0.00000
1564719027465133 0.99749 -0.07076 0.00000 -400.30936 0.07076 0.99749 -0.00000 -5.14904 -0.00000 0.00000 1.00000 0.00000
1564719027715516 0.99746 -0.07116 0.00000 -401.98171 0.07116 0.99746 -0.00000 -5.32496 -0.00000 0.00000 1.00000 0.00000
1564719027965866 0.99657 -0.08276 0.00000 -403.51773 0.08276 0.99657 -0.00000 -10.02297 -0.00000 0.00000 1.00000 0.00000
1564719028216101 0.99524 -0.09747 0.00000 -404.85026 0.09747 0.99524 -0.00000 -15.97491 -0.00000 0.00000 1.00000 0.00000
1564719028465986 0.99165 -0.12899 0.00000 -405.61492 0.12899 0.99165 -0.00000 -28.78967 -0.00000 0.00000 1.00000 0.00000
1564719028716187 0.98445 -0.17565 0.00000 -405.18213 0.17565 0.98445 -0.00000 -47.85477 -0.00000 0.00000 1.00000 0.00000
1564719028965881 0.97382 -0.22732 0.00000 -403.31572 0.22732 0.97382 -0.00000 -69.10085 -0.00000 0.00000 1.00000 0.00000
1564719029216335 0.95744 -0.28864 0.00000 -399.38769 0.28864 0.95744 -0.00000 -94.50280 -0.00000 0.00000 1.00000 0.00000
1564719029466311 0.93538 -0.35364 0.00000 -393.12117 0.35364 0.93538 -0.00000 -121.62847 -0.00000 0.00000 1.00000 0.00000
1564719029716026 0.90547 -0.42440 0.00000 -383.78087 0.42440 0.90547 -0.00000 -151.39781 -0.00000 0.00000 1.00000 0.00000
1564719029965442 0.86858 -0.49556 0.00000 -371.54828 0.49556 0.86858 -0.00000 -181.59331 -0.00000 0.00000 1.00000 0.00000
1564719030216491 0.82212 -0.56932 0.00000 -355.43584 0.56932 0.82212 -0.00000 -213.14503 -0.00000 0.00000 1.00000 0.00000
1564719030466893 0.76683 -0.64185 0.00000 -335.62378 0.64185 0.76683 -0.00000 -244.55945 -0.00000 0.00000 1.00000 0.00000
1564719030717153 0.71038 -0.70382 0.00000 -315.04972 0.70382 0.71038 -0.00000 -271.70584 -0.00000 0.00000 1.00000 0.00000
1564719030967519 0.65115 -0.75895 0.00000 -293.16948 0.75895 0.65115 -0.00000 -296.23741 -0.00000 0.00000 1.00000 0.00000
1564719031217844 0.58982 -0.80753 0.00000 -270.21461 0.80753 0.58982 -0.00000 -318.15807 -0.00000 0.00000 1.00000 0.00000
1564719031468078 0.53309 -0.84606 0.00000 -248.89504 0.84606 0.53309 -0.00000 -335.86704 -0.00000 0.00000 1.00000 0.00000
1564719031718079 0.47813 -0.87829 0.00000 -228.16174 0.87829 0.47813 -0.00000 -351.04127 -0.00000 0.00000 1.00000 0.00000
1564719031968496 0.42501 -0.90519 0.00000 -208.05797 0.90519 0.42501 -0.00000 -363.94266 -0.00000 0.00000 1.00000 0.00000
1564719032218616 0.37131 -0.92851 0.00000 -187.56141 0.92851 0.37131 -0.00000 -375.38587 -0.00000 0.00000 1.00000 0.00000
1564719032468650 0.33035 -0.94386 0.00000 -172.17105 0.94386 0.33035 -0.00000 -383.24919 -0.00000 0.00000 1.00000 0.00000
1564719032718435 0.28973 -0.95711 0.00000 -156.90753 0.95711 0.28973 -0.00000 -390.23994 -0.00000 0.00000 1.00000 0.00000
1564719032968938 0.24316 -0.96999 0.00000 -139.20679 0.96999 0.24316 -0.00000 -397.32718 -0.00000 0.00000 1.00000 0.00000
1564719033219151 0.19821 -0.98016 0.00000 -122.10583 0.98016 0.19821 -0.00000 -403.28426 -0.00000 0.00000 1.00000 0.00000
1564719033469291 0.15055 -0.98860 0.00000 -103.87894 0.98860 0.15055 -0.00000 -408.69235 -0.00000 0.00000 1.00000 0.00000
1564719033719044 0.09994 -0.99499 0.00000 -84.36414 0.99499 0.09994 -0.00000 -413.44645 -0.00000 0.00000 1.00000 0.00000
1564719033968820 0.05315 -0.99859 0.00000 -66.35027 0.99859 0.05315 -0.00000 -416.93275 -0.00000 0.00000 1.00000 0.00000
1564719034218744 0.01347 -0.99991 0.00000 -51.33710 0.99991 0.01347 -0.00000 -419.22003 -0.00000 0.00000 1.00000 0.00000
1564719034469335 -0.02048 -0.99979 0.00000 -38.67693 0.99979 -0.02048 0.00000 -420.69319 0.00000 0.00000 1.00000 0.00000
1564719034720049 -0.05101 -0.99870 0.00000 -27.48062 0.99870 -0.05101 0.00000 -421.66157 0.00000 0.00000 1.00000 0.00000
1564719034970019 -0.07543 -0.99715 0.00000 -18.88816 0.99715 -0.07543 0.00000 -422.20957 0.00000 0.00000 1.00000 0.00000
1564719035219589 -0.09598 -0.99538 0.00000 -11.92880 0.99538 -0.09598 0.00000 -422.49006 0.00000 0.00000 1.00000 0.00000
1564719035470293 -0.10975 -0.99396 0.00000 -7.91262 0.99396 -0.10975 0.00000 -422.62647 0.00000 0.00000 1.00000 0.00000
1564719035720924 -0.12168 -0.99257 0.00000 -4.72386 0.99257 -0.12168 0.00000 -422.70846 0.00000 0.00000 1.00000 0.00000
1564719035970342 -0.12456 -0.99221 0.00000 -5.44286 0.99221 -0.12456 0.00000 -422.76121 0.00000 0.00000 1.00000 0.00000
1564719036220514 -0.12280 -0.99243 0.00000 -8.18384 0.99243 -0.12280 0.00000 -422.68966 0.00000 0.00000 1.00000 0.00000
1564719036471097 -0.12404 -0.99228 0.00000 -9.71075 0.99228 -0.12404 0.00000 -422.76433 0.00000 0.00000 1.00000 0.00000
1564719036721010 -0.12216 -0.99251 0.00000 -12.61964 0.99251 -0.12216 0.00000 -422.72504 0.00000 0.00000 1.00000 0.00000
1564719036971009 -0.12089 -0.99267 0.00000 -15.30778 0.99267 -0.12089 0.00000 -422.73653 0.00000 0.00000 1.00000 0.00000
1564719037221058 -0.11928 -0.99286 0.00000 -18.23043 0.99286 -0.11928 0.00000 -422.70134 0.00000 0.00000 1.00000 0.00000
1564719037471194 -0.11948 -0.99284 0.00000 -20.37695 0.99284 -0.11948 0.00000 -422.74534 0.00000 0.00000 1.00000 0.00000
1564719037722073 -0.12089 -0.99267 0.00000 -22.11705 0.99267 -0.12089 0.00000 -422.76134 0.00000 0.00000 1.00000 0.00000
1564719037971186 -0.12128 -0.99262 0.00000 -24.29386 0.99262 -0.12128 0.00000 -422.78184 0.00000 0.00000 1.00000 0.00000
1564719038221261 -0.12556 -0.99209 0.00000 -24.86339 0.99209 -0.12556 0.00000 -422.87191 0.00000 0.00000 1.00000 0.00000
1564719038471381 -0.12791 -0.99179 0.00000 -26.26626 0.99179 -0.12791 0.00000 -422.91404 0.00000 0.00000 1.00000 0.00000
1564719038721169 -0.12614 -0.99201 0.00000 -29.39069 0.99201 -0.12614 0.00000 -422.93075 0.00000 0.00000 1.00000 0.00000
1564719038971509 -0.12346 -0.99235 0.00000 -32.92875 0.99235 -0.12346 0.00000 -422.84162 0.00000 0.00000 1.00000 0.00000
1564719039221254 -0.12184 -0.99255 0.00000 -36.04945 0.99255 -0.12184 0.00000 -422.74430 0.00000 0.00000 1.00000 0.00000
1564719039471317 -0.12136 -0.99261 0.00000 -38.74040 0.99261 -0.12136 0.00000 -422.80034 0.00000 0.00000 1.00000 0.00000
1564719039721591 -0.11947 -0.99284 0.00000 -42.02029 0.99284 -0.11947 0.00000 -422.74936 0.00000 0.00000 1.00000 0.00000
1564719039971551 -0.11903 -0.99289 0.00000 -44.75643 0.99289 -0.11903 0.00000 -422.73865 0.00000 0.00000 1.00000 0.00000
1564719040222150 -0.12003 -0.99277 0.00000 -46.87637 0.99277 -0.12003 0.00000 -422.80610 0.00000 0.00000 1.00000 0.00000
1564719040472247 -0.11978 -0.99280 0.00000 -49.58780 0.99280 -0.11978 0.00000 -422.78886 0.00000 0.00000 1.00000 0.00000
1564719040722561 -0.12190 -0.99254 0.00000 -51.31859 0.99254 -0.12190 0.00000 -422.93718 0.00000 0.00000 1.00000 0.00000
1564719040972392 -0.12509 -0.99215 0.00000 -52.59977 0.99215 -0.12509 0.00000 -423.13995 0.00000 0.00000 1.00000 0.00000
1564719041223009 -0.12829 -0.99174 0.00000 -53.93504 0.99174 -0.12829 0.00000 -423.33204 0.00000 0.00000 1.00000 0.00000
1564719041472802 -0.13302 -0.99111 0.00000 -54.61810 0.99111 -0.13302 0.00000 -423.64921 0.00000 0.00000 1.00000 0.00000
1564719041723744 -0.13720 -0.99054 0.00000 -55.58488 0.99054 -0.13720 0.00000 -423.82426 0.00000 0.00000 1.00000 0.00000
1564719041973892 -0.14058 -0.99007 0.00000 -56.95174 0.99007 -0.14058 0.00000 -424.04888 0.00000 0.00000 1.00000 0.00000
1564719042223165 -0.14923 -0.98880 0.00000 -56.02775 0.98880 -0.14923 0.00000 -424.56345 0.00000 0.00000 1.00000 0.00000
1564719042473412 -0.15476 -0.98795 0.00000 -56.50119 0.98795 -0.15476 0.00000 -424.83941 0.00000 0.00000 1.00000 0.00000
1564719042723529 -0.16314 -0.98660 0.00000 -55.75824 0.98660 -0.16314 0.00000 -425.31519 0.00000 0.00000 1.00000 0.00000
1564719042973797 -0.17498 -0.98457 0.00000 -53.56135 0.98457 -0.17498 0.00000 -425.98734 0.00000 0.00000 1.00000 0.00000
1564719043223157 -0.18518 -0.98270 0.00000 -52.06649 0.98270 -0.18518 0.00000 -426.58808 0.00000 0.00000 1.00000 0.00000
1564719043473468 -0.19661 -0.98048 0.00000 -50.02694 0.98048 -0.19661 0.00000 -427.16010 0.00000 0.00000 1.00000 0.00000
1564719043724019 -0.20676 -0.97839 0.00000 -48.57856 0.97839 -0.20676 0.00000 -427.71499 0.00000 0.00000 1.00000 0.00000
1564719043976133 -0.21874 -0.97578 0.00000 -46.33346 0.97578 -0.21874 0.00000 -428.26993 0.00000 0.00000 1.00000 0.00000
1564719044223823 -0.23133 -0.97288 0.00000 -43.81537 0.97288 -0.23133 0.00000 -428.91787 0.00000 0.00000 1.00000 0.00000
1564719044473937 -0.24589 -0.96930 0.00000 -40.42044 0.96930 -0.24589 0.00000 -429.59422 0.00000 0.00000 1.00000 0.00000
1564719044723610 -0.25926 -0.96581 0.00000 -37.53063 0.96581 -0.25926 0.00000 -430.10875 0.00000 0.00000 1.00000 0.00000
1564719044973336 -0.27481 -0.96150 0.00000 -33.68832 0.96150 -0.27481 0.00000 -430.67799 0.00000 0.00000 1.00000 0.00000
1564719045223091 -0.29075 -0.95680 0.00000 -29.58941 0.95680 -0.29075 0.00000 -431.25992 0.00000 0.00000 1.00000 0.00000
1564719045473107 -0.31067 -0.95052 0.00000 -23.68683 0.95052 -0.31067 0.00000 -431.83510 0.00000 0.00000 1.00000 0.00000
1564719045723781 -0.33059 -0.94377 0.00000 -17.74410 0.94377 -0.33059 0.00000 -432.24944 0.00000 0.00000 1.00000 0.00000
1564719045973362 -0.34678 -0.93794 0.00000 -13.45177 0.93794 -0.34678 0.00000 -432.60614 0.00000 0.00000 1.00000 0.00000
1564719046223614 -0.36175 -0.93227 0.00000 -9.70966 0.93227 -0.36175 0.00000 -432.82261 0.00000 0.00000 1.00000 0.00000
1564719046473905 -0.37677 -0.92631 0.00000 -5.90805 0.92631 -0.37677 0.00000 -432.94670 0.00000 0.00000 1.00000 0.00000
1564719046723814 -0.38405 -0.92331 0.00000 -5.69878 0.92331 -0.38405 0.00000 -433.06839 0.00000 0.00000 1.00000 0.00000
1564719046973942 -0.39741 -0.91764 0.00000 -2.62066 0.91764 -0.39741 0.00000 -433.19000 0.00000 0.00000 1.00000 0.00000
1564719047223739 -0.40929 -0.91240 0.00000 -0.21437 0.91240 -0.40929 0.00000 -433.20632 0.00000 0.00000 1.00000 0.00000
1564719047474529 -0.42146 -0.90685 0.00000 2.32084 0.90685 -0.42146 0.00000 -433.21511 0.00000 0.00000 1.00000 0.00000
1564719047724427 -0.43122 -0.90225 0.00000 3.77360 0.90225 -0.43122 0.00000 -433.23323 0.00000 0.00000 1.00000 0.00000
1564719047974199 -0.44358 -0.89623 0.00000 6.43261 0.89623 -0.44358 0.00000 -433.13275 0.00000 0.00000 1.00000 0.00000
1564719048224261 -0.45404 -0.89098 0.00000 8.27363 0.89098 -0.45404 0.00000 -433.08245 0.00000 0.00000 1.00000 0.00000
1564719048474825 -0.46499 -0.88531 0.00000 10.31738 0.88531 -0.46499 0.00000 -432.90553 0.00000 0.00000 1.00000 0.00000
1564719048724790 -0.47543 -0.87975 0.00000 12.13234 0.87975 -0.47543 0.00000 -432.86405 0.00000 0.00000 1.00000 0.00000
1564719048974998 -0.49122 -0.87104 0.00000 16.64292 0.87104 -0.49122 0.00000 -432.58003 0.00000 0.00000 1.00000 0.00000
1564719049225278 -0.50262 -0.86451 0.00000 18.97724 0.86451 -0.50262 0.00000 -432.37341 0.00000 0.00000 1.00000 0.00000
1564719049475311 -0.50895 -0.86079 0.00000 18.85617 0.86079 -0.50895 0.00000 -432.29146 0.00000 0.00000 1.00000 0.00000
1564719049725138 -0.51538 -0.85696 0.00000 18.83713 0.85696 -0.51538 0.00000 -432.14583 0.00000 0.00000 1.00000 0.00000
1564719049976394 -0.51504 -0.85717 0.00000 15.39662 0.85717 -0.51504 0.00000 -432.26398 0.00000 0.00000 1.00000 0.00000
1564719050224893 -0.51508 -0.85714 0.00000 12.22255 0.85714 -0.51508 0.00000 -432.25506 0.00000 0.00000 1.00000 0.00000
1564719050474928 -0.51199 -0.85899 0.00000 7.42376 0.85899 -0.51199 0.00000 -432.35498 0.00000 0.00000 1.00000 0.00000
1564719050724652 -0.50921 -0.86064 0.00000 2.77930 0.86064 -0.50921 0.00000 -432.48227 0.00000 0.00000 1.00000 0.00000
1564719050974480 -0.51017 -0.86007 0.00000 0.11283 0.86007 -0.51017 0.00000 -432.44275 0.00000 0.00000 1.00000 0.00000
1564719051224409 -0.51053 -0.85986 0.00000 -2.88528 0.85986 -0.51053 0.00000 -432.48006 0.00000 0.00000 1.00000 0.00000
1564719051474577 -0.50998 -0.86019 0.00000 -6.31861 0.86019 -0.50998 0.00000 -432.44384 0.00000 0.00000 1.00000 0.00000
1564719051724565 -0.51010 -0.86011 0.00000 -9.42428 0.86011 -0.51010 0.00000 -432.44997 0.00000 0.00000 1.00000 0.00000
1564719051974990 -0.51065 -0.85979 0.00000 -12.26648 0.85979 -0.51065 0.00000 -432.43683 0.00000 0.00000 1.00000 0.00000
1564719052224948 -0.51132 -0.85939 0.00000 -15.03969 0.85939 -0.51132 0.00000 -432.55015 0.00000 0.00000 1.00000 0.00000
1564719052475318 -0.51380 -0.85791 0.00000 -16.89424 0.85791 -0.51380 0.00000 -432.55925 0.00000 0.00000 1.00000 0.00000
1564719052725208 -0.51458 -0.85744 0.00000 -19.58025 0.85744 -0.51458 0.00000 -432.56335 0.00000 0.00000 1.00000 0.00000
1564719052974913 -0.51616 -0.85649 0.00000 -21.85063 0.85649 -0.51616 0.00000 -432.70363 0.00000 0.00000 1.00000 0.00000
1564719053227306 -0.51737 -0.85576 0.00000 -24.31259 0.85576 -0.51737 0.00000 -432.74936 0.00000 0.00000 1.00000 0.00000
1564719053476835 -0.51801 -0.85538 0.00000 -27.01899 0.85538 -0.51801 0.00000 -432.74773 0.00000 0.00000 1.00000 0.00000
1564719053728886 -0.52333 -0.85213 0.00000 -27.34943 0.85213 -0.52333 0.00000 -432.94451 0.00000 0.00000 1.00000 0.00000
1564719053976661 -0.52541 -0.85085 0.00000 -29.30561 0.85085 -0.52541 0.00000 -432.98625 0.00000 0.00000 1.00000 0.00000
1564719054226472 -0.52831 -0.84905 0.00000 -30.86909 0.84905 -0.52831 0.00000 -433.17093 0.00000 0.00000 1.00000 0.00000
1564719054476670 -0.53220 -0.84662 0.00000 -31.86471 0.84662 -0.53220 0.00000 -433.31077 0.00000 0.00000 1.00000 0.00000
1564719054727490 -0.53546 -0.84456 0.00000 -33.17134 0.84456 -0.53546 0.00000 -433.44977 0.00000 0.00000 1.00000 0.00000
1564719054977946 -0.54115 -0.84092 0.00000 -33.25437 0.84092 -0.54115 0.00000 -433.67449 0.00000 0.00000 1.00000 0.00000
1564719055228208 -0.54787 -0.83657 0.00000 -32.79834 0.83657 -0.54787 0.00000 -433.97158 0.00000 0.00000 1.00000 0.00000
1564719055478045 -0.55305 -0.83315 0.00000 -33.09189 0.83315 -0.55305 0.00000 -434.11299 0.00000 0.00000 1.00000 0.00000
1564719055727260 -0.55979 -0.82864 0.00000 -32.56734 0.82864 -0.55979 0.00000 -434.40683 0.00000 0.00000 1.00000 0.00000
1564719055977614 -0.56480 -0.82523 0.00000 -32.93584 0.82523 -0.56480 0.00000 -434.56279 0.00000 0.00000 1.00000 0.00000
1564719056227725 -0.57367 -0.81908 0.00000 -31.22277 0.81908 -0.57367 0.00000 -434.99318 0.00000 0.00000 1.00000 0.00000
1564719056477542 -0.58275 -0.81265 0.00000 -29.39456 0.81265 -0.58275 0.00000 -435.31119 0.00000 0.00000 1.00000 0.00000
1564719056726953 -0.59071 -0.80689 0.00000 -28.11425 0.80689 -0.59071 0.00000 -435.60131 0.00000 0.00000 1.00000 0.00000
1564719056976181 -0.59888 -0.80084 0.00000 -26.66118 0.80084 -0.59888 0.00000 -435.83988 0.00000 0.00000 1.00000 0.00000
1564719057226842 -0.60771 -0.79416 0.00000 -24.81225 0.79416 -0.60771 0.00000 -436.17299 0.00000 0.00000 1.00000 0.00000
1564719057477803 -0.61312 -0.78999 0.00000 -24.86813 0.78999 -0.61312 0.00000 -436.41882 0.00000 0.00000 1.00000 0.00000
1564719057727384 -0.62295 -0.78227 0.00000 -22.43970 0.78227 -0.62295 0.00000 -436.81447 0.00000 0.00000 1.00000 0.00000
1564719057977368 -0.63071 -0.77602 0.00000 -21.04507 0.77602 -0.63071 0.00000 -437.02074 0.00000 0.00000 1.00000 0.00000
1564719058227362 -0.63585 -0.77182 0.00000 -21.15867 0.77182 -0.63585 0.00000 -437.16991 0.00000 0.00000 1.00000 0.00000
1564719058477223 -0.64328 -0.76564 0.00000 -19.97141 0.76564 -0.64328 0.00000 -437.42550 0.00000 0.00000 1.00000 0.00000
1564719058727111 -0.64764 -0.76195 0.00000 -20.47170 0.76195 -0.64764 0.00000 -437.61320 0.00000 0.00000 1.00000 0.00000
1564719058976991 -0.64960 -0.76028 0.00000 -22.32811 0.76028 -0.64960 0.00000 -437.71434 0.00000 0.00000 1.00000 0.00000
1564719059227814 -0.65218 -0.75807 0.00000 -23.85093 0.75807 -0.65218 0.00000 -437.83830 0.00000 0.00000 1.00000 0.00000
1564719059477374 -0.65366 -0.75679 0.00000 -25.99334 0.75679 -0.65366 0.00000 -437.92888 0.00000 0.00000 1.00000 0.00000
1564719059727903 -0.65642 -0.75440 0.00000 -27.43411 0.75440 -0.65642 0.00000 -438.06329 0.00000 0.00000 1.00000 0.00000
1564719059978041 -0.65869 -0.75242 0.00000 -29.10590 0.75242 -0.65869 0.00000 -438.21803 0.00000 0.00000 1.00000 0.00000
1564719060228565 -0.66029 -0.75101 0.00000 -31.12921 0.75101 -0.66029 0.00000 -438.27855 0.00000 0.00000 1.00000 0.00000
