1. 0. 0. 0. 0. -1. -0. 0. 0. 0. -1. 0.
1. -0.001 -0. -0.009 -0.001 -1. -0. -0.035 0. 0. -1. 0.
1. 0.002 0. -0.014 0.002 -1. -0. -0.015 0. 0. -1. 0.
1. 0.000 0. -0.002 0.000 -1. -0. 0.012 0. 0. -1. 0.
1. -0.002 -0. -0.005 -0.002 -1. -0. -0.009 0. 0. -1. 0.
1. -0.003 -0. 0.010 -0.003 -1. -0. 0.043 0. 0. -1. 0.
1. -0.001 -0. -0.005 -0.001 -1. -0. -0.037 0. 0. -1. 0.
1. -0.005 -0. -0.009 -0.005 -1. -0. -0.010 0. 0. -1. 0.
1. -0.005 -0. -0.012 -0.005 -1. -0. -0.011 0. 0. -1. 0.
1. -0.004 -0. 0.003 -0.004 -1. -0. -0.004 0. 0. -1. 0.
1. -0.007 -0. -0.003 -0.007 -1. -0. 0.002 0. 0. -1. 0.
1. -0.001 -0. -0.003 -0.001 -1. -0. 0.006 0. 0. -1. 0.
1. 0. 0. -0.030 0. -1. -0. -0.052 0. 0. -1. 0.
1. -0.003 -0. 0.002 -0.003 -1. -0. 0.007 0. 0. -1. 0.
1. 0.000 0. -0.012 0.000 -1. -0. -0.043 0. 0. -1. 0.
1. -0.008 -0. -0.017 -0.008 -1. -0. -0.021 0. 0. -1. 0.
1. -0.004 -0. -0.008 -0.004 -1. -0. -0.023 0. 0. -1. 0.
1. -0.001 -0. -0.004 -0.001 -1. -0. -0.011 0. 0. -1. 0.
1. 0.002 0. -0.013 0.002 -1. -0. -0.025 0. 0. -1. 0.
1. 0.003 0. -0.016 0.003 -1. -0. -0.024 0. 0. -1. 0.
1. -0.001 -0. 0.021 -0.001 -1. -0. 0.007 0. 0. -1. 0.
1. -0.007 -0. 0.037 -0.007 -1. -0. 0.031 0. 0. -1. 0.
1. -0.003 -0. 0.074 -0.003 -1. -0. -0.023 0. 0. -1. 0.
1. 0.001 0. 0.146 0.001 -1. -0. -0.038 0. 0. -1. 0.
1. -0.006 -0. 0.246 -0.006 -1. -0. 0.007 0. 0. -1. 0.
1. -0.008 -0. 0.361 -0.008 -1. -0. 0.035 0. 0. -1. 0.
1. -0.014 -0. 0.632 -0.014 -1. -0. 0.040 0. 0. -1. 0.
1. -0.013 -0. 0.957 -0.013 -1. -0. -0.024 0. 0. -1. 0.
1.000 -0.021 -0. 1.368 -0.021 -1.000 -0. 0.102 0. 0. -1. 0.
0.999 -0.032 -0. 1.864 -0.032 -0.999 -0. 0.013 0. 0. -1. 0.
0.999 -0.050 -0. 2.406 -0.050 -0.999 -0. -0.032 0. 0. -1. 0.
0.998 -0.067 -0. 3.057 -0.067 -0.998 -0. -0.155 0. 0. -1. 0.
0.996 -0.088 -0. 3.751 -0.088 -0.996 -0. -0.262 0. 0. -1. 0.
0.994 -0.108 -0. 4.450 -0.108 -0.994 -0. -0.352 0. 0. -1. 0.
0.993 -0.114 -0. 5.263 -0.114 -0.993 -0. -0.477 0. 0. -1. 0.
0.993 -0.121 -0. 6.106 -0.121 -0.993 -0. -0.488 0. 0. -1. 0.
0.992 -0.126 -0. 7.077 -0.126 -0.992 -0. -0.625 0. 0. -1. 0.
0.992 -0.124 -0. 7.974 -0.124 -0.992 -0. -0.808 0. 0. -1. 0.
0.993 -0.121 -0. 8.996 -0.121 -0.993 -0. -0.863 0. 0. -1. 0.
0.994 -0.111 -0. 9.946 -0.111 -0.994 -0. -1.040 0. 0. -1. 0.
0.995 -0.100 -0. 11.029 -0.100 -0.995 -0. -1.134 0. 0. -1. 0.
0.996 -0.094 -0. 12.157 -0.094 -0.996 -0. -1.211 0. 0. -1. 0.
0.997 -0.077 -0. 13.315 -0.077 -0.997 -0. -1.420 0. 0. -1. 0.
0.998 -0.068 -0. 14.499 -0.068 -0.998 -0. -1.430 0. 0. -1. 0.
0.999 -0.054 -0. 15.690 -0.054 -0.999 -0. -1.657 0. 0. -1. 0.
0.999 -0.040 -0. 16.903 -0.040 -0.999 -0. -1.772 0. 0. -1. 0.
1.000 -0.030 -0. 18.294 -0.030 -1.000 -0. -1.758 0. 0. -1. 0.
1.000 -0.024 -0. 19.612 -0.024 -1.000 -0. -1.753 0. 0. -1. 0.
1. -0.003 -0. 20.859 -0.003 -1. -0. -1.828 0. 0. -1. 0.
1. 0.008 0. 22.237 0.008 -1. -0. -1.879 0. 0. -1. 0.
1. 0.008 0. 23.547 0.008 -1. -0. -1.691 0. 0. -1. 0.
1. 0.011 0. 24.830 0.011 -1. -0. -1.734 0. 0. -1. 0.
1.000 0.027 0. 26.146 0.027 -1.000 -0. -1.841 0. 0. -1. 0.
0.999 0.032 0. 27.620 0.032 -0.999 -0. -1.783 0. 0. -1. 0.
0.999 0.033 0. 29.097 0.033 -0.999 -0. -1.776 0. 0. -1. 0.
0.999 0.035 0. 30.580 0.035 -0.999 -0. -1.728 0. 0. -1. 0.
0.999 0.037 0. 32.261 0.037 -0.999 -0. -1.694 0. 0. -1. 0.
0.999 0.037 0. 33.926 0.037 -0.999 -0. -1.658 0. 0. -1. 0.
0.999 0.039 0. 35.498 0.039 -0.999 -0. -1.623 0. 0. -1. 0.
0.999 0.044 0. 37.283 0.044 -0.999 -0. -1.525 0. 0. -1. 0.
0.999 0.047 0. 39.054 0.047 -0.999 -0. -1.555 0. 0. -1. 0.
0.998 0.058 0. 40.849 0.058 -0.998 -0. -1.506 0. 0. -1. 0.
0.998 0.059 0. 42.700 0.059 -0.998 -0. -1.379 0. 0. -1. 0.
0.999 0.054 0. 44.571 0.054 -0.999 -0. -1.353 0. 0. -1. 0.
0.998 0.055 0. 46.451 0.055 -0.998 -0. -1.214 0. 0. -1. 0.
0.998 0.056 0. 48.400 0.056 -0.998 -0. -1.140 0. 0. -1. 0.
0.998 0.058 0. 50.393 0.058 -0.998 -0. -1.052 0. 0. -1. 0.
0.998 0.059 0. 52.425 0.059 -0.998 -0. -0.997 0. 0. -1. 0.
0.998 0.060 0. 54.460 0.060 -0.998 -0. -0.973 0. 0. -1. 0.
0.998 0.064 0. 56.571 0.064 -0.998 -0. -0.818 0. 0. -1. 0.
0.997 0.072 0. 58.702 0.072 -0.997 -0. -0.775 0. 0. -1. 0.
0.998 0.069 0. 60.894 0.069 -0.998 -0. -0.615 0. 0. -1. 0.
0.997 0.082 0. 63.076 0.082 -0.997 -0. -0.572 0. 0. -1. 0.
0.997 0.080 0. 65.252 0.080 -0.997 -0. -0.435 0. 0. -1. 0.
0.996 0.086 0. 67.411 0.086 -0.996 -0. -0.200 0. 0. -1. 0.
0.996 0.094 0. 69.548 0.094 -0.996 -0. 0.084 0. 0. -1. 0.
0.995 0.100 0. 71.713 0.100 -0.995 -0. 0.350 0. 0. -1. 0.
0.995 0.100 0. 73.892 0.100 -0.995 -0. 0.508 0. 0. -1. 0.
0.995 0.096 0. 75.952 0.096 -0.995 -0. 0.546 0. 0. -1. 0.
0.997 0.081 0. 78.074 0.081 -0.997 -0. 0.866 0. 0. -1. 0.
0.998 0.064 0. 80.125 0.064 -0.998 -0. 0.958 0. 0. -1. 0.
0.999 0.051 0. 82.281 0.051 -0.999 -0. 1.022 0. 0. -1. 0.
1. 0.012 0. 84.368 0.012 -1. -0. 1.042 0. 0. -1. 0.
1.000 -0.027 -0. 86.330 -0.027 -1.000 -0. 0.979 0. 0. -1. 0.
0.998 -0.067 -0. 88.382 -0.067 -0.998 -0. 0.821 0. 0. -1. 0.
0.993 -0.118 -0. 90.298 -0.118 -0.993 -0. 0.681 0. 0. -1. 0.
0.982 -0.188 -0. 92.190 -0.188 -0.982 -0. 0.391 0. 0. -1. 0.
0.967 -0.254 -0. 94.050 -0.254 -0.967 -0. -0.239 0. 0. -1. 0.
0.949 -0.317 -0. 95.819 -0.317 -0.949 -0. -0.855 0. 0. -1. 0.
0.927 -0.375 -0. 97.626 -0.375 -0.927 -0. -1.573 0. 0. -1. 0.
0.898 -0.440 -0. 99.367 -0.440 -0.898 -0. -2.321 0. 0. -1. 0.
0.864 -0.504 -0. 100.922 -0.504 -0.864 -0. -3.368 0. 0. -1. 0.
0.826 -0.564 -0. 102.540 -0.564 -0.826 -0. -4.345 0. 0. -1. 0.
0.781 -0.625 -0. 104.087 -0.625 -0.781 -0. -5.577 0. 0. -1. 0.
0.733 -0.680 -0. 105.411 -0.680 -0.733 -0. -6.794 0. 0. -1. 0.
0.692 -0.722 -0. 106.638 -0.722 -0.692 -0. -8.142 0. 0. -1. 0.
0.639 -0.769 -0. 107.811 -0.769 -0.639 -0. -9.580 0. 0. -1. 0.
0.590 -0.807 -0. 108.825 -0.807 -0.590 -0. -11.076 0. 0. -1. 0.
0.555 -0.832 -0. 109.826 -0.832 -0.555 -0. -12.615 0. 0. -1. 0.
0.516 -0.856 -0. 110.990 -0.856 -0.516 -0. -14.149 0. 0. -1. 0.
0.488 -0.873 -0. 111.910 -0.873 -0.488 -0. -15.816 0. 0. -1. 0.
0.469 -0.883 -0. 112.886 -0.883 -0.469 -0. -17.596 0. 0. -1. 0.
0.457 -0.890 -0. 113.834 -0.890 -0.457 -0. -19.518 0. 0. -1. 0.
0.446 -0.895 -0. 114.821 -0.895 -0.446 -0. -21.385 0. 0. -1. 0.
0.440 -0.898 -0. 115.648 -0.898 -0.440 -0. -23.417 0. 0. -1. 0.
0.426 -0.905 -0. 116.541 -0.905 -0.426 -0. -25.400 0. 0. -1. 0.
0.433 -0.901 -0. 117.456 -0.901 -0.433 -0. -27.547 0. 0. -1. 0.
0.431 -0.903 -0. 118.600 -0.903 -0.431 -0. -29.598 0. 0. -1. 0.
0.438 -0.899 -0. 119.610 -0.899 -0.438 -0. -31.588 0. 0. -1. 0.
0.445 -0.896 -0. 120.386 -0.896 -0.445 -0. -33.729 0. 0. -1. 0.
0.452 -0.892 -0. 121.423 -0.892 -0.452 -0. -35.705 0. 0. -1. 0.
0.466 -0.885 -0. 122.449 -0.885 -0.466 -0. -37.724 0. 0. -1. 0.
0.474 -0.881 -0. 123.406 -0.881 -0.474 -0. -39.763 0. 0. -1. 0.
0.484 -0.875 -0. 124.433 -0.875 -0.484 -0. -41.647 0. 0. -1. 0.
0.496 -0.868 -0. 125.515 -0.868 -0.496 -0. -43.516 0. 0. -1. 0.
0.510 -0.860 -0. 126.510 -0.860 -0.510 -0. -45.473 0. 0. -1. 0.
0.518 -0.855 -0. 127.597 -0.855 -0.518 -0. -47.320 0. 0. -1. 0.
0.527 -0.850 -0. 128.675 -0.850 -0.527 -0. -49.120 0. 0. -1. 0.
0.534 -0.845 -0. 129.807 -0.845 -0.534 -0. -50.794 0. 0. -1. 0.
0.548 -0.836 -0. 130.807 -0.836 -0.548 -0. -52.601 0. 0. -1. 0.
0.569 -0.822 -0. 132.024 -0.822 -0.569 -0. -54.290 0. 0. -1. 0.
0.592 -0.806 -0. 133.051 -0.806 -0.592 -0. -55.917 0. 0. -1. 0.
0.621 -0.784 -0. 134.357 -0.784 -0.621 -0. -57.458 0. 0. -1. 0.
0.643 -0.766 -0. 135.598 -0.766 -0.643 -0. -58.986 0. 0. -1. 0.
0.668 -0.744 -0. 136.842 -0.744 -0.668 -0. -60.415 0. 0. -1. 0.
0.696 -0.718 -0. 138.101 -0.718 -0.696 -0. -61.747 0. 0. -1. 0.
0.721 -0.693 -0. 139.467 -0.693 -0.721 -0. -63.101 0. 0. -1. 0.
0.745 -0.667 -0. 140.721 -0.667 -0.745 -0. -64.351 0. 0. -1. 0.
0.761 -0.648 -0. 142.077 -0.648 -0.761 -0. -65.531 0. 0. -1. 0.
0.784 -0.621 -0. 143.364 -0.621 -0.784 -0. -66.612 0. 0. -1. 0.
0.808 -0.589 -0. 144.658 -0.589 -0.808 -0. -67.582 0. 0. -1. 0.
0.831 -0.556 -0. 145.980 -0.556 -0.831 -0. -68.398 0. 0. -1. 0.
0.861 -0.509 -0. 147.301 -0.509 -0.861 -0. -69.188 0. 0. -1. 0.
0.895 -0.445 -0. 148.645 -0.445 -0.895 -0. -69.972 0. 0. -1. 0.
0.924 -0.382 -0. 149.928 -0.382 -0.924 -0. -70.525 0. 0. -1. 0.
0.955 -0.296 -0. 151.160 -0.296 -0.955 -0. -71.073 0. 0. -1. 0.
0.979 -0.202 -0. 152.409 -0.202 -0.979 -0. -71.284 0. 0. -1. 0.
0.996 -0.094 -0. 153.570 -0.094 -0.996 -0. -71.364 0. 0. -1. 0.
1.000 0.030 0. 154.697 0.030 -1.000 -0. -71.294 0. 0. -1. 0.
0.988 0.157 0. 155.719 0.157 -0.988 -0. -71.110 0. 0. -1. 0.
0.958 0.287 0. 156.629 0.287 -0.958 -0. -70.791 0. 0. -1. 0.
0.905 0.424 0. 157.572 0.424 -0.905 -0. -70.331 0. 0. -1. 0.
0.832 0.555 0. 158.408 0.555 -0.832 -0. -69.753 0. 0. -1. 0.
0.729 0.684 0. 159.090 0.684 -0.729 -0. -69.113 0. 0. -1. 0.
0.612 0.791 0. 159.601 0.791 -0.612 -0. -68.319 0. 0. -1. 0.
0.472 0.881 0. 160.088 0.881 -0.472 -0. -67.490 0. 0. -1. 0.
0.304 0.953 0. 160.349 0.953 -0.304 -0. -66.598 0. 0. -1. 0.
0.135 0.991 0. 160.419 0.991 -0.135 -0. -65.660 0. 0. -1. 0.
-0.057 0.998 0. 160.334 0.998 0.057 0. -64.606 0. 0. -1. 0.
-0.242 0.970 0. 159.899 0.970 0.242 0. -63.652 0. 0. -1. 0.
-0.405 0.914 0. 159.537 0.914 0.405 0. -62.677 0. 0. -1. 0.
-0.555 0.832 0. 158.875 0.832 0.555 0. -61.691 0. 0. -1. 0.
-0.669 0.743 0. 158.057 0.743 0.669 0. -60.863 0. 0. -1. 0.
-0.761 0.649 0. 157.085 0.649 0.761 0. -60.055 0. 0. -1. 0.
-0.824 0.566 0. 155.990 0.566 0.824 0. -59.247 0. 0. -1. 0.
-0.880 0.476 0. 154.813 0.476 0.880 0. -58.718 0. 0. -1. 0.
-0.913 0.407 0. 153.494 0.407 0.913 0. -58.034 0. 0. -1. 0.
-0.941 0.339 0. 152.180 0.339 0.941 0. -57.656 0. 0. -1. 0.
-0.957 0.291 0. 150.741 0.291 0.957 0. -57.162 0. 0. -1. 0.
-0.963 0.270 0. 149.231 0.270 0.963 0. -56.755 0. 0. -1. 0.
-0.964 0.265 0. 147.680 0.265 0.964 0. -56.288 0. 0. -1. 0.
-0.964 0.266 0. 146.106 0.266 0.964 0. -55.839 0. 0. -1. 0.
-0.961 0.276 0. 144.433 0.276 0.961 0. -55.331 0. 0. -1. 0.
-0.955 0.298 0. 142.804 0.298 0.955 0. -54.881 0. 0. -1. 0.
-0.944 0.330 0. 141.183 0.330 0.944 0. -54.290 0. 0. -1. 0.
-0.930 0.368 0. 139.573 0.368 0.930 0. -53.646 0. 0. -1. 0.
-0.912 0.411 0. 137.923 0.411 0.912 0. -52.919 0. 0. -1. 0.
-0.883 0.470 0. 136.311 0.470 0.883 0. -51.980 0. 0. -1. 0.
-0.853 0.522 0. 134.904 0.522 0.853 0. -50.994 0. 0. -1. 0.
-0.819 0.574 0. 133.153 0.574 0.819 0. -49.906 0. 0. -1. 0.
-0.789 0.614 0. 131.785 0.614 0.789 0. -48.638 0. 0. -1. 0.
-0.750 0.661 0. 130.242 0.661 0.750 0. -47.344 0. 0. -1. 0.
-0.713 0.701 0. 128.813 0.701 0.713 0. -45.779 0. 0. -1. 0.
-0.671 0.741 0. 127.430 0.741 0.671 0. -44.250 0. 0. -1. 0.
-0.624 0.781 0. 126.073 0.781 0.624 0. -42.665 0. 0. -1. 0.
-0.581 0.814 0. 124.906 0.814 0.581 0. -40.929 0. 0. -1. 0.
-0.534 0.846 0. 123.874 0.846 0.534 0. -39.187 0. 0. -1. 0.
-0.495 0.869 0. 122.775 0.869 0.495 0. -37.387 0. 0. -1. 0.
-0.469 0.883 0. 121.812 0.883 0.469 0. -35.470 0. 0. -1. 0.
-0.449 0.894 0. 120.950 0.894 0.449 0. -33.590 0. 0. -1. 0.
-0.428 0.904 0. 120.124 0.904 0.428 0. -31.660 0. 0. -1. 0.
-0.417 0.909 0. 119.351 0.909 0.417 0. -29.754 0. 0. -1. 0.
-0.411 0.912 0. 118.362 0.912 0.411 0. -27.848 0. 0. -1. 0.
-0.404 0.915 0. 117.630 0.915 0.404 0. -25.886 0. 0. -1. 0.
-0.414 0.910 0. 116.715 0.910 0.414 0. -23.973 0. 0. -1. 0.
-0.422 0.907 0. 115.967 0.907 0.422 0. -21.985 0. 0. -1. 0.
-0.436 0.900 0. 114.987 0.900 0.436 0. -20.084 0. 0. -1. 0.
-0.452 0.892 0. 114.311 0.892 0.452 0. -18.184 0. 0. -1. 0.
-0.470 0.883 0. 113.197 0.883 0.470 0. -16.377 0. 0. -1. 0.
-0.494 0.870 0. 112.262 0.870 0.494 0. -14.619 0. 0. -1. 0.
-0.533 0.846 0. 111.097 0.846 0.533 0. -12.866 0. 0. -1. 0.
-0.577 0.817 0. 110.038 0.817 0.577 0. -11.207 0. 0. -1. 0.
-0.629 0.777 0. 109.046 0.777 0.629 0. -9.542 0. 0. -1. 0.
-0.674 0.739 0. 107.625 0.739 0.674 0. -8.154 0. 0. -1. 0.
-0.723 0.691 0. 106.370 0.691 0.723 0. -6.692 0. 0. -1. 0.
-0.763 0.647 0. 104.840 0.647 0.763 0. -5.528 0. 0. -1. 0.
-0.806 0.592 0. 103.519 0.592 0.806 0. -4.243 0. 0. -1. 0.
-0.844 0.537 0. 101.924 0.537 0.844 0. -3.089 0. 0. -1. 0.
-0.874 0.485 0. 100.267 0.485 0.874 0. -2.253 0. 0. -1. 0.
-0.903 0.429 0. 98.667 0.429 0.903 0. -1.348 0. 0. -1. 0.
-0.927 0.374 0. 96.923 0.374 0.927 0. -0.692 0. 0. -1. 0.
-0.951 0.309 0. 95.228 0.309 0.951 0. 0.047 0. 0. -1. 0.
-0.970 0.245 0. 93.345 0.245 0.970 0. 0.551 0. 0. -1. 0.
-0.984 0.176 0. 91.483 0.176 0.984 0. 0.887 0. 0. -1. 0.
-0.993 0.116 0. 89.497 0.116 0.993 0. 1.137 0. 0. -1. 0.
-0.998 0.061 0. 87.520 0.061 0.998 0. 1.262 0. 0. -1. 0.
-1.000 0.018 0. 85.348 0.018 1.000 0. 1.318 0. 0. -1. 0.
-1.000 -0.022 -0. 83.256 -0.022 1.000 0. 1.295 0. 0. -1. 0.
-0.999 -0.044 -0. 81.135 -0.044 0.999 0. 1.152 0. 0. -1. 0.
-0.997 -0.075 -0. 79.056 -0.075 0.997 0. 1.044 0. 0. -1. 0.
-0.996 -0.087 -0. 76.884 -0.087 0.996 0. 0.897 0. 0. -1. 0.
-0.996 -0.089 -0. 74.641 -0.089 0.996 0. 0.681 0. 0. -1. 0.
-0.995 -0.095 -0. 72.440 -0.095 0.995 0. 0.499 0. 0. -1. 0.
-0.996 -0.091 -0. 70.243 -0.091 0.996 0. 0.447 0. 0. -1. 0.
-0.997 -0.082 -0. 68.038 -0.082 0.997 0. 0.251 0. 0. -1. 0.
-0.996 -0.085 -0. 65.864 -0.085 0.996 0. 0.123 0. 0. -1. 0.
-0.997 -0.076 -0. 63.676 -0.076 0.997 0. -0.134 0. 0. -1. 0.
-0.997 -0.075 -0. 61.550 -0.075 0.997 0. -0.085 0. 0. -1. 0.
-0.998 -0.068 -0. 59.399 -0.068 0.998 0. -0.307 0. 0. -1. 0.
-0.998 -0.065 -0. 57.254 -0.065 0.998 0. -0.193 0. 0. -1. 0.
-0.999 -0.050 -0. 55.187 -0.050 0.999 0. -0.327 0. 0. -1. 0.
-0.999 -0.041 -0. 53.084 -0.041 0.999 0. -0.430 0. 0. -1. 0.
-0.999 -0.032 -0. 51.004 -0.032 0.999 0. -0.457 0. 0. -1. 0.
-1.000 -0.023 -0. 48.996 -0.023 1.000 0. -0.500 0. 0. -1. 0.
-1.000 -0.020 -0. 46.984 -0.020 1.000 0. -0.546 0. 0. -1. 0.
-1. -0.014 -0. 44.982 -0.014 1. 0. -0.442 0. 0. -1. 0.
-1. -0.005 -0. 42.954 -0.005 1. 0. -0.553 0. 0. -1. 0.
-1. -0.005 -0. 40.958 -0.005 1. 0. -0.341 0. 0. -1. 0.
-1. 0.006 0. 38.991 0.006 1. 0. -0.422 0. 0. -1. 0.
-1. 0.009 0. 36.990 0.009 1. 0. -0.288 0. 0. -1. 0.
-1. 0.001 0. 34.995 0.001 1. 0. -0.237 0. 0. -1. 0.
-1. 0.008 0. 32.928 0.008 1. 0. -0.173 0. 0. -1. 0.
-1. 0.010 0. 30.894 0.010 1. 0. -0.278 0. 0. -1. 0.
-1. 0.007 0. 28.807 0.007 1. 0. -0.080 0. 0. -1. 0.
-1.000 0.020 0. 26.675 0.020 1.000 0. -0.145 0. 0. -1. 0.
-1.000 0.027 0. 24.536 0.027 1.000 0. -0.012 0. 0. -1. 0.
-0.999 0.036 0. 22.454 0.036 0.999 0. 0.183 0. 0. -1. 0.
-0.999 0.037 0. 20.293 0.037 0.999 0. 0.427 0. 0. -1. 0.
-0.999 0.047 0. 18.018 0.047 0.999 0. 0.511 0. 0. -1. 0.
-0.999 0.049 0. 15.845 0.049 0.999 0. 0.631 0. 0. -1. 0.
-0.999 0.048 0. 13.606 0.048 0.999 0. 0.777 0. 0. -1. 0.
-0.999 0.050 0. 11.291 0.050 0.999 0. 0.865 0. 0. -1. 0.
-0.999 0.043 0. 9.059 0.043 0.999 0. 1.031 0. 0. -1. 0.
-0.999 0.042 0. 6.730 0.042 0.999 0. 1.153 0. 0. -1. 0.
-0.999 0.038 0. 4.569 0.038 0.999 0. 1.273 0. 0. -1. 0.
-0.999 0.041 0. 2.223 0.041 0.999 0. 1.322 0. 0. -1. 0.
-1.000 0.025 0. -0.027 0.025 1.000 0. 1.583 0. 0. -1. 0.
-1.000 0.031 0. -2.320 0.031 1.000 0. 1.696 0. 0. -1. 0.
-1.000 0.031 0. -4.593 0.031 1.000 0. 1.784 0. 0. -1. 0.
-1.000 0.030 0. -6.909 0.030 1.000 0. 1.957 0. 0. -1. 0.
-1.000 0.016 0. -9.227 0.016 1.000 0. 2.016 0. 0. -1. 0.
-1.000 0.016 0. -11.489 0.016 1.000 0. 2.133 0. 0. -1. 0.
-1. 0.013 0. -13.871 0.013 1. 0. 2.100 0. 0. -1. 0.
-1.000 0.015 0. -16.186 0.015 1.000 0. 2.092 0. 0. -1. 0.
-1. 0.007 0. -18.570 0.007 1. 0. 2.289 0. 0. -1. 0.
-1. -0. -0. -20.949 -0. 1. 0. 2.323 0. 0. -1. 0.
-1. -0.002 -0. -23.336 -0.002 1. 0. 2.296 0. 0. -1. 0.
-1. -0.000 -0. -25.772 -0.000 1. 0. 2.370 0. 0. -1. 0.
-1. -0.005 -0. -28.104 -0.005 1. 0. 2.489 0. 0. -1. 0.
-1. -0.007 -0. -30.472 -0.007 1. 0. 2.408 0. 0. -1. 0.
-1. -0.006 -0. -32.858 -0.006 1. 0. 2.404 0. 0. -1. 0.
-1.000 -0.015 -0. -35.252 -0.015 1.000 0. 2.355 0. 0. -1. 0.
-1.000 -0.017 -0. -37.522 -0.017 1.000 0. 2.235 0. 0. -1. 0.
-1.000 -0.027 -0. -39.828 -0.027 1.000 0. 2.370 0. 0. -1. 0.
-1.000 -0.026 -0. -42.088 -0.026 1.000 0. 2.296 0. 0. -1. 0.
-0.999 -0.036 -0. -44.277 -0.036 0.999 0. 2.397 0. 0. -1. 0.
-0.999 -0.038 -0. -46.443 -0.038 0.999 0. 2.336 0. 0. -1. 0.
-0.999 -0.044 -0. -48.553 -0.044 0.999 0. 2.281 0. 0. -1. 0.
-0.999 -0.034 -0. -50.650 -0.034 0.999 0. 2.214 0. 0. -1. 0.
-0.999 -0.035 -0. -52.572 -0.035 0.999 0. 2.185 0. 0. -1. 0.
-0.999 -0.041 -0. -54.544 -0.041 0.999 0. 2.118 0. 0. -1. 0.
-1.000 -0.022 -0. -56.415 -0.022 1.000 0. 2.132 0. 0. -1. 0.
-1.000 -0.020 -0. -58.098 -0.020 1.000 0. 1.876 0. 0. -1. 0.
-1. 0.005 0. -59.788 0.005 1. 0. 2.196 0. 0. -1. 0.
-0.999 0.038 0. -61.309 0.038 0.999 0. 2.171 0. 0. -1. 0.
-0.996 0.084 0. -62.729 0.084 0.996 0. 2.339 0. 0. -1. 0.
-0.990 0.139 0. -63.979 0.139 0.990 0. 2.620 0. 0. -1. 0.
-0.977 0.215 0. -65.145 0.215 0.977 0. 2.878 0. 0. -1. 0.
-0.956 0.292 0. -66.179 0.292 0.956 0. 3.182 0. 0. -1. 0.
-0.919 0.393 0. -67.206 0.393 0.919 0. 3.563 0. 0. -1. 0.
-0.876 0.482 0. -68.078 0.482 0.876 0. 4.122 0. 0. -1. 0.
-0.807 0.591 0. -68.963 0.591 0.807 0. 4.724 0. 0. -1. 0.
-0.730 0.684 0. -69.614 0.684 0.730 0. 5.505 0. 0. -1. 0.
-0.636 0.772 0. -70.207 0.772 0.636 0. 6.255 0. 0. -1. 0.
-0.535 0.845 0. -70.729 0.845 0.535 0. 7.032 0. 0. -1. 0.
-0.439 0.899 0. -71.143 0.899 0.439 0. 7.991 0. 0. -1. 0.
-0.340 0.940 0. -71.433 0.940 0.340 0. 8.947 0. 0. -1. 0.
-0.241 0.971 0. -71.685 0.971 0.241 0. 10.032 0. 0. -1. 0.
-0.162 0.987 0. -71.930 0.987 0.162 0. 11.136 0. 0. -1. 0.
-0.104 0.995 0. -72.114 0.995 0.104 0. 12.338 0. 0. -1. 0.
-0.074 0.997 0. -72. 0.997 0.074 0. 13.810 0. 0. -1. 0.
-0.051 0.999 0. -72.157 0.999 0.051 0. 15.085 0. 0. -1. 0.
-0.046 0.999 0. -72.092 0.999 0.046 0. 16.625 0. 0. -1. 0.
-0.051 0.999 0. -72.126 0.999 0.051 0. 18.086 0. 0. -1. 0.
-0.044 0.999 0. -72.045 0.999 0.044 0. 19.729 0. 0. -1. 0.
-0.052 0.999 0. -72.259 0.999 0.052 0. 21.209 0. 0. -1. 0.
-0.042 0.999 0. -72.087 0.999 0.042 0. 22.986 0. 0. -1. 0.
-0.046 0.999 0. -72.293 0.999 0.046 0. 24.599 0. 0. -1. 0.
-0.035 0.999 0. -72.305 0.999 0.035 0. 26.373 0. 0. -1. 0.
-0.014 1. 0. -72.293 1. 0.014 0. 28.018 0. 0. -1. 0.
-0.001 1. 0. -72.311 1. 0.001 0. 29.871 0. 0. -1. 0.
0.020 1.000 0. -72.128 1.000 -0.020 -0. 31.519 0. 0. -1. 0.
0.041 0.999 0. -72.121 0.999 -0.041 -0. 33.319 0. 0. -1. 0.
0.070 0.998 0. -71.949 0.998 -0.070 -0. 35.047 0. 0. -1. 0.
0.098 0.995 0. -71.832 0.995 -0.098 -0. 36.791 0. 0. -1. 0.
0.131 0.991 0. -71.434 0.991 -0.131 -0. 38.691 0. 0. -1. 0.
0.164 0.986 0. -71.109 0.986 -0.164 -0. 40.304 0. 0. -1. 0.
0.187 0.982 0. -70.762 0.982 -0.187 -0. 42.003 0. 0. -1. 0.
0.201 0.980 0. -70.429 0.980 -0.201 -0. 43.715 0. 0. -1. 0.
0.180 0.984 0. -70.043 0.984 -0.180 -0. 45.468 0. 0. -1. 0.
0.165 0.986 0. -69.675 0.986 -0.165 -0. 47.387 0. 0. -1. 0.
0.137 0.991 0. -69.424 0.991 -0.137 -0. 49.116 0. 0. -1. 0.
0.102 0.995 0. -69.185 0.995 -0.102 -0. 51.003 0. 0. -1. 0.
0.076 0.997 0. -68.963 0.997 -0.076 -0. 52.937 0. 0. -1. 0.
0.056 0.998 0. -68.841 0.998 -0.056 -0. 54.909 0. 0. -1. 0.
0.040 0.999 0. -68.746 0.999 -0.040 -0. 56.883 0. 0. -1. 0.
0.023 1.000 0. -68.650 1.000 -0.023 -0. 58.895 0. 0. -1. 0.
0.018 1.000 0. -68.568 1.000 -0.018 -0. 60.877 0. 0. -1. 0.
0.002 1. 0. -68.534 1. -0.002 -0. 62.800 0. 0. -1. 0.
-0.001 1. 0. -68.473 1. 0.001 0. 64.858 0. 0. -1. 0.
-0.006 1. 0. -68.472 1. 0.006 0. 66.695 0. 0. -1. 0.
-0.007 1. 0. -68.499 1. 0.007 0. 68.675 0. 0. -1. 0.
-0.013 1. 0. -68.457 1. 0.013 0. 70.580 0. 0. -1. 0.
-0.008 1. 0. -68.483 1. 0.008 0. 72.472 0. 0. -1. 0.
-0.016 1.000 0. -68.497 1.000 0.016 0. 74.298 0. 0. -1. 0.
-0.020 1.000 0. -68.478 1.000 0.020 0. 76.142 0. 0. -1. 0.
-0.044 0.999 0. -68.556 0.999 0.044 0. 77.862 0. 0. -1. 0.
-0.073 0.997 0. -68.545 0.997 0.073 0. 79.640 0. 0. -1. 0.
-0.121 0.993 0. -68.860 0.993 0.121 0. 81.262 0. 0. -1. 0.
-0.184 0.983 0. -68.888 0.983 0.184 0. 82.924 0. 0. -1. 0.
-0.254 0.967 0. -69.290 0.967 0.254 0. 84.454 0. 0. -1. 0.
-0.336 0.942 0. -69.702 0.942 0.336 0. 85.865 0. 0. -1. 0.
-0.425 0.905 0. -70.448 0.905 0.425 0. 87.332 0. 0. -1. 0.
-0.508 0.861 0. -71.057 0.861 0.508 0. 88.642 0. 0. -1. 0.
-0.588 0.809 0. -72.095 0.809 0.588 0. 89.832 0. 0. -1. 0.
-0.665 0.747 0. -72.742 0.747 0.665 0. 90.957 0. 0. -1. 0.
-0.738 0.675 0. -73.941 0.675 0.738 0. 92.010 0. 0. -1. 0.
-0.800 0.600 0. -74.910 0.600 0.800 0. 92.893 0. 0. -1. 0.
-0.859 0.512 0. -76.285 0.512 0.859 0. 93.738 0. 0. -1. 0.
-0.903 0.430 0. -77.528 0.430 0.903 0. 94.329 0. 0. -1. 0.
-0.935 0.355 0. -78.946 0.355 0.935 0. 94.787 0. 0. -1. 0.
-0.960 0.281 0. -80.337 0.281 0.960 0. 95.141 0. 0. -1. 0.
-0.973 0.232 0. -81.868 0.232 0.973 0. 95.420 0. 0. -1. 0.
-0.981 0.195 0. -83.345 0.195 0.981 0. 95.628 0. 0. -1. 0.
-0.985 0.174 0. -84.716 0.174 0.985 0. 96.096 0. 0. -1. 0.
-0.985 0.173 0. -86.292 0.173 0.985 0. 96.311 0. 0. -1. 0.
-0.985 0.175 0. -87.730 0.175 0.985 0. 96.713 0. 0. -1. 0.
-0.979 0.204 0. -89.241 0.204 0.979 0. 96.998 0. 0. -1. 0.
-0.971 0.237 0. -90.759 0.237 0.971 0. 97.453 0. 0. -1. 0.
-0.962 0.272 0. -92.297 0.272 0.962 0. 97.815 0. 0. -1. 0.
-0.947 0.320 0. -93.898 0.320 0.947 0. 98.320 0. 0. -1. 0.
-0.929 0.371 0. -95.430 0.371 0.929 0. 99.115 0. 0. -1. 0.
-0.902 0.432 0. -96.962 0.432 0.902 0. 99.926 0. 0. -1. 0.
-0.873 0.488 0. -98.487 0.488 0.873 0. 100.862 0. 0. -1. 0.
-0.841 0.541 0. -100.024 0.541 0.841 0. 101.810 0. 0. -1. 0.
-0.815 0.580 0. -101.540 0.580 0.815 0. 102.931 0. 0. -1. 0.
-0.793 0.610 0. -102.964 0.610 0.793 0. 104.119 0. 0. -1. 0.
-0.775 0.633 0. -104.538 0.633 0.775 0. 105.336 0. 0. -1. 0.
-0.753 0.657 0. -105.989 0.657 0.753 0. 106.630 0. 0. -1. 0.
-0.746 0.665 0. -107.595 0.665 0.746 0. 107.869 0. 0. -1. 0.
-0.736 0.676 0. -109.007 0.676 0.736 0. 109.410 0. 0. -1. 0.
-0.735 0.678 0. -110.672 0.678 0.735 0. 110.746 0. 0. -1. 0.
-0.732 0.681 0. -112.086 0.681 0.732 0. 112.316 0. 0. -1. 0.
-0.736 0.677 0. -113.665 0.677 0.736 0. 113.816 0. 0. -1. 0.
-0.735 0.678 0. -115.237 0.678 0.735 0. 115.400 0. 0. -1. 0.
-0.733 0.680 0. -116.815 0.680 0.733 0. 116.990 0. 0. -1. 0.
-0.736 0.677 0. -118.437 0.677 0.736 0. 118.455 0. 0. -1. 0.
-0.731 0.683 0. -120.231 0.683 0.731 0. 120.027 0. 0. -1. 0.
-0.730 0.683 0. -121.865 0.683 0.730 0. 121.702 0. 0. -1. 0.
-0.727 0.687 0. -123.658 0.687 0.727 0. 123.321 0. 0. -1. 0.
-0.727 0.687 0. -125.314 0.687 0.727 0. 125.072 0. 0. -1. 0.
-0.724 0.690 0. -127.085 0.690 0.724 0. 126.734 0. 0. -1. 0.
-0.722 0.692 0. -128.816 0.692 0.722 0. 128.466 0. 0. -1. 0.
-0.721 0.693 0. -130.510 0.693 0.721 0. 130.269 0. 0. -1. 0.
-0.721 0.693 0. -132.299 0.693 0.721 0. 132.039 0. 0. -1. 0.
-0.721 0.693 0. -134.037 0.693 0.721 0. 133.810 0. 0. -1. 0.
-0.719 0.695 0. -135.864 0.695 0.719 0. 135.570 0. 0. -1. 0.
-0.715 0.699 0. -137.597 0.699 0.715 0. 137.385 0. 0. -1. 0.
-0.715 0.700 0. -139.384 0.700 0.715 0. 139.140 0. 0. -1. 0.
-0.717 0.697 0. -140.995 0.697 0.717 0. 140.981 0. 0. -1. 0.
-0.716 0.698 0. -142.805 0.698 0.716 0. 142.759 0. 0. -1. 0.
-0.710 0.704 0. -144.628 0.704 0.710 0. 144.558 0. 0. -1. 0.
-0.702 0.712 0. -146.374 0.712 0.702 0. 146.322 0. 0. -1. 0.
-0.694 0.720 0. -148.093 0.720 0.694 0. 148.130 0. 0. -1. 0.
-0.682 0.732 0. -149.744 0.732 0.682 0. 149.998 0. 0. -1. 0.
-0.669 0.743 0. -151.322 0.743 0.669 0. 151.864 0. 0. -1. 0.
-0.652 0.759 0. -152.878 0.759 0.652 0. 153.751 0. 0. -1. 0.
-0.624 0.781 0. -154.420 0.781 0.624 0. 155.668 0. 0. -1. 0.
-0.597 0.802 0. -155.829 0.802 0.597 0. 157.707 0. 0. -1. 0.
-0.572 0.820 0. -157.067 0.820 0.572 0. 159.806 0. 0. -1. 0.
-0.542 0.840 0. -158.605 0.840 0.542 0. 161.809 0. 0. -1. 0.
-0.502 0.865 0. -159.700 0.865 0.502 0. 163.956 0. 0. -1. 0.
-0.457 0.890 0. -160.851 0.890 0.457 0. 166.193 0. 0. -1. 0.
-0.415 0.910 0. -161.759 0.910 0.415 0. 168.629 0. 0. -1. 0.
-0.372 0.928 0. -162.821 0.928 0.372 0. 170.900 0. 0. -1. 0.
-0.331 0.944 0. -163.604 0.944 0.331 0. 173.355 0. 0. -1. 0.
-0.281 0.960 0. -164.319 0.960 0.281 0. 175.779 0. 0. -1. 0.
-0.247 0.969 0. -164.890 0.969 0.247 0. 178.284 0. 0. -1. 0.
-0.216 0.976 0. -165.282 0.976 0.216 0. 180.819 0. 0. -1. 0.
-0.187 0.982 0. -165.934 0.982 0.187 0. 183.275 0. 0. -1. 0.
-0.165 0.986 0. -166.287 0.986 0.165 0. 185.743 0. 0. -1. 0.
-0.150 0.989 0. -166.548 0.989 0.150 0. 188.215 0. 0. -1. 0.
-0.143 0.990 0. -166.670 0.990 0.143 0. 190.699 0. 0. -1. 0.
-0.135 0.991 0. -166.917 0.991 0.135 0. 193.167 0. 0. -1. 0.
-0.124 0.992 0. -167.209 0.992 0.124 0. 195.572 0. 0. -1. 0.
-0.128 0.992 0. -167.472 0.992 0.128 0. 198.002 0. 0. -1. 0.
-0.135 0.991 0. -167.676 0.991 0.135 0. 200.452 0. 0. -1. 0.
-0.142 0.990 0. -168.035 0.990 0.142 0. 202.832 0. 0. -1. 0.
-0.144 0.990 0. -168.370 0.990 0.144 0. 205.266 0. 0. -1. 0.
-0.161 0.987 0. -168.763 0.987 0.161 0. 207.580 0. 0. -1. 0.
-0.181 0.984 0. -169.116 0.984 0.181 0. 210.035 0. 0. -1. 0.
-0.211 0.977 0. -169.345 0.977 0.211 0. 212.355 0. 0. -1. 0.
-0.259 0.966 0. -169.953 0.966 0.259 0. 214.596 0. 0. -1. 0.
-0.305 0.952 0. -170.748 0.952 0.305 0. 216.855 0. 0. -1. 0.
-0.366 0.931 0. -171.276 0.931 0.366 0. 219.026 0. 0. -1. 0.
-0.429 0.903 0. -172.319 0.903 0.429 0. 221.074 0. 0. -1. 0.
-0.495 0.869 0. -173.258 0.869 0.495 0. 222.995 0. 0. -1. 0.
-0.560 0.828 0. -174.519 0.828 0.560 0. 224.760 0. 0. -1. 0.
-0.630 0.777 0. -175.778 0.777 0.630 0. 226.400 0. 0. -1. 0.
-0.700 0.715 0. -177.266 0.715 0.700 0. 227.974 0. 0. -1. 0.
-0.762 0.648 0. -178.916 0.648 0.762 0. 229.363 0. 0. -1. 0.
-0.816 0.578 0. -180.648 0.578 0.816 0. 230.623 0. 0. -1. 0.
-0.862 0.507 0. -182.375 0.507 0.862 0. 231.681 0. 0. -1. 0.
-0.901 0.433 0. -184.305 0.433 0.901 0. 232.623 0. 0. -1. 0.
-0.929 0.371 0. -186.248 0.371 0.929 0. 233.409 0. 0. -1. 0.
-0.946 0.325 0. -188.171 0.325 0.946 0. 234.142 0. 0. -1. 0.
-0.955 0.296 0. -190.164 0.296 0.955 0. 234.901 0. 0. -1. 0.
-0.961 0.278 0. -192.291 0.278 0.961 0. 235.608 0. 0. -1. 0.
-0.965 0.264 0. -194.436 0.264 0.965 0. 236.166 0. 0. -1. 0.
-0.967 0.253 0. -196.642 0.253 0.967 0. 236.724 0. 0. -1. 0.
-0.968 0.250 0. -198.852 0.250 0.968 0. 237.430 0. 0. -1. 0.
-0.969 0.246 0. -201.138 0.246 0.969 0. 238.038 0. 0. -1. 0.
-0.970 0.242 0. -203.458 0.242 0.970 0. 238.706 0. 0. -1. 0.
-0.971 0.239 0. -205.731 0.239 0.971 0. 239.308 0. 0. -1. 0.
-0.971 0.240 0. -208.051 0.240 0.971 0. 239.948 0. 0. -1. 0.
-0.970 0.243 0. -210.345 0.243 0.970 0. 240.530 0. 0. -1. 0.
-0.970 0.244 0. -212.671 0.244 0.970 0. 241.157 0. 0. -1. 0.
-0.970 0.243 0. -214.961 0.243 0.970 0. 241.735 0. 0. -1. 0.
-0.970 0.243 0. -217.105 0.243 0.970 0. 242.393 0. 0. -1. 0.
-0.969 0.246 0. -219.425 0.246 0.969 0. 242.904 0. 0. -1. 0.
-0.970 0.244 0. -221.655 0.244 0.970 0. 243.500 0. 0. -1. 0.
-0.970 0.241 0. -223.778 0.241 0.970 0. 244.110 0. 0. -1. 0.
-0.970 0.245 0. -226.029 0.245 0.970 0. 244.675 0. 0. -1. 0.
-0.968 0.250 0. -228.065 0.250 0.968 0. 245.236 0. 0. -1. 0.
-0.966 0.257 0. -230.065 0.257 0.966 0. 245.793 0. 0. -1. 0.
-0.966 0.259 0. -231.947 0.259 0.966 0. 246.357 0. 0. -1. 0.
-0.965 0.261 0. -234.171 0.261 0.965 0. 246.817 0. 0. -1. 0.
-0.962 0.272 0. -235.908 0.272 0.962 0. 247.384 0. 0. -1. 0.
-0.955 0.297 0. -237.680 0.297 0.955 0. 247.991 0. 0. -1. 0.
-0.947 0.321 0. -239.346 0.321 0.947 0. 248.623 0. 0. -1. 0.
-0.933 0.359 0. -240.854 0.359 0.933 0. 249.187 0. 0. -1. 0.
-0.921 0.389 0. -242.230 0.389 0.921 0. 249.995 0. 0. -1. 0.
-0.906 0.423 0. -243.629 0.423 0.906 0. 250.457 0. 0. -1. 0.
-0.892 0.453 0. -244.882 0.453 0.892 0. 251.079 0. 0. -1. 0.
-0.880 0.476 0. -245.975 0.476 0.880 0. 251.780 0. 0. -1. 0.
-0.872 0.489 0. -247.139 0.489 0.872 0. 252.454 0. 0. -1. 0.
-0.872 0.490 0. -248.101 0.490 0.872 0. 252.982 0. 0. -1. 0.
-0.875 0.484 0. -249.128 0.484 0.875 0. 253.677 0. 0. -1. 0.
-0.881 0.473 0. -250.067 0.473 0.881 0. 254.220 0. 0. -1. 0.
-0.888 0.459 0. -250.959 0.459 0.888 0. 254.614 0. 0. -1. 0.
-0.896 0.444 0. -251.786 0.444 0.896 0. 255.043 0. 0. -1. 0.
-0.903 0.429 0. -252.532 0.429 0.903 0. 255.368 0. 0. -1. 0.
-0.909 0.416 0. -253.276 0.416 0.909 0. 255.699 0. 0. -1. 0.
-0.914 0.405 0. -253.952 0.405 0.914 0. 256.125 0. 0. -1. 0.
-0.915 0.404 0. -254.347 0.404 0.915 0. 256.282 0. 0. -1. 0.
-0.918 0.397 0. -254.838 0.397 0.918 0. 256.518 0. 0. -1. 0.
-0.918 0.396 0. -255.228 0.396 0.918 0. 256.650 0. 0. -1. 0.
-0.918 0.396 0. -255.528 0.396 0.918 0. 256.781 0. 0. -1. 0.
-0.920 0.392 0. -255.699 0.392 0.920 0. 256.827 0. 0. -1. 0.
-0.917 0.398 0. -256.007 0.398 0.917 0. 256.935 0. 0. -1. 0.
-0.917 0.399 0. -256.127 0.399 0.917 0. 257.044 0. 0. -1. 0.
-0.921 0.390 0. -256.303 0.390 0.921 0. 257.109 0. 0. -1. 0.
-0.919 0.393 0. -256.460 0.393 0.919 0. 257.144 0. 0. -1. 0.
-0.920 0.392 0. -256.547 0.392 0.920 0. 257.285 0. 0. -1. 0.
-0.918 0.397 0. -256.557 0.397 0.918 0. 257.298 0. 0. -1. 0.
-0.920 0.393 0. -256.505 0.393 0.920 0. 257.294 0. 0. -1. 0.
-0.920 0.391 0. -256.563 0.391 0.920 0. 257.224 0. 0. -1. 0.
-0.920 0.393 0. -256.624 0.393 0.920 0. 257.286 0. 0. -1. 0.
-0.919 0.394 0. -256.515 0.394 0.919 0. 257.272 0. 0. -1. 0.
-0.919 0.393 0. -256.602 0.393 0.919 0. 257.119 0. 0. -1. 0.
-0.919 0.395 0. -256.630 0.395 0.919 0. 257.198 0. 0. -1. 0.
-0.917 0.400 0. -256.546 0.400 0.917 0. 257.251 0. 0. -1. 0.
-0.920 0.392 0. -256.598 0.392 0.920 0. 257.283 0. 0. -1. 0.
-0.919 0.393 0. -256.589 0.393 0.919 0. 257.211 0. 0. -1. 0.
-0.919 0.394 0. -256.564 0.394 0.919 0. 257.233 0. 0. -1. 0.
-0.918 0.396 0. -256.540 0.396 0.918 0. 257.227 0. 0. -1. 0.
-0.919 0.395 0. -256.575 0.395 0.919 0. 257.327 0. 0. -1. 0.
-0.918 0.398 0. -256.516 0.398 0.918 0. 257.263 0. 0. -1. 0.
-0.919 0.393 0. -256.573 0.393 0.919 0. 257.255 0. 0. -1. 0.
-0.919 0.394 0. -256.634 0.394 0.919 0. 257.199 0. 0. -1. 0.
-0.917 0.399 0. -256.546 0.399 0.917 0. 257.265 0. 0. -1. 0.
-0.919 0.394 0. -256.579 0.394 0.919 0. 257.169 0. 0. -1. 0.
-0.919 0.394 0. -256.609 0.394 0.919 0. 257.272 0. 0. -1. 0.
-0.919 0.394 0. -256.545 0.394 0.919 0. 257.353 0. 0. -1. 0.
-0.917 0.398 0. -256.560 0.398 0.917 0. 257.236 0. 0. -1. 0.
-0.918 0.396 0. -256.522 0.396 0.918 0. 257.246 0. 0. -1. 0.
-0.918 0.396 0. -256.650 0.396 0.918 0. 257.346 0. 0. -1. 0.
-0.919 0.393 0. -256.669 0.393 0.919 0. 257.195 0. 0. -1. 0.
-0.919 0.395 0. -256.678 0.395 0.919 0. 257.219 0. 0. -1. 0.
-0.919 0.394 0. -256.803 0.394 0.919 0. 257.389 0. 0. -1. 0.
-0.920 0.393 0. -257.059 0.393 0.920 0. 257.454 0. 0. -1. 0.
-0.920 0.392 0. -257.359 0.392 0.920 0. 257.565 0. 0. -1. 0.
-0.918 0.397 0. -257.721 0.397 0.918 0. 257.741 0. 0. -1. 0.
-0.914 0.406 0. -258.078 0.406 0.914 0. 257.888 0. 0. -1. 0.
-0.915 0.404 0. -258.413 0.404 0.915 0. 258.051 0. 0. -1. 0.
-0.910 0.415 0. -258.789 0.415 0.910 0. 258.166 0. 0. -1. 0.
-0.910 0.415 0. -259.172 0.415 0.910 0. 258.353 0. 0. -1. 0.
-0.904 0.428 0. -259.652 0.428 0.904 0. 258.556 0. 0. -1. 0.
-0.899 0.438 0. -259.961 0.438 0.899 0. 258.779 0. 0. -1. 0.
-0.889 0.457 0. -260.461 0.457 0.889 0. 258.932 0. 0. -1. 0.
-0.877 0.481 0. -260.986 0.481 0.877 0. 259.262 0. 0. -1. 0.
-0.852 0.523 0. -261.484 0.523 0.852 0. 259.670 0. 0. -1. 0.
-0.815 0.580 0. -262.004 0.580 0.815 0. 259.945 0. 0. -1. 0.
-0.769 0.639 0. -262.480 0.639 0.769 0. 260.431 0. 0. -1. 0.
-0.708 0.706 0. -262.931 0.706 0.708 0. 261.138 0. 0. -1. 0.
-0.639 0.769 0. -263.322 0.769 0.639 0. 261.755 0. 0. -1. 0.
-0.556 0.831 0. -263.861 0.831 0.556 0. 262.511 0. 0. -1. 0.
-0.486 0.874 0. -264.202 0.874 0.486 0. 263.297 0. 0. -1. 0.
-0.396 0.918 0. -264.707 0.918 0.396 0. 264.428 0. 0. -1. 0.
-0.297 0.955 0. -264.925 0.955 0.297 0. 265.416 0. 0. -1. 0.
-0.205 0.979 0. -265.122 0.979 0.205 0. 266.667 0. 0. -1. 0.
-0.132 0.991 0. -265.358 0.991 0.132 0. 267.892 0. 0. -1. 0.
-0.061 0.998 0. -265.296 0.998 0.061 0. 269.277 0. 0. -1. 0.
0.009 1. 0. -265.286 1. -0.009 -0. 270.698 0. 0. -1. 0.
0.063 0.998 0. -265.145 0.998 -0.063 -0. 272.179 0. 0. -1. 0.
0.117 0.993 0. -264.949 0.993 -0.117 -0. 273.719 0. 0. -1. 0.
0.149 0.989 0. -264.586 0.989 -0.149 -0. 275.356 0. 0. -1. 0.
0.161 0.987 0. -264.271 0.987 -0.161 -0. 277.190 0. 0. -1. 0.
0.174 0.985 0. -263.998 0.985 -0.174 -0. 279.015 0. 0. -1. 0.
0.191 0.982 0. -263.562 0.982 -0.191 -0. 280.930 0. 0. -1. 0.
0.208 0.978 0. -263.172 0.978 -0.208 -0. 282.916 0. 0. -1. 0.
0.215 0.977 0. -262.610 0.977 -0.215 -0. 284.919 0. 0. -1. 0.
0.221 0.975 0. -262.071 0.975 -0.221 -0. 287.087 0. 0. -1. 0.
0.218 0.976 0. -261.479 0.976 -0.218 -0. 289.246 0. 0. -1. 0.
0.224 0.975 0. -261.086 0.975 -0.224 -0. 291.517 0. 0. -1. 0.
0.223 0.975 0. -260.415 0.975 -0.223 -0. 293.780 0. 0. -1. 0.
0.226 0.974 0. -259.880 0.974 -0.226 -0. 296.147 0. 0. -1. 0.
0.224 0.975 0. -259.252 0.975 -0.224 -0. 298.566 0. 0. -1. 0.
0.227 0.974 0. -258.643 0.974 -0.227 -0. 301.094 0. 0. -1. 0.
0.228 0.974 0. -257.879 0.974 -0.228 -0. 303.605 0. 0. -1. 0.
0.230 0.973 0. -257.357 0.973 -0.230 -0. 306.251 0. 0. -1. 0.
0.228 0.974 0. -256.577 0.974 -0.228 -0. 308.921 0. 0. -1. 0.
0.227 0.974 0. -255.899 0.974 -0.227 -0. 311.689 0. 0. -1. 0.
0.231 0.973 0. -255.242 0.973 -0.231 -0. 314.505 0. 0. -1. 0.
0.223 0.975 0. -254.472 0.975 -0.223 -0. 317.394 0. 0. -1. 0.
0.228 0.974 0. -253.829 0.974 -0.228 -0. 320.317 0. 0. -1. 0.
0.226 0.974 0. -252.966 0.974 -0.226 -0. 323.260 0. 0. -1. 0.
0.230 0.973 0. -252.216 0.973 -0.230 -0. 326.330 0. 0. -1. 0.
0.228 0.974 0. -251.434 0.974 -0.228 -0. 329.357 0. 0. -1. 0.
0.235 0.972 0. -250.706 0.972 -0.235 -0. 332.433 0. 0. -1. 0.
0.234 0.972 0. -249.860 0.972 -0.234 -0. 335.490 0. 0. -1. 0.
0.233 0.972 0. -249.100 0.972 -0.233 -0. 338.523 0. 0. -1. 0.
0.227 0.974 0. -248.289 0.974 -0.227 -0. 341.593 0. 0. -1. 0.
0.228 0.974 0. -247.616 0.974 -0.228 -0. 344.713 0. 0. -1. 0.
0.230 0.973 0. -246.705 0.973 -0.230 -0. 347.695 0. 0. -1. 0.
0.235 0.972 0. -245.939 0.972 -0.235 -0. 350.692 0. 0. -1. 0.
0.239 0.971 0. -245.305 0.971 -0.239 -0. 353.686 0. 0. -1. 0.
0.233 0.972 0. -244.282 0.972 -0.233 -0. 356.575 0. 0. -1. 0.
0.237 0.971 0. -243.567 0.971 -0.237 -0. 359.548 0. 0. -1. 0.
0.240 0.971 0. -242.822 0.971 -0.240 -0. 362.381 0. 0. -1. 0.
0.241 0.970 0. -242.071 0.970 -0.241 -0. 365.284 0. 0. -1. 0.
0.239 0.971 0. -241.291 0.971 -0.239 -0. 368.105 0. 0. -1. 0.
0.236 0.972 0. -240.558 0.972 -0.236 -0. 371.013 0. 0. -1. 0.
0.237 0.971 0. -239.709 0.971 -0.237 -0. 373.760 0. 0. -1. 0.
0.241 0.970 0. -239.045 0.970 -0.241 -0. 376.509 0. 0. -1. 0.
0.242 0.970 0. -238.339 0.970 -0.242 -0. 379.201 0. 0. -1. 0.
0.235 0.972 0. -237.630 0.972 -0.235 -0. 381.918 0. 0. -1. 0.
0.237 0.972 0. -237.016 0.972 -0.237 -0. 384.626 0. 0. -1. 0.
0.230 0.973 0. -236.183 0.973 -0.230 -0. 387.214 0. 0. -1. 0.
0.225 0.974 0. -235.576 0.974 -0.225 -0. 389.873 0. 0. -1. 0.
0.226 0.974 0. -234.878 0.974 -0.226 -0. 392.405 0. 0. -1. 0.
0.229 0.973 0. -234.340 0.973 -0.229 -0. 394.932 0. 0. -1. 0.
0.223 0.975 0. -233.728 0.975 -0.223 -0. 397.372 0. 0. -1. 0.
0.224 0.975 0. -233.152 0.975 -0.224 -0. 399.725 0. 0. -1. 0.
0.220 0.976 0. -232.585 0.976 -0.220 -0. 402.002 0. 0. -1. 0.
0.223 0.975 0. -232.080 0.975 -0.223 -0. 404.271 0. 0. -1. 0.
0.230 0.973 0. -231.529 0.973 -0.230 -0. 406.396 0. 0. -1. 0.
0.229 0.973 0. -230.865 0.973 -0.229 -0. 408.449 0. 0. -1. 0.
0.231 0.973 0. -230.519 0.973 -0.231 -0. 410.598 0. 0. -1. 0.
0.227 0.974 0. -229.872 0.974 -0.227 -0. 412.534 0. 0. -1. 0.
0.234 0.972 0. -229.465 0.972 -0.234 -0. 414.582 0. 0. -1. 0.
0.227 0.974 0. -228.828 0.974 -0.227 -0. 416.453 0. 0. -1. 0.
0.232 0.973 0. -228.548 0.973 -0.232 -0. 418.457 0. 0. -1. 0.
0.235 0.972 0. -227.919 0.972 -0.235 -0. 420.290 0. 0. -1. 0.
0.237 0.972 0. -227.467 0.972 -0.237 -0. 422.216 0. 0. -1. 0.
0.234 0.972 0. -226.990 0.972 -0.234 -0. 424.119 0. 0. -1. 0.
0.230 0.973 0. -226.532 0.973 -0.230 -0. 425.948 0. 0. -1. 0.
0.229 0.973 0. -226.038 0.973 -0.229 -0. 427.810 0. 0. -1. 0.
0.234 0.972 0. -225.549 0.972 -0.234 -0. 429.664 0. 0. -1. 0.
0.234 0.972 0. -225.054 0.972 -0.234 -0. 431.441 0. 0. -1. 0.
0.235 0.972 0. -224.617 0.972 -0.235 -0. 433.318 0. 0. -1. 0.
0.229 0.973 0. -224.132 0.973 -0.229 -0. 435.159 0. 0. -1. 0.
0.228 0.974 0. -223.641 0.974 -0.228 -0. 437.066 0. 0. -1. 0.
0.231 0.973 0. -223.178 0.973 -0.231 -0. 439.053 0. 0. -1. 0.
0.225 0.974 0. -222.593 0.974 -0.225 -0. 440.963 0. 0. -1. 0.
0.227 0.974 0. -222.172 0.974 -0.227 -0. 443.065 0. 0. -1. 0.
0.226 0.974 0. -221.516 0.974 -0.226 -0. 445.076 0. 0. -1. 0.
0.231 0.973 0. -221.074 0.973 -0.231 -0. 447.351 0. 0. -1. 0.
0.234 0.972 0. -220.407 0.972 -0.234 -0. 449.500 0. 0. -1. 0.
0.235 0.972 0. -219.812 0.972 -0.235 -0. 451.773 0. 0. -1. 0.
0.237 0.972 0. -219.222 0.972 -0.237 -0. 454.045 0. 0. -1. 0.
0.229 0.973 0. -218.627 0.973 -0.229 -0. 456.343 0. 0. -1. 0.
0.230 0.973 0. -217.969 0.973 -0.230 -0. 458.596 0. 0. -1. 0.
0.231 0.973 0. -217.422 0.973 -0.231 -0. 460.871 0. 0. -1. 0.
0.233 0.973 0. -216.867 0.973 -0.233 -0. 463.255 0. 0. -1. 0.
0.235 0.972 0. -216.279 0.972 -0.235 -0. 465.522 0. 0. -1. 0.
0.234 0.972 0. -215.609 0.972 -0.234 -0. 467.767 0. 0. -1. 0.
0.239 0.971 0. -215.089 0.971 -0.239 -0. 470.086 0. 0. -1. 0.
0.238 0.971 0. -214.517 0.971 -0.238 -0. 472.351 0. 0. -1. 0.
0.233 0.973 0. -213.885 0.973 -0.233 -0. 474.623 0. 0. -1. 0.
0.238 0.971 0. -213.306 0.971 -0.238 -0. 476.907 0. 0. -1. 0.
0.236 0.972 0. -212.757 0.972 -0.236 -0. 479.302 0. 0. -1. 0.
0.233 0.972 0. -212.119 0.972 -0.233 -0. 481.588 0. 0. -1. 0.
0.237 0.971 0. -211.513 0.971 -0.237 -0. 483.929 0. 0. -1. 0.
0.235 0.972 0. -210.899 0.972 -0.235 -0. 486.217 0. 0. -1. 0.
0.238 0.971 0. -210.166 0.971 -0.238 -0. 488.595 0. 0. -1. 0.
0.234 0.972 0. -209.585 0.972 -0.234 -0. 490.884 0. 0. -1. 0.
0.239 0.971 0. -209.012 0.971 -0.239 -0. 493.241 0. 0. -1. 0.
0.243 0.970 0. -208.509 0.970 -0.243 -0. 495.576 0. 0. -1. 0.
0.239 0.971 0. -207.851 0.971 -0.239 -0. 497.872 0. 0. -1. 0.
0.240 0.971 0. -207.187 0.971 -0.240 -0. 500.165 0. 0. -1. 0.
0.240 0.971 0. -206.580 0.971 -0.240 -0. 502.449 0. 0. -1. 0.
0.243 0.970 0. -206.022 0.970 -0.243 -0. 504.722 0. 0. -1. 0.
0.246 0.969 0. -205.406 0.969 -0.246 -0. 506.926 0. 0. -1. 0.
0.243 0.970 0. -204.744 0.970 -0.243 -0. 509.183 0. 0. -1. 0.
0.245 0.970 0. -204.224 0.970 -0.245 -0. 511.388 0. 0. -1. 0.
0.249 0.969 0. -203.663 0.969 -0.249 -0. 513.612 0. 0. -1. 0.
0.249 0.969 0. -203.052 0.969 -0.249 -0. 515.725 0. 0. -1. 0.
0.242 0.970 0. -202.431 0.970 -0.242 -0. 517.858 0. 0. -1. 0.
0.251 0.968 0. -201.933 0.968 -0.251 -0. 519.922 0. 0. -1. 0.
0.250 0.968 0. -201.330 0.968 -0.250 -0. 521.792 0. 0. -1. 0.
0.251 0.968 0. -200.919 0.968 -0.251 -0. 523.788 0. 0. -1. 0.
0.244 0.970 0. -200.379 0.970 -0.244 -0. 525.577 0. 0. -1. 0.
0.245 0.969 0. -199.860 0.969 -0.245 -0. 527.310 0. 0. -1. 0.
0.239 0.971 0. -199.413 0.971 -0.239 -0. 528.955 0. 0. -1. 0.
0.247 0.969 0. -199.031 0.969 -0.247 -0. 530.594 0. 0. -1. 0.
0.240 0.971 0. -198.708 0.971 -0.240 -0. 532.048 0. 0. -1. 0.
0.242 0.970 0. -198.281 0.970 -0.242 -0. 533.620 0. 0. -1. 0.
0.237 0.972 0. -197.774 0.972 -0.237 -0. 534.903 0. 0. -1. 0.
0.233 0.972 0. -197.478 0.972 -0.233 -0. 536.258 0. 0. -1. 0.
0.225 0.974 0. -197.127 0.974 -0.225 -0. 537.442 0. 0. -1. 0.
0.226 0.974 0. -196.961 0.974 -0.226 -0. 538.573 0. 0. -1. 0.
0.215 0.977 0. -196.726 0.977 -0.215 -0. 539.543 0. 0. -1. 0.
0.213 0.977 0. -196.536 0.977 -0.213 -0. 540.477 0. 0. -1. 0.
0.205 0.979 0. -196.347 0.979 -0.205 -0. 541.253 0. 0. -1. 0.
0.205 0.979 0. -196.191 0.979 -0.205 -0. 541.970 0. 0. -1. 0.
0.208 0.978 0. -196.082 0.978 -0.208 -0. 542.659 0. 0. -1. 0.
0.205 0.979 0. -195.888 0.979 -0.205 -0. 543.138 0. 0. -1. 0.
0.201 0.980 0. -195.785 0.980 -0.201 -0. 543.665 0. 0. -1. 0.
0.205 0.979 0. -195.892 0.979 -0.205 -0. 544.073 0. 0. -1. 0.
0.200 0.980 0. -195.698 0.980 -0.200 -0. 544.340 0. 0. -1. 0.
0.204 0.979 0. -195.568 0.979 -0.204 -0. 544.593 0. 0. -1. 0.
0.202 0.979 0. -195.565 0.979 -0.202 -0. 544.741 0. 0. -1. 0.
0.208 0.978 0. -195.560 0.978 -0.208 -0. 544.866 0. 0. -1. 0.
0.204 0.979 0. -195.564 0.979 -0.204 -0. 544.941 0. 0. -1. 0.
0.204 0.979 0. -195.541 0.979 -0.204 -0. 545.057 0. 0. -1. 0.
0.203 0.979 0. -195.485 0.979 -0.203 -0. 544.982 0. 0. -1. 0.
0.205 0.979 0. -195.612 0.979 -0.205 -0. 545.088 0. 0. -1. 0.
0.206 0.979 0. -195.498 0.979 -0.206 -0. 544.977 0. 0. -1. 0.
0.205 0.979 0. -195.485 0.979 -0.205 -0. 545.023 0. 0. -1. 0.
0.209 0.978 0. -195.581 0.978 -0.209 -0. 545.037 0. 0. -1. 0.
0.204 0.979 0. -195.514 0.979 -0.204 -0. 545.044 0. 0. -1. 0.
0.200 0.980 0. -195.449 0.980 -0.200 -0. 545.012 0. 0. -1. 0.
0.200 0.980 0. -195.479 0.980 -0.200 -0. 545.020 0. 0. -1. 0.
