0.980 0.199 0. -1.755 0.199 -0.980 0. -0.263 0. 0. -1. 0.
0.980 0.199 0. -1.755 0.199 -0.980 0. -0.263 0. 0. -1. 0.
0.980 0.199 0. -1.755 0.199 -0.980 0. -0.263 0. 0. -1. 0.
0.980 0.199 0. -1.755 0.199 -0.980 0. -0.263 0. 0. -1. 0.
0.980 0.199 0. -1.755 0.199 -0.980 0. -0.263 0. 0. -1. 0.
0.980 0.199 0. -1.755 0.199 -0.980 0. -0.263 0. 0. -1. 0.
0.980 0.199 0. -1.755 0.199 -0.980 0. -0.263 0. 0. -1. 0.
0.980 0.199 0. -1.755 0.199 -0.980 0. -0.263 0. 0. -1. 0.
0.980 0.199 0. -1.755 0.199 -0.980 0. -0.263 0. 0. -1. 0.
0.980 0.199 0. -1.755 0.199 -0.980 0. -0.263 0. 0. -1. 0.
0.980 0.199 0. -1.755 0.199 -0.980 0. -0.263 0. 0. -1. 0.
0.980 0.199 0. -1.755 0.199 -0.980 0. -0.263 0. 0. -1. 0.
0.980 0.199 0. -1.755 0.199 -0.980 0. -0.263 0. 0. -1. 0.
0.980 0.199 0. -1.755 0.199 -0.980 0. -0.263 0. 0. -1. 0.
0.980 0.199 0. -1.755 0.199 -0.980 0. -0.263 0. 0. -1. 0.
0.980 0.199 0. -1.755 0.199 -0.980 0. -0.263 0. 0. -1. 0.
0.980 0.199 0. -1.755 0.199 -0.980 0. -0.263 0. 0. -1. 0.
0.980 0.199 0. -1.755 0.199 -0.980 0. -0.263 0. 0. -1. 0.
0.980 0.199 0. -1.755 0.199 -0.980 0. -0.263 0. 0. -1. 0.
0.980 0.199 0. -1.755 0.199 -0.980 0. -0.263 0. 0. -1. 0.
0.980 0.199 0. -1.755 0.199 -0.980 0. -0.263 0. 0. -1. 0.
0.980 0.199 0. -1.755 0.199 -0.980 0. -0.263 0. 0. -1. 0.
0.980 0.199 0. -1.755 0.199 -0.980 0. -0.263 0. 0. -1. 0.
0.980 0.199 0. -1.755 0.199 -0.980 0. -0.263 0. 0. -1. 0.
0.980 0.199 0. -1.755 0.199 -0.980 0. -0.263 0. 0. -1. 0.
0.980 0.199 0. -1.755 0.199 -0.980 0. -0.263 0. 0. -1. 0.
0.980 0.199 0. -1.755 0.199 -0.980 0. -0.263 0. 0. -1. 0.
0.980 0.199 0. -1.755 0.199 -0.980 0. -0.263 0. 0. -1. 0.
0.980 0.199 0. -1.755 0.199 -0.980 0. -0.263 0. 0. -1. 0.
0.980 0.199 0. -1.755 0.199 -0.980 0. -0.263 0. 0. -1. 0.
0.980 0.199 0. -1.755 0.199 -0.980 0. -0.263 0. 0. -1. 0.
0.980 0.199 0. -1.755 0.199 -0.980 0. -0.263 0. 0. -1. 0.
0.980 0.199 0. -1.755 0.199 -0.980 0. -0.263 0. 0. -1. 0.
0.980 0.199 0. -1.755 0.199 -0.980 0. -0.263 0. 0. -1. 0.
0.980 0.199 0. -1.755 0.199 -0.980 0. -0.263 0. 0. -1. 0.
0.980 0.199 0. -1.755 0.199 -0.980 0. -0.263 0. 0. -1. 0.
0.980 0.199 0. -1.755 0.199 -0.980 0. -0.263 0. 0. -1. 0.
0.980 0.199 0. -1.755 0.199 -0.980 0. -0.263 0. 0. -1. 0.
0.980 0.199 0. -1.755 0.199 -0.980 0. -0.263 0. 0. -1. 0.
0.980 0.199 0. -1.755 0.199 -0.980 0. -0.263 0. 0. -1. 0.
0.980 0.199 0. -1.755 0.199 -0.980 0. -0.263 0. 0. -1. 0.
0.980 0.199 0. -1.755 0.199 -0.980 0. -0.263 0. 0. -1. 0.
0.980 0.199 0. -1.755 0.199 -0.980 0. -0.263 0. 0. -1. 0.
0.980 0.199 0. -1.755 0.199 -0.980 0. -0.263 0. 0. -1. 0.
0.980 0.199 0. -1.755 0.199 -0.980 0. -0.263 0. 0. -1. 0.
0.980 0.199 0. -1.746 0.199 -0.980 0. -0.262 0. 0. -1. 0.
0.980 0.198 0. -1.714 0.198 -0.980 0. -0.255 0. 0. -1. 0.
0.980 0.198 0. -1.671 0.198 -0.980 0. -0.248 0. 0. -1. 0.
0.980 0.198 0. -1.618 0.198 -0.980 0. -0.238 0. 0. -1. 0.
0.980 0.197 0. -1.551 0.197 -0.980 0. -0.226 0. 0. -1. 0.
0.981 0.195 0. -1.456 0.195 -0.981 0. -0.210 0. 0. -1. 0.
0.981 0.193 0. -1.314 0.193 -0.981 0. -0.186 0. 0. -1. 0.
0.982 0.190 0. -1.105 0.190 -0.982 0. -0.152 0. 0. -1. 0.
0.983 0.185 0. -0.820 0.185 -0.983 0. -0.106 0. 0. -1. 0.
0.984 0.179 0. -0.459 0.179 -0.984 0. -0.051 0. 0. -1. 0.
0.986 0.169 0. -0.009 0.169 -0.986 0. 0.014 0. 0. -1. 0.
0.988 0.154 0. 0.532 0.154 -0.988 0. 0.084 0. 0. -1. 0.
0.990 0.139 0. 1.154 0.139 -0.990 0. 0.165 0. 0. -1. 0.
0.992 0.123 0. 1.849 0.123 -0.992 0. 0.225 0. 0. -1. 0.
0.994 0.113 0. 2.617 0.113 -0.994 0. 0.301 0. 0. -1. 0.
0.995 0.104 0. 3.466 0.104 -0.995 0. 0.390 0. 0. -1. 0.
0.995 0.096 0. 4.393 0.096 -0.995 0. 0.467 0. 0. -1. 0.
0.996 0.087 0. 5.373 0.087 -0.996 0. 0.542 0. 0. -1. 0.
0.997 0.079 0. 6.406 0.079 -0.997 0. 0.607 0. 0. -1. 0.
0.997 0.074 0. 7.474 0.074 -0.997 0. 0.665 0. 0. -1. 0.
0.998 0.069 0. 8.566 0.069 -0.998 0. 0.723 0. 0. -1. 0.
0.998 0.064 0. 9.658 0.064 -0.998 0. 0.764 0. 0. -1. 0.
0.998 0.060 0. 10.732 0.060 -0.998 0. 0.805 0. 0. -1. 0.
0.998 0.056 0. 11.798 0.056 -0.998 0. 0.837 0. 0. -1. 0.
0.999 0.054 0. 12.853 0.054 -0.999 0. 0.883 0. 0. -1. 0.
0.998 0.055 0. 13.811 0.055 -0.998 0. 0.906 0. 0. -1. 0.
0.998 0.063 0. 14.720 0.063 -0.998 0. 0.951 0. 0. -1. 0.
0.997 0.076 0. 15.597 0.076 -0.997 0. 1.014 0. 0. -1. 0.
0.996 0.089 0. 16.430 0.089 -0.996 0. 1.080 0. 0. -1. 0.
0.995 0.101 0. 17.188 0.101 -0.995 0. 1.148 0. 0. -1. 0.
0.994 0.112 0. 17.922 0.112 -0.994 0. 1.217 0. 0. -1. 0.
0.993 0.121 0. 18.627 0.121 -0.993 0. 1.298 0. 0. -1. 0.
0.991 0.131 0. 19.309 0.131 -0.991 0. 1.375 0. 0. -1. 0.
0.990 0.141 0. 19.965 0.141 -0.990 0. 1.458 0. 0. -1. 0.
0.989 0.150 0. 20.601 0.150 -0.989 0. 1.541 0. 0. -1. 0.
0.987 0.159 0. 21.226 0.159 -0.987 0. 1.627 0. 0. -1. 0.
0.986 0.167 0. 21.853 0.167 -0.986 0. 1.720 0. 0. -1. 0.
0.984 0.176 0. 22.488 0.176 -0.984 0. 1.822 0. 0. -1. 0.
0.983 0.186 0. 23.163 0.186 -0.983 0. 1.933 0. 0. -1. 0.
0.981 0.195 0. 23.892 0.195 -0.981 0. 2.053 0. 0. -1. 0.
0.979 0.204 0. 24.672 0.204 -0.979 0. 2.192 0. 0. -1. 0.
0.977 0.211 0. 25.494 0.211 -0.977 0. 2.366 0. 0. -1. 0.
0.976 0.219 0. 26.376 0.219 -0.976 0. 2.547 0. 0. -1. 0.
0.974 0.226 0. 27.339 0.226 -0.974 0. 2.723 0. 0. -1. 0.
0.973 0.231 0. 28.336 0.231 -0.973 0. 2.956 0. 0. -1. 0.
0.972 0.234 0. 29.417 0.234 -0.972 0. 3.187 0. 0. -1. 0.
0.971 0.237 0. 30.597 0.237 -0.971 0. 3.427 0. 0. -1. 0.
0.971 0.241 0. 31.802 0.241 -0.971 0. 3.738 0. 0. -1. 0.
0.970 0.242 0. 33.082 0.242 -0.970 0. 3.998 0. 0. -1. 0.
0.970 0.241 0. 34.448 0.241 -0.970 0. 4.349 0. 0. -1. 0.
0.970 0.242 0. 35.841 0.242 -0.970 0. 4.653 0. 0. -1. 0.
0.971 0.240 0. 37.242 0.240 -0.971 0. 4.965 0. 0. -1. 0.
0.971 0.239 0. 38.608 0.239 -0.971 0. 5.292 0. 0. -1. 0.
0.971 0.240 0. 40.008 0.240 -0.971 0. 5.598 0. 0. -1. 0.
0.971 0.240 0. 41.409 0.240 -0.971 0. 5.933 0. 0. -1. 0.
0.972 0.237 0. 42.765 0.237 -0.972 0. 6.213 0. 0. -1. 0.
0.972 0.235 0. 44.126 0.235 -0.972 0. 6.521 0. 0. -1. 0.
0.972 0.236 0. 45.513 0.236 -0.972 0. 6.816 0. 0. -1. 0.
0.971 0.238 0. 46.921 0.238 -0.971 0. 7.145 0. 0. -1. 0.
0.970 0.242 0. 48.373 0.242 -0.970 0. 7.481 0. 0. -1. 0.
0.970 0.244 0. 49.877 0.244 -0.970 0. 7.815 0. 0. -1. 0.
0.970 0.245 0. 51.421 0.245 -0.970 0. 8.176 0. 0. -1. 0.
0.968 0.249 0. 52.991 0.249 -0.968 0. 8.532 0. 0. -1. 0.
0.967 0.254 0. 54.615 0.254 -0.967 0. 8.911 0. 0. -1. 0.
0.965 0.262 0. 56.284 0.262 -0.965 0. 9.319 0. 0. -1. 0.
0.963 0.268 0. 57.974 0.268 -0.963 0. 9.742 0. 0. -1. 0.
0.962 0.273 0. 59.682 0.273 -0.962 0. 10.189 0. 0. -1. 0.
0.960 0.279 0. 61.431 0.279 -0.960 0. 10.652 0. 0. -1. 0.
0.959 0.284 0. 63.200 0.284 -0.959 0. 11.145 0. 0. -1. 0.
0.957 0.289 0. 65.027 0.289 -0.957 0. 11.656 0. 0. -1. 0.
0.956 0.293 0. 66.889 0.293 -0.956 0. 12.183 0. 0. -1. 0.
0.956 0.294 0. 68.798 0.294 -0.956 0. 12.728 0. 0. -1. 0.
0.957 0.291 0. 70.706 0.291 -0.957 0. 13.273 0. 0. -1. 0.
0.959 0.282 0. 72.618 0.282 -0.959 0. 13.804 0. 0. -1. 0.
0.964 0.265 0. 74.535 0.265 -0.964 0. 14.305 0. 0. -1. 0.
0.971 0.240 0. 76.458 0.240 -0.971 0. 14.784 0. 0. -1. 0.
0.979 0.205 0. 78.386 0.205 -0.979 0. 15.172 0. 0. -1. 0.
0.986 0.166 0. 80.346 0.166 -0.986 0. 15.494 0. 0. -1. 0.
0.993 0.122 0. 82.294 0.122 -0.993 0. 15.713 0. 0. -1. 0.
0.997 0.078 0. 84.215 0.078 -0.997 0. 15.860 0. 0. -1. 0.
0.999 0.032 0. 86.171 0.032 -0.999 0. 15.915 0. 0. -1. 0.
1.000 -0.020 0. 88.123 -0.020 -1.000 -0. 15.881 0. 0. -1. 0.
0.997 -0.079 0. 90.078 -0.079 -0.997 -0. 15.724 0. 0. -1. 0.
0.990 -0.142 0. 92.012 -0.142 -0.990 -0. 15.445 0. 0. -1. 0.
0.979 -0.205 0. 93.967 -0.205 -0.979 -0. 15.035 0. 0. -1. 0.
0.964 -0.267 0. 95.881 -0.267 -0.964 -0. 14.515 0. 0. -1. 0.
0.945 -0.328 0. 97.772 -0.328 -0.945 -0. 13.854 0. 0. -1. 0.
0.921 -0.389 0. 99.631 -0.389 -0.921 -0. 13.085 0. 0. -1. 0.
0.889 -0.459 0. 101.435 -0.459 -0.889 -0. 12.178 0. 0. -1. 0.
0.848 -0.530 0. 103.115 -0.530 -0.848 -0. 11.144 0. 0. -1. 0.
0.803 -0.596 0. 104.696 -0.596 -0.803 -0. 9.963 0. 0. -1. 0.
0.758 -0.652 0. 106.194 -0.652 -0.758 -0. 8.672 0. 0. -1. 0.
0.713 -0.701 0. 107.593 -0.701 -0.713 -0. 7.313 0. 0. -1. 0.
0.669 -0.743 0. 108.900 -0.743 -0.669 -0. 5.829 0. 0. -1. 0.
0.634 -0.774 0. 110.163 -0.774 -0.634 -0. 4.250 0. 0. -1. 0.
0.605 -0.797 0. 111.361 -0.797 -0.605 -0. 2.617 0. 0. -1. 0.
0.584 -0.812 0. 112.545 -0.812 -0.584 -0. 0.941 0. 0. -1. 0.
0.571 -0.821 0. 113.719 -0.821 -0.571 -0. -0.770 0. 0. -1. 0.
0.564 -0.826 0. 114.902 -0.826 -0.564 -0. -2.517 0. 0. -1. 0.
0.564 -0.826 0. 116.078 -0.826 -0.564 -0. -4.291 0. 0. -1. 0.
0.568 -0.823 0. 117.266 -0.823 -0.568 -0. -6.087 0. 0. -1. 0.
0.578 -0.816 0. 118.472 -0.816 -0.578 -0. -7.903 0. 0. -1. 0.
0.591 -0.807 0. 119.722 -0.807 -0.591 -0. -9.709 0. 0. -1. 0.
0.607 -0.795 0. 121.033 -0.795 -0.607 -0. -11.519 0. 0. -1. 0.
0.625 -0.781 0. 122.382 -0.781 -0.625 -0. -13.301 0. 0. -1. 0.
0.641 -0.768 0. 123.750 -0.768 -0.641 -0. -15.035 0. 0. -1. 0.
0.656 -0.754 0. 125.163 -0.754 -0.656 -0. -16.761 0. 0. -1. 0.
0.672 -0.741 0. 126.596 -0.741 -0.672 -0. -18.428 0. 0. -1. 0.
0.685 -0.729 0. 128.054 -0.729 -0.685 -0. -20.059 0. 0. -1. 0.
0.696 -0.718 0. 129.544 -0.718 -0.696 -0. -21.676 0. 0. -1. 0.
0.705 -0.710 0. 131.011 -0.710 -0.705 -0. -23.217 0. 0. -1. 0.
0.709 -0.705 0. 132.495 -0.705 -0.709 -0. -24.753 0. 0. -1. 0.
0.710 -0.705 0. 133.950 -0.705 -0.710 -0. -26.272 0. 0. -1. 0.
0.710 -0.704 0. 135.383 -0.704 -0.710 -0. -27.749 0. 0. -1. 0.
0.709 -0.705 0. 136.835 -0.705 -0.709 -0. -29.251 0. 0. -1. 0.
0.709 -0.705 0. 138.215 -0.705 -0.709 -0. -30.687 0. 0. -1. 0.
0.710 -0.704 0. 139.598 -0.704 -0.710 -0. -32.106 0. 0. -1. 0.
0.714 -0.700 0. 140.943 -0.700 -0.714 -0. -33.499 0. 0. -1. 0.
0.729 -0.684 0. 142.254 -0.684 -0.729 -0. -34.809 0. 0. -1. 0.
0.754 -0.657 0. 143.563 -0.657 -0.754 -0. -36.031 0. 0. -1. 0.
0.788 -0.615 0. 144.896 -0.615 -0.788 -0. -37.141 0. 0. -1. 0.
0.830 -0.557 0. 146.214 -0.557 -0.830 -0. -38.094 0. 0. -1. 0.
0.877 -0.480 0. 147.551 -0.480 -0.877 -0. -38.897 0. 0. -1. 0.
0.926 -0.377 0. 148.878 -0.377 -0.926 -0. -39.518 0. 0. -1. 0.
0.967 -0.255 0. 150.195 -0.255 -0.967 -0. -39.905 0. 0. -1. 0.
0.993 -0.121 0. 151.449 -0.121 -0.993 -0. -40.088 0. 0. -1. 0.
1.000 0.019 0. 152.633 0.019 -1.000 0. -40.079 0. 0. -1. 0.
0.985 0.170 0. 153.760 0.170 -0.985 0. -39.919 0. 0. -1. 0.
0.943 0.333 0. 154.795 0.333 -0.943 0. -39.599 0. 0. -1. 0.
0.867 0.499 0. 155.719 0.499 -0.867 0. -39.076 0. 0. -1. 0.
0.755 0.656 0. 156.516 0.656 -0.755 0. -38.411 0. 0. -1. 0.
0.609 0.793 0. 157.145 0.793 -0.609 0. -37.620 0. 0. -1. 0.
0.434 0.901 0. 157.574 0.901 -0.434 0. -36.743 0. 0. -1. 0.
0.240 0.971 0. 157.795 0.971 -0.240 0. -35.811 0. 0. -1. 0.
0.039 0.999 0. 157.834 0.999 -0.039 0. -34.861 0. 0. -1. 0.
-0.161 0.987 0. 157.678 0.987 0.161 0. -33.944 0. 0. -1. 0.
-0.354 0.935 0. 157.349 0.935 0.354 0. -33.093 0. 0. -1. 0.
-0.534 0.846 0. 156.861 0.846 0.534 0. -32.315 0. 0. -1. 0.
-0.691 0.723 0. 156.205 0.723 0.691 0. -31.635 0. 0. -1. 0.
-0.811 0.585 0. 155.397 0.585 0.811 0. -31.075 0. 0. -1. 0.
-0.892 0.453 0. 154.474 0.453 0.892 0. -30.598 0. 0. -1. 0.
-0.940 0.342 0. 153.457 0.342 0.940 0. -30.211 0. 0. -1. 0.
-0.966 0.260 0. 152.372 0.260 0.966 0. -29.908 0. 0. -1. 0.
-0.978 0.207 0. 151.229 0.207 0.978 0. -29.658 0. 0. -1. 0.
-0.984 0.176 0. 150.033 0.176 0.984 0. -29.415 0. 0. -1. 0.
-0.987 0.159 0. 148.794 0.159 0.987 0. -29.193 0. 0. -1. 0.
-0.988 0.155 0. 147.525 0.155 0.988 0. -28.981 0. 0. -1. 0.
-0.986 0.164 0. 146.226 0.164 0.986 0. -28.728 0. 0. -1. 0.
-0.982 0.190 0. 144.850 0.190 0.982 0. -28.460 0. 0. -1. 0.
-0.975 0.223 0. 143.440 0.223 0.975 0. -28.108 0. 0. -1. 0.
-0.965 0.261 0. 142.029 0.261 0.965 0. -27.705 0. 0. -1. 0.
-0.954 0.300 0. 140.581 0.300 0.954 0. -27.231 0. 0. -1. 0.
-0.940 0.340 0. 139.119 0.340 0.940 0. -26.671 0. 0. -1. 0.
-0.925 0.381 0. 137.635 0.381 0.925 0. -26.034 0. 0. -1. 0.
-0.907 0.422 0. 136.115 0.422 0.907 0. -25.311 0. 0. -1. 0.
-0.881 0.473 0. 134.623 0.473 0.881 0. -24.494 0. 0. -1. 0.
-0.850 0.526 0. 133.159 0.526 0.850 0. -23.571 0. 0. -1. 0.
-0.814 0.581 0. 131.723 0.581 0.814 0. -22.534 0. 0. -1. 0.
-0.771 0.637 0. 130.340 0.637 0.771 0. -21.381 0. 0. -1. 0.
-0.727 0.687 0. 129.018 0.687 0.727 0. -20.100 0. 0. -1. 0.
-0.687 0.726 0. 127.734 0.726 0.687 0. -18.714 0. 0. -1. 0.
-0.653 0.757 0. 126.502 0.757 0.653 0. -17.264 0. 0. -1. 0.
-0.624 0.781 0. 125.281 0.781 0.624 0. -15.727 0. 0. -1. 0.
-0.598 0.802 0. 124.081 0.802 0.598 0. -14.095 0. 0. -1. 0.
-0.579 0.815 0. 122.929 0.815 0.579 0. -12.409 0. 0. -1. 0.
-0.567 0.824 0. 121.788 0.824 0.567 0. -10.653 0. 0. -1. 0.
-0.557 0.830 0. 120.626 0.830 0.557 0. -8.839 0. 0. -1. 0.
-0.548 0.836 0. 119.466 0.836 0.548 0. -7.005 0. 0. -1. 0.
-0.539 0.842 0. 118.314 0.842 0.539 0. -5.133 0. 0. -1. 0.
-0.539 0.842 0. 117.192 0.842 0.539 0. -3.270 0. 0. -1. 0.
-0.547 0.837 0. 116.054 0.837 0.547 0. -1.413 0. 0. -1. 0.
-0.561 0.828 0. 114.892 0.828 0.561 0. 0.417 0. 0. -1. 0.
-0.580 0.814 0. 113.709 0.814 0.580 0. 2.206 0. 0. -1. 0.
-0.613 0.790 0. 112.468 0.790 0.613 0. 3.956 0. 0. -1. 0.
-0.651 0.759 0. 111.147 0.759 0.651 0. 5.629 0. 0. -1. 0.
-0.695 0.719 0. 109.738 0.719 0.695 0. 7.225 0. 0. -1. 0.
-0.738 0.675 0. 108.263 0.675 0.738 0. 8.683 0. 0. -1. 0.
-0.782 0.624 0. 106.696 0.624 0.782 0. 10.048 0. 0. -1. 0.
-0.824 0.566 0. 105.062 0.566 0.824 0. 11.293 0. 0. -1. 0.
-0.863 0.505 0. 103.375 0.505 0.863 0. 12.385 0. 0. -1. 0.
-0.897 0.441 0. 101.616 0.441 0.897 0. 13.347 0. 0. -1. 0.
-0.928 0.373 0. 99.784 0.373 0.928 0. 14.174 0. 0. -1. 0.
-0.953 0.302 0. 97.916 0.302 0.953 0. 14.868 0. 0. -1. 0.
-0.974 0.228 0. 96.007 0.228 0.974 0. 15.387 0. 0. -1. 0.
-0.987 0.159 0. 94.069 0.159 0.987 0. 15.785 0. 0. -1. 0.
-0.996 0.088 0. 92.099 0.088 0.996 0. 16.049 0. 0. -1. 0.
-1.000 0.019 0. 90.134 0.019 1.000 0. 16.176 0. 0. -1. 0.
-0.999 -0.047 0. 88.151 -0.047 0.999 0. 16.160 -0. 0. -1. 0.
-0.995 -0.103 0. 86.152 -0.103 0.995 0. 15.994 -0. 0. -1. 0.
-0.990 -0.142 0. 84.169 -0.142 0.990 0. 15.763 -0. 0. -1. 0.
-0.986 -0.169 0. 82.202 -0.169 0.986 0. 15.474 -0. 0. -1. 0.
-0.982 -0.190 0. 80.231 -0.190 0.982 0. 15.139 -0. 0. -1. 0.
-0.979 -0.203 0. 78.250 -0.203 0.979 0. 14.776 -0. 0. -1. 0.
-0.977 -0.212 0. 76.265 -0.212 0.977 0. 14.371 -0. 0. -1. 0.
-0.976 -0.216 0. 74.262 -0.216 0.976 0. 13.968 -0. 0. -1. 0.
-0.975 -0.223 0. 72.211 -0.223 0.975 0. 13.552 -0. 0. -1. 0.
-0.972 -0.237 0. 70.139 -0.237 0.972 0. 13.113 -0. 0. -1. 0.
-0.967 -0.253 0. 68.044 -0.253 0.967 0. 12.612 -0. 0. -1. 0.
-0.963 -0.268 0. 65.917 -0.268 0.963 0. 12.079 -0. 0. -1. 0.
-0.961 -0.277 0. 63.767 -0.277 0.961 0. 11.493 -0. 0. -1. 0.
-0.960 -0.279 0. 61.584 -0.279 0.960 0. 10.892 -0. 0. -1. 0.
-0.960 -0.279 0. 59.359 -0.279 0.960 0. 10.293 -0. 0. -1. 0.
-0.962 -0.273 0. 57.094 -0.273 0.962 0. 9.701 -0. 0. -1. 0.
-0.964 -0.267 0. 54.774 -0.267 0.964 0. 9.123 -0. 0. -1. 0.
-0.965 -0.261 0. 52.450 -0.261 0.965 0. 8.536 -0. 0. -1. 0.
-0.968 -0.252 0. 50.108 -0.252 0.968 0. 7.982 -0. 0. -1. 0.
-0.970 -0.244 0. 47.737 -0.244 0.970 0. 7.436 -0. 0. -1. 0.
-0.972 -0.236 0. 45.392 -0.236 0.972 0. 6.898 -0. 0. -1. 0.
-0.974 -0.228 0. 43.000 -0.228 0.974 0. 6.403 -0. 0. -1. 0.
-0.974 -0.227 0. 40.624 -0.227 0.974 0. 5.909 -0. 0. -1. 0.
-0.975 -0.223 0. 38.237 -0.223 0.975 0. 5.407 -0. 0. -1. 0.
-0.976 -0.220 0. 35.880 -0.220 0.976 0. 4.917 -0. 0. -1. 0.
-0.977 -0.215 0. 33.451 -0.215 0.977 0. 4.419 -0. 0. -1. 0.
-0.978 -0.210 0. 31.076 -0.210 0.978 0. 3.936 -0. 0. -1. 0.
-0.979 -0.203 0. 28.608 -0.203 0.979 0. 3.487 -0. 0. -1. 0.
-0.981 -0.196 0. 26.174 -0.196 0.981 0. 3.060 -0. 0. -1. 0.
-0.982 -0.190 0. 23.694 -0.190 0.982 0. 2.627 -0. 0. -1. 0.
-0.983 -0.184 0. 21.181 -0.184 0.983 0. 2.213 -0. 0. -1. 0.
-0.984 -0.180 0. 18.642 -0.180 0.984 0. 1.805 -0. 0. -1. 0.
-0.984 -0.176 0. 16.082 -0.176 0.984 0. 1.389 -0. 0. -1. 0.
-0.985 -0.172 0. 13.528 -0.172 0.985 0. 0.971 -0. 0. -1. 0.
-0.986 -0.167 0. 10.965 -0.167 0.986 0. 0.574 -0. 0. -1. 0.
-0.987 -0.160 0. 8.381 -0.160 0.987 0. 0.189 -0. 0. -1. 0.
-0.988 -0.155 0. 5.824 -0.155 0.988 0. -0.180 -0. 0. -1. 0.
-0.989 -0.151 0. 3.260 -0.151 0.989 0. -0.528 -0. 0. -1. 0.
-0.989 -0.151 0. 0.692 -0.151 0.989 0. -0.896 -0. 0. -1. 0.
-0.988 -0.152 0. -1.852 -0.152 0.988 0. -1.247 -0. 0. -1. 0.
-0.987 -0.158 0. -4.413 -0.158 0.987 0. -1.595 -0. 0. -1. 0.
-0.986 -0.166 0. -6.932 -0.166 0.986 0. -1.952 -0. 0. -1. 0.
-0.985 -0.175 0. -9.477 -0.175 0.985 0. -2.339 -0. 0. -1. 0.
-0.983 -0.181 0. -12.020 -0.181 0.983 0. -2.792 -0. 0. -1. 0.
-0.984 -0.179 0. -14.520 -0.179 0.984 0. -3.210 -0. 0. -1. 0.
-0.984 -0.176 0. -17.101 -0.176 0.984 0. -3.598 -0. 0. -1. 0.
-0.985 -0.175 0. -19.651 -0.175 0.985 0. -3.994 -0. 0. -1. 0.
-0.984 -0.178 0. -22.243 -0.178 0.984 0. -4.383 -0. 0. -1. 0.
-0.983 -0.182 0. -24.819 -0.182 0.983 0. -4.776 -0. 0. -1. 0.
-0.983 -0.186 0. -27.376 -0.186 0.983 0. -5.182 -0. 0. -1. 0.
-0.981 -0.192 0. -29.924 -0.192 0.981 0. -5.629 -0. 0. -1. 0.
-0.981 -0.196 0. -32.429 -0.196 0.981 0. -6.103 -0. 0. -1. 0.
-0.980 -0.201 0. -34.935 -0.201 0.980 0. -6.580 -0. 0. -1. 0.
-0.979 -0.206 0. -37.400 -0.206 0.979 0. -7.053 -0. 0. -1. 0.
-0.977 -0.213 0. -39.848 -0.213 0.977 0. -7.530 -0. 0. -1. 0.
-0.976 -0.219 0. -42.292 -0.219 0.976 0. -8.022 -0. 0. -1. 0.
-0.974 -0.227 0. -44.659 -0.227 0.974 0. -8.503 -0. 0. -1. 0.
-0.972 -0.236 0. -46.988 -0.236 0.972 0. -9.002 -0. 0. -1. 0.
-0.970 -0.244 0. -49.195 -0.244 0.970 0. -9.499 -0. 0. -1. 0.
-0.968 -0.252 0. -51.334 -0.252 0.968 0. -9.993 -0. 0. -1. 0.
-0.967 -0.256 0. -53.369 -0.256 0.967 0. -10.484 -0. 0. -1. 0.
-0.967 -0.255 0. -55.271 -0.255 0.967 0. -10.964 -0. 0. -1. 0.
-0.969 -0.249 0. -57.087 -0.249 0.969 0. -11.403 -0. 0. -1. 0.
-0.972 -0.234 0. -58.774 -0.234 0.972 0. -11.789 -0. 0. -1. 0.
-0.977 -0.213 0. -60.353 -0.213 0.977 0. -12.107 -0. 0. -1. 0.
-0.984 -0.179 0. -61.834 -0.179 0.984 0. -12.364 -0. 0. -1. 0.
-0.991 -0.134 0. -63.203 -0.134 0.991 0. -12.528 -0. 0. -1. 0.
-0.997 -0.079 0. -64.476 -0.079 0.997 0. -12.635 -0. 0. -1. 0.
-1. -0.010 0. -65.652 -0.010 1. 0. -12.637 -0. 0. -1. 0.
-0.997 0.073 0. -66.769 0.073 0.997 0. -12.551 0. 0. -1. 0.
-0.986 0.170 0. -67.853 0.170 0.986 0. -12.356 0. 0. -1. 0.
-0.960 0.278 0. -68.883 0.278 0.960 0. -12.043 0. 0. -1. 0.
-0.920 0.392 0. -69.839 0.392 0.920 0. -11.643 0. 0. -1. 0.
-0.863 0.505 0. -70.709 0.505 0.863 0. -11.086 0. 0. -1. 0.
-0.793 0.609 0. -71.505 0.609 0.793 0. -10.455 0. 0. -1. 0.
-0.714 0.700 0. -72.232 0.700 0.714 0. -9.735 0. 0. -1. 0.
-0.631 0.776 0. -72.851 0.776 0.631 0. -8.913 0. 0. -1. 0.
-0.550 0.835 0. -73.424 0.835 0.550 0. -8.001 0. 0. -1. 0.
-0.472 0.882 0. -73.941 0.882 0.472 0. -6.996 0. 0. -1. 0.
-0.409 0.912 0. -74.381 0.912 0.409 0. -5.897 0. 0. -1. 0.
-0.362 0.932 0. -74.802 0.932 0.362 0. -4.728 0. 0. -1. 0.
-0.330 0.944 0. -75.195 0.944 0.330 0. -3.482 0. 0. -1. 0.
-0.308 0.951 0. -75.589 0.951 0.308 0. -2.162 0. 0. -1. 0.
-0.299 0.954 0. -75.990 0.954 0.299 0. -0.772 0. 0. -1. 0.
-0.292 0.956 0. -76.415 0.956 0.292 0. 0.702 0. 0. -1. 0.
-0.285 0.958 0. -76.835 0.958 0.285 0. 2.237 0. 0. -1. 0.
-0.277 0.961 0. -77.251 0.961 0.277 0. 3.848 0. 0. -1. 0.
-0.267 0.964 0. -77.681 0.964 0.267 0. 5.545 0. 0. -1. 0.
-0.256 0.967 0. -78.107 0.967 0.256 0. 7.284 0. 0. -1. 0.
-0.244 0.970 0. -78.524 0.970 0.244 0. 9.045 0. 0. -1. 0.
-0.224 0.975 0. -78.906 0.975 0.224 0. 10.842 0. 0. -1. 0.
-0.203 0.979 0. -79.263 0.979 0.203 0. 12.696 0. 0. -1. 0.
-0.179 0.984 0. -79.579 0.984 0.179 0. 14.555 0. 0. -1. 0.
-0.151 0.989 0. -79.857 0.989 0.151 0. 16.467 0. 0. -1. 0.
-0.120 0.993 0. -80.082 0.993 0.120 0. 18.400 0. 0. -1. 0.
-0.090 0.996 0. -80.240 0.996 0.090 0. 20.389 0. 0. -1. 0.
-0.067 0.998 0. -80.321 0.998 0.067 0. 22.415 0. 0. -1. 0.
-0.063 0.998 0. -80.357 0.998 0.063 0. 24.414 0. 0. -1. 0.
-0.075 0.997 0. -80.448 0.997 0.075 0. 26.468 0. 0. -1. 0.
-0.095 0.995 0. -80.607 0.995 0.095 0. 28.573 0. 0. -1. 0.
-0.117 0.993 0. -80.782 0.993 0.117 0. 30.637 0. 0. -1. 0.
-0.144 0.990 0. -81.008 0.990 0.144 0. 32.670 0. 0. -1. 0.
-0.166 0.986 0. -81.323 0.986 0.166 0. 34.805 0. 0. -1. 0.
-0.187 0.982 0. -81.669 0.982 0.187 0. 36.884 0. 0. -1. 0.
-0.206 0.979 0. -82.045 0.979 0.206 0. 38.960 0. 0. -1. 0.
-0.223 0.975 0. -82.469 0.975 0.223 0. 41.021 0. 0. -1. 0.
-0.238 0.971 0. -82.925 0.971 0.238 0. 43.080 0. 0. -1. 0.
-0.250 0.968 0. -83.408 0.968 0.250 0. 45.154 0. 0. -1. 0.
-0.257 0.967 0. -83.925 0.967 0.257 0. 47.176 0. 0. -1. 0.
-0.255 0.967 0. -84.417 0.967 0.255 0. 49.179 0. 0. -1. 0.
-0.254 0.967 0. -84.894 0.967 0.254 0. 51.200 0. 0. -1. 0.
-0.253 0.968 0. -85.372 0.968 0.253 0. 53.172 0. 0. -1. 0.
-0.251 0.968 0. -85.852 0.968 0.251 0. 55.119 0. 0. -1. 0.
-0.255 0.967 0. -86.302 0.967 0.255 0. 57.047 0. 0. -1. 0.
-0.274 0.962 0. -86.766 0.962 0.274 0. 58.945 0. 0. -1. 0.
-0.310 0.951 0. -87.283 0.951 0.310 0. 60.814 0. 0. -1. 0.
-0.357 0.934 0. -87.916 0.934 0.357 0. 62.599 0. 0. -1. 0.
-0.411 0.912 0. -88.593 0.912 0.411 0. 64.319 0. 0. -1. 0.
-0.475 0.880 0. -89.410 0.880 0.475 0. 65.942 0. 0. -1. 0.
-0.546 0.838 0. -90.332 0.838 0.546 0. 67.507 0. 0. -1. 0.
-0.619 0.785 0. -91.343 0.785 0.619 0. 68.932 0. 0. -1. 0.
-0.692 0.722 0. -92.463 0.722 0.692 0. 70.247 0. 0. -1. 0.
-0.765 0.644 0. -93.703 0.644 0.765 0. 71.414 0. 0. -1. 0.
-0.830 0.557 0. -95.066 0.557 0.830 0. 72.407 0. 0. -1. 0.
-0.888 0.459 0. -96.516 0.459 0.888 0. 73.214 0. 0. -1. 0.
-0.934 0.358 0. -98.033 0.358 0.934 0. 73.869 0. 0. -1. 0.
-0.967 0.255 0. -99.570 0.255 0.967 0. 74.342 0. 0. -1. 0.
-0.988 0.154 0. -101.129 0.154 0.988 0. 74.654 0. 0. -1. 0.
-0.998 0.066 0. -102.721 0.066 0.998 0. 74.788 0. 0. -1. 0.
-1. -0.004 0. -104.310 -0.004 1. 0. 74.865 -0. 0. -1. 0.
-0.999 -0.046 0. -105.916 -0.046 0.999 0. 74.813 -0. 0. -1. 0.
-0.998 -0.069 0. -107.504 -0.069 0.998 0. 74.724 -0. 0. -1. 0.
-0.997 -0.071 0. -109.059 -0.071 0.997 0. 74.636 -0. 0. -1. 0.
-0.998 -0.060 0. -110.682 -0.060 0.998 0. 74.525 -0. 0. -1. 0.
-1.000 -0.026 0. -112.294 -0.026 1.000 0. 74.507 -0. 0. -1. 0.
-1.000 0.015 0. -113.942 0.015 1.000 0. 74.534 0. 0. -1. 0.
-0.998 0.067 0. -115.609 0.067 0.998 0. 74.656 0. 0. -1. 0.
-0.991 0.131 0. -117.264 0.131 0.991 0. 74.886 0. 0. -1. 0.
-0.980 0.198 0. -118.960 0.198 0.980 0. 75.257 0. 0. -1. 0.
-0.965 0.264 0. -120.640 0.264 0.965 0. 75.722 0. 0. -1. 0.
-0.945 0.326 0. -122.304 0.326 0.945 0. 76.307 0. 0. -1. 0.
-0.925 0.380 0. -123.974 0.380 0.925 0. 77.000 0. 0. -1. 0.
-0.907 0.422 0. -125.628 0.422 0.907 0. 77.795 0. 0. -1. 0.
-0.894 0.449 0. -127.291 0.449 0.894 0. 78.654 0. 0. -1. 0.
-0.883 0.469 0. -128.984 0.469 0.883 0. 79.573 0. 0. -1. 0.
-0.876 0.482 0. -130.697 0.482 0.876 0. 80.545 0. 0. -1. 0.
-0.871 0.492 0. -132.440 0.492 0.871 0. 81.555 0. 0. -1. 0.
-0.866 0.499 0. -134.194 0.499 0.866 0. 82.603 0. 0. -1. 0.
-0.865 0.501 0. -135.974 0.501 0.865 0. 83.692 0. 0. -1. 0.
-0.865 0.501 0. -137.787 0.501 0.865 0. 84.795 0. 0. -1. 0.
-0.865 0.501 0. -139.642 0.501 0.865 0. 85.916 0. 0. -1. 0.
-0.865 0.501 0. -141.538 0.501 0.865 0. 87.064 0. 0. -1. 0.
-0.865 0.502 0. -143.427 0.502 0.865 0. 88.215 0. 0. -1. 0.
-0.865 0.502 0. -145.370 0.502 0.865 0. 89.399 0. 0. -1. 0.
-0.865 0.502 0. -147.341 0.502 0.865 0. 90.589 0. 0. -1. 0.
-0.865 0.502 0. -149.346 0.502 0.865 0. 91.800 0. 0. -1. 0.
-0.864 0.503 0. -151.362 0.503 0.864 0. 93.033 0. 0. -1. 0.
-0.864 0.503 0. -153.398 0.503 0.864 0. 94.268 0. 0. -1. 0.
-0.864 0.504 0. -155.447 0.504 0.864 0. 95.513 0. 0. -1. 0.
-0.864 0.504 0. -157.524 0.504 0.864 0. 96.793 0. 0. -1. 0.
-0.863 0.505 0. -159.631 0.505 0.863 0. 98.094 0. 0. -1. 0.
-0.863 0.505 0. -161.754 0.505 0.863 0. 99.397 0. 0. -1. 0.
-0.863 0.504 0. -163.904 0.504 0.863 0. 100.717 0. 0. -1. 0.
-0.863 0.505 0. -166.056 0.505 0.863 0. 102.035 0. 0. -1. 0.
-0.863 0.505 0. -168.204 0.505 0.863 0. 103.357 0. 0. -1. 0.
-0.860 0.510 0. -170.343 0.510 0.860 0. 104.704 0. 0. -1. 0.
-0.856 0.517 0. -172.475 0.517 0.856 0. 106.048 0. 0. -1. 0.
-0.849 0.529 0. -174.623 0.529 0.849 0. 107.399 0. 0. -1. 0.
-0.838 0.545 0. -176.721 0.545 0.838 0. 108.780 0. 0. -1. 0.
-0.825 0.565 0. -178.791 0.565 0.825 0. 110.234 0. 0. -1. 0.
-0.811 0.585 0. -180.817 0.585 0.811 0. 111.734 0. 0. -1. 0.
-0.797 0.604 0. -182.810 0.604 0.797 0. 113.284 0. 0. -1. 0.
-0.781 0.624 0. -184.776 0.624 0.781 0. 114.901 0. 0. -1. 0.
-0.763 0.646 0. -186.701 0.646 0.763 0. 116.586 0. 0. -1. 0.
-0.744 0.668 0. -188.597 0.668 0.744 0. 118.338 0. 0. -1. 0.
-0.718 0.696 0. -190.458 0.696 0.718 0. 120.152 0. 0. -1. 0.
-0.688 0.725 0. -192.253 0.725 0.688 0. 122.056 0. 0. -1. 0.
-0.655 0.756 0. -193.975 0.756 0.655 0. 124.051 0. 0. -1. 0.
-0.617 0.787 0. -195.628 0.787 0.617 0. 126.136 0. 0. -1. 0.
-0.579 0.816 0. -197.162 0.816 0.579 0. 128.299 0. 0. -1. 0.
-0.539 0.842 0. -198.589 0.842 0.539 0. 130.548 0. 0. -1. 0.
-0.499 0.867 0. -199.912 0.867 0.499 0. 132.862 0. 0. -1. 0.
-0.461 0.887 0. -201.124 0.887 0.461 0. 135.226 0. 0. -1. 0.
-0.427 0.904 0. -202.244 0.904 0.427 0. 137.631 0. 0. -1. 0.
-0.399 0.917 0. -203.278 0.917 0.399 0. 140.072 0. 0. -1. 0.
-0.380 0.925 0. -204.254 0.925 0.380 0. 142.539 0. 0. -1. 0.
-0.367 0.930 0. -205.192 0.930 0.367 0. 145.026 0. 0. -1. 0.
-0.358 0.934 0. -206.093 0.934 0.358 0. 147.511 0. 0. -1. 0.
-0.353 0.935 0. -206.974 0.935 0.353 0. 150.014 0. 0. -1. 0.
-0.355 0.935 0. -207.846 0.935 0.355 0. 152.517 0. 0. -1. 0.
-0.361 0.932 0. -208.728 0.932 0.361 0. 154.991 0. 0. -1. 0.
-0.371 0.929 0. -209.643 0.929 0.371 0. 157.452 0. 0. -1. 0.
-0.381 0.925 0. -210.570 0.925 0.381 0. 159.875 0. 0. -1. 0.
-0.394 0.919 0. -211.517 0.919 0.394 0. 162.272 0. 0. -1. 0.
-0.416 0.909 0. -212.499 0.909 0.416 0. 164.616 0. 0. -1. 0.
-0.447 0.895 0. -213.548 0.895 0.447 0. 166.894 0. 0. -1. 0.
-0.482 0.876 0. -214.669 0.876 0.482 0. 169.099 0. 0. -1. 0.
-0.525 0.851 0. -215.845 0.851 0.525 0. 171.192 0. 0. -1. 0.
-0.576 0.818 0. -217.149 0.818 0.576 0. 173.205 0. 0. -1. 0.
-0.636 0.772 0. -218.506 0.772 0.636 0. 175.078 0. 0. -1. 0.
-0.698 0.716 0. -220.030 0.716 0.698 0. 176.806 0. 0. -1. 0.
-0.755 0.656 0. -221.686 0.656 0.755 0. 178.351 0. 0. -1. 0.
-0.805 0.593 0. -223.416 0.593 0.805 0. 179.740 0. 0. -1. 0.
-0.850 0.526 0. -225.228 0.526 0.850 0. 180.982 0. 0. -1. 0.
-0.891 0.454 0. -227.132 0.454 0.891 0. 182.090 0. 0. -1. 0.
-0.925 0.381 0. -229.107 0.381 0.925 0. 183.023 0. 0. -1. 0.
-0.952 0.307 0. -231.170 0.307 0.952 0. 183.791 0. 0. -1. 0.
-0.971 0.237 0. -233.299 0.237 0.971 0. 184.411 0. 0. -1. 0.
-0.985 0.175 0. -235.528 0.175 0.985 0. 184.916 0. 0. -1. 0.
-0.992 0.125 0. -237.813 0.125 0.992 0. 185.299 0. 0. -1. 0.
-0.996 0.085 0. -240.148 0.085 0.996 0. 185.581 0. 0. -1. 0.
-0.998 0.055 0. -242.531 0.055 0.998 0. 185.768 0. 0. -1. 0.
-0.999 0.037 0. -244.958 0.037 0.999 0. 185.907 0. 0. -1. 0.
-1.000 0.025 0. -247.407 0.025 1.000 0. 186.024 0. 0. -1. 0.
-1.000 0.018 0. -249.889 0.018 1.000 0. 186.128 0. 0. -1. 0.
-1.000 0.016 0. -252.424 0.016 1.000 0. 186.210 0. 0. -1. 0.
-1.000 0.018 0. -254.957 0.018 1.000 0. 186.293 0. 0. -1. 0.
-1.000 0.022 0. -257.541 0.022 1.000 0. 186.408 0. 0. -1. 0.
-1.000 0.027 0. -260.113 0.027 1.000 0. 186.536 0. 0. -1. 0.
-1.000 0.031 0. -262.683 0.031 1.000 0. 186.664 0. 0. -1. 0.
-0.999 0.035 0. -265.261 0.035 0.999 0. 186.803 0. 0. -1. 0.
-0.999 0.033 0. -267.803 0.033 0.999 0. 186.935 0. 0. -1. 0.
-0.999 0.033 0. -270.336 0.033 0.999 0. 187.058 0. 0. -1. 0.
-0.999 0.033 0. -272.845 0.033 0.999 0. 187.202 0. 0. -1. 0.
-0.999 0.035 0. -275.324 0.035 0.999 0. 187.349 0. 0. -1. 0.
-0.999 0.038 0. -277.775 0.038 0.999 0. 187.493 0. 0. -1. 0.
-0.999 0.043 0. -280.198 0.043 0.999 0. 187.653 0. 0. -1. 0.
-0.999 0.050 0. -282.566 0.050 0.999 0. 187.820 0. 0. -1. 0.
-0.998 0.058 0. -284.880 0.058 0.998 0. 187.999 0. 0. -1. 0.
-0.998 0.067 0. -287.102 0.067 0.998 0. 188.193 0. 0. -1. 0.
-0.997 0.081 0. -289.259 0.081 0.997 0. 188.407 0. 0. -1. 0.
-0.995 0.101 0. -291.272 0.101 0.995 0. 188.626 0. 0. -1. 0.
-0.991 0.132 0. -293.220 0.132 0.991 0. 188.914 0. 0. -1. 0.
-0.987 0.159 0. -295.016 0.159 0.987 0. 189.241 0. 0. -1. 0.
-0.984 0.179 0. -296.704 0.179 0.984 0. 189.576 0. 0. -1. 0.
-0.981 0.191 0. -298.325 0.191 0.981 0. 189.916 0. 0. -1. 0.
-0.980 0.198 0. -299.821 0.198 0.980 0. 190.256 0. 0. -1. 0.
-0.979 0.205 0. -301.207 0.205 0.979 0. 190.571 0. 0. -1. 0.
-0.977 0.213 0. -302.449 0.213 0.977 0. 190.872 0. 0. -1. 0.
-0.976 0.218 0. -303.576 0.218 0.976 0. 191.147 0. 0. -1. 0.
-0.975 0.223 0. -304.613 0.223 0.975 0. 191.445 0. 0. -1. 0.
-0.974 0.228 0. -305.534 0.228 0.974 0. 191.662 0. 0. -1. 0.
-0.973 0.229 0. -306.305 0.229 0.973 0. 191.920 0. 0. -1. 0.
-0.973 0.230 0. -306.966 0.230 0.973 0. 192.050 0. 0. -1. 0.
-0.973 0.230 0. -307.548 0.230 0.973 0. 192.196 0. 0. -1. 0.
-0.973 0.231 0. -308.058 0.231 0.973 0. 192.348 0. 0. -1. 0.
-0.973 0.231 0. -308.479 0.231 0.973 0. 192.431 0. 0. -1. 0.
-0.973 0.231 0. -308.823 0.231 0.973 0. 192.519 0. 0. -1. 0.
-0.972 0.234 0. -309.071 0.234 0.972 0. 192.592 0. 0. -1. 0.
-0.972 0.234 0. -309.262 0.234 0.972 0. 192.636 0. 0. -1. 0.
-0.972 0.234 0. -309.384 0.234 0.972 0. 192.669 0. 0. -1. 0.
-0.972 0.235 0. -309.438 0.235 0.972 0. 192.681 0. 0. -1. 0.
-0.972 0.235 0. -309.436 0.235 0.972 0. 192.680 0. 0. -1. 0.
-0.972 0.235 0. -309.433 0.235 0.972 0. 192.679 0. 0. -1. 0.
-0.972 0.234 0. -309.434 0.234 0.972 0. 192.679 0. 0. -1. 0.
-0.972 0.234 0. -309.434 0.234 0.972 0. 192.679 0. 0. -1. 0.
-0.972 0.234 0. -309.434 0.234 0.972 0. 192.679 0. 0. -1. 0.
-0.972 0.235 0. -309.434 0.235 0.972 0. 192.679 0. 0. -1. 0.
-0.972 0.234 0. -309.434 0.234 0.972 0. 192.679 0. 0. -1. 0.
-0.972 0.234 0. -309.434 0.234 0.972 0. 192.679 0. 0. -1. 0.
-0.972 0.234 0. -309.434 0.234 0.972 0. 192.679 0. 0. -1. 0.
-0.972 0.234 0. -309.434 0.234 0.972 0. 192.679 0. 0. -1. 0.
-0.972 0.234 0. -309.434 0.234 0.972 0. 192.679 0. 0. -1. 0.
-0.972 0.234 0. -309.434 0.234 0.972 0. 192.679 0. 0. -1. 0.
-0.972 0.234 0. -309.434 0.234 0.972 0. 192.679 0. 0. -1. 0.
-0.972 0.234 0. -309.434 0.234 0.972 0. 192.679 0. 0. -1. 0.
-0.972 0.234 0. -309.434 0.234 0.972 0. 192.679 0. 0. -1. 0.
-0.972 0.234 0. -309.434 0.234 0.972 0. 192.679 0. 0. -1. 0.
-0.972 0.234 0. -309.434 0.234 0.972 0. 192.679 0. 0. -1. 0.
-0.972 0.234 0. -309.434 0.234 0.972 0. 192.679 0. 0. -1. 0.
-0.972 0.234 0. -309.434 0.234 0.972 0. 192.679 0. 0. -1. 0.
-0.972 0.234 0. -309.434 0.234 0.972 0. 192.679 0. 0. -1. 0.
-0.972 0.234 0. -309.434 0.234 0.972 0. 192.679 0. 0. -1. 0.
-0.972 0.234 0. -309.434 0.234 0.972 0. 192.679 0. 0. -1. 0.
-0.972 0.234 0. -309.434 0.234 0.972 0. 192.679 0. 0. -1. 0.
-0.972 0.234 0. -309.434 0.234 0.972 0. 192.679 0. 0. -1. 0.
-0.972 0.234 0. -309.434 0.234 0.972 0. 192.679 0. 0. -1. 0.
-0.972 0.235 0. -309.434 0.235 0.972 0. 192.679 0. 0. -1. 0.
-0.972 0.235 0. -309.434 0.235 0.972 0. 192.679 0. 0. -1. 0.
-0.972 0.235 0. -309.434 0.235 0.972 0. 192.679 0. 0. -1. 0.
-0.972 0.235 0. -309.434 0.235 0.972 0. 192.679 0. 0. -1. 0.
-0.972 0.235 0. -309.434 0.235 0.972 0. 192.679 0. 0. -1. 0.
-0.972 0.235 0. -309.434 0.235 0.972 0. 192.679 0. 0. -1. 0.
-0.972 0.235 0. -309.434 0.235 0.972 0. 192.679 0. 0. -1. 0.
-0.972 0.235 0. -309.434 0.235 0.972 0. 192.679 0. 0. -1. 0.
-0.972 0.235 0. -309.434 0.235 0.972 0. 192.679 0. 0. -1. 0.
-0.972 0.235 0. -309.434 0.235 0.972 0. 192.679 0. 0. -1. 0.
-0.972 0.235 0. -309.434 0.235 0.972 0. 192.679 0. 0. -1. 0.
-0.972 0.235 0. -309.434 0.235 0.972 0. 192.679 0. 0. -1. 0.
-0.972 0.235 0. -309.434 0.235 0.972 0. 192.679 0. 0. -1. 0.
-0.972 0.235 0. -309.434 0.235 0.972 0. 192.679 0. 0. -1. 0.
-0.972 0.235 0. -309.434 0.235 0.972 0. 192.679 0. 0. -1. 0.
-0.972 0.235 0. -309.434 0.235 0.972 0. 192.679 0. 0. -1. 0.
-0.972 0.235 0. -309.434 0.235 0.972 0. 192.679 0. 0. -1. 0.
-0.972 0.235 0. -309.433 0.235 0.972 0. 192.679 0. 0. -1. 0.
-0.972 0.235 0. -309.435 0.235 0.972 0. 192.680 0. 0. -1. 0.
-0.972 0.235 0. -309.443 0.235 0.972 0. 192.683 0. 0. -1. 0.
-0.972 0.235 0. -309.462 0.235 0.972 0. 192.689 0. 0. -1. 0.
-0.972 0.235 0. -309.496 0.235 0.972 0. 192.698 0. 0. -1. 0.
-0.972 0.235 0. -309.516 0.235 0.972 0. 192.701 0. 0. -1. 0.
-0.972 0.235 0. -309.516 0.235 0.972 0. 192.701 0. 0. -1. 0.
-0.972 0.235 0. -309.516 0.235 0.972 0. 192.701 0. 0. -1. 0.
-0.972 0.235 0. -309.516 0.235 0.972 0. 192.701 0. 0. -1. 0.
-0.972 0.235 0. -309.516 0.235 0.972 0. 192.701 0. 0. -1. 0.
-0.972 0.235 0. -309.516 0.235 0.972 0. 192.701 0. 0. -1. 0.
-0.972 0.235 0. -309.516 0.235 0.972 0. 192.701 0. 0. -1. 0.
-0.972 0.235 0. -309.516 0.235 0.972 0. 192.701 0. 0. -1. 0.
-0.972 0.235 0. -309.516 0.235 0.972 0. 192.701 0. 0. -1. 0.
-0.972 0.235 0. -309.516 0.235 0.972 0. 192.701 0. 0. -1. 0.
-0.972 0.235 0. -309.516 0.235 0.972 0. 192.701 0. 0. -1. 0.
-0.972 0.235 0. -309.516 0.235 0.972 0. 192.701 0. 0. -1. 0.
-0.972 0.235 0. -309.516 0.235 0.972 0. 192.701 0. 0. -1. 0.
-0.972 0.235 0. -309.516 0.235 0.972 0. 192.701 0. 0. -1. 0.
-0.972 0.235 0. -309.516 0.235 0.972 0. 192.701 0. 0. -1. 0.
-0.972 0.235 0. -309.516 0.235 0.972 0. 192.701 0. 0. -1. 0.
-0.972 0.235 0. -309.516 0.235 0.972 0. 192.701 0. 0. -1. 0.
-0.972 0.235 0. -309.516 0.235 0.972 0. 192.701 0. 0. -1. 0.
-0.972 0.235 0. -309.516 0.235 0.972 0. 192.701 0. 0. -1. 0.
-0.972 0.235 0. -309.516 0.235 0.972 0. 192.701 0. 0. -1. 0.
-0.972 0.235 0. -309.516 0.235 0.972 0. 192.701 0. 0. -1. 0.
-0.972 0.235 0. -309.516 0.235 0.972 0. 192.701 0. 0. -1. 0.
-0.972 0.235 0. -309.516 0.235 0.972 0. 192.701 0. 0. -1. 0.
-0.972 0.235 0. -309.516 0.235 0.972 0. 192.701 0. 0. -1. 0.
-0.972 0.235 0. -309.516 0.235 0.972 0. 192.701 0. 0. -1. 0.
-0.972 0.235 0. -309.516 0.235 0.972 0. 192.701 0. 0. -1. 0.
-0.972 0.235 0. -309.516 0.235 0.972 0. 192.701 0. 0. -1. 0.
-0.972 0.235 0. -309.516 0.235 0.972 0. 192.701 0. 0. -1. 0.
-0.972 0.235 0. -309.516 0.235 0.972 0. 192.701 0. 0. -1. 0.
-0.972 0.235 0. -309.516 0.235 0.972 0. 192.701 0. 0. -1. 0.
-0.972 0.235 0. -309.516 0.235 0.972 0. 192.701 0. 0. -1. 0.
-0.972 0.235 0. -309.516 0.235 0.972 0. 192.701 0. 0. -1. 0.
-0.972 0.235 0. -309.516 0.235 0.972 0. 192.701 0. 0. -1. 0.
-0.972 0.235 0. -309.516 0.235 0.972 0. 192.701 0. 0. -1. 0.
-0.972 0.235 0. -309.516 0.235 0.972 0. 192.701 0. 0. -1. 0.
-0.972 0.235 0. -309.516 0.235 0.972 0. 192.701 0. 0. -1. 0.
-0.972 0.235 0. -309.516 0.235 0.972 0. 192.701 0. 0. -1. 0.
-0.972 0.235 0. -309.516 0.235 0.972 0. 192.701 0. 0. -1. 0.
-0.972 0.235 0. -309.516 0.235 0.972 0. 192.701 0. 0. -1. 0.
-0.972 0.235 0. -309.516 0.235 0.972 0. 192.701 0. 0. -1. 0.
-0.972 0.235 0. -309.516 0.235 0.972 0. 192.701 0. 0. -1. 0.
-0.972 0.235 0. -309.516 0.235 0.972 0. 192.701 0. 0. -1. 0.
-0.972 0.235 0. -309.516 0.235 0.972 0. 192.701 0. 0. -1. 0.
-0.972 0.235 0. -309.516 0.235 0.972 0. 192.701 0. 0. -1. 0.
-0.972 0.235 0. -309.516 0.235 0.972 0. 192.701 0. 0. -1. 0.
-0.972 0.235 0. -309.516 0.235 0.972 0. 192.701 0. 0. -1. 0.
-0.972 0.235 0. -309.516 0.235 0.972 0. 192.701 0. 0. -1. 0.
-0.972 0.235 0. -309.516 0.235 0.972 0. 192.701 0. 0. -1. 0.
-0.972 0.235 0. -309.516 0.235 0.972 0. 192.701 0. 0. -1. 0.
-0.972 0.235 0. -309.516 0.235 0.972 0. 192.701 0. 0. -1. 0.
-0.972 0.235 0. -309.516 0.235 0.972 0. 192.701 0. 0. -1. 0.
-0.972 0.235 0. -309.516 0.235 0.972 0. 192.701 0. 0. -1. 0.
-0.972 0.235 0. -309.516 0.235 0.972 0. 192.701 0. 0. -1. 0.
-0.972 0.235 0. -309.516 0.235 0.972 0. 192.701 0. 0. -1. 0.
-0.972 0.235 0. -309.516 0.235 0.972 0. 192.701 0. 0. -1. 0.
-0.972 0.235 0. -309.516 0.235 0.972 0. 192.701 0. 0. -1. 0.
-0.972 0.235 0. -309.516 0.235 0.972 0. 192.701 0. 0. -1. 0.
-0.972 0.235 0. -309.516 0.235 0.972 0. 192.701 0. 0. -1. 0.
-0.972 0.235 0. -309.516 0.235 0.972 0. 192.701 0. 0. -1. 0.
-0.972 0.235 0. -309.516 0.235 0.972 0. 192.701 0. 0. -1. 0.
-0.972 0.235 0. -309.516 0.235 0.972 0. 192.701 0. 0. -1. 0.
-0.972 0.235 0. -309.516 0.235 0.972 0. 192.701 0. 0. -1. 0.
-0.972 0.235 0. -309.516 0.235 0.972 0. 192.701 0. 0. -1. 0.
-0.972 0.235 0. -309.516 0.235 0.972 0. 192.701 0. 0. -1. 0.
-0.972 0.235 0. -309.516 0.235 0.972 0. 192.701 0. 0. -1. 0.
-0.972 0.235 0. -309.516 0.235 0.972 0. 192.701 0. 0. -1. 0.
-0.972 0.235 0. -309.516 0.235 0.972 0. 192.701 0. 0. -1. 0.
-0.972 0.235 0. -309.516 0.235 0.972 0. 192.701 0. 0. -1. 0.
-0.972 0.235 0. -309.516 0.235 0.972 0. 192.701 0. 0. -1. 0.
-0.972 0.235 0. -309.516 0.235 0.972 0. 192.701 0. 0. -1. 0.
-0.972 0.235 0. -309.516 0.235 0.972 0. 192.701 0. 0. -1. 0.
-0.972 0.235 0. -309.516 0.235 0.972 0. 192.701 0. 0. -1. 0.
-0.972 0.235 0. -309.516 0.235 0.972 0. 192.701 0. 0. -1. 0.
-0.972 0.235 0. -309.516 0.235 0.972 0. 192.701 0. 0. -1. 0.
-0.972 0.235 0. -309.516 0.235 0.972 0. 192.701 0. 0. -1. 0.
-0.972 0.235 0. -309.516 0.235 0.972 0. 192.701 0. 0. -1. 0.
-0.972 0.235 0. -309.516 0.235 0.972 0. 192.701 0. 0. -1. 0.
-0.972 0.235 0. -309.516 0.235 0.972 0. 192.701 0. 0. -1. 0.
-0.972 0.235 0. -309.516 0.235 0.972 0. 192.701 0. 0. -1. 0.
-0.972 0.235 0. -309.516 0.235 0.972 0. 192.701 0. 0. -1. 0.
-0.972 0.235 0. -309.516 0.235 0.972 0. 192.701 0. 0. -1. 0.
-0.972 0.235 0. -309.516 0.235 0.972 0. 192.701 0. 0. -1. 0.
-0.972 0.235 0. -309.516 0.235 0.972 0. 192.701 0. 0. -1. 0.
-0.972 0.235 0. -309.516 0.235 0.972 0. 192.701 0. 0. -1. 0.
-0.972 0.235 0. -309.516 0.235 0.972 0. 192.701 0. 0. -1. 0.
-0.972 0.235 0. -309.516 0.235 0.972 0. 192.701 0. 0. -1. 0.
-0.972 0.235 0. -309.516 0.235 0.972 0. 192.701 0. 0. -1. 0.
-0.972 0.235 0. -309.517 0.235 0.972 0. 192.701 0. 0. -1. 0.
-0.972 0.235 0. -309.521 0.235 0.972 0. 192.702 0. 0. -1. 0.
-0.972 0.235 0. -309.535 0.235 0.972 0. 192.705 0. 0. -1. 0.
-0.972 0.235 0. -309.582 0.235 0.972 0. 192.715 0. 0. -1. 0.
-0.972 0.236 0. -309.680 0.236 0.972 0. 192.734 0. 0. -1. 0.
-0.972 0.236 0. -309.835 0.236 0.972 0. 192.769 0. 0. -1. 0.
-0.972 0.235 0. -310.068 0.235 0.972 0. 192.820 0. 0. -1. 0.
-0.972 0.234 0. -310.384 0.234 0.972 0. 192.901 0. 0. -1. 0.
-0.973 0.232 0. -310.785 0.232 0.973 0. 192.995 0. 0. -1. 0.
-0.972 0.233 0. -311.281 0.233 0.972 0. 193.092 0. 0. -1. 0.
-0.971 0.237 0. -311.877 0.237 0.971 0. 193.245 0. 0. -1. 0.
-0.967 0.256 0. -312.474 0.256 0.967 0. 193.447 0. 0. -1. 0.
-0.957 0.290 0. -313.111 0.290 0.957 0. 193.574 0. 0. -1. 0.
-0.940 0.342 0. -313.708 0.342 0.940 0. 193.886 0. 0. -1. 0.
-0.916 0.400 0. -314.350 0.400 0.916 0. 194.075 0. 0. -1. 0.
-0.887 0.463 0. -314.978 0.463 0.887 0. 194.441 0. 0. -1. 0.
-0.846 0.533 0. -315.514 0.533 0.846 0. 194.930 0. 0. -1. 0.
-0.799 0.601 0. -316.065 0.601 0.799 0. 195.404 0. 0. -1. 0.
-0.734 0.679 0. -316.670 0.679 0.734 0. 195.878 0. 0. -1. 0.
-0.667 0.745 0. -317.202 0.745 0.667 0. 196.590 0. 0. -1. 0.
-0.587 0.809 0. -317.659 0.809 0.587 0. 197.402 0. 0. -1. 0.
-0.501 0.866 0. -318.171 0.866 0.501 0. 198.283 0. 0. -1. 0.
-0.426 0.905 0. -318.603 0.905 0.426 0. 199.290 0. 0. -1. 0.
-0.358 0.934 0. -318.972 0.934 0.358 0. 200.369 0. 0. -1. 0.
-0.300 0.954 0. -319.335 0.954 0.300 0. 201.510 0. 0. -1. 0.
-0.253 0.967 0. -319.608 0.967 0.253 0. 202.741 0. 0. -1. 0.
-0.209 0.978 0. -319.890 0.978 0.209 0. 204.083 0. 0. -1. 0.
-0.164 0.986 0. -320.119 0.986 0.164 0. 205.547 0. 0. -1. 0.
-0.123 0.992 0. -320.285 0.992 0.123 0. 207.122 0. 0. -1. 0.
-0.086 0.996 0. -320.416 0.996 0.086 0. 208.807 0. 0. -1. 0.
-0.053 0.999 0. -320.486 0.999 0.053 0. 210.588 0. 0. -1. 0.
-0.029 1.000 0. -320.504 1.000 0.029 0. 212.469 0. 0. -1. 0.
-0.015 1.000 0. -320.500 1.000 0.015 0. 214.450 0. 0. -1. 0.
-0.008 1. 0. -320.471 1. 0.008 0. 216.507 0. 0. -1. 0.
-0.007 1. 0. -320.441 1. 0.007 0. 218.651 0. 0. -1. 0.
-0.004 1. 0. -320.407 1. 0.004 0. 220.873 0. 0. -1. 0.
-0.004 1. 0. -320.363 1. 0.004 0. 223.149 0. 0. -1. 0.
-0.003 1. 0. -320.320 1. 0.003 0. 225.470 0. 0. -1. 0.
-0.005 1. 0. -320.274 1. 0.005 0. 227.853 0. 0. -1. 0.
-0.006 1. 0. -320.240 1. 0.006 0. 230.317 0. 0. -1. 0.
-0.007 1. 0. -320.205 1. 0.007 0. 232.855 0. 0. -1. 0.
-0.006 1. 0. -320.168 1. 0.006 0. 235.468 0. 0. -1. 0.
-0.005 1. 0. -320.122 1. 0.005 0. 238.163 0. 0. -1. 0.
-0.003 1. 0. -320.076 1. 0.003 0. 240.928 0. 0. -1. 0.
-0.001 1. 0. -320.020 1. 0.001 0. 243.769 0. 0. -1. 0.
0. 1. 0. -319.957 1. -0. 0. 246.681 0. 0. -1. 0.
0.002 1. 0. -319.890 1. -0.002 0. 249.663 0. 0. -1. 0.
0.003 1. 0. -319.815 1. -0.003 0. 252.723 0. 0. -1. 0.
0.005 1. 0. -319.733 1. -0.005 0. 255.854 0. 0. -1. 0.
