1547822825867784 1.00000 0.00000 0.00000 -0.00000 0.00000 1.00000 0.00000 -0.00000 0.00000 0.00000 1.00000 -0.00000
1547822826121499 1.00000 -0.00008 0.00000 -0.00337 0.00008 1.00000 -0.00000 -0.00613 -0.00000 0.00000 1.00000 0.00000
1547822826375238 1.00000 -0.00009 0.00000 -0.00018 0.00009 1.00000 -0.00000 -0.00283 -0.00000 0.00000 1.00000 0.00000
1547822826627382 1.00000 -0.00008 0.00000 0.00115 0.00008 1.00000 -0.00000 -0.00268 -0.00000 0.00000 1.00000 -0.00000
1547822826878072 1.00000 0.00019 -0.00000 -0.00295 -0.00019 1.00000 0.00000 -0.00106 0.00000 -0.00000 1.00000 0.00000
1547822827127130 1.00000 0.00008 -0.00000 -0.00066 -0.00008 1.00000 0.00000 -0.00167 0.00000 -0.00000 1.00000 0.00000
1547822827376029 1.00000 0.00023 -0.00000 0.00035 -0.00023 1.00000 0.00000 -0.00267 0.00000 -0.00000 1.00000 0.00000
1547822827624825 1.00000 -0.00001 0.00000 -0.00248 0.00001 1.00000 -0.00000 -0.00544 -0.00000 0.00000 1.00000 0.00000
1547822827873296 1.00000 -0.00015 0.00000 -0.00276 0.00015 1.00000 -0.00000 -0.00847 -0.00000 0.00000 1.00000 0.00000
1547822828122845 1.00000 0.00009 -0.00000 -0.00275 -0.00009 1.00000 0.00000 -0.00372 0.00000 -0.00000 1.00000 0.00000
1547822828373564 1.00000 0.00015 -0.00000 0.00023 -0.00015 1.00000 0.00000 0.00230 0.00000 -0.00000 1.00000 0.00000
1547822828624376 1.00000 0.00011 -0.00000 0.00218 -0.00011 1.00000 0.00000 -0.00055 0.00000 -0.00000 1.00000 0.00000
1547822828874856 1.00000 0.00015 -0.00000 -0.00109 -0.00015 1.00000 0.00000 -0.00516 0.00000 -0.00000 1.00000 0.00000
1547822829124871 1.00000 0.00025 -0.00000 -0.00159 -0.00025 1.00000 0.00000 0.00244 0.00000 -0.00000 1.00000 -0.00000
1547822829374308 1.00000 0.00003 -0.00000 0.00075 -0.00003 1.00000 0.00000 -0.00243 0.00000 -0.00000 1.00000 0.00000
1547822829623733 1.00000 0.00006 -0.00000 0.00251 -0.00006 1.00000 0.00000 -0.00261 0.00000 -0.00000 1.00000 0.00000
1547822829872930 1.00000 0.00004 -0.00000 0.00295 -0.00004 1.00000 0.00000 -0.00505 0.00000 -0.00000 1.00000 0.00000
1547822830121632 1.00000 0.00024 -0.00000 0.00139 -0.00024 1.00000 0.00000 -0.00447 0.00000 -0.00000 1.00000 0.00000
1547822830370486 1.00000 0.00029 -0.00000 0.00042 -0.00029 1.00000 0.00000 -0.00355 0.00000 -0.00000 1.00000 0.00000
1547822830618760 1.00000 0.00030 -0.00000 0.00247 -0.00030 1.00000 0.00000 -0.00236 0.00000 -0.00000 1.00000 0.00000
1547822830866789 1.00000 0.00008 -0.00000 0.00036 -0.00008 1.00000 0.00000 -0.00633 0.00000 -0.00000 1.00000 0.00000
1547822831114886 1.00000 -0.00002 0.00000 0.00135 0.00002 1.00000 -0.00000 -0.00958 -0.00000 0.00000 1.00000 -0.00000
1547822831362678 1.00000 0.00015 -0.00000 -0.00155 -0.00015 1.00000 0.00000 -0.00579 0.00000 -0.00000 1.00000 0.00000
1547822831609903 1.00000 0.00015 -0.00000 0.00262 -0.00015 1.00000 0.00000 -0.00494 0.00000 -0.00000 1.00000 0.00000
1547822831858236 1.00000 0.00018 -0.00000 -0.00126 -0.00018 1.00000 0.00000 -0.00268 0.00000 -0.00000 1.00000 0.00000
1547822832107572 1.00000 0.00023 -0.00000 -0.00208 -0.00023 1.00000 0.00000 -0.00532 0.00000 -0.00000 1.00000 0.00000
1547822832357645 1.00000 0.00035 -0.00000 0.00225 -0.00035 1.00000 0.00000 0.00399 0.00000 -0.00000 1.00000 0.00000
1547822832608849 1.00000 0.00017 -0.00000 -0.00143 -0.00017 1.00000 0.00000 -0.00026 0.00000 -0.00000 1.00000 0.00000
1547822832861016 1.00000 0.00006 -0.00000 0.00106 -0.00006 1.00000 0.00000 0.00212 0.00000 -0.00000 1.00000 0.00000
1547822833113101 1.00000 0.00018 -0.00000 0.00061 -0.00018 1.00000 0.00000 -0.00094 0.00000 -0.00000 1.00000 0.00000
1547822833365031 1.00000 0.00015 -0.00000 -0.00259 -0.00015 1.00000 0.00000 -0.00187 0.00000 -0.00000 1.00000 0.00000
1547822833615634 1.00000 0.00023 -0.00000 -0.00499 -0.00023 1.00000 0.00000 -0.00069 0.00000 -0.00000 1.00000 0.00000
1547822833864713 1.00000 0.00022 -0.00000 -0.00382 -0.00022 1.00000 0.00000 -0.00057 0.00000 -0.00000 1.00000 0.00000
1547822834113552 1.00000 0.00018 -0.00000 -0.00143 -0.00018 1.00000 0.00000 -0.00121 0.00000 -0.00000 1.00000 0.00000
1547822834361968 1.00000 0.00021 -0.00000 0.00089 -0.00021 1.00000 0.00000 0.00157 0.00000 -0.00000 1.00000 0.00000
1547822834610327 1.00000 0.00012 -0.00000 -0.00228 -0.00012 1.00000 0.00000 0.00177 0.00000 -0.00000 1.00000 -0.00000
1547822834859781 1.00000 0.00009 -0.00000 -0.00146 -0.00009 1.00000 0.00000 0.00116 0.00000 -0.00000 1.00000 -0.00000
1547822835110436 1.00000 0.00011 -0.00000 -0.00033 -0.00011 1.00000 0.00000 -0.00603 0.00000 -0.00000 1.00000 0.00000
1547822835361471 1.00000 0.00024 -0.00000 0.00056 -0.00024 1.00000 0.00000 0.00056 0.00000 -0.00000 1.00000 0.00000
1547822835612263 1.00000 0.00025 -0.00000 -0.00189 -0.00025 1.00000 0.00000 0.00113 0.00000 -0.00000 1.00000 -0.00000
1547822835862186 1.00000 0.00016 -0.00000 -0.00201 -0.00016 1.00000 0.00000 -0.00336 0.00000 -0.00000 1.00000 0.00000
1547822836111540 1.00000 0.00011 -0.00000 0.00148 -0.00011 1.00000 0.00000 -0.01079 0.00000 -0.00000 1.00000 0.00000
1547822836361160 1.00000 0.00032 -0.00000 0.00022 -0.00032 1.00000 0.00000 -0.00025 0.00000 -0.00000 1.00000 0.00000
1547822836610228 1.00000 0.00010 -0.00000 0.00178 -0.00010 1.00000 0.00000 -0.00128 0.00000 -0.00000 1.00000 0.00000
1547822836858728 1.00000 0.00018 -0.00000 -0.00348 -0.00018 1.00000 0.00000 -0.00141 0.00000 -0.00000 1.00000 0.00000
1547822837107203 1.00000 0.00026 -0.00000 0.00198 -0.00026 1.00000 0.00000 0.00233 0.00000 -0.00000 1.00000 0.00000
1547822837355546 1.00000 0.00014 -0.00000 0.00119 -0.00014 1.00000 0.00000 -0.00043 0.00000 -0.00000 1.00000 0.00000
1547822837603843 1.00000 0.00021 -0.00000 0.00125 -0.00021 1.00000 0.00000 -0.00429 0.00000 -0.00000 1.00000 0.00000
1547822837852005 1.00000 0.00019 -0.00000 -0.00372 -0.00019 1.00000 0.00000 0.00056 0.00000 -0.00000 1.00000 -0.00000
1547822838099834 1.00000 0.00019 -0.00000 -0.00174 -0.00019 1.00000 0.00000 -0.00459 0.00000 -0.00000 1.00000 0.00000
1547822838347517 1.00000 -0.00006 0.00000 -0.00266 0.00006 1.00000 -0.00000 -0.00728 -0.00000 0.00000 1.00000 0.00000
1547822838595750 1.00000 0.00003 -0.00000 -0.00566 -0.00003 1.00000 0.00000 -0.00495 0.00000 -0.00000 1.00000 0.00000
1547822838845277 1.00000 0.00014 -0.00000 -0.00142 -0.00014 1.00000 0.00000 -0.00684 0.00000 -0.00000 1.00000 0.00000
1547822839095594 1.00000 0.00002 -0.00000 -0.00190 -0.00002 1.00000 0.00000 -0.00601 0.00000 -0.00000 1.00000 0.00000
1547822839347404 1.00000 0.00015 -0.00000 -0.00311 -0.00015 1.00000 0.00000 -0.00153 0.00000 -0.00000 1.00000 0.00000
1547822839600116 1.00000 0.00019 -0.00000 -0.00282 -0.00019 1.00000 0.00000 -0.00508 0.00000 -0.00000 1.00000 0.00000
1547822839852279 1.00000 -0.00003 0.00000 -0.00374 0.00003 1.00000 -0.00000 -0.00364 -0.00000 0.00000 1.00000 0.00000
1547822840104407 1.00000 0.00007 -0.00000 -0.00569 -0.00007 1.00000 0.00000 -0.00332 0.00000 -0.00000 1.00000 0.00000
1547822840355089 1.00000 0.00023 -0.00000 -0.00093 -0.00023 1.00000 0.00000 -0.00381 0.00000 -0.00000 1.00000 0.00000
1547822840604250 1.00000 0.00035 -0.00000 -0.00109 -0.00035 1.00000 0.00000 -0.00322 0.00000 -0.00000 1.00000 0.00000
1547822840853313 1.00000 0.00015 -0.00000 0.00073 -0.00015 1.00000 0.00000 -0.00181 0.00000 -0.00000 1.00000 0.00000
1547822841102178 1.00000 0.00010 -0.00000 0.00145 -0.00010 1.00000 0.00000 -0.00241 0.00000 -0.00000 1.00000 0.00000
1547822841350765 1.00000 0.00021 -0.00000 0.00354 -0.00021 1.00000 0.00000 -0.00216 0.00000 -0.00000 1.00000 0.00000
1547822841599157 1.00000 0.00024 -0.00000 0.00044 -0.00024 1.00000 0.00000 -0.00283 0.00000 -0.00000 1.00000 0.00000
1547822841848305 1.00000 0.00023 -0.00000 0.00076 -0.00023 1.00000 0.00000 -0.00168 0.00000 -0.00000 1.00000 0.00000
1547822842098486 1.00000 0.00039 -0.00000 0.00309 -0.00039 1.00000 0.00000 -0.00074 0.00000 -0.00000 1.00000 0.00000
1547822842349567 1.00000 0.00019 -0.00000 -0.00254 -0.00019 1.00000 0.00000 -0.00659 0.00000 -0.00000 1.00000 0.00000
1547822842600384 1.00000 0.00015 -0.00000 -0.00133 -0.00015 1.00000 0.00000 0.00057 0.00000 -0.00000 1.00000 -0.00000
1547822842850675 1.00000 0.00017 -0.00000 -0.00169 -0.00017 1.00000 0.00000 -0.00502 0.00000 -0.00000 1.00000 0.00000
1547822843100694 1.00000 0.00019 -0.00000 0.00246 -0.00019 1.00000 0.00000 -0.00813 0.00000 -0.00000 1.00000 0.00000
1547822843350208 1.00000 0.00033 -0.00000 -0.00244 -0.00033 1.00000 0.00000 -0.00651 0.00000 -0.00000 1.00000 0.00000
1547822843599292 1.00000 0.00029 -0.00000 -0.00107 -0.00029 1.00000 0.00000 -0.00314 0.00000 -0.00000 1.00000 0.00000
1547822843848382 1.00000 0.00031 -0.00000 -0.00110 -0.00031 1.00000 0.00000 -0.00158 0.00000 -0.00000 1.00000 0.00000
1547822844097013 1.00000 0.00017 -0.00000 -0.00379 -0.00017 1.00000 0.00000 -0.00456 0.00000 -0.00000 1.00000 0.00000
1547822844345504 1.00000 0.00030 -0.00000 -0.00047 -0.00030 1.00000 0.00000 -0.00161 0.00000 -0.00000 1.00000 0.00000
1547822844594085 1.00000 0.00022 -0.00000 -0.00341 -0.00022 1.00000 0.00000 -0.00597 0.00000 -0.00000 1.00000 0.00000
1547822844842581 1.00000 0.00021 -0.00000 -0.00153 -0.00021 1.00000 0.00000 -0.00228 0.00000 -0.00000 1.00000 0.00000
1547822845090349 1.00000 0.00039 -0.00000 -0.00143 -0.00039 1.00000 0.00000 -0.00016 0.00000 -0.00000 1.00000 0.00000
1547822845338145 1.00000 0.00038 -0.00000 -0.00413 -0.00038 1.00000 0.00000 -0.00055 0.00000 -0.00000 1.00000 0.00000
1547822845586656 1.00000 0.00028 -0.00000 -0.00085 -0.00028 1.00000 0.00000 -0.00619 0.00000 -0.00000 1.00000 0.00000
1547822845835664 1.00000 0.00045 -0.00000 0.00515 -0.00045 1.00000 0.00000 -0.00240 0.00000 -0.00000 1.00000 0.00000
1547822846084399 1.00000 0.00039 -0.00000 -0.00134 -0.00039 1.00000 0.00000 -0.00148 0.00000 -0.00000 1.00000 0.00000
1547822846332752 1.00000 0.00028 -0.00000 -0.00256 -0.00028 1.00000 0.00000 -0.00086 0.00000 -0.00000 1.00000 0.00000
1547822846581526 1.00000 0.00042 -0.00000 -0.00343 -0.00042 1.00000 0.00000 0.00226 0.00000 -0.00000 1.00000 -0.00000
1547822846832242 1.00000 0.00011 -0.00000 -0.00359 -0.00011 1.00000 0.00000 -0.00133 0.00000 -0.00000 1.00000 0.00000
1547822847083617 1.00000 0.00008 -0.00000 -0.00165 -0.00008 1.00000 0.00000 -0.00412 0.00000 -0.00000 1.00000 0.00000
1547822847334528 1.00000 0.00020 -0.00000 -0.00247 -0.00020 1.00000 0.00000 -0.00398 0.00000 -0.00000 1.00000 0.00000
1547822847585319 1.00000 0.00024 -0.00000 0.00155 -0.00024 1.00000 0.00000 -0.00141 0.00000 -0.00000 1.00000 0.00000
1547822847835851 1.00000 0.00034 -0.00000 0.00007 -0.00034 1.00000 0.00000 -0.00335 0.00000 -0.00000 1.00000 0.00000
1547822848085864 1.00000 0.00029 -0.00000 -0.00293 -0.00029 1.00000 0.00000 -0.00086 0.00000 -0.00000 1.00000 0.00000
1547822848335900 1.00000 0.00031 -0.00000 -0.00039 -0.00031 1.00000 0.00000 -0.00015 0.00000 -0.00000 1.00000 0.00000
1547822848586203 1.00000 0.00028 -0.00000 -0.00313 -0.00028 1.00000 0.00000 -0.00445 0.00000 -0.00000 1.00000 0.00000
1547822848836585 1.00000 0.00020 -0.00000 -0.00236 -0.00020 1.00000 0.00000 0.00300 0.00000 -0.00000 1.00000 -0.00000
1547822849086755 1.00000 -0.00010 0.00000 -0.00636 0.00010 1.00000 -0.00000 -0.00080 -0.00000 0.00000 1.00000 0.00000
1547822849336780 1.00000 0.00011 -0.00000 -0.00155 -0.00011 1.00000 0.00000 -0.00294 0.00000 -0.00000 1.00000 0.00000
1547822849587809 1.00000 0.00021 -0.00000 -0.00230 -0.00021 1.00000 0.00000 -0.00059 0.00000 -0.00000 1.00000 0.00000
1547822849840215 1.00000 0.00026 -0.00000 0.00154 -0.00026 1.00000 0.00000 -0.00088 0.00000 -0.00000 1.00000 0.00000
1547822850092772 1.00000 0.00025 -0.00000 -0.00732 -0.00025 1.00000 0.00000 -0.00311 0.00000 -0.00000 1.00000 0.00000
1547822850344510 1.00000 0.00018 -0.00000 -0.00161 -0.00018 1.00000 0.00000 -0.00761 0.00000 -0.00000 1.00000 0.00000
1547822850595858 1.00000 0.00010 -0.00000 -0.00381 -0.00010 1.00000 0.00000 -0.00592 0.00000 -0.00000 1.00000 0.00000
1547822850846116 1.00000 0.00020 -0.00000 0.00017 -0.00020 1.00000 0.00000 -0.00117 0.00000 -0.00000 1.00000 0.00000
1547822851095191 1.00000 0.00010 -0.00000 0.00256 -0.00010 1.00000 0.00000 -0.00193 0.00000 -0.00000 1.00000 0.00000
1547822851344440 1.00000 0.00018 -0.00000 -0.00052 -0.00018 1.00000 0.00000 -0.00467 0.00000 -0.00000 1.00000 0.00000
1547822851593430 1.00000 0.00022 -0.00000 -0.00215 -0.00022 1.00000 0.00000 -0.00532 0.00000 -0.00000 1.00000 0.00000
1547822851841989 1.00000 0.00034 -0.00000 -0.00055 -0.00034 1.00000 0.00000 -0.00081 0.00000 -0.00000 1.00000 0.00000
1547822852090312 1.00000 0.00030 -0.00000 -0.00053 -0.00030 1.00000 0.00000 0.00031 0.00000 -0.00000 1.00000 -0.00000
1547822852338391 1.00000 0.00014 -0.00000 0.00289 -0.00014 1.00000 0.00000 -0.00084 0.00000 -0.00000 1.00000 0.00000
1547822852586019 1.00000 0.00015 -0.00000 -0.00361 -0.00015 1.00000 0.00000 -0.00104 0.00000 -0.00000 1.00000 0.00000
1547822852834036 1.00000 0.00025 -0.00000 -0.00595 -0.00025 1.00000 0.00000 0.00328 0.00000 -0.00000 1.00000 -0.00000
1547822853082561 1.00000 0.00021 -0.00000 -0.00340 -0.00021 1.00000 0.00000 0.00337 0.00000 -0.00000 1.00000 -0.00000
1547822853331224 1.00000 0.00035 -0.00000 -0.00141 -0.00035 1.00000 0.00000 0.00253 0.00000 -0.00000 1.00000 -0.00000
1547822853580601 1.00000 0.00022 -0.00000 -0.00379 -0.00022 1.00000 0.00000 0.00026 0.00000 -0.00000 1.00000 -0.00000
1547822853830768 1.00000 0.00016 -0.00000 -0.00491 -0.00016 1.00000 0.00000 0.00104 0.00000 -0.00000 1.00000 -0.00000
1547822854081841 1.00000 0.00031 -0.00000 -0.00199 -0.00031 1.00000 0.00000 0.00262 0.00000 -0.00000 1.00000 -0.00000
1547822854333805 1.00000 0.00037 -0.00000 -0.00255 -0.00037 1.00000 0.00000 0.00373 0.00000 -0.00000 1.00000 -0.00000
1547822854585931 1.00000 0.00037 -0.00000 -0.00602 -0.00037 1.00000 0.00000 0.00525 0.00000 -0.00000 1.00000 -0.00000
1547822854838010 1.00000 0.00060 -0.00000 -0.02045 -0.00060 1.00000 0.00000 0.00179 0.00000 -0.00000 1.00000 -0.00000
1547822855089538 1.00000 0.00036 -0.00000 -0.05110 -0.00036 1.00000 0.00000 -0.01061 0.00000 -0.00000 1.00000 0.00000
1547822855340161 1.00000 0.00092 -0.00000 -0.08849 -0.00092 1.00000 0.00000 -0.00856 0.00000 -0.00000 1.00000 0.00000
1547822855590179 1.00000 0.00224 -0.00000 -0.14471 -0.00224 1.00000 0.00000 -0.02358 0.00000 -0.00000 1.00000 0.00000
1547822855840646 0.99999 0.00335 -0.00000 -0.21556 -0.00335 0.99999 0.00000 -0.04126 0.00000 -0.00000 1.00000 0.00000
1547822856090899 0.99998 0.00614 -0.00000 -0.30379 -0.00614 0.99998 0.00000 -0.06576 0.00000 -0.00000 1.00000 0.00000
1547822856340826 0.99987 0.01596 -0.00000 -0.46566 -0.01596 0.99987 0.00000 -0.01662 0.00000 -0.00000 1.00000 0.00000
1547822856590539 0.99957 0.02944 -0.00000 -0.66548 -0.02944 0.99957 0.00000 0.00087 0.00000 -0.00000 1.00000 0.00000
1547822856840055 0.99891 0.04657 -0.00000 -1.01520 -0.04657 0.99891 0.00000 0.00086 0.00000 -0.00000 1.00000 0.00000
1547822857090284 0.99778 0.06657 -0.00000 -1.42111 -0.06657 0.99778 0.00000 0.04603 0.00000 -0.00000 1.00000 0.00000
1547822857342175 0.99595 0.08991 -0.00000 -1.92214 -0.08991 0.99595 0.00000 0.04814 0.00000 -0.00000 1.00000 0.00000
1547822857594441 0.99341 0.11458 -0.00000 -2.52247 -0.11458 0.99341 0.00000 0.07494 0.00000 -0.00000 1.00000 0.00000
1547822857845558 0.99054 0.13724 -0.00000 -3.23358 -0.13724 0.99054 0.00000 0.10882 0.00000 -0.00000 1.00000 0.00000
1547822858096357 0.98759 0.15708 -0.00000 -4.00346 -0.15708 0.98759 0.00000 0.12524 0.00000 -0.00000 1.00000 0.00000
1547822858346379 0.98512 0.17187 -0.00000 -4.86676 -0.17187 0.98512 0.00000 0.18953 0.00000 -0.00000 1.00000 0.00000
1547822858596569 0.98310 0.18309 -0.00000 -5.83403 -0.18309 0.98310 0.00000 0.26212 0.00000 -0.00000 1.00000 0.00000
1547822858847064 0.98225 0.18759 -0.00000 -6.89330 -0.18759 0.98225 0.00000 0.28217 0.00000 -0.00000 1.00000 0.00000
1547822859097138 0.98231 0.18724 -0.00000 -8.02659 -0.18724 0.98231 0.00000 0.28918 0.00000 -0.00000 1.00000 0.00000
1547822859346549 0.98278 0.18480 -0.00000 -9.25065 -0.18480 0.98278 0.00000 0.26021 0.00000 -0.00000 1.00000 0.00000
1547822859596178 0.98305 0.18331 -0.00000 -10.54184 -0.18331 0.98305 0.00000 0.25095 0.00000 -0.00000 1.00000 0.00000
1547822859845905 0.98350 0.18090 -0.00000 -11.90311 -0.18090 0.98350 0.00000 0.24615 0.00000 -0.00000 1.00000 0.00000
1547822860095386 0.98457 0.17502 -0.00000 -13.37379 -0.17502 0.98457 0.00000 0.16973 0.00000 -0.00000 1.00000 0.00000
1547822860345041 0.98510 0.17197 -0.00000 -14.90499 -0.17197 0.98510 0.00000 0.14279 0.00000 -0.00000 1.00000 0.00000
1547822860594219 0.98634 0.16469 -0.00000 -16.45359 -0.16469 0.98634 0.00000 0.06884 0.00000 -0.00000 1.00000 0.00000
1547822860842856 0.98720 0.15947 -0.00000 -18.06437 -0.15947 0.98720 0.00000 0.01083 0.00000 -0.00000 1.00000 0.00000
1547822861091613 0.98860 0.15057 -0.00000 -19.75239 -0.15057 0.98860 0.00000 -0.13255 0.00000 -0.00000 1.00000 0.00000
1547822861340210 0.99016 0.13994 -0.00000 -21.46233 -0.13994 0.99016 0.00000 -0.35670 0.00000 -0.00000 1.00000 0.00000
1547822861588404 0.99199 0.12635 -0.00000 -23.23627 -0.12635 0.99199 0.00000 -0.66417 0.00000 -0.00000 1.00000 0.00000
1547822861837080 0.99383 0.11095 -0.00000 -25.01794 -0.11095 0.99383 0.00000 -0.99397 0.00000 -0.00000 1.00000 0.00000
1547822862087317 0.99545 0.09531 -0.00000 -26.81618 -0.09531 0.99545 0.00000 -1.36143 0.00000 -0.00000 1.00000 0.00000
1547822862337836 0.99657 0.08274 -0.00000 -28.67795 -0.08274 0.99657 0.00000 -1.67371 0.00000 -0.00000 1.00000 0.00000
1547822862587707 0.99761 0.06915 -0.00000 -30.55320 -0.06915 0.99761 0.00000 -2.06296 0.00000 -0.00000 1.00000 0.00000
1547822862837555 0.99843 0.05598 -0.00000 -32.43889 -0.05598 0.99843 0.00000 -2.46326 0.00000 -0.00000 1.00000 0.00000
1547822863087376 0.99916 0.04108 -0.00000 -34.33138 -0.04108 0.99916 0.00000 -2.94871 0.00000 -0.00000 1.00000 0.00000
1547822863337331 0.99964 0.02700 -0.00000 -36.23866 -0.02700 0.99964 0.00000 -3.44558 0.00000 -0.00000 1.00000 0.00000
1547822863587126 0.99984 0.01772 -0.00000 -38.17676 -0.01772 0.99984 0.00000 -3.74601 0.00000 -0.00000 1.00000 0.00000
1547822863836532 0.99997 0.00743 -0.00000 -40.18405 -0.00743 0.99997 0.00000 -4.14691 0.00000 -0.00000 1.00000 0.00000
1547822864086051 1.00000 0.00176 -0.00000 -42.19924 -0.00176 1.00000 0.00000 -4.34335 0.00000 -0.00000 1.00000 0.00000
1547822864335351 1.00000 -0.00291 0.00000 -44.24485 0.00291 1.00000 -0.00000 -4.55910 -0.00000 0.00000 1.00000 0.00000
1547822864584851 0.99999 -0.00494 0.00000 -46.33714 0.00494 0.99999 -0.00000 -4.57756 -0.00000 0.00000 1.00000 0.00000
1547822864835526 0.99993 -0.01199 0.00000 -48.42581 0.01199 0.99993 -0.00000 -4.90688 -0.00000 0.00000 1.00000 0.00000
1547822865087739 0.99986 -0.01703 0.00000 -50.52361 0.01703 0.99986 -0.00000 -5.10133 -0.00000 0.00000 1.00000 0.00000
1547822865340078 0.99968 -0.02519 0.00000 -52.63319 0.02519 0.99968 -0.00000 -5.49290 -0.00000 0.00000 1.00000 0.00000
1547822865591662 0.99947 -0.03271 0.00000 -54.70178 0.03271 0.99947 -0.00000 -5.90304 -0.00000 0.00000 1.00000 0.00000
1547822865842576 0.99934 -0.03634 0.00000 -56.79240 0.03634 0.99934 -0.00000 -6.06162 -0.00000 0.00000 1.00000 0.00000
1547822866092925 0.99939 -0.03505 0.00000 -58.96490 0.03505 0.99939 -0.00000 -5.95986 -0.00000 0.00000 1.00000 0.00000
1547822866343178 0.99961 -0.02801 0.00000 -61.19241 0.02801 0.99961 -0.00000 -5.53751 -0.00000 0.00000 1.00000 0.00000
1547822866593271 0.99976 -0.02187 0.00000 -63.40606 0.02187 0.99976 -0.00000 -5.13317 -0.00000 0.00000 1.00000 0.00000
1547822866843046 0.99997 -0.00774 0.00000 -65.67556 0.00774 0.99997 -0.00000 -4.21371 -0.00000 0.00000 1.00000 0.00000
1547822867092688 0.99997 0.00750 -0.00000 -67.94786 -0.00750 0.99997 0.00000 -3.18842 0.00000 -0.00000 1.00000 0.00000
1547822867341777 0.99968 0.02541 -0.00000 -70.28565 -0.02541 0.99968 0.00000 -1.93608 0.00000 -0.00000 1.00000 0.00000
1547822867591099 0.99910 0.04246 -0.00000 -72.45191 -0.04246 0.99910 0.00000 -0.81394 0.00000 -0.00000 1.00000 0.00000
1547822867840559 0.99802 0.06286 -0.00000 -74.64984 -0.06286 0.99802 0.00000 0.65651 0.00000 -0.00000 1.00000 0.00000
1547822868089660 0.99690 0.07868 -0.00000 -76.87715 -0.07868 0.99690 0.00000 1.91905 0.00000 -0.00000 1.00000 0.00000
1547822868338534 0.99616 0.08752 -0.00000 -78.97854 -0.08752 0.99616 0.00000 2.60906 0.00000 -0.00000 1.00000 0.00000
1547822868587630 0.99546 0.09521 -0.00000 -81.16251 -0.09521 0.99546 0.00000 3.26588 0.00000 -0.00000 1.00000 0.00000
1547822868836457 0.99495 0.10042 -0.00000 -83.37083 -0.10042 0.99495 0.00000 3.68109 0.00000 -0.00000 1.00000 0.00000
1547822869085166 0.99471 0.10269 -0.00000 -85.59472 -0.10269 0.99471 0.00000 3.87581 0.00000 -0.00000 1.00000 0.00000
1547822869333798 0.99474 0.10246 -0.00000 -87.79004 -0.10246 0.99474 0.00000 3.84456 0.00000 -0.00000 1.00000 0.00000
1547822869582340 0.99496 0.10023 -0.00000 -89.98993 -0.10023 0.99496 0.00000 3.65252 0.00000 -0.00000 1.00000 0.00000
1547822869831341 0.99514 0.09845 -0.00000 -92.21334 -0.09845 0.99514 0.00000 3.51594 0.00000 -0.00000 1.00000 0.00000
1547822870081818 0.99564 0.09326 -0.00000 -94.47401 -0.09326 0.99564 0.00000 3.06383 0.00000 -0.00000 1.00000 0.00000
1547822870332320 0.99602 0.08908 -0.00000 -96.74863 -0.08908 0.99602 0.00000 2.71187 0.00000 -0.00000 1.00000 0.00000
1547822870582694 0.99590 0.09042 -0.00000 -98.99934 -0.09042 0.99590 0.00000 2.82867 0.00000 -0.00000 1.00000 0.00000
1547822870832406 0.99547 0.09503 -0.00000 -101.23166 -0.09503 0.99547 0.00000 3.25737 0.00000 -0.00000 1.00000 0.00000
1547822871082242 0.99600 0.08930 -0.00000 -103.45182 -0.08930 0.99600 0.00000 2.65108 0.00000 -0.00000 1.00000 0.00000
1547822871332707 0.99672 0.08094 -0.00000 -105.78169 -0.08094 0.99672 0.00000 1.82472 0.00000 -0.00000 1.00000 0.00000
1547822871583086 0.99764 0.06873 -0.00000 -108.06900 -0.06873 0.99764 0.00000 0.52032 0.00000 -0.00000 1.00000 0.00000
1547822871833110 0.99858 0.05322 -0.00000 -110.36636 -0.05322 0.99858 0.00000 -1.15930 0.00000 -0.00000 1.00000 0.00000
1547822872083012 0.99912 0.04187 -0.00000 -112.66455 -0.04187 0.99912 0.00000 -2.38269 0.00000 -0.00000 1.00000 0.00000
1547822872333281 0.99946 0.03271 -0.00000 -114.98075 -0.03271 0.99946 0.00000 -3.33347 0.00000 -0.00000 1.00000 0.00000
1547822872584161 0.99958 0.02904 -0.00000 -117.34953 -0.02904 0.99958 0.00000 -3.71547 0.00000 -0.00000 1.00000 0.00000
1547822872836256 0.99958 0.02883 -0.00000 -119.79199 -0.02883 0.99958 0.00000 -3.74164 0.00000 -0.00000 1.00000 0.00000
1547822873088556 0.99965 0.02639 -0.00000 -122.22330 -0.02639 0.99965 0.00000 -4.04534 0.00000 -0.00000 1.00000 0.00000
1547822873339952 0.99968 0.02544 -0.00000 -124.66108 -0.02544 0.99968 0.00000 -4.16764 0.00000 -0.00000 1.00000 0.00000
1547822873590573 0.99962 0.02768 -0.00000 -127.10990 -0.02768 0.99962 0.00000 -3.87653 0.00000 -0.00000 1.00000 0.00000
1547822873839946 0.99955 0.02992 -0.00000 -129.54606 -0.02992 0.99955 0.00000 -3.56499 0.00000 -0.00000 1.00000 0.00000
1547822874089162 0.99950 0.03172 -0.00000 -131.96235 -0.03172 0.99950 0.00000 -3.34381 0.00000 -0.00000 1.00000 0.00000
1547822874337961 0.99947 0.03248 -0.00000 -134.35235 -0.03248 0.99947 0.00000 -3.29585 0.00000 -0.00000 1.00000 0.00000
1547822874586347 0.99943 0.03385 -0.00000 -136.75109 -0.03385 0.99943 0.00000 -3.08355 0.00000 -0.00000 1.00000 0.00000
1547822874834690 0.99931 0.03717 -0.00000 -139.14402 -0.03717 0.99931 0.00000 -2.58028 0.00000 -0.00000 1.00000 0.00000
1547822875082834 0.99924 0.03906 -0.00000 -141.53614 -0.03906 0.99924 0.00000 -2.31934 0.00000 -0.00000 1.00000 0.00000
1547822875331031 0.99913 0.04165 -0.00000 -143.88893 -0.04165 0.99913 0.00000 -1.93289 0.00000 -0.00000 1.00000 0.00000
1547822875579277 0.99895 0.04584 -0.00000 -146.29357 -0.04584 0.99895 0.00000 -1.32186 0.00000 -0.00000 1.00000 0.00000
1547822875827580 0.99892 0.04649 -0.00000 -148.67789 -0.04649 0.99892 0.00000 -1.19023 0.00000 -0.00000 1.00000 0.00000
1547822876076730 0.99895 0.04578 -0.00000 -151.03914 -0.04578 0.99895 0.00000 -1.30102 0.00000 -0.00000 1.00000 0.00000
1547822876326504 0.99901 0.04438 -0.00000 -153.39551 -0.04438 0.99901 0.00000 -1.43023 0.00000 -0.00000 1.00000 0.00000
1547822876576888 0.99903 0.04399 -0.00000 -155.76234 -0.04399 0.99903 0.00000 -1.46760 0.00000 -0.00000 1.00000 0.00000
1547822876826865 0.99898 0.04506 -0.00000 -158.16501 -0.04506 0.99898 0.00000 -1.29692 0.00000 -0.00000 1.00000 0.00000
1547822877076528 0.99897 0.04547 -0.00000 -160.51128 -0.04547 0.99897 0.00000 -1.16375 0.00000 -0.00000 1.00000 0.00000
1547822877327567 0.99899 0.04501 -0.00000 -162.86162 -0.04501 0.99899 0.00000 -1.22699 0.00000 -0.00000 1.00000 0.00000
1547822877579617 0.99882 0.04852 -0.00000 -165.20455 -0.04852 0.99882 0.00000 -0.70730 0.00000 -0.00000 1.00000 0.00000
1547822877832011 0.99867 0.05153 -0.00000 -167.53172 -0.05153 0.99867 0.00000 -0.13571 0.00000 -0.00000 1.00000 0.00000
1547822878083834 0.99860 0.05297 -0.00000 -169.85662 -0.05297 0.99860 0.00000 0.17596 0.00000 -0.00000 1.00000 0.00000
1547822878335366 0.99851 0.05455 -0.00000 -172.10451 -0.05455 0.99851 0.00000 0.39397 0.00000 -0.00000 1.00000 0.00000
1547822878585629 0.99846 0.05553 -0.00000 -174.33549 -0.05553 0.99846 0.00000 0.57392 0.00000 -0.00000 1.00000 0.00000
1547822878835273 0.99828 0.05866 -0.00000 -176.52261 -0.05866 0.99828 0.00000 1.11394 0.00000 -0.00000 1.00000 0.00000
1547822879085362 0.99806 0.06231 -0.00000 -178.69896 -0.06231 0.99806 0.00000 1.76109 0.00000 -0.00000 1.00000 0.00000
1547822879335136 0.99774 0.06724 -0.00000 -180.86670 -0.06724 0.99774 0.00000 2.63132 0.00000 -0.00000 1.00000 0.00000
1547822879584774 0.99750 0.07069 -0.00000 -183.00822 -0.07069 0.99750 0.00000 3.26416 0.00000 -0.00000 1.00000 0.00000
1547822879834446 0.99750 0.07062 -0.00000 -185.18066 -0.07062 0.99750 0.00000 3.25813 0.00000 -0.00000 1.00000 0.00000
1547822880084157 0.99743 0.07168 -0.00000 -187.29298 -0.07168 0.99743 0.00000 3.45178 0.00000 -0.00000 1.00000 0.00000
1547822880334868 0.99714 0.07554 -0.00000 -189.39193 -0.07554 0.99714 0.00000 4.17598 0.00000 -0.00000 1.00000 0.00000
1547822880586935 0.99660 0.08238 -0.00000 -191.50053 -0.08238 0.99660 0.00000 5.51062 0.00000 -0.00000 1.00000 0.00000
1547822880839126 0.99599 0.08941 -0.00000 -193.55508 -0.08941 0.99599 0.00000 6.87065 0.00000 -0.00000 1.00000 0.00000
1547822881090919 0.99525 0.09739 -0.00000 -195.55727 -0.09739 0.99525 0.00000 8.46759 0.00000 -0.00000 1.00000 0.00000
1547822881341747 0.99427 0.10686 -0.00000 -197.56049 -0.10686 0.99427 0.00000 10.32475 0.00000 -0.00000 1.00000 0.00000
1547822881590941 0.99339 0.11476 -0.00000 -199.54704 -0.11476 0.99339 0.00000 11.92290 0.00000 -0.00000 1.00000 0.00000
1547822881840007 0.99262 0.12126 -0.00000 -201.54730 -0.12126 0.99262 0.00000 13.24246 0.00000 -0.00000 1.00000 0.00000
1547822882089257 0.99190 0.12704 -0.00000 -203.54323 -0.12704 0.99190 0.00000 14.42137 0.00000 -0.00000 1.00000 0.00000
1547822882337515 0.99099 0.13391 -0.00000 -205.44290 -0.13391 0.99099 0.00000 15.85911 0.00000 -0.00000 1.00000 0.00000
1547822882585764 0.98982 0.14235 -0.00000 -207.34076 -0.14235 0.98982 0.00000 17.58118 0.00000 -0.00000 1.00000 0.00000
1547822882834182 0.98865 0.15027 -0.00000 -209.25554 -0.15027 0.98865 0.00000 19.26280 0.00000 -0.00000 1.00000 0.00000
1547822883082047 0.98784 0.15547 -0.00000 -211.22937 -0.15547 0.98784 0.00000 20.36271 0.00000 -0.00000 1.00000 0.00000
1547822883330993 0.98769 0.15644 -0.00000 -213.26016 -0.15644 0.98769 0.00000 20.50642 0.00000 -0.00000 1.00000 0.00000
1547822883581903 0.98794 0.15481 -0.00000 -215.37538 -0.15481 0.98794 0.00000 20.15125 0.00000 -0.00000 1.00000 0.00000
1547822883832525 0.98811 0.15376 -0.00000 -217.50718 -0.15376 0.98811 0.00000 19.94715 0.00000 -0.00000 1.00000 0.00000
1547822884082926 0.98838 0.15200 -0.00000 -219.57594 -0.15200 0.98838 0.00000 19.57004 0.00000 -0.00000 1.00000 0.00000
1547822884333178 0.98842 0.15173 -0.00000 -221.63477 -0.15173 0.98842 0.00000 19.53980 0.00000 -0.00000 1.00000 0.00000
1547822884582873 0.98797 0.15467 -0.00000 -223.64864 -0.15467 0.98797 0.00000 20.22093 0.00000 -0.00000 1.00000 0.00000
1547822884832921 0.98784 0.15548 -0.00000 -225.65020 -0.15548 0.98784 0.00000 20.44522 0.00000 -0.00000 1.00000 0.00000
1547822885083277 0.98753 0.15741 -0.00000 -227.65042 -0.15741 0.98753 0.00000 20.84473 0.00000 -0.00000 1.00000 0.00000
1547822885334811 0.98757 0.15719 -0.00000 -229.67655 -0.15719 0.98757 0.00000 20.84166 0.00000 -0.00000 1.00000 0.00000
1547822885587146 0.98697 0.16089 -0.00000 -231.62955 -0.16089 0.98697 0.00000 21.68876 0.00000 -0.00000 1.00000 0.00000
1547822885838562 0.98676 0.16220 -0.00000 -233.59818 -0.16220 0.98676 0.00000 22.03544 0.00000 -0.00000 1.00000 0.00000
1547822886089875 0.98645 0.16406 -0.00000 -235.51780 -0.16406 0.98645 0.00000 22.50799 0.00000 -0.00000 1.00000 0.00000
1547822886341685 0.98579 0.16799 -0.00000 -237.39966 -0.16799 0.98579 0.00000 23.46093 0.00000 -0.00000 1.00000 0.00000
1547822886593195 0.98483 0.17350 -0.00000 -239.24479 -0.17350 0.98483 0.00000 24.79297 0.00000 -0.00000 1.00000 0.00000
1547822886844532 0.98471 0.17418 -0.00000 -241.16821 -0.17418 0.98471 0.00000 24.92473 0.00000 -0.00000 1.00000 0.00000
1547822887095942 0.98458 0.17493 -0.00000 -243.06753 -0.17493 0.98458 0.00000 25.11009 0.00000 -0.00000 1.00000 0.00000
1547822887347225 0.98418 0.17719 -0.00000 -244.90798 -0.17719 0.98418 0.00000 25.71602 0.00000 -0.00000 1.00000 0.00000
1547822887598431 0.98380 0.17927 -0.00000 -246.73250 -0.17927 0.98380 0.00000 26.20006 0.00000 -0.00000 1.00000 0.00000
1547822887849560 0.98325 0.18227 -0.00000 -248.57046 -0.18227 0.98325 0.00000 26.95636 0.00000 -0.00000 1.00000 0.00000
1547822888101207 0.98274 0.18497 -0.00000 -250.43145 -0.18497 0.98274 0.00000 27.70191 0.00000 -0.00000 1.00000 0.00000
1547822888354216 0.98254 0.18606 -0.00000 -252.26028 -0.18606 0.98254 0.00000 27.99304 0.00000 -0.00000 1.00000 0.00000
1547822888608062 0.98216 0.18804 -0.00000 -254.09193 -0.18804 0.98216 0.00000 28.49313 0.00000 -0.00000 1.00000 0.00000
1547822888860194 0.98195 0.18916 -0.00000 -255.97057 -0.18916 0.98195 0.00000 28.78448 0.00000 -0.00000 1.00000 0.00000
1547822889109930 0.98176 0.19012 -0.00000 -257.85055 -0.19012 0.98176 0.00000 29.04633 0.00000 -0.00000 1.00000 0.00000
1547822889358159 0.98148 0.19154 -0.00000 -259.61904 -0.19154 0.98148 0.00000 29.40929 0.00000 -0.00000 1.00000 0.00000
1547822889605993 0.98157 0.19112 -0.00000 -261.46818 -0.19112 0.98157 0.00000 29.35751 0.00000 -0.00000 1.00000 0.00000
1547822889853368 0.98133 0.19234 -0.00000 -263.26738 -0.19234 0.98133 0.00000 29.69272 0.00000 -0.00000 1.00000 0.00000
1547822890100730 0.98120 0.19297 -0.00000 -265.10734 -0.19297 0.98120 0.00000 29.86491 0.00000 -0.00000 1.00000 0.00000
1547822890348458 0.98164 0.19072 -0.00000 -267.00463 -0.19072 0.98164 0.00000 29.29392 0.00000 -0.00000 1.00000 0.00000
1547822890597356 0.98224 0.18761 -0.00000 -268.92898 -0.18761 0.98224 0.00000 28.44092 0.00000 -0.00000 1.00000 0.00000
1547822890847899 0.98318 0.18261 -0.00000 -270.89894 -0.18261 0.98318 0.00000 27.07019 0.00000 -0.00000 1.00000 0.00000
1547822891098185 0.98443 0.17577 -0.00000 -272.95431 -0.17577 0.98443 0.00000 25.15279 0.00000 -0.00000 1.00000 0.00000
1547822891348124 0.98518 0.17151 -0.00000 -274.91875 -0.17151 0.98518 0.00000 24.04196 0.00000 -0.00000 1.00000 0.00000
1547822891598232 0.98605 0.16642 -0.00000 -276.88853 -0.16642 0.98605 0.00000 22.62534 0.00000 -0.00000 1.00000 0.00000
1547822891848298 0.98703 0.16056 -0.00000 -278.89709 -0.16056 0.98703 0.00000 20.95967 0.00000 -0.00000 1.00000 0.00000
1547822892097928 0.98764 0.15672 -0.00000 -280.86662 -0.15672 0.98764 0.00000 19.87956 0.00000 -0.00000 1.00000 0.00000
1547822892347706 0.98844 0.15160 -0.00000 -282.88939 -0.15160 0.98844 0.00000 18.47577 0.00000 -0.00000 1.00000 0.00000
1547822892597961 0.98946 0.14482 -0.00000 -284.88219 -0.14482 0.98946 0.00000 16.57726 0.00000 -0.00000 1.00000 0.00000
1547822892849081 0.98996 0.14138 -0.00000 -286.85410 -0.14138 0.98996 0.00000 15.62216 0.00000 -0.00000 1.00000 0.00000
1547822893101113 0.99042 0.13807 -0.00000 -288.79709 -0.13807 0.99042 0.00000 14.62458 0.00000 -0.00000 1.00000 0.00000
1547822893352876 0.99066 0.13637 -0.00000 -290.71102 -0.13637 0.99066 0.00000 14.16799 0.00000 -0.00000 1.00000 0.00000
1547822893604326 0.99146 0.13040 -0.00000 -292.73180 -0.13040 0.99146 0.00000 12.44567 0.00000 -0.00000 1.00000 0.00000
1547822893856162 0.99224 0.12434 -0.00000 -294.76318 -0.12434 0.99224 0.00000 10.68721 0.00000 -0.00000 1.00000 0.00000
1547822894107378 0.99291 0.11890 -0.00000 -296.82169 -0.11890 0.99291 0.00000 9.08598 0.00000 -0.00000 1.00000 0.00000
1547822894358345 0.99334 0.11518 -0.00000 -298.84319 -0.11518 0.99334 0.00000 8.03946 0.00000 -0.00000 1.00000 0.00000
1547822894609791 0.99373 0.11182 -0.00000 -300.89811 -0.11182 0.99373 0.00000 7.03821 0.00000 -0.00000 1.00000 0.00000
1547822894860873 0.99430 0.10661 -0.00000 -303.02027 -0.10661 0.99430 0.00000 5.43596 0.00000 -0.00000 1.00000 0.00000
1547822895111948 0.99443 0.10536 -0.00000 -305.11629 -0.10536 0.99443 0.00000 5.10665 0.00000 -0.00000 1.00000 0.00000
1547822895362967 0.99472 0.10263 -0.00000 -307.19046 -0.10263 0.99472 0.00000 4.25254 0.00000 -0.00000 1.00000 0.00000
1547822895614109 0.99454 0.10434 -0.00000 -309.25969 -0.10434 0.99454 0.00000 4.81432 0.00000 -0.00000 1.00000 0.00000
1547822895866460 0.99436 0.10602 -0.00000 -311.35883 -0.10602 0.99436 0.00000 5.36054 0.00000 -0.00000 1.00000 0.00000
1547822896120057 0.99437 0.10598 -0.00000 -313.50102 -0.10598 0.99437 0.00000 5.30671 0.00000 -0.00000 1.00000 0.00000
1547822896373645 0.99432 0.10647 -0.00000 -315.59734 -0.10647 0.99432 0.00000 5.48684 0.00000 -0.00000 1.00000 0.00000
1547822896625304 0.99435 0.10615 -0.00000 -317.71006 -0.10615 0.99435 0.00000 5.40746 0.00000 -0.00000 1.00000 0.00000
1547822896875010 0.99474 0.10248 -0.00000 -319.83572 -0.10248 0.99474 0.00000 4.27499 0.00000 -0.00000 1.00000 0.00000
1547822897122986 0.99515 0.09841 -0.00000 -321.94535 -0.09841 0.99515 0.00000 2.94122 0.00000 -0.00000 1.00000 0.00000
1547822897370330 0.99573 0.09230 -0.00000 -324.01260 -0.09230 0.99573 0.00000 0.97181 0.00000 -0.00000 1.00000 0.00000
1547822897617820 0.99641 0.08467 -0.00000 -326.09338 -0.08467 0.99641 0.00000 -1.48425 0.00000 -0.00000 1.00000 0.00000
1547822897865134 0.99722 0.07450 -0.00000 -328.13145 -0.07450 0.99722 0.00000 -4.80372 0.00000 -0.00000 1.00000 0.00000
1547822898112813 0.99805 0.06248 -0.00000 -330.10559 -0.06248 0.99805 0.00000 -8.68547 0.00000 -0.00000 1.00000 0.00000
1547822898361967 0.99861 0.05276 -0.00000 -332.09147 -0.05276 0.99861 0.00000 -11.92717 0.00000 -0.00000 1.00000 0.00000
1547822898612159 0.99908 0.04284 -0.00000 -334.10928 -0.04284 0.99908 0.00000 -15.18902 0.00000 -0.00000 1.00000 0.00000
1547822898862492 0.99945 0.03323 -0.00000 -336.06669 -0.03323 0.99945 0.00000 -18.36089 0.00000 -0.00000 1.00000 0.00000
1547822899113018 0.99966 0.02597 -0.00000 -338.00502 -0.02597 0.99966 0.00000 -20.77103 0.00000 -0.00000 1.00000 0.00000
1547822899363096 0.99988 0.01562 -0.00000 -339.92363 -0.01562 0.99988 0.00000 -24.25487 0.00000 -0.00000 1.00000 0.00000
1547822899612893 0.99995 0.01011 -0.00000 -341.92484 -0.01011 0.99995 0.00000 -26.14817 0.00000 -0.00000 1.00000 0.00000
1547822899863046 0.99998 0.00670 -0.00000 -343.96709 -0.00670 0.99998 0.00000 -27.32744 0.00000 -0.00000 1.00000 0.00000
1547822900112950 0.99999 0.00326 -0.00000 -346.01674 -0.00326 0.99999 0.00000 -28.48726 0.00000 -0.00000 1.00000 0.00000
1547822900363497 1.00000 0.00255 -0.00000 -348.15258 -0.00255 1.00000 0.00000 -28.71798 0.00000 -0.00000 1.00000 0.00000
1547822900615876 1.00000 0.00152 -0.00000 -350.30869 -0.00152 1.00000 0.00000 -29.05057 0.00000 -0.00000 1.00000 0.00000
1547822900867937 1.00000 0.00216 -0.00000 -352.50082 -0.00216 1.00000 0.00000 -28.85454 0.00000 -0.00000 1.00000 0.00000
1547822901118896 0.99999 0.00449 -0.00000 -354.71907 -0.00449 0.99999 0.00000 -28.03701 0.00000 -0.00000 1.00000 0.00000
1547822901370397 0.99998 0.00552 -0.00000 -356.91725 -0.00552 0.99998 0.00000 -27.69632 0.00000 -0.00000 1.00000 0.00000
1547822901621520 0.99996 0.00866 -0.00000 -359.16332 -0.00866 0.99996 0.00000 -26.53175 0.00000 -0.00000 1.00000 0.00000
1547822901872881 0.99994 0.01078 -0.00000 -361.41517 -0.01078 0.99994 0.00000 -25.75765 0.00000 -0.00000 1.00000 0.00000
1547822902124658 0.99992 0.01302 -0.00000 -363.63622 -0.01302 0.99992 0.00000 -24.96576 0.00000 -0.00000 1.00000 0.00000
1547822902375703 0.99981 0.01967 -0.00000 -365.99975 -0.01967 0.99981 0.00000 -22.49218 0.00000 -0.00000 1.00000 0.00000
1547822902626543 0.99972 0.02375 -0.00000 -368.24318 -0.02375 0.99972 0.00000 -21.03428 0.00000 -0.00000 1.00000 0.00000
1547822902877640 0.99963 0.02718 -0.00000 -370.52589 -0.02718 0.99963 0.00000 -19.73309 0.00000 -0.00000 1.00000 0.00000
1547822903128741 0.99947 0.03253 -0.00000 -372.80764 -0.03253 0.99947 0.00000 -17.76491 0.00000 -0.00000 1.00000 0.00000
1547822903380836 0.99933 0.03650 -0.00000 -375.04259 -0.03650 0.99933 0.00000 -16.26424 0.00000 -0.00000 1.00000 0.00000
1547822903634228 0.99911 0.04217 -0.00000 -377.34419 -0.04217 0.99911 0.00000 -14.09727 0.00000 -0.00000 1.00000 0.00000
1547822903887650 0.99897 0.04541 -0.00000 -379.58122 -0.04541 0.99897 0.00000 -12.90082 0.00000 -0.00000 1.00000 0.00000
1547822904139465 0.99875 0.05003 -0.00000 -381.80219 -0.05003 0.99875 0.00000 -11.07824 0.00000 -0.00000 1.00000 0.00000
1547822904389372 0.99844 0.05590 -0.00000 -384.01823 -0.05590 0.99844 0.00000 -8.84499 0.00000 -0.00000 1.00000 0.00000
1547822904637934 0.99841 0.05641 -0.00000 -386.13981 -0.05641 0.99841 0.00000 -8.60781 0.00000 -0.00000 1.00000 0.00000
1547822904885339 0.99854 0.05409 -0.00000 -388.25639 -0.05409 0.99854 0.00000 -9.54468 0.00000 -0.00000 1.00000 0.00000
1547822905132818 0.99850 0.05480 -0.00000 -390.39153 -0.05480 0.99850 0.00000 -9.21325 0.00000 -0.00000 1.00000 0.00000
1547822905380229 0.99855 0.05376 -0.00000 -392.49640 -0.05376 0.99855 0.00000 -9.63904 0.00000 -0.00000 1.00000 0.00000
1547822905627873 0.99853 0.05426 -0.00000 -394.60875 -0.05426 0.99853 0.00000 -9.39035 0.00000 -0.00000 1.00000 0.00000
1547822905877249 0.99848 0.05511 -0.00000 -396.74745 -0.05511 0.99848 0.00000 -9.06070 0.00000 -0.00000 1.00000 0.00000
1547822906127705 0.99839 0.05670 -0.00000 -398.88022 -0.05670 0.99839 0.00000 -8.43135 0.00000 -0.00000 1.00000 0.00000
1547822906378076 0.99824 0.05933 -0.00000 -401.00946 -0.05933 0.99824 0.00000 -7.35355 0.00000 -0.00000 1.00000 0.00000
1547822906628765 0.99807 0.06216 -0.00000 -403.11758 -0.06216 0.99807 0.00000 -6.22632 0.00000 -0.00000 1.00000 0.00000
1547822906878978 0.99789 0.06491 -0.00000 -405.14923 -0.06491 0.99789 0.00000 -5.05562 0.00000 -0.00000 1.00000 0.00000
1547822907129179 0.99778 0.06653 -0.00000 -407.21104 -0.06653 0.99778 0.00000 -4.42681 0.00000 -0.00000 1.00000 0.00000
1547822907379250 0.99763 0.06882 -0.00000 -409.23980 -0.06882 0.99763 0.00000 -3.46959 0.00000 -0.00000 1.00000 0.00000
1547822907628452 0.99752 0.07045 -0.00000 -411.25313 -0.07045 0.99752 0.00000 -2.80253 0.00000 -0.00000 1.00000 0.00000
1547822907878273 0.99735 0.07279 -0.00000 -413.23091 -0.07279 0.99735 0.00000 -1.80797 0.00000 -0.00000 1.00000 0.00000
1547822908129256 0.99735 0.07275 -0.00000 -415.18291 -0.07275 0.99735 0.00000 -1.78105 0.00000 -0.00000 1.00000 0.00000
1547822908380901 0.99730 0.07345 -0.00000 -417.12218 -0.07345 0.99730 0.00000 -1.51924 0.00000 -0.00000 1.00000 0.00000
1547822908632677 0.99722 0.07457 -0.00000 -418.96424 -0.07457 0.99722 0.00000 -1.08936 0.00000 -0.00000 1.00000 0.00000
1547822908883766 0.99730 0.07341 -0.00000 -420.74015 -0.07341 0.99730 0.00000 -1.55008 0.00000 -0.00000 1.00000 0.00000
1547822909134820 0.99747 0.07112 -0.00000 -422.45257 -0.07112 0.99747 0.00000 -2.48768 0.00000 -0.00000 1.00000 0.00000
1547822909386235 0.99761 0.06911 -0.00000 -424.11703 -0.06911 0.99761 0.00000 -3.32420 0.00000 -0.00000 1.00000 0.00000
1547822909637943 0.99744 0.07149 -0.00000 -425.74433 -0.07149 0.99744 0.00000 -2.31710 0.00000 -0.00000 1.00000 0.00000
