1547123578802910 1.00000 0.00000 0.00000 -0.00000 0.00000 1.00000 0.00000 -0.00000 0.00000 0.00000 1.00000 -0.00000
1547123579053189 1.00000 -0.00011 0.00000 0.00025 0.00011 1.00000 -0.00000 0.00189 -0.00000 0.00000 1.00000 0.00000
1547123579303131 1.00000 -0.00006 0.00000 -0.00155 0.00006 1.00000 -0.00000 0.00313 -0.00000 0.00000 1.00000 0.00000
1547123579553071 1.00000 -0.00007 0.00000 0.00083 0.00007 1.00000 -0.00000 0.00176 -0.00000 0.00000 1.00000 0.00000
1547123579802407 1.00000 -0.00012 0.00000 0.00171 0.00012 1.00000 -0.00000 -0.00477 -0.00000 0.00000 1.00000 -0.00000
1547123580051552 1.00000 0.00002 -0.00000 0.00003 -0.00002 1.00000 0.00000 -0.00055 0.00000 -0.00000 1.00000 0.00000
1547123580300494 1.00000 0.00006 -0.00000 0.00057 -0.00006 1.00000 0.00000 0.00334 0.00000 -0.00000 1.00000 0.00000
1547123580549180 1.00000 -0.00000 0.00000 0.00033 0.00000 1.00000 -0.00000 -0.00047 -0.00000 0.00000 1.00000 -0.00000
1547123580797735 1.00000 0.00003 -0.00000 0.00106 -0.00003 1.00000 0.00000 0.00570 0.00000 -0.00000 1.00000 0.00000
1547123581046226 1.00000 0.00013 -0.00000 0.00057 -0.00013 1.00000 0.00000 0.00626 0.00000 -0.00000 1.00000 0.00000
1547123581294198 1.00000 0.00012 -0.00000 -0.00003 -0.00012 1.00000 0.00000 -0.00158 0.00000 -0.00000 1.00000 0.00000
1547123581543365 1.00000 0.00002 -0.00000 -0.00147 -0.00002 1.00000 0.00000 0.00575 0.00000 -0.00000 1.00000 -0.00000
1547123581793464 1.00000 -0.00004 0.00000 0.00172 0.00004 1.00000 -0.00000 0.00370 -0.00000 0.00000 1.00000 0.00000
1547123582043132 1.00000 -0.00001 0.00000 -0.00015 0.00001 1.00000 -0.00000 0.00374 -0.00000 0.00000 1.00000 0.00000
1547123582292500 1.00000 -0.00004 0.00000 0.00517 0.00004 1.00000 -0.00000 0.00676 -0.00000 0.00000 1.00000 0.00000
1547123582542671 1.00000 0.00003 -0.00000 0.00283 -0.00003 1.00000 0.00000 0.00509 0.00000 -0.00000 1.00000 0.00000
1547123582794224 1.00000 0.00003 -0.00000 0.00345 -0.00003 1.00000 0.00000 0.00271 0.00000 -0.00000 1.00000 0.00000
1547123583045854 1.00000 0.00023 -0.00000 0.00081 -0.00023 1.00000 0.00000 -0.00039 0.00000 -0.00000 1.00000 0.00000
1547123583296639 1.00000 0.00011 -0.00000 0.00412 -0.00011 1.00000 0.00000 0.00077 0.00000 -0.00000 1.00000 0.00000
1547123583547136 1.00000 -0.00008 0.00000 0.00701 0.00008 1.00000 -0.00000 -0.00067 -0.00000 0.00000 1.00000 -0.00000
1547123583797840 1.00000 0.00002 -0.00000 0.00604 -0.00002 1.00000 0.00000 -0.00218 0.00000 -0.00000 1.00000 0.00000
1547123584048010 1.00000 -0.00026 0.00000 0.00134 0.00026 1.00000 -0.00000 -0.00344 -0.00000 0.00000 1.00000 -0.00000
1547123584298110 1.00000 -0.00002 0.00000 0.00216 0.00002 1.00000 -0.00000 -0.00308 -0.00000 0.00000 1.00000 -0.00000
1547123584548175 1.00000 0.00018 -0.00000 0.00291 -0.00018 1.00000 0.00000 0.00079 0.00000 -0.00000 1.00000 0.00000
1547123584797506 1.00000 -0.00004 0.00000 0.00268 0.00004 1.00000 -0.00000 -0.00007 -0.00000 0.00000 1.00000 -0.00000
1547123585046530 1.00000 -0.00001 0.00000 0.00067 0.00001 1.00000 -0.00000 -0.00182 -0.00000 0.00000 1.00000 -0.00000
1547123585295722 1.00000 0.00011 -0.00000 0.00261 -0.00011 1.00000 0.00000 0.00124 0.00000 -0.00000 1.00000 0.00000
1547123585544558 1.00000 -0.00021 0.00000 0.00413 0.00021 1.00000 -0.00000 0.00269 -0.00000 0.00000 1.00000 0.00000
1547123585793296 1.00000 0.00002 -0.00000 -0.00104 -0.00002 1.00000 0.00000 0.00472 0.00000 -0.00000 1.00000 -0.00000
1547123586041496 1.00000 0.00014 -0.00000 0.00270 -0.00014 1.00000 0.00000 0.00064 0.00000 -0.00000 1.00000 0.00000
1547123586289535 1.00000 -0.00014 0.00000 -0.00177 0.00014 1.00000 -0.00000 0.00326 -0.00000 0.00000 1.00000 0.00000
1547123586537976 1.00000 -0.00003 0.00000 0.00102 0.00003 1.00000 -0.00000 0.00006 -0.00000 0.00000 1.00000 0.00000
1547123586787286 1.00000 0.00001 -0.00000 0.00061 -0.00001 1.00000 0.00000 -0.00269 0.00000 -0.00000 1.00000 0.00000
1547123587037343 1.00000 -0.00019 0.00000 0.00131 0.00019 1.00000 -0.00000 -0.00276 -0.00000 0.00000 1.00000 -0.00000
1547123587286736 1.00000 -0.00022 0.00000 0.00020 0.00022 1.00000 -0.00000 -0.00244 -0.00000 0.00000 1.00000 -0.00000
1547123587535943 1.00000 -0.00013 0.00000 0.00242 0.00013 1.00000 -0.00000 0.00315 -0.00000 0.00000 1.00000 0.00000
1547123587785794 1.00000 -0.00005 0.00000 0.00072 0.00005 1.00000 -0.00000 -0.00002 -0.00000 0.00000 1.00000 -0.00000
1547123588036782 1.00000 -0.00028 0.00000 -0.00011 0.00028 1.00000 -0.00000 -0.00780 -0.00000 0.00000 1.00000 0.00000
1547123588288374 1.00000 0.00003 -0.00000 0.00029 -0.00003 1.00000 0.00000 -0.00501 0.00000 -0.00000 1.00000 0.00000
1547123588539896 1.00000 0.00004 -0.00000 -0.00001 -0.00004 1.00000 0.00000 -0.00876 0.00000 -0.00000 1.00000 0.00000
1547123588791019 1.00000 -0.00033 0.00000 0.00098 0.00033 1.00000 -0.00000 -0.00320 -0.00000 0.00000 1.00000 -0.00000
1547123589041476 1.00000 -0.00012 0.00000 0.00377 0.00012 1.00000 -0.00000 -0.00492 -0.00000 0.00000 1.00000 -0.00000
1547123589291881 1.00000 -0.00013 0.00000 -0.00027 0.00013 1.00000 -0.00000 0.00095 -0.00000 0.00000 1.00000 0.00000
1547123589542064 1.00000 -0.00001 0.00000 0.00592 0.00001 1.00000 -0.00000 -0.00868 -0.00000 0.00000 1.00000 -0.00000
1547123589791661 1.00000 -0.00023 0.00000 0.00015 0.00023 1.00000 -0.00000 -0.00416 -0.00000 0.00000 1.00000 -0.00000
1547123590041328 1.00000 -0.00010 0.00000 0.00630 0.00010 1.00000 -0.00000 -0.00301 -0.00000 0.00000 1.00000 -0.00000
1547123590290515 1.00000 0.00005 -0.00000 0.00159 -0.00005 1.00000 0.00000 -0.00414 0.00000 -0.00000 1.00000 0.00000
1547123590539724 1.00000 0.00001 -0.00000 0.00404 -0.00001 1.00000 0.00000 -0.00399 0.00000 -0.00000 1.00000 0.00000
1547123590788965 1.00000 0.00010 -0.00000 0.00128 -0.00010 1.00000 0.00000 -0.00193 0.00000 -0.00000 1.00000 0.00000
1547123591037794 1.00000 0.00011 -0.00000 0.00004 -0.00011 1.00000 0.00000 -0.00148 0.00000 -0.00000 1.00000 0.00000
1547123591286036 1.00000 0.00009 -0.00000 -0.00034 -0.00009 1.00000 0.00000 -0.00710 0.00000 -0.00000 1.00000 0.00000
1547123591534081 1.00000 0.00008 -0.00000 -0.00469 -0.00008 1.00000 0.00000 -0.00162 0.00000 -0.00000 1.00000 0.00000
1547123591782403 1.00000 -0.00004 0.00000 -0.00139 0.00004 1.00000 -0.00000 0.00134 -0.00000 0.00000 1.00000 0.00000
1547123592032370 1.00000 0.00026 -0.00000 0.00009 -0.00026 1.00000 0.00000 0.00307 0.00000 -0.00000 1.00000 0.00000
1547123592282088 1.00000 0.00007 -0.00000 0.00079 -0.00007 1.00000 0.00000 -0.00378 0.00000 -0.00000 1.00000 0.00000
1547123592531024 1.00000 0.00007 -0.00000 -0.00151 -0.00007 1.00000 0.00000 0.00114 0.00000 -0.00000 1.00000 -0.00000
1547123592780392 1.00000 0.00001 -0.00000 0.00427 -0.00001 1.00000 0.00000 -0.00024 0.00000 -0.00000 1.00000 0.00000
1547123593030591 1.00000 -0.00032 0.00000 -0.00083 0.00032 1.00000 -0.00000 -0.00652 -0.00000 0.00000 1.00000 0.00000
1547123593282164 1.00000 -0.00026 0.00000 -0.00127 0.00026 1.00000 -0.00000 -0.00217 -0.00000 0.00000 1.00000 0.00000
1547123593533787 1.00000 -0.00014 0.00000 0.00122 0.00014 1.00000 -0.00000 0.00306 -0.00000 0.00000 1.00000 0.00000
1547123593784940 1.00000 0.00009 -0.00000 -0.00098 -0.00009 1.00000 0.00000 -0.00116 0.00000 -0.00000 1.00000 0.00000
1547123594035921 1.00000 -0.00033 0.00000 0.00225 0.00033 1.00000 -0.00000 -0.00387 -0.00000 0.00000 1.00000 -0.00000
1547123594286439 1.00000 -0.00008 0.00000 -0.00110 0.00008 1.00000 -0.00000 -0.00641 -0.00000 0.00000 1.00000 0.00000
1547123594536835 1.00000 -0.00031 0.00000 0.00231 0.00031 1.00000 -0.00000 -0.00263 -0.00000 0.00000 1.00000 -0.00000
1547123594787139 1.00000 -0.00021 0.00000 0.00169 0.00021 1.00000 -0.00000 -0.00189 -0.00000 0.00000 1.00000 -0.00000
1547123595036777 1.00000 0.00008 -0.00000 0.00198 -0.00008 1.00000 0.00000 -0.00302 0.00000 -0.00000 1.00000 0.00000
1547123595285981 1.00000 -0.00005 0.00000 0.00159 0.00005 1.00000 -0.00000 -0.00238 -0.00000 0.00000 1.00000 -0.00000
1547123595535202 1.00000 0.00020 -0.00000 0.00364 -0.00020 1.00000 0.00000 0.00263 0.00000 -0.00000 1.00000 0.00000
1547123595784115 1.00000 0.00005 -0.00000 0.00259 -0.00005 1.00000 0.00000 -0.00195 0.00000 -0.00000 1.00000 0.00000
1547123596032926 1.00000 0.00024 -0.00000 -0.00056 -0.00024 1.00000 0.00000 0.00752 0.00000 -0.00000 1.00000 -0.00000
1547123596281305 1.00000 0.00035 -0.00000 0.00592 -0.00035 1.00000 0.00000 0.00705 0.00000 -0.00000 1.00000 0.00000
1547123596529189 1.00000 0.00028 -0.00000 -0.00033 -0.00028 1.00000 0.00000 0.00956 0.00000 -0.00000 1.00000 -0.00000
1547123596777342 1.00000 0.00005 -0.00000 0.00015 -0.00005 1.00000 0.00000 0.00687 0.00000 -0.00000 1.00000 0.00000
1547123597026746 1.00000 0.00028 -0.00000 0.00610 -0.00028 1.00000 0.00000 0.00558 0.00000 -0.00000 1.00000 0.00000
1547123597276657 1.00000 0.00027 -0.00000 0.00042 -0.00027 1.00000 0.00000 0.00144 0.00000 -0.00000 1.00000 0.00000
1547123597526067 1.00000 0.00034 -0.00000 0.00337 -0.00034 1.00000 0.00000 0.00462 0.00000 -0.00000 1.00000 0.00000
1547123597775460 1.00000 0.00019 -0.00000 0.00277 -0.00019 1.00000 0.00000 0.00133 0.00000 -0.00000 1.00000 0.00000
1547123598025055 1.00000 0.00017 -0.00000 0.00183 -0.00017 1.00000 0.00000 0.00313 0.00000 -0.00000 1.00000 0.00000
1547123598275939 1.00000 0.00007 -0.00000 0.00358 -0.00007 1.00000 0.00000 0.00277 0.00000 -0.00000 1.00000 0.00000
1547123598527571 1.00000 0.00026 -0.00000 0.00167 -0.00026 1.00000 0.00000 0.00435 0.00000 -0.00000 1.00000 0.00000
1547123598779036 1.00000 0.00027 -0.00000 0.00340 -0.00027 1.00000 0.00000 -0.00291 0.00000 -0.00000 1.00000 0.00000
1547123599030225 1.00000 0.00018 -0.00000 0.00442 -0.00018 1.00000 0.00000 0.00315 0.00000 -0.00000 1.00000 0.00000
1547123599281219 1.00000 0.00034 -0.00000 0.00480 -0.00034 1.00000 0.00000 0.00324 0.00000 -0.00000 1.00000 0.00000
1547123599531713 1.00000 0.00006 -0.00000 0.00468 -0.00006 1.00000 0.00000 0.00020 0.00000 -0.00000 1.00000 0.00000
1547123599781866 1.00000 0.00030 -0.00000 0.00066 -0.00030 1.00000 0.00000 0.00358 0.00000 -0.00000 1.00000 0.00000
1547123600031613 1.00000 0.00007 -0.00000 0.00155 -0.00007 1.00000 0.00000 0.00686 0.00000 -0.00000 1.00000 0.00000
1547123600281337 1.00000 -0.00010 0.00000 0.00012 0.00010 1.00000 -0.00000 0.00460 -0.00000 0.00000 1.00000 0.00000
1547123600530745 1.00000 -0.00007 0.00000 0.00486 0.00007 1.00000 -0.00000 -0.00006 -0.00000 0.00000 1.00000 -0.00000
1547123600779752 1.00000 0.00024 -0.00000 0.00138 -0.00024 1.00000 0.00000 0.00328 0.00000 -0.00000 1.00000 0.00000
1547123601028851 1.00000 0.00015 -0.00000 0.00091 -0.00015 1.00000 0.00000 0.00296 0.00000 -0.00000 1.00000 0.00000
1547123601277679 1.00000 0.00009 -0.00000 -0.00068 -0.00009 1.00000 0.00000 0.00438 0.00000 -0.00000 1.00000 -0.00000
1547123601525966 1.00000 0.00008 -0.00000 0.00346 -0.00008 1.00000 0.00000 0.00550 0.00000 -0.00000 1.00000 0.00000
1547123601773916 1.00000 -0.00011 0.00000 -0.00239 0.00011 1.00000 -0.00000 0.00739 -0.00000 0.00000 1.00000 0.00000
1547123602021955 1.00000 0.00004 -0.00000 0.00301 -0.00004 1.00000 0.00000 0.00938 0.00000 -0.00000 1.00000 0.00000
1547123602271426 1.00000 0.00008 -0.00000 0.00415 -0.00008 1.00000 0.00000 0.00840 0.00000 -0.00000 1.00000 0.00000
1547123602521522 1.00000 -0.00016 0.00000 -0.00018 0.00016 1.00000 -0.00000 0.00180 -0.00000 0.00000 1.00000 0.00000
1547123602770891 1.00000 -0.00005 0.00000 -0.00190 0.00005 1.00000 -0.00000 0.00066 -0.00000 0.00000 1.00000 0.00000
1547123603020230 1.00000 0.00007 -0.00000 0.00462 -0.00007 1.00000 0.00000 -0.00128 0.00000 -0.00000 1.00000 0.00000
1547123603270061 1.00000 0.00003 -0.00000 0.00096 -0.00003 1.00000 0.00000 0.00522 0.00000 -0.00000 1.00000 0.00000
1547123603521100 1.00000 -0.00007 0.00000 0.00397 0.00007 1.00000 -0.00000 -0.00011 -0.00000 0.00000 1.00000 -0.00000
1547123603772754 1.00000 -0.00016 0.00000 0.00199 0.00016 1.00000 -0.00000 0.00277 -0.00000 0.00000 1.00000 0.00000
1547123604024005 1.00000 -0.00007 0.00000 0.00079 0.00007 1.00000 -0.00000 0.00031 -0.00000 0.00000 1.00000 0.00000
1547123604275043 1.00000 0.00004 -0.00000 0.00055 -0.00004 1.00000 0.00000 0.00510 0.00000 -0.00000 1.00000 0.00000
1547123604525918 1.00000 -0.00001 0.00000 0.00540 0.00001 1.00000 -0.00000 0.00150 -0.00000 0.00000 1.00000 0.00000
1547123604776396 1.00000 0.00004 -0.00000 -0.00054 -0.00004 1.00000 0.00000 0.00137 0.00000 -0.00000 1.00000 -0.00000
1547123605026320 1.00000 -0.00013 0.00000 0.00474 0.00013 1.00000 -0.00000 0.00074 -0.00000 0.00000 1.00000 0.00000
1547123605276253 1.00000 -0.00016 0.00000 0.00342 0.00016 1.00000 -0.00000 0.00405 -0.00000 0.00000 1.00000 0.00000
1547123605525696 1.00000 0.00002 -0.00000 0.00116 -0.00002 1.00000 0.00000 0.00266 0.00000 -0.00000 1.00000 0.00000
1547123605774584 1.00000 0.00020 -0.00000 -0.00722 -0.00020 1.00000 0.00000 0.01255 0.00000 -0.00000 1.00000 -0.00000
1547123606023513 1.00000 0.00019 -0.00000 -0.01056 -0.00019 1.00000 0.00000 0.00963 0.00000 -0.00000 1.00000 -0.00000
1547123606272521 1.00000 0.00093 -0.00000 -0.02046 -0.00093 1.00000 0.00000 0.01230 0.00000 -0.00000 1.00000 -0.00000
1547123606521676 1.00000 0.00226 -0.00000 -0.05783 -0.00226 1.00000 0.00000 0.02814 0.00000 -0.00000 1.00000 -0.00000
1547123606770284 0.99997 0.00746 -0.00000 -0.14015 -0.00746 0.99997 0.00000 0.01470 0.00000 -0.00000 1.00000 -0.00000
1547123607018229 0.99994 0.01094 -0.00000 -0.24265 -0.01094 0.99994 0.00000 -0.04624 0.00000 -0.00000 1.00000 0.00000
1547123607266377 0.99984 0.01774 -0.00000 -0.40848 -0.01774 0.99984 0.00000 -0.03239 0.00000 -0.00000 1.00000 0.00000
1547123607515616 0.99954 0.03020 -0.00000 -0.62330 -0.03020 0.99954 0.00000 -0.07246 0.00000 -0.00000 1.00000 0.00000
1547123607765430 0.99917 0.04081 -0.00000 -0.92614 -0.04081 0.99917 0.00000 -0.01516 0.00000 -0.00000 1.00000 0.00000
1547123608014826 0.99850 0.05480 -0.00000 -1.28257 -0.05480 0.99850 0.00000 -0.00463 0.00000 -0.00000 1.00000 0.00000
1547123608263822 0.99732 0.07319 -0.00000 -1.67368 -0.07319 0.99732 0.00000 -0.05582 0.00000 -0.00000 1.00000 0.00000
1547123608512367 0.99557 0.09407 -0.00000 -2.15940 -0.09407 0.99557 0.00000 -0.03962 0.00000 -0.00000 1.00000 0.00000
1547123608761110 0.99314 0.11695 -0.00000 -2.67231 -0.11695 0.99314 0.00000 0.00350 0.00000 -0.00000 1.00000 0.00000
1547123609010155 0.98975 0.14281 -0.00000 -3.27371 -0.14281 0.98975 0.00000 0.06135 0.00000 -0.00000 1.00000 0.00000
1547123609259141 0.98577 0.16808 -0.00000 -3.89997 -0.16808 0.98577 0.00000 0.16106 0.00000 -0.00000 1.00000 0.00000
1547123609509207 0.98258 0.18586 -0.00000 -4.62757 -0.18586 0.98258 0.00000 0.26433 0.00000 -0.00000 1.00000 0.00000
1547123609760283 0.97974 0.20025 -0.00000 -5.41065 -0.20025 0.97974 0.00000 0.30939 0.00000 -0.00000 1.00000 0.00000
1547123610011317 0.98001 0.19893 -0.00000 -6.26765 -0.19893 0.98001 0.00000 0.32790 0.00000 -0.00000 1.00000 0.00000
1547123610262703 0.98144 0.19179 -0.00000 -7.21956 -0.19179 0.98144 0.00000 0.27743 0.00000 -0.00000 1.00000 0.00000
1547123610513222 0.98372 0.17973 -0.00000 -8.21489 -0.17973 0.98372 0.00000 0.23909 0.00000 -0.00000 1.00000 0.00000
1547123610763380 0.98593 0.16713 -0.00000 -9.26387 -0.16713 0.98593 0.00000 0.13223 0.00000 -0.00000 1.00000 0.00000
1547123611013619 0.98807 0.15399 -0.00000 -10.39385 -0.15399 0.98807 0.00000 0.00305 0.00000 -0.00000 1.00000 0.00000
1547123611263761 0.99046 0.13777 -0.00000 -11.56570 -0.13777 0.99046 0.00000 -0.11263 0.00000 -0.00000 1.00000 0.00000
1547123611513403 0.99289 0.11903 -0.00000 -12.79707 -0.11903 0.99289 0.00000 -0.30807 0.00000 -0.00000 1.00000 0.00000
1547123611762864 0.99486 0.10125 -0.00000 -14.09310 -0.10125 0.99486 0.00000 -0.52744 0.00000 -0.00000 1.00000 0.00000
1547123612011272 0.99676 0.08049 -0.00000 -15.38758 -0.08049 0.99676 0.00000 -0.78410 0.00000 -0.00000 1.00000 0.00000
1547123612259258 0.99826 0.05896 -0.00000 -16.67763 -0.05896 0.99826 0.00000 -1.10276 0.00000 -0.00000 1.00000 0.00000
1547123612507339 0.99919 0.04019 -0.00000 -17.96299 -0.04019 0.99919 0.00000 -1.39620 0.00000 -0.00000 1.00000 0.00000
1547123612755436 0.99958 0.02907 -0.00000 -19.20342 -0.02907 0.99958 0.00000 -1.52616 0.00000 -0.00000 1.00000 0.00000
1547123613004683 0.99976 0.02191 -0.00000 -20.51988 -0.02191 0.99976 0.00000 -1.63506 0.00000 -0.00000 1.00000 0.00000
1547123613254825 0.99984 0.01770 -0.00000 -21.89417 -0.01770 0.99984 0.00000 -1.77446 0.00000 -0.00000 1.00000 0.00000
1547123613504122 0.99992 0.01263 -0.00000 -23.22587 -0.01263 0.99992 0.00000 -1.84913 0.00000 -0.00000 1.00000 0.00000
1547123613753205 0.99997 0.00726 -0.00000 -24.57269 -0.00726 0.99997 0.00000 -1.96135 0.00000 -0.00000 1.00000 0.00000
1547123614002629 1.00000 0.00295 -0.00000 -25.94764 -0.00295 1.00000 0.00000 -2.08123 0.00000 -0.00000 1.00000 0.00000
1547123614251565 1.00000 -0.00069 0.00000 -27.35257 0.00069 1.00000 -0.00000 -2.12956 -0.00000 0.00000 1.00000 0.00000
1547123614500497 0.99998 -0.00580 0.00000 -28.73077 0.00580 0.99998 -0.00000 -2.28036 -0.00000 0.00000 1.00000 0.00000
1547123614750097 0.99995 -0.00976 0.00000 -30.14260 0.00976 0.99995 -0.00000 -2.32170 -0.00000 0.00000 1.00000 0.00000
1547123615001027 0.99990 -0.01435 0.00000 -31.56257 0.01435 0.99990 -0.00000 -2.43727 -0.00000 0.00000 1.00000 0.00000
1547123615252060 0.99987 -0.01626 0.00000 -33.06274 0.01626 0.99987 -0.00000 -2.45619 -0.00000 0.00000 1.00000 0.00000
1547123615502615 0.99985 -0.01728 0.00000 -34.53686 0.01728 0.99985 -0.00000 -2.50370 -0.00000 0.00000 1.00000 0.00000
1547123615753592 0.99986 -0.01661 0.00000 -36.10412 0.01661 0.99986 -0.00000 -2.39505 -0.00000 0.00000 1.00000 0.00000
1547123616004024 0.99986 -0.01702 0.00000 -37.66766 0.01702 0.99986 -0.00000 -2.44190 -0.00000 0.00000 1.00000 0.00000
1547123616253848 0.99986 -0.01696 0.00000 -39.26331 0.01696 0.99986 -0.00000 -2.35096 -0.00000 0.00000 1.00000 0.00000
1547123616503586 0.99987 -0.01603 0.00000 -40.88108 0.01603 0.99987 -0.00000 -2.30256 -0.00000 0.00000 1.00000 0.00000
1547123616753154 0.99988 -0.01545 0.00000 -42.52179 0.01545 0.99988 -0.00000 -2.24011 -0.00000 0.00000 1.00000 0.00000
1547123617002758 0.99988 -0.01542 0.00000 -44.22323 0.01542 0.99988 -0.00000 -2.19391 -0.00000 0.00000 1.00000 0.00000
1547123617251606 0.99990 -0.01404 0.00000 -45.94486 0.01404 0.99990 -0.00000 -2.09172 -0.00000 0.00000 1.00000 0.00000
1547123617500520 0.99992 -0.01239 0.00000 -47.68132 0.01239 0.99992 -0.00000 -2.04622 -0.00000 0.00000 1.00000 0.00000
1547123617749452 0.99996 -0.00886 0.00000 -49.44363 0.00886 0.99996 -0.00000 -1.85547 -0.00000 0.00000 1.00000 0.00000
1547123617997665 0.99998 -0.00607 0.00000 -51.16778 0.00607 0.99998 -0.00000 -1.71068 -0.00000 0.00000 1.00000 0.00000
1547123618245507 1.00000 -0.00229 0.00000 -52.90762 0.00229 1.00000 -0.00000 -1.45129 -0.00000 0.00000 1.00000 0.00000
1547123618494564 1.00000 -0.00017 0.00000 -54.63589 0.00017 1.00000 -0.00000 -1.33646 -0.00000 0.00000 1.00000 0.00000
1547123618744601 1.00000 0.00115 -0.00000 -56.37559 -0.00115 1.00000 0.00000 -1.24266 0.00000 -0.00000 1.00000 0.00000
1547123618994112 1.00000 0.00186 -0.00000 -58.10566 -0.00186 1.00000 0.00000 -1.19857 0.00000 -0.00000 1.00000 0.00000
1547123619243535 1.00000 0.00039 -0.00000 -59.86609 -0.00039 1.00000 0.00000 -1.27758 0.00000 -0.00000 1.00000 0.00000
1547123619492749 1.00000 -0.00201 0.00000 -61.64042 0.00201 1.00000 -0.00000 -1.38462 -0.00000 0.00000 1.00000 0.00000
1547123619741945 0.99999 -0.00430 0.00000 -63.42277 0.00430 0.99999 -0.00000 -1.49195 -0.00000 0.00000 1.00000 0.00000
1547123619991173 0.99999 -0.00459 0.00000 -65.24220 0.00459 0.99999 -0.00000 -1.49548 -0.00000 0.00000 1.00000 0.00000
1547123620240636 0.99998 -0.00621 0.00000 -67.06505 0.00621 0.99998 -0.00000 -1.57115 -0.00000 0.00000 1.00000 0.00000
1547123620491293 0.99998 -0.00548 0.00000 -68.89212 0.00548 0.99998 -0.00000 -1.46273 -0.00000 0.00000 1.00000 0.00000
1547123620742923 0.99997 -0.00723 0.00000 -70.72840 0.00723 0.99997 -0.00000 -1.58088 -0.00000 0.00000 1.00000 0.00000
1547123620993767 0.99999 -0.00496 0.00000 -72.53787 0.00496 0.99999 -0.00000 -1.32893 -0.00000 0.00000 1.00000 0.00000
1547123621244364 0.99997 -0.00745 0.00000 -74.30551 0.00745 0.99997 -0.00000 -1.52531 -0.00000 0.00000 1.00000 0.00000
1547123621494712 0.99998 -0.00610 0.00000 -76.13600 0.00610 0.99998 -0.00000 -1.38571 -0.00000 0.00000 1.00000 0.00000
1547123621744473 0.99999 -0.00490 0.00000 -77.96645 0.00490 0.99999 -0.00000 -1.21793 -0.00000 0.00000 1.00000 0.00000
1547123621994199 0.99999 -0.00388 0.00000 -79.79571 0.00388 0.99999 -0.00000 -1.11783 -0.00000 0.00000 1.00000 0.00000
1547123622244071 0.99999 -0.00487 0.00000 -81.61299 0.00487 0.99999 -0.00000 -1.20100 -0.00000 0.00000 1.00000 0.00000
1547123622493464 0.99999 -0.00392 0.00000 -83.42936 0.00392 0.99999 -0.00000 -1.10080 -0.00000 0.00000 1.00000 0.00000
1547123622742124 0.99998 -0.00703 0.00000 -85.18567 0.00703 0.99998 -0.00000 -1.31423 -0.00000 0.00000 1.00000 0.00000
1547123622990367 0.99995 -0.00997 0.00000 -86.94381 0.00997 0.99995 -0.00000 -1.55503 -0.00000 0.00000 1.00000 0.00000
1547123623238869 0.99993 -0.01212 0.00000 -88.71110 0.01212 0.99993 -0.00000 -1.68011 -0.00000 0.00000 1.00000 0.00000
1547123623487014 0.99994 -0.01089 0.00000 -90.42601 0.01089 0.99994 -0.00000 -1.53186 -0.00000 0.00000 1.00000 0.00000
1547123623735089 0.99995 -0.01048 0.00000 -92.18304 0.01048 0.99995 -0.00000 -1.45225 -0.00000 0.00000 1.00000 0.00000
1547123623985249 0.99998 -0.00618 0.00000 -93.92994 0.00618 0.99998 -0.00000 -1.08314 -0.00000 0.00000 1.00000 0.00000
1547123624237071 1.00000 -0.00122 0.00000 -95.68809 0.00122 1.00000 -0.00000 -0.56057 -0.00000 0.00000 1.00000 0.00000
1547123624487901 1.00000 0.00208 -0.00000 -97.38249 -0.00208 1.00000 0.00000 -0.23006 0.00000 -0.00000 1.00000 0.00000
1547123624738420 0.99997 0.00724 -0.00000 -99.02392 -0.00724 0.99997 0.00000 0.29943 0.00000 -0.00000 1.00000 0.00000
1547123624989376 0.99988 0.01560 -0.00000 -100.70391 -0.01560 0.99988 0.00000 1.13871 0.00000 -0.00000 1.00000 0.00000
1547123625241471 0.99977 0.02152 -0.00000 -102.38918 -0.02152 0.99977 0.00000 1.77864 0.00000 -0.00000 1.00000 0.00000
1547123625494384 0.99961 0.02809 -0.00000 -104.03719 -0.02809 0.99961 0.00000 2.50463 0.00000 -0.00000 1.00000 0.00000
1547123625746524 0.99948 0.03215 -0.00000 -105.64978 -0.03215 0.99948 0.00000 2.93712 0.00000 -0.00000 1.00000 0.00000
1547123625998063 0.99927 0.03807 -0.00000 -107.24582 -0.03807 0.99927 0.00000 3.58504 0.00000 -0.00000 1.00000 0.00000
1547123626247714 0.99911 0.04210 -0.00000 -108.86133 -0.04210 0.99911 0.00000 4.02509 0.00000 -0.00000 1.00000 0.00000
1547123626495512 0.99891 0.04660 -0.00000 -110.43428 -0.04660 0.99891 0.00000 4.53688 0.00000 -0.00000 1.00000 0.00000
1547123626742729 0.99874 0.05017 -0.00000 -111.93813 -0.05017 0.99874 0.00000 4.95968 0.00000 -0.00000 1.00000 0.00000
1547123626989654 0.99856 0.05365 -0.00000 -113.44638 -0.05365 0.99856 0.00000 5.36076 0.00000 -0.00000 1.00000 0.00000
1547123627236411 0.99846 0.05554 -0.00000 -114.92746 -0.05554 0.99846 0.00000 5.58213 0.00000 -0.00000 1.00000 0.00000
1547123627484230 0.99820 0.05996 -0.00000 -116.39751 -0.05996 0.99820 0.00000 6.11808 0.00000 -0.00000 1.00000 0.00000
1547123627733036 0.99804 0.06256 -0.00000 -117.84432 -0.06256 0.99804 0.00000 6.41352 0.00000 -0.00000 1.00000 0.00000
1547123627983194 0.99783 0.06579 -0.00000 -119.28748 -0.06579 0.99783 0.00000 6.82403 0.00000 -0.00000 1.00000 0.00000
1547123628234755 0.99787 0.06526 -0.00000 -120.76455 -0.06526 0.99787 0.00000 6.77627 0.00000 -0.00000 1.00000 0.00000
1547123628486016 0.99814 0.06095 -0.00000 -122.24310 -0.06095 0.99814 0.00000 6.25660 0.00000 -0.00000 1.00000 0.00000
1547123628737943 0.99845 0.05566 -0.00000 -123.75811 -0.05566 0.99845 0.00000 5.61733 0.00000 -0.00000 1.00000 0.00000
1547123628990668 0.99873 0.05031 -0.00000 -125.24866 -0.05031 0.99873 0.00000 5.01909 0.00000 -0.00000 1.00000 0.00000
1547123629242083 0.99908 0.04280 -0.00000 -126.67921 -0.04280 0.99908 0.00000 4.07767 0.00000 -0.00000 1.00000 0.00000
1547123629492441 0.99930 0.03741 -0.00000 -128.14894 -0.03741 0.99930 0.00000 3.39983 0.00000 -0.00000 1.00000 0.00000
1547123629741947 0.99954 0.03027 -0.00000 -129.58689 -0.03027 0.99954 0.00000 2.52509 0.00000 -0.00000 1.00000 0.00000
1547123629992574 0.99979 0.02040 -0.00000 -131.04193 -0.02040 0.99979 0.00000 1.23613 0.00000 -0.00000 1.00000 0.00000
1547123630244302 0.99986 0.01656 -0.00000 -132.51760 -0.01656 0.99986 0.00000 0.75734 0.00000 -0.00000 1.00000 0.00000
1547123630495774 0.99997 0.00824 -0.00000 -134.00100 -0.00824 0.99997 0.00000 -0.35673 0.00000 -0.00000 1.00000 0.00000
1547123630747060 0.99999 0.00511 -0.00000 -135.48330 -0.00511 0.99999 0.00000 -0.71680 0.00000 -0.00000 1.00000 0.00000
1547123630997689 1.00000 0.00272 -0.00000 -136.91738 -0.00272 1.00000 0.00000 -1.01847 0.00000 -0.00000 1.00000 0.00000
1547123631247714 0.99999 0.00355 -0.00000 -138.41841 -0.00355 0.99999 0.00000 -0.85974 0.00000 -0.00000 1.00000 0.00000
1547123631497919 1.00000 0.00293 -0.00000 -139.89070 -0.00293 1.00000 0.00000 -0.91259 0.00000 -0.00000 1.00000 0.00000
1547123631747741 0.99999 0.00492 -0.00000 -141.37990 -0.00492 0.99999 0.00000 -0.63106 0.00000 -0.00000 1.00000 0.00000
1547123631997279 0.99999 0.00533 -0.00000 -142.85754 -0.00533 0.99999 0.00000 -0.51101 0.00000 -0.00000 1.00000 0.00000
1547123632246556 0.99997 0.00742 -0.00000 -144.33907 -0.00742 0.99997 0.00000 -0.20682 0.00000 -0.00000 1.00000 0.00000
1547123632495250 0.99995 0.00991 -0.00000 -145.77785 -0.00991 0.99995 0.00000 0.16657 0.00000 -0.00000 1.00000 0.00000
1547123632743486 0.99995 0.01032 -0.00000 -147.18426 -0.01032 0.99995 0.00000 0.25404 0.00000 -0.00000 1.00000 0.00000
1547123632991673 0.99993 0.01212 -0.00000 -148.55981 -0.01212 0.99993 0.00000 0.54018 0.00000 -0.00000 1.00000 0.00000
1547123633239434 0.99992 0.01289 -0.00000 -149.91005 -0.01289 0.99992 0.00000 0.67099 0.00000 -0.00000 1.00000 0.00000
1547123633488286 0.99987 0.01599 -0.00000 -151.29402 -0.01599 0.99987 0.00000 1.10864 0.00000 -0.00000 1.00000 0.00000
1547123633739167 0.99985 0.01713 -0.00000 -152.70283 -0.01713 0.99985 0.00000 1.30373 0.00000 -0.00000 1.00000 0.00000
1547123633990247 0.99988 0.01568 -0.00000 -154.10053 -0.01568 0.99988 0.00000 1.09233 0.00000 -0.00000 1.00000 0.00000
1547123634241235 0.99989 0.01481 -0.00000 -155.52280 -0.01481 0.99989 0.00000 1.00028 0.00000 -0.00000 1.00000 0.00000
1547123634492230 0.99989 0.01473 -0.00000 -156.94738 -0.01473 0.99989 0.00000 0.99918 0.00000 -0.00000 1.00000 0.00000
1547123634744311 0.99989 0.01504 -0.00000 -158.43280 -0.01504 0.99989 0.00000 1.04733 0.00000 -0.00000 1.00000 0.00000
1547123634997520 0.99989 0.01509 -0.00000 -159.94947 -0.01509 0.99989 0.00000 1.09309 0.00000 -0.00000 1.00000 0.00000
1547123635250418 0.99985 0.01745 -0.00000 -161.44878 -0.01745 0.99985 0.00000 1.50010 0.00000 -0.00000 1.00000 0.00000
1547123635501763 0.99985 0.01760 -0.00000 -162.99390 -0.01760 0.99985 0.00000 1.55038 0.00000 -0.00000 1.00000 0.00000
1547123635751425 0.99981 0.01968 -0.00000 -164.54033 -0.01968 0.99981 0.00000 1.91776 0.00000 -0.00000 1.00000 0.00000
1547123635998898 0.99980 0.01996 -0.00000 -166.09575 -0.01996 0.99980 0.00000 1.99922 0.00000 -0.00000 1.00000 0.00000
1547123636245284 0.99974 0.02270 -0.00000 -167.66971 -0.02270 0.99974 0.00000 2.48695 0.00000 -0.00000 1.00000 0.00000
1547123636492660 0.99966 0.02624 -0.00000 -169.27001 -0.02624 0.99966 0.00000 3.09644 0.00000 -0.00000 1.00000 0.00000
1547123636740624 0.99968 0.02531 -0.00000 -170.88732 -0.02531 0.99968 0.00000 2.98715 0.00000 -0.00000 1.00000 0.00000
1547123636989665 0.99960 0.02813 -0.00000 -172.55772 -0.02813 0.99960 0.00000 3.52517 0.00000 -0.00000 1.00000 0.00000
1547123637239639 0.99962 0.02769 -0.00000 -174.26792 -0.02769 0.99962 0.00000 3.45992 0.00000 -0.00000 1.00000 0.00000
1547123637490035 0.99958 0.02913 -0.00000 -175.98740 -0.02913 0.99958 0.00000 3.73660 0.00000 -0.00000 1.00000 0.00000
1547123637740123 0.99952 0.03087 -0.00000 -177.72682 -0.03087 0.99952 0.00000 4.05632 0.00000 -0.00000 1.00000 0.00000
1547123637989589 0.99944 0.03345 -0.00000 -179.47150 -0.03345 0.99944 0.00000 4.56900 0.00000 -0.00000 1.00000 0.00000
1547123638239098 0.99942 0.03411 -0.00000 -181.23849 -0.03411 0.99942 0.00000 4.72166 0.00000 -0.00000 1.00000 0.00000
1547123638489764 0.99935 0.03596 -0.00000 -183.03215 -0.03596 0.99935 0.00000 5.06510 0.00000 -0.00000 1.00000 0.00000
1547123638740823 0.99927 0.03820 -0.00000 -184.84792 -0.03820 0.99927 0.00000 5.49163 0.00000 -0.00000 1.00000 0.00000
1547123638991892 0.99928 0.03790 -0.00000 -186.67383 -0.03790 0.99928 0.00000 5.51238 0.00000 -0.00000 1.00000 0.00000
1547123639243005 0.99927 0.03809 -0.00000 -188.48724 -0.03809 0.99927 0.00000 5.57692 0.00000 -0.00000 1.00000 0.00000
1547123639493309 0.99922 0.03944 -0.00000 -190.22827 -0.03944 0.99922 0.00000 5.85051 0.00000 -0.00000 1.00000 0.00000
1547123639743639 0.99923 0.03913 -0.00000 -191.98243 -0.03913 0.99923 0.00000 5.80155 0.00000 -0.00000 1.00000 0.00000
1547123639995903 0.99913 0.04160 -0.00000 -193.76314 -0.04160 0.99913 0.00000 6.31112 0.00000 -0.00000 1.00000 0.00000
1547123640249167 0.99908 0.04290 -0.00000 -195.55885 -0.04290 0.99908 0.00000 6.64421 0.00000 -0.00000 1.00000 0.00000
1547123640502090 0.99904 0.04371 -0.00000 -197.26125 -0.04371 0.99904 0.00000 6.78535 0.00000 -0.00000 1.00000 0.00000
1547123640753719 0.99905 0.04360 -0.00000 -198.89783 -0.04360 0.99905 0.00000 6.78713 0.00000 -0.00000 1.00000 0.00000
1547123641003079 0.99901 0.04446 -0.00000 -200.53414 -0.04446 0.99901 0.00000 6.95710 0.00000 -0.00000 1.00000 0.00000
1547123641250824 0.99898 0.04510 -0.00000 -202.06118 -0.04510 0.99898 0.00000 7.07977 0.00000 -0.00000 1.00000 0.00000
1547123641498296 0.99898 0.04512 -0.00000 -203.58514 -0.04512 0.99898 0.00000 7.10611 0.00000 -0.00000 1.00000 0.00000
1547123641745686 0.99884 0.04821 -0.00000 -205.06938 -0.04821 0.99884 0.00000 7.73672 0.00000 -0.00000 1.00000 0.00000
1547123641993452 0.99880 0.04902 -0.00000 -206.60343 -0.04902 0.99880 0.00000 7.90996 0.00000 -0.00000 1.00000 0.00000
1547123642242122 0.99873 0.05037 -0.00000 -208.12009 -0.05037 0.99873 0.00000 8.20776 0.00000 -0.00000 1.00000 0.00000
1547123642492454 0.99875 0.05006 -0.00000 -209.68088 -0.05006 0.99875 0.00000 8.14433 0.00000 -0.00000 1.00000 0.00000
1547123642742964 0.99889 0.04712 -0.00000 -211.23843 -0.04712 0.99889 0.00000 7.53717 0.00000 -0.00000 1.00000 0.00000
1547123642992573 0.99903 0.04395 -0.00000 -212.81894 -0.04395 0.99903 0.00000 6.88719 0.00000 -0.00000 1.00000 0.00000
1547123643241956 0.99931 0.03718 -0.00000 -214.43524 -0.03718 0.99931 0.00000 5.47858 0.00000 -0.00000 1.00000 0.00000
1547123643491972 0.99950 0.03158 -0.00000 -216.07250 -0.03158 0.99950 0.00000 4.28839 0.00000 -0.00000 1.00000 0.00000
1547123643743244 0.99969 0.02505 -0.00000 -217.72770 -0.02505 0.99969 0.00000 2.92953 0.00000 -0.00000 1.00000 0.00000
1547123643995121 0.99984 0.01763 -0.00000 -219.41526 -0.01763 0.99984 0.00000 1.30733 0.00000 -0.00000 1.00000 0.00000
1547123644246118 0.99990 0.01379 -0.00000 -221.10973 -0.01379 0.99990 0.00000 0.50264 0.00000 -0.00000 1.00000 0.00000
1547123644496362 0.99989 0.01471 -0.00000 -222.78601 -0.01471 0.99989 0.00000 0.72968 0.00000 -0.00000 1.00000 0.00000
1547123644747338 0.99973 0.02304 -0.00000 -224.48194 -0.02304 0.99973 0.00000 2.64699 0.00000 -0.00000 1.00000 0.00000
1547123644999556 0.99930 0.03747 -0.00000 -226.15853 -0.03747 0.99930 0.00000 5.88115 0.00000 -0.00000 1.00000 0.00000
1547123645252103 0.99844 0.05590 -0.00000 -227.82579 -0.05590 0.99844 0.00000 10.11257 0.00000 -0.00000 1.00000 0.00000
1547123645504412 0.99740 0.07212 -0.00000 -229.36528 -0.07212 0.99740 0.00000 13.78069 0.00000 -0.00000 1.00000 0.00000
1547123645755362 0.99584 0.09109 -0.00000 -230.81438 -0.09109 0.99584 0.00000 18.20279 0.00000 -0.00000 1.00000 0.00000
1547123646004205 0.99453 0.10442 -0.00000 -232.30513 -0.10442 0.99453 0.00000 21.30496 0.00000 -0.00000 1.00000 0.00000
1547123646253110 0.99363 0.11265 -0.00000 -233.89505 -0.11265 0.99363 0.00000 23.25129 0.00000 -0.00000 1.00000 0.00000
1547123646502010 0.99304 0.11779 -0.00000 -235.67231 -0.11779 0.99304 0.00000 24.45184 0.00000 -0.00000 1.00000 0.00000
1547123646750657 0.99214 0.12513 -0.00000 -237.28112 -0.12513 0.99214 0.00000 26.20193 0.00000 -0.00000 1.00000 0.00000
1547123646999222 0.99163 0.12912 -0.00000 -239.04540 -0.12912 0.99163 0.00000 27.14609 0.00000 -0.00000 1.00000 0.00000
1547123647247247 0.99118 0.13251 -0.00000 -240.78029 -0.13251 0.99118 0.00000 27.95573 0.00000 -0.00000 1.00000 0.00000
1547123647494853 0.99061 0.13674 -0.00000 -242.58858 -0.13674 0.99061 0.00000 29.03771 0.00000 -0.00000 1.00000 0.00000
1547123647742767 0.98990 0.14177 -0.00000 -244.38716 -0.14177 0.98990 0.00000 30.30200 0.00000 -0.00000 1.00000 0.00000
1547123647992275 0.98970 0.14319 -0.00000 -246.28361 -0.14319 0.98970 0.00000 30.64360 0.00000 -0.00000 1.00000 0.00000
1547123648243765 0.99010 0.14038 -0.00000 -248.37983 -0.14038 0.99010 0.00000 29.98138 0.00000 -0.00000 1.00000 0.00000
1547123648496315 0.99044 0.13797 -0.00000 -250.45030 -0.13797 0.99044 0.00000 29.42731 0.00000 -0.00000 1.00000 0.00000
1547123648748805 0.99035 0.13859 -0.00000 -252.42550 -0.13859 0.99035 0.00000 29.57967 0.00000 -0.00000 1.00000 0.00000
1547123649001061 0.99079 0.13544 -0.00000 -254.54588 -0.13544 0.99079 0.00000 28.79579 0.00000 -0.00000 1.00000 0.00000
1547123649252022 0.99059 0.13688 -0.00000 -256.52722 -0.13688 0.99059 0.00000 29.18107 0.00000 -0.00000 1.00000 0.00000
1547123649502465 0.99034 0.13864 -0.00000 -258.49432 -0.13864 0.99034 0.00000 29.69638 0.00000 -0.00000 1.00000 0.00000
1547123649753916 0.99080 0.13536 -0.00000 -260.59011 -0.13536 0.99080 0.00000 28.87032 0.00000 -0.00000 1.00000 0.00000
1547123650004956 0.99091 0.13452 -0.00000 -262.62639 -0.13452 0.99091 0.00000 28.71674 0.00000 -0.00000 1.00000 0.00000
1547123650256032 0.99130 0.13159 -0.00000 -264.72069 -0.13159 0.99130 0.00000 27.89509 0.00000 -0.00000 1.00000 0.00000
1547123650507450 0.99126 0.13194 -0.00000 -266.73814 -0.13194 0.99126 0.00000 28.08458 0.00000 -0.00000 1.00000 0.00000
1547123650757834 0.99153 0.12988 -0.00000 -268.75016 -0.12988 0.99153 0.00000 27.50011 0.00000 -0.00000 1.00000 0.00000
1547123651008218 0.99154 0.12980 -0.00000 -270.75859 -0.12980 0.99154 0.00000 27.51237 0.00000 -0.00000 1.00000 0.00000
1547123651258572 0.99136 0.13115 -0.00000 -272.69535 -0.13115 0.99136 0.00000 27.93835 0.00000 -0.00000 1.00000 0.00000
1547123651508457 0.99143 0.13063 -0.00000 -274.70533 -0.13063 0.99143 0.00000 27.79317 0.00000 -0.00000 1.00000 0.00000
1547123651757522 0.99121 0.13227 -0.00000 -276.63070 -0.13227 0.99121 0.00000 28.29962 0.00000 -0.00000 1.00000 0.00000
1547123652006381 0.99104 0.13359 -0.00000 -278.50566 -0.13359 0.99104 0.00000 28.64548 0.00000 -0.00000 1.00000 0.00000
1547123652255162 0.99083 0.13511 -0.00000 -280.44976 -0.13511 0.99083 0.00000 29.08998 0.00000 -0.00000 1.00000 0.00000
1547123652503763 0.99087 0.13484 -0.00000 -282.44800 -0.13484 0.99087 0.00000 29.07067 0.00000 -0.00000 1.00000 0.00000
1547123652752088 0.99128 0.13176 -0.00000 -284.51492 -0.13176 0.99128 0.00000 28.17708 0.00000 -0.00000 1.00000 0.00000
1547123653001176 0.99151 0.13000 -0.00000 -286.58293 -0.13000 0.99151 0.00000 27.71669 0.00000 -0.00000 1.00000 0.00000
1547123653250479 0.99132 0.13146 -0.00000 -288.58069 -0.13146 0.99132 0.00000 28.16711 0.00000 -0.00000 1.00000 0.00000
1547123653499499 0.99127 0.13183 -0.00000 -290.61288 -0.13183 0.99127 0.00000 28.34093 0.00000 -0.00000 1.00000 0.00000
1547123653748830 0.99143 0.13065 -0.00000 -292.68748 -0.13065 0.99143 0.00000 28.05472 0.00000 -0.00000 1.00000 0.00000
1547123653998063 0.99145 0.13050 -0.00000 -294.83164 -0.13050 0.99145 0.00000 28.04789 0.00000 -0.00000 1.00000 0.00000
1547123654247402 0.99166 0.12890 -0.00000 -296.99273 -0.12890 0.99166 0.00000 27.61917 0.00000 -0.00000 1.00000 0.00000
1547123654497800 0.99203 0.12598 -0.00000 -299.18199 -0.12598 0.99203 0.00000 26.76139 0.00000 -0.00000 1.00000 0.00000
1547123654749027 0.99234 0.12351 -0.00000 -301.40043 -0.12351 0.99234 0.00000 26.05127 0.00000 -0.00000 1.00000 0.00000
1547123654999907 0.99257 0.12171 -0.00000 -303.56752 -0.12171 0.99257 0.00000 25.54644 0.00000 -0.00000 1.00000 0.00000
1547123655250761 0.99309 0.11739 -0.00000 -305.88205 -0.11739 0.99309 0.00000 24.32062 0.00000 -0.00000 1.00000 0.00000
1547123655501287 0.99375 0.11165 -0.00000 -308.22555 -0.11165 0.99375 0.00000 22.59483 0.00000 -0.00000 1.00000 0.00000
1547123655751571 0.99396 0.10978 -0.00000 -310.42445 -0.10978 0.99396 0.00000 22.00394 0.00000 -0.00000 1.00000 0.00000
1547123656001281 0.99431 0.10650 -0.00000 -312.68946 -0.10650 0.99431 0.00000 21.03402 0.00000 -0.00000 1.00000 0.00000
1547123656250890 0.99463 0.10349 -0.00000 -314.92448 -0.10349 0.99463 0.00000 20.12933 0.00000 -0.00000 1.00000 0.00000
1547123656500277 0.99484 0.10149 -0.00000 -317.13248 -0.10149 0.99484 0.00000 19.53050 0.00000 -0.00000 1.00000 0.00000
1547123656749099 0.99530 0.09688 -0.00000 -319.39280 -0.09688 0.99530 0.00000 18.01692 0.00000 -0.00000 1.00000 0.00000
1547123656997620 0.99575 0.09209 -0.00000 -321.69052 -0.09209 0.99575 0.00000 16.59725 0.00000 -0.00000 1.00000 0.00000
1547123657245821 0.99585 0.09099 -0.00000 -323.86035 -0.09099 0.99585 0.00000 16.26127 0.00000 -0.00000 1.00000 0.00000
1547123657493719 0.99576 0.09197 -0.00000 -325.99899 -0.09197 0.99576 0.00000 16.60671 0.00000 -0.00000 1.00000 0.00000
1547123657741687 0.99593 0.09010 -0.00000 -328.21423 -0.09010 0.99593 0.00000 16.02733 0.00000 -0.00000 1.00000 0.00000
1547123657990861 0.99600 0.08937 -0.00000 -330.44309 -0.08937 0.99600 0.00000 15.88772 0.00000 -0.00000 1.00000 0.00000
1547123658240457 0.99645 0.08424 -0.00000 -332.72147 -0.08424 0.99645 0.00000 14.19661 0.00000 -0.00000 1.00000 0.00000
1547123658489500 0.99646 0.08408 -0.00000 -334.87893 -0.08408 0.99646 0.00000 14.15868 0.00000 -0.00000 1.00000 0.00000
1547123658738814 0.99647 0.08396 -0.00000 -337.10396 -0.08396 0.99647 0.00000 14.20233 0.00000 -0.00000 1.00000 0.00000
1547123658988384 0.99662 0.08212 -0.00000 -339.31159 -0.08212 0.99662 0.00000 13.56164 0.00000 -0.00000 1.00000 0.00000
1547123659237924 0.99641 0.08466 -0.00000 -341.48826 -0.08466 0.99641 0.00000 14.51715 0.00000 -0.00000 1.00000 0.00000
1547123659486939 0.99638 0.08502 -0.00000 -343.63564 -0.08502 0.99638 0.00000 14.65795 0.00000 -0.00000 1.00000 0.00000
1547123659736541 0.99628 0.08619 -0.00000 -345.80822 -0.08619 0.99628 0.00000 15.11705 0.00000 -0.00000 1.00000 0.00000
1547123659987608 0.99641 0.08466 -0.00000 -348.07393 -0.08466 0.99641 0.00000 14.66316 0.00000 -0.00000 1.00000 0.00000
1547123660238914 0.99659 0.08255 -0.00000 -350.34438 -0.08255 0.99659 0.00000 13.95747 0.00000 -0.00000 1.00000 0.00000
1547123660489814 0.99710 0.07607 -0.00000 -352.61587 -0.07607 0.99710 0.00000 11.65949 0.00000 -0.00000 1.00000 0.00000
1547123660740286 0.99753 0.07021 -0.00000 -354.88671 -0.07021 0.99753 0.00000 9.64016 0.00000 -0.00000 1.00000 0.00000
1547123660990880 0.99825 0.05909 -0.00000 -357.13041 -0.05909 0.99825 0.00000 5.70869 0.00000 -0.00000 1.00000 0.00000
1547123661240601 0.99892 0.04641 -0.00000 -359.38977 -0.04641 0.99892 0.00000 1.17642 0.00000 -0.00000 1.00000 0.00000
1547123661490268 0.99955 0.02995 -0.00000 -361.55789 -0.02995 0.99955 0.00000 -4.66879 0.00000 -0.00000 1.00000 0.00000
1547123661740035 0.99991 0.01352 -0.00000 -363.60315 -0.01352 0.99991 0.00000 -10.57094 0.00000 -0.00000 1.00000 0.00000
1547123661989337 0.99999 -0.00471 0.00000 -365.53790 0.00471 0.99999 -0.00000 -17.17413 -0.00000 0.00000 1.00000 0.00000
1547123662238173 0.99975 -0.02250 0.00000 -367.39660 0.02250 0.99975 -0.00000 -23.66600 -0.00000 0.00000 1.00000 0.00000
1547123662486666 0.99917 -0.04070 0.00000 -369.08549 0.04070 0.99917 -0.00000 -30.32363 -0.00000 0.00000 1.00000 0.00000
1547123662735023 0.99841 -0.05639 0.00000 -370.70813 0.05639 0.99841 -0.00000 -36.06503 -0.00000 0.00000 1.00000 0.00000
