1. 0. 0. 0. 0. 1. 0. 0. 0. 0. 1. 0.
1. -0. 0. 0. 0. 1. 0. -0. 0. 0. 1. 0.
1. -0. 0. 0. 0. 1. 0. -0. 0. 0. 1. 0.
1. 0. 0. -0. -0. 1. -0. -0. -0. 0. 1. 0.
1. 0. 0. 0. -0. 1. -0. -0. -0. 0. 1. 0.
1. 0. 0. 0. -0. 1. -0. -0. -0. 0. 1. 0.
1. 0. 0. 0. -0. 1. -0. -0. -0. 0. 1. 0.
1. 0. 0. 0. -0. 1. -0. 0. -0. 0. 1. 0.
1. 0. 0. 0. -0. 1. -0. -0. -0. 0. 1. 0.
1. 0. 0. 0. -0. 1. -0. -0. -0. 0. 1. 0.
1. 0. 0. 0. -0. 1. -0. -0. -0. 0. 1. 0.
1. 0. 0. 0. -0. 1. -0. -0. -0. 0. 1. 0.
1. 0. 0. 0. -0. 1. -0. -0.000 -0. 0. 1. 0.
1. 0. 0. -0. -0. 1. -0. -0.000 -0. 0. 1. 0.
1. -0. 0. -0. 0. 1. 0. -0.000 0. 0. 1. 0.
1. -0. 0. -0. 0. 1. 0. -0.000 0. 0. 1. 0.
1. 0. 0. -0.000 -0. 1. -0. -0.000 -0. 0. 1. 0.
1. 0. 0. -0.000 -0. 1. -0. -0.000 -0. 0. 1. 0.
1. 0. 0. -0.000 -0. 1. -0. -0.000 -0. 0. 1. 0.
1. -0. 0. -0.000 0. 1. 0. -0.000 0. 0. 1. 0.
1. 0. 0. -0.000 -0. 1. -0. -0.000 -0. 0. 1. 0.
1. 0. 0. -0.000 -0. 1. -0. -0.000 -0. 0. 1. 0.
1. 0. 0. -0.000 -0. 1. -0. -0.000 -0. 0. 1. 0.
1. 0. 0. -0.000 -0. 1. -0. -0.000 -0. 0. 1. 0.
1. 0. 0. -0.000 -0. 1. -0. -0.000 -0. 0. 1. 0.
1. 0. 0. -0.000 -0. 1. -0. -0.000 -0. 0. 1. 0.
1. 0. 0. -0.000 -0. 1. -0. -0.000 -0. 0. 1. 0.
1. 0. 0. -0.000 -0. 1. -0. -0.000 -0. 0. 1. 0.
1. 0. 0. -0.000 -0. 1. -0. -0.000 -0. 0. 1. 0.
1. 0. 0. -0.000 -0. 1. -0. -0.000 -0. 0. 1. 0.
1. 0. 0. -0.000 -0. 1. -0. -0.000 -0. 0. 1. 0.
1. 0. 0. -0.000 -0. 1. -0. -0.000 -0. 0. 1. 0.
1. 0. 0. -0.000 -0. 1. -0. -0.000 -0. 0. 1. 0.
1. 0. 0. -0.000 -0. 1. -0. -0.000 -0. 0. 1. 0.
1. 0. 0. -0.000 -0. 1. -0. -0.000 -0. 0. 1. 0.
1. 0. 0. -0.000 -0. 1. -0. -0.000 -0. 0. 1. 0.
1. 0. 0. -0.000 -0. 1. -0. -0.000 -0. 0. 1. 0.
1. 0. 0. -0.000 -0. 1. -0. -0.000 -0. 0. 1. 0.
1. 0. 0. -0.000 -0. 1. -0. -0.000 -0. 0. 1. 0.
1. 0. 0. -0.000 -0. 1. -0. -0.000 -0. 0. 1. 0.
1. 0. 0. -0.000 -0. 1. -0. -0.000 -0. 0. 1. 0.
1. 0. 0. -0.000 -0. 1. -0. -0.000 -0. 0. 1. 0.
1. 0. 0. -0.000 -0. 1. -0. -0.000 -0. 0. 1. 0.
1. 0. 0. -0.000 -0. 1. -0. -0.000 -0. 0. 1. 0.
1. 0. 0. -0.000 -0. 1. -0. -0.000 -0. 0. 1. 0.
1. 0. 0. -0.000 -0. 1. -0. -0.000 -0. 0. 1. 0.
1. 0. 0. -0.001 -0. 1. -0. -0.000 -0. 0. 1. 0.
1. 0. 0. -0.001 -0. 1. -0. -0.000 -0. 0. 1. 0.
1. 0. 0. -0.001 -0. 1. -0. -0.000 -0. 0. 1. 0.
1. 0. 0. -0.001 -0. 1. -0. -0.000 -0. 0. 1. 0.
1. 0. 0. -0.001 -0. 1. -0. -0.001 -0. 0. 1. 0.
1. 0. 0. -0.001 -0. 1. -0. -0.001 -0. 0. 1. 0.
1. 0. 0. -0.001 -0. 1. -0. -0.001 -0. 0. 1. 0.
1. 0. 0. -0.000 -0. 1. -0. -0.001 -0. 0. 1. 0.
1. 0. 0. -0.000 -0. 1. -0. -0.001 -0. 0. 1. 0.
1. 0. 0. -0.000 -0. 1. -0. -0.001 -0. 0. 1. 0.
1. 0. 0. -0.000 -0. 1. -0. -0.001 -0. 0. 1. 0.
1. 0. 0. -0.000 -0. 1. -0. -0.001 -0. 0. 1. 0.
1. 0.000 0. -0.000 -0.000 1. -0. -0.000 -0. 0. 1. 0.
1. 0.000 0. -0. -0.000 1. -0. -0.001 -0. 0. 1. 0.
1. 0.000 0. 0. -0.000 1. -0. -0.001 -0. 0. 1. 0.
1. 0.000 0. -0. -0.000 1. -0. -0.001 -0. 0. 1. 0.
1. 0.000 0. 0. -0.000 1. -0. -0.001 -0. 0. 1. 0.
1. 0.000 0. 0. -0.000 1. -0. -0.001 -0. 0. 1. 0.
1. 0.000 0. -0. -0.000 1. -0. -0.001 -0. 0. 1. 0.
1. 0.000 0. -0. -0.000 1. -0. -0.001 -0. 0. 1. 0.
1. 0.000 0. -0. -0.000 1. -0. -0.001 -0. 0. 1. 0.
1. 0.000 0. -0.000 -0.000 1. -0. -0.001 -0. 0. 1. 0.
1. 0.000 0. -0.000 -0.000 1. -0. -0.001 -0. 0. 1. 0.
1. 0.000 0. -0.000 -0.000 1. -0. -0.001 -0. 0. 1. 0.
1. 0.000 0. -0.000 -0.000 1. -0. -0.001 -0. 0. 1. 0.
1. 0.000 0. -0.000 -0.000 1. -0. -0.001 -0. 0. 1. 0.
1. 0.000 0. -0.000 -0.000 1. -0. -0.001 -0. 0. 1. 0.
1. 0.000 0. -0.000 -0.000 1. -0. -0.001 -0. 0. 1. 0.
1. 0.000 0. -0.000 -0.000 1. -0. -0.001 -0. 0. 1. 0.
1. 0.000 0. -0.000 -0.000 1. -0. -0.001 -0. 0. 1. 0.
1. 0.000 0. -0. -0.000 1. -0. -0.001 -0. 0. 1. 0.
1. 0.000 0. -0. -0.000 1. -0. -0.001 -0. 0. 1. 0.
1. 0.000 0. -0. -0.000 1. -0. -0.001 -0. 0. 1. 0.
1. 0.000 0. -0. -0.000 1. -0. -0.001 -0. 0. 1. 0.
1. 0.000 0. -0. -0.000 1. -0. -0.001 -0. 0. 1. 0.
1. 0.000 0. -0.000 -0.000 1. -0. -0.001 -0. 0. 1. 0.
1. 0.000 0. -0. -0.000 1. -0. -0.001 -0. 0. 1. 0.
1. 0.000 0. -0.000 -0.000 1. -0. -0.001 -0. 0. 1. 0.
1. 0.000 0. -0. -0.000 1. -0. -0.001 -0. 0. 1. 0.
1. 0.000 0. -0.000 -0.000 1. -0. -0.001 -0. 0. 1. 0.
1. 0.000 0. -0.000 -0.000 1. -0. -0.001 -0. 0. 1. 0.
1. 0.000 0. -0.000 -0.000 1. -0. -0.001 -0. 0. 1. 0.
1. 0.000 0. -0. -0.000 1. -0. -0.001 -0. 0. 1. 0.
1. 0.000 0. -0. -0.000 1. -0. -0.001 -0. 0. 1. 0.
1. 0. 0. 0.001 -0. 1. -0. -0.001 -0. 0. 1. 0.
1. -0.000 0. 0.007 0.000 1. 0. -0.002 0. 0. 1. 0.
1. -0.001 0. 0.022 0.001 1. 0. -0.001 0. 0. 1. 0.
1. -0.002 0. 0.030 0.002 1. 0. -0.003 0. 0. 1. 0.
1. -0.005 0. 0.105 0.005 1. 0. -0.005 0. 0. 1. 0.
1. -0.012 0. 0.160 0.012 1. 0. -0.016 0. 0. 1. 0.
1.000 -0.021 0. 0.372 0.021 1.000 0. -0.008 0. 0. 1. 0.
0.999 -0.035 0. 0.653 0.035 0.999 0. 0.011 0. 0. 1. 0.
0.999 -0.054 0. 1.003 0.054 0.999 0. 0.040 0. 0. 1. 0.
0.997 -0.076 0. 1.427 0.076 0.997 0. 0.084 0. 0. 1. 0.
0.995 -0.101 0. 1.924 0.101 0.995 0. 0.145 0. 0. 1. 0.
0.992 -0.126 0. 2.506 0.126 0.992 0. 0.230 0. 0. 1. 0.
0.989 -0.147 0. 3.202 0.147 0.989 0. 0.341 0. 0. 1. 0.
0.986 -0.168 0. 4.012 0.168 0.986 0. 0.477 0. 0. 1. 0.
0.984 -0.180 0. 4.934 0.180 0.984 0. 0.647 0. 0. 1. 0.
0.984 -0.180 0. 5.970 0.180 0.984 0. 0.831 0. 0. 1. 0.
0.984 -0.179 0. 7.112 0.179 0.984 0. 1.022 0. 0. 1. 0.
0.984 -0.179 0. 8.324 0.179 0.984 0. 1.231 0. 0. 1. 0.
0.984 -0.178 0. 9.611 0.178 0.984 0. 1.444 0. 0. 1. 0.
0.985 -0.175 0. 10.632 0.175 0.985 0. 1.614 0. 0. 1. 0.
0.986 -0.170 0. 12.056 0.170 0.986 0. 1.837 0. 0. 1. 0.
0.987 -0.158 0. 13.532 0.158 0.987 0. 2.056 0. 0. 1. 0.
0.990 -0.143 0. 15.086 0.143 0.990 0. 2.262 0. 0. 1. 0.
0.992 -0.127 0. 16.694 0.127 0.992 0. 2.444 0. 0. 1. 0.
0.994 -0.110 0. 18.339 0.110 0.994 0. 2.611 0. 0. 1. 0.
0.996 -0.093 0. 20.045 0.093 0.996 0. 2.752 0. 0. 1. 0.
0.997 -0.077 0. 21.809 0.077 0.997 0. 2.867 0. 0. 1. 0.
0.998 -0.064 0. 23.590 0.064 0.998 0. 2.967 0. 0. 1. 0.
0.999 -0.053 0. 25.345 0.053 0.999 0. 3.042 0. 0. 1. 0.
0.999 -0.042 0. 27.092 0.042 0.999 0. 3.104 0. 0. 1. 0.
0.999 -0.036 0. 28.891 0.036 0.999 0. 3.149 0. 0. 1. 0.
1.000 -0.031 0. 30.696 0.031 1.000 0. 3.189 0. 0. 1. 0.
1.000 -0.028 0. 32.496 0.028 1.000 0. 3.223 0. 0. 1. 0.
1.000 -0.029 0. 34.321 0.029 1.000 0. 3.253 0. 0. 1. 0.
1.000 -0.029 0. 36.165 0.029 1.000 0. 3.294 0. 0. 1. 0.
1.000 -0.030 0. 38.030 0.030 1.000 0. 3.340 0. 0. 1. 0.
1.000 -0.030 0. 39.883 0.030 1.000 0. 3.382 0. 0. 1. 0.
1.000 -0.029 0. 41.755 0.029 1.000 0. 3.425 0. 0. 1. 0.
1.000 -0.029 0. 43.641 0.029 1.000 0. 3.465 0. 0. 1. 0.
1.000 -0.029 0. 45.532 0.029 1.000 0. 3.510 0. 0. 1. 0.
1.000 -0.028 0. 47.409 0.028 1.000 0. 3.556 0. 0. 1. 0.
1.000 -0.029 0. 49.265 0.029 1.000 0. 3.597 0. 0. 1. 0.
1.000 -0.028 0. 51.134 0.028 1.000 0. 3.638 0. 0. 1. 0.
1.000 -0.026 0. 53.016 0.026 1.000 0. 3.683 0. 0. 1. 0.
1.000 -0.024 0. 54.862 0.024 1.000 0. 3.711 0. 0. 1. 0.
1.000 -0.020 0. 56.715 0.020 1.000 0. 3.735 0. 0. 1. 0.
1.000 -0.016 0. 58.597 0.016 1.000 0. 3.751 0. 0. 1. 0.
1.000 -0.015 0. 60.458 0.015 1.000 0. 3.766 0. 0. 1. 0.
1. -0.013 0. 62.294 0.013 1. 0. 3.780 0. 0. 1. 0.
1. -0.011 0. 64.113 0.011 1. 0. 3.793 0. 0. 1. 0.
1. -0.010 0. 65.906 0.010 1. 0. 3.804 0. 0. 1. 0.
1. -0.008 0. 67.680 0.008 1. 0. 3.809 0. 0. 1. 0.
1. -0.008 0. 69.440 0.008 1. 0. 3.817 0. 0. 1. 0.
1. -0.007 0. 71.192 0.007 1. 0. 3.818 0. 0. 1. 0.
1. -0.005 0. 72.946 0.005 1. 0. 3.818 0. 0. 1. 0.
1. -0.004 0. 74.709 0.004 1. 0. 3.809 0. 0. 1. 0.
1. -0.001 0. 76.466 0.001 1. 0. 3.800 0. 0. 1. 0.
1. 0.002 0. 78.223 -0.002 1. -0. 3.791 -0. 0. 1. 0.
1. 0.005 0. 79.971 -0.005 1. -0. 3.776 -0. 0. 1. 0.
1. 0.005 0. 81.693 -0.005 1. -0. 3.768 -0. 0. 1. 0.
1. 0.007 0. 83.403 -0.007 1. -0. 3.751 -0. 0. 1. 0.
1. 0.010 0. 85.117 -0.010 1. -0. 3.728 -0. 0. 1. 0.
1.000 0.014 0. 86.826 -0.014 1.000 -0. 3.698 -0. 0. 1. 0.
1.000 0.018 0. 88.540 -0.018 1.000 -0. 3.659 -0. 0. 1. 0.
1.000 0.020 0. 90.257 -0.020 1.000 -0. 3.617 -0. 0. 1. 0.
1.000 0.018 0. 91.986 -0.018 1.000 -0. 3.571 -0. 0. 1. 0.
1.000 0.014 0. 93.722 -0.014 1.000 -0. 3.536 -0. 0. 1. 0.
1. 0.009 0. 95.450 -0.009 1. -0. 3.513 -0. 0. 1. 0.
1. 0.003 0. 97.197 -0.003 1. -0. 3.498 -0. 0. 1. 0.
1. -0.005 0. 99.062 0.005 1. 0. 3.498 0. 0. 1. 0.
1. -0.013 0. 100.935 0.013 1. 0. 3.519 0. 0. 1. 0.
1.000 -0.023 0. 102.821 0.023 1.000 0. 3.555 0. 0. 1. 0.
0.999 -0.033 0. 104.728 0.033 0.999 0. 3.602 0. 0. 1. 0.
0.999 -0.042 0. 106.645 0.042 0.999 0. 3.672 0. 0. 1. 0.
0.999 -0.051 0. 108.593 0.051 0.999 0. 3.765 0. 0. 1. 0.
0.998 -0.057 0. 110.544 0.057 0.998 0. 3.874 0. 0. 1. 0.
0.998 -0.063 0. 112.497 0.063 0.998 0. 3.985 0. 0. 1. 0.
0.998 -0.067 0. 114.455 0.067 0.998 0. 4.106 0. 0. 1. 0.
0.998 -0.069 0. 116.437 0.069 0.998 0. 4.233 0. 0. 1. 0.
0.998 -0.069 0. 118.392 0.069 0.998 0. 4.361 0. 0. 1. 0.
0.998 -0.068 0. 120.311 0.068 0.998 0. 4.489 0. 0. 1. 0.
0.998 -0.067 0. 122.233 0.067 0.998 0. 4.608 0. 0. 1. 0.
0.998 -0.066 0. 124.162 0.066 0.998 0. 4.721 0. 0. 1. 0.
0.998 -0.065 0. 126.072 0.065 0.998 0. 4.841 0. 0. 1. 0.
0.998 -0.063 0. 127.977 0.063 0.998 0. 4.955 0. 0. 1. 0.
0.998 -0.063 0. 129.932 0.063 0.998 0. 5.075 0. 0. 1. 0.
0.998 -0.061 0. 131.889 0.061 0.998 0. 5.192 0. 0. 1. 0.
0.998 -0.060 0. 133.848 0.060 0.998 0. 5.299 0. 0. 1. 0.
0.998 -0.057 0. 135.819 0.057 0.998 0. 5.410 0. 0. 1. 0.
0.999 -0.053 0. 137.798 0.053 0.999 0. 5.520 0. 0. 1. 0.
0.999 -0.050 0. 139.819 0.050 0.999 0. 5.631 0. 0. 1. 0.
0.999 -0.049 0. 141.859 0.049 0.999 0. 5.717 0. 0. 1. 0.
0.999 -0.048 0. 143.876 0.048 0.999 0. 5.799 0. 0. 1. 0.
0.999 -0.047 0. 145.889 0.047 0.999 0. 5.884 0. 0. 1. 0.
0.999 -0.046 0. 147.886 0.046 0.999 0. 5.966 0. 0. 1. 0.
0.999 -0.046 0. 149.898 0.046 0.999 0. 6.043 0. 0. 1. 0.
0.999 -0.045 0. 151.900 0.045 0.999 0. 6.129 0. 0. 1. 0.
0.999 -0.043 0. 153.911 0.043 0.999 0. 6.215 0. 0. 1. 0.
0.999 -0.041 0. 155.941 0.041 0.999 0. 6.302 0. 0. 1. 0.
0.999 -0.041 0. 158.037 0.041 0.999 0. 6.378 0. 0. 1. 0.
0.999 -0.040 0. 160.227 0.040 0.999 0. 6.459 0. 0. 1. 0.
0.999 -0.039 0. 162.385 0.039 0.999 0. 6.544 0. 0. 1. 0.
0.999 -0.039 0. 164.553 0.039 0.999 0. 6.621 0. 0. 1. 0.
0.999 -0.039 0. 166.749 0.039 0.999 0. 6.696 0. 0. 1. 0.
0.999 -0.039 0. 168.923 0.039 0.999 0. 6.769 0. 0. 1. 0.
0.999 -0.041 0. 171.077 0.041 0.999 0. 6.844 0. 0. 1. 0.
0.999 -0.046 0. 173.181 0.046 0.999 0. 6.928 0. 0. 1. 0.
0.999 -0.049 0. 175.259 0.049 0.999 0. 7.020 0. 0. 1. 0.
0.999 -0.053 0. 177.261 0.053 0.999 0. 7.117 0. 0. 1. 0.
0.998 -0.056 0. 179.205 0.056 0.998 0. 7.219 0. 0. 1. 0.
0.998 -0.059 0. 181.265 0.059 0.998 0. 7.331 0. 0. 1. 0.
0.998 -0.060 0. 183.296 0.060 0.998 0. 7.448 0. 0. 1. 0.
0.998 -0.059 0. 185.301 0.059 0.998 0. 7.562 0. 0. 1. 0.
0.998 -0.058 0. 187.240 0.058 0.998 0. 7.666 0. 0. 1. 0.
0.998 -0.058 0. 189.150 0.058 0.998 0. 7.775 0. 0. 1. 0.
0.998 -0.058 0. 191.025 0.058 0.998 0. 7.874 0. 0. 1. 0.
0.998 -0.059 0. 192.859 0.059 0.998 0. 7.975 0. 0. 1. 0.
0.998 -0.060 0. 194.665 0.060 0.998 0. 8.077 0. 0. 1. 0.
0.998 -0.060 0. 196.456 0.060 0.998 0. 8.174 0. 0. 1. 0.
0.998 -0.062 0. 198.246 0.062 0.998 0. 8.264 0. 0. 1. 0.
0.998 -0.063 0. 199.991 0.063 0.998 0. 8.358 0. 0. 1. 0.
0.998 -0.064 0. 201.725 0.064 0.998 0. 8.456 0. 0. 1. 0.
0.998 -0.064 0. 203.446 0.064 0.998 0. 8.562 0. 0. 1. 0.
0.998 -0.063 0. 205.134 0.063 0.998 0. 8.661 0. 0. 1. 0.
0.998 -0.061 0. 206.766 0.061 0.998 0. 8.756 0. 0. 1. 0.
0.998 -0.058 0. 208.380 0.058 0.998 0. 8.842 0. 0. 1. 0.
0.998 -0.055 0. 209.946 0.055 0.998 0. 8.927 0. 0. 1. 0.
0.999 -0.053 0. 211.467 0.053 0.999 0. 9.006 0. 0. 1. 0.
0.999 -0.051 0. 212.945 0.051 0.999 0. 9.082 0. 0. 1. 0.
0.999 -0.051 0. 214.390 0.051 0.999 0. 9.151 0. 0. 1. 0.
0.999 -0.051 0. 215.816 0.051 0.999 0. 9.220 0. 0. 1. 0.
0.999 -0.052 0. 217.212 0.052 0.999 0. 9.294 0. 0. 1. 0.
0.999 -0.052 0. 218.604 0.052 0.999 0. 9.367 0. 0. 1. 0.
0.999 -0.052 0. 220.007 0.052 0.999 0. 9.447 0. 0. 1. 0.
0.999 -0.053 0. 221.404 0.053 0.999 0. 9.524 0. 0. 1. 0.
0.999 -0.054 0. 222.800 0.054 0.999 0. 9.600 0. 0. 1. 0.
0.998 -0.056 0. 224.180 0.056 0.998 0. 9.676 0. 0. 1. 0.
0.998 -0.064 0. 225.549 0.064 0.998 0. 9.762 0. 0. 1. 0.
0.997 -0.076 0. 226.914 0.076 0.997 0. 9.864 0. 0. 1. 0.
0.996 -0.090 0. 228.273 0.090 0.996 0. 9.992 0. 0. 1. 0.
0.995 -0.104 0. 229.641 0.104 0.995 0. 10.132 0. 0. 1. 0.
0.993 -0.120 0. 231.028 0.120 0.993 0. 10.300 0. 0. 1. 0.
0.990 -0.138 0. 232.454 0.138 0.990 0. 10.495 0. 0. 1. 0.
0.988 -0.153 0. 233.912 0.153 0.988 0. 10.721 0. 0. 1. 0.
0.986 -0.165 0. 235.407 0.165 0.986 0. 10.968 0. 0. 1. 0.
0.985 -0.174 0. 236.939 0.174 0.985 0. 11.232 0. 0. 1. 0.
0.984 -0.177 0. 238.516 0.177 0.984 0. 11.520 0. 0. 1. 0.
0.984 -0.179 0. 240.151 0.179 0.984 0. 11.810 0. 0. 1. 0.
0.983 -0.181 0. 241.832 0.181 0.983 0. 12.114 0. 0. 1. 0.
0.983 -0.186 0. 243.556 0.186 0.983 0. 12.441 0. 0. 1. 0.
0.982 -0.190 0. 245.291 0.190 0.982 0. 12.774 0. 0. 1. 0.
0.981 -0.193 0. 247.053 0.193 0.981 0. 13.114 0. 0. 1. 0.
0.981 -0.196 0. 248.847 0.196 0.981 0. 13.465 0. 0. 1. 0.
0.980 -0.197 0. 250.651 0.197 0.980 0. 13.826 0. 0. 1. 0.
0.981 -0.195 0. 252.476 0.195 0.981 0. 14.190 0. 0. 1. 0.
0.981 -0.192 0. 254.315 0.192 0.981 0. 14.547 0. 0. 1. 0.
0.982 -0.188 0. 256.159 0.188 0.982 0. 14.895 0. 0. 1. 0.
0.983 -0.183 0. 258.022 0.183 0.983 0. 15.238 0. 0. 1. 0.
0.984 -0.178 0. 259.910 0.178 0.984 0. 15.578 0. 0. 1. 0.
0.985 -0.172 0. 261.818 0.172 0.985 0. 15.912 0. 0. 1. 0.
0.986 -0.167 0. 263.733 0.167 0.986 0. 16.235 0. 0. 1. 0.
0.987 -0.162 0. 265.672 0.162 0.987 0. 16.553 0. 0. 1. 0.
0.987 -0.159 0. 267.636 0.159 0.987 0. 16.867 0. 0. 1. 0.
0.988 -0.157 0. 269.629 0.157 0.988 0. 17.175 0. 0. 1. 0.
0.988 -0.156 0. 271.645 0.156 0.988 0. 17.484 0. 0. 1. 0.
0.988 -0.155 0. 273.678 0.155 0.988 0. 17.795 0. 0. 1. 0.
0.988 -0.154 0. 275.697 0.154 0.988 0. 18.104 0. 0. 1. 0.
0.988 -0.154 0. 277.669 0.154 0.988 0. 18.407 0. 0. 1. 0.
0.988 -0.155 0. 279.644 0.155 0.988 0. 18.711 0. 0. 1. 0.
0.988 -0.155 0. 281.623 0.155 0.988 0. 19.018 0. 0. 1. 0.
0.988 -0.155 0. 283.611 0.155 0.988 0. 19.329 0. 0. 1. 0.
0.988 -0.152 0. 285.595 0.152 0.988 0. 19.634 0. 0. 1. 0.
0.989 -0.148 0. 287.540 0.148 0.989 0. 19.919 0. 0. 1. 0.
0.990 -0.143 0. 289.433 0.143 0.990 0. 20.189 0. 0. 1. 0.
0.990 -0.139 0. 291.358 0.139 0.990 0. 20.455 0. 0. 1. 0.
0.991 -0.135 0. 293.281 0.135 0.991 0. 20.710 0. 0. 1. 0.
0.991 -0.131 0. 295.192 0.131 0.991 0. 20.951 0. 0. 1. 0.
0.991 -0.132 0. 297.089 0.132 0.991 0. 21.194 0. 0. 1. 0.
0.991 -0.134 0. 299. 0.134 0.991 0. 21.437 0. 0. 1. 0.
0.990 -0.138 0. 300.933 0.138 0.990 0. 21.696 0. 0. 1. 0.
0.990 -0.143 0. 302.858 0.143 0.990 0. 21.964 0. 0. 1. 0.
0.989 -0.148 0. 304.790 0.148 0.989 0. 22.245 0. 0. 1. 0.
0.988 -0.154 0. 306.732 0.154 0.988 0. 22.533 0. 0. 1. 0.
0.987 -0.161 0. 308.682 0.161 0.987 0. 22.839 0. 0. 1. 0.
0.986 -0.168 0. 310.639 0.168 0.986 0. 23.160 0. 0. 1. 0.
0.985 -0.175 0. 312.615 0.175 0.985 0. 23.501 0. 0. 1. 0.
0.984 -0.180 0. 314.603 0.180 0.984 0. 23.854 0. 0. 1. 0.
0.983 -0.183 0. 316.593 0.183 0.983 0. 24.222 0. 0. 1. 0.
0.983 -0.184 0. 318.581 0.184 0.983 0. 24.587 0. 0. 1. 0.
0.983 -0.183 0. 320.570 0.183 0.983 0. 24.953 0. 0. 1. 0.
0.984 -0.181 0. 322.546 0.181 0.984 0. 25.317 0. 0. 1. 0.
0.984 -0.179 0. 324.487 0.179 0.984 0. 25.663 0. 0. 1. 0.
0.984 -0.176 0. 326.399 0.176 0.984 0. 25.998 0. 0. 1. 0.
0.985 -0.172 0. 328.304 0.172 0.985 0. 26.328 0. 0. 1. 0.
0.986 -0.167 0. 330.221 0.167 0.986 0. 26.647 0. 0. 1. 0.
0.987 -0.161 0. 332.132 0.161 0.987 0. 26.955 0. 0. 1. 0.
0.988 -0.153 0. 334.026 0.153 0.988 0. 27.246 0. 0. 1. 0.
0.990 -0.141 0. 335.927 0.141 0.990 0. 27.517 0. 0. 1. 0.
0.992 -0.123 0. 337.868 0.123 0.992 0. 27.754 0. 0. 1. 0.
0.995 -0.102 0. 339.813 0.102 0.995 0. 27.955 0. 0. 1. 0.
0.997 -0.078 0. 341.771 0.078 0.997 0. 28.117 0. 0. 1. 0.
0.998 -0.055 0. 343.755 0.055 0.998 0. 28.229 0. 0. 1. 0.
0.999 -0.033 0. 345.756 0.033 0.999 0. 28.291 0. 0. 1. 0.
1. -0.014 0. 347.757 0.014 1. 0. 28.308 0. 0. 1. 0.
1. 0.002 0. 349.781 -0.002 1. -0. 28.294 -0. 0. 1. 0.
1.000 0.015 0. 351.813 -0.015 1.000 -0. 28.255 -0. 0. 1. 0.
1.000 0.021 0. 353.859 -0.021 1.000 -0. 28.201 -0. 0. 1. 0.
1.000 0.023 0. 355.899 -0.023 1.000 -0. 28.146 -0. 0. 1. 0.
1.000 0.024 0. 357.932 -0.024 1.000 -0. 28.087 -0. 0. 1. 0.
1.000 0.024 0. 359.969 -0.024 1.000 -0. 28.029 -0. 0. 1. 0.
1.000 0.024 0. 362.026 -0.024 1.000 -0. 27.968 -0. 0. 1. 0.
1.000 0.024 0. 364.099 -0.024 1.000 -0. 27.915 -0. 0. 1. 0.
1.000 0.023 0. 366.149 -0.023 1.000 -0. 27.865 -0. 0. 1. 0.
1.000 0.022 0. 368.189 -0.022 1.000 -0. 27.811 -0. 0. 1. 0.
1.000 0.021 0. 370.227 -0.021 1.000 -0. 27.772 -0. 0. 1. 0.
1.000 0.019 0. 372.265 -0.019 1.000 -0. 27.731 -0. 0. 1. 0.
1.000 0.016 0. 374.309 -0.016 1.000 -0. 27.690 -0. 0. 1. 0.
1. 0.013 0. 376.375 -0.013 1. -0. 27.646 -0. 0. 1. 0.
1. 0.009 0. 378.448 -0.009 1. -0. 27.610 -0. 0. 1. 0.
1. 0.005 0. 380.491 -0.005 1. -0. 27.585 -0. 0. 1. 0.
1. 0.003 0. 382.533 -0.003 1. -0. 27.569 -0. 0. 1. 0.
1. 0.002 0. 384.590 -0.002 1. -0. 27.561 -0. 0. 1. 0.
1. 0.003 0. 386.639 -0.003 1. -0. 27.546 -0. 0. 1. 0.
1. 0.003 0. 388.677 -0.003 1. -0. 27.536 -0. 0. 1. 0.
1. 0.002 0. 390.726 -0.002 1. -0. 27.523 -0. 0. 1. 0.
1. -0.001 0. 392.792 0.001 1. 0. 27.520 0. 0. 1. 0.
1. -0.004 0. 394.877 0.004 1. 0. 27.522 0. 0. 1. 0.
1. -0.007 0. 396.956 0.007 1. 0. 27.529 0. 0. 1. 0.
1. -0.011 0. 399.026 0.011 1. 0. 27.544 0. 0. 1. 0.
1.000 -0.016 0. 401.123 0.016 1.000 0. 27.565 0. 0. 1. 0.
1.000 -0.022 0. 403.224 0.022 1.000 0. 27.595 0. 0. 1. 0.
1.000 -0.027 0. 405.352 0.027 1.000 0. 27.640 0. 0. 1. 0.
0.999 -0.034 0. 407.484 0.034 0.999 0. 27.702 0. 0. 1. 0.
0.999 -0.037 0. 409.682 0.037 0.999 0. 27.771 0. 0. 1. 0.
0.999 -0.039 0. 411.727 0.039 0.999 0. 27.840 0. 0. 1. 0.
0.999 -0.041 0. 413.790 0.041 0.999 0. 27.909 0. 0. 1. 0.
0.999 -0.044 0. 415.937 0.044 0.999 0. 27.983 0. 0. 1. 0.
0.999 -0.046 0. 418.100 0.046 0.999 0. 28.071 0. 0. 1. 0.
0.999 -0.049 0. 420.264 0.049 0.999 0. 28.166 0. 0. 1. 0.
0.999 -0.051 0. 422.450 0.051 0.999 0. 28.247 0. 0. 1. 0.
0.999 -0.054 0. 424.592 0.054 0.999 0. 28.346 0. 0. 1. 0.
0.998 -0.057 0. 426.772 0.057 0.998 0. 28.443 0. 0. 1. 0.
0.998 -0.058 0. 428.889 0.058 0.998 0. 28.550 0. 0. 1. 0.
0.998 -0.058 0. 430.973 0.058 0.998 0. 28.651 0. 0. 1. 0.
0.998 -0.058 0. 433.046 0.058 0.998 0. 28.750 0. 0. 1. 0.
0.998 -0.060 0. 435.124 0.060 0.998 0. 28.857 0. 0. 1. 0.
0.998 -0.063 0. 437.157 0.063 0.998 0. 28.972 0. 0. 1. 0.
0.998 -0.067 0. 439.168 0.067 0.998 0. 29.091 0. 0. 1. 0.
0.997 -0.071 0. 441.167 0.071 0.997 0. 29.218 0. 0. 1. 0.
0.997 -0.075 0. 443.178 0.075 0.997 0. 29.351 0. 0. 1. 0.
0.997 -0.079 0. 445.169 0.079 0.997 0. 29.491 0. 0. 1. 0.
0.997 -0.082 0. 447.142 0.082 0.997 0. 29.637 0. 0. 1. 0.
0.996 -0.085 0. 449.111 0.085 0.996 0. 29.787 0. 0. 1. 0.
0.996 -0.086 0. 451.036 0.086 0.996 0. 29.936 0. 0. 1. 0.
0.996 -0.085 0. 452.882 0.085 0.996 0. 30.082 0. 0. 1. 0.
0.997 -0.082 0. 454.666 0.082 0.997 0. 30.214 0. 0. 1. 0.
0.997 -0.077 0. 456.388 0.077 0.997 0. 30.333 0. 0. 1. 0.
0.998 -0.069 0. 458.052 0.069 0.998 0. 30.435 0. 0. 1. 0.
0.998 -0.056 0. 459.650 0.056 0.998 0. 30.515 0. 0. 1. 0.
0.999 -0.037 0. 461.194 0.037 0.999 0. 30.561 0. 0. 1. 0.
1. -0.013 0. 462.665 0.013 1. 0. 30.570 0. 0. 1. 0.
1.000 0.018 0. 464.063 -0.018 1.000 -0. 30.534 -0. 0. 1. 0.
0.999 0.051 0. 465.394 -0.051 0.999 -0. 30.449 -0. 0. 1. 0.
0.996 0.092 0. 466.668 -0.092 0.996 -0. 30.315 -0. 0. 1. 0.
0.990 0.144 0. 467.876 -0.144 0.990 -0. 30.126 -0. 0. 1. 0.
0.978 0.207 0. 469.006 -0.207 0.978 -0. 29.870 -0. 0. 1. 0.
0.962 0.273 0. 470.058 -0.273 0.962 -0. 29.549 -0. 0. 1. 0.
0.940 0.342 0. 471.035 -0.342 0.940 -0. 29.163 -0. 0. 1. 0.
0.911 0.411 0. 471.932 -0.411 0.911 -0. 28.723 -0. 0. 1. 0.
0.875 0.483 0. 472.785 -0.483 0.875 -0. 28.216 -0. 0. 1. 0.
0.830 0.557 0. 473.557 -0.557 0.830 -0. 27.654 -0. 0. 1. 0.
0.775 0.632 0. 474.264 -0.632 0.775 -0. 27.025 -0. 0. 1. 0.
0.706 0.708 0. 474.911 -0.708 0.706 -0. 26.322 -0. 0. 1. 0.
0.617 0.787 0. 475.471 -0.787 0.617 -0. 25.542 -0. 0. 1. 0.
0.515 0.857 0. 475.931 -0.857 0.515 -0. 24.690 -0. 0. 1. 0.
0.395 0.919 0. 476.275 -0.919 0.395 -0. 23.773 -0. 0. 1. 0.
0.260 0.966 0. 476.503 -0.966 0.260 -0. 22.801 -0. 0. 1. 0.
0.119 0.993 0. 476.577 -0.993 0.119 -0. 21.796 -0. 0. 1. 0.
-0.029 1.000 0. 476.504 -1.000 -0.029 -0. 20.768 -0. 0. 1. 0.
-0.179 0.984 0. 476.274 -0.984 -0.179 -0. 19.737 -0. 0. 1. 0.
-0.326 0.945 0. 475.875 -0.945 -0.326 -0. 18.707 -0. 0. 1. 0.
-0.464 0.886 0. 475.317 -0.886 -0.464 -0. 17.715 -0. 0. 1. 0.
-0.590 0.808 0. 474.594 -0.808 -0.590 -0. 16.790 -0. 0. 1. 0.
-0.698 0.716 0. 473.714 -0.716 -0.698 0. 15.922 0. 0. 1. 0.
-0.785 0.620 0. 472.691 -0.620 -0.785 0. 15.146 0. 0. 1. 0.
-0.845 0.535 0. 471.547 -0.535 -0.845 0. 14.444 0. 0. 1. 0.
-0.876 0.482 0. 470.307 -0.482 -0.876 0. 13.778 0. 0. 1. 0.
-0.892 0.451 0. 468.994 -0.451 -0.892 0. 13.129 0. 0. 1. 0.
-0.896 0.444 0. 467.623 -0.444 -0.896 0. 12.467 0. 0. 1. 0.
-0.894 0.448 0. 466.185 -0.448 -0.894 0. 11.760 0. 0. 1. 0.
-0.891 0.455 0. 464.696 -0.455 -0.891 0. 11.011 0. 0. 1. 0.
-0.888 0.460 0. 463.147 -0.460 -0.888 0. 10.224 0. 0. 1. 0.
-0.887 0.463 0. 461.563 -0.463 -0.887 0. 9.413 0. 0. 1. 0.
-0.887 0.462 0. 459.943 -0.462 -0.887 0. 8.588 0. 0. 1. 0.
-0.888 0.460 0. 458.271 -0.460 -0.888 0. 7.741 0. 0. 1. 0.
-0.889 0.458 0. 456.539 -0.458 -0.889 0. 6.868 0. 0. 1. 0.
-0.890 0.455 0. 454.764 -0.455 -0.890 0. 5.978 0. 0. 1. 0.
-0.891 0.453 0. 452.938 -0.453 -0.891 0. 5.066 0. 0. 1. 0.
-0.892 0.452 0. 451.040 -0.452 -0.892 0. 4.132 0. 0. 1. 0.
-0.892 0.451 0. 449.110 -0.451 -0.892 0. 3.190 0. 0. 1. 0.
-0.893 0.450 0. 447.163 -0.450 -0.893 0. 2.229 0. 0. 1. 0.
-0.894 0.449 0. 445.183 -0.449 -0.894 0. 1.263 0. 0. 1. 0.
-0.895 0.446 0. 443.223 -0.446 -0.895 0. 0.302 0. 0. 1. 0.
-0.895 0.445 0. 441.276 -0.445 -0.895 0. -0.656 0. 0. 1. 0.
-0.896 0.444 0. 439.319 -0.444 -0.896 0. -1.612 0. 0. 1. 0.
-0.896 0.444 0. 437.339 -0.444 -0.896 0. -2.569 0. 0. 1. 0.
-0.897 0.443 0. 435.310 -0.443 -0.897 0. -3.559 0. 0. 1. 0.
-0.897 0.442 0. 433.277 -0.442 -0.897 0. -4.549 0. 0. 1. 0.
-0.897 0.441 0. 431.253 -0.441 -0.897 0. -5.520 0. 0. 1. 0.
-0.897 0.441 0. 429.239 -0.441 -0.897 0. -6.497 0. 0. 1. 0.
-0.898 0.441 0. 427.229 -0.441 -0.898 0. -7.475 0. 0. 1. 0.
-0.897 0.441 0. 425.228 -0.441 -0.897 0. -8.435 0. 0. 1. 0.
-0.897 0.442 0. 423.249 -0.442 -0.897 0. -9.390 0. 0. 1. 0.
-0.897 0.442 0. 421.316 -0.442 -0.897 0. -10.325 0. 0. 1. 0.
-0.897 0.443 0. 419.396 -0.443 -0.897 0. -11.252 0. 0. 1. 0.
-0.897 0.443 0. 417.484 -0.443 -0.897 0. -12.178 0. 0. 1. 0.
-0.898 0.441 0. 415.611 -0.441 -0.898 0. -13.085 0. 0. 1. 0.
-0.899 0.439 0. 413.752 -0.439 -0.899 0. -13.975 0. 0. 1. 0.
-0.900 0.436 0. 411.930 -0.436 -0.900 0. -14.844 0. 0. 1. 0.
-0.901 0.433 0. 410.130 -0.433 -0.901 0. -15.691 0. 0. 1. 0.
-0.902 0.431 0. 408.401 -0.431 -0.902 0. -16.503 0. 0. 1. 0.
-0.903 0.429 0. 406.759 -0.429 -0.903 0. -17.271 0. 0. 1. 0.
-0.904 0.428 0. 405.216 -0.428 -0.904 0. -17.990 0. 0. 1. 0.
-0.904 0.428 0. 403.757 -0.428 -0.904 0. -18.666 0. 0. 1. 0.
-0.904 0.427 0. 402.379 -0.427 -0.904 0. -19.305 0. 0. 1. 0.
-0.905 0.425 0. 401.091 -0.425 -0.905 0. -19.904 0. 0. 1. 0.
-0.906 0.424 0. 399.876 -0.424 -0.906 0. -20.465 0. 0. 1. 0.
-0.906 0.423 0. 398.738 -0.423 -0.906 0. -20.992 0. 0. 1. 0.
-0.907 0.422 0. 397.684 -0.422 -0.907 0. -21.481 0. 0. 1. 0.
-0.907 0.421 0. 396.691 -0.421 -0.907 0. -21.934 0. 0. 1. 0.
-0.908 0.420 0. 395.778 -0.420 -0.908 0. -22.354 0. 0. 1. 0.
-0.908 0.420 0. 394.936 -0.420 -0.908 0. -22.741 0. 0. 1. 0.
-0.908 0.419 0. 394.169 -0.419 -0.908 0. -23.094 0. 0. 1. 0.
-0.908 0.419 0. 393.472 -0.419 -0.908 0. -23.414 0. 0. 1. 0.
-0.908 0.419 0. 392.841 -0.419 -0.908 0. -23.708 0. 0. 1. 0.
-0.907 0.421 0. 392.257 -0.421 -0.907 0. -23.978 0. 0. 1. 0.
-0.907 0.422 0. 391.724 -0.422 -0.907 0. -24.222 0. 0. 1. 0.
-0.906 0.423 0. 391.252 -0.423 -0.906 0. -24.437 0. 0. 1. 0.
-0.906 0.424 0. 390.858 -0.424 -0.906 0. -24.620 0. 0. 1. 0.
-0.905 0.424 0. 390.551 -0.424 -0.905 0. -24.763 0. 0. 1. 0.
-0.905 0.425 0. 390.324 -0.425 -0.905 0. -24.871 0. 0. 1. 0.
-0.905 0.425 0. 390.187 -0.425 -0.905 0. -24.935 0. 0. 1. 0.
-0.905 0.426 0. 390.018 -0.426 -0.905 0. -25.016 0. 0. 1. 0.
-0.905 0.426 0. 389.846 -0.426 -0.905 0. -25.095 0. 0. 1. 0.
-0.905 0.426 0. 389.719 -0.426 -0.905 0. -25.157 0. 0. 1. 0.
-0.904 0.427 0. 389.544 -0.427 -0.904 0. -25.239 0. 0. 1. 0.
-0.904 0.427 0. 389.384 -0.427 -0.904 0. -25.314 0. 0. 1. 0.
-0.904 0.427 0. 389.287 -0.427 -0.904 0. -25.358 0. 0. 1. 0.
-0.904 0.427 0. 389.162 -0.427 -0.904 0. -25.416 0. 0. 1. 0.
-0.904 0.427 0. 389.062 -0.427 -0.904 0. -25.463 0. 0. 1. 0.
-0.904 0.427 0. 388.924 -0.427 -0.904 0. -25.528 0. 0. 1. 0.
-0.904 0.427 0. 388.766 -0.427 -0.904 0. -25.602 0. 0. 1. 0.
-0.904 0.427 0. 388.579 -0.427 -0.904 0. -25.688 0. 0. 1. 0.
-0.905 0.426 0. 388.353 -0.426 -0.905 0. -25.793 0. 0. 1. 0.
-0.905 0.425 0. 388.081 -0.425 -0.905 0. -25.918 0. 0. 1. 0.
-0.906 0.424 0. 387.755 -0.424 -0.906 0. -26.067 0. 0. 1. 0.
-0.906 0.423 0. 387.369 -0.423 -0.906 0. -26.245 0. 0. 1. 0.
-0.907 0.421 0. 386.917 -0.421 -0.907 0. -26.451 0. 0. 1. 0.
-0.908 0.419 0. 386.393 -0.419 -0.908 0. -26.688 0. 0. 1. 0.
-0.909 0.417 0. 385.807 -0.417 -0.909 0. -26.953 0. 0. 1. 0.
-0.909 0.417 0. 385.151 -0.417 -0.909 0. -27.247 0. 0. 1. 0.
-0.910 0.415 0. 384.424 -0.415 -0.910 0. -27.572 0. 0. 1. 0.
-0.910 0.415 0. 383.631 -0.415 -0.910 0. -27.926 0. 0. 1. 0.
-0.910 0.414 0. 382.766 -0.414 -0.910 0. -28.309 0. 0. 1. 0.
-0.911 0.413 0. 381.841 -0.413 -0.911 0. -28.722 0. 0. 1. 0.
-0.911 0.413 0. 380.863 -0.413 -0.911 0. -29.160 0. 0. 1. 0.
-0.911 0.413 0. 379.828 -0.413 -0.911 0. -29.623 0. 0. 1. 0.
-0.911 0.412 0. 378.731 -0.412 -0.911 0. -30.114 0. 0. 1. 0.
-0.911 0.413 0. 377.583 -0.413 -0.911 0. -30.629 0. 0. 1. 0.
-0.910 0.414 0. 376.369 -0.414 -0.910 0. -31.167 0. 0. 1. 0.
-0.911 0.412 0. 375.125 -0.412 -0.911 0. -31.728 0. 0. 1. 0.
-0.912 0.411 0. 373.843 -0.411 -0.912 0. -32.309 0. 0. 1. 0.
-0.912 0.411 0. 372.523 -0.411 -0.912 0. -32.900 0. 0. 1. 0.
-0.912 0.410 0. 371.169 -0.410 -0.912 0. -33.500 0. 0. 1. 0.
-0.913 0.407 0. 369.787 -0.407 -0.913 0. -34.113 0. 0. 1. 0.
-0.914 0.406 0. 368.380 -0.406 -0.914 0. -34.739 0. 0. 1. 0.
-0.915 0.402 0. 366.939 -0.402 -0.915 0. -35.368 0. 0. 1. 0.
-0.918 0.397 0. 365.497 -0.397 -0.918 0. -35.987 0. 0. 1. 0.
-0.921 0.391 0. 364.082 -0.391 -0.921 0. -36.589 0. 0. 1. 0.
-0.924 0.383 0. 362.618 -0.383 -0.924 0. -37.191 0. 0. 1. 0.
-0.928 0.372 0. 361.081 -0.372 -0.928 0. -37.799 0. 0. 1. 0.
-0.935 0.354 0. 359.485 -0.354 -0.935 0. -38.401 0. 0. 1. 0.
-0.944 0.331 0. 357.813 -0.331 -0.944 0. -38.983 0. 0. 1. 0.
-0.951 0.308 0. 356.073 -0.308 -0.951 0. -39.538 0. 0. 1. 0.
-0.957 0.290 0. 354.289 -0.290 -0.957 0. -40.074 0. 0. 1. 0.
-0.961 0.278 0. 352.449 -0.278 -0.961 0. -40.596 0. 0. 1. 0.
-0.962 0.272 0. 350.542 -0.272 -0.962 0. -41.116 0. 0. 1. 0.
-0.964 0.267 0. 348.529 -0.267 -0.964 0. -41.649 0. 0. 1. 0.
-0.965 0.262 0. 346.454 -0.262 -0.965 0. -42.208 0. 0. 1. 0.
-0.967 0.257 0. 344.345 -0.257 -0.967 0. -42.767 0. 0. 1. 0.
-0.968 0.251 0. 342.204 -0.251 -0.968 0. -43.333 0. 0. 1. 0.
-0.969 0.247 0. 340.048 -0.247 -0.969 0. -43.880 0. 0. 1. 0.
-0.969 0.246 0. 337.942 -0.246 -0.969 0. -44.423 0. 0. 1. 0.
-0.968 0.250 0. 335.877 -0.250 -0.968 0. -44.957 0. 0. 1. 0.
-0.967 0.254 0. 333.833 -0.254 -0.967 0. -45.481 0. 0. 1. 0.
-0.966 0.259 0. 331.835 -0.259 -0.966 0. -46.005 0. 0. 1. 0.
-0.964 0.267 0. 329.876 -0.267 -0.964 0. -46.532 0. 0. 1. 0.
-0.961 0.277 0. 327.913 -0.277 -0.961 0. -47.085 0. 0. 1. 0.
-0.958 0.286 0. 325.934 -0.286 -0.958 0. -47.664 0. 0. 1. 0.
-0.955 0.295 0. 323.962 -0.295 -0.955 0. -48.259 0. 0. 1. 0.
-0.952 0.305 0. 322.005 -0.305 -0.952 0. -48.869 0. 0. 1. 0.
-0.949 0.316 0. 320.027 -0.316 -0.949 0. -49.508 0. 0. 1. 0.
-0.946 0.326 0. 318.046 -0.326 -0.946 0. -50.179 0. 0. 1. 0.
-0.942 0.336 0. 316.075 -0.336 -0.942 0. -50.864 0. 0. 1. 0.
-0.939 0.345 0. 314.131 -0.345 -0.939 0. -51.554 0. 0. 1. 0.
-0.935 0.353 0. 312.192 -0.353 -0.935 0. -52.278 0. 0. 1. 0.
-0.933 0.360 0. 310.242 -0.360 -0.933 0. -53.010 0. 0. 1. 0.
-0.932 0.362 0. 308.296 -0.362 -0.932 0. -53.759 0. 0. 1. 0.
-0.932 0.362 0. 306.332 -0.362 -0.932 0. -54.535 0. 0. 1. 0.
-0.932 0.361 0. 304.311 -0.361 -0.932 0. -55.312 0. 0. 1. 0.
-0.933 0.360 0. 302.251 -0.360 -0.933 0. -56.096 0. 0. 1. 0.
-0.933 0.360 0. 300.227 -0.360 -0.933 0. -56.872 0. 0. 1. 0.
-0.933 0.360 0. 298.202 -0.360 -0.933 0. -57.643 0. 0. 1. 0.
-0.932 0.362 0. 296.161 -0.362 -0.932 0. -58.425 0. 0. 1. 0.
-0.932 0.363 0. 294.122 -0.363 -0.932 0. -59.212 0. 0. 1. 0.
-0.932 0.362 0. 292.093 -0.362 -0.932 0. -59.993 0. 0. 1. 0.
-0.931 0.364 0. 290.042 -0.364 -0.931 0. -60.779 0. 0. 1. 0.
-0.932 0.362 0. 287.959 -0.362 -0.932 0. -61.564 0. 0. 1. 0.
-0.932 0.361 0. 285.879 -0.361 -0.932 0. -62.359 0. 0. 1. 0.
-0.934 0.358 0. 283.785 -0.358 -0.934 0. -63.152 0. 0. 1. 0.
-0.935 0.355 0. 281.664 -0.355 -0.935 0. -63.934 0. 0. 1. 0.
-0.936 0.353 0. 279.514 -0.353 -0.936 0. -64.733 0. 0. 1. 0.
-0.936 0.351 0. 277.375 -0.351 -0.936 0. -65.525 0. 0. 1. 0.
-0.936 0.353 0. 275.217 -0.353 -0.936 0. -66.328 0. 0. 1. 0.
-0.934 0.356 0. 273.056 -0.356 -0.934 0. -67.157 0. 0. 1. 0.
-0.932 0.362 0. 270.902 -0.362 -0.932 0. -68.001 0. 0. 1. 0.
-0.931 0.366 0. 268.708 -0.366 -0.931 0. -68.853 0. 0. 1. 0.
-0.929 0.369 0. 266.555 -0.369 -0.929 0. -69.709 0. 0. 1. 0.
-0.928 0.373 0. 264.445 -0.373 -0.928 0. -70.548 0. 0. 1. 0.
-0.926 0.378 0. 262.338 -0.378 -0.926 0. -71.388 0. 0. 1. 0.
-0.924 0.383 0. 260.246 -0.383 -0.924 0. -72.238 0. 0. 1. 0.
-0.922 0.388 0. 258.135 -0.388 -0.922 0. -73.101 0. 0. 1. 0.
-0.920 0.393 0. 256.062 -0.393 -0.920 0. -73.975 0. 0. 1. 0.
-0.918 0.397 0. 253.988 -0.397 -0.918 0. -74.855 0. 0. 1. 0.
-0.917 0.398 0. 251.910 -0.398 -0.917 0. -75.740 0. 0. 1. 0.
-0.917 0.399 0. 249.768 -0.399 -0.917 0. -76.652 0. 0. 1. 0.
-0.917 0.399 0. 247.636 -0.399 -0.917 0. -77.562 0. 0. 1. 0.
-0.916 0.401 0. 245.489 -0.401 -0.916 0. -78.462 0. 0. 1. 0.
-0.915 0.403 0. 243.364 -0.403 -0.915 0. -79.367 0. 0. 1. 0.
-0.914 0.405 0. 241.248 -0.405 -0.914 0. -80.278 0. 0. 1. 0.
-0.913 0.408 0. 239.122 -0.408 -0.913 0. -81.195 0. 0. 1. 0.
-0.912 0.410 0. 236.980 -0.410 -0.912 0. -82.126 0. 0. 1. 0.
-0.911 0.412 0. 234.846 -0.412 -0.911 0. -83.066 0. 0. 1. 0.
-0.911 0.412 0. 232.723 -0.412 -0.911 0. -84.004 0. 0. 1. 0.
-0.912 0.411 0. 230.587 -0.411 -0.912 0. -84.943 0. 0. 1. 0.
-0.912 0.409 0. 228.438 -0.409 -0.912 0. -85.892 0. 0. 1. 0.
-0.913 0.407 0. 226.281 -0.407 -0.913 0. -86.837 0. 0. 1. 0.
-0.914 0.405 0. 224.123 -0.405 -0.914 0. -87.779 0. 0. 1. 0.
-0.915 0.403 0. 221.980 -0.403 -0.915 0. -88.705 0. 0. 1. 0.
-0.916 0.402 0. 219.814 -0.402 -0.916 0. -89.638 0. 0. 1. 0.
-0.917 0.400 0. 217.629 -0.400 -0.917 0. -90.574 0. 0. 1. 0.
-0.918 0.397 0. 215.424 -0.397 -0.918 0. -91.511 0. 0. 1. 0.
-0.919 0.395 0. 213.200 -0.395 -0.919 0. -92.443 0. 0. 1. 0.
-0.919 0.394 0. 210.959 -0.394 -0.919 0. -93.372 0. 0. 1. 0.
-0.920 0.392 0. 208.721 -0.392 -0.920 0. -94.300 0. 0. 1. 0.
-0.921 0.390 0. 206.473 -0.390 -0.921 0. -95.223 0. 0. 1. 0.
-0.922 0.388 0. 204.201 -0.388 -0.922 0. -96.150 0. 0. 1. 0.
-0.922 0.387 0. 201.920 -0.387 -0.922 0. -97.077 0. 0. 1. 0.
-0.923 0.385 0. 199.668 -0.385 -0.923 0. -98.009 0. 0. 1. 0.
-0.924 0.383 0. 197.448 -0.383 -0.924 0. -98.915 0. 0. 1. 0.
-0.924 0.381 0. 195.268 -0.381 -0.924 0. -99.788 0. 0. 1. 0.
-0.925 0.379 0. 193.092 -0.379 -0.925 0. -100.665 0. 0. 1. 0.
-0.926 0.377 0. 190.946 -0.377 -0.926 0. -101.518 0. 0. 1. 0.
-0.926 0.377 0. 188.788 -0.377 -0.926 0. -102.375 0. 0. 1. 0.
-0.926 0.378 0. 186.673 -0.378 -0.926 0. -103.230 0. 0. 1. 0.
-0.925 0.379 0. 184.534 -0.379 -0.925 0. -104.091 0. 0. 1. 0.
-0.924 0.382 0. 182.413 -0.382 -0.924 0. -104.946 0. 0. 1. 0.
-0.923 0.385 0. 180.300 -0.385 -0.923 0. -105.799 0. 0. 1. 0.
-0.921 0.389 0. 178.251 -0.389 -0.921 0. -106.636 0. 0. 1. 0.
-0.919 0.395 0. 176.237 -0.395 -0.919 0. -107.471 0. 0. 1. 0.
-0.916 0.402 0. 174.264 -0.402 -0.916 0. -108.310 0. 0. 1. 0.
-0.911 0.411 0. 172.333 -0.411 -0.911 0. -109.157 0. 0. 1. 0.
-0.908 0.419 0. 170.434 -0.419 -0.908 0. -110.013 0. 0. 1. 0.
-0.904 0.427 0. 168.554 -0.427 -0.904 0. -110.891 0. 0. 1. 0.
-0.902 0.432 0. 166.705 -0.432 -0.902 0. -111.777 0. 0. 1. 0.
-0.901 0.434 0. 164.904 -0.434 -0.901 0. -112.641 0. 0. 1. 0.
-0.901 0.433 0. 163.136 -0.433 -0.901 0. -113.475 0. 0. 1. 0.
-0.901 0.434 0. 161.395 -0.434 -0.901 0. -114.297 0. 0. 1. 0.
-0.900 0.435 0. 159.702 -0.435 -0.900 0. -115.103 0. 0. 1. 0.
-0.900 0.435 0. 158.022 -0.435 -0.900 0. -115.903 0. 0. 1. 0.
-0.903 0.430 0. 156.351 -0.430 -0.903 0. -116.688 0. 0. 1. 0.
-0.907 0.421 0. 154.653 -0.421 -0.907 0. -117.465 0. 0. 1. 0.
-0.914 0.407 0. 152.915 -0.407 -0.914 0. -118.222 0. 0. 1. 0.
-0.920 0.392 0. 151.174 -0.392 -0.920 0. -118.947 0. 0. 1. 0.
-0.927 0.376 0. 149.467 -0.376 -0.927 0. -119.629 0. 0. 1. 0.
-0.933 0.359 0. 147.797 -0.359 -0.933 0. -120.268 0. 0. 1. 0.
-0.940 0.342 0. 146.150 -0.342 -0.940 0. -120.863 0. 0. 1. 0.
-0.945 0.327 0. 144.532 -0.327 -0.945 0. -121.419 0. 0. 1. 0.
-0.949 0.316 0. 142.996 -0.316 -0.949 0. -121.919 0. 0. 1. 0.
-0.950 0.312 0. 141.534 -0.312 -0.950 0. -122.388 0. 0. 1. 0.
-0.951 0.310 0. 140.151 -0.310 -0.951 0. -122.832 0. 0. 1. 0.
-0.950 0.311 0. 138.827 -0.311 -0.950 0. -123.257 0. 0. 1. 0.
-0.950 0.313 0. 137.551 -0.313 -0.950 0. -123.665 0. 0. 1. 0.
-0.949 0.314 0. 136.313 -0.314 -0.949 0. -124.062 0. 0. 1. 0.
-0.948 0.318 0. 135.106 -0.318 -0.948 0. -124.455 0. 0. 1. 0.
-0.947 0.322 0. 133.902 -0.322 -0.947 0. -124.851 0. 0. 1. 0.
-0.945 0.327 0. 132.705 -0.327 -0.945 0. -125.264 0. 0. 1. 0.
-0.944 0.331 0. 131.507 -0.331 -0.944 0. -125.678 0. 0. 1. 0.
-0.942 0.336 0. 130.336 -0.336 -0.942 0. -126.096 0. 0. 1. 0.
-0.941 0.339 0. 129.195 -0.339 -0.941 0. -126.504 0. 0. 1. 0.
-0.940 0.342 0. 128.095 -0.342 -0.940 0. -126.902 0. 0. 1. 0.
-0.939 0.344 0. 127.017 -0.344 -0.939 0. -127.292 0. 0. 1. 0.
-0.938 0.346 0. 125.977 -0.346 -0.938 0. -127.674 0. 0. 1. 0.
-0.938 0.346 0. 124.974 -0.346 -0.938 0. -128.040 0. 0. 1. 0.
-0.939 0.345 0. 124.004 -0.345 -0.939 0. -128.396 0. 0. 1. 0.
-0.939 0.343 0. 123.081 -0.343 -0.939 0. -128.729 0. 0. 1. 0.
-0.940 0.341 0. 122.228 -0.341 -0.940 0. -129.033 0. 0. 1. 0.
-0.941 0.339 0. 121.437 -0.339 -0.941 0. -129.312 0. 0. 1. 0.
-0.941 0.337 0. 120.706 -0.337 -0.941 0. -129.570 0. 0. 1. 0.
-0.942 0.335 0. 120.030 -0.335 -0.942 0. -129.806 0. 0. 1. 0.
-0.943 0.332 0. 119.401 -0.332 -0.943 0. -130.020 0. 0. 1. 0.
-0.944 0.329 0. 118.819 -0.329 -0.944 0. -130.217 0. 0. 1. 0.
-0.945 0.326 0. 118.272 -0.326 -0.945 0. -130.402 0. 0. 1. 0.
-0.946 0.324 0. 117.763 -0.324 -0.946 0. -130.570 0. 0. 1. 0.
-0.947 0.321 0. 117.314 -0.321 -0.947 0. -130.720 0. 0. 1. 0.
-0.948 0.318 0. 116.935 -0.318 -0.948 0. -130.842 0. 0. 1. 0.
-0.948 0.317 0. 116.620 -0.317 -0.948 0. -130.943 0. 0. 1. 0.
-0.949 0.316 0. 116.426 -0.316 -0.949 0. -131.006 0. 0. 1. 0.
-0.949 0.316 0. 116.255 -0.316 -0.949 0. -131.062 0. 0. 1. 0.
-0.949 0.316 0. 116.137 -0.316 -0.949 0. -131.097 0. 0. 1. 0.
-0.949 0.315 0. 116.072 -0.315 -0.949 0. -131.116 0. 0. 1. 0.
-0.949 0.315 0. 116.046 -0.315 -0.949 0. -131.123 0. 0. 1. 0.
-0.949 0.315 0. 116.043 -0.315 -0.949 0. -131.124 0. 0. 1. 0.
-0.949 0.315 0. 116.043 -0.315 -0.949 0. -131.124 0. 0. 1. 0.
-0.949 0.315 0. 116.043 -0.315 -0.949 0. -131.123 0. 0. 1. 0.
-0.949 0.315 0. 116.043 -0.315 -0.949 0. -131.122 0. 0. 1. 0.
-0.949 0.315 0. 116.043 -0.315 -0.949 0. -131.122 0. 0. 1. 0.
-0.949 0.315 0. 116.044 -0.315 -0.949 0. -131.121 0. 0. 1. 0.
-0.949 0.315 0. 116.044 -0.315 -0.949 0. -131.121 0. 0. 1. 0.
-0.949 0.315 0. 116.044 -0.315 -0.949 0. -131.120 0. 0. 1. 0.
-0.949 0.315 0. 116.044 -0.315 -0.949 0. -131.120 0. 0. 1. 0.
-0.949 0.315 0. 116.045 -0.315 -0.949 0. -131.119 0. 0. 1. 0.
-0.949 0.314 0. 116.045 -0.314 -0.949 0. -131.118 0. 0. 1. 0.
-0.949 0.314 0. 116.045 -0.314 -0.949 0. -131.118 0. 0. 1. 0.
-0.949 0.314 0. 116.045 -0.314 -0.949 0. -131.117 0. 0. 1. 0.
-0.949 0.314 0. 116.046 -0.314 -0.949 0. -131.117 0. 0. 1. 0.
-0.949 0.314 0. 116.046 -0.314 -0.949 0. -131.116 0. 0. 1. 0.
-0.949 0.314 0. 116.046 -0.314 -0.949 0. -131.116 0. 0. 1. 0.
-0.949 0.314 0. 116.046 -0.314 -0.949 0. -131.115 0. 0. 1. 0.
-0.949 0.314 0. 116.047 -0.314 -0.949 0. -131.115 0. 0. 1. 0.
-0.950 0.314 0. 116.047 -0.314 -0.950 0. -131.114 0. 0. 1. 0.
-0.950 0.314 0. 116.047 -0.314 -0.950 0. -131.113 0. 0. 1. 0.
-0.950 0.314 0. 116.048 -0.314 -0.950 0. -131.113 0. 0. 1. 0.
-0.950 0.313 0. 116.048 -0.313 -0.950 0. -131.112 0. 0. 1. 0.
-0.950 0.313 0. 116.048 -0.313 -0.950 0. -131.112 0. 0. 1. 0.
-0.950 0.313 0. 116.048 -0.313 -0.950 0. -131.111 0. 0. 1. 0.
-0.950 0.313 0. 116.048 -0.313 -0.950 0. -131.110 0. 0. 1. 0.
-0.950 0.313 0. 116.049 -0.313 -0.950 0. -131.110 0. 0. 1. 0.
-0.950 0.313 0. 116.049 -0.313 -0.950 0. -131.109 0. 0. 1. 0.
-0.950 0.313 0. 116.049 -0.313 -0.950 0. -131.109 0. 0. 1. 0.
-0.950 0.313 0. 116.049 -0.313 -0.950 0. -131.108 0. 0. 1. 0.
-0.950 0.313 0. 116.049 -0.313 -0.950 0. -131.108 0. 0. 1. 0.
-0.950 0.313 0. 116.049 -0.313 -0.950 0. -131.107 0. 0. 1. 0.
-0.950 0.313 0. 116.049 -0.313 -0.950 0. -131.107 0. 0. 1. 0.
-0.950 0.312 0. 116.050 -0.312 -0.950 0. -131.106 0. 0. 1. 0.
-0.950 0.312 0. 116.050 -0.312 -0.950 0. -131.105 0. 0. 1. 0.
-0.950 0.312 0. 116.050 -0.312 -0.950 0. -131.105 0. 0. 1. 0.
-0.950 0.312 0. 116.050 -0.312 -0.950 0. -131.104 0. 0. 1. 0.
-0.950 0.312 0. 116.051 -0.312 -0.950 0. -131.104 0. 0. 1. 0.
-0.950 0.312 0. 116.051 -0.312 -0.950 0. -131.103 0. 0. 1. 0.
-0.950 0.312 0. 116.051 -0.312 -0.950 0. -131.102 0. 0. 1. 0.
-0.950 0.312 0. 116.051 -0.312 -0.950 0. -131.102 0. 0. 1. 0.
-0.950 0.312 0. 116.052 -0.312 -0.950 0. -131.101 0. 0. 1. 0.
-0.950 0.312 0. 116.052 -0.312 -0.950 0. -131.101 0. 0. 1. 0.
-0.950 0.312 0. 116.052 -0.312 -0.950 0. -131.100 0. 0. 1. 0.
-0.950 0.311 0. 116.052 -0.311 -0.950 0. -131.100 0. 0. 1. 0.
-0.950 0.311 0. 116.052 -0.311 -0.950 0. -131.099 0. 0. 1. 0.
-0.950 0.311 0. 116.053 -0.311 -0.950 0. -131.098 0. 0. 1. 0.
-0.950 0.311 0. 116.053 -0.311 -0.950 0. -131.098 0. 0. 1. 0.
-0.950 0.311 0. 116.053 -0.311 -0.950 0. -131.097 0. 0. 1. 0.
-0.950 0.311 0. 116.053 -0.311 -0.950 0. -131.097 0. 0. 1. 0.
-0.950 0.311 0. 116.053 -0.311 -0.950 0. -131.096 0. 0. 1. 0.
-0.950 0.311 0. 116.054 -0.311 -0.950 0. -131.095 0. 0. 1. 0.
-0.950 0.311 0. 116.054 -0.311 -0.950 0. -131.095 0. 0. 1. 0.
-0.951 0.311 0. 116.054 -0.311 -0.951 0. -131.094 0. 0. 1. 0.
-0.951 0.311 0. 116.054 -0.311 -0.951 0. -131.094 0. 0. 1. 0.
-0.951 0.311 0. 116.054 -0.311 -0.951 0. -131.093 0. 0. 1. 0.
-0.951 0.310 0. 116.055 -0.310 -0.951 0. -131.093 0. 0. 1. 0.
-0.951 0.310 0. 116.055 -0.310 -0.951 0. -131.092 0. 0. 1. 0.
-0.951 0.310 0. 116.055 -0.310 -0.951 0. -131.092 0. 0. 1. 0.
-0.951 0.310 0. 116.055 -0.310 -0.951 0. -131.091 0. 0. 1. 0.
-0.951 0.310 0. 116.055 -0.310 -0.951 0. -131.091 0. 0. 1. 0.
-0.951 0.310 0. 116.055 -0.310 -0.951 0. -131.090 0. 0. 1. 0.
-0.951 0.310 0. 116.055 -0.310 -0.951 0. -131.089 0. 0. 1. 0.
-0.951 0.310 0. 116.055 -0.310 -0.951 0. -131.089 0. 0. 1. 0.
-0.951 0.310 0. 116.056 -0.310 -0.951 0. -131.088 0. 0. 1. 0.
-0.951 0.310 0. 116.056 -0.310 -0.951 0. -131.088 0. 0. 1. 0.
-0.951 0.310 0. 116.056 -0.310 -0.951 0. -131.087 0. 0. 1. 0.
-0.951 0.309 0. 116.056 -0.309 -0.951 0. -131.086 0. 0. 1. 0.
-0.951 0.309 0. 116.056 -0.309 -0.951 0. -131.086 0. 0. 1. 0.
-0.951 0.309 0. 116.057 -0.309 -0.951 0. -131.085 0. 0. 1. 0.
-0.951 0.309 0. 116.057 -0.309 -0.951 0. -131.085 0. 0. 1. 0.
-0.951 0.309 0. 116.057 -0.309 -0.951 0. -131.084 0. 0. 1. 0.
-0.951 0.309 0. 116.057 -0.309 -0.951 0. -131.084 0. 0. 1. 0.
-0.951 0.309 0. 116.058 -0.309 -0.951 0. -131.083 0. 0. 1. 0.
-0.951 0.309 0. 116.058 -0.309 -0.951 0. -131.082 0. 0. 1. 0.
-0.951 0.309 0. 116.058 -0.309 -0.951 0. -131.082 0. 0. 1. 0.
-0.951 0.309 0. 116.058 -0.309 -0.951 0. -131.081 0. 0. 1. 0.
-0.951 0.309 0. 116.059 -0.309 -0.951 0. -131.080 0. 0. 1. 0.
-0.951 0.308 0. 116.059 -0.308 -0.951 0. -131.080 0. 0. 1. 0.
-0.951 0.308 0. 116.059 -0.308 -0.951 0. -131.079 0. 0. 1. 0.
-0.951 0.308 0. 116.060 -0.308 -0.951 0. -131.079 0. 0. 1. 0.
-0.951 0.308 0. 116.060 -0.308 -0.951 0. -131.078 0. 0. 1. 0.
