1622750457382813 1.00000 0.00000 0.00000 -0.00000 0.00000 -1.00000 0.00000 0.00000 0.00000 -0.00000 -1.00000 0.00000
1622750457632817 1.00000 -0.00219 0.00000 -0.00685 -0.00219 -1.00000 0.00000 0.01457 -0.00000 -0.00000 -1.00000 0.00000
1622750457882824 1.00000 -0.00013 0.00000 0.00245 -0.00013 -1.00000 0.00000 -0.01412 -0.00000 -0.00000 -1.00000 -0.00000
1622750458132860 1.00000 0.00118 0.00000 -0.00346 0.00118 -1.00000 0.00000 0.00507 0.00000 -0.00000 -1.00000 0.00000
1622750458383455 1.00000 0.00068 0.00000 -0.04016 0.00068 -1.00000 0.00000 0.05606 0.00000 -0.00000 -1.00000 0.00000
1622750458633459 0.99998 -0.00553 0.00000 -0.01621 -0.00553 -0.99998 0.00000 0.02461 -0.00000 -0.00000 -1.00000 0.00000
1622750458882838 1.00000 0.00158 0.00000 0.00531 0.00158 -1.00000 0.00000 -0.02984 0.00000 -0.00000 -1.00000 -0.00000
1622750459132843 1.00000 -0.00242 0.00000 -0.01678 -0.00242 -1.00000 0.00000 0.05003 -0.00000 -0.00000 -1.00000 0.00000
1622750459382848 0.99999 -0.00494 0.00000 -0.05578 -0.00494 -0.99999 0.00000 0.05276 -0.00000 -0.00000 -1.00000 0.00000
1622750459632849 0.99999 -0.00354 -0.00000 -0.00187 -0.00354 -0.99999 0.00000 -0.01889 -0.00000 -0.00000 -1.00000 -0.00000
1622750459882855 1.00000 0.00110 0.00000 -0.00885 0.00110 -1.00000 0.00000 -0.01278 0.00000 -0.00000 -1.00000 -0.00000
1622750460133481 1.00000 -0.00070 -0.00000 -0.04884 -0.00070 -1.00000 0.00000 0.05101 -0.00000 -0.00000 -1.00000 0.00000
1622750460383486 0.99999 -0.00374 -0.00000 -0.01019 -0.00374 -0.99999 0.00000 0.00273 -0.00000 -0.00000 -1.00000 0.00000
1622750460633483 0.99998 -0.00589 0.00000 -0.01539 -0.00589 -0.99998 0.00000 0.01788 -0.00000 -0.00000 -1.00000 0.00000
1622750460883490 1.00000 -0.00138 0.00000 -0.00378 -0.00138 -1.00000 0.00000 -0.02010 -0.00000 -0.00000 -1.00000 -0.00000
1622750461133505 1.00000 -0.00241 -0.00000 -0.06679 -0.00241 -1.00000 0.00000 0.05229 -0.00000 -0.00000 -1.00000 0.00000
1622750461382872 0.99999 -0.00458 0.00000 -0.15836 -0.00458 -0.99999 0.00000 -0.01430 -0.00000 -0.00000 -1.00000 -0.00000
1622750461632877 0.99986 -0.01680 0.00000 -0.20618 -0.01680 -0.99986 0.00000 0.01085 -0.00000 -0.00000 -1.00000 0.00000
1622750461882885 0.99943 -0.03384 -0.00000 -0.29887 -0.03384 -0.99943 0.00000 0.01521 -0.00000 -0.00000 -1.00000 0.00000
1622750462132886 0.99853 -0.05425 0.00000 -0.46649 -0.05425 -0.99853 0.00000 -0.00158 -0.00000 -0.00000 -1.00000 -0.00000
1622750462382885 0.99702 -0.07713 0.00000 -0.68288 -0.07713 -0.99702 0.00000 -0.06603 -0.00000 -0.00000 -1.00000 -0.00000
1622750462632891 0.99483 -0.10155 -0.00000 -1.04119 -0.10155 -0.99483 0.00000 -0.02539 -0.00000 -0.00000 -1.00000 -0.00000
1622750462882899 0.99083 -0.13512 0.00000 -1.48237 -0.13512 -0.99083 0.00000 -0.00253 -0.00000 -0.00000 -1.00000 -0.00000
1622750463133527 0.98435 -0.17621 -0.00000 -2.01122 -0.17621 -0.98435 0.00000 0.04780 -0.00000 -0.00000 -1.00000 0.00000
1622750463383527 0.98098 -0.19413 0.00000 -2.60301 -0.19413 -0.98098 0.00000 -0.00943 -0.00000 -0.00000 -1.00000 -0.00000
1622750463633531 0.98014 -0.19830 0.00000 -3.25984 -0.19830 -0.98014 0.00000 -0.01623 -0.00000 -0.00000 -1.00000 -0.00000
1622750463883534 0.97925 -0.20263 0.00000 -4.07736 -0.20263 -0.97925 0.00000 -0.04837 -0.00000 -0.00000 -1.00000 -0.00000
1622750464133543 0.97918 -0.20301 0.00000 -4.94885 -0.20301 -0.97918 0.00000 0.06083 -0.00000 -0.00000 -1.00000 0.00000
1622750464382920 0.98155 -0.19120 -0.00000 -5.88238 -0.19120 -0.98155 0.00000 -0.10925 -0.00000 -0.00000 -1.00000 -0.00000
1622750464632925 0.98322 -0.18241 0.00000 -6.87118 -0.18241 -0.98322 0.00000 -0.05659 -0.00000 -0.00000 -1.00000 -0.00000
1622750464882924 0.98271 -0.18513 0.00000 -7.91925 -0.18513 -0.98271 0.00000 -0.00943 -0.00000 -0.00000 -1.00000 -0.00000
1622750465132929 0.98400 -0.17818 0.00000 -8.95127 -0.17818 -0.98400 0.00000 -0.13363 -0.00000 -0.00000 -1.00000 -0.00000
1622750465382936 0.98580 -0.16792 0.00000 -10.10504 -0.16792 -0.98580 0.00000 -0.24730 -0.00000 -0.00000 -1.00000 -0.00000
1622750465632941 0.98835 -0.15223 0.00000 -11.25815 -0.15223 -0.98835 0.00000 -0.43794 -0.00000 -0.00000 -1.00000 -0.00000
1622750465882941 0.99051 -0.13741 0.00000 -12.45738 -0.13741 -0.99051 0.00000 -0.58769 -0.00000 -0.00000 -1.00000 -0.00000
1622750466133579 0.99094 -0.13428 0.00000 -13.69215 -0.13428 -0.99094 0.00000 -0.63229 -0.00000 -0.00000 -1.00000 -0.00000
1622750466383578 0.99193 -0.12675 0.00000 -15.01811 -0.12675 -0.99193 0.00000 -0.77794 -0.00000 -0.00000 -1.00000 -0.00000
1622750466632955 0.99441 -0.10560 0.00000 -16.38133 -0.10560 -0.99441 0.00000 -1.14568 -0.00000 -0.00000 -1.00000 -0.00000
1622750466883583 0.99614 -0.08773 0.00000 -17.72349 -0.08773 -0.99614 0.00000 -1.33023 -0.00000 -0.00000 -1.00000 -0.00000
1622750467134212 0.99744 -0.07154 -0.00000 -19.05540 -0.07154 -0.99744 0.00000 -1.62237 -0.00000 -0.00000 -1.00000 -0.00000
1622750467383594 0.99803 -0.06267 0.00000 -20.57969 -0.06267 -0.99803 0.00000 -1.91998 -0.00000 -0.00000 -1.00000 -0.00000
1622750467633593 0.99725 -0.07409 0.00000 -22.21843 -0.07409 -0.99725 0.00000 -1.71706 -0.00000 -0.00000 -1.00000 -0.00000
1622750467882975 0.99731 -0.07325 0.00000 -23.81729 -0.07325 -0.99731 0.00000 -1.82976 -0.00000 -0.00000 -1.00000 -0.00000
1622750468132982 0.99686 -0.07916 0.00000 -25.48013 -0.07916 -0.99686 0.00000 -1.65635 -0.00000 -0.00000 -1.00000 -0.00000
1622750468382359 0.99710 -0.07610 0.00000 -27.07633 -0.07610 -0.99710 0.00000 -1.87889 -0.00000 -0.00000 -1.00000 -0.00000
1622750468632361 0.99699 -0.07756 0.00000 -28.79184 -0.07756 -0.99699 0.00000 -1.89431 -0.00000 -0.00000 -1.00000 -0.00000
1622750468882989 0.99645 -0.08419 -0.00000 -30.36615 -0.08419 -0.99645 0.00000 -1.66373 -0.00000 -0.00000 -1.00000 -0.00000
1622750469133002 0.99667 -0.08151 0.00000 -31.98857 -0.08151 -0.99667 0.00000 -1.78087 -0.00000 -0.00000 -1.00000 -0.00000
1622750469382373 0.99617 -0.08746 -0.00000 -33.75365 -0.08746 -0.99617 0.00000 -1.68376 -0.00000 -0.00000 -1.00000 -0.00000
1622750469632380 0.99489 -0.10096 -0.00000 -35.25671 -0.10096 -0.99489 0.00000 -1.17800 -0.00000 -0.00000 -1.00000 -0.00000
1622750469882380 0.99579 -0.09163 0.00000 -36.90655 -0.09163 -0.99579 0.00000 -1.60070 -0.00000 -0.00000 -1.00000 -0.00000
1622750470131756 0.99716 -0.07526 0.00000 -38.52316 -0.07526 -0.99716 0.00000 -2.34511 -0.00000 -0.00000 -1.00000 -0.00000
1622750470383016 0.99883 -0.04844 0.00000 -40.07645 -0.04844 -0.99883 0.00000 -3.33180 -0.00000 -0.00000 -1.00000 -0.00000
1622750470633642 0.99965 -0.02643 -0.00000 -41.62943 -0.02643 -0.99965 0.00000 -4.11728 -0.00000 -0.00000 -1.00000 -0.00000
1622750470883021 1.00000 0.00081 0.00000 -43.15998 0.00081 -1.00000 0.00000 -5.29570 0.00000 -0.00000 -1.00000 -0.00000
1622750471133023 0.99991 0.01350 0.00000 -44.87767 0.01350 -0.99991 0.00000 -5.95389 0.00000 -0.00000 -1.00000 -0.00000
1622750471383649 0.99984 0.01789 0.00000 -46.47775 0.01789 -0.99984 0.00000 -6.01260 0.00000 -0.00000 -1.00000 -0.00000
1622750471633656 0.99970 0.02429 0.00000 -48.22062 0.02429 -0.99970 0.00000 -6.49984 0.00000 -0.00000 -1.00000 -0.00000
1622750471883657 0.99963 0.02731 0.00000 -49.86193 0.02731 -0.99963 0.00000 -6.58670 0.00000 -0.00000 -1.00000 -0.00000
1622750472133038 0.99952 0.03109 0.00000 -51.60824 0.03109 -0.99952 0.00000 -6.81657 0.00000 -0.00000 -1.00000 -0.00000
1622750472383044 0.99943 0.03379 0.00000 -53.45745 0.03379 -0.99943 0.00000 -7.06102 0.00000 -0.00000 -1.00000 -0.00000
1622750472632424 0.99934 0.03638 0.00000 -55.16732 0.03638 -0.99934 0.00000 -7.27194 0.00000 -0.00000 -1.00000 -0.00000
1622750472882430 0.99918 0.04051 0.00000 -57.00172 0.04051 -0.99918 0.00000 -7.50238 0.00000 -0.00000 -1.00000 -0.00000
1622750473133055 0.99951 0.03144 0.00000 -59.03716 0.03144 -0.99951 0.00000 -6.91131 0.00000 -0.00000 -1.00000 -0.00000
1622750473383059 0.99942 0.03403 0.00000 -60.87823 0.03403 -0.99942 0.00000 -7.21067 0.00000 -0.00000 -1.00000 -0.00000
1622750473633063 0.99939 0.03500 0.00000 -62.81873 0.03500 -0.99939 0.00000 -7.20218 0.00000 -0.00000 -1.00000 -0.00000
1622750473883066 0.99946 0.03287 0.00000 -64.80552 0.03287 -0.99946 0.00000 -7.06443 0.00000 -0.00000 -1.00000 -0.00000
1622750474133074 0.99934 0.03620 -0.00000 -66.72617 0.03620 -0.99934 0.00000 -7.28612 0.00000 -0.00000 -1.00000 -0.00000
1622750474383074 0.99918 0.04047 0.00000 -68.65042 0.04047 -0.99918 0.00000 -7.53075 0.00000 -0.00000 -1.00000 -0.00000
1622750474633074 0.99939 0.03485 0.00000 -70.70871 0.03485 -0.99939 0.00000 -7.19334 0.00000 -0.00000 -1.00000 -0.00000
1622750474883083 0.99949 0.03194 0.00000 -72.66848 0.03194 -0.99949 0.00000 -7.09279 0.00000 -0.00000 -1.00000 -0.00000
1622750475133085 0.99965 0.02630 0.00000 -74.68450 0.02630 -0.99965 0.00000 -6.65113 0.00000 -0.00000 -1.00000 -0.00000
1622750475383713 0.99980 0.02001 -0.00000 -76.74779 0.02001 -0.99980 0.00000 -6.12305 0.00000 -0.00000 -1.00000 -0.00000
1622750475633719 0.99998 0.00704 0.00000 -78.84711 0.00704 -0.99998 0.00000 -5.19525 0.00000 -0.00000 -1.00000 -0.00000
1622750475883097 1.00000 -0.00172 0.00000 -80.79268 -0.00172 -1.00000 0.00000 -4.46439 -0.00000 -0.00000 -1.00000 -0.00000
1622750476133740 0.99951 -0.03140 0.00000 -82.92760 -0.03140 -0.99951 0.00000 -2.03749 -0.00000 -0.00000 -1.00000 -0.00000
1622750476383102 0.99776 -0.06684 0.00000 -84.82986 -0.06684 -0.99776 0.00000 0.89557 -0.00000 -0.00000 -1.00000 0.00000
1622750476632482 0.99298 -0.11827 -0.00000 -86.54354 -0.11827 -0.99298 0.00000 5.28265 -0.00000 -0.00000 -1.00000 0.00000
1622750476882488 0.98544 -0.17001 -0.00000 -88.05311 -0.17001 -0.98544 0.00000 9.78274 -0.00000 -0.00000 -1.00000 0.00000
1622750477132500 0.97404 -0.22636 0.00000 -89.24586 -0.22636 -0.97404 0.00000 14.83056 -0.00000 -0.00000 -1.00000 0.00000
1622750477382497 0.95949 -0.28173 0.00000 -90.11390 -0.28173 -0.95949 0.00000 19.90468 -0.00000 -0.00000 -1.00000 0.00000
1622750477632497 0.94289 -0.33310 0.00000 -90.81571 -0.33310 -0.94289 0.00000 24.66995 -0.00000 -0.00000 -1.00000 0.00000
1622750477882502 0.92196 -0.38728 0.00000 -91.12903 -0.38728 -0.92196 0.00000 29.93008 -0.00000 -0.00000 -1.00000 0.00000
1622750478131886 0.90204 -0.43165 -0.00000 -91.50702 -0.43165 -0.90204 0.00000 34.28766 -0.00000 -0.00000 -1.00000 0.00000
1622750478381889 0.87345 -0.48691 0.00000 -91.12942 -0.48691 -0.87345 0.00000 40.04273 -0.00000 -0.00000 -1.00000 0.00000
1622750478631889 0.83780 -0.54598 0.00000 -89.94325 -0.54598 -0.83780 0.00000 46.16358 -0.00000 -0.00000 -1.00000 0.00000
1622750478881896 0.80050 -0.59934 0.00000 -88.69109 -0.59934 -0.80050 0.00000 51.87926 -0.00000 -0.00000 -1.00000 0.00000
1622750479131896 0.76247 -0.64702 0.00000 -87.14444 -0.64702 -0.76247 0.00000 57.16186 -0.00000 -0.00000 -1.00000 0.00000
1622750479382529 0.70748 -0.70673 0.00000 -84.13257 -0.70673 -0.70748 0.00000 64.19597 -0.00000 -0.00000 -1.00000 0.00000
1622750479632531 0.65080 -0.75925 0.00000 -80.78360 -0.75925 -0.65080 0.00000 70.37294 -0.00000 -0.00000 -1.00000 0.00000
1622750479882535 0.59355 -0.80480 -0.00000 -77.27417 -0.80480 -0.59355 0.00000 76.07648 -0.00000 -0.00000 -1.00000 0.00000
1622750480132539 0.53322 -0.84598 0.00000 -73.41785 -0.84598 -0.53322 0.00000 81.64666 -0.00000 -0.00000 -1.00000 0.00000
1622750480382544 0.47093 -0.88217 0.00000 -69.09172 -0.88217 -0.47093 0.00000 86.55740 -0.00000 -0.00000 -1.00000 0.00000
1622750480631920 0.42635 -0.90456 0.00000 -66.54635 -0.90456 -0.42635 0.00000 89.71644 -0.00000 -0.00000 -1.00000 0.00000
1622750480881922 0.39203 -0.91995 0.00000 -64.99349 -0.91995 -0.39203 0.00000 92.19828 -0.00000 -0.00000 -1.00000 0.00000
1622750481131939 0.36230 -0.93206 0.00000 -63.92975 -0.93206 -0.36230 0.00000 94.24739 -0.00000 -0.00000 -1.00000 0.00000
1622750481381933 0.34270 -0.93945 0.00000 -63.90263 -0.93945 -0.34270 0.00000 95.21838 -0.00000 -0.00000 -1.00000 0.00000
1622750481631936 0.33918 -0.94072 -0.00000 -65.57194 -0.94072 -0.33918 0.00000 95.59789 -0.00000 -0.00000 -1.00000 0.00000
1622750481881939 0.33580 -0.94193 -0.00000 -67.17480 -0.94193 -0.33580 0.00000 95.86353 -0.00000 -0.00000 -1.00000 0.00000
1622750482132570 0.33126 -0.94354 0.00000 -68.82275 -0.94354 -0.33126 0.00000 96.28456 -0.00000 -0.00000 -1.00000 0.00000
1622750482381947 0.33757 -0.94130 0.00000 -71.43388 -0.94130 -0.33757 0.00000 95.59794 -0.00000 -0.00000 -1.00000 0.00000
1622750482632579 0.34131 -0.93995 0.00000 -73.99635 -0.93995 -0.34131 0.00000 95.50065 -0.00000 -0.00000 -1.00000 0.00000
1622750482882575 0.35517 -0.93480 0.00000 -77.39605 -0.93480 -0.35517 0.00000 94.32821 -0.00000 -0.00000 -1.00000 0.00000
1622750483132584 0.37747 -0.92602 0.00000 -81.70208 -0.92602 -0.37747 0.00000 92.41568 -0.00000 -0.00000 -1.00000 0.00000
1622750483382584 0.40762 -0.91315 -0.00000 -86.71618 -0.91315 -0.40762 0.00000 89.65484 -0.00000 -0.00000 -1.00000 0.00000
1622750483632591 0.44307 -0.89649 -0.00000 -92.22886 -0.89649 -0.44307 0.00000 86.00605 -0.00000 -0.00000 -1.00000 0.00000
1622750483883220 0.46317 -0.88627 0.00000 -96.19815 -0.88627 -0.46317 0.00000 84.08070 -0.00000 -0.00000 -1.00000 0.00000
1622750484132597 0.48990 -0.87178 0.00000 -100.64749 -0.87178 -0.48990 0.00000 80.99507 -0.00000 -0.00000 -1.00000 0.00000
1622750484382600 0.50860 -0.86100 0.00000 -104.35773 -0.86100 -0.50860 0.00000 78.70842 -0.00000 -0.00000 -1.00000 0.00000
1622750484633233 0.51458 -0.85744 0.00000 -106.87575 -0.85744 -0.51458 0.00000 78.06612 -0.00000 -0.00000 -1.00000 0.00000
1622750484883236 0.52691 -0.84992 -0.00000 -109.92028 -0.84992 -0.52691 0.00000 76.40817 -0.00000 -0.00000 -1.00000 0.00000
1622750485133255 0.52856 -0.84890 -0.00000 -111.98636 -0.84890 -0.52856 0.00000 76.21780 -0.00000 -0.00000 -1.00000 0.00000
1622750485383244 0.52850 -0.84893 0.00000 -113.85137 -0.84893 -0.52850 0.00000 76.18881 -0.00000 -0.00000 -1.00000 0.00000
1622750485633245 0.52440 -0.85147 0.00000 -115.38315 -0.85147 -0.52440 0.00000 76.75196 -0.00000 -0.00000 -1.00000 0.00000
1622750485883248 0.52516 -0.85100 0.00000 -117.20997 -0.85100 -0.52516 0.00000 76.55264 -0.00000 -0.00000 -1.00000 0.00000
1622750486133291 0.52468 -0.85130 0.00000 -119.01124 -0.85130 -0.52468 0.00000 76.58127 -0.00000 -0.00000 -1.00000 0.00000
1622750486383254 0.52319 -0.85222 0.00000 -120.77994 -0.85222 -0.52319 0.00000 76.79105 -0.00000 -0.00000 -1.00000 0.00000
1622750486633260 0.52186 -0.85303 0.00000 -122.31901 -0.85303 -0.52186 0.00000 76.97858 -0.00000 -0.00000 -1.00000 0.00000
1622750486883265 0.52462 -0.85134 0.00000 -124.45071 -0.85134 -0.52462 0.00000 76.44378 -0.00000 -0.00000 -1.00000 0.00000
1622750487133899 0.52475 -0.85126 0.00000 -126.15911 -0.85126 -0.52475 0.00000 76.53922 -0.00000 -0.00000 -1.00000 0.00000
1622750487383272 0.54363 -0.83932 0.00000 -129.40134 -0.83932 -0.54363 0.00000 73.59487 -0.00000 -0.00000 -1.00000 0.00000
1622750487633279 0.56258 -0.82675 0.00000 -132.74694 -0.82675 -0.56258 0.00000 70.63716 -0.00000 -0.00000 -1.00000 0.00000
1622750487883279 0.59205 -0.80590 0.00000 -136.81110 -0.80590 -0.59205 0.00000 65.80489 -0.00000 -0.00000 -1.00000 0.00000
1622750488133296 0.63402 -0.77332 0.00000 -141.67925 -0.77332 -0.63402 0.00000 58.45860 -0.00000 -0.00000 -1.00000 0.00000
1622750488383285 0.68067 -0.73259 0.00000 -146.54789 -0.73259 -0.68067 0.00000 49.48125 -0.00000 -0.00000 -1.00000 0.00000
1622750488633295 0.72902 -0.68449 0.00000 -150.97142 -0.68449 -0.72902 0.00000 39.38377 -0.00000 -0.00000 -1.00000 0.00000
1622750488883297 0.78088 -0.62468 0.00000 -154.96205 -0.62468 -0.78088 0.00000 27.23308 -0.00000 -0.00000 -1.00000 0.00000
1622750489133301 0.83110 -0.55612 0.00000 -158.06134 -0.55612 -0.83110 0.00000 13.84775 -0.00000 -0.00000 -1.00000 0.00000
1622750489383306 0.88155 -0.47210 0.00000 -159.78568 -0.47210 -0.88155 0.00000 -1.60065 -0.00000 -0.00000 -1.00000 -0.00000
1622750489633934 0.92516 -0.37957 -0.00000 -159.86926 -0.37957 -0.92516 0.00000 -17.90930 -0.00000 -0.00000 -1.00000 -0.00000
1622750489883939 0.96197 -0.27317 0.00000 -157.89532 -0.27317 -0.96197 0.00000 -35.67871 -0.00000 -0.00000 -1.00000 -0.00000
1622750490133322 0.98823 -0.15300 0.00000 -153.19746 -0.15300 -0.98823 0.00000 -54.90239 -0.00000 -0.00000 -1.00000 -0.00000
1622750490383322 0.99990 -0.01432 -0.00000 -144.99895 -0.01432 -0.99990 0.00000 -75.68380 -0.00000 -0.00000 -1.00000 -0.00000
1622750490633322 0.99252 0.12212 0.00000 -134.23706 0.12212 -0.99252 0.00000 -94.57095 0.00000 -0.00000 -1.00000 -0.00000
1622750490883325 0.95967 0.28113 0.00000 -117.95025 0.28113 -0.95967 0.00000 -115.14704 0.00000 -0.00000 -1.00000 -0.00000
1622750491133332 0.90103 0.43376 0.00000 -98.62662 0.43376 -0.90103 0.00000 -132.73675 0.00000 -0.00000 -1.00000 -0.00000
1622750491383337 0.82328 0.56764 0.00000 -77.77962 0.56764 -0.82328 0.00000 -146.31957 0.00000 -0.00000 -1.00000 -0.00000
1622750491633965 0.71070 0.70350 -0.00000 -51.67508 0.70350 -0.71070 0.00000 -157.65177 0.00000 -0.00000 -1.00000 -0.00000
1622750491883344 0.57320 0.81941 0.00000 -23.43112 0.81941 -0.57320 0.00000 -164.34577 0.00000 -0.00000 -1.00000 -0.00000
1622750492133976 0.41769 0.90859 0.00000 5.37240 0.90859 -0.41769 0.00000 -165.92035 0.00000 -0.00000 -1.00000 -0.00000
1622750492383975 0.24155 0.97039 -0.00000 35.30004 0.97039 -0.24155 0.00000 -161.88302 0.00000 -0.00000 -1.00000 -0.00000
1622750492633977 0.04457 0.99901 -0.00000 65.78384 0.99901 -0.04457 0.00000 -151.73314 0.00000 -0.00000 -1.00000 -0.00000
1622750492883987 -0.15378 0.98811 0.00000 93.39780 0.98811 0.15378 0.00000 -135.73290 0.00000 0.00000 -1.00000 -0.00000
1622750493133996 -0.33655 0.94167 0.00000 116.24271 0.94167 0.33655 0.00000 -115.76134 0.00000 0.00000 -1.00000 -0.00000
1622750493383991 -0.49509 0.86884 0.00000 133.50589 0.86884 0.49509 0.00000 -93.75001 0.00000 0.00000 -1.00000 -0.00000
1622750493633991 -0.61969 0.78485 0.00000 144.87453 0.78485 0.61969 0.00000 -72.68277 0.00000 0.00000 -1.00000 -0.00000
1622750493883997 -0.71429 0.69985 0.00000 151.82303 0.69985 0.71429 0.00000 -53.57966 0.00000 0.00000 -1.00000 -0.00000
1622750494133379 -0.77547 0.63138 0.00000 154.91328 0.63138 0.77547 0.00000 -39.46190 0.00000 0.00000 -1.00000 -0.00000
1622750494383384 -0.81766 0.57570 -0.00000 156.04495 0.57570 0.81766 0.00000 -28.47771 0.00000 0.00000 -1.00000 -0.00000
1622750494633385 -0.84468 0.53527 0.00000 156.09312 0.53527 0.84468 0.00000 -20.83584 0.00000 0.00000 -1.00000 -0.00000
1622750494883394 -0.86775 0.49701 -0.00000 155.56458 0.49701 0.86775 0.00000 -13.77953 0.00000 0.00000 -1.00000 -0.00000
1622750495133395 -0.87929 0.47628 -0.00000 154.26379 0.47628 0.87929 0.00000 -10.17492 0.00000 0.00000 -1.00000 -0.00000
1622750495383399 -0.88559 0.46447 0.00000 153.00173 0.46447 0.88559 0.00000 -8.15901 0.00000 0.00000 -1.00000 -0.00000
1622750495634027 -0.88532 0.46498 -0.00000 151.46240 0.46498 0.88532 0.00000 -8.09280 0.00000 0.00000 -1.00000 -0.00000
1622750495884654 -0.87969 0.47554 0.00000 149.80526 0.47554 0.87969 0.00000 -9.86785 0.00000 0.00000 -1.00000 -0.00000
1622750496134660 -0.86589 0.50024 0.00000 147.81423 0.50024 0.86589 0.00000 -14.19038 0.00000 0.00000 -1.00000 -0.00000
1622750496384661 -0.84073 0.54145 -0.00000 145.34939 0.54145 0.84073 0.00000 -21.26679 0.00000 0.00000 -1.00000 -0.00000
1622750496634041 -0.81724 0.57630 0.00000 142.62398 0.57630 0.81724 0.00000 -27.45818 0.00000 0.00000 -1.00000 -0.00000
1622750496883423 -0.78849 0.61504 0.00000 139.35298 0.61504 0.78849 0.00000 -34.25580 0.00000 0.00000 -1.00000 -0.00000
1622750497132800 -0.75545 0.65521 0.00000 135.57103 0.65521 0.75545 0.00000 -41.51395 0.00000 0.00000 -1.00000 -0.00000
1622750497382179 -0.73053 0.68288 0.00000 132.20547 0.68288 0.73053 0.00000 -46.59710 0.00000 0.00000 -1.00000 -0.00000
1622750497632179 -0.69692 0.71715 0.00000 127.95672 0.71715 0.69692 0.00000 -52.88810 0.00000 0.00000 -1.00000 -0.00000
1622750497882186 -0.66570 0.74622 0.00000 123.77708 0.74622 0.66570 0.00000 -58.26807 0.00000 0.00000 -1.00000 -0.00000
1622750498132194 -0.63317 0.77401 0.00000 119.22387 0.77401 0.63317 0.00000 -63.57574 0.00000 0.00000 -1.00000 -0.00000
1622750498382194 -0.59990 0.80007 0.00000 114.52267 0.80007 0.59990 0.00000 -68.61823 0.00000 0.00000 -1.00000 -0.00000
1622750498632210 -0.57599 0.81746 0.00000 110.49975 0.81746 0.57599 0.00000 -72.05625 0.00000 0.00000 -1.00000 -0.00000
1622750498882827 -0.54603 0.83777 0.00000 105.85916 0.83777 0.54603 0.00000 -75.99766 0.00000 0.00000 -1.00000 -0.00000
1622750499132827 -0.51950 0.85447 0.00000 101.45395 0.85447 0.51950 0.00000 -79.31838 0.00000 0.00000 -1.00000 -0.00000
1622750499383459 -0.48454 0.87477 0.00000 96.09910 0.87477 0.48454 0.00000 -83.25074 0.00000 0.00000 -1.00000 -0.00000
1622750499633461 -0.45229 0.89187 0.00000 91.03752 0.89187 0.45229 0.00000 -86.83174 0.00000 0.00000 -1.00000 -0.00000
1622750499883467 -0.41870 0.90813 0.00000 85.63325 0.90813 0.41870 0.00000 -90.08436 0.00000 0.00000 -1.00000 -0.00000
1622750500133475 -0.39517 0.91861 -0.00000 81.26669 0.91861 0.39517 0.00000 -92.42314 0.00000 0.00000 -1.00000 -0.00000
1622750500384098 -0.37066 0.92877 0.00000 76.77778 0.92877 0.37066 0.00000 -94.44842 0.00000 0.00000 -1.00000 -0.00000
1622750500634102 -0.35164 0.93613 0.00000 72.88047 0.93613 0.35164 0.00000 -96.02820 0.00000 0.00000 -1.00000 -0.00000
1622750500883481 -0.34793 0.93752 0.00000 70.45842 0.93752 0.34793 0.00000 -96.24343 0.00000 0.00000 -1.00000 -0.00000
1622750501133498 -0.33891 0.94082 0.00000 67.60806 0.94082 0.33891 0.00000 -97.23496 0.00000 0.00000 -1.00000 -0.00000
1622750501384111 -0.34418 0.93890 0.00000 66.15227 0.93890 0.34418 0.00000 -96.72798 0.00000 0.00000 -1.00000 -0.00000
1622750501634119 -0.36036 0.93281 -0.00000 65.81473 0.93281 0.36036 0.00000 -95.60965 0.00000 0.00000 -1.00000 -0.00000
1622750501884123 -0.39258 0.91972 0.00000 67.11222 0.91972 0.39258 0.00000 -93.16164 0.00000 0.00000 -1.00000 -0.00000
1622750502134126 -0.42638 0.90454 0.00000 68.54363 0.90454 0.42638 0.00000 -90.75156 0.00000 0.00000 -1.00000 -0.00000
1622750502384139 -0.46687 0.88432 0.00000 70.62580 0.88432 0.46687 0.00000 -87.75060 0.00000 0.00000 -1.00000 -0.00000
1622750502634133 -0.50143 0.86520 0.00000 72.13924 0.86520 0.50143 0.00000 -84.90959 0.00000 0.00000 -1.00000 -0.00000
1622750502884135 -0.54401 0.83908 0.00000 74.37698 0.83908 0.54401 0.00000 -81.22332 0.00000 0.00000 -1.00000 -0.00000
1622750503134140 -0.58862 0.80841 -0.00000 76.80571 0.80841 0.58862 0.00000 -77.13479 0.00000 0.00000 -1.00000 -0.00000
1622750503383522 -0.63518 0.77236 0.00000 79.39358 0.77236 0.63518 0.00000 -72.57580 0.00000 0.00000 -1.00000 -0.00000
1622750503633524 -0.68659 0.72705 0.00000 82.21456 0.72705 0.68659 0.00000 -66.85176 0.00000 0.00000 -1.00000 -0.00000
1622750503883528 -0.73346 0.67973 0.00000 84.62659 0.67973 0.73346 0.00000 -61.30762 0.00000 0.00000 -1.00000 -0.00000
1622750504132909 -0.78087 0.62470 0.00000 87.04695 0.62470 0.78087 0.00000 -55.06757 0.00000 0.00000 -1.00000 -0.00000
1622750504382908 -0.82196 0.56954 0.00000 88.71721 0.56954 0.82196 0.00000 -49.10010 0.00000 0.00000 -1.00000 -0.00000
1622750504632913 -0.85722 0.51494 -0.00000 89.90148 0.51494 0.85722 0.00000 -43.19702 0.00000 0.00000 -1.00000 -0.00000
1622750504882915 -0.88911 0.45769 0.00000 90.76634 0.45769 0.88911 0.00000 -37.20578 0.00000 0.00000 -1.00000 -0.00000
1622750505133172 -0.91734 0.39811 0.00000 91.16459 0.39811 0.91734 0.00000 -31.23780 0.00000 0.00000 -1.00000 -0.00000
1622750505382925 -0.93935 0.34297 0.00000 90.97529 0.34297 0.93935 0.00000 -25.79151 0.00000 0.00000 -1.00000 -0.00000
1622750505633553 -0.95865 0.28460 0.00000 90.54971 0.28460 0.95865 0.00000 -20.12028 0.00000 0.00000 -1.00000 -0.00000
1622750505883558 -0.97357 0.22837 0.00000 89.76602 0.22837 0.97357 0.00000 -14.96230 0.00000 0.00000 -1.00000 -0.00000
1622750506133569 -0.98334 0.18178 0.00000 88.42052 0.18178 0.98334 0.00000 -10.68131 0.00000 0.00000 -1.00000 -0.00000
1622750506383565 -0.99007 0.14056 0.00000 86.91778 0.14056 0.99007 0.00000 -7.01234 0.00000 0.00000 -1.00000 -0.00000
1622750506633567 -0.99454 0.10438 0.00000 85.05489 0.10438 0.99454 0.00000 -3.83771 0.00000 0.00000 -1.00000 -0.00000
1622750506883573 -0.99809 0.06171 0.00000 83.26322 0.06171 0.99809 0.00000 -0.25400 0.00000 0.00000 -1.00000 -0.00000
1622750507133579 -0.99907 0.04322 0.00000 81.11889 0.04322 0.99907 0.00000 1.23335 0.00000 0.00000 -1.00000 0.00000
1622750507383580 -0.99984 0.01792 0.00000 79.05866 0.01792 0.99984 0.00000 3.27192 0.00000 0.00000 -1.00000 0.00000
1622750507634208 -0.99981 0.01952 0.00000 76.93108 0.01952 0.99981 0.00000 3.21699 0.00000 0.00000 -1.00000 0.00000
1622750507884212 -0.99999 0.00371 -0.00000 74.87288 0.00371 0.99999 0.00000 4.39337 0.00000 0.00000 -1.00000 0.00000
1622750508134219 -0.99996 0.00854 0.00000 72.74834 0.00854 0.99996 0.00000 3.96100 0.00000 0.00000 -1.00000 0.00000
1622750508384217 -0.99996 0.00838 0.00000 70.57571 0.00838 0.99996 0.00000 3.94024 0.00000 0.00000 -1.00000 0.00000
1622750508633600 -0.99997 0.00768 0.00000 68.42186 0.00768 0.99997 0.00000 3.94624 0.00000 0.00000 -1.00000 0.00000
1622750508883600 -0.99996 0.00890 0.00000 66.36514 0.00890 0.99996 0.00000 3.93855 0.00000 0.00000 -1.00000 0.00000
1622750509132992 -0.99999 0.00493 0.00000 64.26303 0.00493 0.99999 0.00000 4.09376 0.00000 0.00000 -1.00000 0.00000
1622750509382987 -0.99994 0.01112 0.00000 62.15689 0.01112 0.99994 0.00000 3.62423 0.00000 0.00000 -1.00000 0.00000
1622750509632991 -0.99980 0.02003 0.00000 60.22230 0.02003 0.99980 0.00000 2.98552 0.00000 0.00000 -1.00000 0.00000
1622750509882996 -0.99981 0.01971 -0.00000 58.12711 0.01971 0.99981 0.00000 3.03656 0.00000 0.00000 -1.00000 0.00000
1622750510133002 -0.99989 0.01483 0.00000 56.08387 0.01483 0.99989 0.00000 3.23797 0.00000 0.00000 -1.00000 0.00000
1622750510382999 -0.99999 0.00525 0.00000 54.05854 0.00525 0.99999 0.00000 3.75750 0.00000 0.00000 -1.00000 0.00000
1622750510633629 -1.00000 0.00131 0.00000 52.02514 0.00131 1.00000 0.00000 3.91468 0.00000 0.00000 -1.00000 0.00000
1622750510883007 -0.99987 -0.01604 0.00000 49.94557 -0.01604 0.99987 0.00000 4.71154 -0.00000 0.00000 -1.00000 0.00000
1622750511133013 -0.99937 -0.03546 0.00000 47.91247 -0.03546 0.99937 0.00000 5.78553 -0.00000 0.00000 -1.00000 0.00000
1622750511383642 -0.99875 -0.04992 0.00000 45.83161 -0.04992 0.99875 0.00000 6.45056 -0.00000 0.00000 -1.00000 0.00000
1622750511633646 -0.99835 -0.05742 0.00000 43.88819 -0.05742 0.99835 0.00000 6.78110 -0.00000 0.00000 -1.00000 0.00000
1622750511883649 -0.99799 -0.06342 -0.00000 41.84044 -0.06342 0.99799 0.00000 7.03567 -0.00000 0.00000 -1.00000 0.00000
1622750512133655 -0.99814 -0.06103 -0.00000 39.92261 -0.06103 0.99814 0.00000 6.95768 -0.00000 0.00000 -1.00000 0.00000
1622750512384279 -0.99957 -0.02921 -0.00000 38.23751 -0.02921 0.99957 0.00000 5.71483 -0.00000 0.00000 -1.00000 0.00000
1622750512633660 -1.00000 -0.00060 0.00000 36.57519 -0.00060 1.00000 0.00000 4.58978 -0.00000 0.00000 -1.00000 0.00000
1622750512883661 -0.99974 0.02300 0.00000 34.78527 0.02300 0.99974 0.00000 3.58360 0.00000 0.00000 -1.00000 0.00000
1622750513133672 -0.99907 0.04316 0.00000 33.02432 0.04316 0.99907 0.00000 2.90787 0.00000 0.00000 -1.00000 0.00000
1622750513383670 -0.99824 0.05931 -0.00000 31.24186 0.05931 0.99824 0.00000 2.35709 0.00000 0.00000 -1.00000 0.00000
1622750513633675 -0.99744 0.07150 0.00000 29.38426 0.07150 0.99744 0.00000 1.98998 0.00000 0.00000 -1.00000 0.00000
1622750513883054 -0.99688 0.07890 0.00000 27.55146 0.07890 0.99688 0.00000 1.64405 0.00000 0.00000 -1.00000 0.00000
1622750514133690 -0.99628 0.08621 -0.00000 25.59976 0.08621 0.99628 0.00000 1.35046 0.00000 0.00000 -1.00000 0.00000
1622750514383687 -0.99622 0.08682 0.00000 23.67895 0.08682 0.99622 0.00000 1.33793 0.00000 0.00000 -1.00000 0.00000
1622750514634313 -0.99488 0.10102 0.00000 21.72055 0.10102 0.99488 0.00000 1.00676 0.00000 0.00000 -1.00000 0.00000
1622750514884319 -0.99495 0.10041 -0.00000 19.81793 0.10041 0.99495 0.00000 0.95160 0.00000 0.00000 -1.00000 0.00000
1622750515134315 -0.99483 0.10153 0.00000 17.83352 0.10153 0.99483 0.00000 0.90653 0.00000 0.00000 -1.00000 0.00000
1622750515383698 -0.99511 0.09874 0.00000 15.85804 0.09874 0.99511 0.00000 0.98810 0.00000 0.00000 -1.00000 0.00000
1622750515633702 -0.99508 0.09905 0.00000 13.91260 0.09905 0.99508 0.00000 1.04295 0.00000 0.00000 -1.00000 0.00000
1622750515883086 -0.99405 0.10896 -0.00000 11.93199 0.10896 0.99405 0.00000 0.72909 0.00000 0.00000 -1.00000 0.00000
1622750516133716 -0.99360 0.11296 -0.00000 10.02828 0.11296 0.99360 0.00000 0.68845 0.00000 0.00000 -1.00000 0.00000
1622750516383718 -0.99322 0.11627 0.00000 8.01793 0.11627 0.99322 0.00000 0.73398 0.00000 0.00000 -1.00000 0.00000
1622750516633095 -0.99470 0.10279 0.00000 6.13512 0.10279 0.99470 0.00000 0.77598 0.00000 0.00000 -1.00000 0.00000
1622750516883096 -0.99435 0.10613 -0.00000 4.14568 0.10613 0.99435 0.00000 0.82186 0.00000 0.00000 -1.00000 0.00000
1622750517133112 -0.99529 0.09691 0.00000 2.17453 0.09691 0.99529 0.00000 0.73596 0.00000 0.00000 -1.00000 0.00000
1622750517383111 -0.99552 0.09455 0.00000 0.21312 0.09455 0.99552 0.00000 0.68485 0.00000 0.00000 -1.00000 0.00000
1622750517633738 -0.99459 0.10389 0.00000 -1.85822 0.10389 0.99459 0.00000 0.65832 0.00000 0.00000 -1.00000 0.00000
1622750517883112 -0.99635 0.08537 -0.00000 -3.82650 0.08537 0.99635 0.00000 0.63302 0.00000 0.00000 -1.00000 0.00000
1622750518133119 -0.99751 0.07049 -0.00000 -5.84887 0.07049 0.99751 0.00000 0.51586 0.00000 0.00000 -1.00000 0.00000
1622750518383749 -0.99789 0.06491 0.00000 -7.90503 0.06491 0.99789 0.00000 0.44020 0.00000 0.00000 -1.00000 0.00000
1622750518633753 -0.99819 0.06021 0.00000 -10.03606 0.06021 0.99819 0.00000 0.43487 0.00000 0.00000 -1.00000 0.00000
1622750518884382 -0.99805 0.06248 0.00000 -12.04479 0.06248 0.99805 0.00000 0.33936 0.00000 0.00000 -1.00000 0.00000
1622750519133763 -0.99863 0.05242 -0.00000 -14.09737 0.05242 0.99863 0.00000 0.30170 0.00000 0.00000 -1.00000 0.00000
1622750519384397 -0.99859 0.05310 -0.00000 -16.15653 0.05310 0.99859 0.00000 0.39649 0.00000 0.00000 -1.00000 0.00000
1622750519633768 -0.99894 0.04597 0.00000 -18.23256 0.04597 0.99894 0.00000 0.18639 0.00000 0.00000 -1.00000 0.00000
1622750519883766 -0.99888 0.04740 0.00000 -20.25671 0.04740 0.99888 0.00000 0.12925 0.00000 0.00000 -1.00000 0.00000
1622750520133775 -0.99879 0.04919 0.00000 -22.30886 0.04919 0.99879 0.00000 0.13560 0.00000 0.00000 -1.00000 0.00000
1622750520383783 -0.99897 0.04548 0.00000 -24.40075 0.04548 0.99897 0.00000 0.02628 0.00000 0.00000 -1.00000 0.00000
1622750520634411 -0.99886 0.04784 0.00000 -26.49230 0.04784 0.99886 0.00000 0.09171 0.00000 0.00000 -1.00000 0.00000
1622750520884413 -0.99881 0.04885 0.00000 -28.58163 0.04885 0.99881 0.00000 0.11724 0.00000 0.00000 -1.00000 0.00000
1622750521133790 -0.99920 0.03997 0.00000 -30.55762 0.03997 0.99920 0.00000 -0.15782 0.00000 0.00000 -1.00000 -0.00000
1622750521383799 -0.99917 0.04062 0.00000 -32.64240 0.04062 0.99917 0.00000 -0.17300 0.00000 0.00000 -1.00000 -0.00000
1622750521633796 -0.99930 0.03738 0.00000 -34.68548 0.03738 0.99930 0.00000 -0.24492 0.00000 0.00000 -1.00000 -0.00000
1622750521883172 -0.99967 0.02582 0.00000 -36.61676 0.02582 0.99967 0.00000 -0.73183 0.00000 0.00000 -1.00000 -0.00000
1622750522133218 -0.99984 0.01762 0.00000 -38.71022 0.01762 0.99984 0.00000 -1.09008 0.00000 0.00000 -1.00000 -0.00000
1622750522383809 -0.99995 0.01002 0.00000 -40.72732 0.01002 0.99995 0.00000 -1.34765 0.00000 0.00000 -1.00000 -0.00000
1622750522633811 -1.00000 0.00053 0.00000 -42.60415 0.00053 1.00000 0.00000 -1.71837 0.00000 0.00000 -1.00000 -0.00000
1622750522883193 -0.99993 -0.01195 0.00000 -44.75973 -0.01195 0.99993 0.00000 -2.29735 -0.00000 0.00000 -1.00000 -0.00000
1622750523133821 -0.99986 -0.01661 0.00000 -46.65997 -0.01661 0.99986 0.00000 -2.52853 -0.00000 0.00000 -1.00000 -0.00000
1622750523383831 -0.99967 -0.02556 -0.00000 -48.54445 -0.02556 0.99967 0.00000 -2.99712 -0.00000 0.00000 -1.00000 -0.00000
1622750523633830 -0.99943 -0.03363 0.00000 -50.40342 -0.03363 0.99943 0.00000 -3.41990 -0.00000 0.00000 -1.00000 -0.00000
1622750523883832 -0.99934 -0.03620 0.00000 -52.29196 -0.03620 0.99934 0.00000 -3.57817 -0.00000 0.00000 -1.00000 -0.00000
1622750524133837 -0.99957 -0.02935 0.00000 -54.00769 -0.02935 0.99957 0.00000 -3.31788 -0.00000 0.00000 -1.00000 -0.00000
1622750524383837 -0.99963 -0.02707 -0.00000 -55.81702 -0.02707 0.99963 0.00000 -3.16676 -0.00000 0.00000 -1.00000 -0.00000
1622750524633841 -0.99986 -0.01702 0.00000 -57.47464 -0.01702 0.99986 0.00000 -2.58528 -0.00000 0.00000 -1.00000 -0.00000
1622750524883850 -0.99997 0.00761 0.00000 -59.02151 0.00761 0.99997 0.00000 -1.09734 0.00000 0.00000 -1.00000 -0.00000
1622750525133862 -0.99939 0.03485 0.00000 -60.40268 0.03485 0.99939 0.00000 0.35690 0.00000 0.00000 -1.00000 0.00000
1622750525384484 -0.99663 0.08197 0.00000 -61.73102 0.08197 0.99663 0.00000 3.22301 0.00000 0.00000 -1.00000 0.00000
1622750525633861 -0.99345 0.11425 0.00000 -62.83221 0.11425 0.99345 0.00000 5.23663 0.00000 0.00000 -1.00000 0.00000
1622750525883869 -0.98517 0.17158 0.00000 -63.69855 0.17158 0.98517 0.00000 8.76751 0.00000 0.00000 -1.00000 0.00000
1622750526133872 -0.97401 0.22651 0.00000 -64.10658 0.22651 0.97401 0.00000 12.26784 0.00000 0.00000 -1.00000 0.00000
1622750526384515 -0.95335 0.30185 0.00000 -64.09049 0.30185 0.95335 0.00000 17.19846 0.00000 0.00000 -1.00000 0.00000
1622750526634497 -0.92290 0.38504 -0.00000 -63.31205 0.38504 0.92290 0.00000 22.75374 0.00000 0.00000 -1.00000 0.00000
1622750526883874 -0.88435 0.46683 0.00000 -62.07884 0.46683 0.88435 0.00000 28.17790 0.00000 0.00000 -1.00000 0.00000
1622750527134505 -0.82686 0.56241 0.00000 -59.57128 0.56241 0.82686 0.00000 34.97748 0.00000 0.00000 -1.00000 0.00000
1622750527384514 -0.76099 0.64877 0.00000 -56.42759 0.64877 0.76099 0.00000 41.23723 0.00000 0.00000 -1.00000 0.00000
1622750527633891 -0.69340 0.72056 0.00000 -53.06456 0.72056 0.69340 0.00000 46.58340 0.00000 0.00000 -1.00000 0.00000
1622750527884515 -0.61313 0.78998 -0.00000 -48.83837 0.78998 0.61313 0.00000 51.93214 0.00000 0.00000 -1.00000 0.00000
1622750528134521 -0.52374 0.85188 0.00000 -43.90688 0.85188 0.52374 0.00000 56.85131 0.00000 0.00000 -1.00000 0.00000
1622750528384525 -0.42290 0.90618 0.00000 -38.19799 0.90618 0.42290 0.00000 61.40077 0.00000 0.00000 -1.00000 0.00000
1622750528633907 -0.32192 0.94677 0.00000 -32.33376 0.94677 0.32192 0.00000 65.17219 0.00000 0.00000 -1.00000 0.00000
1622750528883284 -0.23541 0.97190 0.00000 -27.46091 0.97190 0.23541 0.00000 67.78089 0.00000 0.00000 -1.00000 0.00000
1622750529133289 -0.16261 0.98669 -0.00000 -23.60736 0.98669 0.16261 0.00000 69.66270 0.00000 0.00000 -1.00000 0.00000
1622750529382666 -0.11954 0.99283 0.00000 -21.77546 0.99283 0.11954 0.00000 70.50458 0.00000 0.00000 -1.00000 0.00000
1622750529632671 -0.09215 0.99574 0.00000 -21.21706 0.99574 0.09215 0.00000 71.11538 0.00000 0.00000 -1.00000 0.00000
1622750529882671 -0.07718 0.99702 0.00000 -21.66836 0.99702 0.07718 0.00000 71.31266 0.00000 0.00000 -1.00000 0.00000
1622750530132688 -0.06656 0.99778 0.00000 -22.25698 0.99778 0.06656 0.00000 71.51206 0.00000 0.00000 -1.00000 0.00000
1622750530382679 -0.06038 0.99818 0.00000 -23.48525 0.99818 0.06038 0.00000 71.55707 0.00000 0.00000 -1.00000 0.00000
1622750530632684 -0.05015 0.99874 0.00000 -24.17996 0.99874 0.05015 0.00000 71.79204 0.00000 0.00000 -1.00000 0.00000
1622750530882689 -0.03587 0.99936 -0.00000 -24.84519 0.99936 0.03587 0.00000 72.19320 0.00000 0.00000 -1.00000 0.00000
1622750531132697 -0.02206 0.99976 0.00000 -25.49726 0.99976 0.02206 0.00000 72.37264 0.00000 0.00000 -1.00000 0.00000
1622750531382067 -0.01483 0.99989 0.00000 -26.72235 0.99989 0.01483 0.00000 72.62956 0.00000 0.00000 -1.00000 0.00000
1622750531632072 0.00453 0.99999 0.00000 -27.07563 0.99999 -0.00453 0.00000 73.00242 0.00000 -0.00000 -1.00000 0.00000
1622750531882700 0.02584 0.99967 0.00000 -27.29604 0.99967 -0.02584 0.00000 73.62657 0.00000 -0.00000 -1.00000 0.00000
1622750532132713 0.04566 0.99896 0.00000 -27.56161 0.99896 -0.04566 0.00000 74.15442 0.00000 -0.00000 -1.00000 0.00000
1622750532382714 0.06270 0.99803 0.00000 -28.15191 0.99803 -0.06270 0.00000 74.54304 0.00000 -0.00000 -1.00000 0.00000
1622750532632713 0.08086 0.99673 -0.00000 -28.63778 0.99673 -0.08086 0.00000 75.02360 0.00000 -0.00000 -1.00000 0.00000
1622750532882718 0.11528 0.99333 0.00000 -27.72624 0.99333 -0.11528 0.00000 75.95354 0.00000 -0.00000 -1.00000 0.00000
1622750533132735 0.14134 0.98996 0.00000 -27.59580 0.98996 -0.14134 0.00000 76.79757 0.00000 -0.00000 -1.00000 0.00000
1622750533383358 0.16586 0.98615 0.00000 -27.42580 0.98615 -0.16586 0.00000 77.34172 0.00000 -0.00000 -1.00000 0.00000
1622750533632730 0.18092 0.98350 -0.00000 -28.07328 0.98350 -0.18092 0.00000 77.60324 0.00000 -0.00000 -1.00000 0.00000
1622750533882736 0.19244 0.98131 -0.00000 -28.97151 0.98131 -0.19244 0.00000 77.97125 0.00000 -0.00000 -1.00000 0.00000
1622750534133368 0.18331 0.98306 -0.00000 -31.49526 0.98306 -0.18331 0.00000 77.70584 0.00000 -0.00000 -1.00000 0.00000
1622750534382744 0.16421 0.98643 0.00000 -34.86209 0.98643 -0.16421 0.00000 76.88143 0.00000 -0.00000 -1.00000 0.00000
1622750534632747 0.14385 0.98960 0.00000 -38.32242 0.98960 -0.14385 0.00000 76.22127 0.00000 -0.00000 -1.00000 0.00000
1622750534882750 0.12344 0.99235 0.00000 -41.50913 0.99235 -0.12344 0.00000 75.40288 0.00000 -0.00000 -1.00000 0.00000
1622750535133383 0.09182 0.99578 0.00000 -45.91894 0.99578 -0.09182 0.00000 74.08575 0.00000 -0.00000 -1.00000 0.00000
1622750535383382 0.07224 0.99739 0.00000 -49.31527 0.99739 -0.07224 0.00000 72.99066 0.00000 -0.00000 -1.00000 0.00000
1622750535633385 0.05289 0.99860 0.00000 -52.70725 0.99860 -0.05289 0.00000 72.02957 0.00000 -0.00000 -1.00000 0.00000
1622750535883390 0.03509 0.99938 0.00000 -55.83022 0.99938 -0.03509 0.00000 71.01946 0.00000 -0.00000 -1.00000 0.00000
1622750536133399 0.02105 0.99978 0.00000 -58.77066 0.99978 -0.02105 0.00000 70.15700 0.00000 -0.00000 -1.00000 0.00000
1622750536383420 0.01025 0.99995 0.00000 -61.42832 0.99995 -0.01025 0.00000 69.50466 0.00000 -0.00000 -1.00000 0.00000
1622750536633403 0.00594 0.99998 0.00000 -63.73767 0.99998 -0.00594 0.00000 69.18239 0.00000 -0.00000 -1.00000 0.00000
1622750536882778 -0.00932 0.99996 0.00000 -66.62290 0.99996 0.00932 0.00000 68.15576 0.00000 0.00000 -1.00000 0.00000
1622750537132787 -0.01910 0.99982 0.00000 -69.17174 0.99982 0.01910 0.00000 67.47804 0.00000 0.00000 -1.00000 0.00000
1622750537382795 -0.02951 0.99956 0.00000 -71.67128 0.99956 0.02951 0.00000 66.65963 0.00000 0.00000 -1.00000 0.00000
1622750537632791 -0.03637 0.99934 0.00000 -74.02070 0.99934 0.03637 0.00000 66.04590 0.00000 0.00000 -1.00000 0.00000
1622750537883416 -0.03815 0.99927 0.00000 -75.86902 0.99927 0.03815 0.00000 66.02108 0.00000 0.00000 -1.00000 0.00000
1622750538133430 -0.04636 0.99892 -0.00000 -78.13967 0.99892 0.04636 0.00000 65.30203 0.00000 0.00000 -1.00000 0.00000
1622750538382802 -0.06787 0.99769 0.00000 -81.35115 0.99769 0.06787 0.00000 63.60703 0.00000 0.00000 -1.00000 0.00000
1622750538632802 -0.07948 0.99684 0.00000 -83.77661 0.99684 0.07948 0.00000 62.53759 0.00000 0.00000 -1.00000 0.00000
1622750538882813 -0.09716 0.99527 -0.00000 -86.57834 0.99527 0.09716 0.00000 61.02572 0.00000 0.00000 -1.00000 0.00000
1622750539133440 -0.11501 0.99336 0.00000 -89.23269 0.99336 0.11501 0.00000 59.50477 0.00000 0.00000 -1.00000 0.00000
1622750539382818 -0.15176 0.98842 0.00000 -92.91809 0.98842 0.15176 0.00000 56.15446 0.00000 0.00000 -1.00000 0.00000
1622750539632823 -0.19504 0.98079 -0.00000 -96.97492 0.98079 0.19504 0.00000 51.88708 0.00000 0.00000 -1.00000 0.00000
1622750539882828 -0.24943 0.96839 0.00000 -101.26797 0.96839 0.24943 0.00000 46.40971 0.00000 0.00000 -1.00000 0.00000
1622750540132836 -0.29925 0.95418 0.00000 -105.14852 0.95418 0.29925 0.00000 40.97423 0.00000 0.00000 -1.00000 0.00000
1622750540382833 -0.36894 0.92945 0.00000 -109.30163 0.92945 0.36894 0.00000 33.19280 0.00000 0.00000 -1.00000 0.00000
