0.973 0.229 0. -4.817 0.229 -0.973 0. -0.013 0. 0. -1. 0.
0.973 0.229 0. -4.817 0.229 -0.973 0. -0.013 0. 0. -1. 0.
0.973 0.229 0. -4.817 0.229 -0.973 0. -0.013 0. 0. -1. 0.
0.973 0.229 0. -4.817 0.229 -0.973 0. -0.013 0. 0. -1. 0.
0.973 0.229 0. -4.817 0.229 -0.973 0. -0.013 0. 0. -1. 0.
0.973 0.229 0. -4.817 0.229 -0.973 0. -0.013 0. 0. -1. 0.
0.973 0.229 0. -4.817 0.229 -0.973 0. -0.013 0. 0. -1. 0.
0.973 0.229 0. -4.817 0.229 -0.973 0. -0.013 0. 0. -1. 0.
0.973 0.229 0. -4.817 0.229 -0.973 0. -0.013 0. 0. -1. 0.
0.973 0.229 0. -4.817 0.229 -0.973 0. -0.013 0. 0. -1. 0.
0.973 0.229 0. -4.817 0.229 -0.973 0. -0.013 0. 0. -1. 0.
0.973 0.229 0. -4.817 0.229 -0.973 0. -0.013 0. 0. -1. 0.
0.973 0.229 0. -4.817 0.229 -0.973 0. -0.013 0. 0. -1. 0.
0.973 0.229 0. -4.817 0.229 -0.973 0. -0.013 0. 0. -1. 0.
0.973 0.229 0. -4.816 0.229 -0.973 0. -0.013 0. 0. -1. 0.
0.973 0.229 0. -4.806 0.229 -0.973 0. -0.011 0. 0. -1. 0.
0.973 0.229 0. -4.774 0.229 -0.973 0. -0.003 0. 0. -1. 0.
0.974 0.227 0. -4.733 0.227 -0.974 0. 0.005 0. 0. -1. 0.
0.974 0.225 0. -4.681 0.225 -0.974 0. 0.015 0. 0. -1. 0.
0.975 0.220 0. -4.601 0.220 -0.975 0. 0.030 0. 0. -1. 0.
0.978 0.210 0. -4.454 0.210 -0.978 0. 0.054 0. 0. -1. 0.
0.981 0.192 0. -4.231 0.192 -0.981 0. 0.088 0. 0. -1. 0.
0.985 0.171 0. -3.926 0.171 -0.985 0. 0.127 0. 0. -1. 0.
0.989 0.148 0. -3.533 0.148 -0.989 0. 0.161 0. 0. -1. 0.
0.991 0.134 0. -3.050 0.134 -0.991 0. 0.205 0. 0. -1. 0.
0.992 0.127 0. -2.485 0.127 -0.992 0. 0.267 0. 0. -1. 0.
0.992 0.124 0. -1.848 0.124 -0.992 0. 0.334 0. 0. -1. 0.
0.993 0.122 0. -1.136 0.122 -0.993 0. 0.408 0. 0. -1. 0.
0.992 0.123 0. -0.354 0.123 -0.992 0. 0.482 0. 0. -1. 0.
0.992 0.126 0. 0.494 0.126 -0.992 0. 0.580 0. 0. -1. 0.
0.992 0.129 0. 1.409 0.129 -0.992 0. 0.682 0. 0. -1. 0.
0.992 0.129 0. 2.392 0.129 -0.992 0. 0.795 0. 0. -1. 0.
0.992 0.126 0. 3.440 0.126 -0.992 0. 0.923 0. 0. -1. 0.
0.993 0.121 0. 4.537 0.121 -0.993 0. 1.054 0. 0. -1. 0.
0.993 0.116 0. 5.668 0.116 -0.993 0. 1.182 0. 0. -1. 0.
0.994 0.108 0. 6.855 0.108 -0.994 0. 1.308 0. 0. -1. 0.
0.995 0.099 0. 8.096 0.099 -0.995 0. 1.432 0. 0. -1. 0.
0.996 0.088 0. 9.378 0.088 -0.996 0. 1.515 0. 0. -1. 0.
0.997 0.079 0. 10.700 0.079 -0.997 0. 1.595 0. 0. -1. 0.
0.997 0.073 0. 12.086 0.073 -0.997 0. 1.657 0. 0. -1. 0.
0.998 0.069 0. 13.513 0.069 -0.998 0. 1.716 0. 0. -1. 0.
0.998 0.069 0. 14.916 0.069 -0.998 0. 1.780 0. 0. -1. 0.
0.997 0.072 0. 16.397 0.072 -0.997 0. 1.842 0. 0. -1. 0.
0.996 0.088 0. 17.885 0.088 -0.996 0. 1.932 0. 0. -1. 0.
0.994 0.107 0. 19.350 0.107 -0.994 0. 2.059 0. 0. -1. 0.
0.992 0.124 0. 20.821 0.124 -0.992 0. 2.204 0. 0. -1. 0.
0.990 0.139 0. 22.266 0.139 -0.990 0. 2.365 0. 0. -1. 0.
0.988 0.154 0. 23.677 0.154 -0.988 0. 2.556 0. 0. -1. 0.
0.986 0.167 0. 25.068 0.167 -0.986 0. 2.750 0. 0. -1. 0.
0.984 0.178 0. 26.460 0.178 -0.984 0. 2.981 0. 0. -1. 0.
0.983 0.185 0. 27.897 0.185 -0.983 0. 3.200 0. 0. -1. 0.
0.983 0.186 0. 29.367 0.186 -0.983 0. 3.438 0. 0. -1. 0.
0.982 0.190 0. 30.929 0.190 -0.982 0. 3.703 0. 0. -1. 0.
0.980 0.197 0. 32.471 0.197 -0.980 0. 3.977 0. 0. -1. 0.
0.978 0.208 0. 34.027 0.208 -0.978 0. 4.275 0. 0. -1. 0.
0.975 0.222 0. 35.631 0.222 -0.975 0. 4.609 0. 0. -1. 0.
0.972 0.234 0. 37.211 0.234 -0.972 0. 4.946 0. 0. -1. 0.
0.969 0.245 0. 38.766 0.245 -0.969 0. 5.313 0. 0. -1. 0.
0.967 0.256 0. 40.380 0.256 -0.967 0. 5.707 0. 0. -1. 0.
0.965 0.263 0. 42.032 0.263 -0.965 0. 6.121 0. 0. -1. 0.
0.965 0.263 0. 43.682 0.263 -0.965 0. 6.527 0. 0. -1. 0.
0.964 0.265 0. 45.392 0.265 -0.964 0. 6.959 0. 0. -1. 0.
0.964 0.265 0. 47.103 0.265 -0.964 0. 7.394 0. 0. -1. 0.
0.964 0.265 0. 48.833 0.265 -0.964 0. 7.840 0. 0. -1. 0.
0.965 0.262 0. 50.621 0.262 -0.965 0. 8.262 0. 0. -1. 0.
0.966 0.260 0. 52.403 0.260 -0.966 0. 8.707 0. 0. -1. 0.
0.966 0.259 0. 54.216 0.259 -0.966 0. 9.131 0. 0. -1. 0.
0.966 0.258 0. 56.078 0.258 -0.966 0. 9.585 0. 0. -1. 0.
0.966 0.257 0. 57.968 0.257 -0.966 0. 10.025 0. 0. -1. 0.
0.967 0.256 0. 59.868 0.256 -0.967 0. 10.483 0. 0. -1. 0.
0.967 0.255 0. 61.803 0.255 -0.967 0. 10.955 0. 0. -1. 0.
0.967 0.254 0. 63.754 0.254 -0.967 0. 11.435 0. 0. -1. 0.
0.968 0.251 0. 65.726 0.251 -0.968 0. 11.905 0. 0. -1. 0.
0.969 0.246 0. 67.706 0.246 -0.969 0. 12.365 0. 0. -1. 0.
0.970 0.241 0. 69.699 0.241 -0.970 0. 12.814 0. 0. -1. 0.
0.972 0.234 0. 71.692 0.234 -0.972 0. 13.260 0. 0. -1. 0.
0.975 0.223 0. 73.693 0.223 -0.975 0. 13.683 0. 0. -1. 0.
0.978 0.207 0. 75.687 0.207 -0.978 0. 14.089 0. 0. -1. 0.
0.983 0.183 0. 77.670 0.183 -0.983 0. 14.437 0. 0. -1. 0.
0.988 0.153 0. 79.674 0.153 -0.988 0. 14.730 0. 0. -1. 0.
0.993 0.117 0. 81.671 0.117 -0.993 0. 14.950 0. 0. -1. 0.
0.997 0.079 0. 83.649 0.079 -0.997 0. 15.097 0. 0. -1. 0.
0.999 0.032 0. 85.632 0.032 -0.999 0. 15.151 0. 0. -1. 0.
1.000 -0.020 0. 87.617 -0.020 -1.000 -0. 15.104 0. 0. -1. 0.
0.997 -0.073 0. 89.573 -0.073 -0.997 -0. 14.952 0. 0. -1. 0.
0.992 -0.125 0. 91.476 -0.125 -0.992 -0. 14.701 0. 0. -1. 0.
0.984 -0.179 0. 93.377 -0.179 -0.984 -0. 14.352 0. 0. -1. 0.
0.973 -0.233 0. 95.230 -0.233 -0.973 -0. 13.896 0. 0. -1. 0.
0.958 -0.287 0. 97.054 -0.287 -0.958 -0. 13.347 0. 0. -1. 0.
0.939 -0.344 0. 98.821 -0.344 -0.939 -0. 12.711 0. 0. -1. 0.
0.916 -0.402 0. 100.544 -0.402 -0.916 -0. 11.952 0. 0. -1. 0.
0.887 -0.461 0. 102.176 -0.461 -0.887 -0. 11.103 0. 0. -1. 0.
0.855 -0.518 0. 103.702 -0.518 -0.855 -0. 10.170 0. 0. -1. 0.
0.819 -0.574 0. 105.160 -0.574 -0.819 -0. 9.129 0. 0. -1. 0.
0.779 -0.627 0. 106.545 -0.627 -0.779 -0. 8.036 0. 0. -1. 0.
0.737 -0.676 0. 107.812 -0.676 -0.737 -0. 6.858 0. 0. -1. 0.
0.696 -0.719 0. 109.000 -0.719 -0.696 -0. 5.595 0. 0. -1. 0.
0.660 -0.751 0. 110.112 -0.751 -0.660 -0. 4.290 0. 0. -1. 0.
0.630 -0.777 0. 111.146 -0.777 -0.630 -0. 2.965 0. 0. -1. 0.
0.599 -0.800 0. 112.142 -0.800 -0.599 -0. 1.624 0. 0. -1. 0.
0.569 -0.822 0. 113.066 -0.822 -0.569 -0. 0.269 0. 0. -1. 0.
0.545 -0.838 0. 113.956 -0.838 -0.545 -0. -1.107 0. 0. -1. 0.
0.529 -0.848 0. 114.817 -0.848 -0.529 -0. -2.512 0. 0. -1. 0.
0.528 -0.849 0. 115.672 -0.849 -0.528 -0. -3.931 0. 0. -1. 0.
0.540 -0.842 0. 116.551 -0.842 -0.540 -0. -5.368 0. 0. -1. 0.
0.559 -0.829 0. 117.469 -0.829 -0.559 -0. -6.804 0. 0. -1. 0.
0.578 -0.816 0. 118.423 -0.816 -0.578 -0. -8.236 0. 0. -1. 0.
0.596 -0.803 0. 119.415 -0.803 -0.596 -0. -9.649 0. 0. -1. 0.
0.615 -0.789 0. 120.443 -0.789 -0.615 -0. -11.046 0. 0. -1. 0.
0.631 -0.776 0. 121.517 -0.776 -0.631 -0. -12.416 0. 0. -1. 0.
0.646 -0.764 0. 122.578 -0.764 -0.646 -0. -13.755 0. 0. -1. 0.
0.659 -0.752 0. 123.675 -0.752 -0.659 -0. -15.066 0. 0. -1. 0.
0.674 -0.739 0. 124.784 -0.739 -0.674 -0. -16.362 0. 0. -1. 0.
0.688 -0.726 0. 125.917 -0.726 -0.688 -0. -17.605 0. 0. -1. 0.
0.702 -0.712 0. 127.043 -0.712 -0.702 -0. -18.819 0. 0. -1. 0.
0.714 -0.700 0. 128.200 -0.700 -0.714 -0. -20.000 0. 0. -1. 0.
0.730 -0.684 0. 129.370 -0.684 -0.730 -0. -21.170 0. 0. -1. 0.
0.748 -0.663 0. 130.547 -0.663 -0.748 -0. -22.262 0. 0. -1. 0.
0.767 -0.642 0. 131.748 -0.642 -0.767 -0. -23.321 0. 0. -1. 0.
0.783 -0.622 0. 132.970 -0.622 -0.783 -0. -24.352 0. 0. -1. 0.
0.798 -0.603 0. 134.201 -0.603 -0.798 -0. -25.333 0. 0. -1. 0.
0.810 -0.586 0. 135.434 -0.586 -0.810 -0. -26.265 0. 0. -1. 0.
0.819 -0.574 0. 136.690 -0.574 -0.819 -0. -27.196 0. 0. -1. 0.
0.828 -0.560 0. 137.947 -0.560 -0.828 -0. -28.086 0. 0. -1. 0.
0.839 -0.544 0. 139.190 -0.544 -0.839 -0. -28.945 0. 0. -1. 0.
0.850 -0.526 0. 140.457 -0.526 -0.850 -0. -29.772 0. 0. -1. 0.
0.861 -0.509 0. 141.723 -0.509 -0.861 -0. -30.556 0. 0. -1. 0.
0.871 -0.490 0. 142.971 -0.490 -0.871 -0. -31.316 0. 0. -1. 0.
0.883 -0.470 0. 144.229 -0.470 -0.883 -0. -32.015 0. 0. -1. 0.
0.894 -0.448 0. 145.490 -0.448 -0.894 -0. -32.685 0. 0. -1. 0.
0.909 -0.417 0. 146.714 -0.417 -0.909 -0. -33.307 0. 0. -1. 0.
0.934 -0.358 0. 147.897 -0.358 -0.934 -0. -33.827 0. 0. -1. 0.
0.963 -0.269 0. 149.045 -0.269 -0.963 -0. -34.186 0. 0. -1. 0.
0.988 -0.151 0. 150.108 -0.151 -0.988 -0. -34.375 0. 0. -1. 0.
1. -0.011 0. 151.051 -0.011 -1. -0. -34.374 0. 0. -1. 0.
0.990 0.139 0. 151.884 0.139 -0.990 0. -34.243 0. 0. -1. 0.
0.956 0.294 0. 152.646 0.294 -0.956 0. -34.008 0. 0. -1. 0.
0.894 0.448 0. 153.320 0.448 -0.894 0. -33.644 0. 0. -1. 0.
0.806 0.592 0. 153.902 0.592 -0.806 0. -33.166 0. 0. -1. 0.
0.694 0.720 0. 154.389 0.720 -0.694 0. -32.603 0. 0. -1. 0.
0.566 0.825 0. 154.791 0.825 -0.566 0. -31.996 0. 0. -1. 0.
0.425 0.905 0. 155.064 0.905 -0.425 0. -31.334 0. 0. -1. 0.
0.275 0.961 0. 155.235 0.961 -0.275 0. -30.668 0. 0. -1. 0.
0.120 0.993 0. 155.294 0.993 -0.120 0. -29.981 0. 0. -1. 0.
-0.038 0.999 0. 155.226 0.999 0.038 0. -29.296 0. 0. -1. 0.
-0.196 0.981 0. 155.065 0.981 0.196 0. -28.626 0. 0. -1. 0.
-0.353 0.935 0. 154.802 0.935 0.353 0. -27.957 0. 0. -1. 0.
-0.504 0.864 0. 154.407 0.864 0.504 0. -27.341 0. 0. -1. 0.
-0.646 0.763 0. 153.908 0.763 0.646 0. -26.785 0. 0. -1. 0.
-0.771 0.637 0. 153.325 0.637 0.771 0. -26.287 0. 0. -1. 0.
-0.871 0.491 0. 152.615 0.491 0.871 0. -25.933 0. 0. -1. 0.
-0.942 0.336 0. 151.850 0.336 0.942 0. -25.693 0. 0. -1. 0.
-0.981 0.196 0. 151.037 0.196 0.981 0. -25.545 0. 0. -1. 0.
-0.997 0.077 0. 150.168 0.077 0.997 0. -25.487 0. 0. -1. 0.
-1.000 -0.016 0. 149.267 -0.016 1.000 0. -25.482 -0. 0. -1. 0.
-0.997 -0.080 0. 148.334 -0.080 0.997 0. -25.564 -0. 0. -1. 0.
-0.994 -0.108 0. 147.343 -0.108 0.994 0. -25.670 -0. 0. -1. 0.
-0.995 -0.097 0. 146.274 -0.097 0.995 0. -25.763 -0. 0. -1. 0.
-0.998 -0.059 0. 145.130 -0.059 0.998 0. -25.820 -0. 0. -1. 0.
-1. -0.005 0. 143.948 -0.005 1. 0. -25.808 -0. 0. -1. 0.
-0.998 0.063 0. 142.728 0.063 0.998 0. -25.715 0. 0. -1. 0.
-0.991 0.133 0. 141.472 0.133 0.991 0. -25.521 0. 0. -1. 0.
-0.979 0.205 0. 140.188 0.205 0.979 0. -25.228 0. 0. -1. 0.
-0.962 0.275 0. 138.879 0.275 0.962 0. -24.830 0. 0. -1. 0.
-0.942 0.335 0. 137.551 0.335 0.942 0. -24.338 0. 0. -1. 0.
-0.921 0.390 0. 136.208 0.390 0.921 0. -23.756 0. 0. -1. 0.
-0.896 0.444 0. 134.856 0.444 0.896 0. -23.079 0. 0. -1. 0.
-0.869 0.495 0. 133.517 0.495 0.869 0. -22.298 0. 0. -1. 0.
-0.839 0.545 0. 132.179 0.545 0.839 0. -21.398 0. 0. -1. 0.
-0.809 0.588 0. 130.869 0.588 0.809 0. -20.404 0. 0. -1. 0.
-0.782 0.623 0. 129.565 0.623 0.782 0. -19.323 0. 0. -1. 0.
-0.757 0.654 0. 128.256 0.654 0.757 0. -18.180 0. 0. -1. 0.
-0.727 0.687 0. 126.994 0.687 0.727 0. -16.975 0. 0. -1. 0.
-0.696 0.718 0. 125.731 0.718 0.696 0. -15.689 0. 0. -1. 0.
-0.662 0.750 0. 124.504 0.750 0.662 0. -14.277 0. 0. -1. 0.
-0.629 0.777 0. 123.333 0.777 0.629 0. -12.800 0. 0. -1. 0.
-0.598 0.801 0. 122.225 0.801 0.598 0. -11.238 0. 0. -1. 0.
-0.575 0.818 0. 121.127 0.818 0.575 0. -9.603 0. 0. -1. 0.
-0.557 0.831 0. 120.075 0.831 0.557 0. -7.969 0. 0. -1. 0.
-0.542 0.840 0. 119.039 0.840 0.542 0. -6.312 0. 0. -1. 0.
-0.531 0.847 0. 118.041 0.847 0.531 0. -4.642 0. 0. -1. 0.
-0.529 0.848 0. 117.057 0.848 0.529 0. -2.971 0. 0. -1. 0.
-0.532 0.847 0. 116.070 0.847 0.532 0. -1.312 0. 0. -1. 0.
-0.539 0.842 0. 115.083 0.842 0.539 0. 0.325 0. 0. -1. 0.
-0.553 0.833 0. 114.088 0.833 0.553 0. 1.940 0. 0. -1. 0.
-0.575 0.818 0. 113.056 0.818 0.575 0. 3.515 0. 0. -1. 0.
-0.604 0.797 0. 111.976 0.797 0.604 0. 5.048 0. 0. -1. 0.
-0.642 0.767 0. 110.840 0.767 0.642 0. 6.524 0. 0. -1. 0.
-0.686 0.727 0. 109.626 0.727 0.686 0. 7.910 0. 0. -1. 0.
-0.734 0.679 0. 108.370 0.679 0.734 0. 9.181 0. 0. -1. 0.
-0.783 0.622 0. 106.999 0.622 0.783 0. 10.359 0. 0. -1. 0.
-0.828 0.560 0. 105.572 0.560 0.828 0. 11.424 0. 0. -1. 0.
-0.868 0.496 0. 104.085 0.496 0.868 0. 12.347 0. 0. -1. 0.
-0.903 0.429 0. 102.539 0.429 0.903 0. 13.165 0. 0. -1. 0.
-0.933 0.360 0. 100.933 0.360 0.933 0. 13.859 0. 0. -1. 0.
-0.956 0.292 0. 99.266 0.292 0.956 0. 14.435 0. 0. -1. 0.
-0.974 0.227 0. 97.571 0.227 0.974 0. 14.903 0. 0. -1. 0.
-0.986 0.167 0. 95.838 0.167 0.986 0. 15.241 0. 0. -1. 0.
-0.993 0.114 0. 94.084 0.114 0.993 0. 15.516 0. 0. -1. 0.
-0.998 0.063 0. 92.302 0.063 0.998 0. 15.676 0. 0. -1. 0.
-1.000 0.015 0. 90.500 0.015 1.000 0. 15.767 0. 0. -1. 0.
-0.999 -0.032 0. 88.647 -0.032 0.999 0. 15.754 -0. 0. -1. 0.
-0.997 -0.072 0. 86.732 -0.072 0.997 0. 15.672 -0. 0. -1. 0.
-0.994 -0.106 0. 84.802 -0.106 0.994 0. 15.519 -0. 0. -1. 0.
-0.991 -0.137 0. 82.843 -0.137 0.991 0. 15.304 -0. 0. -1. 0.
-0.987 -0.163 0. 80.862 -0.163 0.987 0. 15.027 -0. 0. -1. 0.
-0.984 -0.179 0. 78.826 -0.179 0.984 0. 14.703 -0. 0. -1. 0.
-0.981 -0.193 0. 76.783 -0.193 0.981 0. 14.336 -0. 0. -1. 0.
-0.979 -0.206 0. 74.723 -0.206 0.979 0. 13.952 -0. 0. -1. 0.
-0.976 -0.219 0. 72.622 -0.219 0.976 0. 13.534 -0. 0. -1. 0.
-0.973 -0.231 0. 70.524 -0.231 0.973 0. 13.093 -0. 0. -1. 0.
-0.970 -0.242 0. 68.445 -0.242 0.970 0. 12.622 -0. 0. -1. 0.
-0.967 -0.254 0. 66.394 -0.254 0.967 0. 12.143 -0. 0. -1. 0.
-0.965 -0.264 0. 64.380 -0.264 0.965 0. 11.632 -0. 0. -1. 0.
-0.963 -0.270 0. 62.379 -0.270 0.963 0. 11.101 -0. 0. -1. 0.
-0.962 -0.273 0. 60.402 -0.273 0.962 0. 10.578 -0. 0. -1. 0.
-0.961 -0.276 0. 58.430 -0.276 0.961 0. 10.064 -0. 0. -1. 0.
-0.961 -0.278 0. 56.487 -0.278 0.961 0. 9.554 -0. 0. -1. 0.
-0.960 -0.280 0. 54.543 -0.280 0.960 0. 9.046 -0. 0. -1. 0.
-0.959 -0.283 0. 52.643 -0.283 0.959 0. 8.529 -0. 0. -1. 0.
-0.959 -0.283 0. 50.756 -0.283 0.959 0. 8.026 -0. 0. -1. 0.
-0.959 -0.284 0. 48.873 -0.284 0.959 0. 7.504 -0. 0. -1. 0.
-0.959 -0.282 0. 47.031 -0.282 0.959 0. 6.984 -0. 0. -1. 0.
-0.962 -0.275 0. 45.185 -0.275 0.962 0. 6.475 -0. 0. -1. 0.
-0.965 -0.261 0. 43.347 -0.261 0.965 0. 6.016 -0. 0. -1. 0.
-0.969 -0.247 0. 41.514 -0.247 0.969 0. 5.592 -0. 0. -1. 0.
-0.973 -0.231 0. 39.687 -0.231 0.973 0. 5.163 -0. 0. -1. 0.
-0.977 -0.212 0. 37.887 -0.212 0.977 0. 4.803 -0. 0. -1. 0.
-0.982 -0.188 0. 36.108 -0.188 0.982 0. 4.501 -0. 0. -1. 0.
-0.985 -0.175 0. 34.281 -0.175 0.985 0. 4.236 -0. 0. -1. 0.
-0.985 -0.173 0. 32.513 -0.173 0.985 0. 3.941 -0. 0. -1. 0.
-0.985 -0.175 0. 30.762 -0.175 0.985 0. 3.684 -0. 0. -1. 0.
-0.985 -0.173 0. 28.955 -0.173 0.985 0. 3.405 -0. 0. -1. 0.
-0.986 -0.165 0. 27.236 -0.165 0.986 0. 3.157 -0. 0. -1. 0.
-0.988 -0.154 0. 25.480 -0.154 0.988 0. 2.928 -0. 0. -1. 0.
-0.989 -0.145 0. 23.728 -0.145 0.989 0. 2.701 -0. 0. -1. 0.
-0.991 -0.134 0. 21.986 -0.134 0.991 0. 2.506 -0. 0. -1. 0.
-0.992 -0.125 0. 20.227 -0.125 0.992 0. 2.320 -0. 0. -1. 0.
-0.993 -0.118 0. 18.474 -0.118 0.993 0. 2.154 -0. 0. -1. 0.
-0.993 -0.116 0. 16.723 -0.116 0.993 0. 1.992 -0. 0. -1. 0.
-0.993 -0.120 0. 14.955 -0.120 0.993 0. 1.824 -0. 0. -1. 0.
-0.992 -0.124 0. 13.240 -0.124 0.992 0. 1.655 -0. 0. -1. 0.
-0.992 -0.129 0. 11.470 -0.129 0.992 0. 1.474 -0. 0. -1. 0.
-0.991 -0.134 0. 9.738 -0.134 0.991 0. 1.270 -0. 0. -1. 0.
-0.990 -0.140 0. 8.018 -0.140 0.990 0. 1.060 -0. 0. -1. 0.
-0.989 -0.145 0. 6.283 -0.145 0.989 0. 0.810 -0. 0. -1. 0.
-0.989 -0.151 0. 4.584 -0.151 0.989 0. 0.566 -0. 0. -1. 0.
-0.988 -0.155 0. 2.870 -0.155 0.988 0. 0.316 -0. 0. -1. 0.
-0.987 -0.159 0. 1.170 -0.159 0.987 0. 0.073 -0. 0. -1. 0.
-0.987 -0.163 0. -0.532 -0.163 0.987 0. -0.175 -0. 0. -1. 0.
-0.986 -0.168 0. -2.254 -0.168 0.986 0. -0.433 -0. 0. -1. 0.
-0.985 -0.173 0. -3.982 -0.173 0.985 0. -0.703 -0. 0. -1. 0.
-0.983 -0.181 0. -5.723 -0.181 0.983 0. -0.971 -0. 0. -1. 0.
-0.982 -0.190 0. -7.492 -0.190 0.982 0. -1.263 -0. 0. -1. 0.
-0.980 -0.200 0. -9.282 -0.200 0.980 0. -1.589 -0. 0. -1. 0.
-0.978 -0.209 0. -11.090 -0.209 0.978 0. -1.951 -0. 0. -1. 0.
-0.976 -0.216 0. -12.883 -0.216 0.976 0. -2.347 -0. 0. -1. 0.
-0.976 -0.220 0. -14.749 -0.220 0.976 0. -2.729 -0. 0. -1. 0.
-0.975 -0.220 0. -16.630 -0.220 0.975 0. -3.108 -0. 0. -1. 0.
-0.975 -0.222 0. -18.522 -0.222 0.975 0. -3.477 -0. 0. -1. 0.
-0.975 -0.222 0. -20.461 -0.222 0.975 0. -3.867 -0. 0. -1. 0.
-0.975 -0.221 0. -22.422 -0.221 0.975 0. -4.251 -0. 0. -1. 0.
-0.976 -0.216 0. -24.405 -0.216 0.976 0. -4.629 -0. 0. -1. 0.
-0.977 -0.212 0. -26.399 -0.212 0.977 0. -4.995 -0. 0. -1. 0.
-0.978 -0.208 0. -28.420 -0.208 0.978 0. -5.381 -0. 0. -1. 0.
-0.978 -0.206 0. -30.445 -0.206 0.978 0. -5.788 -0. 0. -1. 0.
-0.979 -0.204 0. -32.462 -0.204 0.979 0. -6.187 -0. 0. -1. 0.
-0.979 -0.205 0. -34.502 -0.205 0.979 0. -6.584 -0. 0. -1. 0.
-0.978 -0.208 0. -36.522 -0.208 0.978 0. -6.973 -0. 0. -1. 0.
-0.977 -0.213 0. -38.493 -0.213 0.977 0. -7.364 -0. 0. -1. 0.
-0.976 -0.217 0. -40.483 -0.217 0.976 0. -7.764 -0. 0. -1. 0.
-0.976 -0.216 0. -42.429 -0.216 0.976 0. -8.162 -0. 0. -1. 0.
-0.978 -0.211 0. -44.348 -0.211 0.978 0. -8.522 -0. 0. -1. 0.
-0.978 -0.207 0. -46.274 -0.207 0.978 0. -8.879 -0. 0. -1. 0.
-0.980 -0.201 0. -48.144 -0.201 0.980 0. -9.223 -0. 0. -1. 0.
-0.981 -0.193 0. -50.004 -0.193 0.981 0. -9.550 -0. 0. -1. 0.
-0.982 -0.189 0. -51.861 -0.189 0.982 0. -9.862 -0. 0. -1. 0.
-0.983 -0.184 0. -53.680 -0.184 0.983 0. -10.167 -0. 0. -1. 0.
-0.983 -0.184 0. -55.466 -0.184 0.983 0. -10.468 -0. 0. -1. 0.
-0.983 -0.183 0. -57.219 -0.183 0.983 0. -10.765 -0. 0. -1. 0.
-0.983 -0.182 0. -58.942 -0.182 0.983 0. -11.055 -0. 0. -1. 0.
-0.984 -0.181 0. -60.626 -0.181 0.984 0. -11.323 -0. 0. -1. 0.
-0.984 -0.176 0. -62.278 -0.176 0.984 0. -11.582 -0. 0. -1. 0.
-0.986 -0.168 0. -63.891 -0.168 0.986 0. -11.837 -0. 0. -1. 0.
-0.987 -0.160 0. -65.456 -0.160 0.987 0. -12.061 -0. 0. -1. 0.
-0.989 -0.148 0. -66.980 -0.148 0.989 0. -12.276 -0. 0. -1. 0.
-0.991 -0.134 0. -68.486 -0.134 0.991 0. -12.459 -0. 0. -1. 0.
-0.993 -0.120 0. -69.936 -0.120 0.993 0. -12.603 -0. 0. -1. 0.
-0.995 -0.104 0. -71.304 -0.104 0.995 0. -12.719 -0. 0. -1. 0.
-0.996 -0.088 0. -72.579 -0.088 0.996 0. -12.806 -0. 0. -1. 0.
-0.997 -0.074 0. -73.801 -0.074 0.997 0. -12.868 -0. 0. -1. 0.
-0.998 -0.056 0. -74.999 -0.056 0.998 0. -12.897 -0. 0. -1. 0.
-0.999 -0.034 0. -76.154 -0.034 0.999 0. -12.942 -0. 0. -1. 0.
-1. 0.002 0. -77.289 0.002 1. 0. -12.904 0. 0. -1. 0.
-0.999 0.047 0. -78.439 0.047 0.999 0. -12.829 0. 0. -1. 0.
-0.995 0.100 0. -79.582 0.100 0.995 0. -12.714 0. 0. -1. 0.
-0.987 0.158 0. -80.708 0.158 0.987 0. -12.496 0. 0. -1. 0.
-0.976 0.219 0. -81.837 0.219 0.976 0. -12.218 0. 0. -1. 0.
-0.959 0.283 0. -82.972 0.283 0.959 0. -11.903 0. 0. -1. 0.
-0.937 0.348 0. -84.043 0.348 0.937 0. -11.441 0. 0. -1. 0.
-0.908 0.419 0. -85.048 0.419 0.908 0. -10.938 0. 0. -1. 0.
-0.874 0.486 0. -86.034 0.486 0.874 0. -10.396 0. 0. -1. 0.
-0.834 0.551 0. -86.943 0.551 0.834 0. -9.681 0. 0. -1. 0.
-0.787 0.617 0. -87.864 0.617 0.787 0. -8.961 0. 0. -1. 0.
-0.737 0.676 0. -88.713 0.676 0.737 0. -8.113 0. 0. -1. 0.
-0.682 0.731 0. -89.529 0.731 0.682 0. -7.188 0. 0. -1. 0.
-0.626 0.780 0. -90.334 0.780 0.626 0. -6.207 0. 0. -1. 0.
-0.568 0.823 0. -91.069 0.823 0.568 0. -5.096 0. 0. -1. 0.
-0.513 0.858 0. -91.742 0.858 0.513 0. -3.907 0. 0. -1. 0.
-0.454 0.891 0. -92.390 0.891 0.454 0. -2.671 0. 0. -1. 0.
-0.402 0.915 0. -92.945 0.915 0.402 0. -1.348 0. 0. -1. 0.
-0.356 0.934 0. -93.448 0.934 0.356 0. 0.031 0. 0. -1. 0.
-0.329 0.944 0. -93.934 0.944 0.329 0. 1.466 0. 0. -1. 0.
-0.306 0.952 0. -94.377 0.952 0.306 0. 2.952 0. 0. -1. 0.
-0.287 0.958 0. -94.833 0.958 0.287 0. 4.463 0. 0. -1. 0.
-0.274 0.962 0. -95.225 0.962 0.274 0. 5.981 0. 0. -1. 0.
-0.258 0.966 0. -95.627 0.966 0.258 0. 7.532 0. 0. -1. 0.
-0.246 0.969 0. -96.001 0.969 0.246 0. 9.122 0. 0. -1. 0.
-0.242 0.970 0. -96.346 0.970 0.242 0. 10.684 0. 0. -1. 0.
-0.244 0.970 0. -96.735 0.970 0.244 0. 12.329 0. 0. -1. 0.
-0.247 0.969 0. -97.098 0.969 0.247 0. 13.916 0. 0. -1. 0.
-0.248 0.969 0. -97.469 0.969 0.248 0. 15.535 0. 0. -1. 0.
-0.252 0.968 0. -97.887 0.968 0.252 0. 17.283 0. 0. -1. 0.
-0.254 0.967 0. -98.274 0.967 0.254 0. 18.979 0. 0. -1. 0.
-0.255 0.967 0. -98.721 0.967 0.255 0. 20.755 0. 0. -1. 0.
-0.257 0.966 0. -99.152 0.966 0.257 0. 22.536 0. 0. -1. 0.
-0.257 0.966 0. -99.596 0.966 0.257 0. 24.303 0. 0. -1. 0.
-0.255 0.967 0. -100.024 0.967 0.255 0. 26.079 0. 0. -1. 0.
-0.254 0.967 0. -100.447 0.967 0.254 0. 27.837 0. 0. -1. 0.
-0.254 0.967 0. -100.862 0.967 0.254 0. 29.572 0. 0. -1. 0.
-0.254 0.967 0. -101.281 0.967 0.254 0. 31.313 0. 0. -1. 0.
-0.254 0.967 0. -101.685 0.967 0.254 0. 33.039 0. 0. -1. 0.
-0.254 0.967 0. -102.086 0.967 0.254 0. 34.736 0. 0. -1. 0.
-0.255 0.967 0. -102.497 0.967 0.255 0. 36.441 0. 0. -1. 0.
-0.254 0.967 0. -102.911 0.967 0.254 0. 38.133 0. 0. -1. 0.
-0.250 0.968 0. -103.316 0.968 0.250 0. 39.805 0. 0. -1. 0.
-0.243 0.970 0. -103.713 0.970 0.243 0. 41.484 0. 0. -1. 0.
-0.239 0.971 0. -104.090 0.971 0.239 0. 43.169 0. 0. -1. 0.
-0.236 0.972 0. -104.448 0.972 0.236 0. 44.824 0. 0. -1. 0.
-0.238 0.971 0. -104.833 0.971 0.238 0. 46.522 0. 0. -1. 0.
-0.239 0.971 0. -105.206 0.971 0.239 0. 48.203 0. 0. -1. 0.
-0.246 0.969 0. -105.583 0.969 0.246 0. 49.909 0. 0. -1. 0.
-0.254 0.967 0. -105.986 0.967 0.254 0. 51.602 0. 0. -1. 0.
-0.273 0.962 0. -106.418 0.962 0.273 0. 53.312 0. 0. -1. 0.
-0.303 0.953 0. -106.897 0.953 0.303 0. 55.007 0. 0. -1. 0.
-0.343 0.939 0. -107.439 0.939 0.343 0. 56.661 0. 0. -1. 0.
-0.392 0.920 0. -108.088 0.920 0.392 0. 58.314 0. 0. -1. 0.
-0.439 0.898 0. -108.808 0.898 0.439 0. 59.944 0. 0. -1. 0.
-0.490 0.872 0. -109.662 0.872 0.490 0. 61.536 0. 0. -1. 0.
-0.537 0.843 0. -110.573 0.843 0.537 0. 63.161 0. 0. -1. 0.
-0.586 0.811 0. -111.583 0.811 0.586 0. 64.659 0. 0. -1. 0.
-0.631 0.775 0. -112.734 0.775 0.631 0. 66.231 0. 0. -1. 0.
-0.676 0.737 0. -113.975 0.737 0.676 0. 67.697 0. 0. -1. 0.
-0.718 0.696 0. -115.321 0.696 0.718 0. 69.124 0. 0. -1. 0.
-0.756 0.655 0. -116.807 0.655 0.756 0. 70.496 0. 0. -1. 0.
-0.784 0.621 0. -118.327 0.621 0.784 0. 71.770 0. 0. -1. 0.
-0.804 0.594 0. -119.957 0.594 0.804 0. 73.040 0. 0. -1. 0.
-0.820 0.573 0. -121.649 0.573 0.820 0. 74.314 0. 0. -1. 0.
-0.831 0.556 0. -123.390 0.556 0.831 0. 75.539 0. 0. -1. 0.
-0.838 0.546 0. -125.189 0.546 0.838 0. 76.766 0. 0. -1. 0.
-0.843 0.538 0. -127.025 0.538 0.843 0. 77.985 0. 0. -1. 0.
-0.845 0.535 0. -128.901 0.535 0.845 0. 79.221 0. 0. -1. 0.
-0.847 0.531 0. -130.804 0.531 0.847 0. 80.465 0. 0. -1. 0.
-0.849 0.528 0. -132.750 0.528 0.849 0. 81.720 0. 0. -1. 0.
-0.851 0.524 0. -134.706 0.524 0.851 0. 82.976 0. 0. -1. 0.
-0.853 0.522 0. -136.684 0.522 0.853 0. 84.252 0. 0. -1. 0.
-0.855 0.519 0. -138.680 0.519 0.855 0. 85.532 0. 0. -1. 0.
-0.857 0.515 0. -140.716 0.515 0.857 0. 86.817 0. 0. -1. 0.
-0.859 0.513 0. -142.753 0.513 0.859 0. 88.098 0. 0. -1. 0.
-0.860 0.510 0. -144.821 0.510 0.860 0. 89.394 0. 0. -1. 0.
-0.861 0.509 0. -146.924 0.509 0.861 0. 90.694 0. 0. -1. 0.
-0.861 0.509 0. -149.042 0.509 0.861 0. 92.008 0. 0. -1. 0.
-0.861 0.509 0. -151.169 0.509 0.861 0. 93.342 0. 0. -1. 0.
-0.861 0.508 0. -153.302 0.508 0.861 0. 94.666 0. 0. -1. 0.
-0.862 0.508 0. -155.459 0.508 0.862 0. 95.990 0. 0. -1. 0.
-0.861 0.508 0. -157.607 0.508 0.861 0. 97.328 0. 0. -1. 0.
-0.861 0.509 0. -159.765 0.509 0.861 0. 98.681 0. 0. -1. 0.
-0.860 0.510 0. -161.912 0.510 0.860 0. 100.016 0. 0. -1. 0.
-0.859 0.511 0. -164.088 0.511 0.859 0. 101.371 0. 0. -1. 0.
-0.859 0.513 0. -166.240 0.513 0.859 0. 102.716 0. 0. -1. 0.
-0.857 0.515 0. -168.392 0.515 0.857 0. 104.076 0. 0. -1. 0.
-0.856 0.517 0. -170.544 0.517 0.856 0. 105.459 0. 0. -1. 0.
-0.853 0.521 0. -172.681 0.521 0.853 0. 106.823 0. 0. -1. 0.
-0.849 0.528 0. -174.838 0.528 0.849 0. 108.179 0. 0. -1. 0.
-0.842 0.540 0. -176.965 0.540 0.842 0. 109.559 0. 0. -1. 0.
-0.832 0.555 0. -179.048 0.555 0.832 0. 110.992 0. 0. -1. 0.
-0.821 0.571 0. -181.087 0.571 0.821 0. 112.461 0. 0. -1. 0.
-0.808 0.589 0. -183.083 0.589 0.808 0. 113.964 0. 0. -1. 0.
-0.793 0.609 0. -185.031 0.609 0.793 0. 115.504 0. 0. -1. 0.
-0.775 0.632 0. -186.901 0.632 0.775 0. 117.082 0. 0. -1. 0.
-0.753 0.658 0. -188.715 0.658 0.753 0. 118.699 0. 0. -1. 0.
-0.728 0.685 0. -190.462 0.685 0.728 0. 120.361 0. 0. -1. 0.
-0.698 0.716 0. -192.135 0.716 0.698 0. 122.084 0. 0. -1. 0.
-0.665 0.747 0. -193.722 0.747 0.665 0. 123.885 0. 0. -1. 0.
-0.629 0.777 0. -195.237 0.777 0.629 0. 125.762 0. 0. -1. 0.
-0.592 0.806 0. -196.663 0.806 0.592 0. 127.706 0. 0. -1. 0.
-0.555 0.832 0. -197.994 0.832 0.555 0. 129.729 0. 0. -1. 0.
-0.518 0.855 0. -199.246 0.855 0.518 0. 131.820 0. 0. -1. 0.
-0.480 0.878 0. -200.397 0.878 0.480 0. 133.960 0. 0. -1. 0.
-0.446 0.895 0. -201.467 0.895 0.446 0. 136.170 0. 0. -1. 0.
-0.419 0.908 0. -202.469 0.908 0.419 0. 138.397 0. 0. -1. 0.
-0.400 0.917 0. -203.423 0.917 0.400 0. 140.668 0. 0. -1. 0.
-0.385 0.923 0. -204.338 0.923 0.385 0. 142.947 0. 0. -1. 0.
-0.373 0.928 0. -205.216 0.928 0.373 0. 145.241 0. 0. -1. 0.
-0.363 0.932 0. -206.061 0.932 0.363 0. 147.525 0. 0. -1. 0.
-0.355 0.935 0. -206.874 0.935 0.355 0. 149.809 0. 0. -1. 0.
-0.351 0.936 0. -207.659 0.936 0.351 0. 152.083 0. 0. -1. 0.
-0.351 0.936 0. -208.436 0.936 0.351 0. 154.316 0. 0. -1. 0.
-0.353 0.935 0. -209.216 0.935 0.353 0. 156.540 0. 0. -1. 0.
-0.360 0.933 0. -209.992 0.933 0.360 0. 158.717 0. 0. -1. 0.
-0.374 0.927 0. -210.791 0.927 0.374 0. 160.864 0. 0. -1. 0.
-0.390 0.921 0. -211.618 0.921 0.390 0. 162.973 0. 0. -1. 0.
-0.410 0.912 0. -212.474 0.912 0.410 0. 165.026 0. 0. -1. 0.
-0.436 0.900 0. -213.384 0.900 0.436 0. 167.038 0. 0. -1. 0.
-0.467 0.884 0. -214.347 0.884 0.467 0. 168.999 0. 0. -1. 0.
-0.507 0.862 0. -215.352 0.862 0.507 0. 170.875 0. 0. -1. 0.
-0.557 0.831 0. -216.486 0.831 0.557 0. 172.698 0. 0. -1. 0.
-0.611 0.791 0. -217.689 0.791 0.611 0. 174.415 0. 0. -1. 0.
-0.665 0.747 0. -219.001 0.747 0.665 0. 176.024 0. 0. -1. 0.
-0.714 0.700 0. -220.429 0.700 0.714 0. 177.540 0. 0. -1. 0.
-0.764 0.646 0. -221.940 0.646 0.764 0. 178.909 0. 0. -1. 0.
-0.809 0.587 0. -223.526 0.587 0.809 0. 180.166 0. 0. -1. 0.
-0.854 0.521 0. -225.193 0.521 0.854 0. 181.283 0. 0. -1. 0.
-0.893 0.450 0. -226.943 0.450 0.893 0. 182.282 0. 0. -1. 0.
-0.925 0.379 0. -228.757 0.379 0.925 0. 183.124 0. 0. -1. 0.
-0.951 0.310 0. -230.642 0.310 0.951 0. 183.826 0. 0. -1. 0.
-0.970 0.244 0. -232.598 0.244 0.970 0. 184.403 0. 0. -1. 0.
-0.983 0.183 0. -234.629 0.183 0.983 0. 184.875 0. 0. -1. 0.
-0.991 0.132 0. -236.735 0.132 0.991 0. 185.240 0. 0. -1. 0.
-0.996 0.093 0. -238.912 0.093 0.996 0. 185.517 0. 0. -1. 0.
-0.998 0.067 0. -241.176 0.067 0.998 0. 185.724 0. 0. -1. 0.
-0.999 0.052 0. -243.527 0.052 0.999 0. 185.894 0. 0. -1. 0.
-0.999 0.045 0. -245.983 0.045 0.999 0. 186.049 0. 0. -1. 0.
-0.999 0.042 0. -248.483 0.042 0.999 0. 186.206 0. 0. -1. 0.
-0.999 0.039 0. -251.080 0.039 0.999 0. 186.366 0. 0. -1. 0.
-0.999 0.035 0. -253.701 0.035 0.999 0. 186.514 0. 0. -1. 0.
-1.000 0.032 0. -256.340 0.032 1.000 0. 186.650 0. 0. -1. 0.
-1.000 0.029 0. -258.989 0.029 1.000 0. 186.807 0. 0. -1. 0.
-1.000 0.026 0. -261.606 0.026 1.000 0. 186.934 0. 0. -1. 0.
-1.000 0.025 0. -264.246 0.025 1.000 0. 187.053 0. 0. -1. 0.
-1.000 0.023 0. -266.859 0.023 1.000 0. 187.178 0. 0. -1. 0.
-1.000 0.023 0. -269.447 0.023 1.000 0. 187.281 0. 0. -1. 0.
-1.000 0.024 0. -272.029 0.024 1.000 0. 187.396 0. 0. -1. 0.
-1.000 0.025 0. -274.586 0.025 1.000 0. 187.516 0. 0. -1. 0.
-1.000 0.027 0. -277.114 0.027 1.000 0. 187.643 0. 0. -1. 0.
-1.000 0.028 0. -279.620 0.028 1.000 0. 187.783 0. 0. -1. 0.
-1.000 0.030 0. -282.095 0.030 1.000 0. 187.917 0. 0. -1. 0.
-0.999 0.037 0. -284.535 0.037 0.999 0. 188.043 0. 0. -1. 0.
-0.998 0.057 0. -286.913 0.057 0.998 0. 188.204 0. 0. -1. 0.
-0.996 0.085 0. -289.233 0.085 0.996 0. 188.443 0. 0. -1. 0.
-0.993 0.120 0. -291.408 0.120 0.993 0. 188.719 0. 0. -1. 0.
-0.988 0.157 0. -293.510 0.157 0.988 0. 189.080 0. 0. -1. 0.
-0.982 0.190 0. -295.488 0.190 0.982 0. 189.498 0. 0. -1. 0.
-0.976 0.217 0. -297.382 0.217 0.976 0. 189.946 0. 0. -1. 0.
-0.973 0.232 0. -299.234 0.232 0.973 0. 190.426 0. 0. -1. 0.
-0.972 0.233 0. -300.941 0.233 0.972 0. 190.903 0. 0. -1. 0.
-0.974 0.226 0. -302.586 0.226 0.974 0. 191.298 0. 0. -1. 0.
-0.975 0.223 0. -304.159 0.223 0.975 0. 191.722 0. 0. -1. 0.
-0.974 0.226 0. -305.721 0.226 0.974 0. 192.104 0. 0. -1. 0.
-0.972 0.235 0. -307.101 0.235 0.972 0. 192.506 0. 0. -1. 0.
-0.966 0.258 0. -308.398 0.258 0.966 0. 192.816 0. 0. -1. 0.
-0.955 0.297 0. -309.655 0.297 0.955 0. 193.216 0. 0. -1. 0.
-0.936 0.351 0. -310.802 0.351 0.936 0. 193.621 0. 0. -1. 0.
-0.906 0.423 0. -311.935 0.423 0.906 0. 194.087 0. 0. -1. 0.
-0.863 0.505 0. -312.940 0.505 0.863 0. 194.717 0. 0. -1. 0.
-0.805 0.593 0. -313.884 0.593 0.805 0. 195.346 0. 0. -1. 0.
-0.740 0.673 0. -314.719 0.673 0.740 0. 196.156 0. 0. -1. 0.
-0.660 0.751 0. -315.493 0.751 0.660 0. 196.945 0. 0. -1. 0.
-0.579 0.815 0. -315.995 0.815 0.579 0. 197.930 0. 0. -1. 0.
-0.474 0.881 0. -316.530 0.881 0.474 0. 198.887 0. 0. -1. 0.
-0.381 0.924 0. -316.965 0.924 0.381 0. 200.031 0. 0. -1. 0.
-0.293 0.956 0. -317.223 0.956 0.293 0. 201.274 0. 0. -1. 0.
-0.224 0.975 0. -317.510 0.975 0.224 0. 202.596 0. 0. -1. 0.
-0.160 0.987 0. -317.749 0.987 0.160 0. 204.042 0. 0. -1. 0.
-0.100 0.995 0. -317.866 0.995 0.100 0. 205.600 0. 0. -1. 0.
-0.054 0.999 0. -317.939 0.999 0.054 0. 207.277 0. 0. -1. 0.
-0.023 1.000 0. -317.946 1.000 0.023 0. 209.089 0. 0. -1. 0.
-0.005 1. 0. -317.913 1. 0.005 0. 211.035 0. 0. -1. 0.
0.003 1. 0. -317.863 1. -0.003 0. 213.116 0. 0. -1. 0.
0.006 1. 0. -317.803 1. -0.006 0. 215.325 0. 0. -1. 0.
0.007 1. 0. -317.737 1. -0.007 0. 217.660 0. 0. -1. 0.
0.008 1. 0. -317.666 1. -0.008 0. 220.114 0. 0. -1. 0.
0.007 1. 0. -317.587 1. -0.007 0. 222.683 0. 0. -1. 0.
0.006 1. 0. -317.507 1. -0.006 0. 225.336 0. 0. -1. 0.
0.001 1. 0. -317.439 1. -0.001 0. 228.044 0. 0. -1. 0.
-0.007 1. 0. -317.384 1. 0.007 0. 230.820 0. 0. -1. 0.
-0.017 1.000 0. -317.354 1.000 0.017 0. 233.659 0. 0. -1. 0.
-0.028 1.000 0. -317.358 1.000 0.028 0. 236.575 0. 0. -1. 0.
-0.038 0.999 0. -317.394 0.999 0.038 0. 239.581 0. 0. -1. 0.
-0.047 0.999 0. -317.451 0.999 0.047 0. 242.655 0. 0. -1. 0.
-0.053 0.999 0. -317.549 0.999 0.053 0. 245.811 0. 0. -1. 0.
-0.058 0.998 0. -317.656 0.998 0.058 0. 249.037 0. 0. -1. 0.
-0.061 0.998 0. -317.777 0.998 0.061 0. 252.342 0. 0. -1. 0.
-0.061 0.998 0. -317.912 0.998 0.061 0. 255.713 0. 0. -1. 0.
-0.061 0.998 0. -318.053 0.998 0.061 0. 259.169 0. 0. -1. 0.
-0.060 0.998 0. -318.200 0.998 0.060 0. 262.694 0. 0. -1. 0.
-0.055 0.998 0. -318.348 0.998 0.055 0. 266.294 0. 0. -1. 0.
-0.046 0.999 0. -318.460 0.999 0.046 0. 269.969 0. 0. -1. 0.
-0.037 0.999 0. -318.525 0.999 0.037 0. 273.717 0. 0. -1. 0.
-0.028 1.000 0. -318.560 1.000 0.028 0. 277.548 0. 0. -1. 0.
-0.022 1.000 0. -318.568 1.000 0.022 0. 281.435 0. 0. -1. 0.
-0.020 1.000 0. -318.561 1.000 0.020 0. 285.391 0. 0. -1. 0.
-0.015 1.000 0. -318.560 1.000 0.015 0. 289.430 0. 0. -1. 0.
-0.011 1. 0. -318.522 1. 0.011 0. 293.500 0. 0. -1. 0.
-0.009 1. 0. -318.463 1. 0.009 0. 297.611 0. 0. -1. 0.
-0.005 1. 0. -318.406 1. 0.005 0. 301.740 0. 0. -1. 0.
-0.001 1. 0. -318.330 1. 0.001 0. 305.876 0. 0. -1. 0.
0.002 1. 0. -318.239 1. -0.002 0. 309.997 0. 0. -1. 0.
0.003 1. 0. -318.130 1. -0.003 0. 314.094 0. 0. -1. 0.
0.003 1. 0. -318.030 1. -0.003 0. 318.171 0. 0. -1. 0.
0.001 1. 0. -317.926 1. -0.001 0. 322.226 0. 0. -1. 0.
0. 1. 0. -317.823 1. -0. 0. 326.270 0. 0. -1. 0.
-0.002 1. 0. -317.735 1. 0.002 0. 330.287 0. 0. -1. 0.
-0.002 1. 0. -317.658 1. 0.002 0. 334.281 0. 0. -1. 0.
-0.004 1. 0. -317.579 1. 0.004 0. 338.261 0. 0. -1. 0.
-0.004 1. 0. -317.511 1. 0.004 0. 342.202 0. 0. -1. 0.
-0.004 1. 0. -317.441 1. 0.004 0. 346.112 0. 0. -1. 0.
-0.002 1. 0. -317.361 1. 0.002 0. 350.019 0. 0. -1. 0.
-0.000 1. 0. -317.281 1. 0.000 0. 353.866 0. 0. -1. 0.
0.002 1. 0. -317.195 1. -0.002 0. 357.694 0. 0. -1. 0.
0.004 1. 0. -317.099 1. -0.004 0. 361.491 0. 0. -1. 0.
0.005 1. 0. -316.995 1. -0.005 0. 365.266 0. 0. -1. 0.
0.005 1. 0. -316.891 1. -0.005 0. 369.014 0. 0. -1. 0.
0.004 1. 0. -316.791 1. -0.004 0. 372.720 0. 0. -1. 0.
0.004 1. 0. -316.694 1. -0.004 0. 376.402 0. 0. -1. 0.
0.003 1. 0. -316.596 1. -0.003 0. 380.064 0. 0. -1. 0.
0.002 1. 0. -316.495 1. -0.002 0. 383.673 0. 0. -1. 0.
0.002 1. 0. -316.418 1. -0.002 0. 387.259 0. 0. -1. 0.
0.001 1. 0. -316.336 1. -0.001 0. 390.827 0. 0. -1. 0.
-0.000 1. 0. -316.254 1. 0.000 0. 394.362 0. 0. -1. 0.
-0. 1. 0. -316.181 1. 0. 0. 397.875 0. 0. -1. 0.
0.001 1. 0. -316.102 1. -0.001 0. 401.353 0. 0. -1. 0.
0.003 1. 0. -316.020 1. -0.003 0. 404.814 0. 0. -1. 0.
0.004 1. 0. -315.930 1. -0.004 0. 408.248 0. 0. -1. 0.
0.006 1. 0. -315.829 1. -0.006 0. 411.657 0. 0. -1. 0.
0.007 1. 0. -315.728 1. -0.007 0. 415.037 0. 0. -1. 0.
0.008 1. 0. -315.627 1. -0.008 0. 418.391 0. 0. -1. 0.
0.007 1. 0. -315.527 1. -0.007 0. 421.710 0. 0. -1. 0.
0.005 1. 0. -315.432 1. -0.005 0. 424.989 0. 0. -1. 0.
0.002 1. 0. -315.342 1. -0.002 0. 428.217 0. 0. -1. 0.
0.000 1. 0. -315.269 1. -0.000 0. 431.378 0. 0. -1. 0.
-0.002 1. 0. -315.211 1. 0.002 0. 434.437 0. 0. -1. 0.
-0.003 1. 0. -315.160 1. 0.003 0. 437.356 0. 0. -1. 0.
-0.002 1. 0. -315.112 1. 0.002 0. 440.069 0. 0. -1. 0.
0.001 1. 0. -315.052 1. -0.001 0. 442.540 0. 0. -1. 0.
0.004 1. 0. -314.991 1. -0.004 0. 444.797 0. 0. -1. 0.
0.006 1. 0. -314.932 1. -0.006 0. 446.836 0. 0. -1. 0.
0.008 1. 0. -314.878 1. -0.008 0. 448.668 0. 0. -1. 0.
0.009 1. 0. -314.829 1. -0.009 0. 450.318 0. 0. -1. 0.
0.011 1. 0. -314.783 1. -0.011 0. 451.854 0. 0. -1. 0.
0.013 1. 0. -314.735 1. -0.013 0. 453.300 0. 0. -1. 0.
0.013 1. 0. -314.688 1. -0.013 0. 454.622 0. 0. -1. 0.
0.015 1.000 0. -314.642 1.000 -0.015 0. 455.815 0. 0. -1. 0.
0.015 1.000 0. -314.602 1.000 -0.015 0. 456.913 0. 0. -1. 0.
0.015 1.000 0. -314.565 1.000 -0.015 0. 457.960 0. 0. -1. 0.
0.016 1.000 0. -314.523 1.000 -0.016 0. 458.981 0. 0. -1. 0.
0.017 1.000 0. -314.485 1.000 -0.017 0. 459.984 0. 0. -1. 0.
0.017 1.000 0. -314.449 1.000 -0.017 0. 460.979 0. 0. -1. 0.
0.017 1.000 0. -314.401 1.000 -0.017 0. 461.969 0. 0. -1. 0.
0.016 1.000 0. -314.371 1.000 -0.016 0. 462.959 0. 0. -1. 0.
0.015 1.000 0. -314.333 1.000 -0.015 0. 463.946 0. 0. -1. 0.
0.015 1.000 0. -314.292 1.000 -0.015 0. 464.934 0. 0. -1. 0.
0.014 1.000 0. -314.263 1.000 -0.014 0. 465.991 0. 0. -1. 0.
0.012 1. 0. -314.218 1. -0.012 0. 467.147 0. 0. -1. 0.
0.010 1. 0. -314.183 1. -0.010 0. 468.394 0. 0. -1. 0.
0.007 1. 0. -314.147 1. -0.007 0. 469.725 0. 0. -1. 0.
0.003 1. 0. -314.107 1. -0.003 0. 471.153 0. 0. -1. 0.
-0.002 1. 0. -314.081 1. 0.002 0. 472.670 0. 0. -1. 0.
-0.008 1. 0. -314.054 1. 0.008 0. 474.291 0. 0. -1. 0.
-0.013 1. 0. -314.042 1. 0.013 0. 476.026 0. 0. -1. 0.
-0.018 1.000 0. -314.033 1.000 0.018 0. 477.859 0. 0. -1. 0.
-0.023 1.000 0. -314.038 1.000 0.023 0. 479.778 0. 0. -1. 0.
-0.026 1.000 0. -314.051 1.000 0.026 0. 481.736 0. 0. -1. 0.
-0.029 1.000 0. -314.065 1.000 0.029 0. 483.712 0. 0. -1. 0.
-0.030 1.000 0. -314.086 1.000 0.030 0. 485.711 0. 0. -1. 0.
-0.030 1.000 0. -314.104 1.000 0.030 0. 487.709 0. 0. -1. 0.
-0.030 1.000 0. -314.120 1.000 0.030 0. 489.712 0. 0. -1. 0.
-0.028 1.000 0. -314.133 1.000 0.028 0. 491.714 0. 0. -1. 0.
-0.027 1.000 0. -314.141 1.000 0.027 0. 493.705 0. 0. -1. 0.
-0.025 1.000 0. -314.150 1.000 0.025 0. 495.688 0. 0. -1. 0.
-0.024 1.000 0. -314.155 1.000 0.024 0. 497.664 0. 0. -1. 0.
-0.022 1.000 0. -314.156 1.000 0.022 0. 499.630 0. 0. -1. 0.
-0.021 1.000 0. -314.152 1.000 0.021 0. 501.593 0. 0. -1. 0.
-0.020 1.000 0. -314.149 1.000 0.020 0. 503.549 0. 0. -1. 0.
-0.021 1.000 0. -314.146 1.000 0.021 0. 505.505 0. 0. -1. 0.
-0.023 1.000 0. -314.146 1.000 0.023 0. 507.464 0. 0. -1. 0.
-0.028 1.000 0. -314.157 1.000 0.028 0. 509.450 0. 0. -1. 0.
-0.035 0.999 0. -314.179 0.999 0.035 0. 511.446 0. 0. -1. 0.
-0.041 0.999 0. -314.215 0.999 0.041 0. 513.467 0. 0. -1. 0.
-0.047 0.999 0. -314.263 0.999 0.047 0. 515.515 0. 0. -1. 0.
-0.051 0.999 0. -314.323 0.999 0.051 0. 517.580 0. 0. -1. 0.
-0.055 0.999 0. -314.389 0.999 0.055 0. 519.665 0. 0. -1. 0.
-0.058 0.998 0. -314.466 0.998 0.058 0. 521.759 0. 0. -1. 0.
-0.061 0.998 0. -314.553 0.998 0.061 0. 523.863 0. 0. -1. 0.
-0.061 0.998 0. -314.638 0.998 0.061 0. 525.979 0. 0. -1. 0.
-0.060 0.998 0. -314.720 0.998 0.060 0. 528.114 0. 0. -1. 0.
-0.058 0.998 0. -314.799 0.998 0.058 0. 530.297 0. 0. -1. 0.
-0.058 0.998 0. -314.875 0.998 0.058 0. 532.530 0. 0. -1. 0.
-0.061 0.998 0. -314.957 0.998 0.061 0. 534.805 0. 0. -1. 0.
-0.066 0.998 0. -315.056 0.998 0.066 0. 537.107 0. 0. -1. 0.
-0.070 0.998 0. -315.164 0.998 0.070 0. 539.419 0. 0. -1. 0.
-0.075 0.997 0. -315.281 0.997 0.075 0. 541.740 0. 0. -1. 0.
-0.079 0.997 0. -315.413 0.997 0.079 0. 544.073 0. 0. -1. 0.
-0.083 0.997 0. -315.551 0.997 0.083 0. 546.413 0. 0. -1. 0.
-0.089 0.996 0. -315.700 0.996 0.089 0. 548.788 0. 0. -1. 0.
-0.095 0.995 0. -315.866 0.995 0.095 0. 551.192 0. 0. -1. 0.
-0.102 0.995 0. -316.051 0.995 0.102 0. 553.642 0. 0. -1. 0.
-0.107 0.994 0. -316.259 0.994 0.107 0. 556.134 0. 0. -1. 0.
-0.108 0.994 0. -316.474 0.994 0.108 0. 558.647 0. 0. -1. 0.
-0.109 0.994 0. -316.695 0.994 0.109 0. 561.181 0. 0. -1. 0.
-0.112 0.994 0. -316.930 0.994 0.112 0. 563.753 0. 0. -1. 0.
-0.116 0.993 0. -317.169 0.993 0.116 0. 566.341 0. 0. -1. 0.
-0.121 0.993 0. -317.440 0.993 0.121 0. 568.989 0. 0. -1. 0.
-0.126 0.992 0. -317.709 0.992 0.126 0. 571.665 0. 0. -1. 0.
-0.134 0.991 0. -317.985 0.991 0.134 0. 574.371 0. 0. -1. 0.
-0.144 0.990 0. -318.300 0.990 0.144 0. 577.132 0. 0. -1. 0.
-0.157 0.988 0. -318.652 0.988 0.157 0. 579.947 0. 0. -1. 0.
-0.167 0.986 0. -319.056 0.986 0.167 0. 582.775 0. 0. -1. 0.
-0.175 0.985 0. -319.485 0.985 0.175 0. 585.699 0. 0. -1. 0.
-0.182 0.983 0. -319.953 0.983 0.182 0. 588.643 0. 0. -1. 0.
-0.189 0.982 0. -320.471 0.982 0.189 0. 591.657 0. 0. -1. 0.
-0.193 0.981 0. -321.013 0.981 0.193 0. 594.715 0. 0. -1. 0.
-0.196 0.981 0. -321.570 0.981 0.196 0. 597.826 0. 0. -1. 0.
-0.198 0.980 0. -322.131 0.980 0.198 0. 600.966 0. 0. -1. 0.
-0.199 0.980 0. -322.707 0.980 0.199 0. 604.111 0. 0. -1. 0.
-0.199 0.980 0. -323.294 0.980 0.199 0. 607.303 0. 0. -1. 0.
-0.200 0.980 0. -323.875 0.980 0.200 0. 610.519 0. 0. -1. 0.
-0.200 0.980 0. -324.452 0.980 0.200 0. 613.745 0. 0. -1. 0.
-0.202 0.979 0. -325.030 0.979 0.202 0. 616.961 0. 0. -1. 0.
-0.206 0.979 0. -325.613 0.979 0.206 0. 620.165 0. 0. -1. 0.
-0.210 0.978 0. -326.214 0.978 0.210 0. 623.355 0. 0. -1. 0.
-0.214 0.977 0. -326.819 0.977 0.214 0. 626.479 0. 0. -1. 0.
-0.215 0.977 0. -327.418 0.977 0.215 0. 629.513 0. 0. -1. 0.
-0.215 0.977 0. -327.993 0.977 0.215 0. 632.431 0. 0. -1. 0.
-0.213 0.977 0. -328.543 0.977 0.213 0. 635.203 0. 0. -1. 0.
-0.211 0.977 0. -329.059 0.977 0.211 0. 637.836 0. 0. -1. 0.
-0.208 0.978 0. -329.540 0.978 0.208 0. 640.341 0. 0. -1. 0.
-0.205 0.979 0. -329.990 0.979 0.205 0. 642.716 0. 0. -1. 0.
-0.203 0.979 0. -330.407 0.979 0.203 0. 644.969 0. 0. -1. 0.
-0.200 0.980 0. -330.798 0.980 0.200 0. 647.113 0. 0. -1. 0.
-0.199 0.980 0. -331.166 0.980 0.199 0. 649.147 0. 0. -1. 0.
-0.199 0.980 0. -331.508 0.980 0.199 0. 651.070 0. 0. -1. 0.
-0.202 0.979 0. -331.840 0.979 0.202 0. 652.892 0. 0. -1. 0.
-0.204 0.979 0. -332.154 0.979 0.204 0. 654.584 0. 0. -1. 0.
-0.207 0.978 0. -332.451 0.978 0.207 0. 656.160 0. 0. -1. 0.
-0.210 0.978 0. -332.733 0.978 0.210 0. 657.629 0. 0. -1. 0.
-0.211 0.977 0. -333.003 0.977 0.211 0. 659.006 0. 0. -1. 0.
-0.209 0.978 0. -333.247 0.978 0.209 0. 660.283 0. 0. -1. 0.
-0.206 0.979 0. -333.467 0.979 0.206 0. 661.465 0. 0. -1. 0.
-0.203 0.979 0. -333.674 0.979 0.203 0. 662.572 0. 0. -1. 0.
-0.201 0.980 0. -333.856 0.980 0.201 0. 663.609 0. 0. -1. 0.
-0.199 0.980 0. -334.044 0.980 0.199 0. 664.593 0. 0. -1. 0.
-0.198 0.980 0. -334.209 0.980 0.198 0. 665.524 0. 0. -1. 0.
-0.197 0.980 0. -334.364 0.980 0.197 0. 666.401 0. 0. -1. 0.
-0.196 0.981 0. -334.514 0.981 0.196 0. 667.223 0. 0. -1. 0.
-0.196 0.981 0. -334.650 0.981 0.196 0. 667.980 0. 0. -1. 0.
-0.196 0.981 0. -334.774 0.981 0.196 0. 668.653 0. 0. -1. 0.
-0.195 0.981 0. -334.873 0.981 0.195 0. 669.242 0. 0. -1. 0.
-0.195 0.981 0. -334.964 0.981 0.195 0. 669.748 0. 0. -1. 0.
-0.195 0.981 0. -335.038 0.981 0.195 0. 670.173 0. 0. -1. 0.
-0.195 0.981 0. -335.099 0.981 0.195 0. 670.516 0. 0. -1. 0.
-0.194 0.981 0. -335.152 0.981 0.194 0. 670.811 0. 0. -1. 0.
-0.194 0.981 0. -335.197 0.981 0.194 0. 671.064 0. 0. -1. 0.
-0.194 0.981 0. -335.233 0.981 0.194 0. 671.271 0. 0. -1. 0.
-0.194 0.981 0. -335.261 0.981 0.194 0. 671.436 0. 0. -1. 0.
-0.194 0.981 0. -335.282 0.981 0.194 0. 671.558 0. 0. -1. 0.
-0.194 0.981 0. -335.296 0.981 0.194 0. 671.637 0. 0. -1. 0.
-0.194 0.981 0. -335.302 0.981 0.194 0. 671.675 0. 0. -1. 0.
-0.194 0.981 0. -335.303 0.981 0.194 0. 671.677 0. 0. -1. 0.
