1565943700462403 0.99997 0.00708 -0.00000 -1.03094 -0.00708 0.99997 0.00000 0.03308 0.00000 -0.00000 1.00000 -0.00000
1565943700712652 0.99996 0.00930 -0.00000 -1.29876 -0.00930 0.99996 0.00000 -0.01154 0.00000 -0.00000 1.00000 0.00000
1565943700963489 0.99995 0.01034 -0.00000 -1.75804 -0.01034 0.99995 0.00000 0.01008 0.00000 -0.00000 1.00000 0.00000
1565943701214247 0.99994 0.01139 -0.00000 -2.15700 -0.01139 0.99994 0.00000 -0.02263 0.00000 -0.00000 1.00000 0.00000
1565943701465218 0.99992 0.01265 -0.00000 -2.64014 -0.01265 0.99992 0.00000 0.00560 0.00000 -0.00000 1.00000 0.00000
1565943701715425 0.99990 0.01428 -0.00000 -3.17253 -0.01428 0.99990 0.00000 0.00403 0.00000 -0.00000 1.00000 0.00000
1565943701966096 0.99986 0.01665 -0.00000 -3.78248 -0.01665 0.99986 0.00000 -0.03383 0.00000 -0.00000 1.00000 0.00000
1565943702216878 0.99985 0.01707 -0.00000 -4.41374 -0.01707 0.99985 0.00000 -0.02643 0.00000 -0.00000 1.00000 0.00000
1565943702467916 0.99981 0.01936 -0.00000 -5.16474 -0.01936 0.99981 0.00000 0.00220 0.00000 -0.00000 1.00000 0.00000
1565943702717649 0.99981 0.01927 -0.00000 -5.92931 -0.01927 0.99981 0.00000 -0.02828 0.00000 -0.00000 1.00000 0.00000
1565943702970380 0.99976 0.02180 -0.00000 -6.77686 -0.02180 0.99976 0.00000 0.01822 0.00000 -0.00000 1.00000 0.00000
1565943703220795 0.99974 0.02266 -0.00000 -7.67226 -0.02266 0.99974 0.00000 0.00530 0.00000 -0.00000 1.00000 0.00000
1565943703470469 0.99973 0.02340 -0.00000 -8.64014 -0.02340 0.99973 0.00000 0.03760 0.00000 -0.00000 1.00000 0.00000
1565943703720972 0.99954 0.03044 -0.00000 -9.68358 -0.03044 0.99954 0.00000 0.10969 0.00000 -0.00000 1.00000 0.00000
1565943703971268 0.99942 0.03397 -0.00000 -10.80017 -0.03397 0.99942 0.00000 0.12438 0.00000 -0.00000 1.00000 0.00000
1565943704222060 0.99923 0.03914 -0.00000 -11.93120 -0.03914 0.99923 0.00000 0.17289 0.00000 -0.00000 1.00000 0.00000
1565943704472267 0.99902 0.04431 -0.00000 -13.13191 -0.04431 0.99902 0.00000 0.24237 0.00000 -0.00000 1.00000 0.00000
1565943704722912 0.99880 0.04907 -0.00000 -14.44130 -0.04907 0.99880 0.00000 0.26256 0.00000 -0.00000 1.00000 0.00000
1565943704973635 0.99850 0.05479 -0.00000 -15.74544 -0.05479 0.99850 0.00000 0.36708 0.00000 -0.00000 1.00000 0.00000
1565943705223832 0.99828 0.05870 -0.00000 -17.10474 -0.05870 0.99828 0.00000 0.44749 0.00000 -0.00000 1.00000 0.00000
1565943705475019 0.99776 0.06690 -0.00000 -18.55603 -0.06690 0.99776 0.00000 0.57893 0.00000 -0.00000 1.00000 0.00000
1565943705725175 0.99730 0.07339 -0.00000 -20.06504 -0.07339 0.99730 0.00000 0.70182 0.00000 -0.00000 1.00000 0.00000
1565943705976023 0.99695 0.07804 -0.00000 -21.59942 -0.07804 0.99695 0.00000 0.80620 0.00000 -0.00000 1.00000 0.00000
1565943706226669 0.99657 0.08278 -0.00000 -23.18263 -0.08278 0.99657 0.00000 0.86848 0.00000 -0.00000 1.00000 0.00000
1565943706477139 0.99630 0.08595 -0.00000 -24.84867 -0.08595 0.99630 0.00000 0.97449 0.00000 -0.00000 1.00000 0.00000
1565943706728044 0.99603 0.08907 -0.00000 -26.53027 -0.08907 0.99603 0.00000 1.04568 0.00000 -0.00000 1.00000 0.00000
1565943706979443 0.99591 0.09039 -0.00000 -28.27191 -0.09039 0.99591 0.00000 1.09026 0.00000 -0.00000 1.00000 0.00000
1565943707230143 0.99576 0.09197 -0.00000 -30.05480 -0.09197 0.99576 0.00000 1.11795 0.00000 -0.00000 1.00000 0.00000
1565943707481094 0.99600 0.08940 -0.00000 -31.90885 -0.08940 0.99600 0.00000 1.10428 0.00000 -0.00000 1.00000 0.00000
1565943707731325 0.99623 0.08674 -0.00000 -33.80541 -0.08674 0.99623 0.00000 0.98185 0.00000 -0.00000 1.00000 0.00000
1565943707981869 0.99681 0.07984 -0.00000 -35.72531 -0.07984 0.99681 0.00000 0.81247 0.00000 -0.00000 1.00000 0.00000
1565943708232165 0.99725 0.07411 -0.00000 -37.70863 -0.07411 0.99725 0.00000 0.59086 0.00000 -0.00000 1.00000 0.00000
1565943708483372 0.99760 0.06927 -0.00000 -39.71643 -0.06927 0.99760 0.00000 0.47251 0.00000 -0.00000 1.00000 0.00000
1565943708733453 0.99803 0.06279 -0.00000 -41.78150 -0.06279 0.99803 0.00000 0.21330 0.00000 -0.00000 1.00000 0.00000
1565943708983682 0.99858 0.05334 -0.00000 -43.85478 -0.05334 0.99858 0.00000 -0.16057 0.00000 -0.00000 1.00000 0.00000
1565943709234564 0.99896 0.04559 -0.00000 -45.99961 -0.04559 0.99896 0.00000 -0.41749 0.00000 -0.00000 1.00000 0.00000
1565943709484793 0.99926 0.03858 -0.00000 -48.17769 -0.03858 0.99926 0.00000 -0.73537 0.00000 -0.00000 1.00000 0.00000
1565943709735208 0.99956 0.02964 -0.00000 -50.38067 -0.02964 0.99956 0.00000 -1.10887 0.00000 -0.00000 1.00000 0.00000
1565943709986460 0.99979 0.02053 -0.00000 -52.63914 -0.02053 0.99979 0.00000 -1.55137 0.00000 -0.00000 1.00000 0.00000
1565943710237028 0.99991 0.01366 -0.00000 -54.91634 -0.01366 0.99991 0.00000 -1.91134 0.00000 -0.00000 1.00000 0.00000
1565943710487122 0.99992 0.01225 -0.00000 -57.24236 -0.01225 0.99992 0.00000 -1.95418 0.00000 -0.00000 1.00000 0.00000
1565943710738122 0.99991 0.01368 -0.00000 -59.59779 -0.01368 0.99991 0.00000 -1.89174 0.00000 -0.00000 1.00000 0.00000
1565943710987685 0.99989 0.01457 -0.00000 -62.02132 -0.01457 0.99989 0.00000 -1.80720 0.00000 -0.00000 1.00000 0.00000
1565943711239866 0.99988 0.01546 -0.00000 -64.47924 -0.01546 0.99988 0.00000 -1.76052 0.00000 -0.00000 1.00000 0.00000
1565943711490493 0.99984 0.01809 -0.00000 -66.96127 -0.01809 0.99984 0.00000 -1.56563 0.00000 -0.00000 1.00000 0.00000
1565943711740090 0.99987 0.01587 -0.00000 -69.45063 -0.01587 0.99987 0.00000 -1.73689 0.00000 -0.00000 1.00000 0.00000
1565943711991146 0.99988 0.01555 -0.00000 -71.99032 -0.01555 0.99988 0.00000 -1.66281 0.00000 -0.00000 1.00000 0.00000
1565943712241087 0.99989 0.01467 -0.00000 -74.55854 -0.01467 0.99989 0.00000 -1.75021 0.00000 -0.00000 1.00000 0.00000
1565943712492026 0.99991 0.01327 -0.00000 -77.15954 -0.01327 0.99991 0.00000 -1.80298 0.00000 -0.00000 1.00000 0.00000
1565943712743233 0.99992 0.01290 -0.00000 -79.78362 -0.01290 0.99992 0.00000 -1.85098 0.00000 -0.00000 1.00000 0.00000
1565943712993560 0.99993 0.01175 -0.00000 -82.47111 -0.01175 0.99993 0.00000 -1.91802 0.00000 -0.00000 1.00000 0.00000
1565943713243900 0.99994 0.01088 -0.00000 -85.14044 -0.01088 0.99994 0.00000 -1.94878 0.00000 -0.00000 1.00000 0.00000
1565943713494906 0.99995 0.01025 -0.00000 -87.86263 -0.01025 0.99995 0.00000 -1.93103 0.00000 -0.00000 1.00000 0.00000
1565943713745377 0.99998 0.00641 -0.00000 -90.61520 -0.00641 0.99998 0.00000 -2.27355 0.00000 -0.00000 1.00000 0.00000
1565943713995638 0.99999 0.00440 -0.00000 -93.29912 -0.00440 0.99999 0.00000 -2.42041 0.00000 -0.00000 1.00000 0.00000
1565943714245755 1.00000 0.00254 -0.00000 -95.99008 -0.00254 1.00000 0.00000 -2.56757 0.00000 -0.00000 1.00000 0.00000
1565943714496290 0.99999 -0.00397 0.00000 -98.65370 0.00397 0.99999 -0.00000 -3.33135 -0.00000 0.00000 1.00000 0.00000
1565943714746878 0.99999 -0.00464 0.00000 -101.29324 0.00464 0.99999 -0.00000 -3.31147 -0.00000 0.00000 1.00000 0.00000
1565943714997385 0.99998 -0.00592 0.00000 -103.90486 0.00592 0.99998 -0.00000 -3.41770 -0.00000 0.00000 1.00000 0.00000
1565943715248436 0.99999 -0.00511 0.00000 -106.50971 0.00511 0.99999 -0.00000 -3.33647 -0.00000 0.00000 1.00000 0.00000
1565943715498941 1.00000 -0.00249 0.00000 -109.12627 0.00249 1.00000 -0.00000 -3.09063 -0.00000 0.00000 1.00000 0.00000
1565943715750188 1.00000 -0.00083 0.00000 -111.65152 0.00083 1.00000 -0.00000 -2.84708 -0.00000 0.00000 1.00000 0.00000
1565943715999524 0.99995 0.00959 -0.00000 -114.19150 -0.00959 0.99995 0.00000 -1.68816 0.00000 -0.00000 1.00000 0.00000
1565943716250101 0.99981 0.01931 -0.00000 -116.72101 -0.01931 0.99981 0.00000 -0.53967 0.00000 -0.00000 1.00000 0.00000
1565943716500841 0.99945 0.03314 -0.00000 -119.23138 -0.03314 0.99945 0.00000 1.18047 0.00000 -0.00000 1.00000 0.00000
1565943716751019 0.99899 0.04488 -0.00000 -121.73569 -0.04488 0.99899 0.00000 2.52099 0.00000 -0.00000 1.00000 0.00000
1565943717001733 0.99821 0.05980 -0.00000 -124.21366 -0.05980 0.99821 0.00000 4.43647 0.00000 -0.00000 1.00000 0.00000
1565943717252167 0.99781 0.06615 -0.00000 -126.70814 -0.06615 0.99781 0.00000 5.21578 0.00000 -0.00000 1.00000 0.00000
1565943717502544 0.99729 0.07362 -0.00000 -129.12924 -0.07362 0.99729 0.00000 6.30628 0.00000 -0.00000 1.00000 0.00000
1565943717753298 0.99709 0.07624 -0.00000 -131.66383 -0.07624 0.99709 0.00000 6.63884 0.00000 -0.00000 1.00000 0.00000
1565943718003818 0.99682 0.07965 -0.00000 -134.20567 -0.07965 0.99682 0.00000 7.19086 0.00000 -0.00000 1.00000 0.00000
1565943718254543 0.99702 0.07708 -0.00000 -136.73183 -0.07708 0.99702 0.00000 6.84768 0.00000 -0.00000 1.00000 0.00000
1565943718504956 0.99692 0.07837 -0.00000 -139.28169 -0.07837 0.99692 0.00000 7.03157 0.00000 -0.00000 1.00000 0.00000
1565943718755429 0.99738 0.07234 -0.00000 -141.87780 -0.07234 0.99738 0.00000 6.18992 0.00000 -0.00000 1.00000 0.00000
1565943719005867 0.99794 0.06418 -0.00000 -144.42317 -0.06418 0.99794 0.00000 5.02721 0.00000 -0.00000 1.00000 0.00000
1565943719256663 0.99833 0.05775 -0.00000 -146.94584 -0.05775 0.99833 0.00000 4.10333 0.00000 -0.00000 1.00000 0.00000
1565943719506597 0.99862 0.05258 -0.00000 -149.47920 -0.05258 0.99862 0.00000 3.30177 0.00000 -0.00000 1.00000 0.00000
1565943719757240 0.99901 0.04451 -0.00000 -151.95266 -0.04451 0.99901 0.00000 2.16232 0.00000 -0.00000 1.00000 0.00000
1565943720007856 0.99922 0.03957 -0.00000 -154.44109 -0.03957 0.99922 0.00000 1.35636 0.00000 -0.00000 1.00000 0.00000
1565943720258680 0.99939 0.03485 -0.00000 -156.88659 -0.03485 0.99939 0.00000 0.61628 0.00000 -0.00000 1.00000 0.00000
1565943720509320 0.99954 0.03038 -0.00000 -159.26329 -0.03038 0.99954 0.00000 -0.01931 0.00000 -0.00000 1.00000 0.00000
1565943720759818 0.99963 0.02706 -0.00000 -161.67237 -0.02706 0.99963 0.00000 -0.59736 0.00000 -0.00000 1.00000 0.00000
1565943721009980 0.99976 0.02204 -0.00000 -163.99779 -0.02204 0.99976 0.00000 -1.35334 0.00000 -0.00000 1.00000 0.00000
1565943721260725 0.99984 0.01772 -0.00000 -166.36834 -0.01772 0.99984 0.00000 -2.11123 0.00000 -0.00000 1.00000 0.00000
1565943721511009 0.99992 0.01250 -0.00000 -168.67252 -0.01250 0.99992 0.00000 -2.88756 0.00000 -0.00000 1.00000 0.00000
1565943721761744 0.99996 0.00929 -0.00000 -170.99113 -0.00929 0.99996 0.00000 -3.47268 0.00000 -0.00000 1.00000 0.00000
1565943722012376 0.99998 0.00605 -0.00000 -173.28156 -0.00605 0.99998 0.00000 -3.96649 0.00000 -0.00000 1.00000 0.00000
1565943722263116 1.00000 0.00300 -0.00000 -175.55771 -0.00300 1.00000 0.00000 -4.49909 0.00000 -0.00000 1.00000 0.00000
1565943722513447 1.00000 0.00179 -0.00000 -177.80435 -0.00179 1.00000 0.00000 -4.63538 0.00000 -0.00000 1.00000 0.00000
1565943722763978 1.00000 0.00114 -0.00000 -180.05131 -0.00114 1.00000 0.00000 -4.80523 0.00000 -0.00000 1.00000 0.00000
1565943723014712 1.00000 0.00122 -0.00000 -182.29473 -0.00122 1.00000 0.00000 -4.75305 0.00000 -0.00000 1.00000 0.00000
1565943723265272 1.00000 -0.00252 0.00000 -184.49789 0.00252 1.00000 -0.00000 -5.41798 -0.00000 0.00000 1.00000 0.00000
1565943723515788 0.99999 -0.00370 0.00000 -186.68394 0.00370 0.99999 -0.00000 -5.64064 -0.00000 0.00000 1.00000 0.00000
1565943723766146 0.99999 -0.00326 0.00000 -188.85853 0.00326 0.99999 -0.00000 -5.52834 -0.00000 0.00000 1.00000 0.00000
1565943724016550 1.00000 -0.00274 0.00000 -191.00748 0.00274 1.00000 -0.00000 -5.47142 -0.00000 0.00000 1.00000 0.00000
1565943724270774 1.00000 -0.00100 0.00000 -193.12638 0.00100 1.00000 -0.00000 -5.03904 -0.00000 0.00000 1.00000 0.00000
1565943724517663 1.00000 0.00036 -0.00000 -195.23779 -0.00036 1.00000 0.00000 -4.83900 0.00000 -0.00000 1.00000 0.00000
1565943724767465 1.00000 0.00193 -0.00000 -197.32369 -0.00193 1.00000 0.00000 -4.51607 0.00000 -0.00000 1.00000 0.00000
1565943725019162 1.00000 0.00156 -0.00000 -199.39514 -0.00156 1.00000 0.00000 -4.61617 0.00000 -0.00000 1.00000 0.00000
1565943725277179 1.00000 0.00121 -0.00000 -201.40437 -0.00121 1.00000 0.00000 -4.75215 0.00000 -0.00000 1.00000 0.00000
1565943725520290 1.00000 0.00292 -0.00000 -203.44100 -0.00292 1.00000 0.00000 -4.46774 0.00000 -0.00000 1.00000 0.00000
1565943725770787 1.00000 -0.00047 0.00000 -205.42426 0.00047 1.00000 -0.00000 -5.14767 -0.00000 0.00000 1.00000 0.00000
1565943726021669 1.00000 -0.00108 0.00000 -207.37279 0.00108 1.00000 -0.00000 -5.21551 -0.00000 0.00000 1.00000 0.00000
1565943726271476 1.00000 -0.00049 0.00000 -209.29851 0.00049 1.00000 -0.00000 -5.12330 -0.00000 0.00000 1.00000 0.00000
1565943726522162 1.00000 0.00056 -0.00000 -211.19262 -0.00056 1.00000 0.00000 -4.87407 0.00000 -0.00000 1.00000 0.00000
1565943726773011 1.00000 0.00193 -0.00000 -213.03492 -0.00193 1.00000 0.00000 -4.61806 0.00000 -0.00000 1.00000 0.00000
1565943727023391 1.00000 0.00001 -0.00000 -214.85489 -0.00001 1.00000 0.00000 -4.99202 0.00000 -0.00000 1.00000 0.00000
1565943727276535 1.00000 -0.00001 0.00000 -216.62997 0.00001 1.00000 -0.00000 -5.02109 -0.00000 0.00000 1.00000 0.00000
1565943727524003 1.00000 -0.00066 0.00000 -218.35874 0.00066 1.00000 -0.00000 -5.04267 -0.00000 0.00000 1.00000 0.00000
1565943727774882 0.99999 -0.00436 0.00000 -220.01343 0.00436 0.99999 -0.00000 -5.87476 -0.00000 0.00000 1.00000 0.00000
1565943728025241 0.99998 -0.00604 0.00000 -221.62497 0.00604 0.99998 -0.00000 -6.25206 -0.00000 0.00000 1.00000 0.00000
1565943728275420 0.99997 -0.00714 0.00000 -223.19921 0.00714 0.99997 -0.00000 -6.46994 -0.00000 0.00000 1.00000 0.00000
1565943728525978 0.99997 -0.00837 0.00000 -224.73740 0.00837 0.99997 -0.00000 -6.75323 -0.00000 0.00000 1.00000 0.00000
1565943728776464 0.99995 -0.01001 0.00000 -226.19815 0.01001 0.99995 -0.00000 -7.05335 -0.00000 0.00000 1.00000 0.00000
1565943729026989 0.99996 -0.00916 0.00000 -227.60517 0.00916 0.99996 -0.00000 -6.89418 -0.00000 0.00000 1.00000 0.00000
1565943729277479 0.99996 -0.00888 0.00000 -228.94518 0.00888 0.99996 -0.00000 -6.76636 -0.00000 0.00000 1.00000 0.00000
1565943729527757 0.99995 -0.01042 0.00000 -230.18389 0.01042 0.99995 -0.00000 -7.14537 -0.00000 0.00000 1.00000 0.00000
1565943729777287 0.99995 -0.00956 0.00000 -231.36255 0.00956 0.99995 -0.00000 -6.91591 -0.00000 0.00000 1.00000 0.00000
1565943730027702 0.99996 -0.00948 0.00000 -232.51865 0.00948 0.99996 -0.00000 -6.87317 -0.00000 0.00000 1.00000 0.00000
1565943730277719 0.99996 -0.00894 0.00000 -233.50327 0.00894 0.99996 -0.00000 -6.76108 -0.00000 0.00000 1.00000 0.00000
1565943730529199 0.99996 -0.00870 0.00000 -234.43802 0.00870 0.99996 -0.00000 -6.66714 -0.00000 0.00000 1.00000 0.00000
1565943730779168 0.99995 -0.00978 0.00000 -235.26849 0.00978 0.99995 -0.00000 -6.92997 -0.00000 0.00000 1.00000 0.00000
1565943731029142 0.99997 -0.00764 0.00000 -236.04291 0.00764 0.99997 -0.00000 -6.42549 -0.00000 0.00000 1.00000 0.00000
1565943731279860 0.99995 -0.00983 0.00000 -236.64058 0.00983 0.99995 -0.00000 -6.91748 -0.00000 0.00000 1.00000 0.00000
1565943731529533 0.99996 -0.00886 0.00000 -237.20384 0.00886 0.99996 -0.00000 -6.71260 -0.00000 0.00000 1.00000 0.00000
1565943731779882 0.99996 -0.00884 0.00000 -237.73539 0.00884 0.99996 -0.00000 -6.68175 -0.00000 0.00000 1.00000 0.00000
1565943732030415 0.99994 -0.01108 0.00000 -238.12413 0.01108 0.99994 -0.00000 -7.21171 -0.00000 0.00000 1.00000 0.00000
1565943732280662 0.99995 -0.01039 0.00000 -238.48975 0.01039 0.99995 -0.00000 -7.04198 -0.00000 0.00000 1.00000 0.00000
1565943732531205 0.99991 -0.01316 0.00000 -238.72197 0.01316 0.99991 -0.00000 -7.68335 -0.00000 0.00000 1.00000 0.00000
1565943732781526 0.99993 -0.01191 0.00000 -238.94922 0.01191 0.99993 -0.00000 -7.42099 -0.00000 0.00000 1.00000 0.00000
1565943733031859 0.99993 -0.01199 0.00000 -239.06945 0.01199 0.99993 -0.00000 -7.41624 -0.00000 0.00000 1.00000 0.00000
1565943733282102 0.99991 -0.01341 0.00000 -239.14286 0.01341 0.99991 -0.00000 -7.77767 -0.00000 0.00000 1.00000 0.00000
1565943733532605 0.99992 -0.01298 0.00000 -239.15814 0.01298 0.99992 -0.00000 -7.65262 -0.00000 0.00000 1.00000 0.00000
1565943733783441 0.99992 -0.01260 0.00000 -239.16312 0.01260 0.99992 -0.00000 -7.59309 -0.00000 0.00000 1.00000 0.00000
1565943734034397 0.99990 -0.01383 0.00000 -239.21325 0.01383 0.99990 -0.00000 -7.84823 -0.00000 0.00000 1.00000 0.00000
1565943734284912 0.99991 -0.01349 0.00000 -239.19063 0.01349 0.99991 -0.00000 -7.77556 -0.00000 0.00000 1.00000 0.00000
1565943734535649 0.99990 -0.01410 0.00000 -239.20358 0.01410 0.99990 -0.00000 -7.91502 -0.00000 0.00000 1.00000 0.00000
1565943734786299 0.99990 -0.01446 0.00000 -239.20340 0.01446 0.99990 -0.00000 -7.98949 -0.00000 0.00000 1.00000 0.00000
1565943735036868 0.99990 -0.01439 0.00000 -239.19090 0.01439 0.99990 -0.00000 -7.97645 -0.00000 0.00000 1.00000 0.00000
1565943735287326 0.99990 -0.01410 0.00000 -239.19704 0.01410 0.99990 -0.00000 -7.92047 -0.00000 0.00000 1.00000 0.00000
1565943735538025 0.99990 -0.01383 0.00000 -239.19308 0.01383 0.99990 -0.00000 -7.84943 -0.00000 0.00000 1.00000 0.00000
1565943735787573 0.99990 -0.01419 0.00000 -239.20670 0.01419 0.99990 -0.00000 -7.93760 -0.00000 0.00000 1.00000 0.00000
1565943736039030 0.99991 -0.01367 0.00000 -239.21407 0.01367 0.99991 -0.00000 -7.82181 -0.00000 0.00000 1.00000 0.00000
1565943736290028 0.99990 -0.01389 0.00000 -239.20580 0.01389 0.99990 -0.00000 -7.86614 -0.00000 0.00000 1.00000 0.00000
1565943736540464 0.99990 -0.01397 0.00000 -239.19117 0.01397 0.99990 -0.00000 -7.88278 -0.00000 0.00000 1.00000 0.00000
1565943736790869 0.99991 -0.01377 0.00000 -239.19831 0.01377 0.99991 -0.00000 -7.83091 -0.00000 0.00000 1.00000 0.00000
1565943737041946 0.99991 -0.01341 0.00000 -239.20282 0.01341 0.99991 -0.00000 -7.74327 -0.00000 0.00000 1.00000 0.00000
1565943737292259 0.99991 -0.01372 0.00000 -239.20722 0.01372 0.99991 -0.00000 -7.81520 -0.00000 0.00000 1.00000 0.00000
1565943737543125 0.99991 -0.01338 0.00000 -239.20406 0.01338 0.99991 -0.00000 -7.74783 -0.00000 0.00000 1.00000 0.00000
1565943737793537 0.99991 -0.01364 0.00000 -239.20953 0.01364 0.99991 -0.00000 -7.80493 -0.00000 0.00000 1.00000 0.00000
1565943738044482 0.99991 -0.01367 0.00000 -239.20116 0.01367 0.99991 -0.00000 -7.81317 -0.00000 0.00000 1.00000 0.00000
1565943738294967 0.99990 -0.01402 0.00000 -239.21696 0.01402 0.99990 -0.00000 -7.89350 -0.00000 0.00000 1.00000 0.00000
1565943738545502 0.99990 -0.01406 0.00000 -239.20505 0.01406 0.99990 -0.00000 -7.90988 -0.00000 0.00000 1.00000 0.00000
1565943738795974 0.99991 -0.01350 0.00000 -239.21206 0.01350 0.99991 -0.00000 -7.77249 -0.00000 0.00000 1.00000 0.00000
1565943739046454 0.99991 -0.01367 0.00000 -239.20594 0.01367 0.99991 -0.00000 -7.80020 -0.00000 0.00000 1.00000 0.00000
1565943739297463 0.99991 -0.01355 0.00000 -239.20843 0.01355 0.99991 -0.00000 -7.78047 -0.00000 0.00000 1.00000 0.00000
1565943739548241 0.99990 -0.01392 0.00000 -239.20826 0.01392 0.99990 -0.00000 -7.86861 -0.00000 0.00000 1.00000 0.00000
1565943739799141 0.99990 -0.01395 0.00000 -239.20156 0.01395 0.99990 -0.00000 -7.86395 -0.00000 0.00000 1.00000 0.00000
1565943740050107 0.99990 -0.01435 0.00000 -239.20671 0.01435 0.99990 -0.00000 -7.96723 -0.00000 0.00000 1.00000 0.00000
1565943740300170 0.99990 -0.01394 0.00000 -239.20412 0.01394 0.99990 -0.00000 -7.85809 -0.00000 0.00000 1.00000 0.00000
1565943740551431 0.99990 -0.01388 0.00000 -239.21165 0.01388 0.99990 -0.00000 -7.86308 -0.00000 0.00000 1.00000 0.00000
1565943740801147 0.99990 -0.01397 0.00000 -239.20144 0.01397 0.99990 -0.00000 -7.87774 -0.00000 0.00000 1.00000 0.00000
1565943741051899 0.99990 -0.01391 0.00000 -239.21501 0.01391 0.99990 -0.00000 -7.86541 -0.00000 0.00000 1.00000 0.00000
1565943741302135 0.99991 -0.01351 0.00000 -239.20458 0.01351 0.99991 -0.00000 -7.77816 -0.00000 0.00000 1.00000 0.00000
1565943741553029 0.99991 -0.01327 0.00000 -239.20718 0.01327 0.99991 -0.00000 -7.70022 -0.00000 0.00000 1.00000 0.00000
1565943741803837 0.99991 -0.01334 0.00000 -239.20825 0.01334 0.99991 -0.00000 -7.73342 -0.00000 0.00000 1.00000 0.00000
1565943742054255 0.99991 -0.01347 0.00000 -239.20590 0.01347 0.99991 -0.00000 -7.75141 -0.00000 0.00000 1.00000 0.00000
1565943742305341 0.99991 -0.01333 0.00000 -239.20647 0.01333 0.99991 -0.00000 -7.72777 -0.00000 0.00000 1.00000 0.00000
1565943742556136 0.99991 -0.01368 0.00000 -239.20464 0.01368 0.99991 -0.00000 -7.80635 -0.00000 0.00000 1.00000 0.00000
1565943742806723 0.99991 -0.01338 0.00000 -239.19923 0.01338 0.99991 -0.00000 -7.72973 -0.00000 0.00000 1.00000 0.00000
1565943743057257 0.99991 -0.01315 0.00000 -239.18638 0.01315 0.99991 -0.00000 -7.69158 -0.00000 0.00000 1.00000 0.00000
1565943743308269 0.99991 -0.01358 0.00000 -239.20040 0.01358 0.99991 -0.00000 -7.79521 -0.00000 0.00000 1.00000 0.00000
1565943743559132 0.99990 -0.01389 0.00000 -239.19598 0.01389 0.99990 -0.00000 -7.85417 -0.00000 0.00000 1.00000 0.00000
1565943743809261 0.99990 -0.01390 0.00000 -239.21113 0.01390 0.99990 -0.00000 -7.85576 -0.00000 0.00000 1.00000 0.00000
1565943744060696 0.99990 -0.01386 0.00000 -239.19214 0.01386 0.99990 -0.00000 -7.85102 -0.00000 0.00000 1.00000 0.00000
1565943744311363 0.99991 -0.01360 0.00000 -239.20255 0.01360 0.99991 -0.00000 -7.78727 -0.00000 0.00000 1.00000 0.00000
1565943744561189 0.99991 -0.01319 0.00000 -239.20513 0.01319 0.99991 -0.00000 -7.69827 -0.00000 0.00000 1.00000 0.00000
1565943744811664 0.99990 -0.01392 0.00000 -239.19478 0.01392 0.99990 -0.00000 -7.88593 -0.00000 0.00000 1.00000 0.00000
1565943745062334 0.99991 -0.01370 0.00000 -239.20210 0.01370 0.99991 -0.00000 -7.81041 -0.00000 0.00000 1.00000 0.00000
1565943745313088 0.99990 -0.01387 0.00000 -239.20473 0.01387 0.99990 -0.00000 -7.85733 -0.00000 0.00000 1.00000 0.00000
1565943745563592 0.99992 -0.01283 0.00000 -239.20806 0.01283 0.99992 -0.00000 -7.60876 -0.00000 0.00000 1.00000 0.00000
1565943745814243 0.99991 -0.01354 0.00000 -239.21084 0.01354 0.99991 -0.00000 -7.76908 -0.00000 0.00000 1.00000 0.00000
1565943746064723 0.99992 -0.01281 0.00000 -239.19526 0.01281 0.99992 -0.00000 -7.59446 -0.00000 0.00000 1.00000 0.00000
1565943746315158 0.99991 -0.01324 0.00000 -239.21739 0.01324 0.99991 -0.00000 -7.70918 -0.00000 0.00000 1.00000 0.00000
1565943746566330 0.99991 -0.01359 0.00000 -239.18870 0.01359 0.99991 -0.00000 -7.79879 -0.00000 0.00000 1.00000 0.00000
1565943746817063 0.99991 -0.01368 0.00000 -239.20988 0.01368 0.99991 -0.00000 -7.80857 -0.00000 0.00000 1.00000 0.00000
1565943747067070 0.99991 -0.01339 0.00000 -239.19592 0.01339 0.99991 -0.00000 -7.73157 -0.00000 0.00000 1.00000 0.00000
1565943747317567 0.99991 -0.01349 0.00000 -239.21314 0.01349 0.99991 -0.00000 -7.77303 -0.00000 0.00000 1.00000 0.00000
1565943747567928 0.99991 -0.01318 0.00000 -239.21198 0.01318 0.99991 -0.00000 -7.69732 -0.00000 0.00000 1.00000 0.00000
1565943747818328 0.99991 -0.01376 0.00000 -239.22024 0.01376 0.99991 -0.00000 -7.82862 -0.00000 0.00000 1.00000 0.00000
1565943748069078 0.99990 -0.01397 0.00000 -239.21399 0.01397 0.99990 -0.00000 -7.88577 -0.00000 0.00000 1.00000 0.00000
1565943748320130 0.99990 -0.01384 0.00000 -239.21671 0.01384 0.99990 -0.00000 -7.84110 -0.00000 0.00000 1.00000 0.00000
1565943748570403 0.99991 -0.01377 0.00000 -239.21711 0.01377 0.99991 -0.00000 -7.83555 -0.00000 0.00000 1.00000 0.00000
1565943748821179 0.99991 -0.01378 0.00000 -239.21357 0.01378 0.99991 -0.00000 -7.83915 -0.00000 0.00000 1.00000 0.00000
1565943749071929 0.99991 -0.01365 0.00000 -239.21214 0.01365 0.99991 -0.00000 -7.80067 -0.00000 0.00000 1.00000 0.00000
1565943749322034 0.99991 -0.01349 0.00000 -239.21516 0.01349 0.99991 -0.00000 -7.75586 -0.00000 0.00000 1.00000 0.00000
1565943749572348 0.99991 -0.01361 0.00000 -239.21751 0.01361 0.99991 -0.00000 -7.78669 -0.00000 0.00000 1.00000 0.00000
1565943749823100 0.99991 -0.01330 0.00000 -239.20745 0.01330 0.99991 -0.00000 -7.71709 -0.00000 0.00000 1.00000 0.00000
1565943750074213 0.99990 -0.01421 0.00000 -239.22086 0.01421 0.99990 -0.00000 -7.93365 -0.00000 0.00000 1.00000 0.00000
1565943750324552 0.99990 -0.01402 0.00000 -239.21610 0.01402 0.99990 -0.00000 -7.89164 -0.00000 0.00000 1.00000 0.00000
1565943750575299 0.99991 -0.01342 0.00000 -239.20735 0.01342 0.99991 -0.00000 -7.75196 -0.00000 0.00000 1.00000 0.00000
1565943750825654 0.99991 -0.01374 0.00000 -239.22504 0.01374 0.99991 -0.00000 -7.81419 -0.00000 0.00000 1.00000 0.00000
1565943751076848 0.99990 -0.01390 0.00000 -239.21142 0.01390 0.99990 -0.00000 -7.85714 -0.00000 0.00000 1.00000 0.00000
1565943751327268 0.99990 -0.01380 0.00000 -239.21246 0.01380 0.99990 -0.00000 -7.83502 -0.00000 0.00000 1.00000 0.00000
1565943751577833 0.99991 -0.01348 0.00000 -239.21114 0.01348 0.99991 -0.00000 -7.76480 -0.00000 0.00000 1.00000 0.00000
1565943751829826 0.99991 -0.01340 0.00000 -239.22222 0.01340 0.99991 -0.00000 -7.73381 -0.00000 0.00000 1.00000 0.00000
1565943752079372 0.99990 -0.01382 0.00000 -239.22485 0.01382 0.99990 -0.00000 -7.84384 -0.00000 0.00000 1.00000 0.00000
1565943752329853 0.99990 -0.01390 0.00000 -239.20385 0.01390 0.99990 -0.00000 -7.85537 -0.00000 0.00000 1.00000 0.00000
1565943752580950 0.99991 -0.01369 0.00000 -239.22029 0.01369 0.99991 -0.00000 -7.82323 -0.00000 0.00000 1.00000 0.00000
1565943752831437 0.99991 -0.01334 0.00000 -239.20557 0.01334 0.99991 -0.00000 -7.71846 -0.00000 0.00000 1.00000 0.00000
1565943753081827 0.99991 -0.01347 0.00000 -239.20474 0.01347 0.99991 -0.00000 -7.75332 -0.00000 0.00000 1.00000 0.00000
1565943753333101 0.99991 -0.01365 0.00000 -239.20440 0.01365 0.99991 -0.00000 -7.80077 -0.00000 0.00000 1.00000 0.00000
1565943753583470 0.99991 -0.01352 0.00000 -239.22142 0.01352 0.99991 -0.00000 -7.77606 -0.00000 0.00000 1.00000 0.00000
1565943753833813 0.99991 -0.01344 0.00000 -239.20861 0.01344 0.99991 -0.00000 -7.74664 -0.00000 0.00000 1.00000 0.00000
1565943754084294 0.99991 -0.01345 0.00000 -239.21374 0.01345 0.99991 -0.00000 -7.75064 -0.00000 0.00000 1.00000 0.00000
1565943754335174 0.99991 -0.01373 0.00000 -239.22142 0.01373 0.99991 -0.00000 -7.80898 -0.00000 0.00000 1.00000 0.00000
1565943754586165 0.99990 -0.01398 0.00000 -239.20273 0.01398 0.99990 -0.00000 -7.86833 -0.00000 0.00000 1.00000 0.00000
1565943754836377 0.99991 -0.01332 0.00000 -239.21152 0.01332 0.99991 -0.00000 -7.71524 -0.00000 0.00000 1.00000 0.00000
1565943755087352 0.99992 -0.01247 0.00000 -239.20466 0.01247 0.99992 -0.00000 -7.53223 -0.00000 0.00000 1.00000 0.00000
1565943755336923 0.99991 -0.01318 0.00000 -239.21180 0.01318 0.99991 -0.00000 -7.68409 -0.00000 0.00000 1.00000 0.00000
1565943755587344 0.99991 -0.01369 0.00000 -239.21071 0.01369 0.99991 -0.00000 -7.81587 -0.00000 0.00000 1.00000 0.00000
1565943755839223 0.99991 -0.01338 0.00000 -239.21360 0.01338 0.99991 -0.00000 -7.73664 -0.00000 0.00000 1.00000 0.00000
1565943756089524 0.99990 -0.01393 0.00000 -239.19790 0.01393 0.99990 -0.00000 -7.87265 -0.00000 0.00000 1.00000 0.00000
1565943756340195 0.99991 -0.01358 0.00000 -239.22442 0.01358 0.99991 -0.00000 -7.78194 -0.00000 0.00000 1.00000 0.00000
1565943756590953 0.99990 -0.01380 0.00000 -239.19873 0.01380 0.99990 -0.00000 -7.84165 -0.00000 0.00000 1.00000 0.00000
1565943756841637 0.99991 -0.01340 0.00000 -239.22661 0.01340 0.99991 -0.00000 -7.73880 -0.00000 0.00000 1.00000 0.00000
1565943757092082 0.99991 -0.01360 0.00000 -239.21293 0.01360 0.99991 -0.00000 -7.79402 -0.00000 0.00000 1.00000 0.00000
1565943757343195 0.99991 -0.01369 0.00000 -239.22786 0.01369 0.99991 -0.00000 -7.81102 -0.00000 0.00000 1.00000 0.00000
1565943757593665 0.99991 -0.01350 0.00000 -239.21228 0.01350 0.99991 -0.00000 -7.76656 -0.00000 0.00000 1.00000 0.00000
1565943757844091 0.99990 -0.01400 0.00000 -239.20648 0.01400 0.99990 -0.00000 -7.88518 -0.00000 0.00000 1.00000 0.00000
1565943758094913 0.99991 -0.01376 0.00000 -239.20779 0.01376 0.99991 -0.00000 -7.82107 -0.00000 0.00000 1.00000 0.00000
1565943758345592 0.99991 -0.01343 0.00000 -239.21276 0.01343 0.99991 -0.00000 -7.75243 -0.00000 0.00000 1.00000 0.00000
1565943758596500 0.99990 -0.01407 0.00000 -239.20634 0.01407 0.99990 -0.00000 -7.89774 -0.00000 0.00000 1.00000 0.00000
1565943758846736 0.99991 -0.01341 0.00000 -239.21546 0.01341 0.99991 -0.00000 -7.75680 -0.00000 0.00000 1.00000 0.00000
1565943759097207 0.99990 -0.01383 0.00000 -239.20879 0.01383 0.99990 -0.00000 -7.83746 -0.00000 0.00000 1.00000 0.00000
1565943759348273 0.99990 -0.01434 0.00000 -239.20492 0.01434 0.99990 -0.00000 -7.97285 -0.00000 0.00000 1.00000 0.00000
1565943759599879 0.99990 -0.01406 0.00000 -239.20740 0.01406 0.99990 -0.00000 -7.89572 -0.00000 0.00000 1.00000 0.00000
1565943759849726 0.99990 -0.01428 0.00000 -239.20022 0.01428 0.99990 -0.00000 -7.93910 -0.00000 0.00000 1.00000 0.00000
1565943760100621 0.99990 -0.01391 0.00000 -239.21397 0.01391 0.99990 -0.00000 -7.87163 -0.00000 0.00000 1.00000 0.00000
1565943760350188 0.99990 -0.01384 0.00000 -239.20309 0.01384 0.99990 -0.00000 -7.84649 -0.00000 0.00000 1.00000 0.00000
1565943760600822 0.99991 -0.01378 0.00000 -239.20578 0.01378 0.99991 -0.00000 -7.82509 -0.00000 0.00000 1.00000 0.00000
1565943760851441 0.99990 -0.01396 0.00000 -239.20580 0.01396 0.99990 -0.00000 -7.86755 -0.00000 0.00000 1.00000 0.00000
1565943761102097 0.99990 -0.01430 0.00000 -239.20093 0.01430 0.99990 -0.00000 -7.95075 -0.00000 0.00000 1.00000 0.00000
1565943761352812 0.99990 -0.01422 0.00000 -239.21046 0.01422 0.99990 -0.00000 -7.92989 -0.00000 0.00000 1.00000 0.00000
1565943761603055 0.99991 -0.01368 0.00000 -239.20680 0.01368 0.99991 -0.00000 -7.80426 -0.00000 0.00000 1.00000 0.00000
1565943761853975 0.99991 -0.01355 0.00000 -239.21761 0.01355 0.99991 -0.00000 -7.79188 -0.00000 0.00000 1.00000 0.00000
1565943762104823 0.99990 -0.01404 0.00000 -239.20186 0.01404 0.99990 -0.00000 -7.88325 -0.00000 0.00000 1.00000 0.00000
1565943762355652 0.99990 -0.01387 0.00000 -239.20803 0.01387 0.99990 -0.00000 -7.86355 -0.00000 0.00000 1.00000 0.00000
1565943762606255 0.99990 -0.01422 0.00000 -239.21019 0.01422 0.99990 -0.00000 -7.93090 -0.00000 0.00000 1.00000 0.00000
1565943762857243 0.99990 -0.01420 0.00000 -239.21597 0.01420 0.99990 -0.00000 -7.94483 -0.00000 0.00000 1.00000 0.00000
1565943763107850 0.99991 -0.01369 0.00000 -239.21201 0.01369 0.99991 -0.00000 -7.80317 -0.00000 0.00000 1.00000 0.00000
1565943763360033 0.99990 -0.01387 0.00000 -239.20057 0.01387 0.99990 -0.00000 -7.84924 -0.00000 0.00000 1.00000 0.00000
1565943763609765 0.99991 -0.01350 0.00000 -239.21343 0.01350 0.99991 -0.00000 -7.76617 -0.00000 0.00000 1.00000 0.00000
1565943763860724 0.99991 -0.01358 0.00000 -239.20875 0.01358 0.99991 -0.00000 -7.78432 -0.00000 0.00000 1.00000 0.00000
1565943764111165 0.99991 -0.01311 0.00000 -239.21747 0.01311 0.99991 -0.00000 -7.67665 -0.00000 0.00000 1.00000 0.00000
1565943764362008 0.99990 -0.01386 0.00000 -239.22809 0.01386 0.99990 -0.00000 -7.85842 -0.00000 0.00000 1.00000 0.00000
1565943764612870 0.99990 -0.01389 0.00000 -239.26371 0.01389 0.99990 -0.00000 -7.85501 -0.00000 0.00000 1.00000 0.00000
1565943764863465 0.99991 -0.01309 0.00000 -239.32825 0.01309 0.99991 -0.00000 -7.67185 -0.00000 0.00000 1.00000 0.00000
1565943765114275 0.99991 -0.01354 0.00000 -239.42121 0.01354 0.99991 -0.00000 -7.78995 -0.00000 0.00000 1.00000 0.00000
1565943765365077 0.99991 -0.01363 0.00000 -239.45207 0.01363 0.99991 -0.00000 -7.80218 -0.00000 0.00000 1.00000 0.00000
1565943765615633 0.99990 -0.01401 0.00000 -239.57091 0.01401 0.99990 -0.00000 -7.91502 -0.00000 0.00000 1.00000 0.00000
1565943765866439 0.99991 -0.01313 0.00000 -239.69181 0.01313 0.99991 -0.00000 -7.68404 -0.00000 0.00000 1.00000 0.00000
1565943766117369 0.99992 -0.01294 0.00000 -239.83024 0.01294 0.99992 -0.00000 -7.62101 -0.00000 0.00000 1.00000 0.00000
1565943766367067 0.99991 -0.01366 0.00000 -239.98448 0.01366 0.99991 -0.00000 -7.82337 -0.00000 0.00000 1.00000 0.00000
1565943766618969 0.99991 -0.01358 0.00000 -240.13173 0.01358 0.99991 -0.00000 -7.78733 -0.00000 0.00000 1.00000 0.00000
1565943766869383 0.99993 -0.01147 0.00000 -240.29741 0.01147 0.99993 -0.00000 -7.28940 -0.00000 0.00000 1.00000 0.00000
1565943767119185 0.99993 -0.01180 0.00000 -240.40127 0.01180 0.99993 -0.00000 -7.37555 -0.00000 0.00000 1.00000 0.00000
1565943767370790 0.99993 -0.01159 0.00000 -240.52337 0.01159 0.99993 -0.00000 -7.34904 -0.00000 0.00000 1.00000 0.00000
1565943767619940 0.99992 -0.01269 0.00000 -240.56006 0.01269 0.99992 -0.00000 -7.57743 -0.00000 0.00000 1.00000 0.00000
1565943767870392 0.99994 -0.01106 0.00000 -240.61047 0.01106 0.99994 -0.00000 -7.18586 -0.00000 0.00000 1.00000 0.00000
1565943768121401 0.99991 -0.01311 0.00000 -240.58636 0.01311 0.99991 -0.00000 -7.68765 -0.00000 0.00000 1.00000 0.00000
1565943768372165 0.99991 -0.01343 0.00000 -240.56024 0.01343 0.99991 -0.00000 -7.79127 -0.00000 0.00000 1.00000 0.00000
1565943768622322 0.99992 -0.01272 0.00000 -240.58584 0.01272 0.99992 -0.00000 -7.61286 -0.00000 0.00000 1.00000 0.00000
1565943768872964 0.99992 -0.01290 0.00000 -240.56469 0.01290 0.99992 -0.00000 -7.63935 -0.00000 0.00000 1.00000 0.00000
1565943769123691 0.99991 -0.01349 0.00000 -240.54334 0.01349 0.99991 -0.00000 -7.83000 -0.00000 0.00000 1.00000 0.00000
1565943769374307 0.99992 -0.01262 0.00000 -240.57664 0.01262 0.99992 -0.00000 -7.57650 -0.00000 0.00000 1.00000 0.00000
1565943769626467 0.99991 -0.01360 0.00000 -240.56026 0.01360 0.99991 -0.00000 -7.81982 -0.00000 0.00000 1.00000 0.00000
1565943769875192 0.99993 -0.01157 0.00000 -240.61513 0.01157 0.99993 -0.00000 -7.30536 -0.00000 0.00000 1.00000 0.00000
1565943770125827 0.99991 -0.01370 0.00000 -240.56088 0.01370 0.99991 -0.00000 -7.83845 -0.00000 0.00000 1.00000 0.00000
1565943770376308 0.99993 -0.01190 0.00000 -240.57638 0.01190 0.99993 -0.00000 -7.39469 -0.00000 0.00000 1.00000 0.00000
1565943770627588 0.99991 -0.01306 0.00000 -240.58212 0.01306 0.99991 -0.00000 -7.68089 -0.00000 0.00000 1.00000 0.00000
1565943770876986 0.99991 -0.01324 0.00000 -240.56342 0.01324 0.99991 -0.00000 -7.75129 -0.00000 0.00000 1.00000 0.00000
1565943771128958 0.99992 -0.01288 0.00000 -240.56766 0.01288 0.99992 -0.00000 -7.64861 -0.00000 0.00000 1.00000 0.00000
1565943771378939 0.99991 -0.01310 0.00000 -240.56797 0.01310 0.99991 -0.00000 -7.68161 -0.00000 0.00000 1.00000 0.00000
1565943771633883 0.99993 -0.01211 0.00000 -240.59698 0.01211 0.99993 -0.00000 -7.43334 -0.00000 0.00000 1.00000 0.00000
1565943771880318 0.99991 -0.01349 0.00000 -240.55275 0.01349 0.99991 -0.00000 -7.79730 -0.00000 0.00000 1.00000 0.00000
1565943772131008 0.99992 -0.01292 0.00000 -240.58155 0.01292 0.99992 -0.00000 -7.63586 -0.00000 0.00000 1.00000 0.00000
1565943772381687 0.99991 -0.01346 0.00000 -240.56114 0.01346 0.99991 -0.00000 -7.78485 -0.00000 0.00000 1.00000 0.00000
1565943772631937 0.99992 -0.01291 0.00000 -240.58350 0.01291 0.99992 -0.00000 -7.62687 -0.00000 0.00000 1.00000 0.00000
1565943772882672 0.99992 -0.01279 0.00000 -240.57074 0.01279 0.99992 -0.00000 -7.62114 -0.00000 0.00000 1.00000 0.00000
1565943773133292 0.99992 -0.01267 0.00000 -240.58738 0.01267 0.99992 -0.00000 -7.58292 -0.00000 0.00000 1.00000 0.00000
1565943773383976 0.99992 -0.01304 0.00000 -240.56961 0.01304 0.99992 -0.00000 -7.67593 -0.00000 0.00000 1.00000 0.00000
1565943773634300 0.99992 -0.01265 0.00000 -240.57988 0.01265 0.99992 -0.00000 -7.57162 -0.00000 0.00000 1.00000 0.00000
1565943773885165 0.99992 -0.01291 0.00000 -240.57286 0.01291 0.99992 -0.00000 -7.64228 -0.00000 0.00000 1.00000 0.00000
1565943774135712 0.99992 -0.01252 0.00000 -240.57911 0.01252 0.99992 -0.00000 -7.54882 -0.00000 0.00000 1.00000 0.00000
1565943774386328 0.99991 -0.01334 0.00000 -240.57942 0.01334 0.99991 -0.00000 -7.74577 -0.00000 0.00000 1.00000 0.00000
1565943774636807 0.99992 -0.01256 0.00000 -240.58353 0.01256 0.99992 -0.00000 -7.55912 -0.00000 0.00000 1.00000 0.00000
1565943774887354 0.99992 -0.01294 0.00000 -240.57642 0.01294 0.99992 -0.00000 -7.66590 -0.00000 0.00000 1.00000 0.00000
1565943775137699 0.99992 -0.01238 0.00000 -240.56985 0.01238 0.99992 -0.00000 -7.51736 -0.00000 0.00000 1.00000 0.00000
1565943775388646 0.99992 -0.01298 0.00000 -240.57051 0.01298 0.99992 -0.00000 -7.65407 -0.00000 0.00000 1.00000 0.00000
1565943775639166 0.99992 -0.01264 0.00000 -240.56343 0.01264 0.99992 -0.00000 -7.57618 -0.00000 0.00000 1.00000 0.00000
1565943775890561 0.99992 -0.01250 0.00000 -240.59152 0.01250 0.99992 -0.00000 -7.53579 -0.00000 0.00000 1.00000 0.00000
1565943776140625 0.99992 -0.01289 0.00000 -240.58793 0.01289 0.99992 -0.00000 -7.63432 -0.00000 0.00000 1.00000 0.00000
1565943776390606 0.99990 -0.01381 0.00000 -240.56821 0.01381 0.99990 -0.00000 -7.87204 -0.00000 0.00000 1.00000 0.00000
1565943776641180 0.99991 -0.01314 0.00000 -240.59980 0.01314 0.99991 -0.00000 -7.70355 -0.00000 0.00000 1.00000 0.00000
1565943776891547 0.99992 -0.01231 0.00000 -240.59234 0.01231 0.99992 -0.00000 -7.48686 -0.00000 0.00000 1.00000 0.00000
1565943777142561 0.99991 -0.01312 0.00000 -240.58612 0.01312 0.99991 -0.00000 -7.70013 -0.00000 0.00000 1.00000 0.00000
1565943777393105 0.99993 -0.01203 0.00000 -240.59031 0.01203 0.99993 -0.00000 -7.42247 -0.00000 0.00000 1.00000 0.00000
1565943777643729 0.99990 -0.01382 0.00000 -240.56943 0.01382 0.99990 -0.00000 -7.88561 -0.00000 0.00000 1.00000 0.00000
1565943777894603 0.99992 -0.01239 0.00000 -240.57540 0.01239 0.99992 -0.00000 -7.51669 -0.00000 0.00000 1.00000 0.00000
1565943778145052 0.99991 -0.01342 0.00000 -240.57777 0.01342 0.99991 -0.00000 -7.75821 -0.00000 0.00000 1.00000 0.00000
1565943778395950 0.99992 -0.01250 0.00000 -240.57936 0.01250 0.99992 -0.00000 -7.54180 -0.00000 0.00000 1.00000 0.00000
1565943778646413 0.99992 -0.01260 0.00000 -240.58683 0.01260 0.99992 -0.00000 -7.56168 -0.00000 0.00000 1.00000 0.00000
1565943778896730 0.99993 -0.01208 0.00000 -240.59393 0.01208 0.99993 -0.00000 -7.43910 -0.00000 0.00000 1.00000 0.00000
1565943779147362 0.99992 -0.01239 0.00000 -240.59558 0.01239 0.99992 -0.00000 -7.53284 -0.00000 0.00000 1.00000 0.00000
1565943779399942 0.99994 -0.01133 0.00000 -240.60439 0.01133 0.99994 -0.00000 -7.24632 -0.00000 0.00000 1.00000 0.00000
1565943779650343 0.99992 -0.01284 0.00000 -240.58897 0.01284 0.99992 -0.00000 -7.63053 -0.00000 0.00000 1.00000 0.00000
1565943779901195 0.99992 -0.01261 0.00000 -240.57842 0.01261 0.99992 -0.00000 -7.57807 -0.00000 0.00000 1.00000 0.00000
1565943780150929 0.99992 -0.01243 0.00000 -240.59930 0.01243 0.99992 -0.00000 -7.52260 -0.00000 0.00000 1.00000 0.00000
1565943780401616 0.99993 -0.01182 0.00000 -240.57927 0.01182 0.99993 -0.00000 -7.37342 -0.00000 0.00000 1.00000 0.00000
1565943780652300 0.99991 -0.01323 0.00000 -240.58094 0.01323 0.99991 -0.00000 -7.72801 -0.00000 0.00000 1.00000 0.00000
1565943780902720 0.99993 -0.01179 0.00000 -240.58227 0.01179 0.99993 -0.00000 -7.37516 -0.00000 0.00000 1.00000 0.00000
1565943781153309 0.99991 -0.01329 0.00000 -240.56428 0.01329 0.99991 -0.00000 -7.74969 -0.00000 0.00000 1.00000 0.00000
1565943781404098 0.99992 -0.01291 0.00000 -240.59510 0.01291 0.99992 -0.00000 -7.62619 -0.00000 0.00000 1.00000 0.00000
1565943781655128 0.99991 -0.01361 0.00000 -240.57888 0.01361 0.99991 -0.00000 -7.81898 -0.00000 0.00000 1.00000 0.00000
1565943781905772 0.99992 -0.01256 0.00000 -240.59035 0.01256 0.99992 -0.00000 -7.55219 -0.00000 0.00000 1.00000 0.00000
1565943782155842 0.99993 -0.01217 0.00000 -240.58750 0.01217 0.99993 -0.00000 -7.47261 -0.00000 0.00000 1.00000 0.00000
1565943782406941 0.99991 -0.01314 0.00000 -240.57368 0.01314 0.99991 -0.00000 -7.69475 -0.00000 0.00000 1.00000 0.00000
1565943782657442 0.99992 -0.01254 0.00000 -240.59573 0.01254 0.99992 -0.00000 -7.55282 -0.00000 0.00000 1.00000 0.00000
1565943782908478 0.99991 -0.01362 0.00000 -240.57560 0.01362 0.99991 -0.00000 -7.81449 -0.00000 0.00000 1.00000 0.00000
1565943783158466 0.99992 -0.01301 0.00000 -240.58759 0.01301 0.99992 -0.00000 -7.66225 -0.00000 0.00000 1.00000 0.00000
1565943783410423 0.99991 -0.01317 0.00000 -240.57111 0.01317 0.99991 -0.00000 -7.70653 -0.00000 0.00000 1.00000 0.00000
1565943783660100 0.99992 -0.01260 0.00000 -240.60397 0.01260 0.99992 -0.00000 -7.55471 -0.00000 0.00000 1.00000 0.00000
1565943783910046 0.99992 -0.01240 0.00000 -240.58843 0.01240 0.99992 -0.00000 -7.52505 -0.00000 0.00000 1.00000 0.00000
