1547822825867784 1.00000 0.00000 0.00000 -0.00000 0.00000 1.00000 0.00000 -0.00000 0.00000 0.00000 1.00000 -0.00000
1547822826121499 1.00000 -0.00002 -0.00000 0.00082 0.00002 1.00000 0.00000 -0.00031 0.00000 -0.00000 1.00000 0.00000
1547822826375238 1.00000 -0.00006 -0.00000 0.00099 0.00006 1.00000 0.00000 -0.00063 0.00000 -0.00000 1.00000 0.00000
1547822826627382 1.00000 -0.00004 -0.00000 0.00084 0.00004 1.00000 0.00000 -0.00061 0.00000 -0.00000 1.00000 0.00000
1547822826878072 1.00000 -0.00001 -0.00000 0.00060 0.00001 1.00000 0.00000 -0.00034 0.00000 -0.00000 1.00000 0.00000
1547822827127130 1.00000 0.00002 -0.00000 -0.00001 -0.00002 1.00000 0.00000 0.00002 0.00000 -0.00000 1.00000 -0.00000
1547822827376029 1.00000 0.00001 -0.00000 -0.00016 -0.00001 1.00000 0.00000 0.00004 0.00000 -0.00000 1.00000 -0.00000
1547822827624825 1.00000 -0.00000 -0.00000 0.00001 0.00000 1.00000 0.00000 -0.00028 0.00000 -0.00000 1.00000 0.00000
1547822827873296 1.00000 -0.00000 -0.00000 -0.00005 0.00000 1.00000 0.00000 -0.00040 0.00000 -0.00000 1.00000 0.00000
1547822828122845 1.00000 -0.00002 -0.00000 -0.00050 0.00002 1.00000 0.00000 -0.00036 0.00000 -0.00000 1.00000 0.00000
1547822828373564 1.00000 -0.00001 -0.00000 -0.00049 0.00001 1.00000 0.00000 -0.00040 0.00000 -0.00000 1.00000 0.00000
1547822828624376 1.00000 0.00001 -0.00000 -0.00011 -0.00001 1.00000 0.00000 -0.00001 0.00000 -0.00000 1.00000 0.00000
1547822828874856 1.00000 -0.00002 -0.00000 -0.00003 0.00002 1.00000 0.00000 -0.00013 0.00000 -0.00000 1.00000 0.00000
1547822829124871 1.00000 -0.00003 -0.00000 -0.00008 0.00003 1.00000 0.00000 -0.00032 0.00000 -0.00000 1.00000 0.00000
1547822829374308 1.00000 -0.00003 -0.00000 0.00000 0.00003 1.00000 0.00000 -0.00052 0.00000 -0.00000 1.00000 0.00000
1547822829623733 1.00000 -0.00000 -0.00000 -0.00035 0.00000 1.00000 0.00000 -0.00044 0.00000 -0.00000 1.00000 0.00000
1547822829872930 1.00000 -0.00002 -0.00000 -0.00017 0.00002 1.00000 0.00000 -0.00041 0.00000 -0.00000 1.00000 0.00000
1547822830121632 1.00000 -0.00003 -0.00000 -0.00035 0.00003 1.00000 0.00000 -0.00033 0.00000 -0.00000 1.00000 0.00000
1547822830370486 1.00000 -0.00002 -0.00000 -0.00067 0.00002 1.00000 0.00000 -0.00009 0.00000 -0.00000 1.00000 0.00000
1547822830618760 1.00000 -0.00001 -0.00000 -0.00046 0.00001 1.00000 0.00000 0.00002 0.00000 -0.00000 1.00000 -0.00000
1547822830866789 1.00000 0.00002 -0.00000 0.00122 -0.00002 1.00000 0.00000 -0.00024 0.00000 -0.00000 1.00000 0.00000
1547822831114886 1.00000 0.00002 -0.00000 0.00072 -0.00002 1.00000 0.00000 -0.00017 0.00000 -0.00000 1.00000 0.00000
1547822831362678 1.00000 0.00001 -0.00000 0.00039 -0.00001 1.00000 0.00000 -0.00015 0.00000 -0.00000 1.00000 0.00000
1547822831609903 1.00000 -0.00000 -0.00000 0.00001 0.00000 1.00000 0.00000 -0.00025 0.00000 -0.00000 1.00000 0.00000
1547822831858236 1.00000 -0.00002 -0.00000 -0.00036 0.00002 1.00000 0.00000 -0.00040 0.00000 -0.00000 1.00000 0.00000
1547822832107572 1.00000 -0.00001 -0.00000 -0.00097 0.00001 1.00000 0.00000 -0.00032 0.00000 -0.00000 1.00000 0.00000
1547822832357645 1.00000 -0.00000 -0.00000 -0.00119 0.00000 1.00000 0.00000 -0.00046 0.00000 -0.00000 1.00000 0.00000
1547822832608849 1.00000 0.00002 -0.00000 -0.00128 -0.00002 1.00000 0.00000 -0.00026 0.00000 -0.00000 1.00000 0.00000
1547822832861016 1.00000 0.00002 -0.00000 -0.00165 -0.00002 1.00000 0.00000 -0.00001 0.00000 -0.00000 1.00000 0.00000
1547822833113101 1.00000 0.00001 -0.00000 -0.00161 -0.00001 1.00000 0.00000 -0.00005 0.00000 -0.00000 1.00000 0.00000
1547822833365031 1.00000 0.00001 -0.00000 -0.00148 -0.00001 1.00000 0.00000 -0.00004 0.00000 -0.00000 1.00000 0.00000
1547822833615634 1.00000 0.00001 -0.00000 -0.00052 -0.00001 1.00000 0.00000 -0.00016 0.00000 -0.00000 1.00000 0.00000
1547822833864713 1.00000 0.00002 -0.00000 -0.00058 -0.00002 1.00000 0.00000 -0.00018 0.00000 -0.00000 1.00000 0.00000
1547822834113552 1.00000 0.00003 -0.00000 -0.00105 -0.00003 1.00000 0.00000 -0.00005 0.00000 -0.00000 1.00000 0.00000
1547822834361968 1.00000 0.00004 -0.00000 -0.00122 -0.00004 1.00000 0.00000 0.00004 0.00000 -0.00000 1.00000 -0.00000
1547822834610327 1.00000 0.00006 -0.00000 -0.00044 -0.00006 1.00000 0.00000 -0.00005 0.00000 -0.00000 1.00000 0.00000
1547822834859781 1.00000 0.00007 -0.00000 -0.00042 -0.00007 1.00000 0.00000 -0.00012 0.00000 -0.00000 1.00000 0.00000
1547822835110436 1.00000 0.00015 -0.00000 -0.00013 -0.00015 1.00000 0.00000 0.00012 0.00000 -0.00000 1.00000 -0.00000
1547822835361471 1.00000 0.00017 -0.00000 -0.00011 -0.00017 1.00000 0.00000 0.00029 0.00000 -0.00000 1.00000 -0.00000
1547822835612263 1.00000 0.00012 -0.00000 -0.00069 -0.00012 1.00000 0.00000 0.00019 0.00000 -0.00000 1.00000 -0.00000
1547822835862186 1.00000 0.00011 -0.00000 0.00012 -0.00011 1.00000 0.00000 -0.00030 0.00000 -0.00000 1.00000 0.00000
1547822836111540 1.00000 0.00009 -0.00000 -0.00008 -0.00009 1.00000 0.00000 -0.00016 0.00000 -0.00000 1.00000 0.00000
1547822836361160 1.00000 0.00007 -0.00000 -0.00056 -0.00007 1.00000 0.00000 -0.00018 0.00000 -0.00000 1.00000 0.00000
1547822836610228 1.00000 0.00006 -0.00000 -0.00049 -0.00006 1.00000 0.00000 -0.00017 0.00000 -0.00000 1.00000 0.00000
1547822836858728 1.00000 0.00006 -0.00000 0.00024 -0.00006 1.00000 0.00000 -0.00004 0.00000 -0.00000 1.00000 0.00000
1547822837107203 1.00000 0.00006 -0.00000 0.00063 -0.00006 1.00000 0.00000 0.00016 0.00000 -0.00000 1.00000 0.00000
1547822837355546 1.00000 0.00004 -0.00000 0.00045 -0.00004 1.00000 0.00000 0.00006 0.00000 -0.00000 1.00000 0.00000
1547822837603843 1.00000 0.00003 -0.00000 0.00059 -0.00003 1.00000 0.00000 -0.00008 0.00000 -0.00000 1.00000 0.00000
1547822837852005 1.00000 0.00004 -0.00000 0.00090 -0.00004 1.00000 0.00000 -0.00016 0.00000 -0.00000 1.00000 0.00000
1547822838099834 1.00000 0.00005 -0.00000 0.00146 -0.00005 1.00000 0.00000 -0.00028 0.00000 -0.00000 1.00000 0.00000
1547822838347517 1.00000 0.00007 -0.00000 0.00095 -0.00007 1.00000 0.00000 -0.00042 0.00000 -0.00000 1.00000 0.00000
1547822838595750 1.00000 0.00015 -0.00000 0.00061 -0.00015 1.00000 0.00000 0.00037 0.00000 -0.00000 1.00000 0.00000
1547822838845277 1.00000 0.00015 -0.00000 0.00044 -0.00015 1.00000 0.00000 0.00024 0.00000 -0.00000 1.00000 0.00000
1547822839095594 1.00000 0.00012 -0.00000 0.00030 -0.00012 1.00000 0.00000 -0.00027 0.00000 -0.00000 1.00000 0.00000
1547822839347404 1.00000 0.00012 -0.00000 0.00018 -0.00012 1.00000 0.00000 -0.00027 0.00000 -0.00000 1.00000 0.00000
1547822839600116 1.00000 0.00012 -0.00000 -0.00004 -0.00012 1.00000 0.00000 -0.00030 0.00000 -0.00000 1.00000 0.00000
1547822839852279 1.00000 0.00011 -0.00000 -0.00037 -0.00011 1.00000 0.00000 -0.00035 0.00000 -0.00000 1.00000 0.00000
1547822840104407 1.00000 0.00009 -0.00000 -0.00060 -0.00009 1.00000 0.00000 -0.00042 0.00000 -0.00000 1.00000 0.00000
1547822840355089 1.00000 0.00010 -0.00000 -0.00073 -0.00010 1.00000 0.00000 -0.00040 0.00000 -0.00000 1.00000 0.00000
1547822840604250 1.00000 0.00009 -0.00000 -0.00072 -0.00009 1.00000 0.00000 -0.00035 0.00000 -0.00000 1.00000 0.00000
1547822840853313 1.00000 0.00008 -0.00000 -0.00084 -0.00008 1.00000 0.00000 -0.00030 0.00000 -0.00000 1.00000 0.00000
1547822841102178 1.00000 0.00008 -0.00000 -0.00086 -0.00008 1.00000 0.00000 -0.00020 0.00000 -0.00000 1.00000 0.00000
1547822841350765 1.00000 0.00007 -0.00000 -0.00077 -0.00007 1.00000 0.00000 -0.00015 0.00000 -0.00000 1.00000 0.00000
1547822841599157 1.00000 0.00007 -0.00000 -0.00073 -0.00007 1.00000 0.00000 -0.00008 0.00000 -0.00000 1.00000 0.00000
1547822841848305 1.00000 0.00007 -0.00000 -0.00079 -0.00007 1.00000 0.00000 -0.00007 0.00000 -0.00000 1.00000 0.00000
1547822842098486 1.00000 0.00008 -0.00000 -0.00089 -0.00008 1.00000 0.00000 -0.00007 0.00000 -0.00000 1.00000 0.00000
1547822842349567 1.00000 0.00008 -0.00000 -0.00088 -0.00008 1.00000 0.00000 -0.00005 0.00000 -0.00000 1.00000 0.00000
1547822842600384 1.00000 0.00007 -0.00000 -0.00074 -0.00007 1.00000 0.00000 -0.00000 0.00000 -0.00000 1.00000 0.00000
1547822842850675 1.00000 0.00008 -0.00000 -0.00024 -0.00008 1.00000 0.00000 0.00017 0.00000 -0.00000 1.00000 -0.00000
1547822843100694 1.00000 0.00008 -0.00000 0.00009 -0.00008 1.00000 0.00000 0.00024 0.00000 -0.00000 1.00000 0.00000
1547822843350208 1.00000 0.00008 -0.00000 -0.00034 -0.00008 1.00000 0.00000 0.00025 0.00000 -0.00000 1.00000 -0.00000
1547822843599292 1.00000 0.00008 -0.00000 -0.00093 -0.00008 1.00000 0.00000 0.00030 0.00000 -0.00000 1.00000 -0.00000
1547822843848382 1.00000 0.00008 -0.00000 -0.00141 -0.00008 1.00000 0.00000 0.00028 0.00000 -0.00000 1.00000 -0.00000
1547822844097013 1.00000 0.00008 -0.00000 -0.00189 -0.00008 1.00000 0.00000 0.00026 0.00000 -0.00000 1.00000 -0.00000
1547822844345504 1.00000 0.00007 -0.00000 -0.00227 -0.00007 1.00000 0.00000 0.00024 0.00000 -0.00000 1.00000 -0.00000
1547822844594085 1.00000 0.00008 -0.00000 -0.00173 -0.00008 1.00000 0.00000 0.00016 0.00000 -0.00000 1.00000 -0.00000
1547822844842581 1.00000 0.00008 -0.00000 -0.00146 -0.00008 1.00000 0.00000 0.00003 0.00000 -0.00000 1.00000 -0.00000
1547822845090349 1.00000 0.00007 -0.00000 -0.00107 -0.00007 1.00000 0.00000 -0.00012 0.00000 -0.00000 1.00000 0.00000
1547822845338145 1.00000 0.00007 -0.00000 -0.00087 -0.00007 1.00000 0.00000 -0.00024 0.00000 -0.00000 1.00000 0.00000
1547822845586656 1.00000 0.00006 -0.00000 -0.00126 -0.00006 1.00000 0.00000 -0.00036 0.00000 -0.00000 1.00000 0.00000
1547822845835664 1.00000 0.00006 -0.00000 -0.00168 -0.00006 1.00000 0.00000 -0.00044 0.00000 -0.00000 1.00000 0.00000
1547822846084399 1.00000 0.00005 -0.00000 -0.00186 -0.00005 1.00000 0.00000 -0.00012 0.00000 -0.00000 1.00000 0.00000
1547822846332752 1.00000 0.00004 -0.00000 -0.00160 -0.00004 1.00000 0.00000 0.00004 0.00000 -0.00000 1.00000 -0.00000
1547822846581526 1.00000 0.00004 -0.00000 -0.00126 -0.00004 1.00000 0.00000 0.00015 0.00000 -0.00000 1.00000 -0.00000
1547822846832242 1.00000 0.00004 -0.00000 -0.00155 -0.00004 1.00000 0.00000 0.00031 0.00000 -0.00000 1.00000 -0.00000
1547822847083617 1.00000 0.00004 -0.00000 -0.00178 -0.00004 1.00000 0.00000 0.00054 0.00000 -0.00000 1.00000 -0.00000
1547822847334528 1.00000 0.00005 -0.00000 -0.00188 -0.00005 1.00000 0.00000 0.00077 0.00000 -0.00000 1.00000 -0.00000
1547822847585319 1.00000 0.00005 -0.00000 -0.00178 -0.00005 1.00000 0.00000 0.00083 0.00000 -0.00000 1.00000 -0.00000
1547822847835851 1.00000 0.00004 -0.00000 -0.00097 -0.00004 1.00000 0.00000 0.00067 0.00000 -0.00000 1.00000 -0.00000
1547822848085864 1.00000 0.00003 -0.00000 0.00023 -0.00003 1.00000 0.00000 0.00018 0.00000 -0.00000 1.00000 0.00000
1547822848335900 1.00000 0.00002 -0.00000 -0.00029 -0.00002 1.00000 0.00000 -0.00003 0.00000 -0.00000 1.00000 0.00000
1547822848586203 1.00000 0.00004 -0.00000 -0.00023 -0.00004 1.00000 0.00000 0.00026 0.00000 -0.00000 1.00000 -0.00000
1547822848836585 1.00000 0.00003 -0.00000 -0.00015 -0.00003 1.00000 0.00000 0.00035 0.00000 -0.00000 1.00000 -0.00000
1547822849086755 1.00000 0.00001 -0.00000 -0.00012 -0.00001 1.00000 0.00000 0.00013 0.00000 -0.00000 1.00000 -0.00000
1547822849336780 1.00000 -0.00002 -0.00000 -0.00044 0.00002 1.00000 0.00000 -0.00025 0.00000 -0.00000 1.00000 0.00000
1547822849587809 1.00000 -0.00001 -0.00000 -0.00067 0.00001 1.00000 0.00000 0.00030 0.00000 -0.00000 1.00000 -0.00000
1547822849840215 1.00000 -0.00000 -0.00000 -0.00096 0.00000 1.00000 0.00000 0.00093 0.00000 -0.00000 1.00000 -0.00000
1547822850092772 1.00000 -0.00000 -0.00000 -0.00039 0.00000 1.00000 0.00000 0.00086 0.00000 -0.00000 1.00000 -0.00000
1547822850344510 1.00000 -0.00000 -0.00000 0.00046 0.00000 1.00000 0.00000 0.00043 0.00000 -0.00000 1.00000 0.00000
1547822850595858 1.00000 -0.00000 -0.00000 0.00092 0.00000 1.00000 0.00000 0.00020 0.00000 -0.00000 1.00000 0.00000
1547822850846116 1.00000 0.00000 -0.00000 -0.00029 -0.00000 1.00000 0.00000 0.00012 0.00000 -0.00000 1.00000 -0.00000
1547822851095191 1.00000 -0.00000 -0.00000 -0.00038 0.00000 1.00000 0.00000 0.00005 0.00000 -0.00000 1.00000 -0.00000
1547822851344440 1.00000 0.00001 -0.00000 -0.00070 -0.00001 1.00000 0.00000 0.00005 0.00000 -0.00000 1.00000 -0.00000
1547822851593430 1.00000 0.00000 -0.00000 -0.00111 -0.00000 1.00000 0.00000 0.00005 0.00000 -0.00000 1.00000 -0.00000
1547822851841989 1.00000 -0.00001 -0.00000 -0.00073 0.00001 1.00000 0.00000 -0.00017 0.00000 -0.00000 1.00000 0.00000
1547822852090312 1.00000 -0.00001 -0.00000 -0.00007 0.00001 1.00000 0.00000 -0.00030 0.00000 -0.00000 1.00000 0.00000
1547822852338391 1.00000 0.00001 -0.00000 -0.00126 -0.00001 1.00000 0.00000 0.00002 0.00000 -0.00000 1.00000 -0.00000
1547822852586019 1.00000 0.00002 -0.00000 -0.00117 -0.00002 1.00000 0.00000 0.00009 0.00000 -0.00000 1.00000 -0.00000
1547822852834036 1.00000 0.00002 -0.00000 -0.00029 -0.00002 1.00000 0.00000 -0.00006 0.00000 -0.00000 1.00000 0.00000
1547822853082561 1.00000 0.00001 -0.00000 -0.00021 -0.00001 1.00000 0.00000 -0.00020 0.00000 -0.00000 1.00000 0.00000
1547822853331224 1.00000 -0.00001 -0.00000 -0.00001 0.00001 1.00000 0.00000 -0.00022 0.00000 -0.00000 1.00000 0.00000
1547822853580601 1.00000 -0.00002 -0.00000 -0.00085 0.00002 1.00000 0.00000 -0.00018 0.00000 -0.00000 1.00000 0.00000
1547822853830768 1.00000 -0.00004 -0.00000 -0.00128 0.00004 1.00000 0.00000 -0.00031 0.00000 -0.00000 1.00000 0.00000
1547822854081841 1.00000 -0.00005 -0.00000 -0.00210 0.00005 1.00000 0.00000 -0.00037 0.00000 -0.00000 1.00000 0.00000
1547822854333805 1.00000 -0.00005 -0.00000 -0.00464 0.00005 1.00000 0.00000 -0.00033 0.00000 -0.00000 1.00000 0.00000
1547822854585931 1.00000 -0.00012 -0.00000 -0.00852 0.00012 1.00000 0.00000 -0.00074 0.00000 -0.00000 1.00000 0.00000
1547822854838010 1.00000 0.00015 -0.00000 -0.01809 -0.00015 1.00000 0.00000 -0.00154 0.00000 -0.00000 1.00000 0.00000
1547822855089538 1.00000 0.00071 -0.00000 -0.04501 -0.00071 1.00000 0.00000 -0.00179 0.00000 -0.00000 1.00000 0.00000
1547822855340161 1.00000 0.00145 -0.00000 -0.08143 -0.00145 1.00000 0.00000 -0.00193 0.00000 -0.00000 1.00000 0.00000
1547822855590179 1.00000 0.00281 -0.00000 -0.15558 -0.00281 1.00000 0.00000 -0.00268 0.00000 -0.00000 1.00000 0.00000
1547822855840646 0.99999 0.00472 -0.00000 -0.21038 -0.00472 0.99999 0.00000 -0.00410 0.00000 -0.00000 1.00000 0.00000
1547822856090899 0.99996 0.00866 -0.00000 -0.30102 -0.00866 0.99996 0.00000 -0.00282 0.00000 -0.00000 1.00000 0.00000
1547822856340826 0.99986 0.01702 -0.00000 -0.45898 -0.01702 0.99986 0.00000 -0.00598 0.00000 -0.00000 1.00000 0.00000
1547822856590539 0.99956 0.02958 -0.00000 -0.67888 -0.02958 0.99956 0.00000 -0.00855 0.00000 -0.00000 1.00000 0.00000
1547822856840055 0.99888 0.04737 -0.00000 -0.99089 -0.04737 0.99888 0.00000 -0.00673 0.00000 -0.00000 1.00000 0.00000
1547822857090284 0.99762 0.06897 -0.00000 -1.39819 -0.06897 0.99762 0.00000 0.00339 0.00000 -0.00000 1.00000 0.00000
1547822857342175 0.99560 0.09370 -0.00000 -1.89519 -0.09370 0.99560 0.00000 0.02646 0.00000 -0.00000 1.00000 0.00000
1547822857594441 0.99300 0.11809 -0.00000 -2.46830 -0.11809 0.99300 0.00000 0.06262 0.00000 -0.00000 1.00000 0.00000
1547822857845558 0.99006 0.14067 -0.00000 -3.11835 -0.14067 0.99006 0.00000 0.10961 0.00000 -0.00000 1.00000 0.00000
1547822858096357 0.98691 0.16127 -0.00000 -3.83598 -0.16127 0.98691 0.00000 0.16607 0.00000 -0.00000 1.00000 0.00000
1547822858346379 0.98416 0.17728 -0.00000 -4.64038 -0.17728 0.98416 0.00000 0.22419 0.00000 -0.00000 1.00000 0.00000
1547822858596569 0.98230 0.18731 -0.00000 -5.62568 -0.18731 0.98230 0.00000 0.27198 0.00000 -0.00000 1.00000 0.00000
1547822858847064 0.98130 0.19246 -0.00000 -6.69296 -0.19246 0.98130 0.00000 0.30799 0.00000 -0.00000 1.00000 0.00000
1547822859097138 0.98130 0.19248 -0.00000 -7.82962 -0.19248 0.98130 0.00000 0.31214 0.00000 -0.00000 1.00000 0.00000
1547822859346549 0.98192 0.18929 -0.00000 -9.04260 -0.18929 0.98192 0.00000 0.29077 0.00000 -0.00000 1.00000 0.00000
1547822859596178 0.98225 0.18760 -0.00000 -10.33327 -0.18760 0.98225 0.00000 0.28423 0.00000 -0.00000 1.00000 0.00000
1547822859845905 0.98294 0.18390 -0.00000 -11.69892 -0.18390 0.98294 0.00000 0.25725 0.00000 -0.00000 1.00000 0.00000
1547822860095386 0.98368 0.17991 -0.00000 -13.13360 -0.17991 0.98368 0.00000 0.22013 0.00000 -0.00000 1.00000 0.00000
1547822860345041 0.98425 0.17678 -0.00000 -14.67644 -0.17678 0.98425 0.00000 0.19331 0.00000 -0.00000 1.00000 0.00000
1547822860594219 0.98528 0.17092 -0.00000 -16.24273 -0.17092 0.98528 0.00000 0.12056 0.00000 -0.00000 1.00000 0.00000
1547822860842856 0.98655 0.16343 -0.00000 -17.79314 -0.16343 0.98655 0.00000 0.00335 0.00000 -0.00000 1.00000 0.00000
1547822861091613 0.98791 0.15505 -0.00000 -19.47263 -0.15505 0.98791 0.00000 -0.13637 0.00000 -0.00000 1.00000 0.00000
1547822861340210 0.98948 0.14470 -0.00000 -21.22466 -0.14470 0.98948 0.00000 -0.33020 0.00000 -0.00000 1.00000 0.00000
1547822861588404 0.99132 0.13144 -0.00000 -22.98169 -0.13144 0.99132 0.00000 -0.60451 0.00000 -0.00000 1.00000 0.00000
1547822861837080 0.99319 0.11647 -0.00000 -24.64737 -0.11647 0.99319 0.00000 -0.94612 0.00000 -0.00000 1.00000 0.00000
1547822862087317 0.99479 0.10197 -0.00000 -26.42181 -0.10197 0.99479 0.00000 -1.29735 0.00000 -0.00000 1.00000 0.00000
1547822862337836 0.99616 0.08759 -0.00000 -28.22633 -0.08759 0.99616 0.00000 -1.66892 0.00000 -0.00000 1.00000 0.00000
1547822862587707 0.99726 0.07399 -0.00000 -30.06497 -0.07399 0.99726 0.00000 -2.04673 0.00000 -0.00000 1.00000 0.00000
1547822862837555 0.99826 0.05893 -0.00000 -31.90020 -0.05893 0.99826 0.00000 -2.49609 0.00000 -0.00000 1.00000 0.00000
1547822863087376 0.99907 0.04308 -0.00000 -33.72155 -0.04308 0.99907 0.00000 -2.99887 0.00000 -0.00000 1.00000 0.00000
1547822863337331 0.99962 0.02769 -0.00000 -35.59099 -0.02769 0.99962 0.00000 -3.51464 0.00000 -0.00000 1.00000 0.00000
1547822863587126 0.99988 0.01522 -0.00000 -37.48791 -0.01522 0.99988 0.00000 -3.95741 0.00000 -0.00000 1.00000 0.00000
1547822863836532 0.99999 0.00463 -0.00000 -39.39253 -0.00463 0.99999 0.00000 -4.35091 0.00000 -0.00000 1.00000 0.00000
1547822864086051 0.99999 -0.00430 -0.00000 -41.31708 0.00430 0.99999 0.00000 -4.69944 0.00000 -0.00000 1.00000 0.00000
1547822864335351 0.99994 -0.01087 -0.00000 -43.29189 0.01087 0.99994 0.00000 -4.97015 0.00000 -0.00000 1.00000 0.00000
1547822864584851 0.99992 -0.01299 -0.00000 -45.38392 0.01299 0.99992 0.00000 -5.05095 0.00000 -0.00000 1.00000 0.00000
1547822864835526 0.99987 -0.01610 -0.00000 -47.48643 0.01610 0.99987 0.00000 -5.17819 0.00000 -0.00000 1.00000 0.00000
1547822865087739 0.99978 -0.02111 -0.00000 -49.54306 0.02111 0.99978 0.00000 -5.40816 0.00000 -0.00000 1.00000 0.00000
1547822865340078 0.99958 -0.02889 -0.00000 -51.55396 0.02889 0.99958 0.00000 -5.79140 0.00000 -0.00000 1.00000 0.00000
1547822865591662 0.99926 -0.03838 -0.00000 -53.55777 0.03838 0.99926 0.00000 -6.28288 0.00000 -0.00000 1.00000 0.00000
1547822865842576 0.99906 -0.04336 -0.00000 -55.58127 0.04336 0.99906 0.00000 -6.54326 0.00000 -0.00000 1.00000 0.00000
1547822866092925 0.99918 -0.04051 -0.00000 -57.67373 0.04051 0.99918 0.00000 -6.37559 0.00000 -0.00000 1.00000 0.00000
1547822866343178 0.99937 -0.03555 -0.00000 -59.80857 0.03555 0.99937 0.00000 -6.08540 0.00000 -0.00000 1.00000 0.00000
1547822866593271 0.99964 -0.02692 -0.00000 -61.97667 0.02692 0.99964 0.00000 -5.56275 0.00000 -0.00000 1.00000 0.00000
1547822866843046 0.99991 -0.01305 -0.00000 -64.17307 0.01305 0.99991 0.00000 -4.69050 0.00000 -0.00000 1.00000 0.00000
1547822867092688 1.00000 0.00225 -0.00000 -66.35609 -0.00225 1.00000 0.00000 -3.69906 0.00000 -0.00000 1.00000 0.00000
1547822867341777 0.99981 0.01968 -0.00000 -68.54864 -0.01968 0.99981 0.00000 -2.52648 0.00000 -0.00000 1.00000 0.00000
1547822867591099 0.99930 0.03742 -0.00000 -70.71290 -0.03742 0.99930 0.00000 -1.29887 0.00000 -0.00000 1.00000 0.00000
1547822867840559 0.99854 0.05401 -0.00000 -72.85211 -0.05401 0.99854 0.00000 -0.12421 0.00000 -0.00000 1.00000 0.00000
1547822868089660 0.99766 0.06835 -0.00000 -74.94616 -0.06835 0.99766 0.00000 0.92390 0.00000 -0.00000 1.00000 0.00000
1547822868338534 0.99682 0.07967 -0.00000 -77.07647 -0.07967 0.99682 0.00000 1.78170 0.00000 -0.00000 1.00000 0.00000
1547822868587630 0.99620 0.08711 -0.00000 -79.23247 -0.08711 0.99620 0.00000 2.35399 0.00000 -0.00000 1.00000 0.00000
1547822868836457 0.99586 0.09086 -0.00000 -81.39352 -0.09086 0.99586 0.00000 2.64914 0.00000 -0.00000 1.00000 0.00000
1547822869085166 0.99573 0.09228 -0.00000 -83.53903 -0.09228 0.99573 0.00000 2.76095 0.00000 -0.00000 1.00000 0.00000
1547822869333798 0.99579 0.09165 -0.00000 -85.71532 -0.09165 0.99579 0.00000 2.71192 0.00000 -0.00000 1.00000 0.00000
1547822869582340 0.99596 0.08979 -0.00000 -87.91010 -0.08979 0.99596 0.00000 2.56212 0.00000 -0.00000 1.00000 0.00000
1547822869831341 0.99623 0.08679 -0.00000 -90.10470 -0.08679 0.99623 0.00000 2.30446 0.00000 -0.00000 1.00000 0.00000
1547822870081818 0.99659 0.08256 -0.00000 -92.32406 -0.08256 0.99659 0.00000 1.93700 0.00000 -0.00000 1.00000 0.00000
1547822870332320 0.99693 0.07836 -0.00000 -94.56066 -0.07836 0.99693 0.00000 1.56377 0.00000 -0.00000 1.00000 0.00000
1547822870582694 0.99676 0.08047 -0.00000 -96.78706 -0.08047 0.99676 0.00000 1.78007 0.00000 -0.00000 1.00000 0.00000
1547822870832406 0.99683 0.07953 -0.00000 -98.99678 -0.07953 0.99683 0.00000 1.70037 0.00000 -0.00000 1.00000 0.00000
1547822871082242 0.99730 0.07344 -0.00000 -101.21615 -0.07344 0.99730 0.00000 1.09825 0.00000 -0.00000 1.00000 0.00000
1547822871332707 0.99796 0.06388 -0.00000 -103.45715 -0.06388 0.99796 0.00000 0.12975 0.00000 -0.00000 1.00000 0.00000
1547822871583086 0.99868 0.05142 -0.00000 -105.72233 -0.05142 0.99868 0.00000 -1.15717 0.00000 -0.00000 1.00000 0.00000
1547822871833110 0.99930 0.03730 -0.00000 -107.98758 -0.03730 0.99930 0.00000 -2.65201 0.00000 -0.00000 1.00000 0.00000
1547822872083012 0.99971 0.02425 -0.00000 -110.32835 -0.02425 0.99971 0.00000 -4.08131 0.00000 -0.00000 1.00000 0.00000
1547822872333281 0.99990 0.01398 -0.00000 -112.70356 -0.01398 0.99990 0.00000 -5.23691 0.00000 -0.00000 1.00000 0.00000
1547822872584161 0.99995 0.00949 -0.00000 -115.16399 -0.00949 0.99995 0.00000 -5.75225 0.00000 -0.00000 1.00000 0.00000
1547822872836256 0.99997 0.00799 -0.00000 -117.65734 -0.00799 0.99997 0.00000 -5.91861 0.00000 -0.00000 1.00000 0.00000
1547822873088556 0.99998 0.00653 -0.00000 -120.17662 -0.00653 0.99998 0.00000 -6.09251 0.00000 -0.00000 1.00000 0.00000
1547822873339952 0.99998 0.00635 -0.00000 -122.76010 -0.00635 0.99998 0.00000 -6.10196 0.00000 -0.00000 1.00000 0.00000
1547822873590573 0.99997 0.00735 -0.00000 -125.35543 -0.00735 0.99997 0.00000 -5.95985 0.00000 -0.00000 1.00000 0.00000
1547822873839946 0.99995 0.01018 -0.00000 -127.93024 -0.01018 0.99995 0.00000 -5.60072 0.00000 -0.00000 1.00000 0.00000
1547822874089162 0.99991 0.01336 -0.00000 -130.49613 -0.01336 0.99991 0.00000 -5.18756 0.00000 -0.00000 1.00000 0.00000
1547822874337961 0.99986 0.01660 -0.00000 -133.03261 -0.01660 0.99986 0.00000 -4.75695 0.00000 -0.00000 1.00000 0.00000
1547822874586347 0.99983 0.01828 -0.00000 -135.40774 -0.01828 0.99983 0.00000 -4.53193 0.00000 -0.00000 1.00000 0.00000
1547822874834690 0.99980 0.02016 -0.00000 -137.75025 -0.02016 0.99980 0.00000 -4.27793 0.00000 -0.00000 1.00000 0.00000
1547822875082834 0.99975 0.02233 -0.00000 -140.10781 -0.02233 0.99975 0.00000 -3.96694 0.00000 -0.00000 1.00000 0.00000
1547822875331031 0.99968 0.02524 -0.00000 -142.48962 -0.02524 0.99968 0.00000 -3.54482 0.00000 -0.00000 1.00000 0.00000
1547822875579277 0.99964 0.02692 -0.00000 -144.88438 -0.02692 0.99964 0.00000 -3.29171 0.00000 -0.00000 1.00000 0.00000
1547822875827580 0.99961 0.02808 -0.00000 -147.29313 -0.02808 0.99961 0.00000 -3.11003 0.00000 -0.00000 1.00000 0.00000
1547822876076730 0.99962 0.02774 -0.00000 -149.73279 -0.02774 0.99962 0.00000 -3.15961 0.00000 -0.00000 1.00000 0.00000
1547822876326504 0.99962 0.02768 -0.00000 -152.16937 -0.02768 0.99962 0.00000 -3.15589 0.00000 -0.00000 1.00000 0.00000
1547822876576888 0.99961 0.02794 -0.00000 -154.63945 -0.02794 0.99961 0.00000 -3.10781 0.00000 -0.00000 1.00000 0.00000
1547822876826865 0.99959 0.02873 -0.00000 -157.11242 -0.02873 0.99959 0.00000 -2.96965 0.00000 -0.00000 1.00000 0.00000
1547822877076528 0.99955 0.03013 -0.00000 -159.62572 -0.03013 0.99955 0.00000 -2.74658 0.00000 -0.00000 1.00000 0.00000
1547822877327567 0.99947 0.03261 -0.00000 -162.13392 -0.03261 0.99947 0.00000 -2.34317 0.00000 -0.00000 1.00000 0.00000
1547822877579617 0.99932 0.03680 -0.00000 -164.44526 -0.03680 0.99932 0.00000 -1.65626 0.00000 -0.00000 1.00000 0.00000
1547822877832011 0.99914 0.04150 -0.00000 -166.52216 -0.04150 0.99914 0.00000 -0.88277 0.00000 -0.00000 1.00000 0.00000
1547822878083834 0.99899 0.04503 -0.00000 -168.57249 -0.04503 0.99899 0.00000 -0.30177 0.00000 -0.00000 1.00000 0.00000
1547822878335366 0.99883 0.04838 -0.00000 -170.64669 -0.04838 0.99883 0.00000 0.25927 0.00000 -0.00000 1.00000 0.00000
1547822878585629 0.99868 0.05138 -0.00000 -172.73894 -0.05138 0.99868 0.00000 0.77183 0.00000 -0.00000 1.00000 0.00000
1547822878835273 0.99851 0.05459 -0.00000 -174.79369 -0.05459 0.99851 0.00000 1.32799 0.00000 -0.00000 1.00000 0.00000
1547822879085362 0.99833 0.05779 -0.00000 -176.81956 -0.05779 0.99833 0.00000 1.88730 0.00000 -0.00000 1.00000 0.00000
1547822879335136 0.99813 0.06112 -0.00000 -178.88442 -0.06112 0.99813 0.00000 2.47431 0.00000 -0.00000 1.00000 0.00000
1547822879584774 0.99794 0.06409 -0.00000 -180.96536 -0.06409 0.99794 0.00000 3.00740 0.00000 -0.00000 1.00000 0.00000
1547822879834446 0.99788 0.06501 -0.00000 -183.03695 -0.06501 0.99788 0.00000 3.16811 0.00000 -0.00000 1.00000 0.00000
1547822880084157 0.99779 0.06647 -0.00000 -185.08889 -0.06647 0.99779 0.00000 3.43111 0.00000 -0.00000 1.00000 0.00000
1547822880334868 0.99754 0.07011 -0.00000 -187.15588 -0.07011 0.99754 0.00000 4.10890 0.00000 -0.00000 1.00000 0.00000
1547822880586935 0.99719 0.07491 -0.00000 -189.24149 -0.07491 0.99719 0.00000 5.00795 0.00000 -0.00000 1.00000 0.00000
1547822880839126 0.99680 0.07998 -0.00000 -191.30866 -0.07998 0.99680 0.00000 5.97024 0.00000 -0.00000 1.00000 0.00000
1547822881090919 0.99624 0.08659 -0.00000 -193.36156 -0.08659 0.99624 0.00000 7.24605 0.00000 -0.00000 1.00000 0.00000
1547822881341747 0.99559 0.09384 -0.00000 -195.41725 -0.09384 0.99559 0.00000 8.65609 0.00000 -0.00000 1.00000 0.00000
1547822881590941 0.99486 0.10125 -0.00000 -197.46159 -0.10125 0.99486 0.00000 10.11486 0.00000 -0.00000 1.00000 0.00000
1547822881840007 0.99421 0.10742 -0.00000 -199.50490 -0.10742 0.99421 0.00000 11.33970 0.00000 -0.00000 1.00000 0.00000
1547822882089257 0.99353 0.11358 -0.00000 -201.55546 -0.11358 0.99353 0.00000 12.57987 0.00000 -0.00000 1.00000 0.00000
1547822882337515 0.99281 0.11972 -0.00000 -203.60831 -0.11972 0.99281 0.00000 13.83349 0.00000 -0.00000 1.00000 0.00000
1547822882585764 0.99211 0.12540 -0.00000 -205.68346 -0.12540 0.99211 0.00000 15.00538 0.00000 -0.00000 1.00000 0.00000
1547822882834182 0.99128 0.13178 -0.00000 -207.75211 -0.13178 0.99128 0.00000 16.33611 0.00000 -0.00000 1.00000 0.00000
1547822883082047 0.99065 0.13641 -0.00000 -209.87925 -0.13641 0.99065 0.00000 17.31659 0.00000 -0.00000 1.00000 0.00000
1547822883330993 0.99052 0.13736 -0.00000 -212.08182 -0.13736 0.99052 0.00000 17.52421 0.00000 -0.00000 1.00000 0.00000
1547822883581903 0.99057 0.13698 -0.00000 -214.34213 -0.13698 0.99057 0.00000 17.45404 0.00000 -0.00000 1.00000 0.00000
1547822883832525 0.99063 0.13658 -0.00000 -216.63733 -0.13658 0.99063 0.00000 17.37390 0.00000 -0.00000 1.00000 0.00000
1547822884082926 0.99050 0.13749 -0.00000 -218.94213 -0.13749 0.99050 0.00000 17.59091 0.00000 -0.00000 1.00000 0.00000
1547822884333178 0.99026 0.13925 -0.00000 -221.22611 -0.13925 0.99026 0.00000 17.99406 0.00000 -0.00000 1.00000 0.00000
1547822884582873 0.98982 0.14235 -0.00000 -223.45663 -0.14235 0.98982 0.00000 18.70086 0.00000 -0.00000 1.00000 0.00000
1547822884832921 0.98925 0.14623 -0.00000 -225.69394 -0.14623 0.98925 0.00000 19.59585 0.00000 -0.00000 1.00000 0.00000
1547822885083277 0.98871 0.14986 -0.00000 -227.77689 -0.14986 0.98871 0.00000 20.43644 0.00000 -0.00000 1.00000 0.00000
1547822885334811 0.98847 0.15141 -0.00000 -229.78794 -0.15141 0.98847 0.00000 20.80273 0.00000 -0.00000 1.00000 0.00000
1547822885587146 0.98809 0.15386 -0.00000 -231.80632 -0.15386 0.98809 0.00000 21.38495 0.00000 -0.00000 1.00000 0.00000
1547822885838562 0.98731 0.15880 -0.00000 -233.76567 -0.15880 0.98731 0.00000 22.55872 0.00000 -0.00000 1.00000 0.00000
1547822886089875 0.98641 0.16428 -0.00000 -235.39134 -0.16428 0.98641 0.00000 23.85775 0.00000 -0.00000 1.00000 0.00000
1547822886341685 0.98539 0.17032 -0.00000 -236.98878 -0.17032 0.98539 0.00000 25.29611 0.00000 -0.00000 1.00000 0.00000
1547822886593195 0.98444 0.17572 -0.00000 -238.61849 -0.17572 0.98444 0.00000 26.59608 0.00000 -0.00000 1.00000 0.00000
1547822886844532 0.98358 0.18046 -0.00000 -240.24324 -0.18046 0.98358 0.00000 27.74074 0.00000 -0.00000 1.00000 0.00000
1547822887095942 0.98293 0.18396 -0.00000 -241.88371 -0.18396 0.98293 0.00000 28.59489 0.00000 -0.00000 1.00000 0.00000
1547822887347225 0.98254 0.18606 -0.00000 -243.59862 -0.18606 0.98254 0.00000 29.10526 0.00000 -0.00000 1.00000 0.00000
1547822887598431 0.98203 0.18875 -0.00000 -245.30016 -0.18875 0.98203 0.00000 29.77161 0.00000 -0.00000 1.00000 0.00000
1547822887849560 0.98160 0.19095 -0.00000 -247.01067 -0.19095 0.98160 0.00000 30.31697 0.00000 -0.00000 1.00000 0.00000
1547822888101207 0.98099 0.19404 -0.00000 -248.68412 -0.19404 0.98099 0.00000 31.09724 0.00000 -0.00000 1.00000 0.00000
1547822888354216 0.98075 0.19527 -0.00000 -250.46459 -0.19527 0.98075 0.00000 31.41458 0.00000 -0.00000 1.00000 0.00000
1547822888608062 0.98059 0.19606 -0.00000 -252.27800 -0.19606 0.98059 0.00000 31.62174 0.00000 -0.00000 1.00000 0.00000
1547822888860194 0.98074 0.19534 -0.00000 -254.13488 -0.19534 0.98074 0.00000 31.43585 0.00000 -0.00000 1.00000 0.00000
1547822889109930 0.98061 0.19599 -0.00000 -255.92216 -0.19599 0.98061 0.00000 31.60629 0.00000 -0.00000 1.00000 0.00000
1547822889358159 0.98094 0.19429 -0.00000 -257.79771 -0.19429 0.98094 0.00000 31.16536 0.00000 -0.00000 1.00000 0.00000
1547822889605993 0.98100 0.19401 -0.00000 -259.62189 -0.19401 0.98100 0.00000 31.09748 0.00000 -0.00000 1.00000 0.00000
1547822889853368 0.98128 0.19257 -0.00000 -261.48957 -0.19257 0.98128 0.00000 30.72089 0.00000 -0.00000 1.00000 0.00000
1547822890100730 0.98180 0.18989 -0.00000 -263.39880 -0.18989 0.98180 0.00000 30.00720 0.00000 -0.00000 1.00000 0.00000
1547822890348458 0.98253 0.18611 -0.00000 -265.35636 -0.18611 0.98253 0.00000 29.00245 0.00000 -0.00000 1.00000 0.00000
1547822890597356 0.98350 0.18089 -0.00000 -267.36958 -0.18089 0.98350 0.00000 27.59788 0.00000 -0.00000 1.00000 0.00000
1547822890847899 0.98455 0.17510 -0.00000 -269.40224 -0.17510 0.98455 0.00000 26.03436 0.00000 -0.00000 1.00000 0.00000
1547822891098185 0.98572 0.16842 -0.00000 -271.45433 -0.16842 0.98572 0.00000 24.21818 0.00000 -0.00000 1.00000 0.00000
1547822891348124 0.98676 0.16221 -0.00000 -273.49354 -0.16221 0.98676 0.00000 22.52067 0.00000 -0.00000 1.00000 0.00000
1547822891598232 0.98781 0.15567 -0.00000 -275.56070 -0.15567 0.98781 0.00000 20.71725 0.00000 -0.00000 1.00000 0.00000
1547822891848298 0.98875 0.14961 -0.00000 -277.62047 -0.14961 0.98875 0.00000 19.03877 0.00000 -0.00000 1.00000 0.00000
1547822892097928 0.98968 0.14327 -0.00000 -279.67223 -0.14327 0.98968 0.00000 17.27155 0.00000 -0.00000 1.00000 0.00000
1547822892347706 0.99041 0.13816 -0.00000 -281.72196 -0.13816 0.99041 0.00000 15.84257 0.00000 -0.00000 1.00000 0.00000
1547822892597961 0.99112 0.13300 -0.00000 -283.78063 -0.13300 0.99112 0.00000 14.38835 0.00000 -0.00000 1.00000 0.00000
1547822892849081 0.99178 0.12799 -0.00000 -285.85283 -0.12799 0.99178 0.00000 12.96388 0.00000 -0.00000 1.00000 0.00000
1547822893101113 0.99229 0.12392 -0.00000 -287.90756 -0.12392 0.99229 0.00000 11.80277 0.00000 -0.00000 1.00000 0.00000
1547822893352876 0.99290 0.11893 -0.00000 -289.96076 -0.11893 0.99290 0.00000 10.36651 0.00000 -0.00000 1.00000 0.00000
1547822893604326 0.99336 0.11505 -0.00000 -292.01639 -0.11505 0.99336 0.00000 9.24440 0.00000 -0.00000 1.00000 0.00000
1547822893856162 0.99394 0.10989 -0.00000 -294.13725 -0.10989 0.99394 0.00000 7.73453 0.00000 -0.00000 1.00000 0.00000
1547822894107378 0.99446 0.10507 -0.00000 -296.30971 -0.10507 0.99446 0.00000 6.31723 0.00000 -0.00000 1.00000 0.00000
1547822894358345 0.99487 0.10121 -0.00000 -298.48993 -0.10121 0.99487 0.00000 5.17915 0.00000 -0.00000 1.00000 0.00000
1547822894609791 0.99520 0.09791 -0.00000 -300.71688 -0.09791 0.99520 0.00000 4.20228 0.00000 -0.00000 1.00000 0.00000
1547822894860873 0.99540 0.09578 -0.00000 -302.98486 -0.09578 0.99540 0.00000 3.57280 0.00000 -0.00000 1.00000 0.00000
1547822895111948 0.99549 0.09488 -0.00000 -305.14203 -0.09488 0.99549 0.00000 3.30663 0.00000 -0.00000 1.00000 0.00000
1547822895362967 0.99566 0.09307 -0.00000 -307.25846 -0.09307 0.99566 0.00000 2.76236 0.00000 -0.00000 1.00000 0.00000
1547822895614109 0.99545 0.09524 -0.00000 -309.36120 -0.09524 0.99545 0.00000 3.44553 0.00000 -0.00000 1.00000 0.00000
1547822895866460 0.99533 0.09652 -0.00000 -311.37249 -0.09652 0.99533 0.00000 3.85038 0.00000 -0.00000 1.00000 0.00000
1547822896120057 0.99531 0.09676 -0.00000 -313.47260 -0.09676 0.99531 0.00000 3.92755 0.00000 -0.00000 1.00000 0.00000
1547822896373645 0.99547 0.09512 -0.00000 -315.56222 -0.09512 0.99547 0.00000 3.41448 0.00000 -0.00000 1.00000 0.00000
1547822896625304 0.99570 0.09260 -0.00000 -317.63447 -0.09260 0.99570 0.00000 2.62013 0.00000 -0.00000 1.00000 0.00000
1547822896875010 0.99586 0.09089 -0.00000 -319.68241 -0.09089 0.99586 0.00000 2.08134 0.00000 -0.00000 1.00000 0.00000
1547822897122986 0.99616 0.08753 -0.00000 -321.75076 -0.08753 0.99616 0.00000 1.01743 0.00000 -0.00000 1.00000 0.00000
1547822897370330 0.99668 0.08139 -0.00000 -323.81413 -0.08139 0.99668 0.00000 -0.96081 0.00000 -0.00000 1.00000 0.00000
1547822897617820 0.99732 0.07323 -0.00000 -325.85938 -0.07323 0.99732 0.00000 -3.60787 0.00000 -0.00000 1.00000 0.00000
1547822897865134 0.99795 0.06405 -0.00000 -327.88781 -0.06405 0.99795 0.00000 -6.60434 0.00000 -0.00000 1.00000 0.00000
1547822898112813 0.99860 0.05285 -0.00000 -329.88432 -0.05285 0.99860 0.00000 -10.27923 0.00000 -0.00000 1.00000 0.00000
1547822898361967 0.99915 0.04124 -0.00000 -331.86855 -0.04124 0.99915 0.00000 -14.11195 0.00000 -0.00000 1.00000 0.00000
1547822898612159 0.99954 0.03041 -0.00000 -333.85652 -0.03041 0.99954 0.00000 -17.70350 0.00000 -0.00000 1.00000 0.00000
1547822898862492 0.99980 0.01996 -0.00000 -335.72623 -0.01996 0.99980 0.00000 -21.18818 0.00000 -0.00000 1.00000 0.00000
1547822899113018 0.99995 0.01017 -0.00000 -337.58833 -0.01017 0.99995 0.00000 -24.47248 0.00000 -0.00000 1.00000 0.00000
1547822899363096 1.00000 0.00267 -0.00000 -339.57668 -0.00267 1.00000 0.00000 -26.99861 0.00000 -0.00000 1.00000 0.00000
1547822899612893 0.99999 -0.00330 -0.00000 -341.55278 0.00330 0.99999 0.00000 -29.02359 0.00000 -0.00000 1.00000 0.00000
1547822899863046 0.99997 -0.00758 -0.00000 -343.61201 0.00758 0.99997 0.00000 -30.48808 0.00000 -0.00000 1.00000 0.00000
1547822900112950 0.99994 -0.01065 -0.00000 -345.57437 0.01065 0.99994 0.00000 -31.54016 0.00000 -0.00000 1.00000 0.00000
1547822900363497 0.99994 -0.01062 -0.00000 -347.63133 0.01062 0.99994 0.00000 -31.51541 0.00000 -0.00000 1.00000 0.00000
1547822900615876 0.99993 -0.01150 -0.00000 -349.67643 0.01150 0.99993 0.00000 -31.81590 0.00000 -0.00000 1.00000 0.00000
1547822900867937 0.99994 -0.01125 -0.00000 -351.73410 0.01125 0.99994 0.00000 -31.72726 0.00000 -0.00000 1.00000 0.00000
1547822901118896 0.99995 -0.00965 -0.00000 -353.84697 0.00965 0.99995 0.00000 -31.15556 0.00000 -0.00000 1.00000 0.00000
1547822901370397 0.99996 -0.00878 -0.00000 -355.97579 0.00878 0.99996 0.00000 -30.84539 0.00000 -0.00000 1.00000 0.00000
1547822901621520 0.99998 -0.00703 -0.00000 -358.11194 0.00703 0.99998 0.00000 -30.22153 0.00000 -0.00000 1.00000 0.00000
1547822901872881 0.99999 -0.00475 -0.00000 -360.28257 0.00475 0.99999 0.00000 -29.39938 0.00000 -0.00000 1.00000 0.00000
1547822902124658 1.00000 -0.00035 -0.00000 -362.51317 0.00035 1.00000 0.00000 -27.80951 0.00000 -0.00000 1.00000 0.00000
1547822902375703 0.99999 0.00358 -0.00000 -364.77097 -0.00358 0.99999 0.00000 -26.38049 0.00000 -0.00000 1.00000 0.00000
1547822902626543 0.99996 0.00899 -0.00000 -367.03080 -0.00899 0.99996 0.00000 -24.39691 0.00000 -0.00000 1.00000 0.00000
1547822902877640 0.99990 0.01399 -0.00000 -369.26443 -0.01399 0.99990 0.00000 -22.55081 0.00000 -0.00000 1.00000 0.00000
1547822903128741 0.99982 0.01884 -0.00000 -371.46072 -0.01884 0.99982 0.00000 -20.75704 0.00000 -0.00000 1.00000 0.00000
1547822903380836 0.99973 0.02335 -0.00000 -373.71145 -0.02335 0.99973 0.00000 -19.06829 0.00000 -0.00000 1.00000 0.00000
1547822903634228 0.99959 0.02848 -0.00000 -375.92369 -0.02848 0.99959 0.00000 -17.13798 0.00000 -0.00000 1.00000 0.00000
1547822903887650 0.99946 0.03286 -0.00000 -378.10926 -0.03286 0.99946 0.00000 -15.47893 0.00000 -0.00000 1.00000 0.00000
1547822904139465 0.99930 0.03736 -0.00000 -380.27111 -0.03736 0.99930 0.00000 -13.76426 0.00000 -0.00000 1.00000 0.00000
1547822904389372 0.99916 0.04106 -0.00000 -382.41157 -0.04106 0.99916 0.00000 -12.33904 0.00000 -0.00000 1.00000 0.00000
1547822904637934 0.99913 0.04181 -0.00000 -384.48994 -0.04181 0.99913 0.00000 -12.03461 0.00000 -0.00000 1.00000 0.00000
1547822904885339 0.99912 0.04185 -0.00000 -386.53010 -0.04185 0.99912 0.00000 -12.01003 0.00000 -0.00000 1.00000 0.00000
1547822905132818 0.99909 0.04276 -0.00000 -388.62468 -0.04276 0.99909 0.00000 -11.63698 0.00000 -0.00000 1.00000 0.00000
1547822905380229 0.99907 0.04322 -0.00000 -390.79270 -0.04322 0.99907 0.00000 -11.43935 0.00000 -0.00000 1.00000 0.00000
1547822905627873 0.99904 0.04384 -0.00000 -392.99055 -0.04384 0.99904 0.00000 -11.18099 0.00000 -0.00000 1.00000 0.00000
1547822905877249 0.99895 0.04590 -0.00000 -395.23534 -0.04590 0.99895 0.00000 -10.34652 0.00000 -0.00000 1.00000 0.00000
1547822906127705 0.99887 0.04760 -0.00000 -397.40601 -0.04760 0.99887 0.00000 -9.65809 0.00000 -0.00000 1.00000 0.00000
1547822906378076 0.99873 0.05040 -0.00000 -399.57682 -0.05040 0.99873 0.00000 -8.52101 0.00000 -0.00000 1.00000 0.00000
1547822906628765 0.99857 0.05350 -0.00000 -401.72927 -0.05350 0.99857 0.00000 -7.26837 0.00000 -0.00000 1.00000 0.00000
1547822906878978 0.99840 0.05652 -0.00000 -403.82528 -0.05652 0.99840 0.00000 -6.03181 0.00000 -0.00000 1.00000 0.00000
1547822907129179 0.99828 0.05861 -0.00000 -405.77461 -0.05861 0.99828 0.00000 -5.16905 0.00000 -0.00000 1.00000 0.00000
1547822907379250 0.99810 0.06155 -0.00000 -407.87154 -0.06155 0.99810 0.00000 -3.95213 0.00000 -0.00000 1.00000 0.00000
1547822907628452 0.99802 0.06289 -0.00000 -409.95720 -0.06289 0.99802 0.00000 -3.39015 0.00000 -0.00000 1.00000 0.00000
1547822907878273 0.99789 0.06499 -0.00000 -411.96151 -0.06499 0.99789 0.00000 -2.50908 0.00000 -0.00000 1.00000 0.00000
1547822908129256 0.99782 0.06605 -0.00000 -413.84383 -0.06605 0.99782 0.00000 -2.05398 0.00000 -0.00000 1.00000 0.00000
1547822908380901 0.99774 0.06719 -0.00000 -415.70488 -0.06719 0.99774 0.00000 -1.56598 0.00000 -0.00000 1.00000 0.00000
1547822908632677 0.99764 0.06867 -0.00000 -417.62905 -0.06867 0.99764 0.00000 -0.92795 0.00000 -0.00000 1.00000 0.00000
1547822908883766 0.99773 0.06734 -0.00000 -419.48089 -0.06734 0.99773 0.00000 -1.46734 0.00000 -0.00000 1.00000 0.00000
1547822909134820 0.99780 0.06630 -0.00000 -421.28022 -0.06630 0.99780 0.00000 -1.89058 0.00000 -0.00000 1.00000 0.00000
1547822909386235 0.99786 0.06532 -0.00000 -423.02344 -0.06532 0.99786 0.00000 -2.29246 0.00000 -0.00000 1.00000 0.00000
1547822909637943 0.99777 0.06681 -0.00000 -424.70630 -0.06681 0.99777 0.00000 -1.64343 0.00000 -0.00000 1.00000 0.00000
