1. 0. 0. 0. 0. 1. 0. 0. 0. 0. 1. 0.
1. 0. 0. 0.003 -0. 1. 0. 0.006 0. 0. 1. 0.
1. 0. 0. 0.000 -0. 1. 0. 0.003 0. 0. 1. 0.
1. 0. 0. -0.001 -0. 1. 0. 0.003 0. 0. 1. 0.
1. -0.000 0. 0.003 0.000 1. 0. 0.001 0. 0. 1. 0.
1. -0. 0. 0.001 0. 1. 0. 0.002 0. 0. 1. 0.
1. -0.000 0. -0.000 0.000 1. 0. 0.003 0. 0. 1. 0.
1. 0. 0. 0.002 -0. 1. 0. 0.005 0. 0. 1. 0.
1. 0.000 0. 0.003 -0.000 1. 0. 0.008 0. 0. 1. 0.
1. -0. 0. 0.003 0. 1. 0. 0.004 0. 0. 1. 0.
1. -0.000 0. -0.000 0.000 1. 0. -0.002 0. 0. 1. 0.
1. -0.000 0. -0.002 0.000 1. 0. 0.001 0. 0. 1. 0.
1. -0.000 0. 0.001 0.000 1. 0. 0.005 0. 0. 1. 0.
1. -0.000 0. 0.002 0.000 1. 0. -0.002 0. 0. 1. 0.
1. -0. 0. -0.001 0. 1. 0. 0.002 0. 0. 1. 0.
1. -0. 0. -0.003 0. 1. 0. 0.003 0. 0. 1. 0.
1. -0. 0. -0.003 0. 1. 0. 0.005 0. 0. 1. 0.
1. -0.000 0. -0.001 0.000 1. 0. 0.004 0. 0. 1. 0.
1. -0.000 0. -0.000 0.000 1. 0. 0.004 0. 0. 1. 0.
1. -0.000 0. -0.002 0.000 1. 0. 0.002 0. 0. 1. 0.
1. -0. 0. -0.000 0. 1. 0. 0.006 0. 0. 1. 0.
1. 0. 0. -0.001 -0. 1. 0. 0.010 0. 0. 1. 0.
1. -0.000 0. 0.002 0.000 1. 0. 0.006 0. 0. 1. 0.
1. -0.000 0. -0.003 0.000 1. 0. 0.005 0. 0. 1. 0.
1. -0.000 0. 0.001 0.000 1. 0. 0.003 0. 0. 1. 0.
1. -0.000 0. 0.002 0.000 1. 0. 0.005 0. 0. 1. 0.
1. -0.000 0. -0.002 0.000 1. 0. -0.004 0. 0. 1. 0.
1. -0.000 0. 0.001 0.000 1. 0. 0.000 0. 0. 1. 0.
1. -0. 0. -0.001 0. 1. 0. -0.002 0. 0. 1. 0.
1. -0.000 0. -0.001 0.000 1. 0. 0.001 0. 0. 1. 0.
1. -0.000 0. 0.003 0.000 1. 0. 0.002 0. 0. 1. 0.
1. -0.000 0. 0.005 0.000 1. 0. 0.001 0. 0. 1. 0.
1. -0.000 0. 0.004 0.000 1. 0. 0.001 0. 0. 1. 0.
1. -0.000 0. 0.001 0.000 1. 0. 0.001 0. 0. 1. 0.
1. -0.000 0. -0.001 0.000 1. 0. -0.002 0. 0. 1. 0.
1. -0.000 0. 0.002 0.000 1. 0. -0.002 0. 0. 1. 0.
1. -0. 0. 0.001 0. 1. 0. -0.001 0. 0. 1. 0.
1. -0.000 0. 0.000 0.000 1. 0. 0.006 0. 0. 1. 0.
1. -0.000 0. -0.001 0.000 1. 0. -0.001 0. 0. 1. 0.
1. -0.000 0. 0.002 0.000 1. 0. -0.001 0. 0. 1. 0.
1. -0.000 0. 0.002 0.000 1. 0. 0.003 0. 0. 1. 0.
1. -0.000 0. -0.001 0.000 1. 0. 0.011 0. 0. 1. 0.
1. -0.000 0. -0.000 0.000 1. 0. 0.000 0. 0. 1. 0.
1. -0. 0. -0.002 0. 1. 0. 0.001 0. 0. 1. 0.
1. -0.000 0. 0.003 0.000 1. 0. 0.001 0. 0. 1. 0.
1. -0.000 0. -0.002 0.000 1. 0. -0.002 0. 0. 1. 0.
1. -0.000 0. -0.001 0.000 1. 0. 0.000 0. 0. 1. 0.
1. -0.000 0. -0.001 0.000 1. 0. 0.004 0. 0. 1. 0.
1. -0.000 0. 0.004 0.000 1. 0. -0.001 0. 0. 1. 0.
1. -0.000 0. 0.002 0.000 1. 0. 0.005 0. 0. 1. 0.
1. 0. 0. 0.003 -0. 1. 0. 0.007 0. 0. 1. 0.
1. -0. 0. 0.006 0. 1. 0. 0.005 0. 0. 1. 0.
1. -0.000 0. 0.001 0.000 1. 0. 0.007 0. 0. 1. 0.
1. -0. 0. 0.002 0. 1. 0. 0.006 0. 0. 1. 0.
1. -0.000 0. 0.003 0.000 1. 0. 0.002 0. 0. 1. 0.
1. -0.000 0. 0.003 0.000 1. 0. 0.005 0. 0. 1. 0.
1. 0. 0. 0.004 -0. 1. 0. 0.004 0. 0. 1. 0.
1. -0. 0. 0.006 0. 1. 0. 0.003 0. 0. 1. 0.
1. -0.000 0. 0.001 0.000 1. 0. 0.004 0. 0. 1. 0.
1. -0.000 0. 0.001 0.000 1. 0. 0.003 0. 0. 1. 0.
1. -0.000 0. -0.001 0.000 1. 0. 0.002 0. 0. 1. 0.
1. -0.000 0. -0.001 0.000 1. 0. 0.002 0. 0. 1. 0.
1. -0.000 0. -0.004 0.000 1. 0. 0.002 0. 0. 1. 0.
1. -0.000 0. -0.000 0.000 1. 0. 0.003 0. 0. 1. 0.
1. -0.000 0. -0.001 0.000 1. 0. 0.002 0. 0. 1. 0.
1. -0.000 0. -0.003 0.000 1. 0. 0.001 0. 0. 1. 0.
1. -0.000 0. 0.003 0.000 1. 0. 0.007 0. 0. 1. 0.
1. -0.000 0. 0.001 0.000 1. 0. -0.001 0. 0. 1. 0.
1. -0.000 0. 0.002 0.000 1. 0. 0.005 0. 0. 1. 0.
1. -0.000 0. -0.002 0.000 1. 0. 0.008 0. 0. 1. 0.
1. -0.000 0. 0.002 0.000 1. 0. 0.007 0. 0. 1. 0.
1. -0.000 0. 0.001 0.000 1. 0. 0.003 0. 0. 1. 0.
1. -0.000 0. 0.001 0.000 1. 0. 0.002 0. 0. 1. 0.
1. -0.000 0. 0.004 0.000 1. 0. 0.005 0. 0. 1. 0.
1. -0.000 0. 0.000 0.000 1. 0. 0.002 0. 0. 1. 0.
1. -0.000 0. 0.003 0.000 1. 0. 0.006 0. 0. 1. 0.
1. -0.000 0. 0.002 0.000 1. 0. 0.002 0. 0. 1. 0.
1. -0.000 0. 0.001 0.000 1. 0. 0.000 0. 0. 1. 0.
1. -0.000 0. 0.004 0.000 1. 0. 0.001 0. 0. 1. 0.
1. -0.000 0. 0.001 0.000 1. 0. 0.006 0. 0. 1. 0.
1. -0.000 0. -0.005 0.000 1. 0. 0.002 0. 0. 1. 0.
1. -0.000 0. 0.001 0.000 1. 0. 0.001 0. 0. 1. 0.
1. -0.000 0. 0.003 0.000 1. 0. 0.001 0. 0. 1. 0.
1. -0.000 0. 0.003 0.000 1. 0. -0.002 0. 0. 1. 0.
1. -0.000 0. 0.004 0.000 1. 0. 0.001 0. 0. 1. 0.
1. -0. 0. 0.002 0. 1. 0. 0.004 0. 0. 1. 0.
1. -0.000 0. 0.002 0.000 1. 0. 0.004 0. 0. 1. 0.
1. -0.000 0. -0.002 0.000 1. 0. 0.001 0. 0. 1. 0.
1. -0.000 0. -0. 0.000 1. 0. 0.003 0. 0. 1. 0.
1. -0.000 0. 0.003 0.000 1. 0. 0.001 0. 0. 1. 0.
1. -0.000 0. 0.000 0.000 1. 0. 0.000 0. 0. 1. 0.
1. -0.000 0. 0.003 0.000 1. 0. 0.004 0. 0. 1. 0.
1. -0.000 0. 0.002 0.000 1. 0. -0.003 0. 0. 1. 0.
1. 0. 0. 0.006 -0. 1. 0. 0.001 0. 0. 1. 0.
1. -0.000 0. 0.002 0.000 1. 0. 0.003 0. 0. 1. 0.
1. -0.000 0. 0.002 0.000 1. 0. 0.001 0. 0. 1. 0.
1. -0.000 0. -0.002 0.000 1. 0. 0.001 0. 0. 1. 0.
1. -0.000 0. 0.007 0.000 1. 0. 0.003 0. 0. 1. 0.
1. -0.000 0. 0.002 0.000 1. 0. 0.008 0. 0. 1. 0.
1. -0. 0. 0.004 0. 1. 0. 0.006 0. 0. 1. 0.
1. -0.000 0. -0.000 0.000 1. 0. 0.001 0. 0. 1. 0.
1. -0.000 0. -0.003 0.000 1. 0. 0.002 0. 0. 1. 0.
1. -0.000 0. 0.001 0.000 1. 0. 0.005 0. 0. 1. 0.
1. -0.000 0. 0.002 0.000 1. 0. 0.005 0. 0. 1. 0.
1. -0.000 0. 0.001 0.000 1. 0. 0.001 0. 0. 1. 0.
1. -0.000 0. 0.001 0.000 1. 0. -0.000 0. 0. 1. 0.
1. -0.000 0. -0.003 0.000 1. 0. 0.001 0. 0. 1. 0.
1. -0.000 0. 0.004 0.000 1. 0. 0.001 0. 0. 1. 0.
1. -0.000 0. 0.006 0.000 1. 0. -0.003 0. 0. 1. 0.
1. -0.000 0. 0.003 0.000 1. 0. -0.003 0. 0. 1. 0.
1. -0.000 0. 0.001 0.000 1. 0. -0.003 0. 0. 1. 0.
1. -0.000 0. 0.004 0.000 1. 0. -0.000 0. 0. 1. 0.
1. -0.000 0. 0.005 0.000 1. 0. -0.001 0. 0. 1. 0.
1. -0.000 0. 0.002 0.000 1. 0. -0.003 0. 0. 1. 0.
1. -0.000 0. 0.003 0.000 1. 0. -0.004 0. 0. 1. 0.
1. -0.000 0. 0.006 0.000 1. 0. -0.005 0. 0. 1. 0.
1. -0.001 0. 0.020 0.001 1. 0. -0.002 0. 0. 1. 0.
1. -0.000 0. 0.051 0.000 1. 0. 0.011 0. 0. 1. 0.
1. -0.001 0. 0.088 0.001 1. 0. 0.009 0. 0. 1. 0.
1. -0.002 0. 0.145 0.002 1. 0. 0.024 0. 0. 1. 0.
1. -0.003 0. 0.215 0.003 1. 0. 0.042 0. 0. 1. 0.
1. -0.006 0. 0.303 0.006 1. 0. 0.068 0. 0. 1. 0.
1.000 -0.016 0. 0.465 0.016 1.000 0. 0.024 0. 0. 1. 0.
1.000 -0.029 0. 0.665 0.029 1.000 0. 0.019 0. 0. 1. 0.
0.999 -0.047 0. 1.014 0.047 0.999 0. 0.046 0. 0. 1. 0.
0.998 -0.067 0. 1.421 0.067 0.998 0. 0.049 0. 0. 1. 0.
0.996 -0.090 0. 1.919 0.090 0.996 0. 0.125 0. 0. 1. 0.
0.993 -0.115 0. 2.514 0.115 0.993 0. 0.215 0. 0. 1. 0.
0.991 -0.137 0. 3.218 0.137 0.991 0. 0.336 0. 0. 1. 0.
0.988 -0.157 0. 3.973 0.157 0.988 0. 0.505 0. 0. 1. 0.
0.985 -0.172 0. 4.827 0.172 0.985 0. 0.650 0. 0. 1. 0.
0.983 -0.183 0. 5.783 0.183 0.983 0. 0.810 0. 0. 1. 0.
0.982 -0.188 0. 6.824 0.188 0.982 0. 1.016 0. 0. 1. 0.
0.982 -0.187 0. 7.939 0.187 0.982 0. 1.219 0. 0. 1. 0.
0.983 -0.185 0. 9.139 0.185 0.983 0. 1.454 0. 0. 1. 0.
0.983 -0.183 0. 10.409 0.183 0.983 0. 1.686 0. 0. 1. 0.
0.984 -0.181 0. 11.751 0.181 0.984 0. 1.911 0. 0. 1. 0.
0.985 -0.175 0. 13.197 0.175 0.985 0. 2.174 0. 0. 1. 0.
0.985 -0.172 0. 14.707 0.172 0.985 0. 2.423 0. 0. 1. 0.
0.986 -0.165 0. 16.240 0.165 0.986 0. 2.642 0. 0. 1. 0.
0.987 -0.159 0. 17.835 0.159 0.987 0. 2.870 0. 0. 1. 0.
0.989 -0.151 0. 19.507 0.151 0.989 0. 3.105 0. 0. 1. 0.
0.990 -0.140 0. 21.201 0.140 0.990 0. 3.357 0. 0. 1. 0.
0.992 -0.126 0. 22.966 0.126 0.992 0. 3.595 0. 0. 1. 0.
0.994 -0.111 0. 24.753 0.111 0.994 0. 3.764 0. 0. 1. 0.
0.995 -0.095 0. 26.564 0.095 0.995 0. 3.911 0. 0. 1. 0.
0.997 -0.083 0. 28.441 0.083 0.997 0. 4.041 0. 0. 1. 0.
0.998 -0.069 0. 30.337 0.069 0.998 0. 4.171 0. 0. 1. 0.
0.998 -0.056 0. 32.250 0.056 0.998 0. 4.275 0. 0. 1. 0.
0.999 -0.041 0. 34.181 0.041 0.999 0. 4.357 0. 0. 1. 0.
1.000 -0.027 0. 36.132 0.027 1.000 0. 4.423 0. 0. 1. 0.
1.000 -0.018 0. 38.104 0.018 1.000 0. 4.422 0. 0. 1. 0.
1. -0.007 0. 40.152 0.007 1. 0. 4.446 0. 0. 1. 0.
1. -0.002 0. 42.192 0.002 1. 0. 4.418 0. 0. 1. 0.
1. 0.003 0. 44.258 -0.003 1. 0. 4.430 0. 0. 1. 0.
1. 0.005 0. 46.359 -0.005 1. 0. 4.349 0. 0. 1. 0.
1. 0.012 0. 48.481 -0.012 1. 0. 4.326 0. 0. 1. 0.
1.000 0.017 0. 50.603 -0.017 1.000 0. 4.240 0. 0. 1. 0.
1.000 0.025 0. 52.755 -0.025 1.000 0. 4.165 0. 0. 1. 0.
0.999 0.033 0. 54.866 -0.033 0.999 0. 4.111 0. 0. 1. 0.
0.999 0.036 0. 56.975 -0.036 0.999 0. 3.994 0. 0. 1. 0.
0.999 0.035 0. 59.138 -0.035 0.999 0. 3.890 0. 0. 1. 0.
1.000 0.028 0. 61.324 -0.028 1.000 0. 3.821 0. 0. 1. 0.
1.000 0.022 0. 63.503 -0.022 1.000 0. 3.745 0. 0. 1. 0.
1. 0.008 0. 65.706 -0.008 1. 0. 3.705 0. 0. 1. 0.
1. -0.007 0. 67.922 0.007 1. 0. 3.698 0. 0. 1. 0.
1.000 -0.025 0. 70.214 0.025 1.000 0. 3.721 0. 0. 1. 0.
0.999 -0.042 0. 72.352 0.042 0.999 0. 3.890 0. 0. 1. 0.
0.998 -0.063 0. 74.543 0.063 0.998 0. 4.037 0. 0. 1. 0.
0.997 -0.079 0. 76.790 0.079 0.997 0. 4.135 0. 0. 1. 0.
0.996 -0.088 0. 78.904 0.088 0.996 0. 4.313 0. 0. 1. 0.
0.995 -0.095 0. 81.105 0.095 0.995 0. 4.477 0. 0. 1. 0.
0.995 -0.100 0. 83.319 0.100 0.995 0. 4.710 0. 0. 1. 0.
0.995 -0.103 0. 85.540 0.103 0.995 0. 4.934 0. 0. 1. 0.
0.995 -0.102 0. 87.722 0.102 0.995 0. 5.171 0. 0. 1. 0.
0.995 -0.100 0. 89.903 0.100 0.995 0. 5.386 0. 0. 1. 0.
0.995 -0.098 0. 92.112 0.098 0.995 0. 5.579 0. 0. 1. 0.
0.996 -0.093 0. 94.348 0.093 0.996 0. 5.760 0. 0. 1. 0.
0.996 -0.089 0. 96.606 0.089 0.996 0. 5.917 0. 0. 1. 0.
0.996 -0.090 0. 98.850 0.090 0.996 0. 6.134 0. 0. 1. 0.
0.995 -0.095 0. 101.083 0.095 0.995 0. 6.378 0. 0. 1. 0.
0.996 -0.089 0. 103.275 0.089 0.996 0. 6.598 0. 0. 1. 0.
0.997 -0.081 0. 105.582 0.081 0.997 0. 6.744 0. 0. 1. 0.
0.998 -0.069 0. 107.849 0.069 0.998 0. 6.908 0. 0. 1. 0.
0.999 -0.053 0. 110.148 0.053 0.999 0. 7.031 0. 0. 1. 0.
0.999 -0.042 0. 112.466 0.042 0.999 0. 7.098 0. 0. 1. 0.
0.999 -0.033 0. 114.810 0.033 0.999 0. 7.092 0. 0. 1. 0.
1.000 -0.029 0. 117.192 0.029 1.000 0. 7.122 0. 0. 1. 0.
1.000 -0.029 0. 119.634 0.029 1.000 0. 7.193 0. 0. 1. 0.
1.000 -0.026 0. 122.074 0.026 1.000 0. 7.270 0. 0. 1. 0.
1.000 -0.025 0. 124.515 0.025 1.000 0. 7.337 0. 0. 1. 0.
1.000 -0.028 0. 126.954 0.028 1.000 0. 7.393 0. 0. 1. 0.
1.000 -0.030 0. 129.381 0.030 1.000 0. 7.440 0. 0. 1. 0.
0.999 -0.032 0. 131.790 0.032 0.999 0. 7.528 0. 0. 1. 0.
0.999 -0.032 0. 134.174 0.032 0.999 0. 7.658 0. 0. 1. 0.
0.999 -0.034 0. 136.568 0.034 0.999 0. 7.711 0. 0. 1. 0.
0.999 -0.037 0. 138.952 0.037 0.999 0. 7.751 0. 0. 1. 0.
0.999 -0.039 0. 141.338 0.039 0.999 0. 7.846 0. 0. 1. 0.
0.999 -0.042 0. 143.684 0.042 0.999 0. 7.924 0. 0. 1. 0.
0.999 -0.046 0. 146.079 0.046 0.999 0. 8.027 0. 0. 1. 0.
0.999 -0.046 0. 148.462 0.046 0.999 0. 8.101 0. 0. 1. 0.
0.999 -0.046 0. 150.821 0.046 0.999 0. 8.215 0. 0. 1. 0.
0.999 -0.044 0. 153.181 0.044 0.999 0. 8.237 0. 0. 1. 0.
0.999 -0.044 0. 155.547 0.044 0.999 0. 8.318 0. 0. 1. 0.
0.999 -0.045 0. 157.946 0.045 0.999 0. 8.422 0. 0. 1. 0.
0.999 -0.045 0. 160.292 0.045 0.999 0. 8.462 0. 0. 1. 0.
0.999 -0.045 0. 162.641 0.045 0.999 0. 8.556 0. 0. 1. 0.
0.999 -0.049 0. 164.976 0.049 0.999 0. 8.723 0. 0. 1. 0.
0.999 -0.052 0. 167.302 0.052 0.999 0. 8.768 0. 0. 1. 0.
0.999 -0.053 0. 169.628 0.053 0.999 0. 8.821 0. 0. 1. 0.
0.999 -0.055 0. 171.870 0.055 0.999 0. 8.994 0. 0. 1. 0.
0.998 -0.056 0. 174.098 0.056 0.998 0. 9.108 0. 0. 1. 0.
0.998 -0.059 0. 176.284 0.059 0.998 0. 9.242 0. 0. 1. 0.
0.998 -0.062 0. 178.461 0.062 0.998 0. 9.377 0. 0. 1. 0.
0.998 -0.067 0. 180.634 0.067 0.998 0. 9.537 0. 0. 1. 0.
0.997 -0.071 0. 182.781 0.071 0.997 0. 9.680 0. 0. 1. 0.
0.998 -0.071 0. 184.948 0.071 0.998 0. 9.827 0. 0. 1. 0.
0.997 -0.072 0. 187.059 0.072 0.997 0. 9.983 0. 0. 1. 0.
0.997 -0.076 0. 189.166 0.076 0.997 0. 10.143 0. 0. 1. 0.
0.997 -0.082 0. 191.304 0.082 0.997 0. 10.284 0. 0. 1. 0.
0.996 -0.089 0. 193.394 0.089 0.996 0. 10.463 0. 0. 1. 0.
0.995 -0.097 0. 195.452 0.097 0.995 0. 10.618 0. 0. 1. 0.
0.994 -0.107 0. 197.533 0.107 0.994 0. 10.846 0. 0. 1. 0.
0.993 -0.115 0. 199.597 0.115 0.993 0. 11.055 0. 0. 1. 0.
0.993 -0.121 0. 201.666 0.121 0.993 0. 11.295 0. 0. 1. 0.
0.992 -0.127 0. 203.726 0.127 0.992 0. 11.553 0. 0. 1. 0.
0.991 -0.134 0. 205.716 0.134 0.991 0. 11.795 0. 0. 1. 0.
0.990 -0.142 0. 207.732 0.142 0.990 0. 12.114 0. 0. 1. 0.
0.989 -0.150 0. 209.774 0.150 0.989 0. 12.400 0. 0. 1. 0.
0.988 -0.155 0. 211.827 0.155 0.988 0. 12.725 0. 0. 1. 0.
0.988 -0.156 0. 213.842 0.156 0.988 0. 13.109 0. 0. 1. 0.
0.988 -0.155 0. 215.898 0.155 0.988 0. 13.435 0. 0. 1. 0.
0.988 -0.154 0. 217.988 0.154 0.988 0. 13.735 0. 0. 1. 0.
0.988 -0.152 0. 219.999 0.152 0.988 0. 14.033 0. 0. 1. 0.
0.988 -0.152 0. 222.033 0.152 0.988 0. 14.315 0. 0. 1. 0.
0.988 -0.155 0. 224.085 0.155 0.988 0. 14.614 0. 0. 1. 0.
0.988 -0.155 0. 226.085 0.155 0.988 0. 14.888 0. 0. 1. 0.
0.988 -0.157 0. 228.094 0.157 0.988 0. 15.249 0. 0. 1. 0.
0.988 -0.157 0. 230.097 0.157 0.988 0. 15.520 0. 0. 1. 0.
0.987 -0.161 0. 232.101 0.161 0.987 0. 15.861 0. 0. 1. 0.
0.987 -0.162 0. 234.079 0.162 0.987 0. 16.145 0. 0. 1. 0.
0.986 -0.164 0. 236.019 0.164 0.986 0. 16.437 0. 0. 1. 0.
0.986 -0.168 0. 237.967 0.168 0.986 0. 16.754 0. 0. 1. 0.
0.985 -0.174 0. 239.918 0.174 0.985 0. 17.093 0. 0. 1. 0.
0.985 -0.174 0. 241.823 0.174 0.985 0. 17.463 0. 0. 1. 0.
0.985 -0.175 0. 243.712 0.175 0.985 0. 17.798 0. 0. 1. 0.
0.984 -0.177 0. 245.589 0.177 0.984 0. 18.086 0. 0. 1. 0.
0.984 -0.179 0. 247.432 0.179 0.984 0. 18.457 0. 0. 1. 0.
0.983 -0.182 0. 249.320 0.182 0.983 0. 18.803 0. 0. 1. 0.
0.983 -0.185 0. 251.234 0.185 0.983 0. 19.098 0. 0. 1. 0.
0.983 -0.186 0. 253.064 0.186 0.983 0. 19.430 0. 0. 1. 0.
0.982 -0.188 0. 254.917 0.188 0.982 0. 19.796 0. 0. 1. 0.
0.982 -0.189 0. 256.794 0.189 0.982 0. 20.153 0. 0. 1. 0.
0.982 -0.190 0. 258.670 0.190 0.982 0. 20.507 0. 0. 1. 0.
0.981 -0.192 0. 260.445 0.192 0.981 0. 20.864 0. 0. 1. 0.
0.982 -0.191 0. 262.259 0.191 0.982 0. 21.155 0. 0. 1. 0.
0.981 -0.192 0. 264.063 0.192 0.981 0. 21.500 0. 0. 1. 0.
0.981 -0.193 0. 265.888 0.193 0.981 0. 21.854 0. 0. 1. 0.
0.982 -0.191 0. 267.691 0.191 0.982 0. 22.167 0. 0. 1. 0.
0.982 -0.188 0. 269.490 0.188 0.982 0. 22.518 0. 0. 1. 0.
0.983 -0.183 0. 271.287 0.183 0.983 0. 22.855 0. 0. 1. 0.
0.984 -0.176 0. 273.126 0.176 0.984 0. 23.217 0. 0. 1. 0.
0.985 -0.172 0. 274.969 0.172 0.985 0. 23.465 0. 0. 1. 0.
0.986 -0.166 0. 276.793 0.166 0.986 0. 23.770 0. 0. 1. 0.
0.987 -0.161 0. 278.644 0.161 0.987 0. 24.091 0. 0. 1. 0.
0.988 -0.157 0. 280.512 0.157 0.988 0. 24.382 0. 0. 1. 0.
0.988 -0.152 0. 282.421 0.152 0.988 0. 24.624 0. 0. 1. 0.
0.989 -0.145 0. 284.280 0.145 0.989 0. 24.854 0. 0. 1. 0.
0.990 -0.141 0. 286.181 0.141 0.990 0. 25.090 0. 0. 1. 0.
0.990 -0.138 0. 288.050 0.138 0.990 0. 25.389 0. 0. 1. 0.
0.991 -0.136 0. 289.927 0.136 0.991 0. 25.607 0. 0. 1. 0.
0.991 -0.130 0. 291.855 0.130 0.991 0. 25.833 0. 0. 1. 0.
0.992 -0.124 0. 293.805 0.124 0.992 0. 26.047 0. 0. 1. 0.
0.993 -0.119 0. 295.796 0.119 0.993 0. 26.272 0. 0. 1. 0.
0.993 -0.115 0. 297.780 0.115 0.993 0. 26.435 0. 0. 1. 0.
0.994 -0.112 0. 299.798 0.112 0.994 0. 26.654 0. 0. 1. 0.
0.994 -0.107 0. 301.873 0.107 0.994 0. 26.899 0. 0. 1. 0.
0.994 -0.105 0. 303.956 0.105 0.994 0. 27.069 0. 0. 1. 0.
0.995 -0.103 0. 306.005 0.103 0.995 0. 27.298 0. 0. 1. 0.
0.995 -0.104 0. 308.074 0.104 0.995 0. 27.481 0. 0. 1. 0.
0.994 -0.106 0. 310.172 0.106 0.994 0. 27.678 0. 0. 1. 0.
0.994 -0.106 0. 312.298 0.106 0.994 0. 27.947 0. 0. 1. 0.
0.994 -0.106 0. 314.388 0.106 0.994 0. 28.147 0. 0. 1. 0.
0.994 -0.106 0. 316.489 0.106 0.994 0. 28.348 0. 0. 1. 0.
0.995 -0.102 0. 318.590 0.102 0.995 0. 28.523 0. 0. 1. 0.
0.995 -0.098 0. 320.672 0.098 0.995 0. 28.755 0. 0. 1. 0.
0.996 -0.092 0. 322.719 0.092 0.996 0. 28.940 0. 0. 1. 0.
0.996 -0.085 0. 324.797 0.085 0.996 0. 29.091 0. 0. 1. 0.
0.997 -0.075 0. 326.862 0.075 0.997 0. 29.236 0. 0. 1. 0.
0.998 -0.062 0. 328.918 0.062 0.998 0. 29.293 0. 0. 1. 0.
0.999 -0.053 0. 331.000 0.053 0.999 0. 29.430 0. 0. 1. 0.
0.999 -0.043 0. 333.152 0.043 0.999 0. 29.489 0. 0. 1. 0.
0.999 -0.033 0. 335.271 0.033 0.999 0. 29.519 0. 0. 1. 0.
1.000 -0.026 0. 337.352 0.026 1.000 0. 29.542 0. 0. 1. 0.
1.000 -0.016 0. 339.503 0.016 1.000 0. 29.561 0. 0. 1. 0.
1. -0.010 0. 341.643 0.010 1. 0. 29.605 0. 0. 1. 0.
1. -0.007 0. 343.776 0.007 1. 0. 29.630 0. 0. 1. 0.
1. -0.003 0. 345.922 0.003 1. 0. 29.615 0. 0. 1. 0.
1. -0.003 0. 348.078 0.003 1. 0. 29.606 0. 0. 1. 0.
1. -0.002 0. 350.264 0.002 1. 0. 29.584 0. 0. 1. 0.
1. -0.002 0. 352.438 0.002 1. 0. 29.614 0. 0. 1. 0.
1. -0.004 0. 354.590 0.004 1. 0. 29.629 0. 0. 1. 0.
1. -0.006 0. 356.759 0.006 1. 0. 29.665 0. 0. 1. 0.
1. -0.009 0. 358.920 0.009 1. 0. 29.640 0. 0. 1. 0.
1. -0.011 0. 361.116 0.011 1. 0. 29.653 0. 0. 1. 0.
1. -0.013 0. 363.280 0.013 1. 0. 29.698 0. 0. 1. 0.
1.000 -0.020 0. 365.486 0.020 1.000 0. 29.689 0. 0. 1. 0.
1.000 -0.024 0. 367.640 0.024 1.000 0. 29.774 0. 0. 1. 0.
1.000 -0.027 0. 369.853 0.027 1.000 0. 29.795 0. 0. 1. 0.
0.999 -0.033 0. 372.033 0.033 0.999 0. 29.882 0. 0. 1. 0.
0.999 -0.037 0. 374.199 0.037 0.999 0. 29.943 0. 0. 1. 0.
0.999 -0.042 0. 376.414 0.042 0.999 0. 29.997 0. 0. 1. 0.
0.999 -0.045 0. 378.604 0.045 0.999 0. 30.125 0. 0. 1. 0.
0.999 -0.050 0. 380.770 0.050 0.999 0. 30.167 0. 0. 1. 0.
0.998 -0.056 0. 382.923 0.056 0.998 0. 30.296 0. 0. 1. 0.
0.998 -0.056 0. 385.040 0.056 0.998 0. 30.375 0. 0. 1. 0.
0.999 -0.054 0. 387.172 0.054 0.999 0. 30.530 0. 0. 1. 0.
0.998 -0.055 0. 389.300 0.055 0.998 0. 30.592 0. 0. 1. 0.
0.999 -0.054 0. 391.411 0.054 0.999 0. 30.726 0. 0. 1. 0.
0.999 -0.054 0. 393.518 0.054 0.999 0. 30.788 0. 0. 1. 0.
0.998 -0.055 0. 395.645 0.055 0.998 0. 30.912 0. 0. 1. 0.
0.998 -0.057 0. 397.760 0.057 0.998 0. 31.034 0. 0. 1. 0.
0.998 -0.059 0. 399.867 0.059 0.998 0. 31.133 0. 0. 1. 0.
0.998 -0.062 0. 401.951 0.062 0.998 0. 31.271 0. 0. 1. 0.
0.998 -0.065 0. 403.967 0.065 0.998 0. 31.345 0. 0. 1. 0.
0.998 -0.067 0. 406.014 0.067 0.998 0. 31.509 0. 0. 1. 0.
0.998 -0.069 0. 408.031 0.069 0.998 0. 31.627 0. 0. 1. 0.
0.998 -0.070 0. 410.034 0.070 0.998 0. 31.767 0. 0. 1. 0.
0.997 -0.073 0. 412.003 0.073 0.997 0. 31.881 0. 0. 1. 0.
0.997 -0.073 0. 413.953 0.073 0.997 0. 31.981 0. 0. 1. 0.
0.997 -0.073 0. 415.884 0.073 0.997 0. 32.152 0. 0. 1. 0.
0.997 -0.075 0. 417.717 0.075 0.997 0. 32.328 0. 0. 1. 0.
0.997 -0.073 0. 419.491 0.073 0.997 0. 32.432 0. 0. 1. 0.
0.997 -0.071 0. 421.206 0.071 0.997 0. 32.528 0. 0. 1. 0.
0.998 -0.069 0. 422.873 0.069 0.998 0. 32.628 0. 0. 1. 0.
0.997 -0.071 0. 424.489 0.071 0.997 0. 32.748 0. 0. 1. 0.
0.997 -0.073 0. 426.036 0.073 0.997 0. 32.864 0. 0. 1. 0.
0.997 -0.073 0. 427.550 0.073 0.997 0. 32.934 0. 0. 1. 0.
0.997 -0.073 0. 429.020 0.073 0.997 0. 33.041 0. 0. 1. 0.
0.997 -0.071 0. 430.379 0.071 0.997 0. 33.119 0. 0. 1. 0.
0.998 -0.068 0. 431.668 0.068 0.998 0. 33.215 0. 0. 1. 0.
0.998 -0.064 0. 432.883 0.064 0.998 0. 33.262 0. 0. 1. 0.
0.998 -0.058 0. 434.004 0.058 0.998 0. 33.333 0. 0. 1. 0.
0.999 -0.049 0. 435.075 0.049 0.999 0. 33.330 0. 0. 1. 0.
1.000 -0.031 0. 436.062 0.031 1.000 0. 33.349 0. 0. 1. 0.
1. 0.001 0. 437.040 -0.001 1. 0. 33.319 0. 0. 1. 0.
0.999 0.040 0. 438.013 -0.040 0.999 0. 33.192 0. 0. 1. 0.
0.997 0.083 0. 438.927 -0.083 0.997 0. 33.131 0. 0. 1. 0.
0.991 0.134 0. 439.861 -0.134 0.991 0. 32.997 0. 0. 1. 0.
0.981 0.193 0. 440.757 -0.193 0.981 0. 32.773 0. 0. 1. 0.
0.966 0.258 0. 441.646 -0.258 0.966 0. 32.481 0. 0. 1. 0.
0.945 0.328 0. 442.519 -0.328 0.945 0. 32.161 0. 0. 1. 0.
0.918 0.397 0. 443.318 -0.397 0.918 0. 31.732 0. 0. 1. 0.
0.885 0.466 0. 444.059 -0.466 0.885 0. 31.215 0. 0. 1. 0.
0.849 0.528 0. 444.758 -0.528 0.849 0. 30.702 0. 0. 1. 0.
0.809 0.587 0. 445.390 -0.587 0.809 0. 30.229 0. 0. 1. 0.
0.768 0.640 0. 445.892 -0.640 0.768 0. 29.724 0. 0. 1. 0.
0.725 0.689 0. 446.309 -0.689 0.725 0. 29.291 0. 0. 1. 0.
0.682 0.731 0. 446.622 -0.731 0.682 0. 28.805 0. 0. 1. 0.
0.644 0.765 0. 446.855 -0.765 0.644 0. 28.436 0. 0. 1. 0.
0.613 0.790 0. 447.032 -0.790 0.613 0. 28.144 0. 0. 1. 0.
0.591 0.807 0. 447.143 -0.807 0.591 0. 27.967 0. 0. 1. 0.
0.577 0.817 0. 447.175 -0.817 0.577 0. 27.858 0. 0. 1. 0.
0.566 0.824 0. 447.236 -0.824 0.566 0. 27.783 0. 0. 1. 0.
0.558 0.830 0. 447.263 -0.830 0.558 0. 27.719 0. 0. 1. 0.
0.552 0.834 0. 447.287 -0.834 0.552 0. 27.691 0. 0. 1. 0.
0.551 0.835 0. 447.285 -0.835 0.551 0. 27.644 0. 0. 1. 0.
0.547 0.837 0. 447.311 -0.837 0.547 0. 27.647 0. 0. 1. 0.
0.547 0.837 0. 447.321 -0.837 0.547 0. 27.617 0. 0. 1. 0.
0.546 0.837 0. 447.325 -0.837 0.546 0. 27.639 0. 0. 1. 0.
0.547 0.837 0. 447.313 -0.837 0.547 0. 27.630 0. 0. 1. 0.
0.547 0.837 0. 447.317 -0.837 0.547 0. 27.648 0. 0. 1. 0.
0.547 0.837 0. 447.315 -0.837 0.547 0. 27.648 0. 0. 1. 0.
0.547 0.837 0. 447.318 -0.837 0.547 0. 27.640 0. 0. 1. 0.
0.547 0.837 0. 447.311 -0.837 0.547 0. 27.627 0. 0. 1. 0.
0.546 0.838 0. 447.306 -0.838 0.546 0. 27.642 0. 0. 1. 0.
0.544 0.839 0. 447.312 -0.839 0.544 0. 27.609 0. 0. 1. 0.
0.538 0.843 0. 447.347 -0.843 0.538 0. 27.576 0. 0. 1. 0.
0.531 0.848 0. 447.390 -0.848 0.531 0. 27.490 0. 0. 1. 0.
0.519 0.855 0. 447.418 -0.855 0.519 0. 27.414 0. 0. 1. 0.
0.506 0.863 0. 447.470 -0.863 0.506 0. 27.292 0. 0. 1. 0.
0.486 0.874 0. 447.512 -0.874 0.486 0. 27.130 0. 0. 1. 0.
0.464 0.886 0. 447.572 -0.886 0.464 0. 26.969 0. 0. 1. 0.
0.432 0.902 0. 447.639 -0.902 0.432 0. 26.759 0. 0. 1. 0.
0.393 0.920 0. 447.737 -0.920 0.393 0. 26.535 0. 0. 1. 0.
0.343 0.939 0. 447.804 -0.939 0.343 0. 26.208 0. 0. 1. 0.
0.280 0.960 0. 447.861 -0.960 0.280 0. 25.798 0. 0. 1. 0.
0.204 0.979 0. 447.916 -0.979 0.204 0. 25.278 0. 0. 1. 0.
0.119 0.993 0. 447.923 -0.993 0.119 0. 24.702 0. 0. 1. 0.
0.025 1.000 0. 447.879 -1.000 0.025 0. 24.133 0. 0. 1. 0.
-0.075 0.997 0. 447.725 -0.997 -0.075 0. 23.472 0. 0. 1. 0.
-0.178 0.984 0. 447.548 -0.984 -0.178 0. 22.775 0. 0. 1. 0.
-0.281 0.960 0. 447.239 -0.960 -0.281 0. 22.023 0. 0. 1. 0.
-0.380 0.925 0. 446.827 -0.925 -0.380 0. 21.246 0. 0. 1. 0.
-0.475 0.880 0. 446.350 -0.880 -0.475 0. 20.478 0. 0. 1. 0.
-0.559 0.829 0. 445.738 -0.829 -0.559 0. 19.673 0. 0. 1. 0.
-0.633 0.774 0. 445.035 -0.774 -0.633 0. 18.873 0. 0. 1. 0.
-0.696 0.718 0. 444.188 -0.718 -0.696 0. 18.102 0. 0. 1. 0.
-0.749 0.662 0. 443.247 -0.662 -0.749 0. 17.315 0. 0. 1. 0.
-0.789 0.614 0. 442.208 -0.614 -0.789 0. 16.572 0. 0. 1. 0.
-0.819 0.574 0. 441.071 -0.574 -0.819 0. 15.822 0. 0. 1. 0.
-0.839 0.544 0. 439.862 -0.544 -0.839 0. 15.075 0. 0. 1. 0.
-0.852 0.523 0. 438.586 -0.523 -0.852 0. 14.412 0. 0. 1. 0.
-0.862 0.507 0. 437.271 -0.507 -0.862 0. 13.642 0. 0. 1. 0.
-0.868 0.496 0. 435.895 -0.496 -0.868 0. 12.875 0. 0. 1. 0.
-0.875 0.484 0. 434.456 -0.484 -0.875 0. 12.086 0. 0. 1. 0.
-0.878 0.478 0. 432.964 -0.478 -0.878 0. 11.307 0. 0. 1. 0.
-0.882 0.472 0. 431.403 -0.472 -0.882 0. 10.520 0. 0. 1. 0.
-0.883 0.469 0. 429.799 -0.469 -0.883 0. 9.685 0. 0. 1. 0.
-0.883 0.470 0. 428.187 -0.470 -0.883 0. 8.822 0. 0. 1. 0.
-0.883 0.468 0. 426.515 -0.468 -0.883 0. 7.986 0. 0. 1. 0.
-0.884 0.468 0. 424.829 -0.468 -0.884 0. 7.092 0. 0. 1. 0.
-0.884 0.467 0. 423.088 -0.467 -0.884 0. 6.216 0. 0. 1. 0.
-0.885 0.466 0. 421.327 -0.466 -0.885 0. 5.291 0. 0. 1. 0.
-0.885 0.466 0. 419.577 -0.466 -0.885 0. 4.356 0. 0. 1. 0.
-0.886 0.464 0. 417.785 -0.464 -0.886 0. 3.468 0. 0. 1. 0.
-0.888 0.461 0. 415.996 -0.461 -0.888 0. 2.523 0. 0. 1. 0.
-0.890 0.456 0. 414.223 -0.456 -0.890 0. 1.600 0. 0. 1. 0.
-0.891 0.453 0. 412.406 -0.453 -0.891 0. 0.723 0. 0. 1. 0.
-0.893 0.449 0. 410.634 -0.449 -0.893 0. -0.212 0. 0. 1. 0.
-0.895 0.446 0. 408.826 -0.446 -0.895 0. -1.104 0. 0. 1. 0.
-0.897 0.442 0. 407.080 -0.442 -0.897 0. -1.988 0. 0. 1. 0.
-0.897 0.441 0. 405.333 -0.441 -0.897 0. -2.808 0. 0. 1. 0.
-0.897 0.442 0. 403.594 -0.442 -0.897 0. -3.643 0. 0. 1. 0.
-0.895 0.445 0. 401.895 -0.445 -0.895 0. -4.488 0. 0. 1. 0.
-0.894 0.448 0. 400.219 -0.448 -0.894 0. -5.299 0. 0. 1. 0.
-0.892 0.451 0. 398.610 -0.451 -0.892 0. -6.143 0. 0. 1. 0.
-0.892 0.452 0. 397.051 -0.452 -0.892 0. -6.931 0. 0. 1. 0.
-0.891 0.453 0. 395.520 -0.453 -0.891 0. -7.673 0. 0. 1. 0.
-0.891 0.454 0. 394.086 -0.454 -0.891 0. -8.400 0. 0. 1. 0.
-0.891 0.453 0. 392.683 -0.453 -0.891 0. -9.126 0. 0. 1. 0.
-0.891 0.455 0. 391.350 -0.455 -0.891 0. -9.804 0. 0. 1. 0.
-0.891 0.453 0. 390.084 -0.453 -0.891 0. -10.461 0. 0. 1. 0.
-0.892 0.453 0. 388.877 -0.453 -0.892 0. -11.054 0. 0. 1. 0.
-0.892 0.453 0. 387.782 -0.453 -0.892 0. -11.645 0. 0. 1. 0.
-0.892 0.451 0. 386.726 -0.451 -0.892 0. -12.184 0. 0. 1. 0.
-0.892 0.452 0. 385.752 -0.452 -0.892 0. -12.656 0. 0. 1. 0.
-0.892 0.452 0. 384.859 -0.452 -0.892 0. -13.091 0. 0. 1. 0.
-0.892 0.452 0. 384.032 -0.452 -0.892 0. -13.490 0. 0. 1. 0.
-0.893 0.451 0. 383.276 -0.451 -0.893 0. -13.892 0. 0. 1. 0.
-0.894 0.449 0. 382.560 -0.449 -0.894 0. -14.220 0. 0. 1. 0.
-0.894 0.448 0. 381.939 -0.448 -0.894 0. -14.556 0. 0. 1. 0.
-0.894 0.448 0. 381.322 -0.448 -0.894 0. -14.810 0. 0. 1. 0.
-0.895 0.447 0. 380.778 -0.447 -0.895 0. -15.094 0. 0. 1. 0.
-0.896 0.445 0. 380.284 -0.445 -0.896 0. -15.354 0. 0. 1. 0.
-0.897 0.442 0. 379.760 -0.442 -0.897 0. -15.607 0. 0. 1. 0.
-0.898 0.441 0. 379.252 -0.441 -0.898 0. -15.805 0. 0. 1. 0.
-0.898 0.441 0. 378.821 -0.441 -0.898 0. -16.058 0. 0. 1. 0.
-0.898 0.439 0. 378.311 -0.439 -0.898 0. -16.271 0. 0. 1. 0.
-0.900 0.437 0. 377.808 -0.437 -0.900 0. -16.482 0. 0. 1. 0.
-0.900 0.436 0. 377.241 -0.436 -0.900 0. -16.744 0. 0. 1. 0.
-0.900 0.437 0. 376.660 -0.437 -0.900 0. -17.028 0. 0. 1. 0.
-0.900 0.435 0. 376.014 -0.435 -0.900 0. -17.346 0. 0. 1. 0.
-0.901 0.433 0. 375.287 -0.433 -0.901 0. -17.692 0. 0. 1. 0.
-0.902 0.432 0. 374.535 -0.432 -0.902 0. -18.019 0. 0. 1. 0.
-0.902 0.431 0. 373.741 -0.431 -0.902 0. -18.439 0. 0. 1. 0.
-0.903 0.429 0. 372.890 -0.429 -0.903 0. -18.828 0. 0. 1. 0.
-0.904 0.427 0. 371.976 -0.427 -0.904 0. -19.233 0. 0. 1. 0.
-0.905 0.426 0. 371.028 -0.426 -0.905 0. -19.703 0. 0. 1. 0.
-0.905 0.426 0. 370.025 -0.426 -0.905 0. -20.171 0. 0. 1. 0.
-0.905 0.426 0. 368.968 -0.426 -0.905 0. -20.667 0. 0. 1. 0.
-0.905 0.425 0. 367.863 -0.425 -0.905 0. -21.175 0. 0. 1. 0.
-0.906 0.422 0. 366.697 -0.422 -0.906 0. -21.700 0. 0. 1. 0.
-0.907 0.421 0. 365.494 -0.421 -0.907 0. -22.252 0. 0. 1. 0.
-0.907 0.420 0. 364.277 -0.420 -0.907 0. -22.823 0. 0. 1. 0.
-0.908 0.420 0. 362.950 -0.420 -0.908 0. -23.378 0. 0. 1. 0.
-0.909 0.417 0. 361.632 -0.417 -0.909 0. -23.997 0. 0. 1. 0.
-0.910 0.416 0. 360.230 -0.416 -0.910 0. -24.652 0. 0. 1. 0.
-0.910 0.414 0. 358.788 -0.414 -0.910 0. -25.291 0. 0. 1. 0.
-0.911 0.412 0. 357.304 -0.412 -0.911 0. -25.923 0. 0. 1. 0.
-0.912 0.410 0. 355.817 -0.410 -0.912 0. -26.632 0. 0. 1. 0.
-0.912 0.409 0. 354.210 -0.409 -0.912 0. -27.320 0. 0. 1. 0.
-0.913 0.409 0. 352.626 -0.409 -0.913 0. -27.991 0. 0. 1. 0.
-0.915 0.404 0. 350.997 -0.404 -0.915 0. -28.730 0. 0. 1. 0.
-0.916 0.401 0. 349.317 -0.401 -0.916 0. -29.430 0. 0. 1. 0.
-0.919 0.394 0. 347.593 -0.394 -0.919 0. -30.162 0. 0. 1. 0.
-0.921 0.389 0. 345.854 -0.389 -0.921 0. -30.892 0. 0. 1. 0.
-0.924 0.381 0. 344.040 -0.381 -0.924 0. -31.593 0. 0. 1. 0.
-0.928 0.374 0. 342.223 -0.374 -0.928 0. -32.317 0. 0. 1. 0.
-0.930 0.367 0. 340.351 -0.367 -0.930 0. -33.035 0. 0. 1. 0.
-0.933 0.360 0. 338.471 -0.360 -0.933 0. -33.777 0. 0. 1. 0.
-0.936 0.353 0. 336.573 -0.353 -0.936 0. -34.494 0. 0. 1. 0.
-0.938 0.348 0. 334.619 -0.348 -0.938 0. -35.137 0. 0. 1. 0.
-0.941 0.338 0. 332.671 -0.338 -0.941 0. -35.898 0. 0. 1. 0.
-0.943 0.332 0. 330.637 -0.332 -0.943 0. -36.600 0. 0. 1. 0.
-0.944 0.329 0. 328.584 -0.329 -0.944 0. -37.256 0. 0. 1. 0.
-0.945 0.328 0. 326.565 -0.328 -0.945 0. -37.920 0. 0. 1. 0.
-0.944 0.330 0. 324.528 -0.330 -0.944 0. -38.637 0. 0. 1. 0.
-0.944 0.329 0. 322.427 -0.329 -0.944 0. -39.357 0. 0. 1. 0.
-0.945 0.328 0. 320.404 -0.328 -0.945 0. -40.059 0. 0. 1. 0.
-0.945 0.327 0. 318.314 -0.327 -0.945 0. -40.743 0. 0. 1. 0.
-0.945 0.327 0. 316.235 -0.327 -0.945 0. -41.452 0. 0. 1. 0.
-0.944 0.329 0. 314.146 -0.329 -0.944 0. -42.117 0. 0. 1. 0.
-0.944 0.330 0. 312.045 -0.330 -0.944 0. -42.781 0. 0. 1. 0.
-0.943 0.332 0. 309.956 -0.332 -0.943 0. -43.535 0. 0. 1. 0.
-0.942 0.335 0. 307.832 -0.335 -0.942 0. -44.289 0. 0. 1. 0.
-0.941 0.339 0. 305.702 -0.339 -0.941 0. -45.039 0. 0. 1. 0.
-0.940 0.342 0. 303.564 -0.342 -0.940 0. -45.779 0. 0. 1. 0.
-0.939 0.344 0. 301.397 -0.344 -0.939 0. -46.505 0. 0. 1. 0.
-0.937 0.349 0. 299.246 -0.349 -0.937 0. -47.298 0. 0. 1. 0.
-0.936 0.353 0. 297.082 -0.353 -0.936 0. -48.115 0. 0. 1. 0.
-0.934 0.358 0. 294.896 -0.358 -0.934 0. -48.950 0. 0. 1. 0.
-0.932 0.361 0. 292.728 -0.361 -0.932 0. -49.778 0. 0. 1. 0.
-0.931 0.364 0. 290.525 -0.364 -0.931 0. -50.610 0. 0. 1. 0.
-0.930 0.367 0. 288.316 -0.367 -0.930 0. -51.498 0. 0. 1. 0.
-0.929 0.370 0. 286.096 -0.370 -0.929 0. -52.408 0. 0. 1. 0.
-0.928 0.372 0. 283.871 -0.372 -0.928 0. -53.300 0. 0. 1. 0.
-0.929 0.371 0. 281.618 -0.371 -0.929 0. -54.199 0. 0. 1. 0.
-0.927 0.374 0. 279.365 -0.374 -0.927 0. -55.112 0. 0. 1. 0.
-0.926 0.377 0. 277.079 -0.377 -0.926 0. -56.017 0. 0. 1. 0.
-0.925 0.380 0. 274.752 -0.380 -0.925 0. -56.934 0. 0. 1. 0.
-0.923 0.385 0. 272.387 -0.385 -0.923 0. -57.905 0. 0. 1. 0.
-0.922 0.387 0. 270.012 -0.387 -0.922 0. -58.830 0. 0. 1. 0.
-0.921 0.390 0. 267.619 -0.390 -0.921 0. -59.804 0. 0. 1. 0.
-0.919 0.393 0. 265.184 -0.393 -0.919 0. -60.811 0. 0. 1. 0.
-0.919 0.393 0. 262.773 -0.393 -0.919 0. -61.772 0. 0. 1. 0.
-0.919 0.394 0. 260.369 -0.394 -0.919 0. -62.893 0. 0. 1. 0.
-0.918 0.396 0. 257.942 -0.396 -0.918 0. -63.886 0. 0. 1. 0.
-0.917 0.399 0. 255.608 -0.399 -0.917 0. -64.852 0. 0. 1. 0.
-0.916 0.401 0. 253.284 -0.401 -0.916 0. -65.907 0. 0. 1. 0.
-0.917 0.400 0. 250.989 -0.400 -0.917 0. -66.844 0. 0. 1. 0.
-0.916 0.401 0. 248.660 -0.401 -0.916 0. -67.808 0. 0. 1. 0.
-0.915 0.404 0. 246.386 -0.404 -0.915 0. -68.793 0. 0. 1. 0.
-0.915 0.404 0. 244.157 -0.404 -0.915 0. -69.723 0. 0. 1. 0.
-0.912 0.411 0. 241.929 -0.411 -0.912 0. -70.717 0. 0. 1. 0.
-0.911 0.413 0. 239.760 -0.413 -0.911 0. -71.676 0. 0. 1. 0.
-0.909 0.416 0. 237.599 -0.416 -0.909 0. -72.617 0. 0. 1. 0.
-0.910 0.416 0. 235.457 -0.416 -0.910 0. -73.644 0. 0. 1. 0.
-0.910 0.416 0. 233.299 -0.416 -0.910 0. -74.658 0. 0. 1. 0.
-0.910 0.414 0. 231.174 -0.414 -0.910 0. -75.599 0. 0. 1. 0.
-0.911 0.412 0. 229.051 -0.412 -0.911 0. -76.548 0. 0. 1. 0.
-0.912 0.409 0. 226.922 -0.409 -0.912 0. -77.512 0. 0. 1. 0.
-0.913 0.409 0. 224.838 -0.409 -0.913 0. -78.451 0. 0. 1. 0.
-0.914 0.405 0. 222.722 -0.405 -0.914 0. -79.409 0. 0. 1. 0.
-0.916 0.401 0. 220.640 -0.401 -0.916 0. -80.269 0. 0. 1. 0.
-0.916 0.400 0. 218.567 -0.400 -0.916 0. -81.193 0. 0. 1. 0.
-0.917 0.399 0. 216.457 -0.399 -0.917 0. -82.045 0. 0. 1. 0.
-0.917 0.398 0. 214.367 -0.398 -0.917 0. -83.069 0. 0. 1. 0.
-0.918 0.397 0. 212.196 -0.397 -0.918 0. -83.911 0. 0. 1. 0.
-0.920 0.393 0. 210.110 -0.393 -0.920 0. -84.894 0. 0. 1. 0.
-0.920 0.393 0. 207.948 -0.393 -0.920 0. -85.728 0. 0. 1. 0.
-0.919 0.394 0. 205.844 -0.394 -0.919 0. -86.692 0. 0. 1. 0.
-0.919 0.393 0. 203.696 -0.393 -0.919 0. -87.582 0. 0. 1. 0.
-0.919 0.394 0. 201.545 -0.394 -0.919 0. -88.450 0. 0. 1. 0.
-0.919 0.393 0. 199.416 -0.393 -0.919 0. -89.335 0. 0. 1. 0.
-0.920 0.391 0. 197.298 -0.391 -0.920 0. -90.209 0. 0. 1. 0.
-0.921 0.389 0. 195.177 -0.389 -0.921 0. -91.104 0. 0. 1. 0.
-0.921 0.388 0. 193.038 -0.388 -0.921 0. -92.007 0. 0. 1. 0.
-0.922 0.386 0. 190.930 -0.386 -0.922 0. -92.885 0. 0. 1. 0.
-0.921 0.389 0. 188.777 -0.389 -0.921 0. -93.770 0. 0. 1. 0.
-0.922 0.388 0. 186.653 -0.388 -0.922 0. -94.724 0. 0. 1. 0.
-0.921 0.388 0. 184.515 -0.388 -0.921 0. -95.527 0. 0. 1. 0.
-0.921 0.389 0. 182.420 -0.389 -0.921 0. -96.428 0. 0. 1. 0.
-0.921 0.391 0. 180.331 -0.391 -0.921 0. -97.270 0. 0. 1. 0.
-0.920 0.392 0. 178.272 -0.392 -0.920 0. -98.179 0. 0. 1. 0.
-0.919 0.394 0. 176.231 -0.394 -0.919 0. -99.063 0. 0. 1. 0.
-0.917 0.398 0. 174.188 -0.398 -0.917 0. -99.934 0. 0. 1. 0.
-0.916 0.402 0. 172.157 -0.402 -0.916 0. -100.759 0. 0. 1. 0.
-0.915 0.404 0. 170.188 -0.404 -0.915 0. -101.606 0. 0. 1. 0.
-0.914 0.406 0. 168.201 -0.406 -0.914 0. -102.514 0. 0. 1. 0.
-0.914 0.406 0. 166.271 -0.406 -0.914 0. -103.401 0. 0. 1. 0.
-0.914 0.407 0. 164.341 -0.407 -0.914 0. -104.254 0. 0. 1. 0.
-0.914 0.405 0. 162.424 -0.405 -0.914 0. -105.076 0. 0. 1. 0.
-0.914 0.405 0. 160.542 -0.405 -0.914 0. -105.865 0. 0. 1. 0.
-0.915 0.403 0. 158.731 -0.403 -0.915 0. -106.641 0. 0. 1. 0.
-0.915 0.403 0. 156.909 -0.403 -0.915 0. -107.305 0. 0. 1. 0.
-0.914 0.405 0. 155.231 -0.405 -0.914 0. -108.118 0. 0. 1. 0.
-0.916 0.402 0. 153.512 -0.402 -0.916 0. -108.863 0. 0. 1. 0.
-0.916 0.402 0. 151.807 -0.402 -0.916 0. -109.553 0. 0. 1. 0.
-0.916 0.400 0. 150.177 -0.400 -0.916 0. -110.265 0. 0. 1. 0.
-0.918 0.396 0. 148.575 -0.396 -0.918 0. -110.962 0. 0. 1. 0.
-0.920 0.393 0. 146.984 -0.393 -0.920 0. -111.637 0. 0. 1. 0.
-0.920 0.391 0. 145.431 -0.391 -0.920 0. -112.275 0. 0. 1. 0.
-0.920 0.392 0. 143.876 -0.392 -0.920 0. -112.863 0. 0. 1. 0.
-0.920 0.392 0. 142.371 -0.392 -0.920 0. -113.494 0. 0. 1. 0.
-0.920 0.391 0. 140.893 -0.391 -0.920 0. -114.139 0. 0. 1. 0.
-0.920 0.392 0. 139.432 -0.392 -0.920 0. -114.805 0. 0. 1. 0.
-0.920 0.392 0. 137.961 -0.392 -0.920 0. -115.419 0. 0. 1. 0.
-0.918 0.396 0. 136.504 -0.396 -0.918 0. -115.990 0. 0. 1. 0.
-0.917 0.400 0. 135.065 -0.400 -0.917 0. -116.589 0. 0. 1. 0.
-0.915 0.402 0. 133.639 -0.402 -0.915 0. -117.229 0. 0. 1. 0.
-0.913 0.407 0. 132.290 -0.407 -0.913 0. -117.887 0. 0. 1. 0.
-0.909 0.417 0. 130.887 -0.417 -0.909 0. -118.484 0. 0. 1. 0.
-0.906 0.423 0. 129.592 -0.423 -0.906 0. -119.186 0. 0. 1. 0.
-0.903 0.429 0. 128.189 -0.429 -0.903 0. -119.784 0. 0. 1. 0.
-0.904 0.428 0. 126.921 -0.428 -0.904 0. -120.469 0. 0. 1. 0.
-0.905 0.425 0. 125.600 -0.425 -0.905 0. -121.038 0. 0. 1. 0.
-0.907 0.421 0. 124.317 -0.421 -0.907 0. -121.640 0. 0. 1. 0.
-0.908 0.418 0. 123.008 -0.418 -0.908 0. -122.224 0. 0. 1. 0.
-0.910 0.414 0. 121.738 -0.414 -0.910 0. -122.815 0. 0. 1. 0.
-0.912 0.409 0. 120.464 -0.409 -0.912 0. -123.322 0. 0. 1. 0.
-0.914 0.405 0. 119.235 -0.405 -0.914 0. -123.887 0. 0. 1. 0.
-0.918 0.396 0. 117.943 -0.396 -0.918 0. -124.301 0. 0. 1. 0.
-0.921 0.390 0. 116.755 -0.390 -0.921 0. -124.894 0. 0. 1. 0.
-0.924 0.382 0. 115.524 -0.382 -0.924 0. -125.362 0. 0. 1. 0.
-0.928 0.373 0. 114.313 -0.373 -0.928 0. -125.833 0. 0. 1. 0.
-0.931 0.364 0. 113.085 -0.364 -0.931 0. -126.277 0. 0. 1. 0.
-0.936 0.353 0. 111.922 -0.353 -0.936 0. -126.730 0. 0. 1. 0.
-0.940 0.342 0. 110.703 -0.342 -0.940 0. -127.060 0. 0. 1. 0.
-0.943 0.333 0. 109.546 -0.333 -0.943 0. -127.498 0. 0. 1. 0.
-0.945 0.326 0. 108.354 -0.326 -0.945 0. -127.879 0. 0. 1. 0.
-0.947 0.321 0. 107.244 -0.321 -0.947 0. -128.234 0. 0. 1. 0.
-0.947 0.322 0. 106.199 -0.322 -0.947 0. -128.598 0. 0. 1. 0.
-0.947 0.322 0. 105.242 -0.322 -0.947 0. -128.948 0. 0. 1. 0.
-0.946 0.325 0. 104.349 -0.325 -0.946 0. -129.261 0. 0. 1. 0.
-0.945 0.326 0. 103.477 -0.326 -0.945 0. -129.492 0. 0. 1. 0.
-0.945 0.326 0. 102.704 -0.326 -0.945 0. -129.791 0. 0. 1. 0.
-0.945 0.328 0. 101.962 -0.328 -0.945 0. -130.041 0. 0. 1. 0.
-0.945 0.328 0. 101.372 -0.328 -0.945 0. -130.292 0. 0. 1. 0.
-0.944 0.330 0. 100.756 -0.330 -0.944 0. -130.425 0. 0. 1. 0.
-0.943 0.332 0. 100.329 -0.332 -0.943 0. -130.589 0. 0. 1. 0.
-0.943 0.333 0. 99.970 -0.333 -0.943 0. -130.710 0. 0. 1. 0.
-0.943 0.333 0. 99.720 -0.333 -0.943 0. -130.786 0. 0. 1. 0.
-0.943 0.333 0. 99.501 -0.333 -0.943 0. -130.824 0. 0. 1. 0.
-0.942 0.335 0. 99.413 -0.335 -0.942 0. -130.939 0. 0. 1. 0.
-0.942 0.336 0. 99.341 -0.336 -0.942 0. -131.009 0. 0. 1. 0.
-0.942 0.335 0. 99.277 -0.335 -0.942 0. -130.996 0. 0. 1. 0.
-0.942 0.334 0. 99.218 -0.334 -0.942 0. -130.947 0. 0. 1. 0.
-0.942 0.335 0. 99.196 -0.335 -0.942 0. -131.000 0. 0. 1. 0.
-0.942 0.336 0. 99.142 -0.336 -0.942 0. -131.057 0. 0. 1. 0.
-0.942 0.337 0. 99.076 -0.337 -0.942 0. -131.058 0. 0. 1. 0.
-0.942 0.336 0. 98.972 -0.336 -0.942 0. -131.070 0. 0. 1. 0.
-0.942 0.335 0. 98.807 -0.335 -0.942 0. -131.105 0. 0. 1. 0.
-0.942 0.336 0. 98.635 -0.336 -0.942 0. -131.142 0. 0. 1. 0.
-0.942 0.336 0. 98.525 -0.336 -0.942 0. -131.227 0. 0. 1. 0.
-0.942 0.335 0. 98.409 -0.335 -0.942 0. -131.194 0. 0. 1. 0.
-0.943 0.334 0. 98.353 -0.334 -0.943 0. -131.227 0. 0. 1. 0.
-0.942 0.336 0. 98.238 -0.336 -0.942 0. -131.321 0. 0. 1. 0.
-0.942 0.337 0. 98.126 -0.337 -0.942 0. -131.322 0. 0. 1. 0.
-0.941 0.337 0. 98.022 -0.337 -0.941 0. -131.342 0. 0. 1. 0.
-0.942 0.337 0. 97.909 -0.337 -0.942 0. -131.417 0. 0. 1. 0.
-0.942 0.336 0. 97.818 -0.336 -0.942 0. -131.437 0. 0. 1. 0.
-0.942 0.337 0. 97.752 -0.337 -0.942 0. -131.442 0. 0. 1. 0.
-0.942 0.336 0. 97.682 -0.336 -0.942 0. -131.470 0. 0. 1. 0.
-0.942 0.336 0. 97.614 -0.336 -0.942 0. -131.483 0. 0. 1. 0.
-0.942 0.336 0. 97.535 -0.336 -0.942 0. -131.524 0. 0. 1. 0.
-0.942 0.336 0. 97.501 -0.336 -0.942 0. -131.557 0. 0. 1. 0.
-0.942 0.335 0. 97.474 -0.335 -0.942 0. -131.538 0. 0. 1. 0.
-0.942 0.335 0. 97.451 -0.335 -0.942 0. -131.556 0. 0. 1. 0.
-0.942 0.336 0. 97.463 -0.336 -0.942 0. -131.604 0. 0. 1. 0.
-0.942 0.336 0. 97.454 -0.336 -0.942 0. -131.570 0. 0. 1. 0.
-0.942 0.336 0. 97.448 -0.336 -0.942 0. -131.560 0. 0. 1. 0.
-0.942 0.336 0. 97.450 -0.336 -0.942 0. -131.575 0. 0. 1. 0.
-0.942 0.337 0. 97.468 -0.337 -0.942 0. -131.597 0. 0. 1. 0.
-0.941 0.337 0. 97.448 -0.337 -0.941 0. -131.598 0. 0. 1. 0.
-0.942 0.335 0. 97.456 -0.335 -0.942 0. -131.588 0. 0. 1. 0.
-0.942 0.335 0. 97.445 -0.335 -0.942 0. -131.557 0. 0. 1. 0.
-0.942 0.336 0. 97.464 -0.336 -0.942 0. -131.588 0. 0. 1. 0.
-0.942 0.336 0. 97.447 -0.336 -0.942 0. -131.583 0. 0. 1. 0.
-0.942 0.336 0. 97.454 -0.336 -0.942 0. -131.590 0. 0. 1. 0.
-0.942 0.337 0. 97.441 -0.337 -0.942 0. -131.583 0. 0. 1. 0.
-0.942 0.336 0. 97.445 -0.336 -0.942 0. -131.580 0. 0. 1. 0.
-0.941 0.337 0. 97.460 -0.337 -0.941 0. -131.574 0. 0. 1. 0.
-0.941 0.338 0. 97.454 -0.338 -0.941 0. -131.545 0. 0. 1. 0.
-0.942 0.335 0. 97.455 -0.335 -0.942 0. -131.569 0. 0. 1. 0.
-0.942 0.337 0. 97.441 -0.337 -0.942 0. -131.587 0. 0. 1. 0.
-0.942 0.337 0. 97.463 -0.337 -0.942 0. -131.584 0. 0. 1. 0.
-0.941 0.337 0. 97.446 -0.337 -0.941 0. -131.590 0. 0. 1. 0.
-0.942 0.337 0. 97.454 -0.337 -0.942 0. -131.572 0. 0. 1. 0.
-0.941 0.337 0. 97.459 -0.337 -0.941 0. -131.546 0. 0. 1. 0.
-0.942 0.337 0. 97.460 -0.337 -0.942 0. -131.564 0. 0. 1. 0.
-0.942 0.336 0. 97.449 -0.336 -0.942 0. -131.561 0. 0. 1. 0.
-0.942 0.337 0. 97.455 -0.337 -0.942 0. -131.570 0. 0. 1. 0.
-0.942 0.337 0. 97.461 -0.337 -0.942 0. -131.580 0. 0. 1. 0.
-0.942 0.335 0. 97.451 -0.335 -0.942 0. -131.577 0. 0. 1. 0.
-0.942 0.336 0. 97.435 -0.336 -0.942 0. -131.566 0. 0. 1. 0.
-0.942 0.336 0. 97.440 -0.336 -0.942 0. -131.560 0. 0. 1. 0.
-0.942 0.335 0. 97.443 -0.335 -0.942 0. -131.560 0. 0. 1. 0.
-0.942 0.336 0. 97.438 -0.336 -0.942 0. -131.559 0. 0. 1. 0.
-0.942 0.337 0. 97.454 -0.337 -0.942 0. -131.574 0. 0. 1. 0.
-0.942 0.337 0. 97.460 -0.337 -0.942 0. -131.586 0. 0. 1. 0.
-0.942 0.336 0. 97.446 -0.336 -0.942 0. -131.569 0. 0. 1. 0.
-0.942 0.336 0. 97.452 -0.336 -0.942 0. -131.574 0. 0. 1. 0.
-0.941 0.337 0. 97.475 -0.337 -0.941 0. -131.594 0. 0. 1. 0.
-0.941 0.337 0. 97.497 -0.337 -0.941 0. -131.600 0. 0. 1. 0.
-0.942 0.336 0. 97.475 -0.336 -0.942 0. -131.589 0. 0. 1. 0.
-0.942 0.335 0. 97.444 -0.335 -0.942 0. -131.580 0. 0. 1. 0.
-0.942 0.336 0. 97.452 -0.336 -0.942 0. -131.586 0. 0. 1. 0.
-0.942 0.336 0. 97.435 -0.336 -0.942 0. -131.581 0. 0. 1. 0.
-0.941 0.338 0. 97.457 -0.338 -0.941 0. -131.619 0. 0. 1. 0.
-0.941 0.339 0. 97.452 -0.339 -0.941 0. -131.633 0. 0. 1. 0.
-0.942 0.335 0. 97.467 -0.335 -0.942 0. -131.623 0. 0. 1. 0.
-0.941 0.338 0. 97.441 -0.338 -0.941 0. -131.537 0. 0. 1. 0.
-0.941 0.338 0. 97.454 -0.338 -0.941 0. -131.505 0. 0. 1. 0.
-0.941 0.338 0. 97.430 -0.338 -0.941 0. -131.480 0. 0. 1. 0.
-0.941 0.338 0. 97.442 -0.338 -0.941 0. -131.532 0. 0. 1. 0.
-0.941 0.338 0. 97.462 -0.338 -0.941 0. -131.570 0. 0. 1. 0.
-0.942 0.337 0. 97.501 -0.337 -0.942 0. -131.609 0. 0. 1. 0.
-0.942 0.336 0. 97.510 -0.336 -0.942 0. -131.603 0. 0. 1. 0.
-0.942 0.336 0. 97.456 -0.336 -0.942 0. -131.613 0. 0. 1. 0.
-0.942 0.335 0. 97.481 -0.335 -0.942 0. -131.608 0. 0. 1. 0.
-0.942 0.335 0. 97.474 -0.335 -0.942 0. -131.588 0. 0. 1. 0.
-0.942 0.336 0. 97.456 -0.336 -0.942 0. -131.603 0. 0. 1. 0.
-0.942 0.336 0. 97.458 -0.336 -0.942 0. -131.573 0. 0. 1. 0.
-0.942 0.337 0. 97.464 -0.337 -0.942 0. -131.594 0. 0. 1. 0.
-0.942 0.336 0. 97.438 -0.336 -0.942 0. -131.568 0. 0. 1. 0.
-0.942 0.336 0. 97.437 -0.336 -0.942 0. -131.592 0. 0. 1. 0.
-0.941 0.338 0. 97.464 -0.338 -0.941 0. -131.588 0. 0. 1. 0.
