1. 0. 0. 0. 0. -1. -0. 0. 0. 0. -1. 0.
1. -0. -0. 0.002 -0. -1. -0. 0.003 0. 0. -1. 0.
1. -0.000 -0. -0.006 -0.000 -1. -0. -0.001 0. 0. -1. 0.
1. -0.000 -0. -0.005 -0.000 -1. -0. 0.001 0. 0. -1. 0.
1. -0.000 -0. -0.009 -0.000 -1. -0. 0.000 0. 0. -1. 0.
1. -0.000 -0. -0.003 -0.000 -1. -0. -0.004 0. 0. -1. 0.
1. -0. -0. -0.004 -0. -1. -0. -0.004 0. 0. -1. 0.
1. -0.000 -0. -0.015 -0.000 -1. -0. 0.000 0. 0. -1. 0.
1. -0.000 -0. -0.005 -0.000 -1. -0. 0.005 0. 0. -1. 0.
1. -0.000 -0. -0.010 -0.000 -1. -0. -0.003 0. 0. -1. 0.
1. -0.000 -0. -0.014 -0.000 -1. -0. 0.004 0. 0. -1. 0.
1. -0.000 -0. -0.004 -0.000 -1. -0. 0.006 0. 0. -1. 0.
1. -0.000 -0. -0.005 -0.000 -1. -0. 0.002 0. 0. -1. 0.
1. -0.001 -0. -0.010 -0.001 -1. -0. 0.003 0. 0. -1. 0.
1. -0.000 -0. 0.001 -0.000 -1. -0. 0.009 0. 0. -1. 0.
1. -0.001 -0. 0.019 -0.001 -1. -0. 0.000 0. 0. -1. 0.
1. -0.001 -0. 0.046 -0.001 -1. -0. 0.001 0. 0. -1. 0.
1. -0.002 -0. 0.104 -0.002 -1. -0. 0.008 0. 0. -1. 0.
1. -0.004 -0. 0.153 -0.004 -1. -0. 0.016 0. 0. -1. 0.
1. -0.010 -0. 0.243 -0.010 -1. -0. -0.019 0. 0. -1. 0.
1.000 -0.020 -0. 0.412 -0.020 -1.000 -0. -0.027 0. 0. -1. 0.
0.999 -0.036 -0. 0.658 -0.036 -0.999 -0. -0.035 0. 0. -1. 0.
0.998 -0.061 -0. 0.983 -0.061 -0.998 -0. -0.059 0. 0. -1. 0.
0.997 -0.083 -0. 1.328 -0.083 -0.997 -0. -0.130 0. 0. -1. 0.
0.995 -0.103 -0. 1.815 -0.103 -0.995 -0. -0.218 0. 0. -1. 0.
0.994 -0.109 -0. 2.390 -0.109 -0.994 -0. -0.326 0. 0. -1. 0.
0.994 -0.110 -0. 3.071 -0.110 -0.994 -0. -0.340 0. 0. -1. 0.
0.994 -0.106 -0. 3.864 -0.106 -0.994 -0. -0.390 0. 0. -1. 0.
0.994 -0.109 -0. 4.625 -0.109 -0.994 -0. -0.548 0. 0. -1. 0.
0.994 -0.105 -0. 5.500 -0.105 -0.994 -0. -0.647 0. 0. -1. 0.
0.995 -0.101 -0. 6.421 -0.101 -0.995 -0. -0.737 0. 0. -1. 0.
0.995 -0.100 -0. 7.446 -0.100 -0.995 -0. -0.814 0. 0. -1. 0.
0.995 -0.103 -0. 8.486 -0.103 -0.995 -0. -0.949 0. 0. -1. 0.
0.994 -0.107 -0. 9.615 -0.107 -0.994 -0. -1.030 0. 0. -1. 0.
0.994 -0.111 -0. 10.764 -0.111 -0.994 -0. -1.208 0. 0. -1. 0.
0.993 -0.121 -0. 11.951 -0.121 -0.993 -0. -1.315 0. 0. -1. 0.
0.991 -0.130 -0. 13.184 -0.130 -0.991 -0. -1.477 0. 0. -1. 0.
0.990 -0.140 -0. 14.473 -0.140 -0.990 -0. -1.631 0. 0. -1. 0.
0.989 -0.145 -0. 15.805 -0.145 -0.989 -0. -1.781 0. 0. -1. 0.
0.987 -0.159 -0. 17.139 -0.159 -0.987 -0. -2.085 0. 0. -1. 0.
0.987 -0.159 -0. 18.527 -0.159 -0.987 -0. -2.341 0. 0. -1. 0.
0.987 -0.160 -0. 19.937 -0.160 -0.987 -0. -2.588 0. 0. -1. 0.
0.987 -0.159 -0. 21.364 -0.159 -0.987 -0. -2.813 0. 0. -1. 0.
0.991 -0.137 -0. 22.849 -0.137 -0.991 -0. -3.079 0. 0. -1. 0.
0.993 -0.119 -0. 24.350 -0.119 -0.993 -0. -3.239 0. 0. -1. 0.
0.995 -0.104 -0. 25.776 -0.104 -0.995 -0. -3.443 0. 0. -1. 0.
0.996 -0.090 -0. 27.239 -0.090 -0.996 -0. -3.629 0. 0. -1. 0.
0.997 -0.076 -0. 28.641 -0.076 -0.997 -0. -3.754 0. 0. -1. 0.
0.998 -0.061 -0. 30.071 -0.061 -0.998 -0. -3.768 0. 0. -1. 0.
0.999 -0.047 -0. 31.518 -0.047 -0.999 -0. -3.852 0. 0. -1. 0.
0.999 -0.043 -0. 33.009 -0.043 -0.999 -0. -3.994 0. 0. -1. 0.
0.999 -0.041 -0. 34.467 -0.041 -0.999 -0. -3.993 0. 0. -1. 0.
0.999 -0.040 -0. 36.038 -0.040 -0.999 -0. -4.182 0. 0. -1. 0.
0.999 -0.032 -0. 37.661 -0.032 -0.999 -0. -4.268 0. 0. -1. 0.
1.000 -0.022 -0. 39.241 -0.022 -1.000 -0. -4.330 0. 0. -1. 0.
1. -0.009 -0. 40.893 -0.009 -1. -0. -4.335 0. 0. -1. 0.
1. 0.005 0. 42.558 0.005 -1. -0. -4.321 0. 0. -1. 0.
1.000 0.018 0. 44.228 0.018 -1.000 -0. -4.315 0. 0. -1. 0.
1.000 0.029 0. 45.837 0.029 -1.000 -0. -4.167 0. 0. -1. 0.
0.999 0.038 0. 47.525 0.038 -0.999 -0. -4.198 0. 0. -1. 0.
0.999 0.037 0. 49.255 0.037 -0.999 -0. -4.151 0. 0. -1. 0.
0.999 0.039 0. 50.996 0.039 -0.999 -0. -4.122 0. 0. -1. 0.
0.999 0.036 0. 52.795 0.036 -0.999 -0. -4.071 0. 0. -1. 0.
0.999 0.039 0. 54.586 0.039 -0.999 -0. -3.974 0. 0. -1. 0.
0.999 0.036 0. 56.433 0.036 -0.999 -0. -3.981 0. 0. -1. 0.
0.999 0.033 0. 58.273 0.033 -0.999 -0. -3.961 0. 0. -1. 0.
0.999 0.032 0. 60.160 0.032 -0.999 -0. -3.876 0. 0. -1. 0.
1.000 0.028 0. 62.063 0.028 -1.000 -0. -3.824 0. 0. -1. 0.
0.999 0.032 0. 64.026 0.032 -0.999 -0. -3.886 0. 0. -1. 0.
0.999 0.033 0. 65.999 0.033 -0.999 -0. -3.898 0. 0. -1. 0.
1.000 0.029 0. 68.040 0.029 -1.000 -0. -3.833 0. 0. -1. 0.
1.000 0.028 0. 70.027 0.028 -1.000 -0. -3.696 0. 0. -1. 0.
1.000 0.027 0. 72.046 0.027 -1.000 -0. -3.621 0. 0. -1. 0.
1.000 0.018 0. 74.093 0.018 -1.000 -0. -3.632 0. 0. -1. 0.
1. 0.013 0. 76.161 0.013 -1. -0. -3.624 0. 0. -1. 0.
1. 0.005 0. 78.175 0.005 -1. -0. -3.587 0. 0. -1. 0.
1. -0.007 -0. 80.225 -0.007 -1. -0. -3.622 0. 0. -1. 0.
1.000 -0.015 -0. 82.249 -0.015 -1.000 -0. -3.625 0. 0. -1. 0.
0.999 -0.041 -0. 84.253 -0.041 -0.999 -0. -3.736 0. 0. -1. 0.
0.997 -0.074 -0. 86.266 -0.074 -0.997 -0. -3.852 0. 0. -1. 0.
0.994 -0.109 -0. 88.303 -0.109 -0.994 -0. -4.062 0. 0. -1. 0.
0.989 -0.146 -0. 90.281 -0.146 -0.989 -0. -4.363 0. 0. -1. 0.
0.982 -0.190 -0. 92.253 -0.190 -0.982 -0. -4.709 0. 0. -1. 0.
0.970 -0.243 -0. 94.143 -0.243 -0.970 -0. -5.177 0. 0. -1. 0.
0.955 -0.295 -0. 95.997 -0.295 -0.955 -0. -5.754 0. 0. -1. 0.
0.940 -0.342 -0. 97.822 -0.342 -0.940 -0. -6.464 0. 0. -1. 0.
0.920 -0.393 -0. 99.568 -0.393 -0.920 -0. -7.190 0. 0. -1. 0.
0.898 -0.440 -0. 101.316 -0.440 -0.898 -0. -8.030 0. 0. -1. 0.
0.873 -0.487 -0. 102.978 -0.487 -0.873 -0. -8.885 0. 0. -1. 0.
0.843 -0.537 -0. 104.617 -0.537 -0.843 -0. -9.896 0. 0. -1. 0.
0.806 -0.591 -0. 106.231 -0.591 -0.806 -0. -11.027 0. 0. -1. 0.
0.767 -0.642 -0. 107.611 -0.642 -0.767 -0. -12.147 0. 0. -1. 0.
0.721 -0.692 -0. 108.848 -0.692 -0.721 -0. -13.410 0. 0. -1. 0.
0.674 -0.739 -0. 110.066 -0.739 -0.674 -0. -14.744 0. 0. -1. 0.
0.624 -0.782 -0. 111.185 -0.782 -0.624 -0. -16.046 0. 0. -1. 0.
0.573 -0.819 -0. 112.158 -0.819 -0.573 -0. -17.498 0. 0. -1. 0.
0.524 -0.852 -0. 113.032 -0.852 -0.524 -0. -18.989 0. 0. -1. 0.
0.482 -0.876 -0. 113.800 -0.876 -0.482 -0. -20.522 0. 0. -1. 0.
0.448 -0.894 -0. 114.640 -0.894 -0.448 -0. -21.970 0. 0. -1. 0.
0.412 -0.911 -0. 115.282 -0.911 -0.412 -0. -23.502 0. 0. -1. 0.
0.378 -0.926 -0. 115.887 -0.926 -0.378 -0. -25.042 0. 0. -1. 0.
0.348 -0.937 -0. 116.445 -0.937 -0.348 -0. -26.616 0. 0. -1. 0.
0.331 -0.944 -0. 116.989 -0.944 -0.331 -0. -28.166 0. 0. -1. 0.
0.330 -0.944 -0. 117.496 -0.944 -0.330 -0. -29.710 0. 0. -1. 0.
0.343 -0.939 -0. 118.007 -0.939 -0.343 -0. -31.297 0. 0. -1. 0.
0.366 -0.931 -0. 118.627 -0.931 -0.366 -0. -32.891 0. 0. -1. 0.
0.388 -0.922 -0. 119.324 -0.922 -0.388 -0. -34.504 0. 0. -1. 0.
0.411 -0.912 -0. 120.055 -0.912 -0.411 -0. -36.132 0. 0. -1. 0.
0.431 -0.903 -0. 120.781 -0.903 -0.431 -0. -37.709 0. 0. -1. 0.
0.448 -0.894 -0. 121.488 -0.894 -0.448 -0. -39.236 0. 0. -1. 0.
0.464 -0.886 -0. 122.262 -0.886 -0.464 -0. -40.793 0. 0. -1. 0.
0.482 -0.876 -0. 123.121 -0.876 -0.482 -0. -42.283 0. 0. -1. 0.
0.498 -0.867 -0. 123.979 -0.867 -0.498 -0. -43.760 0. 0. -1. 0.
0.516 -0.857 -0. 124.812 -0.857 -0.516 -0. -45.221 0. 0. -1. 0.
0.531 -0.847 -0. 125.583 -0.847 -0.531 -0. -46.605 0. 0. -1. 0.
0.547 -0.837 -0. 126.488 -0.837 -0.547 -0. -47.977 0. 0. -1. 0.
0.565 -0.825 -0. 127.414 -0.825 -0.565 -0. -49.351 0. 0. -1. 0.
0.587 -0.809 -0. 128.313 -0.809 -0.587 -0. -50.673 0. 0. -1. 0.
0.610 -0.792 -0. 129.305 -0.792 -0.610 -0. -51.934 0. 0. -1. 0.
0.632 -0.775 -0. 130.287 -0.775 -0.632 -0. -53.212 0. 0. -1. 0.
0.649 -0.761 -0. 131.298 -0.761 -0.649 -0. -54.433 0. 0. -1. 0.
0.666 -0.746 -0. 132.248 -0.746 -0.666 -0. -55.556 0. 0. -1. 0.
0.677 -0.736 -0. 133.390 -0.736 -0.677 -0. -56.718 0. 0. -1. 0.
0.688 -0.726 -0. 134.470 -0.726 -0.688 -0. -57.868 0. 0. -1. 0.
0.702 -0.712 -0. 135.448 -0.712 -0.702 -0. -58.966 0. 0. -1. 0.
0.717 -0.697 -0. 136.579 -0.697 -0.717 -0. -60.003 0. 0. -1. 0.
0.731 -0.682 -0. 137.610 -0.682 -0.731 -0. -61.018 0. 0. -1. 0.
0.745 -0.667 -0. 138.678 -0.667 -0.745 -0. -61.976 0. 0. -1. 0.
0.760 -0.650 -0. 139.770 -0.650 -0.760 -0. -62.927 0. 0. -1. 0.
0.776 -0.631 -0. 140.882 -0.631 -0.776 -0. -63.825 0. 0. -1. 0.
0.797 -0.604 -0. 141.960 -0.604 -0.797 -0. -64.633 0. 0. -1. 0.
0.832 -0.555 -0. 142.991 -0.555 -0.832 -0. -65.396 0. 0. -1. 0.
0.881 -0.474 -0. 144.016 -0.474 -0.881 -0. -66.078 0. 0. -1. 0.
0.931 -0.364 -0. 145.016 -0.364 -0.931 -0. -66.480 0. 0. -1. 0.
0.974 -0.227 -0. 145.961 -0.227 -0.974 -0. -66.579 0. 0. -1. 0.
0.997 -0.077 -0. 146.758 -0.077 -0.997 -0. -66.595 0. 0. -1. 0.
0.997 0.082 0. 147.546 0.082 -0.997 -0. -66.442 0. 0. -1. 0.
0.970 0.244 0. 148.257 0.244 -0.970 -0. -66.339 0. 0. -1. 0.
0.915 0.404 0. 148.916 0.404 -0.915 -0. -65.775 0. 0. -1. 0.
0.833 0.553 0. 149.499 0.553 -0.833 -0. -65.261 0. 0. -1. 0.
0.733 0.681 0. 150.076 0.681 -0.733 -0. -64.790 0. 0. -1. 0.
0.611 0.792 0. 150.402 0.792 -0.611 -0. -64.186 0. 0. -1. 0.
0.482 0.876 0. 150.780 0.876 -0.482 -0. -63.551 0. 0. -1. 0.
0.335 0.942 0. 150.914 0.942 -0.335 -0. -62.902 0. 0. -1. 0.
0.183 0.983 0. 151.000 0.983 -0.183 -0. -62.195 0. 0. -1. 0.
0.024 1.000 0. 150.983 1.000 -0.024 -0. -61.506 0. 0. -1. 0.
-0.138 0.990 0. 150.821 0.990 0.138 0. -60.750 0. 0. -1. 0.
-0.300 0.954 0. 150.575 0.954 0.300 0. -60.108 0. 0. -1. 0.
-0.460 0.888 0. 150.231 0.888 0.460 0. -59.454 0. 0. -1. 0.
-0.609 0.793 0. 149.713 0.793 0.609 0. -58.824 0. 0. -1. 0.
-0.741 0.671 0. 149.079 0.671 0.741 0. -58.396 0. 0. -1. 0.
-0.841 0.542 0. 148.340 0.542 0.841 0. -57.914 0. 0. -1. 0.
-0.911 0.413 0. 147.516 0.413 0.911 0. -57.589 0. 0. -1. 0.
-0.952 0.306 0. 146.715 0.306 0.952 0. -57.294 0. 0. -1. 0.
-0.977 0.213 0. 145.722 0.213 0.977 0. -57.154 0. 0. -1. 0.
-0.988 0.153 0. 144.821 0.153 0.988 0. -57.070 0. 0. -1. 0.
-0.992 0.127 0. 143.797 0.127 0.992 0. -57.000 0. 0. -1. 0.
-0.990 0.138 0. 142.750 0.138 0.990 0. -56.823 0. 0. -1. 0.
-0.985 0.172 0. 141.603 0.172 0.985 0. -56.642 0. 0. -1. 0.
-0.975 0.223 0. 140.452 0.223 0.975 0. -56.441 0. 0. -1. 0.
-0.959 0.285 0. 139.287 0.285 0.959 0. -56.075 0. 0. -1. 0.
-0.937 0.349 0. 138.098 0.349 0.937 0. -55.603 0. 0. -1. 0.
-0.909 0.416 0. 136.947 0.416 0.909 0. -55.092 0. 0. -1. 0.
-0.878 0.478 0. 135.771 0.478 0.878 0. -54.435 0. 0. -1. 0.
-0.846 0.532 0. 134.525 0.532 0.846 0. -53.667 0. 0. -1. 0.
-0.814 0.581 0. 133.335 0.581 0.814 0. -52.812 0. 0. -1. 0.
-0.777 0.630 0. 132.092 0.630 0.777 0. -51.858 0. 0. -1. 0.
-0.739 0.674 0. 130.949 0.674 0.739 0. -50.778 0. 0. -1. 0.
-0.700 0.714 0. 129.775 0.714 0.700 0. -49.631 0. 0. -1. 0.
-0.661 0.751 0. 128.812 0.751 0.661 0. -48.369 0. 0. -1. 0.
-0.627 0.779 0. 127.668 0.779 0.627 0. -47.027 0. 0. -1. 0.
-0.595 0.804 0. 126.649 0.804 0.595 0. -45.640 0. 0. -1. 0.
-0.559 0.829 0. 125.635 0.829 0.559 0. -44.187 0. 0. -1. 0.
-0.520 0.854 0. 124.693 0.854 0.520 0. -42.607 0. 0. -1. 0.
-0.481 0.877 0. 123.728 0.877 0.481 0. -40.989 0. 0. -1. 0.
-0.443 0.896 0. 123.006 0.896 0.443 0. -39.293 0. 0. -1. 0.
-0.409 0.913 0. 122.163 0.913 0.409 0. -37.545 0. 0. -1. 0.
-0.384 0.923 0. 121.494 0.923 0.384 0. -35.688 0. 0. -1. 0.
-0.362 0.932 0. 120.712 0.932 0.362 0. -33.910 0. 0. -1. 0.
-0.345 0.939 0. 120.079 0.939 0.345 0. -32.051 0. 0. -1. 0.
-0.333 0.943 0. 119.404 0.943 0.333 0. -30.184 0. 0. -1. 0.
-0.330 0.944 0. 118.814 0.944 0.330 0. -28.395 0. 0. -1. 0.
-0.333 0.943 0. 118.156 0.943 0.333 0. -26.551 0. 0. -1. 0.
-0.341 0.940 0. 117.567 0.940 0.341 0. -24.729 0. 0. -1. 0.
-0.355 0.935 0. 116.901 0.935 0.355 0. -22.934 0. 0. -1. 0.
-0.381 0.924 0. 116.182 0.924 0.381 0. -21.219 0. 0. -1. 0.
-0.413 0.911 0. 115.483 0.911 0.413 0. -19.505 0. 0. -1. 0.
-0.460 0.888 0. 114.643 0.888 0.460 0. -17.799 0. 0. -1. 0.
-0.509 0.861 0. 113.818 0.861 0.509 0. -16.225 0. 0. -1. 0.
-0.565 0.825 0. 112.796 0.825 0.565 0. -14.736 0. 0. -1. 0.
-0.622 0.783 0. 111.749 0.783 0.622 0. -13.256 0. 0. -1. 0.
-0.680 0.733 0. 110.570 0.733 0.680 0. -11.914 0. 0. -1. 0.
-0.733 0.681 0. 109.247 0.681 0.733 0. -10.709 0. 0. -1. 0.
-0.783 0.622 0. 107.965 0.622 0.783 0. -9.591 0. 0. -1. 0.
-0.826 0.564 0. 106.512 0.564 0.826 0. -8.542 0. 0. -1. 0.
-0.864 0.503 0. 104.988 0.503 0.864 0. -7.633 0. 0. -1. 0.
-0.896 0.445 0. 103.402 0.445 0.896 0. -6.864 0. 0. -1. 0.
-0.921 0.389 0. 101.809 0.389 0.921 0. -6.199 0. 0. -1. 0.
-0.941 0.339 0. 100.078 0.339 0.941 0. -5.530 0. 0. -1. 0.
-0.957 0.290 0. 98.314 0.290 0.957 0. -5.002 0. 0. -1. 0.
-0.970 0.243 0. 96.542 0.243 0.970 0. -4.511 0. 0. -1. 0.
-0.980 0.198 0. 94.668 0.198 0.980 0. -4.113 0. 0. -1. 0.
-0.988 0.156 0. 92.796 0.156 0.988 0. -3.798 0. 0. -1. 0.
-0.992 0.125 0. 90.866 0.125 0.992 0. -3.588 0. 0. -1. 0.
-0.995 0.097 0. 88.896 0.097 0.995 0. -3.382 0. 0. -1. 0.
-0.998 0.069 0. 86.854 0.069 0.998 0. -3.238 0. 0. -1. 0.
-0.999 0.054 0. 84.785 0.054 0.999 0. -3.093 0. 0. -1. 0.
-0.999 0.035 0. 82.684 0.035 0.999 0. -3.036 0. 0. -1. 0.
-1.000 0.022 0. 80.603 0.022 1.000 0. -3.008 0. 0. -1. 0.
-1. 0.010 0. 78.440 0.010 1. 0. -2.985 0. 0. -1. 0.
-1. 0.000 0. 76.304 0.000 1. 0. -2.902 0. 0. -1. 0.
-1. -0.010 -0. 74.127 -0.010 1. 0. -2.862 0. 0. -1. 0.
-1.000 -0.021 -0. 72.048 -0.021 1.000 0. -2.925 0. 0. -1. 0.
-0.999 -0.033 -0. 69.966 -0.033 0.999 0. -2.986 0. 0. -1. 0.
-0.999 -0.039 -0. 67.916 -0.039 0.999 0. -3.043 0. 0. -1. 0.
-0.999 -0.042 -0. 65.842 -0.042 0.999 0. -3.115 0. 0. -1. 0.
-0.999 -0.044 -0. 63.822 -0.044 0.999 0. -3.192 0. 0. -1. 0.
-0.999 -0.044 -0. 61.747 -0.044 0.999 0. -3.248 0. 0. -1. 0.
-0.999 -0.048 -0. 59.826 -0.048 0.999 0. -3.248 0. 0. -1. 0.
-0.999 -0.051 -0. 57.876 -0.051 0.999 0. -3.411 0. 0. -1. 0.
-0.999 -0.051 -0. 55.908 -0.051 0.999 0. -3.493 0. 0. -1. 0.
-0.999 -0.052 -0. 53.953 -0.052 0.999 0. -3.511 0. 0. -1. 0.
-0.999 -0.050 -0. 52.053 -0.050 0.999 0. -3.611 0. 0. -1. 0.
-0.999 -0.043 -0. 50.142 -0.043 0.999 0. -3.723 0. 0. -1. 0.
-1.000 -0.028 -0. 48.249 -0.028 1.000 0. -3.769 0. 0. -1. 0.
-1.000 -0.015 -0. 46.380 -0.015 1.000 0. -3.769 0. 0. -1. 0.
-1. 0.001 0. 44.518 0.001 1. 0. -3.815 0. 0. -1. 0.
-1.000 0.022 0. 42.670 0.022 1.000 0. -3.697 0. 0. -1. 0.
-0.999 0.048 0. 40.868 0.048 0.999 0. -3.655 0. 0. -1. 0.
-0.998 0.060 0. 39.082 0.060 0.998 0. -3.489 0. 0. -1. 0.
-0.998 0.062 0. 37.250 0.062 0.998 0. -3.319 0. 0. -1. 0.
-0.998 0.060 0. 35.457 0.060 0.998 0. -3.203 0. 0. -1. 0.
-0.998 0.058 0. 33.639 0.058 0.998 0. -3.140 0. 0. -1. 0.
-0.998 0.069 0. 31.906 0.069 0.998 0. -3.015 0. 0. -1. 0.
-0.997 0.080 0. 30.155 0.080 0.997 0. -2.818 0. 0. -1. 0.
-0.996 0.090 0. 28.387 0.090 0.996 0. -2.634 0. 0. -1. 0.
-0.995 0.100 0. 26.608 0.100 0.995 0. -2.479 0. 0. -1. 0.
-0.994 0.110 0. 24.866 0.110 0.994 0. -2.225 0. 0. -1. 0.
-0.993 0.118 0. 23.146 0.118 0.993 0. -2.001 0. 0. -1. 0.
-0.993 0.122 0. 21.432 0.122 0.993 0. -1.753 0. 0. -1. 0.
-0.993 0.119 0. 19.628 0.119 0.993 0. -1.579 0. 0. -1. 0.
-0.994 0.113 0. 17.902 0.113 0.994 0. -1.370 0. 0. -1. 0.
-0.994 0.112 0. 16.121 0.112 0.994 0. -1.160 0. 0. -1. 0.
-0.995 0.104 0. 14.459 0.104 0.995 0. -0.964 0. 0. -1. 0.
-0.995 0.098 0. 12.693 0.098 0.995 0. -0.800 0. 0. -1. 0.
-0.996 0.092 0. 10.968 0.092 0.996 0. -0.612 0. 0. -1. 0.
-0.996 0.087 0. 9.204 0.087 0.996 0. -0.508 0. 0. -1. 0.
-0.997 0.083 0. 7.520 0.083 0.997 0. -0.286 0. 0. -1. 0.
-0.997 0.082 0. 5.823 0.082 0.997 0. -0.114 0. 0. -1. 0.
-0.997 0.078 0. 4.082 0.078 0.997 0. 0.033 0. 0. -1. 0.
-0.997 0.071 0. 2.363 0.071 0.997 0. 0.126 0. 0. -1. 0.
-0.998 0.066 0. 0.614 0.066 0.998 0. 0.286 0. 0. -1. 0.
-0.998 0.058 0. -1.130 0.058 0.998 0. 0.475 0. 0. -1. 0.
-0.999 0.049 0. -2.925 0.049 0.999 0. 0.506 0. 0. -1. 0.
-0.999 0.039 0. -4.774 0.039 0.999 0. 0.609 0. 0. -1. 0.
-1.000 0.028 0. -6.590 0.028 1.000 0. 0.681 0. 0. -1. 0.
-1.000 0.024 0. -8.460 0.024 1.000 0. 0.757 0. 0. -1. 0.
-1.000 0.018 0. -10.366 0.018 1.000 0. 0.803 0. 0. -1. 0.
-1.000 0.021 0. -12.344 0.021 1.000 0. 0.782 0. 0. -1. 0.
-1.000 0.018 0. -14.250 0.018 1.000 0. 0.922 0. 0. -1. 0.
-1.000 0.017 0. -16.204 0.017 1.000 0. 0.908 0. 0. -1. 0.
-1.000 0.018 0. -18.220 0.018 1.000 0. 0.991 0. 0. -1. 0.
-1.000 0.025 0. -20.270 0.025 1.000 0. 1.031 0. 0. -1. 0.
-1.000 0.030 0. -22.345 0.030 1.000 0. 1.085 0. 0. -1. 0.
-1.000 0.031 0. -24.379 0.031 1.000 0. 1.201 0. 0. -1. 0.
-0.999 0.034 0. -26.487 0.034 0.999 0. 1.228 0. 0. -1. 0.
-0.999 0.038 0. -28.515 0.038 0.999 0. 1.290 0. 0. -1. 0.
-0.999 0.035 0. -30.591 0.035 0.999 0. 1.404 0. 0. -1. 0.
-1.000 0.031 0. -32.606 0.031 1.000 0. 1.404 0. 0. -1. 0.
-1.000 0.026 0. -34.669 0.026 1.000 0. 1.507 0. 0. -1. 0.
-1.000 0.023 0. -36.674 0.023 1.000 0. 1.595 0. 0. -1. 0.
-1.000 0.023 0. -38.694 0.023 1.000 0. 1.617 0. 0. -1. 0.
-1.000 0.029 0. -40.680 0.029 1.000 0. 1.736 0. 0. -1. 0.
-0.999 0.034 0. -42.606 0.034 0.999 0. 1.784 0. 0. -1. 0.
-0.999 0.040 0. -44.536 0.040 0.999 0. 1.905 0. 0. -1. 0.
-0.999 0.049 0. -46.377 0.049 0.999 0. 2.046 0. 0. -1. 0.
-0.999 0.054 0. -48.329 0.054 0.999 0. 2.182 0. 0. -1. 0.
-0.998 0.058 0. -50.143 0.058 0.998 0. 2.225 0. 0. -1. 0.
-0.998 0.059 0. -51.918 0.059 0.998 0. 2.329 0. 0. -1. 0.
-0.998 0.058 0. -53.679 0.058 0.998 0. 2.471 0. 0. -1. 0.
-0.998 0.059 0. -55.450 0.059 0.998 0. 2.533 0. 0. -1. 0.
-0.998 0.062 0. -57.146 0.062 0.998 0. 2.681 0. 0. -1. 0.
-0.998 0.068 0. -58.802 0.068 0.998 0. 2.797 0. 0. -1. 0.
-0.997 0.073 0. -60.470 0.073 0.997 0. 2.886 0. 0. -1. 0.
-0.996 0.084 0. -62.032 0.084 0.996 0. 3.050 0. 0. -1. 0.
-0.995 0.097 0. -63.558 0.097 0.995 0. 3.244 0. 0. -1. 0.
-0.994 0.111 0. -65.082 0.111 0.994 0. 3.467 0. 0. -1. 0.
-0.992 0.126 0. -66.496 0.126 0.992 0. 3.614 0. 0. -1. 0.
-0.990 0.143 0. -67.880 0.143 0.990 0. 3.776 0. 0. -1. 0.
-0.988 0.157 0. -69.167 0.157 0.988 0. 3.976 0. 0. -1. 0.
-0.985 0.173 0. -70.332 0.173 0.985 0. 4.228 0. 0. -1. 0.
-0.981 0.193 0. -71.519 0.193 0.981 0. 4.479 0. 0. -1. 0.
-0.977 0.212 0. -72.603 0.212 0.977 0. 4.693 0. 0. -1. 0.
-0.969 0.248 0. -73.700 0.248 0.969 0. 5.064 0. 0. -1. 0.
-0.957 0.291 0. -74.803 0.291 0.957 0. 5.339 0. 0. -1. 0.
-0.940 0.340 0. -75.915 0.340 0.940 0. 5.689 0. 0. -1. 0.
-0.919 0.394 0. -76.890 0.394 0.919 0. 6.205 0. 0. -1. 0.
-0.892 0.452 0. -77.998 0.452 0.892 0. 6.753 0. 0. -1. 0.
-0.860 0.510 0. -79.003 0.510 0.860 0. 7.307 0. 0. -1. 0.
-0.822 0.570 0. -79.944 0.570 0.822 0. 8.097 0. 0. -1. 0.
-0.779 0.627 0. -80.846 0.627 0.779 0. 8.764 0. 0. -1. 0.
-0.731 0.682 0. -81.653 0.682 0.731 0. 9.509 0. 0. -1. 0.
-0.678 0.735 0. -82.295 0.735 0.678 0. 10.407 0. 0. -1. 0.
-0.614 0.789 0. -83.010 0.789 0.614 0. 11.389 0. 0. -1. 0.
-0.554 0.833 0. -83.614 0.833 0.554 0. 12.448 0. 0. -1. 0.
-0.487 0.873 0. -84.239 0.873 0.487 0. 13.525 0. 0. -1. 0.
-0.418 0.908 0. -84.734 0.908 0.418 0. 14.653 0. 0. -1. 0.
-0.351 0.937 0. -85.190 0.937 0.351 0. 15.959 0. 0. -1. 0.
-0.291 0.957 0. -85.593 0.957 0.291 0. 17.260 0. 0. -1. 0.
-0.230 0.973 0. -85.883 0.973 0.230 0. 18.580 0. 0. -1. 0.
-0.168 0.986 0. -86.239 0.986 0.168 0. 20.061 0. 0. -1. 0.
-0.118 0.993 0. -86.356 0.993 0.118 0. 21.514 0. 0. -1. 0.
-0.087 0.996 0. -86.497 0.996 0.087 0. 23.057 0. 0. -1. 0.
-0.067 0.998 0. -86.621 0.998 0.067 0. 24.575 0. 0. -1. 0.
-0.048 0.999 0. -86.671 0.999 0.048 0. 26.171 0. 0. -1. 0.
-0.031 1.000 0. -86.585 1.000 0.031 0. 27.771 0. 0. -1. 0.
-0.019 1.000 0. -86.691 1.000 0.019 0. 29.352 0. 0. -1. 0.
-0.003 1. 0. -86.668 1. 0.003 0. 30.996 0. 0. -1. 0.
0.002 1. 0. -86.628 1. -0.002 -0. 32.594 0. 0. -1. 0.
-0.001 1. 0. -86.741 1. 0.001 0. 34.317 0. 0. -1. 0.
-0.006 1. 0. -86.663 1. 0.006 0. 35.897 0. 0. -1. 0.
-0.005 1. 0. -86.658 1. 0.005 0. 37.626 0. 0. -1. 0.
-0.008 1. 0. -86.602 1. 0.008 0. 39.421 0. 0. -1. 0.
-0.011 1. 0. -86.642 1. 0.011 0. 41.130 0. 0. -1. 0.
-0.012 1. 0. -86.654 1. 0.012 0. 43.015 0. 0. -1. 0.
-0.014 1. 0. -86.625 1. 0.014 0. 44.819 0. 0. -1. 0.
-0.012 1. 0. -86.713 1. 0.012 0. 46.679 0. 0. -1. 0.
-0.012 1. 0. -86.728 1. 0.012 0. 48.489 0. 0. -1. 0.
-0.013 1. 0. -86.729 1. 0.013 0. 50.281 0. 0. -1. 0.
-0.009 1. 0. -86.704 1. 0.009 0. 52.072 0. 0. -1. 0.
-0.008 1. 0. -86.677 1. 0.008 0. 53.840 0. 0. -1. 0.
-0.010 1. 0. -86.680 1. 0.010 0. 55.595 0. 0. -1. 0.
-0.008 1. 0. -86.671 1. 0.008 0. 57.376 0. 0. -1. 0.
-0.012 1. 0. -86.687 1. 0.012 0. 59.110 0. 0. -1. 0.
-0.011 1. 0. -86.659 1. 0.011 0. 60.870 0. 0. -1. 0.
-0.008 1. 0. -86.654 1. 0.008 0. 62.633 0. 0. -1. 0.
0.003 1. 0. -86.644 1. -0.003 -0. 64.379 0. 0. -1. 0.
0.006 1. 0. -86.651 1. -0.006 -0. 66.035 0. 0. -1. 0.
0.009 1. 0. -86.609 1. -0.009 -0. 67.733 0. 0. -1. 0.
0.008 1. 0. -86.533 1. -0.008 -0. 69.514 0. 0. -1. 0.
0.005 1. 0. -86.474 1. -0.005 -0. 71.220 0. 0. -1. 0.
-0.001 1. 0. -86.474 1. 0.001 0. 72.947 0. 0. -1. 0.
-0.009 1. 0. -86.485 1. 0.009 0. 74.620 0. 0. -1. 0.
-0.030 1.000 0. -86.525 1.000 0.030 0. 76.435 0. 0. -1. 0.
-0.060 0.998 0. -86.530 0.998 0.060 0. 78.193 0. 0. -1. 0.
-0.105 0.995 0. -86.743 0.995 0.105 0. 79.898 0. 0. -1. 0.
-0.154 0.988 0. -86.986 0.988 0.154 0. 81.684 0. 0. -1. 0.
-0.206 0.979 0. -87.315 0.979 0.206 0. 83.456 0. 0. -1. 0.
-0.259 0.966 0. -87.731 0.966 0.259 0. 85.238 0. 0. -1. 0.
-0.312 0.950 0. -88.312 0.950 0.312 0. 87.076 0. 0. -1. 0.
-0.369 0.929 0. -88.936 0.929 0.369 0. 88.665 0. 0. -1. 0.
-0.419 0.908 0. -89.714 0.908 0.419 0. 90.530 0. 0. -1. 0.
-0.473 0.881 0. -90.539 0.881 0.473 0. 92.343 0. 0. -1. 0.
-0.522 0.853 0. -91.472 0.853 0.522 0. 94.062 0. 0. -1. 0.
-0.570 0.822 0. -92.606 0.822 0.570 0. 95.858 0. 0. -1. 0.
-0.608 0.794 0. -93.869 0.794 0.608 0. 97.332 0. 0. -1. 0.
-0.634 0.773 0. -95.143 0.773 0.634 0. 99.013 0. 0. -1. 0.
-0.652 0.758 0. -96.398 0.758 0.652 0. 100.663 0. 0. -1. 0.
-0.669 0.743 0. -97.892 0.743 0.669 0. 102.263 0. 0. -1. 0.
-0.678 0.735 0. -99.337 0.735 0.678 0. 103.875 0. 0. -1. 0.
-0.684 0.729 0. -100.841 0.729 0.684 0. 105.468 0. 0. -1. 0.
-0.689 0.725 0. -102.426 0.725 0.689 0. 107.022 0. 0. -1. 0.
-0.691 0.723 0. -103.963 0.723 0.691 0. 108.717 0. 0. -1. 0.
-0.694 0.720 0. -105.589 0.720 0.694 0. 110.373 0. 0. -1. 0.
-0.696 0.718 0. -107.222 0.718 0.696 0. 112.037 0. 0. -1. 0.
-0.700 0.714 0. -108.839 0.714 0.700 0. 113.708 0. 0. -1. 0.
-0.702 0.712 0. -110.478 0.712 0.702 0. 115.465 0. 0. -1. 0.
-0.704 0.710 0. -112.155 0.710 0.704 0. 117.236 0. 0. -1. 0.
-0.707 0.707 0. -113.844 0.707 0.707 0. 118.917 0. 0. -1. 0.
-0.709 0.705 0. -115.602 0.705 0.709 0. 120.628 0. 0. -1. 0.
-0.711 0.704 0. -117.272 0.704 0.711 0. 122.478 0. 0. -1. 0.
-0.709 0.705 0. -119.045 0.705 0.709 0. 124.201 0. 0. -1. 0.
-0.710 0.704 0. -120.801 0.704 0.710 0. 125.958 0. 0. -1. 0.
-0.711 0.703 0. -122.514 0.703 0.711 0. 127.810 0. 0. -1. 0.
-0.711 0.704 0. -124.301 0.704 0.711 0. 129.649 0. 0. -1. 0.
-0.711 0.704 0. -126.089 0.704 0.711 0. 131.437 0. 0. -1. 0.
-0.711 0.703 0. -127.869 0.703 0.711 0. 133.275 0. 0. -1. 0.
-0.710 0.704 0. -129.671 0.704 0.710 0. 135.067 0. 0. -1. 0.
-0.707 0.707 0. -131.432 0.707 0.707 0. 136.886 0. 0. -1. 0.
-0.707 0.707 0. -133.226 0.707 0.707 0. 138.701 0. 0. -1. 0.
-0.705 0.709 0. -134.960 0.709 0.705 0. 140.562 0. 0. -1. 0.
-0.701 0.713 0. -136.682 0.713 0.701 0. 142.381 0. 0. -1. 0.
-0.700 0.715 0. -138.472 0.715 0.700 0. 144.216 0. 0. -1. 0.
-0.694 0.720 0. -140.312 0.720 0.694 0. 146.035 0. 0. -1. 0.
-0.684 0.729 0. -142.007 0.729 0.684 0. 147.885 0. 0. -1. 0.
-0.670 0.742 0. -143.705 0.742 0.670 0. 149.779 0. 0. -1. 0.
-0.656 0.755 0. -145.297 0.755 0.656 0. 151.682 0. 0. -1. 0.
-0.639 0.769 0. -146.862 0.769 0.639 0. 153.646 0. 0. -1. 0.
-0.620 0.784 0. -148.429 0.784 0.620 0. 155.572 0. 0. -1. 0.
-0.596 0.803 0. -149.774 0.803 0.596 0. 157.559 0. 0. -1. 0.
-0.569 0.823 0. -151.184 0.823 0.569 0. 159.518 0. 0. -1. 0.
-0.537 0.843 0. -152.451 0.843 0.537 0. 161.631 0. 0. -1. 0.
-0.500 0.866 0. -153.654 0.866 0.500 0. 163.683 0. 0. -1. 0.
-0.459 0.889 0. -154.783 0.889 0.459 0. 165.787 0. 0. -1. 0.
-0.417 0.909 0. -155.803 0.909 0.417 0. 167.958 0. 0. -1. 0.
-0.376 0.927 0. -156.668 0.927 0.376 0. 170.232 0. 0. -1. 0.
-0.334 0.943 0. -157.442 0.943 0.334 0. 172.487 0. 0. -1. 0.
-0.291 0.957 0. -158.238 0.957 0.291 0. 174.807 0. 0. -1. 0.
-0.249 0.969 0. -158.866 0.969 0.249 0. 177.160 0. 0. -1. 0.
-0.211 0.977 0. -159.353 0.977 0.211 0. 179.565 0. 0. -1. 0.
-0.182 0.983 0. -159.771 0.983 0.182 0. 181.961 0. 0. -1. 0.
-0.162 0.987 0. -160.259 0.987 0.162 0. 184.394 0. 0. -1. 0.
-0.146 0.989 0. -160.572 0.989 0.146 0. 186.828 0. 0. -1. 0.
-0.132 0.991 0. -160.830 0.991 0.132 0. 189.267 0. 0. -1. 0.
-0.123 0.992 0. -161.125 0.992 0.123 0. 191.684 0. 0. -1. 0.
-0.113 0.994 0. -161.338 0.994 0.113 0. 194.133 0. 0. -1. 0.
-0.111 0.994 0. -161.516 0.994 0.111 0. 196.491 0. 0. -1. 0.
-0.108 0.994 0. -161.671 0.994 0.108 0. 198.874 0. 0. -1. 0.
-0.113 0.994 0. -161.897 0.994 0.113 0. 201.196 0. 0. -1. 0.
-0.120 0.993 0. -162.148 0.993 0.120 0. 203.496 0. 0. -1. 0.
-0.131 0.991 0. -162.410 0.991 0.131 0. 205.738 0. 0. -1. 0.
-0.148 0.989 0. -162.700 0.989 0.148 0. 207.992 0. 0. -1. 0.
-0.170 0.985 0. -163.091 0.985 0.170 0. 210.159 0. 0. -1. 0.
-0.198 0.980 0. -163.513 0.980 0.198 0. 212.377 0. 0. -1. 0.
-0.233 0.972 0. -163.995 0.972 0.233 0. 214.532 0. 0. -1. 0.
-0.277 0.961 0. -164.557 0.961 0.277 0. 216.536 0. 0. -1. 0.
-0.331 0.944 0. -165.245 0.944 0.331 0. 218.586 0. 0. -1. 0.
-0.392 0.920 0. -165.966 0.920 0.392 0. 220.595 0. 0. -1. 0.
-0.455 0.890 0. -166.925 0.890 0.455 0. 222.427 0. 0. -1. 0.
-0.513 0.858 0. -168.073 0.858 0.513 0. 224.145 0. 0. -1. 0.
-0.575 0.818 0. -169.183 0.818 0.575 0. 225.869 0. 0. -1. 0.
-0.634 0.773 0. -170.479 0.773 0.634 0. 227.419 0. 0. -1. 0.
-0.694 0.720 0. -171.843 0.720 0.694 0. 228.929 0. 0. -1. 0.
-0.748 0.663 0. -173.358 0.663 0.748 0. 230.286 0. 0. -1. 0.
-0.799 0.602 0. -174.971 0.602 0.799 0. 231.504 0. 0. -1. 0.
-0.840 0.543 0. -176.678 0.543 0.840 0. 232.613 0. 0. -1. 0.
-0.876 0.482 0. -178.510 0.482 0.876 0. 233.610 0. 0. -1. 0.
-0.906 0.423 0. -180.340 0.423 0.906 0. 234.566 0. 0. -1. 0.
-0.927 0.374 0. -182.322 0.374 0.927 0. 235.349 0. 0. -1. 0.
-0.941 0.337 0. -184.411 0.337 0.941 0. 236.119 0. 0. -1. 0.
-0.950 0.312 0. -186.539 0.312 0.950 0. 236.965 0. 0. -1. 0.
-0.955 0.298 0. -188.830 0.298 0.955 0. 237.714 0. 0. -1. 0.
-0.956 0.292 0. -191.172 0.292 0.956 0. 238.435 0. 0. -1. 0.
-0.956 0.293 0. -193.563 0.293 0.956 0. 239.178 0. 0. -1. 0.
-0.956 0.293 0. -195.989 0.293 0.956 0. 239.964 0. 0. -1. 0.
-0.957 0.290 0. -198.571 0.290 0.957 0. 240.759 0. 0. -1. 0.
-0.959 0.285 0. -201.150 0.285 0.959 0. 241.552 0. 0. -1. 0.
-0.960 0.281 0. -203.643 0.281 0.960 0. 242.352 0. 0. -1. 0.
-0.960 0.279 0. -206.170 0.279 0.960 0. 243.061 0. 0. -1. 0.
-0.961 0.277 0. -208.704 0.277 0.961 0. 243.813 0. 0. -1. 0.
-0.962 0.274 0. -211.196 0.274 0.962 0. 244.557 0. 0. -1. 0.
-0.961 0.276 0. -213.738 0.276 0.961 0. 245.277 0. 0. -1. 0.
-0.961 0.277 0. -216.199 0.277 0.961 0. 246.019 0. 0. -1. 0.
-0.961 0.278 0. -218.667 0.278 0.961 0. 246.761 0. 0. -1. 0.
-0.960 0.279 0. -221.074 0.279 0.960 0. 247.496 0. 0. -1. 0.
-0.960 0.280 0. -223.456 0.280 0.960 0. 248.208 0. 0. -1. 0.
-0.959 0.283 0. -225.826 0.283 0.959 0. 248.958 0. 0. -1. 0.
-0.957 0.289 0. -228.199 0.289 0.957 0. 249.656 0. 0. -1. 0.
-0.953 0.304 0. -230.545 0.304 0.953 0. 250.380 0. 0. -1. 0.
-0.944 0.330 0. -232.702 0.330 0.944 0. 251.183 0. 0. -1. 0.
-0.931 0.366 0. -234.662 0.366 0.931 0. 251.998 0. 0. -1. 0.
-0.916 0.400 0. -236.546 0.400 0.916 0. 252.822 0. 0. -1. 0.
-0.903 0.431 0. -238.363 0.431 0.903 0. 253.713 0. 0. -1. 0.
-0.891 0.455 0. -240.072 0.455 0.891 0. 254.557 0. 0. -1. 0.
-0.883 0.470 0. -241.736 0.470 0.883 0. 255.490 0. 0. -1. 0.
-0.882 0.471 0. -243.272 0.471 0.882 0. 256.335 0. 0. -1. 0.
-0.885 0.465 0. -244.764 0.465 0.885 0. 257.166 0. 0. -1. 0.
-0.888 0.460 0. -246.278 0.460 0.888 0. 257.979 0. 0. -1. 0.
-0.887 0.462 0. -247.682 0.462 0.887 0. 258.737 0. 0. -1. 0.
-0.882 0.472 0. -248.832 0.472 0.882 0. 259.510 0. 0. -1. 0.
-0.870 0.493 0. -250.074 0.493 0.870 0. 260.102 0. 0. -1. 0.
-0.850 0.527 0. -251.167 0.527 0.850 0. 260.739 0. 0. -1. 0.
-0.818 0.575 0. -252.188 0.575 0.818 0. 261.520 0. 0. -1. 0.
-0.769 0.639 0. -253.084 0.639 0.769 0. 262.292 0. 0. -1. 0.
-0.709 0.705 0. -253.922 0.705 0.709 0. 263.060 0. 0. -1. 0.
-0.633 0.774 0. -254.577 0.774 0.633 0. 263.924 0. 0. -1. 0.
-0.546 0.838 0. -255.228 0.838 0.546 0. 264.934 0. 0. -1. 0.
-0.451 0.892 0. -255.729 0.892 0.451 0. 265.884 0. 0. -1. 0.
-0.354 0.935 0. -255.976 0.935 0.354 0. 266.955 0. 0. -1. 0.
-0.239 0.971 0. -256.282 0.971 0.239 0. 268.059 0. 0. -1. 0.
-0.134 0.991 0. -256.392 0.991 0.134 0. 269.267 0. 0. -1. 0.
-0.038 0.999 0. -256.273 0.999 0.038 0. 270.519 0. 0. -1. 0.
0.033 0.999 0. -256.241 0.999 -0.033 -0. 271.914 0. 0. -1. 0.
0.097 0.995 0. -256.095 0.995 -0.097 -0. 273.414 0. 0. -1. 0.
0.157 0.988 0. -255.833 0.988 -0.157 -0. 274.988 0. 0. -1. 0.
0.201 0.980 0. -255.481 0.980 -0.201 -0. 276.629 0. 0. -1. 0.
0.234 0.972 0. -255.007 0.972 -0.234 -0. 278.438 0. 0. -1. 0.
0.251 0.968 0. -254.459 0.968 -0.251 -0. 280.322 0. 0. -1. 0.
0.259 0.966 0. -253.948 0.966 -0.259 -0. 282.409 0. 0. -1. 0.
0.260 0.966 0. -253.336 0.966 -0.260 -0. 284.555 0. 0. -1. 0.
0.264 0.965 0. -252.700 0.965 -0.264 -0. 286.838 0. 0. -1. 0.
0.263 0.965 0. -252.017 0.965 -0.263 -0. 289.189 0. 0. -1. 0.
0.265 0.964 0. -251.276 0.964 -0.265 -0. 291.667 0. 0. -1. 0.
0.262 0.965 0. -250.588 0.965 -0.262 -0. 294.265 0. 0. -1. 0.
0.257 0.966 0. -249.814 0.966 -0.257 -0. 296.867 0. 0. -1. 0.
0.249 0.968 0. -249.118 0.968 -0.249 -0. 299.588 0. 0. -1. 0.
0.239 0.971 0. -248.361 0.971 -0.239 -0. 302.343 0. 0. -1. 0.
0.229 0.973 0. -247.655 0.973 -0.229 -0. 305.205 0. 0. -1. 0.
0.219 0.976 0. -246.940 0.976 -0.219 -0. 308.110 0. 0. -1. 0.
0.212 0.977 0. -246.239 0.977 -0.212 -0. 311.145 0. 0. -1. 0.
0.204 0.979 0. -245.552 0.979 -0.204 -0. 314.237 0. 0. -1. 0.
0.200 0.980 0. -244.858 0.980 -0.200 -0. 317.404 0. 0. -1. 0.
0.197 0.980 0. -244.192 0.980 -0.197 -0. 320.651 0. 0. -1. 0.
0.197 0.980 0. -243.488 0.980 -0.197 -0. 323.993 0. 0. -1. 0.
0.196 0.981 0. -242.812 0.981 -0.196 -0. 327.369 0. 0. -1. 0.
0.198 0.980 0. -242.075 0.980 -0.198 -0. 330.845 0. 0. -1. 0.
0.201 0.980 0. -241.355 0.980 -0.201 -0. 334.400 0. 0. -1. 0.
0.209 0.978 0. -240.608 0.978 -0.209 -0. 337.989 0. 0. -1. 0.
0.219 0.976 0. -239.729 0.976 -0.219 -0. 341.647 0. 0. -1. 0.
0.228 0.974 0. -238.853 0.974 -0.228 -0. 345.388 0. 0. -1. 0.
0.233 0.973 0. -237.942 0.973 -0.233 -0. 349.158 0. 0. -1. 0.
0.234 0.972 0. -236.933 0.972 -0.234 -0. 353.011 0. 0. -1. 0.
0.240 0.971 0. -235.997 0.971 -0.240 -0. 356.966 0. 0. -1. 0.
0.244 0.970 0. -234.895 0.970 -0.244 -0. 360.887 0. 0. -1. 0.
0.246 0.969 0. -233.855 0.969 -0.246 -0. 364.890 0. 0. -1. 0.
0.251 0.968 0. -232.850 0.968 -0.251 -0. 368.876 0. 0. -1. 0.
0.255 0.967 0. -231.680 0.967 -0.255 -0. 372.843 0. 0. -1. 0.
0.258 0.966 0. -230.690 0.966 -0.258 -0. 376.817 0. 0. -1. 0.
0.258 0.966 0. -229.578 0.966 -0.258 -0. 380.777 0. 0. -1. 0.
0.258 0.966 0. -228.421 0.966 -0.258 -0. 384.697 0. 0. -1. 0.
0.258 0.966 0. -227.410 0.966 -0.258 -0. 388.608 0. 0. -1. 0.
0.256 0.967 0. -226.221 0.967 -0.256 -0. 392.492 0. 0. -1. 0.
0.256 0.967 0. -225.213 0.967 -0.256 -0. 396.375 0. 0. -1. 0.
0.254 0.967 0. -224.127 0.967 -0.254 -0. 400.213 0. 0. -1. 0.
0.253 0.967 0. -223.068 0.967 -0.253 -0. 404.070 0. 0. -1. 0.
0.254 0.967 0. -222.045 0.967 -0.254 -0. 407.852 0. 0. -1. 0.
0.253 0.968 0. -221.048 0.968 -0.253 -0. 411.632 0. 0. -1. 0.
0.253 0.968 0. -220.059 0.968 -0.253 -0. 415.421 0. 0. -1. 0.
0.257 0.966 0. -218.980 0.966 -0.257 -0. 419.098 0. 0. -1. 0.
0.261 0.965 0. -217.925 0.965 -0.261 -0. 422.757 0. 0. -1. 0.
0.260 0.966 0. -216.937 0.966 -0.260 -0. 426.454 0. 0. -1. 0.
0.262 0.965 0. -215.904 0.965 -0.262 -0. 430.061 0. 0. -1. 0.
0.263 0.965 0. -214.879 0.965 -0.263 -0. 433.651 0. 0. -1. 0.
0.263 0.965 0. -213.860 0.965 -0.263 -0. 437.206 0. 0. -1. 0.
0.261 0.965 0. -212.897 0.965 -0.261 -0. 440.791 0. 0. -1. 0.
0.259 0.966 0. -211.846 0.966 -0.259 -0. 444.278 0. 0. -1. 0.
0.259 0.966 0. -210.868 0.966 -0.259 -0. 447.742 0. 0. -1. 0.
0.258 0.966 0. -209.912 0.966 -0.258 -0. 451.206 0. 0. -1. 0.
0.258 0.966 0. -208.976 0.966 -0.258 -0. 454.612 0. 0. -1. 0.
0.258 0.966 0. -207.973 0.966 -0.258 -0. 458.026 0. 0. -1. 0.
0.256 0.967 0. -207.084 0.967 -0.256 -0. 461.382 0. 0. -1. 0.
0.259 0.966 0. -206.183 0.966 -0.259 -0. 464.733 0. 0. -1. 0.
0.261 0.965 0. -205.234 0.965 -0.261 -0. 468.052 0. 0. -1. 0.
0.262 0.965 0. -204.321 0.965 -0.262 -0. 471.390 0. 0. -1. 0.
0.263 0.965 0. -203.370 0.965 -0.263 -0. 474.627 0. 0. -1. 0.
0.264 0.964 0. -202.470 0.964 -0.264 -0. 477.857 0. 0. -1. 0.
0.265 0.964 0. -201.500 0.964 -0.265 -0. 481.091 0. 0. -1. 0.
0.265 0.964 0. -200.606 0.964 -0.265 -0. 484.275 0. 0. -1. 0.
0.264 0.965 0. -199.672 0.965 -0.264 -0. 487.398 0. 0. -1. 0.
0.260 0.966 0. -198.816 0.966 -0.260 -0. 490.528 0. 0. -1. 0.
0.258 0.966 0. -197.986 0.966 -0.258 -0. 493.560 0. 0. -1. 0.
0.256 0.967 0. -197.151 0.967 -0.256 -0. 496.471 0. 0. -1. 0.
0.254 0.967 0. -196.383 0.967 -0.254 -0. 499.226 0. 0. -1. 0.
0.258 0.966 0. -195.742 0.966 -0.258 -0. 501.820 0. 0. -1. 0.
0.260 0.966 0. -195.026 0.966 -0.260 -0. 504.168 0. 0. -1. 0.
0.263 0.965 0. -194.439 0.965 -0.263 -0. 506.310 0. 0. -1. 0.
0.266 0.964 0. -193.900 0.964 -0.266 -0. 508.240 0. 0. -1. 0.
0.268 0.964 0. -193.389 0.964 -0.268 -0. 509.937 0. 0. -1. 0.
0.269 0.963 0. -192.939 0.963 -0.269 -0. 511.514 0. 0. -1. 0.
0.272 0.962 0. -192.542 0.962 -0.272 -0. 513.011 0. 0. -1. 0.
0.272 0.962 0. -192.151 0.962 -0.272 -0. 514.369 0. 0. -1. 0.
0.272 0.962 0. -191.793 0.962 -0.272 -0. 515.653 0. 0. -1. 0.
0.273 0.962 0. -191.442 0.962 -0.273 -0. 516.782 0. 0. -1. 0.
0.275 0.962 0. -191.102 0.962 -0.275 -0. 517.776 0. 0. -1. 0.
0.276 0.961 0. -190.847 0.961 -0.276 -0. 518.809 0. 0. -1. 0.
0.275 0.962 0. -190.546 0.962 -0.275 -0. 519.852 0. 0. -1. 0.
0.276 0.961 0. -190.279 0.961 -0.276 -0. 520.792 0. 0. -1. 0.
0.277 0.961 0. -189.977 0.961 -0.277 -0. 521.678 0. 0. -1. 0.
0.277 0.961 0. -189.684 0.961 -0.277 -0. 522.623 0. 0. -1. 0.
0.275 0.961 0. -189.401 0.961 -0.275 -0. 523.555 0. 0. -1. 0.
0.276 0.961 0. -189.115 0.961 -0.276 -0. 524.568 0. 0. -1. 0.
0.274 0.962 0. -188.865 0.962 -0.274 -0. 525.498 0. 0. -1. 0.
0.275 0.962 0. -188.569 0.962 -0.275 -0. 526.520 0. 0. -1. 0.
0.272 0.962 0. -188.228 0.962 -0.272 -0. 527.667 0. 0. -1. 0.
0.270 0.963 0. -187.858 0.963 -0.270 -0. 528.877 0. 0. -1. 0.
0.270 0.963 0. -187.492 0.963 -0.270 -0. 530.152 0. 0. -1. 0.
0.264 0.964 0. -187.094 0.964 -0.264 -0. 531.565 0. 0. -1. 0.
0.260 0.966 0. -186.662 0.966 -0.260 -0. 533.031 0. 0. -1. 0.
0.253 0.967 0. -186.257 0.967 -0.253 -0. 534.630 0. 0. -1. 0.
0.248 0.969 0. -185.807 0.969 -0.248 -0. 536.347 0. 0. -1. 0.
0.244 0.970 0. -185.355 0.970 -0.244 -0. 538.135 0. 0. -1. 0.
0.239 0.971 0. -184.842 0.971 -0.239 -0. 539.980 0. 0. -1. 0.
0.235 0.972 0. -184.369 0.972 -0.235 -0. 541.915 0. 0. -1. 0.
0.233 0.972 0. -183.900 0.972 -0.233 -0. 543.789 0. 0. -1. 0.
0.232 0.973 0. -183.440 0.973 -0.232 -0. 545.815 0. 0. -1. 0.
0.232 0.973 0. -182.954 0.973 -0.232 -0. 547.740 0. 0. -1. 0.
0.233 0.972 0. -182.484 0.972 -0.233 -0. 549.672 0. 0. -1. 0.
0.234 0.972 0. -181.985 0.972 -0.234 -0. 551.639 0. 0. -1. 0.
0.235 0.972 0. -181.490 0.972 -0.235 -0. 553.559 0. 0. -1. 0.
0.237 0.972 0. -181.027 0.972 -0.237 -0. 555.481 0. 0. -1. 0.
0.239 0.971 0. -180.549 0.971 -0.239 -0. 557.384 0. 0. -1. 0.
0.241 0.971 0. -180.077 0.971 -0.241 -0. 559.283 0. 0. -1. 0.
0.241 0.971 0. -179.547 0.971 -0.241 -0. 561.194 0. 0. -1. 0.
0.242 0.970 0. -179.067 0.970 -0.242 -0. 563.102 0. 0. -1. 0.
0.242 0.970 0. -178.585 0.970 -0.242 -0. 565.024 0. 0. -1. 0.
0.239 0.971 0. -178.132 0.971 -0.239 -0. 566.912 0. 0. -1. 0.
0.236 0.972 0. -177.594 0.972 -0.236 -0. 568.820 0. 0. -1. 0.
0.230 0.973 0. -177.054 0.973 -0.230 -0. 570.744 0. 0. -1. 0.
0.224 0.975 0. -176.633 0.975 -0.224 -0. 572.753 0. 0. -1. 0.
0.218 0.976 0. -176.164 0.976 -0.218 -0. 574.737 0. 0. -1. 0.
0.213 0.977 0. -175.710 0.977 -0.213 -0. 576.760 0. 0. -1. 0.
0.210 0.978 0. -175.195 0.978 -0.210 -0. 578.765 0. 0. -1. 0.
0.206 0.979 0. -174.756 0.979 -0.206 -0. 580.830 0. 0. -1. 0.
0.205 0.979 0. -174.297 0.979 -0.205 -0. 582.907 0. 0. -1. 0.
0.204 0.979 0. -173.858 0.979 -0.204 -0. 584.958 0. 0. -1. 0.
0.205 0.979 0. -173.390 0.979 -0.205 -0. 587.039 0. 0. -1. 0.
0.206 0.979 0. -172.944 0.979 -0.206 -0. 589.199 0. 0. -1. 0.
0.207 0.978 0. -172.445 0.978 -0.207 -0. 591.401 0. 0. -1. 0.
0.205 0.979 0. -171.948 0.979 -0.205 -0. 593.636 0. 0. -1. 0.
0.201 0.980 0. -171.486 0.980 -0.201 -0. 595.902 0. 0. -1. 0.
0.196 0.981 0. -170.994 0.981 -0.196 -0. 598.151 0. 0. -1. 0.
0.192 0.981 0. -170.545 0.981 -0.192 -0. 600.430 0. 0. -1. 0.
0.187 0.982 0. -170.074 0.982 -0.187 -0. 602.730 0. 0. -1. 0.
0.182 0.983 0. -169.604 0.983 -0.182 -0. 605.016 0. 0. -1. 0.
0.175 0.985 0. -169.178 0.985 -0.175 -0. 607.378 0. 0. -1. 0.
0.171 0.985 0. -168.726 0.985 -0.171 -0. 609.761 0. 0. -1. 0.
0.164 0.986 0. -168.270 0.986 -0.164 -0. 612.166 0. 0. -1. 0.
0.159 0.987 0. -167.876 0.987 -0.159 -0. 614.662 0. 0. -1. 0.
0.158 0.987 0. -167.448 0.987 -0.158 -0. 617.119 0. 0. -1. 0.
0.155 0.988 0. -167.064 0.988 -0.155 -0. 619.648 0. 0. -1. 0.
0.153 0.988 0. -166.617 0.988 -0.153 -0. 622.173 0. 0. -1. 0.
0.149 0.989 0. -166.195 0.989 -0.149 -0. 624.719 0. 0. -1. 0.
0.147 0.989 0. -165.813 0.989 -0.147 -0. 627.391 0. 0. -1. 0.
0.139 0.990 0. -165.370 0.990 -0.139 -0. 630.029 0. 0. -1. 0.
0.132 0.991 0. -164.928 0.991 -0.132 -0. 632.794 0. 0. -1. 0.
0.122 0.993 0. -164.522 0.993 -0.122 -0. 635.532 0. 0. -1. 0.
0.109 0.994 0. -164.212 0.994 -0.109 -0. 638.325 0. 0. -1. 0.
0.098 0.995 0. -163.869 0.995 -0.098 -0. 641.247 0. 0. -1. 0.
0.091 0.996 0. -163.542 0.996 -0.091 -0. 644.170 0. 0. -1. 0.
0.083 0.997 0. -163.260 0.997 -0.083 -0. 647.154 0. 0. -1. 0.
0.076 0.997 0. -163.057 0.997 -0.076 -0. 650.222 0. 0. -1. 0.
0.072 0.997 0. -162.820 0.997 -0.072 -0. 653.352 0. 0. -1. 0.
0.068 0.998 0. -162.514 0.998 -0.068 -0. 656.461 0. 0. -1. 0.
0.068 0.998 0. -162.293 0.998 -0.068 -0. 659.680 0. 0. -1. 0.
0.065 0.998 0. -162.057 0.998 -0.065 -0. 662.871 0. 0. -1. 0.
0.066 0.998 0. -161.889 0.998 -0.066 -0. 666.129 0. 0. -1. 0.
0.065 0.998 0. -161.626 0.998 -0.065 -0. 669.369 0. 0. -1. 0.
0.064 0.998 0. -161.356 0.998 -0.064 -0. 672.614 0. 0. -1. 0.
0.062 0.998 0. -161.066 0.998 -0.062 -0. 675.875 0. 0. -1. 0.
0.059 0.998 0. -160.804 0.998 -0.059 -0. 679.131 0. 0. -1. 0.
0.055 0.998 0. -160.637 0.998 -0.055 -0. 682.366 0. 0. -1. 0.
0.051 0.999 0. -160.406 0.999 -0.051 -0. 685.523 0. 0. -1. 0.
0.050 0.999 0. -160.284 0.999 -0.050 -0. 688.626 0. 0. -1. 0.
0.051 0.999 0. -160.016 0.999 -0.051 -0. 691.549 0. 0. -1. 0.
0.053 0.999 0. -159.940 0.999 -0.053 -0. 694.324 0. 0. -1. 0.
0.053 0.999 0. -159.671 0.999 -0.053 -0. 697.036 0. 0. -1. 0.
0.057 0.998 0. -159.543 0.998 -0.057 -0. 699.536 0. 0. -1. 0.
0.061 0.998 0. -159.377 0.998 -0.061 -0. 701.910 0. 0. -1. 0.
0.063 0.998 0. -159.256 0.998 -0.063 -0. 704.200 0. 0. -1. 0.
0.066 0.998 0. -159.105 0.998 -0.066 -0. 706.353 0. 0. -1. 0.
0.067 0.998 0. -158.936 0.998 -0.067 -0. 708.384 0. 0. -1. 0.
0.065 0.998 0. -158.733 0.998 -0.065 -0. 710.305 0. 0. -1. 0.
0.064 0.998 0. -158.691 0.998 -0.064 -0. 712.161 0. 0. -1. 0.
0.061 0.998 0. -158.524 0.998 -0.061 -0. 713.840 0. 0. -1. 0.
0.059 0.998 0. -158.452 0.998 -0.059 -0. 715.438 0. 0. -1. 0.
0.057 0.998 0. -158.334 0.998 -0.057 -0. 716.945 0. 0. -1. 0.
0.054 0.999 0. -158.252 0.999 -0.054 -0. 718.331 0. 0. -1. 0.
0.057 0.998 0. -158.165 0.998 -0.057 -0. 719.594 0. 0. -1. 0.
0.060 0.998 0. -158.111 0.998 -0.060 -0. 720.768 0. 0. -1. 0.
0.063 0.998 0. -158.016 0.998 -0.063 -0. 721.891 0. 0. -1. 0.
0.065 0.998 0. -157.921 0.998 -0.065 -0. 722.937 0. 0. -1. 0.
0.068 0.998 0. -157.872 0.998 -0.068 -0. 723.920 0. 0. -1. 0.
0.068 0.998 0. -157.816 0.998 -0.068 -0. 724.856 0. 0. -1. 0.
0.070 0.998 0. -157.736 0.998 -0.070 -0. 725.748 0. 0. -1. 0.
0.070 0.998 0. -157.664 0.998 -0.070 -0. 726.555 0. 0. -1. 0.
0.070 0.998 0. -157.627 0.998 -0.070 -0. 727.320 0. 0. -1. 0.
0.071 0.997 0. -157.582 0.997 -0.071 -0. 727.968 0. 0. -1. 0.
0.071 0.997 0. -157.532 0.997 -0.071 -0. 728.550 0. 0. -1. 0.
0.072 0.997 0. -157.490 0.997 -0.072 -0. 729.066 0. 0. -1. 0.
0.072 0.997 0. -157.443 0.997 -0.072 -0. 729.480 0. 0. -1. 0.
0.071 0.997 0. -157.438 0.997 -0.071 -0. 729.803 0. 0. -1. 0.
0.072 0.997 0. -157.446 0.997 -0.072 -0. 730.090 0. 0. -1. 0.
0.073 0.997 0. -157.400 0.997 -0.073 -0. 730.329 0. 0. -1. 0.
