1. 0. 0. 0. 0. -1. -0. 0. 0. 0. -1. 0.
1. -0.002 -0. -0.012 -0.002 -1. -0. 0.001 0. 0. -1. 0.
1. -0.000 -0. -0.015 -0.000 -1. -0. -0.010 0. 0. -1. 0.
1. 0.000 0. -0.019 0.000 -1. -0. -0.017 0. 0. -1. 0.
1. 0.001 0. -0.005 0.001 -1. -0. -0.011 0. 0. -1. 0.
1. -0.001 -0. 0.004 -0.001 -1. -0. -0.001 0. 0. -1. 0.
1. 0.005 0. 0.003 0.005 -1. -0. -0.002 0. 0. -1. 0.
1. 0.004 0. -0.002 0.004 -1. -0. -0.009 0. 0. -1. 0.
1. 0.004 0. -0.010 0.004 -1. -0. -0.007 0. 0. -1. 0.
1. 0.001 0. 0.004 0.001 -1. -0. -0.029 0. 0. -1. 0.
1. -0.001 -0. -0.019 -0.001 -1. -0. 0.006 0. 0. -1. 0.
1. -0.006 -0. -0.023 -0.006 -1. -0. -0.005 0. 0. -1. 0.
1. -0.002 -0. -0.025 -0.002 -1. -0. -0.001 0. 0. -1. 0.
1. -0.002 -0. -0.017 -0.002 -1. -0. -0.000 0. 0. -1. 0.
1. -0.000 -0. -0.007 -0.000 -1. -0. -0.008 0. 0. -1. 0.
1. -0. -0. -0.007 -0. -1. -0. -0.006 0. 0. -1. 0.
1. -0.001 -0. 0.003 -0.001 -1. -0. -0.024 0. 0. -1. 0.
1. -0.003 -0. 0.014 -0.003 -1. -0. 0.002 0. 0. -1. 0.
1. -0.004 -0. -0.025 -0.004 -1. -0. -0.006 0. 0. -1. 0.
1. 0.001 0. -0.016 0.001 -1. -0. -0.011 0. 0. -1. 0.
1. 0.001 0. 0.014 0.001 -1. -0. 0.002 0. 0. -1. 0.
1. -0.001 -0. -0.015 -0.001 -1. -0. -0.006 0. 0. -1. 0.
1. -0.002 -0. -0.014 -0.002 -1. -0. 0.004 0. 0. -1. 0.
1. -0.005 -0. 0.007 -0.005 -1. -0. -0.018 0. 0. -1. 0.
1. -0.001 -0. 0.021 -0.001 -1. -0. -0.016 0. 0. -1. 0.
1. -0.003 -0. 0.018 -0.003 -1. -0. -0.010 0. 0. -1. 0.
1. -0.004 -0. -0.029 -0.004 -1. -0. 0.004 0. 0. -1. 0.
1. -0.001 -0. -0.023 -0.001 -1. -0. -0.013 0. 0. -1. 0.
1. 0.004 0. 0.008 0.004 -1. -0. -0.002 0. 0. -1. 0.
1. 0.002 0. 0.003 0.002 -1. -0. 0.003 0. 0. -1. 0.
1. -0.001 -0. -0.003 -0.001 -1. -0. -0.002 0. 0. -1. 0.
1. 0.003 0. -0.007 0.003 -1. -0. -0.020 0. 0. -1. 0.
1. 0.002 0. -0.002 0.002 -1. -0. 0.004 0. 0. -1. 0.
1. 0.002 0. 0.011 0.002 -1. -0. 0.018 0. 0. -1. 0.
1. -0. -0. -0.014 -0. -1. -0. -0.009 0. 0. -1. 0.
1. -0.002 -0. -0.022 -0.002 -1. -0. -0.016 0. 0. -1. 0.
1. 0.000 0. -0.011 0.000 -1. -0. -0.014 0. 0. -1. 0.
1. 0.002 0. -0.006 0.002 -1. -0. -0.006 0. 0. -1. 0.
1. 0.003 0. 0.002 0.003 -1. -0. -0.000 0. 0. -1. 0.
1. 0.001 0. -0.005 0.001 -1. -0. 0.002 0. 0. -1. 0.
1. 0.001 0. -0.011 0.001 -1. -0. -0.012 0. 0. -1. 0.
1. 0.003 0. -0.007 0.003 -1. -0. -0.001 0. 0. -1. 0.
1. 0.004 0. -0.008 0.004 -1. -0. -0.007 0. 0. -1. 0.
1. 0.004 0. 0.005 0.004 -1. -0. -0.002 0. 0. -1. 0.
1. 0.001 0. 0.002 0.001 -1. -0. -0.017 0. 0. -1. 0.
1. 0.005 0. -0.009 0.005 -1. -0. -0.012 0. 0. -1. 0.
1. 0.002 0. 0.020 0.002 -1. -0. 0.002 0. 0. -1. 0.
1. -0.002 -0. -0.011 -0.002 -1. -0. 0.001 0. 0. -1. 0.
1. -0.003 -0. 0.033 -0.003 -1. -0. 0.010 0. 0. -1. 0.
1. -0.002 -0. 0.133 -0.002 -1. -0. 0.018 0. 0. -1. 0.
1. -0.010 -0. 0.308 -0.010 -1. -0. -0.001 0. 0. -1. 0.
1.000 -0.020 -0. 0.599 -0.020 -1.000 -0. -0.021 0. 0. -1. 0.
0.999 -0.032 -0. 0.988 -0.032 -0.999 -0. -0.063 0. 0. -1. 0.
0.998 -0.060 -0. 1.443 -0.060 -0.998 -0. -0.115 0. 0. -1. 0.
0.997 -0.082 -0. 1.984 -0.082 -0.997 -0. -0.137 0. 0. -1. 0.
0.995 -0.100 -0. 2.659 -0.100 -0.995 -0. -0.312 0. 0. -1. 0.
0.993 -0.116 -0. 3.455 -0.116 -0.993 -0. -0.334 0. 0. -1. 0.
0.993 -0.114 -0. 4.284 -0.114 -0.993 -0. -0.517 0. 0. -1. 0.
0.994 -0.110 -0. 5.256 -0.110 -0.994 -0. -0.564 0. 0. -1. 0.
0.994 -0.106 -0. 6.280 -0.106 -0.994 -0. -0.620 0. 0. -1. 0.
0.995 -0.099 -0. 7.361 -0.099 -0.995 -0. -0.821 0. 0. -1. 0.
0.996 -0.094 -0. 8.543 -0.094 -0.996 -0. -1.018 0. 0. -1. 0.
0.997 -0.079 -0. 9.729 -0.079 -0.997 -0. -1.131 0. 0. -1. 0.
0.997 -0.073 -0. 11.003 -0.073 -0.997 -0. -1.236 0. 0. -1. 0.
0.998 -0.070 -0. 12.324 -0.070 -0.998 -0. -1.263 0. 0. -1. 0.
0.998 -0.061 -0. 13.703 -0.061 -0.998 -0. -1.336 0. 0. -1. 0.
0.999 -0.049 -0. 15.130 -0.049 -0.999 -0. -1.585 0. 0. -1. 0.
0.999 -0.053 -0. 16.667 -0.053 -0.999 -0. -1.618 0. 0. -1. 0.
0.999 -0.050 -0. 18.220 -0.050 -0.999 -0. -1.725 0. 0. -1. 0.
0.999 -0.037 -0. 19.917 -0.037 -0.999 -0. -1.829 0. 0. -1. 0.
0.999 -0.040 -0. 21.622 -0.040 -0.999 -0. -1.880 0. 0. -1. 0.
0.999 -0.037 -0. 23.333 -0.037 -0.999 -0. -2.103 0. 0. -1. 0.
1.000 -0.029 -0. 25.183 -0.029 -1.000 -0. -2.133 0. 0. -1. 0.
1.000 -0.023 -0. 27.025 -0.023 -1.000 -0. -2.256 0. 0. -1. 0.
1.000 -0.016 -0. 28.951 -0.016 -1.000 -0. -2.254 0. 0. -1. 0.
1. -0.014 -0. 30.833 -0.014 -1. -0. -2.277 0. 0. -1. 0.
1. -0.001 -0. 32.686 -0.001 -1. -0. -2.482 0. 0. -1. 0.
1. 0.004 0. 34.737 0.004 -1. -0. -2.396 0. 0. -1. 0.
1.000 0.020 0. 36.727 0.020 -1.000 -0. -2.389 0. 0. -1. 0.
1.000 0.030 0. 38.655 0.030 -1.000 -0. -2.372 0. 0. -1. 0.
0.999 0.042 0. 40.672 0.042 -0.999 -0. -2.307 0. 0. -1. 0.
0.999 0.054 0. 42.707 0.054 -0.999 -0. -2.222 0. 0. -1. 0.
0.998 0.066 0. 44.771 0.066 -0.998 -0. -2.066 0. 0. -1. 0.
0.998 0.068 0. 46.791 0.068 -0.998 -0. -2.009 0. 0. -1. 0.
0.997 0.071 0. 48.892 0.071 -0.997 -0. -1.849 0. 0. -1. 0.
0.997 0.072 0. 51.006 0.072 -0.997 -0. -1.779 0. 0. -1. 0.
0.997 0.071 0. 53.121 0.071 -0.997 -0. -1.637 0. 0. -1. 0.
0.997 0.076 0. 55.242 0.076 -0.997 -0. -1.549 0. 0. -1. 0.
0.997 0.075 0. 57.351 0.075 -0.997 -0. -1.315 0. 0. -1. 0.
0.997 0.083 0. 59.431 0.083 -0.997 -0. -1.237 0. 0. -1. 0.
0.997 0.076 0. 61.546 0.076 -0.997 -0. -0.962 0. 0. -1. 0.
0.997 0.081 0. 63.642 0.081 -0.997 -0. -0.963 0. 0. -1. 0.
0.997 0.081 0. 65.750 0.081 -0.997 -0. -0.875 0. 0. -1. 0.
0.997 0.079 0. 67.814 0.079 -0.997 -0. -0.718 0. 0. -1. 0.
0.997 0.081 0. 69.880 0.081 -0.997 -0. -0.565 0. 0. -1. 0.
0.997 0.082 0. 71.969 0.082 -0.997 -0. -0.347 0. 0. -1. 0.
0.996 0.084 0. 74.049 0.084 -0.996 -0. -0.152 0. 0. -1. 0.
0.997 0.080 0. 76.143 0.080 -0.997 -0. 0.041 0. 0. -1. 0.
0.997 0.079 0. 78.149 0.079 -0.997 -0. 0.158 0. 0. -1. 0.
0.998 0.066 0. 80.197 0.066 -0.998 -0. 0.272 0. 0. -1. 0.
0.999 0.047 0. 82.224 0.047 -0.999 -0. 0.295 0. 0. -1. 0.
1. 0.011 0. 84.279 0.011 -1. -0. 0.278 0. 0. -1. 0.
1.000 -0.026 -0. 86.266 -0.026 -1.000 -0. 0.186 0. 0. -1. 0.
0.997 -0.072 -0. 88.241 -0.072 -0.997 -0. 0.205 0. 0. -1. 0.
0.993 -0.116 -0. 90.148 -0.116 -0.993 -0. -0.223 0. 0. -1. 0.
0.987 -0.158 -0. 92.189 -0.158 -0.987 -0. -0.461 0. 0. -1. 0.
0.978 -0.207 -0. 94.072 -0.207 -0.978 -0. -0.884 0. 0. -1. 0.
0.966 -0.260 -0. 95.983 -0.260 -0.966 -0. -1.409 0. 0. -1. 0.
0.948 -0.319 -0. 97.753 -0.319 -0.948 -0. -2.021 0. 0. -1. 0.
0.925 -0.381 -0. 99.570 -0.381 -0.925 -0. -2.789 0. 0. -1. 0.
0.900 -0.436 -0. 101.318 -0.436 -0.900 -0. -3.588 0. 0. -1. 0.
0.870 -0.494 -0. 102.988 -0.494 -0.870 -0. -4.514 0. 0. -1. 0.
0.836 -0.549 -0. 104.453 -0.549 -0.836 -0. -5.692 0. 0. -1. 0.
0.797 -0.604 -0. 106.014 -0.604 -0.797 -0. -6.859 0. 0. -1. 0.
0.749 -0.662 -0. 107.437 -0.662 -0.749 -0. -8.070 0. 0. -1. 0.
0.703 -0.711 -0. 108.721 -0.711 -0.703 -0. -9.389 0. 0. -1. 0.
0.656 -0.755 -0. 109.990 -0.755 -0.656 -0. -10.758 0. 0. -1. 0.
0.608 -0.794 -0. 110.941 -0.794 -0.608 -0. -12.273 0. 0. -1. 0.
0.556 -0.831 -0. 112.104 -0.831 -0.556 -0. -13.754 0. 0. -1. 0.
0.504 -0.864 -0. 113.071 -0.864 -0.504 -0. -15.325 0. 0. -1. 0.
0.461 -0.888 -0. 113.715 -0.888 -0.461 -0. -17.106 0. 0. -1. 0.
0.421 -0.907 -0. 114.578 -0.907 -0.421 -0. -18.814 0. 0. -1. 0.
0.379 -0.925 -0. 115.375 -0.925 -0.379 -0. -20.581 0. 0. -1. 0.
0.358 -0.934 -0. 116.013 -0.934 -0.358 -0. -22.407 0. 0. -1. 0.
0.348 -0.937 -0. 116.539 -0.937 -0.348 -0. -24.266 0. 0. -1. 0.
0.349 -0.937 -0. 117.435 -0.937 -0.349 -0. -26.005 0. 0. -1. 0.
0.360 -0.933 -0. 117.955 -0.933 -0.360 -0. -27.962 0. 0. -1. 0.
0.384 -0.923 -0. 118.670 -0.923 -0.384 -0. -29.814 0. 0. -1. 0.
0.403 -0.915 -0. 119.575 -0.915 -0.403 -0. -31.698 0. 0. -1. 0.
0.426 -0.905 -0. 120.387 -0.905 -0.426 -0. -33.602 0. 0. -1. 0.
0.456 -0.890 -0. 121.137 -0.890 -0.456 -0. -35.504 0. 0. -1. 0.
0.480 -0.877 -0. 122.098 -0.877 -0.480 -0. -37.342 0. 0. -1. 0.
0.500 -0.866 -0. 123.160 -0.866 -0.500 -0. -39.227 0. 0. -1. 0.
0.520 -0.854 -0. 124.324 -0.854 -0.520 -0. -41.118 0. 0. -1. 0.
0.542 -0.840 -0. 125.456 -0.840 -0.542 -0. -42.956 0. 0. -1. 0.
0.563 -0.827 -0. 126.654 -0.827 -0.563 -0. -44.746 0. 0. -1. 0.
0.571 -0.821 -0. 127.784 -0.821 -0.571 -0. -46.569 0. 0. -1. 0.
0.590 -0.807 -0. 128.972 -0.807 -0.590 -0. -48.217 0. 0. -1. 0.
0.602 -0.798 -0. 130.276 -0.798 -0.602 -0. -49.979 0. 0. -1. 0.
0.618 -0.786 -0. 131.453 -0.786 -0.618 -0. -51.656 0. 0. -1. 0.
0.633 -0.774 -0. 132.681 -0.774 -0.633 -0. -53.361 0. 0. -1. 0.
0.636 -0.772 -0. 134.078 -0.772 -0.636 -0. -54.963 0. 0. -1. 0.
0.654 -0.756 -0. 135.283 -0.756 -0.654 -0. -56.452 0. 0. -1. 0.
0.666 -0.746 -0. 136.708 -0.746 -0.666 -0. -58.036 0. 0. -1. 0.
0.676 -0.737 -0. 137.999 -0.737 -0.676 -0. -59.598 0. 0. -1. 0.
0.679 -0.735 -0. 139.336 -0.735 -0.679 -0. -60.972 0. 0. -1. 0.
0.686 -0.727 -0. 140.650 -0.727 -0.686 -0. -62.407 0. 0. -1. 0.
0.697 -0.717 -0. 142.029 -0.717 -0.697 -0. -63.750 0. 0. -1. 0.
0.711 -0.703 -0. 143.334 -0.703 -0.711 -0. -65.113 0. 0. -1. 0.
0.738 -0.675 -0. 144.569 -0.675 -0.738 -0. -66.410 0. 0. -1. 0.
0.774 -0.633 -0. 145.888 -0.633 -0.774 -0. -67.403 0. 0. -1. 0.
0.819 -0.573 -0. 147.237 -0.573 -0.819 -0. -68.414 0. 0. -1. 0.
0.866 -0.499 -0. 148.586 -0.499 -0.866 -0. -69.231 0. 0. -1. 0.
0.912 -0.410 -0. 149.959 -0.410 -0.912 -0. -69.884 0. 0. -1. 0.
0.953 -0.301 -0. 151.236 -0.301 -0.953 -0. -70.355 0. 0. -1. 0.
0.984 -0.178 -0. 152.484 -0.178 -0.984 -0. -70.601 0. 0. -1. 0.
0.999 -0.042 -0. 153.702 -0.042 -0.999 -0. -70.628 0. 0. -1. 0.
0.994 0.110 0. 154.877 0.110 -0.994 -0. -70.470 0. 0. -1. 0.
0.963 0.268 0. 155.996 0.268 -0.963 -0. -70.136 0. 0. -1. 0.
0.903 0.429 0. 156.949 0.429 -0.903 -0. -69.724 0. 0. -1. 0.
0.810 0.586 0. 157.825 0.586 -0.810 -0. -69.077 0. 0. -1. 0.
0.692 0.722 0. 158.530 0.722 -0.692 -0. -68.285 0. 0. -1. 0.
0.542 0.840 0. 159.125 0.840 -0.542 -0. -67.385 0. 0. -1. 0.
0.371 0.929 0. 159.454 0.929 -0.371 -0. -66.357 0. 0. -1. 0.
0.185 0.983 0. 159.564 0.983 -0.185 -0. -65.373 0. 0. -1. 0.
-0.020 1.000 0. 159.530 1.000 0.020 0. -64.457 0. 0. -1. 0.
-0.216 0.976 0. 159.269 0.976 0.216 0. -63.501 0. 0. -1. 0.
-0.393 0.920 0. 158.812 0.920 0.393 0. -62.580 0. 0. -1. 0.
-0.556 0.831 0. 158.238 0.831 0.556 0. -61.850 0. 0. -1. 0.
-0.688 0.725 0. 157.499 0.725 0.688 0. -61.125 0. 0. -1. 0.
-0.790 0.613 0. 156.646 0.613 0.790 0. -60.406 0. 0. -1. 0.
-0.863 0.506 0. 155.559 0.506 0.863 0. -59.901 0. 0. -1. 0.
-0.911 0.413 0. 154.554 0.413 0.911 0. -59.337 0. 0. -1. 0.
-0.938 0.346 0. 153.374 0.346 0.938 0. -58.825 0. 0. -1. 0.
-0.955 0.296 0. 152.232 0.296 0.955 0. -58.621 0. 0. -1. 0.
-0.965 0.261 0. 151.011 0.261 0.965 0. -58.253 0. 0. -1. 0.
-0.971 0.241 0. 149.716 0.241 0.971 0. -57.959 0. 0. -1. 0.
-0.972 0.236 0. 148.411 0.236 0.972 0. -57.657 0. 0. -1. 0.
-0.970 0.245 0. 147.082 0.245 0.970 0. -57.309 0. 0. -1. 0.
-0.967 0.255 0. 145.665 0.255 0.967 0. -56.930 0. 0. -1. 0.
-0.959 0.284 0. 144.120 0.284 0.959 0. -56.385 0. 0. -1. 0.
-0.947 0.320 0. 142.829 0.320 0.947 0. -56.029 0. 0. -1. 0.
-0.929 0.371 0. 141.358 0.371 0.929 0. -55.387 0. 0. -1. 0.
-0.913 0.407 0. 139.944 0.407 0.913 0. -54.825 0. 0. -1. 0.
-0.890 0.456 0. 138.490 0.456 0.890 0. -53.995 0. 0. -1. 0.
-0.865 0.501 0. 137.257 0.501 0.865 0. -53.284 0. 0. -1. 0.
-0.836 0.548 0. 135.762 0.548 0.836 0. -52.295 0. 0. -1. 0.
-0.802 0.597 0. 134.463 0.597 0.802 0. -51.258 0. 0. -1. 0.
-0.775 0.632 0. 133.137 0.632 0.775 0. -50.084 0. 0. -1. 0.
-0.731 0.682 0. 131.776 0.682 0.731 0. -48.887 0. 0. -1. 0.
-0.699 0.715 0. 130.644 0.715 0.699 0. -47.622 0. 0. -1. 0.
-0.665 0.747 0. 129.404 0.747 0.665 0. -46.156 0. 0. -1. 0.
-0.625 0.781 0. 128.285 0.781 0.625 0. -44.618 0. 0. -1. 0.
-0.584 0.811 0. 127.079 0.811 0.584 0. -43.115 0. 0. -1. 0.
-0.550 0.835 0. 126.098 0.835 0.550 0. -41.501 0. 0. -1. 0.
-0.510 0.860 0. 124.968 0.860 0.510 0. -39.834 0. 0. -1. 0.
-0.479 0.878 0. 124.083 0.878 0.479 0. -38.050 0. 0. -1. 0.
-0.455 0.891 0. 123.160 0.891 0.455 0. -36.217 0. 0. -1. 0.
-0.444 0.896 0. 122.295 0.896 0.444 0. -34.271 0. 0. -1. 0.
-0.427 0.904 0. 121.425 0.904 0.427 0. -32.287 0. 0. -1. 0.
-0.414 0.910 0. 120.589 0.910 0.414 0. -30.319 0. 0. -1. 0.
-0.401 0.916 0. 119.786 0.916 0.401 0. -28.379 0. 0. -1. 0.
-0.393 0.920 0. 119.081 0.920 0.393 0. -26.325 0. 0. -1. 0.
-0.386 0.923 0. 118.365 0.923 0.386 0. -24.314 0. 0. -1. 0.
-0.391 0.920 0. 117.439 0.920 0.391 0. -22.315 0. 0. -1. 0.
-0.400 0.916 0. 116.595 0.916 0.400 0. -20.387 0. 0. -1. 0.
-0.425 0.905 0. 115.687 0.905 0.425 0. -18.431 0. 0. -1. 0.
-0.455 0.890 0. 114.732 0.890 0.455 0. -16.570 0. 0. -1. 0.
-0.495 0.869 0. 113.958 0.869 0.495 0. -14.620 0. 0. -1. 0.
-0.544 0.839 0. 112.655 0.839 0.544 0. -12.952 0. 0. -1. 0.
-0.597 0.802 0. 111.673 0.802 0.597 0. -11.233 0. 0. -1. 0.
-0.646 0.763 0. 110.407 0.763 0.646 0. -9.637 0. 0. -1. 0.
-0.698 0.716 0. 109.037 0.716 0.698 0. -8.173 0. 0. -1. 0.
-0.746 0.666 0. 107.599 0.666 0.746 0. -6.696 0. 0. -1. 0.
-0.791 0.611 0. 106.074 0.611 0.791 0. -5.566 0. 0. -1. 0.
-0.835 0.550 0. 104.499 0.550 0.835 0. -4.358 0. 0. -1. 0.
-0.872 0.490 0. 102.793 0.490 0.872 0. -3.395 0. 0. -1. 0.
-0.899 0.437 0. 101.105 0.437 0.899 0. -2.484 0. 0. -1. 0.
-0.925 0.380 0. 99.256 0.380 0.925 0. -1.742 0. 0. -1. 0.
-0.946 0.323 0. 97.528 0.323 0.946 0. -1.035 0. 0. -1. 0.
-0.965 0.263 0. 95.595 0.263 0.965 0. -0.462 0. 0. -1. 0.
-0.981 0.196 0. 93.715 0.196 0.981 0. -0.095 0. 0. -1. 0.
-0.991 0.137 0. 91.653 0.137 0.991 0. 0.237 0. 0. -1. 0.
-0.996 0.090 0. 89.652 0.090 0.996 0. 0.395 0. 0. -1. 0.
-0.999 0.046 0. 87.597 0.046 0.999 0. 0.563 0. 0. -1. 0.
-1. 0.002 0. 85.558 0.002 1. 0. 0.507 0. 0. -1. 0.
-1.000 -0.021 -0. 83.488 -0.021 1.000 0. 0.446 0. 0. -1. 0.
-0.999 -0.049 -0. 81.390 -0.049 0.999 0. 0.407 0. 0. -1. 0.
-0.998 -0.059 -0. 79.302 -0.059 0.998 0. 0.350 0. 0. -1. 0.
-0.997 -0.075 -0. 77.132 -0.075 0.997 0. 0.148 0. 0. -1. 0.
-0.997 -0.080 -0. 75.033 -0.080 0.997 0. 0.193 0. 0. -1. 0.
-0.997 -0.072 -0. 72.836 -0.072 0.997 0. 0.030 0. 0. -1. 0.
-0.998 -0.069 -0. 70.688 -0.069 0.998 0. -0.148 0. 0. -1. 0.
-0.998 -0.063 -0. 68.466 -0.063 0.998 0. -0.325 0. 0. -1. 0.
-0.998 -0.056 -0. 66.363 -0.056 0.998 0. -0.392 0. 0. -1. 0.
-0.999 -0.045 -0. 64.167 -0.045 0.999 0. -0.443 0. 0. -1. 0.
-0.999 -0.037 -0. 62.044 -0.037 0.999 0. -0.485 0. 0. -1. 0.
-0.999 -0.040 -0. 59.843 -0.040 0.999 0. -0.360 0. 0. -1. 0.
-0.999 -0.038 -0. 57.746 -0.038 0.999 0. -0.631 0. 0. -1. 0.
-0.999 -0.039 -0. 55.638 -0.039 0.999 0. -0.697 0. 0. -1. 0.
-1.000 -0.032 -0. 53.540 -0.032 1.000 0. -0.669 0. 0. -1. 0.
-1.000 -0.030 -0. 51.442 -0.030 1.000 0. -0.681 0. 0. -1. 0.
-1.000 -0.030 -0. 49.387 -0.030 1.000 0. -0.675 0. 0. -1. 0.
-0.999 -0.035 -0. 47.337 -0.035 0.999 0. -0.744 0. 0. -1. 0.
-0.999 -0.045 -0. 45.301 -0.045 0.999 0. -0.650 0. 0. -1. 0.
-0.999 -0.049 -0. 43.291 -0.049 0.999 0. -0.640 0. 0. -1. 0.
-0.999 -0.036 -0. 41.228 -0.036 0.999 0. -0.808 0. 0. -1. 0.
-1.000 -0.021 -0. 39.227 -0.021 1.000 0. -0.897 0. 0. -1. 0.
-1. -0.008 -0. 37.151 -0.008 1. 0. -0.866 0. 0. -1. 0.
-1. -0.008 -0. 35.230 -0.008 1. 0. -0.814 0. 0. -1. 0.
-1. -0.000 -0. 33.097 -0.000 1. 0. -0.894 0. 0. -1. 0.
-1. 0.003 0. 31.080 0.003 1. 0. -0.819 0. 0. -1. 0.
-1. 0.006 0. 29.028 0.006 1. 0. -0.719 0. 0. -1. 0.
-1. 0.012 0. 26.885 0.012 1. 0. -0.744 0. 0. -1. 0.
-1.000 0.017 0. 24.824 0.017 1.000 0. -0.510 0. 0. -1. 0.
-1.000 0.027 0. 22.628 0.027 1.000 0. -0.577 0. 0. -1. 0.
-1.000 0.026 0. 20.581 0.026 1.000 0. -0.318 0. 0. -1. 0.
-1.000 0.028 0. 18.383 0.028 1.000 0. -0.300 0. 0. -1. 0.
-1.000 0.029 0. 16.290 0.029 1.000 0. -0.188 0. 0. -1. 0.
-0.999 0.035 0. 14.013 0.035 0.999 0. -0.128 0. 0. -1. 0.
-0.999 0.045 0. 11.850 0.045 0.999 0. -0.001 0. 0. -1. 0.
-0.999 0.043 0. 9.616 0.043 0.999 0. 0.080 0. 0. -1. 0.
-0.999 0.036 0. 7.365 0.036 0.999 0. 0.208 0. 0. -1. 0.
-0.999 0.042 0. 5.092 0.042 0.999 0. 0.388 0. 0. -1. 0.
-0.999 0.039 0. 2.854 0.039 0.999 0. 0.536 0. 0. -1. 0.
-0.999 0.043 0. 0.458 0.043 0.999 0. 0.567 0. 0. -1. 0.
-0.999 0.044 0. -1.809 0.044 0.999 0. 0.656 0. 0. -1. 0.
-0.999 0.045 0. -4.191 0.045 0.999 0. 0.903 0. 0. -1. 0.
-0.999 0.038 0. -6.569 0.038 0.999 0. 1.097 0. 0. -1. 0.
-1.000 0.031 0. -8.880 0.031 1.000 0. 1.049 0. 0. -1. 0.
-1.000 0.031 0. -11.272 0.031 1.000 0. 1.155 0. 0. -1. 0.
-1.000 0.028 0. -13.712 0.028 1.000 0. 1.278 0. 0. -1. 0.
-1. 0.012 0. -15.955 0.012 1. 0. 1.438 0. 0. -1. 0.
-1. 0.012 0. -18.544 0.012 1. 0. 1.413 0. 0. -1. 0.
-1. 0.010 0. -20.796 0.010 1. 0. 1.533 0. 0. -1. 0.
-1. -0.001 -0. -23.207 -0.001 1. 0. 1.592 0. 0. -1. 0.
-1. -0.005 -0. -25.540 -0.005 1. 0. 1.564 0. 0. -1. 0.
-1.000 -0.014 -0. -27.863 -0.014 1.000 0. 1.535 0. 0. -1. 0.
-1.000 -0.020 -0. -30.240 -0.020 1.000 0. 1.579 0. 0. -1. 0.
-1.000 -0.024 -0. -32.632 -0.024 1.000 0. 1.485 0. 0. -1. 0.
-1.000 -0.031 -0. -34.872 -0.031 1.000 0. 1.444 0. 0. -1. 0.
-1.000 -0.031 -0. -37.222 -0.031 1.000 0. 1.331 0. 0. -1. 0.
-0.999 -0.036 -0. -39.562 -0.036 0.999 0. 1.311 0. 0. -1. 0.
-0.999 -0.033 -0. -41.766 -0.033 0.999 0. 1.297 0. 0. -1. 0.
-0.999 -0.041 -0. -43.958 -0.041 0.999 0. 1.211 0. 0. -1. 0.
-0.999 -0.042 -0. -46.076 -0.042 0.999 0. 1.151 0. 0. -1. 0.
-0.999 -0.053 -0. -48.116 -0.053 0.999 0. 1.181 0. 0. -1. 0.
-0.999 -0.044 -0. -50.105 -0.044 0.999 0. 1.002 0. 0. -1. 0.
-0.999 -0.049 -0. -52.015 -0.049 0.999 0. 0.954 0. 0. -1. 0.
-0.999 -0.041 -0. -53.868 -0.041 0.999 0. 0.892 0. 0. -1. 0.
-1.000 -0.022 -0. -55.531 -0.022 1.000 0. 0.814 0. 0. -1. 0.
-1. 0.003 0. -57.143 0.003 1. 0. 0.763 0. 0. -1. 0.
-0.999 0.042 0. -58.724 0.042 0.999 0. 0.902 0. 0. -1. 0.
-0.997 0.083 0. -60.187 0.083 0.997 0. 1.250 0. 0. -1. 0.
-0.990 0.143 0. -61.493 0.143 0.990 0. 1.421 0. 0. -1. 0.
-0.980 0.200 0. -62.723 0.200 0.980 0. 1.663 0. 0. -1. 0.
-0.960 0.278 0. -63.979 0.278 0.960 0. 1.949 0. 0. -1. 0.
-0.931 0.366 0. -65.039 0.366 0.931 0. 2.458 0. 0. -1. 0.
-0.893 0.450 0. -66.026 0.450 0.893 0. 3.129 0. 0. -1. 0.
-0.837 0.547 0. -67.070 0.547 0.837 0. 3.761 0. 0. -1. 0.
-0.768 0.640 0. -67.837 0.640 0.768 0. 4.523 0. 0. -1. 0.
-0.684 0.729 0. -68.532 0.729 0.684 0. 5.317 0. 0. -1. 0.
-0.590 0.807 0. -69.172 0.807 0.590 0. 6.214 0. 0. -1. 0.
-0.481 0.877 0. -69.931 0.877 0.481 0. 7.099 0. 0. -1. 0.
-0.384 0.923 0. -70.066 0.923 0.384 0. 8.163 0. 0. -1. 0.
-0.288 0.958 0. -70.497 0.958 0.288 0. 9.181 0. 0. -1. 0.
-0.215 0.977 0. -70.697 0.977 0.215 0. 10.324 0. 0. -1. 0.
-0.178 0.984 0. -70.790 0.984 0.178 0. 11.577 0. 0. -1. 0.
-0.139 0.990 0. -70.984 0.990 0.139 0. 12.768 0. 0. -1. 0.
-0.122 0.993 0. -70.987 0.993 0.122 0. 14.076 0. 0. -1. 0.
-0.103 0.995 0. -71.175 0.995 0.103 0. 15.404 0. 0. -1. 0.
-0.088 0.996 0. -71.193 0.996 0.088 0. 16.749 0. 0. -1. 0.
-0.085 0.996 0. -71.306 0.996 0.085 0. 18.141 0. 0. -1. 0.
-0.062 0.998 0. -71.338 0.998 0.062 0. 19.625 0. 0. -1. 0.
-0.043 0.999 0. -71.373 0.999 0.043 0. 21.080 0. 0. -1. 0.
-0.050 0.999 0. -71.454 0.999 0.050 0. 22.702 0. 0. -1. 0.
-0.024 1.000 0. -71.365 1.000 0.024 0. 24.292 0. 0. -1. 0.
-0.019 1.000 0. -71.575 1.000 0.019 0. 25.837 0. 0. -1. 0.
-0.011 1. 0. -71.394 1. 0.011 0. 27.567 0. 0. -1. 0.
0.002 1. 0. -71.360 1. -0.002 -0. 29.275 0. 0. -1. 0.
0.014 1.000 0. -71.329 1.000 -0.014 -0. 30.945 0. 0. -1. 0.
0.035 0.999 0. -71.173 0.999 -0.035 -0. 32.729 0. 0. -1. 0.
0.058 0.998 0. -71.081 0.998 -0.058 -0. 34.462 0. 0. -1. 0.
0.075 0.997 0. -70.917 0.997 -0.075 -0. 36.257 0. 0. -1. 0.
0.104 0.995 0. -70.713 0.995 -0.104 -0. 38.010 0. 0. -1. 0.
0.126 0.992 0. -70.448 0.992 -0.126 -0. 39.802 0. 0. -1. 0.
0.139 0.990 0. -70.163 0.990 -0.139 -0. 41.577 0. 0. -1. 0.
0.139 0.990 0. -69.893 0.990 -0.139 -0. 43.495 0. 0. -1. 0.
0.135 0.991 0. -69.632 0.991 -0.135 -0. 45.322 0. 0. -1. 0.
0.127 0.992 0. -69.278 0.992 -0.127 -0. 47.174 0. 0. -1. 0.
0.096 0.995 0. -69.071 0.995 -0.096 -0. 48.932 0. 0. -1. 0.
0.076 0.997 0. -68.840 0.997 -0.076 -0. 50.996 0. 0. -1. 0.
0.054 0.999 0. -68.718 0.999 -0.054 -0. 52.843 0. 0. -1. 0.
0.036 0.999 0. -68.628 0.999 -0.036 -0. 54.895 0. 0. -1. 0.
0.017 1.000 0. -68.566 1.000 -0.017 -0. 56.860 0. 0. -1. 0.
-0.010 1. 0. -68.450 1. 0.010 0. 58.809 0. 0. -1. 0.
-0.022 1.000 0. -68.544 1.000 0.022 0. 60.813 0. 0. -1. 0.
-0.031 1.000 0. -68.560 1.000 0.031 0. 62.801 0. 0. -1. 0.
-0.040 0.999 0. -68.606 0.999 0.040 0. 64.861 0. 0. -1. 0.
-0.037 0.999 0. -68.665 0.999 0.037 0. 66.756 0. 0. -1. 0.
-0.027 1.000 0. -68.729 1.000 0.027 0. 68.803 0. 0. -1. 0.
-0.021 1.000 0. -68.663 1.000 0.021 0. 70.714 0. 0. -1. 0.
-0.010 1. 0. -68.685 1. 0.010 0. 72.757 0. 0. -1. 0.
-0.006 1. 0. -68.701 1. 0.006 0. 74.563 0. 0. -1. 0.
-0.025 1.000 0. -68.707 1.000 0.025 0. 76.424 0. 0. -1. 0.
-0.059 0.998 0. -68.743 0.998 0.059 0. 78.216 0. 0. -1. 0.
-0.121 0.993 0. -68.968 0.993 0.121 0. 79.796 0. 0. -1. 0.
-0.190 0.982 0. -69.164 0.982 0.190 0. 81.609 0. 0. -1. 0.
-0.266 0.964 0. -69.540 0.964 0.266 0. 83.177 0. 0. -1. 0.
-0.343 0.939 0. -70.056 0.939 0.343 0. 84.746 0. 0. -1. 0.
-0.436 0.900 0. -70.683 0.900 0.436 0. 86.284 0. 0. -1. 0.
-0.514 0.858 0. -71.469 0.858 0.514 0. 87.629 0. 0. -1. 0.
-0.589 0.808 0. -72.403 0.808 0.589 0. 88.927 0. 0. -1. 0.
-0.661 0.750 0. -73.378 0.750 0.661 0. 90.116 0. 0. -1. 0.
-0.731 0.682 0. -74.536 0.682 0.731 0. 91.202 0. 0. -1. 0.
-0.791 0.612 0. -75.758 0.612 0.791 0. 92.251 0. 0. -1. 0.
-0.846 0.533 0. -77.078 0.533 0.846 0. 92.981 0. 0. -1. 0.
-0.892 0.452 0. -78.357 0.452 0.892 0. 93.860 0. 0. -1. 0.
-0.930 0.368 0. -79.791 0.368 0.930 0. 94.401 0. 0. -1. 0.
-0.959 0.282 0. -81.301 0.282 0.959 0. 94.801 0. 0. -1. 0.
-0.974 0.224 0. -82.843 0.224 0.974 0. 95.109 0. 0. -1. 0.
-0.983 0.183 0. -84.399 0.183 0.983 0. 95.439 0. 0. -1. 0.
-0.988 0.154 0. -85.938 0.154 0.988 0. 95.648 0. 0. -1. 0.
-0.990 0.143 0. -87.559 0.143 0.990 0. 95.906 0. 0. -1. 0.
-0.989 0.146 0. -89.060 0.146 0.989 0. 96.227 0. 0. -1. 0.
-0.984 0.180 0. -90.704 0.180 0.984 0. 96.427 0. 0. -1. 0.
-0.976 0.217 0. -92.314 0.217 0.976 0. 96.803 0. 0. -1. 0.
-0.964 0.266 0. -93.957 0.266 0.964 0. 97.161 0. 0. -1. 0.
-0.948 0.318 0. -95.480 0.318 0.948 0. 97.779 0. 0. -1. 0.
-0.926 0.378 0. -97.034 0.378 0.926 0. 98.485 0. 0. -1. 0.
-0.901 0.435 0. -98.662 0.435 0.901 0. 99.411 0. 0. -1. 0.
-0.868 0.497 0. -100.235 0.497 0.868 0. 100.212 0. 0. -1. 0.
-0.842 0.539 0. -101.715 0.539 0.842 0. 101.318 0. 0. -1. 0.
-0.812 0.583 0. -103.303 0.583 0.812 0. 102.374 0. 0. -1. 0.
-0.790 0.614 0. -104.853 0.614 0.790 0. 103.582 0. 0. -1. 0.
-0.773 0.634 0. -106.420 0.634 0.773 0. 104.845 0. 0. -1. 0.
-0.761 0.649 0. -107.906 0.649 0.761 0. 106.245 0. 0. -1. 0.
-0.754 0.656 0. -109.516 0.656 0.754 0. 107.718 0. 0. -1. 0.
-0.748 0.664 0. -111.055 0.664 0.748 0. 109.211 0. 0. -1. 0.
-0.743 0.669 0. -112.724 0.669 0.743 0. 110.652 0. 0. -1. 0.
-0.741 0.672 0. -114.424 0.672 0.741 0. 112.076 0. 0. -1. 0.
-0.741 0.671 0. -116.035 0.671 0.741 0. 113.737 0. 0. -1. 0.
-0.741 0.671 0. -117.776 0.671 0.741 0. 115.263 0. 0. -1. 0.
-0.740 0.673 0. -119.495 0.673 0.740 0. 116.850 0. 0. -1. 0.
-0.736 0.677 0. -121.219 0.677 0.736 0. 118.596 0. 0. -1. 0.
-0.731 0.682 0. -123.035 0.682 0.731 0. 120.202 0. 0. -1. 0.
-0.727 0.687 0. -124.825 0.687 0.727 0. 122.014 0. 0. -1. 0.
-0.726 0.687 0. -126.601 0.687 0.726 0. 123.777 0. 0. -1. 0.
-0.729 0.685 0. -128.426 0.685 0.729 0. 125.608 0. 0. -1. 0.
-0.724 0.689 0. -130.346 0.689 0.724 0. 127.343 0. 0. -1. 0.
-0.719 0.695 0. -132.111 0.695 0.719 0. 129.307 0. 0. -1. 0.
-0.722 0.692 0. -134.000 0.692 0.722 0. 131.218 0. 0. -1. 0.
-0.724 0.690 0. -135.897 0.690 0.724 0. 133.198 0. 0. -1. 0.
-0.724 0.690 0. -137.852 0.690 0.724 0. 135.124 0. 0. -1. 0.
-0.721 0.693 0. -139.802 0.693 0.721 0. 136.973 0. 0. -1. 0.
-0.721 0.693 0. -141.747 0.693 0.721 0. 139.020 0. 0. -1. 0.
-0.719 0.695 0. -143.709 0.695 0.719 0. 141.006 0. 0. -1. 0.
-0.717 0.697 0. -145.655 0.697 0.717 0. 142.930 0. 0. -1. 0.
-0.708 0.707 0. -147.575 0.707 0.708 0. 144.837 0. 0. -1. 0.
-0.696 0.718 0. -149.464 0.718 0.696 0. 146.766 0. 0. -1. 0.
-0.685 0.729 0. -151.239 0.729 0.685 0. 148.734 0. 0. -1. 0.
-0.669 0.743 0. -152.924 0.743 0.669 0. 150.823 0. 0. -1. 0.
-0.646 0.763 0. -154.686 0.763 0.646 0. 152.828 0. 0. -1. 0.
-0.621 0.784 0. -156.148 0.784 0.621 0. 154.917 0. 0. -1. 0.
-0.595 0.804 0. -157.744 0.804 0.595 0. 156.991 0. 0. -1. 0.
-0.563 0.826 0. -159.144 0.826 0.563 0. 159.177 0. 0. -1. 0.
-0.527 0.850 0. -160.412 0.850 0.527 0. 161.395 0. 0. -1. 0.
-0.494 0.870 0. -161.742 0.870 0.494 0. 163.633 0. 0. -1. 0.
-0.452 0.892 0. -162.855 0.892 0.452 0. 165.942 0. 0. -1. 0.
-0.408 0.913 0. -163.937 0.913 0.408 0. 168.319 0. 0. -1. 0.
-0.375 0.927 0. -164.800 0.927 0.375 0. 170.750 0. 0. -1. 0.
-0.329 0.944 0. -165.701 0.944 0.329 0. 173.212 0. 0. -1. 0.
-0.289 0.957 0. -166.167 0.957 0.289 0. 175.814 0. 0. -1. 0.
-0.251 0.968 0. -167.152 0.968 0.251 0. 178.238 0. 0. -1. 0.
-0.219 0.976 0. -167.454 0.976 0.219 0. 180.857 0. 0. -1. 0.
-0.191 0.982 0. -168.193 0.982 0.191 0. 183.452 0. 0. -1. 0.
-0.173 0.985 0. -168.196 0.985 0.173 0. 186.164 0. 0. -1. 0.
-0.167 0.986 0. -168.786 0.986 0.167 0. 188.771 0. 0. -1. 0.
-0.163 0.987 0. -168.900 0.987 0.163 0. 191.526 0. 0. -1. 0.
-0.160 0.987 0. -169.436 0.987 0.160 0. 194.141 0. 0. -1. 0.
-0.167 0.986 0. -169.818 0.986 0.167 0. 196.786 0. 0. -1. 0.
-0.182 0.983 0. -170.180 0.983 0.182 0. 199.456 0. 0. -1. 0.
-0.197 0.980 0. -170.680 0.980 0.197 0. 202.090 0. 0. -1. 0.
-0.219 0.976 0. -171.018 0.976 0.219 0. 204.599 0. 0. -1. 0.
-0.243 0.970 0. -171.821 0.970 0.243 0. 207.115 0. 0. -1. 0.
-0.281 0.960 0. -172.432 0.960 0.281 0. 209.603 0. 0. -1. 0.
-0.331 0.944 0. -173.108 0.944 0.331 0. 212.005 0. 0. -1. 0.
-0.383 0.924 0. -174.138 0.924 0.383 0. 214.393 0. 0. -1. 0.
-0.448 0.894 0. -175.031 0.894 0.448 0. 216.659 0. 0. -1. 0.
-0.522 0.853 0. -176.239 0.853 0.522 0. 218.856 0. 0. -1. 0.
-0.594 0.804 0. -177.642 0.804 0.594 0. 220.772 0. 0. -1. 0.
-0.661 0.750 0. -179.215 0.750 0.661 0. 222.477 0. 0. -1. 0.
-0.729 0.684 0. -180.938 0.684 0.729 0. 224.142 0. 0. -1. 0.
-0.789 0.615 0. -183.052 0.615 0.789 0. 225.594 0. 0. -1. 0.
-0.842 0.539 0. -184.825 0.539 0.842 0. 226.938 0. 0. -1. 0.
-0.883 0.469 0. -186.810 0.469 0.883 0. 228.103 0. 0. -1. 0.
-0.915 0.403 0. -188.866 0.403 0.915 0. 229.051 0. 0. -1. 0.
-0.939 0.343 0. -191.087 0.343 0.939 0. 229.854 0. 0. -1. 0.
-0.953 0.304 0. -193.275 0.304 0.953 0. 230.702 0. 0. -1. 0.
-0.960 0.279 0. -195.583 0.279 0.960 0. 231.489 0. 0. -1. 0.
-0.966 0.257 0. -197.962 0.257 0.966 0. 232.126 0. 0. -1. 0.
-0.970 0.245 0. -200.253 0.245 0.970 0. 232.790 0. 0. -1. 0.
-0.971 0.241 0. -202.698 0.241 0.971 0. 233.372 0. 0. -1. 0.
-0.971 0.238 0. -205.260 0.238 0.971 0. 234.022 0. 0. -1. 0.
-0.973 0.232 0. -207.865 0.232 0.973 0. 234.691 0. 0. -1. 0.
-0.972 0.236 0. -210.387 0.236 0.972 0. 235.399 0. 0. -1. 0.
-0.970 0.244 0. -212.970 0.244 0.970 0. 236.024 0. 0. -1. 0.
-0.969 0.247 0. -215.520 0.247 0.969 0. 236.851 0. 0. -1. 0.
-0.970 0.243 0. -218.090 0.243 0.970 0. 237.486 0. 0. -1. 0.
-0.971 0.240 0. -220.766 0.240 0.971 0. 238.067 0. 0. -1. 0.
-0.971 0.238 0. -223.323 0.238 0.971 0. 238.746 0. 0. -1. 0.
-0.972 0.234 0. -225.832 0.234 0.972 0. 239.420 0. 0. -1. 0.
-0.973 0.233 0. -228.474 0.233 0.973 0. 240.001 0. 0. -1. 0.
-0.973 0.232 0. -230.798 0.232 0.973 0. 240.626 0. 0. -1. 0.
-0.971 0.238 0. -233.116 0.238 0.971 0. 241.256 0. 0. -1. 0.
-0.969 0.248 0. -235.317 0.248 0.969 0. 241.825 0. 0. -1. 0.
-0.964 0.267 0. -237.440 0.267 0.964 0. 242.402 0. 0. -1. 0.
-0.958 0.285 0. -239.338 0.285 0.958 0. 242.978 0. 0. -1. 0.
-0.956 0.294 0. -241.243 0.294 0.956 0. 243.666 0. 0. -1. 0.
-0.950 0.313 0. -242.946 0.313 0.950 0. 244.216 0. 0. -1. 0.
-0.943 0.333 0. -244.611 0.333 0.943 0. 244.841 0. 0. -1. 0.
-0.935 0.354 0. -246.153 0.354 0.935 0. 245.429 0. 0. -1. 0.
-0.931 0.365 0. -247.549 0.365 0.931 0. 246.036 0. 0. -1. 0.
-0.930 0.368 0. -248.979 0.368 0.930 0. 246.605 0. 0. -1. 0.
-0.930 0.369 0. -250.266 0.369 0.930 0. 247.137 0. 0. -1. 0.
-0.928 0.372 0. -251.522 0.372 0.928 0. 247.573 0. 0. -1. 0.
-0.928 0.372 0. -252.575 0.372 0.928 0. 248.064 0. 0. -1. 0.
-0.928 0.373 0. -253.662 0.373 0.928 0. 248.503 0. 0. -1. 0.
-0.929 0.369 0. -254.636 0.369 0.929 0. 248.892 0. 0. -1. 0.
-0.927 0.376 0. -255.487 0.376 0.927 0. 249.348 0. 0. -1. 0.
-0.926 0.377 0. -256.250 0.377 0.926 0. 249.664 0. 0. -1. 0.
-0.923 0.384 0. -256.970 0.384 0.923 0. 249.975 0. 0. -1. 0.
-0.923 0.385 0. -257.517 0.385 0.923 0. 250.184 0. 0. -1. 0.
-0.923 0.384 0. -258.094 0.384 0.923 0. 250.519 0. 0. -1. 0.
-0.923 0.386 0. -258.463 0.386 0.923 0. 250.723 0. 0. -1. 0.
-0.921 0.390 0. -258.870 0.390 0.921 0. 250.871 0. 0. -1. 0.
-0.922 0.388 0. -259.187 0.388 0.922 0. 251.001 0. 0. -1. 0.
-0.923 0.384 0. -259.429 0.384 0.923 0. 251.117 0. 0. -1. 0.
-0.922 0.388 0. -259.770 0.388 0.922 0. 251.194 0. 0. -1. 0.
-0.922 0.387 0. -259.971 0.387 0.922 0. 251.372 0. 0. -1. 0.
-0.921 0.389 0. -260.307 0.389 0.921 0. 251.411 0. 0. -1. 0.
-0.921 0.390 0. -260.528 0.390 0.921 0. 251.549 0. 0. -1. 0.
-0.920 0.392 0. -260.812 0.392 0.920 0. 251.616 0. 0. -1. 0.
-0.918 0.396 0. -261.120 0.396 0.918 0. 251.613 0. 0. -1. 0.
-0.919 0.395 0. -261.338 0.395 0.919 0. 251.867 0. 0. -1. 0.
-0.916 0.402 0. -261.693 0.402 0.916 0. 252.034 0. 0. -1. 0.
-0.912 0.410 0. -262.047 0.410 0.912 0. 252.209 0. 0. -1. 0.
-0.912 0.409 0. -262.435 0.409 0.912 0. 252.366 0. 0. -1. 0.
-0.902 0.432 0. -263.013 0.432 0.902 0. 252.754 0. 0. -1. 0.
-0.891 0.454 0. -263.471 0.454 0.891 0. 252.877 0. 0. -1. 0.
-0.870 0.492 0. -264.040 0.492 0.870 0. 253.298 0. 0. -1. 0.
-0.842 0.539 0. -264.718 0.539 0.842 0. 253.783 0. 0. -1. 0.
-0.800 0.601 0. -265.256 0.601 0.800 0. 254.158 0. 0. -1. 0.
-0.750 0.662 0. -265.847 0.662 0.750 0. 254.690 0. 0. -1. 0.
-0.678 0.735 0. -266.400 0.735 0.678 0. 255.415 0. 0. -1. 0.
-0.595 0.804 0. -266.939 0.804 0.595 0. 256.181 0. 0. -1. 0.
-0.508 0.862 0. -267.377 0.862 0.508 0. 256.923 0. 0. -1. 0.
-0.420 0.908 0. -267.634 0.908 0.420 0. 257.992 0. 0. -1. 0.
-0.325 0.946 0. -268.054 0.946 0.325 0. 259.069 0. 0. -1. 0.
-0.242 0.970 0. -268.234 0.970 0.242 0. 260.200 0. 0. -1. 0.
-0.165 0.986 0. -268.417 0.986 0.165 0. 261.535 0. 0. -1. 0.
-0.094 0.996 0. -268.544 0.996 0.094 0. 262.932 0. 0. -1. 0.
-0.018 1.000 0. -268.616 1.000 0.018 0. 264.437 0. 0. -1. 0.
0.040 0.999 0. -268.455 0.999 -0.040 -0. 266.056 0. 0. -1. 0.
0.090 0.996 0. -268.267 0.996 -0.090 -0. 267.876 0. 0. -1. 0.
0.126 0.992 0. -267.932 0.992 -0.126 -0. 269.751 0. 0. -1. 0.
0.143 0.990 0. -267.584 0.990 -0.143 -0. 271.717 0. 0. -1. 0.
0.168 0.986 0. -267.185 0.986 -0.168 -0. 273.945 0. 0. -1. 0.
0.174 0.985 0. -266.762 0.985 -0.174 -0. 276.171 0. 0. -1. 0.
0.182 0.983 0. -266.298 0.983 -0.182 -0. 278.508 0. 0. -1. 0.
0.182 0.983 0. -265.790 0.983 -0.182 -0. 280.963 0. 0. -1. 0.
0.186 0.983 0. -265.280 0.983 -0.186 -0. 283.467 0. 0. -1. 0.
0.187 0.982 0. -264.752 0.982 -0.187 -0. 286.032 0. 0. -1. 0.
0.187 0.982 0. -264.128 0.982 -0.187 -0. 288.644 0. 0. -1. 0.
0.191 0.981 0. -263.623 0.981 -0.191 -0. 291.336 0. 0. -1. 0.
0.189 0.982 0. -263.038 0.982 -0.189 -0. 294.082 0. 0. -1. 0.
0.194 0.981 0. -262.440 0.981 -0.194 -0. 296.911 0. 0. -1. 0.
0.198 0.980 0. -261.769 0.980 -0.198 -0. 299.873 0. 0. -1. 0.
0.195 0.981 0. -261.117 0.981 -0.195 -0. 302.821 0. 0. -1. 0.
0.196 0.981 0. -260.465 0.981 -0.196 -0. 305.911 0. 0. -1. 0.
0.203 0.979 0. -259.801 0.979 -0.203 -0. 309.042 0. 0. -1. 0.
0.195 0.981 0. -259.120 0.981 -0.195 -0. 312.211 0. 0. -1. 0.
0.201 0.980 0. -258.429 0.980 -0.201 -0. 315.493 0. 0. -1. 0.
0.210 0.978 0. -257.638 0.978 -0.210 -0. 318.739 0. 0. -1. 0.
0.204 0.979 0. -256.882 0.979 -0.204 -0. 321.977 0. 0. -1. 0.
0.213 0.977 0. -256.105 0.977 -0.213 -0. 325.251 0. 0. -1. 0.
0.212 0.977 0. -255.387 0.977 -0.212 -0. 328.501 0. 0. -1. 0.
0.213 0.977 0. -254.543 0.977 -0.213 -0. 331.711 0. 0. -1. 0.
0.210 0.978 0. -253.826 0.978 -0.210 -0. 334.909 0. 0. -1. 0.
0.214 0.977 0. -253.078 0.977 -0.214 -0. 338.159 0. 0. -1. 0.
0.214 0.977 0. -252.250 0.977 -0.214 -0. 341.324 0. 0. -1. 0.
0.209 0.978 0. -251.531 0.978 -0.209 -0. 344.521 0. 0. -1. 0.
0.212 0.977 0. -250.804 0.977 -0.212 -0. 347.706 0. 0. -1. 0.
0.210 0.978 0. -249.966 0.978 -0.210 -0. 350.752 0. 0. -1. 0.
0.211 0.978 0. -249.391 0.978 -0.211 -0. 353.933 0. 0. -1. 0.
0.208 0.978 0. -248.492 0.978 -0.208 -0. 356.931 0. 0. -1. 0.
0.209 0.978 0. -247.857 0.978 -0.209 -0. 360.039 0. 0. -1. 0.
0.210 0.978 0. -247.113 0.978 -0.210 -0. 363.045 0. 0. -1. 0.
0.215 0.977 0. -246.484 0.977 -0.215 -0. 366.084 0. 0. -1. 0.
0.216 0.976 0. -245.783 0.976 -0.216 -0. 369.073 0. 0. -1. 0.
0.208 0.978 0. -245.021 0.978 -0.208 -0. 372.027 0. 0. -1. 0.
0.209 0.978 0. -244.341 0.978 -0.209 -0. 374.967 0. 0. -1. 0.
0.214 0.977 0. -243.676 0.977 -0.214 -0. 377.860 0. 0. -1. 0.
0.216 0.976 0. -242.937 0.976 -0.216 -0. 380.725 0. 0. -1. 0.
0.205 0.979 0. -242.282 0.979 -0.205 -0. 383.582 0. 0. -1. 0.
0.206 0.979 0. -241.658 0.979 -0.206 -0. 386.509 0. 0. -1. 0.
0.201 0.980 0. -240.944 0.980 -0.201 -0. 389.222 0. 0. -1. 0.
0.200 0.980 0. -240.375 0.980 -0.200 -0. 392.065 0. 0. -1. 0.
0.202 0.979 0. -239.744 0.979 -0.202 -0. 394.867 0. 0. -1. 0.
0.201 0.980 0. -239.244 0.980 -0.201 -0. 397.614 0. 0. -1. 0.
0.195 0.981 0. -238.556 0.981 -0.195 -0. 400.286 0. 0. -1. 0.
0.194 0.981 0. -237.970 0.981 -0.194 -0. 402.964 0. 0. -1. 0.
0.191 0.982 0. -237.396 0.982 -0.191 -0. 405.643 0. 0. -1. 0.
0.189 0.982 0. -236.815 0.982 -0.189 -0. 408.156 0. 0. -1. 0.
0.192 0.981 0. -236.352 0.981 -0.192 -0. 410.738 0. 0. -1. 0.
0.197 0.980 0. -235.788 0.980 -0.197 -0. 413.175 0. 0. -1. 0.
0.197 0.980 0. -235.283 0.980 -0.197 -0. 415.571 0. 0. -1. 0.
0.201 0.980 0. -234.757 0.980 -0.201 -0. 417.874 0. 0. -1. 0.
0.198 0.980 0. -234.201 0.980 -0.198 -0. 420.028 0. 0. -1. 0.
0.200 0.980 0. -233.810 0.980 -0.200 -0. 422.127 0. 0. -1. 0.
0.200 0.980 0. -233.318 0.980 -0.200 -0. 424.079 0. 0. -1. 0.
0.201 0.980 0. -232.961 0.980 -0.201 -0. 426.005 0. 0. -1. 0.
0.203 0.979 0. -232.541 0.979 -0.203 -0. 427.793 0. 0. -1. 0.
0.203 0.979 0. -232.144 0.979 -0.203 -0. 429.463 0. 0. -1. 0.
0.204 0.979 0. -231.878 0.979 -0.204 -0. 431.072 0. 0. -1. 0.
0.204 0.979 0. -231.484 0.979 -0.204 -0. 432.604 0. 0. -1. 0.
0.202 0.979 0. -231.086 0.979 -0.202 -0. 433.971 0. 0. -1. 0.
0.205 0.979 0. -230.909 0.979 -0.205 -0. 435.304 0. 0. -1. 0.
0.201 0.980 0. -230.512 0.980 -0.201 -0. 436.557 0. 0. -1. 0.
0.197 0.980 0. -230.332 0.980 -0.197 -0. 437.720 0. 0. -1. 0.
0.194 0.981 0. -230.053 0.981 -0.194 -0. 438.823 0. 0. -1. 0.
0.195 0.981 0. -229.873 0.981 -0.195 -0. 439.795 0. 0. -1. 0.
0.195 0.981 0. -229.637 0.981 -0.195 -0. 440.692 0. 0. -1. 0.
0.195 0.981 0. -229.491 0.981 -0.195 -0. 441.676 0. 0. -1. 0.
0.194 0.981 0. -229.288 0.981 -0.194 -0. 442.455 0. 0. -1. 0.
0.193 0.981 0. -228.980 0.981 -0.193 -0. 443.170 0. 0. -1. 0.
0.194 0.981 0. -228.895 0.981 -0.194 -0. 443.956 0. 0. -1. 0.
0.193 0.981 0. -228.717 0.981 -0.193 -0. 444.576 0. 0. -1. 0.
0.197 0.980 0. -228.647 0.980 -0.197 -0. 445.280 0. 0. -1. 0.
0.196 0.981 0. -228.497 0.981 -0.196 -0. 445.756 0. 0. -1. 0.
0.201 0.980 0. -228.457 0.980 -0.201 -0. 446.385 0. 0. -1. 0.
0.203 0.979 0. -228.289 0.979 -0.203 -0. 446.858 0. 0. -1. 0.
0.206 0.979 0. -228.188 0.979 -0.206 -0. 447.242 0. 0. -1. 0.
0.204 0.979 0. -228.110 0.979 -0.204 -0. 447.577 0. 0. -1. 0.
0.200 0.980 0. -228.030 0.980 -0.200 -0. 447.881 0. 0. -1. 0.
0.202 0.979 0. -227.871 0.979 -0.202 -0. 448.066 0. 0. -1. 0.
0.210 0.978 0. -227.925 0.978 -0.210 -0. 448.332 0. 0. -1. 0.
0.204 0.979 0. -227.858 0.979 -0.204 -0. 448.463 0. 0. -1. 0.
0.205 0.979 0. -227.833 0.979 -0.205 -0. 448.598 0. 0. -1. 0.
0.209 0.978 0. -227.869 0.978 -0.209 -0. 448.690 0. 0. -1. 0.
0.206 0.979 0. -227.811 0.979 -0.206 -0. 448.707 0. 0. -1. 0.
0.202 0.979 0. -227.800 0.979 -0.202 -0. 448.734 0. 0. -1. 0.
0.204 0.979 0. -227.827 0.979 -0.204 -0. 448.754 0. 0. -1. 0.
0.206 0.978 0. -227.889 0.978 -0.206 -0. 448.764 0. 0. -1. 0.
0.205 0.979 0. -227.844 0.979 -0.205 -0. 448.737 0. 0. -1. 0.
0.204 0.979 0. -227.885 0.979 -0.204 -0. 448.750 0. 0. -1. 0.
0.207 0.978 0. -227.862 0.978 -0.207 -0. 448.778 0. 0. -1. 0.
0.206 0.979 0. -227.861 0.979 -0.206 -0. 448.787 0. 0. -1. 0.
0.202 0.979 0. -227.818 0.979 -0.202 -0. 448.729 0. 0. -1. 0.
0.202 0.979 0. -227.870 0.979 -0.202 -0. 448.759 0. 0. -1. 0.
0.206 0.979 0. -227.857 0.979 -0.206 -0. 448.749 0. 0. -1. 0.
0.205 0.979 0. -227.808 0.979 -0.205 -0. 448.686 0. 0. -1. 0.
0.207 0.978 0. -227.884 0.978 -0.207 -0. 448.760 0. 0. -1. 0.
0.205 0.979 0. -227.938 0.979 -0.205 -0. 448.781 0. 0. -1. 0.
0.206 0.979 0. -227.902 0.979 -0.206 -0. 448.761 0. 0. -1. 0.
0.207 0.978 0. -227.816 0.978 -0.207 -0. 448.737 0. 0. -1. 0.
0.206 0.979 0. -227.862 0.979 -0.206 -0. 448.752 0. 0. -1. 0.
0.202 0.979 0. -227.813 0.979 -0.202 -0. 448.707 0. 0. -1. 0.
0.201 0.980 0. -227.860 0.980 -0.201 -0. 448.744 0. 0. -1. 0.
0.206 0.978 0. -227.933 0.978 -0.206 -0. 448.786 0. 0. -1. 0.
0.209 0.978 0. -227.858 0.978 -0.209 -0. 448.743 0. 0. -1. 0.
0.205 0.979 0. -227.789 0.979 -0.205 -0. 448.744 0. 0. -1. 0.
0.206 0.979 0. -227.823 0.979 -0.206 -0. 448.748 0. 0. -1. 0.
0.203 0.979 0. -227.847 0.979 -0.203 -0. 448.693 0. 0. -1. 0.
0.202 0.979 0. -227.879 0.979 -0.202 -0. 448.766 0. 0. -1. 0.
0.204 0.979 0. -227.908 0.979 -0.204 -0. 448.716 0. 0. -1. 0.
0.205 0.979 0. -227.863 0.979 -0.205 -0. 448.776 0. 0. -1. 0.
0.204 0.979 0. -227.872 0.979 -0.204 -0. 448.732 0. 0. -1. 0.
0.207 0.978 0. -227.864 0.978 -0.207 -0. 448.730 0. 0. -1. 0.
0.206 0.979 0. -227.822 0.979 -0.206 -0. 448.740 0. 0. -1. 0.
0.205 0.979 0. -227.911 0.979 -0.205 -0. 448.774 0. 0. -1. 0.
0.204 0.979 0. -227.888 0.979 -0.204 -0. 448.746 0. 0. -1. 0.
0.201 0.980 0. -227.803 0.980 -0.201 -0. 448.730 0. 0. -1. 0.
0.202 0.979 0. -227.879 0.979 -0.202 -0. 448.763 0. 0. -1. 0.
0.202 0.979 0. -227.849 0.979 -0.202 -0. 448.700 0. 0. -1. 0.
0.207 0.978 0. -227.860 0.978 -0.207 -0. 448.773 0. 0. -1. 0.
0.205 0.979 0. -227.793 0.979 -0.205 -0. 448.713 0. 0. -1. 0.
0.205 0.979 0. -227.868 0.979 -0.205 -0. 448.718 0. 0. -1. 0.
0.205 0.979 0. -227.866 0.979 -0.205 -0. 448.763 0. 0. -1. 0.
0.208 0.978 0. -227.872 0.978 -0.208 -0. 448.742 0. 0. -1. 0.
0.205 0.979 0. -227.837 0.979 -0.205 -0. 448.666 0. 0. -1. 0.
0.203 0.979 0. -227.866 0.979 -0.203 -0. 448.780 0. 0. -1. 0.
0.205 0.979 0. -227.838 0.979 -0.205 -0. 448.725 0. 0. -1. 0.
0.209 0.978 0. -227.859 0.978 -0.209 -0. 448.729 0. 0. -1. 0.
0.204 0.979 0. -227.807 0.979 -0.204 -0. 448.757 0. 0. -1. 0.
0.202 0.979 0. -227.835 0.979 -0.202 -0. 448.770 0. 0. -1. 0.
0.205 0.979 0. -227.922 0.979 -0.205 -0. 448.766 0. 0. -1. 0.
0.202 0.979 0. -227.856 0.979 -0.202 -0. 448.750 0. 0. -1. 0.
0.208 0.978 0. -227.876 0.978 -0.208 -0. 448.777 0. 0. -1. 0.
0.203 0.979 0. -227.815 0.979 -0.203 -0. 448.723 0. 0. -1. 0.
0.208 0.978 0. -227.862 0.978 -0.208 -0. 448.780 0. 0. -1. 0.
0.203 0.979 0. -227.821 0.979 -0.203 -0. 448.710 0. 0. -1. 0.
0.207 0.978 0. -227.877 0.978 -0.207 -0. 448.789 0. 0. -1. 0.
0.205 0.979 0. -227.738 0.979 -0.205 -0. 448.651 0. 0. -1. 0.
0.209 0.978 0. -227.834 0.978 -0.209 -0. 448.731 0. 0. -1. 0.
0.207 0.978 0. -227.858 0.978 -0.207 -0. 448.731 0. 0. -1. 0.
0.210 0.978 0. -227.856 0.978 -0.210 -0. 448.770 0. 0. -1. 0.
0.203 0.979 0. -227.758 0.979 -0.203 -0. 448.647 0. 0. -1. 0.
0.207 0.978 0. -227.852 0.978 -0.207 -0. 448.765 0. 0. -1. 0.
0.209 0.978 0. -227.849 0.978 -0.209 -0. 448.730 0. 0. -1. 0.
0.210 0.978 0. -227.841 0.978 -0.210 -0. 448.726 0. 0. -1. 0.
0.206 0.979 0. -227.810 0.979 -0.206 -0. 448.727 0. 0. -1. 0.
0.205 0.979 0. -227.820 0.979 -0.205 -0. 448.728 0. 0. -1. 0.
0.205 0.979 0. -227.813 0.979 -0.205 -0. 448.720 0. 0. -1. 0.
0.206 0.978 0. -227.834 0.978 -0.206 -0. 448.713 0. 0. -1. 0.
0.204 0.979 0. -227.873 0.979 -0.204 -0. 448.744 0. 0. -1. 0.
0.204 0.979 0. -227.878 0.979 -0.204 -0. 448.754 0. 0. -1. 0.
0.208 0.978 0. -227.884 0.978 -0.208 -0. 448.766 0. 0. -1. 0.
0.201 0.980 0. -227.849 0.980 -0.201 -0. 448.726 0. 0. -1. 0.
0.201 0.980 0. -227.860 0.980 -0.201 -0. 448.807 0. 0. -1. 0.
0.206 0.979 0. -227.844 0.979 -0.206 -0. 448.805 0. 0. -1. 0.
0.209 0.978 0. -227.810 0.978 -0.209 -0. 448.855 0. 0. -1. 0.
0.203 0.979 0. -227.762 0.979 -0.203 -0. 448.969 0. 0. -1. 0.
0.205 0.979 0. -227.818 0.979 -0.205 -0. 449.082 0. 0. -1. 0.
0.205 0.979 0. -227.793 0.979 -0.205 -0. 449.136 0. 0. -1. 0.
