1. 0. 0. 0. 0. 1. 0. 0. 0. 0. 1. 0.
1. -0.000 0. -0.002 0.000 1. 0. -0.005 0. 0. 1. 0.
1. -0. 0. -0.001 0. 1. 0. 0.001 0. 0. 1. 0.
1. 0.000 0. -0.000 -0.000 1. 0. 0.001 0. 0. 1. 0.
1. 0.000 0. -0.001 -0.000 1. 0. -0.005 0. 0. 1. 0.
1. 0.000 0. 0.000 -0.000 1. 0. -0.006 0. 0. 1. 0.
1. -0. 0. 0.001 0. 1. 0. -0.005 0. 0. 1. 0.
1. 0. 0. -0.001 -0. 1. 0. -0.006 0. 0. 1. 0.
1. 0.000 0. 0.002 -0.000 1. 0. -0.006 0. 0. 1. 0.
1. 0. 0. -0.002 -0. 1. 0. -0.005 0. 0. 1. 0.
1. -0. 0. -0.004 0. 1. 0. -0.010 0. 0. 1. 0.
1. -0.000 0. 0.001 0.000 1. 0. -0.008 0. 0. 1. 0.
1. -0.000 0. 0.002 0.000 1. 0. -0.007 0. 0. 1. 0.
1. 0. 0. 0.000 -0. 1. 0. -0.009 0. 0. 1. 0.
1. 0. 0. -0.002 -0. 1. 0. -0.005 0. 0. 1. 0.
1. 0. 0. 0.001 -0. 1. 0. -0.006 0. 0. 1. 0.
1. 0.000 0. -0.004 -0.000 1. 0. -0.003 0. 0. 1. 0.
1. -0.000 0. -0.002 0.000 1. 0. -0.004 0. 0. 1. 0.
1. -0. 0. -0.006 0. 1. 0. 0.000 0. 0. 1. 0.
1. -0.000 0. 0.001 0.000 1. 0. -0.006 0. 0. 1. 0.
1. -0.000 0. -0.001 0.000 1. 0. -0.004 0. 0. 1. 0.
1. -0.000 0. 0.000 0.000 1. 0. -0.005 0. 0. 1. 0.
1. -0.000 0. 0.002 0.000 1. 0. -0.004 0. 0. 1. 0.
1. -0.000 0. 0.000 0.000 1. 0. 0. 0. 0. 1. 0.
1. 0. 0. 0.002 -0. 1. 0. -0.006 0. 0. 1. 0.
1. -0.000 0. -0.001 0.000 1. 0. -0.002 0. 0. 1. 0.
1. -0. 0. -0.000 0. 1. 0. -0.003 0. 0. 1. 0.
1. -0.000 0. -0.001 0.000 1. 0. -0.006 0. 0. 1. 0.
1. 0. 0. -0.000 -0. 1. 0. -0.001 0. 0. 1. 0.
1. -0. 0. -0.001 0. 1. 0. -0.011 0. 0. 1. 0.
1. 0. 0. -0.003 -0. 1. 0. -0.005 0. 0. 1. 0.
1. -0. 0. -0.001 0. 1. 0. -0.001 0. 0. 1. 0.
1. 0.000 0. 0.003 -0.000 1. 0. -0.010 0. 0. 1. 0.
1. -0.000 0. 0.003 0.000 1. 0. -0.005 0. 0. 1. 0.
1. -0.000 0. 0.000 0.000 1. 0. -0.004 0. 0. 1. 0.
1. -0.000 0. 0.002 0.000 1. 0. -0.004 0. 0. 1. 0.
1. -0. 0. 0.002 0. 1. 0. -0.006 0. 0. 1. 0.
1. -0.000 0. 0.001 0.000 1. 0. -0.004 0. 0. 1. 0.
1. -0.000 0. 0.003 0.000 1. 0. -0.004 0. 0. 1. 0.
1. -0.000 0. 0.001 0.000 1. 0. -0.002 0. 0. 1. 0.
1. -0.000 0. -0.001 0.000 1. 0. -0.002 0. 0. 1. 0.
1. -0.000 0. -0.001 0.000 1. 0. -0.002 0. 0. 1. 0.
1. -0.000 0. -0.002 0.000 1. 0. 0.003 0. 0. 1. 0.
1. -0.000 0. -0.004 0.000 1. 0. -0.003 0. 0. 1. 0.
1. -0.000 0. 0.001 0.000 1. 0. 0.003 0. 0. 1. 0.
1. -0.000 0. 0.004 0.000 1. 0. -0.005 0. 0. 1. 0.
1. -0.000 0. -0.008 0.000 1. 0. 0.004 0. 0. 1. 0.
1. -0. 0. -0.002 0. 1. 0. -0.007 0. 0. 1. 0.
1. -0. 0. 0.004 0. 1. 0. 0.002 0. 0. 1. 0.
1. -0.000 0. 0.002 0.000 1. 0. 0.005 0. 0. 1. 0.
1. -0.000 0. -0.002 0.000 1. 0. 0.000 0. 0. 1. 0.
1. 0. 0. 0.000 -0. 1. 0. -0.006 0. 0. 1. 0.
1. -0. 0. -0.001 0. 1. 0. -0.005 0. 0. 1. 0.
1. -0.000 0. -0.001 0.000 1. 0. -0.008 0. 0. 1. 0.
1. -0. 0. 0.000 0. 1. 0. -0.003 0. 0. 1. 0.
1. -0.000 0. -0.002 0.000 1. 0. -0.009 0. 0. 1. 0.
1. -0.000 0. -0.001 0.000 1. 0. -0.006 0. 0. 1. 0.
1. -0.000 0. -0.001 0.000 1. 0. -0.008 0. 0. 1. 0.
1. 0. 0. 0.002 -0. 1. 0. -0.006 0. 0. 1. 0.
1. -0.000 0. 0.005 0.000 1. 0. -0.004 0. 0. 1. 0.
1. -0. 0. 0.003 0. 1. 0. -0.007 0. 0. 1. 0.
1. -0.000 0. 0.008 0.000 1. 0. -0.002 0. 0. 1. 0.
1. -0. 0. -0.003 0. 1. 0. -0.004 0. 0. 1. 0.
1. -0.000 0. -0.002 0.000 1. 0. -0.008 0. 0. 1. 0.
1. -0.000 0. -0.005 0.000 1. 0. -0.006 0. 0. 1. 0.
1. 0.000 0. -0.003 -0.000 1. 0. -0.009 0. 0. 1. 0.
1. -0. 0. 0.004 0. 1. 0. -0.012 0. 0. 1. 0.
1. -0.000 0. -0.001 0.000 1. 0. -0.007 0. 0. 1. 0.
1. -0.000 0. -0.003 0.000 1. 0. -0.001 0. 0. 1. 0.
1. -0.000 0. -0.002 0.000 1. 0. -0.004 0. 0. 1. 0.
1. -0. 0. -0.003 0. 1. 0. -0.004 0. 0. 1. 0.
1. -0.000 0. -0.000 0.000 1. 0. 0.001 0. 0. 1. 0.
1. -0.000 0. 0.002 0.000 1. 0. 0.000 0. 0. 1. 0.
1. -0.000 0. 0.023 0.000 1. 0. -0.021 0. 0. 1. 0.
1. -0.001 0. 0.086 0.001 1. 0. -0.024 0. 0. 1. 0.
1. -0.003 0. 0.150 0.003 1. 0. 0.001 0. 0. 1. 0.
1. -0.012 0. 0.266 0.012 1. 0. 0.020 0. 0. 1. 0.
1.000 -0.023 0. 0.430 0.023 1.000 0. -0.024 0. 0. 1. 0.
0.999 -0.038 0. 0.658 0.038 0.999 0. -0.009 0. 0. 1. 0.
0.998 -0.058 0. 0.922 0.058 0.998 0. 0.043 0. 0. 1. 0.
0.997 -0.078 0. 1.297 0.078 0.997 0. 0.059 0. 0. 1. 0.
0.995 -0.102 0. 1.744 0.102 0.995 0. 0.192 0. 0. 1. 0.
0.992 -0.125 0. 2.267 0.125 0.992 0. 0.281 0. 0. 1. 0.
0.989 -0.146 0. 2.828 0.146 0.989 0. 0.340 0. 0. 1. 0.
0.987 -0.162 0. 3.482 0.162 0.987 0. 0.422 0. 0. 1. 0.
0.986 -0.168 0. 4.199 0.168 0.986 0. 0.497 0. 0. 1. 0.
0.986 -0.169 0. 5.009 0.169 0.986 0. 0.639 0. 0. 1. 0.
0.986 -0.165 0. 5.923 0.165 0.986 0. 0.782 0. 0. 1. 0.
0.988 -0.158 0. 6.911 0.158 0.988 0. 0.911 0. 0. 1. 0.
0.988 -0.152 0. 7.965 0.152 0.988 0. 1.026 0. 0. 1. 0.
0.990 -0.139 0. 9.077 0.139 0.990 0. 1.148 0. 0. 1. 0.
0.992 -0.127 0. 10.292 0.127 0.992 0. 1.361 0. 0. 1. 0.
0.994 -0.110 0. 11.572 0.110 0.994 0. 1.431 0. 0. 1. 0.
0.996 -0.088 0. 12.896 0.088 0.996 0. 1.532 0. 0. 1. 0.
0.998 -0.068 0. 14.300 0.068 0.998 0. 1.629 0. 0. 1. 0.
0.999 -0.047 0. 15.713 0.047 0.999 0. 1.638 0. 0. 1. 0.
1.000 -0.021 0. 17.151 0.021 1.000 0. 1.635 0. 0. 1. 0.
1. -0.002 0. 18.673 0.002 1. 0. 1.586 0. 0. 1. 0.
1. 0.007 0. 20.200 -0.007 1. 0. 1.529 0. 0. 1. 0.
1. 0.009 0. 21.801 -0.009 1. 0. 1.496 0. 0. 1. 0.
1. 0.007 0. 23.398 -0.007 1. 0. 1.521 0. 0. 1. 0.
1. 0.004 0. 25.009 -0.004 1. 0. 1.473 0. 0. 1. 0.
1. 0.004 0. 26.689 -0.004 1. 0. 1.491 0. 0. 1. 0.
1. 0.003 0. 28.377 -0.003 1. 0. 1.462 0. 0. 1. 0.
1. 0.002 0. 30.058 -0.002 1. 0. 1.451 0. 0. 1. 0.
1. 0.002 0. 31.776 -0.002 1. 0. 1.398 0. 0. 1. 0.
1. 0.003 0. 33.553 -0.003 1. 0. 1.376 0. 0. 1. 0.
1. 0.003 0. 35.348 -0.003 1. 0. 1.328 0. 0. 1. 0.
1. 0.005 0. 37.168 -0.005 1. 0. 1.306 0. 0. 1. 0.
1. 0.007 0. 39.041 -0.007 1. 0. 1.247 0. 0. 1. 0.
1. 0.006 0. 40.896 -0.006 1. 0. 1.193 0. 0. 1. 0.
1. 0.009 0. 42.783 -0.009 1. 0. 1.154 0. 0. 1. 0.
1. 0.009 0. 44.727 -0.009 1. 0. 1.090 0. 0. 1. 0.
1. 0.011 0. 46.698 -0.011 1. 0. 1.059 0. 0. 1. 0.
1. 0.012 0. 48.695 -0.012 1. 0. 1.019 0. 0. 1. 0.
1.000 0.014 0. 50.692 -0.014 1.000 0. 0.941 0. 0. 1. 0.
1. 0.014 0. 52.698 -0.014 1. 0. 0.870 0. 0. 1. 0.
1.000 0.019 0. 54.784 -0.019 1.000 0. 0.813 0. 0. 1. 0.
1.000 0.020 0. 56.895 -0.020 1.000 0. 0.746 0. 0. 1. 0.
1.000 0.021 0. 59.000 -0.021 1.000 0. 0.672 0. 0. 1. 0.
1.000 0.022 0. 61.147 -0.022 1.000 0. 0.584 0. 0. 1. 0.
1.000 0.023 0. 63.335 -0.023 1.000 0. 0.481 0. 0. 1. 0.
1.000 0.025 0. 65.572 -0.025 1.000 0. 0.473 0. 0. 1. 0.
1.000 0.026 0. 67.830 -0.026 1.000 0. 0.374 0. 0. 1. 0.
1.000 0.027 0. 70.085 -0.027 1.000 0. 0.268 0. 0. 1. 0.
1.000 0.029 0. 72.372 -0.029 1.000 0. 0.186 0. 0. 1. 0.
1.000 0.028 0. 74.667 -0.028 1.000 0. 0.089 0. 0. 1. 0.
1.000 0.029 0. 76.993 -0.029 1.000 0. -0.006 0. 0. 1. 0.
1.000 0.028 0. 79.337 -0.028 1.000 0. -0.113 0. 0. 1. 0.
1.000 0.028 0. 81.691 -0.028 1.000 0. -0.192 0. 0. 1. 0.
1.000 0.029 0. 84.055 -0.029 1.000 0. -0.271 0. 0. 1. 0.
1.000 0.028 0. 86.423 -0.028 1.000 0. -0.379 0. 0. 1. 0.
1.000 0.027 0. 88.782 -0.027 1.000 0. -0.478 0. 0. 1. 0.
1.000 0.025 0. 91.180 -0.025 1.000 0. -0.579 0. 0. 1. 0.
1.000 0.020 0. 93.553 -0.020 1.000 0. -0.702 0. 0. 1. 0.
1. 0.014 0. 95.937 -0.014 1. 0. -0.711 0. 0. 1. 0.
1. 0.004 0. 98.400 -0.004 1. 0. -0.742 0. 0. 1. 0.
1. -0.002 0. 100.776 0.002 1. 0. -0.751 0. 0. 1. 0.
1. -0.010 0. 103.215 0.010 1. 0. -0.781 0. 0. 1. 0.
1. -0.013 0. 105.594 0.013 1. 0. -0.828 0. 0. 1. 0.
1.000 -0.018 0. 108.024 0.018 1.000 0. -0.846 0. 0. 1. 0.
1.000 -0.019 0. 110.440 0.019 1.000 0. -0.818 0. 0. 1. 0.
1.000 -0.015 0. 112.898 0.015 1.000 0. -0.787 0. 0. 1. 0.
1.000 -0.015 0. 115.330 0.015 1.000 0. -0.783 0. 0. 1. 0.
1.000 -0.014 0. 117.747 0.014 1.000 0. -0.822 0. 0. 1. 0.
1. -0.014 0. 120.122 0.014 1. 0. -0.767 0. 0. 1. 0.
1. -0.011 0. 122.529 0.011 1. 0. -0.798 0. 0. 1. 0.
1. -0.011 0. 124.854 0.011 1. 0. -0.794 0. 0. 1. 0.
1. -0.011 0. 127.195 0.011 1. 0. -0.785 0. 0. 1. 0.
1. -0.011 0. 129.484 0.011 1. 0. -0.803 0. 0. 1. 0.
1. -0.011 0. 131.780 0.011 1. 0. -0.803 0. 0. 1. 0.
1. -0.010 0. 134.051 0.010 1. 0. -0.805 0. 0. 1. 0.
1. -0.009 0. 136.287 0.009 1. 0. -0.774 0. 0. 1. 0.
1. -0.009 0. 138.454 0.009 1. 0. -0.800 0. 0. 1. 0.
1. -0.010 0. 140.594 0.010 1. 0. -0.824 0. 0. 1. 0.
1. -0.009 0. 142.659 0.009 1. 0. -0.828 0. 0. 1. 0.
1. -0.009 0. 144.690 0.009 1. 0. -0.840 0. 0. 1. 0.
1. -0.010 0. 146.654 0.010 1. 0. -0.831 0. 0. 1. 0.
1. -0.009 0. 148.551 0.009 1. 0. -0.862 0. 0. 1. 0.
1. -0.009 0. 150.403 0.009 1. 0. -0.851 0. 0. 1. 0.
1. -0.007 0. 152.201 0.007 1. 0. -0.829 0. 0. 1. 0.
1. -0.007 0. 153.956 0.007 1. 0. -0.836 0. 0. 1. 0.
1. -0.006 0. 155.649 0.006 1. 0. -0.874 0. 0. 1. 0.
1. -0.006 0. 157.290 0.006 1. 0. -0.902 0. 0. 1. 0.
1. -0.007 0. 158.896 0.007 1. 0. -0.893 0. 0. 1. 0.
1. -0.008 0. 160.443 0.008 1. 0. -0.883 0. 0. 1. 0.
1. -0.008 0. 161.904 0.008 1. 0. -0.894 0. 0. 1. 0.
1. -0.007 0. 163.306 0.007 1. 0. -0.930 0. 0. 1. 0.
1. -0.007 0. 164.663 0.007 1. 0. -0.947 0. 0. 1. 0.
1. -0.011 0. 165.963 0.011 1. 0. -0.974 0. 0. 1. 0.
1. -0.013 0. 167.166 0.013 1. 0. -0.985 0. 0. 1. 0.
1. -0.013 0. 168.312 0.013 1. 0. -0.973 0. 0. 1. 0.
1.000 -0.015 0. 169.387 0.015 1.000 0. -0.955 0. 0. 1. 0.
1.000 -0.016 0. 170.410 0.016 1.000 0. -0.977 0. 0. 1. 0.
1.000 -0.017 0. 171.354 0.017 1.000 0. -0.993 0. 0. 1. 0.
1.000 -0.020 0. 172.229 0.020 1.000 0. -0.932 0. 0. 1. 0.
1.000 -0.021 0. 173.030 0.021 1.000 0. -0.948 0. 0. 1. 0.
1.000 -0.022 0. 173.771 0.022 1.000 0. -1.001 0. 0. 1. 0.
1.000 -0.022 0. 174.443 0.022 1.000 0. -0.958 0. 0. 1. 0.
1.000 -0.022 0. 175.058 0.022 1.000 0. -0.944 0. 0. 1. 0.
1.000 -0.020 0. 175.617 0.020 1.000 0. -0.959 0. 0. 1. 0.
1.000 -0.020 0. 176.108 0.020 1.000 0. -0.977 0. 0. 1. 0.
1.000 -0.021 0. 176.514 0.021 1.000 0. -0.945 0. 0. 1. 0.
1.000 -0.021 0. 176.852 0.021 1.000 0. -0.959 0. 0. 1. 0.
1.000 -0.021 0. 177.146 0.021 1.000 0. -0.938 0. 0. 1. 0.
1.000 -0.020 0. 177.361 0.020 1.000 0. -0.950 0. 0. 1. 0.
1.000 -0.020 0. 177.567 0.020 1.000 0. -0.942 0. 0. 1. 0.
1.000 -0.020 0. 177.774 0.020 1.000 0. -0.914 0. 0. 1. 0.
1.000 -0.020 0. 177.944 0.020 1.000 0. -0.900 0. 0. 1. 0.
1.000 -0.021 0. 178.077 0.021 1.000 0. -0.927 0. 0. 1. 0.
1.000 -0.021 0. 178.188 0.021 1.000 0. -0.952 0. 0. 1. 0.
1.000 -0.021 0. 178.280 0.021 1.000 0. -0.914 0. 0. 1. 0.
1.000 -0.021 0. 178.368 0.021 1.000 0. -0.936 0. 0. 1. 0.
1.000 -0.023 0. 178.437 0.023 1.000 0. -0.946 0. 0. 1. 0.
1.000 -0.021 0. 178.524 0.021 1.000 0. -0.928 0. 0. 1. 0.
1.000 -0.021 0. 178.582 0.021 1.000 0. -0.925 0. 0. 1. 0.
1.000 -0.022 0. 178.690 0.022 1.000 0. -0.925 0. 0. 1. 0.
1.000 -0.022 0. 178.784 0.022 1.000 0. -0.927 0. 0. 1. 0.
1.000 -0.022 0. 178.914 0.022 1.000 0. -0.919 0. 0. 1. 0.
1.000 -0.022 0. 179.072 0.022 1.000 0. -0.922 0. 0. 1. 0.
1.000 -0.021 0. 179.294 0.021 1.000 0. -0.922 0. 0. 1. 0.
1.000 -0.022 0. 179.536 0.022 1.000 0. -0.914 0. 0. 1. 0.
1.000 -0.021 0. 179.828 0.021 1.000 0. -0.918 0. 0. 1. 0.
1.000 -0.021 0. 180.148 0.021 1.000 0. -0.922 0. 0. 1. 0.
1.000 -0.022 0. 180.559 0.022 1.000 0. -0.916 0. 0. 1. 0.
1.000 -0.020 0. 181.008 0.020 1.000 0. -0.928 0. 0. 1. 0.
1.000 -0.019 0. 181.546 0.019 1.000 0. -0.923 0. 0. 1. 0.
1.000 -0.018 0. 182.133 0.018 1.000 0. -0.941 0. 0. 1. 0.
1.000 -0.015 0. 182.804 0.015 1.000 0. -0.921 0. 0. 1. 0.
1. -0.014 0. 183.549 0.014 1. 0. -0.940 0. 0. 1. 0.
1.000 -0.015 0. 184.383 0.015 1.000 0. -0.932 0. 0. 1. 0.
1. -0.013 0. 185.345 0.013 1. 0. -0.901 0. 0. 1. 0.
1. -0.012 0. 186.387 0.012 1. 0. -0.923 0. 0. 1. 0.
1. -0.011 0. 187.500 0.011 1. 0. -0.959 0. 0. 1. 0.
1. -0.008 0. 188.731 0.008 1. 0. -0.962 0. 0. 1. 0.
1. -0.008 0. 190.054 0.008 1. 0. -0.980 0. 0. 1. 0.
1. -0.007 0. 191.442 0.007 1. 0. -0.994 0. 0. 1. 0.
1. -0.007 0. 192.927 0.007 1. 0. -0.986 0. 0. 1. 0.
1. -0.008 0. 194.509 0.008 1. 0. -1.012 0. 0. 1. 0.
1. -0.005 0. 196.112 0.005 1. 0. -1.042 0. 0. 1. 0.
1. -0.006 0. 197.770 0.006 1. 0. -1.032 0. 0. 1. 0.
1. -0.006 0. 199.519 0.006 1. 0. -1.083 0. 0. 1. 0.
1. -0.008 0. 201.285 0.008 1. 0. -1.066 0. 0. 1. 0.
1. -0.007 0. 203.065 0.007 1. 0. -1.068 0. 0. 1. 0.
1. -0.008 0. 204.906 0.008 1. 0. -1.061 0. 0. 1. 0.
1. -0.009 0. 206.838 0.009 1. 0. -1.079 0. 0. 1. 0.
1. -0.010 0. 208.754 0.010 1. 0. -1.068 0. 0. 1. 0.
1. -0.014 0. 210.716 0.014 1. 0. -1.024 0. 0. 1. 0.
1.000 -0.018 0. 212.671 0.018 1.000 0. -1.003 0. 0. 1. 0.
1.000 -0.022 0. 214.655 0.022 1.000 0. -1.012 0. 0. 1. 0.
1.000 -0.028 0. 216.639 0.028 1.000 0. -0.960 0. 0. 1. 0.
0.999 -0.033 0. 218.630 0.033 0.999 0. -0.937 0. 0. 1. 0.
0.999 -0.040 0. 220.633 0.040 0.999 0. -0.878 0. 0. 1. 0.
0.999 -0.047 0. 222.656 0.047 0.999 0. -0.863 0. 0. 1. 0.
0.998 -0.055 0. 224.659 0.055 0.998 0. -0.800 0. 0. 1. 0.
0.998 -0.067 0. 226.696 0.067 0.998 0. -0.659 0. 0. 1. 0.
0.997 -0.078 0. 228.764 0.078 0.997 0. -0.539 0. 0. 1. 0.
0.996 -0.089 0. 230.797 0.089 0.996 0. -0.305 0. 0. 1. 0.
0.995 -0.097 0. 232.822 0.097 0.995 0. -0.204 0. 0. 1. 0.
0.994 -0.106 0. 234.859 0.106 0.994 0. 0.035 0. 0. 1. 0.
0.994 -0.112 0. 236.983 0.112 0.994 0. 0.210 0. 0. 1. 0.
0.993 -0.118 0. 239.058 0.118 0.993 0. 0.482 0. 0. 1. 0.
0.992 -0.123 0. 241.064 0.123 0.992 0. 0.771 0. 0. 1. 0.
0.992 -0.123 0. 243.177 0.123 0.992 0. 1.045 0. 0. 1. 0.
0.993 -0.122 0. 245.279 0.122 0.993 0. 1.254 0. 0. 1. 0.
0.993 -0.122 0. 247.382 0.122 0.993 0. 1.443 0. 0. 1. 0.
0.992 -0.124 0. 249.470 0.124 0.992 0. 1.703 0. 0. 1. 0.
0.992 -0.122 0. 251.585 0.122 0.992 0. 1.920 0. 0. 1. 0.
0.992 -0.123 0. 253.701 0.123 0.992 0. 2.203 0. 0. 1. 0.
0.993 -0.121 0. 255.860 0.121 0.993 0. 2.399 0. 0. 1. 0.
0.993 -0.121 0. 258.006 0.121 0.993 0. 2.589 0. 0. 1. 0.
0.993 -0.120 0. 260.211 0.120 0.993 0. 2.882 0. 0. 1. 0.
0.993 -0.120 0. 262.394 0.120 0.993 0. 3.096 0. 0. 1. 0.
0.993 -0.120 0. 264.613 0.120 0.993 0. 3.277 0. 0. 1. 0.
0.993 -0.120 0. 266.820 0.120 0.993 0. 3.620 0. 0. 1. 0.
0.993 -0.119 0. 269.083 0.119 0.993 0. 3.759 0. 0. 1. 0.
0.993 -0.117 0. 271.278 0.117 0.993 0. 4.013 0. 0. 1. 0.
0.993 -0.119 0. 273.537 0.119 0.993 0. 4.313 0. 0. 1. 0.
0.993 -0.119 0. 275.813 0.119 0.993 0. 4.589 0. 0. 1. 0.
0.993 -0.117 0. 278.120 0.117 0.993 0. 4.736 0. 0. 1. 0.
0.993 -0.117 0. 280.410 0.117 0.993 0. 5.019 0. 0. 1. 0.
0.993 -0.114 0. 282.688 0.114 0.993 0. 5.314 0. 0. 1. 0.
0.993 -0.116 0. 285.028 0.116 0.993 0. 5.531 0. 0. 1. 0.
0.993 -0.117 0. 287.356 0.117 0.993 0. 5.797 0. 0. 1. 0.
0.992 -0.122 0. 289.738 0.122 0.992 0. 5.988 0. 0. 1. 0.
0.992 -0.127 0. 292.103 0.127 0.992 0. 6.229 0. 0. 1. 0.
0.991 -0.132 0. 294.487 0.132 0.991 0. 6.530 0. 0. 1. 0.
0.991 -0.137 0. 296.786 0.137 0.991 0. 6.784 0. 0. 1. 0.
0.991 -0.137 0. 299.125 0.137 0.991 0. 7.046 0. 0. 1. 0.
0.991 -0.137 0. 301.427 0.137 0.991 0. 7.344 0. 0. 1. 0.
0.991 -0.134 0. 303.754 0.134 0.991 0. 7.655 0. 0. 1. 0.
0.992 -0.129 0. 305.990 0.129 0.992 0. 7.826 0. 0. 1. 0.
0.992 -0.128 0. 308.221 0.128 0.992 0. 8.053 0. 0. 1. 0.
0.992 -0.127 0. 310.400 0.127 0.992 0. 8.261 0. 0. 1. 0.
0.992 -0.126 0. 312.509 0.126 0.992 0. 8.579 0. 0. 1. 0.
0.992 -0.125 0. 314.573 0.125 0.992 0. 8.788 0. 0. 1. 0.
0.992 -0.123 0. 316.586 0.123 0.992 0. 8.988 0. 0. 1. 0.
0.992 -0.123 0. 318.554 0.123 0.992 0. 9.182 0. 0. 1. 0.
0.993 -0.122 0. 320.481 0.122 0.993 0. 9.423 0. 0. 1. 0.
0.993 -0.119 0. 322.391 0.119 0.993 0. 9.645 0. 0. 1. 0.
0.993 -0.117 0. 324.241 0.117 0.993 0. 9.761 0. 0. 1. 0.
0.993 -0.116 0. 326.013 0.116 0.993 0. 9.950 0. 0. 1. 0.
0.993 -0.114 0. 327.747 0.114 0.993 0. 10.137 0. 0. 1. 0.
0.994 -0.113 0. 329.421 0.113 0.994 0. 10.307 0. 0. 1. 0.
0.994 -0.110 0. 331.119 0.110 0.994 0. 10.426 0. 0. 1. 0.
0.994 -0.109 0. 332.719 0.109 0.994 0. 10.580 0. 0. 1. 0.
0.994 -0.105 0. 334.250 0.105 0.994 0. 10.740 0. 0. 1. 0.
0.995 -0.100 0. 335.812 0.100 0.995 0. 10.795 0. 0. 1. 0.
0.996 -0.095 0. 337.224 0.095 0.996 0. 10.980 0. 0. 1. 0.
0.996 -0.091 0. 338.616 0.091 0.996 0. 11.051 0. 0. 1. 0.
0.996 -0.088 0. 339.974 0.088 0.996 0. 11.164 0. 0. 1. 0.
0.996 -0.085 0. 341.281 0.085 0.996 0. 11.239 0. 0. 1. 0.
0.996 -0.084 0. 342.523 0.084 0.996 0. 11.278 0. 0. 1. 0.
0.997 -0.079 0. 343.704 0.079 0.997 0. 11.321 0. 0. 1. 0.
0.997 -0.078 0. 344.808 0.078 0.997 0. 11.399 0. 0. 1. 0.
0.997 -0.077 0. 345.892 0.077 0.997 0. 11.501 0. 0. 1. 0.
0.997 -0.075 0. 346.888 0.075 0.997 0. 11.580 0. 0. 1. 0.
0.997 -0.072 0. 347.846 0.072 0.997 0. 11.646 0. 0. 1. 0.
0.998 -0.068 0. 348.732 0.068 0.998 0. 11.699 0. 0. 1. 0.
0.998 -0.060 0. 349.560 0.060 0.998 0. 11.762 0. 0. 1. 0.
0.999 -0.048 0. 350.328 0.048 0.999 0. 11.796 0. 0. 1. 0.
0.999 -0.036 0. 351.045 0.036 0.999 0. 11.704 0. 0. 1. 0.
1.000 -0.026 0. 351.694 0.026 1.000 0. 11.701 0. 0. 1. 0.
1.000 -0.019 0. 352.352 0.019 1.000 0. 11.704 0. 0. 1. 0.
1. -0.011 0. 352.918 0.011 1. 0. 11.684 0. 0. 1. 0.
1. -0.005 0. 353.458 0.005 1. 0. 11.709 0. 0. 1. 0.
1. -0.004 0. 353.933 0.004 1. 0. 11.647 0. 0. 1. 0.
1. -0.001 0. 354.330 0.001 1. 0. 11.568 0. 0. 1. 0.
1. -0.001 0. 354.636 0.001 1. 0. 11.602 0. 0. 1. 0.
1. -0.002 0. 354.872 0.002 1. 0. 11.615 0. 0. 1. 0.
1. 0.003 0. 355.047 -0.003 1. 0. 11.626 0. 0. 1. 0.
1. 0.001 0. 355.177 -0.001 1. 0. 11.632 0. 0. 1. 0.
1. 0.001 0. 355.277 -0.001 1. 0. 11.619 0. 0. 1. 0.
1. 0.002 0. 355.382 -0.002 1. 0. 11.605 0. 0. 1. 0.
1. 0.004 0. 355.545 -0.004 1. 0. 11.599 0. 0. 1. 0.
1. 0.006 0. 355.715 -0.006 1. 0. 11.627 0. 0. 1. 0.
1. 0.010 0. 355.914 -0.010 1. 0. 11.602 0. 0. 1. 0.
1.000 0.015 0. 356.174 -0.015 1.000 0. 11.581 0. 0. 1. 0.
1.000 0.019 0. 356.479 -0.019 1.000 0. 11.530 0. 0. 1. 0.
1.000 0.026 0. 356.868 -0.026 1.000 0. 11.499 0. 0. 1. 0.
0.999 0.036 0. 357.295 -0.036 0.999 0. 11.475 0. 0. 1. 0.
0.999 0.041 0. 357.780 -0.041 0.999 0. 11.467 0. 0. 1. 0.
0.999 0.050 0. 358.273 -0.050 0.999 0. 11.393 0. 0. 1. 0.
0.998 0.055 0. 358.871 -0.055 0.998 0. 11.388 0. 0. 1. 0.
0.998 0.059 0. 359.461 -0.059 0.998 0. 11.372 0. 0. 1. 0.
0.998 0.061 0. 360.144 -0.061 0.998 0. 11.298 0. 0. 1. 0.
0.998 0.064 0. 360.870 -0.064 0.998 0. 11.240 0. 0. 1. 0.
0.998 0.066 0. 361.654 -0.066 0.998 0. 11.196 0. 0. 1. 0.
0.998 0.069 0. 362.507 -0.069 0.998 0. 11.091 0. 0. 1. 0.
0.998 0.068 0. 363.432 -0.068 0.998 0. 11.032 0. 0. 1. 0.
0.998 0.070 0. 364.410 -0.070 0.998 0. 10.903 0. 0. 1. 0.
0.998 0.068 0. 365.492 -0.068 0.998 0. 10.826 0. 0. 1. 0.
0.998 0.070 0. 366.709 -0.070 0.998 0. 10.744 0. 0. 1. 0.
0.998 0.066 0. 367.994 -0.066 0.998 0. 10.677 0. 0. 1. 0.
0.998 0.065 0. 369.325 -0.065 0.998 0. 10.498 0. 0. 1. 0.
0.998 0.060 0. 370.759 -0.060 0.998 0. 10.436 0. 0. 1. 0.
0.998 0.057 0. 372.221 -0.057 0.998 0. 10.312 0. 0. 1. 0.
0.998 0.056 0. 373.809 -0.056 0.998 0. 10.216 0. 0. 1. 0.
0.998 0.057 0. 375.422 -0.057 0.998 0. 10.104 0. 0. 1. 0.
0.998 0.055 0. 377.102 -0.055 0.998 0. 9.927 0. 0. 1. 0.
0.998 0.056 0. 378.825 -0.056 0.998 0. 9.878 0. 0. 1. 0.
0.998 0.056 0. 380.605 -0.056 0.998 0. 9.733 0. 0. 1. 0.
0.998 0.056 0. 382.418 -0.056 0.998 0. 9.665 0. 0. 1. 0.
0.999 0.054 0. 384.277 -0.054 0.999 0. 9.574 0. 0. 1. 0.
0.999 0.052 0. 386.154 -0.052 0.999 0. 9.507 0. 0. 1. 0.
0.999 0.051 0. 388.050 -0.051 0.999 0. 9.327 0. 0. 1. 0.
0.999 0.050 0. 389.958 -0.050 0.999 0. 9.193 0. 0. 1. 0.
0.999 0.047 0. 391.913 -0.047 0.999 0. 9.050 0. 0. 1. 0.
0.999 0.043 0. 393.880 -0.043 0.999 0. 8.917 0. 0. 1. 0.
0.999 0.040 0. 395.796 -0.040 0.999 0. 8.849 0. 0. 1. 0.
0.999 0.038 0. 397.706 -0.038 0.999 0. 8.713 0. 0. 1. 0.
0.999 0.035 0. 399.602 -0.035 0.999 0. 8.638 0. 0. 1. 0.
0.999 0.033 0. 401.447 -0.033 0.999 0. 8.553 0. 0. 1. 0.
1.000 0.030 0. 403.289 -0.030 1.000 0. 8.495 0. 0. 1. 0.
1.000 0.028 0. 405.100 -0.028 1.000 0. 8.425 0. 0. 1. 0.
1.000 0.025 0. 406.904 -0.025 1.000 0. 8.350 0. 0. 1. 0.
1.000 0.023 0. 408.668 -0.023 1.000 0. 8.261 0. 0. 1. 0.
1.000 0.020 0. 410.392 -0.020 1.000 0. 8.238 0. 0. 1. 0.
1.000 0.019 0. 412.110 -0.019 1.000 0. 8.168 0. 0. 1. 0.
1.000 0.015 0. 413.833 -0.015 1.000 0. 8.121 0. 0. 1. 0.
1. 0.013 0. 415.497 -0.013 1. 0. 8.041 0. 0. 1. 0.
1. 0.011 0. 417.178 -0.011 1. 0. 7.987 0. 0. 1. 0.
1. 0.010 0. 418.855 -0.010 1. 0. 7.963 0. 0. 1. 0.
1. 0.007 0. 420.506 -0.007 1. 0. 7.933 0. 0. 1. 0.
1. 0.005 0. 422.123 -0.005 1. 0. 7.915 0. 0. 1. 0.
1. 0.002 0. 423.748 -0.002 1. 0. 7.873 0. 0. 1. 0.
1. 0.000 0. 425.333 -0.000 1. 0. 7.869 0. 0. 1. 0.
1. -0.001 0. 426.928 0.001 1. 0. 7.822 0. 0. 1. 0.
1. -0.001 0. 428.518 0.001 1. 0. 7.819 0. 0. 1. 0.
1. -0.001 0. 430.015 0.001 1. 0. 7.803 0. 0. 1. 0.
1. -0.001 0. 431.574 0.001 1. 0. 7.723 0. 0. 1. 0.
1. -0.003 0. 433.114 0.003 1. 0. 7.756 0. 0. 1. 0.
1. -0.005 0. 434.608 0.005 1. 0. 7.703 0. 0. 1. 0.
1. -0.008 0. 436.127 0.008 1. 0. 7.712 0. 0. 1. 0.
1. -0.008 0. 437.670 0.008 1. 0. 7.678 0. 0. 1. 0.
1. -0.010 0. 439.235 0.010 1. 0. 7.672 0. 0. 1. 0.
1. -0.010 0. 440.846 0.010 1. 0. 7.696 0. 0. 1. 0.
1. -0.012 0. 442.473 0.012 1. 0. 7.680 0. 0. 1. 0.
1. -0.014 0. 444.087 0.014 1. 0. 7.690 0. 0. 1. 0.
1.000 -0.018 0. 445.702 0.018 1.000 0. 7.706 0. 0. 1. 0.
1.000 -0.022 0. 447.296 0.022 1.000 0. 7.696 0. 0. 1. 0.
1.000 -0.024 0. 448.873 0.024 1.000 0. 7.701 0. 0. 1. 0.
1.000 -0.029 0. 450.420 0.029 1.000 0. 7.751 0. 0. 1. 0.
1.000 -0.031 0. 451.917 0.031 1.000 0. 7.781 0. 0. 1. 0.
0.999 -0.035 0. 453.411 0.035 0.999 0. 7.795 0. 0. 1. 0.
0.999 -0.037 0. 454.856 0.037 0.999 0. 7.826 0. 0. 1. 0.
0.999 -0.039 0. 456.288 0.039 0.999 0. 7.881 0. 0. 1. 0.
0.999 -0.038 0. 457.675 0.038 0.999 0. 7.901 0. 0. 1. 0.
0.999 -0.036 0. 459.020 0.036 0.999 0. 7.920 0. 0. 1. 0.
0.999 -0.032 0. 460.299 0.032 0.999 0. 7.908 0. 0. 1. 0.
1.000 -0.025 0. 461.595 0.025 1.000 0. 7.910 0. 0. 1. 0.
1. -0.012 0. 462.804 0.012 1. 0. 7.950 0. 0. 1. 0.
1. 0.008 0. 463.989 -0.008 1. 0. 7.885 0. 0. 1. 0.
0.999 0.038 0. 465.124 -0.038 0.999 0. 7.832 0. 0. 1. 0.
0.997 0.077 0. 466.195 -0.077 0.997 0. 7.686 0. 0. 1. 0.
0.993 0.119 0. 467.227 -0.119 0.993 0. 7.494 0. 0. 1. 0.
0.986 0.169 0. 468.235 -0.169 0.986 0. 7.274 0. 0. 1. 0.
0.974 0.225 0. 469.166 -0.225 0.974 0. 7.060 0. 0. 1. 0.
0.958 0.286 0. 470.029 -0.286 0.958 0. 6.753 0. 0. 1. 0.
0.935 0.355 0. 470.828 -0.355 0.935 0. 6.427 0. 0. 1. 0.
0.902 0.431 0. 471.526 -0.431 0.902 0. 5.947 0. 0. 1. 0.
0.862 0.507 0. 472.142 -0.507 0.862 0. 5.474 0. 0. 1. 0.
0.815 0.579 0. 472.755 -0.579 0.815 0. 5.016 0. 0. 1. 0.
0.764 0.645 0. 473.192 -0.645 0.764 0. 4.492 0. 0. 1. 0.
0.708 0.706 0. 473.578 -0.706 0.708 0. 4.003 0. 0. 1. 0.
0.650 0.760 0. 473.875 -0.760 0.650 0. 3.471 0. 0. 1. 0.
0.589 0.808 0. 474.152 -0.808 0.589 0. 2.971 0. 0. 1. 0.
0.529 0.848 0. 474.399 -0.848 0.529 0. 2.443 0. 0. 1. 0.
0.469 0.883 0. 474.636 -0.883 0.469 0. 1.961 0. 0. 1. 0.
0.405 0.914 0. 474.778 -0.914 0.405 0. 1.445 0. 0. 1. 0.
0.340 0.940 0. 474.874 -0.940 0.340 0. 0.951 0. 0. 1. 0.
0.267 0.964 0. 474.964 -0.964 0.267 0. 0.438 0. 0. 1. 0.
0.183 0.983 0. 475.017 -0.983 0.183 0. -0.176 0. 0. 1. 0.
0.087 0.996 0. 475.014 -0.996 0.087 0. -0.836 0. 0. 1. 0.
-0.020 1.000 0. 474.927 -1.000 -0.020 0. -1.556 0. 0. 1. 0.
-0.137 0.991 0. 474.717 -0.991 -0.137 0. -2.365 0. 0. 1. 0.
-0.261 0.965 0. 474.377 -0.965 -0.261 0. -3.230 0. 0. 1. 0.
-0.384 0.923 0. 473.926 -0.923 -0.384 0. -4.163 0. 0. 1. 0.
-0.502 0.865 0. 473.298 -0.865 -0.502 0. -5.030 0. 0. 1. 0.
-0.609 0.793 0. 472.526 -0.793 -0.609 0. -5.917 0. 0. 1. 0.
-0.700 0.714 0. 471.631 -0.714 -0.700 0. -6.792 0. 0. 1. 0.
-0.773 0.635 0. 470.556 -0.635 -0.773 0. -7.580 0. 0. 1. 0.
-0.827 0.562 0. 469.335 -0.562 -0.827 0. -8.374 0. 0. 1. 0.
-0.860 0.510 0. 467.951 -0.510 -0.860 0. -9.125 0. 0. 1. 0.
-0.880 0.475 0. 466.390 -0.475 -0.880 0. -9.849 0. 0. 1. 0.
-0.892 0.451 0. 464.784 -0.451 -0.892 0. -10.609 0. 0. 1. 0.
-0.900 0.437 0. 463.014 -0.437 -0.900 0. -11.371 0. 0. 1. 0.
-0.904 0.429 0. 461.159 -0.429 -0.904 0. -12.188 0. 0. 1. 0.
-0.906 0.424 0. 459.189 -0.424 -0.906 0. -13.028 0. 0. 1. 0.
-0.908 0.418 0. 457.124 -0.418 -0.908 0. -13.863 0. 0. 1. 0.
-0.910 0.414 0. 454.991 -0.414 -0.910 0. -14.811 0. 0. 1. 0.
-0.911 0.411 0. 452.759 -0.411 -0.911 0. -15.781 0. 0. 1. 0.
-0.912 0.410 0. 450.413 -0.410 -0.912 0. -16.776 0. 0. 1. 0.
-0.912 0.409 0. 448.072 -0.409 -0.912 0. -17.821 0. 0. 1. 0.
-0.914 0.407 0. 445.621 -0.407 -0.914 0. -18.857 0. 0. 1. 0.
-0.915 0.403 0. 443.221 -0.403 -0.915 0. -19.895 0. 0. 1. 0.
-0.915 0.405 0. 440.777 -0.405 -0.915 0. -20.892 0. 0. 1. 0.
-0.914 0.405 0. 438.432 -0.405 -0.914 0. -21.904 0. 0. 1. 0.
-0.914 0.405 0. 436.059 -0.405 -0.914 0. -22.948 0. 0. 1. 0.
-0.914 0.405 0. 433.762 -0.405 -0.914 0. -23.965 0. 0. 1. 0.
-0.914 0.405 0. 431.375 -0.405 -0.914 0. -24.929 0. 0. 1. 0.
-0.914 0.406 0. 429.097 -0.406 -0.914 0. -25.923 0. 0. 1. 0.
-0.913 0.407 0. 426.865 -0.407 -0.913 0. -26.960 0. 0. 1. 0.
-0.914 0.405 0. 424.587 -0.405 -0.914 0. -27.919 0. 0. 1. 0.
-0.914 0.405 0. 422.362 -0.405 -0.914 0. -28.880 0. 0. 1. 0.
-0.916 0.402 0. 420.146 -0.402 -0.916 0. -29.838 0. 0. 1. 0.
-0.917 0.400 0. 417.987 -0.400 -0.917 0. -30.724 0. 0. 1. 0.
-0.918 0.397 0. 415.901 -0.397 -0.918 0. -31.639 0. 0. 1. 0.
-0.919 0.395 0. 413.841 -0.395 -0.919 0. -32.456 0. 0. 1. 0.
-0.919 0.393 0. 411.848 -0.393 -0.919 0. -33.261 0. 0. 1. 0.
-0.920 0.391 0. 409.884 -0.391 -0.920 0. -34.062 0. 0. 1. 0.
-0.921 0.389 0. 407.999 -0.389 -0.921 0. -34.933 0. 0. 1. 0.
-0.923 0.384 0. 406.187 -0.384 -0.923 0. -35.598 0. 0. 1. 0.
-0.925 0.381 0. 404.365 -0.381 -0.925 0. -36.258 0. 0. 1. 0.
-0.925 0.379 0. 402.686 -0.379 -0.925 0. -36.953 0. 0. 1. 0.
-0.926 0.376 0. 401.070 -0.376 -0.926 0. -37.610 0. 0. 1. 0.
-0.927 0.376 0. 399.520 -0.376 -0.927 0. -38.193 0. 0. 1. 0.
-0.927 0.376 0. 398.038 -0.376 -0.927 0. -38.752 0. 0. 1. 0.
-0.927 0.375 0. 396.648 -0.375 -0.927 0. -39.295 0. 0. 1. 0.
-0.928 0.374 0. 395.375 -0.374 -0.928 0. -39.802 0. 0. 1. 0.
-0.928 0.372 0. 394.146 -0.372 -0.928 0. -40.298 0. 0. 1. 0.
-0.928 0.373 0. 392.984 -0.373 -0.928 0. -40.736 0. 0. 1. 0.
-0.927 0.375 0. 391.903 -0.375 -0.927 0. -41.137 0. 0. 1. 0.
-0.927 0.375 0. 390.952 -0.375 -0.927 0. -41.543 0. 0. 1. 0.
-0.927 0.375 0. 390.060 -0.375 -0.927 0. -41.893 0. 0. 1. 0.
-0.927 0.375 0. 389.252 -0.375 -0.927 0. -42.194 0. 0. 1. 0.
-0.927 0.375 0. 388.535 -0.375 -0.927 0. -42.511 0. 0. 1. 0.
-0.927 0.375 0. 387.839 -0.375 -0.927 0. -42.696 0. 0. 1. 0.
-0.927 0.375 0. 387.247 -0.375 -0.927 0. -42.928 0. 0. 1. 0.
-0.927 0.374 0. 386.766 -0.374 -0.927 0. -43.126 0. 0. 1. 0.
-0.927 0.374 0. 386.387 -0.374 -0.927 0. -43.301 0. 0. 1. 0.
-0.927 0.375 0. 386.082 -0.375 -0.927 0. -43.418 0. 0. 1. 0.
-0.927 0.375 0. 385.815 -0.375 -0.927 0. -43.512 0. 0. 1. 0.
-0.927 0.375 0. 385.581 -0.375 -0.927 0. -43.607 0. 0. 1. 0.
-0.927 0.374 0. 385.334 -0.374 -0.927 0. -43.671 0. 0. 1. 0.
-0.927 0.375 0. 385.105 -0.375 -0.927 0. -43.757 0. 0. 1. 0.
-0.927 0.374 0. 384.918 -0.374 -0.927 0. -43.878 0. 0. 1. 0.
-0.927 0.374 0. 384.747 -0.374 -0.927 0. -43.913 0. 0. 1. 0.
-0.928 0.374 0. 384.605 -0.374 -0.928 0. -43.955 0. 0. 1. 0.
-0.928 0.373 0. 384.472 -0.373 -0.928 0. -43.981 0. 0. 1. 0.
-0.928 0.374 0. 384.386 -0.374 -0.928 0. -44.055 0. 0. 1. 0.
-0.928 0.374 0. 384.288 -0.374 -0.928 0. -44.086 0. 0. 1. 0.
-0.928 0.374 0. 384.206 -0.374 -0.928 0. -44.119 0. 0. 1. 0.
-0.927 0.374 0. 384.117 -0.374 -0.927 0. -44.156 0. 0. 1. 0.
-0.927 0.374 0. 384.046 -0.374 -0.927 0. -44.174 0. 0. 1. 0.
-0.927 0.374 0. 383.984 -0.374 -0.927 0. -44.220 0. 0. 1. 0.
-0.927 0.375 0. 383.895 -0.375 -0.927 0. -44.238 0. 0. 1. 0.
-0.927 0.374 0. 383.834 -0.374 -0.927 0. -44.276 0. 0. 1. 0.
-0.927 0.374 0. 383.755 -0.374 -0.927 0. -44.299 0. 0. 1. 0.
-0.927 0.374 0. 383.695 -0.374 -0.927 0. -44.375 0. 0. 1. 0.
-0.927 0.374 0. 383.606 -0.374 -0.927 0. -44.323 0. 0. 1. 0.
-0.928 0.373 0. 383.541 -0.373 -0.928 0. -44.350 0. 0. 1. 0.
-0.928 0.374 0. 383.494 -0.374 -0.928 0. -44.384 0. 0. 1. 0.
-0.927 0.374 0. 383.453 -0.374 -0.927 0. -44.400 0. 0. 1. 0.
-0.928 0.373 0. 383.399 -0.373 -0.928 0. -44.403 0. 0. 1. 0.
-0.928 0.373 0. 383.369 -0.373 -0.928 0. -44.418 0. 0. 1. 0.
-0.928 0.373 0. 383.336 -0.373 -0.928 0. -44.459 0. 0. 1. 0.
-0.928 0.374 0. 383.290 -0.374 -0.928 0. -44.444 0. 0. 1. 0.
-0.927 0.374 0. 383.288 -0.374 -0.927 0. -44.493 0. 0. 1. 0.
-0.927 0.375 0. 383.258 -0.375 -0.927 0. -44.477 0. 0. 1. 0.
-0.927 0.375 0. 383.243 -0.375 -0.927 0. -44.493 0. 0. 1. 0.
-0.928 0.374 0. 383.225 -0.374 -0.928 0. -44.488 0. 0. 1. 0.
-0.928 0.373 0. 383.211 -0.373 -0.928 0. -44.497 0. 0. 1. 0.
-0.928 0.373 0. 383.192 -0.373 -0.928 0. -44.498 0. 0. 1. 0.
-0.928 0.373 0. 383.182 -0.373 -0.928 0. -44.517 0. 0. 1. 0.
-0.928 0.373 0. 383.165 -0.373 -0.928 0. -44.519 0. 0. 1. 0.
-0.928 0.373 0. 383.152 -0.373 -0.928 0. -44.511 0. 0. 1. 0.
-0.928 0.373 0. 383.143 -0.373 -0.928 0. -44.528 0. 0. 1. 0.
-0.927 0.374 0. 383.136 -0.374 -0.927 0. -44.535 0. 0. 1. 0.
-0.928 0.374 0. 383.115 -0.374 -0.928 0. -44.532 0. 0. 1. 0.
-0.928 0.374 0. 383.108 -0.374 -0.928 0. -44.533 0. 0. 1. 0.
-0.927 0.374 0. 383.095 -0.374 -0.927 0. -44.546 0. 0. 1. 0.
-0.928 0.373 0. 383.068 -0.373 -0.928 0. -44.548 0. 0. 1. 0.
-0.928 0.373 0. 383.029 -0.373 -0.928 0. -44.573 0. 0. 1. 0.
-0.928 0.373 0. 382.972 -0.373 -0.928 0. -44.575 0. 0. 1. 0.
-0.928 0.373 0. 382.898 -0.373 -0.928 0. -44.612 0. 0. 1. 0.
-0.928 0.373 0. 382.812 -0.373 -0.928 0. -44.670 0. 0. 1. 0.
-0.928 0.374 0. 382.686 -0.374 -0.928 0. -44.681 0. 0. 1. 0.
-0.928 0.373 0. 382.584 -0.373 -0.928 0. -44.722 0. 0. 1. 0.
-0.928 0.373 0. 382.453 -0.373 -0.928 0. -44.786 0. 0. 1. 0.
-0.928 0.374 0. 382.337 -0.374 -0.928 0. -44.810 0. 0. 1. 0.
-0.927 0.374 0. 382.229 -0.374 -0.927 0. -44.844 0. 0. 1. 0.
-0.927 0.374 0. 382.128 -0.374 -0.927 0. -44.923 0. 0. 1. 0.
-0.927 0.374 0. 381.989 -0.374 -0.927 0. -44.939 0. 0. 1. 0.
-0.928 0.374 0. 381.885 -0.374 -0.928 0. -45.001 0. 0. 1. 0.
-0.927 0.374 0. 381.739 -0.374 -0.927 0. -45.045 0. 0. 1. 0.
-0.927 0.375 0. 381.590 -0.375 -0.927 0. -45.141 0. 0. 1. 0.
-0.927 0.374 0. 381.355 -0.374 -0.927 0. -45.184 0. 0. 1. 0.
-0.928 0.374 0. 381.086 -0.374 -0.928 0. -45.321 0. 0. 1. 0.
-0.928 0.373 0. 380.701 -0.373 -0.928 0. -45.447 0. 0. 1. 0.
-0.928 0.374 0. 380.249 -0.374 -0.928 0. -45.607 0. 0. 1. 0.
-0.928 0.372 0. 379.696 -0.372 -0.928 0. -45.803 0. 0. 1. 0.
-0.928 0.372 0. 378.950 -0.372 -0.928 0. -46.097 0. 0. 1. 0.
-0.927 0.375 0. 378.188 -0.375 -0.927 0. -46.447 0. 0. 1. 0.
-0.927 0.375 0. 377.259 -0.375 -0.927 0. -46.780 0. 0. 1. 0.
-0.928 0.372 0. 376.143 -0.372 -0.928 0. -47.195 0. 0. 1. 0.
-0.929 0.370 0. 374.995 -0.370 -0.929 0. -47.646 0. 0. 1. 0.
-0.930 0.368 0. 373.690 -0.368 -0.930 0. -48.152 0. 0. 1. 0.
-0.932 0.363 0. 372.215 -0.363 -0.932 0. -48.635 0. 0. 1. 0.
-0.934 0.356 0. 370.665 -0.356 -0.934 0. -49.237 0. 0. 1. 0.
-0.938 0.348 0. 369.021 -0.348 -0.938 0. -49.858 0. 0. 1. 0.
-0.942 0.337 0. 367.239 -0.337 -0.942 0. -50.447 0. 0. 1. 0.
-0.946 0.324 0. 365.377 -0.324 -0.946 0. -51.057 0. 0. 1. 0.
-0.950 0.313 0. 363.424 -0.313 -0.950 0. -51.631 0. 0. 1. 0.
-0.953 0.301 0. 361.340 -0.301 -0.953 0. -52.245 0. 0. 1. 0.
-0.956 0.292 0. 359.216 -0.292 -0.956 0. -52.885 0. 0. 1. 0.
-0.959 0.284 0. 356.949 -0.284 -0.959 0. -53.498 0. 0. 1. 0.
-0.960 0.279 0. 354.726 -0.279 -0.960 0. -54.183 0. 0. 1. 0.
-0.961 0.275 0. 352.328 -0.275 -0.961 0. -54.833 0. 0. 1. 0.
-0.962 0.272 0. 349.903 -0.272 -0.962 0. -55.420 0. 0. 1. 0.
-0.963 0.269 0. 347.403 -0.269 -0.963 0. -56.040 0. 0. 1. 0.
-0.964 0.265 0. 344.932 -0.265 -0.964 0. -56.703 0. 0. 1. 0.
-0.964 0.265 0. 342.341 -0.265 -0.964 0. -57.351 0. 0. 1. 0.
-0.963 0.269 0. 339.731 -0.269 -0.963 0. -58.024 0. 0. 1. 0.
-0.962 0.273 0. 337.080 -0.273 -0.962 0. -58.730 0. 0. 1. 0.
-0.961 0.276 0. 334.394 -0.276 -0.961 0. -59.483 0. 0. 1. 0.
-0.960 0.280 0. 331.707 -0.280 -0.960 0. -60.190 0. 0. 1. 0.
-0.958 0.287 0. 329.010 -0.287 -0.958 0. -60.946 0. 0. 1. 0.
-0.957 0.292 0. 326.292 -0.292 -0.957 0. -61.684 0. 0. 1. 0.
-0.955 0.296 0. 323.568 -0.296 -0.955 0. -62.457 0. 0. 1. 0.
-0.954 0.301 0. 320.810 -0.301 -0.954 0. -63.249 0. 0. 1. 0.
-0.952 0.305 0. 318.070 -0.305 -0.952 0. -64.092 0. 0. 1. 0.
-0.951 0.309 0. 315.323 -0.309 -0.951 0. -64.897 0. 0. 1. 0.
-0.951 0.310 0. 312.562 -0.310 -0.951 0. -65.769 0. 0. 1. 0.
-0.950 0.312 0. 309.829 -0.312 -0.950 0. -66.684 0. 0. 1. 0.
-0.950 0.313 0. 307.079 -0.313 -0.950 0. -67.561 0. 0. 1. 0.
-0.950 0.313 0. 304.353 -0.313 -0.950 0. -68.435 0. 0. 1. 0.
-0.948 0.317 0. 301.667 -0.317 -0.948 0. -69.225 0. 0. 1. 0.
-0.948 0.317 0. 298.996 -0.317 -0.948 0. -70.058 0. 0. 1. 0.
-0.948 0.318 0. 296.341 -0.318 -0.948 0. -70.908 0. 0. 1. 0.
-0.949 0.316 0. 293.704 -0.316 -0.949 0. -71.735 0. 0. 1. 0.
-0.949 0.315 0. 291.113 -0.315 -0.949 0. -72.557 0. 0. 1. 0.
-0.949 0.314 0. 288.453 -0.314 -0.949 0. -73.289 0. 0. 1. 0.
-0.948 0.318 0. 285.888 -0.318 -0.948 0. -74.127 0. 0. 1. 0.
-0.948 0.317 0. 283.376 -0.317 -0.948 0. -74.920 0. 0. 1. 0.
-0.948 0.319 0. 280.813 -0.319 -0.948 0. -75.757 0. 0. 1. 0.
-0.946 0.325 0. 278.317 -0.325 -0.946 0. -76.579 0. 0. 1. 0.
-0.945 0.328 0. 275.874 -0.328 -0.945 0. -77.368 0. 0. 1. 0.
-0.941 0.338 0. 273.400 -0.338 -0.941 0. -78.250 0. 0. 1. 0.
-0.938 0.346 0. 271.019 -0.346 -0.938 0. -79.009 0. 0. 1. 0.
-0.936 0.352 0. 268.633 -0.352 -0.936 0. -79.846 0. 0. 1. 0.
-0.933 0.360 0. 266.250 -0.360 -0.933 0. -80.735 0. 0. 1. 0.
-0.932 0.362 0. 263.851 -0.362 -0.932 0. -81.575 0. 0. 1. 0.
-0.930 0.367 0. 261.570 -0.367 -0.930 0. -82.459 0. 0. 1. 0.
-0.928 0.371 0. 259.163 -0.371 -0.928 0. -83.290 0. 0. 1. 0.
-0.927 0.374 0. 256.816 -0.374 -0.927 0. -84.242 0. 0. 1. 0.
-0.926 0.377 0. 254.460 -0.377 -0.926 0. -85.192 0. 0. 1. 0.
-0.925 0.380 0. 252.108 -0.380 -0.925 0. -86.090 0. 0. 1. 0.
-0.925 0.380 0. 249.798 -0.380 -0.925 0. -87.029 0. 0. 1. 0.
-0.924 0.382 0. 247.470 -0.382 -0.924 0. -87.964 0. 0. 1. 0.
-0.926 0.378 0. 245.156 -0.378 -0.926 0. -88.829 0. 0. 1. 0.
-0.927 0.375 0. 242.808 -0.375 -0.927 0. -89.825 0. 0. 1. 0.
-0.928 0.372 0. 240.451 -0.372 -0.928 0. -90.747 0. 0. 1. 0.
-0.929 0.370 0. 238.086 -0.370 -0.929 0. -91.727 0. 0. 1. 0.
-0.930 0.367 0. 235.682 -0.367 -0.930 0. -92.619 0. 0. 1. 0.
-0.932 0.364 0. 233.313 -0.364 -0.932 0. -93.564 0. 0. 1. 0.
-0.932 0.361 0. 230.873 -0.361 -0.932 0. -94.417 0. 0. 1. 0.
-0.934 0.358 0. 228.395 -0.358 -0.934 0. -95.225 0. 0. 1. 0.
-0.933 0.359 0. 225.988 -0.359 -0.933 0. -96.140 0. 0. 1. 0.
-0.933 0.359 0. 223.544 -0.359 -0.933 0. -97.071 0. 0. 1. 0.
-0.934 0.357 0. 221.090 -0.357 -0.934 0. -98.005 0. 0. 1. 0.
-0.934 0.357 0. 218.629 -0.357 -0.934 0. -98.912 0. 0. 1. 0.
-0.934 0.356 0. 216.161 -0.356 -0.934 0. -99.825 0. 0. 1. 0.
-0.934 0.357 0. 213.644 -0.357 -0.934 0. -100.717 0. 0. 1. 0.
-0.934 0.357 0. 211.124 -0.357 -0.934 0. -101.550 0. 0. 1. 0.
-0.934 0.356 0. 208.659 -0.356 -0.934 0. -102.540 0. 0. 1. 0.
-0.934 0.358 0. 206.138 -0.358 -0.934 0. -103.468 0. 0. 1. 0.
-0.933 0.359 0. 203.654 -0.359 -0.933 0. -104.359 0. 0. 1. 0.
-0.934 0.357 0. 201.133 -0.357 -0.934 0. -105.251 0. 0. 1. 0.
-0.933 0.361 0. 198.664 -0.361 -0.933 0. -106.173 0. 0. 1. 0.
-0.932 0.362 0. 196.223 -0.362 -0.932 0. -107.111 0. 0. 1. 0.
-0.931 0.364 0. 193.735 -0.364 -0.931 0. -108.053 0. 0. 1. 0.
-0.930 0.366 0. 191.296 -0.366 -0.930 0. -108.961 0. 0. 1. 0.
-0.929 0.369 0. 188.831 -0.369 -0.929 0. -109.846 0. 0. 1. 0.
-0.930 0.368 0. 186.383 -0.368 -0.930 0. -110.797 0. 0. 1. 0.
-0.930 0.368 0. 183.939 -0.368 -0.930 0. -111.771 0. 0. 1. 0.
-0.930 0.367 0. 181.519 -0.367 -0.930 0. -112.630 0. 0. 1. 0.
-0.931 0.365 0. 179.115 -0.365 -0.931 0. -113.534 0. 0. 1. 0.
-0.932 0.363 0. 176.756 -0.363 -0.932 0. -114.431 0. 0. 1. 0.
-0.934 0.357 0. 174.359 -0.357 -0.934 0. -115.270 0. 0. 1. 0.
-0.937 0.350 0. 172.028 -0.350 -0.937 0. -116.075 0. 0. 1. 0.
-0.938 0.345 0. 169.727 -0.345 -0.938 0. -116.844 0. 0. 1. 0.
-0.942 0.337 0. 167.474 -0.337 -0.942 0. -117.645 0. 0. 1. 0.
-0.943 0.333 0. 165.294 -0.333 -0.943 0. -118.393 0. 0. 1. 0.
-0.945 0.327 0. 163.134 -0.327 -0.945 0. -119.104 0. 0. 1. 0.
-0.944 0.329 0. 161.012 -0.329 -0.944 0. -119.724 0. 0. 1. 0.
-0.944 0.329 0. 158.962 -0.329 -0.944 0. -120.392 0. 0. 1. 0.
-0.944 0.329 0. 157.029 -0.329 -0.944 0. -121.116 0. 0. 1. 0.
-0.944 0.330 0. 155.047 -0.330 -0.944 0. -121.740 0. 0. 1. 0.
-0.944 0.330 0. 153.231 -0.330 -0.944 0. -122.377 0. 0. 1. 0.
-0.943 0.331 0. 151.418 -0.331 -0.943 0. -122.961 0. 0. 1. 0.
-0.943 0.333 0. 149.712 -0.333 -0.943 0. -123.512 0. 0. 1. 0.
-0.943 0.334 0. 148.073 -0.334 -0.943 0. -124.013 0. 0. 1. 0.
-0.943 0.333 0. 146.534 -0.333 -0.943 0. -124.521 0. 0. 1. 0.
-0.944 0.331 0. 145.085 -0.331 -0.944 0. -125.069 0. 0. 1. 0.
-0.944 0.330 0. 143.723 -0.330 -0.944 0. -125.516 0. 0. 1. 0.
-0.944 0.329 0. 142.402 -0.329 -0.944 0. -125.918 0. 0. 1. 0.
-0.944 0.329 0. 141.179 -0.329 -0.944 0. -126.369 0. 0. 1. 0.
-0.944 0.329 0. 140.034 -0.329 -0.944 0. -126.674 0. 0. 1. 0.
-0.945 0.328 0. 138.970 -0.328 -0.945 0. -127.024 0. 0. 1. 0.
-0.945 0.326 0. 138.002 -0.326 -0.945 0. -127.372 0. 0. 1. 0.
-0.945 0.326 0. 137.013 -0.326 -0.945 0. -127.673 0. 0. 1. 0.
-0.946 0.325 0. 136.108 -0.325 -0.946 0. -128.049 0. 0. 1. 0.
-0.946 0.325 0. 135.145 -0.325 -0.946 0. -128.371 0. 0. 1. 0.
-0.947 0.323 0. 134.182 -0.323 -0.947 0. -128.626 0. 0. 1. 0.
-0.947 0.323 0. 133.212 -0.323 -0.947 0. -128.918 0. 0. 1. 0.
-0.947 0.322 0. 132.220 -0.322 -0.947 0. -129.215 0. 0. 1. 0.
-0.947 0.323 0. 131.186 -0.323 -0.947 0. -129.547 0. 0. 1. 0.
-0.947 0.320 0. 130.108 -0.320 -0.947 0. -129.864 0. 0. 1. 0.
-0.947 0.320 0. 128.937 -0.320 -0.947 0. -130.267 0. 0. 1. 0.
-0.948 0.319 0. 127.724 -0.319 -0.948 0. -130.545 0. 0. 1. 0.
-0.948 0.317 0. 126.480 -0.317 -0.948 0. -131.020 0. 0. 1. 0.
-0.949 0.317 0. 125.175 -0.317 -0.949 0. -131.476 0. 0. 1. 0.
-0.949 0.316 0. 123.789 -0.316 -0.949 0. -131.892 0. 0. 1. 0.
-0.950 0.313 0. 122.351 -0.313 -0.950 0. -132.341 0. 0. 1. 0.
-0.950 0.312 0. 120.851 -0.312 -0.950 0. -132.804 0. 0. 1. 0.
-0.950 0.312 0. 119.341 -0.312 -0.950 0. -133.310 0. 0. 1. 0.
-0.950 0.312 0. 117.808 -0.312 -0.950 0. -133.815 0. 0. 1. 0.
-0.951 0.310 0. 116.285 -0.310 -0.951 0. -134.265 0. 0. 1. 0.
-0.953 0.303 0. 114.773 -0.303 -0.953 0. -134.723 0. 0. 1. 0.
-0.955 0.298 0. 113.240 -0.298 -0.955 0. -135.181 0. 0. 1. 0.
-0.956 0.294 0. 111.725 -0.294 -0.956 0. -135.634 0. 0. 1. 0.
-0.957 0.288 0. 110.262 -0.288 -0.957 0. -136.029 0. 0. 1. 0.
-0.959 0.283 0. 108.799 -0.283 -0.959 0. -136.431 0. 0. 1. 0.
-0.960 0.279 0. 107.370 -0.279 -0.960 0. -136.800 0. 0. 1. 0.
-0.962 0.275 0. 105.937 -0.275 -0.962 0. -137.161 0. 0. 1. 0.
-0.963 0.268 0. 104.593 -0.268 -0.963 0. -137.530 0. 0. 1. 0.
-0.964 0.267 0. 103.244 -0.267 -0.964 0. -137.941 0. 0. 1. 0.
-0.966 0.259 0. 101.953 -0.259 -0.966 0. -138.194 0. 0. 1. 0.
-0.967 0.254 0. 100.685 -0.254 -0.967 0. -138.501 0. 0. 1. 0.
-0.968 0.250 0. 99.480 -0.250 -0.968 0. -138.779 0. 0. 1. 0.
-0.969 0.246 0. 98.276 -0.246 -0.969 0. -139.040 0. 0. 1. 0.
-0.970 0.244 0. 97.121 -0.244 -0.970 0. -139.363 0. 0. 1. 0.
-0.970 0.243 0. 95.945 -0.243 -0.970 0. -139.565 0. 0. 1. 0.
-0.970 0.243 0. 94.774 -0.243 -0.970 0. -139.808 0. 0. 1. 0.
-0.970 0.243 0. 93.614 -0.243 -0.970 0. -140.078 0. 0. 1. 0.
-0.970 0.244 0. 92.453 -0.244 -0.970 0. -140.448 0. 0. 1. 0.
-0.970 0.244 0. 91.295 -0.244 -0.970 0. -140.551 0. 0. 1. 0.
-0.970 0.244 0. 90.172 -0.244 -0.970 0. -140.926 0. 0. 1. 0.
-0.970 0.244 0. 89.025 -0.244 -0.970 0. -141.129 0. 0. 1. 0.
-0.969 0.247 0. 87.928 -0.247 -0.969 0. -141.471 0. 0. 1. 0.
-0.967 0.256 0. 86.780 -0.256 -0.967 0. -141.703 0. 0. 1. 0.
-0.962 0.274 0. 85.733 -0.274 -0.962 0. -142.025 0. 0. 1. 0.
-0.952 0.306 0. 84.653 -0.306 -0.952 0. -142.333 0. 0. 1. 0.
-0.934 0.358 0. 83.624 -0.358 -0.934 0. -142.710 0. 0. 1. 0.
-0.905 0.424 0. 82.673 -0.424 -0.905 0. -143.239 0. 0. 1. 0.
-0.864 0.504 0. 81.805 -0.504 -0.864 0. -143.845 0. 0. 1. 0.
-0.809 0.588 0. 81.041 -0.588 -0.809 0. -144.434 0. 0. 1. 0.
-0.744 0.668 0. 80.348 -0.668 -0.744 0. -145.125 0. 0. 1. 0.
-0.669 0.744 0. 79.722 -0.744 -0.669 0. -145.924 0. 0. 1. 0.
-0.581 0.814 0. 79.213 -0.814 -0.581 0. -146.754 0. 0. 1. 0.
-0.490 0.872 0. 78.710 -0.872 -0.490 0. -147.646 0. 0. 1. 0.
-0.390 0.921 0. 78.358 -0.921 -0.390 0. -148.590 0. 0. 1. 0.
-0.283 0.959 0. 78.194 -0.959 -0.283 0. -149.569 0. 0. 1. 0.
-0.177 0.984 0. 77.994 -0.984 -0.177 0. -150.607 0. 0. 1. 0.
-0.080 0.997 0. 77.954 -0.997 -0.080 0. -151.658 0. 0. 1. 0.
0.022 1.000 0. 78.065 -1.000 0.022 0. -152.747 0. 0. 1. 0.
0.119 0.993 0. 78.206 -0.993 0.119 0. -153.801 0. 0. 1. 0.
0.213 0.977 0. 78.443 -0.977 0.213 0. -154.931 0. 0. 1. 0.
0.290 0.957 0. 78.782 -0.957 0.290 0. -156.006 0. 0. 1. 0.
0.355 0.935 0. 79.217 -0.935 0.355 0. -157.162 0. 0. 1. 0.
