1. 0. 0. 0. 0. -1. -0. 0. 0. 0. -1. 0.
1. 0. 0. 0.002 0. -1. -0. 0.001 0. 0. -1. 0.
1. 0.000 0. 0.005 0.000 -1. -0. -0.008 0. 0. -1. 0.
1. -0. -0. 0.000 -0. -1. -0. -0.007 0. 0. -1. 0.
1. 0.000 0. -0.003 0.000 -1. -0. -0.005 0. 0. -1. 0.
1. -0.000 -0. 0.001 -0.000 -1. -0. -0.008 0. 0. -1. 0.
1. -0. -0. 0.002 -0. -1. -0. -0.002 0. 0. -1. 0.
1. 0. 0. -0.000 0. -1. -0. -0.002 0. 0. -1. 0.
1. -0.000 -0. -0.001 -0.000 -1. -0. -0.003 0. 0. -1. 0.
1. 0. 0. 0.003 0. -1. -0. -0.001 0. 0. -1. 0.
1. 0.000 0. 0.006 0.000 -1. -0. -0.001 0. 0. -1. 0.
1. 0.000 0. 0.003 0.000 -1. -0. -0.001 0. 0. -1. 0.
1. 0.000 0. 0.000 0.000 -1. -0. -0.006 0. 0. -1. 0.
1. 0.000 0. 0.019 0.000 -1. -0. -0.005 0. 0. -1. 0.
1. -0.000 -0. 0.062 -0.000 -1. -0. -0.005 0. 0. -1. 0.
1. -0.001 -0. 0.082 -0.001 -1. -0. -0.009 0. 0. -1. 0.
1. -0.002 -0. 0.128 -0.002 -1. -0. -0.004 0. 0. -1. 0.
1. -0.004 -0. 0.174 -0.004 -1. -0. 0.003 0. 0. -1. 0.
1. -0.007 -0. 0.262 -0.007 -1. -0. 0.009 0. 0. -1. 0.
1. -0.011 -0. 0.294 -0.011 -1. -0. -0.012 0. 0. -1. 0.
1.000 -0.015 -0. 0.345 -0.015 -1.000 -0. -0.023 0. 0. -1. 0.
1.000 -0.019 -0. 0.489 -0.019 -1.000 -0. -0.006 0. 0. -1. 0.
1.000 -0.025 -0. 0.529 -0.025 -1.000 -0. -0.002 0. 0. -1. 0.
0.999 -0.033 -0. 0.655 -0.033 -0.999 -0. 0.011 0. 0. -1. 0.
0.999 -0.044 -0. 0.761 -0.044 -0.999 -0. -0.025 0. 0. -1. 0.
0.999 -0.055 -0. 0.907 -0.055 -0.999 -0. -0.026 0. 0. -1. 0.
0.998 -0.067 -0. 1.054 -0.067 -0.998 -0. -0.062 0. 0. -1. 0.
0.997 -0.077 -0. 1.202 -0.077 -0.997 -0. -0.072 0. 0. -1. 0.
0.996 -0.088 -0. 1.410 -0.088 -0.996 -0. -0.144 0. 0. -1. 0.
0.995 -0.101 -0. 1.617 -0.101 -0.995 -0. -0.170 0. 0. -1. 0.
0.993 -0.116 -0. 1.838 -0.116 -0.993 -0. -0.230 0. 0. -1. 0.
0.991 -0.134 -0. 2.088 -0.134 -0.991 -0. -0.277 0. 0. -1. 0.
0.988 -0.153 -0. 2.403 -0.153 -0.988 -0. -0.325 0. 0. -1. 0.
0.985 -0.172 -0. 2.720 -0.172 -0.985 -0. -0.382 0. 0. -1. 0.
0.981 -0.193 -0. 3.080 -0.193 -0.981 -0. -0.450 0. 0. -1. 0.
0.977 -0.212 -0. 3.526 -0.212 -0.977 -0. -0.587 0. 0. -1. 0.
0.974 -0.226 -0. 3.971 -0.226 -0.974 -0. -0.723 0. 0. -1. 0.
0.972 -0.235 -0. 4.547 -0.235 -0.972 -0. -0.873 0. 0. -1. 0.
0.970 -0.243 -0. 5.092 -0.243 -0.970 -0. -0.991 0. 0. -1. 0.
0.969 -0.247 -0. 5.712 -0.247 -0.969 -0. -1.198 0. 0. -1. 0.
0.969 -0.246 -0. 6.430 -0.246 -0.969 -0. -1.356 0. 0. -1. 0.
0.969 -0.245 -0. 7.098 -0.245 -0.969 -0. -1.600 0. 0. -1. 0.
0.970 -0.243 -0. 7.861 -0.243 -0.970 -0. -1.777 0. 0. -1. 0.
0.972 -0.237 -0. 8.662 -0.237 -0.972 -0. -1.992 0. 0. -1. 0.
0.974 -0.227 -0. 9.511 -0.227 -0.974 -0. -2.226 0. 0. -1. 0.
0.977 -0.214 -0. 10.373 -0.214 -0.977 -0. -2.434 0. 0. -1. 0.
0.981 -0.195 -0. 11.271 -0.195 -0.981 -0. -2.571 0. 0. -1. 0.
0.984 -0.179 -0. 12.205 -0.179 -0.984 -0. -2.828 0. 0. -1. 0.
0.987 -0.163 -0. 13.125 -0.163 -0.987 -0. -2.968 0. 0. -1. 0.
0.989 -0.150 -0. 14.127 -0.150 -0.989 -0. -3.169 0. 0. -1. 0.
0.990 -0.139 -0. 15.161 -0.139 -0.990 -0. -3.309 0. 0. -1. 0.
0.991 -0.131 -0. 16.301 -0.131 -0.991 -0. -3.420 0. 0. -1. 0.
0.993 -0.121 -0. 17.445 -0.121 -0.993 -0. -3.575 0. 0. -1. 0.
0.993 -0.119 -0. 18.704 -0.119 -0.993 -0. -3.723 0. 0. -1. 0.
0.993 -0.116 -0. 19.940 -0.116 -0.993 -0. -3.938 0. 0. -1. 0.
0.993 -0.115 -0. 21.279 -0.115 -0.993 -0. -4.092 0. 0. -1. 0.
0.994 -0.113 -0. 22.759 -0.113 -0.994 -0. -4.308 0. 0. -1. 0.
0.993 -0.115 -0. 24.196 -0.115 -0.993 -0. -4.498 0. 0. -1. 0.
0.994 -0.111 -0. 25.728 -0.111 -0.994 -0. -4.641 0. 0. -1. 0.
0.995 -0.105 -0. 27.316 -0.105 -0.995 -0. -4.923 0. 0. -1. 0.
0.996 -0.091 -0. 28.919 -0.091 -0.996 -0. -5.154 0. 0. -1. 0.
0.997 -0.082 -0. 30.572 -0.082 -0.997 -0. -5.282 0. 0. -1. 0.
0.997 -0.075 -0. 32.090 -0.075 -0.997 -0. -5.405 0. 0. -1. 0.
0.998 -0.069 -0. 33.636 -0.069 -0.998 -0. -5.538 0. 0. -1. 0.
0.998 -0.066 -0. 35.250 -0.066 -0.998 -0. -5.681 0. 0. -1. 0.
0.998 -0.062 -0. 36.920 -0.062 -0.998 -0. -5.865 0. 0. -1. 0.
0.998 -0.059 -0. 38.497 -0.059 -0.998 -0. -6.037 0. 0. -1. 0.
0.998 -0.058 -0. 40.119 -0.058 -0.998 -0. -6.088 0. 0. -1. 0.
0.998 -0.055 -0. 41.795 -0.055 -0.998 -0. -6.289 0. 0. -1. 0.
0.999 -0.047 -0. 43.424 -0.047 -0.999 -0. -6.395 0. 0. -1. 0.
0.999 -0.039 -0. 45.116 -0.039 -0.999 -0. -6.407 0. 0. -1. 0.
0.999 -0.038 -0. 46.872 -0.038 -0.999 -0. -6.480 0. 0. -1. 0.
0.999 -0.038 -0. 48.564 -0.038 -0.999 -0. -6.686 0. 0. -1. 0.
0.999 -0.040 -0. 50.354 -0.040 -0.999 -0. -6.738 0. 0. -1. 0.
0.999 -0.037 -0. 52.167 -0.037 -0.999 -0. -6.818 0. 0. -1. 0.
0.999 -0.038 -0. 53.986 -0.038 -0.999 -0. -6.943 0. 0. -1. 0.
0.999 -0.038 -0. 55.851 -0.038 -0.999 -0. -7.061 0. 0. -1. 0.
0.999 -0.040 -0. 57.684 -0.040 -0.999 -0. -7.236 0. 0. -1. 0.
0.999 -0.034 -0. 59.586 -0.034 -0.999 -0. -7.284 0. 0. -1. 0.
1.000 -0.026 -0. 61.561 -0.026 -1.000 -0. -7.376 0. 0. -1. 0.
1.000 -0.022 -0. 63.488 -0.022 -1.000 -0. -7.538 0. 0. -1. 0.
1.000 -0.018 -0. 65.363 -0.018 -1.000 -0. -7.661 0. 0. -1. 0.
1. -0.012 -0. 67.294 -0.012 -1. -0. -7.639 0. 0. -1. 0.
1. -0.009 -0. 69.210 -0.009 -1. -0. -7.666 0. 0. -1. 0.
1. -0.003 -0. 71.119 -0.003 -1. -0. -7.708 0. 0. -1. 0.
1. 0.000 0. 72.993 0.000 -1. -0. -7.727 0. 0. -1. 0.
1. 0.002 0. 74.886 0.002 -1. -0. -7.748 0. 0. -1. 0.
1. 0.008 0. 76.779 0.008 -1. -0. -7.758 0. 0. -1. 0.
1. 0.004 0. 78.728 0.004 -1. -0. -7.731 0. 0. -1. 0.
1. -0.002 -0. 80.614 -0.002 -1. -0. -7.794 0. 0. -1. 0.
1.000 -0.019 -0. 82.537 -0.019 -1.000 -0. -7.832 0. 0. -1. 0.
0.999 -0.049 -0. 84.442 -0.049 -0.999 -0. -8.004 0. 0. -1. 0.
0.997 -0.082 -0. 86.351 -0.082 -0.997 -0. -8.161 0. 0. -1. 0.
0.994 -0.113 -0. 88.232 -0.113 -0.994 -0. -8.392 0. 0. -1. 0.
0.989 -0.148 -0. 90.105 -0.148 -0.989 -0. -8.714 0. 0. -1. 0.
0.982 -0.189 -0. 91.992 -0.189 -0.982 -0. -9.068 0. 0. -1. 0.
0.972 -0.234 -0. 93.803 -0.234 -0.972 -0. -9.505 0. 0. -1. 0.
0.959 -0.283 -0. 95.621 -0.283 -0.959 -0. -10.023 0. 0. -1. 0.
0.944 -0.329 -0. 97.304 -0.329 -0.944 -0. -10.656 0. 0. -1. 0.
0.928 -0.372 -0. 99.042 -0.372 -0.928 -0. -11.362 0. 0. -1. 0.
0.907 -0.421 -0. 100.732 -0.421 -0.907 -0. -12.166 0. 0. -1. 0.
0.886 -0.464 -0. 102.413 -0.464 -0.886 -0. -12.986 0. 0. -1. 0.
0.859 -0.511 -0. 103.920 -0.511 -0.859 -0. -13.944 0. 0. -1. 0.
0.830 -0.558 -0. 105.472 -0.558 -0.830 -0. -14.983 0. 0. -1. 0.
0.795 -0.606 -0. 107.036 -0.606 -0.795 -0. -16.073 0. 0. -1. 0.
0.753 -0.658 -0. 108.448 -0.658 -0.753 -0. -17.239 0. 0. -1. 0.
0.703 -0.712 -0. 109.598 -0.712 -0.703 -0. -18.552 0. 0. -1. 0.
0.649 -0.760 -0. 110.691 -0.760 -0.649 -0. -19.956 0. 0. -1. 0.
0.593 -0.805 -0. 111.731 -0.805 -0.593 -0. -21.366 0. 0. -1. 0.
0.537 -0.843 -0. 112.674 -0.843 -0.537 -0. -22.809 0. 0. -1. 0.
0.481 -0.877 -0. 113.487 -0.877 -0.481 -0. -24.355 0. 0. -1. 0.
0.438 -0.899 -0. 114.178 -0.899 -0.438 -0. -25.967 0. 0. -1. 0.
0.404 -0.915 -0. 114.829 -0.915 -0.404 -0. -27.545 0. 0. -1. 0.
0.381 -0.925 -0. 115.483 -0.925 -0.381 -0. -29.090 0. 0. -1. 0.
0.360 -0.933 -0. 116.074 -0.933 -0.360 -0. -30.672 0. 0. -1. 0.
0.343 -0.939 -0. 116.705 -0.939 -0.343 -0. -32.241 0. 0. -1. 0.
0.329 -0.944 -0. 117.198 -0.944 -0.329 -0. -33.819 0. 0. -1. 0.
0.321 -0.947 -0. 117.720 -0.947 -0.321 -0. -35.455 0. 0. -1. 0.
0.321 -0.947 -0. 118.148 -0.947 -0.321 -0. -37.045 0. 0. -1. 0.
0.322 -0.947 -0. 118.661 -0.947 -0.322 -0. -38.634 0. 0. -1. 0.
0.330 -0.944 -0. 119.195 -0.944 -0.330 -0. -40.233 0. 0. -1. 0.
0.338 -0.941 -0. 119.713 -0.941 -0.338 -0. -41.859 0. 0. -1. 0.
0.350 -0.937 -0. 120.279 -0.937 -0.350 -0. -43.433 0. 0. -1. 0.
0.362 -0.932 -0. 120.912 -0.932 -0.362 -0. -44.956 0. 0. -1. 0.
0.374 -0.928 -0. 121.466 -0.928 -0.374 -0. -46.493 0. 0. -1. 0.
0.387 -0.922 -0. 122.131 -0.922 -0.387 -0. -47.982 0. 0. -1. 0.
0.401 -0.916 -0. 122.690 -0.916 -0.401 -0. -49.365 0. 0. -1. 0.
0.416 -0.909 -0. 123.227 -0.909 -0.416 -0. -50.604 0. 0. -1. 0.
0.429 -0.903 -0. 123.779 -0.903 -0.429 -0. -51.666 0. 0. -1. 0.
0.442 -0.897 -0. 124.219 -0.897 -0.442 -0. -52.598 0. 0. -1. 0.
0.451 -0.893 -0. 124.577 -0.893 -0.451 -0. -53.410 0. 0. -1. 0.
0.460 -0.888 -0. 124.853 -0.888 -0.460 -0. -54.072 0. 0. -1. 0.
0.466 -0.885 -0. 125.170 -0.885 -0.466 -0. -54.580 0. 0. -1. 0.
0.471 -0.882 -0. 125.341 -0.882 -0.471 -0. -55.013 0. 0. -1. 0.
0.477 -0.879 -0. 125.559 -0.879 -0.477 -0. -55.370 0. 0. -1. 0.
0.481 -0.877 -0. 125.854 -0.877 -0.481 -0. -55.794 0. 0. -1. 0.
0.484 -0.875 -0. 126.035 -0.875 -0.484 -0. -56.201 0. 0. -1. 0.
0.487 -0.873 -0. 126.232 -0.873 -0.487 -0. -56.559 0. 0. -1. 0.
0.488 -0.873 -0. 126.438 -0.873 -0.488 -0. -57.000 0. 0. -1. 0.
0.493 -0.870 -0. 126.712 -0.870 -0.493 -0. -57.572 0. 0. -1. 0.
0.493 -0.870 -0. 127.113 -0.870 -0.493 -0. -58.192 0. 0. -1. 0.
0.496 -0.868 -0. 127.449 -0.868 -0.496 -0. -58.935 0. 0. -1. 0.
0.497 -0.868 -0. 127.859 -0.868 -0.497 -0. -59.738 0. 0. -1. 0.
0.498 -0.867 -0. 128.333 -0.867 -0.498 -0. -60.616 0. 0. -1. 0.
0.501 -0.865 -0. 128.806 -0.865 -0.501 -0. -61.512 0. 0. -1. 0.
0.503 -0.864 -0. 129.391 -0.864 -0.503 -0. -62.473 0. 0. -1. 0.
0.506 -0.863 -0. 129.973 -0.863 -0.506 -0. -63.567 0. 0. -1. 0.
0.511 -0.860 -0. 130.639 -0.860 -0.511 -0. -64.680 0. 0. -1. 0.
0.519 -0.855 -0. 131.285 -0.855 -0.519 -0. -65.827 0. 0. -1. 0.
0.530 -0.848 -0. 131.954 -0.848 -0.530 -0. -66.986 0. 0. -1. 0.
0.546 -0.838 -0. 132.691 -0.838 -0.546 -0. -68.122 0. 0. -1. 0.
0.565 -0.825 -0. 133.484 -0.825 -0.565 -0. -69.234 0. 0. -1. 0.
0.590 -0.807 -0. 134.287 -0.807 -0.590 -0. -70.360 0. 0. -1. 0.
0.623 -0.782 -0. 135.059 -0.782 -0.623 -0. -71.461 0. 0. -1. 0.
0.661 -0.751 -0. 135.941 -0.751 -0.661 -0. -72.498 0. 0. -1. 0.
0.696 -0.719 -0. 136.928 -0.719 -0.696 -0. -73.498 0. 0. -1. 0.
0.738 -0.675 -0. 137.862 -0.675 -0.738 -0. -74.327 0. 0. -1. 0.
0.792 -0.611 -0. 138.815 -0.611 -0.792 -0. -75.144 0. 0. -1. 0.
0.847 -0.532 -0. 139.892 -0.532 -0.847 -0. -75.860 0. 0. -1. 0.
0.897 -0.442 -0. 140.861 -0.442 -0.897 -0. -76.325 0. 0. -1. 0.
0.943 -0.333 -0. 141.918 -0.333 -0.943 -0. -76.786 0. 0. -1. 0.
0.978 -0.206 -0. 142.975 -0.206 -0.978 -0. -76.982 0. 0. -1. 0.
0.998 -0.065 -0. 143.893 -0.065 -0.998 -0. -77.028 0. 0. -1. 0.
0.997 0.082 0. 144.986 0.082 -0.997 -0. -76.894 0. 0. -1. 0.
0.971 0.237 0. 145.967 0.237 -0.971 -0. -76.710 0. 0. -1. 0.
0.920 0.393 0. 146.852 0.393 -0.920 -0. -76.293 0. 0. -1. 0.
0.840 0.543 0. 147.631 0.543 -0.840 -0. -75.724 0. 0. -1. 0.
0.732 0.681 0. 148.300 0.681 -0.732 -0. -75.225 0. 0. -1. 0.
0.601 0.799 0. 148.844 0.799 -0.601 -0. -74.331 0. 0. -1. 0.
0.448 0.894 0. 149.164 0.894 -0.448 -0. -73.497 0. 0. -1. 0.
0.285 0.958 0. 149.462 0.958 -0.285 -0. -72.658 0. 0. -1. 0.
0.108 0.994 0. 149.519 0.994 -0.108 -0. -71.763 0. 0. -1. 0.
-0.069 0.998 0. 149.448 0.998 0.069 0. -70.813 0. 0. -1. 0.
-0.246 0.969 0. 149.187 0.969 0.246 0. -69.946 0. 0. -1. 0.
-0.410 0.912 0. 148.763 0.912 0.410 0. -69.093 0. 0. -1. 0.
-0.550 0.835 0. 148.230 0.835 0.550 0. -68.208 0. 0. -1. 0.
-0.668 0.744 0. 147.526 0.744 0.668 0. -67.539 0. 0. -1. 0.
-0.764 0.645 0. 146.800 0.645 0.764 0. -66.849 0. 0. -1. 0.
-0.837 0.548 0. 145.863 0.548 0.837 0. -66.305 0. 0. -1. 0.
-0.886 0.464 0. 144.948 0.464 0.886 0. -65.793 0. 0. -1. 0.
-0.920 0.392 0. 143.987 0.392 0.920 0. -65.364 0. 0. -1. 0.
-0.938 0.346 0. 142.949 0.346 0.938 0. -65.101 0. 0. -1. 0.
-0.949 0.316 0. 141.892 0.316 0.949 0. -64.697 0. 0. -1. 0.
-0.955 0.296 0. 140.817 0.296 0.955 0. -64.326 0. 0. -1. 0.
-0.956 0.294 0. 139.635 0.294 0.956 0. -63.995 0. 0. -1. 0.
-0.949 0.315 0. 138.459 0.315 0.949 0. -63.609 0. 0. -1. 0.
-0.933 0.361 0. 137.328 0.361 0.933 0. -63.150 0. 0. -1. 0.
-0.913 0.409 0. 136.142 0.409 0.913 0. -62.665 0. 0. -1. 0.
-0.885 0.466 0. 135.034 0.466 0.885 0. -62.052 0. 0. -1. 0.
-0.853 0.521 0. 133.856 0.521 0.853 0. -61.334 0. 0. -1. 0.
-0.820 0.572 0. 132.679 0.572 0.820 0. -60.490 0. 0. -1. 0.
-0.780 0.625 0. 131.506 0.625 0.780 0. -59.485 0. 0. -1. 0.
-0.740 0.673 0. 130.396 0.673 0.740 0. -58.451 0. 0. -1. 0.
-0.698 0.716 0. 129.278 0.716 0.698 0. -57.259 0. 0. -1. 0.
-0.658 0.753 0. 128.260 0.753 0.658 0. -56.005 0. 0. -1. 0.
-0.619 0.785 0. 127.308 0.785 0.619 0. -54.678 0. 0. -1. 0.
-0.587 0.810 0. 126.330 0.810 0.587 0. -53.325 0. 0. -1. 0.
-0.561 0.828 0. 125.366 0.828 0.561 0. -51.931 0. 0. -1. 0.
-0.537 0.844 0. 124.464 0.844 0.537 0. -50.508 0. 0. -1. 0.
-0.511 0.860 0. 123.615 0.860 0.511 0. -48.997 0. 0. -1. 0.
-0.485 0.875 0. 122.797 0.875 0.485 0. -47.521 0. 0. -1. 0.
-0.461 0.888 0. 122.072 0.888 0.461 0. -46.038 0. 0. -1. 0.
-0.441 0.897 0. 121.363 0.897 0.441 0. -44.545 0. 0. -1. 0.
-0.424 0.906 0. 120.694 0.906 0.424 0. -42.957 0. 0. -1. 0.
-0.400 0.916 0. 120.023 0.916 0.400 0. -41.481 0. 0. -1. 0.
-0.377 0.926 0. 119.389 0.926 0.377 0. -39.914 0. 0. -1. 0.
-0.351 0.936 0. 118.925 0.936 0.351 0. -38.268 0. 0. -1. 0.
-0.330 0.944 0. 118.243 0.944 0.330 0. -36.656 0. 0. -1. 0.
-0.313 0.950 0. 117.704 0.950 0.313 0. -34.996 0. 0. -1. 0.
-0.305 0.952 0. 117.210 0.952 0.305 0. -33.285 0. 0. -1. 0.
-0.307 0.952 0. 116.670 0.952 0.307 0. -31.602 0. 0. -1. 0.
-0.319 0.948 0. 116.169 0.948 0.319 0. -29.901 0. 0. -1. 0.
-0.341 0.940 0. 115.559 0.940 0.341 0. -28.254 0. 0. -1. 0.
-0.377 0.926 0. 115.012 0.926 0.377 0. -26.553 0. 0. -1. 0.
-0.420 0.908 0. 114.306 0.908 0.420 0. -24.893 0. 0. -1. 0.
-0.467 0.884 0. 113.613 0.884 0.467 0. -23.276 0. 0. -1. 0.
-0.515 0.857 0. 112.630 0.857 0.515 0. -21.707 0. 0. -1. 0.
-0.566 0.825 0. 111.718 0.825 0.566 0. -20.154 0. 0. -1. 0.
-0.620 0.785 0. 110.704 0.785 0.620 0. -18.684 0. 0. -1. 0.
-0.669 0.743 0. 109.472 0.743 0.669 0. -17.243 0. 0. -1. 0.
-0.717 0.697 0. 108.198 0.697 0.717 0. -15.934 0. 0. -1. 0.
-0.760 0.650 0. 106.892 0.650 0.760 0. -14.708 0. 0. -1. 0.
-0.799 0.601 0. 105.408 0.601 0.799 0. -13.586 0. 0. -1. 0.
-0.834 0.552 0. 103.832 0.552 0.834 0. -12.525 0. 0. -1. 0.
-0.868 0.497 0. 102.337 0.497 0.868 0. -11.563 0. 0. -1. 0.
-0.895 0.447 0. 100.603 0.447 0.895 0. -10.769 0. 0. -1. 0.
-0.920 0.391 0. 98.963 0.391 0.920 0. -9.991 0. 0. -1. 0.
-0.942 0.337 0. 97.154 0.337 0.942 0. -9.253 0. 0. -1. 0.
-0.959 0.285 0. 95.367 0.285 0.959 0. -8.766 0. 0. -1. 0.
-0.973 0.231 0. 93.518 0.231 0.973 0. -8.315 0. 0. -1. 0.
-0.984 0.178 0. 91.635 0.178 0.984 0. -7.840 0. 0. -1. 0.
-0.991 0.132 0. 89.675 0.132 0.991 0. -7.611 0. 0. -1. 0.
-0.995 0.095 0. 87.661 0.095 0.995 0. -7.410 0. 0. -1. 0.
-0.998 0.070 0. 85.688 0.070 0.998 0. -7.243 0. 0. -1. 0.
-0.999 0.052 0. 83.703 0.052 0.999 0. -7.132 0. 0. -1. 0.
-0.999 0.039 0. 81.717 0.039 0.999 0. -6.984 0. 0. -1. 0.
-1.000 0.031 0. 79.735 0.031 1.000 0. -6.868 0. 0. -1. 0.
-1.000 0.023 0. 77.647 0.023 1.000 0. -6.799 0. 0. -1. 0.
-1.000 0.018 0. 75.614 0.018 1.000 0. -6.739 0. 0. -1. 0.
-1. 0.014 0. 73.501 0.014 1. 0. -6.634 0. 0. -1. 0.
-1. 0.007 0. 71.455 0.007 1. 0. -6.658 0. 0. -1. 0.
-1. 0.003 0. 69.365 0.003 1. 0. -6.558 0. 0. -1. 0.
-1. -0.001 -0. 67.223 -0.001 1. 0. -6.589 0. 0. -1. 0.
-1. -0.007 -0. 65.142 -0.007 1. 0. -6.497 0. 0. -1. 0.
-1.000 -0.016 -0. 63.018 -0.016 1.000 0. -6.494 0. 0. -1. 0.
-1.000 -0.028 -0. 60.956 -0.028 1.000 0. -6.467 0. 0. -1. 0.
-1.000 -0.031 -0. 58.864 -0.031 1.000 0. -6.468 0. 0. -1. 0.
-1.000 -0.025 -0. 56.792 -0.025 1.000 0. -6.547 0. 0. -1. 0.
-1.000 -0.020 -0. 54.727 -0.020 1.000 0. -6.520 0. 0. -1. 0.
-1. -0.014 -0. 52.685 -0.014 1. 0. -6.511 0. 0. -1. 0.
-1. -0.003 -0. 50.673 -0.003 1. 0. -6.519 0. 0. -1. 0.
-1. 0.005 0. 48.654 0.005 1. 0. -6.502 0. 0. -1. 0.
-1. 0.009 0. 46.672 0.009 1. 0. -6.474 0. 0. -1. 0.
-1.000 0.019 0. 44.678 0.019 1.000 0. -6.422 0. 0. -1. 0.
-0.999 0.032 0. 42.673 0.032 0.999 0. -6.373 0. 0. -1. 0.
-0.999 0.047 0. 40.658 0.047 0.999 0. -6.161 0. 0. -1. 0.
-0.998 0.062 0. 38.658 0.062 0.998 0. -5.913 0. 0. -1. 0.
-0.997 0.075 0. 36.662 0.075 0.997 0. -5.754 0. 0. -1. 0.
-0.996 0.084 0. 34.590 0.084 0.996 0. -5.474 0. 0. -1. 0.
-0.995 0.097 0. 32.621 0.097 0.995 0. -5.305 0. 0. -1. 0.
-0.994 0.111 0. 30.632 0.111 0.994 0. -5.050 0. 0. -1. 0.
-0.993 0.115 0. 28.587 0.115 0.993 0. -4.738 0. 0. -1. 0.
-0.992 0.124 0. 26.524 0.124 0.992 0. -4.493 0. 0. -1. 0.
-0.991 0.132 0. 24.510 0.132 0.991 0. -4.190 0. 0. -1. 0.
-0.990 0.140 0. 22.448 0.140 0.990 0. -3.896 0. 0. -1. 0.
-0.990 0.144 0. 20.396 0.144 0.990 0. -3.538 0. 0. -1. 0.
-0.989 0.149 0. 18.406 0.149 0.989 0. -3.263 0. 0. -1. 0.
-0.989 0.150 0. 16.324 0.150 0.989 0. -2.878 0. 0. -1. 0.
-0.988 0.152 0. 14.313 0.152 0.988 0. -2.568 0. 0. -1. 0.
-0.988 0.152 0. 12.297 0.152 0.988 0. -2.278 0. 0. -1. 0.
-0.988 0.154 0. 10.330 0.154 0.988 0. -1.947 0. 0. -1. 0.
-0.989 0.149 0. 8.418 0.149 0.989 0. -1.575 0. 0. -1. 0.
-0.990 0.144 0. 6.575 0.144 0.990 0. -1.320 0. 0. -1. 0.
-0.991 0.134 0. 4.814 0.134 0.991 0. -1.094 0. 0. -1. 0.
-0.992 0.126 0. 3.205 0.126 0.992 0. -0.799 0. 0. -1. 0.
-0.993 0.122 0. 1.589 0.122 0.993 0. -0.578 0. 0. -1. 0.
-0.994 0.113 0. 0.194 0.113 0.994 0. -0.404 0. 0. -1. 0.
-0.994 0.112 0. -1.152 0.112 0.994 0. -0.212 0. 0. -1. 0.
-0.994 0.111 0. -2.369 0.111 0.994 0. -0.054 0. 0. -1. 0.
-0.994 0.108 0. -3.504 0.108 0.994 0. 0.057 0. 0. -1. 0.
-0.994 0.107 0. -4.457 0.107 0.994 0. 0.183 0. 0. -1. 0.
-0.994 0.106 0. -5.379 0.106 0.994 0. 0.325 0. 0. -1. 0.
-0.994 0.106 0. -6.263 0.106 0.994 0. 0.443 0. 0. -1. 0.
-0.995 0.098 0. -7.045 0.098 0.995 0. 0.510 0. 0. -1. 0.
-0.996 0.093 0. -7.739 0.093 0.996 0. 0.637 0. 0. -1. 0.
-0.996 0.091 0. -8.387 0.091 0.996 0. 0.691 0. 0. -1. 0.
-0.996 0.085 0. -8.901 0.085 0.996 0. 0.805 0. 0. -1. 0.
-0.997 0.082 0. -9.295 0.082 0.997 0. 0.823 0. 0. -1. 0.
-0.997 0.081 0. -9.584 0.081 0.997 0. 0.867 0. 0. -1. 0.
-0.997 0.080 0. -9.837 0.080 0.997 0. 0.827 0. 0. -1. 0.
-0.997 0.079 0. -10.058 0.079 0.997 0. 0.844 0. 0. -1. 0.
-0.997 0.076 0. -10.372 0.076 0.997 0. 0.827 0. 0. -1. 0.
-0.997 0.076 0. -10.688 0.076 0.997 0. 0.864 0. 0. -1. 0.
-0.997 0.074 0. -11.089 0.074 0.997 0. 0.932 0. 0. -1. 0.
-0.997 0.073 0. -11.601 0.073 0.997 0. 0.921 0. 0. -1. 0.
-0.997 0.071 0. -12.222 0.071 0.997 0. 1.090 0. 0. -1. 0.
-0.998 0.069 0. -13.009 0.069 0.998 0. 1.117 0. 0. -1. 0.
-0.998 0.066 0. -13.984 0.066 0.998 0. 1.184 0. 0. -1. 0.
-0.998 0.064 0. -14.966 0.064 0.998 0. 1.262 0. 0. -1. 0.
-0.998 0.061 0. -16.087 0.061 0.998 0. 1.329 0. 0. -1. 0.
-0.998 0.061 0. -17.318 0.061 0.998 0. 1.455 0. 0. -1. 0.
-0.998 0.061 0. -18.593 0.061 0.998 0. 1.583 0. 0. -1. 0.
-0.998 0.061 0. -19.915 0.061 0.998 0. 1.692 0. 0. -1. 0.
-0.998 0.060 0. -21.380 0.060 0.998 0. 1.792 0. 0. -1. 0.
-0.998 0.056 0. -22.869 0.056 0.998 0. 1.905 0. 0. -1. 0.
-0.999 0.051 0. -24.480 0.051 0.999 0. 1.986 0. 0. -1. 0.
-0.999 0.048 0. -26.163 0.048 0.999 0. 2.077 0. 0. -1. 0.
-0.999 0.047 0. -27.792 0.047 0.999 0. 2.177 0. 0. -1. 0.
-0.999 0.042 0. -29.560 0.042 0.999 0. 2.212 0. 0. -1. 0.
-0.999 0.042 0. -31.335 0.042 0.999 0. 2.340 0. 0. -1. 0.
-0.999 0.037 0. -33.166 0.037 0.999 0. 2.494 0. 0. -1. 0.
-0.999 0.038 0. -35.091 0.038 0.999 0. 2.520 0. 0. -1. 0.
-0.999 0.034 0. -36.985 0.034 0.999 0. 2.631 0. 0. -1. 0.
-0.999 0.035 0. -38.966 0.035 0.999 0. 2.748 0. 0. -1. 0.
-0.999 0.033 0. -40.934 0.033 0.999 0. 2.819 0. 0. -1. 0.
-0.999 0.037 0. -42.930 0.037 0.999 0. 2.999 0. 0. -1. 0.
-0.999 0.040 0. -44.935 0.040 0.999 0. 3.075 0. 0. -1. 0.
-0.999 0.050 0. -46.865 0.050 0.999 0. 3.192 0. 0. -1. 0.
-0.998 0.066 0. -48.901 0.066 0.998 0. 3.381 0. 0. -1. 0.
-0.996 0.088 0. -50.748 0.088 0.996 0. 3.498 0. 0. -1. 0.
-0.994 0.111 0. -52.618 0.111 0.994 0. 3.774 0. 0. -1. 0.
-0.991 0.137 0. -54.300 0.137 0.991 0. 3.982 0. 0. -1. 0.
-0.986 0.168 0. -55.932 0.168 0.986 0. 4.294 0. 0. -1. 0.
-0.976 0.216 0. -57.475 0.216 0.976 0. 4.624 0. 0. -1. 0.
-0.962 0.274 0. -58.869 0.274 0.962 0. 5.061 0. 0. -1. 0.
-0.941 0.338 0. -60.191 0.338 0.941 0. 5.521 0. 0. -1. 0.
-0.913 0.408 0. -61.375 0.408 0.913 0. 6.092 0. 0. -1. 0.
-0.877 0.481 0. -62.432 0.481 0.877 0. 6.720 0. 0. -1. 0.
-0.828 0.560 0. -63.425 0.560 0.828 0. 7.391 0. 0. -1. 0.
-0.766 0.643 0. -64.310 0.643 0.766 0. 8.165 0. 0. -1. 0.
-0.695 0.719 0. -65.134 0.719 0.695 0. 9.050 0. 0. -1. 0.
-0.616 0.788 0. -65.811 0.788 0.616 0. 10.016 0. 0. -1. 0.
-0.531 0.847 0. -66.429 0.847 0.531 0. 11.020 0. 0. -1. 0.
-0.438 0.899 0. -66.944 0.899 0.438 0. 12.132 0. 0. -1. 0.
-0.338 0.941 0. -67.393 0.941 0.338 0. 13.341 0. 0. -1. 0.
-0.242 0.970 0. -67.668 0.970 0.242 0. 14.668 0. 0. -1. 0.
-0.147 0.989 0. -67.877 0.989 0.147 0. 16.024 0. 0. -1. 0.
-0.067 0.998 0. -68.104 0.998 0.067 0. 17.541 0. 0. -1. 0.
-0.020 1.000 0. -68.150 1.000 0.020 0. 19.037 0. 0. -1. 0.
0.004 1. 0. -67.977 1. -0.004 -0. 20.611 0. 0. -1. 0.
0.014 1.000 0. -67.848 1.000 -0.014 -0. 22.322 0. 0. -1. 0.
0.026 1.000 0. -67.676 1.000 -0.026 -0. 23.927 0. 0. -1. 0.
0.030 1.000 0. -67.728 1.000 -0.030 -0. 25.682 0. 0. -1. 0.
0.033 0.999 0. -67.513 0.999 -0.033 -0. 27.410 0. 0. -1. 0.
0.036 0.999 0. -67.526 0.999 -0.036 -0. 29.214 0. 0. -1. 0.
0.046 0.999 0. -67.331 0.999 -0.046 -0. 30.994 0. 0. -1. 0.
0.054 0.999 0. -67.221 0.999 -0.054 -0. 32.862 0. 0. -1. 0.
0.067 0.998 0. -66.952 0.998 -0.067 -0. 34.786 0. 0. -1. 0.
0.090 0.996 0. -66.783 0.996 -0.090 -0. 36.730 0. 0. -1. 0.
0.118 0.993 0. -66.544 0.993 -0.118 -0. 38.656 0. 0. -1. 0.
0.147 0.989 0. -66.235 0.989 -0.147 -0. 40.735 0. 0. -1. 0.
0.177 0.984 0. -65.889 0.984 -0.177 -0. 42.743 0. 0. -1. 0.
0.197 0.980 0. -65.360 0.980 -0.197 -0. 44.709 0. 0. -1. 0.
0.209 0.978 0. -65.002 0.978 -0.209 -0. 46.699 0. 0. -1. 0.
0.207 0.978 0. -64.425 0.978 -0.207 -0. 48.840 0. 0. -1. 0.
0.195 0.981 0. -63.976 0.981 -0.195 -0. 50.668 0. 0. -1. 0.
0.171 0.985 0. -63.626 0.985 -0.171 -0. 52.654 0. 0. -1. 0.
0.151 0.988 0. -63.251 0.988 -0.151 -0. 54.621 0. 0. -1. 0.
0.130 0.991 0. -62.976 0.991 -0.130 -0. 56.622 0. 0. -1. 0.
0.108 0.994 0. -62.619 0.994 -0.108 -0. 58.529 0. 0. -1. 0.
0.085 0.996 0. -62.416 0.996 -0.085 -0. 60.471 0. 0. -1. 0.
0.066 0.998 0. -62.242 0.998 -0.066 -0. 62.373 0. 0. -1. 0.
0.050 0.999 0. -62.177 0.999 -0.050 -0. 64.237 0. 0. -1. 0.
0.033 0.999 0. -62.102 0.999 -0.033 -0. 66.136 0. 0. -1. 0.
0.027 1.000 0. -62.021 1.000 -0.027 -0. 67.949 0. 0. -1. 0.
0.021 1.000 0. -61.978 1.000 -0.021 -0. 69.831 0. 0. -1. 0.
0.015 1.000 0. -61.853 1.000 -0.015 -0. 71.719 0. 0. -1. 0.
0.014 1. 0. -61.711 1. -0.014 -0. 73.495 0. 0. -1. 0.
0.014 1.000 0. -61.759 1.000 -0.014 -0. 75.252 0. 0. -1. 0.
0.013 1. 0. -61.703 1. -0.013 -0. 77.011 0. 0. -1. 0.
0.010 1. 0. -61.592 1. -0.010 -0. 78.888 0. 0. -1. 0.
0.010 1. 0. -61.542 1. -0.010 -0. 80.629 0. 0. -1. 0.
0.009 1. 0. -61.513 1. -0.009 -0. 82.322 0. 0. -1. 0.
-0.002 1. 0. -61.487 1. 0.002 0. 84.003 0. 0. -1. 0.
-0.025 1.000 0. -61.444 1.000 0.025 0. 85.574 0. 0. -1. 0.
-0.063 0.998 0. -61.573 0.998 0.063 0. 87.113 0. 0. -1. 0.
-0.123 0.992 0. -61.705 0.992 0.123 0. 88.514 0. 0. -1. 0.
-0.194 0.981 0. -61.939 0.981 0.194 0. 89.988 0. 0. -1. 0.
-0.287 0.958 0. -62.352 0.958 0.287 0. 91.268 0. 0. -1. 0.
-0.379 0.925 0. -62.736 0.925 0.379 0. 92.598 0. 0. -1. 0.
-0.475 0.880 0. -63.399 0.880 0.475 0. 93.765 0. 0. -1. 0.
-0.559 0.829 0. -64.085 0.829 0.559 0. 94.872 0. 0. -1. 0.
-0.639 0.769 0. -64.963 0.769 0.639 0. 95.874 0. 0. -1. 0.
-0.715 0.699 0. -65.882 0.699 0.715 0. 96.804 0. 0. -1. 0.
-0.779 0.628 0. -66.950 0.628 0.779 0. 97.760 0. 0. -1. 0.
-0.831 0.556 0. -68.052 0.556 0.831 0. 98.564 0. 0. -1. 0.
-0.872 0.490 0. -69.287 0.490 0.872 0. 99.161 0. 0. -1. 0.
-0.908 0.420 0. -70.550 0.420 0.908 0. 99.867 0. 0. -1. 0.
-0.935 0.355 0. -71.997 0.355 0.935 0. 100.358 0. 0. -1. 0.
-0.955 0.297 0. -73.482 0.297 0.955 0. 100.869 0. 0. -1. 0.
-0.968 0.250 0. -75.030 0.250 0.968 0. 101.310 0. 0. -1. 0.
-0.975 0.220 0. -76.610 0.220 0.975 0. 101.615 0. 0. -1. 0.
-0.979 0.204 0. -78.172 0.204 0.979 0. 102.045 0. 0. -1. 0.
-0.979 0.204 0. -79.781 0.204 0.979 0. 102.389 0. 0. -1. 0.
-0.975 0.224 0. -81.430 0.224 0.975 0. 102.703 0. 0. -1. 0.
-0.966 0.259 0. -82.958 0.259 0.966 0. 103.161 0. 0. -1. 0.
-0.950 0.311 0. -84.587 0.311 0.950 0. 103.676 0. 0. -1. 0.
-0.927 0.374 0. -86.155 0.374 0.927 0. 104.353 0. 0. -1. 0.
-0.897 0.441 0. -87.658 0.441 0.897 0. 105.226 0. 0. -1. 0.
-0.865 0.502 0. -89.171 0.502 0.865 0. 106.139 0. 0. -1. 0.
-0.830 0.558 0. -90.636 0.558 0.830 0. 107.159 0. 0. -1. 0.
-0.796 0.605 0. -92.116 0.605 0.796 0. 108.274 0. 0. -1. 0.
-0.765 0.644 0. -93.502 0.644 0.765 0. 109.476 0. 0. -1. 0.
-0.741 0.672 0. -94.910 0.672 0.741 0. 110.736 0. 0. -1. 0.
-0.721 0.693 0. -96.348 0.693 0.721 0. 112.016 0. 0. -1. 0.
-0.704 0.710 0. -97.712 0.710 0.704 0. 113.486 0. 0. -1. 0.
-0.692 0.722 0. -99.142 0.722 0.692 0. 114.945 0. 0. -1. 0.
-0.688 0.726 0. -100.545 0.726 0.688 0. 116.428 0. 0. -1. 0.
-0.685 0.728 0. -101.959 0.728 0.685 0. 118.065 0. 0. -1. 0.
-0.686 0.727 0. -103.395 0.727 0.686 0. 119.668 0. 0. -1. 0.
-0.687 0.726 0. -104.897 0.726 0.687 0. 121.261 0. 0. -1. 0.
-0.686 0.728 0. -106.337 0.728 0.686 0. 123.043 0. 0. -1. 0.
-0.686 0.728 0. -107.829 0.728 0.686 0. 124.635 0. 0. -1. 0.
-0.681 0.732 0. -109.342 0.732 0.681 0. 126.197 0. 0. -1. 0.
-0.681 0.733 0. -110.859 0.733 0.681 0. 127.812 0. 0. -1. 0.
-0.675 0.738 0. -112.283 0.738 0.675 0. 129.473 0. 0. -1. 0.
-0.672 0.741 0. -113.716 0.741 0.672 0. 131.078 0. 0. -1. 0.
-0.670 0.743 0. -115.092 0.743 0.670 0. 132.686 0. 0. -1. 0.
-0.669 0.743 0. -116.636 0.743 0.669 0. 134.302 0. 0. -1. 0.
-0.672 0.740 0. -118.010 0.740 0.672 0. 135.922 0. 0. -1. 0.
-0.675 0.738 0. -119.448 0.738 0.675 0. 137.564 0. 0. -1. 0.
-0.679 0.734 0. -120.818 0.734 0.679 0. 139.233 0. 0. -1. 0.
-0.676 0.737 0. -122.244 0.737 0.676 0. 140.810 0. 0. -1. 0.
-0.674 0.739 0. -123.704 0.739 0.674 0. 142.515 0. 0. -1. 0.
-0.673 0.740 0. -125.118 0.740 0.673 0. 144.164 0. 0. -1. 0.
-0.671 0.742 0. -126.535 0.742 0.671 0. 145.872 0. 0. -1. 0.
-0.670 0.742 0. -127.949 0.742 0.670 0. 147.615 0. 0. -1. 0.
-0.666 0.746 0. -129.310 0.746 0.666 0. 149.263 0. 0. -1. 0.
-0.665 0.747 0. -130.850 0.747 0.665 0. 150.913 0. 0. -1. 0.
-0.661 0.751 0. -132.257 0.751 0.661 0. 152.544 0. 0. -1. 0.
-0.655 0.756 0. -133.788 0.756 0.655 0. 154.253 0. 0. -1. 0.
-0.645 0.764 0. -135.196 0.764 0.645 0. 155.958 0. 0. -1. 0.
-0.636 0.772 0. -136.551 0.772 0.636 0. 157.738 0. 0. -1. 0.
-0.626 0.780 0. -137.969 0.780 0.626 0. 159.476 0. 0. -1. 0.
-0.614 0.790 0. -139.356 0.790 0.614 0. 161.300 0. 0. -1. 0.
-0.598 0.802 0. -140.522 0.802 0.598 0. 163.186 0. 0. -1. 0.
-0.576 0.818 0. -141.885 0.818 0.576 0. 165.034 0. 0. -1. 0.
-0.546 0.838 0. -143.020 0.838 0.546 0. 166.909 0. 0. -1. 0.
-0.513 0.858 0. -144.082 0.858 0.513 0. 168.832 0. 0. -1. 0.
-0.483 0.876 0. -145.169 0.876 0.483 0. 170.771 0. 0. -1. 0.
-0.449 0.894 0. -146.134 0.894 0.449 0. 172.745 0. 0. -1. 0.
-0.416 0.909 0. -147.084 0.909 0.416 0. 174.722 0. 0. -1. 0.
-0.384 0.923 0. -147.914 0.923 0.384 0. 176.771 0. 0. -1. 0.
-0.351 0.936 0. -148.730 0.936 0.351 0. 178.835 0. 0. -1. 0.
-0.316 0.949 0. -149.349 0.949 0.316 0. 180.905 0. 0. -1. 0.
-0.281 0.960 0. -149.903 0.960 0.281 0. 182.980 0. 0. -1. 0.
-0.251 0.968 0. -150.387 0.968 0.251 0. 185.108 0. 0. -1. 0.
-0.225 0.974 0. -150.778 0.974 0.225 0. 187.242 0. 0. -1. 0.
-0.205 0.979 0. -151.302 0.979 0.205 0. 189.308 0. 0. -1. 0.
-0.180 0.984 0. -151.606 0.984 0.180 0. 191.460 0. 0. -1. 0.
-0.154 0.988 0. -151.975 0.988 0.154 0. 193.552 0. 0. -1. 0.
-0.130 0.992 0. -152.185 0.992 0.130 0. 195.675 0. 0. -1. 0.
-0.108 0.994 0. -152.459 0.994 0.108 0. 197.801 0. 0. -1. 0.
-0.095 0.996 0. -152.583 0.996 0.095 0. 199.893 0. 0. -1. 0.
-0.082 0.997 0. -152.721 0.997 0.082 0. 202.048 0. 0. -1. 0.
-0.073 0.997 0. -152.855 0.997 0.073 0. 204.141 0. 0. -1. 0.
-0.070 0.998 0. -152.966 0.998 0.070 0. 206.237 0. 0. -1. 0.
-0.069 0.998 0. -153.065 0.998 0.069 0. 208.352 0. 0. -1. 0.
-0.074 0.997 0. -153.215 0.997 0.074 0. 210.462 0. 0. -1. 0.
-0.080 0.997 0. -153.336 0.997 0.080 0. 212.587 0. 0. -1. 0.
-0.084 0.996 0. -153.434 0.996 0.084 0. 214.743 0. 0. -1. 0.
-0.095 0.995 0. -153.514 0.995 0.095 0. 216.876 0. 0. -1. 0.
-0.114 0.993 0. -153.791 0.993 0.114 0. 219.001 0. 0. -1. 0.
-0.141 0.990 0. -153.950 0.990 0.141 0. 221.173 0. 0. -1. 0.
-0.176 0.984 0. -154.334 0.984 0.176 0. 223.286 0. 0. -1. 0.
-0.225 0.974 0. -154.675 0.974 0.225 0. 225.403 0. 0. -1. 0.
-0.281 0.960 0. -155.245 0.960 0.281 0. 227.460 0. 0. -1. 0.
-0.341 0.940 0. -155.882 0.940 0.341 0. 229.439 0. 0. -1. 0.
-0.401 0.916 0. -156.724 0.916 0.401 0. 231.438 0. 0. -1. 0.
-0.467 0.884 0. -157.635 0.884 0.467 0. 233.268 0. 0. -1. 0.
-0.533 0.846 0. -158.715 0.846 0.533 0. 235.039 0. 0. -1. 0.
-0.596 0.803 0. -159.924 0.803 0.596 0. 236.755 0. 0. -1. 0.
-0.660 0.751 0. -161.188 0.751 0.660 0. 238.401 0. 0. -1. 0.
-0.726 0.688 0. -162.735 0.688 0.726 0. 239.819 0. 0. -1. 0.
-0.783 0.622 0. -164.335 0.622 0.783 0. 241.092 0. 0. -1. 0.
-0.834 0.552 0. -165.914 0.552 0.834 0. 242.280 0. 0. -1. 0.
-0.875 0.483 0. -167.708 0.483 0.875 0. 243.269 0. 0. -1. 0.
-0.908 0.419 0. -169.499 0.419 0.908 0. 244.111 0. 0. -1. 0.
-0.929 0.369 0. -171.276 0.369 0.929 0. 244.913 0. 0. -1. 0.
-0.942 0.335 0. -173.118 0.335 0.942 0. 245.625 0. 0. -1. 0.
-0.950 0.311 0. -175.004 0.311 0.950 0. 246.285 0. 0. -1. 0.
-0.955 0.297 0. -176.919 0.297 0.955 0. 246.963 0. 0. -1. 0.
-0.958 0.287 0. -178.832 0.287 0.958 0. 247.583 0. 0. -1. 0.
-0.961 0.276 0. -180.808 0.276 0.961 0. 248.154 0. 0. -1. 0.
-0.964 0.265 0. -182.793 0.265 0.964 0. 248.740 0. 0. -1. 0.
-0.965 0.261 0. -184.886 0.261 0.965 0. 249.321 0. 0. -1. 0.
-0.965 0.264 0. -186.853 0.264 0.965 0. 249.955 0. 0. -1. 0.
-0.964 0.267 0. -188.854 0.267 0.964 0. 250.548 0. 0. -1. 0.
-0.963 0.269 0. -190.940 0.269 0.963 0. 251.130 0. 0. -1. 0.
-0.963 0.271 0. -193.032 0.271 0.963 0. 251.770 0. 0. -1. 0.
-0.962 0.272 0. -195.089 0.272 0.962 0. 252.394 0. 0. -1. 0.
-0.962 0.274 0. -197.219 0.274 0.962 0. 252.996 0. 0. -1. 0.
-0.961 0.277 0. -199.349 0.277 0.961 0. 253.656 0. 0. -1. 0.
-0.960 0.279 0. -201.463 0.279 0.960 0. 254.289 0. 0. -1. 0.
-0.960 0.280 0. -203.557 0.280 0.960 0. 254.930 0. 0. -1. 0.
-0.959 0.282 0. -205.686 0.282 0.959 0. 255.640 0. 0. -1. 0.
-0.957 0.289 0. -207.881 0.289 0.957 0. 256.279 0. 0. -1. 0.
-0.953 0.303 0. -209.997 0.303 0.953 0. 256.958 0. 0. -1. 0.
-0.948 0.320 0. -212.085 0.320 0.948 0. 257.715 0. 0. -1. 0.
-0.940 0.341 0. -214.110 0.341 0.940 0. 258.500 0. 0. -1. 0.
-0.930 0.368 0. -216.116 0.368 0.930 0. 259.335 0. 0. -1. 0.
-0.918 0.396 0. -218.103 0.396 0.918 0. 260.223 0. 0. -1. 0.
-0.907 0.421 0. -220.015 0.421 0.907 0. 261.135 0. 0. -1. 0.
-0.895 0.446 0. -221.889 0.446 0.895 0. 262.167 0. 0. -1. 0.
-0.881 0.473 0. -223.634 0.473 0.881 0. 263.159 0. 0. -1. 0.
-0.870 0.493 0. -225.336 0.493 0.870 0. 264.092 0. 0. -1. 0.
-0.860 0.510 0. -226.805 0.510 0.860 0. 264.968 0. 0. -1. 0.
-0.854 0.521 0. -228.160 0.521 0.854 0. 265.866 0. 0. -1. 0.
-0.854 0.520 0. -229.418 0.520 0.854 0. 266.690 0. 0. -1. 0.
-0.854 0.520 0. -230.563 0.520 0.854 0. 267.444 0. 0. -1. 0.
-0.856 0.517 0. -231.631 0.517 0.856 0. 268.088 0. 0. -1. 0.
-0.858 0.514 0. -232.614 0.514 0.858 0. 268.820 0. 0. -1. 0.
-0.861 0.509 0. -233.540 0.509 0.861 0. 269.317 0. 0. -1. 0.
-0.863 0.506 0. -234.341 0.506 0.863 0. 269.930 0. 0. -1. 0.
-0.864 0.504 0. -235.060 0.504 0.864 0. 270.274 0. 0. -1. 0.
-0.865 0.502 0. -235.619 0.502 0.865 0. 270.559 0. 0. -1. 0.
-0.865 0.502 0. -236.026 0.502 0.865 0. 270.892 0. 0. -1. 0.
-0.864 0.503 0. -236.432 0.503 0.864 0. 271.081 0. 0. -1. 0.
-0.864 0.504 0. -236.636 0.504 0.864 0. 271.251 0. 0. -1. 0.
-0.864 0.503 0. -236.822 0.503 0.864 0. 271.361 0. 0. -1. 0.
-0.864 0.504 0. -236.878 0.504 0.864 0. 271.411 0. 0. -1. 0.
-0.864 0.504 0. -236.850 0.504 0.864 0. 271.398 0. 0. -1. 0.
-0.865 0.502 0. -236.870 0.502 0.865 0. 271.369 0. 0. -1. 0.
-0.864 0.504 0. -236.894 0.504 0.864 0. 271.404 0. 0. -1. 0.
-0.864 0.503 0. -236.908 0.503 0.864 0. 271.383 0. 0. -1. 0.
-0.864 0.504 0. -236.895 0.504 0.864 0. 271.443 0. 0. -1. 0.
-0.864 0.504 0. -236.881 0.504 0.864 0. 271.394 0. 0. -1. 0.
-0.864 0.503 0. -236.907 0.503 0.864 0. 271.414 0. 0. -1. 0.
-0.865 0.502 0. -236.972 0.502 0.865 0. 271.421 0. 0. -1. 0.
-0.864 0.503 0. -237.034 0.503 0.864 0. 271.454 0. 0. -1. 0.
-0.864 0.504 0. -237.068 0.504 0.864 0. 271.493 0. 0. -1. 0.
-0.863 0.504 0. -237.130 0.504 0.863 0. 271.512 0. 0. -1. 0.
-0.864 0.504 0. -237.133 0.504 0.864 0. 271.540 0. 0. -1. 0.
-0.863 0.504 0. -237.158 0.504 0.863 0. 271.545 0. 0. -1. 0.
-0.863 0.505 0. -237.176 0.505 0.863 0. 271.591 0. 0. -1. 0.
-0.863 0.506 0. -237.251 0.506 0.863 0. 271.634 0. 0. -1. 0.
-0.863 0.505 0. -237.335 0.505 0.863 0. 271.678 0. 0. -1. 0.
-0.862 0.506 0. -237.380 0.506 0.862 0. 271.752 0. 0. -1. 0.
-0.863 0.506 0. -237.462 0.506 0.863 0. 271.762 0. 0. -1. 0.
-0.862 0.506 0. -237.567 0.506 0.862 0. 271.773 0. 0. -1. 0.
-0.861 0.508 0. -237.696 0.508 0.861 0. 271.843 0. 0. -1. 0.
-0.861 0.508 0. -237.800 0.508 0.861 0. 271.918 0. 0. -1. 0.
-0.861 0.509 0. -237.939 0.509 0.861 0. 272. 0. 0. -1. 0.
-0.860 0.511 0. -238.073 0.511 0.860 0. 272.055 0. 0. -1. 0.
-0.858 0.513 0. -238.228 0.513 0.858 0. 272.151 0. 0. -1. 0.
-0.858 0.513 0. -238.373 0.513 0.858 0. 272.229 0. 0. -1. 0.
-0.857 0.515 0. -238.556 0.515 0.857 0. 272.306 0. 0. -1. 0.
-0.854 0.520 0. -238.725 0.520 0.854 0. 272.479 0. 0. -1. 0.
-0.848 0.529 0. -238.940 0.529 0.848 0. 272.625 0. 0. -1. 0.
-0.837 0.547 0. -239.205 0.547 0.837 0. 272.813 0. 0. -1. 0.
-0.815 0.579 0. -239.616 0.579 0.815 0. 273.159 0. 0. -1. 0.
-0.783 0.622 0. -240.037 0.622 0.783 0. 273.518 0. 0. -1. 0.
-0.744 0.669 0. -240.562 0.669 0.744 0. 274.031 0. 0. -1. 0.
-0.693 0.721 0. -241.211 0.721 0.693 0. 274.606 0. 0. -1. 0.
-0.634 0.773 0. -241.769 0.773 0.634 0. 275.367 0. 0. -1. 0.
-0.557 0.830 0. -242.405 0.830 0.557 0. 276.238 0. 0. -1. 0.
-0.464 0.886 0. -242.777 0.886 0.464 0. 277.354 0. 0. -1. 0.
-0.356 0.934 0. -243.201 0.934 0.356 0. 278.356 0. 0. -1. 0.
-0.245 0.970 0. -243.307 0.970 0.245 0. 279.533 0. 0. -1. 0.
-0.118 0.993 0. -243.466 0.993 0.118 0. 280.765 0. 0. -1. 0.
0.011 1. 0. -243.372 1. -0.011 -0. 281.984 0. 0. -1. 0.
0.135 0.991 0. -243.166 0.991 -0.135 -0. 283.277 0. 0. -1. 0.
0.234 0.972 0. -242.785 0.972 -0.234 -0. 284.528 0. 0. -1. 0.
0.282 0.959 0. -242.333 0.959 -0.282 -0. 285.912 0. 0. -1. 0.
0.303 0.953 0. -241.755 0.953 -0.303 -0. 287.560 0. 0. -1. 0.
0.304 0.953 0. -241.226 0.953 -0.304 -0. 289.251 0. 0. -1. 0.
0.295 0.956 0. -240.687 0.956 -0.295 -0. 290.943 0. 0. -1. 0.
0.288 0.958 0. -240.180 0.958 -0.288 -0. 292.773 0. 0. -1. 0.
0.287 0.958 0. -239.570 0.958 -0.287 -0. 294.659 0. 0. -1. 0.
0.287 0.958 0. -238.961 0.958 -0.287 -0. 296.605 0. 0. -1. 0.
0.285 0.959 0. -238.310 0.959 -0.285 -0. 298.673 0. 0. -1. 0.
0.285 0.958 0. -237.642 0.958 -0.285 -0. 300.867 0. 0. -1. 0.
0.285 0.958 0. -236.900 0.958 -0.285 -0. 303.083 0. 0. -1. 0.
0.285 0.959 0. -236.142 0.959 -0.285 -0. 305.440 0. 0. -1. 0.
0.285 0.959 0. -235.391 0.959 -0.285 -0. 307.809 0. 0. -1. 0.
0.286 0.958 0. -234.598 0.958 -0.286 -0. 310.283 0. 0. -1. 0.
0.286 0.958 0. -233.804 0.958 -0.286 -0. 312.727 0. 0. -1. 0.
0.286 0.958 0. -233.025 0.958 -0.286 -0. 315.264 0. 0. -1. 0.
0.286 0.958 0. -232.191 0.958 -0.286 -0. 317.869 0. 0. -1. 0.
0.287 0.958 0. -231.363 0.958 -0.287 -0. 320.523 0. 0. -1. 0.
0.286 0.958 0. -230.457 0.958 -0.286 -0. 323.249 0. 0. -1. 0.
0.287 0.958 0. -229.598 0.958 -0.287 -0. 326.019 0. 0. -1. 0.
0.289 0.957 0. -228.686 0.957 -0.289 -0. 328.855 0. 0. -1. 0.
0.289 0.957 0. -227.809 0.957 -0.289 -0. 331.711 0. 0. -1. 0.
0.289 0.957 0. -226.898 0.957 -0.289 -0. 334.577 0. 0. -1. 0.
0.288 0.958 0. -226.016 0.958 -0.288 -0. 337.396 0. 0. -1. 0.
0.290 0.957 0. -225.101 0.957 -0.290 -0. 340.226 0. 0. -1. 0.
0.289 0.957 0. -224.190 0.957 -0.289 -0. 343.012 0. 0. -1. 0.
0.291 0.957 0. -223.335 0.957 -0.291 -0. 345.805 0. 0. -1. 0.
0.292 0.957 0. -222.468 0.957 -0.292 -0. 348.572 0. 0. -1. 0.
0.290 0.957 0. -221.574 0.957 -0.290 -0. 351.394 0. 0. -1. 0.
0.288 0.958 0. -220.704 0.958 -0.288 -0. 354.212 0. 0. -1. 0.
0.286 0.958 0. -219.789 0.958 -0.286 -0. 357.047 0. 0. -1. 0.
0.286 0.958 0. -218.873 0.958 -0.286 -0. 359.897 0. 0. -1. 0.
0.286 0.958 0. -217.959 0.958 -0.286 -0. 362.769 0. 0. -1. 0.
0.285 0.959 0. -217.016 0.959 -0.285 -0. 365.683 0. 0. -1. 0.
0.286 0.958 0. -216.078 0.958 -0.286 -0. 368.601 0. 0. -1. 0.
0.285 0.959 0. -215.150 0.959 -0.285 -0. 371.553 0. 0. -1. 0.
0.286 0.958 0. -214.191 0.958 -0.286 -0. 374.468 0. 0. -1. 0.
0.286 0.958 0. -213.300 0.958 -0.286 -0. 377.423 0. 0. -1. 0.
0.287 0.958 0. -212.384 0.958 -0.287 -0. 380.437 0. 0. -1. 0.
0.286 0.958 0. -211.381 0.958 -0.286 -0. 383.449 0. 0. -1. 0.
0.286 0.958 0. -210.363 0.958 -0.286 -0. 386.459 0. 0. -1. 0.
0.284 0.959 0. -209.451 0.959 -0.284 -0. 389.520 0. 0. -1. 0.
0.285 0.959 0. -208.469 0.959 -0.285 -0. 392.583 0. 0. -1. 0.
0.285 0.958 0. -207.480 0.958 -0.285 -0. 395.708 0. 0. -1. 0.
0.288 0.958 0. -206.493 0.958 -0.288 -0. 398.875 0. 0. -1. 0.
0.286 0.958 0. -205.483 0.958 -0.286 -0. 402.095 0. 0. -1. 0.
0.282 0.959 0. -204.439 0.959 -0.282 -0. 405.351 0. 0. -1. 0.
0.279 0.960 0. -203.370 0.960 -0.279 -0. 408.596 0. 0. -1. 0.
0.279 0.960 0. -202.378 0.960 -0.279 -0. 411.851 0. 0. -1. 0.
0.278 0.961 0. -201.426 0.961 -0.278 -0. 415.115 0. 0. -1. 0.
0.277 0.961 0. -200.417 0.961 -0.277 -0. 418.335 0. 0. -1. 0.
0.277 0.961 0. -199.422 0.961 -0.277 -0. 421.580 0. 0. -1. 0.
0.276 0.961 0. -198.396 0.961 -0.276 -0. 424.822 0. 0. -1. 0.
0.274 0.962 0. -197.420 0.962 -0.274 -0. 428.112 0. 0. -1. 0.
0.267 0.964 0. -196.377 0.964 -0.267 -0. 431.423 0. 0. -1. 0.
0.261 0.965 0. -195.421 0.965 -0.261 -0. 434.786 0. 0. -1. 0.
0.254 0.967 0. -194.422 0.967 -0.254 -0. 438.194 0. 0. -1. 0.
0.251 0.968 0. -193.444 0.968 -0.251 -0. 441.596 0. 0. -1. 0.
0.250 0.968 0. -192.560 0.968 -0.250 -0. 445.068 0. 0. -1. 0.
0.249 0.969 0. -191.576 0.969 -0.249 -0. 448.486 0. 0. -1. 0.
0.247 0.969 0. -190.657 0.969 -0.247 -0. 451.908 0. 0. -1. 0.
0.246 0.969 0. -189.742 0.969 -0.246 -0. 455.260 0. 0. -1. 0.
0.245 0.970 0. -188.812 0.970 -0.245 -0. 458.610 0. 0. -1. 0.
0.246 0.969 0. -187.900 0.969 -0.246 -0. 461.967 0. 0. -1. 0.
0.247 0.969 0. -186.993 0.969 -0.247 -0. 465.221 0. 0. -1. 0.
0.249 0.968 0. -186.123 0.968 -0.249 -0. 468.542 0. 0. -1. 0.
0.249 0.968 0. -185.219 0.968 -0.249 -0. 471.795 0. 0. -1. 0.
0.251 0.968 0. -184.301 0.968 -0.251 -0. 475.066 0. 0. -1. 0.
0.255 0.967 0. -183.351 0.967 -0.255 -0. 478.400 0. 0. -1. 0.
0.256 0.967 0. -182.402 0.967 -0.256 -0. 481.750 0. 0. -1. 0.
0.261 0.965 0. -181.452 0.965 -0.261 -0. 485.109 0. 0. -1. 0.
0.266 0.964 0. -180.480 0.964 -0.266 -0. 488.444 0. 0. -1. 0.
0.269 0.963 0. -179.483 0.963 -0.269 -0. 491.775 0. 0. -1. 0.
0.273 0.962 0. -178.460 0.962 -0.273 -0. 495.100 0. 0. -1. 0.
0.276 0.961 0. -177.458 0.961 -0.276 -0. 498.369 0. 0. -1. 0.
0.278 0.960 0. -176.468 0.960 -0.278 -0. 501.608 0. 0. -1. 0.
0.279 0.960 0. -175.453 0.960 -0.279 -0. 504.781 0. 0. -1. 0.
0.280 0.960 0. -174.550 0.960 -0.280 -0. 507.899 0. 0. -1. 0.
0.282 0.959 0. -173.559 0.959 -0.282 -0. 510.870 0. 0. -1. 0.
0.285 0.959 0. -172.690 0.959 -0.285 -0. 513.815 0. 0. -1. 0.
0.283 0.959 0. -171.740 0.959 -0.283 -0. 516.566 0. 0. -1. 0.
0.282 0.959 0. -170.931 0.959 -0.282 -0. 519.314 0. 0. -1. 0.
0.282 0.959 0. -170.106 0.959 -0.282 -0. 521.994 0. 0. -1. 0.
0.278 0.960 0. -169.285 0.960 -0.278 -0. 524.567 0. 0. -1. 0.
0.275 0.961 0. -168.525 0.961 -0.275 -0. 527.225 0. 0. -1. 0.
0.274 0.962 0. -167.718 0.962 -0.274 -0. 529.775 0. 0. -1. 0.
0.273 0.962 0. -166.990 0.962 -0.273 -0. 532.257 0. 0. -1. 0.
0.272 0.962 0. -166.237 0.962 -0.272 -0. 534.748 0. 0. -1. 0.
0.273 0.962 0. -165.533 0.962 -0.273 -0. 537.035 0. 0. -1. 0.
0.274 0.962 0. -164.867 0.962 -0.274 -0. 539.264 0. 0. -1. 0.
0.273 0.962 0. -164.222 0.962 -0.273 -0. 541.377 0. 0. -1. 0.
0.272 0.962 0. -163.559 0.962 -0.272 -0. 543.431 0. 0. -1. 0.
0.274 0.962 0. -162.986 0.962 -0.274 -0. 545.384 0. 0. -1. 0.
0.275 0.961 0. -162.424 0.961 -0.275 -0. 547.208 0. 0. -1. 0.
0.274 0.962 0. -161.912 0.962 -0.274 -0. 548.947 0. 0. -1. 0.
0.275 0.961 0. -161.406 0.961 -0.275 -0. 550.576 0. 0. -1. 0.
0.275 0.961 0. -160.951 0.961 -0.275 -0. 552.128 0. 0. -1. 0.
0.276 0.961 0. -160.475 0.961 -0.276 -0. 553.517 0. 0. -1. 0.
0.278 0.961 0. -160.148 0.961 -0.278 -0. 554.868 0. 0. -1. 0.
0.278 0.961 0. -159.781 0.961 -0.278 -0. 556.071 0. 0. -1. 0.
0.279 0.960 0. -159.426 0.960 -0.279 -0. 557.158 0. 0. -1. 0.
