0.988 -0.152 0. 6.679 0.152 0.988 0. 0.716 0. 0. 1. 0.
0.984 -0.180 0. 7.510 0.180 0.984 0. 0.905 0. 0. 1. 0.
0.978 -0.210 0. 8.387 0.210 0.978 0. 1.133 0. 0. 1. 0.
0.971 -0.240 0. 9.312 0.240 0.971 0. 1.405 0. 0. 1. 0.
0.964 -0.267 0. 10.252 0.267 0.964 0. 1.730 0. 0. 1. 0.
0.957 -0.291 0. 11.198 0.291 0.957 0. 2.029 0. 0. 1. 0.
0.951 -0.310 0. 12.204 0.310 0.951 0. 2.409 0. 0. 1. 0.
0.946 -0.323 0. 13.234 0.323 0.946 0. 2.764 0. 0. 1. 0.
0.944 -0.329 0. 14.315 0.329 0.944 0. 3.170 0. 0. 1. 0.
0.943 -0.332 0. 15.426 0.332 0.943 0. 3.589 0. 0. 1. 0.
0.943 -0.332 0. 16.575 0.332 0.943 0. 3.983 0. 0. 1. 0.
0.943 -0.332 0. 17.761 0.332 0.943 0. 4.420 0. 0. 1. 0.
0.944 -0.330 0. 18.986 0.330 0.944 0. 4.818 0. 0. 1. 0.
0.945 -0.328 0. 20.233 0.328 0.945 0. 5.261 0. 0. 1. 0.
0.945 -0.327 0. 21.510 0.327 0.945 0. 5.735 0. 0. 1. 0.
0.944 -0.330 0. 22.806 0.330 0.944 0. 6.204 0. 0. 1. 0.
0.942 -0.337 0. 24.130 0.337 0.942 0. 6.723 0. 0. 1. 0.
0.939 -0.343 0. 25.495 0.343 0.939 0. 7.271 0. 0. 1. 0.
0.938 -0.348 0. 26.889 0.348 0.938 0. 7.794 0. 0. 1. 0.
0.934 -0.358 0. 28.282 0.358 0.934 0. 8.395 0. 0. 1. 0.
0.928 -0.372 0. 29.762 0.372 0.928 0. 8.947 0. 0. 1. 0.
0.923 -0.385 0. 31.200 0.385 0.923 0. 9.610 0. 0. 1. 0.
0.916 -0.400 0. 32.687 0.400 0.916 0. 10.330 0. 0. 1. 0.
0.907 -0.421 0. 34.203 0.421 0.907 0. 11.072 0. 0. 1. 0.
0.896 -0.444 0. 35.720 0.444 0.896 0. 11.884 0. 0. 1. 0.
0.882 -0.472 0. 37.239 0.472 0.882 0. 12.771 0. 0. 1. 0.
0.868 -0.497 0. 38.828 0.497 0.868 0. 13.689 0. 0. 1. 0.
0.851 -0.525 0. 40.364 0.525 0.851 0. 14.664 0. 0. 1. 0.
0.835 -0.550 0. 41.898 0.550 0.835 0. 15.751 0. 0. 1. 0.
0.818 -0.575 0. 43.446 0.575 0.818 0. 16.898 0. 0. 1. 0.
0.802 -0.597 0. 44.992 0.597 0.802 0. 18.102 0. 0. 1. 0.
0.790 -0.613 0. 46.507 0.613 0.790 0. 19.352 0. 0. 1. 0.
0.781 -0.624 0. 47.995 0.624 0.781 0. 20.613 0. 0. 1. 0.
0.772 -0.635 0. 49.539 0.635 0.772 0. 21.904 0. 0. 1. 0.
0.765 -0.645 0. 51.053 0.645 0.765 0. 23.243 0. 0. 1. 0.
0.759 -0.651 0. 52.607 0.651 0.759 0. 24.572 0. 0. 1. 0.
0.754 -0.656 0. 54.161 0.656 0.754 0. 25.950 0. 0. 1. 0.
0.754 -0.656 0. 55.736 0.656 0.754 0. 27.330 0. 0. 1. 0.
0.756 -0.655 0. 57.272 0.655 0.756 0. 28.684 0. 0. 1. 0.
0.758 -0.652 0. 58.844 0.652 0.758 0. 30.055 0. 0. 1. 0.
0.760 -0.650 0. 60.379 0.650 0.760 0. 31.402 0. 0. 1. 0.
0.762 -0.647 0. 61.871 0.647 0.762 0. 32.735 0. 0. 1. 0.
0.768 -0.640 0. 63.392 0.640 0.768 0. 34.017 0. 0. 1. 0.
0.774 -0.633 0. 64.973 0.633 0.774 0. 35.285 0. 0. 1. 0.
0.782 -0.624 0. 66.530 0.624 0.782 0. 36.555 0. 0. 1. 0.
0.790 -0.613 0. 68.089 0.613 0.790 0. 37.813 0. 0. 1. 0.
0.800 -0.601 0. 69.720 0.601 0.800 0. 39.034 0. 0. 1. 0.
0.808 -0.589 0. 71.321 0.589 0.808 0. 40.215 0. 0. 1. 0.
0.818 -0.576 0. 72.998 0.576 0.818 0. 41.420 0. 0. 1. 0.
0.829 -0.560 0. 74.715 0.560 0.829 0. 42.533 0. 0. 1. 0.
0.839 -0.544 0. 76.389 0.544 0.839 0. 43.651 0. 0. 1. 0.
0.851 -0.526 0. 78.107 0.526 0.851 0. 44.738 0. 0. 1. 0.
0.862 -0.506 0. 79.823 0.506 0.862 0. 45.754 0. 0. 1. 0.
0.874 -0.485 0. 81.621 0.485 0.874 0. 46.769 0. 0. 1. 0.
0.885 -0.465 0. 83.481 0.465 0.885 0. 47.710 0. 0. 1. 0.
0.896 -0.444 0. 85.330 0.444 0.896 0. 48.643 0. 0. 1. 0.
0.906 -0.423 0. 87.180 0.423 0.906 0. 49.506 0. 0. 1. 0.
0.916 -0.400 0. 89.054 0.400 0.916 0. 50.339 0. 0. 1. 0.
0.926 -0.378 0. 90.942 0.378 0.926 0. 51.136 0. 0. 1. 0.
0.935 -0.355 0. 92.911 0.355 0.935 0. 51.875 0. 0. 1. 0.
0.943 -0.333 0. 94.885 0.333 0.943 0. 52.576 0. 0. 1. 0.
0.950 -0.313 0. 96.871 0.313 0.950 0. 53.234 0. 0. 1. 0.
0.956 -0.293 0. 98.870 0.293 0.956 0. 53.846 0. 0. 1. 0.
0.961 -0.276 0. 100.909 0.276 0.961 0. 54.423 0. 0. 1. 0.
0.966 -0.260 0. 102.970 0.260 0.966 0. 55.003 0. 0. 1. 0.
0.970 -0.244 0. 105.032 0.244 0.970 0. 55.488 0. 0. 1. 0.
0.974 -0.227 0. 107.119 0.227 0.974 0. 56.032 0. 0. 1. 0.
0.978 -0.207 0. 109.229 0.207 0.978 0. 56.449 0. 0. 1. 0.
0.982 -0.190 0. 111.310 0.190 0.982 0. 56.874 0. 0. 1. 0.
0.986 -0.170 0. 113.444 0.170 0.986 0. 57.272 0. 0. 1. 0.
0.989 -0.149 0. 115.554 0.149 0.989 0. 57.577 0. 0. 1. 0.
0.992 -0.129 0. 117.706 0.129 0.992 0. 57.867 0. 0. 1. 0.
0.994 -0.109 0. 119.921 0.109 0.994 0. 58.102 0. 0. 1. 0.
0.996 -0.089 0. 122.110 0.089 0.996 0. 58.301 0. 0. 1. 0.
0.998 -0.071 0. 124.310 0.071 0.998 0. 58.475 0. 0. 1. 0.
0.999 -0.050 0. 126.526 0.050 0.999 0. 58.596 0. 0. 1. 0.
1.000 -0.030 0. 128.734 0.030 1.000 0. 58.679 0. 0. 1. 0.
1. -0.009 0. 130.940 0.009 1. 0. 58.691 0. 0. 1. 0.
1. 0.006 0. 133.193 -0.006 1. 0. 58.702 0. 0. 1. 0.
1.000 0.025 0. 135.458 -0.025 1.000 0. 58.653 0. 0. 1. 0.
0.999 0.043 0. 137.742 -0.043 0.999 0. 58.557 0. 0. 1. 0.
0.998 0.059 0. 140.068 -0.059 0.998 0. 58.453 0. 0. 1. 0.
0.997 0.076 0. 142.343 -0.076 0.997 0. 58.281 0. 0. 1. 0.
0.995 0.095 0. 144.669 -0.095 0.995 0. 58.079 0. 0. 1. 0.
0.993 0.114 0. 147.005 -0.114 0.993 0. 57.823 0. 0. 1. 0.
0.991 0.132 0. 149.304 -0.132 0.991 0. 57.521 0. 0. 1. 0.
0.988 0.154 0. 151.711 -0.154 0.988 0. 57.148 0. 0. 1. 0.
0.985 0.173 0. 154.083 -0.173 0.985 0. 56.723 0. 0. 1. 0.
0.981 0.192 0. 156.419 -0.192 0.981 0. 56.269 0. 0. 1. 0.
0.978 0.209 0. 158.829 -0.209 0.978 0. 55.788 0. 0. 1. 0.
0.974 0.227 0. 161.174 -0.227 0.974 0. 55.217 0. 0. 1. 0.
0.970 0.244 0. 163.554 -0.244 0.970 0. 54.636 0. 0. 1. 0.
0.966 0.259 0. 165.981 -0.259 0.966 0. 54.038 0. 0. 1. 0.
0.961 0.277 0. 168.384 -0.277 0.961 0. 53.334 0. 0. 1. 0.
0.956 0.292 0. 170.724 -0.292 0.956 0. 52.653 0. 0. 1. 0.
0.952 0.307 0. 173.111 -0.307 0.952 0. 51.883 0. 0. 1. 0.
0.947 0.320 0. 175.501 -0.320 0.947 0. 51.046 0. 0. 1. 0.
0.943 0.333 0. 177.900 -0.333 0.943 0. 50.235 0. 0. 1. 0.
0.938 0.347 0. 180.267 -0.347 0.938 0. 49.360 0. 0. 1. 0.
0.931 0.365 0. 182.672 -0.365 0.931 0. 48.416 0. 0. 1. 0.
0.923 0.384 0. 185.070 -0.384 0.923 0. 47.425 0. 0. 1. 0.
0.916 0.402 0. 187.419 -0.402 0.916 0. 46.393 0. 0. 1. 0.
0.907 0.422 0. 189.729 -0.422 0.907 0. 45.309 0. 0. 1. 0.
0.895 0.446 0. 192.077 -0.446 0.895 0. 44.256 0. 0. 1. 0.
0.882 0.472 0. 194.227 -0.472 0.882 0. 43.050 0. 0. 1. 0.
0.868 0.497 0. 196.375 -0.497 0.868 0. 41.831 0. 0. 1. 0.
0.854 0.520 0. 198.528 -0.520 0.854 0. 40.565 0. 0. 1. 0.
0.839 0.545 0. 200.563 -0.545 0.839 0. 39.236 0. 0. 1. 0.
0.824 0.567 0. 202.604 -0.567 0.824 0. 37.838 0. 0. 1. 0.
0.807 0.590 0. 204.585 -0.590 0.807 0. 36.443 0. 0. 1. 0.
0.790 0.613 0. 206.527 -0.613 0.790 0. 34.971 0. 0. 1. 0.
0.771 0.637 0. 208.420 -0.637 0.771 0. 33.412 0. 0. 1. 0.
0.751 0.660 0. 210.246 -0.660 0.751 0. 31.878 0. 0. 1. 0.
0.732 0.682 0. 211.981 -0.682 0.732 0. 30.247 0. 0. 1. 0.
0.711 0.703 0. 213.613 -0.703 0.711 0. 28.564 0. 0. 1. 0.
0.691 0.723 0. 215.250 -0.723 0.691 0. 26.891 0. 0. 1. 0.
0.672 0.740 0. 216.894 -0.740 0.672 0. 25.243 0. 0. 1. 0.
0.660 0.752 0. 218.460 -0.752 0.660 0. 23.477 0. 0. 1. 0.
0.650 0.760 0. 219.959 -0.760 0.650 0. 21.732 0. 0. 1. 0.
0.641 0.767 0. 221.473 -0.767 0.641 0. 19.983 0. 0. 1. 0.
0.633 0.774 0. 222.968 -0.774 0.633 0. 18.246 0. 0. 1. 0.
0.629 0.778 0. 224.428 -0.778 0.629 0. 16.528 0. 0. 1. 0.
0.632 0.775 0. 225.845 -0.775 0.632 0. 14.773 0. 0. 1. 0.
0.636 0.771 0. 227.326 -0.771 0.636 0. 13.035 0. 0. 1. 0.
0.642 0.766 0. 228.808 -0.766 0.642 0. 11.328 0. 0. 1. 0.
0.649 0.761 0. 230.288 -0.761 0.649 0. 9.643 0. 0. 1. 0.
0.660 0.751 0. 231.800 -0.751 0.660 0. 8.005 0. 0. 1. 0.
0.673 0.739 0. 233.292 -0.739 0.673 0. 6.378 0. 0. 1. 0.
0.689 0.725 0. 234.857 -0.725 0.689 0. 4.765 0. 0. 1. 0.
0.706 0.708 0. 236.410 -0.708 0.706 0. 3.235 0. 0. 1. 0.
0.726 0.688 0. 238.051 -0.688 0.726 0. 1.743 0. 0. 1. 0.
0.744 0.668 0. 239.747 -0.668 0.744 0. 0.287 0. 0. 1. 0.
0.769 0.640 0. 241.463 -0.640 0.769 0. -1.084 0. 0. 1. 0.
0.792 0.611 0. 243.256 -0.611 0.792 0. -2.413 0. 0. 1. 0.
0.817 0.576 0. 245.118 -0.576 0.817 0. -3.657 0. 0. 1. 0.
0.844 0.537 0. 247.043 -0.537 0.844 0. -4.805 0. 0. 1. 0.
0.869 0.495 0. 248.981 -0.495 0.869 0. -5.898 0. 0. 1. 0.
0.892 0.452 0. 251.033 -0.452 0.892 0. -6.902 0. 0. 1. 0.
0.913 0.408 0. 253.160 -0.408 0.913 0. -7.787 0. 0. 1. 0.
0.932 0.362 0. 255.264 -0.362 0.932 0. -8.627 0. 0. 1. 0.
0.948 0.319 0. 257.531 -0.319 0.948 0. -9.354 0. 0. 1. 0.
0.957 0.289 0. 259.770 -0.289 0.957 0. -9.982 0. 0. 1. 0.
0.965 0.263 0. 262.065 -0.263 0.965 0. -10.569 0. 0. 1. 0.
0.971 0.240 0. 264.356 -0.240 0.971 0. -11.136 0. 0. 1. 0.
0.975 0.224 0. 266.710 -0.224 0.975 0. -11.628 0. 0. 1. 0.
0.978 0.209 0. 269.097 -0.209 0.978 0. -12.101 0. 0. 1. 0.
0.980 0.197 0. 271.485 -0.197 0.980 0. -12.570 0. 0. 1. 0.
0.983 0.186 0. 273.888 -0.186 0.983 0. -12.940 0. 0. 1. 0.
0.984 0.178 0. 276.323 -0.178 0.984 0. -13.390 0. 0. 1. 0.
0.986 0.166 0. 278.781 -0.166 0.986 0. -13.773 0. 0. 1. 0.
0.987 0.159 0. 281.259 -0.159 0.987 0. -14.151 0. 0. 1. 0.
0.989 0.147 0. 283.771 -0.147 0.989 0. -14.552 0. 0. 1. 0.
0.991 0.136 0. 286.291 -0.136 0.991 0. -14.862 0. 0. 1. 0.
0.992 0.127 0. 288.816 -0.127 0.992 0. -15.185 0. 0. 1. 0.
0.993 0.120 0. 291.411 -0.120 0.993 0. -15.509 0. 0. 1. 0.
0.993 0.114 0. 293.984 -0.114 0.993 0. -15.762 0. 0. 1. 0.
0.994 0.110 0. 296.571 -0.110 0.994 0. -16.049 0. 0. 1. 0.
0.995 0.105 0. 299.204 -0.105 0.995 0. -16.215 0. 0. 1. 0.
0.995 0.099 0. 301.832 -0.099 0.995 0. -16.496 0. 0. 1. 0.
0.995 0.096 0. 304.501 -0.096 0.995 0. -16.751 0. 0. 1. 0.
0.996 0.093 0. 307.116 -0.093 0.996 0. -17.025 0. 0. 1. 0.
0.996 0.088 0. 309.815 -0.088 0.996 0. -17.263 0. 0. 1. 0.
0.997 0.083 0. 312.402 -0.083 0.997 0. -17.468 0. 0. 1. 0.
0.997 0.079 0. 315.093 -0.079 0.997 0. -17.682 0. 0. 1. 0.
0.997 0.074 0. 317.666 -0.074 0.997 0. -17.861 0. 0. 1. 0.
0.997 0.071 0. 320.227 -0.071 0.997 0. -18.042 0. 0. 1. 0.
0.998 0.066 0. 322.817 -0.066 0.998 0. -18.206 0. 0. 1. 0.
0.998 0.062 0. 325.343 -0.062 0.998 0. -18.369 0. 0. 1. 0.
0.998 0.058 0. 327.882 -0.058 0.998 0. -18.508 0. 0. 1. 0.
0.999 0.052 0. 330.393 -0.052 0.999 0. -18.610 0. 0. 1. 0.
0.999 0.050 0. 332.898 -0.050 0.999 0. -18.691 0. 0. 1. 0.
0.999 0.049 0. 335.352 -0.049 0.999 0. -18.804 0. 0. 1. 0.
0.999 0.049 0. 337.837 -0.049 0.999 0. -18.878 0. 0. 1. 0.
0.999 0.048 0. 340.310 -0.048 0.999 0. -18.996 0. 0. 1. 0.
0.999 0.053 0. 342.788 -0.053 0.999 0. -19.091 0. 0. 1. 0.
0.998 0.058 0. 345.274 -0.058 0.998 0. -19.206 0. 0. 1. 0.
0.998 0.070 0. 347.691 -0.070 0.998 0. -19.355 0. 0. 1. 0.
0.997 0.077 0. 350.181 -0.077 0.997 0. -19.577 0. 0. 1. 0.
0.996 0.085 0. 352.608 -0.085 0.996 0. -19.799 0. 0. 1. 0.
0.996 0.086 0. 355.078 -0.086 0.996 0. -19.935 0. 0. 1. 0.
0.996 0.089 0. 357.531 -0.089 0.996 0. -20.161 0. 0. 1. 0.
0.996 0.090 0. 359.980 -0.090 0.996 0. -20.359 0. 0. 1. 0.
0.996 0.087 0. 362.434 -0.087 0.996 0. -20.590 0. 0. 1. 0.
0.997 0.083 0. 364.917 -0.083 0.997 0. -20.801 0. 0. 1. 0.
0.997 0.078 0. 367.328 -0.078 0.997 0. -20.923 0. 0. 1. 0.
0.997 0.078 0. 369.782 -0.078 0.997 0. -21.160 0. 0. 1. 0.
0.997 0.079 0. 372.164 -0.079 0.997 0. -21.284 0. 0. 1. 0.
0.997 0.080 0. 374.538 -0.080 0.997 0. -21.545 0. 0. 1. 0.
0.997 0.081 0. 376.902 -0.081 0.997 0. -21.620 0. 0. 1. 0.
0.997 0.081 0. 379.249 -0.081 0.997 0. -21.875 0. 0. 1. 0.
0.997 0.081 0. 381.628 -0.081 0.997 0. -21.965 0. 0. 1. 0.
0.997 0.078 0. 383.896 -0.078 0.997 0. -22.067 0. 0. 1. 0.
0.997 0.077 0. 386.120 -0.077 0.997 0. -22.210 0. 0. 1. 0.
0.997 0.075 0. 388.232 -0.075 0.997 0. -22.389 0. 0. 1. 0.
0.997 0.075 0. 390.330 -0.075 0.997 0. -22.519 0. 0. 1. 0.
0.997 0.072 0. 392.282 -0.072 0.997 0. -22.665 0. 0. 1. 0.
0.998 0.070 0. 394.239 -0.070 0.998 0. -22.811 0. 0. 1. 0.
0.997 0.072 0. 396.110 -0.072 0.997 0. -22.904 0. 0. 1. 0.
0.998 0.069 0. 397.969 -0.069 0.998 0. -23.004 0. 0. 1. 0.
0.997 0.071 0. 399.670 -0.071 0.997 0. -23.191 0. 0. 1. 0.
0.997 0.071 0. 401.342 -0.071 0.997 0. -23.295 0. 0. 1. 0.
0.997 0.083 0. 402.963 -0.083 0.997 0. -23.405 0. 0. 1. 0.
0.995 0.097 0. 404.480 -0.097 0.995 0. -23.562 0. 0. 1. 0.
0.992 0.129 0. 405.940 -0.129 0.992 0. -23.769 0. 0. 1. 0.
0.984 0.176 0. 407.288 -0.176 0.984 0. -24.060 0. 0. 1. 0.
0.974 0.227 0. 408.465 -0.227 0.974 0. -24.390 0. 0. 1. 0.
0.957 0.289 0. 409.666 -0.289 0.957 0. -24.800 0. 0. 1. 0.
0.935 0.354 0. 410.731 -0.354 0.935 0. -25.253 0. 0. 1. 0.
0.905 0.424 0. 411.757 -0.424 0.905 0. -25.790 0. 0. 1. 0.
0.869 0.496 0. 412.708 -0.496 0.869 0. -26.395 0. 0. 1. 0.
0.822 0.569 0. 413.557 -0.569 0.822 0. -27.127 0. 0. 1. 0.
0.767 0.642 0. 414.337 -0.642 0.767 0. -27.885 0. 0. 1. 0.
0.710 0.704 0. 415.037 -0.704 0.710 0. -28.722 0. 0. 1. 0.
0.651 0.759 0. 415.727 -0.759 0.651 0. -29.604 0. 0. 1. 0.
0.590 0.808 0. 416.302 -0.808 0.590 0. -30.550 0. 0. 1. 0.
0.533 0.846 0. 416.847 -0.846 0.533 0. -31.532 0. 0. 1. 0.
0.478 0.878 0. 417.407 -0.878 0.478 0. -32.547 0. 0. 1. 0.
0.425 0.905 0. 417.863 -0.905 0.425 0. -33.653 0. 0. 1. 0.
0.371 0.929 0. 418.193 -0.929 0.371 0. -34.767 0. 0. 1. 0.
0.330 0.944 0. 418.610 -0.944 0.330 0. -35.899 0. 0. 1. 0.
0.290 0.957 0. 418.963 -0.957 0.290 0. -37.115 0. 0. 1. 0.
0.243 0.970 0. 419.251 -0.970 0.243 0. -38.415 0. 0. 1. 0.
0.198 0.980 0. 419.486 -0.980 0.198 0. -39.747 0. 0. 1. 0.
0.151 0.989 0. 419.673 -0.989 0.151 0. -41.168 0. 0. 1. 0.
0.100 0.995 0. 419.808 -0.995 0.100 0. -42.622 0. 0. 1. 0.
0.053 0.999 0. 419.870 -0.999 0.053 0. -44.098 0. 0. 1. 0.
0.013 1. 0. 419.873 -1. 0.013 0. -45.687 0. 0. 1. 0.
-0.020 1.000 0. 419.813 -1.000 -0.020 0. -47.285 0. 0. 1. 0.
-0.051 0.999 0. 419.711 -0.999 -0.051 0. -48.955 0. 0. 1. 0.
-0.075 0.997 0. 419.582 -0.997 -0.075 0. -50.683 0. 0. 1. 0.
-0.096 0.995 0. 419.395 -0.995 -0.096 0. -52.425 0. 0. 1. 0.
-0.110 0.994 0. 419.205 -0.994 -0.110 0. -54.249 0. 0. 1. 0.
-0.122 0.993 0. 418.993 -0.993 -0.122 0. -56.123 0. 0. 1. 0.
-0.125 0.992 0. 418.791 -0.992 -0.125 0. -58.060 0. 0. 1. 0.
-0.123 0.992 0. 418.486 -0.992 -0.123 0. -60.027 0. 0. 1. 0.
-0.124 0.992 0. 418.295 -0.992 -0.124 0. -62.077 0. 0. 1. 0.
-0.122 0.993 0. 418.017 -0.993 -0.122 0. -64.165 0. 0. 1. 0.
-0.121 0.993 0. 417.785 -0.993 -0.121 0. -66.302 0. 0. 1. 0.
-0.119 0.993 0. 417.509 -0.993 -0.119 0. -68.521 0. 0. 1. 0.
-0.119 0.993 0. 417.282 -0.993 -0.119 0. -70.741 0. 0. 1. 0.
-0.121 0.993 0. 416.987 -0.993 -0.121 0. -73.061 0. 0. 1. 0.
-0.121 0.993 0. 416.715 -0.993 -0.121 0. -75.390 0. 0. 1. 0.
-0.126 0.992 0. 416.403 -0.992 -0.126 0. -77.763 0. 0. 1. 0.
-0.128 0.992 0. 416.081 -0.992 -0.128 0. -80.144 0. 0. 1. 0.
-0.126 0.992 0. 415.845 -0.992 -0.126 0. -82.503 0. 0. 1. 0.
-0.123 0.992 0. 415.542 -0.992 -0.123 0. -84.879 0. 0. 1. 0.
-0.122 0.993 0. 415.202 -0.993 -0.122 0. -87.288 0. 0. 1. 0.
-0.121 0.993 0. 414.974 -0.993 -0.121 0. -89.766 0. 0. 1. 0.
-0.119 0.993 0. 414.701 -0.993 -0.119 0. -92.225 0. 0. 1. 0.
-0.119 0.993 0. 414.406 -0.993 -0.119 0. -94.756 0. 0. 1. 0.
-0.120 0.993 0. 414.123 -0.993 -0.120 0. -97.287 0. 0. 1. 0.
-0.120 0.993 0. 413.805 -0.993 -0.120 0. -99.874 0. 0. 1. 0.
-0.122 0.993 0. 413.527 -0.993 -0.122 0. -102.494 0. 0. 1. 0.
-0.125 0.992 0. 413.237 -0.992 -0.125 0. -105.117 0. 0. 1. 0.
-0.128 0.992 0. 412.915 -0.992 -0.128 0. -107.798 0. 0. 1. 0.
-0.133 0.991 0. 412.619 -0.991 -0.133 0. -110.487 0. 0. 1. 0.
-0.137 0.991 0. 412.190 -0.991 -0.137 0. -113.207 0. 0. 1. 0.
-0.141 0.990 0. 411.832 -0.990 -0.141 0. -115.998 0. 0. 1. 0.
-0.149 0.989 0. 411.448 -0.989 -0.149 0. -118.758 0. 0. 1. 0.
-0.155 0.988 0. 410.977 -0.988 -0.155 0. -121.569 0. 0. 1. 0.
-0.163 0.987 0. 410.520 -0.987 -0.163 0. -124.399 0. 0. 1. 0.
-0.175 0.985 0. 410.044 -0.985 -0.175 0. -127.273 0. 0. 1. 0.
-0.185 0.983 0. 409.568 -0.983 -0.185 0. -130.163 0. 0. 1. 0.
-0.197 0.980 0. 408.987 -0.980 -0.197 0. -133.035 0. 0. 1. 0.
-0.207 0.978 0. 408.429 -0.978 -0.207 0. -135.963 0. 0. 1. 0.
-0.219 0.976 0. 407.764 -0.976 -0.219 0. -138.891 0. 0. 1. 0.
-0.231 0.973 0. 407.148 -0.973 -0.231 0. -141.848 0. 0. 1. 0.
-0.246 0.969 0. 406.466 -0.969 -0.246 0. -144.813 0. 0. 1. 0.
-0.259 0.966 0. 405.672 -0.966 -0.259 0. -147.758 0. 0. 1. 0.
-0.275 0.961 0. 404.838 -0.961 -0.275 0. -150.747 0. 0. 1. 0.
-0.291 0.957 0. 404.025 -0.957 -0.291 0. -153.701 0. 0. 1. 0.
-0.311 0.951 0. 403.109 -0.951 -0.311 0. -156.672 0. 0. 1. 0.
-0.331 0.944 0. 402.080 -0.944 -0.331 0. -159.644 0. 0. 1. 0.
-0.347 0.938 0. 401.096 -0.938 -0.347 0. -162.638 0. 0. 1. 0.
-0.362 0.932 0. 399.997 -0.932 -0.362 0. -165.628 0. 0. 1. 0.
-0.377 0.926 0. 398.816 -0.926 -0.377 0. -168.593 0. 0. 1. 0.
-0.384 0.923 0. 397.668 -0.923 -0.384 0. -171.584 0. 0. 1. 0.
-0.397 0.918 0. 396.471 -0.918 -0.397 0. -174.561 0. 0. 1. 0.
-0.409 0.912 0. 395.171 -0.912 -0.409 0. -177.504 0. 0. 1. 0.
-0.421 0.907 0. 393.839 -0.907 -0.421 0. -180.477 0. 0. 1. 0.
-0.431 0.902 0. 392.511 -0.902 -0.431 0. -183.413 0. 0. 1. 0.
-0.444 0.896 0. 391.041 -0.896 -0.444 0. -186.365 0. 0. 1. 0.
-0.454 0.891 0. 389.625 -0.891 -0.454 0. -189.266 0. 0. 1. 0.
-0.465 0.885 0. 388.055 -0.885 -0.465 0. -192.164 0. 0. 1. 0.
-0.475 0.880 0. 386.581 -0.880 -0.475 0. -195.125 0. 0. 1. 0.
-0.491 0.871 0. 384.969 -0.871 -0.491 0. -197.993 0. 0. 1. 0.
-0.503 0.865 0. 383.328 -0.865 -0.503 0. -200.914 0. 0. 1. 0.
-0.509 0.861 0. 381.711 -0.861 -0.509 0. -203.784 0. 0. 1. 0.
-0.515 0.857 0. 380.041 -0.857 -0.515 0. -206.577 0. 0. 1. 0.
-0.515 0.857 0. 378.453 -0.857 -0.515 0. -209.434 0. 0. 1. 0.
-0.515 0.857 0. 376.800 -0.857 -0.515 0. -212.168 0. 0. 1. 0.
-0.512 0.859 0. 375.189 -0.859 -0.512 0. -214.986 0. 0. 1. 0.
-0.509 0.861 0. 373.628 -0.861 -0.509 0. -217.831 0. 0. 1. 0.
-0.510 0.860 0. 371.989 -0.860 -0.510 0. -220.524 0. 0. 1. 0.
-0.511 0.860 0. 370.400 -0.860 -0.511 0. -223.274 0. 0. 1. 0.
-0.510 0.860 0. 368.760 -0.860 -0.510 0. -225.972 0. 0. 1. 0.
-0.510 0.860 0. 367.149 -0.860 -0.510 0. -228.700 0. 0. 1. 0.
-0.511 0.860 0. 365.539 -0.860 -0.511 0. -231.372 0. 0. 1. 0.
-0.511 0.859 0. 364.040 -0.859 -0.511 0. -234.095 0. 0. 1. 0.
-0.514 0.858 0. 362.417 -0.858 -0.514 0. -236.742 0. 0. 1. 0.
-0.515 0.857 0. 360.823 -0.857 -0.515 0. -239.376 0. 0. 1. 0.
-0.516 0.856 0. 359.328 -0.856 -0.516 0. -242.061 0. 0. 1. 0.
-0.517 0.856 0. 357.753 -0.856 -0.517 0. -244.696 0. 0. 1. 0.
-0.518 0.855 0. 356.166 -0.855 -0.518 0. -247.277 0. 0. 1. 0.
-0.523 0.852 0. 354.613 -0.852 -0.523 0. -249.876 0. 0. 1. 0.
-0.525 0.851 0. 353.009 -0.851 -0.525 0. -252.430 0. 0. 1. 0.
-0.528 0.849 0. 351.475 -0.849 -0.528 0. -255.059 0. 0. 1. 0.
-0.532 0.847 0. 349.889 -0.847 -0.532 0. -257.587 0. 0. 1. 0.
-0.535 0.845 0. 348.312 -0.845 -0.535 0. -260.112 0. 0. 1. 0.
-0.541 0.841 0. 346.692 -0.841 -0.541 0. -262.649 0. 0. 1. 0.
-0.548 0.837 0. 345.077 -0.837 -0.548 0. -265.196 0. 0. 1. 0.
-0.553 0.833 0. 343.378 -0.833 -0.553 0. -267.658 0. 0. 1. 0.
-0.560 0.829 0. 341.734 -0.829 -0.560 0. -270.162 0. 0. 1. 0.
-0.565 0.825 0. 340.012 -0.825 -0.565 0. -272.619 0. 0. 1. 0.
-0.574 0.819 0. 338.384 -0.819 -0.574 0. -275.119 0. 0. 1. 0.
-0.583 0.813 0. 336.626 -0.813 -0.583 0. -277.565 0. 0. 1. 0.
-0.591 0.807 0. 334.873 -0.807 -0.591 0. -279.998 0. 0. 1. 0.
-0.599 0.801 0. 333.071 -0.801 -0.599 0. -282.367 0. 0. 1. 0.
-0.608 0.794 0. 331.314 -0.794 -0.608 0. -284.770 0. 0. 1. 0.
-0.613 0.790 0. 329.518 -0.790 -0.613 0. -287.224 0. 0. 1. 0.
-0.623 0.782 0. 327.726 -0.782 -0.623 0. -289.665 0. 0. 1. 0.
-0.631 0.776 0. 325.864 -0.776 -0.631 0. -291.963 0. 0. 1. 0.
-0.636 0.772 0. 323.961 -0.772 -0.636 0. -294.303 0. 0. 1. 0.
-0.643 0.766 0. 322.061 -0.766 -0.643 0. -296.676 0. 0. 1. 0.
-0.648 0.762 0. 320.180 -0.762 -0.648 0. -299.014 0. 0. 1. 0.
-0.650 0.760 0. 318.281 -0.760 -0.650 0. -301.313 0. 0. 1. 0.
-0.652 0.758 0. 316.356 -0.758 -0.652 0. -303.628 0. 0. 1. 0.
-0.654 0.757 0. 314.429 -0.757 -0.654 0. -305.928 0. 0. 1. 0.
-0.656 0.754 0. 312.465 -0.754 -0.656 0. -308.250 0. 0. 1. 0.
-0.659 0.752 0. 310.551 -0.752 -0.659 0. -310.549 0. 0. 1. 0.
-0.660 0.751 0. 308.597 -0.751 -0.660 0. -312.770 0. 0. 1. 0.
-0.664 0.748 0. 306.617 -0.748 -0.664 0. -315.085 0. 0. 1. 0.
-0.666 0.746 0. 304.621 -0.746 -0.666 0. -317.335 0. 0. 1. 0.
-0.666 0.746 0. 302.656 -0.746 -0.666 0. -319.610 0. 0. 1. 0.
-0.664 0.748 0. 300.749 -0.748 -0.664 0. -321.912 0. 0. 1. 0.
-0.659 0.752 0. 298.767 -0.752 -0.659 0. -324.220 0. 0. 1. 0.
-0.654 0.757 0. 296.738 -0.757 -0.654 0. -326.507 0. 0. 1. 0.
-0.648 0.762 0. 294.874 -0.762 -0.648 0. -328.862 0. 0. 1. 0.
-0.638 0.770 0. 292.861 -0.770 -0.638 0. -331.221 0. 0. 1. 0.
-0.627 0.779 0. 290.868 -0.779 -0.627 0. -333.611 0. 0. 1. 0.
-0.617 0.787 0. 289.025 -0.787 -0.617 0. -336.118 0. 0. 1. 0.
-0.607 0.795 0. 287.218 -0.795 -0.607 0. -338.636 0. 0. 1. 0.
-0.597 0.803 0. 285.398 -0.803 -0.597 0. -341.206 0. 0. 1. 0.
-0.584 0.811 0. 283.520 -0.811 -0.584 0. -343.713 0. 0. 1. 0.
-0.574 0.819 0. 281.631 -0.819 -0.574 0. -346.289 0. 0. 1. 0.
-0.567 0.824 0. 279.926 -0.824 -0.567 0. -348.940 0. 0. 1. 0.
-0.554 0.833 0. 278.166 -0.833 -0.554 0. -351.587 0. 0. 1. 0.
-0.545 0.838 0. 276.326 -0.838 -0.545 0. -354.287 0. 0. 1. 0.
-0.536 0.844 0. 274.668 -0.844 -0.536 0. -356.964 0. 0. 1. 0.
-0.533 0.846 0. 272.954 -0.846 -0.533 0. -359.728 0. 0. 1. 0.
-0.531 0.847 0. 271.342 -0.847 -0.531 0. -362.490 0. 0. 1. 0.
-0.533 0.846 0. 269.642 -0.846 -0.533 0. -365.265 0. 0. 1. 0.
-0.534 0.845 0. 267.937 -0.845 -0.534 0. -368.031 0. 0. 1. 0.
-0.535 0.845 0. 266.194 -0.845 -0.535 0. -370.765 0. 0. 1. 0.
-0.533 0.846 0. 264.450 -0.846 -0.533 0. -373.561 0. 0. 1. 0.
-0.528 0.849 0. 262.786 -0.849 -0.528 0. -376.395 0. 0. 1. 0.
-0.523 0.853 0. 261.082 -0.853 -0.523 0. -379.203 0. 0. 1. 0.
-0.519 0.855 0. 259.364 -0.855 -0.519 0. -382.042 0. 0. 1. 0.
-0.518 0.855 0. 257.709 -0.855 -0.518 0. -384.893 0. 0. 1. 0.
-0.515 0.857 0. 255.969 -0.857 -0.515 0. -387.745 0. 0. 1. 0.
-0.514 0.858 0. 254.298 -0.858 -0.514 0. -390.659 0. 0. 1. 0.
-0.511 0.860 0. 252.577 -0.860 -0.511 0. -393.485 0. 0. 1. 0.
-0.510 0.860 0. 250.938 -0.860 -0.510 0. -396.439 0. 0. 1. 0.
-0.508 0.861 0. 249.353 -0.861 -0.508 0. -399.366 0. 0. 1. 0.
-0.508 0.861 0. 247.624 -0.861 -0.508 0. -402.231 0. 0. 1. 0.
-0.508 0.861 0. 245.922 -0.861 -0.508 0. -404.997 0. 0. 1. 0.
-0.509 0.861 0. 244.200 -0.861 -0.509 0. -407.758 0. 0. 1. 0.
-0.506 0.862 0. 242.523 -0.862 -0.506 0. -410.569 0. 0. 1. 0.
-0.506 0.862 0. 240.876 -0.862 -0.506 0. -413.401 0. 0. 1. 0.
-0.506 0.862 0. 239.357 -0.862 -0.506 0. -416.270 0. 0. 1. 0.
-0.508 0.862 0. 237.691 -0.862 -0.508 0. -419.034 0. 0. 1. 0.
-0.509 0.861 0. 235.961 -0.861 -0.509 0. -421.809 0. 0. 1. 0.
-0.509 0.861 0. 234.365 -0.861 -0.509 0. -424.647 0. 0. 1. 0.
-0.508 0.861 0. 232.742 -0.861 -0.508 0. -427.450 0. 0. 1. 0.
-0.510 0.860 0. 231.136 -0.860 -0.510 0. -430.242 0. 0. 1. 0.
-0.509 0.861 0. 229.499 -0.861 -0.509 0. -433.021 0. 0. 1. 0.
-0.510 0.860 0. 227.832 -0.860 -0.510 0. -435.818 0. 0. 1. 0.
-0.509 0.861 0. 226.236 -0.861 -0.509 0. -438.614 0. 0. 1. 0.
-0.509 0.861 0. 224.589 -0.861 -0.509 0. -441.409 0. 0. 1. 0.
-0.507 0.862 0. 222.909 -0.862 -0.507 0. -444.210 0. 0. 1. 0.
-0.504 0.864 0. 221.330 -0.864 -0.504 0. -446.983 0. 0. 1. 0.
-0.503 0.864 0. 219.791 -0.864 -0.503 0. -449.845 0. 0. 1. 0.
-0.499 0.867 0. 218.196 -0.867 -0.499 0. -452.600 0. 0. 1. 0.
-0.496 0.868 0. 216.590 -0.868 -0.496 0. -455.378 0. 0. 1. 0.
-0.494 0.869 0. 215.133 -0.869 -0.494 0. -458.159 0. 0. 1. 0.
-0.492 0.871 0. 213.556 -0.871 -0.492 0. -460.887 0. 0. 1. 0.
-0.494 0.870 0. 212.081 -0.870 -0.494 0. -463.647 0. 0. 1. 0.
-0.492 0.871 0. 210.563 -0.871 -0.492 0. -466.354 0. 0. 1. 0.
-0.490 0.872 0. 209.002 -0.872 -0.490 0. -469.026 0. 0. 1. 0.
-0.488 0.873 0. 207.514 -0.873 -0.488 0. -471.680 0. 0. 1. 0.
-0.486 0.874 0. 206.035 -0.874 -0.486 0. -474.318 0. 0. 1. 0.
-0.484 0.875 0. 204.571 -0.875 -0.484 0. -476.990 0. 0. 1. 0.
-0.484 0.875 0. 203.077 -0.875 -0.484 0. -479.568 0. 0. 1. 0.
-0.483 0.876 0. 201.798 -0.876 -0.483 0. -482.194 0. 0. 1. 0.
-0.479 0.878 0. 200.326 -0.878 -0.479 0. -484.684 0. 0. 1. 0.
-0.479 0.878 0. 198.909 -0.878 -0.479 0. -487.113 0. 0. 1. 0.
-0.477 0.879 0. 197.516 -0.879 -0.477 0. -489.527 0. 0. 1. 0.
-0.477 0.879 0. 196.296 -0.879 -0.477 0. -492.028 0. 0. 1. 0.
-0.476 0.880 0. 194.983 -0.880 -0.476 0. -494.439 0. 0. 1. 0.
-0.477 0.879 0. 193.577 -0.879 -0.477 0. -496.762 0. 0. 1. 0.
-0.477 0.879 0. 192.359 -0.879 -0.477 0. -499.160 0. 0. 1. 0.
-0.479 0.878 0. 191.123 -0.878 -0.479 0. -501.518 0. 0. 1. 0.
-0.479 0.878 0. 189.789 -0.878 -0.479 0. -503.789 0. 0. 1. 0.
-0.481 0.877 0. 188.558 -0.877 -0.481 0. -506.040 0. 0. 1. 0.
-0.488 0.873 0. 187.364 -0.873 -0.488 0. -508.317 0. 0. 1. 0.
-0.495 0.869 0. 186.164 -0.869 -0.495 0. -510.519 0. 0. 1. 0.
-0.500 0.866 0. 184.845 -0.866 -0.500 0. -512.654 0. 0. 1. 0.
-0.506 0.862 0. 183.687 -0.862 -0.506 0. -514.728 0. 0. 1. 0.
-0.513 0.859 0. 182.518 -0.859 -0.513 0. -516.732 0. 0. 1. 0.
-0.519 0.855 0. 181.296 -0.855 -0.519 0. -518.589 0. 0. 1. 0.
-0.530 0.848 0. 180.161 -0.848 -0.530 0. -520.414 0. 0. 1. 0.
-0.545 0.838 0. 179.027 -0.838 -0.545 0. -522.083 0. 0. 1. 0.
-0.572 0.820 0. 178.026 -0.820 -0.572 0. -523.688 0. 0. 1. 0.
-0.609 0.793 0. 176.838 -0.793 -0.609 0. -525.086 0. 0. 1. 0.
-0.652 0.758 0. 175.711 -0.758 -0.652 0. -526.419 0. 0. 1. 0.
-0.702 0.713 0. 174.475 -0.713 -0.702 0. -527.560 0. 0. 1. 0.
-0.749 0.663 0. 173.274 -0.663 -0.749 0. -528.534 0. 0. 1. 0.
-0.794 0.607 0. 172.056 -0.607 -0.794 0. -529.335 0. 0. 1. 0.
-0.836 0.548 0. 170.877 -0.548 -0.836 0. -530.067 0. 0. 1. 0.
-0.871 0.491 0. 169.808 -0.491 -0.871 0. -530.647 0. 0. 1. 0.
-0.906 0.424 0. 168.715 -0.424 -0.906 0. -531.110 0. 0. 1. 0.
-0.934 0.357 0. 167.601 -0.357 -0.934 0. -531.439 0. 0. 1. 0.
-0.960 0.279 0. 166.405 -0.279 -0.960 0. -531.695 0. 0. 1. 0.
-0.979 0.205 0. 165.392 -0.205 -0.979 0. -531.917 0. 0. 1. 0.
-0.992 0.123 0. 164.139 -0.123 -0.992 0. -531.918 0. 0. 1. 0.
-0.999 0.051 0. 163.052 -0.051 -0.999 0. -532.014 0. 0. 1. 0.
-1. -0.004 0. 161.802 0.004 -1. 0. -532.011 0. 0. 1. 0.
-0.999 -0.040 0. 160.615 0.040 -0.999 0. -531.933 0. 0. 1. 0.
-0.998 -0.059 0. 159.346 0.059 -0.998 0. -531.908 0. 0. 1. 0.
-0.997 -0.072 0. 158.023 0.072 -0.997 0. -531.772 0. 0. 1. 0.
-0.997 -0.079 0. 156.707 0.079 -0.997 0. -531.663 0. 0. 1. 0.
-0.997 -0.082 0. 155.365 0.082 -0.997 0. -531.548 0. 0. 1. 0.
-0.997 -0.079 0. 153.983 0.079 -0.997 0. -531.396 0. 0. 1. 0.
-0.997 -0.077 0. 152.535 0.077 -0.997 0. -531.305 0. 0. 1. 0.
-0.998 -0.067 0. 151.077 0.067 -0.998 0. -531.236 0. 0. 1. 0.
-0.998 -0.065 0. 149.530 0.065 -0.998 0. -531.137 0. 0. 1. 0.
-0.998 -0.062 0. 148.018 0.062 -0.998 0. -531.048 0. 0. 1. 0.
-0.998 -0.062 0. 146.422 0.062 -0.998 0. -530.973 0. 0. 1. 0.
-0.998 -0.062 0. 144.838 0.062 -0.998 0. -530.806 0. 0. 1. 0.
-0.998 -0.065 0. 143.158 0.065 -0.998 0. -530.742 0. 0. 1. 0.
-0.998 -0.064 0. 141.474 0.064 -0.998 0. -530.586 0. 0. 1. 0.
-0.998 -0.065 0. 139.721 0.065 -0.998 0. -530.490 0. 0. 1. 0.
-0.998 -0.064 0. 137.964 0.064 -0.998 0. -530.342 0. 0. 1. 0.
-0.998 -0.064 0. 136.146 0.064 -0.998 0. -530.240 0. 0. 1. 0.
-0.998 -0.060 0. 134.318 0.060 -0.998 0. -530.146 0. 0. 1. 0.
-0.998 -0.060 0. 132.393 0.060 -0.998 0. -529.981 0. 0. 1. 0.
-0.998 -0.057 0. 130.513 0.057 -0.998 0. -529.893 0. 0. 1. 0.
-0.998 -0.060 0. 128.550 0.060 -0.998 0. -529.821 0. 0. 1. 0.
-0.998 -0.063 0. 126.565 0.063 -0.998 0. -529.694 0. 0. 1. 0.
-0.998 -0.062 0. 124.533 0.062 -0.998 0. -529.587 0. 0. 1. 0.
-0.998 -0.061 0. 122.441 0.061 -0.998 0. -529.483 0. 0. 1. 0.
-0.998 -0.060 0. 120.356 0.060 -0.998 0. -529.333 0. 0. 1. 0.
-0.998 -0.058 0. 118.232 0.058 -0.998 0. -529.302 0. 0. 1. 0.
-0.998 -0.057 0. 116.040 0.057 -0.998 0. -529.138 0. 0. 1. 0.
-0.998 -0.057 0. 113.853 0.057 -0.998 0. -529.074 0. 0. 1. 0.
-0.998 -0.059 0. 111.600 0.059 -0.998 0. -528.944 0. 0. 1. 0.
-0.998 -0.059 0. 109.351 0.059 -0.998 0. -528.815 0. 0. 1. 0.
-0.998 -0.059 0. 107.090 0.059 -0.998 0. -528.684 0. 0. 1. 0.
-0.998 -0.058 0. 104.744 0.058 -0.998 0. -528.548 0. 0. 1. 0.
-0.999 -0.055 0. 102.428 0.055 -0.999 0. -528.432 0. 0. 1. 0.
-0.998 -0.056 0. 100.031 0.056 -0.998 0. -528.350 0. 0. 1. 0.
-0.998 -0.056 0. 97.687 0.056 -0.998 0. -528.239 0. 0. 1. 0.
-0.999 -0.054 0. 95.271 0.054 -0.999 0. -528.142 0. 0. 1. 0.
-0.998 -0.057 0. 92.845 0.057 -0.998 0. -527.981 0. 0. 1. 0.
-0.998 -0.055 0. 90.420 0.055 -0.998 0. -527.892 0. 0. 1. 0.
-0.998 -0.055 0. 88.013 0.055 -0.998 0. -527.713 0. 0. 1. 0.
-0.998 -0.056 0. 85.519 0.056 -0.998 0. -527.623 0. 0. 1. 0.
-0.998 -0.057 0. 83.058 0.057 -0.998 0. -527.472 0. 0. 1. 0.
-0.998 -0.058 0. 80.625 0.058 -0.998 0. -527.337 0. 0. 1. 0.
-0.998 -0.058 0. 78.219 0.058 -0.998 0. -527.214 0. 0. 1. 0.
-0.998 -0.061 0. 75.816 0.061 -0.998 0. -527.091 0. 0. 1. 0.
-0.998 -0.061 0. 73.425 0.061 -0.998 0. -526.973 0. 0. 1. 0.
-0.998 -0.062 0. 71.068 0.062 -0.998 0. -526.844 0. 0. 1. 0.
-0.998 -0.062 0. 68.694 0.062 -0.998 0. -526.709 0. 0. 1. 0.
-0.998 -0.062 0. 66.370 0.062 -0.998 0. -526.528 0. 0. 1. 0.
-0.998 -0.064 0. 64.042 0.064 -0.998 0. -526.398 0. 0. 1. 0.
-0.998 -0.064 0. 61.726 0.064 -0.998 0. -526.301 0. 0. 1. 0.
-0.998 -0.063 0. 59.450 0.063 -0.998 0. -526.128 0. 0. 1. 0.
-0.998 -0.063 0. 57.166 0.063 -0.998 0. -525.996 0. 0. 1. 0.
-0.998 -0.061 0. 54.897 0.061 -0.998 0. -525.813 0. 0. 1. 0.
-0.998 -0.062 0. 52.673 0.062 -0.998 0. -525.720 0. 0. 1. 0.
-0.998 -0.061 0. 50.427 0.061 -0.998 0. -525.540 0. 0. 1. 0.
-0.998 -0.060 0. 48.244 0.060 -0.998 0. -525.413 0. 0. 1. 0.
-0.998 -0.061 0. 46.031 0.061 -0.998 0. -525.319 0. 0. 1. 0.
-0.998 -0.061 0. 43.897 0.061 -0.998 0. -525.136 0. 0. 1. 0.
-0.998 -0.064 0. 41.746 0.064 -0.998 0. -525.045 0. 0. 1. 0.
-0.998 -0.062 0. 39.673 0.062 -0.998 0. -524.942 0. 0. 1. 0.
-0.998 -0.063 0. 37.610 0.063 -0.998 0. -524.859 0. 0. 1. 0.
-0.998 -0.064 0. 35.623 0.064 -0.998 0. -524.744 0. 0. 1. 0.
-0.998 -0.064 0. 33.649 0.064 -0.998 0. -524.589 0. 0. 1. 0.
-0.998 -0.069 0. 31.761 0.069 -0.998 0. -524.461 0. 0. 1. 0.
-0.997 -0.078 0. 29.899 0.078 -0.997 0. -524.339 0. 0. 1. 0.
-0.996 -0.090 0. 28.064 0.090 -0.996 0. -524.170 0. 0. 1. 0.
-0.994 -0.113 0. 26.319 0.113 -0.994 0. -523.965 0. 0. 1. 0.
-0.990 -0.141 0. 24.711 0.141 -0.990 0. -523.738 0. 0. 1. 0.
-0.983 -0.182 0. 23.144 0.182 -0.983 0. -523.424 0. 0. 1. 0.
-0.973 -0.231 0. 21.613 0.231 -0.973 0. -523.059 0. 0. 1. 0.
-0.957 -0.289 0. 20.253 0.289 -0.957 0. -522.615 0. 0. 1. 0.
-0.936 -0.351 0. 18.912 0.351 -0.936 0. -522.087 0. 0. 1. 0.
-0.911 -0.412 0. 17.695 0.412 -0.911 0. -521.456 0. 0. 1. 0.
-0.880 -0.475 0. 16.554 0.475 -0.880 0. -520.726 0. 0. 1. 0.
-0.841 -0.540 0. 15.404 0.540 -0.841 0. -519.952 0. 0. 1. 0.
-0.797 -0.604 0. 14.416 0.604 -0.797 0. -519.109 0. 0. 1. 0.
-0.750 -0.662 0. 13.460 0.662 -0.750 0. -518.174 0. 0. 1. 0.
-0.697 -0.717 0. 12.561 0.717 -0.697 0. -517.232 0. 0. 1. 0.
-0.646 -0.764 0. 11.783 0.764 -0.646 0. -516.222 0. 0. 1. 0.
-0.589 -0.808 0. 11.095 0.808 -0.589 0. -515.108 0. 0. 1. 0.
-0.537 -0.843 0. 10.473 0.843 -0.537 0. -514.011 0. 0. 1. 0.
-0.482 -0.876 0. 9.831 0.876 -0.482 0. -512.847 0. 0. 1. 0.
-0.429 -0.903 0. 9.353 0.903 -0.429 0. -511.712 0. 0. 1. 0.
-0.374 -0.927 0. 8.924 0.927 -0.374 0. -510.504 0. 0. 1. 0.
-0.317 -0.948 0. 8.534 0.948 -0.317 0. -509.255 0. 0. 1. 0.
-0.267 -0.964 0. 8.251 0.964 -0.267 0. -507.987 0. 0. 1. 0.
-0.219 -0.976 0. 8.003 0.976 -0.219 0. -506.671 0. 0. 1. 0.
-0.177 -0.984 0. 7.749 0.984 -0.177 0. -505.359 0. 0. 1. 0.
-0.138 -0.990 0. 7.589 0.990 -0.138 0. -503.952 0. 0. 1. 0.
-0.109 -0.994 0. 7.444 0.994 -0.109 0. -502.526 0. 0. 1. 0.
-0.079 -0.997 0. 7.342 0.997 -0.079 0. -501.086 0. 0. 1. 0.
-0.054 -0.999 0. 7.244 0.999 -0.054 0. -499.569 0. 0. 1. 0.
-0.030 -1.000 0. 7.224 1.000 -0.030 0. -497.992 0. 0. 1. 0.
-0.012 -1. 0. 7.244 1. -0.012 0. -496.423 0. 0. 1. 0.
0.003 -1. 0. 7.230 1. 0.003 0. -494.807 0. 0. 1. 0.
0.020 -1.000 0. 7.236 1.000 0.020 0. -493.143 0. 0. 1. 0.
0.035 -0.999 0. 7.243 0.999 0.035 0. -491.423 0. 0. 1. 0.
0.046 -0.999 0. 7.327 0.999 0.046 0. -489.704 0. 0. 1. 0.
0.052 -0.999 0. 7.397 0.999 0.052 0. -487.912 0. 0. 1. 0.
0.059 -0.998 0. 7.503 0.998 0.059 0. -486.104 0. 0. 1. 0.
0.062 -0.998 0. 7.589 0.998 0.062 0. -484.232 0. 0. 1. 0.
0.066 -0.998 0. 7.650 0.998 0.066 0. -482.341 0. 0. 1. 0.
0.070 -0.998 0. 7.804 0.998 0.070 0. -480.426 0. 0. 1. 0.
0.074 -0.997 0. 7.949 0.997 0.074 0. -478.447 0. 0. 1. 0.
0.077 -0.997 0. 8.054 0.997 0.077 0. -476.447 0. 0. 1. 0.
0.080 -0.997 0. 8.168 0.997 0.080 0. -474.401 0. 0. 1. 0.
0.084 -0.996 0. 8.313 0.996 0.084 0. -472.332 0. 0. 1. 0.
0.088 -0.996 0. 8.494 0.996 0.088 0. -470.224 0. 0. 1. 0.
0.092 -0.996 0. 8.739 0.996 0.092 0. -468.099 0. 0. 1. 0.
0.094 -0.996 0. 8.951 0.996 0.094 0. -465.962 0. 0. 1. 0.
0.098 -0.995 0. 9.114 0.995 0.098 0. -463.765 0. 0. 1. 0.
0.097 -0.995 0. 9.387 0.995 0.097 0. -461.544 0. 0. 1. 0.
0.096 -0.995 0. 9.589 0.995 0.096 0. -459.296 0. 0. 1. 0.
0.095 -0.995 0. 9.822 0.995 0.095 0. -456.990 0. 0. 1. 0.
0.094 -0.996 0. 10.008 0.996 0.094 0. -454.691 0. 0. 1. 0.
0.090 -0.996 0. 10.207 0.996 0.090 0. -452.384 0. 0. 1. 0.
0.086 -0.996 0. 10.368 0.996 0.086 0. -450.042 0. 0. 1. 0.
0.084 -0.996 0. 10.540 0.996 0.084 0. -447.630 0. 0. 1. 0.
0.084 -0.996 0. 10.674 0.996 0.084 0. -445.203 0. 0. 1. 0.
0.080 -0.997 0. 10.868 0.997 0.080 0. -442.822 0. 0. 1. 0.
0.078 -0.997 0. 11.051 0.997 0.078 0. -440.433 0. 0. 1. 0.
0.076 -0.997 0. 11.215 0.997 0.076 0. -438.083 0. 0. 1. 0.
0.074 -0.997 0. 11.411 0.997 0.074 0. -435.680 0. 0. 1. 0.
0.072 -0.997 0. 11.522 0.997 0.072 0. -433.395 0. 0. 1. 0.
0.073 -0.997 0. 11.708 0.997 0.073 0. -431.031 0. 0. 1. 0.
0.075 -0.997 0. 11.844 0.997 0.075 0. -428.794 0. 0. 1. 0.
0.078 -0.997 0. 12.074 0.997 0.078 0. -426.553 0. 0. 1. 0.
0.082 -0.997 0. 12.246 0.997 0.082 0. -424.299 0. 0. 1. 0.
0.083 -0.997 0. 12.400 0.997 0.083 0. -422.097 0. 0. 1. 0.
0.087 -0.996 0. 12.593 0.996 0.087 0. -419.893 0. 0. 1. 0.
0.091 -0.996 0. 12.810 0.996 0.091 0. -417.730 0. 0. 1. 0.
0.094 -0.996 0. 13.029 0.996 0.094 0. -415.555 0. 0. 1. 0.
0.096 -0.995 0. 13.230 0.995 0.096 0. -413.444 0. 0. 1. 0.
0.098 -0.995 0. 13.426 0.995 0.098 0. -411.333 0. 0. 1. 0.
0.096 -0.995 0. 13.629 0.995 0.096 0. -409.230 0. 0. 1. 0.
0.088 -0.996 0. 13.769 0.996 0.088 0. -407.132 0. 0. 1. 0.
0.082 -0.997 0. 13.937 0.997 0.082 0. -405.020 0. 0. 1. 0.
0.076 -0.997 0. 14.104 0.997 0.076 0. -402.935 0. 0. 1. 0.
0.068 -0.998 0. 14.200 0.998 0.068 0. -400.811 0. 0. 1. 0.
0.062 -0.998 0. 14.361 0.998 0.062 0. -398.670 0. 0. 1. 0.
0.060 -0.998 0. 14.449 0.998 0.060 0. -396.528 0. 0. 1. 0.
0.058 -0.998 0. 14.555 0.998 0.058 0. -394.351 0. 0. 1. 0.
0.058 -0.998 0. 14.662 0.998 0.058 0. -392.181 0. 0. 1. 0.
0.057 -0.998 0. 14.766 0.998 0.057 0. -389.984 0. 0. 1. 0.
0.059 -0.998 0. 14.867 0.998 0.059 0. -387.777 0. 0. 1. 0.
0.060 -0.998 0. 14.963 0.998 0.060 0. -385.574 0. 0. 1. 0.
0.058 -0.998 0. 15.157 0.998 0.058 0. -383.304 0. 0. 1. 0.
0.061 -0.998 0. 15.241 0.998 0.061 0. -381.061 0. 0. 1. 0.
0.060 -0.998 0. 15.372 0.998 0.060 0. -378.807 0. 0. 1. 0.
0.059 -0.998 0. 15.529 0.998 0.059 0. -376.531 0. 0. 1. 0.
0.061 -0.998 0. 15.662 0.998 0.061 0. -374.229 0. 0. 1. 0.
0.063 -0.998 0. 15.793 0.998 0.063 0. -371.925 0. 0. 1. 0.
0.066 -0.998 0. 15.951 0.998 0.066 0. -369.626 0. 0. 1. 0.
0.071 -0.997 0. 16.153 0.997 0.071 0. -367.328 0. 0. 1. 0.
0.076 -0.997 0. 16.244 0.997 0.076 0. -364.952 0. 0. 1. 0.
0.081 -0.997 0. 16.371 0.997 0.081 0. -362.589 0. 0. 1. 0.
0.084 -0.996 0. 16.602 0.996 0.084 0. -360.252 0. 0. 1. 0.
0.084 -0.996 0. 16.742 0.996 0.084 0. -357.875 0. 0. 1. 0.
0.082 -0.997 0. 16.981 0.997 0.082 0. -355.495 0. 0. 1. 0.
0.083 -0.997 0. 17.102 0.997 0.083 0. -353.038 0. 0. 1. 0.
0.084 -0.996 0. 17.283 0.996 0.084 0. -350.640 0. 0. 1. 0.
0.082 -0.997 0. 17.481 0.997 0.082 0. -348.222 0. 0. 1. 0.
0.082 -0.997 0. 17.681 0.997 0.082 0. -345.821 0. 0. 1. 0.
0.080 -0.997 0. 17.831 0.997 0.080 0. -343.355 0. 0. 1. 0.
0.077 -0.997 0. 18.006 0.997 0.077 0. -340.959 0. 0. 1. 0.
0.075 -0.997 0. 18.163 0.997 0.075 0. -338.449 0. 0. 1. 0.
0.073 -0.997 0. 18.295 0.997 0.073 0. -336.013 0. 0. 1. 0.
0.070 -0.998 0. 18.444 0.998 0.070 0. -333.524 0. 0. 1. 0.
0.069 -0.998 0. 18.629 0.998 0.069 0. -331.022 0. 0. 1. 0.
0.070 -0.998 0. 18.840 0.998 0.070 0. -328.501 0. 0. 1. 0.
0.070 -0.998 0. 18.965 0.998 0.070 0. -325.984 0. 0. 1. 0.
0.071 -0.997 0. 19.140 0.997 0.071 0. -323.442 0. 0. 1. 0.
0.070 -0.998 0. 19.302 0.998 0.070 0. -320.864 0. 0. 1. 0.
0.067 -0.998 0. 19.509 0.998 0.067 0. -318.285 0. 0. 1. 0.
0.065 -0.998 0. 19.656 0.998 0.065 0. -315.694 0. 0. 1. 0.
0.063 -0.998 0. 19.808 0.998 0.063 0. -313.034 0. 0. 1. 0.
0.063 -0.998 0. 19.951 0.998 0.063 0. -310.418 0. 0. 1. 0.
0.064 -0.998 0. 20.110 0.998 0.064 0. -307.721 0. 0. 1. 0.
0.066 -0.998 0. 20.268 0.998 0.066 0. -305.015 0. 0. 1. 0.
0.067 -0.998 0. 20.448 0.998 0.067 0. -302.337 0. 0. 1. 0.
0.067 -0.998 0. 20.647 0.998 0.067 0. -299.619 0. 0. 1. 0.
0.069 -0.998 0. 20.795 0.998 0.069 0. -296.900 0. 0. 1. 0.
0.068 -0.998 0. 20.974 0.998 0.068 0. -294.156 0. 0. 1. 0.
0.068 -0.998 0. 21.148 0.998 0.068 0. -291.413 0. 0. 1. 0.
0.068 -0.998 0. 21.345 0.998 0.068 0. -288.665 0. 0. 1. 0.
0.069 -0.998 0. 21.494 0.998 0.069 0. -285.883 0. 0. 1. 0.
0.070 -0.998 0. 21.717 0.998 0.070 0. -283.080 0. 0. 1. 0.
0.070 -0.998 0. 21.892 0.998 0.070 0. -280.272 0. 0. 1. 0.
0.068 -0.998 0. 22.078 0.998 0.068 0. -277.521 0. 0. 1. 0.
0.067 -0.998 0. 22.187 0.998 0.067 0. -274.718 0. 0. 1. 0.
0.065 -0.998 0. 22.320 0.998 0.065 0. -271.998 0. 0. 1. 0.
0.065 -0.998 0. 22.490 0.998 0.065 0. -269.232 0. 0. 1. 0.
0.064 -0.998 0. 22.659 0.998 0.064 0. -266.511 0. 0. 1. 0.
0.062 -0.998 0. 22.793 0.998 0.062 0. -263.702 0. 0. 1. 0.
0.063 -0.998 0. 22.989 0.998 0.063 0. -260.916 0. 0. 1. 0.
0.064 -0.998 0. 23.137 0.998 0.064 0. -258.121 0. 0. 1. 0.
0.065 -0.998 0. 23.304 0.998 0.065 0. -255.314 0. 0. 1. 0.
0.066 -0.998 0. 23.512 0.998 0.066 0. -252.561 0. 0. 1. 0.
0.067 -0.998 0. 23.665 0.998 0.067 0. -249.720 0. 0. 1. 0.
0.067 -0.998 0. 23.848 0.998 0.067 0. -246.826 0. 0. 1. 0.
0.066 -0.998 0. 24.038 0.998 0.066 0. -244.030 0. 0. 1. 0.
0.063 -0.998 0. 24.167 0.998 0.063 0. -241.177 0. 0. 1. 0.
0.060 -0.998 0. 24.298 0.998 0.060 0. -238.311 0. 0. 1. 0.
0.061 -0.998 0. 24.531 0.998 0.061 0. -235.440 0. 0. 1. 0.
0.061 -0.998 0. 24.660 0.998 0.061 0. -232.574 0. 0. 1. 0.
0.062 -0.998 0. 24.808 0.998 0.062 0. -229.674 0. 0. 1. 0.
0.064 -0.998 0. 25.027 0.998 0.064 0. -226.805 0. 0. 1. 0.
0.064 -0.998 0. 25.157 0.998 0.064 0. -223.889 0. 0. 1. 0.
0.064 -0.998 0. 25.326 0.998 0.064 0. -221.011 0. 0. 1. 0.
0.064 -0.998 0. 25.586 0.998 0.064 0. -218.125 0. 0. 1. 0.
0.066 -0.998 0. 25.762 0.998 0.066 0. -215.255 0. 0. 1. 0.
0.066 -0.998 0. 25.940 0.998 0.066 0. -212.400 0. 0. 1. 0.
0.065 -0.998 0. 26.111 0.998 0.065 0. -209.610 0. 0. 1. 0.
0.064 -0.998 0. 26.301 0.998 0.064 0. -206.785 0. 0. 1. 0.
0.065 -0.998 0. 26.433 0.998 0.065 0. -203.982 0. 0. 1. 0.
0.066 -0.998 0. 26.644 0.998 0.066 0. -201.172 0. 0. 1. 0.
0.068 -0.998 0. 26.803 0.998 0.068 0. -198.379 0. 0. 1. 0.
0.069 -0.998 0. 26.963 0.998 0.069 0. -195.531 0. 0. 1. 0.
0.070 -0.998 0. 27.156 0.998 0.070 0. -192.700 0. 0. 1. 0.
0.071 -0.997 0. 27.337 0.997 0.071 0. -189.884 0. 0. 1. 0.
0.070 -0.998 0. 27.516 0.998 0.070 0. -187.001 0. 0. 1. 0.
0.069 -0.998 0. 27.688 0.998 0.069 0. -184.159 0. 0. 1. 0.
0.069 -0.998 0. 27.895 0.998 0.069 0. -181.256 0. 0. 1. 0.
0.069 -0.998 0. 28.055 0.998 0.069 0. -178.335 0. 0. 1. 0.
0.068 -0.998 0. 28.230 0.998 0.068 0. -175.456 0. 0. 1. 0.
0.067 -0.998 0. 28.420 0.998 0.067 0. -172.567 0. 0. 1. 0.
0.066 -0.998 0. 28.582 0.998 0.066 0. -169.651 0. 0. 1. 0.
0.064 -0.998 0. 28.682 0.998 0.064 0. -166.728 0. 0. 1. 0.
0.061 -0.998 0. 28.821 0.998 0.061 0. -163.832 0. 0. 1. 0.
0.059 -0.998 0. 29.013 0.998 0.059 0. -160.867 0. 0. 1. 0.
0.058 -0.998 0. 29.196 0.998 0.058 0. -157.926 0. 0. 1. 0.
0.058 -0.998 0. 29.358 0.998 0.058 0. -154.995 0. 0. 1. 0.
0.058 -0.998 0. 29.429 0.998 0.058 0. -152.043 0. 0. 1. 0.
0.056 -0.998 0. 29.578 0.998 0.056 0. -149.057 0. 0. 1. 0.
0.058 -0.998 0. 29.735 0.998 0.058 0. -146.119 0. 0. 1. 0.
0.057 -0.998 0. 29.869 0.998 0.057 0. -143.158 0. 0. 1. 0.
0.058 -0.998 0. 30.033 0.998 0.058 0. -140.160 0. 0. 1. 0.
0.059 -0.998 0. 30.157 0.998 0.059 0. -137.165 0. 0. 1. 0.
0.060 -0.998 0. 30.341 0.998 0.060 0. -134.171 0. 0. 1. 0.
0.059 -0.998 0. 30.524 0.998 0.059 0. -131.160 0. 0. 1. 0.
0.058 -0.998 0. 30.701 0.998 0.058 0. -128.160 0. 0. 1. 0.
0.061 -0.998 0. 30.874 0.998 0.061 0. -125.161 0. 0. 1. 0.
