1. 0. 0. 0. 0. 1. 0. 0. 0. 0. 1. 0.
1. -0. 0. -0.001 0. 1. 0. 0.002 0. 0. 1. 0.
1. -0.000 0. 0.002 0.000 1. 0. -0.001 0. 0. 1. 0.
1. 0. 0. -0. -0. 1. 0. -0.002 0. 0. 1. 0.
1. 0. 0. -0.001 -0. 1. 0. -0.003 0. 0. 1. 0.
1. -0. 0. 0.004 0. 1. 0. 0.005 0. 0. 1. 0.
1. 0. 0. 0.004 -0. 1. 0. -0.003 0. 0. 1. 0.
1. -0.000 0. 0.005 0.000 1. 0. 0.002 0. 0. 1. 0.
1. -0. 0. 0.004 0. 1. 0. 0.001 0. 0. 1. 0.
1. 0.000 0. -0.002 -0.000 1. 0. -0.003 0. 0. 1. 0.
1. -0. 0. -0.003 0. 1. 0. -0.001 0. 0. 1. 0.
1. -0. 0. -0.001 0. 1. 0. -0.002 0. 0. 1. 0.
1. -0.000 0. 0.004 0.000 1. 0. -0.005 0. 0. 1. 0.
1. 0. 0. 0.003 -0. 1. 0. -0.005 0. 0. 1. 0.
1. -0. 0. 0.004 0. 1. 0. -0.007 0. 0. 1. 0.
1. 0. 0. -0.002 -0. 1. 0. -0.001 0. 0. 1. 0.
1. 0. 0. -0.000 -0. 1. 0. -0.006 0. 0. 1. 0.
1. 0. 0. -0.001 -0. 1. 0. -0.002 0. 0. 1. 0.
1. 0.000 0. 0.004 -0.000 1. 0. -0.001 0. 0. 1. 0.
1. 0. 0. 0.005 -0. 1. 0. -0.001 0. 0. 1. 0.
1. 0.000 0. -0.001 -0.000 1. 0. -0.007 0. 0. 1. 0.
1. 0. 0. 0.003 -0. 1. 0. 0.001 0. 0. 1. 0.
1. -0. 0. 0.003 0. 1. 0. 0.000 0. 0. 1. 0.
1. -0. 0. 0.005 0. 1. 0. -0.002 0. 0. 1. 0.
1. 0. 0. 0.004 -0. 1. 0. 0.001 0. 0. 1. 0.
1. 0. 0. 0.004 -0. 1. 0. 0.000 0. 0. 1. 0.
1. -0.000 0. -0.000 0.000 1. 0. 0.004 0. 0. 1. 0.
1. -0. 0. 0.001 0. 1. 0. 0.002 0. 0. 1. 0.
1. 0. 0. 0.008 -0. 1. 0. 0.004 0. 0. 1. 0.
1. 0.000 0. -0.002 -0.000 1. 0. 0.010 0. 0. 1. 0.
1. 0. 0. 0.007 -0. 1. 0. 0.001 0. 0. 1. 0.
1. 0. 0. 0.006 -0. 1. 0. 0.004 0. 0. 1. 0.
1. -0. 0. 0.004 0. 1. 0. 0.005 0. 0. 1. 0.
1. -0.000 0. 0.008 0.000 1. 0. -0.001 0. 0. 1. 0.
1. -0. 0. 0.009 0. 1. 0. 0.004 0. 0. 1. 0.
1. -0. 0. 0.002 0. 1. 0. 0.008 0. 0. 1. 0.
1. 0. 0. 0.007 -0. 1. 0. 0.002 0. 0. 1. 0.
1. -0.000 0. 0.009 0.000 1. 0. 0.001 0. 0. 1. 0.
1. -0.000 0. 0.005 0.000 1. 0. 0.004 0. 0. 1. 0.
1. -0.000 0. 0.001 0.000 1. 0. 0.003 0. 0. 1. 0.
1. -0.000 0. 0.002 0.000 1. 0. 0.002 0. 0. 1. 0.
1. 0. 0. 0.005 -0. 1. 0. 0.003 0. 0. 1. 0.
1. -0. 0. 0.003 0. 1. 0. 0.000 0. 0. 1. 0.
1. -0.000 0. 0.009 0.000 1. 0. 0.005 0. 0. 1. 0.
1. -0. 0. 0.002 0. 1. 0. 0.007 0. 0. 1. 0.
1. 0. 0. 0.004 -0. 1. 0. 0.004 0. 0. 1. 0.
1. -0.000 0. 0.006 0.000 1. 0. 0.002 0. 0. 1. 0.
1. -0. 0. 0.004 0. 1. 0. -0.003 0. 0. 1. 0.
1. 0. 0. 0.007 -0. 1. 0. 0.006 0. 0. 1. 0.
1. -0. 0. 0.008 0. 1. 0. 0.003 0. 0. 1. 0.
1. 0.000 0. 0.004 -0.000 1. 0. 0.002 0. 0. 1. 0.
1. 0. 0. 0.006 -0. 1. 0. 0.000 0. 0. 1. 0.
1. 0. 0. 0.007 -0. 1. 0. 0.001 0. 0. 1. 0.
1. 0. 0. 0.006 -0. 1. 0. 0.004 0. 0. 1. 0.
1. -0. 0. 0.004 0. 1. 0. 0.007 0. 0. 1. 0.
1. 0. 0. 0.007 -0. 1. 0. -0.000 0. 0. 1. 0.
1. -0.000 0. 0.003 0.000 1. 0. 0.003 0. 0. 1. 0.
1. -0. 0. 0.010 0. 1. 0. 0.001 0. 0. 1. 0.
1. 0.000 0. 0.008 -0.000 1. 0. -0.000 0. 0. 1. 0.
1. 0. 0. 0.004 -0. 1. 0. -0.005 0. 0. 1. 0.
1. 0.000 0. 0.008 -0.000 1. 0. 0.003 0. 0. 1. 0.
1. 0.000 0. 0.000 -0.000 1. 0. -0.001 0. 0. 1. 0.
1. 0. 0. 0.005 -0. 1. 0. -0.002 0. 0. 1. 0.
1. -0. 0. 0.001 0. 1. 0. 0.003 0. 0. 1. 0.
1. 0. 0. -0.000 -0. 1. 0. -0.002 0. 0. 1. 0.
1. 0. 0. 0.003 -0. 1. 0. -0.003 0. 0. 1. 0.
1. 0. 0. 0.002 -0. 1. 0. -0.001 0. 0. 1. 0.
1. 0. 0. 0.004 -0. 1. 0. 0.007 0. 0. 1. 0.
1. -0.000 0. 0.001 0.000 1. 0. 0.000 0. 0. 1. 0.
1. -0.000 0. 0.005 0.000 1. 0. -0.001 0. 0. 1. 0.
1. 0.000 0. 0.018 -0.000 1. 0. -0.004 0. 0. 1. 0.
1. -0.000 0. 0.058 0.000 1. 0. -0.005 0. 0. 1. 0.
1. -0.002 0. 0.112 0.002 1. 0. -0.007 0. 0. 1. 0.
1. -0.002 0. 0.193 0.002 1. 0. 0.027 0. 0. 1. 0.
1. -0.005 0. 0.314 0.005 1. 0. 0.060 0. 0. 1. 0.
1.000 -0.015 0. 0.542 0.015 1.000 0. 0.032 0. 0. 1. 0.
1.000 -0.023 0. 0.791 0.023 1.000 0. 0.021 0. 0. 1. 0.
0.999 -0.038 0. 1.160 0.038 0.999 0. 0.080 0. 0. 1. 0.
0.999 -0.053 0. 1.653 0.053 0.999 0. 0.102 0. 0. 1. 0.
0.997 -0.076 0. 2.247 0.076 0.997 0. 0.176 0. 0. 1. 0.
0.995 -0.100 0. 2.945 0.100 0.995 0. 0.271 0. 0. 1. 0.
0.993 -0.116 0. 3.825 0.116 0.993 0. 0.372 0. 0. 1. 0.
0.993 -0.121 0. 4.800 0.121 0.993 0. 0.468 0. 0. 1. 0.
0.993 -0.115 0. 5.878 0.115 0.993 0. 0.554 0. 0. 1. 0.
0.993 -0.115 0. 7.065 0.115 0.993 0. 0.760 0. 0. 1. 0.
0.993 -0.117 0. 8.425 0.117 0.993 0. 0.826 0. 0. 1. 0.
0.994 -0.111 0. 9.924 0.111 0.994 0. 1.080 0. 0. 1. 0.
0.995 -0.104 0. 11.458 0.104 0.995 0. 1.216 0. 0. 1. 0.
0.995 -0.103 0. 13.163 0.103 0.995 0. 1.380 0. 0. 1. 0.
0.995 -0.099 0. 14.929 0.099 0.995 0. 1.507 0. 0. 1. 0.
0.995 -0.096 0. 16.776 0.096 0.995 0. 1.710 0. 0. 1. 0.
0.995 -0.096 0. 18.693 0.096 0.995 0. 1.854 0. 0. 1. 0.
0.996 -0.088 0. 20.627 0.088 0.996 0. 1.973 0. 0. 1. 0.
0.996 -0.086 0. 22.581 0.086 0.996 0. 2.124 0. 0. 1. 0.
0.997 -0.081 0. 24.576 0.081 0.997 0. 2.222 0. 0. 1. 0.
0.997 -0.078 0. 26.579 0.078 0.997 0. 2.336 0. 0. 1. 0.
0.997 -0.075 0. 28.666 0.075 0.997 0. 2.440 0. 0. 1. 0.
0.998 -0.070 0. 30.783 0.070 0.998 0. 2.606 0. 0. 1. 0.
0.998 -0.066 0. 32.918 0.066 0.998 0. 2.674 0. 0. 1. 0.
0.998 -0.062 0. 35.094 0.062 0.998 0. 2.767 0. 0. 1. 0.
0.998 -0.061 0. 37.303 0.061 0.998 0. 2.848 0. 0. 1. 0.
0.998 -0.058 0. 39.504 0.058 0.998 0. 2.944 0. 0. 1. 0.
0.998 -0.057 0. 41.780 0.057 0.998 0. 3.028 0. 0. 1. 0.
0.998 -0.056 0. 44.051 0.056 0.998 0. 3.144 0. 0. 1. 0.
0.998 -0.055 0. 46.319 0.055 0.998 0. 3.244 0. 0. 1. 0.
0.998 -0.056 0. 48.569 0.056 0.998 0. 3.321 0. 0. 1. 0.
0.998 -0.055 0. 50.856 0.055 0.998 0. 3.365 0. 0. 1. 0.
0.999 -0.055 0. 53.122 0.055 0.999 0. 3.484 0. 0. 1. 0.
0.999 -0.053 0. 55.400 0.053 0.999 0. 3.596 0. 0. 1. 0.
0.999 -0.051 0. 57.715 0.051 0.999 0. 3.635 0. 0. 1. 0.
0.999 -0.049 0. 60.034 0.049 0.999 0. 3.640 0. 0. 1. 0.
0.999 -0.045 0. 62.311 0.045 0.999 0. 3.752 0. 0. 1. 0.
0.999 -0.043 0. 64.607 0.043 0.999 0. 3.815 0. 0. 1. 0.
0.999 -0.042 0. 66.856 0.042 0.999 0. 3.869 0. 0. 1. 0.
0.999 -0.036 0. 69.115 0.036 0.999 0. 3.880 0. 0. 1. 0.
0.999 -0.033 0. 71.394 0.033 0.999 0. 3.921 0. 0. 1. 0.
1.000 -0.031 0. 73.609 0.031 1.000 0. 3.994 0. 0. 1. 0.
0.999 -0.032 0. 75.926 0.032 0.999 0. 4.024 0. 0. 1. 0.
1.000 -0.031 0. 78.199 0.031 1.000 0. 4.084 0. 0. 1. 0.
0.999 -0.032 0. 80.491 0.032 0.999 0. 4.075 0. 0. 1. 0.
0.999 -0.036 0. 82.770 0.036 0.999 0. 4.094 0. 0. 1. 0.
0.999 -0.040 0. 85.115 0.040 0.999 0. 4.144 0. 0. 1. 0.
0.999 -0.044 0. 87.470 0.044 0.999 0. 4.155 0. 0. 1. 0.
0.999 -0.054 0. 89.804 0.054 0.999 0. 4.316 0. 0. 1. 0.
0.998 -0.059 0. 92.159 0.059 0.998 0. 4.433 0. 0. 1. 0.
0.998 -0.064 0. 94.542 0.064 0.998 0. 4.489 0. 0. 1. 0.
0.998 -0.067 0. 96.926 0.067 0.998 0. 4.639 0. 0. 1. 0.
0.998 -0.067 0. 99.314 0.067 0.998 0. 4.742 0. 0. 1. 0.
0.998 -0.066 0. 101.764 0.066 0.998 0. 4.871 0. 0. 1. 0.
0.998 -0.066 0. 104.207 0.066 0.998 0. 5.024 0. 0. 1. 0.
0.998 -0.067 0. 106.686 0.067 0.998 0. 5.143 0. 0. 1. 0.
0.998 -0.069 0. 109.140 0.069 0.998 0. 5.291 0. 0. 1. 0.
0.998 -0.069 0. 111.598 0.069 0.998 0. 5.454 0. 0. 1. 0.
0.998 -0.070 0. 114.047 0.070 0.998 0. 5.519 0. 0. 1. 0.
0.997 -0.072 0. 116.524 0.072 0.997 0. 5.737 0. 0. 1. 0.
0.997 -0.071 0. 119.001 0.071 0.997 0. 5.811 0. 0. 1. 0.
0.998 -0.070 0. 121.446 0.070 0.998 0. 5.950 0. 0. 1. 0.
0.997 -0.072 0. 123.925 0.072 0.997 0. 6.105 0. 0. 1. 0.
0.997 -0.072 0. 126.442 0.072 0.997 0. 6.270 0. 0. 1. 0.
0.998 -0.070 0. 128.967 0.070 0.998 0. 6.404 0. 0. 1. 0.
0.998 -0.070 0. 131.512 0.070 0.998 0. 6.531 0. 0. 1. 0.
0.998 -0.069 0. 134.047 0.069 0.998 0. 6.668 0. 0. 1. 0.
0.997 -0.071 0. 136.574 0.071 0.997 0. 6.783 0. 0. 1. 0.
0.997 -0.073 0. 139.118 0.073 0.997 0. 6.902 0. 0. 1. 0.
0.997 -0.073 0. 141.620 0.073 0.997 0. 7.104 0. 0. 1. 0.
0.997 -0.072 0. 144.145 0.072 0.997 0. 7.268 0. 0. 1. 0.
0.997 -0.073 0. 146.684 0.073 0.997 0. 7.420 0. 0. 1. 0.
0.997 -0.075 0. 149.181 0.075 0.997 0. 7.597 0. 0. 1. 0.
0.997 -0.075 0. 151.709 0.075 0.997 0. 7.725 0. 0. 1. 0.
0.997 -0.076 0. 154.231 0.076 0.997 0. 7.879 0. 0. 1. 0.
0.997 -0.076 0. 156.691 0.076 0.997 0. 8.055 0. 0. 1. 0.
0.997 -0.074 0. 159.127 0.074 0.997 0. 8.124 0. 0. 1. 0.
0.997 -0.074 0. 161.549 0.074 0.997 0. 8.283 0. 0. 1. 0.
0.997 -0.074 0. 163.985 0.074 0.997 0. 8.411 0. 0. 1. 0.
0.997 -0.073 0. 166.422 0.073 0.997 0. 8.543 0. 0. 1. 0.
0.997 -0.074 0. 168.812 0.074 0.997 0. 8.669 0. 0. 1. 0.
0.997 -0.075 0. 171.221 0.075 0.997 0. 8.796 0. 0. 1. 0.
0.997 -0.077 0. 173.657 0.077 0.997 0. 8.922 0. 0. 1. 0.
0.997 -0.080 0. 176.054 0.080 0.997 0. 9.062 0. 0. 1. 0.
0.997 -0.082 0. 178.475 0.082 0.997 0. 9.206 0. 0. 1. 0.
0.996 -0.085 0. 180.896 0.085 0.996 0. 9.371 0. 0. 1. 0.
0.996 -0.088 0. 183.274 0.088 0.996 0. 9.580 0. 0. 1. 0.
0.996 -0.089 0. 185.662 0.089 0.996 0. 9.715 0. 0. 1. 0.
0.996 -0.091 0. 188.081 0.091 0.996 0. 9.887 0. 0. 1. 0.
0.996 -0.091 0. 190.502 0.091 0.996 0. 10.113 0. 0. 1. 0.
0.996 -0.091 0. 192.909 0.091 0.996 0. 10.291 0. 0. 1. 0.
0.996 -0.091 0. 195.278 0.091 0.996 0. 10.483 0. 0. 1. 0.
0.996 -0.090 0. 197.628 0.090 0.996 0. 10.632 0. 0. 1. 0.
0.996 -0.087 0. 199.973 0.087 0.996 0. 10.839 0. 0. 1. 0.
0.997 -0.082 0. 202.297 0.082 0.997 0. 11.033 0. 0. 1. 0.
0.997 -0.078 0. 204.626 0.078 0.997 0. 11.205 0. 0. 1. 0.
0.997 -0.075 0. 206.877 0.075 0.997 0. 11.289 0. 0. 1. 0.
0.997 -0.075 0. 209.144 0.075 0.997 0. 11.453 0. 0. 1. 0.
0.997 -0.078 0. 211.408 0.078 0.997 0. 11.611 0. 0. 1. 0.
0.996 -0.086 0. 213.680 0.086 0.996 0. 11.751 0. 0. 1. 0.
0.995 -0.096 0. 215.934 0.096 0.995 0. 11.892 0. 0. 1. 0.
0.994 -0.110 0. 218.179 0.110 0.994 0. 12.132 0. 0. 1. 0.
0.993 -0.120 0. 220.439 0.120 0.993 0. 12.347 0. 0. 1. 0.
0.991 -0.132 0. 222.695 0.132 0.991 0. 12.652 0. 0. 1. 0.
0.990 -0.143 0. 224.927 0.143 0.990 0. 12.941 0. 0. 1. 0.
0.988 -0.152 0. 227.158 0.152 0.988 0. 13.284 0. 0. 1. 0.
0.988 -0.157 0. 229.472 0.157 0.988 0. 13.574 0. 0. 1. 0.
0.987 -0.160 0. 231.730 0.160 0.987 0. 13.970 0. 0. 1. 0.
0.986 -0.165 0. 233.983 0.165 0.986 0. 14.325 0. 0. 1. 0.
0.985 -0.171 0. 236.288 0.171 0.985 0. 14.619 0. 0. 1. 0.
0.985 -0.172 0. 238.603 0.172 0.985 0. 15.003 0. 0. 1. 0.
0.985 -0.175 0. 240.948 0.175 0.985 0. 15.406 0. 0. 1. 0.
0.984 -0.178 0. 243.264 0.178 0.984 0. 15.737 0. 0. 1. 0.
0.983 -0.181 0. 245.537 0.181 0.983 0. 16.131 0. 0. 1. 0.
0.984 -0.181 0. 247.836 0.181 0.984 0. 16.481 0. 0. 1. 0.
0.983 -0.183 0. 250.118 0.183 0.983 0. 16.950 0. 0. 1. 0.
0.982 -0.187 0. 252.435 0.187 0.982 0. 17.320 0. 0. 1. 0.
0.982 -0.187 0. 254.691 0.187 0.982 0. 17.699 0. 0. 1. 0.
0.982 -0.188 0. 256.964 0.188 0.982 0. 18.119 0. 0. 1. 0.
0.982 -0.191 0. 259.254 0.191 0.982 0. 18.600 0. 0. 1. 0.
0.980 -0.197 0. 261.602 0.197 0.980 0. 18.956 0. 0. 1. 0.
0.979 -0.202 0. 263.919 0.202 0.979 0. 19.397 0. 0. 1. 0.
0.978 -0.207 0. 266.204 0.207 0.978 0. 19.884 0. 0. 1. 0.
0.977 -0.211 0. 268.586 0.211 0.977 0. 20.354 0. 0. 1. 0.
0.977 -0.214 0. 270.940 0.214 0.977 0. 20.854 0. 0. 1. 0.
0.976 -0.217 0. 273.213 0.217 0.976 0. 21.330 0. 0. 1. 0.
0.975 -0.220 0. 275.527 0.220 0.975 0. 21.830 0. 0. 1. 0.
0.975 -0.224 0. 277.829 0.224 0.975 0. 22.320 0. 0. 1. 0.
0.974 -0.227 0. 280.140 0.227 0.974 0. 22.822 0. 0. 1. 0.
0.975 -0.223 0. 282.448 0.223 0.975 0. 23.256 0. 0. 1. 0.
0.977 -0.213 0. 284.761 0.213 0.977 0. 23.741 0. 0. 1. 0.
0.980 -0.199 0. 287.122 0.199 0.980 0. 24.146 0. 0. 1. 0.
0.981 -0.193 0. 289.458 0.193 0.981 0. 24.566 0. 0. 1. 0.
0.983 -0.184 0. 291.825 0.184 0.983 0. 24.985 0. 0. 1. 0.
0.984 -0.175 0. 294.200 0.175 0.984 0. 25.329 0. 0. 1. 0.
0.986 -0.169 0. 296.546 0.169 0.986 0. 25.657 0. 0. 1. 0.
0.987 -0.162 0. 298.890 0.162 0.987 0. 25.994 0. 0. 1. 0.
0.988 -0.155 0. 301.273 0.155 0.988 0. 26.320 0. 0. 1. 0.
0.989 -0.149 0. 303.625 0.149 0.989 0. 26.614 0. 0. 1. 0.
0.989 -0.146 0. 306.026 0.146 0.989 0. 26.935 0. 0. 1. 0.
0.989 -0.145 0. 308.446 0.145 0.989 0. 27.293 0. 0. 1. 0.
0.989 -0.145 0. 310.885 0.145 0.989 0. 27.605 0. 0. 1. 0.
0.990 -0.142 0. 313.352 0.142 0.990 0. 27.880 0. 0. 1. 0.
0.991 -0.137 0. 315.857 0.137 0.991 0. 28.130 0. 0. 1. 0.
0.991 -0.133 0. 318.329 0.133 0.991 0. 28.503 0. 0. 1. 0.
0.992 -0.128 0. 320.777 0.128 0.992 0. 28.861 0. 0. 1. 0.
0.992 -0.124 0. 323.243 0.124 0.992 0. 29.092 0. 0. 1. 0.
0.993 -0.117 0. 325.645 0.117 0.993 0. 29.335 0. 0. 1. 0.
0.994 -0.111 0. 328.047 0.111 0.994 0. 29.548 0. 0. 1. 0.
0.995 -0.103 0. 330.478 0.103 0.995 0. 29.857 0. 0. 1. 0.
0.995 -0.097 0. 332.880 0.097 0.995 0. 30.075 0. 0. 1. 0.
0.996 -0.092 0. 335.299 0.092 0.996 0. 30.233 0. 0. 1. 0.
0.997 -0.082 0. 337.713 0.082 0.997 0. 30.274 0. 0. 1. 0.
0.997 -0.075 0. 340.119 0.075 0.997 0. 30.442 0. 0. 1. 0.
0.998 -0.070 0. 342.508 0.070 0.998 0. 30.644 0. 0. 1. 0.
0.998 -0.063 0. 344.927 0.063 0.998 0. 30.723 0. 0. 1. 0.
0.998 -0.055 0. 347.325 0.055 0.998 0. 30.806 0. 0. 1. 0.
0.999 -0.050 0. 349.741 0.050 0.999 0. 30.830 0. 0. 1. 0.
0.999 -0.044 0. 352.111 0.044 0.999 0. 30.937 0. 0. 1. 0.
0.999 -0.040 0. 354.494 0.040 0.999 0. 30.971 0. 0. 1. 0.
1.000 -0.031 0. 356.867 0.031 1.000 0. 31.019 0. 0. 1. 0.
1.000 -0.025 0. 359.298 0.025 1.000 0. 30.991 0. 0. 1. 0.
1.000 -0.021 0. 361.729 0.021 1.000 0. 31.046 0. 0. 1. 0.
1.000 -0.020 0. 364.157 0.020 1.000 0. 31.100 0. 0. 1. 0.
1.000 -0.017 0. 366.588 0.017 1.000 0. 31.030 0. 0. 1. 0.
1.000 -0.015 0. 369.027 0.015 1.000 0. 31.011 0. 0. 1. 0.
1. -0.013 0. 371.485 0.013 1. 0. 30.989 0. 0. 1. 0.
1. -0.013 0. 373.952 0.013 1. 0. 31.051 0. 0. 1. 0.
1. -0.013 0. 376.385 0.013 1. 0. 31.114 0. 0. 1. 0.
1. -0.014 0. 378.838 0.014 1. 0. 31.025 0. 0. 1. 0.
1.000 -0.015 0. 381.254 0.015 1.000 0. 31.082 0. 0. 1. 0.
1.000 -0.016 0. 383.685 0.016 1.000 0. 31.037 0. 0. 1. 0.
1.000 -0.019 0. 386.118 0.019 1.000 0. 31.045 0. 0. 1. 0.
1.000 -0.022 0. 388.528 0.022 1.000 0. 31.066 0. 0. 1. 0.
1.000 -0.028 0. 390.975 0.028 1.000 0. 31.064 0. 0. 1. 0.
0.999 -0.033 0. 393.432 0.033 0.999 0. 31.143 0. 0. 1. 0.
0.999 -0.039 0. 395.898 0.039 0.999 0. 31.191 0. 0. 1. 0.
0.999 -0.043 0. 398.378 0.043 0.999 0. 31.265 0. 0. 1. 0.
0.999 -0.052 0. 400.900 0.052 0.999 0. 31.303 0. 0. 1. 0.
0.998 -0.056 0. 403.371 0.056 0.998 0. 31.462 0. 0. 1. 0.
0.998 -0.062 0. 405.877 0.062 0.998 0. 31.588 0. 0. 1. 0.
0.998 -0.069 0. 408.409 0.069 0.998 0. 31.722 0. 0. 1. 0.
0.997 -0.076 0. 410.898 0.076 0.997 0. 31.848 0. 0. 1. 0.
0.997 -0.083 0. 413.408 0.083 0.997 0. 32.044 0. 0. 1. 0.
0.996 -0.087 0. 415.934 0.087 0.996 0. 32.228 0. 0. 1. 0.
0.996 -0.089 0. 418.497 0.089 0.996 0. 32.441 0. 0. 1. 0.
0.996 -0.091 0. 421.032 0.091 0.996 0. 32.669 0. 0. 1. 0.
0.996 -0.092 0. 423.532 0.092 0.996 0. 32.821 0. 0. 1. 0.
0.996 -0.093 0. 426.095 0.093 0.996 0. 33.067 0. 0. 1. 0.
0.996 -0.092 0. 428.583 0.092 0.996 0. 33.226 0. 0. 1. 0.
0.996 -0.093 0. 431.020 0.093 0.996 0. 33.366 0. 0. 1. 0.
0.996 -0.094 0. 433.376 0.094 0.996 0. 33.564 0. 0. 1. 0.
0.996 -0.093 0. 435.696 0.093 0.996 0. 33.762 0. 0. 1. 0.
0.996 -0.093 0. 437.974 0.093 0.996 0. 33.931 0. 0. 1. 0.
0.996 -0.093 0. 440.185 0.093 0.996 0. 34.077 0. 0. 1. 0.
0.996 -0.092 0. 442.309 0.092 0.996 0. 34.207 0. 0. 1. 0.
0.996 -0.089 0. 444.323 0.089 0.996 0. 34.412 0. 0. 1. 0.
0.996 -0.085 0. 446.296 0.085 0.996 0. 34.518 0. 0. 1. 0.
0.997 -0.081 0. 448.172 0.081 0.997 0. 34.617 0. 0. 1. 0.
0.997 -0.072 0. 449.935 0.072 0.997 0. 34.778 0. 0. 1. 0.
0.998 -0.062 0. 451.603 0.062 0.998 0. 34.821 0. 0. 1. 0.
0.999 -0.045 0. 453.207 0.045 0.999 0. 34.867 0. 0. 1. 0.
1.000 -0.016 0. 454.756 0.016 1.000 0. 34.879 0. 0. 1. 0.
1.000 0.024 0. 456.217 -0.024 1.000 0. 34.805 0. 0. 1. 0.
0.997 0.076 0. 457.565 -0.076 0.997 0. 34.687 0. 0. 1. 0.
0.992 0.129 0. 458.846 -0.129 0.992 0. 34.421 0. 0. 1. 0.
0.982 0.190 0. 460.044 -0.190 0.982 0. 34.163 0. 0. 1. 0.
0.965 0.261 0. 461.180 -0.261 0.965 0. 33.796 0. 0. 1. 0.
0.940 0.342 0. 462.204 -0.342 0.940 0. 33.399 0. 0. 1. 0.
0.903 0.430 0. 463.154 -0.430 0.903 0. 32.820 0. 0. 1. 0.
0.855 0.519 0. 464.044 -0.519 0.855 0. 32.208 0. 0. 1. 0.
0.793 0.609 0. 464.808 -0.609 0.793 0. 31.521 0. 0. 1. 0.
0.714 0.700 0. 465.455 -0.700 0.714 0. 30.778 0. 0. 1. 0.
0.621 0.784 0. 465.982 -0.784 0.621 0. 29.985 0. 0. 1. 0.
0.513 0.858 0. 466.395 -0.858 0.513 0. 29.070 0. 0. 1. 0.
0.395 0.919 0. 466.663 -0.919 0.395 0. 28.187 0. 0. 1. 0.
0.265 0.964 0. 466.809 -0.964 0.265 0. 27.251 0. 0. 1. 0.
0.123 0.992 0. 466.841 -0.992 0.123 0. 26.292 0. 0. 1. 0.
-0.023 1.000 0. 466.705 -1.000 -0.023 0. 25.316 0. 0. 1. 0.
-0.172 0.985 0. 466.426 -0.985 -0.172 0. 24.322 0. 0. 1. 0.
-0.315 0.949 0. 466.024 -0.949 -0.315 0. 23.286 0. 0. 1. 0.
-0.449 0.894 0. 465.443 -0.894 -0.449 0. 22.366 0. 0. 1. 0.
-0.560 0.828 0. 464.735 -0.828 -0.560 0. 21.443 0. 0. 1. 0.
-0.663 0.749 0. 463.859 -0.749 -0.663 0. 20.685 0. 0. 1. 0.
-0.749 0.663 0. 462.904 -0.663 -0.749 0. 19.853 0. 0. 1. 0.
-0.807 0.590 0. 461.829 -0.590 -0.807 0. 19.043 0. 0. 1. 0.
-0.843 0.537 0. 460.598 -0.537 -0.843 0. 18.317 0. 0. 1. 0.
-0.862 0.507 0. 459.303 -0.507 -0.862 0. 17.634 0. 0. 1. 0.
-0.868 0.496 0. 457.913 -0.496 -0.868 0. 16.961 0. 0. 1. 0.
-0.871 0.492 0. 456.532 -0.492 -0.871 0. 16.231 0. 0. 1. 0.
-0.870 0.492 0. 455.083 -0.492 -0.870 0. 15.400 0. 0. 1. 0.
-0.871 0.491 0. 453.512 -0.491 -0.871 0. 14.607 0. 0. 1. 0.
-0.872 0.490 0. 451.921 -0.490 -0.872 0. 13.749 0. 0. 1. 0.
-0.872 0.489 0. 450.228 -0.489 -0.872 0. 12.879 0. 0. 1. 0.
-0.873 0.487 0. 448.520 -0.487 -0.873 0. 11.973 0. 0. 1. 0.
-0.874 0.486 0. 446.734 -0.486 -0.874 0. 10.948 0. 0. 1. 0.
-0.874 0.485 0. 444.844 -0.485 -0.874 0. 9.997 0. 0. 1. 0.
-0.875 0.484 0. 442.921 -0.484 -0.875 0. 8.958 0. 0. 1. 0.
-0.876 0.483 0. 440.975 -0.483 -0.876 0. 7.897 0. 0. 1. 0.
-0.876 0.482 0. 438.947 -0.482 -0.876 0. 6.849 0. 0. 1. 0.
-0.877 0.480 0. 436.887 -0.480 -0.877 0. 5.729 0. 0. 1. 0.
-0.879 0.478 0. 434.779 -0.478 -0.879 0. 4.696 0. 0. 1. 0.
-0.880 0.476 0. 432.623 -0.476 -0.880 0. 3.571 0. 0. 1. 0.
-0.882 0.470 0. 430.445 -0.470 -0.882 0. 2.445 0. 0. 1. 0.
-0.884 0.468 0. 428.229 -0.468 -0.884 0. 1.290 0. 0. 1. 0.
-0.887 0.462 0. 425.988 -0.462 -0.887 0. 0.124 0. 0. 1. 0.
-0.889 0.458 0. 423.689 -0.458 -0.889 0. -1.034 0. 0. 1. 0.
-0.890 0.457 0. 421.391 -0.457 -0.890 0. -2.157 0. 0. 1. 0.
-0.891 0.455 0. 419.115 -0.455 -0.891 0. -3.298 0. 0. 1. 0.
-0.891 0.454 0. 416.803 -0.454 -0.891 0. -4.430 0. 0. 1. 0.
-0.892 0.452 0. 414.522 -0.452 -0.892 0. -5.561 0. 0. 1. 0.
-0.893 0.451 0. 412.198 -0.451 -0.893 0. -6.668 0. 0. 1. 0.
-0.894 0.449 0. 409.929 -0.449 -0.894 0. -7.786 0. 0. 1. 0.
-0.894 0.448 0. 407.629 -0.448 -0.894 0. -8.908 0. 0. 1. 0.
-0.894 0.447 0. 405.320 -0.447 -0.894 0. -10.046 0. 0. 1. 0.
-0.895 0.446 0. 403.007 -0.446 -0.895 0. -11.217 0. 0. 1. 0.
-0.895 0.447 0. 400.645 -0.447 -0.895 0. -12.323 0. 0. 1. 0.
-0.895 0.446 0. 398.323 -0.446 -0.895 0. -13.460 0. 0. 1. 0.
-0.895 0.446 0. 395.983 -0.446 -0.895 0. -14.581 0. 0. 1. 0.
-0.895 0.446 0. 393.664 -0.446 -0.895 0. -15.676 0. 0. 1. 0.
-0.895 0.445 0. 391.370 -0.445 -0.895 0. -16.834 0. 0. 1. 0.
-0.895 0.445 0. 389.082 -0.445 -0.895 0. -17.956 0. 0. 1. 0.
-0.898 0.441 0. 386.736 -0.441 -0.898 0. -19.060 0. 0. 1. 0.
-0.899 0.438 0. 384.375 -0.438 -0.899 0. -20.170 0. 0. 1. 0.
-0.899 0.437 0. 382.056 -0.437 -0.899 0. -21.279 0. 0. 1. 0.
-0.900 0.436 0. 379.758 -0.436 -0.900 0. -22.379 0. 0. 1. 0.
-0.901 0.434 0. 377.440 -0.434 -0.901 0. -23.413 0. 0. 1. 0.
-0.904 0.428 0. 375.144 -0.428 -0.904 0. -24.468 0. 0. 1. 0.
-0.907 0.421 0. 372.881 -0.421 -0.907 0. -25.506 0. 0. 1. 0.
-0.911 0.413 0. 370.579 -0.413 -0.911 0. -26.478 0. 0. 1. 0.
-0.914 0.405 0. 368.284 -0.405 -0.914 0. -27.439 0. 0. 1. 0.
-0.918 0.396 0. 365.982 -0.396 -0.918 0. -28.408 0. 0. 1. 0.
-0.921 0.389 0. 363.658 -0.389 -0.921 0. -29.343 0. 0. 1. 0.
-0.924 0.382 0. 361.312 -0.382 -0.924 0. -30.241 0. 0. 1. 0.
-0.927 0.374 0. 358.968 -0.374 -0.927 0. -31.129 0. 0. 1. 0.
-0.931 0.366 0. 356.649 -0.366 -0.931 0. -32.040 0. 0. 1. 0.
-0.935 0.356 0. 354.295 -0.356 -0.935 0. -32.894 0. 0. 1. 0.
-0.938 0.347 0. 351.971 -0.347 -0.938 0. -33.742 0. 0. 1. 0.
-0.941 0.338 0. 349.603 -0.338 -0.941 0. -34.549 0. 0. 1. 0.
-0.943 0.334 0. 347.256 -0.334 -0.943 0. -35.309 0. 0. 1. 0.
-0.944 0.331 0. 344.901 -0.331 -0.944 0. -36.024 0. 0. 1. 0.
-0.944 0.330 0. 342.565 -0.330 -0.944 0. -36.779 0. 0. 1. 0.
-0.943 0.332 0. 340.197 -0.332 -0.943 0. -37.563 0. 0. 1. 0.
-0.944 0.331 0. 337.870 -0.331 -0.944 0. -38.373 0. 0. 1. 0.
-0.943 0.333 0. 335.495 -0.333 -0.943 0. -39.189 0. 0. 1. 0.
-0.942 0.335 0. 333.158 -0.335 -0.942 0. -39.966 0. 0. 1. 0.
-0.940 0.341 0. 330.857 -0.341 -0.940 0. -40.784 0. 0. 1. 0.
-0.938 0.347 0. 328.551 -0.347 -0.938 0. -41.606 0. 0. 1. 0.
-0.937 0.349 0. 326.211 -0.349 -0.937 0. -42.400 0. 0. 1. 0.
-0.934 0.357 0. 323.882 -0.357 -0.934 0. -43.213 0. 0. 1. 0.
-0.933 0.360 0. 321.554 -0.360 -0.933 0. -44.070 0. 0. 1. 0.
-0.931 0.366 0. 319.190 -0.366 -0.931 0. -44.922 0. 0. 1. 0.
-0.930 0.368 0. 316.837 -0.368 -0.930 0. -45.826 0. 0. 1. 0.
-0.928 0.373 0. 314.476 -0.373 -0.928 0. -46.700 0. 0. 1. 0.
-0.927 0.376 0. 312.137 -0.376 -0.927 0. -47.627 0. 0. 1. 0.
-0.925 0.379 0. 309.736 -0.379 -0.925 0. -48.526 0. 0. 1. 0.
-0.925 0.380 0. 307.336 -0.380 -0.925 0. -49.455 0. 0. 1. 0.
-0.925 0.381 0. 305.028 -0.381 -0.925 0. -50.405 0. 0. 1. 0.
-0.925 0.381 0. 302.663 -0.381 -0.925 0. -51.342 0. 0. 1. 0.
-0.924 0.382 0. 300.282 -0.382 -0.924 0. -52.278 0. 0. 1. 0.
-0.924 0.382 0. 297.929 -0.382 -0.924 0. -53.223 0. 0. 1. 0.
-0.923 0.385 0. 295.602 -0.385 -0.923 0. -54.135 0. 0. 1. 0.
-0.922 0.387 0. 293.264 -0.387 -0.922 0. -55.051 0. 0. 1. 0.
-0.922 0.388 0. 290.956 -0.388 -0.922 0. -55.924 0. 0. 1. 0.
-0.919 0.394 0. 288.688 -0.394 -0.919 0. -56.851 0. 0. 1. 0.
-0.919 0.393 0. 286.339 -0.393 -0.919 0. -57.762 0. 0. 1. 0.
-0.919 0.395 0. 283.990 -0.395 -0.919 0. -58.626 0. 0. 1. 0.
-0.919 0.395 0. 281.750 -0.395 -0.919 0. -59.482 0. 0. 1. 0.
-0.918 0.397 0. 279.461 -0.397 -0.918 0. -60.540 0. 0. 1. 0.
-0.916 0.400 0. 277.185 -0.400 -0.916 0. -61.582 0. 0. 1. 0.
-0.916 0.402 0. 274.932 -0.402 -0.916 0. -62.520 0. 0. 1. 0.
-0.915 0.404 0. 272.660 -0.404 -0.915 0. -63.452 0. 0. 1. 0.
-0.914 0.405 0. 270.358 -0.405 -0.914 0. -64.366 0. 0. 1. 0.
-0.914 0.406 0. 268.069 -0.406 -0.914 0. -65.313 0. 0. 1. 0.
-0.914 0.406 0. 265.794 -0.406 -0.914 0. -66.292 0. 0. 1. 0.
-0.915 0.404 0. 263.476 -0.404 -0.915 0. -67.242 0. 0. 1. 0.
-0.915 0.404 0. 261.199 -0.404 -0.915 0. -68.213 0. 0. 1. 0.
-0.916 0.402 0. 258.928 -0.402 -0.916 0. -69.173 0. 0. 1. 0.
-0.917 0.400 0. 256.610 -0.400 -0.917 0. -70.114 0. 0. 1. 0.
-0.917 0.400 0. 254.286 -0.400 -0.917 0. -71.066 0. 0. 1. 0.
-0.917 0.399 0. 251.962 -0.399 -0.917 0. -72.059 0. 0. 1. 0.
-0.917 0.400 0. 249.634 -0.400 -0.917 0. -73.022 0. 0. 1. 0.
-0.917 0.400 0. 247.308 -0.400 -0.917 0. -74.009 0. 0. 1. 0.
-0.917 0.398 0. 244.977 -0.398 -0.917 0. -74.990 0. 0. 1. 0.
-0.916 0.401 0. 242.695 -0.401 -0.916 0. -75.997 0. 0. 1. 0.
-0.915 0.405 0. 240.347 -0.405 -0.915 0. -76.990 0. 0. 1. 0.
-0.913 0.408 0. 238.047 -0.408 -0.913 0. -77.932 0. 0. 1. 0.
-0.912 0.411 0. 235.772 -0.411 -0.912 0. -78.948 0. 0. 1. 0.
-0.911 0.412 0. 233.411 -0.412 -0.911 0. -79.935 0. 0. 1. 0.
-0.911 0.411 0. 231.092 -0.411 -0.911 0. -80.965 0. 0. 1. 0.
-0.911 0.412 0. 228.791 -0.412 -0.911 0. -81.944 0. 0. 1. 0.
-0.911 0.413 0. 226.451 -0.413 -0.911 0. -82.996 0. 0. 1. 0.
-0.911 0.413 0. 224.060 -0.413 -0.911 0. -83.966 0. 0. 1. 0.
-0.911 0.412 0. 221.700 -0.412 -0.911 0. -84.991 0. 0. 1. 0.
-0.911 0.413 0. 219.344 -0.413 -0.911 0. -86.104 0. 0. 1. 0.
-0.911 0.413 0. 216.951 -0.413 -0.911 0. -87.106 0. 0. 1. 0.
-0.911 0.411 0. 214.521 -0.411 -0.911 0. -88.105 0. 0. 1. 0.
-0.912 0.410 0. 212.092 -0.410 -0.912 0. -89.215 0. 0. 1. 0.
-0.912 0.409 0. 209.647 -0.409 -0.912 0. -90.262 0. 0. 1. 0.
-0.912 0.410 0. 207.211 -0.410 -0.912 0. -91.312 0. 0. 1. 0.
-0.913 0.409 0. 204.736 -0.409 -0.913 0. -92.313 0. 0. 1. 0.
-0.913 0.408 0. 202.319 -0.408 -0.913 0. -93.378 0. 0. 1. 0.
-0.914 0.407 0. 199.842 -0.407 -0.914 0. -94.411 0. 0. 1. 0.
-0.914 0.406 0. 197.402 -0.406 -0.914 0. -95.467 0. 0. 1. 0.
-0.913 0.407 0. 194.982 -0.407 -0.913 0. -96.552 0. 0. 1. 0.
-0.914 0.407 0. 192.517 -0.407 -0.914 0. -97.612 0. 0. 1. 0.
-0.914 0.406 0. 190.051 -0.406 -0.914 0. -98.600 0. 0. 1. 0.
-0.912 0.411 0. 187.636 -0.411 -0.912 0. -99.676 0. 0. 1. 0.
-0.912 0.410 0. 185.197 -0.410 -0.912 0. -100.834 0. 0. 1. 0.
-0.912 0.410 0. 182.729 -0.410 -0.912 0. -101.857 0. 0. 1. 0.
-0.913 0.408 0. 180.249 -0.408 -0.913 0. -102.927 0. 0. 1. 0.
-0.912 0.410 0. 177.741 -0.410 -0.912 0. -103.909 0. 0. 1. 0.
-0.913 0.408 0. 175.311 -0.408 -0.913 0. -105.013 0. 0. 1. 0.
-0.916 0.402 0. 172.819 -0.402 -0.916 0. -106.050 0. 0. 1. 0.
-0.917 0.400 0. 170.320 -0.400 -0.917 0. -107.055 0. 0. 1. 0.
-0.918 0.398 0. 167.813 -0.398 -0.918 0. -108.083 0. 0. 1. 0.
-0.919 0.395 0. 165.307 -0.395 -0.919 0. -109.123 0. 0. 1. 0.
-0.921 0.389 0. 162.813 -0.389 -0.921 0. -110.183 0. 0. 1. 0.
-0.923 0.385 0. 160.225 -0.385 -0.923 0. -111.097 0. 0. 1. 0.
-0.924 0.382 0. 157.708 -0.382 -0.924 0. -112.132 0. 0. 1. 0.
-0.925 0.380 0. 155.204 -0.380 -0.925 0. -113.126 0. 0. 1. 0.
-0.926 0.379 0. 152.646 -0.379 -0.926 0. -114.123 0. 0. 1. 0.
-0.927 0.376 0. 150.112 -0.376 -0.927 0. -115.095 0. 0. 1. 0.
-0.927 0.374 0. 147.609 -0.374 -0.927 0. -116.102 0. 0. 1. 0.
-0.927 0.375 0. 145.009 -0.375 -0.927 0. -116.949 0. 0. 1. 0.
-0.928 0.373 0. 142.546 -0.373 -0.928 0. -117.967 0. 0. 1. 0.
-0.929 0.371 0. 139.990 -0.371 -0.929 0. -118.901 0. 0. 1. 0.
-0.929 0.370 0. 137.458 -0.370 -0.929 0. -119.812 0. 0. 1. 0.
-0.929 0.369 0. 134.946 -0.369 -0.929 0. -120.748 0. 0. 1. 0.
-0.930 0.367 0. 132.400 -0.367 -0.930 0. -121.682 0. 0. 1. 0.
-0.931 0.365 0. 129.890 -0.365 -0.931 0. -122.582 0. 0. 1. 0.
-0.932 0.362 0. 127.367 -0.362 -0.932 0. -123.520 0. 0. 1. 0.
-0.932 0.362 0. 124.872 -0.362 -0.932 0. -124.420 0. 0. 1. 0.
-0.932 0.362 0. 122.482 -0.362 -0.932 0. -125.332 0. 0. 1. 0.
-0.933 0.361 0. 120.278 -0.361 -0.933 0. -126.175 0. 0. 1. 0.
-0.933 0.360 0. 118.224 -0.360 -0.933 0. -126.935 0. 0. 1. 0.
-0.933 0.360 0. 116.387 -0.360 -0.933 0. -127.634 0. 0. 1. 0.
-0.933 0.361 0. 114.748 -0.361 -0.933 0. -128.224 0. 0. 1. 0.
-0.933 0.360 0. 113.338 -0.360 -0.933 0. -128.726 0. 0. 1. 0.
-0.933 0.360 0. 112.153 -0.360 -0.933 0. -129.153 0. 0. 1. 0.
-0.934 0.357 0. 111.233 -0.357 -0.934 0. -129.533 0. 0. 1. 0.
-0.934 0.358 0. 110.468 -0.358 -0.934 0. -129.824 0. 0. 1. 0.
-0.934 0.357 0. 109.827 -0.357 -0.934 0. -129.977 0. 0. 1. 0.
-0.935 0.356 0. 109.319 -0.356 -0.935 0. -130.128 0. 0. 1. 0.
-0.935 0.355 0. 108.875 -0.355 -0.935 0. -130.348 0. 0. 1. 0.
-0.935 0.355 0. 108.574 -0.355 -0.935 0. -130.463 0. 0. 1. 0.
-0.935 0.354 0. 108.315 -0.354 -0.935 0. -130.550 0. 0. 1. 0.
-0.935 0.354 0. 108.162 -0.354 -0.935 0. -130.655 0. 0. 1. 0.
-0.936 0.353 0. 108.032 -0.353 -0.936 0. -130.669 0. 0. 1. 0.
-0.935 0.354 0. 107.942 -0.354 -0.935 0. -130.654 0. 0. 1. 0.
-0.936 0.353 0. 107.867 -0.353 -0.936 0. -130.707 0. 0. 1. 0.
-0.936 0.353 0. 107.890 -0.353 -0.936 0. -130.744 0. 0. 1. 0.
-0.936 0.352 0. 107.871 -0.352 -0.936 0. -130.746 0. 0. 1. 0.
-0.936 0.353 0. 107.879 -0.353 -0.936 0. -130.714 0. 0. 1. 0.
-0.935 0.354 0. 107.806 -0.354 -0.935 0. -130.688 0. 0. 1. 0.
-0.936 0.353 0. 107.837 -0.353 -0.936 0. -130.708 0. 0. 1. 0.
-0.935 0.354 0. 107.783 -0.354 -0.935 0. -130.707 0. 0. 1. 0.
-0.936 0.352 0. 107.883 -0.352 -0.936 0. -130.736 0. 0. 1. 0.
-0.936 0.352 0. 107.903 -0.352 -0.936 0. -130.707 0. 0. 1. 0.
-0.935 0.353 0. 107.839 -0.353 -0.935 0. -130.708 0. 0. 1. 0.
-0.936 0.353 0. 107.885 -0.353 -0.936 0. -130.753 0. 0. 1. 0.
-0.936 0.353 0. 107.922 -0.353 -0.936 0. -130.717 0. 0. 1. 0.
-0.936 0.353 0. 107.917 -0.353 -0.936 0. -130.727 0. 0. 1. 0.
-0.936 0.352 0. 107.899 -0.352 -0.936 0. -130.722 0. 0. 1. 0.
-0.936 0.352 0. 107.905 -0.352 -0.936 0. -130.715 0. 0. 1. 0.
-0.936 0.353 0. 107.869 -0.353 -0.936 0. -130.708 0. 0. 1. 0.
-0.936 0.353 0. 107.855 -0.353 -0.936 0. -130.722 0. 0. 1. 0.
-0.936 0.353 0. 107.877 -0.353 -0.936 0. -130.738 0. 0. 1. 0.
-0.936 0.352 0. 107.918 -0.352 -0.936 0. -130.713 0. 0. 1. 0.
-0.936 0.352 0. 107.901 -0.352 -0.936 0. -130.713 0. 0. 1. 0.
-0.936 0.353 0. 107.862 -0.353 -0.936 0. -130.723 0. 0. 1. 0.
-0.935 0.354 0. 107.840 -0.354 -0.935 0. -130.713 0. 0. 1. 0.
-0.935 0.354 0. 107.817 -0.354 -0.935 0. -130.706 0. 0. 1. 0.
-0.936 0.353 0. 107.862 -0.353 -0.936 0. -130.724 0. 0. 1. 0.
-0.935 0.353 0. 107.838 -0.353 -0.935 0. -130.722 0. 0. 1. 0.
-0.936 0.353 0. 107.842 -0.353 -0.936 0. -130.723 0. 0. 1. 0.
-0.936 0.352 0. 107.888 -0.352 -0.936 0. -130.710 0. 0. 1. 0.
-0.936 0.353 0. 107.915 -0.353 -0.936 0. -130.695 0. 0. 1. 0.
-0.936 0.353 0. 107.879 -0.353 -0.936 0. -130.703 0. 0. 1. 0.
-0.936 0.353 0. 107.898 -0.353 -0.936 0. -130.730 0. 0. 1. 0.
-0.936 0.353 0. 107.840 -0.353 -0.936 0. -130.735 0. 0. 1. 0.
-0.936 0.353 0. 107.844 -0.353 -0.936 0. -130.730 0. 0. 1. 0.
-0.935 0.354 0. 107.848 -0.354 -0.935 0. -130.756 0. 0. 1. 0.
-0.936 0.353 0. 107.898 -0.353 -0.936 0. -130.725 0. 0. 1. 0.
-0.936 0.353 0. 107.933 -0.353 -0.936 0. -130.704 0. 0. 1. 0.
-0.935 0.354 0. 107.912 -0.354 -0.935 0. -130.707 0. 0. 1. 0.
-0.935 0.354 0. 107.884 -0.354 -0.935 0. -130.726 0. 0. 1. 0.
-0.936 0.353 0. 107.912 -0.353 -0.936 0. -130.736 0. 0. 1. 0.
-0.936 0.352 0. 107.902 -0.352 -0.936 0. -130.715 0. 0. 1. 0.
-0.936 0.353 0. 107.895 -0.353 -0.936 0. -130.710 0. 0. 1. 0.
-0.936 0.353 0. 107.889 -0.353 -0.936 0. -130.721 0. 0. 1. 0.
-0.936 0.352 0. 107.884 -0.352 -0.936 0. -130.736 0. 0. 1. 0.
-0.935 0.354 0. 107.845 -0.354 -0.935 0. -130.766 0. 0. 1. 0.
-0.935 0.354 0. 107.848 -0.354 -0.935 0. -130.734 0. 0. 1. 0.
-0.936 0.353 0. 107.873 -0.353 -0.936 0. -130.729 0. 0. 1. 0.
-0.936 0.353 0. 107.840 -0.353 -0.936 0. -130.772 0. 0. 1. 0.
-0.935 0.353 0. 107.887 -0.353 -0.935 0. -130.732 0. 0. 1. 0.
-0.936 0.353 0. 107.920 -0.353 -0.936 0. -130.705 0. 0. 1. 0.
-0.936 0.353 0. 107.899 -0.353 -0.936 0. -130.703 0. 0. 1. 0.
-0.936 0.352 0. 107.896 -0.352 -0.936 0. -130.726 0. 0. 1. 0.
-0.936 0.352 0. 107.903 -0.352 -0.936 0. -130.749 0. 0. 1. 0.
-0.936 0.352 0. 107.874 -0.352 -0.936 0. -130.753 0. 0. 1. 0.
-0.936 0.352 0. 107.873 -0.352 -0.936 0. -130.728 0. 0. 1. 0.
-0.936 0.352 0. 107.863 -0.352 -0.936 0. -130.741 0. 0. 1. 0.
-0.936 0.353 0. 107.869 -0.353 -0.936 0. -130.729 0. 0. 1. 0.
-0.936 0.353 0. 107.915 -0.353 -0.936 0. -130.741 0. 0. 1. 0.
-0.936 0.352 0. 107.919 -0.352 -0.936 0. -130.729 0. 0. 1. 0.
-0.936 0.352 0. 107.851 -0.352 -0.936 0. -130.737 0. 0. 1. 0.
-0.936 0.352 0. 107.875 -0.352 -0.936 0. -130.754 0. 0. 1. 0.
-0.935 0.354 0. 107.807 -0.354 -0.935 0. -130.724 0. 0. 1. 0.
-0.936 0.351 0. 107.846 -0.351 -0.936 0. -130.742 0. 0. 1. 0.
-0.936 0.352 0. 107.880 -0.352 -0.936 0. -130.733 0. 0. 1. 0.
-0.936 0.353 0. 107.833 -0.353 -0.936 0. -130.721 0. 0. 1. 0.
-0.936 0.353 0. 107.822 -0.353 -0.936 0. -130.728 0. 0. 1. 0.
-0.935 0.354 0. 107.840 -0.354 -0.935 0. -130.715 0. 0. 1. 0.
-0.936 0.353 0. 107.889 -0.353 -0.936 0. -130.741 0. 0. 1. 0.
-0.936 0.353 0. 107.859 -0.353 -0.936 0. -130.742 0. 0. 1. 0.
-0.936 0.352 0. 107.880 -0.352 -0.936 0. -130.730 0. 0. 1. 0.
-0.936 0.352 0. 107.905 -0.352 -0.936 0. -130.730 0. 0. 1. 0.
-0.936 0.353 0. 107.899 -0.353 -0.936 0. -130.716 0. 0. 1. 0.
-0.936 0.353 0. 107.871 -0.353 -0.936 0. -130.746 0. 0. 1. 0.
-0.936 0.352 0. 107.900 -0.352 -0.936 0. -130.761 0. 0. 1. 0.
-0.936 0.353 0. 107.931 -0.353 -0.936 0. -130.720 0. 0. 1. 0.
-0.935 0.354 0. 107.809 -0.354 -0.935 0. -130.745 0. 0. 1. 0.
-0.936 0.353 0. 107.884 -0.353 -0.936 0. -130.751 0. 0. 1. 0.
-0.936 0.353 0. 107.898 -0.353 -0.936 0. -130.679 0. 0. 1. 0.
-0.936 0.353 0. 107.927 -0.353 -0.936 0. -130.707 0. 0. 1. 0.
-0.936 0.353 0. 107.942 -0.353 -0.936 0. -130.721 0. 0. 1. 0.
-0.936 0.352 0. 107.898 -0.352 -0.936 0. -130.720 0. 0. 1. 0.
-0.935 0.353 0. 107.858 -0.353 -0.935 0. -130.710 0. 0. 1. 0.
-0.935 0.354 0. 107.886 -0.354 -0.935 0. -130.723 0. 0. 1. 0.
-0.936 0.352 0. 107.884 -0.352 -0.936 0. -130.712 0. 0. 1. 0.
-0.936 0.352 0. 107.909 -0.352 -0.936 0. -130.710 0. 0. 1. 0.
-0.936 0.352 0. 107.903 -0.352 -0.936 0. -130.698 0. 0. 1. 0.
-0.936 0.352 0. 107.883 -0.352 -0.936 0. -130.731 0. 0. 1. 0.
-0.936 0.353 0. 107.874 -0.353 -0.936 0. -130.738 0. 0. 1. 0.
-0.936 0.353 0. 107.846 -0.353 -0.936 0. -130.721 0. 0. 1. 0.
-0.936 0.352 0. 107.889 -0.352 -0.936 0. -130.722 0. 0. 1. 0.
-0.936 0.352 0. 107.917 -0.352 -0.936 0. -130.718 0. 0. 1. 0.
-0.935 0.355 0. 107.768 -0.355 -0.935 0. -130.691 0. 0. 1. 0.
-0.935 0.354 0. 107.843 -0.354 -0.935 0. -130.710 0. 0. 1. 0.
-0.935 0.355 0. 107.777 -0.355 -0.935 0. -130.709 0. 0. 1. 0.
-0.935 0.353 0. 107.847 -0.353 -0.935 0. -130.710 0. 0. 1. 0.
-0.936 0.352 0. 107.908 -0.352 -0.936 0. -130.705 0. 0. 1. 0.
-0.936 0.353 0. 107.936 -0.353 -0.936 0. -130.719 0. 0. 1. 0.
-0.936 0.353 0. 107.932 -0.353 -0.936 0. -130.725 0. 0. 1. 0.
-0.936 0.353 0. 107.911 -0.353 -0.936 0. -130.723 0. 0. 1. 0.
-0.936 0.352 0. 107.903 -0.352 -0.936 0. -130.707 0. 0. 1. 0.
-0.936 0.352 0. 107.891 -0.352 -0.936 0. -130.714 0. 0. 1. 0.
-0.936 0.353 0. 107.810 -0.353 -0.936 0. -130.741 0. 0. 1. 0.
-0.936 0.353 0. 107.897 -0.353 -0.936 0. -130.746 0. 0. 1. 0.
-0.936 0.352 0. 107.894 -0.352 -0.936 0. -130.729 0. 0. 1. 0.
-0.936 0.352 0. 107.899 -0.352 -0.936 0. -130.727 0. 0. 1. 0.
-0.936 0.352 0. 107.888 -0.352 -0.936 0. -130.739 0. 0. 1. 0.
-0.936 0.352 0. 107.888 -0.352 -0.936 0. -130.729 0. 0. 1. 0.
-0.936 0.352 0. 107.907 -0.352 -0.936 0. -130.734 0. 0. 1. 0.
-0.936 0.352 0. 107.919 -0.352 -0.936 0. -130.707 0. 0. 1. 0.
-0.936 0.352 0. 107.876 -0.352 -0.936 0. -130.719 0. 0. 1. 0.
-0.936 0.352 0. 107.908 -0.352 -0.936 0. -130.718 0. 0. 1. 0.
-0.936 0.352 0. 107.873 -0.352 -0.936 0. -130.739 0. 0. 1. 0.
-0.936 0.352 0. 107.886 -0.352 -0.936 0. -130.751 0. 0. 1. 0.
-0.936 0.353 0. 107.856 -0.353 -0.936 0. -130.719 0. 0. 1. 0.
-0.936 0.353 0. 107.896 -0.353 -0.936 0. -130.740 0. 0. 1. 0.
-0.936 0.352 0. 107.849 -0.352 -0.936 0. -130.714 0. 0. 1. 0.
-0.936 0.352 0. 107.861 -0.352 -0.936 0. -130.737 0. 0. 1. 0.
-0.936 0.353 0. 107.864 -0.353 -0.936 0. -130.749 0. 0. 1. 0.
-0.936 0.352 0. 107.868 -0.352 -0.936 0. -130.729 0. 0. 1. 0.
-0.935 0.354 0. 107.802 -0.354 -0.935 0. -130.672 0. 0. 1. 0.
-0.935 0.354 0. 107.869 -0.354 -0.935 0. -130.719 0. 0. 1. 0.
-0.935 0.354 0. 107.843 -0.354 -0.935 0. -130.738 0. 0. 1. 0.
-0.935 0.355 0. 107.790 -0.355 -0.935 0. -130.702 0. 0. 1. 0.
-0.935 0.353 0. 107.800 -0.353 -0.935 0. -130.750 0. 0. 1. 0.
-0.935 0.355 0. 107.789 -0.355 -0.935 0. -130.717 0. 0. 1. 0.
-0.936 0.353 0. 107.762 -0.353 -0.936 0. -130.727 0. 0. 1. 0.
-0.935 0.354 0. 107.798 -0.354 -0.935 0. -130.695 0. 0. 1. 0.
-0.936 0.352 0. 107.749 -0.352 -0.936 0. -130.753 0. 0. 1. 0.
-0.936 0.353 0. 107.872 -0.353 -0.936 0. -130.743 0. 0. 1. 0.
-0.936 0.353 0. 107.713 -0.353 -0.936 0. -130.738 0. 0. 1. 0.
-0.935 0.354 0. 107.847 -0.354 -0.935 0. -130.717 0. 0. 1. 0.
-0.935 0.354 0. 107.743 -0.354 -0.935 0. -130.752 0. 0. 1. 0.
-0.936 0.353 0. 107.886 -0.353 -0.936 0. -130.733 0. 0. 1. 0.
-0.936 0.353 0. 107.795 -0.353 -0.936 0. -130.762 0. 0. 1. 0.
-0.936 0.352 0. 107.889 -0.352 -0.936 0. -130.752 0. 0. 1. 0.
-0.935 0.355 0. 107.747 -0.355 -0.935 0. -130.735 0. 0. 1. 0.
-0.936 0.353 0. 107.843 -0.353 -0.936 0. -130.729 0. 0. 1. 0.
-0.935 0.355 0. 107.762 -0.355 -0.935 0. -130.768 0. 0. 1. 0.
-0.935 0.354 0. 107.817 -0.354 -0.935 0. -130.743 0. 0. 1. 0.
-0.935 0.355 0. 107.733 -0.355 -0.935 0. -130.714 0. 0. 1. 0.
-0.936 0.353 0. 107.833 -0.353 -0.936 0. -130.739 0. 0. 1. 0.
-0.935 0.355 0. 107.727 -0.355 -0.935 0. -130.758 0. 0. 1. 0.
-0.936 0.353 0. 107.811 -0.353 -0.936 0. -130.730 0. 0. 1. 0.
-0.935 0.355 0. 107.708 -0.355 -0.935 0. -130.744 0. 0. 1. 0.
-0.935 0.354 0. 107.806 -0.354 -0.935 0. -130.706 0. 0. 1. 0.
-0.935 0.354 0. 107.693 -0.354 -0.935 0. -130.749 0. 0. 1. 0.
-0.935 0.354 0. 107.833 -0.354 -0.935 0. -130.769 0. 0. 1. 0.
-0.935 0.355 0. 107.701 -0.355 -0.935 0. -130.769 0. 0. 1. 0.
-0.935 0.354 0. 107.828 -0.354 -0.935 0. -130.751 0. 0. 1. 0.
-0.936 0.353 0. 107.739 -0.353 -0.936 0. -130.876 0. 0. 1. 0.
-0.935 0.354 0. 107.829 -0.354 -0.935 0. -130.787 0. 0. 1. 0.
-0.936 0.353 0. 107.736 -0.353 -0.936 0. -130.852 0. 0. 1. 0.
-0.936 0.352 0. 107.865 -0.352 -0.936 0. -130.767 0. 0. 1. 0.
-0.935 0.355 0. 107.685 -0.355 -0.935 0. -130.707 0. 0. 1. 0.
-0.935 0.355 0. 107.815 -0.355 -0.935 0. -130.668 0. 0. 1. 0.
-0.936 0.353 0. 107.749 -0.353 -0.936 0. -130.802 0. 0. 1. 0.
-0.936 0.352 0. 107.805 -0.352 -0.936 0. -130.762 0. 0. 1. 0.
-0.935 0.354 0. 107.729 -0.354 -0.935 0. -130.749 0. 0. 1. 0.
-0.936 0.353 0. 107.820 -0.353 -0.936 0. -130.769 0. 0. 1. 0.
-0.935 0.355 0. 107.723 -0.355 -0.935 0. -130.779 0. 0. 1. 0.
-0.935 0.354 0. 107.828 -0.354 -0.935 0. -130.776 0. 0. 1. 0.
-0.935 0.355 0. 107.771 -0.355 -0.935 0. -130.879 0. 0. 1. 0.
-0.935 0.353 0. 107.852 -0.353 -0.935 0. -130.770 0. 0. 1. 0.
-0.935 0.353 0. 107.926 -0.353 -0.935 0. -130.704 0. 0. 1. 0.
-0.936 0.353 0. 107.926 -0.353 -0.936 0. -130.697 0. 0. 1. 0.
-0.935 0.355 0. 107.798 -0.355 -0.935 0. -130.680 0. 0. 1. 0.
-0.936 0.353 0. 107.843 -0.353 -0.936 0. -130.695 0. 0. 1. 0.
-0.935 0.354 0. 107.837 -0.354 -0.935 0. -130.690 0. 0. 1. 0.
-0.935 0.354 0. 107.804 -0.354 -0.935 0. -130.716 0. 0. 1. 0.
-0.935 0.355 0. 107.798 -0.355 -0.935 0. -130.700 0. 0. 1. 0.
-0.935 0.354 0. 107.762 -0.354 -0.935 0. -130.726 0. 0. 1. 0.
-0.935 0.354 0. 107.789 -0.354 -0.935 0. -130.723 0. 0. 1. 0.
-0.935 0.355 0. 107.773 -0.355 -0.935 0. -130.665 0. 0. 1. 0.
-0.935 0.354 0. 107.808 -0.354 -0.935 0. -130.682 0. 0. 1. 0.
-0.935 0.355 0. 107.778 -0.355 -0.935 0. -130.705 0. 0. 1. 0.
-0.935 0.354 0. 107.839 -0.354 -0.935 0. -130.719 0. 0. 1. 0.
-0.935 0.353 0. 107.842 -0.353 -0.935 0. -130.713 0. 0. 1. 0.
-0.935 0.355 0. 107.775 -0.355 -0.935 0. -130.723 0. 0. 1. 0.
-0.935 0.354 0. 107.823 -0.354 -0.935 0. -130.746 0. 0. 1. 0.
-0.935 0.355 0. 107.811 -0.355 -0.935 0. -130.741 0. 0. 1. 0.
-0.935 0.354 0. 107.819 -0.354 -0.935 0. -130.720 0. 0. 1. 0.
-0.935 0.355 0. 107.812 -0.355 -0.935 0. -130.793 0. 0. 1. 0.
-0.936 0.353 0. 107.790 -0.353 -0.936 0. -130.750 0. 0. 1. 0.
-0.935 0.355 0. 107.795 -0.355 -0.935 0. -130.774 0. 0. 1. 0.
-0.936 0.353 0. 107.811 -0.353 -0.936 0. -130.772 0. 0. 1. 0.
-0.935 0.354 0. 107.787 -0.354 -0.935 0. -130.809 0. 0. 1. 0.
-0.935 0.354 0. 107.811 -0.354 -0.935 0. -130.786 0. 0. 1. 0.
-0.935 0.354 0. 107.828 -0.354 -0.935 0. -130.744 0. 0. 1. 0.
-0.936 0.353 0. 107.902 -0.353 -0.936 0. -130.728 0. 0. 1. 0.
-0.936 0.352 0. 107.934 -0.352 -0.936 0. -130.716 0. 0. 1. 0.
-0.936 0.353 0. 107.906 -0.353 -0.936 0. -130.751 0. 0. 1. 0.
-0.935 0.354 0. 107.836 -0.354 -0.935 0. -130.721 0. 0. 1. 0.
-0.935 0.354 0. 107.839 -0.354 -0.935 0. -130.706 0. 0. 1. 0.
-0.935 0.355 0. 107.825 -0.355 -0.935 0. -130.668 0. 0. 1. 0.
-0.935 0.354 0. 107.778 -0.354 -0.935 0. -130.696 0. 0. 1. 0.
-0.935 0.354 0. 107.837 -0.354 -0.935 0. -130.715 0. 0. 1. 0.
-0.935 0.354 0. 107.798 -0.354 -0.935 0. -130.720 0. 0. 1. 0.
-0.935 0.354 0. 107.811 -0.354 -0.935 0. -130.714 0. 0. 1. 0.
-0.936 0.353 0. 107.888 -0.353 -0.936 0. -130.716 0. 0. 1. 0.
-0.935 0.354 0. 107.813 -0.354 -0.935 0. -130.712 0. 0. 1. 0.
-0.936 0.353 0. 107.821 -0.353 -0.936 0. -130.721 0. 0. 1. 0.
-0.936 0.353 0. 107.833 -0.353 -0.936 0. -130.737 0. 0. 1. 0.
-0.936 0.353 0. 107.862 -0.353 -0.936 0. -130.727 0. 0. 1. 0.
-0.936 0.353 0. 107.920 -0.353 -0.936 0. -130.724 0. 0. 1. 0.
-0.936 0.352 0. 107.913 -0.352 -0.936 0. -130.718 0. 0. 1. 0.
-0.936 0.352 0. 107.887 -0.352 -0.936 0. -130.742 0. 0. 1. 0.
-0.936 0.352 0. 107.864 -0.352 -0.936 0. -130.740 0. 0. 1. 0.
-0.936 0.352 0. 107.869 -0.352 -0.936 0. -130.715 0. 0. 1. 0.
-0.936 0.353 0. 107.894 -0.353 -0.936 0. -130.714 0. 0. 1. 0.
-0.936 0.353 0. 107.863 -0.353 -0.936 0. -130.706 0. 0. 1. 0.
-0.935 0.353 0. 107.892 -0.353 -0.935 0. -130.753 0. 0. 1. 0.
-0.936 0.353 0. 107.853 -0.353 -0.936 0. -130.740 0. 0. 1. 0.
-0.935 0.354 0. 107.817 -0.354 -0.935 0. -130.769 0. 0. 1. 0.
-0.936 0.352 0. 107.866 -0.352 -0.936 0. -130.723 0. 0. 1. 0.
-0.936 0.352 0. 107.869 -0.352 -0.936 0. -130.703 0. 0. 1. 0.
-0.936 0.352 0. 107.886 -0.352 -0.936 0. -130.751 0. 0. 1. 0.
-0.936 0.353 0. 107.835 -0.353 -0.936 0. -130.733 0. 0. 1. 0.
-0.936 0.353 0. 107.873 -0.353 -0.936 0. -130.726 0. 0. 1. 0.
-0.936 0.352 0. 107.904 -0.352 -0.936 0. -130.702 0. 0. 1. 0.
-0.936 0.353 0. 107.923 -0.353 -0.936 0. -130.734 0. 0. 1. 0.
-0.936 0.353 0. 107.897 -0.353 -0.936 0. -130.728 0. 0. 1. 0.
