1618942335557441 1.00000 0.00000 0.00000 -0.00000 0.00000 -1.00000 0.00000 0.00000 0.00000 -0.00000 -1.00000 0.00000
1618942335807450 1.00000 0.00249 0.00000 -0.01053 0.00249 -1.00000 0.00000 -0.00964 0.00000 -0.00000 -1.00000 -0.00000
1618942336057452 0.99998 0.00702 0.00000 -0.00176 0.00702 -0.99998 0.00000 -0.00844 0.00000 -0.00000 -1.00000 -0.00000
1618942336308080 1.00000 0.00265 -0.00000 0.01735 0.00265 -1.00000 0.00000 -0.01297 0.00000 -0.00000 -1.00000 -0.00000
1618942336558080 0.99999 0.00452 -0.00000 0.01634 0.00452 -0.99999 0.00000 0.00073 0.00000 -0.00000 -1.00000 0.00000
1618942336808087 0.99996 0.00889 -0.00000 0.00517 0.00889 -0.99996 0.00000 -0.00053 0.00000 -0.00000 -1.00000 -0.00000
1618942337058089 0.99997 0.00764 0.00000 -0.02993 0.00764 -0.99997 0.00000 0.01965 0.00000 -0.00000 -1.00000 0.00000
1618942337308090 1.00000 0.00119 0.00000 -0.01254 0.00119 -1.00000 0.00000 0.00355 0.00000 -0.00000 -1.00000 0.00000
1618942337558094 1.00000 0.00105 0.00000 0.00755 0.00105 -1.00000 0.00000 -0.01815 0.00000 -0.00000 -1.00000 -0.00000
1618942337808099 0.99999 0.00447 -0.00000 -0.00533 0.00447 -0.99999 0.00000 -0.01070 0.00000 -0.00000 -1.00000 -0.00000
1618942338058104 0.99996 0.00839 0.00000 -0.00549 0.00839 -0.99996 0.00000 0.00477 0.00000 -0.00000 -1.00000 0.00000
1618942338308101 0.99998 0.00678 -0.00000 -0.01005 0.00678 -0.99998 0.00000 0.02215 0.00000 -0.00000 -1.00000 0.00000
1618942338558104 1.00000 0.00294 0.00000 -0.02637 0.00294 -1.00000 0.00000 0.00519 0.00000 -0.00000 -1.00000 0.00000
1618942338808109 0.99999 0.00323 0.00000 -0.00665 0.00323 -0.99999 0.00000 -0.01058 0.00000 -0.00000 -1.00000 -0.00000
1618942339058121 0.99999 0.00436 0.00000 -0.01163 0.00436 -0.99999 0.00000 -0.00485 0.00000 -0.00000 -1.00000 -0.00000
1618942339307492 1.00000 0.00060 0.00000 -0.00765 0.00060 -1.00000 0.00000 0.01053 0.00000 -0.00000 -1.00000 0.00000
1618942339558120 1.00000 0.00182 0.00000 0.00863 0.00182 -1.00000 0.00000 -0.00915 0.00000 -0.00000 -1.00000 -0.00000
1618942339808123 1.00000 0.00214 0.00000 -0.01453 0.00214 -1.00000 0.00000 -0.00250 0.00000 -0.00000 -1.00000 -0.00000
1618942340058129 1.00000 0.00042 0.00000 -0.00815 0.00042 -1.00000 0.00000 0.00904 0.00000 -0.00000 -1.00000 0.00000
1618942340307503 1.00000 -0.00096 0.00000 0.01822 -0.00096 -1.00000 0.00000 -0.01319 -0.00000 -0.00000 -1.00000 -0.00000
1618942340557509 0.99994 0.01116 -0.00000 0.00126 0.01116 -0.99994 0.00000 0.01165 0.00000 -0.00000 -1.00000 0.00000
1618942340807511 0.99989 0.01469 -0.00000 -0.01871 0.01469 -0.99989 0.00000 0.03902 0.00000 -0.00000 -1.00000 0.00000
1618942341057513 0.99998 0.00704 0.00000 0.00041 0.00704 -0.99998 0.00000 -0.00207 0.00000 -0.00000 -1.00000 -0.00000
1618942341308140 0.99999 0.00522 -0.00000 -0.02701 0.00522 -0.99999 0.00000 0.03687 0.00000 -0.00000 -1.00000 0.00000
1618942341558151 0.99998 0.00677 0.00000 0.01032 0.00677 -0.99998 0.00000 -0.02882 0.00000 -0.00000 -1.00000 -0.00000
1618942341808152 0.99997 0.00827 0.00000 -0.00630 0.00827 -0.99997 0.00000 -0.03217 0.00000 -0.00000 -1.00000 -0.00000
1618942342058157 1.00000 0.00157 -0.00000 0.01033 0.00157 -1.00000 0.00000 -0.03686 0.00000 -0.00000 -1.00000 -0.00000
1618942342308160 0.99996 0.00876 -0.00000 0.01192 0.00876 -0.99996 0.00000 0.00353 0.00000 -0.00000 -1.00000 0.00000
1618942342558156 0.99991 0.01347 0.00000 -0.01378 0.01347 -0.99991 0.00000 0.02746 0.00000 -0.00000 -1.00000 0.00000
1618942342808167 0.99998 0.00621 0.00000 -0.03757 0.00621 -0.99998 0.00000 0.03113 0.00000 -0.00000 -1.00000 0.00000
1618942343057548 1.00000 -0.00104 0.00000 0.00310 -0.00104 -1.00000 0.00000 -0.00417 -0.00000 -0.00000 -1.00000 -0.00000
1618942343307547 0.99999 0.00462 0.00000 0.02123 0.00462 -0.99999 0.00000 -0.00812 0.00000 -0.00000 -1.00000 -0.00000
1618942343557550 0.99998 0.00657 -0.00000 -0.03401 0.00657 -0.99998 0.00000 0.02588 0.00000 -0.00000 -1.00000 0.00000
1618942343807552 1.00000 0.00195 0.00000 -0.02114 0.00195 -1.00000 0.00000 0.00797 0.00000 -0.00000 -1.00000 0.00000
1618942344057559 1.00000 -0.00052 0.00000 0.01668 -0.00052 -1.00000 0.00000 -0.03012 -0.00000 -0.00000 -1.00000 -0.00000
1618942344307562 0.99997 0.00755 0.00000 -0.00302 0.00755 -0.99997 0.00000 -0.00238 0.00000 -0.00000 -1.00000 -0.00000
1618942344558191 0.99998 0.00554 0.00000 0.00921 0.00554 -0.99998 0.00000 -0.02157 0.00000 -0.00000 -1.00000 -0.00000
1618942344808820 1.00000 -0.00073 0.00000 0.01240 -0.00073 -1.00000 0.00000 -0.01346 -0.00000 -0.00000 -1.00000 -0.00000
1618942345058815 0.99999 0.00518 0.00000 0.02685 0.00518 -0.99999 0.00000 -0.03274 0.00000 -0.00000 -1.00000 -0.00000
1618942345308820 1.00000 0.00100 0.00000 -0.00916 0.00100 -1.00000 0.00000 0.00293 0.00000 -0.00000 -1.00000 0.00000
1618942345558823 0.99995 0.00979 0.00000 0.00051 0.00979 -0.99995 0.00000 0.00202 0.00000 -0.00000 -1.00000 0.00000
1618942345808825 0.99988 0.01527 0.00000 0.00019 0.01527 -0.99988 0.00000 0.03533 0.00000 -0.00000 -1.00000 0.00000
1618942346059457 0.99999 0.00492 0.00000 0.00371 0.00492 -0.99999 0.00000 -0.01594 0.00000 -0.00000 -1.00000 -0.00000
1618942346310081 0.99999 -0.00328 0.00000 0.03056 -0.00328 -0.99999 0.00000 -0.03217 -0.00000 -0.00000 -1.00000 -0.00000
1618942346559468 0.99999 -0.00325 0.00000 0.00631 -0.00325 -0.99999 0.00000 0.00050 -0.00000 -0.00000 -1.00000 0.00000
1618942346809469 0.99997 0.00745 -0.00000 -0.01643 0.00745 -0.99997 0.00000 0.02329 0.00000 -0.00000 -1.00000 0.00000
1618942347059473 0.99997 0.00719 0.00000 -0.02683 0.00719 -0.99997 0.00000 0.02177 0.00000 -0.00000 -1.00000 0.00000
1618942347309477 0.99999 0.00343 -0.00000 -0.00634 0.00343 -0.99999 0.00000 0.00046 0.00000 -0.00000 -1.00000 0.00000
1618942347559478 1.00000 0.00233 0.00000 -0.00541 0.00233 -1.00000 0.00000 -0.00095 0.00000 -0.00000 -1.00000 -0.00000
1618942347809483 1.00000 0.00273 -0.00000 -0.01591 0.00273 -1.00000 0.00000 -0.00244 0.00000 -0.00000 -1.00000 -0.00000
1618942348059484 1.00000 0.00209 -0.00000 -0.00431 0.00209 -1.00000 0.00000 -0.00858 0.00000 -0.00000 -1.00000 -0.00000
1618942348309485 1.00000 0.00147 0.00000 -0.00358 0.00147 -1.00000 0.00000 -0.00924 0.00000 -0.00000 -1.00000 -0.00000
1618942348558866 1.00000 0.00038 0.00000 0.01617 0.00038 -1.00000 0.00000 -0.03388 0.00000 -0.00000 -1.00000 -0.00000
1618942348808873 0.99994 0.01109 0.00000 -0.00133 0.01109 -0.99994 0.00000 0.01357 0.00000 -0.00000 -1.00000 0.00000
1618942349058876 0.99988 0.01521 0.00000 -0.01040 0.01521 -0.99988 0.00000 0.04938 0.00000 -0.00000 -1.00000 0.00000
1618942349309504 1.00000 -0.00025 -0.00000 -0.01648 -0.00025 -1.00000 0.00000 0.01377 -0.00000 -0.00000 -1.00000 0.00000
1618942349558881 0.99999 -0.00474 0.00000 0.00555 -0.00474 -0.99999 0.00000 -0.02300 -0.00000 -0.00000 -1.00000 -0.00000
1618942349808886 0.99998 0.00610 0.00000 0.01310 0.00610 -0.99998 0.00000 -0.02203 0.00000 -0.00000 -1.00000 -0.00000
1618942350058887 0.99990 0.01420 0.00000 -0.00973 0.01420 -0.99990 0.00000 0.05498 0.00000 -0.00000 -1.00000 0.00000
1618942350308892 0.99993 0.01174 0.00000 -0.00907 0.01174 -0.99993 0.00000 0.01449 0.00000 -0.00000 -1.00000 0.00000
1618942350558896 0.99999 0.00515 -0.00000 0.00590 0.00515 -0.99999 0.00000 -0.01868 0.00000 -0.00000 -1.00000 -0.00000
1618942350808897 1.00000 0.00261 -0.00000 0.00449 0.00261 -1.00000 0.00000 -0.00741 0.00000 -0.00000 -1.00000 -0.00000
1618942351058906 1.00000 0.00179 0.00000 -0.00954 0.00179 -1.00000 0.00000 -0.00630 0.00000 -0.00000 -1.00000 -0.00000
1618942351308904 0.99999 0.00379 0.00000 -0.02417 0.00379 -0.99999 0.00000 -0.02319 0.00000 -0.00000 -1.00000 -0.00000
1618942351559530 0.99998 -0.00622 0.00000 -0.06881 -0.00622 -0.99998 0.00000 0.00765 -0.00000 -0.00000 -1.00000 0.00000
1618942351808907 0.99994 -0.01080 0.00000 -0.11468 -0.01080 -0.99994 0.00000 -0.04035 -0.00000 -0.00000 -1.00000 -0.00000
1618942352058914 0.99990 -0.01386 0.00000 -0.24908 -0.01386 -0.99990 0.00000 0.00403 -0.00000 -0.00000 -1.00000 0.00000
1618942352308917 0.99951 -0.03141 0.00000 -0.42726 -0.03141 -0.99951 0.00000 0.01692 -0.00000 -0.00000 -1.00000 0.00000
1618942352558922 0.99817 -0.06053 0.00000 -0.73690 -0.06053 -0.99817 0.00000 -0.06867 -0.00000 -0.00000 -1.00000 -0.00000
1618942352808921 0.99547 -0.09503 -0.00000 -1.12015 -0.09503 -0.99547 0.00000 -0.01410 -0.00000 -0.00000 -1.00000 -0.00000
1618942353058924 0.99163 -0.12912 0.00000 -1.60561 -0.12912 -0.99163 0.00000 -0.01103 -0.00000 -0.00000 -1.00000 -0.00000
1618942353308301 0.99003 -0.14088 0.00000 -2.13700 -0.14088 -0.99003 0.00000 -0.05567 -0.00000 -0.00000 -1.00000 -0.00000
1618942353558309 0.98809 -0.15385 -0.00000 -2.82042 -0.15385 -0.98809 0.00000 -0.04625 -0.00000 -0.00000 -1.00000 -0.00000
1618942353808311 0.98683 -0.16175 -0.00000 -3.60400 -0.16175 -0.98683 0.00000 0.00358 -0.00000 -0.00000 -1.00000 0.00000
1618942354058315 0.98637 -0.16456 0.00000 -4.44488 -0.16456 -0.98637 0.00000 0.02624 -0.00000 -0.00000 -1.00000 0.00000
1618942354307694 0.98798 -0.15456 0.00000 -5.31222 -0.15456 -0.98798 0.00000 -0.18718 -0.00000 -0.00000 -1.00000 -0.00000
1618942354557693 0.98880 -0.14925 0.00000 -6.33908 -0.14925 -0.98880 0.00000 -0.11170 -0.00000 -0.00000 -1.00000 -0.00000
1618942354807703 0.98888 -0.14871 0.00000 -7.30508 -0.14871 -0.98888 0.00000 -0.16911 -0.00000 -0.00000 -1.00000 -0.00000
1618942355057706 0.98988 -0.14192 0.00000 -8.33574 -0.14192 -0.98988 0.00000 -0.19620 -0.00000 -0.00000 -1.00000 -0.00000
1618942355307708 0.99044 -0.13794 -0.00000 -9.38377 -0.13794 -0.99044 0.00000 -0.29000 -0.00000 -0.00000 -1.00000 -0.00000
1618942355557708 0.99126 -0.13191 0.00000 -10.58336 -0.13191 -0.99126 0.00000 -0.35805 -0.00000 -0.00000 -1.00000 -0.00000
1618942355808331 0.99255 -0.12181 -0.00000 -11.77201 -0.12181 -0.99255 0.00000 -0.46615 -0.00000 -0.00000 -1.00000 -0.00000
1618942356058968 0.99272 -0.12045 -0.00000 -13.02128 -0.12045 -0.99272 0.00000 -0.43061 -0.00000 -0.00000 -1.00000 -0.00000
1618942356308967 0.99363 -0.11272 0.00000 -14.34891 -0.11272 -0.99363 0.00000 -0.62461 -0.00000 -0.00000 -1.00000 -0.00000
1618942356558974 0.99466 -0.10319 -0.00000 -15.68920 -0.10319 -0.99466 0.00000 -0.75088 -0.00000 -0.00000 -1.00000 -0.00000
1618942356808976 0.99579 -0.09167 0.00000 -17.03280 -0.09167 -0.99579 0.00000 -0.93366 -0.00000 -0.00000 -1.00000 -0.00000
1618942357058976 0.99695 -0.07798 0.00000 -18.49422 -0.07798 -0.99695 0.00000 -1.19235 -0.00000 -0.00000 -1.00000 -0.00000
1618942357308983 0.99790 -0.06483 0.00000 -19.90845 -0.06483 -0.99790 0.00000 -1.58441 -0.00000 -0.00000 -1.00000 -0.00000
1618942357558358 0.99845 -0.05565 -0.00000 -21.41477 -0.05565 -0.99845 0.00000 -1.74472 -0.00000 -0.00000 -1.00000 -0.00000
1618942357808984 0.99877 -0.04950 -0.00000 -22.91524 -0.04950 -0.99877 0.00000 -1.78086 -0.00000 -0.00000 -1.00000 -0.00000
1618942358058993 0.99926 -0.03849 0.00000 -24.50328 -0.03849 -0.99926 0.00000 -2.01036 -0.00000 -0.00000 -1.00000 -0.00000
1618942358308372 0.99964 -0.02694 0.00000 -26.16673 -0.02694 -0.99964 0.00000 -2.46220 -0.00000 -0.00000 -1.00000 -0.00000
1618942358558376 0.99989 -0.01515 -0.00000 -27.82573 -0.01515 -0.99989 0.00000 -2.78831 -0.00000 -0.00000 -1.00000 -0.00000
1618942358808377 0.99998 -0.00565 0.00000 -29.56467 -0.00565 -0.99998 0.00000 -3.08320 -0.00000 -0.00000 -1.00000 -0.00000
1618942359059017 0.99998 -0.00587 0.00000 -31.27084 -0.00587 -0.99998 0.00000 -3.03077 -0.00000 -0.00000 -1.00000 -0.00000
1618942359308386 0.99995 0.00949 0.00000 -33.01644 0.00949 -0.99995 0.00000 -3.56874 0.00000 -0.00000 -1.00000 -0.00000
1618942359558386 0.99988 0.01577 0.00000 -34.79187 0.01577 -0.99988 0.00000 -3.84726 0.00000 -0.00000 -1.00000 -0.00000
1618942359809016 0.99978 0.02099 0.00000 -36.62702 0.02099 -0.99978 0.00000 -4.03301 0.00000 -0.00000 -1.00000 -0.00000
1618942360059020 0.99977 0.02162 -0.00000 -38.48574 0.02162 -0.99977 0.00000 -4.09786 0.00000 -0.00000 -1.00000 -0.00000
1618942360309647 0.99949 0.03196 0.00000 -40.27438 0.03196 -0.99949 0.00000 -4.41901 0.00000 -0.00000 -1.00000 -0.00000
1618942360559031 0.99916 0.04087 -0.00000 -42.13835 0.04087 -0.99916 0.00000 -4.74028 0.00000 -0.00000 -1.00000 -0.00000
1618942360809031 0.99905 0.04359 0.00000 -44.12373 0.04359 -0.99905 0.00000 -4.93880 0.00000 -0.00000 -1.00000 -0.00000
1618942361058404 0.99879 0.04911 -0.00000 -46.06005 0.04911 -0.99879 0.00000 -5.39757 0.00000 -0.00000 -1.00000 -0.00000
1618942361308408 0.99852 0.05445 -0.00000 -48.13572 0.05445 -0.99852 0.00000 -5.56488 0.00000 -0.00000 -1.00000 -0.00000
1618942361558410 0.99839 0.05675 0.00000 -50.25999 0.05675 -0.99839 0.00000 -5.85302 0.00000 -0.00000 -1.00000 -0.00000
1618942361808415 0.99834 0.05758 0.00000 -52.32063 0.05758 -0.99834 0.00000 -5.91093 0.00000 -0.00000 -1.00000 -0.00000
1618942362059046 0.99872 0.05048 0.00000 -54.49887 0.05048 -0.99872 0.00000 -5.49935 0.00000 -0.00000 -1.00000 -0.00000
1618942362308424 0.99857 0.05352 0.00000 -56.59314 0.05352 -0.99857 0.00000 -5.80300 0.00000 -0.00000 -1.00000 -0.00000
1618942362559051 0.99880 0.04888 0.00000 -58.85527 0.04888 -0.99880 0.00000 -5.45048 0.00000 -0.00000 -1.00000 -0.00000
1618942362808427 0.99874 0.05025 -0.00000 -60.98576 0.05025 -0.99874 0.00000 -5.53006 0.00000 -0.00000 -1.00000 -0.00000
1618942363058434 0.99888 0.04737 0.00000 -63.13549 0.04737 -0.99888 0.00000 -5.41208 0.00000 -0.00000 -1.00000 -0.00000
1618942363308439 0.99900 0.04478 -0.00000 -65.28017 0.04478 -0.99900 0.00000 -5.27056 0.00000 -0.00000 -1.00000 -0.00000
1618942363558438 0.99926 0.03847 0.00000 -67.51123 0.03847 -0.99926 0.00000 -4.82628 0.00000 -0.00000 -1.00000 -0.00000
1618942363807816 0.99905 0.04348 0.00000 -69.53978 0.04348 -0.99905 0.00000 -5.24563 0.00000 -0.00000 -1.00000 -0.00000
1618942364057818 0.99914 0.04144 0.00000 -71.76285 0.04144 -0.99914 0.00000 -5.05306 0.00000 -0.00000 -1.00000 -0.00000
1618942364307826 0.99943 0.03377 0.00000 -73.87744 0.03377 -0.99943 0.00000 -4.52149 0.00000 -0.00000 -1.00000 -0.00000
1618942364557827 0.99966 0.02592 0.00000 -76.02292 0.02592 -0.99966 0.00000 -3.96281 0.00000 -0.00000 -1.00000 -0.00000
1618942364807835 1.00000 0.00170 0.00000 -78.21897 0.00170 -1.00000 0.00000 -2.13954 0.00000 -0.00000 -1.00000 -0.00000
1618942365057214 0.99990 -0.01438 -0.00000 -80.31091 -0.01438 -0.99990 0.00000 -0.86709 -0.00000 -0.00000 -1.00000 -0.00000
1618942365307840 0.99847 -0.05527 0.00000 -82.39744 -0.05527 -0.99847 0.00000 2.36623 -0.00000 -0.00000 -1.00000 0.00000
1618942365557841 0.99601 -0.08924 0.00000 -84.26126 -0.08924 -0.99601 0.00000 5.18142 -0.00000 -0.00000 -1.00000 0.00000
1618942365807842 0.99109 -0.13317 0.00000 -86.04438 -0.13317 -0.99109 0.00000 8.86890 -0.00000 -0.00000 -1.00000 0.00000
1618942366058474 0.98525 -0.17115 0.00000 -87.68606 -0.17115 -0.98525 0.00000 12.15061 -0.00000 -0.00000 -1.00000 0.00000
1618942366309104 0.97492 -0.22254 -0.00000 -88.93121 -0.22254 -0.97492 0.00000 16.76978 -0.00000 -0.00000 -1.00000 0.00000
1618942366559103 0.96366 -0.26714 0.00000 -90.08011 -0.26714 -0.96366 0.00000 20.77934 -0.00000 -0.00000 -1.00000 0.00000
1618942366809108 0.94782 -0.31879 0.00000 -90.83179 -0.31879 -0.94782 0.00000 25.67878 -0.00000 -0.00000 -1.00000 0.00000
1618942367058500 0.93328 -0.35914 0.00000 -91.62872 -0.35914 -0.93328 0.00000 29.42754 -0.00000 -0.00000 -1.00000 0.00000
1618942367308489 0.91103 -0.41233 0.00000 -91.76877 -0.41233 -0.91103 0.00000 34.67954 -0.00000 -0.00000 -1.00000 0.00000
1618942367557868 0.88800 -0.45985 -0.00000 -91.73669 -0.45985 -0.88800 0.00000 39.47296 -0.00000 -0.00000 -1.00000 0.00000
1618942367807869 0.86052 -0.50942 0.00000 -91.28848 -0.50942 -0.86052 0.00000 44.64699 -0.00000 -0.00000 -1.00000 0.00000
1618942368057877 0.82330 -0.56761 0.00000 -90.05013 -0.56761 -0.82330 0.00000 50.94448 -0.00000 -0.00000 -1.00000 0.00000
1618942368307879 0.77919 -0.62678 -0.00000 -88.08268 -0.62678 -0.77919 0.00000 57.52128 -0.00000 -0.00000 -1.00000 0.00000
1618942368557257 0.72649 -0.68718 0.00000 -85.03141 -0.68718 -0.72649 0.00000 64.28831 -0.00000 -0.00000 -1.00000 0.00000
1618942368807260 0.66284 -0.74876 0.00000 -80.94875 -0.74876 -0.66284 0.00000 71.61889 -0.00000 -0.00000 -1.00000 0.00000
1618942369057264 0.59590 -0.80306 -0.00000 -76.35756 -0.80306 -0.59590 0.00000 78.28164 -0.00000 -0.00000 -1.00000 0.00000
1618942369307270 0.53798 -0.84296 0.00000 -72.59573 -0.84296 -0.53798 0.00000 83.34273 -0.00000 -0.00000 -1.00000 0.00000
1618942369557894 0.47461 -0.88020 0.00000 -68.08665 -0.88020 -0.47461 0.00000 88.51241 -0.00000 -0.00000 -1.00000 0.00000
1618942369808522 0.42511 -0.90514 0.00000 -64.93499 -0.90514 -0.42511 0.00000 92.09362 -0.00000 -0.00000 -1.00000 0.00000
1618942370058521 0.39893 -0.91698 0.00000 -64.20693 -0.91698 -0.39893 0.00000 93.63087 -0.00000 -0.00000 -1.00000 0.00000
1618942370309159 0.37766 -0.92594 0.00000 -63.93434 -0.92594 -0.37766 0.00000 95.09769 -0.00000 -0.00000 -1.00000 0.00000
1618942370558533 0.37389 -0.92747 0.00000 -65.40254 -0.92747 -0.37389 0.00000 95.30088 -0.00000 -0.00000 -1.00000 0.00000
1618942370808537 0.37187 -0.92829 0.00000 -67.14932 -0.92829 -0.37187 0.00000 95.60318 -0.00000 -0.00000 -1.00000 0.00000
1618942371057919 0.37446 -0.92724 -0.00000 -69.32887 -0.92724 -0.37446 0.00000 95.25082 -0.00000 -0.00000 -1.00000 0.00000
1618942371307918 0.37785 -0.92587 -0.00000 -71.63877 -0.92587 -0.37785 0.00000 95.03215 -0.00000 -0.00000 -1.00000 0.00000
1618942371557921 0.38740 -0.92191 0.00000 -74.56335 -0.92191 -0.38740 0.00000 94.20461 -0.00000 -0.00000 -1.00000 0.00000
1618942371808552 0.39543 -0.91849 0.00000 -77.50613 -0.91849 -0.39543 0.00000 93.61493 -0.00000 -0.00000 -1.00000 0.00000
1618942372058554 0.40828 -0.91285 0.00000 -80.77850 -0.91285 -0.40828 0.00000 92.40694 -0.00000 -0.00000 -1.00000 0.00000
1618942372308559 0.42080 -0.90715 0.00000 -84.10685 -0.90715 -0.42080 0.00000 91.20057 -0.00000 -0.00000 -1.00000 0.00000
1618942372557934 0.43776 -0.89909 0.00000 -87.83884 -0.89909 -0.43776 0.00000 89.41699 -0.00000 -0.00000 -1.00000 0.00000
1618942372807939 0.44884 -0.89361 0.00000 -91.10320 -0.89361 -0.44884 0.00000 88.46503 -0.00000 -0.00000 -1.00000 0.00000
1618942373057940 0.46630 -0.88463 0.00000 -94.88484 -0.88463 -0.46630 0.00000 86.61738 -0.00000 -0.00000 -1.00000 0.00000
1618942373308569 0.47938 -0.87761 0.00000 -98.35575 -0.87761 -0.47938 0.00000 85.06838 -0.00000 -0.00000 -1.00000 0.00000
1618942373558573 0.49667 -0.86794 -0.00000 -102.09396 -0.86794 -0.49667 0.00000 82.93103 -0.00000 -0.00000 -1.00000 0.00000
1618942373808573 0.51621 -0.85646 0.00000 -106.21565 -0.85646 -0.51621 0.00000 80.68092 -0.00000 -0.00000 -1.00000 0.00000
1618942374059205 0.53326 -0.84595 -0.00000 -110.03956 -0.84595 -0.53326 0.00000 78.62364 -0.00000 -0.00000 -1.00000 0.00000
1618942374309206 0.54538 -0.83819 -0.00000 -113.28425 -0.83819 -0.54538 0.00000 76.98165 -0.00000 -0.00000 -1.00000 0.00000
1618942374558597 0.56703 -0.82370 0.00000 -117.30865 -0.82370 -0.56703 0.00000 73.93640 -0.00000 -0.00000 -1.00000 0.00000
1618942374808587 0.57790 -0.81610 0.00000 -120.38911 -0.81610 -0.57790 0.00000 72.32354 -0.00000 -0.00000 -1.00000 0.00000
1618942375058599 0.58961 -0.80769 0.00000 -123.59922 -0.80769 -0.58961 0.00000 70.67394 -0.00000 -0.00000 -1.00000 0.00000
1618942375307969 0.59815 -0.80138 0.00000 -126.43041 -0.80138 -0.59815 0.00000 69.23395 -0.00000 -0.00000 -1.00000 0.00000
1618942375557353 0.61745 -0.78661 0.00000 -130.14076 -0.78661 -0.61745 0.00000 66.01660 -0.00000 -0.00000 -1.00000 0.00000
1618942375807979 0.62515 -0.78051 0.00000 -132.86285 -0.78051 -0.62515 0.00000 64.79387 -0.00000 -0.00000 -1.00000 0.00000
1618942376057981 0.64017 -0.76824 0.00000 -136.05657 -0.76824 -0.64017 0.00000 62.30046 -0.00000 -0.00000 -1.00000 0.00000
1618942376307982 0.65853 -0.75255 0.00000 -139.53919 -0.75255 -0.65853 0.00000 58.88401 -0.00000 -0.00000 -1.00000 0.00000
1618942376558615 0.67801 -0.73506 0.00000 -143.02627 -0.73506 -0.67801 0.00000 55.27822 -0.00000 -0.00000 -1.00000 0.00000
1618942376808618 0.70100 -0.71316 0.00000 -146.68529 -0.71316 -0.70100 0.00000 50.66828 -0.00000 -0.00000 -1.00000 0.00000
1618942377058620 0.72612 -0.68757 0.00000 -150.35148 -0.68757 -0.72612 0.00000 45.24272 -0.00000 -0.00000 -1.00000 0.00000
1618942377308624 0.75573 -0.65488 0.00000 -154.09228 -0.65488 -0.75573 0.00000 38.36497 -0.00000 -0.00000 -1.00000 0.00000
1618942377558639 0.78862 -0.61488 0.00000 -157.65106 -0.61488 -0.78862 0.00000 30.33872 -0.00000 -0.00000 -1.00000 0.00000
1618942377808630 0.82444 -0.56595 0.00000 -160.85311 -0.56595 -0.82444 0.00000 20.80789 -0.00000 -0.00000 -1.00000 0.00000
1618942378058633 0.85869 -0.51250 -0.00000 -163.51753 -0.51250 -0.85869 0.00000 10.47924 -0.00000 -0.00000 -1.00000 0.00000
1618942378308636 0.89520 -0.44566 -0.00000 -165.41049 -0.44566 -0.89520 0.00000 -2.07766 -0.00000 -0.00000 -1.00000 -0.00000
1618942378558638 0.93307 -0.35968 0.00000 -165.90104 -0.35968 -0.93307 0.00000 -17.58538 -0.00000 -0.00000 -1.00000 -0.00000
1618942378808640 0.96431 -0.26478 0.00000 -164.73171 -0.26478 -0.96431 0.00000 -34.05398 -0.00000 -0.00000 -1.00000 -0.00000
1618942379058645 0.98673 -0.16239 0.00000 -161.52371 -0.16239 -0.98673 0.00000 -51.04739 -0.00000 -0.00000 -1.00000 -0.00000
1618942379308649 0.99798 -0.06358 0.00000 -156.81730 -0.06358 -0.99798 0.00000 -66.92151 -0.00000 -0.00000 -1.00000 -0.00000
1618942379558648 0.99898 0.04514 0.00000 -149.74209 0.04514 -0.99898 0.00000 -83.52325 0.00000 -0.00000 -1.00000 -0.00000
1618942379808655 0.98731 0.15881 0.00000 -140.35398 0.15881 -0.98731 0.00000 -100.08663 0.00000 -0.00000 -1.00000 -0.00000
1618942380058661 0.95685 0.29057 0.00000 -126.61825 0.29057 -0.95685 0.00000 -118.00884 0.00000 -0.00000 -1.00000 -0.00000
1618942380308665 0.90734 0.42040 0.00000 -110.21755 0.42040 -0.90734 0.00000 -134.51203 0.00000 -0.00000 -1.00000 -0.00000
1618942380558665 0.82918 0.55898 0.00000 -88.39601 0.55898 -0.82918 0.00000 -150.23369 0.00000 -0.00000 -1.00000 -0.00000
1618942380808667 0.72931 0.68418 0.00000 -64.39896 0.68418 -0.72931 0.00000 -162.42491 0.00000 -0.00000 -1.00000 -0.00000
1618942381058672 0.60238 0.79821 0.00000 -36.73892 0.79821 -0.60238 0.00000 -170.94707 0.00000 -0.00000 -1.00000 -0.00000
1618942381308676 0.45184 0.89210 0.00000 -7.00199 0.89210 -0.45184 0.00000 -174.81115 0.00000 -0.00000 -1.00000 -0.00000
1618942381558679 0.27562 0.96127 0.00000 25.19772 0.96127 -0.27562 0.00000 -172.89488 0.00000 -0.00000 -1.00000 -0.00000
1618942381809307 0.10183 0.99480 -0.00000 54.25432 0.99480 -0.10183 0.00000 -165.72630 0.00000 -0.00000 -1.00000 -0.00000
1618942382059312 -0.09518 0.99546 -0.00000 84.79084 0.99546 0.09518 0.00000 -151.79528 0.00000 0.00000 -1.00000 -0.00000
1618942382309313 -0.27720 0.96081 0.00000 110.43660 0.96081 0.27720 0.00000 -133.49811 0.00000 0.00000 -1.00000 -0.00000
1618942382559319 -0.44817 0.89395 0.00000 132.01637 0.89395 0.44817 0.00000 -111.01096 0.00000 0.00000 -1.00000 -0.00000
1618942382809324 -0.59061 0.80696 0.00000 147.57587 0.80696 0.59061 0.00000 -87.56156 0.00000 0.00000 -1.00000 -0.00000
1618942383059961 -0.70214 0.71204 0.00000 157.74777 0.71204 0.70214 0.00000 -64.94455 0.00000 0.00000 -1.00000 -0.00000
1618942383309953 -0.78471 0.61986 0.00000 163.49665 0.61986 0.78471 0.00000 -44.93945 0.00000 0.00000 -1.00000 -0.00000
1618942383559957 -0.84005 0.54252 0.00000 165.84311 0.54252 0.84005 0.00000 -29.18165 0.00000 0.00000 -1.00000 -0.00000
1618942383809334 -0.88330 0.46880 0.00000 166.57530 0.46880 0.88330 0.00000 -14.97331 0.00000 0.00000 -1.00000 -0.00000
1618942384059962 -0.91397 0.40578 0.00000 165.95065 0.40578 0.91397 0.00000 -3.13375 0.00000 0.00000 -1.00000 -0.00000
1618942384309967 -0.93227 0.36177 0.00000 164.58836 0.36177 0.93227 0.00000 4.66310 0.00000 0.00000 -1.00000 0.00000
1618942384559969 -0.94343 0.33159 0.00000 162.89252 0.33159 0.94343 0.00000 9.98642 0.00000 0.00000 -1.00000 0.00000
1618942384809972 -0.94891 0.31554 0.00000 161.37352 0.31554 0.94891 0.00000 12.77042 0.00000 0.00000 -1.00000 0.00000
1618942385059978 -0.95128 0.30834 0.00000 159.75581 0.30834 0.95128 0.00000 13.98497 0.00000 0.00000 -1.00000 0.00000
1618942385309981 -0.95058 0.31048 0.00000 158.22453 0.31048 0.95058 0.00000 13.57134 0.00000 0.00000 -1.00000 0.00000
1618942385559981 -0.94947 0.31387 0.00000 156.79606 0.31387 0.94947 0.00000 13.01079 0.00000 0.00000 -1.00000 0.00000
1618942385809984 -0.94287 0.33317 -0.00000 155.48025 0.33317 0.94287 0.00000 9.88052 0.00000 0.00000 -1.00000 0.00000
1618942386059362 -0.93659 0.35044 0.00000 153.89396 0.35044 0.93659 0.00000 6.84714 0.00000 0.00000 -1.00000 0.00000
1618942386309371 -0.93030 0.36680 0.00000 152.40590 0.36680 0.93030 0.00000 4.24954 0.00000 0.00000 -1.00000 0.00000
1618942386559374 -0.91593 0.40134 -0.00000 150.76706 0.40134 0.91593 0.00000 -1.50466 0.00000 0.00000 -1.00000 -0.00000
1618942386809370 -0.89591 0.44424 0.00000 148.84412 0.44424 0.89591 0.00000 -8.60699 0.00000 0.00000 -1.00000 -0.00000
1618942387059377 -0.87257 0.48849 0.00000 146.49751 0.48849 0.87257 0.00000 -16.03040 0.00000 0.00000 -1.00000 -0.00000
1618942387308758 -0.84863 0.52899 0.00000 143.87230 0.52899 0.84863 0.00000 -22.93905 0.00000 0.00000 -1.00000 -0.00000
1618942387558137 -0.81907 0.57369 -0.00000 140.62725 0.57369 0.81907 0.00000 -30.75656 0.00000 0.00000 -1.00000 -0.00000
1618942387808136 -0.78605 0.61817 0.00000 136.85547 0.61817 0.78605 0.00000 -38.43116 0.00000 0.00000 -1.00000 -0.00000
1618942388057516 -0.75263 0.65844 0.00000 132.76232 0.65844 0.75263 0.00000 -45.60297 0.00000 0.00000 -1.00000 -0.00000
1618942388308140 -0.71717 0.69690 0.00000 128.35900 0.69690 0.71717 0.00000 -52.50864 0.00000 0.00000 -1.00000 -0.00000
1618942388558150 -0.67625 0.73667 0.00000 123.21738 0.73667 0.67625 0.00000 -59.75978 0.00000 0.00000 -1.00000 -0.00000
1618942388808154 -0.63042 0.77625 0.00000 117.43715 0.77625 0.63042 0.00000 -67.13920 0.00000 0.00000 -1.00000 -0.00000
1618942389058779 -0.58846 0.80853 0.00000 111.77540 0.80853 0.58846 0.00000 -73.18805 0.00000 0.00000 -1.00000 -0.00000
1618942389308782 -0.54436 0.83885 -0.00000 105.68491 0.83885 0.54436 0.00000 -79.03209 0.00000 0.00000 -1.00000 -0.00000
1618942389558165 -0.50309 0.86424 0.00000 99.88246 0.86424 0.50309 0.00000 -84.14625 0.00000 0.00000 -1.00000 -0.00000
1618942389808166 -0.46515 0.88523 -0.00000 94.19735 0.88523 0.46515 0.00000 -88.22061 0.00000 0.00000 -1.00000 -0.00000
1618942390058789 -0.42919 0.90321 0.00000 88.52213 0.90321 0.42919 0.00000 -91.98860 0.00000 0.00000 -1.00000 -0.00000
1618942390308171 -0.40758 0.91317 0.00000 84.38591 0.91317 0.40758 0.00000 -94.11851 0.00000 0.00000 -1.00000 -0.00000
1618942390557550 -0.38850 0.92145 0.00000 80.40044 0.92145 0.38850 0.00000 -95.90652 0.00000 0.00000 -1.00000 -0.00000
1618942390808176 -0.37220 0.92815 0.00000 76.70687 0.92815 0.37220 0.00000 -97.24723 0.00000 0.00000 -1.00000 -0.00000
1618942391058192 -0.36268 0.93191 0.00000 73.86905 0.93191 0.36268 0.00000 -98.15310 0.00000 0.00000 -1.00000 -0.00000
1618942391308809 -0.35199 0.93601 0.00000 70.63585 0.93601 0.35199 0.00000 -98.99404 0.00000 0.00000 -1.00000 -0.00000
1618942391558811 -0.34753 0.93767 0.00000 68.14039 0.93767 0.34753 0.00000 -99.33118 0.00000 0.00000 -1.00000 -0.00000
1618942391808821 -0.34642 0.93808 0.00000 66.04054 0.93808 0.34642 0.00000 -99.51851 0.00000 0.00000 -1.00000 -0.00000
1618942392058819 -0.35170 0.93611 0.00000 64.57980 0.93611 0.35170 0.00000 -99.14616 0.00000 0.00000 -1.00000 -0.00000
1618942392308198 -0.37071 0.92875 -0.00000 64.56957 0.92875 0.37071 0.00000 -97.84705 0.00000 0.00000 -1.00000 -0.00000
1618942392558203 -0.39146 0.92020 0.00000 64.80513 0.92020 0.39146 0.00000 -96.52802 0.00000 0.00000 -1.00000 -0.00000
1618942392808829 -0.42708 0.90421 0.00000 66.51779 0.90421 0.42708 0.00000 -93.79199 0.00000 0.00000 -1.00000 -0.00000
1618942393058834 -0.46165 0.88706 -0.00000 68.07018 0.88706 0.46165 0.00000 -91.26925 0.00000 0.00000 -1.00000 -0.00000
1618942393308840 -0.50395 0.86373 0.00000 70.44387 0.86373 0.50395 0.00000 -87.99751 0.00000 0.00000 -1.00000 -0.00000
1618942393558214 -0.55183 0.83396 0.00000 73.39143 0.83396 0.55183 0.00000 -83.99113 0.00000 0.00000 -1.00000 -0.00000
1618942393808844 -0.59185 0.80605 0.00000 75.45375 0.80605 0.59185 0.00000 -80.29995 0.00000 0.00000 -1.00000 -0.00000
1618942394058845 -0.63706 0.77081 0.00000 78.13237 0.77081 0.63706 0.00000 -76.03867 0.00000 0.00000 -1.00000 -0.00000
1618942394308851 -0.68214 0.73123 0.00000 80.65963 0.73123 0.68214 0.00000 -71.40383 0.00000 0.00000 -1.00000 -0.00000
1618942394558852 -0.73328 0.67993 0.00000 83.86603 0.67993 0.73328 0.00000 -65.50440 0.00000 0.00000 -1.00000 -0.00000
1618942394808857 -0.77397 0.63322 0.00000 85.52295 0.63322 0.77397 0.00000 -60.05128 0.00000 0.00000 -1.00000 -0.00000
1618942395058860 -0.81551 0.57874 0.00000 87.65915 0.57874 0.81551 0.00000 -54.15096 0.00000 0.00000 -1.00000 -0.00000
1618942395308864 -0.85215 0.52330 0.00000 89.16214 0.52330 0.85215 0.00000 -48.18159 0.00000 0.00000 -1.00000 -0.00000
1618942395558868 -0.88843 0.45902 0.00000 90.56761 0.45902 0.88843 0.00000 -41.44051 0.00000 0.00000 -1.00000 -0.00000
1618942395808868 -0.92124 0.38898 0.00000 91.72066 0.38898 0.92124 0.00000 -34.45739 0.00000 0.00000 -1.00000 -0.00000
1618942396058873 -0.94481 0.32762 0.00000 91.84540 0.32762 0.94481 0.00000 -28.33685 0.00000 0.00000 -1.00000 -0.00000
1618942396308876 -0.96418 0.26526 0.00000 91.64902 0.26526 0.96418 0.00000 -22.40156 0.00000 0.00000 -1.00000 -0.00000
1618942396558885 -0.97765 0.21024 0.00000 90.85066 0.21024 0.97765 0.00000 -17.31443 0.00000 0.00000 -1.00000 -0.00000
1618942396809508 -0.98756 0.15723 0.00000 89.68802 0.15723 0.98756 0.00000 -12.33909 0.00000 0.00000 -1.00000 -0.00000
1618942397059515 -0.99387 0.11053 0.00000 88.19839 0.11053 0.99387 0.00000 -8.08572 0.00000 0.00000 -1.00000 -0.00000
1618942397308892 -0.99794 0.06416 -0.00000 86.54043 0.06416 0.99794 0.00000 -3.99045 0.00000 0.00000 -1.00000 -0.00000
1618942397559520 -0.99936 0.03577 0.00000 84.61769 0.03577 0.99936 0.00000 -1.49175 0.00000 0.00000 -1.00000 -0.00000
1618942397808897 -0.99997 0.00739 -0.00000 82.61893 0.00739 0.99997 0.00000 0.75293 0.00000 0.00000 -1.00000 0.00000
1618942398058902 -1.00000 -0.00092 0.00000 80.57619 -0.00092 1.00000 0.00000 1.53274 -0.00000 0.00000 -1.00000 0.00000
1618942398308901 -0.99991 -0.01332 0.00000 78.49009 -0.01332 0.99991 0.00000 2.55809 -0.00000 0.00000 -1.00000 0.00000
1618942398558906 -0.99990 -0.01408 0.00000 76.43639 -0.01408 0.99990 0.00000 2.63614 -0.00000 0.00000 -1.00000 0.00000
1618942398808288 -0.99958 -0.02891 -0.00000 74.28988 -0.02891 0.99958 0.00000 3.63964 -0.00000 0.00000 -1.00000 0.00000
1618942399058922 -0.99964 -0.02666 0.00000 72.14736 -0.02666 0.99964 0.00000 3.47129 -0.00000 0.00000 -1.00000 0.00000
1618942399308294 -0.99948 -0.03225 0.00000 70.08725 -0.03225 0.99948 0.00000 3.80097 -0.00000 0.00000 -1.00000 0.00000
1618942399557670 -0.99946 -0.03285 0.00000 67.92836 -0.03285 0.99946 0.00000 3.86201 -0.00000 0.00000 -1.00000 0.00000
1618942399807672 -0.99946 -0.03284 0.00000 65.82971 -0.03284 0.99946 0.00000 3.78394 -0.00000 0.00000 -1.00000 0.00000
1618942400058301 -0.99950 -0.03171 0.00000 63.71202 -0.03171 0.99950 0.00000 3.73846 -0.00000 0.00000 -1.00000 0.00000
1618942400308305 -0.99957 -0.02942 0.00000 61.60375 -0.02942 0.99957 0.00000 3.54296 -0.00000 0.00000 -1.00000 0.00000
1618942400558311 -0.99957 -0.02929 0.00000 59.50049 -0.02929 0.99957 0.00000 3.40488 -0.00000 0.00000 -1.00000 0.00000
1618942400808938 -0.99963 -0.02719 0.00000 57.35788 -0.02719 0.99963 0.00000 3.26457 -0.00000 0.00000 -1.00000 0.00000
1618942401058319 -0.99944 -0.03350 0.00000 55.28698 -0.03350 0.99944 0.00000 3.57116 -0.00000 0.00000 -1.00000 0.00000
1618942401308320 -0.99924 -0.03910 -0.00000 53.22572 -0.03910 0.99924 0.00000 3.77948 -0.00000 0.00000 -1.00000 0.00000
1618942401558322 -0.99869 -0.05126 0.00000 50.99729 -0.05126 0.99869 0.00000 4.30900 -0.00000 0.00000 -1.00000 0.00000
1618942401808325 -0.99812 -0.06134 0.00000 48.90978 -0.06134 0.99812 0.00000 4.96977 -0.00000 0.00000 -1.00000 0.00000
1618942402058329 -0.99771 -0.06764 0.00000 46.81213 -0.06764 0.99771 0.00000 5.19195 -0.00000 0.00000 -1.00000 0.00000
1618942402308331 -0.99778 -0.06662 0.00000 44.68953 -0.06662 0.99778 0.00000 5.09128 -0.00000 0.00000 -1.00000 0.00000
1618942402558335 -0.99861 -0.05270 0.00000 42.66079 -0.05270 0.99861 0.00000 4.54251 -0.00000 0.00000 -1.00000 0.00000
1618942402807714 -0.99953 -0.03055 0.00000 40.76336 -0.03055 0.99953 0.00000 3.37995 -0.00000 0.00000 -1.00000 0.00000
1618942403058341 -0.99995 -0.00959 0.00000 38.81632 -0.00959 0.99995 0.00000 2.75674 -0.00000 0.00000 -1.00000 0.00000
1618942403308343 -0.99992 0.01249 0.00000 36.72106 0.01249 0.99992 0.00000 1.75882 0.00000 0.00000 -1.00000 0.00000
1618942403558348 -0.99979 0.02040 0.00000 34.81456 0.02040 0.99979 0.00000 1.36784 0.00000 0.00000 -1.00000 0.00000
1618942403808350 -0.99952 0.03092 -0.00000 32.74485 0.03092 0.99952 0.00000 1.02165 0.00000 0.00000 -1.00000 0.00000
1618942404058351 -0.99897 0.04537 0.00000 30.66003 0.04537 0.99897 0.00000 0.44938 0.00000 0.00000 -1.00000 0.00000
1618942404308358 -0.99812 0.06131 0.00000 28.63452 0.06131 0.99812 0.00000 0.08574 0.00000 0.00000 -1.00000 0.00000
1618942404558361 -0.99784 0.06572 0.00000 26.58907 0.06572 0.99784 0.00000 -0.21377 0.00000 0.00000 -1.00000 -0.00000
1618942404808365 -0.99762 0.06888 0.00000 24.42670 0.06888 0.99762 0.00000 -0.34874 0.00000 0.00000 -1.00000 -0.00000
1618942405058368 -0.99716 0.07537 0.00000 22.23244 0.07537 0.99716 0.00000 -0.55327 0.00000 0.00000 -1.00000 -0.00000
1618942405308372 -0.99699 0.07753 0.00000 20.13447 0.07753 0.99699 0.00000 -0.66164 0.00000 0.00000 -1.00000 -0.00000
1618942405558373 -0.99753 0.07031 -0.00000 17.89764 0.07031 0.99753 0.00000 -0.48559 0.00000 0.00000 -1.00000 -0.00000
1618942405808378 -0.99709 0.07629 0.00000 15.74782 0.07629 0.99709 0.00000 -0.59130 0.00000 0.00000 -1.00000 -0.00000
1618942406057758 -0.99717 0.07517 0.00000 13.57786 0.07517 0.99717 0.00000 -0.64947 0.00000 0.00000 -1.00000 -0.00000
1618942406307763 -0.99721 0.07466 -0.00000 11.38114 0.07466 0.99721 0.00000 -0.68241 0.00000 0.00000 -1.00000 -0.00000
1618942406558389 -0.99705 0.07670 0.00000 9.24841 0.07670 0.99705 0.00000 -0.64119 0.00000 0.00000 -1.00000 -0.00000
1618942406808393 -0.99729 0.07352 0.00000 7.03232 0.07352 0.99729 0.00000 -0.53811 0.00000 0.00000 -1.00000 -0.00000
1618942407059030 -0.99672 0.08097 0.00000 4.83295 0.08097 0.99672 0.00000 -0.66697 0.00000 0.00000 -1.00000 -0.00000
1618942407309024 -0.99698 0.07770 -0.00000 2.70156 0.07770 0.99698 0.00000 -0.63701 0.00000 0.00000 -1.00000 -0.00000
1618942407559029 -0.99706 0.07657 0.00000 0.53056 0.07657 0.99706 0.00000 -0.63739 0.00000 0.00000 -1.00000 -0.00000
1618942407808403 -0.99746 0.07128 0.00000 -1.61648 0.07128 0.99746 0.00000 -0.75168 0.00000 0.00000 -1.00000 -0.00000
1618942408058406 -0.99758 0.06946 0.00000 -3.72409 0.06946 0.99758 0.00000 -0.71761 0.00000 0.00000 -1.00000 -0.00000
1618942408308414 -0.99739 0.07226 0.00000 -5.82047 0.07226 0.99739 0.00000 -0.73821 0.00000 0.00000 -1.00000 -0.00000
1618942408557790 -0.99785 0.06554 0.00000 -8.00325 0.06554 0.99785 0.00000 -0.91764 0.00000 0.00000 -1.00000 -0.00000
1618942408808415 -0.99758 0.06951 0.00000 -10.06051 0.06951 0.99758 0.00000 -0.93065 0.00000 0.00000 -1.00000 -0.00000
1618942409058420 -0.99832 0.05792 0.00000 -12.08964 0.05792 0.99832 0.00000 -0.96269 0.00000 0.00000 -1.00000 -0.00000
1618942409308423 -0.99766 0.06837 0.00000 -14.27977 0.06837 0.99766 0.00000 -0.97082 0.00000 0.00000 -1.00000 -0.00000
1618942409558427 -0.99852 0.05430 0.00000 -16.27848 0.05430 0.99852 0.00000 -1.06237 0.00000 0.00000 -1.00000 -0.00000
1618942409808427 -0.99843 0.05604 0.00000 -18.44927 0.05604 0.99843 0.00000 -1.22871 0.00000 0.00000 -1.00000 -0.00000
1618942410058433 -0.99818 0.06024 -0.00000 -20.54293 0.06024 0.99818 0.00000 -1.09730 0.00000 0.00000 -1.00000 -0.00000
1618942410308435 -0.99889 0.04713 0.00000 -22.55489 0.04713 0.99889 0.00000 -1.49941 0.00000 0.00000 -1.00000 -0.00000
1618942410558439 -0.99903 0.04399 -0.00000 -24.64185 0.04399 0.99903 0.00000 -1.49117 0.00000 0.00000 -1.00000 -0.00000
1618942410808442 -0.99914 0.04156 -0.00000 -26.75692 0.04156 0.99914 0.00000 -1.60903 0.00000 0.00000 -1.00000 -0.00000
1618942411057816 -0.99950 0.03164 0.00000 -28.79480 0.03164 0.99950 0.00000 -2.06300 0.00000 0.00000 -1.00000 -0.00000
1618942411307822 -0.99961 0.02776 0.00000 -30.90060 0.02776 0.99961 0.00000 -2.13994 0.00000 0.00000 -1.00000 -0.00000
1618942411558453 -0.99973 0.02332 0.00000 -32.88534 0.02332 0.99973 0.00000 -2.17078 0.00000 0.00000 -1.00000 -0.00000
1618942411808456 -0.99984 0.01793 0.00000 -34.89666 0.01793 0.99984 0.00000 -2.32849 0.00000 0.00000 -1.00000 -0.00000
1618942412058461 -0.99988 0.01536 0.00000 -36.83451 0.01536 0.99988 0.00000 -2.41662 0.00000 0.00000 -1.00000 -0.00000
1618942412308465 -0.99999 0.00538 0.00000 -38.87144 0.00538 0.99999 0.00000 -2.89353 0.00000 0.00000 -1.00000 -0.00000
1618942412558468 -0.99999 -0.00348 0.00000 -40.90552 -0.00348 0.99999 0.00000 -3.24875 -0.00000 0.00000 -1.00000 -0.00000
1618942412808473 -1.00000 -0.00133 0.00000 -42.85427 -0.00133 1.00000 0.00000 -3.20085 -0.00000 0.00000 -1.00000 -0.00000
1618942413058470 -0.99999 -0.00427 -0.00000 -44.80549 -0.00427 0.99999 0.00000 -3.33068 -0.00000 0.00000 -1.00000 -0.00000
1618942413308475 -0.99987 -0.01623 0.00000 -46.71203 -0.01623 0.99987 0.00000 -3.92650 -0.00000 0.00000 -1.00000 -0.00000
1618942413558479 -0.99987 -0.01600 0.00000 -48.64209 -0.01600 0.99987 0.00000 -4.03347 -0.00000 0.00000 -1.00000 -0.00000
1618942413807852 -0.99983 -0.01836 -0.00000 -50.49142 -0.01836 0.99983 0.00000 -4.14554 -0.00000 0.00000 -1.00000 -0.00000
1618942414057863 -0.99992 -0.01270 0.00000 -52.40802 -0.01270 0.99992 0.00000 -3.89414 -0.00000 0.00000 -1.00000 -0.00000
1618942414308494 -0.99998 -0.00672 0.00000 -54.24374 -0.00672 0.99998 0.00000 -3.62227 -0.00000 0.00000 -1.00000 -0.00000
1618942414559119 -0.99991 0.01364 0.00000 -56.01722 0.01364 0.99991 0.00000 -2.51609 0.00000 0.00000 -1.00000 -0.00000
1618942414809122 -0.99969 0.02489 0.00000 -57.60904 0.02489 0.99969 0.00000 -1.83906 0.00000 0.00000 -1.00000 -0.00000
1618942415059133 -0.99870 0.05098 0.00000 -59.18551 0.05098 0.99870 0.00000 -0.41832 0.00000 0.00000 -1.00000 -0.00000
1618942415309128 -0.99714 0.07559 -0.00000 -60.59834 0.07559 0.99714 0.00000 1.03968 0.00000 0.00000 -1.00000 0.00000
1618942415559134 -0.99364 0.11261 -0.00000 -61.83984 0.11261 0.99364 0.00000 3.20725 0.00000 0.00000 -1.00000 0.00000
1618942415809137 -0.98698 0.16081 0.00000 -62.85895 0.16081 0.98698 0.00000 6.26967 0.00000 0.00000 -1.00000 0.00000
1618942416058517 -0.97733 0.21173 -0.00000 -63.62224 0.21173 0.97733 0.00000 9.50089 0.00000 0.00000 -1.00000 0.00000
1618942416308515 -0.95988 0.28043 0.00000 -63.80548 0.28043 0.95988 0.00000 13.96441 0.00000 0.00000 -1.00000 0.00000
1618942416558522 -0.93318 0.35942 0.00000 -63.47567 0.35942 0.93318 0.00000 19.16423 0.00000 0.00000 -1.00000 0.00000
1618942416808523 -0.89554 0.44498 -0.00000 -62.46014 0.44498 0.89554 0.00000 24.94312 0.00000 0.00000 -1.00000 0.00000
1618942417058525 -0.84127 0.54062 0.00000 -60.28819 0.54062 0.84127 0.00000 31.46333 0.00000 0.00000 -1.00000 0.00000
1618942417308530 -0.77517 0.63175 0.00000 -57.33490 0.63175 0.77517 0.00000 38.10114 0.00000 0.00000 -1.00000 0.00000
1618942417558537 -0.69787 0.71622 0.00000 -53.57813 0.71622 0.69787 0.00000 44.37792 0.00000 0.00000 -1.00000 0.00000
1618942417807909 -0.61069 0.79187 0.00000 -48.99131 0.79187 0.61069 0.00000 50.09519 0.00000 0.00000 -1.00000 0.00000
1618942418057915 -0.51901 0.85477 0.00000 -44.13107 0.85477 0.51901 0.00000 55.37897 0.00000 0.00000 -1.00000 0.00000
1618942418307919 -0.42865 0.90347 0.00000 -39.14006 0.90347 0.42865 0.00000 59.47702 0.00000 0.00000 -1.00000 0.00000
1618942418558548 -0.32626 0.94528 0.00000 -33.21153 0.94528 0.32626 0.00000 63.45404 0.00000 0.00000 -1.00000 0.00000
