1547731605240998 1.00000 0.00000 0.00000 -0.00000 0.00000 1.00000 0.00000 -0.00000 0.00000 0.00000 1.00000 -0.00000
1547731605493170 1.00000 0.00001 -0.00000 -0.00332 -0.00001 1.00000 0.00000 -0.00323 0.00000 -0.00000 1.00000 0.00000
1547731605745805 1.00000 0.00020 -0.00000 -0.00309 -0.00020 1.00000 0.00000 0.00219 0.00000 -0.00000 1.00000 -0.00000
1547731605997687 1.00000 0.00002 -0.00000 -0.00315 -0.00002 1.00000 0.00000 -0.00373 0.00000 -0.00000 1.00000 0.00000
1547731606248605 1.00000 0.00017 -0.00000 -0.00562 -0.00017 1.00000 0.00000 -0.00295 0.00000 -0.00000 1.00000 0.00000
1547731606497708 1.00000 0.00020 -0.00000 -0.00267 -0.00020 1.00000 0.00000 -0.00411 0.00000 -0.00000 1.00000 0.00000
1547731606745579 1.00000 0.00015 -0.00000 -0.00297 -0.00015 1.00000 0.00000 -0.00074 0.00000 -0.00000 1.00000 0.00000
1547731606993362 1.00000 0.00014 -0.00000 -0.00442 -0.00014 1.00000 0.00000 0.00195 0.00000 -0.00000 1.00000 -0.00000
1547731607241156 1.00000 0.00010 -0.00000 -0.00153 -0.00010 1.00000 0.00000 -0.00009 0.00000 -0.00000 1.00000 0.00000
1547731607488282 1.00000 0.00021 -0.00000 -0.00369 -0.00021 1.00000 0.00000 -0.00054 0.00000 -0.00000 1.00000 0.00000
1547731607736270 1.00000 0.00014 -0.00000 -0.00045 -0.00014 1.00000 0.00000 -0.00251 0.00000 -0.00000 1.00000 0.00000
1547731607985843 1.00000 0.00011 -0.00000 -0.00330 -0.00011 1.00000 0.00000 0.00121 0.00000 -0.00000 1.00000 -0.00000
1547731608236490 1.00000 0.00022 -0.00000 -0.00481 -0.00022 1.00000 0.00000 -0.00238 0.00000 -0.00000 1.00000 0.00000
1547731608487623 1.00000 0.00008 -0.00000 -0.00248 -0.00008 1.00000 0.00000 -0.00195 0.00000 -0.00000 1.00000 0.00000
1547731608738358 1.00000 0.00004 -0.00000 -0.00248 -0.00004 1.00000 0.00000 -0.00297 0.00000 -0.00000 1.00000 0.00000
1547731608988724 1.00000 -0.00002 0.00000 -0.00337 0.00002 1.00000 -0.00000 0.00020 -0.00000 0.00000 1.00000 0.00000
1547731609238981 1.00000 0.00013 -0.00000 -0.00293 -0.00013 1.00000 0.00000 -0.00250 0.00000 -0.00000 1.00000 0.00000
1547731609488976 1.00000 0.00014 -0.00000 -0.00413 -0.00014 1.00000 0.00000 -0.00242 0.00000 -0.00000 1.00000 0.00000
1547731609740142 1.00000 0.00020 -0.00000 -0.00215 -0.00020 1.00000 0.00000 -0.00151 0.00000 -0.00000 1.00000 0.00000
1547731609992588 1.00000 0.00012 -0.00000 -0.00328 -0.00012 1.00000 0.00000 -0.00216 0.00000 -0.00000 1.00000 0.00000
1547731610245219 1.00000 0.00015 -0.00000 -0.00405 -0.00015 1.00000 0.00000 0.00032 0.00000 -0.00000 1.00000 -0.00000
1547731610497344 1.00000 0.00020 -0.00000 -0.00367 -0.00020 1.00000 0.00000 -0.00480 0.00000 -0.00000 1.00000 0.00000
1547731610749090 1.00000 0.00016 -0.00000 -0.00598 -0.00016 1.00000 0.00000 -0.00167 0.00000 -0.00000 1.00000 0.00000
1547731611000001 1.00000 0.00007 -0.00000 -0.00188 -0.00007 1.00000 0.00000 -0.00264 0.00000 -0.00000 1.00000 0.00000
1547731611249768 1.00000 0.00006 -0.00000 -0.00136 -0.00006 1.00000 0.00000 0.00031 0.00000 -0.00000 1.00000 -0.00000
1547731611498847 1.00000 0.00008 -0.00000 -0.00514 -0.00008 1.00000 0.00000 -0.00199 0.00000 -0.00000 1.00000 0.00000
1547731611747714 1.00000 0.00031 -0.00000 -0.00607 -0.00031 1.00000 0.00000 -0.00190 0.00000 -0.00000 1.00000 0.00000
1547731611996527 1.00000 0.00014 -0.00000 -0.00477 -0.00014 1.00000 0.00000 0.00162 0.00000 -0.00000 1.00000 -0.00000
1547731612245305 1.00000 -0.00006 0.00000 -0.00631 0.00006 1.00000 -0.00000 -0.00279 -0.00000 0.00000 1.00000 0.00000
1547731612494921 1.00000 -0.00000 0.00000 -0.00486 0.00000 1.00000 -0.00000 -0.00261 -0.00000 0.00000 1.00000 0.00000
1547731612745773 1.00000 0.00017 -0.00000 -0.00033 -0.00017 1.00000 0.00000 -0.00157 0.00000 -0.00000 1.00000 0.00000
1547731612997342 1.00000 0.00003 -0.00000 -0.00172 -0.00003 1.00000 0.00000 -0.00367 0.00000 -0.00000 1.00000 0.00000
1547731613248394 1.00000 0.00017 -0.00000 -0.00353 -0.00017 1.00000 0.00000 -0.00680 0.00000 -0.00000 1.00000 0.00000
1547731613499036 1.00000 0.00011 -0.00000 -0.00130 -0.00011 1.00000 0.00000 -0.00055 0.00000 -0.00000 1.00000 0.00000
1547731613749130 1.00000 0.00020 -0.00000 -0.00376 -0.00020 1.00000 0.00000 -0.00573 0.00000 -0.00000 1.00000 0.00000
1547731613998572 1.00000 0.00019 -0.00000 0.00092 -0.00019 1.00000 0.00000 -0.00475 0.00000 -0.00000 1.00000 0.00000
1547731614247921 1.00000 0.00010 -0.00000 0.00047 -0.00010 1.00000 0.00000 0.00089 0.00000 -0.00000 1.00000 0.00000
1547731614497181 1.00000 -0.00004 0.00000 -0.00148 0.00004 1.00000 -0.00000 -0.00584 -0.00000 0.00000 1.00000 0.00000
1547731614745831 1.00000 0.00004 -0.00000 -0.00263 -0.00004 1.00000 0.00000 -0.00667 0.00000 -0.00000 1.00000 0.00000
1547731614994307 1.00000 0.00009 -0.00000 -0.00259 -0.00009 1.00000 0.00000 -0.00630 0.00000 -0.00000 1.00000 0.00000
1547731615242597 1.00000 0.00000 -0.00000 -0.00226 -0.00000 1.00000 0.00000 -0.00305 0.00000 -0.00000 1.00000 0.00000
1547731615490758 1.00000 0.00003 -0.00000 -0.00253 -0.00003 1.00000 0.00000 -0.00385 0.00000 -0.00000 1.00000 0.00000
1547731615738861 1.00000 0.00010 -0.00000 -0.00294 -0.00010 1.00000 0.00000 -0.00395 0.00000 -0.00000 1.00000 0.00000
1547731615986993 1.00000 -0.00005 0.00000 -0.00640 0.00005 1.00000 -0.00000 -0.00401 -0.00000 0.00000 1.00000 0.00000
1547731616234648 1.00000 0.00010 -0.00000 -0.00543 -0.00010 1.00000 0.00000 -0.00256 0.00000 -0.00000 1.00000 0.00000
1547731616482673 1.00000 -0.00005 0.00000 -0.00158 0.00005 1.00000 -0.00000 -0.00287 -0.00000 0.00000 1.00000 0.00000
1547731616732301 1.00000 0.00010 -0.00000 -0.00294 -0.00010 1.00000 0.00000 -0.00332 0.00000 -0.00000 1.00000 0.00000
1547731616983309 1.00000 -0.00008 0.00000 -0.00362 0.00008 1.00000 -0.00000 -0.00805 -0.00000 0.00000 1.00000 0.00000
1547731617235790 1.00000 -0.00006 0.00000 -0.00604 0.00006 1.00000 -0.00000 -0.00347 -0.00000 0.00000 1.00000 0.00000
1547731617488409 1.00000 0.00011 -0.00000 -0.00009 -0.00011 1.00000 0.00000 -0.00706 0.00000 -0.00000 1.00000 0.00000
1547731617740397 1.00000 0.00020 -0.00000 0.00146 -0.00020 1.00000 0.00000 -0.00503 0.00000 -0.00000 1.00000 0.00000
1547731617992229 1.00000 0.00005 -0.00000 -0.00058 -0.00005 1.00000 0.00000 -0.00622 0.00000 -0.00000 1.00000 0.00000
1547731618243117 1.00000 0.00010 -0.00000 -0.00475 -0.00010 1.00000 0.00000 -0.00586 0.00000 -0.00000 1.00000 0.00000
1547731618492862 1.00000 -0.00006 0.00000 -0.00236 0.00006 1.00000 -0.00000 0.00090 -0.00000 0.00000 1.00000 0.00000
1547731618741813 1.00000 0.00022 -0.00000 -0.00070 -0.00022 1.00000 0.00000 -0.00557 0.00000 -0.00000 1.00000 0.00000
1547731618990858 1.00000 0.00015 -0.00000 -0.00303 -0.00015 1.00000 0.00000 0.00099 0.00000 -0.00000 1.00000 -0.00000
1547731619239701 1.00000 0.00018 -0.00000 -0.00402 -0.00018 1.00000 0.00000 -0.00254 0.00000 -0.00000 1.00000 0.00000
1547731619488595 1.00000 0.00013 -0.00000 -0.00517 -0.00013 1.00000 0.00000 -0.00253 0.00000 -0.00000 1.00000 0.00000
1547731619738670 1.00000 0.00007 -0.00000 -0.00517 -0.00007 1.00000 0.00000 -0.00071 0.00000 -0.00000 1.00000 0.00000
1547731619989727 1.00000 0.00015 -0.00000 -0.00102 -0.00015 1.00000 0.00000 0.00097 0.00000 -0.00000 1.00000 -0.00000
1547731620240839 1.00000 0.00010 -0.00000 -0.00244 -0.00010 1.00000 0.00000 -0.00094 0.00000 -0.00000 1.00000 0.00000
1547731620491808 1.00000 -0.00002 0.00000 -0.00541 0.00002 1.00000 -0.00000 -0.00184 -0.00000 0.00000 1.00000 0.00000
1547731620742141 1.00000 -0.00004 0.00000 -0.00319 0.00004 1.00000 -0.00000 -0.00403 -0.00000 0.00000 1.00000 0.00000
1547731620991883 1.00000 0.00015 -0.00000 -0.00363 -0.00015 1.00000 0.00000 -0.00603 0.00000 -0.00000 1.00000 0.00000
1547731621240957 1.00000 0.00007 -0.00000 0.00106 -0.00007 1.00000 0.00000 -0.00367 0.00000 -0.00000 1.00000 0.00000
1547731621489973 1.00000 0.00030 -0.00000 -0.00340 -0.00030 1.00000 0.00000 0.00305 0.00000 -0.00000 1.00000 -0.00000
1547731621738930 1.00000 0.00002 -0.00000 -0.00124 -0.00002 1.00000 0.00000 -0.00185 0.00000 -0.00000 1.00000 0.00000
1547731621987612 1.00000 0.00013 -0.00000 -0.00149 -0.00013 1.00000 0.00000 -0.00228 0.00000 -0.00000 1.00000 0.00000
1547731622236203 1.00000 0.00018 -0.00000 0.00132 -0.00018 1.00000 0.00000 -0.00036 0.00000 -0.00000 1.00000 0.00000
1547731622484158 1.00000 0.00000 -0.00000 -0.00365 -0.00000 1.00000 0.00000 -0.00347 0.00000 -0.00000 1.00000 0.00000
1547731622731861 1.00000 0.00020 -0.00000 -0.00360 -0.00020 1.00000 0.00000 -0.00231 0.00000 -0.00000 1.00000 0.00000
1547731622979765 1.00000 0.00011 -0.00000 -0.00256 -0.00011 1.00000 0.00000 -0.00201 0.00000 -0.00000 1.00000 0.00000
1547731623227929 1.00000 0.00017 -0.00000 -0.00028 -0.00017 1.00000 0.00000 -0.00282 0.00000 -0.00000 1.00000 0.00000
1547731623476352 1.00000 0.00003 -0.00000 -0.00343 -0.00003 1.00000 0.00000 -0.00031 0.00000 -0.00000 1.00000 0.00000
1547731623726047 1.00000 0.00017 -0.00000 -0.00067 -0.00017 1.00000 0.00000 0.00157 0.00000 -0.00000 1.00000 -0.00000
1547731623976092 1.00000 -0.00000 0.00000 -0.00490 0.00000 1.00000 -0.00000 0.00320 -0.00000 0.00000 1.00000 0.00000
1547731624226890 1.00000 0.00015 -0.00000 -0.00068 -0.00015 1.00000 0.00000 -0.00455 0.00000 -0.00000 1.00000 0.00000
1547731624479440 1.00000 -0.00002 0.00000 -0.00292 0.00002 1.00000 -0.00000 -0.00303 -0.00000 0.00000 1.00000 0.00000
1547731624732083 1.00000 0.00005 -0.00000 -0.00179 -0.00005 1.00000 0.00000 -0.00370 0.00000 -0.00000 1.00000 0.00000
1547731624984313 1.00000 0.00006 -0.00000 -0.00209 -0.00006 1.00000 0.00000 0.00081 0.00000 -0.00000 1.00000 -0.00000
1547731625236037 1.00000 0.00002 -0.00000 -0.00330 -0.00002 1.00000 0.00000 -0.00668 0.00000 -0.00000 1.00000 0.00000
1547731625486973 1.00000 0.00004 -0.00000 -0.00334 -0.00004 1.00000 0.00000 -0.00496 0.00000 -0.00000 1.00000 0.00000
1547731625736490 1.00000 0.00023 -0.00000 -0.00234 -0.00023 1.00000 0.00000 -0.00468 0.00000 -0.00000 1.00000 0.00000
1547731625985264 1.00000 0.00014 -0.00000 -0.00311 -0.00014 1.00000 0.00000 -0.00313 0.00000 -0.00000 1.00000 0.00000
1547731626234481 1.00000 0.00029 -0.00000 -0.00462 -0.00029 1.00000 0.00000 0.00155 0.00000 -0.00000 1.00000 -0.00000
1547731626484751 1.00000 0.00022 -0.00000 -0.00700 -0.00022 1.00000 0.00000 0.00055 0.00000 -0.00000 1.00000 -0.00000
1547731626735910 1.00000 0.00032 -0.00000 -0.00366 -0.00032 1.00000 0.00000 0.00157 0.00000 -0.00000 1.00000 -0.00000
1547731626987030 1.00000 0.00010 -0.00000 -0.00873 -0.00010 1.00000 0.00000 -0.00223 0.00000 -0.00000 1.00000 0.00000
1547731627237843 1.00000 0.00025 -0.00000 -0.00209 -0.00025 1.00000 0.00000 0.00017 0.00000 -0.00000 1.00000 -0.00000
1547731627487843 1.00000 0.00026 -0.00000 -0.00285 -0.00026 1.00000 0.00000 -0.00110 0.00000 -0.00000 1.00000 0.00000
1547731627737253 1.00000 0.00012 -0.00000 -0.00261 -0.00012 1.00000 0.00000 0.00688 0.00000 -0.00000 1.00000 -0.00000
1547731627986701 1.00000 0.00017 -0.00000 -0.02689 -0.00017 1.00000 0.00000 0.00193 0.00000 -0.00000 1.00000 -0.00000
1547731628235812 1.00000 0.00040 -0.00000 -0.09263 -0.00040 1.00000 0.00000 0.00487 0.00000 -0.00000 1.00000 -0.00000
1547731628484900 1.00000 0.00031 -0.00000 -0.14207 -0.00031 1.00000 0.00000 0.01424 0.00000 -0.00000 1.00000 -0.00000
1547731628733649 1.00000 0.00162 -0.00000 -0.24596 -0.00162 1.00000 0.00000 0.00768 0.00000 -0.00000 1.00000 -0.00000
1547731628982156 0.99998 0.00705 -0.00000 -0.44562 -0.00705 0.99998 0.00000 -0.01627 0.00000 -0.00000 1.00000 0.00000
1547731629230338 0.99987 0.01629 -0.00000 -0.64000 -0.01629 0.99987 0.00000 0.01186 0.00000 -0.00000 1.00000 -0.00000
1547731629478429 0.99959 0.02876 -0.00000 -0.91547 -0.02876 0.99959 0.00000 -0.00860 0.00000 -0.00000 1.00000 0.00000
1547731629726006 0.99883 0.04831 -0.00000 -1.27255 -0.04831 0.99883 0.00000 0.03235 0.00000 -0.00000 1.00000 0.00000
1547731629973783 0.99770 0.06782 -0.00000 -1.70646 -0.06782 0.99770 0.00000 0.05522 0.00000 -0.00000 1.00000 0.00000
1547731630222171 0.99541 0.09575 -0.00000 -2.18234 -0.09575 0.99541 0.00000 0.07793 0.00000 -0.00000 1.00000 0.00000
1547731630471411 0.99310 0.11725 -0.00000 -2.77129 -0.11725 0.99310 0.00000 0.15718 0.00000 -0.00000 1.00000 0.00000
1547731630721551 0.99044 0.13793 -0.00000 -3.47102 -0.13793 0.99044 0.00000 0.08768 0.00000 -0.00000 1.00000 0.00000
1547731630972615 0.98750 0.15762 -0.00000 -4.29242 -0.15762 0.98750 0.00000 0.17493 0.00000 -0.00000 1.00000 0.00000
1547731631224261 0.98528 0.17096 -0.00000 -5.21102 -0.17096 0.98528 0.00000 0.28222 0.00000 -0.00000 1.00000 0.00000
1547731631476301 0.98527 0.17103 -0.00000 -6.22083 -0.17103 0.98527 0.00000 0.33622 0.00000 -0.00000 1.00000 0.00000
1547731631728127 0.98545 0.16999 -0.00000 -7.38387 -0.16999 0.98545 0.00000 0.29182 0.00000 -0.00000 1.00000 0.00000
1547731631980422 0.98572 0.16837 -0.00000 -8.67686 -0.16837 0.98572 0.00000 0.29199 0.00000 -0.00000 1.00000 0.00000
1547731632232192 0.98644 0.16413 -0.00000 -9.97625 -0.16413 0.98644 0.00000 0.23356 0.00000 -0.00000 1.00000 0.00000
1547731632482283 0.98702 0.16061 -0.00000 -11.28005 -0.16061 0.98702 0.00000 0.19723 0.00000 -0.00000 1.00000 0.00000
1547731632732244 0.98799 0.15449 -0.00000 -12.69380 -0.15449 0.98799 0.00000 0.19581 0.00000 -0.00000 1.00000 0.00000
1547731632982359 0.98968 0.14331 -0.00000 -14.16837 -0.14331 0.98968 0.00000 0.07069 0.00000 -0.00000 1.00000 0.00000
1547731633232212 0.99213 0.12520 -0.00000 -15.72467 -0.12520 0.99213 0.00000 -0.21523 0.00000 -0.00000 1.00000 0.00000
1547731633481863 0.99394 0.10993 -0.00000 -17.30568 -0.10993 0.99394 0.00000 -0.40135 0.00000 -0.00000 1.00000 0.00000
1547731633731385 0.99572 0.09238 -0.00000 -18.94372 -0.09238 0.99572 0.00000 -0.71538 0.00000 -0.00000 1.00000 0.00000
1547731633982171 0.99725 0.07408 -0.00000 -20.66819 -0.07408 0.99725 0.00000 -1.11430 0.00000 -0.00000 1.00000 0.00000
1547731634232968 0.99837 0.05703 -0.00000 -22.42027 -0.05703 0.99837 0.00000 -1.38658 0.00000 -0.00000 1.00000 0.00000
1547731634484468 0.99912 0.04205 -0.00000 -24.19739 -0.04205 0.99912 0.00000 -1.76135 0.00000 -0.00000 1.00000 0.00000
1547731634736968 0.99952 0.03096 -0.00000 -25.95281 -0.03096 0.99952 0.00000 -1.99182 0.00000 -0.00000 1.00000 0.00000
1547731634988729 0.99980 0.01982 -0.00000 -27.71994 -0.01982 0.99980 0.00000 -2.28216 0.00000 -0.00000 1.00000 0.00000
1547731635239475 0.99991 0.01324 -0.00000 -29.45054 -0.01324 0.99991 0.00000 -2.46622 0.00000 -0.00000 1.00000 0.00000
1547731635488655 0.99997 0.00747 -0.00000 -31.21999 -0.00747 0.99997 0.00000 -2.62089 0.00000 -0.00000 1.00000 0.00000
1547731635737473 0.99999 0.00400 -0.00000 -33.00350 -0.00400 0.99999 0.00000 -2.71773 0.00000 -0.00000 1.00000 0.00000
1547731635986357 0.99998 0.00554 -0.00000 -34.79197 -0.00554 0.99998 0.00000 -2.67693 0.00000 -0.00000 1.00000 0.00000
1547731636234826 0.99999 0.00541 -0.00000 -36.61769 -0.00541 0.99999 0.00000 -2.68134 0.00000 -0.00000 1.00000 0.00000
1547731636483275 0.99998 0.00698 -0.00000 -38.46735 -0.00698 0.99998 0.00000 -2.56016 0.00000 -0.00000 1.00000 0.00000
1547731636731563 0.99999 0.00525 -0.00000 -40.30811 -0.00525 0.99999 0.00000 -2.62366 0.00000 -0.00000 1.00000 0.00000
1547731636979334 0.99999 0.00518 -0.00000 -42.18108 -0.00518 0.99999 0.00000 -2.62848 0.00000 -0.00000 1.00000 0.00000
1547731637227195 0.99998 0.00570 -0.00000 -44.06174 -0.00570 0.99998 0.00000 -2.59432 0.00000 -0.00000 1.00000 0.00000
1547731637475855 0.99998 0.00566 -0.00000 -45.96949 -0.00566 0.99998 0.00000 -2.54025 0.00000 -0.00000 1.00000 0.00000
1547731637725487 0.99998 0.00558 -0.00000 -47.86007 -0.00558 0.99998 0.00000 -2.57552 0.00000 -0.00000 1.00000 0.00000
1547731637975662 0.99998 0.00599 -0.00000 -49.71877 -0.00599 0.99998 0.00000 -2.56781 0.00000 -0.00000 1.00000 0.00000
1547731638225817 0.99999 0.00532 -0.00000 -51.59989 -0.00532 0.99999 0.00000 -2.59505 0.00000 -0.00000 1.00000 0.00000
1547731638475770 0.99999 0.00520 -0.00000 -53.45850 -0.00520 0.99999 0.00000 -2.60659 0.00000 -0.00000 1.00000 0.00000
1547731638725725 1.00000 0.00253 -0.00000 -55.32246 -0.00253 1.00000 0.00000 -2.66881 0.00000 -0.00000 1.00000 0.00000
1547731638976821 1.00000 -0.00055 0.00000 -57.20137 0.00055 1.00000 -0.00000 -2.83199 -0.00000 0.00000 1.00000 0.00000
1547731639229233 1.00000 -0.00292 0.00000 -59.09456 0.00292 1.00000 -0.00000 -2.95875 -0.00000 0.00000 1.00000 0.00000
1547731639481434 0.99999 -0.00412 0.00000 -60.96886 0.00412 0.99999 -0.00000 -2.97669 -0.00000 0.00000 1.00000 0.00000
1547731639732835 0.99999 -0.00503 0.00000 -62.81877 0.00503 0.99999 -0.00000 -2.98238 -0.00000 0.00000 1.00000 0.00000
1547731639984112 0.99998 -0.00667 0.00000 -64.62666 0.00667 0.99998 -0.00000 -3.05914 -0.00000 0.00000 1.00000 0.00000
1547731640235990 0.99997 -0.00794 0.00000 -66.45498 0.00794 0.99997 -0.00000 -3.18499 -0.00000 0.00000 1.00000 0.00000
1547731640487747 0.99998 -0.00669 0.00000 -68.26458 0.00669 0.99998 -0.00000 -3.05187 -0.00000 0.00000 1.00000 0.00000
1547731640739110 0.99998 -0.00683 0.00000 -70.06140 0.00683 0.99998 -0.00000 -3.03546 -0.00000 0.00000 1.00000 0.00000
1547731640990047 0.99996 -0.00870 0.00000 -71.84002 0.00870 0.99996 -0.00000 -3.17373 -0.00000 0.00000 1.00000 0.00000
1547731641241411 0.99996 -0.00860 0.00000 -73.63563 0.00860 0.99996 -0.00000 -3.13158 -0.00000 0.00000 1.00000 0.00000
1547731641494251 0.99995 -0.00984 0.00000 -75.41452 0.00984 0.99995 -0.00000 -3.23449 -0.00000 0.00000 1.00000 0.00000
1547731641747956 0.99992 -0.01286 0.00000 -77.23196 0.01286 0.99992 -0.00000 -3.42730 -0.00000 0.00000 1.00000 0.00000
1547731642000457 0.99987 -0.01622 0.00000 -79.02967 0.01622 0.99987 -0.00000 -3.65447 -0.00000 0.00000 1.00000 0.00000
1547731642250194 0.99983 -0.01817 0.00000 -80.80476 0.01817 0.99983 -0.00000 -3.78025 -0.00000 0.00000 1.00000 0.00000
1547731642498169 0.99986 -0.01676 0.00000 -82.57537 0.01676 0.99986 -0.00000 -3.67717 -0.00000 0.00000 1.00000 0.00000
1547731642746283 0.99988 -0.01568 0.00000 -84.30914 0.01568 0.99988 -0.00000 -3.61431 -0.00000 0.00000 1.00000 0.00000
1547731642994103 0.99983 -0.01848 0.00000 -86.08155 0.01848 0.99983 -0.00000 -3.82102 -0.00000 0.00000 1.00000 0.00000
1547731643241744 0.99973 -0.02308 0.00000 -87.84762 0.02308 0.99973 -0.00000 -4.17480 -0.00000 0.00000 1.00000 0.00000
1547731643490026 0.99963 -0.02727 0.00000 -89.63551 0.02727 0.99963 -0.00000 -4.53227 -0.00000 0.00000 1.00000 0.00000
1547731643739685 0.99958 -0.02914 0.00000 -91.40943 0.02914 0.99958 -0.00000 -4.66024 -0.00000 0.00000 1.00000 0.00000
1547731643990530 0.99959 -0.02880 0.00000 -93.12914 0.02880 0.99959 -0.00000 -4.59009 -0.00000 0.00000 1.00000 0.00000
1547731644241138 0.99971 -0.02420 0.00000 -94.97582 0.02420 0.99971 -0.00000 -4.14225 -0.00000 0.00000 1.00000 0.00000
1547731644491988 0.99983 -0.01830 0.00000 -96.85522 0.01830 0.99983 -0.00000 -3.61198 -0.00000 0.00000 1.00000 0.00000
1547731644742624 0.99993 -0.01141 0.00000 -98.69556 0.01141 0.99993 -0.00000 -2.92179 -0.00000 0.00000 1.00000 0.00000
1547731644993294 0.99999 -0.00386 0.00000 -100.58329 0.00386 0.99999 -0.00000 -2.21253 -0.00000 0.00000 1.00000 0.00000
1547731645243964 1.00000 0.00298 -0.00000 -102.45058 -0.00298 1.00000 0.00000 -1.48382 0.00000 -0.00000 1.00000 0.00000
1547731645493834 0.99991 0.01337 -0.00000 -104.36692 -0.01337 0.99991 0.00000 -0.39270 0.00000 -0.00000 1.00000 0.00000
1547731645744009 0.99977 0.02141 -0.00000 -106.22234 -0.02141 0.99977 0.00000 0.51611 0.00000 -0.00000 1.00000 0.00000
1547731645995233 0.99954 0.03027 -0.00000 -108.15000 -0.03027 0.99954 0.00000 1.46586 0.00000 -0.00000 1.00000 0.00000
1547731646247143 0.99924 0.03909 -0.00000 -110.03920 -0.03909 0.99924 0.00000 2.42577 0.00000 -0.00000 1.00000 0.00000
1547731646499021 0.99883 0.04826 -0.00000 -111.98344 -0.04826 0.99883 0.00000 3.42945 0.00000 -0.00000 1.00000 0.00000
1547731646750962 0.99868 0.05140 -0.00000 -113.93700 -0.05140 0.99868 0.00000 3.79228 0.00000 -0.00000 1.00000 0.00000
1547731647002300 0.99843 0.05597 -0.00000 -115.90035 -0.05597 0.99843 0.00000 4.29067 0.00000 -0.00000 1.00000 0.00000
1547731647253011 0.99836 0.05720 -0.00000 -117.81548 -0.05720 0.99836 0.00000 4.42547 0.00000 -0.00000 1.00000 0.00000
1547731647503426 0.99840 0.05658 -0.00000 -119.75376 -0.05658 0.99840 0.00000 4.39506 0.00000 -0.00000 1.00000 0.00000
1547731647753669 0.99844 0.05589 -0.00000 -121.66916 -0.05589 0.99844 0.00000 4.35992 0.00000 -0.00000 1.00000 0.00000
1547731648003679 0.99842 0.05622 -0.00000 -123.63115 -0.05622 0.99842 0.00000 4.38309 0.00000 -0.00000 1.00000 0.00000
1547731648253590 0.99857 0.05347 -0.00000 -125.56453 -0.05347 0.99857 0.00000 3.99622 0.00000 -0.00000 1.00000 0.00000
1547731648502827 0.99860 0.05293 -0.00000 -127.51937 -0.05293 0.99860 0.00000 3.96040 0.00000 -0.00000 1.00000 0.00000
1547731648752705 0.99876 0.04971 -0.00000 -129.47098 -0.04971 0.99876 0.00000 3.56928 0.00000 -0.00000 1.00000 0.00000
1547731649003515 0.99876 0.04987 -0.00000 -131.42133 -0.04987 0.99876 0.00000 3.55021 0.00000 -0.00000 1.00000 0.00000
1547731649254849 0.99885 0.04793 -0.00000 -133.39325 -0.04793 0.99885 0.00000 3.33344 0.00000 -0.00000 1.00000 0.00000
1547731649507133 0.99900 0.04478 -0.00000 -135.36668 -0.04478 0.99900 0.00000 2.93882 0.00000 -0.00000 1.00000 0.00000
1547731649759449 0.99903 0.04398 -0.00000 -137.38662 -0.04398 0.99903 0.00000 2.80508 0.00000 -0.00000 1.00000 0.00000
1547731650011182 0.99917 0.04067 -0.00000 -139.36062 -0.04067 0.99917 0.00000 2.41889 0.00000 -0.00000 1.00000 0.00000
1547731650262170 0.99926 0.03857 -0.00000 -141.37578 -0.03857 0.99926 0.00000 2.12677 0.00000 -0.00000 1.00000 0.00000
1547731650512486 0.99933 0.03662 -0.00000 -143.33257 -0.03662 0.99933 0.00000 1.84427 0.00000 -0.00000 1.00000 0.00000
1547731650762051 0.99931 0.03704 -0.00000 -145.32284 -0.03704 0.99931 0.00000 1.94578 0.00000 -0.00000 1.00000 0.00000
1547731651010699 0.99936 0.03588 -0.00000 -147.30892 -0.03588 0.99936 0.00000 1.81918 0.00000 -0.00000 1.00000 0.00000
1547731651259056 0.99941 0.03424 -0.00000 -149.28995 -0.03424 0.99941 0.00000 1.61893 0.00000 -0.00000 1.00000 0.00000
1547731651507724 0.99944 0.03355 -0.00000 -151.28008 -0.03355 0.99944 0.00000 1.54485 0.00000 -0.00000 1.00000 0.00000
1547731651756309 0.99939 0.03483 -0.00000 -153.29224 -0.03483 0.99939 0.00000 1.69281 0.00000 -0.00000 1.00000 0.00000
1547731652004590 0.99943 0.03367 -0.00000 -155.32720 -0.03367 0.99943 0.00000 1.51270 0.00000 -0.00000 1.00000 0.00000
1547731652252743 0.99947 0.03253 -0.00000 -157.37736 -0.03253 0.99947 0.00000 1.38261 0.00000 -0.00000 1.00000 0.00000
1547731652500714 0.99950 0.03170 -0.00000 -159.45004 -0.03170 0.99950 0.00000 1.24535 0.00000 -0.00000 1.00000 0.00000
1547731652748481 0.99951 0.03126 -0.00000 -161.54296 -0.03126 0.99951 0.00000 1.16691 0.00000 -0.00000 1.00000 0.00000
1547731652995974 0.99952 0.03100 -0.00000 -163.65966 -0.03100 0.99952 0.00000 1.17973 0.00000 -0.00000 1.00000 0.00000
1547731653244364 0.99955 0.03013 -0.00000 -165.77702 -0.03013 0.99955 0.00000 1.09373 0.00000 -0.00000 1.00000 0.00000
1547731653494223 0.99952 0.03085 -0.00000 -167.88969 -0.03085 0.99952 0.00000 1.26704 0.00000 -0.00000 1.00000 0.00000
1547731653746300 0.99956 0.02980 -0.00000 -169.97408 -0.02980 0.99956 0.00000 1.08312 0.00000 -0.00000 1.00000 0.00000
1547731653998859 0.99957 0.02918 -0.00000 -172.06022 -0.02918 0.99957 0.00000 1.01044 0.00000 -0.00000 1.00000 0.00000
1547731654250838 0.99943 0.03366 -0.00000 -174.16165 -0.03366 0.99943 0.00000 1.82586 0.00000 -0.00000 1.00000 0.00000
1547731654502640 0.99925 0.03867 -0.00000 -176.21253 -0.03867 0.99925 0.00000 2.68872 0.00000 -0.00000 1.00000 0.00000
1547731654753611 0.99913 0.04159 -0.00000 -178.23000 -0.04159 0.99913 0.00000 3.23259 0.00000 -0.00000 1.00000 0.00000
1547731655002882 0.99903 0.04400 -0.00000 -180.20995 -0.04400 0.99903 0.00000 3.67998 0.00000 -0.00000 1.00000 0.00000
1547731655251691 0.99890 0.04682 -0.00000 -182.19174 -0.04682 0.99890 0.00000 4.21585 0.00000 -0.00000 1.00000 0.00000
1547731655500233 0.99883 0.04842 -0.00000 -184.14827 -0.04842 0.99883 0.00000 4.52458 0.00000 -0.00000 1.00000 0.00000
1547731655748771 0.99880 0.04890 -0.00000 -186.05721 -0.04890 0.99880 0.00000 4.63280 0.00000 -0.00000 1.00000 0.00000
1547731655997325 0.99892 0.04648 -0.00000 -187.96275 -0.04648 0.99892 0.00000 4.21689 0.00000 -0.00000 1.00000 0.00000
1547731656245699 0.99890 0.04685 -0.00000 -189.82256 -0.04685 0.99890 0.00000 4.32595 0.00000 -0.00000 1.00000 0.00000
1547731656494193 0.99896 0.04558 -0.00000 -191.63541 -0.04558 0.99896 0.00000 4.08195 0.00000 -0.00000 1.00000 0.00000
1547731656742345 0.99891 0.04659 -0.00000 -193.42772 -0.04659 0.99891 0.00000 4.29213 0.00000 -0.00000 1.00000 0.00000
1547731656991225 0.99885 0.04803 -0.00000 -195.18595 -0.04803 0.99885 0.00000 4.59755 0.00000 -0.00000 1.00000 0.00000
1547731657241480 0.99877 0.04954 -0.00000 -196.93087 -0.04954 0.99877 0.00000 4.89941 0.00000 -0.00000 1.00000 0.00000
1547731657492414 0.99875 0.05004 -0.00000 -198.68523 -0.05004 0.99875 0.00000 5.03946 0.00000 -0.00000 1.00000 0.00000
1547731657743697 0.99875 0.04992 -0.00000 -200.40260 -0.04992 0.99875 0.00000 5.02485 0.00000 -0.00000 1.00000 0.00000
1547731657993870 0.99872 0.05053 -0.00000 -202.09406 -0.05053 0.99872 0.00000 5.11723 0.00000 -0.00000 1.00000 0.00000
1547731658243664 0.99872 0.05055 -0.00000 -203.75338 -0.05055 0.99872 0.00000 5.13060 0.00000 -0.00000 1.00000 0.00000
1547731658493632 0.99886 0.04779 -0.00000 -205.39907 -0.04779 0.99886 0.00000 4.52325 0.00000 -0.00000 1.00000 0.00000
1547731658743530 0.99895 0.04575 -0.00000 -207.02643 -0.04575 0.99895 0.00000 4.12913 0.00000 -0.00000 1.00000 0.00000
1547731658992974 0.99914 0.04134 -0.00000 -208.62678 -0.04134 0.99914 0.00000 3.19231 0.00000 -0.00000 1.00000 0.00000
1547731659241825 0.99926 0.03856 -0.00000 -210.18339 -0.03856 0.99926 0.00000 2.62971 0.00000 -0.00000 1.00000 0.00000
1547731659490484 0.99934 0.03631 -0.00000 -211.71115 -0.03631 0.99934 0.00000 2.12456 0.00000 -0.00000 1.00000 0.00000
1547731659738625 0.99942 0.03401 -0.00000 -213.19525 -0.03401 0.99942 0.00000 1.67966 0.00000 -0.00000 1.00000 0.00000
1547731659986294 0.99949 0.03202 -0.00000 -214.58838 -0.03202 0.99949 0.00000 1.25157 0.00000 -0.00000 1.00000 0.00000
1547731660234584 0.99942 0.03398 -0.00000 -215.97032 -0.03398 0.99942 0.00000 1.70375 0.00000 -0.00000 1.00000 0.00000
1547731660483330 0.99938 0.03516 -0.00000 -217.36507 -0.03516 0.99938 0.00000 1.94324 0.00000 -0.00000 1.00000 0.00000
1547731660732283 0.99936 0.03580 -0.00000 -218.72999 -0.03580 0.99936 0.00000 2.09929 0.00000 -0.00000 1.00000 0.00000
1547731660980825 0.99935 0.03612 -0.00000 -220.13954 -0.03612 0.99935 0.00000 2.19518 0.00000 -0.00000 1.00000 0.00000
1547731661229321 0.99935 0.03605 -0.00000 -221.53687 -0.03605 0.99935 0.00000 2.19315 0.00000 -0.00000 1.00000 0.00000
1547731661479094 0.99935 0.03610 -0.00000 -222.92209 -0.03610 0.99935 0.00000 2.23810 0.00000 -0.00000 1.00000 0.00000
1547731661730029 0.99921 0.03980 -0.00000 -224.27194 -0.03980 0.99921 0.00000 3.05306 0.00000 -0.00000 1.00000 0.00000
1547731661980751 0.99901 0.04451 -0.00000 -225.60901 -0.04451 0.99901 0.00000 4.12010 0.00000 -0.00000 1.00000 0.00000
1547731662230871 0.99825 0.05915 -0.00000 -226.86790 -0.05915 0.99825 0.00000 7.43436 0.00000 -0.00000 1.00000 0.00000
1547731662480761 0.99732 0.07315 -0.00000 -228.14643 -0.07315 0.99732 0.00000 10.62545 0.00000 -0.00000 1.00000 0.00000
1547731662730681 0.99629 0.08604 -0.00000 -229.36294 -0.08604 0.99629 0.00000 13.58392 0.00000 -0.00000 1.00000 0.00000
1547731662980500 0.99478 0.10208 -0.00000 -230.51389 -0.10208 0.99478 0.00000 17.29199 0.00000 -0.00000 1.00000 0.00000
1547731663230384 0.99297 0.11838 -0.00000 -231.57982 -0.11838 0.99297 0.00000 21.08889 0.00000 -0.00000 1.00000 0.00000
1547731663480802 0.99067 0.13627 -0.00000 -232.64145 -0.13627 0.99067 0.00000 25.21291 0.00000 -0.00000 1.00000 0.00000
1547731663730387 0.98887 0.14881 -0.00000 -233.79242 -0.14881 0.98887 0.00000 28.13489 0.00000 -0.00000 1.00000 0.00000
1547731663979351 0.98757 0.15718 -0.00000 -235.08785 -0.15718 0.98757 0.00000 30.17683 0.00000 -0.00000 1.00000 0.00000
1547731664229391 0.98712 0.15999 -0.00000 -236.61299 -0.15999 0.98712 0.00000 30.81606 0.00000 -0.00000 1.00000 0.00000
1547731664480647 0.98664 0.16292 -0.00000 -238.18399 -0.16292 0.98664 0.00000 31.48724 0.00000 -0.00000 1.00000 0.00000
1547731664732954 0.98626 0.16521 -0.00000 -239.81485 -0.16521 0.98626 0.00000 32.02613 0.00000 -0.00000 1.00000 0.00000
1547731664985527 0.98546 0.16989 -0.00000 -241.41104 -0.16989 0.98546 0.00000 33.15974 0.00000 -0.00000 1.00000 0.00000
1547731665237149 0.98481 0.17365 -0.00000 -243.06071 -0.17365 0.98481 0.00000 34.13086 0.00000 -0.00000 1.00000 0.00000
1547731665487418 0.98415 0.17735 -0.00000 -244.70917 -0.17735 0.98415 0.00000 35.08712 0.00000 -0.00000 1.00000 0.00000
1547731665736943 0.98379 0.17932 -0.00000 -246.44892 -0.17932 0.98379 0.00000 35.56354 0.00000 -0.00000 1.00000 0.00000
1547731665986525 0.98380 0.17925 -0.00000 -248.27797 -0.17925 0.98380 0.00000 35.55609 0.00000 -0.00000 1.00000 0.00000
1547731666235799 0.98374 0.17958 -0.00000 -250.10070 -0.17958 0.98374 0.00000 35.64794 0.00000 -0.00000 1.00000 0.00000
1547731666484555 0.98437 0.17609 -0.00000 -252.06756 -0.17609 0.98437 0.00000 34.76939 0.00000 -0.00000 1.00000 0.00000
1547731666732717 0.98526 0.17108 -0.00000 -254.11276 -0.17108 0.98526 0.00000 33.49333 0.00000 -0.00000 1.00000 0.00000
1547731666980922 0.98615 0.16584 -0.00000 -256.16981 -0.16584 0.98615 0.00000 32.09091 0.00000 -0.00000 1.00000 0.00000
1547731667229245 0.98683 0.16175 -0.00000 -258.20054 -0.16175 0.98683 0.00000 31.06421 0.00000 -0.00000 1.00000 0.00000
1547731667477453 0.98777 0.15592 -0.00000 -260.30565 -0.15592 0.98777 0.00000 29.52234 0.00000 -0.00000 1.00000 0.00000
1547731667725383 0.98832 0.15241 -0.00000 -262.31816 -0.15241 0.98832 0.00000 28.58474 0.00000 -0.00000 1.00000 0.00000
1547731667973026 0.98902 0.14781 -0.00000 -264.35004 -0.14781 0.98902 0.00000 27.43899 0.00000 -0.00000 1.00000 0.00000
1547731668221333 0.98957 0.14407 -0.00000 -266.44773 -0.14407 0.98957 0.00000 26.43587 0.00000 -0.00000 1.00000 0.00000
1547731668470916 0.99002 0.14089 -0.00000 -268.54044 -0.14089 0.99002 0.00000 25.60519 0.00000 -0.00000 1.00000 0.00000
1547731668722199 0.99009 0.14041 -0.00000 -270.55060 -0.14041 0.99009 0.00000 25.49522 0.00000 -0.00000 1.00000 0.00000
1547731668974514 0.99063 0.13656 -0.00000 -272.69812 -0.13656 0.99063 0.00000 24.43375 0.00000 -0.00000 1.00000 0.00000
1547731669226511 0.99046 0.13780 -0.00000 -274.63879 -0.13780 0.99046 0.00000 24.76650 0.00000 -0.00000 1.00000 0.00000
1547731669478133 0.99056 0.13704 -0.00000 -276.65977 -0.13704 0.99056 0.00000 24.56986 0.00000 -0.00000 1.00000 0.00000
1547731669729731 0.99039 0.13829 -0.00000 -278.59737 -0.13829 0.99039 0.00000 24.95323 0.00000 -0.00000 1.00000 0.00000
1547731669980443 0.99020 0.13964 -0.00000 -280.51561 -0.13964 0.99020 0.00000 25.37830 0.00000 -0.00000 1.00000 0.00000
1547731670230432 0.99016 0.13992 -0.00000 -282.46875 -0.13992 0.99016 0.00000 25.38593 0.00000 -0.00000 1.00000 0.00000
1547731670480300 0.99045 0.13790 -0.00000 -284.50244 -0.13790 0.99045 0.00000 24.82279 0.00000 -0.00000 1.00000 0.00000
1547731670730073 0.99118 0.13254 -0.00000 -286.63836 -0.13254 0.99118 0.00000 23.31370 0.00000 -0.00000 1.00000 0.00000
1547731670980109 0.99184 0.12746 -0.00000 -288.72628 -0.12746 0.99184 0.00000 21.90843 0.00000 -0.00000 1.00000 0.00000
1547731671230793 0.99231 0.12376 -0.00000 -290.79825 -0.12376 0.99231 0.00000 20.85206 0.00000 -0.00000 1.00000 0.00000
1547731671483083 0.99282 0.11958 -0.00000 -292.91402 -0.11958 0.99282 0.00000 19.63768 0.00000 -0.00000 1.00000 0.00000
1547731671735841 0.99324 0.11608 -0.00000 -295.01392 -0.11608 0.99324 0.00000 18.61970 0.00000 -0.00000 1.00000 0.00000
1547731671988260 0.99323 0.11613 -0.00000 -296.98286 -0.11613 0.99323 0.00000 18.69619 0.00000 -0.00000 1.00000 0.00000
1547731672240147 0.99287 0.11919 -0.00000 -298.90281 -0.11919 0.99287 0.00000 19.61662 0.00000 -0.00000 1.00000 0.00000
1547731672489758 0.99252 0.12209 -0.00000 -300.81694 -0.12209 0.99252 0.00000 20.49225 0.00000 -0.00000 1.00000 0.00000
1547731672737545 0.99184 0.12749 -0.00000 -302.66598 -0.12749 0.99184 0.00000 22.15854 0.00000 -0.00000 1.00000 0.00000
1547731672985260 0.99132 0.13151 -0.00000 -304.53614 -0.13151 0.99132 0.00000 23.41966 0.00000 -0.00000 1.00000 0.00000
1547731673233069 0.99060 0.13677 -0.00000 -306.36170 -0.13677 0.99060 0.00000 25.01646 0.00000 -0.00000 1.00000 0.00000
1547731673480823 0.98980 0.14248 -0.00000 -308.20685 -0.14248 0.98980 0.00000 26.83698 0.00000 -0.00000 1.00000 0.00000
1547731673729017 0.98872 0.14979 -0.00000 -309.99070 -0.14979 0.98872 0.00000 29.17149 0.00000 -0.00000 1.00000 0.00000
1547731673977973 0.98757 0.15720 -0.00000 -311.77147 -0.15720 0.98757 0.00000 31.47542 0.00000 -0.00000 1.00000 0.00000
1547731674227596 0.98653 0.16356 -0.00000 -313.61256 -0.16356 0.98653 0.00000 33.45435 0.00000 -0.00000 1.00000 0.00000
1547731674477082 0.98608 0.16626 -0.00000 -315.52041 -0.16626 0.98608 0.00000 34.35913 0.00000 -0.00000 1.00000 0.00000
1547731674726320 0.98581 0.16788 -0.00000 -317.51561 -0.16788 0.98581 0.00000 34.94775 0.00000 -0.00000 1.00000 0.00000
1547731674975577 0.98601 0.16668 -0.00000 -319.64305 -0.16668 0.98601 0.00000 34.58420 0.00000 -0.00000 1.00000 0.00000
1547731675224364 0.98654 0.16355 -0.00000 -321.78848 -0.16355 0.98654 0.00000 33.51528 0.00000 -0.00000 1.00000 0.00000
1547731675473009 0.98664 0.16294 -0.00000 -323.78222 -0.16294 0.98664 0.00000 33.33550 0.00000 -0.00000 1.00000 0.00000
1547731675721693 0.98701 0.16064 -0.00000 -325.81473 -0.16064 0.98701 0.00000 32.61833 0.00000 -0.00000 1.00000 0.00000
1547731675971007 0.98765 0.15670 -0.00000 -327.89665 -0.15670 0.98765 0.00000 31.40056 0.00000 -0.00000 1.00000 0.00000
1547731676221960 0.98845 0.15155 -0.00000 -330.01570 -0.15155 0.98845 0.00000 29.75842 0.00000 -0.00000 1.00000 0.00000
1547731676473381 0.98894 0.14831 -0.00000 -332.05827 -0.14831 0.98894 0.00000 28.66852 0.00000 -0.00000 1.00000 0.00000
1547731676723259 0.99011 0.14031 -0.00000 -334.20572 -0.14031 0.99011 0.00000 25.87162 0.00000 -0.00000 1.00000 0.00000
1547731676973097 0.99155 0.12974 -0.00000 -336.43104 -0.12974 0.99155 0.00000 22.41285 0.00000 -0.00000 1.00000 0.00000
1547731677223937 0.99370 0.11205 -0.00000 -338.70362 -0.11205 0.99370 0.00000 16.36442 0.00000 -0.00000 1.00000 0.00000
1547731677474720 0.99592 0.09027 -0.00000 -340.97676 -0.09027 0.99592 0.00000 8.99875 0.00000 -0.00000 1.00000 0.00000
1547731677725049 0.99752 0.07041 -0.00000 -343.07131 -0.07041 0.99752 0.00000 2.31651 0.00000 -0.00000 1.00000 0.00000
1547731677974973 0.99897 0.04542 -0.00000 -345.01696 -0.04542 0.99897 0.00000 -6.29940 0.00000 -0.00000 1.00000 0.00000
1547731678224451 0.99975 0.02233 -0.00000 -346.81874 -0.02233 0.99975 0.00000 -14.22215 0.00000 -0.00000 1.00000 0.00000
1547731678474653 1.00000 0.00300 -0.00000 -348.45078 -0.00300 1.00000 0.00000 -20.98982 0.00000 -0.00000 1.00000 0.00000
1547731678725608 0.99992 -0.01237 0.00000 -350.14162 0.01237 0.99992 -0.00000 -26.30365 -0.00000 0.00000 1.00000 0.00000
1547731678977551 0.99968 -0.02533 0.00000 -351.82298 0.02533 0.99968 -0.00000 -30.81167 -0.00000 0.00000 1.00000 0.00000
1547731679229901 0.99947 -0.03258 0.00000 -353.67040 0.03258 0.99947 -0.00000 -33.35375 -0.00000 0.00000 1.00000 0.00000
1547731679481245 0.99938 -0.03529 0.00000 -355.70105 0.03529 0.99938 -0.00000 -34.27805 -0.00000 0.00000 1.00000 0.00000
1547731679731894 0.99936 -0.03586 0.00000 -357.69492 0.03586 0.99936 -0.00000 -34.44989 -0.00000 0.00000 1.00000 0.00000
1547731679982362 0.99939 -0.03499 0.00000 -359.80248 0.03499 0.99939 -0.00000 -34.15513 -0.00000 0.00000 1.00000 0.00000
1547731680232811 0.99942 -0.03400 0.00000 -361.94150 0.03400 0.99942 -0.00000 -33.75985 -0.00000 0.00000 1.00000 0.00000
1547731680483129 0.99946 -0.03282 0.00000 -364.03145 0.03282 0.99946 -0.00000 -33.29608 -0.00000 0.00000 1.00000 0.00000
1547731680733433 0.99950 -0.03164 0.00000 -366.14104 0.03164 0.99950 -0.00000 -32.88153 -0.00000 0.00000 1.00000 0.00000
1547731680983191 0.99957 -0.02926 0.00000 -368.30397 0.02926 0.99957 -0.00000 -31.98051 -0.00000 0.00000 1.00000 0.00000
1547731681232326 0.99962 -0.02759 0.00000 -370.43087 0.02759 0.99962 -0.00000 -31.35030 -0.00000 0.00000 1.00000 0.00000
1547731681481647 0.99967 -0.02564 0.00000 -372.58080 0.02564 0.99967 -0.00000 -30.60724 -0.00000 0.00000 1.00000 0.00000
1547731681731368 0.99969 -0.02502 0.00000 -374.65341 0.02502 0.99969 -0.00000 -30.35824 -0.00000 0.00000 1.00000 0.00000
1547731681980981 0.99975 -0.02222 0.00000 -376.84304 0.02222 0.99975 -0.00000 -29.23536 -0.00000 0.00000 1.00000 0.00000
1547731682230083 0.99980 -0.01999 0.00000 -379.02251 0.01999 0.99980 -0.00000 -28.41810 -0.00000 0.00000 1.00000 0.00000
1547731682479136 0.99990 -0.01426 0.00000 -381.23450 0.01426 0.99990 -0.00000 -26.26408 -0.00000 0.00000 1.00000 0.00000
1547731682727958 0.99993 -0.01167 0.00000 -383.38757 0.01167 0.99993 -0.00000 -25.25543 -0.00000 0.00000 1.00000 0.00000
1547731682976634 0.99994 -0.01076 0.00000 -385.50641 0.01076 0.99994 -0.00000 -24.89734 -0.00000 0.00000 1.00000 0.00000
1547731683225131 0.99994 -0.01090 0.00000 -387.56841 0.01090 0.99994 -0.00000 -24.93182 -0.00000 0.00000 1.00000 0.00000
1547731683474175 0.99993 -0.01144 0.00000 -389.68570 0.01144 0.99993 -0.00000 -25.11674 -0.00000 0.00000 1.00000 0.00000
1547731683724551 0.99994 -0.01081 0.00000 -391.81562 0.01081 0.99994 -0.00000 -24.88603 -0.00000 0.00000 1.00000 0.00000
1547731683975531 0.99996 -0.00931 0.00000 -393.99224 0.00931 0.99996 -0.00000 -24.23688 -0.00000 0.00000 1.00000 0.00000
1547731684225944 0.99998 -0.00597 0.00000 -396.17659 0.00597 0.99998 -0.00000 -22.93494 -0.00000 0.00000 1.00000 0.00000
1547731684475872 1.00000 -0.00213 0.00000 -398.42105 0.00213 1.00000 -0.00000 -21.42580 -0.00000 0.00000 1.00000 0.00000
1547731684725732 1.00000 0.00183 -0.00000 -400.67086 -0.00183 1.00000 0.00000 -19.78845 0.00000 -0.00000 1.00000 0.00000
1547731684975574 0.99998 0.00646 -0.00000 -402.90279 -0.00646 0.99998 0.00000 -17.98054 0.00000 -0.00000 1.00000 0.00000
1547731685225878 0.99992 0.01229 -0.00000 -405.15349 -0.01229 0.99992 0.00000 -15.61604 0.00000 -0.00000 1.00000 0.00000
1547731685475534 0.99984 0.01793 -0.00000 -407.38149 -0.01793 0.99984 0.00000 -13.23977 0.00000 -0.00000 1.00000 0.00000
1547731685724756 0.99973 0.02338 -0.00000 -409.62317 -0.02338 0.99973 0.00000 -10.99765 0.00000 -0.00000 1.00000 0.00000
1547731685974340 0.99965 0.02657 -0.00000 -411.78107 -0.02657 0.99965 0.00000 -9.69650 0.00000 -0.00000 1.00000 0.00000
1547731686224473 0.99955 0.03010 -0.00000 -413.94926 -0.03010 0.99955 0.00000 -8.22310 0.00000 -0.00000 1.00000 0.00000
1547731686475555 0.99954 0.03018 -0.00000 -416.10242 -0.03018 0.99954 0.00000 -8.15610 0.00000 -0.00000 1.00000 0.00000
1547731686727523 0.99950 0.03160 -0.00000 -418.26938 -0.03160 0.99950 0.00000 -7.53159 0.00000 -0.00000 1.00000 0.00000
1547731686979868 0.99943 0.03379 -0.00000 -420.40876 -0.03379 0.99943 0.00000 -6.65327 0.00000 -0.00000 1.00000 0.00000
1547731687232023 0.99938 0.03519 -0.00000 -422.54360 -0.03519 0.99938 0.00000 -5.99522 0.00000 -0.00000 1.00000 0.00000
1547731687483194 0.99927 0.03832 -0.00000 -424.70712 -0.03832 0.99927 0.00000 -4.68790 0.00000 -0.00000 1.00000 0.00000
1547731687732923 0.99916 0.04090 -0.00000 -426.82099 -0.04090 0.99916 0.00000 -3.56992 0.00000 -0.00000 1.00000 0.00000
1547731687982121 0.99915 0.04112 -0.00000 -428.93462 -0.04112 0.99915 0.00000 -3.46020 0.00000 -0.00000 1.00000 0.00000
1547731688231151 0.99916 0.04099 -0.00000 -431.00322 -0.04099 0.99916 0.00000 -3.49260 0.00000 -0.00000 1.00000 0.00000
1547731688479863 0.99915 0.04134 -0.00000 -433.06766 -0.04134 0.99915 0.00000 -3.23324 0.00000 -0.00000 1.00000 0.00000
1547731688728487 0.99910 0.04240 -0.00000 -435.11653 -0.04240 0.99910 0.00000 -2.87589 0.00000 -0.00000 1.00000 0.00000
1547731688976851 0.99902 0.04424 -0.00000 -437.17307 -0.04424 0.99902 0.00000 -1.98887 0.00000 -0.00000 1.00000 0.00000
