0.976 0.219 0. -2.333 0.219 -0.976 0. 0.168 0. 0. -1. 0.
0.976 0.219 0. -2.333 0.219 -0.976 0. 0.168 0. 0. -1. 0.
0.976 0.219 0. -2.333 0.219 -0.976 0. 0.168 0. 0. -1. 0.
0.976 0.219 0. -2.333 0.219 -0.976 0. 0.168 0. 0. -1. 0.
0.976 0.219 0. -2.333 0.219 -0.976 0. 0.168 0. 0. -1. 0.
0.976 0.219 0. -2.333 0.219 -0.976 0. 0.168 0. 0. -1. 0.
0.976 0.219 0. -2.333 0.219 -0.976 0. 0.168 0. 0. -1. 0.
0.976 0.219 0. -2.333 0.219 -0.976 0. 0.168 0. 0. -1. 0.
0.976 0.219 0. -2.333 0.219 -0.976 0. 0.168 0. 0. -1. 0.
0.976 0.219 0. -2.333 0.219 -0.976 0. 0.168 0. 0. -1. 0.
0.976 0.219 0. -2.333 0.219 -0.976 0. 0.168 0. 0. -1. 0.
0.976 0.219 0. -2.333 0.219 -0.976 0. 0.168 0. 0. -1. 0.
0.976 0.219 0. -2.333 0.219 -0.976 0. 0.168 0. 0. -1. 0.
0.976 0.219 0. -2.333 0.219 -0.976 0. 0.168 0. 0. -1. 0.
0.976 0.219 0. -2.333 0.219 -0.976 0. 0.168 0. 0. -1. 0.
0.976 0.219 0. -2.333 0.219 -0.976 0. 0.168 0. 0. -1. 0.
0.976 0.219 0. -2.333 0.219 -0.976 0. 0.168 0. 0. -1. 0.
0.976 0.219 0. -2.333 0.219 -0.976 0. 0.168 0. 0. -1. 0.
0.976 0.219 0. -2.333 0.219 -0.976 0. 0.168 0. 0. -1. 0.
0.976 0.219 0. -2.333 0.219 -0.976 0. 0.168 0. 0. -1. 0.
0.976 0.219 0. -2.333 0.219 -0.976 0. 0.168 0. 0. -1. 0.
0.976 0.219 0. -2.333 0.219 -0.976 0. 0.168 0. 0. -1. 0.
0.976 0.219 0. -2.333 0.219 -0.976 0. 0.168 0. 0. -1. 0.
0.976 0.219 0. -2.333 0.219 -0.976 0. 0.168 0. 0. -1. 0.
0.976 0.219 0. -2.333 0.219 -0.976 0. 0.168 0. 0. -1. 0.
0.976 0.219 0. -2.333 0.219 -0.976 0. 0.169 0. 0. -1. 0.
0.976 0.219 0. -2.326 0.219 -0.976 0. 0.169 0. 0. -1. 0.
0.976 0.219 0. -2.305 0.219 -0.976 0. 0.175 0. 0. -1. 0.
0.976 0.219 0. -2.274 0.219 -0.976 0. 0.181 0. 0. -1. 0.
0.976 0.219 0. -2.233 0.219 -0.976 0. 0.190 0. 0. -1. 0.
0.976 0.217 0. -2.172 0.217 -0.976 0. 0.203 0. 0. -1. 0.
0.977 0.213 0. -2.063 0.213 -0.977 0. 0.224 0. 0. -1. 0.
0.978 0.207 0. -1.888 0.207 -0.978 0. 0.257 0. 0. -1. 0.
0.981 0.196 0. -1.634 0.196 -0.981 0. 0.300 0. 0. -1. 0.
0.983 0.184 0. -1.288 0.184 -0.983 0. 0.351 0. 0. -1. 0.
0.985 0.172 0. -0.847 0.172 -0.985 0. 0.410 0. 0. -1. 0.
0.987 0.162 0. -0.313 0.162 -0.987 0. 0.486 0. 0. -1. 0.
0.988 0.152 0. 0.313 0.152 -0.988 0. 0.573 0. 0. -1. 0.
0.990 0.142 0. 1.021 0.142 -0.990 0. 0.656 0. 0. -1. 0.
0.991 0.132 0. 1.802 0.132 -0.991 0. 0.745 0. 0. -1. 0.
0.993 0.122 0. 2.658 0.122 -0.993 0. 0.844 0. 0. -1. 0.
0.994 0.113 0. 3.604 0.113 -0.994 0. 0.941 0. 0. -1. 0.
0.994 0.105 0. 4.609 0.105 -0.994 0. 1.049 0. 0. -1. 0.
0.995 0.097 0. 5.667 0.097 -0.995 0. 1.148 0. 0. -1. 0.
0.996 0.090 0. 6.781 0.090 -0.996 0. 1.244 0. 0. -1. 0.
0.996 0.084 0. 7.942 0.084 -0.996 0. 1.343 0. 0. -1. 0.
0.996 0.084 0. 9.135 0.084 -0.996 0. 1.413 0. 0. -1. 0.
0.996 0.088 0. 10.362 0.088 -0.996 0. 1.506 0. 0. -1. 0.
0.996 0.091 0. 11.655 0.091 -0.996 0. 1.595 0. 0. -1. 0.
0.996 0.094 0. 13.053 0.094 -0.996 0. 1.691 0. 0. -1. 0.
0.995 0.098 0. 14.449 0.098 -0.995 0. 1.797 0. 0. -1. 0.
0.995 0.102 0. 15.928 0.102 -0.995 0. 1.915 0. 0. -1. 0.
0.994 0.107 0. 17.494 0.107 -0.994 0. 2.049 0. 0. -1. 0.
0.993 0.115 0. 19.081 0.115 -0.993 0. 2.196 0. 0. -1. 0.
0.992 0.124 0. 20.736 0.124 -0.992 0. 2.363 0. 0. -1. 0.
0.991 0.135 0. 22.419 0.135 -0.991 0. 2.552 0. 0. -1. 0.
0.989 0.147 0. 24.125 0.147 -0.989 0. 2.769 0. 0. -1. 0.
0.987 0.161 0. 25.858 0.161 -0.987 0. 3.003 0. 0. -1. 0.
0.984 0.181 0. 27.608 0.181 -0.984 0. 3.270 0. 0. -1. 0.
0.980 0.197 0. 29.350 0.197 -0.980 0. 3.564 0. 0. -1. 0.
0.977 0.212 0. 31.185 0.212 -0.977 0. 3.929 0. 0. -1. 0.
0.974 0.225 0. 32.991 0.225 -0.974 0. 4.307 0. 0. -1. 0.
0.972 0.234 0. 34.852 0.234 -0.972 0. 4.732 0. 0. -1. 0.
0.970 0.244 0. 36.790 0.244 -0.970 0. 5.171 0. 0. -1. 0.
0.968 0.252 0. 38.677 0.252 -0.968 0. 5.633 0. 0. -1. 0.
0.967 0.256 0. 40.662 0.256 -0.967 0. 6.114 0. 0. -1. 0.
0.966 0.259 0. 42.664 0.259 -0.966 0. 6.611 0. 0. -1. 0.
0.965 0.262 0. 44.696 0.262 -0.965 0. 7.114 0. 0. -1. 0.
0.965 0.263 0. 46.786 0.263 -0.965 0. 7.640 0. 0. -1. 0.
0.965 0.264 0. 48.894 0.264 -0.965 0. 8.186 0. 0. -1. 0.
0.965 0.263 0. 51.062 0.263 -0.965 0. 8.708 0. 0. -1. 0.
0.965 0.264 0. 53.196 0.264 -0.965 0. 9.244 0. 0. -1. 0.
0.965 0.263 0. 55.351 0.263 -0.965 0. 9.785 0. 0. -1. 0.
0.965 0.263 0. 57.509 0.263 -0.965 0. 10.315 0. 0. -1. 0.
0.965 0.262 0. 59.649 0.262 -0.965 0. 10.837 0. 0. -1. 0.
0.965 0.261 0. 61.783 0.261 -0.965 0. 11.371 0. 0. -1. 0.
0.966 0.259 0. 63.906 0.259 -0.966 0. 11.917 0. 0. -1. 0.
0.967 0.255 0. 66.032 0.255 -0.967 0. 12.447 0. 0. -1. 0.
0.968 0.251 0. 68.156 0.251 -0.968 0. 12.953 0. 0. -1. 0.
0.969 0.246 0. 70.276 0.246 -0.969 0. 13.453 0. 0. -1. 0.
0.972 0.237 0. 72.388 0.237 -0.972 0. 13.934 0. 0. -1. 0.
0.975 0.222 0. 74.497 0.222 -0.975 0. 14.387 0. 0. -1. 0.
0.979 0.205 0. 76.589 0.205 -0.979 0. 14.813 0. 0. -1. 0.
0.985 0.174 0. 78.675 0.174 -0.985 0. 15.183 0. 0. -1. 0.
0.991 0.135 0. 80.783 0.135 -0.991 0. 15.460 0. 0. -1. 0.
0.996 0.090 0. 82.865 0.090 -0.996 0. 15.632 0. 0. -1. 0.
0.999 0.045 0. 84.938 0.045 -0.999 0. 15.726 0. 0. -1. 0.
1. -0.005 0. 87.028 -0.005 -1. -0. 15.716 0. 0. -1. 0.
0.999 -0.054 0. 89.097 -0.054 -0.999 -0. 15.603 0. 0. -1. 0.
0.995 -0.103 0. 91.122 -0.103 -0.995 -0. 15.385 0. 0. -1. 0.
0.988 -0.155 0. 93.126 -0.155 -0.988 -0. 15.070 0. 0. -1. 0.
0.978 -0.210 0. 95.118 -0.210 -0.978 -0. 14.659 0. 0. -1. 0.
0.962 -0.273 0. 97.045 -0.273 -0.962 -0. 14.123 0. 0. -1. 0.
0.941 -0.339 0. 98.917 -0.339 -0.941 -0. 13.463 0. 0. -1. 0.
0.912 -0.409 0. 100.722 -0.409 -0.912 -0. 12.668 0. 0. -1. 0.
0.876 -0.482 0. 102.421 -0.482 -0.876 -0. 11.758 0. 0. -1. 0.
0.835 -0.550 0. 104.006 -0.550 -0.835 -0. 10.714 0. 0. -1. 0.
0.789 -0.614 0. 105.496 -0.614 -0.789 -0. 9.549 0. 0. -1. 0.
0.742 -0.670 0. 106.901 -0.670 -0.742 -0. 8.295 0. 0. -1. 0.
0.695 -0.719 0. 108.180 -0.719 -0.695 -0. 6.972 0. 0. -1. 0.
0.648 -0.761 0. 109.372 -0.761 -0.648 -0. 5.543 0. 0. -1. 0.
0.610 -0.792 0. 110.479 -0.792 -0.610 -0. 4.056 0. 0. -1. 0.
0.582 -0.813 0. 111.526 -0.813 -0.582 -0. 2.534 0. 0. -1. 0.
0.567 -0.824 0. 112.565 -0.824 -0.567 -0. 0.983 0. 0. -1. 0.
0.560 -0.829 0. 113.597 -0.829 -0.560 -0. -0.577 0. 0. -1. 0.
0.558 -0.830 0. 114.649 -0.830 -0.558 -0. -2.148 0. 0. -1. 0.
0.560 -0.829 0. 115.693 -0.829 -0.560 -0. -3.733 0. 0. -1. 0.
0.564 -0.825 0. 116.750 -0.825 -0.564 -0. -5.336 0. 0. -1. 0.
0.570 -0.822 0. 117.819 -0.822 -0.570 -0. -6.953 0. 0. -1. 0.
0.576 -0.817 0. 118.912 -0.817 -0.576 -0. -8.583 0. 0. -1. 0.
0.583 -0.812 0. 120.027 -0.812 -0.583 -0. -10.213 0. 0. -1. 0.
0.590 -0.808 0. 121.183 -0.808 -0.590 -0. -11.852 0. 0. -1. 0.
0.601 -0.799 0. 122.335 -0.799 -0.601 -0. -13.475 0. 0. -1. 0.
0.614 -0.789 0. 123.522 -0.789 -0.614 -0. -15.080 0. 0. -1. 0.
0.628 -0.778 0. 124.735 -0.778 -0.628 -0. -16.673 0. 0. -1. 0.
0.642 -0.766 0. 125.961 -0.766 -0.642 -0. -18.213 0. 0. -1. 0.
0.656 -0.755 0. 127.192 -0.755 -0.656 -0. -19.716 0. 0. -1. 0.
0.668 -0.744 0. 128.449 -0.744 -0.668 -0. -21.180 0. 0. -1. 0.
0.680 -0.734 0. 129.697 -0.734 -0.680 -0. -22.585 0. 0. -1. 0.
0.689 -0.725 0. 130.917 -0.725 -0.689 -0. -23.926 0. 0. -1. 0.
0.694 -0.720 0. 132.127 -0.720 -0.694 -0. -25.249 0. 0. -1. 0.
0.699 -0.715 0. 133.320 -0.715 -0.699 -0. -26.536 0. 0. -1. 0.
0.705 -0.710 0. 134.471 -0.710 -0.705 -0. -27.747 0. 0. -1. 0.
0.708 -0.706 0. 135.669 -0.706 -0.708 -0. -28.987 0. 0. -1. 0.
0.712 -0.703 0. 136.825 -0.703 -0.712 -0. -30.181 0. 0. -1. 0.
0.716 -0.698 0. 137.950 -0.698 -0.716 -0. -31.318 0. 0. -1. 0.
0.720 -0.694 0. 139.086 -0.694 -0.720 -0. -32.457 0. 0. -1. 0.
0.724 -0.689 0. 140.205 -0.689 -0.724 -0. -33.566 0. 0. -1. 0.
0.730 -0.683 0. 141.290 -0.683 -0.730 -0. -34.637 0. 0. -1. 0.
0.740 -0.672 0. 142.362 -0.672 -0.740 -0. -35.660 0. 0. -1. 0.
0.757 -0.654 0. 143.443 -0.654 -0.757 -0. -36.628 0. 0. -1. 0.
0.780 -0.626 0. 144.525 -0.626 -0.780 -0. -37.531 0. 0. -1. 0.
0.809 -0.588 0. 145.614 -0.588 -0.809 -0. -38.346 0. 0. -1. 0.
0.842 -0.539 0. 146.717 -0.539 -0.842 -0. -39.083 0. 0. -1. 0.
0.878 -0.478 0. 147.817 -0.478 -0.878 -0. -39.733 0. 0. -1. 0.
0.917 -0.399 0. 148.930 -0.399 -0.917 -0. -40.258 0. 0. -1. 0.
0.953 -0.303 0. 150.052 -0.303 -0.953 -0. -40.669 0. 0. -1. 0.
0.981 -0.192 0. 151.189 -0.192 -0.981 -0. -40.932 0. 0. -1. 0.
0.998 -0.062 0. 152.320 -0.062 -0.998 -0. -41.019 0. 0. -1. 0.
0.997 0.081 0. 153.435 0.081 -0.997 0. -40.951 0. 0. -1. 0.
0.974 0.227 0. 154.509 0.227 -0.974 0. -40.712 0. 0. -1. 0.
0.926 0.379 0. 155.502 0.379 -0.926 0. -40.330 0. 0. -1. 0.
0.850 0.528 0. 156.403 0.528 -0.850 0. -39.795 0. 0. -1. 0.
0.744 0.668 0. 157.185 0.668 -0.744 0. -39.111 0. 0. -1. 0.
0.616 0.788 0. 157.822 0.788 -0.616 0. -38.321 0. 0. -1. 0.
0.465 0.886 0. 158.299 0.886 -0.465 0. -37.444 0. 0. -1. 0.
0.299 0.954 0. 158.597 0.954 -0.299 0. -36.503 0. 0. -1. 0.
0.124 0.992 0. 158.721 0.992 -0.124 0. -35.532 0. 0. -1. 0.
-0.052 0.999 0. 158.679 0.999 0.052 0. -34.562 0. 0. -1. 0.
-0.226 0.974 0. 158.462 0.974 0.226 0. -33.636 0. 0. -1. 0.
-0.389 0.921 0. 158.097 0.921 0.389 0. -32.765 0. 0. -1. 0.
-0.538 0.843 0. 157.583 0.843 0.538 0. -31.963 0. 0. -1. 0.
-0.663 0.748 0. 156.936 0.748 0.663 0. -31.231 0. 0. -1. 0.
-0.763 0.646 0. 156.167 0.646 0.763 0. -30.579 0. 0. -1. 0.
-0.837 0.547 0. 155.284 0.547 0.837 0. -29.991 0. 0. -1. 0.
-0.892 0.453 0. 154.308 0.453 0.892 0. -29.474 0. 0. -1. 0.
-0.931 0.366 0. 153.255 0.366 0.931 0. -29.030 0. 0. -1. 0.
-0.956 0.292 0. 152.128 0.292 0.956 0. -28.642 0. 0. -1. 0.
-0.972 0.233 0. 150.906 0.233 0.972 0. -28.339 0. 0. -1. 0.
-0.981 0.194 0. 149.619 0.194 0.981 0. -28.056 0. 0. -1. 0.
-0.984 0.177 0. 148.284 0.177 0.984 0. -27.822 0. 0. -1. 0.
-0.984 0.178 0. 146.931 0.178 0.984 0. -27.568 0. 0. -1. 0.
-0.981 0.196 0. 145.522 0.196 0.981 0. -27.264 0. 0. -1. 0.
-0.976 0.220 0. 144.077 0.220 0.976 0. -26.914 0. 0. -1. 0.
-0.969 0.247 0. 142.624 0.247 0.969 0. -26.498 0. 0. -1. 0.
-0.959 0.282 0. 141.137 0.282 0.959 0. -26.049 0. 0. -1. 0.
-0.946 0.325 0. 139.633 0.325 0.946 0. -25.503 0. 0. -1. 0.
-0.929 0.371 0. 138.117 0.371 0.929 0. -24.876 0. 0. -1. 0.
-0.908 0.419 0. 136.609 0.419 0.908 0. -24.171 0. 0. -1. 0.
-0.884 0.467 0. 135.118 0.467 0.884 0. -23.368 0. 0. -1. 0.
-0.857 0.515 0. 133.641 0.515 0.857 0. -22.480 0. 0. -1. 0.
-0.827 0.562 0. 132.194 0.562 0.827 0. -21.470 0. 0. -1. 0.
-0.794 0.608 0. 130.792 0.608 0.794 0. -20.367 0. 0. -1. 0.
-0.758 0.652 0. 129.426 0.652 0.758 0. -19.168 0. 0. -1. 0.
-0.723 0.691 0. 128.107 0.691 0.723 0. -17.892 0. 0. -1. 0.
-0.691 0.723 0. 126.852 0.723 0.691 0. -16.571 0. 0. -1. 0.
-0.663 0.749 0. 125.619 0.749 0.663 0. -15.182 0. 0. -1. 0.
-0.635 0.772 0. 124.425 0.772 0.635 0. -13.716 0. 0. -1. 0.
-0.614 0.789 0. 123.311 0.789 0.614 0. -12.216 0. 0. -1. 0.
-0.598 0.802 0. 122.213 0.802 0.598 0. -10.660 0. 0. -1. 0.
-0.584 0.812 0. 121.112 0.812 0.584 0. -9.066 0. 0. -1. 0.
-0.570 0.821 0. 120.043 0.821 0.570 0. -7.467 0. 0. -1. 0.
-0.561 0.828 0. 118.980 0.828 0.561 0. -5.841 0. 0. -1. 0.
-0.553 0.833 0. 117.931 0.833 0.553 0. -4.185 0. 0. -1. 0.
-0.552 0.834 0. 116.886 0.834 0.552 0. -2.521 0. 0. -1. 0.
-0.558 0.830 0. 115.821 0.830 0.558 0. -0.836 0. 0. -1. 0.
-0.573 0.820 0. 114.725 0.820 0.573 0. 0.847 0. 0. -1. 0.
-0.598 0.801 0. 113.574 0.801 0.598 0. 2.513 0. 0. -1. 0.
-0.632 0.775 0. 112.335 0.775 0.632 0. 4.155 0. 0. -1. 0.
-0.666 0.746 0. 111.014 0.746 0.666 0. 5.746 0. 0. -1. 0.
-0.703 0.711 0. 109.602 0.711 0.703 0. 7.297 0. 0. -1. 0.
-0.739 0.673 0. 108.122 0.673 0.739 0. 8.741 0. 0. -1. 0.
-0.777 0.629 0. 106.544 0.629 0.777 0. 10.131 0. 0. -1. 0.
-0.820 0.572 0. 104.908 0.572 0.820 0. 11.411 0. 0. -1. 0.
-0.862 0.506 0. 103.188 0.506 0.862 0. 12.535 0. 0. -1. 0.
-0.899 0.438 0. 101.385 0.438 0.899 0. 13.512 0. 0. -1. 0.
-0.931 0.365 0. 99.512 0.365 0.931 0. 14.344 0. 0. -1. 0.
-0.956 0.295 0. 97.595 0.295 0.956 0. 15.024 0. 0. -1. 0.
-0.974 0.225 0. 95.648 0.225 0.974 0. 15.552 0. 0. -1. 0.
-0.987 0.158 0. 93.653 0.158 0.987 0. 15.959 0. 0. -1. 0.
-0.996 0.087 0. 91.610 0.087 0.996 0. 16.239 0. 0. -1. 0.
-1.000 0.016 0. 89.560 0.016 1.000 0. 16.366 0. 0. -1. 0.
-0.998 -0.055 0. 87.457 -0.055 0.998 0. 16.334 -0. 0. -1. 0.
-0.993 -0.120 0. 85.350 -0.120 0.993 0. 16.148 -0. 0. -1. 0.
-0.986 -0.169 0. 83.243 -0.169 0.986 0. 15.843 -0. 0. -1. 0.
-0.979 -0.203 0. 81.162 -0.203 0.979 0. 15.466 -0. 0. -1. 0.
-0.975 -0.221 0. 79.027 -0.221 0.975 0. 15.031 -0. 0. -1. 0.
-0.973 -0.232 0. 76.901 -0.232 0.973 0. 14.549 -0. 0. -1. 0.
-0.971 -0.237 0. 74.774 -0.237 0.971 0. 14.071 -0. 0. -1. 0.
-0.970 -0.242 0. 72.598 -0.242 0.970 0. 13.576 -0. 0. -1. 0.
-0.969 -0.246 0. 70.414 -0.246 0.969 0. 13.071 -0. 0. -1. 0.
-0.969 -0.247 0. 68.206 -0.247 0.969 0. 12.546 -0. 0. -1. 0.
-0.969 -0.247 0. 65.979 -0.247 0.969 0. 12.028 -0. 0. -1. 0.
-0.968 -0.249 0. 63.745 -0.249 0.968 0. 11.488 -0. 0. -1. 0.
-0.968 -0.250 0. 61.507 -0.250 0.968 0. 10.942 -0. 0. -1. 0.
-0.968 -0.252 0. 59.282 -0.252 0.968 0. 10.415 -0. 0. -1. 0.
-0.966 -0.257 0. 57.062 -0.257 0.966 0. 9.893 -0. 0. -1. 0.
-0.964 -0.265 0. 54.850 -0.265 0.964 0. 9.350 -0. 0. -1. 0.
-0.962 -0.274 0. 52.680 -0.274 0.962 0. 8.780 -0. 0. -1. 0.
-0.960 -0.280 0. 50.532 -0.280 0.960 0. 8.225 -0. 0. -1. 0.
-0.959 -0.285 0. 48.384 -0.285 0.959 0. 7.636 -0. 0. -1. 0.
-0.958 -0.286 0. 46.294 -0.286 0.958 0. 7.035 -0. 0. -1. 0.
-0.960 -0.279 0. 44.189 -0.279 0.960 0. 6.451 -0. 0. -1. 0.
-0.964 -0.266 0. 42.088 -0.266 0.964 0. 5.910 -0. 0. -1. 0.
-0.968 -0.252 0. 39.996 -0.252 0.968 0. 5.396 -0. 0. -1. 0.
-0.972 -0.236 0. 37.905 -0.236 0.972 0. 4.896 -0. 0. -1. 0.
-0.977 -0.215 0. 35.820 -0.215 0.977 0. 4.465 -0. 0. -1. 0.
-0.980 -0.199 0. 33.677 -0.199 0.980 0. 4.077 -0. 0. -1. 0.
-0.982 -0.187 0. 31.581 -0.187 0.982 0. 3.694 -0. 0. -1. 0.
-0.985 -0.174 0. 29.424 -0.174 0.985 0. 3.362 -0. 0. -1. 0.
-0.986 -0.165 0. 27.280 -0.165 0.986 0. 3.052 -0. 0. -1. 0.
-0.988 -0.157 0. 25.122 -0.157 0.988 0. 2.753 -0. 0. -1. 0.
-0.989 -0.151 0. 22.931 -0.151 0.989 0. 2.460 -0. 0. -1. 0.
-0.989 -0.145 0. 20.719 -0.145 0.989 0. 2.185 -0. 0. -1. 0.
-0.990 -0.141 0. 18.483 -0.141 0.990 0. 1.912 -0. 0. -1. 0.
-0.990 -0.141 0. 16.241 -0.141 0.990 0. 1.639 -0. 0. -1. 0.
-0.990 -0.142 0. 13.992 -0.142 0.990 0. 1.351 -0. 0. -1. 0.
-0.990 -0.143 0. 11.777 -0.143 0.990 0. 1.074 -0. 0. -1. 0.
-0.989 -0.145 0. 9.529 -0.145 0.989 0. 0.784 -0. 0. -1. 0.
-0.989 -0.147 0. 7.311 -0.147 0.989 0. 0.486 -0. 0. -1. 0.
-0.988 -0.152 0. 5.093 -0.152 0.988 0. 0.175 -0. 0. -1. 0.
-0.988 -0.157 0. 2.873 -0.157 0.988 0. -0.150 -0. 0. -1. 0.
-0.987 -0.162 0. 0.665 -0.162 0.987 0. -0.486 -0. 0. -1. 0.
-0.986 -0.167 0. -1.529 -0.167 0.986 0. -0.817 -0. 0. -1. 0.
-0.985 -0.172 0. -3.727 -0.172 0.985 0. -1.159 -0. 0. -1. 0.
-0.984 -0.177 0. -5.886 -0.177 0.984 0. -1.499 -0. 0. -1. 0.
-0.983 -0.182 0. -8.043 -0.182 0.983 0. -1.842 -0. 0. -1. 0.
-0.982 -0.188 0. -10.210 -0.188 0.982 0. -2.223 -0. 0. -1. 0.
-0.981 -0.192 0. -12.314 -0.192 0.981 0. -2.618 -0. 0. -1. 0.
-0.981 -0.196 0. -14.416 -0.196 0.981 0. -3.002 -0. 0. -1. 0.
-0.980 -0.200 0. -16.554 -0.200 0.980 0. -3.381 -0. 0. -1. 0.
-0.979 -0.204 0. -18.637 -0.204 0.979 0. -3.763 -0. 0. -1. 0.
-0.979 -0.205 0. -20.759 -0.205 0.979 0. -4.157 -0. 0. -1. 0.
-0.979 -0.205 0. -22.875 -0.205 0.979 0. -4.538 -0. 0. -1. 0.
-0.979 -0.206 0. -24.996 -0.206 0.979 0. -4.921 -0. 0. -1. 0.
-0.978 -0.206 0. -27.107 -0.206 0.978 0. -5.305 -0. 0. -1. 0.
-0.978 -0.209 0. -29.239 -0.209 0.978 0. -5.720 -0. 0. -1. 0.
-0.978 -0.210 0. -31.343 -0.210 0.978 0. -6.158 -0. 0. -1. 0.
-0.977 -0.212 0. -33.467 -0.212 0.977 0. -6.594 -0. 0. -1. 0.
-0.977 -0.214 0. -35.594 -0.214 0.977 0. -7.032 -0. 0. -1. 0.
-0.977 -0.215 0. -37.673 -0.215 0.977 0. -7.457 -0. 0. -1. 0.
-0.976 -0.217 0. -39.784 -0.217 0.976 0. -7.890 -0. 0. -1. 0.
-0.976 -0.219 0. -41.889 -0.219 0.976 0. -8.327 -0. 0. -1. 0.
-0.975 -0.223 0. -43.934 -0.223 0.975 0. -8.732 -0. 0. -1. 0.
-0.974 -0.228 0. -45.984 -0.228 0.974 0. -9.150 -0. 0. -1. 0.
-0.973 -0.231 0. -47.964 -0.231 0.973 0. -9.574 -0. 0. -1. 0.
-0.972 -0.234 0. -49.906 -0.234 0.972 0. -9.983 -0. 0. -1. 0.
-0.972 -0.236 0. -51.793 -0.236 0.972 0. -10.398 -0. 0. -1. 0.
-0.972 -0.236 0. -53.614 -0.236 0.972 0. -10.797 -0. 0. -1. 0.
-0.973 -0.230 0. -55.346 -0.230 0.973 0. -11.193 -0. 0. -1. 0.
-0.975 -0.221 0. -57.017 -0.221 0.975 0. -11.547 -0. 0. -1. 0.
-0.978 -0.207 0. -58.605 -0.207 0.978 0. -11.862 -0. 0. -1. 0.
-0.982 -0.189 0. -60.120 -0.189 0.982 0. -12.130 -0. 0. -1. 0.
-0.986 -0.165 0. -61.563 -0.165 0.986 0. -12.349 -0. 0. -1. 0.
-0.991 -0.133 0. -62.926 -0.133 0.991 0. -12.511 -0. 0. -1. 0.
-0.996 -0.090 0. -64.196 -0.090 0.996 0. -12.626 -0. 0. -1. 0.
-0.999 -0.041 0. -65.367 -0.041 0.999 0. -12.663 -0. 0. -1. 0.
-1.000 0.024 0. -66.478 0.024 1.000 0. -12.636 0. 0. -1. 0.
-0.995 0.100 0. -67.559 0.100 0.995 0. -12.522 0. 0. -1. 0.
-0.982 0.190 0. -68.595 0.190 0.982 0. -12.308 0. 0. -1. 0.
-0.955 0.296 0. -69.592 0.296 0.955 0. -12.015 0. 0. -1. 0.
-0.913 0.409 0. -70.505 0.409 0.913 0. -11.567 0. 0. -1. 0.
-0.854 0.520 0. -71.343 0.520 0.854 0. -11.022 0. 0. -1. 0.
-0.784 0.621 0. -72.122 0.621 0.784 0. -10.395 0. 0. -1. 0.
-0.704 0.710 0. -72.799 0.710 0.704 0. -9.673 0. 0. -1. 0.
-0.623 0.782 0. -73.389 0.782 0.623 0. -8.872 0. 0. -1. 0.
-0.539 0.842 0. -73.934 0.842 0.539 0. -8.002 0. 0. -1. 0.
-0.459 0.888 0. -74.400 0.888 0.459 0. -7.031 0. 0. -1. 0.
-0.395 0.919 0. -74.803 0.919 0.395 0. -5.986 0. 0. -1. 0.
-0.350 0.937 0. -75.186 0.937 0.350 0. -4.872 0. 0. -1. 0.
-0.320 0.948 0. -75.548 0.948 0.320 0. -3.688 0. 0. -1. 0.
-0.298 0.955 0. -75.902 0.955 0.298 0. -2.433 0. 0. -1. 0.
-0.285 0.958 0. -76.267 0.958 0.285 0. -1.115 0. 0. -1. 0.
-0.275 0.961 0. -76.631 0.961 0.275 0. 0.280 0. 0. -1. 0.
-0.266 0.964 0. -77.009 0.964 0.266 0. 1.739 0. 0. -1. 0.
-0.256 0.967 0. -77.370 0.967 0.256 0. 3.261 0. 0. -1. 0.
-0.245 0.969 0. -77.743 0.969 0.245 0. 4.876 0. 0. -1. 0.
-0.235 0.972 0. -78.109 0.972 0.235 0. 6.539 0. 0. -1. 0.
-0.223 0.975 0. -78.480 0.975 0.223 0. 8.237 0. 0. -1. 0.
-0.210 0.978 0. -78.817 0.978 0.210 0. 9.966 0. 0. -1. 0.
-0.195 0.981 0. -79.148 0.981 0.195 0. 11.755 0. 0. -1. 0.
-0.178 0.984 0. -79.448 0.984 0.178 0. 13.561 0. 0. -1. 0.
-0.158 0.987 0. -79.725 0.987 0.158 0. 15.385 0. 0. -1. 0.
-0.136 0.991 0. -79.959 0.991 0.136 0. 17.235 0. 0. -1. 0.
-0.114 0.993 0. -80.161 0.993 0.114 0. 19.090 0. 0. -1. 0.
-0.095 0.995 0. -80.312 0.995 0.095 0. 20.980 0. 0. -1. 0.
-0.084 0.996 0. -80.402 0.996 0.084 0. 22.870 0. 0. -1. 0.
-0.086 0.996 0. -80.495 0.996 0.086 0. 24.719 0. 0. -1. 0.
-0.097 0.995 0. -80.632 0.995 0.097 0. 26.640 0. 0. -1. 0.
-0.111 0.994 0. -80.816 0.994 0.111 0. 28.601 0. 0. -1. 0.
-0.127 0.992 0. -81.004 0.992 0.127 0. 30.518 0. 0. -1. 0.
-0.143 0.990 0. -81.230 0.990 0.143 0. 32.434 0. 0. -1. 0.
-0.158 0.987 0. -81.512 0.987 0.158 0. 34.463 0. 0. -1. 0.
-0.173 0.985 0. -81.823 0.985 0.173 0. 36.466 0. 0. -1. 0.
-0.186 0.983 0. -82.150 0.983 0.186 0. 38.487 0. 0. -1. 0.
-0.202 0.979 0. -82.516 0.979 0.202 0. 40.491 0. 0. -1. 0.
-0.216 0.976 0. -82.912 0.976 0.216 0. 42.466 0. 0. -1. 0.
-0.231 0.973 0. -83.339 0.973 0.231 0. 44.449 0. 0. -1. 0.
-0.245 0.970 0. -83.797 0.970 0.245 0. 46.403 0. 0. -1. 0.
-0.252 0.968 0. -84.259 0.968 0.252 0. 48.283 0. 0. -1. 0.
-0.254 0.967 0. -84.716 0.967 0.254 0. 50.189 0. 0. -1. 0.
-0.252 0.968 0. -85.159 0.968 0.252 0. 52.038 0. 0. -1. 0.
-0.250 0.968 0. -85.602 0.968 0.250 0. 53.856 0. 0. -1. 0.
-0.250 0.968 0. -86.028 0.968 0.250 0. 55.618 0. 0. -1. 0.
-0.255 0.967 0. -86.436 0.967 0.255 0. 57.346 0. 0. -1. 0.
-0.265 0.964 0. -86.844 0.964 0.265 0. 59.030 0. 0. -1. 0.
-0.287 0.958 0. -87.274 0.958 0.287 0. 60.671 0. 0. -1. 0.
-0.319 0.948 0. -87.763 0.948 0.319 0. 62.235 0. 0. -1. 0.
-0.363 0.932 0. -88.285 0.932 0.363 0. 63.735 0. 0. -1. 0.
-0.416 0.910 0. -88.879 0.910 0.416 0. 65.167 0. 0. -1. 0.
-0.480 0.877 0. -89.579 0.877 0.480 0. 66.536 0. 0. -1. 0.
-0.544 0.839 0. -90.379 0.839 0.544 0. 67.858 0. 0. -1. 0.
-0.614 0.789 0. -91.228 0.789 0.614 0. 69.064 0. 0. -1. 0.
-0.684 0.730 0. -92.172 0.730 0.684 0. 70.187 0. 0. -1. 0.
-0.754 0.657 0. -93.238 0.657 0.754 0. 71.187 0. 0. -1. 0.
-0.819 0.574 0. -94.394 0.574 0.819 0. 72.071 0. 0. -1. 0.
-0.876 0.482 0. -95.647 0.482 0.876 0. 72.789 0. 0. -1. 0.
-0.923 0.385 0. -96.963 0.385 0.923 0. 73.389 0. 0. -1. 0.
-0.958 0.285 0. -98.327 0.285 0.958 0. 73.850 0. 0. -1. 0.
-0.982 0.187 0. -99.723 0.187 0.982 0. 74.158 0. 0. -1. 0.
-0.995 0.101 0. -101.135 0.101 0.995 0. 74.335 0. 0. -1. 0.
-0.999 0.037 0. -102.568 0.037 0.999 0. 74.422 0. 0. -1. 0.
-1. -0.009 0. -104.032 -0.009 1. 0. 74.437 -0. 0. -1. 0.
-0.999 -0.043 0. -105.499 -0.043 0.999 0. 74.444 -0. 0. -1. 0.
-0.998 -0.064 0. -107.007 -0.064 0.998 0. 74.314 -0. 0. -1. 0.
-0.998 -0.069 0. -108.505 -0.069 0.998 0. 74.274 -0. 0. -1. 0.
-0.998 -0.066 0. -110.072 -0.066 0.998 0. 74.155 -0. 0. -1. 0.
-0.999 -0.039 0. -111.688 -0.039 0.999 0. 74.092 -0. 0. -1. 0.
-1. 0.008 0. -113.327 0.008 1. 0. 74.111 0. 0. -1. 0.
-0.998 0.063 0. -115.037 0.063 0.998 0. 74.208 0. 0. -1. 0.
-0.992 0.125 0. -116.725 0.125 0.992 0. 74.443 0. 0. -1. 0.
-0.982 0.188 0. -118.438 0.188 0.982 0. 74.801 0. 0. -1. 0.
-0.967 0.255 0. -120.174 0.255 0.967 0. 75.276 0. 0. -1. 0.
-0.949 0.316 0. -121.887 0.316 0.949 0. 75.845 0. 0. -1. 0.
-0.929 0.369 0. -123.627 0.369 0.929 0. 76.538 0. 0. -1. 0.
-0.910 0.414 0. -125.359 0.414 0.910 0. 77.332 0. 0. -1. 0.
-0.894 0.447 0. -127.098 0.447 0.894 0. 78.218 0. 0. -1. 0.
-0.882 0.472 0. -128.870 0.472 0.882 0. 79.187 0. 0. -1. 0.
-0.873 0.488 0. -130.656 0.488 0.873 0. 80.217 0. 0. -1. 0.
-0.868 0.497 0. -132.475 0.497 0.868 0. 81.287 0. 0. -1. 0.
-0.864 0.503 0. -134.311 0.503 0.864 0. 82.387 0. 0. -1. 0.
-0.861 0.508 0. -136.178 0.508 0.861 0. 83.540 0. 0. -1. 0.
-0.859 0.512 0. -138.068 0.512 0.859 0. 84.721 0. 0. -1. 0.
-0.858 0.514 0. -140.005 0.514 0.858 0. 85.925 0. 0. -1. 0.
-0.857 0.515 0. -141.978 0.515 0.857 0. 87.162 0. 0. -1. 0.
-0.858 0.514 0. -143.964 0.514 0.858 0. 88.416 0. 0. -1. 0.
-0.858 0.514 0. -146.023 0.514 0.858 0. 89.706 0. 0. -1. 0.
-0.858 0.514 0. -148.113 0.514 0.858 0. 91.004 0. 0. -1. 0.
-0.858 0.514 0. -150.238 0.514 0.858 0. 92.337 0. 0. -1. 0.
-0.858 0.514 0. -152.369 0.514 0.858 0. 93.674 0. 0. -1. 0.
-0.858 0.514 0. -154.513 0.514 0.858 0. 95.010 0. 0. -1. 0.
-0.858 0.514 0. -156.656 0.514 0.858 0. 96.354 0. 0. -1. 0.
-0.857 0.515 0. -158.820 0.515 0.857 0. 97.727 0. 0. -1. 0.
-0.857 0.515 0. -160.996 0.515 0.857 0. 99.105 0. 0. -1. 0.
-0.857 0.515 0. -163.180 0.515 0.857 0. 100.478 0. 0. -1. 0.
-0.857 0.515 0. -165.385 0.515 0.857 0. 101.864 0. 0. -1. 0.
-0.857 0.516 0. -167.577 0.516 0.857 0. 103.249 0. 0. -1. 0.
-0.856 0.517 0. -169.777 0.517 0.856 0. 104.658 0. 0. -1. 0.
-0.855 0.518 0. -171.965 0.518 0.855 0. 106.059 0. 0. -1. 0.
-0.854 0.521 0. -174.182 0.521 0.854 0. 107.439 0. 0. -1. 0.
-0.850 0.527 0. -176.370 0.527 0.850 0. 108.812 0. 0. -1. 0.
-0.844 0.536 0. -178.536 0.536 0.844 0. 110.229 0. 0. -1. 0.
-0.835 0.551 0. -180.655 0.551 0.835 0. 111.663 0. 0. -1. 0.
-0.822 0.570 0. -182.723 0.570 0.822 0. 113.124 0. 0. -1. 0.
-0.806 0.592 0. -184.736 0.592 0.806 0. 114.628 0. 0. -1. 0.
-0.787 0.617 0. -186.679 0.617 0.787 0. 116.189 0. 0. -1. 0.
-0.765 0.644 0. -188.570 0.644 0.765 0. 117.816 0. 0. -1. 0.
-0.740 0.672 0. -190.403 0.672 0.740 0. 119.492 0. 0. -1. 0.
-0.713 0.701 0. -192.148 0.701 0.713 0. 121.222 0. 0. -1. 0.
-0.683 0.731 0. -193.820 0.731 0.683 0. 123.021 0. 0. -1. 0.
-0.649 0.761 0. -195.420 0.761 0.649 0. 124.880 0. 0. -1. 0.
-0.611 0.792 0. -196.914 0.792 0.611 0. 126.797 0. 0. -1. 0.
-0.571 0.821 0. -198.289 0.821 0.571 0. 128.779 0. 0. -1. 0.
-0.531 0.847 0. -199.573 0.847 0.531 0. 130.833 0. 0. -1. 0.
-0.492 0.871 0. -200.736 0.871 0.492 0. 132.929 0. 0. -1. 0.
-0.458 0.889 0. -201.830 0.889 0.458 0. 135.089 0. 0. -1. 0.
-0.426 0.905 0. -202.850 0.905 0.426 0. 137.279 0. 0. -1. 0.
-0.400 0.916 0. -203.797 0.916 0.400 0. 139.503 0. 0. -1. 0.
-0.382 0.924 0. -204.696 0.924 0.382 0. 141.762 0. 0. -1. 0.
-0.371 0.929 0. -205.567 0.929 0.371 0. 144.023 0. 0. -1. 0.
-0.361 0.933 0. -206.410 0.933 0.361 0. 146.299 0. 0. -1. 0.
-0.355 0.935 0. -207.223 0.935 0.355 0. 148.573 0. 0. -1. 0.
-0.351 0.936 0. -208.032 0.936 0.351 0. 150.875 0. 0. -1. 0.
-0.349 0.937 0. -208.827 0.937 0.349 0. 153.163 0. 0. -1. 0.
-0.350 0.937 0. -209.629 0.937 0.350 0. 155.470 0. 0. -1. 0.
-0.354 0.935 0. -210.436 0.935 0.354 0. 157.755 0. 0. -1. 0.
-0.359 0.933 0. -211.243 0.933 0.359 0. 160.035 0. 0. -1. 0.
-0.374 0.928 0. -212.069 0.928 0.374 0. 162.296 0. 0. -1. 0.
-0.395 0.919 0. -212.945 0.919 0.395 0. 164.512 0. 0. -1. 0.
-0.421 0.907 0. -213.880 0.907 0.421 0. 166.682 0. 0. -1. 0.
-0.455 0.891 0. -214.867 0.891 0.455 0. 168.795 0. 0. -1. 0.
-0.500 0.866 0. -215.926 0.866 0.500 0. 170.802 0. 0. -1. 0.
-0.550 0.835 0. -217.119 0.835 0.550 0. 172.744 0. 0. -1. 0.
-0.602 0.798 0. -218.357 0.798 0.602 0. 174.584 0. 0. -1. 0.
-0.658 0.753 0. -219.729 0.753 0.658 0. 176.308 0. 0. -1. 0.
-0.713 0.701 0. -221.235 0.701 0.713 0. 177.903 0. 0. -1. 0.
-0.767 0.642 0. -222.831 0.642 0.767 0. 179.348 0. 0. -1. 0.
-0.818 0.575 0. -224.518 0.575 0.818 0. 180.662 0. 0. -1. 0.
-0.868 0.497 0. -226.315 0.497 0.868 0. 181.838 0. 0. -1. 0.
-0.909 0.416 0. -228.208 0.416 0.909 0. 182.834 0. 0. -1. 0.
-0.942 0.334 0. -230.187 0.334 0.942 0. 183.648 0. 0. -1. 0.
-0.966 0.258 0. -232.241 0.258 0.966 0. 184.292 0. 0. -1. 0.
-0.981 0.192 0. -234.364 0.192 0.981 0. 184.806 0. 0. -1. 0.
-0.990 0.143 0. -236.564 0.143 0.990 0. 185.208 0. 0. -1. 0.
-0.994 0.108 0. -238.802 0.108 0.994 0. 185.524 0. 0. -1. 0.
-0.996 0.085 0. -241.089 0.085 0.996 0. 185.776 0. 0. -1. 0.
-0.998 0.067 0. -243.422 0.067 0.998 0. 185.985 0. 0. -1. 0.
-0.999 0.054 0. -245.818 0.054 0.999 0. 186.163 0. 0. -1. 0.
-0.999 0.044 0. -248.229 0.044 0.999 0. 186.327 0. 0. -1. 0.
-0.999 0.038 0. -250.703 0.038 0.999 0. 186.478 0. 0. -1. 0.
-0.999 0.033 0. -253.178 0.033 0.999 0. 186.613 0. 0. -1. 0.
-1.000 0.029 0. -255.644 0.029 1.000 0. 186.736 0. 0. -1. 0.
-1.000 0.025 0. -258.149 0.025 1.000 0. 186.862 0. 0. -1. 0.
-1.000 0.021 0. -260.601 0.021 1.000 0. 186.974 0. 0. -1. 0.
-1.000 0.019 0. -263.071 0.019 1.000 0. 187.067 0. 0. -1. 0.
-1.000 0.016 0. -265.535 0.016 1.000 0. 187.161 0. 0. -1. 0.
-1. 0.013 0. -267.945 0.013 1. 0. 187.236 0. 0. -1. 0.
-1. 0.012 0. -270.365 0.012 1. 0. 187.310 0. 0. -1. 0.
-1. 0.011 0. -272.748 0.011 1. 0. 187.392 0. 0. -1. 0.
-1. 0.011 0. -275.089 0.011 1. 0. 187.465 0. 0. -1. 0.
-1. 0.013 0. -277.385 0.013 1. 0. 187.546 0. 0. -1. 0.
-1.000 0.021 0. -279.626 0.021 1.000 0. 187.638 0. 0. -1. 0.
-0.999 0.034 0. -281.771 0.034 0.999 0. 187.753 0. 0. -1. 0.
-0.999 0.046 0. -283.847 0.046 0.999 0. 187.885 0. 0. -1. 0.
-0.998 0.057 0. -285.834 0.057 0.998 0. 188.036 0. 0. -1. 0.
-0.997 0.075 0. -287.757 0.075 0.997 0. 188.212 0. 0. -1. 0.
-0.995 0.100 0. -289.585 0.100 0.995 0. 188.413 0. 0. -1. 0.
-0.992 0.129 0. -291.288 0.129 0.992 0. 188.661 0. 0. -1. 0.
-0.987 0.160 0. -292.922 0.160 0.987 0. 188.964 0. 0. -1. 0.
-0.982 0.189 0. -294.442 0.189 0.982 0. 189.268 0. 0. -1. 0.
-0.977 0.214 0. -295.883 0.214 0.977 0. 189.635 0. 0. -1. 0.
-0.973 0.230 0. -297.261 0.230 0.973 0. 189.977 0. 0. -1. 0.
-0.972 0.233 0. -298.598 0.233 0.972 0. 190.345 0. 0. -1. 0.
-0.974 0.228 0. -299.830 0.228 0.974 0. 190.653 0. 0. -1. 0.
-0.975 0.224 0. -300.969 0.224 0.975 0. 190.959 0. 0. -1. 0.
-0.976 0.217 0. -302.068 0.217 0.976 0. 191.198 0. 0. -1. 0.
-0.978 0.210 0. -303.069 0.210 0.978 0. 191.460 0. 0. -1. 0.
-0.978 0.209 0. -304.024 0.209 0.978 0. 191.708 0. 0. -1. 0.
-0.978 0.206 0. -304.954 0.206 0.978 0. 191.867 0. 0. -1. 0.
-0.978 0.207 0. -305.738 0.207 0.978 0. 192.119 0. 0. -1. 0.
-0.978 0.210 0. -306.426 0.210 0.978 0. 192.293 0. 0. -1. 0.
-0.977 0.215 0. -307.014 0.215 0.977 0. 192.384 0. 0. -1. 0.
-0.976 0.219 0. -307.538 0.219 0.976 0. 192.541 0. 0. -1. 0.
-0.976 0.220 0. -307.991 0.220 0.976 0. 192.638 0. 0. -1. 0.
-0.975 0.223 0. -308.344 0.223 0.975 0. 192.738 0. 0. -1. 0.
-0.975 0.224 0. -308.654 0.224 0.975 0. 192.790 0. 0. -1. 0.
-0.974 0.226 0. -308.873 0.226 0.974 0. 192.852 0. 0. -1. 0.
-0.974 0.227 0. -309.041 0.227 0.974 0. 192.905 0. 0. -1. 0.
-0.974 0.228 0. -309.183 0.228 0.974 0. 192.930 0. 0. -1. 0.
-0.973 0.229 0. -309.297 0.229 0.973 0. 192.960 0. 0. -1. 0.
-0.973 0.230 0. -309.396 0.230 0.973 0. 192.986 0. 0. -1. 0.
-0.973 0.231 0. -309.487 0.231 0.973 0. 193.009 0. 0. -1. 0.
-0.973 0.232 0. -309.586 0.232 0.973 0. 193.027 0. 0. -1. 0.
-0.972 0.234 0. -309.696 0.234 0.972 0. 193.051 0. 0. -1. 0.
-0.972 0.235 0. -309.821 0.235 0.972 0. 193.080 0. 0. -1. 0.
-0.972 0.236 0. -309.968 0.236 0.972 0. 193.112 0. 0. -1. 0.
-0.971 0.238 0. -310.129 0.238 0.971 0. 193.151 0. 0. -1. 0.
-0.971 0.240 0. -310.299 0.240 0.971 0. 193.199 0. 0. -1. 0.
-0.970 0.242 0. -310.478 0.242 0.970 0. 193.246 0. 0. -1. 0.
-0.970 0.245 0. -310.671 0.245 0.970 0. 193.290 0. 0. -1. 0.
-0.969 0.247 0. -310.874 0.247 0.969 0. 193.335 0. 0. -1. 0.
-0.968 0.250 0. -311.093 0.250 0.968 0. 193.384 0. 0. -1. 0.
-0.967 0.253 0. -311.342 0.253 0.967 0. 193.438 0. 0. -1. 0.
-0.966 0.257 0. -311.632 0.257 0.966 0. 193.520 0. 0. -1. 0.
-0.964 0.267 0. -311.962 0.267 0.964 0. 193.649 0. 0. -1. 0.
-0.958 0.287 0. -312.390 0.287 0.958 0. 193.775 0. 0. -1. 0.
-0.949 0.315 0. -312.937 0.315 0.949 0. 193.934 0. 0. -1. 0.
-0.934 0.358 0. -313.555 0.358 0.934 0. 194.224 0. 0. -1. 0.
-0.911 0.411 0. -314.293 0.411 0.911 0. 194.484 0. 0. -1. 0.
-0.880 0.474 0. -315.098 0.474 0.880 0. 194.926 0. 0. -1. 0.
-0.834 0.551 0. -315.796 0.551 0.834 0. 195.583 0. 0. -1. 0.
-0.775 0.632 0. -316.579 0.632 0.775 0. 196.133 0. 0. -1. 0.
-0.719 0.695 0. -317.313 0.695 0.719 0. 196.871 0. 0. -1. 0.
-0.651 0.759 0. -317.893 0.759 0.651 0. 197.769 0. 0. -1. 0.
-0.576 0.817 0. -318.586 0.817 0.576 0. 198.673 0. 0. -1. 0.
-0.500 0.866 0. -319.134 0.866 0.500 0. 199.708 0. 0. -1. 0.
-0.418 0.909 0. -319.637 0.909 0.418 0. 200.820 0. 0. -1. 0.
-0.331 0.943 0. -320.059 0.943 0.331 0. 202.044 0. 0. -1. 0.
-0.246 0.969 0. -320.371 0.969 0.246 0. 203.374 0. 0. -1. 0.
-0.178 0.984 0. -320.616 0.984 0.178 0. 204.796 0. 0. -1. 0.
-0.123 0.992 0. -320.782 0.992 0.123 0. 206.290 0. 0. -1. 0.
-0.082 0.997 0. -320.885 0.997 0.082 0. 207.846 0. 0. -1. 0.
-0.053 0.999 0. -320.942 0.999 0.053 0. 209.462 0. 0. -1. 0.
-0.035 0.999 0. -320.970 0.999 0.035 0. 211.144 0. 0. -1. 0.
-0.025 1.000 0. -320.976 1.000 0.025 0. 212.886 0. 0. -1. 0.
-0.017 1.000 0. -320.977 1.000 0.017 0. 214.682 0. 0. -1. 0.
-0.011 1. 0. -320.954 1. 0.011 0. 216.512 0. 0. -1. 0.
-0.007 1. 0. -320.931 1. 0.007 0. 218.376 0. 0. -1. 0.
-0.003 1. 0. -320.899 1. 0.003 0. 220.276 0. 0. -1. 0.
-0.003 1. 0. -320.859 1. 0.003 0. 222.231 0. 0. -1. 0.
-0.002 1. 0. -320.818 1. 0.002 0. 224.225 0. 0. -1. 0.
-0.002 1. 0. -320.780 1. 0.002 0. 226.236 0. 0. -1. 0.
-0.001 1. 0. -320.744 1. 0.001 0. 228.244 0. 0. -1. 0.
0.001 1. 0. -320.704 1. -0.001 0. 230.267 0. 0. -1. 0.
0.002 1. 0. -320.656 1. -0.002 0. 232.260 0. 0. -1. 0.
0.003 1. 0. -320.610 1. -0.003 0. 234.240 0. 0. -1. 0.
0.004 1. 0. -320.566 1. -0.004 0. 236.203 0. 0. -1. 0.
0.004 1. 0. -320.520 1. -0.004 0. 238.139 0. 0. -1. 0.
0.004 1. 0. -320.475 1. -0.004 0. 240.049 0. 0. -1. 0.
0.005 1. 0. -320.428 1. -0.005 0. 241.931 0. 0. -1. 0.
0.005 1. 0. -320.381 1. -0.005 0. 243.795 0. 0. -1. 0.
0.006 1. 0. -320.332 1. -0.006 0. 245.634 0. 0. -1. 0.
0.006 1. 0. -320.285 1. -0.006 0. 247.443 0. 0. -1. 0.
0.006 1. 0. -320.235 1. -0.006 0. 249.211 0. 0. -1. 0.
0.006 1. 0. -320.191 1. -0.006 0. 250.930 0. 0. -1. 0.
0.007 1. 0. -320.146 1. -0.007 0. 252.590 0. 0. -1. 0.
0.006 1. 0. -320.100 1. -0.006 0. 254.179 0. 0. -1. 0.
0.004 1. 0. -320.066 1. -0.004 0. 255.693 0. 0. -1. 0.
-0.001 1. 0. -320.035 1. 0.001 0. 257.136 0. 0. -1. 0.
-0.005 1. 0. -320.016 1. 0.005 0. 258.483 0. 0. -1. 0.
-0.010 1. 0. -320.005 1. 0.010 0. 259.735 0. 0. -1. 0.
-0.013 1. 0. -319.995 1. 0.013 0. 260.874 0. 0. -1. 0.
-0.016 1.000 0. -319.992 1.000 0.016 0. 261.923 0. 0. -1. 0.
-0.018 1.000 0. -319.992 1.000 0.018 0. 262.876 0. 0. -1. 0.
-0.016 1.000 0. -319.988 1.000 0.016 0. 263.736 0. 0. -1. 0.
-0.012 1. 0. -319.977 1. 0.012 0. 264.497 0. 0. -1. 0.
-0.008 1. 0. -319.968 1. 0.008 0. 265.169 0. 0. -1. 0.
-0.005 1. 0. -319.956 1. 0.005 0. 265.770 0. 0. -1. 0.
-0.003 1. 0. -319.944 1. 0.003 0. 266.306 0. 0. -1. 0.
-0.003 1. 0. -319.935 1. 0.003 0. 266.777 0. 0. -1. 0.
-0.002 1. 0. -319.928 1. 0.002 0. 267.194 0. 0. -1. 0.
-0.002 1. 0. -319.924 1. 0.002 0. 267.577 0. 0. -1. 0.
-0.002 1. 0. -319.918 1. 0.002 0. 267.943 0. 0. -1. 0.
-0.002 1. 0. -319.911 1. 0.002 0. 268.289 0. 0. -1. 0.
-0.002 1. 0. -319.905 1. 0.002 0. 268.615 0. 0. -1. 0.
-0.002 1. 0. -319.898 1. 0.002 0. 268.924 0. 0. -1. 0.
-0.002 1. 0. -319.894 1. 0.002 0. 269.214 0. 0. -1. 0.
-0.002 1. 0. -319.886 1. 0.002 0. 269.483 0. 0. -1. 0.
-0.002 1. 0. -319.883 1. 0.002 0. 269.729 0. 0. -1. 0.
-0.002 1. 0. -319.880 1. 0.002 0. 269.950 0. 0. -1. 0.
-0.002 1. 0. -319.876 1. 0.002 0. 270.139 0. 0. -1. 0.
-0.002 1. 0. -319.873 1. 0.002 0. 270.289 0. 0. -1. 0.
-0.002 1. 0. -319.871 1. 0.002 0. 270.399 0. 0. -1. 0.
-0.002 1. 0. -319.869 1. 0.002 0. 270.472 0. 0. -1. 0.
-0.002 1. 0. -319.868 1. 0.002 0. 270.511 0. 0. -1. 0.
-0.002 1. 0. -319.868 1. 0.002 0. 270.516 0. 0. -1. 0.
-0.002 1. 0. -319.868 1. 0.002 0. 270.515 0. 0. -1. 0.
-0.002 1. 0. -319.868 1. 0.002 0. 270.515 0. 0. -1. 0.
-0.002 1. 0. -319.868 1. 0.002 0. 270.515 0. 0. -1. 0.
-0.002 1. 0. -319.868 1. 0.002 0. 270.515 0. 0. -1. 0.
-0.002 1. 0. -319.868 1. 0.002 0. 270.515 0. 0. -1. 0.
-0.002 1. 0. -319.868 1. 0.002 0. 270.515 0. 0. -1. 0.
-0.002 1. 0. -319.868 1. 0.002 0. 270.515 0. 0. -1. 0.
-0.002 1. 0. -319.868 1. 0.002 0. 270.515 0. 0. -1. 0.
-0.002 1. 0. -319.868 1. 0.002 0. 270.515 0. 0. -1. 0.
-0.002 1. 0. -319.868 1. 0.002 0. 270.515 0. 0. -1. 0.
-0.002 1. 0. -319.868 1. 0.002 0. 270.515 0. 0. -1. 0.
-0.002 1. 0. -319.868 1. 0.002 0. 270.515 0. 0. -1. 0.
-0.002 1. 0. -319.868 1. 0.002 0. 270.515 0. 0. -1. 0.
-0.002 1. 0. -319.868 1. 0.002 0. 270.515 0. 0. -1. 0.
-0.002 1. 0. -319.868 1. 0.002 0. 270.515 0. 0. -1. 0.
-0.002 1. 0. -319.868 1. 0.002 0. 270.515 0. 0. -1. 0.
-0.002 1. 0. -319.868 1. 0.002 0. 270.515 0. 0. -1. 0.
-0.002 1. 0. -319.868 1. 0.002 0. 270.515 0. 0. -1. 0.
-0.002 1. 0. -319.868 1. 0.002 0. 270.515 0. 0. -1. 0.
-0.002 1. 0. -319.868 1. 0.002 0. 270.515 0. 0. -1. 0.
-0.002 1. 0. -319.868 1. 0.002 0. 270.515 0. 0. -1. 0.
-0.002 1. 0. -319.868 1. 0.002 0. 270.515 0. 0. -1. 0.
-0.002 1. 0. -319.868 1. 0.002 0. 270.515 0. 0. -1. 0.
-0.002 1. 0. -319.868 1. 0.002 0. 270.515 0. 0. -1. 0.
-0.002 1. 0. -319.868 1. 0.002 0. 270.515 0. 0. -1. 0.
-0.002 1. 0. -319.868 1. 0.002 0. 270.515 0. 0. -1. 0.
-0.002 1. 0. -319.868 1. 0.002 0. 270.515 0. 0. -1. 0.
-0.002 1. 0. -319.868 1. 0.002 0. 270.515 0. 0. -1. 0.
-0.002 1. 0. -319.868 1. 0.002 0. 270.515 0. 0. -1. 0.
-0.002 1. 0. -319.868 1. 0.002 0. 270.515 0. 0. -1. 0.
-0.002 1. 0. -319.868 1. 0.002 0. 270.515 0. 0. -1. 0.
-0.002 1. 0. -319.868 1. 0.002 0. 270.515 0. 0. -1. 0.
-0.002 1. 0. -319.868 1. 0.002 0. 270.515 0. 0. -1. 0.
-0.002 1. 0. -319.868 1. 0.002 0. 270.515 0. 0. -1. 0.
-0.002 1. 0. -319.868 1. 0.002 0. 270.515 0. 0. -1. 0.
-0.002 1. 0. -319.868 1. 0.002 0. 270.515 0. 0. -1. 0.
-0.002 1. 0. -319.868 1. 0.002 0. 270.515 0. 0. -1. 0.
-0.002 1. 0. -319.868 1. 0.002 0. 270.515 0. 0. -1. 0.
-0.002 1. 0. -319.868 1. 0.002 0. 270.515 0. 0. -1. 0.
-0.002 1. 0. -319.868 1. 0.002 0. 270.515 0. 0. -1. 0.
-0.002 1. 0. -319.868 1. 0.002 0. 270.515 0. 0. -1. 0.
-0.002 1. 0. -319.868 1. 0.002 0. 270.515 0. 0. -1. 0.
-0.002 1. 0. -319.868 1. 0.002 0. 270.515 0. 0. -1. 0.
-0.002 1. 0. -319.868 1. 0.002 0. 270.515 0. 0. -1. 0.
-0.002 1. 0. -319.868 1. 0.002 0. 270.515 0. 0. -1. 0.
-0.002 1. 0. -319.868 1. 0.002 0. 270.515 0. 0. -1. 0.
-0.002 1. 0. -319.868 1. 0.002 0. 270.515 0. 0. -1. 0.
-0.002 1. 0. -319.868 1. 0.002 0. 270.515 0. 0. -1. 0.
-0.002 1. 0. -319.868 1. 0.002 0. 270.515 0. 0. -1. 0.
-0.002 1. 0. -319.868 1. 0.002 0. 270.515 0. 0. -1. 0.
-0.002 1. 0. -319.868 1. 0.002 0. 270.515 0. 0. -1. 0.
-0.002 1. 0. -319.868 1. 0.002 0. 270.515 0. 0. -1. 0.
-0.002 1. 0. -319.868 1. 0.002 0. 270.515 0. 0. -1. 0.
-0.002 1. 0. -319.868 1. 0.002 0. 270.515 0. 0. -1. 0.
-0.002 1. 0. -319.868 1. 0.002 0. 270.515 0. 0. -1. 0.
-0.002 1. 0. -319.868 1. 0.002 0. 270.515 0. 0. -1. 0.
-0.002 1. 0. -319.868 1. 0.002 0. 270.515 0. 0. -1. 0.
-0.002 1. 0. -319.868 1. 0.002 0. 270.515 0. 0. -1. 0.
-0.002 1. 0. -319.868 1. 0.002 0. 270.515 0. 0. -1. 0.
-0.002 1. 0. -319.868 1. 0.002 0. 270.515 0. 0. -1. 0.
-0.002 1. 0. -319.868 1. 0.002 0. 270.515 0. 0. -1. 0.
-0.002 1. 0. -319.868 1. 0.002 0. 270.515 0. 0. -1. 0.
-0.002 1. 0. -319.868 1. 0.002 0. 270.515 0. 0. -1. 0.
-0.002 1. 0. -319.868 1. 0.002 0. 270.515 0. 0. -1. 0.
-0.002 1. 0. -319.868 1. 0.002 0. 270.515 0. 0. -1. 0.
-0.002 1. 0. -319.868 1. 0.002 0. 270.515 0. 0. -1. 0.
-0.002 1. 0. -319.868 1. 0.002 0. 270.515 0. 0. -1. 0.
-0.002 1. 0. -319.869 1. 0.002 0. 270.518 0. 0. -1. 0.
-0.002 1. 0. -319.869 1. 0.002 0. 270.528 0. 0. -1. 0.
-0.002 1. 0. -319.869 1. 0.002 0. 270.557 0. 0. -1. 0.
-0.002 1. 0. -319.867 1. 0.002 0. 270.609 0. 0. -1. 0.
-0.002 1. 0. -319.866 1. 0.002 0. 270.676 0. 0. -1. 0.
-0.001 1. 0. -319.864 1. 0.001 0. 270.760 0. 0. -1. 0.
0.000 1. 0. -319.862 1. -0.000 0. 270.863 0. 0. -1. 0.
0.002 1. 0. -319.858 1. -0.002 0. 270.982 0. 0. -1. 0.
0.004 1. 0. -319.854 1. -0.004 0. 271.117 0. 0. -1. 0.
0.005 1. 0. -319.848 1. -0.005 0. 271.264 0. 0. -1. 0.
0.006 1. 0. -319.844 1. -0.006 0. 271.422 0. 0. -1. 0.
0.006 1. 0. -319.840 1. -0.006 0. 271.590 0. 0. -1. 0.
0.005 1. 0. -319.837 1. -0.005 0. 271.766 0. 0. -1. 0.
0.005 1. 0. -319.835 1. -0.005 0. 271.947 0. 0. -1. 0.
0.005 1. 0. -319.826 1. -0.005 0. 272.139 0. 0. -1. 0.
0.005 1. 0. -319.820 1. -0.005 0. 272.333 0. 0. -1. 0.
0.004 1. 0. -319.817 1. -0.004 0. 272.532 0. 0. -1. 0.
0.004 1. 0. -319.812 1. -0.004 0. 272.729 0. 0. -1. 0.
0.004 1. 0. -319.808 1. -0.004 0. 272.914 0. 0. -1. 0.
0.004 1. 0. -319.803 1. -0.004 0. 273.086 0. 0. -1. 0.
0.004 1. 0. -319.801 1. -0.004 0. 273.240 0. 0. -1. 0.
0.004 1. 0. -319.797 1. -0.004 0. 273.375 0. 0. -1. 0.
0.004 1. 0. -319.794 1. -0.004 0. 273.496 0. 0. -1. 0.
0.004 1. 0. -319.790 1. -0.004 0. 273.615 0. 0. -1. 0.
0.003 1. 0. -319.787 1. -0.003 0. 273.734 0. 0. -1. 0.
0.003 1. 0. -319.784 1. -0.003 0. 273.851 0. 0. -1. 0.
0.003 1. 0. -319.782 1. -0.003 0. 273.969 0. 0. -1. 0.
0.003 1. 0. -319.779 1. -0.003 0. 274.088 0. 0. -1. 0.
0.004 1. 0. -319.777 1. -0.004 0. 274.201 0. 0. -1. 0.
0.004 1. 0. -319.774 1. -0.004 0. 274.299 0. 0. -1. 0.
0.004 1. 0. -319.772 1. -0.004 0. 274.376 0. 0. -1. 0.
0.004 1. 0. -319.772 1. -0.004 0. 274.425 0. 0. -1. 0.
0.004 1. 0. -319.771 1. -0.004 0. 274.441 0. 0. -1. 0.
0.004 1. 0. -319.771 1. -0.004 0. 274.441 0. 0. -1. 0.
0.004 1. 0. -319.771 1. -0.004 0. 274.441 0. 0. -1. 0.
0.004 1. 0. -319.771 1. -0.004 0. 274.441 0. 0. -1. 0.
0.004 1. 0. -319.771 1. -0.004 0. 274.441 0. 0. -1. 0.
0.004 1. 0. -319.771 1. -0.004 0. 274.441 0. 0. -1. 0.
0.004 1. 0. -319.771 1. -0.004 0. 274.441 0. 0. -1. 0.
0.004 1. 0. -319.771 1. -0.004 0. 274.441 0. 0. -1. 0.
0.004 1. 0. -319.771 1. -0.004 0. 274.441 0. 0. -1. 0.
0.004 1. 0. -319.771 1. -0.004 0. 274.441 0. 0. -1. 0.
0.004 1. 0. -319.771 1. -0.004 0. 274.441 0. 0. -1. 0.
0.004 1. 0. -319.771 1. -0.004 0. 274.441 0. 0. -1. 0.
0.004 1. 0. -319.771 1. -0.004 0. 274.441 0. 0. -1. 0.
0.004 1. 0. -319.771 1. -0.004 0. 274.441 0. 0. -1. 0.
0.004 1. 0. -319.771 1. -0.004 0. 274.441 0. 0. -1. 0.
0.004 1. 0. -319.771 1. -0.004 0. 274.441 0. 0. -1. 0.
0.004 1. 0. -319.771 1. -0.004 0. 274.441 0. 0. -1. 0.
0.004 1. 0. -319.771 1. -0.004 0. 274.441 0. 0. -1. 0.
0.004 1. 0. -319.771 1. -0.004 0. 274.441 0. 0. -1. 0.
0.004 1. 0. -319.771 1. -0.004 0. 274.441 0. 0. -1. 0.
0.004 1. 0. -319.771 1. -0.004 0. 274.441 0. 0. -1. 0.
0.004 1. 0. -319.771 1. -0.004 0. 274.441 0. 0. -1. 0.
0.004 1. 0. -319.771 1. -0.004 0. 274.441 0. 0. -1. 0.
0.004 1. 0. -319.771 1. -0.004 0. 274.441 0. 0. -1. 0.
0.004 1. 0. -319.771 1. -0.004 0. 274.441 0. 0. -1. 0.
0.004 1. 0. -319.771 1. -0.004 0. 274.441 0. 0. -1. 0.
