1618942335557441 0.97731 0.21179 0.00000 2.23322 0.21179 -0.97731 0.00000 0.65696 0.00000 0.00000 -1.00000 0.00000
1618942335807450 0.97732 0.21175 0.00000 2.23324 0.21175 -0.97732 0.00000 0.65685 0.00000 0.00000 -1.00000 0.00000
1618942336057452 0.97732 0.21177 0.00000 2.23325 0.21177 -0.97732 0.00000 0.65691 0.00000 0.00000 -1.00000 0.00000
1618942336308080 0.97731 0.21180 0.00000 2.23325 0.21180 -0.97731 0.00000 0.65697 0.00000 0.00000 -1.00000 0.00000
1618942336558080 0.97731 0.21180 0.00000 2.23324 0.21180 -0.97731 0.00000 0.65698 0.00000 0.00000 -1.00000 0.00000
1618942336808087 0.97731 0.21180 0.00000 2.23322 0.21180 -0.97731 0.00000 0.65698 0.00000 0.00000 -1.00000 0.00000
1618942337058089 0.97732 0.21176 0.00000 2.23325 0.21176 -0.97732 0.00000 0.65690 0.00000 0.00000 -1.00000 0.00000
1618942337308090 0.97732 0.21176 0.00000 2.23329 0.21176 -0.97732 0.00000 0.65690 0.00000 0.00000 -1.00000 0.00000
1618942337558094 0.97733 0.21174 0.00000 2.23329 0.21174 -0.97733 0.00000 0.65685 0.00000 0.00000 -1.00000 0.00000
1618942337808099 0.97732 0.21176 0.00000 2.23324 0.21176 -0.97732 0.00000 0.65690 0.00000 0.00000 -1.00000 0.00000
1618942338058104 0.97732 0.21177 0.00000 2.23327 0.21177 -0.97732 0.00000 0.65695 0.00000 0.00000 -1.00000 0.00000
1618942338308101 0.97732 0.21177 0.00000 2.23327 0.21177 -0.97732 0.00000 0.65692 0.00000 0.00000 -1.00000 0.00000
1618942338558104 0.97732 0.21178 0.00000 2.23325 0.21178 -0.97732 0.00000 0.65694 0.00000 0.00000 -1.00000 0.00000
1618942338808109 0.97731 0.21179 0.00000 2.23323 0.21179 -0.97731 0.00000 0.65697 0.00000 0.00000 -1.00000 0.00000
1618942339058121 0.97732 0.21178 0.00000 2.23326 0.21178 -0.97732 0.00000 0.65694 0.00000 0.00000 -1.00000 0.00000
1618942339307492 0.97731 0.21180 0.00000 2.23327 0.21180 -0.97731 0.00000 0.65693 0.00000 0.00000 -1.00000 0.00000
1618942339558120 0.97732 0.21179 0.00000 2.23328 0.21179 -0.97732 0.00000 0.65690 0.00000 0.00000 -1.00000 0.00000
1618942339808123 0.97732 0.21178 0.00000 2.23326 0.21178 -0.97732 0.00000 0.65690 0.00000 0.00000 -1.00000 0.00000
1618942340058129 0.97732 0.21179 0.00000 2.23325 0.21179 -0.97732 0.00000 0.65689 0.00000 0.00000 -1.00000 0.00000
1618942340307503 0.97731 0.21180 0.00000 2.23325 0.21180 -0.97731 0.00000 0.65695 0.00000 0.00000 -1.00000 0.00000
1618942340557509 0.97731 0.21182 0.00000 2.23325 0.21182 -0.97731 0.00000 0.65697 0.00000 0.00000 -1.00000 0.00000
1618942340807511 0.97731 0.21183 0.00000 2.23321 0.21183 -0.97731 0.00000 0.65705 0.00000 0.00000 -1.00000 0.00000
1618942341057513 0.97731 0.21183 0.00000 2.23321 0.21183 -0.97731 0.00000 0.65706 0.00000 0.00000 -1.00000 0.00000
1618942341308140 0.97730 0.21185 0.00000 2.23324 0.21185 -0.97730 0.00000 0.65709 0.00000 0.00000 -1.00000 0.00000
1618942341558151 0.97730 0.21185 0.00000 2.23321 0.21185 -0.97730 0.00000 0.65709 0.00000 0.00000 -1.00000 0.00000
1618942341808152 0.97730 0.21184 0.00000 2.23320 0.21184 -0.97730 0.00000 0.65706 0.00000 0.00000 -1.00000 0.00000
1618942342058157 0.97731 0.21183 0.00000 2.23322 0.21183 -0.97731 0.00000 0.65705 0.00000 0.00000 -1.00000 0.00000
1618942342308160 0.97730 0.21184 0.00000 2.23324 0.21184 -0.97730 0.00000 0.65707 0.00000 0.00000 -1.00000 0.00000
1618942342558156 0.97730 0.21185 0.00000 2.23324 0.21185 -0.97730 0.00000 0.65709 0.00000 0.00000 -1.00000 0.00000
1618942342808167 0.97731 0.21183 0.00000 2.23324 0.21183 -0.97731 0.00000 0.65704 0.00000 0.00000 -1.00000 0.00000
1618942343057548 0.97731 0.21182 0.00000 2.23323 0.21182 -0.97731 0.00000 0.65703 0.00000 0.00000 -1.00000 0.00000
1618942343307547 0.97731 0.21182 0.00000 2.23324 0.21182 -0.97731 0.00000 0.65701 0.00000 0.00000 -1.00000 0.00000
1618942343557550 0.97731 0.21182 0.00000 2.23327 0.21182 -0.97731 0.00000 0.65703 0.00000 0.00000 -1.00000 0.00000
1618942343807552 0.97731 0.21180 0.00000 2.23326 0.21180 -0.97731 0.00000 0.65698 0.00000 0.00000 -1.00000 0.00000
1618942344057559 0.97731 0.21181 0.00000 2.23324 0.21181 -0.97731 0.00000 0.65699 0.00000 0.00000 -1.00000 0.00000
1618942344307562 0.97731 0.21181 0.00000 2.23326 0.21181 -0.97731 0.00000 0.65699 0.00000 0.00000 -1.00000 0.00000
1618942344558191 0.97731 0.21180 0.00000 2.23328 0.21180 -0.97731 0.00000 0.65698 0.00000 0.00000 -1.00000 0.00000
1618942344808820 0.97731 0.21181 0.00000 2.23327 0.21181 -0.97731 0.00000 0.65700 0.00000 0.00000 -1.00000 0.00000
1618942345058815 0.97731 0.21180 0.00000 2.23327 0.21180 -0.97731 0.00000 0.65698 0.00000 0.00000 -1.00000 0.00000
1618942345308820 0.97731 0.21182 0.00000 2.23325 0.21182 -0.97731 0.00000 0.65703 0.00000 0.00000 -1.00000 0.00000
1618942345558823 0.97731 0.21181 0.00000 2.23329 0.21181 -0.97731 0.00000 0.65699 0.00000 0.00000 -1.00000 0.00000
1618942345808825 0.97730 0.21184 0.00000 2.23323 0.21184 -0.97730 0.00000 0.65707 0.00000 0.00000 -1.00000 0.00000
1618942346059457 0.97730 0.21185 0.00000 2.23327 0.21185 -0.97730 0.00000 0.65710 0.00000 0.00000 -1.00000 0.00000
1618942346310081 0.97730 0.21184 0.00000 2.23323 0.21184 -0.97730 0.00000 0.65706 0.00000 0.00000 -1.00000 0.00000
1618942346559468 0.97731 0.21183 0.00000 2.23325 0.21183 -0.97731 0.00000 0.65705 0.00000 0.00000 -1.00000 0.00000
1618942346809469 0.97731 0.21183 0.00000 2.23328 0.21183 -0.97731 0.00000 0.65703 0.00000 0.00000 -1.00000 0.00000
1618942347059473 0.97731 0.21182 0.00000 2.23327 0.21182 -0.97731 0.00000 0.65701 0.00000 0.00000 -1.00000 0.00000
1618942347309477 0.97731 0.21182 0.00000 2.23323 0.21182 -0.97731 0.00000 0.65698 0.00000 0.00000 -1.00000 0.00000
1618942347559478 0.97731 0.21179 0.00000 2.23325 0.21179 -0.97731 0.00000 0.65692 0.00000 0.00000 -1.00000 0.00000
1618942347809483 0.97731 0.21180 0.00000 2.23328 0.21180 -0.97731 0.00000 0.65696 0.00000 0.00000 -1.00000 0.00000
1618942348059484 0.97732 0.21179 0.00000 2.23326 0.21179 -0.97732 0.00000 0.65687 0.00000 0.00000 -1.00000 0.00000
1618942348309485 0.97732 0.21178 0.00000 2.23324 0.21178 -0.97732 0.00000 0.65688 0.00000 0.00000 -1.00000 0.00000
1618942348558866 0.97732 0.21179 0.00000 2.23325 0.21179 -0.97732 0.00000 0.65688 0.00000 0.00000 -1.00000 0.00000
1618942348808873 0.97731 0.21182 0.00000 2.23328 0.21182 -0.97731 0.00000 0.65700 0.00000 0.00000 -1.00000 0.00000
1618942349058876 0.97730 0.21185 0.00000 2.23326 0.21185 -0.97730 0.00000 0.65708 0.00000 0.00000 -1.00000 0.00000
1618942349309504 0.97731 0.21183 0.00000 2.23321 0.21183 -0.97731 0.00000 0.65695 0.00000 0.00000 -1.00000 0.00000
1618942349558881 0.97731 0.21181 0.00000 2.23323 0.21181 -0.97731 0.00000 0.65700 0.00000 0.00000 -1.00000 0.00000
1618942349808886 0.97731 0.21181 0.00000 2.23337 0.21181 -0.97731 0.00000 0.65693 0.00000 0.00000 -1.00000 0.00000
1618942350058887 0.97730 0.21186 0.00000 2.23338 0.21186 -0.97730 0.00000 0.65706 0.00000 0.00000 -1.00000 0.00000
1618942350308892 0.97730 0.21187 0.00000 2.23347 0.21187 -0.97730 0.00000 0.65705 0.00000 0.00000 -1.00000 0.00000
1618942350558896 0.97727 0.21201 0.00000 2.23356 0.21201 -0.97727 0.00000 0.65733 0.00000 0.00000 -1.00000 0.00000
1618942350808897 0.97734 0.21166 0.00000 2.23405 0.21166 -0.97734 0.00000 0.65653 0.00000 0.00000 -1.00000 0.00000
1618942351058906 0.97757 0.21063 0.00000 2.22649 0.21063 -0.97757 0.00000 0.65386 0.00000 0.00000 -1.00000 0.00000
1618942351308904 0.97799 0.20866 0.00000 2.20452 0.20866 -0.97799 0.00000 0.64910 0.00000 0.00000 -1.00000 0.00000
1618942351559530 0.97869 0.20536 0.00000 2.16896 0.20536 -0.97869 0.00000 0.63969 0.00000 0.00000 -1.00000 0.00000
1618942351808907 0.98006 0.19873 0.00000 2.11585 0.19873 -0.98006 0.00000 0.62153 0.00000 0.00000 -1.00000 0.00000
1618942352058914 0.98223 0.18771 0.00000 2.02078 0.18771 -0.98223 0.00000 0.58978 0.00000 0.00000 -1.00000 0.00000
1618942352308917 0.98563 0.16891 0.00000 1.87023 0.16891 -0.98563 0.00000 0.54148 0.00000 0.00000 -1.00000 0.00000
1618942352558922 0.98971 0.14310 0.00000 1.62074 0.14310 -0.98971 0.00000 0.47669 0.00000 0.00000 -1.00000 0.00000
1618942352808921 0.99359 0.11305 0.00000 1.26492 0.11305 -0.99359 0.00000 0.40767 0.00000 0.00000 -1.00000 0.00000
1618942353058924 0.99638 0.08498 0.00000 0.80368 0.08498 -0.99638 0.00000 0.34841 0.00000 0.00000 -1.00000 0.00000
1618942353308301 0.99796 0.06379 0.00000 0.24761 0.06379 -0.99796 0.00000 0.31585 0.00000 0.00000 -1.00000 0.00000
1618942353558309 0.99866 0.05181 0.00000 -0.39904 0.05181 -0.99866 0.00000 0.29184 0.00000 0.00000 -1.00000 0.00000
1618942353808311 0.99881 0.04871 0.00000 -1.12889 0.04871 -0.99881 0.00000 0.28482 0.00000 0.00000 -1.00000 0.00000
1618942354058315 0.99875 0.05000 0.00000 -1.93400 0.05000 -0.99875 0.00000 0.26526 0.00000 0.00000 -1.00000 0.00000
1618942354307694 0.99857 0.05340 0.00000 -2.81274 0.05340 -0.99857 0.00000 0.25245 0.00000 0.00000 -1.00000 0.00000
1618942354557693 0.99825 0.05907 0.00000 -3.76177 0.05907 -0.99825 0.00000 0.23603 0.00000 0.00000 -1.00000 0.00000
1618942354807703 0.99780 0.06634 0.00000 -4.76610 0.06634 -0.99780 0.00000 0.18959 0.00000 0.00000 -1.00000 0.00000
1618942355057706 0.99744 0.07152 0.00000 -5.81082 0.07152 -0.99744 0.00000 0.16179 0.00000 0.00000 -1.00000 0.00000
1618942355307708 0.99703 0.07708 0.00000 -6.90619 0.07708 -0.99703 0.00000 0.10796 0.00000 0.00000 -1.00000 0.00000
1618942355557708 0.99660 0.08239 0.00000 -8.06269 0.08239 -0.99660 0.00000 0.05750 0.00000 0.00000 -1.00000 0.00000
1618942355808331 0.99599 0.08944 0.00000 -9.25348 0.08944 -0.99599 0.00000 -0.02630 0.00000 0.00000 -1.00000 0.00000
1618942356058968 0.99542 0.09565 0.00000 -10.47549 0.09565 -0.99542 0.00000 -0.10715 0.00000 0.00000 -1.00000 0.00000
1618942356308967 0.99467 0.10313 0.00000 -11.75700 0.10313 -0.99467 0.00000 -0.21878 0.00000 0.00000 -1.00000 0.00000
1618942356558974 0.99389 0.11039 0.00000 -13.10709 0.11039 -0.99389 0.00000 -0.32153 0.00000 0.00000 -1.00000 0.00000
1618942356808976 0.99258 0.12158 0.00000 -14.43333 0.12158 -0.99258 0.00000 -0.50296 0.00000 0.00000 -1.00000 0.00000
1618942357058976 0.99095 0.13423 0.00000 -15.82467 0.13423 -0.99095 0.00000 -0.70782 0.00000 0.00000 -1.00000 0.00000
1618942357308983 0.98918 0.14670 0.00000 -17.29826 0.14670 -0.98918 0.00000 -0.93144 0.00000 0.00000 -1.00000 0.00000
1618942357558358 0.98729 0.15891 0.00000 -18.76496 0.15891 -0.98729 0.00000 -1.18549 0.00000 0.00000 -1.00000 0.00000
1618942357808984 0.98570 0.16852 0.00000 -20.30327 0.16852 -0.98570 0.00000 -1.39766 0.00000 0.00000 -1.00000 0.00000
1618942358058993 0.98433 0.17635 0.00000 -21.88191 0.17635 -0.98433 0.00000 -1.60385 0.00000 0.00000 -1.00000 0.00000
1618942358308372 0.98279 0.18474 0.00000 -23.49139 0.18474 -0.98279 0.00000 -1.82108 0.00000 0.00000 -1.00000 0.00000
1618942358558376 0.98098 0.19412 0.00000 -25.14325 0.19412 -0.98098 0.00000 -2.08797 0.00000 0.00000 -1.00000 0.00000
1618942358808377 0.97932 0.20231 0.00000 -26.84650 0.20231 -0.97932 0.00000 -2.33685 0.00000 0.00000 -1.00000 0.00000
1618942359059017 0.97767 0.21013 0.00000 -28.56236 0.21013 -0.97767 0.00000 -2.60055 0.00000 0.00000 -1.00000 0.00000
1618942359308386 0.97602 0.21768 0.00000 -30.30222 0.21768 -0.97602 0.00000 -2.87541 0.00000 0.00000 -1.00000 0.00000
1618942359558386 0.97442 0.22473 0.00000 -32.08911 0.22473 -0.97442 0.00000 -3.11150 0.00000 0.00000 -1.00000 0.00000
1618942359809016 0.97340 0.22911 0.00000 -33.85094 0.22911 -0.97340 0.00000 -3.29154 0.00000 0.00000 -1.00000 0.00000
1618942360059020 0.97158 0.23673 0.00000 -35.71113 0.23673 -0.97158 0.00000 -3.56243 0.00000 0.00000 -1.00000 0.00000
1618942360309647 0.96998 0.24318 0.00000 -37.56413 0.24318 -0.96998 0.00000 -3.88217 0.00000 0.00000 -1.00000 0.00000
1618942360559031 0.96828 0.24988 0.00000 -39.40567 0.24988 -0.96828 0.00000 -4.15527 0.00000 0.00000 -1.00000 0.00000
1618942360809031 0.96735 0.25344 0.00000 -41.37305 0.25344 -0.96735 0.00000 -4.34712 0.00000 0.00000 -1.00000 0.00000
1618942361058404 0.96632 0.25735 0.00000 -43.33428 0.25735 -0.96632 0.00000 -4.55463 0.00000 0.00000 -1.00000 0.00000
1618942361308408 0.96529 0.26119 0.00000 -45.34839 0.26119 -0.96529 0.00000 -4.77312 0.00000 0.00000 -1.00000 0.00000
1618942361558410 0.96461 0.26367 0.00000 -47.41608 0.26367 -0.96461 0.00000 -4.93089 0.00000 0.00000 -1.00000 0.00000
1618942361808415 0.96400 0.26592 0.00000 -49.50649 0.26592 -0.96400 0.00000 -5.07556 0.00000 0.00000 -1.00000 0.00000
1618942362059046 0.96437 0.26454 0.00000 -51.65946 0.26454 -0.96437 0.00000 -5.06627 0.00000 0.00000 -1.00000 0.00000
1618942362308424 0.96420 0.26519 0.00000 -53.76163 0.26519 -0.96420 0.00000 -5.14698 0.00000 0.00000 -1.00000 0.00000
1618942362559051 0.96480 0.26300 0.00000 -55.92700 0.26300 -0.96480 0.00000 -5.07120 0.00000 0.00000 -1.00000 0.00000
1618942362808427 0.96523 0.26141 0.00000 -58.09248 0.26141 -0.96523 0.00000 -5.03473 0.00000 0.00000 -1.00000 0.00000
1618942363058434 0.96593 0.25881 0.00000 -60.24926 0.25881 -0.96593 0.00000 -4.93658 0.00000 0.00000 -1.00000 0.00000
1618942363308439 0.96658 0.25636 0.00000 -62.40944 0.25636 -0.96658 0.00000 -4.82582 0.00000 0.00000 -1.00000 0.00000
1618942363558438 0.96706 0.25456 0.00000 -64.55504 0.25456 -0.96706 0.00000 -4.73752 0.00000 0.00000 -1.00000 0.00000
1618942363807816 0.96777 0.25185 0.00000 -66.69688 0.25185 -0.96777 0.00000 -4.58874 0.00000 0.00000 -1.00000 0.00000
1618942364057818 0.96839 0.24944 0.00000 -68.83304 0.24944 -0.96839 0.00000 -4.46728 0.00000 0.00000 -1.00000 0.00000
1618942364307826 0.96932 0.24580 0.00000 -70.97495 0.24580 -0.96932 0.00000 -4.24923 0.00000 0.00000 -1.00000 0.00000
1618942364557827 0.97115 0.23845 0.00000 -73.11323 0.23845 -0.97115 0.00000 -3.74266 0.00000 0.00000 -1.00000 0.00000
1618942364807835 0.97479 0.22313 0.00000 -75.26327 0.22313 -0.97479 0.00000 -2.61738 0.00000 0.00000 -1.00000 0.00000
1618942365057214 0.97955 0.20121 0.00000 -77.38706 0.20121 -0.97955 0.00000 -0.94192 0.00000 0.00000 -1.00000 0.00000
1618942365307840 0.98593 0.16715 0.00000 -79.43711 0.16715 -0.98593 0.00000 1.73130 0.00000 0.00000 -1.00000 0.00000
1618942365557841 0.99180 0.12780 0.00000 -81.37804 0.12780 -0.99180 0.00000 4.87923 0.00000 0.00000 -1.00000 0.00000
1618942365807842 0.99618 0.08734 0.00000 -83.16440 0.08734 -0.99618 0.00000 8.16840 0.00000 0.00000 -1.00000 0.00000
1618942366058474 0.99895 0.04576 0.00000 -84.77326 0.04576 -0.99895 0.00000 11.62224 0.00000 0.00000 -1.00000 0.00000
1618942366309104 1.00000 0.00264 0.00000 -86.22449 0.00264 -1.00000 0.00000 15.24891 0.00000 0.00000 -1.00000 0.00000
1618942366559103 0.99902 -0.04424 0.00000 -87.43523 -0.04424 -0.99902 0.00000 19.27463 0.00000 -0.00000 -1.00000 0.00000
1618942366809108 0.99518 -0.09802 0.00000 -88.25739 -0.09802 -0.99518 0.00000 23.95389 0.00000 -0.00000 -1.00000 0.00000
1618942367058500 0.98834 -0.15226 0.00000 -88.76943 -0.15226 -0.98834 0.00000 28.73239 0.00000 -0.00000 -1.00000 0.00000
1618942367308489 0.97870 -0.20527 0.00000 -89.07233 -0.20527 -0.97870 0.00000 33.46921 0.00000 -0.00000 -1.00000 0.00000
1618942367557868 0.96563 -0.25992 0.00000 -88.99965 -0.25992 -0.96563 0.00000 38.41405 0.00000 -0.00000 -1.00000 0.00000
1618942367807869 0.94917 -0.31477 0.00000 -88.62169 -0.31477 -0.94917 0.00000 43.43962 0.00000 -0.00000 -1.00000 0.00000
1618942368057877 0.92624 -0.37694 0.00000 -87.49978 -0.37694 -0.92624 0.00000 49.24084 0.00000 -0.00000 -1.00000 0.00000
1618942368307879 0.89469 -0.44670 0.00000 -85.44012 -0.44670 -0.89469 0.00000 55.80626 0.00000 -0.00000 -1.00000 0.00000
1618942368557257 0.85482 -0.51892 0.00000 -82.44588 -0.51892 -0.85482 0.00000 62.67100 0.00000 -0.00000 -1.00000 0.00000
1618942368807260 0.80876 -0.58814 0.00000 -78.86024 -0.58814 -0.80876 0.00000 69.29704 0.00000 -0.00000 -1.00000 0.00000
1618942369057264 0.75787 -0.65240 0.00000 -74.81680 -0.65240 -0.75787 0.00000 75.53634 0.00000 -0.00000 -1.00000 0.00000
1618942369307270 0.70811 -0.70610 0.00000 -70.96023 -0.70610 -0.70811 0.00000 80.81043 0.00000 -0.00000 -1.00000 0.00000
1618942369557894 0.65926 -0.75192 0.00000 -67.27453 -0.75192 -0.65926 0.00000 85.36242 0.00000 -0.00000 -1.00000 0.00000
1618942369808522 0.61916 -0.78526 0.00000 -64.63673 -0.78526 -0.61916 0.00000 88.71887 0.00000 -0.00000 -1.00000 0.00000
1618942370058521 0.59440 -0.80417 0.00000 -63.71828 -0.80417 -0.59440 0.00000 90.63234 0.00000 -0.00000 -1.00000 0.00000
1618942370309159 0.58109 -0.81384 0.00000 -64.10843 -0.81384 -0.58109 0.00000 91.64316 0.00000 -0.00000 -1.00000 0.00000
1618942370558533 0.57243 -0.81996 0.00000 -65.01904 -0.81996 -0.57243 0.00000 92.30510 0.00000 -0.00000 -1.00000 0.00000
1618942370808537 0.56879 -0.82248 0.00000 -66.51185 -0.82248 -0.56879 0.00000 92.59012 0.00000 -0.00000 -1.00000 0.00000
1618942371057919 0.56941 -0.82205 0.00000 -68.50723 -0.82205 -0.56941 0.00000 92.53007 0.00000 -0.00000 -1.00000 0.00000
1618942371307918 0.57570 -0.81766 0.00000 -71.16679 -0.81766 -0.57570 0.00000 91.97564 0.00000 -0.00000 -1.00000 0.00000
1618942371557921 0.58381 -0.81189 0.00000 -74.05213 -0.81189 -0.58381 0.00000 91.21631 0.00000 -0.00000 -1.00000 0.00000
1618942371808552 0.59473 -0.80393 0.00000 -77.28159 -0.80393 -0.59473 0.00000 90.14970 0.00000 -0.00000 -1.00000 0.00000
1618942372058554 0.60774 -0.79413 0.00000 -80.76250 -0.79413 -0.60774 0.00000 88.82452 0.00000 -0.00000 -1.00000 0.00000
1618942372308559 0.62053 -0.78418 0.00000 -84.25365 -0.78418 -0.62053 0.00000 87.46275 0.00000 -0.00000 -1.00000 0.00000
1618942372557934 0.63339 -0.77383 0.00000 -87.75799 -0.77383 -0.63339 0.00000 86.00855 0.00000 -0.00000 -1.00000 0.00000
1618942372807939 0.64519 -0.76402 0.00000 -91.16081 -0.76402 -0.64519 0.00000 84.59069 0.00000 -0.00000 -1.00000 0.00000
1618942373057940 0.65761 -0.75336 0.00000 -94.67922 -0.75336 -0.65761 0.00000 83.01970 0.00000 -0.00000 -1.00000 0.00000
1618942373308569 0.67222 -0.74035 0.00000 -98.43748 -0.74035 -0.67222 0.00000 81.09317 0.00000 -0.00000 -1.00000 0.00000
1618942373558573 0.68644 -0.72719 0.00000 -102.14867 -0.72719 -0.68644 0.00000 79.10916 0.00000 -0.00000 -1.00000 0.00000
1618942373808573 0.70098 -0.71318 0.00000 -105.90490 -0.71318 -0.70098 0.00000 76.97059 0.00000 -0.00000 -1.00000 0.00000
1618942374059205 0.71444 -0.69969 0.00000 -109.48946 -0.69969 -0.71444 0.00000 74.89012 0.00000 -0.00000 -1.00000 0.00000
1618942374309206 0.72726 -0.68636 0.00000 -112.99598 -0.68636 -0.72726 0.00000 72.79496 0.00000 -0.00000 -1.00000 0.00000
1618942374558597 0.73860 -0.67414 0.00000 -116.32915 -0.67414 -0.73860 0.00000 70.83550 0.00000 -0.00000 -1.00000 0.00000
1618942374808587 0.75073 -0.66061 0.00000 -119.68179 -0.66061 -0.75073 0.00000 68.65908 0.00000 -0.00000 -1.00000 0.00000
1618942375058599 0.75999 -0.64994 0.00000 -122.77576 -0.64994 -0.75999 0.00000 66.90697 0.00000 -0.00000 -1.00000 0.00000
1618942375307969 0.77020 -0.63781 0.00000 -125.88421 -0.63781 -0.77020 0.00000 64.89205 0.00000 -0.00000 -1.00000 0.00000
1618942375557353 0.78073 -0.62487 0.00000 -129.01654 -0.62487 -0.78073 0.00000 62.73449 0.00000 -0.00000 -1.00000 0.00000
1618942375807979 0.79080 -0.61208 0.00000 -132.08828 -0.61208 -0.79080 0.00000 60.58532 0.00000 -0.00000 -1.00000 0.00000
1618942376057981 0.80204 -0.59727 0.00000 -135.22453 -0.59727 -0.80204 0.00000 58.06795 0.00000 -0.00000 -1.00000 0.00000
1618942376307982 0.81498 -0.57949 0.00000 -138.49407 -0.57949 -0.81498 0.00000 55.02703 0.00000 -0.00000 -1.00000 0.00000
1618942376558615 0.82936 -0.55872 0.00000 -141.85055 -0.55872 -0.82936 0.00000 51.46168 0.00000 -0.00000 -1.00000 0.00000
1618942376808618 0.84488 -0.53496 0.00000 -145.21948 -0.53496 -0.84488 0.00000 47.35200 0.00000 -0.00000 -1.00000 0.00000
1618942377058620 0.86370 -0.50400 0.00000 -148.77206 -0.50400 -0.86370 0.00000 42.01455 0.00000 -0.00000 -1.00000 0.00000
1618942377308624 0.88437 -0.46678 0.00000 -152.29195 -0.46678 -0.88437 0.00000 35.57735 0.00000 -0.00000 -1.00000 0.00000
1618942377558639 0.90732 -0.42043 0.00000 -155.73151 -0.42043 -0.90732 0.00000 27.60704 0.00000 -0.00000 -1.00000 0.00000
1618942377808630 0.92984 -0.36795 0.00000 -158.78298 -0.36795 -0.92984 0.00000 18.61070 0.00000 -0.00000 -1.00000 0.00000
1618942378058633 0.95259 -0.30426 0.00000 -161.32651 -0.30426 -0.95259 0.00000 7.76913 0.00000 -0.00000 -1.00000 0.00000
1618942378308636 0.97368 -0.22790 0.00000 -163.00216 -0.22790 -0.97368 0.00000 -5.09746 0.00000 -0.00000 -1.00000 0.00000
1618942378558638 0.99030 -0.13894 0.00000 -163.33712 -0.13894 -0.99030 0.00000 -19.87302 0.00000 -0.00000 -1.00000 0.00000
1618942378808640 0.99915 -0.04120 0.00000 -161.99357 -0.04120 -0.99915 0.00000 -35.83964 0.00000 -0.00000 -1.00000 0.00000
1618942379058645 0.99834 0.05762 0.00000 -158.98388 0.05762 -0.99834 0.00000 -51.66993 0.00000 0.00000 -1.00000 0.00000
1618942379308649 0.98718 0.15961 0.00000 -154.05750 0.15961 -0.98718 0.00000 -67.72347 0.00000 0.00000 -1.00000 0.00000
1618942379558648 0.96371 0.26695 0.00000 -146.82423 0.26695 -0.96371 0.00000 -84.24629 0.00000 0.00000 -1.00000 0.00000
1618942379808655 0.92447 0.38126 0.00000 -136.68204 0.38126 -0.92447 0.00000 -101.37061 0.00000 0.00000 -1.00000 0.00000
1618942380058661 0.86715 0.49804 0.00000 -123.44453 0.49804 -0.86715 0.00000 -118.27009 0.00000 0.00000 -1.00000 0.00000
1618942380308665 0.78787 0.61585 0.00000 -106.50871 0.61585 -0.78787 0.00000 -134.59987 0.00000 0.00000 -1.00000 0.00000
1618942380558665 0.68432 0.72918 0.00000 -85.67873 0.72918 -0.68432 0.00000 -149.32172 0.00000 0.00000 -1.00000 0.00000
1618942380808667 0.55651 0.83084 0.00000 -61.23694 0.83084 -0.55651 0.00000 -161.28554 0.00000 0.00000 -1.00000 0.00000
1618942381058672 0.40519 0.91423 0.00000 -33.54256 0.91423 -0.40519 0.00000 -169.42161 0.00000 0.00000 -1.00000 0.00000
1618942381308676 0.23556 0.97186 0.00000 -3.73688 0.97186 -0.23556 0.00000 -172.70704 0.00000 0.00000 -1.00000 0.00000
1618942381558679 0.05273 0.99861 0.00000 27.14469 0.99861 -0.05273 0.00000 -170.44481 0.00000 0.00000 -1.00000 0.00000
1618942381809307 -0.13652 0.99064 0.00000 57.85872 0.99064 0.13652 0.00000 -162.26850 0.00000 0.00000 -1.00000 0.00000
1618942382059312 -0.32065 0.94720 0.00000 86.45809 0.94720 0.32065 0.00000 -148.46817 0.00000 0.00000 -1.00000 0.00000
1618942382309313 -0.49291 0.87008 0.00000 111.89918 0.87008 0.49291 0.00000 -129.56632 0.00000 0.00000 -1.00000 0.00000
1618942382559319 -0.64367 0.76530 0.00000 132.77996 0.76530 0.64367 0.00000 -106.91607 0.00000 0.00000 -1.00000 0.00000
1618942382809324 -0.76442 0.64471 0.00000 148.06627 0.64471 0.76442 0.00000 -82.77067 0.00000 0.00000 -1.00000 0.00000
1618942383059961 -0.85096 0.52523 0.00000 157.61785 0.52523 0.85096 0.00000 -60.08719 0.00000 0.00000 -1.00000 0.00000
1618942383309953 -0.90823 0.41846 0.00000 162.65926 0.41846 0.90823 0.00000 -40.59161 0.00000 0.00000 -1.00000 0.00000
1618942383559957 -0.94433 0.32901 0.00000 164.69040 0.32901 0.94433 0.00000 -24.73587 0.00000 0.00000 -1.00000 0.00000
1618942383809334 -0.96890 0.24746 0.00000 165.03647 0.24746 0.96890 0.00000 -10.66688 0.00000 0.00000 -1.00000 0.00000
1618942384059962 -0.98375 0.17955 0.00000 164.15632 0.17955 0.98375 0.00000 0.80529 0.00000 0.00000 -1.00000 0.00000
1618942384309967 -0.99136 0.13114 0.00000 162.62526 0.13114 0.99136 0.00000 8.82243 0.00000 0.00000 -1.00000 0.00000
1618942384559969 -0.99493 0.10060 0.00000 160.92190 0.10060 0.99493 0.00000 13.77695 0.00000 0.00000 -1.00000 0.00000
1618942384809972 -0.99630 0.08597 0.00000 159.30863 0.08597 0.99630 0.00000 16.13603 0.00000 0.00000 -1.00000 0.00000
1618942385059978 -0.99672 0.08090 0.00000 157.78040 0.08090 0.99672 0.00000 16.91173 0.00000 0.00000 -1.00000 0.00000
1618942385309981 -0.99660 0.08239 0.00000 156.29281 0.08239 0.99660 0.00000 16.65630 0.00000 0.00000 -1.00000 0.00000
1618942385559981 -0.99605 0.08874 0.00000 154.86673 0.08874 0.99605 0.00000 15.63247 0.00000 0.00000 -1.00000 0.00000
1618942385809984 -0.99457 0.10409 0.00000 153.51920 0.10409 0.99457 0.00000 13.20417 0.00000 0.00000 -1.00000 0.00000
1618942386059362 -0.99225 0.12429 0.00000 152.12290 0.12429 0.99225 0.00000 10.05882 0.00000 0.00000 -1.00000 0.00000
1618942386309371 -0.98849 0.15130 0.00000 150.68576 0.15130 0.98849 0.00000 5.89716 0.00000 0.00000 -1.00000 0.00000
1618942386559374 -0.98276 0.18489 0.00000 149.14167 0.18489 0.98276 0.00000 0.74087 0.00000 0.00000 -1.00000 0.00000
1618942386809370 -0.97382 0.22730 0.00000 147.33178 0.22730 0.97382 0.00000 -5.72972 0.00000 0.00000 -1.00000 0.00000
1618942387059377 -0.96194 0.27327 0.00000 145.16109 0.27327 0.96194 0.00000 -12.73706 0.00000 0.00000 -1.00000 0.00000
1618942387308758 -0.94656 0.32253 0.00000 142.56747 0.32253 0.94656 0.00000 -20.23023 0.00000 0.00000 -1.00000 0.00000
1618942387558137 -0.92836 0.37168 0.00000 139.52431 0.37168 0.92836 0.00000 -27.69427 0.00000 0.00000 -1.00000 0.00000
1618942387808136 -0.90685 0.42146 0.00000 135.99519 0.42146 0.90685 0.00000 -35.23718 0.00000 0.00000 -1.00000 0.00000
1618942388057516 -0.88286 0.46964 0.00000 132.04339 0.46964 0.88286 0.00000 -42.51699 0.00000 0.00000 -1.00000 0.00000
1618942388308140 -0.85551 0.51778 0.00000 127.60237 0.51778 0.85551 0.00000 -49.77225 0.00000 0.00000 -1.00000 0.00000
1618942388558150 -0.82535 0.56461 0.00000 122.74080 0.56461 0.82535 0.00000 -56.80279 0.00000 0.00000 -1.00000 0.00000
1618942388808154 -0.79220 0.61026 0.00000 117.41723 0.61026 0.79220 0.00000 -63.65375 0.00000 0.00000 -1.00000 0.00000
1618942389058779 -0.75732 0.65304 0.00000 111.80090 0.65304 0.75732 0.00000 -70.07020 0.00000 0.00000 -1.00000 0.00000
1618942389308782 -0.72123 0.69270 0.00000 105.93573 0.69270 0.72123 0.00000 -75.97737 0.00000 0.00000 -1.00000 0.00000
1618942389558165 -0.68558 0.72800 0.00000 100.06231 0.72800 0.68558 0.00000 -81.20814 0.00000 0.00000 -1.00000 0.00000
1618942389808166 -0.65538 0.75530 0.00000 94.73572 0.75530 0.65538 0.00000 -85.20533 0.00000 0.00000 -1.00000 0.00000
1618942390058789 -0.62734 0.77874 0.00000 89.58176 0.77874 0.62734 0.00000 -88.62297 0.00000 0.00000 -1.00000 0.00000
1618942390308171 -0.60656 0.79504 0.00000 85.24127 0.79504 0.60656 0.00000 -90.98451 0.00000 0.00000 -1.00000 0.00000
1618942390557550 -0.59041 0.80710 0.00000 81.43765 0.80710 0.59041 0.00000 -92.73746 0.00000 0.00000 -1.00000 0.00000
1618942390808176 -0.57912 0.81524 0.00000 78.13951 0.81524 0.57912 0.00000 -93.90558 0.00000 0.00000 -1.00000 0.00000
1618942391058192 -0.56809 0.82297 0.00000 74.89208 0.82297 0.56809 0.00000 -94.98991 0.00000 0.00000 -1.00000 0.00000
1618942391308809 -0.55913 0.82908 0.00000 71.85907 0.82908 0.55913 0.00000 -95.83375 0.00000 0.00000 -1.00000 0.00000
1618942391558811 -0.55244 0.83356 0.00000 69.08013 0.83356 0.55244 0.00000 -96.45193 0.00000 0.00000 -1.00000 0.00000
1618942391808821 -0.55050 0.83484 0.00000 66.84901 0.83484 0.55050 0.00000 -96.65819 0.00000 0.00000 -1.00000 0.00000
1618942392058819 -0.55629 0.83099 0.00000 65.50851 0.83099 0.55629 0.00000 -96.24997 0.00000 0.00000 -1.00000 0.00000
1618942392308198 -0.57195 0.82029 0.00000 65.31993 0.82029 0.57195 0.00000 -95.05690 0.00000 0.00000 -1.00000 0.00000
1618942392558203 -0.59436 0.80420 0.00000 65.91521 0.80420 0.59436 0.00000 -93.28985 0.00000 0.00000 -1.00000 0.00000
1618942392808829 -0.62401 0.78141 0.00000 67.35999 0.78141 0.62401 0.00000 -90.83389 0.00000 0.00000 -1.00000 0.00000
1618942393058834 -0.65687 0.75400 0.00000 69.20580 0.75400 0.65687 0.00000 -87.94164 0.00000 0.00000 -1.00000 0.00000
1618942393308840 -0.69304 0.72090 0.00000 71.45557 0.72090 0.69304 0.00000 -84.52390 0.00000 0.00000 -1.00000 0.00000
1618942393558214 -0.72931 0.68418 0.00000 73.79951 0.68418 0.72931 0.00000 -80.78885 0.00000 0.00000 -1.00000 0.00000
1618942393808844 -0.76440 0.64475 0.00000 76.05115 0.64475 0.76440 0.00000 -76.85122 0.00000 0.00000 -1.00000 0.00000
1618942394058845 -0.80034 0.59954 0.00000 78.44095 0.59954 0.80034 0.00000 -72.40833 0.00000 0.00000 -1.00000 0.00000
1618942394308851 -0.83569 0.54920 0.00000 80.85943 0.54920 0.83569 0.00000 -67.53110 0.00000 0.00000 -1.00000 0.00000
1618942394558852 -0.86967 0.49363 0.00000 83.20731 0.49363 0.86967 0.00000 -62.19876 0.00000 0.00000 -1.00000 0.00000
1618942394808857 -0.90057 0.43470 0.00000 85.27129 0.43470 0.90057 0.00000 -56.60122 0.00000 0.00000 -1.00000 0.00000
1618942395058860 -0.92881 0.37057 0.00000 87.13416 0.37057 0.92881 0.00000 -50.55780 0.00000 0.00000 -1.00000 0.00000
1618942395308864 -0.95220 0.30548 0.00000 88.53860 0.30548 0.95220 0.00000 -44.49190 0.00000 0.00000 -1.00000 0.00000
1618942395558868 -0.97178 0.23589 0.00000 89.65416 0.23589 0.97178 0.00000 -38.04670 0.00000 0.00000 -1.00000 0.00000
1618942395808868 -0.98591 0.16730 0.00000 90.23109 0.16730 0.98591 0.00000 -31.75939 0.00000 0.00000 -1.00000 0.00000
1618942396058873 -0.99524 0.09750 0.00000 90.36707 0.09750 0.99524 0.00000 -25.40258 0.00000 0.00000 -1.00000 0.00000
1618942396308876 -0.99939 0.03479 0.00000 89.91457 0.03479 0.99939 0.00000 -19.76627 0.00000 0.00000 -1.00000 0.00000
1618942396558885 -0.99963 -0.02705 -0.00000 89.07377 -0.02705 0.99963 0.00000 -14.24591 0.00000 0.00000 -1.00000 0.00000
1618942396809508 -0.99662 -0.08219 -0.00000 87.78174 -0.08219 0.99662 0.00000 -9.35496 0.00000 0.00000 -1.00000 0.00000
1618942397059515 -0.99131 -0.13154 -0.00000 86.19043 -0.13154 0.99131 0.00000 -5.04834 0.00000 0.00000 -1.00000 0.00000
1618942397308892 -0.98531 -0.17079 -0.00000 84.37049 -0.17079 0.98531 0.00000 -1.67295 0.00000 0.00000 -1.00000 0.00000
1618942397559520 -0.97927 -0.20254 -0.00000 82.42609 -0.20254 0.97927 0.00000 1.00573 0.00000 0.00000 -1.00000 0.00000
1618942397808897 -0.97413 -0.22597 -0.00000 80.37163 -0.22597 0.97413 0.00000 2.92423 0.00000 0.00000 -1.00000 0.00000
1618942398058902 -0.97013 -0.24258 -0.00000 78.30533 -0.24258 0.97013 0.00000 4.28333 0.00000 0.00000 -1.00000 0.00000
1618942398308901 -0.96810 -0.25056 -0.00000 76.25858 -0.25056 0.96810 0.00000 4.88126 0.00000 0.00000 -1.00000 0.00000
1618942398558906 -0.96633 -0.25731 -0.00000 74.16671 -0.25731 0.96633 0.00000 5.37245 0.00000 0.00000 -1.00000 0.00000
1618942398808288 -0.96494 -0.26247 -0.00000 72.07441 -0.26247 0.96494 0.00000 5.72565 0.00000 0.00000 -1.00000 0.00000
1618942399058922 -0.96471 -0.26333 -0.00000 69.97076 -0.26333 0.96471 0.00000 5.75443 0.00000 0.00000 -1.00000 0.00000
1618942399308294 -0.96508 -0.26196 -0.00000 67.87311 -0.26196 0.96508 0.00000 5.60971 0.00000 0.00000 -1.00000 0.00000
1618942399557670 -0.96536 -0.26090 -0.00000 65.77037 -0.26090 0.96536 0.00000 5.50165 0.00000 0.00000 -1.00000 0.00000
1618942399807672 -0.96546 -0.26054 -0.00000 63.65376 -0.26054 0.96546 0.00000 5.44854 0.00000 0.00000 -1.00000 0.00000
1618942400058301 -0.96573 -0.25957 -0.00000 61.53605 -0.25957 0.96573 0.00000 5.34907 0.00000 0.00000 -1.00000 0.00000
1618942400308305 -0.96605 -0.25837 -0.00000 59.42135 -0.25837 0.96605 0.00000 5.22408 0.00000 0.00000 -1.00000 0.00000
1618942400558311 -0.96605 -0.25837 -0.00000 57.31178 -0.25837 0.96605 0.00000 5.16847 0.00000 0.00000 -1.00000 0.00000
1618942400808938 -0.96562 -0.25998 -0.00000 55.17393 -0.25998 0.96562 0.00000 5.20603 0.00000 0.00000 -1.00000 0.00000
1618942401058319 -0.96381 -0.26660 -0.00000 53.04655 -0.26660 0.96381 0.00000 5.53677 0.00000 0.00000 -1.00000 0.00000
1618942401308320 -0.96222 -0.27227 -0.00000 50.93338 -0.27227 0.96222 0.00000 5.78258 0.00000 0.00000 -1.00000 0.00000
1618942401558322 -0.95923 -0.28262 -0.00000 48.76472 -0.28262 0.95923 0.00000 6.27888 0.00000 0.00000 -1.00000 0.00000
1618942401808325 -0.95739 -0.28881 -0.00000 46.66288 -0.28881 0.95739 0.00000 6.56251 0.00000 0.00000 -1.00000 0.00000
1618942402058329 -0.95586 -0.29383 -0.00000 44.55655 -0.29383 0.95586 0.00000 6.77145 0.00000 0.00000 -1.00000 0.00000
1618942402308331 -0.95566 -0.29447 -0.00000 42.48092 -0.29447 0.95566 0.00000 6.75612 0.00000 0.00000 -1.00000 0.00000
1618942402558335 -0.95925 -0.28254 -0.00000 40.51452 -0.28254 0.95925 0.00000 6.21664 0.00000 0.00000 -1.00000 0.00000
1618942402807714 -0.96470 -0.26336 -0.00000 38.56063 -0.26336 0.96470 0.00000 5.40647 0.00000 0.00000 -1.00000 0.00000
1618942403058341 -0.97019 -0.24236 -0.00000 36.65211 -0.24236 0.97019 0.00000 4.52887 0.00000 0.00000 -1.00000 0.00000
1618942403308343 -0.97426 -0.22541 -0.00000 34.65168 -0.22541 0.97426 0.00000 3.84350 0.00000 0.00000 -1.00000 0.00000
1618942403558348 -0.97781 -0.20950 -0.00000 32.66596 -0.20950 0.97781 0.00000 3.24638 0.00000 0.00000 -1.00000 0.00000
1618942403808350 -0.98042 -0.19690 -0.00000 30.67456 -0.19690 0.98042 0.00000 2.79010 0.00000 0.00000 -1.00000 0.00000
1618942404058351 -0.98276 -0.18486 -0.00000 28.61327 -0.18486 0.98276 0.00000 2.36382 0.00000 0.00000 -1.00000 0.00000
1618942404308358 -0.98441 -0.17589 -0.00000 26.59550 -0.17589 0.98441 0.00000 2.06294 0.00000 0.00000 -1.00000 0.00000
1618942404558361 -0.98573 -0.16834 -0.00000 24.52006 -0.16834 0.98573 0.00000 1.81349 0.00000 0.00000 -1.00000 0.00000
1618942404808365 -0.98652 -0.16367 -0.00000 22.41904 -0.16367 0.98652 0.00000 1.64542 0.00000 0.00000 -1.00000 0.00000
1618942405058368 -0.98722 -0.15934 -0.00000 20.28475 -0.15934 0.98722 0.00000 1.49854 0.00000 0.00000 -1.00000 0.00000
1618942405308372 -0.98774 -0.15613 -0.00000 18.13127 -0.15613 0.98774 0.00000 1.39179 0.00000 0.00000 -1.00000 0.00000
1618942405558373 -0.98805 -0.15416 -0.00000 15.95724 -0.15416 0.98805 0.00000 1.32164 0.00000 0.00000 -1.00000 0.00000
1618942405808378 -0.98806 -0.15407 -0.00000 13.78321 -0.15407 0.98806 0.00000 1.29819 0.00000 0.00000 -1.00000 0.00000
1618942406057758 -0.98828 -0.15264 -0.00000 11.61476 -0.15264 0.98828 0.00000 1.24114 0.00000 0.00000 -1.00000 0.00000
1618942406307763 -0.98818 -0.15330 -0.00000 9.41414 -0.15330 0.98818 0.00000 1.21149 0.00000 0.00000 -1.00000 0.00000
1618942406558389 -0.98822 -0.15305 -0.00000 7.23866 -0.15305 0.98822 0.00000 1.18235 0.00000 0.00000 -1.00000 0.00000
1618942406808393 -0.98830 -0.15249 -0.00000 5.07742 -0.15249 0.98830 0.00000 1.14148 0.00000 0.00000 -1.00000 0.00000
1618942407059030 -0.98828 -0.15264 -0.00000 2.90821 -0.15264 0.98828 0.00000 1.10614 0.00000 0.00000 -1.00000 0.00000
1618942407309024 -0.98788 -0.15521 -0.00000 0.74636 -0.15521 0.98788 0.00000 1.09644 0.00000 0.00000 -1.00000 0.00000
1618942407559029 -0.98776 -0.15599 -0.00000 -1.38716 -0.15599 0.98776 0.00000 1.06529 0.00000 0.00000 -1.00000 0.00000
1618942407808403 -0.98734 -0.15864 -0.00000 -3.53846 -0.15864 0.98734 0.00000 1.02120 0.00000 0.00000 -1.00000 0.00000
1618942408058406 -0.98695 -0.16100 -0.00000 -5.65913 -0.16100 0.98695 0.00000 0.96567 0.00000 0.00000 -1.00000 0.00000
1618942408308414 -0.98656 -0.16341 -0.00000 -7.78127 -0.16341 0.98656 0.00000 0.90040 0.00000 0.00000 -1.00000 0.00000
1618942408557790 -0.98618 -0.16568 -0.00000 -9.91391 -0.16568 0.98618 0.00000 0.84889 0.00000 0.00000 -1.00000 0.00000
1618942408808415 -0.98545 -0.16996 -0.00000 -12.04226 -0.16996 0.98545 0.00000 0.78397 0.00000 0.00000 -1.00000 0.00000
1618942409058420 -0.98547 -0.16987 -0.00000 -14.09499 -0.16987 0.98547 0.00000 0.75803 0.00000 0.00000 -1.00000 0.00000
1618942409308423 -0.98530 -0.17083 -0.00000 -16.22850 -0.17083 0.98530 0.00000 0.68382 0.00000 0.00000 -1.00000 0.00000
1618942409558427 -0.98488 -0.17324 -0.00000 -18.30011 -0.17324 0.98488 0.00000 0.59480 0.00000 0.00000 -1.00000 0.00000
1618942409808427 -0.98442 -0.17585 -0.00000 -20.39287 -0.17585 0.98442 0.00000 0.49576 0.00000 0.00000 -1.00000 0.00000
1618942410058433 -0.98396 -0.17837 -0.00000 -22.48497 -0.17837 0.98396 0.00000 0.38035 0.00000 0.00000 -1.00000 0.00000
1618942410308435 -0.98332 -0.18190 -0.00000 -24.56190 -0.18190 0.98332 0.00000 0.23434 0.00000 0.00000 -1.00000 0.00000
1618942410558439 -0.98255 -0.18601 -0.00000 -26.62271 -0.18601 0.98255 0.00000 0.06296 0.00000 0.00000 -1.00000 0.00000
1618942410808442 -0.98158 -0.19104 -0.00000 -28.68565 -0.19104 0.98158 0.00000 -0.12335 0.00000 0.00000 -1.00000 0.00000
1618942411057816 -0.98038 -0.19710 -0.00000 -30.73037 -0.19710 0.98038 0.00000 -0.32768 0.00000 0.00000 -1.00000 0.00000
1618942411307822 -0.97940 -0.20192 -0.00000 -32.75620 -0.20192 0.97940 0.00000 -0.50083 0.00000 0.00000 -1.00000 0.00000
1618942411558453 -0.97854 -0.20607 -0.00000 -34.80310 -0.20607 0.97854 0.00000 -0.66750 0.00000 0.00000 -1.00000 0.00000
1618942411808456 -0.97735 -0.21165 -0.00000 -36.82532 -0.21165 0.97735 0.00000 -0.89914 0.00000 0.00000 -1.00000 0.00000
1618942412058461 -0.97642 -0.21588 -0.00000 -38.80789 -0.21588 0.97642 0.00000 -1.09685 0.00000 0.00000 -1.00000 0.00000
1618942412308465 -0.97516 -0.22150 -0.00000 -40.81878 -0.22150 0.97516 0.00000 -1.36152 0.00000 0.00000 -1.00000 0.00000
1618942412558468 -0.97402 -0.22644 -0.00000 -42.81465 -0.22644 0.97402 0.00000 -1.60631 0.00000 0.00000 -1.00000 0.00000
1618942412808473 -0.97272 -0.23198 -0.00000 -44.76716 -0.23198 0.97272 0.00000 -1.90477 0.00000 0.00000 -1.00000 0.00000
1618942413058470 -0.97145 -0.23723 -0.00000 -46.74005 -0.23723 0.97145 0.00000 -2.19789 0.00000 0.00000 -1.00000 0.00000
1618942413308475 -0.97018 -0.24238 -0.00000 -48.66324 -0.24238 0.97018 0.00000 -2.49541 0.00000 0.00000 -1.00000 0.00000
1618942413558479 -0.96944 -0.24531 -0.00000 -50.58481 -0.24531 0.96944 0.00000 -2.69477 0.00000 0.00000 -1.00000 0.00000
1618942413807852 -0.96967 -0.24442 -0.00000 -52.49632 -0.24442 0.96967 0.00000 -2.69002 0.00000 0.00000 -1.00000 0.00000
1618942414057863 -0.97049 -0.24116 -0.00000 -54.37097 -0.24116 0.97049 0.00000 -2.55646 0.00000 0.00000 -1.00000 0.00000
1618942414308494 -0.97218 -0.23424 -0.00000 -56.19129 -0.23424 0.97218 0.00000 -2.18747 0.00000 0.00000 -1.00000 0.00000
1618942414559119 -0.97448 -0.22447 -0.00000 -57.94824 -0.22447 0.97448 0.00000 -1.64280 0.00000 0.00000 -1.00000 0.00000
1618942414809122 -0.97823 -0.20752 -0.00000 -59.60504 -0.20752 0.97823 0.00000 -0.65795 0.00000 0.00000 -1.00000 0.00000
1618942415059133 -0.98272 -0.18507 -0.00000 -61.14628 -0.18507 0.98272 0.00000 0.68193 0.00000 0.00000 -1.00000 0.00000
1618942415309128 -0.98773 -0.15620 -0.00000 -62.55585 -0.15620 0.98773 0.00000 2.44772 0.00000 0.00000 -1.00000 0.00000
1618942415559134 -0.99274 -0.12027 -0.00000 -63.77309 -0.12027 0.99274 0.00000 4.69861 0.00000 0.00000 -1.00000 0.00000
1618942415809137 -0.99704 -0.07689 -0.00000 -64.74088 -0.07689 0.99704 0.00000 7.46909 0.00000 0.00000 -1.00000 0.00000
1618942416058517 -0.99979 -0.02039 -0.00000 -65.35768 -0.02039 0.99979 0.00000 11.10780 0.00000 0.00000 -1.00000 0.00000
1618942416308515 -0.99872 0.05050 0.00000 -65.49080 0.05050 0.99872 0.00000 15.69865 0.00000 0.00000 -1.00000 0.00000
1618942416558522 -0.99078 0.13549 0.00000 -64.96398 0.13549 0.99078 0.00000 21.21773 0.00000 0.00000 -1.00000 0.00000
1618942416808523 -0.97316 0.23013 0.00000 -63.65446 0.23013 0.97316 0.00000 27.34101 0.00000 0.00000 -1.00000 0.00000
1618942417058525 -0.94259 0.33394 0.00000 -61.32323 0.33394 0.94259 0.00000 34.05610 0.00000 0.00000 -1.00000 0.00000
1618942417308530 -0.89943 0.43707 0.00000 -58.10174 0.43707 0.89943 0.00000 40.67473 0.00000 0.00000 -1.00000 0.00000
1618942417558537 -0.84392 0.53647 0.00000 -54.06236 0.53647 0.84392 0.00000 46.97882 0.00000 0.00000 -1.00000 0.00000
1618942417807909 -0.77878 0.62730 0.00000 -49.42079 0.62730 0.77878 0.00000 52.70815 0.00000 0.00000 -1.00000 0.00000
1618942418057915 -0.70486 0.70935 0.00000 -44.24006 0.70935 0.70486 0.00000 57.81747 0.00000 0.00000 -1.00000 0.00000
1618942418307919 -0.62433 0.78116 0.00000 -38.65505 0.78116 0.62433 0.00000 62.21354 0.00000 0.00000 -1.00000 0.00000
1618942418558548 -0.54045 0.84137 0.00000 -32.92041 0.84137 0.54045 0.00000 65.83399 0.00000 0.00000 -1.00000 0.00000
1618942418808552 -0.46029 0.88777 0.00000 -27.55376 0.88777 0.46029 0.00000 68.55885 0.00000 0.00000 -1.00000 0.00000
1618942419059181 -0.38363 0.92349 0.00000 -22.51841 0.92349 0.38363 0.00000 70.61101 0.00000 0.00000 -1.00000 0.00000
1618942419309182 -0.31819 0.94803 0.00000 -18.38159 0.94803 0.31819 0.00000 71.96315 0.00000 0.00000 -1.00000 0.00000
1618942419559187 -0.27198 0.96230 0.00000 -15.74205 0.96230 0.27198 0.00000 72.73032 0.00000 0.00000 -1.00000 0.00000
1618942419809823 -0.24459 0.96963 0.00000 -14.55228 0.96963 0.24459 0.00000 73.13392 0.00000 0.00000 -1.00000 0.00000
