1606847188172283 1.00000 0.00000 0.00000 -0.00000 0.00000 -1.00000 0.00000 0.00000 0.00000 -0.00000 -1.00000 0.00000
1606847188422286 1.00000 -0.00057 0.00000 0.02591 -0.00057 -1.00000 0.00000 0.04469 -0.00000 -0.00000 -1.00000 0.00000
1606847188672312 1.00000 -0.00242 0.00000 0.04135 -0.00242 -1.00000 0.00000 0.07783 -0.00000 -0.00000 -1.00000 0.00000
1606847188922300 1.00000 -0.00131 0.00000 0.02775 -0.00131 -1.00000 0.00000 0.06994 -0.00000 -0.00000 -1.00000 0.00000
1606847189171678 1.00000 0.00020 0.00000 0.02715 0.00020 -1.00000 0.00000 0.01121 0.00000 -0.00000 -1.00000 0.00000
1606847189422302 1.00000 -0.00251 0.00000 0.02896 -0.00251 -1.00000 0.00000 0.06304 -0.00000 -0.00000 -1.00000 0.00000
1606847189672940 1.00000 -0.00033 0.00000 0.01350 -0.00033 -1.00000 0.00000 0.09728 -0.00000 -0.00000 -1.00000 0.00000
1606847189923557 1.00000 0.00086 0.00000 0.01451 0.00086 -1.00000 0.00000 0.08431 0.00000 -0.00000 -1.00000 0.00000
1606847190174189 1.00000 -0.00102 0.00000 0.04449 -0.00102 -1.00000 0.00000 0.11518 -0.00000 -0.00000 -1.00000 0.00000
1606847190424187 1.00000 0.00012 0.00000 0.00327 0.00012 -1.00000 0.00000 0.03182 0.00000 -0.00000 -1.00000 0.00000
1606847190674196 1.00000 -0.00064 0.00000 -0.00072 -0.00064 -1.00000 0.00000 0.03589 -0.00000 -0.00000 -1.00000 0.00000
1606847190924199 1.00000 -0.00017 0.00000 0.03397 -0.00017 -1.00000 0.00000 0.07173 -0.00000 -0.00000 -1.00000 0.00000
1606847191174207 1.00000 -0.00244 0.00000 0.02876 -0.00244 -1.00000 0.00000 0.06913 -0.00000 -0.00000 -1.00000 0.00000
1606847191423574 1.00000 -0.00009 0.00000 0.03212 -0.00009 -1.00000 0.00000 -0.00647 -0.00000 -0.00000 -1.00000 -0.00000
1606847191673587 1.00000 -0.00118 0.00000 0.01540 -0.00118 -1.00000 0.00000 0.04457 -0.00000 -0.00000 -1.00000 0.00000
1606847191923589 1.00000 -0.00083 -0.00000 0.03463 -0.00083 -1.00000 0.00000 0.06976 -0.00000 -0.00000 -1.00000 0.00000
1606847192173595 0.99999 -0.00347 0.00000 0.04676 -0.00347 -0.99999 0.00000 0.06728 -0.00000 -0.00000 -1.00000 0.00000
1606847192423589 0.99998 -0.00604 0.00000 0.03227 -0.00604 -0.99998 0.00000 0.06740 -0.00000 -0.00000 -1.00000 0.00000
1606847192672974 1.00000 -0.00050 0.00000 0.00093 -0.00050 -1.00000 0.00000 0.03578 -0.00000 -0.00000 -1.00000 0.00000
1606847192922976 1.00000 0.00138 0.00000 -0.04689 0.00138 -1.00000 0.00000 0.06700 0.00000 -0.00000 -1.00000 0.00000
1606847193172976 1.00000 0.00057 0.00000 -0.06182 0.00057 -1.00000 0.00000 0.07952 0.00000 -0.00000 -1.00000 0.00000
1606847193422364 1.00000 -0.00191 0.00000 -0.12914 -0.00191 -1.00000 0.00000 0.05213 -0.00000 -0.00000 -1.00000 0.00000
1606847193672363 1.00000 -0.00213 0.00000 -0.18185 -0.00213 -1.00000 0.00000 0.06627 -0.00000 -0.00000 -1.00000 0.00000
1606847193922365 0.99994 -0.01051 0.00000 -0.33198 -0.01051 -0.99994 0.00000 0.14729 -0.00000 -0.00000 -1.00000 0.00000
1606847194171742 0.99987 -0.01582 -0.00000 -0.44163 -0.01582 -0.99987 0.00000 0.07690 -0.00000 -0.00000 -1.00000 0.00000
1606847194421746 0.99982 -0.01891 0.00000 -0.75125 -0.01891 -0.99982 0.00000 0.07985 -0.00000 -0.00000 -1.00000 0.00000
1606847194672379 0.99912 -0.04204 0.00000 -1.10238 -0.04204 -0.99912 0.00000 0.11521 -0.00000 -0.00000 -1.00000 0.00000
1606847194923005 0.99842 -0.05619 0.00000 -1.54968 -0.05619 -0.99842 0.00000 0.05742 -0.00000 -0.00000 -1.00000 0.00000
1606847195174257 0.99746 -0.07120 0.00000 -2.01275 -0.07120 -0.99746 0.00000 0.13817 -0.00000 -0.00000 -1.00000 0.00000
1606847195424884 0.99598 -0.08958 -0.00000 -2.55956 -0.08958 -0.99598 0.00000 0.08663 -0.00000 -0.00000 -1.00000 0.00000
1606847195674886 0.99384 -0.11078 0.00000 -3.22772 -0.11078 -0.99384 0.00000 0.09925 -0.00000 -0.00000 -1.00000 0.00000
1606847195924889 0.99224 -0.12430 -0.00000 -3.85242 -0.12430 -0.99224 0.00000 0.19112 -0.00000 -0.00000 -1.00000 0.00000
1606847196174892 0.99065 -0.13641 0.00000 -4.56326 -0.13641 -0.99065 0.00000 0.22638 -0.00000 -0.00000 -1.00000 0.00000
1606847196424896 0.98967 -0.14334 0.00000 -5.32924 -0.14334 -0.98967 0.00000 0.26863 -0.00000 -0.00000 -1.00000 0.00000
1606847196674276 0.98966 -0.14345 0.00000 -6.20431 -0.14345 -0.98966 0.00000 0.29698 -0.00000 -0.00000 -1.00000 0.00000
1606847196923656 0.99039 -0.13831 0.00000 -7.01660 -0.13831 -0.99039 0.00000 0.03015 -0.00000 -0.00000 -1.00000 0.00000
1606847197173666 0.99125 -0.13202 0.00000 -7.99365 -0.13202 -0.99125 0.00000 -0.00425 -0.00000 -0.00000 -1.00000 -0.00000
1606847197423659 0.99171 -0.12851 0.00000 -8.99539 -0.12851 -0.99171 0.00000 -0.02695 -0.00000 -0.00000 -1.00000 -0.00000
1606847197673036 0.99351 -0.11377 -0.00000 -10.01319 -0.11377 -0.99351 0.00000 -0.12166 -0.00000 -0.00000 -1.00000 -0.00000
1606847197923043 0.99434 -0.10624 -0.00000 -11.07422 -0.10624 -0.99434 0.00000 -0.10280 -0.00000 -0.00000 -1.00000 -0.00000
1606847198173043 0.99468 -0.10298 0.00000 -12.08368 -0.10298 -0.99468 0.00000 -0.13493 -0.00000 -0.00000 -1.00000 -0.00000
1606847198423049 0.99523 -0.09753 -0.00000 -13.23825 -0.09753 -0.99523 0.00000 -0.28286 -0.00000 -0.00000 -1.00000 -0.00000
1606847198672427 0.99628 -0.08618 0.00000 -14.39794 -0.08618 -0.99628 0.00000 -0.46565 -0.00000 -0.00000 -1.00000 -0.00000
1606847198922431 0.99707 -0.07645 0.00000 -15.58666 -0.07645 -0.99707 0.00000 -0.58441 -0.00000 -0.00000 -1.00000 -0.00000
1606847199172434 0.99750 -0.07061 0.00000 -16.84774 -0.07061 -0.99750 0.00000 -0.70457 -0.00000 -0.00000 -1.00000 -0.00000
1606847199422442 0.99791 -0.06456 0.00000 -18.09768 -0.06456 -0.99791 0.00000 -0.74546 -0.00000 -0.00000 -1.00000 -0.00000
1606847199671818 0.99821 -0.05977 0.00000 -19.35798 -0.05977 -0.99821 0.00000 -0.92740 -0.00000 -0.00000 -1.00000 -0.00000
1606847199921818 0.99863 -0.05240 0.00000 -20.80231 -0.05240 -0.99863 0.00000 -1.07385 -0.00000 -0.00000 -1.00000 -0.00000
1606847200172451 0.99863 -0.05228 -0.00000 -22.13503 -0.05228 -0.99863 0.00000 -1.10902 -0.00000 -0.00000 -1.00000 -0.00000
1606847200423077 0.99901 -0.04438 0.00000 -23.60576 -0.04438 -0.99901 0.00000 -1.27247 -0.00000 -0.00000 -1.00000 -0.00000
1606847200674331 0.99892 -0.04653 0.00000 -25.05453 -0.04653 -0.99892 0.00000 -1.25373 -0.00000 -0.00000 -1.00000 -0.00000
1606847200924957 0.99894 -0.04595 -0.00000 -26.58309 -0.04595 -0.99894 0.00000 -1.32146 -0.00000 -0.00000 -1.00000 -0.00000
1606847201174968 0.99922 -0.03945 0.00000 -28.12476 -0.03945 -0.99922 0.00000 -1.50990 -0.00000 -0.00000 -1.00000 -0.00000
1606847201424962 0.99934 -0.03638 0.00000 -29.72181 -0.03638 -0.99934 0.00000 -1.63256 -0.00000 -0.00000 -1.00000 -0.00000
1606847201674969 0.99939 -0.03495 0.00000 -31.36528 -0.03495 -0.99939 0.00000 -1.65694 -0.00000 -0.00000 -1.00000 -0.00000
1606847201924349 0.99967 -0.02577 0.00000 -32.84292 -0.02577 -0.99967 0.00000 -2.10511 -0.00000 -0.00000 -1.00000 -0.00000
1606847202174354 0.99984 -0.01784 0.00000 -34.60642 -0.01784 -0.99984 0.00000 -2.30648 -0.00000 -0.00000 -1.00000 -0.00000
1606847202424350 0.99994 -0.01076 0.00000 -36.17391 -0.01076 -0.99994 0.00000 -2.52500 -0.00000 -0.00000 -1.00000 -0.00000
1606847202673738 1.00000 0.00071 -0.00000 -37.72860 0.00071 -1.00000 0.00000 -2.96507 0.00000 -0.00000 -1.00000 -0.00000
1606847202923742 0.99991 0.01373 0.00000 -39.35896 0.01373 -0.99991 0.00000 -3.47985 0.00000 -0.00000 -1.00000 -0.00000
1606847203174366 0.99982 0.01874 0.00000 -41.11881 0.01874 -0.99982 0.00000 -3.70100 0.00000 -0.00000 -1.00000 -0.00000
1606847203423743 0.99946 0.03292 0.00000 -42.62387 0.03292 -0.99946 0.00000 -4.40915 0.00000 -0.00000 -1.00000 -0.00000
1606847203673747 0.99919 0.04021 0.00000 -44.30640 0.04021 -0.99919 0.00000 -4.71432 0.00000 -0.00000 -1.00000 -0.00000
1606847203923752 0.99886 0.04784 -0.00000 -46.02768 0.04784 -0.99886 0.00000 -5.07483 0.00000 -0.00000 -1.00000 -0.00000
1606847204173754 0.99877 0.04951 0.00000 -47.75251 0.04951 -0.99877 0.00000 -5.12417 0.00000 -0.00000 -1.00000 -0.00000
1606847204423755 0.99859 0.05305 -0.00000 -49.46653 0.05305 -0.99859 0.00000 -5.37023 0.00000 -0.00000 -1.00000 -0.00000
1606847204673139 0.99859 0.05316 -0.00000 -51.23934 0.05316 -0.99859 0.00000 -5.38835 0.00000 -0.00000 -1.00000 -0.00000
1606847204923144 0.99878 0.04947 -0.00000 -53.05851 0.04947 -0.99878 0.00000 -5.21906 0.00000 -0.00000 -1.00000 -0.00000
1606847205172559 0.99883 0.04842 0.00000 -54.77170 0.04842 -0.99883 0.00000 -5.19300 0.00000 -0.00000 -1.00000 -0.00000
1606847205422524 0.99859 0.05301 0.00000 -56.63265 0.05301 -0.99859 0.00000 -5.47224 0.00000 -0.00000 -1.00000 -0.00000
1606847205671900 0.99826 0.05896 0.00000 -58.35041 0.05896 -0.99826 0.00000 -5.87887 0.00000 -0.00000 -1.00000 -0.00000
1606847205921906 0.99843 0.05606 0.00000 -60.25817 0.05606 -0.99843 0.00000 -5.71461 0.00000 -0.00000 -1.00000 -0.00000
1606847206172535 0.99856 0.05360 -0.00000 -62.11783 0.05360 -0.99856 0.00000 -5.56125 0.00000 -0.00000 -1.00000 -0.00000
1606847206423158 0.99828 0.05863 0.00000 -63.85077 0.05863 -0.99828 0.00000 -5.76594 0.00000 -0.00000 -1.00000 -0.00000
1606847206673789 0.99823 0.05952 0.00000 -65.75705 0.05952 -0.99823 0.00000 -5.93615 0.00000 -0.00000 -1.00000 -0.00000
1606847206923799 0.99824 0.05922 -0.00000 -67.57400 0.05922 -0.99824 0.00000 -5.97193 0.00000 -0.00000 -1.00000 -0.00000
1606847207173793 0.99852 0.05434 0.00000 -69.39629 0.05434 -0.99852 0.00000 -5.63628 0.00000 -0.00000 -1.00000 -0.00000
1606847207423800 0.99880 0.04890 -0.00000 -71.23021 0.04890 -0.99880 0.00000 -5.18344 0.00000 -0.00000 -1.00000 -0.00000
1606847207673800 0.99896 0.04561 0.00000 -73.06686 0.04561 -0.99896 0.00000 -4.90439 0.00000 -0.00000 -1.00000 -0.00000
1606847207923187 0.99921 0.03970 0.00000 -74.91246 0.03970 -0.99921 0.00000 -4.60942 0.00000 -0.00000 -1.00000 -0.00000
1606847208172563 0.99906 0.04340 0.00000 -76.65208 0.04340 -0.99906 0.00000 -4.85564 0.00000 -0.00000 -1.00000 -0.00000
1606847208422559 0.99941 0.03430 0.00000 -78.51635 0.03430 -0.99941 0.00000 -4.30860 0.00000 -0.00000 -1.00000 -0.00000
1606847208672565 0.99959 0.02854 0.00000 -80.25402 0.02854 -0.99959 0.00000 -3.88502 0.00000 -0.00000 -1.00000 -0.00000
1606847208921947 0.99992 0.01299 0.00000 -82.06569 0.01299 -0.99992 0.00000 -2.62753 0.00000 -0.00000 -1.00000 -0.00000
1606847209171947 1.00000 0.00100 0.00000 -83.87749 0.00100 -1.00000 0.00000 -1.52167 0.00000 -0.00000 -1.00000 -0.00000
1606847209422576 0.99977 -0.02146 -0.00000 -85.73582 -0.02146 -0.99977 0.00000 0.19003 -0.00000 -0.00000 -1.00000 0.00000
1606847209673207 0.99866 -0.05178 0.00000 -87.36420 -0.05178 -0.99866 0.00000 2.86352 -0.00000 -0.00000 -1.00000 0.00000
1606847209923212 0.99630 -0.08596 0.00000 -88.94923 -0.08596 -0.99630 0.00000 5.79227 -0.00000 -0.00000 -1.00000 0.00000
1606847210173839 0.99093 -0.13436 0.00000 -90.32990 -0.13436 -0.99093 0.00000 10.14090 -0.00000 -0.00000 -1.00000 0.00000
1606847210423213 0.98486 -0.17334 0.00000 -91.55140 -0.17334 -0.98486 0.00000 13.62563 -0.00000 -0.00000 -1.00000 0.00000
1606847210673180 0.97367 -0.22798 -0.00000 -92.47185 -0.22798 -0.97367 0.00000 18.89556 -0.00000 -0.00000 -1.00000 0.00000
1606847210922595 0.96257 -0.27103 0.00000 -93.20953 -0.27103 -0.96257 0.00000 22.87058 -0.00000 -0.00000 -1.00000 0.00000
1606847211172606 0.94839 -0.31710 0.00000 -93.88926 -0.31710 -0.94839 0.00000 27.29532 -0.00000 -0.00000 -1.00000 0.00000
1606847211422601 0.92705 -0.37494 0.00000 -93.83571 -0.37494 -0.92705 0.00000 33.07421 -0.00000 -0.00000 -1.00000 0.00000
1606847211672610 0.90586 -0.42357 0.00000 -93.70802 -0.42357 -0.90586 0.00000 37.98315 -0.00000 -0.00000 -1.00000 0.00000
1606847211921987 0.88536 -0.46491 -0.00000 -93.74278 -0.46491 -0.88536 0.00000 42.28364 -0.00000 -0.00000 -1.00000 0.00000
1606847212171993 0.85590 -0.51714 -0.00000 -92.86736 -0.51714 -0.85590 0.00000 47.87222 -0.00000 -0.00000 -1.00000 0.00000
1606847212421998 0.81733 -0.57618 0.00000 -91.15746 -0.57618 -0.81733 0.00000 54.28804 -0.00000 -0.00000 -1.00000 0.00000
1606847212673247 0.77077 -0.63711 0.00000 -88.59122 -0.63711 -0.77077 0.00000 61.12502 -0.00000 -0.00000 -1.00000 0.00000
1606847212923250 0.72611 -0.68758 0.00000 -86.07385 -0.68758 -0.72611 0.00000 66.88382 -0.00000 -0.00000 -1.00000 0.00000
1606847213173921 0.67329 -0.73938 0.00000 -82.69766 -0.73938 -0.67329 0.00000 73.03360 -0.00000 -0.00000 -1.00000 0.00000
1606847213423878 0.61490 -0.78860 -0.00000 -78.71841 -0.78860 -0.61490 0.00000 79.29094 -0.00000 -0.00000 -1.00000 0.00000
1606847213673885 0.55228 -0.83366 0.00000 -74.18608 -0.83366 -0.55228 0.00000 85.06061 -0.00000 -0.00000 -1.00000 0.00000
1606847213923264 0.49561 -0.86855 0.00000 -70.12827 -0.86855 -0.49561 0.00000 89.57245 -0.00000 -0.00000 -1.00000 0.00000
1606847214173268 0.44478 -0.89564 0.00000 -66.77856 -0.89564 -0.44478 0.00000 93.57768 -0.00000 -0.00000 -1.00000 0.00000
1606847214422645 0.40305 -0.91518 0.00000 -64.27022 -0.91518 -0.40305 0.00000 96.51945 -0.00000 -0.00000 -1.00000 0.00000
1606847214672651 0.37130 -0.92851 -0.00000 -62.79513 -0.92851 -0.37130 0.00000 98.60722 -0.00000 -0.00000 -1.00000 0.00000
1606847214922655 0.36421 -0.93132 0.00000 -63.97720 -0.93132 -0.36421 0.00000 99.09106 -0.00000 -0.00000 -1.00000 0.00000
1606847215172653 0.36351 -0.93159 -0.00000 -65.87698 -0.93159 -0.36351 0.00000 99.12119 -0.00000 -0.00000 -1.00000 0.00000
1606847215422660 0.36443 -0.93123 0.00000 -67.95220 -0.93123 -0.36443 0.00000 99.17153 -0.00000 -0.00000 -1.00000 0.00000
1606847215672038 0.36984 -0.92909 0.00000 -70.43351 -0.92909 -0.36984 0.00000 98.64576 -0.00000 -0.00000 -1.00000 0.00000
1606847215922039 0.38337 -0.92360 0.00000 -73.88675 -0.92360 -0.38337 0.00000 97.70809 -0.00000 -0.00000 -1.00000 0.00000
1606847216172672 0.39001 -0.92081 0.00000 -76.58015 -0.92081 -0.39001 0.00000 96.98745 -0.00000 -0.00000 -1.00000 0.00000
1606847216423295 0.40281 -0.91529 0.00000 -79.91622 -0.91529 -0.40281 0.00000 95.92144 -0.00000 -0.00000 -1.00000 0.00000
1606847216673923 0.41289 -0.91078 0.00000 -82.98534 -0.91078 -0.41289 0.00000 95.06278 -0.00000 -0.00000 -1.00000 0.00000
1606847216924556 0.42506 -0.90517 0.00000 -86.21817 -0.90517 -0.42506 0.00000 93.85839 -0.00000 -0.00000 -1.00000 0.00000
1606847217175185 0.43030 -0.90268 0.00000 -88.77361 -0.90268 -0.43030 0.00000 93.39227 -0.00000 -0.00000 -1.00000 0.00000
1606847217425198 0.44793 -0.89407 0.00000 -92.56666 -0.89407 -0.44793 0.00000 91.54025 -0.00000 -0.00000 -1.00000 0.00000
1606847217674565 0.47311 -0.88101 0.00000 -97.09484 -0.88101 -0.47311 0.00000 88.88403 -0.00000 -0.00000 -1.00000 0.00000
1606847217924568 0.49361 -0.86969 -0.00000 -101.12085 -0.86969 -0.49361 0.00000 86.48833 -0.00000 -0.00000 -1.00000 0.00000
1606847218174575 0.51333 -0.85819 -0.00000 -105.01662 -0.85819 -0.51333 0.00000 84.10278 -0.00000 -0.00000 -1.00000 0.00000
1606847218424575 0.52396 -0.85175 0.00000 -108.05089 -0.85175 -0.52396 0.00000 82.86804 -0.00000 -0.00000 -1.00000 0.00000
1606847218674585 0.54066 -0.84124 0.00000 -111.48637 -0.84124 -0.54066 0.00000 80.62034 -0.00000 -0.00000 -1.00000 0.00000
1606847218923964 0.55492 -0.83190 0.00000 -114.74199 -0.83190 -0.55492 0.00000 78.67540 -0.00000 -0.00000 -1.00000 0.00000
1606847219173964 0.56724 -0.82355 -0.00000 -117.86506 -0.82355 -0.56724 0.00000 76.94810 -0.00000 -0.00000 -1.00000 0.00000
1606847219424593 0.58205 -0.81315 0.00000 -120.93300 -0.81315 -0.58205 0.00000 74.84116 -0.00000 -0.00000 -1.00000 0.00000
1606847219673975 0.59173 -0.80614 0.00000 -123.83716 -0.80614 -0.59173 0.00000 73.34838 -0.00000 -0.00000 -1.00000 0.00000
1606847219923350 0.61012 -0.79231 0.00000 -127.26600 -0.79231 -0.61012 0.00000 70.36835 -0.00000 -0.00000 -1.00000 0.00000
1606847220173352 0.62064 -0.78409 0.00000 -130.06755 -0.78409 -0.62064 0.00000 68.67146 -0.00000 -0.00000 -1.00000 0.00000
1606847220423352 0.62846 -0.77784 -0.00000 -132.54133 -0.77784 -0.62846 0.00000 67.33825 -0.00000 -0.00000 -1.00000 0.00000
1606847220672730 0.64266 -0.76615 0.00000 -135.54314 -0.76615 -0.64266 0.00000 64.93607 -0.00000 -0.00000 -1.00000 0.00000
1606847220922735 0.64891 -0.76086 0.00000 -137.76450 -0.76086 -0.64891 0.00000 63.79900 -0.00000 -0.00000 -1.00000 0.00000
1606847221172120 0.66252 -0.74904 0.00000 -140.45703 -0.74904 -0.66252 0.00000 61.25133 -0.00000 -0.00000 -1.00000 0.00000
1606847221422120 0.68076 -0.73251 0.00000 -143.70667 -0.73251 -0.68076 0.00000 57.71036 -0.00000 -0.00000 -1.00000 0.00000
1606847221672750 0.70245 -0.71173 0.00000 -146.93446 -0.71173 -0.70245 0.00000 53.41292 -0.00000 -0.00000 -1.00000 0.00000
1606847221923377 0.73054 -0.68287 0.00000 -150.40358 -0.68287 -0.73054 0.00000 47.44552 -0.00000 -0.00000 -1.00000 0.00000
1606847222174009 0.76955 -0.63859 -0.00000 -154.38804 -0.63859 -0.76955 0.00000 38.58681 -0.00000 -0.00000 -1.00000 0.00000
1606847222424011 0.81424 -0.58053 0.00000 -158.20085 -0.58053 -0.81424 0.00000 27.10773 -0.00000 -0.00000 -1.00000 0.00000
1606847222674012 0.86327 -0.50474 0.00000 -161.19165 -0.50474 -0.86327 0.00000 12.77682 -0.00000 -0.00000 -1.00000 0.00000
1606847222924015 0.91060 -0.41329 0.00000 -162.99589 -0.41329 -0.91060 0.00000 -3.98532 -0.00000 -0.00000 -1.00000 -0.00000
1606847223174019 0.95207 -0.30587 0.00000 -162.61524 -0.30587 -0.95207 0.00000 -22.61282 -0.00000 -0.00000 -1.00000 -0.00000
1606847223424020 0.98367 -0.18000 0.00000 -159.35022 -0.18000 -0.98367 0.00000 -43.49305 -0.00000 -0.00000 -1.00000 -0.00000
1606847223674025 0.99911 -0.04225 0.00000 -152.79956 -0.04225 -0.99911 0.00000 -65.08093 -0.00000 -0.00000 -1.00000 -0.00000
1606847223924026 0.99419 0.10766 -0.00000 -142.35570 0.10766 -0.99419 0.00000 -87.18958 0.00000 -0.00000 -1.00000 -0.00000
1606847224174029 0.96146 0.27496 -0.00000 -126.44530 0.27496 -0.96146 0.00000 -110.00793 0.00000 -0.00000 -1.00000 -0.00000
1606847224424035 0.90300 0.42963 0.00000 -107.43814 0.42963 -0.90300 0.00000 -129.36141 0.00000 -0.00000 -1.00000 -0.00000
1606847224674036 0.81429 0.58045 0.00000 -84.03485 0.58045 -0.81429 0.00000 -146.06588 0.00000 -0.00000 -1.00000 -0.00000
1606847224924048 0.70170 0.71247 0.00000 -58.58076 0.71247 -0.70170 0.00000 -158.35465 0.00000 -0.00000 -1.00000 -0.00000
1606847225174042 0.56378 0.82592 0.00000 -30.31327 0.82592 -0.56378 0.00000 -166.23218 0.00000 -0.00000 -1.00000 -0.00000
1606847225424048 0.41073 0.91176 0.00000 -1.57246 0.91176 -0.41073 0.00000 -168.95850 0.00000 -0.00000 -1.00000 -0.00000
1606847225674051 0.24668 0.96910 0.00000 26.87577 0.96910 -0.24668 0.00000 -166.62457 0.00000 -0.00000 -1.00000 -0.00000
1606847225924057 0.08152 0.99667 0.00000 53.46930 0.99667 -0.08152 0.00000 -159.76358 0.00000 -0.00000 -1.00000 -0.00000
1606847226174061 -0.08398 0.99647 0.00000 78.21217 0.99647 0.08398 0.00000 -148.72592 0.00000 0.00000 -1.00000 -0.00000
1606847226424063 -0.24508 0.96950 0.00000 100.57300 0.96950 0.24508 0.00000 -134.07745 0.00000 0.00000 -1.00000 -0.00000
1606847226674073 -0.40318 0.91512 -0.00000 120.50834 0.91512 0.40318 0.00000 -115.25762 0.00000 0.00000 -1.00000 -0.00000
1606847226923444 -0.54877 0.83598 0.00000 136.87682 0.83598 0.54877 0.00000 -93.80452 0.00000 0.00000 -1.00000 -0.00000
1606847227174077 -0.65781 0.75319 0.00000 147.29214 0.75319 0.65781 0.00000 -74.21159 0.00000 0.00000 -1.00000 -0.00000
1606847227424076 -0.75603 0.65454 0.00000 155.07597 0.65454 0.75603 0.00000 -53.01086 0.00000 0.00000 -1.00000 -0.00000
1606847227674077 -0.82541 0.56453 0.00000 158.72585 0.56453 0.82541 0.00000 -35.09390 0.00000 0.00000 -1.00000 -0.00000
1606847227924084 -0.87328 0.48721 -0.00000 159.92099 0.48721 0.87328 0.00000 -20.49367 0.00000 0.00000 -1.00000 -0.00000
1606847228174087 -0.89929 0.43735 0.00000 159.49120 0.43735 0.89929 0.00000 -11.61146 0.00000 0.00000 -1.00000 -0.00000
1606847228424091 -0.91292 0.40813 0.00000 158.55090 0.40813 0.91292 0.00000 -6.24824 0.00000 0.00000 -1.00000 -0.00000
1606847228674092 -0.92452 0.38114 0.00000 157.26933 0.38114 0.92452 0.00000 -1.62563 0.00000 0.00000 -1.00000 -0.00000
1606847228924096 -0.92908 0.36989 0.00000 155.79910 0.36989 0.92908 0.00000 0.28893 0.00000 0.00000 -1.00000 0.00000
1606847229174149 -0.93068 0.36585 0.00000 154.33230 0.36585 0.93068 0.00000 0.96180 0.00000 0.00000 -1.00000 0.00000
1606847229424103 -0.92412 0.38211 0.00000 152.74136 0.38211 0.92412 0.00000 -1.69273 0.00000 0.00000 -1.00000 -0.00000
1606847229673820 -0.92275 0.38541 -0.00000 151.23263 0.38541 0.92275 0.00000 -2.16367 0.00000 0.00000 -1.00000 -0.00000
1606847229923489 -0.91155 0.41119 0.00000 149.37015 0.41119 0.91155 0.00000 -6.58088 0.00000 0.00000 -1.00000 -0.00000
1606847230173491 -0.90113 0.43354 0.00000 147.52776 0.43354 0.90113 0.00000 -10.23192 0.00000 0.00000 -1.00000 -0.00000
1606847230423492 -0.87930 0.47627 0.00000 145.12043 0.47627 0.87930 0.00000 -17.37364 0.00000 0.00000 -1.00000 -0.00000
1606847230672869 -0.85537 0.51802 0.00000 142.28997 0.51802 0.85537 0.00000 -24.33814 0.00000 0.00000 -1.00000 -0.00000
1606847230922872 -0.82425 0.56623 -0.00000 138.92298 0.56623 0.82425 0.00000 -32.45298 0.00000 0.00000 -1.00000 -0.00000
1606847231172259 -0.78555 0.61879 -0.00000 134.74618 0.61879 0.78555 0.00000 -41.46130 0.00000 0.00000 -1.00000 -0.00000
1606847231422262 -0.74267 0.66965 0.00000 129.92829 0.66965 0.74267 0.00000 -50.35863 0.00000 0.00000 -1.00000 -0.00000
1606847231672889 -0.68970 0.72410 0.00000 123.82796 0.72410 0.68970 0.00000 -60.08445 0.00000 0.00000 -1.00000 -0.00000
1606847231923516 -0.63538 0.77220 0.00000 117.27143 0.77220 0.63538 0.00000 -69.02400 0.00000 0.00000 -1.00000 -0.00000
1606847232173517 -0.57768 0.81627 0.00000 109.96952 0.81627 0.57768 0.00000 -77.33014 0.00000 0.00000 -1.00000 -0.00000
1606847232423521 -0.51495 0.85722 -0.00000 102.08950 0.85722 0.51495 0.00000 -85.42703 0.00000 0.00000 -1.00000 -0.00000
1606847232673521 -0.46302 0.88635 0.00000 94.93573 0.88635 0.46302 0.00000 -91.24692 0.00000 0.00000 -1.00000 -0.00000
1606847232923530 -0.42304 0.90611 0.00000 88.78458 0.90611 0.42304 0.00000 -95.38863 0.00000 0.00000 -1.00000 -0.00000
1606847233172911 -0.40084 0.91615 -0.00000 84.55048 0.91615 0.40084 0.00000 -97.58888 0.00000 0.00000 -1.00000 -0.00000
1606847233422910 -0.37997 0.92500 0.00000 80.36772 0.92500 0.37997 0.00000 -99.51116 0.00000 0.00000 -1.00000 -0.00000
1606847233672913 -0.37292 0.92787 0.00000 77.58479 0.92787 0.37292 0.00000 -100.19750 0.00000 0.00000 -1.00000 -0.00000
1606847233922918 -0.35905 0.93332 -0.00000 74.14603 0.93332 0.35905 0.00000 -101.39448 0.00000 0.00000 -1.00000 -0.00000
1606847234172920 -0.36994 0.92906 -0.00000 73.35091 0.92906 0.36994 0.00000 -100.50590 0.00000 0.00000 -1.00000 -0.00000
1606847234422926 -0.37387 0.92748 0.00000 71.73525 0.92748 0.37387 0.00000 -100.33126 0.00000 0.00000 -1.00000 -0.00000
1606847234672311 -0.38370 0.92346 -0.00000 70.80256 0.92346 0.38370 0.00000 -99.63216 0.00000 0.00000 -1.00000 -0.00000
1606847234922307 -0.39822 0.91729 0.00000 70.28926 0.91729 0.39822 0.00000 -98.52026 0.00000 0.00000 -1.00000 -0.00000
1606847235172308 -0.40937 0.91237 0.00000 69.45658 0.91237 0.40937 0.00000 -97.52588 0.00000 0.00000 -1.00000 -0.00000
1606847235422938 -0.42992 0.90287 0.00000 69.61759 0.90287 0.42992 0.00000 -96.02370 0.00000 0.00000 -1.00000 -0.00000
1606847235674192 -0.45507 0.89045 -0.00000 70.26264 0.89045 0.45507 0.00000 -94.14776 0.00000 0.00000 -1.00000 -0.00000
1606847235924818 -0.48841 0.87261 0.00000 71.72209 0.87261 0.48841 0.00000 -91.55884 0.00000 0.00000 -1.00000 -0.00000
1606847236175451 -0.52222 0.85281 0.00000 73.22338 0.85281 0.52222 0.00000 -88.69322 0.00000 0.00000 -1.00000 -0.00000
1606847236426704 -0.55752 0.83016 0.00000 74.96379 0.83016 0.55752 0.00000 -85.44401 0.00000 0.00000 -1.00000 -0.00000
1606847236676707 -0.59613 0.80289 0.00000 76.96935 0.80289 0.59613 0.00000 -81.79807 0.00000 0.00000 -1.00000 -0.00000
1606847236926709 -0.63798 0.77006 0.00000 79.21714 0.77006 0.63798 0.00000 -77.72359 0.00000 0.00000 -1.00000 -0.00000
1606847237176086 -0.69146 0.72242 0.00000 82.83624 0.72242 0.69146 0.00000 -71.94167 0.00000 0.00000 -1.00000 -0.00000
1606847237426090 -0.74027 0.67231 0.00000 85.64292 0.67231 0.74027 0.00000 -65.99338 0.00000 0.00000 -1.00000 -0.00000
1606847237676095 -0.79364 0.60839 -0.00000 88.99524 0.60839 0.79364 0.00000 -58.74025 0.00000 0.00000 -1.00000 -0.00000
1606847237926095 -0.83170 0.55522 0.00000 90.63445 0.55522 0.83170 0.00000 -52.89442 0.00000 0.00000 -1.00000 -0.00000
1606847238176100 -0.86317 0.50491 0.00000 91.74314 0.50491 0.86317 0.00000 -47.45941 0.00000 0.00000 -1.00000 -0.00000
1606847238426105 -0.89481 0.44644 0.00000 92.76428 0.44644 0.89481 0.00000 -41.28106 0.00000 0.00000 -1.00000 -0.00000
1606847238676734 -0.92286 0.38514 -0.00000 93.40749 0.38514 0.92286 0.00000 -34.87645 0.00000 0.00000 -1.00000 -0.00000
1606847238926112 -0.94478 0.32770 0.00000 93.42892 0.32770 0.94478 0.00000 -29.20150 0.00000 0.00000 -1.00000 -0.00000
1606847239176743 -0.96169 0.27414 0.00000 92.83405 0.27414 0.96169 0.00000 -23.93002 0.00000 0.00000 -1.00000 -0.00000
1606847239426743 -0.97375 0.22760 -0.00000 91.82728 0.22760 0.97375 0.00000 -19.48108 0.00000 0.00000 -1.00000 -0.00000
1606847239676124 -0.98531 0.17078 0.00000 90.70786 0.17078 0.98531 0.00000 -14.10650 0.00000 0.00000 -1.00000 -0.00000
1606847239926753 -0.99098 0.13400 0.00000 89.03217 0.13400 0.99098 0.00000 -10.72117 0.00000 0.00000 -1.00000 -0.00000
1606847240176126 -0.99641 0.08466 0.00000 87.49454 0.08466 0.99641 0.00000 -6.36272 0.00000 0.00000 -1.00000 -0.00000
1606847240426140 -0.99845 0.05568 -0.00000 85.46643 0.05568 0.99845 0.00000 -3.84822 0.00000 0.00000 -1.00000 -0.00000
1606847240676135 -0.99991 0.01348 0.00000 83.50680 0.01348 0.99991 0.00000 -0.27115 0.00000 0.00000 -1.00000 -0.00000
1606847240926145 -0.99998 -0.00686 0.00000 81.37431 -0.00686 0.99998 0.00000 1.40741 -0.00000 0.00000 -1.00000 0.00000
1606847241176146 -0.99969 -0.02481 0.00000 79.24278 -0.02481 0.99969 0.00000 2.86101 -0.00000 0.00000 -1.00000 0.00000
1606847241426146 -0.99928 -0.03792 0.00000 77.13653 -0.03792 0.99928 0.00000 3.86925 -0.00000 0.00000 -1.00000 0.00000
1606847241675520 -0.99881 -0.04871 -0.00000 74.96896 -0.04871 0.99881 0.00000 4.55013 -0.00000 0.00000 -1.00000 0.00000
1606847241925529 -0.99851 -0.05451 -0.00000 72.79098 -0.05451 0.99851 0.00000 5.08442 -0.00000 0.00000 -1.00000 0.00000
1606847242175534 -0.99849 -0.05489 0.00000 70.65367 -0.05489 0.99849 0.00000 5.02047 -0.00000 0.00000 -1.00000 0.00000
1606847242425529 -0.99846 -0.05550 0.00000 68.52422 -0.05550 0.99846 0.00000 5.11021 -0.00000 0.00000 -1.00000 0.00000
1606847242675540 -0.99893 -0.04630 -0.00000 66.43905 -0.04630 0.99893 0.00000 4.47106 -0.00000 0.00000 -1.00000 0.00000
1606847242925579 -0.99936 -0.03571 0.00000 64.34896 -0.03571 0.99936 0.00000 3.67482 -0.00000 0.00000 -1.00000 0.00000
1606847243174921 -0.99930 -0.03729 0.00000 62.19652 -0.03729 0.99930 0.00000 3.60491 -0.00000 0.00000 -1.00000 0.00000
1606847243424923 -0.99924 -0.03909 0.00000 60.01674 -0.03909 0.99924 0.00000 3.70049 -0.00000 0.00000 -1.00000 0.00000
1606847243674930 -0.99943 -0.03361 0.00000 57.90159 -0.03361 0.99943 0.00000 3.42927 -0.00000 0.00000 -1.00000 0.00000
1606847243924932 -0.99956 -0.02980 0.00000 55.78371 -0.02980 0.99956 0.00000 3.12626 -0.00000 0.00000 -1.00000 0.00000
1606847244174312 -0.99959 -0.02849 -0.00000 53.62554 -0.02849 0.99959 0.00000 2.93918 -0.00000 0.00000 -1.00000 0.00000
1606847244424310 -0.99960 -0.02838 0.00000 51.62726 -0.02838 0.99960 0.00000 3.00588 -0.00000 0.00000 -1.00000 0.00000
1606847244674318 -0.99975 -0.02235 0.00000 49.55647 -0.02235 0.99975 0.00000 2.63659 -0.00000 0.00000 -1.00000 0.00000
1606847244924319 -0.99977 -0.02125 0.00000 47.46801 -0.02125 0.99977 0.00000 2.53461 -0.00000 0.00000 -1.00000 0.00000
1606847245174359 -0.99990 -0.01404 0.00000 45.42459 -0.01404 0.99990 0.00000 2.13260 -0.00000 0.00000 -1.00000 0.00000
1606847245423701 -0.99995 -0.00988 -0.00000 43.42022 -0.00988 0.99995 0.00000 1.88662 -0.00000 0.00000 -1.00000 0.00000
1606847245674959 -1.00000 -0.00058 -0.00000 41.38599 -0.00058 1.00000 0.00000 1.57078 -0.00000 0.00000 -1.00000 0.00000
1606847245924961 -0.99997 0.00794 0.00000 39.38233 0.00794 0.99997 0.00000 1.12980 0.00000 0.00000 -1.00000 0.00000
1606847246174963 -0.99972 0.02354 0.00000 37.31153 0.02354 0.99972 0.00000 0.54020 0.00000 0.00000 -1.00000 0.00000
1606847246424348 -0.99968 0.02518 0.00000 35.34296 0.02518 0.99968 0.00000 0.42563 0.00000 0.00000 -1.00000 0.00000
1606847246674355 -0.99948 0.03229 0.00000 33.21458 0.03229 0.99948 0.00000 0.13594 0.00000 0.00000 -1.00000 0.00000
1606847246924349 -0.99908 0.04278 0.00000 31.12469 0.04278 0.99908 0.00000 -0.23015 0.00000 0.00000 -1.00000 -0.00000
1606847247174348 -0.99857 0.05339 -0.00000 29.01188 0.05339 0.99857 0.00000 -0.51920 0.00000 0.00000 -1.00000 -0.00000
1606847247423754 -0.99841 0.05639 0.00000 26.97609 0.05639 0.99841 0.00000 -0.76422 0.00000 0.00000 -1.00000 -0.00000
1606847247673732 -0.99800 0.06329 0.00000 24.81381 0.06329 0.99800 0.00000 -0.77379 0.00000 0.00000 -1.00000 -0.00000
1606847247923738 -0.99762 0.06901 -0.00000 22.66711 0.06901 0.99762 0.00000 -1.01916 0.00000 0.00000 -1.00000 -0.00000
1606847248173743 -0.99661 0.08224 0.00000 20.52016 0.08224 0.99661 0.00000 -1.33998 0.00000 0.00000 -1.00000 -0.00000
1606847248423119 -0.99648 0.08388 0.00000 18.40741 0.08388 0.99648 0.00000 -1.47652 0.00000 0.00000 -1.00000 -0.00000
1606847248673120 -0.99572 0.09242 0.00000 16.28743 0.09242 0.99572 0.00000 -1.58651 0.00000 0.00000 -1.00000 -0.00000
1606847248922498 -0.99642 0.08457 0.00000 14.21139 0.08457 0.99642 0.00000 -1.56675 0.00000 0.00000 -1.00000 -0.00000
1606847249172508 -0.99581 0.09141 0.00000 12.09340 0.09141 0.99581 0.00000 -1.72680 0.00000 0.00000 -1.00000 -0.00000
1606847249423151 -0.99576 0.09204 0.00000 9.98803 0.09204 0.99576 0.00000 -1.63006 0.00000 0.00000 -1.00000 -0.00000
1606847249673760 -0.99554 0.09432 0.00000 7.87221 0.09432 0.99554 0.00000 -1.66952 0.00000 0.00000 -1.00000 -0.00000
1606847249923765 -0.99647 0.08399 0.00000 5.78352 0.08399 0.99647 0.00000 -1.70409 0.00000 0.00000 -1.00000 -0.00000
1606847250174393 -0.99648 0.08388 0.00000 3.68039 0.08388 0.99648 0.00000 -1.70654 0.00000 0.00000 -1.00000 -0.00000
1606847250424396 -0.99639 0.08492 -0.00000 1.54668 0.08492 0.99639 0.00000 -1.72456 0.00000 0.00000 -1.00000 -0.00000
1606847250674408 -0.99746 0.07123 -0.00000 -0.48736 0.07123 0.99746 0.00000 -1.67814 0.00000 0.00000 -1.00000 -0.00000
1606847250924400 -0.99796 0.06391 -0.00000 -2.56615 0.06391 0.99796 0.00000 -1.69917 0.00000 0.00000 -1.00000 -0.00000
1606847251174401 -0.99826 0.05898 0.00000 -4.59976 0.05898 0.99826 0.00000 -1.83172 0.00000 0.00000 -1.00000 -0.00000
1606847251424410 -0.99838 0.05689 0.00000 -6.78153 0.05689 0.99838 0.00000 -1.77786 0.00000 0.00000 -1.00000 -0.00000
1606847251674415 -0.99850 0.05480 0.00000 -8.72406 0.05480 0.99850 0.00000 -1.87019 0.00000 0.00000 -1.00000 -0.00000
1606847251923793 -0.99851 0.05449 -0.00000 -10.86482 0.05449 0.99851 0.00000 -1.85062 0.00000 0.00000 -1.00000 -0.00000
1606847252173796 -0.99856 0.05367 0.00000 -12.90628 0.05367 0.99856 0.00000 -1.86327 0.00000 0.00000 -1.00000 -0.00000
1606847252423795 -0.99860 0.05291 0.00000 -14.88345 0.05291 0.99860 0.00000 -1.85354 0.00000 0.00000 -1.00000 -0.00000
1606847252673803 -0.99878 0.04936 -0.00000 -16.96049 0.04936 0.99878 0.00000 -1.88162 0.00000 0.00000 -1.00000 -0.00000
1606847252923187 -0.99925 0.03882 0.00000 -18.99367 0.03882 0.99925 0.00000 -2.33061 0.00000 0.00000 -1.00000 -0.00000
1606847253173192 -0.99946 0.03290 0.00000 -21.07088 0.03290 0.99946 0.00000 -2.43265 0.00000 0.00000 -1.00000 -0.00000
1606847253423191 -0.99941 0.03449 0.00000 -23.19569 0.03449 0.99941 0.00000 -2.30775 0.00000 0.00000 -1.00000 -0.00000
1606847253673191 -0.99936 0.03565 0.00000 -25.31238 0.03565 0.99936 0.00000 -2.29219 0.00000 0.00000 -1.00000 -0.00000
1606847253922569 -0.99973 0.02325 0.00000 -27.19731 0.02325 0.99973 0.00000 -2.70561 0.00000 0.00000 -1.00000 -0.00000
1606847254172573 -0.99974 0.02261 0.00000 -29.34221 0.02261 0.99974 0.00000 -2.57121 0.00000 0.00000 -1.00000 -0.00000
1606847254423201 -0.99978 0.02120 -0.00000 -31.42764 0.02120 0.99978 0.00000 -2.59233 0.00000 0.00000 -1.00000 -0.00000
1606847254673830 -0.99987 0.01633 0.00000 -33.48226 0.01633 0.99987 0.00000 -2.70698 0.00000 0.00000 -1.00000 -0.00000
1606847254924463 -0.99995 0.00965 -0.00000 -35.51167 0.00965 0.99995 0.00000 -3.00881 0.00000 0.00000 -1.00000 -0.00000
1606847255175088 -0.99998 0.00683 0.00000 -37.58474 0.00683 0.99998 0.00000 -3.19506 0.00000 0.00000 -1.00000 -0.00000
1606847255425093 -1.00000 -0.00150 -0.00000 -39.64556 -0.00150 1.00000 0.00000 -3.47235 -0.00000 0.00000 -1.00000 -0.00000
1606847255675096 -1.00000 -0.00302 0.00000 -41.59556 -0.00302 1.00000 0.00000 -3.58549 -0.00000 0.00000 -1.00000 -0.00000
1606847255924473 -0.99994 -0.01098 0.00000 -43.49450 -0.01098 0.99994 0.00000 -4.01001 -0.00000 0.00000 -1.00000 -0.00000
1606847256174475 -0.99992 -0.01242 0.00000 -45.45761 -0.01242 0.99992 0.00000 -4.05020 -0.00000 0.00000 -1.00000 -0.00000
1606847256423854 -0.99984 -0.01802 0.00000 -47.27921 -0.01802 0.99984 0.00000 -4.41782 -0.00000 0.00000 -1.00000 -0.00000
1606847256673856 -0.99981 -0.01924 -0.00000 -49.15136 -0.01924 0.99981 0.00000 -4.42377 -0.00000 0.00000 -1.00000 -0.00000
1606847256923863 -0.99994 -0.01114 0.00000 -50.98887 -0.01114 0.99994 0.00000 -4.13670 -0.00000 0.00000 -1.00000 -0.00000
1606847257173867 -0.99999 0.00366 0.00000 -52.76128 0.00366 0.99999 0.00000 -3.30774 0.00000 0.00000 -1.00000 -0.00000
1606847257423244 -0.99970 0.02460 0.00000 -54.40196 0.02460 0.99970 0.00000 -2.19646 0.00000 0.00000 -1.00000 -0.00000
1606847257673243 -0.99880 0.04891 0.00000 -56.03800 0.04891 0.99880 0.00000 -0.95277 0.00000 0.00000 -1.00000 -0.00000
1606847257922629 -0.99710 0.07611 0.00000 -57.48747 0.07611 0.99710 0.00000 0.59290 0.00000 0.00000 -1.00000 0.00000
1606847258173255 -0.99234 0.12356 0.00000 -58.92714 0.12356 0.99234 0.00000 3.41086 0.00000 0.00000 -1.00000 0.00000
1606847258423261 -0.98540 0.17027 0.00000 -59.98931 0.17027 0.98540 0.00000 6.04182 0.00000 0.00000 -1.00000 0.00000
1606847258673892 -0.97230 0.23373 0.00000 -60.74185 0.23373 0.97230 0.00000 9.82947 0.00000 0.00000 -1.00000 0.00000
1606847258924520 -0.95084 0.30967 0.00000 -60.89212 0.30967 0.95084 0.00000 14.67130 0.00000 0.00000 -1.00000 0.00000
1606847259174521 -0.92249 0.38603 -0.00000 -60.59236 0.38603 0.92249 0.00000 19.63230 0.00000 0.00000 -1.00000 0.00000
1606847259423896 -0.88780 0.46023 0.00000 -59.87994 0.46023 0.88780 0.00000 24.45416 0.00000 0.00000 -1.00000 0.00000
1606847259673897 -0.83927 0.54371 0.00000 -58.33399 0.54371 0.83927 0.00000 30.06849 0.00000 0.00000 -1.00000 0.00000
1606847259923901 -0.77692 0.62961 0.00000 -55.83891 0.62961 0.77692 0.00000 36.03370 0.00000 0.00000 -1.00000 0.00000
1606847260173288 -0.70689 0.70733 0.00000 -52.80261 0.70733 0.70689 0.00000 41.68531 0.00000 0.00000 -1.00000 0.00000
1606847260423289 -0.62541 0.78029 0.00000 -48.94671 0.78029 0.62541 0.00000 47.16095 0.00000 0.00000 -1.00000 0.00000
1606847260672663 -0.53973 0.84184 0.00000 -44.73464 0.84184 0.53973 0.00000 51.86384 0.00000 0.00000 -1.00000 0.00000
1606847260922672 -0.45065 0.89270 0.00000 -40.18702 0.89270 0.45065 0.00000 56.20878 0.00000 0.00000 -1.00000 0.00000
1606847261172708 -0.36123 0.93248 0.00000 -35.52680 0.93248 0.36123 0.00000 59.81612 0.00000 0.00000 -1.00000 0.00000
1606847261423304 -0.26304 0.96479 0.00000 -30.29908 0.96479 0.26304 0.00000 63.28321 0.00000 0.00000 -1.00000 0.00000
1606847261673300 -0.18824 0.98212 -0.00000 -26.58217 0.98212 0.18824 0.00000 65.20523 0.00000 0.00000 -1.00000 0.00000
1606847261923928 -0.12270 0.99244 0.00000 -23.44364 0.99244 0.12270 0.00000 66.86123 0.00000 0.00000 -1.00000 0.00000
1606847262174556 -0.07415 0.99725 0.00000 -21.52067 0.99725 0.07415 0.00000 68.06775 0.00000 0.00000 -1.00000 0.00000
1606847262424567 -0.04283 0.99908 0.00000 -20.75612 0.99908 0.04283 0.00000 68.43734 0.00000 0.00000 -1.00000 0.00000
1606847262674568 -0.02540 0.99968 0.00000 -21.07551 0.99968 0.02540 0.00000 68.83528 0.00000 0.00000 -1.00000 0.00000
1606847262924571 0.00400 0.99999 0.00000 -20.53328 0.99999 -0.00400 0.00000 69.39644 0.00000 -0.00000 -1.00000 0.00000
1606847263173947 0.00124 1.00000 0.00000 -22.31330 1.00000 -0.00124 0.00000 69.31520 0.00000 -0.00000 -1.00000 0.00000
1606847263423333 0.02083 0.99978 0.00000 -22.46257 0.99978 -0.02083 0.00000 69.71174 0.00000 -0.00000 -1.00000 0.00000
1606847263673953 0.01124 0.99994 0.00000 -24.87904 0.99994 -0.01124 0.00000 69.48727 0.00000 -0.00000 -1.00000 0.00000
1606847263923958 0.01575 0.99988 0.00000 -26.27375 0.99988 -0.01575 0.00000 69.46764 0.00000 -0.00000 -1.00000 0.00000
1606847264173960 0.01674 0.99986 -0.00000 -27.82011 0.99986 -0.01674 0.00000 69.45782 0.00000 -0.00000 -1.00000 0.00000
1606847264423348 0.02546 0.99968 0.00000 -28.87282 0.99968 -0.02546 0.00000 69.72933 0.00000 -0.00000 -1.00000 0.00000
1606847264673341 0.03568 0.99936 0.00000 -29.92564 0.99936 -0.03568 0.00000 69.97868 0.00000 -0.00000 -1.00000 0.00000
1606847264923346 0.04308 0.99907 0.00000 -31.08980 0.99907 -0.04308 0.00000 70.09710 0.00000 -0.00000 -1.00000 0.00000
1606847265173351 0.05372 0.99856 0.00000 -31.96929 0.99856 -0.05372 0.00000 70.45962 0.00000 -0.00000 -1.00000 0.00000
1606847265422729 0.06666 0.99778 0.00000 -32.73939 0.99778 -0.06666 0.00000 70.75346 0.00000 -0.00000 -1.00000 0.00000
1606847265672729 0.08780 0.99614 0.00000 -32.91669 0.99614 -0.08780 0.00000 71.51971 0.00000 -0.00000 -1.00000 0.00000
1606847265922734 0.11485 0.99338 0.00000 -32.59401 0.99338 -0.11485 0.00000 72.28795 0.00000 -0.00000 -1.00000 0.00000
1606847266173993 0.13301 0.99112 0.00000 -32.91169 0.99112 -0.13301 0.00000 72.88979 0.00000 -0.00000 -1.00000 0.00000
1606847266424618 0.15163 0.98844 0.00000 -33.11124 0.98844 -0.15163 0.00000 73.33655 0.00000 -0.00000 -1.00000 0.00000
1606847266675255 0.15845 0.98737 -0.00000 -34.21384 0.98737 -0.15845 0.00000 73.59955 0.00000 -0.00000 -1.00000 0.00000
1606847266925247 0.17103 0.98527 0.00000 -34.83941 0.98527 -0.17103 0.00000 73.96640 0.00000 -0.00000 -1.00000 0.00000
1606847267175263 0.16771 0.98584 -0.00000 -36.79451 0.98584 -0.16771 0.00000 73.87004 0.00000 -0.00000 -1.00000 0.00000
1606847267424632 0.15322 0.98819 0.00000 -39.44103 0.98819 -0.15322 0.00000 73.20429 0.00000 -0.00000 -1.00000 0.00000
1606847267674654 0.13744 0.99051 0.00000 -42.27551 0.99051 -0.13744 0.00000 72.60320 0.00000 -0.00000 -1.00000 0.00000
1606847267924640 0.11682 0.99315 0.00000 -45.45971 0.99315 -0.11682 0.00000 71.64014 0.00000 -0.00000 -1.00000 0.00000
1606847268174638 0.09247 0.99572 0.00000 -48.85549 0.99572 -0.09247 0.00000 70.52892 0.00000 -0.00000 -1.00000 0.00000
1606847268424645 0.07865 0.99690 0.00000 -51.55119 0.99690 -0.07865 0.00000 69.76988 0.00000 -0.00000 -1.00000 0.00000
1606847268674649 0.06303 0.99801 0.00000 -54.33253 0.99801 -0.06303 0.00000 68.96716 0.00000 -0.00000 -1.00000 0.00000
1606847268924031 0.03681 0.99932 0.00000 -57.78044 0.99932 -0.03681 0.00000 67.44187 0.00000 -0.00000 -1.00000 0.00000
1606847269174040 0.02438 0.99970 0.00000 -60.26005 0.99970 -0.02438 0.00000 66.75410 0.00000 -0.00000 -1.00000 0.00000
1606847269424030 0.01454 0.99989 0.00000 -62.52188 0.99989 -0.01454 0.00000 66.17567 0.00000 -0.00000 -1.00000 0.00000
1606847269673413 -0.00742 0.99997 0.00000 -65.53526 0.99997 0.00742 0.00000 64.69097 0.00000 0.00000 -1.00000 0.00000
1606847269924041 -0.01279 0.99992 -0.00000 -67.54147 0.99992 0.01279 0.00000 64.35798 0.00000 0.00000 -1.00000 0.00000
1606847270174045 -0.02839 0.99960 0.00000 -70.01993 0.99960 0.02839 0.00000 63.28954 0.00000 0.00000 -1.00000 0.00000
1606847270424047 -0.03969 0.99921 0.00000 -72.23977 0.99921 0.03969 0.00000 62.47665 0.00000 0.00000 -1.00000 0.00000
1606847270674048 -0.04407 0.99903 0.00000 -74.12659 0.99903 0.04407 0.00000 62.15965 0.00000 0.00000 -1.00000 0.00000
1606847270923437 -0.04828 0.99883 0.00000 -75.90727 0.99883 0.04828 0.00000 61.67152 0.00000 0.00000 -1.00000 0.00000
