0.961 0.275 0. -5.545 0.275 -0.961 0. 0.173 0. 0. -1. 0.
0.961 0.275 0. -5.545 0.275 -0.961 0. 0.173 0. 0. -1. 0.
0.961 0.275 0. -5.545 0.275 -0.961 0. 0.173 0. 0. -1. 0.
0.961 0.275 0. -5.545 0.275 -0.961 0. 0.173 0. 0. -1. 0.
0.961 0.275 0. -5.545 0.275 -0.961 0. 0.173 0. 0. -1. 0.
0.961 0.275 0. -5.545 0.275 -0.961 0. 0.173 0. 0. -1. 0.
0.961 0.275 0. -5.545 0.275 -0.961 0. 0.173 0. 0. -1. 0.
0.961 0.275 0. -5.545 0.275 -0.961 0. 0.173 0. 0. -1. 0.
0.961 0.275 0. -5.545 0.275 -0.961 0. 0.173 0. 0. -1. 0.
0.961 0.275 0. -5.545 0.275 -0.961 0. 0.173 0. 0. -1. 0.
0.961 0.275 0. -5.545 0.275 -0.961 0. 0.173 0. 0. -1. 0.
0.961 0.276 0. -5.545 0.276 -0.961 0. 0.173 0. 0. -1. 0.
0.961 0.275 0. -5.545 0.275 -0.961 0. 0.173 0. 0. -1. 0.
0.961 0.275 0. -5.545 0.275 -0.961 0. 0.173 0. 0. -1. 0.
0.961 0.275 0. -5.545 0.275 -0.961 0. 0.173 0. 0. -1. 0.
0.961 0.275 0. -5.545 0.275 -0.961 0. 0.173 0. 0. -1. 0.
0.962 0.274 0. -5.545 0.274 -0.962 0. 0.173 0. 0. -1. 0.
0.962 0.274 0. -5.545 0.274 -0.962 0. 0.173 0. 0. -1. 0.
0.962 0.274 0. -5.545 0.274 -0.962 0. 0.173 0. 0. -1. 0.
0.962 0.274 0. -5.545 0.274 -0.962 0. 0.173 0. 0. -1. 0.
0.962 0.274 0. -5.545 0.274 -0.962 0. 0.173 0. 0. -1. 0.
0.962 0.274 0. -5.545 0.274 -0.962 0. 0.173 0. 0. -1. 0.
0.962 0.274 0. -5.545 0.274 -0.962 0. 0.173 0. 0. -1. 0.
0.962 0.274 0. -5.545 0.274 -0.962 0. 0.173 0. 0. -1. 0.
0.962 0.274 0. -5.545 0.274 -0.962 0. 0.173 0. 0. -1. 0.
0.962 0.274 0. -5.545 0.274 -0.962 0. 0.172 0. 0. -1. 0.
0.962 0.273 0. -5.540 0.273 -0.962 0. 0.173 0. 0. -1. 0.
0.962 0.271 0. -5.516 0.271 -0.962 0. 0.178 0. 0. -1. 0.
0.963 0.269 0. -5.485 0.269 -0.963 0. 0.185 0. 0. -1. 0.
0.964 0.266 0. -5.446 0.266 -0.964 0. 0.193 0. 0. -1. 0.
0.965 0.262 0. -5.399 0.262 -0.965 0. 0.204 0. 0. -1. 0.
0.966 0.257 0. -5.339 0.257 -0.966 0. 0.217 0. 0. -1. 0.
0.968 0.251 0. -5.268 0.251 -0.968 0. 0.232 0. 0. -1. 0.
0.970 0.244 0. -5.193 0.244 -0.970 0. 0.246 0. 0. -1. 0.
0.972 0.237 0. -5.111 0.237 -0.972 0. 0.259 0. 0. -1. 0.
0.974 0.227 0. -5.022 0.227 -0.974 0. 0.273 0. 0. -1. 0.
0.976 0.217 0. -4.921 0.217 -0.976 0. 0.284 0. 0. -1. 0.
0.979 0.203 0. -4.791 0.203 -0.979 0. 0.300 0. 0. -1. 0.
0.983 0.183 0. -4.600 0.183 -0.983 0. 0.322 0. 0. -1. 0.
0.988 0.158 0. -4.345 0.158 -0.988 0. 0.343 0. 0. -1. 0.
0.992 0.128 0. -4.023 0.128 -0.992 0. 0.373 0. 0. -1. 0.
0.995 0.099 0. -3.631 0.099 -0.995 0. 0.390 0. 0. -1. 0.
0.997 0.072 0. -3.171 0.072 -0.997 0. 0.397 0. 0. -1. 0.
0.999 0.048 0. -2.613 0.048 -0.999 0. 0.410 0. 0. -1. 0.
0.999 0.032 0. -1.950 0.032 -0.999 0. 0.411 0. 0. -1. 0.
1.000 0.020 0. -1.188 0.020 -1.000 0. 0.420 0. 0. -1. 0.
1. 0.012 0. -0.322 0.012 -1. 0. 0.407 0. 0. -1. 0.
1. 0.008 0. 0.636 0.008 -1. 0. 0.397 0. 0. -1. 0.
1. 0.004 0. 1.686 0.004 -1. 0. 0.392 0. 0. -1. 0.
1. 0.009 0. 2.828 0.009 -1. 0. 0.374 0. 0. -1. 0.
1.000 0.020 0. 4.069 0.020 -1.000 0. 0.389 0. 0. -1. 0.
1.000 0.031 0. 5.372 0.031 -1.000 0. 0.409 0. 0. -1. 0.
0.999 0.043 0. 6.729 0.043 -0.999 0. 0.441 0. 0. -1. 0.
0.999 0.053 0. 8.159 0.053 -0.999 0. 0.490 0. 0. -1. 0.
0.998 0.065 0. 9.664 0.065 -0.998 0. 0.557 0. 0. -1. 0.
0.997 0.082 0. 11.266 0.082 -0.997 0. 0.641 0. 0. -1. 0.
0.995 0.100 0. 12.979 0.100 -0.995 0. 0.786 0. 0. -1. 0.
0.993 0.117 0. 14.732 0.117 -0.993 0. 0.954 0. 0. -1. 0.
0.991 0.133 0. 16.589 0.133 -0.991 0. 1.174 0. 0. -1. 0.
0.989 0.149 0. 18.555 0.149 -0.989 0. 1.427 0. 0. -1. 0.
0.986 0.166 0. 20.588 0.166 -0.986 0. 1.710 0. 0. -1. 0.
0.983 0.181 0. 22.714 0.181 -0.983 0. 2.036 0. 0. -1. 0.
0.980 0.197 0. 24.858 0.197 -0.980 0. 2.388 0. 0. -1. 0.
0.977 0.214 0. 26.962 0.214 -0.977 0. 2.792 0. 0. -1. 0.
0.972 0.233 0. 29.059 0.233 -0.972 0. 3.221 0. 0. -1. 0.
0.969 0.247 0. 31.144 0.247 -0.969 0. 3.705 0. 0. -1. 0.
0.968 0.252 0. 33.178 0.252 -0.968 0. 4.190 0. 0. -1. 0.
0.967 0.255 0. 35.206 0.255 -0.967 0. 4.694 0. 0. -1. 0.
0.968 0.252 0. 37.241 0.252 -0.968 0. 5.187 0. 0. -1. 0.
0.968 0.251 0. 39.187 0.251 -0.968 0. 5.659 0. 0. -1. 0.
0.968 0.249 0. 41.180 0.249 -0.968 0. 6.137 0. 0. -1. 0.
0.969 0.247 0. 43.146 0.247 -0.969 0. 6.588 0. 0. -1. 0.
0.971 0.240 0. 45.125 0.240 -0.971 0. 7.037 0. 0. -1. 0.
0.971 0.238 0. 47.171 0.238 -0.971 0. 7.489 0. 0. -1. 0.
0.971 0.241 0. 49.251 0.241 -0.971 0. 7.957 0. 0. -1. 0.
0.969 0.248 0. 51.411 0.248 -0.969 0. 8.437 0. 0. -1. 0.
0.968 0.253 0. 53.564 0.253 -0.968 0. 8.947 0. 0. -1. 0.
0.967 0.253 0. 55.771 0.253 -0.967 0. 9.461 0. 0. -1. 0.
0.967 0.255 0. 58.025 0.255 -0.967 0. 9.990 0. 0. -1. 0.
0.967 0.253 0. 60.266 0.253 -0.967 0. 10.533 0. 0. -1. 0.
0.969 0.248 0. 62.517 0.248 -0.969 0. 11.072 0. 0. -1. 0.
0.970 0.244 0. 64.755 0.244 -0.970 0. 11.597 0. 0. -1. 0.
0.971 0.237 0. 67.000 0.237 -0.971 0. 12.095 0. 0. -1. 0.
0.972 0.233 0. 69.253 0.233 -0.972 0. 12.585 0. 0. -1. 0.
0.974 0.227 0. 71.508 0.227 -0.974 0. 13.072 0. 0. -1. 0.
0.975 0.221 0. 73.766 0.221 -0.975 0. 13.544 0. 0. -1. 0.
0.978 0.207 0. 76.008 0.207 -0.978 0. 14.012 0. 0. -1. 0.
0.984 0.177 0. 78.246 0.177 -0.984 0. 14.407 0. 0. -1. 0.
0.990 0.143 0. 80.501 0.143 -0.990 0. 14.705 0. 0. -1. 0.
0.994 0.109 0. 82.724 0.109 -0.994 0. 14.934 0. 0. -1. 0.
0.998 0.067 0. 84.915 0.067 -0.998 0. 15.089 0. 0. -1. 0.
1. 0.012 0. 87.103 0.012 -1. 0. 15.117 0. 0. -1. 0.
0.999 -0.044 0. 89.262 -0.044 -0.999 -0. 15.013 0. 0. -1. 0.
0.995 -0.100 0. 91.370 -0.100 -0.995 -0. 14.800 0. 0. -1. 0.
0.988 -0.157 0. 93.480 -0.157 -0.988 -0. 14.466 0. 0. -1. 0.
0.976 -0.219 0. 95.553 -0.219 -0.976 -0. 14.009 0. 0. -1. 0.
0.959 -0.283 0. 97.593 -0.283 -0.959 -0. 13.411 0. 0. -1. 0.
0.938 -0.348 0. 99.580 -0.348 -0.938 -0. 12.695 0. 0. -1. 0.
0.909 -0.416 0. 101.528 -0.416 -0.909 -0. 11.830 0. 0. -1. 0.
0.873 -0.488 0. 103.335 -0.488 -0.873 -0. 10.833 0. 0. -1. 0.
0.831 -0.556 0. 105.053 -0.556 -0.831 -0. 9.685 0. 0. -1. 0.
0.784 -0.620 0. 106.688 -0.620 -0.784 -0. 8.424 0. 0. -1. 0.
0.733 -0.680 0. 108.183 -0.680 -0.733 -0. 7.060 0. 0. -1. 0.
0.681 -0.733 0. 109.563 -0.733 -0.681 -0. 5.563 0. 0. -1. 0.
0.637 -0.771 0. 110.831 -0.771 -0.637 -0. 3.977 0. 0. -1. 0.
0.608 -0.794 0. 112.040 -0.794 -0.608 -0. 2.346 0. 0. -1. 0.
0.588 -0.809 0. 113.239 -0.809 -0.588 -0. 0.670 0. 0. -1. 0.
0.575 -0.818 0. 114.418 -0.818 -0.575 -0. -1.029 0. 0. -1. 0.
0.566 -0.824 0. 115.572 -0.824 -0.566 -0. -2.750 0. 0. -1. 0.
0.563 -0.827 0. 116.698 -0.827 -0.563 -0. -4.480 0. 0. -1. 0.
0.562 -0.827 0. 117.808 -0.827 -0.562 -0. -6.195 0. 0. -1. 0.
0.564 -0.826 0. 118.897 -0.826 -0.564 -0. -7.877 0. 0. -1. 0.
0.569 -0.822 0. 119.960 -0.822 -0.569 -0. -9.495 0. 0. -1. 0.
0.579 -0.815 0. 120.994 -0.815 -0.579 -0. -11.043 0. 0. -1. 0.
0.595 -0.804 0. 122.025 -0.804 -0.595 -0. -12.507 0. 0. -1. 0.
0.611 -0.791 0. 123.020 -0.791 -0.611 -0. -13.868 0. 0. -1. 0.
0.627 -0.779 0. 123.993 -0.779 -0.627 -0. -15.133 0. 0. -1. 0.
0.640 -0.769 0. 124.892 -0.769 -0.640 -0. -16.279 0. 0. -1. 0.
0.651 -0.759 0. 125.724 -0.759 -0.651 -0. -17.276 0. 0. -1. 0.
0.662 -0.749 0. 126.438 -0.749 -0.662 -0. -18.136 0. 0. -1. 0.
0.670 -0.743 0. 127.057 -0.743 -0.670 -0. -18.853 0. 0. -1. 0.
0.677 -0.736 0. 127.577 -0.736 -0.677 -0. -19.429 0. 0. -1. 0.
0.682 -0.731 0. 127.992 -0.731 -0.682 -0. -19.884 0. 0. -1. 0.
0.687 -0.727 0. 128.306 -0.727 -0.687 -0. -20.226 0. 0. -1. 0.
0.691 -0.723 0. 128.544 -0.723 -0.691 -0. -20.523 0. 0. -1. 0.
0.693 -0.721 0. 128.802 -0.721 -0.693 -0. -20.813 0. 0. -1. 0.
0.697 -0.717 0. 129.101 -0.717 -0.697 -0. -21.080 0. 0. -1. 0.
0.700 -0.714 0. 129.362 -0.714 -0.700 -0. -21.381 0. 0. -1. 0.
0.703 -0.711 0. 129.685 -0.711 -0.703 -0. -21.718 0. 0. -1. 0.
0.707 -0.707 0. 130.096 -0.707 -0.707 -0. -22.132 0. 0. -1. 0.
0.714 -0.700 0. 130.569 -0.700 -0.714 -0. -22.659 0. 0. -1. 0.
0.724 -0.690 0. 131.163 -0.690 -0.724 -0. -23.213 0. 0. -1. 0.
0.736 -0.677 0. 131.836 -0.677 -0.736 -0. -23.865 0. 0. -1. 0.
0.748 -0.664 0. 132.597 -0.664 -0.748 -0. -24.586 0. 0. -1. 0.
0.760 -0.650 0. 133.458 -0.650 -0.760 -0. -25.367 0. 0. -1. 0.
0.773 -0.635 0. 134.401 -0.635 -0.773 -0. -26.171 0. 0. -1. 0.
0.786 -0.618 0. 135.416 -0.618 -0.786 -0. -27.013 0. 0. -1. 0.
0.796 -0.605 0. 136.473 -0.605 -0.796 -0. -27.860 0. 0. -1. 0.
0.802 -0.597 0. 137.523 -0.597 -0.802 -0. -28.670 0. 0. -1. 0.
0.807 -0.591 0. 138.574 -0.591 -0.807 -0. -29.503 0. 0. -1. 0.
0.810 -0.587 0. 139.683 -0.587 -0.810 -0. -30.335 0. 0. -1. 0.
0.812 -0.584 0. 140.805 -0.584 -0.812 -0. -31.179 0. 0. -1. 0.
0.813 -0.583 0. 141.943 -0.583 -0.813 -0. -32.041 0. 0. -1. 0.
0.814 -0.581 0. 143.110 -0.581 -0.814 -0. -32.914 0. 0. -1. 0.
0.816 -0.578 0. 144.299 -0.578 -0.816 -0. -33.782 0. 0. -1. 0.
0.818 -0.575 0. 145.492 -0.575 -0.818 -0. -34.659 0. 0. -1. 0.
0.821 -0.571 0. 146.689 -0.571 -0.821 -0. -35.502 0. 0. -1. 0.
0.830 -0.558 0. 147.835 -0.558 -0.830 -0. -36.331 0. 0. -1. 0.
0.843 -0.538 0. 148.959 -0.538 -0.843 -0. -37.070 0. 0. -1. 0.
0.859 -0.512 0. 150.030 -0.512 -0.859 -0. -37.751 0. 0. -1. 0.
0.884 -0.467 0. 151.056 -0.467 -0.884 -0. -38.348 0. 0. -1. 0.
0.918 -0.396 0. 152.095 -0.396 -0.918 -0. -38.821 0. 0. -1. 0.
0.953 -0.302 0. 153.156 -0.302 -0.953 -0. -39.199 0. 0. -1. 0.
0.980 -0.198 0. 154.228 -0.198 -0.980 -0. -39.433 0. 0. -1. 0.
0.997 -0.076 0. 155.290 -0.076 -0.997 -0. -39.559 0. 0. -1. 0.
0.998 0.066 0. 156.337 0.066 -0.998 0. -39.509 0. 0. -1. 0.
0.976 0.216 0. 157.339 0.216 -0.976 0. -39.309 0. 0. -1. 0.
0.929 0.370 0. 158.265 0.370 -0.929 0. -38.954 0. 0. -1. 0.
0.855 0.519 0. 159.096 0.519 -0.855 0. -38.458 0. 0. -1. 0.
0.756 0.654 0. 159.806 0.654 -0.756 0. -37.840 0. 0. -1. 0.
0.633 0.774 0. 160.400 0.774 -0.633 0. -37.130 0. 0. -1. 0.
0.490 0.872 0. 160.840 0.872 -0.490 0. -36.330 0. 0. -1. 0.
0.336 0.942 0. 161.138 0.942 -0.336 0. -35.481 0. 0. -1. 0.
0.172 0.985 0. 161.282 0.985 -0.172 0. -34.600 0. 0. -1. 0.
0.006 1. 0. 161.293 1. -0.006 0. -33.709 0. 0. -1. 0.
-0.160 0.987 0. 161.152 0.987 0.160 0. -32.839 0. 0. -1. 0.
-0.322 0.947 0. 160.863 0.947 0.322 0. -31.978 0. 0. -1. 0.
-0.473 0.881 0. 160.405 0.881 0.473 0. -31.116 0. 0. -1. 0.
-0.605 0.796 0. 159.783 0.796 0.605 0. -30.259 0. 0. -1. 0.
-0.720 0.694 0. 158.990 0.694 0.720 0. -29.453 0. 0. -1. 0.
-0.813 0.583 0. 158.055 0.583 0.813 0. -28.729 0. 0. -1. 0.
-0.880 0.475 0. 156.988 0.475 0.880 0. -28.122 0. 0. -1. 0.
-0.920 0.391 0. 155.793 0.391 0.920 0. -27.583 0. 0. -1. 0.
-0.947 0.320 0. 154.517 0.320 0.947 0. -27.094 0. 0. -1. 0.
-0.970 0.242 0. 153.171 0.242 0.970 0. -26.730 0. 0. -1. 0.
-0.986 0.168 0. 151.757 0.168 0.986 0. -26.434 0. 0. -1. 0.
-0.994 0.111 0. 150.286 0.111 0.994 0. -26.258 0. 0. -1. 0.
-0.997 0.078 0. 148.763 0.078 0.997 0. -26.076 0. 0. -1. 0.
-0.999 0.050 0. 147.215 0.050 0.999 0. -25.963 0. 0. -1. 0.
-0.999 0.040 0. 145.598 0.040 0.999 0. -25.876 0. 0. -1. 0.
-0.999 0.047 0. 143.935 0.047 0.999 0. -25.785 0. 0. -1. 0.
-0.996 0.087 0. 142.292 0.087 0.996 0. -25.639 0. 0. -1. 0.
-0.989 0.147 0. 140.640 0.147 0.989 0. -25.375 0. 0. -1. 0.
-0.976 0.220 0. 138.978 0.220 0.976 0. -24.991 0. 0. -1. 0.
-0.956 0.292 0. 137.322 0.292 0.956 0. -24.479 0. 0. -1. 0.
-0.931 0.364 0. 135.686 0.364 0.931 0. -23.835 0. 0. -1. 0.
-0.900 0.435 0. 134.080 0.435 0.900 0. -23.061 0. 0. -1. 0.
-0.864 0.504 0. 132.505 0.504 0.864 0. -22.143 0. 0. -1. 0.
-0.824 0.566 0. 130.984 0.566 0.824 0. -21.069 0. 0. -1. 0.
-0.784 0.621 0. 129.523 0.621 0.784 0. -19.888 0. 0. -1. 0.
-0.740 0.673 0. 128.090 0.673 0.740 0. -18.584 0. 0. -1. 0.
-0.695 0.719 0. 126.741 0.719 0.695 0. -17.180 0. 0. -1. 0.
-0.656 0.754 0. 125.430 0.754 0.656 0. -15.676 0. 0. -1. 0.
-0.622 0.783 0. 124.159 0.783 0.622 0. -14.065 0. 0. -1. 0.
-0.599 0.800 0. 122.965 0.800 0.599 0. -12.401 0. 0. -1. 0.
-0.582 0.813 0. 121.796 0.813 0.582 0. -10.672 0. 0. -1. 0.
-0.569 0.822 0. 120.617 0.822 0.569 0. -8.892 0. 0. -1. 0.
-0.558 0.830 0. 119.455 0.830 0.558 0. -7.095 0. 0. -1. 0.
-0.552 0.834 0. 118.300 0.834 0.552 0. -5.261 0. 0. -1. 0.
-0.555 0.832 0. 117.149 0.832 0.555 0. -3.431 0. 0. -1. 0.
-0.562 0.827 0. 115.987 0.827 0.562 0. -1.611 0. 0. -1. 0.
-0.571 0.821 0. 114.807 0.821 0.571 0. 0.190 0. 0. -1. 0.
-0.589 0.808 0. 113.615 0.808 0.589 0. 1.971 0. 0. -1. 0.
-0.615 0.788 0. 112.359 0.788 0.615 0. 3.698 0. 0. -1. 0.
-0.649 0.761 0. 111.061 0.761 0.649 0. 5.358 0. 0. -1. 0.
-0.694 0.720 0. 109.684 0.720 0.694 0. 6.941 0. 0. -1. 0.
-0.739 0.674 0. 108.226 0.674 0.739 0. 8.368 0. 0. -1. 0.
-0.780 0.626 0. 106.701 0.626 0.780 0. 9.696 0. 0. -1. 0.
-0.818 0.575 0. 105.113 0.575 0.818 0. 10.924 0. 0. -1. 0.
-0.855 0.519 0. 103.485 0.519 0.855 0. 12.014 0. 0. -1. 0.
-0.890 0.456 0. 101.798 0.456 0.890 0. 12.989 0. 0. -1. 0.
-0.923 0.386 0. 100.035 0.386 0.923 0. 13.814 0. 0. -1. 0.
-0.948 0.319 0. 98.206 0.319 0.948 0. 14.521 0. 0. -1. 0.
-0.968 0.252 0. 96.309 0.252 0.968 0. 15.084 0. 0. -1. 0.
-0.982 0.187 0. 94.369 0.187 0.982 0. 15.545 0. 0. -1. 0.
-0.993 0.121 0. 92.382 0.121 0.993 0. 15.867 0. 0. -1. 0.
-0.998 0.059 0. 90.375 0.059 0.998 0. 16.080 0. 0. -1. 0.
-1. -0.002 0. 88.335 -0.002 1. 0. 16.159 -0. 0. -1. 0.
-0.999 -0.052 0. 86.254 -0.052 0.999 0. 16.101 -0. 0. -1. 0.
-0.995 -0.099 0. 84.184 -0.099 0.995 0. 15.972 -0. 0. -1. 0.
-0.990 -0.138 0. 82.151 -0.138 0.990 0. 15.743 -0. 0. -1. 0.
-0.985 -0.170 0. 80.135 -0.170 0.985 0. 15.450 -0. 0. -1. 0.
-0.980 -0.197 0. 78.107 -0.197 0.980 0. 15.103 -0. 0. -1. 0.
-0.975 -0.220 0. 76.097 -0.220 0.975 0. 14.693 -0. 0. -1. 0.
-0.971 -0.238 0. 74.049 -0.238 0.971 0. 14.247 -0. 0. -1. 0.
-0.965 -0.262 0. 71.963 -0.262 0.965 0. 13.751 -0. 0. -1. 0.
-0.959 -0.282 0. 69.872 -0.282 0.959 0. 13.190 -0. 0. -1. 0.
-0.954 -0.299 0. 67.784 -0.299 0.954 0. 12.594 -0. 0. -1. 0.
-0.950 -0.313 0. 65.717 -0.313 0.950 0. 11.971 -0. 0. -1. 0.
-0.947 -0.321 0. 63.680 -0.321 0.947 0. 11.315 -0. 0. -1. 0.
-0.948 -0.318 0. 61.640 -0.318 0.948 0. 10.665 -0. 0. -1. 0.
-0.950 -0.313 0. 59.599 -0.313 0.950 0. 10.043 -0. 0. -1. 0.
-0.952 -0.307 0. 57.537 -0.307 0.952 0. 9.426 -0. 0. -1. 0.
-0.954 -0.299 0. 55.439 -0.299 0.954 0. 8.825 -0. 0. -1. 0.
-0.957 -0.290 0. 53.318 -0.290 0.957 0. 8.236 -0. 0. -1. 0.
-0.960 -0.281 0. 51.188 -0.281 0.960 0. 7.641 -0. 0. -1. 0.
-0.963 -0.270 0. 49.034 -0.270 0.963 0. 7.067 -0. 0. -1. 0.
-0.964 -0.265 0. 46.908 -0.265 0.964 0. 6.519 -0. 0. -1. 0.
-0.964 -0.265 0. 44.776 -0.265 0.964 0. 5.993 -0. 0. -1. 0.
-0.964 -0.265 0. 42.649 -0.265 0.964 0. 5.448 -0. 0. -1. 0.
-0.967 -0.255 0. 40.521 -0.255 0.967 0. 4.911 -0. 0. -1. 0.
-0.972 -0.235 0. 38.411 -0.235 0.972 0. 4.413 -0. 0. -1. 0.
-0.977 -0.215 0. 36.317 -0.215 0.977 0. 3.989 -0. 0. -1. 0.
-0.980 -0.198 0. 34.180 -0.198 0.980 0. 3.617 -0. 0. -1. 0.
-0.983 -0.185 0. 32.094 -0.185 0.983 0. 3.263 -0. 0. -1. 0.
-0.985 -0.174 0. 29.990 -0.174 0.985 0. 2.938 -0. 0. -1. 0.
-0.986 -0.168 0. 27.872 -0.168 0.986 0. 2.617 -0. 0. -1. 0.
-0.986 -0.166 0. 25.816 -0.166 0.986 0. 2.337 -0. 0. -1. 0.
-0.986 -0.166 0. 23.720 -0.166 0.986 0. 2.039 -0. 0. -1. 0.
-0.986 -0.166 0. 21.631 -0.166 0.986 0. 1.744 -0. 0. -1. 0.
-0.986 -0.165 0. 19.539 -0.165 0.986 0. 1.445 -0. 0. -1. 0.
-0.986 -0.164 0. 17.450 -0.164 0.986 0. 1.131 -0. 0. -1. 0.
-0.987 -0.162 0. 15.354 -0.162 0.987 0. 0.816 -0. 0. -1. 0.
-0.987 -0.161 0. 13.290 -0.161 0.987 0. 0.508 -0. 0. -1. 0.
-0.987 -0.159 0. 11.194 -0.159 0.987 0. 0.199 -0. 0. -1. 0.
-0.988 -0.158 0. 9.152 -0.158 0.988 0. -0.095 -0. 0. -1. 0.
-0.988 -0.156 0. 7.175 -0.156 0.988 0. -0.381 -0. 0. -1. 0.
-0.989 -0.149 0. 5.262 -0.149 0.989 0. -0.634 -0. 0. -1. 0.
-0.989 -0.147 0. 3.371 -0.147 0.989 0. -0.875 -0. 0. -1. 0.
-0.989 -0.147 0. 1.486 -0.147 0.989 0. -1.145 -0. 0. -1. 0.
-0.989 -0.145 0. -0.350 -0.145 0.989 0. -1.387 -0. 0. -1. 0.
-0.990 -0.142 0. -2.181 -0.142 0.990 0. -1.621 -0. 0. -1. 0.
-0.991 -0.137 0. -3.968 -0.137 0.991 0. -1.837 -0. 0. -1. 0.
-0.992 -0.128 0. -5.664 -0.128 0.992 0. -2.029 -0. 0. -1. 0.
-0.993 -0.121 0. -7.300 -0.121 0.993 0. -2.181 -0. 0. -1. 0.
-0.992 -0.127 0. -8.843 -0.127 0.992 0. -2.339 -0. 0. -1. 0.
-0.990 -0.140 0. -10.308 -0.140 0.990 0. -2.544 -0. 0. -1. 0.
-0.988 -0.151 0. -11.581 -0.151 0.988 0. -2.704 -0. 0. -1. 0.
-0.986 -0.164 0. -12.686 -0.164 0.986 0. -2.889 -0. 0. -1. 0.
-0.985 -0.173 0. -13.694 -0.173 0.985 0. -3.055 -0. 0. -1. 0.
-0.983 -0.185 0. -14.546 -0.185 0.983 0. -3.173 -0. 0. -1. 0.
-0.981 -0.192 0. -15.242 -0.192 0.981 0. -3.320 -0. 0. -1. 0.
-0.980 -0.199 0. -15.806 -0.199 0.980 0. -3.408 -0. 0. -1. 0.
-0.979 -0.204 0. -16.247 -0.204 0.979 0. -3.485 -0. 0. -1. 0.
-0.978 -0.208 0. -16.594 -0.208 0.978 0. -3.559 -0. 0. -1. 0.
-0.978 -0.208 0. -16.952 -0.208 0.978 0. -3.628 -0. 0. -1. 0.
-0.978 -0.207 0. -17.344 -0.207 0.978 0. -3.697 -0. 0. -1. 0.
-0.979 -0.206 0. -17.752 -0.206 0.979 0. -3.777 -0. 0. -1. 0.
-0.979 -0.205 0. -18.196 -0.205 0.979 0. -3.852 -0. 0. -1. 0.
-0.979 -0.203 0. -18.714 -0.203 0.979 0. -3.941 -0. 0. -1. 0.
-0.979 -0.203 0. -19.330 -0.203 0.979 0. -4.059 -0. 0. -1. 0.
-0.980 -0.201 0. -20.040 -0.201 0.980 0. -4.189 -0. 0. -1. 0.
-0.980 -0.200 0. -20.845 -0.200 0.980 0. -4.324 -0. 0. -1. 0.
-0.980 -0.198 0. -21.744 -0.198 0.980 0. -4.476 -0. 0. -1. 0.
-0.980 -0.197 0. -22.745 -0.197 0.980 0. -4.656 -0. 0. -1. 0.
-0.980 -0.197 0. -23.851 -0.197 0.980 0. -4.840 -0. 0. -1. 0.
-0.980 -0.197 0. -25.042 -0.197 0.980 0. -5.041 -0. 0. -1. 0.
-0.980 -0.198 0. -26.313 -0.198 0.980 0. -5.254 -0. 0. -1. 0.
-0.979 -0.205 0. -27.667 -0.205 0.979 0. -5.510 -0. 0. -1. 0.
-0.978 -0.211 0. -29.099 -0.211 0.978 0. -5.788 -0. 0. -1. 0.
-0.977 -0.215 0. -30.596 -0.215 0.977 0. -6.106 -0. 0. -1. 0.
-0.976 -0.220 0. -32.182 -0.220 0.976 0. -6.437 -0. 0. -1. 0.
-0.974 -0.224 0. -33.866 -0.224 0.974 0. -6.805 -0. 0. -1. 0.
-0.974 -0.228 0. -35.616 -0.228 0.974 0. -7.185 -0. 0. -1. 0.
-0.973 -0.232 0. -37.398 -0.232 0.973 0. -7.579 -0. 0. -1. 0.
-0.972 -0.237 0. -39.261 -0.237 0.972 0. -8.000 -0. 0. -1. 0.
-0.971 -0.240 0. -41.183 -0.240 0.971 0. -8.438 -0. 0. -1. 0.
-0.970 -0.244 0. -43.102 -0.244 0.970 0. -8.874 -0. 0. -1. 0.
-0.969 -0.248 0. -45.116 -0.248 0.969 0. -9.327 -0. 0. -1. 0.
-0.968 -0.251 0. -47.151 -0.251 0.968 0. -9.805 -0. 0. -1. 0.
-0.968 -0.249 0. -49.200 -0.249 0.968 0. -10.298 -0. 0. -1. 0.
-0.971 -0.241 0. -51.302 -0.241 0.971 0. -10.764 -0. 0. -1. 0.
-0.973 -0.231 0. -53.391 -0.231 0.973 0. -11.204 -0. 0. -1. 0.
-0.977 -0.215 0. -55.441 -0.215 0.977 0. -11.634 -0. 0. -1. 0.
-0.981 -0.195 0. -57.409 -0.195 0.981 0. -12.002 -0. 0. -1. 0.
-0.986 -0.169 0. -59.266 -0.169 0.986 0. -12.298 -0. 0. -1. 0.
-0.991 -0.136 0. -61.004 -0.136 0.991 0. -12.514 -0. 0. -1. 0.
-0.996 -0.094 0. -62.615 -0.094 0.996 0. -12.647 -0. 0. -1. 0.
-0.999 -0.045 0. -64.100 -0.045 0.999 0. -12.706 -0. 0. -1. 0.
-1.000 0.017 0. -65.468 0.017 1.000 0. -12.690 0. 0. -1. 0.
-0.995 0.095 0. -66.765 0.095 0.995 0. -12.562 0. 0. -1. 0.
-0.983 0.183 0. -68.028 0.183 0.983 0. -12.325 0. 0. -1. 0.
-0.961 0.278 0. -69.216 0.278 0.961 0. -11.982 0. 0. -1. 0.
-0.924 0.383 0. -70.309 0.383 0.924 0. -11.543 0. 0. -1. 0.
-0.868 0.496 0. -71.297 0.496 0.868 0. -10.947 0. 0. -1. 0.
-0.794 0.607 0. -72.197 0.607 0.794 0. -10.257 0. 0. -1. 0.
-0.706 0.709 0. -72.971 0.709 0.706 0. -9.455 0. 0. -1. 0.
-0.606 0.796 0. -73.607 0.796 0.606 0. -8.569 0. 0. -1. 0.
-0.506 0.862 0. -74.132 0.862 0.506 0. -7.631 0. 0. -1. 0.
-0.419 0.908 0. -74.566 0.908 0.419 0. -6.597 0. 0. -1. 0.
-0.355 0.935 0. -74.940 0.935 0.355 0. -5.470 0. 0. -1. 0.
-0.318 0.948 0. -75.310 0.948 0.318 0. -4.265 0. 0. -1. 0.
-0.302 0.953 0. -75.669 0.953 0.302 0. -2.977 0. 0. -1. 0.
-0.293 0.956 0. -76.056 0.956 0.293 0. -1.625 0. 0. -1. 0.
-0.285 0.959 0. -76.441 0.959 0.285 0. -0.194 0. 0. -1. 0.
-0.279 0.960 0. -76.848 0.960 0.279 0. 1.320 0. 0. -1. 0.
-0.273 0.962 0. -77.251 0.962 0.273 0. 2.900 0. 0. -1. 0.
-0.266 0.964 0. -77.670 0.964 0.266 0. 4.580 0. 0. -1. 0.
-0.257 0.966 0. -78.098 0.966 0.257 0. 6.351 0. 0. -1. 0.
-0.249 0.968 0. -78.536 0.968 0.249 0. 8.173 0. 0. -1. 0.
-0.248 0.969 0. -78.948 0.969 0.248 0. 10.006 0. 0. -1. 0.
-0.240 0.971 0. -79.386 0.971 0.240 0. 11.855 0. 0. -1. 0.
-0.220 0.976 0. -79.773 0.976 0.220 0. 13.714 0. 0. -1. 0.
-0.195 0.981 0. -80.121 0.981 0.195 0. 15.586 0. 0. -1. 0.
-0.170 0.985 0. -80.426 0.985 0.170 0. 17.452 0. 0. -1. 0.
-0.146 0.989 0. -80.685 0.989 0.146 0. 19.349 0. 0. -1. 0.
-0.126 0.992 0. -80.896 0.992 0.126 0. 21.273 0. 0. -1. 0.
-0.115 0.993 0. -81.054 0.993 0.115 0. 23.201 0. 0. -1. 0.
-0.112 0.994 0. -81.242 0.994 0.112 0. 25.098 0. 0. -1. 0.
-0.108 0.994 0. -81.412 0.994 0.108 0. 27.079 0. 0. -1. 0.
-0.104 0.995 0. -81.581 0.995 0.104 0. 29.055 0. 0. -1. 0.
-0.105 0.994 0. -81.713 0.994 0.105 0. 30.954 0. 0. -1. 0.
-0.110 0.994 0. -81.881 0.994 0.110 0. 32.918 0. 0. -1. 0.
-0.127 0.992 0. -82.072 0.992 0.127 0. 34.908 0. 0. -1. 0.
-0.151 0.989 0. -82.322 0.989 0.151 0. 36.873 0. 0. -1. 0.
-0.170 0.985 0. -82.615 0.985 0.170 0. 38.840 0. 0. -1. 0.
-0.190 0.982 0. -82.928 0.982 0.190 0. 40.775 0. 0. -1. 0.
-0.205 0.979 0. -83.293 0.979 0.205 0. 42.686 0. 0. -1. 0.
-0.218 0.976 0. -83.681 0.976 0.218 0. 44.604 0. 0. -1. 0.
-0.231 0.973 0. -84.099 0.973 0.231 0. 46.506 0. 0. -1. 0.
-0.241 0.970 0. -84.504 0.970 0.241 0. 48.359 0. 0. -1. 0.
-0.249 0.969 0. -84.936 0.969 0.249 0. 50.254 0. 0. -1. 0.
-0.252 0.968 0. -85.368 0.968 0.252 0. 52.102 0. 0. -1. 0.
-0.254 0.967 0. -85.819 0.967 0.254 0. 53.937 0. 0. -1. 0.
-0.254 0.967 0. -86.259 0.967 0.254 0. 55.738 0. 0. -1. 0.
-0.254 0.967 0. -86.682 0.967 0.254 0. 57.541 0. 0. -1. 0.
-0.254 0.967 0. -87.102 0.967 0.254 0. 59.320 0. 0. -1. 0.
-0.254 0.967 0. -87.519 0.967 0.254 0. 61.071 0. 0. -1. 0.
-0.261 0.965 0. -87.935 0.965 0.261 0. 62.744 0. 0. -1. 0.
-0.280 0.960 0. -88.323 0.960 0.280 0. 64.310 0. 0. -1. 0.
-0.320 0.948 0. -88.770 0.948 0.320 0. 65.810 0. 0. -1. 0.
-0.385 0.923 0. -89.292 0.923 0.385 0. 67.276 0. 0. -1. 0.
-0.472 0.881 0. -89.955 0.881 0.472 0. 68.658 0. 0. -1. 0.
-0.565 0.825 0. -90.781 0.825 0.565 0. 69.923 0. 0. -1. 0.
-0.652 0.758 0. -91.666 0.758 0.652 0. 71.072 0. 0. -1. 0.
-0.731 0.682 0. -92.679 0.682 0.731 0. 72.092 0. 0. -1. 0.
-0.799 0.601 0. -93.800 0.601 0.799 0. 73.027 0. 0. -1. 0.
-0.860 0.511 0. -94.997 0.511 0.860 0. 73.799 0. 0. -1. 0.
-0.910 0.415 0. -96.312 0.415 0.910 0. 74.418 0. 0. -1. 0.
-0.950 0.312 0. -97.699 0.312 0.950 0. 74.952 0. 0. -1. 0.
-0.979 0.205 0. -99.190 0.205 0.979 0. 75.291 0. 0. -1. 0.
-0.995 0.099 0. -100.729 0.099 0.995 0. 75.518 0. 0. -1. 0.
-1. 0.014 0. -102.332 0.014 1. 0. 75.573 0. 0. -1. 0.
-0.999 -0.050 0. -104.008 -0.050 0.999 0. 75.563 -0. 0. -1. 0.
-0.995 -0.101 0. -105.678 -0.101 0.995 0. 75.458 -0. 0. -1. 0.
-0.991 -0.131 0. -107.342 -0.131 0.991 0. 75.253 -0. 0. -1. 0.
-0.991 -0.137 0. -108.970 -0.137 0.991 0. 75.045 -0. 0. -1. 0.
-0.993 -0.118 0. -110.629 -0.118 0.993 0. 74.831 -0. 0. -1. 0.
-0.997 -0.081 0. -112.273 -0.081 0.997 0. 74.725 -0. 0. -1. 0.
-0.999 -0.036 0. -113.910 -0.036 0.999 0. 74.664 -0. 0. -1. 0.
-1.000 0.023 0. -115.569 0.023 1.000 0. 74.706 0. 0. -1. 0.
-0.995 0.096 0. -117.198 0.096 0.995 0. 74.870 0. 0. -1. 0.
-0.986 0.167 0. -118.855 0.167 0.986 0. 75.184 0. 0. -1. 0.
-0.971 0.238 0. -120.494 0.238 0.971 0. 75.590 0. 0. -1. 0.
-0.952 0.307 0. -122.103 0.307 0.952 0. 76.114 0. 0. -1. 0.
-0.930 0.368 0. -123.708 0.368 0.930 0. 76.758 0. 0. -1. 0.
-0.911 0.412 0. -125.292 0.412 0.911 0. 77.500 0. 0. -1. 0.
-0.897 0.442 0. -126.869 0.442 0.897 0. 78.299 0. 0. -1. 0.
-0.887 0.463 0. -128.463 0.463 0.887 0. 79.154 0. 0. -1. 0.
-0.880 0.475 0. -130.063 0.475 0.880 0. 80.054 0. 0. -1. 0.
-0.877 0.480 0. -131.703 0.480 0.877 0. 80.980 0. 0. -1. 0.
-0.874 0.485 0. -133.358 0.485 0.874 0. 81.924 0. 0. -1. 0.
-0.873 0.487 0. -135.033 0.487 0.873 0. 82.914 0. 0. -1. 0.
-0.873 0.487 0. -136.742 0.487 0.873 0. 83.911 0. 0. -1. 0.
-0.873 0.489 0. -138.473 0.489 0.873 0. 84.927 0. 0. -1. 0.
-0.870 0.493 0. -140.237 0.493 0.870 0. 85.959 0. 0. -1. 0.
-0.866 0.500 0. -141.993 0.500 0.866 0. 87.011 0. 0. -1. 0.
-0.860 0.510 0. -143.715 0.510 0.860 0. 88.075 0. 0. -1. 0.
-0.855 0.519 0. -145.448 0.519 0.855 0. 89.178 0. 0. -1. 0.
-0.852 0.523 0. -147.165 0.523 0.852 0. 90.278 0. 0. -1. 0.
-0.851 0.525 0. -148.889 0.525 0.851 0. 91.381 0. 0. -1. 0.
-0.850 0.526 0. -150.600 0.526 0.850 0. 92.501 0. 0. -1. 0.
-0.850 0.526 0. -152.296 0.526 0.850 0. 93.605 0. 0. -1. 0.
-0.851 0.526 0. -154.021 0.526 0.851 0. 94.721 0. 0. -1. 0.
-0.851 0.526 0. -155.739 0.526 0.851 0. 95.842 0. 0. -1. 0.
-0.852 0.524 0. -157.485 0.524 0.852 0. 96.981 0. 0. -1. 0.
-0.851 0.525 0. -159.250 0.525 0.851 0. 98.134 0. 0. -1. 0.
-0.851 0.526 0. -161.028 0.526 0.851 0. 99.299 0. 0. -1. 0.
-0.850 0.527 0. -162.824 0.527 0.850 0. 100.468 0. 0. -1. 0.
-0.848 0.529 0. -164.653 0.529 0.848 0. 101.666 0. 0. -1. 0.
-0.847 0.532 0. -166.477 0.532 0.847 0. 102.866 0. 0. -1. 0.
-0.841 0.541 0. -168.318 0.541 0.841 0. 104.102 0. 0. -1. 0.
-0.836 0.549 0. -170.160 0.549 0.836 0. 105.385 0. 0. -1. 0.
-0.830 0.558 0. -171.992 0.558 0.830 0. 106.673 0. 0. -1. 0.
-0.826 0.564 0. -173.841 0.564 0.826 0. 107.972 0. 0. -1. 0.
-0.823 0.568 0. -175.676 0.568 0.823 0. 109.276 0. 0. -1. 0.
-0.821 0.571 0. -177.519 0.571 0.821 0. 110.615 0. 0. -1. 0.
-0.818 0.576 0. -179.347 0.576 0.818 0. 111.965 0. 0. -1. 0.
-0.811 0.585 0. -181.165 0.585 0.811 0. 113.338 0. 0. -1. 0.
-0.805 0.593 0. -182.972 0.593 0.805 0. 114.731 0. 0. -1. 0.
-0.796 0.606 0. -184.777 0.606 0.796 0. 116.149 0. 0. -1. 0.
-0.783 0.622 0. -186.534 0.622 0.783 0. 117.597 0. 0. -1. 0.
-0.767 0.641 0. -188.267 0.641 0.767 0. 119.097 0. 0. -1. 0.
-0.751 0.660 0. -189.960 0.660 0.751 0. 120.621 0. 0. -1. 0.
-0.734 0.679 0. -191.621 0.679 0.734 0. 122.190 0. 0. -1. 0.
-0.714 0.701 0. -193.235 0.701 0.714 0. 123.805 0. 0. -1. 0.
-0.685 0.728 0. -194.799 0.728 0.685 0. 125.471 0. 0. -1. 0.
-0.657 0.754 0. -196.287 0.754 0.657 0. 127.193 0. 0. -1. 0.
-0.627 0.779 0. -197.701 0.779 0.627 0. 128.967 0. 0. -1. 0.
-0.596 0.803 0. -199.049 0.803 0.596 0. 130.805 0. 0. -1. 0.
-0.565 0.825 0. -200.317 0.825 0.565 0. 132.683 0. 0. -1. 0.
-0.533 0.846 0. -201.511 0.846 0.533 0. 134.604 0. 0. -1. 0.
-0.503 0.865 0. -202.641 0.865 0.503 0. 136.571 0. 0. -1. 0.
-0.474 0.881 0. -203.695 0.881 0.474 0. 138.550 0. 0. -1. 0.
-0.443 0.896 0. -204.693 0.896 0.443 0. 140.577 0. 0. -1. 0.
-0.413 0.911 0. -205.608 0.911 0.413 0. 142.628 0. 0. -1. 0.
-0.382 0.924 0. -206.460 0.924 0.382 0. 144.726 0. 0. -1. 0.
-0.353 0.936 0. -207.242 0.936 0.353 0. 146.850 0. 0. -1. 0.
-0.337 0.941 0. -207.955 0.941 0.337 0. 149.010 0. 0. -1. 0.
-0.342 0.940 0. -208.669 0.940 0.342 0. 151.189 0. 0. -1. 0.
-0.351 0.936 0. -209.429 0.936 0.351 0. 153.340 0. 0. -1. 0.
-0.357 0.934 0. -210.200 0.934 0.357 0. 155.509 0. 0. -1. 0.
-0.363 0.932 0. -210.978 0.932 0.363 0. 157.668 0. 0. -1. 0.
-0.371 0.928 0. -211.770 0.928 0.371 0. 159.826 0. 0. -1. 0.
-0.388 0.922 0. -212.589 0.922 0.388 0. 161.980 0. 0. -1. 0.
-0.408 0.913 0. -213.460 0.913 0.408 0. 164.102 0. 0. -1. 0.
-0.427 0.904 0. -214.377 0.904 0.427 0. 166.194 0. 0. -1. 0.
-0.453 0.891 0. -215.335 0.891 0.453 0. 168.261 0. 0. -1. 0.
-0.485 0.874 0. -216.368 0.874 0.485 0. 170.239 0. 0. -1. 0.
-0.527 0.850 0. -217.477 0.850 0.527 0. 172.188 0. 0. -1. 0.
-0.581 0.814 0. -218.649 0.814 0.581 0. 174.038 0. 0. -1. 0.
-0.633 0.774 0. -219.968 0.774 0.633 0. 175.769 0. 0. -1. 0.
-0.679 0.734 0. -221.391 0.734 0.679 0. 177.401 0. 0. -1. 0.
-0.729 0.684 0. -222.878 0.684 0.729 0. 178.908 0. 0. -1. 0.
-0.788 0.616 0. -224.435 0.616 0.788 0. 180.285 0. 0. -1. 0.
-0.845 0.534 0. -226.161 0.534 0.845 0. 181.510 0. 0. -1. 0.
-0.892 0.453 0. -227.978 0.453 0.892 0. 182.561 0. 0. -1. 0.
-0.927 0.376 0. -229.894 0.376 0.927 0. 183.446 0. 0. -1. 0.
-0.954 0.300 0. -231.880 0.300 0.954 0. 184.175 0. 0. -1. 0.
-0.974 0.226 0. -233.911 0.226 0.974 0. 184.749 0. 0. -1. 0.
-0.987 0.162 0. -236.009 0.162 0.987 0. 185.189 0. 0. -1. 0.
-0.994 0.108 0. -238.130 0.108 0.994 0. 185.503 0. 0. -1. 0.
-0.998 0.065 0. -240.278 0.065 0.998 0. 185.712 0. 0. -1. 0.
-0.999 0.035 0. -242.468 0.035 0.999 0. 185.833 0. 0. -1. 0.
-1.000 0.017 0. -244.694 0.017 1.000 0. 185.917 0. 0. -1. 0.
-1. 0.006 0. -246.951 0.006 1. 0. 185.980 0. 0. -1. 0.
-1. -0.003 0. -249.220 -0.003 1. 0. 186.025 -0. 0. -1. 0.
-1. -0.007 0. -251.553 -0.007 1. 0. 186.053 -0. 0. -1. 0.
-1. -0.007 0. -253.873 -0.007 1. 0. 186.077 -0. 0. -1. 0.
-1. -0.006 0. -256.215 -0.006 1. 0. 186.093 -0. 0. -1. 0.
-1. -0.004 0. -258.572 -0.004 1. 0. 186.143 -0. 0. -1. 0.
-1. -0.001 0. -260.916 -0.001 1. 0. 186.176 -0. 0. -1. 0.
-1. 0.007 0. -263.279 0.007 1. 0. 186.238 0. 0. -1. 0.
-1. 0.012 0. -265.635 0.012 1. 0. 186.319 0. 0. -1. 0.
-1.000 0.016 0. -267.971 0.016 1.000 0. 186.382 0. 0. -1. 0.
-1.000 0.020 0. -270.314 0.020 1.000 0. 186.460 0. 0. -1. 0.
-1.000 0.027 0. -272.608 0.027 1.000 0. 186.552 0. 0. -1. 0.
-0.999 0.034 0. -274.893 0.034 0.999 0. 186.668 0. 0. -1. 0.
-0.999 0.047 0. -277.147 0.047 0.999 0. 186.825 0. 0. -1. 0.
-0.998 0.057 0. -279.385 0.057 0.998 0. 187.010 0. 0. -1. 0.
-0.998 0.070 0. -281.588 0.070 0.998 0. 187.211 0. 0. -1. 0.
-0.996 0.089 0. -283.774 0.089 0.996 0. 187.442 0. 0. -1. 0.
-0.994 0.111 0. -285.923 0.111 0.994 0. 187.724 0. 0. -1. 0.
-0.991 0.133 0. -288.054 0.133 0.991 0. 188.050 0. 0. -1. 0.
-0.988 0.153 0. -290.090 0.153 0.988 0. 188.397 0. 0. -1. 0.
-0.985 0.172 0. -292.002 0.172 0.985 0. 188.780 0. 0. -1. 0.
-0.981 0.192 0. -293.821 0.192 0.981 0. 189.161 0. 0. -1. 0.
-0.979 0.203 0. -295.504 0.203 0.979 0. 189.570 0. 0. -1. 0.
-0.977 0.211 0. -297.098 0.211 0.977 0. 189.926 0. 0. -1. 0.
-0.977 0.215 0. -298.637 0.215 0.977 0. 190.306 0. 0. -1. 0.
-0.976 0.218 0. -300.048 0.218 0.976 0. 190.651 0. 0. -1. 0.
-0.974 0.226 0. -301.346 0.226 0.974 0. 190.986 0. 0. -1. 0.
-0.972 0.237 0. -302.538 0.237 0.972 0. 191.274 0. 0. -1. 0.
-0.970 0.245 0. -303.574 0.245 0.970 0. 191.625 0. 0. -1. 0.
-0.969 0.245 0. -304.548 0.245 0.969 0. 191.855 0. 0. -1. 0.
-0.970 0.245 0. -305.405 0.245 0.970 0. 192.085 0. 0. -1. 0.
-0.970 0.243 0. -306.113 0.243 0.970 0. 192.364 0. 0. -1. 0.
-0.970 0.243 0. -306.746 0.243 0.970 0. 192.477 0. 0. -1. 0.
-0.970 0.242 0. -307.287 0.242 0.970 0. 192.620 0. 0. -1. 0.
-0.970 0.242 0. -307.754 0.242 0.970 0. 192.753 0. 0. -1. 0.
-0.970 0.242 0. -308.085 0.242 0.970 0. 192.829 0. 0. -1. 0.
-0.970 0.242 0. -308.331 0.242 0.970 0. 192.901 0. 0. -1. 0.
-0.970 0.242 0. -308.490 0.242 0.970 0. 192.925 0. 0. -1. 0.
-0.970 0.243 0. -308.539 0.243 0.970 0. 192.942 0. 0. -1. 0.
-0.970 0.243 0. -308.552 0.243 0.970 0. 192.946 0. 0. -1. 0.
-0.970 0.242 0. -308.576 0.242 0.970 0. 192.948 0. 0. -1. 0.
-0.970 0.243 0. -308.596 0.243 0.970 0. 192.955 0. 0. -1. 0.
-0.970 0.243 0. -308.614 0.243 0.970 0. 192.959 0. 0. -1. 0.
-0.970 0.243 0. -308.627 0.243 0.970 0. 192.962 0. 0. -1. 0.
-0.970 0.243 0. -308.638 0.243 0.970 0. 192.964 0. 0. -1. 0.
-0.970 0.243 0. -308.656 0.243 0.970 0. 192.970 0. 0. -1. 0.
-0.970 0.243 0. -308.685 0.243 0.970 0. 192.978 0. 0. -1. 0.
-0.970 0.243 0. -308.726 0.243 0.970 0. 192.989 0. 0. -1. 0.
-0.970 0.243 0. -308.774 0.243 0.970 0. 193.002 0. 0. -1. 0.
-0.970 0.244 0. -308.829 0.244 0.970 0. 193.016 0. 0. -1. 0.
-0.970 0.244 0. -308.887 0.244 0.970 0. 193.032 0. 0. -1. 0.
-0.970 0.244 0. -308.944 0.244 0.970 0. 193.047 0. 0. -1. 0.
-0.970 0.245 0. -309.002 0.245 0.970 0. 193.062 0. 0. -1. 0.
-0.970 0.245 0. -309.063 0.245 0.970 0. 193.078 0. 0. -1. 0.
-0.969 0.246 0. -309.130 0.246 0.969 0. 193.094 0. 0. -1. 0.
-0.969 0.246 0. -309.202 0.246 0.969 0. 193.112 0. 0. -1. 0.
-0.969 0.246 0. -309.244 0.246 0.969 0. 193.122 0. 0. -1. 0.
-0.969 0.246 0. -309.278 0.246 0.969 0. 193.132 0. 0. -1. 0.
-0.969 0.247 0. -309.332 0.247 0.969 0. 193.144 0. 0. -1. 0.
-0.969 0.248 0. -309.394 0.248 0.969 0. 193.161 0. 0. -1. 0.
-0.968 0.249 0. -309.471 0.249 0.968 0. 193.181 0. 0. -1. 0.
-0.968 0.251 0. -309.560 0.251 0.968 0. 193.203 0. 0. -1. 0.
-0.968 0.253 0. -309.640 0.253 0.968 0. 193.225 0. 0. -1. 0.
-0.967 0.254 0. -309.692 0.254 0.967 0. 193.242 0. 0. -1. 0.
-0.967 0.255 0. -309.713 0.255 0.967 0. 193.248 0. 0. -1. 0.
-0.967 0.256 0. -309.722 0.256 0.967 0. 193.252 0. 0. -1. 0.
-0.966 0.257 0. -309.737 0.257 0.966 0. 193.255 0. 0. -1. 0.
-0.966 0.258 0. -309.755 0.258 0.966 0. 193.261 0. 0. -1. 0.
-0.966 0.260 0. -309.781 0.260 0.966 0. 193.269 0. 0. -1. 0.
-0.965 0.263 0. -309.816 0.263 0.965 0. 193.278 0. 0. -1. 0.
-0.964 0.267 0. -309.861 0.267 0.964 0. 193.293 0. 0. -1. 0.
-0.963 0.271 0. -309.920 0.271 0.963 0. 193.310 0. 0. -1. 0.
-0.961 0.277 0. -309.985 0.277 0.961 0. 193.331 0. 0. -1. 0.
-0.959 0.283 0. -310.056 0.283 0.959 0. 193.355 0. 0. -1. 0.
-0.957 0.291 0. -310.134 0.291 0.957 0. 193.383 0. 0. -1. 0.
-0.954 0.299 0. -310.218 0.299 0.954 0. 193.414 0. 0. -1. 0.
-0.951 0.309 0. -310.309 0.309 0.951 0. 193.450 0. 0. -1. 0.
-0.947 0.322 0. -310.412 0.322 0.947 0. 193.491 0. 0. -1. 0.
-0.941 0.337 0. -310.525 0.337 0.941 0. 193.537 0. 0. -1. 0.
-0.935 0.355 0. -310.646 0.355 0.935 0. 193.589 0. 0. -1. 0.
-0.927 0.375 0. -310.778 0.375 0.927 0. 193.650 0. 0. -1. 0.
-0.921 0.389 0. -310.894 0.389 0.921 0. 193.714 0. 0. -1. 0.
-0.918 0.398 0. -310.950 0.398 0.918 0. 193.739 0. 0. -1. 0.
-0.917 0.398 0. -310.955 0.398 0.917 0. 193.742 0. 0. -1. 0.
-0.917 0.398 0. -310.955 0.398 0.917 0. 193.741 0. 0. -1. 0.
-0.917 0.398 0. -310.955 0.398 0.917 0. 193.742 0. 0. -1. 0.
-0.917 0.398 0. -310.955 0.398 0.917 0. 193.742 0. 0. -1. 0.
-0.917 0.398 0. -310.955 0.398 0.917 0. 193.742 0. 0. -1. 0.
-0.917 0.398 0. -310.955 0.398 0.917 0. 193.742 0. 0. -1. 0.
-0.917 0.398 0. -310.955 0.398 0.917 0. 193.742 0. 0. -1. 0.
-0.917 0.398 0. -310.955 0.398 0.917 0. 193.742 0. 0. -1. 0.
-0.917 0.398 0. -310.955 0.398 0.917 0. 193.742 0. 0. -1. 0.
-0.917 0.399 0. -310.956 0.399 0.917 0. 193.742 0. 0. -1. 0.
-0.916 0.401 0. -310.967 0.401 0.916 0. 193.748 0. 0. -1. 0.
-0.914 0.405 0. -310.996 0.405 0.914 0. 193.763 0. 0. -1. 0.
-0.912 0.411 0. -311.036 0.411 0.912 0. 193.786 0. 0. -1. 0.
-0.908 0.418 0. -311.088 0.418 0.908 0. 193.816 0. 0. -1. 0.
-0.903 0.429 0. -311.155 0.429 0.903 0. 193.854 0. 0. -1. 0.
-0.893 0.450 0. -311.280 0.450 0.893 0. 193.925 0. 0. -1. 0.
-0.874 0.487 0. -311.542 0.487 0.874 0. 194.077 0. 0. -1. 0.
-0.842 0.539 0. -311.885 0.539 0.842 0. 194.351 0. 0. -1. 0.
-0.800 0.600 0. -312.314 0.600 0.800 0. 194.715 0. 0. -1. 0.
-0.754 0.657 0. -312.892 0.657 0.754 0. 195.157 0. 0. -1. 0.
-0.709 0.705 0. -313.474 0.705 0.709 0. 195.786 0. 0. -1. 0.
-0.679 0.734 0. -314.118 0.734 0.679 0. 196.553 0. 0. -1. 0.
-0.654 0.756 0. -314.963 0.756 0.654 0. 197.380 0. 0. -1. 0.
-0.610 0.792 0. -315.676 0.792 0.610 0. 198.404 0. 0. -1. 0.
-0.535 0.845 0. -316.283 0.845 0.535 0. 199.575 0. 0. -1. 0.
-0.439 0.898 0. -316.956 0.898 0.439 0. 200.786 0. 0. -1. 0.
-0.321 0.947 0. -317.336 0.947 0.321 0. 202.159 0. 0. -1. 0.
-0.168 0.986 0. -317.577 0.986 0.168 0. 203.578 0. 0. -1. 0.
-0.046 0.999 0. -317.624 0.999 0.046 0. 205.053 0. 0. -1. 0.
0.015 1.000 0. -317.529 1.000 -0.015 0. 206.558 0. 0. -1. 0.
0.016 1.000 0. -317.459 1.000 -0.016 0. 208.146 0. 0. -1. 0.
0.007 1. 0. -317.435 1. -0.007 0. 209.814 0. 0. -1. 0.
0.004 1. 0. -317.376 1. -0.004 0. 211.550 0. 0. -1. 0.
-0.008 1. 0. -317.333 1. 0.008 0. 213.402 0. 0. -1. 0.
-0.020 1.000 0. -317.345 1.000 0.020 0. 215.361 0. 0. -1. 0.
-0.017 1.000 0. -317.341 1.000 0.017 0. 217.425 0. 0. -1. 0.
-0.014 1. 0. -317.322 1. 0.014 0. 219.603 0. 0. -1. 0.
-0.011 1. 0. -317.307 1. 0.011 0. 221.882 0. 0. -1. 0.
-0.006 1. 0. -317.268 1. 0.006 0. 224.246 0. 0. -1. 0.
-0.005 1. 0. -317.227 1. 0.005 0. 226.669 0. 0. -1. 0.
-0.002 1. 0. -317.183 1. 0.002 0. 229.143 0. 0. -1. 0.
0.001 1. 0. -317.121 1. -0.001 0. 231.684 0. 0. -1. 0.
0.007 1. 0. -317.047 1. -0.007 0. 234.255 0. 0. -1. 0.
0.007 1. 0. -316.964 1. -0.007 0. 236.896 0. 0. -1. 0.
0.006 1. 0. -316.888 1. -0.006 0. 239.604 0. 0. -1. 0.
0.004 1. 0. -316.803 1. -0.004 0. 242.347 0. 0. -1. 0.
0.002 1. 0. -316.738 1. -0.002 0. 245.121 0. 0. -1. 0.
0.002 1. 0. -316.668 1. -0.002 0. 247.916 0. 0. -1. 0.
0.001 1. 0. -316.569 1. -0.001 0. 250.742 0. 0. -1. 0.
-0.002 1. 0. -316.530 1. 0.002 0. 253.574 0. 0. -1. 0.
-0.002 1. 0. -316.497 1. 0.002 0. 256.461 0. 0. -1. 0.
-0.006 1. 0. -316.435 1. 0.006 0. 259.380 0. 0. -1. 0.
-0.008 1. 0. -316.401 1. 0.008 0. 262.348 0. 0. -1. 0.
-0.009 1. 0. -316.366 1. 0.009 0. 265.355 0. 0. -1. 0.
-0.009 1. 0. -316.333 1. 0.009 0. 268.401 0. 0. -1. 0.
-0.008 1. 0. -316.303 1. 0.008 0. 271.487 0. 0. -1. 0.
-0.003 1. 0. -316.256 1. 0.003 0. 274.617 0. 0. -1. 0.
0.002 1. 0. -316.183 1. -0.002 0. 277.794 0. 0. -1. 0.
0.005 1. 0. -316.095 1. -0.005 0. 281.008 0. 0. -1. 0.
0.002 1. 0. -316.010 1. -0.002 0. 284.264 0. 0. -1. 0.
-0.000 1. 0. -315.935 1. 0.000 0. 287.565 0. 0. -1. 0.
-0.001 1. 0. -315.863 1. 0.001 0. 290.864 0. 0. -1. 0.
0.005 1. 0. -315.798 1. -0.005 0. 294.159 0. 0. -1. 0.
0.008 1. 0. -315.695 1. -0.008 0. 297.422 0. 0. -1. 0.
0.006 1. 0. -315.601 1. -0.006 0. 300.693 0. 0. -1. 0.
0.008 1. 0. -315.507 1. -0.008 0. 303.961 0. 0. -1. 0.
0.008 1. 0. -315.398 1. -0.008 0. 307.255 0. 0. -1. 0.
0.007 1. 0. -315.307 1. -0.007 0. 310.577 0. 0. -1. 0.
0.003 1. 0. -315.214 1. -0.003 0. 313.922 0. 0. -1. 0.
0.001 1. 0. -315.134 1. -0.001 0. 317.278 0. 0. -1. 0.
0.002 1. 0. -315.064 1. -0.002 0. 320.646 0. 0. -1. 0.
0.005 1. 0. -314.972 1. -0.005 0. 324.026 0. 0. -1. 0.
0.008 1. 0. -314.872 1. -0.008 0. 327.414 0. 0. -1. 0.
0.009 1. 0. -314.770 1. -0.009 0. 330.811 0. 0. -1. 0.
0.007 1. 0. -314.658 1. -0.007 0. 334.224 0. 0. -1. 0.
0.004 1. 0. -314.568 1. -0.004 0. 337.648 0. 0. -1. 0.
0.002 1. 0. -314.498 1. -0.002 0. 341.083 0. 0. -1. 0.
-0.000 1. 0. -314.427 1. 0.000 0. 344.520 0. 0. -1. 0.
-0.002 1. 0. -314.350 1. 0.002 0. 347.955 0. 0. -1. 0.
-0.000 1. 0. -314.286 1. 0.000 0. 351.374 0. 0. -1. 0.
-0.001 1. 0. -314.209 1. 0.001 0. 354.769 0. 0. -1. 0.
-0.000 1. 0. -314.141 1. 0.000 0. 358.170 0. 0. -1. 0.
0.001 1. 0. -314.069 1. -0.001 0. 361.543 0. 0. -1. 0.
0.002 1. 0. -313.982 1. -0.002 0. 364.927 0. 0. -1. 0.
0.005 1. 0. -313.903 1. -0.005 0. 368.286 0. 0. -1. 0.
0.008 1. 0. -313.812 1. -0.008 0. 371.644 0. 0. -1. 0.
0.010 1. 0. -313.706 1. -0.010 0. 375.003 0. 0. -1. 0.
0.010 1. 0. -313.598 1. -0.010 0. 378.353 0. 0. -1. 0.
0.008 1. 0. -313.506 1. -0.008 0. 381.715 0. 0. -1. 0.
0.006 1. 0. -313.417 1. -0.006 0. 385.049 0. 0. -1. 0.
0.004 1. 0. -313.311 1. -0.004 0. 388.392 0. 0. -1. 0.
0.003 1. 0. -313.207 1. -0.003 0. 391.721 0. 0. -1. 0.
0.002 1. 0. -313.165 1. -0.002 0. 395.013 0. 0. -1. 0.
0.000 1. 0. -313.102 1. -0.000 0. 398.350 0. 0. -1. 0.
-0.001 1. 0. -313.022 1. 0.001 0. 401.673 0. 0. -1. 0.
0.003 1. 0. -312.954 1. -0.003 0. 405.028 0. 0. -1. 0.
0.007 1. 0. -312.862 1. -0.007 0. 408.385 0. 0. -1. 0.
0.011 1. 0. -312.756 1. -0.011 0. 411.761 0. 0. -1. 0.
0.015 1.000 0. -312.633 1.000 -0.015 0. 415.148 0. 0. -1. 0.
0.013 1. 0. -312.505 1. -0.013 0. 418.542 0. 0. -1. 0.
0.010 1. 0. -312.392 1. -0.010 0. 421.953 0. 0. -1. 0.
0.008 1. 0. -312.279 1. -0.008 0. 425.366 0. 0. -1. 0.
0.007 1. 0. -312.185 1. -0.007 0. 428.759 0. 0. -1. 0.
0.011 1. 0. -312.096 1. -0.011 0. 432.130 0. 0. -1. 0.
0.013 1. 0. -311.980 1. -0.013 0. 435.469 0. 0. -1. 0.
0.008 1. 0. -311.878 1. -0.008 0. 438.746 0. 0. -1. 0.
0.008 1. 0. -311.799 1. -0.008 0. 441.969 0. 0. -1. 0.
0.009 1. 0. -311.704 1. -0.009 0. 445.159 0. 0. -1. 0.
0.010 1. 0. -311.607 1. -0.010 0. 448.331 0. 0. -1. 0.
0.012 1. 0. -311.508 1. -0.012 0. 451.480 0. 0. -1. 0.
0.015 1.000 0. -311.404 1.000 -0.015 0. 454.626 0. 0. -1. 0.
0.020 1.000 0. -311.287 1.000 -0.020 0. 457.759 0. 0. -1. 0.
0.025 1.000 0. -311.157 1.000 -0.025 0. 460.902 0. 0. -1. 0.
0.027 1.000 0. -310.997 1.000 -0.027 0. 464.085 0. 0. -1. 0.
0.023 1.000 0. -310.844 1.000 -0.023 0. 467.282 0. 0. -1. 0.
0.017 1.000 0. -310.719 1.000 -0.017 0. 470.508 0. 0. -1. 0.
0.012 1. 0. -310.611 1. -0.012 0. 473.776 0. 0. -1. 0.
0.008 1. 0. -310.503 1. -0.008 0. 477.070 0. 0. -1. 0.
0.004 1. 0. -310.400 1. -0.004 0. 480.388 0. 0. -1. 0.
0.000 1. 0. -310.319 1. -0.000 0. 483.714 0. 0. -1. 0.
-0.004 1. 0. -310.263 1. 0.004 0. 487.026 0. 0. -1. 0.
-0.009 1. 0. -310.219 1. 0.009 0. 490.357 0. 0. -1. 0.
-0.019 1.000 0. -310.192 1.000 0.019 0. 493.700 0. 0. -1. 0.
-0.028 1.000 0. -310.203 1.000 0.028 0. 497.086 0. 0. -1. 0.
-0.038 0.999 0. -310.237 0.999 0.038 0. 500.519 0. 0. -1. 0.
