1. 0. 0. 0. 0. 1. 0. 0. 0. 0. 1. 0.
1. 0.000 0. -0.000 -0.000 1. 0. -0.002 0. 0. 1. 0.
1. 0. 0. 0.002 -0. 1. 0. -0.003 0. 0. 1. 0.
1. 0. 0. -0.001 -0. 1. 0. -0.002 0. 0. 1. 0.
1. 0.000 0. -0.002 -0.000 1. 0. 0.005 0. 0. 1. 0.
1. -0. 0. -0. 0. 1. 0. 0.001 0. 0. 1. 0.
1. -0. 0. -0.001 0. 1. 0. -0.003 0. 0. 1. 0.
1. 0. 0. -0.000 -0. 1. 0. 0.000 0. 0. 1. 0.
1. -0. 0. -0.001 0. 1. 0. -0.006 0. 0. 1. 0.
1. -0.000 0. -0.001 0.000 1. 0. -0.006 0. 0. 1. 0.
1. -0.000 0. 0. 0.000 1. 0. 0.002 0. 0. 1. 0.
1. -0. 0. 0.001 0. 1. 0. -0.006 0. 0. 1. 0.
1. 0. 0. -0.002 -0. 1. 0. -0.004 0. 0. 1. 0.
1. 0. 0. 0.000 -0. 1. 0. -0.004 0. 0. 1. 0.
1. 0. 0. -0.005 -0. 1. 0. -0.007 0. 0. 1. 0.
1. -0. 0. -0.003 0. 1. 0. -0.005 0. 0. 1. 0.
1. -0. 0. -0.003 0. 1. 0. -0.003 0. 0. 1. 0.
1. -0.000 0. -0.001 0.000 1. 0. 0.000 0. 0. 1. 0.
1. -0.000 0. -0.004 0.000 1. 0. -0.001 0. 0. 1. 0.
1. 0. 0. -0.007 -0. 1. 0. 0.001 0. 0. 1. 0.
1. -0. 0. -0.006 0. 1. 0. 0.002 0. 0. 1. 0.
1. 0.000 0. -0.001 -0.000 1. 0. 0.003 0. 0. 1. 0.
1. 0. 0. -0.002 -0. 1. 0. 0.003 0. 0. 1. 0.
1. -0.000 0. -0.003 0.000 1. 0. -0.001 0. 0. 1. 0.
1. 0. 0. -0.003 -0. 1. 0. 0. 0. 0. 1. 0.
1. 0. 0. -0.001 -0. 1. 0. 0.002 0. 0. 1. 0.
1. -0.000 0. -0.003 0.000 1. 0. -0.001 0. 0. 1. 0.
1. 0.000 0. -0.004 -0.000 1. 0. -0.003 0. 0. 1. 0.
1. -0. 0. 0.001 0. 1. 0. -0.005 0. 0. 1. 0.
1. -0.000 0. -0.003 0.000 1. 0. -0.001 0. 0. 1. 0.
1. 0.000 0. 0.002 -0.000 1. 0. -0.003 0. 0. 1. 0.
1. 0. 0. -0.001 -0. 1. 0. -0. 0. 0. 1. 0.
1. -0. 0. -0.001 0. 1. 0. 0.003 0. 0. 1. 0.
1. 0.000 0. -0.001 -0.000 1. 0. 0.003 0. 0. 1. 0.
1. 0.000 0. -0.000 -0.000 1. 0. 0.002 0. 0. 1. 0.
1. 0.000 0. -0.002 -0.000 1. 0. -0.003 0. 0. 1. 0.
1. 0. 0. -0.001 -0. 1. 0. 0. 0. 0. 1. 0.
1. 0.000 0. 0.000 -0.000 1. 0. 0.008 0. 0. 1. 0.
1. -0. 0. -0.000 0. 1. 0. 0.005 0. 0. 1. 0.
1. -0. 0. 0. 0. 1. 0. 0.009 0. 0. 1. 0.
1. 0.000 0. -0.001 -0.000 1. 0. 0.003 0. 0. 1. 0.
1. 0.000 0. -0.004 -0.000 1. 0. 0.005 0. 0. 1. 0.
1. 0.000 0. 0.000 -0.000 1. 0. -0.001 0. 0. 1. 0.
1. 0. 0. -0.006 -0. 1. 0. 0.009 0. 0. 1. 0.
1. 0.000 0. -0.000 -0.000 1. 0. 0.004 0. 0. 1. 0.
1. 0. 0. -0.006 -0. 1. 0. 0.003 0. 0. 1. 0.
1. -0. 0. -0.002 0. 1. 0. 0.004 0. 0. 1. 0.
1. -0. 0. -0.004 0. 1. 0. 0.004 0. 0. 1. 0.
1. -0. 0. -0.001 0. 1. 0. 0.002 0. 0. 1. 0.
1. -0.000 0. -0. 0.000 1. 0. 0.001 0. 0. 1. 0.
1. -0. 0. 0.000 0. 1. 0. 0.007 0. 0. 1. 0.
1. -0. 0. 0.005 0. 1. 0. 0.002 0. 0. 1. 0.
1. 0. 0. 0.001 -0. 1. 0. -0.001 0. 0. 1. 0.
1. -0.000 0. -0. 0.000 1. 0. -0.003 0. 0. 1. 0.
1. -0. 0. -0.001 0. 1. 0. 0.004 0. 0. 1. 0.
1. -0. 0. 0.002 0. 1. 0. -0.001 0. 0. 1. 0.
1. -0. 0. -0.004 0. 1. 0. 0.000 0. 0. 1. 0.
1. 0.000 0. 0.001 -0.000 1. 0. 0.007 0. 0. 1. 0.
1. 0.000 0. 0.001 -0.000 1. 0. 0.002 0. 0. 1. 0.
1. 0.000 0. -0.001 -0.000 1. 0. -0.003 0. 0. 1. 0.
1. -0. 0. 0.001 0. 1. 0. 0.001 0. 0. 1. 0.
1. 0.000 0. -0.002 -0.000 1. 0. 0.004 0. 0. 1. 0.
1. 0. 0. 0.001 -0. 1. 0. 0.006 0. 0. 1. 0.
1. 0.000 0. -0.002 -0.000 1. 0. 0.003 0. 0. 1. 0.
1. 0.000 0. -0.002 -0.000 1. 0. 0.002 0. 0. 1. 0.
1. -0. 0. -0.002 0. 1. 0. 0.003 0. 0. 1. 0.
1. 0. 0. -0.002 -0. 1. 0. 0.002 0. 0. 1. 0.
1. -0.000 0. -0.004 0.000 1. 0. -0.003 0. 0. 1. 0.
1. -0. 0. -0.003 0. 1. 0. 0.002 0. 0. 1. 0.
1. -0.000 0. 0.001 0.000 1. 0. -0.008 0. 0. 1. 0.
1. -0.000 0. -0.006 0.000 1. 0. -0.007 0. 0. 1. 0.
1. -0.000 0. 0.000 0.000 1. 0. -0.010 0. 0. 1. 0.
1. -0. 0. -0.000 0. 1. 0. -0.007 0. 0. 1. 0.
1. -0.000 0. -0.006 0.000 1. 0. -0.006 0. 0. 1. 0.
1. -0.000 0. -0.000 0.000 1. 0. -0.001 0. 0. 1. 0.
1. -0.000 0. -0.003 0.000 1. 0. -0.005 0. 0. 1. 0.
1. -0.000 0. -0.003 0.000 1. 0. -0.001 0. 0. 1. 0.
1. -0.000 0. -0.002 0.000 1. 0. -0.003 0. 0. 1. 0.
1. -0. 0. -0.004 0. 1. 0. -0.003 0. 0. 1. 0.
1. -0.000 0. -0.002 0.000 1. 0. -0.004 0. 0. 1. 0.
1. -0.000 0. -0.003 0.000 1. 0. 0.003 0. 0. 1. 0.
1. -0.000 0. -0.004 0.000 1. 0. -0.003 0. 0. 1. 0.
1. -0.000 0. -0.005 0.000 1. 0. -0.003 0. 0. 1. 0.
1. -0. 0. -0.005 0. 1. 0. -0.000 0. 0. 1. 0.
1. -0.000 0. -0.001 0.000 1. 0. -0.004 0. 0. 1. 0.
1. -0. 0. -0.002 0. 1. 0. -0.007 0. 0. 1. 0.
1. 0. 0. -0.000 -0. 1. 0. -0.005 0. 0. 1. 0.
1. 0. 0. -0.005 -0. 1. 0. 0. 0. 0. 1. 0.
1. -0.000 0. -0.001 0.000 1. 0. -0.003 0. 0. 1. 0.
1. -0.000 0. -0.001 0.000 1. 0. -0.003 0. 0. 1. 0.
1. -0. 0. 0.001 0. 1. 0. -0.004 0. 0. 1. 0.
1. -0. 0. -0.003 0. 1. 0. -0.005 0. 0. 1. 0.
1. 0.000 0. 0.002 -0.000 1. 0. -0.007 0. 0. 1. 0.
1. -0. 0. -0.003 0. 1. 0. -0.009 0. 0. 1. 0.
1. -0. 0. -0.004 0. 1. 0. -0.008 0. 0. 1. 0.
1. 0.000 0. 0.000 -0.000 1. 0. -0.002 0. 0. 1. 0.
1. 0. 0. 0.002 -0. 1. 0. -0.001 0. 0. 1. 0.
1. -0. 0. -0.005 0. 1. 0. 0.001 0. 0. 1. 0.
1. -0. 0. -0.001 0. 1. 0. -0.005 0. 0. 1. 0.
1. 0. 0. -0.004 -0. 1. 0. 0.000 0. 0. 1. 0.
1. 0.000 0. -0.002 -0.000 1. 0. -0.003 0. 0. 1. 0.
1. 0. 0. -0.001 -0. 1. 0. -0.000 0. 0. 1. 0.
1. -0. 0. -0.001 0. 1. 0. -0.005 0. 0. 1. 0.
1. 0. 0. -0.005 -0. 1. 0. -0.001 0. 0. 1. 0.
1. -0. 0. 0.001 0. 1. 0. -0.001 0. 0. 1. 0.
1. 0.000 0. -0.005 -0.000 1. 0. -0.001 0. 0. 1. 0.
1. 0.000 0. -0.003 -0.000 1. 0. -0.004 0. 0. 1. 0.
1. -0. 0. -0.001 0. 1. 0. -0.003 0. 0. 1. 0.
1. -0.000 0. 0.007 0.000 1. 0. -0.013 0. 0. 1. 0.
1. -0.000 0. 0.011 0.000 1. 0. -0.010 0. 0. 1. 0.
1. -0.001 0. 0.020 0.001 1. 0. -0.012 0. 0. 1. 0.
1. -0.002 0. 0.058 0.002 1. 0. -0.028 0. 0. 1. 0.
1. -0.007 0. 0.140 0.007 1. 0. -0.014 0. 0. 1. 0.
1. -0.011 0. 0.242 0.011 1. 0. 0.049 0. 0. 1. 0.
1.000 -0.018 0. 0.408 0.018 1.000 0. 0.040 0. 0. 1. 0.
1.000 -0.030 0. 0.621 0.030 1.000 0. 0.091 0. 0. 1. 0.
0.999 -0.041 0. 0.925 0.041 0.999 0. 0.053 0. 0. 1. 0.
0.998 -0.055 0. 1.280 0.055 0.998 0. 0.075 0. 0. 1. 0.
0.997 -0.073 0. 1.665 0.073 0.997 0. 0.178 0. 0. 1. 0.
0.996 -0.094 0. 2.146 0.094 0.996 0. 0.243 0. 0. 1. 0.
0.993 -0.117 0. 2.654 0.117 0.993 0. 0.309 0. 0. 1. 0.
0.990 -0.143 0. 3.249 0.143 0.990 0. 0.407 0. 0. 1. 0.
0.986 -0.168 0. 3.872 0.168 0.986 0. 0.497 0. 0. 1. 0.
0.983 -0.186 0. 4.596 0.186 0.983 0. 0.600 0. 0. 1. 0.
0.980 -0.200 0. 5.363 0.200 0.980 0. 0.780 0. 0. 1. 0.
0.980 -0.199 0. 6.208 0.199 0.980 0. 0.925 0. 0. 1. 0.
0.981 -0.192 0. 7.139 0.192 0.981 0. 1.112 0. 0. 1. 0.
0.984 -0.180 0. 8.124 0.180 0.984 0. 1.247 0. 0. 1. 0.
0.986 -0.167 0. 9.160 0.167 0.986 0. 1.426 0. 0. 1. 0.
0.988 -0.154 0. 10.274 0.154 0.988 0. 1.600 0. 0. 1. 0.
0.990 -0.138 0. 11.440 0.138 0.990 0. 1.694 0. 0. 1. 0.
0.993 -0.120 0. 12.672 0.120 0.993 0. 1.822 0. 0. 1. 0.
0.995 -0.101 0. 13.972 0.101 0.995 0. 1.943 0. 0. 1. 0.
0.997 -0.081 0. 15.275 0.081 0.997 0. 2.010 0. 0. 1. 0.
0.998 -0.059 0. 16.583 0.059 0.998 0. 2.073 0. 0. 1. 0.
0.999 -0.040 0. 17.891 0.040 0.999 0. 2.070 0. 0. 1. 0.
1.000 -0.029 0. 19.158 0.029 1.000 0. 2.092 0. 0. 1. 0.
1.000 -0.022 0. 20.490 0.022 1.000 0. 2.054 0. 0. 1. 0.
1.000 -0.018 0. 21.858 0.018 1.000 0. 2.151 0. 0. 1. 0.
1. -0.012 0. 23.197 0.012 1. 0. 2.129 0. 0. 1. 0.
1. -0.008 0. 24.568 0.008 1. 0. 2.136 0. 0. 1. 0.
1. -0.003 0. 25.945 0.003 1. 0. 2.143 0. 0. 1. 0.
1. -0.000 0. 27.362 0.000 1. 0. 2.103 0. 0. 1. 0.
1. 0.006 0. 28.759 -0.006 1. 0. 2.135 0. 0. 1. 0.
1. 0.010 0. 30.186 -0.010 1. 0. 2.017 0. 0. 1. 0.
1. 0.013 0. 31.611 -0.013 1. 0. 1.973 0. 0. 1. 0.
1.000 0.016 0. 33.109 -0.016 1.000 0. 1.914 0. 0. 1. 0.
1.000 0.017 0. 34.590 -0.017 1.000 0. 1.922 0. 0. 1. 0.
1.000 0.017 0. 36.160 -0.017 1.000 0. 1.809 0. 0. 1. 0.
1.000 0.018 0. 37.734 -0.018 1.000 0. 1.785 0. 0. 1. 0.
1.000 0.018 0. 39.325 -0.018 1.000 0. 1.691 0. 0. 1. 0.
1.000 0.016 0. 40.933 -0.016 1.000 0. 1.621 0. 0. 1. 0.
1.000 0.016 0. 42.579 -0.016 1.000 0. 1.577 0. 0. 1. 0.
1.000 0.014 0. 44.266 -0.014 1.000 0. 1.515 0. 0. 1. 0.
1. 0.014 0. 45.978 -0.014 1. 0. 1.430 0. 0. 1. 0.
1. 0.012 0. 47.720 -0.012 1. 0. 1.453 0. 0. 1. 0.
1. 0.009 0. 49.465 -0.009 1. 0. 1.407 0. 0. 1. 0.
1. 0.006 0. 51.184 -0.006 1. 0. 1.374 0. 0. 1. 0.
1. 0.002 0. 52.917 -0.002 1. 0. 1.313 0. 0. 1. 0.
1. 0.001 0. 54.640 -0.001 1. 0. 1.308 0. 0. 1. 0.
1. -0.001 0. 56.373 0.001 1. 0. 1.281 0. 0. 1. 0.
1. -0.001 0. 58.114 0.001 1. 0. 1.285 0. 0. 1. 0.
1. -0. 0. 59.869 0. 1. 0. 1.278 0. 0. 1. 0.
1. 0.002 0. 61.649 -0.002 1. 0. 1.212 0. 0. 1. 0.
1. 0.004 0. 63.426 -0.004 1. 0. 1.187 0. 0. 1. 0.
1. 0.004 0. 65.254 -0.004 1. 0. 1.147 0. 0. 1. 0.
1. 0.006 0. 67.065 -0.006 1. 0. 1.135 0. 0. 1. 0.
1. 0.005 0. 68.899 -0.005 1. 0. 1.060 0. 0. 1. 0.
1. 0.007 0. 70.735 -0.007 1. 0. 1.053 0. 0. 1. 0.
1. 0.005 0. 72.527 -0.005 1. 0. 0.954 0. 0. 1. 0.
1. 0.007 0. 74.319 -0.007 1. 0. 0.925 0. 0. 1. 0.
1. 0.005 0. 76.143 -0.005 1. 0. 0.873 0. 0. 1. 0.
1. 0.004 0. 77.974 -0.004 1. 0. 0.802 0. 0. 1. 0.
1. 0.003 0. 79.796 -0.003 1. 0. 0.768 0. 0. 1. 0.
1. 0.004 0. 81.621 -0.004 1. 0. 0.759 0. 0. 1. 0.
1. 0.004 0. 83.409 -0.004 1. 0. 0.718 0. 0. 1. 0.
1. 0.007 0. 85.195 -0.007 1. 0. 0.656 0. 0. 1. 0.
1. 0.010 0. 86.959 -0.010 1. 0. 0.608 0. 0. 1. 0.
1. 0.011 0. 88.720 -0.011 1. 0. 0.538 0. 0. 1. 0.
1. 0.010 0. 90.437 -0.010 1. 0. 0.494 0. 0. 1. 0.
1. 0.009 0. 92.184 -0.009 1. 0. 0.425 0. 0. 1. 0.
1. 0.006 0. 93.926 -0.006 1. 0. 0.433 0. 0. 1. 0.
1. 0.001 0. 95.676 -0.001 1. 0. 0.363 0. 0. 1. 0.
1. -0.003 0. 97.366 0.003 1. 0. 0.379 0. 0. 1. 0.
1. -0.009 0. 99.006 0.009 1. 0. 0.351 0. 0. 1. 0.
1.000 -0.017 0. 100.693 0.017 1.000 0. 0.365 0. 0. 1. 0.
1.000 -0.022 0. 102.394 0.022 1.000 0. 0.347 0. 0. 1. 0.
1.000 -0.030 0. 104.061 0.030 1.000 0. 0.351 0. 0. 1. 0.
0.999 -0.033 0. 105.681 0.033 0.999 0. 0.383 0. 0. 1. 0.
0.999 -0.039 0. 107.301 0.039 0.999 0. 0.423 0. 0. 1. 0.
0.999 -0.043 0. 108.929 0.043 0.999 0. 0.493 0. 0. 1. 0.
0.999 -0.049 0. 110.520 0.049 0.999 0. 0.540 0. 0. 1. 0.
0.999 -0.051 0. 112.038 0.051 0.999 0. 0.606 0. 0. 1. 0.
0.998 -0.055 0. 113.580 0.055 0.998 0. 0.671 0. 0. 1. 0.
0.998 -0.057 0. 115.073 0.057 0.998 0. 0.771 0. 0. 1. 0.
0.998 -0.062 0. 116.562 0.062 0.998 0. 0.841 0. 0. 1. 0.
0.998 -0.065 0. 118.015 0.065 0.998 0. 0.962 0. 0. 1. 0.
0.998 -0.066 0. 119.475 0.066 0.998 0. 1.029 0. 0. 1. 0.
0.998 -0.066 0. 120.957 0.066 0.998 0. 1.102 0. 0. 1. 0.
0.998 -0.062 0. 122.409 0.062 0.998 0. 1.198 0. 0. 1. 0.
0.998 -0.057 0. 123.884 0.057 0.998 0. 1.250 0. 0. 1. 0.
0.999 -0.051 0. 125.339 0.051 0.999 0. 1.295 0. 0. 1. 0.
0.999 -0.043 0. 126.749 0.043 0.999 0. 1.342 0. 0. 1. 0.
0.999 -0.038 0. 128.182 0.038 0.999 0. 1.408 0. 0. 1. 0.
1.000 -0.031 0. 129.613 0.031 1.000 0. 1.399 0. 0. 1. 0.
1.000 -0.022 0. 131.040 0.022 1.000 0. 1.430 0. 0. 1. 0.
1.000 -0.017 0. 132.506 0.017 1.000 0. 1.441 0. 0. 1. 0.
1. -0.010 0. 133.991 0.010 1. 0. 1.459 0. 0. 1. 0.
1. -0.006 0. 135.471 0.006 1. 0. 1.405 0. 0. 1. 0.
1. -0.004 0. 136.923 0.004 1. 0. 1.407 0. 0. 1. 0.
1. -0.003 0. 138.396 0.003 1. 0. 1.383 0. 0. 1. 0.
1. -0.005 0. 139.901 0.005 1. 0. 1.324 0. 0. 1. 0.
1. -0.006 0. 141.363 0.006 1. 0. 1.293 0. 0. 1. 0.
1. -0.007 0. 142.843 0.007 1. 0. 1.236 0. 0. 1. 0.
1. -0.009 0. 144.338 0.009 1. 0. 1.278 0. 0. 1. 0.
1. -0.011 0. 145.806 0.011 1. 0. 1.240 0. 0. 1. 0.
1. -0.011 0. 147.177 0.011 1. 0. 1.278 0. 0. 1. 0.
1. -0.014 0. 148.548 0.014 1. 0. 1.244 0. 0. 1. 0.
1.000 -0.016 0. 149.905 0.016 1.000 0. 1.252 0. 0. 1. 0.
1.000 -0.018 0. 151.303 0.018 1.000 0. 1.315 0. 0. 1. 0.
1.000 -0.018 0. 152.687 0.018 1.000 0. 1.293 0. 0. 1. 0.
1.000 -0.018 0. 154.103 0.018 1.000 0. 1.327 0. 0. 1. 0.
1.000 -0.017 0. 155.526 0.017 1.000 0. 1.338 0. 0. 1. 0.
1.000 -0.018 0. 156.970 0.018 1.000 0. 1.351 0. 0. 1. 0.
1.000 -0.017 0. 158.449 0.017 1.000 0. 1.354 0. 0. 1. 0.
1.000 -0.019 0. 159.949 0.019 1.000 0. 1.371 0. 0. 1. 0.
1.000 -0.020 0. 161.462 0.020 1.000 0. 1.349 0. 0. 1. 0.
1.000 -0.020 0. 162.999 0.020 1.000 0. 1.363 0. 0. 1. 0.
1.000 -0.023 0. 164.558 0.023 1.000 0. 1.359 0. 0. 1. 0.
1.000 -0.023 0. 166.099 0.023 1.000 0. 1.368 0. 0. 1. 0.
1.000 -0.026 0. 167.702 0.026 1.000 0. 1.376 0. 0. 1. 0.
1.000 -0.029 0. 169.311 0.029 1.000 0. 1.407 0. 0. 1. 0.
1.000 -0.029 0. 170.922 0.029 1.000 0. 1.412 0. 0. 1. 0.
1.000 -0.031 0. 172.598 0.031 1.000 0. 1.420 0. 0. 1. 0.
0.999 -0.032 0. 174.303 0.032 0.999 0. 1.444 0. 0. 1. 0.
0.999 -0.033 0. 176.032 0.033 0.999 0. 1.465 0. 0. 1. 0.
0.999 -0.035 0. 177.765 0.035 0.999 0. 1.510 0. 0. 1. 0.
0.999 -0.038 0. 179.507 0.038 0.999 0. 1.509 0. 0. 1. 0.
0.999 -0.038 0. 181.297 0.038 0.999 0. 1.568 0. 0. 1. 0.
0.999 -0.040 0. 183.100 0.040 0.999 0. 1.599 0. 0. 1. 0.
0.999 -0.043 0. 184.919 0.043 0.999 0. 1.650 0. 0. 1. 0.
0.999 -0.042 0. 186.745 0.042 0.999 0. 1.669 0. 0. 1. 0.
0.999 -0.043 0. 188.560 0.043 0.999 0. 1.675 0. 0. 1. 0.
0.999 -0.045 0. 190.296 0.045 0.999 0. 1.757 0. 0. 1. 0.
0.999 -0.044 0. 192.055 0.044 0.999 0. 1.819 0. 0. 1. 0.
0.999 -0.045 0. 193.850 0.045 0.999 0. 1.838 0. 0. 1. 0.
0.999 -0.047 0. 195.645 0.047 0.999 0. 1.884 0. 0. 1. 0.
0.999 -0.048 0. 197.356 0.048 0.999 0. 1.962 0. 0. 1. 0.
0.999 -0.048 0. 199.003 0.048 0.999 0. 2.021 0. 0. 1. 0.
0.999 -0.050 0. 200.641 0.050 0.999 0. 2.095 0. 0. 1. 0.
0.999 -0.051 0. 202.190 0.051 0.999 0. 2.201 0. 0. 1. 0.
0.999 -0.052 0. 203.726 0.052 0.999 0. 2.255 0. 0. 1. 0.
0.999 -0.054 0. 205.222 0.054 0.999 0. 2.341 0. 0. 1. 0.
0.998 -0.055 0. 206.759 0.055 0.998 0. 2.402 0. 0. 1. 0.
0.998 -0.057 0. 208.290 0.057 0.998 0. 2.482 0. 0. 1. 0.
0.998 -0.057 0. 209.842 0.057 0.998 0. 2.576 0. 0. 1. 0.
0.999 -0.054 0. 211.381 0.054 0.999 0. 2.645 0. 0. 1. 0.
0.999 -0.050 0. 212.951 0.050 0.999 0. 2.701 0. 0. 1. 0.
0.999 -0.044 0. 214.525 0.044 0.999 0. 2.729 0. 0. 1. 0.
0.999 -0.038 0. 216.121 0.038 0.999 0. 2.797 0. 0. 1. 0.
1.000 -0.031 0. 217.760 0.031 1.000 0. 2.793 0. 0. 1. 0.
1.000 -0.023 0. 219.434 0.023 1.000 0. 2.832 0. 0. 1. 0.
1.000 -0.021 0. 221.136 0.021 1.000 0. 2.828 0. 0. 1. 0.
1.000 -0.020 0. 222.803 0.020 1.000 0. 2.817 0. 0. 1. 0.
1.000 -0.028 0. 224.504 0.028 1.000 0. 2.785 0. 0. 1. 0.
0.999 -0.043 0. 226.243 0.043 0.999 0. 2.877 0. 0. 1. 0.
0.998 -0.062 0. 228.064 0.062 0.998 0. 2.943 0. 0. 1. 0.
0.997 -0.079 0. 229.792 0.079 0.997 0. 3.095 0. 0. 1. 0.
0.995 -0.098 0. 231.510 0.098 0.995 0. 3.250 0. 0. 1. 0.
0.994 -0.110 0. 233.282 0.110 0.994 0. 3.414 0. 0. 1. 0.
0.993 -0.118 0. 235.057 0.118 0.993 0. 3.604 0. 0. 1. 0.
0.992 -0.124 0. 236.944 0.124 0.992 0. 3.829 0. 0. 1. 0.
0.992 -0.130 0. 238.727 0.130 0.992 0. 4.065 0. 0. 1. 0.
0.991 -0.135 0. 240.572 0.135 0.991 0. 4.305 0. 0. 1. 0.
0.990 -0.138 0. 242.411 0.138 0.990 0. 4.568 0. 0. 1. 0.
0.990 -0.142 0. 244.305 0.142 0.990 0. 4.785 0. 0. 1. 0.
0.989 -0.147 0. 246.229 0.147 0.989 0. 5.045 0. 0. 1. 0.
0.989 -0.147 0. 248.159 0.147 0.989 0. 5.335 0. 0. 1. 0.
0.989 -0.146 0. 250.158 0.146 0.989 0. 5.596 0. 0. 1. 0.
0.990 -0.143 0. 252.140 0.143 0.990 0. 5.857 0. 0. 1. 0.
0.990 -0.142 0. 254.131 0.142 0.990 0. 6.111 0. 0. 1. 0.
0.990 -0.140 0. 256.126 0.140 0.990 0. 6.384 0. 0. 1. 0.
0.990 -0.141 0. 258.141 0.141 0.990 0. 6.616 0. 0. 1. 0.
0.990 -0.141 0. 260.146 0.141 0.990 0. 6.879 0. 0. 1. 0.
0.990 -0.140 0. 262.132 0.140 0.990 0. 7.097 0. 0. 1. 0.
0.991 -0.136 0. 264.130 0.136 0.991 0. 7.335 0. 0. 1. 0.
0.991 -0.135 0. 266.110 0.135 0.991 0. 7.648 0. 0. 1. 0.
0.991 -0.135 0. 268.128 0.135 0.991 0. 7.882 0. 0. 1. 0.
0.991 -0.133 0. 270.083 0.133 0.991 0. 8.118 0. 0. 1. 0.
0.991 -0.132 0. 272.031 0.132 0.991 0. 8.362 0. 0. 1. 0.
0.991 -0.134 0. 274.036 0.134 0.991 0. 8.575 0. 0. 1. 0.
0.991 -0.134 0. 276.011 0.134 0.991 0. 8.856 0. 0. 1. 0.
0.991 -0.135 0. 277.961 0.135 0.991 0. 9.067 0. 0. 1. 0.
0.990 -0.138 0. 279.855 0.138 0.990 0. 9.345 0. 0. 1. 0.
0.990 -0.138 0. 281.826 0.138 0.990 0. 9.581 0. 0. 1. 0.
0.990 -0.138 0. 283.805 0.138 0.990 0. 9.816 0. 0. 1. 0.
0.991 -0.136 0. 285.756 0.136 0.991 0. 10.084 0. 0. 1. 0.
0.991 -0.133 0. 287.782 0.133 0.991 0. 10.290 0. 0. 1. 0.
0.991 -0.135 0. 289.816 0.135 0.991 0. 10.547 0. 0. 1. 0.
0.991 -0.136 0. 291.850 0.136 0.991 0. 10.769 0. 0. 1. 0.
0.991 -0.132 0. 293.886 0.132 0.991 0. 10.966 0. 0. 1. 0.
0.991 -0.133 0. 296.002 0.133 0.991 0. 11.207 0. 0. 1. 0.
0.991 -0.133 0. 298.100 0.133 0.991 0. 11.476 0. 0. 1. 0.
0.992 -0.130 0. 300.202 0.130 0.992 0. 11.717 0. 0. 1. 0.
0.992 -0.126 0. 302.348 0.126 0.992 0. 11.931 0. 0. 1. 0.
0.992 -0.125 0. 304.447 0.125 0.992 0. 12.138 0. 0. 1. 0.
0.993 -0.121 0. 306.644 0.121 0.993 0. 12.347 0. 0. 1. 0.
0.993 -0.115 0. 308.844 0.115 0.993 0. 12.549 0. 0. 1. 0.
0.994 -0.112 0. 310.993 0.112 0.994 0. 12.801 0. 0. 1. 0.
0.994 -0.110 0. 313.165 0.110 0.994 0. 13.008 0. 0. 1. 0.
0.994 -0.108 0. 315.339 0.108 0.994 0. 13.141 0. 0. 1. 0.
0.995 -0.104 0. 317.494 0.104 0.995 0. 13.336 0. 0. 1. 0.
0.995 -0.102 0. 319.658 0.102 0.995 0. 13.544 0. 0. 1. 0.
0.995 -0.096 0. 321.863 0.096 0.995 0. 13.675 0. 0. 1. 0.
0.995 -0.096 0. 324.042 0.096 0.995 0. 13.784 0. 0. 1. 0.
0.995 -0.097 0. 326.185 0.097 0.995 0. 13.985 0. 0. 1. 0.
0.996 -0.095 0. 328.373 0.095 0.996 0. 14.140 0. 0. 1. 0.
0.995 -0.095 0. 330.583 0.095 0.995 0. 14.295 0. 0. 1. 0.
0.996 -0.091 0. 332.738 0.091 0.996 0. 14.507 0. 0. 1. 0.
0.996 -0.090 0. 334.918 0.090 0.996 0. 14.653 0. 0. 1. 0.
0.996 -0.090 0. 337.141 0.090 0.996 0. 14.801 0. 0. 1. 0.
0.996 -0.089 0. 339.312 0.089 0.996 0. 14.993 0. 0. 1. 0.
0.996 -0.091 0. 341.518 0.091 0.996 0. 15.131 0. 0. 1. 0.
0.996 -0.091 0. 343.687 0.091 0.996 0. 15.285 0. 0. 1. 0.
0.996 -0.092 0. 345.857 0.092 0.996 0. 15.486 0. 0. 1. 0.
0.996 -0.091 0. 348.106 0.091 0.996 0. 15.559 0. 0. 1. 0.
0.996 -0.089 0. 350.341 0.089 0.996 0. 15.759 0. 0. 1. 0.
0.997 -0.083 0. 352.550 0.083 0.997 0. 15.923 0. 0. 1. 0.
0.997 -0.077 0. 354.718 0.077 0.997 0. 16.026 0. 0. 1. 0.
0.998 -0.065 0. 356.896 0.065 0.998 0. 16.105 0. 0. 1. 0.
0.999 -0.054 0. 359.098 0.054 0.999 0. 16.257 0. 0. 1. 0.
0.999 -0.036 0. 361.308 0.036 0.999 0. 16.305 0. 0. 1. 0.
1.000 -0.020 0. 363.499 0.020 1.000 0. 16.242 0. 0. 1. 0.
1. -0.001 0. 365.675 0.001 1. 0. 16.260 0. 0. 1. 0.
1.000 0.016 0. 367.955 -0.016 1.000 0. 16.175 0. 0. 1. 0.
0.999 0.034 0. 370.098 -0.034 0.999 0. 16.087 0. 0. 1. 0.
0.999 0.049 0. 372.274 -0.049 0.999 0. 15.925 0. 0. 1. 0.
0.998 0.058 0. 374.507 -0.058 0.998 0. 15.746 0. 0. 1. 0.
0.998 0.067 0. 376.641 -0.067 0.998 0. 15.576 0. 0. 1. 0.
0.998 0.069 0. 378.891 -0.069 0.998 0. 15.413 0. 0. 1. 0.
0.998 0.069 0. 381.065 -0.069 0.998 0. 15.257 0. 0. 1. 0.
0.998 0.064 0. 383.290 -0.064 0.998 0. 15.090 0. 0. 1. 0.
0.999 0.055 0. 385.417 -0.055 0.999 0. 14.900 0. 0. 1. 0.
0.999 0.047 0. 387.602 -0.047 0.999 0. 14.788 0. 0. 1. 0.
0.999 0.037 0. 389.811 -0.037 0.999 0. 14.664 0. 0. 1. 0.
1.000 0.028 0. 392.039 -0.028 1.000 0. 14.588 0. 0. 1. 0.
1.000 0.019 0. 394.234 -0.019 1.000 0. 14.492 0. 0. 1. 0.
1. 0.012 0. 396.453 -0.012 1. 0. 14.460 0. 0. 1. 0.
1. 0.005 0. 398.688 -0.005 1. 0. 14.405 0. 0. 1. 0.
1. -0.000 0. 400.910 0.000 1. 0. 14.415 0. 0. 1. 0.
1. -0.005 0. 403.133 0.005 1. 0. 14.380 0. 0. 1. 0.
1. -0.010 0. 405.364 0.010 1. 0. 14.366 0. 0. 1. 0.
1.000 -0.016 0. 407.580 0.016 1.000 0. 14.387 0. 0. 1. 0.
1.000 -0.018 0. 409.796 0.018 1.000 0. 14.372 0. 0. 1. 0.
1.000 -0.022 0. 412.028 0.022 1.000 0. 14.405 0. 0. 1. 0.
1.000 -0.025 0. 414.258 0.025 1.000 0. 14.433 0. 0. 1. 0.
1.000 -0.028 0. 416.513 0.028 1.000 0. 14.441 0. 0. 1. 0.
1.000 -0.030 0. 418.730 0.030 1.000 0. 14.466 0. 0. 1. 0.
0.999 -0.033 0. 420.950 0.033 0.999 0. 14.495 0. 0. 1. 0.
0.999 -0.035 0. 423.233 0.035 0.999 0. 14.546 0. 0. 1. 0.
0.999 -0.037 0. 425.493 0.037 0.999 0. 14.573 0. 0. 1. 0.
0.999 -0.040 0. 427.761 0.040 0.999 0. 14.669 0. 0. 1. 0.
0.999 -0.042 0. 429.922 0.042 0.999 0. 14.721 0. 0. 1. 0.
0.999 -0.045 0. 432.179 0.045 0.999 0. 14.731 0. 0. 1. 0.
0.999 -0.045 0. 434.335 0.045 0.999 0. 14.797 0. 0. 1. 0.
0.999 -0.048 0. 436.472 0.048 0.999 0. 14.880 0. 0. 1. 0.
0.999 -0.049 0. 438.560 0.049 0.999 0. 14.935 0. 0. 1. 0.
0.999 -0.049 0. 440.605 0.049 0.999 0. 15.001 0. 0. 1. 0.
0.999 -0.050 0. 442.627 0.050 0.999 0. 15.089 0. 0. 1. 0.
0.999 -0.053 0. 444.592 0.053 0.999 0. 15.168 0. 0. 1. 0.
0.999 -0.054 0. 446.498 0.054 0.999 0. 15.256 0. 0. 1. 0.
0.999 -0.055 0. 448.355 0.055 0.999 0. 15.289 0. 0. 1. 0.
0.998 -0.056 0. 450.195 0.056 0.998 0. 15.366 0. 0. 1. 0.
0.999 -0.054 0. 451.987 0.054 0.999 0. 15.449 0. 0. 1. 0.
0.999 -0.052 0. 453.712 0.052 0.999 0. 15.462 0. 0. 1. 0.
0.999 -0.049 0. 455.365 0.049 0.999 0. 15.492 0. 0. 1. 0.
0.999 -0.045 0. 456.913 0.045 0.999 0. 15.535 0. 0. 1. 0.
0.999 -0.038 0. 458.401 0.038 0.999 0. 15.587 0. 0. 1. 0.
1.000 -0.026 0. 459.805 0.026 1.000 0. 15.593 0. 0. 1. 0.
1. -0.010 0. 461.149 0.010 1. 0. 15.553 0. 0. 1. 0.
1. 0.012 0. 462.415 -0.012 1. 0. 15.487 0. 0. 1. 0.
0.999 0.038 0. 463.630 -0.038 0.999 0. 15.406 0. 0. 1. 0.
0.998 0.071 0. 464.746 -0.071 0.998 0. 15.286 0. 0. 1. 0.
0.994 0.112 0. 465.799 -0.112 0.994 0. 15.147 0. 0. 1. 0.
0.987 0.158 0. 466.768 -0.158 0.987 0. 14.933 0. 0. 1. 0.
0.979 0.205 0. 467.745 -0.205 0.979 0. 14.710 0. 0. 1. 0.
0.966 0.257 0. 468.684 -0.257 0.966 0. 14.402 0. 0. 1. 0.
0.949 0.315 0. 469.521 -0.315 0.949 0. 14.064 0. 0. 1. 0.
0.926 0.379 0. 470.335 -0.379 0.926 0. 13.654 0. 0. 1. 0.
0.893 0.450 0. 471.098 -0.450 0.893 0. 13.187 0. 0. 1. 0.
0.850 0.527 0. 471.878 -0.527 0.850 0. 12.709 0. 0. 1. 0.
0.795 0.607 0. 472.526 -0.607 0.795 0. 12.072 0. 0. 1. 0.
0.725 0.689 0. 473.160 -0.689 0.725 0. 11.395 0. 0. 1. 0.
0.639 0.770 0. 473.649 -0.770 0.639 0. 10.664 0. 0. 1. 0.
0.538 0.843 0. 474.036 -0.843 0.538 0. 9.828 0. 0. 1. 0.
0.425 0.905 0. 474.325 -0.905 0.425 0. 9.007 0. 0. 1. 0.
0.299 0.954 0. 474.512 -0.954 0.299 0. 8.127 0. 0. 1. 0.
0.163 0.987 0. 474.576 -0.987 0.163 0. 7.173 0. 0. 1. 0.
0.018 1.000 0. 474.485 -1.000 0.018 0. 6.222 0. 0. 1. 0.
-0.127 0.992 0. 474.255 -0.992 -0.127 0. 5.275 0. 0. 1. 0.
-0.271 0.963 0. 473.880 -0.963 -0.271 0. 4.305 0. 0. 1. 0.
-0.405 0.914 0. 473.358 -0.914 -0.405 0. 3.312 0. 0. 1. 0.
-0.526 0.851 0. 472.720 -0.851 -0.526 0. 2.436 0. 0. 1. 0.
-0.628 0.778 0. 471.928 -0.778 -0.628 0. 1.536 0. 0. 1. 0.
-0.708 0.706 0. 471.039 -0.706 -0.708 0. 0.737 0. 0. 1. 0.
-0.767 0.641 0. 470.031 -0.641 -0.767 0. -0.004 0. 0. 1. 0.
-0.808 0.589 0. 468.938 -0.589 -0.808 0. -0.744 0. 0. 1. 0.
-0.834 0.552 0. 467.796 -0.552 -0.834 0. -1.487 0. 0. 1. 0.
-0.851 0.525 0. 466.536 -0.525 -0.851 0. -2.150 0. 0. 1. 0.
-0.863 0.505 0. 465.296 -0.505 -0.863 0. -2.843 0. 0. 1. 0.
-0.874 0.486 0. 463.922 -0.486 -0.874 0. -3.521 0. 0. 1. 0.
-0.884 0.468 0. 462.531 -0.468 -0.884 0. -4.235 0. 0. 1. 0.
-0.892 0.452 0. 461.002 -0.452 -0.892 0. -4.933 0. 0. 1. 0.
-0.898 0.439 0. 459.430 -0.439 -0.898 0. -5.632 0. 0. 1. 0.
-0.904 0.428 0. 457.767 -0.428 -0.904 0. -6.391 0. 0. 1. 0.
-0.908 0.420 0. 456.106 -0.420 -0.908 0. -7.126 0. 0. 1. 0.
-0.909 0.417 0. 454.335 -0.417 -0.909 0. -7.891 0. 0. 1. 0.
-0.909 0.416 0. 452.569 -0.416 -0.909 0. -8.649 0. 0. 1. 0.
-0.909 0.416 0. 450.729 -0.416 -0.909 0. -9.454 0. 0. 1. 0.
-0.909 0.417 0. 448.919 -0.417 -0.909 0. -10.253 0. 0. 1. 0.
-0.908 0.419 0. 447.067 -0.419 -0.908 0. -11.065 0. 0. 1. 0.
-0.907 0.422 0. 445.159 -0.422 -0.907 0. -11.931 0. 0. 1. 0.
-0.905 0.425 0. 443.236 -0.425 -0.905 0. -12.758 0. 0. 1. 0.
-0.904 0.428 0. 441.302 -0.428 -0.904 0. -13.643 0. 0. 1. 0.
-0.903 0.430 0. 439.448 -0.430 -0.903 0. -14.520 0. 0. 1. 0.
-0.902 0.431 0. 437.556 -0.431 -0.902 0. -15.339 0. 0. 1. 0.
-0.902 0.431 0. 435.666 -0.431 -0.902 0. -16.240 0. 0. 1. 0.
-0.903 0.430 0. 433.822 -0.430 -0.903 0. -17.157 0. 0. 1. 0.
-0.903 0.430 0. 431.931 -0.430 -0.903 0. -17.989 0. 0. 1. 0.
-0.903 0.429 0. 430.094 -0.429 -0.903 0. -18.881 0. 0. 1. 0.
-0.904 0.428 0. 428.215 -0.428 -0.904 0. -19.702 0. 0. 1. 0.
-0.904 0.428 0. 426.430 -0.428 -0.904 0. -20.610 0. 0. 1. 0.
-0.904 0.427 0. 424.587 -0.427 -0.904 0. -21.389 0. 0. 1. 0.
-0.904 0.428 0. 422.809 -0.428 -0.904 0. -22.246 0. 0. 1. 0.
-0.903 0.429 0. 421.031 -0.429 -0.903 0. -23.074 0. 0. 1. 0.
-0.904 0.428 0. 419.225 -0.428 -0.904 0. -23.909 0. 0. 1. 0.
-0.903 0.429 0. 417.414 -0.429 -0.903 0. -24.672 0. 0. 1. 0.
-0.904 0.428 0. 415.650 -0.428 -0.904 0. -25.471 0. 0. 1. 0.
-0.904 0.427 0. 413.947 -0.427 -0.904 0. -26.271 0. 0. 1. 0.
-0.905 0.426 0. 412.277 -0.426 -0.905 0. -27.053 0. 0. 1. 0.
-0.905 0.424 0. 410.635 -0.424 -0.905 0. -27.798 0. 0. 1. 0.
-0.906 0.424 0. 409.052 -0.424 -0.906 0. -28.560 0. 0. 1. 0.
-0.906 0.423 0. 407.503 -0.423 -0.906 0. -29.229 0. 0. 1. 0.
-0.906 0.423 0. 406.049 -0.423 -0.906 0. -29.933 0. 0. 1. 0.
-0.907 0.422 0. 404.634 -0.422 -0.907 0. -30.565 0. 0. 1. 0.
-0.907 0.421 0. 403.304 -0.421 -0.907 0. -31.194 0. 0. 1. 0.
-0.908 0.420 0. 402.026 -0.420 -0.908 0. -31.730 0. 0. 1. 0.
-0.908 0.419 0. 400.792 -0.419 -0.908 0. -32.276 0. 0. 1. 0.
-0.909 0.416 0. 399.614 -0.416 -0.909 0. -32.787 0. 0. 1. 0.
-0.909 0.418 0. 398.521 -0.418 -0.909 0. -33.296 0. 0. 1. 0.
-0.909 0.418 0. 397.481 -0.418 -0.909 0. -33.733 0. 0. 1. 0.
-0.909 0.416 0. 396.503 -0.416 -0.909 0. -34.193 0. 0. 1. 0.
-0.909 0.416 0. 395.575 -0.416 -0.909 0. -34.603 0. 0. 1. 0.
-0.909 0.416 0. 394.690 -0.416 -0.909 0. -34.987 0. 0. 1. 0.
-0.910 0.414 0. 393.860 -0.414 -0.910 0. -35.336 0. 0. 1. 0.
-0.911 0.413 0. 393.082 -0.413 -0.911 0. -35.696 0. 0. 1. 0.
-0.911 0.411 0. 392.333 -0.411 -0.911 0. -35.956 0. 0. 1. 0.
-0.912 0.411 0. 391.661 -0.411 -0.912 0. -36.287 0. 0. 1. 0.
-0.913 0.408 0. 390.999 -0.408 -0.913 0. -36.541 0. 0. 1. 0.
-0.915 0.404 0. 390.403 -0.404 -0.915 0. -36.791 0. 0. 1. 0.
-0.915 0.404 0. 389.823 -0.404 -0.915 0. -37.019 0. 0. 1. 0.
-0.915 0.404 0. 389.296 -0.404 -0.915 0. -37.267 0. 0. 1. 0.
-0.916 0.401 0. 388.795 -0.401 -0.916 0. -37.483 0. 0. 1. 0.
-0.916 0.400 0. 388.305 -0.400 -0.916 0. -37.670 0. 0. 1. 0.
-0.917 0.398 0. 387.888 -0.398 -0.917 0. -37.862 0. 0. 1. 0.
-0.918 0.396 0. 387.469 -0.396 -0.918 0. -38.009 0. 0. 1. 0.
-0.918 0.397 0. 387.113 -0.397 -0.918 0. -38.155 0. 0. 1. 0.
-0.918 0.396 0. 386.800 -0.396 -0.918 0. -38.314 0. 0. 1. 0.
-0.919 0.394 0. 386.511 -0.394 -0.919 0. -38.395 0. 0. 1. 0.
-0.920 0.392 0. 386.260 -0.392 -0.920 0. -38.507 0. 0. 1. 0.
-0.920 0.392 0. 386.041 -0.392 -0.920 0. -38.608 0. 0. 1. 0.
-0.920 0.393 0. 385.874 -0.393 -0.920 0. -38.676 0. 0. 1. 0.
-0.920 0.393 0. 385.712 -0.393 -0.920 0. -38.744 0. 0. 1. 0.
-0.920 0.392 0. 385.584 -0.392 -0.920 0. -38.795 0. 0. 1. 0.
-0.920 0.392 0. 385.479 -0.392 -0.920 0. -38.831 0. 0. 1. 0.
-0.920 0.393 0. 385.384 -0.393 -0.920 0. -38.849 0. 0. 1. 0.
-0.920 0.393 0. 385.305 -0.393 -0.920 0. -38.895 0. 0. 1. 0.
-0.920 0.392 0. 385.261 -0.392 -0.920 0. -38.938 0. 0. 1. 0.
-0.920 0.392 0. 385.244 -0.392 -0.920 0. -38.944 0. 0. 1. 0.
-0.920 0.392 0. 385.246 -0.392 -0.920 0. -38.950 0. 0. 1. 0.
-0.920 0.392 0. 385.235 -0.392 -0.920 0. -38.921 0. 0. 1. 0.
-0.920 0.392 0. 385.239 -0.392 -0.920 0. -38.937 0. 0. 1. 0.
-0.920 0.392 0. 385.235 -0.392 -0.920 0. -38.940 0. 0. 1. 0.
-0.920 0.391 0. 385.237 -0.391 -0.920 0. -38.924 0. 0. 1. 0.
-0.920 0.391 0. 385.242 -0.391 -0.920 0. -38.929 0. 0. 1. 0.
-0.920 0.392 0. 385.241 -0.392 -0.920 0. -38.939 0. 0. 1. 0.
-0.920 0.392 0. 385.245 -0.392 -0.920 0. -38.935 0. 0. 1. 0.
-0.920 0.392 0. 385.245 -0.392 -0.920 0. -38.940 0. 0. 1. 0.
-0.920 0.392 0. 385.252 -0.392 -0.920 0. -38.941 0. 0. 1. 0.
-0.920 0.392 0. 385.243 -0.392 -0.920 0. -38.939 0. 0. 1. 0.
-0.920 0.392 0. 385.255 -0.392 -0.920 0. -38.937 0. 0. 1. 0.
-0.920 0.392 0. 385.242 -0.392 -0.920 0. -38.939 0. 0. 1. 0.
-0.920 0.392 0. 385.251 -0.392 -0.920 0. -38.940 0. 0. 1. 0.
-0.920 0.392 0. 385.243 -0.392 -0.920 0. -38.937 0. 0. 1. 0.
-0.920 0.392 0. 385.250 -0.392 -0.920 0. -38.951 0. 0. 1. 0.
-0.920 0.392 0. 385.252 -0.392 -0.920 0. -38.926 0. 0. 1. 0.
-0.920 0.391 0. 385.239 -0.391 -0.920 0. -38.921 0. 0. 1. 0.
-0.920 0.391 0. 385.243 -0.391 -0.920 0. -38.932 0. 0. 1. 0.
-0.920 0.392 0. 385.243 -0.392 -0.920 0. -38.931 0. 0. 1. 0.
-0.920 0.392 0. 385.255 -0.392 -0.920 0. -38.936 0. 0. 1. 0.
-0.920 0.391 0. 385.240 -0.391 -0.920 0. -38.933 0. 0. 1. 0.
-0.920 0.392 0. 385.253 -0.392 -0.920 0. -38.935 0. 0. 1. 0.
-0.920 0.391 0. 385.245 -0.391 -0.920 0. -38.937 0. 0. 1. 0.
-0.920 0.392 0. 385.245 -0.392 -0.920 0. -38.923 0. 0. 1. 0.
-0.920 0.392 0. 385.244 -0.392 -0.920 0. -38.922 0. 0. 1. 0.
-0.920 0.392 0. 385.245 -0.392 -0.920 0. -38.929 0. 0. 1. 0.
-0.920 0.392 0. 385.249 -0.392 -0.920 0. -38.924 0. 0. 1. 0.
-0.920 0.392 0. 385.243 -0.392 -0.920 0. -38.926 0. 0. 1. 0.
-0.920 0.392 0. 385.251 -0.392 -0.920 0. -38.931 0. 0. 1. 0.
-0.921 0.390 0. 385.239 -0.390 -0.921 0. -38.905 0. 0. 1. 0.
-0.920 0.391 0. 385.244 -0.391 -0.920 0. -38.923 0. 0. 1. 0.
-0.920 0.391 0. 385.250 -0.391 -0.920 0. -38.927 0. 0. 1. 0.
-0.920 0.392 0. 385.247 -0.392 -0.920 0. -38.920 0. 0. 1. 0.
-0.920 0.392 0. 385.245 -0.392 -0.920 0. -38.943 0. 0. 1. 0.
-0.920 0.392 0. 385.246 -0.392 -0.920 0. -38.921 0. 0. 1. 0.
-0.920 0.392 0. 385.243 -0.392 -0.920 0. -38.916 0. 0. 1. 0.
-0.920 0.392 0. 385.235 -0.392 -0.920 0. -38.910 0. 0. 1. 0.
-0.921 0.391 0. 385.239 -0.391 -0.921 0. -38.916 0. 0. 1. 0.
-0.920 0.391 0. 385.246 -0.391 -0.920 0. -38.930 0. 0. 1. 0.
-0.920 0.391 0. 385.235 -0.391 -0.920 0. -38.918 0. 0. 1. 0.
-0.920 0.391 0. 385.235 -0.391 -0.920 0. -38.914 0. 0. 1. 0.
-0.920 0.391 0. 385.240 -0.391 -0.920 0. -38.919 0. 0. 1. 0.
-0.920 0.391 0. 385.233 -0.391 -0.920 0. -38.925 0. 0. 1. 0.
-0.920 0.391 0. 385.246 -0.391 -0.920 0. -38.926 0. 0. 1. 0.
-0.920 0.391 0. 385.249 -0.391 -0.920 0. -38.931 0. 0. 1. 0.
-0.920 0.391 0. 385.244 -0.391 -0.920 0. -38.924 0. 0. 1. 0.
-0.920 0.392 0. 385.245 -0.392 -0.920 0. -38.928 0. 0. 1. 0.
-0.920 0.392 0. 385.237 -0.392 -0.920 0. -38.931 0. 0. 1. 0.
-0.920 0.391 0. 385.246 -0.391 -0.920 0. -38.931 0. 0. 1. 0.
-0.920 0.392 0. 385.236 -0.392 -0.920 0. -38.925 0. 0. 1. 0.
-0.920 0.392 0. 385.242 -0.392 -0.920 0. -38.929 0. 0. 1. 0.
-0.920 0.392 0. 385.243 -0.392 -0.920 0. -38.936 0. 0. 1. 0.
-0.920 0.392 0. 385.243 -0.392 -0.920 0. -38.924 0. 0. 1. 0.
-0.920 0.392 0. 385.247 -0.392 -0.920 0. -38.926 0. 0. 1. 0.
-0.920 0.391 0. 385.245 -0.391 -0.920 0. -38.933 0. 0. 1. 0.
-0.920 0.392 0. 385.244 -0.392 -0.920 0. -38.935 0. 0. 1. 0.
-0.920 0.392 0. 385.244 -0.392 -0.920 0. -38.924 0. 0. 1. 0.
-0.920 0.392 0. 385.238 -0.392 -0.920 0. -38.929 0. 0. 1. 0.
-0.920 0.392 0. 385.243 -0.392 -0.920 0. -38.916 0. 0. 1. 0.
-0.920 0.391 0. 385.236 -0.391 -0.920 0. -38.937 0. 0. 1. 0.
-0.920 0.392 0. 385.207 -0.392 -0.920 0. -38.937 0. 0. 1. 0.
-0.921 0.390 0. 385.169 -0.390 -0.921 0. -38.954 0. 0. 1. 0.
-0.921 0.390 0. 385.111 -0.390 -0.921 0. -38.982 0. 0. 1. 0.
-0.921 0.390 0. 385.032 -0.390 -0.921 0. -39.018 0. 0. 1. 0.
-0.921 0.390 0. 384.854 -0.390 -0.921 0. -39.034 0. 0. 1. 0.
-0.921 0.390 0. 384.636 -0.390 -0.921 0. -39.113 0. 0. 1. 0.
-0.922 0.387 0. 384.365 -0.387 -0.922 0. -39.256 0. 0. 1. 0.
-0.922 0.388 0. 384.059 -0.388 -0.922 0. -39.376 0. 0. 1. 0.
-0.922 0.387 0. 383.700 -0.387 -0.922 0. -39.552 0. 0. 1. 0.
-0.922 0.388 0. 383.186 -0.388 -0.922 0. -39.702 0. 0. 1. 0.
-0.923 0.385 0. 382.666 -0.385 -0.923 0. -39.948 0. 0. 1. 0.
-0.924 0.383 0. 382.066 -0.383 -0.924 0. -40.168 0. 0. 1. 0.
-0.924 0.382 0. 381.391 -0.382 -0.924 0. -40.424 0. 0. 1. 0.
-0.925 0.381 0. 380.621 -0.381 -0.925 0. -40.725 0. 0. 1. 0.
-0.925 0.381 0. 379.819 -0.381 -0.925 0. -41.059 0. 0. 1. 0.
-0.925 0.381 0. 378.952 -0.381 -0.925 0. -41.417 0. 0. 1. 0.
-0.925 0.379 0. 378.005 -0.379 -0.925 0. -41.794 0. 0. 1. 0.
-0.925 0.380 0. 376.954 -0.380 -0.925 0. -42.196 0. 0. 1. 0.
-0.925 0.379 0. 375.908 -0.379 -0.925 0. -42.637 0. 0. 1. 0.
-0.926 0.377 0. 374.707 -0.377 -0.926 0. -43.061 0. 0. 1. 0.
-0.928 0.373 0. 373.457 -0.373 -0.928 0. -43.503 0. 0. 1. 0.
-0.929 0.369 0. 372.195 -0.369 -0.929 0. -43.969 0. 0. 1. 0.
-0.931 0.365 0. 370.869 -0.365 -0.931 0. -44.508 0. 0. 1. 0.
-0.933 0.359 0. 369.455 -0.359 -0.933 0. -45.037 0. 0. 1. 0.
-0.936 0.352 0. 368.005 -0.352 -0.936 0. -45.548 0. 0. 1. 0.
-0.938 0.347 0. 366.497 -0.347 -0.938 0. -46.061 0. 0. 1. 0.
-0.939 0.344 0. 364.897 -0.344 -0.939 0. -46.530 0. 0. 1. 0.
-0.941 0.339 0. 363.289 -0.339 -0.941 0. -47.135 0. 0. 1. 0.
-0.943 0.332 0. 361.628 -0.332 -0.943 0. -47.725 0. 0. 1. 0.
-0.944 0.330 0. 359.896 -0.330 -0.944 0. -48.279 0. 0. 1. 0.
-0.946 0.324 0. 358.135 -0.324 -0.946 0. -48.864 0. 0. 1. 0.
-0.947 0.321 0. 356.294 -0.321 -0.947 0. -49.452 0. 0. 1. 0.
-0.949 0.315 0. 354.454 -0.315 -0.949 0. -50.072 0. 0. 1. 0.
-0.950 0.311 0. 352.519 -0.311 -0.950 0. -50.639 0. 0. 1. 0.
-0.952 0.306 0. 350.525 -0.306 -0.952 0. -51.196 0. 0. 1. 0.
-0.954 0.300 0. 348.530 -0.300 -0.954 0. -51.774 0. 0. 1. 0.
-0.955 0.297 0. 346.485 -0.297 -0.955 0. -52.388 0. 0. 1. 0.
-0.957 0.290 0. 344.378 -0.290 -0.957 0. -53.008 0. 0. 1. 0.
-0.958 0.287 0. 342.249 -0.287 -0.958 0. -53.588 0. 0. 1. 0.
-0.958 0.287 0. 340.077 -0.287 -0.958 0. -54.198 0. 0. 1. 0.
-0.957 0.291 0. 337.903 -0.291 -0.957 0. -54.807 0. 0. 1. 0.
-0.956 0.294 0. 335.721 -0.294 -0.956 0. -55.455 0. 0. 1. 0.
-0.955 0.298 0. 333.498 -0.298 -0.955 0. -56.083 0. 0. 1. 0.
-0.953 0.301 0. 331.265 -0.301 -0.953 0. -56.732 0. 0. 1. 0.
-0.951 0.311 0. 329.009 -0.311 -0.951 0. -57.425 0. 0. 1. 0.
-0.948 0.317 0. 326.801 -0.317 -0.948 0. -58.122 0. 0. 1. 0.
-0.945 0.328 0. 324.552 -0.328 -0.945 0. -58.851 0. 0. 1. 0.
-0.942 0.336 0. 322.307 -0.336 -0.942 0. -59.613 0. 0. 1. 0.
-0.940 0.341 0. 320.039 -0.341 -0.940 0. -60.355 0. 0. 1. 0.
-0.940 0.342 0. 317.768 -0.342 -0.940 0. -61.130 0. 0. 1. 0.
-0.940 0.341 0. 315.462 -0.341 -0.940 0. -61.933 0. 0. 1. 0.
-0.940 0.342 0. 313.182 -0.342 -0.940 0. -62.694 0. 0. 1. 0.
-0.938 0.347 0. 310.890 -0.347 -0.938 0. -63.517 0. 0. 1. 0.
-0.937 0.350 0. 308.600 -0.350 -0.937 0. -64.387 0. 0. 1. 0.
-0.936 0.353 0. 306.286 -0.353 -0.936 0. -65.239 0. 0. 1. 0.
-0.934 0.357 0. 303.967 -0.357 -0.934 0. -66.094 0. 0. 1. 0.
-0.932 0.363 0. 301.642 -0.363 -0.932 0. -66.934 0. 0. 1. 0.
-0.931 0.365 0. 299.355 -0.365 -0.931 0. -67.823 0. 0. 1. 0.
-0.930 0.368 0. 297.047 -0.368 -0.930 0. -68.685 0. 0. 1. 0.
-0.928 0.372 0. 294.738 -0.372 -0.928 0. -69.555 0. 0. 1. 0.
-0.927 0.376 0. 292.401 -0.376 -0.927 0. -70.425 0. 0. 1. 0.
-0.927 0.375 0. 290.089 -0.375 -0.927 0. -71.312 0. 0. 1. 0.
-0.927 0.376 0. 287.711 -0.376 -0.927 0. -72.165 0. 0. 1. 0.
-0.927 0.374 0. 285.401 -0.374 -0.927 0. -73.055 0. 0. 1. 0.
-0.929 0.369 0. 283.018 -0.369 -0.929 0. -73.985 0. 0. 1. 0.
-0.929 0.369 0. 280.658 -0.369 -0.929 0. -74.863 0. 0. 1. 0.
-0.930 0.369 0. 278.307 -0.369 -0.930 0. -75.705 0. 0. 1. 0.
-0.929 0.369 0. 275.898 -0.369 -0.929 0. -76.675 0. 0. 1. 0.
-0.929 0.371 0. 273.492 -0.371 -0.929 0. -77.597 0. 0. 1. 0.
-0.930 0.369 0. 271.110 -0.369 -0.930 0. -78.411 0. 0. 1. 0.
-0.929 0.370 0. 268.693 -0.370 -0.929 0. -79.361 0. 0. 1. 0.
-0.929 0.371 0. 266.315 -0.371 -0.929 0. -80.293 0. 0. 1. 0.
-0.929 0.371 0. 263.899 -0.371 -0.929 0. -81.171 0. 0. 1. 0.
-0.927 0.374 0. 261.500 -0.374 -0.927 0. -82.106 0. 0. 1. 0.
-0.927 0.374 0. 259.070 -0.374 -0.927 0. -83.060 0. 0. 1. 0.
-0.927 0.376 0. 256.623 -0.376 -0.927 0. -84.024 0. 0. 1. 0.
-0.926 0.379 0. 254.164 -0.379 -0.926 0. -84.986 0. 0. 1. 0.
-0.925 0.380 0. 251.712 -0.380 -0.925 0. -85.975 0. 0. 1. 0.
-0.925 0.380 0. 249.260 -0.380 -0.925 0. -87.051 0. 0. 1. 0.
-0.923 0.385 0. 246.825 -0.385 -0.923 0. -88.005 0. 0. 1. 0.
-0.923 0.385 0. 244.355 -0.385 -0.923 0. -88.946 0. 0. 1. 0.
-0.922 0.387 0. 241.916 -0.387 -0.922 0. -89.938 0. 0. 1. 0.
-0.922 0.388 0. 239.433 -0.388 -0.922 0. -90.929 0. 0. 1. 0.
-0.921 0.390 0. 236.996 -0.390 -0.921 0. -91.985 0. 0. 1. 0.
-0.921 0.390 0. 234.525 -0.390 -0.921 0. -92.992 0. 0. 1. 0.
-0.922 0.388 0. 232.066 -0.388 -0.922 0. -93.985 0. 0. 1. 0.
-0.922 0.387 0. 229.537 -0.387 -0.922 0. -94.881 0. 0. 1. 0.
-0.923 0.386 0. 227.148 -0.386 -0.923 0. -95.893 0. 0. 1. 0.
-0.923 0.384 0. 224.765 -0.384 -0.923 0. -96.855 0. 0. 1. 0.
-0.924 0.382 0. 222.307 -0.382 -0.924 0. -97.827 0. 0. 1. 0.
-0.925 0.380 0. 219.873 -0.380 -0.925 0. -98.874 0. 0. 1. 0.
-0.925 0.381 0. 217.438 -0.381 -0.925 0. -99.794 0. 0. 1. 0.
-0.926 0.378 0. 215.015 -0.378 -0.926 0. -100.758 0. 0. 1. 0.
-0.926 0.378 0. 212.561 -0.378 -0.926 0. -101.662 0. 0. 1. 0.
-0.926 0.377 0. 210.179 -0.377 -0.926 0. -102.646 0. 0. 1. 0.
-0.926 0.378 0. 207.714 -0.378 -0.926 0. -103.459 0. 0. 1. 0.
-0.926 0.376 0. 205.307 -0.376 -0.926 0. -104.347 0. 0. 1. 0.
-0.926 0.377 0. 202.966 -0.377 -0.926 0. -105.309 0. 0. 1. 0.
-0.927 0.376 0. 200.602 -0.376 -0.927 0. -106.250 0. 0. 1. 0.
-0.927 0.376 0. 198.268 -0.376 -0.927 0. -107.133 0. 0. 1. 0.
-0.928 0.373 0. 195.940 -0.373 -0.928 0. -108.034 0. 0. 1. 0.
-0.929 0.370 0. 193.608 -0.370 -0.929 0. -108.871 0. 0. 1. 0.
-0.930 0.367 0. 191.307 -0.367 -0.930 0. -109.808 0. 0. 1. 0.
-0.931 0.364 0. 188.978 -0.364 -0.931 0. -110.730 0. 0. 1. 0.
-0.933 0.361 0. 186.662 -0.361 -0.933 0. -111.592 0. 0. 1. 0.
-0.934 0.358 0. 184.320 -0.358 -0.934 0. -112.403 0. 0. 1. 0.
-0.937 0.349 0. 181.956 -0.349 -0.937 0. -113.198 0. 0. 1. 0.
-0.939 0.343 0. 179.597 -0.343 -0.939 0. -114.005 0. 0. 1. 0.
-0.940 0.341 0. 177.255 -0.341 -0.940 0. -114.773 0. 0. 1. 0.
-0.941 0.339 0. 174.869 -0.339 -0.941 0. -115.613 0. 0. 1. 0.
-0.941 0.338 0. 172.463 -0.338 -0.941 0. -116.436 0. 0. 1. 0.
-0.941 0.338 0. 170.052 -0.338 -0.941 0. -117.182 0. 0. 1. 0.
-0.940 0.340 0. 167.649 -0.340 -0.940 0. -117.992 0. 0. 1. 0.
-0.940 0.340 0. 165.257 -0.340 -0.940 0. -118.844 0. 0. 1. 0.
-0.939 0.343 0. 162.841 -0.343 -0.939 0. -119.676 0. 0. 1. 0.
-0.938 0.346 0. 160.428 -0.346 -0.938 0. -120.477 0. 0. 1. 0.
-0.936 0.353 0. 158.031 -0.353 -0.936 0. -121.439 0. 0. 1. 0.
-0.934 0.358 0. 155.642 -0.358 -0.934 0. -122.328 0. 0. 1. 0.
-0.932 0.361 0. 153.297 -0.361 -0.932 0. -123.193 0. 0. 1. 0.
-0.931 0.366 0. 150.987 -0.366 -0.931 0. -124.095 0. 0. 1. 0.
-0.929 0.370 0. 148.667 -0.370 -0.929 0. -125.002 0. 0. 1. 0.
-0.929 0.370 0. 146.371 -0.370 -0.929 0. -125.835 0. 0. 1. 0.
-0.928 0.371 0. 144.036 -0.371 -0.928 0. -126.643 0. 0. 1. 0.
-0.929 0.371 0. 141.810 -0.371 -0.929 0. -127.573 0. 0. 1. 0.
-0.930 0.368 0. 139.593 -0.368 -0.930 0. -128.433 0. 0. 1. 0.
-0.931 0.364 0. 137.397 -0.364 -0.931 0. -129.194 0. 0. 1. 0.
-0.933 0.361 0. 135.276 -0.361 -0.933 0. -129.978 0. 0. 1. 0.
-0.934 0.358 0. 133.266 -0.358 -0.934 0. -130.754 0. 0. 1. 0.
-0.936 0.352 0. 131.316 -0.352 -0.936 0. -131.463 0. 0. 1. 0.
-0.938 0.347 0. 129.416 -0.347 -0.938 0. -132.078 0. 0. 1. 0.
-0.939 0.344 0. 127.648 -0.344 -0.939 0. -132.698 0. 0. 1. 0.
-0.940 0.340 0. 125.952 -0.340 -0.940 0. -133.285 0. 0. 1. 0.
-0.941 0.337 0. 124.358 -0.337 -0.941 0. -133.839 0. 0. 1. 0.
-0.942 0.335 0. 122.861 -0.335 -0.942 0. -134.347 0. 0. 1. 0.
-0.943 0.333 0. 121.469 -0.333 -0.943 0. -134.856 0. 0. 1. 0.
-0.944 0.331 0. 120.126 -0.331 -0.944 0. -135.270 0. 0. 1. 0.
-0.945 0.326 0. 118.905 -0.326 -0.945 0. -135.636 0. 0. 1. 0.
-0.945 0.326 0. 117.777 -0.326 -0.945 0. -135.967 0. 0. 1. 0.
-0.945 0.327 0. 116.798 -0.327 -0.945 0. -136.376 0. 0. 1. 0.
-0.946 0.324 0. 115.830 -0.324 -0.946 0. -136.606 0. 0. 1. 0.
-0.946 0.324 0. 115.007 -0.324 -0.946 0. -136.883 0. 0. 1. 0.
-0.947 0.322 0. 114.272 -0.322 -0.947 0. -137.197 0. 0. 1. 0.
-0.947 0.320 0. 113.584 -0.320 -0.947 0. -137.367 0. 0. 1. 0.
-0.948 0.319 0. 112.973 -0.319 -0.948 0. -137.522 0. 0. 1. 0.
-0.949 0.316 0. 112.466 -0.316 -0.949 0. -137.702 0. 0. 1. 0.
-0.949 0.315 0. 112.046 -0.315 -0.949 0. -137.893 0. 0. 1. 0.
-0.950 0.313 0. 111.687 -0.313 -0.950 0. -137.981 0. 0. 1. 0.
-0.950 0.311 0. 111.419 -0.311 -0.950 0. -138.020 0. 0. 1. 0.
-0.950 0.311 0. 111.220 -0.311 -0.950 0. -138.101 0. 0. 1. 0.
-0.951 0.308 0. 111.028 -0.308 -0.951 0. -138.145 0. 0. 1. 0.
-0.951 0.309 0. 110.877 -0.309 -0.951 0. -138.229 0. 0. 1. 0.
-0.951 0.308 0. 110.732 -0.308 -0.951 0. -138.241 0. 0. 1. 0.
-0.951 0.309 0. 110.671 -0.309 -0.951 0. -138.267 0. 0. 1. 0.
-0.951 0.308 0. 110.629 -0.308 -0.951 0. -138.277 0. 0. 1. 0.
-0.951 0.308 0. 110.629 -0.308 -0.951 0. -138.270 0. 0. 1. 0.
-0.952 0.307 0. 110.628 -0.307 -0.952 0. -138.266 0. 0. 1. 0.
-0.952 0.308 0. 110.631 -0.308 -0.952 0. -138.283 0. 0. 1. 0.
-0.951 0.308 0. 110.630 -0.308 -0.951 0. -138.282 0. 0. 1. 0.
-0.951 0.309 0. 110.649 -0.309 -0.951 0. -138.298 0. 0. 1. 0.
-0.951 0.309 0. 110.643 -0.309 -0.951 0. -138.287 0. 0. 1. 0.
-0.951 0.309 0. 110.642 -0.309 -0.951 0. -138.288 0. 0. 1. 0.
-0.951 0.309 0. 110.648 -0.309 -0.951 0. -138.289 0. 0. 1. 0.
-0.951 0.308 0. 110.632 -0.308 -0.951 0. -138.282 0. 0. 1. 0.
-0.951 0.309 0. 110.634 -0.309 -0.951 0. -138.282 0. 0. 1. 0.
-0.951 0.309 0. 110.631 -0.309 -0.951 0. -138.284 0. 0. 1. 0.
