1611678138476824 0.96689 0.25519 0.00000 3.74991 0.25519 -0.96689 0.00000 1.03975 0.00000 0.00000 -1.00000 0.00000
1611678138726828 0.96688 0.25522 0.00000 3.74984 0.25522 -0.96688 0.00000 1.03987 0.00000 0.00000 -1.00000 0.00000
1611678138977453 0.96688 0.25522 0.00000 3.74984 0.25522 -0.96688 0.00000 1.03986 0.00000 0.00000 -1.00000 0.00000
1611678139228080 0.96689 0.25520 0.00000 3.74989 0.25520 -0.96689 0.00000 1.03981 0.00000 0.00000 -1.00000 0.00000
1611678139478710 0.96690 0.25517 0.00000 3.74993 0.25517 -0.96690 0.00000 1.03968 0.00000 0.00000 -1.00000 0.00000
1611678139729332 0.96690 0.25516 0.00000 3.74994 0.25516 -0.96690 0.00000 1.03963 0.00000 0.00000 -1.00000 0.00000
1611678139979338 0.96691 0.25512 0.00000 3.74996 0.25512 -0.96691 0.00000 1.03951 0.00000 0.00000 -1.00000 0.00000
1611678140229340 0.96691 0.25513 0.00000 3.74994 0.25513 -0.96691 0.00000 1.03951 0.00000 0.00000 -1.00000 0.00000
1611678140478722 0.96690 0.25514 0.00000 3.74996 0.25514 -0.96690 0.00000 1.03958 0.00000 0.00000 -1.00000 0.00000
1611678140728096 0.96691 0.25512 0.00000 3.74999 0.25512 -0.96691 0.00000 1.03949 0.00000 0.00000 -1.00000 0.00000
1611678140977473 0.96690 0.25514 0.00000 3.74994 0.25514 -0.96690 0.00000 1.03954 0.00000 0.00000 -1.00000 0.00000
1611678141226856 0.96690 0.25517 0.00000 3.74989 0.25517 -0.96690 0.00000 1.03967 0.00000 0.00000 -1.00000 0.00000
1611678141476234 0.96689 0.25519 0.00000 3.74988 0.25519 -0.96689 0.00000 1.03974 0.00000 0.00000 -1.00000 0.00000
1611678141726857 0.96689 0.25519 0.00000 3.74990 0.25519 -0.96689 0.00000 1.03973 0.00000 0.00000 -1.00000 0.00000
1611678141976865 0.96688 0.25522 0.00000 3.74988 0.25522 -0.96688 0.00000 1.03985 0.00000 0.00000 -1.00000 0.00000
1611678142227487 0.96689 0.25521 0.00000 3.74989 0.25521 -0.96689 0.00000 1.03984 0.00000 0.00000 -1.00000 0.00000
1611678142478117 0.96688 0.25522 0.00000 3.74986 0.25522 -0.96688 0.00000 1.03990 0.00000 0.00000 -1.00000 0.00000
1611678142728744 0.96689 0.25521 0.00000 3.74985 0.25521 -0.96689 0.00000 1.03981 0.00000 0.00000 -1.00000 0.00000
1611678142978132 0.96689 0.25518 0.00000 3.74987 0.25518 -0.96689 0.00000 1.03970 0.00000 0.00000 -1.00000 0.00000
1611678143228125 0.96689 0.25518 0.00000 3.74991 0.25518 -0.96689 0.00000 1.03971 0.00000 0.00000 -1.00000 0.00000
1611678143477505 0.96690 0.25517 0.00000 3.74993 0.25517 -0.96690 0.00000 1.03969 0.00000 0.00000 -1.00000 0.00000
1611678143726883 0.96690 0.25517 0.00000 3.74993 0.25517 -0.96690 0.00000 1.03968 0.00000 0.00000 -1.00000 0.00000
1611678143976264 0.96689 0.25519 0.00000 3.74990 0.25519 -0.96689 0.00000 1.03975 0.00000 0.00000 -1.00000 0.00000
1611678144226262 0.96689 0.25519 0.00000 3.74987 0.25519 -0.96689 0.00000 1.03977 0.00000 0.00000 -1.00000 0.00000
1611678144476892 0.96689 0.25519 0.00000 3.74987 0.25519 -0.96689 0.00000 1.03978 0.00000 0.00000 -1.00000 0.00000
1611678144727528 0.96689 0.25520 0.00000 3.74989 0.25520 -0.96689 0.00000 1.03979 0.00000 0.00000 -1.00000 0.00000
1611678144978147 0.96689 0.25519 0.00000 3.74992 0.25519 -0.96689 0.00000 1.03976 0.00000 0.00000 -1.00000 0.00000
1611678145229399 0.96689 0.25521 0.00000 3.74989 0.25521 -0.96689 0.00000 1.03980 0.00000 0.00000 -1.00000 0.00000
1611678145480031 0.96690 0.25516 0.00000 3.74991 0.25516 -0.96690 0.00000 1.03963 0.00000 0.00000 -1.00000 0.00000
1611678145730652 0.96690 0.25514 0.00000 3.74992 0.25514 -0.96690 0.00000 1.03955 0.00000 0.00000 -1.00000 0.00000
1611678145980029 0.96691 0.25511 0.00000 3.74995 0.25511 -0.96691 0.00000 1.03942 0.00000 0.00000 -1.00000 0.00000
1611678146229407 0.96690 0.25517 0.00000 3.74992 0.25517 -0.96690 0.00000 1.03965 0.00000 0.00000 -1.00000 0.00000
1611678146478167 0.96689 0.25518 0.00000 3.74993 0.25518 -0.96689 0.00000 1.03972 0.00000 0.00000 -1.00000 0.00000
1611678146727539 0.96690 0.25517 0.00000 3.74990 0.25517 -0.96690 0.00000 1.03969 0.00000 0.00000 -1.00000 0.00000
1611678146977545 0.96690 0.25517 0.00000 3.74983 0.25517 -0.96690 0.00000 1.03949 0.00000 0.00000 -1.00000 0.00000
1611678147227541 0.96690 0.25517 0.00000 3.74984 0.25517 -0.96690 0.00000 1.03969 0.00000 0.00000 -1.00000 0.00000
1611678147477550 0.96691 0.25511 0.00000 3.74996 0.25511 -0.96691 0.00000 1.03933 0.00000 0.00000 -1.00000 0.00000
1611678147728176 0.96690 0.25517 0.00000 3.74991 0.25517 -0.96690 0.00000 1.03969 0.00000 0.00000 -1.00000 0.00000
1611678147978176 0.96689 0.25521 0.00000 3.74986 0.25521 -0.96689 0.00000 1.03978 0.00000 0.00000 -1.00000 0.00000
1611678148228806 0.96689 0.25519 0.00000 3.74989 0.25519 -0.96689 0.00000 1.03969 0.00000 0.00000 -1.00000 0.00000
1611678148479429 0.96687 0.25527 0.00000 3.74977 0.25527 -0.96687 0.00000 1.04008 0.00000 0.00000 -1.00000 0.00000
1611678148729443 0.96687 0.25527 0.00000 3.74983 0.25527 -0.96687 0.00000 1.04000 0.00000 0.00000 -1.00000 0.00000
1611678148978187 0.96688 0.25524 0.00000 3.74983 0.25524 -0.96688 0.00000 1.03989 0.00000 0.00000 -1.00000 0.00000
1611678149228192 0.96687 0.25527 0.00000 3.74978 0.25527 -0.96687 0.00000 1.04003 0.00000 0.00000 -1.00000 0.00000
1611678149477581 0.96688 0.25522 0.00000 3.74982 0.25522 -0.96688 0.00000 1.03986 0.00000 0.00000 -1.00000 0.00000
1611678149726949 0.96689 0.25520 0.00000 3.74985 0.25520 -0.96689 0.00000 1.03979 0.00000 0.00000 -1.00000 0.00000
1611678149976948 0.96688 0.25525 0.00000 3.74983 0.25525 -0.96688 0.00000 1.03993 0.00000 0.00000 -1.00000 0.00000
1611678150226327 0.96687 0.25525 0.00000 3.74983 0.25525 -0.96687 0.00000 1.03993 0.00000 0.00000 -1.00000 0.00000
1611678150476958 0.96687 0.25529 0.00000 3.74979 0.25529 -0.96687 0.00000 1.04013 0.00000 0.00000 -1.00000 0.00000
1611678150727585 0.96688 0.25525 0.00000 3.74983 0.25525 -0.96688 0.00000 1.03994 0.00000 0.00000 -1.00000 0.00000
1611678150978218 0.96688 0.25525 0.00000 3.74982 0.25525 -0.96688 0.00000 1.03997 0.00000 0.00000 -1.00000 0.00000
1611678151228842 0.96687 0.25526 0.00000 3.74977 0.25526 -0.96687 0.00000 1.03995 0.00000 0.00000 -1.00000 0.00000
1611678151478844 0.96688 0.25525 0.00000 3.74978 0.25525 -0.96688 0.00000 1.03997 0.00000 0.00000 -1.00000 0.00000
1611678151728842 0.96686 0.25530 0.00000 3.74975 0.25530 -0.96686 0.00000 1.04014 0.00000 0.00000 -1.00000 0.00000
1611678151978220 0.96686 0.25532 0.00000 3.74974 0.25532 -0.96686 0.00000 1.04018 0.00000 0.00000 -1.00000 0.00000
1611678152227596 0.96686 0.25532 0.00000 3.74975 0.25532 -0.96686 0.00000 1.04021 0.00000 0.00000 -1.00000 0.00000
1611678152476984 0.96686 0.25530 0.00000 3.74978 0.25530 -0.96686 0.00000 1.04011 0.00000 0.00000 -1.00000 0.00000
1611678152726991 0.96687 0.25529 0.00000 3.74980 0.25529 -0.96687 0.00000 1.04010 0.00000 0.00000 -1.00000 0.00000
1611678152977607 0.96687 0.25529 0.00000 3.74978 0.25529 -0.96687 0.00000 1.04007 0.00000 0.00000 -1.00000 0.00000
1611678153228233 0.96688 0.25525 0.00000 3.74980 0.25525 -0.96688 0.00000 1.03996 0.00000 0.00000 -1.00000 0.00000
1611678153479495 0.96687 0.25526 0.00000 3.74978 0.25526 -0.96687 0.00000 1.04005 0.00000 0.00000 -1.00000 0.00000
1611678153729496 0.96686 0.25532 0.00000 3.74973 0.25532 -0.96686 0.00000 1.04024 0.00000 0.00000 -1.00000 0.00000
1611678153978868 0.96685 0.25535 0.00000 3.74975 0.25535 -0.96685 0.00000 1.04038 0.00000 0.00000 -1.00000 0.00000
1611678154228868 0.96684 0.25538 0.00000 3.74968 0.25538 -0.96684 0.00000 1.04044 0.00000 0.00000 -1.00000 0.00000
1611678154478252 0.96685 0.25536 0.00000 3.74968 0.25536 -0.96685 0.00000 1.04042 0.00000 0.00000 -1.00000 0.00000
1611678154727632 0.96685 0.25535 0.00000 3.74975 0.25535 -0.96685 0.00000 1.04034 0.00000 0.00000 -1.00000 0.00000
1611678154977637 0.96685 0.25533 0.00000 3.74974 0.25533 -0.96685 0.00000 1.04028 0.00000 0.00000 -1.00000 0.00000
1611678155227013 0.96684 0.25537 0.00000 3.74966 0.25537 -0.96684 0.00000 1.04045 0.00000 0.00000 -1.00000 0.00000
1611678155477020 0.96685 0.25536 0.00000 3.74970 0.25536 -0.96685 0.00000 1.04039 0.00000 0.00000 -1.00000 0.00000
1611678155727642 0.96685 0.25533 0.00000 3.74976 0.25533 -0.96685 0.00000 1.04030 0.00000 0.00000 -1.00000 0.00000
1611678155978290 0.96685 0.25533 0.00000 3.74977 0.25533 -0.96685 0.00000 1.04027 0.00000 0.00000 -1.00000 0.00000
1611678156228269 0.96685 0.25535 0.00000 3.74974 0.25535 -0.96685 0.00000 1.04036 0.00000 0.00000 -1.00000 0.00000
1611678156478943 0.96684 0.25538 0.00000 3.74968 0.25538 -0.96684 0.00000 1.04047 0.00000 0.00000 -1.00000 0.00000
1611678156728900 0.96684 0.25537 0.00000 3.74967 0.25537 -0.96684 0.00000 1.04046 0.00000 0.00000 -1.00000 0.00000
1611678156978904 0.96685 0.25535 0.00000 3.74974 0.25535 -0.96685 0.00000 1.04037 0.00000 0.00000 -1.00000 0.00000
1611678157227659 0.96684 0.25538 0.00000 3.74971 0.25538 -0.96684 0.00000 1.04048 0.00000 0.00000 -1.00000 0.00000
1611678157477667 0.96685 0.25536 0.00000 3.74971 0.25536 -0.96685 0.00000 1.04042 0.00000 0.00000 -1.00000 0.00000
1611678157727037 0.96684 0.25538 0.00000 3.74967 0.25538 -0.96684 0.00000 1.04050 0.00000 0.00000 -1.00000 0.00000
1611678157977041 0.96683 0.25540 0.00000 3.74964 0.25540 -0.96683 0.00000 1.04058 0.00000 0.00000 -1.00000 0.00000
1611678158227051 0.96684 0.25536 0.00000 3.74969 0.25536 -0.96684 0.00000 1.04043 0.00000 0.00000 -1.00000 0.00000
1611678158477674 0.96684 0.25536 0.00000 3.74973 0.25536 -0.96684 0.00000 1.04044 0.00000 0.00000 -1.00000 0.00000
1611678158728298 0.96684 0.25537 0.00000 3.74971 0.25537 -0.96684 0.00000 1.04046 0.00000 0.00000 -1.00000 0.00000
1611678158978933 0.96684 0.25538 0.00000 3.74967 0.25538 -0.96684 0.00000 1.04047 0.00000 0.00000 -1.00000 0.00000
1611678159229554 0.96685 0.25536 0.00000 3.74966 0.25536 -0.96685 0.00000 1.04038 0.00000 0.00000 -1.00000 0.00000
1611678159480187 0.96684 0.25537 0.00000 3.74965 0.25537 -0.96684 0.00000 1.04035 0.00000 0.00000 -1.00000 0.00000
1611678159729562 0.96685 0.25536 0.00000 3.74968 0.25536 -0.96685 0.00000 1.04034 0.00000 0.00000 -1.00000 0.00000
1611678159978940 0.96685 0.25534 0.00000 3.74970 0.25534 -0.96685 0.00000 1.04024 0.00000 0.00000 -1.00000 0.00000
1611678160228316 0.96685 0.25535 0.00000 3.74973 0.25535 -0.96685 0.00000 1.04029 0.00000 0.00000 -1.00000 0.00000
1611678160477696 0.96686 0.25532 0.00000 3.74976 0.25532 -0.96686 0.00000 1.04015 0.00000 0.00000 -1.00000 0.00000
1611678160727087 0.96686 0.25530 0.00000 3.74976 0.25530 -0.96686 0.00000 1.04012 0.00000 0.00000 -1.00000 0.00000
1611678160977077 0.96686 0.25529 0.00000 3.74974 0.25529 -0.96686 0.00000 1.04005 0.00000 0.00000 -1.00000 0.00000
1611678161227073 0.96686 0.25530 0.00000 3.74972 0.25530 -0.96686 0.00000 1.04005 0.00000 0.00000 -1.00000 0.00000
1611678161477705 0.96687 0.25529 0.00000 3.74975 0.25529 -0.96687 0.00000 1.04003 0.00000 0.00000 -1.00000 0.00000
1611678161728954 0.96687 0.25528 0.00000 3.74976 0.25528 -0.96687 0.00000 1.04005 0.00000 0.00000 -1.00000 0.00000
1611678161979589 0.96688 0.25523 0.00000 3.74976 0.25523 -0.96688 0.00000 1.03994 0.00000 0.00000 -1.00000 0.00000
1611678162229590 0.96686 0.25529 0.00000 3.74980 0.25529 -0.96686 0.00000 1.04003 0.00000 0.00000 -1.00000 0.00000
1611678162479592 0.96685 0.25533 0.00000 3.74968 0.25533 -0.96685 0.00000 1.04043 0.00000 0.00000 -1.00000 0.00000
1611678162728969 0.96685 0.25534 0.00000 3.74959 0.25534 -0.96685 0.00000 1.04033 0.00000 0.00000 -1.00000 0.00000
1611678162978346 0.96685 0.25536 0.00000 3.74960 0.25536 -0.96685 0.00000 1.04038 0.00000 0.00000 -1.00000 0.00000
1611678163227730 0.96684 0.25537 0.00000 3.74953 0.25537 -0.96684 0.00000 1.04049 0.00000 0.00000 -1.00000 0.00000
1611678163477109 0.96680 0.25553 0.00000 3.74876 0.25553 -0.96680 0.00000 1.04044 0.00000 0.00000 -1.00000 0.00000
1611678163727108 0.96699 0.25481 0.00000 3.74504 0.25481 -0.96699 0.00000 1.03730 0.00000 0.00000 -1.00000 0.00000
1611678163977111 0.96722 0.25395 0.00000 3.72270 0.25395 -0.96722 0.00000 1.03196 0.00000 0.00000 -1.00000 0.00000
1611678164228363 0.96741 0.25322 0.00000 3.69427 0.25322 -0.96741 0.00000 1.02851 0.00000 0.00000 -1.00000 0.00000
1611678164478995 0.96767 0.25223 0.00000 3.66522 0.25223 -0.96767 0.00000 1.02271 0.00000 0.00000 -1.00000 0.00000
1611678164729634 0.96802 0.25087 0.00000 3.63398 0.25087 -0.96802 0.00000 1.01619 0.00000 0.00000 -1.00000 0.00000
1611678164979618 0.96847 0.24913 0.00000 3.59468 0.24913 -0.96847 0.00000 1.00659 0.00000 0.00000 -1.00000 0.00000
1611678165228997 0.96904 0.24692 0.00000 3.53933 0.24692 -0.96904 0.00000 0.99501 0.00000 0.00000 -1.00000 0.00000
1611678165478370 0.96972 0.24420 0.00000 3.46994 0.24420 -0.96972 0.00000 0.98080 0.00000 0.00000 -1.00000 0.00000
1611678165727755 0.97047 0.24121 0.00000 3.39297 0.24121 -0.97047 0.00000 0.96551 0.00000 0.00000 -1.00000 0.00000
1611678165977133 0.97128 0.23795 0.00000 3.30663 0.23795 -0.97128 0.00000 0.94910 0.00000 0.00000 -1.00000 0.00000
1611678166227138 0.97217 0.23426 0.00000 3.21044 0.23426 -0.97217 0.00000 0.93115 0.00000 0.00000 -1.00000 0.00000
1611678166477142 0.97313 0.23026 0.00000 3.10426 0.23026 -0.97313 0.00000 0.91246 0.00000 0.00000 -1.00000 0.00000
1611678166727765 0.97386 0.22714 0.00000 2.98684 0.22714 -0.97386 0.00000 0.89644 0.00000 0.00000 -1.00000 0.00000
1611678166978403 0.97426 0.22542 0.00000 2.85904 0.22542 -0.97426 0.00000 0.88561 0.00000 0.00000 -1.00000 0.00000
1611678167229017 0.97386 0.22716 0.00000 2.71878 0.22716 -0.97386 0.00000 0.88882 0.00000 0.00000 -1.00000 0.00000
1611678167479024 0.97314 0.23021 0.00000 2.56829 0.23021 -0.97314 0.00000 0.89758 0.00000 0.00000 -1.00000 0.00000
1611678167729650 0.97236 0.23350 0.00000 2.40680 0.23350 -0.97236 0.00000 0.90398 0.00000 0.00000 -1.00000 0.00000
1611678167979026 0.97190 0.23540 0.00000 2.23599 0.23540 -0.97190 0.00000 0.90744 0.00000 0.00000 -1.00000 0.00000
1611678168227783 0.97174 0.23605 0.00000 2.06078 0.23605 -0.97174 0.00000 0.90689 0.00000 0.00000 -1.00000 0.00000
1611678168477787 0.97216 0.23430 0.00000 1.88009 0.23430 -0.97216 0.00000 0.90332 0.00000 0.00000 -1.00000 0.00000
1611678168727793 0.97280 0.23164 0.00000 1.69105 0.23164 -0.97280 0.00000 0.89633 0.00000 0.00000 -1.00000 0.00000
1611678168977163 0.97337 0.22924 0.00000 1.49351 0.22924 -0.97337 0.00000 0.88498 0.00000 0.00000 -1.00000 0.00000
1611678169227793 0.97412 0.22602 0.00000 1.29169 0.22602 -0.97412 0.00000 0.87505 0.00000 0.00000 -1.00000 0.00000
1611678169478423 0.97478 0.22316 0.00000 1.09832 0.22316 -0.97478 0.00000 0.86286 0.00000 0.00000 -1.00000 0.00000
1611678169728420 0.97523 0.22118 0.00000 0.92816 0.22118 -0.97523 0.00000 0.85439 0.00000 0.00000 -1.00000 0.00000
1611678169978425 0.97563 0.21941 0.00000 0.79174 0.21941 -0.97563 0.00000 0.85076 0.00000 0.00000 -1.00000 0.00000
1611678170228427 0.97596 0.21794 0.00000 0.68667 0.21794 -0.97596 0.00000 0.84661 0.00000 0.00000 -1.00000 0.00000
1611678170477811 0.97616 0.21707 0.00000 0.60666 0.21707 -0.97616 0.00000 0.84455 0.00000 0.00000 -1.00000 0.00000
1611678170727185 0.97636 0.21614 0.00000 0.54236 0.21614 -0.97636 0.00000 0.84220 0.00000 0.00000 -1.00000 0.00000
1611678170977189 0.97647 0.21566 0.00000 0.49532 0.21566 -0.97647 0.00000 0.84133 0.00000 0.00000 -1.00000 0.00000
1611678171227190 0.97656 0.21526 0.00000 0.46600 0.21526 -0.97656 0.00000 0.84045 0.00000 0.00000 -1.00000 0.00000
1611678171477812 0.97658 0.21514 0.00000 0.45446 0.21514 -0.97658 0.00000 0.84051 0.00000 0.00000 -1.00000 0.00000
1611678171728449 0.97659 0.21512 0.00000 0.45616 0.21512 -0.97659 0.00000 0.84088 0.00000 0.00000 -1.00000 0.00000
1611678171979079 0.97662 0.21495 0.00000 0.45528 0.21495 -0.97662 0.00000 0.84120 0.00000 0.00000 -1.00000 0.00000
1611678172229701 0.97662 0.21497 0.00000 0.45484 0.21497 -0.97662 0.00000 0.84148 0.00000 0.00000 -1.00000 0.00000
1611678172479083 0.97662 0.21499 0.00000 0.45461 0.21499 -0.97662 0.00000 0.84165 0.00000 0.00000 -1.00000 0.00000
1611678172729083 0.97659 0.21510 0.00000 0.45323 0.21510 -0.97659 0.00000 0.84210 0.00000 0.00000 -1.00000 0.00000
1611678172978461 0.97647 0.21566 0.00000 0.44399 0.21566 -0.97647 0.00000 0.84240 0.00000 0.00000 -1.00000 0.00000
1611678173228463 0.97619 0.21690 0.00000 0.42925 0.21690 -0.97619 0.00000 0.84339 0.00000 0.00000 -1.00000 0.00000
1611678173477843 0.97590 0.21822 0.00000 0.41040 0.21822 -0.97590 0.00000 0.84418 0.00000 0.00000 -1.00000 0.00000
1611678173727221 0.97541 0.22041 0.00000 0.38469 0.22041 -0.97541 0.00000 0.84569 0.00000 0.00000 -1.00000 0.00000
1611678173976598 0.97480 0.22308 0.00000 0.35276 0.22308 -0.97480 0.00000 0.84784 0.00000 0.00000 -1.00000 0.00000
1611678174226596 0.97415 0.22588 0.00000 0.31695 0.22588 -0.97415 0.00000 0.85009 0.00000 0.00000 -1.00000 0.00000
1611678174477230 0.97353 0.22856 0.00000 0.28155 0.22856 -0.97353 0.00000 0.85241 0.00000 0.00000 -1.00000 0.00000
1611678174727854 0.97315 0.23019 0.00000 0.24938 0.23019 -0.97315 0.00000 0.85380 0.00000 0.00000 -1.00000 0.00000
1611678174979114 0.97317 0.23010 0.00000 0.22212 0.23010 -0.97317 0.00000 0.85343 0.00000 0.00000 -1.00000 0.00000
1611678175229110 0.97319 0.23001 0.00000 0.21129 0.23001 -0.97319 0.00000 0.85215 0.00000 0.00000 -1.00000 0.00000
1611678175479115 0.97319 0.23000 0.00000 0.21134 0.23000 -0.97319 0.00000 0.85233 0.00000 0.00000 -1.00000 0.00000
1611678175729116 0.97321 0.22994 0.00000 0.21130 0.22994 -0.97321 0.00000 0.85214 0.00000 0.00000 -1.00000 0.00000
1611678175979116 0.97319 0.22999 0.00000 0.21132 0.22999 -0.97319 0.00000 0.85225 0.00000 0.00000 -1.00000 0.00000
1611678176228492 0.97319 0.23000 0.00000 0.21133 0.23000 -0.97319 0.00000 0.85223 0.00000 0.00000 -1.00000 0.00000
1611678176477252 0.97319 0.22999 0.00000 0.21131 0.22999 -0.97319 0.00000 0.85220 0.00000 0.00000 -1.00000 0.00000
1611678176727262 0.97319 0.23000 0.00000 0.21130 0.23000 -0.97319 0.00000 0.85223 0.00000 0.00000 -1.00000 0.00000
1611678176977255 0.97319 0.22998 0.00000 0.21131 0.22998 -0.97319 0.00000 0.85221 0.00000 0.00000 -1.00000 0.00000
1611678177227257 0.97320 0.22997 0.00000 0.21131 0.22997 -0.97320 0.00000 0.85221 0.00000 0.00000 -1.00000 0.00000
1611678177477261 0.97319 0.22999 0.00000 0.21126 0.22999 -0.97319 0.00000 0.85224 0.00000 0.00000 -1.00000 0.00000
1611678177727889 0.97316 0.23011 0.00000 0.21113 0.23011 -0.97316 0.00000 0.85233 0.00000 0.00000 -1.00000 0.00000
1611678177979144 0.97319 0.23000 0.00000 0.21117 0.23000 -0.97319 0.00000 0.85229 0.00000 0.00000 -1.00000 0.00000
1611678178229140 0.97329 0.22959 0.00000 0.21058 0.22959 -0.97329 0.00000 0.85125 0.00000 0.00000 -1.00000 0.00000
1611678178479144 0.97345 0.22891 0.00000 0.20625 0.22891 -0.97345 0.00000 0.85029 0.00000 0.00000 -1.00000 0.00000
1611678178729147 0.97389 0.22701 0.00000 0.17142 0.22701 -0.97389 0.00000 0.84823 0.00000 0.00000 -1.00000 0.00000
1611678178978528 0.97522 0.22123 0.00000 0.06691 0.22123 -0.97522 0.00000 0.84400 0.00000 0.00000 -1.00000 0.00000
1611678179227910 0.97735 0.21165 0.00000 -0.11086 0.21165 -0.97735 0.00000 0.83510 0.00000 0.00000 -1.00000 0.00000
1611678179477283 0.98066 0.19572 0.00000 -0.34356 0.19572 -0.98066 0.00000 0.82770 0.00000 0.00000 -1.00000 0.00000
1611678179727281 0.98468 0.17439 0.00000 -0.63145 0.17439 -0.98468 0.00000 0.81505 0.00000 0.00000 -1.00000 0.00000
1611678179977288 0.98891 0.14850 0.00000 -0.97958 0.14850 -0.98891 0.00000 0.81040 0.00000 0.00000 -1.00000 0.00000
1611678180227917 0.99199 0.12630 0.00000 -1.39141 0.12630 -0.99199 0.00000 0.80741 0.00000 0.00000 -1.00000 0.00000
1611678180478548 0.99405 0.10894 0.00000 -1.86797 0.10894 -0.99405 0.00000 0.82232 0.00000 0.00000 -1.00000 0.00000
1611678180729172 0.99549 0.09489 0.00000 -2.39953 0.09489 -0.99549 0.00000 0.83201 0.00000 0.00000 -1.00000 0.00000
1611678180979177 0.99623 0.08674 0.00000 -2.98716 0.08674 -0.99623 0.00000 0.84147 0.00000 0.00000 -1.00000 0.00000
1611678181228550 0.99678 0.08024 0.00000 -3.62257 0.08024 -0.99678 0.00000 0.84841 0.00000 0.00000 -1.00000 0.00000
1611678181477932 0.99684 0.07944 0.00000 -4.29608 0.07944 -0.99684 0.00000 0.84675 0.00000 0.00000 -1.00000 0.00000
1611678181727307 0.99685 0.07926 0.00000 -5.01442 0.07926 -0.99685 0.00000 0.85678 0.00000 0.00000 -1.00000 0.00000
1611678181977313 0.99723 0.07439 0.00000 -5.76963 0.07439 -0.99723 0.00000 0.86809 0.00000 0.00000 -1.00000 0.00000
1611678182227312 0.99755 0.06999 0.00000 -6.57705 0.06999 -0.99755 0.00000 0.89080 0.00000 0.00000 -1.00000 0.00000
1611678182477312 0.99790 0.06477 0.00000 -7.42333 0.06477 -0.99790 0.00000 0.92869 0.00000 0.00000 -1.00000 0.00000
1611678182727947 0.99809 0.06170 0.00000 -8.30933 0.06170 -0.99809 0.00000 0.93057 0.00000 0.00000 -1.00000 0.00000
1611678182978580 0.99812 0.06123 0.00000 -9.22128 0.06123 -0.99812 0.00000 0.92285 0.00000 0.00000 -1.00000 0.00000
1611678183229202 0.99803 0.06269 0.00000 -10.14489 0.06269 -0.99803 0.00000 0.89244 0.00000 0.00000 -1.00000 0.00000
1611678183480459 0.99774 0.06716 0.00000 -11.09645 0.06716 -0.99774 0.00000 0.81553 0.00000 0.00000 -1.00000 0.00000
1611678183730458 0.99723 0.07444 0.00000 -12.07977 0.07444 -0.99723 0.00000 0.71253 0.00000 0.00000 -1.00000 0.00000
1611678183979837 0.99641 0.08463 0.00000 -13.08821 0.08463 -0.99641 0.00000 0.56149 0.00000 0.00000 -1.00000 0.00000
1611678184229212 0.99548 0.09498 0.00000 -14.07473 0.09498 -0.99548 0.00000 0.40279 0.00000 0.00000 -1.00000 0.00000
1611678184479216 0.99433 0.10635 0.00000 -15.11126 0.10635 -0.99433 0.00000 0.22043 0.00000 0.00000 -1.00000 0.00000
1611678184728605 0.99304 0.11779 0.00000 -16.21768 0.11779 -0.99304 0.00000 0.02038 0.00000 0.00000 -1.00000 0.00000
1611678184977969 0.99180 0.12777 0.00000 -17.32984 0.12777 -0.99180 0.00000 -0.16616 0.00000 0.00000 -1.00000 0.00000
1611678185227349 0.99031 0.13891 0.00000 -18.46916 0.13891 -0.99031 0.00000 -0.38541 0.00000 0.00000 -1.00000 0.00000
1611678185477355 0.98847 0.15140 0.00000 -19.65590 0.15140 -0.98847 0.00000 -0.64881 0.00000 0.00000 -1.00000 0.00000
1611678185727354 0.98629 0.16503 0.00000 -20.86047 0.16503 -0.98629 0.00000 -0.94733 0.00000 0.00000 -1.00000 0.00000
1611678185977360 0.98366 0.18006 0.00000 -22.08648 0.18006 -0.98366 0.00000 -1.29504 0.00000 0.00000 -1.00000 0.00000
1611678186227986 0.98068 0.19561 0.00000 -23.31729 0.19561 -0.98068 0.00000 -1.66859 0.00000 0.00000 -1.00000 0.00000
1611678186478616 0.97750 0.21094 0.00000 -24.55152 0.21094 -0.97750 0.00000 -2.06178 0.00000 0.00000 -1.00000 0.00000
1611678186729862 0.97482 0.22300 0.00000 -25.80302 0.22300 -0.97482 0.00000 -2.39330 0.00000 0.00000 -1.00000 0.00000
1611678186980493 0.97294 0.23107 0.00000 -27.07231 0.23107 -0.97294 0.00000 -2.63313 0.00000 0.00000 -1.00000 0.00000
1611678187231121 0.97189 0.23542 0.00000 -28.32818 0.23542 -0.97189 0.00000 -2.77907 0.00000 0.00000 -1.00000 0.00000
1611678187481122 0.97104 0.23891 0.00000 -29.62195 0.23891 -0.97104 0.00000 -2.91493 0.00000 0.00000 -1.00000 0.00000
1611678187729878 0.97026 0.24208 0.00000 -30.93813 0.24208 -0.97026 0.00000 -3.02544 0.00000 0.00000 -1.00000 0.00000
1611678187979882 0.96947 0.24522 0.00000 -32.18010 0.24522 -0.96947 0.00000 -3.15725 0.00000 0.00000 -1.00000 0.00000
1611678188228630 0.96841 0.24938 0.00000 -33.42090 0.24938 -0.96841 0.00000 -3.31198 0.00000 0.00000 -1.00000 0.00000
1611678188478631 0.96811 0.25052 0.00000 -34.68477 0.25052 -0.96811 0.00000 -3.37666 0.00000 0.00000 -1.00000 0.00000
1611678188728637 0.96867 0.24834 0.00000 -35.92860 0.24834 -0.96867 0.00000 -3.29283 0.00000 0.00000 -1.00000 0.00000
1611678188978014 0.96882 0.24777 0.00000 -37.11886 0.24777 -0.96882 0.00000 -3.35142 0.00000 0.00000 -1.00000 0.00000
1611678189227396 0.96825 0.24999 0.00000 -38.26703 0.24999 -0.96825 0.00000 -3.41930 0.00000 0.00000 -1.00000 0.00000
1611678189477399 0.96770 0.25212 0.00000 -39.41406 0.25212 -0.96770 0.00000 -3.56014 0.00000 0.00000 -1.00000 0.00000
1611678189728022 0.96699 0.25483 0.00000 -40.52900 0.25483 -0.96699 0.00000 -3.68795 0.00000 0.00000 -1.00000 0.00000
1611678189978652 0.96620 0.25781 0.00000 -41.62277 0.25781 -0.96620 0.00000 -3.83319 0.00000 0.00000 -1.00000 0.00000
1611678190229904 0.96547 0.26050 0.00000 -42.68580 0.26050 -0.96547 0.00000 -3.97555 0.00000 0.00000 -1.00000 0.00000
1611678190479907 0.96414 0.26538 0.00000 -43.71991 0.26538 -0.96414 0.00000 -4.22316 0.00000 0.00000 -1.00000 0.00000
1611678190729907 0.96348 0.26778 0.00000 -44.73946 0.26778 -0.96348 0.00000 -4.33888 0.00000 0.00000 -1.00000 0.00000
1611678190979294 0.96377 0.26674 0.00000 -45.76219 0.26674 -0.96377 0.00000 -4.31580 0.00000 0.00000 -1.00000 0.00000
1611678191228667 0.96403 0.26579 0.00000 -46.77961 0.26579 -0.96403 0.00000 -4.30523 0.00000 0.00000 -1.00000 0.00000
1611678191478041 0.96418 0.26526 0.00000 -47.80675 0.26526 -0.96418 0.00000 -4.27856 0.00000 0.00000 -1.00000 0.00000
1611678191727420 0.96460 0.26373 0.00000 -48.86325 0.26373 -0.96460 0.00000 -4.22392 0.00000 0.00000 -1.00000 0.00000
1611678191977422 0.96552 0.26032 0.00000 -49.97438 0.26032 -0.96552 0.00000 -4.08355 0.00000 0.00000 -1.00000 0.00000
1611678192227427 0.96643 0.25693 0.00000 -51.12981 0.25693 -0.96643 0.00000 -3.90772 0.00000 0.00000 -1.00000 0.00000
1611678192477432 0.96760 0.25247 0.00000 -52.32629 0.25247 -0.96760 0.00000 -3.70698 0.00000 0.00000 -1.00000 0.00000
1611678192728070 0.96899 0.24710 0.00000 -53.55972 0.24710 -0.96899 0.00000 -3.42811 0.00000 0.00000 -1.00000 0.00000
1611678192978686 0.97015 0.24252 0.00000 -54.81938 0.24252 -0.97015 0.00000 -3.21015 0.00000 0.00000 -1.00000 0.00000
1611678193229938 0.97167 0.23636 0.00000 -56.14864 0.23636 -0.97167 0.00000 -2.88858 0.00000 0.00000 -1.00000 0.00000
1611678193480568 0.97190 0.23539 0.00000 -57.50555 0.23539 -0.97190 0.00000 -2.87982 0.00000 0.00000 -1.00000 0.00000
1611678193730568 0.97203 0.23485 0.00000 -58.88160 0.23485 -0.97203 0.00000 -2.88416 0.00000 0.00000 -1.00000 0.00000
1611678193979948 0.97201 0.23493 0.00000 -60.30830 0.23493 -0.97201 0.00000 -2.92709 0.00000 0.00000 -1.00000 0.00000
1611678194229947 0.97212 0.23448 0.00000 -61.77598 0.23448 -0.97212 0.00000 -2.93801 0.00000 0.00000 -1.00000 0.00000
1611678194479321 0.97194 0.23523 0.00000 -63.26454 0.23523 -0.97194 0.00000 -3.01229 0.00000 0.00000 -1.00000 0.00000
1611678194728707 0.97150 0.23706 0.00000 -64.78261 0.23706 -0.97150 0.00000 -3.15354 0.00000 0.00000 -1.00000 0.00000
1611678194978085 0.97146 0.23720 0.00000 -66.29231 0.23720 -0.97146 0.00000 -3.18106 0.00000 0.00000 -1.00000 0.00000
1611678195227456 0.97148 0.23710 0.00000 -67.79072 0.23710 -0.97148 0.00000 -3.20287 0.00000 0.00000 -1.00000 0.00000
1611678195477459 0.97134 0.23770 0.00000 -69.31376 0.23770 -0.97134 0.00000 -3.28241 0.00000 0.00000 -1.00000 0.00000
1611678195727464 0.97159 0.23666 0.00000 -70.83016 0.23666 -0.97159 0.00000 -3.23496 0.00000 0.00000 -1.00000 0.00000
1611678195978092 0.97225 0.23396 0.00000 -72.34514 0.23396 -0.97225 0.00000 -3.06899 0.00000 0.00000 -1.00000 0.00000
1611678196229346 0.97355 0.22848 0.00000 -73.85642 0.22848 -0.97355 0.00000 -2.69263 0.00000 0.00000 -1.00000 0.00000
1611678196479976 0.97480 0.22310 0.00000 -75.35692 0.22310 -0.97480 0.00000 -2.31181 0.00000 0.00000 -1.00000 0.00000
1611678196729976 0.97671 0.21458 0.00000 -76.84538 0.21458 -0.97671 0.00000 -1.68356 0.00000 0.00000 -1.00000 0.00000
1611678196979355 0.97932 0.20230 0.00000 -78.30271 0.20230 -0.97932 0.00000 -0.71622 0.00000 0.00000 -1.00000 0.00000
1611678197229980 0.98258 0.18586 0.00000 -79.74545 0.18586 -0.98258 0.00000 0.54891 0.00000 0.00000 -1.00000 0.00000
1611678197478113 0.98560 0.16907 0.00000 -81.15898 0.16907 -0.98560 0.00000 1.92310 0.00000 0.00000 -1.00000 0.00000
1611678197728113 0.98948 0.14468 0.00000 -82.51581 0.14468 -0.98948 0.00000 3.88446 0.00000 0.00000 -1.00000 0.00000
1611678197978116 0.99347 0.11409 0.00000 -83.75088 0.11409 -0.99347 0.00000 6.41556 0.00000 0.00000 -1.00000 0.00000
1611678198227488 0.99668 0.08144 0.00000 -84.87728 0.08144 -0.99668 0.00000 9.14497 0.00000 0.00000 -1.00000 0.00000
1611678198477499 0.99888 0.04734 0.00000 -85.92973 0.04734 -0.99888 0.00000 12.02611 0.00000 0.00000 -1.00000 0.00000
1611678198728126 0.99994 0.01121 0.00000 -86.83730 0.01121 -0.99994 0.00000 15.10169 0.00000 0.00000 -1.00000 0.00000
1611678198979384 0.99964 -0.02678 0.00000 -87.61759 -0.02678 -0.99964 0.00000 18.37727 0.00000 -0.00000 -1.00000 0.00000
1611678199229379 0.99780 -0.06634 0.00000 -88.24353 -0.06634 -0.99780 0.00000 21.81820 0.00000 -0.00000 -1.00000 0.00000
1611678199480014 0.99362 -0.11280 0.00000 -88.51896 -0.11280 -0.99362 0.00000 25.90100 0.00000 -0.00000 -1.00000 0.00000
1611678199729387 0.98743 -0.15803 0.00000 -88.61356 -0.15803 -0.98743 0.00000 29.89953 0.00000 -0.00000 -1.00000 0.00000
1611678199978766 0.97922 -0.20281 0.00000 -88.54735 -0.20281 -0.97922 0.00000 33.89007 0.00000 -0.00000 -1.00000 0.00000
1611678200228142 0.96897 -0.24720 0.00000 -88.27390 -0.24720 -0.96897 0.00000 37.88191 0.00000 -0.00000 -1.00000 0.00000
1611678200477520 0.95739 -0.28880 0.00000 -87.90235 -0.28880 -0.95739 0.00000 41.63275 0.00000 -0.00000 -1.00000 0.00000
1611678200727533 0.94438 -0.32887 0.00000 -87.41451 -0.32887 -0.94438 0.00000 45.28412 0.00000 -0.00000 -1.00000 0.00000
1611678200977524 0.92931 -0.36930 0.00000 -86.70630 -0.36930 -0.92931 0.00000 48.99744 0.00000 -0.00000 -1.00000 0.00000
1611678201227524 0.91243 -0.40924 0.00000 -85.85305 -0.40924 -0.91243 0.00000 52.69155 0.00000 -0.00000 -1.00000 0.00000
1611678201478780 0.89244 -0.45116 0.00000 -84.69629 -0.45116 -0.89244 0.00000 56.60934 0.00000 -0.00000 -1.00000 0.00000
1611678201729407 0.86928 -0.49431 0.00000 -83.20648 -0.49431 -0.86928 0.00000 60.67690 0.00000 -0.00000 -1.00000 0.00000
1611678201979413 0.84320 -0.53759 0.00000 -81.44334 -0.53759 -0.84320 0.00000 64.78091 0.00000 -0.00000 -1.00000 0.00000
1611678202229413 0.81397 -0.58090 0.00000 -79.38801 -0.58090 -0.81397 0.00000 68.92843 0.00000 -0.00000 -1.00000 0.00000
1611678202478791 0.78235 -0.62284 0.00000 -77.11218 -0.62284 -0.78235 0.00000 72.98654 0.00000 -0.00000 -1.00000 0.00000
1611678202728172 0.74901 -0.66256 0.00000 -74.70039 -0.66256 -0.74901 0.00000 76.88986 0.00000 -0.00000 -1.00000 0.00000
1611678202977550 0.71319 -0.70097 0.00000 -72.03431 -0.70097 -0.71319 0.00000 80.68834 0.00000 -0.00000 -1.00000 0.00000
1611678203227551 0.67449 -0.73828 0.00000 -69.10511 -0.73828 -0.67449 0.00000 84.43034 0.00000 -0.00000 -1.00000 0.00000
1611678203477555 0.63911 -0.76912 0.00000 -66.58479 -0.76912 -0.63911 0.00000 87.55960 0.00000 -0.00000 -1.00000 0.00000
1611678203727555 0.61276 -0.79027 0.00000 -65.10084 -0.79027 -0.61276 0.00000 89.71861 0.00000 -0.00000 -1.00000 0.00000
1611678203978185 0.59412 -0.80438 0.00000 -64.52181 -0.80438 -0.59412 0.00000 91.19178 0.00000 -0.00000 -1.00000 0.00000
1611678204229437 0.58369 -0.81197 0.00000 -64.88628 -0.81197 -0.58369 0.00000 91.99081 0.00000 -0.00000 -1.00000 0.00000
1611678204480066 0.58030 -0.81440 0.00000 -66.07476 -0.81440 -0.58030 0.00000 92.24218 0.00000 -0.00000 -1.00000 0.00000
1611678204730065 0.58039 -0.81434 0.00000 -67.68509 -0.81434 -0.58039 0.00000 92.23658 0.00000 -0.00000 -1.00000 0.00000
1611678204979443 0.57983 -0.81474 0.00000 -69.24089 -0.81474 -0.57983 0.00000 92.26011 0.00000 -0.00000 -1.00000 0.00000
1611678205228826 0.57751 -0.81638 0.00000 -70.62683 -0.81638 -0.57751 0.00000 92.43813 0.00000 -0.00000 -1.00000 0.00000
1611678205478202 0.57607 -0.81740 0.00000 -72.13315 -0.81740 -0.57607 0.00000 92.52466 0.00000 -0.00000 -1.00000 0.00000
1611678205728203 0.57791 -0.81610 0.00000 -74.04002 -0.81610 -0.57791 0.00000 92.32053 0.00000 -0.00000 -1.00000 0.00000
1611678205978204 0.58068 -0.81413 0.00000 -76.08641 -0.81413 -0.58068 0.00000 92.03499 0.00000 -0.00000 -1.00000 0.00000
1611678206227596 0.58444 -0.81143 0.00000 -78.25864 -0.81143 -0.58444 0.00000 91.64066 0.00000 -0.00000 -1.00000 0.00000
1611678206478212 0.59188 -0.80602 0.00000 -80.89712 -0.80602 -0.59188 0.00000 90.87935 0.00000 -0.00000 -1.00000 0.00000
1611678206728843 0.60318 -0.79761 0.00000 -83.97220 -0.79761 -0.60318 0.00000 89.68989 0.00000 -0.00000 -1.00000 0.00000
1611678206980099 0.61580 -0.78790 0.00000 -87.18162 -0.78790 -0.61580 0.00000 88.29824 0.00000 -0.00000 -1.00000 0.00000
1611678207230096 0.62902 -0.77739 0.00000 -90.46130 -0.77739 -0.62902 0.00000 86.76395 0.00000 -0.00000 -1.00000 0.00000
1611678207480098 0.64242 -0.76635 0.00000 -93.73808 -0.76635 -0.64242 0.00000 85.13241 0.00000 -0.00000 -1.00000 0.00000
1611678207729476 0.65925 -0.75193 0.00000 -97.35265 -0.75193 -0.65925 0.00000 82.97968 0.00000 -0.00000 -1.00000 0.00000
1611678207978849 0.67640 -0.73653 0.00000 -100.97436 -0.73653 -0.67640 0.00000 80.67151 0.00000 -0.00000 -1.00000 0.00000
1611678208227941 0.69340 -0.72055 0.00000 -104.56149 -0.72055 -0.69340 0.00000 78.24830 0.00000 -0.00000 -1.00000 0.00000
1611678208477607 0.70957 -0.70464 0.00000 -107.99185 -0.70464 -0.70957 0.00000 75.82244 0.00000 -0.00000 -1.00000 0.00000
1611678208728245 0.72673 -0.68692 0.00000 -111.48941 -0.68692 -0.72673 0.00000 73.09104 0.00000 -0.00000 -1.00000 0.00000
1611678208978240 0.74298 -0.66931 0.00000 -114.85805 -0.66931 -0.74298 0.00000 70.35487 0.00000 -0.00000 -1.00000 0.00000
1611678209228869 0.75868 -0.65146 0.00000 -118.11722 -0.65146 -0.75868 0.00000 67.55174 0.00000 -0.00000 -1.00000 0.00000
1611678209479496 0.77480 -0.63220 0.00000 -121.33904 -0.63220 -0.77480 0.00000 64.53562 0.00000 -0.00000 -1.00000 0.00000
1611678209729494 0.78993 -0.61319 0.00000 -124.45156 -0.61319 -0.78993 0.00000 61.52193 0.00000 -0.00000 -1.00000 0.00000
1611678209979499 0.80271 -0.59637 0.00000 -127.27822 -0.59637 -0.80271 0.00000 58.84808 0.00000 -0.00000 -1.00000 0.00000
1611678210228880 0.81530 -0.57904 0.00000 -130.00211 -0.57904 -0.81530 0.00000 56.05915 0.00000 -0.00000 -1.00000 0.00000
1611678210478884 0.82759 -0.56134 0.00000 -132.67925 -0.56134 -0.82759 0.00000 53.21074 0.00000 -0.00000 -1.00000 0.00000
1611678210728260 0.83908 -0.54401 0.00000 -135.21595 -0.54401 -0.83908 0.00000 50.40988 0.00000 -0.00000 -1.00000 0.00000
1611678210978260 0.84875 -0.52879 0.00000 -137.53428 -0.52879 -0.84875 0.00000 47.93012 0.00000 -0.00000 -1.00000 0.00000
1611678211228265 0.85424 -0.51988 0.00000 -139.43006 -0.51988 -0.85424 0.00000 46.46397 0.00000 -0.00000 -1.00000 0.00000
1611678211478897 0.85775 -0.51407 0.00000 -141.10781 -0.51407 -0.85775 0.00000 45.49674 0.00000 -0.00000 -1.00000 0.00000
1611678211729520 0.86131 -0.50808 0.00000 -142.76157 -0.50808 -0.86131 0.00000 44.48211 0.00000 -0.00000 -1.00000 0.00000
1611678211980149 0.86399 -0.50351 0.00000 -144.28770 -0.50351 -0.86399 0.00000 43.71988 0.00000 -0.00000 -1.00000 0.00000
1611678212230146 0.86694 -0.49842 0.00000 -145.77352 -0.49842 -0.86694 0.00000 42.84017 0.00000 -0.00000 -1.00000 0.00000
1611678212480154 0.86966 -0.49365 0.00000 -147.18487 -0.49365 -0.86966 0.00000 42.02623 0.00000 -0.00000 -1.00000 0.00000
1611678212729532 0.87320 -0.48737 0.00000 -148.61593 -0.48737 -0.87320 0.00000 40.93623 0.00000 -0.00000 -1.00000 0.00000
1611678212978909 0.87981 -0.47533 0.00000 -150.24733 -0.47533 -0.87981 0.00000 38.86147 0.00000 -0.00000 -1.00000 0.00000
1611678213228286 0.89011 -0.45575 0.00000 -152.09696 -0.45575 -0.89011 0.00000 35.52169 0.00000 -0.00000 -1.00000 0.00000
1611678213477041 0.90506 -0.42529 0.00000 -154.19086 -0.42529 -0.90506 0.00000 30.30333 0.00000 -0.00000 -1.00000 0.00000
1611678213727042 0.92505 -0.37985 0.00000 -156.45283 -0.37985 -0.92505 0.00000 22.59813 0.00000 -0.00000 -1.00000 0.00000
1611678213977674 0.94904 -0.31517 0.00000 -158.52956 -0.31517 -0.94904 0.00000 11.75081 0.00000 -0.00000 -1.00000 0.00000
1611678214227673 0.97103 -0.23895 0.00000 -159.79817 -0.23895 -0.97103 0.00000 -0.85766 0.00000 -0.00000 -1.00000 0.00000
1611678214478926 0.98667 -0.16275 0.00000 -160.04895 -0.16275 -0.98667 0.00000 -13.26759 0.00000 -0.00000 -1.00000 0.00000
1611678214729551 0.99608 -0.08841 0.00000 -159.37656 -0.08841 -0.99608 0.00000 -25.21025 0.00000 -0.00000 -1.00000 0.00000
1611678214980184 0.99996 -0.00928 0.00000 -157.62327 -0.00928 -0.99996 0.00000 -37.75437 0.00000 -0.00000 -1.00000 0.00000
1611678215230182 0.99662 0.08209 0.00000 -154.23966 0.08209 -0.99662 0.00000 -51.98526 0.00000 0.00000 -1.00000 0.00000
1611678215480184 0.98356 0.18056 0.00000 -149.01040 0.18056 -0.98356 0.00000 -67.02080 0.00000 0.00000 -1.00000 0.00000
1611678215729564 0.95987 0.28044 0.00000 -142.02604 0.28044 -0.95987 0.00000 -81.93038 0.00000 0.00000 -1.00000 0.00000
1611678215978940 0.92521 0.37946 0.00000 -133.31078 0.37946 -0.92521 0.00000 -96.35048 0.00000 0.00000 -1.00000 0.00000
1611678216228321 0.87982 0.47530 0.00000 -122.99363 0.47530 -0.87982 0.00000 -109.90118 0.00000 0.00000 -1.00000 0.00000
1611678216478323 0.82219 0.56921 0.00000 -110.77416 0.56921 -0.82219 0.00000 -122.74749 0.00000 0.00000 -1.00000 0.00000
1611678216728338 0.75505 0.65567 0.00000 -97.31111 0.65567 -0.75505 0.00000 -134.10008 0.00000 0.00000 -1.00000 0.00000
1611678216978333 0.67640 0.73653 0.00000 -82.19347 0.73653 -0.67640 0.00000 -144.17829 0.00000 0.00000 -1.00000 0.00000
1611678217228954 0.58684 0.80970 0.00000 -65.59179 0.80970 -0.58684 0.00000 -152.66992 0.00000 0.00000 -1.00000 0.00000
1611678217480212 0.48852 0.87255 0.00000 -47.94520 0.87255 -0.48852 0.00000 -159.25462 0.00000 0.00000 -1.00000 0.00000
1611678217730214 0.38032 0.92485 0.00000 -29.07468 0.92485 -0.38032 0.00000 -163.83057 0.00000 0.00000 -1.00000 0.00000
1611678217980212 0.26646 0.96385 0.00000 -9.76261 0.96385 -0.26646 0.00000 -166.10836 0.00000 0.00000 -1.00000 0.00000
1611678218229588 0.14994 0.98870 0.00000 9.48481 0.98870 -0.14994 0.00000 -166.06280 0.00000 0.00000 -1.00000 0.00000
1611678218478967 0.03113 0.99952 0.00000 28.61918 0.99952 -0.03113 0.00000 -163.72055 0.00000 0.00000 -1.00000 0.00000
1611678218728348 -0.08869 0.99606 0.00000 47.43291 0.99606 0.08869 0.00000 -159.09399 0.00000 0.00000 -1.00000 0.00000
1611678218978353 -0.20776 0.97818 0.00000 65.64013 0.97818 0.20776 0.00000 -152.21243 0.00000 0.00000 -1.00000 0.00000
1611678219228357 -0.32385 0.94611 0.00000 82.89511 0.94611 0.32385 0.00000 -143.19198 0.00000 0.00000 -1.00000 0.00000
1611678219478986 -0.43383 0.90099 0.00000 98.73851 0.90099 0.43383 0.00000 -132.31695 0.00000 0.00000 -1.00000 0.00000
1611678219730231 -0.53754 0.84324 0.00000 113.16004 0.84324 0.53754 0.00000 -119.65094 0.00000 0.00000 -1.00000 0.00000
1611678219980241 -0.63305 0.77411 0.00000 125.90402 0.77411 0.63305 0.00000 -105.47559 0.00000 0.00000 -1.00000 0.00000
1611678220230240 -0.71848 0.69555 0.00000 136.72542 0.69555 0.71848 0.00000 -90.15758 0.00000 0.00000 -1.00000 0.00000
1611678220479621 -0.79197 0.61056 0.00000 145.43025 0.61056 0.79197 0.00000 -74.22140 0.00000 0.00000 -1.00000 0.00000
1611678220728996 -0.85250 0.52273 0.00000 151.96675 0.52273 0.85250 0.00000 -58.27577 0.00000 0.00000 -1.00000 0.00000
1611678220978998 -0.89969 0.43654 0.00000 156.41286 0.43654 0.89969 0.00000 -43.05450 0.00000 0.00000 -1.00000 0.00000
1611678221228378 -0.93476 0.35528 0.00000 159.06641 0.35528 0.93476 0.00000 -29.04176 0.00000 0.00000 -1.00000 0.00000
1611678221478383 -0.96057 0.27805 0.00000 160.35027 0.27805 0.96057 0.00000 -15.99042 0.00000 0.00000 -1.00000 0.00000
1611678221728383 -0.97887 0.20448 0.00000 160.52844 0.20448 0.97887 0.00000 -3.78158 0.00000 0.00000 -1.00000 0.00000
1611678221978385 -0.98987 0.14199 0.00000 159.84625 0.14199 0.98987 0.00000 6.42569 0.00000 0.00000 -1.00000 0.00000
1611678222229640 -0.99539 0.09592 0.00000 158.74137 0.09592 0.99539 0.00000 13.83889 0.00000 0.00000 -1.00000 0.00000
1611678222479633 -0.99790 0.06480 0.00000 157.56633 0.06480 0.99790 0.00000 18.78064 0.00000 0.00000 -1.00000 0.00000
1611678222730269 -0.99904 0.04384 0.00000 156.43803 0.04384 0.99904 0.00000 22.08873 0.00000 0.00000 -1.00000 0.00000
1611678222980277 -0.99961 0.02775 0.00000 155.34077 0.02775 0.99961 0.00000 24.60579 0.00000 0.00000 -1.00000 0.00000
1611678223229650 -0.99988 0.01578 0.00000 154.27467 0.01578 0.99988 0.00000 26.43542 0.00000 0.00000 -1.00000 0.00000
1611678223479649 -0.99996 0.00879 0.00000 153.29382 0.00879 0.99996 0.00000 27.49420 0.00000 0.00000 -1.00000 0.00000
