0.973 0.231 0. -4.314 0.231 -0.973 0. -0.162 0. 0. -1. 0.
0.973 0.231 0. -4.314 0.231 -0.973 0. -0.162 0. 0. -1. 0.
0.973 0.231 0. -4.314 0.231 -0.973 0. -0.162 0. 0. -1. 0.
0.973 0.231 0. -4.314 0.231 -0.973 0. -0.162 0. 0. -1. 0.
0.973 0.231 0. -4.314 0.231 -0.973 0. -0.162 0. 0. -1. 0.
0.973 0.231 0. -4.314 0.231 -0.973 0. -0.162 0. 0. -1. 0.
0.973 0.231 0. -4.314 0.231 -0.973 0. -0.162 0. 0. -1. 0.
0.973 0.231 0. -4.314 0.231 -0.973 0. -0.162 0. 0. -1. 0.
0.973 0.231 0. -4.314 0.231 -0.973 0. -0.162 0. 0. -1. 0.
0.973 0.231 0. -4.314 0.231 -0.973 0. -0.162 0. 0. -1. 0.
0.973 0.231 0. -4.314 0.231 -0.973 0. -0.162 0. 0. -1. 0.
0.973 0.231 0. -4.314 0.231 -0.973 0. -0.162 0. 0. -1. 0.
0.973 0.231 0. -4.314 0.231 -0.973 0. -0.162 0. 0. -1. 0.
0.973 0.231 0. -4.314 0.231 -0.973 0. -0.162 0. 0. -1. 0.
0.973 0.231 0. -4.314 0.231 -0.973 0. -0.162 0. 0. -1. 0.
0.973 0.231 0. -4.314 0.231 -0.973 0. -0.162 0. 0. -1. 0.
0.973 0.231 0. -4.314 0.231 -0.973 0. -0.162 0. 0. -1. 0.
0.973 0.231 0. -4.314 0.231 -0.973 0. -0.162 0. 0. -1. 0.
0.973 0.231 0. -4.314 0.231 -0.973 0. -0.162 0. 0. -1. 0.
0.973 0.231 0. -4.314 0.231 -0.973 0. -0.162 0. 0. -1. 0.
0.973 0.231 0. -4.314 0.231 -0.973 0. -0.162 0. 0. -1. 0.
0.973 0.231 0. -4.314 0.231 -0.973 0. -0.162 0. 0. -1. 0.
0.973 0.231 0. -4.314 0.231 -0.973 0. -0.162 0. 0. -1. 0.
0.973 0.231 0. -4.314 0.231 -0.973 0. -0.162 0. 0. -1. 0.
0.973 0.231 0. -4.314 0.231 -0.973 0. -0.162 0. 0. -1. 0.
0.973 0.231 0. -4.314 0.231 -0.973 0. -0.162 0. 0. -1. 0.
0.973 0.231 0. -4.314 0.231 -0.973 0. -0.162 0. 0. -1. 0.
0.973 0.231 0. -4.314 0.231 -0.973 0. -0.162 0. 0. -1. 0.
0.973 0.231 0. -4.315 0.231 -0.973 0. -0.166 0. 0. -1. 0.
0.973 0.231 0. -4.315 0.231 -0.973 0. -0.168 0. 0. -1. 0.
0.973 0.231 0. -4.304 0.231 -0.973 0. -0.167 0. 0. -1. 0.
0.973 0.230 0. -4.281 0.230 -0.973 0. -0.165 0. 0. -1. 0.
0.974 0.228 0. -4.247 0.228 -0.974 0. -0.160 0. 0. -1. 0.
0.974 0.225 0. -4.194 0.225 -0.974 0. -0.153 0. 0. -1. 0.
0.976 0.219 0. -4.108 0.219 -0.976 0. -0.140 0. 0. -1. 0.
0.978 0.209 0. -3.970 0.209 -0.978 0. -0.120 0. 0. -1. 0.
0.981 0.194 0. -3.758 0.194 -0.981 0. -0.093 0. 0. -1. 0.
0.985 0.174 0. -3.471 0.174 -0.985 0. -0.062 0. 0. -1. 0.
0.988 0.153 0. -3.109 0.153 -0.988 0. -0.028 0. 0. -1. 0.
0.991 0.134 0. -2.659 0.134 -0.991 0. 0.013 0. 0. -1. 0.
0.993 0.121 0. -2.117 0.121 -0.993 0. 0.062 0. 0. -1. 0.
0.994 0.109 0. -1.497 0.109 -0.994 0. 0.118 0. 0. -1. 0.
0.995 0.099 0. -0.795 0.099 -0.995 0. 0.167 0. 0. -1. 0.
0.995 0.095 0. -0.025 0.095 -0.995 0. 0.220 0. 0. -1. 0.
0.996 0.094 0. 0.816 0.094 -0.996 0. 0.281 0. 0. -1. 0.
0.995 0.097 0. 1.729 0.097 -0.995 0. 0.362 0. 0. -1. 0.
0.995 0.099 0. 2.707 0.099 -0.995 0. 0.440 0. 0. -1. 0.
0.995 0.101 0. 3.748 0.101 -0.995 0. 0.548 0. 0. -1. 0.
0.995 0.102 0. 4.835 0.102 -0.995 0. 0.653 0. 0. -1. 0.
0.996 0.093 0. 5.947 0.093 -0.996 0. 0.742 0. 0. -1. 0.
0.996 0.084 0. 7.125 0.084 -0.996 0. 0.822 0. 0. -1. 0.
0.997 0.077 0. 8.354 0.077 -0.997 0. 0.899 0. 0. -1. 0.
0.997 0.077 0. 9.618 0.077 -0.997 0. 0.953 0. 0. -1. 0.
0.997 0.080 0. 10.936 0.080 -0.997 0. 1.032 0. 0. -1. 0.
0.996 0.085 0. 12.331 0.085 -0.996 0. 1.112 0. 0. -1. 0.
0.996 0.094 0. 13.749 0.094 -0.996 0. 1.224 0. 0. -1. 0.
0.994 0.105 0. 15.162 0.105 -0.994 0. 1.334 0. 0. -1. 0.
0.993 0.122 0. 16.673 0.122 -0.993 0. 1.490 0. 0. -1. 0.
0.989 0.146 0. 18.166 0.146 -0.989 0. 1.668 0. 0. -1. 0.
0.986 0.166 0. 19.655 0.166 -0.986 0. 1.884 0. 0. -1. 0.
0.983 0.183 0. 21.153 0.183 -0.983 0. 2.119 0. 0. -1. 0.
0.980 0.200 0. 22.633 0.200 -0.980 0. 2.379 0. 0. -1. 0.
0.977 0.215 0. 24.099 0.215 -0.977 0. 2.673 0. 0. -1. 0.
0.974 0.225 0. 25.566 0.225 -0.974 0. 2.972 0. 0. -1. 0.
0.974 0.228 0. 27.051 0.228 -0.974 0. 3.290 0. 0. -1. 0.
0.975 0.223 0. 28.547 0.223 -0.975 0. 3.590 0. 0. -1. 0.
0.976 0.217 0. 30.115 0.217 -0.976 0. 3.883 0. 0. -1. 0.
0.977 0.213 0. 31.712 0.213 -0.977 0. 4.222 0. 0. -1. 0.
0.978 0.211 0. 33.301 0.211 -0.978 0. 4.515 0. 0. -1. 0.
0.977 0.214 0. 34.973 0.214 -0.977 0. 4.875 0. 0. -1. 0.
0.976 0.218 0. 36.670 0.218 -0.976 0. 5.199 0. 0. -1. 0.
0.975 0.221 0. 38.319 0.221 -0.975 0. 5.543 0. 0. -1. 0.
0.976 0.219 0. 40.027 0.219 -0.976 0. 5.893 0. 0. -1. 0.
0.977 0.212 0. 41.747 0.212 -0.977 0. 6.232 0. 0. -1. 0.
0.979 0.205 0. 43.454 0.205 -0.979 0. 6.548 0. 0. -1. 0.
0.980 0.199 0. 45.192 0.199 -0.980 0. 6.857 0. 0. -1. 0.
0.981 0.195 0. 46.935 0.195 -0.981 0. 7.166 0. 0. -1. 0.
0.981 0.194 0. 48.683 0.194 -0.981 0. 7.473 0. 0. -1. 0.
0.980 0.197 0. 50.469 0.197 -0.980 0. 7.779 0. 0. -1. 0.
0.979 0.206 0. 52.255 0.206 -0.979 0. 8.114 0. 0. -1. 0.
0.976 0.217 0. 54.068 0.217 -0.976 0. 8.460 0. 0. -1. 0.
0.973 0.231 0. 55.914 0.231 -0.973 0. 8.850 0. 0. -1. 0.
0.969 0.245 0. 57.777 0.245 -0.969 0. 9.265 0. 0. -1. 0.
0.966 0.259 0. 59.638 0.259 -0.966 0. 9.725 0. 0. -1. 0.
0.963 0.271 0. 61.534 0.271 -0.963 0. 10.214 0. 0. -1. 0.
0.960 0.281 0. 63.434 0.281 -0.960 0. 10.721 0. 0. -1. 0.
0.958 0.288 0. 65.368 0.288 -0.958 0. 11.248 0. 0. -1. 0.
0.957 0.290 0. 67.312 0.290 -0.957 0. 11.788 0. 0. -1. 0.
0.958 0.287 0. 69.262 0.287 -0.958 0. 12.332 0. 0. -1. 0.
0.960 0.281 0. 71.220 0.281 -0.960 0. 12.869 0. 0. -1. 0.
0.962 0.272 0. 73.190 0.272 -0.962 0. 13.388 0. 0. -1. 0.
0.966 0.260 0. 75.159 0.260 -0.966 0. 13.888 0. 0. -1. 0.
0.971 0.239 0. 77.114 0.239 -0.971 0. 14.356 0. 0. -1. 0.
0.978 0.208 0. 79.089 0.208 -0.978 0. 14.775 0. 0. -1. 0.
0.986 0.167 0. 81.073 0.167 -0.986 0. 15.099 0. 0. -1. 0.
0.993 0.119 0. 83.045 0.119 -0.993 0. 15.325 0. 0. -1. 0.
0.998 0.064 0. 85.006 0.064 -0.998 0. 15.452 0. 0. -1. 0.
1. 0.008 0. 86.991 0.008 -1. 0. 15.462 0. 0. -1. 0.
0.999 -0.047 0. 88.953 -0.047 -0.999 -0. 15.367 0. 0. -1. 0.
0.995 -0.103 0. 90.879 -0.103 -0.995 -0. 15.160 0. 0. -1. 0.
0.987 -0.162 0. 92.785 -0.162 -0.987 -0. 14.849 0. 0. -1. 0.
0.975 -0.222 0. 94.680 -0.222 -0.975 -0. 14.420 0. 0. -1. 0.
0.959 -0.283 0. 96.537 -0.283 -0.959 -0. 13.870 0. 0. -1. 0.
0.940 -0.340 0. 98.372 -0.340 -0.940 -0. 13.206 0. 0. -1. 0.
0.917 -0.399 0. 100.176 -0.399 -0.917 -0. 12.440 0. 0. -1. 0.
0.885 -0.466 0. 101.927 -0.466 -0.885 -0. 11.539 0. 0. -1. 0.
0.848 -0.530 0. 103.560 -0.530 -0.848 -0. 10.516 0. 0. -1. 0.
0.806 -0.592 0. 105.131 -0.592 -0.806 -0. 9.352 0. 0. -1. 0.
0.762 -0.648 0. 106.632 -0.648 -0.762 -0. 8.098 0. 0. -1. 0.
0.719 -0.695 0. 108.033 -0.695 -0.719 -0. 6.737 0. 0. -1. 0.
0.676 -0.737 0. 109.378 -0.737 -0.676 -0. 5.252 0. 0. -1. 0.
0.639 -0.769 0. 110.657 -0.769 -0.639 -0. 3.673 0. 0. -1. 0.
0.609 -0.793 0. 111.887 -0.793 -0.609 -0. 2.035 0. 0. -1. 0.
0.585 -0.811 0. 113.103 -0.811 -0.585 -0. 0.339 0. 0. -1. 0.
0.569 -0.822 0. 114.306 -0.822 -0.569 -0. -1.411 0. 0. -1. 0.
0.562 -0.827 0. 115.501 -0.827 -0.562 -0. -3.217 0. 0. -1. 0.
0.564 -0.826 0. 116.708 -0.826 -0.564 -0. -5.051 0. 0. -1. 0.
0.569 -0.822 0. 117.927 -0.822 -0.569 -0. -6.901 0. 0. -1. 0.
0.576 -0.817 0. 119.175 -0.817 -0.576 -0. -8.764 0. 0. -1. 0.
0.586 -0.811 0. 120.432 -0.811 -0.586 -0. -10.606 0. 0. -1. 0.
0.597 -0.802 0. 121.741 -0.802 -0.597 -0. -12.437 0. 0. -1. 0.
0.610 -0.792 0. 123.043 -0.792 -0.610 -0. -14.229 0. 0. -1. 0.
0.627 -0.779 0. 124.383 -0.779 -0.627 -0. -16.003 0. 0. -1. 0.
0.643 -0.766 0. 125.759 -0.766 -0.643 -0. -17.726 0. 0. -1. 0.
0.658 -0.753 0. 127.133 -0.753 -0.658 -0. -19.397 0. 0. -1. 0.
0.672 -0.741 0. 128.556 -0.741 -0.672 -0. -21.043 0. 0. -1. 0.
0.682 -0.731 0. 129.989 -0.731 -0.682 -0. -22.645 0. 0. -1. 0.
0.694 -0.720 0. 131.407 -0.720 -0.694 -0. -24.191 0. 0. -1. 0.
0.704 -0.711 0. 132.846 -0.711 -0.704 -0. -25.735 0. 0. -1. 0.
0.713 -0.701 0. 134.268 -0.701 -0.713 -0. -27.198 0. 0. -1. 0.
0.720 -0.694 0. 135.712 -0.694 -0.720 -0. -28.663 0. 0. -1. 0.
0.723 -0.691 0. 137.171 -0.691 -0.723 -0. -30.101 0. 0. -1. 0.
0.722 -0.691 0. 138.569 -0.691 -0.722 -0. -31.492 0. 0. -1. 0.
0.722 -0.692 0. 139.984 -0.692 -0.722 -0. -32.904 0. 0. -1. 0.
0.724 -0.690 0. 141.360 -0.690 -0.724 -0. -34.288 0. 0. -1. 0.
0.732 -0.681 0. 142.695 -0.681 -0.732 -0. -35.604 0. 0. -1. 0.
0.753 -0.658 0. 144.058 -0.658 -0.753 -0. -36.856 0. 0. -1. 0.
0.783 -0.622 0. 145.419 -0.622 -0.783 -0. -38.002 0. 0. -1. 0.
0.820 -0.572 0. 146.792 -0.572 -0.820 -0. -39.015 0. 0. -1. 0.
0.862 -0.507 0. 148.177 -0.507 -0.862 -0. -39.912 0. 0. -1. 0.
0.907 -0.420 0. 149.580 -0.420 -0.907 -0. -40.650 0. 0. -1. 0.
0.949 -0.314 0. 151.003 -0.314 -0.949 -0. -41.209 0. 0. -1. 0.
0.981 -0.195 0. 152.422 -0.195 -0.981 -0. -41.558 0. 0. -1. 0.
0.998 -0.066 0. 153.829 -0.066 -0.998 -0. -41.694 0. 0. -1. 0.
0.997 0.072 0. 155.183 0.072 -0.997 0. -41.644 0. 0. -1. 0.
0.977 0.212 0. 156.475 0.212 -0.977 0. -41.410 0. 0. -1. 0.
0.935 0.356 0. 157.656 0.356 -0.935 0. -41.007 0. 0. -1. 0.
0.867 0.498 0. 158.716 0.498 -0.867 0. -40.440 0. 0. -1. 0.
0.773 0.635 0. 159.640 0.635 -0.773 0. -39.714 0. 0. -1. 0.
0.653 0.757 0. 160.400 0.757 -0.653 0. -38.878 0. 0. -1. 0.
0.505 0.863 0. 160.987 0.863 -0.505 0. -37.936 0. 0. -1. 0.
0.333 0.943 0. 161.361 0.943 -0.333 0. -36.913 0. 0. -1. 0.
0.145 0.990 0. 161.538 0.990 -0.145 0. -35.853 0. 0. -1. 0.
-0.049 0.999 0. 161.495 0.999 0.049 0. -34.793 0. 0. -1. 0.
-0.242 0.970 0. 161.266 0.970 0.242 0. -33.758 0. 0. -1. 0.
-0.426 0.905 0. 160.827 0.905 0.426 0. -32.788 0. 0. -1. 0.
-0.595 0.804 0. 160.200 0.804 0.595 0. -31.911 0. 0. -1. 0.
-0.729 0.684 0. 159.378 0.684 0.729 0. -31.115 0. 0. -1. 0.
-0.826 0.564 0. 158.407 0.564 0.826 0. -30.409 0. 0. -1. 0.
-0.892 0.452 0. 157.321 0.452 0.892 0. -29.832 0. 0. -1. 0.
-0.937 0.350 0. 156.152 0.350 0.937 0. -29.367 0. 0. -1. 0.
-0.964 0.264 0. 154.875 0.264 0.964 0. -28.994 0. 0. -1. 0.
-0.981 0.196 0. 153.530 0.196 0.981 0. -28.694 0. 0. -1. 0.
-0.988 0.155 0. 152.127 0.155 0.988 0. -28.429 0. 0. -1. 0.
-0.990 0.138 0. 150.639 0.138 0.990 0. -28.200 0. 0. -1. 0.
-0.990 0.139 0. 149.075 0.139 0.990 0. -27.963 0. 0. -1. 0.
-0.987 0.162 0. 147.491 0.162 0.987 0. -27.721 0. 0. -1. 0.
-0.980 0.201 0. 145.882 0.201 0.980 0. -27.372 0. 0. -1. 0.
-0.970 0.245 0. 144.224 0.245 0.970 0. -26.934 0. 0. -1. 0.
-0.958 0.288 0. 142.595 0.288 0.958 0. -26.402 0. 0. -1. 0.
-0.943 0.332 0. 140.956 0.332 0.943 0. -25.799 0. 0. -1. 0.
-0.926 0.378 0. 139.301 0.378 0.926 0. -25.097 0. 0. -1. 0.
-0.905 0.426 0. 137.643 0.426 0.905 0. -24.304 0. 0. -1. 0.
-0.881 0.473 0. 135.994 0.473 0.881 0. -23.419 0. 0. -1. 0.
-0.853 0.521 0. 134.363 0.521 0.853 0. -22.429 0. 0. -1. 0.
-0.822 0.570 0. 132.764 0.570 0.822 0. -21.296 0. 0. -1. 0.
-0.788 0.615 0. 131.197 0.615 0.788 0. -20.046 0. 0. -1. 0.
-0.754 0.657 0. 129.689 0.657 0.754 0. -18.696 0. 0. -1. 0.
-0.721 0.693 0. 128.221 0.693 0.721 0. -17.272 0. 0. -1. 0.
-0.689 0.725 0. 126.801 0.725 0.689 0. -15.792 0. 0. -1. 0.
-0.662 0.750 0. 125.408 0.750 0.662 0. -14.208 0. 0. -1. 0.
-0.634 0.773 0. 124.062 0.773 0.634 0. -12.550 0. 0. -1. 0.
-0.611 0.792 0. 122.803 0.792 0.611 0. -10.828 0. 0. -1. 0.
-0.593 0.805 0. 121.548 0.805 0.593 0. -9.046 0. 0. -1. 0.
-0.579 0.815 0. 120.319 0.815 0.579 0. -7.250 0. 0. -1. 0.
-0.567 0.824 0. 119.103 0.824 0.567 0. -5.419 0. 0. -1. 0.
-0.557 0.831 0. 117.916 0.831 0.557 0. -3.571 0. 0. -1. 0.
-0.554 0.833 0. 116.748 0.833 0.554 0. -1.714 0. 0. -1. 0.
-0.560 0.828 0. 115.573 0.828 0.560 0. 0.137 0. 0. -1. 0.
-0.579 0.815 0. 114.367 0.815 0.579 0. 1.977 0. 0. -1. 0.
-0.607 0.794 0. 113.110 0.794 0.607 0. 3.760 0. 0. -1. 0.
-0.643 0.766 0. 111.775 0.766 0.643 0. 5.486 0. 0. -1. 0.
-0.683 0.730 0. 110.358 0.730 0.683 0. 7.140 0. 0. -1. 0.
-0.729 0.685 0. 108.881 0.685 0.729 0. 8.665 0. 0. -1. 0.
-0.777 0.629 0. 107.309 0.629 0.777 0. 10.063 0. 0. -1. 0.
-0.826 0.563 0. 105.646 0.563 0.826 0. 11.330 0. 0. -1. 0.
-0.869 0.495 0. 103.929 0.495 0.869 0. 12.414 0. 0. -1. 0.
-0.904 0.428 0. 102.155 0.428 0.904 0. 13.345 0. 0. -1. 0.
-0.933 0.359 0. 100.328 0.359 0.933 0. 14.142 0. 0. -1. 0.
-0.956 0.293 0. 98.462 0.293 0.956 0. 14.808 0. 0. -1. 0.
-0.974 0.228 0. 96.585 0.228 0.974 0. 15.306 0. 0. -1. 0.
-0.986 0.167 0. 94.696 0.167 0.986 0. 15.714 0. 0. -1. 0.
-0.994 0.106 0. 92.785 0.106 0.994 0. 15.987 0. 0. -1. 0.
-0.999 0.044 0. 90.873 0.044 0.999 0. 16.166 0. 0. -1. 0.
-1.000 -0.019 0. 88.964 -0.019 1.000 0. 16.201 -0. 0. -1. 0.
-0.997 -0.078 0. 87.027 -0.078 0.997 0. 16.102 -0. 0. -1. 0.
-0.991 -0.130 0. 85.109 -0.130 0.991 0. 15.902 -0. 0. -1. 0.
-0.985 -0.171 0. 83.189 -0.171 0.985 0. 15.625 -0. 0. -1. 0.
-0.978 -0.207 0. 81.305 -0.207 0.978 0. 15.285 -0. 0. -1. 0.
-0.973 -0.230 0. 79.386 -0.230 0.973 0. 14.862 -0. 0. -1. 0.
-0.969 -0.247 0. 77.470 -0.247 0.969 0. 14.425 -0. 0. -1. 0.
-0.966 -0.259 0. 75.566 -0.259 0.966 0. 13.951 -0. 0. -1. 0.
-0.964 -0.266 0. 73.645 -0.266 0.964 0. 13.457 -0. 0. -1. 0.
-0.962 -0.272 0. 71.705 -0.272 0.962 0. 12.958 -0. 0. -1. 0.
-0.961 -0.278 0. 69.755 -0.278 0.961 0. 12.437 -0. 0. -1. 0.
-0.960 -0.280 0. 67.795 -0.280 0.960 0. 11.906 -0. 0. -1. 0.
-0.961 -0.278 0. 65.817 -0.278 0.961 0. 11.382 -0. 0. -1. 0.
-0.962 -0.274 0. 63.820 -0.274 0.962 0. 10.864 -0. 0. -1. 0.
-0.964 -0.266 0. 61.813 -0.266 0.964 0. 10.338 -0. 0. -1. 0.
-0.967 -0.256 0. 59.774 -0.256 0.967 0. 9.830 -0. 0. -1. 0.
-0.970 -0.244 0. 57.705 -0.244 0.970 0. 9.345 -0. 0. -1. 0.
-0.972 -0.234 0. 55.620 -0.234 0.972 0. 8.888 -0. 0. -1. 0.
-0.974 -0.225 0. 53.518 -0.225 0.974 0. 8.443 -0. 0. -1. 0.
-0.976 -0.219 0. 51.422 -0.219 0.976 0. 8.024 -0. 0. -1. 0.
-0.977 -0.213 0. 49.303 -0.213 0.977 0. 7.609 -0. 0. -1. 0.
-0.978 -0.211 0. 47.200 -0.211 0.978 0. 7.197 -0. 0. -1. 0.
-0.978 -0.208 0. 45.084 -0.208 0.978 0. 6.788 -0. 0. -1. 0.
-0.979 -0.205 0. 42.952 -0.205 0.979 0. 6.401 -0. 0. -1. 0.
-0.979 -0.204 0. 40.843 -0.204 0.979 0. 6.011 -0. 0. -1. 0.
-0.979 -0.203 0. 38.705 -0.203 0.979 0. 5.607 -0. 0. -1. 0.
-0.980 -0.200 0. 36.602 -0.200 0.980 0. 5.223 -0. 0. -1. 0.
-0.979 -0.202 0. 34.461 -0.202 0.979 0. 4.825 -0. 0. -1. 0.
-0.979 -0.202 0. 32.335 -0.202 0.979 0. 4.398 -0. 0. -1. 0.
-0.979 -0.203 0. 30.230 -0.203 0.979 0. 4.024 -0. 0. -1. 0.
-0.980 -0.201 0. 28.066 -0.201 0.980 0. 3.628 -0. 0. -1. 0.
-0.980 -0.200 0. 25.982 -0.200 0.980 0. 3.258 -0. 0. -1. 0.
-0.980 -0.199 0. 23.851 -0.199 0.980 0. 2.867 -0. 0. -1. 0.
-0.981 -0.195 0. 21.732 -0.195 0.981 0. 2.488 -0. 0. -1. 0.
-0.982 -0.190 0. 19.597 -0.190 0.982 0. 2.121 -0. 0. -1. 0.
-0.983 -0.185 0. 17.456 -0.185 0.983 0. 1.759 -0. 0. -1. 0.
-0.984 -0.180 0. 15.300 -0.180 0.984 0. 1.399 -0. 0. -1. 0.
-0.984 -0.175 0. 13.183 -0.175 0.984 0. 1.054 -0. 0. -1. 0.
-0.985 -0.171 0. 11.018 -0.171 0.985 0. 0.707 -0. 0. -1. 0.
-0.986 -0.169 0. 8.857 -0.169 0.986 0. 0.373 -0. 0. -1. 0.
-0.986 -0.167 0. 6.693 -0.167 0.986 0. 0.032 -0. 0. -1. 0.
-0.986 -0.164 0. 4.527 -0.164 0.986 0. -0.292 -0. 0. -1. 0.
-0.987 -0.163 0. 2.337 -0.163 0.987 0. -0.626 -0. 0. -1. 0.
-0.987 -0.163 0. 0.167 -0.163 0.987 0. -0.966 -0. 0. -1. 0.
-0.987 -0.162 0. -2.022 -0.162 0.987 0. -1.291 -0. 0. -1. 0.
-0.986 -0.164 0. -4.219 -0.164 0.986 0. -1.609 -0. 0. -1. 0.
-0.986 -0.167 0. -6.399 -0.167 0.986 0. -1.931 -0. 0. -1. 0.
-0.986 -0.169 0. -8.600 -0.169 0.986 0. -2.248 -0. 0. -1. 0.
-0.985 -0.173 0. -10.820 -0.173 0.985 0. -2.621 -0. 0. -1. 0.
-0.985 -0.174 0. -12.960 -0.174 0.985 0. -2.974 -0. 0. -1. 0.
-0.985 -0.175 0. -15.162 -0.175 0.985 0. -3.308 -0. 0. -1. 0.
-0.984 -0.176 0. -17.350 -0.176 0.984 0. -3.639 -0. 0. -1. 0.
-0.984 -0.180 0. -19.534 -0.180 0.984 0. -3.986 -0. 0. -1. 0.
-0.983 -0.183 0. -21.742 -0.183 0.983 0. -4.335 -0. 0. -1. 0.
-0.983 -0.186 0. -23.933 -0.186 0.983 0. -4.679 -0. 0. -1. 0.
-0.982 -0.189 0. -26.122 -0.189 0.982 0. -5.027 -0. 0. -1. 0.
-0.981 -0.192 0. -28.318 -0.192 0.981 0. -5.403 -0. 0. -1. 0.
-0.980 -0.198 0. -30.496 -0.198 0.980 0. -5.815 -0. 0. -1. 0.
-0.979 -0.202 0. -32.659 -0.202 0.979 0. -6.235 -0. 0. -1. 0.
-0.978 -0.208 0. -34.836 -0.208 0.978 0. -6.668 -0. 0. -1. 0.
-0.977 -0.213 0. -36.971 -0.213 0.977 0. -7.093 -0. 0. -1. 0.
-0.976 -0.219 0. -39.095 -0.219 0.976 0. -7.528 -0. 0. -1. 0.
-0.975 -0.223 0. -41.238 -0.223 0.975 0. -7.971 -0. 0. -1. 0.
-0.974 -0.228 0. -43.310 -0.228 0.974 0. -8.406 -0. 0. -1. 0.
-0.973 -0.232 0. -45.381 -0.232 0.973 0. -8.844 -0. 0. -1. 0.
-0.972 -0.236 0. -47.416 -0.236 0.972 0. -9.280 -0. 0. -1. 0.
-0.971 -0.239 0. -49.396 -0.239 0.971 0. -9.709 -0. 0. -1. 0.
-0.971 -0.240 0. -51.355 -0.240 0.971 0. -10.148 -0. 0. -1. 0.
-0.970 -0.241 0. -53.244 -0.241 0.970 0. -10.568 -0. 0. -1. 0.
-0.970 -0.241 0. -55.065 -0.241 0.970 0. -10.992 -0. 0. -1. 0.
-0.970 -0.242 0. -56.813 -0.242 0.970 0. -11.403 -0. 0. -1. 0.
-0.973 -0.232 0. -58.469 -0.232 0.973 0. -11.779 -0. 0. -1. 0.
-0.977 -0.213 0. -60.032 -0.213 0.977 0. -12.094 -0. 0. -1. 0.
-0.983 -0.184 0. -61.515 -0.184 0.983 0. -12.351 -0. 0. -1. 0.
-0.990 -0.140 0. -62.910 -0.140 0.990 0. -12.532 -0. 0. -1. 0.
-0.997 -0.084 0. -64.214 -0.084 0.997 0. -12.644 -0. 0. -1. 0.
-1. -0.013 0. -65.428 -0.013 1. 0. -12.652 -0. 0. -1. 0.
-0.998 0.071 0. -66.566 0.071 0.998 0. -12.569 0. 0. -1. 0.
-0.985 0.172 0. -67.658 0.172 0.985 0. -12.371 0. 0. -1. 0.
-0.959 0.282 0. -68.681 0.282 0.959 0. -12.045 0. 0. -1. 0.
-0.918 0.396 0. -69.640 0.396 0.918 0. -11.641 0. 0. -1. 0.
-0.861 0.508 0. -70.509 0.508 0.861 0. -11.088 0. 0. -1. 0.
-0.791 0.612 0. -71.299 0.612 0.791 0. -10.455 0. 0. -1. 0.
-0.712 0.703 0. -72.008 0.703 0.712 0. -9.738 0. 0. -1. 0.
-0.635 0.773 0. -72.614 0.773 0.635 0. -8.945 0. 0. -1. 0.
-0.560 0.828 0. -73.163 0.828 0.560 0. -8.093 0. 0. -1. 0.
-0.488 0.873 0. -73.656 0.873 0.488 0. -7.155 0. 0. -1. 0.
-0.422 0.907 0. -74.097 0.907 0.422 0. -6.136 0. 0. -1. 0.
-0.369 0.929 0. -74.491 0.929 0.369 0. -5.033 0. 0. -1. 0.
-0.331 0.944 0. -74.863 0.944 0.331 0. -3.872 0. 0. -1. 0.
-0.304 0.953 0. -75.226 0.953 0.304 0. -2.636 0. 0. -1. 0.
-0.288 0.958 0. -75.588 0.958 0.288 0. -1.350 0. 0. -1. 0.
-0.279 0.960 0. -75.950 0.960 0.279 0. -0.016 0. 0. -1. 0.
-0.273 0.962 0. -76.324 0.962 0.273 0. 1.376 0. 0. -1. 0.
-0.267 0.964 0. -76.680 0.964 0.267 0. 2.806 0. 0. -1. 0.
-0.260 0.966 0. -77.045 0.966 0.260 0. 4.299 0. 0. -1. 0.
-0.254 0.967 0. -77.411 0.967 0.254 0. 5.855 0. 0. -1. 0.
-0.246 0.969 0. -77.783 0.969 0.246 0. 7.442 0. 0. -1. 0.
-0.237 0.971 0. -78.148 0.971 0.237 0. 9.059 0. 0. -1. 0.
-0.225 0.974 0. -78.499 0.974 0.225 0. 10.713 0. 0. -1. 0.
-0.213 0.977 0. -78.837 0.977 0.213 0. 12.419 0. 0. -1. 0.
-0.198 0.980 0. -79.161 0.980 0.198 0. 14.135 0. 0. -1. 0.
-0.178 0.984 0. -79.461 0.984 0.178 0. 15.913 0. 0. -1. 0.
-0.153 0.988 0. -79.718 0.988 0.153 0. 17.709 0. 0. -1. 0.
-0.127 0.992 0. -79.932 0.992 0.127 0. 19.544 0. 0. -1. 0.
-0.101 0.995 0. -80.094 0.995 0.101 0. 21.409 0. 0. -1. 0.
-0.084 0.996 0. -80.172 0.996 0.084 0. 23.273 0. 0. -1. 0.
-0.079 0.997 0. -80.260 0.997 0.079 0. 25.105 0. 0. -1. 0.
-0.082 0.997 0. -80.373 0.997 0.082 0. 27.020 0. 0. -1. 0.
-0.091 0.996 0. -80.507 0.996 0.091 0. 28.930 0. 0. -1. 0.
-0.109 0.994 0. -80.651 0.994 0.109 0. 30.805 0. 0. -1. 0.
-0.133 0.991 0. -80.846 0.991 0.133 0. 32.674 0. 0. -1. 0.
-0.151 0.989 0. -81.111 0.989 0.151 0. 34.653 0. 0. -1. 0.
-0.171 0.985 0. -81.407 0.985 0.171 0. 36.587 0. 0. -1. 0.
-0.189 0.982 0. -81.729 0.982 0.189 0. 38.531 0. 0. -1. 0.
-0.206 0.979 0. -82.089 0.979 0.206 0. 40.449 0. 0. -1. 0.
-0.221 0.975 0. -82.465 0.975 0.221 0. 42.344 0. 0. -1. 0.
-0.232 0.973 0. -82.875 0.973 0.232 0. 44.240 0. 0. -1. 0.
-0.239 0.971 0. -83.298 0.971 0.239 0. 46.132 0. 0. -1. 0.
-0.242 0.970 0. -83.735 0.970 0.242 0. 47.943 0. 0. -1. 0.
-0.238 0.971 0. -84.165 0.971 0.238 0. 49.792 0. 0. -1. 0.
-0.230 0.973 0. -84.560 0.973 0.230 0. 51.603 0. 0. -1. 0.
-0.223 0.975 0. -84.926 0.975 0.223 0. 53.383 0. 0. -1. 0.
-0.213 0.977 0. -85.293 0.977 0.213 0. 55.146 0. 0. -1. 0.
-0.202 0.979 0. -85.615 0.979 0.202 0. 56.889 0. 0. -1. 0.
-0.206 0.979 0. -85.916 0.979 0.206 0. 58.623 0. 0. -1. 0.
-0.227 0.974 0. -86.243 0.974 0.227 0. 60.326 0. 0. -1. 0.
-0.268 0.963 0. -86.648 0.963 0.268 0. 61.947 0. 0. -1. 0.
-0.324 0.946 0. -87.101 0.946 0.324 0. 63.536 0. 0. -1. 0.
-0.391 0.921 0. -87.693 0.921 0.391 0. 65.031 0. 0. -1. 0.
-0.465 0.885 0. -88.325 0.885 0.465 0. 66.445 0. 0. -1. 0.
-0.544 0.839 0. -89.123 0.839 0.544 0. 67.778 0. 0. -1. 0.
-0.624 0.781 0. -90.023 0.781 0.624 0. 69.014 0. 0. -1. 0.
-0.695 0.719 0. -91.028 0.719 0.695 0. 70.137 0. 0. -1. 0.
-0.760 0.650 0. -92.102 0.650 0.760 0. 71.123 0. 0. -1. 0.
-0.822 0.570 0. -93.255 0.570 0.822 0. 72.019 0. 0. -1. 0.
-0.878 0.479 0. -94.529 0.479 0.878 0. 72.768 0. 0. -1. 0.
-0.924 0.382 0. -95.854 0.382 0.924 0. 73.369 0. 0. -1. 0.
-0.958 0.288 0. -97.285 0.288 0.958 0. 73.814 0. 0. -1. 0.
-0.980 0.199 0. -98.739 0.199 0.980 0. 74.185 0. 0. -1. 0.
-0.993 0.117 0. -100.229 0.117 0.993 0. 74.379 0. 0. -1. 0.
-0.999 0.043 0. -101.731 0.043 0.999 0. 74.532 0. 0. -1. 0.
-1.000 -0.016 0. -103.278 -0.016 1.000 0. 74.505 -0. 0. -1. 0.
-0.998 -0.057 0. -104.833 -0.057 0.998 0. 74.508 -0. 0. -1. 0.
-0.997 -0.079 0. -106.420 -0.079 0.997 0. 74.367 -0. 0. -1. 0.
-0.997 -0.078 0. -107.996 -0.078 0.997 0. 74.278 -0. 0. -1. 0.
-0.999 -0.054 0. -109.583 -0.054 0.999 0. 74.188 -0. 0. -1. 0.
-1.000 -0.019 0. -111.227 -0.019 1.000 0. 74.174 -0. 0. -1. 0.
-1.000 0.024 0. -112.850 0.024 1.000 0. 74.217 0. 0. -1. 0.
-0.997 0.077 0. -114.529 0.077 0.997 0. 74.331 0. 0. -1. 0.
-0.991 0.137 0. -116.182 0.137 0.991 0. 74.594 0. 0. -1. 0.
-0.980 0.200 0. -117.836 0.200 0.980 0. 74.947 0. 0. -1. 0.
-0.965 0.261 0. -119.533 0.261 0.965 0. 75.434 0. 0. -1. 0.
-0.948 0.319 0. -121.192 0.319 0.948 0. 75.993 0. 0. -1. 0.
-0.930 0.367 0. -122.860 0.367 0.930 0. 76.677 0. 0. -1. 0.
-0.914 0.406 0. -124.550 0.406 0.914 0. 77.444 0. 0. -1. 0.
-0.899 0.437 0. -126.247 0.437 0.899 0. 78.290 0. 0. -1. 0.
-0.886 0.464 0. -127.964 0.464 0.886 0. 79.206 0. 0. -1. 0.
-0.876 0.482 0. -129.694 0.482 0.876 0. 80.194 0. 0. -1. 0.
-0.871 0.492 0. -131.446 0.492 0.871 0. 81.211 0. 0. -1. 0.
-0.867 0.498 0. -133.226 0.498 0.867 0. 82.263 0. 0. -1. 0.
-0.866 0.501 0. -135.030 0.501 0.866 0. 83.358 0. 0. -1. 0.
-0.866 0.500 0. -136.860 0.500 0.866 0. 84.475 0. 0. -1. 0.
-0.867 0.499 0. -138.723 0.499 0.867 0. 85.605 0. 0. -1. 0.
-0.867 0.498 0. -140.643 0.498 0.867 0. 86.760 0. 0. -1. 0.
-0.866 0.500 0. -142.569 0.500 0.866 0. 87.924 0. 0. -1. 0.
-0.865 0.501 0. -144.536 0.501 0.865 0. 89.128 0. 0. -1. 0.
-0.865 0.503 0. -146.549 0.503 0.865 0. 90.349 0. 0. -1. 0.
-0.864 0.504 0. -148.597 0.504 0.864 0. 91.589 0. 0. -1. 0.
-0.861 0.508 0. -150.672 0.508 0.861 0. 92.883 0. 0. -1. 0.
-0.860 0.510 0. -152.754 0.510 0.860 0. 94.180 0. 0. -1. 0.
-0.858 0.513 0. -154.855 0.513 0.858 0. 95.480 0. 0. -1. 0.
-0.857 0.516 0. -156.942 0.516 0.857 0. 96.800 0. 0. -1. 0.
-0.855 0.518 0. -159.046 0.518 0.855 0. 98.154 0. 0. -1. 0.
-0.854 0.520 0. -161.159 0.520 0.854 0. 99.510 0. 0. -1. 0.
-0.853 0.521 0. -163.281 0.521 0.853 0. 100.870 0. 0. -1. 0.
-0.852 0.523 0. -165.425 0.523 0.852 0. 102.247 0. 0. -1. 0.
-0.851 0.525 0. -167.558 0.525 0.851 0. 103.629 0. 0. -1. 0.
-0.850 0.527 0. -169.700 0.527 0.850 0. 105.034 0. 0. -1. 0.
-0.849 0.528 0. -171.816 0.528 0.849 0. 106.428 0. 0. -1. 0.
-0.848 0.529 0. -173.949 0.529 0.848 0. 107.797 0. 0. -1. 0.
-0.847 0.532 0. -176.070 0.532 0.847 0. 109.147 0. 0. -1. 0.
-0.842 0.539 0. -178.167 0.539 0.842 0. 110.534 0. 0. -1. 0.
-0.835 0.550 0. -180.225 0.550 0.835 0. 111.947 0. 0. -1. 0.
-0.826 0.564 0. -182.260 0.564 0.826 0. 113.386 0. 0. -1. 0.
-0.811 0.585 0. -184.272 0.585 0.811 0. 114.864 0. 0. -1. 0.
-0.790 0.613 0. -186.218 0.613 0.790 0. 116.408 0. 0. -1. 0.
-0.766 0.642 0. -188.109 0.642 0.766 0. 118.038 0. 0. -1. 0.
-0.741 0.671 0. -189.936 0.671 0.741 0. 119.707 0. 0. -1. 0.
-0.711 0.704 0. -191.701 0.704 0.711 0. 121.453 0. 0. -1. 0.
-0.676 0.737 0. -193.367 0.737 0.676 0. 123.282 0. 0. -1. 0.
-0.637 0.771 0. -194.962 0.771 0.637 0. 125.201 0. 0. -1. 0.
-0.598 0.801 0. -196.452 0.801 0.598 0. 127.191 0. 0. -1. 0.
-0.562 0.827 0. -197.835 0.827 0.562 0. 129.260 0. 0. -1. 0.
-0.528 0.849 0. -199.145 0.849 0.528 0. 131.398 0. 0. -1. 0.
-0.494 0.870 0. -200.369 0.870 0.494 0. 133.581 0. 0. -1. 0.
-0.461 0.887 0. -201.513 0.887 0.461 0. 135.830 0. 0. -1. 0.
-0.434 0.901 0. -202.585 0.901 0.434 0. 138.104 0. 0. -1. 0.
-0.413 0.911 0. -203.610 0.911 0.413 0. 140.429 0. 0. -1. 0.
-0.394 0.919 0. -204.584 0.919 0.394 0. 142.763 0. 0. -1. 0.
-0.382 0.924 0. -205.514 0.924 0.382 0. 145.118 0. 0. -1. 0.
-0.373 0.928 0. -206.416 0.928 0.373 0. 147.481 0. 0. -1. 0.
-0.365 0.931 0. -207.298 0.931 0.365 0. 149.863 0. 0. -1. 0.
-0.358 0.934 0. -208.151 0.934 0.358 0. 152.238 0. 0. -1. 0.
-0.354 0.935 0. -208.985 0.935 0.354 0. 154.607 0. 0. -1. 0.
-0.356 0.935 0. -209.820 0.935 0.356 0. 156.980 0. 0. -1. 0.
-0.361 0.932 0. -210.661 0.932 0.361 0. 159.312 0. 0. -1. 0.
-0.372 0.928 0. -211.515 0.928 0.372 0. 161.641 0. 0. -1. 0.
-0.391 0.920 0. -212.399 0.920 0.391 0. 163.921 0. 0. -1. 0.
-0.418 0.908 0. -213.347 0.908 0.418 0. 166.147 0. 0. -1. 0.
-0.452 0.892 0. -214.349 0.892 0.452 0. 168.323 0. 0. -1. 0.
-0.492 0.870 0. -215.428 0.870 0.492 0. 170.398 0. 0. -1. 0.
-0.538 0.843 0. -216.624 0.843 0.538 0. 172.416 0. 0. -1. 0.
-0.593 0.805 0. -217.877 0.805 0.593 0. 174.339 0. 0. -1. 0.
-0.655 0.756 0. -219.265 0.756 0.655 0. 176.130 0. 0. -1. 0.
-0.714 0.700 0. -220.805 0.700 0.714 0. 177.780 0. 0. -1. 0.
-0.771 0.637 0. -222.457 0.637 0.771 0. 179.252 0. 0. -1. 0.
-0.821 0.571 0. -224.197 0.571 0.821 0. 180.588 0. 0. -1. 0.
-0.868 0.496 0. -226.034 0.496 0.868 0. 181.786 0. 0. -1. 0.
-0.910 0.416 0. -227.968 0.416 0.910 0. 182.809 0. 0. -1. 0.
-0.942 0.334 0. -229.982 0.334 0.942 0. 183.638 0. 0. -1. 0.
-0.966 0.260 0. -232.075 0.260 0.966 0. 184.298 0. 0. -1. 0.
-0.981 0.195 0. -234.219 0.195 0.981 0. 184.823 0. 0. -1. 0.
-0.990 0.144 0. -236.450 0.144 0.990 0. 185.244 0. 0. -1. 0.
-0.995 0.101 0. -238.722 0.101 0.995 0. 185.562 0. 0. -1. 0.
-0.997 0.073 0. -241.029 0.073 0.997 0. 185.785 0. 0. -1. 0.
-0.998 0.055 0. -243.375 0.055 0.998 0. 185.967 0. 0. -1. 0.
-0.999 0.045 0. -245.770 0.045 0.999 0. 186.121 0. 0. -1. 0.
-0.999 0.041 0. -248.168 0.041 0.999 0. 186.272 0. 0. -1. 0.
-0.999 0.038 0. -250.650 0.038 0.999 0. 186.427 0. 0. -1. 0.
-0.999 0.035 0. -253.164 0.035 0.999 0. 186.569 0. 0. -1. 0.
-1.000 0.031 0. -255.694 0.031 1.000 0. 186.700 0. 0. -1. 0.
-1.000 0.029 0. -258.269 0.029 1.000 0. 186.842 0. 0. -1. 0.
-1.000 0.027 0. -260.804 0.027 1.000 0. 186.969 0. 0. -1. 0.
-1.000 0.027 0. -263.356 0.027 1.000 0. 187.089 0. 0. -1. 0.
-1.000 0.026 0. -265.895 0.026 1.000 0. 187.214 0. 0. -1. 0.
-1.000 0.026 0. -268.396 0.026 1.000 0. 187.326 0. 0. -1. 0.
-1.000 0.025 0. -270.889 0.025 1.000 0. 187.440 0. 0. -1. 0.
-1.000 0.023 0. -273.344 0.023 1.000 0. 187.553 0. 0. -1. 0.
-1.000 0.021 0. -275.753 0.021 1.000 0. 187.660 0. 0. -1. 0.
-1.000 0.018 0. -278.106 0.018 1.000 0. 187.768 0. 0. -1. 0.
-1.000 0.015 0. -280.403 0.015 1.000 0. 187.861 0. 0. -1. 0.
-1.000 0.015 0. -282.625 0.015 1.000 0. 187.944 0. 0. -1. 0.
-1.000 0.022 0. -284.765 0.022 1.000 0. 188.024 0. 0. -1. 0.
-0.999 0.039 0. -286.810 0.039 0.999 0. 188.132 0. 0. -1. 0.
-0.998 0.066 0. -288.797 0.066 0.998 0. 188.292 0. 0. -1. 0.
-0.995 0.101 0. -290.639 0.101 0.995 0. 188.483 0. 0. -1. 0.
-0.990 0.138 0. -292.399 0.138 0.990 0. 188.781 0. 0. -1. 0.
-0.984 0.177 0. -294.033 0.177 0.984 0. 189.075 0. 0. -1. 0.
-0.978 0.211 0. -295.540 0.211 0.978 0. 189.459 0. 0. -1. 0.
-0.971 0.237 0. -296.976 0.237 0.971 0. 189.814 0. 0. -1. 0.
-0.967 0.253 0. -298.344 0.253 0.967 0. 190.225 0. 0. -1. 0.
-0.968 0.251 0. -299.600 0.251 0.968 0. 190.582 0. 0. -1. 0.
-0.972 0.236 0. -300.747 0.236 0.972 0. 190.917 0. 0. -1. 0.
-0.976 0.217 0. -301.843 0.217 0.976 0. 191.151 0. 0. -1. 0.
-0.979 0.202 0. -302.827 0.202 0.979 0. 191.368 0. 0. -1. 0.
-0.982 0.190 0. -303.736 0.190 0.982 0. 191.620 0. 0. -1. 0.
-0.984 0.179 0. -304.610 0.179 0.984 0. 191.736 0. 0. -1. 0.
-0.986 0.170 0. -305.364 0.170 0.986 0. 191.910 0. 0. -1. 0.
-0.987 0.163 0. -305.989 0.163 0.987 0. 192.077 0. 0. -1. 0.
-0.988 0.154 0. -306.535 0.154 0.988 0. 192.124 0. 0. -1. 0.
-0.989 0.150 0. -306.956 0.150 0.989 0. 192.198 0. 0. -1. 0.
-0.989 0.147 0. -307.317 0.147 0.989 0. 192.248 0. 0. -1. 0.
-0.989 0.146 0. -307.622 0.146 0.989 0. 192.307 0. 0. -1. 0.
-0.989 0.148 0. -307.886 0.148 0.989 0. 192.350 0. 0. -1. 0.
-0.989 0.147 0. -308.102 0.147 0.989 0. 192.385 0. 0. -1. 0.
-0.989 0.148 0. -308.270 0.148 0.989 0. 192.415 0. 0. -1. 0.
-0.989 0.148 0. -308.392 0.148 0.989 0. 192.422 0. 0. -1. 0.
-0.989 0.148 0. -308.456 0.148 0.989 0. 192.436 0. 0. -1. 0.
-0.989 0.148 0. -308.465 0.148 0.989 0. 192.437 0. 0. -1. 0.
-0.989 0.148 0. -308.464 0.148 0.989 0. 192.437 0. 0. -1. 0.
-0.989 0.148 0. -308.464 0.148 0.989 0. 192.437 0. 0. -1. 0.
-0.989 0.148 0. -308.464 0.148 0.989 0. 192.437 0. 0. -1. 0.
-0.989 0.148 0. -308.464 0.148 0.989 0. 192.437 0. 0. -1. 0.
-0.989 0.148 0. -308.464 0.148 0.989 0. 192.437 0. 0. -1. 0.
-0.989 0.148 0. -308.464 0.148 0.989 0. 192.437 0. 0. -1. 0.
-0.989 0.148 0. -308.464 0.148 0.989 0. 192.437 0. 0. -1. 0.
-0.989 0.148 0. -308.464 0.148 0.989 0. 192.437 0. 0. -1. 0.
-0.989 0.148 0. -308.464 0.148 0.989 0. 192.437 0. 0. -1. 0.
-0.989 0.148 0. -308.464 0.148 0.989 0. 192.437 0. 0. -1. 0.
-0.989 0.148 0. -308.464 0.148 0.989 0. 192.437 0. 0. -1. 0.
-0.989 0.148 0. -308.465 0.148 0.989 0. 192.437 0. 0. -1. 0.
-0.989 0.148 0. -308.465 0.148 0.989 0. 192.437 0. 0. -1. 0.
-0.989 0.148 0. -308.465 0.148 0.989 0. 192.437 0. 0. -1. 0.
-0.989 0.148 0. -308.465 0.148 0.989 0. 192.437 0. 0. -1. 0.
-0.989 0.148 0. -308.465 0.148 0.989 0. 192.437 0. 0. -1. 0.
-0.989 0.148 0. -308.465 0.148 0.989 0. 192.437 0. 0. -1. 0.
-0.989 0.148 0. -308.465 0.148 0.989 0. 192.437 0. 0. -1. 0.
-0.989 0.148 0. -308.465 0.148 0.989 0. 192.437 0. 0. -1. 0.
-0.989 0.148 0. -308.465 0.148 0.989 0. 192.437 0. 0. -1. 0.
-0.989 0.148 0. -308.465 0.148 0.989 0. 192.437 0. 0. -1. 0.
-0.989 0.148 0. -308.465 0.148 0.989 0. 192.437 0. 0. -1. 0.
-0.989 0.148 0. -308.465 0.148 0.989 0. 192.437 0. 0. -1. 0.
-0.989 0.148 0. -308.464 0.148 0.989 0. 192.437 0. 0. -1. 0.
-0.989 0.148 0. -308.467 0.148 0.989 0. 192.437 0. 0. -1. 0.
-0.989 0.148 0. -308.481 0.148 0.989 0. 192.440 0. 0. -1. 0.
-0.989 0.148 0. -308.507 0.148 0.989 0. 192.444 0. 0. -1. 0.
-0.989 0.149 0. -308.561 0.149 0.989 0. 192.452 0. 0. -1. 0.
-0.989 0.149 0. -308.677 0.149 0.989 0. 192.469 0. 0. -1. 0.
-0.989 0.149 0. -308.859 0.149 0.989 0. 192.497 0. 0. -1. 0.
-0.989 0.150 0. -309.099 0.150 0.989 0. 192.539 0. 0. -1. 0.
-0.989 0.151 0. -309.401 0.151 0.989 0. 192.586 0. 0. -1. 0.
-0.988 0.153 0. -309.777 0.153 0.988 0. 192.638 0. 0. -1. 0.
-0.988 0.153 0. -310.238 0.153 0.988 0. 192.709 0. 0. -1. 0.
-0.988 0.158 0. -310.793 0.158 0.988 0. 192.805 0. 0. -1. 0.
-0.986 0.166 0. -311.432 0.166 0.986 0. 192.900 0. 0. -1. 0.
-0.982 0.187 0. -312.127 0.187 0.982 0. 193.058 0. 0. -1. 0.
-0.976 0.218 0. -312.766 0.218 0.976 0. 193.191 0. 0. -1. 0.
-0.965 0.264 0. -313.393 0.264 0.965 0. 193.364 0. 0. -1. 0.
-0.946 0.323 0. -313.974 0.323 0.946 0. 193.623 0. 0. -1. 0.
-0.925 0.380 0. -314.624 0.380 0.925 0. 193.811 0. 0. -1. 0.
-0.892 0.453 0. -315.191 0.453 0.892 0. 194.226 0. 0. -1. 0.
-0.853 0.522 0. -315.671 0.522 0.853 0. 194.566 0. 0. -1. 0.
-0.804 0.594 0. -316.139 0.594 0.804 0. 194.996 0. 0. -1. 0.
-0.738 0.675 0. -316.664 0.675 0.738 0. 195.423 0. 0. -1. 0.
-0.667 0.745 0. -317.151 0.745 0.667 0. 196.056 0. 0. -1. 0.
-0.583 0.812 0. -317.558 0.812 0.583 0. 196.796 0. 0. -1. 0.
-0.491 0.871 0. -317.973 0.871 0.491 0. 197.601 0. 0. -1. 0.
-0.404 0.915 0. -318.371 0.915 0.404 0. 198.518 0. 0. -1. 0.
-0.325 0.946 0. -318.663 0.946 0.325 0. 199.550 0. 0. -1. 0.
-0.265 0.964 0. -318.944 0.964 0.265 0. 200.662 0. 0. -1. 0.
-0.217 0.976 0. -319.195 0.976 0.217 0. 201.831 0. 0. -1. 0.
-0.181 0.983 0. -319.371 0.983 0.181 0. 203.067 0. 0. -1. 0.
-0.154 0.988 0. -319.571 0.988 0.154 0. 204.384 0. 0. -1. 0.
-0.128 0.992 0. -319.724 0.992 0.128 0. 205.806 0. 0. -1. 0.
-0.105 0.994 0. -319.861 0.994 0.105 0. 207.326 0. 0. -1. 0.
-0.085 0.996 0. -319.969 0.996 0.085 0. 208.946 0. 0. -1. 0.
-0.070 0.998 0. -320.057 0.998 0.070 0. 210.657 0. 0. -1. 0.
-0.058 0.998 0. -320.127 0.998 0.058 0. 212.464 0. 0. -1. 0.
-0.048 0.999 0. -320.185 0.999 0.048 0. 214.360 0. 0. -1. 0.
-0.037 0.999 0. -320.222 0.999 0.037 0. 216.328 0. 0. -1. 0.
-0.031 1.000 0. -320.245 1.000 0.031 0. 218.370 0. 0. -1. 0.
-0.026 1.000 0. -320.259 1.000 0.026 0. 220.473 0. 0. -1. 0.
-0.023 1.000 0. -320.265 1.000 0.023 0. 222.628 0. 0. -1. 0.
-0.020 1.000 0. -320.259 1.000 0.020 0. 224.826 0. 0. -1. 0.
-0.018 1.000 0. -320.251 1.000 0.018 0. 227.091 0. 0. -1. 0.
-0.014 1. 0. -320.237 1. 0.014 0. 229.418 0. 0. -1. 0.
-0.010 1. 0. -320.213 1. 0.010 0. 231.820 0. 0. -1. 0.
-0.006 1. 0. -320.176 1. 0.006 0. 234.287 0. 0. -1. 0.
-0.004 1. 0. -320.132 1. 0.004 0. 236.825 0. 0. -1. 0.
-0.002 1. 0. -320.086 1. 0.002 0. 239.422 0. 0. -1. 0.
-0.001 1. 0. -320.033 1. 0.001 0. 242.076 0. 0. -1. 0.
0.001 1. 0. -319.971 1. -0.001 0. 244.803 0. 0. -1. 0.
0.001 1. 0. -319.907 1. -0.001 0. 247.578 0. 0. -1. 0.
0.002 1. 0. -319.843 1. -0.002 0. 250.416 0. 0. -1. 0.
0.002 1. 0. -319.774 1. -0.002 0. 253.320 0. 0. -1. 0.
0.003 1. 0. -319.703 1. -0.003 0. 256.296 0. 0. -1. 0.
0.003 1. 0. -319.630 1. -0.003 0. 259.328 0. 0. -1. 0.
0.003 1. 0. -319.554 1. -0.003 0. 262.420 0. 0. -1. 0.
0.004 1. 0. -319.474 1. -0.004 0. 265.555 0. 0. -1. 0.
0.005 1. 0. -319.391 1. -0.005 0. 268.739 0. 0. -1. 0.
0.005 1. 0. -319.305 1. -0.005 0. 271.954 0. 0. -1. 0.
0.006 1. 0. -319.215 1. -0.006 0. 275.200 0. 0. -1. 0.
0.006 1. 0. -319.123 1. -0.006 0. 278.477 0. 0. -1. 0.
0.007 1. 0. -319.033 1. -0.007 0. 281.767 0. 0. -1. 0.
0.006 1. 0. -318.945 1. -0.006 0. 285.099 0. 0. -1. 0.
0.006 1. 0. -318.854 1. -0.006 0. 288.474 0. 0. -1. 0.
0.006 1. 0. -318.769 1. -0.006 0. 291.849 0. 0. -1. 0.
0.006 1. 0. -318.674 1. -0.006 0. 295.252 0. 0. -1. 0.
0.007 1. 0. -318.580 1. -0.007 0. 298.657 0. 0. -1. 0.
0.007 1. 0. -318.485 1. -0.007 0. 302.073 0. 0. -1. 0.
0.008 1. 0. -318.389 1. -0.008 0. 305.482 0. 0. -1. 0.
0.008 1. 0. -318.290 1. -0.008 0. 308.919 0. 0. -1. 0.
0.008 1. 0. -318.184 1. -0.008 0. 312.368 0. 0. -1. 0.
0.009 1. 0. -318.087 1. -0.009 0. 315.832 0. 0. -1. 0.
0.009 1. 0. -317.982 1. -0.009 0. 319.330 0. 0. -1. 0.
0.009 1. 0. -317.869 1. -0.009 0. 322.832 0. 0. -1. 0.
0.008 1. 0. -317.756 1. -0.008 0. 326.364 0. 0. -1. 0.
0.007 1. 0. -317.656 1. -0.007 0. 329.911 0. 0. -1. 0.
0.006 1. 0. -317.561 1. -0.006 0. 333.458 0. 0. -1. 0.
0.004 1. 0. -317.466 1. -0.004 0. 337.021 0. 0. -1. 0.
0.003 1. 0. -317.385 1. -0.003 0. 340.574 0. 0. -1. 0.
0.002 1. 0. -317.306 1. -0.002 0. 344.103 0. 0. -1. 0.
0.001 1. 0. -317.228 1. -0.001 0. 347.609 0. 0. -1. 0.
0.001 1. 0. -317.144 1. -0.001 0. 351.100 0. 0. -1. 0.
0.001 1. 0. -317.077 1. -0.001 0. 354.556 0. 0. -1. 0.
0.000 1. 0. -317.006 1. -0.000 0. 358.010 0. 0. -1. 0.
0.000 1. 0. -316.930 1. -0.000 0. 361.447 0. 0. -1. 0.
0.001 1. 0. -316.860 1. -0.001 0. 364.870 0. 0. -1. 0.
0.002 1. 0. -316.781 1. -0.002 0. 368.301 0. 0. -1. 0.
0.003 1. 0. -316.699 1. -0.003 0. 371.753 0. 0. -1. 0.
0.002 1. 0. -316.613 1. -0.002 0. 375.223 0. 0. -1. 0.
0.003 1. 0. -316.531 1. -0.003 0. 378.721 0. 0. -1. 0.
0.003 1. 0. -316.433 1. -0.003 0. 382.244 0. 0. -1. 0.
0.003 1. 0. -316.354 1. -0.003 0. 385.764 0. 0. -1. 0.
0.003 1. 0. -316.277 1. -0.003 0. 389.319 0. 0. -1. 0.
0.003 1. 0. -316.190 1. -0.003 0. 392.898 0. 0. -1. 0.
0.003 1. 0. -316.105 1. -0.003 0. 396.483 0. 0. -1. 0.
0.004 1. 0. -316.016 1. -0.004 0. 400.064 0. 0. -1. 0.
0.005 1. 0. -315.929 1. -0.005 0. 403.650 0. 0. -1. 0.
0.006 1. 0. -315.834 1. -0.006 0. 407.227 0. 0. -1. 0.
0.007 1. 0. -315.734 1. -0.007 0. 410.815 0. 0. -1. 0.
0.008 1. 0. -315.630 1. -0.008 0. 414.417 0. 0. -1. 0.
0.008 1. 0. -315.525 1. -0.008 0. 418.045 0. 0. -1. 0.
0.009 1. 0. -315.422 1. -0.009 0. 421.697 0. 0. -1. 0.
0.009 1. 0. -315.307 1. -0.009 0. 425.366 0. 0. -1. 0.
0.009 1. 0. -315.191 1. -0.009 0. 429.062 0. 0. -1. 0.
0.009 1. 0. -315.083 1. -0.009 0. 432.785 0. 0. -1. 0.
0.009 1. 0. -314.972 1. -0.009 0. 436.549 0. 0. -1. 0.
0.009 1. 0. -314.854 1. -0.009 0. 440.339 0. 0. -1. 0.
0.008 1. 0. -314.730 1. -0.008 0. 444.162 0. 0. -1. 0.
0.005 1. 0. -314.623 1. -0.005 0. 448.006 0. 0. -1. 0.
0.004 1. 0. -314.541 1. -0.004 0. 451.850 0. 0. -1. 0.
0.003 1. 0. -314.452 1. -0.003 0. 455.684 0. 0. -1. 0.
0.003 1. 0. -314.360 1. -0.003 0. 459.506 0. 0. -1. 0.
0.003 1. 0. -314.268 1. -0.003 0. 463.325 0. 0. -1. 0.
0.003 1. 0. -314.180 1. -0.003 0. 467.144 0. 0. -1. 0.
0.002 1. 0. -314.094 1. -0.002 0. 470.979 0. 0. -1. 0.
0.002 1. 0. -314.007 1. -0.002 0. 474.832 0. 0. -1. 0.
-0.002 1. 0. -313.926 1. 0.002 0. 478.706 0. 0. -1. 0.
-0.007 1. 0. -313.871 1. 0.007 0. 482.585 0. 0. -1. 0.
-0.011 1. 0. -313.839 1. 0.011 0. 486.473 0. 0. -1. 0.
-0.013 1. 0. -313.806 1. 0.013 0. 490.349 0. 0. -1. 0.
-0.014 1. 0. -313.778 1. 0.014 0. 494.220 0. 0. -1. 0.
-0.016 1.000 0. -313.750 1.000 0.016 0. 498.067 0. 0. -1. 0.
-0.021 1.000 0. -313.732 1.000 0.021 0. 501.935 0. 0. -1. 0.
-0.026 1.000 0. -313.742 1.000 0.026 0. 505.808 0. 0. -1. 0.
-0.034 0.999 0. -313.768 0.999 0.034 0. 509.694 0. 0. -1. 0.
-0.043 0.999 0. -313.837 0.999 0.043 0. 513.605 0. 0. -1. 0.
-0.049 0.999 0. -313.936 0.999 0.049 0. 517.538 0. 0. -1. 0.
-0.054 0.999 0. -314.062 0.999 0.054 0. 521.482 0. 0. -1. 0.
-0.060 0.998 0. -314.215 0.998 0.060 0. 525.427 0. 0. -1. 0.
-0.066 0.998 0. -314.383 0.998 0.066 0. 529.386 0. 0. -1. 0.
-0.070 0.998 0. -314.563 0.998 0.070 0. 533.356 0. 0. -1. 0.
-0.074 0.997 0. -314.771 0.997 0.074 0. 537.304 0. 0. -1. 0.
-0.078 0.997 0. -314.992 0.997 0.078 0. 541.228 0. 0. -1. 0.
-0.085 0.996 0. -315.225 0.996 0.085 0. 545.155 0. 0. -1. 0.
-0.093 0.996 0. -315.490 0.996 0.093 0. 549.071 0. 0. -1. 0.
-0.101 0.995 0. -315.773 0.995 0.101 0. 552.988 0. 0. -1. 0.
-0.110 0.994 0. -316.102 0.994 0.110 0. 556.937 0. 0. -1. 0.
-0.118 0.993 0. -316.477 0.993 0.118 0. 560.876 0. 0. -1. 0.
-0.129 0.992 0. -316.880 0.992 0.129 0. 564.849 0. 0. -1. 0.
-0.141 0.990 0. -317.350 0.990 0.141 0. 568.842 0. 0. -1. 0.
-0.153 0.988 0. -317.859 0.988 0.153 0. 572.856 0. 0. -1. 0.
-0.162 0.987 0. -318.393 0.987 0.162 0. 576.861 0. 0. -1. 0.
-0.170 0.985 0. -318.969 0.985 0.170 0. 580.896 0. 0. -1. 0.
-0.178 0.984 0. -319.580 0.984 0.178 0. 584.919 0. 0. -1. 0.
-0.186 0.983 0. -320.234 0.983 0.186 0. 588.979 0. 0. -1. 0.
-0.190 0.982 0. -320.949 0.982 0.190 0. 593.055 0. 0. -1. 0.
-0.192 0.981 0. -321.675 0.981 0.192 0. 597.147 0. 0. -1. 0.
-0.194 0.981 0. -322.396 0.981 0.194 0. 601.267 0. 0. -1. 0.
-0.196 0.981 0. -323.146 0.981 0.196 0. 605.413 0. 0. -1. 0.
-0.197 0.980 0. -323.898 0.980 0.197 0. 609.595 0. 0. -1. 0.
-0.197 0.980 0. -324.640 0.980 0.197 0. 613.790 0. 0. -1. 0.
-0.198 0.980 0. -325.392 0.980 0.198 0. 618.017 0. 0. -1. 0.
-0.197 0.980 0. -326.148 0.980 0.197 0. 622.272 0. 0. -1. 0.
-0.197 0.980 0. -326.903 0.980 0.197 0. 626.508 0. 0. -1. 0.
-0.196 0.981 0. -327.658 0.981 0.196 0. 630.740 0. 0. -1. 0.
-0.195 0.981 0. -328.416 0.981 0.195 0. 634.985 0. 0. -1. 0.
-0.194 0.981 0. -329.170 0.981 0.194 0. 639.217 0. 0. -1. 0.
-0.193 0.981 0. -329.918 0.981 0.193 0. 643.449 0. 0. -1. 0.
-0.194 0.981 0. -330.661 0.981 0.194 0. 647.680 0. 0. -1. 0.
-0.194 0.981 0. -331.407 0.981 0.194 0. 651.915 0. 0. -1. 0.
-0.194 0.981 0. -332.148 0.981 0.194 0. 656.151 0. 0. -1. 0.
-0.196 0.981 0. -332.899 0.981 0.196 0. 660.388 0. 0. -1. 0.
-0.199 0.980 0. -333.664 0.980 0.199 0. 664.638 0. 0. -1. 0.
-0.201 0.980 0. -334.450 0.980 0.201 0. 668.886 0. 0. -1. 0.
-0.203 0.979 0. -335.236 0.979 0.203 0. 673.123 0. 0. -1. 0.
-0.205 0.979 0. -336.024 0.979 0.205 0. 677.348 0. 0. -1. 0.
-0.205 0.979 0. -336.821 0.979 0.205 0. 681.569 0. 0. -1. 0.
-0.205 0.979 0. -337.617 0.979 0.205 0. 685.804 0. 0. -1. 0.
-0.204 0.979 0. -338.411 0.979 0.204 0. 690.040 0. 0. -1. 0.
-0.203 0.979 0. -339.199 0.979 0.203 0. 694.279 0. 0. -1. 0.
-0.202 0.979 0. -339.989 0.979 0.202 0. 698.527 0. 0. -1. 0.
-0.201 0.980 0. -340.770 0.980 0.201 0. 702.777 0. 0. -1. 0.
-0.199 0.980 0. -341.543 0.980 0.199 0. 707.056 0. 0. -1. 0.
-0.198 0.980 0. -342.317 0.980 0.198 0. 711.319 0. 0. -1. 0.
-0.196 0.981 0. -343.087 0.981 0.196 0. 715.592 0. 0. -1. 0.
