1565943700462403 0.80308 0.59587 -0.00000 -2682928.02994 -0.59587 0.80308 0.00000 -3022499.76675 0.00000 -0.00000 1.00000 0.00000
1565943700712652 0.80096 0.59872 -0.00000 -2693682.88560 -0.59872 0.80096 0.00000 -3012919.18264 0.00000 -0.00000 1.00000 0.00000
1565943700963489 0.79902 0.60130 -0.00000 -2703383.72488 -0.60130 0.79902 0.00000 -3004218.37782 0.00000 -0.00000 1.00000 0.00000
1565943701214247 0.79779 0.60293 -0.00000 -2709498.41748 -0.60293 0.79779 0.00000 -2998705.11758 0.00000 -0.00000 1.00000 0.00000
1565943701465218 0.79643 0.60473 -0.00000 -2716258.64407 -0.60473 0.79643 0.00000 -2992583.45836 0.00000 -0.00000 1.00000 0.00000
1565943701715425 0.79468 0.60703 -0.00000 -2724915.38253 -0.60703 0.79468 0.00000 -2984703.66504 0.00000 -0.00000 1.00000 0.00000
1565943701966096 0.79282 0.60945 -0.00000 -2733989.55117 -0.60945 0.79282 0.00000 -2976394.51780 0.00000 -0.00000 1.00000 0.00000
1565943702216878 0.79095 0.61188 -0.00000 -2743098.49279 -0.61188 0.79095 0.00000 -2968002.28879 0.00000 -0.00000 1.00000 0.00000
1565943702467916 0.78909 0.61427 -0.00000 -2752091.79934 -0.61427 0.78909 0.00000 -2959665.81675 0.00000 -0.00000 1.00000 0.00000
1565943702717649 0.78726 0.61662 -0.00000 -2760894.78787 -0.61662 0.78726 0.00000 -2951456.49015 0.00000 -0.00000 1.00000 0.00000
1565943702970380 0.78520 0.61924 -0.00000 -2770711.14851 -0.61924 0.78520 0.00000 -2942244.04662 0.00000 -0.00000 1.00000 0.00000
1565943703220795 0.78327 0.62168 -0.00000 -2779855.83364 -0.62168 0.78327 0.00000 -2933606.48352 0.00000 -0.00000 1.00000 0.00000
1565943703470469 0.78140 0.62403 -0.00000 -2788672.98249 -0.62403 0.78140 0.00000 -2925227.15098 0.00000 -0.00000 1.00000 0.00000
1565943703720972 0.77944 0.62648 -0.00000 -2797810.45469 -0.62648 0.77944 0.00000 -2916489.89212 0.00000 -0.00000 1.00000 0.00000
1565943703971268 0.77674 0.62982 -0.00000 -2810335.91617 -0.62982 0.77674 0.00000 -2904423.31525 0.00000 -0.00000 1.00000 0.00000
1565943704222060 0.77368 0.63358 -0.00000 -2824366.43914 -0.63358 0.77368 0.00000 -2890782.50183 0.00000 -0.00000 1.00000 0.00000
1565943704472267 0.77026 0.63774 -0.00000 -2839896.99455 -0.63774 0.77026 0.00000 -2875527.98224 0.00000 -0.00000 1.00000 0.00000
1565943704722912 0.76671 0.64199 -0.00000 -2855773.64618 -0.64199 0.76671 0.00000 -2859762.26994 0.00000 -0.00000 1.00000 0.00000
1565943704973635 0.76312 0.64626 -0.00000 -2871704.29352 -0.64626 0.76312 0.00000 -2843766.06162 0.00000 -0.00000 1.00000 0.00000
1565943705223832 0.75870 0.65143 -0.00000 -2890969.73667 -0.65143 0.75870 0.00000 -2824180.04268 0.00000 -0.00000 1.00000 0.00000
1565943705475019 0.75422 0.65662 -0.00000 -2910266.65341 -0.65662 0.75422 0.00000 -2804292.31804 0.00000 -0.00000 1.00000 0.00000
1565943705725175 0.75004 0.66139 -0.00000 -2927980.02870 -0.66139 0.75004 0.00000 -2785794.17205 0.00000 -0.00000 1.00000 0.00000
1565943705976023 0.74663 0.66524 -0.00000 -2942298.16031 -0.66524 0.74663 0.00000 -2770669.04760 0.00000 -0.00000 1.00000 0.00000
1565943706226669 0.74394 0.66825 -0.00000 -2953458.70771 -0.66825 0.74394 0.00000 -2758770.85633 0.00000 -0.00000 1.00000 0.00000
1565943706477139 0.74172 0.67071 -0.00000 -2962564.21021 -0.67071 0.74172 0.00000 -2748992.20446 0.00000 -0.00000 1.00000 0.00000
1565943706728044 0.73953 0.67312 -0.00000 -2971521.51560 -0.67312 0.73953 0.00000 -2739309.20647 0.00000 -0.00000 1.00000 0.00000
1565943706979443 0.73713 0.67575 -0.00000 -2981236.21805 -0.67575 0.73713 0.00000 -2728735.27640 0.00000 -0.00000 1.00000 0.00000
1565943707230143 0.73643 0.67652 -0.00000 -2984084.83431 -0.67652 0.73643 0.00000 -2725621.78517 0.00000 -0.00000 1.00000 0.00000
1565943707481094 0.73838 0.67439 -0.00000 -2976196.85116 -0.67439 0.73838 0.00000 -2734234.77935 0.00000 -0.00000 1.00000 0.00000
1565943707731325 0.74065 0.67189 -0.00000 -2966939.06874 -0.67189 0.74065 0.00000 -2744279.75979 0.00000 -0.00000 1.00000 0.00000
1565943707981869 0.74407 0.66810 -0.00000 -2952896.99566 -0.66810 0.74407 0.00000 -2759385.75110 0.00000 -0.00000 1.00000 0.00000
1565943708232165 0.74797 0.66374 -0.00000 -2936718.96091 -0.66374 0.74797 0.00000 -2776599.34295 0.00000 -0.00000 1.00000 0.00000
1565943708483372 0.75251 0.65859 -0.00000 -2917591.29391 -0.65859 0.75251 0.00000 -2796693.59455 0.00000 -0.00000 1.00000 0.00000
1565943708733453 0.75759 0.65273 -0.00000 -2895807.74324 -0.65273 0.75759 0.00000 -2819245.17846 0.00000 -0.00000 1.00000 0.00000
1565943708983682 0.76265 0.64682 -0.00000 -2873795.10789 -0.64682 0.76265 0.00000 -2841682.51696 0.00000 -0.00000 1.00000 0.00000
1565943709234564 0.76788 0.64060 -0.00000 -2850613.74935 -0.64060 0.76788 0.00000 -2864938.26161 0.00000 -0.00000 1.00000 0.00000
1565943709484793 0.77256 0.63494 -0.00000 -2829484.63398 -0.63494 0.77256 0.00000 -2885809.95583 0.00000 -0.00000 1.00000 0.00000
1565943709735208 0.77722 0.62922 -0.00000 -2808129.30722 -0.62922 0.77722 0.00000 -2906596.77995 0.00000 -0.00000 1.00000 0.00000
1565943709986460 0.78188 0.62343 -0.00000 -2786455.19978 -0.62343 0.78188 0.00000 -2927383.69682 0.00000 -0.00000 1.00000 0.00000
1565943710237028 0.78430 0.62039 -0.00000 -2775052.44461 -0.62039 0.78430 0.00000 -2938197.53448 0.00000 -0.00000 1.00000 0.00000
1565943710487122 0.78412 0.62061 -0.00000 -2775905.27221 -0.62061 0.78412 0.00000 -2937394.02586 0.00000 -0.00000 1.00000 0.00000
1565943710738122 0.78233 0.62286 -0.00000 -2784332.10498 -0.62286 0.78233 0.00000 -2929409.79424 0.00000 -0.00000 1.00000 0.00000
1565943710987685 0.78064 0.62498 -0.00000 -2792266.49009 -0.62498 0.78064 0.00000 -2921850.15438 0.00000 -0.00000 1.00000 0.00000
1565943711239866 0.77927 0.62668 -0.00000 -2798646.29297 -0.62668 0.77927 0.00000 -2915742.30802 0.00000 -0.00000 1.00000 0.00000
1565943711490493 0.77868 0.62743 -0.00000 -2801428.35721 -0.62743 0.77868 0.00000 -2913071.78958 0.00000 -0.00000 1.00000 0.00000
1565943711740090 0.77896 0.62707 -0.00000 -2800093.59323 -0.62707 0.77896 0.00000 -2914357.21931 0.00000 -0.00000 1.00000 0.00000
1565943711991146 0.77925 0.62671 -0.00000 -2798764.62210 -0.62671 0.77925 0.00000 -2915635.95585 0.00000 -0.00000 1.00000 0.00000
1565943712241087 0.77907 0.62694 -0.00000 -2799595.47211 -0.62694 0.77907 0.00000 -2914840.64453 0.00000 -0.00000 1.00000 0.00000
1565943712492026 0.77895 0.62709 -0.00000 -2800165.13984 -0.62709 0.77895 0.00000 -2914295.89394 0.00000 -0.00000 1.00000 0.00000
1565943712743233 0.77878 0.62729 -0.00000 -2800932.74597 -0.62729 0.77878 0.00000 -2913560.69806 0.00000 -0.00000 1.00000 0.00000
1565943712993560 0.77895 0.62708 -0.00000 -2800143.83683 -0.62708 0.77895 0.00000 -2914321.46748 0.00000 -0.00000 1.00000 0.00000
1565943713243900 0.77901 0.62702 -0.00000 -2799912.76037 -0.62702 0.77901 0.00000 -2914546.05820 0.00000 -0.00000 1.00000 0.00000
1565943713494906 0.77928 0.62667 -0.00000 -2798624.18985 -0.62667 0.77928 0.00000 -2915786.01110 0.00000 -0.00000 1.00000 0.00000
1565943713745377 0.78057 0.62507 -0.00000 -2792640.28842 -0.62507 0.78057 0.00000 -2921520.29865 0.00000 -0.00000 1.00000 0.00000
1565943713995638 0.78244 0.62273 -0.00000 -2783875.63419 -0.62273 0.78244 0.00000 -2929875.78229 0.00000 -0.00000 1.00000 0.00000
1565943714245755 0.78439 0.62027 -0.00000 -2774650.70444 -0.62027 0.78439 0.00000 -2938616.00440 0.00000 -0.00000 1.00000 0.00000
1565943714496290 0.78633 0.61781 -0.00000 -2765451.78872 -0.61781 0.78633 0.00000 -2947276.99321 0.00000 -0.00000 1.00000 0.00000
1565943714746878 0.78767 0.61610 -0.00000 -2759050.76942 -0.61610 0.78767 0.00000 -2953272.53871 0.00000 -0.00000 1.00000 0.00000
1565943714997385 0.78702 0.61692 -0.00000 -2762128.18147 -0.61692 0.78702 0.00000 -2950396.94959 0.00000 -0.00000 1.00000 0.00000
1565943715248436 0.78652 0.61756 -0.00000 -2764515.19721 -0.61756 0.78652 0.00000 -2948162.86166 0.00000 -0.00000 1.00000 0.00000
1565943715498941 0.78562 0.61871 -0.00000 -2768828.36769 -0.61871 0.78562 0.00000 -2944114.83546 0.00000 -0.00000 1.00000 0.00000
1565943715750188 0.78112 0.62438 -0.00000 -2790065.24415 -0.62438 0.78112 0.00000 -2923999.44825 0.00000 -0.00000 1.00000 0.00000
1565943715999524 0.77403 0.63315 -0.00000 -2822887.72853 -0.63315 0.77403 0.00000 -2892327.05946 0.00000 -0.00000 1.00000 0.00000
1565943716250101 0.76632 0.64246 -0.00000 -2857637.88585 -0.64246 0.76632 0.00000 -2858001.20904 0.00000 -0.00000 1.00000 0.00000
1565943716500841 0.75811 0.65213 -0.00000 -2893658.39996 -0.65213 0.75811 0.00000 -2821528.07558 0.00000 -0.00000 1.00000 0.00000
1565943716751019 0.74968 0.66180 -0.00000 -2929628.77987 -0.66180 0.74968 0.00000 -2784164.04910 0.00000 -0.00000 1.00000 0.00000
1565943717001733 0.74255 0.66979 -0.00000 -2959276.60767 -0.66979 0.74255 0.00000 -2752633.47787 0.00000 -0.00000 1.00000 0.00000
1565943717252167 0.73680 0.67611 -0.00000 -2982684.95396 -0.67611 0.73680 0.00000 -2727254.02582 0.00000 -0.00000 1.00000 0.00000
1565943717502544 0.73271 0.68054 -0.00000 -2999075.18980 -0.68054 0.73271 0.00000 -2709222.61120 0.00000 -0.00000 1.00000 0.00000
1565943717753298 0.73120 0.68217 -0.00000 -3005082.76792 -0.68217 0.73120 0.00000 -2702560.26022 0.00000 -0.00000 1.00000 0.00000
1565943718003818 0.73052 0.68289 -0.00000 -3007761.64610 -0.68289 0.73052 0.00000 -2699581.36616 0.00000 -0.00000 1.00000 0.00000
1565943718254543 0.72971 0.68375 -0.00000 -3010945.98764 -0.68375 0.72971 0.00000 -2696032.11824 0.00000 -0.00000 1.00000 0.00000
1565943718504956 0.73224 0.68104 -0.00000 -3000936.32998 -0.68104 0.73224 0.00000 -2707172.18388 0.00000 -0.00000 1.00000 0.00000
1565943718755429 0.73646 0.67648 -0.00000 -2984046.41375 -0.67648 0.73646 0.00000 -2725781.02042 0.00000 -0.00000 1.00000 0.00000
1565943719005867 0.74067 0.67187 -0.00000 -2966995.41097 -0.67187 0.74067 0.00000 -2744333.87087 0.00000 -0.00000 1.00000 0.00000
1565943719256663 0.74485 0.66724 -0.00000 -2949817.64984 -0.66724 0.74485 0.00000 -2762792.21568 0.00000 -0.00000 1.00000 0.00000
1565943719506597 0.74874 0.66286 -0.00000 -2933591.48726 -0.66286 0.74874 0.00000 -2780018.07614 0.00000 -0.00000 1.00000 0.00000
1565943719757240 0.75253 0.65856 -0.00000 -2917595.55861 -0.65856 0.75253 0.00000 -2796803.54730 0.00000 -0.00000 1.00000 0.00000
1565943720007856 0.75537 0.65530 -0.00000 -2905470.81805 -0.65530 0.75537 0.00000 -2809399.83629 0.00000 -0.00000 1.00000 0.00000
1565943720258680 0.75786 0.65242 -0.00000 -2894771.91044 -0.65242 0.75786 0.00000 -2820425.09080 0.00000 -0.00000 1.00000 0.00000
1565943720509320 0.76041 0.64944 -0.00000 -2883702.24978 -0.64944 0.76041 0.00000 -2831744.55787 0.00000 -0.00000 1.00000 0.00000
1565943720759818 0.76285 0.64657 -0.00000 -2873002.93109 -0.64657 0.76285 0.00000 -2842601.57954 0.00000 -0.00000 1.00000 0.00000
1565943721009980 0.76527 0.64371 -0.00000 -2862320.92899 -0.64371 0.76527 0.00000 -2853359.77515 0.00000 -0.00000 1.00000 0.00000
1565943721260725 0.76789 0.64058 -0.00000 -2850661.17065 -0.64058 0.76789 0.00000 -2865010.88845 0.00000 -0.00000 1.00000 0.00000
1565943721511009 0.77083 0.63705 -0.00000 -2837478.12345 -0.63705 0.77083 0.00000 -2878070.11832 0.00000 -0.00000 1.00000 0.00000
1565943721761744 0.77344 0.63387 -0.00000 -2825611.21941 -0.63387 0.77344 0.00000 -2889723.87534 0.00000 -0.00000 1.00000 0.00000
1565943722012376 0.77509 0.63185 -0.00000 -2818076.02091 -0.63185 0.77509 0.00000 -2897074.96954 0.00000 -0.00000 1.00000 0.00000
1565943722263116 0.77593 0.63081 -0.00000 -2814199.26327 -0.63081 0.77593 0.00000 -2900843.19111 0.00000 -0.00000 1.00000 0.00000
1565943722513447 0.77683 0.62972 -0.00000 -2810096.13069 -0.62972 0.77683 0.00000 -2904820.33388 0.00000 -0.00000 1.00000 0.00000
1565943722763978 0.77769 0.62865 -0.00000 -2806108.70406 -0.62865 0.77769 0.00000 -2908674.62332 0.00000 -0.00000 1.00000 0.00000
1565943723014712 0.77877 0.62731 -0.00000 -2801097.30663 -0.62731 0.77877 0.00000 -2913503.14334 0.00000 -0.00000 1.00000 0.00000
1565943723265272 0.77955 0.62634 -0.00000 -2797477.10180 -0.62634 0.77955 0.00000 -2916981.48361 0.00000 -0.00000 1.00000 0.00000
1565943723515788 0.78011 0.62565 -0.00000 -2794880.59729 -0.62565 0.78011 0.00000 -2919471.48650 0.00000 -0.00000 1.00000 0.00000
1565943723766146 0.77964 0.62622 -0.00000 -2797040.32934 -0.62622 0.77964 0.00000 -2917404.46868 0.00000 -0.00000 1.00000 0.00000
1565943724016550 0.77872 0.62737 -0.00000 -2801332.03026 -0.62737 0.77872 0.00000 -2913285.82558 0.00000 -0.00000 1.00000 0.00000
1565943724270774 0.77790 0.62839 -0.00000 -2805141.26747 -0.62839 0.77790 0.00000 -2909620.24835 0.00000 -0.00000 1.00000 0.00000
1565943724517663 0.77728 0.62916 -0.00000 -2808033.58010 -0.62916 0.77728 0.00000 -2906831.00884 0.00000 -0.00000 1.00000 0.00000
1565943724767465 0.77703 0.62946 -0.00000 -2809167.52614 -0.62946 0.77703 0.00000 -2905737.17848 0.00000 -0.00000 1.00000 0.00000
1565943725019162 0.77686 0.62967 -0.00000 -2809961.50802 -0.62967 0.77686 0.00000 -2904971.37552 0.00000 -0.00000 1.00000 0.00000
1565943725277179 0.77658 0.63001 -0.00000 -2811238.48568 -0.63001 0.77658 0.00000 -2903737.65718 0.00000 -0.00000 1.00000 0.00000
1565943725520290 0.77654 0.63007 -0.00000 -2811446.11311 -0.63007 0.77654 0.00000 -2903538.52450 0.00000 -0.00000 1.00000 0.00000
1565943725770787 0.77634 0.63031 -0.00000 -2812354.28608 -0.63031 0.77634 0.00000 -2902660.80834 0.00000 -0.00000 1.00000 0.00000
1565943726021669 0.77583 0.63094 -0.00000 -2814705.26015 -0.63094 0.77583 0.00000 -2900383.03133 0.00000 -0.00000 1.00000 0.00000
1565943726271476 0.77539 0.63148 -0.00000 -2816725.00998 -0.63148 0.77539 0.00000 -2898423.44660 0.00000 -0.00000 1.00000 0.00000
1565943726522162 0.77503 0.63192 -0.00000 -2818385.30752 -0.63192 0.77503 0.00000 -2896810.87005 0.00000 -0.00000 1.00000 0.00000
1565943726773011 0.77498 0.63198 -0.00000 -2818616.11638 -0.63198 0.77498 0.00000 -2896588.10746 0.00000 -0.00000 1.00000 0.00000
1565943727023391 0.77592 0.63083 -0.00000 -2814312.38711 -0.63083 0.77592 0.00000 -2900771.53823 0.00000 -0.00000 1.00000 0.00000
1565943727276535 0.77692 0.62960 -0.00000 -2809686.56666 -0.62960 0.77692 0.00000 -2905254.07525 0.00000 -0.00000 1.00000 0.00000
1565943727524003 0.77789 0.62841 -0.00000 -2805242.56828 -0.62841 0.77789 0.00000 -2909546.97083 0.00000 -0.00000 1.00000 0.00000
1565943727774882 0.77885 0.62721 -0.00000 -2800763.03343 -0.62721 0.77885 0.00000 -2913860.89753 0.00000 -0.00000 1.00000 0.00000
1565943728025241 0.77983 0.62599 -0.00000 -2796209.77226 -0.62599 0.77983 0.00000 -2918232.16710 0.00000 -0.00000 1.00000 0.00000
1565943728275420 0.78061 0.62502 -0.00000 -2792588.00453 -0.62502 0.78061 0.00000 -2921699.70580 0.00000 -0.00000 1.00000 0.00000
1565943728525978 0.78140 0.62403 -0.00000 -2788871.13706 -0.62403 0.78140 0.00000 -2925249.25394 0.00000 -0.00000 1.00000 0.00000
1565943728776464 0.78202 0.62326 -0.00000 -2785988.04921 -0.62326 0.78202 0.00000 -2927996.60828 0.00000 -0.00000 1.00000 0.00000
1565943729026989 0.78214 0.62310 -0.00000 -2785379.99910 -0.62310 0.78214 0.00000 -2928576.37145 0.00000 -0.00000 1.00000 0.00000
1565943729277479 0.78214 0.62310 -0.00000 -2785388.65252 -0.62310 0.78214 0.00000 -2928569.39822 0.00000 -0.00000 1.00000 0.00000
1565943729527757 0.78212 0.62313 -0.00000 -2785490.46180 -0.62313 0.78212 0.00000 -2928473.74887 0.00000 -0.00000 1.00000 0.00000
1565943729777287 0.78198 0.62331 -0.00000 -2786166.91556 -0.62331 0.78198 0.00000 -2927831.28272 0.00000 -0.00000 1.00000 0.00000
1565943730027702 0.78204 0.62323 -0.00000 -2785875.38648 -0.62323 0.78204 0.00000 -2928109.71416 0.00000 -0.00000 1.00000 0.00000
1565943730277719 0.78182 0.62351 -0.00000 -2786920.99084 -0.62351 0.78182 0.00000 -2927115.49664 0.00000 -0.00000 1.00000 0.00000
1565943730529199 0.78195 0.62334 -0.00000 -2786303.16165 -0.62334 0.78195 0.00000 -2927704.47640 0.00000 -0.00000 1.00000 0.00000
1565943730779168 0.78185 0.62347 -0.00000 -2786771.13851 -0.62347 0.78185 0.00000 -2927259.80174 0.00000 -0.00000 1.00000 0.00000
1565943731029142 0.78184 0.62348 -0.00000 -2786834.16068 -0.62348 0.78184 0.00000 -2927200.48012 0.00000 -0.00000 1.00000 0.00000
1565943731279860 0.78189 0.62342 -0.00000 -2786587.63982 -0.62342 0.78189 0.00000 -2927435.75770 0.00000 -0.00000 1.00000 0.00000
1565943731529533 0.78178 0.62355 -0.00000 -2787080.79581 -0.62355 0.78178 0.00000 -2926966.76508 0.00000 -0.00000 1.00000 0.00000
1565943731779882 0.78197 0.62331 -0.00000 -2786190.68517 -0.62331 0.78197 0.00000 -2927814.52589 0.00000 -0.00000 1.00000 0.00000
1565943732030415 0.78201 0.62327 -0.00000 -2786026.19082 -0.62327 0.78201 0.00000 -2927971.43753 0.00000 -0.00000 1.00000 0.00000
1565943732280662 0.78209 0.62317 -0.00000 -2785668.39194 -0.62317 0.78209 0.00000 -2928312.16296 0.00000 -0.00000 1.00000 0.00000
1565943732531205 0.78209 0.62317 -0.00000 -2785663.48515 -0.62317 0.78209 0.00000 -2928317.07430 0.00000 -0.00000 1.00000 0.00000
1565943732781526 0.78208 0.62318 -0.00000 -2785718.17976 -0.62318 0.78208 0.00000 -2928265.22056 0.00000 -0.00000 1.00000 0.00000
1565943733031859 0.78207 0.62319 -0.00000 -2785726.23386 -0.62319 0.78207 0.00000 -2928257.67631 0.00000 -0.00000 1.00000 0.00000
1565943733282102 0.78208 0.62318 -0.00000 -2785686.29669 -0.62318 0.78208 0.00000 -2928295.73916 0.00000 -0.00000 1.00000 0.00000
1565943733532605 0.78209 0.62317 -0.00000 -2785672.09282 -0.62317 0.78209 0.00000 -2928309.26799 0.00000 -0.00000 1.00000 0.00000
1565943733783441 0.78202 0.62325 -0.00000 -2785966.51419 -0.62325 0.78202 0.00000 -2928029.15803 0.00000 -0.00000 1.00000 0.00000
1565943734034397 0.78202 0.62325 -0.00000 -2785970.58527 -0.62325 0.78202 0.00000 -2928025.28448 0.00000 -0.00000 1.00000 0.00000
1565943734284912 0.78202 0.62325 -0.00000 -2785981.50427 -0.62325 0.78202 0.00000 -2928014.89527 0.00000 -0.00000 1.00000 0.00000
1565943734535649 0.78201 0.62326 -0.00000 -2786004.90172 -0.62326 0.78201 0.00000 -2927992.63279 0.00000 -0.00000 1.00000 0.00000
1565943734786299 0.78201 0.62327 -0.00000 -2786028.29076 -0.62327 0.78201 0.00000 -2927970.37796 0.00000 -0.00000 1.00000 0.00000
1565943735036868 0.78200 0.62327 -0.00000 -2786051.67208 -0.62327 0.78200 0.00000 -2927948.13012 0.00000 -0.00000 1.00000 0.00000
1565943735287326 0.78200 0.62328 -0.00000 -2786075.04295 -0.62328 0.78200 0.00000 -2927925.89187 0.00000 -0.00000 1.00000 0.00000
1565943735538025 0.78199 0.62329 -0.00000 -2786098.43604 -0.62329 0.78199 0.00000 -2927903.63212 0.00000 -0.00000 1.00000 0.00000
1565943735787573 0.78199 0.62329 -0.00000 -2786121.72163 -0.62329 0.78199 0.00000 -2927881.47431 0.00000 -0.00000 1.00000 0.00000
1565943736039030 0.78198 0.62330 -0.00000 -2786145.18514 -0.62330 0.78198 0.00000 -2927859.14684 0.00000 -0.00000 1.00000 0.00000
1565943736290028 0.78198 0.62330 -0.00000 -2786168.60564 -0.62330 0.78198 0.00000 -2927836.85994 0.00000 -0.00000 1.00000 0.00000
1565943736540464 0.78198 0.62330 -0.00000 -2786170.82358 -0.62330 0.78198 0.00000 -2927834.74934 0.00000 -0.00000 1.00000 0.00000
1565943736790869 0.78198 0.62330 -0.00000 -2786171.59968 -0.62330 0.78198 0.00000 -2927834.01080 0.00000 -0.00000 1.00000 0.00000
1565943737041946 0.78198 0.62331 -0.00000 -2786172.37787 -0.62331 0.78198 0.00000 -2927833.27028 0.00000 -0.00000 1.00000 0.00000
1565943737292259 0.78198 0.62331 -0.00000 -2786173.15368 -0.62331 0.78198 0.00000 -2927832.53201 0.00000 -0.00000 1.00000 0.00000
1565943737543125 0.78198 0.62331 -0.00000 -2786173.93121 -0.62331 0.78198 0.00000 -2927831.79212 0.00000 -0.00000 1.00000 0.00000
1565943737793537 0.78198 0.62331 -0.00000 -2786174.70733 -0.62331 0.78198 0.00000 -2927831.05356 0.00000 -0.00000 1.00000 0.00000
1565943738044482 0.78198 0.62331 -0.00000 -2786175.48511 -0.62331 0.78198 0.00000 -2927830.31343 0.00000 -0.00000 1.00000 0.00000
1565943738294967 0.78198 0.62331 -0.00000 -2786176.26146 -0.62331 0.78198 0.00000 -2927829.57466 0.00000 -0.00000 1.00000 0.00000
1565943738545502 0.78198 0.62331 -0.00000 -2786177.03796 -0.62331 0.78198 0.00000 -2927828.83574 0.00000 -0.00000 1.00000 0.00000
1565943738795974 0.78198 0.62331 -0.00000 -2786177.81427 -0.62331 0.78198 0.00000 -2927828.09700 0.00000 -0.00000 1.00000 0.00000
1565943739046454 0.78198 0.62331 -0.00000 -2786178.59060 -0.62331 0.78198 0.00000 -2927827.35824 0.00000 -0.00000 1.00000 0.00000
1565943739297463 0.78198 0.62331 -0.00000 -2786179.36857 -0.62331 0.78198 0.00000 -2927826.61792 0.00000 -0.00000 1.00000 0.00000
1565943739548241 0.78198 0.62331 -0.00000 -2786180.14583 -0.62331 0.78198 0.00000 -2927825.87828 0.00000 -0.00000 1.00000 0.00000
1565943739799141 0.78198 0.62331 -0.00000 -2786180.92346 -0.62331 0.78198 0.00000 -2927825.13828 0.00000 -0.00000 1.00000 0.00000
1565943740050107 0.78198 0.62331 -0.00000 -2786181.70130 -0.62331 0.78198 0.00000 -2927824.39809 0.00000 -0.00000 1.00000 0.00000
1565943740300170 0.78198 0.62331 -0.00000 -2786182.47634 -0.62331 0.78198 0.00000 -2927823.66056 0.00000 -0.00000 1.00000 0.00000
1565943740551431 0.78198 0.62331 -0.00000 -2786183.25509 -0.62331 0.78198 0.00000 -2927822.91950 0.00000 -0.00000 1.00000 0.00000
1565943740801147 0.78198 0.62331 -0.00000 -2786184.02905 -0.62331 0.78198 0.00000 -2927822.18299 0.00000 -0.00000 1.00000 0.00000
1565943741051899 0.78198 0.62331 -0.00000 -2786184.80623 -0.62331 0.78198 0.00000 -2927821.44343 0.00000 -0.00000 1.00000 0.00000
1565943741302135 0.78198 0.62331 -0.00000 -2786185.58180 -0.62331 0.78198 0.00000 -2927820.70539 0.00000 -0.00000 1.00000 0.00000
1565943741553029 0.78198 0.62331 -0.00000 -2786186.35942 -0.62331 0.78198 0.00000 -2927819.96540 0.00000 -0.00000 1.00000 0.00000
1565943741803837 0.78198 0.62331 -0.00000 -2786187.13677 -0.62331 0.78198 0.00000 -2927819.22567 0.00000 -0.00000 1.00000 0.00000
1565943742054255 0.78198 0.62331 -0.00000 -2786187.91290 -0.62331 0.78198 0.00000 -2927818.48710 0.00000 -0.00000 1.00000 0.00000
1565943742305341 0.78198 0.62331 -0.00000 -2786188.69111 -0.62331 0.78198 0.00000 -2927817.74654 0.00000 -0.00000 1.00000 0.00000
1565943742556136 0.78198 0.62331 -0.00000 -2786189.46842 -0.62331 0.78198 0.00000 -2927817.00685 0.00000 -0.00000 1.00000 0.00000
1565943742806723 0.78197 0.62331 -0.00000 -2786190.24508 -0.62331 0.78197 0.00000 -2927816.26778 0.00000 -0.00000 1.00000 0.00000
1565943743057257 0.78197 0.62331 -0.00000 -2786191.02157 -0.62331 0.78197 0.00000 -2927815.52886 0.00000 -0.00000 1.00000 0.00000
1565943743308269 0.78197 0.62331 -0.00000 -2786191.79955 -0.62331 0.78197 0.00000 -2927814.78852 0.00000 -0.00000 1.00000 0.00000
1565943743559132 0.78197 0.62331 -0.00000 -2786192.57707 -0.62331 0.78197 0.00000 -2927814.04863 0.00000 -0.00000 1.00000 0.00000
1565943743809261 0.78197 0.62331 -0.00000 -2786193.35231 -0.62331 0.78197 0.00000 -2927813.31090 0.00000 -0.00000 1.00000 0.00000
1565943744060696 0.78197 0.62331 -0.00000 -2786194.13160 -0.62331 0.78197 0.00000 -2927812.56932 0.00000 -0.00000 1.00000 0.00000
1565943744311363 0.78197 0.62331 -0.00000 -2786194.90851 -0.62331 0.78197 0.00000 -2927811.83001 0.00000 -0.00000 1.00000 0.00000
1565943744561189 0.78197 0.62331 -0.00000 -2786195.68281 -0.62331 0.78197 0.00000 -2927811.09317 0.00000 -0.00000 1.00000 0.00000
1565943744811664 0.78197 0.62331 -0.00000 -2786196.45912 -0.62331 0.78197 0.00000 -2927810.35442 0.00000 -0.00000 1.00000 0.00000
1565943745062334 0.78197 0.62331 -0.00000 -2786197.23604 -0.62331 0.78197 0.00000 -2927809.61510 0.00000 -0.00000 1.00000 0.00000
1565943745313088 0.78197 0.62331 -0.00000 -2786198.01321 -0.62331 0.78197 0.00000 -2927808.87552 0.00000 -0.00000 1.00000 0.00000
1565943745563592 0.78197 0.62331 -0.00000 -2786198.78961 -0.62331 0.78197 0.00000 -2927808.13669 0.00000 -0.00000 1.00000 0.00000
1565943745814243 0.78197 0.62331 -0.00000 -2786199.56647 -0.62331 0.78197 0.00000 -2927807.39742 0.00000 -0.00000 1.00000 0.00000
1565943746064723 0.78197 0.62331 -0.00000 -2786200.34280 -0.62331 0.78197 0.00000 -2927806.65866 0.00000 -0.00000 1.00000 0.00000
1565943746315158 0.78197 0.62331 -0.00000 -2786201.11898 -0.62331 0.78197 0.00000 -2927805.92002 0.00000 -0.00000 1.00000 0.00000
1565943746566330 0.78197 0.62331 -0.00000 -2786201.89746 -0.62331 0.78197 0.00000 -2927805.17922 0.00000 -0.00000 1.00000 0.00000
1565943746817063 0.78197 0.62331 -0.00000 -2786202.67457 -0.62331 0.78197 0.00000 -2927804.43970 0.00000 -0.00000 1.00000 0.00000
1565943747067070 0.78197 0.62331 -0.00000 -2786203.44943 -0.62331 0.78197 0.00000 -2927803.70233 0.00000 -0.00000 1.00000 0.00000
1565943747317567 0.78197 0.62331 -0.00000 -2786204.22581 -0.62331 0.78197 0.00000 -2927802.96352 0.00000 -0.00000 1.00000 0.00000
1565943747567928 0.78197 0.62331 -0.00000 -2786205.00176 -0.62331 0.78197 0.00000 -2927802.22510 0.00000 -0.00000 1.00000 0.00000
1565943747818328 0.78197 0.62331 -0.00000 -2786205.77784 -0.62331 0.78197 0.00000 -2927801.48657 0.00000 -0.00000 1.00000 0.00000
1565943748069078 0.78197 0.62331 -0.00000 -2786206.55500 -0.62331 0.78197 0.00000 -2927800.74701 0.00000 -0.00000 1.00000 0.00000
1565943748320130 0.78197 0.62331 -0.00000 -2786207.33310 -0.62331 0.78197 0.00000 -2927800.00656 0.00000 -0.00000 1.00000 0.00000
1565943748570403 0.78197 0.62331 -0.00000 -2786208.10878 -0.62331 0.78197 0.00000 -2927799.26840 0.00000 -0.00000 1.00000 0.00000
1565943748821179 0.78197 0.62331 -0.00000 -2786208.88603 -0.62331 0.78197 0.00000 -2927798.52876 0.00000 -0.00000 1.00000 0.00000
1565943749071929 0.78197 0.62332 -0.00000 -2786209.66319 -0.62332 0.78197 0.00000 -2927797.78919 0.00000 -0.00000 1.00000 0.00000
1565943749322034 0.78197 0.62332 -0.00000 -2786210.43835 -0.62332 0.78197 0.00000 -2927797.05153 0.00000 -0.00000 1.00000 0.00000
1565943749572348 0.78197 0.62332 -0.00000 -2786211.21416 -0.62332 0.78197 0.00000 -2927796.31325 0.00000 -0.00000 1.00000 0.00000
1565943749823100 0.78197 0.62332 -0.00000 -2786211.99133 -0.62332 0.78197 0.00000 -2927795.57369 0.00000 -0.00000 1.00000 0.00000
1565943750074213 0.78197 0.62332 -0.00000 -2786212.76961 -0.62332 0.78197 0.00000 -2927794.83305 0.00000 -0.00000 1.00000 0.00000
1565943750324552 0.78197 0.62332 -0.00000 -2786213.54550 -0.62332 0.78197 0.00000 -2927794.09470 0.00000 -0.00000 1.00000 0.00000
1565943750575299 0.78197 0.62332 -0.00000 -2786214.32265 -0.62332 0.78197 0.00000 -2927793.35514 0.00000 -0.00000 1.00000 0.00000
1565943750825654 0.78197 0.62332 -0.00000 -2786215.09859 -0.62332 0.78197 0.00000 -2927792.61674 0.00000 -0.00000 1.00000 0.00000
1565943751076848 0.78197 0.62332 -0.00000 -2786215.87712 -0.62332 0.78197 0.00000 -2927791.87586 0.00000 -0.00000 1.00000 0.00000
1565943751327268 0.78197 0.62332 -0.00000 -2786216.65326 -0.62332 0.78197 0.00000 -2927791.13727 0.00000 -0.00000 1.00000 0.00000
1565943751577833 0.78197 0.62332 -0.00000 -2786217.42985 -0.62332 0.78197 0.00000 -2927790.39825 0.00000 -0.00000 1.00000 0.00000
1565943751829826 0.78197 0.62332 -0.00000 -2786218.21086 -0.62332 0.78197 0.00000 -2927789.65502 0.00000 -0.00000 1.00000 0.00000
1565943752079372 0.78197 0.62332 -0.00000 -2786218.98429 -0.62332 0.78197 0.00000 -2927788.91900 0.00000 -0.00000 1.00000 0.00000
1565943752329853 0.78197 0.62332 -0.00000 -2786219.76061 -0.62332 0.78197 0.00000 -2927788.18023 0.00000 -0.00000 1.00000 0.00000
1565943752580950 0.78197 0.62332 -0.00000 -2786220.53884 -0.62332 0.78197 0.00000 -2927787.43964 0.00000 -0.00000 1.00000 0.00000
1565943752831437 0.78197 0.62332 -0.00000 -2786221.31519 -0.62332 0.78197 0.00000 -2927786.70085 0.00000 -0.00000 1.00000 0.00000
1565943753081827 0.78197 0.62332 -0.00000 -2786222.09123 -0.62332 0.78197 0.00000 -2927785.96235 0.00000 -0.00000 1.00000 0.00000
1565943753333101 0.78197 0.62332 -0.00000 -2786222.87001 -0.62332 0.78197 0.00000 -2927785.22123 0.00000 -0.00000 1.00000 0.00000
1565943753583470 0.78197 0.62332 -0.00000 -2786223.64599 -0.62332 0.78197 0.00000 -2927784.48279 0.00000 -0.00000 1.00000 0.00000
1565943753833813 0.78197 0.62332 -0.00000 -2786224.42189 -0.62332 0.78197 0.00000 -2927783.74442 0.00000 -0.00000 1.00000 0.00000
1565943754084294 0.78197 0.62332 -0.00000 -2786225.19821 -0.62332 0.78197 0.00000 -2927783.00564 0.00000 -0.00000 1.00000 0.00000
1565943754335174 0.78197 0.62332 -0.00000 -2786225.97577 -0.62332 0.78197 0.00000 -2927782.26569 0.00000 -0.00000 1.00000 0.00000
1565943754586165 0.78197 0.62332 -0.00000 -2786226.75368 -0.62332 0.78197 0.00000 -2927781.52541 0.00000 -0.00000 1.00000 0.00000
1565943754836377 0.78197 0.62332 -0.00000 -2786227.52916 -0.62332 0.78197 0.00000 -2927780.78743 0.00000 -0.00000 1.00000 0.00000
1565943755087352 0.78197 0.62332 -0.00000 -2786228.30702 -0.62332 0.78197 0.00000 -2927780.04720 0.00000 -0.00000 1.00000 0.00000
1565943755336923 0.78197 0.62332 -0.00000 -2786229.08052 -0.62332 0.78197 0.00000 -2927779.31111 0.00000 -0.00000 1.00000 0.00000
1565943755587344 0.78197 0.62332 -0.00000 -2786229.85666 -0.62332 0.78197 0.00000 -2927778.57251 0.00000 -0.00000 1.00000 0.00000
1565943755839223 0.78197 0.62332 -0.00000 -2786230.63731 -0.62332 0.78197 0.00000 -2927777.82961 0.00000 -0.00000 1.00000 0.00000
1565943756089524 0.78197 0.62332 -0.00000 -2786231.41308 -0.62332 0.78197 0.00000 -2927777.09137 0.00000 -0.00000 1.00000 0.00000
1565943756340195 0.78197 0.62332 -0.00000 -2786232.18999 -0.62332 0.78197 0.00000 -2927776.35203 0.00000 -0.00000 1.00000 0.00000
1565943756590953 0.78197 0.62332 -0.00000 -2786232.96717 -0.62332 0.78197 0.00000 -2927775.61243 0.00000 -0.00000 1.00000 0.00000
1565943756841637 0.78197 0.62332 -0.00000 -2786233.74412 -0.62332 0.78197 0.00000 -2927774.87306 0.00000 -0.00000 1.00000 0.00000
1565943757092082 0.78197 0.62332 -0.00000 -2786234.52033 -0.62332 0.78197 0.00000 -2927774.13439 0.00000 -0.00000 1.00000 0.00000
1565943757343195 0.78197 0.62332 -0.00000 -2786235.29861 -0.62332 0.78197 0.00000 -2927773.39375 0.00000 -0.00000 1.00000 0.00000
1565943757593665 0.78197 0.62332 -0.00000 -2786236.07490 -0.62332 0.78197 0.00000 -2927772.65500 0.00000 -0.00000 1.00000 0.00000
1565943757844091 0.78196 0.62332 -0.00000 -2786236.85105 -0.62332 0.78196 0.00000 -2927771.91639 0.00000 -0.00000 1.00000 0.00000
1565943758094913 0.78196 0.62332 -0.00000 -2786237.62842 -0.62332 0.78196 0.00000 -2927771.17660 0.00000 -0.00000 1.00000 0.00000
1565943758345592 0.78196 0.62332 -0.00000 -2786238.40536 -0.62332 0.78196 0.00000 -2927770.43724 0.00000 -0.00000 1.00000 0.00000
1565943758596500 0.78196 0.62332 -0.00000 -2786239.18300 -0.62332 0.78196 0.00000 -2927769.69720 0.00000 -0.00000 1.00000 0.00000
1565943758846736 0.78196 0.62332 -0.00000 -2786239.95856 -0.62332 0.78196 0.00000 -2927768.95915 0.00000 -0.00000 1.00000 0.00000
1565943759097207 0.78196 0.62332 -0.00000 -2786240.73485 -0.62332 0.78196 0.00000 -2927768.22040 0.00000 -0.00000 1.00000 0.00000
1565943759348273 0.78196 0.62332 -0.00000 -2786241.51299 -0.62332 0.78196 0.00000 -2927767.47989 0.00000 -0.00000 1.00000 0.00000
1565943759599879 0.78196 0.62332 -0.00000 -2786242.29279 -0.62332 0.78196 0.00000 -2927766.73780 0.00000 -0.00000 1.00000 0.00000
1565943759849726 0.78196 0.62332 -0.00000 -2786243.06714 -0.62332 0.78196 0.00000 -2927766.00089 0.00000 -0.00000 1.00000 0.00000
1565943760100621 0.78196 0.62332 -0.00000 -2786243.84475 -0.62332 0.78196 0.00000 -2927765.26089 0.00000 -0.00000 1.00000 0.00000
1565943760350188 0.78196 0.62332 -0.00000 -2786244.61823 -0.62332 0.78196 0.00000 -2927764.52480 0.00000 -0.00000 1.00000 0.00000
1565943760600822 0.78196 0.62332 -0.00000 -2786245.39503 -0.62332 0.78196 0.00000 -2927763.78557 0.00000 -0.00000 1.00000 0.00000
1565943760851441 0.78196 0.62332 -0.00000 -2786246.17177 -0.62332 0.78196 0.00000 -2927763.04639 0.00000 -0.00000 1.00000 0.00000
1565943761102097 0.78196 0.62333 -0.00000 -2786246.94863 -0.62333 0.78196 0.00000 -2927762.30709 0.00000 -0.00000 1.00000 0.00000
1565943761352812 0.78196 0.62333 -0.00000 -2786247.72568 -0.62333 0.78196 0.00000 -2927761.56762 0.00000 -0.00000 1.00000 0.00000
1565943761603055 0.78196 0.62333 -0.00000 -2786248.50126 -0.62333 0.78196 0.00000 -2927760.82954 0.00000 -0.00000 1.00000 0.00000
1565943761853975 0.78196 0.62333 -0.00000 -2786249.27894 -0.62333 0.78196 0.00000 -2927760.08946 0.00000 -0.00000 1.00000 0.00000
1565943762104823 0.78196 0.62333 -0.00000 -2786250.05639 -0.62333 0.78196 0.00000 -2927759.34960 0.00000 -0.00000 1.00000 0.00000
1565943762355652 0.78196 0.62333 -0.00000 -2786250.83379 -0.62333 0.78196 0.00000 -2927758.60979 0.00000 -0.00000 1.00000 0.00000
1565943762606255 0.78196 0.62333 -0.00000 -2786251.61048 -0.62333 0.78196 0.00000 -2927757.87065 0.00000 -0.00000 1.00000 0.00000
1565943762857243 0.78196 0.62333 -0.00000 -2786252.38837 -0.62333 0.78196 0.00000 -2927757.13037 0.00000 -0.00000 1.00000 0.00000
1565943763107850 0.78196 0.62333 -0.00000 -2786253.16508 -0.62333 0.78196 0.00000 -2927756.39122 0.00000 -0.00000 1.00000 0.00000
1565943763360033 0.78196 0.62333 -0.00000 -2786253.94667 -0.62333 0.78196 0.00000 -2927755.64742 0.00000 -0.00000 1.00000 0.00000
1565943763609765 0.78196 0.62333 -0.00000 -2786254.72066 -0.62333 0.78196 0.00000 -2927754.91084 0.00000 -0.00000 1.00000 0.00000
1565943763860724 0.78196 0.62333 -0.00000 -2786261.64634 -0.62333 0.78196 0.00000 -2927748.31995 0.00000 -0.00000 1.00000 0.00000
1565943764111165 0.78195 0.62334 -0.00000 -2786284.81397 -0.62334 0.78195 0.00000 -2927726.28167 0.00000 -0.00000 1.00000 0.00000
1565943764362008 0.78193 0.62337 -0.00000 -2786414.09074 -0.62337 0.78193 0.00000 -2927603.27484 0.00000 -0.00000 1.00000 0.00000
1565943764612870 0.78193 0.62337 -0.00000 -2786405.65551 -0.62337 0.78193 0.00000 -2927611.34693 0.00000 -0.00000 1.00000 0.00000
1565943764863465 0.78196 0.62333 -0.00000 -2786254.19358 -0.62333 0.78196 0.00000 -2927755.55340 0.00000 -0.00000 1.00000 0.00000
1565943765114275 0.78195 0.62334 -0.00000 -2786287.21467 -0.62334 0.78195 0.00000 -2927724.20037 0.00000 -0.00000 1.00000 0.00000
1565943765365077 0.78195 0.62335 -0.00000 -2786322.26128 -0.62335 0.78195 0.00000 -2927690.93447 0.00000 -0.00000 1.00000 0.00000
1565943765615633 0.78195 0.62334 -0.00000 -2786290.29618 -0.62334 0.78195 0.00000 -2927721.46066 0.00000 -0.00000 1.00000 0.00000
1565943765866439 0.78198 0.62330 -0.00000 -2786144.35091 -0.62330 0.78198 0.00000 -2927860.47052 0.00000 -0.00000 1.00000 0.00000
1565943766117369 0.78207 0.62319 -0.00000 -2785728.39516 -0.62319 0.78207 0.00000 -2928256.37405 0.00000 -0.00000 1.00000 0.00000
1565943766367067 0.78211 0.62314 -0.00000 -2785546.69713 -0.62314 0.78211 0.00000 -2928429.36547 0.00000 -0.00000 1.00000 0.00000
1565943766618969 0.78212 0.62313 -0.00000 -2785521.57326 -0.62313 0.78212 0.00000 -2928453.41038 0.00000 -0.00000 1.00000 0.00000
1565943766869383 0.78204 0.62323 -0.00000 -2785876.10478 -0.62323 0.78204 0.00000 -2928116.26963 0.00000 -0.00000 1.00000 0.00000
1565943767119185 0.78207 0.62319 -0.00000 -2785760.30687 -0.62319 0.78207 0.00000 -2928226.54716 0.00000 -0.00000 1.00000 0.00000
1565943767370790 0.78207 0.62319 -0.00000 -2785741.97446 -0.62319 0.78207 0.00000 -2928244.07595 0.00000 -0.00000 1.00000 0.00000
1565943767619940 0.78209 0.62316 -0.00000 -2785636.79745 -0.62316 0.78209 0.00000 -2928344.18174 0.00000 -0.00000 1.00000 0.00000
1565943767870392 0.78208 0.62318 -0.00000 -2785698.28368 -0.62318 0.78208 0.00000 -2928285.69719 0.00000 -0.00000 1.00000 0.00000
1565943768121401 0.78208 0.62318 -0.00000 -2785708.45362 -0.62318 0.78208 0.00000 -2928276.02178 0.00000 -0.00000 1.00000 0.00000
1565943768372165 0.78208 0.62318 -0.00000 -2785715.16320 -0.62318 0.78208 0.00000 -2928269.63843 0.00000 -0.00000 1.00000 0.00000
1565943768622322 0.78208 0.62318 -0.00000 -2785715.23563 -0.62318 0.78208 0.00000 -2928269.56952 0.00000 -0.00000 1.00000 0.00000
1565943768872964 0.78208 0.62318 -0.00000 -2785715.30820 -0.62318 0.78208 0.00000 -2928269.50048 0.00000 -0.00000 1.00000 0.00000
1565943769123691 0.78208 0.62318 -0.00000 -2785715.38080 -0.62318 0.78208 0.00000 -2928269.43142 0.00000 -0.00000 1.00000 0.00000
1565943769374307 0.78208 0.62318 -0.00000 -2785715.45337 -0.62318 0.78208 0.00000 -2928269.36239 0.00000 -0.00000 1.00000 0.00000
1565943769626467 0.78208 0.62318 -0.00000 -2785715.52638 -0.62318 0.78208 0.00000 -2928269.29293 0.00000 -0.00000 1.00000 0.00000
1565943769875192 0.78208 0.62318 -0.00000 -2785715.59840 -0.62318 0.78208 0.00000 -2928269.22441 0.00000 -0.00000 1.00000 0.00000
1565943770125827 0.78208 0.62318 -0.00000 -2785715.67097 -0.62318 0.78208 0.00000 -2928269.15538 0.00000 -0.00000 1.00000 0.00000
1565943770376308 0.78208 0.62318 -0.00000 -2785715.74350 -0.62318 0.78208 0.00000 -2928269.08638 0.00000 -0.00000 1.00000 0.00000
1565943770627588 0.78208 0.62318 -0.00000 -2785715.81626 -0.62318 0.78208 0.00000 -2928269.01716 0.00000 -0.00000 1.00000 0.00000
1565943770876986 0.78208 0.62318 -0.00000 -2785715.88847 -0.62318 0.78208 0.00000 -2928268.94847 0.00000 -0.00000 1.00000 0.00000
1565943771128958 0.78208 0.62318 -0.00000 -2785715.96143 -0.62318 0.78208 0.00000 -2928268.87906 0.00000 -0.00000 1.00000 0.00000
1565943771378939 0.78208 0.62318 -0.00000 -2785716.03381 -0.62318 0.78208 0.00000 -2928268.81020 0.00000 -0.00000 1.00000 0.00000
1565943771633883 0.78208 0.62318 -0.00000 -2785716.10763 -0.62318 0.78208 0.00000 -2928268.73997 0.00000 -0.00000 1.00000 0.00000
1565943771880318 0.78208 0.62318 -0.00000 -2785716.17899 -0.62318 0.78208 0.00000 -2928268.67209 0.00000 -0.00000 1.00000 0.00000
1565943772131008 0.78208 0.62318 -0.00000 -2785716.25157 -0.62318 0.78208 0.00000 -2928268.60304 0.00000 -0.00000 1.00000 0.00000
1565943772381687 0.78208 0.62318 -0.00000 -2785716.32416 -0.62318 0.78208 0.00000 -2928268.53399 0.00000 -0.00000 1.00000 0.00000
1565943772631937 0.78208 0.62318 -0.00000 -2785716.39662 -0.62318 0.78208 0.00000 -2928268.46506 0.00000 -0.00000 1.00000 0.00000
1565943772882672 0.78208 0.62318 -0.00000 -2785716.46922 -0.62318 0.78208 0.00000 -2928268.39599 0.00000 -0.00000 1.00000 0.00000
1565943773133292 0.78208 0.62318 -0.00000 -2785716.54178 -0.62318 0.78208 0.00000 -2928268.32696 0.00000 -0.00000 1.00000 0.00000
1565943773383976 0.78208 0.62318 -0.00000 -2785716.61437 -0.62318 0.78208 0.00000 -2928268.25790 0.00000 -0.00000 1.00000 0.00000
1565943773634300 0.78208 0.62318 -0.00000 -2785716.68685 -0.62318 0.78208 0.00000 -2928268.18895 0.00000 -0.00000 1.00000 0.00000
1565943773885165 0.78208 0.62318 -0.00000 -2785716.75949 -0.62318 0.78208 0.00000 -2928268.11985 0.00000 -0.00000 1.00000 0.00000
1565943774135712 0.78208 0.62318 -0.00000 -2785716.83204 -0.62318 0.78208 0.00000 -2928268.05083 0.00000 -0.00000 1.00000 0.00000
1565943774386328 0.78208 0.62318 -0.00000 -2785716.90460 -0.62318 0.78208 0.00000 -2928267.98180 0.00000 -0.00000 1.00000 0.00000
1565943774636807 0.78208 0.62318 -0.00000 -2785716.97713 -0.62318 0.78208 0.00000 -2928267.91280 0.00000 -0.00000 1.00000 0.00000
1565943774887354 0.78208 0.62318 -0.00000 -2785717.04967 -0.62318 0.78208 0.00000 -2928267.84379 0.00000 -0.00000 1.00000 0.00000
1565943775137699 0.78208 0.62318 -0.00000 -2785717.12216 -0.62318 0.78208 0.00000 -2928267.77483 0.00000 -0.00000 1.00000 0.00000
1565943775388646 0.78208 0.62318 -0.00000 -2785717.19482 -0.62318 0.78208 0.00000 -2928267.70571 0.00000 -0.00000 1.00000 0.00000
1565943775639166 0.78208 0.62318 -0.00000 -2785717.26736 -0.62318 0.78208 0.00000 -2928267.63670 0.00000 -0.00000 1.00000 0.00000
1565943775890561 0.78208 0.62318 -0.00000 -2785717.34015 -0.62318 0.78208 0.00000 -2928267.56745 0.00000 -0.00000 1.00000 0.00000
1565943776140625 0.78208 0.62318 -0.00000 -2785717.41256 -0.62318 0.78208 0.00000 -2928267.49857 0.00000 -0.00000 1.00000 0.00000
1565943776390606 0.78208 0.62318 -0.00000 -2785717.48494 -0.62318 0.78208 0.00000 -2928267.42971 0.00000 -0.00000 1.00000 0.00000
1565943776641180 0.78208 0.62318 -0.00000 -2785717.55749 -0.62318 0.78208 0.00000 -2928267.36069 0.00000 -0.00000 1.00000 0.00000
1565943776891547 0.78208 0.62318 -0.00000 -2785717.62999 -0.62318 0.78208 0.00000 -2928267.29173 0.00000 -0.00000 1.00000 0.00000
1565943777142561 0.78208 0.62318 -0.00000 -2785717.70267 -0.62318 0.78208 0.00000 -2928267.22258 0.00000 -0.00000 1.00000 0.00000
