1. 0. 0. 0. 0. 1. 0. 0. 0. 0. 1. 0.
1. 0. 0. -0.001 -0. 1. 0. -0.003 0. 0. 1. 0.
1. -0.000 0. 0.001 0.000 1. 0. 0.005 0. 0. 1. 0.
1. 0. 0. -0.003 -0. 1. 0. -0.000 0. 0. 1. 0.
1. -0.000 0. -0.000 0.000 1. 0. 0. 0. 0. 1. 0.
1. 0. 0. 0.002 -0. 1. 0. 0.001 0. 0. 1. 0.
1. 0. 0. 0.006 -0. 1. 0. -0.002 0. 0. 1. 0.
1. -0.000 0. -0.003 0.000 1. 0. -0.001 0. 0. 1. 0.
1. -0.000 0. -0.003 0.000 1. 0. -0.001 0. 0. 1. 0.
1. 0. 0. -0.001 -0. 1. 0. 0.003 0. 0. 1. 0.
1. 0.000 0. -0.002 -0.000 1. 0. -0.002 0. 0. 1. 0.
1. 0. 0. 0.001 -0. 1. 0. 0.003 0. 0. 1. 0.
1. 0. 0. -0.001 -0. 1. 0. 0.003 0. 0. 1. 0.
1. 0. 0. -0.001 -0. 1. 0. 0.001 0. 0. 1. 0.
1. -0. 0. -0.004 0. 1. 0. 0.005 0. 0. 1. 0.
1. 0. 0. -0.002 -0. 1. 0. -0.003 0. 0. 1. 0.
1. 0.000 0. 0.002 -0.000 1. 0. 0.003 0. 0. 1. 0.
1. -0. 0. 0.001 0. 1. 0. -0.001 0. 0. 1. 0.
1. -0. 0. -0.006 0. 1. 0. -0.000 0. 0. 1. 0.
1. -0. 0. -0.006 0. 1. 0. 0.001 0. 0. 1. 0.
1. -0.000 0. -0.003 0.000 1. 0. 0.006 0. 0. 1. 0.
1. 0. 0. -0.004 -0. 1. 0. 0.003 0. 0. 1. 0.
1. 0. 0. 0.001 -0. 1. 0. 0.005 0. 0. 1. 0.
1. -0.000 0. -0.001 0.000 1. 0. 0.006 0. 0. 1. 0.
1. -0. 0. 0.001 0. 1. 0. 0.004 0. 0. 1. 0.
1. 0. 0. -0.001 -0. 1. 0. 0.003 0. 0. 1. 0.
1. -0. 0. -0.002 0. 1. 0. 0.005 0. 0. 1. 0.
1. 0. 0. 0.002 -0. 1. 0. 0.000 0. 0. 1. 0.
1. -0. 0. 0.002 0. 1. 0. 0.004 0. 0. 1. 0.
1. 0. 0. -0.003 -0. 1. 0. 0.002 0. 0. 1. 0.
1. 0.000 0. -0.003 -0.000 1. 0. 0.002 0. 0. 1. 0.
1. 0. 0. -0.003 -0. 1. 0. -0.001 0. 0. 1. 0.
1. 0.000 0. -0.002 -0.000 1. 0. -0.001 0. 0. 1. 0.
1. 0. 0. -0.008 -0. 1. 0. -0.001 0. 0. 1. 0.
1. 0. 0. -0.003 -0. 1. 0. -0.003 0. 0. 1. 0.
1. 0.000 0. -0.004 -0.000 1. 0. -0.005 0. 0. 1. 0.
1. 0. 0. -0.001 -0. 1. 0. -0.004 0. 0. 1. 0.
1. -0. 0. -0.001 0. 1. 0. 0. 0. 0. 1. 0.
1. 0. 0. -0.002 -0. 1. 0. -0.001 0. 0. 1. 0.
1. 0. 0. 0.000 -0. 1. 0. -0.001 0. 0. 1. 0.
1. 0. 0. 0.002 -0. 1. 0. -0.001 0. 0. 1. 0.
1. -0.000 0. -0.001 0.000 1. 0. 0.002 0. 0. 1. 0.
1. -0.000 0. 0.001 0.000 1. 0. -0.002 0. 0. 1. 0.
1. -0. 0. -0.001 0. 1. 0. -0.004 0. 0. 1. 0.
1. -0. 0. -0.001 0. 1. 0. -0.005 0. 0. 1. 0.
1. 0. 0. -0.003 -0. 1. 0. -0.001 0. 0. 1. 0.
1. 0.000 0. 0.001 -0.000 1. 0. -0.006 0. 0. 1. 0.
1. 0. 0. -0.000 -0. 1. 0. -0.005 0. 0. 1. 0.
1. 0. 0. -0.004 -0. 1. 0. -0.005 0. 0. 1. 0.
1. -0.000 0. -0.003 0.000 1. 0. -0.004 0. 0. 1. 0.
1. -0. 0. -0.001 0. 1. 0. -0.009 0. 0. 1. 0.
1. -0. 0. -0.003 0. 1. 0. -0.004 0. 0. 1. 0.
1. 0.000 0. -0.003 -0.000 1. 0. -0.003 0. 0. 1. 0.
1. -0. 0. -0.002 0. 1. 0. -0.004 0. 0. 1. 0.
1. 0.000 0. -0.004 -0.000 1. 0. -0.004 0. 0. 1. 0.
1. 0. 0. -0.002 -0. 1. 0. -0.003 0. 0. 1. 0.
1. 0. 0. -0.005 -0. 1. 0. 0.001 0. 0. 1. 0.
1. 0.000 0. -0.004 -0.000 1. 0. 0. 0. 0. 1. 0.
1. 0. 0. -0.003 -0. 1. 0. -0.002 0. 0. 1. 0.
1. 0. 0. -0.007 -0. 1. 0. -0.004 0. 0. 1. 0.
1. 0. 0. -0.001 -0. 1. 0. -0.007 0. 0. 1. 0.
1. 0. 0. -0.004 -0. 1. 0. -0.002 0. 0. 1. 0.
1. -0. 0. -0.006 0. 1. 0. 0.000 0. 0. 1. 0.
1. 0.000 0. -0.003 -0.000 1. 0. -0.005 0. 0. 1. 0.
1. 0.000 0. -0.004 -0.000 1. 0. -0.002 0. 0. 1. 0.
1. 0. 0. -0.004 -0. 1. 0. -0.005 0. 0. 1. 0.
1. 0.000 0. -0.003 -0.000 1. 0. -0.006 0. 0. 1. 0.
1. 0.000 0. -0.005 -0.000 1. 0. -0.005 0. 0. 1. 0.
1. 0.000 0. -0.006 -0.000 1. 0. -0.002 0. 0. 1. 0.
1. 0.000 0. -0.004 -0.000 1. 0. -0.002 0. 0. 1. 0.
1. 0. 0. -0.003 -0. 1. 0. -0.005 0. 0. 1. 0.
1. 0. 0. -0.003 -0. 1. 0. -0.004 0. 0. 1. 0.
1. 0. 0. -0.006 -0. 1. 0. -0.001 0. 0. 1. 0.
1. -0. 0. -0.002 0. 1. 0. -0.002 0. 0. 1. 0.
1. 0. 0. -0.002 -0. 1. 0. -0.004 0. 0. 1. 0.
1. -0. 0. -0.002 0. 1. 0. -0.003 0. 0. 1. 0.
1. 0. 0. -0.002 -0. 1. 0. 0.001 0. 0. 1. 0.
1. 0.000 0. -0.001 -0.000 1. 0. -0.002 0. 0. 1. 0.
1. 0.000 0. -0.002 -0.000 1. 0. -0.003 0. 0. 1. 0.
1. 0.000 0. -0.003 -0.000 1. 0. -0.002 0. 0. 1. 0.
1. -0. 0. -0.001 0. 1. 0. -0.000 0. 0. 1. 0.
1. -0.000 0. -0.005 0.000 1. 0. 0.002 0. 0. 1. 0.
1. -0. 0. -0.003 0. 1. 0. -0.003 0. 0. 1. 0.
1. -0.000 0. 0.000 0.000 1. 0. -0.001 0. 0. 1. 0.
1. -0. 0. -0.001 0. 1. 0. -0.003 0. 0. 1. 0.
1. 0. 0. -0.001 -0. 1. 0. -0.003 0. 0. 1. 0.
1. -0.000 0. 0.001 0.000 1. 0. -0.002 0. 0. 1. 0.
1. 0. 0. -0.000 -0. 1. 0. -0.005 0. 0. 1. 0.
1. -0. 0. -0.001 0. 1. 0. -0.003 0. 0. 1. 0.
1. -0.000 0. -0.001 0.000 1. 0. -0.001 0. 0. 1. 0.
1. -0. 0. -0.000 0. 1. 0. -0.006 0. 0. 1. 0.
1. -0.000 0. 0.001 0.000 1. 0. -0.004 0. 0. 1. 0.
1. -0.000 0. -0.001 0.000 1. 0. -0.005 0. 0. 1. 0.
1. -0.000 0. -0.002 0.000 1. 0. 0.001 0. 0. 1. 0.
1. 0. 0. -0.000 -0. 1. 0. -0.002 0. 0. 1. 0.
1. -0.000 0. 0.000 0.000 1. 0. 0.000 0. 0. 1. 0.
1. -0. 0. -0.001 0. 1. 0. -0.002 0. 0. 1. 0.
1. -0. 0. -0.001 0. 1. 0. -0.003 0. 0. 1. 0.
1. -0. 0. -0.001 0. 1. 0. 0.000 0. 0. 1. 0.
1. -0. 0. -0.001 0. 1. 0. -0.001 0. 0. 1. 0.
1. 0. 0. -0.001 -0. 1. 0. -0.003 0. 0. 1. 0.
1. -0. 0. 0.000 0. 1. 0. -0.001 0. 0. 1. 0.
1. -0. 0. -0.000 0. 1. 0. -0.001 0. 0. 1. 0.
1. -0. 0. -0.001 0. 1. 0. -0.001 0. 0. 1. 0.
1. 0.000 0. -0.003 -0.000 1. 0. -0.004 0. 0. 1. 0.
1. -0. 0. -0.004 0. 1. 0. -0.001 0. 0. 1. 0.
1. 0.000 0. -0.001 -0.000 1. 0. -0.007 0. 0. 1. 0.
1. 0.000 0. -0.003 -0.000 1. 0. -0.003 0. 0. 1. 0.
1. 0. 0. -0.003 -0. 1. 0. -0.005 0. 0. 1. 0.
1. -0. 0. -0.000 0. 1. 0. -0.003 0. 0. 1. 0.
1. 0.000 0. -0.005 -0.000 1. 0. -0.005 0. 0. 1. 0.
1. 0. 0. -0.004 -0. 1. 0. -0.003 0. 0. 1. 0.
1. 0. 0. -0.004 -0. 1. 0. -0.004 0. 0. 1. 0.
1. 0.000 0. -0.001 -0.000 1. 0. -0.007 0. 0. 1. 0.
1. 0. 0. -0.002 -0. 1. 0. -0.003 0. 0. 1. 0.
1. -0. 0. -0.004 0. 1. 0. -0.002 0. 0. 1. 0.
1. -0.000 0. -0.002 0.000 1. 0. -0.001 0. 0. 1. 0.
1. 0.000 0. -0.005 -0.000 1. 0. -0.005 0. 0. 1. 0.
1. 0. 0. -0.003 -0. 1. 0. -0.008 0. 0. 1. 0.
1. 0.000 0. -0.002 -0.000 1. 0. -0.002 0. 0. 1. 0.
1. 0.000 0. -0.001 -0.000 1. 0. -0.001 0. 0. 1. 0.
1. 0. 0. -0.001 -0. 1. 0. -0.003 0. 0. 1. 0.
1. -0. 0. -0.004 0. 1. 0. -0.004 0. 0. 1. 0.
1. 0.000 0. -0.004 -0.000 1. 0. -0.006 0. 0. 1. 0.
1. -0. 0. -0.002 0. 1. 0. -0.002 0. 0. 1. 0.
1. 0.000 0. -0.007 -0.000 1. 0. -0.000 0. 0. 1. 0.
1. 0.000 0. -0.004 -0.000 1. 0. -0.006 0. 0. 1. 0.
1. 0. 0. -0.003 -0. 1. 0. -0.003 0. 0. 1. 0.
1. 0.000 0. -0.006 -0.000 1. 0. -0.005 0. 0. 1. 0.
1. 0.000 0. -0.005 -0.000 1. 0. -0.006 0. 0. 1. 0.
1. 0.000 0. -0.004 -0.000 1. 0. -0.006 0. 0. 1. 0.
1. 0.000 0. -0.004 -0.000 1. 0. -0.006 0. 0. 1. 0.
1. 0.000 0. -0.003 -0.000 1. 0. -0.004 0. 0. 1. 0.
1. 0. 0. 0.000 -0. 1. 0. 0.002 0. 0. 1. 0.
1. 0.000 0. -0.004 -0.000 1. 0. -0.006 0. 0. 1. 0.
1. 0. 0. -0.004 -0. 1. 0. -0.003 0. 0. 1. 0.
1. 0. 0. -0.004 -0. 1. 0. -0.006 0. 0. 1. 0.
1. 0.000 0. -0.002 -0.000 1. 0. -0.003 0. 0. 1. 0.
1. -0. 0. -0.003 0. 1. 0. -0.003 0. 0. 1. 0.
1. -0.000 0. -0.003 0.000 1. 0. -0.004 0. 0. 1. 0.
1. 0.000 0. -0.006 -0.000 1. 0. 0.003 0. 0. 1. 0.
1. -0. 0. -0.001 0. 1. 0. -0.002 0. 0. 1. 0.
1. 0.000 0. 0.001 -0.000 1. 0. 0.006 0. 0. 1. 0.
1. 0.000 0. 0.002 -0.000 1. 0. 0.005 0. 0. 1. 0.
1. -0. 0. -0.000 0. 1. 0. 0.006 0. 0. 1. 0.
1. -0. 0. -0.001 0. 1. 0. 0.007 0. 0. 1. 0.
1. 0. 0. -0.003 -0. 1. 0. -0.002 0. 0. 1. 0.
1. 0.000 0. -0.000 -0.000 1. 0. -0.004 0. 0. 1. 0.
1. 0. 0. -0.004 -0. 1. 0. -0.002 0. 0. 1. 0.
1. 0. 0. -0.003 -0. 1. 0. 0.002 0. 0. 1. 0.
1. -0. 0. -0.005 0. 1. 0. 0.002 0. 0. 1. 0.
1. -0. 0. -0.001 0. 1. 0. 0.004 0. 0. 1. 0.
1. 0.000 0. -0.005 -0.000 1. 0. -0.004 0. 0. 1. 0.
1. -0.000 0. -0.002 0.000 1. 0. -0.002 0. 0. 1. 0.
1. -0. 0. -0.001 0. 1. 0. -0.001 0. 0. 1. 0.
1. 0. 0. -0.003 -0. 1. 0. 0.002 0. 0. 1. 0.
1. 0. 0. -0.005 -0. 1. 0. -0.003 0. 0. 1. 0.
1. 0. 0. -0.003 -0. 1. 0. -0.001 0. 0. 1. 0.
1. -0. 0. -0.002 0. 1. 0. 0.002 0. 0. 1. 0.
1. -0.000 0. 0.002 0.000 1. 0. 0.003 0. 0. 1. 0.
1. -0. 0. -0.003 0. 1. 0. -0.002 0. 0. 1. 0.
1. -0. 0. -0.004 0. 1. 0. 0.002 0. 0. 1. 0.
1. -0. 0. -0.000 0. 1. 0. -0.000 0. 0. 1. 0.
1. -0. 0. -0.002 0. 1. 0. -0.002 0. 0. 1. 0.
1. -0.000 0. -0.002 0.000 1. 0. -0.001 0. 0. 1. 0.
1. -0.000 0. -0.001 0.000 1. 0. -0.000 0. 0. 1. 0.
1. -0.000 0. -0.003 0.000 1. 0. 0.001 0. 0. 1. 0.
1. 0. 0. -0.001 -0. 1. 0. -0.004 0. 0. 1. 0.
1. 0.000 0. -0.001 -0.000 1. 0. -0.003 0. 0. 1. 0.
1. -0. 0. -0.003 0. 1. 0. -0.000 0. 0. 1. 0.
1. 0. 0. -0.003 -0. 1. 0. -0. 0. 0. 1. 0.
1. 0. 0. -0.001 -0. 1. 0. -0.003 0. 0. 1. 0.
1. 0.000 0. -0.003 -0.000 1. 0. -0.003 0. 0. 1. 0.
1. 0.000 0. -0.001 -0.000 1. 0. -0.003 0. 0. 1. 0.
1. 0. 0. -0.002 -0. 1. 0. -0.003 0. 0. 1. 0.
1. 0. 0. -0.004 -0. 1. 0. -0.003 0. 0. 1. 0.
1. 0. 0. -0.005 -0. 1. 0. -0.002 0. 0. 1. 0.
1. -0. 0. -0.003 0. 1. 0. 0.002 0. 0. 1. 0.
1. 0. 0. -0.005 -0. 1. 0. 0.001 0. 0. 1. 0.
1. 0. 0. -0.003 -0. 1. 0. 0.000 0. 0. 1. 0.
1. 0.000 0. -0.002 -0.000 1. 0. -0.003 0. 0. 1. 0.
1. 0.000 0. -0.003 -0.000 1. 0. 0.004 0. 0. 1. 0.
1. -0.000 0. -0.001 0.000 1. 0. 0.004 0. 0. 1. 0.
1. -0.000 0. -0.003 0.000 1. 0. 0.003 0. 0. 1. 0.
1. -0.000 0. -0.001 0.000 1. 0. -0.003 0. 0. 1. 0.
1. -0. 0. -0.001 0. 1. 0. -0.002 0. 0. 1. 0.
1. -0.000 0. -0.001 0.000 1. 0. 0.003 0. 0. 1. 0.
1. -0. 0. -0.003 0. 1. 0. 0.000 0. 0. 1. 0.
1. 0.000 0. -0.002 -0.000 1. 0. 0.000 0. 0. 1. 0.
1. 0. 0. -0.003 -0. 1. 0. -0.001 0. 0. 1. 0.
1. -0. 0. -0.002 0. 1. 0. -0.003 0. 0. 1. 0.
1. 0.000 0. -0.002 -0.000 1. 0. -0.006 0. 0. 1. 0.
1. 0.000 0. -0.002 -0.000 1. 0. -0.002 0. 0. 1. 0.
1. 0. 0. -0.002 -0. 1. 0. -0.000 0. 0. 1. 0.
1. 0.000 0. -0.002 -0.000 1. 0. -0.007 0. 0. 1. 0.
1. -0. 0. -0.002 0. 1. 0. -0.006 0. 0. 1. 0.
1. 0. 0. -0.002 -0. 1. 0. -0.010 0. 0. 1. 0.
1. 0. 0. -0.005 -0. 1. 0. -0.004 0. 0. 1. 0.
1. -0. 0. -0.002 0. 1. 0. -0.002 0. 0. 1. 0.
1. 0. 0. 0.001 -0. 1. 0. -0.001 0. 0. 1. 0.
1. -0. 0. 0.002 0. 1. 0. -0.004 0. 0. 1. 0.
1. -0.000 0. 0.001 0.000 1. 0. -0.001 0. 0. 1. 0.
1. 0. 0. -0.002 -0. 1. 0. -0.006 0. 0. 1. 0.
1. -0. 0. 0.001 0. 1. 0. -0.005 0. 0. 1. 0.
1. 0. 0. -0.003 -0. 1. 0. -0.005 0. 0. 1. 0.
1. -0.000 0. 0.002 0.000 1. 0. -0.001 0. 0. 1. 0.
1. -0.000 0. 0.004 0.000 1. 0. -0.003 0. 0. 1. 0.
1. -0.000 0. 0.003 0.000 1. 0. -0.003 0. 0. 1. 0.
1. -0.000 0. -0.002 0.000 1. 0. -0.007 0. 0. 1. 0.
1. -0. 0. -0.005 0. 1. 0. 0.002 0. 0. 1. 0.
1. -0. 0. -0.002 0. 1. 0. -0.002 0. 0. 1. 0.
1. 0. 0. -0.005 -0. 1. 0. 0.004 0. 0. 1. 0.
1. -0. 0. -0.003 0. 1. 0. -0.001 0. 0. 1. 0.
1. 0. 0. -0.005 -0. 1. 0. -0.003 0. 0. 1. 0.
1. 0. 0. -0.004 -0. 1. 0. 0.001 0. 0. 1. 0.
1. 0. 0. -0.001 -0. 1. 0. -0.005 0. 0. 1. 0.
1. -0. 0. -0.002 0. 1. 0. -0.003 0. 0. 1. 0.
1. 0. 0. -0.002 -0. 1. 0. -0.005 0. 0. 1. 0.
1. 0.000 0. -0.002 -0.000 1. 0. 0.000 0. 0. 1. 0.
1. 0.000 0. -0.002 -0.000 1. 0. -0.005 0. 0. 1. 0.
1. 0.000 0. -0.003 -0.000 1. 0. -0.004 0. 0. 1. 0.
1. 0.000 0. -0.001 -0.000 1. 0. -0.004 0. 0. 1. 0.
1. -0. 0. 0.001 0. 1. 0. -0. 0. 0. 1. 0.
1. -0. 0. -0.004 0. 1. 0. -0.008 0. 0. 1. 0.
1. -0.000 0. -0.002 0.000 1. 0. -0.002 0. 0. 1. 0.
1. 0.000 0. -0.002 -0.000 1. 0. -0.002 0. 0. 1. 0.
1. -0.000 0. 0.002 0.000 1. 0. -0.003 0. 0. 1. 0.
1. -0.000 0. -0.003 0.000 1. 0. -0.006 0. 0. 1. 0.
1. -0. 0. -0.004 0. 1. 0. 0.000 0. 0. 1. 0.
1. -0.000 0. -0.002 0.000 1. 0. -0.007 0. 0. 1. 0.
1. -0. 0. -0.002 0. 1. 0. -0.004 0. 0. 1. 0.
1. 0. 0. 0.001 -0. 1. 0. -0.003 0. 0. 1. 0.
1. 0. 0. -0.001 -0. 1. 0. 0.000 0. 0. 1. 0.
1. 0. 0. 0.002 -0. 1. 0. -0.006 0. 0. 1. 0.
1. 0.000 0. 0.006 -0.000 1. 0. -0.002 0. 0. 1. 0.
1. 0.000 0. 0.002 -0.000 1. 0. -0. 0. 0. 1. 0.
1. 0. 0. 0.004 -0. 1. 0. -0.003 0. 0. 1. 0.
1. 0.000 0. -0.004 -0.000 1. 0. -0.001 0. 0. 1. 0.
1. -0. 0. 0.002 0. 1. 0. -0.013 0. 0. 1. 0.
1. -0. 0. -0.005 0. 1. 0. 0.003 0. 0. 1. 0.
1. 0.000 0. 0.003 -0.000 1. 0. -0.010 0. 0. 1. 0.
1. 0.000 0. -0.003 -0.000 1. 0. -0.008 0. 0. 1. 0.
1. 0.000 0. -0.003 -0.000 1. 0. -0.008 0. 0. 1. 0.
1. 0.000 0. -0.001 -0.000 1. 0. -0.010 0. 0. 1. 0.
1. 0.000 0. -0.004 -0.000 1. 0. -0.003 0. 0. 1. 0.
1. -0. 0. 0.002 0. 1. 0. 0.001 0. 0. 1. 0.
1. 0.000 0. -0.008 -0.000 1. 0. -0.003 0. 0. 1. 0.
1. 0.000 0. -0.001 -0.000 1. 0. -0.005 0. 0. 1. 0.
1. -0. 0. -0.000 0. 1. 0. -0.005 0. 0. 1. 0.
1. 0.000 0. 0.003 -0.000 1. 0. -0.006 0. 0. 1. 0.
1. -0. 0. -0.002 0. 1. 0. -0.004 0. 0. 1. 0.
1. -0.000 0. -0.004 0.000 1. 0. -0.001 0. 0. 1. 0.
1. -0. 0. -0.004 0. 1. 0. -0.002 0. 0. 1. 0.
1. 0. 0. -0.003 -0. 1. 0. -0.008 0. 0. 1. 0.
1. -0.000 0. -0.004 0.000 1. 0. 0.003 0. 0. 1. 0.
1. -0. 0. -0.002 0. 1. 0. -0.000 0. 0. 1. 0.
1. 0. 0. 0.001 -0. 1. 0. -0.003 0. 0. 1. 0.
1. 0.000 0. -0.001 -0.000 1. 0. -0.002 0. 0. 1. 0.
1. 0. 0. -0.003 -0. 1. 0. -0.003 0. 0. 1. 0.
1. 0.000 0. -0.007 -0.000 1. 0. -0.002 0. 0. 1. 0.
1. -0.001 0. 0.001 0.001 1. 0. -0.002 0. 0. 1. 0.
1. -0.002 0. 0.017 0.002 1. 0. -0.009 0. 0. 1. 0.
1. -0.004 0. 0.039 0.004 1. 0. -0.020 0. 0. 1. 0.
1. -0.010 0. 0.075 0.010 1. 0. -0.005 0. 0. 1. 0.
1.000 -0.017 0. 0.153 0.017 1.000 0. 0.018 0. 0. 1. 0.
1.000 -0.030 0. 0.244 0.030 1.000 0. 0.020 0. 0. 1. 0.
0.999 -0.046 0. 0.382 0.046 0.999 0. -0.002 0. 0. 1. 0.
0.998 -0.070 0. 0.580 0.070 0.998 0. 0.031 0. 0. 1. 0.
0.995 -0.098 0. 0.792 0.098 0.995 0. 0.082 0. 0. 1. 0.
0.991 -0.133 0. 1.049 0.133 0.991 0. 0.156 0. 0. 1. 0.
0.986 -0.169 0. 1.361 0.169 0.986 0. 0.247 0. 0. 1. 0.
0.978 -0.208 0. 1.739 0.208 0.978 0. 0.309 0. 0. 1. 0.
0.970 -0.243 0. 2.178 0.243 0.970 0. 0.439 0. 0. 1. 0.
0.962 -0.273 0. 2.665 0.273 0.962 0. 0.589 0. 0. 1. 0.
0.956 -0.293 0. 3.230 0.293 0.956 0. 0.747 0. 0. 1. 0.
0.955 -0.295 0. 3.882 0.295 0.955 0. 0.926 0. 0. 1. 0.
0.959 -0.284 0. 4.594 0.284 0.959 0. 1.104 0. 0. 1. 0.
0.964 -0.266 0. 5.422 0.266 0.964 0. 1.336 0. 0. 1. 0.
0.971 -0.240 0. 6.294 0.240 0.971 0. 1.480 0. 0. 1. 0.
0.977 -0.214 0. 7.279 0.214 0.977 0. 1.717 0. 0. 1. 0.
0.982 -0.189 0. 8.326 0.189 0.982 0. 1.879 0. 0. 1. 0.
0.986 -0.169 0. 9.411 0.169 0.986 0. 2.032 0. 0. 1. 0.
0.989 -0.147 0. 10.614 0.147 0.989 0. 2.185 0. 0. 1. 0.
0.992 -0.124 0. 11.898 0.124 0.992 0. 2.305 0. 0. 1. 0.
0.994 -0.110 0. 13.258 0.110 0.994 0. 2.447 0. 0. 1. 0.
0.995 -0.097 0. 14.690 0.097 0.995 0. 2.526 0. 0. 1. 0.
0.996 -0.088 0. 16.162 0.088 0.996 0. 2.647 0. 0. 1. 0.
0.997 -0.076 0. 17.632 0.076 0.997 0. 2.751 0. 0. 1. 0.
0.998 -0.065 0. 19.248 0.065 0.998 0. 2.848 0. 0. 1. 0.
0.998 -0.058 0. 20.848 0.058 0.998 0. 2.872 0. 0. 1. 0.
0.999 -0.054 0. 22.498 0.054 0.999 0. 2.946 0. 0. 1. 0.
0.999 -0.050 0. 24.157 0.050 0.999 0. 3.018 0. 0. 1. 0.
0.999 -0.045 0. 25.865 0.045 0.999 0. 3.106 0. 0. 1. 0.
0.999 -0.041 0. 27.587 0.041 0.999 0. 3.126 0. 0. 1. 0.
0.999 -0.041 0. 29.331 0.041 0.999 0. 3.220 0. 0. 1. 0.
0.999 -0.047 0. 31.066 0.047 0.999 0. 3.253 0. 0. 1. 0.
0.999 -0.052 0. 32.852 0.052 0.999 0. 3.357 0. 0. 1. 0.
0.998 -0.058 0. 34.658 0.058 0.998 0. 3.431 0. 0. 1. 0.
0.998 -0.061 0. 36.452 0.061 0.998 0. 3.528 0. 0. 1. 0.
0.998 -0.060 0. 38.334 0.060 0.998 0. 3.578 0. 0. 1. 0.
0.998 -0.059 0. 40.202 0.059 0.998 0. 3.630 0. 0. 1. 0.
0.998 -0.061 0. 42.092 0.061 0.998 0. 3.716 0. 0. 1. 0.
0.998 -0.063 0. 43.998 0.063 0.998 0. 3.839 0. 0. 1. 0.
0.998 -0.069 0. 45.933 0.069 0.998 0. 3.887 0. 0. 1. 0.
0.997 -0.073 0. 47.843 0.073 0.997 0. 4.008 0. 0. 1. 0.
0.997 -0.078 0. 49.821 0.078 0.997 0. 4.177 0. 0. 1. 0.
0.997 -0.080 0. 51.794 0.080 0.997 0. 4.282 0. 0. 1. 0.
0.997 -0.081 0. 53.780 0.081 0.997 0. 4.420 0. 0. 1. 0.
0.997 -0.077 0. 55.776 0.077 0.997 0. 4.537 0. 0. 1. 0.
0.997 -0.072 0. 57.829 0.072 0.997 0. 4.605 0. 0. 1. 0.
0.998 -0.068 0. 59.827 0.068 0.998 0. 4.730 0. 0. 1. 0.
0.998 -0.065 0. 61.822 0.065 0.998 0. 4.805 0. 0. 1. 0.
0.998 -0.063 0. 63.881 0.063 0.998 0. 4.869 0. 0. 1. 0.
0.998 -0.060 0. 65.972 0.060 0.998 0. 4.928 0. 0. 1. 0.
0.999 -0.054 0. 67.991 0.054 0.999 0. 5.021 0. 0. 1. 0.
0.999 -0.049 0. 70.040 0.049 0.999 0. 5.130 0. 0. 1. 0.
0.999 -0.039 0. 72.048 0.039 0.999 0. 5.191 0. 0. 1. 0.
0.999 -0.034 0. 74.151 0.034 0.999 0. 5.193 0. 0. 1. 0.
1.000 -0.030 0. 76.209 0.030 1.000 0. 5.217 0. 0. 1. 0.
1.000 -0.024 0. 78.301 0.024 1.000 0. 5.221 0. 0. 1. 0.
1.000 -0.021 0. 80.359 0.021 1.000 0. 5.204 0. 0. 1. 0.
1.000 -0.017 0. 82.373 0.017 1.000 0. 5.252 0. 0. 1. 0.
1.000 -0.016 0. 84.535 0.016 1.000 0. 5.269 0. 0. 1. 0.
1.000 -0.018 0. 86.608 0.018 1.000 0. 5.244 0. 0. 1. 0.
1.000 -0.022 0. 88.645 0.022 1.000 0. 5.231 0. 0. 1. 0.
1.000 -0.025 0. 90.796 0.025 1.000 0. 5.283 0. 0. 1. 0.
1.000 -0.031 0. 92.790 0.031 1.000 0. 5.295 0. 0. 1. 0.
0.999 -0.037 0. 94.837 0.037 0.999 0. 5.334 0. 0. 1. 0.
0.999 -0.044 0. 96.956 0.044 0.999 0. 5.330 0. 0. 1. 0.
0.999 -0.050 0. 99.031 0.050 0.999 0. 5.487 0. 0. 1. 0.
0.998 -0.061 0. 101.059 0.061 0.998 0. 5.581 0. 0. 1. 0.
0.998 -0.067 0. 103.135 0.067 0.998 0. 5.645 0. 0. 1. 0.
0.997 -0.074 0. 105.174 0.074 0.997 0. 5.768 0. 0. 1. 0.
0.997 -0.080 0. 107.229 0.080 0.997 0. 5.857 0. 0. 1. 0.
0.996 -0.086 0. 109.307 0.086 0.996 0. 6.011 0. 0. 1. 0.
0.996 -0.089 0. 111.311 0.089 0.996 0. 6.177 0. 0. 1. 0.
0.996 -0.094 0. 113.338 0.094 0.996 0. 6.288 0. 0. 1. 0.
0.995 -0.098 0. 115.379 0.098 0.995 0. 6.499 0. 0. 1. 0.
0.995 -0.101 0. 117.396 0.101 0.995 0. 6.669 0. 0. 1. 0.
0.995 -0.102 0. 119.385 0.102 0.995 0. 6.861 0. 0. 1. 0.
0.994 -0.105 0. 121.384 0.105 0.994 0. 7.043 0. 0. 1. 0.
0.994 -0.105 0. 123.402 0.105 0.994 0. 7.205 0. 0. 1. 0.
0.995 -0.105 0. 125.424 0.105 0.995 0. 7.407 0. 0. 1. 0.
0.995 -0.102 0. 127.467 0.102 0.995 0. 7.559 0. 0. 1. 0.
0.995 -0.099 0. 129.490 0.099 0.995 0. 7.707 0. 0. 1. 0.
0.995 -0.095 0. 131.581 0.095 0.995 0. 7.859 0. 0. 1. 0.
0.996 -0.090 0. 133.608 0.090 0.996 0. 8.080 0. 0. 1. 0.
0.996 -0.085 0. 135.653 0.085 0.996 0. 8.237 0. 0. 1. 0.
0.997 -0.081 0. 137.767 0.081 0.997 0. 8.376 0. 0. 1. 0.
0.997 -0.080 0. 139.856 0.080 0.997 0. 8.457 0. 0. 1. 0.
0.997 -0.082 0. 141.927 0.082 0.997 0. 8.609 0. 0. 1. 0.
0.997 -0.083 0. 144.063 0.083 0.997 0. 8.778 0. 0. 1. 0.
0.997 -0.082 0. 146.156 0.082 0.997 0. 8.878 0. 0. 1. 0.
0.997 -0.083 0. 148.261 0.083 0.997 0. 9.037 0. 0. 1. 0.
0.997 -0.082 0. 150.361 0.082 0.997 0. 9.215 0. 0. 1. 0.
0.997 -0.082 0. 152.488 0.082 0.997 0. 9.353 0. 0. 1. 0.
0.997 -0.083 0. 154.593 0.083 0.997 0. 9.513 0. 0. 1. 0.
0.996 -0.084 0. 156.744 0.084 0.996 0. 9.668 0. 0. 1. 0.
0.996 -0.085 0. 158.919 0.085 0.996 0. 9.841 0. 0. 1. 0.
0.996 -0.087 0. 161.085 0.087 0.996 0. 9.992 0. 0. 1. 0.
0.996 -0.091 0. 163.255 0.091 0.996 0. 10.162 0. 0. 1. 0.
0.996 -0.092 0. 165.432 0.092 0.996 0. 10.333 0. 0. 1. 0.
0.996 -0.094 0. 167.641 0.094 0.996 0. 10.475 0. 0. 1. 0.
0.996 -0.094 0. 169.841 0.094 0.996 0. 10.661 0. 0. 1. 0.
0.995 -0.096 0. 172.083 0.096 0.995 0. 10.865 0. 0. 1. 0.
0.995 -0.098 0. 174.311 0.098 0.995 0. 11.021 0. 0. 1. 0.
0.995 -0.099 0. 176.507 0.099 0.995 0. 11.176 0. 0. 1. 0.
0.995 -0.099 0. 178.693 0.099 0.995 0. 11.365 0. 0. 1. 0.
0.995 -0.101 0. 180.880 0.101 0.995 0. 11.572 0. 0. 1. 0.
0.995 -0.102 0. 183.042 0.102 0.995 0. 11.770 0. 0. 1. 0.
0.995 -0.103 0. 185.161 0.103 0.995 0. 11.958 0. 0. 1. 0.
0.995 -0.105 0. 187.306 0.105 0.995 0. 12.115 0. 0. 1. 0.
0.995 -0.104 0. 189.434 0.104 0.995 0. 12.280 0. 0. 1. 0.
0.995 -0.104 0. 191.525 0.104 0.995 0. 12.450 0. 0. 1. 0.
0.995 -0.104 0. 193.569 0.104 0.995 0. 12.638 0. 0. 1. 0.
0.994 -0.106 0. 195.616 0.106 0.994 0. 12.820 0. 0. 1. 0.
0.994 -0.105 0. 197.649 0.105 0.994 0. 12.979 0. 0. 1. 0.
0.994 -0.106 0. 199.597 0.106 0.994 0. 13.170 0. 0. 1. 0.
0.994 -0.106 0. 201.533 0.106 0.994 0. 13.343 0. 0. 1. 0.
0.994 -0.106 0. 203.413 0.106 0.994 0. 13.530 0. 0. 1. 0.
0.994 -0.106 0. 205.239 0.106 0.994 0. 13.737 0. 0. 1. 0.
0.994 -0.106 0. 207.025 0.106 0.994 0. 13.888 0. 0. 1. 0.
0.994 -0.106 0. 208.748 0.106 0.994 0. 14.066 0. 0. 1. 0.
0.995 -0.105 0. 210.462 0.105 0.995 0. 14.227 0. 0. 1. 0.
0.995 -0.103 0. 212.106 0.103 0.995 0. 14.392 0. 0. 1. 0.
0.995 -0.101 0. 213.639 0.101 0.995 0. 14.538 0. 0. 1. 0.
0.995 -0.100 0. 215.114 0.100 0.995 0. 14.677 0. 0. 1. 0.
0.995 -0.099 0. 216.501 0.099 0.995 0. 14.749 0. 0. 1. 0.
0.995 -0.098 0. 217.803 0.098 0.995 0. 14.910 0. 0. 1. 0.
0.996 -0.094 0. 219.038 0.094 0.996 0. 14.958 0. 0. 1. 0.
0.995 -0.095 0. 220.230 0.095 0.995 0. 15.061 0. 0. 1. 0.
0.995 -0.095 0. 221.345 0.095 0.995 0. 15.135 0. 0. 1. 0.
0.995 -0.096 0. 222.351 0.096 0.995 0. 15.199 0. 0. 1. 0.
0.995 -0.099 0. 223.347 0.099 0.995 0. 15.294 0. 0. 1. 0.
0.995 -0.103 0. 224.313 0.103 0.995 0. 15.376 0. 0. 1. 0.
0.994 -0.109 0. 225.259 0.109 0.994 0. 15.462 0. 0. 1. 0.
0.994 -0.113 0. 226.164 0.113 0.994 0. 15.522 0. 0. 1. 0.
0.993 -0.118 0. 227.020 0.118 0.993 0. 15.690 0. 0. 1. 0.
0.993 -0.120 0. 227.922 0.120 0.993 0. 15.720 0. 0. 1. 0.
0.992 -0.126 0. 228.787 0.126 0.992 0. 15.853 0. 0. 1. 0.
0.991 -0.130 0. 229.658 0.130 0.991 0. 15.939 0. 0. 1. 0.
0.991 -0.134 0. 230.500 0.134 0.991 0. 16.053 0. 0. 1. 0.
0.990 -0.141 0. 231.352 0.141 0.990 0. 16.129 0. 0. 1. 0.
0.989 -0.146 0. 232.286 0.146 0.989 0. 16.257 0. 0. 1. 0.
0.988 -0.152 0. 233.172 0.152 0.988 0. 16.429 0. 0. 1. 0.
0.988 -0.157 0. 234.146 0.157 0.988 0. 16.547 0. 0. 1. 0.
0.987 -0.161 0. 235.019 0.161 0.987 0. 16.760 0. 0. 1. 0.
0.986 -0.169 0. 236.082 0.169 0.986 0. 16.830 0. 0. 1. 0.
0.985 -0.172 0. 237.071 0.172 0.985 0. 16.989 0. 0. 1. 0.
0.984 -0.180 0. 238.123 0.180 0.984 0. 17.174 0. 0. 1. 0.
0.983 -0.183 0. 239.047 0.183 0.983 0. 17.392 0. 0. 1. 0.
0.982 -0.186 0. 240.093 0.186 0.982 0. 17.549 0. 0. 1. 0.
0.982 -0.189 0. 241.153 0.189 0.982 0. 17.730 0. 0. 1. 0.
0.982 -0.189 0. 242.223 0.189 0.982 0. 17.940 0. 0. 1. 0.
0.982 -0.190 0. 243.326 0.190 0.982 0. 18.168 0. 0. 1. 0.
0.982 -0.188 0. 244.488 0.188 0.982 0. 18.373 0. 0. 1. 0.
0.982 -0.187 0. 245.677 0.187 0.982 0. 18.580 0. 0. 1. 0.
0.982 -0.189 0. 246.878 0.189 0.982 0. 18.760 0. 0. 1. 0.
0.982 -0.187 0. 248.103 0.187 0.982 0. 18.981 0. 0. 1. 0.
0.982 -0.187 0. 249.406 0.187 0.982 0. 19.208 0. 0. 1. 0.
0.982 -0.187 0. 250.694 0.187 0.982 0. 19.445 0. 0. 1. 0.
0.983 -0.183 0. 252.069 0.183 0.983 0. 19.645 0. 0. 1. 0.
0.983 -0.183 0. 253.386 0.183 0.983 0. 19.908 0. 0. 1. 0.
0.983 -0.186 0. 254.839 0.186 0.983 0. 20.120 0. 0. 1. 0.
0.983 -0.185 0. 256.250 0.185 0.983 0. 20.381 0. 0. 1. 0.
0.982 -0.188 0. 257.733 0.188 0.982 0. 20.642 0. 0. 1. 0.
0.982 -0.188 0. 259.240 0.188 0.982 0. 20.909 0. 0. 1. 0.
0.981 -0.192 0. 260.763 0.192 0.981 0. 21.206 0. 0. 1. 0.
0.981 -0.193 0. 262.304 0.193 0.981 0. 21.449 0. 0. 1. 0.
0.981 -0.194 0. 263.871 0.194 0.981 0. 21.799 0. 0. 1. 0.
0.981 -0.192 0. 265.457 0.192 0.981 0. 22.071 0. 0. 1. 0.
0.981 -0.193 0. 267.087 0.193 0.981 0. 22.385 0. 0. 1. 0.
0.981 -0.193 0. 268.699 0.193 0.981 0. 22.724 0. 0. 1. 0.
0.981 -0.194 0. 270.360 0.194 0.981 0. 23.034 0. 0. 1. 0.
0.981 -0.194 0. 272.038 0.194 0.981 0. 23.360 0. 0. 1. 0.
0.981 -0.192 0. 273.731 0.192 0.981 0. 23.637 0. 0. 1. 0.
0.981 -0.193 0. 275.470 0.193 0.981 0. 24.022 0. 0. 1. 0.
0.981 -0.196 0. 277.322 0.196 0.981 0. 24.305 0. 0. 1. 0.
0.980 -0.197 0. 279.085 0.197 0.980 0. 24.650 0. 0. 1. 0.
0.980 -0.200 0. 280.861 0.200 0.980 0. 25.032 0. 0. 1. 0.
0.980 -0.200 0. 282.627 0.200 0.980 0. 25.358 0. 0. 1. 0.
0.980 -0.201 0. 284.366 0.201 0.980 0. 25.747 0. 0. 1. 0.
0.979 -0.203 0. 286.168 0.203 0.979 0. 26.067 0. 0. 1. 0.
0.980 -0.201 0. 287.941 0.201 0.980 0. 26.380 0. 0. 1. 0.
0.979 -0.203 0. 289.690 0.203 0.979 0. 26.688 0. 0. 1. 0.
0.979 -0.204 0. 291.565 0.204 0.979 0. 27.077 0. 0. 1. 0.
0.978 -0.206 0. 293.350 0.206 0.978 0. 27.409 0. 0. 1. 0.
0.978 -0.208 0. 295.162 0.208 0.978 0. 27.741 0. 0. 1. 0.
0.978 -0.208 0. 296.904 0.208 0.978 0. 28.071 0. 0. 1. 0.
0.978 -0.208 0. 298.621 0.208 0.978 0. 28.407 0. 0. 1. 0.
0.978 -0.209 0. 300.389 0.209 0.978 0. 28.703 0. 0. 1. 0.
0.978 -0.209 0. 302.122 0.209 0.978 0. 29.062 0. 0. 1. 0.
0.978 -0.209 0. 303.825 0.209 0.978 0. 29.449 0. 0. 1. 0.
0.979 -0.206 0. 305.580 0.206 0.979 0. 29.768 0. 0. 1. 0.
0.980 -0.200 0. 307.367 0.200 0.980 0. 30.074 0. 0. 1. 0.
0.980 -0.198 0. 309.167 0.198 0.980 0. 30.392 0. 0. 1. 0.
0.981 -0.195 0. 311.000 0.195 0.981 0. 30.701 0. 0. 1. 0.
0.982 -0.190 0. 312.815 0.190 0.982 0. 31.091 0. 0. 1. 0.
0.982 -0.190 0. 314.664 0.190 0.982 0. 31.350 0. 0. 1. 0.
0.982 -0.188 0. 316.494 0.188 0.982 0. 31.745 0. 0. 1. 0.
0.983 -0.186 0. 318.435 0.186 0.983 0. 32.021 0. 0. 1. 0.
0.982 -0.187 0. 320.308 0.187 0.982 0. 32.415 0. 0. 1. 0.
0.982 -0.188 0. 322.256 0.188 0.982 0. 32.731 0. 0. 1. 0.
0.983 -0.186 0. 324.155 0.186 0.983 0. 33.051 0. 0. 1. 0.
0.983 -0.182 0. 326.017 0.182 0.983 0. 33.359 0. 0. 1. 0.
0.984 -0.176 0. 327.840 0.176 0.984 0. 33.626 0. 0. 1. 0.
0.985 -0.172 0. 329.692 0.172 0.985 0. 33.887 0. 0. 1. 0.
0.985 -0.170 0. 331.408 0.170 0.985 0. 34.111 0. 0. 1. 0.
0.986 -0.167 0. 333.081 0.167 0.986 0. 34.436 0. 0. 1. 0.
0.986 -0.166 0. 334.693 0.166 0.986 0. 34.632 0. 0. 1. 0.
0.986 -0.164 0. 336.174 0.164 0.986 0. 34.999 0. 0. 1. 0.
0.987 -0.161 0. 337.655 0.161 0.987 0. 35.145 0. 0. 1. 0.
0.988 -0.157 0. 339.037 0.157 0.988 0. 35.337 0. 0. 1. 0.
0.988 -0.154 0. 340.381 0.154 0.988 0. 35.551 0. 0. 1. 0.
0.988 -0.151 0. 341.627 0.151 0.988 0. 35.734 0. 0. 1. 0.
0.989 -0.150 0. 342.819 0.150 0.989 0. 35.939 0. 0. 1. 0.
0.989 -0.147 0. 343.988 0.147 0.989 0. 35.991 0. 0. 1. 0.
0.990 -0.144 0. 345.019 0.144 0.990 0. 36.188 0. 0. 1. 0.
0.990 -0.141 0. 346.060 0.141 0.990 0. 36.268 0. 0. 1. 0.
0.990 -0.138 0. 347.020 0.138 0.990 0. 36.346 0. 0. 1. 0.
0.991 -0.136 0. 347.897 0.136 0.991 0. 36.496 0. 0. 1. 0.
0.991 -0.133 0. 348.766 0.133 0.991 0. 36.593 0. 0. 1. 0.
0.991 -0.131 0. 349.562 0.131 0.991 0. 36.698 0. 0. 1. 0.
0.992 -0.128 0. 350.278 0.128 0.992 0. 36.758 0. 0. 1. 0.
0.992 -0.124 0. 350.960 0.124 0.992 0. 36.835 0. 0. 1. 0.
0.993 -0.121 0. 351.604 0.121 0.993 0. 36.883 0. 0. 1. 0.
0.993 -0.117 0. 352.191 0.117 0.993 0. 36.931 0. 0. 1. 0.
0.993 -0.114 0. 352.754 0.114 0.993 0. 37.001 0. 0. 1. 0.
0.994 -0.113 0. 353.292 0.113 0.994 0. 37.054 0. 0. 1. 0.
0.994 -0.111 0. 353.762 0.111 0.994 0. 37.096 0. 0. 1. 0.
0.994 -0.107 0. 354.194 0.107 0.994 0. 37.116 0. 0. 1. 0.
0.994 -0.105 0. 354.549 0.105 0.994 0. 37.137 0. 0. 1. 0.
0.994 -0.106 0. 354.824 0.106 0.994 0. 37.127 0. 0. 1. 0.
0.994 -0.105 0. 355.049 0.105 0.994 0. 37.182 0. 0. 1. 0.
0.994 -0.106 0. 355.215 0.106 0.994 0. 37.197 0. 0. 1. 0.
0.994 -0.107 0. 355.369 0.107 0.994 0. 37.225 0. 0. 1. 0.
0.994 -0.106 0. 355.455 0.106 0.994 0. 37.237 0. 0. 1. 0.
0.994 -0.106 0. 355.477 0.106 0.994 0. 37.233 0. 0. 1. 0.
0.994 -0.106 0. 355.530 0.106 0.994 0. 37.239 0. 0. 1. 0.
0.994 -0.106 0. 355.527 0.106 0.994 0. 37.234 0. 0. 1. 0.
0.994 -0.107 0. 355.540 0.107 0.994 0. 37.237 0. 0. 1. 0.
0.994 -0.106 0. 355.508 0.106 0.994 0. 37.224 0. 0. 1. 0.
0.994 -0.105 0. 355.512 0.105 0.994 0. 37.241 0. 0. 1. 0.
0.994 -0.106 0. 355.521 0.106 0.994 0. 37.237 0. 0. 1. 0.
0.994 -0.106 0. 355.522 0.106 0.994 0. 37.219 0. 0. 1. 0.
0.994 -0.107 0. 355.522 0.107 0.994 0. 37.229 0. 0. 1. 0.
0.994 -0.106 0. 355.535 0.106 0.994 0. 37.219 0. 0. 1. 0.
0.994 -0.106 0. 355.552 0.106 0.994 0. 37.245 0. 0. 1. 0.
0.994 -0.105 0. 355.541 0.105 0.994 0. 37.229 0. 0. 1. 0.
0.994 -0.106 0. 355.544 0.106 0.994 0. 37.234 0. 0. 1. 0.
0.994 -0.106 0. 355.545 0.106 0.994 0. 37.231 0. 0. 1. 0.
0.994 -0.106 0. 355.511 0.106 0.994 0. 37.216 0. 0. 1. 0.
0.994 -0.106 0. 355.534 0.106 0.994 0. 37.226 0. 0. 1. 0.
0.994 -0.105 0. 355.542 0.105 0.994 0. 37.228 0. 0. 1. 0.
0.994 -0.106 0. 355.547 0.106 0.994 0. 37.215 0. 0. 1. 0.
0.994 -0.105 0. 355.536 0.105 0.994 0. 37.215 0. 0. 1. 0.
0.994 -0.105 0. 355.538 0.105 0.994 0. 37.216 0. 0. 1. 0.
0.994 -0.106 0. 355.520 0.106 0.994 0. 37.227 0. 0. 1. 0.
0.994 -0.107 0. 355.527 0.107 0.994 0. 37.224 0. 0. 1. 0.
0.994 -0.105 0. 355.522 0.105 0.994 0. 37.213 0. 0. 1. 0.
0.994 -0.106 0. 355.520 0.106 0.994 0. 37.203 0. 0. 1. 0.
0.994 -0.106 0. 355.514 0.106 0.994 0. 37.229 0. 0. 1. 0.
0.994 -0.106 0. 355.513 0.106 0.994 0. 37.213 0. 0. 1. 0.
0.994 -0.106 0. 355.527 0.106 0.994 0. 37.211 0. 0. 1. 0.
0.994 -0.106 0. 355.536 0.106 0.994 0. 37.225 0. 0. 1. 0.
0.994 -0.106 0. 355.527 0.106 0.994 0. 37.223 0. 0. 1. 0.
0.994 -0.106 0. 355.528 0.106 0.994 0. 37.239 0. 0. 1. 0.
0.994 -0.106 0. 355.528 0.106 0.994 0. 37.236 0. 0. 1. 0.
0.994 -0.106 0. 355.530 0.106 0.994 0. 37.224 0. 0. 1. 0.
0.994 -0.106 0. 355.509 0.106 0.994 0. 37.232 0. 0. 1. 0.
0.994 -0.106 0. 355.529 0.106 0.994 0. 37.222 0. 0. 1. 0.
0.994 -0.106 0. 355.523 0.106 0.994 0. 37.229 0. 0. 1. 0.
0.994 -0.107 0. 355.517 0.107 0.994 0. 37.236 0. 0. 1. 0.
0.994 -0.107 0. 355.530 0.107 0.994 0. 37.239 0. 0. 1. 0.
0.994 -0.107 0. 355.522 0.107 0.994 0. 37.243 0. 0. 1. 0.
0.994 -0.107 0. 355.526 0.107 0.994 0. 37.235 0. 0. 1. 0.
0.994 -0.106 0. 355.525 0.106 0.994 0. 37.224 0. 0. 1. 0.
0.994 -0.107 0. 355.513 0.107 0.994 0. 37.227 0. 0. 1. 0.
0.994 -0.108 0. 355.521 0.108 0.994 0. 37.247 0. 0. 1. 0.
0.994 -0.108 0. 355.502 0.108 0.994 0. 37.244 0. 0. 1. 0.
0.994 -0.107 0. 355.530 0.107 0.994 0. 37.232 0. 0. 1. 0.
0.994 -0.107 0. 355.529 0.107 0.994 0. 37.225 0. 0. 1. 0.
0.994 -0.107 0. 355.549 0.107 0.994 0. 37.242 0. 0. 1. 0.
0.994 -0.106 0. 355.518 0.106 0.994 0. 37.232 0. 0. 1. 0.
0.994 -0.106 0. 355.537 0.106 0.994 0. 37.234 0. 0. 1. 0.
0.994 -0.106 0. 355.535 0.106 0.994 0. 37.244 0. 0. 1. 0.
0.994 -0.106 0. 355.528 0.106 0.994 0. 37.227 0. 0. 1. 0.
0.994 -0.106 0. 355.530 0.106 0.994 0. 37.223 0. 0. 1. 0.
0.994 -0.106 0. 355.519 0.106 0.994 0. 37.211 0. 0. 1. 0.
0.994 -0.107 0. 355.515 0.107 0.994 0. 37.220 0. 0. 1. 0.
0.994 -0.106 0. 355.528 0.106 0.994 0. 37.222 0. 0. 1. 0.
0.994 -0.106 0. 355.513 0.106 0.994 0. 37.210 0. 0. 1. 0.
0.994 -0.106 0. 355.543 0.106 0.994 0. 37.222 0. 0. 1. 0.
0.994 -0.107 0. 355.511 0.107 0.994 0. 37.222 0. 0. 1. 0.
0.994 -0.107 0. 355.513 0.107 0.994 0. 37.259 0. 0. 1. 0.
0.994 -0.107 0. 355.532 0.107 0.994 0. 37.241 0. 0. 1. 0.
0.994 -0.107 0. 355.523 0.107 0.994 0. 37.261 0. 0. 1. 0.
0.994 -0.106 0. 355.516 0.106 0.994 0. 37.251 0. 0. 1. 0.
0.994 -0.107 0. 355.521 0.107 0.994 0. 37.248 0. 0. 1. 0.
0.994 -0.107 0. 355.511 0.107 0.994 0. 37.247 0. 0. 1. 0.
0.994 -0.106 0. 355.537 0.106 0.994 0. 37.223 0. 0. 1. 0.
0.994 -0.106 0. 355.536 0.106 0.994 0. 37.217 0. 0. 1. 0.
0.994 -0.106 0. 355.518 0.106 0.994 0. 37.256 0. 0. 1. 0.
0.994 -0.106 0. 355.562 0.106 0.994 0. 37.227 0. 0. 1. 0.
0.994 -0.105 0. 355.538 0.105 0.994 0. 37.225 0. 0. 1. 0.
0.994 -0.106 0. 355.561 0.106 0.994 0. 37.225 0. 0. 1. 0.
0.994 -0.106 0. 355.606 0.106 0.994 0. 37.241 0. 0. 1. 0.
0.995 -0.105 0. 355.694 0.105 0.995 0. 37.234 0. 0. 1. 0.
0.994 -0.107 0. 355.869 0.107 0.994 0. 37.266 0. 0. 1. 0.
0.994 -0.108 0. 356.104 0.108 0.994 0. 37.251 0. 0. 1. 0.
0.994 -0.108 0. 356.425 0.108 0.994 0. 37.321 0. 0. 1. 0.
0.994 -0.107 0. 356.806 0.107 0.994 0. 37.312 0. 0. 1. 0.
0.994 -0.108 0. 357.289 0.108 0.994 0. 37.329 0. 0. 1. 0.
0.994 -0.107 0. 357.868 0.107 0.994 0. 37.420 0. 0. 1. 0.
0.994 -0.106 0. 358.524 0.106 0.994 0. 37.396 0. 0. 1. 0.
0.995 -0.101 0. 359.220 0.101 0.995 0. 37.472 0. 0. 1. 0.
0.996 -0.094 0. 360.079 0.094 0.996 0. 37.523 0. 0. 1. 0.
0.996 -0.085 0. 360.985 0.085 0.996 0. 37.591 0. 0. 1. 0.
0.997 -0.075 0. 362.005 0.075 0.997 0. 37.639 0. 0. 1. 0.
0.998 -0.068 0. 363.102 0.068 0.998 0. 37.644 0. 0. 1. 0.
0.998 -0.058 0. 364.283 0.058 0.998 0. 37.724 0. 0. 1. 0.
0.999 -0.053 0. 365.554 0.053 0.999 0. 37.762 0. 0. 1. 0.
0.999 -0.050 0. 366.906 0.050 0.999 0. 37.780 0. 0. 1. 0.
0.999 -0.047 0. 368.324 0.047 0.999 0. 37.853 0. 0. 1. 0.
0.999 -0.040 0. 369.794 0.040 0.999 0. 37.906 0. 0. 1. 0.
0.999 -0.036 0. 371.387 0.036 0.999 0. 37.922 0. 0. 1. 0.
1.000 -0.030 0. 373.006 0.030 1.000 0. 37.914 0. 0. 1. 0.
1.000 -0.028 0. 374.695 0.028 1.000 0. 37.950 0. 0. 1. 0.
1.000 -0.026 0. 376.428 0.026 1.000 0. 37.954 0. 0. 1. 0.
1.000 -0.026 0. 378.215 0.026 1.000 0. 37.987 0. 0. 1. 0.
1.000 -0.027 0. 380.005 0.027 1.000 0. 38.003 0. 0. 1. 0.
1.000 -0.028 0. 381.857 0.028 1.000 0. 38.049 0. 0. 1. 0.
1.000 -0.031 0. 383.743 0.031 1.000 0. 38.109 0. 0. 1. 0.
0.999 -0.036 0. 385.621 0.036 0.999 0. 38.105 0. 0. 1. 0.
0.999 -0.036 0. 387.530 0.036 0.999 0. 38.205 0. 0. 1. 0.
0.999 -0.039 0. 389.466 0.039 0.999 0. 38.246 0. 0. 1. 0.
0.999 -0.042 0. 391.470 0.042 0.999 0. 38.252 0. 0. 1. 0.
0.999 -0.042 0. 393.478 0.042 0.999 0. 38.320 0. 0. 1. 0.
0.999 -0.046 0. 395.472 0.046 0.999 0. 38.385 0. 0. 1. 0.
0.999 -0.051 0. 397.525 0.051 0.999 0. 38.489 0. 0. 1. 0.
0.998 -0.057 0. 399.582 0.057 0.998 0. 38.541 0. 0. 1. 0.
0.998 -0.062 0. 401.706 0.062 0.998 0. 38.681 0. 0. 1. 0.
0.998 -0.067 0. 403.810 0.067 0.998 0. 38.765 0. 0. 1. 0.
0.997 -0.071 0. 405.924 0.071 0.997 0. 38.882 0. 0. 1. 0.
0.997 -0.076 0. 408.007 0.076 0.997 0. 39.070 0. 0. 1. 0.
0.997 -0.079 0. 410.121 0.079 0.997 0. 39.172 0. 0. 1. 0.
0.997 -0.081 0. 412.190 0.081 0.997 0. 39.275 0. 0. 1. 0.
0.997 -0.083 0. 414.276 0.083 0.997 0. 39.420 0. 0. 1. 0.
0.996 -0.086 0. 416.380 0.086 0.996 0. 39.580 0. 0. 1. 0.
0.996 -0.088 0. 418.442 0.088 0.996 0. 39.747 0. 0. 1. 0.
0.996 -0.091 0. 420.581 0.091 0.996 0. 39.909 0. 0. 1. 0.
0.996 -0.093 0. 422.704 0.093 0.996 0. 40.070 0. 0. 1. 0.
0.995 -0.095 0. 424.775 0.095 0.995 0. 40.249 0. 0. 1. 0.
0.995 -0.097 0. 426.864 0.097 0.995 0. 40.390 0. 0. 1. 0.
0.995 -0.100 0. 428.922 0.100 0.995 0. 40.581 0. 0. 1. 0.
0.995 -0.103 0. 430.976 0.103 0.995 0. 40.758 0. 0. 1. 0.
0.995 -0.104 0. 433.061 0.104 0.995 0. 40.942 0. 0. 1. 0.
0.995 -0.104 0. 435.109 0.104 0.995 0. 41.113 0. 0. 1. 0.
0.994 -0.105 0. 437.180 0.105 0.994 0. 41.297 0. 0. 1. 0.
0.994 -0.105 0. 439.252 0.105 0.994 0. 41.501 0. 0. 1. 0.
0.994 -0.105 0. 441.308 0.105 0.994 0. 41.686 0. 0. 1. 0.
0.994 -0.108 0. 443.357 0.108 0.994 0. 41.857 0. 0. 1. 0.
0.994 -0.108 0. 445.365 0.108 0.994 0. 42.066 0. 0. 1. 0.
0.994 -0.108 0. 447.359 0.108 0.994 0. 42.230 0. 0. 1. 0.
0.994 -0.107 0. 449.297 0.107 0.994 0. 42.399 0. 0. 1. 0.
0.994 -0.106 0. 451.224 0.106 0.994 0. 42.540 0. 0. 1. 0.
0.995 -0.104 0. 453.101 0.104 0.995 0. 42.750 0. 0. 1. 0.
0.995 -0.103 0. 454.897 0.103 0.995 0. 42.943 0. 0. 1. 0.
0.995 -0.102 0. 456.594 0.102 0.995 0. 43.057 0. 0. 1. 0.
0.995 -0.100 0. 458.217 0.100 0.995 0. 43.212 0. 0. 1. 0.
0.995 -0.095 0. 459.761 0.095 0.995 0. 43.318 0. 0. 1. 0.
0.996 -0.086 0. 461.206 0.086 0.996 0. 43.437 0. 0. 1. 0.
0.998 -0.070 0. 462.585 0.070 0.998 0. 43.463 0. 0. 1. 0.
0.999 -0.043 0. 463.851 0.043 0.999 0. 43.490 0. 0. 1. 0.
1. -0.012 0. 465.042 0.012 1. 0. 43.484 0. 0. 1. 0.
1.000 0.024 0. 466.137 -0.024 1.000 0. 43.389 0. 0. 1. 0.
0.998 0.069 0. 467.111 -0.069 0.998 0. 43.283 0. 0. 1. 0.
0.993 0.121 0. 468.042 -0.121 0.993 0. 43.114 0. 0. 1. 0.
0.984 0.178 0. 468.874 -0.178 0.984 0. 42.899 0. 0. 1. 0.
0.972 0.235 0. 469.590 -0.235 0.972 0. 42.696 0. 0. 1. 0.
0.957 0.290 0. 470.276 -0.290 0.957 0. 42.436 0. 0. 1. 0.
0.939 0.345 0. 470.823 -0.345 0.939 0. 42.138 0. 0. 1. 0.
0.919 0.394 0. 471.347 -0.394 0.919 0. 41.785 0. 0. 1. 0.
0.900 0.435 0. 471.806 -0.435 0.900 0. 41.516 0. 0. 1. 0.
0.881 0.473 0. 472.211 -0.473 0.881 0. 41.273 0. 0. 1. 0.
0.863 0.506 0. 472.510 -0.506 0.863 0. 41.014 0. 0. 1. 0.
0.846 0.533 0. 472.775 -0.533 0.846 0. 40.802 0. 0. 1. 0.
0.833 0.554 0. 472.975 -0.554 0.833 0. 40.602 0. 0. 1. 0.
0.821 0.571 0. 473.148 -0.571 0.821 0. 40.505 0. 0. 1. 0.
0.809 0.588 0. 473.318 -0.588 0.809 0. 40.353 0. 0. 1. 0.
0.795 0.606 0. 473.466 -0.606 0.795 0. 40.207 0. 0. 1. 0.
0.779 0.627 0. 473.663 -0.627 0.779 0. 40.026 0. 0. 1. 0.
0.760 0.650 0. 473.871 -0.650 0.760 0. 39.822 0. 0. 1. 0.
0.733 0.680 0. 474.064 -0.680 0.733 0. 39.622 0. 0. 1. 0.
0.694 0.720 0. 474.313 -0.720 0.694 0. 39.332 0. 0. 1. 0.
0.641 0.768 0. 474.594 -0.768 0.641 0. 38.929 0. 0. 1. 0.
0.572 0.820 0. 474.833 -0.820 0.572 0. 38.438 0. 0. 1. 0.
0.491 0.871 0. 475.023 -0.871 0.491 0. 37.872 0. 0. 1. 0.
0.392 0.920 0. 475.198 -0.920 0.392 0. 37.262 0. 0. 1. 0.
0.281 0.960 0. 475.324 -0.960 0.281 0. 36.542 0. 0. 1. 0.
0.158 0.987 0. 475.366 -0.987 0.158 0. 35.791 0. 0. 1. 0.
0.027 1.000 0. 475.289 -1.000 0.027 0. 34.939 0. 0. 1. 0.
-0.118 0.993 0. 475.069 -0.993 -0.118 0. 34.087 0. 0. 1. 0.
-0.262 0.965 0. 474.738 -0.965 -0.262 0. 33.073 0. 0. 1. 0.
-0.393 0.919 0. 474.237 -0.919 -0.393 0. 32.105 0. 0. 1. 0.
-0.509 0.861 0. 473.587 -0.861 -0.509 0. 31.252 0. 0. 1. 0.
-0.609 0.793 0. 472.818 -0.793 -0.609 0. 30.363 0. 0. 1. 0.
-0.687 0.727 0. 471.964 -0.727 -0.687 0. 29.478 0. 0. 1. 0.
-0.745 0.667 0. 470.942 -0.667 -0.745 0. 28.674 0. 0. 1. 0.
-0.785 0.620 0. 469.827 -0.620 -0.785 0. 27.843 0. 0. 1. 0.
-0.809 0.588 0. 468.632 -0.588 -0.809 0. 27.096 0. 0. 1. 0.
-0.826 0.564 0. 467.379 -0.564 -0.826 0. 26.282 0. 0. 1. 0.
-0.836 0.549 0. 466.092 -0.549 -0.836 0. 25.484 0. 0. 1. 0.
-0.845 0.535 0. 464.707 -0.535 -0.845 0. 24.661 0. 0. 1. 0.
-0.850 0.527 0. 463.266 -0.527 -0.850 0. 23.842 0. 0. 1. 0.
-0.854 0.520 0. 461.770 -0.520 -0.854 0. 22.999 0. 0. 1. 0.
-0.856 0.516 0. 460.260 -0.516 -0.856 0. 22.120 0. 0. 1. 0.
-0.859 0.512 0. 458.700 -0.512 -0.859 0. 21.284 0. 0. 1. 0.
-0.862 0.508 0. 457.077 -0.508 -0.862 0. 20.357 0. 0. 1. 0.
-0.864 0.503 0. 455.468 -0.503 -0.864 0. 19.424 0. 0. 1. 0.
-0.869 0.496 0. 453.741 -0.496 -0.869 0. 18.480 0. 0. 1. 0.
-0.871 0.491 0. 451.926 -0.491 -0.871 0. 17.518 0. 0. 1. 0.
-0.871 0.492 0. 450.148 -0.492 -0.871 0. 16.551 0. 0. 1. 0.
-0.871 0.491 0. 448.296 -0.491 -0.871 0. 15.569 0. 0. 1. 0.
-0.871 0.491 0. 446.451 -0.491 -0.871 0. 14.548 0. 0. 1. 0.
-0.871 0.491 0. 444.583 -0.491 -0.871 0. 13.582 0. 0. 1. 0.
-0.871 0.491 0. 442.700 -0.491 -0.871 0. 12.490 0. 0. 1. 0.
-0.873 0.488 0. 440.792 -0.488 -0.873 0. 11.508 0. 0. 1. 0.
-0.873 0.488 0. 438.841 -0.488 -0.873 0. 10.416 0. 0. 1. 0.
-0.875 0.484 0. 436.911 -0.484 -0.875 0. 9.384 0. 0. 1. 0.
-0.876 0.483 0. 434.957 -0.483 -0.876 0. 8.337 0. 0. 1. 0.
-0.877 0.481 0. 433.093 -0.481 -0.877 0. 7.349 0. 0. 1. 0.
-0.876 0.482 0. 431.195 -0.482 -0.876 0. 6.298 0. 0. 1. 0.
-0.876 0.481 0. 429.352 -0.481 -0.876 0. 5.304 0. 0. 1. 0.
-0.876 0.481 0. 427.530 -0.481 -0.876 0. 4.337 0. 0. 1. 0.
-0.876 0.482 0. 425.737 -0.482 -0.876 0. 3.410 0. 0. 1. 0.
-0.877 0.481 0. 423.988 -0.481 -0.877 0. 2.472 0. 0. 1. 0.
-0.878 0.478 0. 422.322 -0.478 -0.878 0. 1.555 0. 0. 1. 0.
-0.878 0.478 0. 420.653 -0.478 -0.878 0. 0.692 0. 0. 1. 0.
-0.879 0.476 0. 419.018 -0.476 -0.879 0. -0.121 0. 0. 1. 0.
-0.880 0.474 0. 417.429 -0.474 -0.880 0. -0.930 0. 0. 1. 0.
-0.880 0.475 0. 415.930 -0.475 -0.880 0. -1.796 0. 0. 1. 0.
-0.881 0.474 0. 414.444 -0.474 -0.881 0. -2.581 0. 0. 1. 0.
-0.880 0.474 0. 412.968 -0.474 -0.880 0. -3.364 0. 0. 1. 0.
-0.881 0.473 0. 411.468 -0.473 -0.881 0. -4.145 0. 0. 1. 0.
-0.882 0.472 0. 409.991 -0.472 -0.882 0. -4.937 0. 0. 1. 0.
-0.882 0.471 0. 408.482 -0.471 -0.882 0. -5.708 0. 0. 1. 0.
-0.883 0.470 0. 406.932 -0.470 -0.883 0. -6.485 0. 0. 1. 0.
-0.884 0.468 0. 405.410 -0.468 -0.884 0. -7.295 0. 0. 1. 0.
-0.884 0.467 0. 403.835 -0.467 -0.884 0. -8.083 0. 0. 1. 0.
-0.885 0.465 0. 402.231 -0.465 -0.885 0. -8.879 0. 0. 1. 0.
-0.886 0.464 0. 400.606 -0.464 -0.886 0. -9.713 0. 0. 1. 0.
-0.887 0.462 0. 398.937 -0.462 -0.887 0. -10.547 0. 0. 1. 0.
-0.888 0.460 0. 397.308 -0.460 -0.888 0. -11.412 0. 0. 1. 0.
-0.888 0.460 0. 395.586 -0.460 -0.888 0. -12.225 0. 0. 1. 0.
-0.889 0.457 0. 393.917 -0.457 -0.889 0. -13.081 0. 0. 1. 0.
-0.889 0.457 0. 392.184 -0.457 -0.889 0. -13.929 0. 0. 1. 0.
-0.891 0.455 0. 390.475 -0.455 -0.891 0. -14.778 0. 0. 1. 0.
-0.891 0.453 0. 388.731 -0.453 -0.891 0. -15.685 0. 0. 1. 0.
-0.892 0.453 0. 386.903 -0.453 -0.892 0. -16.537 0. 0. 1. 0.
-0.892 0.451 0. 385.123 -0.451 -0.892 0. -17.410 0. 0. 1. 0.
-0.892 0.451 0. 383.294 -0.451 -0.892 0. -18.284 0. 0. 1. 0.
-0.892 0.452 0. 381.502 -0.452 -0.892 0. -19.197 0. 0. 1. 0.
-0.893 0.450 0. 379.659 -0.450 -0.893 0. -20.092 0. 0. 1. 0.
-0.894 0.448 0. 377.778 -0.448 -0.894 0. -20.958 0. 0. 1. 0.
-0.895 0.446 0. 375.915 -0.446 -0.895 0. -21.827 0. 0. 1. 0.
-0.898 0.441 0. 374.042 -0.441 -0.898 0. -22.738 0. 0. 1. 0.
-0.901 0.434 0. 372.083 -0.434 -0.901 0. -23.585 0. 0. 1. 0.
-0.905 0.426 0. 370.218 -0.426 -0.905 0. -24.421 0. 0. 1. 0.
-0.909 0.418 0. 368.282 -0.418 -0.909 0. -25.327 0. 0. 1. 0.
-0.913 0.409 0. 366.288 -0.409 -0.913 0. -26.138 0. 0. 1. 0.
-0.917 0.399 0. 364.303 -0.399 -0.917 0. -26.930 0. 0. 1. 0.
-0.921 0.389 0. 362.338 -0.389 -0.921 0. -27.766 0. 0. 1. 0.
-0.925 0.380 0. 360.375 -0.380 -0.925 0. -28.588 0. 0. 1. 0.
-0.928 0.372 0. 358.408 -0.372 -0.928 0. -29.324 0. 0. 1. 0.
-0.930 0.367 0. 356.426 -0.367 -0.930 0. -30.027 0. 0. 1. 0.
-0.932 0.363 0. 354.448 -0.363 -0.932 0. -30.725 0. 0. 1. 0.
-0.933 0.360 0. 352.422 -0.360 -0.933 0. -31.463 0. 0. 1. 0.
-0.933 0.361 0. 350.529 -0.361 -0.933 0. -32.216 0. 0. 1. 0.
