1622750457382813 1.00000 0.00000 0.00000 -0.00000 0.00000 -1.00000 0.00000 0.00000 0.00000 -0.00000 -1.00000 0.00000
1622750457632817 1.00000 -0.00221 0.00000 -0.00032 -0.00221 -1.00000 0.00000 0.00998 -0.00000 -0.00000 -1.00000 0.00000
1622750457882824 1.00000 -0.00021 -0.00000 0.00262 -0.00021 -1.00000 0.00000 -0.01408 -0.00000 -0.00000 -1.00000 -0.00000
1622750458132860 1.00000 0.00098 0.00000 -0.00229 0.00098 -1.00000 0.00000 0.00293 0.00000 -0.00000 -1.00000 0.00000
1622750458383455 1.00000 0.00012 0.00000 -0.04149 0.00012 -1.00000 0.00000 0.05187 0.00000 -0.00000 -1.00000 0.00000
1622750458633459 0.99999 -0.00544 -0.00000 -0.01282 -0.00544 -0.99999 0.00000 0.02671 -0.00000 -0.00000 -1.00000 0.00000
1622750458882838 1.00000 0.00071 0.00000 0.00150 0.00071 -1.00000 0.00000 -0.00583 0.00000 -0.00000 -1.00000 -0.00000
1622750459132843 1.00000 -0.00261 0.00000 -0.02088 -0.00261 -1.00000 0.00000 0.04325 -0.00000 -0.00000 -1.00000 0.00000
1622750459382848 0.99999 -0.00494 -0.00000 -0.04606 -0.00494 -0.99999 0.00000 0.03846 -0.00000 -0.00000 -1.00000 0.00000
1622750459632849 0.99999 -0.00359 0.00000 0.00048 -0.00359 -0.99999 0.00000 -0.01315 -0.00000 -0.00000 -1.00000 -0.00000
1622750459882855 1.00000 0.00104 0.00000 -0.00134 0.00104 -1.00000 0.00000 -0.01425 0.00000 -0.00000 -1.00000 -0.00000
1622750460133481 1.00000 -0.00147 0.00000 -0.04326 -0.00147 -1.00000 0.00000 0.04460 -0.00000 -0.00000 -1.00000 0.00000
1622750460383486 0.99999 -0.00392 -0.00000 -0.00704 -0.00392 -0.99999 0.00000 -0.00141 -0.00000 -0.00000 -1.00000 -0.00000
1622750460633483 0.99998 -0.00559 0.00000 -0.00778 -0.00559 -0.99998 0.00000 0.01945 -0.00000 -0.00000 -1.00000 0.00000
1622750460883490 1.00000 -0.00140 0.00000 -0.00586 -0.00140 -1.00000 0.00000 -0.01765 -0.00000 -0.00000 -1.00000 -0.00000
1622750461133505 1.00000 -0.00233 0.00000 -0.07462 -0.00233 -1.00000 0.00000 0.04670 -0.00000 -0.00000 -1.00000 0.00000
1622750461382872 0.99999 -0.00500 0.00000 -0.15727 -0.00500 -0.99999 0.00000 -0.02226 -0.00000 -0.00000 -1.00000 -0.00000
1622750461632877 0.99986 -0.01657 0.00000 -0.20568 -0.01657 -0.99986 0.00000 0.00635 -0.00000 -0.00000 -1.00000 0.00000
1622750461882885 0.99942 -0.03408 0.00000 -0.30125 -0.03408 -0.99942 0.00000 0.00811 -0.00000 -0.00000 -1.00000 0.00000
1622750462132886 0.99853 -0.05421 0.00000 -0.44710 -0.05421 -0.99853 0.00000 -0.01669 -0.00000 -0.00000 -1.00000 -0.00000
1622750462382885 0.99707 -0.07653 -0.00000 -0.68837 -0.07653 -0.99707 0.00000 -0.05660 -0.00000 -0.00000 -1.00000 -0.00000
1622750462632891 0.99485 -0.10138 -0.00000 -1.03336 -0.10138 -0.99485 0.00000 -0.01816 -0.00000 -0.00000 -1.00000 -0.00000
1622750462882899 0.99081 -0.13528 0.00000 -1.45858 -0.13528 -0.99081 0.00000 0.00488 -0.00000 -0.00000 -1.00000 0.00000
1622750463133527 0.98435 -0.17620 0.00000 -2.00499 -0.17620 -0.98435 0.00000 0.05221 -0.00000 -0.00000 -1.00000 0.00000
1622750463383527 0.98097 -0.19416 0.00000 -2.58937 -0.19416 -0.98097 0.00000 -0.01650 -0.00000 -0.00000 -1.00000 -0.00000
1622750463633531 0.97979 -0.20004 0.00000 -3.24412 -0.20004 -0.97979 0.00000 -0.02761 -0.00000 -0.00000 -1.00000 -0.00000
1622750463883534 0.97941 -0.20188 0.00000 -4.06789 -0.20188 -0.97941 0.00000 -0.02018 -0.00000 -0.00000 -1.00000 -0.00000
1622750464133543 0.97920 -0.20292 0.00000 -4.94915 -0.20292 -0.97920 0.00000 0.05553 -0.00000 -0.00000 -1.00000 0.00000
1622750464382920 0.98143 -0.19180 -0.00000 -5.87859 -0.19180 -0.98143 0.00000 -0.06118 -0.00000 -0.00000 -1.00000 -0.00000
1622750464632925 0.98310 -0.18309 0.00000 -6.85468 -0.18309 -0.98310 0.00000 -0.06040 -0.00000 -0.00000 -1.00000 -0.00000
1622750464882924 0.98247 -0.18644 0.00000 -7.90880 -0.18644 -0.98247 0.00000 -0.01621 -0.00000 -0.00000 -1.00000 -0.00000
1622750465132929 0.98388 -0.17882 0.00000 -8.94817 -0.17882 -0.98388 0.00000 -0.16835 -0.00000 -0.00000 -1.00000 -0.00000
1622750465382936 0.98598 -0.16685 0.00000 -10.09176 -0.16685 -0.98598 0.00000 -0.27102 -0.00000 -0.00000 -1.00000 -0.00000
1622750465632941 0.98814 -0.15352 -0.00000 -11.25139 -0.15352 -0.98814 0.00000 -0.43602 -0.00000 -0.00000 -1.00000 -0.00000
1622750465882941 0.98994 -0.14147 0.00000 -12.45546 -0.14147 -0.98994 0.00000 -0.58372 -0.00000 -0.00000 -1.00000 -0.00000
1622750466133579 0.99077 -0.13552 0.00000 -13.69670 -0.13552 -0.99077 0.00000 -0.66058 -0.00000 -0.00000 -1.00000 -0.00000
1622750466383578 0.99198 -0.12640 0.00000 -14.99134 -0.12640 -0.99198 0.00000 -0.81349 -0.00000 -0.00000 -1.00000 -0.00000
1622750466632955 0.99482 -0.10167 0.00000 -16.40307 -0.10167 -0.99482 0.00000 -1.18637 -0.00000 -0.00000 -1.00000 -0.00000
1622750466883583 0.99641 -0.08463 0.00000 -17.71391 -0.08463 -0.99641 0.00000 -1.38592 -0.00000 -0.00000 -1.00000 -0.00000
1622750467134212 0.99753 -0.07030 -0.00000 -19.08298 -0.07030 -0.99753 0.00000 -1.60497 -0.00000 -0.00000 -1.00000 -0.00000
1622750467383594 0.99818 -0.06031 0.00000 -20.58530 -0.06031 -0.99818 0.00000 -1.92207 -0.00000 -0.00000 -1.00000 -0.00000
1622750467633593 0.99751 -0.07049 0.00000 -22.20726 -0.07049 -0.99751 0.00000 -1.71949 -0.00000 -0.00000 -1.00000 -0.00000
1622750467882975 0.99749 -0.07080 0.00000 -23.79583 -0.07080 -0.99749 0.00000 -1.82983 -0.00000 -0.00000 -1.00000 -0.00000
1622750468132982 0.99690 -0.07873 0.00000 -25.44652 -0.07873 -0.99690 0.00000 -1.58983 -0.00000 -0.00000 -1.00000 -0.00000
1622750468382359 0.99724 -0.07421 0.00000 -27.04712 -0.07421 -0.99724 0.00000 -1.82088 -0.00000 -0.00000 -1.00000 -0.00000
1622750468632361 0.99715 -0.07544 0.00000 -28.77763 -0.07544 -0.99715 0.00000 -1.91610 -0.00000 -0.00000 -1.00000 -0.00000
1622750468882989 0.99660 -0.08240 0.00000 -30.39567 -0.08240 -0.99660 0.00000 -1.66139 -0.00000 -0.00000 -1.00000 -0.00000
1622750469133002 0.99684 -0.07947 0.00000 -31.99444 -0.07947 -0.99684 0.00000 -1.75459 -0.00000 -0.00000 -1.00000 -0.00000
1622750469382373 0.99633 -0.08558 0.00000 -33.70825 -0.08558 -0.99633 0.00000 -1.65976 -0.00000 -0.00000 -1.00000 -0.00000
1622750469632380 0.99502 -0.09971 0.00000 -35.21855 -0.09971 -0.99502 0.00000 -1.14757 -0.00000 -0.00000 -1.00000 -0.00000
1622750469882380 0.99599 -0.08947 -0.00000 -36.86561 -0.08947 -0.99599 0.00000 -1.55112 -0.00000 -0.00000 -1.00000 -0.00000
1622750470131756 0.99735 -0.07273 0.00000 -38.38750 -0.07273 -0.99735 0.00000 -2.26407 -0.00000 -0.00000 -1.00000 -0.00000
1622750470383016 0.99893 -0.04633 -0.00000 -40.00159 -0.04633 -0.99893 0.00000 -3.25818 -0.00000 -0.00000 -1.00000 -0.00000
1622750470633642 0.99970 -0.02448 0.00000 -41.58384 -0.02448 -0.99970 0.00000 -4.00200 -0.00000 -0.00000 -1.00000 -0.00000
1622750470883021 1.00000 0.00233 -0.00000 -43.11856 0.00233 -1.00000 0.00000 -5.22012 0.00000 -0.00000 -1.00000 -0.00000
1622750471133023 0.99987 0.01620 0.00000 -44.78774 0.01620 -0.99987 0.00000 -5.89171 0.00000 -0.00000 -1.00000 -0.00000
1622750471383649 0.99986 0.01695 0.00000 -46.42442 0.01695 -0.99986 0.00000 -5.75852 0.00000 -0.00000 -1.00000 -0.00000
1622750471633656 0.99972 0.02372 0.00000 -48.09462 0.02372 -0.99972 0.00000 -6.29750 0.00000 -0.00000 -1.00000 -0.00000
1622750471883657 0.99966 0.02598 -0.00000 -49.76100 0.02598 -0.99966 0.00000 -6.31802 0.00000 -0.00000 -1.00000 -0.00000
1622750472133038 0.99954 0.03033 0.00000 -51.49991 0.03033 -0.99954 0.00000 -6.56983 0.00000 -0.00000 -1.00000 -0.00000
1622750472383044 0.99945 0.03309 -0.00000 -53.30355 0.03309 -0.99945 0.00000 -6.81354 0.00000 -0.00000 -1.00000 -0.00000
1622750472632424 0.99934 0.03630 0.00000 -55.03484 0.03630 -0.99934 0.00000 -7.05904 0.00000 -0.00000 -1.00000 -0.00000
1622750472882430 0.99917 0.04077 -0.00000 -56.87541 0.04077 -0.99917 0.00000 -7.32405 0.00000 -0.00000 -1.00000 -0.00000
1622750473133055 0.99952 0.03101 0.00000 -58.90324 0.03101 -0.99952 0.00000 -6.66302 0.00000 -0.00000 -1.00000 -0.00000
1622750473383059 0.99938 0.03518 0.00000 -60.72351 0.03518 -0.99938 0.00000 -7.10561 0.00000 -0.00000 -1.00000 -0.00000
1622750473633063 0.99934 0.03636 0.00000 -62.65297 0.03636 -0.99934 0.00000 -7.12333 0.00000 -0.00000 -1.00000 -0.00000
1622750473883066 0.99948 0.03209 0.00000 -64.64272 0.03209 -0.99948 0.00000 -6.82638 0.00000 -0.00000 -1.00000 -0.00000
1622750474133074 0.99930 0.03729 0.00000 -66.55275 0.03729 -0.99930 0.00000 -7.19227 0.00000 -0.00000 -1.00000 -0.00000
1622750474383074 0.99911 0.04226 -0.00000 -68.49995 0.04226 -0.99911 0.00000 -7.43834 0.00000 -0.00000 -1.00000 -0.00000
1622750474633074 0.99934 0.03630 0.00000 -70.50792 0.03630 -0.99934 0.00000 -7.05963 0.00000 -0.00000 -1.00000 -0.00000
1622750474883083 0.99946 0.03273 0.00000 -72.47445 0.03273 -0.99946 0.00000 -6.94920 0.00000 -0.00000 -1.00000 -0.00000
1622750475133085 0.99966 0.02602 0.00000 -74.50248 0.02602 -0.99966 0.00000 -6.41218 0.00000 -0.00000 -1.00000 -0.00000
1622750475383713 0.99979 0.02072 0.00000 -76.55023 0.02072 -0.99979 0.00000 -5.98933 0.00000 -0.00000 -1.00000 -0.00000
1622750475633719 0.99998 0.00682 0.00000 -78.63548 0.00682 -0.99998 0.00000 -4.94594 0.00000 -0.00000 -1.00000 -0.00000
1622750475883097 1.00000 -0.00116 0.00000 -80.57108 -0.00116 -1.00000 0.00000 -4.25215 -0.00000 -0.00000 -1.00000 -0.00000
1622750476133740 0.99944 -0.03346 0.00000 -82.67640 -0.03346 -0.99944 0.00000 -1.65660 -0.00000 -0.00000 -1.00000 -0.00000
1622750476383102 0.99772 -0.06747 0.00000 -84.59356 -0.06747 -0.99772 0.00000 1.11245 -0.00000 -0.00000 -1.00000 0.00000
1622750476632482 0.99281 -0.11969 0.00000 -86.31798 -0.11969 -0.99281 0.00000 5.59835 -0.00000 -0.00000 -1.00000 0.00000
1622750476882488 0.98510 -0.17198 0.00000 -87.79206 -0.17198 -0.98510 0.00000 10.11751 -0.00000 -0.00000 -1.00000 0.00000
1622750477132500 0.97348 -0.22878 -0.00000 -88.95046 -0.22878 -0.97348 0.00000 15.17125 -0.00000 -0.00000 -1.00000 0.00000
1622750477382497 0.95841 -0.28541 0.00000 -89.77181 -0.28541 -0.95841 0.00000 20.33970 -0.00000 -0.00000 -1.00000 0.00000
1622750477632497 0.94053 -0.33972 -0.00000 -90.35960 -0.33972 -0.94053 0.00000 25.41676 -0.00000 -0.00000 -1.00000 0.00000
1622750477882502 0.92014 -0.39158 0.00000 -90.71362 -0.39158 -0.92014 0.00000 30.40158 -0.00000 -0.00000 -1.00000 0.00000
1622750478131886 0.90024 -0.43540 0.00000 -91.04198 -0.43540 -0.90024 0.00000 34.74209 -0.00000 -0.00000 -1.00000 0.00000
1622750478381889 0.87096 -0.49135 0.00000 -90.59160 -0.49135 -0.87096 0.00000 40.53101 -0.00000 -0.00000 -1.00000 0.00000
1622750478631889 0.83454 -0.55095 0.00000 -89.35553 -0.55095 -0.83454 0.00000 46.69074 -0.00000 -0.00000 -1.00000 0.00000
1622750478881896 0.79693 -0.60407 0.00000 -88.03415 -0.60407 -0.79693 0.00000 52.35195 -0.00000 -0.00000 -1.00000 0.00000
1622750479131896 0.75819 -0.65203 0.00000 -86.39911 -0.65203 -0.75819 0.00000 57.70315 -0.00000 -0.00000 -1.00000 0.00000
1622750479382529 0.70266 -0.71152 -0.00000 -83.40481 -0.71152 -0.70266 0.00000 64.68731 -0.00000 -0.00000 -1.00000 0.00000
1622750479632531 0.64592 -0.76340 0.00000 -80.01338 -0.76340 -0.64592 0.00000 70.72481 -0.00000 -0.00000 -1.00000 0.00000
1622750479882535 0.58809 -0.80879 0.00000 -76.41834 -0.80879 -0.58809 0.00000 76.41790 -0.00000 -0.00000 -1.00000 0.00000
1622750480132539 0.52742 -0.84960 0.00000 -72.54403 -0.84960 -0.52742 0.00000 81.94868 -0.00000 -0.00000 -1.00000 0.00000
1622750480382544 0.46586 -0.88486 0.00000 -68.29714 -0.88486 -0.46586 0.00000 86.73385 -0.00000 -0.00000 -1.00000 0.00000
1622750480631920 0.42329 -0.90600 0.00000 -65.98256 -0.90600 -0.42329 0.00000 89.71427 -0.00000 -0.00000 -1.00000 0.00000
1622750480881922 0.38671 -0.92220 0.00000 -64.23789 -0.92220 -0.38671 0.00000 92.32487 -0.00000 -0.00000 -1.00000 0.00000
1622750481131939 0.35638 -0.93434 -0.00000 -63.10006 -0.93434 -0.35638 0.00000 94.38541 -0.00000 -0.00000 -1.00000 0.00000
1622750481381933 0.34190 -0.93974 0.00000 -63.59098 -0.93974 -0.34190 0.00000 95.09693 -0.00000 -0.00000 -1.00000 0.00000
1622750481631936 0.33806 -0.94112 0.00000 -65.24563 -0.94112 -0.33806 0.00000 95.53701 -0.00000 -0.00000 -1.00000 0.00000
1622750481881939 0.33311 -0.94289 0.00000 -66.62949 -0.94289 -0.33311 0.00000 95.71143 -0.00000 -0.00000 -1.00000 0.00000
1622750482132570 0.32830 -0.94457 0.00000 -68.25228 -0.94457 -0.32830 0.00000 96.21419 -0.00000 -0.00000 -1.00000 0.00000
1622750482381947 0.33513 -0.94217 0.00000 -70.90831 -0.94217 -0.33513 0.00000 95.43810 -0.00000 -0.00000 -1.00000 0.00000
1622750482632579 0.34000 -0.94042 -0.00000 -73.59786 -0.94042 -0.34000 0.00000 95.30411 -0.00000 -0.00000 -1.00000 0.00000
1622750482882575 0.35515 -0.93481 0.00000 -77.17158 -0.93481 -0.35515 0.00000 94.09016 -0.00000 -0.00000 -1.00000 0.00000
1622750483132584 0.37753 -0.92600 0.00000 -81.45332 -0.92600 -0.37753 0.00000 92.15250 -0.00000 -0.00000 -1.00000 0.00000
1622750483382584 0.40852 -0.91275 0.00000 -86.51443 -0.91275 -0.40852 0.00000 89.30090 -0.00000 -0.00000 -1.00000 0.00000
1622750483632591 0.44534 -0.89536 0.00000 -92.11989 -0.89536 -0.44534 0.00000 85.58869 -0.00000 -0.00000 -1.00000 0.00000
1622750483883220 0.46548 -0.88506 -0.00000 -96.10029 -0.88506 -0.46548 0.00000 83.68698 -0.00000 -0.00000 -1.00000 0.00000
1622750484132597 0.49148 -0.87089 0.00000 -100.46361 -0.87089 -0.49148 0.00000 80.68333 -0.00000 -0.00000 -1.00000 0.00000
1622750484382600 0.51199 -0.85899 0.00000 -104.31711 -0.85899 -0.51199 0.00000 78.18395 -0.00000 -0.00000 -1.00000 0.00000
1622750484633233 0.51387 -0.85787 0.00000 -106.53203 -0.85787 -0.51387 0.00000 78.09435 -0.00000 -0.00000 -1.00000 0.00000
1622750484883236 0.52773 -0.84941 0.00000 -109.65141 -0.84941 -0.52773 0.00000 76.15491 -0.00000 -0.00000 -1.00000 0.00000
1622750485133255 0.52824 -0.84909 0.00000 -111.63444 -0.84909 -0.52824 0.00000 76.15720 -0.00000 -0.00000 -1.00000 0.00000
1622750485383244 0.52808 -0.84920 0.00000 -113.45685 -0.84920 -0.52808 0.00000 76.13118 -0.00000 -0.00000 -1.00000 0.00000
1622750485633245 0.52434 -0.85151 -0.00000 -115.05183 -0.85151 -0.52434 0.00000 76.63688 -0.00000 -0.00000 -1.00000 0.00000
1622750485883248 0.52620 -0.85036 0.00000 -116.95636 -0.85036 -0.52620 0.00000 76.24731 -0.00000 -0.00000 -1.00000 0.00000
1622750486133291 0.52450 -0.85141 -0.00000 -118.66628 -0.85141 -0.52450 0.00000 76.59474 -0.00000 -0.00000 -1.00000 0.00000
1622750486383254 0.52198 -0.85296 0.00000 -120.30838 -0.85296 -0.52198 0.00000 76.91267 -0.00000 -0.00000 -1.00000 0.00000
1622750486633260 0.52095 -0.85359 0.00000 -121.89343 -0.85359 -0.52095 0.00000 77.06328 -0.00000 -0.00000 -1.00000 0.00000
1622750486883265 0.52332 -0.85214 0.00000 -123.98810 -0.85214 -0.52332 0.00000 76.55960 -0.00000 -0.00000 -1.00000 0.00000
1622750487133899 0.52345 -0.85206 0.00000 -125.66358 -0.85206 -0.52345 0.00000 76.65436 -0.00000 -0.00000 -1.00000 0.00000
1622750487383272 0.54374 -0.83925 -0.00000 -129.09259 -0.83925 -0.54374 0.00000 73.44830 -0.00000 -0.00000 -1.00000 0.00000
1622750487633279 0.56282 -0.82658 0.00000 -132.43315 -0.82658 -0.56282 0.00000 70.52413 -0.00000 -0.00000 -1.00000 0.00000
1622750487883279 0.59185 -0.80605 0.00000 -136.43419 -0.80605 -0.59185 0.00000 65.76843 -0.00000 -0.00000 -1.00000 0.00000
1622750488133296 0.63366 -0.77361 -0.00000 -141.29146 -0.77361 -0.63366 0.00000 58.50829 -0.00000 -0.00000 -1.00000 0.00000
1622750488383285 0.68031 -0.73293 0.00000 -146.16365 -0.73293 -0.68031 0.00000 49.54227 -0.00000 -0.00000 -1.00000 0.00000
1622750488633295 0.72918 -0.68432 0.00000 -150.60553 -0.68432 -0.72918 0.00000 39.39894 -0.00000 -0.00000 -1.00000 0.00000
1622750488883297 0.78062 -0.62501 0.00000 -154.59884 -0.62501 -0.78062 0.00000 27.30615 -0.00000 -0.00000 -1.00000 0.00000
1622750489133301 0.83052 -0.55700 0.00000 -157.71588 -0.55700 -0.83052 0.00000 14.10817 -0.00000 -0.00000 -1.00000 0.00000
1622750489383306 0.88187 -0.47150 0.00000 -159.44066 -0.47150 -0.88187 0.00000 -1.63196 -0.00000 -0.00000 -1.00000 -0.00000
1622750489633934 0.92502 -0.37992 0.00000 -159.55288 -0.37992 -0.92502 0.00000 -17.71631 -0.00000 -0.00000 -1.00000 -0.00000
1622750489883939 0.96147 -0.27490 0.00000 -157.65375 -0.27490 -0.96147 0.00000 -35.21640 -0.00000 -0.00000 -1.00000 -0.00000
1622750490133322 0.98825 -0.15288 0.00000 -152.86213 -0.15288 -0.98825 0.00000 -54.77312 -0.00000 -0.00000 -1.00000 -0.00000
1622750490383322 0.99985 -0.01721 0.00000 -144.95813 -0.01721 -0.99985 0.00000 -75.03437 -0.00000 -0.00000 -1.00000 -0.00000
1622750490633322 0.99256 0.12179 0.00000 -134.04099 0.12179 -0.99256 0.00000 -94.26099 0.00000 -0.00000 -1.00000 -0.00000
1622750490883325 0.95976 0.28083 -0.00000 -117.81138 0.28083 -0.95976 0.00000 -114.81214 0.00000 -0.00000 -1.00000 -0.00000
1622750491133332 0.90074 0.43435 0.00000 -98.35177 0.43435 -0.90074 0.00000 -132.43134 0.00000 -0.00000 -1.00000 -0.00000
1622750491383337 0.82440 0.56601 -0.00000 -77.98384 0.56601 -0.82440 0.00000 -145.80130 0.00000 -0.00000 -1.00000 -0.00000
1622750491633965 0.71123 0.70296 0.00000 -51.75534 0.70296 -0.71123 0.00000 -157.24452 0.00000 -0.00000 -1.00000 -0.00000
1622750491883344 0.57277 0.81972 0.00000 -23.38412 0.81972 -0.57277 0.00000 -163.93816 0.00000 -0.00000 -1.00000 -0.00000
1622750492133976 0.41773 0.90857 0.00000 5.28338 0.90857 -0.41773 0.00000 -165.52937 0.00000 -0.00000 -1.00000 -0.00000
1622750492383975 0.24243 0.97017 0.00000 34.96814 0.97017 -0.24243 0.00000 -161.55058 0.00000 -0.00000 -1.00000 -0.00000
1622750492633977 0.04455 0.99901 0.00000 65.59697 0.99901 -0.04455 0.00000 -151.41053 0.00000 -0.00000 -1.00000 -0.00000
1622750492883987 -0.15364 0.98813 -0.00000 93.08764 0.98813 0.15364 0.00000 -135.42629 0.00000 0.00000 -1.00000 -0.00000
1622750493133996 -0.33527 0.94212 0.00000 115.76010 0.94212 0.33527 0.00000 -115.67045 0.00000 0.00000 -1.00000 -0.00000
1622750493383991 -0.49531 0.86872 0.00000 133.16582 0.86872 0.49531 0.00000 -93.51484 0.00000 0.00000 -1.00000 -0.00000
1622750493633991 -0.62084 0.78394 0.00000 144.65338 0.78394 0.62084 0.00000 -72.34062 0.00000 0.00000 -1.00000 -0.00000
1622750493883997 -0.71479 0.69934 0.00000 151.46883 0.69934 0.71479 0.00000 -53.35768 0.00000 0.00000 -1.00000 -0.00000
1622750494133379 -0.77639 0.63026 0.00000 154.62609 0.63026 0.77639 0.00000 -39.18545 0.00000 0.00000 -1.00000 -0.00000
1622750494383384 -0.81845 0.57458 -0.00000 155.69156 0.57458 0.81845 0.00000 -28.22407 0.00000 0.00000 -1.00000 -0.00000
1622750494633385 -0.84505 0.53469 -0.00000 155.68759 0.53469 0.84505 0.00000 -20.74423 0.00000 0.00000 -1.00000 -0.00000
1622750494883394 -0.86693 0.49843 0.00000 155.17780 0.49843 0.86693 0.00000 -14.09719 0.00000 0.00000 -1.00000 -0.00000
1622750495133395 -0.88033 0.47436 0.00000 153.90004 0.47436 0.88033 0.00000 -9.83244 0.00000 0.00000 -1.00000 -0.00000
1622750495383399 -0.88601 0.46366 0.00000 152.64517 0.46366 0.88601 0.00000 -8.01604 0.00000 0.00000 -1.00000 -0.00000
1622750495634027 -0.88228 0.47073 -0.00000 151.06377 0.47073 0.88228 0.00000 -9.23279 0.00000 0.00000 -1.00000 -0.00000
1622750495884654 -0.87614 0.48205 -0.00000 149.36333 0.48205 0.87614 0.00000 -11.18508 0.00000 0.00000 -1.00000 -0.00000
1622750496134660 -0.86437 0.50286 0.00000 147.44304 0.50286 0.86437 0.00000 -14.74187 0.00000 0.00000 -1.00000 -0.00000
1622750496384661 -0.83882 0.54441 0.00000 144.91623 0.54441 0.83882 0.00000 -21.88383 0.00000 0.00000 -1.00000 -0.00000
1622750496634041 -0.81494 0.57955 0.00000 142.16784 0.57955 0.81494 0.00000 -28.11606 0.00000 0.00000 -1.00000 -0.00000
1622750496883423 -0.78515 0.61931 0.00000 138.83232 0.61931 0.78515 0.00000 -35.11812 0.00000 0.00000 -1.00000 -0.00000
1622750497132800 -0.75272 0.65834 -0.00000 135.08619 0.65834 0.75272 0.00000 -42.14944 0.00000 0.00000 -1.00000 -0.00000
1622750497382179 -0.72734 0.68627 0.00000 131.63847 0.68627 0.72734 0.00000 -47.29333 0.00000 0.00000 -1.00000 -0.00000
1622750497632179 -0.69435 0.71964 0.00000 127.44895 0.71964 0.69435 0.00000 -53.40692 0.00000 0.00000 -1.00000 -0.00000
1622750497882186 -0.66234 0.74920 0.00000 123.14735 0.74920 0.66234 0.00000 -58.88647 0.00000 0.00000 -1.00000 -0.00000
1622750498132194 -0.62919 0.77725 0.00000 118.55509 0.77725 0.62919 0.00000 -64.28075 0.00000 0.00000 -1.00000 -0.00000
1622750498382194 -0.59548 0.80337 0.00000 113.79251 0.80337 0.59548 0.00000 -69.31310 0.00000 0.00000 -1.00000 -0.00000
1622750498632210 -0.57273 0.81975 0.00000 109.82993 0.81975 0.57273 0.00000 -72.55659 0.00000 0.00000 -1.00000 -0.00000
1622750498882827 -0.54410 0.83902 0.00000 105.35116 0.83902 0.54410 0.00000 -76.28934 0.00000 0.00000 -1.00000 -0.00000
1622750499132827 -0.51637 0.85637 0.00000 100.82251 0.85637 0.51637 0.00000 -79.74275 0.00000 0.00000 -1.00000 -0.00000
1622750499383459 -0.48184 0.87626 0.00000 95.51158 0.87626 0.48184 0.00000 -83.60908 0.00000 0.00000 -1.00000 -0.00000
1622750499633461 -0.44996 0.89305 0.00000 90.47238 0.89305 0.44996 0.00000 -87.16534 0.00000 0.00000 -1.00000 -0.00000
1622750499883467 -0.41550 0.90959 0.00000 85.01041 0.90959 0.41550 0.00000 -90.53721 0.00000 0.00000 -1.00000 -0.00000
1622750500133475 -0.39362 0.91927 0.00000 80.79966 0.91927 0.39362 0.00000 -92.65730 0.00000 0.00000 -1.00000 -0.00000
1622750500384098 -0.36704 0.93020 -0.00000 76.07918 0.93020 0.36704 0.00000 -94.80134 0.00000 0.00000 -1.00000 -0.00000
1622750500634102 -0.34958 0.93691 0.00000 72.32722 0.93691 0.34958 0.00000 -96.27997 0.00000 0.00000 -1.00000 -0.00000
1622750500883481 -0.34445 0.93880 0.00000 69.71865 0.93880 0.34445 0.00000 -96.46021 0.00000 0.00000 -1.00000 -0.00000
1622750501133498 -0.33476 0.94230 0.00000 66.82570 0.94230 0.33476 0.00000 -97.57558 0.00000 0.00000 -1.00000 -0.00000
1622750501384111 -0.34195 0.93972 0.00000 65.53803 0.93972 0.34195 0.00000 -96.82545 0.00000 0.00000 -1.00000 -0.00000
1622750501634119 -0.35725 0.93401 0.00000 65.13271 0.93401 0.35725 0.00000 -95.87980 0.00000 0.00000 -1.00000 -0.00000
1622750501884123 -0.38898 0.92125 0.00000 66.34749 0.92125 0.38898 0.00000 -93.34927 0.00000 0.00000 -1.00000 -0.00000
1622750502134126 -0.42468 0.90534 0.00000 68.04051 0.90534 0.42468 0.00000 -90.96190 0.00000 0.00000 -1.00000 -0.00000
1622750502384139 -0.46580 0.88489 -0.00000 70.18760 0.88489 0.46580 0.00000 -87.88975 0.00000 0.00000 -1.00000 -0.00000
1622750502634133 -0.49973 0.86618 0.00000 71.63623 0.86618 0.49973 0.00000 -85.16950 0.00000 0.00000 -1.00000 -0.00000
1622750502884135 -0.54155 0.84067 0.00000 73.81862 0.84067 0.54155 0.00000 -81.50293 0.00000 0.00000 -1.00000 -0.00000
1622750503134140 -0.58679 0.80974 0.00000 76.35926 0.80974 0.58679 0.00000 -77.50680 0.00000 0.00000 -1.00000 -0.00000
1622750503383522 -0.63315 0.77403 0.00000 78.96925 0.77403 0.63315 0.00000 -73.08817 0.00000 0.00000 -1.00000 -0.00000
1622750503633524 -0.68474 0.72878 0.00000 81.83011 0.72878 0.68474 0.00000 -67.34608 0.00000 0.00000 -1.00000 -0.00000
1622750503883528 -0.73320 0.68002 0.00000 84.40507 0.68002 0.73320 0.00000 -61.71183 0.00000 0.00000 -1.00000 -0.00000
1622750504132909 -0.77943 0.62648 0.00000 86.74588 0.62648 0.77943 0.00000 -55.66120 0.00000 0.00000 -1.00000 -0.00000
1622750504382908 -0.82000 0.57237 0.00000 88.40828 0.57237 0.82000 0.00000 -49.76297 0.00000 0.00000 -1.00000 -0.00000
1622750504632913 -0.85537 0.51801 0.00000 89.65563 0.51801 0.85537 0.00000 -43.92499 0.00000 0.00000 -1.00000 -0.00000
1622750504882915 -0.88801 0.45982 -0.00000 90.59956 0.45982 0.88801 0.00000 -37.84328 0.00000 0.00000 -1.00000 -0.00000
1622750505133172 -0.91640 0.40027 0.00000 91.08674 0.40027 0.91640 0.00000 -31.86798 0.00000 0.00000 -1.00000 -0.00000
1622750505382925 -0.94015 0.34077 0.00000 91.10741 0.34077 0.94015 0.00000 -26.00192 0.00000 0.00000 -1.00000 -0.00000
1622750505633553 -0.95909 0.28309 0.00000 90.62485 0.28309 0.95909 0.00000 -20.41510 0.00000 0.00000 -1.00000 -0.00000
1622750505883558 -0.97389 0.22701 0.00000 89.89653 0.22701 0.97389 0.00000 -15.24400 0.00000 0.00000 -1.00000 -0.00000
1622750506133569 -0.98286 0.18438 0.00000 88.48798 0.18438 0.98286 0.00000 -11.26869 0.00000 0.00000 -1.00000 -0.00000
1622750506383565 -0.99011 0.14027 0.00000 87.01794 0.14027 0.99011 0.00000 -7.35608 0.00000 0.00000 -1.00000 -0.00000
1622750506633567 -0.99455 0.10422 0.00000 85.21004 0.10422 0.99455 0.00000 -4.20359 0.00000 0.00000 -1.00000 -0.00000
1622750506883573 -0.99806 0.06232 0.00000 83.40468 0.06232 0.99806 0.00000 -0.62388 0.00000 0.00000 -1.00000 -0.00000
1622750507133579 -0.99929 0.03775 0.00000 81.34075 0.03775 0.99929 0.00000 1.41580 0.00000 0.00000 -1.00000 0.00000
1622750507383580 -0.99984 0.01778 -0.00000 79.26809 0.01778 0.99984 0.00000 2.96805 0.00000 0.00000 -1.00000 0.00000
1622750507634208 -0.99986 0.01667 -0.00000 77.15125 0.01667 0.99986 0.00000 3.13330 0.00000 0.00000 -1.00000 0.00000
1622750507884212 -0.99999 0.00348 0.00000 75.06607 0.00348 0.99999 0.00000 4.14368 0.00000 0.00000 -1.00000 0.00000
1622750508134219 -0.99998 0.00623 0.00000 72.96551 0.00623 0.99998 0.00000 3.85609 0.00000 0.00000 -1.00000 0.00000
1622750508384217 -0.99995 0.01016 0.00000 70.77417 0.01016 0.99995 0.00000 3.55617 0.00000 0.00000 -1.00000 0.00000
1622750508633600 -0.99998 0.00699 0.00000 68.70591 0.00699 0.99998 0.00000 3.72211 0.00000 0.00000 -1.00000 0.00000
1622750508883600 -0.99996 0.00839 0.00000 66.59988 0.00839 0.99996 0.00000 3.65858 0.00000 0.00000 -1.00000 0.00000
1622750509132992 -0.99999 0.00403 -0.00000 64.52145 0.00403 0.99999 0.00000 3.85733 0.00000 0.00000 -1.00000 0.00000
1622750509382987 -0.99997 0.00717 0.00000 62.42436 0.00717 0.99997 0.00000 3.63464 0.00000 0.00000 -1.00000 0.00000
1622750509632991 -0.99987 0.01631 -0.00000 60.45799 0.01631 0.99987 0.00000 2.94262 0.00000 0.00000 -1.00000 0.00000
1622750509882996 -0.99988 0.01571 0.00000 58.37765 0.01571 0.99988 0.00000 3.02049 0.00000 0.00000 -1.00000 0.00000
1622750510133002 -0.99992 0.01294 -0.00000 56.36334 0.01294 0.99992 0.00000 3.11378 0.00000 0.00000 -1.00000 0.00000
1622750510382999 -0.99998 0.00597 0.00000 54.35305 0.00597 0.99998 0.00000 3.44495 0.00000 0.00000 -1.00000 0.00000
1622750510633629 -1.00000 0.00163 -0.00000 52.32315 0.00163 1.00000 0.00000 3.56708 0.00000 0.00000 -1.00000 0.00000
1622750510883007 -0.99989 -0.01462 0.00000 50.21727 -0.01462 0.99989 0.00000 4.32925 -0.00000 0.00000 -1.00000 0.00000
1622750511133013 -0.99946 -0.03280 0.00000 48.21406 -0.03280 0.99946 0.00000 5.32523 -0.00000 0.00000 -1.00000 0.00000
1622750511383642 -0.99874 -0.05021 0.00000 46.14108 -0.05021 0.99874 0.00000 6.14431 -0.00000 0.00000 -1.00000 0.00000
1622750511633646 -0.99840 -0.05652 0.00000 44.23151 -0.05652 0.99840 0.00000 6.43276 -0.00000 0.00000 -1.00000 0.00000
1622750511883649 -0.99819 -0.06006 0.00000 42.23385 -0.06006 0.99819 0.00000 6.59315 -0.00000 0.00000 -1.00000 0.00000
1622750512133655 -0.99819 -0.06019 -0.00000 40.31234 -0.06019 0.99819 0.00000 6.66168 -0.00000 0.00000 -1.00000 0.00000
1622750512384279 -0.99962 -0.02759 -0.00000 38.67544 -0.02759 0.99962 0.00000 5.36267 -0.00000 0.00000 -1.00000 0.00000
1622750512633660 -1.00000 0.00155 0.00000 36.95798 0.00155 1.00000 0.00000 4.19080 0.00000 0.00000 -1.00000 0.00000
1622750512883661 -0.99966 0.02590 -0.00000 35.20116 0.02590 0.99966 0.00000 3.14232 0.00000 0.00000 -1.00000 0.00000
1622750513133672 -0.99899 0.04500 0.00000 33.42704 0.04500 0.99899 0.00000 2.47131 0.00000 0.00000 -1.00000 0.00000
1622750513383670 -0.99813 0.06116 0.00000 31.63008 0.06116 0.99813 0.00000 1.93481 0.00000 0.00000 -1.00000 0.00000
1622750513633675 -0.99731 0.07336 0.00000 29.76050 0.07336 0.99731 0.00000 1.52786 0.00000 0.00000 -1.00000 0.00000
1622750513883054 -0.99669 0.08124 -0.00000 27.92112 0.08124 0.99669 0.00000 1.15033 0.00000 0.00000 -1.00000 0.00000
1622750514133690 -0.99611 0.08813 0.00000 25.96418 0.08813 0.99611 0.00000 0.89533 0.00000 0.00000 -1.00000 0.00000
1622750514383687 -0.99607 0.08861 0.00000 24.06131 0.08861 0.99607 0.00000 0.89243 0.00000 0.00000 -1.00000 0.00000
1622750514634313 -0.99462 0.10363 0.00000 22.12789 0.10363 0.99462 0.00000 0.48368 0.00000 0.00000 -1.00000 0.00000
1622750514884319 -0.99452 0.10457 0.00000 20.19772 0.10457 0.99452 0.00000 0.37506 0.00000 0.00000 -1.00000 0.00000
1622750515134315 -0.99468 0.10301 0.00000 18.23948 0.10301 0.99468 0.00000 0.42459 0.00000 0.00000 -1.00000 0.00000
1622750515383698 -0.99457 0.10403 0.00000 16.26128 0.10403 0.99457 0.00000 0.38169 0.00000 0.00000 -1.00000 0.00000
1622750515633702 -0.99494 0.10050 0.00000 14.28807 0.10050 0.99494 0.00000 0.54806 0.00000 0.00000 -1.00000 0.00000
1622750515883086 -0.99389 0.11035 -0.00000 12.31502 0.11035 0.99389 0.00000 0.19620 0.00000 0.00000 -1.00000 0.00000
1622750516133716 -0.99322 0.11627 0.00000 10.40720 0.11627 0.99322 0.00000 0.09453 0.00000 0.00000 -1.00000 0.00000
1622750516383718 -0.99250 0.12223 0.00000 8.39139 0.12223 0.99250 0.00000 0.11930 0.00000 0.00000 -1.00000 0.00000
1622750516633095 -0.99416 0.10796 0.00000 6.52669 0.10796 0.99416 0.00000 0.15639 0.00000 0.00000 -1.00000 0.00000
1622750516883096 -0.99400 0.10942 0.00000 4.49756 0.10942 0.99400 0.00000 0.26245 0.00000 0.00000 -1.00000 0.00000
1622750517133112 -0.99487 0.10118 0.00000 2.58028 0.10118 0.99487 0.00000 0.12150 0.00000 0.00000 -1.00000 0.00000
1622750517383111 -0.99508 0.09905 0.00000 0.58939 0.09905 0.99508 0.00000 0.10879 0.00000 0.00000 -1.00000 0.00000
1622750517633738 -0.99422 0.10735 0.00000 -1.42867 0.10735 0.99422 0.00000 0.05486 0.00000 0.00000 -1.00000 0.00000
1622750517883112 -0.99598 0.08962 0.00000 -3.41735 0.08962 0.99598 0.00000 -0.02422 0.00000 0.00000 -1.00000 -0.00000
1622750518133119 -0.99708 0.07631 0.00000 -5.41413 0.07631 0.99708 0.00000 -0.15011 0.00000 0.00000 -1.00000 -0.00000
1622750518383749 -0.99753 0.07031 0.00000 -7.48511 0.07031 0.99753 0.00000 -0.23101 0.00000 0.00000 -1.00000 -0.00000
1622750518633753 -0.99762 0.06898 0.00000 -9.60380 0.06898 0.99762 0.00000 -0.19984 0.00000 0.00000 -1.00000 -0.00000
1622750518884382 -0.99773 0.06735 -0.00000 -11.62209 0.06735 0.99773 0.00000 -0.33485 0.00000 0.00000 -1.00000 -0.00000
1622750519133763 -0.99823 0.05939 0.00000 -13.68144 0.05939 0.99823 0.00000 -0.33767 0.00000 0.00000 -1.00000 -0.00000
1622750519384397 -0.99808 0.06199 -0.00000 -15.77099 0.06199 0.99808 0.00000 -0.13663 0.00000 0.00000 -1.00000 -0.00000
1622750519633768 -0.99856 0.05363 0.00000 -17.78494 0.05363 0.99856 0.00000 -0.40209 0.00000 0.00000 -1.00000 -0.00000
1622750519883766 -0.99857 0.05341 -0.00000 -19.83906 0.05341 0.99857 0.00000 -0.51571 0.00000 0.00000 -1.00000 -0.00000
1622750520133775 -0.99835 0.05745 0.00000 -21.87729 0.05745 0.99835 0.00000 -0.48953 0.00000 0.00000 -1.00000 -0.00000
1622750520383783 -0.99860 0.05296 0.00000 -23.94984 0.05296 0.99860 0.00000 -0.59533 0.00000 0.00000 -1.00000 -0.00000
1622750520634411 -0.99838 0.05683 0.00000 -26.04299 0.05683 0.99838 0.00000 -0.52542 0.00000 0.00000 -1.00000 -0.00000
1622750520884413 -0.99848 0.05509 0.00000 -28.14136 0.05509 0.99848 0.00000 -0.57851 0.00000 0.00000 -1.00000 -0.00000
1622750521133790 -0.99884 0.04805 -0.00000 -30.10247 0.04805 0.99884 0.00000 -0.84368 0.00000 0.00000 -1.00000 -0.00000
1622750521383799 -0.99882 0.04859 -0.00000 -32.15633 0.04859 0.99882 0.00000 -0.85315 0.00000 0.00000 -1.00000 -0.00000
1622750521633796 -0.99897 0.04538 0.00000 -34.19785 0.04538 0.99897 0.00000 -0.90869 0.00000 0.00000 -1.00000 -0.00000
1622750521883172 -0.99943 0.03364 0.00000 -36.13151 0.03364 0.99943 0.00000 -1.39407 0.00000 0.00000 -1.00000 -0.00000
1622750522133218 -0.99966 0.02609 0.00000 -38.20334 0.02609 0.99966 0.00000 -1.73304 0.00000 0.00000 -1.00000 -0.00000
1622750522383809 -0.99983 0.01864 0.00000 -40.21130 0.01864 0.99983 0.00000 -1.97270 0.00000 0.00000 -1.00000 -0.00000
1622750522633811 -0.99996 0.00885 0.00000 -42.09145 0.00885 0.99996 0.00000 -2.37229 0.00000 0.00000 -1.00000 -0.00000
1622750522883193 -0.99999 -0.00324 -0.00000 -44.22272 -0.00324 0.99999 0.00000 -2.95254 -0.00000 0.00000 -1.00000 -0.00000
1622750523133821 -0.99996 -0.00923 0.00000 -46.14942 -0.00923 0.99996 0.00000 -3.17757 -0.00000 0.00000 -1.00000 -0.00000
1622750523383831 -0.99983 -0.01853 0.00000 -47.99070 -0.01853 0.99983 0.00000 -3.71889 -0.00000 0.00000 -1.00000 -0.00000
1622750523633830 -0.99969 -0.02474 0.00000 -49.89163 -0.02474 0.99969 0.00000 -4.03181 -0.00000 0.00000 -1.00000 -0.00000
1622750523883832 -0.99957 -0.02928 -0.00000 -51.74228 -0.02928 0.99957 0.00000 -4.28238 -0.00000 0.00000 -1.00000 -0.00000
1622750524133837 -0.99978 -0.02078 -0.00000 -53.51161 -0.02078 0.99978 0.00000 -3.87942 -0.00000 0.00000 -1.00000 -0.00000
1622750524383837 -0.99980 -0.02013 -0.00000 -55.25733 -0.02013 0.99980 0.00000 -3.83896 -0.00000 0.00000 -1.00000 -0.00000
1622750524633841 -0.99997 -0.00714 0.00000 -56.92542 -0.00714 0.99997 0.00000 -3.13138 -0.00000 0.00000 -1.00000 -0.00000
1622750524883850 -0.99984 0.01763 -0.00000 -58.48841 0.01763 0.99984 0.00000 -1.71690 0.00000 0.00000 -1.00000 -0.00000
1622750525133862 -0.99905 0.04368 0.00000 -59.90913 0.04368 0.99905 0.00000 -0.29798 0.00000 0.00000 -1.00000 -0.00000
1622750525384484 -0.99583 0.09123 0.00000 -61.25278 0.09123 0.99583 0.00000 2.57873 0.00000 0.00000 -1.00000 0.00000
1622750525633861 -0.99219 0.12474 0.00000 -62.38004 0.12474 0.99219 0.00000 4.57745 0.00000 0.00000 -1.00000 0.00000
1622750525883869 -0.98284 0.18444 0.00000 -63.24399 0.18444 0.98284 0.00000 8.18951 0.00000 0.00000 -1.00000 0.00000
1622750526133872 -0.97170 0.23620 -0.00000 -63.71480 0.23620 0.97170 0.00000 11.63836 0.00000 0.00000 -1.00000 0.00000
1622750526384515 -0.94962 0.31341 0.00000 -63.66887 0.31341 0.94962 0.00000 16.62008 0.00000 0.00000 -1.00000 0.00000
1622750526634497 -0.91851 0.39541 0.00000 -63.00877 0.39541 0.91851 0.00000 22.10038 0.00000 0.00000 -1.00000 0.00000
1622750526883874 -0.88033 0.47436 0.00000 -61.85282 0.47436 0.88033 0.00000 27.54130 0.00000 0.00000 -1.00000 0.00000
1622750527134505 -0.82109 0.57080 0.00000 -59.37553 0.57080 0.82109 0.00000 34.34064 0.00000 0.00000 -1.00000 0.00000
1622750527384514 -0.75507 0.65564 0.00000 -56.30201 0.65564 0.75507 0.00000 40.54707 0.00000 0.00000 -1.00000 0.00000
1622750527633891 -0.68518 0.72837 -0.00000 -52.95285 0.72837 0.68518 0.00000 45.92867 0.00000 0.00000 -1.00000 0.00000
1622750527884515 -0.60382 0.79712 0.00000 -48.75350 0.79712 0.60382 0.00000 51.28198 0.00000 0.00000 -1.00000 0.00000
1622750528134521 -0.51510 0.85713 -0.00000 -43.99853 0.85713 0.51510 0.00000 56.11897 0.00000 0.00000 -1.00000 0.00000
1622750528384525 -0.41456 0.91002 0.00000 -38.43278 0.91002 0.41456 0.00000 60.72981 0.00000 0.00000 -1.00000 0.00000
1622750528633907 -0.31304 0.94974 0.00000 -32.64837 0.94974 0.31304 0.00000 64.50534 0.00000 0.00000 -1.00000 0.00000
1622750528883284 -0.22612 0.97410 0.00000 -27.81034 0.97410 0.22612 0.00000 67.10839 0.00000 0.00000 -1.00000 0.00000
1622750529133289 -0.15357 0.98814 0.00000 -24.05122 0.98814 0.15357 0.00000 69.07649 0.00000 0.00000 -1.00000 0.00000
1622750529382666 -0.11218 0.99369 0.00000 -22.36137 0.99369 0.11218 0.00000 69.79652 0.00000 0.00000 -1.00000 0.00000
1622750529632671 -0.08431 0.99644 0.00000 -21.76161 0.99644 0.08431 0.00000 70.47351 0.00000 0.00000 -1.00000 0.00000
1622750529882671 -0.06860 0.99764 0.00000 -22.08345 0.99764 0.06860 0.00000 70.63450 0.00000 0.00000 -1.00000 0.00000
1622750530132688 -0.05686 0.99838 -0.00000 -22.62983 0.99838 0.05686 0.00000 70.92777 0.00000 0.00000 -1.00000 0.00000
1622750530382679 -0.05073 0.99871 0.00000 -23.80416 0.99871 0.05073 0.00000 70.87605 0.00000 0.00000 -1.00000 0.00000
1622750530632684 -0.04304 0.99907 0.00000 -24.78739 0.99907 0.04304 0.00000 71.14865 0.00000 0.00000 -1.00000 0.00000
1622750530882689 -0.02606 0.99966 -0.00000 -25.21955 0.99966 0.02606 0.00000 71.45223 0.00000 0.00000 -1.00000 0.00000
1622750531132697 -0.01105 0.99994 0.00000 -25.79010 0.99994 0.01105 0.00000 71.81184 0.00000 0.00000 -1.00000 0.00000
1622750531382067 -0.00525 0.99999 0.00000 -27.06077 0.99999 0.00525 0.00000 71.94737 0.00000 0.00000 -1.00000 0.00000
1622750531632072 0.01477 0.99989 0.00000 -27.38798 0.99989 -0.01477 0.00000 72.51706 0.00000 -0.00000 -1.00000 0.00000
1622750531882700 0.03777 0.99929 0.00000 -27.53109 0.99929 -0.03777 0.00000 73.13425 0.00000 -0.00000 -1.00000 0.00000
1622750532132713 0.06033 0.99818 -0.00000 -27.63835 0.99818 -0.06033 0.00000 73.66910 0.00000 -0.00000 -1.00000 0.00000
1622750532382714 0.07360 0.99729 0.00000 -28.46670 0.99729 -0.07360 0.00000 73.97334 0.00000 -0.00000 -1.00000 0.00000
1622750532632713 0.09554 0.99543 0.00000 -28.67824 0.99543 -0.09554 0.00000 74.58880 0.00000 -0.00000 -1.00000 0.00000
1622750532882718 0.12502 0.99215 0.00000 -28.11273 0.99215 -0.12502 0.00000 75.38722 0.00000 -0.00000 -1.00000 0.00000
1622750533132735 0.14807 0.98898 -0.00000 -28.26206 0.98898 -0.14807 0.00000 76.00678 0.00000 -0.00000 -1.00000 0.00000
1622750533383358 0.17531 0.98451 0.00000 -27.86670 0.98451 -0.17531 0.00000 76.73330 0.00000 -0.00000 -1.00000 0.00000
1622750533632730 0.18834 0.98210 0.00000 -28.67454 0.98210 -0.18834 0.00000 76.94057 0.00000 -0.00000 -1.00000 0.00000
1622750533882736 0.19439 0.98092 0.00000 -30.07526 0.98092 -0.19439 0.00000 77.10473 0.00000 -0.00000 -1.00000 0.00000
1622750534133368 0.18852 0.98207 -0.00000 -32.21982 0.98207 -0.18852 0.00000 76.92682 0.00000 -0.00000 -1.00000 0.00000
1622750534382744 0.16723 0.98592 0.00000 -35.76567 0.98592 -0.16723 0.00000 76.06497 0.00000 -0.00000 -1.00000 0.00000
1622750534632747 0.14702 0.98913 0.00000 -39.12120 0.98913 -0.14702 0.00000 75.35531 0.00000 -0.00000 -1.00000 0.00000
1622750534882750 0.12646 0.99197 0.00000 -42.37219 0.99197 -0.12646 0.00000 74.58419 0.00000 -0.00000 -1.00000 0.00000
1622750535133383 0.09476 0.99550 0.00000 -46.69114 0.99550 -0.09476 0.00000 73.18215 0.00000 -0.00000 -1.00000 0.00000
1622750535383382 0.07418 0.99725 0.00000 -50.08241 0.99725 -0.07418 0.00000 72.05302 0.00000 -0.00000 -1.00000 0.00000
1622750535633385 0.05705 0.99837 0.00000 -53.36605 0.99837 -0.05705 0.00000 71.15917 0.00000 -0.00000 -1.00000 0.00000
1622750535883390 0.03810 0.99927 0.00000 -56.52536 0.99927 -0.03810 0.00000 70.08637 0.00000 -0.00000 -1.00000 0.00000
1622750536133399 0.02510 0.99968 -0.00000 -59.41746 0.99968 -0.02510 0.00000 69.27182 0.00000 -0.00000 -1.00000 0.00000
1622750536383420 0.01295 0.99992 0.00000 -62.15788 0.99992 -0.01295 0.00000 68.52474 0.00000 -0.00000 -1.00000 0.00000
1622750536633403 0.00801 0.99997 0.00000 -64.46294 0.99997 -0.00801 0.00000 68.21040 0.00000 -0.00000 -1.00000 0.00000
1622750536882778 -0.00502 0.99999 0.00000 -67.19496 0.99999 0.00502 0.00000 67.24295 0.00000 0.00000 -1.00000 0.00000
1622750537132787 -0.01601 0.99987 -0.00000 -69.86870 0.99987 0.01601 0.00000 66.50564 0.00000 0.00000 -1.00000 0.00000
1622750537382795 -0.02587 0.99967 -0.00000 -72.24819 0.99967 0.02587 0.00000 65.73507 0.00000 0.00000 -1.00000 0.00000
1622750537632791 -0.03276 0.99946 0.00000 -74.59767 0.99946 0.03276 0.00000 65.09473 0.00000 0.00000 -1.00000 0.00000
1622750537883416 -0.03612 0.99935 0.00000 -76.55791 0.99935 0.03612 0.00000 64.97545 0.00000 0.00000 -1.00000 0.00000
1622750538133430 -0.04311 0.99907 0.00000 -78.71248 0.99907 0.04311 0.00000 64.31087 0.00000 0.00000 -1.00000 0.00000
1622750538382802 -0.06571 0.99784 0.00000 -81.96693 0.99784 0.06571 0.00000 62.54920 0.00000 0.00000 -1.00000 0.00000
1622750538632802 -0.07668 0.99706 0.00000 -84.30209 0.99706 0.07668 0.00000 61.52649 0.00000 0.00000 -1.00000 0.00000
1622750538882813 -0.09468 0.99551 0.00000 -87.13953 0.99551 0.09468 0.00000 59.96851 0.00000 0.00000 -1.00000 0.00000
1622750539133440 -0.11370 0.99352 0.00000 -89.84315 0.99352 0.11370 0.00000 58.32897 0.00000 0.00000 -1.00000 0.00000
1622750539382818 -0.15094 0.98854 0.00000 -93.53944 0.98854 0.15094 0.00000 54.91391 0.00000 0.00000 -1.00000 0.00000
1622750539632823 -0.19341 0.98112 0.00000 -97.44012 0.98112 0.19341 0.00000 50.72127 0.00000 0.00000 -1.00000 0.00000
1622750539882828 -0.24676 0.96908 0.00000 -101.63258 0.96908 0.24676 0.00000 45.27476 0.00000 0.00000 -1.00000 0.00000
1622750540132836 -0.29615 0.95514 -0.00000 -105.41005 0.95514 0.29615 0.00000 39.88743 0.00000 0.00000 -1.00000 0.00000
1622750540382833 -0.36687 0.93027 0.00000 -109.54503 0.93027 0.36687 0.00000 31.96672 0.00000 0.00000 -1.00000 0.00000
