1618339756109153 1.00000 0.00000 0.00000 -0.00000 0.00000 -1.00000 0.00000 0.00000 0.00000 -0.00000 -1.00000 0.00000
1618339756359163 1.00000 -0.00163 0.00000 0.01155 -0.00163 -1.00000 0.00000 0.00074 -0.00000 -0.00000 -1.00000 0.00000
1618339756609167 1.00000 -0.00037 0.00000 0.01525 -0.00037 -1.00000 0.00000 -0.01015 -0.00000 -0.00000 -1.00000 -0.00000
1618339756859169 1.00000 0.00017 -0.00000 0.01936 0.00017 -1.00000 0.00000 -0.01702 0.00000 -0.00000 -1.00000 -0.00000
1618339757109174 1.00000 0.00104 -0.00000 0.00509 0.00104 -1.00000 0.00000 -0.01083 0.00000 -0.00000 -1.00000 -0.00000
1618339757359177 1.00000 -0.00062 0.00000 -0.00448 -0.00062 -1.00000 0.00000 -0.00089 -0.00000 -0.00000 -1.00000 -0.00000
1618339757608556 0.99999 0.00474 0.00000 -0.00256 0.00474 -0.99999 0.00000 -0.00185 0.00000 -0.00000 -1.00000 -0.00000
1618339757858563 0.99999 0.00445 0.00000 0.00252 0.00445 -0.99999 0.00000 -0.00914 0.00000 -0.00000 -1.00000 -0.00000
1618339758108561 0.99999 0.00389 0.00000 0.01037 0.00389 -0.99999 0.00000 -0.00722 0.00000 -0.00000 -1.00000 -0.00000
1618339758358566 1.00000 0.00107 0.00000 -0.00437 0.00107 -1.00000 0.00000 -0.02865 0.00000 -0.00000 -1.00000 -0.00000
1618339758609195 1.00000 -0.00148 0.00000 0.01872 -0.00148 -1.00000 0.00000 0.00548 -0.00000 -0.00000 -1.00000 0.00000
1618339758858577 0.99998 -0.00577 0.00000 0.02329 -0.00577 -0.99998 0.00000 -0.00514 -0.00000 -0.00000 -1.00000 -0.00000
1618339759109213 1.00000 -0.00247 -0.00000 0.02494 -0.00247 -1.00000 0.00000 -0.00120 -0.00000 -0.00000 -1.00000 -0.00000
1618339759359204 1.00000 -0.00191 0.00000 0.01686 -0.00191 -1.00000 0.00000 -0.00022 -0.00000 -0.00000 -1.00000 -0.00000
1618339759609209 1.00000 -0.00035 0.00000 0.00710 -0.00035 -1.00000 0.00000 -0.00832 -0.00000 -0.00000 -1.00000 -0.00000
1618339759859230 1.00000 -0.00009 0.00000 0.00731 -0.00009 -1.00000 0.00000 -0.00584 -0.00000 -0.00000 -1.00000 -0.00000
1618339760109220 1.00000 -0.00077 0.00000 -0.00310 -0.00077 -1.00000 0.00000 -0.02387 -0.00000 -0.00000 -1.00000 -0.00000
1618339760359227 0.99999 -0.00342 0.00000 -0.01418 -0.00342 -0.99999 0.00000 0.00215 -0.00000 -0.00000 -1.00000 0.00000
1618339760609852 0.99999 -0.00357 0.00000 0.02499 -0.00357 -0.99999 0.00000 -0.00656 -0.00000 -0.00000 -1.00000 -0.00000
1618339760859854 1.00000 0.00065 0.00000 0.01562 0.00065 -1.00000 0.00000 -0.01077 0.00000 -0.00000 -1.00000 -0.00000
1618339761109863 1.00000 0.00101 -0.00000 -0.01391 0.00101 -1.00000 0.00000 0.00160 0.00000 -0.00000 -1.00000 0.00000
1618339761359865 1.00000 -0.00086 0.00000 0.01544 -0.00086 -1.00000 0.00000 -0.00604 -0.00000 -0.00000 -1.00000 -0.00000
1618339761609873 1.00000 -0.00228 0.00000 0.01401 -0.00228 -1.00000 0.00000 0.00392 -0.00000 -0.00000 -1.00000 0.00000
1618339761859247 0.99999 -0.00480 -0.00000 -0.00751 -0.00480 -0.99999 0.00000 -0.01761 -0.00000 -0.00000 -1.00000 -0.00000
1618339762109251 1.00000 -0.00121 0.00000 -0.02150 -0.00121 -1.00000 0.00000 -0.01635 -0.00000 -0.00000 -1.00000 -0.00000
1618339762359261 0.99999 -0.00349 0.00000 -0.01834 -0.00349 -0.99999 0.00000 -0.00956 -0.00000 -0.00000 -1.00000 -0.00000
1618339762609886 0.99999 -0.00439 -0.00000 0.02876 -0.00439 -0.99999 0.00000 0.00361 -0.00000 -0.00000 -1.00000 0.00000
1618339762859889 1.00000 -0.00053 0.00000 0.02269 -0.00053 -1.00000 0.00000 -0.01298 -0.00000 -0.00000 -1.00000 -0.00000
1618339763109893 0.99999 0.00425 0.00000 -0.00828 0.00425 -0.99999 0.00000 -0.00184 0.00000 -0.00000 -1.00000 -0.00000
1618339763359894 1.00000 0.00169 0.00000 -0.00279 0.00169 -1.00000 0.00000 0.00320 0.00000 -0.00000 -1.00000 0.00000
1618339763609899 1.00000 -0.00117 0.00000 0.00291 -0.00117 -1.00000 0.00000 -0.00208 -0.00000 -0.00000 -1.00000 -0.00000
1618339763859287 1.00000 0.00251 0.00000 0.00691 0.00251 -1.00000 0.00000 -0.01956 0.00000 -0.00000 -1.00000 -0.00000
1618339764109288 1.00000 0.00240 -0.00000 0.00215 0.00240 -1.00000 0.00000 0.00371 0.00000 -0.00000 -1.00000 0.00000
1618339764359918 1.00000 0.00219 0.00000 -0.01086 0.00219 -1.00000 0.00000 0.01813 0.00000 -0.00000 -1.00000 0.00000
1618339764609919 1.00000 -0.00001 0.00000 0.01359 -0.00001 -1.00000 0.00000 -0.00890 -0.00000 -0.00000 -1.00000 -0.00000
1618339764859925 1.00000 -0.00222 0.00000 0.02208 -0.00222 -1.00000 0.00000 -0.01606 -0.00000 -0.00000 -1.00000 -0.00000
1618339765109925 1.00000 0.00026 0.00000 0.01059 0.00026 -1.00000 0.00000 -0.01396 0.00000 -0.00000 -1.00000 -0.00000
1618339765359935 1.00000 0.00213 0.00000 0.00575 0.00213 -1.00000 0.00000 -0.00648 0.00000 -0.00000 -1.00000 -0.00000
1618339765609934 1.00000 0.00307 0.00000 -0.00236 0.00307 -1.00000 0.00000 -0.00044 0.00000 -0.00000 -1.00000 -0.00000
1618339765859942 1.00000 0.00140 0.00000 0.00480 0.00140 -1.00000 0.00000 0.00228 0.00000 -0.00000 -1.00000 0.00000
1618339766109946 1.00000 0.00118 0.00000 0.01129 0.00118 -1.00000 0.00000 -0.01189 0.00000 -0.00000 -1.00000 -0.00000
1618339766359941 1.00000 0.00306 -0.00000 0.00665 0.00306 -1.00000 0.00000 -0.00075 0.00000 -0.00000 -1.00000 -0.00000
1618339766609951 0.99999 0.00410 0.00000 0.00758 0.00410 -0.99999 0.00000 -0.00670 0.00000 -0.00000 -1.00000 -0.00000
1618339766859951 0.99999 0.00352 -0.00000 -0.00492 0.00352 -0.99999 0.00000 -0.00215 0.00000 -0.00000 -1.00000 -0.00000
1618339767109970 1.00000 0.00126 0.00000 -0.00212 0.00126 -1.00000 0.00000 -0.01675 0.00000 -0.00000 -1.00000 -0.00000
1618339767359961 0.99999 0.00466 0.00000 0.00903 0.00466 -0.99999 0.00000 -0.01195 0.00000 -0.00000 -1.00000 -0.00000
1618339767609962 1.00000 0.00185 0.00000 -0.01991 0.00185 -1.00000 0.00000 0.00201 0.00000 -0.00000 -1.00000 0.00000
1618339767859980 1.00000 -0.00195 -0.00000 0.01147 -0.00195 -1.00000 0.00000 0.00049 -0.00000 -0.00000 -1.00000 0.00000
1618339768109972 1.00000 -0.00265 0.00000 -0.03334 -0.00265 -1.00000 0.00000 0.01003 -0.00000 -0.00000 -1.00000 0.00000
1618339768359982 1.00000 -0.00233 0.00000 -0.13313 -0.00233 -1.00000 0.00000 0.01835 -0.00000 -0.00000 -1.00000 0.00000
1618339768609982 0.99995 -0.01008 0.00000 -0.30846 -0.01008 -0.99995 0.00000 0.00195 -0.00000 -0.00000 -1.00000 0.00000
1618339768859989 0.99980 -0.01982 -0.00000 -0.59961 -0.01982 -0.99980 0.00000 -0.00958 -0.00000 -0.00000 -1.00000 -0.00000
1618339769109987 0.99950 -0.03168 0.00000 -0.98986 -0.03168 -0.99950 0.00000 -0.03211 -0.00000 -0.00000 -1.00000 -0.00000
1618339769360615 0.99818 -0.06023 0.00000 -1.44686 -0.06023 -0.99818 0.00000 -0.02828 -0.00000 -0.00000 -1.00000 -0.00000
1618339769609999 0.99663 -0.08205 0.00000 -1.98804 -0.08205 -0.99663 0.00000 0.02669 -0.00000 -0.00000 -1.00000 0.00000
1618339769859374 0.99497 -0.10018 -0.00000 -2.67676 -0.10018 -0.99497 0.00000 -0.04428 -0.00000 -0.00000 -1.00000 -0.00000
1618339770110009 0.99325 -0.11601 0.00000 -3.47088 -0.11601 -0.99325 0.00000 0.06874 -0.00000 -0.00000 -1.00000 0.00000
1618339770359385 0.99348 -0.11402 0.00000 -4.31456 -0.11402 -0.99348 0.00000 -0.02518 -0.00000 -0.00000 -1.00000 -0.00000
1618339770609390 0.99391 -0.11023 0.00000 -5.28618 -0.11023 -0.99391 0.00000 0.01883 -0.00000 -0.00000 -1.00000 0.00000
1618339770859395 0.99432 -0.10643 0.00000 -6.31011 -0.10643 -0.99432 0.00000 0.05236 -0.00000 -0.00000 -1.00000 0.00000
1618339771109395 0.99508 -0.09906 0.00000 -7.40605 -0.09906 -0.99508 0.00000 -0.08819 -0.00000 -0.00000 -1.00000 -0.00000
1618339771359401 0.99559 -0.09380 0.00000 -8.60091 -0.09380 -0.99559 0.00000 -0.21196 -0.00000 -0.00000 -1.00000 -0.00000
1618339771609405 0.99683 -0.07961 -0.00000 -9.78384 -0.07961 -0.99683 0.00000 -0.35212 -0.00000 -0.00000 -1.00000 -0.00000
1618339771859409 0.99732 -0.07315 0.00000 -11.06932 -0.07315 -0.99732 0.00000 -0.44752 -0.00000 -0.00000 -1.00000 -0.00000
1618339772110042 0.99753 -0.07026 0.00000 -12.36655 -0.07026 -0.99753 0.00000 -0.41609 -0.00000 -0.00000 -1.00000 -0.00000
1618339772360043 0.99812 -0.06133 0.00000 -13.74690 -0.06133 -0.99812 0.00000 -0.51010 -0.00000 -0.00000 -1.00000 -0.00000
1618339772609422 0.99881 -0.04879 0.00000 -15.14331 -0.04879 -0.99881 0.00000 -0.85808 -0.00000 -0.00000 -1.00000 -0.00000
1618339772860053 0.99858 -0.05330 0.00000 -16.72130 -0.05330 -0.99858 0.00000 -0.73763 -0.00000 -0.00000 -1.00000 -0.00000
1618339773110058 0.99869 -0.05115 0.00000 -18.26318 -0.05115 -0.99869 0.00000 -0.80492 -0.00000 -0.00000 -1.00000 -0.00000
1618339773359437 0.99907 -0.04315 0.00000 -19.96541 -0.04315 -0.99907 0.00000 -0.91199 -0.00000 -0.00000 -1.00000 -0.00000
1618339773610060 0.99910 -0.04230 0.00000 -21.63372 -0.04230 -0.99910 0.00000 -0.95597 -0.00000 -0.00000 -1.00000 -0.00000
1618339773859442 0.99923 -0.03934 0.00000 -23.37430 -0.03934 -0.99923 0.00000 -1.16383 -0.00000 -0.00000 -1.00000 -0.00000
1618339774109442 0.99944 -0.03340 0.00000 -25.20649 -0.03340 -0.99944 0.00000 -1.32464 -0.00000 -0.00000 -1.00000 -0.00000
1618339774359452 0.99975 -0.02234 0.00000 -27.01301 -0.02234 -0.99975 0.00000 -1.61948 -0.00000 -0.00000 -1.00000 -0.00000
1618339774609452 0.99989 -0.01507 0.00000 -28.92939 -0.01507 -0.99989 0.00000 -1.76346 -0.00000 -0.00000 -1.00000 -0.00000
1618339774859462 0.99989 -0.01506 0.00000 -30.83026 -0.01506 -0.99989 0.00000 -1.80504 -0.00000 -0.00000 -1.00000 -0.00000
1618339775109473 1.00000 -0.00182 -0.00000 -32.63973 -0.00182 -1.00000 0.00000 -2.41014 -0.00000 -0.00000 -1.00000 -0.00000
1618339775360088 1.00000 0.00258 0.00000 -34.70055 0.00258 -1.00000 0.00000 -2.46520 0.00000 -0.00000 -1.00000 -0.00000
1618339775610093 0.99984 0.01783 0.00000 -36.62747 0.01783 -0.99984 0.00000 -3.04611 0.00000 -0.00000 -1.00000 -0.00000
1618339775860138 0.99960 0.02816 -0.00000 -38.51677 0.02816 -0.99960 0.00000 -3.44251 0.00000 -0.00000 -1.00000 -0.00000
1618339776110106 0.99920 0.04009 0.00000 -40.50689 0.04009 -0.99920 0.00000 -3.92484 0.00000 -0.00000 -1.00000 -0.00000
1618339776360734 0.99862 0.05256 0.00000 -42.47087 0.05256 -0.99862 0.00000 -4.44997 0.00000 -0.00000 -1.00000 -0.00000
1618339776610734 0.99792 0.06454 0.00000 -44.48933 0.06454 -0.99792 0.00000 -4.92300 0.00000 -0.00000 -1.00000 -0.00000
1618339776861365 0.99785 0.06548 0.00000 -46.50828 0.06548 -0.99785 0.00000 -5.09421 0.00000 -0.00000 -1.00000 -0.00000
1618339777111371 0.99760 0.06926 -0.00000 -48.60540 0.06926 -0.99760 0.00000 -5.24894 0.00000 -0.00000 -1.00000 -0.00000
1618339777360749 0.99747 0.07108 0.00000 -50.71321 0.07108 -0.99747 0.00000 -5.43411 0.00000 -0.00000 -1.00000 -0.00000
1618339777611377 0.99758 0.06949 0.00000 -52.83467 0.06949 -0.99758 0.00000 -5.35723 0.00000 -0.00000 -1.00000 -0.00000
1618339777860765 0.99740 0.07203 0.00000 -54.96577 0.07203 -0.99740 0.00000 -5.54131 0.00000 -0.00000 -1.00000 -0.00000
1618339778110758 0.99729 0.07354 0.00000 -57.02123 0.07354 -0.99729 0.00000 -5.62021 0.00000 -0.00000 -1.00000 -0.00000
1618339778360764 0.99667 0.08160 0.00000 -59.06239 0.08160 -0.99667 0.00000 -6.12023 0.00000 -0.00000 -1.00000 -0.00000
1618339778610768 0.99716 0.07528 0.00000 -61.24264 0.07528 -0.99716 0.00000 -5.59795 0.00000 -0.00000 -1.00000 -0.00000
1618339778860147 0.99682 0.07968 0.00000 -63.28659 0.07968 -0.99682 0.00000 -6.07278 0.00000 -0.00000 -1.00000 -0.00000
1618339779110151 0.99681 0.07982 -0.00000 -65.40309 0.07982 -0.99681 0.00000 -6.16218 0.00000 -0.00000 -1.00000 -0.00000
1618339779360157 0.99704 0.07684 -0.00000 -67.47427 0.07684 -0.99704 0.00000 -6.02073 0.00000 -0.00000 -1.00000 -0.00000
1618339779610610 0.99683 0.07953 -0.00000 -69.50615 0.07953 -0.99683 0.00000 -6.26211 0.00000 -0.00000 -1.00000 -0.00000
1618339779860160 0.99676 0.08040 0.00000 -71.61556 0.08040 -0.99676 0.00000 -6.21185 0.00000 -0.00000 -1.00000 -0.00000
1618339780110166 0.99663 0.08198 0.00000 -73.69175 0.08198 -0.99663 0.00000 -6.31795 0.00000 -0.00000 -1.00000 -0.00000
1618339780360163 0.99671 0.08100 0.00000 -75.77392 0.08100 -0.99671 0.00000 -6.22184 0.00000 -0.00000 -1.00000 -0.00000
1618339780610172 0.99700 0.07738 -0.00000 -77.82729 0.07738 -0.99700 0.00000 -5.95867 0.00000 -0.00000 -1.00000 -0.00000
1618339780860178 0.99790 0.06478 0.00000 -79.90970 0.06478 -0.99790 0.00000 -4.98387 0.00000 -0.00000 -1.00000 -0.00000
1618339781110179 0.99894 0.04602 0.00000 -82.00372 0.04602 -0.99894 0.00000 -3.63675 0.00000 -0.00000 -1.00000 -0.00000
1618339781360182 0.99992 0.01280 0.00000 -84.13419 0.01280 -0.99992 0.00000 -0.86879 0.00000 -0.00000 -1.00000 -0.00000
1618339781610186 0.99962 -0.02760 0.00000 -86.12220 -0.02760 -0.99962 0.00000 2.43470 -0.00000 -0.00000 -1.00000 0.00000
1618339781860821 0.99694 -0.07814 0.00000 -87.80182 -0.07814 -0.99694 0.00000 6.96376 -0.00000 -0.00000 -1.00000 0.00000
1618339782110203 0.99314 -0.11696 0.00000 -89.44990 -0.11696 -0.99314 0.00000 10.19736 -0.00000 -0.00000 -1.00000 0.00000
1618339782360200 0.98735 -0.15858 -0.00000 -90.95520 -0.15858 -0.98735 0.00000 14.06224 -0.00000 -0.00000 -1.00000 0.00000
1618339782610203 0.97797 -0.20872 0.00000 -92.06556 -0.20872 -0.97797 0.00000 18.69499 -0.00000 -0.00000 -1.00000 0.00000
1618339782859589 0.96479 -0.26303 -0.00000 -92.82074 -0.26303 -0.96479 0.00000 23.70852 -0.00000 -0.00000 -1.00000 0.00000
1618339783109596 0.94684 -0.32171 0.00000 -93.04839 -0.32171 -0.94684 0.00000 29.37214 -0.00000 -0.00000 -1.00000 0.00000
1618339783359596 0.92476 -0.38054 0.00000 -93.00645 -0.38054 -0.92476 0.00000 35.24005 -0.00000 -0.00000 -1.00000 0.00000
1618339783608973 0.89996 -0.43596 0.00000 -92.63133 -0.43596 -0.89996 0.00000 40.80950 -0.00000 -0.00000 -1.00000 0.00000
1618339783858355 0.86912 -0.49460 -0.00000 -91.61481 -0.49460 -0.86912 0.00000 46.84351 -0.00000 -0.00000 -1.00000 0.00000
1618339784107729 0.83478 -0.55058 0.00000 -90.24558 -0.55058 -0.83478 0.00000 52.63883 -0.00000 -0.00000 -1.00000 0.00000
1618339784357749 0.79595 -0.60537 0.00000 -88.44012 -0.60537 -0.79595 0.00000 58.56661 -0.00000 -0.00000 -1.00000 0.00000
1618339784608365 0.74862 -0.66300 0.00000 -85.72528 -0.66300 -0.74862 0.00000 65.06298 -0.00000 -0.00000 -1.00000 0.00000
1618339784858371 0.70158 -0.71259 -0.00000 -82.91591 -0.71259 -0.70158 0.00000 70.75062 -0.00000 -0.00000 -1.00000 0.00000
1618339785108366 0.65425 -0.75627 -0.00000 -80.06313 -0.75627 -0.65425 0.00000 75.96417 -0.00000 -0.00000 -1.00000 0.00000
1618339785357752 0.60673 -0.79491 0.00000 -77.05654 -0.79491 -0.60673 0.00000 80.61350 -0.00000 -0.00000 -1.00000 0.00000
1618339785607755 0.55283 -0.83330 0.00000 -73.40060 -0.83330 -0.55283 0.00000 85.64135 -0.00000 -0.00000 -1.00000 0.00000
1618339785857136 0.50156 -0.86512 0.00000 -69.95722 -0.86512 -0.50156 0.00000 89.95180 -0.00000 -0.00000 -1.00000 0.00000
1618339786106513 0.45851 -0.88869 0.00000 -67.34925 -0.88869 -0.45851 0.00000 93.02564 -0.00000 -0.00000 -1.00000 0.00000
1618339786355891 0.41683 -0.90898 -0.00000 -64.85465 -0.90898 -0.41683 0.00000 96.15778 -0.00000 -0.00000 -1.00000 0.00000
1618339786605895 0.37578 -0.92671 -0.00000 -62.42501 -0.92671 -0.37578 0.00000 99.02772 -0.00000 -0.00000 -1.00000 0.00000
1618339786855278 0.35428 -0.93514 0.00000 -62.07797 -0.93514 -0.35428 0.00000 100.34552 -0.00000 -0.00000 -1.00000 0.00000
1618339787104655 0.34584 -0.93829 0.00000 -63.09633 -0.93829 -0.34584 0.00000 100.74687 -0.00000 -0.00000 -1.00000 0.00000
1618339787354655 0.34545 -0.93844 0.00000 -64.99631 -0.93844 -0.34545 0.00000 101.02394 -0.00000 -0.00000 -1.00000 0.00000
1618339787604037 0.35851 -0.93352 0.00000 -68.41258 -0.93352 -0.35851 0.00000 99.94666 -0.00000 -0.00000 -1.00000 0.00000
1618339787853415 0.38210 -0.92412 0.00000 -72.90827 -0.92412 -0.38210 0.00000 98.08939 -0.00000 -0.00000 -1.00000 0.00000
1618339788103420 0.40253 -0.91541 0.00000 -77.16702 -0.91541 -0.40253 0.00000 96.51099 -0.00000 -0.00000 -1.00000 0.00000
1618339788353420 0.42457 -0.90540 0.00000 -81.53961 -0.90540 -0.42457 0.00000 94.50479 -0.00000 -0.00000 -1.00000 0.00000
1618339788602798 0.45506 -0.89046 0.00000 -86.74103 -0.89046 -0.45506 0.00000 91.50347 -0.00000 -0.00000 -1.00000 0.00000
1618339788852808 0.47795 -0.87839 0.00000 -91.19769 -0.87839 -0.47795 0.00000 89.18241 -0.00000 -0.00000 -1.00000 0.00000
1618339789103439 0.49886 -0.86668 -0.00000 -95.45141 -0.86668 -0.49886 0.00000 86.95834 -0.00000 -0.00000 -1.00000 0.00000
1618339789354690 0.51921 -0.85465 -0.00000 -99.68999 -0.85465 -0.51921 0.00000 84.71781 -0.00000 -0.00000 -1.00000 0.00000
1618339789605320 0.54185 -0.84048 -0.00000 -104.07074 -0.84048 -0.54185 0.00000 81.99542 -0.00000 -0.00000 -1.00000 0.00000
1618339789855947 0.56129 -0.82762 0.00000 -108.11810 -0.82762 -0.56129 0.00000 79.54749 -0.00000 -0.00000 -1.00000 0.00000
1618339790106575 0.57251 -0.81990 0.00000 -111.35614 -0.81990 -0.57251 0.00000 78.03566 -0.00000 -0.00000 -1.00000 0.00000
1618339790356579 0.58885 -0.80825 0.00000 -114.87918 -0.80825 -0.58885 0.00000 75.62636 -0.00000 -0.00000 -1.00000 0.00000
1618339790606585 0.60184 -0.79862 0.00000 -118.28118 -0.79862 -0.60184 0.00000 73.77260 -0.00000 -0.00000 -1.00000 0.00000
1618339790856591 0.61763 -0.78647 0.00000 -121.76126 -0.78647 -0.61763 0.00000 71.29827 -0.00000 -0.00000 -1.00000 0.00000
1618339791106604 0.63202 -0.77495 0.00000 -125.14573 -0.77495 -0.63202 0.00000 68.92515 -0.00000 -0.00000 -1.00000 0.00000
1618339791357222 0.63556 -0.77206 0.00000 -127.60376 -0.77206 -0.63556 0.00000 68.40843 -0.00000 -0.00000 -1.00000 0.00000
1618339791606600 0.65373 -0.75673 0.00000 -131.11224 -0.75673 -0.65373 0.00000 65.30784 -0.00000 -0.00000 -1.00000 0.00000
1618339791856615 0.66424 -0.74752 0.00000 -134.11817 -0.74752 -0.66424 0.00000 63.48045 -0.00000 -0.00000 -1.00000 0.00000
1618339792106609 0.67340 -0.73928 0.00000 -136.90496 -0.73928 -0.67340 0.00000 61.70545 -0.00000 -0.00000 -1.00000 0.00000
1618339792357237 0.67735 -0.73566 -0.00000 -139.18111 -0.73566 -0.67735 0.00000 61.04737 -0.00000 -0.00000 -1.00000 0.00000
1618339792607244 0.68469 -0.72884 0.00000 -141.72510 -0.72884 -0.68469 0.00000 59.63321 -0.00000 -0.00000 -1.00000 0.00000
1618339792857248 0.69333 -0.72062 0.00000 -144.35465 -0.72062 -0.69333 0.00000 57.99426 -0.00000 -0.00000 -1.00000 0.00000
1618339793106623 0.70804 -0.70617 0.00000 -147.39225 -0.70617 -0.70804 0.00000 54.96008 -0.00000 -0.00000 -1.00000 0.00000
1618339793356002 0.73692 -0.67598 0.00000 -151.34995 -0.67598 -0.73692 0.00000 48.61179 -0.00000 -0.00000 -1.00000 0.00000
1618339793606004 0.77303 -0.63437 0.00000 -155.47438 -0.63437 -0.77303 0.00000 40.28067 -0.00000 -0.00000 -1.00000 0.00000
1618339793856012 0.81670 -0.57706 0.00000 -159.63139 -0.57706 -0.81670 0.00000 28.93871 -0.00000 -0.00000 -1.00000 0.00000
1618339794106014 0.86421 -0.50314 -0.00000 -163.13307 -0.50314 -0.86421 0.00000 14.71674 -0.00000 -0.00000 -1.00000 0.00000
1618339794356026 0.90929 -0.41617 0.00000 -165.33163 -0.41617 -0.90929 0.00000 -1.37358 -0.00000 -0.00000 -1.00000 -0.00000
1618339794606647 0.95156 -0.30746 -0.00000 -165.41854 -0.30746 -0.95156 0.00000 -20.71406 -0.00000 -0.00000 -1.00000 -0.00000
1618339794856029 0.98332 -0.18188 0.00000 -162.61019 -0.18188 -0.98332 0.00000 -41.89794 -0.00000 -0.00000 -1.00000 -0.00000
1618339795106031 0.99890 -0.04680 -0.00000 -156.68982 -0.04680 -0.99890 0.00000 -63.57965 -0.00000 -0.00000 -1.00000 -0.00000
1618339795356034 0.99424 0.10716 0.00000 -146.22991 0.10716 -0.99424 0.00000 -86.81734 0.00000 -0.00000 -1.00000 -0.00000
1618339795606659 0.96484 0.26285 0.00000 -131.85013 0.26285 -0.96484 0.00000 -108.85792 0.00000 -0.00000 -1.00000 -0.00000
1618339795856683 0.90405 0.42744 -0.00000 -111.84129 0.42744 -0.90405 0.00000 -130.30677 0.00000 -0.00000 -1.00000 -0.00000
1618339796106677 0.81151 0.58434 0.00000 -87.49048 0.58434 -0.81151 0.00000 -148.31490 0.00000 -0.00000 -1.00000 -0.00000
1618339796356679 0.69478 0.71922 0.00000 -60.75637 0.71922 -0.69478 0.00000 -161.49554 0.00000 -0.00000 -1.00000 -0.00000
1618339796606681 0.54527 0.83826 0.00000 -29.99123 0.83826 -0.54527 0.00000 -170.05734 0.00000 -0.00000 -1.00000 -0.00000
1618339796856688 0.37668 0.92634 -0.00000 1.66456 0.92634 -0.37668 0.00000 -172.64823 0.00000 -0.00000 -1.00000 -0.00000
1618339797106687 0.18893 0.98199 -0.00000 34.32136 0.98199 -0.18893 0.00000 -168.90936 0.00000 -0.00000 -1.00000 -0.00000
1618339797357316 -0.01579 0.99988 0.00000 67.19359 0.99988 0.01579 0.00000 -158.27253 0.00000 0.00000 -1.00000 -0.00000
1618339797607945 -0.21560 0.97648 0.00000 96.50889 0.97648 0.21560 0.00000 -141.58795 0.00000 0.00000 -1.00000 -0.00000
1618339797858573 -0.39244 0.91978 0.00000 120.02006 0.91978 0.39244 0.00000 -121.28068 0.00000 0.00000 -1.00000 -0.00000
1618339798108576 -0.55411 0.83244 0.00000 139.25459 0.83244 0.55411 0.00000 -97.21269 0.00000 0.00000 -1.00000 -0.00000
1618339798359211 -0.68659 0.72705 0.00000 152.62006 0.72705 0.68659 0.00000 -72.30580 0.00000 0.00000 -1.00000 -0.00000
1618339798609839 -0.79030 0.61273 -0.00000 160.80239 0.61273 0.79030 0.00000 -47.96387 0.00000 0.00000 -1.00000 -0.00000
1618339798860467 -0.86210 0.50674 0.00000 164.40326 0.50674 0.86210 0.00000 -26.92273 0.00000 0.00000 -1.00000 -0.00000
1618339799110486 -0.91240 0.40929 0.00000 165.25424 0.40929 0.91240 0.00000 -8.81467 0.00000 0.00000 -1.00000 -0.00000
1618339799360476 -0.94095 0.33854 0.00000 164.20018 0.33854 0.94095 0.00000 3.79981 0.00000 0.00000 -1.00000 0.00000
1618339799611104 -0.95470 0.29758 0.00000 162.72087 0.29758 0.95470 0.00000 10.90352 0.00000 0.00000 -1.00000 0.00000
1618339799861113 -0.96520 0.26151 0.00000 160.93025 0.26151 0.96520 0.00000 17.02080 0.00000 0.00000 -1.00000 0.00000
1618339800111112 -0.97060 0.24071 0.00000 159.13068 0.24071 0.97060 0.00000 20.48599 0.00000 0.00000 -1.00000 0.00000
1618339800361116 -0.97199 0.23502 0.00000 157.67916 0.23502 0.97199 0.00000 21.38558 0.00000 0.00000 -1.00000 0.00000
1618339800611116 -0.96893 0.24734 0.00000 156.54089 0.24734 0.96893 0.00000 19.39961 0.00000 0.00000 -1.00000 0.00000
1618339800860501 -0.96682 0.25545 0.00000 155.25825 0.25545 0.96682 0.00000 18.03428 0.00000 0.00000 -1.00000 0.00000
1618339801110507 -0.95886 0.28388 0.00000 154.05717 0.28388 0.95886 0.00000 13.40145 0.00000 0.00000 -1.00000 0.00000
1618339801361131 -0.94667 0.32221 0.00000 153.15386 0.32221 0.94667 0.00000 7.21781 0.00000 0.00000 -1.00000 0.00000
1618339801611136 -0.92801 0.37256 0.00000 151.70785 0.37256 0.92801 0.00000 -1.01743 0.00000 0.00000 -1.00000 -0.00000
1618339801860516 -0.91308 0.40777 0.00000 150.06592 0.40777 0.91308 0.00000 -6.76902 0.00000 0.00000 -1.00000 -0.00000
1618339802110517 -0.88954 0.45687 0.00000 147.80687 0.45687 0.88954 0.00000 -14.97864 0.00000 0.00000 -1.00000 -0.00000
1618339802359901 -0.86503 0.50172 0.00000 145.41946 0.50172 0.86503 0.00000 -22.55814 0.00000 0.00000 -1.00000 -0.00000
1618339802609904 -0.83756 0.54635 0.00000 142.22204 0.54635 0.83756 0.00000 -30.10519 0.00000 0.00000 -1.00000 -0.00000
1618339802859904 -0.80266 0.59644 0.00000 138.47990 0.59644 0.80266 0.00000 -38.81360 0.00000 0.00000 -1.00000 -0.00000
1618339803109285 -0.77587 0.63090 0.00000 134.88402 0.63090 0.77587 0.00000 -44.89207 0.00000 0.00000 -1.00000 -0.00000
1618339803359292 -0.73230 0.68098 0.00000 129.79909 0.68098 0.73230 0.00000 -53.67099 0.00000 0.00000 -1.00000 -0.00000
1618339803608669 -0.69845 0.71566 0.00000 125.34525 0.71566 0.69845 0.00000 -59.99834 0.00000 0.00000 -1.00000 -0.00000
1618339803858052 -0.66335 0.74831 0.00000 120.41209 0.74831 0.66335 0.00000 -66.00405 0.00000 0.00000 -1.00000 -0.00000
1618339804108051 -0.62326 0.78202 0.00000 114.88766 0.78202 0.62326 0.00000 -72.30589 0.00000 0.00000 -1.00000 -0.00000
1618339804358686 -0.58357 0.81206 0.00000 109.26104 0.81206 0.58357 0.00000 -77.86790 0.00000 0.00000 -1.00000 -0.00000
1618339804608058 -0.54853 0.83613 0.00000 103.92145 0.83613 0.54853 0.00000 -82.47824 0.00000 0.00000 -1.00000 -0.00000
1618339804858058 -0.50796 0.86138 -0.00000 97.88358 0.86138 0.50796 0.00000 -87.25718 0.00000 0.00000 -1.00000 -0.00000
1618339805106817 -0.48047 0.87701 -0.00000 93.03959 0.87701 0.48047 0.00000 -90.39451 0.00000 0.00000 -1.00000 -0.00000
1618339805356821 -0.45314 0.89144 0.00000 88.21676 0.89144 0.45314 0.00000 -93.20949 0.00000 0.00000 -1.00000 -0.00000
1618339805606201 -0.44166 0.89718 -0.00000 84.86413 0.89718 0.44166 0.00000 -94.48280 0.00000 0.00000 -1.00000 -0.00000
1618339805856208 -0.42768 0.90393 0.00000 81.20552 0.90393 0.42768 0.00000 -95.82379 0.00000 0.00000 -1.00000 -0.00000
1618339806106204 -0.41469 0.90996 0.00000 77.67315 0.90996 0.41469 0.00000 -97.00945 0.00000 0.00000 -1.00000 -0.00000
1618339806356209 -0.40084 0.91615 0.00000 74.07349 0.91615 0.40084 0.00000 -98.16517 0.00000 0.00000 -1.00000 -0.00000
1618339806605586 -0.39231 0.91983 -0.00000 71.01201 0.91983 0.39231 0.00000 -99.02971 0.00000 0.00000 -1.00000 -0.00000
1618339806855596 -0.38589 0.92254 0.00000 68.18652 0.92254 0.38589 0.00000 -99.60660 0.00000 0.00000 -1.00000 -0.00000
1618339807105601 -0.39084 0.92046 0.00000 66.53152 0.92046 0.39084 0.00000 -99.16920 0.00000 0.00000 -1.00000 -0.00000
1618339807355601 -0.39997 0.91653 0.00000 65.40474 0.91653 0.39997 0.00000 -98.49747 0.00000 0.00000 -1.00000 -0.00000
1618339807605603 -0.42240 0.90641 0.00000 65.67096 0.90641 0.42240 0.00000 -96.75932 0.00000 0.00000 -1.00000 -0.00000
1618339807855628 -0.45501 0.89049 0.00000 67.05517 0.89049 0.45501 0.00000 -94.37938 0.00000 0.00000 -1.00000 -0.00000
1618339808105613 -0.49652 0.86802 0.00000 69.36325 0.86802 0.49652 0.00000 -91.36345 0.00000 0.00000 -1.00000 -0.00000
1618339808356245 -0.54365 0.83931 0.00000 72.18819 0.83931 0.54365 0.00000 -87.28609 0.00000 0.00000 -1.00000 -0.00000
1618339808606246 -0.59627 0.80279 0.00000 75.67554 0.80279 0.59627 0.00000 -82.72628 0.00000 0.00000 -1.00000 -0.00000
1618339808856255 -0.64676 0.76270 -0.00000 78.85654 0.76270 0.64676 0.00000 -77.80675 0.00000 0.00000 -1.00000 -0.00000
1618339809106255 -0.69740 0.71668 0.00000 81.96852 0.71668 0.69740 0.00000 -72.26814 0.00000 0.00000 -1.00000 -0.00000
1618339809356268 -0.74670 0.66516 -0.00000 84.87428 0.66516 0.74670 0.00000 -66.38590 0.00000 0.00000 -1.00000 -0.00000
1618339809606261 -0.79246 0.60992 -0.00000 87.47914 0.60992 0.79246 0.00000 -60.10222 0.00000 0.00000 -1.00000 -0.00000
1618339809856267 -0.83707 0.54710 0.00000 89.85589 0.54710 0.83707 0.00000 -53.41387 0.00000 0.00000 -1.00000 -0.00000
1618339810106272 -0.87254 0.48854 0.00000 91.34298 0.48854 0.87254 0.00000 -47.07773 0.00000 0.00000 -1.00000 -0.00000
1618339810356277 -0.90119 0.43342 0.00000 92.19173 0.43342 0.90119 0.00000 -41.40723 0.00000 0.00000 -1.00000 -0.00000
1618339810606904 -0.92506 0.37981 0.00000 92.46795 0.37981 0.92506 0.00000 -35.91695 0.00000 0.00000 -1.00000 -0.00000
1618339810856906 -0.94726 0.32047 0.00000 92.71009 0.32047 0.94726 0.00000 -30.10995 0.00000 0.00000 -1.00000 -0.00000
1618339811106911 -0.96486 0.26276 -0.00000 92.32043 0.26276 0.96486 0.00000 -24.48084 0.00000 0.00000 -1.00000 -0.00000
1618339811356288 -0.98071 0.19545 0.00000 91.90728 0.19545 0.98071 0.00000 -18.07528 0.00000 0.00000 -1.00000 -0.00000
1618339811606300 -0.99093 0.13442 0.00000 90.77338 0.13442 0.99093 0.00000 -12.46419 0.00000 0.00000 -1.00000 -0.00000
1618339811856928 -0.99611 0.08808 0.00000 89.21009 0.08808 0.99611 0.00000 -8.13888 0.00000 0.00000 -1.00000 -0.00000
1618339812106928 -0.99905 0.04352 -0.00000 87.39275 0.04352 0.99905 0.00000 -4.25905 0.00000 0.00000 -1.00000 -0.00000
1618339812356933 -1.00000 0.00087 0.00000 85.48714 0.00087 1.00000 0.00000 -0.43088 0.00000 0.00000 -1.00000 -0.00000
1618339812606941 -0.99971 -0.02399 0.00000 83.39724 -0.02399 0.99971 0.00000 1.71204 -0.00000 0.00000 -1.00000 0.00000
1618339812856317 -0.99875 -0.05004 -0.00000 81.23903 -0.05004 0.99875 0.00000 3.81865 -0.00000 0.00000 -1.00000 0.00000
1618339813106319 -0.99806 -0.06230 0.00000 79.13125 -0.06230 0.99806 0.00000 4.74330 -0.00000 0.00000 -1.00000 0.00000
1618339813356319 -0.99723 -0.07443 0.00000 76.88373 -0.07443 0.99723 0.00000 5.75278 -0.00000 0.00000 -1.00000 0.00000
1618339813606328 -0.99674 -0.08065 0.00000 74.72958 -0.08065 0.99674 0.00000 6.03501 -0.00000 0.00000 -1.00000 0.00000
1618339813856960 -0.99731 -0.07332 0.00000 72.62186 -0.07332 0.99731 0.00000 5.51197 -0.00000 0.00000 -1.00000 0.00000
1618339814106333 -0.99763 -0.06886 0.00000 70.48502 -0.06886 0.99763 0.00000 5.21664 -0.00000 0.00000 -1.00000 0.00000
1618339814356353 -0.99798 -0.06349 0.00000 68.29809 -0.06349 0.99798 0.00000 4.86634 -0.00000 0.00000 -1.00000 0.00000
1618339814606342 -0.99845 -0.05571 -0.00000 66.21984 -0.05571 0.99845 0.00000 4.25622 -0.00000 0.00000 -1.00000 0.00000
1618339814856344 -0.99894 -0.04598 0.00000 64.06857 -0.04598 0.99894 0.00000 3.55914 -0.00000 0.00000 -1.00000 0.00000
1618339815106364 -0.99933 -0.03647 -0.00000 61.96660 -0.03647 0.99933 0.00000 2.90670 -0.00000 0.00000 -1.00000 0.00000
1618339815355736 -0.99907 -0.04317 -0.00000 59.77310 -0.04317 0.99907 0.00000 3.18393 -0.00000 0.00000 -1.00000 0.00000
1618339815606359 -0.99922 -0.03941 0.00000 57.65807 -0.03941 0.99922 0.00000 3.06893 -0.00000 0.00000 -1.00000 0.00000
1618339815855739 -0.99925 -0.03884 0.00000 55.56003 -0.03884 0.99925 0.00000 3.02160 -0.00000 0.00000 -1.00000 0.00000
1618339816105739 -0.99955 -0.02997 0.00000 53.45268 -0.02997 0.99955 0.00000 2.44014 -0.00000 0.00000 -1.00000 0.00000
1618339816355748 -0.99949 -0.03198 0.00000 51.38962 -0.03198 0.99949 0.00000 2.54103 -0.00000 0.00000 -1.00000 0.00000
1618339816605748 -0.99958 -0.02889 0.00000 49.32399 -0.02889 0.99958 0.00000 2.33183 -0.00000 0.00000 -1.00000 0.00000
1618339816855753 -0.99943 -0.03363 0.00000 47.27906 -0.03363 0.99943 0.00000 2.50449 -0.00000 0.00000 -1.00000 0.00000
1618339817105750 -0.99902 -0.04418 0.00000 45.20356 -0.04418 0.99902 0.00000 2.86848 -0.00000 0.00000 -1.00000 0.00000
1618339817355770 -0.99876 -0.04982 0.00000 43.19359 -0.04982 0.99876 0.00000 3.04403 -0.00000 0.00000 -1.00000 0.00000
1618339817606391 -0.99936 -0.03589 0.00000 41.19664 -0.03589 0.99936 0.00000 2.51593 -0.00000 0.00000 -1.00000 0.00000
1618339817856394 -0.99980 -0.02001 -0.00000 39.23022 -0.02001 0.99980 0.00000 1.92786 -0.00000 0.00000 -1.00000 0.00000
1618339818106398 -0.99996 -0.00854 0.00000 37.18666 -0.00854 0.99996 0.00000 1.48230 -0.00000 0.00000 -1.00000 0.00000
1618339818355775 -1.00000 -0.00206 0.00000 35.24000 -0.00206 1.00000 0.00000 1.08394 -0.00000 0.00000 -1.00000 0.00000
1618339818605783 -1.00000 0.00164 0.00000 33.13254 0.00164 1.00000 0.00000 1.02624 0.00000 0.00000 -1.00000 0.00000
1618339818855787 -0.99998 0.00602 0.00000 31.13461 0.00602 0.99998 0.00000 0.89026 0.00000 0.00000 -1.00000 0.00000
1618339819105164 -0.99998 0.00699 0.00000 29.07122 0.00699 0.99998 0.00000 0.74694 0.00000 0.00000 -1.00000 0.00000
1618339819355168 -0.99987 0.01626 0.00000 26.95548 0.01626 0.99987 0.00000 0.51667 0.00000 0.00000 -1.00000 0.00000
1618339819604546 -0.99980 0.01992 0.00000 24.87058 0.01992 0.99980 0.00000 0.22750 0.00000 0.00000 -1.00000 0.00000
1618339819854552 -0.99950 0.03154 0.00000 22.69748 0.03154 0.99950 0.00000 0.04263 0.00000 0.00000 -1.00000 0.00000
1618339820103928 -0.99947 0.03264 0.00000 20.59817 0.03264 0.99947 0.00000 -0.19289 0.00000 0.00000 -1.00000 -0.00000
1618339820353315 -0.99942 0.03419 0.00000 18.44726 0.03419 0.99942 0.00000 -0.19689 0.00000 0.00000 -1.00000 -0.00000
1618339820603315 -0.99945 0.03301 0.00000 16.33779 0.03301 0.99945 0.00000 -0.20021 0.00000 0.00000 -1.00000 -0.00000
1618339820853318 -0.99924 0.03900 -0.00000 14.06917 0.03900 0.99924 0.00000 -0.26839 0.00000 0.00000 -1.00000 -0.00000
1618339821104573 -0.99879 0.04909 0.00000 11.90628 0.04909 0.99879 0.00000 -0.46027 0.00000 0.00000 -1.00000 -0.00000
1618339821355204 -0.99881 0.04876 0.00000 9.67391 0.04876 0.99881 0.00000 -0.49852 0.00000 0.00000 -1.00000 -0.00000
1618339821605840 -0.99898 0.04514 -0.00000 7.41576 0.04514 0.99898 0.00000 -0.47452 0.00000 0.00000 -1.00000 -0.00000
1618339821855838 -0.99874 0.05022 -0.00000 5.13361 0.05022 0.99874 0.00000 -0.59484 0.00000 0.00000 -1.00000 -0.00000
1618339822105850 -0.99883 0.04836 -0.00000 2.86533 0.04836 0.99883 0.00000 -0.59286 0.00000 0.00000 -1.00000 -0.00000
1618339822355850 -0.99869 0.05109 0.00000 0.51532 0.05109 0.99869 0.00000 -0.58159 0.00000 0.00000 -1.00000 -0.00000
1618339822605848 -0.99867 0.05150 0.00000 -1.76818 0.05150 0.99867 0.00000 -0.58598 0.00000 0.00000 -1.00000 -0.00000
1618339822855850 -0.99866 0.05167 0.00000 -4.14078 0.05167 0.99866 0.00000 -0.69174 0.00000 0.00000 -1.00000 -0.00000
1618339823105232 -0.99905 0.04357 0.00000 -6.54068 0.04357 0.99905 0.00000 -0.82298 0.00000 0.00000 -1.00000 -0.00000
1618339823355249 -0.99917 0.04073 0.00000 -8.87292 0.04073 0.99917 0.00000 -0.72449 0.00000 0.00000 -1.00000 -0.00000
1618339823604617 -0.99929 0.03766 0.00000 -11.23596 0.03766 0.99929 0.00000 -0.74739 0.00000 0.00000 -1.00000 -0.00000
1618339823854619 -0.99936 0.03570 -0.00000 -13.69820 0.03570 0.99936 0.00000 -0.93839 0.00000 0.00000 -1.00000 -0.00000
1618339824104000 -0.99979 0.02063 0.00000 -15.93963 0.02063 0.99979 0.00000 -1.10492 0.00000 0.00000 -1.00000 -0.00000
1618339824353998 -0.99981 0.01930 0.00000 -18.50040 0.01930 0.99981 0.00000 -1.21232 0.00000 0.00000 -1.00000 -0.00000
1618339824604003 -0.99985 0.01709 0.00000 -20.75761 0.01709 0.99985 0.00000 -1.31782 0.00000 0.00000 -1.00000 -0.00000
1618339824853390 -0.99996 0.00854 0.00000 -23.19048 0.00854 0.99996 0.00000 -1.61632 0.00000 0.00000 -1.00000 -0.00000
1618339825103393 -1.00000 0.00242 0.00000 -25.49863 0.00242 1.00000 0.00000 -1.69566 0.00000 0.00000 -1.00000 -0.00000
1618339825354023 -0.99998 -0.00694 0.00000 -27.80049 -0.00694 0.99998 0.00000 -1.84677 -0.00000 0.00000 -1.00000 -0.00000
1618339825604645 -0.99991 -0.01376 0.00000 -30.13366 -0.01376 0.99991 0.00000 -2.19084 -0.00000 0.00000 -1.00000 -0.00000
1618339825855274 -0.99988 -0.01578 0.00000 -32.51056 -0.01578 0.99988 0.00000 -2.27792 -0.00000 0.00000 -1.00000 -0.00000
1618339826105911 -0.99976 -0.02193 0.00000 -34.70941 -0.02193 0.99976 0.00000 -2.46842 -0.00000 0.00000 -1.00000 -0.00000
1618339826356528 -0.99975 -0.02217 0.00000 -37.10386 -0.02217 0.99975 0.00000 -2.41207 -0.00000 0.00000 -1.00000 -0.00000
1618339826606535 -0.99963 -0.02703 0.00000 -39.39054 -0.02703 0.99963 0.00000 -2.64367 -0.00000 0.00000 -1.00000 -0.00000
1618339826856544 -0.99969 -0.02500 0.00000 -41.61587 -0.02500 0.99969 0.00000 -2.61423 -0.00000 0.00000 -1.00000 -0.00000
1618339827105922 -0.99944 -0.03350 0.00000 -43.80956 -0.03350 0.99944 0.00000 -2.98122 -0.00000 0.00000 -1.00000 -0.00000
1618339827355925 -0.99946 -0.03283 0.00000 -45.90549 -0.03283 0.99946 0.00000 -3.02593 -0.00000 0.00000 -1.00000 -0.00000
1618339827605302 -0.99900 -0.04482 0.00000 -47.94665 -0.04482 0.99900 0.00000 -3.66355 -0.00000 0.00000 -1.00000 -0.00000
1618339827855305 -0.99940 -0.03453 0.00000 -49.91916 -0.03453 0.99940 0.00000 -3.13394 -0.00000 0.00000 -1.00000 -0.00000
1618339828104685 -0.99913 -0.04164 0.00000 -51.82931 -0.04164 0.99913 0.00000 -3.50026 -0.00000 0.00000 -1.00000 -0.00000
1618339828354687 -0.99953 -0.03063 -0.00000 -53.71802 -0.03063 0.99953 0.00000 -3.00402 -0.00000 0.00000 -1.00000 -0.00000
1618339828604687 -0.99989 -0.01474 -0.00000 -55.41103 -0.01474 0.99989 0.00000 -2.01686 -0.00000 0.00000 -1.00000 -0.00000
1618339828854072 -0.99999 0.00545 0.00000 -57.07800 0.00545 0.99999 0.00000 -1.04960 0.00000 0.00000 -1.00000 -0.00000
1618339829103451 -0.99870 0.05099 0.00000 -58.64625 0.05099 0.99870 0.00000 1.54844 0.00000 0.00000 -1.00000 0.00000
1618339829352833 -0.99580 0.09158 -0.00000 -60.03636 0.09158 0.99580 0.00000 3.70316 0.00000 0.00000 -1.00000 0.00000
1618339829603458 -0.98922 0.14642 0.00000 -60.98025 0.14642 0.98922 0.00000 7.14396 0.00000 0.00000 -1.00000 0.00000
1618339829854085 -0.97813 0.20802 0.00000 -61.73542 0.20802 0.97813 0.00000 10.89867 0.00000 0.00000 -1.00000 0.00000
1618339830105338 -0.95748 0.28849 0.00000 -61.89442 0.28849 0.95748 0.00000 16.09463 0.00000 0.00000 -1.00000 0.00000
1618339830355967 -0.92740 0.37406 0.00000 -61.38177 0.37406 0.92740 0.00000 21.50562 0.00000 0.00000 -1.00000 0.00000
1618339830605977 -0.88841 0.45905 0.00000 -60.28530 0.45905 0.88841 0.00000 27.05283 0.00000 0.00000 -1.00000 0.00000
1618339830855983 -0.83103 0.55622 0.00000 -58.00890 0.55622 0.83103 0.00000 33.74007 0.00000 0.00000 -1.00000 0.00000
1618339831105360 -0.76029 0.64958 -0.00000 -54.76129 0.64958 0.76029 0.00000 40.21744 0.00000 0.00000 -1.00000 0.00000
1618339831354732 -0.67653 0.73642 0.00000 -50.59148 0.73642 0.67653 0.00000 46.45823 0.00000 0.00000 -1.00000 0.00000
1618339831604741 -0.58071 0.81411 0.00000 -45.60480 0.81411 0.58071 0.00000 52.34919 0.00000 0.00000 -1.00000 0.00000
1618339831854120 -0.47140 0.88192 0.00000 -39.64680 0.88192 0.47140 0.00000 57.98182 0.00000 0.00000 -1.00000 0.00000
1618339832102869 -0.37425 0.92733 0.00000 -34.24312 0.92733 0.37425 0.00000 61.58176 0.00000 0.00000 -1.00000 0.00000
1618339832352878 -0.27751 0.96072 0.00000 -28.90936 0.96072 0.27751 0.00000 64.95004 0.00000 0.00000 -1.00000 0.00000
1618339832602880 -0.20531 0.97870 0.00000 -25.18601 0.97870 0.20531 0.00000 66.87694 0.00000 0.00000 -1.00000 0.00000
1618339832852891 -0.16841 0.98572 0.00000 -23.88282 0.98572 0.16841 0.00000 67.59374 0.00000 0.00000 -1.00000 0.00000
1618339833104142 -0.12778 0.99180 0.00000 -22.26394 0.99180 0.12778 0.00000 68.67218 0.00000 0.00000 -1.00000 0.00000
1618339833354779 -0.10978 0.99396 0.00000 -22.29417 0.99396 0.10978 0.00000 68.72469 0.00000 0.00000 -1.00000 0.00000
1618339833606024 -0.09238 0.99572 0.00000 -22.48588 0.99572 0.09238 0.00000 69.21191 0.00000 0.00000 -1.00000 0.00000
1618339833856667 -0.07656 0.99706 0.00000 -22.68379 0.99706 0.07656 0.00000 69.36584 0.00000 0.00000 -1.00000 0.00000
1618339834106657 -0.07461 0.99721 0.00000 -23.96426 0.99721 0.07461 0.00000 69.49351 0.00000 0.00000 -1.00000 0.00000
1618339834356659 -0.04970 0.99876 -0.00000 -23.72121 0.99876 0.04970 0.00000 69.97060 0.00000 0.00000 -1.00000 0.00000
1618339834606663 -0.03193 0.99949 0.00000 -23.95025 0.99949 0.03193 0.00000 70.41058 0.00000 0.00000 -1.00000 0.00000
1618339834856041 -0.03792 0.99928 0.00000 -25.95448 0.99928 0.03792 0.00000 70.18569 0.00000 0.00000 -1.00000 0.00000
1618339835106050 -0.00875 0.99996 0.00000 -25.51120 0.99996 0.00875 0.00000 70.86457 0.00000 0.00000 -1.00000 0.00000
1618339835355429 -0.01008 0.99995 0.00000 -27.14747 0.99995 0.01008 0.00000 70.98181 0.00000 0.00000 -1.00000 0.00000
1618339835605431 0.00141 1.00000 -0.00000 -28.06257 1.00000 -0.00141 0.00000 71.05068 0.00000 -0.00000 -1.00000 0.00000
1618339835855432 0.01620 0.99987 0.00000 -28.71045 0.99987 -0.01620 0.00000 71.51698 0.00000 -0.00000 -1.00000 0.00000
1618339836104809 0.02910 0.99958 -0.00000 -29.42959 0.99958 -0.02910 0.00000 71.80533 0.00000 -0.00000 -1.00000 0.00000
1618339836354816 0.05162 0.99867 -0.00000 -29.62650 0.99867 -0.05162 0.00000 72.44167 0.00000 -0.00000 -1.00000 0.00000
1618339836604825 0.07471 0.99721 0.00000 -29.63622 0.99721 -0.07471 0.00000 73.12311 0.00000 -0.00000 -1.00000 0.00000
1618339836854202 0.09042 0.99590 0.00000 -30.30356 0.99590 -0.09042 0.00000 73.52850 0.00000 -0.00000 -1.00000 0.00000
1618339837104203 0.11811 0.99300 0.00000 -30.10799 0.99300 -0.11811 0.00000 74.34193 0.00000 -0.00000 -1.00000 0.00000
1618339837353579 0.14129 0.98997 0.00000 -30.20922 0.98997 -0.14129 0.00000 74.91752 0.00000 -0.00000 -1.00000 0.00000
1618339837603591 0.15004 0.98868 0.00000 -31.25156 0.98868 -0.15004 0.00000 75.12774 0.00000 -0.00000 -1.00000 0.00000
1618339837853593 0.15551 0.98783 0.00000 -32.78327 0.98783 -0.15551 0.00000 75.33646 0.00000 -0.00000 -1.00000 0.00000
1618339838104845 0.14548 0.98936 0.00000 -35.35461 0.98936 -0.14548 0.00000 74.95453 0.00000 -0.00000 -1.00000 0.00000
1618339838355477 0.13582 0.99073 -0.00000 -37.99833 0.99073 -0.13582 0.00000 74.50116 0.00000 -0.00000 -1.00000 0.00000
1618339838606102 0.10964 0.99397 0.00000 -41.69391 0.99397 -0.10964 0.00000 73.44140 0.00000 -0.00000 -1.00000 0.00000
1618339838856731 0.08852 0.99607 0.00000 -45.27005 0.99607 -0.08852 0.00000 72.50898 0.00000 -0.00000 -1.00000 0.00000
