1614710324911017 1.00000 0.00000 0.00000 -0.00000 0.00000 -1.00000 0.00000 0.00000 0.00000 -0.00000 -1.00000 0.00000
1614710325160392 1.00000 -0.00094 0.00000 0.00856 -0.00094 -1.00000 0.00000 -0.03492 -0.00000 -0.00000 -1.00000 -0.00000
1614710325409770 1.00000 0.00237 0.00000 0.01365 0.00237 -1.00000 0.00000 -0.01506 0.00000 -0.00000 -1.00000 -0.00000
1614710325659775 1.00000 0.00040 0.00000 0.00249 0.00040 -1.00000 0.00000 0.01221 0.00000 -0.00000 -1.00000 0.00000
1614710325909776 1.00000 -0.00179 0.00000 0.00533 -0.00179 -1.00000 0.00000 -0.00904 -0.00000 -0.00000 -1.00000 -0.00000
1614710326160403 1.00000 -0.00280 0.00000 -0.01029 -0.00280 -1.00000 0.00000 0.04257 -0.00000 -0.00000 -1.00000 0.00000
1614710326410413 1.00000 -0.00061 -0.00000 0.00522 -0.00061 -1.00000 0.00000 -0.03670 -0.00000 -0.00000 -1.00000 -0.00000
1614710326661036 0.99999 -0.00474 0.00000 0.00913 -0.00474 -0.99999 0.00000 -0.01027 -0.00000 -0.00000 -1.00000 -0.00000
1614710326911041 0.99999 -0.00497 -0.00000 0.01217 -0.00497 -0.99999 0.00000 -0.01140 -0.00000 -0.00000 -1.00000 -0.00000
1614710327161043 0.99999 -0.00384 0.00000 -0.00270 -0.00384 -0.99999 0.00000 -0.00427 -0.00000 -0.00000 -1.00000 -0.00000
1614710327411043 0.99998 -0.00700 -0.00000 0.00318 -0.00700 -0.99998 0.00000 0.00174 -0.00000 -0.00000 -1.00000 0.00000
1614710327660423 1.00000 -0.00149 0.00000 0.00295 -0.00149 -1.00000 0.00000 0.00640 -0.00000 -0.00000 -1.00000 0.00000
1614710327909800 1.00000 0.00009 0.00000 0.03026 0.00009 -1.00000 0.00000 -0.05247 0.00000 -0.00000 -1.00000 -0.00000
1614710328159804 1.00000 -0.00281 0.00000 -0.00169 -0.00281 -1.00000 0.00000 0.00723 -0.00000 -0.00000 -1.00000 0.00000
1614710328409807 1.00000 0.00019 0.00000 0.01169 0.00019 -1.00000 0.00000 -0.04337 0.00000 -0.00000 -1.00000 -0.00000
1614710328660439 0.99997 -0.00777 0.00000 0.01663 -0.00777 -0.99997 0.00000 -0.02143 -0.00000 -0.00000 -1.00000 -0.00000
1614710328910434 0.99999 -0.00438 0.00000 0.00838 -0.00438 -0.99999 0.00000 -0.02301 -0.00000 -0.00000 -1.00000 -0.00000
1614710329160442 1.00000 -0.00072 0.00000 0.00402 -0.00072 -1.00000 0.00000 -0.01079 -0.00000 -0.00000 -1.00000 -0.00000
1614710329410440 1.00000 0.00239 0.00000 0.01279 0.00239 -1.00000 0.00000 -0.02462 0.00000 -0.00000 -1.00000 -0.00000
1614710329660446 1.00000 0.00311 -0.00000 0.01620 0.00311 -1.00000 0.00000 -0.02356 0.00000 -0.00000 -1.00000 -0.00000
1614710329910454 1.00000 -0.00096 0.00000 -0.02103 -0.00096 -1.00000 0.00000 0.00720 -0.00000 -0.00000 -1.00000 0.00000
1614710330160456 0.99997 -0.00718 0.00000 -0.03698 -0.00718 -0.99997 0.00000 0.03094 -0.00000 -0.00000 -1.00000 0.00000
1614710330409830 1.00000 -0.00285 0.00000 -0.07438 -0.00285 -1.00000 0.00000 -0.02283 -0.00000 -0.00000 -1.00000 -0.00000
1614710330659837 1.00000 0.00117 0.00000 -0.14577 0.00117 -1.00000 0.00000 -0.03823 0.00000 -0.00000 -1.00000 -0.00000
1614710330910465 0.99998 -0.00636 0.00000 -0.24565 -0.00636 -0.99998 0.00000 0.00885 -0.00000 -0.00000 -1.00000 0.00000
1614710331160465 0.99997 -0.00770 0.00000 -0.36095 -0.00770 -0.99997 0.00000 0.03807 -0.00000 -0.00000 -1.00000 0.00000
1614710331411087 0.99991 -0.01374 -0.00000 -0.63185 -0.01374 -0.99991 0.00000 0.04825 -0.00000 -0.00000 -1.00000 0.00000
1614710331661092 0.99991 -0.01333 0.00000 -0.95718 -0.01333 -0.99991 0.00000 -0.01096 -0.00000 -0.00000 -1.00000 -0.00000
1614710331911722 0.99978 -0.02081 0.00000 -1.36527 -0.02081 -0.99978 0.00000 0.13093 -0.00000 -0.00000 -1.00000 0.00000
1614710332161104 0.99949 -0.03185 -0.00000 -1.86278 -0.03185 -0.99949 0.00000 0.07207 -0.00000 -0.00000 -1.00000 0.00000
1614710332410479 0.99875 -0.04999 0.00000 -2.40449 -0.04999 -0.99875 0.00000 0.08813 -0.00000 -0.00000 -1.00000 0.00000
1614710332659852 0.99777 -0.06674 -0.00000 -3.06027 -0.06674 -0.99777 0.00000 0.04892 -0.00000 -0.00000 -1.00000 0.00000
1614710332909863 0.99610 -0.08823 -0.00000 -3.75946 -0.08823 -0.99610 0.00000 0.06985 -0.00000 -0.00000 -1.00000 0.00000
1614710333159866 0.99411 -0.10841 -0.00000 -4.46238 -0.10841 -0.99411 0.00000 0.13257 -0.00000 -0.00000 -1.00000 0.00000
1614710333409864 0.99343 -0.11446 0.00000 -5.28290 -0.11446 -0.99343 0.00000 0.12846 -0.00000 -0.00000 -1.00000 0.00000
1614710333660495 0.99259 -0.12149 0.00000 -6.12048 -0.12149 -0.99259 0.00000 0.25741 -0.00000 -0.00000 -1.00000 0.00000
1614710333911119 0.99203 -0.12603 -0.00000 -7.09919 -0.12603 -0.99203 0.00000 0.27140 -0.00000 -0.00000 -1.00000 0.00000
1614710334161127 0.99224 -0.12433 0.00000 -8.01626 -0.12433 -0.99224 0.00000 0.18919 -0.00000 -0.00000 -1.00000 0.00000
1614710334411134 0.99264 -0.12112 0.00000 -9.03158 -0.12112 -0.99264 0.00000 0.23163 -0.00000 -0.00000 -1.00000 0.00000
1614710334661130 0.99352 -0.11366 0.00000 -10.01726 -0.11366 -0.99352 0.00000 0.07275 -0.00000 -0.00000 -1.00000 0.00000
1614710334911139 0.99489 -0.10098 0.00000 -11.10404 -0.10098 -0.99489 0.00000 -0.03797 -0.00000 -0.00000 -1.00000 -0.00000
1614710335161142 0.99537 -0.09608 0.00000 -12.26242 -0.09608 -0.99537 0.00000 -0.04229 -0.00000 -0.00000 -1.00000 -0.00000
1614710335409890 0.99696 -0.07792 0.00000 -13.40945 -0.07792 -0.99696 0.00000 -0.36648 -0.00000 -0.00000 -1.00000 -0.00000
1614710335659899 0.99755 -0.06989 0.00000 -14.60521 -0.06989 -0.99755 0.00000 -0.42921 -0.00000 -0.00000 -1.00000 -0.00000
1614710335909900 0.99847 -0.05533 0.00000 -15.78355 -0.05533 -0.99847 0.00000 -0.82483 -0.00000 -0.00000 -1.00000 -0.00000
1614710336159903 0.99914 -0.04135 0.00000 -16.98732 -0.04135 -0.99914 0.00000 -1.04082 -0.00000 -0.00000 -1.00000 -0.00000
1614710336410525 0.99944 -0.03348 0.00000 -18.44776 -0.03348 -0.99944 0.00000 -1.19303 -0.00000 -0.00000 -1.00000 -0.00000
1614710336661158 0.99966 -0.02596 0.00000 -19.72241 -0.02596 -0.99966 0.00000 -1.26560 -0.00000 -0.00000 -1.00000 -0.00000
1614710336911158 0.99999 -0.00505 0.00000 -20.91397 -0.00505 -0.99999 0.00000 -1.76226 -0.00000 -0.00000 -1.00000 -0.00000
1614710337161163 0.99999 0.00404 0.00000 -22.28983 0.00404 -0.99999 0.00000 -2.03269 0.00000 -0.00000 -1.00000 -0.00000
1614710337411168 0.99997 0.00826 0.00000 -23.59976 0.00826 -0.99997 0.00000 -2.04948 0.00000 -0.00000 -1.00000 -0.00000
1614710337660567 0.99995 0.01044 0.00000 -24.92065 0.01044 -0.99995 0.00000 -2.11792 0.00000 -0.00000 -1.00000 -0.00000
1614710337909321 0.99980 0.01976 -0.00000 -26.22563 0.01976 -0.99980 0.00000 -2.51996 0.00000 -0.00000 -1.00000 -0.00000
1614710338158752 0.99962 0.02751 0.00000 -27.65356 0.02751 -0.99962 0.00000 -2.68628 0.00000 -0.00000 -1.00000 -0.00000
1614710338408703 0.99956 0.02968 0.00000 -29.14733 0.02968 -0.99956 0.00000 -2.78373 0.00000 -0.00000 -1.00000 -0.00000
1614710338659333 0.99948 0.03233 0.00000 -30.58779 0.03233 -0.99948 0.00000 -2.87026 0.00000 -0.00000 -1.00000 -0.00000
1614710338909964 0.99940 0.03453 0.00000 -32.26130 0.03453 -0.99940 0.00000 -2.96443 0.00000 -0.00000 -1.00000 -0.00000
1614710339159962 0.99933 0.03671 -0.00000 -33.97457 0.03671 -0.99933 0.00000 -3.09565 0.00000 -0.00000 -1.00000 -0.00000
1614710339410588 0.99931 0.03717 0.00000 -35.53282 0.03717 -0.99931 0.00000 -3.13337 0.00000 -0.00000 -1.00000 -0.00000
1614710339661222 0.99921 0.03974 0.00000 -37.31502 0.03974 -0.99921 0.00000 -3.22257 0.00000 -0.00000 -1.00000 -0.00000
1614710339911221 0.99894 0.04612 0.00000 -39.07752 0.04612 -0.99894 0.00000 -3.50418 0.00000 -0.00000 -1.00000 -0.00000
1614710340161850 0.99836 0.05716 0.00000 -40.81657 0.05716 -0.99836 0.00000 -3.98180 0.00000 -0.00000 -1.00000 -0.00000
1614710340411858 0.99834 0.05763 0.00000 -42.64230 0.05763 -0.99834 0.00000 -3.97861 0.00000 -0.00000 -1.00000 -0.00000
1614710340661854 0.99869 0.05118 -0.00000 -44.55676 0.05118 -0.99869 0.00000 -3.78012 0.00000 -0.00000 -1.00000 -0.00000
1614710340911232 0.99863 0.05228 0.00000 -46.41982 0.05228 -0.99863 0.00000 -3.78337 0.00000 -0.00000 -1.00000 -0.00000
1614710341160610 0.99851 0.05451 -0.00000 -48.35377 0.05451 -0.99851 0.00000 -3.94914 0.00000 -0.00000 -1.00000 -0.00000
1614710341409993 0.99847 0.05530 0.00000 -50.35540 0.05530 -0.99847 0.00000 -4.01287 0.00000 -0.00000 -1.00000 -0.00000
1614710341659365 0.99860 0.05288 0.00000 -52.36647 0.05288 -0.99860 0.00000 -3.94652 0.00000 -0.00000 -1.00000 -0.00000
1614710341909358 0.99840 0.05652 0.00000 -54.42190 0.05652 -0.99840 0.00000 -4.21948 0.00000 -0.00000 -1.00000 -0.00000
1614710342159984 0.99812 0.06130 0.00000 -56.51111 0.06130 -0.99812 0.00000 -4.52918 0.00000 -0.00000 -1.00000 -0.00000
1614710342409992 0.99763 0.06878 0.00000 -58.61134 0.06878 -0.99763 0.00000 -4.99192 0.00000 -0.00000 -1.00000 -0.00000
1614710342660621 0.99776 0.06682 0.00000 -60.81651 0.06682 -0.99776 0.00000 -4.85981 0.00000 -0.00000 -1.00000 -0.00000
1614710342910638 0.99688 0.07899 0.00000 -62.93520 0.07899 -0.99688 0.00000 -5.76406 0.00000 -0.00000 -1.00000 -0.00000
1614710343161256 0.99708 0.07630 0.00000 -65.14567 0.07630 -0.99708 0.00000 -5.61459 0.00000 -0.00000 -1.00000 -0.00000
1614710343411246 0.99640 0.08472 0.00000 -67.30132 0.08472 -0.99640 0.00000 -6.06064 0.00000 -0.00000 -1.00000 -0.00000
1614710343661257 0.99574 0.09223 0.00000 -69.38110 0.09223 -0.99574 0.00000 -6.52199 0.00000 -0.00000 -1.00000 -0.00000
1614710343910630 0.99526 0.09724 0.00000 -71.51362 0.09724 -0.99526 0.00000 -6.83901 0.00000 -0.00000 -1.00000 -0.00000
1614710344160005 0.99515 0.09834 0.00000 -73.71556 0.09834 -0.99515 0.00000 -6.92614 0.00000 -0.00000 -1.00000 -0.00000
1614710344409379 0.99555 0.09425 0.00000 -75.83349 0.09425 -0.99555 0.00000 -6.76944 0.00000 -0.00000 -1.00000 -0.00000
1614710344660012 0.99677 0.08030 0.00000 -78.02813 0.08030 -0.99677 0.00000 -5.56658 0.00000 -0.00000 -1.00000 -0.00000
1614710344910635 0.99802 0.06287 -0.00000 -80.17746 0.06287 -0.99802 0.00000 -4.21743 0.00000 -0.00000 -1.00000 -0.00000
1614710345160644 0.99892 0.04639 0.00000 -82.37586 0.04639 -0.99892 0.00000 -2.95228 0.00000 -0.00000 -1.00000 -0.00000
1614710345411274 0.99995 0.00970 0.00000 -84.48941 0.00970 -0.99995 0.00000 0.05778 0.00000 -0.00000 -1.00000 0.00000
1614710345661901 0.99957 -0.02932 0.00000 -86.41306 -0.02932 -0.99957 0.00000 3.34348 -0.00000 -0.00000 -1.00000 0.00000
1614710345911274 0.99760 -0.06920 0.00000 -88.29291 -0.06920 -0.99760 0.00000 6.78431 -0.00000 -0.00000 -1.00000 0.00000
1614710346160664 0.99274 -0.12029 0.00000 -89.73249 -0.12029 -0.99274 0.00000 11.38810 -0.00000 -0.00000 -1.00000 0.00000
1614710346410659 0.98123 -0.19287 -0.00000 -90.58471 -0.19287 -0.98123 0.00000 17.98779 -0.00000 -0.00000 -1.00000 0.00000
1614710346659409 0.96728 -0.25370 -0.00000 -91.30385 -0.25370 -0.96728 0.00000 23.51347 -0.00000 -0.00000 -1.00000 0.00000
1614710346908790 0.94847 -0.31686 -0.00000 -91.40970 -0.31686 -0.94847 0.00000 29.41553 -0.00000 -0.00000 -1.00000 0.00000
1614710347158792 0.92614 -0.37718 0.00000 -91.31676 -0.37718 -0.92614 0.00000 35.26644 -0.00000 -0.00000 -1.00000 0.00000
1614710347408797 0.89802 -0.43995 0.00000 -90.50904 -0.43995 -0.89802 0.00000 41.59368 -0.00000 -0.00000 -1.00000 0.00000
1614710347659429 0.86341 -0.50450 0.00000 -89.12554 -0.50450 -0.86341 0.00000 47.91592 -0.00000 -0.00000 -1.00000 0.00000
1614710347909430 0.82486 -0.56534 0.00000 -87.31511 -0.56534 -0.82486 0.00000 54.25817 -0.00000 -0.00000 -1.00000 0.00000
1614710348160058 0.78414 -0.62058 0.00000 -85.32467 -0.62058 -0.78414 0.00000 60.27775 -0.00000 -0.00000 -1.00000 0.00000
1614710348410684 0.73666 -0.67626 0.00000 -82.48680 -0.67626 -0.73666 0.00000 66.32219 -0.00000 -0.00000 -1.00000 0.00000
1614710348660697 0.69358 -0.72038 0.00000 -80.07211 -0.72038 -0.69358 0.00000 71.13072 -0.00000 -0.00000 -1.00000 0.00000
1614710348910686 0.63921 -0.76903 0.00000 -76.52217 -0.76903 -0.63921 0.00000 76.77281 -0.00000 -0.00000 -1.00000 0.00000
1614710349160700 0.59133 -0.80643 0.00000 -73.51475 -0.80643 -0.59133 0.00000 81.22929 -0.00000 -0.00000 -1.00000 0.00000
1614710349410695 0.55657 -0.83080 0.00000 -71.82998 -0.83080 -0.55657 0.00000 84.23661 -0.00000 -0.00000 -1.00000 0.00000
1614710349660703 0.51807 -0.85534 0.00000 -69.82649 -0.85534 -0.51807 0.00000 87.63170 -0.00000 -0.00000 -1.00000 0.00000
1614710349910078 0.49040 -0.87150 0.00000 -68.91212 -0.87150 -0.49040 0.00000 89.77070 -0.00000 -0.00000 -1.00000 0.00000
1614710350160084 0.46976 -0.88279 -0.00000 -68.79090 -0.88279 -0.46976 0.00000 91.35301 -0.00000 -0.00000 -1.00000 0.00000
1614710350410717 0.45705 -0.88944 0.00000 -69.58298 -0.88944 -0.45705 0.00000 92.29924 -0.00000 -0.00000 -1.00000 0.00000
1614710350661336 0.44933 -0.89337 0.00000 -70.94788 -0.89337 -0.44933 0.00000 93.06333 -0.00000 -0.00000 -1.00000 0.00000
1614710350911339 0.44294 -0.89655 0.00000 -72.47158 -0.89655 -0.44294 0.00000 93.46015 -0.00000 -0.00000 -1.00000 0.00000
1614710351161966 0.42741 -0.90406 -0.00000 -73.00801 -0.90406 -0.42741 0.00000 94.63678 -0.00000 -0.00000 -1.00000 0.00000
1614710351411350 0.43310 -0.90135 0.00000 -75.90127 -0.90135 -0.43310 0.00000 93.96364 -0.00000 -0.00000 -1.00000 0.00000
1614710351661350 0.43132 -0.90220 -0.00000 -78.06994 -0.90220 -0.43132 0.00000 94.23969 -0.00000 -0.00000 -1.00000 0.00000
1614710351910723 0.43816 -0.89890 0.00000 -81.03362 -0.89890 -0.43816 0.00000 93.67430 -0.00000 -0.00000 -1.00000 0.00000
1614710352160104 0.44640 -0.89483 0.00000 -84.15540 -0.89483 -0.44640 0.00000 92.72594 -0.00000 -0.00000 -1.00000 0.00000
1614710352410108 0.45329 -0.89136 0.00000 -87.09798 -0.89136 -0.45329 0.00000 92.07442 -0.00000 -0.00000 -1.00000 0.00000
1614710352660114 0.46618 -0.88469 0.00000 -90.68944 -0.88469 -0.46618 0.00000 90.75455 -0.00000 -0.00000 -1.00000 0.00000
1614710352910742 0.47351 -0.88079 -0.00000 -93.67997 -0.88079 -0.47351 0.00000 89.85422 -0.00000 -0.00000 -1.00000 0.00000
1614710353160744 0.48487 -0.87458 0.00000 -96.98788 -0.87458 -0.48487 0.00000 88.69328 -0.00000 -0.00000 -1.00000 0.00000
1614710353410746 0.49658 -0.86799 0.00000 -100.36163 -0.86799 -0.49658 0.00000 87.32667 -0.00000 -0.00000 -1.00000 0.00000
1614710353661375 0.51123 -0.85944 -0.00000 -104.00920 -0.85944 -0.51123 0.00000 85.48779 -0.00000 -0.00000 -1.00000 0.00000
1614710353911381 0.51885 -0.85486 -0.00000 -106.89869 -0.85486 -0.51885 0.00000 84.55129 -0.00000 -0.00000 -1.00000 0.00000
1614710354161422 0.52619 -0.85037 0.00000 -109.72924 -0.85037 -0.52619 0.00000 83.60076 -0.00000 -0.00000 -1.00000 0.00000
1614710354411376 0.53155 -0.84703 0.00000 -112.29074 -0.84703 -0.53155 0.00000 82.96098 -0.00000 -0.00000 -1.00000 0.00000
1614710354660763 0.54758 -0.83675 0.00000 -115.88877 -0.83675 -0.54758 0.00000 80.68379 -0.00000 -0.00000 -1.00000 0.00000
1614710354910142 0.56805 -0.82299 0.00000 -119.93222 -0.82299 -0.56805 0.00000 77.80520 -0.00000 -0.00000 -1.00000 0.00000
1614710355160145 0.59124 -0.80650 -0.00000 -124.05362 -0.80650 -0.59124 0.00000 74.20459 -0.00000 -0.00000 -1.00000 0.00000
1614710355410144 0.61999 -0.78461 0.00000 -128.63298 -0.78461 -0.61999 0.00000 69.70180 -0.00000 -0.00000 -1.00000 0.00000
1614710355660767 0.64219 -0.76655 -0.00000 -132.55269 -0.76655 -0.64219 0.00000 65.98557 -0.00000 -0.00000 -1.00000 0.00000
1614710355911401 0.66811 -0.74406 0.00000 -136.65924 -0.74406 -0.66811 0.00000 61.38804 -0.00000 -0.00000 -1.00000 0.00000
1614710356161407 0.69473 -0.71927 -0.00000 -140.62751 -0.71927 -0.69473 0.00000 56.34389 -0.00000 -0.00000 -1.00000 0.00000
1614710356411411 0.72026 -0.69371 0.00000 -144.48684 -0.69371 -0.72026 0.00000 51.21747 -0.00000 -0.00000 -1.00000 0.00000
1614710356661422 0.74432 -0.66782 0.00000 -147.97992 -0.66782 -0.74432 0.00000 45.97409 -0.00000 -0.00000 -1.00000 0.00000
1614710356911412 0.76195 -0.64764 -0.00000 -150.94861 -0.64764 -0.76195 0.00000 41.98535 -0.00000 -0.00000 -1.00000 0.00000
1614710357160790 0.78357 -0.62130 -0.00000 -153.96666 -0.62130 -0.78357 0.00000 36.77586 -0.00000 -0.00000 -1.00000 0.00000
1614710357410170 0.80886 -0.58800 0.00000 -156.98331 -0.58800 -0.80886 0.00000 30.30610 -0.00000 -0.00000 -1.00000 0.00000
1614710357660170 0.83151 -0.55551 -0.00000 -159.63521 -0.55551 -0.83151 0.00000 24.12315 -0.00000 -0.00000 -1.00000 0.00000
1614710357910804 0.86141 -0.50791 0.00000 -162.27918 -0.50791 -0.86141 0.00000 15.11218 -0.00000 -0.00000 -1.00000 0.00000
1614710358160808 0.89589 -0.44429 0.00000 -164.49949 -0.44429 -0.89589 0.00000 3.25844 -0.00000 -0.00000 -1.00000 0.00000
1614710358410829 0.92446 -0.38129 -0.00000 -165.75852 -0.38129 -0.92446 0.00000 -8.16900 -0.00000 -0.00000 -1.00000 -0.00000
1614710358660811 0.95528 -0.29570 0.00000 -165.61748 -0.29570 -0.95528 0.00000 -23.33927 -0.00000 -0.00000 -1.00000 -0.00000
1614710358910815 0.97971 -0.20043 0.00000 -163.79234 -0.20043 -0.97971 0.00000 -39.43043 -0.00000 -0.00000 -1.00000 -0.00000
1614710359160820 0.99579 -0.09163 0.00000 -159.62972 -0.09163 -0.99579 0.00000 -57.15543 -0.00000 -0.00000 -1.00000 -0.00000
1614710359410193 0.99949 0.03208 0.00000 -152.49189 0.03208 -0.99949 0.00000 -76.39181 0.00000 -0.00000 -1.00000 -0.00000
1614710359660196 0.98703 0.16055 0.00000 -142.40043 0.16055 -0.98703 0.00000 -95.37891 0.00000 -0.00000 -1.00000 -0.00000
1614710359910826 0.95748 0.28850 0.00000 -129.65609 0.28850 -0.95748 0.00000 -113.20191 0.00000 -0.00000 -1.00000 -0.00000
1614710360161453 0.90440 0.42668 0.00000 -112.54476 0.42668 -0.90440 0.00000 -131.01999 0.00000 -0.00000 -1.00000 -0.00000
1614710360411458 0.83054 0.55696 0.00000 -92.75057 0.55696 -0.83054 0.00000 -146.34710 0.00000 -0.00000 -1.00000 -0.00000
1614710360661459 0.72778 0.68581 -0.00000 -68.38364 0.68581 -0.72778 0.00000 -159.61519 0.00000 -0.00000 -1.00000 -0.00000
1614710360912090 0.60936 0.79289 0.00000 -43.04908 0.79289 -0.60936 0.00000 -168.40902 0.00000 -0.00000 -1.00000 -0.00000
1614710361161467 0.47087 0.88220 0.00000 -15.84302 0.88220 -0.47087 0.00000 -173.19077 0.00000 -0.00000 -1.00000 -0.00000
1614710361410840 0.30235 0.95320 0.00000 15.06508 0.95320 -0.30235 0.00000 -173.13693 0.00000 -0.00000 -1.00000 -0.00000
1614710361660854 0.13415 0.99096 0.00000 43.61953 0.99096 -0.13415 0.00000 -167.93158 0.00000 -0.00000 -1.00000 -0.00000
1614710361910228 -0.05847 0.99829 0.00000 73.97969 0.99829 0.05847 0.00000 -156.42423 0.00000 0.00000 -1.00000 -0.00000
1614710362160235 -0.24185 0.97031 -0.00000 100.56252 0.97031 0.24185 0.00000 -139.92323 0.00000 0.00000 -1.00000 -0.00000
1614710362410856 -0.40664 0.91359 -0.00000 122.29100 0.91359 0.40664 0.00000 -120.34053 0.00000 0.00000 -1.00000 -0.00000
1614710362660861 -0.55478 0.83200 0.00000 139.63820 0.83200 0.55478 0.00000 -98.05571 0.00000 0.00000 -1.00000 -0.00000
1614710362912117 -0.66879 0.74345 0.00000 151.10662 0.74345 0.66879 0.00000 -76.84348 0.00000 0.00000 -1.00000 -0.00000
1614710363162118 -0.76226 0.64727 0.00000 158.81395 0.64727 0.76226 0.00000 -55.93199 0.00000 0.00000 -1.00000 -0.00000
1614710363412117 -0.82438 0.56603 0.00000 162.29942 0.56603 0.82438 0.00000 -39.44717 0.00000 0.00000 -1.00000 -0.00000
1614710363662123 -0.88056 0.47393 -0.00000 164.34887 0.47393 0.88056 0.00000 -21.65325 0.00000 0.00000 -1.00000 -0.00000
1614710363912126 -0.91336 0.40715 -0.00000 163.99560 0.40715 0.91336 0.00000 -9.47329 0.00000 0.00000 -1.00000 -0.00000
1614710364162132 -0.94160 0.33673 -0.00000 162.85298 0.33673 0.94160 0.00000 3.12320 0.00000 0.00000 -1.00000 0.00000
1614710364411509 -0.95573 0.29426 -0.00000 161.06687 0.29426 0.95573 0.00000 10.31515 0.00000 0.00000 -1.00000 0.00000
1614710364661513 -0.96345 0.26788 0.00000 159.17038 0.26788 0.96345 0.00000 14.78671 0.00000 0.00000 -1.00000 0.00000
1614710364910887 -0.96354 0.26757 0.00000 157.55457 0.26757 0.96354 0.00000 14.71956 0.00000 0.00000 -1.00000 0.00000
1614710365160891 -0.96333 0.26831 0.00000 155.94147 0.26831 0.96333 0.00000 14.59350 0.00000 0.00000 -1.00000 0.00000
1614710365410886 -0.96072 0.27753 0.00000 154.30884 0.27753 0.96072 0.00000 13.09501 0.00000 0.00000 -1.00000 0.00000
1614710365660901 -0.95420 0.29917 0.00000 152.86155 0.29917 0.95420 0.00000 9.65471 0.00000 0.00000 -1.00000 0.00000
1614710365910907 -0.94385 0.33037 0.00000 151.35612 0.33037 0.94385 0.00000 4.60426 0.00000 0.00000 -1.00000 0.00000
1614710366160907 -0.92930 0.36932 0.00000 149.68120 0.36932 0.92930 0.00000 -1.70332 0.00000 0.00000 -1.00000 -0.00000
1614710366410912 -0.91183 0.41057 0.00000 147.64880 0.41057 0.91183 0.00000 -8.37836 0.00000 0.00000 -1.00000 -0.00000
1614710366660907 -0.88202 0.47120 0.00000 144.89234 0.47120 0.88202 0.00000 -18.40064 0.00000 0.00000 -1.00000 -0.00000
1614710366910285 -0.85283 0.52219 0.00000 141.83284 0.52219 0.85283 0.00000 -26.98661 0.00000 0.00000 -1.00000 -0.00000
1614710367159667 -0.81926 0.57342 0.00000 137.86931 0.57342 0.81926 0.00000 -35.49610 0.00000 0.00000 -1.00000 -0.00000
1614710367409044 -0.78942 0.61386 0.00000 134.04032 0.61386 0.78942 0.00000 -42.54336 0.00000 0.00000 -1.00000 -0.00000
1614710367659681 -0.74910 0.66246 0.00000 129.10467 0.66246 0.74910 0.00000 -50.87131 0.00000 0.00000 -1.00000 -0.00000
1614710367909678 -0.71175 0.70243 0.00000 124.01891 0.70243 0.71175 0.00000 -57.97090 0.00000 0.00000 -1.00000 -0.00000
1614710368160307 -0.67062 0.74180 0.00000 118.44832 0.74180 0.67062 0.00000 -64.92933 0.00000 0.00000 -1.00000 -0.00000
1614710368410937 -0.62309 0.78215 0.00000 112.09112 0.78215 0.62309 0.00000 -72.10376 0.00000 0.00000 -1.00000 -0.00000
1614710368660938 -0.57876 0.81550 0.00000 105.83212 0.81550 0.57876 0.00000 -78.25460 0.00000 0.00000 -1.00000 -0.00000
1614710368911564 -0.53160 0.84699 -0.00000 99.19641 0.84699 0.53160 0.00000 -84.18153 0.00000 0.00000 -1.00000 -0.00000
1614710369161567 -0.49315 0.86994 0.00000 93.21877 0.86994 0.49315 0.00000 -88.47596 0.00000 0.00000 -1.00000 -0.00000
1614710369410942 -0.46617 0.88470 0.00000 88.31771 0.88470 0.46617 0.00000 -91.36658 0.00000 0.00000 -1.00000 -0.00000
1614710369660320 -0.44421 0.89592 0.00000 83.95399 0.89592 0.44421 0.00000 -93.51690 0.00000 0.00000 -1.00000 -0.00000
1614710369910330 -0.42464 0.90536 -0.00000 79.80245 0.90536 0.42464 0.00000 -95.43927 0.00000 0.00000 -1.00000 -0.00000
1614710370160336 -0.41420 0.91019 -0.00000 76.63224 0.91019 0.41420 0.00000 -96.47164 0.00000 0.00000 -1.00000 -0.00000
1614710370410334 -0.40922 0.91243 0.00000 73.93889 0.91243 0.40922 0.00000 -96.80017 0.00000 0.00000 -1.00000 -0.00000
1614710370660959 -0.40062 0.91625 -0.00000 70.95169 0.91625 0.40062 0.00000 -97.59048 0.00000 0.00000 -1.00000 -0.00000
1614710370910964 -0.41178 0.91128 0.00000 70.04942 0.91128 0.41178 0.00000 -96.74199 0.00000 0.00000 -1.00000 -0.00000
1614710371161592 -0.41858 0.90818 0.00000 68.63738 0.90818 0.41858 0.00000 -96.36972 0.00000 0.00000 -1.00000 -0.00000
1614710371411592 -0.43089 0.90240 0.00000 67.82438 0.90240 0.43089 0.00000 -95.36155 0.00000 0.00000 -1.00000 -0.00000
1614710371661601 -0.44856 0.89375 0.00000 67.66788 0.89375 0.44856 0.00000 -94.20876 0.00000 0.00000 -1.00000 -0.00000
1614710371910973 -0.46400 0.88584 0.00000 67.23670 0.88584 0.46400 0.00000 -93.05632 0.00000 0.00000 -1.00000 -0.00000
1614710372160980 -0.48799 0.87285 -0.00000 67.66896 0.87285 0.48799 0.00000 -91.05145 0.00000 0.00000 -1.00000 -0.00000
1614710372410356 -0.52823 0.84910 0.00000 69.81386 0.84910 0.52823 0.00000 -87.80887 0.00000 0.00000 -1.00000 -0.00000
1614710372660352 -0.56964 0.82189 0.00000 72.05152 0.82189 0.56964 0.00000 -84.25563 0.00000 0.00000 -1.00000 -0.00000
1614710372910356 -0.62375 0.78162 0.00000 75.60344 0.78162 0.62375 0.00000 -79.43687 0.00000 0.00000 -1.00000 -0.00000
1614710373160993 -0.66592 0.74602 0.00000 77.88333 0.74602 0.66592 0.00000 -75.17700 0.00000 0.00000 -1.00000 -0.00000
1614710373410991 -0.71615 0.69794 0.00000 81.00863 0.69794 0.71615 0.00000 -69.69715 0.00000 0.00000 -1.00000 -0.00000
1614710373661621 -0.75732 0.65305 0.00000 83.16532 0.65305 0.75732 0.00000 -64.62809 0.00000 0.00000 -1.00000 -0.00000
1614710373910999 -0.80136 0.59818 0.00000 85.66509 0.59818 0.80136 0.00000 -58.79935 0.00000 0.00000 -1.00000 -0.00000
1614710374161000 -0.83817 0.54541 -0.00000 87.31893 0.54541 0.83817 0.00000 -53.28181 0.00000 0.00000 -1.00000 -0.00000
1614710374411015 -0.86890 0.49499 0.00000 88.47609 0.49499 0.86890 0.00000 -47.95962 0.00000 0.00000 -1.00000 -0.00000
1614710374660382 -0.90119 0.43342 0.00000 89.79882 0.43342 0.90119 0.00000 -41.75601 0.00000 0.00000 -1.00000 -0.00000
1614710374910386 -0.92577 0.37810 0.00000 90.26814 0.37810 0.92577 0.00000 -36.26808 0.00000 0.00000 -1.00000 -0.00000
1614710375161016 -0.94872 0.31611 0.00000 90.63645 0.31611 0.94872 0.00000 -30.36945 0.00000 0.00000 -1.00000 -0.00000
1614710375411645 -0.96766 0.25225 0.00000 90.52277 0.25225 0.96766 0.00000 -24.31938 0.00000 0.00000 -1.00000 -0.00000
1614710375661649 -0.98301 0.18356 0.00000 90.09716 0.18356 0.98301 0.00000 -17.89526 0.00000 0.00000 -1.00000 -0.00000
1614710375911649 -0.99249 0.12230 -0.00000 89.01736 0.12230 0.99249 0.00000 -12.27250 0.00000 0.00000 -1.00000 -0.00000
1614710376161653 -0.99776 0.06688 0.00000 87.58847 0.06688 0.99776 0.00000 -7.30121 0.00000 0.00000 -1.00000 -0.00000
1614710376411657 -0.99967 0.02550 0.00000 85.66186 0.02550 0.99967 0.00000 -3.73922 0.00000 0.00000 -1.00000 -0.00000
1614710376661035 -0.99989 -0.01504 0.00000 83.62756 -0.01504 0.99989 0.00000 -0.24304 -0.00000 0.00000 -1.00000 -0.00000
1614710376911659 -0.99937 -0.03563 0.00000 81.46695 -0.03563 0.99937 0.00000 1.54811 -0.00000 0.00000 -1.00000 0.00000
1614710377161037 -0.99801 -0.06298 0.00000 79.30194 -0.06298 0.99801 0.00000 3.67248 -0.00000 0.00000 -1.00000 0.00000
1614710377410417 -0.99699 -0.07758 0.00000 77.00234 -0.07758 0.99699 0.00000 4.81941 -0.00000 0.00000 -1.00000 0.00000
1614710377661036 -0.99681 -0.07979 -0.00000 74.78686 -0.07979 0.99681 0.00000 4.96586 -0.00000 0.00000 -1.00000 0.00000
1614710377910419 -0.99617 -0.08746 -0.00000 72.50545 -0.08746 0.99617 0.00000 5.51642 -0.00000 0.00000 -1.00000 0.00000
1614710378160432 -0.99677 -0.08027 -0.00000 70.34962 -0.08027 0.99677 0.00000 4.83094 -0.00000 0.00000 -1.00000 0.00000
1614710378411055 -0.99687 -0.07901 0.00000 68.12931 -0.07901 0.99687 0.00000 4.78087 -0.00000 0.00000 -1.00000 0.00000
1614710378661057 -0.99695 -0.07810 0.00000 65.96832 -0.07810 0.99695 0.00000 4.63032 -0.00000 0.00000 -1.00000 0.00000
1614710378911688 -0.99772 -0.06742 0.00000 63.79723 -0.06742 0.99772 0.00000 4.01285 -0.00000 0.00000 -1.00000 0.00000
1614710379161067 -0.99795 -0.06406 0.00000 61.71801 -0.06406 0.99795 0.00000 3.52326 -0.00000 0.00000 -1.00000 0.00000
1614710379411065 -0.99835 -0.05737 0.00000 59.58706 -0.05737 0.99835 0.00000 3.22447 -0.00000 0.00000 -1.00000 0.00000
1614710379660451 -0.99856 -0.05372 0.00000 57.47042 -0.05372 0.99856 0.00000 2.73961 -0.00000 0.00000 -1.00000 0.00000
1614710379909826 -0.99918 -0.04044 -0.00000 55.43527 -0.04044 0.99918 0.00000 2.02216 -0.00000 0.00000 -1.00000 0.00000
1614710380159828 -0.99953 -0.03077 0.00000 53.36595 -0.03077 0.99953 0.00000 1.46995 -0.00000 0.00000 -1.00000 0.00000
1614710380409832 -0.99976 -0.02198 0.00000 51.27800 -0.02198 0.99976 0.00000 0.99291 -0.00000 0.00000 -1.00000 0.00000
1614710380660453 -0.99991 -0.01345 0.00000 49.28050 -0.01345 0.99991 0.00000 0.58846 -0.00000 0.00000 -1.00000 0.00000
1614710380910461 -0.99995 -0.00955 -0.00000 47.27349 -0.00955 0.99995 0.00000 0.35439 -0.00000 0.00000 -1.00000 0.00000
1614710381161089 -0.99999 -0.00419 -0.00000 45.27567 -0.00419 0.99999 0.00000 -0.04130 -0.00000 0.00000 -1.00000 -0.00000
1614710381411721 -0.99999 0.00465 -0.00000 43.23169 0.00465 0.99999 0.00000 -0.32948 0.00000 0.00000 -1.00000 -0.00000
1614710381661725 -0.99999 0.00506 0.00000 41.24968 0.00506 0.99999 0.00000 -0.55812 0.00000 0.00000 -1.00000 -0.00000
1614710381912352 -0.99989 0.01492 0.00000 39.25782 0.01492 0.99989 0.00000 -0.91145 0.00000 0.00000 -1.00000 -0.00000
1614710382161730 -0.99982 0.01917 0.00000 37.24931 0.01917 0.99982 0.00000 -1.14238 0.00000 0.00000 -1.00000 -0.00000
1614710382410485 -0.99994 0.01086 0.00000 35.25859 0.01086 0.99994 0.00000 -0.90315 0.00000 0.00000 -1.00000 -0.00000
1614710382660485 -0.99985 0.01709 0.00000 33.18319 0.01709 0.99985 0.00000 -1.13975 0.00000 0.00000 -1.00000 -0.00000
1614710382910490 -0.99980 0.01981 0.00000 31.15432 0.01981 0.99980 0.00000 -1.10213 0.00000 0.00000 -1.00000 -0.00000
1614710383160491 -0.99989 0.01509 0.00000 29.07789 0.01509 0.99989 0.00000 -1.02458 0.00000 0.00000 -1.00000 -0.00000
1614710383411118 -0.99967 0.02567 -0.00000 26.96435 0.02567 0.99967 0.00000 -1.34197 0.00000 0.00000 -1.00000 -0.00000
1614710383661740 -0.99938 0.03530 0.00000 24.76456 0.03530 0.99938 0.00000 -1.61609 0.00000 0.00000 -1.00000 -0.00000
1614710383911746 -0.99908 0.04281 0.00000 22.70528 0.04281 0.99908 0.00000 -1.92413 0.00000 0.00000 -1.00000 -0.00000
1614710384161752 -0.99906 0.04343 -0.00000 20.49350 0.04343 0.99906 0.00000 -2.07340 0.00000 0.00000 -1.00000 -0.00000
1614710384412383 -0.99856 0.05373 -0.00000 18.23357 0.05373 0.99856 0.00000 -2.24803 0.00000 0.00000 -1.00000 -0.00000
1614710384662379 -0.99855 0.05377 0.00000 16.05275 0.05377 0.99855 0.00000 -2.27500 0.00000 0.00000 -1.00000 -0.00000
1614710384911756 -0.99863 0.05236 0.00000 13.81264 0.05236 0.99863 0.00000 -2.31430 0.00000 0.00000 -1.00000 -0.00000
1614710385161765 -0.99849 0.05494 0.00000 11.49885 0.05494 0.99849 0.00000 -2.29851 0.00000 0.00000 -1.00000 -0.00000
1614710385411144 -0.99886 0.04776 0.00000 9.28187 0.04776 0.99886 0.00000 -2.30849 0.00000 0.00000 -1.00000 -0.00000
1614710385661148 -0.99887 0.04756 0.00000 6.95956 0.04756 0.99887 0.00000 -2.29401 0.00000 0.00000 -1.00000 -0.00000
1614710385910517 -0.99904 0.04372 0.00000 4.75596 0.04372 0.99904 0.00000 -2.39984 0.00000 0.00000 -1.00000 -0.00000
1614710386161151 -0.99901 0.04458 0.00000 2.44610 0.04458 0.99901 0.00000 -2.29867 0.00000 0.00000 -1.00000 -0.00000
1614710386410531 -0.99959 0.02848 0.00000 0.20703 0.02848 0.99959 0.00000 -2.36000 0.00000 0.00000 -1.00000 -0.00000
1614710386661164 -0.99958 0.02900 0.00000 -2.06737 0.02900 0.99958 0.00000 -2.44099 0.00000 0.00000 -1.00000 -0.00000
1614710386911156 -0.99950 0.03154 -0.00000 -4.31362 0.03154 0.99950 0.00000 -2.43223 0.00000 0.00000 -1.00000 -0.00000
1614710387161165 -0.99964 0.02678 0.00000 -6.64279 0.02678 0.99964 0.00000 -2.49064 0.00000 0.00000 -1.00000 -0.00000
1614710387411164 -0.99989 0.01514 0.00000 -8.91521 0.01514 0.99989 0.00000 -2.63802 0.00000 0.00000 -1.00000 -0.00000
1614710387661170 -0.99990 0.01405 0.00000 -11.16275 0.01405 0.99990 0.00000 -2.67325 0.00000 0.00000 -1.00000 -0.00000
1614710387910550 -0.99991 0.01328 0.00000 -13.52261 0.01328 0.99991 0.00000 -2.71867 0.00000 0.00000 -1.00000 -0.00000
1614710388160556 -0.99992 0.01293 0.00000 -15.82288 0.01293 0.99992 0.00000 -2.76461 0.00000 0.00000 -1.00000 -0.00000
1614710388410557 -0.99997 0.00775 -0.00000 -18.25443 0.00775 0.99997 0.00000 -2.97772 0.00000 0.00000 -1.00000 -0.00000
1614710388660557 -1.00000 -0.00181 0.00000 -20.54111 -0.00181 1.00000 0.00000 -3.16484 -0.00000 0.00000 -1.00000 -0.00000
1614710388911189 -1.00000 -0.00193 0.00000 -22.93377 -0.00193 1.00000 0.00000 -3.18542 -0.00000 0.00000 -1.00000 -0.00000
1614710389161811 -1.00000 -0.00055 0.00000 -25.39575 -0.00055 1.00000 0.00000 -3.19510 -0.00000 0.00000 -1.00000 -0.00000
1614710389411818 -0.99999 -0.00397 0.00000 -27.75949 -0.00397 0.99999 0.00000 -3.43656 -0.00000 0.00000 -1.00000 -0.00000
1614710389661823 -0.99997 -0.00835 0.00000 -30.10161 -0.00835 0.99997 0.00000 -3.46602 -0.00000 0.00000 -1.00000 -0.00000
1614710389911823 -0.99999 -0.00521 -0.00000 -32.49909 -0.00521 0.99999 0.00000 -3.37830 -0.00000 0.00000 -1.00000 -0.00000
1614710390161204 -0.99989 -0.01470 0.00000 -34.86127 -0.01470 0.99989 0.00000 -3.68435 -0.00000 0.00000 -1.00000 -0.00000
1614710390410593 -0.99988 -0.01556 0.00000 -37.18265 -0.01556 0.99988 0.00000 -3.68732 -0.00000 0.00000 -1.00000 -0.00000
1614710390659953 -0.99964 -0.02668 0.00000 -39.41359 -0.02668 0.99964 0.00000 -4.23830 -0.00000 0.00000 -1.00000 -0.00000
1614710390909961 -0.99969 -0.02507 0.00000 -41.68108 -0.02507 0.99969 0.00000 -4.18689 -0.00000 0.00000 -1.00000 -0.00000
1614710391159965 -0.99931 -0.03723 0.00000 -43.81423 -0.03723 0.99931 0.00000 -4.81882 -0.00000 0.00000 -1.00000 -0.00000
1614710391410594 -0.99926 -0.03858 0.00000 -46.00416 -0.03858 0.99926 0.00000 -4.91489 -0.00000 0.00000 -1.00000 -0.00000
1614710391661218 -0.99900 -0.04477 0.00000 -48.06843 -0.04477 0.99900 0.00000 -5.25283 -0.00000 0.00000 -1.00000 -0.00000
1614710391911845 -0.99942 -0.03417 0.00000 -50.18377 -0.03417 0.99942 0.00000 -4.78041 -0.00000 0.00000 -1.00000 -0.00000
1614710392161845 -0.99936 -0.03586 0.00000 -52.12176 -0.03586 0.99936 0.00000 -4.84407 -0.00000 0.00000 -1.00000 -0.00000
1614710392411231 -0.99918 -0.04059 0.00000 -54.07492 -0.04059 0.99918 0.00000 -5.14113 -0.00000 0.00000 -1.00000 -0.00000
1614710392661231 -0.99973 -0.02326 -0.00000 -56.01919 -0.02326 0.99973 0.00000 -4.23253 -0.00000 0.00000 -1.00000 -0.00000
1614710392910612 -0.99989 -0.01510 0.00000 -57.74309 -0.01510 0.99989 0.00000 -3.70388 -0.00000 0.00000 -1.00000 -0.00000
1614710393159986 -1.00000 0.00097 0.00000 -59.48475 0.00097 1.00000 0.00000 -2.90529 0.00000 0.00000 -1.00000 -0.00000
1614710393409993 -0.99938 0.03516 0.00000 -61.08026 0.03516 0.99938 0.00000 -0.83876 0.00000 0.00000 -1.00000 -0.00000
1614710393660621 -0.99689 0.07882 0.00000 -62.50694 0.07882 0.99689 0.00000 1.86831 0.00000 0.00000 -1.00000 0.00000
1614710393910624 -0.99056 0.13709 0.00000 -63.56019 0.13709 0.99056 0.00000 5.37092 0.00000 0.00000 -1.00000 0.00000
1614710394161281 -0.97787 0.20920 0.00000 -64.15616 0.20920 0.97787 0.00000 9.97505 0.00000 0.00000 -1.00000 0.00000
1614710394411253 -0.95755 0.28826 0.00000 -64.23805 0.28826 0.95755 0.00000 15.16990 0.00000 0.00000 -1.00000 0.00000
1614710394661885 -0.92139 0.38864 0.00000 -63.32700 0.38864 0.92139 0.00000 22.04088 0.00000 0.00000 -1.00000 0.00000
1614710394911258 -0.87788 0.47889 0.00000 -61.84644 0.47889 0.87788 0.00000 28.15320 0.00000 0.00000 -1.00000 0.00000
1614710395160640 -0.81047 0.58578 0.00000 -58.85846 0.58578 0.81047 0.00000 35.72481 0.00000 0.00000 -1.00000 0.00000
1614710395410017 -0.73347 0.67972 0.00000 -55.11202 0.67972 0.73347 0.00000 42.51509 0.00000 0.00000 -1.00000 0.00000
1614710395660635 -0.64062 0.76786 0.00000 -50.17053 0.76786 0.64062 0.00000 49.17959 0.00000 0.00000 -1.00000 0.00000
1614710395910645 -0.54258 0.84001 0.00000 -44.81410 0.84001 0.54258 0.00000 54.91620 0.00000 0.00000 -1.00000 0.00000
1614710396160654 -0.44589 0.89509 0.00000 -39.48388 0.89509 0.44589 0.00000 59.53209 0.00000 0.00000 -1.00000 0.00000
1614710396410655 -0.34668 0.93798 0.00000 -33.79084 0.93798 0.34668 0.00000 63.35080 0.00000 0.00000 -1.00000 0.00000
1614710396660660 -0.24732 0.96893 0.00000 -28.15776 0.96893 0.24732 0.00000 66.52948 0.00000 0.00000 -1.00000 0.00000
1614710396910660 -0.16807 0.98577 0.00000 -23.78451 0.98577 0.16807 0.00000 68.64690 0.00000 0.00000 -1.00000 0.00000
1614710397161289 -0.11028 0.99390 0.00000 -20.97829 0.99390 0.11028 0.00000 69.95531 0.00000 0.00000 -1.00000 0.00000
1614710397411915 -0.07548 0.99715 0.00000 -19.95248 0.99715 0.07548 0.00000 70.50990 0.00000 0.00000 -1.00000 0.00000
1614710397662542 -0.05743 0.99835 0.00000 -19.96834 0.99835 0.05743 0.00000 70.90611 0.00000 0.00000 -1.00000 0.00000
1614710397912548 -0.04878 0.99881 -0.00000 -20.83700 0.99881 0.04878 0.00000 70.95746 0.00000 0.00000 -1.00000 0.00000
1614710398161927 -0.05642 0.99841 0.00000 -22.89367 0.99841 0.05642 0.00000 70.76379 0.00000 0.00000 -1.00000 0.00000
1614710398411941 -0.05121 0.99869 0.00000 -24.17611 0.99869 0.05121 0.00000 70.63536 0.00000 0.00000 -1.00000 0.00000
1614710398660685 -0.05808 0.99831 0.00000 -26.12147 0.99831 0.05808 0.00000 70.63316 0.00000 0.00000 -1.00000 0.00000
1614710398910689 -0.04715 0.99889 0.00000 -27.10596 0.99889 0.04715 0.00000 70.70214 0.00000 0.00000 -1.00000 0.00000
1614710399160689 -0.05376 0.99855 0.00000 -29.21932 0.99855 0.05376 0.00000 70.55061 0.00000 0.00000 -1.00000 0.00000
1614710399410692 -0.04065 0.99917 0.00000 -30.04377 0.99917 0.04065 0.00000 70.88589 0.00000 0.00000 -1.00000 0.00000
1614710399661317 -0.02211 0.99976 -0.00000 -30.40094 0.99976 0.02211 0.00000 71.39248 0.00000 0.00000 -1.00000 0.00000
1614710399911941 -0.01080 0.99994 0.00000 -31.39261 0.99994 0.01080 0.00000 71.73229 0.00000 0.00000 -1.00000 0.00000
1614710400161952 0.01275 0.99992 -0.00000 -31.40072 0.99992 -0.01275 0.00000 72.32575 0.00000 -0.00000 -1.00000 0.00000
1614710400412571 0.03058 0.99953 0.00000 -31.85319 0.99953 -0.03058 0.00000 72.90706 0.00000 -0.00000 -1.00000 0.00000
1614710400662581 0.05948 0.99823 0.00000 -31.48824 0.99823 -0.05948 0.00000 73.77718 0.00000 -0.00000 -1.00000 0.00000
1614710400911959 0.08857 0.99607 0.00000 -31.04818 0.99607 -0.08857 0.00000 74.68729 0.00000 -0.00000 -1.00000 0.00000
1614710401161962 0.12459 0.99221 0.00000 -30.22706 0.99221 -0.12459 0.00000 75.64600 0.00000 -0.00000 -1.00000 0.00000
1614710401410715 0.15394 0.98808 0.00000 -29.66342 0.98808 -0.15394 0.00000 76.46260 0.00000 -0.00000 -1.00000 0.00000
1614710401660092 0.17875 0.98390 -0.00000 -29.47230 0.98390 -0.17875 0.00000 77.13129 0.00000 -0.00000 -1.00000 0.00000
1614710401909473 0.19071 0.98165 0.00000 -30.30859 0.98165 -0.19071 0.00000 77.50753 0.00000 -0.00000 -1.00000 0.00000
1614710402159521 0.17494 0.98458 -0.00000 -33.32486 0.98458 -0.17494 0.00000 76.99818 0.00000 -0.00000 -1.00000 0.00000
1614710402409482 0.15735 0.98754 0.00000 -36.62032 0.98754 -0.15735 0.00000 76.30635 0.00000 -0.00000 -1.00000 0.00000
1614710402660728 0.12917 0.99162 0.00000 -40.53403 0.99162 -0.12917 0.00000 75.22431 0.00000 -0.00000 -1.00000 0.00000
1614710402911355 0.09283 0.99568 0.00000 -45.20930 0.99568 -0.09283 0.00000 73.64146 0.00000 -0.00000 -1.00000 0.00000
1614710403161360 0.06760 0.99771 0.00000 -48.95428 0.99771 -0.06760 0.00000 72.38230 0.00000 -0.00000 -1.00000 0.00000
1614710403411988 0.04779 0.99886 0.00000 -52.39897 0.99886 -0.04779 0.00000 71.38854 0.00000 -0.00000 -1.00000 0.00000
1614710403661993 0.03127 0.99951 0.00000 -55.54768 0.99951 -0.03127 0.00000 70.48160 0.00000 -0.00000 -1.00000 0.00000
1614710403911990 0.01408 0.99990 -0.00000 -58.77030 0.99990 -0.01408 0.00000 69.49885 0.00000 -0.00000 -1.00000 0.00000
1614710404162003 0.01196 0.99993 0.00000 -60.86899 0.99993 -0.01196 0.00000 69.31940 0.00000 -0.00000 -1.00000 0.00000
1614710404411379 -0.00444 0.99999 0.00000 -63.94806 0.99999 0.00444 0.00000 68.30934 0.00000 0.00000 -1.00000 0.00000
1614710404661382 -0.00704 0.99998 0.00000 -66.16338 0.99998 0.00704 0.00000 68.05019 0.00000 0.00000 -1.00000 0.00000
1614710404911385 -0.01236 0.99992 0.00000 -68.39017 0.99992 0.01236 0.00000 67.71128 0.00000 0.00000 -1.00000 0.00000
1614710405160759 -0.01210 0.99993 0.00000 -70.34104 0.99993 0.01210 0.00000 67.70886 0.00000 0.00000 -1.00000 0.00000
1614710405410764 -0.01893 0.99982 -0.00000 -72.75216 0.99982 0.01893 0.00000 67.17479 0.00000 0.00000 -1.00000 0.00000
1614710405661389 -0.01467 0.99989 0.00000 -74.32343 0.99989 0.01467 0.00000 67.48806 0.00000 0.00000 -1.00000 0.00000
1614710405911397 -0.02378 0.99972 0.00000 -76.74827 0.99972 0.02378 0.00000 66.81273 0.00000 0.00000 -1.00000 0.00000
1614710406162023 -0.02721 0.99963 -0.00000 -78.87410 0.99963 0.02721 0.00000 66.48205 0.00000 0.00000 -1.00000 0.00000
1614710406412033 -0.04921 0.99879 0.00000 -81.99880 0.99879 0.04921 0.00000 64.75461 0.00000 0.00000 -1.00000 0.00000
1614710406661397 -0.08003 0.99679 0.00000 -85.73899 0.99679 0.08003 0.00000 62.04932 0.00000 0.00000 -1.00000 0.00000
1614710406911406 -0.12745 0.99185 -0.00000 -90.24118 0.99185 0.12745 0.00000 57.96926 0.00000 0.00000 -1.00000 0.00000
1614710407160782 -0.19284 0.98123 0.00000 -95.51608 0.98123 0.19284 0.00000 51.63875 0.00000 0.00000 -1.00000 0.00000
1614710407410792 -0.25929 0.96580 0.00000 -100.39616 0.96580 0.25929 0.00000 44.89866 0.00000 0.00000 -1.00000 0.00000
1614710407661410 -0.34385 0.93902 -0.00000 -105.45056 0.93902 0.34385 0.00000 35.83832 0.00000 0.00000 -1.00000 0.00000
