1. 0. 0. 0. 0. -1. -0. 0. 0. 0. -1. 0.
1. 0.003 0. 0.010 0.003 -1. -0. -0.003 0. 0. -1. 0.
1. 0.007 0. 0.006 0.007 -1. -0. -0.011 0. 0. -1. 0.
1. 0.003 0. -0.017 0.003 -1. -0. -0.014 0. 0. -1. 0.
1. 0.005 0. -0.017 0.005 -1. -0. 0.004 0. 0. -1. 0.
1. 0.009 0. -0.007 0.009 -1. -0. -0.001 0. 0. -1. 0.
1. 0.009 0. 0.030 0.009 -1. -0. 0.032 0. 0. -1. 0.
1. 0.002 0. 0.015 0.002 -1. -0. 0.007 0. 0. -1. 0.
1. -0.000 -0. -0.010 -0.000 -1. -0. -0.021 0. 0. -1. 0.
1. 0.004 0. 0.007 0.004 -1. -0. -0.010 0. 0. -1. 0.
1. 0.009 0. 0.010 0.009 -1. -0. 0.009 0. 0. -1. 0.
1. 0.008 0. 0.018 0.008 -1. -0. 0.033 0. 0. -1. 0.
1. 0.004 0. 0.024 0.004 -1. -0. 0.011 0. 0. -1. 0.
1. 0.003 0. 0.004 0.003 -1. -0. -0.014 0. 0. -1. 0.
1. 0.004 0. 0.010 0.004 -1. -0. -0.007 0. 0. -1. 0.
1. 0.001 0. 0.008 0.001 -1. -0. 0.003 0. 0. -1. 0.
1. 0.002 0. -0.010 0.002 -1. -0. -0.009 0. 0. -1. 0.
1. 0.002 0. 0.012 0.002 -1. -0. -0.005 0. 0. -1. 0.
1. 0.001 0. 0.008 0.001 -1. -0. 0.003 0. 0. -1. 0.
1. -0.000 -0. -0.019 -0.000 -1. -0. -0.027 0. 0. -1. 0.
1. 0.011 0. -0.008 0.011 -1. -0. 0.016 0. 0. -1. 0.
1.000 0.014 0. 0.018 0.014 -1.000 -0. 0.037 0. 0. -1. 0.
1. 0.005 0. -0.004 0.005 -1. -0. -0.015 0. 0. -1. 0.
1. 0.006 0. 0.025 0.006 -1. -0. 0.039 0. 0. -1. 0.
1. 0.007 0. -0.006 0.007 -1. -0. -0.030 0. 0. -1. 0.
1. 0.007 0. 0.016 0.007 -1. -0. -0.043 0. 0. -1. 0.
1. 0.002 0. -0.016 0.002 -1. -0. -0.054 0. 0. -1. 0.
1. 0.009 0. -0.018 0.009 -1. -0. 0.013 0. 0. -1. 0.
1. 0.013 0. 0.014 0.013 -1. -0. 0.024 0. 0. -1. 0.
1. 0.007 0. 0.042 0.007 -1. -0. 0.039 0. 0. -1. 0.
1. -0.000 -0. -0.005 -0.000 -1. -0. -0.014 0. 0. -1. 0.
1. 0.003 0. -0.021 0.003 -1. -0. -0.012 0. 0. -1. 0.
1. 0.007 0. 0.032 0.007 -1. -0. 0.029 0. 0. -1. 0.
1. 0.003 0. 0.029 0.003 -1. -0. 0.019 0. 0. -1. 0.
1. -0.000 -0. -0.015 -0.000 -1. -0. -0.032 0. 0. -1. 0.
1. 0.007 0. -0.002 0.007 -1. -0. 0.001 0. 0. -1. 0.
1. 0.005 0. -0.009 0.005 -1. -0. -0.028 0. 0. -1. 0.
1. -0.001 -0. -0.014 -0.001 -1. -0. -0.018 0. 0. -1. 0.
1. 0.005 0. -0.026 0.005 -1. -0. -0.037 0. 0. -1. 0.
1. 0.001 0. 0.014 0.001 -1. -0. -0.019 0. 0. -1. 0.
1. 0.010 0. -0.001 0.010 -1. -0. -0.000 0. 0. -1. 0.
1. 0.014 0. 0.005 0.014 -1. -0. 0.048 0. 0. -1. 0.
1. 0.005 0. -0.001 0.005 -1. -0. -0.022 0. 0. -1. 0.
1. -0.004 -0. -0.030 -0.004 -1. -0. -0.035 0. 0. -1. 0.
1. -0.002 -0. -0.015 -0.002 -1. -0. -0.032 0. 0. -1. 0.
1. 0.008 0. 0.020 0.008 -1. -0. 0.031 0. 0. -1. 0.
1. 0.008 0. 0.033 0.008 -1. -0. 0.030 0. 0. -1. 0.
1. 0.004 0. 0.013 0.004 -1. -0. 0.014 0. 0. -1. 0.
1. 0.003 0. 0.000 0.003 -1. -0. -0.001 0. 0. -1. 0.
1. 0.003 0. 0.019 0.003 -1. -0. 0.006 0. 0. -1. 0.
1. 0.002 0. 0.003 0.002 -1. -0. -0.008 0. 0. -1. 0.
1. 0.002 0. -0.001 0.002 -1. -0. -0.005 0. 0. -1. 0.
1. 0.001 0. -0.017 0.001 -1. -0. -0.035 0. 0. -1. 0.
1. 0.011 0. -0.005 0.011 -1. -0. 0.018 0. 0. -1. 0.
1.000 0.015 0. 0.006 0.015 -1.000 -0. 0.044 0. 0. -1. 0.
1. -0.000 -0. 0.020 -0.000 -1. -0. 0.013 0. 0. -1. 0.
1. -0.004 -0. -0.007 -0.004 -1. -0. -0.052 0. 0. -1. 0.
1. 0.005 0. -0.011 0.005 -1. -0. -0.023 0. 0. -1. 0.
1. 0.013 0. 0.010 0.013 -1. -0. 0.055 0. 0. -1. 0.
1. 0.012 0. 0.010 0.012 -1. -0. 0.013 0. 0. -1. 0.
1. 0.003 0. 0.002 0.003 -1. -0. -0.031 0. 0. -1. 0.
1. 0.002 0. -0.004 0.002 -1. -0. -0.009 0. 0. -1. 0.
1. 0.002 0. 0.012 0.002 -1. -0. 0.005 0. 0. -1. 0.
1. 0.004 0. 0.032 0.004 -1. -0. -0.023 0. 0. -1. 0.
1. -0.006 -0. 0.066 -0.006 -1. -0. 0.008 0. 0. -1. 0.
1. -0.010 -0. 0.106 -0.010 -1. -0. -0.057 0. 0. -1. 0.
1. -0.013 -0. 0.257 -0.013 -1. -0. 0.010 0. 0. -1. 0.
1.000 -0.031 -0. 0.436 -0.031 -1.000 -0. 0.003 0. 0. -1. 0.
0.998 -0.061 -0. 0.738 -0.061 -0.998 -0. -0.117 0. 0. -1. 0.
0.995 -0.096 -0. 1.101 -0.096 -0.995 -0. -0.130 0. 0. -1. 0.
0.992 -0.130 -0. 1.573 -0.130 -0.992 -0. -0.224 0. 0. -1. 0.
0.990 -0.141 -0. 2.095 -0.141 -0.990 -0. -0.375 0. 0. -1. 0.
0.988 -0.154 -0. 2.784 -0.154 -0.988 -0. -0.479 0. 0. -1. 0.
0.987 -0.162 -0. 3.574 -0.162 -0.987 -0. -0.591 0. 0. -1. 0.
0.986 -0.165 -0. 4.387 -0.165 -0.986 -0. -0.722 0. 0. -1. 0.
0.988 -0.157 -0. 5.212 -0.157 -0.988 -0. -1.045 0. 0. -1. 0.
0.988 -0.152 -0. 6.245 -0.152 -0.988 -0. -1.115 0. 0. -1. 0.
0.989 -0.151 -0. 7.204 -0.151 -0.989 -0. -1.267 0. 0. -1. 0.
0.990 -0.143 -0. 8.229 -0.143 -0.990 -0. -1.399 0. 0. -1. 0.
0.990 -0.138 -0. 9.263 -0.138 -0.990 -0. -1.579 0. 0. -1. 0.
0.991 -0.132 -0. 10.418 -0.132 -0.991 -0. -1.761 0. 0. -1. 0.
0.992 -0.123 -0. 11.619 -0.123 -0.992 -0. -1.916 0. 0. -1. 0.
0.993 -0.122 -0. 12.867 -0.122 -0.993 -0. -2.034 0. 0. -1. 0.
0.993 -0.115 -0. 14.192 -0.115 -0.993 -0. -2.277 0. 0. -1. 0.
0.995 -0.104 -0. 15.526 -0.104 -0.995 -0. -2.406 0. 0. -1. 0.
0.996 -0.093 -0. 16.895 -0.093 -0.996 -0. -2.536 0. 0. -1. 0.
0.997 -0.079 -0. 18.357 -0.079 -0.997 -0. -2.682 0. 0. -1. 0.
0.998 -0.066 -0. 19.794 -0.066 -0.998 -0. -2.886 0. 0. -1. 0.
0.998 -0.058 -0. 21.277 -0.058 -0.998 -0. -2.981 0. 0. -1. 0.
0.999 -0.052 -0. 22.826 -0.052 -0.999 -0. -2.991 0. 0. -1. 0.
0.999 -0.040 -0. 24.408 -0.040 -0.999 -0. -3.036 0. 0. -1. 0.
1.000 -0.029 -0. 26.101 -0.029 -1.000 -0. -3.213 0. 0. -1. 0.
1.000 -0.018 -0. 27.788 -0.018 -1.000 -0. -3.285 0. 0. -1. 0.
1. -0.009 -0. 29.537 -0.009 -1. -0. -3.353 0. 0. -1. 0.
1. -0.008 -0. 31.257 -0.008 -1. -0. -3.297 0. 0. -1. 0.
1. 0.007 0. 33.056 0.007 -1. -0. -3.340 0. 0. -1. 0.
1. 0.011 0. 34.870 0.011 -1. -0. -3.377 0. 0. -1. 0.
1.000 0.019 0. 36.722 0.019 -1.000 -0. -3.331 0. 0. -1. 0.
1.000 0.019 0. 38.579 0.019 -1.000 -0. -3.336 0. 0. -1. 0.
1.000 0.027 0. 40.436 0.027 -1.000 -0. -3.247 0. 0. -1. 0.
0.999 0.038 0. 42.324 0.038 -0.999 -0. -3.100 0. 0. -1. 0.
0.999 0.042 0. 44.320 0.042 -0.999 -0. -3.056 0. 0. -1. 0.
0.999 0.049 0. 46.320 0.049 -0.999 -0. -3.187 0. 0. -1. 0.
0.999 0.050 0. 48.413 0.050 -0.999 -0. -3.037 0. 0. -1. 0.
0.998 0.055 0. 50.559 0.055 -0.998 -0. -3.066 0. 0. -1. 0.
0.998 0.057 0. 52.615 0.057 -0.998 -0. -3.021 0. 0. -1. 0.
0.999 0.049 0. 54.743 0.049 -0.999 -0. -2.819 0. 0. -1. 0.
0.999 0.053 0. 56.891 0.053 -0.999 -0. -2.901 0. 0. -1. 0.
0.999 0.049 0. 59.113 0.049 -0.999 -0. -2.689 0. 0. -1. 0.
0.999 0.049 0. 61.253 0.049 -0.999 -0. -2.574 0. 0. -1. 0.
0.999 0.047 0. 63.371 0.047 -0.999 -0. -2.531 0. 0. -1. 0.
0.999 0.044 0. 65.514 0.044 -0.999 -0. -2.456 0. 0. -1. 0.
0.999 0.039 0. 67.706 0.039 -0.999 -0. -2.351 0. 0. -1. 0.
0.999 0.042 0. 69.751 0.042 -0.999 -0. -2.381 0. 0. -1. 0.
0.999 0.041 0. 71.978 0.041 -0.999 -0. -2.219 0. 0. -1. 0.
0.999 0.034 0. 74.045 0.034 -0.999 -0. -2.169 0. 0. -1. 0.
1.000 0.026 0. 76.168 0.026 -1.000 -0. -2.141 0. 0. -1. 0.
1. 0.004 0. 78.314 0.004 -1. -0. -2.153 0. 0. -1. 0.
1.000 -0.014 -0. 80.370 -0.014 -1.000 -0. -2.154 0. 0. -1. 0.
0.998 -0.055 -0. 82.476 -0.055 -0.998 -0. -2.341 0. 0. -1. 0.
0.996 -0.088 -0. 84.464 -0.088 -0.996 -0. -2.542 0. 0. -1. 0.
0.991 -0.131 -0. 86.545 -0.131 -0.991 -0. -2.815 0. 0. -1. 0.
0.986 -0.169 -0. 88.570 -0.169 -0.986 -0. -3.196 0. 0. -1. 0.
0.975 -0.221 -0. 90.517 -0.221 -0.975 -0. -3.600 0. 0. -1. 0.
0.964 -0.266 -0. 92.446 -0.266 -0.964 -0. -4.172 0. 0. -1. 0.
0.948 -0.317 -0. 94.366 -0.317 -0.948 -0. -4.768 0. 0. -1. 0.
0.934 -0.357 -0. 96.172 -0.357 -0.934 -0. -5.590 0. 0. -1. 0.
0.912 -0.410 -0. 97.989 -0.410 -0.912 -0. -6.377 0. 0. -1. 0.
0.889 -0.459 -0. 99.701 -0.459 -0.889 -0. -7.285 0. 0. -1. 0.
0.862 -0.507 -0. 101.397 -0.507 -0.862 -0. -8.201 0. 0. -1. 0.
0.824 -0.566 -0. 103.118 -0.566 -0.824 -0. -9.309 0. 0. -1. 0.
0.780 -0.626 -0. 104.758 -0.626 -0.780 -0. -10.541 0. 0. -1. 0.
0.727 -0.687 -0. 106.021 -0.687 -0.727 -0. -11.885 0. 0. -1. 0.
0.663 -0.748 -0. 107.377 -0.748 -0.663 -0. -13.270 0. 0. -1. 0.
0.598 -0.801 -0. 108.490 -0.801 -0.598 -0. -14.792 0. 0. -1. 0.
0.540 -0.842 -0. 109.461 -0.842 -0.540 -0. -16.492 0. 0. -1. 0.
0.477 -0.879 -0. 110.366 -0.879 -0.477 -0. -18.045 0. 0. -1. 0.
0.427 -0.904 -0. 111.078 -0.904 -0.427 -0. -19.754 0. 0. -1. 0.
0.400 -0.916 -0. 111.576 -0.916 -0.400 -0. -21.664 0. 0. -1. 0.
0.380 -0.925 -0. 112.330 -0.925 -0.380 -0. -23.422 0. 0. -1. 0.
0.376 -0.927 -0. 112.966 -0.927 -0.376 -0. -25.154 0. 0. -1. 0.
0.374 -0.928 -0. 113.839 -0.928 -0.374 -0. -26.903 0. 0. -1. 0.
0.376 -0.927 -0. 114.425 -0.927 -0.376 -0. -28.730 0. 0. -1. 0.
0.379 -0.925 -0. 115.219 -0.925 -0.379 -0. -30.540 0. 0. -1. 0.
0.389 -0.921 -0. 115.932 -0.921 -0.389 -0. -32.369 0. 0. -1. 0.
0.398 -0.918 -0. 116.829 -0.918 -0.398 -0. -34.286 0. 0. -1. 0.
0.410 -0.912 -0. 117.529 -0.912 -0.410 -0. -36.133 0. 0. -1. 0.
0.423 -0.906 -0. 118.313 -0.906 -0.423 -0. -38.043 0. 0. -1. 0.
0.440 -0.898 -0. 119.072 -0.898 -0.440 -0. -39.951 0. 0. -1. 0.
0.450 -0.893 -0. 120.154 -0.893 -0.450 -0. -41.821 0. 0. -1. 0.
0.469 -0.883 -0. 121.083 -0.883 -0.469 -0. -43.641 0. 0. -1. 0.
0.480 -0.877 -0. 121.989 -0.877 -0.480 -0. -45.683 0. 0. -1. 0.
0.500 -0.866 -0. 122.886 -0.866 -0.500 -0. -47.539 0. 0. -1. 0.
0.517 -0.856 -0. 124.092 -0.856 -0.517 -0. -49.475 0. 0. -1. 0.
0.533 -0.846 -0. 125.351 -0.846 -0.533 -0. -51.291 0. 0. -1. 0.
0.545 -0.838 -0. 126.508 -0.838 -0.545 -0. -53.063 0. 0. -1. 0.
0.567 -0.824 -0. 127.587 -0.824 -0.567 -0. -54.828 0. 0. -1. 0.
0.579 -0.816 -0. 128.779 -0.816 -0.579 -0. -56.579 0. 0. -1. 0.
0.589 -0.808 -0. 130.108 -0.808 -0.589 -0. -58.291 0. 0. -1. 0.
0.600 -0.800 -0. 131.286 -0.800 -0.600 -0. -60.011 0. 0. -1. 0.
0.617 -0.787 -0. 132.448 -0.787 -0.617 -0. -61.760 0. 0. -1. 0.
0.625 -0.781 -0. 133.790 -0.781 -0.625 -0. -63.346 0. 0. -1. 0.
0.639 -0.769 -0. 135.103 -0.769 -0.639 -0. -64.791 0. 0. -1. 0.
0.658 -0.753 -0. 136.354 -0.753 -0.658 -0. -66.391 0. 0. -1. 0.
0.677 -0.736 -0. 137.742 -0.736 -0.677 -0. -67.821 0. 0. -1. 0.
0.701 -0.713 -0. 139.109 -0.713 -0.701 -0. -69.232 0. 0. -1. 0.
0.726 -0.688 -0. 140.419 -0.688 -0.726 -0. -70.691 0. 0. -1. 0.
0.756 -0.654 -0. 141.734 -0.654 -0.756 -0. -72.037 0. 0. -1. 0.
0.789 -0.614 -0. 143.131 -0.614 -0.789 -0. -73.153 0. 0. -1. 0.
0.824 -0.566 -0. 144.524 -0.566 -0.824 -0. -74.053 0. 0. -1. 0.
0.859 -0.512 -0. 145.900 -0.512 -0.859 -0. -74.967 0. 0. -1. 0.
0.896 -0.445 -0. 147.314 -0.445 -0.896 -0. -75.688 0. 0. -1. 0.
0.934 -0.358 -0. 148.587 -0.358 -0.934 -0. -76.161 0. 0. -1. 0.
0.965 -0.263 -0. 149.978 -0.263 -0.965 -0. -76.576 0. 0. -1. 0.
0.987 -0.162 -0. 151.235 -0.162 -0.987 -0. -76.764 0. 0. -1. 0.
0.998 -0.061 -0. 152.394 -0.061 -0.998 -0. -76.880 0. 0. -1. 0.
0.999 0.047 0. 153.501 0.047 -0.999 -0. -76.812 0. 0. -1. 0.
0.987 0.162 0. 154.605 0.162 -0.987 -0. -76.658 0. 0. -1. 0.
0.956 0.293 0. 155.576 0.293 -0.956 -0. -76.265 0. 0. -1. 0.
0.906 0.424 0. 156.710 0.424 -0.906 -0. -75.806 0. 0. -1. 0.
0.828 0.561 0. 157.374 0.561 -0.828 -0. -75.277 0. 0. -1. 0.
0.727 0.687 0. 158.224 0.687 -0.727 -0. -74.518 0. 0. -1. 0.
0.600 0.800 0. 158.710 0.800 -0.600 -0. -73.760 0. 0. -1. 0.
0.450 0.893 0. 159.271 0.893 -0.450 -0. -72.873 0. 0. -1. 0.
0.272 0.962 0. 159.381 0.962 -0.272 -0. -71.991 0. 0. -1. 0.
0.097 0.995 0. 159.527 0.995 -0.097 -0. -70.952 0. 0. -1. 0.
-0.099 0.995 0. 159.315 0.995 0.099 0. -70.091 0. 0. -1. 0.
-0.281 0.960 0. 159.038 0.960 0.281 0. -69.234 0. 0. -1. 0.
-0.451 0.893 0. 158.550 0.893 0.451 0. -68.373 0. 0. -1. 0.
-0.594 0.804 0. 158.023 0.804 0.594 0. -67.501 0. 0. -1. 0.
-0.704 0.710 0. 157.144 0.710 0.704 0. -66.839 0. 0. -1. 0.
-0.787 0.617 0. 156.320 0.617 0.787 0. -66.190 0. 0. -1. 0.
-0.842 0.539 0. 155.281 0.539 0.842 0. -65.570 0. 0. -1. 0.
-0.885 0.467 0. 154.313 0.467 0.885 0. -64.999 0. 0. -1. 0.
-0.915 0.403 0. 153.071 0.403 0.915 0. -64.585 0. 0. -1. 0.
-0.933 0.359 0. 151.864 0.359 0.933 0. -63.991 0. 0. -1. 0.
-0.944 0.329 0. 150.456 0.329 0.944 0. -63.534 0. 0. -1. 0.
-0.949 0.314 0. 149.214 0.314 0.949 0. -63.147 0. 0. -1. 0.
-0.952 0.307 0. 147.792 0.307 0.952 0. -62.721 0. 0. -1. 0.
-0.952 0.308 0. 146.289 0.308 0.952 0. -62.148 0. 0. -1. 0.
-0.951 0.311 0. 144.875 0.311 0.951 0. -61.685 0. 0. -1. 0.
-0.944 0.331 0. 143.442 0.331 0.944 0. -61.239 0. 0. -1. 0.
-0.937 0.348 0. 141.831 0.348 0.937 0. -60.500 0. 0. -1. 0.
-0.931 0.365 0. 140.326 0.365 0.931 0. -59.990 0. 0. -1. 0.
-0.917 0.399 0. 138.767 0.399 0.917 0. -59.286 0. 0. -1. 0.
-0.897 0.442 0. 137.272 0.442 0.897 0. -58.581 0. 0. -1. 0.
-0.873 0.487 0. 135.750 0.487 0.873 0. -57.717 0. 0. -1. 0.
-0.850 0.527 0. 134.317 0.527 0.850 0. -56.776 0. 0. -1. 0.
-0.820 0.572 0. 132.907 0.572 0.820 0. -55.611 0. 0. -1. 0.
-0.787 0.617 0. 131.417 0.617 0.787 0. -54.522 0. 0. -1. 0.
-0.754 0.657 0. 130.022 0.657 0.754 0. -53.232 0. 0. -1. 0.
-0.718 0.696 0. 128.741 0.696 0.718 0. -51.932 0. 0. -1. 0.
-0.677 0.736 0. 127.419 0.736 0.677 0. -50.490 0. 0. -1. 0.
-0.632 0.775 0. 126.222 0.775 0.632 0. -48.937 0. 0. -1. 0.
-0.590 0.808 0. 125.010 0.808 0.590 0. -47.453 0. 0. -1. 0.
-0.546 0.838 0. 123.938 0.838 0.546 0. -45.756 0. 0. -1. 0.
-0.505 0.863 0. 123.050 0.863 0.505 0. -44.133 0. 0. -1. 0.
-0.467 0.884 0. 122.017 0.884 0.467 0. -42.480 0. 0. -1. 0.
-0.431 0.902 0. 121.140 0.902 0.431 0. -40.611 0. 0. -1. 0.
-0.409 0.912 0. 120.415 0.912 0.409 0. -38.844 0. 0. -1. 0.
-0.390 0.921 0. 119.710 0.921 0.390 0. -36.943 0. 0. -1. 0.
-0.374 0.927 0. 118.881 0.927 0.374 0. -35.143 0. 0. -1. 0.
-0.365 0.931 0. 118.313 0.931 0.365 0. -33.366 0. 0. -1. 0.
-0.354 0.935 0. 117.593 0.935 0.354 0. -31.398 0. 0. -1. 0.
-0.350 0.937 0. 116.884 0.937 0.350 0. -29.504 0. 0. -1. 0.
-0.348 0.937 0. 116.266 0.937 0.348 0. -27.608 0. 0. -1. 0.
-0.353 0.936 0. 115.543 0.936 0.353 0. -25.738 0. 0. -1. 0.
-0.371 0.928 0. 114.849 0.928 0.371 0. -23.858 0. 0. -1. 0.
-0.393 0.920 0. 114.221 0.920 0.393 0. -21.971 0. 0. -1. 0.
-0.427 0.904 0. 113.246 0.904 0.427 0. -20.227 0. 0. -1. 0.
-0.463 0.886 0. 112.424 0.886 0.463 0. -18.382 0. 0. -1. 0.
-0.505 0.863 0. 111.516 0.863 0.505 0. -16.637 0. 0. -1. 0.
-0.552 0.834 0. 110.573 0.834 0.552 0. -14.991 0. 0. -1. 0.
-0.593 0.805 0. 109.404 0.805 0.593 0. -13.443 0. 0. -1. 0.
-0.637 0.771 0. 108.358 0.771 0.637 0. -11.903 0. 0. -1. 0.
-0.683 0.730 0. 107.194 0.730 0.683 0. -10.412 0. 0. -1. 0.
-0.735 0.679 0. 105.983 0.679 0.735 0. -9.111 0. 0. -1. 0.
-0.775 0.632 0. 104.201 0.632 0.775 0. -7.808 0. 0. -1. 0.
-0.816 0.578 0. 102.841 0.578 0.816 0. -6.712 0. 0. -1. 0.
-0.853 0.522 0. 101.197 0.522 0.853 0. -5.732 0. 0. -1. 0.
-0.890 0.457 0. 99.516 0.457 0.890 0. -4.850 0. 0. -1. 0.
-0.922 0.388 0. 97.925 0.388 0.922 0. -4.047 0. 0. -1. 0.
-0.945 0.328 0. 96.054 0.328 0.945 0. -3.399 0. 0. -1. 0.
-0.964 0.266 0. 94.313 0.266 0.964 0. -2.792 0. 0. -1. 0.
-0.978 0.210 0. 92.457 0.210 0.978 0. -2.242 0. 0. -1. 0.
-0.988 0.157 0. 90.523 0.157 0.988 0. -2.004 0. 0. -1. 0.
-0.994 0.110 0. 88.529 0.110 0.994 0. -1.785 0. 0. -1. 0.
-0.998 0.064 0. 86.603 0.064 0.998 0. -1.635 0. 0. -1. 0.
-0.999 0.036 0. 84.611 0.036 0.999 0. -1.613 0. 0. -1. 0.
-1. 0.008 0. 82.598 0.008 1. 0. -1.431 0. 0. -1. 0.
-1. -0.001 -0. 80.569 -0.001 1. 0. -1.536 0. 0. -1. 0.
-1. -0.012 -0. 78.511 -0.012 1. 0. -1.597 0. 0. -1. 0.
-1. -0.014 -0. 76.443 -0.014 1. 0. -1.622 0. 0. -1. 0.
-1.000 -0.028 -0. 74.353 -0.028 1.000 0. -1.564 0. 0. -1. 0.
-1.000 -0.027 -0. 72.212 -0.027 1.000 0. -1.650 0. 0. -1. 0.
-1.000 -0.031 -0. 70.171 -0.031 1.000 0. -1.623 0. 0. -1. 0.
-1.000 -0.031 -0. 67.995 -0.031 1.000 0. -1.695 0. 0. -1. 0.
-1.000 -0.031 -0. 65.901 -0.031 1.000 0. -1.706 0. 0. -1. 0.
-1.000 -0.029 -0. 63.774 -0.029 1.000 0. -1.782 0. 0. -1. 0.
-1.000 -0.027 -0. 61.658 -0.027 1.000 0. -1.801 0. 0. -1. 0.
-1.000 -0.028 -0. 59.568 -0.028 1.000 0. -1.737 0. 0. -1. 0.
-1.000 -0.026 -0. 57.407 -0.026 1.000 0. -1.828 0. 0. -1. 0.
-0.999 -0.033 -0. 55.353 -0.033 0.999 0. -1.824 0. 0. -1. 0.
-0.999 -0.038 -0. 53.310 -0.038 0.999 0. -1.773 0. 0. -1. 0.
-0.999 -0.051 -0. 51.144 -0.051 0.999 0. -1.793 0. 0. -1. 0.
-0.998 -0.060 -0. 49.109 -0.060 0.998 0. -2.051 0. 0. -1. 0.
-0.998 -0.067 -0. 47.028 -0.067 0.998 0. -2.114 0. 0. -1. 0.
-0.998 -0.066 -0. 44.900 -0.066 0.998 0. -2.225 0. 0. -1. 0.
-0.999 -0.052 -0. 42.824 -0.052 0.999 0. -2.403 0. 0. -1. 0.
-1.000 -0.030 -0. 40.818 -0.030 1.000 0. -2.229 0. 0. -1. 0.
-1. -0.008 -0. 38.795 -0.008 1. 0. -2.478 0. 0. -1. 0.
-1. 0.013 0. 36.659 0.013 1. 0. -2.328 0. 0. -1. 0.
-1.000 0.023 0. 34.736 0.023 1.000 0. -2.121 0. 0. -1. 0.
-0.999 0.034 0. 32.614 0.034 0.999 0. -2.101 0. 0. -1. 0.
-0.999 0.047 0. 30.542 0.047 0.999 0. -1.903 0. 0. -1. 0.
-0.998 0.063 0. 28.505 0.063 0.998 0. -1.910 0. 0. -1. 0.
-0.998 0.068 0. 26.471 0.068 0.998 0. -1.582 0. 0. -1. 0.
-0.997 0.071 0. 24.320 0.071 0.997 0. -1.381 0. 0. -1. 0.
-0.997 0.078 0. 22.139 0.078 0.997 0. -1.172 0. 0. -1. 0.
-0.997 0.080 0. 20.062 0.080 0.997 0. -0.957 0. 0. -1. 0.
-0.997 0.074 0. 17.821 0.074 0.997 0. -0.835 0. 0. -1. 0.
-0.997 0.081 0. 15.640 0.081 0.997 0. -0.666 0. 0. -1. 0.
-0.997 0.079 0. 13.536 0.079 0.997 0. -0.405 0. 0. -1. 0.
-0.997 0.078 0. 11.304 0.078 0.997 0. -0.213 0. 0. -1. 0.
-0.997 0.081 0. 9.183 0.081 0.997 0. -0.087 0. 0. -1. 0.
-0.997 0.079 0. 6.975 0.079 0.997 0. 0.042 0. 0. -1. 0.
-0.996 0.086 0. 4.802 0.086 0.996 0. 0.308 0. 0. -1. 0.
-0.997 0.081 0. 2.654 0.081 0.997 0. 0.430 0. 0. -1. 0.
-0.997 0.081 0. 0.486 0.081 0.997 0. 0.603 0. 0. -1. 0.
-0.997 0.076 0. -1.631 0.076 0.997 0. 0.892 0. 0. -1. 0.
-0.997 0.073 0. -3.763 0.073 0.997 0. 1.000 0. 0. -1. 0.
-0.997 0.077 0. -5.824 0.077 0.997 0. 1.205 0. 0. -1. 0.
-0.998 0.071 0. -8.014 0.071 0.998 0. 1.480 0. 0. -1. 0.
-0.997 0.075 0. -10.067 0.075 0.997 0. 1.686 0. 0. -1. 0.
-0.998 0.063 0. -12.105 0.063 0.998 0. 1.700 0. 0. -1. 0.
-0.997 0.074 0. -14.297 0.074 0.997 0. 2.011 0. 0. -1. 0.
-0.998 0.060 0. -16.289 0.060 0.998 0. 2.041 0. 0. -1. 0.
-0.998 0.061 0. -18.478 0.061 0.998 0. 2.326 0. 0. -1. 0.
-0.998 0.065 0. -20.525 0.065 0.998 0. 2.450 0. 0. -1. 0.
-0.999 0.053 0. -22.538 0.053 0.999 0. 2.652 0. 0. -1. 0.
-0.999 0.049 0. -24.651 0.049 0.999 0. 2.670 0. 0. -1. 0.
-0.999 0.046 0. -26.755 0.046 0.999 0. 2.843 0. 0. -1. 0.
-0.999 0.038 0. -28.827 0.038 0.999 0. 3.096 0. 0. -1. 0.
-0.999 0.034 0. -30.974 0.034 0.999 0. 3.130 0. 0. -1. 0.
-1.000 0.028 0. -32.958 0.028 1.000 0. 3.089 0. 0. -1. 0.
-1.000 0.025 0. -34.990 0.025 1.000 0. 3.148 0. 0. -1. 0.
-1.000 0.020 0. -36.906 0.020 1.000 0. 3.179 0. 0. -1. 0.
-1. 0.011 0. -38.982 0.011 1. 0. 3.291 0. 0. -1. 0.
-1. 0.002 0. -41.100 0.002 1. 0. 3.317 0. 0. -1. 0.
-1. 0.005 0. -43.029 0.005 1. 0. 3.397 0. 0. -1. 0.
-1. -0.000 -0. -44.961 -0.000 1. 0. 3.326 0. 0. -1. 0.
-1. -0.011 -0. -46.916 -0.011 1. 0. 3.382 0. 0. -1. 0.
-1. -0.012 -0. -48.877 -0.012 1. 0. 3.523 0. 0. -1. 0.
-1. -0.014 -0. -50.729 -0.014 1. 0. 3.497 0. 0. -1. 0.
-1. -0.008 -0. -52.607 -0.008 1. 0. 3.513 0. 0. -1. 0.
-1. -0.001 -0. -54.453 -0.001 1. 0. 3.589 0. 0. -1. 0.
-1.000 0.018 0. -56.160 0.018 1.000 0. 3.539 0. 0. -1. 0.
-1.000 0.029 0. -57.742 0.029 1.000 0. 3.554 0. 0. -1. 0.
-0.998 0.058 0. -59.256 0.058 0.998 0. 3.742 0. 0. -1. 0.
-0.997 0.081 0. -60.689 0.081 0.997 0. 3.835 0. 0. -1. 0.
-0.993 0.116 0. -61.997 0.116 0.993 0. 4.047 0. 0. -1. 0.
-0.986 0.165 0. -63.251 0.165 0.986 0. 4.237 0. 0. -1. 0.
-0.976 0.216 0. -64.352 0.216 0.976 0. 4.483 0. 0. -1. 0.
-0.959 0.285 0. -65.358 0.285 0.959 0. 4.788 0. 0. -1. 0.
-0.932 0.363 0. -66.314 0.363 0.932 0. 5.277 0. 0. -1. 0.
-0.894 0.449 0. -67.234 0.449 0.894 0. 5.778 0. 0. -1. 0.
-0.839 0.544 0. -67.943 0.544 0.839 0. 6.432 0. 0. -1. 0.
-0.773 0.635 0. -68.717 0.635 0.773 0. 6.997 0. 0. -1. 0.
-0.694 0.720 0. -69.430 0.720 0.694 0. 7.715 0. 0. -1. 0.
-0.607 0.794 0. -69.831 0.794 0.607 0. 8.522 0. 0. -1. 0.
-0.516 0.857 0. -70.452 0.857 0.516 0. 9.290 0. 0. -1. 0.
-0.423 0.906 0. -70.655 0.906 0.423 0. 10.205 0. 0. -1. 0.
-0.323 0.946 0. -71.026 0.946 0.323 0. 11.008 0. 0. -1. 0.
-0.236 0.972 0. -71.149 0.972 0.236 0. 11.860 0. 0. -1. 0.
-0.155 0.988 0. -71.269 0.988 0.155 0. 12.720 0. 0. -1. 0.
-0.093 0.996 0. -71.348 0.996 0.093 0. 13.657 0. 0. -1. 0.
-0.043 0.999 0. -71.343 0.999 0.043 0. 14.546 0. 0. -1. 0.
-0.013 1. 0. -71.459 1. 0.013 0. 15.428 0. 0. -1. 0.
-0.003 1. 0. -71.243 1. 0.003 0. 16.347 0. 0. -1. 0.
0.006 1. 0. -71.269 1. -0.006 -0. 17.292 0. 0. -1. 0.
0.003 1. 0. -71.210 1. -0.003 -0. 18.161 0. 0. -1. 0.
0.006 1. 0. -71.171 1. -0.006 -0. 19.080 0. 0. -1. 0.
-0.007 1. 0. -71.195 1. 0.007 0. 20.018 0. 0. -1. 0.
0.002 1. 0. -71.145 1. -0.002 -0. 20.848 0. 0. -1. 0.
-0.005 1. 0. -71.249 1. 0.005 0. 21.676 0. 0. -1. 0.
-0.001 1. 0. -71.162 1. 0.001 0. 22.617 0. 0. -1. 0.
-0.022 1.000 0. -71.192 1.000 0.022 0. 23.519 0. 0. -1. 0.
-0.012 1. 0. -71.056 1. 0.012 0. 24.383 0. 0. -1. 0.
-0.033 0.999 0. -71.124 0.999 0.033 0. 25.328 0. 0. -1. 0.
-0.020 1.000 0. -71.275 1.000 0.020 0. 26.283 0. 0. -1. 0.
-0.030 1.000 0. -71.325 1.000 0.030 0. 27.360 0. 0. -1. 0.
-0.028 1.000 0. -71.305 1.000 0.028 0. 28.347 0. 0. -1. 0.
-0.029 1.000 0. -71.367 1.000 0.029 0. 29.517 0. 0. -1. 0.
-0.030 1.000 0. -71.301 1.000 0.030 0. 30.699 0. 0. -1. 0.
-0.023 1.000 0. -71.415 1.000 0.023 0. 31.883 0. 0. -1. 0.
-0.004 1. 0. -71.301 1. 0.004 0. 33.030 0. 0. -1. 0.
0.001 1. 0. -71.282 1. -0.001 -0. 34.244 0. 0. -1. 0.
0.028 1.000 0. -71.194 1.000 -0.028 -0. 35.512 0. 0. -1. 0.
0.060 0.998 0. -71.151 0.998 -0.060 -0. 36.671 0. 0. -1. 0.
0.104 0.995 0. -70.967 0.995 -0.104 -0. 37.860 0. 0. -1. 0.
0.149 0.989 0. -70.820 0.989 -0.149 -0. 39.090 0. 0. -1. 0.
0.200 0.980 0. -70.419 0.980 -0.200 -0. 40.250 0. 0. -1. 0.
0.257 0.966 0. -70.108 0.966 -0.257 -0. 41.488 0. 0. -1. 0.
0.308 0.951 0. -69.720 0.951 -0.308 -0. 42.618 0. 0. -1. 0.
0.361 0.932 0. -69.300 0.932 -0.361 -0. 43.713 0. 0. -1. 0.
0.394 0.919 0. -68.807 0.919 -0.394 -0. 44.738 0. 0. -1. 0.
0.388 0.921 0. -68.155 0.921 -0.388 -0. 46.003 0. 0. -1. 0.
0.372 0.928 0. -67.635 0.928 -0.372 -0. 47.283 0. 0. -1. 0.
0.324 0.946 0. -67.121 0.946 -0.324 -0. 48.650 0. 0. -1. 0.
0.278 0.961 0. -66.716 0.961 -0.278 -0. 50.081 0. 0. -1. 0.
0.221 0.975 0. -66.379 0.975 -0.221 -0. 51.455 0. 0. -1. 0.
0.157 0.988 0. -66.020 0.988 -0.157 -0. 53.082 0. 0. -1. 0.
0.093 0.996 0. -65.843 0.996 -0.093 -0. 54.627 0. 0. -1. 0.
0.035 0.999 0. -65.765 0.999 -0.035 -0. 56.222 0. 0. -1. 0.
-0.012 1. 0. -65.804 1. 0.012 0. 57.768 0. 0. -1. 0.
-0.047 0.999 0. -65.850 0.999 0.047 0. 59.395 0. 0. -1. 0.
-0.069 0.998 0. -66.010 0.998 0.069 0. 60.913 0. 0. -1. 0.
-0.080 0.997 0. -66.073 0.997 0.080 0. 62.608 0. 0. -1. 0.
-0.083 0.997 0. -66.286 0.997 0.083 0. 64.137 0. 0. -1. 0.
-0.087 0.996 0. -66.350 0.996 0.087 0. 65.899 0. 0. -1. 0.
-0.087 0.996 0. -66.474 0.996 0.087 0. 67.469 0. 0. -1. 0.
-0.078 0.997 0. -66.605 0.997 0.078 0. 69.169 0. 0. -1. 0.
-0.082 0.997 0. -66.688 0.997 0.082 0. 70.924 0. 0. -1. 0.
-0.063 0.998 0. -66.819 0.998 0.063 0. 72.657 0. 0. -1. 0.
-0.069 0.998 0. -66.815 0.998 0.069 0. 74.315 0. 0. -1. 0.
-0.066 0.998 0. -67.005 0.998 0.066 0. 76.060 0. 0. -1. 0.
-0.059 0.998 0. -67.081 0.998 0.059 0. 77.841 0. 0. -1. 0.
-0.069 0.998 0. -67.164 0.998 0.069 0. 79.375 0. 0. -1. 0.
-0.093 0.996 0. -67.326 0.996 0.093 0. 81.116 0. 0. -1. 0.
-0.137 0.991 0. -67.444 0.991 0.137 0. 82.780 0. 0. -1. 0.
-0.183 0.983 0. -67.674 0.983 0.183 0. 84.491 0. 0. -1. 0.
-0.242 0.970 0. -68.038 0.970 0.242 0. 85.830 0. 0. -1. 0.
-0.298 0.955 0. -68.355 0.955 0.298 0. 87.590 0. 0. -1. 0.
-0.368 0.930 0. -69.075 0.930 0.368 0. 88.809 0. 0. -1. 0.
-0.429 0.903 0. -69.603 0.903 0.429 0. 90.334 0. 0. -1. 0.
-0.496 0.868 0. -70.158 0.868 0.496 0. 91.563 0. 0. -1. 0.
-0.578 0.816 0. -70.989 0.816 0.578 0. 92.784 0. 0. -1. 0.
-0.656 0.755 0. -72.054 0.755 0.656 0. 93.973 0. 0. -1. 0.
-0.726 0.688 0. -72.985 0.688 0.726 0. 95.026 0. 0. -1. 0.
-0.793 0.609 0. -74.162 0.609 0.793 0. 95.943 0. 0. -1. 0.
-0.853 0.522 0. -75.327 0.522 0.853 0. 96.695 0. 0. -1. 0.
-0.901 0.434 0. -76.594 0.434 0.901 0. 97.297 0. 0. -1. 0.
-0.934 0.357 0. -77.905 0.357 0.934 0. 97.763 0. 0. -1. 0.
-0.957 0.290 0. -79.242 0.290 0.957 0. 98.138 0. 0. -1. 0.
-0.968 0.252 0. -80.591 0.252 0.968 0. 98.457 0. 0. -1. 0.
-0.974 0.225 0. -81.849 0.225 0.974 0. 98.878 0. 0. -1. 0.
-0.978 0.211 0. -83.268 0.211 0.978 0. 99.116 0. 0. -1. 0.
-0.978 0.209 0. -84.551 0.209 0.978 0. 99.464 0. 0. -1. 0.
-0.978 0.210 0. -85.957 0.210 0.978 0. 99.845 0. 0. -1. 0.
-0.972 0.236 0. -87.359 0.236 0.972 0. 100.218 0. 0. -1. 0.
-0.964 0.267 0. -88.782 0.267 0.964 0. 100.572 0. 0. -1. 0.
-0.951 0.308 0. -90.334 0.308 0.951 0. 101.025 0. 0. -1. 0.
-0.934 0.357 0. -91.809 0.357 0.934 0. 101.703 0. 0. -1. 0.
-0.910 0.414 0. -93.211 0.414 0.910 0. 102.350 0. 0. -1. 0.
-0.885 0.465 0. -94.562 0.465 0.885 0. 103.336 0. 0. -1. 0.
-0.852 0.523 0. -96.021 0.523 0.852 0. 104.154 0. 0. -1. 0.
-0.818 0.575 0. -97.396 0.575 0.818 0. 105.054 0. 0. -1. 0.
-0.790 0.613 0. -98.776 0.613 0.790 0. 106.168 0. 0. -1. 0.
-0.759 0.651 0. -100.143 0.651 0.759 0. 107.263 0. 0. -1. 0.
-0.743 0.669 0. -101.478 0.669 0.743 0. 108.468 0. 0. -1. 0.
-0.725 0.689 0. -102.695 0.689 0.725 0. 109.867 0. 0. -1. 0.
-0.715 0.699 0. -104.080 0.699 0.715 0. 111.076 0. 0. -1. 0.
-0.704 0.711 0. -105.356 0.711 0.704 0. 112.526 0. 0. -1. 0.
-0.707 0.708 0. -106.814 0.708 0.707 0. 113.822 0. 0. -1. 0.
-0.703 0.712 0. -108.063 0.712 0.703 0. 115.365 0. 0. -1. 0.
-0.698 0.716 0. -109.557 0.716 0.698 0. 116.668 0. 0. -1. 0.
-0.697 0.717 0. -110.842 0.717 0.697 0. 118.220 0. 0. -1. 0.
-0.696 0.718 0. -112.384 0.718 0.696 0. 119.665 0. 0. -1. 0.
-0.700 0.714 0. -113.671 0.714 0.700 0. 121.353 0. 0. -1. 0.
-0.693 0.721 0. -115.296 0.721 0.693 0. 122.707 0. 0. -1. 0.
-0.696 0.718 0. -116.665 0.718 0.696 0. 124.401 0. 0. -1. 0.
-0.694 0.720 0. -118.219 0.720 0.694 0. 125.989 0. 0. -1. 0.
-0.695 0.719 0. -119.741 0.719 0.695 0. 127.599 0. 0. -1. 0.
-0.693 0.721 0. -121.213 0.721 0.693 0. 129.270 0. 0. -1. 0.
-0.688 0.726 0. -122.687 0.726 0.688 0. 130.955 0. 0. -1. 0.
-0.685 0.729 0. -124.282 0.729 0.685 0. 132.671 0. 0. -1. 0.
-0.688 0.726 0. -125.705 0.726 0.688 0. 134.351 0. 0. -1. 0.
-0.687 0.726 0. -127.322 0.726 0.687 0. 136.060 0. 0. -1. 0.
-0.685 0.729 0. -128.779 0.729 0.685 0. 137.776 0. 0. -1. 0.
-0.685 0.729 0. -130.332 0.729 0.685 0. 139.405 0. 0. -1. 0.
-0.688 0.726 0. -131.836 0.726 0.688 0. 141.282 0. 0. -1. 0.
-0.690 0.724 0. -133.444 0.724 0.690 0. 142.930 0. 0. -1. 0.
-0.686 0.728 0. -135.029 0.728 0.686 0. 144.717 0. 0. -1. 0.
-0.685 0.728 0. -136.582 0.728 0.685 0. 146.506 0. 0. -1. 0.
-0.684 0.729 0. -138.194 0.729 0.684 0. 148.215 0. 0. -1. 0.
-0.683 0.730 0. -139.895 0.730 0.683 0. 150.071 0. 0. -1. 0.
-0.675 0.737 0. -141.491 0.737 0.675 0. 151.895 0. 0. -1. 0.
-0.661 0.750 0. -143.112 0.750 0.661 0. 153.597 0. 0. -1. 0.
-0.650 0.760 0. -144.637 0.760 0.650 0. 155.456 0. 0. -1. 0.
-0.638 0.770 0. -146.017 0.770 0.638 0. 157.404 0. 0. -1. 0.
-0.615 0.788 0. -147.579 0.788 0.615 0. 159.272 0. 0. -1. 0.
-0.593 0.805 0. -148.872 0.805 0.593 0. 161.226 0. 0. -1. 0.
-0.576 0.817 0. -150.145 0.817 0.576 0. 163.141 0. 0. -1. 0.
-0.547 0.837 0. -151.448 0.837 0.547 0. 165.150 0. 0. -1. 0.
-0.523 0.853 0. -152.675 0.853 0.523 0. 167.067 0. 0. -1. 0.
-0.487 0.873 0. -153.753 0.873 0.487 0. 169.130 0. 0. -1. 0.
-0.447 0.895 0. -154.814 0.895 0.447 0. 171.218 0. 0. -1. 0.
-0.399 0.917 0. -155.674 0.917 0.399 0. 173.344 0. 0. -1. 0.
-0.363 0.932 0. -156.579 0.932 0.363 0. 175.526 0. 0. -1. 0.
-0.321 0.947 0. -157.269 0.947 0.321 0. 177.705 0. 0. -1. 0.
-0.278 0.961 0. -157.860 0.961 0.278 0. 179.991 0. 0. -1. 0.
-0.232 0.973 0. -158.487 0.973 0.232 0. 182.218 0. 0. -1. 0.
-0.199 0.980 0. -158.684 0.980 0.199 0. 184.544 0. 0. -1. 0.
-0.172 0.985 0. -159.353 0.985 0.172 0. 186.811 0. 0. -1. 0.
-0.149 0.989 0. -159.394 0.989 0.149 0. 189.140 0. 0. -1. 0.
-0.135 0.991 0. -159.333 0.991 0.135 0. 191.516 0. 0. -1. 0.
-0.125 0.992 0. -159.797 0.992 0.125 0. 193.864 0. 0. -1. 0.
-0.111 0.994 0. -160.150 0.994 0.111 0. 196.202 0. 0. -1. 0.
-0.109 0.994 0. -160.414 0.994 0.109 0. 198.547 0. 0. -1. 0.
-0.100 0.995 0. -160.301 0.995 0.100 0. 200.916 0. 0. -1. 0.
-0.106 0.994 0. -160.715 0.994 0.106 0. 203.282 0. 0. -1. 0.
-0.101 0.995 0. -160.683 0.995 0.101 0. 205.626 0. 0. -1. 0.
-0.105 0.994 0. -160.961 0.994 0.105 0. 208.005 0. 0. -1. 0.
-0.110 0.994 0. -161.206 0.994 0.110 0. 210.292 0. 0. -1. 0.
-0.125 0.992 0. -161.485 0.992 0.125 0. 212.578 0. 0. -1. 0.
-0.153 0.988 0. -161.815 0.988 0.153 0. 214.886 0. 0. -1. 0.
-0.183 0.983 0. -161.988 0.983 0.183 0. 217.158 0. 0. -1. 0.
-0.222 0.975 0. -162.539 0.975 0.222 0. 219.424 0. 0. -1. 0.
-0.267 0.964 0. -163.045 0.964 0.267 0. 221.489 0. 0. -1. 0.
-0.316 0.949 0. -163.795 0.949 0.316 0. 223.628 0. 0. -1. 0.
-0.376 0.927 0. -164.478 0.927 0.376 0. 225.608 0. 0. -1. 0.
-0.448 0.894 0. -165.391 0.894 0.448 0. 227.556 0. 0. -1. 0.
-0.513 0.858 0. -166.486 0.858 0.513 0. 229.313 0. 0. -1. 0.
-0.579 0.816 0. -167.518 0.816 0.579 0. 231.129 0. 0. -1. 0.
-0.638 0.770 0. -168.932 0.770 0.638 0. 232.753 0. 0. -1. 0.
-0.690 0.724 0. -170.329 0.724 0.690 0. 234.284 0. 0. -1. 0.
-0.743 0.670 0. -171.733 0.670 0.743 0. 235.717 0. 0. -1. 0.
-0.789 0.615 0. -173.409 0.615 0.789 0. 237.032 0. 0. -1. 0.
-0.825 0.565 0. -175.270 0.565 0.825 0. 238.304 0. 0. -1. 0.
-0.863 0.505 0. -177.000 0.505 0.863 0. 239.349 0. 0. -1. 0.
-0.895 0.447 0. -178.997 0.447 0.895 0. 240.495 0. 0. -1. 0.
-0.919 0.395 0. -180.974 0.395 0.919 0. 241.446 0. 0. -1. 0.
-0.936 0.353 0. -182.965 0.353 0.936 0. 242.383 0. 0. -1. 0.
-0.945 0.326 0. -185.102 0.326 0.945 0. 243.140 0. 0. -1. 0.
-0.951 0.310 0. -187.311 0.310 0.951 0. 243.927 0. 0. -1. 0.
-0.955 0.296 0. -189.489 0.296 0.955 0. 244.568 0. 0. -1. 0.
-0.958 0.288 0. -191.678 0.288 0.958 0. 245.276 0. 0. -1. 0.
-0.958 0.285 0. -193.990 0.285 0.958 0. 245.958 0. 0. -1. 0.
-0.958 0.287 0. -196.254 0.287 0.958 0. 246.670 0. 0. -1. 0.
-0.957 0.290 0. -198.531 0.290 0.957 0. 247.470 0. 0. -1. 0.
-0.958 0.286 0. -200.704 0.286 0.958 0. 248.192 0. 0. -1. 0.
-0.959 0.282 0. -203.250 0.282 0.959 0. 248.863 0. 0. -1. 0.
-0.960 0.281 0. -205.566 0.281 0.960 0. 249.626 0. 0. -1. 0.
-0.959 0.283 0. -207.821 0.283 0.959 0. 250.323 0. 0. -1. 0.
-0.958 0.286 0. -210.135 0.286 0.958 0. 250.975 0. 0. -1. 0.
-0.958 0.287 0. -212.412 0.287 0.958 0. 251.739 0. 0. -1. 0.
-0.955 0.296 0. -214.516 0.296 0.955 0. 252.385 0. 0. -1. 0.
-0.953 0.304 0. -216.710 0.304 0.953 0. 253.069 0. 0. -1. 0.
-0.952 0.307 0. -218.823 0.307 0.952 0. 253.836 0. 0. -1. 0.
-0.950 0.312 0. -220.852 0.312 0.950 0. 254.616 0. 0. -1. 0.
-0.948 0.318 0. -222.840 0.318 0.948 0. 255.292 0. 0. -1. 0.
-0.947 0.322 0. -224.872 0.322 0.947 0. 255.933 0. 0. -1. 0.
-0.943 0.333 0. -226.761 0.333 0.943 0. 256.653 0. 0. -1. 0.
-0.938 0.346 0. -228.458 0.346 0.938 0. 257.330 0. 0. -1. 0.
-0.932 0.362 0. -230.124 0.362 0.932 0. 257.990 0. 0. -1. 0.
-0.922 0.387 0. -231.773 0.387 0.922 0. 258.699 0. 0. -1. 0.
-0.910 0.414 0. -233.183 0.414 0.910 0. 259.415 0. 0. -1. 0.
-0.897 0.443 0. -234.539 0.443 0.897 0. 260.007 0. 0. -1. 0.
-0.888 0.459 0. -235.754 0.459 0.888 0. 260.799 0. 0. -1. 0.
-0.879 0.477 0. -236.972 0.477 0.879 0. 261.382 0. 0. -1. 0.
-0.878 0.479 0. -238.058 0.479 0.878 0. 262.000 0. 0. -1. 0.
-0.885 0.466 0. -239.063 0.466 0.885 0. 262.544 0. 0. -1. 0.
-0.892 0.452 0. -240.169 0.452 0.892 0. 263.221 0. 0. -1. 0.
-0.896 0.444 0. -241.019 0.444 0.896 0. 263.619 0. 0. -1. 0.
-0.904 0.428 0. -241.824 0.428 0.904 0. 263.934 0. 0. -1. 0.
-0.906 0.424 0. -242.543 0.424 0.906 0. 264.377 0. 0. -1. 0.
-0.907 0.421 0. -243.231 0.421 0.907 0. 264.676 0. 0. -1. 0.
-0.910 0.414 0. -243.859 0.414 0.910 0. 265.040 0. 0. -1. 0.
-0.909 0.416 0. -244.535 0.416 0.909 0. 265.355 0. 0. -1. 0.
-0.913 0.408 0. -245.016 0.408 0.913 0. 265.697 0. 0. -1. 0.
-0.912 0.410 0. -245.511 0.410 0.912 0. 265.794 0. 0. -1. 0.
-0.914 0.407 0. -245.932 0.407 0.914 0. 266.195 0. 0. -1. 0.
-0.915 0.403 0. -246.394 0.403 0.915 0. 266.343 0. 0. -1. 0.
-0.914 0.405 0. -246.761 0.405 0.914 0. 266.315 0. 0. -1. 0.
-0.917 0.399 0. -247.004 0.399 0.917 0. 266.588 0. 0. -1. 0.
-0.916 0.401 0. -247.238 0.401 0.916 0. 266.602 0. 0. -1. 0.
-0.916 0.400 0. -247.409 0.400 0.916 0. 266.781 0. 0. -1. 0.
-0.917 0.399 0. -247.480 0.399 0.917 0. 266.747 0. 0. -1. 0.
-0.916 0.400 0. -247.569 0.400 0.916 0. 266.781 0. 0. -1. 0.
-0.914 0.405 0. -247.568 0.405 0.914 0. 266.816 0. 0. -1. 0.
-0.915 0.403 0. -247.559 0.403 0.915 0. 266.883 0. 0. -1. 0.
-0.916 0.401 0. -247.569 0.401 0.916 0. 266.771 0. 0. -1. 0.
-0.913 0.407 0. -247.590 0.407 0.913 0. 266.814 0. 0. -1. 0.
-0.916 0.401 0. -247.476 0.401 0.916 0. 266.824 0. 0. -1. 0.
-0.913 0.407 0. -247.618 0.407 0.913 0. 266.854 0. 0. -1. 0.
-0.916 0.401 0. -247.525 0.401 0.916 0. 266.811 0. 0. -1. 0.
-0.915 0.404 0. -247.603 0.404 0.915 0. 266.952 0. 0. -1. 0.
-0.914 0.406 0. -247.514 0.406 0.914 0. 266.734 0. 0. -1. 0.
-0.917 0.400 0. -247.519 0.400 0.917 0. 266.726 0. 0. -1. 0.
-0.915 0.403 0. -247.635 0.403 0.915 0. 266.967 0. 0. -1. 0.
-0.915 0.403 0. -247.537 0.403 0.915 0. 266.949 0. 0. -1. 0.
-0.914 0.406 0. -247.572 0.406 0.914 0. 266.797 0. 0. -1. 0.
-0.916 0.400 0. -247.484 0.400 0.916 0. 266.804 0. 0. -1. 0.
-0.916 0.400 0. -247.597 0.400 0.916 0. 266.794 0. 0. -1. 0.
-0.916 0.402 0. -247.565 0.402 0.916 0. 266.759 0. 0. -1. 0.
-0.914 0.405 0. -247.589 0.405 0.914 0. 266.780 0. 0. -1. 0.
-0.914 0.406 0. -247.547 0.406 0.914 0. 266.853 0. 0. -1. 0.
-0.917 0.400 0. -247.565 0.400 0.917 0. 266.797 0. 0. -1. 0.
-0.915 0.403 0. -247.591 0.403 0.915 0. 266.868 0. 0. -1. 0.
-0.914 0.405 0. -247.520 0.405 0.914 0. 266.736 0. 0. -1. 0.
-0.916 0.402 0. -247.572 0.402 0.916 0. 266.766 0. 0. -1. 0.
-0.916 0.402 0. -247.612 0.402 0.916 0. 266.948 0. 0. -1. 0.
-0.915 0.404 0. -247.589 0.404 0.915 0. 266.939 0. 0. -1. 0.
-0.913 0.408 0. -247.567 0.408 0.913 0. 266.766 0. 0. -1. 0.
-0.913 0.407 0. -247.537 0.407 0.913 0. 266.751 0. 0. -1. 0.
-0.914 0.406 0. -247.576 0.406 0.914 0. 266.788 0. 0. -1. 0.
-0.916 0.402 0. -247.582 0.402 0.916 0. 266.810 0. 0. -1. 0.
-0.916 0.401 0. -247.558 0.401 0.916 0. 266.877 0. 0. -1. 0.
-0.914 0.405 0. -247.584 0.405 0.914 0. 266.858 0. 0. -1. 0.
-0.914 0.406 0. -247.523 0.406 0.914 0. 266.764 0. 0. -1. 0.
-0.916 0.402 0. -247.531 0.402 0.916 0. 266.715 0. 0. -1. 0.
-0.917 0.399 0. -247.523 0.399 0.917 0. 266.796 0. 0. -1. 0.
-0.917 0.400 0. -247.566 0.400 0.917 0. 266.775 0. 0. -1. 0.
-0.917 0.400 0. -247.557 0.400 0.917 0. 266.744 0. 0. -1. 0.
-0.915 0.404 0. -247.604 0.404 0.915 0. 266.818 0. 0. -1. 0.
-0.915 0.403 0. -247.612 0.403 0.915 0. 266.903 0. 0. -1. 0.
-0.915 0.403 0. -247.715 0.403 0.915 0. 266.945 0. 0. -1. 0.
-0.914 0.405 0. -247.766 0.405 0.914 0. 266.826 0. 0. -1. 0.
-0.915 0.405 0. -248.010 0.405 0.915 0. 266.995 0. 0. -1. 0.
-0.913 0.407 0. -248.192 0.407 0.913 0. 267.022 0. 0. -1. 0.
-0.911 0.413 0. -248.569 0.413 0.911 0. 267.156 0. 0. -1. 0.
-0.909 0.417 0. -248.917 0.417 0.909 0. 267.428 0. 0. -1. 0.
-0.898 0.440 0. -249.531 0.440 0.898 0. 267.678 0. 0. -1. 0.
-0.879 0.476 0. -249.997 0.476 0.879 0. 267.929 0. 0. -1. 0.
-0.848 0.530 0. -250.654 0.530 0.848 0. 268.377 0. 0. -1. 0.
-0.807 0.590 0. -251.162 0.590 0.807 0. 268.795 0. 0. -1. 0.
-0.754 0.657 0. -251.705 0.657 0.754 0. 269.385 0. 0. -1. 0.
-0.684 0.729 0. -252.324 0.729 0.684 0. 270.043 0. 0. -1. 0.
-0.613 0.790 0. -252.840 0.790 0.613 0. 270.732 0. 0. -1. 0.
-0.540 0.842 0. -253.265 0.842 0.540 0. 271.596 0. 0. -1. 0.
-0.464 0.886 0. -253.711 0.886 0.464 0. 272.659 0. 0. -1. 0.
-0.391 0.920 0. -254.166 0.920 0.391 0. 273.509 0. 0. -1. 0.
-0.318 0.948 0. -254.425 0.948 0.318 0. 274.733 0. 0. -1. 0.
-0.233 0.973 0. -254.640 0.973 0.233 0. 275.975 0. 0. -1. 0.
-0.151 0.989 0. -254.799 0.989 0.151 0. 277.191 0. 0. -1. 0.
-0.059 0.998 0. -254.896 0.998 0.059 0. 278.797 0. 0. -1. 0.
0.023 1.000 0. -254.778 1.000 -0.023 -0. 280.202 0. 0. -1. 0.
0.095 0.996 0. -254.552 0.996 -0.095 -0. 281.657 0. 0. -1. 0.
0.141 0.990 0. -254.233 0.990 -0.141 -0. 283.553 0. 0. -1. 0.
0.173 0.985 0. -253.822 0.985 -0.173 -0. 285.285 0. 0. -1. 0.
0.191 0.982 0. -253.332 0.982 -0.191 -0. 287.301 0. 0. -1. 0.
0.209 0.978 0. -252.919 0.978 -0.209 -0. 289.403 0. 0. -1. 0.
0.217 0.976 0. -252.249 0.976 -0.217 -0. 291.405 0. 0. -1. 0.
0.219 0.976 0. -251.826 0.976 -0.219 -0. 293.660 0. 0. -1. 0.
0.234 0.972 0. -251.375 0.972 -0.234 -0. 295.954 0. 0. -1. 0.
0.243 0.970 0. -250.626 0.970 -0.243 -0. 298.058 0. 0. -1. 0.
0.254 0.967 0. -249.964 0.967 -0.254 -0. 300.459 0. 0. -1. 0.
0.270 0.963 0. -249.310 0.963 -0.270 -0. 302.849 0. 0. -1. 0.
0.268 0.963 0. -248.551 0.963 -0.268 -0. 305.274 0. 0. -1. 0.
0.276 0.961 0. -247.940 0.961 -0.276 -0. 307.862 0. 0. -1. 0.
0.277 0.961 0. -246.943 0.961 -0.277 -0. 310.444 0. 0. -1. 0.
0.276 0.961 0. -246.140 0.961 -0.276 -0. 313.096 0. 0. -1. 0.
0.277 0.961 0. -245.308 0.961 -0.277 -0. 315.852 0. 0. -1. 0.
0.278 0.961 0. -244.462 0.961 -0.278 -0. 318.606 0. 0. -1. 0.
0.281 0.960 0. -243.619 0.960 -0.281 -0. 321.505 0. 0. -1. 0.
0.280 0.960 0. -242.737 0.960 -0.280 -0. 324.408 0. 0. -1. 0.
0.277 0.961 0. -241.748 0.961 -0.277 -0. 327.444 0. 0. -1. 0.
0.274 0.962 0. -240.739 0.962 -0.274 -0. 330.501 0. 0. -1. 0.
0.277 0.961 0. -239.818 0.961 -0.277 -0. 333.592 0. 0. -1. 0.
0.277 0.961 0. -238.791 0.961 -0.277 -0. 336.690 0. 0. -1. 0.
0.278 0.961 0. -237.866 0.961 -0.278 -0. 340.006 0. 0. -1. 0.
0.280 0.960 0. -236.920 0.960 -0.280 -0. 343.244 0. 0. -1. 0.
0.274 0.962 0. -235.858 0.962 -0.274 -0. 346.630 0. 0. -1. 0.
0.280 0.960 0. -234.810 0.960 -0.280 -0. 349.985 0. 0. -1. 0.
0.280 0.960 0. -233.651 0.960 -0.280 -0. 353.446 0. 0. -1. 0.
0.283 0.959 0. -232.659 0.959 -0.283 -0. 356.943 0. 0. -1. 0.
0.281 0.960 0. -231.525 0.960 -0.281 -0. 360.414 0. 0. -1. 0.
0.283 0.959 0. -230.483 0.959 -0.283 -0. 363.936 0. 0. -1. 0.
0.282 0.959 0. -229.337 0.959 -0.282 -0. 367.467 0. 0. -1. 0.
0.289 0.957 0. -228.240 0.957 -0.289 -0. 371.093 0. 0. -1. 0.
0.289 0.957 0. -227.103 0.957 -0.289 -0. 374.617 0. 0. -1. 0.
0.294 0.956 0. -225.899 0.956 -0.294 -0. 378.266 0. 0. -1. 0.
0.289 0.957 0. -224.679 0.957 -0.289 -0. 381.890 0. 0. -1. 0.
0.292 0.957 0. -223.583 0.957 -0.292 -0. 385.620 0. 0. -1. 0.
0.290 0.957 0. -222.364 0.957 -0.290 -0. 389.351 0. 0. -1. 0.
0.292 0.956 0. -221.192 0.956 -0.292 -0. 393.079 0. 0. -1. 0.
0.286 0.958 0. -219.890 0.958 -0.286 -0. 396.790 0. 0. -1. 0.
0.289 0.957 0. -218.725 0.957 -0.289 -0. 400.671 0. 0. -1. 0.
0.281 0.960 0. -217.388 0.960 -0.281 -0. 404.351 0. 0. -1. 0.
0.283 0.959 0. -216.372 0.959 -0.283 -0. 408.299 0. 0. -1. 0.
0.278 0.961 0. -215.198 0.961 -0.278 -0. 412.115 0. 0. -1. 0.
0.274 0.962 0. -213.994 0.962 -0.274 -0. 415.842 0. 0. -1. 0.
0.276 0.961 0. -212.975 0.961 -0.276 -0. 419.727 0. 0. -1. 0.
0.274 0.962 0. -211.852 0.962 -0.274 -0. 423.362 0. 0. -1. 0.
0.272 0.962 0. -210.683 0.962 -0.272 -0. 427.140 0. 0. -1. 0.
0.276 0.961 0. -209.588 0.961 -0.276 -0. 430.897 0. 0. -1. 0.
0.276 0.961 0. -208.357 0.961 -0.276 -0. 434.503 0. 0. -1. 0.
0.274 0.962 0. -207.325 0.962 -0.274 -0. 438.195 0. 0. -1. 0.
0.271 0.963 0. -206.098 0.963 -0.271 -0. 441.816 0. 0. -1. 0.
0.277 0.961 0. -205.013 0.961 -0.277 -0. 445.402 0. 0. -1. 0.
0.277 0.961 0. -203.891 0.961 -0.277 -0. 448.977 0. 0. -1. 0.
0.276 0.961 0. -202.806 0.961 -0.276 -0. 452.541 0. 0. -1. 0.
0.274 0.962 0. -201.710 0.962 -0.274 -0. 456.012 0. 0. -1. 0.
0.271 0.962 0. -200.635 0.962 -0.271 -0. 459.491 0. 0. -1. 0.
0.273 0.962 0. -199.589 0.962 -0.273 -0. 463.026 0. 0. -1. 0.
0.275 0.961 0. -198.563 0.961 -0.275 -0. 466.437 0. 0. -1. 0.
0.280 0.960 0. -197.522 0.960 -0.280 -0. 469.926 0. 0. -1. 0.
0.280 0.960 0. -196.560 0.960 -0.280 -0. 473.277 0. 0. -1. 0.
0.280 0.960 0. -195.343 0.960 -0.280 -0. 476.616 0. 0. -1. 0.
0.289 0.957 0. -194.358 0.957 -0.289 -0. 479.911 0. 0. -1. 0.
0.284 0.959 0. -193.357 0.959 -0.284 -0. 483.136 0. 0. -1. 0.
0.285 0.958 0. -192.336 0.958 -0.285 -0. 486.550 0. 0. -1. 0.
0.292 0.956 0. -191.305 0.956 -0.292 -0. 489.810 0. 0. -1. 0.
0.285 0.958 0. -190.116 0.958 -0.285 -0. 492.964 0. 0. -1. 0.
0.289 0.957 0. -189.183 0.957 -0.289 -0. 496.382 0. 0. -1. 0.
0.293 0.956 0. -188.105 0.956 -0.293 -0. 499.580 0. 0. -1. 0.
0.285 0.958 0. -186.961 0.958 -0.285 -0. 502.844 0. 0. -1. 0.
0.286 0.958 0. -186.082 0.958 -0.286 -0. 506.155 0. 0. -1. 0.
0.285 0.958 0. -184.982 0.958 -0.285 -0. 509.379 0. 0. -1. 0.
0.290 0.957 0. -183.927 0.957 -0.290 -0. 512.632 0. 0. -1. 0.
0.287 0.958 0. -182.914 0.958 -0.287 -0. 515.926 0. 0. -1. 0.
