1. -0.001 0. 3.004 0.001 1. 0. 0.037 0. 0. 1. 0.
1. -0.000 0. 3.721 0.000 1. 0. 0.025 0. 0. 1. 0.
1. 0.001 0. 4.515 -0.001 1. 0. 0.009 0. 0. 1. 0.
1. 0.002 0. 5.377 -0.002 1. 0. -0.031 0. 0. 1. 0.
1. 0.003 0. 6.378 -0.003 1. 0. -0.002 0. 0. 1. 0.
1. 0.002 0. 7.411 -0.002 1. 0. 0.024 0. 0. 1. 0.
1. 0.004 0. 8.506 -0.004 1. 0. 0.009 0. 0. 1. 0.
1. 0.004 0. 9.692 -0.004 1. 0. 0.040 0. 0. 1. 0.
1. 0.005 0. 10.923 -0.005 1. 0. 0.038 0. 0. 1. 0.
1. 0.007 0. 12.258 -0.007 1. 0. 0.027 0. 0. 1. 0.
1. 0.007 0. 13.609 -0.007 1. 0. 0.027 0. 0. 1. 0.
1. 0.008 0. 15.001 -0.008 1. 0. 0.040 0. 0. 1. 0.
1. 0.011 0. 16.447 -0.011 1. 0. -0.020 0. 0. 1. 0.
1. 0.013 0. 17.882 -0.013 1. 0. -0.004 0. 0. 1. 0.
1.000 0.017 0. 19.380 -0.017 1.000 0. 0.003 0. 0. 1. 0.
1.000 0.019 0. 20.870 -0.019 1.000 0. -0.051 0. 0. 1. 0.
1.000 0.023 0. 22.351 -0.023 1.000 0. -0.038 0. 0. 1. 0.
1.000 0.024 0. 23.825 -0.024 1.000 0. -0.050 0. 0. 1. 0.
1.000 0.029 0. 25.336 -0.029 1.000 0. -0.098 0. 0. 1. 0.
0.999 0.033 0. 26.808 -0.033 0.999 0. -0.146 0. 0. 1. 0.
0.999 0.038 0. 28.238 -0.038 0.999 0. -0.215 0. 0. 1. 0.
0.999 0.041 0. 29.684 -0.041 0.999 0. -0.267 0. 0. 1. 0.
0.999 0.046 0. 31.127 -0.046 0.999 0. -0.298 0. 0. 1. 0.
0.999 0.052 0. 32.578 -0.052 0.999 0. -0.344 0. 0. 1. 0.
0.998 0.056 0. 34.003 -0.056 0.998 0. -0.454 0. 0. 1. 0.
0.998 0.060 0. 35.410 -0.060 0.998 0. -0.502 0. 0. 1. 0.
0.998 0.063 0. 36.795 -0.063 0.998 0. -0.588 0. 0. 1. 0.
0.998 0.067 0. 38.213 -0.067 0.998 0. -0.691 0. 0. 1. 0.
0.997 0.074 0. 39.593 -0.074 0.997 0. -0.793 0. 0. 1. 0.
0.997 0.079 0. 40.993 -0.079 0.997 0. -0.907 0. 0. 1. 0.
0.996 0.085 0. 42.371 -0.085 0.996 0. -1.052 0. 0. 1. 0.
0.996 0.091 0. 43.809 -0.091 0.996 0. -1.185 0. 0. 1. 0.
0.996 0.094 0. 45.228 -0.094 0.996 0. -1.376 0. 0. 1. 0.
0.995 0.099 0. 46.619 -0.099 0.995 0. -1.488 0. 0. 1. 0.
0.995 0.103 0. 48.076 -0.103 0.995 0. -1.617 0. 0. 1. 0.
0.994 0.108 0. 49.541 -0.108 0.994 0. -1.756 0. 0. 1. 0.
0.994 0.110 0. 51.015 -0.110 0.994 0. -1.931 0. 0. 1. 0.
0.994 0.113 0. 52.497 -0.113 0.994 0. -2.095 0. 0. 1. 0.
0.993 0.117 0. 54.013 -0.117 0.993 0. -2.226 0. 0. 1. 0.
0.993 0.120 0. 55.568 -0.120 0.993 0. -2.438 0. 0. 1. 0.
0.992 0.123 0. 57.127 -0.123 0.992 0. -2.608 0. 0. 1. 0.
0.992 0.123 0. 58.690 -0.123 0.992 0. -2.828 0. 0. 1. 0.
0.992 0.123 0. 60.335 -0.123 0.992 0. -3.009 0. 0. 1. 0.
0.992 0.123 0. 61.968 -0.123 0.992 0. -3.182 0. 0. 1. 0.
0.993 0.122 0. 63.682 -0.122 0.993 0. -3.372 0. 0. 1. 0.
0.993 0.121 0. 65.370 -0.121 0.993 0. -3.571 0. 0. 1. 0.
0.993 0.122 0. 67.111 -0.122 0.993 0. -3.787 0. 0. 1. 0.
0.993 0.121 0. 68.874 -0.121 0.993 0. -3.974 0. 0. 1. 0.
0.993 0.121 0. 70.649 -0.121 0.993 0. -4.220 0. 0. 1. 0.
0.993 0.122 0. 72.462 -0.122 0.993 0. -4.446 0. 0. 1. 0.
0.993 0.121 0. 74.294 -0.121 0.993 0. -4.617 0. 0. 1. 0.
0.993 0.120 0. 76.143 -0.120 0.993 0. -4.845 0. 0. 1. 0.
0.993 0.118 0. 78.028 -0.118 0.993 0. -5.039 0. 0. 1. 0.
0.993 0.114 0. 79.904 -0.114 0.993 0. -5.182 0. 0. 1. 0.
0.994 0.111 0. 81.815 -0.111 0.994 0. -5.393 0. 0. 1. 0.
0.994 0.108 0. 83.724 -0.108 0.994 0. -5.588 0. 0. 1. 0.
0.994 0.106 0. 85.624 -0.106 0.994 0. -5.815 0. 0. 1. 0.
0.994 0.105 0. 87.537 -0.105 0.994 0. -5.989 0. 0. 1. 0.
0.995 0.101 0. 89.412 -0.101 0.995 0. -6.223 0. 0. 1. 0.
0.995 0.098 0. 91.330 -0.098 0.995 0. -6.418 0. 0. 1. 0.
0.995 0.098 0. 93.193 -0.098 0.995 0. -6.574 0. 0. 1. 0.
0.995 0.099 0. 95.048 -0.099 0.995 0. -6.747 0. 0. 1. 0.
0.995 0.101 0. 96.860 -0.101 0.995 0. -6.931 0. 0. 1. 0.
0.995 0.101 0. 98.658 -0.101 0.995 0. -7.160 0. 0. 1. 0.
0.995 0.102 0. 100.458 -0.102 0.995 0. -7.310 0. 0. 1. 0.
0.995 0.102 0. 102.191 -0.102 0.995 0. -7.481 0. 0. 1. 0.
0.995 0.101 0. 103.902 -0.101 0.995 0. -7.690 0. 0. 1. 0.
0.995 0.102 0. 105.692 -0.102 0.995 0. -7.835 0. 0. 1. 0.
0.995 0.099 0. 107.532 -0.099 0.995 0. -7.966 0. 0. 1. 0.
0.995 0.101 0. 109.132 -0.101 0.995 0. -8.210 0. 0. 1. 0.
0.995 0.101 0. 110.874 -0.101 0.995 0. -8.309 0. 0. 1. 0.
0.995 0.100 0. 112.631 -0.100 0.995 0. -8.481 0. 0. 1. 0.
0.995 0.100 0. 114.400 -0.100 0.995 0. -8.643 0. 0. 1. 0.
0.995 0.100 0. 116.123 -0.100 0.995 0. -8.858 0. 0. 1. 0.
0.995 0.101 0. 117.917 -0.101 0.995 0. -9.012 0. 0. 1. 0.
0.995 0.099 0. 119.654 -0.099 0.995 0. -9.238 0. 0. 1. 0.
0.995 0.099 0. 121.509 -0.099 0.995 0. -9.399 0. 0. 1. 0.
0.995 0.097 0. 123.302 -0.097 0.995 0. -9.577 0. 0. 1. 0.
0.995 0.097 0. 125.173 -0.097 0.995 0. -9.725 0. 0. 1. 0.
0.996 0.093 0. 127.013 -0.093 0.996 0. -9.910 0. 0. 1. 0.
0.996 0.088 0. 128.853 -0.088 0.996 0. -10.037 0. 0. 1. 0.
0.997 0.082 0. 130.711 -0.082 0.997 0. -10.184 0. 0. 1. 0.
0.997 0.076 0. 132.570 -0.076 0.997 0. -10.401 0. 0. 1. 0.
0.997 0.071 0. 134.384 -0.071 0.997 0. -10.471 0. 0. 1. 0.
0.998 0.063 0. 136.157 -0.063 0.998 0. -10.629 0. 0. 1. 0.
0.998 0.057 0. 137.978 -0.057 0.998 0. -10.703 0. 0. 1. 0.
0.999 0.054 0. 139.708 -0.054 0.999 0. -10.823 0. 0. 1. 0.
0.999 0.050 0. 141.431 -0.050 0.999 0. -10.900 0. 0. 1. 0.
0.999 0.048 0. 143.248 -0.048 0.999 0. -10.964 0. 0. 1. 0.
0.999 0.043 0. 145.109 -0.043 0.999 0. -11.037 0. 0. 1. 0.
0.999 0.042 0. 146.800 -0.042 0.999 0. -11.070 0. 0. 1. 0.
0.999 0.043 0. 148.660 -0.043 0.999 0. -11.195 0. 0. 1. 0.
0.999 0.043 0. 150.568 -0.043 0.999 0. -11.246 0. 0. 1. 0.
0.999 0.044 0. 152.429 -0.044 0.999 0. -11.318 0. 0. 1. 0.
0.999 0.045 0. 154.362 -0.045 0.999 0. -11.383 0. 0. 1. 0.
0.999 0.045 0. 156.277 -0.045 0.999 0. -11.503 0. 0. 1. 0.
0.999 0.046 0. 158.268 -0.046 0.999 0. -11.565 0. 0. 1. 0.
0.999 0.049 0. 160.228 -0.049 0.999 0. -11.653 0. 0. 1. 0.
0.999 0.052 0. 162.214 -0.052 0.999 0. -11.741 0. 0. 1. 0.
0.999 0.054 0. 164.198 -0.054 0.999 0. -11.874 0. 0. 1. 0.
0.998 0.057 0. 166.230 -0.057 0.998 0. -11.989 0. 0. 1. 0.
0.998 0.064 0. 168.262 -0.064 0.998 0. -12.111 0. 0. 1. 0.
0.997 0.073 0. 170.287 -0.073 0.997 0. -12.277 0. 0. 1. 0.
0.997 0.082 0. 172.334 -0.082 0.997 0. -12.462 0. 0. 1. 0.
0.996 0.089 0. 174.374 -0.089 0.996 0. -12.661 0. 0. 1. 0.
0.995 0.097 0. 176.439 -0.097 0.995 0. -12.827 0. 0. 1. 0.
0.995 0.099 0. 178.440 -0.099 0.995 0. -13.013 0. 0. 1. 0.
0.995 0.099 0. 180.452 -0.099 0.995 0. -13.243 0. 0. 1. 0.
0.995 0.099 0. 182.399 -0.099 0.995 0. -13.463 0. 0. 1. 0.
0.995 0.100 0. 184.339 -0.100 0.995 0. -13.685 0. 0. 1. 0.
0.995 0.098 0. 186.258 -0.098 0.995 0. -13.842 0. 0. 1. 0.
0.995 0.095 0. 188.303 -0.095 0.995 0. -13.970 0. 0. 1. 0.
0.996 0.090 0. 190.013 -0.090 0.996 0. -14.159 0. 0. 1. 0.
0.996 0.086 0. 192.075 -0.086 0.996 0. -14.274 0. 0. 1. 0.
0.997 0.083 0. 194.119 -0.083 0.997 0. -14.404 0. 0. 1. 0.
0.997 0.082 0. 196.072 -0.082 0.997 0. -14.614 0. 0. 1. 0.
0.997 0.082 0. 198.086 -0.082 0.997 0. -14.761 0. 0. 1. 0.
0.997 0.080 0. 200.126 -0.080 0.997 0. -14.874 0. 0. 1. 0.
0.997 0.076 0. 202.155 -0.076 0.997 0. -15.010 0. 0. 1. 0.
0.997 0.076 0. 204.219 -0.076 0.997 0. -15.143 0. 0. 1. 0.
0.997 0.075 0. 206.278 -0.075 0.997 0. -15.314 0. 0. 1. 0.
0.997 0.071 0. 208.366 -0.071 0.997 0. -15.481 0. 0. 1. 0.
0.998 0.070 0. 210.451 -0.070 0.998 0. -15.628 0. 0. 1. 0.
0.998 0.067 0. 212.566 -0.067 0.998 0. -15.778 0. 0. 1. 0.
0.998 0.064 0. 214.650 -0.064 0.998 0. -15.913 0. 0. 1. 0.
0.998 0.060 0. 216.715 -0.060 0.998 0. -16.063 0. 0. 1. 0.
0.998 0.056 0. 218.757 -0.056 0.998 0. -16.192 0. 0. 1. 0.
0.999 0.053 0. 220.813 -0.053 0.999 0. -16.317 0. 0. 1. 0.
0.999 0.051 0. 222.776 -0.051 0.999 0. -16.410 0. 0. 1. 0.
0.999 0.051 0. 224.752 -0.051 0.999 0. -16.532 0. 0. 1. 0.
0.999 0.049 0. 226.696 -0.049 0.999 0. -16.604 0. 0. 1. 0.
0.999 0.048 0. 228.590 -0.048 0.999 0. -16.682 0. 0. 1. 0.
0.999 0.046 0. 230.467 -0.046 0.999 0. -16.740 0. 0. 1. 0.
0.999 0.046 0. 232.310 -0.046 0.999 0. -16.817 0. 0. 1. 0.
0.999 0.043 0. 234.156 -0.043 0.999 0. -16.895 0. 0. 1. 0.
0.999 0.042 0. 235.916 -0.042 0.999 0. -16.916 0. 0. 1. 0.
0.999 0.041 0. 237.882 -0.041 0.999 0. -17.010 0. 0. 1. 0.
0.999 0.040 0. 239.874 -0.040 0.999 0. -17.082 0. 0. 1. 0.
0.999 0.037 0. 241.657 -0.037 0.999 0. -17.136 0. 0. 1. 0.
0.999 0.037 0. 243.560 -0.037 0.999 0. -17.209 0. 0. 1. 0.
0.999 0.034 0. 245.553 -0.034 0.999 0. -17.235 0. 0. 1. 0.
1.000 0.029 0. 247.502 -0.029 1.000 0. -17.315 0. 0. 1. 0.
1.000 0.023 0. 249.496 -0.023 1.000 0. -17.339 0. 0. 1. 0.
1.000 0.016 0. 251.505 -0.016 1.000 0. -17.364 0. 0. 1. 0.
1. 0.010 0. 253.551 -0.010 1. 0. -17.382 0. 0. 1. 0.
1. 0.004 0. 255.617 -0.004 1. 0. -17.358 0. 0. 1. 0.
1. -0.002 0. 257.728 0.002 1. 0. -17.330 0. 0. 1. 0.
1. -0.010 0. 259.822 0.010 1. 0. -17.307 0. 0. 1. 0.
1.000 -0.014 0. 261.976 0.014 1.000 0. -17.298 0. 0. 1. 0.
1.000 -0.020 0. 264.134 0.020 1.000 0. -17.194 0. 0. 1. 0.
1.000 -0.025 0. 266.331 0.025 1.000 0. -17.018 0. 0. 1. 0.
1.000 -0.026 0. 268.502 0.026 1.000 0. -17.000 0. 0. 1. 0.
1.000 -0.024 0. 270.694 0.024 1.000 0. -16.977 0. 0. 1. 0.
1.000 -0.025 0. 272.886 0.025 1.000 0. -16.934 0. 0. 1. 0.
1.000 -0.026 0. 275.096 0.026 1.000 0. -16.806 0. 0. 1. 0.
1.000 -0.024 0. 277.299 0.024 1.000 0. -16.744 0. 0. 1. 0.
1.000 -0.023 0. 279.530 0.023 1.000 0. -16.710 0. 0. 1. 0.
1.000 -0.020 0. 281.738 0.020 1.000 0. -16.639 0. 0. 1. 0.
1.000 -0.018 0. 283.922 0.018 1.000 0. -16.595 0. 0. 1. 0.
1.000 -0.018 0. 286.115 0.018 1.000 0. -16.576 0. 0. 1. 0.
1.000 -0.019 0. 288.242 0.019 1.000 0. -16.491 0. 0. 1. 0.
1.000 -0.020 0. 290.353 0.020 1.000 0. -16.434 0. 0. 1. 0.
1.000 -0.020 0. 292.449 0.020 1.000 0. -16.390 0. 0. 1. 0.
1.000 -0.018 0. 294.505 0.018 1.000 0. -16.373 0. 0. 1. 0.
1.000 -0.021 0. 296.702 0.021 1.000 0. -16.287 0. 0. 1. 0.
1.000 -0.022 0. 298.783 0.022 1.000 0. -16.182 0. 0. 1. 0.
1.000 -0.025 0. 300.973 0.025 1.000 0. -16.137 0. 0. 1. 0.
1.000 -0.026 0. 303.188 0.026 1.000 0. -16.067 0. 0. 1. 0.
1.000 -0.028 0. 305.365 0.028 1.000 0. -16.008 0. 0. 1. 0.
1.000 -0.028 0. 307.598 0.028 1.000 0. -15.935 0. 0. 1. 0.
1.000 -0.029 0. 309.837 0.029 1.000 0. -15.850 0. 0. 1. 0.
1.000 -0.032 0. 312.072 0.032 1.000 0. -15.790 0. 0. 1. 0.
0.999 -0.034 0. 314.324 0.034 0.999 0. -15.675 0. 0. 1. 0.
0.999 -0.037 0. 316.559 0.037 0.999 0. -15.587 0. 0. 1. 0.
0.999 -0.040 0. 318.811 0.040 0.999 0. -15.558 0. 0. 1. 0.
0.999 -0.044 0. 321.017 0.044 0.999 0. -15.426 0. 0. 1. 0.
0.999 -0.048 0. 323.235 0.048 0.999 0. -15.306 0. 0. 1. 0.
0.999 -0.053 0. 325.429 0.053 0.999 0. -15.216 0. 0. 1. 0.
0.998 -0.056 0. 327.574 0.056 0.998 0. -15.091 0. 0. 1. 0.
0.998 -0.059 0. 329.711 0.059 0.998 0. -14.956 0. 0. 1. 0.
0.998 -0.063 0. 331.763 0.063 0.998 0. -14.789 0. 0. 1. 0.
0.998 -0.065 0. 333.898 0.065 0.998 0. -14.659 0. 0. 1. 0.
0.998 -0.069 0. 336.047 0.069 0.998 0. -14.486 0. 0. 1. 0.
0.997 -0.076 0. 337.955 0.076 0.997 0. -14.316 0. 0. 1. 0.
0.996 -0.084 0. 340.081 0.084 0.996 0. -14.093 0. 0. 1. 0.
0.996 -0.092 0. 342.117 0.092 0.996 0. -13.902 0. 0. 1. 0.
0.995 -0.097 0. 344.156 0.097 0.995 0. -13.684 0. 0. 1. 0.
0.995 -0.103 0. 346.192 0.103 0.995 0. -13.486 0. 0. 1. 0.
0.994 -0.109 0. 348.200 0.109 0.994 0. -13.258 0. 0. 1. 0.
0.994 -0.111 0. 350.222 0.111 0.994 0. -12.997 0. 0. 1. 0.
0.994 -0.113 0. 352.243 0.113 0.994 0. -12.784 0. 0. 1. 0.
0.994 -0.113 0. 354.243 0.113 0.994 0. -12.543 0. 0. 1. 0.
0.993 -0.114 0. 356.199 0.114 0.993 0. -12.330 0. 0. 1. 0.
0.993 -0.115 0. 358.155 0.115 0.993 0. -12.080 0. 0. 1. 0.
0.993 -0.117 0. 360.069 0.117 0.993 0. -11.828 0. 0. 1. 0.
0.993 -0.119 0. 362.003 0.119 0.993 0. -11.645 0. 0. 1. 0.
0.993 -0.121 0. 363.928 0.121 0.993 0. -11.385 0. 0. 1. 0.
0.992 -0.125 0. 365.805 0.125 0.992 0. -11.121 0. 0. 1. 0.
0.992 -0.128 0. 367.783 0.128 0.992 0. -10.881 0. 0. 1. 0.
0.991 -0.133 0. 369.754 0.133 0.991 0. -10.584 0. 0. 1. 0.
0.991 -0.134 0. 371.650 0.134 0.991 0. -10.303 0. 0. 1. 0.
0.991 -0.136 0. 373.673 0.136 0.991 0. -9.992 0. 0. 1. 0.
0.990 -0.139 0. 375.741 0.139 0.990 0. -9.717 0. 0. 1. 0.
0.990 -0.139 0. 377.738 0.139 0.990 0. -9.428 0. 0. 1. 0.
0.990 -0.138 0. 379.776 0.138 0.990 0. -9.072 0. 0. 1. 0.
0.990 -0.138 0. 381.831 0.138 0.990 0. -8.775 0. 0. 1. 0.
0.991 -0.135 0. 383.932 0.135 0.991 0. -8.532 0. 0. 1. 0.
0.991 -0.132 0. 385.980 0.132 0.991 0. -8.231 0. 0. 1. 0.
0.992 -0.129 0. 388.034 0.129 0.992 0. -7.999 0. 0. 1. 0.
0.992 -0.124 0. 390.076 0.124 0.992 0. -7.740 0. 0. 1. 0.
0.993 -0.122 0. 392.059 0.122 0.993 0. -7.473 0. 0. 1. 0.
0.993 -0.121 0. 394.057 0.121 0.993 0. -7.296 0. 0. 1. 0.
0.992 -0.124 0. 395.985 0.124 0.992 0. -7.008 0. 0. 1. 0.
0.992 -0.125 0. 397.858 0.125 0.992 0. -6.781 0. 0. 1. 0.
0.992 -0.127 0. 399.805 0.127 0.992 0. -6.594 0. 0. 1. 0.
0.991 -0.133 0. 401.791 0.133 0.991 0. -6.267 0. 0. 1. 0.
0.991 -0.133 0. 403.695 0.133 0.991 0. -6.061 0. 0. 1. 0.
0.991 -0.134 0. 405.637 0.134 0.991 0. -5.816 0. 0. 1. 0.
0.990 -0.141 0. 407.631 0.141 0.990 0. -5.469 0. 0. 1. 0.
0.990 -0.144 0. 409.663 0.144 0.990 0. -5.186 0. 0. 1. 0.
0.989 -0.147 0. 411.695 0.147 0.989 0. -4.885 0. 0. 1. 0.
0.988 -0.154 0. 413.735 0.154 0.988 0. -4.541 0. 0. 1. 0.
0.987 -0.160 0. 415.806 0.160 0.987 0. -4.249 0. 0. 1. 0.
0.986 -0.168 0. 417.872 0.168 0.986 0. -3.855 0. 0. 1. 0.
0.985 -0.174 0. 419.974 0.174 0.985 0. -3.541 0. 0. 1. 0.
0.983 -0.185 0. 422.048 0.185 0.983 0. -3.049 0. 0. 1. 0.
0.981 -0.195 0. 424.190 0.195 0.981 0. -2.698 0. 0. 1. 0.
0.979 -0.206 0. 426.319 0.206 0.979 0. -2.179 0. 0. 1. 0.
0.977 -0.215 0. 428.449 0.215 0.977 0. -1.665 0. 0. 1. 0.
0.975 -0.224 0. 430.605 0.224 0.975 0. -1.199 0. 0. 1. 0.
0.973 -0.232 0. 432.715 0.232 0.973 0. -0.648 0. 0. 1. 0.
0.971 -0.240 0. 434.874 0.240 0.971 0. -0.119 0. 0. 1. 0.
0.969 -0.248 0. 436.989 0.248 0.969 0. 0.438 0. 0. 1. 0.
0.967 -0.255 0. 439.100 0.255 0.967 0. 0.946 0. 0. 1. 0.
0.965 -0.263 0. 441.186 0.263 0.965 0. 1.570 0. 0. 1. 0.
0.963 -0.270 0. 443.204 0.270 0.963 0. 2.100 0. 0. 1. 0.
0.962 -0.274 0. 445.187 0.274 0.962 0. 2.716 0. 0. 1. 0.
0.961 -0.276 0. 447.084 0.276 0.961 0. 3.282 0. 0. 1. 0.
0.960 -0.281 0. 448.928 0.281 0.960 0. 3.820 0. 0. 1. 0.
0.959 -0.285 0. 450.639 0.285 0.959 0. 4.364 0. 0. 1. 0.
0.958 -0.287 0. 452.302 0.287 0.958 0. 4.857 0. 0. 1. 0.
0.957 -0.292 0. 453.884 0.292 0.957 0. 5.362 0. 0. 1. 0.
0.955 -0.295 0. 455.445 0.295 0.955 0. 5.816 0. 0. 1. 0.
0.954 -0.299 0. 457.001 0.299 0.954 0. 6.342 0. 0. 1. 0.
0.953 -0.303 0. 458.639 0.303 0.953 0. 6.825 0. 0. 1. 0.
0.951 -0.308 0. 460.222 0.308 0.951 0. 7.306 0. 0. 1. 0.
0.950 -0.311 0. 461.569 0.311 0.950 0. 7.812 0. 0. 1. 0.
0.950 -0.313 0. 463.098 0.313 0.950 0. 8.301 0. 0. 1. 0.
0.949 -0.316 0. 464.593 0.316 0.949 0. 8.789 0. 0. 1. 0.
0.947 -0.320 0. 466.048 0.320 0.947 0. 9.274 0. 0. 1. 0.
0.947 -0.320 0. 467.456 0.320 0.947 0. 9.766 0. 0. 1. 0.
0.947 -0.321 0. 468.868 0.321 0.947 0. 10.237 0. 0. 1. 0.
0.948 -0.320 0. 470.191 0.320 0.948 0. 10.682 0. 0. 1. 0.
0.948 -0.319 0. 471.496 0.319 0.948 0. 11.146 0. 0. 1. 0.
0.949 -0.316 0. 472.829 0.316 0.949 0. 11.598 0. 0. 1. 0.
0.953 -0.302 0. 474.132 0.302 0.953 0. 12.017 0. 0. 1. 0.
0.961 -0.275 0. 475.384 0.275 0.961 0. 12.354 0. 0. 1. 0.
0.972 -0.236 0. 476.560 0.236 0.972 0. 12.655 0. 0. 1. 0.
0.983 -0.182 0. 477.872 0.182 0.983 0. 12.781 0. 0. 1. 0.
0.993 -0.115 0. 478.983 0.115 0.993 0. 12.820 0. 0. 1. 0.
1.000 -0.029 0. 480.089 0.029 1.000 0. 12.750 0. 0. 1. 0.
0.998 0.066 0. 481.166 -0.066 0.998 0. 12.595 0. 0. 1. 0.
0.986 0.168 0. 482.207 -0.168 0.986 0. 12.248 0. 0. 1. 0.
0.961 0.276 0. 483.143 -0.276 0.961 0. 11.898 0. 0. 1. 0.
0.925 0.380 0. 484.085 -0.380 0.925 0. 11.389 0. 0. 1. 0.
0.874 0.485 0. 484.933 -0.485 0.874 0. 10.753 0. 0. 1. 0.
0.809 0.588 0. 485.720 -0.588 0.809 0. 10.066 0. 0. 1. 0.
0.730 0.684 0. 486.392 -0.684 0.730 0. 9.295 0. 0. 1. 0.
0.636 0.772 0. 486.970 -0.772 0.636 0. 8.374 0. 0. 1. 0.
0.530 0.848 0. 487.429 -0.848 0.530 0. 7.399 0. 0. 1. 0.
0.415 0.910 0. 487.732 -0.910 0.415 0. 6.327 0. 0. 1. 0.
0.300 0.954 0. 487.976 -0.954 0.300 0. 5.230 0. 0. 1. 0.
0.205 0.979 0. 488.065 -0.979 0.205 0. 4.171 0. 0. 1. 0.
0.142 0.990 0. 488.186 -0.990 0.142 0. 3.009 0. 0. 1. 0.
0.105 0.994 0. 488.273 -0.994 0.105 0. 1.720 0. 0. 1. 0.
0.080 0.997 0. 488.418 -0.997 0.080 0. 0.289 0. 0. 1. 0.
0.057 0.998 0. 488.594 -0.998 0.057 0. -1.123 0. 0. 1. 0.
0.040 0.999 0. 488.632 -0.999 0.040 0. -2.503 0. 0. 1. 0.
0.026 1.000 0. 488.624 -1.000 0.026 0. -3.872 0. 0. 1. 0.
0.018 1.000 0. 488.664 -1.000 0.018 0. -5.383 0. 0. 1. 0.
0.009 1. 0. 488.670 -1. 0.009 0. -6.968 0. 0. 1. 0.
0.005 1. 0. 488.711 -1. 0.005 0. -8.539 0. 0. 1. 0.
0.005 1. 0. 488.708 -1. 0.005 0. -10.163 0. 0. 1. 0.
0.006 1. 0. 488.725 -1. 0.006 0. -11.858 0. 0. 1. 0.
0.007 1. 0. 488.790 -1. 0.007 0. -13.562 0. 0. 1. 0.
0.009 1. 0. 488.788 -1. 0.009 0. -15.333 0. 0. 1. 0.
0.010 1. 0. 488.763 -1. 0.010 0. -17.101 0. 0. 1. 0.
0.013 1. 0. 488.763 -1. 0.013 0. -18.948 0. 0. 1. 0.
0.013 1. 0. 488.852 -1. 0.013 0. -20.825 0. 0. 1. 0.
0.012 1. 0. 488.872 -1. 0.012 0. -22.713 0. 0. 1. 0.
0.013 1. 0. 488.926 -1. 0.013 0. -24.649 0. 0. 1. 0.
0.015 1.000 0. 488.945 -1.000 0.015 0. -26.642 0. 0. 1. 0.
0.018 1.000 0. 489.012 -1.000 0.018 0. -28.658 0. 0. 1. 0.
0.025 1.000 0. 489.065 -1.000 0.025 0. -30.707 0. 0. 1. 0.
0.030 1.000 0. 489.106 -1.000 0.030 0. -32.768 0. 0. 1. 0.
0.031 1.000 0. 489.145 -1.000 0.031 0. -34.868 0. 0. 1. 0.
0.026 1.000 0. 489.247 -1.000 0.026 0. -36.917 0. 0. 1. 0.
0.022 1.000 0. 489.237 -1.000 0.022 0. -39.023 0. 0. 1. 0.
0.018 1.000 0. 489.261 -1.000 0.018 0. -41.169 0. 0. 1. 0.
0.015 1.000 0. 489.290 -1.000 0.015 0. -43.294 0. 0. 1. 0.
0.011 1. 0. 489.316 -1. 0.011 0. -45.417 0. 0. 1. 0.
0.010 1. 0. 489.409 -1. 0.010 0. -47.548 0. 0. 1. 0.
0.012 1. 0. 489.370 -1. 0.012 0. -49.686 0. 0. 1. 0.
0.017 1.000 0. 489.406 -1.000 0.017 0. -51.716 0. 0. 1. 0.
0.022 1.000 0. 489.482 -1.000 0.022 0. -53.817 0. 0. 1. 0.
0.024 1.000 0. 489.494 -1.000 0.024 0. -55.814 0. 0. 1. 0.
0.027 1.000 0. 489.598 -1.000 0.027 0. -57.680 0. 0. 1. 0.
0.027 1.000 0. 489.655 -1.000 0.027 0. -59.530 0. 0. 1. 0.
0.023 1.000 0. 489.715 -1.000 0.023 0. -61.268 0. 0. 1. 0.
0.021 1.000 0. 489.676 -1.000 0.021 0. -62.904 0. 0. 1. 0.
0.019 1.000 0. 489.737 -1.000 0.019 0. -64.525 0. 0. 1. 0.
0.021 1.000 0. 489.773 -1.000 0.021 0. -66.139 0. 0. 1. 0.
0.020 1.000 0. 489.818 -1.000 0.020 0. -67.720 0. 0. 1. 0.
0.019 1.000 0. 489.821 -1.000 0.019 0. -69.236 0. 0. 1. 0.
0.020 1.000 0. 489.868 -1.000 0.020 0. -70.726 0. 0. 1. 0.
0.021 1.000 0. 489.996 -1.000 0.021 0. -72.335 0. 0. 1. 0.
0.024 1.000 0. 489.965 -1.000 0.024 0. -73.944 0. 0. 1. 0.
0.026 1.000 0. 490.045 -1.000 0.026 0. -75.393 0. 0. 1. 0.
0.028 1.000 0. 490.118 -1.000 0.028 0. -76.950 0. 0. 1. 0.
0.029 1.000 0. 490.080 -1.000 0.029 0. -78.601 0. 0. 1. 0.
0.029 1.000 0. 490.224 -1.000 0.029 0. -80.274 0. 0. 1. 0.
0.030 1.000 0. 490.256 -1.000 0.030 0. -81.900 0. 0. 1. 0.
0.029 1.000 0. 490.313 -1.000 0.029 0. -83.552 0. 0. 1. 0.
0.028 1.000 0. 490.409 -1.000 0.028 0. -85.214 0. 0. 1. 0.
0.026 1.000 0. 490.458 -1.000 0.026 0. -86.867 0. 0. 1. 0.
0.022 1.000 0. 490.507 -1.000 0.022 0. -88.516 0. 0. 1. 0.
0.019 1.000 0. 490.550 -1.000 0.019 0. -90.094 0. 0. 1. 0.
0.018 1.000 0. 490.584 -1.000 0.018 0. -91.714 0. 0. 1. 0.
0.018 1.000 0. 490.625 -1.000 0.018 0. -93.324 0. 0. 1. 0.
0.019 1.000 0. 490.693 -1.000 0.019 0. -94.893 0. 0. 1. 0.
0.019 1.000 0. 490.671 -1.000 0.019 0. -96.487 0. 0. 1. 0.
0.020 1.000 0. 490.690 -1.000 0.020 0. -98.018 0. 0. 1. 0.
0.020 1.000 0. 490.744 -1.000 0.020 0. -99.523 0. 0. 1. 0.
0.019 1.000 0. 490.848 -1.000 0.019 0. -101.113 0. 0. 1. 0.
0.019 1.000 0. 490.771 -1.000 0.019 0. -102.695 0. 0. 1. 0.
0.022 1.000 0. 490.880 -1.000 0.022 0. -104.209 0. 0. 1. 0.
0.024 1.000 0. 491.014 -1.000 0.024 0. -105.808 0. 0. 1. 0.
0.023 1.000 0. 491.003 -1.000 0.023 0. -107.381 0. 0. 1. 0.
0.025 1.000 0. 491.026 -1.000 0.025 0. -108.931 0. 0. 1. 0.
0.024 1.000 0. 491.015 -1.000 0.024 0. -110.544 0. 0. 1. 0.
0.025 1.000 0. 491.074 -1.000 0.025 0. -112.133 0. 0. 1. 0.
0.026 1.000 0. 491.143 -1.000 0.026 0. -113.713 0. 0. 1. 0.
0.026 1.000 0. 491.150 -1.000 0.026 0. -115.333 0. 0. 1. 0.
0.026 1.000 0. 491.161 -1.000 0.026 0. -116.921 0. 0. 1. 0.
0.025 1.000 0. 491.219 -1.000 0.025 0. -118.562 0. 0. 1. 0.
0.024 1.000 0. 491.346 -1.000 0.024 0. -120.254 0. 0. 1. 0.
0.018 1.000 0. 491.201 -1.000 0.018 0. -121.802 0. 0. 1. 0.
0.015 1.000 0. 491.288 -1.000 0.015 0. -123.431 0. 0. 1. 0.
0.012 1. 0. 491.250 -1. 0.012 0. -125.104 0. 0. 1. 0.
0.007 1. 0. 491.262 -1. 0.007 0. -126.746 0. 0. 1. 0.
-0.001 1. 0. 491.276 -1. -0.001 0. -128.396 0. 0. 1. 0.
-0.009 1. 0. 491.225 -1. -0.009 0. -129.997 0. 0. 1. 0.
-0.023 1.000 0. 491.223 -1.000 -0.023 0. -131.619 0. 0. 1. 0.
-0.048 0.999 0. 491.177 -0.999 -0.048 0. -133.209 0. 0. 1. 0.
-0.085 0.996 0. 491.005 -0.996 -0.085 0. -134.798 0. 0. 1. 0.
-0.129 0.992 0. 490.708 -0.992 -0.129 0. -136.328 0. 0. 1. 0.
-0.174 0.985 0. 490.450 -0.985 -0.174 0. -137.833 0. 0. 1. 0.
-0.227 0.974 0. 490.030 -0.974 -0.227 0. -139.320 0. 0. 1. 0.
-0.280 0.960 0. 489.627 -0.960 -0.280 0. -140.771 0. 0. 1. 0.
-0.335 0.942 0. 489.072 -0.942 -0.335 0. -142.248 0. 0. 1. 0.
-0.388 0.922 0. 488.390 -0.922 -0.388 0. -143.625 0. 0. 1. 0.
-0.441 0.897 0. 487.625 -0.897 -0.441 0. -145.041 0. 0. 1. 0.
-0.492 0.871 0. 486.814 -0.871 -0.492 0. -146.367 0. 0. 1. 0.
-0.546 0.838 0. 485.988 -0.838 -0.546 0. -147.724 0. 0. 1. 0.
-0.597 0.802 0. 485.014 -0.802 -0.597 0. -148.910 0. 0. 1. 0.
-0.649 0.761 0. 483.911 -0.761 -0.649 0. -150.110 0. 0. 1. 0.
-0.696 0.718 0. 482.804 -0.718 -0.696 0. -151.210 0. 0. 1. 0.
-0.741 0.671 0. 481.574 -0.671 -0.741 0. -152.267 0. 0. 1. 0.
-0.782 0.623 0. 480.320 -0.623 -0.782 0. -153.245 0. 0. 1. 0.
-0.820 0.572 0. 478.969 -0.572 -0.820 0. -154.167 0. 0. 1. 0.
-0.852 0.523 0. 477.508 -0.523 -0.852 0. -154.991 0. 0. 1. 0.
-0.883 0.470 0. 476.029 -0.470 -0.883 0. -155.751 0. 0. 1. 0.
-0.906 0.423 0. 474.477 -0.423 -0.906 0. -156.427 0. 0. 1. 0.
-0.925 0.380 0. 472.905 -0.380 -0.925 0. -157.064 0. 0. 1. 0.
-0.940 0.343 0. 471.310 -0.343 -0.940 0. -157.617 0. 0. 1. 0.
-0.949 0.317 0. 469.735 -0.317 -0.949 0. -158.131 0. 0. 1. 0.
-0.954 0.300 0. 468.074 -0.300 -0.954 0. -158.673 0. 0. 1. 0.
-0.956 0.292 0. 466.381 -0.292 -0.956 0. -159.201 0. 0. 1. 0.
-0.957 0.291 0. 464.708 -0.291 -0.957 0. -159.687 0. 0. 1. 0.
-0.959 0.285 0. 463.067 -0.285 -0.959 0. -160.262 0. 0. 1. 0.
-0.959 0.283 0. 461.194 -0.283 -0.959 0. -160.745 0. 0. 1. 0.
-0.960 0.281 0. 459.376 -0.281 -0.960 0. -161.330 0. 0. 1. 0.
-0.960 0.281 0. 457.637 -0.281 -0.960 0. -161.849 0. 0. 1. 0.
-0.960 0.279 0. 455.675 -0.279 -0.960 0. -162.411 0. 0. 1. 0.
-0.960 0.281 0. 453.761 -0.281 -0.960 0. -163.015 0. 0. 1. 0.
-0.960 0.281 0. 451.807 -0.281 -0.960 0. -163.632 0. 0. 1. 0.
-0.959 0.282 0. 449.823 -0.282 -0.959 0. -164.227 0. 0. 1. 0.
-0.959 0.285 0. 447.793 -0.285 -0.959 0. -164.831 0. 0. 1. 0.
-0.958 0.287 0. 445.734 -0.287 -0.958 0. -165.471 0. 0. 1. 0.
-0.957 0.290 0. 443.658 -0.290 -0.957 0. -166.134 0. 0. 1. 0.
-0.957 0.291 0. 441.508 -0.291 -0.957 0. -166.809 0. 0. 1. 0.
-0.956 0.292 0. 439.324 -0.292 -0.956 0. -167.567 0. 0. 1. 0.
-0.956 0.295 0. 437.140 -0.295 -0.956 0. -168.220 0. 0. 1. 0.
-0.955 0.297 0. 434.926 -0.297 -0.955 0. -168.889 0. 0. 1. 0.
-0.954 0.300 0. 432.703 -0.300 -0.954 0. -169.622 0. 0. 1. 0.
-0.954 0.301 0. 430.379 -0.301 -0.954 0. -170.341 0. 0. 1. 0.
-0.953 0.303 0. 428.045 -0.303 -0.953 0. -171.096 0. 0. 1. 0.
-0.952 0.305 0. 425.721 -0.305 -0.952 0. -171.861 0. 0. 1. 0.
-0.952 0.308 0. 423.335 -0.308 -0.952 0. -172.657 0. 0. 1. 0.
-0.951 0.311 0. 420.962 -0.311 -0.951 0. -173.409 0. 0. 1. 0.
-0.949 0.316 0. 418.619 -0.316 -0.949 0. -174.176 0. 0. 1. 0.
-0.947 0.320 0. 416.309 -0.320 -0.947 0. -175.014 0. 0. 1. 0.
-0.946 0.325 0. 414.040 -0.325 -0.946 0. -175.788 0. 0. 1. 0.
-0.944 0.331 0. 411.674 -0.331 -0.944 0. -176.561 0. 0. 1. 0.
-0.942 0.336 0. 409.420 -0.336 -0.942 0. -177.393 0. 0. 1. 0.
-0.938 0.346 0. 407.176 -0.346 -0.938 0. -178.259 0. 0. 1. 0.
-0.936 0.353 0. 404.963 -0.353 -0.936 0. -179.134 0. 0. 1. 0.
-0.931 0.366 0. 402.733 -0.366 -0.931 0. -180.045 0. 0. 1. 0.
-0.926 0.377 0. 400.628 -0.377 -0.926 0. -180.960 0. 0. 1. 0.
-0.922 0.386 0. 398.574 -0.386 -0.922 0. -181.850 0. 0. 1. 0.
-0.916 0.400 0. 396.558 -0.400 -0.916 0. -182.761 0. 0. 1. 0.
-0.912 0.410 0. 394.578 -0.410 -0.912 0. -183.644 0. 0. 1. 0.
-0.907 0.422 0. 392.770 -0.422 -0.907 0. -184.542 0. 0. 1. 0.
-0.902 0.432 0. 390.950 -0.432 -0.902 0. -185.431 0. 0. 1. 0.
-0.897 0.441 0. 389.206 -0.441 -0.897 0. -186.300 0. 0. 1. 0.
-0.893 0.450 0. 387.568 -0.450 -0.893 0. -187.169 0. 0. 1. 0.
-0.890 0.456 0. 386.008 -0.456 -0.890 0. -187.959 0. 0. 1. 0.
-0.885 0.466 0. 384.469 -0.466 -0.885 0. -188.794 0. 0. 1. 0.
-0.880 0.475 0. 382.939 -0.475 -0.880 0. -189.672 0. 0. 1. 0.
-0.874 0.486 0. 381.450 -0.486 -0.874 0. -190.510 0. 0. 1. 0.
-0.869 0.495 0. 379.959 -0.495 -0.869 0. -191.418 0. 0. 1. 0.
-0.861 0.508 0. 378.480 -0.508 -0.861 0. -192.265 0. 0. 1. 0.
-0.856 0.517 0. 377.011 -0.517 -0.856 0. -193.225 0. 0. 1. 0.
-0.849 0.529 0. 375.529 -0.529 -0.849 0. -194.138 0. 0. 1. 0.
-0.843 0.538 0. 374.019 -0.538 -0.843 0. -195.069 0. 0. 1. 0.
-0.837 0.548 0. 372.594 -0.548 -0.837 0. -196.070 0. 0. 1. 0.
-0.831 0.556 0. 371.110 -0.556 -0.831 0. -197.073 0. 0. 1. 0.
-0.828 0.561 0. 369.611 -0.561 -0.828 0. -198.104 0. 0. 1. 0.
-0.824 0.567 0. 368.117 -0.567 -0.824 0. -199.146 0. 0. 1. 0.
-0.819 0.574 0. 366.639 -0.574 -0.819 0. -200.248 0. 0. 1. 0.
-0.815 0.580 0. 365.079 -0.580 -0.815 0. -201.324 0. 0. 1. 0.
-0.810 0.586 0. 363.538 -0.586 -0.810 0. -202.446 0. 0. 1. 0.
-0.804 0.594 0. 362.039 -0.594 -0.804 0. -203.633 0. 0. 1. 0.
-0.799 0.601 0. 360.500 -0.601 -0.799 0. -204.867 0. 0. 1. 0.
-0.793 0.609 0. 358.891 -0.609 -0.793 0. -206.058 0. 0. 1. 0.
-0.789 0.615 0. 357.324 -0.615 -0.789 0. -207.299 0. 0. 1. 0.
-0.782 0.623 0. 355.762 -0.623 -0.782 0. -208.583 0. 0. 1. 0.
-0.776 0.631 0. 354.210 -0.631 -0.776 0. -209.837 0. 0. 1. 0.
-0.771 0.637 0. 352.616 -0.637 -0.771 0. -211.094 0. 0. 1. 0.
-0.764 0.645 0. 351.140 -0.645 -0.764 0. -212.431 0. 0. 1. 0.
-0.759 0.651 0. 349.618 -0.651 -0.759 0. -213.764 0. 0. 1. 0.
-0.753 0.658 0. 348.085 -0.658 -0.753 0. -215.068 0. 0. 1. 0.
-0.747 0.665 0. 346.572 -0.665 -0.747 0. -216.394 0. 0. 1. 0.
-0.741 0.671 0. 345.099 -0.671 -0.741 0. -217.749 0. 0. 1. 0.
-0.734 0.679 0. 343.627 -0.679 -0.734 0. -219.131 0. 0. 1. 0.
-0.728 0.685 0. 342.174 -0.685 -0.728 0. -220.531 0. 0. 1. 0.
-0.721 0.693 0. 340.756 -0.693 -0.721 0. -221.919 0. 0. 1. 0.
-0.715 0.699 0. 339.342 -0.699 -0.715 0. -223.309 0. 0. 1. 0.
-0.709 0.705 0. 337.996 -0.705 -0.709 0. -224.685 0. 0. 1. 0.
-0.701 0.713 0. 336.680 -0.713 -0.701 0. -226.046 0. 0. 1. 0.
-0.696 0.718 0. 335.439 -0.718 -0.696 0. -227.389 0. 0. 1. 0.
-0.692 0.722 0. 334.256 -0.722 -0.692 0. -228.579 0. 0. 1. 0.
-0.688 0.726 0. 333.113 -0.726 -0.688 0. -229.809 0. 0. 1. 0.
-0.683 0.730 0. 332.041 -0.730 -0.683 0. -230.995 0. 0. 1. 0.
-0.677 0.736 0. 331.006 -0.736 -0.677 0. -232.147 0. 0. 1. 0.
-0.670 0.742 0. 329.933 -0.742 -0.670 0. -233.293 0. 0. 1. 0.
-0.663 0.749 0. 328.979 -0.749 -0.663 0. -234.478 0. 0. 1. 0.
-0.657 0.754 0. 328.036 -0.754 -0.657 0. -235.657 0. 0. 1. 0.
-0.649 0.761 0. 327.026 -0.761 -0.649 0. -236.877 0. 0. 1. 0.
-0.638 0.770 0. 326.050 -0.770 -0.638 0. -238.103 0. 0. 1. 0.
-0.632 0.775 0. 325.022 -0.775 -0.632 0. -239.339 0. 0. 1. 0.
-0.623 0.782 0. 324.091 -0.782 -0.623 0. -240.567 0. 0. 1. 0.
-0.614 0.789 0. 323.105 -0.789 -0.614 0. -241.831 0. 0. 1. 0.
-0.604 0.797 0. 322.104 -0.797 -0.604 0. -243.168 0. 0. 1. 0.
-0.596 0.803 0. 321.162 -0.803 -0.596 0. -244.521 0. 0. 1. 0.
-0.587 0.809 0. 320.122 -0.809 -0.587 0. -245.891 0. 0. 1. 0.
-0.581 0.814 0. 319.185 -0.814 -0.581 0. -247.287 0. 0. 1. 0.
-0.573 0.820 0. 318.220 -0.820 -0.573 0. -248.754 0. 0. 1. 0.
-0.570 0.821 0. 317.216 -0.821 -0.570 0. -250.229 0. 0. 1. 0.
-0.565 0.825 0. 316.193 -0.825 -0.565 0. -251.742 0. 0. 1. 0.
-0.561 0.828 0. 315.156 -0.828 -0.561 0. -253.264 0. 0. 1. 0.
-0.557 0.830 0. 314.102 -0.830 -0.557 0. -254.863 0. 0. 1. 0.
-0.556 0.831 0. 313.028 -0.831 -0.556 0. -256.423 0. 0. 1. 0.
-0.553 0.833 0. 311.941 -0.833 -0.553 0. -258.083 0. 0. 1. 0.
-0.550 0.835 0. 310.797 -0.835 -0.550 0. -259.758 0. 0. 1. 0.
-0.545 0.838 0. 309.716 -0.838 -0.545 0. -261.527 0. 0. 1. 0.
-0.544 0.839 0. 308.621 -0.839 -0.544 0. -263.233 0. 0. 1. 0.
-0.541 0.841 0. 307.507 -0.841 -0.541 0. -265.033 0. 0. 1. 0.
-0.539 0.843 0. 306.322 -0.843 -0.539 0. -266.835 0. 0. 1. 0.
-0.533 0.846 0. 305.102 -0.846 -0.533 0. -268.694 0. 0. 1. 0.
-0.527 0.850 0. 303.927 -0.850 -0.527 0. -270.599 0. 0. 1. 0.
-0.519 0.855 0. 302.718 -0.855 -0.519 0. -272.566 0. 0. 1. 0.
-0.510 0.860 0. 301.535 -0.860 -0.510 0. -274.573 0. 0. 1. 0.
-0.502 0.865 0. 300.391 -0.865 -0.502 0. -276.667 0. 0. 1. 0.
-0.492 0.870 0. 299.228 -0.870 -0.492 0. -278.765 0. 0. 1. 0.
-0.481 0.877 0. 298.031 -0.877 -0.481 0. -280.944 0. 0. 1. 0.
-0.471 0.882 0. 296.933 -0.882 -0.471 0. -283.158 0. 0. 1. 0.
-0.462 0.887 0. 295.733 -0.887 -0.462 0. -285.382 0. 0. 1. 0.
-0.452 0.892 0. 294.609 -0.892 -0.452 0. -287.718 0. 0. 1. 0.
-0.441 0.898 0. 293.418 -0.898 -0.441 0. -290.026 0. 0. 1. 0.
-0.430 0.903 0. 292.224 -0.903 -0.430 0. -292.411 0. 0. 1. 0.
-0.418 0.909 0. 291.141 -0.909 -0.418 0. -294.747 0. 0. 1. 0.
-0.403 0.915 0. 290.069 -0.915 -0.403 0. -297.205 0. 0. 1. 0.
-0.389 0.921 0. 289.096 -0.921 -0.389 0. -299.600 0. 0. 1. 0.
-0.374 0.927 0. 288.136 -0.927 -0.374 0. -302.036 0. 0. 1. 0.
-0.361 0.933 0. 287.180 -0.933 -0.361 0. -304.457 0. 0. 1. 0.
-0.349 0.937 0. 286.232 -0.937 -0.349 0. -306.876 0. 0. 1. 0.
-0.336 0.942 0. 285.373 -0.942 -0.336 0. -309.331 0. 0. 1. 0.
-0.321 0.947 0. 284.501 -0.947 -0.321 0. -311.781 0. 0. 1. 0.
-0.306 0.952 0. 283.774 -0.952 -0.306 0. -314.210 0. 0. 1. 0.
-0.294 0.956 0. 283.061 -0.956 -0.294 0. -316.708 0. 0. 1. 0.
-0.282 0.960 0. 282.223 -0.960 -0.282 0. -319.138 0. 0. 1. 0.
-0.269 0.963 0. 281.521 -0.963 -0.269 0. -321.588 0. 0. 1. 0.
-0.258 0.966 0. 280.894 -0.966 -0.258 0. -324.063 0. 0. 1. 0.
-0.243 0.970 0. 280.318 -0.970 -0.243 0. -326.539 0. 0. 1. 0.
-0.230 0.973 0. 279.607 -0.973 -0.230 0. -329.005 0. 0. 1. 0.
-0.213 0.977 0. 279.043 -0.977 -0.213 0. -331.542 0. 0. 1. 0.
-0.201 0.980 0. 278.566 -0.980 -0.201 0. -334.058 0. 0. 1. 0.
-0.182 0.983 0. 278.069 -0.983 -0.182 0. -336.601 0. 0. 1. 0.
-0.164 0.986 0. 277.721 -0.986 -0.164 0. -339.110 0. 0. 1. 0.
-0.142 0.990 0. 277.362 -0.990 -0.142 0. -341.672 0. 0. 1. 0.
-0.124 0.992 0. 277.012 -0.992 -0.124 0. -344.310 0. 0. 1. 0.
-0.106 0.994 0. 276.763 -0.994 -0.106 0. -346.815 0. 0. 1. 0.
-0.091 0.996 0. 276.525 -0.996 -0.091 0. -349.454 0. 0. 1. 0.
-0.068 0.998 0. 276.368 -0.998 -0.068 0. -352.038 0. 0. 1. 0.
-0.052 0.999 0. 276.193 -0.999 -0.052 0. -354.711 0. 0. 1. 0.
-0.032 0.999 0. 276.040 -0.999 -0.032 0. -357.312 0. 0. 1. 0.
-0.027 1.000 0. 276.007 -1.000 -0.027 0. -359.886 0. 0. 1. 0.
-0.016 1.000 0. 276.104 -1.000 -0.016 0. -362.549 0. 0. 1. 0.
-0.010 1. 0. 276.062 -1. -0.010 0. -365.083 0. 0. 1. 0.
-0.004 1. 0. 276.087 -1. -0.004 0. -367.710 0. 0. 1. 0.
-0.001 1. 0. 276.149 -1. -0.001 0. -370.275 0. 0. 1. 0.
0.000 1. 0. 275.993 -1. 0.000 0. -372.843 0. 0. 1. 0.
0.005 1. 0. 276.101 -1. 0.005 0. -375.350 0. 0. 1. 0.
-0.003 1. 0. 276.158 -1. -0.003 0. -377.885 0. 0. 1. 0.
-0.008 1. 0. 276.118 -1. -0.008 0. -380.390 0. 0. 1. 0.
-0.021 1.000 0. 276.034 -1.000 -0.021 0. -382.891 0. 0. 1. 0.
-0.039 0.999 0. 276. -0.999 -0.039 0. -385.341 0. 0. 1. 0.
-0.056 0.998 0. 275.908 -0.998 -0.056 0. -387.777 0. 0. 1. 0.
-0.078 0.997 0. 275.735 -0.997 -0.078 0. -390.219 0. 0. 1. 0.
-0.098 0.995 0. 275.519 -0.995 -0.098 0. -392.660 0. 0. 1. 0.
-0.119 0.993 0. 275.220 -0.993 -0.119 0. -395.037 0. 0. 1. 0.
-0.146 0.989 0. 274.840 -0.989 -0.146 0. -397.343 0. 0. 1. 0.
-0.177 0.984 0. 274.509 -0.984 -0.177 0. -399.697 0. 0. 1. 0.
-0.212 0.977 0. 274.020 -0.977 -0.212 0. -401.977 0. 0. 1. 0.
-0.250 0.968 0. 273.402 -0.968 -0.250 0. -404.170 0. 0. 1. 0.
-0.292 0.956 0. 272.759 -0.956 -0.292 0. -406.297 0. 0. 1. 0.
-0.330 0.944 0. 272.195 -0.944 -0.330 0. -408.202 0. 0. 1. 0.
-0.370 0.929 0. 271.411 -0.929 -0.370 0. -410.096 0. 0. 1. 0.
-0.410 0.912 0. 270.632 -0.912 -0.410 0. -411.902 0. 0. 1. 0.
-0.456 0.890 0. 269.787 -0.890 -0.456 0. -413.499 0. 0. 1. 0.
-0.501 0.865 0. 268.875 -0.865 -0.501 0. -415.075 0. 0. 1. 0.
-0.546 0.838 0. 267.852 -0.838 -0.546 0. -416.485 0. 0. 1. 0.
-0.589 0.808 0. 266.861 -0.808 -0.589 0. -417.781 0. 0. 1. 0.
-0.633 0.774 0. 265.885 -0.774 -0.633 0. -418.924 0. 0. 1. 0.
-0.672 0.741 0. 264.958 -0.741 -0.672 0. -419.905 0. 0. 1. 0.
-0.709 0.705 0. 264.026 -0.705 -0.709 0. -420.793 0. 0. 1. 0.
-0.747 0.664 0. 263.126 -0.664 -0.747 0. -421.598 0. 0. 1. 0.
-0.780 0.626 0. 262.133 -0.626 -0.780 0. -422.298 0. 0. 1. 0.
-0.817 0.577 0. 261.056 -0.577 -0.817 0. -423.064 0. 0. 1. 0.
-0.850 0.526 0. 259.922 -0.526 -0.850 0. -423.643 0. 0. 1. 0.
-0.875 0.485 0. 258.730 -0.485 -0.875 0. -424.204 0. 0. 1. 0.
-0.900 0.435 0. 257.640 -0.435 -0.900 0. -424.675 0. 0. 1. 0.
-0.923 0.385 0. 256.469 -0.385 -0.923 0. -425.188 0. 0. 1. 0.
-0.942 0.336 0. 255.189 -0.336 -0.942 0. -425.558 0. 0. 1. 0.
-0.958 0.287 0. 253.898 -0.287 -0.958 0. -425.973 0. 0. 1. 0.
-0.970 0.243 0. 252.475 -0.243 -0.970 0. -426.276 0. 0. 1. 0.
-0.981 0.196 0. 251.031 -0.196 -0.981 0. -426.500 0. 0. 1. 0.
-0.989 0.148 0. 249.606 -0.148 -0.989 0. -426.730 0. 0. 1. 0.
-0.994 0.110 0. 248.132 -0.110 -0.994 0. -426.910 0. 0. 1. 0.
-0.996 0.088 0. 246.551 -0.088 -0.996 0. -427.001 0. 0. 1. 0.
-0.997 0.072 0. 244.939 -0.072 -0.997 0. -427.115 0. 0. 1. 0.
-0.998 0.056 0. 243.294 -0.056 -0.998 0. -427.247 0. 0. 1. 0.
-0.999 0.046 0. 241.628 -0.046 -0.999 0. -427.333 0. 0. 1. 0.
-0.999 0.039 0. 239.925 -0.039 -0.999 0. -427.312 0. 0. 1. 0.
-0.999 0.035 0. 238.198 -0.035 -0.999 0. -427.396 0. 0. 1. 0.
-0.999 0.034 0. 236.404 -0.034 -0.999 0. -427.410 0. 0. 1. 0.
-0.999 0.033 0. 234.584 -0.033 -0.999 0. -427.555 0. 0. 1. 0.
-0.999 0.035 0. 232.804 -0.035 -0.999 0. -427.540 0. 0. 1. 0.
-0.999 0.035 0. 230.969 -0.035 -0.999 0. -427.697 0. 0. 1. 0.
-0.999 0.037 0. 229.092 -0.037 -0.999 0. -427.788 0. 0. 1. 0.
-0.999 0.037 0. 227.169 -0.037 -0.999 0. -427.829 0. 0. 1. 0.
-0.999 0.036 0. 225.269 -0.036 -0.999 0. -427.919 0. 0. 1. 0.
-0.999 0.036 0. 223.344 -0.036 -0.999 0. -428. 0. 0. 1. 0.
-0.999 0.035 0. 221.393 -0.035 -0.999 0. -428.076 0. 0. 1. 0.
-1.000 0.031 0. 219.439 -0.031 -1.000 0. -428.187 0. 0. 1. 0.
-1.000 0.030 0. 217.488 -0.030 -1.000 0. -428.193 0. 0. 1. 0.
-1.000 0.031 0. 215.504 -0.031 -1.000 0. -428.287 0. 0. 1. 0.
-1.000 0.031 0. 213.530 -0.031 -1.000 0. -428.380 0. 0. 1. 0.
-1.000 0.031 0. 211.547 -0.031 -1.000 0. -428.436 0. 0. 1. 0.
-0.999 0.032 0. 209.545 -0.032 -0.999 0. -428.558 0. 0. 1. 0.
-0.999 0.032 0. 207.507 -0.032 -0.999 0. -428.561 0. 0. 1. 0.
-1.000 0.030 0. 205.476 -0.030 -1.000 0. -428.634 0. 0. 1. 0.
-1.000 0.024 0. 203.430 -0.024 -1.000 0. -428.699 0. 0. 1. 0.
-1.000 0.024 0. 201.346 -0.024 -1.000 0. -428.788 0. 0. 1. 0.
-1.000 0.022 0. 199.246 -0.022 -1.000 0. -428.806 0. 0. 1. 0.
-1.000 0.021 0. 197.150 -0.021 -1.000 0. -428.866 0. 0. 1. 0.
-1.000 0.020 0. 194.989 -0.020 -1.000 0. -428.948 0. 0. 1. 0.
-1.000 0.019 0. 192.846 -0.019 -1.000 0. -428.993 0. 0. 1. 0.
-1.000 0.020 0. 190.721 -0.020 -1.000 0. -429.032 0. 0. 1. 0.
-1.000 0.019 0. 188.581 -0.019 -1.000 0. -429.106 0. 0. 1. 0.
-1.000 0.019 0. 186.477 -0.019 -1.000 0. -429.143 0. 0. 1. 0.
-1.000 0.021 0. 184.385 -0.021 -1.000 0. -429.222 0. 0. 1. 0.
-1.000 0.021 0. 182.323 -0.021 -1.000 0. -429.222 0. 0. 1. 0.
-1.000 0.024 0. 180.237 -0.024 -1.000 0. -429.269 0. 0. 1. 0.
-1.000 0.023 0. 178.182 -0.023 -1.000 0. -429.328 0. 0. 1. 0.
-1.000 0.027 0. 176.174 -0.027 -1.000 0. -429.359 0. 0. 1. 0.
-1.000 0.026 0. 174.147 -0.026 -1.000 0. -429.490 0. 0. 1. 0.
-1.000 0.028 0. 172.121 -0.028 -1.000 0. -429.541 0. 0. 1. 0.
-1.000 0.028 0. 170.043 -0.028 -1.000 0. -429.612 0. 0. 1. 0.
-1.000 0.029 0. 167.962 -0.029 -1.000 0. -429.667 0. 0. 1. 0.
-1.000 0.027 0. 165.866 -0.027 -1.000 0. -429.734 0. 0. 1. 0.
-1.000 0.027 0. 163.771 -0.027 -1.000 0. -429.777 0. 0. 1. 0.
-1.000 0.025 0. 161.711 -0.025 -1.000 0. -429.925 0. 0. 1. 0.
-1.000 0.023 0. 159.590 -0.023 -1.000 0. -429.887 0. 0. 1. 0.
-1.000 0.021 0. 157.458 -0.021 -1.000 0. -429.957 0. 0. 1. 0.
-1.000 0.020 0. 155.315 -0.020 -1.000 0. -430.051 0. 0. 1. 0.
-1.000 0.019 0. 153.168 -0.019 -1.000 0. -430.002 0. 0. 1. 0.
-1.000 0.019 0. 151.036 -0.019 -1.000 0. -430.041 0. 0. 1. 0.
-1.000 0.020 0. 148.899 -0.020 -1.000 0. -430.207 0. 0. 1. 0.
-1.000 0.020 0. 146.776 -0.020 -1.000 0. -430.250 0. 0. 1. 0.
-1.000 0.020 0. 144.673 -0.020 -1.000 0. -430.301 0. 0. 1. 0.
-1.000 0.023 0. 142.581 -0.023 -1.000 0. -430.446 0. 0. 1. 0.
-1.000 0.025 0. 140.640 -0.025 -1.000 0. -430.476 0. 0. 1. 0.
-1.000 0.025 0. 138.740 -0.025 -1.000 0. -430.544 0. 0. 1. 0.
-1.000 0.026 0. 136.936 -0.026 -1.000 0. -430.664 0. 0. 1. 0.
-1.000 0.027 0. 135.190 -0.027 -1.000 0. -430.567 0. 0. 1. 0.
-1.000 0.027 0. 133.459 -0.027 -1.000 0. -430.685 0. 0. 1. 0.
-1.000 0.028 0. 131.793 -0.028 -1.000 0. -430.822 0. 0. 1. 0.
-1.000 0.029 0. 130.077 -0.029 -1.000 0. -430.738 0. 0. 1. 0.
-1.000 0.030 0. 128.404 -0.030 -1.000 0. -430.859 0. 0. 1. 0.
-0.999 0.032 0. 126.779 -0.032 -0.999 0. -431.005 0. 0. 1. 0.
-0.999 0.033 0. 125.133 -0.033 -0.999 0. -431.109 0. 0. 1. 0.
-0.999 0.036 0. 123.523 -0.036 -0.999 0. -431.148 0. 0. 1. 0.
-0.999 0.038 0. 121.885 -0.038 -0.999 0. -431.223 0. 0. 1. 0.
-0.999 0.039 0. 120.318 -0.039 -0.999 0. -431.282 0. 0. 1. 0.
-0.999 0.041 0. 118.754 -0.041 -0.999 0. -431.341 0. 0. 1. 0.
-0.999 0.044 0. 117.220 -0.044 -0.999 0. -431.416 0. 0. 1. 0.
-0.999 0.047 0. 115.736 -0.047 -0.999 0. -431.484 0. 0. 1. 0.
-0.998 0.057 0. 114.306 -0.057 -0.998 0. -431.596 0. 0. 1. 0.
-0.997 0.071 0. 112.858 -0.071 -0.997 0. -431.675 0. 0. 1. 0.
-0.995 0.097 0. 111.546 -0.097 -0.995 0. -431.777 0. 0. 1. 0.
-0.991 0.134 0. 110.142 -0.134 -0.991 0. -432.017 0. 0. 1. 0.
-0.982 0.189 0. 108.787 -0.189 -0.982 0. -432.342 0. 0. 1. 0.
-0.968 0.250 0. 107.489 -0.250 -0.968 0. -432.748 0. 0. 1. 0.
-0.948 0.318 0. 106.241 -0.318 -0.948 0. -433.234 0. 0. 1. 0.
-0.921 0.391 0. 105.017 -0.391 -0.921 0. -433.812 0. 0. 1. 0.
-0.887 0.463 0. 103.891 -0.463 -0.887 0. -434.517 0. 0. 1. 0.
-0.843 0.537 0. 102.793 -0.537 -0.843 0. -435.279 0. 0. 1. 0.
-0.791 0.612 0. 101.751 -0.612 -0.791 0. -436.149 0. 0. 1. 0.
-0.728 0.685 0. 100.917 -0.685 -0.728 0. -437.120 0. 0. 1. 0.
-0.653 0.757 0. 100.093 -0.757 -0.653 0. -438.245 0. 0. 1. 0.
-0.571 0.821 0. 99.420 -0.821 -0.571 0. -439.333 0. 0. 1. 0.
-0.480 0.877 0. 98.853 -0.877 -0.480 0. -440.630 0. 0. 1. 0.
-0.388 0.922 0. 98.449 -0.922 -0.388 0. -441.929 0. 0. 1. 0.
-0.293 0.956 0. 98.116 -0.956 -0.293 0. -443.279 0. 0. 1. 0.
-0.213 0.977 0. 97.938 -0.977 -0.213 0. -444.698 0. 0. 1. 0.
-0.150 0.989 0. 97.752 -0.989 -0.150 0. -446.066 0. 0. 1. 0.
-0.109 0.994 0. 97.648 -0.994 -0.109 0. -447.494 0. 0. 1. 0.
-0.076 0.997 0. 97.552 -0.997 -0.076 0. -448.940 0. 0. 1. 0.
-0.044 0.999 0. 97.539 -0.999 -0.044 0. -450.427 0. 0. 1. 0.
-0.018 1.000 0. 97.487 -1.000 -0.018 0. -451.971 0. 0. 1. 0.
-0.002 1. 0. 97.561 -1. -0.002 0. -453.489 0. 0. 1. 0.
0.013 1. 0. 97.601 -1. 0.013 0. -455.026 0. 0. 1. 0.
0.025 1.000 0. 97.641 -1.000 0.025 0. -456.589 0. 0. 1. 0.
0.035 0.999 0. 97.693 -0.999 0.035 0. -458.091 0. 0. 1. 0.
0.044 0.999 0. 97.784 -0.999 0.044 0. -459.549 0. 0. 1. 0.
0.053 0.999 0. 97.860 -0.999 0.053 0. -461.013 0. 0. 1. 0.
0.053 0.999 0. 97.941 -0.999 0.053 0. -462.401 0. 0. 1. 0.
0.052 0.999 0. 98.068 -0.999 0.052 0. -463.763 0. 0. 1. 0.
0.052 0.999 0. 98.154 -0.999 0.052 0. -465.043 0. 0. 1. 0.
0.053 0.999 0. 98.209 -0.999 0.053 0. -466.227 0. 0. 1. 0.
0.052 0.999 0. 98.290 -0.999 0.052 0. -467.345 0. 0. 1. 0.
0.051 0.999 0. 98.376 -0.999 0.051 0. -468.420 0. 0. 1. 0.
0.053 0.999 0. 98.398 -0.999 0.053 0. -469.404 0. 0. 1. 0.
0.052 0.999 0. 98.485 -0.999 0.052 0. -470.340 0. 0. 1. 0.
0.052 0.999 0. 98.512 -0.999 0.052 0. -471.229 0. 0. 1. 0.
0.053 0.999 0. 98.552 -0.999 0.053 0. -472.036 0. 0. 1. 0.
0.052 0.999 0. 98.611 -0.999 0.052 0. -472.794 0. 0. 1. 0.
0.052 0.999 0. 98.654 -0.999 0.052 0. -473.500 0. 0. 1. 0.
0.054 0.999 0. 98.682 -0.999 0.054 0. -474.130 0. 0. 1. 0.
