0.977 0.214 0. -3.050 0.214 -0.977 0. -0.067 0. 0. -1. 0.
0.977 0.214 0. -3.050 0.214 -0.977 0. -0.067 0. 0. -1. 0.
0.977 0.214 0. -3.050 0.214 -0.977 0. -0.067 0. 0. -1. 0.
0.977 0.214 0. -3.050 0.214 -0.977 0. -0.067 0. 0. -1. 0.
0.977 0.214 0. -3.050 0.214 -0.977 0. -0.067 0. 0. -1. 0.
0.977 0.214 0. -3.050 0.214 -0.977 0. -0.067 0. 0. -1. 0.
0.977 0.214 0. -3.050 0.214 -0.977 0. -0.067 0. 0. -1. 0.
0.977 0.214 0. -3.050 0.214 -0.977 0. -0.067 0. 0. -1. 0.
0.977 0.214 0. -3.050 0.214 -0.977 0. -0.067 0. 0. -1. 0.
0.977 0.214 0. -3.050 0.214 -0.977 0. -0.067 0. 0. -1. 0.
0.977 0.214 0. -3.050 0.214 -0.977 0. -0.067 0. 0. -1. 0.
0.977 0.214 0. -3.050 0.214 -0.977 0. -0.067 0. 0. -1. 0.
0.977 0.214 0. -3.050 0.214 -0.977 0. -0.067 0. 0. -1. 0.
0.977 0.214 0. -3.050 0.214 -0.977 0. -0.067 0. 0. -1. 0.
0.977 0.214 0. -3.050 0.214 -0.977 0. -0.067 0. 0. -1. 0.
0.977 0.214 0. -3.050 0.214 -0.977 0. -0.067 0. 0. -1. 0.
0.977 0.214 0. -3.050 0.214 -0.977 0. -0.067 0. 0. -1. 0.
0.977 0.214 0. -3.051 0.214 -0.977 0. -0.067 0. 0. -1. 0.
0.977 0.214 0. -3.050 0.214 -0.977 0. -0.067 0. 0. -1. 0.
0.977 0.214 0. -3.051 0.214 -0.977 0. -0.067 0. 0. -1. 0.
0.977 0.214 0. -3.050 0.214 -0.977 0. -0.067 0. 0. -1. 0.
0.977 0.214 0. -3.050 0.214 -0.977 0. -0.067 0. 0. -1. 0.
0.977 0.214 0. -3.050 0.214 -0.977 0. -0.067 0. 0. -1. 0.
0.977 0.214 0. -3.050 0.214 -0.977 0. -0.067 0. 0. -1. 0.
0.977 0.214 0. -3.050 0.214 -0.977 0. -0.067 0. 0. -1. 0.
0.977 0.214 0. -3.050 0.214 -0.977 0. -0.067 0. 0. -1. 0.
0.977 0.214 0. -3.050 0.214 -0.977 0. -0.067 0. 0. -1. 0.
0.977 0.214 0. -3.050 0.214 -0.977 0. -0.067 0. 0. -1. 0.
0.977 0.214 0. -3.050 0.214 -0.977 0. -0.067 0. 0. -1. 0.
0.977 0.214 0. -3.050 0.214 -0.977 0. -0.067 0. 0. -1. 0.
0.977 0.214 0. -3.050 0.214 -0.977 0. -0.067 0. 0. -1. 0.
0.977 0.214 0. -3.050 0.214 -0.977 0. -0.067 0. 0. -1. 0.
0.977 0.214 0. -3.050 0.214 -0.977 0. -0.067 0. 0. -1. 0.
0.977 0.214 0. -3.050 0.214 -0.977 0. -0.067 0. 0. -1. 0.
0.977 0.214 0. -3.050 0.214 -0.977 0. -0.067 0. 0. -1. 0.
0.977 0.214 0. -3.050 0.214 -0.977 0. -0.067 0. 0. -1. 0.
0.977 0.214 0. -3.050 0.214 -0.977 0. -0.067 0. 0. -1. 0.
0.977 0.214 0. -3.050 0.214 -0.977 0. -0.067 0. 0. -1. 0.
0.977 0.214 0. -3.050 0.214 -0.977 0. -0.067 0. 0. -1. 0.
0.977 0.214 0. -3.050 0.214 -0.977 0. -0.067 0. 0. -1. 0.
0.977 0.214 0. -3.050 0.214 -0.977 0. -0.067 0. 0. -1. 0.
0.977 0.214 0. -3.050 0.214 -0.977 0. -0.067 0. 0. -1. 0.
0.977 0.214 0. -3.050 0.214 -0.977 0. -0.067 0. 0. -1. 0.
0.977 0.214 0. -3.050 0.214 -0.977 0. -0.067 0. 0. -1. 0.
0.977 0.214 0. -3.050 0.214 -0.977 0. -0.067 0. 0. -1. 0.
0.977 0.214 0. -3.050 0.214 -0.977 0. -0.067 0. 0. -1. 0.
0.977 0.214 0. -3.050 0.214 -0.977 0. -0.067 0. 0. -1. 0.
0.977 0.214 0. -3.050 0.214 -0.977 0. -0.067 0. 0. -1. 0.
0.977 0.214 0. -3.050 0.214 -0.977 0. -0.067 0. 0. -1. 0.
0.977 0.214 0. -3.050 0.214 -0.977 0. -0.067 0. 0. -1. 0.
0.977 0.214 0. -3.050 0.214 -0.977 0. -0.067 0. 0. -1. 0.
0.977 0.214 0. -3.048 0.214 -0.977 0. -0.066 0. 0. -1. 0.
0.977 0.214 0. -3.041 0.214 -0.977 0. -0.064 0. 0. -1. 0.
0.977 0.213 0. -3.005 0.213 -0.977 0. -0.056 0. 0. -1. 0.
0.978 0.209 0. -2.915 0.209 -0.978 0. -0.039 0. 0. -1. 0.
0.980 0.200 0. -2.767 0.200 -0.980 0. -0.014 0. 0. -1. 0.
0.983 0.184 0. -2.558 0.184 -0.983 0. 0.016 0. 0. -1. 0.
0.987 0.161 0. -2.278 0.161 -0.987 0. 0.051 0. 0. -1. 0.
0.991 0.131 0. -1.909 0.131 -0.991 0. 0.085 0. 0. -1. 0.
0.995 0.098 0. -1.441 0.098 -0.995 0. 0.111 0. 0. -1. 0.
0.998 0.068 0. -0.875 0.068 -0.998 0. 0.127 0. 0. -1. 0.
0.999 0.045 0. -0.221 0.045 -0.999 0. 0.144 0. 0. -1. 0.
1.000 0.028 0. 0.518 0.028 -1.000 0. 0.147 0. 0. -1. 0.
1.000 0.019 0. 1.331 0.019 -1.000 0. 0.151 0. 0. -1. 0.
1.000 0.017 0. 2.214 0.017 -1.000 0. 0.150 0. 0. -1. 0.
1.000 0.021 0. 3.164 0.021 -1.000 0. 0.168 0. 0. -1. 0.
1.000 0.026 0. 4.185 0.026 -1.000 0. 0.179 0. 0. -1. 0.
0.999 0.032 0. 5.249 0.032 -0.999 0. 0.201 0. 0. -1. 0.
0.999 0.040 0. 6.354 0.040 -0.999 0. 0.234 0. 0. -1. 0.
0.999 0.048 0. 7.521 0.048 -0.999 0. 0.263 0. 0. -1. 0.
0.998 0.057 0. 8.727 0.057 -0.998 0. 0.318 0. 0. -1. 0.
0.998 0.066 0. 9.972 0.066 -0.998 0. 0.374 0. 0. -1. 0.
0.997 0.078 0. 11.294 0.078 -0.997 0. 0.447 0. 0. -1. 0.
0.996 0.091 0. 12.701 0.091 -0.996 0. 0.561 0. 0. -1. 0.
0.994 0.105 0. 14.114 0.105 -0.994 0. 0.680 0. 0. -1. 0.
0.993 0.119 0. 15.580 0.119 -0.993 0. 0.841 0. 0. -1. 0.
0.991 0.132 0. 17.124 0.132 -0.991 0. 1.030 0. 0. -1. 0.
0.989 0.145 0. 18.667 0.145 -0.989 0. 1.217 0. 0. -1. 0.
0.988 0.157 0. 20.253 0.157 -0.988 0. 1.440 0. 0. -1. 0.
0.985 0.171 0. 21.847 0.171 -0.985 0. 1.665 0. 0. -1. 0.
0.982 0.187 0. 23.440 0.187 -0.982 0. 1.926 0. 0. -1. 0.
0.979 0.202 0. 25.037 0.202 -0.979 0. 2.205 0. 0. -1. 0.
0.976 0.218 0. 26.661 0.218 -0.976 0. 2.537 0. 0. -1. 0.
0.973 0.233 0. 28.335 0.233 -0.973 0. 2.877 0. 0. -1. 0.
0.970 0.243 0. 30.045 0.243 -0.970 0. 3.268 0. 0. -1. 0.
0.968 0.250 0. 31.806 0.250 -0.968 0. 3.687 0. 0. -1. 0.
0.967 0.255 0. 33.560 0.255 -0.967 0. 4.113 0. 0. -1. 0.
0.965 0.261 0. 35.399 0.261 -0.965 0. 4.587 0. 0. -1. 0.
0.965 0.264 0. 37.270 0.264 -0.965 0. 5.047 0. 0. -1. 0.
0.964 0.265 0. 39.112 0.265 -0.964 0. 5.537 0. 0. -1. 0.
0.965 0.262 0. 41.053 0.262 -0.965 0. 6.024 0. 0. -1. 0.
0.966 0.260 0. 42.988 0.260 -0.966 0. 6.501 0. 0. -1. 0.
0.966 0.258 0. 44.950 0.258 -0.966 0. 6.975 0. 0. -1. 0.
0.966 0.259 0. 46.952 0.259 -0.966 0. 7.468 0. 0. -1. 0.
0.965 0.261 0. 48.949 0.261 -0.965 0. 7.971 0. 0. -1. 0.
0.965 0.262 0. 50.992 0.262 -0.965 0. 8.454 0. 0. -1. 0.
0.964 0.266 0. 52.982 0.266 -0.964 0. 8.954 0. 0. -1. 0.
0.964 0.267 0. 54.990 0.267 -0.964 0. 9.457 0. 0. -1. 0.
0.963 0.270 0. 57.003 0.270 -0.963 0. 9.965 0. 0. -1. 0.
0.962 0.273 0. 58.976 0.273 -0.962 0. 10.464 0. 0. -1. 0.
0.962 0.273 0. 60.947 0.273 -0.962 0. 10.981 0. 0. -1. 0.
0.962 0.274 0. 62.888 0.274 -0.962 0. 11.500 0. 0. -1. 0.
0.962 0.273 0. 64.832 0.273 -0.962 0. 12.025 0. 0. -1. 0.
0.963 0.270 0. 66.757 0.270 -0.963 0. 12.530 0. 0. -1. 0.
0.964 0.265 0. 68.694 0.265 -0.964 0. 13.017 0. 0. -1. 0.
0.966 0.258 0. 70.621 0.258 -0.966 0. 13.500 0. 0. -1. 0.
0.969 0.248 0. 72.553 0.248 -0.969 0. 13.960 0. 0. -1. 0.
0.973 0.232 0. 74.494 0.232 -0.973 0. 14.392 0. 0. -1. 0.
0.977 0.212 0. 76.421 0.212 -0.977 0. 14.805 0. 0. -1. 0.
0.983 0.183 0. 78.353 0.183 -0.983 0. 15.143 0. 0. -1. 0.
0.988 0.152 0. 80.305 0.152 -0.988 0. 15.434 0. 0. -1. 0.
0.994 0.111 0. 82.240 0.111 -0.994 0. 15.634 0. 0. -1. 0.
0.998 0.067 0. 84.161 0.067 -0.998 0. 15.764 0. 0. -1. 0.
1.000 0.014 0. 86.119 0.014 -1.000 0. 15.797 0. 0. -1. 0.
0.999 -0.045 0. 88.062 -0.045 -0.999 -0. 15.710 0. 0. -1. 0.
0.994 -0.105 0. 89.985 -0.105 -0.994 -0. 15.497 0. 0. -1. 0.
0.987 -0.162 0. 91.864 -0.162 -0.987 -0. 15.182 0. 0. -1. 0.
0.976 -0.218 0. 93.751 -0.218 -0.976 -0. 14.760 0. 0. -1. 0.
0.962 -0.274 0. 95.584 -0.274 -0.962 -0. 14.240 0. 0. -1. 0.
0.944 -0.330 0. 97.390 -0.330 -0.944 -0. 13.598 0. 0. -1. 0.
0.921 -0.389 0. 99.152 -0.389 -0.921 -0. 12.874 0. 0. -1. 0.
0.895 -0.447 0. 100.864 -0.447 -0.895 -0. 12.018 0. 0. -1. 0.
0.863 -0.505 0. 102.471 -0.505 -0.863 -0. 11.086 0. 0. -1. 0.
0.828 -0.561 0. 103.990 -0.561 -0.828 -0. 10.043 0. 0. -1. 0.
0.788 -0.615 0. 105.443 -0.615 -0.788 -0. 8.896 0. 0. -1. 0.
0.747 -0.665 0. 106.826 -0.665 -0.747 -0. 7.689 0. 0. -1. 0.
0.703 -0.711 0. 108.104 -0.711 -0.703 -0. 6.380 0. 0. -1. 0.
0.658 -0.753 0. 109.333 -0.753 -0.658 -0. 4.959 0. 0. -1. 0.
0.618 -0.786 0. 110.474 -0.786 -0.618 -0. 3.460 0. 0. -1. 0.
0.586 -0.811 0. 111.567 -0.811 -0.586 -0. 1.894 0. 0. -1. 0.
0.565 -0.825 0. 112.645 -0.825 -0.565 -0. 0.293 0. 0. -1. 0.
0.556 -0.831 0. 113.726 -0.831 -0.556 -0. -1.343 0. 0. -1. 0.
0.552 -0.834 0. 114.825 -0.834 -0.552 -0. -3.012 0. 0. -1. 0.
0.553 -0.833 0. 115.915 -0.833 -0.553 -0. -4.698 0. 0. -1. 0.
0.560 -0.829 0. 117.012 -0.829 -0.560 -0. -6.400 0. 0. -1. 0.
0.569 -0.823 0. 118.117 -0.823 -0.569 -0. -8.085 0. 0. -1. 0.
0.580 -0.814 0. 119.245 -0.814 -0.580 -0. -9.755 0. 0. -1. 0.
0.595 -0.804 0. 120.402 -0.804 -0.595 -0. -11.401 0. 0. -1. 0.
0.611 -0.792 0. 121.597 -0.792 -0.611 -0. -13.017 0. 0. -1. 0.
0.628 -0.778 0. 122.792 -0.778 -0.628 -0. -14.592 0. 0. -1. 0.
0.647 -0.763 0. 124.028 -0.763 -0.647 -0. -16.154 0. 0. -1. 0.
0.667 -0.745 0. 125.290 -0.745 -0.667 -0. -17.660 0. 0. -1. 0.
0.688 -0.726 0. 126.580 -0.726 -0.688 -0. -19.109 0. 0. -1. 0.
0.709 -0.705 0. 127.926 -0.705 -0.709 -0. -20.526 0. 0. -1. 0.
0.729 -0.685 0. 129.322 -0.685 -0.729 -0. -21.911 0. 0. -1. 0.
0.748 -0.664 0. 130.726 -0.664 -0.748 -0. -23.227 0. 0. -1. 0.
0.765 -0.644 0. 132.176 -0.644 -0.765 -0. -24.519 0. 0. -1. 0.
0.781 -0.625 0. 133.651 -0.625 -0.781 -0. -25.783 0. 0. -1. 0.
0.796 -0.605 0. 135.127 -0.605 -0.796 -0. -26.957 0. 0. -1. 0.
0.809 -0.588 0. 136.655 -0.588 -0.809 -0. -28.137 0. 0. -1. 0.
0.820 -0.572 0. 138.171 -0.572 -0.820 -0. -29.250 0. 0. -1. 0.
0.830 -0.558 0. 139.689 -0.558 -0.830 -0. -30.335 0. 0. -1. 0.
0.838 -0.546 0. 141.235 -0.546 -0.838 -0. -31.385 0. 0. -1. 0.
0.843 -0.538 0. 142.757 -0.538 -0.843 -0. -32.418 0. 0. -1. 0.
0.848 -0.530 0. 144.296 -0.530 -0.848 -0. -33.414 0. 0. -1. 0.
0.853 -0.522 0. 145.835 -0.522 -0.853 -0. -34.393 0. 0. -1. 0.
0.857 -0.515 0. 147.354 -0.515 -0.857 -0. -35.329 0. 0. -1. 0.
0.862 -0.508 0. 148.860 -0.508 -0.862 -0. -36.247 0. 0. -1. 0.
0.866 -0.500 0. 150.349 -0.500 -0.866 -0. -37.159 0. 0. -1. 0.
0.871 -0.491 0. 151.814 -0.491 -0.871 -0. -38.012 0. 0. -1. 0.
0.880 -0.476 0. 153.250 -0.476 -0.880 -0. -38.844 0. 0. -1. 0.
0.895 -0.445 0. 154.671 -0.445 -0.895 -0. -39.605 0. 0. -1. 0.
0.917 -0.400 0. 156.063 -0.400 -0.917 -0. -40.272 0. 0. -1. 0.
0.939 -0.343 0. 157.443 -0.343 -0.939 -0. -40.835 0. 0. -1. 0.
0.962 -0.272 0. 158.780 -0.272 -0.962 -0. -41.261 0. 0. -1. 0.
0.983 -0.184 0. 160.079 -0.184 -0.983 -0. -41.546 0. 0. -1. 0.
0.997 -0.083 0. 161.329 -0.083 -0.997 -0. -41.687 0. 0. -1. 0.
0.999 0.033 0. 162.511 0.033 -0.999 0. -41.673 0. 0. -1. 0.
0.987 0.162 0. 163.620 0.162 -0.987 0. -41.534 0. 0. -1. 0.
0.952 0.306 0. 164.659 0.306 -0.952 0. -41.221 0. 0. -1. 0.
0.891 0.454 0. 165.614 0.454 -0.891 0. -40.749 0. 0. -1. 0.
0.803 0.596 0. 166.465 0.596 -0.803 0. -40.134 0. 0. -1. 0.
0.689 0.724 0. 167.177 0.724 -0.689 0. -39.412 0. 0. -1. 0.
0.553 0.833 0. 167.734 0.833 -0.553 0. -38.584 0. 0. -1. 0.
0.397 0.918 0. 168.123 0.918 -0.397 0. -37.680 0. 0. -1. 0.
0.226 0.974 0. 168.360 0.974 -0.226 0. -36.738 0. 0. -1. 0.
0.047 0.999 0. 168.406 0.999 -0.047 0. -35.766 0. 0. -1. 0.
-0.131 0.991 0. 168.286 0.991 0.131 0. -34.815 0. 0. -1. 0.
-0.305 0.952 0. 167.997 0.952 0.305 0. -33.915 0. 0. -1. 0.
-0.468 0.884 0. 167.555 0.884 0.468 0. -33.081 0. 0. -1. 0.
-0.614 0.789 0. 166.967 0.789 0.614 0. -32.329 0. 0. -1. 0.
-0.738 0.675 0. 166.245 0.675 0.738 0. -31.657 0. 0. -1. 0.
-0.835 0.550 0. 165.387 0.550 0.835 0. -31.086 0. 0. -1. 0.
-0.905 0.426 0. 164.419 0.426 0.905 0. -30.629 0. 0. -1. 0.
-0.949 0.316 0. 163.358 0.316 0.949 0. -30.260 0. 0. -1. 0.
-0.974 0.225 0. 162.241 0.225 0.974 0. -29.972 0. 0. -1. 0.
-0.988 0.155 0. 161.055 0.155 0.988 0. -29.768 0. 0. -1. 0.
-0.994 0.106 0. 159.810 0.106 0.994 0. -29.603 0. 0. -1. 0.
-0.997 0.079 0. 158.508 0.079 0.997 0. -29.468 0. 0. -1. 0.
-0.998 0.068 0. 157.147 0.068 0.998 0. -29.370 0. 0. -1. 0.
-0.998 0.071 0. 155.726 0.071 0.998 0. -29.237 0. 0. -1. 0.
-0.996 0.084 0. 154.222 0.084 0.996 0. -29.107 0. 0. -1. 0.
-0.995 0.101 0. 152.699 0.101 0.995 0. -28.908 0. 0. -1. 0.
-0.992 0.124 0. 151.127 0.124 0.992 0. -28.680 0. 0. -1. 0.
-0.988 0.152 0. 149.492 0.152 0.988 0. -28.414 0. 0. -1. 0.
-0.984 0.180 0. 147.841 0.180 0.984 0. -28.102 0. 0. -1. 0.
-0.977 0.215 0. 146.193 0.215 0.977 0. -27.738 0. 0. -1. 0.
-0.968 0.252 0. 144.497 0.252 0.968 0. -27.270 0. 0. -1. 0.
-0.957 0.289 0. 142.809 0.289 0.957 0. -26.719 0. 0. -1. 0.
-0.945 0.328 0. 141.116 0.328 0.945 0. -26.104 0. 0. -1. 0.
-0.928 0.373 0. 139.416 0.373 0.928 0. -25.397 0. 0. -1. 0.
-0.908 0.419 0. 137.705 0.419 0.908 0. -24.585 0. 0. -1. 0.
-0.886 0.463 0. 136.010 0.463 0.886 0. -23.689 0. 0. -1. 0.
-0.864 0.504 0. 134.349 0.504 0.864 0. -22.710 0. 0. -1. 0.
-0.841 0.541 0. 132.733 0.541 0.841 0. -21.644 0. 0. -1. 0.
-0.817 0.576 0. 131.172 0.576 0.817 0. -20.498 0. 0. -1. 0.
-0.793 0.609 0. 129.678 0.609 0.793 0. -19.308 0. 0. -1. 0.
-0.765 0.644 0. 128.218 0.644 0.765 0. -18.074 0. 0. -1. 0.
-0.732 0.681 0. 126.852 0.681 0.732 0. -16.804 0. 0. -1. 0.
-0.699 0.715 0. 125.533 0.715 0.699 0. -15.461 0. 0. -1. 0.
-0.664 0.748 0. 124.259 0.748 0.664 0. -14.020 0. 0. -1. 0.
-0.631 0.776 0. 123.069 0.776 0.631 0. -12.519 0. 0. -1. 0.
-0.595 0.804 0. 121.945 0.804 0.595 0. -10.943 0. 0. -1. 0.
-0.563 0.826 0. 120.879 0.826 0.563 0. -9.308 0. 0. -1. 0.
-0.542 0.840 0. 119.865 0.840 0.542 0. -7.670 0. 0. -1. 0.
-0.529 0.848 0. 118.865 0.848 0.529 0. -6.012 0. 0. -1. 0.
-0.523 0.852 0. 117.898 0.852 0.523 0. -4.342 0. 0. -1. 0.
-0.526 0.850 0. 116.933 0.850 0.526 0. -2.690 0. 0. -1. 0.
-0.535 0.845 0. 115.960 0.845 0.535 0. -1.053 0. 0. -1. 0.
-0.551 0.835 0. 114.972 0.835 0.551 0. 0.551 0. 0. -1. 0.
-0.571 0.821 0. 113.956 0.821 0.571 0. 2.116 0. 0. -1. 0.
-0.597 0.803 0. 112.902 0.803 0.597 0. 3.639 0. 0. -1. 0.
-0.625 0.780 0. 111.798 0.780 0.625 0. 5.114 0. 0. -1. 0.
-0.658 0.753 0. 110.642 0.753 0.658 0. 6.545 0. 0. -1. 0.
-0.695 0.719 0. 109.415 0.719 0.695 0. 7.908 0. 0. -1. 0.
-0.735 0.678 0. 108.142 0.678 0.735 0. 9.177 0. 0. -1. 0.
-0.777 0.630 0. 106.764 0.630 0.777 0. 10.384 0. 0. -1. 0.
-0.818 0.575 0. 105.331 0.575 0.818 0. 11.498 0. 0. -1. 0.
-0.856 0.518 0. 103.826 0.518 0.856 0. 12.479 0. 0. -1. 0.
-0.889 0.459 0. 102.264 0.459 0.889 0. 13.362 0. 0. -1. 0.
-0.917 0.399 0. 100.627 0.399 0.917 0. 14.150 0. 0. -1. 0.
-0.941 0.338 0. 98.924 0.338 0.941 0. 14.839 0. 0. -1. 0.
-0.961 0.276 0. 97.179 0.276 0.961 0. 15.404 0. 0. -1. 0.
-0.977 0.213 0. 95.394 0.213 0.977 0. 15.865 0. 0. -1. 0.
-0.988 0.155 0. 93.575 0.155 0.988 0. 16.217 0. 0. -1. 0.
-0.996 0.094 0. 91.730 0.094 0.996 0. 16.481 0. 0. -1. 0.
-0.999 0.037 0. 89.880 0.037 0.999 0. 16.619 0. 0. -1. 0.
-1. -0.013 0. 88.005 -0.013 1. 0. 16.662 -0. 0. -1. 0.
-0.998 -0.056 0. 86.108 -0.056 0.998 0. 16.596 -0. 0. -1. 0.
-0.996 -0.093 0. 84.239 -0.093 0.996 0. 16.470 -0. 0. -1. 0.
-0.993 -0.122 0. 82.408 -0.122 0.993 0. 16.282 -0. 0. -1. 0.
-0.990 -0.144 0. 80.592 -0.144 0.990 0. 16.051 -0. 0. -1. 0.
-0.987 -0.162 0. 78.759 -0.162 0.987 0. 15.822 -0. 0. -1. 0.
-0.984 -0.178 0. 77.005 -0.178 0.984 0. 15.528 -0. 0. -1. 0.
-0.982 -0.189 0. 75.278 -0.189 0.982 0. 15.252 -0. 0. -1. 0.
-0.980 -0.201 0. 73.566 -0.201 0.980 0. 14.937 -0. 0. -1. 0.
-0.977 -0.211 0. 71.884 -0.211 0.977 0. 14.618 -0. 0. -1. 0.
-0.975 -0.221 0. 70.229 -0.221 0.975 0. 14.279 -0. 0. -1. 0.
-0.973 -0.231 0. 68.588 -0.231 0.973 0. 13.931 -0. 0. -1. 0.
-0.971 -0.240 0. 66.973 -0.240 0.971 0. 13.574 -0. 0. -1. 0.
-0.969 -0.247 0. 65.402 -0.247 0.969 0. 13.195 -0. 0. -1. 0.
-0.967 -0.253 0. 63.855 -0.253 0.967 0. 12.818 -0. 0. -1. 0.
-0.966 -0.259 0. 62.318 -0.259 0.966 0. 12.426 -0. 0. -1. 0.
-0.965 -0.262 0. 60.833 -0.262 0.965 0. 12.059 -0. 0. -1. 0.
-0.965 -0.262 0. 59.387 -0.262 0.965 0. 11.703 -0. 0. -1. 0.
-0.965 -0.262 0. 57.979 -0.262 0.965 0. 11.368 -0. 0. -1. 0.
-0.965 -0.262 0. 56.644 -0.262 0.965 0. 11.043 -0. 0. -1. 0.
-0.965 -0.261 0. 55.348 -0.261 0.965 0. 10.736 -0. 0. -1. 0.
-0.966 -0.258 0. 54.141 -0.258 0.966 0. 10.425 -0. 0. -1. 0.
-0.967 -0.256 0. 52.992 -0.256 0.967 0. 10.152 -0. 0. -1. 0.
-0.968 -0.251 0. 51.857 -0.251 0.968 0. 9.872 -0. 0. -1. 0.
-0.968 -0.252 0. 50.733 -0.252 0.968 0. 9.601 -0. 0. -1. 0.
-0.967 -0.254 0. 49.632 -0.254 0.967 0. 9.325 -0. 0. -1. 0.
-0.966 -0.260 0. 48.544 -0.260 0.966 0. 9.062 -0. 0. -1. 0.
-0.962 -0.275 0. 47.454 -0.275 0.962 0. 8.780 -0. 0. -1. 0.
-0.955 -0.295 0. 46.313 -0.295 0.955 0. 8.447 -0. 0. -1. 0.
-0.949 -0.316 0. 45.108 -0.316 0.949 0. 8.091 -0. 0. -1. 0.
-0.942 -0.335 0. 43.870 -0.335 0.942 0. 7.679 -0. 0. -1. 0.
-0.939 -0.345 0. 42.580 -0.345 0.939 0. 7.244 -0. 0. -1. 0.
-0.936 -0.352 0. 41.236 -0.352 0.936 0. 6.784 -0. 0. -1. 0.
-0.937 -0.349 0. 39.852 -0.349 0.937 0. 6.271 -0. 0. -1. 0.
-0.942 -0.336 0. 38.403 -0.336 0.942 0. 5.818 -0. 0. -1. 0.
-0.949 -0.316 0. 36.943 -0.316 0.949 0. 5.319 -0. 0. -1. 0.
-0.954 -0.299 0. 35.384 -0.299 0.954 0. 4.874 -0. 0. -1. 0.
-0.959 -0.283 0. 33.772 -0.283 0.959 0. 4.410 -0. 0. -1. 0.
-0.964 -0.267 0. 32.169 -0.267 0.964 0. 3.959 -0. 0. -1. 0.
-0.969 -0.246 0. 30.480 -0.246 0.969 0. 3.584 -0. 0. -1. 0.
-0.974 -0.226 0. 28.710 -0.226 0.974 0. 3.200 -0. 0. -1. 0.
-0.978 -0.210 0. 26.950 -0.210 0.978 0. 2.866 -0. 0. -1. 0.
-0.981 -0.195 0. 25.099 -0.195 0.981 0. 2.535 -0. 0. -1. 0.
-0.983 -0.184 0. 23.225 -0.184 0.983 0. 2.220 -0. 0. -1. 0.
-0.985 -0.172 0. 21.295 -0.172 0.985 0. 1.930 -0. 0. -1. 0.
-0.987 -0.163 0. 19.318 -0.163 0.987 0. 1.643 -0. 0. -1. 0.
-0.988 -0.156 0. 17.327 -0.156 0.988 0. 1.360 -0. 0. -1. 0.
-0.988 -0.151 0. 15.296 -0.151 0.988 0. 1.074 -0. 0. -1. 0.
-0.989 -0.148 0. 13.290 -0.148 0.989 0. 0.800 -0. 0. -1. 0.
-0.990 -0.144 0. 11.234 -0.144 0.990 0. 0.529 -0. 0. -1. 0.
-0.990 -0.143 0. 9.174 -0.143 0.990 0. 0.267 -0. 0. -1. 0.
-0.990 -0.141 0. 7.124 -0.141 0.990 0. 0. -0. 0. -1. 0.
-0.990 -0.139 0. 5.081 -0.139 0.990 0. -0.250 -0. 0. -1. 0.
-0.990 -0.139 0. 3.043 -0.139 0.990 0. -0.503 -0. 0. -1. 0.
-0.990 -0.140 0. 1.022 -0.140 0.990 0. -0.775 -0. 0. -1. 0.
-0.990 -0.142 0. -0.964 -0.142 0.990 0. -1.027 -0. 0. -1. 0.
-0.989 -0.147 0. -2.972 -0.147 0.989 0. -1.286 -0. 0. -1. 0.
-0.988 -0.152 0. -4.945 -0.152 0.988 0. -1.547 -0. 0. -1. 0.
-0.988 -0.156 0. -6.919 -0.156 0.988 0. -1.811 -0. 0. -1. 0.
-0.987 -0.161 0. -8.902 -0.161 0.987 0. -2.081 -0. 0. -1. 0.
-0.986 -0.164 0. -10.904 -0.164 0.986 0. -2.407 -0. 0. -1. 0.
-0.987 -0.163 0. -12.837 -0.163 0.987 0. -2.707 -0. 0. -1. 0.
-0.986 -0.165 0. -14.828 -0.165 0.986 0. -2.993 -0. 0. -1. 0.
-0.986 -0.164 0. -16.810 -0.164 0.986 0. -3.280 -0. 0. -1. 0.
-0.987 -0.158 0. -18.761 -0.158 0.987 0. -3.554 -0. 0. -1. 0.
-0.989 -0.148 0. -20.753 -0.148 0.989 0. -3.807 -0. 0. -1. 0.
-0.991 -0.136 0. -22.727 -0.136 0.991 0. -4.019 -0. 0. -1. 0.
-0.991 -0.131 0. -24.714 -0.131 0.991 0. -4.206 -0. 0. -1. 0.
-0.991 -0.132 0. -26.691 -0.132 0.991 0. -4.409 -0. 0. -1. 0.
-0.991 -0.136 0. -28.655 -0.136 0.991 0. -4.624 -0. 0. -1. 0.
-0.989 -0.147 0. -30.602 -0.147 0.989 0. -4.886 -0. 0. -1. 0.
-0.987 -0.159 0. -32.554 -0.159 0.987 0. -5.181 -0. 0. -1. 0.
-0.985 -0.174 0. -34.507 -0.174 0.985 0. -5.505 -0. 0. -1. 0.
-0.982 -0.188 0. -36.438 -0.188 0.982 0. -5.842 -0. 0. -1. 0.
-0.979 -0.205 0. -38.335 -0.205 0.979 0. -6.193 -0. 0. -1. 0.
-0.975 -0.222 0. -40.256 -0.222 0.975 0. -6.578 -0. 0. -1. 0.
-0.970 -0.242 0. -42.152 -0.242 0.970 0. -6.999 -0. 0. -1. 0.
-0.966 -0.260 0. -44.011 -0.260 0.966 0. -7.435 -0. 0. -1. 0.
-0.961 -0.278 0. -45.858 -0.278 0.961 0. -7.909 -0. 0. -1. 0.
-0.956 -0.293 0. -47.625 -0.293 0.956 0. -8.412 -0. 0. -1. 0.
-0.952 -0.305 0. -49.359 -0.305 0.952 0. -8.914 -0. 0. -1. 0.
-0.949 -0.316 0. -51.043 -0.316 0.949 0. -9.442 -0. 0. -1. 0.
-0.946 -0.324 0. -52.661 -0.324 0.946 0. -9.942 -0. 0. -1. 0.
-0.944 -0.329 0. -54.221 -0.329 0.944 0. -10.452 -0. 0. -1. 0.
-0.945 -0.328 0. -55.731 -0.328 0.945 0. -10.956 -0. 0. -1. 0.
-0.948 -0.319 0. -57.189 -0.319 0.948 0. -11.424 -0. 0. -1. 0.
-0.953 -0.302 0. -58.590 -0.302 0.953 0. -11.848 -0. 0. -1. 0.
-0.962 -0.274 0. -59.943 -0.274 0.962 0. -12.215 -0. 0. -1. 0.
-0.971 -0.237 0. -61.235 -0.237 0.971 0. -12.507 -0. 0. -1. 0.
-0.981 -0.192 0. -62.464 -0.192 0.981 0. -12.730 -0. 0. -1. 0.
-0.991 -0.134 0. -63.629 -0.134 0.991 0. -12.861 -0. 0. -1. 0.
-0.998 -0.062 0. -64.730 -0.062 0.998 0. -12.948 -0. 0. -1. 0.
-1. 0.014 0. -65.786 0.014 1. 0. -12.895 0. 0. -1. 0.
-0.995 0.101 0. -66.817 0.101 0.995 0. -12.798 0. 0. -1. 0.
-0.981 0.196 0. -67.830 0.196 0.981 0. -12.590 0. 0. -1. 0.
-0.954 0.301 0. -68.784 0.301 0.954 0. -12.260 0. 0. -1. 0.
-0.914 0.405 0. -69.687 0.405 0.914 0. -11.867 0. 0. -1. 0.
-0.863 0.504 0. -70.511 0.504 0.863 0. -11.336 0. 0. -1. 0.
-0.801 0.598 0. -71.282 0.598 0.801 0. -10.739 0. 0. -1. 0.
-0.730 0.683 0. -72.006 0.683 0.730 0. -10.052 0. 0. -1. 0.
-0.654 0.756 0. -72.653 0.756 0.654 0. -9.270 0. 0. -1. 0.
-0.576 0.818 0. -73.219 0.818 0.576 0. -8.414 0. 0. -1. 0.
-0.501 0.865 0. -73.732 0.865 0.501 0. -7.486 0. 0. -1. 0.
-0.437 0.900 0. -74.182 0.900 0.437 0. -6.483 0. 0. -1. 0.
-0.385 0.923 0. -74.578 0.923 0.385 0. -5.419 0. 0. -1. 0.
-0.348 0.938 0. -74.963 0.938 0.348 0. -4.313 0. 0. -1. 0.
-0.320 0.947 0. -75.311 0.947 0.320 0. -3.149 0. 0. -1. 0.
-0.302 0.953 0. -75.667 0.953 0.302 0. -1.951 0. 0. -1. 0.
-0.290 0.957 0. -76.011 0.957 0.290 0. -0.717 0. 0. -1. 0.
-0.283 0.959 0. -76.362 0.959 0.283 0. 0.557 0. 0. -1. 0.
-0.280 0.960 0. -76.712 0.960 0.280 0. 1.853 0. 0. -1. 0.
-0.281 0.960 0. -77.052 0.960 0.281 0. 3.175 0. 0. -1. 0.
-0.282 0.960 0. -77.421 0.960 0.282 0. 4.549 0. 0. -1. 0.
-0.280 0.960 0. -77.792 0.960 0.280 0. 5.958 0. 0. -1. 0.
-0.276 0.961 0. -78.176 0.961 0.276 0. 7.386 0. 0. -1. 0.
-0.267 0.964 0. -78.550 0.964 0.267 0. 8.819 0. 0. -1. 0.
-0.254 0.967 0. -78.890 0.967 0.254 0. 10.259 0. 0. -1. 0.
-0.239 0.971 0. -79.230 0.971 0.239 0. 11.712 0. 0. -1. 0.
-0.223 0.975 0. -79.524 0.975 0.223 0. 13.143 0. 0. -1. 0.
-0.205 0.979 0. -79.797 0.979 0.205 0. 14.563 0. 0. -1. 0.
-0.181 0.983 0. -80.054 0.983 0.181 0. 15.980 0. 0. -1. 0.
-0.156 0.988 0. -80.249 0.988 0.156 0. 17.389 0. 0. -1. 0.
-0.128 0.992 0. -80.431 0.992 0.128 0. 18.852 0. 0. -1. 0.
-0.101 0.995 0. -80.572 0.995 0.101 0. 20.360 0. 0. -1. 0.
-0.074 0.997 0. -80.639 0.997 0.074 0. 21.903 0. 0. -1. 0.
-0.055 0.998 0. -80.678 0.998 0.055 0. 23.476 0. 0. -1. 0.
-0.044 0.999 0. -80.712 0.999 0.044 0. 25.044 0. 0. -1. 0.
-0.039 0.999 0. -80.731 0.999 0.039 0. 26.696 0. 0. -1. 0.
-0.044 0.999 0. -80.782 0.999 0.044 0. 28.365 0. 0. -1. 0.
-0.057 0.998 0. -80.806 0.998 0.057 0. 30.035 0. 0. -1. 0.
-0.083 0.997 0. -80.903 0.997 0.083 0. 31.681 0. 0. -1. 0.
-0.115 0.993 0. -81.047 0.993 0.115 0. 33.418 0. 0. -1. 0.
-0.146 0.989 0. -81.277 0.989 0.146 0. 35.177 0. 0. -1. 0.
-0.173 0.985 0. -81.542 0.985 0.173 0. 36.933 0. 0. -1. 0.
-0.199 0.980 0. -81.851 0.980 0.199 0. 38.700 0. 0. -1. 0.
-0.221 0.975 0. -82.206 0.975 0.221 0. 40.434 0. 0. -1. 0.
-0.238 0.971 0. -82.580 0.971 0.238 0. 42.148 0. 0. -1. 0.
-0.254 0.967 0. -82.993 0.967 0.254 0. 43.860 0. 0. -1. 0.
-0.268 0.963 0. -83.415 0.963 0.268 0. 45.561 0. 0. -1. 0.
-0.277 0.961 0. -83.882 0.961 0.277 0. 47.196 0. 0. -1. 0.
-0.281 0.960 0. -84.312 0.960 0.281 0. 48.823 0. 0. -1. 0.
-0.287 0.958 0. -84.763 0.958 0.287 0. 50.469 0. 0. -1. 0.
-0.291 0.957 0. -85.204 0.957 0.291 0. 52.069 0. 0. -1. 0.
-0.296 0.955 0. -85.668 0.955 0.296 0. 53.668 0. 0. -1. 0.
-0.300 0.954 0. -86.124 0.954 0.300 0. 55.221 0. 0. -1. 0.
-0.303 0.953 0. -86.576 0.953 0.303 0. 56.771 0. 0. -1. 0.
-0.307 0.952 0. -87.025 0.952 0.307 0. 58.305 0. 0. -1. 0.
-0.319 0.948 0. -87.466 0.948 0.319 0. 59.805 0. 0. -1. 0.
-0.342 0.940 0. -87.980 0.940 0.342 0. 61.284 0. 0. -1. 0.
-0.369 0.929 0. -88.511 0.929 0.369 0. 62.711 0. 0. -1. 0.
-0.406 0.914 0. -89.067 0.914 0.406 0. 64.093 0. 0. -1. 0.
-0.448 0.894 0. -89.712 0.894 0.448 0. 65.427 0. 0. -1. 0.
-0.498 0.867 0. -90.391 0.867 0.498 0. 66.722 0. 0. -1. 0.
-0.549 0.836 0. -91.150 0.836 0.549 0. 67.951 0. 0. -1. 0.
-0.605 0.796 0. -91.945 0.796 0.605 0. 69.125 0. 0. -1. 0.
-0.662 0.749 0. -92.833 0.749 0.662 0. 70.179 0. 0. -1. 0.
-0.729 0.684 0. -93.783 0.684 0.729 0. 71.169 0. 0. -1. 0.
-0.792 0.611 0. -94.839 0.611 0.792 0. 72.036 0. 0. -1. 0.
-0.855 0.519 0. -95.952 0.519 0.855 0. 72.745 0. 0. -1. 0.
-0.909 0.418 0. -97.138 0.418 0.909 0. 73.327 0. 0. -1. 0.
-0.950 0.313 0. -98.326 0.313 0.950 0. 73.755 0. 0. -1. 0.
-0.977 0.214 0. -99.532 0.214 0.977 0. 74.061 0. 0. -1. 0.
-0.992 0.127 0. -100.758 0.127 0.992 0. 74.221 0. 0. -1. 0.
-0.999 0.053 0. -101.991 0.053 0.999 0. 74.357 0. 0. -1. 0.
-1. -0.004 0. -103.269 -0.004 1. 0. 74.318 -0. 0. -1. 0.
-0.999 -0.043 0. -104.564 -0.043 0.999 0. 74.357 -0. 0. -1. 0.
-0.998 -0.067 0. -105.912 -0.067 0.998 0. 74.255 -0. 0. -1. 0.
-0.997 -0.078 0. -107.306 -0.078 0.997 0. 74.170 -0. 0. -1. 0.
-0.997 -0.078 0. -108.694 -0.078 0.997 0. 74.102 -0. 0. -1. 0.
-0.998 -0.063 0. -110.165 -0.063 0.998 0. 73.980 -0. 0. -1. 0.
-1.000 -0.026 0. -111.667 -0.026 1.000 0. 73.971 -0. 0. -1. 0.
-1.000 0.020 0. -113.181 0.020 1.000 0. 74.008 0. 0. -1. 0.
-0.998 0.070 0. -114.773 0.070 0.998 0. 74.115 0. 0. -1. 0.
-0.992 0.123 0. -116.317 0.123 0.992 0. 74.343 0. 0. -1. 0.
-0.984 0.180 0. -117.870 0.180 0.984 0. 74.643 0. 0. -1. 0.
-0.971 0.239 0. -119.473 0.239 0.971 0. 75.076 0. 0. -1. 0.
-0.954 0.299 0. -121.044 0.299 0.954 0. 75.572 0. 0. -1. 0.
-0.934 0.357 0. -122.619 0.357 0.934 0. 76.187 0. 0. -1. 0.
-0.912 0.409 0. -124.191 0.409 0.912 0. 76.902 0. 0. -1. 0.
-0.891 0.454 0. -125.740 0.454 0.891 0. 77.703 0. 0. -1. 0.
-0.876 0.483 0. -127.287 0.483 0.876 0. 78.598 0. 0. -1. 0.
-0.868 0.496 0. -128.866 0.496 0.868 0. 79.529 0. 0. -1. 0.
-0.863 0.504 0. -130.461 0.504 0.863 0. 80.491 0. 0. -1. 0.
-0.861 0.509 0. -132.087 0.509 0.861 0. 81.492 0. 0. -1. 0.
-0.858 0.514 0. -133.734 0.514 0.858 0. 82.506 0. 0. -1. 0.
-0.857 0.515 0. -135.398 0.515 0.857 0. 83.569 0. 0. -1. 0.
-0.860 0.510 0. -137.101 0.510 0.860 0. 84.634 0. 0. -1. 0.
-0.862 0.507 0. -138.848 0.507 0.862 0. 85.719 0. 0. -1. 0.
-0.863 0.505 0. -140.644 0.505 0.863 0. 86.822 0. 0. -1. 0.
-0.863 0.506 0. -142.443 0.506 0.863 0. 87.932 0. 0. -1. 0.
-0.863 0.506 0. -144.266 0.506 0.863 0. 89.065 0. 0. -1. 0.
-0.863 0.505 0. -146.118 0.505 0.863 0. 90.200 0. 0. -1. 0.
-0.864 0.504 0. -147.989 0.504 0.864 0. 91.336 0. 0. -1. 0.
-0.862 0.507 0. -149.869 0.507 0.862 0. 92.510 0. 0. -1. 0.
-0.861 0.508 0. -151.757 0.508 0.861 0. 93.685 0. 0. -1. 0.
-0.860 0.510 0. -153.670 0.510 0.860 0. 94.870 0. 0. -1. 0.
-0.859 0.512 0. -155.599 0.512 0.859 0. 96.070 0. 0. -1. 0.
-0.857 0.515 0. -157.525 0.515 0.857 0. 97.295 0. 0. -1. 0.
-0.856 0.516 0. -159.470 0.516 0.856 0. 98.538 0. 0. -1. 0.
-0.855 0.518 0. -161.385 0.518 0.855 0. 99.760 0. 0. -1. 0.
-0.855 0.519 0. -163.324 0.519 0.855 0. 100.994 0. 0. -1. 0.
-0.854 0.521 0. -165.250 0.521 0.854 0. 102.224 0. 0. -1. 0.
-0.853 0.522 0. -167.163 0.522 0.853 0. 103.457 0. 0. -1. 0.
-0.852 0.524 0. -169.087 0.524 0.852 0. 104.705 0. 0. -1. 0.
-0.851 0.526 0. -171.001 0.526 0.851 0. 105.962 0. 0. -1. 0.
-0.849 0.528 0. -172.915 0.528 0.849 0. 107.201 0. 0. -1. 0.
-0.847 0.532 0. -174.813 0.532 0.847 0. 108.419 0. 0. -1. 0.
-0.844 0.537 0. -176.698 0.537 0.844 0. 109.640 0. 0. -1. 0.
-0.839 0.544 0. -178.534 0.544 0.839 0. 110.883 0. 0. -1. 0.
-0.834 0.551 0. -180.337 0.551 0.834 0. 112.133 0. 0. -1. 0.
-0.828 0.560 0. -182.109 0.560 0.828 0. 113.385 0. 0. -1. 0.
-0.820 0.572 0. -183.866 0.572 0.820 0. 114.658 0. 0. -1. 0.
-0.809 0.588 0. -185.589 0.588 0.809 0. 115.952 0. 0. -1. 0.
-0.793 0.609 0. -187.266 0.609 0.793 0. 117.292 0. 0. -1. 0.
-0.773 0.634 0. -188.917 0.634 0.773 0. 118.664 0. 0. -1. 0.
-0.746 0.666 0. -190.507 0.666 0.746 0. 120.100 0. 0. -1. 0.
-0.717 0.697 0. -192.037 0.697 0.717 0. 121.611 0. 0. -1. 0.
-0.686 0.728 0. -193.507 0.728 0.686 0. 123.189 0. 0. -1. 0.
-0.654 0.757 0. -194.916 0.757 0.654 0. 124.830 0. 0. -1. 0.
-0.616 0.788 0. -196.255 0.788 0.616 0. 126.537 0. 0. -1. 0.
-0.576 0.818 0. -197.483 0.818 0.576 0. 128.303 0. 0. -1. 0.
-0.534 0.846 0. -198.634 0.846 0.534 0. 130.152 0. 0. -1. 0.
-0.494 0.869 0. -199.693 0.869 0.494 0. 132.063 0. 0. -1. 0.
-0.462 0.887 0. -200.670 0.887 0.462 0. 134.011 0. 0. -1. 0.
-0.434 0.901 0. -201.609 0.901 0.434 0. 136.016 0. 0. -1. 0.
-0.408 0.913 0. -202.483 0.913 0.408 0. 138.030 0. 0. -1. 0.
-0.390 0.921 0. -203.320 0.921 0.390 0. 140.106 0. 0. -1. 0.
-0.375 0.927 0. -204.138 0.927 0.375 0. 142.194 0. 0. -1. 0.
-0.362 0.932 0. -204.920 0.932 0.362 0. 144.309 0. 0. -1. 0.
-0.355 0.935 0. -205.686 0.935 0.355 0. 146.458 0. 0. -1. 0.
-0.348 0.937 0. -206.441 0.937 0.348 0. 148.609 0. 0. -1. 0.
-0.344 0.939 0. -207.185 0.939 0.344 0. 150.821 0. 0. -1. 0.
-0.344 0.939 0. -207.924 0.939 0.344 0. 153.008 0. 0. -1. 0.
-0.345 0.939 0. -208.680 0.939 0.345 0. 155.218 0. 0. -1. 0.
-0.351 0.936 0. -209.438 0.936 0.351 0. 157.414 0. 0. -1. 0.
-0.362 0.932 0. -210.209 0.932 0.362 0. 159.580 0. 0. -1. 0.
-0.378 0.926 0. -211.022 0.926 0.378 0. 161.737 0. 0. -1. 0.
-0.395 0.919 0. -211.862 0.919 0.395 0. 163.841 0. 0. -1. 0.
-0.417 0.909 0. -212.738 0.909 0.417 0. 165.902 0. 0. -1. 0.
-0.445 0.896 0. -213.669 0.896 0.445 0. 167.907 0. 0. -1. 0.
-0.476 0.879 0. -214.623 0.879 0.476 0. 169.824 0. 0. -1. 0.
-0.519 0.855 0. -215.643 0.855 0.519 0. 171.672 0. 0. -1. 0.
-0.567 0.824 0. -216.769 0.824 0.567 0. 173.428 0. 0. -1. 0.
-0.618 0.786 0. -217.942 0.786 0.618 0. 175.056 0. 0. -1. 0.
-0.674 0.739 0. -219.213 0.739 0.674 0. 176.586 0. 0. -1. 0.
-0.727 0.686 0. -220.607 0.686 0.727 0. 177.998 0. 0. -1. 0.
-0.776 0.631 0. -222.083 0.631 0.776 0. 179.280 0. 0. -1. 0.
-0.820 0.573 0. -223.620 0.573 0.820 0. 180.453 0. 0. -1. 0.
-0.859 0.512 0. -225.232 0.512 0.859 0. 181.504 0. 0. -1. 0.
-0.894 0.448 0. -226.914 0.448 0.894 0. 182.453 0. 0. -1. 0.
-0.925 0.381 0. -228.659 0.381 0.925 0. 183.265 0. 0. -1. 0.
-0.948 0.317 0. -230.458 0.317 0.948 0. 183.940 0. 0. -1. 0.
-0.966 0.258 0. -232.306 0.258 0.966 0. 184.507 0. 0. -1. 0.
-0.979 0.202 0. -234.202 0.202 0.979 0. 184.980 0. 0. -1. 0.
-0.988 0.156 0. -236.158 0.156 0.988 0. 185.362 0. 0. -1. 0.
-0.993 0.120 0. -238.159 0.120 0.993 0. 185.672 0. 0. -1. 0.
-0.996 0.091 0. -240.193 0.091 0.996 0. 185.915 0. 0. -1. 0.
-0.998 0.070 0. -242.273 0.070 0.998 0. 186.104 0. 0. -1. 0.
-0.999 0.053 0. -244.402 0.053 0.999 0. 186.276 0. 0. -1. 0.
-0.999 0.039 0. -246.595 0.039 0.999 0. 186.406 0. 0. -1. 0.
-1.000 0.031 0. -248.803 0.031 1.000 0. 186.527 0. 0. -1. 0.
-1.000 0.026 0. -251.090 0.026 1.000 0. 186.641 0. 0. -1. 0.
-1.000 0.022 0. -253.374 0.022 1.000 0. 186.745 0. 0. -1. 0.
-1.000 0.017 0. -255.662 0.017 1.000 0. 186.837 0. 0. -1. 0.
-1.000 0.014 0. -257.976 0.014 1.000 0. 186.925 0. 0. -1. 0.
-1. 0.011 0. -260.254 0.011 1. 0. 187.009 0. 0. -1. 0.
-1. 0.008 0. -262.536 0.008 1. 0. 187.073 0. 0. -1. 0.
-1. 0.006 0. -264.810 0.006 1. 0. 187.136 0. 0. -1. 0.
-1. 0.003 0. -267.022 0.003 1. 0. 187.195 0. 0. -1. 0.
-1. 0.002 0. -269.212 0.002 1. 0. 187.231 0. 0. -1. 0.
-1. 0.004 0. -271.354 0.004 1. 0. 187.287 0. 0. -1. 0.
-1. 0.006 0. -273.449 0.006 1. 0. 187.343 0. 0. -1. 0.
-1. 0.010 0. -275.483 0.010 1. 0. 187.409 0. 0. -1. 0.
-1.000 0.016 0. -277.467 0.016 1.000 0. 187.486 0. 0. -1. 0.
-1.000 0.023 0. -279.399 0.023 1.000 0. 187.576 0. 0. -1. 0.
-1.000 0.030 0. -281.274 0.030 1.000 0. 187.677 0. 0. -1. 0.
-0.999 0.041 0. -283.092 0.041 0.999 0. 187.784 0. 0. -1. 0.
-0.999 0.053 0. -284.844 0.053 0.999 0. 187.906 0. 0. -1. 0.
-0.998 0.070 0. -286.519 0.070 0.998 0. 188.058 0. 0. -1. 0.
-0.996 0.088 0. -288.162 0.088 0.996 0. 188.243 0. 0. -1. 0.
-0.994 0.109 0. -289.699 0.109 0.994 0. 188.430 0. 0. -1. 0.
-0.992 0.129 0. -291.173 0.129 0.992 0. 188.658 0. 0. -1. 0.
-0.987 0.158 0. -292.597 0.158 0.987 0. 188.915 0. 0. -1. 0.
-0.981 0.193 0. -293.925 0.193 0.981 0. 189.176 0. 0. -1. 0.
-0.975 0.221 0. -295.159 0.221 0.975 0. 189.545 0. 0. -1. 0.
-0.972 0.236 0. -296.335 0.236 0.972 0. 189.818 0. 0. -1. 0.
-0.970 0.243 0. -297.469 0.243 0.970 0. 190.155 0. 0. -1. 0.
-0.970 0.244 0. -298.583 0.244 0.970 0. 190.457 0. 0. -1. 0.
-0.971 0.239 0. -299.618 0.239 0.971 0. 190.729 0. 0. -1. 0.
-0.972 0.235 0. -300.601 0.235 0.972 0. 191.020 0. 0. -1. 0.
-0.973 0.231 0. -301.556 0.231 0.973 0. 191.237 0. 0. -1. 0.
-0.973 0.233 0. -302.418 0.233 0.973 0. 191.462 0. 0. -1. 0.
-0.973 0.230 0. -303.216 0.230 0.973 0. 191.705 0. 0. -1. 0.
-0.973 0.231 0. -303.979 0.231 0.973 0. 191.893 0. 0. -1. 0.
-0.973 0.229 0. -304.710 0.229 0.973 0. 192.043 0. 0. -1. 0.
-0.974 0.228 0. -305.326 0.228 0.974 0. 192.244 0. 0. -1. 0.
-0.974 0.227 0. -305.885 0.227 0.974 0. 192.416 0. 0. -1. 0.
-0.974 0.227 0. -306.366 0.227 0.974 0. 192.530 0. 0. -1. 0.
-0.974 0.228 0. -306.770 0.228 0.974 0. 192.621 0. 0. -1. 0.
-0.974 0.227 0. -307.152 0.227 0.974 0. 192.720 0. 0. -1. 0.
-0.974 0.227 0. -307.504 0.227 0.974 0. 192.798 0. 0. -1. 0.
-0.974 0.225 0. -307.783 0.225 0.974 0. 192.875 0. 0. -1. 0.
-0.975 0.224 0. -308.014 0.224 0.975 0. 192.926 0. 0. -1. 0.
-0.974 0.225 0. -308.197 0.225 0.974 0. 192.973 0. 0. -1. 0.
-0.975 0.224 0. -308.319 0.224 0.975 0. 193.000 0. 0. -1. 0.
-0.975 0.224 0. -308.375 0.224 0.975 0. 193.008 0. 0. -1. 0.
-0.974 0.224 0. -308.375 0.224 0.974 0. 193.009 0. 0. -1. 0.
-0.975 0.224 0. -308.374 0.224 0.975 0. 193.008 0. 0. -1. 0.
-0.975 0.224 0. -308.374 0.224 0.975 0. 193.008 0. 0. -1. 0.
-0.975 0.224 0. -308.374 0.224 0.975 0. 193.008 0. 0. -1. 0.
-0.975 0.224 0. -308.374 0.224 0.975 0. 193.008 0. 0. -1. 0.
-0.975 0.224 0. -308.374 0.224 0.975 0. 193.009 0. 0. -1. 0.
-0.975 0.224 0. -308.374 0.224 0.975 0. 193.008 0. 0. -1. 0.
-0.975 0.224 0. -308.374 0.224 0.975 0. 193.008 0. 0. -1. 0.
-0.975 0.224 0. -308.374 0.224 0.975 0. 193.009 0. 0. -1. 0.
-0.975 0.224 0. -308.374 0.224 0.975 0. 193.009 0. 0. -1. 0.
-0.975 0.224 0. -308.374 0.224 0.975 0. 193.009 0. 0. -1. 0.
-0.975 0.224 0. -308.374 0.224 0.975 0. 193.008 0. 0. -1. 0.
-0.975 0.224 0. -308.374 0.224 0.975 0. 193.009 0. 0. -1. 0.
-0.975 0.224 0. -308.374 0.224 0.975 0. 193.009 0. 0. -1. 0.
-0.975 0.224 0. -308.374 0.224 0.975 0. 193.008 0. 0. -1. 0.
-0.975 0.224 0. -308.374 0.224 0.975 0. 193.008 0. 0. -1. 0.
-0.975 0.224 0. -308.374 0.224 0.975 0. 193.008 0. 0. -1. 0.
-0.975 0.224 0. -308.374 0.224 0.975 0. 193.008 0. 0. -1. 0.
-0.975 0.224 0. -308.374 0.224 0.975 0. 193.009 0. 0. -1. 0.
-0.975 0.224 0. -308.374 0.224 0.975 0. 193.008 0. 0. -1. 0.
-0.975 0.224 0. -308.374 0.224 0.975 0. 193.008 0. 0. -1. 0.
-0.975 0.224 0. -308.374 0.224 0.975 0. 193.008 0. 0. -1. 0.
-0.975 0.224 0. -308.374 0.224 0.975 0. 193.009 0. 0. -1. 0.
-0.975 0.224 0. -308.374 0.224 0.975 0. 193.008 0. 0. -1. 0.
-0.975 0.224 0. -308.374 0.224 0.975 0. 193.008 0. 0. -1. 0.
-0.975 0.224 0. -308.374 0.224 0.975 0. 193.009 0. 0. -1. 0.
-0.975 0.224 0. -308.374 0.224 0.975 0. 193.008 0. 0. -1. 0.
-0.975 0.224 0. -308.374 0.224 0.975 0. 193.008 0. 0. -1. 0.
-0.975 0.224 0. -308.374 0.224 0.975 0. 193.009 0. 0. -1. 0.
-0.975 0.224 0. -308.374 0.224 0.975 0. 193.009 0. 0. -1. 0.
-0.975 0.224 0. -308.374 0.224 0.975 0. 193.009 0. 0. -1. 0.
-0.975 0.224 0. -308.374 0.224 0.975 0. 193.009 0. 0. -1. 0.
-0.975 0.224 0. -308.374 0.224 0.975 0. 193.008 0. 0. -1. 0.
-0.975 0.224 0. -308.374 0.224 0.975 0. 193.009 0. 0. -1. 0.
-0.975 0.224 0. -308.374 0.224 0.975 0. 193.009 0. 0. -1. 0.
-0.975 0.224 0. -308.374 0.224 0.975 0. 193.009 0. 0. -1. 0.
-0.975 0.224 0. -308.374 0.224 0.975 0. 193.009 0. 0. -1. 0.
-0.975 0.224 0. -308.374 0.224 0.975 0. 193.009 0. 0. -1. 0.
-0.975 0.224 0. -308.374 0.224 0.975 0. 193.009 0. 0. -1. 0.
-0.975 0.224 0. -308.374 0.224 0.975 0. 193.008 0. 0. -1. 0.
-0.975 0.224 0. -308.374 0.224 0.975 0. 193.009 0. 0. -1. 0.
-0.975 0.224 0. -308.374 0.224 0.975 0. 193.008 0. 0. -1. 0.
-0.975 0.224 0. -308.374 0.224 0.975 0. 193.009 0. 0. -1. 0.
-0.975 0.224 0. -308.374 0.224 0.975 0. 193.008 0. 0. -1. 0.
-0.975 0.224 0. -308.374 0.224 0.975 0. 193.009 0. 0. -1. 0.
-0.975 0.224 0. -308.374 0.224 0.975 0. 193.008 0. 0. -1. 0.
-0.975 0.224 0. -308.374 0.224 0.975 0. 193.009 0. 0. -1. 0.
-0.975 0.224 0. -308.374 0.224 0.975 0. 193.008 0. 0. -1. 0.
-0.975 0.224 0. -308.374 0.224 0.975 0. 193.009 0. 0. -1. 0.
-0.975 0.224 0. -308.374 0.224 0.975 0. 193.009 0. 0. -1. 0.
-0.975 0.224 0. -308.374 0.224 0.975 0. 193.009 0. 0. -1. 0.
-0.975 0.224 0. -308.374 0.224 0.975 0. 193.008 0. 0. -1. 0.
-0.975 0.224 0. -308.374 0.224 0.975 0. 193.009 0. 0. -1. 0.
-0.975 0.224 0. -308.374 0.224 0.975 0. 193.008 0. 0. -1. 0.
-0.975 0.224 0. -308.374 0.224 0.975 0. 193.009 0. 0. -1. 0.
-0.975 0.224 0. -308.374 0.224 0.975 0. 193.008 0. 0. -1. 0.
-0.975 0.224 0. -308.374 0.224 0.975 0. 193.009 0. 0. -1. 0.
-0.975 0.224 0. -308.374 0.224 0.975 0. 193.009 0. 0. -1. 0.
-0.975 0.224 0. -308.374 0.224 0.975 0. 193.009 0. 0. -1. 0.
-0.975 0.224 0. -308.374 0.224 0.975 0. 193.009 0. 0. -1. 0.
-0.975 0.224 0. -308.374 0.224 0.975 0. 193.008 0. 0. -1. 0.
-0.975 0.224 0. -308.374 0.224 0.975 0. 193.009 0. 0. -1. 0.
-0.975 0.224 0. -308.374 0.224 0.975 0. 193.009 0. 0. -1. 0.
-0.975 0.224 0. -308.374 0.224 0.975 0. 193.009 0. 0. -1. 0.
-0.975 0.224 0. -308.374 0.224 0.975 0. 193.009 0. 0. -1. 0.
-0.975 0.224 0. -308.374 0.224 0.975 0. 193.009 0. 0. -1. 0.
-0.975 0.224 0. -308.374 0.224 0.975 0. 193.009 0. 0. -1. 0.
-0.975 0.224 0. -308.374 0.224 0.975 0. 193.009 0. 0. -1. 0.
-0.975 0.224 0. -308.374 0.224 0.975 0. 193.008 0. 0. -1. 0.
-0.975 0.224 0. -308.374 0.224 0.975 0. 193.009 0. 0. -1. 0.
-0.975 0.224 0. -308.374 0.224 0.975 0. 193.009 0. 0. -1. 0.
-0.975 0.224 0. -308.374 0.224 0.975 0. 193.009 0. 0. -1. 0.
-0.975 0.224 0. -308.374 0.224 0.975 0. 193.009 0. 0. -1. 0.
-0.975 0.224 0. -308.374 0.224 0.975 0. 193.009 0. 0. -1. 0.
-0.975 0.224 0. -308.374 0.224 0.975 0. 193.009 0. 0. -1. 0.
-0.975 0.224 0. -308.374 0.224 0.975 0. 193.008 0. 0. -1. 0.
-0.975 0.224 0. -308.374 0.224 0.975 0. 193.008 0. 0. -1. 0.
-0.975 0.224 0. -308.374 0.224 0.975 0. 193.008 0. 0. -1. 0.
-0.975 0.224 0. -308.374 0.224 0.975 0. 193.009 0. 0. -1. 0.
-0.975 0.224 0. -308.374 0.224 0.975 0. 193.009 0. 0. -1. 0.
-0.975 0.224 0. -308.374 0.224 0.975 0. 193.008 0. 0. -1. 0.
-0.975 0.224 0. -308.374 0.224 0.975 0. 193.008 0. 0. -1. 0.
-0.975 0.224 0. -308.374 0.224 0.975 0. 193.008 0. 0. -1. 0.
-0.975 0.224 0. -308.374 0.224 0.975 0. 193.008 0. 0. -1. 0.
-0.975 0.224 0. -308.374 0.224 0.975 0. 193.009 0. 0. -1. 0.
-0.975 0.224 0. -308.374 0.224 0.975 0. 193.009 0. 0. -1. 0.
-0.975 0.224 0. -308.374 0.224 0.975 0. 193.009 0. 0. -1. 0.
-0.975 0.224 0. -308.374 0.224 0.975 0. 193.009 0. 0. -1. 0.
-0.975 0.224 0. -308.374 0.224 0.975 0. 193.008 0. 0. -1. 0.
-0.975 0.224 0. -308.374 0.224 0.975 0. 193.009 0. 0. -1. 0.
-0.975 0.224 0. -308.374 0.224 0.975 0. 193.009 0. 0. -1. 0.
-0.975 0.224 0. -308.374 0.224 0.975 0. 193.009 0. 0. -1. 0.
-0.975 0.224 0. -308.374 0.224 0.975 0. 193.009 0. 0. -1. 0.
-0.975 0.224 0. -308.374 0.224 0.975 0. 193.009 0. 0. -1. 0.
-0.975 0.224 0. -308.374 0.224 0.975 0. 193.009 0. 0. -1. 0.
-0.975 0.224 0. -308.374 0.224 0.975 0. 193.009 0. 0. -1. 0.
-0.975 0.224 0. -308.374 0.224 0.975 0. 193.009 0. 0. -1. 0.
-0.975 0.224 0. -308.374 0.224 0.975 0. 193.009 0. 0. -1. 0.
-0.975 0.224 0. -308.374 0.224 0.975 0. 193.009 0. 0. -1. 0.
-0.975 0.224 0. -308.374 0.224 0.975 0. 193.009 0. 0. -1. 0.
-0.975 0.224 0. -308.374 0.224 0.975 0. 193.009 0. 0. -1. 0.
-0.975 0.224 0. -308.374 0.224 0.975 0. 193.009 0. 0. -1. 0.
-0.975 0.224 0. -308.374 0.224 0.975 0. 193.009 0. 0. -1. 0.
-0.975 0.224 0. -308.374 0.224 0.975 0. 193.009 0. 0. -1. 0.
-0.975 0.224 0. -308.374 0.224 0.975 0. 193.009 0. 0. -1. 0.
-0.975 0.224 0. -308.374 0.224 0.975 0. 193.009 0. 0. -1. 0.
-0.975 0.224 0. -308.374 0.224 0.975 0. 193.009 0. 0. -1. 0.
-0.975 0.224 0. -308.374 0.224 0.975 0. 193.008 0. 0. -1. 0.
-0.975 0.224 0. -308.373 0.224 0.975 0. 193.008 0. 0. -1. 0.
-0.975 0.224 0. -308.375 0.224 0.975 0. 193.009 0. 0. -1. 0.
-0.975 0.224 0. -308.383 0.224 0.975 0. 193.010 0. 0. -1. 0.
-0.975 0.224 0. -308.406 0.224 0.975 0. 193.016 0. 0. -1. 0.
-0.974 0.224 0. -308.453 0.224 0.974 0. 193.025 0. 0. -1. 0.
-0.974 0.225 0. -308.552 0.225 0.974 0. 193.050 0. 0. -1. 0.
-0.975 0.224 0. -308.726 0.224 0.975 0. 193.096 0. 0. -1. 0.
-0.974 0.225 0. -308.969 0.225 0.974 0. 193.158 0. 0. -1. 0.
-0.974 0.225 0. -309.284 0.225 0.974 0. 193.230 0. 0. -1. 0.
-0.974 0.227 0. -309.673 0.227 0.974 0. 193.316 0. 0. -1. 0.
-0.973 0.231 0. -310.146 0.231 0.973 0. 193.424 0. 0. -1. 0.
-0.970 0.244 0. -310.701 0.244 0.970 0. 193.561 0. 0. -1. 0.
-0.964 0.265 0. -311.334 0.265 0.964 0. 193.711 0. 0. -1. 0.
-0.954 0.301 0. -312.029 0.301 0.954 0. 193.935 0. 0. -1. 0.
-0.937 0.350 0. -312.676 0.350 0.937 0. 194.230 0. 0. -1. 0.
