1. -0.007 0. 1.031 0.007 1. 0. -0.026 0. 0. 1. 0.
1. -0.009 0. 1.299 0.009 1. 0. 0.024 0. 0. 1. 0.
1. -0.010 0. 1.758 0.010 1. 0. 0.008 0. 0. 1. 0.
1. -0.011 0. 2.157 0.011 1. 0. 0.047 0. 0. 1. 0.
1. -0.013 0. 2.640 0.013 1. 0. 0.028 0. 0. 1. 0.
1.000 -0.014 0. 3.172 0.014 1.000 0. 0.041 0. 0. 1. 0.
1.000 -0.017 0. 3.781 0.017 1.000 0. 0.097 0. 0. 1. 0.
1.000 -0.017 0. 4.413 0.017 1.000 0. 0.102 0. 0. 1. 0.
1.000 -0.019 0. 5.164 0.019 1.000 0. 0.098 0. 0. 1. 0.
1.000 -0.019 0. 5.928 0.019 1.000 0. 0.143 0. 0. 1. 0.
1.000 -0.022 0. 6.776 0.022 1.000 0. 0.130 0. 0. 1. 0.
1.000 -0.023 0. 7.670 0.023 1.000 0. 0.169 0. 0. 1. 0.
1.000 -0.023 0. 8.639 0.023 1.000 0. 0.165 0. 0. 1. 0.
1.000 -0.030 0. 9.682 0.030 1.000 0. 0.185 0. 0. 1. 0.
0.999 -0.034 0. 10.798 0.034 0.999 0. 0.243 0. 0. 1. 0.
0.999 -0.039 0. 11.929 0.039 0.999 0. 0.294 0. 0. 1. 0.
0.999 -0.044 0. 13.130 0.044 0.999 0. 0.340 0. 0. 1. 0.
0.999 -0.049 0. 14.437 0.049 0.999 0. 0.446 0. 0. 1. 0.
0.998 -0.055 0. 15.742 0.055 0.998 0. 0.496 0. 0. 1. 0.
0.998 -0.059 0. 17.102 0.059 0.998 0. 0.557 0. 0. 1. 0.
0.998 -0.067 0. 18.553 0.067 0.998 0. 0.664 0. 0. 1. 0.
0.997 -0.073 0. 20.062 0.073 0.997 0. 0.773 0. 0. 1. 0.
0.997 -0.078 0. 21.596 0.078 0.997 0. 0.882 0. 0. 1. 0.
0.997 -0.083 0. 23.175 0.083 0.997 0. 1.054 0. 0. 1. 0.
0.996 -0.086 0. 24.840 0.086 0.996 0. 1.165 0. 0. 1. 0.
0.996 -0.089 0. 26.518 0.089 0.996 0. 1.322 0. 0. 1. 0.
0.996 -0.090 0. 28.255 0.090 0.996 0. 1.470 0. 0. 1. 0.
0.996 -0.092 0. 30.030 0.092 0.996 0. 1.651 0. 0. 1. 0.
0.996 -0.089 0. 31.880 0.089 0.996 0. 1.753 0. 0. 1. 0.
0.996 -0.087 0. 33.763 0.087 0.996 0. 1.954 0. 0. 1. 0.
0.997 -0.080 0. 35.676 0.080 0.997 0. 2.043 0. 0. 1. 0.
0.997 -0.074 0. 37.649 0.074 0.997 0. 2.206 0. 0. 1. 0.
0.998 -0.069 0. 39.654 0.069 0.998 0. 2.280 0. 0. 1. 0.
0.998 -0.063 0. 41.712 0.063 0.998 0. 2.411 0. 0. 1. 0.
0.999 -0.053 0. 43.784 0.053 0.999 0. 2.500 0. 0. 1. 0.
0.999 -0.046 0. 45.933 0.046 0.999 0. 2.514 0. 0. 1. 0.
0.999 -0.039 0. 48.113 0.039 0.999 0. 2.594 0. 0. 1. 0.
1.000 -0.030 0. 50.326 0.030 1.000 0. 2.602 0. 0. 1. 0.
1.000 -0.021 0. 52.596 0.021 1.000 0. 2.632 0. 0. 1. 0.
1. -0.014 0. 54.885 0.014 1. 0. 2.661 0. 0. 1. 0.
1. -0.012 0. 57.214 0.012 1. 0. 2.655 0. 0. 1. 0.
1. -0.014 0. 59.566 0.014 1. 0. 2.707 0. 0. 1. 0.
1.000 -0.015 0. 61.988 0.015 1.000 0. 2.711 0. 0. 1. 0.
1.000 -0.015 0. 64.444 0.015 1.000 0. 2.757 0. 0. 1. 0.
1.000 -0.018 0. 66.922 0.018 1.000 0. 2.777 0. 0. 1. 0.
1.000 -0.016 0. 69.414 0.016 1.000 0. 2.839 0. 0. 1. 0.
1.000 -0.016 0. 71.956 0.016 1.000 0. 2.782 0. 0. 1. 0.
1.000 -0.015 0. 74.525 0.015 1.000 0. 2.844 0. 0. 1. 0.
1. -0.013 0. 77.129 0.013 1. 0. 2.827 0. 0. 1. 0.
1. -0.013 0. 79.753 0.013 1. 0. 2.880 0. 0. 1. 0.
1. -0.012 0. 82.443 0.012 1. 0. 2.887 0. 0. 1. 0.
1. -0.011 0. 85.114 0.011 1. 0. 2.875 0. 0. 1. 0.
1. -0.010 0. 87.838 0.010 1. 0. 2.831 0. 0. 1. 0.
1. -0.006 0. 90.599 0.006 1. 0. 2.854 0. 0. 1. 0.
1. -0.004 0. 93.288 0.004 1. 0. 2.831 0. 0. 1. 0.
1. -0.003 0. 95.983 0.003 1. 0. 2.811 0. 0. 1. 0.
1. 0.004 0. 98.666 -0.004 1. 0. 2.940 0. 0. 1. 0.
1. 0.005 0. 101.308 -0.005 1. 0. 2.841 0. 0. 1. 0.
1. 0.006 0. 103.923 -0.006 1. 0. 2.802 0. 0. 1. 0.
1. 0.005 0. 106.525 -0.005 1. 0. 2.792 0. 0. 1. 0.
1. 0.002 0. 109.134 -0.002 1. 0. 2.819 0. 0. 1. 0.
1. 0.001 0. 111.654 -0.001 1. 0. 2.754 0. 0. 1. 0.
1. -0.010 0. 114.170 0.010 1. 0. 2.784 0. 0. 1. 0.
1.000 -0.019 0. 116.689 0.019 1.000 0. 2.793 0. 0. 1. 0.
0.999 -0.033 0. 119.205 0.033 0.999 0. 2.771 0. 0. 1. 0.
0.999 -0.045 0. 121.726 0.045 0.999 0. 2.945 0. 0. 1. 0.
0.998 -0.060 0. 124.257 0.060 0.998 0. 2.999 0. 0. 1. 0.
0.998 -0.066 0. 126.776 0.066 0.998 0. 3.177 0. 0. 1. 0.
0.997 -0.074 0. 129.243 0.074 0.997 0. 3.218 0. 0. 1. 0.
0.997 -0.076 0. 131.787 0.076 0.997 0. 3.418 0. 0. 1. 0.
0.997 -0.080 0. 134.352 0.080 0.997 0. 3.522 0. 0. 1. 0.
0.997 -0.077 0. 136.853 0.077 0.997 0. 3.712 0. 0. 1. 0.
0.997 -0.078 0. 139.404 0.078 0.997 0. 3.905 0. 0. 1. 0.
0.997 -0.072 0. 141.954 0.072 0.997 0. 4.090 0. 0. 1. 0.
0.998 -0.064 0. 144.448 0.064 0.998 0. 4.252 0. 0. 1. 0.
0.998 -0.058 0. 146.938 0.058 0.998 0. 4.389 0. 0. 1. 0.
0.999 -0.053 0. 149.446 0.053 0.999 0. 4.563 0. 0. 1. 0.
0.999 -0.045 0. 151.898 0.045 0.999 0. 4.603 0. 0. 1. 0.
0.999 -0.040 0. 154.374 0.040 0.999 0. 4.755 0. 0. 1. 0.
0.999 -0.035 0. 156.813 0.035 0.999 0. 4.851 0. 0. 1. 0.
1.000 -0.030 0. 159.189 0.030 1.000 0. 4.857 0. 0. 1. 0.
1.000 -0.027 0. 161.597 0.027 1.000 0. 4.972 0. 0. 1. 0.
1.000 -0.022 0. 163.928 0.022 1.000 0. 4.968 0. 0. 1. 0.
1.000 -0.018 0. 166.305 0.018 1.000 0. 5.058 0. 0. 1. 0.
1. -0.012 0. 168.623 0.012 1. 0. 4.995 0. 0. 1. 0.
1. -0.009 0. 170.952 0.009 1. 0. 5.061 0. 0. 1. 0.
1. -0.006 0. 173.254 0.006 1. 0. 5.015 0. 0. 1. 0.
1. -0.003 0. 175.543 0.003 1. 0. 5.027 0. 0. 1. 0.
1. -0.002 0. 177.796 0.002 1. 0. 4.954 0. 0. 1. 0.
1. -0.001 0. 180.046 0.001 1. 0. 5.010 0. 0. 1. 0.
1. -0.001 0. 182.289 0.001 1. 0. 4.976 0. 0. 1. 0.
1. 0.003 0. 184.511 -0.003 1. 0. 4.954 0. 0. 1. 0.
1. 0.004 0. 186.704 -0.004 1. 0. 4.950 0. 0. 1. 0.
1. 0.003 0. 188.876 -0.003 1. 0. 4.913 0. 0. 1. 0.
1. 0.003 0. 191.022 -0.003 1. 0. 4.948 0. 0. 1. 0.
1. 0.001 0. 193.131 -0.001 1. 0. 4.846 0. 0. 1. 0.
1. -0.000 0. 195.236 0.000 1. 0. 4.910 0. 0. 1. 0.
1. -0.002 0. 197.315 0.002 1. 0. 4.897 0. 0. 1. 0.
1. -0.002 0. 199.388 0.002 1. 0. 4.927 0. 0. 1. 0.
1. -0.001 0. 201.398 0.001 1. 0. 4.997 0. 0. 1. 0.
1. -0.003 0. 203.427 0.003 1. 0. 5.062 0. 0. 1. 0.
1. 0.000 0. 205.427 -0.000 1. 0. 5.051 0. 0. 1. 0.
1. 0.001 0. 207.378 -0.001 1. 0. 4.992 0. 0. 1. 0.
1. 0.000 0. 209.301 -0.000 1. 0. 5.020 0. 0. 1. 0.
1. -0.001 0. 211.190 0.001 1. 0. 4.993 0. 0. 1. 0.
1. -0.002 0. 213.026 0.002 1. 0. 5.029 0. 0. 1. 0.
1. -0. 0. 214.855 0. 1. 0. 4.994 0. 0. 1. 0.
1. 0. 0. 216.630 -0. 1. 0. 5.019 0. 0. 1. 0.
1. 0.001 0. 218.362 -0.001 1. 0. 4.898 0. 0. 1. 0.
1. 0.004 0. 220.037 -0.004 1. 0. 4.916 0. 0. 1. 0.
1. 0.006 0. 221.659 -0.006 1. 0. 4.914 0. 0. 1. 0.
1. 0.007 0. 223.240 -0.007 1. 0. 4.876 0. 0. 1. 0.
1. 0.008 0. 224.786 -0.008 1. 0. 4.873 0. 0. 1. 0.
1. 0.010 0. 226.257 -0.010 1. 0. 4.788 0. 0. 1. 0.
1. 0.009 0. 227.659 -0.009 1. 0. 4.809 0. 0. 1. 0.
1. 0.009 0. 228.996 -0.009 1. 0. 4.732 0. 0. 1. 0.
1. 0.010 0. 230.246 -0.010 1. 0. 4.747 0. 0. 1. 0.
1. 0.010 0. 231.418 -0.010 1. 0. 4.704 0. 0. 1. 0.
1. 0.009 0. 232.573 -0.009 1. 0. 4.668 0. 0. 1. 0.
1. 0.009 0. 233.554 -0.009 1. 0. 4.674 0. 0. 1. 0.
1. 0.009 0. 234.487 -0.009 1. 0. 4.627 0. 0. 1. 0.
1. 0.010 0. 235.325 -0.010 1. 0. 4.628 0. 0. 1. 0.
1. 0.008 0. 236.085 -0.008 1. 0. 4.623 0. 0. 1. 0.
1. 0.010 0. 236.697 -0.010 1. 0. 4.590 0. 0. 1. 0.
1. 0.009 0. 237.254 -0.009 1. 0. 4.612 0. 0. 1. 0.
1. 0.009 0. 237.785 -0.009 1. 0. 4.580 0. 0. 1. 0.
1. 0.011 0. 238.189 -0.011 1. 0. 4.573 0. 0. 1. 0.
1. 0.010 0. 238.550 -0.010 1. 0. 4.564 0. 0. 1. 0.
1. 0.013 0. 238.802 -0.013 1. 0. 4.542 0. 0. 1. 0.
1. 0.012 0. 239.021 -0.012 1. 0. 4.576 0. 0. 1. 0.
1. 0.012 0. 239.141 -0.012 1. 0. 4.549 0. 0. 1. 0.
1. 0.013 0. 239.226 -0.013 1. 0. 4.569 0. 0. 1. 0.
1. 0.013 0. 239.237 -0.013 1. 0. 4.547 0. 0. 1. 0.
1. 0.013 0. 239.240 -0.013 1. 0. 4.580 0. 0. 1. 0.
1. 0.014 0. 239.299 -0.014 1. 0. 4.538 0. 0. 1. 0.
1. 0.013 0. 239.274 -0.013 1. 0. 4.548 0. 0. 1. 0.
1. 0.014 0. 239.291 -0.014 1. 0. 4.540 0. 0. 1. 0.
1.000 0.014 0. 239.294 -0.014 1.000 0. 4.531 0. 0. 1. 0.
1.000 0.014 0. 239.281 -0.014 1.000 0. 4.533 0. 0. 1. 0.
1. 0.014 0. 239.285 -0.014 1. 0. 4.546 0. 0. 1. 0.
1. 0.014 0. 239.279 -0.014 1. 0. 4.540 0. 0. 1. 0.
1.000 0.014 0. 239.295 -0.014 1.000 0. 4.543 0. 0. 1. 0.
1. 0.014 0. 239.299 -0.014 1. 0. 4.551 0. 0. 1. 0.
1. 0.014 0. 239.292 -0.014 1. 0. 4.542 0. 0. 1. 0.
1. 0.014 0. 239.278 -0.014 1. 0. 4.540 0. 0. 1. 0.
1. 0.014 0. 239.283 -0.014 1. 0. 4.536 0. 0. 1. 0.
1. 0.013 0. 239.285 -0.013 1. 0. 4.535 0. 0. 1. 0.
1. 0.014 0. 239.292 -0.014 1. 0. 4.533 0. 0. 1. 0.
1. 0.013 0. 239.286 -0.013 1. 0. 4.548 0. 0. 1. 0.
1. 0.014 0. 239.294 -0.014 1. 0. 4.541 0. 0. 1. 0.
1. 0.014 0. 239.286 -0.014 1. 0. 4.542 0. 0. 1. 0.
1. 0.014 0. 239.304 -0.014 1. 0. 4.539 0. 0. 1. 0.
1. 0.014 0. 239.293 -0.014 1. 0. 4.547 0. 0. 1. 0.
1. 0.013 0. 239.295 -0.013 1. 0. 4.543 0. 0. 1. 0.
1. 0.014 0. 239.290 -0.014 1. 0. 4.530 0. 0. 1. 0.
1. 0.014 0. 239.292 -0.014 1. 0. 4.539 0. 0. 1. 0.
1. 0.014 0. 239.295 -0.014 1. 0. 4.539 0. 0. 1. 0.
1. 0.014 0. 239.288 -0.014 1. 0. 4.527 0. 0. 1. 0.
1.000 0.014 0. 239.296 -0.014 1.000 0. 4.534 0. 0. 1. 0.
1. 0.014 0. 239.290 -0.014 1. 0. 4.524 0. 0. 1. 0.
1. 0.014 0. 239.298 -0.014 1. 0. 4.541 0. 0. 1. 0.
1. 0.014 0. 239.288 -0.014 1. 0. 4.535 0. 0. 1. 0.
1. 0.014 0. 239.301 -0.014 1. 0. 4.537 0. 0. 1. 0.
1. 0.014 0. 239.288 -0.014 1. 0. 4.546 0. 0. 1. 0.
1. 0.013 0. 239.288 -0.013 1. 0. 4.525 0. 0. 1. 0.
1. 0.013 0. 239.290 -0.013 1. 0. 4.541 0. 0. 1. 0.
1. 0.013 0. 239.289 -0.013 1. 0. 4.529 0. 0. 1. 0.
1. 0.013 0. 239.288 -0.013 1. 0. 4.538 0. 0. 1. 0.
1. 0.014 0. 239.289 -0.014 1. 0. 4.533 0. 0. 1. 0.
1. 0.013 0. 239.281 -0.013 1. 0. 4.529 0. 0. 1. 0.
1. 0.013 0. 239.267 -0.013 1. 0. 4.546 0. 0. 1. 0.
1. 0.014 0. 239.284 -0.014 1. 0. 4.545 0. 0. 1. 0.
1. 0.014 0. 239.282 -0.014 1. 0. 4.530 0. 0. 1. 0.
1. 0.014 0. 239.297 -0.014 1. 0. 4.531 0. 0. 1. 0.
1. 0.014 0. 239.278 -0.014 1. 0. 4.535 0. 0. 1. 0.
1. 0.014 0. 239.286 -0.014 1. 0. 4.534 0. 0. 1. 0.
1. 0.013 0. 239.286 -0.013 1. 0. 4.543 0. 0. 1. 0.
1. 0.014 0. 239.281 -0.014 1. 0. 4.556 0. 0. 1. 0.
1. 0.014 0. 239.287 -0.014 1. 0. 4.533 0. 0. 1. 0.
1. 0.014 0. 239.291 -0.014 1. 0. 4.540 0. 0. 1. 0.
1. 0.013 0. 239.286 -0.013 1. 0. 4.538 0. 0. 1. 0.
1. 0.014 0. 239.294 -0.014 1. 0. 4.529 0. 0. 1. 0.
1. 0.013 0. 239.273 -0.013 1. 0. 4.531 0. 0. 1. 0.
1. 0.013 0. 239.299 -0.013 1. 0. 4.541 0. 0. 1. 0.
1. 0.014 0. 239.273 -0.014 1. 0. 4.547 0. 0. 1. 0.
1. 0.014 0. 239.294 -0.014 1. 0. 4.535 0. 0. 1. 0.
1. 0.013 0. 239.278 -0.013 1. 0. 4.529 0. 0. 1. 0.
1. 0.013 0. 239.296 -0.013 1. 0. 4.546 0. 0. 1. 0.
1. 0.013 0. 239.293 -0.013 1. 0. 4.545 0. 0. 1. 0.
1. 0.014 0. 239.305 -0.014 1. 0. 4.536 0. 0. 1. 0.
1. 0.014 0. 239.301 -0.014 1. 0. 4.543 0. 0. 1. 0.
1. 0.014 0. 239.302 -0.014 1. 0. 4.530 0. 0. 1. 0.
1. 0.014 0. 239.302 -0.014 1. 0. 4.541 0. 0. 1. 0.
1. 0.014 0. 239.299 -0.014 1. 0. 4.542 0. 0. 1. 0.
1. 0.014 0. 239.296 -0.014 1. 0. 4.535 0. 0. 1. 0.
1. 0.013 0. 239.298 -0.013 1. 0. 4.529 0. 0. 1. 0.
1. 0.014 0. 239.301 -0.014 1. 0. 4.531 0. 0. 1. 0.
1. 0.013 0. 239.289 -0.013 1. 0. 4.534 0. 0. 1. 0.
1.000 0.014 0. 239.309 -0.014 1.000 0. 4.534 0. 0. 1. 0.
1. 0.014 0. 239.303 -0.014 1. 0. 4.538 0. 0. 1. 0.
1. 0.013 0. 239.290 -0.013 1. 0. 4.540 0. 0. 1. 0.
1. 0.014 0. 239.310 -0.014 1. 0. 4.527 0. 0. 1. 0.
1. 0.014 0. 239.298 -0.014 1. 0. 4.532 0. 0. 1. 0.
1. 0.014 0. 239.298 -0.014 1. 0. 4.534 0. 0. 1. 0.
1. 0.013 0. 239.294 -0.013 1. 0. 4.540 0. 0. 1. 0.
1. 0.013 0. 239.304 -0.013 1. 0. 4.527 0. 0. 1. 0.
1. 0.014 0. 239.310 -0.014 1. 0. 4.536 0. 0. 1. 0.
1. 0.014 0. 239.290 -0.014 1. 0. 4.529 0. 0. 1. 0.
1. 0.014 0. 239.305 -0.014 1. 0. 4.547 0. 0. 1. 0.
1. 0.013 0. 239.287 -0.013 1. 0. 4.528 0. 0. 1. 0.
1. 0.013 0. 239.287 -0.013 1. 0. 4.530 0. 0. 1. 0.
1. 0.014 0. 239.289 -0.014 1. 0. 4.534 0. 0. 1. 0.
1. 0.014 0. 239.305 -0.014 1. 0. 4.541 0. 0. 1. 0.
1. 0.013 0. 239.291 -0.013 1. 0. 4.532 0. 0. 1. 0.
1. 0.013 0. 239.296 -0.013 1. 0. 4.534 0. 0. 1. 0.
1. 0.014 0. 239.306 -0.014 1. 0. 4.523 0. 0. 1. 0.
1. 0.014 0. 239.289 -0.014 1. 0. 4.523 0. 0. 1. 0.
1. 0.013 0. 239.293 -0.013 1. 0. 4.528 0. 0. 1. 0.
1. 0.012 0. 239.280 -0.012 1. 0. 4.548 0. 0. 1. 0.
1. 0.013 0. 239.292 -0.013 1. 0. 4.530 0. 0. 1. 0.
1. 0.014 0. 239.295 -0.014 1. 0. 4.541 0. 0. 1. 0.
1. 0.013 0. 239.296 -0.013 1. 0. 4.536 0. 0. 1. 0.
1. 0.014 0. 239.284 -0.014 1. 0. 4.539 0. 0. 1. 0.
1. 0.014 0. 239.308 -0.014 1. 0. 4.533 0. 0. 1. 0.
1. 0.014 0. 239.284 -0.014 1. 0. 4.541 0. 0. 1. 0.
1. 0.013 0. 239.309 -0.013 1. 0. 4.533 0. 0. 1. 0.
1. 0.014 0. 239.297 -0.014 1. 0. 4.541 0. 0. 1. 0.
1. 0.014 0. 239.312 -0.014 1. 0. 4.536 0. 0. 1. 0.
1. 0.013 0. 239.295 -0.013 1. 0. 4.537 0. 0. 1. 0.
1. 0.014 0. 239.293 -0.014 1. 0. 4.537 0. 0. 1. 0.
1. 0.014 0. 239.293 -0.014 1. 0. 4.529 0. 0. 1. 0.
1. 0.013 0. 239.295 -0.013 1. 0. 4.540 0. 0. 1. 0.
1. 0.014 0. 239.294 -0.014 1. 0. 4.532 0. 0. 1. 0.
1. 0.013 0. 239.298 -0.013 1. 0. 4.548 0. 0. 1. 0.
1. 0.014 0. 239.294 -0.014 1. 0. 4.528 0. 0. 1. 0.
1.000 0.014 0. 239.295 -0.014 1.000 0. 4.541 0. 0. 1. 0.
1. 0.014 0. 239.295 -0.014 1. 0. 4.531 0. 0. 1. 0.
1.000 0.014 0. 239.289 -0.014 1.000 0. 4.522 0. 0. 1. 0.
1. 0.014 0. 239.300 -0.014 1. 0. 4.543 0. 0. 1. 0.
1. 0.014 0. 239.289 -0.014 1. 0. 4.536 0. 0. 1. 0.
1. 0.014 0. 239.291 -0.014 1. 0. 4.528 0. 0. 1. 0.
1. 0.014 0. 239.292 -0.014 1. 0. 4.527 0. 0. 1. 0.
1.000 0.014 0. 239.290 -0.014 1.000 0. 4.528 0. 0. 1. 0.
1.000 0.014 0. 239.299 -0.014 1.000 0. 4.528 0. 0. 1. 0.
1. 0.014 0. 239.291 -0.014 1. 0. 4.531 0. 0. 1. 0.
1. 0.014 0. 239.301 -0.014 1. 0. 4.550 0. 0. 1. 0.
1. 0.014 0. 239.289 -0.014 1. 0. 4.523 0. 0. 1. 0.
1. 0.014 0. 239.294 -0.014 1. 0. 4.544 0. 0. 1. 0.
1.000 0.014 0. 239.299 -0.014 1.000 0. 4.528 0. 0. 1. 0.
1.000 0.014 0. 239.305 -0.014 1.000 0. 4.547 0. 0. 1. 0.
1. 0.014 0. 239.296 -0.014 1. 0. 4.527 0. 0. 1. 0.
1. 0.014 0. 239.286 -0.014 1. 0. 4.532 0. 0. 1. 0.
1. 0.013 0. 239.296 -0.013 1. 0. 4.536 0. 0. 1. 0.
1. 0.014 0. 239.292 -0.014 1. 0. 4.534 0. 0. 1. 0.
1. 0.013 0. 239.298 -0.013 1. 0. 4.539 0. 0. 1. 0.
1. 0.014 0. 239.314 -0.014 1. 0. 4.543 0. 0. 1. 0.
1. 0.014 0. 239.350 -0.014 1. 0. 4.531 0. 0. 1. 0.
1. 0.013 0. 239.408 -0.013 1. 0. 4.540 0. 0. 1. 0.
1. 0.014 0. 239.505 -0.014 1. 0. 4.548 0. 0. 1. 0.
1. 0.014 0. 239.536 -0.014 1. 0. 4.537 0. 0. 1. 0.
1. 0.014 0. 239.658 -0.014 1. 0. 4.559 0. 0. 1. 0.
1. 0.013 0. 239.772 -0.013 1. 0. 4.537 0. 0. 1. 0.
1. 0.013 0. 239.909 -0.013 1. 0. 4.518 0. 0. 1. 0.
1. 0.014 0. 240.069 -0.014 1. 0. 4.544 0. 0. 1. 0.
1. 0.014 0. 240.215 -0.014 1. 0. 4.525 0. 0. 1. 0.
1. 0.011 0. 240.365 -0.011 1. 0. 4.533 0. 0. 1. 0.
1. 0.012 0. 240.472 -0.012 1. 0. 4.538 0. 0. 1. 0.
1. 0.012 0. 240.592 -0.012 1. 0. 4.560 0. 0. 1. 0.
1. 0.013 0. 240.637 -0.013 1. 0. 4.523 0. 0. 1. 0.
1. 0.011 0. 240.675 -0.011 1. 0. 4.524 0. 0. 1. 0.
1. 0.013 0. 240.666 -0.013 1. 0. 4.534 0. 0. 1. 0.
1. 0.013 0. 240.643 -0.013 1. 0. 4.560 0. 0. 1. 0.
1. 0.013 0. 240.663 -0.013 1. 0. 4.552 0. 0. 1. 0.
1. 0.013 0. 240.643 -0.013 1. 0. 4.536 0. 0. 1. 0.
1. 0.013 0. 240.627 -0.013 1. 0. 4.584 0. 0. 1. 0.
1. 0.013 0. 240.653 -0.013 1. 0. 4.539 0. 0. 1. 0.
1. 0.014 0. 240.644 -0.014 1. 0. 4.547 0. 0. 1. 0.
1. 0.012 0. 240.684 -0.012 1. 0. 4.520 0. 0. 1. 0.
1. 0.014 0. 240.646 -0.014 1. 0. 4.543 0. 0. 1. 0.
1. 0.012 0. 240.647 -0.012 1. 0. 4.532 0. 0. 1. 0.
1. 0.013 0. 240.662 -0.013 1. 0. 4.538 0. 0. 1. 0.
1. 0.013 0. 240.645 -0.013 1. 0. 4.565 0. 0. 1. 0.
1. 0.013 0. 240.646 -0.013 1. 0. 4.549 0. 0. 1. 0.
1. 0.013 0. 240.648 -0.013 1. 0. 4.531 0. 0. 1. 0.
1. 0.012 0. 240.669 -0.012 1. 0. 4.518 0. 0. 1. 0.
1. 0.013 0. 240.636 -0.013 1. 0. 4.551 0. 0. 1. 0.
1. 0.013 0. 240.660 -0.013 1. 0. 4.527 0. 0. 1. 0.
1. 0.013 0. 240.644 -0.013 1. 0. 4.545 0. 0. 1. 0.
1. 0.013 0. 240.662 -0.013 1. 0. 4.521 0. 0. 1. 0.
1. 0.013 0. 240.649 -0.013 1. 0. 4.544 0. 0. 1. 0.
1. 0.013 0. 240.664 -0.013 1. 0. 4.534 0. 0. 1. 0.
1. 0.013 0. 240.649 -0.013 1. 0. 4.539 0. 0. 1. 0.
1. 0.013 0. 240.656 -0.013 1. 0. 4.527 0. 0. 1. 0.
1. 0.013 0. 240.651 -0.013 1. 0. 4.535 0. 0. 1. 0.
1. 0.013 0. 240.655 -0.013 1. 0. 4.536 0. 0. 1. 0.
1. 0.013 0. 240.661 -0.013 1. 0. 4.537 0. 0. 1. 0.
1. 0.013 0. 240.659 -0.013 1. 0. 4.537 0. 0. 1. 0.
1. 0.013 0. 240.655 -0.013 1. 0. 4.551 0. 0. 1. 0.
1. 0.012 0. 240.644 -0.012 1. 0. 4.538 0. 0. 1. 0.
1. 0.013 0. 240.650 -0.013 1. 0. 4.532 0. 0. 1. 0.
1. 0.013 0. 240.640 -0.013 1. 0. 4.534 0. 0. 1. 0.
1. 0.012 0. 240.667 -0.012 1. 0. 4.528 0. 0. 1. 0.
1. 0.013 0. 240.666 -0.013 1. 0. 4.533 0. 0. 1. 0.
1. 0.014 0. 240.654 -0.014 1. 0. 4.548 0. 0. 1. 0.
1. 0.013 0. 240.680 -0.013 1. 0. 4.540 0. 0. 1. 0.
1. 0.012 0. 240.666 -0.012 1. 0. 4.525 0. 0. 1. 0.
1. 0.013 0. 240.666 -0.013 1. 0. 4.543 0. 0. 1. 0.
1. 0.012 0. 240.662 -0.012 1. 0. 4.527 0. 0. 1. 0.
1. 0.014 0. 240.655 -0.014 1. 0. 4.561 0. 0. 1. 0.
1. 0.012 0. 240.650 -0.012 1. 0. 4.535 0. 0. 1. 0.
1. 0.013 0. 240.660 -0.013 1. 0. 4.528 0. 0. 1. 0.
1. 0.012 0. 240.655 -0.012 1. 0. 4.535 0. 0. 1. 0.
1. 0.013 0. 240.663 -0.013 1. 0. 4.530 0. 0. 1. 0.
1. 0.012 0. 240.666 -0.012 1. 0. 4.532 0. 0. 1. 0.
1. 0.012 0. 240.670 -0.012 1. 0. 4.550 0. 0. 1. 0.
1. 0.011 0. 240.671 -0.011 1. 0. 4.519 0. 0. 1. 0.
1. 0.013 0. 240.667 -0.013 1. 0. 4.542 0. 0. 1. 0.
1. 0.013 0. 240.655 -0.013 1. 0. 4.545 0. 0. 1. 0.
1. 0.012 0. 240.674 -0.012 1. 0. 4.532 0. 0. 1. 0.
1. 0.012 0. 240.650 -0.012 1. 0. 4.529 0. 0. 1. 0.
1. 0.013 0. 240.662 -0.013 1. 0. 4.543 0. 0. 1. 0.
1. 0.012 0. 240.653 -0.012 1. 0. 4.537 0. 0. 1. 0.
1. 0.013 0. 240.646 -0.013 1. 0. 4.553 0. 0. 1. 0.
1. 0.013 0. 240.674 -0.013 1. 0. 4.519 0. 0. 1. 0.
1. 0.014 0. 240.663 -0.014 1. 0. 4.545 0. 0. 1. 0.
1. 0.013 0. 240.666 -0.013 1. 0. 4.530 0. 0. 1. 0.
1. 0.012 0. 240.661 -0.012 1. 0. 4.545 0. 0. 1. 0.
1. 0.013 0. 240.654 -0.013 1. 0. 4.534 0. 0. 1. 0.
1. 0.013 0. 240.672 -0.013 1. 0. 4.536 0. 0. 1. 0.
1. 0.014 0. 240.660 -0.014 1. 0. 4.538 0. 0. 1. 0.
1. 0.013 0. 240.667 -0.013 1. 0. 4.531 0. 0. 1. 0.
1. 0.013 0. 240.652 -0.013 1. 0. 4.538 0. 0. 1. 0.
1. 0.013 0. 240.680 -0.013 1. 0. 4.524 0. 0. 1. 0.
1. 0.012 0. 240.663 -0.012 1. 0. 4.540 0. 0. 1. 0.
1. 0.012 0. 240.647 -0.012 1. 0. 4.551 0. 0. 1. 0.
1. 0.012 0. 240.686 -0.012 1. 0. 4.533 0. 0. 1. 0.
1. 0.013 0. 240.641 -0.013 1. 0. 4.518 0. 0. 1. 0.
1. 0.013 0. 240.661 -0.013 1. 0. 4.529 0. 0. 1. 0.
1. 0.013 0. 240.667 -0.013 1. 0. 4.525 0. 0. 1. 0.
1. 0.012 0. 240.655 -0.012 1. 0. 4.520 0. 0. 1. 0.
1. 0.013 0. 240.680 -0.013 1. 0. 4.547 0. 0. 1. 0.
1. 0.012 0. 240.642 -0.012 1. 0. 4.553 0. 0. 1. 0.
1. 0.012 0. 240.672 -0.012 1. 0. 4.568 0. 0. 1. 0.
1. 0.012 0. 240.674 -0.012 1. 0. 4.530 0. 0. 1. 0.
1. 0.013 0. 240.655 -0.013 1. 0. 4.538 0. 0. 1. 0.
1. 0.012 0. 240.671 -0.012 1. 0. 4.539 0. 0. 1. 0.
1. 0.013 0. 240.660 -0.013 1. 0. 4.517 0. 0. 1. 0.
1. 0.012 0. 240.652 -0.012 1. 0. 4.549 0. 0. 1. 0.
1. 0.013 0. 240.655 -0.013 1. 0. 4.533 0. 0. 1. 0.
1. 0.013 0. 240.654 -0.013 1. 0. 4.547 0. 0. 1. 0.
1. 0.012 0. 240.689 -0.012 1. 0. 4.575 0. 0. 1. 0.
1.000 0.014 0. 240.770 -0.014 1.000 0. 4.552 0. 0. 1. 0.
1. 0.013 0. 240.908 -0.013 1. 0. 4.527 0. 0. 1. 0.
1.000 0.014 0. 241.114 -0.014 1.000 0. 4.518 0. 0. 1. 0.
1. 0.013 0. 241.406 -0.013 1. 0. 4.570 0. 0. 1. 0.
1.000 0.014 0. 241.762 -0.014 1.000 0. 4.532 0. 0. 1. 0.
1. 0.013 0. 242.181 -0.013 1. 0. 4.556 0. 0. 1. 0.
1. 0.014 0. 242.700 -0.014 1. 0. 4.529 0. 0. 1. 0.
1. 0.013 0. 243.281 -0.013 1. 0. 4.513 0. 0. 1. 0.
1. 0.014 0. 243.955 -0.014 1. 0. 4.512 0. 0. 1. 0.
1. 0.013 0. 244.697 -0.013 1. 0. 4.499 0. 0. 1. 0.
1. 0.012 0. 245.537 -0.012 1. 0. 4.485 0. 0. 1. 0.
1. 0.013 0. 246.443 -0.013 1. 0. 4.450 0. 0. 1. 0.
1. 0.013 0. 247.434 -0.013 1. 0. 4.481 0. 0. 1. 0.
1. 0.013 0. 248.485 -0.013 1. 0. 4.432 0. 0. 1. 0.
1. 0.012 0. 249.627 -0.012 1. 0. 4.404 0. 0. 1. 0.
1. 0.012 0. 250.815 -0.012 1. 0. 4.390 0. 0. 1. 0.
1. 0.011 0. 252.088 -0.011 1. 0. 4.366 0. 0. 1. 0.
1. 0.008 0. 253.429 -0.008 1. 0. 4.418 0. 0. 1. 0.
1. 0.006 0. 254.831 -0.006 1. 0. 4.378 0. 0. 1. 0.
1. 0.006 0. 256.328 -0.006 1. 0. 4.369 0. 0. 1. 0.
1. 0.002 0. 257.841 -0.002 1. 0. 4.354 0. 0. 1. 0.
1. 0.002 0. 259.438 -0.002 1. 0. 4.309 0. 0. 1. 0.
1. 0.002 0. 261.106 -0.002 1. 0. 4.296 0. 0. 1. 0.
1. -0.001 0. 262.826 0.001 1. 0. 4.246 0. 0. 1. 0.
1. -0.001 0. 264.614 0.001 1. 0. 4.260 0. 0. 1. 0.
1. -0.003 0. 266.462 0.003 1. 0. 4.243 0. 0. 1. 0.
1. -0.004 0. 268.352 0.004 1. 0. 4.243 0. 0. 1. 0.
1. -0.004 0. 270.299 0.004 1. 0. 4.250 0. 0. 1. 0.
1. -0.006 0. 272.315 0.006 1. 0. 4.250 0. 0. 1. 0.
1. -0.006 0. 274.382 0.006 1. 0. 4.243 0. 0. 1. 0.
1. -0.007 0. 276.497 0.007 1. 0. 4.230 0. 0. 1. 0.
1. -0.004 0. 278.689 0.004 1. 0. 4.275 0. 0. 1. 0.
1. -0.006 0. 280.917 0.006 1. 0. 4.245 0. 0. 1. 0.
1. -0.003 0. 283.213 0.003 1. 0. 4.256 0. 0. 1. 0.
1. -0.001 0. 285.551 0.001 1. 0. 4.278 0. 0. 1. 0.
1. -0.001 0. 287.961 0.001 1. 0. 4.251 0. 0. 1. 0.
1. 0.000 0. 290.402 -0.000 1. 0. 4.235 0. 0. 1. 0.
1. 0.000 0. 292.897 -0.000 1. 0. 4.196 0. 0. 1. 0.
1. 0.000 0. 295.416 -0.000 1. 0. 4.201 0. 0. 1. 0.
1. 0.002 0. 297.998 -0.002 1. 0. 4.186 0. 0. 1. 0.
1. 0.002 0. 300.623 -0.002 1. 0. 4.174 0. 0. 1. 0.
1. 0.002 0. 303.277 -0.002 1. 0. 4.182 0. 0. 1. 0.
1. 0.001 0. 305.957 -0.001 1. 0. 4.052 0. 0. 1. 0.
1. 0. 0. 308.707 -0. 1. 0. 4.098 0. 0. 1. 0.
1. 0.002 0. 311.489 -0.002 1. 0. 4.053 0. 0. 1. 0.
1. 0.002 0. 314.237 -0.002 1. 0. 3.948 0. 0. 1. 0.
1. 0.001 0. 317.114 -0.001 1. 0. 4.005 0. 0. 1. 0.
1. -0.000 0. 319.890 0.000 1. 0. 3.941 0. 0. 1. 0.
1. -0. 0. 322.814 0. 1. 0. 3.945 0. 0. 1. 0.
1. -0.001 0. 325.696 0.001 1. 0. 3.841 0. 0. 1. 0.
1. -0.000 0. 328.620 0.000 1. 0. 3.916 0. 0. 1. 0.
1. 0.001 0. 331.544 -0.001 1. 0. 3.857 0. 0. 1. 0.
1. -0.001 0. 334.553 0.001 1. 0. 3.906 0. 0. 1. 0.
1. 0.002 0. 337.625 -0.002 1. 0. 3.861 0. 0. 1. 0.
1. 0.001 0. 340.610 -0.001 1. 0. 3.821 0. 0. 1. 0.
1. 0.001 0. 343.623 -0.001 1. 0. 3.835 0. 0. 1. 0.
1. 0.001 0. 346.697 -0.001 1. 0. 3.752 0. 0. 1. 0.
1. 0.002 0. 349.818 -0.002 1. 0. 3.706 0. 0. 1. 0.
1. 0.003 0. 352.927 -0.003 1. 0. 3.632 0. 0. 1. 0.
1. 0.002 0. 356.069 -0.002 1. 0. 3.541 0. 0. 1. 0.
1. 0.003 0. 359.274 -0.003 1. 0. 3.629 0. 0. 1. 0.
1. 0.002 0. 362.456 -0.002 1. 0. 3.542 0. 0. 1. 0.
1. 0.001 0. 365.692 -0.001 1. 0. 3.599 0. 0. 1. 0.
1. -0.002 0. 369.001 0.002 1. 0. 3.484 0. 0. 1. 0.
1. -0.007 0. 372.279 0.007 1. 0. 3.456 0. 0. 1. 0.
1. -0.005 0. 375.557 0.005 1. 0. 3.420 0. 0. 1. 0.
1. -0.002 0. 378.879 0.002 1. 0. 3.469 0. 0. 1. 0.
1. -0.002 0. 382.211 0.002 1. 0. 3.499 0. 0. 1. 0.
1. -0.002 0. 385.578 0.002 1. 0. 3.488 0. 0. 1. 0.
1. -0.000 0. 388.916 0.000 1. 0. 3.440 0. 0. 1. 0.
1. 0.001 0. 392.296 -0.001 1. 0. 3.411 0. 0. 1. 0.
1. 0.000 0. 395.713 -0.000 1. 0. 3.456 0. 0. 1. 0.
1. 0.002 0. 399.086 -0.002 1. 0. 3.410 0. 0. 1. 0.
1. 0.001 0. 402.516 -0.001 1. 0. 3.337 0. 0. 1. 0.
1. -0.001 0. 405.939 0.001 1. 0. 3.361 0. 0. 1. 0.
1. 0.000 0. 409.365 -0.000 1. 0. 3.261 0. 0. 1. 0.
1. 0.001 0. 412.832 -0.001 1. 0. 3.233 0. 0. 1. 0.
1. -0.001 0. 416.296 0.001 1. 0. 3.240 0. 0. 1. 0.
1. -0.001 0. 419.792 0.001 1. 0. 3.240 0. 0. 1. 0.
1. -0.002 0. 423.290 0.002 1. 0. 3.169 0. 0. 1. 0.
1. 0.001 0. 426.808 -0.001 1. 0. 3.216 0. 0. 1. 0.
1. -0. 0. 430.314 0. 1. 0. 3.222 0. 0. 1. 0.
1. -0.001 0. 433.849 0.001 1. 0. 3.253 0. 0. 1. 0.
1. -0.004 0. 437.402 0.004 1. 0. 3.164 0. 0. 1. 0.
1. -0.003 0. 440.975 0.003 1. 0. 3.083 0. 0. 1. 0.
1. -0.006 0. 444.542 0.006 1. 0. 3.079 0. 0. 1. 0.
1. -0.006 0. 448.129 0.006 1. 0. 3.150 0. 0. 1. 0.
1. -0.005 0. 451.748 0.005 1. 0. 3.071 0. 0. 1. 0.
1. -0.004 0. 455.362 0.004 1. 0. 3.071 0. 0. 1. 0.
1. -0.003 0. 458.987 0.003 1. 0. 3.038 0. 0. 1. 0.
1. -0.002 0. 462.632 0.002 1. 0. 2.966 0. 0. 1. 0.
1. 0.000 0. 466.288 -0.000 1. 0. 3.012 0. 0. 1. 0.
1. 0.005 0. 469.949 -0.005 1. 0. 2.986 0. 0. 1. 0.
1. 0.001 0. 473.642 -0.001 1. 0. 2.828 0. 0. 1. 0.
1. 0.002 0. 477.367 -0.002 1. 0. 2.845 0. 0. 1. 0.
1. 0.002 0. 481.044 -0.002 1. 0. 2.835 0. 0. 1. 0.
1. 0.003 0. 484.741 -0.003 1. 0. 2.760 0. 0. 1. 0.
1. 0.004 0. 488.481 -0.004 1. 0. 2.865 0. 0. 1. 0.
1. 0.002 0. 492.231 -0.002 1. 0. 2.713 0. 0. 1. 0.
1. -0.003 0. 495.972 0.003 1. 0. 2.676 0. 0. 1. 0.
1. -0.004 0. 499.722 0.004 1. 0. 2.657 0. 0. 1. 0.
1. -0.008 0. 503.510 0.008 1. 0. 2.599 0. 0. 1. 0.
1. -0.010 0. 507.280 0.010 1. 0. 2.595 0. 0. 1. 0.
1. -0.012 0. 511.022 0.012 1. 0. 2.642 0. 0. 1. 0.
1. -0.012 0. 514.746 0.012 1. 0. 2.582 0. 0. 1. 0.
1. -0.012 0. 518.429 0.012 1. 0. 2.600 0. 0. 1. 0.
1. -0.006 0. 522.143 0.006 1. 0. 2.723 0. 0. 1. 0.
1. -0.002 0. 525.820 0.002 1. 0. 2.623 0. 0. 1. 0.
1. 0.002 0. 529.482 -0.002 1. 0. 2.649 0. 0. 1. 0.
1. 0.002 0. 533.143 -0.002 1. 0. 2.624 0. 0. 1. 0.
1. 0.002 0. 536.787 -0.002 1. 0. 2.609 0. 0. 1. 0.
1. -0.002 0. 540.422 0.002 1. 0. 2.504 0. 0. 1. 0.
1. -0.005 0. 544.053 0.005 1. 0. 2.496 0. 0. 1. 0.
1. -0.009 0. 547.739 0.009 1. 0. 2.548 0. 0. 1. 0.
1.000 -0.014 0. 551.379 0.014 1.000 0. 2.516 0. 0. 1. 0.
1.000 -0.016 0. 555.035 0.016 1.000 0. 2.448 0. 0. 1. 0.
1. -0.013 0. 558.739 0.013 1. 0. 2.474 0. 0. 1. 0.
1. -0.013 0. 562.428 0.013 1. 0. 2.520 0. 0. 1. 0.
1. -0.011 0. 566.095 0.011 1. 0. 2.480 0. 0. 1. 0.
1. -0.011 0. 569.784 0.011 1. 0. 2.571 0. 0. 1. 0.
1. -0.009 0. 573.437 0.009 1. 0. 2.622 0. 0. 1. 0.
1. -0.011 0. 577.093 0.011 1. 0. 2.534 0. 0. 1. 0.
1. -0.011 0. 580.809 0.011 1. 0. 2.646 0. 0. 1. 0.
1. -0.013 0. 584.471 0.013 1. 0. 2.652 0. 0. 1. 0.
1. -0.014 0. 588.135 0.014 1. 0. 2.691 0. 0. 1. 0.
1. -0.014 0. 591.824 0.014 1. 0. 2.703 0. 0. 1. 0.
1. -0.013 0. 595.592 0.013 1. 0. 2.812 0. 0. 1. 0.
1. -0.013 0. 599.254 0.013 1. 0. 2.719 0. 0. 1. 0.
1. -0.013 0. 602.870 0.013 1. 0. 2.766 0. 0. 1. 0.
1. -0.013 0. 606.711 0.013 1. 0. 2.727 0. 0. 1. 0.
1.000 -0.014 0. 610.291 0.014 1.000 0. 2.851 0. 0. 1. 0.
1.000 -0.016 0. 613.983 0.016 1.000 0. 2.915 0. 0. 1. 0.
1.000 -0.016 0. 617.679 0.016 1.000 0. 2.926 0. 0. 1. 0.
1. -0.014 0. 621.357 0.014 1. 0. 2.966 0. 0. 1. 0.
1. -0.012 0. 625.031 0.012 1. 0. 2.941 0. 0. 1. 0.
1. -0.010 0. 628.703 0.010 1. 0. 2.892 0. 0. 1. 0.
1. -0.008 0. 632.394 0.008 1. 0. 2.942 0. 0. 1. 0.
1. -0.004 0. 636.014 0.004 1. 0. 2.708 0. 0. 1. 0.
1. -0.000 0. 639.621 0.000 1. 0. 2.723 0. 0. 1. 0.
1. 0.002 0. 643.232 -0.002 1. 0. 2.637 0. 0. 1. 0.
1. 0.005 0. 646.853 -0.005 1. 0. 2.588 0. 0. 1. 0.
1. 0.011 0. 650.458 -0.011 1. 0. 2.588 0. 0. 1. 0.
1. 0.014 0. 654.028 -0.014 1. 0. 2.552 0. 0. 1. 0.
1.000 0.019 0. 657.620 -0.019 1.000 0. 2.438 0. 0. 1. 0.
1.000 0.023 0. 661.234 -0.023 1.000 0. 2.431 0. 0. 1. 0.
1.000 0.028 0. 664.818 -0.028 1.000 0. 2.228 0. 0. 1. 0.
0.999 0.034 0. 668.387 -0.034 0.999 0. 2.139 0. 0. 1. 0.
0.999 0.043 0. 671.993 -0.043 0.999 0. 1.957 0. 0. 1. 0.
0.999 0.054 0. 675.552 -0.054 0.999 0. 1.809 0. 0. 1. 0.
0.998 0.063 0. 679.111 -0.063 0.998 0. 1.555 0. 0. 1. 0.
0.997 0.071 0. 682.677 -0.071 0.997 0. 1.251 0. 0. 1. 0.
0.997 0.079 0. 686.224 -0.079 0.997 0. 0.910 0. 0. 1. 0.
0.997 0.083 0. 689.774 -0.083 0.997 0. 0.552 0. 0. 1. 0.
0.996 0.089 0. 693.333 -0.089 0.996 0. 0.341 0. 0. 1. 0.
0.996 0.087 0. 696.850 -0.087 0.996 0. -0.125 0. 0. 1. 0.
0.996 0.088 0. 700.421 -0.088 0.996 0. -0.341 0. 0. 1. 0.
0.996 0.088 0. 703.944 -0.088 0.996 0. -0.711 0. 0. 1. 0.
0.996 0.090 0. 707.477 -0.090 0.996 0. -1.103 0. 0. 1. 0.
0.996 0.094 0. 711.014 -0.094 0.996 0. -1.386 0. 0. 1. 0.
0.995 0.098 0. 714.535 -0.098 0.995 0. -1.744 0. 0. 1. 0.
0.995 0.099 0. 718.042 -0.099 0.995 0. -2.192 0. 0. 1. 0.
0.995 0.101 0. 721.516 -0.101 0.995 0. -2.504 0. 0. 1. 0.
0.995 0.102 0. 725.042 -0.102 0.995 0. -2.939 0. 0. 1. 0.
0.995 0.101 0. 728.546 -0.101 0.995 0. -3.268 0. 0. 1. 0.
0.995 0.100 0. 732.029 -0.100 0.995 0. -3.684 0. 0. 1. 0.
0.995 0.102 0. 735.566 -0.102 0.995 0. -3.984 0. 0. 1. 0.
0.995 0.099 0. 739.024 -0.099 0.995 0. -4.459 0. 0. 1. 0.
0.995 0.099 0. 742.538 -0.099 0.995 0. -4.818 0. 0. 1. 0.
0.995 0.097 0. 746.003 -0.097 0.995 0. -5.185 0. 0. 1. 0.
0.995 0.097 0. 749.464 -0.097 0.995 0. -5.577 0. 0. 1. 0.
0.995 0.099 0. 752.927 -0.099 0.995 0. -5.941 0. 0. 1. 0.
0.995 0.100 0. 756.408 -0.100 0.995 0. -6.236 0. 0. 1. 0.
0.995 0.100 0. 759.857 -0.100 0.995 0. -6.598 0. 0. 1. 0.
0.995 0.099 0. 763.321 -0.099 0.995 0. -7.025 0. 0. 1. 0.
0.995 0.098 0. 766.794 -0.098 0.995 0. -7.411 0. 0. 1. 0.
0.995 0.102 0. 770.267 -0.102 0.995 0. -7.738 0. 0. 1. 0.
0.995 0.099 0. 773.726 -0.099 0.995 0. -8.095 0. 0. 1. 0.
0.995 0.099 0. 777.188 -0.099 0.995 0. -8.372 0. 0. 1. 0.
0.995 0.099 0. 780.651 -0.099 0.995 0. -8.808 0. 0. 1. 0.
0.995 0.099 0. 784.106 -0.099 0.995 0. -9.191 0. 0. 1. 0.
0.995 0.097 0. 787.536 -0.097 0.995 0. -9.580 0. 0. 1. 0.
0.995 0.097 0. 791.029 -0.097 0.995 0. -9.930 0. 0. 1. 0.
0.995 0.097 0. 794.483 -0.097 0.995 0. -10.282 0. 0. 1. 0.
0.995 0.097 0. 797.941 -0.097 0.995 0. -10.639 0. 0. 1. 0.
0.995 0.098 0. 801.401 -0.098 0.995 0. -11.022 0. 0. 1. 0.
0.996 0.095 0. 804.844 -0.095 0.996 0. -11.442 0. 0. 1. 0.
0.995 0.096 0. 808.331 -0.096 0.995 0. -11.723 0. 0. 1. 0.
0.995 0.097 0. 811.796 -0.097 0.995 0. -12.080 0. 0. 1. 0.
0.995 0.097 0. 815.233 -0.097 0.995 0. -12.491 0. 0. 1. 0.
0.995 0.097 0. 818.708 -0.097 0.995 0. -12.885 0. 0. 1. 0.
0.995 0.098 0. 822.184 -0.098 0.995 0. -13.197 0. 0. 1. 0.
0.995 0.099 0. 825.633 -0.099 0.995 0. -13.569 0. 0. 1. 0.
0.995 0.100 0. 829.074 -0.100 0.995 0. -14.003 0. 0. 1. 0.
0.995 0.100 0. 832.526 -0.100 0.995 0. -14.384 0. 0. 1. 0.
0.995 0.104 0. 836.006 -0.104 0.995 0. -14.707 0. 0. 1. 0.
0.994 0.106 0. 839.475 -0.106 0.994 0. -15.045 0. 0. 1. 0.
0.995 0.103 0. 842.906 -0.103 0.995 0. -15.471 0. 0. 1. 0.
0.995 0.103 0. 846.389 -0.103 0.995 0. -15.852 0. 0. 1. 0.
0.995 0.103 0. 849.836 -0.103 0.995 0. -16.256 0. 0. 1. 0.
0.995 0.101 0. 853.280 -0.101 0.995 0. -16.623 0. 0. 1. 0.
0.995 0.103 0. 856.763 -0.103 0.995 0. -16.934 0. 0. 1. 0.
0.995 0.101 0. 860.241 -0.101 0.995 0. -17.340 0. 0. 1. 0.
0.995 0.099 0. 863.673 -0.099 0.995 0. -17.697 0. 0. 1. 0.
0.995 0.097 0. 867.110 -0.097 0.995 0. -18.062 0. 0. 1. 0.
0.995 0.095 0. 870.606 -0.095 0.995 0. -18.377 0. 0. 1. 0.
0.995 0.095 0. 874.050 -0.095 0.995 0. -18.828 0. 0. 1. 0.
0.996 0.093 0. 877.519 -0.093 0.996 0. -19.139 0. 0. 1. 0.
0.996 0.091 0. 880.983 -0.091 0.996 0. -19.464 0. 0. 1. 0.
0.996 0.088 0. 884.439 -0.088 0.996 0. -19.780 0. 0. 1. 0.
0.996 0.088 0. 887.913 -0.088 0.996 0. -20.097 0. 0. 1. 0.
0.996 0.089 0. 891.378 -0.089 0.996 0. -20.546 0. 0. 1. 0.
0.996 0.091 0. 894.823 -0.091 0.996 0. -20.881 0. 0. 1. 0.
0.996 0.092 0. 898.314 -0.092 0.996 0. -21.157 0. 0. 1. 0.
0.996 0.091 0. 901.782 -0.091 0.996 0. -21.498 0. 0. 1. 0.
0.996 0.090 0. 905.230 -0.090 0.996 0. -21.871 0. 0. 1. 0.
0.996 0.089 0. 908.667 -0.089 0.996 0. -22.317 0. 0. 1. 0.
0.996 0.089 0. 912.124 -0.089 0.996 0. -22.681 0. 0. 1. 0.
0.996 0.090 0. 915.563 -0.090 0.996 0. -23.180 0. 0. 1. 0.
0.996 0.088 0. 918.996 -0.088 0.996 0. -23.422 0. 0. 1. 0.
0.996 0.092 0. 922.464 -0.092 0.996 0. -23.768 0. 0. 1. 0.
0.996 0.094 0. 925.904 -0.094 0.996 0. -24.060 0. 0. 1. 0.
0.995 0.098 0. 929.381 -0.098 0.995 0. -24.411 0. 0. 1. 0.
0.995 0.099 0. 932.771 -0.099 0.995 0. -24.724 0. 0. 1. 0.
0.995 0.097 0. 936.279 -0.097 0.995 0. -25.060 0. 0. 1. 0.
0.995 0.099 0. 939.759 -0.099 0.995 0. -25.301 0. 0. 1. 0.
0.995 0.098 0. 943.157 -0.098 0.995 0. -25.754 0. 0. 1. 0.
0.995 0.101 0. 946.612 -0.101 0.995 0. -26.101 0. 0. 1. 0.
0.995 0.101 0. 950.074 -0.101 0.995 0. -26.434 0. 0. 1. 0.
0.995 0.100 0. 953.502 -0.100 0.995 0. -26.731 0. 0. 1. 0.
0.995 0.101 0. 956.919 -0.101 0.995 0. -27.074 0. 0. 1. 0.
0.995 0.099 0. 960.349 -0.099 0.995 0. -27.385 0. 0. 1. 0.
0.995 0.100 0. 963.776 -0.100 0.995 0. -27.852 0. 0. 1. 0.
0.995 0.099 0. 967.220 -0.099 0.995 0. -28.199 0. 0. 1. 0.
0.995 0.100 0. 970.619 -0.100 0.995 0. -28.534 0. 0. 1. 0.
0.995 0.099 0. 974.050 -0.099 0.995 0. -28.903 0. 0. 1. 0.
0.995 0.100 0. 977.486 -0.100 0.995 0. -29.276 0. 0. 1. 0.
0.995 0.100 0. 980.922 -0.100 0.995 0. -29.663 0. 0. 1. 0.
0.995 0.101 0. 984.347 -0.101 0.995 0. -29.966 0. 0. 1. 0.
0.995 0.099 0. 987.762 -0.099 0.995 0. -30.321 0. 0. 1. 0.
0.995 0.096 0. 991.170 -0.096 0.995 0. -30.755 0. 0. 1. 0.
0.995 0.096 0. 994.585 -0.096 0.995 0. -31.148 0. 0. 1. 0.
0.995 0.098 0. 998.038 -0.098 0.995 0. -31.376 0. 0. 1. 0.
0.995 0.095 0. 1001.389 -0.095 0.995 0. -31.846 0. 0. 1. 0.
0.995 0.097 0. 1004.866 -0.097 0.995 0. -32.209 0. 0. 1. 0.
0.995 0.098 0. 1008.248 -0.098 0.995 0. -32.563 0. 0. 1. 0.
0.995 0.100 0. 1011.668 -0.100 0.995 0. -32.844 0. 0. 1. 0.
0.995 0.101 0. 1015.066 -0.101 0.995 0. -33.226 0. 0. 1. 0.
0.995 0.100 0. 1018.457 -0.100 0.995 0. -33.576 0. 0. 1. 0.
0.995 0.101 0. 1021.901 -0.101 0.995 0. -33.904 0. 0. 1. 0.
0.995 0.097 0. 1025.286 -0.097 0.995 0. -34.310 0. 0. 1. 0.
0.995 0.099 0. 1028.693 -0.099 0.995 0. -34.652 0. 0. 1. 0.
0.995 0.099 0. 1032.043 -0.099 0.995 0. -35.114 0. 0. 1. 0.
0.995 0.099 0. 1035.423 -0.099 0.995 0. -35.355 0. 0. 1. 0.
0.995 0.100 0. 1038.784 -0.100 0.995 0. -35.746 0. 0. 1. 0.
0.995 0.104 0. 1042.087 -0.104 0.995 0. -36.133 0. 0. 1. 0.
0.994 0.107 0. 1045.405 -0.107 0.994 0. -36.517 0. 0. 1. 0.
0.994 0.111 0. 1048.782 -0.111 0.994 0. -36.908 0. 0. 1. 0.
0.993 0.114 0. 1052.092 -0.114 0.993 0. -37.274 0. 0. 1. 0.
0.993 0.117 0. 1055.397 -0.117 0.993 0. -37.691 0. 0. 1. 0.
0.993 0.122 0. 1058.706 -0.122 0.993 0. -38.083 0. 0. 1. 0.
0.992 0.123 0. 1062.014 -0.123 0.992 0. -38.545 0. 0. 1. 0.
0.992 0.126 0. 1065.328 -0.126 0.992 0. -38.944 0. 0. 1. 0.
0.992 0.127 0. 1068.647 -0.127 0.992 0. -39.352 0. 0. 1. 0.
0.992 0.129 0. 1071.962 -0.129 0.992 0. -39.737 0. 0. 1. 0.
0.991 0.133 0. 1075.251 -0.133 0.991 0. -40.228 0. 0. 1. 0.
0.991 0.133 0. 1078.560 -0.133 0.991 0. -40.637 0. 0. 1. 0.
0.991 0.133 0. 1081.842 -0.133 0.991 0. -41.080 0. 0. 1. 0.
0.991 0.133 0. 1085.136 -0.133 0.991 0. -41.578 0. 0. 1. 0.
0.991 0.134 0. 1088.414 -0.134 0.991 0. -41.964 0. 0. 1. 0.
0.991 0.136 0. 1091.666 -0.136 0.991 0. -42.363 0. 0. 1. 0.
0.991 0.132 0. 1094.941 -0.132 0.991 0. -42.923 0. 0. 1. 0.
0.991 0.130 0. 1098.222 -0.130 0.991 0. -43.382 0. 0. 1. 0.
0.991 0.134 0. 1101.512 -0.134 0.991 0. -43.841 0. 0. 1. 0.
0.990 0.139 0. 1104.784 -0.139 0.990 0. -44.340 0. 0. 1. 0.
0.990 0.144 0. 1108.078 -0.144 0.990 0. -44.683 0. 0. 1. 0.
0.989 0.146 0. 1111.267 -0.146 0.989 0. -45.278 0. 0. 1. 0.
0.988 0.153 0. 1114.457 -0.153 0.988 0. -45.706 0. 0. 1. 0.
0.987 0.159 0. 1117.646 -0.159 0.987 0. -46.211 0. 0. 1. 0.
0.987 0.163 0. 1120.796 -0.163 0.987 0. -46.740 0. 0. 1. 0.
0.986 0.164 0. 1123.936 -0.164 0.986 0. -47.243 0. 0. 1. 0.
0.987 0.163 0. 1127.115 -0.163 0.987 0. -47.797 0. 0. 1. 0.
0.987 0.162 0. 1130.183 -0.162 0.987 0. -48.348 0. 0. 1. 0.
0.987 0.159 0. 1133.198 -0.159 0.987 0. -48.900 0. 0. 1. 0.
0.988 0.157 0. 1136.311 -0.157 0.988 0. -49.318 0. 0. 1. 0.
0.988 0.155 0. 1139.339 -0.155 0.988 0. -49.801 0. 0. 1. 0.
0.988 0.153 0. 1142.359 -0.153 0.988 0. -50.391 0. 0. 1. 0.
0.989 0.150 0. 1145.372 -0.150 0.989 0. -50.787 0. 0. 1. 0.
0.989 0.148 0. 1148.352 -0.148 0.989 0. -51.205 0. 0. 1. 0.
0.989 0.146 0. 1151.316 -0.146 0.989 0. -51.670 0. 0. 1. 0.
0.990 0.143 0. 1154.301 -0.143 0.990 0. -52.145 0. 0. 1. 0.
0.990 0.138 0. 1157.170 -0.138 0.990 0. -52.502 0. 0. 1. 0.
0.991 0.137 0. 1160.114 -0.137 0.991 0. -52.997 0. 0. 1. 0.
0.991 0.132 0. 1162.970 -0.132 0.991 0. -53.386 0. 0. 1. 0.
0.991 0.134 0. 1165.867 -0.134 0.991 0. -53.793 0. 0. 1. 0.
0.991 0.135 0. 1168.685 -0.135 0.991 0. -54.200 0. 0. 1. 0.
0.991 0.136 0. 1171.530 -0.136 0.991 0. -54.620 0. 0. 1. 0.
0.990 0.138 0. 1174.321 -0.138 0.990 0. -55.049 0. 0. 1. 0.
0.990 0.140 0. 1177.079 -0.140 0.990 0. -55.402 0. 0. 1. 0.
0.990 0.141 0. 1179.823 -0.141 0.990 0. -55.870 0. 0. 1. 0.
0.990 0.142 0. 1182.583 -0.142 0.990 0. -56.178 0. 0. 1. 0.
0.990 0.144 0. 1185.307 -0.144 0.990 0. -56.660 0. 0. 1. 0.
0.989 0.146 0. 1187.965 -0.146 0.989 0. -57.047 0. 0. 1. 0.
0.989 0.148 0. 1190.638 -0.148 0.989 0. -57.471 0. 0. 1. 0.
0.989 0.148 0. 1193.225 -0.148 0.989 0. -57.884 0. 0. 1. 0.
0.988 0.152 0. 1195.711 -0.152 0.988 0. -58.287 0. 0. 1. 0.
0.988 0.152 0. 1198.186 -0.152 0.988 0. -58.685 0. 0. 1. 0.
0.988 0.154 0. 1200.580 -0.154 0.988 0. -59.063 0. 0. 1. 0.
0.988 0.157 0. 1202.927 -0.157 0.988 0. -59.465 0. 0. 1. 0.
0.988 0.157 0. 1205.134 -0.157 0.988 0. -59.744 0. 0. 1. 0.
0.987 0.159 0. 1207.429 -0.159 0.987 0. -60.140 0. 0. 1. 0.
0.987 0.161 0. 1209.630 -0.161 0.987 0. -60.533 0. 0. 1. 0.
0.986 0.165 0. 1211.807 -0.165 0.986 0. -60.909 0. 0. 1. 0.
0.986 0.168 0. 1213.941 -0.168 0.986 0. -61.272 0. 0. 1. 0.
0.984 0.177 0. 1216.011 -0.177 0.984 0. -61.707 0. 0. 1. 0.
0.982 0.190 0. 1218.018 -0.190 0.982 0. -62.090 0. 0. 1. 0.
0.978 0.208 0. 1219.905 -0.208 0.978 0. -62.526 0. 0. 1. 0.
0.972 0.236 0. 1221.734 -0.236 0.972 0. -63.015 0. 0. 1. 0.
0.963 0.271 0. 1223.411 -0.271 0.963 0. -63.484 0. 0. 1. 0.
0.951 0.309 0. 1224.952 -0.309 0.951 0. -64.056 0. 0. 1. 0.
0.936 0.351 0. 1226.474 -0.351 0.936 0. -64.620 0. 0. 1. 0.
0.919 0.395 0. 1227.924 -0.395 0.919 0. -65.320 0. 0. 1. 0.
0.897 0.442 0. 1229.352 -0.442 0.897 0. -66.073 0. 0. 1. 0.
0.873 0.489 0. 1230.625 -0.489 0.873 0. -66.835 0. 0. 1. 0.
0.845 0.535 0. 1231.811 -0.535 0.845 0. -67.652 0. 0. 1. 0.
0.813 0.582 0. 1232.917 -0.582 0.813 0. -68.485 0. 0. 1. 0.
0.776 0.631 0. 1233.878 -0.631 0.776 0. -69.362 0. 0. 1. 0.
0.732 0.682 0. 1234.732 -0.682 0.732 0. -70.258 0. 0. 1. 0.
0.684 0.729 0. 1235.467 -0.729 0.684 0. -71.108 0. 0. 1. 0.
0.632 0.775 0. 1236.063 -0.775 0.632 0. -71.959 0. 0. 1. 0.
0.575 0.818 0. 1236.559 -0.818 0.575 0. -72.774 0. 0. 1. 0.
0.515 0.857 0. 1236.940 -0.857 0.515 0. -73.573 0. 0. 1. 0.
0.459 0.889 0. 1237.212 -0.889 0.459 0. -74.298 0. 0. 1. 0.
0.404 0.915 0. 1237.433 -0.915 0.404 0. -74.976 0. 0. 1. 0.
0.349 0.937 0. 1237.566 -0.937 0.349 0. -75.642 0. 0. 1. 0.
0.295 0.956 0. 1237.712 -0.956 0.295 0. -76.315 0. 0. 1. 0.
0.241 0.970 0. 1237.813 -0.970 0.241 0. -76.963 0. 0. 1. 0.
0.190 0.982 0. 1237.872 -0.982 0.190 0. -77.645 0. 0. 1. 0.
0.138 0.990 0. 1237.911 -0.990 0.138 0. -78.291 0. 0. 1. 0.
0.086 0.996 0. 1237.888 -0.996 0.086 0. -78.984 0. 0. 1. 0.
0.030 1.000 0. 1237.848 -1.000 0.030 0. -79.679 0. 0. 1. 0.
-0.028 1.000 0. 1237.791 -1.000 -0.028 0. -80.415 0. 0. 1. 0.
-0.087 0.996 0. 1237.635 -0.996 -0.087 0. -81.154 0. 0. 1. 0.
-0.150 0.989 0. 1237.448 -0.989 -0.150 0. -81.923 0. 0. 1. 0.
-0.216 0.976 0. 1237.198 -0.976 -0.216 0. -82.745 0. 0. 1. 0.
-0.284 0.959 0. 1236.898 -0.959 -0.284 0. -83.563 0. 0. 1. 0.
-0.349 0.937 0. 1236.470 -0.937 -0.349 0. -84.397 0. 0. 1. 0.
-0.411 0.911 0. 1236.020 -0.911 -0.411 0. -85.218 0. 0. 1. 0.
-0.471 0.882 0. 1235.553 -0.882 -0.471 0. -86.063 0. 0. 1. 0.
-0.523 0.853 0. 1234.918 -0.853 -0.523 0. -86.920 0. 0. 1. 0.
-0.565 0.825 0. 1234.289 -0.825 -0.565 0. -87.757 0. 0. 1. 0.
-0.593 0.805 0. 1233.593 -0.805 -0.593 0. -88.619 0. 0. 1. 0.
-0.612 0.791 0. 1232.830 -0.791 -0.612 0. -89.523 0. 0. 1. 0.
-0.624 0.781 0. 1232.079 -0.781 -0.624 0. -90.465 0. 0. 1. 0.
-0.634 0.773 0. 1231.266 -0.773 -0.634 0. -91.461 0. 0. 1. 0.
-0.644 0.765 0. 1230.424 -0.765 -0.644 0. -92.461 0. 0. 1. 0.
-0.652 0.758 0. 1229.494 -0.758 -0.652 0. -93.493 0. 0. 1. 0.
-0.660 0.751 0. 1228.546 -0.751 -0.660 0. -94.499 0. 0. 1. 0.
-0.659 0.752 0. 1227.539 -0.752 -0.659 0. -95.646 0. 0. 1. 0.
-0.654 0.756 0. 1226.579 -0.756 -0.654 0. -96.823 0. 0. 1. 0.
-0.651 0.759 0. 1225.510 -0.759 -0.651 0. -97.996 0. 0. 1. 0.
-0.650 0.760 0. 1224.475 -0.760 -0.650 0. -99.285 0. 0. 1. 0.
-0.648 0.762 0. 1223.365 -0.762 -0.648 0. -100.600 0. 0. 1. 0.
-0.647 0.763 0. 1222.209 -0.763 -0.647 0. -101.911 0. 0. 1. 0.
-0.647 0.763 0. 1221.049 -0.763 -0.647 0. -103.268 0. 0. 1. 0.
-0.646 0.763 0. 1219.893 -0.763 -0.646 0. -104.666 0. 0. 1. 0.
-0.645 0.764 0. 1218.667 -0.764 -0.645 0. -106.141 0. 0. 1. 0.
-0.644 0.765 0. 1217.397 -0.765 -0.644 0. -107.594 0. 0. 1. 0.
-0.643 0.766 0. 1216.150 -0.766 -0.643 0. -109.115 0. 0. 1. 0.
-0.642 0.767 0. 1214.817 -0.767 -0.642 0. -110.644 0. 0. 1. 0.
-0.642 0.767 0. 1213.428 -0.767 -0.642 0. -112.260 0. 0. 1. 0.
-0.642 0.767 0. 1212.065 -0.767 -0.642 0. -113.861 0. 0. 1. 0.
-0.642 0.767 0. 1210.735 -0.767 -0.642 0. -115.523 0. 0. 1. 0.
-0.640 0.768 0. 1209.271 -0.768 -0.640 0. -117.207 0. 0. 1. 0.
-0.640 0.768 0. 1207.837 -0.768 -0.640 0. -118.941 0. 0. 1. 0.
-0.639 0.769 0. 1206.351 -0.769 -0.639 0. -120.669 0. 0. 1. 0.
-0.638 0.770 0. 1204.841 -0.770 -0.638 0. -122.461 0. 0. 1. 0.
-0.638 0.770 0. 1203.324 -0.770 -0.638 0. -124.282 0. 0. 1. 0.
-0.639 0.769 0. 1201.752 -0.769 -0.639 0. -126.149 0. 0. 1. 0.
-0.639 0.769 0. 1200.209 -0.769 -0.639 0. -128.027 0. 0. 1. 0.
-0.640 0.768 0. 1198.579 -0.768 -0.640 0. -129.912 0. 0. 1. 0.
-0.642 0.767 0. 1196.977 -0.767 -0.642 0. -131.860 0. 0. 1. 0.
-0.643 0.766 0. 1195.281 -0.766 -0.643 0. -133.817 0. 0. 1. 0.
-0.644 0.765 0. 1193.582 -0.765 -0.644 0. -135.799 0. 0. 1. 0.
-0.645 0.764 0. 1191.895 -0.764 -0.645 0. -137.821 0. 0. 1. 0.
