1564718977663696 0.98819 0.15326 -0.00000 -6.69110 -0.15326 0.98819 0.00000 0.30882 0.00000 -0.00000 1.00000 0.00000
1564718977914059 0.98371 0.17977 -0.00000 -7.53975 -0.17977 0.98371 0.00000 0.44429 0.00000 -0.00000 1.00000 0.00000
1564718978164186 0.97770 0.20999 -0.00000 -8.42072 -0.20999 0.97770 0.00000 0.65815 0.00000 -0.00000 1.00000 0.00000
1564718978415483 0.97087 0.23962 -0.00000 -9.36801 -0.23962 0.97087 0.00000 0.87048 0.00000 -0.00000 1.00000 0.00000
1564718978665729 0.96371 0.26695 -0.00000 -10.32921 -0.26695 0.96371 0.00000 1.08093 0.00000 -0.00000 1.00000 0.00000
1564718978915990 0.95684 0.29062 -0.00000 -11.31095 -0.29062 0.95684 0.00000 1.31506 0.00000 -0.00000 1.00000 0.00000
1564718979166553 0.95074 0.31000 -0.00000 -12.35261 -0.31000 0.95074 0.00000 1.50603 0.00000 -0.00000 1.00000 0.00000
1564718979417842 0.94649 0.32275 -0.00000 -13.43286 -0.32275 0.94649 0.00000 1.64544 0.00000 -0.00000 1.00000 0.00000
1564718979668768 0.94423 0.32928 -0.00000 -14.56027 -0.32928 0.94423 0.00000 1.70872 0.00000 -0.00000 1.00000 0.00000
1564718979918879 0.94345 0.33152 -0.00000 -15.74038 -0.33152 0.94345 0.00000 1.73679 0.00000 -0.00000 1.00000 0.00000
1564718980169365 0.94351 0.33135 -0.00000 -16.97025 -0.33135 0.94351 0.00000 1.73321 0.00000 -0.00000 1.00000 0.00000
1564718980420800 0.94332 0.33189 -0.00000 -18.22219 -0.33189 0.94332 0.00000 1.73848 0.00000 -0.00000 1.00000 0.00000
1564718980670424 0.94414 0.32956 -0.00000 -19.52813 -0.32956 0.94414 0.00000 1.71759 0.00000 -0.00000 1.00000 0.00000
1564718980920502 0.94466 0.32804 -0.00000 -20.85187 -0.32804 0.94466 0.00000 1.68741 0.00000 -0.00000 1.00000 0.00000
1564718981170678 0.94486 0.32747 -0.00000 -22.20417 -0.32747 0.94486 0.00000 1.63352 0.00000 -0.00000 1.00000 0.00000
1564718981421350 0.94374 0.33070 -0.00000 -23.59013 -0.33070 0.94374 0.00000 1.68386 0.00000 -0.00000 1.00000 0.00000
1564718981671646 0.94164 0.33662 -0.00000 -24.99753 -0.33662 0.94164 0.00000 1.79473 0.00000 -0.00000 1.00000 0.00000
1564718981921895 0.93933 0.34303 -0.00000 -26.45846 -0.34303 0.93933 0.00000 1.90879 0.00000 -0.00000 1.00000 0.00000
1564718982172353 0.93739 0.34829 -0.00000 -27.93561 -0.34829 0.93739 0.00000 2.05756 0.00000 -0.00000 1.00000 0.00000
1564718982423172 0.93359 0.35835 -0.00000 -29.41303 -0.35835 0.93359 0.00000 2.30455 0.00000 -0.00000 1.00000 0.00000
1564718982674261 0.92840 0.37157 -0.00000 -30.96678 -0.37157 0.92840 0.00000 2.76486 0.00000 -0.00000 1.00000 0.00000
1564718982924224 0.92337 0.38392 -0.00000 -32.53338 -0.38392 0.92337 0.00000 3.11253 0.00000 -0.00000 1.00000 0.00000
1564718983174398 0.91645 0.40015 -0.00000 -34.12170 -0.40015 0.91645 0.00000 3.61785 0.00000 -0.00000 1.00000 0.00000
1564718983424771 0.90735 0.42037 -0.00000 -35.71256 -0.42037 0.90735 0.00000 4.31752 0.00000 -0.00000 1.00000 0.00000
1564718983675983 0.89580 0.44446 -0.00000 -37.29641 -0.44446 0.89580 0.00000 5.23357 0.00000 -0.00000 1.00000 0.00000
1564718983926542 0.88175 0.47171 -0.00000 -38.91540 -0.47171 0.88175 0.00000 6.32368 0.00000 -0.00000 1.00000 0.00000
1564718984175593 0.86787 0.49679 -0.00000 -40.54773 -0.49679 0.86787 0.00000 7.42621 0.00000 -0.00000 1.00000 0.00000
1564718984425904 0.85175 0.52395 -0.00000 -42.12046 -0.52395 0.85175 0.00000 8.65788 0.00000 -0.00000 1.00000 0.00000
1564718984676392 0.83497 0.55030 -0.00000 -43.71268 -0.55030 0.83497 0.00000 9.91489 0.00000 -0.00000 1.00000 0.00000
1564718984926656 0.81852 0.57448 -0.00000 -45.32858 -0.57448 0.81852 0.00000 11.14322 0.00000 -0.00000 1.00000 0.00000
1564718985177860 0.80228 0.59694 -0.00000 -46.95086 -0.59694 0.80228 0.00000 12.36200 0.00000 -0.00000 1.00000 0.00000
1564718985428174 0.79198 0.61055 -0.00000 -48.74700 -0.61055 0.79198 0.00000 13.12331 0.00000 -0.00000 1.00000 0.00000
1564718985678474 0.78257 0.62256 -0.00000 -50.45741 -0.62256 0.78257 0.00000 13.81756 0.00000 -0.00000 1.00000 0.00000
1564718985929491 0.77349 0.63381 -0.00000 -52.27384 -0.63381 0.77349 0.00000 14.50903 0.00000 -0.00000 1.00000 0.00000
1564718986178608 0.76609 0.64273 -0.00000 -54.11785 -0.64273 0.76609 0.00000 15.06017 0.00000 -0.00000 1.00000 0.00000
1564718986428674 0.76059 0.64924 -0.00000 -56.05291 -0.64924 0.76059 0.00000 15.55540 0.00000 -0.00000 1.00000 0.00000
1564718986679023 0.75611 0.65445 -0.00000 -58.03451 -0.65445 0.75611 0.00000 15.91997 0.00000 -0.00000 1.00000 0.00000
1564718986929175 0.75627 0.65426 -0.00000 -60.15021 -0.65426 0.75627 0.00000 15.88234 0.00000 -0.00000 1.00000 0.00000
1564718987179531 0.75749 0.65285 -0.00000 -62.19394 -0.65285 0.75749 0.00000 15.74275 0.00000 -0.00000 1.00000 0.00000
1564718987429648 0.76053 0.64931 -0.00000 -64.35781 -0.64931 0.76053 0.00000 15.43964 0.00000 -0.00000 1.00000 0.00000
1564718987680265 0.76143 0.64825 -0.00000 -66.43306 -0.64825 0.76143 0.00000 15.33167 0.00000 -0.00000 1.00000 0.00000
1564718987930777 0.76409 0.64511 -0.00000 -68.50364 -0.64511 0.76409 0.00000 15.03685 0.00000 -0.00000 1.00000 0.00000
1564718988180460 0.76998 0.63807 -0.00000 -70.61080 -0.63807 0.76998 0.00000 14.38555 0.00000 -0.00000 1.00000 0.00000
1564718988431390 0.77569 0.63112 -0.00000 -72.76506 -0.63112 0.77569 0.00000 13.77782 0.00000 -0.00000 1.00000 0.00000
1564718988680326 0.78328 0.62167 -0.00000 -74.92217 -0.62167 0.78328 0.00000 12.87266 0.00000 -0.00000 1.00000 0.00000
1564718988931150 0.79222 0.61023 -0.00000 -77.12971 -0.61023 0.79222 0.00000 11.75303 0.00000 -0.00000 1.00000 0.00000
1564718989180571 0.80133 0.59822 -0.00000 -79.32563 -0.59822 0.80133 0.00000 10.57787 0.00000 -0.00000 1.00000 0.00000
1564718989431513 0.80935 0.58733 -0.00000 -81.45256 -0.58733 0.80935 0.00000 9.48903 0.00000 -0.00000 1.00000 0.00000
1564718989681898 0.81919 0.57352 -0.00000 -83.66833 -0.57352 0.81919 0.00000 8.10395 0.00000 -0.00000 1.00000 0.00000
1564718989932423 0.83007 0.55767 -0.00000 -85.85026 -0.55767 0.83007 0.00000 6.51249 0.00000 -0.00000 1.00000 0.00000
1564718990182409 0.84089 0.54120 -0.00000 -87.97163 -0.54120 0.84089 0.00000 4.80686 0.00000 -0.00000 1.00000 0.00000
1564718990432558 0.85206 0.52345 -0.00000 -90.09379 -0.52345 0.85206 0.00000 2.91117 0.00000 -0.00000 1.00000 0.00000
1564718990682749 0.86376 0.50390 -0.00000 -92.11859 -0.50390 0.86376 0.00000 0.85886 0.00000 -0.00000 1.00000 0.00000
1564718990933330 0.87567 0.48292 -0.00000 -94.20527 -0.48292 0.87567 0.00000 -1.37957 0.00000 -0.00000 1.00000 0.00000
1564718991183637 0.88665 0.46244 -0.00000 -96.18406 -0.46244 0.88665 0.00000 -3.54708 0.00000 -0.00000 1.00000 0.00000
1564718991434059 0.89741 0.44120 -0.00000 -98.18040 -0.44120 0.89741 0.00000 -5.85061 0.00000 -0.00000 1.00000 0.00000
1564718991684437 0.90747 0.42013 -0.00000 -100.04263 -0.42013 0.90747 0.00000 -8.13457 0.00000 -0.00000 1.00000 0.00000
1564718991934725 0.91765 0.39740 -0.00000 -101.86469 -0.39740 0.91765 0.00000 -10.63064 0.00000 -0.00000 1.00000 0.00000
1564718992185213 0.92723 0.37450 -0.00000 -103.60733 -0.37450 0.92723 0.00000 -13.17729 0.00000 -0.00000 1.00000 0.00000
1564718992435208 0.93608 0.35179 -0.00000 -105.35712 -0.35179 0.93608 0.00000 -15.70728 0.00000 -0.00000 1.00000 0.00000
1564718992684601 0.94419 0.32939 -0.00000 -107.03792 -0.32939 0.94419 0.00000 -18.21239 0.00000 -0.00000 1.00000 0.00000
1564718992935097 0.95063 0.31034 -0.00000 -108.75621 -0.31034 0.95063 0.00000 -20.36328 0.00000 -0.00000 1.00000 0.00000
1564718993185284 0.95705 0.28992 -0.00000 -110.40625 -0.28992 0.95705 0.00000 -22.68658 0.00000 -0.00000 1.00000 0.00000
1564718993435400 0.96204 0.27289 -0.00000 -112.11337 -0.27289 0.96204 0.00000 -24.63273 0.00000 -0.00000 1.00000 0.00000
1564718993685763 0.96652 0.25660 -0.00000 -113.83030 -0.25660 0.96652 0.00000 -26.54798 0.00000 -0.00000 1.00000 0.00000
1564718993935835 0.97058 0.24078 -0.00000 -115.49533 -0.24078 0.97058 0.00000 -28.35746 0.00000 -0.00000 1.00000 0.00000
1564718994186303 0.97463 0.22382 -0.00000 -117.14285 -0.22382 0.97463 0.00000 -30.43513 0.00000 -0.00000 1.00000 0.00000
1564718994436138 0.97887 0.20446 -0.00000 -118.67658 -0.20446 0.97887 0.00000 -32.74015 0.00000 -0.00000 1.00000 0.00000
1564718994688191 0.98235 0.18708 -0.00000 -120.18069 -0.18708 0.98235 0.00000 -34.85157 0.00000 -0.00000 1.00000 0.00000
1564718994938898 0.98596 0.16701 -0.00000 -121.61890 -0.16701 0.98596 0.00000 -37.32072 0.00000 -0.00000 1.00000 0.00000
1564718995188289 0.98916 0.14686 -0.00000 -122.96711 -0.14686 0.98916 0.00000 -39.77776 0.00000 -0.00000 1.00000 0.00000
1564718995438662 0.99188 0.12719 -0.00000 -124.32148 -0.12719 0.99188 0.00000 -42.23111 0.00000 -0.00000 1.00000 0.00000
1564718995689352 0.99422 0.10741 -0.00000 -125.66964 -0.10741 0.99422 0.00000 -44.70648 0.00000 -0.00000 1.00000 0.00000
1564718995938679 0.99614 0.08781 -0.00000 -126.97479 -0.08781 0.99614 0.00000 -47.16739 0.00000 -0.00000 1.00000 0.00000
1564718996189084 0.99759 0.06933 -0.00000 -128.26733 -0.06933 0.99759 0.00000 -49.53149 0.00000 -0.00000 1.00000 0.00000
1564718996440221 0.99881 0.04868 -0.00000 -129.43366 -0.04868 0.99881 0.00000 -52.19086 0.00000 -0.00000 1.00000 0.00000
1564718996690742 0.99961 0.02786 -0.00000 -130.53256 -0.02786 0.99961 0.00000 -54.89461 0.00000 -0.00000 1.00000 0.00000
1564718996941499 0.99996 0.00861 -0.00000 -131.66449 -0.00861 0.99996 0.00000 -57.39995 0.00000 -0.00000 1.00000 0.00000
1564718997191494 0.99997 -0.00716 0.00000 -132.99840 0.00716 0.99997 -0.00000 -59.47751 -0.00000 0.00000 1.00000 0.00000
1564718997442117 0.99966 -0.02622 0.00000 -134.10706 0.02622 0.99966 -0.00000 -62.01211 -0.00000 0.00000 1.00000 0.00000
1564718997692585 0.99906 -0.04340 0.00000 -135.31251 0.04340 0.99906 -0.00000 -64.31534 -0.00000 0.00000 1.00000 0.00000
1564718997942988 0.99822 -0.05970 0.00000 -136.57117 0.05970 0.99822 -0.00000 -66.54961 -0.00000 0.00000 1.00000 0.00000
1564718998191904 0.99706 -0.07659 0.00000 -137.71668 0.07659 0.99706 -0.00000 -68.86382 -0.00000 0.00000 1.00000 0.00000
1564718998442780 0.99541 -0.09568 0.00000 -138.70063 0.09568 0.99541 -0.00000 -71.50191 -0.00000 0.00000 1.00000 0.00000
1564718998693162 0.99339 -0.11480 0.00000 -139.65076 0.11480 0.99339 -0.00000 -74.18260 -0.00000 0.00000 1.00000 0.00000
1564718998943101 0.99109 -0.13323 0.00000 -140.58204 0.13323 0.99109 -0.00000 -76.78181 -0.00000 0.00000 1.00000 0.00000
1564718999193840 0.98796 -0.15474 0.00000 -141.31086 0.15474 0.98796 -0.00000 -79.81730 -0.00000 0.00000 1.00000 0.00000
1564718999443854 0.98483 -0.17352 0.00000 -142.16038 0.17352 0.98483 -0.00000 -82.49059 -0.00000 0.00000 1.00000 0.00000
1564718999695371 0.98125 -0.19273 0.00000 -142.92595 0.19273 0.98125 -0.00000 -85.26961 -0.00000 0.00000 1.00000 0.00000
1564718999944884 0.97793 -0.20892 0.00000 -143.96698 0.20892 0.97793 -0.00000 -87.65504 -0.00000 0.00000 1.00000 0.00000
1564719000195599 0.97394 -0.22682 0.00000 -144.75388 0.22682 0.97394 -0.00000 -90.25353 -0.00000 0.00000 1.00000 0.00000
1564719000445958 0.96953 -0.24498 0.00000 -145.47490 0.24498 0.96953 -0.00000 -92.98613 -0.00000 0.00000 1.00000 0.00000
1564719000696512 0.96574 -0.25952 0.00000 -146.55511 0.25952 0.96574 -0.00000 -95.17836 -0.00000 0.00000 1.00000 0.00000
1564719000947006 0.96081 -0.27720 0.00000 -147.28626 0.27720 0.96081 -0.00000 -97.84593 -0.00000 0.00000 1.00000 0.00000
1564719001196448 0.95628 -0.29244 0.00000 -148.17805 0.29244 0.95628 -0.00000 -100.23572 -0.00000 0.00000 1.00000 0.00000
1564719001446824 0.95168 -0.30709 0.00000 -149.10761 0.30709 0.95168 -0.00000 -102.46281 -0.00000 0.00000 1.00000 0.00000
1564719001696884 0.94714 -0.32083 0.00000 -150.13599 0.32083 0.94714 -0.00000 -104.62325 -0.00000 0.00000 1.00000 0.00000
1564719001947351 0.94285 -0.33321 0.00000 -151.27193 0.33321 0.94285 -0.00000 -106.61749 -0.00000 0.00000 1.00000 0.00000
1564719002197261 0.93763 -0.34762 0.00000 -152.17045 0.34762 0.93763 -0.00000 -108.93850 -0.00000 0.00000 1.00000 0.00000
1564719002447812 0.93080 -0.36552 0.00000 -152.65509 0.36552 0.93080 -0.00000 -111.84527 -0.00000 0.00000 1.00000 0.00000
1564719002697694 0.92330 -0.38408 0.00000 -152.95708 0.38408 0.92330 -0.00000 -114.85242 -0.00000 0.00000 1.00000 0.00000
1564719002948409 0.91563 -0.40203 0.00000 -153.26581 0.40203 0.91563 -0.00000 -117.83717 -0.00000 0.00000 1.00000 0.00000
1564719003198863 0.90645 -0.42231 0.00000 -153.17326 0.42231 0.90645 -0.00000 -121.22259 -0.00000 0.00000 1.00000 0.00000
1564719003448808 0.89513 -0.44580 0.00000 -152.53140 0.44580 0.89513 -0.00000 -125.27647 -0.00000 0.00000 1.00000 0.00000
1564719003698874 0.88230 -0.47069 0.00000 -151.42014 0.47069 0.88230 -0.00000 -129.45648 -0.00000 0.00000 1.00000 0.00000
1564719003949267 0.86864 -0.49545 0.00000 -150.15990 0.49545 0.86864 -0.00000 -133.68398 -0.00000 0.00000 1.00000 0.00000
1564719004198695 0.85474 -0.51906 0.00000 -148.94230 0.51906 0.85474 -0.00000 -137.78566 -0.00000 0.00000 1.00000 0.00000
1564719004448739 0.83929 -0.54368 0.00000 -147.32641 0.54368 0.83929 -0.00000 -142.09196 -0.00000 0.00000 1.00000 0.00000
1564719004698732 0.82483 -0.56538 0.00000 -146.03023 0.56538 0.82483 -0.00000 -145.85431 -0.00000 0.00000 1.00000 0.00000
1564719004949478 0.80785 -0.58939 0.00000 -144.09729 0.58939 0.80785 -0.00000 -150.13628 -0.00000 0.00000 1.00000 0.00000
1564719005199968 0.79028 -0.61274 0.00000 -142.10654 0.61274 0.79028 -0.00000 -154.33097 -0.00000 0.00000 1.00000 0.00000
1564719005450483 0.77134 -0.63643 0.00000 -139.82574 0.63643 0.77134 -0.00000 -158.57475 -0.00000 0.00000 1.00000 0.00000
1564719005699955 0.75130 -0.65996 0.00000 -137.24012 0.65996 0.75130 -0.00000 -162.88637 -0.00000 0.00000 1.00000 0.00000
1564719005950440 0.73188 -0.68143 0.00000 -134.84398 0.68143 0.73188 -0.00000 -166.76690 -0.00000 0.00000 1.00000 0.00000
1564719006200566 0.71117 -0.70302 0.00000 -132.14608 0.70302 0.71117 -0.00000 -170.69419 -0.00000 0.00000 1.00000 0.00000
1564719006450693 0.69087 -0.72298 0.00000 -129.57436 0.72298 0.69087 -0.00000 -174.41493 -0.00000 0.00000 1.00000 0.00000
1564719006700620 0.67243 -0.74016 0.00000 -127.46675 0.74016 0.67243 -0.00000 -177.72664 -0.00000 0.00000 1.00000 0.00000
1564719006950662 0.65985 -0.75139 0.00000 -126.79435 0.75139 0.65985 -0.00000 -179.84410 -0.00000 0.00000 1.00000 0.00000
1564719007200239 0.65056 -0.75946 0.00000 -126.89068 0.75946 0.65056 -0.00000 -181.38650 -0.00000 0.00000 1.00000 0.00000
1564719007450133 0.64098 -0.76755 0.00000 -126.92178 0.76755 0.64098 -0.00000 -183.01528 -0.00000 0.00000 1.00000 0.00000
1564719007700305 0.63246 -0.77459 0.00000 -127.17922 0.77459 0.63246 -0.00000 -184.43477 -0.00000 0.00000 1.00000 0.00000
1564719007951403 0.62891 -0.77748 0.00000 -128.58719 0.77748 0.62891 -0.00000 -185.10313 -0.00000 0.00000 1.00000 0.00000
1564719008200715 0.63134 -0.77550 0.00000 -131.44256 0.77550 0.63134 -0.00000 -184.68082 -0.00000 0.00000 1.00000 0.00000
1564719008450855 0.63560 -0.77202 0.00000 -134.74140 0.77202 0.63560 -0.00000 -184.00034 -0.00000 0.00000 1.00000 0.00000
1564719008701308 0.64252 -0.76627 0.00000 -138.64382 0.76627 0.64252 -0.00000 -182.79985 -0.00000 0.00000 1.00000 0.00000
1564719008951448 0.64882 -0.76094 0.00000 -142.39066 0.76094 0.64882 -0.00000 -181.71702 -0.00000 0.00000 1.00000 0.00000
1564719009201017 0.66046 -0.75086 0.00000 -147.39497 0.75086 0.66046 -0.00000 -179.52843 -0.00000 0.00000 1.00000 0.00000
1564719009450245 0.67372 -0.73898 0.00000 -152.77592 0.73898 0.67372 -0.00000 -176.89320 -0.00000 0.00000 1.00000 0.00000
1564719009700899 0.68881 -0.72494 0.00000 -158.63166 0.72494 0.68881 -0.00000 -173.72737 -0.00000 0.00000 1.00000 0.00000
1564719009951521 0.70689 -0.70732 0.00000 -165.16143 0.70732 0.70689 -0.00000 -169.69844 -0.00000 0.00000 1.00000 0.00000
1564719010201706 0.72589 -0.68781 0.00000 -171.93364 0.68781 0.72589 -0.00000 -165.14627 -0.00000 0.00000 1.00000 0.00000
1564719010452274 0.74452 -0.66759 0.00000 -178.66134 0.66759 0.74452 -0.00000 -160.43134 -0.00000 0.00000 1.00000 0.00000
1564719010704335 0.76872 -0.63958 0.00000 -186.67119 0.63958 0.76872 -0.00000 -153.75853 -0.00000 0.00000 1.00000 0.00000
1564719010952658 0.79286 -0.60941 0.00000 -194.69682 0.60941 0.79286 -0.00000 -146.46409 -0.00000 0.00000 1.00000 0.00000
1564719011202749 0.81782 -0.57548 0.00000 -202.93201 0.57548 0.81782 -0.00000 -138.17893 -0.00000 0.00000 1.00000 0.00000
1564719011453711 0.84445 -0.53564 0.00000 -211.55450 0.53564 0.84445 -0.00000 -128.33368 -0.00000 0.00000 1.00000 0.00000
1564719011704808 0.86965 -0.49366 0.00000 -219.81329 0.49366 0.86965 -0.00000 -117.85858 -0.00000 0.00000 1.00000 0.00000
1564719011954429 0.89249 -0.45107 0.00000 -227.54521 0.45107 0.89249 -0.00000 -107.12403 -0.00000 0.00000 1.00000 0.00000
1564719012204716 0.91378 -0.40622 0.00000 -234.91410 0.40622 0.91378 -0.00000 -95.77514 -0.00000 0.00000 1.00000 0.00000
1564719012453800 0.93276 -0.36049 0.00000 -241.61863 0.36049 0.93276 -0.00000 -84.00067 -0.00000 0.00000 1.00000 0.00000
1564719012704300 0.94832 -0.31731 0.00000 -247.62658 0.31731 0.94832 -0.00000 -72.87317 -0.00000 0.00000 1.00000 0.00000
1564719012954770 0.95766 -0.28790 0.00000 -252.07617 0.28790 0.95766 -0.00000 -65.21810 -0.00000 0.00000 1.00000 0.00000
1564719013204215 0.96506 -0.26202 0.00000 -256.09083 0.26202 0.96506 -0.00000 -58.47281 -0.00000 0.00000 1.00000 0.00000
1564719013455314 0.97105 -0.23888 0.00000 -259.77748 0.23888 0.97105 -0.00000 -52.35306 -0.00000 0.00000 1.00000 0.00000
1564719013705146 0.97512 -0.22170 0.00000 -263.07389 0.22170 0.97512 -0.00000 -47.78944 -0.00000 0.00000 1.00000 0.00000
1564719013955674 0.97845 -0.20646 0.00000 -266.22262 0.20646 0.97845 -0.00000 -43.75247 -0.00000 0.00000 1.00000 0.00000
1564719014205984 0.98068 -0.19561 0.00000 -269.12858 0.19561 0.98068 -0.00000 -40.79699 -0.00000 0.00000 1.00000 0.00000
1564719014456331 0.98291 -0.18408 0.00000 -272.01766 0.18408 0.98291 -0.00000 -37.68827 -0.00000 0.00000 1.00000 0.00000
1564719014706497 0.98425 -0.17681 0.00000 -274.76860 0.17681 0.98425 -0.00000 -35.69758 -0.00000 0.00000 1.00000 0.00000
1564719014955948 0.98625 -0.16526 0.00000 -277.64238 0.16526 0.98625 -0.00000 -32.49082 -0.00000 0.00000 1.00000 0.00000
1564719015207763 0.98758 -0.15711 0.00000 -280.40877 0.15711 0.98758 -0.00000 -30.20551 -0.00000 0.00000 1.00000 0.00000
1564719015457314 0.98920 -0.14658 0.00000 -283.26344 0.14658 0.98920 -0.00000 -27.19076 -0.00000 0.00000 1.00000 0.00000
1564719015707564 0.99074 -0.13579 0.00000 -286.08943 0.13579 0.99074 -0.00000 -24.13775 -0.00000 0.00000 1.00000 0.00000
1564719015957977 0.99202 -0.12610 0.00000 -288.86339 0.12610 0.99202 -0.00000 -21.32305 -0.00000 0.00000 1.00000 0.00000
1564719016209018 0.99285 -0.11935 0.00000 -291.62374 0.11935 0.99285 -0.00000 -19.34070 -0.00000 0.00000 1.00000 0.00000
1564719016458920 0.99358 -0.11310 0.00000 -294.31078 0.11310 0.99358 -0.00000 -17.57429 -0.00000 0.00000 1.00000 0.00000
1564719016709758 0.99395 -0.10980 0.00000 -296.99057 0.10980 0.99395 -0.00000 -16.61938 -0.00000 0.00000 1.00000 0.00000
1564719016959710 0.99456 -0.10418 0.00000 -299.72383 0.10418 0.99456 -0.00000 -15.01774 -0.00000 0.00000 1.00000 0.00000
1564719017210173 0.99508 -0.09906 0.00000 -302.43742 0.09906 0.99508 -0.00000 -13.49781 -0.00000 0.00000 1.00000 0.00000
1564719017460621 0.99537 -0.09609 0.00000 -305.15777 0.09609 0.99537 -0.00000 -12.56944 -0.00000 0.00000 1.00000 0.00000
1564719017710763 0.99574 -0.09225 0.00000 -307.87180 0.09225 0.99574 -0.00000 -11.36543 -0.00000 0.00000 1.00000 0.00000
1564719017961254 0.99620 -0.08710 0.00000 -310.61513 0.08710 0.99620 -0.00000 -9.73380 -0.00000 0.00000 1.00000 0.00000
1564719018211691 0.99660 -0.08235 0.00000 -313.27468 0.08235 0.99660 -0.00000 -8.31223 -0.00000 0.00000 1.00000 0.00000
1564719018460863 0.99689 -0.07886 0.00000 -315.98717 0.07886 0.99689 -0.00000 -7.20988 -0.00000 0.00000 1.00000 0.00000
1564719018711620 0.99731 -0.07332 0.00000 -318.60437 0.07332 0.99731 -0.00000 -5.48260 -0.00000 0.00000 1.00000 0.00000
1564719018961623 0.99742 -0.07176 0.00000 -321.20036 0.07176 0.99742 -0.00000 -4.96857 -0.00000 0.00000 1.00000 0.00000
1564719019211362 0.99777 -0.06681 0.00000 -323.79718 0.06681 0.99777 -0.00000 -3.39902 -0.00000 0.00000 1.00000 0.00000
1564719019461513 0.99803 -0.06267 0.00000 -326.33296 0.06267 0.99803 -0.00000 -2.08015 -0.00000 0.00000 1.00000 0.00000
1564719019711745 0.99829 -0.05842 0.00000 -328.88465 0.05842 0.99829 -0.00000 -0.70269 -0.00000 0.00000 1.00000 0.00000
1564719019962042 0.99860 -0.05280 0.00000 -331.41840 0.05280 0.99860 -0.00000 1.11628 -0.00000 0.00000 1.00000 0.00000
1564719020212041 0.99872 -0.05059 0.00000 -333.91228 0.05059 0.99872 -0.00000 1.82620 -0.00000 0.00000 1.00000 0.00000
1564719020461846 0.99879 -0.04919 0.00000 -336.36720 0.04919 0.99879 -0.00000 2.27837 -0.00000 0.00000 1.00000 0.00000
1564719020711895 0.99879 -0.04920 0.00000 -338.85263 0.04920 0.99879 -0.00000 2.23593 -0.00000 0.00000 1.00000 0.00000
1564719020962530 0.99884 -0.04812 0.00000 -341.33702 0.04812 0.99884 -0.00000 2.58930 -0.00000 0.00000 1.00000 0.00000
1564719021212816 0.99855 -0.05375 0.00000 -343.81850 0.05375 0.99855 -0.00000 0.62441 -0.00000 0.00000 1.00000 0.00000
1564719021463031 0.99832 -0.05802 0.00000 -346.30078 0.05802 0.99832 -0.00000 -0.86552 -0.00000 0.00000 1.00000 0.00000
1564719021713168 0.99748 -0.07088 0.00000 -348.68452 0.07088 0.99748 -0.00000 -5.34137 -0.00000 0.00000 1.00000 0.00000
1564719021962858 0.99699 -0.07753 0.00000 -351.13676 0.07753 0.99699 -0.00000 -7.64396 -0.00000 0.00000 1.00000 0.00000
1564719022213047 0.99619 -0.08726 0.00000 -353.48698 0.08726 0.99619 -0.00000 -11.08293 -0.00000 0.00000 1.00000 0.00000
1564719022463359 0.99627 -0.08631 0.00000 -355.96374 0.08631 0.99627 -0.00000 -10.83098 -0.00000 0.00000 1.00000 0.00000
1564719022713755 0.99587 -0.09074 0.00000 -358.36425 0.09074 0.99587 -0.00000 -12.40706 -0.00000 0.00000 1.00000 0.00000
1564719022963754 0.99591 -0.09038 0.00000 -360.84089 0.09038 0.99591 -0.00000 -12.29020 -0.00000 0.00000 1.00000 0.00000
1564719023213906 0.99607 -0.08858 0.00000 -363.31594 0.08858 0.99607 -0.00000 -11.65286 -0.00000 0.00000 1.00000 0.00000
1564719023463820 0.99643 -0.08439 0.00000 -365.84611 0.08439 0.99643 -0.00000 -10.11106 -0.00000 0.00000 1.00000 0.00000
1564719023713833 0.99680 -0.07990 0.00000 -368.31986 0.07990 0.99680 -0.00000 -8.53180 -0.00000 0.00000 1.00000 0.00000
1564719023963875 0.99683 -0.07961 0.00000 -370.77689 0.07961 0.99683 -0.00000 -8.38024 -0.00000 0.00000 1.00000 0.00000
1564719024214331 0.99671 -0.08108 0.00000 -373.15906 0.08108 0.99671 -0.00000 -8.96334 -0.00000 0.00000 1.00000 0.00000
1564719024464227 0.99672 -0.08094 0.00000 -375.54856 0.08094 0.99672 -0.00000 -8.90430 -0.00000 0.00000 1.00000 0.00000
1564719024714345 0.99651 -0.08347 0.00000 -377.88516 0.08347 0.99651 -0.00000 -9.91802 -0.00000 0.00000 1.00000 0.00000
1564719024964609 0.99660 -0.08244 0.00000 -380.24770 0.08244 0.99660 -0.00000 -9.49044 -0.00000 0.00000 1.00000 0.00000
1564719025214673 0.99655 -0.08298 0.00000 -382.61067 0.08298 0.99655 -0.00000 -9.78288 -0.00000 0.00000 1.00000 0.00000
1564719025464627 0.99683 -0.07955 0.00000 -384.91035 0.07955 0.99683 -0.00000 -8.55399 -0.00000 0.00000 1.00000 0.00000
1564719025714939 0.99692 -0.07839 0.00000 -387.14968 0.07839 0.99692 -0.00000 -8.11794 -0.00000 0.00000 1.00000 0.00000
1564719025964984 0.99720 -0.07479 0.00000 -389.31478 0.07479 0.99720 -0.00000 -6.70191 -0.00000 0.00000 1.00000 0.00000
1564719026215276 0.99708 -0.07630 0.00000 -391.38949 0.07630 0.99708 -0.00000 -7.30760 -0.00000 0.00000 1.00000 0.00000
1564719026465560 0.99734 -0.07292 0.00000 -393.39428 0.07292 0.99734 -0.00000 -6.01948 -0.00000 0.00000 1.00000 0.00000
1564719026715436 0.99743 -0.07165 0.00000 -395.33822 0.07165 0.99743 -0.00000 -5.50425 -0.00000 0.00000 1.00000 0.00000
1564719026965553 0.99739 -0.07220 0.00000 -397.22141 0.07220 0.99739 -0.00000 -5.77497 -0.00000 0.00000 1.00000 0.00000
1564719027215439 0.99763 -0.06881 0.00000 -399.11396 0.06881 0.99763 -0.00000 -4.42109 -0.00000 0.00000 1.00000 0.00000
1564719027465133 0.99748 -0.07097 0.00000 -400.80986 0.07097 0.99748 -0.00000 -5.24548 -0.00000 0.00000 1.00000 0.00000
1564719027715516 0.99745 -0.07135 0.00000 -402.47819 0.07135 0.99745 -0.00000 -5.41806 -0.00000 0.00000 1.00000 0.00000
1564719027965866 0.99665 -0.08179 0.00000 -404.02429 0.08179 0.99665 -0.00000 -9.64101 -0.00000 0.00000 1.00000 0.00000
1564719028216101 0.99520 -0.09786 0.00000 -405.33063 0.09786 0.99520 -0.00000 -16.14326 -0.00000 0.00000 1.00000 0.00000
1564719028465986 0.99148 -0.13024 0.00000 -406.06273 0.13024 0.99148 -0.00000 -29.33869 -0.00000 0.00000 1.00000 0.00000
1564719028716187 0.98445 -0.17564 0.00000 -405.64833 0.17564 0.98445 -0.00000 -47.90916 -0.00000 0.00000 1.00000 0.00000
1564719028965881 0.97373 -0.22771 0.00000 -403.74990 0.22771 0.97373 -0.00000 -69.33810 -0.00000 0.00000 1.00000 0.00000
1564719029216335 0.95756 -0.28825 0.00000 -399.87550 0.28825 0.95756 -0.00000 -94.41036 -0.00000 0.00000 1.00000 0.00000
1564719029466311 0.93560 -0.35306 0.00000 -393.65568 0.35306 0.93560 -0.00000 -121.51172 -0.00000 0.00000 1.00000 0.00000
1564719029716026 0.90542 -0.42452 0.00000 -384.20131 0.42452 0.90542 -0.00000 -151.59808 -0.00000 0.00000 1.00000 0.00000
1564719029965442 0.86885 -0.49508 0.00000 -372.05727 0.49508 0.86885 -0.00000 -181.57619 -0.00000 0.00000 1.00000 0.00000
1564719030216491 0.82219 -0.56921 0.00000 -355.86522 0.56921 0.82219 -0.00000 -213.34948 -0.00000 0.00000 1.00000 0.00000
1564719030466893 0.76715 -0.64146 0.00000 -336.11502 0.64146 0.76715 -0.00000 -244.64877 -0.00000 0.00000 1.00000 0.00000
1564719030717153 0.71069 -0.70351 0.00000 -315.51988 0.70351 0.71069 -0.00000 -271.87974 -0.00000 0.00000 1.00000 0.00000
1564719030967519 0.65170 -0.75848 0.00000 -293.70132 0.75848 0.65170 -0.00000 -296.34746 -0.00000 0.00000 1.00000 0.00000
1564719031217844 0.59048 -0.80705 0.00000 -270.76721 0.80705 0.59048 -0.00000 -318.27439 -0.00000 0.00000 1.00000 0.00000
1564719031468078 0.53263 -0.84635 0.00000 -248.98445 0.84635 0.53263 -0.00000 -336.37756 -0.00000 0.00000 1.00000 0.00000
1564719031718079 0.47748 -0.87864 0.00000 -228.15301 0.87864 0.47748 -0.00000 -351.60546 -0.00000 0.00000 1.00000 0.00000
1564719031968496 0.42490 -0.90524 0.00000 -208.22940 0.90524 0.42490 -0.00000 -364.37533 -0.00000 0.00000 1.00000 0.00000
1564719032218616 0.37179 -0.92832 0.00000 -187.96316 0.92832 0.37179 -0.00000 -375.70525 -0.00000 0.00000 1.00000 0.00000
1564719032468650 0.33044 -0.94383 0.00000 -172.40761 0.94383 0.33044 -0.00000 -383.69043 -0.00000 0.00000 1.00000 0.00000
1564719032718435 0.28823 -0.95756 0.00000 -156.48172 0.95756 0.28823 -0.00000 -390.93599 -0.00000 0.00000 1.00000 0.00000
1564719032968938 0.24367 -0.96986 0.00000 -139.56692 0.96986 0.24367 -0.00000 -397.71853 -0.00000 0.00000 1.00000 0.00000
1564719033219151 0.19929 -0.97994 0.00000 -122.67841 0.97994 0.19929 -0.00000 -403.63458 -0.00000 0.00000 1.00000 0.00000
1564719033469291 0.15065 -0.98859 0.00000 -104.02091 0.98859 0.15065 -0.00000 -409.14883 -0.00000 0.00000 1.00000 0.00000
1564719033719044 0.10026 -0.99496 0.00000 -84.56798 0.99496 0.10026 -0.00000 -413.86939 -0.00000 0.00000 1.00000 0.00000
1564719033968820 0.05329 -0.99858 0.00000 -66.45208 0.99858 0.05329 -0.00000 -417.38954 -0.00000 0.00000 1.00000 0.00000
1564719034218744 0.01391 -0.99990 0.00000 -51.53471 0.99990 0.01391 -0.00000 -419.67402 -0.00000 0.00000 1.00000 0.00000
1564719034469335 -0.02085 -0.99978 0.00000 -38.52452 0.99978 -0.02085 0.00000 -421.18553 0.00000 0.00000 1.00000 0.00000
1564719034720049 -0.05101 -0.99870 0.00000 -27.48861 0.99870 -0.05101 0.00000 -422.16292 0.00000 0.00000 1.00000 0.00000
1564719034970019 -0.07617 -0.99710 0.00000 -18.56877 0.99710 -0.07617 0.00000 -422.71558 0.00000 0.00000 1.00000 0.00000
1564719035219589 -0.09606 -0.99538 0.00000 -11.88240 0.99538 -0.09606 0.00000 -422.99642 0.00000 0.00000 1.00000 0.00000
1564719035470293 -0.11018 -0.99391 0.00000 -7.70886 0.99391 -0.11018 0.00000 -423.11381 0.00000 0.00000 1.00000 0.00000
1564719035720924 -0.12150 -0.99259 0.00000 -4.78443 0.99259 -0.12150 0.00000 -423.18783 0.00000 0.00000 1.00000 0.00000
1564719035970342 -0.12479 -0.99218 0.00000 -5.33160 0.99218 -0.12479 0.00000 -423.23214 0.00000 0.00000 1.00000 0.00000
1564719036220514 -0.12197 -0.99253 0.00000 -8.52299 0.99253 -0.12197 0.00000 -423.15235 0.00000 0.00000 1.00000 0.00000
1564719036471097 -0.12328 -0.99237 0.00000 -10.02537 0.99237 -0.12328 0.00000 -423.21585 0.00000 0.00000 1.00000 0.00000
1564719036721010 -0.12167 -0.99257 0.00000 -12.81217 0.99257 -0.12167 0.00000 -423.18029 0.00000 0.00000 1.00000 0.00000
1564719036971009 -0.12088 -0.99267 0.00000 -15.31867 0.99267 -0.12088 0.00000 -423.20603 0.00000 0.00000 1.00000 0.00000
1564719037221058 -0.11930 -0.99286 0.00000 -18.20471 0.99286 -0.11930 0.00000 -423.18528 0.00000 0.00000 1.00000 0.00000
1564719037471194 -0.11951 -0.99283 0.00000 -20.36034 0.99283 -0.11951 0.00000 -423.21456 0.00000 0.00000 1.00000 0.00000
1564719037722073 -0.12109 -0.99264 0.00000 -22.02859 0.99264 -0.12109 0.00000 -423.24267 0.00000 0.00000 1.00000 0.00000
1564719037971186 -0.12258 -0.99246 0.00000 -23.72292 0.99246 -0.12258 0.00000 -423.29847 0.00000 0.00000 1.00000 0.00000
1564719038221261 -0.12586 -0.99205 0.00000 -24.72575 0.99205 -0.12586 0.00000 -423.38172 0.00000 0.00000 1.00000 0.00000
1564719038471381 -0.12883 -0.99167 0.00000 -25.85590 0.99167 -0.12883 0.00000 -423.43129 0.00000 0.00000 1.00000 0.00000
1564719038721169 -0.12670 -0.99194 0.00000 -29.13877 0.99194 -0.12670 0.00000 -423.42120 0.00000 0.00000 1.00000 0.00000
1564719038971509 -0.12414 -0.99226 0.00000 -32.62386 0.99226 -0.12414 0.00000 -423.34765 0.00000 0.00000 1.00000 0.00000
1564719039221254 -0.12272 -0.99244 0.00000 -35.67419 0.99244 -0.12272 0.00000 -423.26727 0.00000 0.00000 1.00000 0.00000
1564719039471317 -0.12249 -0.99247 0.00000 -38.28066 0.99247 -0.12249 0.00000 -423.32301 0.00000 0.00000 1.00000 0.00000
1564719039721591 -0.11999 -0.99278 0.00000 -41.80935 0.99278 -0.11999 0.00000 -423.25137 0.00000 0.00000 1.00000 0.00000
1564719039971551 -0.11963 -0.99282 0.00000 -44.50779 0.99282 -0.11963 0.00000 -423.25453 0.00000 0.00000 1.00000 0.00000
1564719040222150 -0.12061 -0.99270 0.00000 -46.64959 0.99270 -0.12061 0.00000 -423.31268 0.00000 0.00000 1.00000 0.00000
1564719040472247 -0.12041 -0.99272 0.00000 -49.34189 0.99272 -0.12041 0.00000 -423.29041 0.00000 0.00000 1.00000 0.00000
1564719040722561 -0.12234 -0.99249 0.00000 -51.13345 0.99249 -0.12234 0.00000 -423.42237 0.00000 0.00000 1.00000 0.00000
1564719040972392 -0.12548 -0.99210 0.00000 -52.45384 0.99210 -0.12548 0.00000 -423.62350 0.00000 0.00000 1.00000 0.00000
1564719041223009 -0.12884 -0.99167 0.00000 -53.72707 0.99167 -0.12884 0.00000 -423.79771 0.00000 0.00000 1.00000 0.00000
1564719041472802 -0.13289 -0.99113 0.00000 -54.67915 0.99113 -0.13289 0.00000 -424.06676 0.00000 0.00000 1.00000 0.00000
1564719041723744 -0.13721 -0.99054 0.00000 -55.59449 0.99054 -0.13721 0.00000 -424.25664 0.00000 0.00000 1.00000 0.00000
1564719041973892 -0.14122 -0.98998 0.00000 -56.69790 0.98998 -0.14122 0.00000 -424.52935 0.00000 0.00000 1.00000 0.00000
1564719042223165 -0.14943 -0.98877 0.00000 -55.94785 0.98877 -0.14943 0.00000 -425.00360 0.00000 0.00000 1.00000 0.00000
1564719042473412 -0.15511 -0.98790 0.00000 -56.37700 0.98790 -0.15511 0.00000 -425.29742 0.00000 0.00000 1.00000 0.00000
1564719042723529 -0.16366 -0.98652 0.00000 -55.54840 0.98652 -0.16366 0.00000 -425.77706 0.00000 0.00000 1.00000 0.00000
1564719042973797 -0.17537 -0.98450 0.00000 -53.41500 0.98450 -0.17537 0.00000 -426.42232 0.00000 0.00000 1.00000 0.00000
1564719043223157 -0.18525 -0.98269 0.00000 -52.05639 0.98269 -0.18525 0.00000 -426.98497 0.00000 0.00000 1.00000 0.00000
1564719043473468 -0.19705 -0.98039 0.00000 -49.85187 0.98039 -0.19705 0.00000 -427.59154 0.00000 0.00000 1.00000 0.00000
1564719043724019 -0.20720 -0.97830 0.00000 -48.39371 0.97830 -0.20720 0.00000 -428.14425 0.00000 0.00000 1.00000 0.00000
1564719043976133 -0.21878 -0.97577 0.00000 -46.31934 0.97577 -0.21878 0.00000 -428.70495 0.00000 0.00000 1.00000 0.00000
1564719044223823 -0.23125 -0.97290 0.00000 -43.84490 0.97290 -0.23125 0.00000 -429.34076 0.00000 0.00000 1.00000 0.00000
1564719044473937 -0.24537 -0.96943 0.00000 -40.64989 0.96943 -0.24537 0.00000 -429.96132 0.00000 0.00000 1.00000 0.00000
1564719044723610 -0.25896 -0.96589 0.00000 -37.64039 0.96589 -0.25896 0.00000 -430.51351 0.00000 0.00000 1.00000 0.00000
1564719044973336 -0.27425 -0.96166 0.00000 -33.91114 0.96166 -0.27425 0.00000 -431.06617 0.00000 0.00000 1.00000 0.00000
1564719045223091 -0.29085 -0.95677 0.00000 -29.52308 0.95677 -0.29085 0.00000 -431.65831 0.00000 0.00000 1.00000 0.00000
1564719045473107 -0.31277 -0.94983 0.00000 -22.69418 0.94983 -0.31277 0.00000 -432.25654 0.00000 0.00000 1.00000 0.00000
1564719045723781 -0.33184 -0.94334 0.00000 -17.13909 0.94334 -0.33184 0.00000 -432.64097 0.00000 0.00000 1.00000 0.00000
1564719045973362 -0.34765 -0.93762 0.00000 -12.99373 0.93762 -0.34765 0.00000 -432.98186 0.00000 0.00000 1.00000 0.00000
1564719046223614 -0.36252 -0.93198 0.00000 -9.30380 0.93198 -0.36252 0.00000 -433.17541 0.00000 0.00000 1.00000 0.00000
1564719046473905 -0.37707 -0.92618 0.00000 -5.71373 0.92618 -0.37707 0.00000 -433.29817 0.00000 0.00000 1.00000 0.00000
1564719046723814 -0.38548 -0.92271 0.00000 -4.98632 0.92271 -0.38548 0.00000 -433.43789 0.00000 0.00000 1.00000 0.00000
1564719046973942 -0.39801 -0.91738 0.00000 -2.29723 0.91738 -0.39801 0.00000 -433.52161 0.00000 0.00000 1.00000 0.00000
1564719047223739 -0.40961 -0.91226 0.00000 -0.02503 0.91226 -0.40961 0.00000 -433.54250 0.00000 0.00000 1.00000 0.00000
1564719047474529 -0.42188 -0.90665 0.00000 2.58568 0.90665 -0.42188 0.00000 -433.53236 0.00000 0.00000 1.00000 0.00000
1564719047724427 -0.43298 -0.90140 0.00000 4.67452 0.90140 -0.43298 0.00000 -433.54349 0.00000 0.00000 1.00000 0.00000
1564719047974199 -0.44409 -0.89598 0.00000 6.74615 0.89598 -0.44409 0.00000 -433.45676 0.00000 0.00000 1.00000 0.00000
1564719048224261 -0.45529 -0.89034 0.00000 8.93927 0.89034 -0.45529 0.00000 -433.39933 0.00000 0.00000 1.00000 0.00000
1564719048474825 -0.46618 -0.88469 0.00000 10.96009 0.88469 -0.46618 0.00000 -433.22156 0.00000 0.00000 1.00000 0.00000
1564719048724790 -0.47646 -0.87919 0.00000 12.69910 0.87919 -0.47646 0.00000 -433.18288 0.00000 0.00000 1.00000 0.00000
1564719048974998 -0.49194 -0.87063 0.00000 17.07750 0.87063 -0.49194 0.00000 -432.91911 0.00000 0.00000 1.00000 0.00000
1564719049225278 -0.50297 -0.86430 0.00000 19.25061 0.86430 -0.50297 0.00000 -432.71896 0.00000 0.00000 1.00000 0.00000
1564719049475311 -0.50976 -0.86032 0.00000 19.35622 0.86032 -0.50976 0.00000 -432.60188 0.00000 0.00000 1.00000 0.00000
1564719049725138 -0.51521 -0.85706 0.00000 18.84403 0.85706 -0.51521 0.00000 -432.46605 0.00000 0.00000 1.00000 0.00000
1564719049976394 -0.51502 -0.85718 0.00000 15.46993 0.85718 -0.51502 0.00000 -432.57122 0.00000 0.00000 1.00000 0.00000
1564719050224893 -0.51462 -0.85742 0.00000 12.08288 0.85742 -0.51462 0.00000 -432.58997 0.00000 0.00000 1.00000 0.00000
1564719050474928 -0.51262 -0.85861 0.00000 7.81775 0.85861 -0.51262 0.00000 -432.66675 0.00000 0.00000 1.00000 0.00000
1564719050724652 -0.51058 -0.85983 0.00000 3.54871 0.85983 -0.51058 0.00000 -432.75152 0.00000 0.00000 1.00000 0.00000
1564719050974480 -0.51140 -0.85934 0.00000 0.83185 0.85934 -0.51140 0.00000 -432.77922 0.00000 0.00000 1.00000 0.00000
1564719051224409 -0.51071 -0.85975 0.00000 -2.70987 0.85975 -0.51071 0.00000 -432.74783 0.00000 0.00000 1.00000 0.00000
1564719051474577 -0.51086 -0.85967 0.00000 -5.79004 0.85967 -0.51086 0.00000 -432.77062 0.00000 0.00000 1.00000 0.00000
1564719051724565 -0.51052 -0.85986 0.00000 -9.12811 0.85986 -0.51052 0.00000 -432.79043 0.00000 0.00000 1.00000 0.00000
1564719051974990 -0.51093 -0.85962 0.00000 -12.03281 0.85962 -0.51093 0.00000 -432.77063 0.00000 0.00000 1.00000 0.00000
1564719052224948 -0.51186 -0.85907 0.00000 -14.66964 0.85907 -0.51186 0.00000 -432.88612 0.00000 0.00000 1.00000 0.00000
1564719052475318 -0.51445 -0.85752 0.00000 -16.48593 0.85752 -0.51445 0.00000 -432.88450 0.00000 0.00000 1.00000 0.00000
1564719052725208 -0.51513 -0.85711 0.00000 -19.20808 0.85711 -0.51513 0.00000 -432.89286 0.00000 0.00000 1.00000 0.00000
1564719052974913 -0.51666 -0.85619 0.00000 -21.52024 0.85619 -0.51666 0.00000 -433.01731 0.00000 0.00000 1.00000 0.00000
1564719053227306 -0.51837 -0.85516 0.00000 -23.73085 0.85516 -0.51837 0.00000 -433.03370 0.00000 0.00000 1.00000 0.00000
1564719053476835 -0.51937 -0.85455 0.00000 -26.25299 0.85455 -0.51937 0.00000 -433.05055 0.00000 0.00000 1.00000 0.00000
1564719053728886 -0.52524 -0.85096 0.00000 -26.29036 0.85096 -0.52524 0.00000 -433.24817 0.00000 0.00000 1.00000 0.00000
1564719053976661 -0.52664 -0.85009 0.00000 -28.60766 0.85009 -0.52664 0.00000 -433.26762 0.00000 0.00000 1.00000 0.00000
1564719054226472 -0.52955 -0.84828 0.00000 -30.18023 0.84828 -0.52955 0.00000 -433.45236 0.00000 0.00000 1.00000 0.00000
1564719054476670 -0.53358 -0.84575 0.00000 -31.10732 0.84575 -0.53358 0.00000 -433.58351 0.00000 0.00000 1.00000 0.00000
1564719054727490 -0.53698 -0.84359 0.00000 -32.33934 0.84359 -0.53698 0.00000 -433.75030 0.00000 0.00000 1.00000 0.00000
1564719054977946 -0.54239 -0.84013 0.00000 -32.55511 0.84013 -0.54239 0.00000 -433.95931 0.00000 0.00000 1.00000 0.00000
1564719055228208 -0.54902 -0.83581 0.00000 -32.14415 0.83581 -0.54902 0.00000 -434.26479 0.00000 0.00000 1.00000 0.00000
1564719055478045 -0.55414 -0.83242 0.00000 -32.46209 0.83242 -0.55414 0.00000 -434.41938 0.00000 0.00000 1.00000 0.00000
1564719055727260 -0.56094 -0.82785 0.00000 -31.92120 0.82785 -0.56094 0.00000 -434.70890 0.00000 0.00000 1.00000 0.00000
1564719055977614 -0.56640 -0.82413 0.00000 -32.03935 0.82413 -0.56640 0.00000 -434.87839 0.00000 0.00000 1.00000 0.00000
1564719056227725 -0.57481 -0.81828 0.00000 -30.56144 0.81828 -0.57481 0.00000 -435.26614 0.00000 0.00000 1.00000 0.00000
1564719056477542 -0.58429 -0.81154 0.00000 -28.51062 0.81154 -0.58429 0.00000 -435.57608 0.00000 0.00000 1.00000 0.00000
1564719056726953 -0.59270 -0.80542 0.00000 -26.98473 0.80542 -0.59270 0.00000 -435.86011 0.00000 0.00000 1.00000 0.00000
1564719056976181 -0.60057 -0.79957 0.00000 -25.67560 0.79957 -0.60057 0.00000 -436.10813 0.00000 0.00000 1.00000 0.00000
1564719057226842 -0.60954 -0.79276 0.00000 -23.73572 0.79276 -0.60954 0.00000 -436.39883 0.00000 0.00000 1.00000 0.00000
1564719057477803 -0.61558 -0.78808 0.00000 -23.47704 0.78808 -0.61558 0.00000 -436.66710 0.00000 0.00000 1.00000 0.00000
1564719057727384 -0.62402 -0.78141 0.00000 -21.81033 0.78141 -0.62402 0.00000 -436.99700 0.00000 0.00000 1.00000 0.00000
1564719057977368 -0.63242 -0.77462 0.00000 -20.03840 0.77462 -0.63242 0.00000 -437.19097 0.00000 0.00000 1.00000 0.00000
1564719058227362 -0.63812 -0.76994 0.00000 -19.84163 0.76994 -0.63812 0.00000 -437.32585 0.00000 0.00000 1.00000 0.00000
1564719058477223 -0.64489 -0.76428 0.00000 -19.01179 0.76428 -0.64489 0.00000 -437.56267 0.00000 0.00000 1.00000 0.00000
1564719058727111 -0.64908 -0.76072 0.00000 -19.61930 0.76072 -0.64908 0.00000 -437.72661 0.00000 0.00000 1.00000 0.00000
1564719058976991 -0.65126 -0.75885 0.00000 -21.36609 0.75885 -0.65126 0.00000 -437.82114 0.00000 0.00000 1.00000 0.00000
1564719059227814 -0.65349 -0.75693 0.00000 -23.09249 0.75693 -0.65349 0.00000 -437.91809 0.00000 0.00000 1.00000 0.00000
1564719059477374 -0.65483 -0.75578 0.00000 -25.32454 0.75578 -0.65483 0.00000 -438.00224 0.00000 0.00000 1.00000 0.00000
1564719059727903 -0.65772 -0.75326 0.00000 -26.67561 0.75326 -0.65772 0.00000 -438.13082 0.00000 0.00000 1.00000 0.00000
1564719059978041 -0.65983 -0.75142 0.00000 -28.41242 0.75142 -0.65983 0.00000 -438.26951 0.00000 0.00000 1.00000 0.00000
1564719060228565 -0.66176 -0.74972 0.00000 -30.28432 0.74972 -0.66176 0.00000 -438.34454 0.00000 0.00000 1.00000 0.00000
