1638109091394315 1.00000 0.00000 0.00000 -0.00000 0.00000 -1.00000 0.00000 0.00000 0.00000 -0.00000 -1.00000 0.00000
1638109091643729 1.00000 0.00013 0.00000 -0.00113 0.00013 -1.00000 0.00000 -0.00151 0.00000 -0.00000 -1.00000 -0.00000
1638109091893277 1.00000 0.00017 -0.00000 -0.00380 0.00017 -1.00000 0.00000 -0.00085 0.00000 -0.00000 -1.00000 -0.00000
1638109092142502 1.00000 0.00001 0.00000 0.00773 0.00001 -1.00000 0.00000 -0.00009 0.00000 -0.00000 -1.00000 -0.00000
1638109092391825 1.00000 -0.00010 0.00000 0.00359 -0.00010 -1.00000 0.00000 -0.00400 -0.00000 -0.00000 -1.00000 -0.00000
1638109092641038 1.00000 -0.00014 0.00000 0.00492 -0.00014 -1.00000 0.00000 -0.00138 -0.00000 -0.00000 -1.00000 -0.00000
1638109092890268 1.00000 0.00002 0.00000 0.00313 0.00002 -1.00000 0.00000 -0.00376 0.00000 -0.00000 -1.00000 -0.00000
1638109093139126 1.00000 -0.00003 -0.00000 0.00021 -0.00003 -1.00000 0.00000 -0.00015 -0.00000 -0.00000 -1.00000 -0.00000
1638109093388458 1.00000 -0.00003 0.00000 0.00403 -0.00003 -1.00000 0.00000 -0.00433 -0.00000 -0.00000 -1.00000 -0.00000
1638109093637852 1.00000 -0.00011 0.00000 0.01154 -0.00011 -1.00000 0.00000 -0.00436 -0.00000 -0.00000 -1.00000 -0.00000
1638109093887253 1.00000 -0.00035 0.00000 0.01196 -0.00035 -1.00000 0.00000 -0.00457 -0.00000 -0.00000 -1.00000 -0.00000
1638109094136790 1.00000 -0.00015 0.00000 0.01579 -0.00015 -1.00000 0.00000 -0.00153 -0.00000 -0.00000 -1.00000 -0.00000
1638109094386050 1.00000 -0.00022 -0.00000 0.01202 -0.00022 -1.00000 0.00000 0.00017 -0.00000 -0.00000 -1.00000 0.00000
1638109094635179 1.00000 -0.00019 -0.00000 -0.00545 -0.00019 -1.00000 0.00000 -0.01175 -0.00000 -0.00000 -1.00000 -0.00000
1638109094884238 1.00000 -0.00054 0.00000 -0.04670 -0.00054 -1.00000 0.00000 -0.00203 -0.00000 -0.00000 -1.00000 -0.00000
1638109095133440 1.00000 -0.00031 0.00000 -0.06276 -0.00031 -1.00000 0.00000 -0.00220 -0.00000 -0.00000 -1.00000 -0.00000
1638109095382438 1.00000 -0.00069 -0.00000 -0.06568 -0.00069 -1.00000 0.00000 -0.00934 -0.00000 -0.00000 -1.00000 -0.00000
1638109095631469 1.00000 -0.00066 0.00000 -0.06929 -0.00066 -1.00000 0.00000 -0.00717 -0.00000 -0.00000 -1.00000 -0.00000
1638109095880930 1.00000 -0.00058 0.00000 -0.06491 -0.00058 -1.00000 0.00000 -0.01599 -0.00000 -0.00000 -1.00000 -0.00000
1638109096130372 1.00000 -0.00084 0.00000 -0.05928 -0.00084 -1.00000 0.00000 0.00253 -0.00000 -0.00000 -1.00000 0.00000
1638109096379704 1.00000 -0.00065 0.00000 -0.07339 -0.00065 -1.00000 0.00000 -0.00639 -0.00000 -0.00000 -1.00000 -0.00000
1638109096629270 1.00000 -0.00075 0.00000 -0.08489 -0.00075 -1.00000 0.00000 -0.00722 -0.00000 -0.00000 -1.00000 -0.00000
1638109096878528 1.00000 -0.00044 0.00000 -0.09239 -0.00044 -1.00000 0.00000 -0.01727 -0.00000 -0.00000 -1.00000 -0.00000
1638109097127821 1.00000 -0.00113 0.00000 -0.08216 -0.00113 -1.00000 0.00000 -0.00925 -0.00000 -0.00000 -1.00000 -0.00000
1638109097376950 1.00000 -0.00148 0.00000 -0.07772 -0.00148 -1.00000 0.00000 -0.01282 -0.00000 -0.00000 -1.00000 -0.00000
1638109097626128 1.00000 -0.00168 -0.00000 -0.09174 -0.00168 -1.00000 0.00000 -0.02696 -0.00000 -0.00000 -1.00000 -0.00000
1638109097875276 1.00000 -0.00199 0.00000 -0.09137 -0.00199 -1.00000 0.00000 -0.01723 -0.00000 -0.00000 -1.00000 -0.00000
1638109098124308 1.00000 -0.00246 0.00000 -0.11052 -0.00246 -1.00000 0.00000 -0.01526 -0.00000 -0.00000 -1.00000 -0.00000
1638109098373734 0.99999 -0.00387 0.00000 -0.15772 -0.00387 -0.99999 0.00000 -0.03781 -0.00000 -0.00000 -1.00000 -0.00000
1638109098623048 0.99997 -0.00718 0.00000 -0.19804 -0.00718 -0.99997 0.00000 -0.02946 -0.00000 -0.00000 -1.00000 -0.00000
1638109098872281 0.99994 -0.01137 0.00000 -0.28652 -0.01137 -0.99994 0.00000 0.01878 -0.00000 -0.00000 -1.00000 0.00000
1638109099121531 0.99988 -0.01549 0.00000 -0.44090 -0.01549 -0.99988 0.00000 -0.01618 -0.00000 -0.00000 -1.00000 -0.00000
1638109099370868 0.99976 -0.02182 0.00000 -0.47719 -0.02182 -0.99976 0.00000 -0.03318 -0.00000 -0.00000 -1.00000 -0.00000
1638109099620187 0.99947 -0.03270 -0.00000 -0.53495 -0.03270 -0.99947 0.00000 -0.00620 -0.00000 -0.00000 -1.00000 -0.00000
1638109099869074 0.99903 -0.04401 0.00000 -0.78182 -0.04401 -0.99903 0.00000 -0.03902 -0.00000 -0.00000 -1.00000 -0.00000
1638109100118051 0.99851 -0.05461 0.00000 -1.05671 -0.05461 -0.99851 0.00000 -0.04385 -0.00000 -0.00000 -1.00000 -0.00000
1638109100367294 0.99787 -0.06519 0.00000 -1.24172 -0.06519 -0.99787 0.00000 -0.02072 -0.00000 -0.00000 -1.00000 -0.00000
1638109100616471 0.99661 -0.08221 0.00000 -1.45033 -0.08221 -0.99661 0.00000 -0.04440 -0.00000 -0.00000 -1.00000 -0.00000
1638109100865842 0.99501 -0.09977 0.00000 -1.66366 -0.09977 -0.99501 0.00000 -0.01216 -0.00000 -0.00000 -1.00000 -0.00000
1638109101115173 0.99332 -0.11537 0.00000 -1.88663 -0.11537 -0.99332 0.00000 0.00189 -0.00000 -0.00000 -1.00000 0.00000
1638109101364247 0.99112 -0.13299 0.00000 -2.15532 -0.13299 -0.99112 0.00000 0.05180 -0.00000 -0.00000 -1.00000 0.00000
1638109101613256 0.98834 -0.15224 -0.00000 -2.42873 -0.15224 -0.98834 0.00000 0.10339 -0.00000 -0.00000 -1.00000 0.00000
1638109101862467 0.98478 -0.17382 -0.00000 -2.68496 -0.17382 -0.98478 0.00000 0.10520 -0.00000 -0.00000 -1.00000 0.00000
1638109102111597 0.98128 -0.19261 0.00000 -3.09013 -0.19261 -0.98128 0.00000 0.12954 -0.00000 -0.00000 -1.00000 0.00000
1638109102360579 0.97821 -0.20760 -0.00000 -3.41884 -0.20760 -0.97821 0.00000 0.16331 -0.00000 -0.00000 -1.00000 0.00000
1638109102609659 0.97485 -0.22286 0.00000 -3.85199 -0.22286 -0.97485 0.00000 0.16996 -0.00000 -0.00000 -1.00000 0.00000
1638109102858604 0.97200 -0.23499 0.00000 -4.26173 -0.23499 -0.97200 0.00000 0.17908 -0.00000 -0.00000 -1.00000 0.00000
1638109103107777 0.96866 -0.24840 -0.00000 -4.71881 -0.24840 -0.96866 0.00000 0.24750 -0.00000 -0.00000 -1.00000 0.00000
1638109103356836 0.96534 -0.26098 0.00000 -5.14463 -0.26098 -0.96534 0.00000 0.32319 -0.00000 -0.00000 -1.00000 0.00000
1638109103605984 0.96257 -0.27104 0.00000 -5.64734 -0.27104 -0.96257 0.00000 0.35974 -0.00000 -0.00000 -1.00000 0.00000
1638109103855127 0.96113 -0.27609 -0.00000 -6.11415 -0.27609 -0.96113 0.00000 0.31318 -0.00000 -0.00000 -1.00000 0.00000
1638109104104130 0.95926 -0.28254 0.00000 -6.62371 -0.28254 -0.95926 0.00000 0.35068 -0.00000 -0.00000 -1.00000 0.00000
1638109104353491 0.95827 -0.28587 -0.00000 -7.13025 -0.28587 -0.95827 0.00000 0.36655 -0.00000 -0.00000 -1.00000 0.00000
1638109104602602 0.95844 -0.28530 0.00000 -7.63182 -0.28530 -0.95844 0.00000 0.33400 -0.00000 -0.00000 -1.00000 0.00000
1638109104851654 0.95898 -0.28348 -0.00000 -8.22276 -0.28348 -0.95898 0.00000 0.36367 -0.00000 -0.00000 -1.00000 0.00000
1638109105100670 0.95880 -0.28407 0.00000 -8.78778 -0.28407 -0.95880 0.00000 0.34162 -0.00000 -0.00000 -1.00000 0.00000
1638109105349906 0.95923 -0.28264 0.00000 -9.36281 -0.28264 -0.95923 0.00000 0.31886 -0.00000 -0.00000 -1.00000 0.00000
1638109105598977 0.96118 -0.27594 0.00000 -9.94054 -0.27594 -0.96118 0.00000 0.24913 -0.00000 -0.00000 -1.00000 0.00000
1638109105848217 0.96187 -0.27351 -0.00000 -10.54949 -0.27351 -0.96187 0.00000 0.20936 -0.00000 -0.00000 -1.00000 0.00000
1638109106097341 0.96165 -0.27427 0.00000 -11.09654 -0.27427 -0.96165 0.00000 0.21208 -0.00000 -0.00000 -1.00000 0.00000
1638109106346513 0.96274 -0.27043 0.00000 -11.62665 -0.27043 -0.96274 0.00000 0.12065 -0.00000 -0.00000 -1.00000 0.00000
1638109106595554 0.96241 -0.27160 0.00000 -12.21396 -0.27160 -0.96241 0.00000 0.15037 -0.00000 -0.00000 -1.00000 0.00000
1638109106844825 0.96249 -0.27132 0.00000 -12.74037 -0.27132 -0.96249 0.00000 0.09823 -0.00000 -0.00000 -1.00000 0.00000
1638109107094044 0.96394 -0.26612 0.00000 -13.33478 -0.26612 -0.96394 0.00000 0.04205 -0.00000 -0.00000 -1.00000 0.00000
1638109107343070 0.96503 -0.26212 0.00000 -13.84540 -0.26212 -0.96503 0.00000 -0.01651 -0.00000 -0.00000 -1.00000 -0.00000
1638109107592050 0.96744 -0.25309 0.00000 -14.43471 -0.25309 -0.96744 0.00000 -0.17157 -0.00000 -0.00000 -1.00000 -0.00000
1638109107841252 0.97005 -0.24291 -0.00000 -15.08679 -0.24291 -0.97005 0.00000 -0.32193 -0.00000 -0.00000 -1.00000 -0.00000
1638109108090576 0.97332 -0.22946 0.00000 -15.70450 -0.22946 -0.97332 0.00000 -0.47274 -0.00000 -0.00000 -1.00000 -0.00000
1638109108339766 0.97524 -0.22116 0.00000 -16.34593 -0.22116 -0.97524 0.00000 -0.61915 -0.00000 -0.00000 -1.00000 -0.00000
1638109108588864 0.97722 -0.21225 0.00000 -17.00473 -0.21225 -0.97722 0.00000 -0.82407 -0.00000 -0.00000 -1.00000 -0.00000
1638109108837959 0.97836 -0.20691 0.00000 -17.72335 -0.20691 -0.97836 0.00000 -0.97389 -0.00000 -0.00000 -1.00000 -0.00000
1638109109086997 0.97866 -0.20547 -0.00000 -18.53431 -0.20547 -0.97866 0.00000 -1.03346 -0.00000 -0.00000 -1.00000 -0.00000
1638109109336117 0.98039 -0.19706 0.00000 -19.31063 -0.19706 -0.98039 0.00000 -1.17580 -0.00000 -0.00000 -1.00000 -0.00000
1638109109585232 0.98227 -0.18745 0.00000 -20.09224 -0.18745 -0.98227 0.00000 -1.34041 -0.00000 -0.00000 -1.00000 -0.00000
1638109109834578 0.98384 -0.17906 -0.00000 -20.93539 -0.17906 -0.98384 0.00000 -1.52371 -0.00000 -0.00000 -1.00000 -0.00000
1638109110083533 0.98488 -0.17326 -0.00000 -21.81635 -0.17326 -0.98488 0.00000 -1.64493 -0.00000 -0.00000 -1.00000 -0.00000
1638109110332911 0.98563 -0.16890 0.00000 -22.72315 -0.16890 -0.98563 0.00000 -1.79564 -0.00000 -0.00000 -1.00000 -0.00000
1638109110582010 0.98720 -0.15950 -0.00000 -23.62989 -0.15950 -0.98720 0.00000 -2.01989 -0.00000 -0.00000 -1.00000 -0.00000
1638109110831213 0.98832 -0.15242 0.00000 -24.58618 -0.15242 -0.98832 0.00000 -2.20337 -0.00000 -0.00000 -1.00000 -0.00000
1638109111080250 0.98881 -0.14919 0.00000 -25.56943 -0.14919 -0.98881 0.00000 -2.31020 -0.00000 -0.00000 -1.00000 -0.00000
1638109111329265 0.98965 -0.14348 0.00000 -26.51990 -0.14348 -0.98965 0.00000 -2.47786 -0.00000 -0.00000 -1.00000 -0.00000
1638109111578283 0.99064 -0.13654 0.00000 -27.49789 -0.13654 -0.99064 0.00000 -2.65738 -0.00000 -0.00000 -1.00000 -0.00000
1638109111827383 0.99089 -0.13467 -0.00000 -28.58306 -0.13467 -0.99089 0.00000 -2.73214 -0.00000 -0.00000 -1.00000 -0.00000
1638109112076391 0.99155 -0.12973 0.00000 -29.66669 -0.12973 -0.99155 0.00000 -2.94219 -0.00000 -0.00000 -1.00000 -0.00000
1638109112325546 0.99281 -0.11968 0.00000 -30.78357 -0.11968 -0.99281 0.00000 -3.25395 -0.00000 -0.00000 -1.00000 -0.00000
1638109112574767 0.99382 -0.11102 0.00000 -31.92690 -0.11102 -0.99382 0.00000 -3.54650 -0.00000 -0.00000 -1.00000 -0.00000
1638109112823807 0.99483 -0.10159 0.00000 -33.04869 -0.10159 -0.99483 0.00000 -3.92010 -0.00000 -0.00000 -1.00000 -0.00000
1638109113073364 0.99525 -0.09731 0.00000 -34.23599 -0.09731 -0.99525 0.00000 -4.07383 -0.00000 -0.00000 -1.00000 -0.00000
1638109113322474 0.99611 -0.08811 -0.00000 -35.45249 -0.08811 -0.99611 0.00000 -4.40705 -0.00000 -0.00000 -1.00000 -0.00000
1638109113571872 0.99693 -0.07832 -0.00000 -36.72829 -0.07832 -0.99693 0.00000 -4.77460 -0.00000 -0.00000 -1.00000 -0.00000
1638109113821521 0.99754 -0.07011 0.00000 -37.94667 -0.07011 -0.99754 0.00000 -5.12144 -0.00000 -0.00000 -1.00000 -0.00000
1638109114071079 0.99811 -0.06144 -0.00000 -39.19773 -0.06144 -0.99811 0.00000 -5.48995 -0.00000 -0.00000 -1.00000 -0.00000
1638109114320301 0.99855 -0.05387 0.00000 -40.41936 -0.05387 -0.99855 0.00000 -5.74779 -0.00000 -0.00000 -1.00000 -0.00000
1638109114569773 0.99890 -0.04692 0.00000 -41.76812 -0.04692 -0.99890 0.00000 -6.09911 -0.00000 -0.00000 -1.00000 -0.00000
1638109114819626 0.99912 -0.04197 0.00000 -43.01182 -0.04197 -0.99912 0.00000 -6.32323 -0.00000 -0.00000 -1.00000 -0.00000
1638109115068659 0.99888 -0.04727 0.00000 -44.35195 -0.04727 -0.99888 0.00000 -6.00187 -0.00000 -0.00000 -1.00000 -0.00000
1638109115317450 0.99877 -0.04957 0.00000 -45.66903 -0.04957 -0.99877 0.00000 -5.96696 -0.00000 -0.00000 -1.00000 -0.00000
1638109115566517 0.99856 -0.05359 -0.00000 -47.13825 -0.05359 -0.99856 0.00000 -5.86787 -0.00000 -0.00000 -1.00000 -0.00000
1638109115815908 0.99857 -0.05347 0.00000 -48.49922 -0.05347 -0.99857 0.00000 -5.96171 -0.00000 -0.00000 -1.00000 -0.00000
1638109116065629 0.99849 -0.05493 0.00000 -49.96553 -0.05493 -0.99849 0.00000 -5.89332 -0.00000 -0.00000 -1.00000 -0.00000
1638109116314898 0.99858 -0.05320 -0.00000 -51.34618 -0.05320 -0.99858 0.00000 -6.05409 -0.00000 -0.00000 -1.00000 -0.00000
1638109116563831 0.99841 -0.05641 0.00000 -52.79896 -0.05641 -0.99841 0.00000 -5.86764 -0.00000 -0.00000 -1.00000 -0.00000
1638109116813198 0.99831 -0.05813 0.00000 -54.21871 -0.05813 -0.99831 0.00000 -5.77691 -0.00000 -0.00000 -1.00000 -0.00000
1638109117062357 0.99828 -0.05865 -0.00000 -55.68592 -0.05865 -0.99828 0.00000 -5.79431 -0.00000 -0.00000 -1.00000 -0.00000
1638109117311927 0.99827 -0.05887 -0.00000 -57.13210 -0.05887 -0.99827 0.00000 -5.91915 -0.00000 -0.00000 -1.00000 -0.00000
1638109117561184 0.99833 -0.05771 0.00000 -58.58515 -0.05771 -0.99833 0.00000 -5.99275 -0.00000 -0.00000 -1.00000 -0.00000
1638109117810939 0.99858 -0.05321 0.00000 -60.02884 -0.05321 -0.99858 0.00000 -6.23232 -0.00000 -0.00000 -1.00000 -0.00000
1638109118060236 0.99856 -0.05365 -0.00000 -61.54532 -0.05365 -0.99856 0.00000 -6.29772 -0.00000 -0.00000 -1.00000 -0.00000
1638109118309453 0.99856 -0.05371 -0.00000 -63.07086 -0.05371 -0.99856 0.00000 -6.35734 -0.00000 -0.00000 -1.00000 -0.00000
1638109118559313 0.99857 -0.05340 0.00000 -64.57598 -0.05340 -0.99857 0.00000 -6.41887 -0.00000 -0.00000 -1.00000 -0.00000
1638109118808819 0.99860 -0.05288 0.00000 -66.14571 -0.05288 -0.99860 0.00000 -6.48368 -0.00000 -0.00000 -1.00000 -0.00000
1638109119058320 0.99866 -0.05175 0.00000 -67.64156 -0.05175 -0.99866 0.00000 -6.54058 -0.00000 -0.00000 -1.00000 -0.00000
1638109119307602 0.99856 -0.05366 0.00000 -69.20563 -0.05366 -0.99856 0.00000 -6.42715 -0.00000 -0.00000 -1.00000 -0.00000
1638109119556838 0.99859 -0.05311 0.00000 -70.77342 -0.05311 -0.99859 0.00000 -6.46702 -0.00000 -0.00000 -1.00000 -0.00000
1638109119806287 0.99869 -0.05118 0.00000 -72.35224 -0.05118 -0.99869 0.00000 -6.60392 -0.00000 -0.00000 -1.00000 -0.00000
1638109120055798 0.99859 -0.05302 0.00000 -73.97423 -0.05302 -0.99859 0.00000 -6.54277 -0.00000 -0.00000 -1.00000 -0.00000
1638109120305155 0.99856 -0.05367 0.00000 -75.66970 -0.05367 -0.99856 0.00000 -6.49113 -0.00000 -0.00000 -1.00000 -0.00000
1638109120554548 0.99816 -0.06063 0.00000 -77.37909 -0.06063 -0.99816 0.00000 -5.97138 -0.00000 -0.00000 -1.00000 -0.00000
1638109120803798 0.99748 -0.07100 0.00000 -79.12472 -0.07100 -0.99748 0.00000 -5.24363 -0.00000 -0.00000 -1.00000 -0.00000
1638109121053070 0.99658 -0.08259 0.00000 -80.91205 -0.08259 -0.99658 0.00000 -4.30679 -0.00000 -0.00000 -1.00000 -0.00000
1638109121302804 0.99571 -0.09256 0.00000 -82.69627 -0.09256 -0.99571 0.00000 -3.51777 -0.00000 -0.00000 -1.00000 -0.00000
1638109121552191 0.99332 -0.11543 0.00000 -84.45960 -0.11543 -0.99332 0.00000 -1.61574 -0.00000 -0.00000 -1.00000 -0.00000
1638109121801491 0.98976 -0.14271 0.00000 -86.27959 -0.14271 -0.98976 0.00000 0.63165 -0.00000 -0.00000 -1.00000 0.00000
1638109122051359 0.98564 -0.16883 0.00000 -88.00436 -0.16883 -0.98564 0.00000 2.88688 -0.00000 -0.00000 -1.00000 0.00000
1638109122300843 0.98091 -0.19446 -0.00000 -89.71333 -0.19446 -0.98091 0.00000 5.16984 -0.00000 -0.00000 -1.00000 0.00000
1638109122550674 0.97584 -0.21850 0.00000 -91.41521 -0.21850 -0.97584 0.00000 7.30621 -0.00000 -0.00000 -1.00000 0.00000
1638109122800312 0.96876 -0.24801 0.00000 -92.93110 -0.24801 -0.96876 0.00000 10.08417 -0.00000 -0.00000 -1.00000 0.00000
1638109123049232 0.96097 -0.27666 0.00000 -94.41302 -0.27666 -0.96097 0.00000 12.78238 -0.00000 -0.00000 -1.00000 0.00000
1638109123298540 0.95241 -0.30481 0.00000 -95.81181 -0.30481 -0.95241 0.00000 15.55817 -0.00000 -0.00000 -1.00000 0.00000
1638109123548027 0.94253 -0.33411 0.00000 -97.10745 -0.33411 -0.94253 0.00000 18.53371 -0.00000 -0.00000 -1.00000 0.00000
1638109123797394 0.92481 -0.38044 -0.00000 -97.90114 -0.38044 -0.92481 0.00000 23.35598 -0.00000 -0.00000 -1.00000 0.00000
1638109124047139 0.89904 -0.43786 -0.00000 -98.07188 -0.43786 -0.89904 0.00000 29.47411 -0.00000 -0.00000 -1.00000 0.00000
1638109124296458 0.86773 -0.49703 0.00000 -97.71724 -0.49703 -0.86773 0.00000 35.87872 -0.00000 -0.00000 -1.00000 0.00000
1638109124545901 0.83026 -0.55738 0.00000 -96.70483 -0.55738 -0.83026 0.00000 42.61628 -0.00000 -0.00000 -1.00000 0.00000
1638109124795233 0.79141 -0.61128 0.00000 -95.54977 -0.61128 -0.79141 0.00000 48.93585 -0.00000 -0.00000 -1.00000 0.00000
1638109125045367 0.75487 -0.65588 0.00000 -94.33587 -0.65588 -0.75487 0.00000 54.40798 -0.00000 -0.00000 -1.00000 0.00000
1638109125294789 0.71187 -0.70231 0.00000 -92.43736 -0.70231 -0.71187 0.00000 60.34110 -0.00000 -0.00000 -1.00000 0.00000
1638109125544255 0.66687 -0.74517 0.00000 -90.18297 -0.74517 -0.66687 0.00000 65.97790 -0.00000 -0.00000 -1.00000 0.00000
1638109125793982 0.62378 -0.78160 0.00000 -88.07974 -0.78160 -0.62378 0.00000 70.94296 -0.00000 -0.00000 -1.00000 0.00000
1638109126043416 0.57619 -0.81731 -0.00000 -85.38089 -0.81731 -0.57619 0.00000 76.10221 -0.00000 -0.00000 -1.00000 0.00000
1638109126292901 0.52606 -0.85045 0.00000 -82.30941 -0.85045 -0.52606 0.00000 81.01838 -0.00000 -0.00000 -1.00000 0.00000
1638109126541739 0.48051 -0.87699 0.00000 -79.52196 -0.87699 -0.48051 0.00000 85.24165 -0.00000 -0.00000 -1.00000 0.00000
1638109126791297 0.43351 -0.90115 0.00000 -76.55239 -0.90115 -0.43351 0.00000 89.26997 -0.00000 -0.00000 -1.00000 0.00000
1638109127040688 0.37993 -0.92501 0.00000 -72.67721 -0.92501 -0.37993 0.00000 93.60955 -0.00000 -0.00000 -1.00000 0.00000
1638109127289832 0.32238 -0.94661 0.00000 -68.35014 -0.94661 -0.32238 0.00000 97.84013 -0.00000 -0.00000 -1.00000 0.00000
1638109127538548 0.27311 -0.96198 0.00000 -64.81007 -0.96198 -0.27311 0.00000 101.17382 -0.00000 -0.00000 -1.00000 0.00000
1638109127787278 0.25382 -0.96725 0.00000 -64.26879 -0.96725 -0.25382 0.00000 102.30967 -0.00000 -0.00000 -1.00000 0.00000
1638109128036238 0.25291 -0.96749 0.00000 -65.75251 -0.96749 -0.25291 0.00000 102.44530 -0.00000 -0.00000 -1.00000 0.00000
1638109128285171 0.25741 -0.96630 0.00000 -67.81390 -0.96630 -0.25741 0.00000 102.17690 -0.00000 -0.00000 -1.00000 0.00000
1638109128534104 0.26204 -0.96506 0.00000 -69.93361 -0.96506 -0.26204 0.00000 101.78264 -0.00000 -0.00000 -1.00000 0.00000
1638109128783163 0.27370 -0.96182 0.00000 -72.82002 -0.96182 -0.27370 0.00000 100.87381 -0.00000 -0.00000 -1.00000 0.00000
1638109129032162 0.28617 -0.95818 0.00000 -75.79651 -0.95818 -0.28617 0.00000 99.89019 -0.00000 -0.00000 -1.00000 0.00000
1638109129281083 0.29844 -0.95443 -0.00000 -78.72014 -0.95443 -0.29844 0.00000 98.87919 -0.00000 -0.00000 -1.00000 0.00000
1638109129530314 0.30829 -0.95129 -0.00000 -81.39667 -0.95129 -0.30829 0.00000 98.00533 -0.00000 -0.00000 -1.00000 0.00000
1638109129779503 0.31969 -0.94752 0.00000 -84.19814 -0.94752 -0.31969 0.00000 97.07314 -0.00000 -0.00000 -1.00000 0.00000
1638109130028917 0.33134 -0.94351 -0.00000 -86.86424 -0.94351 -0.33134 0.00000 95.98430 -0.00000 -0.00000 -1.00000 0.00000
1638109130278382 0.34084 -0.94012 -0.00000 -89.23230 -0.94012 -0.34084 0.00000 95.03907 -0.00000 -0.00000 -1.00000 0.00000
1638109130527901 0.35042 -0.93659 0.00000 -91.56094 -0.93659 -0.35042 0.00000 94.11062 -0.00000 -0.00000 -1.00000 0.00000
1638109130777498 0.35658 -0.93426 0.00000 -93.38955 -0.93426 -0.35658 0.00000 93.55138 -0.00000 -0.00000 -1.00000 0.00000
1638109131026916 0.36419 -0.93132 0.00000 -95.13789 -0.93132 -0.36419 0.00000 92.70360 -0.00000 -0.00000 -1.00000 0.00000
1638109131275718 0.36801 -0.92982 0.00000 -96.50952 -0.92982 -0.36801 0.00000 92.35388 -0.00000 -0.00000 -1.00000 0.00000
1638109131525383 0.37517 -0.92696 0.00000 -98.01588 -0.92696 -0.37517 0.00000 91.53873 -0.00000 -0.00000 -1.00000 0.00000
1638109131775072 0.37980 -0.92507 0.00000 -99.24017 -0.92507 -0.37980 0.00000 91.02328 -0.00000 -0.00000 -1.00000 0.00000
1638109132024696 0.38460 -0.92308 -0.00000 -100.30678 -0.92308 -0.38460 0.00000 90.49786 -0.00000 -0.00000 -1.00000 0.00000
1638109132274092 0.38777 -0.92175 0.00000 -101.15037 -0.92175 -0.38777 0.00000 90.14985 -0.00000 -0.00000 -1.00000 0.00000
1638109132523641 0.39060 -0.92056 0.00000 -101.81844 -0.92056 -0.39060 0.00000 89.86249 -0.00000 -0.00000 -1.00000 0.00000
1638109132772799 0.39140 -0.92022 0.00000 -102.21457 -0.92022 -0.39140 0.00000 89.78468 -0.00000 -0.00000 -1.00000 0.00000
1638109133021671 0.39451 -0.91889 -0.00000 -102.81921 -0.91889 -0.39451 0.00000 89.41345 -0.00000 -0.00000 -1.00000 0.00000
1638109133270381 0.39640 -0.91808 0.00000 -103.33379 -0.91808 -0.39640 0.00000 89.19850 -0.00000 -0.00000 -1.00000 0.00000
1638109133519536 0.39788 -0.91744 -0.00000 -103.78725 -0.91744 -0.39788 0.00000 88.99372 -0.00000 -0.00000 -1.00000 0.00000
1638109133768348 0.39833 -0.91724 0.00000 -104.22564 -0.91724 -0.39833 0.00000 88.95404 -0.00000 -0.00000 -1.00000 0.00000
1638109134017261 0.40393 -0.91479 0.00000 -105.21974 -0.91479 -0.40393 0.00000 88.32382 -0.00000 -0.00000 -1.00000 0.00000
1638109134266427 0.40666 -0.91358 0.00000 -105.99224 -0.91358 -0.40666 0.00000 87.95351 -0.00000 -0.00000 -1.00000 0.00000
1638109134515351 0.40769 -0.91312 -0.00000 -106.61601 -0.91312 -0.40769 0.00000 87.82335 -0.00000 -0.00000 -1.00000 0.00000
1638109134764559 0.41134 -0.91148 0.00000 -107.62065 -0.91148 -0.41134 0.00000 87.41404 -0.00000 -0.00000 -1.00000 0.00000
1638109135013926 0.41332 -0.91058 0.00000 -108.52227 -0.91058 -0.41332 0.00000 87.16511 -0.00000 -0.00000 -1.00000 0.00000
1638109135262898 0.41919 -0.90790 0.00000 -109.85882 -0.90790 -0.41919 0.00000 86.43736 -0.00000 -0.00000 -1.00000 0.00000
1638109135512043 0.42206 -0.90657 0.00000 -110.98062 -0.90657 -0.42206 0.00000 86.02919 -0.00000 -0.00000 -1.00000 0.00000
1638109135761013 0.42624 -0.90461 0.00000 -112.22348 -0.90461 -0.42624 0.00000 85.55049 -0.00000 -0.00000 -1.00000 0.00000
1638109136010020 0.42900 -0.90330 -0.00000 -113.38329 -0.90330 -0.42900 0.00000 85.14342 -0.00000 -0.00000 -1.00000 0.00000
1638109136259041 0.43478 -0.90054 0.00000 -114.84504 -0.90054 -0.43478 0.00000 84.39499 -0.00000 -0.00000 -1.00000 0.00000
1638109136507693 0.44291 -0.89657 0.00000 -116.52370 -0.89657 -0.44291 0.00000 83.28958 -0.00000 -0.00000 -1.00000 0.00000
1638109136756218 0.44908 -0.89349 0.00000 -118.19082 -0.89349 -0.44908 0.00000 82.53312 -0.00000 -0.00000 -1.00000 0.00000
1638109137005069 0.45648 -0.88973 0.00000 -119.90839 -0.88973 -0.45648 0.00000 81.54031 -0.00000 -0.00000 -1.00000 0.00000
1638109137253796 0.46481 -0.88541 -0.00000 -121.71357 -0.88541 -0.46481 0.00000 80.40455 -0.00000 -0.00000 -1.00000 0.00000
1638109137502898 0.47405 -0.88050 0.00000 -123.59288 -0.88050 -0.47405 0.00000 79.10736 -0.00000 -0.00000 -1.00000 0.00000
1638109137752070 0.48301 -0.87562 0.00000 -125.39111 -0.87562 -0.48301 0.00000 77.84939 -0.00000 -0.00000 -1.00000 0.00000
1638109138001013 0.49490 -0.86895 0.00000 -127.43019 -0.86895 -0.49490 0.00000 76.06754 -0.00000 -0.00000 -1.00000 0.00000
1638109138250015 0.50530 -0.86294 0.00000 -129.35135 -0.86294 -0.50530 0.00000 74.50793 -0.00000 -0.00000 -1.00000 0.00000
1638109138499283 0.51736 -0.85577 0.00000 -131.40950 -0.85577 -0.51736 0.00000 72.67937 -0.00000 -0.00000 -1.00000 0.00000
1638109138748074 0.53033 -0.84779 -0.00000 -133.51755 -0.84779 -0.53033 0.00000 70.67593 -0.00000 -0.00000 -1.00000 0.00000
1638109138996774 0.54412 -0.83901 0.00000 -135.70518 -0.83901 -0.54412 0.00000 68.46030 -0.00000 -0.00000 -1.00000 0.00000
1638109139245764 0.56251 -0.82679 0.00000 -138.19978 -0.82679 -0.56251 0.00000 65.37955 -0.00000 -0.00000 -1.00000 0.00000
1638109139494600 0.58478 -0.81119 0.00000 -140.95060 -0.81119 -0.58478 0.00000 61.62368 -0.00000 -0.00000 -1.00000 0.00000
1638109139743674 0.61177 -0.79103 0.00000 -144.04400 -0.79103 -0.61177 0.00000 56.86299 -0.00000 -0.00000 -1.00000 0.00000
1638109139992830 0.64173 -0.76693 0.00000 -147.13629 -0.76693 -0.64173 0.00000 51.18641 -0.00000 -0.00000 -1.00000 0.00000
1638109140241588 0.67342 -0.73926 0.00000 -150.17878 -0.73926 -0.67342 0.00000 45.00242 -0.00000 -0.00000 -1.00000 0.00000
1638109140490461 0.71268 -0.70149 0.00000 -153.36162 -0.70149 -0.71268 0.00000 36.78214 -0.00000 -0.00000 -1.00000 0.00000
1638109140739675 0.75976 -0.65021 0.00000 -156.60139 -0.65021 -0.75976 0.00000 25.97513 -0.00000 -0.00000 -1.00000 0.00000
1638109140988647 0.81265 -0.58275 -0.00000 -159.20630 -0.58275 -0.81265 0.00000 12.44203 -0.00000 -0.00000 -1.00000 0.00000
1638109141237360 0.86288 -0.50541 0.00000 -160.62281 -0.50541 -0.86288 0.00000 -2.25879 -0.00000 -0.00000 -1.00000 -0.00000
1638109141486224 0.91301 -0.40793 0.00000 -160.32146 -0.40793 -0.91301 0.00000 -19.81731 -0.00000 -0.00000 -1.00000 -0.00000
1638109141735287 0.95451 -0.29817 -0.00000 -157.81130 -0.29817 -0.95451 0.00000 -38.44208 -0.00000 -0.00000 -1.00000 -0.00000
1638109141984298 0.98358 -0.18050 0.00000 -152.87806 -0.18050 -0.98358 0.00000 -57.26540 -0.00000 -0.00000 -1.00000 -0.00000
1638109142232935 0.99874 -0.05014 0.00000 -144.93088 -0.05014 -0.99874 0.00000 -76.84452 -0.00000 -0.00000 -1.00000 -0.00000
1638109142482197 0.99663 0.08206 0.00000 -134.35461 0.08206 -0.99663 0.00000 -95.19657 0.00000 -0.00000 -1.00000 -0.00000
1638109142731115 0.97479 0.22311 0.00000 -120.26917 0.22311 -0.97479 0.00000 -113.37993 0.00000 -0.00000 -1.00000 -0.00000
1638109142980629 0.93512 0.35432 -0.00000 -104.51749 0.35432 -0.93512 0.00000 -128.71014 0.00000 -0.00000 -1.00000 -0.00000
1638109143230082 0.87818 0.47833 0.00000 -86.83503 0.47833 -0.87818 0.00000 -141.74891 0.00000 -0.00000 -1.00000 -0.00000
1638109143479211 0.80349 0.59532 0.00000 -67.11549 0.59532 -0.80349 0.00000 -152.35056 0.00000 -0.00000 -1.00000 -0.00000
1638109143728343 0.71277 0.70140 0.00000 -46.03348 0.70140 -0.71277 0.00000 -160.17227 0.00000 -0.00000 -1.00000 -0.00000
1638109143977758 0.61302 0.79006 0.00000 -25.02252 0.79006 -0.61302 0.00000 -164.90647 0.00000 -0.00000 -1.00000 -0.00000
1638109144227145 0.50046 0.86576 -0.00000 -3.26773 0.86576 -0.50046 0.00000 -166.66069 0.00000 -0.00000 -1.00000 -0.00000
1638109144476133 0.37989 0.92503 0.00000 18.34734 0.92503 -0.37989 0.00000 -165.60127 0.00000 -0.00000 -1.00000 -0.00000
1638109144725143 0.25678 0.96647 0.00000 38.94063 0.96647 -0.25678 0.00000 -161.81506 0.00000 -0.00000 -1.00000 -0.00000
1638109144974009 0.12511 0.99214 0.00000 59.54339 0.99214 -0.12511 0.00000 -155.12694 0.00000 -0.00000 -1.00000 -0.00000
1638109145223114 -0.01090 0.99994 -0.00000 79.30066 0.99994 0.01090 0.00000 -145.64385 0.00000 0.00000 -1.00000 -0.00000
1638109145472296 -0.15479 0.98795 0.00000 98.67303 0.98795 0.15479 0.00000 -132.68789 0.00000 0.00000 -1.00000 -0.00000
1638109145721242 -0.29398 0.95581 0.00000 115.68578 0.95581 0.29398 0.00000 -117.19620 0.00000 0.00000 -1.00000 -0.00000
1638109145970233 -0.42143 0.90686 -0.00000 129.71890 0.90686 0.42143 0.00000 -100.39138 0.00000 0.00000 -1.00000 -0.00000
1638109146219563 -0.53336 0.84589 0.00000 140.49302 0.84589 0.53336 0.00000 -83.01520 0.00000 0.00000 -1.00000 -0.00000
1638109146469110 -0.62655 0.77938 0.00000 148.17184 0.77938 0.62655 0.00000 -66.42653 0.00000 0.00000 -1.00000 -0.00000
1638109146718733 -0.70243 0.71176 0.00000 153.14276 0.71176 0.70243 0.00000 -50.92645 0.00000 0.00000 -1.00000 -0.00000
1638109146968025 -0.75832 0.65189 0.00000 155.79273 0.65189 0.75832 0.00000 -38.32387 0.00000 0.00000 -1.00000 -0.00000
1638109147217453 -0.79940 0.60080 -0.00000 157.05450 0.60080 0.79940 0.00000 -27.99588 0.00000 0.00000 -1.00000 -0.00000
1638109147466900 -0.82972 0.55817 0.00000 157.25217 0.55817 0.82972 0.00000 -19.71105 0.00000 0.00000 -1.00000 -0.00000
1638109147715914 -0.85515 0.51837 -0.00000 157.04916 0.51837 0.85515 0.00000 -12.36999 0.00000 0.00000 -1.00000 -0.00000
1638109147965172 -0.87998 0.47500 0.00000 156.38730 0.47500 0.87998 0.00000 -4.36429 0.00000 0.00000 -1.00000 -0.00000
1638109148214709 -0.89812 0.43976 0.00000 155.40709 0.43976 0.89812 0.00000 1.74830 0.00000 0.00000 -1.00000 0.00000
1638109148464137 -0.90930 0.41615 0.00000 154.12244 0.41615 0.90930 0.00000 5.81696 0.00000 0.00000 -1.00000 0.00000
1638109148713582 -0.91494 0.40359 0.00000 152.91224 0.40359 0.91494 0.00000 7.93603 0.00000 0.00000 -1.00000 0.00000
1638109148962738 -0.91563 0.40203 0.00000 151.75297 0.40203 0.91563 0.00000 8.10860 0.00000 0.00000 -1.00000 0.00000
1638109149211997 -0.90786 0.41928 -0.00000 150.72239 0.41928 0.90786 0.00000 5.32420 0.00000 0.00000 -1.00000 0.00000
1638109149461277 -0.89420 0.44767 0.00000 149.74840 0.44767 0.89420 0.00000 0.46746 0.00000 0.00000 -1.00000 0.00000
1638109149710324 -0.87554 0.48314 -0.00000 148.45232 0.48314 0.87554 0.00000 -5.48174 0.00000 0.00000 -1.00000 -0.00000
1638109149959641 -0.85112 0.52497 0.00000 146.83281 0.52497 0.85112 0.00000 -12.73376 0.00000 0.00000 -1.00000 -0.00000
1638109150208635 -0.82271 0.56846 0.00000 144.84920 0.56846 0.82271 0.00000 -20.31240 0.00000 0.00000 -1.00000 -0.00000
1638109150457534 -0.79187 0.61068 0.00000 142.32269 0.61068 0.79187 0.00000 -27.88254 0.00000 0.00000 -1.00000 -0.00000
1638109150706526 -0.76240 0.64710 0.00000 139.65854 0.64710 0.76240 0.00000 -34.59838 0.00000 0.00000 -1.00000 -0.00000
1638109150955460 -0.73187 0.68144 0.00000 136.65639 0.68144 0.73187 0.00000 -40.95150 0.00000 0.00000 -1.00000 -0.00000
1638109151204554 -0.70439 0.70981 0.00000 133.62190 0.70981 0.70439 0.00000 -46.35226 0.00000 0.00000 -1.00000 -0.00000
1638109151453509 -0.67760 0.73543 0.00000 130.49749 0.73543 0.67760 0.00000 -51.31500 0.00000 0.00000 -1.00000 -0.00000
1638109151702713 -0.65116 0.75894 0.00000 127.36705 0.75894 0.65116 0.00000 -55.98976 0.00000 0.00000 -1.00000 -0.00000
1638109151951997 -0.61743 0.78663 0.00000 123.43855 0.78663 0.61743 0.00000 -61.49636 0.00000 0.00000 -1.00000 -0.00000
1638109152200905 -0.58567 0.81055 0.00000 119.57071 0.81055 0.58567 0.00000 -66.38602 0.00000 0.00000 -1.00000 -0.00000
1638109152449928 -0.55439 0.83226 0.00000 115.62598 0.83226 0.55439 0.00000 -70.95065 0.00000 0.00000 -1.00000 -0.00000
1638109152698940 -0.52075 0.85371 0.00000 111.34110 0.85371 0.52075 0.00000 -75.41113 0.00000 0.00000 -1.00000 -0.00000
1638109152947891 -0.49041 0.87149 -0.00000 107.27015 0.87149 0.49041 0.00000 -79.37622 0.00000 0.00000 -1.00000 -0.00000
1638109153197196 -0.46122 0.88728 0.00000 103.17021 0.88728 0.46122 0.00000 -82.91897 0.00000 0.00000 -1.00000 -0.00000
1638109153446531 -0.42873 0.90343 0.00000 98.66579 0.90343 0.42873 0.00000 -86.53286 0.00000 0.00000 -1.00000 -0.00000
1638109153695765 -0.39933 0.91681 -0.00000 94.46004 0.91681 0.39933 0.00000 -89.81798 0.00000 0.00000 -1.00000 -0.00000
1638109153944694 -0.37357 0.92760 0.00000 90.57012 0.92760 0.37357 0.00000 -92.39755 0.00000 0.00000 -1.00000 -0.00000
1638109154193627 -0.35834 0.93359 0.00000 87.55695 0.93359 0.35834 0.00000 -93.90840 0.00000 0.00000 -1.00000 -0.00000
1638109154442630 -0.34379 0.93905 0.00000 84.76479 0.93905 0.34379 0.00000 -95.36609 0.00000 0.00000 -1.00000 -0.00000
1638109154691876 -0.32826 0.94459 -0.00000 81.83598 0.94459 0.32826 0.00000 -96.75708 0.00000 0.00000 -1.00000 -0.00000
1638109154940711 -0.31594 0.94878 0.00000 79.26769 0.94878 0.31594 0.00000 -97.82271 0.00000 0.00000 -1.00000 -0.00000
1638109155189745 -0.30210 0.95328 0.00000 76.51377 0.95328 0.30210 0.00000 -99.04499 0.00000 0.00000 -1.00000 -0.00000
1638109155438754 -0.28784 0.95768 -0.00000 73.72051 0.95768 0.28784 0.00000 -100.16620 0.00000 0.00000 -1.00000 -0.00000
1638109155687638 -0.28122 0.95964 0.00000 71.73905 0.95964 0.28122 0.00000 -100.68380 0.00000 0.00000 -1.00000 -0.00000
1638109155936431 -0.28746 0.95779 0.00000 71.11232 0.95779 0.28746 0.00000 -100.18913 0.00000 0.00000 -1.00000 -0.00000
1638109156185642 -0.29326 0.95603 -0.00000 70.45801 0.95603 0.29326 0.00000 -99.85967 0.00000 0.00000 -1.00000 -0.00000
1638109156434855 -0.30174 0.95339 0.00000 70.04873 0.95339 0.30174 0.00000 -99.27206 0.00000 0.00000 -1.00000 -0.00000
1638109156683911 -0.31372 0.94951 0.00000 70.01874 0.94951 0.31372 0.00000 -98.40772 0.00000 0.00000 -1.00000 -0.00000
1638109156932921 -0.32581 0.94544 0.00000 70.02551 0.94544 0.32581 0.00000 -97.50520 0.00000 0.00000 -1.00000 -0.00000
1638109157181509 -0.34985 0.93681 0.00000 71.17533 0.93681 0.34985 0.00000 -95.67117 0.00000 0.00000 -1.00000 -0.00000
1638109157430285 -0.37098 0.92864 0.00000 72.08505 0.92864 0.37098 0.00000 -94.15230 0.00000 0.00000 -1.00000 -0.00000
1638109157679296 -0.39695 0.91784 0.00000 73.46890 0.91784 0.39695 0.00000 -92.10517 0.00000 0.00000 -1.00000 -0.00000
1638109157928430 -0.42084 0.90713 0.00000 74.64000 0.90713 0.42084 0.00000 -90.17302 0.00000 0.00000 -1.00000 -0.00000
1638109158177377 -0.44457 0.89575 0.00000 75.68032 0.89575 0.44457 0.00000 -88.19658 0.00000 0.00000 -1.00000 -0.00000
1638109158426002 -0.47039 0.88246 0.00000 76.94180 0.88246 0.47039 0.00000 -85.99528 0.00000 0.00000 -1.00000 -0.00000
1638109158675648 -0.49176 0.87073 0.00000 77.70238 0.87073 0.49176 0.00000 -84.06203 0.00000 0.00000 -1.00000 -0.00000
1638109158924604 -0.51535 0.85698 -0.00000 78.73613 0.85698 0.51535 0.00000 -82.05640 0.00000 0.00000 -1.00000 -0.00000
1638109159173723 -0.53544 0.84457 0.00000 79.27045 0.84457 0.53544 0.00000 -80.13975 0.00000 0.00000 -1.00000 -0.00000
1638109159423022 -0.55661 0.83077 0.00000 80.03151 0.83077 0.55661 0.00000 -78.18697 0.00000 0.00000 -1.00000 -0.00000
1638109159672133 -0.57882 0.81546 0.00000 80.80610 0.81546 0.57882 0.00000 -75.97967 0.00000 0.00000 -1.00000 -0.00000
1638109159921504 -0.60167 0.79874 0.00000 81.65031 0.79874 0.60167 0.00000 -73.71932 0.00000 0.00000 -1.00000 -0.00000
1638109160171036 -0.62286 0.78233 0.00000 82.33141 0.78233 0.62286 0.00000 -71.40412 0.00000 0.00000 -1.00000 -0.00000
1638109160419866 -0.64652 0.76290 0.00000 83.22895 0.76290 0.64652 0.00000 -68.91363 0.00000 0.00000 -1.00000 -0.00000
1638109160669006 -0.67494 0.73787 0.00000 84.62995 0.73787 0.67494 0.00000 -65.68663 0.00000 0.00000 -1.00000 -0.00000
1638109160918080 -0.71270 0.70147 -0.00000 86.63230 0.70147 0.71270 0.00000 -61.22203 0.00000 0.00000 -1.00000 -0.00000
1638109161166985 -0.75007 0.66136 -0.00000 88.63684 0.66136 0.75007 0.00000 -56.36041 0.00000 0.00000 -1.00000 -0.00000
1638109161415807 -0.78683 0.61717 0.00000 90.46242 0.61717 0.78683 0.00000 -51.27949 0.00000 0.00000 -1.00000 -0.00000
1638109161664772 -0.82041 0.57178 0.00000 91.97244 0.57178 0.82041 0.00000 -46.08309 0.00000 0.00000 -1.00000 -0.00000
1638109161913820 -0.85074 0.52559 0.00000 93.18797 0.52559 0.85074 0.00000 -40.89590 0.00000 0.00000 -1.00000 -0.00000
1638109162162801 -0.87880 0.47718 0.00000 94.14826 0.47718 0.87880 0.00000 -35.74372 0.00000 0.00000 -1.00000 -0.00000
1638109162412101 -0.90099 0.43383 0.00000 94.50563 0.43383 0.90099 0.00000 -31.13598 0.00000 0.00000 -1.00000 -0.00000
1638109162661488 -0.92175 0.38778 0.00000 94.71076 0.38778 0.92175 0.00000 -26.33693 0.00000 0.00000 -1.00000 -0.00000
1638109162910372 -0.93958 0.34233 -0.00000 94.66116 0.34233 0.93958 0.00000 -21.70567 0.00000 0.00000 -1.00000 -0.00000
1638109163159152 -0.95278 0.30366 0.00000 94.28768 0.30366 0.95278 0.00000 -17.81196 0.00000 0.00000 -1.00000 -0.00000
1638109163408720 -0.96382 0.26654 0.00000 93.62553 0.26654 0.96382 0.00000 -14.10365 0.00000 0.00000 -1.00000 -0.00000
1638109163657951 -0.97160 0.23665 0.00000 92.75185 0.23665 0.97160 0.00000 -11.23965 0.00000 0.00000 -1.00000 -0.00000
1638109163907133 -0.97716 0.21251 0.00000 91.66924 0.21251 0.97716 0.00000 -8.85057 0.00000 0.00000 -1.00000 -0.00000
1638109164156471 -0.98312 0.18297 -0.00000 90.65076 0.18297 0.98312 0.00000 -6.13919 0.00000 0.00000 -1.00000 -0.00000
1638109164405638 -0.98890 0.14858 0.00000 89.47902 0.14858 0.98890 0.00000 -3.03864 0.00000 0.00000 -1.00000 -0.00000
1638109164654972 -0.99302 0.11799 0.00000 88.25938 0.11799 0.99302 0.00000 -0.24512 0.00000 0.00000 -1.00000 -0.00000
1638109164904686 -0.99566 0.09307 0.00000 86.93476 0.09307 0.99566 0.00000 1.88837 0.00000 0.00000 -1.00000 0.00000
1638109165153578 -0.99701 0.07723 0.00000 85.61643 0.07723 0.99701 0.00000 3.39486 0.00000 0.00000 -1.00000 0.00000
1638109165403460 -0.99794 0.06409 0.00000 84.24062 0.06409 0.99794 0.00000 4.34709 0.00000 0.00000 -1.00000 0.00000
1638109165652803 -0.99855 0.05387 0.00000 82.96722 0.05387 0.99855 0.00000 5.27710 0.00000 0.00000 -1.00000 0.00000
1638109165902030 -0.99891 0.04667 0.00000 81.79303 0.04667 0.99891 0.00000 5.87002 0.00000 0.00000 -1.00000 0.00000
1638109166151063 -0.99921 0.03981 0.00000 80.46850 0.03981 0.99921 0.00000 6.42821 0.00000 0.00000 -1.00000 0.00000
1638109166399879 -0.99935 0.03599 0.00000 79.32651 0.03599 0.99935 0.00000 6.70689 0.00000 0.00000 -1.00000 0.00000
1638109166649022 -0.99951 0.03119 -0.00000 78.11846 0.03119 0.99951 0.00000 7.08124 0.00000 0.00000 -1.00000 0.00000
1638109166898119 -0.99959 0.02870 0.00000 77.00426 0.02870 0.99959 0.00000 7.28961 0.00000 0.00000 -1.00000 0.00000
1638109167146934 -0.99967 0.02572 -0.00000 75.88970 0.02572 0.99967 0.00000 7.47460 0.00000 0.00000 -1.00000 0.00000
1638109167395931 -0.99973 0.02311 0.00000 74.74441 0.02311 0.99973 0.00000 7.68516 0.00000 0.00000 -1.00000 0.00000
1638109167644836 -0.99979 0.02033 0.00000 73.56155 0.02033 0.99979 0.00000 7.81126 0.00000 0.00000 -1.00000 0.00000
1638109167893969 -0.99978 0.02080 0.00000 72.43477 0.02080 0.99978 0.00000 7.82388 0.00000 0.00000 -1.00000 0.00000
1638109168143100 -0.99982 0.01910 0.00000 71.24014 0.01910 0.99982 0.00000 7.94582 0.00000 0.00000 -1.00000 0.00000
1638109168391890 -0.99984 0.01776 0.00000 70.04756 0.01776 0.99984 0.00000 8.03037 0.00000 0.00000 -1.00000 0.00000
1638109168641064 -0.99978 0.02104 0.00000 68.84808 0.02104 0.99978 0.00000 7.80180 0.00000 0.00000 -1.00000 0.00000
1638109168890400 -0.99978 0.02092 -0.00000 67.71178 0.02092 0.99978 0.00000 7.81161 0.00000 0.00000 -1.00000 0.00000
1638109169139533 -0.99985 0.01759 -0.00000 66.42070 0.01759 0.99985 0.00000 7.96147 0.00000 0.00000 -1.00000 0.00000
1638109169388530 -0.99969 0.02480 0.00000 65.22537 0.02480 0.99969 0.00000 7.40880 0.00000 0.00000 -1.00000 0.00000
1638109169637895 -0.99974 0.02262 -0.00000 63.95352 0.02262 0.99974 0.00000 7.54699 0.00000 0.00000 -1.00000 0.00000
1638109169887330 -0.99978 0.02114 0.00000 62.65437 0.02114 0.99978 0.00000 7.64274 0.00000 0.00000 -1.00000 0.00000
1638109170136555 -0.99970 0.02435 0.00000 61.35596 0.02435 0.99970 0.00000 7.28864 0.00000 0.00000 -1.00000 0.00000
1638109170385812 -0.99973 0.02325 0.00000 60.07082 0.02325 0.99973 0.00000 7.40625 0.00000 0.00000 -1.00000 0.00000
1638109170635206 -0.99968 0.02545 0.00000 58.79248 0.02545 0.99968 0.00000 7.16505 0.00000 0.00000 -1.00000 0.00000
1638109170884684 -0.99962 0.02746 0.00000 57.52297 0.02746 0.99962 0.00000 7.02579 0.00000 0.00000 -1.00000 0.00000
1638109171133660 -0.99948 0.03233 0.00000 56.29167 0.03233 0.99948 0.00000 6.74129 0.00000 0.00000 -1.00000 0.00000
1638109171383024 -0.99956 0.02964 0.00000 54.99101 0.02964 0.99956 0.00000 6.78745 0.00000 0.00000 -1.00000 0.00000
1638109171632397 -0.99937 0.03548 0.00000 53.70981 0.03548 0.99937 0.00000 6.45967 0.00000 0.00000 -1.00000 0.00000
1638109171881623 -0.99926 0.03851 0.00000 52.47162 0.03851 0.99926 0.00000 6.30813 0.00000 0.00000 -1.00000 0.00000
1638109172130815 -0.99899 0.04498 0.00000 51.23047 0.04498 0.99899 0.00000 5.93952 0.00000 0.00000 -1.00000 0.00000
1638109172379901 -0.99841 0.05632 0.00000 50.03283 0.05632 0.99841 0.00000 5.25029 0.00000 0.00000 -1.00000 0.00000
1638109172629129 -0.99777 0.06668 0.00000 48.85648 0.06668 0.99777 0.00000 4.74872 0.00000 0.00000 -1.00000 0.00000
1638109172878190 -0.99710 0.07612 0.00000 47.64341 0.07612 0.99710 0.00000 4.25109 0.00000 0.00000 -1.00000 0.00000
1638109173127393 -0.99681 0.07976 0.00000 46.35707 0.07976 0.99681 0.00000 4.09034 0.00000 0.00000 -1.00000 0.00000
1638109173376868 -0.99585 0.09098 0.00000 45.14839 0.09098 0.99585 0.00000 3.45765 0.00000 0.00000 -1.00000 0.00000
