1607108459751583 1.00000 0.00000 0.00000 -0.00000 0.00000 -1.00000 0.00000 0.00000 0.00000 -0.00000 -1.00000 0.00000
1607108460001584 1.00000 0.00272 0.00000 -0.15803 0.00272 -1.00000 0.00000 0.01892 0.00000 -0.00000 -1.00000 0.00000
1607108460251588 0.99999 0.00429 0.00000 -0.36320 0.00429 -0.99999 0.00000 -0.01467 0.00000 -0.00000 -1.00000 -0.00000
1607108460501597 0.99999 0.00472 0.00000 -0.71037 0.00472 -0.99999 0.00000 -0.00121 0.00000 -0.00000 -1.00000 -0.00000
1607108460751643 0.99998 0.00673 0.00000 -1.18310 0.00673 -0.99998 0.00000 0.00565 0.00000 -0.00000 -1.00000 0.00000
1607108461001602 0.99998 0.00667 0.00000 -1.73030 0.00667 -0.99998 0.00000 -0.01958 0.00000 -0.00000 -1.00000 -0.00000
1607108461251604 0.99991 0.01357 0.00000 -2.37301 0.01357 -0.99991 0.00000 0.02806 0.00000 -0.00000 -1.00000 0.00000
1607108461501606 0.99971 0.02415 0.00000 -3.12935 0.02415 -0.99971 0.00000 -0.10436 0.00000 -0.00000 -1.00000 -0.00000
1607108461751615 0.99954 0.03018 0.00000 -3.97029 0.03018 -0.99954 0.00000 -0.16104 0.00000 -0.00000 -1.00000 -0.00000
1607108462002243 0.99950 0.03153 0.00000 -4.84883 0.03153 -0.99950 0.00000 -0.05004 0.00000 -0.00000 -1.00000 -0.00000
1607108462251630 0.99928 0.03795 -0.00000 -5.82178 0.03795 -0.99928 0.00000 -0.14378 0.00000 -0.00000 -1.00000 -0.00000
1607108462502253 0.99871 0.05072 0.00000 -6.87717 0.05072 -0.99871 0.00000 -0.25024 0.00000 -0.00000 -1.00000 -0.00000
1607108462752252 0.99838 0.05683 -0.00000 -7.93074 0.05683 -0.99838 0.00000 -0.26740 0.00000 -0.00000 -1.00000 -0.00000
1607108463002259 0.99850 0.05469 -0.00000 -9.03260 0.05469 -0.99850 0.00000 -0.31297 0.00000 -0.00000 -1.00000 -0.00000
1607108463252260 0.99830 0.05833 0.00000 -10.21741 0.05833 -0.99830 0.00000 -0.30347 0.00000 -0.00000 -1.00000 -0.00000
1607108463502262 0.99811 0.06151 0.00000 -11.44902 0.06151 -0.99811 0.00000 -0.37080 0.00000 -0.00000 -1.00000 -0.00000
1607108463752263 0.99821 0.05986 0.00000 -12.73472 0.05986 -0.99821 0.00000 -0.34479 0.00000 -0.00000 -1.00000 -0.00000
1607108464002271 0.99811 0.06152 -0.00000 -14.03498 0.06152 -0.99811 0.00000 -0.33746 0.00000 -0.00000 -1.00000 -0.00000
1607108464252274 0.99791 0.06467 0.00000 -15.37965 0.06467 -0.99791 0.00000 -0.48728 0.00000 -0.00000 -1.00000 -0.00000
1607108464502274 0.99710 0.07611 0.00000 -16.83713 0.07611 -0.99710 0.00000 -0.67633 0.00000 -0.00000 -1.00000 -0.00000
1607108464752279 0.99721 0.07468 0.00000 -18.37368 0.07468 -0.99721 0.00000 -0.63591 0.00000 -0.00000 -1.00000 -0.00000
1607108465002281 0.99720 0.07473 0.00000 -19.80126 0.07473 -0.99720 0.00000 -0.70616 0.00000 -0.00000 -1.00000 -0.00000
1607108465251665 0.99690 0.07874 0.00000 -21.42249 0.07874 -0.99690 0.00000 -0.73478 0.00000 -0.00000 -1.00000 -0.00000
1607108465502294 0.99647 0.08393 0.00000 -22.99198 0.08393 -0.99647 0.00000 -0.87938 0.00000 -0.00000 -1.00000 -0.00000
1607108465751672 0.99553 0.09442 -0.00000 -24.49891 0.09442 -0.99553 0.00000 -1.16495 0.00000 -0.00000 -1.00000 -0.00000
1607108466002299 0.99514 0.09844 0.00000 -26.03314 0.09844 -0.99514 0.00000 -1.26590 0.00000 -0.00000 -1.00000 -0.00000
1607108466252299 0.99576 0.09195 0.00000 -27.68292 0.09195 -0.99576 0.00000 -1.08870 0.00000 -0.00000 -1.00000 -0.00000
1607108466502306 0.99522 0.09762 -0.00000 -29.21012 0.09762 -0.99522 0.00000 -1.34060 0.00000 -0.00000 -1.00000 -0.00000
1607108466752306 0.99519 0.09791 0.00000 -30.88685 0.09791 -0.99519 0.00000 -1.33617 0.00000 -0.00000 -1.00000 -0.00000
1607108467002314 0.99528 0.09709 0.00000 -32.61352 0.09709 -0.99528 0.00000 -1.40180 0.00000 -0.00000 -1.00000 -0.00000
1607108467252312 0.99576 0.09204 -0.00000 -34.24888 0.09204 -0.99576 0.00000 -1.34512 0.00000 -0.00000 -1.00000 -0.00000
1607108467502326 0.99557 0.09397 -0.00000 -35.99181 0.09397 -0.99557 0.00000 -1.47639 0.00000 -0.00000 -1.00000 -0.00000
1607108467752324 0.99574 0.09223 0.00000 -37.74786 0.09223 -0.99574 0.00000 -1.30667 0.00000 -0.00000 -1.00000 -0.00000
1607108468002329 0.99592 0.09019 0.00000 -39.50664 0.09019 -0.99592 0.00000 -1.21870 0.00000 -0.00000 -1.00000 -0.00000
1607108468252326 0.99608 0.08848 0.00000 -41.34239 0.08848 -0.99608 0.00000 -1.20047 0.00000 -0.00000 -1.00000 -0.00000
1607108468502329 0.99636 0.08529 0.00000 -43.17897 0.08529 -0.99636 0.00000 -1.12667 0.00000 -0.00000 -1.00000 -0.00000
1607108468751755 0.99596 0.08982 0.00000 -44.85838 0.08982 -0.99596 0.00000 -1.43384 0.00000 -0.00000 -1.00000 -0.00000
1607108469001713 0.99528 0.09703 0.00000 -46.76507 0.09703 -0.99528 0.00000 -1.77152 0.00000 -0.00000 -1.00000 -0.00000
1607108469251718 0.99587 0.09083 0.00000 -48.59792 0.09083 -0.99587 0.00000 -1.47670 0.00000 -0.00000 -1.00000 -0.00000
1607108469501719 0.99483 0.10152 0.00000 -50.34244 0.10152 -0.99483 0.00000 -2.02166 0.00000 -0.00000 -1.00000 -0.00000
1607108469751730 0.99445 0.10522 0.00000 -52.15106 0.10522 -0.99445 0.00000 -2.30200 0.00000 -0.00000 -1.00000 -0.00000
1607108470001733 0.99483 0.10160 0.00000 -53.92264 0.10160 -0.99483 0.00000 -2.20314 0.00000 -0.00000 -1.00000 -0.00000
1607108470252366 0.99574 0.09222 0.00000 -55.78216 0.09222 -0.99574 0.00000 -1.55505 0.00000 -0.00000 -1.00000 -0.00000
1607108470502362 0.99599 0.08950 -0.00000 -57.53152 0.08950 -0.99599 0.00000 -1.41833 0.00000 -0.00000 -1.00000 -0.00000
1607108470752363 0.99655 0.08300 -0.00000 -59.33145 0.08300 -0.99655 0.00000 -0.99700 0.00000 -0.00000 -1.00000 -0.00000
1607108471002373 0.99692 0.07847 0.00000 -61.14397 0.07847 -0.99692 0.00000 -0.72443 0.00000 -0.00000 -1.00000 -0.00000
1607108471252367 0.99754 0.07005 0.00000 -63.03705 0.07005 -0.99754 0.00000 -0.19178 0.00000 -0.00000 -1.00000 -0.00000
1607108471502374 0.99845 0.05564 0.00000 -64.76393 0.05564 -0.99845 0.00000 0.72449 0.00000 -0.00000 -1.00000 0.00000
1607108471752377 0.99915 0.04126 0.00000 -66.62049 0.04126 -0.99915 0.00000 1.55312 0.00000 -0.00000 -1.00000 0.00000
1607108472001753 0.99926 0.03848 0.00000 -68.42713 0.03848 -0.99926 0.00000 1.60548 0.00000 -0.00000 -1.00000 0.00000
1607108472251763 0.99971 0.02393 0.00000 -70.29163 0.02393 -0.99971 0.00000 2.62167 0.00000 -0.00000 -1.00000 0.00000
1607108472502388 0.99992 -0.01277 0.00000 -71.91553 -0.01277 -0.99992 0.00000 5.19473 -0.00000 -0.00000 -1.00000 0.00000
1607108472752397 0.99942 -0.03403 0.00000 -73.58872 -0.03403 -0.99942 0.00000 6.91664 -0.00000 -0.00000 -1.00000 0.00000
1607108473002398 0.99781 -0.06613 0.00000 -75.14501 -0.06613 -0.99781 0.00000 9.21477 -0.00000 -0.00000 -1.00000 0.00000
1607108473252403 0.99441 -0.10556 -0.00000 -76.57326 -0.10556 -0.99441 0.00000 12.17283 -0.00000 -0.00000 -1.00000 0.00000
1607108473502407 0.98937 -0.14539 0.00000 -77.86697 -0.14539 -0.98937 0.00000 15.26274 -0.00000 -0.00000 -1.00000 0.00000
1607108473752408 0.98211 -0.18831 0.00000 -78.94253 -0.18831 -0.98211 0.00000 18.65815 -0.00000 -0.00000 -1.00000 0.00000
1607108474002417 0.97197 -0.23509 0.00000 -79.74511 -0.23509 -0.97197 0.00000 22.41815 -0.00000 -0.00000 -1.00000 0.00000
1607108474252422 0.95678 -0.29083 -0.00000 -80.18090 -0.29083 -0.95678 0.00000 26.97368 -0.00000 -0.00000 -1.00000 0.00000
1607108474501794 0.94063 -0.33942 0.00000 -80.54136 -0.33942 -0.94063 0.00000 30.98755 -0.00000 -0.00000 -1.00000 0.00000
1607108474751796 0.91957 -0.39292 0.00000 -80.44162 -0.39292 -0.91957 0.00000 35.61799 -0.00000 -0.00000 -1.00000 0.00000
1607108475001801 0.89227 -0.45150 0.00000 -79.74279 -0.45150 -0.89227 0.00000 40.68672 -0.00000 -0.00000 -1.00000 0.00000
1607108475251174 0.85692 -0.51545 0.00000 -78.47294 -0.51545 -0.85692 0.00000 46.24042 -0.00000 -0.00000 -1.00000 0.00000
1607108475501182 0.81862 -0.57433 0.00000 -76.93566 -0.57433 -0.81862 0.00000 51.76522 -0.00000 -0.00000 -1.00000 0.00000
1607108475751813 0.77085 -0.63701 0.00000 -74.43734 -0.63701 -0.77085 0.00000 57.77536 -0.00000 -0.00000 -1.00000 0.00000
1607108476001193 0.71969 -0.69429 0.00000 -71.52529 -0.69429 -0.71969 0.00000 63.08576 -0.00000 -0.00000 -1.00000 0.00000
1607108476250572 0.66729 -0.74479 0.00000 -68.50866 -0.74479 -0.66729 0.00000 68.02291 -0.00000 -0.00000 -1.00000 0.00000
1607108476501198 0.60729 -0.79448 0.00000 -64.82579 -0.79448 -0.60729 0.00000 73.32586 -0.00000 -0.00000 -1.00000 0.00000
1607108476751245 0.54995 -0.83520 0.00000 -61.21028 -0.83520 -0.54995 0.00000 77.75870 -0.00000 -0.00000 -1.00000 0.00000
1607108477001203 0.49195 -0.87062 0.00000 -57.49868 -0.87062 -0.49195 0.00000 81.81274 -0.00000 -0.00000 -1.00000 0.00000
1607108477250577 0.44345 -0.89630 0.00000 -54.71266 -0.89630 -0.44345 0.00000 84.77180 -0.00000 -0.00000 -1.00000 0.00000
1607108477499962 0.41934 -0.90783 0.00000 -54.22246 -0.90783 -0.41934 0.00000 85.89115 -0.00000 -0.00000 -1.00000 0.00000
1607108477750592 0.39878 -0.91705 0.00000 -53.99693 -0.91705 -0.39878 0.00000 87.05783 -0.00000 -0.00000 -1.00000 0.00000
1607108478001219 0.38903 -0.92123 0.00000 -54.89854 -0.92123 -0.38903 0.00000 87.89457 -0.00000 -0.00000 -1.00000 0.00000
1607108478251255 0.38757 -0.92184 0.00000 -56.43943 -0.92184 -0.38757 0.00000 87.70983 -0.00000 -0.00000 -1.00000 0.00000
1607108478501857 0.38505 -0.92290 0.00000 -58.02046 -0.92290 -0.38505 0.00000 87.97755 -0.00000 -0.00000 -1.00000 0.00000
1607108478751853 0.39113 -0.92034 -0.00000 -60.38752 -0.92034 -0.39113 0.00000 87.52387 -0.00000 -0.00000 -1.00000 0.00000
1607108479001856 0.39358 -0.91929 0.00000 -62.47555 -0.91929 -0.39358 0.00000 87.36493 -0.00000 -0.00000 -1.00000 0.00000
1607108479251857 0.40254 -0.91540 0.00000 -65.14042 -0.91540 -0.40254 0.00000 86.71566 -0.00000 -0.00000 -1.00000 0.00000
1607108479501871 0.41482 -0.90990 0.00000 -68.23756 -0.90990 -0.41482 0.00000 85.76304 -0.00000 -0.00000 -1.00000 0.00000
1607108479751866 0.43511 -0.90038 0.00000 -71.92520 -0.90038 -0.43511 0.00000 83.98866 -0.00000 -0.00000 -1.00000 0.00000
1607108480002494 0.44588 -0.89509 0.00000 -74.88557 -0.89509 -0.44588 0.00000 83.20944 -0.00000 -0.00000 -1.00000 0.00000
1607108480252501 0.46065 -0.88758 0.00000 -78.13343 -0.88758 -0.46065 0.00000 81.94304 -0.00000 -0.00000 -1.00000 0.00000
1607108480502504 0.47126 -0.88199 0.00000 -80.97774 -0.88199 -0.47126 0.00000 80.93751 -0.00000 -0.00000 -1.00000 0.00000
1607108480751883 0.49319 -0.86992 0.00000 -84.87675 -0.86992 -0.49319 0.00000 78.85366 -0.00000 -0.00000 -1.00000 0.00000
1607108481001887 0.50762 -0.86158 0.00000 -88.14123 -0.86158 -0.50762 0.00000 77.41134 -0.00000 -0.00000 -1.00000 0.00000
1607108481251899 0.51796 -0.85540 0.00000 -90.87378 -0.85540 -0.51796 0.00000 76.29164 -0.00000 -0.00000 -1.00000 0.00000
1607108481501266 0.53141 -0.84711 -0.00000 -93.79650 -0.84711 -0.53141 0.00000 74.72322 -0.00000 -0.00000 -1.00000 0.00000
1607108481751900 0.55164 -0.83408 -0.00000 -97.47980 -0.83408 -0.55164 0.00000 72.41886 -0.00000 -0.00000 -1.00000 0.00000
1607108482001905 0.57323 -0.81939 -0.00000 -101.23086 -0.81939 -0.57323 0.00000 69.91557 -0.00000 -0.00000 -1.00000 0.00000
1607108482251296 0.59297 -0.80522 0.00000 -104.71904 -0.80522 -0.59297 0.00000 67.30741 -0.00000 -0.00000 -1.00000 0.00000
1607108482501904 0.61702 -0.78695 0.00000 -108.53591 -0.78695 -0.61702 0.00000 64.10868 -0.00000 -0.00000 -1.00000 0.00000
1607108482751914 0.64197 -0.76673 0.00000 -112.36926 -0.76673 -0.64197 0.00000 60.58791 -0.00000 -0.00000 -1.00000 0.00000
1607108483001918 0.66003 -0.75124 0.00000 -115.63792 -0.75124 -0.66003 0.00000 57.75999 -0.00000 -0.00000 -1.00000 0.00000
1607108483251916 0.68206 -0.73130 0.00000 -119.22738 -0.73130 -0.68206 0.00000 54.39602 -0.00000 -0.00000 -1.00000 0.00000
1607108483501923 0.69946 -0.71467 0.00000 -122.27197 -0.71467 -0.69946 0.00000 51.51993 -0.00000 -0.00000 -1.00000 0.00000
1607108483751924 0.71785 -0.69620 0.00000 -125.43137 -0.69620 -0.71785 0.00000 48.26370 -0.00000 -0.00000 -1.00000 0.00000
1607108484001940 0.73319 -0.68002 0.00000 -128.34073 -0.68002 -0.73319 0.00000 45.39448 -0.00000 -0.00000 -1.00000 0.00000
1607108484251931 0.74596 -0.66599 0.00000 -130.97317 -0.66599 -0.74596 0.00000 42.97752 -0.00000 -0.00000 -1.00000 0.00000
1607108484501938 0.75882 -0.65130 0.00000 -133.68656 -0.65130 -0.75882 0.00000 40.33490 -0.00000 -0.00000 -1.00000 0.00000
1607108484752574 0.76414 -0.64505 0.00000 -135.87651 -0.64505 -0.76414 0.00000 39.26353 -0.00000 -0.00000 -1.00000 0.00000
1607108485001944 0.77812 -0.62812 0.00000 -138.59934 -0.62812 -0.77812 0.00000 36.22404 -0.00000 -0.00000 -1.00000 0.00000
1607108485251949 0.79058 -0.61236 0.00000 -141.21450 -0.61236 -0.79058 0.00000 33.31850 -0.00000 -0.00000 -1.00000 0.00000
1607108485502580 0.79849 -0.60201 0.00000 -143.52761 -0.60201 -0.79849 0.00000 31.45481 -0.00000 -0.00000 -1.00000 0.00000
1607108485751957 0.81098 -0.58507 0.00000 -145.94324 -0.58507 -0.81098 0.00000 28.38117 -0.00000 -0.00000 -1.00000 0.00000
1607108486001959 0.82586 -0.56387 0.00000 -148.38876 -0.56387 -0.82586 0.00000 24.61991 -0.00000 -0.00000 -1.00000 0.00000
1607108486251971 0.83911 -0.54396 0.00000 -150.67671 -0.54396 -0.83911 0.00000 21.09724 -0.00000 -0.00000 -1.00000 0.00000
1607108486501964 0.86206 -0.50680 0.00000 -153.18336 -0.50680 -0.86206 0.00000 14.43137 -0.00000 -0.00000 -1.00000 0.00000
1607108486751972 0.88697 -0.46184 0.00000 -155.37128 -0.46184 -0.88697 0.00000 6.44895 -0.00000 -0.00000 -1.00000 0.00000
1607108487001970 0.91214 -0.40988 0.00000 -157.12194 -0.40988 -0.91214 0.00000 -2.63200 -0.00000 -0.00000 -1.00000 -0.00000
1607108487251975 0.93742 -0.34820 0.00000 -158.09044 -0.34820 -0.93742 0.00000 -13.05849 -0.00000 -0.00000 -1.00000 -0.00000
1607108487501982 0.96651 -0.25663 0.00000 -157.51111 -0.25663 -0.96651 0.00000 -28.28346 -0.00000 -0.00000 -1.00000 -0.00000
1607108487751986 0.98817 -0.15338 0.00000 -155.05867 -0.15338 -0.98817 0.00000 -44.63287 -0.00000 -0.00000 -1.00000 -0.00000
1607108488001990 0.99924 -0.03902 0.00000 -150.12591 -0.03902 -0.99924 0.00000 -62.10365 -0.00000 -0.00000 -1.00000 -0.00000
1607108488251991 0.99558 0.09394 0.00000 -141.76190 0.09394 -0.99558 0.00000 -81.64687 0.00000 -0.00000 -1.00000 -0.00000
1607108488502615 0.97275 0.23184 0.00000 -130.17287 0.23184 -0.97275 0.00000 -100.52273 0.00000 -0.00000 -1.00000 -0.00000
1607108488752621 0.92781 0.37305 0.00000 -114.90110 0.37305 -0.92781 0.00000 -118.56871 0.00000 -0.00000 -1.00000 -0.00000
1607108489002630 0.85950 0.51114 0.00000 -96.43086 0.51114 -0.85950 0.00000 -134.83681 0.00000 -0.00000 -1.00000 -0.00000
1607108489252633 0.76333 0.64601 0.00000 -73.82911 0.64601 -0.76333 0.00000 -148.89586 0.00000 -0.00000 -1.00000 -0.00000
1607108489503254 0.64782 0.76179 -0.00000 -49.77288 0.76179 -0.64782 0.00000 -158.86088 0.00000 -0.00000 -1.00000 -0.00000
1607108489753257 0.50477 0.86325 0.00000 -22.16410 0.86325 -0.50477 0.00000 -165.10342 0.00000 -0.00000 -1.00000 -0.00000
1607108490003889 0.35342 0.93546 0.00000 4.67530 0.93546 -0.35342 0.00000 -166.46624 0.00000 -0.00000 -1.00000 -0.00000
1607108490253895 0.18849 0.98207 0.00000 31.94473 0.98207 -0.18849 0.00000 -163.18561 0.00000 -0.00000 -1.00000 -0.00000
1607108490503941 0.00966 0.99995 -0.00000 59.53999 0.99995 -0.00966 0.00000 -154.89645 0.00000 -0.00000 -1.00000 -0.00000
1607108490754527 -0.17349 0.98484 -0.00000 85.73090 0.98484 0.17349 0.00000 -141.24650 0.00000 0.00000 -1.00000 -0.00000
1607108491003905 -0.35106 0.93635 0.00000 108.98878 0.93635 0.35106 0.00000 -123.22847 0.00000 0.00000 -1.00000 -0.00000
1607108491254535 -0.51557 0.85685 -0.00000 128.29260 0.85685 0.51557 0.00000 -101.18914 0.00000 0.00000 -1.00000 -0.00000
1607108491504539 -0.65355 0.75688 0.00000 142.38390 0.75688 0.65355 0.00000 -77.95007 0.00000 0.00000 -1.00000 -0.00000
1607108491755163 -0.76131 0.64839 0.00000 151.17420 0.64839 0.76131 0.00000 -55.23157 0.00000 0.00000 -1.00000 -0.00000
1607108492005800 -0.82945 0.55859 0.00000 155.02411 0.55859 0.82945 0.00000 -37.92718 0.00000 0.00000 -1.00000 -0.00000
1607108492255805 -0.87567 0.48290 -0.00000 156.24099 0.48290 0.87567 0.00000 -24.03032 0.00000 0.00000 -1.00000 -0.00000
1607108492505800 -0.91238 0.40935 0.00000 156.25324 0.40935 0.91238 0.00000 -11.10605 0.00000 0.00000 -1.00000 -0.00000
1607108492756432 -0.93740 0.34826 0.00000 155.06236 0.34826 0.93740 0.00000 -0.82809 0.00000 0.00000 -1.00000 -0.00000
1607108493007061 -0.95454 0.29807 0.00000 153.35043 0.29807 0.95454 0.00000 7.35122 0.00000 0.00000 -1.00000 0.00000
1607108493257693 -0.96354 0.26756 0.00000 151.33546 0.26756 0.96354 0.00000 12.20899 0.00000 0.00000 -1.00000 0.00000
1607108493507689 -0.96893 0.24732 0.00000 149.38607 0.24732 0.96893 0.00000 15.40513 0.00000 0.00000 -1.00000 0.00000
1607108493757694 -0.97087 0.23959 0.00000 147.56267 0.23959 0.97087 0.00000 16.47930 0.00000 0.00000 -1.00000 0.00000
1607108494007702 -0.97174 0.23606 0.00000 145.65298 0.23606 0.97174 0.00000 16.90925 0.00000 0.00000 -1.00000 0.00000
1607108494257700 -0.97389 0.22703 0.00000 143.88764 0.22703 0.97389 0.00000 18.37622 0.00000 0.00000 -1.00000 0.00000
1607108494507704 -0.97243 0.23318 0.00000 142.08027 0.23318 0.97243 0.00000 17.34483 0.00000 0.00000 -1.00000 0.00000
1607108494757705 -0.96892 0.24738 0.00000 140.66330 0.24738 0.96892 0.00000 15.20668 0.00000 0.00000 -1.00000 0.00000
1607108495008338 -0.96415 0.26535 0.00000 139.13452 0.26535 0.96415 0.00000 12.72333 0.00000 0.00000 -1.00000 0.00000
1607108495258342 -0.95650 0.29175 0.00000 137.75469 0.29175 0.95650 0.00000 8.81960 0.00000 0.00000 -1.00000 0.00000
1607108495508347 -0.94791 0.31855 -0.00000 136.18266 0.31855 0.94791 0.00000 4.99565 0.00000 0.00000 -1.00000 0.00000
1607108495758349 -0.93699 0.34935 0.00000 134.51794 0.34935 0.93699 0.00000 0.48136 0.00000 0.00000 -1.00000 0.00000
1607108496008354 -0.91941 0.39330 0.00000 132.55142 0.39330 0.91941 0.00000 -5.97769 0.00000 0.00000 -1.00000 -0.00000
1607108496258356 -0.90027 0.43533 0.00000 130.45308 0.43533 0.90027 0.00000 -12.09602 0.00000 0.00000 -1.00000 -0.00000
1607108496508358 -0.87203 0.48946 0.00000 127.71761 0.48946 0.87203 0.00000 -20.11403 0.00000 0.00000 -1.00000 -0.00000
1607108496758363 -0.83945 0.54344 0.00000 124.58593 0.54344 0.83945 0.00000 -28.12262 0.00000 0.00000 -1.00000 -0.00000
1607108497008368 -0.80343 0.59540 0.00000 120.82869 0.59540 0.80343 0.00000 -35.91808 0.00000 0.00000 -1.00000 -0.00000
1607108497258369 -0.75700 0.65342 0.00000 116.02058 0.65342 0.75700 0.00000 -44.80820 0.00000 0.00000 -1.00000 -0.00000
1607108497507747 -0.71555 0.69857 0.00000 111.47812 0.69857 0.71555 0.00000 -52.12343 0.00000 0.00000 -1.00000 -0.00000
1607108497757755 -0.67618 0.73674 0.00000 106.67206 0.73674 0.67618 0.00000 -57.96581 0.00000 0.00000 -1.00000 -0.00000
1607108498007761 -0.63871 0.76945 0.00000 101.93778 0.76945 0.63871 0.00000 -63.24973 0.00000 0.00000 -1.00000 -0.00000
1607108498257136 -0.60213 0.79839 0.00000 97.17767 0.79839 0.60213 0.00000 -68.02036 0.00000 0.00000 -1.00000 -0.00000
1607108498507189 -0.57342 0.81926 0.00000 93.01260 0.81926 0.57342 0.00000 -71.39435 0.00000 0.00000 -1.00000 -0.00000
1607108498757143 -0.54327 0.83956 0.00000 88.59370 0.83956 0.54327 0.00000 -74.77576 0.00000 0.00000 -1.00000 -0.00000
1607108499007144 -0.52088 0.85363 0.00000 84.90480 0.85363 0.52088 0.00000 -77.06637 0.00000 0.00000 -1.00000 -0.00000
1607108499257147 -0.48805 0.87282 -0.00000 80.20155 0.87282 0.48805 0.00000 -80.38611 0.00000 0.00000 -1.00000 -0.00000
1607108499507150 -0.44969 0.89318 0.00000 74.78260 0.89318 0.44969 0.00000 -83.83516 0.00000 0.00000 -1.00000 -0.00000
1607108499757157 -0.41882 0.90807 0.00000 70.16928 0.90807 0.41882 0.00000 -86.26231 0.00000 0.00000 -1.00000 -0.00000
1607108500007174 -0.39224 0.91986 -0.00000 65.85544 0.91986 0.39224 0.00000 -88.30618 0.00000 0.00000 -1.00000 -0.00000
1607108500257162 -0.36703 0.93021 0.00000 61.61184 0.93021 0.36703 0.00000 -90.00296 0.00000 0.00000 -1.00000 -0.00000
1607108500507164 -0.34631 0.93812 0.00000 57.82865 0.93812 0.34631 0.00000 -91.38622 0.00000 0.00000 -1.00000 -0.00000
1607108500757169 -0.33348 0.94276 0.00000 54.80031 0.94276 0.33348 0.00000 -92.16098 0.00000 0.00000 -1.00000 -0.00000
1607108501006553 -0.34475 0.93869 -0.00000 54.13178 0.93869 0.34475 0.00000 -91.56527 0.00000 0.00000 -1.00000 -0.00000
1607108501256546 -0.35454 0.93504 -0.00000 53.33354 0.93504 0.35454 0.00000 -91.03398 0.00000 0.00000 -1.00000 -0.00000
1607108501506556 -0.38466 0.92306 0.00000 54.44773 0.92306 0.38466 0.00000 -89.20357 0.00000 0.00000 -1.00000 -0.00000
1607108501757184 -0.41408 0.91024 0.00000 55.64626 0.91024 0.41408 0.00000 -87.67653 0.00000 0.00000 -1.00000 -0.00000
1607108502006565 -0.46134 0.88722 -0.00000 58.32583 0.88722 0.46134 0.00000 -84.44156 0.00000 0.00000 -1.00000 -0.00000
1607108502256567 -0.49271 0.87019 0.00000 59.70018 0.87019 0.49271 0.00000 -82.84733 0.00000 0.00000 -1.00000 -0.00000
1607108502506568 -0.53164 0.84697 0.00000 61.42434 0.84697 0.53164 0.00000 -79.67217 0.00000 0.00000 -1.00000 -0.00000
1607108502756575 -0.56319 0.82633 0.00000 62.75046 0.82633 0.56319 0.00000 -77.59932 0.00000 0.00000 -1.00000 -0.00000
1607108503006578 -0.59785 0.80161 0.00000 64.18132 0.80161 0.59785 0.00000 -74.79232 0.00000 0.00000 -1.00000 -0.00000
1607108503256576 -0.63266 0.77443 0.00000 65.56210 0.77443 0.63266 0.00000 -71.86436 0.00000 0.00000 -1.00000 -0.00000
1607108503506583 -0.67134 0.74115 -0.00000 67.32714 0.74115 0.67134 0.00000 -68.44724 0.00000 0.00000 -1.00000 -0.00000
1607108503756587 -0.71396 0.70019 0.00000 69.52696 0.70019 0.71396 0.00000 -64.45649 0.00000 0.00000 -1.00000 -0.00000
1607108504006591 -0.76165 0.64799 -0.00000 72.20704 0.64799 0.76165 0.00000 -59.55065 0.00000 0.00000 -1.00000 -0.00000
1607108504256597 -0.80790 0.58932 0.00000 74.56304 0.58932 0.80790 0.00000 -53.96736 0.00000 0.00000 -1.00000 -0.00000
1607108504506594 -0.84949 0.52761 0.00000 76.43671 0.52761 0.84949 0.00000 -48.35731 0.00000 0.00000 -1.00000 -0.00000
1607108504757229 -0.88768 0.46046 0.00000 78.20777 0.46046 0.88768 0.00000 -42.29150 0.00000 0.00000 -1.00000 -0.00000
1607108505007231 -0.92055 0.39061 0.00000 79.43913 0.39061 0.92055 0.00000 -36.22332 0.00000 0.00000 -1.00000 -0.00000
1607108505257858 -0.93896 0.34404 -0.00000 79.27257 0.34404 0.93896 0.00000 -32.15794 0.00000 0.00000 -1.00000 -0.00000
1607108505507230 -0.95809 0.28646 -0.00000 79.43240 0.28646 0.95809 0.00000 -27.37997 0.00000 0.00000 -1.00000 -0.00000
1607108505757867 -0.97156 0.23681 0.00000 78.87400 0.23681 0.97156 0.00000 -23.25459 0.00000 0.00000 -1.00000 -0.00000
1607108506007872 -0.98291 0.18408 0.00000 78.19690 0.18408 0.98291 0.00000 -19.02604 0.00000 0.00000 -1.00000 -0.00000
1607108506257869 -0.99196 0.12656 0.00000 77.36712 0.12656 0.99196 0.00000 -14.47191 0.00000 0.00000 -1.00000 -0.00000
1607108506508538 -0.99663 0.08206 0.00000 76.04308 0.08206 0.99663 0.00000 -11.01182 0.00000 0.00000 -1.00000 -0.00000
1607108506758500 -0.99929 0.03774 0.00000 74.59901 0.03774 0.99929 0.00000 -7.56564 0.00000 0.00000 -1.00000 -0.00000
1607108507008513 -0.99999 -0.00352 0.00000 73.06524 -0.00352 0.99999 0.00000 -4.44707 -0.00000 0.00000 -1.00000 -0.00000
1607108507258507 -0.99959 -0.02848 -0.00000 71.25597 -0.02848 0.99959 0.00000 -2.62970 -0.00000 0.00000 -1.00000 -0.00000
1607108507508514 -0.99881 -0.04870 0.00000 69.33701 -0.04870 0.99881 0.00000 -1.21766 -0.00000 0.00000 -1.00000 -0.00000
1607108507758514 -0.99733 -0.07300 0.00000 67.55662 -0.07300 0.99733 0.00000 0.36439 -0.00000 0.00000 -1.00000 0.00000
1607108508008542 -0.99620 -0.08713 0.00000 65.61337 -0.08713 0.99620 0.00000 1.33190 -0.00000 0.00000 -1.00000 0.00000
1607108508258526 -0.99548 -0.09502 0.00000 63.76334 -0.09502 0.99548 0.00000 1.83434 -0.00000 0.00000 -1.00000 0.00000
1607108508508527 -0.99537 -0.09615 0.00000 61.85270 -0.09615 0.99537 0.00000 1.85685 -0.00000 0.00000 -1.00000 0.00000
1607108508757905 -0.99521 -0.09771 0.00000 59.89917 -0.09771 0.99521 0.00000 1.93487 -0.00000 0.00000 -1.00000 0.00000
1607108509007914 -0.99524 -0.09740 0.00000 57.93780 -0.09740 0.99524 0.00000 1.85403 -0.00000 0.00000 -1.00000 0.00000
1607108509257920 -0.99559 -0.09381 -0.00000 55.97407 -0.09381 0.99559 0.00000 1.70913 -0.00000 0.00000 -1.00000 0.00000
1607108509507920 -0.99574 -0.09223 0.00000 54.02078 -0.09223 0.99574 0.00000 1.52452 -0.00000 0.00000 -1.00000 0.00000
1607108509757925 -0.99655 -0.08305 -0.00000 52.05790 -0.08305 0.99655 0.00000 1.06545 -0.00000 0.00000 -1.00000 0.00000
1607108510007303 -0.99682 -0.07971 0.00000 50.08107 -0.07971 0.99682 0.00000 0.69890 -0.00000 0.00000 -1.00000 0.00000
1607108510257307 -0.99615 -0.08766 -0.00000 48.09839 -0.08766 0.99615 0.00000 1.17295 -0.00000 0.00000 -1.00000 0.00000
1607108510507308 -0.99644 -0.08434 0.00000 46.10955 -0.08434 0.99644 0.00000 0.92947 -0.00000 0.00000 -1.00000 0.00000
1607108510757313 -0.99712 -0.07582 0.00000 44.16990 -0.07582 0.99712 0.00000 0.55128 -0.00000 0.00000 -1.00000 0.00000
1607108511007317 -0.99753 -0.07031 -0.00000 42.23146 -0.07031 0.99753 0.00000 0.28376 -0.00000 0.00000 -1.00000 0.00000
1607108511257319 -0.99813 -0.06108 0.00000 40.29816 -0.06108 0.99813 0.00000 -0.20309 -0.00000 0.00000 -1.00000 -0.00000
1607108511507319 -0.99863 -0.05230 -0.00000 38.42253 -0.05230 0.99863 0.00000 -0.57309 -0.00000 0.00000 -1.00000 -0.00000
1607108511757329 -0.99918 -0.04060 0.00000 36.50206 -0.04060 0.99918 0.00000 -0.93318 -0.00000 0.00000 -1.00000 -0.00000
1607108512007327 -0.99920 -0.04000 0.00000 34.65718 -0.04000 0.99920 0.00000 -1.15287 -0.00000 0.00000 -1.00000 -0.00000
1607108512257334 -0.99919 -0.04022 0.00000 32.76581 -0.04022 0.99919 0.00000 -1.12824 -0.00000 0.00000 -1.00000 -0.00000
1607108512507340 -0.99948 -0.03235 0.00000 30.90664 -0.03235 0.99948 0.00000 -1.40665 -0.00000 0.00000 -1.00000 -0.00000
1607108512756716 -0.99954 -0.03030 0.00000 29.06239 -0.03030 0.99954 0.00000 -1.66428 -0.00000 0.00000 -1.00000 -0.00000
1607108513006716 -0.99968 -0.02529 0.00000 27.29437 -0.02529 0.99968 0.00000 -1.70036 -0.00000 0.00000 -1.00000 -0.00000
1607108513256721 -0.99975 -0.02241 0.00000 25.41776 -0.02241 0.99975 0.00000 -1.89879 -0.00000 0.00000 -1.00000 -0.00000
1607108513506726 -0.99982 -0.01910 0.00000 23.57878 -0.01910 0.99982 0.00000 -1.97807 -0.00000 0.00000 -1.00000 -0.00000
1607108513756103 -0.99978 -0.02106 0.00000 21.86363 -0.02106 0.99978 0.00000 -1.96833 -0.00000 0.00000 -1.00000 -0.00000
1607108514006112 -0.99980 -0.01994 0.00000 20.09277 -0.01994 0.99980 0.00000 -1.84715 -0.00000 0.00000 -1.00000 -0.00000
1607108514256112 -0.99976 -0.02169 0.00000 18.31272 -0.02169 0.99976 0.00000 -2.06462 -0.00000 0.00000 -1.00000 -0.00000
1607108514506160 -0.99978 -0.02091 0.00000 16.57012 -0.02091 0.99978 0.00000 -1.99466 -0.00000 0.00000 -1.00000 -0.00000
1607108514756115 -0.99986 -0.01685 0.00000 14.76771 -0.01685 0.99986 0.00000 -2.05432 -0.00000 0.00000 -1.00000 -0.00000
1607108515006119 -0.99990 -0.01399 0.00000 13.07144 -0.01399 0.99990 0.00000 -2.20518 -0.00000 0.00000 -1.00000 -0.00000
1607108515256128 -0.99998 -0.00593 0.00000 11.34210 -0.00593 0.99998 0.00000 -2.30619 -0.00000 0.00000 -1.00000 -0.00000
1607108515506131 -0.99999 0.00397 0.00000 9.58975 0.00397 0.99999 0.00000 -2.43339 0.00000 0.00000 -1.00000 -0.00000
1607108515755510 -0.99995 0.00951 0.00000 7.88329 0.00951 0.99995 0.00000 -2.62352 0.00000 0.00000 -1.00000 -0.00000
1607108516005522 -0.99987 0.01603 -0.00000 6.25065 0.01603 0.99987 0.00000 -2.62361 0.00000 0.00000 -1.00000 -0.00000
1607108516256140 -0.99950 0.03178 -0.00000 4.65473 0.03178 0.99950 0.00000 -2.67208 0.00000 0.00000 -1.00000 -0.00000
1607108516505522 -0.99942 0.03414 0.00000 3.21181 0.03414 0.99942 0.00000 -2.71235 0.00000 0.00000 -1.00000 -0.00000
1607108516755525 -0.99922 0.03952 0.00000 1.66290 0.03952 0.99922 0.00000 -2.75944 0.00000 0.00000 -1.00000 -0.00000
1607108517005530 -0.99904 0.04370 0.00000 0.27898 0.04370 0.99904 0.00000 -2.78254 0.00000 0.00000 -1.00000 -0.00000
1607108517255532 -0.99891 0.04659 0.00000 -1.12942 0.04659 0.99891 0.00000 -2.90563 0.00000 0.00000 -1.00000 -0.00000
1607108517505538 -0.99872 0.05053 -0.00000 -2.43014 0.05053 0.99872 0.00000 -2.87074 0.00000 0.00000 -1.00000 -0.00000
1607108517755537 -0.99862 0.05255 0.00000 -3.69288 0.05255 0.99862 0.00000 -2.91138 0.00000 0.00000 -1.00000 -0.00000
1607108518004920 -0.99869 0.05119 0.00000 -5.00071 0.05119 0.99869 0.00000 -2.95944 0.00000 0.00000 -1.00000 -0.00000
1607108518254921 -0.99891 0.04676 -0.00000 -6.22064 0.04676 0.99891 0.00000 -3.14492 0.00000 0.00000 -1.00000 -0.00000
1607108518504920 -0.99849 0.05491 0.00000 -7.39951 0.05491 0.99849 0.00000 -3.06122 0.00000 0.00000 -1.00000 -0.00000
1607108518755554 -0.99848 0.05517 0.00000 -8.51955 0.05517 0.99848 0.00000 -2.88040 0.00000 0.00000 -1.00000 -0.00000
1607108519004933 -0.99879 0.04921 0.00000 -9.61512 0.04921 0.99879 0.00000 -2.91028 0.00000 0.00000 -1.00000 -0.00000
1607108519254935 -0.99894 0.04596 -0.00000 -10.67436 0.04596 0.99894 0.00000 -3.00935 0.00000 0.00000 -1.00000 -0.00000
1607108519504936 -0.99873 0.05048 -0.00000 -11.78595 0.05048 0.99873 0.00000 -2.96940 0.00000 0.00000 -1.00000 -0.00000
1607108519754945 -0.99901 0.04450 0.00000 -12.81045 0.04450 0.99901 0.00000 -3.09071 0.00000 0.00000 -1.00000 -0.00000
1607108520004946 -0.99883 0.04845 0.00000 -13.84881 0.04845 0.99883 0.00000 -2.98400 0.00000 0.00000 -1.00000 -0.00000
1607108520254322 -0.99921 0.03982 -0.00000 -14.90046 0.03982 0.99921 0.00000 -3.11944 0.00000 0.00000 -1.00000 -0.00000
1607108520504323 -0.99915 0.04117 -0.00000 -15.92943 0.04117 0.99915 0.00000 -3.20152 0.00000 0.00000 -1.00000 -0.00000
1607108520754954 -0.99877 0.04954 0.00000 -16.96165 0.04954 0.99877 0.00000 -3.04998 0.00000 0.00000 -1.00000 -0.00000
1607108521004333 -0.99895 0.04572 0.00000 -17.93810 0.04572 0.99895 0.00000 -3.21203 0.00000 0.00000 -1.00000 -0.00000
1607108521254336 -0.99887 0.04749 0.00000 -18.99370 0.04749 0.99887 0.00000 -3.22503 0.00000 0.00000 -1.00000 -0.00000
1607108521504338 -0.99903 0.04404 -0.00000 -19.97751 0.04404 0.99903 0.00000 -3.20164 0.00000 0.00000 -1.00000 -0.00000
1607108521754343 -0.99881 0.04867 0.00000 -20.97818 0.04867 0.99881 0.00000 -3.16356 0.00000 0.00000 -1.00000 -0.00000
1607108522004971 -0.99878 0.04936 0.00000 -21.89844 0.04936 0.99878 0.00000 -3.13538 0.00000 0.00000 -1.00000 -0.00000
1607108522254350 -0.99901 0.04443 0.00000 -22.82183 0.04443 0.99901 0.00000 -3.32130 0.00000 0.00000 -1.00000 -0.00000
1607108522504395 -0.99887 0.04748 0.00000 -23.74999 0.04748 0.99887 0.00000 -3.13719 0.00000 0.00000 -1.00000 -0.00000
1607108522754362 -0.99916 0.04087 0.00000 -24.64128 0.04087 0.99916 0.00000 -3.30866 0.00000 0.00000 -1.00000 -0.00000
1607108523003739 -0.99957 0.02927 -0.00000 -25.47601 0.02927 0.99957 0.00000 -3.59446 0.00000 0.00000 -1.00000 -0.00000
1607108523253736 -0.99975 0.02218 0.00000 -26.35877 0.02218 0.99975 0.00000 -3.78680 0.00000 0.00000 -1.00000 -0.00000
1607108523504369 -0.99964 0.02679 0.00000 -27.05881 0.02679 0.99964 0.00000 -3.73106 0.00000 0.00000 -1.00000 -0.00000
1607108523753748 -0.99984 0.01804 0.00000 -27.80576 0.01804 0.99984 0.00000 -4.13881 0.00000 0.00000 -1.00000 -0.00000
1607108524003761 -0.99966 0.02593 -0.00000 -28.52971 0.02593 0.99966 0.00000 -3.75232 0.00000 0.00000 -1.00000 -0.00000
1607108524254379 -0.99853 0.05414 0.00000 -29.29982 0.05414 0.99853 0.00000 -2.93350 0.00000 0.00000 -1.00000 -0.00000
1607108524503755 -0.99725 0.07409 0.00000 -30.05977 0.07409 0.99725 0.00000 -2.45687 0.00000 0.00000 -1.00000 -0.00000
1607108524753763 -0.99425 0.10712 0.00000 -30.83987 0.10712 0.99425 0.00000 -1.34821 0.00000 0.00000 -1.00000 -0.00000
1607108525003766 -0.99039 0.13827 0.00000 -31.66365 0.13827 0.99039 0.00000 -0.50145 0.00000 0.00000 -1.00000 -0.00000
1607108525253767 -0.98595 0.16703 0.00000 -32.32930 0.16703 0.98595 0.00000 0.51793 0.00000 0.00000 -1.00000 0.00000
1607108525503772 -0.97886 0.20454 0.00000 -33.00225 0.20454 0.97886 0.00000 1.67368 0.00000 0.00000 -1.00000 0.00000
1607108525753149 -0.97677 0.21431 0.00000 -33.74084 0.21431 0.97677 0.00000 1.75872 0.00000 0.00000 -1.00000 0.00000
1607108526003782 -0.97100 0.23909 0.00000 -34.37496 0.23909 0.97100 0.00000 2.81649 0.00000 0.00000 -1.00000 0.00000
1607108526253166 -0.96947 0.24519 -0.00000 -35.14529 0.24519 0.96947 0.00000 2.83439 0.00000 0.00000 -1.00000 0.00000
1607108526503159 -0.96792 0.25124 0.00000 -35.93171 0.25124 0.96792 0.00000 3.06463 0.00000 0.00000 -1.00000 0.00000
1607108526753161 -0.96827 0.24991 0.00000 -36.66929 0.24991 0.96827 0.00000 3.12940 0.00000 0.00000 -1.00000 0.00000
1607108527003168 -0.97056 0.24087 0.00000 -37.37559 0.24087 0.97056 0.00000 2.75646 0.00000 0.00000 -1.00000 0.00000
1607108527252542 -0.97293 0.23111 0.00000 -38.05766 0.23111 0.97293 0.00000 2.39630 0.00000 0.00000 -1.00000 0.00000
1607108527502553 -0.97776 0.20971 0.00000 -38.69976 0.20971 0.97776 0.00000 1.44168 0.00000 0.00000 -1.00000 0.00000
1607108527752553 -0.98112 0.19338 0.00000 -39.22421 0.19338 0.98112 0.00000 0.88366 0.00000 0.00000 -1.00000 0.00000
1607108528002558 -0.98588 0.16744 -0.00000 -39.70443 0.16744 0.98588 0.00000 -0.09215 0.00000 0.00000 -1.00000 -0.00000
1607108528252562 -0.99005 0.14072 0.00000 -40.11747 0.14072 0.99005 0.00000 -1.18292 0.00000 0.00000 -1.00000 -0.00000
1607108528503199 -0.99218 0.12480 0.00000 -40.45998 0.12480 0.99218 0.00000 -1.82255 0.00000 0.00000 -1.00000 -0.00000
1607108528753194 -0.99512 0.09869 0.00000 -40.72807 0.09869 0.99512 0.00000 -2.89684 0.00000 0.00000 -1.00000 -0.00000
1607108529002573 -0.99764 0.06865 0.00000 -40.98390 0.06865 0.99764 0.00000 -4.17484 0.00000 0.00000 -1.00000 -0.00000
1607108529252576 -0.99884 0.04825 0.00000 -41.22183 0.04825 0.99884 0.00000 -5.04392 0.00000 0.00000 -1.00000 -0.00000
1607108529502583 -0.99956 0.02964 0.00000 -41.48115 0.02964 0.99956 0.00000 -5.72409 0.00000 0.00000 -1.00000 -0.00000
1607108529752584 -1.00000 0.00238 0.00000 -41.56758 0.00238 1.00000 0.00000 -6.85643 0.00000 0.00000 -1.00000 -0.00000
1607108530002585 -0.99988 -0.01540 -0.00000 -41.66712 -0.01540 0.99988 0.00000 -7.59513 -0.00000 0.00000 -1.00000 -0.00000
1607108530252589 -0.99958 -0.02894 -0.00000 -41.75965 -0.02894 0.99958 0.00000 -8.14389 -0.00000 0.00000 -1.00000 -0.00000
1607108530501969 -0.99887 -0.04753 0.00000 -41.68732 -0.04753 0.99887 0.00000 -8.93202 -0.00000 0.00000 -1.00000 -0.00000
1607108530751985 -0.99875 -0.05000 0.00000 -41.72337 -0.05000 0.99875 0.00000 -8.94258 -0.00000 0.00000 -1.00000 -0.00000
1607108531001352 -0.99823 -0.05949 0.00000 -41.69303 -0.05949 0.99823 0.00000 -9.46478 -0.00000 0.00000 -1.00000 -0.00000
1607108531251352 -0.99819 -0.06008 0.00000 -41.67460 -0.06008 0.99819 0.00000 -9.45118 -0.00000 0.00000 -1.00000 -0.00000
1607108531501368 -0.99832 -0.05786 0.00000 -41.71777 -0.05786 0.99832 0.00000 -9.37371 -0.00000 0.00000 -1.00000 -0.00000
1607108531750735 -0.99814 -0.06100 0.00000 -41.66521 -0.06100 0.99814 0.00000 -9.52209 -0.00000 0.00000 -1.00000 -0.00000
1607108532000749 -0.99813 -0.06105 0.00000 -41.66328 -0.06105 0.99813 0.00000 -9.47869 -0.00000 0.00000 -1.00000 -0.00000
1607108532251370 -0.99845 -0.05571 -0.00000 -41.71721 -0.05571 0.99845 0.00000 -9.27230 -0.00000 0.00000 -1.00000 -0.00000
1607108532502002 -0.99837 -0.05714 0.00000 -41.69940 -0.05714 0.99837 0.00000 -9.36178 -0.00000 0.00000 -1.00000 -0.00000
1607108532752665 -0.99816 -0.06063 0.00000 -41.67010 -0.06063 0.99816 0.00000 -9.47677 -0.00000 0.00000 -1.00000 -0.00000
1607108533003253 -0.99814 -0.06089 0.00000 -41.65921 -0.06089 0.99814 0.00000 -9.48073 -0.00000 0.00000 -1.00000 -0.00000
1607108533253882 -0.99877 -0.04956 0.00000 -41.77956 -0.04956 0.99877 0.00000 -8.98053 -0.00000 0.00000 -1.00000 -0.00000
1607108533503263 -0.99820 -0.06000 0.00000 -41.67421 -0.06000 0.99820 0.00000 -9.46242 -0.00000 0.00000 -1.00000 -0.00000
1607108533753279 -0.99832 -0.05794 0.00000 -41.71113 -0.05794 0.99832 0.00000 -9.31771 -0.00000 0.00000 -1.00000 -0.00000
1607108534003269 -0.99816 -0.06069 0.00000 -41.66277 -0.06069 0.99816 0.00000 -9.47301 -0.00000 0.00000 -1.00000 -0.00000
1607108534253895 -0.99885 -0.04793 0.00000 -41.79300 -0.04793 0.99885 0.00000 -8.91893 -0.00000 0.00000 -1.00000 -0.00000
1607108534503273 -0.99819 -0.06012 -0.00000 -41.67846 -0.06012 0.99819 0.00000 -9.47828 -0.00000 0.00000 -1.00000 -0.00000
1607108534753904 -0.99851 -0.05455 -0.00000 -41.72319 -0.05455 0.99851 0.00000 -9.18963 -0.00000 0.00000 -1.00000 -0.00000
1607108535003907 -0.99867 -0.05165 0.00000 -41.75769 -0.05165 0.99867 0.00000 -9.06609 -0.00000 0.00000 -1.00000 -0.00000
1607108535253911 -0.99852 -0.05431 -0.00000 -41.73797 -0.05431 0.99852 0.00000 -9.17759 -0.00000 0.00000 -1.00000 -0.00000
1607108535503290 -0.99825 -0.05907 0.00000 -41.68573 -0.05907 0.99825 0.00000 -9.44581 -0.00000 0.00000 -1.00000 -0.00000
1607108535753294 -0.99832 -0.05788 0.00000 -41.71378 -0.05788 0.99832 0.00000 -9.31820 -0.00000 0.00000 -1.00000 -0.00000
1607108536003298 -0.99835 -0.05739 0.00000 -41.71573 -0.05739 0.99835 0.00000 -9.30613 -0.00000 0.00000 -1.00000 -0.00000
1607108536253302 -0.99802 -0.06297 0.00000 -41.70619 -0.06297 0.99802 0.00000 -9.52198 -0.00000 0.00000 -1.00000 -0.00000
1607108536503305 -0.99779 -0.06644 0.00000 -41.75207 -0.06644 0.99779 0.00000 -9.66301 -0.00000 0.00000 -1.00000 -0.00000
1607108536752680 -0.99671 -0.08110 -0.00000 -41.72075 -0.08110 0.99671 0.00000 -10.34866 -0.00000 0.00000 -1.00000 -0.00000
1607108537002688 -0.99626 -0.08645 0.00000 -41.83640 -0.08645 0.99626 0.00000 -10.51904 -0.00000 0.00000 -1.00000 -0.00000
1607108537252687 -0.99418 -0.10776 0.00000 -41.81114 -0.10776 0.99418 0.00000 -11.42829 -0.00000 0.00000 -1.00000 -0.00000
1607108537502691 -0.99204 -0.12596 0.00000 -41.90611 -0.12596 0.99204 0.00000 -12.13080 -0.00000 0.00000 -1.00000 -0.00000
1607108537752695 -0.98920 -0.14655 0.00000 -41.95671 -0.14655 0.98920 0.00000 -13.04259 -0.00000 0.00000 -1.00000 -0.00000
1607108538002075 -0.98403 -0.17802 0.00000 -41.87034 -0.17802 0.98403 0.00000 -14.38334 -0.00000 0.00000 -1.00000 -0.00000
1607108538252079 -0.97849 -0.20632 -0.00000 -41.80989 -0.20632 0.97849 0.00000 -15.51200 -0.00000 0.00000 -1.00000 -0.00000
1607108538502084 -0.97542 -0.22035 0.00000 -41.95572 -0.22035 0.97542 0.00000 -16.05374 -0.00000 0.00000 -1.00000 -0.00000
1607108538752090 -0.97204 -0.23483 0.00000 -42.08041 -0.23483 0.97204 0.00000 -16.71143 -0.00000 0.00000 -1.00000 -0.00000
1607108539002088 -0.96856 -0.24879 0.00000 -42.16589 -0.24879 0.96856 0.00000 -17.27239 -0.00000 0.00000 -1.00000 -0.00000
1607108539252094 -0.96651 -0.25664 0.00000 -42.32355 -0.25664 0.96651 0.00000 -17.60621 -0.00000 0.00000 -1.00000 -0.00000
1607108539502100 -0.96771 -0.25207 -0.00000 -42.66578 -0.25207 0.96771 0.00000 -17.43884 -0.00000 0.00000 -1.00000 -0.00000
1607108539751477 -0.96480 -0.26297 -0.00000 -42.73658 -0.26297 0.96480 0.00000 -17.98254 -0.00000 0.00000 -1.00000 -0.00000
1607108540001481 -0.96438 -0.26454 0.00000 -43.03919 -0.26454 0.96438 0.00000 -17.95153 -0.00000 0.00000 -1.00000 -0.00000
1607108540251482 -0.96512 -0.26181 0.00000 -43.37444 -0.26181 0.96512 0.00000 -17.83842 -0.00000 0.00000 -1.00000 -0.00000
1607108540501483 -0.96702 -0.25472 -0.00000 -43.80800 -0.25472 0.96702 0.00000 -17.57422 -0.00000 0.00000 -1.00000 -0.00000
1607108540751533 -0.96959 -0.24472 0.00000 -44.39178 -0.24472 0.96959 0.00000 -17.12434 -0.00000 0.00000 -1.00000 -0.00000
1607108541001492 -0.97005 -0.24291 -0.00000 -44.79392 -0.24291 0.97005 0.00000 -17.01915 -0.00000 0.00000 -1.00000 -0.00000
1607108541251493 -0.97340 -0.22912 -0.00000 -45.49704 -0.22912 0.97340 0.00000 -16.35631 -0.00000 0.00000 -1.00000 -0.00000
1607108541500879 -0.97554 -0.21982 -0.00000 -46.12037 -0.21982 0.97554 0.00000 -16.03936 -0.00000 0.00000 -1.00000 -0.00000
1607108541751504 -0.97714 -0.21257 0.00000 -46.81436 -0.21257 0.97714 0.00000 -15.77102 -0.00000 0.00000 -1.00000 -0.00000
1607108542001507 -0.97780 -0.20953 0.00000 -47.52708 -0.20953 0.97780 0.00000 -15.55533 -0.00000 0.00000 -1.00000 -0.00000
1607108542252147 -0.97976 -0.20017 0.00000 -48.36991 -0.20017 0.97976 0.00000 -15.05557 -0.00000 0.00000 -1.00000 -0.00000
