1631215692723546 1.00000 0.00000 0.00000 -0.00000 0.00000 -1.00000 0.00000 0.00000 0.00000 -0.00000 -1.00000 0.00000
1631215692973547 0.99994 -0.01080 0.00000 -0.03567 -0.01080 -0.99994 0.00000 0.02694 -0.00000 -0.00000 -1.00000 0.00000
1631215693222929 1.00000 -0.00067 -0.00000 0.00093 -0.00067 -1.00000 0.00000 0.00766 -0.00000 -0.00000 -1.00000 0.00000
1631215693472311 0.99997 -0.00727 0.00000 -0.03453 -0.00727 -0.99997 0.00000 -0.00075 -0.00000 -0.00000 -1.00000 -0.00000
1631215693721681 0.99999 0.00384 0.00000 0.01190 0.00384 -0.99999 0.00000 0.03220 0.00000 -0.00000 -1.00000 0.00000
1631215693971688 1.00000 -0.00144 0.00000 -0.05799 -0.00144 -1.00000 0.00000 -0.02616 -0.00000 -0.00000 -1.00000 -0.00000
1631215694222326 1.00000 0.00108 0.00000 0.02301 0.00108 -1.00000 0.00000 0.00686 0.00000 -0.00000 -1.00000 0.00000
1631215694473576 1.00000 -0.00178 0.00000 -0.03080 -0.00178 -1.00000 0.00000 0.04080 -0.00000 -0.00000 -1.00000 0.00000
1631215694724200 1.00000 -0.00046 0.00000 -0.02027 -0.00046 -1.00000 0.00000 -0.01735 -0.00000 -0.00000 -1.00000 -0.00000
1631215694975454 0.99995 -0.00987 0.00000 -0.00607 -0.00987 -0.99995 0.00000 0.06785 -0.00000 -0.00000 -1.00000 0.00000
1631215695224833 0.99999 0.00338 0.00000 -0.01141 0.00338 -0.99999 0.00000 -0.01491 0.00000 -0.00000 -1.00000 -0.00000
1631215695474217 1.00000 -0.00104 0.00000 -0.01104 -0.00104 -1.00000 0.00000 -0.03769 -0.00000 -0.00000 -1.00000 -0.00000
1631215695724220 0.99999 -0.00387 0.00000 -0.02556 -0.00387 -0.99999 0.00000 0.03357 -0.00000 -0.00000 -1.00000 0.00000
1631215695973607 0.99999 -0.00403 0.00000 -0.01153 -0.00403 -0.99999 0.00000 0.00183 -0.00000 -0.00000 -1.00000 0.00000
1631215696222975 1.00000 -0.00080 0.00000 -0.00351 -0.00080 -1.00000 0.00000 0.00852 -0.00000 -0.00000 -1.00000 0.00000
1631215696472357 1.00000 0.00051 -0.00000 -0.00599 0.00051 -1.00000 0.00000 -0.00480 0.00000 -0.00000 -1.00000 -0.00000
1631215696722361 0.99998 -0.00650 0.00000 -0.04039 -0.00650 -0.99998 0.00000 0.03091 -0.00000 -0.00000 -1.00000 0.00000
1631215696971741 1.00000 -0.00103 0.00000 -0.01313 -0.00103 -1.00000 0.00000 0.01594 -0.00000 -0.00000 -1.00000 0.00000
1631215697221741 1.00000 -0.00269 -0.00000 -0.03390 -0.00269 -1.00000 0.00000 0.03155 -0.00000 -0.00000 -1.00000 0.00000
1631215697471749 1.00000 -0.00120 -0.00000 -0.04011 -0.00120 -1.00000 0.00000 -0.00631 -0.00000 -0.00000 -1.00000 -0.00000
1631215697723016 1.00000 -0.00146 0.00000 -0.01830 -0.00146 -1.00000 0.00000 0.01555 -0.00000 -0.00000 -1.00000 0.00000
1631215697973635 1.00000 -0.00142 0.00000 -0.04868 -0.00142 -1.00000 0.00000 0.01568 -0.00000 -0.00000 -1.00000 0.00000
1631215698224260 1.00000 -0.00266 0.00000 -0.08274 -0.00266 -1.00000 0.00000 -0.05708 -0.00000 -0.00000 -1.00000 -0.00000
1631215698474267 1.00000 0.00010 -0.00000 -0.09983 0.00010 -1.00000 0.00000 0.05128 0.00000 -0.00000 -1.00000 0.00000
1631215698723647 1.00000 0.00110 0.00000 -0.19698 0.00110 -1.00000 0.00000 -0.01525 0.00000 -0.00000 -1.00000 -0.00000
1631215698973658 0.99998 0.00610 -0.00000 -0.29197 0.00610 -0.99998 0.00000 -0.08729 0.00000 -0.00000 -1.00000 -0.00000
1631215699223028 0.99989 0.01457 0.00000 -0.53238 0.01457 -0.99989 0.00000 0.02271 0.00000 -0.00000 -1.00000 0.00000
1631215699473035 0.99976 0.02198 0.00000 -0.80038 0.02198 -0.99976 0.00000 -0.01787 0.00000 -0.00000 -1.00000 -0.00000
1631215699722414 0.99927 0.03809 0.00000 -1.06988 0.03809 -0.99927 0.00000 -0.05048 0.00000 -0.00000 -1.00000 -0.00000
1631215699972414 0.99908 0.04283 0.00000 -1.53623 0.04283 -0.99908 0.00000 0.02695 0.00000 -0.00000 -1.00000 0.00000
1631215700222419 0.99858 0.05329 0.00000 -2.09777 0.05329 -0.99858 0.00000 0.04283 0.00000 -0.00000 -1.00000 0.00000
1631215700473057 0.99797 0.06364 0.00000 -2.71360 0.06364 -0.99797 0.00000 -0.07396 0.00000 -0.00000 -1.00000 -0.00000
1631215700723675 0.99740 0.07204 0.00000 -3.36585 0.07204 -0.99740 0.00000 -0.18707 0.00000 -0.00000 -1.00000 -0.00000
1631215700974936 0.99671 0.08104 0.00000 -4.09375 0.08104 -0.99671 0.00000 -0.22735 0.00000 -0.00000 -1.00000 -0.00000
1631215701225564 0.99699 0.07747 0.00000 -4.82273 0.07747 -0.99699 0.00000 -0.08877 0.00000 -0.00000 -1.00000 -0.00000
1631215701475296 0.99677 0.08036 0.00000 -5.63826 0.08036 -0.99677 0.00000 -0.20038 0.00000 -0.00000 -1.00000 -0.00000
1631215701724946 0.99723 0.07433 0.00000 -6.60673 0.07433 -0.99723 0.00000 -0.10148 0.00000 -0.00000 -1.00000 -0.00000
1631215701974325 0.99790 0.06477 0.00000 -7.43039 0.06477 -0.99790 0.00000 -0.11229 0.00000 -0.00000 -1.00000 -0.00000
1631215702224332 0.99859 0.05313 0.00000 -8.44609 0.05313 -0.99859 0.00000 -0.01575 0.00000 -0.00000 -1.00000 -0.00000
1631215702473705 0.99903 0.04414 0.00000 -9.48078 0.04414 -0.99903 0.00000 -0.04656 0.00000 -0.00000 -1.00000 -0.00000
1631215702723082 0.99920 0.04000 -0.00000 -10.60289 0.04000 -0.99920 0.00000 0.05925 0.00000 -0.00000 -1.00000 0.00000
1631215702973092 0.99957 0.02943 0.00000 -11.68074 0.02943 -0.99957 0.00000 0.10201 0.00000 -0.00000 -1.00000 0.00000
1631215703223097 0.99978 0.02107 0.00000 -12.89912 0.02107 -0.99978 0.00000 0.18513 0.00000 -0.00000 -1.00000 0.00000
1631215703472476 0.99961 0.02784 0.00000 -14.05057 0.02784 -0.99961 0.00000 0.12611 0.00000 -0.00000 -1.00000 0.00000
1631215703722472 0.99980 0.01994 0.00000 -15.40042 0.01994 -0.99980 0.00000 0.21889 0.00000 -0.00000 -1.00000 0.00000
1631215703973121 0.99978 0.02101 -0.00000 -16.79240 0.02101 -0.99978 0.00000 0.13062 0.00000 -0.00000 -1.00000 0.00000
1631215704223732 0.99976 0.02171 0.00000 -18.21897 0.02171 -0.99976 0.00000 0.09537 0.00000 -0.00000 -1.00000 0.00000
1631215704474360 0.99980 0.02007 0.00000 -19.70676 0.02007 -0.99980 0.00000 0.12207 0.00000 -0.00000 -1.00000 0.00000
1631215704724361 0.99983 0.01842 0.00000 -21.13750 0.01842 -0.99983 0.00000 0.22800 0.00000 -0.00000 -1.00000 0.00000
1631215704973748 0.99982 0.01883 0.00000 -22.70103 0.01883 -0.99982 0.00000 0.16432 0.00000 -0.00000 -1.00000 0.00000
1631215705223124 0.99981 0.01937 0.00000 -24.24958 0.01937 -0.99981 0.00000 -0.03290 0.00000 -0.00000 -1.00000 -0.00000
1631215705473131 0.99999 0.00407 0.00000 -25.96482 0.00407 -0.99999 0.00000 0.39764 0.00000 -0.00000 -1.00000 0.00000
1631215705722503 0.99997 0.00807 -0.00000 -27.64257 0.00807 -0.99997 0.00000 0.31777 0.00000 -0.00000 -1.00000 0.00000
1631215705971884 0.99999 0.00495 0.00000 -29.40568 0.00495 -0.99999 0.00000 0.37302 0.00000 -0.00000 -1.00000 0.00000
1631215706221884 0.99998 0.00693 -0.00000 -31.19304 0.00693 -0.99998 0.00000 0.27290 0.00000 -0.00000 -1.00000 0.00000
1631215706472517 0.99997 0.00709 0.00000 -33.03842 0.00709 -0.99997 0.00000 0.31104 0.00000 -0.00000 -1.00000 0.00000
1631215706723772 0.99995 0.00965 0.00000 -34.86816 0.00965 -0.99995 0.00000 0.33505 0.00000 -0.00000 -1.00000 0.00000
1631215706974406 0.99997 0.00787 0.00000 -36.82266 0.00787 -0.99997 0.00000 0.31646 0.00000 -0.00000 -1.00000 0.00000
1631215707224411 0.99993 0.01218 0.00000 -38.81874 0.01218 -0.99993 0.00000 0.02021 0.00000 -0.00000 -1.00000 0.00000
1631215707474411 0.99995 0.01038 -0.00000 -40.78534 0.01038 -0.99995 0.00000 0.08507 0.00000 -0.00000 -1.00000 0.00000
1631215707724419 0.99998 0.00666 0.00000 -42.81988 0.00666 -0.99998 0.00000 0.37170 0.00000 -0.00000 -1.00000 0.00000
1631215707973798 0.99998 0.00683 0.00000 -44.93285 0.00683 -0.99998 0.00000 0.26721 0.00000 -0.00000 -1.00000 0.00000
1631215708223797 1.00000 0.00190 -0.00000 -47.07683 0.00190 -1.00000 0.00000 0.43076 0.00000 -0.00000 -1.00000 0.00000
1631215708473809 1.00000 -0.00142 0.00000 -49.23211 -0.00142 -1.00000 0.00000 0.57986 -0.00000 -0.00000 -1.00000 0.00000
1631215708723186 1.00000 0.00157 0.00000 -51.41373 0.00157 -1.00000 0.00000 0.30405 0.00000 -0.00000 -1.00000 0.00000
1631215708972568 1.00000 0.00193 -0.00000 -53.62472 0.00193 -1.00000 0.00000 0.29346 0.00000 -0.00000 -1.00000 0.00000
1631215709222563 0.99997 -0.00818 0.00000 -55.81364 -0.00818 -0.99997 0.00000 0.84436 -0.00000 -0.00000 -1.00000 0.00000
1631215709472569 0.99996 -0.00946 0.00000 -57.97262 -0.00946 -0.99996 0.00000 0.96858 -0.00000 -0.00000 -1.00000 0.00000
1631215709722568 0.99999 -0.00398 0.00000 -60.06058 -0.00398 -0.99999 0.00000 0.46014 -0.00000 -0.00000 -1.00000 0.00000
1631215709973826 0.99996 -0.00882 0.00000 -62.22675 -0.00882 -0.99996 0.00000 0.81503 -0.00000 -0.00000 -1.00000 0.00000
1631215710224463 0.99999 -0.00500 0.00000 -64.10494 -0.00500 -0.99999 0.00000 0.67435 -0.00000 -0.00000 -1.00000 0.00000
1631215710474462 1.00000 -0.00247 0.00000 -66.06320 -0.00247 -1.00000 0.00000 0.20709 -0.00000 -0.00000 -1.00000 0.00000
1631215710724459 0.99998 0.00655 -0.00000 -67.80097 0.00655 -0.99998 0.00000 -0.25744 0.00000 -0.00000 -1.00000 -0.00000
1631215710974473 1.00000 0.00245 0.00000 -69.50702 0.00245 -1.00000 0.00000 0.21729 0.00000 -0.00000 -1.00000 0.00000
1631215711223848 0.99999 0.00462 -0.00000 -71.10299 0.00462 -0.99999 0.00000 -0.21392 0.00000 -0.00000 -1.00000 -0.00000
1631215711473855 1.00000 0.00154 0.00000 -72.73614 0.00154 -1.00000 0.00000 0.10368 0.00000 -0.00000 -1.00000 0.00000
1631215711723233 0.99993 0.01190 0.00000 -74.25567 0.01190 -0.99993 0.00000 -0.74114 0.00000 -0.00000 -1.00000 -0.00000
1631215711972609 0.99994 0.01106 0.00000 -75.93424 0.01106 -0.99994 0.00000 -0.69890 0.00000 -0.00000 -1.00000 -0.00000
1631215712221987 0.99986 0.01650 0.00000 -77.41399 0.01650 -0.99986 0.00000 -1.26631 0.00000 -0.00000 -1.00000 -0.00000
1631215712471998 0.99999 0.00546 -0.00000 -79.04859 0.00546 -0.99999 0.00000 -0.19339 0.00000 -0.00000 -1.00000 -0.00000
1631215712721997 0.99989 0.01505 0.00000 -80.72848 0.01505 -0.99989 0.00000 -0.95374 0.00000 -0.00000 -1.00000 -0.00000
1631215712972632 0.99999 0.00478 0.00000 -82.35034 0.00478 -0.99999 0.00000 -0.21413 0.00000 -0.00000 -1.00000 -0.00000
1631215713223256 0.99987 0.01585 -0.00000 -84.11308 0.01585 -0.99987 0.00000 -1.10100 0.00000 -0.00000 -1.00000 -0.00000
1631215713473886 0.99996 0.00873 0.00000 -85.97538 0.00873 -0.99996 0.00000 -0.62266 0.00000 -0.00000 -1.00000 -0.00000
1631215713724515 0.99996 0.00875 0.00000 -87.91660 0.00875 -0.99996 0.00000 -0.63726 0.00000 -0.00000 -1.00000 -0.00000
1631215713974519 0.99995 0.01006 0.00000 -89.93002 0.01006 -0.99995 0.00000 -0.94827 0.00000 -0.00000 -1.00000 -0.00000
1631215714224519 0.99996 0.00865 0.00000 -92.00653 0.00865 -0.99996 0.00000 -0.71982 0.00000 -0.00000 -1.00000 -0.00000
1631215714474529 1.00000 0.00065 0.00000 -94.19862 0.00065 -1.00000 0.00000 -0.07786 0.00000 -0.00000 -1.00000 -0.00000
1631215714723906 0.99998 0.00597 0.00000 -96.44533 0.00597 -0.99998 0.00000 -0.58357 0.00000 -0.00000 -1.00000 -0.00000
1631215714973285 0.99999 0.00398 0.00000 -98.73259 0.00398 -0.99999 0.00000 -0.53402 0.00000 -0.00000 -1.00000 -0.00000
1631215715223290 1.00000 -0.00060 0.00000 -101.09924 -0.00060 -1.00000 0.00000 -0.09284 -0.00000 -0.00000 -1.00000 -0.00000
1631215715472695 0.99998 -0.00674 0.00000 -103.49418 -0.00674 -0.99998 0.00000 0.60101 -0.00000 -0.00000 -1.00000 0.00000
1631215715722712 0.99992 -0.01241 0.00000 -105.96957 -0.01241 -0.99992 0.00000 1.19272 -0.00000 -0.00000 -1.00000 0.00000
1631215715972706 0.99994 -0.01110 0.00000 -108.44319 -0.01110 -0.99994 0.00000 1.05147 -0.00000 -0.00000 -1.00000 0.00000
1631215716222706 1.00000 0.00134 0.00000 -110.99091 0.00134 -1.00000 0.00000 -0.42059 0.00000 -0.00000 -1.00000 -0.00000
1631215716473969 0.99998 -0.00658 0.00000 -113.58487 -0.00658 -0.99998 0.00000 0.45877 -0.00000 -0.00000 -1.00000 0.00000
1631215716724592 0.99999 -0.00477 0.00000 -116.13773 -0.00477 -0.99999 0.00000 0.09797 -0.00000 -0.00000 -1.00000 0.00000
1631215716975224 0.99999 -0.00473 0.00000 -118.79471 -0.00473 -0.99999 0.00000 0.17642 -0.00000 -0.00000 -1.00000 0.00000
1631215717225222 0.99999 -0.00463 0.00000 -121.39517 -0.00463 -0.99999 0.00000 0.19375 -0.00000 -0.00000 -1.00000 0.00000
1631215717474598 1.00000 -0.00072 0.00000 -124.03216 -0.00072 -1.00000 0.00000 -0.35680 -0.00000 -0.00000 -1.00000 -0.00000
1631215717723979 0.99998 0.00643 -0.00000 -126.63731 0.00643 -0.99998 0.00000 -1.30316 0.00000 -0.00000 -1.00000 -0.00000
1631215717973983 1.00000 -0.00074 0.00000 -129.35344 -0.00074 -1.00000 0.00000 -0.34806 -0.00000 -0.00000 -1.00000 -0.00000
1631215718223367 1.00000 0.00121 0.00000 -132.04154 0.00121 -1.00000 0.00000 -0.78442 0.00000 -0.00000 -1.00000 -0.00000
1631215718472750 1.00000 -0.00288 0.00000 -134.72138 -0.00288 -1.00000 0.00000 -0.22443 -0.00000 -0.00000 -1.00000 -0.00000
1631215718722755 0.99999 -0.00327 0.00000 -137.40279 -0.00327 -0.99999 0.00000 -0.17809 -0.00000 -0.00000 -1.00000 -0.00000
1631215718972752 1.00000 0.00059 0.00000 -140.10033 0.00059 -1.00000 0.00000 -0.74991 0.00000 -0.00000 -1.00000 -0.00000
1631215719223377 1.00000 -0.00211 0.00000 -142.87070 -0.00211 -1.00000 0.00000 -0.38466 -0.00000 -0.00000 -1.00000 -0.00000
1631215719474009 1.00000 -0.00056 0.00000 -145.55992 -0.00056 -1.00000 0.00000 -0.63659 -0.00000 -0.00000 -1.00000 -0.00000
1631215719724649 0.99993 0.01191 0.00000 -148.21657 0.01191 -0.99993 0.00000 -2.59593 0.00000 -0.00000 -1.00000 -0.00000
1631215719975265 0.99998 0.00663 0.00000 -150.84988 0.00663 -0.99998 0.00000 -1.70737 0.00000 -0.00000 -1.00000 -0.00000
1631215720225274 0.99996 0.00861 0.00000 -153.53746 0.00861 -0.99996 0.00000 -2.15624 0.00000 -0.00000 -1.00000 -0.00000
1631215720475259 1.00000 -0.00064 0.00000 -156.24873 -0.00064 -1.00000 0.00000 -0.78909 -0.00000 -0.00000 -1.00000 -0.00000
1631215720724636 1.00000 0.00294 -0.00000 -158.84083 0.00294 -1.00000 0.00000 -1.41136 0.00000 -0.00000 -1.00000 -0.00000
1631215720974019 0.99996 0.00885 -0.00000 -161.48479 0.00885 -0.99996 0.00000 -2.39910 0.00000 -0.00000 -1.00000 -0.00000
1631215721223392 0.99995 0.01041 -0.00000 -164.12237 0.01041 -0.99995 0.00000 -2.74367 0.00000 -0.00000 -1.00000 -0.00000
1631215721472774 0.99987 0.01621 0.00000 -166.76100 0.01621 -0.99987 0.00000 -3.62535 0.00000 -0.00000 -1.00000 -0.00000
1631215721722778 1.00000 0.00298 0.00000 -169.49302 0.00298 -1.00000 0.00000 -1.55599 0.00000 -0.00000 -1.00000 -0.00000
1631215721972155 0.99992 0.01258 -0.00000 -172.11959 0.01258 -0.99992 0.00000 -3.18601 0.00000 -0.00000 -1.00000 -0.00000
1631215722222161 0.99999 0.00380 -0.00000 -174.74632 0.00380 -0.99999 0.00000 -1.88837 0.00000 -0.00000 -1.00000 -0.00000
1631215722472788 1.00000 -0.00213 -0.00000 -177.17003 -0.00213 -1.00000 0.00000 -0.81735 -0.00000 -0.00000 -1.00000 -0.00000
1631215722724057 0.99991 -0.01376 0.00000 -179.70188 -0.01376 -0.99991 0.00000 1.33902 -0.00000 -0.00000 -1.00000 0.00000
1631215722974675 0.99994 -0.01117 -0.00000 -181.97183 -0.01117 -0.99994 0.00000 0.87351 -0.00000 -0.00000 -1.00000 0.00000
1631215723224680 0.99997 -0.00827 0.00000 -184.17980 -0.00827 -0.99997 0.00000 0.30112 -0.00000 -0.00000 -1.00000 0.00000
1631215723474678 0.99997 -0.00805 0.00000 -186.19956 -0.00805 -0.99997 0.00000 0.21219 -0.00000 -0.00000 -1.00000 0.00000
1631215723724700 0.99992 -0.01239 0.00000 -188.24111 -0.01239 -0.99992 0.00000 1.06552 -0.00000 -0.00000 -1.00000 0.00000
1631215723974066 1.00000 -0.00266 -0.00000 -190.11438 -0.00266 -1.00000 0.00000 -0.93267 -0.00000 -0.00000 -1.00000 -0.00000
1631215724223443 0.99999 -0.00501 0.00000 -191.95713 -0.00501 -0.99999 0.00000 -0.45022 -0.00000 -0.00000 -1.00000 -0.00000
1631215724472866 1.00000 -0.00268 0.00000 -193.62060 -0.00268 -1.00000 0.00000 -0.95050 -0.00000 -0.00000 -1.00000 -0.00000
1631215724722831 0.99991 -0.01359 0.00000 -195.32842 -0.01359 -0.99991 0.00000 1.11618 -0.00000 -0.00000 -1.00000 0.00000
1631215724972831 1.00000 -0.00236 0.00000 -197.04967 -0.00236 -1.00000 0.00000 -1.14773 -0.00000 -0.00000 -1.00000 -0.00000
1631215725223464 1.00000 -0.00111 0.00000 -198.86317 -0.00111 -1.00000 0.00000 -1.33829 -0.00000 -0.00000 -1.00000 -0.00000
1631215725474087 0.99999 0.00358 0.00000 -200.45239 0.00358 -0.99999 0.00000 -2.47327 0.00000 -0.00000 -1.00000 -0.00000
1631215725724100 1.00000 0.00098 -0.00000 -202.10571 0.00098 -1.00000 0.00000 -1.90572 0.00000 -0.00000 -1.00000 -0.00000
1631215725974096 1.00000 0.00021 -0.00000 -203.77328 0.00021 -1.00000 0.00000 -1.83602 0.00000 -0.00000 -1.00000 -0.00000
1631215726224112 1.00000 -0.00074 0.00000 -205.37831 -0.00074 -1.00000 0.00000 -1.66015 -0.00000 -0.00000 -1.00000 -0.00000
1631215726473484 1.00000 0.00253 0.00000 -207.12120 0.00253 -1.00000 0.00000 -2.34974 0.00000 -0.00000 -1.00000 -0.00000
1631215726722867 0.99997 0.00722 0.00000 -208.91902 0.00722 -0.99997 0.00000 -3.52124 0.00000 -0.00000 -1.00000 -0.00000
1631215726972872 1.00000 0.00126 0.00000 -210.72643 0.00126 -1.00000 0.00000 -2.12358 0.00000 -0.00000 -1.00000 -0.00000
1631215727222870 1.00000 -0.00050 0.00000 -212.51808 -0.00050 -1.00000 0.00000 -1.84931 -0.00000 -0.00000 -1.00000 -0.00000
1631215727472872 1.00000 -0.00105 -0.00000 -214.48212 -0.00105 -1.00000 0.00000 -1.72229 -0.00000 -0.00000 -1.00000 -0.00000
1631215727724133 1.00000 -0.00239 0.00000 -216.49591 -0.00239 -1.00000 0.00000 -1.39225 -0.00000 -0.00000 -1.00000 -0.00000
1631215727974754 1.00000 0.00070 0.00000 -218.60995 0.00070 -1.00000 0.00000 -2.23817 0.00000 -0.00000 -1.00000 -0.00000
1631215728225392 0.99995 -0.00990 0.00000 -220.71158 -0.00990 -0.99995 0.00000 0.19847 -0.00000 -0.00000 -1.00000 0.00000
1631215728474771 0.99998 -0.00602 0.00000 -222.81961 -0.00602 -0.99998 0.00000 -0.79412 -0.00000 -0.00000 -1.00000 -0.00000
1631215728724780 0.99996 -0.00918 -0.00000 -225.15472 -0.00918 -0.99996 0.00000 0.15227 -0.00000 -0.00000 -1.00000 0.00000
1631215728974149 0.99995 -0.00997 0.00000 -227.54284 -0.00997 -0.99995 0.00000 0.10741 -0.00000 -0.00000 -1.00000 0.00000
1631215729223531 0.99997 -0.00733 0.00000 -229.79556 -0.00733 -0.99997 0.00000 -0.47997 -0.00000 -0.00000 -1.00000 -0.00000
1631215729472908 0.99998 -0.00575 0.00000 -232.24642 -0.00575 -0.99998 0.00000 -0.80557 -0.00000 -0.00000 -1.00000 -0.00000
1631215729722910 0.99996 -0.00912 0.00000 -234.66718 -0.00912 -0.99996 0.00000 -0.02142 -0.00000 -0.00000 -1.00000 -0.00000
1631215729972918 0.99994 -0.01100 0.00000 -237.17643 -0.01100 -0.99994 0.00000 0.19662 -0.00000 -0.00000 -1.00000 0.00000
1631215730223548 0.99993 -0.01212 -0.00000 -239.66360 -0.01212 -0.99993 0.00000 0.52374 -0.00000 -0.00000 -1.00000 0.00000
1631215730474175 0.99995 -0.01040 -0.00000 -242.13801 -0.01040 -0.99995 0.00000 0.03599 -0.00000 -0.00000 -1.00000 0.00000
1631215730725430 0.99985 -0.01713 0.00000 -244.65140 -0.01713 -0.99985 0.00000 1.85152 -0.00000 -0.00000 -1.00000 0.00000
1631215730975431 0.99983 -0.01830 0.00000 -247.16026 -0.01830 -0.99983 0.00000 1.94268 -0.00000 -0.00000 -1.00000 0.00000
1631215731224813 0.99992 -0.01245 0.00000 -249.75941 -0.01245 -0.99992 0.00000 0.56263 -0.00000 -0.00000 -1.00000 0.00000
1631215731474814 0.99990 -0.01398 0.00000 -252.23362 -0.01398 -0.99990 0.00000 0.99075 -0.00000 -0.00000 -1.00000 0.00000
1631215731724198 0.99995 -0.00994 0.00000 -254.82832 -0.00994 -0.99995 0.00000 -0.26802 -0.00000 -0.00000 -1.00000 -0.00000
1631215731974201 0.99996 -0.00935 -0.00000 -257.30863 -0.00935 -0.99996 0.00000 -0.40888 -0.00000 -0.00000 -1.00000 -0.00000
1631215732223581 0.99996 -0.00929 0.00000 -259.83239 -0.00929 -0.99996 0.00000 -0.42404 -0.00000 -0.00000 -1.00000 -0.00000
1631215732472965 0.99995 -0.01034 0.00000 -262.30332 -0.01034 -0.99995 0.00000 -0.46647 -0.00000 -0.00000 -1.00000 -0.00000
1631215732722336 0.99999 -0.00384 -0.00000 -264.78117 -0.00384 -0.99999 0.00000 -2.08290 -0.00000 -0.00000 -1.00000 -0.00000
1631215732972343 0.99999 -0.00481 0.00000 -267.16718 -0.00481 -0.99999 0.00000 -1.92999 -0.00000 -0.00000 -1.00000 -0.00000
1631215733222971 0.99994 -0.01138 0.00000 -269.63706 -0.01138 -0.99994 0.00000 -0.02920 -0.00000 -0.00000 -1.00000 -0.00000
1631215733473599 0.99999 -0.00365 0.00000 -271.98400 -0.00365 -0.99999 0.00000 -2.52779 -0.00000 -0.00000 -1.00000 -0.00000
1631215733724863 0.99997 -0.00764 -0.00000 -274.33724 -0.00764 -0.99997 0.00000 -1.19644 -0.00000 -0.00000 -1.00000 -0.00000
1631215733974857 1.00000 -0.00126 0.00000 -276.62062 -0.00126 -1.00000 0.00000 -3.06322 -0.00000 -0.00000 -1.00000 -0.00000
1631215734225497 0.99997 -0.00826 0.00000 -278.98500 -0.00826 -0.99997 0.00000 -1.12378 -0.00000 -0.00000 -1.00000 -0.00000
1631215734474865 0.99998 -0.00608 0.00000 -281.21122 -0.00608 -0.99998 0.00000 -1.72712 -0.00000 -0.00000 -1.00000 -0.00000
1631215734724246 0.99998 -0.00586 -0.00000 -283.45679 -0.00586 -0.99998 0.00000 -1.85334 -0.00000 -0.00000 -1.00000 -0.00000
1631215734974252 0.99999 -0.00430 0.00000 -285.66703 -0.00430 -0.99999 0.00000 -2.25563 -0.00000 -0.00000 -1.00000 -0.00000
1631215735223630 0.99997 -0.00834 0.00000 -287.92723 -0.00834 -0.99997 0.00000 -1.17795 -0.00000 -0.00000 -1.00000 -0.00000
1631215735473016 0.99997 -0.00731 0.00000 -290.16059 -0.00731 -0.99997 0.00000 -1.45962 -0.00000 -0.00000 -1.00000 -0.00000
1631215735723014 0.99996 -0.00858 0.00000 -292.40363 -0.00858 -0.99996 0.00000 -1.16742 -0.00000 -0.00000 -1.00000 -0.00000
1631215735973018 0.99995 -0.00954 -0.00000 -294.67272 -0.00954 -0.99995 0.00000 -0.78234 -0.00000 -0.00000 -1.00000 -0.00000
1631215736223647 0.99994 -0.01074 0.00000 -297.05670 -0.01074 -0.99994 0.00000 -0.36620 -0.00000 -0.00000 -1.00000 -0.00000
1631215736474272 0.99996 -0.00852 0.00000 -299.38342 -0.00852 -0.99996 0.00000 -1.15810 -0.00000 -0.00000 -1.00000 -0.00000
1631215736724905 0.99987 -0.01612 0.00000 -301.75873 -0.01612 -0.99987 0.00000 1.00152 -0.00000 -0.00000 -1.00000 0.00000
1631215736975533 0.99978 -0.02109 0.00000 -304.05312 -0.02109 -0.99978 0.00000 2.55279 -0.00000 -0.00000 -1.00000 0.00000
1631215737225539 0.99972 -0.02363 0.00000 -306.35943 -0.02363 -0.99972 0.00000 3.30703 -0.00000 -0.00000 -1.00000 0.00000
1631215737474919 0.99985 -0.01727 0.00000 -308.66132 -0.01727 -0.99985 0.00000 1.32023 -0.00000 -0.00000 -1.00000 0.00000
1631215737724293 0.99986 -0.01646 0.00000 -310.99545 -0.01646 -0.99986 0.00000 1.03221 -0.00000 -0.00000 -1.00000 0.00000
1631215737973679 0.99994 -0.01100 0.00000 -313.24434 -0.01100 -0.99994 0.00000 -0.77137 -0.00000 -0.00000 -1.00000 -0.00000
1631215738223056 0.99997 -0.00732 0.00000 -315.58782 -0.00732 -0.99997 0.00000 -2.04663 -0.00000 -0.00000 -1.00000 -0.00000
1631215738473059 0.99992 -0.01245 -0.00000 -317.88395 -0.01245 -0.99992 0.00000 -0.37381 -0.00000 -0.00000 -1.00000 -0.00000
1631215738722440 0.99999 -0.00453 0.00000 -320.15182 -0.00453 -0.99999 0.00000 -2.97102 -0.00000 -0.00000 -1.00000 -0.00000
1631215738972445 0.99999 -0.00362 0.00000 -322.41494 -0.00362 -0.99999 0.00000 -3.49280 -0.00000 -0.00000 -1.00000 -0.00000
1631215739223072 1.00000 -0.00058 0.00000 -324.68521 -0.00058 -1.00000 0.00000 -4.38035 -0.00000 -0.00000 -1.00000 -0.00000
1631215739473701 1.00000 0.00190 0.00000 -326.92216 0.00190 -1.00000 0.00000 -5.24009 0.00000 -0.00000 -1.00000 -0.00000
1631215739724956 0.99998 -0.00663 0.00000 -329.12939 -0.00663 -0.99998 0.00000 -2.19628 -0.00000 -0.00000 -1.00000 -0.00000
1631215739974953 0.99998 -0.00671 0.00000 -331.30730 -0.00671 -0.99998 0.00000 -2.31733 -0.00000 -0.00000 -1.00000 -0.00000
1631215740224960 0.99995 -0.01031 0.00000 -333.36518 -0.01031 -0.99995 0.00000 -1.18122 -0.00000 -0.00000 -1.00000 -0.00000
1631215740474381 0.99995 -0.01028 0.00000 -335.46892 -0.01028 -0.99995 0.00000 -1.02380 -0.00000 -0.00000 -1.00000 -0.00000
1631215740724348 0.99995 -0.00996 -0.00000 -337.41167 -0.00996 -0.99995 0.00000 -1.26076 -0.00000 -0.00000 -1.00000 -0.00000
1631215740973726 0.99994 -0.01071 0.00000 -339.33509 -0.01071 -0.99994 0.00000 -0.95397 -0.00000 -0.00000 -1.00000 -0.00000
1631215741223107 0.99991 -0.01325 0.00000 -341.08790 -0.01325 -0.99991 0.00000 -0.30594 -0.00000 -0.00000 -1.00000 -0.00000
1631215741473104 0.99982 -0.01898 0.00000 -342.79927 -0.01898 -0.99982 0.00000 1.57582 -0.00000 -0.00000 -1.00000 0.00000
1631215741722487 0.99990 -0.01392 -0.00000 -344.35342 -0.01392 -0.99990 0.00000 -0.07229 -0.00000 -0.00000 -1.00000 -0.00000
1631215741973113 0.99998 -0.00625 0.00000 -346.03547 -0.00625 -0.99998 0.00000 -2.59200 -0.00000 -0.00000 -1.00000 -0.00000
1631215742223750 0.99995 0.01020 0.00000 -347.46839 0.01020 -0.99995 0.00000 -8.29548 0.00000 -0.00000 -1.00000 -0.00000
1631215742474999 0.99995 0.01005 0.00000 -348.99112 0.01005 -0.99995 0.00000 -8.37927 0.00000 -0.00000 -1.00000 -0.00000
1631215742724996 0.99963 0.02725 0.00000 -350.44247 0.02725 -0.99963 0.00000 -14.34857 0.00000 -0.00000 -1.00000 -0.00000
1631215742975011 0.99959 0.02846 0.00000 -351.84285 0.02846 -0.99959 0.00000 -14.89417 0.00000 -0.00000 -1.00000 -0.00000
1631215743225014 0.99902 0.04433 0.00000 -352.94709 0.04433 -0.99902 0.00000 -20.37164 0.00000 -0.00000 -1.00000 -0.00000
1631215743474394 0.99878 0.04934 0.00000 -354.41210 0.04934 -0.99878 0.00000 -22.33344 0.00000 -0.00000 -1.00000 -0.00000
1631215743723767 0.99849 0.05502 0.00000 -355.76149 0.05502 -0.99849 0.00000 -24.26135 0.00000 -0.00000 -1.00000 -0.00000
1631215743973154 0.99812 0.06135 0.00000 -357.14747 0.06135 -0.99812 0.00000 -26.67059 0.00000 -0.00000 -1.00000 -0.00000
1631215744223157 0.99808 0.06200 -0.00000 -358.78215 0.06200 -0.99808 0.00000 -26.84617 0.00000 -0.00000 -1.00000 -0.00000
1631215744473160 0.99786 0.06545 0.00000 -360.28187 0.06545 -0.99786 0.00000 -28.07001 0.00000 -0.00000 -1.00000 -0.00000
1631215744723789 0.99760 0.06927 0.00000 -361.95610 0.06927 -0.99760 0.00000 -29.54884 0.00000 -0.00000 -1.00000 -0.00000
1631215744974412 0.99798 0.06352 0.00000 -363.92730 0.06352 -0.99798 0.00000 -27.45959 0.00000 -0.00000 -1.00000 -0.00000
1631215745225043 0.99864 0.05211 0.00000 -366.01672 0.05211 -0.99864 0.00000 -23.26815 0.00000 -0.00000 -1.00000 -0.00000
1631215745474427 0.99844 0.05584 0.00000 -367.75164 0.05584 -0.99844 0.00000 -24.75774 0.00000 -0.00000 -1.00000 -0.00000
1631215745724430 0.99873 0.05031 0.00000 -369.65116 0.05031 -0.99873 0.00000 -22.51740 0.00000 -0.00000 -1.00000 -0.00000
1631215745973808 0.99909 0.04270 -0.00000 -371.64150 0.04270 -0.99909 0.00000 -19.70591 0.00000 -0.00000 -1.00000 -0.00000
1631215746223184 0.99923 0.03926 0.00000 -373.35340 0.03926 -0.99923 0.00000 -18.45769 0.00000 -0.00000 -1.00000 -0.00000
1631215746472569 0.99918 0.04041 0.00000 -375.02473 0.04041 -0.99918 0.00000 -18.88754 0.00000 -0.00000 -1.00000 -0.00000
1631215746722570 0.99917 0.04077 0.00000 -376.58965 0.04077 -0.99917 0.00000 -19.06568 0.00000 -0.00000 -1.00000 -0.00000
1631215746973201 0.99923 0.03929 -0.00000 -378.15279 0.03929 -0.99923 0.00000 -18.43693 0.00000 -0.00000 -1.00000 -0.00000
1631215747223824 0.99948 0.03220 0.00000 -379.70702 0.03220 -0.99948 0.00000 -15.85683 0.00000 -0.00000 -1.00000 -0.00000
1631215747474452 0.99964 0.02679 -0.00000 -381.10090 0.02679 -0.99964 0.00000 -13.81995 0.00000 -0.00000 -1.00000 -0.00000
1631215747724458 0.99980 0.02001 -0.00000 -382.42466 0.02001 -0.99980 0.00000 -11.26638 0.00000 -0.00000 -1.00000 -0.00000
1631215747974463 0.99986 0.01645 0.00000 -383.59062 0.01645 -0.99986 0.00000 -9.86318 0.00000 -0.00000 -1.00000 -0.00000
1631215748223840 0.99997 0.00733 0.00000 -384.76335 0.00733 -0.99997 0.00000 -6.37496 0.00000 -0.00000 -1.00000 -0.00000
1631215748473268 1.00000 0.00004 0.00000 -385.80096 0.00004 -1.00000 0.00000 -3.64999 0.00000 -0.00000 -1.00000 -0.00000
1631215748723222 0.99999 -0.00429 0.00000 -386.79241 -0.00429 -0.99999 0.00000 -2.17184 -0.00000 -0.00000 -1.00000 -0.00000
1631215748973237 0.99995 -0.00953 0.00000 -387.72593 -0.00953 -0.99995 0.00000 -0.13061 -0.00000 -0.00000 -1.00000 -0.00000
1631215749223859 0.99966 -0.02597 0.00000 -388.52012 -0.02597 -0.99966 0.00000 6.43006 -0.00000 -0.00000 -1.00000 0.00000
1631215749475116 0.99940 -0.03451 0.00000 -389.21356 -0.03451 -0.99940 0.00000 9.73718 -0.00000 -0.00000 -1.00000 0.00000
1631215749725119 0.99937 -0.03536 0.00000 -389.89117 -0.03536 -0.99937 0.00000 10.05556 -0.00000 -0.00000 -1.00000 0.00000
1631215749975117 0.99911 -0.04224 -0.00000 -390.46959 -0.04224 -0.99911 0.00000 12.66795 -0.00000 -0.00000 -1.00000 0.00000
1631215750225138 0.99837 -0.05716 0.00000 -390.77209 -0.05716 -0.99837 0.00000 18.48441 -0.00000 -0.00000 -1.00000 0.00000
1631215750474508 0.99815 -0.06073 0.00000 -391.21909 -0.06073 -0.99815 0.00000 19.95674 -0.00000 -0.00000 -1.00000 0.00000
1631215750724518 0.99761 -0.06913 -0.00000 -391.48537 -0.06913 -0.99761 0.00000 23.39924 -0.00000 -0.00000 -1.00000 0.00000
1631215750973893 0.99741 -0.07196 0.00000 -391.75231 -0.07196 -0.99741 0.00000 24.59935 -0.00000 -0.00000 -1.00000 0.00000
1631215751223264 0.99746 -0.07122 0.00000 -392.17505 -0.07122 -0.99746 0.00000 24.19673 -0.00000 -0.00000 -1.00000 0.00000
1631215751473280 0.99740 -0.07205 0.00000 -392.41130 -0.07205 -0.99740 0.00000 24.54628 -0.00000 -0.00000 -1.00000 0.00000
1631215751723279 0.99748 -0.07090 0.00000 -392.71557 -0.07090 -0.99748 0.00000 24.12861 -0.00000 -0.00000 -1.00000 0.00000
1631215751973910 0.99704 -0.07694 0.00000 -392.83844 -0.07694 -0.99704 0.00000 26.71229 -0.00000 -0.00000 -1.00000 0.00000
1631215752224544 0.99704 -0.07695 0.00000 -393.05207 -0.07695 -0.99704 0.00000 26.61662 -0.00000 -0.00000 -1.00000 0.00000
1631215752475167 0.99677 -0.08034 0.00000 -393.16507 -0.08034 -0.99677 0.00000 27.74550 -0.00000 -0.00000 -1.00000 0.00000
1631215752725791 0.99663 -0.08204 0.00000 -393.30725 -0.08204 -0.99663 0.00000 28.48636 -0.00000 -0.00000 -1.00000 0.00000
1631215752975796 0.99618 -0.08737 0.00000 -393.27645 -0.08737 -0.99618 0.00000 30.54892 -0.00000 -0.00000 -1.00000 0.00000
1631215753225182 0.99618 -0.08732 -0.00000 -393.45632 -0.08732 -0.99618 0.00000 30.43083 -0.00000 -0.00000 -1.00000 0.00000
1631215753474560 0.99632 -0.08573 0.00000 -393.62421 -0.08573 -0.99632 0.00000 29.94547 -0.00000 -0.00000 -1.00000 0.00000
1631215753723936 0.99591 -0.09035 0.00000 -393.59219 -0.09035 -0.99591 0.00000 31.70541 -0.00000 -0.00000 -1.00000 0.00000
1631215753973321 0.99546 -0.09514 0.00000 -393.55774 -0.09514 -0.99546 0.00000 33.44145 -0.00000 -0.00000 -1.00000 0.00000
1631215754223324 0.99467 -0.10312 0.00000 -393.41837 -0.10312 -0.99467 0.00000 36.74553 -0.00000 -0.00000 -1.00000 0.00000
1631215754473323 0.99499 -0.10001 0.00000 -393.65562 -0.10001 -0.99499 0.00000 35.50170 -0.00000 -0.00000 -1.00000 0.00000
1631215754723952 0.99409 -0.10857 0.00000 -393.43860 -0.10857 -0.99409 0.00000 38.90547 -0.00000 -0.00000 -1.00000 0.00000
1631215754974575 0.99344 -0.11437 0.00000 -393.34407 -0.11437 -0.99344 0.00000 41.02664 -0.00000 -0.00000 -1.00000 0.00000
1631215755225214 0.99376 -0.11157 0.00000 -393.52270 -0.11157 -0.99376 0.00000 39.94985 -0.00000 -0.00000 -1.00000 0.00000
1631215755475836 0.99313 -0.11702 0.00000 -393.39781 -0.11702 -0.99313 0.00000 42.26379 -0.00000 -0.00000 -1.00000 0.00000
1631215755725847 0.99271 -0.12052 0.00000 -393.27146 -0.12052 -0.99271 0.00000 43.46597 -0.00000 -0.00000 -1.00000 0.00000
1631215755975224 0.99300 -0.11815 0.00000 -393.41895 -0.11815 -0.99300 0.00000 42.49892 -0.00000 -0.00000 -1.00000 0.00000
1631215756225229 0.99237 -0.12328 0.00000 -393.25621 -0.12328 -0.99237 0.00000 44.74737 -0.00000 -0.00000 -1.00000 0.00000
1631215756474615 0.99275 -0.12017 0.00000 -393.41567 -0.12017 -0.99275 0.00000 43.40467 -0.00000 -0.00000 -1.00000 0.00000
1631215756723985 0.99294 -0.11860 0.00000 -393.44704 -0.11860 -0.99294 0.00000 42.72443 -0.00000 -0.00000 -1.00000 0.00000
1631215756973368 0.99287 -0.11919 0.00000 -393.42853 -0.11919 -0.99287 0.00000 42.92494 -0.00000 -0.00000 -1.00000 0.00000
1631215757222748 0.99269 -0.12070 0.00000 -393.35115 -0.12070 -0.99269 0.00000 43.49267 -0.00000 -0.00000 -1.00000 0.00000
1631215757472764 0.99308 -0.11744 0.00000 -393.47290 -0.11744 -0.99308 0.00000 42.28862 -0.00000 -0.00000 -1.00000 0.00000
1631215757723380 0.99256 -0.12176 -0.00000 -393.27703 -0.12176 -0.99256 0.00000 44.16264 -0.00000 -0.00000 -1.00000 0.00000
1631215757974008 0.99241 -0.12300 0.00000 -393.22082 -0.12300 -0.99241 0.00000 44.47060 -0.00000 -0.00000 -1.00000 0.00000
1631215758224639 0.99309 -0.11735 0.00000 -393.44255 -0.11735 -0.99309 0.00000 42.28190 -0.00000 -0.00000 -1.00000 0.00000
1631215758475893 0.99294 -0.11861 0.00000 -393.46500 -0.11861 -0.99294 0.00000 42.83014 -0.00000 -0.00000 -1.00000 0.00000
1631215758725893 0.99332 -0.11540 0.00000 -393.57594 -0.11540 -0.99332 0.00000 41.52296 -0.00000 -0.00000 -1.00000 0.00000
1631215758975899 0.99285 -0.11939 0.00000 -393.40810 -0.11939 -0.99285 0.00000 43.03221 -0.00000 -0.00000 -1.00000 0.00000
1631215759225277 0.99285 -0.11937 0.00000 -393.35511 -0.11937 -0.99285 0.00000 43.06739 -0.00000 -0.00000 -1.00000 0.00000
1631215759474659 0.99265 -0.12102 0.00000 -393.30198 -0.12102 -0.99265 0.00000 43.65164 -0.00000 -0.00000 -1.00000 0.00000
1631215759724028 0.99291 -0.11891 0.00000 -393.37298 -0.11891 -0.99291 0.00000 42.82735 -0.00000 -0.00000 -1.00000 0.00000
1631215759974041 0.99253 -0.12203 0.00000 -393.25015 -0.12203 -0.99253 0.00000 44.08591 -0.00000 -0.00000 -1.00000 0.00000
1631215760223416 0.99283 -0.11952 0.00000 -393.36400 -0.11952 -0.99283 0.00000 43.05379 -0.00000 -0.00000 -1.00000 0.00000
1631215760472803 0.99251 -0.12220 0.00000 -393.29990 -0.12220 -0.99251 0.00000 44.13122 -0.00000 -0.00000 -1.00000 0.00000
1631215760722801 0.99295 -0.11857 -0.00000 -393.47075 -0.11857 -0.99295 0.00000 42.59568 -0.00000 -0.00000 -1.00000 0.00000
1631215760973436 0.99244 -0.12272 0.00000 -393.24338 -0.12272 -0.99244 0.00000 44.35779 -0.00000 -0.00000 -1.00000 0.00000
1631215761224061 0.99222 -0.12452 0.00000 -393.21681 -0.12452 -0.99222 0.00000 44.92871 -0.00000 -0.00000 -1.00000 0.00000
1631215761474692 0.99282 -0.11959 0.00000 -393.36716 -0.11959 -0.99282 0.00000 43.10557 -0.00000 -0.00000 -1.00000 0.00000
1631215761725941 0.99220 -0.12469 0.00000 -393.16822 -0.12469 -0.99220 0.00000 45.19027 -0.00000 -0.00000 -1.00000 0.00000
1631215761975943 0.99217 -0.12493 0.00000 -393.13880 -0.12493 -0.99217 0.00000 45.19972 -0.00000 -0.00000 -1.00000 0.00000
1631215762225330 0.99314 -0.11691 0.00000 -393.50197 -0.11691 -0.99314 0.00000 42.03670 -0.00000 -0.00000 -1.00000 0.00000
1631215762475332 0.99290 -0.11895 0.00000 -393.41510 -0.11895 -0.99290 0.00000 42.99373 -0.00000 -0.00000 -1.00000 0.00000
1631215762724713 0.99247 -0.12252 0.00000 -393.27855 -0.12252 -0.99247 0.00000 44.28520 -0.00000 -0.00000 -1.00000 0.00000
1631215762974087 0.99277 -0.12000 0.00000 -393.41203 -0.12000 -0.99277 0.00000 43.24797 -0.00000 -0.00000 -1.00000 0.00000
1631215763223470 0.99262 -0.12128 0.00000 -393.35242 -0.12128 -0.99262 0.00000 43.58206 -0.00000 -0.00000 -1.00000 0.00000
1631215763472855 0.99313 -0.11699 0.00000 -393.52520 -0.11699 -0.99313 0.00000 41.82429 -0.00000 -0.00000 -1.00000 0.00000
1631215763722852 0.99327 -0.11579 0.00000 -393.58321 -0.11579 -0.99327 0.00000 41.48081 -0.00000 -0.00000 -1.00000 0.00000
1631215763973488 0.99276 -0.12010 0.00000 -393.38072 -0.12010 -0.99276 0.00000 43.22134 -0.00000 -0.00000 -1.00000 0.00000
1631215764224108 0.99286 -0.11929 0.00000 -393.38857 -0.11929 -0.99286 0.00000 42.91112 -0.00000 -0.00000 -1.00000 0.00000
1631215764475411 0.99253 -0.12199 0.00000 -393.28243 -0.12199 -0.99253 0.00000 44.09569 -0.00000 -0.00000 -1.00000 0.00000
1631215764725370 0.99223 -0.12444 0.00000 -393.17201 -0.12444 -0.99223 0.00000 45.02376 -0.00000 -0.00000 -1.00000 0.00000
1631215764974741 0.99276 -0.12015 0.00000 -393.38994 -0.12015 -0.99276 0.00000 43.30582 -0.00000 -0.00000 -1.00000 0.00000
1631215765224751 0.99249 -0.12229 -0.00000 -393.27296 -0.12229 -0.99249 0.00000 44.19275 -0.00000 -0.00000 -1.00000 0.00000
1631215765474131 0.99278 -0.11998 0.00000 -393.36484 -0.11998 -0.99278 0.00000 43.21633 -0.00000 -0.00000 -1.00000 0.00000
1631215765724124 0.99239 -0.12315 0.00000 -393.23457 -0.12315 -0.99239 0.00000 44.62552 -0.00000 -0.00000 -1.00000 0.00000
1631215765973506 0.99268 -0.12076 0.00000 -393.31533 -0.12076 -0.99268 0.00000 43.58711 -0.00000 -0.00000 -1.00000 0.00000
1631215766222902 0.99269 -0.12070 0.00000 -393.37487 -0.12070 -0.99269 0.00000 43.58430 -0.00000 -0.00000 -1.00000 0.00000
1631215766472274 0.99282 -0.11959 0.00000 -393.41735 -0.11959 -0.99282 0.00000 43.09868 -0.00000 -0.00000 -1.00000 0.00000
1631215766722903 0.99260 -0.12141 0.00000 -393.31567 -0.12141 -0.99260 0.00000 43.82000 -0.00000 -0.00000 -1.00000 0.00000
1631215766974158 0.99238 -0.12324 0.00000 -393.20230 -0.12324 -0.99238 0.00000 44.67604 -0.00000 -0.00000 -1.00000 0.00000
1631215767224780 0.99314 -0.11693 0.00000 -393.49227 -0.11693 -0.99314 0.00000 41.98999 -0.00000 -0.00000 -1.00000 0.00000
1631215767476042 0.99298 -0.11824 0.00000 -393.45478 -0.11824 -0.99298 0.00000 42.63403 -0.00000 -0.00000 -1.00000 0.00000
1631215767726047 0.99294 -0.11861 -0.00000 -393.43481 -0.11861 -0.99294 0.00000 42.70375 -0.00000 -0.00000 -1.00000 0.00000
1631215767976042 0.99251 -0.12219 0.00000 -393.29597 -0.12219 -0.99251 0.00000 44.07942 -0.00000 -0.00000 -1.00000 0.00000
1631215768225423 0.99258 -0.12157 0.00000 -393.30818 -0.12157 -0.99258 0.00000 43.82944 -0.00000 -0.00000 -1.00000 0.00000
1631215768474797 0.99286 -0.11927 0.00000 -393.41913 -0.11927 -0.99286 0.00000 42.90500 -0.00000 -0.00000 -1.00000 0.00000
1631215768724184 0.99321 -0.11630 0.00000 -393.53021 -0.11630 -0.99321 0.00000 41.78075 -0.00000 -0.00000 -1.00000 0.00000
1631215768974185 0.99272 -0.12043 0.00000 -393.35990 -0.12043 -0.99272 0.00000 43.49448 -0.00000 -0.00000 -1.00000 0.00000
1631215769223572 0.99245 -0.12268 0.00000 -393.24669 -0.12268 -0.99245 0.00000 44.37627 -0.00000 -0.00000 -1.00000 0.00000
1631215769472948 0.99256 -0.12176 -0.00000 -393.30315 -0.12176 -0.99256 0.00000 44.02476 -0.00000 -0.00000 -1.00000 0.00000
1631215769722948 0.99254 -0.12191 -0.00000 -393.27243 -0.12191 -0.99254 0.00000 44.05882 -0.00000 -0.00000 -1.00000 0.00000
1631215769973582 0.99269 -0.12073 0.00000 -393.35468 -0.12073 -0.99269 0.00000 43.61129 -0.00000 -0.00000 -1.00000 0.00000
1631215770224209 0.99280 -0.11979 -0.00000 -393.36142 -0.11979 -0.99280 0.00000 43.09209 -0.00000 -0.00000 -1.00000 0.00000
1631215770474833 0.99291 -0.11891 0.00000 -393.41757 -0.11891 -0.99291 0.00000 42.71125 -0.00000 -0.00000 -1.00000 0.00000
1631215770725466 0.99290 -0.11897 0.00000 -393.42724 -0.11897 -0.99290 0.00000 42.82248 -0.00000 -0.00000 -1.00000 0.00000
1631215770976089 0.99286 -0.11925 0.00000 -393.37284 -0.11925 -0.99286 0.00000 43.01372 -0.00000 -0.00000 -1.00000 0.00000
1631215771226099 0.99221 -0.12459 0.00000 -393.18347 -0.12459 -0.99221 0.00000 45.15305 -0.00000 -0.00000 -1.00000 0.00000
1631215771475482 0.99294 -0.11859 0.00000 -393.41343 -0.11859 -0.99294 0.00000 42.67583 -0.00000 -0.00000 -1.00000 0.00000
1631215771725486 0.99274 -0.12029 0.00000 -393.40037 -0.12029 -0.99274 0.00000 43.36954 -0.00000 -0.00000 -1.00000 0.00000
1631215771974864 0.99268 -0.12075 0.00000 -393.31759 -0.12075 -0.99268 0.00000 43.45577 -0.00000 -0.00000 -1.00000 0.00000
1631215772224242 0.99253 -0.12203 0.00000 -393.30138 -0.12203 -0.99253 0.00000 44.02642 -0.00000 -0.00000 -1.00000 0.00000
1631215772473661 0.99297 -0.11837 0.00000 -393.43069 -0.11837 -0.99297 0.00000 42.63813 -0.00000 -0.00000 -1.00000 0.00000
1631215772723623 0.99268 -0.12081 0.00000 -393.39907 -0.12081 -0.99268 0.00000 43.64100 -0.00000 -0.00000 -1.00000 0.00000
1631215772973002 0.99292 -0.11876 0.00000 -393.40116 -0.11876 -0.99292 0.00000 42.67106 -0.00000 -0.00000 -1.00000 0.00000
1631215773223628 0.99262 -0.12129 0.00000 -393.31318 -0.12129 -0.99262 0.00000 43.79246 -0.00000 -0.00000 -1.00000 0.00000
1631215773474266 0.99280 -0.11980 0.00000 -393.38267 -0.11980 -0.99280 0.00000 43.26511 -0.00000 -0.00000 -1.00000 0.00000
1631215773725513 0.99318 -0.11656 0.00000 -393.46089 -0.11656 -0.99318 0.00000 41.98851 -0.00000 -0.00000 -1.00000 0.00000
1631215773976140 0.99268 -0.12075 -0.00000 -393.35566 -0.12075 -0.99268 0.00000 43.59363 -0.00000 -0.00000 -1.00000 0.00000
1631215774226161 0.99288 -0.11912 0.00000 -393.41715 -0.11912 -0.99288 0.00000 42.89163 -0.00000 -0.00000 -1.00000 0.00000
