1619118092272032 1.00000 0.00000 0.00000 -0.00000 0.00000 -1.00000 0.00000 0.00000 0.00000 -0.00000 -1.00000 0.00000
1619118092521405 0.99784 0.06570 0.00000 -1.78795 0.06570 -0.99784 0.00000 -0.15509 0.00000 -0.00000 -1.00000 -0.00000
1619118092772037 0.99028 0.13912 0.00000 -3.70113 0.13912 -0.99028 0.00000 -0.45284 0.00000 -0.00000 -1.00000 -0.00000
1619118093021413 0.97851 0.20618 0.00000 -5.70428 0.20618 -0.97851 0.00000 -0.75076 0.00000 -0.00000 -1.00000 -0.00000
1619118093271421 0.96440 0.26445 -0.00000 -7.51322 0.26445 -0.96440 0.00000 -1.20027 0.00000 -0.00000 -1.00000 -0.00000
1619118093521460 0.94749 0.31977 0.00000 -9.40757 0.31977 -0.94749 0.00000 -1.58889 0.00000 -0.00000 -1.00000 -0.00000
1619118093770802 0.92401 0.38237 0.00000 -11.22745 0.38237 -0.92401 0.00000 -2.16608 0.00000 -0.00000 -1.00000 -0.00000
1619118094021429 0.90130 0.43320 0.00000 -13.06162 0.43320 -0.90130 0.00000 -2.76486 0.00000 -0.00000 -1.00000 -0.00000
1619118094272682 0.88224 0.47079 -0.00000 -15.05542 0.47079 -0.88224 0.00000 -3.33198 0.00000 -0.00000 -1.00000 -0.00000
1619118094523936 0.86518 0.50146 0.00000 -16.96073 0.50146 -0.86518 0.00000 -3.89695 0.00000 -0.00000 -1.00000 -0.00000
1619118094774565 0.85868 0.51250 0.00000 -18.99706 0.51250 -0.85868 0.00000 -4.10393 0.00000 -0.00000 -1.00000 -0.00000
1619118095024574 0.85333 0.52138 0.00000 -21.06667 0.52138 -0.85333 0.00000 -4.27822 0.00000 -0.00000 -1.00000 -0.00000
1619118095275196 0.85011 0.52660 0.00000 -23.14444 0.52660 -0.85011 0.00000 -4.31150 0.00000 -0.00000 -1.00000 -0.00000
1619118095524578 0.84732 0.53108 0.00000 -25.36056 0.53108 -0.84732 0.00000 -4.51336 0.00000 -0.00000 -1.00000 -0.00000
1619118095774580 0.84928 0.52795 0.00000 -27.55199 0.52795 -0.84928 0.00000 -4.46034 0.00000 -0.00000 -1.00000 -0.00000
1619118096023953 0.84711 0.53142 0.00000 -29.75636 0.53142 -0.84711 0.00000 -4.65061 0.00000 -0.00000 -1.00000 -0.00000
1619118096273962 0.84589 0.53335 0.00000 -32.05142 0.53335 -0.84589 0.00000 -4.81333 0.00000 -0.00000 -1.00000 -0.00000
1619118096523336 0.84651 0.53237 0.00000 -34.26950 0.53237 -0.84651 0.00000 -4.82039 0.00000 -0.00000 -1.00000 -0.00000
1619118096773341 0.84376 0.53673 0.00000 -36.51531 0.53673 -0.84376 0.00000 -5.02334 0.00000 -0.00000 -1.00000 -0.00000
1619118097022717 0.84221 0.53915 0.00000 -38.75576 0.53915 -0.84221 0.00000 -5.08074 0.00000 -0.00000 -1.00000 -0.00000
1619118097273013 0.83832 0.54518 0.00000 -40.92244 0.54518 -0.83832 0.00000 -5.59483 0.00000 -0.00000 -1.00000 -0.00000
1619118097522727 0.83226 0.55438 0.00000 -43.13996 0.55438 -0.83226 0.00000 -6.07388 0.00000 -0.00000 -1.00000 -0.00000
1619118097772732 0.82623 0.56333 0.00000 -45.23230 0.56333 -0.82623 0.00000 -6.43754 0.00000 -0.00000 -1.00000 -0.00000
1619118098022736 0.82528 0.56472 0.00000 -47.40248 0.56472 -0.82528 0.00000 -6.58236 0.00000 -0.00000 -1.00000 -0.00000
1619118098272738 0.82186 0.56969 0.00000 -49.53315 0.56969 -0.82186 0.00000 -6.95098 0.00000 -0.00000 -1.00000 -0.00000
1619118098522737 0.82477 0.56547 -0.00000 -51.73852 0.56547 -0.82477 0.00000 -6.56378 0.00000 -0.00000 -1.00000 -0.00000
1619118098772742 0.82865 0.55977 0.00000 -53.84203 0.55977 -0.82865 0.00000 -6.20273 0.00000 -0.00000 -1.00000 -0.00000
1619118099022746 0.83138 0.55570 0.00000 -55.96381 0.55570 -0.83138 0.00000 -6.05021 0.00000 -0.00000 -1.00000 -0.00000
1619118099272751 0.83908 0.54401 0.00000 -58.16002 0.54401 -0.83908 0.00000 -5.24473 0.00000 -0.00000 -1.00000 -0.00000
1619118099522753 0.84826 0.52958 0.00000 -60.23112 0.52958 -0.84826 0.00000 -4.28776 0.00000 -0.00000 -1.00000 -0.00000
1619118099772133 0.85358 0.52096 -0.00000 -62.24350 0.52096 -0.85358 0.00000 -3.71174 0.00000 -0.00000 -1.00000 -0.00000
1619118100022136 0.86085 0.50887 -0.00000 -64.26737 0.50887 -0.86085 0.00000 -2.94593 0.00000 -0.00000 -1.00000 -0.00000
1619118100272761 0.86818 0.49624 0.00000 -66.19919 0.49624 -0.86818 0.00000 -1.96976 0.00000 -0.00000 -1.00000 -0.00000
1619118100522763 0.87644 0.48152 0.00000 -68.18078 0.48152 -0.87644 0.00000 -0.97311 0.00000 -0.00000 -1.00000 -0.00000
1619118100772770 0.88737 0.46105 0.00000 -70.15756 0.46105 -0.88737 0.00000 0.61331 0.00000 -0.00000 -1.00000 0.00000
1619118101022150 0.89723 0.44155 0.00000 -71.95307 0.44155 -0.89723 0.00000 2.03719 0.00000 -0.00000 -1.00000 0.00000
1619118101272773 0.91067 0.41313 -0.00000 -73.72257 0.41313 -0.91067 0.00000 4.44902 0.00000 -0.00000 -1.00000 0.00000
1619118101522156 0.92070 0.39028 -0.00000 -75.52510 0.39028 -0.92070 0.00000 6.02261 0.00000 -0.00000 -1.00000 0.00000
1619118101772157 0.92868 0.37088 0.00000 -77.25108 0.37088 -0.92868 0.00000 7.76118 0.00000 -0.00000 -1.00000 0.00000
1619118102021538 0.93251 0.36114 0.00000 -78.95068 0.36114 -0.93251 0.00000 8.44391 0.00000 -0.00000 -1.00000 0.00000
1619118102271538 0.93633 0.35111 -0.00000 -80.70833 0.35111 -0.93633 0.00000 9.31214 0.00000 -0.00000 -1.00000 0.00000
1619118102521542 0.93718 0.34884 0.00000 -82.51674 0.34884 -0.93718 0.00000 9.47069 0.00000 -0.00000 -1.00000 0.00000
1619118102771548 0.93382 0.35774 0.00000 -84.43501 0.35774 -0.93382 0.00000 8.61301 0.00000 -0.00000 -1.00000 0.00000
1619118103021552 0.92699 0.37507 0.00000 -86.40178 0.37507 -0.92699 0.00000 6.98555 0.00000 -0.00000 -1.00000 0.00000
1619118103272175 0.92325 0.38420 0.00000 -88.36045 0.38420 -0.92325 0.00000 6.23317 0.00000 -0.00000 -1.00000 0.00000
1619118103521552 0.91447 0.40465 0.00000 -90.44649 0.40465 -0.91447 0.00000 4.19793 0.00000 -0.00000 -1.00000 0.00000
1619118103771559 0.90995 0.41473 0.00000 -92.39536 0.41473 -0.90995 0.00000 3.19520 0.00000 -0.00000 -1.00000 0.00000
1619118104020939 0.90428 0.42694 0.00000 -94.41651 0.42694 -0.90428 0.00000 1.85908 0.00000 -0.00000 -1.00000 0.00000
1619118104271565 0.90248 0.43073 0.00000 -96.52535 0.43073 -0.90248 0.00000 1.47690 0.00000 -0.00000 -1.00000 0.00000
1619118104521568 0.89628 0.44350 0.00000 -98.56930 0.44350 -0.89628 0.00000 -0.00448 0.00000 -0.00000 -1.00000 -0.00000
1619118104772201 0.89507 0.44593 -0.00000 -100.68496 0.44593 -0.89507 0.00000 -0.32293 0.00000 -0.00000 -1.00000 -0.00000
1619118105022200 0.88952 0.45690 0.00000 -102.82025 0.45690 -0.88952 0.00000 -1.54849 0.00000 -0.00000 -1.00000 -0.00000
1619118105272211 0.88723 0.46132 0.00000 -104.92757 0.46132 -0.88723 0.00000 -2.21112 0.00000 -0.00000 -1.00000 -0.00000
1619118105522202 0.88847 0.45893 -0.00000 -107.12330 0.45893 -0.88847 0.00000 -1.97451 0.00000 -0.00000 -1.00000 -0.00000
1619118105772207 0.88540 0.46482 0.00000 -109.32697 0.46482 -0.88540 0.00000 -2.65869 0.00000 -0.00000 -1.00000 -0.00000
1619118106022212 0.88385 0.46776 0.00000 -111.39240 0.46776 -0.88385 0.00000 -3.09708 0.00000 -0.00000 -1.00000 -0.00000
1619118106272214 0.88504 0.46551 0.00000 -113.66512 0.46551 -0.88504 0.00000 -2.71274 0.00000 -0.00000 -1.00000 -0.00000
1619118106522218 0.88149 0.47220 0.00000 -115.89710 0.47220 -0.88149 0.00000 -3.65251 0.00000 -0.00000 -1.00000 -0.00000
1619118106772221 0.88198 0.47129 0.00000 -118.10490 0.47129 -0.88198 0.00000 -3.70279 0.00000 -0.00000 -1.00000 -0.00000
1619118107022226 0.88016 0.47468 0.00000 -120.38434 0.47468 -0.88016 0.00000 -3.84919 0.00000 -0.00000 -1.00000 -0.00000
1619118107271598 0.87706 0.48038 0.00000 -122.64606 0.48038 -0.87706 0.00000 -4.93405 0.00000 -0.00000 -1.00000 -0.00000
1619118107521604 0.87675 0.48095 -0.00000 -124.99787 0.48095 -0.87675 0.00000 -5.02865 0.00000 -0.00000 -1.00000 -0.00000
1619118107771610 0.87693 0.48062 0.00000 -127.27832 0.48062 -0.87693 0.00000 -5.00175 0.00000 -0.00000 -1.00000 -0.00000
1619118108021614 0.87368 0.48651 0.00000 -129.53056 0.48651 -0.87368 0.00000 -6.01932 0.00000 -0.00000 -1.00000 -0.00000
1619118108271614 0.87186 0.48976 0.00000 -131.79579 0.48976 -0.87186 0.00000 -6.42848 0.00000 -0.00000 -1.00000 -0.00000
1619118108521617 0.87482 0.48445 0.00000 -134.09460 0.48445 -0.87482 0.00000 -5.56954 0.00000 -0.00000 -1.00000 -0.00000
1619118108771620 0.87330 0.48718 -0.00000 -136.33053 0.48718 -0.87330 0.00000 -5.96339 0.00000 -0.00000 -1.00000 -0.00000
1619118109021627 0.87139 0.49059 0.00000 -138.51003 0.49059 -0.87139 0.00000 -6.56029 0.00000 -0.00000 -1.00000 -0.00000
1619118109271635 0.87056 0.49207 0.00000 -140.72355 0.49207 -0.87056 0.00000 -6.79198 0.00000 -0.00000 -1.00000 -0.00000
1619118109521635 0.86784 0.49685 0.00000 -142.83355 0.49685 -0.86784 0.00000 -7.63085 0.00000 -0.00000 -1.00000 -0.00000
1619118109771635 0.87046 0.49225 0.00000 -145.00867 0.49225 -0.87046 0.00000 -6.87234 0.00000 -0.00000 -1.00000 -0.00000
1619118110021637 0.86915 0.49454 0.00000 -147.00006 0.49454 -0.86915 0.00000 -7.26798 0.00000 -0.00000 -1.00000 -0.00000
1619118110271644 0.86845 0.49578 0.00000 -149.02029 0.49578 -0.86845 0.00000 -7.54851 0.00000 -0.00000 -1.00000 -0.00000
1619118110521640 0.86551 0.50090 0.00000 -150.87634 0.50090 -0.86551 0.00000 -8.45235 0.00000 -0.00000 -1.00000 -0.00000
1619118110772273 0.86633 0.49947 0.00000 -152.87562 0.49947 -0.86633 0.00000 -8.11356 0.00000 -0.00000 -1.00000 -0.00000
1619118111022280 0.86231 0.50638 0.00000 -154.58370 0.50638 -0.86231 0.00000 -9.47301 0.00000 -0.00000 -1.00000 -0.00000
1619118111272938 0.86790 0.49673 0.00000 -156.45255 0.49673 -0.86790 0.00000 -7.77857 0.00000 -0.00000 -1.00000 -0.00000
1619118111522908 0.87254 0.48855 0.00000 -158.10472 0.48855 -0.87254 0.00000 -6.32333 0.00000 -0.00000 -1.00000 -0.00000
1619118111772291 0.87729 0.47996 0.00000 -159.74824 0.47996 -0.87729 0.00000 -4.81193 0.00000 -0.00000 -1.00000 -0.00000
1619118112022295 0.89209 0.45187 0.00000 -161.24330 0.45187 -0.89209 0.00000 0.28529 0.00000 -0.00000 -1.00000 0.00000
1619118112272294 0.90880 0.41723 0.00000 -162.45738 0.41723 -0.90880 0.00000 6.35543 0.00000 -0.00000 -1.00000 0.00000
1619118112521667 0.92422 0.38187 0.00000 -163.20933 0.38187 -0.92422 0.00000 12.65587 0.00000 -0.00000 -1.00000 0.00000
1619118112771676 0.94496 0.32718 0.00000 -163.45183 0.32718 -0.94496 0.00000 22.13438 0.00000 -0.00000 -1.00000 0.00000
1619118113021682 0.96426 0.26496 0.00000 -162.64778 0.26496 -0.96426 0.00000 32.81574 0.00000 -0.00000 -1.00000 0.00000
1619118113271692 0.98328 0.18212 -0.00000 -160.44218 0.18212 -0.98328 0.00000 46.51366 0.00000 -0.00000 -1.00000 0.00000
1619118113521681 0.99573 0.09236 0.00000 -156.63998 0.09236 -0.99573 0.00000 60.74995 0.00000 -0.00000 -1.00000 0.00000
1619118113771691 0.99996 -0.00887 0.00000 -150.65682 -0.00887 -0.99996 0.00000 76.23490 -0.00000 -0.00000 -1.00000 0.00000
1619118114021693 0.99158 -0.12949 0.00000 -141.34325 -0.12949 -0.99158 0.00000 93.84395 -0.00000 -0.00000 -1.00000 0.00000
1619118114271697 0.96743 -0.25314 0.00000 -129.40933 -0.25314 -0.96743 0.00000 110.78346 -0.00000 -0.00000 -1.00000 0.00000
1619118114521068 0.92692 -0.37527 0.00000 -114.94276 -0.37527 -0.92692 0.00000 126.49042 -0.00000 -0.00000 -1.00000 0.00000
1619118114771075 0.87230 -0.48898 -0.00000 -99.12391 -0.48898 -0.87230 0.00000 139.89089 -0.00000 -0.00000 -1.00000 0.00000
1619118115021080 0.80473 -0.59364 0.00000 -81.92872 -0.59364 -0.80473 0.00000 151.09680 -0.00000 -0.00000 -1.00000 0.00000
1619118115271703 0.73941 -0.67325 -0.00000 -66.84353 -0.67325 -0.73941 0.00000 158.77118 -0.00000 -0.00000 -1.00000 0.00000
1619118115521704 0.67808 -0.73498 -0.00000 -53.87161 -0.73498 -0.67808 0.00000 163.94120 -0.00000 -0.00000 -1.00000 0.00000
1619118115771708 0.62847 -0.77783 0.00000 -44.08238 -0.77783 -0.62847 0.00000 167.09021 -0.00000 -0.00000 -1.00000 0.00000
1619118116022339 0.58535 -0.81078 0.00000 -36.01718 -0.81078 -0.58535 0.00000 169.29727 -0.00000 -0.00000 -1.00000 0.00000
1619118116272347 0.56605 -0.82437 0.00000 -33.23866 -0.82437 -0.56605 0.00000 170.01715 -0.00000 -0.00000 -1.00000 0.00000
1619118116521720 0.55488 -0.83193 0.00000 -32.09544 -0.83193 -0.55488 0.00000 170.24340 -0.00000 -0.00000 -1.00000 0.00000
1619118116772351 0.54732 -0.83693 0.00000 -31.93107 -0.83693 -0.54732 0.00000 170.43136 -0.00000 -0.00000 -1.00000 0.00000
1619118117021732 0.54443 -0.83881 0.00000 -32.55932 -0.83881 -0.54443 0.00000 170.65844 -0.00000 -0.00000 -1.00000 0.00000
1619118117271733 0.53936 -0.84208 -0.00000 -32.89183 -0.84208 -0.53936 0.00000 170.68207 -0.00000 -0.00000 -1.00000 0.00000
1619118117521114 0.53751 -0.84326 0.00000 -33.86248 -0.84326 -0.53751 0.00000 170.82386 -0.00000 -0.00000 -1.00000 0.00000
1619118117771117 0.53310 -0.84605 0.00000 -34.39864 -0.84605 -0.53310 0.00000 170.90135 -0.00000 -0.00000 -1.00000 0.00000
1619118118021117 0.52889 -0.84869 0.00000 -35.01468 -0.84869 -0.52889 0.00000 171.12430 -0.00000 -0.00000 -1.00000 0.00000
1619118118271745 0.52361 -0.85196 0.00000 -35.46169 -0.85196 -0.52361 0.00000 171.21076 -0.00000 -0.00000 -1.00000 0.00000
1619118118522996 0.51187 -0.85907 0.00000 -34.70655 -0.85907 -0.51187 0.00000 171.67292 -0.00000 -0.00000 -1.00000 0.00000
1619118118774255 0.51245 -0.85871 0.00000 -36.39758 -0.85871 -0.51245 0.00000 171.62066 -0.00000 -0.00000 -1.00000 0.00000
1619118119024887 0.49210 -0.87054 0.00000 -33.98708 -0.87054 -0.49210 0.00000 172.38752 -0.00000 -0.00000 -1.00000 0.00000
1619118119274260 0.48641 -0.87373 0.00000 -34.36529 -0.87373 -0.48641 0.00000 172.63729 -0.00000 -0.00000 -1.00000 0.00000
1619118119524260 0.47108 -0.88209 -0.00000 -33.10271 -0.88209 -0.47108 0.00000 173.04841 -0.00000 -0.00000 -1.00000 0.00000
1619118119774269 0.45087 -0.89259 0.00000 -30.74399 -0.89259 -0.45087 0.00000 173.85468 -0.00000 -0.00000 -1.00000 0.00000
1619118120024269 0.42631 -0.90458 0.00000 -27.60150 -0.90458 -0.42631 0.00000 174.50993 -0.00000 -0.00000 -1.00000 0.00000
1619118120273649 0.40674 -0.91355 -0.00000 -25.48713 -0.91355 -0.40674 0.00000 175.24121 -0.00000 -0.00000 -1.00000 0.00000
1619118120523648 0.38644 -0.92231 -0.00000 -23.25110 -0.92231 -0.38644 0.00000 175.57036 -0.00000 -0.00000 -1.00000 0.00000
1619118120773025 0.37030 -0.92891 0.00000 -21.87990 -0.92891 -0.37030 0.00000 175.85360 -0.00000 -0.00000 -1.00000 0.00000
1619118121023650 0.34276 -0.93942 0.00000 -18.24494 -0.93942 -0.34276 0.00000 176.42304 -0.00000 -0.00000 -1.00000 0.00000
1619118121273046 0.34564 -0.93837 0.00000 -20.40612 -0.93837 -0.34564 0.00000 176.40095 -0.00000 -0.00000 -1.00000 0.00000
1619118121523035 0.34390 -0.93901 -0.00000 -21.84950 -0.93901 -0.34390 0.00000 176.31539 -0.00000 -0.00000 -1.00000 0.00000
1619118121773041 0.35221 -0.93592 0.00000 -24.95318 -0.93592 -0.35221 0.00000 176.07580 -0.00000 -0.00000 -1.00000 0.00000
1619118122023046 0.36889 -0.92947 0.00000 -29.77267 -0.92947 -0.36889 0.00000 175.59140 -0.00000 -0.00000 -1.00000 0.00000
1619118122273055 0.39509 -0.91864 -0.00000 -36.27736 -0.91864 -0.39509 0.00000 174.61704 -0.00000 -0.00000 -1.00000 0.00000
1619118122523050 0.41445 -0.91007 0.00000 -41.78634 -0.91007 -0.41445 0.00000 173.71833 -0.00000 -0.00000 -1.00000 0.00000
1619118122773056 0.43170 -0.90202 0.00000 -46.61806 -0.90202 -0.43170 0.00000 172.97948 -0.00000 -0.00000 -1.00000 0.00000
1619118123022437 0.45084 -0.89260 0.00000 -52.13879 -0.89260 -0.45084 0.00000 171.86042 -0.00000 -0.00000 -1.00000 0.00000
1619118123272437 0.47521 -0.87988 0.00000 -58.44142 -0.87988 -0.47521 0.00000 170.30774 -0.00000 -0.00000 -1.00000 0.00000
1619118123523062 0.48344 -0.87538 0.00000 -61.75103 -0.87538 -0.48344 0.00000 169.81474 -0.00000 -0.00000 -1.00000 0.00000
1619118123772447 0.49594 -0.86836 -0.00000 -65.85513 -0.86836 -0.49594 0.00000 168.76346 -0.00000 -0.00000 -1.00000 0.00000
1619118124022452 0.50043 -0.86578 0.00000 -68.50682 -0.86578 -0.50043 0.00000 168.48589 -0.00000 -0.00000 -1.00000 0.00000
1619118124272454 0.49459 -0.86913 0.00000 -69.04575 -0.86913 -0.49459 0.00000 168.82016 -0.00000 -0.00000 -1.00000 0.00000
1619118124522449 0.49396 -0.86948 0.00000 -70.56870 -0.86948 -0.49396 0.00000 168.95490 -0.00000 -0.00000 -1.00000 0.00000
1619118124773085 0.50091 -0.86550 0.00000 -73.70456 -0.86550 -0.50091 0.00000 168.30696 -0.00000 -0.00000 -1.00000 0.00000
1619118125022464 0.49539 -0.86867 0.00000 -74.33008 -0.86867 -0.49539 0.00000 168.79086 -0.00000 -0.00000 -1.00000 0.00000
1619118125272465 0.49389 -0.86952 0.00000 -75.79223 -0.86952 -0.49389 0.00000 168.85252 -0.00000 -0.00000 -1.00000 0.00000
1619118125521845 0.49785 -0.86726 0.00000 -78.21168 -0.86726 -0.49785 0.00000 168.48475 -0.00000 -0.00000 -1.00000 0.00000
1619118125771775 0.49257 -0.87027 -0.00000 -78.93929 -0.87027 -0.49257 0.00000 169.01101 -0.00000 -0.00000 -1.00000 0.00000
1619118126021850 0.49415 -0.86937 0.00000 -80.76557 -0.86937 -0.49415 0.00000 168.85528 -0.00000 -0.00000 -1.00000 0.00000
1619118126271853 0.50881 -0.86088 0.00000 -85.28154 -0.86088 -0.50881 0.00000 167.38865 -0.00000 -0.00000 -1.00000 0.00000
1619118126522479 0.52730 -0.84968 -0.00000 -90.49990 -0.84968 -0.52730 0.00000 165.34573 -0.00000 -0.00000 -1.00000 0.00000
1619118126773736 0.56237 -0.82688 -0.00000 -98.87158 -0.82688 -0.56237 0.00000 161.50649 -0.00000 -0.00000 -1.00000 0.00000
1619118127024370 0.59672 -0.80245 0.00000 -107.17028 -0.80245 -0.59672 0.00000 157.00174 -0.00000 -0.00000 -1.00000 0.00000
1619118127274992 0.64361 -0.76535 0.00000 -117.78236 -0.76535 -0.64361 0.00000 150.41378 -0.00000 -0.00000 -1.00000 0.00000
1619118127524991 0.68465 -0.72887 0.00000 -127.33244 -0.72887 -0.68465 0.00000 143.63730 -0.00000 -0.00000 -1.00000 0.00000
1619118127774998 0.73461 -0.67849 0.00000 -138.59482 -0.67849 -0.73461 0.00000 134.22545 -0.00000 -0.00000 -1.00000 0.00000
1619118128025002 0.78430 -0.62038 0.00000 -149.80882 -0.62038 -0.78430 0.00000 123.17066 -0.00000 -0.00000 -1.00000 0.00000
1619118128275006 0.83574 -0.54912 0.00000 -161.52117 -0.54912 -0.83574 0.00000 109.57495 -0.00000 -0.00000 -1.00000 0.00000
1619118128525005 0.87885 -0.47710 0.00000 -171.44231 -0.47710 -0.87885 0.00000 95.54682 -0.00000 -0.00000 -1.00000 0.00000
1619118128775012 0.92180 -0.38766 0.00000 -181.43024 -0.38766 -0.92180 0.00000 78.13462 -0.00000 -0.00000 -1.00000 0.00000
1619118129025013 0.95160 -0.30734 0.00000 -188.79340 -0.30734 -0.95160 0.00000 62.22486 -0.00000 -0.00000 -1.00000 0.00000
1619118129275017 0.97594 -0.21802 0.00000 -195.05587 -0.21802 -0.97594 0.00000 44.54161 -0.00000 -0.00000 -1.00000 0.00000
1619118129525017 0.99298 -0.11825 0.00000 -199.89860 -0.11825 -0.99298 0.00000 24.48145 -0.00000 -0.00000 -1.00000 0.00000
1619118129775026 0.99956 -0.02964 -0.00000 -202.71565 -0.02964 -0.99956 0.00000 6.79643 -0.00000 -0.00000 -1.00000 0.00000
1619118130024404 0.99753 0.07024 0.00000 -203.66946 0.07024 -0.99753 0.00000 -13.54564 0.00000 -0.00000 -1.00000 -0.00000
1619118130275029 0.98807 0.15404 0.00000 -203.31066 0.15404 -0.98807 0.00000 -30.59619 0.00000 -0.00000 -1.00000 -0.00000
1619118130525028 0.97286 0.23140 -0.00000 -201.70057 0.23140 -0.97286 0.00000 -46.58332 0.00000 -0.00000 -1.00000 -0.00000
1619118130775662 0.96107 0.27632 -0.00000 -200.93881 0.27632 -0.96107 0.00000 -55.78575 0.00000 -0.00000 -1.00000 -0.00000
1619118131025039 0.95212 0.30571 0.00000 -200.47000 0.30571 -0.95212 0.00000 -62.01805 0.00000 -0.00000 -1.00000 -0.00000
1619118131275052 0.94492 0.32731 0.00000 -200.50644 0.32731 -0.94492 0.00000 -66.71370 0.00000 -0.00000 -1.00000 -0.00000
1619118131525667 0.94039 0.34010 -0.00000 -201.16174 0.34010 -0.94039 0.00000 -69.51531 0.00000 -0.00000 -1.00000 -0.00000
1619118131775676 0.94318 0.33229 -0.00000 -203.39967 0.33229 -0.94318 0.00000 -67.69822 0.00000 -0.00000 -1.00000 -0.00000
1619118132025679 0.95458 0.29795 0.00000 -207.18861 0.29795 -0.95458 0.00000 -60.27654 0.00000 -0.00000 -1.00000 -0.00000
1619118132275058 0.96532 0.26106 0.00000 -210.85996 0.26106 -0.96532 0.00000 -52.35835 0.00000 -0.00000 -1.00000 -0.00000
1619118132525063 0.97696 0.21341 0.00000 -214.72353 0.21341 -0.97696 0.00000 -42.01126 0.00000 -0.00000 -1.00000 -0.00000
1619118132775063 0.98757 0.15716 0.00000 -218.41662 0.15716 -0.98757 0.00000 -29.71191 0.00000 -0.00000 -1.00000 -0.00000
1619118133025063 0.99515 0.09840 0.00000 -221.37746 0.09840 -0.99515 0.00000 -16.76647 0.00000 -0.00000 -1.00000 -0.00000
1619118133275070 0.99963 0.02714 -0.00000 -223.70804 0.02714 -0.99963 0.00000 -0.94622 0.00000 -0.00000 -1.00000 -0.00000
1619118133524446 0.99958 -0.02900 0.00000 -225.12876 -0.02900 -0.99958 0.00000 11.48130 -0.00000 -0.00000 -1.00000 0.00000
1619118133774451 0.99673 -0.08086 0.00000 -225.96937 -0.08086 -0.99673 0.00000 23.25075 -0.00000 -0.00000 -1.00000 0.00000
1619118134024456 0.99321 -0.11630 0.00000 -226.80120 -0.11630 -0.99321 0.00000 31.22500 -0.00000 -0.00000 -1.00000 0.00000
1619118134274458 0.98775 -0.15607 0.00000 -227.21338 -0.15607 -0.98775 0.00000 40.31738 -0.00000 -0.00000 -1.00000 0.00000
1619118134524458 0.98275 -0.18496 0.00000 -227.78615 -0.18496 -0.98275 0.00000 47.04476 -0.00000 -0.00000 -1.00000 0.00000
1619118134773838 0.98046 -0.19670 0.00000 -229.16878 -0.19670 -0.98046 0.00000 49.65633 -0.00000 -0.00000 -1.00000 0.00000
1619118135023842 0.97788 -0.20916 0.00000 -230.52774 -0.20916 -0.97788 0.00000 52.36676 -0.00000 -0.00000 -1.00000 0.00000
1619118135273848 0.97569 -0.21915 -0.00000 -231.93196 -0.21915 -0.97569 0.00000 54.82352 -0.00000 -0.00000 -1.00000 0.00000
1619118135523847 0.97329 -0.22960 0.00000 -233.40800 -0.22960 -0.97329 0.00000 57.29921 -0.00000 -0.00000 -1.00000 0.00000
1619118135773857 0.97261 -0.23246 -0.00000 -235.31986 -0.23246 -0.97261 0.00000 58.00349 -0.00000 -0.00000 -1.00000 0.00000
1619118136023855 0.97000 -0.24312 -0.00000 -236.77604 -0.24312 -0.97000 0.00000 60.48190 -0.00000 -0.00000 -1.00000 0.00000
1619118136273858 0.96937 -0.24561 -0.00000 -238.72861 -0.24561 -0.96937 0.00000 61.24984 -0.00000 -0.00000 -1.00000 0.00000
1619118136523232 0.96962 -0.24463 0.00000 -241.05785 -0.24463 -0.96962 0.00000 60.78487 -0.00000 -0.00000 -1.00000 0.00000
1619118136773241 0.96917 -0.24637 0.00000 -243.16892 -0.24637 -0.96917 0.00000 61.25845 -0.00000 -0.00000 -1.00000 0.00000
1619118137023246 0.96736 -0.25340 0.00000 -244.95957 -0.25340 -0.96736 0.00000 62.97981 -0.00000 -0.00000 -1.00000 0.00000
1619118137272629 0.96888 -0.24755 0.00000 -247.62354 -0.24755 -0.96888 0.00000 61.45013 -0.00000 -0.00000 -1.00000 0.00000
1619118137522622 0.96880 -0.24785 0.00000 -249.95515 -0.24785 -0.96880 0.00000 61.36138 -0.00000 -0.00000 -1.00000 0.00000
1619118137773251 0.96653 -0.25656 0.00000 -251.69837 -0.25656 -0.96653 0.00000 63.73414 -0.00000 -0.00000 -1.00000 0.00000
1619118138022634 0.96876 -0.24798 0.00000 -254.62989 -0.24798 -0.96876 0.00000 61.33289 -0.00000 -0.00000 -1.00000 0.00000
1619118138272636 0.96915 -0.24646 0.00000 -257.15153 -0.24646 -0.96915 0.00000 60.96146 -0.00000 -0.00000 -1.00000 0.00000
1619118138522635 0.96902 -0.24697 -0.00000 -259.55216 -0.24697 -0.96902 0.00000 60.98847 -0.00000 -0.00000 -1.00000 0.00000
1619118138772639 0.96744 -0.25311 -0.00000 -261.58746 -0.25311 -0.96744 0.00000 62.62001 -0.00000 -0.00000 -1.00000 0.00000
1619118139022644 0.96807 -0.25070 -0.00000 -264.22116 -0.25070 -0.96807 0.00000 61.84384 -0.00000 -0.00000 -1.00000 0.00000
1619118139272650 0.96809 -0.25061 -0.00000 -266.62997 -0.25061 -0.96809 0.00000 61.88112 -0.00000 -0.00000 -1.00000 0.00000
1619118139522022 0.96844 -0.24926 0.00000 -269.27078 -0.24926 -0.96844 0.00000 61.33039 -0.00000 -0.00000 -1.00000 0.00000
1619118139772032 0.96686 -0.25531 0.00000 -271.35911 -0.25531 -0.96686 0.00000 63.00643 -0.00000 -0.00000 -1.00000 0.00000
1619118140021405 0.96709 -0.25443 0.00000 -273.97961 -0.25443 -0.96709 0.00000 62.62775 -0.00000 -0.00000 -1.00000 0.00000
1619118140272036 0.96394 -0.26614 -0.00000 -275.64284 -0.26614 -0.96394 0.00000 65.94690 -0.00000 -0.00000 -1.00000 0.00000
1619118140522660 0.96287 -0.26997 0.00000 -278.02779 -0.26997 -0.96287 0.00000 67.03637 -0.00000 -0.00000 -1.00000 0.00000
1619118140773293 0.95999 -0.28002 0.00000 -279.87776 -0.28002 -0.95999 0.00000 69.89624 -0.00000 -0.00000 -1.00000 0.00000
1619118141024544 0.95549 -0.29502 0.00000 -281.22565 -0.29502 -0.95549 0.00000 74.29180 -0.00000 -0.00000 -1.00000 0.00000
1619118141274550 0.95089 -0.30954 0.00000 -282.59432 -0.30954 -0.95089 0.00000 78.48572 -0.00000 -0.00000 -1.00000 0.00000
1619118141524553 0.94356 -0.33120 -0.00000 -283.24180 -0.33120 -0.94356 0.00000 84.88555 -0.00000 -0.00000 -1.00000 0.00000
1619118141774559 0.93278 -0.36045 -0.00000 -282.93214 -0.36045 -0.93278 0.00000 93.58568 -0.00000 -0.00000 -1.00000 0.00000
1619118142024555 0.91995 -0.39204 0.00000 -282.03545 -0.39204 -0.91995 0.00000 103.18226 -0.00000 -0.00000 -1.00000 0.00000
1619118142274558 0.90724 -0.42062 0.00000 -281.06994 -0.42062 -0.90724 0.00000 111.79341 -0.00000 -0.00000 -1.00000 0.00000
1619118142524560 0.89621 -0.44362 0.00000 -280.59262 -0.44362 -0.89621 0.00000 118.91442 -0.00000 -0.00000 -1.00000 0.00000
1619118142774569 0.87852 -0.47770 -0.00000 -278.27120 -0.47770 -0.87852 0.00000 129.68128 -0.00000 -0.00000 -1.00000 0.00000
1619118143024579 0.85546 -0.51787 -0.00000 -274.34846 -0.51787 -0.85546 0.00000 142.33498 -0.00000 -0.00000 -1.00000 0.00000
1619118143274575 0.83359 -0.55239 0.00000 -270.76884 -0.55239 -0.83359 0.00000 153.44457 -0.00000 -0.00000 -1.00000 0.00000
1619118143524571 0.81069 -0.58548 0.00000 -266.75900 -0.58548 -0.81069 0.00000 164.08846 -0.00000 -0.00000 -1.00000 0.00000
1619118143774581 0.78169 -0.62367 0.00000 -261.01735 -0.62367 -0.78169 0.00000 176.87148 -0.00000 -0.00000 -1.00000 0.00000
1619118144023962 0.75623 -0.65431 0.00000 -256.19414 -0.65431 -0.75623 0.00000 187.02399 -0.00000 -0.00000 -1.00000 0.00000
1619118144273962 0.72653 -0.68714 0.00000 -250.10063 -0.68714 -0.72653 0.00000 198.20296 -0.00000 -0.00000 -1.00000 0.00000
1619118144523961 0.69831 -0.71579 0.00000 -244.40614 -0.71579 -0.69831 0.00000 208.00252 -0.00000 -0.00000 -1.00000 0.00000
1619118144773969 0.67691 -0.73607 0.00000 -240.62753 -0.73607 -0.67691 0.00000 215.10134 -0.00000 -0.00000 -1.00000 0.00000
1619118145023972 0.65702 -0.75387 -0.00000 -237.24397 -0.75387 -0.65702 0.00000 221.37802 -0.00000 -0.00000 -1.00000 0.00000
1619118145273987 0.63694 -0.77092 0.00000 -233.79404 -0.77092 -0.63694 0.00000 227.69819 -0.00000 -0.00000 -1.00000 0.00000
1619118145523350 0.62647 -0.77945 0.00000 -233.12663 -0.77945 -0.62647 0.00000 230.67270 -0.00000 -0.00000 -1.00000 0.00000
1619118145773358 0.61606 -0.78770 0.00000 -232.53761 -0.78770 -0.61606 0.00000 233.60208 -0.00000 -0.00000 -1.00000 0.00000
1619118146023360 0.60141 -0.79894 0.00000 -230.64407 -0.79894 -0.60141 0.00000 237.85301 -0.00000 -0.00000 -1.00000 0.00000
1619118146273363 0.59997 -0.80002 0.00000 -232.67987 -0.80002 -0.59997 0.00000 237.89432 -0.00000 -0.00000 -1.00000 0.00000
1619118146523992 0.59851 -0.80111 0.00000 -234.75608 -0.80111 -0.59851 0.00000 238.59152 -0.00000 -0.00000 -1.00000 0.00000
1619118146773370 0.60016 -0.79988 0.00000 -237.64443 -0.79988 -0.60016 0.00000 237.79827 -0.00000 -0.00000 -1.00000 0.00000
1619118147023377 0.60111 -0.79917 0.00000 -240.40217 -0.79917 -0.60111 0.00000 237.58003 -0.00000 -0.00000 -1.00000 0.00000
1619118147273379 0.60857 -0.79350 0.00000 -245.03830 -0.79350 -0.60857 0.00000 235.15581 -0.00000 -0.00000 -1.00000 0.00000
1619118147522751 0.62570 -0.78006 0.00000 -252.50902 -0.78006 -0.62570 0.00000 229.67087 -0.00000 -0.00000 -1.00000 0.00000
1619118147772762 0.64452 -0.76459 0.00000 -260.37415 -0.76459 -0.64452 0.00000 223.37790 -0.00000 -0.00000 -1.00000 0.00000
1619118148022763 0.66457 -0.74723 0.00000 -268.57239 -0.74723 -0.66457 0.00000 216.46651 -0.00000 -0.00000 -1.00000 0.00000
1619118148272140 0.69477 -0.71923 0.00000 -279.58779 -0.71923 -0.69477 0.00000 205.01975 -0.00000 -0.00000 -1.00000 0.00000
1619118148522767 0.72396 -0.68984 0.00000 -290.12048 -0.68984 -0.72396 0.00000 193.33630 -0.00000 -0.00000 -1.00000 0.00000
1619118148772774 0.76200 -0.64757 0.00000 -302.80356 -0.64757 -0.76200 0.00000 176.18737 -0.00000 -0.00000 -1.00000 0.00000
1619118149024029 0.80440 -0.59409 0.00000 -316.37384 -0.59409 -0.80440 0.00000 155.19867 -0.00000 -0.00000 -1.00000 0.00000
1619118149274029 0.85103 -0.52512 0.00000 -330.33598 -0.52512 -0.85103 0.00000 128.38254 -0.00000 -0.00000 -1.00000 0.00000
1619118149524032 0.89178 -0.45248 0.00000 -341.97936 -0.45248 -0.89178 0.00000 100.54623 -0.00000 -0.00000 -1.00000 0.00000
1619118149774034 0.92478 -0.38051 0.00000 -351.14584 -0.38051 -0.92478 0.00000 73.19208 -0.00000 -0.00000 -1.00000 0.00000
1619118150024044 0.95258 -0.30428 0.00000 -357.85118 -0.30428 -0.95258 0.00000 44.21110 -0.00000 -0.00000 -1.00000 0.00000
1619118150274044 0.97460 -0.22395 0.00000 -362.45589 -0.22395 -0.97460 0.00000 14.32726 -0.00000 -0.00000 -1.00000 0.00000
1619118150524039 0.98923 -0.14634 0.00000 -364.59835 -0.14634 -0.98923 0.00000 -14.42405 -0.00000 -0.00000 -1.00000 -0.00000
1619118150774046 0.99788 -0.06507 0.00000 -364.30909 -0.06507 -0.99788 0.00000 -44.20241 -0.00000 -0.00000 -1.00000 -0.00000
1619118151024687 0.99994 0.01090 0.00000 -362.07038 0.01090 -0.99994 0.00000 -71.74951 0.00000 -0.00000 -1.00000 -0.00000
1619118151275310 0.99666 0.08161 0.00000 -358.24482 0.08161 -0.99666 0.00000 -97.14611 0.00000 -0.00000 -1.00000 -0.00000
1619118151525304 0.98970 0.14314 -0.00000 -353.78019 0.14314 -0.98970 0.00000 -119.18344 0.00000 -0.00000 -1.00000 -0.00000
1619118151775312 0.98187 0.18953 0.00000 -350.07235 0.18953 -0.98187 0.00000 -135.80081 0.00000 -0.00000 -1.00000 -0.00000
1619118152025310 0.97578 0.21877 0.00000 -348.15099 0.21877 -0.97578 0.00000 -146.22443 0.00000 -0.00000 -1.00000 -0.00000
1619118152274693 0.97068 0.24040 0.00000 -347.05723 0.24040 -0.97068 0.00000 -154.07345 0.00000 -0.00000 -1.00000 -0.00000
1619118152524696 0.96867 0.24835 0.00000 -348.08757 0.24835 -0.96867 0.00000 -156.97768 0.00000 -0.00000 -1.00000 -0.00000
1619118152775321 0.96773 0.25199 0.00000 -349.97817 0.25199 -0.96773 0.00000 -158.27341 0.00000 -0.00000 -1.00000 -0.00000
1619118153025322 0.96776 0.25188 0.00000 -352.45327 0.25188 -0.96776 0.00000 -158.22431 0.00000 -0.00000 -1.00000 -0.00000
1619118153274708 0.96702 0.25468 0.00000 -354.45436 0.25468 -0.96702 0.00000 -159.35292 0.00000 -0.00000 -1.00000 -0.00000
1619118153525332 0.96558 0.26011 0.00000 -356.17611 0.26011 -0.96558 0.00000 -161.22336 0.00000 -0.00000 -1.00000 -0.00000
1619118153774714 0.96450 0.26407 0.00000 -358.05939 0.26407 -0.96450 0.00000 -162.74082 0.00000 -0.00000 -1.00000 -0.00000
1619118154024715 0.96541 0.26072 0.00000 -361.09109 0.26072 -0.96541 0.00000 -161.64359 0.00000 -0.00000 -1.00000 -0.00000
1619118154275347 0.96749 0.25291 0.00000 -364.97688 0.25291 -0.96749 0.00000 -158.63442 0.00000 -0.00000 -1.00000 -0.00000
1619118154524718 0.96767 0.25221 -0.00000 -367.63572 0.25221 -0.96767 0.00000 -158.43647 0.00000 -0.00000 -1.00000 -0.00000
1619118154774724 0.96797 0.25106 0.00000 -370.34258 0.25106 -0.96797 0.00000 -158.08884 0.00000 -0.00000 -1.00000 -0.00000
1619118155024729 0.96867 0.24834 0.00000 -373.34259 0.24834 -0.96867 0.00000 -157.07183 0.00000 -0.00000 -1.00000 -0.00000
1619118155274776 0.97006 0.24285 0.00000 -376.58420 0.24285 -0.97006 0.00000 -155.01222 0.00000 -0.00000 -1.00000 -0.00000
1619118155524732 0.97109 0.23873 0.00000 -379.62618 0.23873 -0.97109 0.00000 -153.45170 0.00000 -0.00000 -1.00000 -0.00000
1619118155774112 0.97179 0.23587 0.00000 -382.47740 0.23587 -0.97179 0.00000 -152.30679 0.00000 -0.00000 -1.00000 -0.00000
1619118156024743 0.97261 0.23243 0.00000 -385.47222 0.23243 -0.97261 0.00000 -150.86984 0.00000 -0.00000 -1.00000 -0.00000
1619118156274746 0.97503 0.22209 0.00000 -389.10609 0.22209 -0.97503 0.00000 -146.90871 0.00000 -0.00000 -1.00000 -0.00000
1619118156524118 0.97690 0.21371 0.00000 -392.54113 0.21371 -0.97690 0.00000 -143.58301 0.00000 -0.00000 -1.00000 -0.00000
1619118156774127 0.98186 0.18962 0.00000 -398.10725 0.18962 -0.98186 0.00000 -133.87296 0.00000 -0.00000 -1.00000 -0.00000
1619118157024127 0.98625 0.16524 0.00000 -403.17356 0.16524 -0.98625 0.00000 -124.07603 0.00000 -0.00000 -1.00000 -0.00000
1619118157274132 0.98869 0.14998 0.00000 -406.91270 0.14998 -0.98869 0.00000 -117.88956 0.00000 -0.00000 -1.00000 -0.00000
1619118157524133 0.99130 0.13162 0.00000 -410.90946 0.13162 -0.99130 0.00000 -110.31092 0.00000 -0.00000 -1.00000 -0.00000
1619118157774137 0.99182 0.12766 0.00000 -413.04417 0.12766 -0.99182 0.00000 -108.68977 0.00000 -0.00000 -1.00000 -0.00000
1619118158024142 0.99331 0.11552 0.00000 -416.13268 0.11552 -0.99331 0.00000 -103.62460 0.00000 -0.00000 -1.00000 -0.00000
1619118158274148 0.99429 0.10669 -0.00000 -418.53629 0.10669 -0.99429 0.00000 -100.01108 0.00000 -0.00000 -1.00000 -0.00000
1619118158524775 0.99483 0.10152 0.00000 -420.57379 0.10152 -0.99483 0.00000 -97.76912 0.00000 -0.00000 -1.00000 -0.00000
1619118158774779 0.99450 0.10471 0.00000 -421.61630 0.10471 -0.99450 0.00000 -99.10447 0.00000 -0.00000 -1.00000 -0.00000
1619118159024158 0.99435 0.10618 0.00000 -422.91507 0.10618 -0.99435 0.00000 -99.77436 0.00000 -0.00000 -1.00000 -0.00000
1619118159274163 0.99522 0.09768 -0.00000 -424.89459 0.09768 -0.99522 0.00000 -96.17310 0.00000 -0.00000 -1.00000 -0.00000
1619118159523536 0.99508 0.09905 0.00000 -425.74961 0.09905 -0.99508 0.00000 -96.85064 0.00000 -0.00000 -1.00000 -0.00000
1619118159773542 0.99548 0.09495 -0.00000 -427.23620 0.09495 -0.99548 0.00000 -95.15666 0.00000 -0.00000 -1.00000 -0.00000
1619118160023552 0.99597 0.08967 0.00000 -428.57855 0.08967 -0.99597 0.00000 -92.83947 0.00000 -0.00000 -1.00000 -0.00000
1619118160273549 0.99641 0.08470 0.00000 -429.79064 0.08470 -0.99641 0.00000 -90.71307 0.00000 -0.00000 -1.00000 -0.00000
1619118160523550 0.99675 0.08054 -0.00000 -430.98879 0.08054 -0.99675 0.00000 -88.98895 0.00000 -0.00000 -1.00000 -0.00000
1619118160773552 0.99702 0.07719 0.00000 -431.99002 0.07719 -0.99702 0.00000 -87.58222 0.00000 -0.00000 -1.00000 -0.00000
1619118161023560 0.99740 0.07209 0.00000 -433.24590 0.07209 -0.99740 0.00000 -85.39715 0.00000 -0.00000 -1.00000 -0.00000
1619118161273572 0.99809 0.06174 -0.00000 -434.75146 0.06174 -0.99809 0.00000 -80.93725 0.00000 -0.00000 -1.00000 -0.00000
1619118161522949 0.99870 0.05090 0.00000 -436.32967 0.05090 -0.99870 0.00000 -76.21434 0.00000 -0.00000 -1.00000 -0.00000
1619118161772943 0.99954 0.03038 0.00000 -438.49112 0.03038 -0.99954 0.00000 -67.21663 0.00000 -0.00000 -1.00000 -0.00000
1619118162022944 1.00000 0.00027 0.00000 -440.93868 0.00027 -1.00000 0.00000 -53.95767 0.00000 -0.00000 -1.00000 -0.00000
1619118162272950 0.99955 -0.03001 0.00000 -443.11617 -0.03001 -0.99955 0.00000 -40.59445 -0.00000 -0.00000 -1.00000 -0.00000
1619118162522326 0.99766 -0.06843 0.00000 -445.10106 -0.06843 -0.99766 0.00000 -23.56102 -0.00000 -0.00000 -1.00000 -0.00000
1619118162772953 0.99376 -0.11158 0.00000 -446.39758 -0.11158 -0.99376 0.00000 -4.23685 -0.00000 -0.00000 -1.00000 -0.00000
1619118163022329 0.98659 -0.16325 0.00000 -446.80697 -0.16325 -0.98659 0.00000 18.97913 -0.00000 -0.00000 -1.00000 0.00000
1619118163272964 0.97395 -0.22674 -0.00000 -445.51961 -0.22674 -0.97395 0.00000 48.02134 -0.00000 -0.00000 -1.00000 0.00000
1619118163522363 0.95972 -0.28096 0.00000 -442.93344 -0.28096 -0.95972 0.00000 72.72377 -0.00000 -0.00000 -1.00000 0.00000
1619118163772349 0.93632 -0.35114 0.00000 -437.38469 -0.35114 -0.93632 0.00000 105.17821 -0.00000 -0.00000 -1.00000 0.00000
1619118164022970 0.91047 -0.41358 0.00000 -430.09327 -0.41358 -0.91047 0.00000 134.47994 -0.00000 -0.00000 -1.00000 0.00000
1619118164272349 0.87744 -0.47969 0.00000 -420.04559 -0.47969 -0.87744 0.00000 165.92377 -0.00000 -0.00000 -1.00000 0.00000
1619118164523004 0.82979 -0.55808 0.00000 -404.21216 -0.55808 -0.82979 0.00000 203.53759 -0.00000 -0.00000 -1.00000 0.00000
1619118164772981 0.76574 -0.64315 0.00000 -381.42798 -0.64315 -0.76574 0.00000 245.27874 -0.00000 -0.00000 -1.00000 0.00000
1619118165021739 0.69277 -0.72116 0.00000 -354.21404 -0.72116 -0.69277 0.00000 284.52275 -0.00000 -0.00000 -1.00000 0.00000
1619118165272366 0.61722 -0.78679 0.00000 -325.29964 -0.78679 -0.61722 0.00000 318.49534 -0.00000 -0.00000 -1.00000 0.00000
1619118165521743 0.54607 -0.83774 0.00000 -297.52005 -0.83774 -0.54607 0.00000 345.69013 -0.00000 -0.00000 -1.00000 0.00000
1619118165771747 0.47813 -0.87829 -0.00000 -270.65662 -0.87829 -0.47813 0.00000 368.00072 -0.00000 -0.00000 -1.00000 0.00000
1619118166021749 0.42985 -0.90290 0.00000 -251.84324 -0.90290 -0.42985 0.00000 382.09240 -0.00000 -0.00000 -1.00000 0.00000
1619118166273003 0.38854 -0.92143 0.00000 -235.98300 -0.92143 -0.38854 0.00000 393.12961 -0.00000 -0.00000 -1.00000 0.00000
1619118166523626 0.35791 -0.93376 -0.00000 -224.58187 -0.93376 -0.35791 0.00000 400.58961 -0.00000 -0.00000 -1.00000 0.00000
1619118166774256 0.34214 -0.93965 0.00000 -219.52566 -0.93965 -0.34214 0.00000 404.29723 -0.00000 -0.00000 -1.00000 0.00000
1619118167024261 0.32941 -0.94419 0.00000 -215.86726 -0.94419 -0.32941 0.00000 407.23762 -0.00000 -0.00000 -1.00000 0.00000
1619118167274262 0.31808 -0.94806 0.00000 -212.88199 -0.94806 -0.31808 0.00000 409.75363 -0.00000 -0.00000 -1.00000 0.00000
1619118167524266 0.30355 -0.95282 0.00000 -208.48637 -0.95282 -0.30355 0.00000 413.00763 -0.00000 -0.00000 -1.00000 0.00000
1619118167773646 0.29794 -0.95459 0.00000 -208.09500 -0.95459 -0.29794 0.00000 414.09366 -0.00000 -0.00000 -1.00000 0.00000
1619118168023649 0.29223 -0.95635 -0.00000 -207.61663 -0.95635 -0.29223 0.00000 415.31353 -0.00000 -0.00000 -1.00000 0.00000
1619118168273653 0.28618 -0.95818 0.00000 -206.97313 -0.95818 -0.28618 0.00000 416.53099 -0.00000 -0.00000 -1.00000 0.00000
1619118168523654 0.27931 -0.96020 -0.00000 -206.01150 -0.96020 -0.27931 0.00000 417.97504 -0.00000 -0.00000 -1.00000 0.00000
1619118168773663 0.27497 -0.96145 0.00000 -206.05856 -0.96145 -0.27497 0.00000 418.81230 -0.00000 -0.00000 -1.00000 0.00000
1619118169023034 0.27356 -0.96185 0.00000 -207.56416 -0.96185 -0.27356 0.00000 419.16797 -0.00000 -0.00000 -1.00000 0.00000
1619118169273045 0.27731 -0.96078 0.00000 -211.23816 -0.96078 -0.27731 0.00000 418.29651 -0.00000 -0.00000 -1.00000 0.00000
1619118169523040 0.27943 -0.96017 0.00000 -214.28003 -0.96017 -0.27943 0.00000 417.89541 -0.00000 -0.00000 -1.00000 0.00000
1619118169772423 0.28175 -0.95949 0.00000 -217.38841 -0.95949 -0.28175 0.00000 417.26841 -0.00000 -0.00000 -1.00000 0.00000
1619118170022422 0.27908 -0.96027 0.00000 -218.33878 -0.96027 -0.27908 0.00000 417.83771 -0.00000 -0.00000 -1.00000 0.00000
1619118170272428 0.27845 -0.96045 0.00000 -220.19465 -0.96045 -0.27845 0.00000 417.94220 -0.00000 -0.00000 -1.00000 0.00000
1619118170521805 0.28642 -0.95810 0.00000 -225.85424 -0.95810 -0.28642 0.00000 416.05252 -0.00000 -0.00000 -1.00000 0.00000
1619118170771812 0.28836 -0.95752 0.00000 -228.92686 -0.95752 -0.28836 0.00000 415.57245 -0.00000 -0.00000 -1.00000 0.00000
1619118171023058 0.29021 -0.95696 0.00000 -231.93697 -0.95696 -0.29021 0.00000 415.06747 -0.00000 -0.00000 -1.00000 0.00000
1619118171274317 0.28474 -0.95860 0.00000 -231.85113 -0.95860 -0.28474 0.00000 416.40765 -0.00000 -0.00000 -1.00000 0.00000
1619118171524317 0.28586 -0.95827 0.00000 -234.58412 -0.95827 -0.28586 0.00000 415.97648 -0.00000 -0.00000 -1.00000 0.00000
1619118171774947 0.27935 -0.96019 0.00000 -234.07251 -0.96019 -0.27935 0.00000 417.58326 -0.00000 -0.00000 -1.00000 0.00000
1619118172024952 0.27740 -0.96075 0.00000 -235.48612 -0.96075 -0.27740 0.00000 418.00853 -0.00000 -0.00000 -1.00000 0.00000
1619118172274332 0.28019 -0.95994 -0.00000 -239.10443 -0.95994 -0.28019 0.00000 417.26550 -0.00000 -0.00000 -1.00000 0.00000
1619118172524333 0.28085 -0.95975 0.00000 -241.81172 -0.95975 -0.28085 0.00000 417.03939 -0.00000 -0.00000 -1.00000 0.00000
1619118172774333 0.27393 -0.96175 -0.00000 -241.19296 -0.96175 -0.27393 0.00000 418.76803 -0.00000 -0.00000 -1.00000 0.00000
1619118173024334 0.27128 -0.96250 0.00000 -242.43304 -0.96250 -0.27128 0.00000 419.33360 -0.00000 -0.00000 -1.00000 0.00000
1619118173274347 0.26796 -0.96343 0.00000 -243.38211 -0.96343 -0.26796 0.00000 420.18161 -0.00000 -0.00000 -1.00000 0.00000
1619118173524385 0.26439 -0.96442 0.00000 -244.28611 -0.96442 -0.26439 0.00000 421.07324 -0.00000 -0.00000 -1.00000 0.00000
