1615317786803023 1.00000 0.00000 0.00000 -0.00000 0.00000 -1.00000 0.00000 0.00000 0.00000 -0.00000 -1.00000 0.00000
1615317787052401 0.99999 0.00333 -0.00000 0.01295 0.00333 -0.99999 0.00000 -0.00950 0.00000 -0.00000 -1.00000 -0.00000
1615317787303028 1.00000 -0.00034 0.00000 -0.01654 -0.00034 -1.00000 0.00000 0.02707 -0.00000 -0.00000 -1.00000 0.00000
1615317787553658 1.00000 -0.00179 0.00000 -0.00936 -0.00179 -1.00000 0.00000 0.00536 -0.00000 -0.00000 -1.00000 0.00000
1615317787804292 1.00000 0.00072 -0.00000 0.04143 0.00072 -1.00000 0.00000 -0.00741 0.00000 -0.00000 -1.00000 -0.00000
1615317788054908 1.00000 -0.00283 0.00000 0.01382 -0.00283 -1.00000 0.00000 -0.03726 -0.00000 -0.00000 -1.00000 -0.00000
1615317788304291 1.00000 0.00222 -0.00000 -0.00041 0.00222 -1.00000 0.00000 -0.05341 0.00000 -0.00000 -1.00000 -0.00000
1615317788554299 1.00000 -0.00285 0.00000 0.01852 -0.00285 -1.00000 0.00000 0.00476 -0.00000 -0.00000 -1.00000 0.00000
1615317788803679 1.00000 -0.00102 0.00000 0.01256 -0.00102 -1.00000 0.00000 -0.01546 -0.00000 -0.00000 -1.00000 -0.00000
1615317789053059 1.00000 -0.00090 0.00000 0.02189 -0.00090 -1.00000 0.00000 -0.06702 -0.00000 -0.00000 -1.00000 -0.00000
1615317789302433 1.00000 0.00087 0.00000 -0.00193 0.00087 -1.00000 0.00000 -0.01893 0.00000 -0.00000 -1.00000 -0.00000
1615317789552440 0.99999 -0.00317 -0.00000 0.01215 -0.00317 -0.99999 0.00000 -0.02291 -0.00000 -0.00000 -1.00000 -0.00000
1615317789802448 1.00000 -0.00145 0.00000 0.02892 -0.00145 -1.00000 0.00000 -0.02970 -0.00000 -0.00000 -1.00000 -0.00000
1615317790053071 1.00000 -0.00058 0.00000 0.00146 -0.00058 -1.00000 0.00000 0.01804 -0.00000 -0.00000 -1.00000 0.00000
1615317790303698 1.00000 -0.00037 0.00000 -0.02322 -0.00037 -1.00000 0.00000 0.01022 -0.00000 -0.00000 -1.00000 0.00000
1615317790554337 1.00000 0.00132 0.00000 0.03240 0.00132 -1.00000 0.00000 -0.01410 0.00000 -0.00000 -1.00000 -0.00000
1615317790804330 1.00000 0.00261 0.00000 0.02081 0.00261 -1.00000 0.00000 -0.03900 0.00000 -0.00000 -1.00000 -0.00000
1615317791054332 1.00000 0.00308 -0.00000 0.01454 0.00308 -1.00000 0.00000 -0.03695 0.00000 -0.00000 -1.00000 -0.00000
1615317791304337 1.00000 -0.00183 -0.00000 -0.00481 -0.00183 -1.00000 0.00000 0.00709 -0.00000 -0.00000 -1.00000 0.00000
1615317791553721 1.00000 -0.00275 -0.00000 0.02211 -0.00275 -1.00000 0.00000 -0.00001 -0.00000 -0.00000 -1.00000 -0.00000
1615317791803098 1.00000 0.00055 0.00000 0.00823 0.00055 -1.00000 0.00000 -0.00927 0.00000 -0.00000 -1.00000 -0.00000
1615317792052486 1.00000 -0.00104 0.00000 0.03189 -0.00104 -1.00000 0.00000 -0.07435 -0.00000 -0.00000 -1.00000 -0.00000
1615317792302480 1.00000 -0.00145 0.00000 -0.00641 -0.00145 -1.00000 0.00000 -0.02096 -0.00000 -0.00000 -1.00000 -0.00000
1615317792552484 0.99999 -0.00403 0.00000 0.02270 -0.00403 -0.99999 0.00000 -0.03958 -0.00000 -0.00000 -1.00000 -0.00000
1615317792802486 1.00000 -0.00145 -0.00000 -0.01585 -0.00145 -1.00000 0.00000 -0.03219 -0.00000 -0.00000 -1.00000 -0.00000
1615317793053744 1.00000 -0.00139 0.00000 -0.01597 -0.00139 -1.00000 0.00000 -0.01121 -0.00000 -0.00000 -1.00000 -0.00000
1615317793304366 1.00000 0.00090 -0.00000 0.01092 0.00090 -1.00000 0.00000 -0.00263 0.00000 -0.00000 -1.00000 -0.00000
1615317793555001 1.00000 0.00003 -0.00000 0.00439 0.00003 -1.00000 0.00000 0.00542 0.00000 -0.00000 -1.00000 0.00000
1615317793805006 0.99999 -0.00448 0.00000 0.00151 -0.00448 -0.99999 0.00000 -0.01353 -0.00000 -0.00000 -1.00000 -0.00000
1615317794054388 0.99999 0.00445 0.00000 0.00097 0.00445 -0.99999 0.00000 -0.03950 0.00000 -0.00000 -1.00000 -0.00000
1615317794304384 1.00000 0.00002 0.00000 -0.07160 0.00002 -1.00000 0.00000 0.01515 0.00000 -0.00000 -1.00000 0.00000
1615317794553761 0.99999 -0.00405 0.00000 -0.12214 -0.00405 -0.99999 0.00000 -0.01353 -0.00000 -0.00000 -1.00000 -0.00000
1615317794803148 1.00000 -0.00230 0.00000 -0.21821 -0.00230 -1.00000 0.00000 -0.02789 -0.00000 -0.00000 -1.00000 -0.00000
1615317795053154 0.99991 -0.01334 0.00000 -0.43306 -0.01334 -0.99991 0.00000 -0.05873 -0.00000 -0.00000 -1.00000 -0.00000
1615317795303153 0.99908 -0.04277 0.00000 -0.80304 -0.04277 -0.99908 0.00000 0.02421 -0.00000 -0.00000 -1.00000 0.00000
1615317795553158 0.99770 -0.06773 0.00000 -1.21304 -0.06773 -0.99770 0.00000 -0.01908 -0.00000 -0.00000 -1.00000 -0.00000
1615317795803782 0.99479 -0.10193 0.00000 -1.68067 -0.10193 -0.99479 0.00000 -0.03993 -0.00000 -0.00000 -1.00000 -0.00000
1615317796053791 0.99114 -0.13285 0.00000 -2.22341 -0.13285 -0.99114 0.00000 -0.09683 -0.00000 -0.00000 -1.00000 -0.00000
1615317796304419 0.98673 -0.16235 0.00000 -2.84405 -0.16235 -0.98673 0.00000 0.09234 -0.00000 -0.00000 -1.00000 0.00000
1615317796554419 0.98180 -0.18992 0.00000 -3.51719 -0.18992 -0.98180 0.00000 0.06519 -0.00000 -0.00000 -1.00000 0.00000
1615317796803802 0.97772 -0.20991 0.00000 -4.34849 -0.20991 -0.97772 0.00000 0.14593 -0.00000 -0.00000 -1.00000 0.00000
1615317797053179 0.97590 -0.21823 0.00000 -5.17519 -0.21823 -0.97590 0.00000 0.13330 -0.00000 -0.00000 -1.00000 0.00000
1615317797303188 0.97316 -0.23014 0.00000 -6.12851 -0.23014 -0.97316 0.00000 0.17331 -0.00000 -0.00000 -1.00000 0.00000
1615317797553193 0.96972 -0.24423 -0.00000 -7.13122 -0.24423 -0.96972 0.00000 0.25898 -0.00000 -0.00000 -1.00000 0.00000
1615317797803191 0.96933 -0.24574 0.00000 -8.12642 -0.24574 -0.96933 0.00000 0.23167 -0.00000 -0.00000 -1.00000 0.00000
1615317798053196 0.97042 -0.24143 -0.00000 -9.22432 -0.24143 -0.97042 0.00000 0.12976 -0.00000 -0.00000 -1.00000 0.00000
1615317798304450 0.97234 -0.23358 0.00000 -10.30207 -0.23358 -0.97234 0.00000 0.08962 -0.00000 -0.00000 -1.00000 0.00000
1615317798554454 0.97321 -0.22994 0.00000 -11.57008 -0.22994 -0.97321 0.00000 0.05858 -0.00000 -0.00000 -1.00000 0.00000
1615317798804452 0.97595 -0.21798 0.00000 -12.76363 -0.21798 -0.97595 0.00000 -0.11997 -0.00000 -0.00000 -1.00000 -0.00000
1615317799053829 0.98060 -0.19603 0.00000 -13.97550 -0.19603 -0.98060 0.00000 -0.48500 -0.00000 -0.00000 -1.00000 -0.00000
1615317799303212 0.98274 -0.18501 -0.00000 -15.27756 -0.18501 -0.98274 0.00000 -0.72061 -0.00000 -0.00000 -1.00000 -0.00000
1615317799553221 0.98732 -0.15872 0.00000 -16.67177 -0.15872 -0.98732 0.00000 -0.93473 -0.00000 -0.00000 -1.00000 -0.00000
1615317799802601 0.99081 -0.13529 0.00000 -17.93261 -0.13529 -0.99081 0.00000 -1.46958 -0.00000 -0.00000 -1.00000 -0.00000
1615317800052642 0.99293 -0.11870 0.00000 -19.38490 -0.11870 -0.99293 0.00000 -1.72717 -0.00000 -0.00000 -1.00000 -0.00000
1615317800303226 0.99539 -0.09586 0.00000 -20.88328 -0.09586 -0.99539 0.00000 -2.13266 -0.00000 -0.00000 -1.00000 -0.00000
1615317800553870 0.99713 -0.07566 0.00000 -22.39668 -0.07566 -0.99713 0.00000 -2.53857 -0.00000 -0.00000 -1.00000 -0.00000
1615317800804488 0.99880 -0.04897 -0.00000 -23.97803 -0.04897 -0.99880 0.00000 -3.19661 -0.00000 -0.00000 -1.00000 -0.00000
1615317801055109 0.99938 -0.03520 0.00000 -25.51988 -0.03520 -0.99938 0.00000 -3.64944 -0.00000 -0.00000 -1.00000 -0.00000
1615317801305121 0.99989 -0.01493 0.00000 -27.15162 -0.01493 -0.99989 0.00000 -4.20027 -0.00000 -0.00000 -1.00000 -0.00000
1615317801555123 1.00000 0.00030 0.00000 -28.86740 0.00030 -1.00000 0.00000 -4.60290 0.00000 -0.00000 -1.00000 -0.00000
1615317801803877 0.99978 0.02095 0.00000 -30.48578 0.02095 -0.99978 0.00000 -5.30962 0.00000 -0.00000 -1.00000 -0.00000
1615317802053890 0.99935 0.03607 0.00000 -32.21401 0.03607 -0.99935 0.00000 -5.74762 0.00000 -0.00000 -1.00000 -0.00000
1615317802302632 0.99900 0.04469 0.00000 -34.04014 0.04469 -0.99900 0.00000 -6.11849 0.00000 -0.00000 -1.00000 -0.00000
1615317802552633 0.99890 0.04692 0.00000 -35.81804 0.04692 -0.99890 0.00000 -6.25086 0.00000 -0.00000 -1.00000 -0.00000
1615317802802637 0.99833 0.05782 0.00000 -37.55734 0.05782 -0.99833 0.00000 -6.61377 0.00000 -0.00000 -1.00000 -0.00000
1615317803053273 0.99835 0.05736 0.00000 -39.49539 0.05736 -0.99835 0.00000 -6.53460 0.00000 -0.00000 -1.00000 -0.00000
1615317803303276 0.99844 0.05577 0.00000 -41.43377 0.05577 -0.99844 0.00000 -6.65464 0.00000 -0.00000 -1.00000 -0.00000
1615317803554529 0.99870 0.05094 0.00000 -43.46731 0.05094 -0.99870 0.00000 -6.34070 0.00000 -0.00000 -1.00000 -0.00000
1615317803804533 0.99879 0.04920 -0.00000 -45.46552 0.04920 -0.99879 0.00000 -6.34371 0.00000 -0.00000 -1.00000 -0.00000
1615317804053913 0.99853 0.05422 0.00000 -47.40972 0.05422 -0.99853 0.00000 -6.58107 0.00000 -0.00000 -1.00000 -0.00000
1615317804303915 0.99870 0.05090 0.00000 -49.50516 0.05090 -0.99870 0.00000 -6.43280 0.00000 -0.00000 -1.00000 -0.00000
1615317804553292 0.99857 0.05350 0.00000 -51.51802 0.05350 -0.99857 0.00000 -6.67269 0.00000 -0.00000 -1.00000 -0.00000
1615317804802674 0.99857 0.05351 0.00000 -53.56014 0.05351 -0.99857 0.00000 -6.69011 0.00000 -0.00000 -1.00000 -0.00000
1615317805052675 0.99867 0.05163 0.00000 -55.66881 0.05163 -0.99867 0.00000 -6.64013 0.00000 -0.00000 -1.00000 -0.00000
1615317805302679 0.99849 0.05494 0.00000 -57.69937 0.05494 -0.99849 0.00000 -6.88873 0.00000 -0.00000 -1.00000 -0.00000
1615317805553307 0.99883 0.04833 0.00000 -59.91986 0.04833 -0.99883 0.00000 -6.51221 0.00000 -0.00000 -1.00000 -0.00000
1615317805803941 0.99886 0.04774 0.00000 -61.95693 0.04774 -0.99886 0.00000 -6.78234 0.00000 -0.00000 -1.00000 -0.00000
1615317806054560 0.99906 0.04343 0.00000 -64.04101 0.04343 -0.99906 0.00000 -6.42981 0.00000 -0.00000 -1.00000 -0.00000
1615317806304568 0.99886 0.04775 0.00000 -66.02301 0.04775 -0.99886 0.00000 -6.69566 0.00000 -0.00000 -1.00000 -0.00000
1615317806554575 0.99892 0.04654 -0.00000 -68.08380 0.04654 -0.99892 0.00000 -6.53141 0.00000 -0.00000 -1.00000 -0.00000
1615317806803960 0.99877 0.04964 -0.00000 -70.04364 0.04964 -0.99877 0.00000 -6.72808 0.00000 -0.00000 -1.00000 -0.00000
1615317807053333 0.99861 0.05262 0.00000 -72.06778 0.05262 -0.99861 0.00000 -6.97369 0.00000 -0.00000 -1.00000 -0.00000
1615317807303337 0.99869 0.05116 -0.00000 -74.03804 0.05116 -0.99869 0.00000 -6.90104 0.00000 -0.00000 -1.00000 -0.00000
1615317807552715 0.99825 0.05908 0.00000 -75.93383 0.05908 -0.99825 0.00000 -7.56236 0.00000 -0.00000 -1.00000 -0.00000
1615317807803343 0.99850 0.05480 0.00000 -77.95421 0.05480 -0.99850 0.00000 -7.06326 0.00000 -0.00000 -1.00000 -0.00000
1615317808054017 0.99894 0.04602 0.00000 -79.97411 0.04602 -0.99894 0.00000 -6.43845 0.00000 -0.00000 -1.00000 -0.00000
1615317808303972 0.99959 0.02872 -0.00000 -82.05910 0.02872 -0.99959 0.00000 -5.05408 0.00000 -0.00000 -1.00000 -0.00000
1615317808554603 1.00000 0.00141 0.00000 -84.11073 0.00141 -1.00000 0.00000 -2.97305 0.00000 -0.00000 -1.00000 -0.00000
1615317808804605 0.99918 -0.04043 -0.00000 -85.99899 -0.04043 -0.99918 0.00000 0.57343 -0.00000 -0.00000 -1.00000 0.00000
1615317809054615 0.99589 -0.09059 0.00000 -87.73241 -0.09059 -0.99589 0.00000 4.96709 -0.00000 -0.00000 -1.00000 0.00000
1615317809303996 0.98908 -0.14738 -0.00000 -89.13622 -0.14738 -0.98908 0.00000 9.94884 -0.00000 -0.00000 -1.00000 0.00000
1615317809553369 0.97869 -0.20532 0.00000 -90.23515 -0.20532 -0.97869 0.00000 15.32671 -0.00000 -0.00000 -1.00000 0.00000
1615317809803373 0.96426 -0.26495 0.00000 -90.91075 -0.26495 -0.96426 0.00000 20.77608 -0.00000 -0.00000 -1.00000 0.00000
1615317810052761 0.94791 -0.31854 -0.00000 -91.47643 -0.31854 -0.94791 0.00000 25.71595 -0.00000 -0.00000 -1.00000 0.00000
1615317810302757 0.92287 -0.38510 -0.00000 -91.24846 -0.38510 -0.92287 0.00000 32.23670 -0.00000 -0.00000 -1.00000 0.00000
1615317810552758 0.89689 -0.44224 0.00000 -90.91808 -0.44224 -0.89689 0.00000 37.86517 -0.00000 -0.00000 -1.00000 0.00000
1615317810803391 0.86569 -0.50059 0.00000 -90.07904 -0.50059 -0.86569 0.00000 43.80909 -0.00000 -0.00000 -1.00000 0.00000
1615317811054012 0.82615 -0.56345 -0.00000 -88.27572 -0.56345 -0.82615 0.00000 50.35833 -0.00000 -0.00000 -1.00000 0.00000
1615317811304018 0.78679 -0.61722 0.00000 -86.60000 -0.61722 -0.78679 0.00000 56.07942 -0.00000 -0.00000 -1.00000 0.00000
1615317811554028 0.74242 -0.66994 0.00000 -84.41006 -0.66994 -0.74242 0.00000 61.99282 -0.00000 -0.00000 -1.00000 0.00000
1615317811804029 0.69740 -0.71668 0.00000 -82.08514 -0.71668 -0.69740 0.00000 67.32338 -0.00000 -0.00000 -1.00000 0.00000
1615317812053411 0.65329 -0.75711 0.00000 -79.77206 -0.75711 -0.65329 0.00000 72.00394 -0.00000 -0.00000 -1.00000 0.00000
1615317812303411 0.60370 -0.79721 0.00000 -76.93784 -0.79721 -0.60370 0.00000 77.11899 -0.00000 -0.00000 -1.00000 0.00000
1615317812552788 0.55607 -0.83114 0.00000 -74.24164 -0.83114 -0.55607 0.00000 81.29589 -0.00000 -0.00000 -1.00000 0.00000
1615317812803421 0.50266 -0.86448 0.00000 -70.97223 -0.86448 -0.50266 0.00000 85.95408 -0.00000 -0.00000 -1.00000 0.00000
1615317813054050 0.46075 -0.88753 0.00000 -68.83200 -0.88753 -0.46075 0.00000 89.03152 -0.00000 -0.00000 -1.00000 0.00000
1615317813304055 0.42807 -0.90375 0.00000 -67.60797 -0.90375 -0.42807 0.00000 91.49294 -0.00000 -0.00000 -1.00000 0.00000
1615317813554683 0.39823 -0.91729 0.00000 -66.57212 -0.91729 -0.39823 0.00000 93.70351 -0.00000 -0.00000 -1.00000 0.00000
1615317813804686 0.38369 -0.92346 0.00000 -67.20582 -0.92346 -0.38369 0.00000 94.69386 -0.00000 -0.00000 -1.00000 0.00000
1615317814054066 0.38051 -0.92478 -0.00000 -69.00227 -0.92478 -0.38051 0.00000 94.98104 -0.00000 -0.00000 -1.00000 0.00000
1615317814303436 0.38121 -0.92449 0.00000 -71.25642 -0.92449 -0.38121 0.00000 95.07657 -0.00000 -0.00000 -1.00000 0.00000
1615317814552819 0.38934 -0.92109 0.00000 -74.19113 -0.92109 -0.38934 0.00000 94.15385 -0.00000 -0.00000 -1.00000 0.00000
1615317814803448 0.38782 -0.92173 0.00000 -76.31661 -0.92173 -0.38782 0.00000 94.33578 -0.00000 -0.00000 -1.00000 0.00000
1615317815053458 0.39752 -0.91759 0.00000 -79.46143 -0.91759 -0.39752 0.00000 93.40181 -0.00000 -0.00000 -1.00000 0.00000
1615317815304088 0.40819 -0.91290 0.00000 -82.78813 -0.91290 -0.40819 0.00000 92.58930 -0.00000 -0.00000 -1.00000 0.00000
1615317815554714 0.41950 -0.90776 0.00000 -86.11747 -0.90776 -0.41950 0.00000 91.57631 -0.00000 -0.00000 -1.00000 0.00000
1615317815804719 0.43452 -0.90066 0.00000 -89.79067 -0.90066 -0.43452 0.00000 89.94774 -0.00000 -0.00000 -1.00000 0.00000
1615317816054759 0.45135 -0.89235 0.00000 -93.68398 -0.89235 -0.45135 0.00000 88.09722 -0.00000 -0.00000 -1.00000 0.00000
1615317816304725 0.46433 -0.88566 0.00000 -97.17015 -0.88566 -0.46433 0.00000 86.75351 -0.00000 -0.00000 -1.00000 0.00000
1615317816554106 0.48415 -0.87498 0.00000 -101.08023 -0.87498 -0.48415 0.00000 84.41545 -0.00000 -0.00000 -1.00000 0.00000
1615317816804106 0.50363 -0.86392 -0.00000 -105.15124 -0.86392 -0.50363 0.00000 82.27291 -0.00000 -0.00000 -1.00000 0.00000
1615317817053479 0.52822 -0.84911 0.00000 -109.61999 -0.84911 -0.52822 0.00000 79.14698 -0.00000 -0.00000 -1.00000 0.00000
1615317817303491 0.55168 -0.83405 0.00000 -113.82939 -0.83405 -0.55168 0.00000 75.91378 -0.00000 -0.00000 -1.00000 0.00000
1615317817552870 0.57537 -0.81790 0.00000 -117.96528 -0.81790 -0.57537 0.00000 72.55944 -0.00000 -0.00000 -1.00000 0.00000
1615317817803499 0.59686 -0.80234 -0.00000 -121.92563 -0.80234 -0.59686 0.00000 69.47810 -0.00000 -0.00000 -1.00000 0.00000
1615317818054138 0.61747 -0.78659 0.00000 -125.71389 -0.78659 -0.61747 0.00000 66.21524 -0.00000 -0.00000 -1.00000 0.00000
1615317818304128 0.64196 -0.76674 0.00000 -129.78225 -0.76674 -0.64196 0.00000 62.13213 -0.00000 -0.00000 -1.00000 0.00000
1615317818554755 0.65689 -0.75398 0.00000 -133.00768 -0.75398 -0.65689 0.00000 59.50986 -0.00000 -0.00000 -1.00000 0.00000
1615317818804761 0.67176 -0.74077 0.00000 -135.96404 -0.74077 -0.67176 0.00000 56.89250 -0.00000 -0.00000 -1.00000 0.00000
1615317819054769 0.68024 -0.73299 0.00000 -138.60010 -0.73299 -0.68024 0.00000 55.38384 -0.00000 -0.00000 -1.00000 0.00000
1615317819304140 0.69370 -0.72027 0.00000 -141.51019 -0.72027 -0.69370 0.00000 52.67850 -0.00000 -0.00000 -1.00000 0.00000
1615317819554147 0.70288 -0.71131 0.00000 -144.00754 -0.71131 -0.70288 0.00000 50.84901 -0.00000 -0.00000 -1.00000 0.00000
1615317819803534 0.70480 -0.70941 0.00000 -146.05608 -0.70941 -0.70480 0.00000 50.46574 -0.00000 -0.00000 -1.00000 0.00000
1615317820053539 0.71278 -0.70138 0.00000 -148.38350 -0.70138 -0.71278 0.00000 48.87909 -0.00000 -0.00000 -1.00000 0.00000
1615317820302908 0.72403 -0.68977 0.00000 -150.94056 -0.68977 -0.72403 0.00000 46.34304 -0.00000 -0.00000 -1.00000 0.00000
1615317820553540 0.73008 -0.68336 0.00000 -153.06248 -0.68336 -0.73008 0.00000 45.03510 -0.00000 -0.00000 -1.00000 0.00000
1615317820803543 0.74434 -0.66780 0.00000 -155.58910 -0.66780 -0.74434 0.00000 41.78728 -0.00000 -0.00000 -1.00000 0.00000
1615317821054177 0.75428 -0.65655 -0.00000 -157.76378 -0.65655 -0.75428 0.00000 39.40241 -0.00000 -0.00000 -1.00000 0.00000
1615317821304177 0.77850 -0.62765 0.00000 -160.61152 -0.62765 -0.77850 0.00000 33.41523 -0.00000 -0.00000 -1.00000 0.00000
1615317821554805 0.80055 -0.59926 0.00000 -163.19709 -0.59926 -0.80055 0.00000 27.61076 -0.00000 -0.00000 -1.00000 0.00000
1615317821804809 0.83423 -0.55142 0.00000 -165.83525 -0.55142 -0.83423 0.00000 18.00892 -0.00000 -0.00000 -1.00000 0.00000
1615317822054183 0.87677 -0.48092 0.00000 -168.00240 -0.48092 -0.87677 0.00000 4.30148 -0.00000 -0.00000 -1.00000 0.00000
1615317822303595 0.91886 -0.39458 0.00000 -168.76852 -0.39458 -0.91886 0.00000 -11.97956 -0.00000 -0.00000 -1.00000 -0.00000
1615317822553567 0.95189 -0.30644 0.00000 -168.15908 -0.30644 -0.95189 0.00000 -27.83266 -0.00000 -0.00000 -1.00000 -0.00000
1615317822803570 0.97974 -0.20027 0.00000 -165.18160 -0.20027 -0.97974 0.00000 -45.97381 -0.00000 -0.00000 -1.00000 -0.00000
1615317823053572 0.99744 -0.07146 0.00000 -158.73257 -0.07146 -0.99744 0.00000 -67.19719 -0.00000 -0.00000 -1.00000 -0.00000
1615317823304208 0.99860 0.05297 -0.00000 -150.29969 0.05297 -0.99860 0.00000 -86.23367 0.00000 -0.00000 -1.00000 -0.00000
1615317823554840 0.97942 0.20181 -0.00000 -136.67550 0.20181 -0.97942 0.00000 -107.75606 0.00000 -0.00000 -1.00000 -0.00000
1615317823805463 0.93630 0.35120 -0.00000 -119.28262 0.35120 -0.93630 0.00000 -127.65344 0.00000 -0.00000 -1.00000 -0.00000
1615317824055469 0.86489 0.50196 0.00000 -97.39479 0.50196 -0.86489 0.00000 -145.65932 0.00000 -0.00000 -1.00000 -0.00000
1615317824304850 0.77294 0.63448 0.00000 -73.64243 0.63448 -0.77294 0.00000 -159.37569 0.00000 -0.00000 -1.00000 -0.00000
1615317824553599 0.65656 0.75428 0.00000 -46.98451 0.75428 -0.65656 0.00000 -169.45775 0.00000 -0.00000 -1.00000 -0.00000
1615317824803602 0.51827 0.85522 -0.00000 -18.30628 0.85522 -0.51827 0.00000 -174.87067 0.00000 -0.00000 -1.00000 -0.00000
1615317825052979 0.36636 0.93047 -0.00000 10.54229 0.93047 -0.36636 0.00000 -175.48057 0.00000 -0.00000 -1.00000 -0.00000
1615317825303613 0.20359 0.97906 0.00000 39.17967 0.97906 -0.20359 0.00000 -171.09150 0.00000 -0.00000 -1.00000 -0.00000
1615317825554239 0.02773 0.99962 0.00000 67.74107 0.99962 -0.02773 0.00000 -161.43583 0.00000 -0.00000 -1.00000 -0.00000
1615317825804869 -0.14146 0.98994 0.00000 93.07704 0.98994 0.14146 0.00000 -147.63613 0.00000 0.00000 -1.00000 -0.00000
1615317826054883 -0.31775 0.94818 -0.00000 117.19640 0.94818 0.31775 0.00000 -128.37488 0.00000 0.00000 -1.00000 -0.00000
1615317826304878 -0.47366 0.88071 0.00000 136.15507 0.88071 0.47366 0.00000 -106.63733 0.00000 0.00000 -1.00000 -0.00000
1615317826554882 -0.59755 0.80183 0.00000 149.18007 0.80183 0.59755 0.00000 -85.43002 0.00000 0.00000 -1.00000 -0.00000
1615317826804261 -0.69312 0.72083 0.00000 157.57545 0.72083 0.69312 0.00000 -66.16885 0.00000 0.00000 -1.00000 -0.00000
1615317827053651 -0.75929 0.65075 0.00000 161.90089 0.65075 0.75929 0.00000 -50.68537 0.00000 0.00000 -1.00000 -0.00000
1615317827303025 -0.81391 0.58100 0.00000 164.61144 0.58100 0.81391 0.00000 -36.16957 0.00000 0.00000 -1.00000 -0.00000
1615317827553024 -0.85748 0.51452 -0.00000 165.54446 0.51452 0.85748 0.00000 -22.86350 0.00000 0.00000 -1.00000 -0.00000
1615317827803652 -0.88582 0.46403 0.00000 165.38962 0.46403 0.88582 0.00000 -13.31701 0.00000 0.00000 -1.00000 -0.00000
1615317828054271 -0.91255 0.40897 0.00000 164.36238 0.40897 0.91255 0.00000 -3.16927 0.00000 0.00000 -1.00000 -0.00000
1615317828305536 -0.92589 0.37779 0.00000 162.94426 0.37779 0.92589 0.00000 2.35215 0.00000 0.00000 -1.00000 0.00000
1615317828556164 -0.93654 0.35055 0.00000 161.25603 0.35055 0.93654 0.00000 7.09507 0.00000 0.00000 -1.00000 0.00000
1615317828806165 -0.94249 0.33423 0.00000 159.58401 0.33423 0.94249 0.00000 9.89853 0.00000 0.00000 -1.00000 0.00000
1615317829056164 -0.94473 0.32785 0.00000 157.93196 0.32785 0.94473 0.00000 11.03609 0.00000 0.00000 -1.00000 0.00000
1615317829305557 -0.94316 0.33235 0.00000 156.35438 0.33235 0.94316 0.00000 10.11109 0.00000 0.00000 -1.00000 0.00000
1615317829554306 -0.94240 0.33449 0.00000 154.71108 0.33449 0.94240 0.00000 9.78971 0.00000 0.00000 -1.00000 0.00000
1615317829804311 -0.93512 0.35433 0.00000 153.13228 0.35433 0.93512 0.00000 6.47882 0.00000 0.00000 -1.00000 0.00000
1615317830053687 -0.92307 0.38464 0.00000 151.66464 0.38464 0.92307 0.00000 1.48848 0.00000 0.00000 -1.00000 0.00000
1615317830303693 -0.90260 0.43048 0.00000 149.75904 0.43048 0.90260 0.00000 -6.09798 0.00000 0.00000 -1.00000 -0.00000
1615317830553070 -0.88188 0.47147 0.00000 147.61609 0.47147 0.88188 0.00000 -12.99939 0.00000 0.00000 -1.00000 -0.00000
1615317830803073 -0.85720 0.51498 -0.00000 145.00934 0.51498 0.85720 0.00000 -20.37580 0.00000 0.00000 -1.00000 -0.00000
1615317831053080 -0.82639 0.56310 -0.00000 141.69129 0.56310 0.82639 0.00000 -28.73691 0.00000 0.00000 -1.00000 -0.00000
1615317831303706 -0.79839 0.60214 0.00000 138.35632 0.60214 0.79839 0.00000 -35.44397 0.00000 0.00000 -1.00000 -0.00000
1615317831554331 -0.76148 0.64818 0.00000 134.17607 0.64818 0.76148 0.00000 -43.59820 0.00000 0.00000 -1.00000 -0.00000
1615317831804969 -0.72622 0.68746 0.00000 129.73476 0.68746 0.72622 0.00000 -50.60688 0.00000 0.00000 -1.00000 -0.00000
1615317832054975 -0.69128 0.72259 0.00000 124.96506 0.72259 0.69128 0.00000 -56.97727 0.00000 0.00000 -1.00000 -0.00000
1615317832304971 -0.65506 0.75557 0.00000 120.06302 0.75557 0.65506 0.00000 -63.10001 0.00000 0.00000 -1.00000 -0.00000
1615317832554974 -0.61034 0.79214 0.00000 114.18880 0.79214 0.61034 0.00000 -70.03230 0.00000 0.00000 -1.00000 -0.00000
1615317832804351 -0.57572 0.81765 0.00000 109.07270 0.81765 0.57572 0.00000 -74.86744 0.00000 0.00000 -1.00000 -0.00000
1615317833053734 -0.53210 0.84668 0.00000 103.01991 0.84668 0.53210 0.00000 -80.49281 0.00000 0.00000 -1.00000 -0.00000
1615317833303740 -0.49585 0.86841 0.00000 97.48889 0.86841 0.49585 0.00000 -84.70484 0.00000 0.00000 -1.00000 -0.00000
1615317833553113 -0.46191 0.88693 0.00000 92.07809 0.88693 0.46191 0.00000 -88.49542 0.00000 0.00000 -1.00000 -0.00000
1615317833803117 -0.43435 0.90074 0.00000 87.31738 0.90074 0.43435 0.00000 -91.33364 0.00000 0.00000 -1.00000 -0.00000
1615317834053750 -0.41301 0.91072 0.00000 83.09530 0.91072 0.41301 0.00000 -93.36824 0.00000 0.00000 -1.00000 -0.00000
1615317834304378 -0.39970 0.91665 0.00000 79.81011 0.91665 0.39970 0.00000 -94.77429 0.00000 0.00000 -1.00000 -0.00000
1615317834555003 -0.38263 0.92390 0.00000 75.99949 0.92390 0.38263 0.00000 -96.21457 0.00000 0.00000 -1.00000 -0.00000
1615317834805006 -0.37262 0.92798 0.00000 72.87147 0.92798 0.37262 0.00000 -97.02087 0.00000 0.00000 -1.00000 -0.00000
1615317835054383 -0.37257 0.92801 0.00000 70.90015 0.92801 0.37257 0.00000 -97.11509 0.00000 0.00000 -1.00000 -0.00000
1615317835303769 -0.37474 0.92713 -0.00000 69.14235 0.92713 0.37474 0.00000 -96.99601 0.00000 0.00000 -1.00000 -0.00000
1615317835553771 -0.38364 0.92348 0.00000 68.06055 0.92348 0.38364 0.00000 -96.27922 0.00000 0.00000 -1.00000 -0.00000
1615317835803154 -0.40768 0.91313 -0.00000 68.55428 0.91313 0.40768 0.00000 -94.49635 0.00000 0.00000 -1.00000 -0.00000
1615317836053781 -0.42182 0.90668 -0.00000 68.10949 0.90668 0.42182 0.00000 -93.51298 0.00000 0.00000 -1.00000 -0.00000
1615317836304409 -0.44528 0.89539 0.00000 68.49784 0.89539 0.44528 0.00000 -91.56882 0.00000 0.00000 -1.00000 -0.00000
1615317836555037 -0.47561 0.87966 -0.00000 69.71508 0.87966 0.47561 0.00000 -89.51525 0.00000 0.00000 -1.00000 -0.00000
1615317836805668 -0.51735 0.85577 0.00000 72.03146 0.85577 0.51735 0.00000 -85.97942 0.00000 0.00000 -1.00000 -0.00000
1615317837056288 -0.55610 0.83111 0.00000 74.05316 0.83111 0.55610 0.00000 -82.53259 0.00000 0.00000 -1.00000 -0.00000
1615317837305671 -0.60466 0.79648 0.00000 77.03175 0.79648 0.60466 0.00000 -78.23385 0.00000 0.00000 -1.00000 -0.00000
1615317837555671 -0.64929 0.76054 0.00000 79.60773 0.76054 0.64929 0.00000 -73.81775 0.00000 0.00000 -1.00000 -0.00000
1615317837805053 -0.69123 0.72263 0.00000 81.87189 0.72263 0.69123 0.00000 -69.23521 0.00000 0.00000 -1.00000 -0.00000
1615317838054440 -0.73512 0.67794 0.00000 84.31206 0.67794 0.73512 0.00000 -64.11520 0.00000 0.00000 -1.00000 -0.00000
1615317838303812 -0.77284 0.63460 0.00000 86.05895 0.63460 0.77284 0.00000 -59.13841 0.00000 0.00000 -1.00000 -0.00000
1615317838553813 -0.80606 0.59183 0.00000 87.35704 0.59183 0.80606 0.00000 -54.38887 0.00000 0.00000 -1.00000 -0.00000
1615317838803821 -0.83957 0.54326 0.00000 88.74158 0.54326 0.83957 0.00000 -49.18730 0.00000 0.00000 -1.00000 -0.00000
1615317839053829 -0.86453 0.50258 0.00000 89.32214 0.50258 0.86453 0.00000 -44.86964 0.00000 0.00000 -1.00000 -0.00000
1615317839305078 -0.88990 0.45615 0.00000 89.97196 0.45615 0.88990 0.00000 -40.06917 0.00000 0.00000 -1.00000 -0.00000
1615317839555706 -0.91431 0.40501 0.00000 90.42074 0.40501 0.91431 0.00000 -34.88747 0.00000 0.00000 -1.00000 -0.00000
1615317839805708 -0.93619 0.35150 0.00000 90.71864 0.35150 0.93619 0.00000 -29.73639 0.00000 0.00000 -1.00000 -0.00000
1615317840055104 -0.95744 0.28862 0.00000 90.86619 0.28862 0.95744 0.00000 -23.71819 0.00000 0.00000 -1.00000 -0.00000
1615317840305094 -0.97296 0.23096 0.00000 90.52043 0.23096 0.97296 0.00000 -18.25422 0.00000 0.00000 -1.00000 -0.00000
1615317840554476 -0.98659 0.16321 0.00000 89.93829 0.16321 0.98659 0.00000 -12.00664 0.00000 0.00000 -1.00000 -0.00000
1615317840803853 -0.99547 0.09508 -0.00000 88.87008 0.09508 0.99547 0.00000 -5.83844 0.00000 0.00000 -1.00000 -0.00000
1615317841053847 -0.99893 0.04632 -0.00000 87.40588 0.04632 0.99893 0.00000 -1.51699 0.00000 0.00000 -1.00000 -0.00000
1615317841303234 -0.99992 0.01280 0.00000 85.60703 0.01280 0.99992 0.00000 1.41962 0.00000 0.00000 -1.00000 0.00000
1615317841553240 -0.99986 -0.01662 0.00000 83.83325 -0.01662 0.99986 0.00000 3.98824 -0.00000 0.00000 -1.00000 0.00000
1615317841803868 -0.99939 -0.03499 0.00000 81.96829 -0.03499 0.99939 0.00000 5.54180 -0.00000 0.00000 -1.00000 0.00000
1615317842054506 -0.99920 -0.04000 -0.00000 80.14450 -0.04000 0.99920 0.00000 5.97329 -0.00000 0.00000 -1.00000 0.00000
1615317842305124 -0.99912 -0.04189 0.00000 78.27558 -0.04189 0.99912 0.00000 6.01287 -0.00000 0.00000 -1.00000 0.00000
1615317842555758 -0.99916 -0.04109 0.00000 76.43892 -0.04109 0.99916 0.00000 6.01747 -0.00000 0.00000 -1.00000 0.00000
1615317842805758 -0.99883 -0.04835 0.00000 74.59693 -0.04835 0.99883 0.00000 6.45452 -0.00000 0.00000 -1.00000 0.00000
1615317843055764 -0.99893 -0.04633 -0.00000 72.71282 -0.04633 0.99893 0.00000 6.32476 -0.00000 0.00000 -1.00000 0.00000
1615317843305139 -0.99937 -0.03536 0.00000 70.86829 -0.03536 0.99937 0.00000 5.60305 -0.00000 0.00000 -1.00000 0.00000
1615317843554518 -0.99940 -0.03472 0.00000 69.01779 -0.03472 0.99940 0.00000 5.40323 -0.00000 0.00000 -1.00000 0.00000
1615317843803899 -0.99936 -0.03584 0.00000 67.05590 -0.03584 0.99936 0.00000 5.45529 -0.00000 0.00000 -1.00000 0.00000
1615317844053896 -0.99931 -0.03722 0.00000 65.15481 -0.03722 0.99931 0.00000 5.52505 -0.00000 0.00000 -1.00000 0.00000
1615317844303278 -0.99946 -0.03279 -0.00000 63.24995 -0.03279 0.99946 0.00000 5.22503 -0.00000 0.00000 -1.00000 0.00000
1615317844553281 -0.99933 -0.03669 -0.00000 61.37027 -0.03669 0.99933 0.00000 5.42310 -0.00000 0.00000 -1.00000 0.00000
1615317844804538 -0.99937 -0.03550 0.00000 59.41244 -0.03550 0.99937 0.00000 5.44404 -0.00000 0.00000 -1.00000 0.00000
1615317845055161 -0.99914 -0.04137 0.00000 57.45120 -0.04137 0.99914 0.00000 5.54457 -0.00000 0.00000 -1.00000 0.00000
1615317845305794 -0.99925 -0.03878 -0.00000 55.55200 -0.03878 0.99925 0.00000 5.36943 -0.00000 0.00000 -1.00000 0.00000
1615317845556423 -0.99918 -0.04055 0.00000 53.65034 -0.04055 0.99918 0.00000 5.74102 -0.00000 0.00000 -1.00000 0.00000
1615317845805804 -0.99901 -0.04458 0.00000 51.80528 -0.04458 0.99901 0.00000 5.69163 -0.00000 0.00000 -1.00000 0.00000
1615317846055185 -0.99909 -0.04268 0.00000 49.99157 -0.04268 0.99909 0.00000 5.70321 -0.00000 0.00000 -1.00000 0.00000
1615317846305186 -0.99930 -0.03744 -0.00000 48.23762 -0.03744 0.99930 0.00000 5.53642 -0.00000 0.00000 -1.00000 0.00000
1615317846554560 -0.99948 -0.03239 -0.00000 46.44166 -0.03239 0.99948 0.00000 5.25660 -0.00000 0.00000 -1.00000 0.00000
1615317846803941 -0.99959 -0.02862 -0.00000 44.65449 -0.02862 0.99959 0.00000 5.02971 -0.00000 0.00000 -1.00000 0.00000
1615317847053324 -0.99957 -0.02939 -0.00000 42.90934 -0.02939 0.99957 0.00000 4.91936 -0.00000 0.00000 -1.00000 0.00000
1615317847303325 -0.99979 -0.02033 0.00000 41.15937 -0.02033 0.99979 0.00000 4.59905 -0.00000 0.00000 -1.00000 0.00000
1615317847553335 -0.99990 -0.01430 -0.00000 39.49660 -0.01430 0.99990 0.00000 4.33092 -0.00000 0.00000 -1.00000 0.00000
1615317847803956 -0.99992 -0.01247 0.00000 37.76642 -0.01247 0.99992 0.00000 4.28165 -0.00000 0.00000 -1.00000 0.00000
1615317848054589 -0.99998 -0.00682 0.00000 36.07820 -0.00682 0.99998 0.00000 3.94569 -0.00000 0.00000 -1.00000 0.00000
1615317848305214 -0.99999 0.00479 0.00000 34.46745 0.00479 0.99999 0.00000 3.56514 0.00000 0.00000 -1.00000 0.00000
1615317848555221 -0.99999 0.00374 0.00000 32.76981 0.00374 0.99999 0.00000 3.46108 0.00000 0.00000 -1.00000 0.00000
1615317848805219 -0.99994 0.01099 0.00000 31.02634 0.01099 0.99994 0.00000 3.27707 0.00000 0.00000 -1.00000 0.00000
1615317849053977 -0.99984 0.01812 -0.00000 29.38986 0.01812 0.99984 0.00000 2.81020 0.00000 0.00000 -1.00000 0.00000
1615317849303982 -0.99964 0.02693 0.00000 27.70820 0.02693 0.99964 0.00000 2.56034 0.00000 0.00000 -1.00000 0.00000
1615317849553982 -0.99920 0.03998 -0.00000 26.04795 0.03998 0.99920 0.00000 2.37466 0.00000 0.00000 -1.00000 0.00000
1615317849803366 -0.99889 0.04712 -0.00000 24.42561 0.04712 0.99889 0.00000 2.03550 0.00000 0.00000 -1.00000 0.00000
1615317850054625 -0.99796 0.06387 0.00000 22.77488 0.06387 0.99796 0.00000 1.61482 0.00000 0.00000 -1.00000 0.00000
1615317850305244 -0.99707 0.07649 0.00000 21.05426 0.07649 0.99707 0.00000 1.36829 0.00000 0.00000 -1.00000 0.00000
1615317850555248 -0.99662 0.08219 0.00000 19.29866 0.08219 0.99662 0.00000 1.17126 0.00000 0.00000 -1.00000 0.00000
1615317850805250 -0.99560 0.09366 0.00000 17.46011 0.09366 0.99560 0.00000 0.96076 0.00000 0.00000 -1.00000 0.00000
1615317851054626 -0.99451 0.10465 0.00000 15.67647 0.10465 0.99451 0.00000 0.76915 0.00000 0.00000 -1.00000 0.00000
1615317851304008 -0.99403 0.10910 0.00000 13.78312 0.10910 0.99403 0.00000 0.66197 0.00000 0.00000 -1.00000 0.00000
1615317851553389 -0.99323 0.11618 0.00000 11.82974 0.11618 0.99323 0.00000 0.47504 0.00000 0.00000 -1.00000 0.00000
1615317851803399 -0.99226 0.12419 -0.00000 9.86081 0.12419 0.99226 0.00000 0.41317 0.00000 0.00000 -1.00000 0.00000
1615317852054023 -0.99144 0.13055 0.00000 7.87485 0.13055 0.99144 0.00000 0.31919 0.00000 0.00000 -1.00000 0.00000
1615317852304028 -0.99207 0.12565 0.00000 5.75802 0.12565 0.99207 0.00000 0.26686 0.00000 0.00000 -1.00000 0.00000
1615317852554652 -0.99231 0.12377 0.00000 3.64674 0.12377 0.99231 0.00000 0.19227 0.00000 0.00000 -1.00000 0.00000
1615317852805284 -0.99149 0.13019 0.00000 1.61848 0.13019 0.99149 0.00000 0.22863 0.00000 0.00000 -1.00000 0.00000
1615317853055294 -0.99135 0.13121 0.00000 -0.55194 0.13121 0.99135 0.00000 0.12225 0.00000 0.00000 -1.00000 0.00000
1615317853304672 -0.99256 0.12176 0.00000 -2.70315 0.12176 0.99256 0.00000 0.13056 0.00000 0.00000 -1.00000 0.00000
1615317853554042 -0.99482 0.10167 -0.00000 -4.74928 0.10167 0.99482 0.00000 -0.06986 0.00000 0.00000 -1.00000 -0.00000
1615317853804047 -0.99568 0.09284 0.00000 -7.00239 0.09284 0.99568 0.00000 -0.03784 0.00000 0.00000 -1.00000 -0.00000
1615317854053423 -0.99701 0.07728 -0.00000 -9.05428 0.07728 0.99701 0.00000 -0.23107 0.00000 0.00000 -1.00000 -0.00000
1615317854304059 -0.99794 0.06416 -0.00000 -11.17778 0.06416 0.99794 0.00000 -0.39736 0.00000 0.00000 -1.00000 -0.00000
1615317854555311 -0.99809 0.06177 0.00000 -13.37620 0.06177 0.99809 0.00000 -0.33427 0.00000 0.00000 -1.00000 -0.00000
1615317854805318 -0.99871 0.05082 0.00000 -15.48294 0.05082 0.99871 0.00000 -0.52836 0.00000 0.00000 -1.00000 -0.00000
1615317855055320 -0.99889 0.04721 0.00000 -17.59963 0.04721 0.99889 0.00000 -0.55406 0.00000 0.00000 -1.00000 -0.00000
1615317855304704 -0.99916 0.04097 0.00000 -19.81270 0.04097 0.99916 0.00000 -0.72781 0.00000 0.00000 -1.00000 -0.00000
1615317855554078 -0.99931 0.03704 0.00000 -21.96336 0.03704 0.99931 0.00000 -0.75355 0.00000 0.00000 -1.00000 -0.00000
1615317855803452 -0.99954 0.03039 0.00000 -24.04010 0.03039 0.99954 0.00000 -0.98231 0.00000 0.00000 -1.00000 -0.00000
1615317856054120 -0.99938 0.03521 0.00000 -26.20927 0.03521 0.99938 0.00000 -0.81597 0.00000 0.00000 -1.00000 -0.00000
1615317856304708 -0.99951 0.03126 0.00000 -28.32560 0.03126 0.99951 0.00000 -1.01609 0.00000 0.00000 -1.00000 -0.00000
1615317856555341 -0.99968 0.02538 0.00000 -30.45067 0.02538 0.99968 0.00000 -1.15672 0.00000 0.00000 -1.00000 -0.00000
1615317856805972 -0.99967 0.02570 0.00000 -32.61472 0.02570 0.99967 0.00000 -1.13812 0.00000 0.00000 -1.00000 -0.00000
1615317857055345 -0.99995 0.00974 -0.00000 -34.72231 0.00974 0.99995 0.00000 -1.72047 0.00000 0.00000 -1.00000 -0.00000
1615317857305350 -0.99988 0.01549 0.00000 -36.83466 0.01549 0.99988 0.00000 -1.47823 0.00000 0.00000 -1.00000 -0.00000
1615317857554732 -0.99997 0.00719 0.00000 -38.92715 0.00719 0.99997 0.00000 -1.85952 0.00000 0.00000 -1.00000 -0.00000
1615317857804111 -0.99999 0.00433 0.00000 -41.01743 0.00433 0.99999 0.00000 -1.98684 0.00000 0.00000 -1.00000 -0.00000
1615317858054126 -0.99999 0.00500 0.00000 -43.02915 0.00500 0.99999 0.00000 -1.97582 0.00000 0.00000 -1.00000 -0.00000
1615317858303494 -0.99999 -0.00504 0.00000 -45.09338 -0.00504 0.99999 0.00000 -2.46281 -0.00000 0.00000 -1.00000 -0.00000
1615317858553498 -0.99996 -0.00849 0.00000 -47.05204 -0.00849 0.99996 0.00000 -2.64789 -0.00000 0.00000 -1.00000 -0.00000
1615317858804125 -0.99990 -0.01389 -0.00000 -48.99791 -0.01389 0.99990 0.00000 -2.90912 -0.00000 0.00000 -1.00000 -0.00000
1615317859054759 -0.99986 -0.01648 0.00000 -50.87206 -0.01648 0.99986 0.00000 -3.11412 -0.00000 0.00000 -1.00000 -0.00000
1615317859305382 -0.99993 -0.01141 0.00000 -52.76126 -0.01141 0.99993 0.00000 -2.85169 -0.00000 0.00000 -1.00000 -0.00000
1615317859555385 -1.00000 -0.00282 0.00000 -54.56060 -0.00282 1.00000 0.00000 -2.34736 -0.00000 0.00000 -1.00000 -0.00000
1615317859804763 -1.00000 0.00294 -0.00000 -56.20484 0.00294 1.00000 0.00000 -2.13286 0.00000 0.00000 -1.00000 -0.00000
1615317860054145 -0.99983 0.01825 -0.00000 -57.81978 0.01825 0.99983 0.00000 -1.30244 0.00000 0.00000 -1.00000 -0.00000
1615317860303524 -0.99932 0.03696 0.00000 -59.26942 0.03696 0.99932 0.00000 -0.26527 0.00000 0.00000 -1.00000 -0.00000
1615317860553524 -0.99723 0.07439 0.00000 -60.73672 0.07439 0.99723 0.00000 1.93899 0.00000 0.00000 -1.00000 0.00000
1615317860804153 -0.99193 0.12681 0.00000 -61.89470 0.12681 0.99193 0.00000 5.14408 0.00000 0.00000 -1.00000 0.00000
1615317861054789 -0.98321 0.18247 0.00000 -62.72179 0.18247 0.98321 0.00000 8.68125 0.00000 0.00000 -1.00000 0.00000
1615317861304790 -0.96943 0.24536 0.00000 -63.25037 0.24536 0.96943 0.00000 12.57846 0.00000 0.00000 -1.00000 0.00000
1615317861554792 -0.94856 0.31661 0.00000 -63.20410 0.31661 0.94856 0.00000 17.24244 0.00000 0.00000 -1.00000 0.00000
1615317861804169 -0.91843 0.39559 0.00000 -62.69493 0.39559 0.91843 0.00000 22.50576 0.00000 0.00000 -1.00000 0.00000
1615317862054176 -0.87409 0.48576 0.00000 -61.21184 0.48576 0.87409 0.00000 28.72145 0.00000 0.00000 -1.00000 0.00000
1615317862303555 -0.82167 0.56997 0.00000 -59.09921 0.56997 0.82167 0.00000 34.61771 0.00000 0.00000 -1.00000 0.00000
1615317862553558 -0.75026 0.66114 0.00000 -55.81842 0.66114 0.75026 0.00000 41.12220 0.00000 0.00000 -1.00000 0.00000
1615317862804188 -0.66167 0.74980 -0.00000 -51.22633 0.74980 0.66167 0.00000 47.73242 0.00000 0.00000 -1.00000 0.00000
1615317863054811 -0.56447 0.82545 -0.00000 -46.01174 0.82545 0.56447 0.00000 53.73173 0.00000 0.00000 -1.00000 0.00000
1615317863304821 -0.46951 0.88293 -0.00000 -40.79583 0.88293 0.46951 0.00000 58.31959 0.00000 0.00000 -1.00000 0.00000
1615317863554826 -0.36776 0.92992 0.00000 -35.02678 0.92992 0.36776 0.00000 62.39759 0.00000 0.00000 -1.00000 0.00000
1615317863804837 -0.26565 0.96407 0.00000 -29.16739 0.96407 0.26565 0.00000 65.95521 0.00000 0.00000 -1.00000 0.00000
1615317864054217 -0.16832 0.98573 0.00000 -23.54683 0.98573 0.16832 0.00000 68.52326 0.00000 0.00000 -1.00000 0.00000
1615317864304212 -0.09706 0.99528 0.00000 -19.62612 0.99528 0.09706 0.00000 70.10329 0.00000 0.00000 -1.00000 0.00000
1615317864554214 -0.04266 0.99909 0.00000 -17.12365 0.99909 0.04266 0.00000 70.87837 0.00000 0.00000 -1.00000 0.00000
1615317864803591 -0.01925 0.99981 0.00000 -16.62426 0.99981 0.01925 0.00000 71.33550 0.00000 0.00000 -1.00000 0.00000
1615317865054230 -0.00706 0.99998 -0.00000 -17.13565 0.99998 0.00706 0.00000 71.35658 0.00000 0.00000 -1.00000 0.00000
1615317865305476 -0.00262 1.00000 0.00000 -18.13643 1.00000 0.00262 0.00000 71.32131 0.00000 0.00000 -1.00000 0.00000
1615317865556108 0.01641 0.99987 -0.00000 -18.25274 0.99987 -0.01641 0.00000 71.69716 0.00000 -0.00000 -1.00000 0.00000
1615317865805481 0.00349 0.99999 0.00000 -20.44711 0.99999 -0.00349 0.00000 71.51833 0.00000 -0.00000 -1.00000 0.00000
1615317866055490 0.01044 0.99995 0.00000 -21.58460 0.99995 -0.01044 0.00000 71.42301 0.00000 -0.00000 -1.00000 0.00000
1615317866305490 0.01098 0.99994 -0.00000 -23.04989 0.99994 -0.01098 0.00000 71.50697 0.00000 -0.00000 -1.00000 0.00000
1615317866554872 0.01492 0.99989 -0.00000 -24.45645 0.99989 -0.01492 0.00000 71.52918 0.00000 -0.00000 -1.00000 0.00000
1615317866804254 0.01915 0.99982 0.00000 -25.75014 0.99982 -0.01915 0.00000 71.68877 0.00000 -0.00000 -1.00000 0.00000
1615317867053631 0.02448 0.99970 0.00000 -27.00415 0.99970 -0.02448 0.00000 71.71653 0.00000 -0.00000 -1.00000 0.00000
1615317867303633 0.03785 0.99928 0.00000 -27.76664 0.99928 -0.03785 0.00000 72.04433 0.00000 -0.00000 -1.00000 0.00000
1615317867553631 0.04719 0.99889 -0.00000 -28.79626 0.99889 -0.04719 0.00000 72.23756 0.00000 -0.00000 -1.00000 0.00000
1615317867804264 0.06620 0.99781 -0.00000 -29.18351 0.99781 -0.06620 0.00000 72.78055 0.00000 -0.00000 -1.00000 0.00000
1615317868054886 0.08668 0.99624 0.00000 -29.52220 0.99624 -0.08668 0.00000 73.33790 0.00000 -0.00000 -1.00000 0.00000
1615317868305520 0.10434 0.99454 0.00000 -30.06085 0.99454 -0.10434 0.00000 73.88064 0.00000 -0.00000 -1.00000 0.00000
1615317868556148 0.11103 0.99382 0.00000 -31.50541 0.99382 -0.11103 0.00000 73.92048 0.00000 -0.00000 -1.00000 0.00000
1615317868805530 0.12694 0.99191 0.00000 -32.24042 0.99191 -0.12694 0.00000 74.39904 0.00000 -0.00000 -1.00000 0.00000
1615317869055532 0.13395 0.99099 0.00000 -33.49447 0.99099 -0.13395 0.00000 74.67195 0.00000 -0.00000 -1.00000 0.00000
1615317869304912 0.13869 0.99034 0.00000 -35.19450 0.99034 -0.13869 0.00000 74.75614 0.00000 -0.00000 -1.00000 0.00000
1615317869554291 0.13979 0.99018 0.00000 -36.96729 0.99018 -0.13979 0.00000 74.85263 0.00000 -0.00000 -1.00000 0.00000
1615317869803672 0.12693 0.99191 0.00000 -39.97410 0.99191 -0.12693 0.00000 74.31785 0.00000 -0.00000 -1.00000 0.00000
