1. 0. 0. 0. 0. -1. -0. 0. 0. 0. -1. 0.
1. -0.002 -0. -0.001 -0.002 -1. -0. 0.048 0. 0. -1. 0.
1. -0.002 -0. -0.018 -0.002 -1. -0. 0.027 0. 0. -1. 0.
1. -0.001 -0. 0.003 -0.001 -1. -0. 0.031 0. 0. -1. 0.
1. -0.002 -0. 0.010 -0.002 -1. -0. 0.039 0. 0. -1. 0.
1. -0.004 -0. -0.003 -0.004 -1. -0. 0.012 0. 0. -1. 0.
1. -0.012 -0. 0.017 -0.012 -1. -0. 0.033 0. 0. -1. 0.
1. -0.007 -0. 0.018 -0.007 -1. -0. 0.053 0. 0. -1. 0.
1. -0.005 -0. -0.023 -0.005 -1. -0. 0.045 0. 0. -1. 0.
1. -0.001 -0. -0.009 -0.001 -1. -0. -0.011 0. 0. -1. 0.
1. -0.002 -0. -0.022 -0.002 -1. -0. 0.026 0. 0. -1. 0.
1. -0.002 -0. -0.010 -0.002 -1. -0. -0.032 0. 0. -1. 0.
1. -0.003 -0. -0.027 -0.003 -1. -0. 0.015 0. 0. -1. 0.
1. -0.006 -0. -0.020 -0.006 -1. -0. 0.085 0. 0. -1. 0.
1. -0.002 -0. 0.005 -0.002 -1. -0. 0.008 0. 0. -1. 0.
1. -0.009 -0. -0.009 -0.009 -1. -0. 0.036 0. 0. -1. 0.
1. -0.006 -0. 0.016 -0.006 -1. -0. 0.055 0. 0. -1. 0.
1. -0.005 -0. -0.020 -0.005 -1. -0. 0.032 0. 0. -1. 0.
1. -0.009 -0. -0.006 -0.009 -1. -0. 0.040 0. 0. -1. 0.
1. -0.009 -0. 0.037 -0.009 -1. -0. 0.049 0. 0. -1. 0.
1. -0.005 -0. -0.015 -0.005 -1. -0. 0.023 0. 0. -1. 0.
1. -0.010 -0. 0.013 -0.010 -1. -0. 0.069 0. 0. -1. 0.
1. -0.000 -0. 0.020 -0.000 -1. -0. 0.009 0. 0. -1. 0.
1. -0.009 -0. 0.034 -0.009 -1. -0. 0.022 0. 0. -1. 0.
1. -0.005 -0. 0.060 -0.005 -1. -0. 0.007 0. 0. -1. 0.
1. -0.011 -0. 0.134 -0.011 -1. -0. 0.064 0. 0. -1. 0.
1. 0.004 0. 0.186 0.004 -1. -0. 0.080 0. 0. -1. 0.
1. -0.001 -0. 0.321 -0.001 -1. -0. 0.097 0. 0. -1. 0.
1.000 -0.016 -0. 0.563 -0.016 -1.000 -0. 0.068 0. 0. -1. 0.
1.000 -0.019 -0. 0.812 -0.019 -1.000 -0. 0.043 0. 0. -1. 0.
1.000 -0.029 -0. 1.287 -0.029 -1.000 -0. -0.060 0. 0. -1. 0.
0.999 -0.037 -0. 1.814 -0.037 -0.999 -0. -0.002 0. 0. -1. 0.
0.999 -0.051 -0. 2.285 -0.051 -0.999 -0. -0.072 0. 0. -1. 0.
0.998 -0.063 -0. 2.902 -0.063 -0.998 -0. -0.190 0. 0. -1. 0.
0.997 -0.077 -0. 3.637 -0.077 -0.997 -0. -0.207 0. 0. -1. 0.
0.997 -0.076 -0. 4.416 -0.076 -0.997 -0. -0.359 0. 0. -1. 0.
0.996 -0.090 -0. 5.324 -0.090 -0.996 -0. -0.361 0. 0. -1. 0.
0.995 -0.096 -0. 6.210 -0.096 -0.995 -0. -0.456 0. 0. -1. 0.
0.994 -0.106 -0. 7.128 -0.106 -0.994 -0. -0.563 0. 0. -1. 0.
0.995 -0.103 -0. 8.112 -0.103 -0.995 -0. -0.704 0. 0. -1. 0.
0.995 -0.099 -0. 9.181 -0.099 -0.995 -0. -0.811 0. 0. -1. 0.
0.995 -0.103 -0. 10.281 -0.103 -0.995 -0. -0.953 0. 0. -1. 0.
0.995 -0.102 -0. 11.427 -0.102 -0.995 -0. -1.078 0. 0. -1. 0.
0.996 -0.094 -0. 12.616 -0.094 -0.996 -0. -1.287 0. 0. -1. 0.
0.997 -0.083 -0. 13.905 -0.083 -0.997 -0. -1.327 0. 0. -1. 0.
0.997 -0.078 -0. 15.098 -0.078 -0.997 -0. -1.465 0. 0. -1. 0.
0.997 -0.072 -0. 16.434 -0.072 -0.997 -0. -1.545 0. 0. -1. 0.
0.997 -0.073 -0. 17.755 -0.073 -0.997 -0. -1.657 0. 0. -1. 0.
0.998 -0.062 -0. 19.278 -0.062 -0.998 -0. -1.796 0. 0. -1. 0.
0.998 -0.060 -0. 20.718 -0.060 -0.998 -0. -1.912 0. 0. -1. 0.
0.999 -0.049 -0. 22.133 -0.049 -0.999 -0. -2.020 0. 0. -1. 0.
0.999 -0.042 -0. 23.715 -0.042 -0.999 -0. -2.123 0. 0. -1. 0.
1.000 -0.023 -0. 25.305 -0.023 -1.000 -0. -2.171 0. 0. -1. 0.
1.000 -0.019 -0. 27.046 -0.019 -1.000 -0. -2.222 0. 0. -1. 0.
1. -0.011 -0. 28.642 -0.011 -1. -0. -2.347 0. 0. -1. 0.
1. 0.005 0. 30.285 0.005 -1. -0. -2.347 0. 0. -1. 0.
1. 0.013 0. 32.125 0.013 -1. -0. -2.275 0. 0. -1. 0.
1.000 0.031 0. 33.751 0.031 -1.000 -0. -2.278 0. 0. -1. 0.
0.999 0.035 0. 35.517 0.035 -0.999 -0. -2.181 0. 0. -1. 0.
0.999 0.043 0. 37.360 0.043 -0.999 -0. -2.177 0. 0. -1. 0.
0.999 0.053 0. 39.071 0.053 -0.999 -0. -2.187 0. 0. -1. 0.
0.999 0.053 0. 40.969 0.053 -0.999 -0. -2.077 0. 0. -1. 0.
0.999 0.053 0. 42.883 0.053 -0.999 -0. -1.887 0. 0. -1. 0.
0.998 0.058 0. 44.696 0.058 -0.998 -0. -1.914 0. 0. -1. 0.
0.998 0.058 0. 46.625 0.058 -0.998 -0. -1.742 0. 0. -1. 0.
0.999 0.053 0. 48.502 0.053 -0.999 -0. -1.734 0. 0. -1. 0.
0.998 0.056 0. 50.437 0.056 -0.998 -0. -1.614 0. 0. -1. 0.
0.999 0.046 0. 52.456 0.046 -0.999 -0. -1.545 0. 0. -1. 0.
0.999 0.047 0. 54.338 0.047 -0.999 -0. -1.495 0. 0. -1. 0.
0.999 0.048 0. 56.384 0.048 -0.999 -0. -1.466 0. 0. -1. 0.
0.999 0.045 0. 58.435 0.045 -0.999 -0. -1.388 0. 0. -1. 0.
0.999 0.049 0. 60.449 0.049 -0.999 -0. -1.387 0. 0. -1. 0.
0.999 0.046 0. 62.493 0.046 -0.999 -0. -1.311 0. 0. -1. 0.
0.999 0.054 0. 64.455 0.054 -0.999 -0. -1.185 0. 0. -1. 0.
0.999 0.051 0. 66.498 0.051 -0.999 -0. -1.214 0. 0. -1. 0.
0.999 0.045 0. 68.560 0.045 -0.999 -0. -1.016 0. 0. -1. 0.
0.999 0.054 0. 70.552 0.054 -0.999 -0. -0.951 0. 0. -1. 0.
0.999 0.040 0. 72.580 0.040 -0.999 -0. -0.916 0. 0. -1. 0.
0.999 0.036 0. 74.476 0.036 -0.999 -0. -0.826 0. 0. -1. 0.
1.000 0.021 0. 76.498 0.021 -1.000 -0. -0.739 0. 0. -1. 0.
1. 0.007 0. 78.426 0.007 -1. -0. -0.777 0. 0. -1. 0.
1.000 -0.023 -0. 80.371 -0.023 -1.000 -0. -0.879 0. 0. -1. 0.
0.999 -0.044 -0. 82.318 -0.044 -0.999 -0. -0.983 0. 0. -1. 0.
0.997 -0.083 -0. 84.333 -0.083 -0.997 -0. -1.169 0. 0. -1. 0.
0.992 -0.126 -0. 86.069 -0.126 -0.992 -0. -1.459 0. 0. -1. 0.
0.984 -0.177 -0. 87.968 -0.177 -0.984 -0. -1.679 0. 0. -1. 0.
0.973 -0.230 -0. 89.797 -0.230 -0.973 -0. -2.104 0. 0. -1. 0.
0.959 -0.282 -0. 91.550 -0.282 -0.959 -0. -2.663 0. 0. -1. 0.
0.944 -0.330 -0. 93.271 -0.330 -0.944 -0. -3.282 0. 0. -1. 0.
0.924 -0.382 -0. 94.981 -0.382 -0.924 -0. -4.067 0. 0. -1. 0.
0.902 -0.432 -0. 96.670 -0.432 -0.902 -0. -4.840 0. 0. -1. 0.
0.871 -0.491 -0. 98.238 -0.491 -0.871 -0. -5.683 0. 0. -1. 0.
0.839 -0.543 -0. 99.631 -0.543 -0.839 -0. -6.797 0. 0. -1. 0.
0.803 -0.596 -0. 101.237 -0.596 -0.803 -0. -7.736 0. 0. -1. 0.
0.765 -0.643 -0. 102.633 -0.643 -0.765 -0. -8.917 0. 0. -1. 0.
0.720 -0.694 -0. 103.897 -0.694 -0.720 -0. -10.085 0. 0. -1. 0.
0.668 -0.744 -0. 104.929 -0.744 -0.668 -0. -11.437 0. 0. -1. 0.
0.613 -0.790 -0. 106.043 -0.790 -0.613 -0. -12.761 0. 0. -1. 0.
0.563 -0.826 -0. 106.873 -0.826 -0.563 -0. -14.231 0. 0. -1. 0.
0.508 -0.861 -0. 107.888 -0.861 -0.508 -0. -15.588 0. 0. -1. 0.
0.463 -0.887 -0. 108.671 -0.887 -0.463 -0. -17.181 0. 0. -1. 0.
0.428 -0.904 -0. 109.328 -0.904 -0.428 -0. -18.901 0. 0. -1. 0.
0.396 -0.918 -0. 110.022 -0.918 -0.396 -0. -20.484 0. 0. -1. 0.
0.380 -0.925 -0. 110.674 -0.925 -0.380 -0. -22.130 0. 0. -1. 0.
0.367 -0.930 -0. 111.226 -0.930 -0.367 -0. -23.881 0. 0. -1. 0.
0.354 -0.935 -0. 111.980 -0.935 -0.354 -0. -25.588 0. 0. -1. 0.
0.354 -0.935 -0. 112.642 -0.935 -0.354 -0. -27.296 0. 0. -1. 0.
0.373 -0.928 -0. 113.277 -0.928 -0.373 -0. -29.074 0. 0. -1. 0.
0.388 -0.921 -0. 114.060 -0.921 -0.388 -0. -30.848 0. 0. -1. 0.
0.399 -0.917 -0. 114.734 -0.917 -0.399 -0. -32.611 0. 0. -1. 0.
0.424 -0.906 -0. 115.556 -0.906 -0.424 -0. -34.387 0. 0. -1. 0.
0.434 -0.901 -0. 116.358 -0.901 -0.434 -0. -36.220 0. 0. -1. 0.
0.459 -0.888 -0. 117.217 -0.888 -0.459 -0. -37.913 0. 0. -1. 0.
0.464 -0.886 -0. 118.151 -0.886 -0.464 -0. -39.773 0. 0. -1. 0.
0.486 -0.874 -0. 118.972 -0.874 -0.486 -0. -41.465 0. 0. -1. 0.
0.507 -0.862 -0. 119.856 -0.862 -0.507 -0. -43.277 0. 0. -1. 0.
0.525 -0.851 -0. 120.855 -0.851 -0.525 -0. -44.923 0. 0. -1. 0.
0.550 -0.835 -0. 121.907 -0.835 -0.550 -0. -46.528 0. 0. -1. 0.
0.573 -0.819 -0. 123.085 -0.819 -0.573 -0. -48.171 0. 0. -1. 0.
0.590 -0.808 -0. 124.112 -0.808 -0.590 -0. -49.704 0. 0. -1. 0.
0.604 -0.797 -0. 125.227 -0.797 -0.604 -0. -51.256 0. 0. -1. 0.
0.622 -0.783 -0. 126.498 -0.783 -0.622 -0. -52.670 0. 0. -1. 0.
0.644 -0.765 -0. 127.502 -0.765 -0.644 -0. -54.179 0. 0. -1. 0.
0.657 -0.754 -0. 128.808 -0.754 -0.657 -0. -55.636 0. 0. -1. 0.
0.671 -0.741 -0. 129.947 -0.741 -0.671 -0. -57.026 0. 0. -1. 0.
0.681 -0.732 -0. 131.251 -0.732 -0.681 -0. -58.283 0. 0. -1. 0.
0.696 -0.718 -0. 132.428 -0.718 -0.696 -0. -59.719 0. 0. -1. 0.
0.702 -0.712 -0. 133.656 -0.712 -0.702 -0. -60.968 0. 0. -1. 0.
0.710 -0.704 -0. 134.954 -0.704 -0.710 -0. -62.226 0. 0. -1. 0.
0.716 -0.698 -0. 136.239 -0.698 -0.716 -0. -63.509 0. 0. -1. 0.
0.723 -0.691 -0. 137.481 -0.691 -0.723 -0. -64.700 0. 0. -1. 0.
0.726 -0.688 -0. 138.651 -0.688 -0.726 -0. -65.827 0. 0. -1. 0.
0.736 -0.677 -0. 139.826 -0.677 -0.736 -0. -66.947 0. 0. -1. 0.
0.756 -0.654 -0. 140.949 -0.654 -0.756 -0. -67.861 0. 0. -1. 0.
0.792 -0.610 -0. 142.003 -0.610 -0.792 -0. -68.900 0. 0. -1. 0.
0.833 -0.553 -0. 143.187 -0.553 -0.833 -0. -69.705 0. 0. -1. 0.
0.869 -0.495 -0. 144.154 -0.495 -0.869 -0. -70.249 0. 0. -1. 0.
0.916 -0.402 -0. 145.152 -0.402 -0.916 -0. -70.696 0. 0. -1. 0.
0.951 -0.309 -0. 146.234 -0.309 -0.951 -0. -71.007 0. 0. -1. 0.
0.982 -0.189 -0. 147.140 -0.189 -0.982 -0. -71.244 0. 0. -1. 0.
0.999 -0.040 -0. 148.136 -0.040 -0.999 -0. -71.247 0. 0. -1. 0.
0.994 0.107 0. 149.069 0.107 -0.994 -0. -71.113 0. 0. -1. 0.
0.964 0.266 0. 149.975 0.266 -0.964 -0. -70.938 0. 0. -1. 0.
0.906 0.424 0. 150.794 0.424 -0.906 -0. -70.470 0. 0. -1. 0.
0.816 0.577 0. 151.463 0.577 -0.816 -0. -69.949 0. 0. -1. 0.
0.699 0.715 0. 152.040 0.715 -0.699 -0. -69.337 0. 0. -1. 0.
0.553 0.833 0. 152.503 0.833 -0.553 -0. -68.515 0. 0. -1. 0.
0.389 0.921 0. 152.790 0.921 -0.389 -0. -67.756 0. 0. -1. 0.
0.205 0.979 0. 152.871 0.979 -0.205 -0. -66.926 0. 0. -1. 0.
0.010 1. 0. 152.913 1. -0.010 -0. -66.012 0. 0. -1. 0.
-0.192 0.981 0. 152.673 0.981 0.192 0. -65.124 0. 0. -1. 0.
-0.392 0.920 0. 152.214 0.920 0.392 0. -64.351 0. 0. -1. 0.
-0.557 0.831 0. 151.614 0.831 0.557 0. -63.536 0. 0. -1. 0.
-0.676 0.737 0. 150.859 0.737 0.676 0. -62.734 0. 0. -1. 0.
-0.764 0.645 0. 149.917 0.645 0.764 0. -61.991 0. 0. -1. 0.
-0.828 0.561 0. 148.998 0.561 0.828 0. -61.359 0. 0. -1. 0.
-0.875 0.484 0. 147.979 0.484 0.875 0. -60.874 0. 0. -1. 0.
-0.904 0.427 0. 146.866 0.427 0.904 0. -60.298 0. 0. -1. 0.
-0.922 0.386 0. 145.604 0.386 0.922 0. -59.896 0. 0. -1. 0.
-0.928 0.373 0. 144.415 0.373 0.928 0. -59.291 0. 0. -1. 0.
-0.930 0.366 0. 143.178 0.366 0.930 0. -58.881 0. 0. -1. 0.
-0.932 0.362 0. 141.871 0.362 0.932 0. -58.335 0. 0. -1. 0.
-0.932 0.362 0. 140.498 0.362 0.932 0. -57.819 0. 0. -1. 0.
-0.926 0.378 0. 139.089 0.378 0.926 0. -57.221 0. 0. -1. 0.
-0.918 0.396 0. 137.740 0.396 0.918 0. -56.716 0. 0. -1. 0.
-0.905 0.426 0. 136.297 0.426 0.905 0. -56.042 0. 0. -1. 0.
-0.891 0.453 0. 135.012 0.453 0.891 0. -55.267 0. 0. -1. 0.
-0.870 0.494 0. 133.531 0.494 0.870 0. -54.364 0. 0. -1. 0.
-0.843 0.538 0. 132.302 0.538 0.843 0. -53.475 0. 0. -1. 0.
-0.814 0.581 0. 130.986 0.581 0.814 0. -52.463 0. 0. -1. 0.
-0.784 0.621 0. 129.593 0.621 0.784 0. -51.349 0. 0. -1. 0.
-0.757 0.654 0. 128.413 0.654 0.757 0. -50.204 0. 0. -1. 0.
-0.725 0.689 0. 127.012 0.689 0.725 0. -49.055 0. 0. -1. 0.
-0.689 0.724 0. 125.800 0.724 0.689 0. -47.709 0. 0. -1. 0.
-0.653 0.757 0. 124.738 0.757 0.653 0. -46.140 0. 0. -1. 0.
-0.612 0.791 0. 123.409 0.791 0.612 0. -44.898 0. 0. -1. 0.
-0.570 0.822 0. 122.335 0.822 0.570 0. -43.282 0. 0. -1. 0.
-0.530 0.848 0. 121.550 0.848 0.530 0. -41.759 0. 0. -1. 0.
-0.496 0.868 0. 120.649 0.868 0.496 0. -40.044 0. 0. -1. 0.
-0.452 0.892 0. 119.722 0.892 0.452 0. -38.355 0. 0. -1. 0.
-0.425 0.905 0. 119.090 0.905 0.425 0. -36.680 0. 0. -1. 0.
-0.400 0.916 0. 118.321 0.916 0.400 0. -34.920 0. 0. -1. 0.
-0.389 0.921 0. 117.637 0.921 0.389 0. -33.144 0. 0. -1. 0.
-0.369 0.930 0. 116.966 0.930 0.369 0. -31.425 0. 0. -1. 0.
-0.361 0.933 0. 116.254 0.933 0.361 0. -29.659 0. 0. -1. 0.
-0.349 0.937 0. 115.691 0.937 0.349 0. -27.838 0. 0. -1. 0.
-0.349 0.937 0. 114.958 0.937 0.349 0. -26.015 0. 0. -1. 0.
-0.358 0.934 0. 114.471 0.934 0.358 0. -24.179 0. 0. -1. 0.
-0.380 0.925 0. 113.612 0.925 0.380 0. -22.336 0. 0. -1. 0.
-0.399 0.917 0. 112.995 0.917 0.399 0. -20.501 0. 0. -1. 0.
-0.426 0.905 0. 112.140 0.905 0.426 0. -18.765 0. 0. -1. 0.
-0.465 0.885 0. 111.388 0.885 0.465 0. -17.027 0. 0. -1. 0.
-0.496 0.869 0. 110.399 0.869 0.496 0. -15.274 0. 0. -1. 0.
-0.539 0.842 0. 109.382 0.842 0.539 0. -13.675 0. 0. -1. 0.
-0.587 0.809 0. 108.393 0.809 0.587 0. -12.075 0. 0. -1. 0.
-0.636 0.772 0. 107.246 0.772 0.636 0. -10.549 0. 0. -1. 0.
-0.689 0.725 0. 106.010 0.725 0.689 0. -9.091 0. 0. -1. 0.
-0.733 0.680 0. 104.418 0.680 0.733 0. -7.759 0. 0. -1. 0.
-0.784 0.621 0. 103.144 0.621 0.784 0. -6.549 0. 0. -1. 0.
-0.822 0.570 0. 101.609 0.570 0.822 0. -5.383 0. 0. -1. 0.
-0.851 0.524 0. 99.887 0.524 0.851 0. -4.309 0. 0. -1. 0.
-0.887 0.462 0. 98.238 0.462 0.887 0. -3.387 0. 0. -1. 0.
-0.912 0.410 0. 96.570 0.410 0.912 0. -2.559 0. 0. -1. 0.
-0.934 0.356 0. 94.740 0.356 0.934 0. -1.862 0. 0. -1. 0.
-0.953 0.302 0. 92.887 0.302 0.953 0. -1.146 0. 0. -1. 0.
-0.968 0.251 0. 90.930 0.251 0.968 0. -0.637 0. 0. -1. 0.
-0.980 0.199 0. 89.020 0.199 0.980 0. -0.225 0. 0. -1. 0.
-0.988 0.155 0. 87.049 0.155 0.988 0. 0.039 0. 0. -1. 0.
-0.994 0.111 0. 84.962 0.111 0.994 0. 0.311 0. 0. -1. 0.
-0.997 0.072 0. 82.987 0.072 0.997 0. 0.523 0. 0. -1. 0.
-0.999 0.044 0. 80.944 0.044 0.999 0. 0.589 0. 0. -1. 0.
-1.000 0.019 0. 78.886 0.019 1.000 0. 0.555 0. 0. -1. 0.
-1. -0.002 -0. 76.776 -0.002 1. 0. 0.629 0. 0. -1. 0.
-1. -0.007 -0. 74.633 -0.007 1. 0. 0.636 0. 0. -1. 0.
-1.000 -0.023 -0. 72.576 -0.023 1.000 0. 0.672 0. 0. -1. 0.
-1.000 -0.032 -0. 70.444 -0.032 1.000 0. 0.593 0. 0. -1. 0.
-1.000 -0.031 -0. 68.285 -0.031 1.000 0. 0.646 0. 0. -1. 0.
-1.000 -0.031 -0. 66.169 -0.031 1.000 0. 0.544 0. 0. -1. 0.
-1.000 -0.029 -0. 64.042 -0.029 1.000 0. 0.557 0. 0. -1. 0.
-1.000 -0.024 -0. 61.880 -0.024 1.000 0. 0.528 0. 0. -1. 0.
-1.000 -0.027 -0. 59.810 -0.027 1.000 0. 0.554 0. 0. -1. 0.
-1.000 -0.019 -0. 57.659 -0.019 1.000 0. 0.498 0. 0. -1. 0.
-1.000 -0.019 -0. 55.591 -0.019 1.000 0. 0.597 0. 0. -1. 0.
-1. -0.013 -0. 53.501 -0.013 1. 0. 0.538 0. 0. -1. 0.
-1. -0.009 -0. 51.349 -0.009 1. 0. 0.584 0. 0. -1. 0.
-1. -0.002 -0. 49.223 -0.002 1. 0. 0.582 0. 0. -1. 0.
-1. 0.001 0. 47.150 0.001 1. 0. 0.565 0. 0. -1. 0.
-1. 0.002 0. 45.035 0.002 1. 0. 0.695 0. 0. -1. 0.
-1. 0.011 0. 42.948 0.011 1. 0. 0.731 0. 0. -1. 0.
-1.000 0.015 0. 40.961 0.015 1.000 0. 0.734 0. 0. -1. 0.
-1.000 0.017 0. 38.866 0.017 1.000 0. 0.861 0. 0. -1. 0.
-1.000 0.031 0. 36.833 0.031 1.000 0. 0.795 0. 0. -1. 0.
-0.999 0.036 0. 34.820 0.036 0.999 0. 0.964 0. 0. -1. 0.
-0.999 0.040 0. 32.811 0.040 0.999 0. 1.079 0. 0. -1. 0.
-0.999 0.041 0. 30.792 0.041 0.999 0. 1.144 0. 0. -1. 0.
-0.999 0.041 0. 28.764 0.041 0.999 0. 1.344 0. 0. -1. 0.
-0.999 0.050 0. 26.821 0.050 0.999 0. 1.376 0. 0. -1. 0.
-0.999 0.054 0. 24.716 0.054 0.999 0. 1.496 0. 0. -1. 0.
-0.999 0.055 0. 22.738 0.055 0.999 0. 1.705 0. 0. -1. 0.
-0.998 0.056 0. 20.606 0.056 0.998 0. 1.759 0. 0. -1. 0.
-0.998 0.065 0. 18.581 0.065 0.998 0. 2.009 0. 0. -1. 0.
-0.998 0.071 0. 16.459 0.071 0.998 0. 2.151 0. 0. -1. 0.
-0.997 0.077 0. 14.419 0.077 0.997 0. 2.253 0. 0. -1. 0.
-0.997 0.077 0. 12.306 0.077 0.997 0. 2.495 0. 0. -1. 0.
-0.997 0.082 0. 10.205 0.082 0.997 0. 2.765 0. 0. -1. 0.
-0.997 0.083 0. 8.114 0.083 0.997 0. 2.850 0. 0. -1. 0.
-0.997 0.076 0. 5.938 0.076 0.997 0. 3.030 0. 0. -1. 0.
-0.997 0.079 0. 3.804 0.079 0.997 0. 3.216 0. 0. -1. 0.
-0.997 0.075 0. 1.687 0.075 0.997 0. 3.427 0. 0. -1. 0.
-0.996 0.084 0. -0.498 0.084 0.996 0. 3.544 0. 0. -1. 0.
-0.996 0.084 0. -2.648 0.084 0.996 0. 3.755 0. 0. -1. 0.
-0.996 0.086 0. -4.740 0.086 0.996 0. 4.051 0. 0. -1. 0.
-0.996 0.088 0. -6.874 0.088 0.996 0. 4.293 0. 0. -1. 0.
-0.996 0.093 0. -9.013 0.093 0.996 0. 4.501 0. 0. -1. 0.
-0.996 0.094 0. -11.176 0.094 0.996 0. 4.619 0. 0. -1. 0.
-0.995 0.098 0. -13.220 0.098 0.995 0. 4.943 0. 0. -1. 0.
-0.993 0.115 0. -15.386 0.115 0.993 0. 5.089 0. 0. -1. 0.
-0.993 0.117 0. -17.476 0.117 0.993 0. 5.441 0. 0. -1. 0.
-0.994 0.113 0. -19.553 0.113 0.994 0. 5.685 0. 0. -1. 0.
-0.994 0.111 0. -21.705 0.111 0.994 0. 5.940 0. 0. -1. 0.
-0.994 0.109 0. -23.863 0.109 0.994 0. 6.209 0. 0. -1. 0.
-0.996 0.084 0. -25.975 0.084 0.996 0. 6.573 0. 0. -1. 0.
-0.998 0.068 0. -28.162 0.068 0.998 0. 6.729 0. 0. -1. 0.
-0.999 0.048 0. -30.315 0.048 0.999 0. 6.861 0. 0. -1. 0.
-1.000 0.030 0. -32.593 0.030 1.000 0. 6.958 0. 0. -1. 0.
-1.000 0.016 0. -34.728 0.016 1.000 0. 6.937 0. 0. -1. 0.
-1. -0.002 -0. -36.870 -0.002 1. 0. 6.925 0. 0. -1. 0.
-1.000 -0.025 -0. -39.041 -0.025 1.000 0. 6.963 0. 0. -1. 0.
-0.999 -0.040 -0. -41.287 -0.040 0.999 0. 6.843 0. 0. -1. 0.
-0.999 -0.042 -0. -43.257 -0.042 0.999 0. 6.824 0. 0. -1. 0.
-0.999 -0.050 -0. -45.500 -0.050 0.999 0. 6.737 0. 0. -1. 0.
-0.998 -0.056 -0. -47.535 -0.056 0.998 0. 6.643 0. 0. -1. 0.
-0.998 -0.059 -0. -49.561 -0.059 0.998 0. 6.591 0. 0. -1. 0.
-0.998 -0.056 -0. -51.507 -0.056 0.998 0. 6.544 0. 0. -1. 0.
-0.999 -0.042 -0. -53.510 -0.042 0.999 0. 6.427 0. 0. -1. 0.
-1.000 -0.028 -0. -55.343 -0.028 1.000 0. 6.408 0. 0. -1. 0.
-1.000 -0.019 -0. -57.188 -0.019 1.000 0. 6.382 0. 0. -1. 0.
-1. 0.009 0. -58.810 0.009 1. 0. 6.420 0. 0. -1. 0.
-0.999 0.034 0. -60.449 0.034 0.999 0. 6.467 0. 0. -1. 0.
-0.997 0.078 0. -61.991 0.078 0.997 0. 6.664 0. 0. -1. 0.
-0.990 0.139 0. -63.320 0.139 0.990 0. 6.912 0. 0. -1. 0.
-0.980 0.199 0. -64.588 0.199 0.980 0. 7.189 0. 0. -1. 0.
-0.961 0.277 0. -65.760 0.277 0.961 0. 7.589 0. 0. -1. 0.
-0.931 0.365 0. -66.847 0.365 0.931 0. 7.978 0. 0. -1. 0.
-0.885 0.467 0. -67.883 0.467 0.885 0. 8.455 0. 0. -1. 0.
-0.828 0.560 0. -68.587 0.560 0.828 0. 9.253 0. 0. -1. 0.
-0.750 0.661 0. -69.444 0.661 0.750 0. 9.923 0. 0. -1. 0.
-0.669 0.744 0. -70.038 0.744 0.669 0. 10.672 0. 0. -1. 0.
-0.574 0.819 0. -70.743 0.819 0.574 0. 11.410 0. 0. -1. 0.
-0.491 0.871 0. -71.106 0.871 0.491 0. 12.465 0. 0. -1. 0.
-0.405 0.914 0. -71.488 0.914 0.405 0. 13.444 0. 0. -1. 0.
-0.329 0.944 0. -71.990 0.944 0.329 0. 14.568 0. 0. -1. 0.
-0.260 0.966 0. -72.255 0.966 0.260 0. 15.769 0. 0. -1. 0.
-0.203 0.979 0. -72.492 0.979 0.203 0. 16.957 0. 0. -1. 0.
-0.157 0.988 0. -72.715 0.988 0.157 0. 18.346 0. 0. -1. 0.
-0.108 0.994 0. -72.795 0.994 0.108 0. 19.799 0. 0. -1. 0.
-0.078 0.997 0. -72.877 0.997 0.078 0. 21.284 0. 0. -1. 0.
-0.053 0.999 0. -72.934 0.999 0.053 0. 22.851 0. 0. -1. 0.
-0.030 1.000 0. -72.957 1.000 0.030 0. 24.400 0. 0. -1. 0.
-0.032 0.999 0. -73.037 0.999 0.032 0. 25.964 0. 0. -1. 0.
-0.018 1.000 0. -72.882 1.000 0.018 0. 27.625 0. 0. -1. 0.
-0.011 1. 0. -72.942 1. 0.011 0. 29.230 0. 0. -1. 0.
-0.009 1. 0. -72.953 1. 0.009 0. 30.959 0. 0. -1. 0.
0.003 1. 0. -72.839 1. -0.003 -0. 32.570 0. 0. -1. 0.
0.018 1.000 0. -72.866 1.000 -0.018 -0. 34.350 0. 0. -1. 0.
0.029 1.000 0. -72.614 1.000 -0.029 -0. 36.021 0. 0. -1. 0.
0.044 0.999 0. -72.543 0.999 -0.044 -0. 37.760 0. 0. -1. 0.
0.071 0.997 0. -72.382 0.997 -0.071 -0. 39.472 0. 0. -1. 0.
0.105 0.994 0. -72.216 0.994 -0.105 -0. 41.224 0. 0. -1. 0.
0.126 0.992 0. -71.916 0.992 -0.126 -0. 42.938 0. 0. -1. 0.
0.156 0.988 0. -71.500 0.988 -0.156 -0. 44.872 0. 0. -1. 0.
0.169 0.986 0. -71.098 0.986 -0.169 -0. 46.371 0. 0. -1. 0.
0.177 0.984 0. -70.853 0.984 -0.177 -0. 48.206 0. 0. -1. 0.
0.173 0.985 0. -70.520 0.985 -0.173 -0. 49.907 0. 0. -1. 0.
0.161 0.987 0. -70.144 0.987 -0.161 -0. 51.900 0. 0. -1. 0.
0.142 0.990 0. -69.889 0.990 -0.142 -0. 53.637 0. 0. -1. 0.
0.120 0.993 0. -69.603 0.993 -0.120 -0. 55.682 0. 0. -1. 0.
0.105 0.994 0. -69.407 0.994 -0.105 -0. 57.630 0. 0. -1. 0.
0.084 0.996 0. -69.252 0.996 -0.084 -0. 59.537 0. 0. -1. 0.
0.070 0.998 0. -69.071 0.998 -0.070 -0. 61.620 0. 0. -1. 0.
0.050 0.999 0. -68.925 0.999 -0.050 -0. 63.626 0. 0. -1. 0.
0.036 0.999 0. -68.813 0.999 -0.036 -0. 65.626 0. 0. -1. 0.
0.021 1.000 0. -68.737 1.000 -0.021 -0. 67.689 0. 0. -1. 0.
0.006 1. 0. -68.637 1. -0.006 -0. 69.658 0. 0. -1. 0.
0.003 1. 0. -68.666 1. -0.003 -0. 71.682 0. 0. -1. 0.
0.005 1. 0. -68.602 1. -0.005 -0. 73.568 0. 0. -1. 0.
0.007 1. 0. -68.609 1. -0.007 -0. 75.500 0. 0. -1. 0.
-0.002 1. 0. -68.586 1. 0.002 0. 77.411 0. 0. -1. 0.
0.005 1. 0. -68.536 1. -0.005 -0. 79.338 0. 0. -1. 0.
0.002 1. 0. -68.534 1. -0.002 -0. 81.047 0. 0. -1. 0.
-0.000 1. 0. -68.496 1. 0.000 0. 82.852 0. 0. -1. 0.
-0.012 1. 0. -68.466 1. 0.012 0. 84.536 0. 0. -1. 0.
-0.038 0.999 0. -68.465 0.999 0.038 0. 86.256 0. 0. -1. 0.
-0.077 0.997 0. -68.458 0.997 0.077 0. 87.864 0. 0. -1. 0.
-0.130 0.992 0. -68.725 0.992 0.130 0. 89.344 0. 0. -1. 0.
-0.198 0.980 0. -68.927 0.980 0.198 0. 90.810 0. 0. -1. 0.
-0.275 0.961 0. -69.263 0.961 0.275 0. 92.152 0. 0. -1. 0.
-0.364 0.932 0. -69.728 0.932 0.364 0. 93.591 0. 0. -1. 0.
-0.455 0.890 0. -70.419 0.890 0.455 0. 94.731 0. 0. -1. 0.
-0.537 0.844 0. -71.107 0.844 0.537 0. 95.864 0. 0. -1. 0.
-0.626 0.780 0. -71.852 0.780 0.626 0. 96.869 0. 0. -1. 0.
-0.707 0.707 0. -72.783 0.707 0.707 0. 97.928 0. 0. -1. 0.
-0.780 0.625 0. -73.792 0.625 0.780 0. 98.736 0. 0. -1. 0.
-0.842 0.540 0. -74.985 0.540 0.842 0. 99.588 0. 0. -1. 0.
-0.899 0.438 0. -76.228 0.438 0.899 0. 100.180 0. 0. -1. 0.
-0.942 0.336 0. -77.600 0.336 0.942 0. 100.671 0. 0. -1. 0.
-0.968 0.250 0. -79.013 0.250 0.968 0. 101.053 0. 0. -1. 0.
-0.984 0.180 0. -80.518 0.180 0.984 0. 101.253 0. 0. -1. 0.
-0.991 0.135 0. -81.977 0.135 0.991 0. 101.409 0. 0. -1. 0.
-0.992 0.124 0. -83.658 0.124 0.992 0. 101.583 0. 0. -1. 0.
-0.991 0.132 0. -85.014 0.132 0.991 0. 101.977 0. 0. -1. 0.
-0.988 0.152 0. -86.616 0.152 0.988 0. 102.114 0. 0. -1. 0.
-0.981 0.195 0. -88.195 0.195 0.981 0. 102.430 0. 0. -1. 0.
-0.971 0.241 0. -89.623 0.241 0.971 0. 102.821 0. 0. -1. 0.
-0.957 0.291 0. -91.217 0.291 0.957 0. 103.342 0. 0. -1. 0.
-0.935 0.355 0. -92.900 0.355 0.935 0. 103.890 0. 0. -1. 0.
-0.909 0.418 0. -94.248 0.418 0.909 0. 104.631 0. 0. -1. 0.
-0.878 0.479 0. -95.845 0.479 0.878 0. 105.562 0. 0. -1. 0.
-0.841 0.541 0. -97.290 0.541 0.841 0. 106.671 0. 0. -1. 0.
-0.802 0.598 0. -98.748 0.598 0.802 0. 107.675 0. 0. -1. 0.
-0.761 0.648 0. -100.170 0.648 0.761 0. 108.793 0. 0. -1. 0.
-0.735 0.678 0. -101.512 0.678 0.735 0. 110.108 0. 0. -1. 0.
-0.710 0.704 0. -102.939 0.704 0.710 0. 111.458 0. 0. -1. 0.
-0.703 0.711 0. -104.247 0.711 0.703 0. 113.042 0. 0. -1. 0.
-0.700 0.714 0. -105.700 0.714 0.700 0. 114.436 0. 0. -1. 0.
-0.700 0.714 0. -107.077 0.714 0.700 0. 116.062 0. 0. -1. 0.
-0.700 0.714 0. -108.584 0.714 0.700 0. 117.561 0. 0. -1. 0.
-0.699 0.715 0. -110.018 0.715 0.699 0. 119.168 0. 0. -1. 0.
-0.706 0.709 0. -111.564 0.709 0.706 0. 120.619 0. 0. -1. 0.
-0.707 0.707 0. -113.196 0.707 0.707 0. 122.233 0. 0. -1. 0.
-0.707 0.708 0. -114.795 0.708 0.707 0. 123.911 0. 0. -1. 0.
-0.710 0.704 0. -116.294 0.704 0.710 0. 125.644 0. 0. -1. 0.
-0.711 0.704 0. -118.032 0.704 0.711 0. 127.267 0. 0. -1. 0.
-0.708 0.706 0. -119.658 0.706 0.708 0. 128.980 0. 0. -1. 0.
-0.704 0.710 0. -121.381 0.710 0.704 0. 130.731 0. 0. -1. 0.
-0.703 0.711 0. -123.084 0.711 0.703 0. 132.449 0. 0. -1. 0.
-0.708 0.706 0. -124.805 0.706 0.708 0. 134.390 0. 0. -1. 0.
-0.709 0.706 0. -126.612 0.706 0.709 0. 136.187 0. 0. -1. 0.
-0.707 0.708 0. -128.345 0.708 0.707 0. 138.033 0. 0. -1. 0.
-0.704 0.711 0. -130.200 0.711 0.704 0. 139.943 0. 0. -1. 0.
-0.699 0.715 0. -131.864 0.715 0.699 0. 141.845 0. 0. -1. 0.
-0.694 0.720 0. -133.830 0.720 0.694 0. 143.641 0. 0. -1. 0.
-0.690 0.724 0. -135.470 0.724 0.690 0. 145.724 0. 0. -1. 0.
-0.688 0.726 0. -137.188 0.726 0.688 0. 147.493 0. 0. -1. 0.
-0.683 0.730 0. -138.869 0.730 0.683 0. 149.466 0. 0. -1. 0.
-0.682 0.731 0. -140.630 0.731 0.682 0. 151.355 0. 0. -1. 0.
-0.679 0.734 0. -142.378 0.734 0.679 0. 153.116 0. 0. -1. 0.
-0.675 0.738 0. -144.060 0.738 0.675 0. 154.905 0. 0. -1. 0.
-0.670 0.743 0. -145.670 0.743 0.670 0. 156.840 0. 0. -1. 0.
-0.657 0.754 0. -147.161 0.754 0.657 0. 158.672 0. 0. -1. 0.
-0.647 0.763 0. -148.670 0.763 0.647 0. 160.575 0. 0. -1. 0.
-0.624 0.781 0. -150.144 0.781 0.624 0. 162.423 0. 0. -1. 0.
-0.602 0.799 0. -151.482 0.799 0.602 0. 164.321 0. 0. -1. 0.
-0.577 0.817 0. -152.829 0.817 0.577 0. 166.291 0. 0. -1. 0.
-0.543 0.840 0. -154.169 0.840 0.543 0. 168.212 0. 0. -1. 0.
-0.527 0.850 0. -155.228 0.850 0.527 0. 170.249 0. 0. -1. 0.
-0.510 0.860 0. -156.351 0.860 0.510 0. 172.266 0. 0. -1. 0.
-0.497 0.868 0. -157.536 0.868 0.497 0. 174.216 0. 0. -1. 0.
-0.483 0.876 0. -158.636 0.876 0.483 0. 176.217 0. 0. -1. 0.
-0.468 0.884 0. -159.619 0.884 0.468 0. 178.218 0. 0. -1. 0.
-0.446 0.895 0. -160.574 0.895 0.446 0. 180.109 0. 0. -1. 0.
-0.423 0.906 0. -161.421 0.906 0.423 0. 181.992 0. 0. -1. 0.
-0.394 0.919 0. -162.386 0.919 0.394 0. 183.783 0. 0. -1. 0.
-0.346 0.938 0. -163.033 0.938 0.346 0. 185.657 0. 0. -1. 0.
-0.306 0.952 0. -163.601 0.952 0.306 0. 187.563 0. 0. -1. 0.
-0.267 0.964 0. -164.045 0.964 0.267 0. 189.420 0. 0. -1. 0.
-0.224 0.975 0. -164.512 0.975 0.224 0. 191.276 0. 0. -1. 0.
-0.191 0.982 0. -164.796 0.982 0.191 0. 193.168 0. 0. -1. 0.
-0.170 0.985 0. -165.135 0.985 0.170 0. 195.091 0. 0. -1. 0.
-0.158 0.987 0. -165.106 0.987 0.158 0. 197.187 0. 0. -1. 0.
-0.147 0.989 0. -165.419 0.989 0.147 0. 199.216 0. 0. -1. 0.
-0.136 0.991 0. -165.806 0.991 0.136 0. 201.155 0. 0. -1. 0.
-0.127 0.992 0. -165.933 0.992 0.127 0. 203.260 0. 0. -1. 0.
-0.110 0.994 0. -166.263 0.994 0.110 0. 205.421 0. 0. -1. 0.
-0.083 0.997 0. -166.337 0.997 0.083 0. 207.481 0. 0. -1. 0.
-0.065 0.998 0. -166.592 0.998 0.065 0. 209.488 0. 0. -1. 0.
-0.053 0.999 0. -166.768 0.999 0.053 0. 211.577 0. 0. -1. 0.
-0.048 0.999 0. -166.591 0.999 0.048 0. 213.700 0. 0. -1. 0.
-0.045 0.999 0. -166.784 0.999 0.045 0. 215.697 0. 0. -1. 0.
-0.072 0.997 0. -166.759 0.997 0.072 0. 217.724 0. 0. -1. 0.
-0.090 0.996 0. -167.046 0.996 0.090 0. 219.758 0. 0. -1. 0.
-0.128 0.992 0. -167.170 0.992 0.128 0. 221.639 0. 0. -1. 0.
-0.184 0.983 0. -167.444 0.983 0.184 0. 223.682 0. 0. -1. 0.
-0.229 0.973 0. -168.092 0.973 0.229 0. 225.660 0. 0. -1. 0.
-0.286 0.958 0. -168.481 0.958 0.286 0. 227.395 0. 0. -1. 0.
-0.352 0.936 0. -169.213 0.936 0.352 0. 229.287 0. 0. -1. 0.
-0.422 0.907 0. -169.912 0.907 0.422 0. 230.997 0. 0. -1. 0.
-0.484 0.875 0. -171.042 0.875 0.484 0. 232.642 0. 0. -1. 0.
-0.547 0.837 0. -171.790 0.837 0.547 0. 234.284 0. 0. -1. 0.
-0.615 0.788 0. -172.964 0.788 0.615 0. 235.801 0. 0. -1. 0.
-0.679 0.734 0. -174.339 0.734 0.679 0. 237.133 0. 0. -1. 0.
-0.736 0.677 0. -175.680 0.677 0.736 0. 238.477 0. 0. -1. 0.
-0.788 0.616 0. -177.138 0.616 0.788 0. 239.813 0. 0. -1. 0.
-0.834 0.551 0. -178.710 0.551 0.834 0. 241.011 0. 0. -1. 0.
-0.873 0.488 0. -180.544 0.488 0.873 0. 241.997 0. 0. -1. 0.
-0.902 0.431 0. -182.496 0.431 0.902 0. 242.923 0. 0. -1. 0.
-0.924 0.382 0. -184.445 0.382 0.924 0. 243.793 0. 0. -1. 0.
-0.941 0.340 0. -186.467 0.340 0.941 0. 244.645 0. 0. -1. 0.
-0.951 0.308 0. -188.520 0.308 0.951 0. 245.418 0. 0. -1. 0.
-0.960 0.281 0. -190.846 0.281 0.960 0. 246.100 0. 0. -1. 0.
-0.964 0.267 0. -193.198 0.267 0.964 0. 246.747 0. 0. -1. 0.
-0.966 0.257 0. -195.574 0.257 0.966 0. 247.378 0. 0. -1. 0.
-0.968 0.251 0. -198.100 0.251 0.968 0. 248.154 0. 0. -1. 0.
-0.968 0.252 0. -200.577 0.252 0.968 0. 248.835 0. 0. -1. 0.
-0.967 0.254 0. -203.167 0.254 0.967 0. 249.579 0. 0. -1. 0.
-0.967 0.255 0. -205.828 0.255 0.967 0. 250.298 0. 0. -1. 0.
-0.965 0.261 0. -208.512 0.261 0.965 0. 251.123 0. 0. -1. 0.
-0.965 0.264 0. -211.174 0.264 0.965 0. 251.870 0. 0. -1. 0.
-0.964 0.266 0. -213.849 0.266 0.964 0. 252.636 0. 0. -1. 0.
-0.964 0.265 0. -216.458 0.265 0.964 0. 253.357 0. 0. -1. 0.
-0.964 0.265 0. -219.221 0.265 0.964 0. 254.187 0. 0. -1. 0.
-0.964 0.267 0. -221.807 0.267 0.964 0. 255.022 0. 0. -1. 0.
-0.962 0.273 0. -224.408 0.273 0.962 0. 255.788 0. 0. -1. 0.
-0.962 0.272 0. -226.997 0.272 0.962 0. 256.476 0. 0. -1. 0.
-0.963 0.271 0. -229.663 0.271 0.963 0. 257.190 0. 0. -1. 0.
-0.962 0.274 0. -232.210 0.274 0.962 0. 258.026 0. 0. -1. 0.
-0.961 0.276 0. -234.805 0.276 0.961 0. 258.778 0. 0. -1. 0.
-0.956 0.294 0. -237.234 0.294 0.956 0. 259.500 0. 0. -1. 0.
-0.950 0.314 0. -239.427 0.314 0.950 0. 260.424 0. 0. -1. 0.
-0.940 0.341 0. -241.648 0.341 0.940 0. 261.099 0. 0. -1. 0.
-0.928 0.372 0. -243.836 0.372 0.928 0. 261.903 0. 0. -1. 0.
-0.916 0.402 0. -245.593 0.402 0.916 0. 262.828 0. 0. -1. 0.
-0.903 0.429 0. -247.299 0.429 0.903 0. 263.506 0. 0. -1. 0.
-0.890 0.455 0. -248.897 0.455 0.890 0. 264.483 0. 0. -1. 0.
-0.873 0.488 0. -250.345 0.488 0.873 0. 265.315 0. 0. -1. 0.
-0.851 0.526 0. -251.664 0.526 0.851 0. 266.248 0. 0. -1. 0.
-0.821 0.571 0. -252.928 0.571 0.821 0. 267.022 0. 0. -1. 0.
-0.785 0.620 0. -254.045 0.620 0.785 0. 267.881 0. 0. -1. 0.
-0.736 0.677 0. -255.059 0.677 0.736 0. 268.902 0. 0. -1. 0.
-0.674 0.739 0. -255.989 0.739 0.674 0. 269.759 0. 0. -1. 0.
-0.607 0.794 0. -256.792 0.794 0.607 0. 270.752 0. 0. -1. 0.
-0.532 0.847 0. -257.493 0.847 0.532 0. 271.846 0. 0. -1. 0.
-0.456 0.890 0. -257.801 0.890 0.456 0. 273.013 0. 0. -1. 0.
-0.371 0.929 0. -258.308 0.929 0.371 0. 274.131 0. 0. -1. 0.
-0.303 0.953 0. -258.489 0.953 0.303 0. 275.294 0. 0. -1. 0.
-0.228 0.974 0. -258.938 0.974 0.228 0. 276.779 0. 0. -1. 0.
-0.154 0.988 0. -259.057 0.988 0.154 0. 278.115 0. 0. -1. 0.
-0.078 0.997 0. -259.257 0.997 0.078 0. 279.763 0. 0. -1. 0.
0.006 1. 0. -259.292 1. -0.006 -0. 281.465 0. 0. -1. 0.
0.077 0.997 0. -258.957 0.997 -0.077 -0. 283.258 0. 0. -1. 0.
0.135 0.991 0. -258.733 0.991 -0.135 -0. 285.135 0. 0. -1. 0.
0.172 0.985 0. -258.319 0.985 -0.172 -0. 287.116 0. 0. -1. 0.
0.195 0.981 0. -257.833 0.981 -0.195 -0. 289.325 0. 0. -1. 0.
0.208 0.978 0. -257.342 0.978 -0.208 -0. 291.479 0. 0. -1. 0.
0.209 0.978 0. -256.917 0.978 -0.209 -0. 293.975 0. 0. -1. 0.
0.211 0.978 0. -256.220 0.978 -0.211 -0. 296.327 0. 0. -1. 0.
0.218 0.976 0. -255.686 0.976 -0.218 -0. 298.794 0. 0. -1. 0.
0.223 0.975 0. -255.082 0.975 -0.223 -0. 301.347 0. 0. -1. 0.
0.222 0.975 0. -254.269 0.975 -0.222 -0. 303.929 0. 0. -1. 0.
0.227 0.974 0. -253.698 0.974 -0.227 -0. 306.643 0. 0. -1. 0.
0.236 0.972 0. -253.044 0.972 -0.236 -0. 309.282 0. 0. -1. 0.
0.242 0.970 0. -252.300 0.970 -0.242 -0. 312.105 0. 0. -1. 0.
0.237 0.971 0. -251.619 0.971 -0.237 -0. 314.882 0. 0. -1. 0.
0.241 0.971 0. -250.802 0.971 -0.241 -0. 317.893 0. 0. -1. 0.
0.253 0.967 0. -249.957 0.967 -0.253 -0. 320.801 0. 0. -1. 0.
0.248 0.969 0. -249.096 0.969 -0.248 -0. 323.823 0. 0. -1. 0.
0.249 0.968 0. -248.309 0.968 -0.249 -0. 327.002 0. 0. -1. 0.
0.256 0.967 0. -247.413 0.967 -0.256 -0. 330.078 0. 0. -1. 0.
0.256 0.967 0. -246.499 0.967 -0.256 -0. 333.266 0. 0. -1. 0.
0.254 0.967 0. -245.561 0.967 -0.254 -0. 336.571 0. 0. -1. 0.
0.253 0.967 0. -244.581 0.967 -0.253 -0. 339.865 0. 0. -1. 0.
0.255 0.967 0. -243.711 0.967 -0.255 -0. 343.216 0. 0. -1. 0.
0.254 0.967 0. -242.863 0.967 -0.254 -0. 346.558 0. 0. -1. 0.
0.252 0.968 0. -241.864 0.968 -0.252 -0. 349.913 0. 0. -1. 0.
0.251 0.968 0. -240.936 0.968 -0.251 -0. 353.399 0. 0. -1. 0.
0.255 0.967 0. -240.018 0.967 -0.255 -0. 356.765 0. 0. -1. 0.
0.253 0.967 0. -239.015 0.967 -0.253 -0. 360.239 0. 0. -1. 0.
0.251 0.968 0. -238.059 0.968 -0.251 -0. 363.798 0. 0. -1. 0.
0.251 0.968 0. -237.069 0.968 -0.251 -0. 367.285 0. 0. -1. 0.
0.253 0.968 0. -236.083 0.968 -0.253 -0. 370.811 0. 0. -1. 0.
0.253 0.968 0. -235.083 0.968 -0.253 -0. 374.321 0. 0. -1. 0.
0.261 0.965 0. -234.119 0.965 -0.261 -0. 377.854 0. 0. -1. 0.
0.258 0.966 0. -233.011 0.966 -0.258 -0. 381.385 0. 0. -1. 0.
0.258 0.966 0. -232.013 0.966 -0.258 -0. 384.956 0. 0. -1. 0.
0.256 0.967 0. -231.024 0.967 -0.256 -0. 388.452 0. 0. -1. 0.
0.253 0.967 0. -230.017 0.967 -0.253 -0. 391.988 0. 0. -1. 0.
0.252 0.968 0. -229.054 0.968 -0.252 -0. 395.592 0. 0. -1. 0.
0.250 0.968 0. -228.066 0.968 -0.250 -0. 399.134 0. 0. -1. 0.
0.251 0.968 0. -227.027 0.968 -0.251 -0. 402.719 0. 0. -1. 0.
0.251 0.968 0. -225.995 0.968 -0.251 -0. 406.155 0. 0. -1. 0.
0.252 0.968 0. -225.168 0.968 -0.252 -0. 409.802 0. 0. -1. 0.
0.254 0.967 0. -224.158 0.967 -0.254 -0. 413.212 0. 0. -1. 0.
0.254 0.967 0. -223.220 0.967 -0.254 -0. 416.721 0. 0. -1. 0.
0.249 0.969 0. -222.193 0.969 -0.249 -0. 420.062 0. 0. -1. 0.
0.249 0.968 0. -221.424 0.968 -0.249 -0. 423.546 0. 0. -1. 0.
0.255 0.967 0. -220.399 0.967 -0.255 -0. 426.843 0. 0. -1. 0.
0.248 0.969 0. -219.467 0.969 -0.248 -0. 430.070 0. 0. -1. 0.
0.247 0.969 0. -218.596 0.969 -0.247 -0. 433.331 0. 0. -1. 0.
0.248 0.969 0. -217.659 0.969 -0.248 -0. 436.261 0. 0. -1. 0.
0.251 0.968 0. -216.969 0.968 -0.251 -0. 439.173 0. 0. -1. 0.
0.247 0.969 0. -216.151 0.969 -0.247 -0. 442.017 0. 0. -1. 0.
0.251 0.968 0. -215.441 0.968 -0.251 -0. 444.732 0. 0. -1. 0.
0.249 0.968 0. -214.610 0.968 -0.249 -0. 447.252 0. 0. -1. 0.
0.245 0.970 0. -214.046 0.970 -0.245 -0. 449.832 0. 0. -1. 0.
0.248 0.969 0. -213.282 0.969 -0.248 -0. 452.256 0. 0. -1. 0.
0.248 0.969 0. -212.711 0.969 -0.248 -0. 454.593 0. 0. -1. 0.
0.248 0.969 0. -212.066 0.969 -0.248 -0. 456.776 0. 0. -1. 0.
0.255 0.967 0. -211.528 0.967 -0.255 -0. 459.028 0. 0. -1. 0.
0.252 0.968 0. -210.900 0.968 -0.252 -0. 461.021 0. 0. -1. 0.
0.245 0.970 0. -210.356 0.970 -0.245 -0. 463.049 0. 0. -1. 0.
0.244 0.970 0. -209.833 0.970 -0.244 -0. 464.953 0. 0. -1. 0.
0.247 0.969 0. -209.352 0.969 -0.247 -0. 466.716 0. 0. -1. 0.
0.247 0.969 0. -208.890 0.969 -0.247 -0. 468.443 0. 0. -1. 0.
0.245 0.969 0. -208.469 0.969 -0.245 -0. 470.029 0. 0. -1. 0.
0.240 0.971 0. -208.004 0.971 -0.240 -0. 471.457 0. 0. -1. 0.
0.238 0.971 0. -207.711 0.971 -0.238 -0. 472.911 0. 0. -1. 0.
0.237 0.971 0. -207.426 0.971 -0.237 -0. 474.098 0. 0. -1. 0.
0.234 0.972 0. -207.076 0.972 -0.234 -0. 475.304 0. 0. -1. 0.
0.233 0.973 0. -206.833 0.973 -0.233 -0. 476.326 0. 0. -1. 0.
0.234 0.972 0. -206.604 0.972 -0.234 -0. 477.349 0. 0. -1. 0.
0.231 0.973 0. -206.379 0.973 -0.231 -0. 478.190 0. 0. -1. 0.
0.230 0.973 0. -206.095 0.973 -0.230 -0. 479.152 0. 0. -1. 0.
0.234 0.972 0. -205.952 0.972 -0.234 -0. 479.779 0. 0. -1. 0.
0.231 0.973 0. -205.760 0.973 -0.231 -0. 480.396 0. 0. -1. 0.
0.241 0.971 0. -205.596 0.971 -0.241 -0. 480.792 0. 0. -1. 0.
0.234 0.972 0. -205.511 0.972 -0.234 -0. 481.045 0. 0. -1. 0.
0.235 0.972 0. -205.467 0.972 -0.235 -0. 481.503 0. 0. -1. 0.
0.241 0.970 0. -205.364 0.970 -0.241 -0. 481.654 0. 0. -1. 0.
0.238 0.971 0. -205.418 0.971 -0.238 -0. 481.800 0. 0. -1. 0.
0.240 0.971 0. -205.366 0.971 -0.240 -0. 481.951 0. 0. -1. 0.
0.240 0.971 0. -205.355 0.971 -0.240 -0. 482.072 0. 0. -1. 0.
0.240 0.971 0. -205.303 0.971 -0.240 -0. 482.225 0. 0. -1. 0.
0.239 0.971 0. -205.203 0.971 -0.239 -0. 482.267 0. 0. -1. 0.
0.240 0.971 0. -205.219 0.971 -0.240 -0. 482.471 0. 0. -1. 0.
0.245 0.969 0. -205.098 0.969 -0.245 -0. 482.518 0. 0. -1. 0.
0.242 0.970 0. -205.237 0.970 -0.242 -0. 482.604 0. 0. -1. 0.
0.247 0.969 0. -205.207 0.969 -0.247 -0. 482.627 0. 0. -1. 0.
0.248 0.969 0. -205.172 0.969 -0.248 -0. 482.653 0. 0. -1. 0.
0.246 0.969 0. -205.187 0.969 -0.246 -0. 482.739 0. 0. -1. 0.
0.246 0.969 0. -205.160 0.969 -0.246 -0. 482.779 0. 0. -1. 0.
0.247 0.969 0. -205.054 0.969 -0.247 -0. 482.837 0. 0. -1. 0.
0.245 0.970 0. -205.135 0.970 -0.245 -0. 482.849 0. 0. -1. 0.
0.243 0.970 0. -205.066 0.970 -0.243 -0. 482.938 0. 0. -1. 0.
0.240 0.971 0. -205.076 0.971 -0.240 -0. 482.958 0. 0. -1. 0.
0.242 0.970 0. -205.096 0.970 -0.242 -0. 482.996 0. 0. -1. 0.
0.240 0.971 0. -205.088 0.971 -0.240 -0. 483.017 0. 0. -1. 0.
0.243 0.970 0. -205.080 0.970 -0.243 -0. 483.071 0. 0. -1. 0.
0.244 0.970 0. -205.106 0.970 -0.244 -0. 483.077 0. 0. -1. 0.
0.245 0.970 0. -205.074 0.970 -0.245 -0. 483.119 0. 0. -1. 0.
0.243 0.970 0. -205.050 0.970 -0.243 -0. 483.126 0. 0. -1. 0.
0.243 0.970 0. -205.048 0.970 -0.243 -0. 483.217 0. 0. -1. 0.
0.246 0.969 0. -205.001 0.969 -0.246 -0. 483.284 0. 0. -1. 0.
0.251 0.968 0. -204.962 0.968 -0.251 -0. 483.420 0. 0. -1. 0.
0.251 0.968 0. -204.932 0.968 -0.251 -0. 483.527 0. 0. -1. 0.
0.252 0.968 0. -204.926 0.968 -0.252 -0. 483.701 0. 0. -1. 0.
0.249 0.969 0. -204.828 0.969 -0.249 -0. 483.881 0. 0. -1. 0.
0.246 0.969 0. -204.758 0.969 -0.246 -0. 484.246 0. 0. -1. 0.
0.250 0.968 0. -204.669 0.968 -0.250 -0. 484.495 0. 0. -1. 0.
0.255 0.967 0. -204.483 0.967 -0.255 -0. 484.947 0. 0. -1. 0.
0.258 0.966 0. -204.373 0.966 -0.258 -0. 485.473 0. 0. -1. 0.
0.258 0.966 0. -204.255 0.966 -0.258 -0. 486.039 0. 0. -1. 0.
0.255 0.967 0. -204.038 0.967 -0.255 -0. 486.702 0. 0. -1. 0.
0.257 0.967 0. -203.817 0.967 -0.257 -0. 487.461 0. 0. -1. 0.
0.258 0.966 0. -203.637 0.966 -0.258 -0. 488.264 0. 0. -1. 0.
0.257 0.967 0. -203.402 0.967 -0.257 -0. 489.130 0. 0. -1. 0.
0.260 0.966 0. -203.020 0.966 -0.260 -0. 490.065 0. 0. -1. 0.
0.263 0.965 0. -202.814 0.965 -0.263 -0. 490.976 0. 0. -1. 0.
0.263 0.965 0. -202.536 0.965 -0.263 -0. 492.073 0. 0. -1. 0.
0.259 0.966 0. -202.090 0.966 -0.259 -0. 493.056 0. 0. -1. 0.
0.257 0.966 0. -201.881 0.966 -0.257 -0. 494.286 0. 0. -1. 0.
0.258 0.966 0. -201.491 0.966 -0.258 -0. 495.465 0. 0. -1. 0.
0.255 0.967 0. -201.115 0.967 -0.255 -0. 496.709 0. 0. -1. 0.
0.264 0.964 0. -200.803 0.964 -0.264 -0. 498.011 0. 0. -1. 0.
0.257 0.966 0. -200.363 0.966 -0.257 -0. 499.341 0. 0. -1. 0.
0.259 0.966 0. -200.002 0.966 -0.259 -0. 500.811 0. 0. -1. 0.
0.258 0.966 0. -199.579 0.966 -0.258 -0. 502.311 0. 0. -1. 0.
0.261 0.965 0. -199.126 0.965 -0.261 -0. 503.913 0. 0. -1. 0.
0.264 0.964 0. -198.693 0.964 -0.264 -0. 505.522 0. 0. -1. 0.
0.261 0.965 0. -198.253 0.965 -0.261 -0. 507.163 0. 0. -1. 0.
0.256 0.967 0. -197.709 0.967 -0.256 -0. 508.927 0. 0. -1. 0.
0.258 0.966 0. -197.172 0.966 -0.258 -0. 510.716 0. 0. -1. 0.
0.261 0.965 0. -196.737 0.965 -0.261 -0. 512.448 0. 0. -1. 0.
0.256 0.967 0. -196.174 0.967 -0.256 -0. 514.284 0. 0. -1. 0.
0.253 0.967 0. -195.678 0.967 -0.253 -0. 516.241 0. 0. -1. 0.
0.256 0.967 0. -195.057 0.967 -0.256 -0. 518.274 0. 0. -1. 0.
0.254 0.967 0. -194.588 0.967 -0.254 -0. 520.188 0. 0. -1. 0.
0.258 0.966 0. -194.034 0.966 -0.258 -0. 522.290 0. 0. -1. 0.
0.255 0.967 0. -193.437 0.967 -0.255 -0. 524.288 0. 0. -1. 0.
0.250 0.968 0. -192.785 0.968 -0.250 -0. 526.555 0. 0. -1. 0.
0.251 0.968 0. -192.286 0.968 -0.251 -0. 528.777 0. 0. -1. 0.
0.256 0.967 0. -191.508 0.967 -0.256 -0. 530.907 0. 0. -1. 0.
0.253 0.967 0. -190.951 0.967 -0.253 -0. 533.060 0. 0. -1. 0.
0.259 0.966 0. -190.391 0.966 -0.259 -0. 535.368 0. 0. -1. 0.
0.269 0.963 0. -189.749 0.963 -0.269 -0. 537.542 0. 0. -1. 0.
0.274 0.962 0. -189.143 0.962 -0.274 -0. 539.835 0. 0. -1. 0.
0.280 0.960 0. -188.362 0.960 -0.280 -0. 542.150 0. 0. -1. 0.
0.275 0.962 0. -187.520 0.962 -0.275 -0. 544.381 0. 0. -1. 0.
0.268 0.963 0. -186.938 0.963 -0.268 -0. 546.837 0. 0. -1. 0.
0.272 0.962 0. -186.223 0.962 -0.272 -0. 549.187 0. 0. -1. 0.
0.274 0.962 0. -185.537 0.962 -0.274 -0. 551.677 0. 0. -1. 0.
0.276 0.961 0. -184.711 0.961 -0.276 -0. 554.148 0. 0. -1. 0.
0.268 0.963 0. -183.996 0.963 -0.268 -0. 556.629 0. 0. -1. 0.
0.265 0.964 0. -183.362 0.964 -0.265 -0. 559.126 0. 0. -1. 0.
0.262 0.965 0. -182.601 0.965 -0.262 -0. 561.707 0. 0. -1. 0.
0.255 0.967 0. -181.835 0.967 -0.255 -0. 564.245 0. 0. -1. 0.
0.247 0.969 0. -181.181 0.969 -0.247 -0. 566.830 0. 0. -1. 0.
0.243 0.970 0. -180.318 0.970 -0.243 -0. 569.563 0. 0. -1. 0.
0.240 0.971 0. -179.680 0.971 -0.240 -0. 572.114 0. 0. -1. 0.
0.235 0.972 0. -179.011 0.972 -0.235 -0. 574.778 0. 0. -1. 0.
0.225 0.974 0. -178.192 0.974 -0.225 -0. 577.534 0. 0. -1. 0.
0.219 0.976 0. -177.513 0.976 -0.219 -0. 580.349 0. 0. -1. 0.
0.211 0.977 0. -176.903 0.977 -0.211 -0. 582.984 0. 0. -1. 0.
0.208 0.978 0. -176.332 0.978 -0.208 -0. 585.808 0. 0. -1. 0.
0.206 0.979 0. -175.669 0.979 -0.206 -0. 588.583 0. 0. -1. 0.
0.203 0.979 0. -174.988 0.979 -0.203 -0. 591.443 0. 0. -1. 0.
0.199 0.980 0. -174.252 0.980 -0.199 -0. 594.393 0. 0. -1. 0.
0.194 0.981 0. -173.693 0.981 -0.194 -0. 597.296 0. 0. -1. 0.
0.189 0.982 0. -173.246 0.982 -0.189 -0. 600.115 0. 0. -1. 0.
0.183 0.983 0. -172.697 0.983 -0.183 -0. 602.994 0. 0. -1. 0.
0.173 0.985 0. -172.109 0.985 -0.173 -0. 605.923 0. 0. -1. 0.
0.166 0.986 0. -171.584 0.986 -0.166 -0. 608.887 0. 0. -1. 0.
0.160 0.987 0. -171.077 0.987 -0.160 -0. 611.784 0. 0. -1. 0.
0.152 0.988 0. -170.568 0.988 -0.152 -0. 614.655 0. 0. -1. 0.
0.147 0.989 0. -170.016 0.989 -0.147 -0. 617.506 0. 0. -1. 0.
0.144 0.990 0. -169.631 0.990 -0.144 -0. 620.417 0. 0. -1. 0.
0.144 0.990 0. -169.042 0.990 -0.144 -0. 623.254 0. 0. -1. 0.
0.142 0.990 0. -168.662 0.990 -0.142 -0. 625.996 0. 0. -1. 0.
0.141 0.990 0. -168.341 0.990 -0.141 -0. 628.547 0. 0. -1. 0.
0.137 0.991 0. -167.857 0.991 -0.137 -0. 631.190 0. 0. -1. 0.
0.125 0.992 0. -167.461 0.992 -0.125 -0. 633.659 0. 0. -1. 0.
0.127 0.992 0. -167.186 0.992 -0.127 -0. 636.266 0. 0. -1. 0.
0.126 0.992 0. -166.822 0.992 -0.126 -0. 638.489 0. 0. -1. 0.
0.115 0.993 0. -166.392 0.993 -0.115 -0. 640.728 0. 0. -1. 0.
