1618527348747220 1.00000 0.00000 0.00000 -0.00000 0.00000 -1.00000 0.00000 0.00000 0.00000 -0.00000 -1.00000 0.00000
1618527348997225 1.00000 -0.00316 0.00000 -0.02643 -0.00316 -1.00000 0.00000 0.05610 -0.00000 -0.00000 -1.00000 0.00000
1618527349246603 1.00000 -0.00211 0.00000 -0.00604 -0.00211 -1.00000 0.00000 0.02320 -0.00000 -0.00000 -1.00000 0.00000
1618527349496609 1.00000 0.00223 0.00000 -0.00450 0.00223 -1.00000 0.00000 -0.01845 0.00000 -0.00000 -1.00000 -0.00000
1618527349746612 1.00000 0.00000 0.00000 -0.00977 0.00000 -1.00000 0.00000 -0.04123 0.00000 -0.00000 -1.00000 -0.00000
1618527349996613 1.00000 0.00144 -0.00000 -0.00258 0.00144 -1.00000 0.00000 -0.01535 0.00000 -0.00000 -1.00000 -0.00000
1618527350247243 1.00000 -0.00124 0.00000 -0.00519 -0.00124 -1.00000 0.00000 -0.02873 -0.00000 -0.00000 -1.00000 -0.00000
1618527350497874 1.00000 -0.00002 0.00000 0.00873 -0.00002 -1.00000 0.00000 -0.00861 -0.00000 -0.00000 -1.00000 -0.00000
1618527350747876 1.00000 0.00125 0.00000 -0.00917 0.00125 -1.00000 0.00000 0.01369 0.00000 -0.00000 -1.00000 0.00000
1618527350997881 1.00000 0.00155 0.00000 -0.00768 0.00155 -1.00000 0.00000 -0.00154 0.00000 -0.00000 -1.00000 -0.00000
1618527351247880 1.00000 -0.00284 0.00000 -0.02194 -0.00284 -1.00000 0.00000 0.01191 -0.00000 -0.00000 -1.00000 0.00000
1618527351497889 0.99998 -0.00667 0.00000 -0.01309 -0.00667 -0.99998 0.00000 -0.00110 -0.00000 -0.00000 -1.00000 -0.00000
1618527351747262 1.00000 -0.00246 0.00000 -0.01527 -0.00246 -1.00000 0.00000 0.01468 -0.00000 -0.00000 -1.00000 0.00000
1618527351997267 0.99998 -0.00592 -0.00000 -0.02508 -0.00592 -0.99998 0.00000 -0.00546 -0.00000 -0.00000 -1.00000 -0.00000
1618527352246643 1.00000 0.00137 0.00000 -0.01859 0.00137 -1.00000 0.00000 -0.00516 0.00000 -0.00000 -1.00000 -0.00000
1618527352496645 0.99998 -0.00632 0.00000 -0.06402 -0.00632 -0.99998 0.00000 0.00192 -0.00000 -0.00000 -1.00000 0.00000
1618527352746026 1.00000 -0.00278 0.00000 -0.11218 -0.00278 -1.00000 0.00000 -0.04964 -0.00000 -0.00000 -1.00000 -0.00000
1618527352996654 0.99991 -0.01323 0.00000 -0.19625 -0.01323 -0.99991 0.00000 0.01766 -0.00000 -0.00000 -1.00000 0.00000
1618527353246654 0.99985 -0.01739 0.00000 -0.33222 -0.01739 -0.99985 0.00000 -0.01402 -0.00000 -0.00000 -1.00000 -0.00000
1618527353497904 0.99942 -0.03411 -0.00000 -0.61537 -0.03411 -0.99942 0.00000 0.02066 -0.00000 -0.00000 -1.00000 0.00000
1618527353748538 0.99833 -0.05771 -0.00000 -0.98138 -0.05771 -0.99833 0.00000 -0.05661 -0.00000 -0.00000 -1.00000 -0.00000
1618527353998544 0.99610 -0.08825 0.00000 -1.44395 -0.08825 -0.99610 0.00000 -0.00374 -0.00000 -0.00000 -1.00000 -0.00000
1618527354248545 0.99287 -0.11920 -0.00000 -1.96917 -0.11920 -0.99287 0.00000 0.01569 -0.00000 -0.00000 -1.00000 0.00000
1618527354498552 0.99010 -0.14034 0.00000 -2.63298 -0.14034 -0.99010 0.00000 -0.02703 -0.00000 -0.00000 -1.00000 -0.00000
1618527354747303 0.98824 -0.15290 0.00000 -3.44821 -0.15290 -0.98824 0.00000 0.04531 -0.00000 -0.00000 -1.00000 0.00000
1618527354997306 0.98765 -0.15666 0.00000 -4.39461 -0.15666 -0.98765 0.00000 -0.08517 -0.00000 -0.00000 -1.00000 -0.00000
1618527355247308 0.98580 -0.16794 -0.00000 -5.37132 -0.16794 -0.98580 0.00000 0.05327 -0.00000 -0.00000 -1.00000 0.00000
1618527355497311 0.98539 -0.17030 0.00000 -6.32432 -0.17030 -0.98539 0.00000 0.08759 -0.00000 -0.00000 -1.00000 0.00000
1618527355747319 0.98434 -0.17626 0.00000 -7.46639 -0.17626 -0.98434 0.00000 0.26620 -0.00000 -0.00000 -1.00000 0.00000
1618527355996696 0.98431 -0.17647 0.00000 -8.60523 -0.17647 -0.98431 0.00000 0.17887 -0.00000 -0.00000 -1.00000 0.00000
1618527356246695 0.98434 -0.17631 0.00000 -9.81136 -0.17631 -0.98434 0.00000 0.11532 -0.00000 -0.00000 -1.00000 0.00000
1618527356496701 0.98422 -0.17695 0.00000 -11.01501 -0.17695 -0.98422 0.00000 0.11323 -0.00000 -0.00000 -1.00000 0.00000
1618527356747329 0.98366 -0.18004 0.00000 -12.30654 -0.18004 -0.98366 0.00000 0.19991 -0.00000 -0.00000 -1.00000 0.00000
1618527356997328 0.98446 -0.17561 0.00000 -13.60331 -0.17561 -0.98446 0.00000 0.03969 -0.00000 -0.00000 -1.00000 0.00000
1618527357247335 0.98655 -0.16347 0.00000 -15.02318 -0.16347 -0.98655 0.00000 -0.10571 -0.00000 -0.00000 -1.00000 -0.00000
1618527357497340 0.99024 -0.13939 0.00000 -16.55174 -0.13939 -0.99024 0.00000 -0.49068 -0.00000 -0.00000 -1.00000 -0.00000
1618527357747342 0.99059 -0.13689 0.00000 -18.00438 -0.13689 -0.99059 0.00000 -0.55249 -0.00000 -0.00000 -1.00000 -0.00000
1618527357996718 0.99179 -0.12787 0.00000 -19.51055 -0.12787 -0.99179 0.00000 -0.71709 -0.00000 -0.00000 -1.00000 -0.00000
1618527358246720 0.99224 -0.12435 0.00000 -21.09191 -0.12435 -0.99224 0.00000 -0.80217 -0.00000 -0.00000 -1.00000 -0.00000
1618527358496730 0.99334 -0.11519 0.00000 -22.73785 -0.11519 -0.99334 0.00000 -1.02977 -0.00000 -0.00000 -1.00000 -0.00000
1618527358746732 0.99389 -0.11039 0.00000 -24.41213 -0.11039 -0.99389 0.00000 -1.23545 -0.00000 -0.00000 -1.00000 -0.00000
1618527358997361 0.99469 -0.10296 0.00000 -26.08254 -0.10296 -0.99469 0.00000 -1.41441 -0.00000 -0.00000 -1.00000 -0.00000
1618527359247982 0.99631 -0.08582 0.00000 -27.79561 -0.08582 -0.99631 0.00000 -1.92746 -0.00000 -0.00000 -1.00000 -0.00000
1618527359498610 0.99708 -0.07631 0.00000 -29.50243 -0.07631 -0.99708 0.00000 -2.19565 -0.00000 -0.00000 -1.00000 -0.00000
1618527359748620 0.99784 -0.06570 -0.00000 -31.20578 -0.06570 -0.99784 0.00000 -2.52384 -0.00000 -0.00000 -1.00000 -0.00000
1618527359999247 0.99830 -0.05831 0.00000 -32.89760 -0.05831 -0.99830 0.00000 -2.80031 -0.00000 -0.00000 -1.00000 -0.00000
1618527360249249 0.99881 -0.04879 0.00000 -34.60712 -0.04879 -0.99881 0.00000 -3.08641 -0.00000 -0.00000 -1.00000 -0.00000
1618527360498001 0.99967 -0.02561 0.00000 -36.22593 -0.02561 -0.99967 0.00000 -4.03511 -0.00000 -0.00000 -1.00000 -0.00000
1618527360748630 0.99980 -0.02005 0.00000 -37.98244 -0.02005 -0.99980 0.00000 -4.11599 -0.00000 -0.00000 -1.00000 -0.00000
1618527360998635 0.99977 -0.02153 0.00000 -39.68687 -0.02153 -0.99977 0.00000 -4.09599 -0.00000 -0.00000 -1.00000 -0.00000
1618527361248013 0.99989 -0.01510 0.00000 -41.37705 -0.01510 -0.99989 0.00000 -4.53702 -0.00000 -0.00000 -1.00000 -0.00000
1618527361498018 0.99999 -0.00510 0.00000 -43.10436 -0.00510 -0.99999 0.00000 -4.86075 -0.00000 -0.00000 -1.00000 -0.00000
1618527361748020 0.99999 -0.00382 0.00000 -44.92303 -0.00382 -0.99999 0.00000 -4.95619 -0.00000 -0.00000 -1.00000 -0.00000
1618527361997394 0.99999 -0.00412 0.00000 -46.72039 -0.00412 -0.99999 0.00000 -5.03526 -0.00000 -0.00000 -1.00000 -0.00000
1618527362248029 0.99992 -0.01242 0.00000 -48.56944 -0.01242 -0.99992 0.00000 -4.55373 -0.00000 -0.00000 -1.00000 -0.00000
1618527362497404 0.99996 -0.00945 0.00000 -50.45833 -0.00945 -0.99996 0.00000 -4.76225 -0.00000 -0.00000 -1.00000 -0.00000
1618527362747404 0.99997 -0.00827 0.00000 -52.35096 -0.00827 -0.99997 0.00000 -4.80856 -0.00000 -0.00000 -1.00000 -0.00000
1618527362997406 0.99994 -0.01065 0.00000 -54.24037 -0.01065 -0.99994 0.00000 -4.56491 -0.00000 -0.00000 -1.00000 -0.00000
1618527363247421 0.99997 -0.00743 -0.00000 -56.19118 -0.00743 -0.99997 0.00000 -4.96664 -0.00000 -0.00000 -1.00000 -0.00000
1618527363497419 1.00000 -0.00220 0.00000 -58.09247 -0.00220 -1.00000 0.00000 -5.35146 -0.00000 -0.00000 -1.00000 -0.00000
1618527363747457 1.00000 -0.00253 0.00000 -60.12386 -0.00253 -1.00000 0.00000 -5.26427 -0.00000 -0.00000 -1.00000 -0.00000
1618527363997423 0.99998 -0.00668 0.00000 -62.16221 -0.00668 -0.99998 0.00000 -5.06929 -0.00000 -0.00000 -1.00000 -0.00000
1618527364247426 0.99998 -0.00664 0.00000 -64.20288 -0.00664 -0.99998 0.00000 -5.14251 -0.00000 -0.00000 -1.00000 -0.00000
1618527364496809 0.99998 -0.00552 0.00000 -66.19120 -0.00552 -0.99998 0.00000 -5.30785 -0.00000 -0.00000 -1.00000 -0.00000
1618527364746810 0.99999 -0.00371 0.00000 -68.19069 -0.00371 -0.99999 0.00000 -5.39017 -0.00000 -0.00000 -1.00000 -0.00000
1618527364997437 0.99996 -0.00893 -0.00000 -70.23821 -0.00893 -0.99996 0.00000 -4.94836 -0.00000 -0.00000 -1.00000 -0.00000
1618527365247442 0.99999 -0.00419 0.00000 -72.19022 -0.00419 -0.99999 0.00000 -5.30066 -0.00000 -0.00000 -1.00000 -0.00000
1618527365497441 1.00000 -0.00284 0.00000 -74.18911 -0.00284 -1.00000 0.00000 -5.41368 -0.00000 -0.00000 -1.00000 -0.00000
1618527365747448 0.99996 -0.00871 0.00000 -76.15943 -0.00871 -0.99996 0.00000 -5.05022 -0.00000 -0.00000 -1.00000 -0.00000
1618527365997452 0.99997 -0.00835 0.00000 -78.15191 -0.00835 -0.99997 0.00000 -5.08037 -0.00000 -0.00000 -1.00000 -0.00000
1618527366247454 0.99973 -0.02312 0.00000 -80.18900 -0.02312 -0.99973 0.00000 -3.97096 -0.00000 -0.00000 -1.00000 -0.00000
1618527366497459 0.99929 -0.03779 0.00000 -82.16939 -0.03779 -0.99929 0.00000 -2.78095 -0.00000 -0.00000 -1.00000 -0.00000
1618527366747461 0.99760 -0.06918 0.00000 -84.16979 -0.06918 -0.99760 0.00000 -0.23765 -0.00000 -0.00000 -1.00000 -0.00000
1618527366997473 0.99506 -0.09925 0.00000 -85.96777 -0.09925 -0.99506 0.00000 2.28540 -0.00000 -0.00000 -1.00000 0.00000
1618527367246840 0.99195 -0.12660 0.00000 -87.76841 -0.12660 -0.99195 0.00000 4.68931 -0.00000 -0.00000 -1.00000 0.00000
1618527367497471 0.98634 -0.16474 0.00000 -89.34689 -0.16474 -0.98634 0.00000 8.04476 -0.00000 -0.00000 -1.00000 0.00000
1618527367747476 0.97612 -0.21725 0.00000 -90.59657 -0.21725 -0.97612 0.00000 12.77343 -0.00000 -0.00000 -1.00000 0.00000
1618527367997481 0.96438 -0.26451 0.00000 -91.65302 -0.26451 -0.96438 0.00000 17.20232 -0.00000 -0.00000 -1.00000 0.00000
1618527368247479 0.95268 -0.30397 0.00000 -92.65069 -0.30397 -0.95268 0.00000 20.91212 -0.00000 -0.00000 -1.00000 0.00000
1618527368497482 0.93635 -0.35108 0.00000 -93.28815 -0.35108 -0.93635 0.00000 25.49278 -0.00000 -0.00000 -1.00000 0.00000
1618527368747488 0.91588 -0.40146 0.00000 -93.49979 -0.40146 -0.91588 0.00000 30.51921 -0.00000 -0.00000 -1.00000 0.00000
1618527368997484 0.89269 -0.45067 -0.00000 -93.46806 -0.45067 -0.89269 0.00000 35.47514 -0.00000 -0.00000 -1.00000 0.00000
1618527369247497 0.86668 -0.49886 0.00000 -93.06937 -0.49886 -0.86668 0.00000 40.60775 -0.00000 -0.00000 -1.00000 0.00000
1618527369496874 0.83976 -0.54296 0.00000 -92.55160 -0.54296 -0.83976 0.00000 45.18907 -0.00000 -0.00000 -1.00000 0.00000
1618527369746874 0.80554 -0.59254 0.00000 -91.41344 -0.59254 -0.80554 0.00000 50.72961 -0.00000 -0.00000 -1.00000 0.00000
1618527369997503 0.76082 -0.64896 0.00000 -89.28077 -0.64896 -0.76082 0.00000 57.39101 -0.00000 -0.00000 -1.00000 0.00000
1618527370247504 0.71655 -0.69753 0.00000 -87.00496 -0.69753 -0.71655 0.00000 63.07248 -0.00000 -0.00000 -1.00000 0.00000
1618527370498136 0.66334 -0.74832 -0.00000 -83.75057 -0.74832 -0.66334 0.00000 69.29737 -0.00000 -0.00000 -1.00000 0.00000
1618527370748142 0.60953 -0.79276 0.00000 -80.41542 -0.79276 -0.60953 0.00000 75.05384 -0.00000 -0.00000 -1.00000 0.00000
1618527370997514 0.55800 -0.82984 0.00000 -77.18941 -0.82984 -0.55800 0.00000 79.71763 -0.00000 -0.00000 -1.00000 0.00000
1618527371247518 0.50653 -0.86222 -0.00000 -73.82698 -0.86222 -0.50653 0.00000 84.41231 -0.00000 -0.00000 -1.00000 0.00000
1618527371496896 0.45634 -0.88980 0.00000 -70.47811 -0.88980 -0.45634 0.00000 88.51610 -0.00000 -0.00000 -1.00000 0.00000
1618527371746280 0.42277 -0.90624 0.00000 -68.86767 -0.90624 -0.42277 0.00000 90.90280 -0.00000 -0.00000 -1.00000 0.00000
1618527371996907 0.38962 -0.92098 0.00000 -67.19234 -0.92098 -0.38962 0.00000 93.55865 -0.00000 -0.00000 -1.00000 0.00000
1618527372246907 0.36759 -0.92999 0.00000 -66.69776 -0.92999 -0.36759 0.00000 94.89007 -0.00000 -0.00000 -1.00000 0.00000
1618527372497535 0.34567 -0.93836 0.00000 -66.28616 -0.93836 -0.34567 0.00000 96.30374 -0.00000 -0.00000 -1.00000 0.00000
1618527372747535 0.33456 -0.94237 0.00000 -66.95163 -0.94237 -0.33456 0.00000 97.09076 -0.00000 -0.00000 -1.00000 0.00000
1618527372997545 0.33028 -0.94388 0.00000 -68.34038 -0.94388 -0.33028 0.00000 97.40279 -0.00000 -0.00000 -1.00000 0.00000
1618527373247545 0.32957 -0.94413 -0.00000 -70.09107 -0.94413 -0.32957 0.00000 97.62564 -0.00000 -0.00000 -1.00000 0.00000
1618527373497546 0.32868 -0.94444 0.00000 -71.86531 -0.94444 -0.32868 0.00000 97.72725 -0.00000 -0.00000 -1.00000 0.00000
1618527373746920 0.34360 -0.93912 0.00000 -75.24221 -0.93912 -0.34360 0.00000 96.26953 -0.00000 -0.00000 -1.00000 0.00000
1618527373997562 0.36029 -0.93284 0.00000 -78.98133 -0.93284 -0.36029 0.00000 95.14769 -0.00000 -0.00000 -1.00000 0.00000
1618527374247558 0.37185 -0.92829 0.00000 -82.06759 -0.92829 -0.37185 0.00000 94.11954 -0.00000 -0.00000 -1.00000 0.00000
1618527374497561 0.38435 -0.92319 0.00000 -85.23349 -0.92319 -0.38435 0.00000 92.92082 -0.00000 -0.00000 -1.00000 0.00000
1618527374747564 0.40655 -0.91363 0.00000 -89.35532 -0.91363 -0.40655 0.00000 90.71679 -0.00000 -0.00000 -1.00000 0.00000
1618527374997579 0.42324 -0.90602 -0.00000 -93.02095 -0.90602 -0.42324 0.00000 89.03985 -0.00000 -0.00000 -1.00000 0.00000
1618527375247570 0.43428 -0.90078 0.00000 -96.05381 -0.90078 -0.43428 0.00000 87.92293 -0.00000 -0.00000 -1.00000 0.00000
1618527375497575 0.45257 -0.89173 0.00000 -99.68916 -0.89173 -0.45257 0.00000 85.81038 -0.00000 -0.00000 -1.00000 0.00000
1618527375747576 0.46681 -0.88436 0.00000 -102.94459 -0.88436 -0.46681 0.00000 84.18059 -0.00000 -0.00000 -1.00000 0.00000
1618527375997581 0.47399 -0.88053 -0.00000 -105.52503 -0.88053 -0.47399 0.00000 83.25182 -0.00000 -0.00000 -1.00000 0.00000
1618527376247584 0.47590 -0.87950 0.00000 -107.50460 -0.87950 -0.47590 0.00000 82.93986 -0.00000 -0.00000 -1.00000 0.00000
1618527376496962 0.48424 -0.87494 0.00000 -110.08577 -0.87494 -0.48424 0.00000 81.92204 -0.00000 -0.00000 -1.00000 0.00000
1618527376746968 0.48842 -0.87261 0.00000 -112.39893 -0.87261 -0.48842 0.00000 81.39452 -0.00000 -0.00000 -1.00000 0.00000
1618527376997595 0.48754 -0.87310 0.00000 -114.13780 -0.87310 -0.48754 0.00000 81.54816 -0.00000 -0.00000 -1.00000 0.00000
1618527377247594 0.49517 -0.86880 0.00000 -116.46096 -0.86880 -0.49517 0.00000 80.38498 -0.00000 -0.00000 -1.00000 0.00000
1618527377497601 0.50114 -0.86536 0.00000 -118.92991 -0.86536 -0.50114 0.00000 79.73439 -0.00000 -0.00000 -1.00000 0.00000
1618527377747621 0.51267 -0.85858 0.00000 -121.73949 -0.85858 -0.51267 0.00000 78.11538 -0.00000 -0.00000 -1.00000 0.00000
1618527377997608 0.51897 -0.85479 0.00000 -124.00783 -0.85479 -0.51897 0.00000 77.15283 -0.00000 -0.00000 -1.00000 0.00000
1618527378247611 0.52240 -0.85270 0.00000 -126.06187 -0.85270 -0.52240 0.00000 76.72242 -0.00000 -0.00000 -1.00000 0.00000
1618527378496993 0.53438 -0.84524 0.00000 -128.78684 -0.84524 -0.53438 0.00000 74.83552 -0.00000 -0.00000 -1.00000 0.00000
1618527378746367 0.53716 -0.84348 0.00000 -130.70589 -0.84348 -0.53716 0.00000 74.47206 -0.00000 -0.00000 -1.00000 0.00000
1618527378996371 0.56342 -0.82617 0.00000 -134.49643 -0.82617 -0.56342 0.00000 70.15434 -0.00000 -0.00000 -1.00000 0.00000
1618527379246999 0.59195 -0.80597 0.00000 -138.55162 -0.80597 -0.59195 0.00000 65.59757 -0.00000 -0.00000 -1.00000 0.00000
1618527379497000 0.63982 -0.76853 0.00000 -143.78548 -0.76853 -0.63982 0.00000 56.97356 -0.00000 -0.00000 -1.00000 0.00000
1618527379747632 0.68879 -0.72496 0.00000 -148.76443 -0.72496 -0.68879 0.00000 47.33931 -0.00000 -0.00000 -1.00000 0.00000
1618527379998258 0.74377 -0.66844 0.00000 -153.39392 -0.66844 -0.74377 0.00000 35.57593 -0.00000 -0.00000 -1.00000 0.00000
1618527380248265 0.80352 -0.59528 0.00000 -157.34726 -0.59528 -0.80352 0.00000 20.92123 -0.00000 -0.00000 -1.00000 0.00000
1618527380498265 0.86361 -0.50416 0.00000 -159.89481 -0.50416 -0.86361 0.00000 3.60135 -0.00000 -0.00000 -1.00000 0.00000
1618527380748272 0.91474 -0.40404 0.00000 -160.42337 -0.40404 -0.91474 0.00000 -14.34170 -0.00000 -0.00000 -1.00000 -0.00000
1618527380997643 0.96100 -0.27655 0.00000 -157.88599 -0.27655 -0.96100 0.00000 -35.93746 -0.00000 -0.00000 -1.00000 -0.00000
1618527381247646 0.98919 -0.14665 -0.00000 -152.68804 -0.14665 -0.98919 0.00000 -56.50301 -0.00000 -0.00000 -1.00000 -0.00000
1618527381497030 0.99997 0.00741 0.00000 -143.01766 0.00741 -0.99997 0.00000 -79.39293 0.00000 -0.00000 -1.00000 -0.00000
1618527381747030 0.98490 0.17311 0.00000 -128.70029 0.17311 -0.98490 0.00000 -101.92452 0.00000 -0.00000 -1.00000 -0.00000
1618527381997037 0.94135 0.33742 0.00000 -110.41681 0.33742 -0.94135 0.00000 -122.24045 0.00000 -0.00000 -1.00000 -0.00000
1618527382247661 0.86567 0.50062 0.00000 -87.59030 0.50062 -0.86567 0.00000 -139.92395 0.00000 -0.00000 -1.00000 -0.00000
1618527382498289 0.75980 0.65016 0.00000 -61.35513 0.65016 -0.75980 0.00000 -153.51072 0.00000 -0.00000 -1.00000 -0.00000
1618527382748292 0.63002 0.77658 0.00000 -33.46498 0.77658 -0.63002 0.00000 -161.98169 0.00000 -0.00000 -1.00000 -0.00000
1618527382998306 0.48265 0.87581 0.00000 -5.02924 0.87581 -0.48265 0.00000 -165.30110 0.00000 -0.00000 -1.00000 -0.00000
1618527383248301 0.32294 0.94642 0.00000 23.03695 0.94642 -0.32294 0.00000 -163.59171 0.00000 -0.00000 -1.00000 -0.00000
1618527383497678 0.14544 0.98937 0.00000 51.67739 0.98937 -0.14544 0.00000 -156.63494 0.00000 -0.00000 -1.00000 -0.00000
1618527383747679 -0.03570 0.99936 0.00000 78.33246 0.99936 0.03570 0.00000 -144.67272 0.00000 0.00000 -1.00000 -0.00000
1618527383997692 -0.21754 0.97605 -0.00000 102.66488 0.97605 0.21754 0.00000 -127.87909 0.00000 0.00000 -1.00000 -0.00000
1618527384247692 -0.39834 0.91724 0.00000 124.10705 0.91724 0.39834 0.00000 -106.02221 0.00000 0.00000 -1.00000 -0.00000
1618527384497694 -0.55632 0.83097 0.00000 140.16811 0.83097 0.55632 0.00000 -82.06720 0.00000 0.00000 -1.00000 -0.00000
1618527384747695 -0.67957 0.73361 0.00000 150.37479 0.73361 0.67957 0.00000 -59.07979 0.00000 0.00000 -1.00000 -0.00000
1618527384997703 -0.76797 0.64049 0.00000 155.64652 0.64049 0.76797 0.00000 -39.33511 0.00000 0.00000 -1.00000 -0.00000
1618527385247704 -0.82595 0.56374 0.00000 157.62280 0.56374 0.82595 0.00000 -24.10746 0.00000 0.00000 -1.00000 -0.00000
1618527385497706 -0.86332 0.50466 0.00000 157.84154 0.50466 0.86332 0.00000 -12.92208 0.00000 0.00000 -1.00000 -0.00000
1618527385747706 -0.87766 0.47929 0.00000 156.95986 0.47929 0.87766 0.00000 -8.19283 0.00000 0.00000 -1.00000 -0.00000
1618527385997087 -0.88193 0.47139 0.00000 155.80308 0.47139 0.88193 0.00000 -7.02577 0.00000 0.00000 -1.00000 -0.00000
1618527386247095 -0.88109 0.47295 -0.00000 154.39448 0.47295 0.88109 0.00000 -7.17919 0.00000 0.00000 -1.00000 -0.00000
1618527386496470 -0.87413 0.48570 0.00000 153.05180 0.48570 0.87413 0.00000 -9.44386 0.00000 0.00000 -1.00000 -0.00000
1618527386746475 -0.86431 0.50296 0.00000 151.48240 0.50296 0.86431 0.00000 -12.55632 0.00000 0.00000 -1.00000 -0.00000
1618527386997726 -0.85057 0.52587 -0.00000 149.51887 0.52587 0.85057 0.00000 -16.61381 0.00000 0.00000 -1.00000 -0.00000
1618527387248352 -0.82722 0.56187 0.00000 147.25122 0.56187 0.82722 0.00000 -23.01115 0.00000 0.00000 -1.00000 -0.00000
1618527387498359 -0.80064 0.59914 0.00000 144.50670 0.59914 0.80064 0.00000 -29.81353 0.00000 0.00000 -1.00000 -0.00000
1618527387747737 -0.77733 0.62910 0.00000 141.70585 0.62910 0.77733 0.00000 -35.32004 0.00000 0.00000 -1.00000 -0.00000
1618527387997742 -0.74597 0.66598 0.00000 138.08089 0.66598 0.74597 0.00000 -42.12831 0.00000 0.00000 -1.00000 -0.00000
1618527388247121 -0.71423 0.69992 0.00000 134.25570 0.69992 0.71423 0.00000 -48.55062 0.00000 0.00000 -1.00000 -0.00000
1618527388497117 -0.67521 0.73763 0.00000 129.65384 0.73763 0.67521 0.00000 -55.81325 0.00000 0.00000 -1.00000 -0.00000
1618527388747127 -0.64161 0.76703 0.00000 125.25189 0.76703 0.64161 0.00000 -61.50343 0.00000 0.00000 -1.00000 -0.00000
1618527388997127 -0.61068 0.79188 -0.00000 120.72327 0.79188 0.61068 0.00000 -66.46708 0.00000 0.00000 -1.00000 -0.00000
1618527389247759 -0.57912 0.81524 0.00000 116.09365 0.81524 0.57912 0.00000 -71.29131 0.00000 0.00000 -1.00000 -0.00000
1618527389498379 -0.54746 0.83683 0.00000 111.28319 0.83683 0.54746 0.00000 -75.53465 0.00000 0.00000 -1.00000 -0.00000
1618527389748383 -0.51777 0.85552 -0.00000 106.61095 0.85552 0.51777 0.00000 -79.48365 0.00000 0.00000 -1.00000 -0.00000
1618527389998389 -0.48278 0.87574 -0.00000 101.32970 0.87574 0.48278 0.00000 -83.70422 0.00000 0.00000 -1.00000 -0.00000
1618527390247773 -0.45219 0.89192 0.00000 96.34971 0.89192 0.45219 0.00000 -87.20063 0.00000 0.00000 -1.00000 -0.00000
1618527390497148 -0.42913 0.90324 0.00000 92.07508 0.90324 0.42913 0.00000 -89.65707 0.00000 0.00000 -1.00000 -0.00000
1618527390747152 -0.39692 0.91785 0.00000 86.79590 0.91785 0.39692 0.00000 -92.86127 0.00000 0.00000 -1.00000 -0.00000
1618527390997164 -0.36915 0.92937 0.00000 81.87080 0.92937 0.36915 0.00000 -95.47714 0.00000 0.00000 -1.00000 -0.00000
1618527391247158 -0.35023 0.93666 0.00000 77.90534 0.93666 0.35023 0.00000 -97.26182 0.00000 0.00000 -1.00000 -0.00000
1618527391497785 -0.33124 0.94355 0.00000 73.78016 0.94355 0.33124 0.00000 -98.65880 0.00000 0.00000 -1.00000 -0.00000
1618527391748409 -0.31580 0.94882 0.00000 70.02605 0.94882 0.31580 0.00000 -99.73271 0.00000 0.00000 -1.00000 -0.00000
1618527391998415 -0.31395 0.94944 0.00000 67.80324 0.94944 0.31395 0.00000 -99.96515 0.00000 0.00000 -1.00000 -0.00000
1618527392248420 -0.32340 0.94626 0.00000 66.70564 0.94626 0.32340 0.00000 -99.39356 0.00000 0.00000 -1.00000 -0.00000
1618527392498434 -0.33256 0.94308 0.00000 65.52564 0.94308 0.33256 0.00000 -98.73771 0.00000 0.00000 -1.00000 -0.00000
1618527392748424 -0.35150 0.93619 -0.00000 65.45658 0.93619 0.35150 0.00000 -97.26619 0.00000 0.00000 -1.00000 -0.00000
1618527392997807 -0.38543 0.92274 0.00000 66.99821 0.92274 0.38543 0.00000 -95.05922 0.00000 0.00000 -1.00000 -0.00000
1618527393247811 -0.42431 0.90552 0.00000 68.99369 0.90552 0.42431 0.00000 -92.19418 0.00000 0.00000 -1.00000 -0.00000
1618527393497812 -0.46873 0.88334 0.00000 71.46472 0.88334 0.46873 0.00000 -88.69637 0.00000 0.00000 -1.00000 -0.00000
1618527393747813 -0.51637 0.85636 0.00000 74.27658 0.85636 0.51637 0.00000 -84.64419 0.00000 0.00000 -1.00000 -0.00000
1618527393997819 -0.57152 0.82059 0.00000 77.83690 0.82059 0.57152 0.00000 -79.80613 0.00000 0.00000 -1.00000 -0.00000
1618527394247198 -0.62897 0.77743 0.00000 81.51127 0.77743 0.62897 0.00000 -74.21622 0.00000 0.00000 -1.00000 -0.00000
1618527394497828 -0.67579 0.73709 0.00000 83.90680 0.73709 0.67579 0.00000 -68.90923 0.00000 0.00000 -1.00000 -0.00000
1618527394747823 -0.72145 0.69247 0.00000 86.31395 0.69247 0.72145 0.00000 -63.58602 0.00000 0.00000 -1.00000 -0.00000
1618527394997832 -0.76298 0.64643 0.00000 88.21818 0.64643 0.76298 0.00000 -58.16840 0.00000 0.00000 -1.00000 -0.00000
1618527395247837 -0.79579 0.60558 0.00000 89.32648 0.60558 0.79579 0.00000 -53.38166 0.00000 0.00000 -1.00000 -0.00000
1618527395498467 -0.83486 0.55046 0.00000 90.99340 0.55046 0.83486 0.00000 -47.35584 0.00000 0.00000 -1.00000 -0.00000
1618527395747876 -0.86662 0.49898 0.00000 91.82102 0.49898 0.86662 0.00000 -41.83413 0.00000 0.00000 -1.00000 -0.00000
1618527395997848 -0.89516 0.44574 0.00000 92.33208 0.44574 0.89516 0.00000 -36.20876 0.00000 0.00000 -1.00000 -0.00000
1618527396247848 -0.91949 0.39310 0.00000 92.43930 0.39310 0.91949 0.00000 -30.81721 0.00000 0.00000 -1.00000 -0.00000
1618527396497853 -0.94161 0.33672 0.00000 92.29042 0.33672 0.94161 0.00000 -25.26562 0.00000 0.00000 -1.00000 -0.00000
1618527396747858 -0.96013 0.27956 0.00000 91.72815 0.27956 0.96013 0.00000 -19.63997 0.00000 0.00000 -1.00000 -0.00000
1618527396997858 -0.97347 0.22882 0.00000 90.79187 0.22882 0.97347 0.00000 -14.85246 0.00000 0.00000 -1.00000 -0.00000
1618527397247859 -0.98283 0.18454 0.00000 89.46101 0.18454 0.98283 0.00000 -10.68695 0.00000 0.00000 -1.00000 -0.00000
1618527397498493 -0.98959 0.14393 0.00000 87.81852 0.14393 0.98959 0.00000 -6.96672 0.00000 0.00000 -1.00000 -0.00000
1618527397747873 -0.99481 0.10171 0.00000 86.12989 0.10171 0.99481 0.00000 -3.25557 0.00000 0.00000 -1.00000 -0.00000
1618527397997875 -0.99781 0.06620 -0.00000 84.15019 0.06620 0.99781 0.00000 -0.30985 0.00000 0.00000 -1.00000 -0.00000
1618527398247876 -0.99882 0.04863 0.00000 82.12898 0.04863 0.99882 0.00000 1.27052 0.00000 0.00000 -1.00000 0.00000
1618527398497878 -0.99933 0.03652 0.00000 80.08239 0.03652 0.99933 0.00000 2.24946 0.00000 0.00000 -1.00000 0.00000
1618527398747260 -0.99962 0.02755 -0.00000 77.93728 0.02755 0.99962 0.00000 2.95756 0.00000 0.00000 -1.00000 0.00000
1618527398997273 -0.99987 0.01596 0.00000 75.80656 0.01596 0.99987 0.00000 3.82431 0.00000 0.00000 -1.00000 0.00000
1618527399247265 -0.99998 0.00621 0.00000 73.64115 0.00621 0.99998 0.00000 4.49995 0.00000 0.00000 -1.00000 0.00000
1618527399497895 -0.99998 0.00636 0.00000 71.39739 0.00636 0.99998 0.00000 4.48434 0.00000 0.00000 -1.00000 0.00000
1618527399747899 -1.00000 -0.00048 0.00000 69.17593 -0.00048 1.00000 0.00000 5.03053 -0.00000 0.00000 -1.00000 0.00000
1618527399997904 -1.00000 -0.00080 0.00000 66.92112 -0.00080 1.00000 0.00000 5.10772 -0.00000 0.00000 -1.00000 0.00000
1618527400247898 -0.99998 0.00631 -0.00000 64.70800 0.00631 0.99998 0.00000 4.59890 0.00000 0.00000 -1.00000 0.00000
1618527400497905 -0.99998 0.00706 0.00000 62.45974 0.00706 0.99998 0.00000 4.46237 0.00000 0.00000 -1.00000 0.00000
1618527400747281 -1.00000 0.00035 0.00000 60.13844 0.00035 1.00000 0.00000 4.68415 0.00000 0.00000 -1.00000 0.00000
1618527400997910 -1.00000 -0.00147 0.00000 57.79419 -0.00147 1.00000 0.00000 4.85981 -0.00000 0.00000 -1.00000 0.00000
1618527401247914 -0.99990 -0.01445 0.00000 55.48017 -0.01445 0.99990 0.00000 5.55074 -0.00000 0.00000 -1.00000 0.00000
1618527401498544 -0.99977 -0.02154 0.00000 53.16573 -0.02154 0.99977 0.00000 5.87786 -0.00000 0.00000 -1.00000 0.00000
1618527401748552 -0.99975 -0.02238 0.00000 50.94616 -0.02238 0.99975 0.00000 5.94856 -0.00000 0.00000 -1.00000 0.00000
1618527401998547 -0.99972 -0.02380 0.00000 48.71307 -0.02380 0.99972 0.00000 5.91646 -0.00000 0.00000 -1.00000 0.00000
1618527402248552 -0.99979 -0.02054 -0.00000 46.50669 -0.02054 0.99979 0.00000 5.74027 -0.00000 0.00000 -1.00000 0.00000
1618527402498555 -1.00000 0.00051 0.00000 44.55959 0.00051 1.00000 0.00000 4.84193 0.00000 0.00000 -1.00000 0.00000
1618527402749186 -0.99966 0.02599 0.00000 42.41649 0.02599 0.99966 0.00000 3.65526 0.00000 0.00000 -1.00000 0.00000
1618527402998564 -0.99904 0.04389 0.00000 40.38838 0.04389 0.99904 0.00000 2.95222 0.00000 0.00000 -1.00000 0.00000
1618527403247941 -0.99801 0.06308 0.00000 38.30404 0.06308 0.99801 0.00000 2.06044 0.00000 0.00000 -1.00000 0.00000
1618527403497942 -0.99664 0.08192 0.00000 36.18123 0.08192 0.99664 0.00000 1.29692 0.00000 0.00000 -1.00000 0.00000
1618527403747955 -0.99501 0.09975 -0.00000 34.07359 0.09975 0.99501 0.00000 0.66015 0.00000 0.00000 -1.00000 0.00000
1618527403997324 -0.99492 0.10069 -0.00000 31.86046 0.10069 0.99492 0.00000 0.40085 0.00000 0.00000 -1.00000 0.00000
1618527404247328 -0.99381 0.11113 0.00000 29.68109 0.11113 0.99381 0.00000 0.21427 0.00000 0.00000 -1.00000 0.00000
1618527404497332 -0.99387 0.11057 0.00000 27.43495 0.11057 0.99387 0.00000 0.13488 0.00000 0.00000 -1.00000 0.00000
1618527404747963 -0.99311 0.11716 0.00000 25.13977 0.11716 0.99311 0.00000 -0.07367 0.00000 0.00000 -1.00000 -0.00000
1618527404998593 -0.99251 0.12219 0.00000 22.84648 0.12219 0.99251 0.00000 -0.33757 0.00000 0.00000 -1.00000 -0.00000
1618527405249217 -0.99238 0.12322 -0.00000 20.51233 0.12322 0.99238 0.00000 -0.25030 0.00000 0.00000 -1.00000 -0.00000
1618527405498596 -0.99246 0.12259 0.00000 18.20119 0.12259 0.99246 0.00000 -0.23557 0.00000 0.00000 -1.00000 -0.00000
1618527405748603 -0.99309 0.11737 0.00000 15.84553 0.11737 0.99309 0.00000 -0.23227 0.00000 0.00000 -1.00000 -0.00000
1618527405998605 -0.99218 0.12483 0.00000 13.44451 0.12483 0.99218 0.00000 -0.31109 0.00000 0.00000 -1.00000 -0.00000
1618527406247355 -0.99353 0.11355 -0.00000 11.12291 0.11355 0.99353 0.00000 -0.32382 0.00000 0.00000 -1.00000 -0.00000
1618527406497363 -0.99326 0.11594 0.00000 8.71807 0.11594 0.99326 0.00000 -0.36281 0.00000 0.00000 -1.00000 -0.00000
1618527406747989 -0.99256 0.12178 -0.00000 6.28672 0.12178 0.99256 0.00000 -0.39185 0.00000 0.00000 -1.00000 -0.00000
1618527406997375 -0.99384 0.11081 0.00000 4.02510 0.11081 0.99384 0.00000 -0.44249 0.00000 0.00000 -1.00000 -0.00000
1618527407247371 -0.99394 0.10997 -0.00000 1.59738 0.10997 0.99394 0.00000 -0.39188 0.00000 0.00000 -1.00000 -0.00000
1618527407497371 -0.99455 0.10428 0.00000 -0.76428 0.10428 0.99455 0.00000 -0.49522 0.00000 0.00000 -1.00000 -0.00000
1618527407747999 -0.99428 0.10685 0.00000 -3.04176 0.10685 0.99428 0.00000 -0.59982 0.00000 0.00000 -1.00000 -0.00000
1618527407998629 -0.99477 0.10218 0.00000 -5.43614 0.10218 0.99477 0.00000 -0.68547 0.00000 0.00000 -1.00000 -0.00000
1618527408249260 -0.99540 0.09581 -0.00000 -7.69184 0.09581 0.99540 0.00000 -0.65410 0.00000 0.00000 -1.00000 -0.00000
1618527408499885 -0.99501 0.09976 0.00000 -9.98737 0.09976 0.99501 0.00000 -0.71835 0.00000 0.00000 -1.00000 -0.00000
1618527408749264 -0.99625 0.08648 -0.00000 -12.19785 0.08648 0.99625 0.00000 -0.73898 0.00000 0.00000 -1.00000 -0.00000
1618527408999267 -0.99641 0.08462 0.00000 -14.44253 0.08462 0.99641 0.00000 -0.76847 0.00000 0.00000 -1.00000 -0.00000
1618527409248645 -0.99684 0.07949 0.00000 -16.61028 0.07949 0.99684 0.00000 -0.97686 0.00000 0.00000 -1.00000 -0.00000
1618527409498025 -0.99766 0.06832 -0.00000 -18.87738 0.06832 0.99766 0.00000 -1.27062 0.00000 0.00000 -1.00000 -0.00000
1618527409748029 -0.99760 0.06931 0.00000 -21.07037 0.06931 0.99760 0.00000 -1.32068 0.00000 0.00000 -1.00000 -0.00000
1618527409998027 -0.99780 0.06632 0.00000 -23.24016 0.06632 0.99780 0.00000 -1.33167 0.00000 0.00000 -1.00000 -0.00000
1618527410247409 -0.99842 0.05620 0.00000 -25.39854 0.05620 0.99842 0.00000 -1.67813 0.00000 0.00000 -1.00000 -0.00000
1618527410498035 -0.99795 0.06393 0.00000 -27.57011 0.06393 0.99795 0.00000 -1.44777 0.00000 0.00000 -1.00000 -0.00000
1618527410747420 -0.99829 0.05850 0.00000 -29.58858 0.05850 0.99829 0.00000 -1.64155 0.00000 0.00000 -1.00000 -0.00000
1618527410997421 -0.99868 0.05135 0.00000 -31.68555 0.05135 0.99868 0.00000 -1.81761 0.00000 0.00000 -1.00000 -0.00000
1618527411248044 -0.99873 0.05048 0.00000 -33.83609 0.05048 0.99873 0.00000 -1.70455 0.00000 0.00000 -1.00000 -0.00000
1618527411498671 -0.99875 0.04997 0.00000 -35.87838 0.04997 0.99875 0.00000 -1.69370 0.00000 0.00000 -1.00000 -0.00000
1618527411749306 -0.99878 0.04929 0.00000 -38.02632 0.04929 0.99878 0.00000 -1.70076 0.00000 0.00000 -1.00000 -0.00000
1618527411999303 -0.99887 0.04751 0.00000 -40.05124 0.04751 0.99887 0.00000 -1.91114 0.00000 0.00000 -1.00000 -0.00000
1618527412249313 -0.99859 0.05314 0.00000 -42.05201 0.05314 0.99859 0.00000 -1.72378 0.00000 0.00000 -1.00000 -0.00000
1618527412499315 -0.99851 0.05450 0.00000 -43.97423 0.05450 0.99851 0.00000 -1.74595 0.00000 0.00000 -1.00000 -0.00000
1618527412748692 -0.99871 0.05082 0.00000 -45.87605 0.05082 0.99871 0.00000 -1.92832 0.00000 0.00000 -1.00000 -0.00000
1618527412998073 -0.99863 0.05236 0.00000 -47.63473 0.05236 0.99863 0.00000 -1.92601 0.00000 0.00000 -1.00000 -0.00000
1618527413247448 -0.99870 0.05098 0.00000 -49.30539 0.05098 0.99870 0.00000 -2.03286 0.00000 0.00000 -1.00000 -0.00000
1618527413497452 -0.99854 0.05395 -0.00000 -51.05423 0.05395 0.99854 0.00000 -1.84643 0.00000 0.00000 -1.00000 -0.00000
1618527413748080 -0.99768 0.06813 0.00000 -52.70640 0.06813 0.99768 0.00000 -1.08993 0.00000 0.00000 -1.00000 -0.00000
1618527413998087 -0.99728 0.07367 0.00000 -54.22935 0.07367 0.99728 0.00000 -0.78826 0.00000 0.00000 -1.00000 -0.00000
1618527414248087 -0.99629 0.08608 -0.00000 -55.73263 0.08608 0.99629 0.00000 -0.13857 0.00000 0.00000 -1.00000 -0.00000
1618527414497467 -0.99494 0.10050 0.00000 -57.07066 0.10050 0.99494 0.00000 0.52706 0.00000 0.00000 -1.00000 0.00000
1618527414747464 -0.99169 0.12867 0.00000 -58.25695 0.12867 0.99169 0.00000 2.20881 0.00000 0.00000 -1.00000 0.00000
1618527414997482 -0.98796 0.15470 0.00000 -59.42882 0.15470 0.98796 0.00000 3.66507 0.00000 0.00000 -1.00000 0.00000
1618527415248095 -0.97828 0.20730 -0.00000 -60.30282 0.20730 0.97828 0.00000 6.82506 0.00000 0.00000 -1.00000 0.00000
1618527415498101 -0.96887 0.24758 0.00000 -61.01096 0.24758 0.96887 0.00000 9.42815 0.00000 0.00000 -1.00000 0.00000
1618527415748109 -0.95329 0.30207 0.00000 -61.40191 0.30207 0.95329 0.00000 12.62910 0.00000 0.00000 -1.00000 0.00000
1618527415998112 -0.92985 0.36794 0.00000 -61.36418 0.36794 0.92985 0.00000 16.94880 0.00000 0.00000 -1.00000 0.00000
1618527416248107 -0.89631 0.44342 -0.00000 -60.83202 0.44342 0.89631 0.00000 21.97981 0.00000 0.00000 -1.00000 0.00000
1618527416498116 -0.85295 0.52199 -0.00000 -59.54852 0.52199 0.85295 0.00000 27.28443 0.00000 0.00000 -1.00000 0.00000
1618527416747494 -0.80773 0.58956 -0.00000 -58.06042 0.58956 0.80773 0.00000 31.92240 0.00000 0.00000 -1.00000 0.00000
1618527416997499 -0.73680 0.67611 0.00000 -55.13380 0.67611 0.73680 0.00000 38.29208 0.00000 0.00000 -1.00000 0.00000
1618527417247498 -0.66489 0.74694 0.00000 -51.96028 0.74694 0.66489 0.00000 43.59444 0.00000 0.00000 -1.00000 0.00000
1618527417497509 -0.57964 0.81487 0.00000 -47.94640 0.81487 0.57964 0.00000 48.83441 0.00000 0.00000 -1.00000 0.00000
1618527417748135 -0.47299 0.88107 0.00000 -42.45660 0.88107 0.47299 0.00000 54.62448 0.00000 0.00000 -1.00000 0.00000
1618527417998136 -0.37452 0.92722 0.00000 -37.26566 0.92722 0.37452 0.00000 58.81941 0.00000 0.00000 -1.00000 0.00000
1618527418248142 -0.26518 0.96420 0.00000 -31.46533 0.96420 0.26518 0.00000 62.78170 0.00000 0.00000 -1.00000 0.00000
1618527418497519 -0.18056 0.98356 0.00000 -27.07000 0.98356 0.18056 0.00000 65.09425 0.00000 0.00000 -1.00000 0.00000
1618527418747524 -0.09938 0.99505 0.00000 -22.90493 0.99505 0.09938 0.00000 67.29717 0.00000 0.00000 -1.00000 0.00000
1618527418997528 -0.05664 0.99839 0.00000 -21.21188 0.99839 0.05664 0.00000 68.24823 0.00000 0.00000 -1.00000 0.00000
1618527419247529 -0.03403 0.99942 0.00000 -21.19881 0.99942 0.03403 0.00000 68.59137 0.00000 0.00000 -1.00000 0.00000
1618527419497529 -0.00404 0.99999 0.00000 -20.60607 0.99999 0.00404 0.00000 68.98982 0.00000 0.00000 -1.00000 0.00000
1618527419748162 0.00587 0.99998 0.00000 -21.51660 0.99998 -0.00587 0.00000 69.36214 0.00000 -0.00000 -1.00000 0.00000
1618527419998158 0.01471 0.99989 0.00000 -22.53317 0.99989 -0.01471 0.00000 69.31696 0.00000 -0.00000 -1.00000 0.00000
1618527420248167 0.01862 0.99983 0.00000 -23.96362 0.99983 -0.01862 0.00000 69.52755 0.00000 -0.00000 -1.00000 0.00000
1618527420498174 0.03235 0.99948 -0.00000 -24.73295 0.99948 -0.03235 0.00000 69.62527 0.00000 -0.00000 -1.00000 0.00000
1618527420748172 0.03296 0.99946 0.00000 -26.58916 0.99946 -0.03296 0.00000 69.85246 0.00000 -0.00000 -1.00000 0.00000
1618527420997548 0.04268 0.99909 0.00000 -27.59470 0.99909 -0.04268 0.00000 69.80327 0.00000 -0.00000 -1.00000 0.00000
1618527421247550 0.05632 0.99841 0.00000 -28.61524 0.99841 -0.05632 0.00000 70.32003 0.00000 -0.00000 -1.00000 0.00000
1618527421497562 0.07542 0.99715 0.00000 -29.01266 0.99715 -0.07542 0.00000 70.61259 0.00000 -0.00000 -1.00000 0.00000
1618527421748187 0.09653 0.99533 0.00000 -29.51284 0.99533 -0.09653 0.00000 71.36605 0.00000 -0.00000 -1.00000 0.00000
1618527421998188 0.11535 0.99333 0.00000 -29.97454 0.99333 -0.11535 0.00000 71.80790 0.00000 -0.00000 -1.00000 0.00000
1618527422248817 0.14762 0.98904 0.00000 -29.71016 0.98904 -0.14762 0.00000 72.95403 0.00000 -0.00000 -1.00000 0.00000
1618527422498821 0.16661 0.98602 0.00000 -30.21288 0.98602 -0.16661 0.00000 73.39376 0.00000 -0.00000 -1.00000 0.00000
1618527422748825 0.17573 0.98444 0.00000 -31.60454 0.98444 -0.17573 0.00000 73.48813 0.00000 -0.00000 -1.00000 0.00000
1618527422998217 0.18150 0.98339 0.00000 -33.01002 0.98339 -0.18150 0.00000 73.61319 0.00000 -0.00000 -1.00000 0.00000
1618527423247585 0.18186 0.98332 0.00000 -35.02304 0.98332 -0.18186 0.00000 73.58451 0.00000 -0.00000 -1.00000 0.00000
1618527423498208 0.17171 0.98515 0.00000 -37.80937 0.98515 -0.17171 0.00000 73.26245 0.00000 -0.00000 -1.00000 0.00000
1618527423748212 0.17088 0.98529 0.00000 -39.74938 0.98529 -0.17088 0.00000 73.18436 0.00000 -0.00000 -1.00000 0.00000
1618527423998219 0.16112 0.98693 0.00000 -42.42024 0.98693 -0.16112 0.00000 72.69880 0.00000 -0.00000 -1.00000 0.00000
1618527424248220 0.14933 0.98879 0.00000 -45.35296 0.98879 -0.14933 0.00000 72.15995 0.00000 -0.00000 -1.00000 0.00000
1618527424497598 0.14244 0.98980 -0.00000 -47.80156 0.98980 -0.14244 0.00000 71.79620 0.00000 -0.00000 -1.00000 0.00000
1618527424747600 0.12928 0.99161 0.00000 -50.84768 0.99161 -0.12928 0.00000 71.24388 0.00000 -0.00000 -1.00000 0.00000
1618527424997602 0.12337 0.99236 0.00000 -53.26920 0.99236 -0.12337 0.00000 70.81370 0.00000 -0.00000 -1.00000 0.00000
1618527425247895 0.10877 0.99407 0.00000 -56.33497 0.99407 -0.10877 0.00000 70.01430 0.00000 -0.00000 -1.00000 0.00000
1618527425497611 0.10576 0.99439 0.00000 -58.64254 0.99439 -0.10576 0.00000 69.75021 0.00000 -0.00000 -1.00000 0.00000
1618527425748864 0.09838 0.99515 0.00000 -61.08403 0.99515 -0.09838 0.00000 69.37879 0.00000 -0.00000 -1.00000 0.00000
1618527425999495 0.09477 0.99550 0.00000 -63.27109 0.99550 -0.09477 0.00000 69.07563 0.00000 -0.00000 -1.00000 0.00000
1618527426249505 0.08029 0.99677 0.00000 -66.23459 0.99677 -0.08029 0.00000 68.14103 0.00000 -0.00000 -1.00000 0.00000
1618527426499500 0.06870 0.99764 0.00000 -68.99430 0.99764 -0.06870 0.00000 67.29521 0.00000 -0.00000 -1.00000 0.00000
1618527426749505 0.05336 0.99858 0.00000 -71.89186 0.99858 -0.05336 0.00000 66.24396 0.00000 -0.00000 -1.00000 0.00000
1618527426999506 0.03023 0.99954 0.00000 -75.28011 0.99954 -0.03023 0.00000 64.55382 0.00000 -0.00000 -1.00000 0.00000
1618527427248893 0.01387 0.99990 0.00000 -78.18945 0.99990 -0.01387 0.00000 63.25486 0.00000 -0.00000 -1.00000 0.00000
1618527427498260 -0.02541 0.99968 0.00000 -82.38151 0.99968 0.02541 0.00000 60.10911 0.00000 0.00000 -1.00000 0.00000
1618527427748267 -0.05663 0.99840 0.00000 -86.10662 0.99840 0.05663 0.00000 57.41939 0.00000 0.00000 -1.00000 0.00000
1618527427998269 -0.10743 0.99421 0.00000 -90.62966 0.99421 0.10743 0.00000 52.90240 0.00000 0.00000 -1.00000 0.00000
1618527428247647 -0.17002 0.98544 0.00000 -95.54047 0.98544 0.17002 0.00000 47.02793 0.00000 0.00000 -1.00000 0.00000
1618527428498277 -0.23469 0.97207 0.00000 -100.11387 0.97207 0.23469 0.00000 40.59742 0.00000 0.00000 -1.00000 0.00000
1618527428748277 -0.29539 0.95538 -0.00000 -104.23961 0.95538 0.29539 0.00000 34.22381 0.00000 0.00000 -1.00000 0.00000
1618527428998912 -0.35996 0.93297 0.00000 -107.88393 0.93297 0.35996 0.00000 27.01612 0.00000 0.00000 -1.00000 0.00000
1618527429248287 -0.43360 0.90111 0.00000 -111.25456 0.90111 0.43360 0.00000 18.22250 0.00000 0.00000 -1.00000 0.00000
1618527429498289 -0.50779 0.86148 0.00000 -113.94689 0.86148 0.50779 0.00000 8.66077 0.00000 0.00000 -1.00000 0.00000
1618527429748292 -0.57722 0.81659 0.00000 -115.87130 0.81659 0.57722 0.00000 -0.86716 0.00000 0.00000 -1.00000 -0.00000
1618527429997670 -0.65671 0.75415 0.00000 -116.69830 0.75415 0.65671 0.00000 -12.48164 0.00000 0.00000 -1.00000 -0.00000
1618527430247674 -0.72190 0.69200 0.00000 -116.60531 0.69200 0.72190 0.00000 -23.09299 0.00000 0.00000 -1.00000 -0.00000
1618527430498300 -0.78546 0.61892 0.00000 -115.35174 0.61892 0.78546 0.00000 -34.21224 0.00000 0.00000 -1.00000 -0.00000
1618527430748317 -0.83908 0.54400 0.00000 -113.13980 0.54400 0.83908 0.00000 -44.76556 0.00000 0.00000 -1.00000 -0.00000
1618527430998320 -0.88318 0.46904 -0.00000 -110.33445 0.46904 0.88318 0.00000 -54.36075 0.00000 0.00000 -1.00000 -0.00000
1618527431248316 -0.91786 0.39690 0.00000 -107.01953 0.39690 0.91786 0.00000 -62.99263 0.00000 0.00000 -1.00000 -0.00000
1618527431498311 -0.93907 0.34372 0.00000 -104.79785 0.34372 0.93907 0.00000 -68.90828 0.00000 0.00000 -1.00000 -0.00000
