1611086935960000 0.97350 0.22869 0.00000 3.21053 0.22869 -0.97350 0.00000 0.80252 0.00000 0.00000 -1.00000 0.00000
1611086936210638 0.97350 0.22868 0.00000 3.21052 0.22868 -0.97350 0.00000 0.80249 0.00000 0.00000 -1.00000 0.00000
1611086936460638 0.97351 0.22863 0.00000 3.21058 0.22863 -0.97351 0.00000 0.80230 0.00000 0.00000 -1.00000 0.00000
1611086936710016 0.97351 0.22864 0.00000 3.21058 0.22864 -0.97351 0.00000 0.80236 0.00000 0.00000 -1.00000 0.00000
1611086936960028 0.97351 0.22865 0.00000 3.21058 0.22865 -0.97351 0.00000 0.80233 0.00000 0.00000 -1.00000 0.00000
1611086937210644 0.97352 0.22861 0.00000 3.21062 0.22861 -0.97352 0.00000 0.80220 0.00000 0.00000 -1.00000 0.00000
1611086937460645 0.97352 0.22861 0.00000 3.21060 0.22861 -0.97352 0.00000 0.80222 0.00000 0.00000 -1.00000 0.00000
1611086937710656 0.97352 0.22861 0.00000 3.21059 0.22861 -0.97352 0.00000 0.80220 0.00000 0.00000 -1.00000 0.00000
1611086937960658 0.97352 0.22859 0.00000 3.21062 0.22859 -0.97352 0.00000 0.80216 0.00000 0.00000 -1.00000 0.00000
1611086938210656 0.97352 0.22862 0.00000 3.21059 0.22862 -0.97352 0.00000 0.80228 0.00000 0.00000 -1.00000 0.00000
1611086938460656 0.97352 0.22861 0.00000 3.21058 0.22861 -0.97352 0.00000 0.80221 0.00000 0.00000 -1.00000 0.00000
1611086938710664 0.97352 0.22861 0.00000 3.21056 0.22861 -0.97352 0.00000 0.80223 0.00000 0.00000 -1.00000 0.00000
1611086938960666 0.97353 0.22858 0.00000 3.21058 0.22858 -0.97353 0.00000 0.80215 0.00000 0.00000 -1.00000 0.00000
1611086939210041 0.97351 0.22864 0.00000 3.21052 0.22864 -0.97351 0.00000 0.80221 0.00000 0.00000 -1.00000 0.00000
1611086939460043 0.97352 0.22862 0.00000 3.21055 0.22862 -0.97352 0.00000 0.80243 0.00000 0.00000 -1.00000 0.00000
1611086939710064 0.97353 0.22854 0.00000 3.21063 0.22854 -0.97353 0.00000 0.80182 0.00000 0.00000 -1.00000 0.00000
1611086939960058 0.97351 0.22863 0.00000 3.21055 0.22863 -0.97351 0.00000 0.80244 0.00000 0.00000 -1.00000 0.00000
1611086940210063 0.97352 0.22862 0.00000 3.21057 0.22862 -0.97352 0.00000 0.80220 0.00000 0.00000 -1.00000 0.00000
1611086940460064 0.97353 0.22857 0.00000 3.21059 0.22857 -0.97353 0.00000 0.80213 0.00000 0.00000 -1.00000 0.00000
1611086940710062 0.97353 0.22854 0.00000 3.21062 0.22854 -0.97353 0.00000 0.80205 0.00000 0.00000 -1.00000 0.00000
1611086940960061 0.97353 0.22854 0.00000 3.21064 0.22854 -0.97353 0.00000 0.80198 0.00000 0.00000 -1.00000 0.00000
1611086941210074 0.97352 0.22859 0.00000 3.21060 0.22859 -0.97352 0.00000 0.80225 0.00000 0.00000 -1.00000 0.00000
1611086941460071 0.97353 0.22858 0.00000 3.21062 0.22858 -0.97353 0.00000 0.80213 0.00000 0.00000 -1.00000 0.00000
1611086941710074 0.97353 0.22858 0.00000 3.21059 0.22858 -0.97353 0.00000 0.80214 0.00000 0.00000 -1.00000 0.00000
1611086941960073 0.97353 0.22856 0.00000 3.21060 0.22856 -0.97353 0.00000 0.80211 0.00000 0.00000 -1.00000 0.00000
1611086942210088 0.97353 0.22858 0.00000 3.21061 0.22858 -0.97353 0.00000 0.80212 0.00000 0.00000 -1.00000 0.00000
1611086942460088 0.97353 0.22858 0.00000 3.21060 0.22858 -0.97353 0.00000 0.80216 0.00000 0.00000 -1.00000 0.00000
1611086942710089 0.97352 0.22862 0.00000 3.21055 0.22862 -0.97352 0.00000 0.80227 0.00000 0.00000 -1.00000 0.00000
1611086942960088 0.97352 0.22862 0.00000 3.21056 0.22862 -0.97352 0.00000 0.80229 0.00000 0.00000 -1.00000 0.00000
1611086943209465 0.97351 0.22865 0.00000 3.21056 0.22865 -0.97351 0.00000 0.80240 0.00000 0.00000 -1.00000 0.00000
1611086943460094 0.97351 0.22866 0.00000 3.21053 0.22866 -0.97351 0.00000 0.80241 0.00000 0.00000 -1.00000 0.00000
1611086943710098 0.97351 0.22865 0.00000 3.21054 0.22865 -0.97351 0.00000 0.80241 0.00000 0.00000 -1.00000 0.00000
1611086943960100 0.97351 0.22863 0.00000 3.21058 0.22863 -0.97351 0.00000 0.80232 0.00000 0.00000 -1.00000 0.00000
1611086944209476 0.97351 0.22862 0.00000 3.21057 0.22862 -0.97351 0.00000 0.80230 0.00000 0.00000 -1.00000 0.00000
1611086944459479 0.97352 0.22860 0.00000 3.21058 0.22860 -0.97352 0.00000 0.80220 0.00000 0.00000 -1.00000 0.00000
1611086944709494 0.97353 0.22857 0.00000 3.21061 0.22857 -0.97353 0.00000 0.80212 0.00000 0.00000 -1.00000 0.00000
1611086944959501 0.97353 0.22857 0.00000 3.21060 0.22857 -0.97353 0.00000 0.80211 0.00000 0.00000 -1.00000 0.00000
1611086945209492 0.97353 0.22857 0.00000 3.21059 0.22857 -0.97353 0.00000 0.80213 0.00000 0.00000 -1.00000 0.00000
1611086945459496 0.97353 0.22858 0.00000 3.21058 0.22858 -0.97353 0.00000 0.80211 0.00000 0.00000 -1.00000 0.00000
1611086945709498 0.97353 0.22856 0.00000 3.21060 0.22856 -0.97353 0.00000 0.80210 0.00000 0.00000 -1.00000 0.00000
1611086945959510 0.97353 0.22857 0.00000 3.21062 0.22857 -0.97353 0.00000 0.80208 0.00000 0.00000 -1.00000 0.00000
1611086946209506 0.97353 0.22858 0.00000 3.21060 0.22858 -0.97353 0.00000 0.80212 0.00000 0.00000 -1.00000 0.00000
1611086946459511 0.97352 0.22860 0.00000 3.21058 0.22860 -0.97352 0.00000 0.80220 0.00000 0.00000 -1.00000 0.00000
1611086946709515 0.97352 0.22861 0.00000 3.21058 0.22861 -0.97352 0.00000 0.80223 0.00000 0.00000 -1.00000 0.00000
1611086946959522 0.97351 0.22862 0.00000 3.21059 0.22862 -0.97351 0.00000 0.80229 0.00000 0.00000 -1.00000 0.00000
1611086947209518 0.97352 0.22860 0.00000 3.21059 0.22860 -0.97352 0.00000 0.80220 0.00000 0.00000 -1.00000 0.00000
1611086947459527 0.97352 0.22860 0.00000 3.21060 0.22860 -0.97352 0.00000 0.80219 0.00000 0.00000 -1.00000 0.00000
1611086947709526 0.97353 0.22857 0.00000 3.21064 0.22857 -0.97353 0.00000 0.80210 0.00000 0.00000 -1.00000 0.00000
1611086947959527 0.97353 0.22857 0.00000 3.21064 0.22857 -0.97353 0.00000 0.80210 0.00000 0.00000 -1.00000 0.00000
1611086948209534 0.97352 0.22858 0.00000 3.21061 0.22858 -0.97352 0.00000 0.80214 0.00000 0.00000 -1.00000 0.00000
1611086948459538 0.97353 0.22857 0.00000 3.21062 0.22857 -0.97353 0.00000 0.80207 0.00000 0.00000 -1.00000 0.00000
1611086948708919 0.97354 0.22853 0.00000 3.21067 0.22853 -0.97354 0.00000 0.80195 0.00000 0.00000 -1.00000 0.00000
1611086948958915 0.97353 0.22855 0.00000 3.21064 0.22855 -0.97353 0.00000 0.80200 0.00000 0.00000 -1.00000 0.00000
1611086949208914 0.97353 0.22854 0.00000 3.21064 0.22854 -0.97353 0.00000 0.80198 0.00000 0.00000 -1.00000 0.00000
1611086949458925 0.97353 0.22857 0.00000 3.21061 0.22857 -0.97353 0.00000 0.80210 0.00000 0.00000 -1.00000 0.00000
1611086949708926 0.97353 0.22857 0.00000 3.21063 0.22857 -0.97353 0.00000 0.80211 0.00000 0.00000 -1.00000 0.00000
1611086949958934 0.97353 0.22858 0.00000 3.21062 0.22858 -0.97353 0.00000 0.80212 0.00000 0.00000 -1.00000 0.00000
1611086950208940 0.97353 0.22857 0.00000 3.21061 0.22857 -0.97353 0.00000 0.80207 0.00000 0.00000 -1.00000 0.00000
1611086950458935 0.97353 0.22855 0.00000 3.21064 0.22855 -0.97353 0.00000 0.80203 0.00000 0.00000 -1.00000 0.00000
1611086950708942 0.97353 0.22855 0.00000 3.21066 0.22855 -0.97353 0.00000 0.80201 0.00000 0.00000 -1.00000 0.00000
1611086950958935 0.97354 0.22852 0.00000 3.21066 0.22852 -0.97354 0.00000 0.80192 0.00000 0.00000 -1.00000 0.00000
1611086951208940 0.97355 0.22846 0.00000 3.21070 0.22846 -0.97355 0.00000 0.80174 0.00000 0.00000 -1.00000 0.00000
1611086951458941 0.97355 0.22849 0.00000 3.21070 0.22849 -0.97355 0.00000 0.80181 0.00000 0.00000 -1.00000 0.00000
1611086951708949 0.97354 0.22851 0.00000 3.21069 0.22851 -0.97354 0.00000 0.80190 0.00000 0.00000 -1.00000 0.00000
1611086951958957 0.97353 0.22854 0.00000 3.21064 0.22854 -0.97353 0.00000 0.80199 0.00000 0.00000 -1.00000 0.00000
1611086952208957 0.97354 0.22852 0.00000 3.21065 0.22852 -0.97354 0.00000 0.80191 0.00000 0.00000 -1.00000 0.00000
1611086952458952 0.97354 0.22852 0.00000 3.21067 0.22852 -0.97354 0.00000 0.80195 0.00000 0.00000 -1.00000 0.00000
1611086952708959 0.97355 0.22848 0.00000 3.21072 0.22848 -0.97355 0.00000 0.80184 0.00000 0.00000 -1.00000 0.00000
1611086952958353 0.97354 0.22850 0.00000 3.21069 0.22850 -0.97354 0.00000 0.80190 0.00000 0.00000 -1.00000 0.00000
1611086953208353 0.97354 0.22852 0.00000 3.21066 0.22852 -0.97354 0.00000 0.80196 0.00000 0.00000 -1.00000 0.00000
1611086953458348 0.97354 0.22853 0.00000 3.21067 0.22853 -0.97354 0.00000 0.80202 0.00000 0.00000 -1.00000 0.00000
1611086953708353 0.97353 0.22856 0.00000 3.21066 0.22856 -0.97353 0.00000 0.80204 0.00000 0.00000 -1.00000 0.00000
1611086953958354 0.97352 0.22859 0.00000 3.21063 0.22859 -0.97352 0.00000 0.80217 0.00000 0.00000 -1.00000 0.00000
1611086954208357 0.97353 0.22856 0.00000 3.21065 0.22856 -0.97353 0.00000 0.80207 0.00000 0.00000 -1.00000 0.00000
1611086954458360 0.97352 0.22858 0.00000 3.21060 0.22858 -0.97352 0.00000 0.80216 0.00000 0.00000 -1.00000 0.00000
1611086954708363 0.97353 0.22856 0.00000 3.21065 0.22856 -0.97353 0.00000 0.80206 0.00000 0.00000 -1.00000 0.00000
1611086954958362 0.97353 0.22858 0.00000 3.21061 0.22858 -0.97353 0.00000 0.80213 0.00000 0.00000 -1.00000 0.00000
1611086955208998 0.97353 0.22857 0.00000 3.21060 0.22857 -0.97353 0.00000 0.80214 0.00000 0.00000 -1.00000 0.00000
1611086955459621 0.97353 0.22856 0.00000 3.21064 0.22856 -0.97353 0.00000 0.80207 0.00000 0.00000 -1.00000 0.00000
1611086955709625 0.97353 0.22857 0.00000 3.21064 0.22857 -0.97353 0.00000 0.80212 0.00000 0.00000 -1.00000 0.00000
1611086955959631 0.97353 0.22854 0.00000 3.21063 0.22854 -0.97353 0.00000 0.80202 0.00000 0.00000 -1.00000 0.00000
1611086956209628 0.97353 0.22855 0.00000 3.21062 0.22855 -0.97353 0.00000 0.80207 0.00000 0.00000 -1.00000 0.00000
1611086956459633 0.97353 0.22855 0.00000 3.21066 0.22855 -0.97353 0.00000 0.80206 0.00000 0.00000 -1.00000 0.00000
1611086956709636 0.97353 0.22857 0.00000 3.21065 0.22857 -0.97353 0.00000 0.80209 0.00000 0.00000 -1.00000 0.00000
1611086956959012 0.97352 0.22859 0.00000 3.21062 0.22859 -0.97352 0.00000 0.80216 0.00000 0.00000 -1.00000 0.00000
1611086957209017 0.97353 0.22858 0.00000 3.21059 0.22858 -0.97353 0.00000 0.80214 0.00000 0.00000 -1.00000 0.00000
1611086957459018 0.97354 0.22853 0.00000 3.21065 0.22853 -0.97354 0.00000 0.80197 0.00000 0.00000 -1.00000 0.00000
1611086957709649 0.97353 0.22854 0.00000 3.21067 0.22854 -0.97353 0.00000 0.80202 0.00000 0.00000 -1.00000 0.00000
1611086957959650 0.97353 0.22855 0.00000 3.21065 0.22855 -0.97353 0.00000 0.80202 0.00000 0.00000 -1.00000 0.00000
1611086958209666 0.97353 0.22855 0.00000 3.21062 0.22855 -0.97353 0.00000 0.80205 0.00000 0.00000 -1.00000 0.00000
1611086958459656 0.97353 0.22856 0.00000 3.21059 0.22856 -0.97353 0.00000 0.80210 0.00000 0.00000 -1.00000 0.00000
1611086958709036 0.97352 0.22859 0.00000 3.21061 0.22859 -0.97352 0.00000 0.80219 0.00000 0.00000 -1.00000 0.00000
1611086958959666 0.97351 0.22863 0.00000 3.21058 0.22863 -0.97351 0.00000 0.80229 0.00000 0.00000 -1.00000 0.00000
1611086959209671 0.97351 0.22863 0.00000 3.21055 0.22863 -0.97351 0.00000 0.80231 0.00000 0.00000 -1.00000 0.00000
1611086959459047 0.97351 0.22863 0.00000 3.21057 0.22863 -0.97351 0.00000 0.80227 0.00000 0.00000 -1.00000 0.00000
1611086959709047 0.97352 0.22861 0.00000 3.21058 0.22861 -0.97352 0.00000 0.80223 0.00000 0.00000 -1.00000 0.00000
1611086959959050 0.97352 0.22859 0.00000 3.21056 0.22859 -0.97352 0.00000 0.80215 0.00000 0.00000 -1.00000 0.00000
1611086960209054 0.97353 0.22857 0.00000 3.21057 0.22857 -0.97353 0.00000 0.80214 0.00000 0.00000 -1.00000 0.00000
1611086960458435 0.97353 0.22854 0.00000 3.21060 0.22854 -0.97353 0.00000 0.80196 0.00000 0.00000 -1.00000 0.00000
1611086960709064 0.97353 0.22856 0.00000 3.21060 0.22856 -0.97353 0.00000 0.80226 0.00000 0.00000 -1.00000 0.00000
1611086960959072 0.97354 0.22850 0.00000 3.21017 0.22850 -0.97354 0.00000 0.80167 0.00000 0.00000 -1.00000 0.00000
1611086961209072 0.97346 0.22887 0.00000 3.20432 0.22887 -0.97346 0.00000 0.80337 0.00000 0.00000 -1.00000 0.00000
1611086961459074 0.97366 0.22802 0.00000 3.17923 0.22802 -0.97366 0.00000 0.79961 0.00000 0.00000 -1.00000 0.00000
1611086961709073 0.97406 0.22627 0.00000 3.12915 0.22627 -0.97406 0.00000 0.79347 0.00000 0.00000 -1.00000 0.00000
1611086961959075 0.97453 0.22427 0.00000 3.04447 0.22427 -0.97453 0.00000 0.78175 0.00000 0.00000 -1.00000 0.00000
1611086962209081 0.97544 0.22025 0.00000 2.91801 0.22025 -0.97544 0.00000 0.76464 0.00000 0.00000 -1.00000 0.00000
1611086962459089 0.97722 0.21224 0.00000 2.72431 0.21224 -0.97722 0.00000 0.73292 0.00000 0.00000 -1.00000 0.00000
1611086962709090 0.97968 0.20056 0.00000 2.45326 0.20056 -0.97968 0.00000 0.69108 0.00000 0.00000 -1.00000 0.00000
1611086962959090 0.98250 0.18627 0.00000 2.10298 0.18627 -0.98250 0.00000 0.64560 0.00000 0.00000 -1.00000 0.00000
1611086963209103 0.98596 0.16700 0.00000 1.66426 0.16700 -0.98596 0.00000 0.59398 0.00000 0.00000 -1.00000 0.00000
1611086963459099 0.98954 0.14426 0.00000 1.12940 0.14426 -0.98954 0.00000 0.53824 0.00000 0.00000 -1.00000 0.00000
1611086963709723 0.99250 0.12225 0.00000 0.51230 0.12225 -0.99250 0.00000 0.48835 0.00000 0.00000 -1.00000 0.00000
1611086963959729 0.99465 0.10334 0.00000 -0.17730 0.10334 -0.99465 0.00000 0.46419 0.00000 0.00000 -1.00000 0.00000
1611086964209101 0.99595 0.08992 0.00000 -0.94068 0.08992 -0.99595 0.00000 0.45251 0.00000 0.00000 -1.00000 0.00000
1611086964459106 0.99658 0.08263 0.00000 -1.77499 0.08263 -0.99658 0.00000 0.43620 0.00000 0.00000 -1.00000 0.00000
1611086964709110 0.99662 0.08217 0.00000 -2.67609 0.08217 -0.99662 0.00000 0.42597 0.00000 0.00000 -1.00000 0.00000
1611086964958488 0.99621 0.08702 0.00000 -3.64065 0.08702 -0.99621 0.00000 0.41145 0.00000 0.00000 -1.00000 0.00000
1611086965208492 0.99551 0.09465 0.00000 -4.65786 0.09465 -0.99551 0.00000 0.38315 0.00000 0.00000 -1.00000 0.00000
1611086965458493 0.99478 0.10204 0.00000 -5.70810 0.10204 -0.99478 0.00000 0.33930 0.00000 0.00000 -1.00000 0.00000
1611086965708496 0.99396 0.10973 0.00000 -6.79968 0.10973 -0.99396 0.00000 0.29081 0.00000 0.00000 -1.00000 0.00000
1611086965958506 0.99307 0.11748 0.00000 -7.94001 0.11748 -0.99307 0.00000 0.24100 0.00000 0.00000 -1.00000 0.00000
1611086966208512 0.99200 0.12627 0.00000 -9.10727 0.12627 -0.99200 0.00000 0.14592 0.00000 0.00000 -1.00000 0.00000
1611086966458506 0.99109 0.13323 0.00000 -10.30420 0.13323 -0.99109 0.00000 0.06856 0.00000 0.00000 -1.00000 0.00000
1611086966708508 0.99000 0.14105 0.00000 -11.55018 0.14105 -0.99000 0.00000 -0.03906 0.00000 0.00000 -1.00000 0.00000
1611086966958512 0.98895 0.14823 0.00000 -12.86788 0.14823 -0.98895 0.00000 -0.15043 0.00000 0.00000 -1.00000 0.00000
1611086967209146 0.98775 0.15605 0.00000 -14.17480 0.15605 -0.98775 0.00000 -0.28499 0.00000 0.00000 -1.00000 0.00000
1611086967459148 0.98651 0.16370 0.00000 -15.51855 0.16370 -0.98651 0.00000 -0.43339 0.00000 0.00000 -1.00000 0.00000
1611086967709150 0.98512 0.17188 0.00000 -16.94423 0.17188 -0.98512 0.00000 -0.59348 0.00000 0.00000 -1.00000 0.00000
1611086967959151 0.98382 0.17918 0.00000 -18.36442 0.17918 -0.98382 0.00000 -0.75255 0.00000 0.00000 -1.00000 0.00000
1611086968209165 0.98362 0.18026 0.00000 -19.82963 0.18026 -0.98362 0.00000 -0.78996 0.00000 0.00000 -1.00000 0.00000
1611086968459151 0.98367 0.18000 0.00000 -21.30289 0.18000 -0.98367 0.00000 -0.81875 0.00000 0.00000 -1.00000 0.00000
1611086968709157 0.98294 0.18390 0.00000 -22.77028 0.18390 -0.98294 0.00000 -0.94045 0.00000 0.00000 -1.00000 0.00000
1611086968958551 0.98141 0.19194 0.00000 -24.22018 0.19194 -0.98141 0.00000 -1.15270 0.00000 0.00000 -1.00000 0.00000
1611086969208539 0.97959 0.20101 0.00000 -25.65258 0.20101 -0.97959 0.00000 -1.41824 0.00000 0.00000 -1.00000 0.00000
1611086969459162 0.97788 0.20917 0.00000 -27.09014 0.20917 -0.97788 0.00000 -1.66677 0.00000 0.00000 -1.00000 0.00000
1611086969709168 0.97598 0.21784 0.00000 -28.52170 0.21784 -0.97598 0.00000 -1.92091 0.00000 0.00000 -1.00000 0.00000
1611086969959171 0.97443 0.22467 0.00000 -30.00512 0.22467 -0.97443 0.00000 -2.15732 0.00000 0.00000 -1.00000 0.00000
1611086970209172 0.97281 0.23160 0.00000 -31.50996 0.23160 -0.97281 0.00000 -2.40246 0.00000 0.00000 -1.00000 0.00000
1611086970459805 0.97100 0.23910 0.00000 -32.97570 0.23910 -0.97100 0.00000 -2.67064 0.00000 0.00000 -1.00000 0.00000
1611086970709810 0.96988 0.24357 0.00000 -34.47579 0.24357 -0.96988 0.00000 -2.87029 0.00000 0.00000 -1.00000 0.00000
1611086970959815 0.96940 0.24548 0.00000 -35.99530 0.24548 -0.96940 0.00000 -2.93506 0.00000 0.00000 -1.00000 0.00000
1611086971209810 0.96895 0.24725 0.00000 -37.47585 0.24725 -0.96895 0.00000 -3.07204 0.00000 0.00000 -1.00000 0.00000
1611086971459815 0.96904 0.24691 0.00000 -38.97848 0.24691 -0.96904 0.00000 -3.05651 0.00000 0.00000 -1.00000 0.00000
1611086971709815 0.96924 0.24610 0.00000 -40.53736 0.24610 -0.96924 0.00000 -3.10508 0.00000 0.00000 -1.00000 0.00000
1611086971960443 0.96929 0.24590 0.00000 -42.12075 0.24590 -0.96929 0.00000 -3.09250 0.00000 0.00000 -1.00000 0.00000
1611086972210452 0.96905 0.24688 0.00000 -43.72521 0.24688 -0.96905 0.00000 -3.19759 0.00000 0.00000 -1.00000 0.00000
1611086972461078 0.96899 0.24709 0.00000 -45.39156 0.24709 -0.96899 0.00000 -3.22827 0.00000 0.00000 -1.00000 0.00000
1611086972710450 0.96926 0.24605 0.00000 -47.08160 0.24605 -0.96926 0.00000 -3.20963 0.00000 0.00000 -1.00000 0.00000
1611086972961081 0.96970 0.24429 0.00000 -48.80015 0.24429 -0.96970 0.00000 -3.15179 0.00000 0.00000 -1.00000 0.00000
1611086973210460 0.96971 0.24426 0.00000 -50.54262 0.24426 -0.96971 0.00000 -3.18011 0.00000 0.00000 -1.00000 0.00000
1611086973460469 0.96981 0.24386 0.00000 -52.33552 0.24386 -0.96981 0.00000 -3.18331 0.00000 0.00000 -1.00000 0.00000
1611086973710469 0.96990 0.24350 0.00000 -54.14448 0.24350 -0.96990 0.00000 -3.19170 0.00000 0.00000 -1.00000 0.00000
1611086973960474 0.97010 0.24272 0.00000 -55.98998 0.24272 -0.97010 0.00000 -3.19535 0.00000 0.00000 -1.00000 0.00000
1611086974210475 0.97021 0.24227 0.00000 -57.89192 0.24227 -0.97021 0.00000 -3.22007 0.00000 0.00000 -1.00000 0.00000
1611086974460479 0.97045 0.24132 0.00000 -59.80030 0.24132 -0.97045 0.00000 -3.21352 0.00000 0.00000 -1.00000 0.00000
1611086974710484 0.97066 0.24046 0.00000 -61.74104 0.24046 -0.97066 0.00000 -3.20947 0.00000 0.00000 -1.00000 0.00000
1611086974960484 0.97076 0.24007 0.00000 -63.67267 0.24007 -0.97076 0.00000 -3.21516 0.00000 0.00000 -1.00000 0.00000
1611086975210484 0.97103 0.23894 0.00000 -65.63173 0.23894 -0.97103 0.00000 -3.15904 0.00000 0.00000 -1.00000 0.00000
1611086975460491 0.97168 0.23628 0.00000 -67.57219 0.23628 -0.97168 0.00000 -3.00877 0.00000 0.00000 -1.00000 0.00000
1611086975710491 0.97253 0.23279 0.00000 -69.54195 0.23279 -0.97253 0.00000 -2.80984 0.00000 0.00000 -1.00000 0.00000
1611086975960498 0.97321 0.22993 0.00000 -71.50582 0.22993 -0.97321 0.00000 -2.64121 0.00000 0.00000 -1.00000 0.00000
1611086976210508 0.97434 0.22506 0.00000 -73.45590 0.22506 -0.97434 0.00000 -2.31918 0.00000 0.00000 -1.00000 0.00000
1611086976460498 0.97622 0.21677 0.00000 -75.40368 0.21677 -0.97622 0.00000 -1.72483 0.00000 0.00000 -1.00000 0.00000
1611086976710501 0.97891 0.20429 0.00000 -77.33948 0.20429 -0.97891 0.00000 -0.79320 0.00000 0.00000 -1.00000 0.00000
1611086976959903 0.98168 0.19055 0.00000 -79.23207 0.19055 -0.98168 0.00000 0.26157 0.00000 0.00000 -1.00000 0.00000
1611086977210517 0.98593 0.16715 0.00000 -81.11731 0.16715 -0.98593 0.00000 2.15093 0.00000 0.00000 -1.00000 0.00000
1611086977460515 0.99076 0.13564 0.00000 -82.90949 0.13564 -0.99076 0.00000 4.71726 0.00000 0.00000 -1.00000 0.00000
1611086977711147 0.99582 0.09132 0.00000 -84.47710 0.09132 -0.99582 0.00000 8.40815 0.00000 0.00000 -1.00000 0.00000
1611086977961771 0.99914 0.04149 0.00000 -85.83347 0.04149 -0.99914 0.00000 12.61237 0.00000 0.00000 -1.00000 0.00000
1611086978211782 0.99995 -0.00980 0.00000 -86.94142 -0.00980 -0.99995 0.00000 16.98463 0.00000 -0.00000 -1.00000 0.00000
1611086978461154 0.99818 -0.06023 0.00000 -87.82213 -0.06023 -0.99818 0.00000 21.34411 0.00000 -0.00000 -1.00000 0.00000
1611086978711159 0.99396 -0.10976 0.00000 -88.48376 -0.10976 -0.99396 0.00000 25.66474 0.00000 -0.00000 -1.00000 0.00000
1611086978961162 0.98659 -0.16319 0.00000 -88.78647 -0.16319 -0.98659 0.00000 30.39865 0.00000 -0.00000 -1.00000 0.00000
1611086979211163 0.97615 -0.21708 0.00000 -88.81736 -0.21708 -0.97615 0.00000 35.22355 0.00000 -0.00000 -1.00000 0.00000
1611086979461165 0.96276 -0.27036 0.00000 -88.54879 -0.27036 -0.96276 0.00000 40.04190 0.00000 -0.00000 -1.00000 0.00000
1611086979711170 0.94565 -0.32518 0.00000 -87.90892 -0.32518 -0.94565 0.00000 45.05027 0.00000 -0.00000 -1.00000 0.00000
1611086979960549 0.92442 -0.38137 0.00000 -86.83497 -0.38137 -0.92442 0.00000 50.24878 0.00000 -0.00000 -1.00000 0.00000
1611086980211179 0.89858 -0.43880 0.00000 -85.30208 -0.43880 -0.89858 0.00000 55.60656 0.00000 -0.00000 -1.00000 0.00000
1611086980461180 0.86757 -0.49731 0.00000 -83.19584 -0.49731 -0.86757 0.00000 61.13199 0.00000 -0.00000 -1.00000 0.00000
1611086980711188 0.83330 -0.55282 0.00000 -80.78188 -0.55282 -0.83330 0.00000 66.40674 0.00000 -0.00000 -1.00000 0.00000
1611086980960566 0.79575 -0.60562 0.00000 -78.06019 -0.60562 -0.79575 0.00000 71.48910 0.00000 -0.00000 -1.00000 0.00000
1611086981210560 0.75618 -0.65436 0.00000 -75.18247 -0.65436 -0.75618 0.00000 76.24609 0.00000 -0.00000 -1.00000 0.00000
1611086981460563 0.71857 -0.69546 0.00000 -72.55546 -0.69546 -0.71857 0.00000 80.30297 0.00000 -0.00000 -1.00000 0.00000
1611086981710573 0.68434 -0.72916 0.00000 -70.37095 -0.72916 -0.68434 0.00000 83.66681 0.00000 -0.00000 -1.00000 0.00000
1611086981960572 0.65856 -0.75253 0.00000 -69.18238 -0.75253 -0.65856 0.00000 86.03775 0.00000 -0.00000 -1.00000 0.00000
1611086982210582 0.63649 -0.77128 0.00000 -68.41303 -0.77128 -0.63649 0.00000 87.97425 0.00000 -0.00000 -1.00000 0.00000
1611086982459949 0.61476 -0.78871 0.00000 -67.69549 -0.78871 -0.61476 0.00000 89.83896 0.00000 -0.00000 -1.00000 0.00000
1611086982709952 0.59487 -0.80382 0.00000 -67.20252 -0.80382 -0.59487 0.00000 91.48336 0.00000 -0.00000 -1.00000 0.00000
1611086982959964 0.58026 -0.81443 0.00000 -67.35315 -0.81443 -0.58026 0.00000 92.66938 0.00000 -0.00000 -1.00000 0.00000
1611086983209966 0.57482 -0.81828 0.00000 -68.58216 -0.81828 -0.57482 0.00000 93.08823 0.00000 -0.00000 -1.00000 0.00000
1611086983459966 0.57284 -0.81967 0.00000 -70.22808 -0.81967 -0.57284 0.00000 93.22120 0.00000 -0.00000 -1.00000 0.00000
1611086983709975 0.57476 -0.81832 0.00000 -72.33134 -0.81832 -0.57476 0.00000 93.01347 0.00000 -0.00000 -1.00000 0.00000
1611086983959973 0.57628 -0.81726 0.00000 -74.40712 -0.81726 -0.57628 0.00000 92.84149 0.00000 -0.00000 -1.00000 0.00000
1611086984209981 0.57815 -0.81593 0.00000 -76.54204 -0.81593 -0.57815 0.00000 92.63039 0.00000 -0.00000 -1.00000 0.00000
1611086984459980 0.58171 -0.81339 0.00000 -78.88159 -0.81339 -0.58171 0.00000 92.24324 0.00000 -0.00000 -1.00000 0.00000
1611086984709985 0.58991 -0.80747 0.00000 -81.77961 -0.80747 -0.58991 0.00000 91.39592 0.00000 -0.00000 -1.00000 0.00000
1611086984959991 0.59992 -0.80006 0.00000 -84.87024 -0.80006 -0.59992 0.00000 90.32799 0.00000 -0.00000 -1.00000 0.00000
1611086985209984 0.61110 -0.79156 0.00000 -88.12030 -0.79156 -0.61110 0.00000 89.08573 0.00000 -0.00000 -1.00000 0.00000
1611086985459994 0.62147 -0.78344 0.00000 -91.27879 -0.78344 -0.62147 0.00000 87.87210 0.00000 -0.00000 -1.00000 0.00000
1611086985709994 0.63643 -0.77133 0.00000 -94.92977 -0.77133 -0.63643 0.00000 86.04129 0.00000 -0.00000 -1.00000 0.00000
1611086985959997 0.65267 -0.75764 0.00000 -98.71562 -0.75764 -0.65267 0.00000 83.95511 0.00000 -0.00000 -1.00000 0.00000
1611086986210000 0.66938 -0.74292 0.00000 -102.55765 -0.74292 -0.66938 0.00000 81.68278 0.00000 -0.00000 -1.00000 0.00000
1611086986460627 0.68482 -0.72871 0.00000 -106.20773 -0.72871 -0.68482 0.00000 79.46780 0.00000 -0.00000 -1.00000 0.00000
1611086986710632 0.69943 -0.71471 0.00000 -109.75472 -0.71471 -0.69943 0.00000 77.25314 0.00000 -0.00000 -1.00000 0.00000
1611086986960009 0.71284 -0.70133 0.00000 -113.15397 -0.70133 -0.71284 0.00000 75.09965 0.00000 -0.00000 -1.00000 0.00000
1611086987210638 0.72703 -0.68660 0.00000 -116.57183 -0.68660 -0.72703 0.00000 72.72100 0.00000 -0.00000 -1.00000 0.00000
1611086987460640 0.74018 -0.67241 0.00000 -119.89460 -0.67241 -0.74018 0.00000 70.39810 0.00000 -0.00000 -1.00000 0.00000
1611086987710645 0.75293 -0.65811 0.00000 -123.11835 -0.65811 -0.75293 0.00000 68.04181 0.00000 -0.00000 -1.00000 0.00000
1611086987960644 0.76666 -0.64206 0.00000 -126.38904 -0.64206 -0.76666 0.00000 65.37610 0.00000 -0.00000 -1.00000 0.00000
1611086988210654 0.78162 -0.62375 0.00000 -129.76662 -0.62375 -0.78162 0.00000 62.32536 0.00000 -0.00000 -1.00000 0.00000
1611086988460648 0.79733 -0.60354 0.00000 -133.15794 -0.60354 -0.79733 0.00000 58.94574 0.00000 -0.00000 -1.00000 0.00000
1611086988710028 0.81268 -0.58271 0.00000 -136.44896 -0.58271 -0.81268 0.00000 55.43516 0.00000 -0.00000 -1.00000 0.00000
1611086988960659 0.82678 -0.56253 0.00000 -139.58273 -0.56253 -0.82678 0.00000 52.01702 0.00000 -0.00000 -1.00000 0.00000
1611086989210664 0.84105 -0.54096 0.00000 -142.67161 -0.54096 -0.84105 0.00000 48.34927 0.00000 -0.00000 -1.00000 0.00000
1611086989460663 0.85472 -0.51909 0.00000 -145.62753 -0.51909 -0.85472 0.00000 44.60826 0.00000 -0.00000 -1.00000 0.00000
1611086989710666 0.87026 -0.49260 0.00000 -148.66073 -0.49260 -0.87026 0.00000 40.07566 0.00000 -0.00000 -1.00000 0.00000
1611086989960674 0.89251 -0.45102 0.00000 -152.06708 -0.45102 -0.89251 0.00000 32.96156 0.00000 -0.00000 -1.00000 0.00000
1611086990211304 0.91895 -0.39438 0.00000 -155.44116 -0.39438 -0.91895 0.00000 23.34369 0.00000 -0.00000 -1.00000 0.00000
1611086990460684 0.94846 -0.31689 0.00000 -158.37169 -0.31689 -0.94846 0.00000 10.33156 0.00000 -0.00000 -1.00000 0.00000
1611086990710680 0.97457 -0.22408 0.00000 -160.07321 -0.22408 -0.97457 0.00000 -5.03177 0.00000 -0.00000 -1.00000 0.00000
1611086990960683 0.99384 -0.11084 0.00000 -159.79671 -0.11084 -0.99384 0.00000 -23.41406 0.00000 -0.00000 -1.00000 0.00000
1611086991211312 0.99988 0.01531 0.00000 -156.83315 0.01531 -0.99988 0.00000 -43.41298 0.00000 0.00000 -1.00000 0.00000
1611086991461318 0.98820 0.15316 0.00000 -150.51793 0.15316 -0.98820 0.00000 -64.66916 0.00000 0.00000 -1.00000 0.00000
1611086991711318 0.95432 0.29879 0.00000 -140.30794 0.29879 -0.95432 0.00000 -86.41046 0.00000 0.00000 -1.00000 0.00000
1611086991961322 0.89564 0.44478 0.00000 -126.07896 0.44478 -0.89564 0.00000 -107.36818 0.00000 0.00000 -1.00000 0.00000
1611086992211950 0.80845 0.58857 0.00000 -107.33647 0.58857 -0.80845 0.00000 -127.01006 0.00000 0.00000 -1.00000 0.00000
1611086992461323 0.68991 0.72390 0.00000 -83.83693 0.72390 -0.68991 0.00000 -144.17722 0.00000 0.00000 -1.00000 0.00000
1611086992711961 0.54461 0.83869 0.00000 -56.79569 0.83869 -0.54461 0.00000 -157.18194 0.00000 0.00000 -1.00000 0.00000
1611086992962579 0.38045 0.92480 0.00000 -27.77215 0.92480 -0.38045 0.00000 -164.94940 0.00000 0.00000 -1.00000 0.00000
1611086993212583 0.20060 0.97967 0.00000 2.65479 0.97967 -0.20060 0.00000 -167.23577 0.00000 0.00000 -1.00000 0.00000
1611086993462589 0.01191 0.99993 0.00000 33.25750 0.99993 -0.01191 0.00000 -163.73175 0.00000 0.00000 -1.00000 0.00000
1611086993713217 -0.17619 0.98436 0.00000 62.48786 0.98436 0.17619 0.00000 -154.56076 0.00000 0.00000 -1.00000 0.00000
1611086993963227 -0.35390 0.93528 0.00000 88.84277 0.93528 0.35390 0.00000 -140.45476 0.00000 0.00000 -1.00000 0.00000
1611086994213850 -0.51328 0.85822 0.00000 111.22705 0.85822 0.51328 0.00000 -122.61719 0.00000 0.00000 -1.00000 0.00000
1611086994463851 -0.64793 0.76170 0.00000 128.91861 0.76170 0.64793 0.00000 -102.57718 0.00000 0.00000 -1.00000 0.00000
1611086994713856 -0.76275 0.64669 0.00000 142.76818 0.64669 0.76275 0.00000 -80.35359 0.00000 0.00000 -1.00000 0.00000
1611086994964483 -0.85015 0.52654 0.00000 151.97891 0.52654 0.85015 0.00000 -58.33817 0.00000 0.00000 -1.00000 0.00000
1611086995214482 -0.91209 0.41000 0.00000 157.16421 0.41000 0.91209 0.00000 -37.85084 0.00000 0.00000 -1.00000 0.00000
1611086995465110 -0.95192 0.30635 0.00000 159.18574 0.30635 0.95192 0.00000 -20.21137 0.00000 0.00000 -1.00000 0.00000
1611086995715739 -0.97457 0.22410 0.00000 159.08836 0.22410 0.97457 0.00000 -6.58419 0.00000 0.00000 -1.00000 0.00000
1611086995965754 -0.98608 0.16627 0.00000 157.89897 0.16627 0.98608 0.00000 2.77978 0.00000 0.00000 -1.00000 0.00000
1611086996215751 -0.99113 0.13288 0.00000 156.36798 0.13288 0.99113 0.00000 8.10535 0.00000 0.00000 -1.00000 0.00000
1611086996465747 -0.99367 0.11231 0.00000 154.78792 0.11231 0.99367 0.00000 11.27996 0.00000 0.00000 -1.00000 0.00000
1611086996715754 -0.99410 0.10844 0.00000 153.30954 0.10844 0.99410 0.00000 11.87658 0.00000 0.00000 -1.00000 0.00000
1611086996966378 -0.99309 0.11733 0.00000 151.90158 0.11733 0.99309 0.00000 10.47302 0.00000 0.00000 -1.00000 0.00000
1611086997216383 -0.99007 0.14059 0.00000 150.56227 0.14059 0.99007 0.00000 6.91378 0.00000 0.00000 -1.00000 0.00000
1611086997466386 -0.98469 0.17433 0.00000 149.14562 0.17433 0.98469 0.00000 1.75982 0.00000 0.00000 -1.00000 0.00000
1611086997716388 -0.97664 0.21489 0.00000 147.45410 0.21489 0.97664 0.00000 -4.42694 0.00000 0.00000 -1.00000 0.00000
1611086997965768 -0.96704 0.25461 0.00000 145.48955 0.25461 0.96704 0.00000 -10.47879 0.00000 0.00000 -1.00000 0.00000
1611086998215771 -0.95522 0.29590 0.00000 143.23392 0.29590 0.95522 0.00000 -16.74767 0.00000 0.00000 -1.00000 0.00000
1611086998465770 -0.94032 0.34030 0.00000 140.59113 0.34030 0.94032 0.00000 -23.45474 0.00000 0.00000 -1.00000 0.00000
1611086998715785 -0.92171 0.38787 0.00000 137.46963 0.38787 0.92171 0.00000 -30.62986 0.00000 0.00000 -1.00000 0.00000
1611086998965150 -0.90172 0.43232 0.00000 134.03997 0.43232 0.90172 0.00000 -37.30969 0.00000 0.00000 -1.00000 0.00000
1611086999215779 -0.87993 0.47511 0.00000 130.28168 0.47511 0.87993 0.00000 -43.70960 0.00000 0.00000 -1.00000 0.00000
1611086999465780 -0.85466 0.51920 0.00000 126.05258 0.51920 0.85466 0.00000 -50.27057 0.00000 0.00000 -1.00000 0.00000
1611086999715785 -0.82429 0.56617 0.00000 121.16446 0.56617 0.82429 0.00000 -57.25892 0.00000 0.00000 -1.00000 0.00000
1611086999965173 -0.79143 0.61125 0.00000 115.91437 0.61125 0.79143 0.00000 -63.95504 0.00000 0.00000 -1.00000 0.00000
1611087000215176 -0.75650 0.65399 0.00000 110.33549 0.65399 0.75650 0.00000 -70.27553 0.00000 0.00000 -1.00000 0.00000
1611087000465168 -0.72419 0.68960 0.00000 104.96284 0.68960 0.72419 0.00000 -75.51505 0.00000 0.00000 -1.00000 0.00000
1611087000714549 -0.69356 0.72040 0.00000 99.75023 0.72040 0.69356 0.00000 -79.99979 0.00000 0.00000 -1.00000 0.00000
1611087000963927 -0.66439 0.74739 0.00000 94.64713 0.74739 0.66439 0.00000 -83.89903 0.00000 0.00000 -1.00000 0.00000
1611087001214559 -0.63753 0.77042 0.00000 89.75913 0.77042 0.63753 0.00000 -87.21161 0.00000 0.00000 -1.00000 0.00000
1611087001464555 -0.61786 0.78629 0.00000 85.71589 0.78629 0.61786 0.00000 -89.49376 0.00000 0.00000 -1.00000 0.00000
1611087001714560 -0.60549 0.79585 0.00000 82.47713 0.79585 0.60549 0.00000 -90.88014 0.00000 0.00000 -1.00000 0.00000
1611087001964566 -0.59511 0.80365 0.00000 79.43858 0.80365 0.59511 0.00000 -91.97948 0.00000 0.00000 -1.00000 0.00000
1611087002214574 -0.58500 0.81104 0.00000 76.42444 0.81104 0.58500 0.00000 -93.00463 0.00000 0.00000 -1.00000 0.00000
1611087002464577 -0.57788 0.81612 0.00000 73.70592 0.81612 0.57788 0.00000 -93.70382 0.00000 0.00000 -1.00000 0.00000
1611087002714574 -0.57112 0.82087 0.00000 71.00473 0.82087 0.57112 0.00000 -94.35447 0.00000 0.00000 -1.00000 0.00000
1611087002964579 -0.57259 0.81984 0.00000 69.23403 0.81984 0.57259 0.00000 -94.27996 0.00000 0.00000 -1.00000 0.00000
1611087003214581 -0.58038 0.81434 0.00000 68.18765 0.81434 0.58038 0.00000 -93.67209 0.00000 0.00000 -1.00000 0.00000
1611087003464585 -0.59503 0.80370 0.00000 67.93147 0.80370 0.59503 0.00000 -92.48236 0.00000 0.00000 -1.00000 0.00000
1611087003714593 -0.61549 0.78814 0.00000 68.35509 0.78814 0.61549 0.00000 -90.77163 0.00000 0.00000 -1.00000 0.00000
1611087003964597 -0.64258 0.76622 0.00000 69.54902 0.76622 0.64258 0.00000 -88.40127 0.00000 0.00000 -1.00000 0.00000
1611087004215229 -0.67255 0.74005 0.00000 71.09644 0.74005 0.67255 0.00000 -85.62731 0.00000 0.00000 -1.00000 0.00000
1611087004465226 -0.70263 0.71155 0.00000 72.68259 0.71155 0.70263 0.00000 -82.67682 0.00000 0.00000 -1.00000 0.00000
1611087004715229 -0.73280 0.68045 0.00000 74.33232 0.68045 0.73280 0.00000 -79.50397 0.00000 0.00000 -1.00000 0.00000
1611087004965229 -0.76350 0.64580 0.00000 76.11104 0.64580 0.76350 0.00000 -76.04699 0.00000 0.00000 -1.00000 0.00000
1611087005215857 -0.79727 0.60362 0.00000 78.26974 0.60362 0.79727 0.00000 -71.89123 0.00000 0.00000 -1.00000 0.00000
1611087005466484 -0.83063 0.55683 0.00000 80.48244 0.55683 0.83063 0.00000 -67.35294 0.00000 0.00000 -1.00000 0.00000
1611087005716494 -0.86249 0.50607 0.00000 82.60438 0.50607 0.86249 0.00000 -62.47205 0.00000 0.00000 -1.00000 0.00000
1611087005967116 -0.89255 0.45095 0.00000 84.58462 0.45095 0.89255 0.00000 -57.25093 0.00000 0.00000 -1.00000 0.00000
1611087006216491 -0.92064 0.39041 0.00000 86.42697 0.39041 0.92064 0.00000 -51.54046 0.00000 0.00000 -1.00000 0.00000
1611087006467117 -0.94378 0.33057 0.00000 87.73484 0.33057 0.94378 0.00000 -45.97380 0.00000 0.00000 -1.00000 0.00000
1611087006717140 -0.96330 0.26842 0.00000 88.70643 0.26842 0.96330 0.00000 -40.20732 0.00000 0.00000 -1.00000 0.00000
1611087006967753 -0.97889 0.20437 0.00000 89.31071 0.20437 0.97889 0.00000 -34.35891 0.00000 0.00000 -1.00000 0.00000
1611087007217762 -0.98971 0.14306 0.00000 89.39967 0.14306 0.98971 0.00000 -28.79082 0.00000 0.00000 -1.00000 0.00000
1611087007468383 -0.99622 0.08684 0.00000 89.00766 0.08684 0.99622 0.00000 -23.76621 0.00000 0.00000 -1.00000 0.00000
1611087007718389 -0.99947 0.03241 0.00000 88.27737 0.03241 0.99947 0.00000 -18.94063 0.00000 0.00000 -1.00000 0.00000
1611087007969022 -0.99985 -0.01750 -0.00000 87.17477 -0.01750 0.99985 0.00000 -14.56060 0.00000 0.00000 -1.00000 0.00000
1611087008219650 -0.99829 -0.05845 -0.00000 85.75647 -0.05845 0.99829 0.00000 -11.02457 0.00000 0.00000 -1.00000 0.00000
1611087008469647 -0.99585 -0.09104 -0.00000 84.10987 -0.09104 0.99585 0.00000 -8.27553 0.00000 0.00000 -1.00000 0.00000
1611087008719651 -0.99267 -0.12087 -0.00000 82.37886 -0.12087 0.99267 0.00000 -5.80134 0.00000 0.00000 -1.00000 0.00000
1611087008969023 -0.98926 -0.14614 -0.00000 80.49762 -0.14614 0.98926 0.00000 -3.76094 0.00000 0.00000 -1.00000 0.00000
1611087009217783 -0.98577 -0.16808 -0.00000 78.56611 -0.16808 0.98577 0.00000 -1.99681 0.00000 0.00000 -1.00000 0.00000
1611087009467784 -0.98226 -0.18751 -0.00000 76.58849 -0.18751 0.98226 0.00000 -0.50741 0.00000 0.00000 -1.00000 0.00000
1611087009717788 -0.97873 -0.20513 -0.00000 74.53891 -0.20513 0.97873 0.00000 0.82238 0.00000 0.00000 -1.00000 0.00000
1611087009967168 -0.97572 -0.21900 -0.00000 72.47964 -0.21900 0.97572 0.00000 1.83097 0.00000 0.00000 -1.00000 0.00000
1611087010217169 -0.97341 -0.22909 -0.00000 70.40881 -0.22909 0.97341 0.00000 2.53263 0.00000 0.00000 -1.00000 0.00000
1611087010467173 -0.97153 -0.23693 -0.00000 68.34322 -0.23693 0.97153 0.00000 3.04974 0.00000 0.00000 -1.00000 0.00000
1611087010717803 -0.97000 -0.24311 -0.00000 66.31256 -0.24311 0.97000 0.00000 3.45188 0.00000 0.00000 -1.00000 0.00000
1611087010967803 -0.96862 -0.24855 -0.00000 64.30036 -0.24855 0.96862 0.00000 3.80173 0.00000 0.00000 -1.00000 0.00000
1611087011217808 -0.96775 -0.25190 -0.00000 62.30929 -0.25190 0.96775 0.00000 3.98324 0.00000 0.00000 -1.00000 0.00000
1611087011467811 -0.96679 -0.25556 -0.00000 60.34832 -0.25556 0.96679 0.00000 4.16404 0.00000 0.00000 -1.00000 0.00000
1611087011718455 -0.96636 -0.25720 -0.00000 58.40223 -0.25720 0.96636 0.00000 4.21277 0.00000 0.00000 -1.00000 0.00000
1611087011968456 -0.96654 -0.25651 -0.00000 56.50787 -0.25651 0.96654 0.00000 4.11990 0.00000 0.00000 -1.00000 0.00000
1611087012218441 -0.96662 -0.25622 -0.00000 54.63267 -0.25622 0.96662 0.00000 4.06193 0.00000 0.00000 -1.00000 0.00000
1611087012468444 -0.96666 -0.25606 -0.00000 52.80869 -0.25606 0.96666 0.00000 4.02287 0.00000 0.00000 -1.00000 0.00000
1611087012718451 -0.96646 -0.25680 -0.00000 50.98259 -0.25680 0.96646 0.00000 4.01663 0.00000 0.00000 -1.00000 0.00000
1611087012967828 -0.96629 -0.25744 -0.00000 49.18371 -0.25744 0.96629 0.00000 4.02273 0.00000 0.00000 -1.00000 0.00000
1611087013217834 -0.96620 -0.25781 -0.00000 47.40914 -0.25781 0.96620 0.00000 4.00790 0.00000 0.00000 -1.00000 0.00000
1611087013467835 -0.96569 -0.25969 -0.00000 45.61271 -0.25969 0.96569 0.00000 4.06592 0.00000 0.00000 -1.00000 0.00000
1611087013717840 -0.96548 -0.26046 -0.00000 43.81148 -0.26046 0.96548 0.00000 4.05829 0.00000 0.00000 -1.00000 0.00000
1611087013967842 -0.96510 -0.26188 -0.00000 41.98781 -0.26188 0.96510 0.00000 4.07232 0.00000 0.00000 -1.00000 0.00000
1611087014218467 -0.96499 -0.26228 -0.00000 40.12573 -0.26228 0.96499 0.00000 4.04946 0.00000 0.00000 -1.00000 0.00000
1611087014467845 -0.96683 -0.25541 -0.00000 38.28944 -0.25541 0.96683 0.00000 3.71188 0.00000 0.00000 -1.00000 0.00000
1611087014718483 -0.96857 -0.24873 -0.00000 36.43075 -0.24873 0.96857 0.00000 3.42826 0.00000 0.00000 -1.00000 0.00000
1611087014969101 -0.97064 -0.24055 -0.00000 34.54233 -0.24055 0.97064 0.00000 3.08969 0.00000 0.00000 -1.00000 0.00000
1611087015219741 -0.97218 -0.23425 -0.00000 32.63605 -0.23425 0.97218 0.00000 2.82944 0.00000 0.00000 -1.00000 0.00000
1611087015469114 -0.97376 -0.22756 -0.00000 30.76388 -0.22756 0.97376 0.00000 2.56815 0.00000 0.00000 -1.00000 0.00000
1611087015719115 -0.97538 -0.22054 -0.00000 28.80033 -0.22054 0.97538 0.00000 2.31207 0.00000 0.00000 -1.00000 0.00000
1611087015969113 -0.97707 -0.21291 -0.00000 26.92645 -0.21291 0.97707 0.00000 2.04924 0.00000 0.00000 -1.00000 0.00000
1611087016218489 -0.97822 -0.20757 -0.00000 25.00963 -0.20757 0.97822 0.00000 1.85687 0.00000 0.00000 -1.00000 0.00000
1611087016468499 -0.97919 -0.20297 -0.00000 23.08824 -0.20297 0.97919 0.00000 1.70135 0.00000 0.00000 -1.00000 0.00000
1611087016717873 -0.98009 -0.19854 -0.00000 21.17592 -0.19854 0.98009 0.00000 1.56145 0.00000 0.00000 -1.00000 0.00000
1611087016967876 -0.98104 -0.19379 -0.00000 19.25646 -0.19379 0.98104 0.00000 1.41714 0.00000 0.00000 -1.00000 0.00000
1611087017217881 -0.98197 -0.18905 -0.00000 17.34656 -0.18905 0.98197 0.00000 1.28847 0.00000 0.00000 -1.00000 0.00000
1611087017467258 -0.98301 -0.18354 -0.00000 15.42939 -0.18354 0.98301 0.00000 1.15509 0.00000 0.00000 -1.00000 0.00000
1611087017717888 -0.98431 -0.17643 -0.00000 13.55479 -0.17643 0.98431 0.00000 1.01786 0.00000 0.00000 -1.00000 0.00000
1611087017967889 -0.98566 -0.16876 -0.00000 11.64964 -0.16876 0.98566 0.00000 0.88176 0.00000 0.00000 -1.00000 0.00000
1611087018217889 -0.98648 -0.16388 -0.00000 9.73028 -0.16388 0.98648 0.00000 0.79394 0.00000 0.00000 -1.00000 0.00000
1611087018467890 -0.98729 -0.15893 -0.00000 7.79130 -0.15893 0.98729 0.00000 0.71548 0.00000 0.00000 -1.00000 0.00000
1611087018717276 -0.98766 -0.15660 -0.00000 5.81234 -0.15660 0.98766 0.00000 0.67834 0.00000 0.00000 -1.00000 0.00000
1611087018967277 -0.98764 -0.15676 -0.00000 3.81949 -0.15676 0.98764 0.00000 0.64997 0.00000 0.00000 -1.00000 0.00000
1611087019217911 -0.98750 -0.15764 -0.00000 1.77742 -0.15764 0.98750 0.00000 0.63211 0.00000 0.00000 -1.00000 0.00000
1611087019467283 -0.98726 -0.15910 -0.00000 -0.24087 -0.15910 0.98726 0.00000 0.60730 0.00000 0.00000 -1.00000 0.00000
1611087019717914 -0.98699 -0.16078 -0.00000 -2.30969 -0.16078 0.98699 0.00000 0.56621 0.00000 0.00000 -1.00000 0.00000
1611087019967919 -0.98641 -0.16428 -0.00000 -4.37993 -0.16428 0.98641 0.00000 0.51989 0.00000 0.00000 -1.00000 0.00000
1611087020217919 -0.98554 -0.16946 -0.00000 -6.45008 -0.16946 0.98554 0.00000 0.44481 0.00000 0.00000 -1.00000 0.00000
1611087020467919 -0.98440 -0.17595 -0.00000 -8.54378 -0.17595 0.98440 0.00000 0.34535 0.00000 0.00000 -1.00000 0.00000
