1. 0. 0. 0. 0. -1. -0. 0. 0. 0. -1. 0.
1. 0.000 0. -0.029 0.000 -1. -0. -0.003 0. 0. -1. 0.
1. -0.001 -0. -0.018 -0.001 -1. -0. 0.011 0. 0. -1. 0.
1. 0.001 0. 0.021 0.001 -1. -0. 0.051 0. 0. -1. 0.
1. 0.003 0. -0.018 0.003 -1. -0. 0.040 0. 0. -1. 0.
1. 0.000 0. -0.022 0.000 -1. -0. -0.014 0. 0. -1. 0.
1. 0.004 0. 0.003 0.004 -1. -0. -0.011 0. 0. -1. 0.
1. -0.001 -0. 0.028 -0.001 -1. -0. 0.041 0. 0. -1. 0.
1. 0.001 0. 0.007 0.001 -1. -0. 0.030 0. 0. -1. 0.
1. 0.004 0. 0.014 0.004 -1. -0. 0.010 0. 0. -1. 0.
1. 0.003 0. 0.022 0.003 -1. -0. -0.015 0. 0. -1. 0.
1. 0.001 0. 0.005 0.001 -1. -0. 0.049 0. 0. -1. 0.
1. 0.004 0. -0.009 0.004 -1. -0. 0.012 0. 0. -1. 0.
1. 0.002 0. 0.030 0.002 -1. -0. 0.049 0. 0. -1. 0.
1. 0.002 0. -0.016 0.002 -1. -0. -0.017 0. 0. -1. 0.
1. 0.004 0. -0.010 0.004 -1. -0. 0.037 0. 0. -1. 0.
1. 0.000 0. 0.012 0.000 -1. -0. -0.042 0. 0. -1. 0.
1. -0.000 -0. -0.021 -0.000 -1. -0. -0.015 0. 0. -1. 0.
1. 0.001 0. -0.024 0.001 -1. -0. -0.048 0. 0. -1. 0.
1. 0.000 0. 0.001 0.000 -1. -0. 0.002 0. 0. -1. 0.
1. 0.001 0. -0.002 0.001 -1. -0. -0.004 0. 0. -1. 0.
1. 0.005 0. 0.020 0.005 -1. -0. 0.041 0. 0. -1. 0.
1. 0.004 0. 0.006 0.004 -1. -0. 0.000 0. 0. -1. 0.
1. 0.003 0. -0.009 0.003 -1. -0. -0.004 0. 0. -1. 0.
1. 0.001 0. -0.015 0.001 -1. -0. -0.040 0. 0. -1. 0.
1. -0.001 -0. -0.026 -0.001 -1. -0. -0.008 0. 0. -1. 0.
1. 0.003 0. -0.010 0.003 -1. -0. -0.007 0. 0. -1. 0.
1. 0.002 0. 0.021 0.002 -1. -0. 0.042 0. 0. -1. 0.
1. 0.002 0. -0.022 0.002 -1. -0. -0.003 0. 0. -1. 0.
1. 0.002 0. 0.016 0.002 -1. -0. 0.102 0. 0. -1. 0.
1. 0.005 0. 0.015 0.005 -1. -0. -0.017 0. 0. -1. 0.
1. -0.001 -0. 0.011 -0.001 -1. -0. -0.014 0. 0. -1. 0.
1. -0. -0. -0.028 -0. -1. -0. -0.036 0. 0. -1. 0.
1. 0.004 0. 0.024 0.004 -1. -0. -0.022 0. 0. -1. 0.
1. 0.001 0. 0.022 0.001 -1. -0. -0.007 0. 0. -1. 0.
1. -0.003 -0. -0.026 -0.003 -1. -0. -0.000 0. 0. -1. 0.
1. 0.002 0. 0.004 0.002 -1. -0. 0.037 0. 0. -1. 0.
1. 0.002 0. 0.044 0.002 -1. -0. 0.007 0. 0. -1. 0.
1. 0.002 0. -0.019 0.002 -1. -0. -0.013 0. 0. -1. 0.
1. 0.001 0. -0.027 0.001 -1. -0. -0.018 0. 0. -1. 0.
1. 0.004 0. -0.006 0.004 -1. -0. 0.017 0. 0. -1. 0.
1. 0.000 0. 0.005 0.000 -1. -0. 0.022 0. 0. -1. 0.
1. 0.002 0. -0.019 0.002 -1. -0. -0.039 0. 0. -1. 0.
1. -0.001 -0. -0.002 -0.001 -1. -0. 0.022 0. 0. -1. 0.
1. -0.000 -0. 0.014 -0.000 -1. -0. 0.024 0. 0. -1. 0.
1. 0.002 0. 0.009 0.002 -1. -0. 0.014 0. 0. -1. 0.
1. -0.003 -0. 0.005 -0.003 -1. -0. 0.030 0. 0. -1. 0.
1. 0.003 0. 0.038 0.003 -1. -0. -0.012 0. 0. -1. 0.
1. 0.000 0. -0.019 0.000 -1. -0. -0.033 0. 0. -1. 0.
1. 0.001 0. 0.004 0.001 -1. -0. -0.046 0. 0. -1. 0.
1. -0.001 -0. 0.021 -0.001 -1. -0. -0.032 0. 0. -1. 0.
1. -0.001 -0. -0.009 -0.001 -1. -0. -0.018 0. 0. -1. 0.
1. 0.001 0. -0.007 0.001 -1. -0. -0.023 0. 0. -1. 0.
1. -0.001 -0. -0.009 -0.001 -1. -0. 0.025 0. 0. -1. 0.
1. -0.001 -0. -0.022 -0.001 -1. -0. 0.007 0. 0. -1. 0.
1. -0.001 -0. 0.008 -0.001 -1. -0. 0.032 0. 0. -1. 0.
1. 0.004 0. 0.009 0.004 -1. -0. -0.004 0. 0. -1. 0.
1. 0.005 0. -0.006 0.005 -1. -0. -0.022 0. 0. -1. 0.
1. 0.002 0. 0.009 0.002 -1. -0. 0.043 0. 0. -1. 0.
1. 0.003 0. -0.017 0.003 -1. -0. -0.007 0. 0. -1. 0.
1. -0.002 -0. 0.010 -0.002 -1. -0. 0.030 0. 0. -1. 0.
1. -0.001 -0. -0.019 -0.001 -1. -0. -0.017 0. 0. -1. 0.
1. 0.003 0. -0.025 0.003 -1. -0. -0.053 0. 0. -1. 0.
1. 0.001 0. 0.018 0.001 -1. -0. -0.002 0. 0. -1. 0.
1. 0.002 0. -0.007 0.002 -1. -0. -0.059 0. 0. -1. 0.
1. 0.001 0. -0.013 0.001 -1. -0. -0.054 0. 0. -1. 0.
1. -0.001 -0. 0.007 -0.001 -1. -0. 0.030 0. 0. -1. 0.
1. 0.004 0. 0.014 0.004 -1. -0. -0.005 0. 0. -1. 0.
1. 0.003 0. 0.002 0.003 -1. -0. -0.009 0. 0. -1. 0.
1. 0.003 0. -0.038 0.003 -1. -0. -0.007 0. 0. -1. 0.
1. 0. 0. 0.033 0. -1. -0. 0.041 0. 0. -1. 0.
1. -0.000 -0. 0.023 -0.000 -1. -0. -0.017 0. 0. -1. 0.
1. 0.001 0. -0.013 0.001 -1. -0. -0.005 0. 0. -1. 0.
1. 0.004 0. 0.006 0.004 -1. -0. -0.022 0. 0. -1. 0.
1. 0.001 0. 0.032 0.001 -1. -0. 0.041 0. 0. -1. 0.
1. 0.001 0. -0.021 0.001 -1. -0. -0.001 0. 0. -1. 0.
1. -0.002 -0. 0.002 -0.002 -1. -0. 0.019 0. 0. -1. 0.
1. 0.005 0. 0.014 0.005 -1. -0. -0.013 0. 0. -1. 0.
1. 0.001 0. 0.028 0.001 -1. -0. 0.014 0. 0. -1. 0.
1. 0.001 0. -0.010 0.001 -1. -0. -0.011 0. 0. -1. 0.
1. 0.003 0. -0.020 0.003 -1. -0. 0.028 0. 0. -1. 0.
1. 0.001 0. 0.011 0.001 -1. -0. 0.030 0. 0. -1. 0.
1. 0.003 0. 0.000 0.003 -1. -0. -0.009 0. 0. -1. 0.
1. 0.001 0. -0.008 0.001 -1. -0. -0.065 0. 0. -1. 0.
1. -0.003 -0. 0.005 -0.003 -1. -0. -0.025 0. 0. -1. 0.
1. 0.003 0. 0.013 0.003 -1. -0. 0.007 0. 0. -1. 0.
1. 0.002 0. 0.026 0.002 -1. -0. -0.036 0. 0. -1. 0.
1. 0.002 0. -0.006 0.002 -1. -0. -0.039 0. 0. -1. 0.
1. 0.002 0. 0.007 0.002 -1. -0. -0.034 0. 0. -1. 0.
1. 0.001 0. -0.019 0.001 -1. -0. -0.053 0. 0. -1. 0.
1. -0.001 -0. -0.001 -0.001 -1. -0. -0.005 0. 0. -1. 0.
1. 0.001 0. -0.022 0.001 -1. -0. -0.046 0. 0. -1. 0.
1. 0.001 0. -0.017 0.001 -1. -0. -0.060 0. 0. -1. 0.
1. -0.001 -0. 0.025 -0.001 -1. -0. 0.022 0. 0. -1. 0.
1. 0.002 0. 0.006 0.002 -1. -0. -0.001 0. 0. -1. 0.
1. 0.000 0. 0.003 0.000 -1. -0. -0.006 0. 0. -1. 0.
1. -0.002 -0. -0.011 -0.002 -1. -0. 0.024 0. 0. -1. 0.
1. -0.002 -0. -0.004 -0.002 -1. -0. 0.033 0. 0. -1. 0.
1. -0.001 -0. 0.015 -0.001 -1. -0. 0.042 0. 0. -1. 0.
1. 0.002 0. 0.020 0.002 -1. -0. 0.035 0. 0. -1. 0.
1. 0.006 0. 0.026 0.006 -1. -0. 0.006 0. 0. -1. 0.
1. 0.004 0. 0.015 0.004 -1. -0. -0.018 0. 0. -1. 0.
1. 0.000 0. 0.042 0.000 -1. -0. -0.041 0. 0. -1. 0.
1. -0.002 -0. 0.075 -0.002 -1. -0. 0.015 0. 0. -1. 0.
1. 0.001 0. 0.099 0.001 -1. -0. -0.083 0. 0. -1. 0.
1. -0.002 -0. 0.132 -0.002 -1. -0. -0.062 0. 0. -1. 0.
1. -0.003 -0. 0.220 -0.003 -1. -0. -0.060 0. 0. -1. 0.
1. -0.002 -0. 0.254 -0.002 -1. -0. -0.039 0. 0. -1. 0.
1. -0.003 -0. 0.349 -0.003 -1. -0. 0.006 0. 0. -1. 0.
1. -0.013 -0. 0.424 -0.013 -1. -0. -0.113 0. 0. -1. 0.
1. -0.012 -0. 0.435 -0.012 -1. -0. -0.035 0. 0. -1. 0.
1.000 -0.018 -0. 0.567 -0.018 -1.000 -0. -0.036 0. 0. -1. 0.
1.000 -0.027 -0. 0.653 -0.027 -1.000 -0. -0.045 0. 0. -1. 0.
1.000 -0.026 -0. 0.855 -0.026 -1.000 -0. -0.031 0. 0. -1. 0.
1.000 -0.025 -0. 0.987 -0.025 -1.000 -0. 0.019 0. 0. -1. 0.
1.000 -0.021 -0. 1.083 -0.021 -1.000 -0. -0.053 0. 0. -1. 0.
1.000 -0.021 -0. 1.272 -0.021 -1.000 -0. -0.114 0. 0. -1. 0.
1.000 -0.025 -0. 1.480 -0.025 -1.000 -0. -0.075 0. 0. -1. 0.
1.000 -0.020 -0. 1.655 -0.020 -1.000 -0. -0.056 0. 0. -1. 0.
1.000 -0.021 -0. 1.806 -0.021 -1.000 -0. -0.087 0. 0. -1. 0.
1.000 -0.021 -0. 1.964 -0.021 -1.000 -0. -0.060 0. 0. -1. 0.
1.000 -0.027 -0. 2.196 -0.027 -1.000 -0. 0.017 0. 0. -1. 0.
1.000 -0.019 -0. 2.360 -0.019 -1.000 -0. -0.061 0. 0. -1. 0.
1.000 -0.027 -0. 2.615 -0.027 -1.000 -0. -0.047 0. 0. -1. 0.
1.000 -0.031 -0. 2.826 -0.031 -1.000 -0. -0.085 0. 0. -1. 0.
0.999 -0.033 -0. 2.990 -0.033 -0.999 -0. -0.078 0. 0. -1. 0.
0.999 -0.038 -0. 3.071 -0.038 -0.999 -0. -0.096 0. 0. -1. 0.
0.999 -0.041 -0. 3.192 -0.041 -0.999 -0. -0.140 0. 0. -1. 0.
0.999 -0.042 -0. 3.263 -0.042 -0.999 -0. -0.191 0. 0. -1. 0.
0.999 -0.040 -0. 3.317 -0.040 -0.999 -0. -0.168 0. 0. -1. 0.
0.999 -0.041 -0. 3.359 -0.041 -0.999 -0. -0.115 0. 0. -1. 0.
0.999 -0.043 -0. 3.371 -0.043 -0.999 -0. -0.107 0. 0. -1. 0.
0.999 -0.042 -0. 3.407 -0.042 -0.999 -0. -0.048 0. 0. -1. 0.
0.999 -0.042 -0. 3.410 -0.042 -0.999 -0. -0.080 0. 0. -1. 0.
0.999 -0.039 -0. 3.388 -0.039 -0.999 -0. -0.064 0. 0. -1. 0.
0.999 -0.038 -0. 3.400 -0.038 -0.999 -0. -0.004 0. 0. -1. 0.
0.999 -0.035 -0. 3.381 -0.035 -0.999 -0. -0.078 0. 0. -1. 0.
0.999 -0.036 -0. 3.401 -0.036 -0.999 -0. -0.070 0. 0. -1. 0.
0.999 -0.040 -0. 3.386 -0.040 -0.999 -0. -0.183 0. 0. -1. 0.
0.999 -0.042 -0. 3.410 -0.042 -0.999 -0. -0.088 0. 0. -1. 0.
0.999 -0.038 -0. 3.469 -0.038 -0.999 -0. -0.041 0. 0. -1. 0.
0.999 -0.033 -0. 3.484 -0.033 -0.999 -0. -0.071 0. 0. -1. 0.
0.999 -0.032 -0. 3.512 -0.032 -0.999 -0. -0.093 0. 0. -1. 0.
1.000 -0.031 -0. 3.535 -0.031 -1.000 -0. -0.127 0. 0. -1. 0.
1.000 -0.025 -0. 3.595 -0.025 -1.000 -0. -0.055 0. 0. -1. 0.
1.000 -0.019 -0. 3.598 -0.019 -1.000 -0. -0.060 0. 0. -1. 0.
1.000 -0.030 -0. 3.643 -0.030 -1.000 -0. -0.036 0. 0. -1. 0.
1.000 -0.023 -0. 3.624 -0.023 -1.000 -0. -0.123 0. 0. -1. 0.
1.000 -0.019 -0. 3.649 -0.019 -1.000 -0. -0.052 0. 0. -1. 0.
1.000 -0.018 -0. 3.671 -0.018 -1.000 -0. -0.064 0. 0. -1. 0.
1.000 -0.029 -0. 3.642 -0.029 -1.000 -0. -0.070 0. 0. -1. 0.
0.999 -0.032 -0. 3.622 -0.032 -0.999 -0. -0.107 0. 0. -1. 0.
1.000 -0.026 -0. 3.632 -0.026 -1.000 -0. -0.130 0. 0. -1. 0.
1.000 -0.023 -0. 3.652 -0.023 -1.000 -0. -0.080 0. 0. -1. 0.
1.000 -0.030 -0. 3.650 -0.030 -1.000 -0. -0.099 0. 0. -1. 0.
0.999 -0.032 -0. 3.639 -0.032 -0.999 -0. -0.089 0. 0. -1. 0.
1.000 -0.024 -0. 3.617 -0.024 -1.000 -0. -0.187 0. 0. -1. 0.
1.000 -0.026 -0. 3.637 -0.026 -1.000 -0. -0.154 0. 0. -1. 0.
1.000 -0.028 -0. 3.665 -0.028 -1.000 -0. -0.052 0. 0. -1. 0.
1.000 -0.021 -0. 3.646 -0.021 -1.000 -0. -0.132 0. 0. -1. 0.
1.000 -0.023 -0. 3.666 -0.023 -1.000 -0. -0.087 0. 0. -1. 0.
0.999 -0.034 -0. 3.666 -0.034 -0.999 -0. -0.080 0. 0. -1. 0.
0.999 -0.038 -0. 3.821 -0.038 -0.999 -0. -0.086 0. 0. -1. 0.
0.999 -0.044 -0. 4.002 -0.044 -0.999 -0. -0.064 0. 0. -1. 0.
0.998 -0.057 -0. 4.276 -0.057 -0.998 -0. -0.150 0. 0. -1. 0.
0.997 -0.082 -0. 4.612 -0.082 -0.997 -0. -0.188 0. 0. -1. 0.
0.994 -0.106 -0. 4.992 -0.106 -0.994 -0. -0.225 0. 0. -1. 0.
0.992 -0.126 -0. 5.397 -0.126 -0.992 -0. -0.357 0. 0. -1. 0.
0.990 -0.141 -0. 5.875 -0.141 -0.990 -0. -0.458 0. 0. -1. 0.
0.987 -0.161 -0. 6.406 -0.161 -0.987 -0. -0.595 0. 0. -1. 0.
0.985 -0.172 -0. 7.085 -0.172 -0.985 -0. -0.651 0. 0. -1. 0.
0.986 -0.170 -0. 7.746 -0.170 -0.986 -0. -0.749 0. 0. -1. 0.
0.985 -0.173 -0. 8.495 -0.173 -0.985 -0. -0.915 0. 0. -1. 0.
0.984 -0.178 -0. 9.095 -0.178 -0.984 -0. -1.156 0. 0. -1. 0.
0.983 -0.184 -0. 9.846 -0.184 -0.983 -0. -1.217 0. 0. -1. 0.
0.982 -0.187 -0. 10.672 -0.187 -0.982 -0. -1.373 0. 0. -1. 0.
0.981 -0.194 -0. 11.567 -0.194 -0.981 -0. -1.564 0. 0. -1. 0.
0.980 -0.198 -0. 12.378 -0.198 -0.980 -0. -1.768 0. 0. -1. 0.
0.981 -0.194 -0. 13.248 -0.194 -0.981 -0. -1.898 0. 0. -1. 0.
0.982 -0.189 -0. 14.150 -0.189 -0.982 -0. -2.074 0. 0. -1. 0.
0.982 -0.191 -0. 15.123 -0.191 -0.982 -0. -2.257 0. 0. -1. 0.
0.982 -0.187 -0. 16.088 -0.187 -0.982 -0. -2.556 0. 0. -1. 0.
0.985 -0.174 -0. 17.117 -0.174 -0.985 -0. -2.697 0. 0. -1. 0.
0.987 -0.158 -0. 18.066 -0.158 -0.987 -0. -2.848 0. 0. -1. 0.
0.989 -0.150 -0. 19.080 -0.150 -0.989 -0. -2.989 0. 0. -1. 0.
0.990 -0.142 -0. 20.169 -0.142 -0.990 -0. -3.174 0. 0. -1. 0.
0.992 -0.129 -0. 21.275 -0.129 -0.992 -0. -3.298 0. 0. -1. 0.
0.993 -0.120 -0. 22.461 -0.120 -0.993 -0. -3.525 0. 0. -1. 0.
0.994 -0.108 -0. 23.623 -0.108 -0.994 -0. -3.716 0. 0. -1. 0.
0.995 -0.096 -0. 24.798 -0.096 -0.995 -0. -3.854 0. 0. -1. 0.
0.997 -0.074 -0. 26.114 -0.074 -0.997 -0. -3.943 0. 0. -1. 0.
0.998 -0.058 -0. 27.350 -0.058 -0.998 -0. -3.995 0. 0. -1. 0.
0.999 -0.041 -0. 28.578 -0.041 -0.999 -0. -4.079 0. 0. -1. 0.
0.999 -0.032 -0. 29.957 -0.032 -0.999 -0. -4.135 0. 0. -1. 0.
1.000 -0.026 -0. 31.270 -0.026 -1.000 -0. -4.291 0. 0. -1. 0.
1.000 -0.023 -0. 32.561 -0.023 -1.000 -0. -4.287 0. 0. -1. 0.
1.000 -0.020 -0. 33.892 -0.020 -1.000 -0. -4.212 0. 0. -1. 0.
1.000 -0.017 -0. 35.248 -0.017 -1.000 -0. -4.409 0. 0. -1. 0.
1. -0.010 -0. 36.437 -0.010 -1. -0. -4.427 0. 0. -1. 0.
1. -0.002 -0. 37.695 -0.002 -1. -0. -4.391 0. 0. -1. 0.
1. -0.002 -0. 39.008 -0.002 -1. -0. -4.483 0. 0. -1. 0.
1. -0.012 -0. 40.264 -0.012 -1. -0. -4.448 0. 0. -1. 0.
1. -0.011 -0. 41.396 -0.011 -1. -0. -4.572 0. 0. -1. 0.
1. -0.006 -0. 42.546 -0.006 -1. -0. -4.538 0. 0. -1. 0.
1. -0.001 -0. 43.744 -0.001 -1. -0. -4.637 0. 0. -1. 0.
1. 0.000 0. 44.875 0.000 -1. -0. -4.639 0. 0. -1. 0.
1. -0.000 -0. 45.953 -0.000 -1. -0. -4.745 0. 0. -1. 0.
1. -0.001 -0. 46.990 -0.001 -1. -0. -4.626 0. 0. -1. 0.
1. 0.008 0. 48.093 0.008 -1. -0. -4.697 0. 0. -1. 0.
1. 0.012 0. 49.111 0.012 -1. -0. -4.728 0. 0. -1. 0.
1. 0.009 0. 50.108 0.009 -1. -0. -4.717 0. 0. -1. 0.
1. 0.010 0. 51.143 0.010 -1. -0. -4.671 0. 0. -1. 0.
1. 0.006 0. 52.218 0.006 -1. -0. -4.643 0. 0. -1. 0.
1. 0.004 0. 53.233 0.004 -1. -0. -4.645 0. 0. -1. 0.
1. -0.001 -0. 54.347 -0.001 -1. -0. -4.687 0. 0. -1. 0.
1. -0.006 -0. 55.527 -0.006 -1. -0. -4.698 0. 0. -1. 0.
1. -0.004 -0. 56.683 -0.004 -1. -0. -4.761 0. 0. -1. 0.
1. -0.009 -0. 57.946 -0.009 -1. -0. -4.753 0. 0. -1. 0.
1.000 -0.021 -0. 59.124 -0.021 -1.000 -0. -4.810 0. 0. -1. 0.
1.000 -0.028 -0. 60.542 -0.028 -1.000 -0. -4.806 0. 0. -1. 0.
1.000 -0.024 -0. 61.849 -0.024 -1.000 -0. -4.915 0. 0. -1. 0.
1.000 -0.024 -0. 63.326 -0.024 -1.000 -0. -5.054 0. 0. -1. 0.
1.000 -0.023 -0. 64.656 -0.023 -1.000 -0. -5.112 0. 0. -1. 0.
1.000 -0.026 -0. 66.272 -0.026 -1.000 -0. -5.205 0. 0. -1. 0.
1.000 -0.027 -0. 67.727 -0.027 -1.000 -0. -5.183 0. 0. -1. 0.
1.000 -0.027 -0. 69.286 -0.027 -1.000 -0. -5.274 0. 0. -1. 0.
1.000 -0.022 -0. 70.831 -0.022 -1.000 -0. -5.270 0. 0. -1. 0.
1.000 -0.017 -0. 72.306 -0.017 -1.000 -0. -5.360 0. 0. -1. 0.
1.000 -0.021 -0. 73.829 -0.021 -1.000 -0. -5.419 0. 0. -1. 0.
1.000 -0.021 -0. 75.344 -0.021 -1.000 -0. -5.501 0. 0. -1. 0.
1.000 -0.025 -0. 76.831 -0.025 -1.000 -0. -5.547 0. 0. -1. 0.
0.999 -0.032 -0. 78.338 -0.032 -0.999 -0. -5.563 0. 0. -1. 0.
0.999 -0.043 -0. 79.823 -0.043 -0.999 -0. -5.656 0. 0. -1. 0.
0.999 -0.048 -0. 81.318 -0.048 -0.999 -0. -5.778 0. 0. -1. 0.
0.998 -0.056 -0. 82.754 -0.056 -0.998 -0. -5.799 0. 0. -1. 0.
0.997 -0.077 -0. 84.237 -0.077 -0.997 -0. -5.901 0. 0. -1. 0.
0.996 -0.088 -0. 85.667 -0.088 -0.996 -0. -6.087 0. 0. -1. 0.
0.994 -0.112 -0. 87.057 -0.112 -0.994 -0. -6.267 0. 0. -1. 0.
0.989 -0.147 -0. 88.435 -0.147 -0.989 -0. -6.394 0. 0. -1. 0.
0.984 -0.176 -0. 89.796 -0.176 -0.984 -0. -6.695 0. 0. -1. 0.
0.977 -0.211 -0. 91.135 -0.211 -0.977 -0. -7.060 0. 0. -1. 0.
0.969 -0.248 -0. 92.507 -0.248 -0.969 -0. -7.294 0. 0. -1. 0.
0.959 -0.285 -0. 93.837 -0.285 -0.959 -0. -7.749 0. 0. -1. 0.
0.949 -0.317 -0. 95.221 -0.317 -0.949 -0. -8.252 0. 0. -1. 0.
0.932 -0.363 -0. 96.559 -0.363 -0.932 -0. -8.713 0. 0. -1. 0.
0.915 -0.403 -0. 97.735 -0.403 -0.915 -0. -9.374 0. 0. -1. 0.
0.895 -0.447 -0. 98.975 -0.447 -0.895 -0. -10.054 0. 0. -1. 0.
0.873 -0.487 -0. 100.171 -0.487 -0.873 -0. -10.696 0. 0. -1. 0.
0.854 -0.520 -0. 101.320 -0.520 -0.854 -0. -11.429 0. 0. -1. 0.
0.826 -0.563 -0. 102.509 -0.563 -0.826 -0. -12.142 0. 0. -1. 0.
0.803 -0.596 -0. 103.604 -0.596 -0.803 -0. -12.920 0. 0. -1. 0.
0.774 -0.633 -0. 104.641 -0.633 -0.774 -0. -13.843 0. 0. -1. 0.
0.743 -0.669 -0. 105.674 -0.669 -0.743 -0. -14.771 0. 0. -1. 0.
0.713 -0.701 -0. 106.619 -0.701 -0.713 -0. -15.776 0. 0. -1. 0.
0.683 -0.730 -0. 107.716 -0.730 -0.683 -0. -16.843 0. 0. -1. 0.
0.638 -0.770 -0. 108.682 -0.770 -0.638 -0. -17.904 0. 0. -1. 0.
0.599 -0.801 -0. 109.364 -0.801 -0.599 -0. -19.137 0. 0. -1. 0.
0.557 -0.830 -0. 110.191 -0.830 -0.557 -0. -20.379 0. 0. -1. 0.
0.510 -0.860 -0. 110.821 -0.860 -0.510 -0. -21.677 0. 0. -1. 0.
0.459 -0.889 -0. 111.689 -0.889 -0.459 -0. -22.947 0. 0. -1. 0.
0.417 -0.909 -0. 112.329 -0.909 -0.417 -0. -24.308 0. 0. -1. 0.
0.390 -0.921 -0. 112.839 -0.921 -0.390 -0. -25.743 0. 0. -1. 0.
0.370 -0.929 -0. 113.317 -0.929 -0.370 -0. -27.237 0. 0. -1. 0.
0.353 -0.936 -0. 113.992 -0.936 -0.353 -0. -28.721 0. 0. -1. 0.
0.348 -0.938 -0. 114.427 -0.938 -0.348 -0. -30.163 0. 0. -1. 0.
0.350 -0.937 -0. 115.099 -0.937 -0.350 -0. -31.644 0. 0. -1. 0.
0.351 -0.936 -0. 115.638 -0.936 -0.351 -0. -33.224 0. 0. -1. 0.
0.349 -0.937 -0. 116.156 -0.937 -0.349 -0. -34.770 0. 0. -1. 0.
0.350 -0.937 -0. 116.709 -0.937 -0.350 -0. -36.392 0. 0. -1. 0.
0.346 -0.938 -0. 117.291 -0.938 -0.346 -0. -37.975 0. 0. -1. 0.
0.349 -0.937 -0. 118.035 -0.937 -0.349 -0. -39.564 0. 0. -1. 0.
0.358 -0.934 -0. 118.465 -0.934 -0.358 -0. -41.227 0. 0. -1. 0.
0.362 -0.932 -0. 119.087 -0.932 -0.362 -0. -43.013 0. 0. -1. 0.
0.375 -0.927 -0. 119.678 -0.927 -0.375 -0. -44.632 0. 0. -1. 0.
0.389 -0.921 -0. 120.487 -0.921 -0.389 -0. -46.289 0. 0. -1. 0.
0.406 -0.914 -0. 121.030 -0.914 -0.406 -0. -48.001 0. 0. -1. 0.
0.422 -0.906 -0. 121.866 -0.906 -0.422 -0. -49.599 0. 0. -1. 0.
0.439 -0.899 -0. 122.605 -0.899 -0.439 -0. -51.118 0. 0. -1. 0.
0.459 -0.889 -0. 123.306 -0.889 -0.459 -0. -52.729 0. 0. -1. 0.
0.478 -0.879 -0. 124.206 -0.879 -0.478 -0. -54.280 0. 0. -1. 0.
0.503 -0.864 -0. 124.919 -0.864 -0.503 -0. -55.687 0. 0. -1. 0.
0.519 -0.855 -0. 125.819 -0.855 -0.519 -0. -57.183 0. 0. -1. 0.
0.545 -0.838 -0. 126.686 -0.838 -0.545 -0. -58.463 0. 0. -1. 0.
0.565 -0.825 -0. 127.518 -0.825 -0.565 -0. -59.893 0. 0. -1. 0.
0.582 -0.813 -0. 128.317 -0.813 -0.582 -0. -61.210 0. 0. -1. 0.
0.603 -0.798 -0. 129.236 -0.798 -0.603 -0. -62.509 0. 0. -1. 0.
0.616 -0.788 -0. 130.249 -0.788 -0.616 -0. -63.866 0. 0. -1. 0.
0.637 -0.771 -0. 131.085 -0.771 -0.637 -0. -64.979 0. 0. -1. 0.
0.647 -0.763 -0. 132.194 -0.763 -0.647 -0. -65.988 0. 0. -1. 0.
0.665 -0.747 -0. 133.078 -0.747 -0.665 -0. -67.205 0. 0. -1. 0.
0.677 -0.736 -0. 134.040 -0.736 -0.677 -0. -68.316 0. 0. -1. 0.
0.687 -0.727 -0. 134.933 -0.727 -0.687 -0. -69.298 0. 0. -1. 0.
0.692 -0.722 -0. 135.955 -0.722 -0.692 -0. -70.202 0. 0. -1. 0.
0.699 -0.715 -0. 136.838 -0.715 -0.699 -0. -71.167 0. 0. -1. 0.
0.699 -0.715 -0. 137.797 -0.715 -0.699 -0. -72.032 0. 0. -1. 0.
0.704 -0.710 -0. 138.538 -0.710 -0.704 -0. -72.984 0. 0. -1. 0.
0.708 -0.706 -0. 139.406 -0.706 -0.708 -0. -73.729 0. 0. -1. 0.
0.714 -0.700 -0. 140.210 -0.700 -0.714 -0. -74.560 0. 0. -1. 0.
0.725 -0.688 -0. 140.906 -0.688 -0.725 -0. -75.355 0. 0. -1. 0.
0.740 -0.673 -0. 141.708 -0.673 -0.740 -0. -76.013 0. 0. -1. 0.
0.763 -0.646 -0. 142.402 -0.646 -0.763 -0. -76.605 0. 0. -1. 0.
0.795 -0.607 -0. 143.178 -0.607 -0.795 -0. -77.191 0. 0. -1. 0.
0.831 -0.557 -0. 143.915 -0.557 -0.831 -0. -77.666 0. 0. -1. 0.
0.875 -0.484 -0. 144.557 -0.484 -0.875 -0. -78.114 0. 0. -1. 0.
0.909 -0.417 -0. 145.367 -0.417 -0.909 -0. -78.481 0. 0. -1. 0.
0.938 -0.346 -0. 146.082 -0.346 -0.938 -0. -78.600 0. 0. -1. 0.
0.962 -0.272 -0. 146.751 -0.272 -0.962 -0. -78.860 0. 0. -1. 0.
0.984 -0.180 -0. 147.470 -0.180 -0.984 -0. -78.914 0. 0. -1. 0.
0.996 -0.085 -0. 148.158 -0.085 -0.996 -0. -78.924 0. 0. -1. 0.
1.000 0.021 0. 148.822 0.021 -1.000 -0. -78.878 0. 0. -1. 0.
0.992 0.124 0. 149.476 0.124 -0.992 -0. -78.819 0. 0. -1. 0.
0.973 0.230 0. 150.055 0.230 -0.973 -0. -78.638 0. 0. -1. 0.
0.944 0.331 0. 150.577 0.331 -0.944 -0. -78.426 0. 0. -1. 0.
0.902 0.433 0. 151.107 0.433 -0.902 -0. -78.084 0. 0. -1. 0.
0.843 0.538 0. 151.658 0.538 -0.843 -0. -77.729 0. 0. -1. 0.
0.777 0.629 0. 152.030 0.629 -0.777 -0. -77.336 0. 0. -1. 0.
0.706 0.708 0. 152.449 0.708 -0.706 -0. -76.900 0. 0. -1. 0.
0.608 0.794 0. 152.793 0.794 -0.608 -0. -76.417 0. 0. -1. 0.
0.514 0.858 0. 153.089 0.858 -0.514 -0. -75.832 0. 0. -1. 0.
0.404 0.915 0. 153.303 0.915 -0.404 -0. -75.270 0. 0. -1. 0.
0.294 0.956 0. 153.422 0.956 -0.294 -0. -74.674 0. 0. -1. 0.
0.177 0.984 0. 153.495 0.984 -0.177 -0. -74.162 0. 0. -1. 0.
0.061 0.998 0. 153.419 0.998 -0.061 -0. -73.560 0. 0. -1. 0.
-0.058 0.998 0. 153.467 0.998 0.058 0. -72.981 0. 0. -1. 0.
-0.181 0.983 0. 153.364 0.983 0.181 0. -72.433 0. 0. -1. 0.
-0.293 0.956 0. 153.018 0.956 0.293 0. -71.899 0. 0. -1. 0.
-0.410 0.912 0. 152.859 0.912 0.410 0. -71.508 0. 0. -1. 0.
-0.507 0.862 0. 152.454 0.862 0.507 0. -70.944 0. 0. -1. 0.
-0.602 0.798 0. 152.138 0.798 0.602 0. -70.640 0. 0. -1. 0.
-0.683 0.731 0. 151.702 0.731 0.683 0. -70.120 0. 0. -1. 0.
-0.752 0.659 0. 151.246 0.659 0.752 0. -69.905 0. 0. -1. 0.
-0.803 0.596 0. 150.824 0.596 0.803 0. -69.501 0. 0. -1. 0.
-0.853 0.522 0. 150.343 0.522 0.853 0. -69.433 0. 0. -1. 0.
-0.884 0.468 0. 149.743 0.468 0.884 0. -68.950 0. 0. -1. 0.
-0.915 0.404 0. 149.222 0.404 0.915 0. -68.859 0. 0. -1. 0.
-0.929 0.369 0. 148.649 0.369 0.929 0. -68.562 0. 0. -1. 0.
-0.942 0.336 0. 148.002 0.336 0.942 0. -68.372 0. 0. -1. 0.
-0.951 0.310 0. 147.326 0.310 0.951 0. -68.195 0. 0. -1. 0.
-0.956 0.294 0. 146.562 0.294 0.956 0. -67.995 0. 0. -1. 0.
-0.959 0.283 0. 145.901 0.283 0.959 0. -67.674 0. 0. -1. 0.
-0.961 0.277 0. 145.069 0.277 0.961 0. -67.591 0. 0. -1. 0.
-0.960 0.279 0. 144.323 0.279 0.960 0. -67.204 0. 0. -1. 0.
-0.960 0.282 0. 143.457 0.282 0.960 0. -67.102 0. 0. -1. 0.
-0.958 0.288 0. 142.625 0.288 0.958 0. -66.736 0. 0. -1. 0.
-0.954 0.300 0. 141.679 0.300 0.954 0. -66.369 0. 0. -1. 0.
-0.948 0.318 0. 140.714 0.318 0.948 0. -66.066 0. 0. -1. 0.
-0.942 0.337 0. 139.892 0.337 0.942 0. -65.904 0. 0. -1. 0.
-0.928 0.374 0. 138.952 0.374 0.928 0. -65.424 0. 0. -1. 0.
-0.919 0.394 0. 138.036 0.394 0.919 0. -65.036 0. 0. -1. 0.
-0.904 0.427 0. 137.044 0.427 0.904 0. -64.538 0. 0. -1. 0.
-0.890 0.455 0. 136.116 0.455 0.890 0. -63.975 0. 0. -1. 0.
-0.870 0.493 0. 135.136 0.493 0.870 0. -63.423 0. 0. -1. 0.
-0.851 0.526 0. 134.192 0.526 0.851 0. -62.795 0. 0. -1. 0.
-0.830 0.558 0. 133.262 0.558 0.830 0. -61.989 0. 0. -1. 0.
-0.807 0.591 0. 132.322 0.591 0.807 0. -61.319 0. 0. -1. 0.
-0.779 0.627 0. 131.283 0.627 0.779 0. -60.452 0. 0. -1. 0.
-0.752 0.659 0. 130.346 0.659 0.752 0. -59.662 0. 0. -1. 0.
-0.725 0.689 0. 129.474 0.689 0.725 0. -58.731 0. 0. -1. 0.
-0.697 0.717 0. 128.628 0.717 0.697 0. -57.747 0. 0. -1. 0.
-0.664 0.747 0. 127.597 0.747 0.664 0. -56.724 0. 0. -1. 0.
-0.633 0.774 0. 126.616 0.774 0.633 0. -55.643 0. 0. -1. 0.
-0.599 0.800 0. 125.731 0.800 0.599 0. -54.403 0. 0. -1. 0.
-0.561 0.828 0. 125.002 0.828 0.561 0. -53.143 0. 0. -1. 0.
-0.525 0.851 0. 124.167 0.851 0.525 0. -51.893 0. 0. -1. 0.
-0.493 0.870 0. 123.529 0.870 0.493 0. -50.478 0. 0. -1. 0.
-0.454 0.891 0. 122.755 0.891 0.454 0. -49.116 0. 0. -1. 0.
-0.427 0.904 0. 122.172 0.904 0.427 0. -47.712 0. 0. -1. 0.
-0.403 0.915 0. 121.410 0.915 0.403 0. -46.332 0. 0. -1. 0.
-0.383 0.924 0. 121.031 0.924 0.383 0. -44.751 0. 0. -1. 0.
-0.366 0.931 0. 120.370 0.931 0.366 0. -43.286 0. 0. -1. 0.
-0.347 0.938 0. 119.954 0.938 0.347 0. -41.727 0. 0. -1. 0.
-0.331 0.944 0. 119.434 0.944 0.331 0. -40.160 0. 0. -1. 0.
-0.319 0.948 0. 118.857 0.948 0.319 0. -38.517 0. 0. -1. 0.
-0.312 0.950 0. 118.375 0.950 0.312 0. -36.958 0. 0. -1. 0.
-0.303 0.953 0. 117.794 0.953 0.303 0. -35.339 0. 0. -1. 0.
-0.297 0.955 0. 117.418 0.955 0.297 0. -33.777 0. 0. -1. 0.
-0.300 0.954 0. 116.835 0.954 0.300 0. -32.207 0. 0. -1. 0.
-0.306 0.952 0. 116.401 0.952 0.306 0. -30.724 0. 0. -1. 0.
-0.311 0.950 0. 115.903 0.950 0.311 0. -29.141 0. 0. -1. 0.
-0.320 0.947 0. 115.538 0.947 0.320 0. -27.688 0. 0. -1. 0.
-0.337 0.941 0. 115.028 0.941 0.337 0. -26.308 0. 0. -1. 0.
-0.344 0.939 0. 114.437 0.939 0.344 0. -24.946 0. 0. -1. 0.
-0.358 0.934 0. 114.097 0.934 0.358 0. -23.604 0. 0. -1. 0.
-0.376 0.926 0. 113.628 0.926 0.376 0. -22.298 0. 0. -1. 0.
-0.402 0.916 0. 113.052 0.916 0.402 0. -21.016 0. 0. -1. 0.
-0.426 0.905 0. 112.540 0.905 0.426 0. -19.843 0. 0. -1. 0.
-0.455 0.891 0. 112.020 0.891 0.455 0. -18.670 0. 0. -1. 0.
-0.480 0.877 0. 111.267 0.877 0.480 0. -17.613 0. 0. -1. 0.
-0.505 0.863 0. 110.669 0.863 0.505 0. -16.539 0. 0. -1. 0.
-0.534 0.846 0. 109.980 0.846 0.534 0. -15.561 0. 0. -1. 0.
-0.559 0.829 0. 109.601 0.829 0.559 0. -14.506 0. 0. -1. 0.
-0.583 0.813 0. 108.814 0.813 0.583 0. -13.680 0. 0. -1. 0.
-0.612 0.791 0. 108.176 0.791 0.612 0. -12.793 0. 0. -1. 0.
-0.650 0.760 0. 107.537 0.760 0.650 0. -11.910 0. 0. -1. 0.
-0.683 0.731 0. 106.609 0.731 0.683 0. -11.120 0. 0. -1. 0.
-0.726 0.688 0. 105.965 0.688 0.726 0. -10.339 0. 0. -1. 0.
-0.760 0.650 0. 105.099 0.650 0.760 0. -9.677 0. 0. -1. 0.
-0.797 0.605 0. 104.163 0.605 0.797 0. -8.971 0. 0. -1. 0.
-0.824 0.567 0. 103.203 0.567 0.824 0. -8.346 0. 0. -1. 0.
-0.850 0.526 0. 102.182 0.526 0.850 0. -7.693 0. 0. -1. 0.
-0.881 0.473 0. 101.204 0.473 0.881 0. -7.114 0. 0. -1. 0.
-0.912 0.411 0. 100.082 0.411 0.912 0. -6.583 0. 0. -1. 0.
-0.938 0.346 0. 98.944 0.346 0.938 0. -6.106 0. 0. -1. 0.
-0.959 0.283 0. 97.812 0.283 0.959 0. -5.734 0. 0. -1. 0.
-0.974 0.225 0. 96.612 0.225 0.974 0. -5.532 0. 0. -1. 0.
-0.985 0.174 0. 95.470 0.174 0.985 0. -5.283 0. 0. -1. 0.
-0.988 0.153 0. 94.297 0.153 0.988 0. -5.134 0. 0. -1. 0.
-0.991 0.133 0. 93.221 0.133 0.991 0. -4.950 0. 0. -1. 0.
-0.994 0.108 0. 92.060 0.108 0.994 0. -4.862 0. 0. -1. 0.
-0.995 0.095 0. 90.802 0.095 0.995 0. -4.783 0. 0. -1. 0.
-0.998 0.069 0. 89.523 0.069 0.998 0. -4.561 0. 0. -1. 0.
-0.998 0.061 0. 88.121 0.061 0.998 0. -4.600 0. 0. -1. 0.
-0.999 0.048 0. 86.787 0.048 0.999 0. -4.437 0. 0. -1. 0.
-0.999 0.046 0. 85.365 0.046 0.999 0. -4.376 0. 0. -1. 0.
-0.999 0.039 0. 83.910 0.039 0.999 0. -4.274 0. 0. -1. 0.
-0.999 0.032 0. 82.522 0.032 0.999 0. -4.270 0. 0. -1. 0.
-1.000 0.031 0. 81.073 0.031 1.000 0. -4.308 0. 0. -1. 0.
-1.000 0.029 0. 79.504 0.029 1.000 0. -4.091 0. 0. -1. 0.
-1.000 0.031 0. 78.065 0.031 1.000 0. -4.107 0. 0. -1. 0.
-1.000 0.022 0. 76.591 0.022 1.000 0. -3.986 0. 0. -1. 0.
-1.000 0.019 0. 75.130 0.019 1.000 0. -3.946 0. 0. -1. 0.
-1.000 0.017 0. 73.705 0.017 1.000 0. -3.979 0. 0. -1. 0.
-1. 0.009 0. 72.325 0.009 1. 0. -3.930 0. 0. -1. 0.
-1. 0.007 0. 70.853 0.007 1. 0. -4.006 0. 0. -1. 0.
-1. -0.001 -0. 69.350 -0.001 1. 0. -3.955 0. 0. -1. 0.
-1. -0.005 -0. 67.778 -0.005 1. 0. -3.970 0. 0. -1. 0.
-1. -0.010 -0. 66.266 -0.010 1. 0. -3.893 0. 0. -1. 0.
-1. -0.012 -0. 64.623 -0.012 1. 0. -3.895 0. 0. -1. 0.
-1. -0.009 -0. 63.044 -0.009 1. 0. -3.921 0. 0. -1. 0.
-1. -0.008 -0. 61.358 -0.008 1. 0. -3.799 0. 0. -1. 0.
-1. -0.003 -0. 59.696 -0.003 1. 0. -3.681 0. 0. -1. 0.
-1. 0.003 0. 58.068 0.003 1. 0. -3.727 0. 0. -1. 0.
-1. 0.012 0. 56.403 0.012 1. 0. -3.706 0. 0. -1. 0.
-1.000 0.022 0. 54.725 0.022 1.000 0. -3.519 0. 0. -1. 0.
-1.000 0.029 0. 53.058 0.029 1.000 0. -3.403 0. 0. -1. 0.
-0.999 0.037 0. 51.444 0.037 0.999 0. -3.586 0. 0. -1. 0.
-0.999 0.044 0. 49.796 0.044 0.999 0. -3.527 0. 0. -1. 0.
-0.999 0.049 0. 48.190 0.049 0.999 0. -3.445 0. 0. -1. 0.
-0.999 0.055 0. 46.641 0.055 0.999 0. -3.313 0. 0. -1. 0.
-0.998 0.056 0. 44.986 0.056 0.998 0. -3.104 0. 0. -1. 0.
-0.998 0.057 0. 43.448 0.057 0.998 0. -2.906 0. 0. -1. 0.
-0.998 0.058 0. 41.786 0.058 0.998 0. -2.855 0. 0. -1. 0.
-0.999 0.053 0. 40.222 0.053 0.999 0. -2.818 0. 0. -1. 0.
-0.998 0.055 0. 38.528 0.055 0.998 0. -2.651 0. 0. -1. 0.
-0.999 0.051 0. 36.971 0.051 0.999 0. -2.619 0. 0. -1. 0.
-0.998 0.061 0. 35.295 0.061 0.998 0. -2.524 0. 0. -1. 0.
-0.998 0.061 0. 33.720 0.061 0.998 0. -2.411 0. 0. -1. 0.
-0.998 0.061 0. 32.120 0.061 0.998 0. -2.291 0. 0. -1. 0.
-0.998 0.066 0. 30.443 0.066 0.998 0. -2.148 0. 0. -1. 0.
-0.998 0.068 0. 28.748 0.068 0.998 0. -1.933 0. 0. -1. 0.
-0.997 0.075 0. 27.219 0.075 0.997 0. -1.832 0. 0. -1. 0.
-0.997 0.082 0. 25.452 0.082 0.997 0. -1.756 0. 0. -1. 0.
-0.997 0.082 0. 23.779 0.082 0.997 0. -1.564 0. 0. -1. 0.
-0.996 0.092 0. 22.166 0.092 0.996 0. -1.419 0. 0. -1. 0.
-0.995 0.099 0. 20.530 0.099 0.995 0. -1.125 0. 0. -1. 0.
-0.994 0.107 0. 18.907 0.107 0.994 0. -1.020 0. 0. -1. 0.
-0.994 0.107 0. 17.317 0.107 0.994 0. -0.819 0. 0. -1. 0.
-0.992 0.124 0. 15.647 0.124 0.992 0. -0.568 0. 0. -1. 0.
-0.992 0.125 0. 14.098 0.125 0.992 0. -0.302 0. 0. -1. 0.
-0.993 0.120 0. 12.458 0.120 0.993 0. -0.106 0. 0. -1. 0.
-0.993 0.119 0. 10.858 0.119 0.993 0. 0.076 0. 0. -1. 0.
-0.993 0.118 0. 9.285 0.118 0.993 0. 0.322 0. 0. -1. 0.
-0.993 0.122 0. 7.604 0.122 0.993 0. 0.527 0. 0. -1. 0.
-0.992 0.125 0. 6.054 0.125 0.992 0. 0.756 0. 0. -1. 0.
-0.992 0.126 0. 4.423 0.126 0.992 0. 0.856 0. 0. -1. 0.
-0.993 0.119 0. 2.781 0.119 0.993 0. 1.140 0. 0. -1. 0.
-0.992 0.126 0. 1.134 0.126 0.992 0. 1.354 0. 0. -1. 0.
-0.993 0.115 0. -0.497 0.115 0.993 0. 1.577 0. 0. -1. 0.
-0.993 0.117 0. -2.213 0.117 0.993 0. 1.713 0. 0. -1. 0.
-0.993 0.115 0. -3.872 0.115 0.993 0. 1.927 0. 0. -1. 0.
-0.994 0.114 0. -5.625 0.114 0.994 0. 2.175 0. 0. -1. 0.
-0.994 0.106 0. -7.419 0.106 0.994 0. 2.324 0. 0. -1. 0.
-0.995 0.099 0. -9.059 0.099 0.995 0. 2.590 0. 0. -1. 0.
-0.994 0.106 0. -10.930 0.106 0.994 0. 2.714 0. 0. -1. 0.
-0.995 0.102 0. -12.723 0.102 0.995 0. 2.982 0. 0. -1. 0.
-0.995 0.101 0. -14.542 0.101 0.995 0. 3.138 0. 0. -1. 0.
-0.996 0.095 0. -16.440 0.095 0.996 0. 3.349 0. 0. -1. 0.
-0.996 0.093 0. -18.294 0.093 0.996 0. 3.611 0. 0. -1. 0.
-0.995 0.097 0. -20.194 0.097 0.995 0. 3.761 0. 0. -1. 0.
-0.995 0.096 0. -22.056 0.096 0.995 0. 4.095 0. 0. -1. 0.
-0.996 0.089 0. -24.031 0.089 0.996 0. 4.191 0. 0. -1. 0.
-0.996 0.087 0. -26.002 0.087 0.996 0. 4.366 0. 0. -1. 0.
-0.997 0.083 0. -27.906 0.083 0.997 0. 4.617 0. 0. -1. 0.
-0.997 0.082 0. -30.018 0.082 0.997 0. 4.725 0. 0. -1. 0.
-0.997 0.072 0. -31.933 0.072 0.997 0. 4.928 0. 0. -1. 0.
-0.997 0.075 0. -33.951 0.075 0.997 0. 5.104 0. 0. -1. 0.
-0.998 0.067 0. -35.850 0.067 0.998 0. 5.291 0. 0. -1. 0.
-0.998 0.067 0. -37.872 0.067 0.998 0. 5.313 0. 0. -1. 0.
-0.998 0.060 0. -39.748 0.060 0.998 0. 5.456 0. 0. -1. 0.
-0.998 0.060 0. -41.734 0.060 0.998 0. 5.611 0. 0. -1. 0.
-0.999 0.053 0. -43.541 0.053 0.999 0. 5.708 0. 0. -1. 0.
-0.999 0.048 0. -45.430 0.048 0.999 0. 5.877 0. 0. -1. 0.
-0.999 0.047 0. -47.266 0.047 0.999 0. 5.905 0. 0. -1. 0.
-0.999 0.036 0. -49.041 0.036 0.999 0. 6.008 0. 0. -1. 0.
-0.999 0.040 0. -50.790 0.040 0.999 0. 6.147 0. 0. -1. 0.
-0.999 0.047 0. -52.535 0.047 0.999 0. 6.203 0. 0. -1. 0.
-0.999 0.047 0. -54.264 0.047 0.999 0. 6.278 0. 0. -1. 0.
-0.999 0.047 0. -55.777 0.047 0.999 0. 6.323 0. 0. -1. 0.
-0.998 0.057 0. -57.287 0.057 0.998 0. 6.441 0. 0. -1. 0.
-0.999 0.054 0. -58.764 0.054 0.999 0. 6.601 0. 0. -1. 0.
-0.997 0.072 0. -60.111 0.072 0.997 0. 6.744 0. 0. -1. 0.
-0.997 0.083 0. -61.306 0.083 0.997 0. 6.771 0. 0. -1. 0.
-0.994 0.108 0. -62.505 0.108 0.994 0. 6.915 0. 0. -1. 0.
-0.992 0.129 0. -63.558 0.129 0.992 0. 7.073 0. 0. -1. 0.
-0.989 0.147 0. -64.472 0.147 0.989 0. 7.360 0. 0. -1. 0.
-0.986 0.164 0. -65.437 0.164 0.986 0. 7.510 0. 0. -1. 0.
-0.985 0.175 0. -66.270 0.175 0.985 0. 7.802 0. 0. -1. 0.
-0.984 0.177 0. -67.192 0.177 0.984 0. 7.881 0. 0. -1. 0.
-0.981 0.192 0. -68.132 0.192 0.981 0. 8.008 0. 0. -1. 0.
-0.981 0.196 0. -69.010 0.196 0.981 0. 8.211 0. 0. -1. 0.
-0.978 0.206 0. -69.899 0.206 0.978 0. 8.413 0. 0. -1. 0.
-0.976 0.220 0. -70.830 0.220 0.976 0. 8.748 0. 0. -1. 0.
-0.971 0.238 0. -71.714 0.238 0.971 0. 8.939 0. 0. -1. 0.
-0.963 0.269 0. -72.598 0.269 0.963 0. 9.211 0. 0. -1. 0.
-0.957 0.291 0. -73.491 0.291 0.957 0. 9.546 0. 0. -1. 0.
-0.948 0.317 0. -74.417 0.317 0.948 0. 9.890 0. 0. -1. 0.
-0.935 0.354 0. -75.328 0.354 0.935 0. 10.110 0. 0. -1. 0.
-0.921 0.390 0. -76.202 0.390 0.921 0. 10.603 0. 0. -1. 0.
-0.909 0.416 0. -77.118 0.416 0.909 0. 11.036 0. 0. -1. 0.
-0.889 0.457 0. -77.933 0.457 0.889 0. 11.533 0. 0. -1. 0.
-0.864 0.503 0. -78.803 0.503 0.864 0. 12.050 0. 0. -1. 0.
-0.840 0.542 0. -79.658 0.542 0.840 0. 12.820 0. 0. -1. 0.
-0.808 0.590 0. -80.457 0.590 0.808 0. 13.336 0. 0. -1. 0.
-0.764 0.646 0. -81.146 0.646 0.764 0. 13.892 0. 0. -1. 0.
-0.725 0.689 0. -81.784 0.689 0.725 0. 14.512 0. 0. -1. 0.
-0.683 0.730 0. -82.518 0.730 0.683 0. 15.290 0. 0. -1. 0.
-0.627 0.779 0. -83.122 0.779 0.627 0. 16.067 0. 0. -1. 0.
-0.578 0.816 0. -83.505 0.816 0.578 0. 16.904 0. 0. -1. 0.
-0.525 0.851 0. -83.905 0.851 0.525 0. 17.739 0. 0. -1. 0.
-0.468 0.884 0. -84.348 0.884 0.468 0. 18.376 0. 0. -1. 0.
-0.411 0.912 0. -84.621 0.912 0.411 0. 19.212 0. 0. -1. 0.
-0.359 0.933 0. -84.954 0.933 0.359 0. 20.132 0. 0. -1. 0.
-0.307 0.952 0. -85.447 0.952 0.307 0. 21.058 0. 0. -1. 0.
-0.264 0.964 0. -85.532 0.964 0.264 0. 22.011 0. 0. -1. 0.
-0.214 0.977 0. -85.587 0.977 0.214 0. 22.997 0. 0. -1. 0.
-0.175 0.985 0. -85.759 0.985 0.175 0. 24.031 0. 0. -1. 0.
-0.134 0.991 0. -85.947 0.991 0.134 0. 25.132 0. 0. -1. 0.
-0.094 0.996 0. -85.841 0.996 0.094 0. 26.221 0. 0. -1. 0.
-0.054 0.999 0. -85.993 0.999 0.054 0. 27.351 0. 0. -1. 0.
-0.021 1.000 0. -86.007 1.000 0.021 0. 28.525 0. 0. -1. 0.
-0.007 1. 0. -85.916 1. 0.007 0. 29.749 0. 0. -1. 0.
0.011 1. 0. -86.134 1. -0.011 -0. 31.063 0. 0. -1. 0.
0.011 1. 0. -86.000 1. -0.011 -0. 32.305 0. 0. -1. 0.
0.020 1.000 0. -85.902 1.000 -0.020 -0. 33.490 0. 0. -1. 0.
0.040 0.999 0. -85.910 0.999 -0.040 -0. 34.904 0. 0. -1. 0.
0.036 0.999 0. -85.797 0.999 -0.036 -0. 36.255 0. 0. -1. 0.
0.039 0.999 0. -85.670 0.999 -0.039 -0. 37.589 0. 0. -1. 0.
0.045 0.999 0. -85.578 0.999 -0.045 -0. 38.988 0. 0. -1. 0.
0.042 0.999 0. -85.432 0.999 -0.042 -0. 40.339 0. 0. -1. 0.
0.044 0.999 0. -85.448 0.999 -0.044 -0. 41.651 0. 0. -1. 0.
0.048 0.999 0. -85.337 0.999 -0.048 -0. 43.044 0. 0. -1. 0.
0.040 0.999 0. -85.234 0.999 -0.040 -0. 44.440 0. 0. -1. 0.
0.034 0.999 0. -85.212 0.999 -0.034 -0. 45.791 0. 0. -1. 0.
0.032 0.999 0. -85.223 0.999 -0.032 -0. 47.109 0. 0. -1. 0.
0.032 0.999 0. -85.044 0.999 -0.032 -0. 48.672 0. 0. -1. 0.
0.026 1.000 0. -85.048 1.000 -0.026 -0. 50.088 0. 0. -1. 0.
0.029 1.000 0. -84.996 1.000 -0.029 -0. 51.616 0. 0. -1. 0.
0.027 1.000 0. -84.910 1.000 -0.027 -0. 53.059 0. 0. -1. 0.
0.023 1.000 0. -84.937 1.000 -0.023 -0. 54.580 0. 0. -1. 0.
0.027 1.000 0. -84.854 1.000 -0.027 -0. 56.090 0. 0. -1. 0.
0.025 1.000 0. -84.754 1.000 -0.025 -0. 57.546 0. 0. -1. 0.
0.020 1.000 0. -84.700 1.000 -0.020 -0. 58.974 0. 0. -1. 0.
0.021 1.000 0. -84.681 1.000 -0.021 -0. 60.499 0. 0. -1. 0.
0.027 1.000 0. -84.614 1.000 -0.027 -0. 62.090 0. 0. -1. 0.
0.031 1.000 0. -84.487 1.000 -0.031 -0. 63.548 0. 0. -1. 0.
0.034 0.999 0. -84.485 0.999 -0.034 -0. 65.094 0. 0. -1. 0.
0.038 0.999 0. -84.348 0.999 -0.038 -0. 66.596 0. 0. -1. 0.
0.031 1.000 0. -84.318 1.000 -0.031 -0. 68.101 0. 0. -1. 0.
0.030 1.000 0. -84.213 1.000 -0.030 -0. 69.587 0. 0. -1. 0.
0.034 0.999 0. -84.205 0.999 -0.034 -0. 71.005 0. 0. -1. 0.
0.026 1.000 0. -84.081 1.000 -0.026 -0. 72.454 0. 0. -1. 0.
0.030 1.000 0. -84.062 1.000 -0.030 -0. 73.876 0. 0. -1. 0.
0.027 1.000 0. -83.971 1.000 -0.027 -0. 75.303 0. 0. -1. 0.
0.028 1.000 0. -83.913 1.000 -0.028 -0. 76.788 0. 0. -1. 0.
0.021 1.000 0. -83.888 1.000 -0.021 -0. 78.126 0. 0. -1. 0.
0.024 1.000 0. -83.796 1.000 -0.024 -0. 79.503 0. 0. -1. 0.
0.010 1. 0. -83.745 1. -0.010 -0. 80.748 0. 0. -1. 0.
0.006 1. 0. -83.657 1. -0.006 -0. 82.107 0. 0. -1. 0.
0.001 1. 0. -83.808 1. -0.001 -0. 83.283 0. 0. -1. 0.
-0.010 1. 0. -83.616 1. 0.010 0. 84.613 0. 0. -1. 0.
-0.017 1.000 0. -83.733 1.000 0.017 0. 85.787 0. 0. -1. 0.
-0.042 0.999 0. -83.825 0.999 0.042 0. 86.926 0. 0. -1. 0.
-0.061 0.998 0. -83.807 0.998 0.061 0. 88.353 0. 0. -1. 0.
-0.092 0.996 0. -83.979 0.996 0.092 0. 89.386 0. 0. -1. 0.
-0.117 0.993 0. -84.173 0.993 0.117 0. 90.708 0. 0. -1. 0.
-0.156 0.988 0. -84.111 0.988 0.156 0. 91.968 0. 0. -1. 0.
-0.189 0.982 0. -84.385 0.982 0.189 0. 93.051 0. 0. -1. 0.
-0.232 0.973 0. -84.898 0.973 0.232 0. 94.213 0. 0. -1. 0.
-0.266 0.964 0. -85.144 0.964 0.266 0. 95.468 0. 0. -1. 0.
-0.305 0.952 0. -85.394 0.952 0.305 0. 96.578 0. 0. -1. 0.
-0.342 0.940 0. -85.698 0.940 0.342 0. 97.693 0. 0. -1. 0.
-0.387 0.922 0. -86.224 0.922 0.387 0. 98.740 0. 0. -1. 0.
-0.432 0.902 0. -86.603 0.902 0.432 0. 99.895 0. 0. -1. 0.
-0.473 0.881 0. -87.186 0.881 0.473 0. 100.799 0. 0. -1. 0.
-0.512 0.859 0. -87.747 0.859 0.512 0. 101.906 0. 0. -1. 0.
-0.551 0.834 0. -88.435 0.834 0.551 0. 102.803 0. 0. -1. 0.
-0.579 0.815 0. -89.081 0.815 0.579 0. 103.896 0. 0. -1. 0.
-0.612 0.791 0. -89.889 0.791 0.612 0. 104.764 0. 0. -1. 0.
-0.634 0.774 0. -90.636 0.774 0.634 0. 105.761 0. 0. -1. 0.
-0.656 0.754 0. -91.346 0.754 0.656 0. 106.725 0. 0. -1. 0.
-0.671 0.742 0. -92.141 0.742 0.671 0. 107.741 0. 0. -1. 0.
-0.683 0.730 0. -92.996 0.730 0.683 0. 108.675 0. 0. -1. 0.
-0.684 0.729 0. -94.051 0.729 0.684 0. 109.498 0. 0. -1. 0.
-0.682 0.731 0. -94.913 0.731 0.682 0. 110.505 0. 0. -1. 0.
-0.685 0.728 0. -95.795 0.728 0.685 0. 111.461 0. 0. -1. 0.
-0.684 0.729 0. -96.794 0.729 0.684 0. 112.408 0. 0. -1. 0.
-0.684 0.730 0. -97.686 0.730 0.684 0. 113.520 0. 0. -1. 0.
-0.688 0.725 0. -98.651 0.725 0.688 0. 114.553 0. 0. -1. 0.
-0.685 0.729 0. -99.716 0.729 0.685 0. 115.569 0. 0. -1. 0.
-0.685 0.729 0. -100.665 0.729 0.685 0. 116.562 0. 0. -1. 0.
-0.691 0.723 0. -101.617 0.723 0.691 0. 117.657 0. 0. -1. 0.
-0.685 0.729 0. -102.656 0.729 0.685 0. 118.704 0. 0. -1. 0.
-0.688 0.726 0. -103.595 0.726 0.688 0. 119.772 0. 0. -1. 0.
-0.682 0.732 0. -104.747 0.732 0.682 0. 120.844 0. 0. -1. 0.
-0.683 0.730 0. -105.643 0.730 0.683 0. 122.064 0. 0. -1. 0.
-0.686 0.728 0. -106.639 0.728 0.686 0. 123.328 0. 0. -1. 0.
-0.682 0.731 0. -107.817 0.731 0.682 0. 124.277 0. 0. -1. 0.
-0.683 0.731 0. -108.704 0.731 0.683 0. 125.610 0. 0. -1. 0.
-0.680 0.733 0. -109.858 0.733 0.680 0. 126.584 0. 0. -1. 0.
-0.679 0.734 0. -110.877 0.734 0.679 0. 127.816 0. 0. -1. 0.
-0.683 0.730 0. -112.030 0.730 0.683 0. 129.012 0. 0. -1. 0.
-0.678 0.736 0. -113.041 0.736 0.678 0. 130.320 0. 0. -1. 0.
-0.680 0.733 0. -114.243 0.733 0.680 0. 131.422 0. 0. -1. 0.
-0.677 0.736 0. -115.266 0.736 0.677 0. 132.629 0. 0. -1. 0.
-0.673 0.739 0. -116.439 0.739 0.673 0. 133.962 0. 0. -1. 0.
-0.672 0.740 0. -117.505 0.740 0.672 0. 135.207 0. 0. -1. 0.
-0.673 0.740 0. -118.754 0.740 0.673 0. 136.527 0. 0. -1. 0.
-0.671 0.741 0. -119.776 0.741 0.671 0. 137.892 0. 0. -1. 0.
-0.676 0.737 0. -120.961 0.737 0.676 0. 139.177 0. 0. -1. 0.
-0.671 0.742 0. -122.041 0.742 0.671 0. 140.559 0. 0. -1. 0.
-0.673 0.739 0. -123.213 0.739 0.673 0. 141.766 0. 0. -1. 0.
-0.673 0.740 0. -124.354 0.740 0.673 0. 142.982 0. 0. -1. 0.
-0.669 0.744 0. -125.554 0.744 0.669 0. 144.354 0. 0. -1. 0.
-0.669 0.743 0. -126.607 0.743 0.669 0. 145.681 0. 0. -1. 0.
-0.668 0.744 0. -127.666 0.744 0.668 0. 147.007 0. 0. -1. 0.
-0.670 0.742 0. -128.815 0.742 0.670 0. 148.205 0. 0. -1. 0.
-0.667 0.745 0. -129.949 0.745 0.667 0. 149.601 0. 0. -1. 0.
-0.667 0.745 0. -131.017 0.745 0.667 0. 150.848 0. 0. -1. 0.
-0.668 0.744 0. -132.139 0.744 0.668 0. 152.123 0. 0. -1. 0.
-0.665 0.747 0. -133.209 0.747 0.665 0. 153.472 0. 0. -1. 0.
-0.663 0.748 0. -134.298 0.748 0.663 0. 154.702 0. 0. -1. 0.
-0.658 0.753 0. -135.463 0.753 0.658 0. 155.983 0. 0. -1. 0.
-0.653 0.757 0. -136.566 0.757 0.653 0. 157.269 0. 0. -1. 0.
-0.648 0.761 0. -137.614 0.761 0.648 0. 158.611 0. 0. -1. 0.
-0.634 0.774 0. -138.707 0.774 0.634 0. 159.940 0. 0. -1. 0.
-0.622 0.783 0. -139.831 0.783 0.622 0. 161.256 0. 0. -1. 0.
-0.605 0.796 0. -140.828 0.796 0.605 0. 162.695 0. 0. -1. 0.
-0.592 0.806 0. -141.804 0.806 0.592 0. 164.081 0. 0. -1. 0.
-0.576 0.817 0. -142.652 0.817 0.576 0. 165.527 0. 0. -1. 0.
-0.556 0.831 0. -143.491 0.831 0.556 0. 166.983 0. 0. -1. 0.
-0.537 0.844 0. -144.426 0.844 0.537 0. 168.503 0. 0. -1. 0.
-0.513 0.858 0. -145.436 0.858 0.513 0. 169.938 0. 0. -1. 0.
-0.489 0.872 0. -146.258 0.872 0.489 0. 171.514 0. 0. -1. 0.
-0.464 0.886 0. -147.040 0.886 0.464 0. 173.103 0. 0. -1. 0.
-0.440 0.898 0. -147.550 0.898 0.440 0. 174.741 0. 0. -1. 0.
-0.411 0.912 0. -148.578 0.912 0.411 0. 176.208 0. 0. -1. 0.
-0.382 0.924 0. -149.216 0.924 0.382 0. 177.894 0. 0. -1. 0.
-0.353 0.936 0. -149.926 0.936 0.353 0. 179.564 0. 0. -1. 0.
-0.327 0.945 0. -150.265 0.945 0.327 0. 181.266 0. 0. -1. 0.
-0.298 0.954 0. -150.751 0.954 0.298 0. 182.975 0. 0. -1. 0.
-0.266 0.964 0. -151.205 0.964 0.266 0. 184.692 0. 0. -1. 0.
-0.235 0.972 0. -151.662 0.972 0.235 0. 186.395 0. 0. -1. 0.
-0.204 0.979 0. -151.974 0.979 0.204 0. 188.099 0. 0. -1. 0.
-0.175 0.984 0. -152.194 0.984 0.175 0. 189.860 0. 0. -1. 0.
-0.155 0.988 0. -152.266 0.988 0.155 0. 191.663 0. 0. -1. 0.
-0.131 0.991 0. -152.416 0.991 0.131 0. 193.458 0. 0. -1. 0.
-0.113 0.994 0. -152.635 0.994 0.113 0. 195.190 0. 0. -1. 0.
-0.094 0.996 0. -152.990 0.996 0.094 0. 196.973 0. 0. -1. 0.
-0.077 0.997 0. -152.943 0.997 0.077 0. 198.832 0. 0. -1. 0.
-0.066 0.998 0. -152.971 0.998 0.066 0. 200.669 0. 0. -1. 0.
-0.056 0.998 0. -153.054 0.998 0.056 0. 202.467 0. 0. -1. 0.
-0.055 0.998 0. -152.905 0.998 0.055 0. 204.307 0. 0. -1. 0.
-0.048 0.999 0. -153.071 0.999 0.048 0. 206.124 0. 0. -1. 0.
-0.047 0.999 0. -153.340 0.999 0.047 0. 207.880 0. 0. -1. 0.
-0.052 0.999 0. -153.192 0.999 0.052 0. 209.769 0. 0. -1. 0.
-0.055 0.998 0. -153.323 0.998 0.055 0. 211.527 0. 0. -1. 0.
-0.073 0.997 0. -153.177 0.997 0.073 0. 213.354 0. 0. -1. 0.
-0.087 0.996 0. -153.394 0.996 0.087 0. 215.140 0. 0. -1. 0.
-0.096 0.995 0. -153.579 0.995 0.096 0. 216.935 0. 0. -1. 0.
