1. 0. 0. 0. 0. -1. -0. 0. 0. 0. -1. 0.
1. 0.004 0. -0.009 0.004 -1. -0. -0.021 0. 0. -1. 0.
1. 0.001 0. 0.008 0.001 -1. -0. -0.002 0. 0. -1. 0.
1. 0.005 0. 0.015 0.005 -1. -0. -0.010 0. 0. -1. 0.
1. 0.013 0. -0.013 0.013 -1. -0. -0.017 0. 0. -1. 0.
1. 0.003 0. 0.011 0.003 -1. -0. -0.004 0. 0. -1. 0.
1. 0.007 0. -0.011 0.007 -1. -0. -0.034 0. 0. -1. 0.
1. 0.005 0. -0.009 0.005 -1. -0. -0.033 0. 0. -1. 0.
1. 0.004 0. -0.014 0.004 -1. -0. -0.047 0. 0. -1. 0.
1. 0.003 0. -0.009 0.003 -1. -0. -0.007 0. 0. -1. 0.
1. 0.003 0. -0.001 0.003 -1. -0. -0.002 0. 0. -1. 0.
1. 0.001 0. 0.002 0.001 -1. -0. -0.011 0. 0. -1. 0.
1. 0.001 0. -0.011 0.001 -1. -0. -0.046 0. 0. -1. 0.
1. 0.002 0. 0.001 0.002 -1. -0. 0.001 0. 0. -1. 0.
1. 0.005 0. 0.006 0.005 -1. -0. -0.008 0. 0. -1. 0.
1. 0.005 0. 0.049 0.005 -1. -0. -0.004 0. 0. -1. 0.
1. 0.004 0. -0.006 0.004 -1. -0. -0.030 0. 0. -1. 0.
1. -0.000 -0. -0.009 -0.000 -1. -0. -0.008 0. 0. -1. 0.
1. 0.008 0. -0.005 0.008 -1. -0. -0.035 0. 0. -1. 0.
1. 0.005 0. 0.046 0.005 -1. -0. 0.019 0. 0. -1. 0.
1. 0.000 0. -0.007 0.000 -1. -0. -0.061 0. 0. -1. 0.
1. 0.005 0. -0.033 0.005 -1. -0. -0.041 0. 0. -1. 0.
1. 0.002 0. 0.024 0.002 -1. -0. 0.028 0. 0. -1. 0.
1. -0.000 -0. 0.001 -0.000 -1. -0. -0.013 0. 0. -1. 0.
1. 0.005 0. -0.024 0.005 -1. -0. -0.026 0. 0. -1. 0.
1. 0.001 0. 0.010 0.001 -1. -0. 0.006 0. 0. -1. 0.
1. 0.005 0. -0.021 0.005 -1. -0. -0.028 0. 0. -1. 0.
1. 0.002 0. 0.006 0.002 -1. -0. 0.001 0. 0. -1. 0.
1. 0.008 0. -0.009 0.008 -1. -0. -0.022 0. 0. -1. 0.
1. 0.003 0. 0.001 0.003 -1. -0. -0.003 0. 0. -1. 0.
1. -0.001 -0. -0.031 -0.001 -1. -0. -0.037 0. 0. -1. 0.
1. 0.002 0. -0.007 0.002 -1. -0. -0.002 0. 0. -1. 0.
1. 0.003 0. -0.012 0.003 -1. -0. -0.006 0. 0. -1. 0.
1. 0.004 0. -0.048 0.004 -1. -0. -0.029 0. 0. -1. 0.
1. 0.004 0. 0.008 0.004 -1. -0. 0.014 0. 0. -1. 0.
1. -0.000 -0. -0.013 -0.000 -1. -0. -0.011 0. 0. -1. 0.
1. 0.003 0. -0.017 0.003 -1. -0. -0.019 0. 0. -1. 0.
1. 0.002 0. -0.012 0.002 -1. -0. -0.076 0. 0. -1. 0.
1. 0.001 0. -0.005 0.001 -1. -0. -0.004 0. 0. -1. 0.
1. 0.006 0. -0.034 0.006 -1. -0. -0.037 0. 0. -1. 0.
1. 0.003 0. -0.002 0.003 -1. -0. -0.005 0. 0. -1. 0.
1. 0.007 0. -0.025 0.007 -1. -0. -0.035 0. 0. -1. 0.
1. 0.002 0. -0.006 0.002 -1. -0. -0.008 0. 0. -1. 0.
1. 0.002 0. -0.033 0.002 -1. -0. -0.085 0. 0. -1. 0.
1. 0. 0. -0.023 0. -1. -0. -0.023 0. 0. -1. 0.
1. 0.006 0. -0.016 0.006 -1. -0. -0.019 0. 0. -1. 0.
1. 0.003 0. 0.008 0.003 -1. -0. -0.005 0. 0. -1. 0.
1. 0.001 0. 0.013 0.001 -1. -0. -0.017 0. 0. -1. 0.
1. 0.007 0. -0.017 0.007 -1. -0. -0.029 0. 0. -1. 0.
1. 0.001 0. 0.012 0.001 -1. -0. 0.002 0. 0. -1. 0.
1. 0.003 0. -0.021 0.003 -1. -0. -0.029 0. 0. -1. 0.
1. -0.000 -0. -0.009 -0.000 -1. -0. -0.003 0. 0. -1. 0.
1. 0.002 0. 0.009 0.002 -1. -0. -0.017 0. 0. -1. 0.
1. -0. -0. 0.088 -0. -1. -0. -0.016 0. 0. -1. 0.
1. 0.001 0. 0.109 0.001 -1. -0. -0.014 0. 0. -1. 0.
1. -0.007 -0. 0.290 -0.007 -1. -0. -0.022 0. 0. -1. 0.
1.000 -0.029 -0. 0.519 -0.029 -1.000 -0. -0.029 0. 0. -1. 0.
0.999 -0.050 -0. 0.847 -0.050 -0.999 -0. -0.141 0. 0. -1. 0.
0.997 -0.074 -0. 1.276 -0.074 -0.997 -0. -0.083 0. 0. -1. 0.
0.994 -0.114 -0. 1.704 -0.114 -0.994 -0. -0.237 0. 0. -1. 0.
0.989 -0.147 -0. 2.253 -0.147 -0.989 -0. -0.408 0. 0. -1. 0.
0.985 -0.172 -0. 2.944 -0.172 -0.985 -0. -0.459 0. 0. -1. 0.
0.982 -0.187 -0. 3.703 -0.187 -0.982 -0. -0.602 0. 0. -1. 0.
0.981 -0.193 -0. 4.475 -0.193 -0.981 -0. -0.793 0. 0. -1. 0.
0.980 -0.198 -0. 5.404 -0.198 -0.980 -0. -0.916 0. 0. -1. 0.
0.982 -0.190 -0. 6.328 -0.190 -0.982 -0. -1.268 0. 0. -1. 0.
0.981 -0.192 -0. 7.388 -0.192 -0.981 -0. -1.466 0. 0. -1. 0.
0.982 -0.186 -0. 8.403 -0.186 -0.982 -0. -1.675 0. 0. -1. 0.
0.985 -0.173 -0. 9.487 -0.173 -0.985 -0. -1.945 0. 0. -1. 0.
0.986 -0.169 -0. 10.607 -0.169 -0.986 -0. -2.099 0. 0. -1. 0.
0.987 -0.164 -0. 11.859 -0.164 -0.987 -0. -2.254 0. 0. -1. 0.
0.988 -0.152 -0. 13.045 -0.152 -0.988 -0. -2.481 0. 0. -1. 0.
0.991 -0.136 -0. 14.377 -0.136 -0.991 -0. -2.669 0. 0. -1. 0.
0.993 -0.121 -0. 15.877 -0.121 -0.993 -0. -2.716 0. 0. -1. 0.
0.994 -0.108 -0. 17.258 -0.108 -0.994 -0. -2.970 0. 0. -1. 0.
0.995 -0.096 -0. 18.706 -0.096 -0.995 -0. -3.105 0. 0. -1. 0.
0.997 -0.077 -0. 20.279 -0.077 -0.997 -0. -3.256 0. 0. -1. 0.
0.998 -0.063 -0. 21.843 -0.063 -0.998 -0. -3.428 0. 0. -1. 0.
0.998 -0.059 -0. 23.406 -0.059 -0.998 -0. -3.427 0. 0. -1. 0.
0.999 -0.046 -0. 25.012 -0.046 -0.999 -0. -3.602 0. 0. -1. 0.
1.000 -0.029 -0. 26.677 -0.029 -1.000 -0. -3.729 0. 0. -1. 0.
1. -0.011 -0. 28.354 -0.011 -1. -0. -3.730 0. 0. -1. 0.
1. 0.007 0. 29.934 0.007 -1. -0. -3.811 0. 0. -1. 0.
1.000 0.022 0. 31.704 0.022 -1.000 -0. -3.737 0. 0. -1. 0.
1.000 0.027 0. 33.533 0.027 -1.000 -0. -3.642 0. 0. -1. 0.
0.999 0.044 0. 35.357 0.044 -0.999 -0. -3.791 0. 0. -1. 0.
0.999 0.045 0. 37.148 0.045 -0.999 -0. -3.650 0. 0. -1. 0.
0.999 0.053 0. 39.060 0.053 -0.999 -0. -3.503 0. 0. -1. 0.
0.998 0.055 0. 40.985 0.055 -0.998 -0. -3.500 0. 0. -1. 0.
0.998 0.057 0. 42.892 0.057 -0.998 -0. -3.334 0. 0. -1. 0.
0.999 0.051 0. 44.847 0.051 -0.999 -0. -3.231 0. 0. -1. 0.
0.999 0.049 0. 46.892 0.049 -0.999 -0. -3.196 0. 0. -1. 0.
0.999 0.050 0. 48.997 0.050 -0.999 -0. -3.202 0. 0. -1. 0.
0.999 0.048 0. 51.013 0.048 -0.999 -0. -3.010 0. 0. -1. 0.
0.999 0.046 0. 53.095 0.046 -0.999 -0. -2.936 0. 0. -1. 0.
0.999 0.047 0. 55.215 0.047 -0.999 -0. -2.938 0. 0. -1. 0.
0.998 0.055 0. 57.236 0.055 -0.998 -0. -2.912 0. 0. -1. 0.
0.998 0.059 0. 59.292 0.059 -0.998 -0. -2.691 0. 0. -1. 0.
0.999 0.055 0. 61.442 0.055 -0.999 -0. -2.652 0. 0. -1. 0.
0.998 0.066 0. 63.460 0.066 -0.998 -0. -2.609 0. 0. -1. 0.
0.998 0.058 0. 65.468 0.058 -0.998 -0. -2.454 0. 0. -1. 0.
0.998 0.066 0. 67.454 0.066 -0.998 -0. -2.388 0. 0. -1. 0.
0.998 0.059 0. 69.510 0.059 -0.998 -0. -2.125 0. 0. -1. 0.
0.999 0.054 0. 71.487 0.054 -0.999 -0. -2.073 0. 0. -1. 0.
0.998 0.056 0. 73.481 0.056 -0.998 -0. -1.985 0. 0. -1. 0.
0.999 0.049 0. 75.423 0.049 -0.999 -0. -1.990 0. 0. -1. 0.
0.999 0.034 0. 77.447 0.034 -0.999 -0. -1.766 0. 0. -1. 0.
1.000 0.017 0. 79.434 0.017 -1.000 -0. -1.802 0. 0. -1. 0.
1. -0.005 -0. 81.407 -0.005 -1. -0. -1.992 0. 0. -1. 0.
0.999 -0.034 -0. 83.445 -0.034 -0.999 -0. -1.944 0. 0. -1. 0.
0.998 -0.063 -0. 85.306 -0.063 -0.998 -0. -2.041 0. 0. -1. 0.
0.995 -0.095 -0. 87.303 -0.095 -0.995 -0. -2.178 0. 0. -1. 0.
0.990 -0.141 -0. 89.188 -0.141 -0.990 -0. -2.593 0. 0. -1. 0.
0.980 -0.198 -0. 91.157 -0.198 -0.980 -0. -2.897 0. 0. -1. 0.
0.966 -0.259 -0. 93.051 -0.259 -0.966 -0. -3.309 0. 0. -1. 0.
0.949 -0.317 -0. 94.781 -0.317 -0.949 -0. -3.993 0. 0. -1. 0.
0.931 -0.364 -0. 96.569 -0.364 -0.931 -0. -4.791 0. 0. -1. 0.
0.909 -0.418 -0. 98.352 -0.418 -0.909 -0. -5.626 0. 0. -1. 0.
0.881 -0.473 -0. 100.039 -0.473 -0.881 -0. -6.475 0. 0. -1. 0.
0.853 -0.521 -0. 101.673 -0.521 -0.853 -0. -7.573 0. 0. -1. 0.
0.817 -0.577 -0. 103.263 -0.577 -0.817 -0. -8.560 0. 0. -1. 0.
0.778 -0.628 -0. 104.751 -0.628 -0.778 -0. -9.876 0. 0. -1. 0.
0.737 -0.676 -0. 106.161 -0.676 -0.737 -0. -11.052 0. 0. -1. 0.
0.690 -0.724 -0. 107.345 -0.724 -0.690 -0. -12.483 0. 0. -1. 0.
0.641 -0.767 -0. 108.646 -0.767 -0.641 -0. -13.843 0. 0. -1. 0.
0.584 -0.812 -0. 109.673 -0.812 -0.584 -0. -15.309 0. 0. -1. 0.
0.531 -0.847 -0. 110.648 -0.847 -0.531 -0. -16.876 0. 0. -1. 0.
0.479 -0.878 -0. 111.479 -0.878 -0.479 -0. -18.568 0. 0. -1. 0.
0.434 -0.901 -0. 112.408 -0.901 -0.434 -0. -20.276 0. 0. -1. 0.
0.396 -0.918 -0. 113.018 -0.918 -0.396 -0. -22.069 0. 0. -1. 0.
0.374 -0.927 -0. 113.673 -0.927 -0.374 -0. -23.902 0. 0. -1. 0.
0.364 -0.932 -0. 114.274 -0.932 -0.364 -0. -25.799 0. 0. -1. 0.
0.355 -0.935 -0. 115.115 -0.935 -0.355 -0. -27.590 0. 0. -1. 0.
0.361 -0.933 -0. 115.628 -0.933 -0.361 -0. -29.538 0. 0. -1. 0.
0.360 -0.933 -0. 116.476 -0.933 -0.360 -0. -31.394 0. 0. -1. 0.
0.377 -0.926 -0. 117.075 -0.926 -0.377 -0. -33.312 0. 0. -1. 0.
0.388 -0.922 -0. 118.083 -0.922 -0.388 -0. -35.131 0. 0. -1. 0.
0.402 -0.916 -0. 118.876 -0.916 -0.402 -0. -36.978 0. 0. -1. 0.
0.422 -0.907 -0. 119.474 -0.907 -0.422 -0. -38.862 0. 0. -1. 0.
0.438 -0.899 -0. 120.340 -0.899 -0.438 -0. -40.657 0. 0. -1. 0.
0.458 -0.889 -0. 121.202 -0.889 -0.458 -0. -42.436 0. 0. -1. 0.
0.485 -0.874 -0. 122.055 -0.874 -0.485 -0. -44.137 0. 0. -1. 0.
0.510 -0.860 -0. 122.922 -0.860 -0.510 -0. -45.868 0. 0. -1. 0.
0.533 -0.846 -0. 123.982 -0.846 -0.533 -0. -47.551 0. 0. -1. 0.
0.559 -0.829 -0. 125.046 -0.829 -0.559 -0. -49.157 0. 0. -1. 0.
0.581 -0.814 -0. 126.218 -0.814 -0.581 -0. -50.722 0. 0. -1. 0.
0.600 -0.800 -0. 127.322 -0.800 -0.600 -0. -52.351 0. 0. -1. 0.
0.619 -0.785 -0. 128.526 -0.785 -0.619 -0. -53.821 0. 0. -1. 0.
0.640 -0.768 -0. 129.651 -0.768 -0.640 -0. -55.356 0. 0. -1. 0.
0.659 -0.752 -0. 130.880 -0.752 -0.659 -0. -56.824 0. 0. -1. 0.
0.672 -0.740 -0. 132.267 -0.740 -0.672 -0. -58.182 0. 0. -1. 0.
0.685 -0.728 -0. 133.468 -0.728 -0.685 -0. -59.580 0. 0. -1. 0.
0.696 -0.718 -0. 134.692 -0.718 -0.696 -0. -60.981 0. 0. -1. 0.
0.704 -0.710 -0. 136.030 -0.710 -0.704 -0. -62.257 0. 0. -1. 0.
0.709 -0.706 -0. 137.222 -0.706 -0.709 -0. -63.626 0. 0. -1. 0.
0.715 -0.699 -0. 138.582 -0.699 -0.715 -0. -64.842 0. 0. -1. 0.
0.725 -0.689 -0. 139.800 -0.689 -0.725 -0. -66.164 0. 0. -1. 0.
0.729 -0.685 -0. 141.124 -0.685 -0.729 -0. -67.285 0. 0. -1. 0.
0.734 -0.679 -0. 142.353 -0.679 -0.734 -0. -68.500 0. 0. -1. 0.
0.745 -0.667 -0. 143.614 -0.667 -0.745 -0. -69.686 0. 0. -1. 0.
0.752 -0.659 -0. 144.882 -0.659 -0.752 -0. -70.702 0. 0. -1. 0.
0.776 -0.631 -0. 146.083 -0.631 -0.776 -0. -71.755 0. 0. -1. 0.
0.808 -0.589 -0. 147.335 -0.589 -0.808 -0. -72.688 0. 0. -1. 0.
0.844 -0.537 -0. 148.465 -0.537 -0.844 -0. -73.566 0. 0. -1. 0.
0.880 -0.475 -0. 149.715 -0.475 -0.880 -0. -74.326 0. 0. -1. 0.
0.919 -0.395 -0. 150.960 -0.395 -0.919 -0. -74.762 0. 0. -1. 0.
0.953 -0.303 -0. 152.145 -0.303 -0.953 -0. -75.151 0. 0. -1. 0.
0.982 -0.188 -0. 153.232 -0.188 -0.982 -0. -75.369 0. 0. -1. 0.
0.998 -0.060 -0. 154.314 -0.060 -0.998 -0. -75.449 0. 0. -1. 0.
0.996 0.084 0. 155.456 0.084 -0.996 -0. -75.308 0. 0. -1. 0.
0.968 0.250 0. 156.437 0.250 -0.968 -0. -75.002 0. 0. -1. 0.
0.917 0.400 0. 157.422 0.400 -0.917 -0. -74.572 0. 0. -1. 0.
0.832 0.554 0. 158.251 0.554 -0.832 -0. -74.020 0. 0. -1. 0.
0.721 0.693 0. 158.926 0.693 -0.721 -0. -73.320 0. 0. -1. 0.
0.591 0.807 0. 159.487 0.807 -0.591 -0. -72.477 0. 0. -1. 0.
0.439 0.899 0. 159.919 0.899 -0.439 -0. -71.578 0. 0. -1. 0.
0.267 0.964 0. 160.119 0.964 -0.267 -0. -70.661 0. 0. -1. 0.
0.091 0.996 0. 160.141 0.996 -0.091 -0. -69.670 0. 0. -1. 0.
-0.091 0.996 0. 160.005 0.996 0.091 0. -68.762 0. 0. -1. 0.
-0.262 0.965 0. 159.750 0.965 0.262 0. -67.869 0. 0. -1. 0.
-0.424 0.906 0. 159.269 0.906 0.424 0. -66.982 0. 0. -1. 0.
-0.572 0.820 0. 158.672 0.820 0.572 0. -66.190 0. 0. -1. 0.
-0.694 0.720 0. 157.875 0.720 0.694 0. -65.461 0. 0. -1. 0.
-0.793 0.609 0. 157.020 0.609 0.793 0. -64.816 0. 0. -1. 0.
-0.856 0.518 0. 155.996 0.518 0.856 0. -64.160 0. 0. -1. 0.
-0.903 0.429 0. 154.976 0.429 0.903 0. -63.689 0. 0. -1. 0.
-0.928 0.372 0. 153.745 0.372 0.928 0. -63.215 0. 0. -1. 0.
-0.948 0.318 0. 152.608 0.318 0.948 0. -62.842 0. 0. -1. 0.
-0.955 0.298 0. 151.305 0.298 0.955 0. -62.360 0. 0. -1. 0.
-0.959 0.283 0. 149.993 0.283 0.959 0. -62.079 0. 0. -1. 0.
-0.958 0.288 0. 148.541 0.288 0.958 0. -61.589 0. 0. -1. 0.
-0.955 0.298 0. 147.165 0.298 0.955 0. -61.115 0. 0. -1. 0.
-0.951 0.308 0. 145.721 0.308 0.951 0. -60.625 0. 0. -1. 0.
-0.942 0.337 0. 144.143 0.337 0.942 0. -60.103 0. 0. -1. 0.
-0.933 0.359 0. 142.668 0.359 0.933 0. -59.475 0. 0. -1. 0.
-0.923 0.384 0. 141.077 0.384 0.923 0. -58.854 0. 0. -1. 0.
-0.910 0.414 0. 139.574 0.414 0.910 0. -58.171 0. 0. -1. 0.
-0.893 0.450 0. 138.026 0.450 0.893 0. -57.380 0. 0. -1. 0.
-0.873 0.488 0. 136.468 0.488 0.873 0. -56.415 0. 0. -1. 0.
-0.851 0.525 0. 134.992 0.525 0.851 0. -55.396 0. 0. -1. 0.
-0.827 0.562 0. 133.405 0.562 0.827 0. -54.224 0. 0. -1. 0.
-0.802 0.597 0. 131.945 0.597 0.802 0. -53.144 0. 0. -1. 0.
-0.770 0.638 0. 130.487 0.638 0.770 0. -51.933 0. 0. -1. 0.
-0.737 0.676 0. 129.039 0.676 0.737 0. -50.675 0. 0. -1. 0.
-0.704 0.710 0. 127.821 0.710 0.704 0. -49.161 0. 0. -1. 0.
-0.678 0.735 0. 126.471 0.735 0.678 0. -47.725 0. 0. -1. 0.
-0.644 0.765 0. 125.135 0.765 0.644 0. -46.289 0. 0. -1. 0.
-0.614 0.789 0. 124.119 0.789 0.614 0. -44.718 0. 0. -1. 0.
-0.573 0.819 0. 123.024 0.819 0.573 0. -43.251 0. 0. -1. 0.
-0.533 0.846 0. 122.076 0.846 0.533 0. -41.561 0. 0. -1. 0.
-0.488 0.873 0. 121.056 0.873 0.488 0. -39.929 0. 0. -1. 0.
-0.446 0.895 0. 120.215 0.895 0.446 0. -38.208 0. 0. -1. 0.
-0.401 0.916 0. 119.496 0.916 0.401 0. -36.422 0. 0. -1. 0.
-0.373 0.928 0. 118.868 0.928 0.373 0. -34.568 0. 0. -1. 0.
-0.348 0.937 0. 118.124 0.937 0.348 0. -32.761 0. 0. -1. 0.
-0.332 0.943 0. 117.637 0.943 0.332 0. -30.857 0. 0. -1. 0.
-0.329 0.944 0. 116.971 0.944 0.329 0. -29.031 0. 0. -1. 0.
-0.330 0.944 0. 116.422 0.944 0.330 0. -27.208 0. 0. -1. 0.
-0.336 0.942 0. 115.664 0.942 0.336 0. -25.478 0. 0. -1. 0.
-0.351 0.936 0. 115.021 0.936 0.351 0. -23.697 0. 0. -1. 0.
-0.376 0.926 0. 114.193 0.926 0.376 0. -21.948 0. 0. -1. 0.
-0.406 0.914 0. 113.733 0.914 0.406 0. -20.203 0. 0. -1. 0.
-0.437 0.900 0. 113.078 0.900 0.437 0. -18.542 0. 0. -1. 0.
-0.478 0.878 0. 112.291 0.878 0.478 0. -16.861 0. 0. -1. 0.
-0.518 0.856 0. 111.091 0.856 0.518 0. -15.380 0. 0. -1. 0.
-0.564 0.826 0. 110.198 0.826 0.564 0. -13.863 0. 0. -1. 0.
-0.615 0.789 0. 109.302 0.789 0.615 0. -12.365 0. 0. -1. 0.
-0.670 0.742 0. 108.245 0.742 0.670 0. -10.914 0. 0. -1. 0.
-0.718 0.696 0. 106.849 0.696 0.718 0. -9.704 0. 0. -1. 0.
-0.764 0.645 0. 105.450 0.645 0.764 0. -8.489 0. 0. -1. 0.
-0.804 0.595 0. 104.062 0.595 0.804 0. -7.296 0. 0. -1. 0.
-0.841 0.540 0. 102.515 0.540 0.841 0. -6.203 0. 0. -1. 0.
-0.873 0.488 0. 100.893 0.488 0.873 0. -5.358 0. 0. -1. 0.
-0.905 0.425 0. 99.175 0.425 0.905 0. -4.525 0. 0. -1. 0.
-0.928 0.372 0. 97.551 0.372 0.928 0. -3.814 0. 0. -1. 0.
-0.948 0.317 0. 95.759 0.317 0.948 0. -3.160 0. 0. -1. 0.
-0.965 0.261 0. 93.961 0.261 0.965 0. -2.603 0. 0. -1. 0.
-0.977 0.212 0. 92.149 0.212 0.977 0. -2.147 0. 0. -1. 0.
-0.984 0.177 0. 90.352 0.177 0.984 0. -1.828 0. 0. -1. 0.
-0.991 0.133 0. 88.423 0.133 0.991 0. -1.572 0. 0. -1. 0.
-0.995 0.103 0. 86.548 0.103 0.995 0. -1.332 0. 0. -1. 0.
-0.996 0.087 0. 84.738 0.087 0.996 0. -1.158 0. 0. -1. 0.
-0.998 0.068 0. 82.922 0.068 0.998 0. -1.042 0. 0. -1. 0.
-0.999 0.052 0. 81.137 0.052 0.999 0. -0.970 0. 0. -1. 0.
-0.999 0.033 0. 79.320 0.033 0.999 0. -0.840 0. 0. -1. 0.
-0.999 0.033 0. 77.556 0.033 0.999 0. -0.837 0. 0. -1. 0.
-1.000 0.019 0. 75.849 0.019 1.000 0. -0.756 0. 0. -1. 0.
-1. 0.009 0. 74.186 0.009 1. 0. -0.688 0. 0. -1. 0.
-1. 0.003 0. 72.510 0.003 1. 0. -0.683 0. 0. -1. 0.
-1. -0.006 -0. 70.908 -0.006 1. 0. -0.635 0. 0. -1. 0.
-1.000 -0.019 -0. 69.291 -0.019 1.000 0. -0.630 0. 0. -1. 0.
-1.000 -0.021 -0. 67.702 -0.021 1.000 0. -0.697 0. 0. -1. 0.
-1.000 -0.029 -0. 66.169 -0.029 1.000 0. -0.738 0. 0. -1. 0.
-1.000 -0.027 -0. 64.631 -0.027 1.000 0. -0.707 0. 0. -1. 0.
-0.999 -0.033 -0. 63.131 -0.033 0.999 0. -0.713 0. 0. -1. 0.
-1.000 -0.032 -0. 61.699 -0.032 1.000 0. -0.759 0. 0. -1. 0.
-0.999 -0.034 -0. 60.352 -0.034 0.999 0. -0.753 0. 0. -1. 0.
-0.999 -0.032 -0. 59.087 -0.032 0.999 0. -0.705 0. 0. -1. 0.
-1.000 -0.028 -0. 57.784 -0.028 1.000 0. -0.675 0. 0. -1. 0.
-1.000 -0.016 -0. 56.628 -0.016 1.000 0. -0.776 0. 0. -1. 0.
-1.000 -0.020 -0. 55.465 -0.020 1.000 0. -0.758 0. 0. -1. 0.
-1.000 -0.021 -0. 54.292 -0.021 1.000 0. -0.764 0. 0. -1. 0.
-1.000 -0.022 -0. 53.182 -0.022 1.000 0. -0.822 0. 0. -1. 0.
-0.999 -0.035 -0. 52.026 -0.035 0.999 0. -0.800 0. 0. -1. 0.
-0.999 -0.048 -0. 50.888 -0.048 0.999 0. -1.035 0. 0. -1. 0.
-0.998 -0.069 -0. 49.706 -0.069 0.998 0. -0.936 0. 0. -1. 0.
-0.996 -0.091 -0. 48.434 -0.091 0.996 0. -1.021 0. 0. -1. 0.
-0.994 -0.105 -0. 47.111 -0.105 0.994 0. -1.103 0. 0. -1. 0.
-0.994 -0.112 -0. 45.745 -0.112 0.994 0. -1.345 0. 0. -1. 0.
-0.993 -0.119 -0. 44.317 -0.119 0.993 0. -1.426 0. 0. -1. 0.
-0.993 -0.119 -0. 42.846 -0.119 0.993 0. -1.619 0. 0. -1. 0.
-0.995 -0.103 -0. 41.267 -0.103 0.995 0. -1.651 0. 0. -1. 0.
-0.996 -0.087 -0. 39.762 -0.087 0.996 0. -1.922 0. 0. -1. 0.
-0.998 -0.067 -0. 38.141 -0.067 0.998 0. -2.076 0. 0. -1. 0.
-0.998 -0.056 -0. 36.497 -0.056 0.998 0. -2.096 0. 0. -1. 0.
-0.999 -0.037 -0. 34.859 -0.037 0.999 0. -2.264 0. 0. -1. 0.
-1.000 -0.015 -0. 33.023 -0.015 1.000 0. -2.163 0. 0. -1. 0.
-1. 0.004 0. 31.222 0.004 1. 0. -2.019 0. 0. -1. 0.
-1.000 0.022 0. 29.450 0.022 1.000 0. -2.005 0. 0. -1. 0.
-0.999 0.043 0. 27.519 0.043 0.999 0. -1.915 0. 0. -1. 0.
-0.999 0.052 0. 25.593 0.052 0.999 0. -1.808 0. 0. -1. 0.
-0.998 0.059 0. 23.699 0.059 0.998 0. -1.577 0. 0. -1. 0.
-0.997 0.076 0. 21.649 0.076 0.997 0. -1.393 0. 0. -1. 0.
-0.997 0.080 0. 19.674 0.080 0.997 0. -1.196 0. 0. -1. 0.
-0.997 0.084 0. 17.583 0.084 0.997 0. -1.048 0. 0. -1. 0.
-0.996 0.087 0. 15.641 0.087 0.996 0. -0.898 0. 0. -1. 0.
-0.996 0.090 0. 13.491 0.090 0.996 0. -0.613 0. 0. -1. 0.
-0.996 0.091 0. 11.484 0.091 0.996 0. -0.350 0. 0. -1. 0.
-0.995 0.098 0. 9.463 0.098 0.995 0. -0.158 0. 0. -1. 0.
-0.995 0.096 0. 7.388 0.096 0.995 0. -0.025 0. 0. -1. 0.
-0.996 0.092 0. 5.343 0.092 0.996 0. 0.234 0. 0. -1. 0.
-0.996 0.092 0. 3.341 0.092 0.996 0. 0.414 0. 0. -1. 0.
-0.996 0.092 0. 1.333 0.092 0.996 0. 0.612 0. 0. -1. 0.
-0.996 0.095 0. -0.662 0.095 0.996 0. 0.803 0. 0. -1. 0.
-0.996 0.084 0. -2.672 0.084 0.996 0. 1.013 0. 0. -1. 0.
-0.997 0.076 0. -4.661 0.076 0.997 0. 1.313 0. 0. -1. 0.
-0.998 0.070 0. -6.727 0.070 0.998 0. 1.456 0. 0. -1. 0.
-0.997 0.072 0. -8.609 0.072 0.997 0. 1.695 0. 0. -1. 0.
-0.997 0.076 0. -10.553 0.076 0.997 0. 1.777 0. 0. -1. 0.
-0.997 0.076 0. -12.591 0.076 0.997 0. 1.950 0. 0. -1. 0.
-0.997 0.073 0. -14.592 0.073 0.997 0. 2.089 0. 0. -1. 0.
-0.997 0.077 0. -16.531 0.077 0.997 0. 2.381 0. 0. -1. 0.
-0.996 0.093 0. -18.552 0.093 0.996 0. 2.449 0. 0. -1. 0.
-0.996 0.092 0. -20.472 0.092 0.996 0. 2.720 0. 0. -1. 0.
-0.995 0.104 0. -22.443 0.104 0.995 0. 3.054 0. 0. -1. 0.
-0.994 0.106 0. -24.478 0.106 0.994 0. 3.222 0. 0. -1. 0.
-0.995 0.098 0. -26.443 0.098 0.995 0. 3.456 0. 0. -1. 0.
-0.997 0.082 0. -28.422 0.082 0.997 0. 3.798 0. 0. -1. 0.
-0.997 0.077 0. -30.494 0.077 0.997 0. 3.857 0. 0. -1. 0.
-0.998 0.063 0. -32.443 0.063 0.998 0. 3.789 0. 0. -1. 0.
-0.999 0.040 0. -34.395 0.040 0.999 0. 3.918 0. 0. -1. 0.
-1.000 0.028 0. -36.337 0.028 1.000 0. 3.990 0. 0. -1. 0.
-1. 0.004 0. -38.265 0.004 1. 0. 3.989 0. 0. -1. 0.
-1. -0.009 -0. -40.217 -0.009 1. 0. 3.985 0. 0. -1. 0.
-1.000 -0.024 -0. -42.115 -0.024 1.000 0. 4.051 0. 0. -1. 0.
-0.999 -0.049 -0. -44.061 -0.049 0.999 0. 4.036 0. 0. -1. 0.
-0.998 -0.063 -0. -45.888 -0.063 0.998 0. 3.861 0. 0. -1. 0.
-0.998 -0.070 -0. -47.688 -0.070 0.998 0. 3.774 0. 0. -1. 0.
-0.996 -0.089 -0. -49.314 -0.089 0.996 0. 3.654 0. 0. -1. 0.
-0.996 -0.092 -0. -51.087 -0.092 0.996 0. 3.538 0. 0. -1. 0.
-0.995 -0.100 -0. -52.691 -0.100 0.995 0. 3.401 0. 0. -1. 0.
-0.995 -0.097 -0. -54.247 -0.097 0.995 0. 3.235 0. 0. -1. 0.
-0.997 -0.081 -0. -55.842 -0.081 0.997 0. 3.273 0. 0. -1. 0.
-0.998 -0.066 -0. -57.296 -0.066 0.998 0. 3.032 0. 0. -1. 0.
-0.999 -0.042 -0. -58.696 -0.042 0.999 0. 3.113 0. 0. -1. 0.
-1. -0.005 -0. -59.998 -0.005 1. 0. 3.082 0. 0. -1. 0.
-0.999 0.053 0. -61.241 0.053 0.999 0. 3.169 0. 0. -1. 0.
-0.994 0.110 0. -62.345 0.110 0.994 0. 3.304 0. 0. -1. 0.
-0.984 0.179 0. -63.407 0.179 0.984 0. 3.568 0. 0. -1. 0.
-0.967 0.256 0. -64.422 0.256 0.967 0. 3.812 0. 0. -1. 0.
-0.941 0.339 0. -65.399 0.339 0.941 0. 4.138 0. 0. -1. 0.
-0.904 0.427 0. -66.341 0.427 0.904 0. 4.608 0. 0. -1. 0.
-0.856 0.516 0. -67.139 0.516 0.856 0. 5.172 0. 0. -1. 0.
-0.790 0.614 0. -67.906 0.614 0.790 0. 5.788 0. 0. -1. 0.
-0.721 0.693 0. -68.486 0.693 0.721 0. 6.586 0. 0. -1. 0.
-0.638 0.770 0. -69.149 0.770 0.638 0. 7.349 0. 0. -1. 0.
-0.552 0.834 0. -69.716 0.834 0.552 0. 8.210 0. 0. -1. 0.
-0.455 0.891 0. -70.245 0.891 0.455 0. 9.120 0. 0. -1. 0.
-0.364 0.931 0. -70.530 0.931 0.364 0. 10.033 0. 0. -1. 0.
-0.276 0.961 0. -70.827 0.961 0.276 0. 11.080 0. 0. -1. 0.
-0.209 0.978 0. -70.983 0.978 0.209 0. 12.203 0. 0. -1. 0.
-0.147 0.989 0. -71.154 0.989 0.147 0. 13.356 0. 0. -1. 0.
-0.106 0.994 0. -71.278 0.994 0.106 0. 14.506 0. 0. -1. 0.
-0.091 0.996 0. -71.295 0.996 0.091 0. 15.765 0. 0. -1. 0.
-0.072 0.997 0. -71.235 0.997 0.072 0. 17.081 0. 0. -1. 0.
-0.058 0.998 0. -71.477 0.998 0.058 0. 18.413 0. 0. -1. 0.
-0.050 0.999 0. -71.360 0.999 0.050 0. 19.677 0. 0. -1. 0.
-0.051 0.999 0. -71.554 0.999 0.051 0. 21.019 0. 0. -1. 0.
-0.046 0.999 0. -71.548 0.999 0.046 0. 22.460 0. 0. -1. 0.
-0.041 0.999 0. -71.554 0.999 0.041 0. 23.843 0. 0. -1. 0.
-0.045 0.999 0. -71.633 0.999 0.045 0. 25.277 0. 0. -1. 0.
-0.028 1.000 0. -71.596 1.000 0.028 0. 26.764 0. 0. -1. 0.
-0.031 1.000 0. -71.723 1.000 0.031 0. 28.238 0. 0. -1. 0.
-0.005 1. 0. -71.580 1. 0.005 0. 29.713 0. 0. -1. 0.
-0.004 1. 0. -71.717 1. 0.004 0. 31.216 0. 0. -1. 0.
0.024 1.000 0. -71.470 1.000 -0.024 -0. 32.653 0. 0. -1. 0.
0.033 0.999 0. -71.466 0.999 -0.033 -0. 34.123 0. 0. -1. 0.
0.066 0.998 0. -71.388 0.998 -0.066 -0. 35.536 0. 0. -1. 0.
0.090 0.996 0. -71.320 0.996 -0.090 -0. 36.972 0. 0. -1. 0.
0.109 0.994 0. -71.147 0.994 -0.109 -0. 38.497 0. 0. -1. 0.
0.140 0.990 0. -70.861 0.990 -0.140 -0. 39.991 0. 0. -1. 0.
0.159 0.987 0. -70.544 0.987 -0.159 -0. 41.498 0. 0. -1. 0.
0.179 0.984 0. -70.200 0.984 -0.179 -0. 43.044 0. 0. -1. 0.
0.192 0.981 0. -69.927 0.981 -0.192 -0. 44.579 0. 0. -1. 0.
0.205 0.979 0. -69.522 0.979 -0.205 -0. 46.238 0. 0. -1. 0.
0.198 0.980 0. -69.175 0.980 -0.198 -0. 47.783 0. 0. -1. 0.
0.178 0.984 0. -68.857 0.984 -0.178 -0. 49.443 0. 0. -1. 0.
0.157 0.988 0. -68.608 0.988 -0.157 -0. 51.064 0. 0. -1. 0.
0.126 0.992 0. -68.290 0.992 -0.126 -0. 52.849 0. 0. -1. 0.
0.097 0.995 0. -68.062 0.995 -0.097 -0. 54.646 0. 0. -1. 0.
0.067 0.998 0. -67.909 0.998 -0.067 -0. 56.411 0. 0. -1. 0.
0.040 0.999 0. -67.822 0.999 -0.040 -0. 58.190 0. 0. -1. 0.
0.021 1.000 0. -67.742 1.000 -0.021 -0. 59.965 0. 0. -1. 0.
-0.008 1. 0. -67.771 1. 0.008 0. 61.744 0. 0. -1. 0.
-0.014 1. 0. -67.781 1. 0.014 0. 63.549 0. 0. -1. 0.
-0.036 0.999 0. -67.732 0.999 0.036 0. 65.238 0. 0. -1. 0.
-0.038 0.999 0. -67.931 0.999 0.038 0. 66.993 0. 0. -1. 0.
-0.040 0.999 0. -67.914 0.999 0.040 0. 68.606 0. 0. -1. 0.
-0.053 0.999 0. -67.964 0.999 0.053 0. 70.395 0. 0. -1. 0.
-0.055 0.998 0. -67.889 0.998 0.055 0. 72.004 0. 0. -1. 0.
-0.062 0.998 0. -68.062 0.998 0.062 0. 73.683 0. 0. -1. 0.
-0.065 0.998 0. -68.129 0.998 0.065 0. 75.160 0. 0. -1. 0.
-0.070 0.998 0. -68.221 0.998 0.070 0. 76.930 0. 0. -1. 0.
-0.073 0.997 0. -68.292 0.997 0.073 0. 78.420 0. 0. -1. 0.
-0.092 0.996 0. -68.404 0.996 0.092 0. 80.018 0. 0. -1. 0.
-0.110 0.994 0. -68.570 0.994 0.110 0. 81.528 0. 0. -1. 0.
-0.143 0.990 0. -68.760 0.990 0.143 0. 83.002 0. 0. -1. 0.
-0.173 0.985 0. -68.965 0.985 0.173 0. 84.560 0. 0. -1. 0.
-0.220 0.975 0. -69.312 0.975 0.220 0. 85.917 0. 0. -1. 0.
-0.275 0.961 0. -69.634 0.961 0.275 0. 87.361 0. 0. -1. 0.
-0.329 0.944 0. -70.069 0.944 0.329 0. 88.751 0. 0. -1. 0.
-0.397 0.918 0. -70.641 0.918 0.397 0. 89.979 0. 0. -1. 0.
-0.469 0.883 0. -71.172 0.883 0.469 0. 91.212 0. 0. -1. 0.
-0.543 0.840 0. -71.900 0.840 0.543 0. 92.453 0. 0. -1. 0.
-0.623 0.782 0. -72.840 0.782 0.623 0. 93.494 0. 0. -1. 0.
-0.708 0.707 0. -73.690 0.707 0.708 0. 94.443 0. 0. -1. 0.
-0.781 0.625 0. -74.691 0.625 0.781 0. 95.324 0. 0. -1. 0.
-0.847 0.531 0. -75.759 0.531 0.847 0. 96.038 0. 0. -1. 0.
-0.897 0.443 0. -76.881 0.443 0.897 0. 96.624 0. 0. -1. 0.
-0.934 0.357 0. -78.096 0.357 0.934 0. 97.035 0. 0. -1. 0.
-0.957 0.291 0. -79.286 0.291 0.957 0. 97.408 0. 0. -1. 0.
-0.971 0.238 0. -80.573 0.238 0.971 0. 97.703 0. 0. -1. 0.
-0.980 0.197 0. -81.846 0.197 0.980 0. 97.898 0. 0. -1. 0.
-0.985 0.173 0. -83.279 0.173 0.985 0. 98.212 0. 0. -1. 0.
-0.987 0.164 0. -84.525 0.164 0.987 0. 98.484 0. 0. -1. 0.
-0.987 0.161 0. -85.992 0.161 0.987 0. 98.733 0. 0. -1. 0.
-0.985 0.170 0. -87.438 0.170 0.985 0. 99.039 0. 0. -1. 0.
-0.978 0.210 0. -89.037 0.210 0.978 0. 99.247 0. 0. -1. 0.
-0.967 0.254 0. -90.409 0.254 0.967 0. 99.624 0. 0. -1. 0.
-0.953 0.302 0. -91.914 0.302 0.953 0. 100.136 0. 0. -1. 0.
-0.936 0.351 0. -93.338 0.351 0.936 0. 100.829 0. 0. -1. 0.
-0.915 0.404 0. -94.790 0.404 0.915 0. 101.487 0. 0. -1. 0.
-0.887 0.461 0. -96.212 0.461 0.887 0. 102.332 0. 0. -1. 0.
-0.856 0.517 0. -97.619 0.517 0.856 0. 103.214 0. 0. -1. 0.
-0.820 0.573 0. -99.011 0.573 0.820 0. 104.210 0. 0. -1. 0.
-0.788 0.616 0. -100.383 0.616 0.788 0. 105.343 0. 0. -1. 0.
-0.762 0.648 0. -101.719 0.648 0.762 0. 106.377 0. 0. -1. 0.
-0.740 0.672 0. -103.055 0.672 0.740 0. 107.596 0. 0. -1. 0.
-0.723 0.691 0. -104.435 0.691 0.723 0. 108.854 0. 0. -1. 0.
-0.721 0.693 0. -105.727 0.693 0.721 0. 110.100 0. 0. -1. 0.
-0.714 0.701 0. -107.158 0.701 0.714 0. 111.446 0. 0. -1. 0.
-0.712 0.703 0. -108.586 0.703 0.712 0. 112.825 0. 0. -1. 0.
-0.714 0.701 0. -109.929 0.701 0.714 0. 114.251 0. 0. -1. 0.
-0.719 0.695 0. -111.317 0.695 0.719 0. 115.684 0. 0. -1. 0.
-0.718 0.696 0. -112.804 0.696 0.718 0. 117.157 0. 0. -1. 0.
-0.717 0.697 0. -114.281 0.697 0.717 0. 118.704 0. 0. -1. 0.
-0.717 0.697 0. -115.789 0.697 0.717 0. 120.185 0. 0. -1. 0.
-0.720 0.694 0. -117.288 0.694 0.720 0. 121.737 0. 0. -1. 0.
-0.722 0.692 0. -118.848 0.692 0.722 0. 123.263 0. 0. -1. 0.
-0.717 0.697 0. -120.410 0.697 0.717 0. 124.854 0. 0. -1. 0.
-0.716 0.698 0. -121.879 0.698 0.716 0. 126.392 0. 0. -1. 0.
-0.715 0.700 0. -123.546 0.700 0.715 0. 127.972 0. 0. -1. 0.
-0.716 0.698 0. -125.099 0.698 0.716 0. 129.587 0. 0. -1. 0.
-0.709 0.705 0. -126.736 0.705 0.709 0. 131.205 0. 0. -1. 0.
-0.710 0.704 0. -128.288 0.704 0.710 0. 132.888 0. 0. -1. 0.
-0.709 0.705 0. -129.871 0.705 0.709 0. 134.585 0. 0. -1. 0.
-0.711 0.704 0. -131.465 0.704 0.711 0. 136.321 0. 0. -1. 0.
-0.706 0.708 0. -133.044 0.708 0.706 0. 137.895 0. 0. -1. 0.
-0.708 0.706 0. -134.572 0.706 0.708 0. 139.548 0. 0. -1. 0.
-0.705 0.709 0. -136.235 0.709 0.705 0. 141.098 0. 0. -1. 0.
-0.702 0.712 0. -137.723 0.712 0.702 0. 142.876 0. 0. -1. 0.
-0.700 0.714 0. -139.274 0.714 0.700 0. 144.524 0. 0. -1. 0.
-0.695 0.719 0. -140.796 0.719 0.695 0. 146.196 0. 0. -1. 0.
-0.697 0.717 0. -142.379 0.717 0.697 0. 147.837 0. 0. -1. 0.
-0.694 0.720 0. -143.892 0.720 0.694 0. 149.487 0. 0. -1. 0.
-0.686 0.728 0. -145.483 0.728 0.686 0. 151.048 0. 0. -1. 0.
-0.679 0.734 0. -146.839 0.734 0.679 0. 152.781 0. 0. -1. 0.
-0.674 0.738 0. -148.279 0.738 0.674 0. 154.360 0. 0. -1. 0.
-0.658 0.753 0. -149.732 0.753 0.658 0. 156.049 0. 0. -1. 0.
-0.645 0.764 0. -151.004 0.764 0.645 0. 157.734 0. 0. -1. 0.
-0.625 0.780 0. -152.386 0.780 0.625 0. 159.395 0. 0. -1. 0.
-0.601 0.799 0. -153.595 0.799 0.601 0. 161.176 0. 0. -1. 0.
-0.567 0.824 0. -154.861 0.824 0.567 0. 162.892 0. 0. -1. 0.
-0.531 0.847 0. -155.884 0.847 0.531 0. 164.783 0. 0. -1. 0.
-0.492 0.871 0. -156.972 0.871 0.492 0. 166.643 0. 0. -1. 0.
-0.454 0.891 0. -157.802 0.891 0.454 0. 168.682 0. 0. -1. 0.
-0.406 0.914 0. -158.887 0.914 0.406 0. 170.574 0. 0. -1. 0.
-0.360 0.933 0. -159.447 0.933 0.360 0. 172.665 0. 0. -1. 0.
-0.318 0.948 0. -160.144 0.948 0.318 0. 174.693 0. 0. -1. 0.
-0.270 0.963 0. -160.770 0.963 0.270 0. 176.800 0. 0. -1. 0.
-0.237 0.971 0. -161.183 0.971 0.237 0. 178.966 0. 0. -1. 0.
-0.201 0.980 0. -161.652 0.980 0.201 0. 181.133 0. 0. -1. 0.
-0.181 0.984 0. -161.919 0.984 0.181 0. 183.283 0. 0. -1. 0.
-0.154 0.988 0. -162.356 0.988 0.154 0. 185.515 0. 0. -1. 0.
-0.136 0.991 0. -162.595 0.991 0.136 0. 187.753 0. 0. -1. 0.
-0.130 0.991 0. -162.863 0.991 0.130 0. 189.973 0. 0. -1. 0.
-0.114 0.994 0. -163.048 0.994 0.114 0. 192.269 0. 0. -1. 0.
-0.114 0.993 0. -163.250 0.993 0.114 0. 194.558 0. 0. -1. 0.
-0.105 0.995 0. -163.411 0.995 0.105 0. 196.906 0. 0. -1. 0.
-0.106 0.994 0. -163.690 0.994 0.106 0. 199.188 0. 0. -1. 0.
-0.107 0.994 0. -163.835 0.994 0.107 0. 201.527 0. 0. -1. 0.
-0.110 0.994 0. -163.980 0.994 0.110 0. 203.845 0. 0. -1. 0.
-0.130 0.992 0. -164.286 0.992 0.130 0. 206.135 0. 0. -1. 0.
-0.141 0.990 0. -164.472 0.990 0.141 0. 208.442 0. 0. -1. 0.
-0.164 0.986 0. -164.692 0.986 0.164 0. 210.676 0. 0. -1. 0.
-0.183 0.983 0. -165.326 0.983 0.183 0. 212.846 0. 0. -1. 0.
-0.210 0.978 0. -165.486 0.978 0.210 0. 215.005 0. 0. -1. 0.
-0.241 0.971 0. -166.034 0.971 0.241 0. 217.031 0. 0. -1. 0.
-0.292 0.956 0. -166.495 0.956 0.292 0. 219.107 0. 0. -1. 0.
-0.346 0.938 0. -167.269 0.938 0.346 0. 221.144 0. 0. -1. 0.
-0.404 0.915 0. -168.011 0.915 0.404 0. 222.947 0. 0. -1. 0.
-0.468 0.884 0. -168.903 0.884 0.468 0. 224.767 0. 0. -1. 0.
-0.534 0.845 0. -169.901 0.845 0.534 0. 226.388 0. 0. -1. 0.
-0.595 0.804 0. -171.133 0.804 0.595 0. 227.931 0. 0. -1. 0.
-0.651 0.759 0. -172.469 0.759 0.651 0. 229.374 0. 0. -1. 0.
-0.706 0.709 0. -173.663 0.709 0.706 0. 230.799 0. 0. -1. 0.
-0.754 0.657 0. -175.216 0.657 0.754 0. 232.118 0. 0. -1. 0.
-0.799 0.601 0. -176.699 0.601 0.799 0. 233.320 0. 0. -1. 0.
-0.840 0.542 0. -178.415 0.542 0.840 0. 234.351 0. 0. -1. 0.
-0.875 0.484 0. -180.123 0.484 0.875 0. 235.322 0. 0. -1. 0.
-0.899 0.437 0. -181.831 0.437 0.899 0. 236.226 0. 0. -1. 0.
-0.921 0.390 0. -183.646 0.390 0.921 0. 237.015 0. 0. -1. 0.
-0.936 0.353 0. -185.461 0.353 0.936 0. 237.834 0. 0. -1. 0.
-0.945 0.326 0. -187.419 0.326 0.945 0. 238.578 0. 0. -1. 0.
-0.952 0.307 0. -189.368 0.307 0.952 0. 239.318 0. 0. -1. 0.
-0.956 0.293 0. -191.376 0.293 0.956 0. 239.939 0. 0. -1. 0.
-0.960 0.281 0. -193.504 0.281 0.960 0. 240.563 0. 0. -1. 0.
-0.962 0.273 0. -195.681 0.273 0.962 0. 241.199 0. 0. -1. 0.
-0.964 0.267 0. -197.817 0.267 0.964 0. 241.931 0. 0. -1. 0.
-0.964 0.266 0. -200.020 0.266 0.964 0. 242.511 0. 0. -1. 0.
-0.966 0.259 0. -202.295 0.259 0.966 0. 243.098 0. 0. -1. 0.
-0.967 0.255 0. -204.469 0.255 0.967 0. 243.798 0. 0. -1. 0.
-0.967 0.256 0. -206.680 0.256 0.967 0. 244.405 0. 0. -1. 0.
-0.969 0.249 0. -208.847 0.249 0.969 0. 244.998 0. 0. -1. 0.
-0.969 0.248 0. -211.023 0.248 0.969 0. 245.592 0. 0. -1. 0.
-0.969 0.248 0. -213.217 0.248 0.969 0. 246.137 0. 0. -1. 0.
-0.969 0.249 0. -215.246 0.249 0.969 0. 246.713 0. 0. -1. 0.
-0.968 0.249 0. -217.341 0.249 0.968 0. 247.237 0. 0. -1. 0.
-0.969 0.247 0. -219.388 0.247 0.969 0. 247.841 0. 0. -1. 0.
-0.968 0.250 0. -221.299 0.250 0.968 0. 248.304 0. 0. -1. 0.
-0.966 0.259 0. -223.278 0.259 0.966 0. 248.797 0. 0. -1. 0.
-0.964 0.265 0. -224.984 0.265 0.964 0. 249.434 0. 0. -1. 0.
-0.962 0.275 0. -226.916 0.275 0.962 0. 250.006 0. 0. -1. 0.
-0.959 0.282 0. -228.567 0.282 0.959 0. 250.513 0. 0. -1. 0.
-0.955 0.297 0. -230.240 0.297 0.955 0. 250.959 0. 0. -1. 0.
-0.950 0.313 0. -231.854 0.313 0.950 0. 251.602 0. 0. -1. 0.
-0.945 0.328 0. -233.339 0.328 0.945 0. 252.123 0. 0. -1. 0.
-0.938 0.346 0. -234.803 0.346 0.938 0. 252.680 0. 0. -1. 0.
-0.930 0.368 0. -236.170 0.368 0.930 0. 253.295 0. 0. -1. 0.
-0.917 0.399 0. -237.526 0.399 0.917 0. 253.920 0. 0. -1. 0.
-0.905 0.425 0. -238.698 0.425 0.905 0. 254.450 0. 0. -1. 0.
-0.891 0.453 0. -239.771 0.453 0.891 0. 255.091 0. 0. -1. 0.
-0.884 0.468 0. -240.797 0.468 0.884 0. 255.601 0. 0. -1. 0.
-0.879 0.477 0. -241.797 0.477 0.879 0. 256.133 0. 0. -1. 0.
-0.879 0.476 0. -242.847 0.476 0.879 0. 256.707 0. 0. -1. 0.
-0.883 0.470 0. -243.813 0.470 0.883 0. 257.311 0. 0. -1. 0.
-0.884 0.467 0. -244.662 0.467 0.884 0. 257.766 0. 0. -1. 0.
-0.889 0.458 0. -245.516 0.458 0.889 0. 258.285 0. 0. -1. 0.
-0.889 0.458 0. -246.351 0.458 0.889 0. 258.658 0. 0. -1. 0.
-0.888 0.461 0. -246.998 0.461 0.888 0. 259.055 0. 0. -1. 0.
-0.887 0.461 0. -247.709 0.461 0.887 0. 259.367 0. 0. -1. 0.
-0.888 0.460 0. -248.355 0.460 0.888 0. 259.662 0. 0. -1. 0.
-0.888 0.459 0. -248.900 0.459 0.888 0. 260.153 0. 0. -1. 0.
-0.890 0.455 0. -249.368 0.455 0.890 0. 260.349 0. 0. -1. 0.
-0.888 0.461 0. -249.804 0.461 0.888 0. 260.535 0. 0. -1. 0.
-0.888 0.460 0. -250.199 0.460 0.888 0. 260.781 0. 0. -1. 0.
-0.890 0.455 0. -250.501 0.455 0.890 0. 260.992 0. 0. -1. 0.
-0.891 0.454 0. -250.884 0.454 0.891 0. 261.060 0. 0. -1. 0.
-0.891 0.454 0. -251.065 0.454 0.891 0. 261.269 0. 0. -1. 0.
-0.891 0.454 0. -251.210 0.454 0.891 0. 261.266 0. 0. -1. 0.
-0.891 0.454 0. -251.412 0.454 0.891 0. 261.381 0. 0. -1. 0.
-0.891 0.455 0. -251.525 0.455 0.891 0. 261.464 0. 0. -1. 0.
-0.890 0.456 0. -251.462 0.456 0.890 0. 261.421 0. 0. -1. 0.
-0.890 0.456 0. -251.591 0.456 0.890 0. 261.587 0. 0. -1. 0.
-0.891 0.455 0. -251.440 0.455 0.891 0. 261.383 0. 0. -1. 0.
-0.889 0.459 0. -251.550 0.459 0.889 0. 261.500 0. 0. -1. 0.
-0.892 0.452 0. -251.454 0.452 0.892 0. 261.475 0. 0. -1. 0.
-0.891 0.455 0. -251.627 0.455 0.891 0. 261.564 0. 0. -1. 0.
-0.888 0.460 0. -251.486 0.460 0.888 0. 261.455 0. 0. -1. 0.
-0.890 0.457 0. -251.547 0.457 0.890 0. 261.516 0. 0. -1. 0.
-0.892 0.452 0. -251.527 0.452 0.892 0. 261.554 0. 0. -1. 0.
-0.890 0.456 0. -251.564 0.456 0.890 0. 261.455 0. 0. -1. 0.
-0.889 0.457 0. -251.507 0.457 0.889 0. 261.398 0. 0. -1. 0.
-0.890 0.456 0. -251.530 0.456 0.890 0. 261.483 0. 0. -1. 0.
-0.892 0.451 0. -251.483 0.451 0.892 0. 261.543 0. 0. -1. 0.
-0.892 0.451 0. -251.551 0.451 0.892 0. 261.524 0. 0. -1. 0.
-0.891 0.454 0. -251.560 0.454 0.891 0. 261.603 0. 0. -1. 0.
-0.889 0.457 0. -251.487 0.457 0.889 0. 261.514 0. 0. -1. 0.
-0.889 0.458 0. -251.547 0.458 0.889 0. 261.526 0. 0. -1. 0.
-0.891 0.454 0. -251.456 0.454 0.891 0. 261.458 0. 0. -1. 0.
-0.890 0.457 0. -251.559 0.457 0.890 0. 261.468 0. 0. -1. 0.
-0.893 0.451 0. -251.475 0.451 0.893 0. 261.510 0. 0. -1. 0.
-0.889 0.457 0. -251.581 0.457 0.889 0. 261.489 0. 0. -1. 0.
-0.892 0.452 0. -251.456 0.452 0.892 0. 261.484 0. 0. -1. 0.
-0.892 0.453 0. -251.540 0.453 0.892 0. 261.454 0. 0. -1. 0.
-0.891 0.455 0. -251.501 0.455 0.891 0. 261.430 0. 0. -1. 0.
-0.890 0.456 0. -251.554 0.456 0.890 0. 261.551 0. 0. -1. 0.
-0.890 0.456 0. -251.414 0.456 0.890 0. 261.376 0. 0. -1. 0.
-0.890 0.457 0. -251.551 0.457 0.890 0. 261.433 0. 0. -1. 0.
-0.891 0.454 0. -251.504 0.454 0.891 0. 261.503 0. 0. -1. 0.
-0.890 0.456 0. -251.591 0.456 0.890 0. 261.629 0. 0. -1. 0.
-0.892 0.451 0. -251.504 0.451 0.892 0. 261.546 0. 0. -1. 0.
-0.890 0.456 0. -251.503 0.456 0.890 0. 261.408 0. 0. -1. 0.
-0.890 0.456 0. -251.494 0.456 0.890 0. 261.415 0. 0. -1. 0.
-0.890 0.456 0. -251.430 0.456 0.890 0. 261.372 0. 0. -1. 0.
-0.888 0.459 0. -251.561 0.459 0.888 0. 261.482 0. 0. -1. 0.
-0.890 0.456 0. -251.510 0.456 0.890 0. 261.511 0. 0. -1. 0.
-0.892 0.452 0. -251.558 0.452 0.892 0. 261.537 0. 0. -1. 0.
-0.890 0.456 0. -251.524 0.456 0.890 0. 261.473 0. 0. -1. 0.
-0.890 0.456 0. -251.444 0.456 0.890 0. 261.351 0. 0. -1. 0.
-0.892 0.452 0. -251.563 0.452 0.892 0. 261.502 0. 0. -1. 0.
-0.891 0.454 0. -251.518 0.454 0.891 0. 261.423 0. 0. -1. 0.
-0.892 0.453 0. -251.508 0.453 0.892 0. 261.394 0. 0. -1. 0.
-0.891 0.455 0. -251.559 0.455 0.891 0. 261.444 0. 0. -1. 0.
-0.889 0.457 0. -251.526 0.457 0.889 0. 261.463 0. 0. -1. 0.
-0.890 0.456 0. -251.531 0.456 0.890 0. 261.436 0. 0. -1. 0.
-0.890 0.456 0. -251.541 0.456 0.890 0. 261.467 0. 0. -1. 0.
-0.892 0.451 0. -251.515 0.451 0.892 0. 261.531 0. 0. -1. 0.
-0.890 0.455 0. -251.565 0.455 0.890 0. 261.488 0. 0. -1. 0.
-0.891 0.454 0. -251.492 0.454 0.891 0. 261.563 0. 0. -1. 0.
-0.892 0.452 0. -251.560 0.452 0.892 0. 261.545 0. 0. -1. 0.
-0.890 0.456 0. -251.515 0.456 0.890 0. 261.404 0. 0. -1. 0.
-0.890 0.455 0. -251.548 0.455 0.890 0. 261.525 0. 0. -1. 0.
-0.890 0.455 0. -251.524 0.455 0.890 0. 261.516 0. 0. -1. 0.
-0.891 0.454 0. -251.550 0.454 0.891 0. 261.508 0. 0. -1. 0.
-0.892 0.452 0. -251.492 0.452 0.892 0. 261.457 0. 0. -1. 0.
-0.891 0.454 0. -251.549 0.454 0.891 0. 261.512 0. 0. -1. 0.
-0.892 0.453 0. -251.478 0.453 0.892 0. 261.542 0. 0. -1. 0.
-0.889 0.459 0. -251.544 0.459 0.889 0. 261.409 0. 0. -1. 0.
-0.889 0.458 0. -251.510 0.458 0.889 0. 261.395 0. 0. -1. 0.
-0.890 0.456 0. -251.538 0.456 0.890 0. 261.438 0. 0. -1. 0.
-0.891 0.455 0. -251.517 0.455 0.891 0. 261.439 0. 0. -1. 0.
-0.890 0.455 0. -251.543 0.455 0.890 0. 261.513 0. 0. -1. 0.
-0.889 0.457 0. -251.441 0.457 0.889 0. 261.387 0. 0. -1. 0.
-0.890 0.457 0. -251.576 0.457 0.890 0. 261.478 0. 0. -1. 0.
-0.890 0.455 0. -251.519 0.455 0.890 0. 261.530 0. 0. -1. 0.
-0.890 0.457 0. -251.512 0.457 0.890 0. 261.465 0. 0. -1. 0.
-0.890 0.456 0. -251.432 0.456 0.890 0. 261.366 0. 0. -1. 0.
-0.890 0.456 0. -251.474 0.456 0.890 0. 261.346 0. 0. -1. 0.
-0.890 0.457 0. -251.524 0.457 0.890 0. 261.380 0. 0. -1. 0.
-0.889 0.457 0. -251.523 0.457 0.889 0. 261.464 0. 0. -1. 0.
-0.890 0.456 0. -251.531 0.456 0.890 0. 261.541 0. 0. -1. 0.
-0.890 0.455 0. -251.538 0.455 0.890 0. 261.507 0. 0. -1. 0.
-0.890 0.456 0. -251.507 0.456 0.890 0. 261.432 0. 0. -1. 0.
-0.890 0.455 0. -251.545 0.455 0.890 0. 261.508 0. 0. -1. 0.
-0.890 0.455 0. -251.518 0.455 0.890 0. 261.529 0. 0. -1. 0.
-0.891 0.455 0. -251.524 0.455 0.891 0. 261.554 0. 0. -1. 0.
-0.890 0.456 0. -251.434 0.456 0.890 0. 261.378 0. 0. -1. 0.
-0.891 0.455 0. -251.599 0.455 0.891 0. 261.547 0. 0. -1. 0.
-0.889 0.458 0. -251.511 0.458 0.889 0. 261.440 0. 0. -1. 0.
-0.889 0.457 0. -251.537 0.457 0.889 0. 261.469 0. 0. -1. 0.
-0.890 0.455 0. -251.533 0.455 0.890 0. 261.480 0. 0. -1. 0.
-0.889 0.459 0. -251.536 0.459 0.889 0. 261.464 0. 0. -1. 0.
-0.890 0.457 0. -251.518 0.457 0.890 0. 261.506 0. 0. -1. 0.
-0.891 0.455 0. -251.548 0.455 0.891 0. 261.522 0. 0. -1. 0.
-0.892 0.452 0. -251.504 0.452 0.892 0. 261.541 0. 0. -1. 0.
-0.892 0.453 0. -251.509 0.453 0.892 0. 261.425 0. 0. -1. 0.
-0.891 0.453 0. -251.509 0.453 0.891 0. 261.384 0. 0. -1. 0.
-0.889 0.457 0. -251.532 0.457 0.889 0. 261.441 0. 0. -1. 0.
-0.889 0.458 0. -251.523 0.458 0.889 0. 261.555 0. 0. -1. 0.
-0.890 0.457 0. -251.462 0.457 0.890 0. 261.433 0. 0. -1. 0.
-0.889 0.457 0. -251.551 0.457 0.889 0. 261.484 0. 0. -1. 0.
-0.893 0.451 0. -251.500 0.451 0.893 0. 261.512 0. 0. -1. 0.
-0.890 0.457 0. -251.583 0.457 0.890 0. 261.492 0. 0. -1. 0.
-0.892 0.453 0. -251.480 0.453 0.892 0. 261.455 0. 0. -1. 0.
-0.889 0.459 0. -251.581 0.459 0.889 0. 261.523 0. 0. -1. 0.
-0.891 0.455 0. -251.464 0.455 0.891 0. 261.466 0. 0. -1. 0.
-0.889 0.459 0. -251.545 0.459 0.889 0. 261.461 0. 0. -1. 0.
-0.891 0.455 0. -251.489 0.455 0.891 0. 261.464 0. 0. -1. 0.
-0.891 0.455 0. -251.496 0.455 0.891 0. 261.422 0. 0. -1. 0.
-0.889 0.457 0. -251.550 0.457 0.889 0. 261.466 0. 0. -1. 0.
-0.890 0.456 0. -251.478 0.456 0.890 0. 261.503 0. 0. -1. 0.
-0.889 0.458 0. -251.549 0.458 0.889 0. 261.570 0. 0. -1. 0.
-0.890 0.457 0. -251.511 0.457 0.890 0. 261.589 0. 0. -1. 0.
-0.888 0.459 0. -251.527 0.459 0.888 0. 261.492 0. 0. -1. 0.
-0.891 0.454 0. -251.503 0.454 0.891 0. 261.534 0. 0. -1. 0.
-0.890 0.455 0. -251.489 0.455 0.890 0. 261.376 0. 0. -1. 0.
-0.889 0.458 0. -251.537 0.458 0.889 0. 261.418 0. 0. -1. 0.
-0.892 0.453 0. -251.483 0.453 0.892 0. 261.463 0. 0. -1. 0.
-0.891 0.455 0. -251.508 0.455 0.891 0. 261.397 0. 0. -1. 0.
-0.889 0.457 0. -251.528 0.457 0.889 0. 261.452 0. 0. -1. 0.
-0.891 0.454 0. -251.529 0.454 0.891 0. 261.477 0. 0. -1. 0.
-0.890 0.456 0. -251.542 0.456 0.890 0. 261.475 0. 0. -1. 0.
-0.890 0.455 0. -251.508 0.455 0.890 0. 261.465 0. 0. -1. 0.
-0.890 0.456 0. -251.618 0.456 0.890 0. 261.567 0. 0. -1. 0.
-0.892 0.452 0. -251.613 0.452 0.892 0. 261.595 0. 0. -1. 0.
-0.891 0.455 0. -251.880 0.455 0.891 0. 261.709 0. 0. -1. 0.
-0.890 0.456 0. -251.964 0.456 0.890 0. 261.847 0. 0. -1. 0.
-0.891 0.455 0. -252.269 0.455 0.891 0. 261.816 0. 0. -1. 0.
-0.889 0.458 0. -252.523 0.458 0.889 0. 262.006 0. 0. -1. 0.
-0.888 0.459 0. -252.914 0.459 0.888 0. 262.299 0. 0. -1. 0.
-0.888 0.460 0. -253.380 0.460 0.888 0. 262.474 0. 0. -1. 0.
-0.879 0.477 0. -253.916 0.477 0.879 0. 262.696 0. 0. -1. 0.
-0.870 0.493 0. -254.517 0.493 0.870 0. 263.130 0. 0. -1. 0.
-0.853 0.521 0. -255.050 0.521 0.853 0. 263.501 0. 0. -1. 0.
-0.824 0.567 0. -255.702 0.567 0.824 0. 263.953 0. 0. -1. 0.
-0.786 0.618 0. -256.293 0.618 0.786 0. 264.339 0. 0. -1. 0.
-0.733 0.680 0. -256.692 0.680 0.733 0. 264.941 0. 0. -1. 0.
-0.686 0.728 0. -257.231 0.728 0.686 0. 265.417 0. 0. -1. 0.
