1. 0. 0. 0. 0. -1. -0. 0. 0. 0. -1. 0.
1. 0. 0. -0.002 0. -1. -0. -0.005 0. 0. -1. 0.
1. 0.000 0. -0.003 0.000 -1. -0. 0.000 0. 0. -1. 0.
1. 0.000 0. -0.002 0.000 -1. -0. -0.001 0. 0. -1. 0.
1. 0.000 0. -0.001 0.000 -1. -0. -0.001 0. 0. -1. 0.
1. 0.000 0. -0.002 0.000 -1. -0. -0.004 0. 0. -1. 0.
1. 0.000 0. -0.002 0.000 -1. -0. -0.004 0. 0. -1. 0.
1. 0.000 0. 0.003 0.000 -1. -0. -0.001 0. 0. -1. 0.
1. 0.000 0. -0.004 0.000 -1. -0. -0.004 0. 0. -1. 0.
1. 0. 0. -0.003 0. -1. -0. -0.006 0. 0. -1. 0.
1. 0.000 0. -0.004 0.000 -1. -0. -0.003 0. 0. -1. 0.
1. -0. -0. -0.000 -0. -1. -0. 0.000 0. 0. -1. 0.
1. 0.000 0. 0.000 0.000 -1. -0. 0.001 0. 0. -1. 0.
1. 0. 0. -0.003 0. -1. -0. 0.001 0. 0. -1. 0.
1. -0. -0. -0.007 -0. -1. -0. 0.002 0. 0. -1. 0.
1. 0.000 0. -0.007 0.000 -1. -0. -0.005 0. 0. -1. 0.
1. 0.000 0. 0.001 0.000 -1. -0. -0.002 0. 0. -1. 0.
1. 0.000 0. -0.001 0.000 -1. -0. -0.002 0. 0. -1. 0.
1. 0.000 0. -0.003 0.000 -1. -0. -0.002 0. 0. -1. 0.
1. 0.000 0. -0.004 0.000 -1. -0. -0.002 0. 0. -1. 0.
1. 0.000 0. -0.002 0.000 -1. -0. -0.002 0. 0. -1. 0.
1. 0.000 0. -0.002 0.000 -1. -0. -0.002 0. 0. -1. 0.
1. 0. 0. -0.004 0. -1. -0. -0. 0. 0. -1. 0.
1. -0. -0. -0.002 -0. -1. -0. -0.001 0. 0. -1. 0.
1. 0. 0. -0.001 0. -1. -0. 0.003 0. 0. -1. 0.
1. -0.000 -0. -0.006 -0.000 -1. -0. 0.002 0. 0. -1. 0.
1. -0.000 -0. -0.004 -0.000 -1. -0. 0.001 0. 0. -1. 0.
1. 0. 0. -0.004 0. -1. -0. -0.002 0. 0. -1. 0.
1. -0.000 -0. -0.005 -0.000 -1. -0. 0.000 0. 0. -1. 0.
1. -0.000 -0. -0.002 -0.000 -1. -0. -0.004 0. 0. -1. 0.
1. 0. 0. -0.002 0. -1. -0. -0.003 0. 0. -1. 0.
1. 0.000 0. -0.004 0.000 -1. -0. 0.002 0. 0. -1. 0.
1. 0.000 0. -0.004 0.000 -1. -0. -0.004 0. 0. -1. 0.
1. 0.000 0. -0.003 0.000 -1. -0. -0.004 0. 0. -1. 0.
1. 0. 0. -0.006 0. -1. -0. -0.008 0. 0. -1. 0.
1. -0.000 -0. 0.000 -0.000 -1. -0. -0.015 0. 0. -1. 0.
1. -0.000 -0. 0.037 -0.000 -1. -0. -0.020 0. 0. -1. 0.
1. 0.000 0. 0.086 0.000 -1. -0. -0.006 0. 0. -1. 0.
1. 0.000 0. 0.120 0.000 -1. -0. 0.006 0. 0. -1. 0.
1. -0.000 -0. 0.152 -0.000 -1. -0. 0.001 0. 0. -1. 0.
1. -0.000 -0. 0.202 -0.000 -1. -0. 0.006 0. 0. -1. 0.
1. -0.001 -0. 0.262 -0.001 -1. -0. -0.007 0. 0. -1. 0.
1. -0.001 -0. 0.324 -0.001 -1. -0. -0.007 0. 0. -1. 0.
1. -0.003 -0. 0.378 -0.003 -1. -0. -0.038 0. 0. -1. 0.
1. -0.004 -0. 0.451 -0.004 -1. -0. -0.031 0. 0. -1. 0.
1. -0.006 -0. 0.523 -0.006 -1. -0. -0.057 0. 0. -1. 0.
1. -0.009 -0. 0.623 -0.009 -1. -0. -0.054 0. 0. -1. 0.
1.000 -0.018 -0. 0.702 -0.018 -1.000 -0. -0.020 0. 0. -1. 0.
1.000 -0.025 -0. 0.782 -0.025 -1.000 -0. -0.077 0. 0. -1. 0.
1.000 -0.029 -0. 0.953 -0.029 -1.000 -0. -0.070 0. 0. -1. 0.
0.999 -0.036 -0. 1.029 -0.036 -0.999 -0. -0.078 0. 0. -1. 0.
0.999 -0.042 -0. 1.153 -0.042 -0.999 -0. -0.107 0. 0. -1. 0.
0.999 -0.052 -0. 1.262 -0.052 -0.999 -0. -0.128 0. 0. -1. 0.
0.998 -0.062 -0. 1.359 -0.062 -0.998 -0. -0.175 0. 0. -1. 0.
0.997 -0.074 -0. 1.492 -0.074 -0.997 -0. -0.158 0. 0. -1. 0.
0.996 -0.085 -0. 1.667 -0.085 -0.996 -0. -0.143 0. 0. -1. 0.
0.995 -0.102 -0. 1.798 -0.102 -0.995 -0. -0.194 0. 0. -1. 0.
0.993 -0.120 -0. 1.984 -0.120 -0.993 -0. -0.239 0. 0. -1. 0.
0.990 -0.138 -0. 2.166 -0.138 -0.990 -0. -0.289 0. 0. -1. 0.
0.988 -0.156 -0. 2.411 -0.156 -0.988 -0. -0.332 0. 0. -1. 0.
0.983 -0.181 -0. 2.662 -0.181 -0.983 -0. -0.389 0. 0. -1. 0.
0.979 -0.205 -0. 2.954 -0.205 -0.979 -0. -0.506 0. 0. -1. 0.
0.974 -0.229 -0. 3.314 -0.229 -0.974 -0. -0.619 0. 0. -1. 0.
0.969 -0.249 -0. 3.756 -0.249 -0.969 -0. -0.716 0. 0. -1. 0.
0.963 -0.268 -0. 4.188 -0.268 -0.963 -0. -0.812 0. 0. -1. 0.
0.959 -0.285 -0. 4.687 -0.285 -0.959 -0. -0.970 0. 0. -1. 0.
0.957 -0.292 -0. 5.163 -0.292 -0.957 -0. -1.147 0. 0. -1. 0.
0.957 -0.291 -0. 5.685 -0.291 -0.957 -0. -1.342 0. 0. -1. 0.
0.963 -0.268 -0. 6.276 -0.268 -0.963 -0. -1.482 0. 0. -1. 0.
0.969 -0.245 -0. 6.869 -0.245 -0.969 -0. -1.680 0. 0. -1. 0.
0.976 -0.219 -0. 7.571 -0.219 -0.976 -0. -1.866 0. 0. -1. 0.
0.982 -0.189 -0. 8.334 -0.189 -0.982 -0. -2.016 0. 0. -1. 0.
0.986 -0.169 -0. 9.181 -0.169 -0.986 -0. -2.145 0. 0. -1. 0.
0.987 -0.160 -0. 10.126 -0.160 -0.987 -0. -2.282 0. 0. -1. 0.
0.989 -0.151 -0. 11.053 -0.151 -0.989 -0. -2.546 0. 0. -1. 0.
0.990 -0.143 -0. 12.042 -0.143 -0.990 -0. -2.643 0. 0. -1. 0.
0.991 -0.131 -0. 13.159 -0.131 -0.991 -0. -2.849 0. 0. -1. 0.
0.993 -0.119 -0. 14.236 -0.119 -0.993 -0. -2.977 0. 0. -1. 0.
0.994 -0.111 -0. 15.449 -0.111 -0.994 -0. -3.114 0. 0. -1. 0.
0.995 -0.098 -0. 16.633 -0.098 -0.995 -0. -3.305 0. 0. -1. 0.
0.996 -0.084 -0. 17.831 -0.084 -0.996 -0. -3.362 0. 0. -1. 0.
0.997 -0.080 -0. 19.230 -0.080 -0.997 -0. -3.500 0. 0. -1. 0.
0.997 -0.078 -0. 20.488 -0.078 -0.997 -0. -3.650 0. 0. -1. 0.
0.997 -0.082 -0. 21.875 -0.082 -0.997 -0. -3.771 0. 0. -1. 0.
0.996 -0.086 -0. 23.278 -0.086 -0.996 -0. -4.000 0. 0. -1. 0.
0.997 -0.082 -0. 24.706 -0.082 -0.997 -0. -4.075 0. 0. -1. 0.
0.997 -0.078 -0. 26.187 -0.078 -0.997 -0. -4.283 0. 0. -1. 0.
0.997 -0.075 -0. 27.747 -0.075 -0.997 -0. -4.372 0. 0. -1. 0.
0.997 -0.074 -0. 29.258 -0.074 -0.997 -0. -4.589 0. 0. -1. 0.
0.997 -0.075 -0. 30.744 -0.075 -0.997 -0. -4.705 0. 0. -1. 0.
0.997 -0.078 -0. 32.297 -0.078 -0.997 -0. -4.943 0. 0. -1. 0.
0.996 -0.086 -0. 33.913 -0.086 -0.996 -0. -5.076 0. 0. -1. 0.
0.996 -0.094 -0. 35.477 -0.094 -0.996 -0. -5.294 0. 0. -1. 0.
0.995 -0.098 -0. 37.184 -0.098 -0.995 -0. -5.522 0. 0. -1. 0.
0.995 -0.097 -0. 38.712 -0.097 -0.995 -0. -5.725 0. 0. -1. 0.
0.996 -0.091 -0. 40.372 -0.091 -0.996 -0. -5.915 0. 0. -1. 0.
0.997 -0.078 -0. 42.111 -0.078 -0.997 -0. -5.885 0. 0. -1. 0.
0.997 -0.072 -0. 43.713 -0.072 -0.997 -0. -6.224 0. 0. -1. 0.
0.998 -0.064 -0. 45.441 -0.064 -0.998 -0. -6.249 0. 0. -1. 0.
0.998 -0.065 -0. 47.173 -0.065 -0.998 -0. -6.423 0. 0. -1. 0.
0.998 -0.068 -0. 48.931 -0.068 -0.998 -0. -6.603 0. 0. -1. 0.
0.998 -0.067 -0. 50.709 -0.067 -0.998 -0. -6.779 0. 0. -1. 0.
0.998 -0.061 -0. 52.504 -0.061 -0.998 -0. -6.939 0. 0. -1. 0.
0.999 -0.050 -0. 54.368 -0.050 -0.999 -0. -7.077 0. 0. -1. 0.
0.999 -0.035 -0. 56.231 -0.035 -0.999 -0. -7.206 0. 0. -1. 0.
1.000 -0.025 -0. 58.122 -0.025 -1.000 -0. -7.298 0. 0. -1. 0.
1.000 -0.018 -0. 59.982 -0.018 -1.000 -0. -7.384 0. 0. -1. 0.
1. -0.012 -0. 61.917 -0.012 -1. -0. -7.430 0. 0. -1. 0.
1. -0.010 -0. 63.896 -0.010 -1. -0. -7.499 0. 0. -1. 0.
1. -0.004 -0. 65.872 -0.004 -1. -0. -7.625 0. 0. -1. 0.
1. 0.003 0. 67.884 0.003 -1. -0. -7.639 0. 0. -1. 0.
1. 0.003 0. 69.864 0.003 -1. -0. -7.672 0. 0. -1. 0.
1. 0.003 0. 71.866 0.003 -1. -0. -7.629 0. 0. -1. 0.
1. 0.004 0. 73.904 0.004 -1. -0. -7.619 0. 0. -1. 0.
1. 0.010 0. 75.960 0.010 -1. -0. -7.677 0. 0. -1. 0.
1. 0.001 0. 78.024 0.001 -1. -0. -7.704 0. 0. -1. 0.
1.000 -0.015 -0. 80.036 -0.015 -1.000 -0. -7.675 0. 0. -1. 0.
0.999 -0.037 -0. 82.043 -0.037 -0.999 -0. -7.815 0. 0. -1. 0.
0.998 -0.060 -0. 84.071 -0.060 -0.998 -0. -7.942 0. 0. -1. 0.
0.996 -0.092 -0. 86.066 -0.092 -0.996 -0. -8.170 0. 0. -1. 0.
0.992 -0.128 -0. 88.021 -0.128 -0.992 -0. -8.420 0. 0. -1. 0.
0.986 -0.167 -0. 90.013 -0.167 -0.986 -0. -8.774 0. 0. -1. 0.
0.978 -0.210 -0. 91.904 -0.210 -0.978 -0. -9.198 0. 0. -1. 0.
0.966 -0.259 -0. 93.833 -0.259 -0.966 -0. -9.750 0. 0. -1. 0.
0.951 -0.309 -0. 95.692 -0.309 -0.951 -0. -10.345 0. 0. -1. 0.
0.932 -0.363 -0. 97.481 -0.363 -0.932 -0. -11.077 0. 0. -1. 0.
0.907 -0.420 -0. 99.256 -0.420 -0.907 -0. -11.908 0. 0. -1. 0.
0.878 -0.478 -0. 100.955 -0.478 -0.878 -0. -12.883 0. 0. -1. 0.
0.846 -0.532 -0. 102.456 -0.532 -0.846 -0. -13.874 0. 0. -1. 0.
0.818 -0.575 -0. 104.005 -0.575 -0.818 -0. -15.052 0. 0. -1. 0.
0.795 -0.606 -0. 105.563 -0.606 -0.795 -0. -16.178 0. 0. -1. 0.
0.767 -0.641 -0. 107.167 -0.641 -0.767 -0. -17.353 0. 0. -1. 0.
0.727 -0.687 -0. 108.502 -0.687 -0.727 -0. -18.633 0. 0. -1. 0.
0.680 -0.733 -0. 109.665 -0.733 -0.680 -0. -20.037 0. 0. -1. 0.
0.631 -0.776 -0. 110.807 -0.776 -0.631 -0. -21.494 0. 0. -1. 0.
0.582 -0.814 -0. 111.888 -0.814 -0.582 -0. -22.928 0. 0. -1. 0.
0.529 -0.849 -0. 112.817 -0.849 -0.529 -0. -24.420 0. 0. -1. 0.
0.474 -0.880 -0. 113.564 -0.880 -0.474 -0. -26.075 0. 0. -1. 0.
0.428 -0.904 -0. 114.244 -0.904 -0.428 -0. -27.781 0. 0. -1. 0.
0.387 -0.922 -0. 114.931 -0.922 -0.387 -0. -29.372 0. 0. -1. 0.
0.358 -0.934 -0. 115.566 -0.934 -0.358 -0. -30.989 0. 0. -1. 0.
0.337 -0.942 -0. 116.177 -0.942 -0.337 -0. -32.704 0. 0. -1. 0.
0.325 -0.946 -0. 116.772 -0.946 -0.325 -0. -34.468 0. 0. -1. 0.
0.320 -0.947 -0. 117.231 -0.947 -0.320 -0. -36.184 0. 0. -1. 0.
0.321 -0.947 -0. 117.884 -0.947 -0.321 -0. -37.948 0. 0. -1. 0.
0.327 -0.945 -0. 118.454 -0.945 -0.327 -0. -39.676 0. 0. -1. 0.
0.335 -0.942 -0. 118.920 -0.942 -0.335 -0. -41.432 0. 0. -1. 0.
0.345 -0.939 -0. 119.453 -0.939 -0.345 -0. -43.085 0. 0. -1. 0.
0.361 -0.933 -0. 120.103 -0.933 -0.361 -0. -44.682 0. 0. -1. 0.
0.377 -0.926 -0. 120.660 -0.926 -0.377 -0. -46.195 0. 0. -1. 0.
0.396 -0.918 -0. 121.288 -0.918 -0.396 -0. -47.541 0. 0. -1. 0.
0.412 -0.911 -0. 121.777 -0.911 -0.412 -0. -48.883 0. 0. -1. 0.
0.426 -0.905 -0. 122.339 -0.905 -0.426 -0. -50.007 0. 0. -1. 0.
0.436 -0.900 -0. 122.835 -0.900 -0.436 -0. -51.099 0. 0. -1. 0.
0.447 -0.894 -0. 123.255 -0.894 -0.447 -0. -51.986 0. 0. -1. 0.
0.456 -0.890 -0. 123.596 -0.890 -0.456 -0. -52.715 0. 0. -1. 0.
0.460 -0.888 -0. 123.870 -0.888 -0.460 -0. -53.351 0. 0. -1. 0.
0.466 -0.885 -0. 124.158 -0.885 -0.466 -0. -53.805 0. 0. -1. 0.
0.471 -0.882 -0. 124.317 -0.882 -0.471 -0. -54.141 0. 0. -1. 0.
0.474 -0.881 -0. 124.502 -0.881 -0.474 -0. -54.494 0. 0. -1. 0.
0.479 -0.878 -0. 124.642 -0.878 -0.479 -0. -54.838 0. 0. -1. 0.
0.482 -0.876 -0. 124.918 -0.876 -0.482 -0. -55.213 0. 0. -1. 0.
0.484 -0.875 -0. 125.085 -0.875 -0.484 -0. -55.672 0. 0. -1. 0.
0.488 -0.873 -0. 125.276 -0.873 -0.488 -0. -56.160 0. 0. -1. 0.
0.498 -0.867 -0. 125.710 -0.867 -0.498 -0. -56.782 0. 0. -1. 0.
0.510 -0.860 -0. 126.076 -0.860 -0.510 -0. -57.447 0. 0. -1. 0.
0.519 -0.855 -0. 126.532 -0.855 -0.519 -0. -58.251 0. 0. -1. 0.
0.530 -0.848 -0. 127.053 -0.848 -0.530 -0. -59.085 0. 0. -1. 0.
0.545 -0.838 -0. 127.663 -0.838 -0.545 -0. -60.137 0. 0. -1. 0.
0.556 -0.831 -0. 128.354 -0.831 -0.556 -0. -61.269 0. 0. -1. 0.
0.571 -0.821 -0. 129.062 -0.821 -0.571 -0. -62.402 0. 0. -1. 0.
0.587 -0.810 -0. 129.910 -0.810 -0.587 -0. -63.594 0. 0. -1. 0.
0.602 -0.799 -0. 130.849 -0.799 -0.602 -0. -64.822 0. 0. -1. 0.
0.610 -0.792 -0. 131.751 -0.792 -0.610 -0. -66.110 0. 0. -1. 0.
0.615 -0.789 -0. 132.546 -0.789 -0.615 -0. -67.225 0. 0. -1. 0.
0.619 -0.785 -0. 133.464 -0.785 -0.619 -0. -68.370 0. 0. -1. 0.
0.624 -0.782 -0. 134.381 -0.782 -0.624 -0. -69.503 0. 0. -1. 0.
0.628 -0.778 -0. 135.209 -0.778 -0.628 -0. -70.654 0. 0. -1. 0.
0.633 -0.774 -0. 136.047 -0.774 -0.633 -0. -71.713 0. 0. -1. 0.
0.638 -0.770 -0. 136.970 -0.770 -0.638 -0. -72.787 0. 0. -1. 0.
0.645 -0.764 -0. 137.836 -0.764 -0.645 -0. -73.829 0. 0. -1. 0.
0.655 -0.756 -0. 138.727 -0.756 -0.655 -0. -74.848 0. 0. -1. 0.
0.667 -0.745 -0. 139.524 -0.745 -0.667 -0. -75.932 0. 0. -1. 0.
0.681 -0.732 -0. 140.416 -0.732 -0.681 -0. -76.814 0. 0. -1. 0.
0.704 -0.710 -0. 141.253 -0.710 -0.704 -0. -77.746 0. 0. -1. 0.
0.737 -0.676 -0. 142.115 -0.676 -0.737 -0. -78.480 0. 0. -1. 0.
0.780 -0.626 -0. 142.993 -0.626 -0.780 -0. -79.224 0. 0. -1. 0.
0.821 -0.571 -0. 143.890 -0.571 -0.821 -0. -79.938 0. 0. -1. 0.
0.860 -0.511 -0. 144.848 -0.511 -0.860 -0. -80.491 0. 0. -1. 0.
0.906 -0.423 -0. 145.674 -0.423 -0.906 -0. -81.021 0. 0. -1. 0.
0.950 -0.312 -0. 146.751 -0.312 -0.950 -0. -81.332 0. 0. -1. 0.
0.985 -0.175 -0. 147.735 -0.175 -0.985 -0. -81.496 0. 0. -1. 0.
0.999 -0.034 -0. 148.756 -0.034 -0.999 -0. -81.473 0. 0. -1. 0.
0.994 0.107 0. 149.745 0.107 -0.994 -0. -81.367 0. 0. -1. 0.
0.967 0.256 0. 150.666 0.256 -0.967 -0. -81.156 0. 0. -1. 0.
0.917 0.399 0. 151.524 0.399 -0.917 -0. -80.689 0. 0. -1. 0.
0.844 0.536 0. 152.223 0.536 -0.844 -0. -80.229 0. 0. -1. 0.
0.751 0.661 0. 152.952 0.661 -0.751 -0. -79.576 0. 0. -1. 0.
0.636 0.772 0. 153.553 0.772 -0.636 -0. -78.918 0. 0. -1. 0.
0.501 0.866 0. 154.032 0.866 -0.501 -0. -78.087 0. 0. -1. 0.
0.351 0.936 0. 154.331 0.936 -0.351 -0. -77.193 0. 0. -1. 0.
0.192 0.981 0. 154.453 0.981 -0.192 -0. -76.386 0. 0. -1. 0.
0.021 1.000 0. 154.398 1.000 -0.021 -0. -75.480 0. 0. -1. 0.
-0.152 0.988 0. 154.309 0.988 0.152 0. -74.584 0. 0. -1. 0.
-0.324 0.946 0. 153.958 0.946 0.324 0. -73.686 0. 0. -1. 0.
-0.483 0.875 0. 153.541 0.875 0.483 0. -72.758 0. 0. -1. 0.
-0.624 0.781 0. 152.821 0.781 0.624 0. -71.983 0. 0. -1. 0.
-0.738 0.675 0. 152.047 0.675 0.738 0. -71.255 0. 0. -1. 0.
-0.823 0.569 0. 151.175 0.569 0.823 0. -70.571 0. 0. -1. 0.
-0.877 0.480 0. 150.197 0.480 0.877 0. -70.076 0. 0. -1. 0.
-0.911 0.411 0. 149.094 0.411 0.911 0. -69.543 0. 0. -1. 0.
-0.935 0.355 0. 148.025 0.355 0.935 0. -69.207 0. 0. -1. 0.
-0.949 0.316 0. 146.882 0.316 0.949 0. -68.752 0. 0. -1. 0.
-0.961 0.277 0. 145.662 0.277 0.961 0. -68.613 0. 0. -1. 0.
-0.964 0.265 0. 144.499 0.265 0.964 0. -68.166 0. 0. -1. 0.
-0.967 0.254 0. 143.169 0.254 0.967 0. -67.925 0. 0. -1. 0.
-0.968 0.252 0. 141.999 0.252 0.968 0. -67.495 0. 0. -1. 0.
-0.965 0.263 0. 140.576 0.263 0.965 0. -67.244 0. 0. -1. 0.
-0.960 0.279 0. 139.403 0.279 0.960 0. -66.796 0. 0. -1. 0.
-0.954 0.300 0. 138.001 0.300 0.954 0. -66.368 0. 0. -1. 0.
-0.944 0.329 0. 136.726 0.329 0.944 0. -65.797 0. 0. -1. 0.
-0.932 0.363 0. 135.339 0.363 0.932 0. -65.316 0. 0. -1. 0.
-0.913 0.408 0. 134.010 0.408 0.913 0. -64.662 0. 0. -1. 0.
-0.888 0.461 0. 132.678 0.461 0.888 0. -63.943 0. 0. -1. 0.
-0.856 0.518 0. 131.362 0.518 0.856 0. -63.087 0. 0. -1. 0.
-0.818 0.575 0. 130.125 0.575 0.818 0. -62.204 0. 0. -1. 0.
-0.774 0.633 0. 128.927 0.633 0.774 0. -61.218 0. 0. -1. 0.
-0.725 0.689 0. 127.827 0.689 0.725 0. -60.139 0. 0. -1. 0.
-0.672 0.741 0. 126.776 0.741 0.672 0. -58.899 0. 0. -1. 0.
-0.615 0.789 0. 125.820 0.789 0.615 0. -57.609 0. 0. -1. 0.
-0.559 0.829 0. 124.874 0.829 0.559 0. -56.164 0. 0. -1. 0.
-0.507 0.862 0. 124.006 0.862 0.507 0. -54.618 0. 0. -1. 0.
-0.458 0.889 0. 123.190 0.889 0.458 0. -53.016 0. 0. -1. 0.
-0.409 0.913 0. 122.393 0.913 0.409 0. -51.294 0. 0. -1. 0.
-0.361 0.933 0. 121.726 0.933 0.361 0. -49.499 0. 0. -1. 0.
-0.322 0.947 0. 121.103 0.947 0.322 0. -47.726 0. 0. -1. 0.
-0.290 0.957 0. 120.602 0.957 0.290 0. -45.955 0. 0. -1. 0.
-0.269 0.963 0. 120.107 0.963 0.269 0. -44.084 0. 0. -1. 0.
-0.249 0.969 0. 119.709 0.969 0.249 0. -42.328 0. 0. -1. 0.
-0.240 0.971 0. 119.181 0.971 0.240 0. -40.540 0. 0. -1. 0.
-0.245 0.969 0. 118.846 0.969 0.245 0. -38.721 0. 0. -1. 0.
-0.259 0.966 0. 118.427 0.966 0.259 0. -36.945 0. 0. -1. 0.
-0.266 0.964 0. 117.977 0.964 0.266 0. -35.177 0. 0. -1. 0.
-0.273 0.962 0. 117.543 0.962 0.273 0. -33.417 0. 0. -1. 0.
-0.289 0.957 0. 117.042 0.957 0.289 0. -31.715 0. 0. -1. 0.
-0.308 0.951 0. 116.535 0.951 0.308 0. -29.992 0. 0. -1. 0.
-0.332 0.943 0. 115.940 0.943 0.332 0. -28.311 0. 0. -1. 0.
-0.359 0.933 0. 115.351 0.933 0.359 0. -26.645 0. 0. -1. 0.
-0.393 0.919 0. 114.701 0.919 0.393 0. -25.024 0. 0. -1. 0.
-0.442 0.897 0. 113.944 0.897 0.442 0. -23.476 0. 0. -1. 0.
-0.490 0.872 0. 113.192 0.872 0.490 0. -21.937 0. 0. -1. 0.
-0.542 0.841 0. 112.285 0.841 0.542 0. -20.417 0. 0. -1. 0.
-0.604 0.797 0. 111.310 0.797 0.604 0. -18.932 0. 0. -1. 0.
-0.667 0.745 0. 110.072 0.745 0.667 0. -17.471 0. 0. -1. 0.
-0.726 0.688 0. 108.711 0.688 0.726 0. -16.128 0. 0. -1. 0.
-0.781 0.624 0. 107.349 0.624 0.781 0. -14.905 0. 0. -1. 0.
-0.829 0.559 0. 105.851 0.559 0.829 0. -13.882 0. 0. -1. 0.
-0.871 0.491 0. 104.281 0.491 0.871 0. -12.958 0. 0. -1. 0.
-0.903 0.429 0. 102.645 0.429 0.903 0. -12.131 0. 0. -1. 0.
-0.924 0.382 0. 100.819 0.382 0.924 0. -11.364 0. 0. -1. 0.
-0.944 0.329 0. 99.053 0.329 0.944 0. -10.675 0. 0. -1. 0.
-0.960 0.281 0. 97.153 0.281 0.960 0. -10.053 0. 0. -1. 0.
-0.972 0.236 0. 95.299 0.236 0.972 0. -9.561 0. 0. -1. 0.
-0.979 0.203 0. 93.417 0.203 0.979 0. -9.084 0. 0. -1. 0.
-0.986 0.170 0. 91.438 0.170 0.986 0. -8.708 0. 0. -1. 0.
-0.989 0.149 0. 89.354 0.149 0.989 0. -8.414 0. 0. -1. 0.
-0.992 0.123 0. 87.353 0.123 0.992 0. -8.130 0. 0. -1. 0.
-0.995 0.102 0. 85.222 0.102 0.995 0. -7.868 0. 0. -1. 0.
-0.997 0.079 0. 83.000 0.079 0.997 0. -7.675 0. 0. -1. 0.
-0.998 0.055 0. 80.800 0.055 0.998 0. -7.572 0. 0. -1. 0.
-0.999 0.039 0. 78.613 0.039 0.999 0. -7.423 0. 0. -1. 0.
-1.000 0.020 0. 76.384 0.020 1.000 0. -7.300 0. 0. -1. 0.
-1. 0.008 0. 74.264 0.008 1. 0. -7.245 0. 0. -1. 0.
-1. 0.006 0. 72.046 0.006 1. 0. -7.149 0. 0. -1. 0.
-1. 0.010 0. 69.855 0.010 1. 0. -7.125 0. 0. -1. 0.
-1.000 0.015 0. 67.660 0.015 1.000 0. -7.042 0. 0. -1. 0.
-1.000 0.014 0. 65.393 0.014 1.000 0. -7.039 0. 0. -1. 0.
-1.000 0.016 0. 63.147 0.016 1.000 0. -6.927 0. 0. -1. 0.
-1. 0.009 0. 60.837 0.009 1. 0. -6.795 0. 0. -1. 0.
-1. 0.012 0. 58.590 0.012 1. 0. -6.728 0. 0. -1. 0.
-1.000 0.017 0. 56.292 0.017 1.000 0. -6.667 0. 0. -1. 0.
-1.000 0.026 0. 54.000 0.026 1.000 0. -6.613 0. 0. -1. 0.
-1.000 0.031 0. 51.757 0.031 1.000 0. -6.479 0. 0. -1. 0.
-0.999 0.041 0. 49.461 0.041 0.999 0. -6.360 0. 0. -1. 0.
-0.999 0.052 0. 47.219 0.052 0.999 0. -6.233 0. 0. -1. 0.
-0.998 0.070 0. 45.020 0.070 0.998 0. -5.992 0. 0. -1. 0.
-0.996 0.085 0. 42.864 0.085 0.996 0. -5.749 0. 0. -1. 0.
-0.996 0.093 0. 40.655 0.093 0.996 0. -5.507 0. 0. -1. 0.
-0.995 0.099 0. 38.485 0.099 0.995 0. -5.226 0. 0. -1. 0.
-0.994 0.105 0. 36.425 0.105 0.994 0. -5.014 0. 0. -1. 0.
-0.994 0.105 0. 34.232 0.105 0.994 0. -4.646 0. 0. -1. 0.
-0.994 0.106 0. 32.201 0.106 0.994 0. -4.463 0. 0. -1. 0.
-0.994 0.107 0. 30.146 0.107 0.994 0. -4.156 0. 0. -1. 0.
-0.994 0.110 0. 28.019 0.110 0.994 0. -3.882 0. 0. -1. 0.
-0.994 0.113 0. 25.937 0.113 0.994 0. -3.562 0. 0. -1. 0.
-0.993 0.118 0. 23.839 0.118 0.993 0. -3.310 0. 0. -1. 0.
-0.992 0.123 0. 21.823 0.123 0.992 0. -3.028 0. 0. -1. 0.
-0.992 0.126 0. 19.884 0.126 0.992 0. -2.796 0. 0. -1. 0.
-0.992 0.130 0. 18.109 0.130 0.992 0. -2.507 0. 0. -1. 0.
-0.991 0.131 0. 16.318 0.131 0.991 0. -2.251 0. 0. -1. 0.
-0.991 0.132 0. 14.669 0.132 0.991 0. -1.995 0. 0. -1. 0.
-0.992 0.130 0. 13.039 0.130 0.992 0. -1.762 0. 0. -1. 0.
-0.991 0.134 0. 11.413 0.134 0.991 0. -1.531 0. 0. -1. 0.
-0.991 0.133 0. 9.712 0.133 0.991 0. -1.299 0. 0. -1. 0.
-0.991 0.134 0. 8.087 0.134 0.991 0. -1.027 0. 0. -1. 0.
-0.990 0.138 0. 6.532 0.138 0.990 0. -0.793 0. 0. -1. 0.
-0.991 0.137 0. 4.888 0.137 0.991 0. -0.570 0. 0. -1. 0.
-0.990 0.143 0. 3.302 0.143 0.990 0. -0.281 0. 0. -1. 0.
-0.989 0.146 0. 1.716 0.146 0.989 0. 0.014 0. 0. -1. 0.
-0.989 0.150 0. 0.108 0.150 0.989 0. 0.242 0. 0. -1. 0.
-0.988 0.154 0. -1.482 0.154 0.988 0. 0.541 0. 0. -1. 0.
-0.989 0.147 0. -3.075 0.147 0.989 0. 0.834 0. 0. -1. 0.
-0.990 0.143 0. -4.591 0.143 0.990 0. 1.158 0. 0. -1. 0.
-0.992 0.124 0. -5.971 0.124 0.992 0. 1.301 0. 0. -1. 0.
-0.994 0.111 0. -7.209 0.111 0.994 0. 1.564 0. 0. -1. 0.
-0.995 0.098 0. -8.394 0.098 0.995 0. 1.685 0. 0. -1. 0.
-0.996 0.085 0. -9.331 0.085 0.996 0. 1.733 0. 0. -1. 0.
-0.997 0.076 0. -10.105 0.076 0.997 0. 1.842 0. 0. -1. 0.
-0.998 0.065 0. -10.660 0.065 0.998 0. 1.925 0. 0. -1. 0.
-0.998 0.057 0. -11.151 0.057 0.998 0. 1.887 0. 0. -1. 0.
-0.999 0.050 0. -11.473 0.050 0.999 0. 1.913 0. 0. -1. 0.
-0.999 0.047 0. -11.839 0.047 0.999 0. 1.960 0. 0. -1. 0.
-0.999 0.043 0. -12.272 0.043 0.999 0. 1.970 0. 0. -1. 0.
-0.999 0.035 0. -12.634 0.035 0.999 0. 2.032 0. 0. -1. 0.
-1.000 0.030 0. -13.157 0.030 1.000 0. 2.059 0. 0. -1. 0.
-0.999 0.032 0. -13.876 0.032 0.999 0. 2.085 0. 0. -1. 0.
-0.999 0.038 0. -14.676 0.038 0.999 0. 2.147 0. 0. -1. 0.
-0.999 0.040 0. -15.689 0.040 0.999 0. 2.144 0. 0. -1. 0.
-0.999 0.040 0. -16.789 0.040 0.999 0. 2.245 0. 0. -1. 0.
-0.999 0.044 0. -18.044 0.044 0.999 0. 2.357 0. 0. -1. 0.
-0.999 0.046 0. -19.497 0.046 0.999 0. 2.448 0. 0. -1. 0.
-0.999 0.047 0. -21.099 0.047 0.999 0. 2.536 0. 0. -1. 0.
-0.999 0.048 0. -22.683 0.048 0.999 0. 2.615 0. 0. -1. 0.
-0.999 0.049 0. -24.489 0.049 0.999 0. 2.715 0. 0. -1. 0.
-0.999 0.050 0. -26.356 0.050 0.999 0. 2.823 0. 0. -1. 0.
-0.999 0.049 0. -28.241 0.049 0.999 0. 3.012 0. 0. -1. 0.
-0.999 0.053 0. -30.121 0.053 0.999 0. 3.115 0. 0. -1. 0.
-0.999 0.052 0. -32.044 0.052 0.999 0. 3.254 0. 0. -1. 0.
-0.998 0.056 0. -34.069 0.056 0.998 0. 3.454 0. 0. -1. 0.
-0.998 0.058 0. -36.096 0.058 0.998 0. 3.551 0. 0. -1. 0.
-0.998 0.056 0. -38.034 0.056 0.998 0. 3.635 0. 0. -1. 0.
-0.998 0.062 0. -40.083 0.062 0.998 0. 3.869 0. 0. -1. 0.
-0.998 0.066 0. -42.144 0.066 0.998 0. 4.029 0. 0. -1. 0.
-0.998 0.066 0. -44.210 0.066 0.998 0. 4.276 0. 0. -1. 0.
-0.997 0.073 0. -46.232 0.073 0.997 0. 4.455 0. 0. -1. 0.
-0.997 0.076 0. -48.220 0.076 0.997 0. 4.553 0. 0. -1. 0.
-0.997 0.082 0. -50.206 0.082 0.997 0. 4.842 0. 0. -1. 0.
-0.995 0.095 0. -52.183 0.095 0.995 0. 5.022 0. 0. -1. 0.
-0.993 0.121 0. -54.025 0.121 0.993 0. 5.253 0. 0. -1. 0.
-0.988 0.157 0. -55.770 0.157 0.988 0. 5.609 0. 0. -1. 0.
-0.978 0.211 0. -57.457 0.211 0.978 0. 5.969 0. 0. -1. 0.
-0.961 0.278 0. -58.959 0.278 0.961 0. 6.450 0. 0. -1. 0.
-0.935 0.354 0. -60.349 0.354 0.935 0. 7.067 0. 0. -1. 0.
-0.902 0.432 0. -61.574 0.432 0.902 0. 7.783 0. 0. -1. 0.
-0.853 0.521 0. -62.747 0.521 0.853 0. 8.591 0. 0. -1. 0.
-0.792 0.611 0. -63.719 0.611 0.792 0. 9.364 0. 0. -1. 0.
-0.717 0.697 0. -64.578 0.697 0.717 0. 10.310 0. 0. -1. 0.
-0.630 0.777 0. -65.376 0.777 0.630 0. 11.246 0. 0. -1. 0.
-0.533 0.846 0. -66.057 0.846 0.533 0. 12.300 0. 0. -1. 0.
-0.440 0.898 0. -66.521 0.898 0.440 0. 13.455 0. 0. -1. 0.
-0.339 0.941 0. -67.008 0.941 0.339 0. 14.612 0. 0. -1. 0.
-0.231 0.973 0. -67.201 0.973 0.231 0. 15.770 0. 0. -1. 0.
-0.131 0.991 0. -67.331 0.991 0.131 0. 17.035 0. 0. -1. 0.
-0.048 0.999 0. -67.348 0.999 0.048 0. 18.371 0. 0. -1. 0.
0.008 1. 0. -67.408 1. -0.008 -0. 19.702 0. 0. -1. 0.
0.032 0.999 0. -67.382 0.999 -0.032 -0. 21.185 0. 0. -1. 0.
0.030 1.000 0. -67.263 1.000 -0.030 -0. 22.772 0. 0. -1. 0.
0.031 1.000 0. -67.186 1.000 -0.031 -0. 24.362 0. 0. -1. 0.
0.031 1.000 0. -67.183 1.000 -0.031 -0. 26.032 0. 0. -1. 0.
0.033 0.999 0. -67.073 0.999 -0.033 -0. 27.826 0. 0. -1. 0.
0.031 1.000 0. -66.936 1.000 -0.031 -0. 29.717 0. 0. -1. 0.
0.035 0.999 0. -66.759 0.999 -0.035 -0. 31.613 0. 0. -1. 0.
0.049 0.999 0. -66.622 0.999 -0.049 -0. 33.477 0. 0. -1. 0.
0.063 0.998 0. -66.466 0.998 -0.063 -0. 35.388 0. 0. -1. 0.
0.091 0.996 0. -66.280 0.996 -0.091 -0. 37.211 0. 0. -1. 0.
0.119 0.993 0. -66.108 0.993 -0.119 -0. 39.026 0. 0. -1. 0.
0.142 0.990 0. -65.838 0.990 -0.142 -0. 40.903 0. 0. -1. 0.
0.166 0.986 0. -65.537 0.986 -0.166 -0. 42.601 0. 0. -1. 0.
0.189 0.982 0. -65.160 0.982 -0.189 -0. 44.481 0. 0. -1. 0.
0.201 0.980 0. -64.781 0.980 -0.201 -0. 46.125 0. 0. -1. 0.
0.200 0.980 0. -64.369 0.980 -0.200 -0. 47.953 0. 0. -1. 0.
0.204 0.979 0. -63.964 0.979 -0.204 -0. 49.701 0. 0. -1. 0.
0.196 0.981 0. -63.547 0.981 -0.196 -0. 51.524 0. 0. -1. 0.
0.190 0.982 0. -63.153 0.982 -0.190 -0. 53.303 0. 0. -1. 0.
0.178 0.984 0. -62.811 0.984 -0.178 -0. 55.126 0. 0. -1. 0.
0.165 0.986 0. -62.427 0.986 -0.165 -0. 57.041 0. 0. -1. 0.
0.150 0.989 0. -62.064 0.989 -0.150 -0. 58.880 0. 0. -1. 0.
0.129 0.992 0. -61.796 0.992 -0.129 -0. 60.787 0. 0. -1. 0.
0.116 0.993 0. -61.527 0.993 -0.116 -0. 62.663 0. 0. -1. 0.
0.097 0.995 0. -61.281 0.995 -0.097 -0. 64.618 0. 0. -1. 0.
0.084 0.996 0. -61.057 0.996 -0.084 -0. 66.554 0. 0. -1. 0.
0.072 0.997 0. -60.905 0.997 -0.072 -0. 68.587 0. 0. -1. 0.
0.059 0.998 0. -60.731 0.998 -0.059 -0. 70.597 0. 0. -1. 0.
0.053 0.999 0. -60.599 0.999 -0.053 -0. 72.639 0. 0. -1. 0.
0.051 0.999 0. -60.408 0.999 -0.051 -0. 74.699 0. 0. -1. 0.
0.052 0.999 0. -60.239 0.999 -0.052 -0. 76.681 0. 0. -1. 0.
0.052 0.999 0. -60.138 0.999 -0.052 -0. 78.690 0. 0. -1. 0.
0.052 0.999 0. -59.973 0.999 -0.052 -0. 80.662 0. 0. -1. 0.
0.051 0.999 0. -59.804 0.999 -0.051 -0. 82.629 0. 0. -1. 0.
0.053 0.999 0. -59.643 0.999 -0.053 -0. 84.537 0. 0. -1. 0.
0.050 0.999 0. -59.581 0.999 -0.050 -0. 86.293 0. 0. -1. 0.
0.048 0.999 0. -59.478 0.999 -0.048 -0. 88.033 0. 0. -1. 0.
0.036 0.999 0. -59.300 0.999 -0.036 -0. 89.606 0. 0. -1. 0.
0.008 1. 0. -59.249 1. -0.008 -0. 91.023 0. 0. -1. 0.
-0.051 0.999 0. -59.199 0.999 0.051 0. 92.465 0. 0. -1. 0.
-0.127 0.992 0. -59.421 0.992 0.127 0. 93.857 0. 0. -1. 0.
-0.230 0.973 0. -59.614 0.973 0.230 0. 95.083 0. 0. -1. 0.
-0.340 0.940 0. -60.111 0.940 0.340 0. 96.324 0. 0. -1. 0.
-0.455 0.891 0. -60.487 0.891 0.455 0. 97.465 0. 0. -1. 0.
-0.560 0.828 0. -61.159 0.828 0.560 0. 98.595 0. 0. -1. 0.
-0.664 0.748 0. -61.982 0.748 0.664 0. 99.404 0. 0. -1. 0.
-0.753 0.658 0. -62.872 0.658 0.753 0. 100.345 0. 0. -1. 0.
-0.830 0.558 0. -63.944 0.558 0.830 0. 101.111 0. 0. -1. 0.
-0.882 0.470 0. -65.130 0.470 0.882 0. 101.853 0. 0. -1. 0.
-0.922 0.386 0. -66.462 0.386 0.922 0. 102.338 0. 0. -1. 0.
-0.950 0.312 0. -67.875 0.312 0.950 0. 102.927 0. 0. -1. 0.
-0.969 0.249 0. -69.400 0.249 0.969 0. 103.283 0. 0. -1. 0.
-0.979 0.202 0. -70.955 0.202 0.979 0. 103.653 0. 0. -1. 0.
-0.984 0.175 0. -72.568 0.175 0.984 0. 104.013 0. 0. -1. 0.
-0.986 0.164 0. -74.233 0.164 0.986 0. 104.248 0. 0. -1. 0.
-0.984 0.178 0. -75.820 0.178 0.984 0. 104.534 0. 0. -1. 0.
-0.979 0.204 0. -77.499 0.204 0.979 0. 104.879 0. 0. -1. 0.
-0.967 0.253 0. -79.195 0.253 0.967 0. 105.374 0. 0. -1. 0.
-0.949 0.314 0. -80.829 0.314 0.949 0. 105.969 0. 0. -1. 0.
-0.924 0.381 0. -82.502 0.381 0.924 0. 106.657 0. 0. -1. 0.
-0.889 0.458 0. -84.122 0.458 0.889 0. 107.454 0. 0. -1. 0.
-0.842 0.539 0. -85.555 0.539 0.842 0. 108.618 0. 0. -1. 0.
-0.790 0.613 0. -87.024 0.613 0.790 0. 109.764 0. 0. -1. 0.
-0.749 0.663 0. -88.468 0.663 0.749 0. 110.932 0. 0. -1. 0.
-0.717 0.697 0. -89.768 0.697 0.717 0. 112.381 0. 0. -1. 0.
-0.698 0.716 0. -91.108 0.716 0.698 0. 113.761 0. 0. -1. 0.
-0.686 0.727 0. -92.460 0.727 0.686 0. 115.244 0. 0. -1. 0.
-0.679 0.734 0. -93.640 0.734 0.679 0. 116.807 0. 0. -1. 0.
-0.674 0.739 0. -95.002 0.739 0.674 0. 118.255 0. 0. -1. 0.
-0.669 0.743 0. -96.260 0.743 0.669 0. 119.741 0. 0. -1. 0.
-0.672 0.740 0. -97.544 0.740 0.672 0. 121.232 0. 0. -1. 0.
-0.672 0.740 0. -98.782 0.740 0.672 0. 122.699 0. 0. -1. 0.
-0.670 0.742 0. -100.019 0.742 0.670 0. 124.220 0. 0. -1. 0.
-0.668 0.744 0. -101.352 0.744 0.668 0. 125.728 0. 0. -1. 0.
-0.664 0.748 0. -102.580 0.748 0.664 0. 127.198 0. 0. -1. 0.
-0.658 0.753 0. -103.846 0.753 0.658 0. 128.657 0. 0. -1. 0.
-0.654 0.756 0. -105.118 0.756 0.654 0. 130.189 0. 0. -1. 0.
-0.650 0.760 0. -106.320 0.760 0.650 0. 131.688 0. 0. -1. 0.
-0.647 0.762 0. -107.600 0.762 0.647 0. 133.151 0. 0. -1. 0.
-0.643 0.766 0. -108.727 0.766 0.643 0. 134.639 0. 0. -1. 0.
-0.640 0.769 0. -109.942 0.769 0.640 0. 136.072 0. 0. -1. 0.
-0.637 0.771 0. -111.150 0.771 0.637 0. 137.501 0. 0. -1. 0.
-0.635 0.773 0. -112.332 0.773 0.635 0. 139.023 0. 0. -1. 0.
-0.635 0.773 0. -113.492 0.773 0.635 0. 140.579 0. 0. -1. 0.
-0.636 0.772 0. -114.737 0.772 0.636 0. 142.137 0. 0. -1. 0.
-0.636 0.771 0. -115.942 0.771 0.636 0. 143.751 0. 0. -1. 0.
-0.637 0.771 0. -117.223 0.771 0.637 0. 145.348 0. 0. -1. 0.
-0.638 0.770 0. -118.520 0.770 0.638 0. 147.106 0. 0. -1. 0.
-0.639 0.770 0. -119.843 0.770 0.639 0. 148.732 0. 0. -1. 0.
-0.641 0.768 0. -121.169 0.768 0.641 0. 150.514 0. 0. -1. 0.
-0.642 0.767 0. -122.632 0.767 0.642 0. 152.245 0. 0. -1. 0.
-0.641 0.767 0. -124.027 0.767 0.641 0. 154.030 0. 0. -1. 0.
-0.645 0.765 0. -125.510 0.765 0.645 0. 155.801 0. 0. -1. 0.
-0.645 0.764 0. -127.011 0.764 0.645 0. 157.609 0. 0. -1. 0.
-0.644 0.765 0. -128.582 0.765 0.644 0. 159.508 0. 0. -1. 0.
-0.637 0.771 0. -130.013 0.771 0.637 0. 161.361 0. 0. -1. 0.
-0.630 0.777 0. -131.514 0.777 0.630 0. 163.210 0. 0. -1. 0.
-0.615 0.788 0. -132.906 0.788 0.615 0. 165.158 0. 0. -1. 0.
-0.596 0.803 0. -134.388 0.803 0.596 0. 167.038 0. 0. -1. 0.
-0.577 0.817 0. -135.606 0.817 0.577 0. 169.018 0. 0. -1. 0.
-0.550 0.835 0. -136.885 0.835 0.550 0. 170.957 0. 0. -1. 0.
-0.519 0.855 0. -138.001 0.855 0.519 0. 173.019 0. 0. -1. 0.
-0.486 0.874 0. -139.183 0.874 0.486 0. 175.045 0. 0. -1. 0.
-0.449 0.894 0. -140.200 0.894 0.449 0. 177.137 0. 0. -1. 0.
-0.409 0.912 0. -141.068 0.912 0.409 0. 179.321 0. 0. -1. 0.
-0.370 0.929 0. -141.999 0.929 0.370 0. 181.487 0. 0. -1. 0.
-0.329 0.944 0. -142.687 0.944 0.329 0. 183.715 0. 0. -1. 0.
-0.288 0.958 0. -143.411 0.958 0.288 0. 185.982 0. 0. -1. 0.
-0.250 0.968 0. -143.946 0.968 0.250 0. 188.279 0. 0. -1. 0.
-0.219 0.976 0. -144.375 0.976 0.219 0. 190.621 0. 0. -1. 0.
-0.193 0.981 0. -144.828 0.981 0.193 0. 193.021 0. 0. -1. 0.
-0.170 0.985 0. -145.339 0.985 0.170 0. 195.404 0. 0. -1. 0.
-0.142 0.990 0. -145.624 0.990 0.142 0. 197.816 0. 0. -1. 0.
-0.108 0.994 0. -145.793 0.994 0.108 0. 200.273 0. 0. -1. 0.
-0.081 0.997 0. -146.091 0.997 0.081 0. 202.712 0. 0. -1. 0.
-0.063 0.998 0. -146.196 0.998 0.063 0. 205.189 0. 0. -1. 0.
-0.052 0.999 0. -146.291 0.999 0.052 0. 207.687 0. 0. -1. 0.
-0.040 0.999 0. -146.304 0.999 0.040 0. 210.218 0. 0. -1. 0.
-0.038 0.999 0. -146.320 0.999 0.038 0. 212.703 0. 0. -1. 0.
-0.041 0.999 0. -146.308 0.999 0.041 0. 215.176 0. 0. -1. 0.
-0.050 0.999 0. -146.357 0.999 0.050 0. 217.620 0. 0. -1. 0.
-0.062 0.998 0. -146.549 0.998 0.062 0. 220.074 0. 0. -1. 0.
-0.070 0.998 0. -146.549 0.998 0.070 0. 222.505 0. 0. -1. 0.
-0.081 0.997 0. -146.686 0.997 0.081 0. 224.911 0. 0. -1. 0.
-0.093 0.996 0. -146.859 0.996 0.093 0. 227.249 0. 0. -1. 0.
-0.116 0.993 0. -147.021 0.993 0.116 0. 229.498 0. 0. -1. 0.
-0.154 0.988 0. -147.176 0.988 0.154 0. 231.745 0. 0. -1. 0.
-0.211 0.978 0. -147.589 0.978 0.211 0. 234.025 0. 0. -1. 0.
-0.286 0.958 0. -148.091 0.958 0.286 0. 236.026 0. 0. -1. 0.
-0.378 0.926 0. -148.816 0.926 0.378 0. 238.081 0. 0. -1. 0.
-0.472 0.882 0. -149.796 0.882 0.472 0. 239.909 0. 0. -1. 0.
-0.556 0.831 0. -150.991 0.831 0.556 0. 241.625 0. 0. -1. 0.
-0.631 0.776 0. -152.222 0.776 0.631 0. 243.356 0. 0. -1. 0.
-0.701 0.713 0. -153.607 0.713 0.701 0. 244.942 0. 0. -1. 0.
-0.760 0.650 0. -155.300 0.650 0.760 0. 246.290 0. 0. -1. 0.
-0.809 0.587 0. -157.033 0.587 0.809 0. 247.561 0. 0. -1. 0.
-0.849 0.528 0. -158.792 0.528 0.849 0. 248.792 0. 0. -1. 0.
-0.881 0.473 0. -160.710 0.473 0.881 0. 249.923 0. 0. -1. 0.
-0.903 0.429 0. -162.695 0.429 0.903 0. 250.978 0. 0. -1. 0.
-0.916 0.401 0. -164.794 0.401 0.916 0. 251.803 0. 0. -1. 0.
-0.924 0.383 0. -166.892 0.383 0.924 0. 252.743 0. 0. -1. 0.
-0.931 0.365 0. -169.019 0.365 0.931 0. 253.674 0. 0. -1. 0.
-0.939 0.344 0. -171.231 0.344 0.939 0. 254.558 0. 0. -1. 0.
-0.945 0.327 0. -173.495 0.327 0.945 0. 255.357 0. 0. -1. 0.
-0.949 0.316 0. -175.733 0.316 0.949 0. 256.161 0. 0. -1. 0.
-0.951 0.308 0. -177.826 0.308 0.951 0. 256.946 0. 0. -1. 0.
-0.953 0.303 0. -179.980 0.303 0.953 0. 257.681 0. 0. -1. 0.
-0.953 0.301 0. -181.970 0.301 0.953 0. 258.344 0. 0. -1. 0.
-0.952 0.307 0. -184.027 0.307 0.952 0. 259.054 0. 0. -1. 0.
-0.948 0.319 0. -185.884 0.319 0.948 0. 259.731 0. 0. -1. 0.
-0.944 0.331 0. -187.833 0.331 0.944 0. 260.446 0. 0. -1. 0.
-0.941 0.338 0. -189.721 0.338 0.941 0. 261.201 0. 0. -1. 0.
-0.941 0.337 0. -191.663 0.337 0.941 0. 261.914 0. 0. -1. 0.
-0.942 0.334 0. -193.561 0.334 0.942 0. 262.627 0. 0. -1. 0.
-0.942 0.334 0. -195.421 0.334 0.942 0. 263.318 0. 0. -1. 0.
-0.943 0.333 0. -197.268 0.333 0.943 0. 264.015 0. 0. -1. 0.
-0.942 0.335 0. -199.119 0.335 0.942 0. 264.669 0. 0. -1. 0.
-0.939 0.343 0. -200.854 0.343 0.939 0. 265.345 0. 0. -1. 0.
-0.936 0.352 0. -202.602 0.352 0.936 0. 266.037 0. 0. -1. 0.
-0.932 0.362 0. -204.284 0.362 0.932 0. 266.760 0. 0. -1. 0.
-0.926 0.378 0. -205.959 0.378 0.926 0. 267.510 0. 0. -1. 0.
-0.920 0.392 0. -207.613 0.392 0.920 0. 268.281 0. 0. -1. 0.
-0.914 0.405 0. -209.281 0.405 0.914 0. 269.049 0. 0. -1. 0.
-0.908 0.420 0. -210.843 0.420 0.908 0. 269.852 0. 0. -1. 0.
-0.900 0.435 0. -212.319 0.435 0.900 0. 270.575 0. 0. -1. 0.
-0.893 0.450 0. -213.757 0.450 0.893 0. 271.333 0. 0. -1. 0.
-0.886 0.463 0. -214.998 0.463 0.886 0. 272.032 0. 0. -1. 0.
-0.879 0.476 0. -216.160 0.476 0.879 0. 272.681 0. 0. -1. 0.
-0.874 0.487 0. -217.088 0.487 0.874 0. 273.284 0. 0. -1. 0.
-0.868 0.496 0. -218.016 0.496 0.868 0. 273.810 0. 0. -1. 0.
-0.866 0.500 0. -218.745 0.500 0.866 0. 274.262 0. 0. -1. 0.
-0.864 0.503 0. -219.407 0.503 0.864 0. 274.613 0. 0. -1. 0.
-0.861 0.508 0. -219.880 0.508 0.861 0. 274.898 0. 0. -1. 0.
-0.860 0.511 0. -220.277 0.511 0.860 0. 275.184 0. 0. -1. 0.
-0.857 0.515 0. -220.639 0.515 0.857 0. 275.398 0. 0. -1. 0.
-0.856 0.517 0. -220.857 0.517 0.856 0. 275.633 0. 0. -1. 0.
-0.855 0.519 0. -221.125 0.519 0.855 0. 275.769 0. 0. -1. 0.
-0.855 0.519 0. -221.309 0.519 0.855 0. 275.826 0. 0. -1. 0.
-0.853 0.522 0. -221.519 0.522 0.853 0. 275.981 0. 0. -1. 0.
-0.852 0.524 0. -221.589 0.524 0.852 0. 276.075 0. 0. -1. 0.
-0.852 0.524 0. -221.694 0.524 0.852 0. 276.123 0. 0. -1. 0.
-0.851 0.526 0. -221.801 0.526 0.851 0. 276.150 0. 0. -1. 0.
-0.851 0.526 0. -221.837 0.526 0.851 0. 276.219 0. 0. -1. 0.
-0.850 0.527 0. -221.877 0.527 0.850 0. 276.256 0. 0. -1. 0.
-0.850 0.527 0. -221.918 0.527 0.850 0. 276.277 0. 0. -1. 0.
-0.850 0.527 0. -221.942 0.527 0.850 0. 276.297 0. 0. -1. 0.
-0.850 0.527 0. -221.904 0.527 0.850 0. 276.299 0. 0. -1. 0.
-0.850 0.527 0. -221.961 0.527 0.850 0. 276.277 0. 0. -1. 0.
-0.850 0.527 0. -221.937 0.527 0.850 0. 276.290 0. 0. -1. 0.
-0.850 0.527 0. -221.953 0.527 0.850 0. 276.303 0. 0. -1. 0.
-0.850 0.527 0. -221.982 0.527 0.850 0. 276.292 0. 0. -1. 0.
-0.850 0.527 0. -221.981 0.527 0.850 0. 276.327 0. 0. -1. 0.
-0.849 0.528 0. -222.043 0.528 0.849 0. 276.382 0. 0. -1. 0.
-0.849 0.528 0. -222.135 0.528 0.849 0. 276.398 0. 0. -1. 0.
-0.850 0.527 0. -222.168 0.527 0.850 0. 276.410 0. 0. -1. 0.
-0.850 0.527 0. -222.166 0.527 0.850 0. 276.406 0. 0. -1. 0.
-0.850 0.527 0. -222.188 0.527 0.850 0. 276.416 0. 0. -1. 0.
-0.850 0.527 0. -222.219 0.527 0.850 0. 276.434 0. 0. -1. 0.
-0.850 0.527 0. -222.250 0.527 0.850 0. 276.445 0. 0. -1. 0.
-0.849 0.528 0. -222.273 0.528 0.849 0. 276.463 0. 0. -1. 0.
-0.849 0.528 0. -222.284 0.528 0.849 0. 276.477 0. 0. -1. 0.
-0.850 0.528 0. -222.294 0.528 0.850 0. 276.469 0. 0. -1. 0.
-0.850 0.527 0. -222.304 0.527 0.850 0. 276.490 0. 0. -1. 0.
-0.850 0.527 0. -222.321 0.527 0.850 0. 276.516 0. 0. -1. 0.
-0.850 0.527 0. -222.367 0.527 0.850 0. 276.546 0. 0. -1. 0.
-0.849 0.528 0. -222.426 0.528 0.849 0. 276.612 0. 0. -1. 0.
-0.849 0.529 0. -222.578 0.529 0.849 0. 276.662 0. 0. -1. 0.
-0.850 0.527 0. -222.653 0.527 0.850 0. 276.687 0. 0. -1. 0.
-0.850 0.527 0. -222.729 0.527 0.850 0. 276.754 0. 0. -1. 0.
-0.849 0.528 0. -222.792 0.528 0.849 0. 276.811 0. 0. -1. 0.
-0.848 0.530 0. -222.955 0.530 0.848 0. 276.909 0. 0. -1. 0.
-0.849 0.529 0. -223.039 0.529 0.849 0. 276.996 0. 0. -1. 0.
-0.848 0.530 0. -223.210 0.530 0.848 0. 277.111 0. 0. -1. 0.
-0.848 0.531 0. -223.465 0.531 0.848 0. 277.254 0. 0. -1. 0.
-0.846 0.533 0. -223.618 0.533 0.846 0. 277.399 0. 0. -1. 0.
-0.845 0.534 0. -223.860 0.534 0.845 0. 277.584 0. 0. -1. 0.
-0.846 0.534 0. -224.086 0.534 0.846 0. 277.687 0. 0. -1. 0.
-0.845 0.534 0. -224.253 0.534 0.845 0. 277.833 0. 0. -1. 0.
-0.843 0.537 0. -224.403 0.537 0.843 0. 277.939 0. 0. -1. 0.
-0.844 0.537 0. -224.511 0.537 0.844 0. 277.982 0. 0. -1. 0.
-0.844 0.536 0. -224.575 0.536 0.844 0. 278.028 0. 0. -1. 0.
-0.844 0.537 0. -224.590 0.537 0.844 0. 278.047 0. 0. -1. 0.
-0.843 0.537 0. -224.667 0.537 0.843 0. 278.099 0. 0. -1. 0.
-0.841 0.540 0. -224.780 0.540 0.841 0. 278.193 0. 0. -1. 0.
-0.841 0.541 0. -224.917 0.541 0.841 0. 278.264 0. 0. -1. 0.
-0.841 0.541 0. -225.147 0.541 0.841 0. 278.426 0. 0. -1. 0.
-0.838 0.546 0. -225.461 0.546 0.838 0. 278.687 0. 0. -1. 0.
-0.836 0.549 0. -225.821 0.549 0.836 0. 278.983 0. 0. -1. 0.
-0.832 0.555 0. -226.400 0.555 0.832 0. 279.307 0. 0. -1. 0.
-0.829 0.559 0. -227.073 0.559 0.829 0. 279.769 0. 0. -1. 0.
-0.824 0.566 0. -227.910 0.566 0.824 0. 280.435 0. 0. -1. 0.
-0.814 0.581 0. -228.898 0.581 0.814 0. 281.126 0. 0. -1. 0.
-0.789 0.615 0. -229.865 0.615 0.789 0. 281.887 0. 0. -1. 0.
-0.750 0.661 0. -230.892 0.661 0.750 0. 282.761 0. 0. -1. 0.
-0.695 0.719 0. -231.746 0.719 0.695 0. 283.741 0. 0. -1. 0.
-0.622 0.783 0. -232.588 0.783 0.622 0. 284.690 0. 0. -1. 0.
-0.534 0.845 0. -233.305 0.845 0.534 0. 285.801 0. 0. -1. 0.
-0.434 0.901 0. -233.636 0.901 0.434 0. 286.986 0. 0. -1. 0.
-0.322 0.947 0. -233.905 0.947 0.322 0. 288.088 0. 0. -1. 0.
-0.222 0.975 0. -234.150 0.975 0.222 0. 289.221 0. 0. -1. 0.
-0.109 0.994 0. -234.186 0.994 0.109 0. 290.431 0. 0. -1. 0.
0.002 1. 0. -234.203 1. -0.002 -0. 291.607 0. 0. -1. 0.
0.100 0.995 0. -234.015 0.995 -0.100 -0. 292.774 0. 0. -1. 0.
0.177 0.984 0. -233.779 0.984 -0.177 -0. 293.992 0. 0. -1. 0.
0.226 0.974 0. -233.315 0.974 -0.226 -0. 295.299 0. 0. -1. 0.
0.251 0.968 0. -232.945 0.968 -0.251 -0. 296.917 0. 0. -1. 0.
0.261 0.965 0. -232.485 0.965 -0.261 -0. 298.557 0. 0. -1. 0.
0.265 0.964 0. -231.860 0.964 -0.265 -0. 300.439 0. 0. -1. 0.
0.265 0.964 0. -231.288 0.964 -0.265 -0. 302.411 0. 0. -1. 0.
0.265 0.964 0. -230.695 0.964 -0.265 -0. 304.471 0. 0. -1. 0.
0.261 0.965 0. -230.107 0.965 -0.261 -0. 306.692 0. 0. -1. 0.
0.260 0.966 0. -229.380 0.966 -0.260 -0. 309.033 0. 0. -1. 0.
0.258 0.966 0. -228.698 0.966 -0.258 -0. 311.550 0. 0. -1. 0.
0.258 0.966 0. -227.949 0.966 -0.258 -0. 314.178 0. 0. -1. 0.
0.261 0.965 0. -227.134 0.965 -0.261 -0. 316.966 0. 0. -1. 0.
0.266 0.964 0. -226.291 0.964 -0.266 -0. 319.891 0. 0. -1. 0.
0.273 0.962 0. -225.373 0.962 -0.273 -0. 322.861 0. 0. -1. 0.
0.278 0.960 0. -224.401 0.960 -0.278 -0. 325.795 0. 0. -1. 0.
0.285 0.959 0. -223.508 0.959 -0.285 -0. 328.741 0. 0. -1. 0.
0.290 0.957 0. -222.550 0.957 -0.290 -0. 331.655 0. 0. -1. 0.
0.294 0.956 0. -221.592 0.956 -0.294 -0. 334.579 0. 0. -1. 0.
0.300 0.954 0. -220.615 0.954 -0.300 -0. 337.472 0. 0. -1. 0.
0.303 0.953 0. -219.615 0.953 -0.303 -0. 340.305 0. 0. -1. 0.
0.303 0.953 0. -218.685 0.953 -0.303 -0. 343.154 0. 0. -1. 0.
0.304 0.953 0. -217.679 0.953 -0.304 -0. 346.004 0. 0. -1. 0.
0.308 0.951 0. -216.666 0.951 -0.308 -0. 348.870 0. 0. -1. 0.
0.313 0.950 0. -215.623 0.950 -0.313 -0. 351.737 0. 0. -1. 0.
0.317 0.948 0. -214.657 0.948 -0.317 -0. 354.665 0. 0. -1. 0.
0.319 0.948 0. -213.571 0.948 -0.319 -0. 357.633 0. 0. -1. 0.
0.322 0.947 0. -212.546 0.947 -0.322 -0. 360.606 0. 0. -1. 0.
0.320 0.947 0. -211.551 0.947 -0.320 -0. 363.608 0. 0. -1. 0.
0.316 0.949 0. -210.431 0.949 -0.316 -0. 366.658 0. 0. -1. 0.
0.315 0.949 0. -209.411 0.949 -0.315 -0. 369.640 0. 0. -1. 0.
0.314 0.950 0. -208.352 0.950 -0.314 -0. 372.605 0. 0. -1. 0.
0.314 0.949 0. -207.333 0.949 -0.314 -0. 375.639 0. 0. -1. 0.
0.313 0.950 0. -206.259 0.950 -0.313 -0. 378.569 0. 0. -1. 0.
0.312 0.950 0. -205.233 0.950 -0.312 -0. 381.590 0. 0. -1. 0.
0.311 0.950 0. -204.202 0.950 -0.311 -0. 384.573 0. 0. -1. 0.
0.313 0.950 0. -203.146 0.950 -0.313 -0. 387.644 0. 0. -1. 0.
0.313 0.950 0. -202.073 0.950 -0.313 -0. 390.690 0. 0. -1. 0.
0.313 0.950 0. -200.979 0.950 -0.313 -0. 393.791 0. 0. -1. 0.
0.316 0.949 0. -199.886 0.949 -0.316 -0. 396.877 0. 0. -1. 0.
0.316 0.949 0. -198.809 0.949 -0.316 -0. 400.075 0. 0. -1. 0.
0.319 0.948 0. -197.605 0.948 -0.319 -0. 403.243 0. 0. -1. 0.
0.318 0.948 0. -196.393 0.948 -0.318 -0. 406.477 0. 0. -1. 0.
0.319 0.948 0. -195.269 0.948 -0.319 -0. 409.749 0. 0. -1. 0.
0.319 0.948 0. -194.057 0.948 -0.319 -0. 412.955 0. 0. -1. 0.
0.320 0.947 0. -192.931 0.947 -0.320 -0. 416.152 0. 0. -1. 0.
0.319 0.948 0. -191.783 0.948 -0.319 -0. 419.367 0. 0. -1. 0.
0.316 0.949 0. -190.603 0.949 -0.316 -0. 422.590 0. 0. -1. 0.
0.315 0.949 0. -189.497 0.949 -0.315 -0. 425.754 0. 0. -1. 0.
0.312 0.950 0. -188.400 0.950 -0.312 -0. 428.995 0. 0. -1. 0.
0.311 0.950 0. -187.259 0.950 -0.311 -0. 432.158 0. 0. -1. 0.
0.311 0.950 0. -186.190 0.950 -0.311 -0. 435.361 0. 0. -1. 0.
0.311 0.951 0. -184.989 0.951 -0.311 -0. 438.525 0. 0. -1. 0.
0.312 0.950 0. -183.897 0.950 -0.312 -0. 441.738 0. 0. -1. 0.
0.311 0.950 0. -182.745 0.950 -0.311 -0. 444.931 0. 0. -1. 0.
0.310 0.951 0. -181.651 0.951 -0.310 -0. 448.073 0. 0. -1. 0.
0.310 0.951 0. -180.518 0.951 -0.310 -0. 451.197 0. 0. -1. 0.
0.310 0.951 0. -179.546 0.951 -0.310 -0. 454.232 0. 0. -1. 0.
0.309 0.951 0. -178.471 0.951 -0.309 -0. 457.209 0. 0. -1. 0.
0.311 0.950 0. -177.478 0.950 -0.311 -0. 460.154 0. 0. -1. 0.
