1. 0. 0. 0. 0. -1. -0. 0. 0. 0. -1. 0.
1. -0.002 -0. -0.019 -0.002 -1. -0. -0.070 0. 0. -1. 0.
1. -0.001 -0. -0.016 -0.001 -1. -0. -0.059 0. 0. -1. 0.
1. -0.000 -0. -0.000 -0.000 -1. -0. 0.008 0. 0. -1. 0.
1. -0.001 -0. -0.006 -0.001 -1. -0. 0.002 0. 0. -1. 0.
1. -0.003 -0. 0.012 -0.003 -1. -0. 0.062 0. 0. -1. 0.
1. -0.001 -0. -0.006 -0.001 -1. -0. -0.046 0. 0. -1. 0.
1. -0.005 -0. -0.011 -0.005 -1. -0. -0.012 0. 0. -1. 0.
1. -0.005 -0. -0.012 -0.005 -1. -0. -0.009 0. 0. -1. 0.
1. -0.004 -0. 0.004 -0.004 -1. -0. -0.007 0. 0. -1. 0.
1. -0.007 -0. -0.007 -0.007 -1. -0. 0.008 0. 0. -1. 0.
1. -0.001 -0. -0.003 -0.001 -1. -0. 0.011 0. 0. -1. 0.
1. -0. -0. -0.039 -0. -1. -0. -0.065 0. 0. -1. 0.
1. -0.003 -0. 0.001 -0.003 -1. -0. 0.009 0. 0. -1. 0.
1. -0.000 -0. -0.012 -0.000 -1. -0. -0.051 0. 0. -1. 0.
1. -0.008 -0. -0.018 -0.008 -1. -0. -0.023 0. 0. -1. 0.
1. -0.005 -0. -0.009 -0.005 -1. -0. -0.024 0. 0. -1. 0.
1. -0.001 -0. -0.006 -0.001 -1. -0. -0.011 0. 0. -1. 0.
1. 0.002 0. -0.002 0.002 -1. -0. -0.019 0. 0. -1. 0.
1. 0.003 0. -0.011 0.003 -1. -0. -0.029 0. 0. -1. 0.
1. -0.001 -0. 0.022 -0.001 -1. -0. 0.011 0. 0. -1. 0.
1. -0.007 -0. 0.035 -0.007 -1. -0. 0.037 0. 0. -1. 0.
1. -0.002 -0. 0.079 -0.002 -1. -0. -0.013 0. 0. -1. 0.
1. 0.002 0. 0.133 0.002 -1. -0. -0.043 0. 0. -1. 0.
1. -0.007 -0. 0.243 -0.007 -1. -0. 0.013 0. 0. -1. 0.
1. -0.006 -0. 0.342 -0.006 -1. -0. 0.017 0. 0. -1. 0.
1.000 -0.015 -0. 0.610 -0.015 -1.000 -0. 0.046 0. 0. -1. 0.
1.000 -0.015 -0. 0.963 -0.015 -1.000 -0. -0.034 0. 0. -1. 0.
1.000 -0.021 -0. 1.371 -0.021 -1.000 -0. 0.132 0. 0. -1. 0.
0.999 -0.033 -0. 1.862 -0.033 -0.999 -0. 0.064 0. 0. -1. 0.
0.999 -0.053 -0. 2.391 -0.053 -0.999 -0. -0.012 0. 0. -1. 0.
0.998 -0.069 -0. 3.036 -0.069 -0.998 -0. -0.134 0. 0. -1. 0.
0.996 -0.089 -0. 3.741 -0.089 -0.996 -0. -0.214 0. 0. -1. 0.
0.994 -0.109 -0. 4.426 -0.109 -0.994 -0. -0.299 0. 0. -1. 0.
0.993 -0.115 -0. 5.232 -0.115 -0.993 -0. -0.470 0. 0. -1. 0.
0.992 -0.123 -0. 6.092 -0.123 -0.992 -0. -0.463 0. 0. -1. 0.
0.992 -0.126 -0. 7.041 -0.126 -0.992 -0. -0.609 0. 0. -1. 0.
0.992 -0.126 -0. 7.933 -0.126 -0.992 -0. -0.805 0. 0. -1. 0.
0.992 -0.123 -0. 8.940 -0.123 -0.992 -0. -0.877 0. 0. -1. 0.
0.993 -0.115 -0. 9.936 -0.115 -0.993 -0. -1.046 0. 0. -1. 0.
0.995 -0.101 -0. 11.015 -0.101 -0.995 -0. -1.138 0. 0. -1. 0.
0.996 -0.094 -0. 12.141 -0.094 -0.996 -0. -1.211 0. 0. -1. 0.
0.997 -0.078 -0. 13.297 -0.078 -0.997 -0. -1.405 0. 0. -1. 0.
0.998 -0.070 -0. 14.519 -0.070 -0.998 -0. -1.432 0. 0. -1. 0.
0.998 -0.055 -0. 15.675 -0.055 -0.998 -0. -1.653 0. 0. -1. 0.
0.999 -0.042 -0. 16.894 -0.042 -0.999 -0. -1.726 0. 0. -1. 0.
0.999 -0.035 -0. 18.316 -0.035 -0.999 -0. -1.788 0. 0. -1. 0.
1.000 -0.027 -0. 19.638 -0.027 -1.000 -0. -1.768 0. 0. -1. 0.
1. -0.006 -0. 20.881 -0.006 -1. -0. -1.850 0. 0. -1. 0.
1. 0.003 0. 22.255 0.003 -1. -0. -1.936 0. 0. -1. 0.
1. 0.009 0. 23.577 0.009 -1. -0. -1.805 0. 0. -1. 0.
1. 0.010 0. 24.932 0.010 -1. -0. -1.828 0. 0. -1. 0.
1.000 0.020 0. 26.244 0.020 -1.000 -0. -1.948 0. 0. -1. 0.
1.000 0.029 0. 27.709 0.029 -1.000 -0. -1.858 0. 0. -1. 0.
1.000 0.030 0. 29.192 0.030 -1.000 -0. -1.885 0. 0. -1. 0.
0.999 0.032 0. 30.663 0.032 -0.999 -0. -1.844 0. 0. -1. 0.
0.999 0.035 0. 32.318 0.035 -0.999 -0. -1.809 0. 0. -1. 0.
0.999 0.035 0. 34.069 0.035 -0.999 -0. -1.797 0. 0. -1. 0.
0.999 0.039 0. 35.625 0.039 -0.999 -0. -1.747 0. 0. -1. 0.
0.999 0.041 0. 37.405 0.041 -0.999 -0. -1.672 0. 0. -1. 0.
0.999 0.047 0. 39.200 0.047 -0.999 -0. -1.661 0. 0. -1. 0.
0.998 0.057 0. 41.003 0.057 -0.998 -0. -1.611 0. 0. -1. 0.
0.998 0.056 0. 42.832 0.056 -0.998 -0. -1.499 0. 0. -1. 0.
0.999 0.052 0. 44.706 0.052 -0.999 -0. -1.444 0. 0. -1. 0.
0.999 0.054 0. 46.578 0.054 -0.999 -0. -1.298 0. 0. -1. 0.
0.998 0.055 0. 48.539 0.055 -0.998 -0. -1.287 0. 0. -1. 0.
0.998 0.055 0. 50.533 0.055 -0.998 -0. -1.226 0. 0. -1. 0.
0.999 0.054 0. 52.547 0.054 -0.999 -0. -1.178 0. 0. -1. 0.
0.998 0.057 0. 54.631 0.057 -0.998 -0. -1.110 0. 0. -1. 0.
0.998 0.061 0. 56.755 0.061 -0.998 -0. -1.035 0. 0. -1. 0.
0.998 0.070 0. 58.871 0.070 -0.998 -0. -0.951 0. 0. -1. 0.
0.998 0.067 0. 61.047 0.067 -0.998 -0. -0.772 0. 0. -1. 0.
0.997 0.079 0. 63.241 0.079 -0.997 -0. -0.749 0. 0. -1. 0.
0.997 0.077 0. 65.439 0.077 -0.997 -0. -0.607 0. 0. -1. 0.
0.996 0.084 0. 67.636 0.084 -0.996 -0. -0.358 0. 0. -1. 0.
0.996 0.092 0. 69.758 0.092 -0.996 -0. -0.131 0. 0. -1. 0.
0.995 0.097 0. 71.931 0.097 -0.995 -0. 0.100 0. 0. -1. 0.
0.995 0.098 0. 74.124 0.098 -0.995 -0. 0.285 0. 0. -1. 0.
0.996 0.094 0. 76.203 0.094 -0.996 -0. 0.326 0. 0. -1. 0.
0.997 0.079 0. 78.300 0.079 -0.997 -0. 0.657 0. 0. -1. 0.
0.998 0.061 0. 80.360 0.061 -0.998 -0. 0.739 0. 0. -1. 0.
0.999 0.045 0. 82.498 0.045 -0.999 -0. 0.776 0. 0. -1. 0.
1. 0.009 0. 84.595 0.009 -1. -0. 0.788 0. 0. -1. 0.
1.000 -0.030 -0. 86.567 -0.030 -1.000 -0. 0.725 0. 0. -1. 0.
0.998 -0.070 -0. 88.653 -0.070 -0.998 -0. 0.567 0. 0. -1. 0.
0.993 -0.122 -0. 90.562 -0.122 -0.993 -0. 0.402 0. 0. -1. 0.
0.981 -0.193 -0. 92.469 -0.193 -0.981 -0. 0.093 0. 0. -1. 0.
0.967 -0.256 -0. 94.385 -0.256 -0.967 -0. -0.539 0. 0. -1. 0.
0.948 -0.319 -0. 96.113 -0.319 -0.948 -0. -1.225 0. 0. -1. 0.
0.925 -0.379 -0. 97.977 -0.379 -0.925 -0. -1.910 0. 0. -1. 0.
0.897 -0.442 -0. 99.680 -0.442 -0.897 -0. -2.663 0. 0. -1. 0.
0.862 -0.507 -0. 101.213 -0.507 -0.862 -0. -3.757 0. 0. -1. 0.
0.823 -0.568 -0. 102.775 -0.568 -0.823 -0. -4.799 0. 0. -1. 0.
0.782 -0.623 -0. 104.383 -0.623 -0.782 -0. -5.913 0. 0. -1. 0.
0.734 -0.679 -0. 105.680 -0.679 -0.734 -0. -7.174 0. 0. -1. 0.
0.691 -0.723 -0. 106.875 -0.723 -0.691 -0. -8.556 0. 0. -1. 0.
0.637 -0.771 -0. 108.009 -0.771 -0.637 -0. -9.995 0. 0. -1. 0.
0.589 -0.808 -0. 109.014 -0.808 -0.589 -0. -11.487 0. 0. -1. 0.
0.553 -0.833 -0. 109.995 -0.833 -0.553 -0. -13.020 0. 0. -1. 0.
0.515 -0.857 -0. 111.153 -0.857 -0.515 -0. -14.556 0. 0. -1. 0.
0.486 -0.874 -0. 112.080 -0.874 -0.486 -0. -16.231 0. 0. -1. 0.
0.467 -0.884 -0. 112.999 -0.884 -0.467 -0. -18.039 0. 0. -1. 0.
0.454 -0.891 -0. 113.911 -0.891 -0.454 -0. -19.969 0. 0. -1. 0.
0.446 -0.895 -0. 114.980 -0.895 -0.446 -0. -21.823 0. 0. -1. 0.
0.437 -0.899 -0. 115.823 -0.899 -0.437 -0. -23.840 0. 0. -1. 0.
0.421 -0.907 -0. 116.695 -0.907 -0.421 -0. -25.812 0. 0. -1. 0.
0.429 -0.904 -0. 117.542 -0.904 -0.429 -0. -27.983 0. 0. -1. 0.
0.427 -0.904 -0. 118.636 -0.904 -0.427 -0. -30.051 0. 0. -1. 0.
0.433 -0.901 -0. 119.610 -0.901 -0.433 -0. -32.062 0. 0. -1. 0.
0.441 -0.897 -0. 120.476 -0.897 -0.441 -0. -34.191 0. 0. -1. 0.
0.449 -0.894 -0. 121.465 -0.894 -0.449 -0. -36.170 0. 0. -1. 0.
0.462 -0.887 -0. 122.468 -0.887 -0.462 -0. -38.189 0. 0. -1. 0.
0.469 -0.883 -0. 123.405 -0.883 -0.469 -0. -40.241 0. 0. -1. 0.
0.480 -0.877 -0. 124.483 -0.877 -0.480 -0. -42.119 0. 0. -1. 0.
0.492 -0.871 -0. 125.504 -0.871 -0.492 -0. -44.063 0. 0. -1. 0.
0.507 -0.862 -0. 126.520 -0.862 -0.507 -0. -45.986 0. 0. -1. 0.
0.514 -0.858 -0. 127.563 -0.858 -0.514 -0. -47.866 0. 0. -1. 0.
0.522 -0.853 -0. 128.675 -0.853 -0.522 -0. -49.651 0. 0. -1. 0.
0.528 -0.849 -0. 129.817 -0.849 -0.528 -0. -51.326 0. 0. -1. 0.
0.543 -0.840 -0. 130.809 -0.840 -0.543 -0. -53.136 0. 0. -1. 0.
0.563 -0.826 -0. 131.948 -0.826 -0.563 -0. -54.880 0. 0. -1. 0.
0.587 -0.810 -0. 132.993 -0.810 -0.587 -0. -56.549 0. 0. -1. 0.
0.616 -0.788 -0. 134.221 -0.788 -0.616 -0. -58.087 0. 0. -1. 0.
0.638 -0.770 -0. 135.488 -0.770 -0.638 -0. -59.631 0. 0. -1. 0.
0.664 -0.748 -0. 136.756 -0.748 -0.664 -0. -61.084 0. 0. -1. 0.
0.691 -0.723 -0. 138.003 -0.723 -0.691 -0. -62.415 0. 0. -1. 0.
0.716 -0.698 -0. 139.332 -0.698 -0.716 -0. -63.766 0. 0. -1. 0.
0.741 -0.672 -0. 140.580 -0.672 -0.741 -0. -65.027 0. 0. -1. 0.
0.759 -0.651 -0. 141.941 -0.651 -0.759 -0. -66.205 0. 0. -1. 0.
0.780 -0.625 -0. 143.205 -0.625 -0.780 -0. -67.306 0. 0. -1. 0.
0.806 -0.592 -0. 144.484 -0.592 -0.806 -0. -68.245 0. 0. -1. 0.
0.829 -0.559 -0. 145.828 -0.559 -0.829 -0. -69.083 0. 0. -1. 0.
0.860 -0.511 -0. 147.139 -0.511 -0.860 -0. -69.892 0. 0. -1. 0.
0.894 -0.448 -0. 148.509 -0.448 -0.894 -0. -70.653 0. 0. -1. 0.
0.923 -0.385 -0. 149.806 -0.385 -0.923 -0. -71.230 0. 0. -1. 0.
0.954 -0.300 -0. 150.983 -0.300 -0.954 -0. -71.739 0. 0. -1. 0.
0.979 -0.205 -0. 152.248 -0.205 -0.979 -0. -71.959 0. 0. -1. 0.
0.995 -0.096 -0. 153.392 -0.096 -0.995 -0. -72.047 0. 0. -1. 0.
1.000 0.027 0. 154.560 0.027 -1.000 -0. -71.996 0. 0. -1. 0.
0.988 0.157 0. 155.562 0.157 -0.988 -0. -71.808 0. 0. -1. 0.
0.959 0.284 0. 156.507 0.284 -0.959 -0. -71.508 0. 0. -1. 0.
0.907 0.422 0. 157.404 0.422 -0.907 -0. -71.016 0. 0. -1. 0.
0.833 0.553 0. 158.258 0.553 -0.833 -0. -70.449 0. 0. -1. 0.
0.732 0.682 0. 158.947 0.682 -0.732 -0. -69.872 0. 0. -1. 0.
0.614 0.789 0. 159.485 0.789 -0.614 -0. -69.063 0. 0. -1. 0.
0.473 0.881 0. 159.974 0.881 -0.473 -0. -68.144 0. 0. -1. 0.
0.308 0.951 0. 160.237 0.951 -0.308 -0. -67.275 0. 0. -1. 0.
0.139 0.990 0. 160.322 0.990 -0.139 -0. -66.333 0. 0. -1. 0.
-0.054 0.999 0. 160.217 0.999 0.054 0. -65.321 0. 0. -1. 0.
-0.236 0.972 0. 159.877 0.972 0.236 0. -64.309 0. 0. -1. 0.
-0.402 0.916 0. 159.454 0.916 0.402 0. -63.372 0. 0. -1. 0.
-0.550 0.835 0. 158.877 0.835 0.550 0. -62.332 0. 0. -1. 0.
-0.666 0.746 0. 158.008 0.746 0.666 0. -61.524 0. 0. -1. 0.
-0.759 0.651 0. 157.075 0.651 0.759 0. -60.699 0. 0. -1. 0.
-0.822 0.570 0. 155.943 0.570 0.822 0. -59.887 0. 0. -1. 0.
-0.878 0.479 0. 154.842 0.479 0.878 0. -59.377 0. 0. -1. 0.
-0.911 0.412 0. 153.470 0.412 0.911 0. -58.654 0. 0. -1. 0.
-0.941 0.340 0. 152.130 0.340 0.941 0. -58.327 0. 0. -1. 0.
-0.954 0.301 0. 150.748 0.301 0.954 0. -57.751 0. 0. -1. 0.
-0.961 0.275 0. 149.267 0.275 0.961 0. -57.378 0. 0. -1. 0.
-0.962 0.273 0. 147.686 0.273 0.962 0. -56.873 0. 0. -1. 0.
-0.961 0.276 0. 146.244 0.276 0.961 0. -56.372 0. 0. -1. 0.
-0.959 0.285 0. 144.515 0.285 0.959 0. -55.892 0. 0. -1. 0.
-0.952 0.306 0. 142.860 0.306 0.952 0. -55.419 0. 0. -1. 0.
-0.941 0.337 0. 141.227 0.337 0.941 0. -54.828 0. 0. -1. 0.
-0.926 0.377 0. 139.673 0.377 0.926 0. -54.156 0. 0. -1. 0.
-0.908 0.419 0. 137.999 0.419 0.908 0. -53.430 0. 0. -1. 0.
-0.879 0.478 0. 136.378 0.478 0.879 0. -52.481 0. 0. -1. 0.
-0.850 0.527 0. 134.973 0.527 0.850 0. -51.537 0. 0. -1. 0.
-0.814 0.581 0. 133.281 0.581 0.814 0. -50.383 0. 0. -1. 0.
-0.784 0.621 0. 131.890 0.621 0.784 0. -49.113 0. 0. -1. 0.
-0.744 0.668 0. 130.336 0.668 0.744 0. -47.818 0. 0. -1. 0.
-0.706 0.708 0. 128.942 0.708 0.706 0. -46.229 0. 0. -1. 0.
-0.664 0.748 0. 127.573 0.748 0.664 0. -44.696 0. 0. -1. 0.
-0.617 0.787 0. 126.178 0.787 0.617 0. -43.099 0. 0. -1. 0.
-0.573 0.820 0. 125.086 0.820 0.573 0. -41.329 0. 0. -1. 0.
-0.524 0.851 0. 124.010 0.851 0.524 0. -39.620 0. 0. -1. 0.
-0.487 0.874 0. 122.934 0.874 0.487 0. -37.804 0. 0. -1. 0.
-0.460 0.888 0. 121.982 0.888 0.460 0. -35.864 0. 0. -1. 0.
-0.438 0.899 0. 121.098 0.899 0.438 0. -33.990 0. 0. -1. 0.
-0.418 0.909 0. 120.317 0.909 0.418 0. -32.035 0. 0. -1. 0.
-0.407 0.913 0. 119.581 0.913 0.407 0. -30.091 0. 0. -1. 0.
-0.401 0.916 0. 118.623 0.916 0.401 0. -28.167 0. 0. -1. 0.
-0.394 0.919 0. 117.899 0.919 0.394 0. -26.195 0. 0. -1. 0.
-0.405 0.914 0. 117.029 0.914 0.405 0. -24.285 0. 0. -1. 0.
-0.412 0.911 0. 116.300 0.911 0.412 0. -22.271 0. 0. -1. 0.
-0.425 0.905 0. 115.378 0.905 0.425 0. -20.375 0. 0. -1. 0.
-0.443 0.897 0. 114.655 0.897 0.443 0. -18.455 0. 0. -1. 0.
-0.458 0.889 0. 113.705 0.889 0.458 0. -16.631 0. 0. -1. 0.
-0.483 0.876 0. 112.650 0.876 0.483 0. -14.913 0. 0. -1. 0.
-0.523 0.852 0. 111.554 0.852 0.523 0. -13.152 0. 0. -1. 0.
-0.565 0.825 0. 110.445 0.825 0.565 0. -11.478 0. 0. -1. 0.
-0.619 0.785 0. 109.414 0.785 0.619 0. -9.806 0. 0. -1. 0.
-0.662 0.749 0. 108.119 0.749 0.662 0. -8.299 0. 0. -1. 0.
-0.712 0.702 0. 106.824 0.702 0.712 0. -6.861 0. 0. -1. 0.
-0.753 0.658 0. 105.365 0.658 0.753 0. -5.603 0. 0. -1. 0.
-0.798 0.603 0. 103.989 0.603 0.798 0. -4.339 0. 0. -1. 0.
-0.835 0.550 0. 102.437 0.550 0.835 0. -3.173 0. 0. -1. 0.
-0.867 0.499 0. 100.792 0.499 0.867 0. -2.348 0. 0. -1. 0.
-0.898 0.441 0. 99.206 0.441 0.898 0. -1.415 0. 0. -1. 0.
-0.923 0.385 0. 97.459 0.385 0.923 0. -0.709 0. 0. -1. 0.
-0.947 0.322 0. 95.783 0.322 0.947 0. 0.009 0. 0. -1. 0.
-0.966 0.260 0. 93.897 0.260 0.966 0. 0.562 0. 0. -1. 0.
-0.980 0.197 0. 92.020 0.197 0.980 0. 0.931 0. 0. -1. 0.
-0.991 0.131 0. 90.048 0.131 0.991 0. 1.222 0. 0. -1. 0.
-0.997 0.077 0. 88.087 0.077 0.997 0. 1.360 0. 0. -1. 0.
-0.999 0.036 0. 85.896 0.036 0.999 0. 1.546 0. 0. -1. 0.
-1. -0.005 -0. 83.798 -0.005 1. 0. 1.495 0. 0. -1. 0.
-1.000 -0.026 -0. 81.673 -0.026 1.000 0. 1.375 0. 0. -1. 0.
-0.999 -0.053 -0. 79.534 -0.053 0.999 0. 1.372 0. 0. -1. 0.
-0.998 -0.067 -0. 77.340 -0.067 0.998 0. 1.234 0. 0. -1. 0.
-0.998 -0.070 -0. 75.137 -0.070 0.998 0. 1.089 0. 0. -1. 0.
-0.997 -0.078 -0. 72.898 -0.078 0.997 0. 0.963 0. 0. -1. 0.
-0.997 -0.071 -0. 70.690 -0.071 0.997 0. 0.935 0. 0. -1. 0.
-0.998 -0.067 -0. 68.502 -0.067 0.998 0. 0.777 0. 0. -1. 0.
-0.998 -0.067 -0. 66.321 -0.067 0.998 0. 0.695 0. 0. -1. 0.
-0.998 -0.058 -0. 64.109 -0.058 0.998 0. 0.438 0. 0. -1. 0.
-0.998 -0.056 -0. 61.998 -0.056 0.998 0. 0.581 0. 0. -1. 0.
-0.999 -0.049 -0. 59.856 -0.049 0.999 0. 0.364 0. 0. -1. 0.
-0.999 -0.045 -0. 57.711 -0.045 0.999 0. 0.527 0. 0. -1. 0.
-0.999 -0.032 -0. 55.649 -0.032 0.999 0. 0.407 0. 0. -1. 0.
-1.000 -0.023 -0. 53.564 -0.023 1.000 0. 0.372 0. 0. -1. 0.
-1.000 -0.014 -0. 51.476 -0.014 1.000 0. 0.355 0. 0. -1. 0.
-1. -0.006 -0. 49.439 -0.006 1. 0. 0.310 0. 0. -1. 0.
-1. -0.001 -0. 47.465 -0.001 1. 0. 0.380 0. 0. -1. 0.
-1. 0.003 0. 45.446 0.003 1. 0. 0.503 0. 0. -1. 0.
-1. 0.011 0. 43.397 0.011 1. 0. 0.433 0. 0. -1. 0.
-1. 0.013 0. 41.412 0.013 1. 0. 0.646 0. 0. -1. 0.
-1.000 0.022 0. 39.409 0.022 1.000 0. 0.655 0. 0. -1. 0.
-1.000 0.028 0. 37.413 0.028 1.000 0. 0.737 0. 0. -1. 0.
-1.000 0.019 0. 35.412 0.019 1.000 0. 0.832 0. 0. -1. 0.
-1.000 0.026 0. 33.344 0.026 1.000 0. 0.904 0. 0. -1. 0.
-1.000 0.028 0. 31.308 0.028 1.000 0. 0.851 0. 0. -1. 0.
-1.000 0.024 0. 29.223 0.024 1.000 0. 1.010 0. 0. -1. 0.
-0.999 0.035 0. 27.113 0.035 0.999 0. 1.070 0. 0. -1. 0.
-0.999 0.043 0. 24.925 0.043 0.999 0. 1.183 0. 0. -1. 0.
-0.999 0.051 0. 22.904 0.051 0.999 0. 1.377 0. 0. -1. 0.
-0.999 0.053 0. 20.726 0.053 0.999 0. 1.652 0. 0. -1. 0.
-0.998 0.062 0. 18.479 0.062 0.998 0. 1.761 0. 0. -1. 0.
-0.998 0.063 0. 16.309 0.063 0.998 0. 1.916 0. 0. -1. 0.
-0.998 0.063 0. 14.071 0.063 0.998 0. 2.091 0. 0. -1. 0.
-0.998 0.064 0. 11.752 0.064 0.998 0. 2.194 0. 0. -1. 0.
-0.998 0.056 0. 9.551 0.056 0.998 0. 2.422 0. 0. -1. 0.
-0.998 0.056 0. 7.225 0.056 0.998 0. 2.564 0. 0. -1. 0.
-0.999 0.053 0. 5.037 0.053 0.999 0. 2.775 0. 0. -1. 0.
-0.999 0.054 0. 2.707 0.054 0.999 0. 2.822 0. 0. -1. 0.
-0.999 0.040 0. 0.433 0.040 0.999 0. 3.023 0. 0. -1. 0.
-0.999 0.042 0. -1.833 0.042 0.999 0. 3.186 0. 0. -1. 0.
-0.999 0.043 0. -4.075 0.043 0.999 0. 3.288 0. 0. -1. 0.
-0.999 0.038 0. -6.438 0.038 0.999 0. 3.377 0. 0. -1. 0.
-1.000 0.029 0. -8.723 0.029 1.000 0. 3.541 0. 0. -1. 0.
-1.000 0.028 0. -10.933 0.028 1.000 0. 3.632 0. 0. -1. 0.
-1.000 0.027 0. -13.347 0.027 1.000 0. 3.703 0. 0. -1. 0.
-1.000 0.028 0. -15.633 0.028 1.000 0. 3.819 0. 0. -1. 0.
-1.000 0.022 0. -18.062 0.022 1.000 0. 3.991 0. 0. -1. 0.
-1. 0.013 0. -20.414 0.013 1. 0. 4.041 0. 0. -1. 0.
-1. 0.012 0. -22.808 0.012 1. 0. 4.079 0. 0. -1. 0.
-1. 0.014 0. -25.281 0.014 1. 0. 4.164 0. 0. -1. 0.
-1. 0.010 0. -27.632 0.010 1. 0. 4.336 0. 0. -1. 0.
-1. 0.007 0. -29.986 0.007 1. 0. 4.259 0. 0. -1. 0.
-1. 0.010 0. -32.394 0.010 1. 0. 4.264 0. 0. -1. 0.
-1. -0.000 -0. -34.811 -0.000 1. 0. 4.240 0. 0. -1. 0.
-1. -0.002 -0. -37.112 -0.002 1. 0. 4.197 0. 0. -1. 0.
-1. -0.011 -0. -39.385 -0.011 1. 0. 4.347 0. 0. -1. 0.
-1. -0.010 -0. -41.634 -0.010 1. 0. 4.343 0. 0. -1. 0.
-1.000 -0.021 -0. -43.826 -0.021 1.000 0. 4.419 0. 0. -1. 0.
-1.000 -0.023 -0. -45.995 -0.023 1.000 0. 4.430 0. 0. -1. 0.
-1.000 -0.029 -0. -48.134 -0.029 1.000 0. 4.356 0. 0. -1. 0.
-1.000 -0.019 -0. -50.180 -0.019 1.000 0. 4.378 0. 0. -1. 0.
-1.000 -0.022 -0. -52.104 -0.022 1.000 0. 4.324 0. 0. -1. 0.
-1.000 -0.025 -0. -54.104 -0.025 1.000 0. 4.360 0. 0. -1. 0.
-1. -0.010 -0. -55.979 -0.010 1. 0. 4.305 0. 0. -1. 0.
-1. -0.001 -0. -57.682 -0.001 1. 0. 4.236 0. 0. -1. 0.
-1.000 0.018 0. -59.360 0.018 1.000 0. 4.450 0. 0. -1. 0.
-0.999 0.051 0. -60.875 0.051 0.999 0. 4.441 0. 0. -1. 0.
-0.995 0.097 0. -62.297 0.097 0.995 0. 4.609 0. 0. -1. 0.
-0.988 0.155 0. -63.549 0.155 0.988 0. 5.005 0. 0. -1. 0.
-0.974 0.226 0. -64.699 0.226 0.974 0. 5.195 0. 0. -1. 0.
-0.952 0.305 0. -65.718 0.305 0.952 0. 5.591 0. 0. -1. 0.
-0.915 0.404 0. -66.743 0.404 0.915 0. 5.921 0. 0. -1. 0.
-0.870 0.493 0. -67.582 0.493 0.870 0. 6.507 0. 0. -1. 0.
-0.801 0.599 0. -68.463 0.599 0.801 0. 7.142 0. 0. -1. 0.
-0.723 0.691 0. -69.120 0.691 0.723 0. 7.922 0. 0. -1. 0.
-0.628 0.778 0. -69.665 0.778 0.628 0. 8.664 0. 0. -1. 0.
-0.527 0.850 0. -70.188 0.850 0.527 0. 9.468 0. 0. -1. 0.
-0.431 0.902 0. -70.627 0.902 0.431 0. 10.459 0. 0. -1. 0.
-0.331 0.944 0. -70.845 0.944 0.331 0. 11.408 0. 0. -1. 0.
-0.231 0.973 0. -71.113 0.973 0.231 0. 12.503 0. 0. -1. 0.
-0.152 0.988 0. -71.317 0.988 0.152 0. 13.581 0. 0. -1. 0.
-0.094 0.996 0. -71.516 0.996 0.094 0. 14.803 0. 0. -1. 0.
-0.061 0.998 0. -71.461 0.998 0.061 0. 16.267 0. 0. -1. 0.
-0.041 0.999 0. -71.524 0.999 0.041 0. 17.549 0. 0. -1. 0.
-0.036 0.999 0. -71.512 0.999 0.036 0. 19.088 0. 0. -1. 0.
-0.041 0.999 0. -71.480 0.999 0.041 0. 20.564 0. 0. -1. 0.
-0.035 0.999 0. -71.350 0.999 0.035 0. 22.171 0. 0. -1. 0.
-0.041 0.999 0. -71.525 0.999 0.041 0. 23.663 0. 0. -1. 0.
-0.031 1.000 0. -71.469 1.000 0.031 0. 25.411 0. 0. -1. 0.
-0.037 0.999 0. -71.484 0.999 0.037 0. 27.072 0. 0. -1. 0.
-0.026 1.000 0. -71.550 1.000 0.026 0. 28.907 0. 0. -1. 0.
-0.006 1. 0. -71.507 1. 0.006 0. 30.527 0. 0. -1. 0.
0.007 1. 0. -71.510 1. -0.007 -0. 32.330 0. 0. -1. 0.
0.026 1.000 0. -71.291 1.000 -0.026 -0. 34.081 0. 0. -1. 0.
0.047 0.999 0. -71.262 0.999 -0.047 -0. 35.795 0. 0. -1. 0.
0.075 0.997 0. -71.112 0.997 -0.075 -0. 37.589 0. 0. -1. 0.
0.104 0.995 0. -70.954 0.995 -0.104 -0. 39.282 0. 0. -1. 0.
0.142 0.990 0. -70.559 0.990 -0.142 -0. 41.126 0. 0. -1. 0.
0.169 0.986 0. -70.268 0.986 -0.169 -0. 42.880 0. 0. -1. 0.
0.194 0.981 0. -69.870 0.981 -0.194 -0. 44.525 0. 0. -1. 0.
0.205 0.979 0. -69.546 0.979 -0.205 -0. 46.323 0. 0. -1. 0.
0.191 0.982 0. -69.183 0.982 -0.191 -0. 47.983 0. 0. -1. 0.
0.172 0.985 0. -68.781 0.985 -0.172 -0. 49.902 0. 0. -1. 0.
0.144 0.990 0. -68.489 0.990 -0.144 -0. 51.673 0. 0. -1. 0.
0.107 0.994 0. -68.273 0.994 -0.107 -0. 53.574 0. 0. -1. 0.
0.082 0.997 0. -67.988 0.997 -0.082 -0. 55.484 0. 0. -1. 0.
0.063 0.998 0. -67.885 0.998 -0.063 -0. 57.488 0. 0. -1. 0.
0.046 0.999 0. -67.750 0.999 -0.046 -0. 59.484 0. 0. -1. 0.
0.028 1.000 0. -67.688 1.000 -0.028 -0. 61.530 0. 0. -1. 0.
0.027 1.000 0. -67.567 1.000 -0.027 -0. 63.441 0. 0. -1. 0.
0.012 1. 0. -67.549 1. -0.012 -0. 65.369 0. 0. -1. 0.
0.008 1. 0. -67.439 1. -0.008 -0. 67.483 0. 0. -1. 0.
0.003 1. 0. -67.448 1. -0.003 -0. 69.269 0. 0. -1. 0.
0.004 1. 0. -67.401 1. -0.004 -0. 71.247 0. 0. -1. 0.
-0.004 1. 0. -67.404 1. 0.004 0. 73.228 0. 0. -1. 0.
0.001 1. 0. -67.365 1. -0.001 -0. 75.115 0. 0. -1. 0.
-0.009 1. 0. -67.393 1. 0.009 0. 76.916 0. 0. -1. 0.
-0.012 1. 0. -67.360 1. 0.012 0. 78.807 0. 0. -1. 0.
-0.035 0.999 0. -67.448 0.999 0.035 0. 80.480 0. 0. -1. 0.
-0.065 0.998 0. -67.402 0.998 0.065 0. 82.287 0. 0. -1. 0.
-0.115 0.993 0. -67.730 0.993 0.115 0. 83.914 0. 0. -1. 0.
-0.177 0.984 0. -67.708 0.984 0.177 0. 85.561 0. 0. -1. 0.
-0.245 0.969 0. -68.005 0.969 0.245 0. 87.131 0. 0. -1. 0.
-0.329 0.944 0. -68.464 0.944 0.329 0. 88.518 0. 0. -1. 0.
-0.417 0.909 0. -69.177 0.909 0.417 0. 90.020 0. 0. -1. 0.
-0.500 0.866 0. -69.763 0.866 0.500 0. 91.375 0. 0. -1. 0.
-0.582 0.813 0. -70.768 0.813 0.582 0. 92.541 0. 0. -1. 0.
-0.660 0.751 0. -71.530 0.751 0.660 0. 93.726 0. 0. -1. 0.
-0.733 0.681 0. -72.611 0.681 0.733 0. 94.806 0. 0. -1. 0.
-0.796 0.605 0. -73.713 0.605 0.796 0. 95.632 0. 0. -1. 0.
-0.856 0.518 0. -75.109 0.518 0.856 0. 96.510 0. 0. -1. 0.
-0.900 0.435 0. -76.312 0.435 0.900 0. 97.122 0. 0. -1. 0.
-0.932 0.362 0. -77.701 0.362 0.932 0. 97.637 0. 0. -1. 0.
-0.957 0.291 0. -79.142 0.291 0.957 0. 98.013 0. 0. -1. 0.
-0.971 0.239 0. -80.625 0.239 0.971 0. 98.262 0. 0. -1. 0.
-0.979 0.203 0. -82.129 0.203 0.979 0. 98.529 0. 0. -1. 0.
-0.983 0.181 0. -83.484 0.181 0.983 0. 98.968 0. 0. -1. 0.
-0.984 0.178 0. -85.092 0.178 0.984 0. 99.169 0. 0. -1. 0.
-0.983 0.182 0. -86.571 0.182 0.983 0. 99.539 0. 0. -1. 0.
-0.977 0.213 0. -88.067 0.213 0.977 0. 99.856 0. 0. -1. 0.
-0.969 0.246 0. -89.567 0.246 0.969 0. 100.286 0. 0. -1. 0.
-0.960 0.282 0. -91.066 0.282 0.960 0. 100.695 0. 0. -1. 0.
-0.945 0.327 0. -92.780 0.327 0.945 0. 101.246 0. 0. -1. 0.
-0.927 0.375 0. -94.270 0.375 0.927 0. 101.959 0. 0. -1. 0.
-0.899 0.437 0. -95.740 0.437 0.899 0. 102.838 0. 0. -1. 0.
-0.870 0.494 0. -97.292 0.494 0.870 0. 103.761 0. 0. -1. 0.
-0.837 0.547 0. -98.803 0.547 0.837 0. 104.703 0. 0. -1. 0.
-0.810 0.587 0. -100.315 0.587 0.810 0. 105.881 0. 0. -1. 0.
-0.788 0.616 0. -101.730 0.616 0.788 0. 107.038 0. 0. -1. 0.
-0.769 0.639 0. -103.274 0.639 0.769 0. 108.305 0. 0. -1. 0.
-0.748 0.664 0. -104.751 0.664 0.748 0. 109.589 0. 0. -1. 0.
-0.741 0.672 0. -106.334 0.672 0.741 0. 110.861 0. 0. -1. 0.
-0.731 0.682 0. -107.749 0.682 0.731 0. 112.390 0. 0. -1. 0.
-0.730 0.684 0. -109.440 0.684 0.730 0. 113.778 0. 0. -1. 0.
-0.726 0.687 0. -110.794 0.687 0.726 0. 115.337 0. 0. -1. 0.
-0.730 0.684 0. -112.411 0.684 0.730 0. 116.847 0. 0. -1. 0.
-0.729 0.684 0. -114.007 0.684 0.729 0. 118.423 0. 0. -1. 0.
-0.728 0.686 0. -115.541 0.686 0.728 0. 120.055 0. 0. -1. 0.
-0.730 0.684 0. -117.218 0.684 0.730 0. 121.503 0. 0. -1. 0.
-0.726 0.687 0. -118.969 0.687 0.726 0. 123.054 0. 0. -1. 0.
-0.725 0.689 0. -120.550 0.689 0.725 0. 124.785 0. 0. -1. 0.
-0.723 0.691 0. -122.352 0.691 0.723 0. 126.397 0. 0. -1. 0.
-0.721 0.693 0. -124.013 0.693 0.721 0. 128.160 0. 0. -1. 0.
-0.719 0.695 0. -125.782 0.695 0.719 0. 129.847 0. 0. -1. 0.
-0.717 0.697 0. -127.499 0.697 0.717 0. 131.611 0. 0. -1. 0.
-0.716 0.698 0. -129.162 0.698 0.716 0. 133.413 0. 0. -1. 0.
-0.715 0.699 0. -130.915 0.699 0.715 0. 135.245 0. 0. -1. 0.
-0.715 0.700 0. -132.646 0.700 0.715 0. 137.053 0. 0. -1. 0.
-0.713 0.701 0. -134.469 0.701 0.713 0. 138.782 0. 0. -1. 0.
-0.710 0.704 0. -136.121 0.704 0.710 0. 140.668 0. 0. -1. 0.
-0.709 0.706 0. -137.913 0.706 0.709 0. 142.436 0. 0. -1. 0.
-0.713 0.701 0. -139.602 0.701 0.713 0. 144.265 0. 0. -1. 0.
-0.711 0.704 0. -141.302 0.704 0.711 0. 146.065 0. 0. -1. 0.
-0.702 0.712 0. -143.128 0.712 0.702 0. 147.905 0. 0. -1. 0.
-0.696 0.718 0. -144.894 0.718 0.696 0. 149.663 0. 0. -1. 0.
-0.688 0.726 0. -146.656 0.726 0.688 0. 151.541 0. 0. -1. 0.
-0.674 0.738 0. -148.234 0.738 0.674 0. 153.368 0. 0. -1. 0.
-0.661 0.750 0. -149.766 0.750 0.661 0. 155.279 0. 0. -1. 0.
-0.644 0.765 0. -151.400 0.765 0.644 0. 157.134 0. 0. -1. 0.
-0.618 0.786 0. -152.921 0.786 0.618 0. 159.126 0. 0. -1. 0.
-0.590 0.808 0. -154.296 0.808 0.590 0. 161.162 0. 0. -1. 0.
-0.564 0.826 0. -155.479 0.826 0.564 0. 163.287 0. 0. -1. 0.
-0.535 0.845 0. -156.975 0.845 0.535 0. 165.373 0. 0. -1. 0.
-0.495 0.869 0. -158.238 0.869 0.495 0. 167.478 0. 0. -1. 0.
-0.450 0.893 0. -159.304 0.893 0.450 0. 169.725 0. 0. -1. 0.
-0.405 0.914 0. -160.153 0.914 0.405 0. 172.296 0. 0. -1. 0.
-0.365 0.931 0. -161.181 0.931 0.365 0. 174.509 0. 0. -1. 0.
-0.322 0.947 0. -162.005 0.947 0.322 0. 176.944 0. 0. -1. 0.
-0.274 0.962 0. -162.696 0.962 0.274 0. 179.403 0. 0. -1. 0.
-0.239 0.971 0. -163.256 0.971 0.239 0. 181.837 0. 0. -1. 0.
-0.208 0.978 0. -163.598 0.978 0.208 0. 184.415 0. 0. -1. 0.
-0.176 0.984 0. -164.178 0.984 0.176 0. 186.897 0. 0. -1. 0.
-0.155 0.988 0. -164.411 0.988 0.155 0. 189.347 0. 0. -1. 0.
-0.142 0.990 0. -164.832 0.990 0.142 0. 191.833 0. 0. -1. 0.
-0.135 0.991 0. -164.936 0.991 0.135 0. 194.326 0. 0. -1. 0.
-0.126 0.992 0. -165.117 0.992 0.126 0. 196.835 0. 0. -1. 0.
-0.115 0.993 0. -165.406 0.993 0.115 0. 199.195 0. 0. -1. 0.
-0.121 0.993 0. -165.576 0.993 0.121 0. 201.680 0. 0. -1. 0.
-0.127 0.992 0. -165.822 0.992 0.127 0. 204.096 0. 0. -1. 0.
-0.133 0.991 0. -166.126 0.991 0.133 0. 206.490 0. 0. -1. 0.
-0.136 0.991 0. -166.465 0.991 0.136 0. 208.953 0. 0. -1. 0.
-0.156 0.988 0. -166.763 0.988 0.156 0. 211.305 0. 0. -1. 0.
-0.173 0.985 0. -167.129 0.985 0.173 0. 213.806 0. 0. -1. 0.
-0.207 0.978 0. -167.478 0.978 0.207 0. 216.031 0. 0. -1. 0.
-0.250 0.968 0. -168.031 0.968 0.250 0. 218.342 0. 0. -1. 0.
-0.297 0.955 0. -168.732 0.955 0.297 0. 220.618 0. 0. -1. 0.
-0.359 0.933 0. -169.412 0.933 0.359 0. 222.747 0. 0. -1. 0.
-0.422 0.907 0. -170.259 0.907 0.422 0. 224.879 0. 0. -1. 0.
-0.486 0.874 0. -171.268 0.874 0.486 0. 226.820 0. 0. -1. 0.
-0.554 0.833 0. -172.492 0.833 0.554 0. 228.583 0. 0. -1. 0.
-0.624 0.782 0. -173.761 0.782 0.624 0. 230.287 0. 0. -1. 0.
-0.694 0.720 0. -175.209 0.720 0.694 0. 231.821 0. 0. -1. 0.
-0.756 0.655 0. -176.845 0.655 0.756 0. 233.211 0. 0. -1. 0.
-0.810 0.587 0. -178.618 0.587 0.810 0. 234.537 0. 0. -1. 0.
-0.857 0.516 0. -180.247 0.516 0.857 0. 235.652 0. 0. -1. 0.
-0.896 0.444 0. -182.205 0.444 0.896 0. 236.633 0. 0. -1. 0.
-0.924 0.381 0. -184.137 0.381 0.924 0. 237.488 0. 0. -1. 0.
-0.941 0.337 0. -186.084 0.337 0.941 0. 238.231 0. 0. -1. 0.
-0.952 0.306 0. -188.095 0.306 0.952 0. 238.948 0. 0. -1. 0.
-0.959 0.283 0. -190.202 0.283 0.959 0. 239.629 0. 0. -1. 0.
-0.963 0.270 0. -192.356 0.270 0.963 0. 240.237 0. 0. -1. 0.
-0.965 0.262 0. -194.549 0.262 0.965 0. 240.864 0. 0. -1. 0.
-0.966 0.258 0. -196.764 0.258 0.966 0. 241.558 0. 0. -1. 0.
-0.967 0.253 0. -199.068 0.253 0.967 0. 242.175 0. 0. -1. 0.
-0.969 0.249 0. -201.342 0.249 0.969 0. 242.819 0. 0. -1. 0.
-0.969 0.246 0. -203.624 0.246 0.969 0. 243.454 0. 0. -1. 0.
-0.969 0.249 0. -205.988 0.249 0.969 0. 244.105 0. 0. -1. 0.
-0.968 0.251 0. -208.201 0.251 0.968 0. 244.712 0. 0. -1. 0.
-0.968 0.252 0. -210.533 0.252 0.968 0. 245.375 0. 0. -1. 0.
-0.968 0.251 0. -212.789 0.251 0.968 0. 245.995 0. 0. -1. 0.
-0.968 0.251 0. -214.937 0.251 0.968 0. 246.639 0. 0. -1. 0.
-0.967 0.254 0. -217.247 0.254 0.967 0. 247.209 0. 0. -1. 0.
-0.967 0.253 0. -219.478 0.253 0.967 0. 247.861 0. 0. -1. 0.
-0.969 0.249 0. -221.586 0.249 0.969 0. 248.457 0. 0. -1. 0.
-0.968 0.253 0. -223.836 0.253 0.968 0. 249.099 0. 0. -1. 0.
-0.966 0.258 0. -225.892 0.258 0.966 0. 249.663 0. 0. -1. 0.
-0.964 0.265 0. -227.882 0.265 0.964 0. 250.261 0. 0. -1. 0.
-0.964 0.266 0. -229.665 0.266 0.964 0. 250.854 0. 0. -1. 0.
-0.963 0.271 0. -231.995 0.271 0.963 0. 251.353 0. 0. -1. 0.
-0.960 0.281 0. -233.662 0.281 0.960 0. 251.949 0. 0. -1. 0.
-0.952 0.305 0. -235.507 0.305 0.952 0. 252.546 0. 0. -1. 0.
-0.944 0.331 0. -237.141 0.331 0.944 0. 253.246 0. 0. -1. 0.
-0.930 0.367 0. -238.641 0.367 0.930 0. 253.785 0. 0. -1. 0.
-0.918 0.397 0. -240.072 0.397 0.918 0. 254.591 0. 0. -1. 0.
-0.904 0.428 0. -241.430 0.428 0.904 0. 255.056 0. 0. -1. 0.
-0.889 0.457 0. -242.653 0.457 0.889 0. 255.689 0. 0. -1. 0.
-0.877 0.481 0. -243.809 0.481 0.877 0. 256.378 0. 0. -1. 0.
-0.870 0.492 0. -244.942 0.492 0.870 0. 257.050 0. 0. -1. 0.
-0.870 0.493 0. -245.960 0.493 0.870 0. 257.594 0. 0. -1. 0.
-0.874 0.485 0. -246.951 0.485 0.874 0. 258.332 0. 0. -1. 0.
-0.880 0.474 0. -247.867 0.474 0.880 0. 258.842 0. 0. -1. 0.
-0.886 0.463 0. -248.727 0.463 0.886 0. 259.240 0. 0. -1. 0.
-0.894 0.448 0. -249.618 0.448 0.894 0. 259.687 0. 0. -1. 0.
-0.901 0.434 0. -250.300 0.434 0.901 0. 260.012 0. 0. -1. 0.
-0.907 0.421 0. -251.113 0.421 0.907 0. 260.362 0. 0. -1. 0.
-0.911 0.413 0. -251.820 0.413 0.911 0. 260.908 0. 0. -1. 0.
-0.913 0.408 0. -252.195 0.408 0.913 0. 260.979 0. 0. -1. 0.
-0.915 0.403 0. -252.655 0.403 0.915 0. 261.249 0. 0. -1. 0.
-0.916 0.401 0. -253.035 0.401 0.916 0. 261.335 0. 0. -1. 0.
-0.916 0.401 0. -253.364 0.401 0.916 0. 261.514 0. 0. -1. 0.
-0.918 0.397 0. -253.496 0.397 0.918 0. 261.544 0. 0. -1. 0.
-0.914 0.405 0. -253.864 0.405 0.914 0. 261.694 0. 0. -1. 0.
-0.914 0.405 0. -253.914 0.405 0.914 0. 261.783 0. 0. -1. 0.
-0.918 0.396 0. -254.070 0.396 0.918 0. 261.861 0. 0. -1. 0.
-0.917 0.400 0. -254.308 0.400 0.917 0. 261.927 0. 0. -1. 0.
-0.917 0.398 0. -254.355 0.398 0.917 0. 262.043 0. 0. -1. 0.
-0.915 0.403 0. -254.377 0.403 0.915 0. 262.006 0. 0. -1. 0.
-0.918 0.397 0. -254.333 0.397 0.918 0. 261.968 0. 0. -1. 0.
-0.918 0.397 0. -254.416 0.397 0.918 0. 261.981 0. 0. -1. 0.
-0.917 0.400 0. -254.467 0.400 0.917 0. 262.064 0. 0. -1. 0.
-0.918 0.398 0. -254.307 0.398 0.918 0. 261.950 0. 0. -1. 0.
-0.916 0.400 0. -254.495 0.400 0.916 0. 261.871 0. 0. -1. 0.
-0.916 0.402 0. -254.462 0.402 0.916 0. 261.978 0. 0. -1. 0.
-0.914 0.405 0. -254.370 0.405 0.914 0. 261.954 0. 0. -1. 0.
-0.918 0.397 0. -254.431 0.397 0.918 0. 262.036 0. 0. -1. 0.
-0.917 0.400 0. -254.415 0.400 0.917 0. 261.954 0. 0. -1. 0.
-0.917 0.400 0. -254.370 0.400 0.917 0. 261.981 0. 0. -1. 0.
-0.916 0.400 0. -254.361 0.400 0.916 0. 261.906 0. 0. -1. 0.
-0.915 0.403 0. -254.442 0.403 0.915 0. 262.124 0. 0. -1. 0.
-0.916 0.402 0. -254.317 0.402 0.916 0. 261.929 0. 0. -1. 0.
-0.916 0.401 0. -254.478 0.401 0.916 0. 262.038 0. 0. -1. 0.
-0.916 0.401 0. -254.452 0.401 0.916 0. 261.943 0. 0. -1. 0.
-0.914 0.406 0. -254.372 0.406 0.914 0. 261.985 0. 0. -1. 0.
-0.917 0.399 0. -254.422 0.399 0.917 0. 261.872 0. 0. -1. 0.
-0.916 0.401 0. -254.468 0.401 0.916 0. 262.064 0. 0. -1. 0.
-0.918 0.397 0. -254.379 0.397 0.918 0. 262.062 0. 0. -1. 0.
-0.915 0.404 0. -254.408 0.404 0.915 0. 261.956 0. 0. -1. 0.
-0.917 0.399 0. -254.347 0.399 0.917 0. 261.930 0. 0. -1. 0.
-0.916 0.401 0. -254.518 0.401 0.916 0. 262.115 0. 0. -1. 0.
-0.917 0.399 0. -254.482 0.399 0.917 0. 261.954 0. 0. -1. 0.
-0.916 0.401 0. -254.514 0.401 0.916 0. 262.010 0. 0. -1. 0.
-0.916 0.400 0. -254.704 0.400 0.916 0. 262.172 0. 0. -1. 0.
-0.916 0.402 0. -255.034 0.402 0.916 0. 262.320 0. 0. -1. 0.
-0.916 0.401 0. -255.315 0.401 0.916 0. 262.421 0. 0. -1. 0.
-0.915 0.403 0. -255.599 0.403 0.915 0. 262.571 0. 0. -1. 0.
-0.911 0.413 0. -255.966 0.413 0.911 0. 262.715 0. 0. -1. 0.
-0.912 0.410 0. -256.273 0.410 0.912 0. 262.861 0. 0. -1. 0.
-0.907 0.422 0. -256.676 0.422 0.907 0. 262.989 0. 0. -1. 0.
-0.907 0.421 0. -257.030 0.421 0.907 0. 263.130 0. 0. -1. 0.
-0.901 0.434 0. -257.554 0.434 0.901 0. 263.384 0. 0. -1. 0.
-0.896 0.444 0. -257.805 0.444 0.896 0. 263.584 0. 0. -1. 0.
-0.887 0.462 0. -258.373 0.462 0.887 0. 263.743 0. 0. -1. 0.
-0.873 0.488 0. -258.928 0.488 0.873 0. 264.127 0. 0. -1. 0.
-0.848 0.530 0. -259.405 0.530 0.848 0. 264.541 0. 0. -1. 0.
-0.810 0.587 0. -259.784 0.587 0.810 0. 264.854 0. 0. -1. 0.
-0.765 0.644 0. -260.333 0.644 0.765 0. 265.300 0. 0. -1. 0.
-0.704 0.711 0. -260.789 0.711 0.704 0. 266.001 0. 0. -1. 0.
-0.634 0.773 0. -261.141 0.773 0.634 0. 266.639 0. 0. -1. 0.
-0.551 0.835 0. -261.660 0.835 0.551 0. 267.366 0. 0. -1. 0.
-0.479 0.878 0. -262.004 0.878 0.479 0. 268.200 0. 0. -1. 0.
-0.393 0.920 0. -262.562 0.920 0.393 0. 269.319 0. 0. -1. 0.
-0.293 0.956 0. -262.780 0.956 0.293 0. 270.313 0. 0. -1. 0.
-0.201 0.980 0. -262.936 0.980 0.201 0. 271.547 0. 0. -1. 0.
-0.127 0.992 0. -263.159 0.992 0.127 0. 272.754 0. 0. -1. 0.
-0.054 0.999 0. -263.116 0.999 0.054 0. 274.161 0. 0. -1. 0.
0.013 1. 0. -263.024 1. -0.013 -0. 275.576 0. 0. -1. 0.
0.068 0.998 0. -262.930 0.998 -0.068 -0. 277.098 0. 0. -1. 0.
0.122 0.993 0. -262.736 0.993 -0.122 -0. 278.593 0. 0. -1. 0.
0.153 0.988 0. -262.381 0.988 -0.153 -0. 280.179 0. 0. -1. 0.
0.166 0.986 0. -262.014 0.986 -0.166 -0. 282.078 0. 0. -1. 0.
0.180 0.984 0. -261.754 0.984 -0.180 -0. 283.874 0. 0. -1. 0.
0.198 0.980 0. -261.286 0.980 -0.198 -0. 285.775 0. 0. -1. 0.
0.215 0.977 0. -260.895 0.977 -0.215 -0. 287.794 0. 0. -1. 0.
0.221 0.975 0. -260.326 0.975 -0.221 -0. 289.783 0. 0. -1. 0.
0.227 0.974 0. -259.779 0.974 -0.227 -0. 291.953 0. 0. -1. 0.
0.225 0.974 0. -259.173 0.974 -0.225 -0. 294.120 0. 0. -1. 0.
0.229 0.973 0. -258.768 0.973 -0.229 -0. 296.372 0. 0. -1. 0.
0.229 0.973 0. -258.084 0.973 -0.229 -0. 298.649 0. 0. -1. 0.
0.232 0.973 0. -257.543 0.973 -0.232 -0. 301.000 0. 0. -1. 0.
0.229 0.973 0. -256.892 0.973 -0.229 -0. 303.400 0. 0. -1. 0.
0.232 0.973 0. -256.254 0.973 -0.232 -0. 306.001 0. 0. -1. 0.
0.234 0.972 0. -255.503 0.972 -0.234 -0. 308.487 0. 0. -1. 0.
0.236 0.972 0. -254.982 0.972 -0.236 -0. 311.149 0. 0. -1. 0.
0.235 0.972 0. -254.170 0.972 -0.235 -0. 313.773 0. 0. -1. 0.
0.234 0.972 0. -253.473 0.972 -0.234 -0. 316.549 0. 0. -1. 0.
0.238 0.971 0. -252.775 0.971 -0.238 -0. 319.358 0. 0. -1. 0.
0.230 0.973 0. -252.000 0.973 -0.230 -0. 322.233 0. 0. -1. 0.
0.236 0.972 0. -251.309 0.972 -0.236 -0. 325.170 0. 0. -1. 0.
0.234 0.972 0. -250.448 0.972 -0.234 -0. 328.085 0. 0. -1. 0.
0.238 0.971 0. -249.697 0.971 -0.238 -0. 331.153 0. 0. -1. 0.
0.235 0.972 0. -248.859 0.972 -0.235 -0. 334.182 0. 0. -1. 0.
0.243 0.970 0. -248.102 0.970 -0.243 -0. 337.279 0. 0. -1. 0.
0.240 0.971 0. -247.287 0.971 -0.240 -0. 340.265 0. 0. -1. 0.
0.239 0.971 0. -246.496 0.971 -0.239 -0. 343.312 0. 0. -1. 0.
0.233 0.972 0. -245.675 0.972 -0.233 -0. 346.395 0. 0. -1. 0.
0.235 0.972 0. -244.928 0.972 -0.235 -0. 349.494 0. 0. -1. 0.
0.237 0.972 0. -244.053 0.972 -0.237 -0. 352.465 0. 0. -1. 0.
0.241 0.971 0. -243.263 0.971 -0.241 -0. 355.467 0. 0. -1. 0.
0.245 0.969 0. -242.573 0.969 -0.245 -0. 358.477 0. 0. -1. 0.
0.239 0.971 0. -241.643 0.971 -0.239 -0. 361.387 0. 0. -1. 0.
0.243 0.970 0. -240.902 0.970 -0.243 -0. 364.361 0. 0. -1. 0.
0.247 0.969 0. -240.152 0.969 -0.247 -0. 367.162 0. 0. -1. 0.
0.247 0.969 0. -239.361 0.969 -0.247 -0. 370.070 0. 0. -1. 0.
0.245 0.970 0. -238.591 0.970 -0.245 -0. 372.872 0. 0. -1. 0.
0.242 0.970 0. -237.791 0.970 -0.242 -0. 375.796 0. 0. -1. 0.
0.244 0.970 0. -236.976 0.970 -0.244 -0. 378.528 0. 0. -1. 0.
0.247 0.969 0. -236.312 0.969 -0.247 -0. 381.301 0. 0. -1. 0.
0.246 0.969 0. -235.575 0.969 -0.246 -0. 383.968 0. 0. -1. 0.
0.239 0.971 0. -234.826 0.971 -0.239 -0. 386.708 0. 0. -1. 0.
0.242 0.970 0. -234.212 0.970 -0.242 -0. 389.425 0. 0. -1. 0.
0.234 0.972 0. -233.353 0.972 -0.234 -0. 391.996 0. 0. -1. 0.
0.230 0.973 0. -232.762 0.973 -0.230 -0. 394.689 0. 0. -1. 0.
0.232 0.973 0. -232.019 0.973 -0.232 -0. 397.200 0. 0. -1. 0.
0.234 0.972 0. -231.456 0.972 -0.234 -0. 399.729 0. 0. -1. 0.
0.228 0.974 0. -230.845 0.974 -0.228 -0. 402.202 0. 0. -1. 0.
0.229 0.974 0. -230.259 0.974 -0.229 -0. 404.523 0. 0. -1. 0.
0.225 0.974 0. -229.675 0.974 -0.225 -0. 406.809 0. 0. -1. 0.
0.228 0.974 0. -229.176 0.974 -0.228 -0. 409.092 0. 0. -1. 0.
0.234 0.972 0. -228.633 0.972 -0.234 -0. 411.223 0. 0. -1. 0.
0.233 0.972 0. -227.910 0.972 -0.233 -0. 413.267 0. 0. -1. 0.
0.236 0.972 0. -227.599 0.972 -0.236 -0. 415.428 0. 0. -1. 0.
0.232 0.973 0. -226.951 0.973 -0.232 -0. 417.325 0. 0. -1. 0.
0.239 0.971 0. -226.509 0.971 -0.239 -0. 419.390 0. 0. -1. 0.
0.232 0.973 0. -225.869 0.973 -0.232 -0. 421.241 0. 0. -1. 0.
0.238 0.971 0. -225.585 0.971 -0.238 -0. 423.279 0. 0. -1. 0.
0.240 0.971 0. -224.951 0.971 -0.240 -0. 425.096 0. 0. -1. 0.
0.241 0.970 0. -224.498 0.970 -0.241 -0. 427.041 0. 0. -1. 0.
0.238 0.971 0. -223.957 0.971 -0.238 -0. 428.944 0. 0. -1. 0.
0.236 0.972 0. -223.529 0.972 -0.236 -0. 430.748 0. 0. -1. 0.
0.235 0.972 0. -222.999 0.972 -0.235 -0. 432.574 0. 0. -1. 0.
0.239 0.971 0. -222.519 0.971 -0.239 -0. 434.471 0. 0. -1. 0.
0.240 0.971 0. -221.992 0.971 -0.240 -0. 436.162 0. 0. -1. 0.
0.241 0.971 0. -221.509 0.971 -0.241 -0. 438.051 0. 0. -1. 0.
0.235 0.972 0. -221.053 0.972 -0.235 -0. 439.901 0. 0. -1. 0.
0.234 0.972 0. -220.533 0.972 -0.234 -0. 441.813 0. 0. -1. 0.
0.236 0.972 0. -220.061 0.972 -0.236 -0. 443.813 0. 0. -1. 0.
0.228 0.974 0. -219.452 0.974 -0.228 -0. 445.697 0. 0. -1. 0.
0.232 0.973 0. -219.030 0.973 -0.232 -0. 447.801 0. 0. -1. 0.
0.231 0.973 0. -218.338 0.973 -0.231 -0. 449.741 0. 0. -1. 0.
0.236 0.972 0. -217.892 0.972 -0.236 -0. 452.086 0. 0. -1. 0.
0.239 0.971 0. -217.248 0.971 -0.239 -0. 454.191 0. 0. -1. 0.
0.239 0.971 0. -216.624 0.971 -0.239 -0. 456.449 0. 0. -1. 0.
0.241 0.970 0. -216.036 0.970 -0.241 -0. 458.757 0. 0. -1. 0.
0.235 0.972 0. -215.404 0.972 -0.235 -0. 461.038 0. 0. -1. 0.
0.235 0.972 0. -214.768 0.972 -0.235 -0. 463.287 0. 0. -1. 0.
0.236 0.972 0. -214.219 0.972 -0.236 -0. 465.552 0. 0. -1. 0.
0.237 0.971 0. -213.624 0.971 -0.237 -0. 467.933 0. 0. -1. 0.
0.239 0.971 0. -213.002 0.971 -0.239 -0. 470.227 0. 0. -1. 0.
0.239 0.971 0. -212.334 0.971 -0.239 -0. 472.433 0. 0. -1. 0.
0.244 0.970 0. -211.809 0.970 -0.244 -0. 474.745 0. 0. -1. 0.
0.243 0.970 0. -211.221 0.970 -0.243 -0. 476.973 0. 0. -1. 0.
0.238 0.971 0. -210.579 0.971 -0.238 -0. 479.279 0. 0. -1. 0.
0.243 0.970 0. -210.023 0.970 -0.243 -0. 481.558 0. 0. -1. 0.
0.242 0.970 0. -209.362 0.970 -0.242 -0. 483.989 0. 0. -1. 0.
0.239 0.971 0. -208.766 0.971 -0.239 -0. 486.237 0. 0. -1. 0.
0.244 0.970 0. -208.147 0.970 -0.244 -0. 488.565 0. 0. -1. 0.
0.242 0.970 0. -207.501 0.970 -0.242 -0. 490.853 0. 0. -1. 0.
0.245 0.969 0. -206.800 0.969 -0.245 -0. 493.242 0. 0. -1. 0.
0.241 0.970 0. -206.164 0.970 -0.241 -0. 495.489 0. 0. -1. 0.
0.246 0.969 0. -205.632 0.969 -0.246 -0. 497.884 0. 0. -1. 0.
0.250 0.968 0. -205.081 0.968 -0.250 -0. 500.159 0. 0. -1. 0.
0.246 0.969 0. -204.404 0.969 -0.246 -0. 502.463 0. 0. -1. 0.
0.246 0.969 0. -203.721 0.969 -0.246 -0. 504.740 0. 0. -1. 0.
0.246 0.969 0. -203.088 0.969 -0.246 -0. 506.995 0. 0. -1. 0.
0.250 0.968 0. -202.507 0.968 -0.250 -0. 509.305 0. 0. -1. 0.
0.253 0.967 0. -201.885 0.967 -0.253 -0. 511.514 0. 0. -1. 0.
0.249 0.968 0. -201.205 0.968 -0.249 -0. 513.719 0. 0. -1. 0.
0.252 0.968 0. -200.701 0.968 -0.252 -0. 515.936 0. 0. -1. 0.
0.256 0.967 0. -200.104 0.967 -0.256 -0. 518.161 0. 0. -1. 0.
0.256 0.967 0. -199.482 0.967 -0.256 -0. 520.280 0. 0. -1. 0.
0.249 0.968 0. -198.855 0.968 -0.249 -0. 522.385 0. 0. -1. 0.
0.258 0.966 0. -198.317 0.966 -0.258 -0. 524.462 0. 0. -1. 0.
0.256 0.967 0. -197.709 0.967 -0.256 -0. 526.303 0. 0. -1. 0.
0.257 0.966 0. -197.310 0.966 -0.257 -0. 528.328 0. 0. -1. 0.
0.250 0.968 0. -196.719 0.968 -0.250 -0. 530.130 0. 0. -1. 0.
0.254 0.967 0. -196.180 0.967 -0.254 -0. 531.885 0. 0. -1. 0.
0.246 0.969 0. -195.739 0.969 -0.246 -0. 533.488 0. 0. -1. 0.
0.252 0.968 0. -195.339 0.968 -0.252 -0. 535.158 0. 0. -1. 0.
0.248 0.969 0. -195.065 0.969 -0.248 -0. 536.560 0. 0. -1. 0.
0.249 0.969 0. -194.614 0.969 -0.249 -0. 538.154 0. 0. -1. 0.
0.244 0.970 0. -194.069 0.970 -0.244 -0. 539.448 0. 0. -1. 0.
0.241 0.971 0. -193.746 0.971 -0.241 -0. 540.777 0. 0. -1. 0.
0.233 0.973 0. -193.371 0.973 -0.233 -0. 541.974 0. 0. -1. 0.
0.232 0.973 0. -193.196 0.973 -0.232 -0. 543.101 0. 0. -1. 0.
0.222 0.975 0. -192.991 0.975 -0.222 -0. 544.079 0. 0. -1. 0.
0.219 0.976 0. -192.755 0.976 -0.219 -0. 545.050 0. 0. -1. 0.
0.211 0.977 0. -192.582 0.977 -0.211 -0. 545.807 0. 0. -1. 0.
0.211 0.978 0. -192.432 0.978 -0.211 -0. 546.540 0. 0. -1. 0.
0.213 0.977 0. -192.298 0.977 -0.213 -0. 547.279 0. 0. -1. 0.
0.211 0.977 0. -192.132 0.977 -0.211 -0. 547.712 0. 0. -1. 0.
0.209 0.978 0. -191.997 0.978 -0.209 -0. 548.232 0. 0. -1. 0.
0.211 0.977 0. -192.088 0.977 -0.211 -0. 548.667 0. 0. -1. 0.
0.207 0.978 0. -191.926 0.978 -0.207 -0. 548.929 0. 0. -1. 0.
0.211 0.978 0. -191.797 0.978 -0.211 -0. 549.213 0. 0. -1. 0.
0.208 0.978 0. -191.796 0.978 -0.208 -0. 549.343 0. 0. -1. 0.
0.215 0.977 0. -191.765 0.977 -0.215 -0. 549.454 0. 0. -1. 0.
0.212 0.977 0. -191.764 0.977 -0.212 -0. 549.489 0. 0. -1. 0.
0.211 0.978 0. -191.771 0.978 -0.211 -0. 549.680 0. 0. -1. 0.
0.210 0.978 0. -191.705 0.978 -0.210 -0. 549.554 0. 0. -1. 0.
0.212 0.977 0. -191.838 0.977 -0.212 -0. 549.678 0. 0. -1. 0.
0.212 0.977 0. -191.721 0.977 -0.212 -0. 549.545 0. 0. -1. 0.
0.211 0.977 0. -191.710 0.977 -0.211 -0. 549.609 0. 0. -1. 0.
0.216 0.976 0. -191.801 0.976 -0.216 -0. 549.618 0. 0. -1. 0.
0.209 0.978 0. -191.756 0.978 -0.209 -0. 549.633 0. 0. -1. 0.
0.206 0.978 0. -191.676 0.978 -0.206 -0. 549.615 0. 0. -1. 0.
0.206 0.978 0. -191.716 0.978 -0.206 -0. 549.593 0. 0. -1. 0.
