1. -0.004 0. 1.729 0.004 1. 0. 0.051 0. 0. 1. 0.
1. -0.005 0. 2.243 0.005 1. 0. 0.046 0. 0. 1. 0.
1. -0.008 0. 2.832 0.008 1. 0. 0.060 0. 0. 1. 0.
1. -0.008 0. 3.521 0.008 1. 0. 0.066 0. 0. 1. 0.
1. -0.009 0. 4.266 0.009 1. 0. 0.068 0. 0. 1. 0.
1. -0.008 0. 5.091 0.008 1. 0. 0.085 0. 0. 1. 0.
1. -0.010 0. 5.970 0.010 1. 0. 0.099 0. 0. 1. 0.
1. -0.011 0. 6.947 0.011 1. 0. 0.154 0. 0. 1. 0.
1. -0.013 0. 8.006 0.013 1. 0. 0.161 0. 0. 1. 0.
1. -0.013 0. 9.105 0.013 1. 0. 0.171 0. 0. 1. 0.
1.000 -0.015 0. 10.309 0.015 1.000 0. 0.198 0. 0. 1. 0.
1.000 -0.016 0. 11.492 0.016 1.000 0. 0.238 0. 0. 1. 0.
1.000 -0.016 0. 12.808 0.016 1.000 0. 0.287 0. 0. 1. 0.
1.000 -0.019 0. 14.170 0.019 1.000 0. 0.329 0. 0. 1. 0.
1.000 -0.019 0. 15.590 0.019 1.000 0. 0.384 0. 0. 1. 0.
1.000 -0.020 0. 17.088 0.020 1.000 0. 0.349 0. 0. 1. 0.
1.000 -0.018 0. 18.599 0.018 1.000 0. 0.405 0. 0. 1. 0.
1.000 -0.016 0. 20.163 0.016 1.000 0. 0.446 0. 0. 1. 0.
1. -0.013 0. 21.777 0.013 1. 0. 0.459 0. 0. 1. 0.
1. -0.010 0. 23.434 0.010 1. 0. 0.520 0. 0. 1. 0.
1. -0.009 0. 25.157 0.009 1. 0. 0.514 0. 0. 1. 0.
1. -0.005 0. 26.936 0.005 1. 0. 0.529 0. 0. 1. 0.
1. -0.003 0. 28.706 0.003 1. 0. 0.532 0. 0. 1. 0.
1. -0.002 0. 30.544 0.002 1. 0. 0.543 0. 0. 1. 0.
1. 0.001 0. 32.419 -0.001 1. 0. 0.527 0. 0. 1. 0.
1. 0.005 0. 34.293 -0.005 1. 0. 0.571 0. 0. 1. 0.
1. 0.007 0. 36.219 -0.007 1. 0. 0.523 0. 0. 1. 0.
1. 0.008 0. 38.220 -0.008 1. 0. 0.509 0. 0. 1. 0.
1. 0.006 0. 40.226 -0.006 1. 0. 0.497 0. 0. 1. 0.
1. 0.005 0. 42.232 -0.005 1. 0. 0.511 0. 0. 1. 0.
1. 0.005 0. 44.236 -0.005 1. 0. 0.490 0. 0. 1. 0.
1. 0.005 0. 46.310 -0.005 1. 0. 0.487 0. 0. 1. 0.
1. 0.002 0. 48.325 -0.002 1. 0. 0.506 0. 0. 1. 0.
1. 0.001 0. 50.300 -0.001 1. 0. 0.517 0. 0. 1. 0.
1. 0.002 0. 52.299 -0.002 1. 0. 0.553 0. 0. 1. 0.
1. 0.002 0. 54.261 -0.002 1. 0. 0.547 0. 0. 1. 0.
1. 0.001 0. 56.187 -0.001 1. 0. 0.525 0. 0. 1. 0.
1. 0.001 0. 58.102 -0.001 1. 0. 0.555 0. 0. 1. 0.
1. 0.002 0. 60.023 -0.002 1. 0. 0.555 0. 0. 1. 0.
1. 0.001 0. 61.858 -0.001 1. 0. 0.559 0. 0. 1. 0.
1. 0.003 0. 63.671 -0.003 1. 0. 0.578 0. 0. 1. 0.
1. 0.005 0. 65.535 -0.005 1. 0. 0.570 0. 0. 1. 0.
1. 0.008 0. 67.338 -0.008 1. 0. 0.558 0. 0. 1. 0.
1. 0.011 0. 69.152 -0.011 1. 0. 0.533 0. 0. 1. 0.
1. 0.013 0. 70.923 -0.013 1. 0. 0.570 0. 0. 1. 0.
1. 0.012 0. 72.732 -0.012 1. 0. 0.523 0. 0. 1. 0.
1. 0.014 0. 74.543 -0.014 1. 0. 0.524 0. 0. 1. 0.
1.000 0.017 0. 76.337 -0.017 1.000 0. 0.487 0. 0. 1. 0.
1.000 0.017 0. 78.143 -0.017 1.000 0. 0.443 0. 0. 1. 0.
1.000 0.018 0. 79.913 -0.018 1.000 0. 0.437 0. 0. 1. 0.
1.000 0.020 0. 81.700 -0.020 1.000 0. 0.386 0. 0. 1. 0.
1.000 0.020 0. 83.522 -0.020 1.000 0. 0.379 0. 0. 1. 0.
1.000 0.022 0. 85.317 -0.022 1.000 0. 0.335 0. 0. 1. 0.
1.000 0.026 0. 87.164 -0.026 1.000 0. 0.316 0. 0. 1. 0.
1.000 0.028 0. 89.080 -0.028 1.000 0. 0.212 0. 0. 1. 0.
1.000 0.031 0. 90.870 -0.031 1.000 0. 0.197 0. 0. 1. 0.
0.999 0.036 0. 92.747 -0.036 0.999 0. 0.140 0. 0. 1. 0.
0.999 0.041 0. 94.630 -0.041 0.999 0. 0.101 0. 0. 1. 0.
0.999 0.044 0. 96.546 -0.044 0.999 0. -0.010 0. 0. 1. 0.
0.999 0.048 0. 98.510 -0.048 0.999 0. -0.078 0. 0. 1. 0.
0.998 0.055 0. 100.499 -0.055 0.998 0. -0.188 0. 0. 1. 0.
0.998 0.059 0. 102.482 -0.059 0.998 0. -0.296 0. 0. 1. 0.
0.998 0.063 0. 104.465 -0.063 0.998 0. -0.402 0. 0. 1. 0.
0.998 0.068 0. 106.542 -0.068 0.998 0. -0.504 0. 0. 1. 0.
0.997 0.074 0. 108.555 -0.074 0.997 0. -0.634 0. 0. 1. 0.
0.997 0.079 0. 110.601 -0.079 0.997 0. -0.843 0. 0. 1. 0.
0.996 0.087 0. 112.728 -0.087 0.996 0. -1.011 0. 0. 1. 0.
0.996 0.094 0. 114.827 -0.094 0.996 0. -1.158 0. 0. 1. 0.
0.995 0.098 0. 116.924 -0.098 0.995 0. -1.394 0. 0. 1. 0.
0.995 0.103 0. 119.093 -0.103 0.995 0. -1.611 0. 0. 1. 0.
0.994 0.107 0. 121.199 -0.107 0.994 0. -1.840 0. 0. 1. 0.
0.994 0.110 0. 123.350 -0.110 0.994 0. -2.100 0. 0. 1. 0.
0.993 0.114 0. 125.503 -0.114 0.993 0. -2.334 0. 0. 1. 0.
0.993 0.117 0. 127.656 -0.117 0.993 0. -2.568 0. 0. 1. 0.
0.993 0.122 0. 129.832 -0.122 0.993 0. -2.766 0. 0. 1. 0.
0.992 0.125 0. 132.006 -0.125 0.992 0. -3.053 0. 0. 1. 0.
0.992 0.129 0. 134.193 -0.129 0.992 0. -3.334 0. 0. 1. 0.
0.992 0.130 0. 136.356 -0.130 0.992 0. -3.626 0. 0. 1. 0.
0.991 0.131 0. 138.601 -0.131 0.991 0. -3.915 0. 0. 1. 0.
0.991 0.132 0. 140.801 -0.132 0.991 0. -4.198 0. 0. 1. 0.
0.991 0.134 0. 142.998 -0.134 0.991 0. -4.488 0. 0. 1. 0.
0.991 0.134 0. 145.220 -0.134 0.991 0. -4.752 0. 0. 1. 0.
0.991 0.132 0. 147.480 -0.132 0.991 0. -5.037 0. 0. 1. 0.
0.991 0.131 0. 149.647 -0.131 0.991 0. -5.339 0. 0. 1. 0.
0.992 0.130 0. 151.862 -0.130 0.992 0. -5.603 0. 0. 1. 0.
0.992 0.130 0. 154.035 -0.130 0.992 0. -5.881 0. 0. 1. 0.
0.992 0.130 0. 156.172 -0.130 0.992 0. -6.121 0. 0. 1. 0.
0.992 0.129 0. 158.293 -0.129 0.992 0. -6.413 0. 0. 1. 0.
0.992 0.129 0. 160.425 -0.129 0.992 0. -6.642 0. 0. 1. 0.
0.992 0.127 0. 162.521 -0.127 0.992 0. -6.899 0. 0. 1. 0.
0.992 0.127 0. 164.583 -0.127 0.992 0. -7.171 0. 0. 1. 0.
0.992 0.128 0. 166.634 -0.128 0.992 0. -7.412 0. 0. 1. 0.
0.992 0.126 0. 168.642 -0.126 0.992 0. -7.639 0. 0. 1. 0.
0.992 0.126 0. 170.682 -0.126 0.992 0. -7.939 0. 0. 1. 0.
0.992 0.125 0. 172.675 -0.125 0.992 0. -8.139 0. 0. 1. 0.
0.992 0.125 0. 174.639 -0.125 0.992 0. -8.416 0. 0. 1. 0.
0.992 0.123 0. 176.580 -0.123 0.992 0. -8.692 0. 0. 1. 0.
0.992 0.123 0. 178.512 -0.123 0.992 0. -8.911 0. 0. 1. 0.
0.993 0.122 0. 180.443 -0.122 0.993 0. -9.130 0. 0. 1. 0.
0.993 0.121 0. 182.372 -0.121 0.993 0. -9.359 0. 0. 1. 0.
0.993 0.122 0. 184.289 -0.122 0.993 0. -9.592 0. 0. 1. 0.
0.993 0.121 0. 186.266 -0.121 0.993 0. -9.827 0. 0. 1. 0.
0.992 0.123 0. 188.238 -0.123 0.992 0. -10.079 0. 0. 1. 0.
0.992 0.124 0. 190.202 -0.124 0.992 0. -10.333 0. 0. 1. 0.
0.992 0.124 0. 192.235 -0.124 0.992 0. -10.566 0. 0. 1. 0.
0.992 0.125 0. 194.259 -0.125 0.992 0. -10.812 0. 0. 1. 0.
0.992 0.125 0. 196.278 -0.125 0.992 0. -11.058 0. 0. 1. 0.
0.992 0.126 0. 198.307 -0.126 0.992 0. -11.346 0. 0. 1. 0.
0.992 0.125 0. 200.384 -0.125 0.992 0. -11.560 0. 0. 1. 0.
0.992 0.126 0. 202.465 -0.126 0.992 0. -11.864 0. 0. 1. 0.
0.992 0.125 0. 204.512 -0.125 0.992 0. -12.110 0. 0. 1. 0.
0.992 0.125 0. 206.534 -0.125 0.992 0. -12.356 0. 0. 1. 0.
0.992 0.125 0. 208.567 -0.125 0.992 0. -12.651 0. 0. 1. 0.
0.992 0.125 0. 210.572 -0.125 0.992 0. -12.864 0. 0. 1. 0.
0.992 0.126 0. 212.555 -0.126 0.992 0. -13.156 0. 0. 1. 0.
0.992 0.125 0. 214.484 -0.125 0.992 0. -13.413 0. 0. 1. 0.
0.992 0.126 0. 216.415 -0.126 0.992 0. -13.614 0. 0. 1. 0.
0.992 0.125 0. 218.338 -0.125 0.992 0. -13.878 0. 0. 1. 0.
0.992 0.125 0. 220.184 -0.125 0.992 0. -14.118 0. 0. 1. 0.
0.992 0.127 0. 222.106 -0.127 0.992 0. -14.345 0. 0. 1. 0.
0.992 0.127 0. 223.952 -0.127 0.992 0. -14.647 0. 0. 1. 0.
0.992 0.129 0. 225.821 -0.129 0.992 0. -14.805 0. 0. 1. 0.
0.992 0.128 0. 227.713 -0.128 0.992 0. -15.026 0. 0. 1. 0.
0.992 0.127 0. 229.634 -0.127 0.992 0. -15.282 0. 0. 1. 0.
0.992 0.127 0. 231.521 -0.127 0.992 0. -15.541 0. 0. 1. 0.
0.992 0.128 0. 233.425 -0.128 0.992 0. -15.720 0. 0. 1. 0.
0.992 0.127 0. 235.350 -0.127 0.992 0. -15.971 0. 0. 1. 0.
0.992 0.127 0. 237.302 -0.127 0.992 0. -16.154 0. 0. 1. 0.
0.992 0.127 0. 239.226 -0.127 0.992 0. -16.455 0. 0. 1. 0.
0.992 0.128 0. 241.162 -0.128 0.992 0. -16.653 0. 0. 1. 0.
0.992 0.126 0. 243.117 -0.126 0.992 0. -16.909 0. 0. 1. 0.
0.992 0.124 0. 245.058 -0.124 0.992 0. -17.198 0. 0. 1. 0.
0.992 0.125 0. 246.963 -0.125 0.992 0. -17.436 0. 0. 1. 0.
0.992 0.124 0. 248.906 -0.124 0.992 0. -17.692 0. 0. 1. 0.
0.992 0.123 0. 250.804 -0.123 0.992 0. -17.913 0. 0. 1. 0.
0.993 0.122 0. 252.693 -0.122 0.993 0. -18.128 0. 0. 1. 0.
0.993 0.120 0. 254.561 -0.120 0.993 0. -18.390 0. 0. 1. 0.
0.993 0.117 0. 256.390 -0.117 0.993 0. -18.597 0. 0. 1. 0.
0.993 0.119 0. 258.237 -0.119 0.993 0. -18.824 0. 0. 1. 0.
0.993 0.117 0. 260.035 -0.117 0.993 0. -18.999 0. 0. 1. 0.
0.993 0.115 0. 261.810 -0.115 0.993 0. -19.218 0. 0. 1. 0.
0.993 0.115 0. 263.477 -0.115 0.993 0. -19.425 0. 0. 1. 0.
0.993 0.116 0. 265.281 -0.116 0.993 0. -19.607 0. 0. 1. 0.
0.993 0.114 0. 267.078 -0.114 0.993 0. -19.834 0. 0. 1. 0.
0.993 0.114 0. 268.784 -0.114 0.993 0. -20.072 0. 0. 1. 0.
0.993 0.118 0. 270.539 -0.118 0.993 0. -20.210 0. 0. 1. 0.
0.993 0.116 0. 272.330 -0.116 0.993 0. -20.425 0. 0. 1. 0.
0.994 0.114 0. 274.125 -0.114 0.994 0. -20.621 0. 0. 1. 0.
0.994 0.112 0. 275.917 -0.112 0.994 0. -20.803 0. 0. 1. 0.
0.994 0.108 0. 277.717 -0.108 0.994 0. -21.034 0. 0. 1. 0.
0.995 0.104 0. 279.536 -0.104 0.995 0. -21.185 0. 0. 1. 0.
0.995 0.100 0. 281.377 -0.100 0.995 0. -21.324 0. 0. 1. 0.
0.995 0.096 0. 283.200 -0.096 0.995 0. -21.502 0. 0. 1. 0.
0.996 0.092 0. 285.046 -0.092 0.996 0. -21.665 0. 0. 1. 0.
0.996 0.087 0. 286.901 -0.087 0.996 0. -21.833 0. 0. 1. 0.
0.997 0.083 0. 288.782 -0.083 0.997 0. -21.931 0. 0. 1. 0.
0.997 0.079 0. 290.610 -0.079 0.997 0. -22.074 0. 0. 1. 0.
0.997 0.075 0. 292.493 -0.075 0.997 0. -22.223 0. 0. 1. 0.
0.997 0.073 0. 294.384 -0.073 0.997 0. -22.331 0. 0. 1. 0.
0.998 0.070 0. 296.262 -0.070 0.998 0. -22.413 0. 0. 1. 0.
0.998 0.065 0. 298.132 -0.065 0.998 0. -22.521 0. 0. 1. 0.
0.998 0.060 0. 300.042 -0.060 0.998 0. -22.591 0. 0. 1. 0.
0.999 0.053 0. 301.918 -0.053 0.999 0. -22.734 0. 0. 1. 0.
0.999 0.048 0. 303.831 -0.048 0.999 0. -22.789 0. 0. 1. 0.
0.999 0.043 0. 305.689 -0.043 0.999 0. -22.875 0. 0. 1. 0.
0.999 0.037 0. 307.533 -0.037 0.999 0. -22.915 0. 0. 1. 0.
0.999 0.033 0. 309.374 -0.033 0.999 0. -22.975 0. 0. 1. 0.
0.999 0.032 0. 311.182 -0.032 0.999 0. -22.996 0. 0. 1. 0.
0.999 0.034 0. 312.970 -0.034 0.999 0. -23.047 0. 0. 1. 0.
0.999 0.035 0. 314.738 -0.035 0.999 0. -23.071 0. 0. 1. 0.
0.999 0.035 0. 316.584 -0.035 0.999 0. -23.155 0. 0. 1. 0.
1.000 0.031 0. 318.438 -0.031 1.000 0. -23.215 0. 0. 1. 0.
0.999 0.034 0. 320.183 -0.034 0.999 0. -23.326 0. 0. 1. 0.
0.999 0.036 0. 321.989 -0.036 0.999 0. -23.358 0. 0. 1. 0.
0.999 0.034 0. 323.845 -0.034 0.999 0. -23.387 0. 0. 1. 0.
0.999 0.034 0. 325.673 -0.034 0.999 0. -23.453 0. 0. 1. 0.
0.999 0.032 0. 327.532 -0.032 0.999 0. -23.522 0. 0. 1. 0.
1.000 0.027 0. 329.423 -0.027 1.000 0. -23.521 0. 0. 1. 0.
1.000 0.023 0. 331.301 -0.023 1.000 0. -23.564 0. 0. 1. 0.
1.000 0.020 0. 333.208 -0.020 1.000 0. -23.627 0. 0. 1. 0.
1.000 0.017 0. 335.108 -0.017 1.000 0. -23.628 0. 0. 1. 0.
1. 0.014 0. 337.039 -0.014 1. 0. -23.638 0. 0. 1. 0.
1. 0.009 0. 338.983 -0.009 1. 0. -23.658 0. 0. 1. 0.
1. 0.004 0. 340.968 -0.004 1. 0. -23.641 0. 0. 1. 0.
1. 0.002 0. 342.978 -0.002 1. 0. -23.604 0. 0. 1. 0.
1. 0.002 0. 344.948 -0.002 1. 0. -23.595 0. 0. 1. 0.
1. 0.003 0. 346.963 -0.003 1. 0. -23.636 0. 0. 1. 0.
1. 0.002 0. 348.980 -0.002 1. 0. -23.646 0. 0. 1. 0.
1. 0.002 0. 350.997 -0.002 1. 0. -23.609 0. 0. 1. 0.
1. -0.000 0. 353.060 0.000 1. 0. -23.573 0. 0. 1. 0.
1. -0.002 0. 355.117 0.002 1. 0. -23.572 0. 0. 1. 0.
1. -0.002 0. 357.212 0.002 1. 0. -23.537 0. 0. 1. 0.
1. -0.003 0. 359.293 0.003 1. 0. -23.537 0. 0. 1. 0.
1. -0.002 0. 361.384 0.002 1. 0. -23.524 0. 0. 1. 0.
1. -0.002 0. 363.476 0.002 1. 0. -23.520 0. 0. 1. 0.
1. -0.003 0. 365.626 0.003 1. 0. -23.451 0. 0. 1. 0.
1. -0.004 0. 367.762 0.004 1. 0. -23.415 0. 0. 1. 0.
1. -0.005 0. 369.895 0.005 1. 0. -23.470 0. 0. 1. 0.
1. -0.006 0. 372.027 0.006 1. 0. -23.440 0. 0. 1. 0.
1. -0.006 0. 374.197 0.006 1. 0. -23.394 0. 0. 1. 0.
1. -0.009 0. 376.417 0.009 1. 0. -23.343 0. 0. 1. 0.
1. -0.012 0. 378.556 0.012 1. 0. -23.331 0. 0. 1. 0.
1. -0.012 0. 380.765 0.012 1. 0. -23.274 0. 0. 1. 0.
1.000 -0.015 0. 382.998 0.015 1.000 0. -23.208 0. 0. 1. 0.
1.000 -0.017 0. 385.193 0.017 1.000 0. -23.135 0. 0. 1. 0.
1.000 -0.019 0. 387.432 0.019 1.000 0. -23.113 0. 0. 1. 0.
1.000 -0.021 0. 389.686 0.021 1.000 0. -23.069 0. 0. 1. 0.
1.000 -0.024 0. 391.876 0.024 1.000 0. -23.015 0. 0. 1. 0.
1.000 -0.025 0. 394.031 0.025 1.000 0. -22.945 0. 0. 1. 0.
1.000 -0.027 0. 396.178 0.027 1.000 0. -22.911 0. 0. 1. 0.
1.000 -0.029 0. 398.270 0.029 1.000 0. -22.864 0. 0. 1. 0.
0.999 -0.033 0. 400.345 0.033 0.999 0. -22.720 0. 0. 1. 0.
0.999 -0.038 0. 402.428 0.038 0.999 0. -22.634 0. 0. 1. 0.
0.999 -0.042 0. 404.531 0.042 0.999 0. -22.574 0. 0. 1. 0.
0.999 -0.047 0. 406.576 0.047 0.999 0. -22.490 0. 0. 1. 0.
0.999 -0.051 0. 408.635 0.051 0.999 0. -22.320 0. 0. 1. 0.
0.998 -0.055 0. 410.676 0.055 0.998 0. -22.219 0. 0. 1. 0.
0.998 -0.060 0. 412.734 0.060 0.998 0. -22.097 0. 0. 1. 0.
0.998 -0.064 0. 414.824 0.064 0.998 0. -21.921 0. 0. 1. 0.
0.998 -0.066 0. 416.874 0.066 0.998 0. -21.823 0. 0. 1. 0.
0.998 -0.067 0. 418.932 0.067 0.998 0. -21.659 0. 0. 1. 0.
0.997 -0.071 0. 421.033 0.071 0.997 0. -21.532 0. 0. 1. 0.
0.997 -0.074 0. 423.128 0.074 0.997 0. -21.332 0. 0. 1. 0.
0.997 -0.078 0. 425.209 0.078 0.997 0. -21.188 0. 0. 1. 0.
0.997 -0.082 0. 427.321 0.082 0.997 0. -21.000 0. 0. 1. 0.
0.996 -0.086 0. 429.383 0.086 0.996 0. -20.794 0. 0. 1. 0.
0.996 -0.090 0. 431.474 0.090 0.996 0. -20.609 0. 0. 1. 0.
0.995 -0.096 0. 433.554 0.096 0.995 0. -20.378 0. 0. 1. 0.
0.995 -0.100 0. 435.548 0.100 0.995 0. -20.178 0. 0. 1. 0.
0.995 -0.104 0. 437.546 0.104 0.995 0. -19.921 0. 0. 1. 0.
0.994 -0.108 0. 439.481 0.108 0.994 0. -19.709 0. 0. 1. 0.
0.994 -0.111 0. 441.433 0.111 0.994 0. -19.499 0. 0. 1. 0.
0.993 -0.114 0. 443.340 0.114 0.993 0. -19.266 0. 0. 1. 0.
0.993 -0.120 0. 445.160 0.120 0.993 0. -19.058 0. 0. 1. 0.
0.992 -0.122 0. 447.019 0.122 0.992 0. -18.817 0. 0. 1. 0.
0.992 -0.126 0. 448.872 0.126 0.992 0. -18.562 0. 0. 1. 0.
0.992 -0.128 0. 450.725 0.128 0.992 0. -18.282 0. 0. 1. 0.
0.991 -0.134 0. 452.471 0.134 0.991 0. -18.031 0. 0. 1. 0.
0.991 -0.137 0. 454.378 0.137 0.991 0. -17.780 0. 0. 1. 0.
0.990 -0.141 0. 456.200 0.141 0.990 0. -17.481 0. 0. 1. 0.
0.989 -0.146 0. 458.062 0.146 0.989 0. -17.181 0. 0. 1. 0.
0.989 -0.148 0. 459.946 0.148 0.989 0. -16.912 0. 0. 1. 0.
0.988 -0.153 0. 461.809 0.153 0.988 0. -16.623 0. 0. 1. 0.
0.988 -0.156 0. 463.698 0.156 0.988 0. -16.346 0. 0. 1. 0.
0.987 -0.159 0. 465.600 0.159 0.987 0. -16.083 0. 0. 1. 0.
0.987 -0.164 0. 467.480 0.164 0.987 0. -15.724 0. 0. 1. 0.
0.986 -0.166 0. 469.389 0.166 0.986 0. -15.380 0. 0. 1. 0.
0.985 -0.171 0. 471.255 0.171 0.985 0. -15.097 0. 0. 1. 0.
0.985 -0.175 0. 473.113 0.175 0.985 0. -14.724 0. 0. 1. 0.
0.984 -0.179 0. 474.908 0.179 0.984 0. -14.394 0. 0. 1. 0.
0.983 -0.182 0. 476.646 0.182 0.983 0. -14.059 0. 0. 1. 0.
0.983 -0.185 0. 478.435 0.185 0.983 0. -13.754 0. 0. 1. 0.
0.982 -0.190 0. 480.173 0.190 0.982 0. -13.395 0. 0. 1. 0.
0.981 -0.192 0. 481.886 0.192 0.981 0. -13.039 0. 0. 1. 0.
0.981 -0.195 0. 483.661 0.195 0.981 0. -12.657 0. 0. 1. 0.
0.980 -0.198 0. 485.467 0.198 0.980 0. -12.310 0. 0. 1. 0.
0.979 -0.203 0. 487.227 0.203 0.979 0. -11.882 0. 0. 1. 0.
0.979 -0.206 0. 489.034 0.206 0.979 0. -11.502 0. 0. 1. 0.
0.978 -0.207 0. 490.843 0.207 0.978 0. -11.101 0. 0. 1. 0.
0.978 -0.208 0. 492.669 0.208 0.978 0. -10.736 0. 0. 1. 0.
0.978 -0.210 0. 494.493 0.210 0.978 0. -10.340 0. 0. 1. 0.
0.978 -0.209 0. 496.315 0.209 0.978 0. -9.942 0. 0. 1. 0.
0.977 -0.212 0. 498.157 0.212 0.977 0. -9.553 0. 0. 1. 0.
0.977 -0.214 0. 500.014 0.214 0.977 0. -9.115 0. 0. 1. 0.
0.976 -0.220 0. 501.857 0.220 0.976 0. -8.641 0. 0. 1. 0.
0.975 -0.224 0. 503.773 0.224 0.975 0. -8.255 0. 0. 1. 0.
0.974 -0.228 0. 505.651 0.228 0.974 0. -7.783 0. 0. 1. 0.
0.973 -0.230 0. 507.572 0.230 0.973 0. -7.317 0. 0. 1. 0.
0.973 -0.233 0. 509.481 0.233 0.973 0. -6.819 0. 0. 1. 0.
0.972 -0.234 0. 511.435 0.234 0.972 0. -6.400 0. 0. 1. 0.
0.971 -0.237 0. 513.386 0.237 0.971 0. -5.905 0. 0. 1. 0.
0.971 -0.238 0. 515.322 0.238 0.971 0. -5.388 0. 0. 1. 0.
0.970 -0.242 0. 517.256 0.242 0.970 0. -4.923 0. 0. 1. 0.
0.970 -0.245 0. 519.106 0.245 0.970 0. -4.397 0. 0. 1. 0.
0.969 -0.248 0. 521.028 0.248 0.969 0. -3.913 0. 0. 1. 0.
0.967 -0.254 0. 522.836 0.254 0.967 0. -3.452 0. 0. 1. 0.
0.966 -0.259 0. 524.707 0.259 0.966 0. -2.951 0. 0. 1. 0.
0.965 -0.263 0. 526.494 0.263 0.965 0. -2.445 0. 0. 1. 0.
0.963 -0.269 0. 528.281 0.269 0.963 0. -1.932 0. 0. 1. 0.
0.961 -0.275 0. 530.007 0.275 0.961 0. -1.416 0. 0. 1. 0.
0.960 -0.278 0. 531.770 0.278 0.960 0. -0.954 0. 0. 1. 0.
0.959 -0.283 0. 533.464 0.283 0.959 0. -0.406 0. 0. 1. 0.
0.957 -0.290 0. 535.123 0.290 0.957 0. 0.005 0. 0. 1. 0.
0.956 -0.293 0. 536.771 0.293 0.956 0. 0.594 0. 0. 1. 0.
0.955 -0.298 0. 538.438 0.298 0.955 0. 1.114 0. 0. 1. 0.
0.955 -0.298 0. 540.107 0.298 0.955 0. 1.586 0. 0. 1. 0.
0.953 -0.303 0. 541.641 0.303 0.953 0. 2.124 0. 0. 1. 0.
0.953 -0.303 0. 543.231 0.303 0.953 0. 2.680 0. 0. 1. 0.
0.952 -0.305 0. 544.810 0.305 0.952 0. 3.131 0. 0. 1. 0.
0.952 -0.305 0. 546.344 0.305 0.952 0. 3.624 0. 0. 1. 0.
0.951 -0.309 0. 547.813 0.309 0.951 0. 4.122 0. 0. 1. 0.
0.951 -0.308 0. 549.340 0.308 0.951 0. 4.674 0. 0. 1. 0.
0.954 -0.301 0. 550.813 0.301 0.954 0. 5.077 0. 0. 1. 0.
0.957 -0.292 0. 552.197 0.292 0.957 0. 5.531 0. 0. 1. 0.
0.962 -0.273 0. 553.548 0.273 0.962 0. 5.884 0. 0. 1. 0.
0.969 -0.247 0. 554.848 0.247 0.969 0. 6.246 0. 0. 1. 0.
0.977 -0.213 0. 556.076 0.213 0.977 0. 6.440 0. 0. 1. 0.
0.987 -0.163 0. 557.291 0.163 0.987 0. 6.570 0. 0. 1. 0.
0.994 -0.108 0. 558.368 0.108 0.994 0. 6.666 0. 0. 1. 0.
0.999 -0.041 0. 559.471 0.041 0.999 0. 6.630 0. 0. 1. 0.
1.000 0.028 0. 560.456 -0.028 1.000 0. 6.469 0. 0. 1. 0.
0.994 0.108 0. 561.439 -0.108 0.994 0. 6.304 0. 0. 1. 0.
0.981 0.192 0. 562.382 -0.192 0.981 0. 6.010 0. 0. 1. 0.
0.957 0.291 0. 563.325 -0.291 0.957 0. 5.633 0. 0. 1. 0.
0.920 0.391 0. 564.136 -0.391 0.920 0. 5.152 0. 0. 1. 0.
0.867 0.498 0. 564.929 -0.498 0.867 0. 4.531 0. 0. 1. 0.
0.797 0.604 0. 565.615 -0.604 0.797 0. 3.878 0. 0. 1. 0.
0.709 0.705 0. 566.275 -0.705 0.709 0. 3.107 0. 0. 1. 0.
0.609 0.793 0. 566.722 -0.793 0.609 0. 2.231 0. 0. 1. 0.
0.495 0.869 0. 567.156 -0.869 0.495 0. 1.263 0. 0. 1. 0.
0.375 0.927 0. 567.374 -0.927 0.375 0. 0.314 0. 0. 1. 0.
0.262 0.965 0. 567.478 -0.965 0.262 0. -0.783 0. 0. 1. 0.
0.168 0.986 0. 567.605 -0.986 0.168 0. -1.907 0. 0. 1. 0.
0.104 0.995 0. 567.608 -0.995 0.104 0. -3.029 0. 0. 1. 0.
0.061 0.998 0. 567.647 -0.998 0.061 0. -4.201 0. 0. 1. 0.
0.035 0.999 0. 567.792 -0.999 0.035 0. -5.455 0. 0. 1. 0.
0.016 1.000 0. 567.768 -1.000 0.016 0. -6.829 0. 0. 1. 0.
0.001 1. 0. 567.922 -1. 0.001 0. -8.186 0. 0. 1. 0.
-0.004 1. 0. 567.869 -1. -0.004 0. -9.501 0. 0. 1. 0.
-0.007 1. 0. 567.822 -1. -0.007 0. -10.890 0. 0. 1. 0.
-0.009 1. 0. 567.867 -1. -0.009 0. -12.349 0. 0. 1. 0.
-0.008 1. 0. 567.862 -1. -0.008 0. -13.810 0. 0. 1. 0.
-0.006 1. 0. 567.825 -1. -0.006 0. -15.324 0. 0. 1. 0.
-0.004 1. 0. 567.865 -1. -0.004 0. -16.850 0. 0. 1. 0.
-0.004 1. 0. 567.830 -1. -0.004 0. -18.406 0. 0. 1. 0.
-0.002 1. 0. 567.883 -1. -0.002 0. -20.011 0. 0. 1. 0.
-0.003 1. 0. 567.852 -1. -0.003 0. -21.609 0. 0. 1. 0.
-0.005 1. 0. 567.841 -1. -0.005 0. -23.274 0. 0. 1. 0.
-0.006 1. 0. 567.830 -1. -0.006 0. -24.999 0. 0. 1. 0.
-0.007 1. 0. 567.890 -1. -0.007 0. -26.727 0. 0. 1. 0.
-0.008 1. 0. 567.873 -1. -0.008 0. -28.454 0. 0. 1. 0.
-0.010 1. 0. 567.805 -1. -0.010 0. -30.256 0. 0. 1. 0.
-0.007 1. 0. 567.785 -1. -0.007 0. -32.041 0. 0. 1. 0.
-0.006 1. 0. 567.816 -1. -0.006 0. -33.885 0. 0. 1. 0.
-0.005 1. 0. 567.849 -1. -0.005 0. -35.764 0. 0. 1. 0.
-0.002 1. 0. 567.807 -1. -0.002 0. -37.647 0. 0. 1. 0.
-0.002 1. 0. 567.836 -1. -0.002 0. -39.541 0. 0. 1. 0.
-0.002 1. 0. 567.845 -1. -0.002 0. -41.468 0. 0. 1. 0.
-0.001 1. 0. 567.845 -1. -0.001 0. -43.478 0. 0. 1. 0.
-0.000 1. 0. 567.802 -1. -0.000 0. -45.465 0. 0. 1. 0.
-0.001 1. 0. 567.826 -1. -0.001 0. -47.472 0. 0. 1. 0.
-0.002 1. 0. 567.842 -1. -0.002 0. -49.503 0. 0. 1. 0.
-0.004 1. 0. 567.850 -1. -0.004 0. -51.545 0. 0. 1. 0.
-0.004 1. 0. 567.882 -1. -0.004 0. -53.583 0. 0. 1. 0.
-0.006 1. 0. 567.871 -1. -0.006 0. -55.570 0. 0. 1. 0.
-0.005 1. 0. 567.874 -1. -0.005 0. -57.556 0. 0. 1. 0.
-0.006 1. 0. 567.918 -1. -0.006 0. -59.485 0. 0. 1. 0.
-0.006 1. 0. 567.882 -1. -0.006 0. -61.418 0. 0. 1. 0.
-0.005 1. 0. 567.855 -1. -0.005 0. -63.337 0. 0. 1. 0.
-0.004 1. 0. 567.869 -1. -0.004 0. -65.152 0. 0. 1. 0.
-0.003 1. 0. 567.860 -1. -0.003 0. -66.871 0. 0. 1. 0.
-0.003 1. 0. 567.900 -1. -0.003 0. -68.476 0. 0. 1. 0.
-0.003 1. 0. 567.904 -1. -0.003 0. -70.023 0. 0. 1. 0.
-0.005 1. 0. 567.935 -1. -0.005 0. -71.494 0. 0. 1. 0.
-0.005 1. 0. 567.865 -1. -0.005 0. -72.940 0. 0. 1. 0.
-0.004 1. 0. 567.917 -1. -0.004 0. -74.375 0. 0. 1. 0.
-0.002 1. 0. 567.816 -1. -0.002 0. -75.771 0. 0. 1. 0.
0.001 1. 0. 567.872 -1. 0.001 0. -77.139 0. 0. 1. 0.
0.000 1. 0. 567.891 -1. 0.000 0. -78.591 0. 0. 1. 0.
-0.002 1. 0. 567.884 -1. -0.002 0. -80.249 0. 0. 1. 0.
-0.005 1. 0. 567.842 -1. -0.005 0. -81.595 0. 0. 1. 0.
-0.004 1. 0. 567.847 -1. -0.004 0. -83.012 0. 0. 1. 0.
-0.004 1. 0. 567.858 -1. -0.004 0. -84.651 0. 0. 1. 0.
-0.005 1. 0. 567.843 -1. -0.005 0. -86.173 0. 0. 1. 0.
-0.006 1. 0. 567.825 -1. -0.006 0. -87.774 0. 0. 1. 0.
-0.007 1. 0. 567.846 -1. -0.007 0. -89.389 0. 0. 1. 0.
-0.006 1. 0. 567.825 -1. -0.006 0. -91.007 0. 0. 1. 0.
-0.006 1. 0. 567.850 -1. -0.006 0. -92.660 0. 0. 1. 0.
-0.007 1. 0. 567.846 -1. -0.007 0. -94.290 0. 0. 1. 0.
-0.007 1. 0. 567.800 -1. -0.007 0. -95.906 0. 0. 1. 0.
-0.007 1. 0. 567.772 -1. -0.007 0. -97.486 0. 0. 1. 0.
-0.006 1. 0. 567.728 -1. -0.006 0. -99.097 0. 0. 1. 0.
-0.003 1. 0. 567.792 -1. -0.003 0. -100.662 0. 0. 1. 0.
-0.001 1. 0. 567.830 -1. -0.001 0. -102.210 0. 0. 1. 0.
0. 1. 0. 567.805 -1. 0. 0. -103.707 0. 0. 1. 0.
-0.002 1. 0. 567.837 -1. -0.002 0. -105.145 0. 0. 1. 0.
-0.000 1. 0. 567.835 -1. -0.000 0. -106.622 0. 0. 1. 0.
0.002 1. 0. 567.886 -1. 0.002 0. -108.250 0. 0. 1. 0.
0.004 1. 0. 567.823 -1. 0.004 0. -109.665 0. 0. 1. 0.
-0.003 1. 0. 567.889 -1. -0.003 0. -111.067 0. 0. 1. 0.
-0.005 1. 0. 567.873 -1. -0.005 0. -112.573 0. 0. 1. 0.
-0.006 1. 0. 567.755 -1. -0.006 0. -114.071 0. 0. 1. 0.
-0.008 1. 0. 567.765 -1. -0.008 0. -115.564 0. 0. 1. 0.
-0.011 1. 0. 567.777 -1. -0.011 0. -117.038 0. 0. 1. 0.
-0.011 1. 0. 567.747 -1. -0.011 0. -118.522 0. 0. 1. 0.
-0.011 1. 0. 567.747 -1. -0.011 0. -120.024 0. 0. 1. 0.
-0.011 1. 0. 567.667 -1. -0.011 0. -121.501 0. 0. 1. 0.
-0.012 1. 0. 567.627 -1. -0.012 0. -122.974 0. 0. 1. 0.
-0.009 1. 0. 567.732 -1. -0.009 0. -124.436 0. 0. 1. 0.
-0.008 1. 0. 567.593 -1. -0.008 0. -126.003 0. 0. 1. 0.
-0.010 1. 0. 567.526 -1. -0.010 0. -127.415 0. 0. 1. 0.
-0.011 1. 0. 567.603 -1. -0.011 0. -128.914 0. 0. 1. 0.
-0.014 1.000 0. 567.531 -1.000 -0.014 0. -130.439 0. 0. 1. 0.
-0.019 1.000 0. 567.459 -1.000 -0.019 0. -131.961 0. 0. 1. 0.
-0.022 1.000 0. 567.458 -1.000 -0.022 0. -133.493 0. 0. 1. 0.
-0.027 1.000 0. 567.454 -1.000 -0.027 0. -134.975 0. 0. 1. 0.
-0.031 1.000 0. 567.363 -1.000 -0.031 0. -136.451 0. 0. 1. 0.
-0.042 0.999 0. 567.275 -0.999 -0.042 0. -137.906 0. 0. 1. 0.
-0.061 0.998 0. 567.131 -0.998 -0.061 0. -139.367 0. 0. 1. 0.
-0.085 0.996 0. 567.100 -0.996 -0.085 0. -140.803 0. 0. 1. 0.
-0.117 0.993 0. 566.746 -0.993 -0.117 0. -142.232 0. 0. 1. 0.
-0.157 0.988 0. 566.536 -0.988 -0.157 0. -143.668 0. 0. 1. 0.
-0.203 0.979 0. 566.151 -0.979 -0.203 0. -145.047 0. 0. 1. 0.
-0.250 0.968 0. 565.844 -0.968 -0.250 0. -146.356 0. 0. 1. 0.
-0.303 0.953 0. 565.489 -0.953 -0.303 0. -147.778 0. 0. 1. 0.
-0.350 0.937 0. 564.888 -0.937 -0.350 0. -149.027 0. 0. 1. 0.
-0.402 0.915 0. 564.250 -0.915 -0.402 0. -150.344 0. 0. 1. 0.
-0.455 0.890 0. 563.573 -0.890 -0.455 0. -151.615 0. 0. 1. 0.
-0.509 0.861 0. 562.784 -0.861 -0.509 0. -152.812 0. 0. 1. 0.
-0.562 0.827 0. 561.990 -0.827 -0.562 0. -153.957 0. 0. 1. 0.
-0.615 0.788 0. 561.138 -0.788 -0.615 0. -155.091 0. 0. 1. 0.
-0.662 0.749 0. 560.099 -0.749 -0.662 0. -156.125 0. 0. 1. 0.
-0.711 0.704 0. 558.995 -0.704 -0.711 0. -157.175 0. 0. 1. 0.
-0.753 0.658 0. 557.886 -0.658 -0.753 0. -158.143 0. 0. 1. 0.
-0.790 0.613 0. 556.627 -0.613 -0.790 0. -159.090 0. 0. 1. 0.
-0.821 0.571 0. 555.325 -0.571 -0.821 0. -159.939 0. 0. 1. 0.
-0.849 0.528 0. 553.919 -0.528 -0.849 0. -160.711 0. 0. 1. 0.
-0.876 0.482 0. 552.514 -0.482 -0.876 0. -161.409 0. 0. 1. 0.
-0.899 0.437 0. 551.066 -0.437 -0.899 0. -162.069 0. 0. 1. 0.
-0.919 0.395 0. 549.555 -0.395 -0.919 0. -162.712 0. 0. 1. 0.
-0.934 0.358 0. 547.997 -0.358 -0.934 0. -163.226 0. 0. 1. 0.
-0.947 0.322 0. 546.520 -0.322 -0.947 0. -163.766 0. 0. 1. 0.
-0.956 0.293 0. 544.959 -0.293 -0.956 0. -164.188 0. 0. 1. 0.
-0.963 0.269 0. 543.435 -0.269 -0.963 0. -164.658 0. 0. 1. 0.
-0.968 0.250 0. 541.867 -0.250 -0.968 0. -165.051 0. 0. 1. 0.
-0.971 0.240 0. 540.310 -0.240 -0.971 0. -165.407 0. 0. 1. 0.
-0.972 0.234 0. 538.809 -0.234 -0.972 0. -165.793 0. 0. 1. 0.
-0.973 0.230 0. 537.215 -0.230 -0.973 0. -166.215 0. 0. 1. 0.
-0.972 0.234 0. 535.582 -0.234 -0.972 0. -166.633 0. 0. 1. 0.
-0.971 0.240 0. 534.047 -0.240 -0.971 0. -167.038 0. 0. 1. 0.
-0.970 0.244 0. 532.338 -0.244 -0.970 0. -167.477 0. 0. 1. 0.
-0.968 0.253 0. 530.719 -0.253 -0.968 0. -167.853 0. 0. 1. 0.
-0.966 0.258 0. 529.112 -0.258 -0.966 0. -168.324 0. 0. 1. 0.
-0.965 0.261 0. 527.412 -0.261 -0.965 0. -168.837 0. 0. 1. 0.
-0.965 0.263 0. 525.697 -0.263 -0.965 0. -169.346 0. 0. 1. 0.
-0.964 0.266 0. 523.949 -0.266 -0.964 0. -169.828 0. 0. 1. 0.
-0.963 0.268 0. 522.185 -0.268 -0.963 0. -170.322 0. 0. 1. 0.
-0.963 0.269 0. 520.421 -0.269 -0.963 0. -170.834 0. 0. 1. 0.
-0.963 0.270 0. 518.644 -0.270 -0.963 0. -171.342 0. 0. 1. 0.
-0.963 0.269 0. 516.818 -0.269 -0.963 0. -171.873 0. 0. 1. 0.
-0.963 0.271 0. 514.968 -0.271 -0.963 0. -172.402 0. 0. 1. 0.
-0.963 0.269 0. 513.121 -0.269 -0.963 0. -172.954 0. 0. 1. 0.
-0.963 0.269 0. 511.196 -0.269 -0.963 0. -173.502 0. 0. 1. 0.
-0.963 0.268 0. 509.303 -0.268 -0.963 0. -174.022 0. 0. 1. 0.
-0.964 0.268 0. 507.365 -0.268 -0.964 0. -174.590 0. 0. 1. 0.
-0.964 0.267 0. 505.421 -0.267 -0.964 0. -175.146 0. 0. 1. 0.
-0.964 0.266 0. 503.461 -0.266 -0.964 0. -175.730 0. 0. 1. 0.
-0.964 0.266 0. 501.461 -0.266 -0.964 0. -176.268 0. 0. 1. 0.
-0.964 0.267 0. 499.508 -0.267 -0.964 0. -176.806 0. 0. 1. 0.
-0.963 0.269 0. 497.545 -0.269 -0.963 0. -177.385 0. 0. 1. 0.
-0.962 0.271 0. 495.519 -0.271 -0.962 0. -177.940 0. 0. 1. 0.
-0.961 0.276 0. 493.556 -0.276 -0.961 0. -178.500 0. 0. 1. 0.
-0.958 0.286 0. 491.585 -0.286 -0.958 0. -179.118 0. 0. 1. 0.
-0.956 0.293 0. 489.539 -0.293 -0.956 0. -179.662 0. 0. 1. 0.
-0.953 0.303 0. 487.574 -0.303 -0.953 0. -180.356 0. 0. 1. 0.
-0.950 0.312 0. 485.578 -0.312 -0.950 0. -181.022 0. 0. 1. 0.
-0.947 0.322 0. 483.567 -0.322 -0.947 0. -181.653 0. 0. 1. 0.
-0.943 0.334 0. 481.597 -0.334 -0.943 0. -182.461 0. 0. 1. 0.
-0.939 0.344 0. 479.637 -0.344 -0.939 0. -183.249 0. 0. 1. 0.
-0.935 0.355 0. 477.648 -0.355 -0.935 0. -184.040 0. 0. 1. 0.
-0.930 0.366 0. 475.688 -0.366 -0.930 0. -184.854 0. 0. 1. 0.
-0.927 0.376 0. 473.686 -0.376 -0.927 0. -185.622 0. 0. 1. 0.
-0.921 0.390 0. 471.753 -0.390 -0.921 0. -186.490 0. 0. 1. 0.
-0.917 0.399 0. 469.781 -0.399 -0.917 0. -187.368 0. 0. 1. 0.
-0.913 0.408 0. 467.836 -0.408 -0.913 0. -188.313 0. 0. 1. 0.
-0.910 0.416 0. 465.888 -0.416 -0.910 0. -189.216 0. 0. 1. 0.
-0.905 0.424 0. 463.952 -0.424 -0.905 0. -190.165 0. 0. 1. 0.
-0.902 0.432 0. 461.988 -0.432 -0.902 0. -191.065 0. 0. 1. 0.
-0.898 0.440 0. 460.090 -0.440 -0.898 0. -192.048 0. 0. 1. 0.
-0.894 0.448 0. 458.141 -0.448 -0.894 0. -193.061 0. 0. 1. 0.
-0.889 0.457 0. 456.239 -0.457 -0.889 0. -194.077 0. 0. 1. 0.
-0.884 0.467 0. 454.301 -0.467 -0.884 0. -195.104 0. 0. 1. 0.
-0.879 0.476 0. 452.365 -0.476 -0.879 0. -196.188 0. 0. 1. 0.
-0.874 0.486 0. 450.454 -0.486 -0.874 0. -197.283 0. 0. 1. 0.
-0.868 0.497 0. 448.537 -0.497 -0.868 0. -198.381 0. 0. 1. 0.
-0.862 0.507 0. 446.664 -0.507 -0.862 0. -199.525 0. 0. 1. 0.
-0.856 0.518 0. 444.747 -0.518 -0.856 0. -200.655 0. 0. 1. 0.
-0.848 0.529 0. 442.871 -0.529 -0.848 0. -201.868 0. 0. 1. 0.
-0.843 0.537 0. 440.999 -0.537 -0.843 0. -203.025 0. 0. 1. 0.
-0.837 0.548 0. 439.138 -0.548 -0.837 0. -204.217 0. 0. 1. 0.
-0.830 0.558 0. 437.340 -0.558 -0.830 0. -205.519 0. 0. 1. 0.
-0.824 0.567 0. 435.525 -0.567 -0.824 0. -206.797 0. 0. 1. 0.
-0.816 0.579 0. 433.802 -0.579 -0.816 0. -208.097 0. 0. 1. 0.
-0.810 0.586 0. 432.019 -0.586 -0.810 0. -209.354 0. 0. 1. 0.
-0.803 0.596 0. 430.352 -0.596 -0.803 0. -210.694 0. 0. 1. 0.
-0.797 0.604 0. 428.598 -0.604 -0.797 0. -211.933 0. 0. 1. 0.
-0.790 0.613 0. 426.981 -0.613 -0.790 0. -213.260 0. 0. 1. 0.
-0.784 0.621 0. 425.324 -0.621 -0.784 0. -214.562 0. 0. 1. 0.
-0.778 0.628 0. 423.740 -0.628 -0.778 0. -215.862 0. 0. 1. 0.
-0.775 0.632 0. 422.198 -0.632 -0.775 0. -217.124 0. 0. 1. 0.
-0.773 0.634 0. 420.794 -0.634 -0.773 0. -218.364 0. 0. 1. 0.
-0.772 0.636 0. 419.373 -0.636 -0.772 0. -219.451 0. 0. 1. 0.
-0.769 0.640 0. 418.091 -0.640 -0.769 0. -220.573 0. 0. 1. 0.
-0.767 0.642 0. 416.836 -0.642 -0.767 0. -221.509 0. 0. 1. 0.
-0.766 0.643 0. 415.664 -0.643 -0.766 0. -222.594 0. 0. 1. 0.
-0.764 0.646 0. 414.502 -0.646 -0.764 0. -223.581 0. 0. 1. 0.
-0.764 0.646 0. 413.431 -0.646 -0.764 0. -224.559 0. 0. 1. 0.
-0.764 0.645 0. 412.349 -0.645 -0.764 0. -225.411 0. 0. 1. 0.
-0.763 0.647 0. 411.325 -0.647 -0.763 0. -226.328 0. 0. 1. 0.
-0.759 0.651 0. 410.307 -0.651 -0.759 0. -227.142 0. 0. 1. 0.
-0.751 0.660 0. 409.303 -0.660 -0.751 0. -228.061 0. 0. 1. 0.
-0.740 0.672 0. 408.380 -0.672 -0.740 0. -228.961 0. 0. 1. 0.
-0.724 0.690 0. 407.414 -0.690 -0.724 0. -229.874 0. 0. 1. 0.
-0.709 0.705 0. 406.535 -0.705 -0.709 0. -230.871 0. 0. 1. 0.
-0.692 0.722 0. 405.580 -0.722 -0.692 0. -231.797 0. 0. 1. 0.
-0.677 0.736 0. 404.680 -0.736 -0.677 0. -232.825 0. 0. 1. 0.
-0.664 0.748 0. 403.834 -0.748 -0.664 0. -233.850 0. 0. 1. 0.
-0.653 0.757 0. 402.915 -0.757 -0.653 0. -234.947 0. 0. 1. 0.
-0.644 0.765 0. 402.033 -0.765 -0.644 0. -236.099 0. 0. 1. 0.
-0.634 0.773 0. 401.181 -0.773 -0.634 0. -237.119 0. 0. 1. 0.
-0.629 0.778 0. 400.244 -0.778 -0.629 0. -238.479 0. 0. 1. 0.
-0.624 0.782 0. 399.122 -0.782 -0.624 0. -239.586 0. 0. 1. 0.
-0.620 0.784 0. 398.162 -0.784 -0.620 0. -240.792 0. 0. 1. 0.
-0.619 0.786 0. 397.212 -0.786 -0.619 0. -242.076 0. 0. 1. 0.
-0.618 0.786 0. 396.149 -0.786 -0.618 0. -243.393 0. 0. 1. 0.
-0.616 0.788 0. 395.022 -0.788 -0.616 0. -244.793 0. 0. 1. 0.
-0.614 0.789 0. 394.003 -0.789 -0.614 0. -246.201 0. 0. 1. 0.
-0.615 0.789 0. 392.892 -0.789 -0.615 0. -247.611 0. 0. 1. 0.
-0.613 0.790 0. 391.800 -0.790 -0.613 0. -249.092 0. 0. 1. 0.
-0.611 0.792 0. 390.666 -0.792 -0.611 0. -250.626 0. 0. 1. 0.
-0.610 0.793 0. 389.507 -0.793 -0.610 0. -252.149 0. 0. 1. 0.
-0.607 0.795 0. 388.276 -0.795 -0.607 0. -253.664 0. 0. 1. 0.
-0.605 0.796 0. 387.122 -0.796 -0.605 0. -255.257 0. 0. 1. 0.
-0.604 0.797 0. 385.967 -0.797 -0.604 0. -256.814 0. 0. 1. 0.
-0.601 0.799 0. 384.701 -0.799 -0.601 0. -258.404 0. 0. 1. 0.
-0.599 0.801 0. 383.517 -0.801 -0.599 0. -260.043 0. 0. 1. 0.
-0.595 0.804 0. 382.315 -0.804 -0.595 0. -261.717 0. 0. 1. 0.
-0.586 0.810 0. 381.102 -0.810 -0.586 0. -263.406 0. 0. 1. 0.
-0.578 0.816 0. 379.905 -0.816 -0.578 0. -265.143 0. 0. 1. 0.
-0.568 0.823 0. 378.603 -0.823 -0.568 0. -266.959 0. 0. 1. 0.
-0.561 0.828 0. 377.385 -0.828 -0.561 0. -268.734 0. 0. 1. 0.
-0.549 0.836 0. 376.220 -0.836 -0.549 0. -270.607 0. 0. 1. 0.
-0.540 0.842 0. 374.964 -0.842 -0.540 0. -272.477 0. 0. 1. 0.
-0.528 0.849 0. 373.793 -0.849 -0.528 0. -274.387 0. 0. 1. 0.
-0.516 0.857 0. 372.658 -0.857 -0.516 0. -276.353 0. 0. 1. 0.
-0.504 0.864 0. 371.516 -0.864 -0.504 0. -278.354 0. 0. 1. 0.
-0.493 0.870 0. 370.428 -0.870 -0.493 0. -280.360 0. 0. 1. 0.
-0.479 0.878 0. 369.357 -0.878 -0.479 0. -282.451 0. 0. 1. 0.
-0.471 0.882 0. 368.290 -0.882 -0.471 0. -284.461 0. 0. 1. 0.
-0.460 0.888 0. 367.255 -0.888 -0.460 0. -286.528 0. 0. 1. 0.
-0.453 0.892 0. 366.234 -0.892 -0.453 0. -288.572 0. 0. 1. 0.
-0.439 0.899 0. 365.160 -0.899 -0.439 0. -290.695 0. 0. 1. 0.
-0.432 0.902 0. 364.050 -0.902 -0.432 0. -292.731 0. 0. 1. 0.
-0.427 0.904 0. 363.165 -0.904 -0.427 0. -294.867 0. 0. 1. 0.
-0.418 0.909 0. 362.152 -0.909 -0.418 0. -296.974 0. 0. 1. 0.
-0.411 0.912 0. 361.263 -0.912 -0.411 0. -299.114 0. 0. 1. 0.
-0.402 0.916 0. 360.360 -0.916 -0.402 0. -301.276 0. 0. 1. 0.
-0.394 0.919 0. 359.480 -0.919 -0.394 0. -303.457 0. 0. 1. 0.
-0.385 0.923 0. 358.501 -0.923 -0.385 0. -305.589 0. 0. 1. 0.
-0.375 0.927 0. 357.649 -0.927 -0.375 0. -307.720 0. 0. 1. 0.
-0.364 0.931 0. 356.814 -0.931 -0.364 0. -309.874 0. 0. 1. 0.
-0.354 0.935 0. 356.053 -0.935 -0.354 0. -311.974 0. 0. 1. 0.
-0.339 0.941 0. 355.284 -0.941 -0.339 0. -314.104 0. 0. 1. 0.
-0.325 0.946 0. 354.461 -0.946 -0.325 0. -316.328 0. 0. 1. 0.
-0.309 0.951 0. 353.786 -0.951 -0.309 0. -318.410 0. 0. 1. 0.
-0.290 0.957 0. 353.150 -0.957 -0.290 0. -320.619 0. 0. 1. 0.
-0.271 0.963 0. 352.548 -0.963 -0.271 0. -322.690 0. 0. 1. 0.
-0.247 0.969 0. 351.931 -0.969 -0.247 0. -324.919 0. 0. 1. 0.
-0.222 0.975 0. 351.498 -0.975 -0.222 0. -327.059 0. 0. 1. 0.
-0.199 0.980 0. 351.032 -0.980 -0.199 0. -329.255 0. 0. 1. 0.
-0.177 0.984 0. 350.698 -0.984 -0.177 0. -331.420 0. 0. 1. 0.
-0.155 0.988 0. 350.334 -0.988 -0.155 0. -333.632 0. 0. 1. 0.
-0.132 0.991 0. 350.051 -0.991 -0.132 0. -335.823 0. 0. 1. 0.
-0.109 0.994 0. 349.897 -0.994 -0.109 0. -338.041 0. 0. 1. 0.
-0.092 0.996 0. 349.675 -0.996 -0.092 0. -340.241 0. 0. 1. 0.
-0.077 0.997 0. 349.485 -0.997 -0.077 0. -342.446 0. 0. 1. 0.
-0.068 0.998 0. 349.370 -0.998 -0.068 0. -344.681 0. 0. 1. 0.
-0.059 0.998 0. 349.249 -0.998 -0.059 0. -346.863 0. 0. 1. 0.
-0.050 0.999 0. 349.088 -0.999 -0.050 0. -349.029 0. 0. 1. 0.
-0.046 0.999 0. 349.022 -0.999 -0.046 0. -351.311 0. 0. 1. 0.
-0.047 0.999 0. 348.914 -0.999 -0.047 0. -353.437 0. 0. 1. 0.
-0.047 0.999 0. 348.873 -0.999 -0.047 0. -355.657 0. 0. 1. 0.
-0.052 0.999 0. 348.757 -0.999 -0.052 0. -357.894 0. 0. 1. 0.
-0.056 0.998 0. 348.611 -0.998 -0.056 0. -360.083 0. 0. 1. 0.
-0.059 0.998 0. 348.526 -0.998 -0.059 0. -362.298 0. 0. 1. 0.
-0.062 0.998 0. 348.359 -0.998 -0.062 0. -364.484 0. 0. 1. 0.
-0.066 0.998 0. 348.201 -0.998 -0.066 0. -366.694 0. 0. 1. 0.
-0.068 0.998 0. 348.081 -0.998 -0.068 0. -368.937 0. 0. 1. 0.
-0.077 0.997 0. 347.936 -0.997 -0.077 0. -371.151 0. 0. 1. 0.
-0.081 0.997 0. 347.747 -0.997 -0.081 0. -373.333 0. 0. 1. 0.
-0.086 0.996 0. 347.589 -0.996 -0.086 0. -375.538 0. 0. 1. 0.
-0.094 0.996 0. 347.327 -0.996 -0.094 0. -377.632 0. 0. 1. 0.
-0.101 0.995 0. 347.142 -0.995 -0.101 0. -379.832 0. 0. 1. 0.
-0.107 0.994 0. 346.890 -0.994 -0.107 0. -381.957 0. 0. 1. 0.
-0.112 0.994 0. 346.704 -0.994 -0.112 0. -384.048 0. 0. 1. 0.
-0.120 0.993 0. 346.368 -0.993 -0.120 0. -386.150 0. 0. 1. 0.
-0.127 0.992 0. 346.160 -0.992 -0.127 0. -388.213 0. 0. 1. 0.
-0.132 0.991 0. 345.917 -0.991 -0.132 0. -390.289 0. 0. 1. 0.
-0.150 0.989 0. 345.623 -0.989 -0.150 0. -392.331 0. 0. 1. 0.
-0.170 0.986 0. 345.287 -0.986 -0.170 0. -394.339 0. 0. 1. 0.
-0.188 0.982 0. 344.968 -0.982 -0.188 0. -396.294 0. 0. 1. 0.
-0.214 0.977 0. 344.574 -0.977 -0.214 0. -398.250 0. 0. 1. 0.
-0.239 0.971 0. 344.144 -0.971 -0.239 0. -400.169 0. 0. 1. 0.
-0.266 0.964 0. 343.609 -0.964 -0.266 0. -401.986 0. 0. 1. 0.
-0.297 0.955 0. 343.061 -0.955 -0.297 0. -403.719 0. 0. 1. 0.
-0.329 0.944 0. 342.408 -0.944 -0.329 0. -405.416 0. 0. 1. 0.
-0.365 0.931 0. 341.780 -0.931 -0.365 0. -407.078 0. 0. 1. 0.
-0.406 0.914 0. 341.046 -0.914 -0.406 0. -408.651 0. 0. 1. 0.
-0.451 0.893 0. 340.300 -0.893 -0.451 0. -410.182 0. 0. 1. 0.
-0.491 0.871 0. 339.310 -0.871 -0.491 0. -411.620 0. 0. 1. 0.
-0.528 0.849 0. 338.439 -0.849 -0.528 0. -413.055 0. 0. 1. 0.
-0.562 0.827 0. 337.475 -0.827 -0.562 0. -414.408 0. 0. 1. 0.
-0.592 0.806 0. 336.552 -0.806 -0.592 0. -415.680 0. 0. 1. 0.
-0.623 0.782 0. 335.551 -0.782 -0.623 0. -416.857 0. 0. 1. 0.
-0.657 0.754 0. 334.615 -0.754 -0.657 0. -417.923 0. 0. 1. 0.
-0.689 0.725 0. 333.592 -0.725 -0.689 0. -418.918 0. 0. 1. 0.
-0.716 0.698 0. 332.572 -0.698 -0.716 0. -419.791 0. 0. 1. 0.
-0.746 0.665 0. 331.660 -0.665 -0.746 0. -420.732 0. 0. 1. 0.
-0.774 0.633 0. 330.662 -0.633 -0.774 0. -421.490 0. 0. 1. 0.
-0.800 0.600 0. 329.625 -0.600 -0.800 0. -422.171 0. 0. 1. 0.
-0.826 0.564 0. 328.570 -0.564 -0.826 0. -422.903 0. 0. 1. 0.
-0.848 0.530 0. 327.572 -0.530 -0.848 0. -423.528 0. 0. 1. 0.
-0.872 0.490 0. 326.392 -0.490 -0.872 0. -424.101 0. 0. 1. 0.
-0.894 0.448 0. 325.383 -0.448 -0.894 0. -424.569 0. 0. 1. 0.
-0.916 0.401 0. 324.225 -0.401 -0.916 0. -425.023 0. 0. 1. 0.
-0.935 0.354 0. 323.000 -0.354 -0.935 0. -425.415 0. 0. 1. 0.
-0.953 0.304 0. 321.795 -0.304 -0.953 0. -425.745 0. 0. 1. 0.
-0.967 0.253 0. 320.548 -0.253 -0.967 0. -426.043 0. 0. 1. 0.
-0.979 0.203 0. 319.292 -0.203 -0.979 0. -426.283 0. 0. 1. 0.
-0.988 0.154 0. 317.996 -0.154 -0.988 0. -426.489 0. 0. 1. 0.
-0.994 0.108 0. 316.643 -0.108 -0.994 0. -426.605 0. 0. 1. 0.
-0.998 0.071 0. 315.271 -0.071 -0.998 0. -426.695 0. 0. 1. 0.
-0.999 0.048 0. 313.873 -0.048 -0.999 0. -426.758 0. 0. 1. 0.
-1.000 0.028 0. 312.461 -0.028 -1.000 0. -426.739 0. 0. 1. 0.
-1. 0.012 0. 310.980 -0.012 -1. 0. -426.770 0. 0. 1. 0.
-1. 0.001 0. 309.504 -0.001 -1. 0. -426.791 0. 0. 1. 0.
-1. -0.009 0. 308.002 0.009 -1. 0. -426.756 0. 0. 1. 0.
-1.000 -0.014 0. 306.455 0.014 -1.000 0. -426.729 0. 0. 1. 0.
-1.000 -0.017 0. 304.855 0.017 -1.000 0. -426.689 0. 0. 1. 0.
-1. -0.013 0. 303.266 0.013 -1. 0. -426.674 0. 0. 1. 0.
-1.000 -0.014 0. 301.643 0.014 -1.000 0. -426.663 0. 0. 1. 0.
-1. -0.012 0. 300.019 0.012 -1. 0. -426.653 0. 0. 1. 0.
-1. -0.011 0. 298.351 0.011 -1. 0. -426.655 0. 0. 1. 0.
-1. -0.010 0. 296.648 0.010 -1. 0. -426.660 0. 0. 1. 0.
-1. -0.008 0. 294.940 0.008 -1. 0. -426.651 0. 0. 1. 0.
-1. -0.010 0. 293.210 0.010 -1. 0. -426.671 0. 0. 1. 0.
-1. -0.007 0. 291.456 0.007 -1. 0. -426.595 0. 0. 1. 0.
-1. -0.009 0. 289.684 0.009 -1. 0. -426.650 0. 0. 1. 0.
-1. -0.005 0. 287.905 0.005 -1. 0. -426.568 0. 0. 1. 0.
-1. -0.004 0. 286.061 0.004 -1. 0. -426.654 0. 0. 1. 0.
-1. -0.003 0. 284.215 0.003 -1. 0. -426.599 0. 0. 1. 0.
-1. -0.003 0. 282.314 0.003 -1. 0. -426.618 0. 0. 1. 0.
-1. -0.003 0. 280.430 0.003 -1. 0. -426.654 0. 0. 1. 0.
-1. -0.003 0. 278.484 0.003 -1. 0. -426.595 0. 0. 1. 0.
-1. -0.002 0. 276.546 0.002 -1. 0. -426.553 0. 0. 1. 0.
-1. -0.004 0. 274.561 0.004 -1. 0. -426.592 0. 0. 1. 0.
-1. -0.010 0. 272.588 0.010 -1. 0. -426.580 0. 0. 1. 0.
-1.000 -0.015 0. 270.570 0.015 -1.000 0. -426.512 0. 0. 1. 0.
-1.000 -0.015 0. 268.525 0.015 -1.000 0. -426.555 0. 0. 1. 0.
-1.000 -0.019 0. 266.423 0.019 -1.000 0. -426.486 0. 0. 1. 0.
-1.000 -0.023 0. 264.337 0.023 -1.000 0. -426.470 0. 0. 1. 0.
-1.000 -0.022 0. 262.224 0.022 -1.000 0. -426.435 0. 0. 1. 0.
-1.000 -0.021 0. 260.107 0.021 -1.000 0. -426.410 0. 0. 1. 0.
-1.000 -0.022 0. 257.955 0.022 -1.000 0. -426.422 0. 0. 1. 0.
-1.000 -0.019 0. 255.811 0.019 -1.000 0. -426.341 0. 0. 1. 0.
-1.000 -0.020 0. 253.711 0.020 -1.000 0. -426.295 0. 0. 1. 0.
-1.000 -0.020 0. 251.617 0.020 -1.000 0. -426.283 0. 0. 1. 0.
-1.000 -0.019 0. 249.555 0.019 -1.000 0. -426.161 0. 0. 1. 0.
-1.000 -0.019 0. 247.514 0.019 -1.000 0. -426.169 0. 0. 1. 0.
-1.000 -0.015 0. 245.479 0.015 -1.000 0. -426.102 0. 0. 1. 0.
-1. -0.009 0. 243.456 0.009 -1. 0. -426.104 0. 0. 1. 0.
-1. -0.008 0. 241.447 0.008 -1. 0. -426.146 0. 0. 1. 0.
-1. -0.005 0. 239.431 0.005 -1. 0. -426.068 0. 0. 1. 0.
-1. -0.002 0. 237.403 0.002 -1. 0. -426.072 0. 0. 1. 0.
-1. -0.001 0. 235.406 0.001 -1. 0. -426.083 0. 0. 1. 0.
-1. -0.002 0. 233.352 0.002 -1. 0. -426.049 0. 0. 1. 0.
-1. -0.003 0. 231.368 0.003 -1. 0. -426.083 0. 0. 1. 0.
-1. -0.003 0. 229.365 0.003 -1. 0. -426.108 0. 0. 1. 0.
-1. -0.005 0. 227.306 0.005 -1. 0. -426.117 0. 0. 1. 0.
-1. -0.006 0. 225.276 0.006 -1. 0. -426.099 0. 0. 1. 0.
-1. -0.007 0. 223.256 0.007 -1. 0. -426.061 0. 0. 1. 0.
-1. -0.007 0. 221.251 0.007 -1. 0. -426.093 0. 0. 1. 0.
-1. -0.009 0. 219.273 0.009 -1. 0. -426.057 0. 0. 1. 0.
-1. -0.010 0. 217.320 0.010 -1. 0. -426.047 0. 0. 1. 0.
-1. -0.010 0. 215.387 0.010 -1. 0. -426.050 0. 0. 1. 0.
-1. -0.009 0. 213.470 0.009 -1. 0. -426.069 0. 0. 1. 0.
-1. -0.012 0. 211.654 0.012 -1. 0. -426.086 0. 0. 1. 0.
-1.000 -0.017 0. 209.886 0.017 -1.000 0. -426.038 0. 0. 1. 0.
-1.000 -0.018 0. 208.148 0.018 -1.000 0. -425.959 0. 0. 1. 0.
-1.000 -0.020 0. 206.470 0.020 -1.000 0. -425.983 0. 0. 1. 0.
-1.000 -0.020 0. 204.798 0.020 -1.000 0. -425.961 0. 0. 1. 0.
-1.000 -0.020 0. 203.176 0.020 -1.000 0. -425.890 0. 0. 1. 0.
-1.000 -0.020 0. 201.510 0.020 -1.000 0. -425.821 0. 0. 1. 0.
