1567410208305662 0.99999 0.00411 -0.00000 -1.73208 -0.00411 0.99999 0.00000 -0.04203 0.00000 -0.00000 1.00000 0.00000
1567410208556591 0.99999 0.00478 -0.00000 -2.23905 -0.00478 0.99999 0.00000 -0.04016 0.00000 -0.00000 1.00000 0.00000
1567410208805889 0.99997 0.00757 -0.00000 -2.83204 -0.00757 0.99997 0.00000 -0.02948 0.00000 -0.00000 1.00000 0.00000
1567410209057476 0.99997 0.00826 -0.00000 -3.51237 -0.00826 0.99997 0.00000 -0.03509 0.00000 -0.00000 1.00000 0.00000
1567410209305694 0.99996 0.00935 -0.00000 -4.26171 -0.00935 0.99996 0.00000 -0.03617 0.00000 -0.00000 1.00000 0.00000
1567410209555477 0.99997 0.00824 -0.00000 -5.08217 -0.00824 0.99997 0.00000 -0.05236 0.00000 -0.00000 1.00000 0.00000
1567410209805295 0.99995 0.01018 -0.00000 -5.95502 -0.01018 0.99995 0.00000 -0.04396 0.00000 -0.00000 1.00000 0.00000
1567410210055112 0.99994 0.01060 -0.00000 -6.94277 -0.01060 0.99994 0.00000 -0.09414 0.00000 -0.00000 1.00000 0.00000
1567410210304908 0.99992 0.01234 -0.00000 -8.00298 -0.01234 0.99992 0.00000 -0.07680 0.00000 -0.00000 1.00000 0.00000
1567410210554308 0.99991 0.01309 -0.00000 -9.08536 -0.01309 0.99991 0.00000 -0.07456 0.00000 -0.00000 1.00000 0.00000
1567410210804244 0.99989 0.01459 -0.00000 -10.29649 -0.01459 0.99989 0.00000 -0.07340 0.00000 -0.00000 1.00000 0.00000
1567410211054011 0.99987 0.01599 -0.00000 -11.47591 -0.01599 0.99987 0.00000 -0.06438 0.00000 -0.00000 1.00000 0.00000
1567410211303608 0.99988 0.01564 -0.00000 -12.78387 -0.01564 0.99988 0.00000 -0.10085 0.00000 -0.00000 1.00000 0.00000
1567410211553894 0.99984 0.01770 -0.00000 -14.15612 -0.01770 0.99984 0.00000 -0.07859 0.00000 -0.00000 1.00000 0.00000
1567410211803856 0.99983 0.01826 -0.00000 -15.56447 -0.01826 0.99983 0.00000 -0.08875 0.00000 -0.00000 1.00000 0.00000
1567410212053313 0.99979 0.02029 -0.00000 -17.07743 -0.02029 0.99979 0.00000 -0.01821 0.00000 -0.00000 1.00000 0.00000
1567410212303373 0.99985 0.01746 -0.00000 -18.58412 -0.01746 0.99985 0.00000 -0.08012 0.00000 -0.00000 1.00000 0.00000
1567410212552940 0.99988 0.01529 -0.00000 -20.14703 -0.01529 0.99988 0.00000 -0.15315 0.00000 -0.00000 1.00000 0.00000
1567410212802803 0.99992 0.01278 -0.00000 -21.76390 -0.01278 0.99992 0.00000 -0.19556 0.00000 -0.00000 1.00000 0.00000
1567410213052878 0.99996 0.00933 -0.00000 -23.41352 -0.00933 0.99996 0.00000 -0.33575 0.00000 -0.00000 1.00000 0.00000
1567410213302384 0.99997 0.00805 -0.00000 -25.14468 -0.00805 0.99997 0.00000 -0.36041 0.00000 -0.00000 1.00000 0.00000
1567410213552068 0.99999 0.00453 -0.00000 -26.91654 -0.00453 0.99999 0.00000 -0.43777 0.00000 -0.00000 1.00000 0.00000
1567410213801498 1.00000 0.00229 -0.00000 -28.68629 -0.00229 1.00000 0.00000 -0.48470 0.00000 -0.00000 1.00000 0.00000
1567410214052385 1.00000 0.00099 -0.00000 -30.52992 -0.00099 1.00000 0.00000 -0.54143 0.00000 -0.00000 1.00000 0.00000
1567410214302155 1.00000 -0.00242 0.00000 -32.39821 0.00242 1.00000 -0.00000 -0.64203 -0.00000 0.00000 1.00000 0.00000
1567410214550272 0.99998 -0.00578 0.00000 -34.27983 0.00578 0.99998 -0.00000 -0.79104 -0.00000 0.00000 1.00000 0.00000
1567410214800445 0.99996 -0.00877 0.00000 -36.19727 0.00877 0.99996 -0.00000 -0.89038 -0.00000 0.00000 1.00000 0.00000
1567410215049817 0.99996 -0.00901 0.00000 -38.17459 0.00901 0.99996 -0.00000 -0.89858 -0.00000 0.00000 1.00000 0.00000
1567410215299752 0.99997 -0.00773 0.00000 -40.19719 0.00773 0.99997 -0.00000 -0.85408 -0.00000 0.00000 1.00000 0.00000
1567410215549514 0.99998 -0.00622 0.00000 -42.23741 0.00622 0.99998 -0.00000 -0.82300 -0.00000 0.00000 1.00000 0.00000
1567410215799401 0.99998 -0.00574 0.00000 -44.24343 0.00574 0.99998 -0.00000 -0.78694 -0.00000 0.00000 1.00000 0.00000
1567410216048582 0.99998 -0.00559 0.00000 -46.31218 0.00559 0.99998 -0.00000 -0.80261 -0.00000 0.00000 1.00000 0.00000
1567410216297982 0.99999 -0.00383 0.00000 -48.32962 0.00383 0.99999 -0.00000 -0.75172 -0.00000 0.00000 1.00000 0.00000
1567410216547132 0.99999 -0.00370 0.00000 -50.33241 0.00370 0.99999 -0.00000 -0.75632 -0.00000 0.00000 1.00000 0.00000
1567410216796536 0.99999 -0.00369 0.00000 -52.33313 0.00369 0.99999 -0.00000 -0.77815 -0.00000 0.00000 1.00000 0.00000
1567410217048273 0.99999 -0.00359 0.00000 -54.29868 0.00359 0.99999 -0.00000 -0.76381 -0.00000 0.00000 1.00000 0.00000
1567410217296000 1.00000 -0.00202 0.00000 -56.23687 0.00202 1.00000 -0.00000 -0.67911 -0.00000 0.00000 1.00000 0.00000
1567410217545507 1.00000 -0.00217 0.00000 -58.16174 0.00217 1.00000 -0.00000 -0.71792 -0.00000 0.00000 1.00000 0.00000
1567410217795016 0.99999 -0.00341 0.00000 -60.08480 0.00341 0.99999 -0.00000 -0.78609 -0.00000 0.00000 1.00000 0.00000
1567410218044663 1.00000 -0.00189 0.00000 -61.91179 0.00189 1.00000 -0.00000 -0.70881 -0.00000 0.00000 1.00000 0.00000
1567410218294251 0.99999 -0.00343 0.00000 -63.70749 0.00343 0.99999 -0.00000 -0.85812 -0.00000 0.00000 1.00000 0.00000
1567410218543749 0.99998 -0.00558 0.00000 -65.58540 0.00558 0.99998 -0.00000 -1.00317 -0.00000 0.00000 1.00000 0.00000
1567410218793639 0.99996 -0.00843 0.00000 -67.37758 0.00843 0.99996 -0.00000 -1.19170 -0.00000 0.00000 1.00000 0.00000
1567410219044496 0.99994 -0.01085 0.00000 -69.16382 0.01085 0.99994 -0.00000 -1.34915 -0.00000 0.00000 1.00000 0.00000
1567410219294574 0.99992 -0.01281 0.00000 -70.97472 0.01281 0.99992 -0.00000 -1.55640 -0.00000 0.00000 1.00000 0.00000
1567410219542786 0.99993 -0.01205 0.00000 -72.76808 0.01205 0.99993 -0.00000 -1.47383 -0.00000 0.00000 1.00000 0.00000
1567410219791926 0.99992 -0.01295 0.00000 -74.58821 0.01295 0.99992 -0.00000 -1.56325 -0.00000 0.00000 1.00000 0.00000
1567410220041647 0.99987 -0.01617 0.00000 -76.40452 0.01617 0.99987 -0.00000 -1.78936 -0.00000 0.00000 1.00000 0.00000
1567410220290932 0.99987 -0.01617 0.00000 -78.19076 0.01617 0.99987 -0.00000 -1.78243 -0.00000 0.00000 1.00000 0.00000
1567410220540869 0.99985 -0.01740 0.00000 -79.95752 0.01740 0.99985 -0.00000 -1.89379 -0.00000 0.00000 1.00000 0.00000
1567410220791364 0.99983 -0.01854 0.00000 -81.74574 0.01854 0.99983 -0.00000 -1.97155 -0.00000 0.00000 1.00000 0.00000
1567410221038981 0.99982 -0.01918 0.00000 -83.56420 0.01918 0.99982 -0.00000 -2.03797 -0.00000 0.00000 1.00000 0.00000
1567410221290827 0.99977 -0.02158 0.00000 -85.35472 0.02158 0.99977 -0.00000 -2.22673 -0.00000 0.00000 1.00000 0.00000
1567410221539934 0.99970 -0.02441 0.00000 -87.20991 0.02441 0.99970 -0.00000 -2.48346 -0.00000 0.00000 1.00000 0.00000
1567410221788000 0.99962 -0.02764 0.00000 -89.12622 0.02764 0.99962 -0.00000 -2.79200 -0.00000 0.00000 1.00000 0.00000
1567410222037827 0.99956 -0.02955 0.00000 -90.89694 0.02955 0.99956 -0.00000 -2.96335 -0.00000 0.00000 1.00000 0.00000
1567410222287687 0.99939 -0.03505 0.00000 -92.74661 0.03505 0.99939 -0.00000 -3.49007 -0.00000 0.00000 1.00000 0.00000
1567410222537552 0.99923 -0.03919 0.00000 -94.63256 0.03919 0.99923 -0.00000 -3.89461 -0.00000 0.00000 1.00000 0.00000
1567410222787298 0.99914 -0.04146 0.00000 -96.55705 0.04146 0.99914 -0.00000 -4.07801 -0.00000 0.00000 1.00000 0.00000
1567410223036884 0.99889 -0.04704 0.00000 -98.46828 0.04704 0.99889 -0.00000 -4.64474 -0.00000 0.00000 1.00000 0.00000
1567410223286688 0.99857 -0.05339 0.00000 -100.45520 0.05339 0.99857 -0.00000 -5.28535 -0.00000 0.00000 1.00000 0.00000
1567410223536132 0.99839 -0.05667 0.00000 -102.43218 0.05667 0.99839 -0.00000 -5.60521 -0.00000 0.00000 1.00000 0.00000
1567410223785995 0.99816 -0.06065 0.00000 -104.40059 0.06065 0.99816 -0.00000 -6.04032 -0.00000 0.00000 1.00000 0.00000
1567410224035806 0.99780 -0.06629 0.00000 -106.42894 0.06629 0.99780 -0.00000 -6.67434 -0.00000 0.00000 1.00000 0.00000
1567410224285161 0.99742 -0.07180 0.00000 -108.43474 0.07180 0.99742 -0.00000 -7.27604 -0.00000 0.00000 1.00000 0.00000
1567410224535504 0.99703 -0.07698 0.00000 -110.45081 0.07698 0.99703 -0.00000 -7.81228 -0.00000 0.00000 1.00000 0.00000
1567410224784669 0.99647 -0.08389 0.00000 -112.52988 0.08389 0.99647 -0.00000 -8.58785 -0.00000 0.00000 1.00000 0.00000
1567410225034006 0.99590 -0.09045 0.00000 -114.57490 0.09045 0.99590 -0.00000 -9.37511 -0.00000 0.00000 1.00000 0.00000
1567410225283717 0.99538 -0.09605 0.00000 -116.62644 0.09605 0.99538 -0.00000 -10.01142 -0.00000 0.00000 1.00000 0.00000
1567410225533585 0.99482 -0.10166 0.00000 -118.74525 0.10166 0.99482 -0.00000 -10.65358 -0.00000 0.00000 1.00000 0.00000
1567410225782712 0.99443 -0.10544 0.00000 -120.83988 0.10544 0.99443 -0.00000 -11.10375 -0.00000 0.00000 1.00000 0.00000
1567410226032488 0.99415 -0.10796 0.00000 -122.98714 0.10796 0.99415 -0.00000 -11.38439 -0.00000 0.00000 1.00000 0.00000
1567410226282141 0.99369 -0.11219 0.00000 -125.16830 0.11219 0.99369 -0.00000 -11.86300 -0.00000 0.00000 1.00000 0.00000
1567410226531590 0.99337 -0.11499 0.00000 -127.27982 0.11499 0.99337 -0.00000 -12.26402 -0.00000 0.00000 1.00000 0.00000
1567410226781610 0.99268 -0.12074 0.00000 -129.38949 0.12074 0.99268 -0.00000 -13.06324 -0.00000 0.00000 1.00000 0.00000
1567410227031110 0.99231 -0.12374 0.00000 -131.55724 0.12374 0.99231 -0.00000 -13.43414 -0.00000 0.00000 1.00000 0.00000
1567410227280818 0.99195 -0.12659 0.00000 -133.71583 0.12659 0.99195 -0.00000 -13.83088 -0.00000 0.00000 1.00000 0.00000
1567410227530391 0.99168 -0.12875 0.00000 -135.82270 0.12875 0.99168 -0.00000 -14.14003 -0.00000 0.00000 1.00000 0.00000
1567410227779824 0.99152 -0.12994 0.00000 -138.12420 0.12994 0.99152 -0.00000 -14.29092 -0.00000 0.00000 1.00000 0.00000
1567410228029556 0.99149 -0.13018 0.00000 -140.32231 0.13018 0.99149 -0.00000 -14.35526 -0.00000 0.00000 1.00000 0.00000
1567410228279696 0.99135 -0.13127 0.00000 -142.54430 0.13127 0.99135 -0.00000 -14.52144 -0.00000 0.00000 1.00000 0.00000
1567410228529686 0.99143 -0.13063 0.00000 -144.79607 0.13063 0.99143 -0.00000 -14.45201 -0.00000 0.00000 1.00000 0.00000
1567410228778838 0.99153 -0.12986 0.00000 -147.08696 0.12986 0.99153 -0.00000 -14.35364 -0.00000 0.00000 1.00000 0.00000
1567410229028907 0.99149 -0.13015 0.00000 -149.27007 0.13015 0.99149 -0.00000 -14.40339 -0.00000 0.00000 1.00000 0.00000
1567410229277959 0.99178 -0.12792 0.00000 -151.52886 0.12792 0.99178 -0.00000 -14.08817 -0.00000 0.00000 1.00000 0.00000
1567410229527366 0.99176 -0.12810 0.00000 -153.73121 0.12810 0.99176 -0.00000 -14.11719 -0.00000 0.00000 1.00000 0.00000
1567410229776456 0.99186 -0.12736 0.00000 -155.88445 0.12736 0.99186 -0.00000 -14.01862 -0.00000 0.00000 1.00000 0.00000
1567410230025791 0.99192 -0.12684 0.00000 -158.06082 0.12684 0.99192 -0.00000 -13.94273 -0.00000 0.00000 1.00000 0.00000
1567410230275333 0.99196 -0.12652 0.00000 -160.17047 0.12652 0.99196 -0.00000 -13.94196 -0.00000 0.00000 1.00000 0.00000
1567410230524881 0.99227 -0.12411 0.00000 -162.33845 0.12411 0.99227 -0.00000 -13.56327 -0.00000 0.00000 1.00000 0.00000
1567410230774223 0.99230 -0.12383 0.00000 -164.38918 0.12383 0.99230 -0.00000 -13.51108 -0.00000 0.00000 1.00000 0.00000
1567410231024182 0.99234 -0.12354 0.00000 -166.48421 0.12354 0.99234 -0.00000 -13.46134 -0.00000 0.00000 1.00000 0.00000
1567410231273140 0.99257 -0.12165 0.00000 -168.50434 0.12165 0.99257 -0.00000 -13.17649 -0.00000 0.00000 1.00000 0.00000
1567410231522758 0.99249 -0.12232 0.00000 -170.57072 0.12232 0.99249 -0.00000 -13.25062 -0.00000 0.00000 1.00000 0.00000
1567410231772615 0.99271 -0.12050 0.00000 -172.62545 0.12050 0.99271 -0.00000 -12.99324 -0.00000 0.00000 1.00000 0.00000
1567410232021833 0.99272 -0.12040 0.00000 -174.59815 0.12040 0.99272 -0.00000 -12.99527 -0.00000 0.00000 1.00000 0.00000
1567410232271411 0.99287 -0.11921 0.00000 -176.56526 0.11921 0.99287 -0.00000 -12.79077 -0.00000 0.00000 1.00000 0.00000
1567410232521018 0.99284 -0.11946 0.00000 -178.50952 0.11946 0.99284 -0.00000 -12.83904 -0.00000 0.00000 1.00000 0.00000
1567410232770640 0.99294 -0.11859 0.00000 -180.46800 0.11859 0.99294 -0.00000 -12.67781 -0.00000 0.00000 1.00000 0.00000
1567410233020218 0.99306 -0.11763 0.00000 -182.42549 0.11763 0.99306 -0.00000 -12.51133 -0.00000 0.00000 1.00000 0.00000
1567410233269883 0.99295 -0.11850 0.00000 -184.32475 0.11850 0.99295 -0.00000 -12.61995 -0.00000 0.00000 1.00000 0.00000
1567410233519068 0.99303 -0.11788 0.00000 -186.41947 0.11788 0.99303 -0.00000 -12.53242 -0.00000 0.00000 1.00000 0.00000
1567410233767570 0.99278 -0.11998 0.00000 -188.34861 0.11998 0.99278 -0.00000 -12.95485 -0.00000 0.00000 1.00000 0.00000
1567410234018082 0.99271 -0.12050 0.00000 -190.26886 0.12050 0.99271 -0.00000 -13.03085 -0.00000 0.00000 1.00000 0.00000
1567410234267434 0.99271 -0.12054 0.00000 -192.34336 0.12054 0.99271 -0.00000 -13.07862 -0.00000 0.00000 1.00000 0.00000
1567410234516871 0.99269 -0.12067 0.00000 -194.38090 0.12067 0.99269 -0.00000 -13.08680 -0.00000 0.00000 1.00000 0.00000
1567410234766451 0.99269 -0.12066 0.00000 -196.38157 0.12066 0.99269 -0.00000 -13.03260 -0.00000 0.00000 1.00000 0.00000
1567410235015470 0.99266 -0.12098 0.00000 -198.45693 0.12098 0.99266 -0.00000 -13.08030 -0.00000 0.00000 1.00000 0.00000
1567410235265747 0.99284 -0.11942 0.00000 -200.55581 0.11942 0.99284 -0.00000 -12.75031 -0.00000 0.00000 1.00000 0.00000
1567410235515250 0.99255 -0.12186 0.00000 -202.65046 0.12186 0.99255 -0.00000 -13.23324 -0.00000 0.00000 1.00000 0.00000
1567410235764846 0.99262 -0.12126 0.00000 -204.70291 0.12126 0.99262 -0.00000 -13.13018 -0.00000 0.00000 1.00000 0.00000
1567410236014585 0.99269 -0.12067 0.00000 -206.75511 0.12067 0.99269 -0.00000 -13.02164 -0.00000 0.00000 1.00000 0.00000
1567410236264016 0.99267 -0.12087 0.00000 -208.81302 0.12087 0.99267 -0.00000 -13.05497 -0.00000 0.00000 1.00000 0.00000
1567410236513413 0.99271 -0.12053 0.00000 -210.84034 0.12053 0.99271 -0.00000 -12.97181 -0.00000 0.00000 1.00000 0.00000
1567410236763093 0.99262 -0.12129 0.00000 -212.84693 0.12129 0.99262 -0.00000 -13.10056 -0.00000 0.00000 1.00000 0.00000
1567410237012952 0.99271 -0.12057 0.00000 -214.80140 0.12057 0.99271 -0.00000 -12.94073 -0.00000 0.00000 1.00000 0.00000
1567410237262138 0.99261 -0.12136 0.00000 -216.73623 0.12136 0.99261 -0.00000 -13.11840 -0.00000 0.00000 1.00000 0.00000
1567410237511537 0.99276 -0.12011 0.00000 -218.70610 0.12011 0.99276 -0.00000 -12.84627 -0.00000 0.00000 1.00000 0.00000
1567410237760103 0.99296 -0.11846 0.00000 -220.58220 0.11846 0.99296 -0.00000 -12.48994 -0.00000 0.00000 1.00000 0.00000
1567410238010920 0.99268 -0.12075 0.00000 -222.46731 0.12075 0.99268 -0.00000 -12.95956 -0.00000 0.00000 1.00000 0.00000
1567410238259560 0.99240 -0.12307 0.00000 -224.33655 0.12307 0.99240 -0.00000 -13.51147 -0.00000 0.00000 1.00000 0.00000
1567410238508000 0.99235 -0.12348 0.00000 -226.18419 0.12348 0.99235 -0.00000 -13.67139 -0.00000 0.00000 1.00000 0.00000
1567410238758188 0.99234 -0.12350 0.00000 -228.09389 0.12350 0.99234 -0.00000 -13.68413 -0.00000 0.00000 1.00000 0.00000
1567410239007411 0.99254 -0.12191 0.00000 -230.05972 0.12191 0.99254 -0.00000 -13.29870 -0.00000 0.00000 1.00000 0.00000
1567410239257110 0.99254 -0.12191 0.00000 -231.95976 0.12191 0.99254 -0.00000 -13.34052 -0.00000 0.00000 1.00000 0.00000
1567410239506516 0.99241 -0.12294 0.00000 -233.84620 0.12294 0.99241 -0.00000 -13.61457 -0.00000 0.00000 1.00000 0.00000
1567410239755719 0.99249 -0.12230 0.00000 -235.81951 0.12230 0.99249 -0.00000 -13.47126 -0.00000 0.00000 1.00000 0.00000
1567410240006064 0.99245 -0.12265 0.00000 -237.77693 0.12265 0.99245 -0.00000 -13.60204 -0.00000 0.00000 1.00000 0.00000
1567410240255577 0.99243 -0.12278 0.00000 -239.72349 0.12278 0.99243 -0.00000 -13.60911 -0.00000 0.00000 1.00000 0.00000
1567410240505496 0.99238 -0.12319 0.00000 -241.67095 0.12319 0.99238 -0.00000 -13.76175 -0.00000 0.00000 1.00000 0.00000
1567410240754612 0.99244 -0.12276 0.00000 -243.64234 0.12276 0.99244 -0.00000 -13.64034 -0.00000 0.00000 1.00000 0.00000
1567410241004081 0.99264 -0.12112 0.00000 -245.62415 0.12112 0.99264 -0.00000 -13.22100 -0.00000 0.00000 1.00000 0.00000
1567410241253655 0.99268 -0.12080 0.00000 -247.56897 0.12080 0.99268 -0.00000 -13.14398 -0.00000 0.00000 1.00000 0.00000
1567410241503316 0.99274 -0.12031 0.00000 -249.53738 0.12031 0.99274 -0.00000 -13.00875 -0.00000 0.00000 1.00000 0.00000
1567410241752218 0.99263 -0.12118 0.00000 -251.42166 0.12118 0.99263 -0.00000 -13.26212 -0.00000 0.00000 1.00000 0.00000
1567410242001778 0.99284 -0.11944 0.00000 -253.34606 0.11944 0.99284 -0.00000 -12.84403 -0.00000 0.00000 1.00000 0.00000
1567410242251416 0.99311 -0.11720 0.00000 -255.28291 0.11720 0.99311 -0.00000 -12.21705 -0.00000 0.00000 1.00000 0.00000
1567410242500823 0.99342 -0.11451 0.00000 -257.17282 0.11451 0.99342 -0.00000 -11.55914 -0.00000 0.00000 1.00000 0.00000
1567410242750677 0.99325 -0.11600 0.00000 -258.97955 0.11600 0.99325 -0.00000 -11.92680 -0.00000 0.00000 1.00000 0.00000
1567410242999958 0.99350 -0.11384 0.00000 -260.82815 0.11384 0.99350 -0.00000 -11.39427 -0.00000 0.00000 1.00000 0.00000
1567410243250004 0.99354 -0.11351 0.00000 -262.63610 0.11351 0.99354 -0.00000 -11.28033 -0.00000 0.00000 1.00000 0.00000
1567410243499701 0.99350 -0.11383 0.00000 -264.27566 0.11383 0.99350 -0.00000 -11.34515 -0.00000 0.00000 1.00000 0.00000
1567410243749969 0.99337 -0.11495 0.00000 -266.05558 0.11495 0.99337 -0.00000 -11.62586 -0.00000 0.00000 1.00000 0.00000
1567410243998587 0.99339 -0.11479 0.00000 -267.93207 0.11479 0.99339 -0.00000 -11.65877 -0.00000 0.00000 1.00000 0.00000
1567410244248363 0.99367 -0.11231 0.00000 -269.69447 0.11231 0.99367 -0.00000 -10.93883 -0.00000 0.00000 1.00000 0.00000
1567410244498184 0.99309 -0.11739 0.00000 -271.35280 0.11739 0.99309 -0.00000 -12.31803 -0.00000 0.00000 1.00000 0.00000
1567410244747634 0.99347 -0.11409 0.00000 -273.17186 0.11409 0.99347 -0.00000 -11.37652 -0.00000 0.00000 1.00000 0.00000
1567410244996903 0.99369 -0.11214 0.00000 -275.05373 0.11214 0.99369 -0.00000 -10.86929 -0.00000 0.00000 1.00000 0.00000
1567410245246738 0.99384 -0.11079 0.00000 -276.86442 0.11079 0.99384 -0.00000 -10.50548 -0.00000 0.00000 1.00000 0.00000
1567410245494995 0.99426 -0.10701 0.00000 -278.71367 0.10701 0.99426 -0.00000 -9.42369 -0.00000 0.00000 1.00000 0.00000
1567410245744691 0.99470 -0.10286 0.00000 -280.57291 0.10286 0.99470 -0.00000 -8.27801 -0.00000 0.00000 1.00000 0.00000
1567410245994247 0.99512 -0.09863 0.00000 -282.47176 0.09863 0.99512 -0.00000 -7.12400 -0.00000 0.00000 1.00000 0.00000
1567410246243705 0.99545 -0.09526 0.00000 -284.32512 0.09526 0.99545 -0.00000 -6.19035 -0.00000 0.00000 1.00000 0.00000
1567410246493366 0.99583 -0.09123 0.00000 -286.20051 0.09123 0.99583 -0.00000 -5.03351 -0.00000 0.00000 1.00000 0.00000
1567410246742847 0.99617 -0.08743 0.00000 -288.07445 0.08743 0.99617 -0.00000 -3.93530 -0.00000 0.00000 1.00000 0.00000
1567410246992239 0.99651 -0.08344 0.00000 -289.95417 0.08344 0.99651 -0.00000 -2.81327 -0.00000 0.00000 1.00000 0.00000
1567410247242031 0.99692 -0.07841 0.00000 -291.81556 0.07841 0.99692 -0.00000 -1.36477 -0.00000 0.00000 1.00000 0.00000
1567410247490856 0.99711 -0.07596 0.00000 -293.69671 0.07596 0.99711 -0.00000 -0.64966 -0.00000 0.00000 1.00000 0.00000
1567410247740809 0.99733 -0.07307 0.00000 -295.60086 0.07307 0.99733 -0.00000 0.16996 -0.00000 0.00000 1.00000 0.00000
1567410247990626 0.99755 -0.06997 0.00000 -297.47129 0.06997 0.99755 -0.00000 1.05886 -0.00000 0.00000 1.00000 0.00000
1567410248240469 0.99789 -0.06485 0.00000 -299.32446 0.06485 0.99789 -0.00000 2.57290 -0.00000 0.00000 1.00000 0.00000
1567410248489638 0.99819 -0.06018 0.00000 -301.25139 0.06018 0.99819 -0.00000 3.96015 -0.00000 0.00000 1.00000 0.00000
1567410248740238 0.99855 -0.05383 0.00000 -303.11906 0.05383 0.99855 -0.00000 5.89258 -0.00000 0.00000 1.00000 0.00000
1567410248988851 0.99882 -0.04857 0.00000 -304.97001 0.04857 0.99882 -0.00000 7.46141 -0.00000 0.00000 1.00000 0.00000
1567410249238089 0.99907 -0.04313 0.00000 -306.77377 0.04313 0.99907 -0.00000 9.13442 -0.00000 0.00000 1.00000 0.00000
1567410249487182 0.99929 -0.03762 0.00000 -308.58752 0.03762 0.99929 -0.00000 10.79812 -0.00000 0.00000 1.00000 0.00000
1567410249737211 0.99946 -0.03300 0.00000 -310.39208 0.03300 0.99946 -0.00000 12.24970 -0.00000 0.00000 1.00000 0.00000
1567410249986280 0.99948 -0.03239 0.00000 -312.19771 0.03239 0.99948 -0.00000 12.38111 -0.00000 0.00000 1.00000 0.00000
1567410250235806 0.99944 -0.03332 0.00000 -313.97536 0.03332 0.99944 -0.00000 12.08976 -0.00000 0.00000 1.00000 0.00000
1567410250485075 0.99942 -0.03396 0.00000 -315.70598 0.03396 0.99942 -0.00000 11.86271 -0.00000 0.00000 1.00000 0.00000
1567410250735249 0.99941 -0.03433 0.00000 -317.58479 0.03433 0.99941 -0.00000 11.75288 -0.00000 0.00000 1.00000 0.00000
1567410250983900 0.99960 -0.02818 0.00000 -319.32141 0.02818 0.99960 -0.00000 13.80917 -0.00000 0.00000 1.00000 0.00000
1567410251232637 0.99945 -0.03309 0.00000 -321.19767 0.03309 0.99945 -0.00000 12.15840 -0.00000 0.00000 1.00000 0.00000
1567410251482924 0.99934 -0.03633 0.00000 -322.98059 0.03633 0.99934 -0.00000 11.04232 -0.00000 0.00000 1.00000 0.00000
1567410251731930 0.99944 -0.03350 0.00000 -324.83601 0.03350 0.99944 -0.00000 11.94345 -0.00000 0.00000 1.00000 0.00000
1567410251981708 0.99943 -0.03366 0.00000 -326.67473 0.03366 0.99943 -0.00000 11.90250 -0.00000 0.00000 1.00000 0.00000
1567410252231835 0.99953 -0.03069 0.00000 -328.49738 0.03069 0.99953 -0.00000 12.87891 -0.00000 0.00000 1.00000 0.00000
1567410252480110 0.99964 -0.02681 0.00000 -330.35578 0.02681 0.99964 -0.00000 14.11598 -0.00000 0.00000 1.00000 0.00000
1567410252730329 0.99975 -0.02230 0.00000 -332.16340 0.02230 0.99975 -0.00000 15.60991 -0.00000 0.00000 1.00000 0.00000
1567410252979616 0.99981 -0.01974 0.00000 -334.02459 0.01974 0.99981 -0.00000 16.48987 -0.00000 0.00000 1.00000 0.00000
1567410253228921 0.99986 -0.01652 0.00000 -335.87767 0.01652 0.99986 -0.00000 17.54075 -0.00000 0.00000 1.00000 0.00000
1567410253480088 0.99992 -0.01291 0.00000 -337.74045 0.01291 0.99992 -0.00000 18.71018 -0.00000 0.00000 1.00000 0.00000
1567410253729525 0.99997 -0.00710 0.00000 -339.57007 0.00710 0.99997 -0.00000 20.66989 -0.00000 0.00000 1.00000 0.00000
1567410253979006 0.99999 -0.00451 0.00000 -341.51953 0.00451 0.99999 -0.00000 21.54606 -0.00000 0.00000 1.00000 0.00000
1567410254228824 1.00000 -0.00219 0.00000 -343.46243 0.00219 1.00000 -0.00000 22.29699 -0.00000 0.00000 1.00000 0.00000
1567410254478256 1.00000 -0.00097 0.00000 -345.41741 0.00097 1.00000 -0.00000 22.68315 -0.00000 0.00000 1.00000 0.00000
1567410254726814 1.00000 -0.00182 0.00000 -347.43906 0.00182 1.00000 -0.00000 22.41737 -0.00000 0.00000 1.00000 0.00000
1567410254976206 1.00000 -0.00102 0.00000 -349.44894 0.00102 1.00000 -0.00000 22.69081 -0.00000 0.00000 1.00000 0.00000
1567410255225807 1.00000 -0.00015 0.00000 -351.45507 0.00015 1.00000 -0.00000 22.96839 -0.00000 0.00000 1.00000 0.00000
1567410255475409 1.00000 0.00189 -0.00000 -353.46858 -0.00189 1.00000 0.00000 23.65369 0.00000 -0.00000 1.00000 -0.00000
1567410255726137 0.99999 0.00399 -0.00000 -355.46653 -0.00399 0.99999 0.00000 24.38604 0.00000 -0.00000 1.00000 -0.00000
1567410255974784 0.99999 0.00345 -0.00000 -357.59318 -0.00345 0.99999 0.00000 24.16743 0.00000 -0.00000 1.00000 -0.00000
1567410256224127 0.99999 0.00398 -0.00000 -359.64988 -0.00398 0.99999 0.00000 24.34966 0.00000 -0.00000 1.00000 -0.00000
1567410256473594 0.99999 0.00425 -0.00000 -361.74226 -0.00425 0.99999 0.00000 24.43180 0.00000 -0.00000 1.00000 -0.00000
1567410256722943 0.99999 0.00370 -0.00000 -363.85400 -0.00370 0.99999 0.00000 24.21008 0.00000 -0.00000 1.00000 -0.00000
1567410256973033 0.99999 0.00434 -0.00000 -365.99438 -0.00434 0.99999 0.00000 24.41506 0.00000 -0.00000 1.00000 -0.00000
1567410257221763 0.99999 0.00501 -0.00000 -368.12402 -0.00501 0.99999 0.00000 24.63713 0.00000 -0.00000 1.00000 -0.00000
1567410257471165 0.99998 0.00574 -0.00000 -370.22985 -0.00574 0.99998 0.00000 24.93828 0.00000 -0.00000 1.00000 -0.00000
1567410257720965 0.99998 0.00591 -0.00000 -372.35097 -0.00591 0.99998 0.00000 24.98170 0.00000 -0.00000 1.00000 -0.00000
1567410257970501 0.99997 0.00747 -0.00000 -374.50632 -0.00747 0.99997 0.00000 25.55410 0.00000 -0.00000 1.00000 -0.00000
1567410258219536 0.99995 0.01043 -0.00000 -376.67148 -0.01043 0.99995 0.00000 26.62445 0.00000 -0.00000 1.00000 -0.00000
1567410258469037 0.99990 0.01383 -0.00000 -378.72169 -0.01383 0.99990 0.00000 27.88818 0.00000 -0.00000 1.00000 -0.00000
1567410258721242 0.99990 0.01414 -0.00000 -380.91900 -0.01414 0.99990 0.00000 27.99408 0.00000 -0.00000 1.00000 -0.00000
1567410258968430 0.99987 0.01621 -0.00000 -383.10247 -0.01621 0.99987 0.00000 28.77754 0.00000 -0.00000 1.00000 -0.00000
1567410259218726 0.99983 0.01829 -0.00000 -385.21593 -0.01829 0.99983 0.00000 29.55125 0.00000 -0.00000 1.00000 -0.00000
1567410259468454 0.99980 0.02021 -0.00000 -387.41942 -0.02021 0.99980 0.00000 30.29569 0.00000 -0.00000 1.00000 -0.00000
1567410259718175 0.99976 0.02197 -0.00000 -389.61110 -0.02197 0.99976 0.00000 30.97315 0.00000 -0.00000 1.00000 -0.00000
1567410259967549 0.99971 0.02399 -0.00000 -391.76301 -0.02399 0.99971 0.00000 31.75712 0.00000 -0.00000 1.00000 -0.00000
1567410260216656 0.99967 0.02567 -0.00000 -393.84743 -0.02567 0.99967 0.00000 32.41586 0.00000 -0.00000 1.00000 -0.00000
1567410260465898 0.99963 0.02726 -0.00000 -395.96303 -0.02726 0.99963 0.00000 33.05475 0.00000 -0.00000 1.00000 -0.00000
1567410260714324 0.99954 0.03038 -0.00000 -397.95228 -0.03038 0.99954 0.00000 34.32487 0.00000 -0.00000 1.00000 -0.00000
1567410260964083 0.99943 0.03376 -0.00000 -399.91430 -0.03376 0.99943 0.00000 35.61764 0.00000 -0.00000 1.00000 -0.00000
1567410261213270 0.99927 0.03830 -0.00000 -401.83884 -0.03830 0.99927 0.00000 37.41255 0.00000 -0.00000 1.00000 -0.00000
1567410261462452 0.99909 0.04256 -0.00000 -403.79279 -0.04256 0.99909 0.00000 39.15563 0.00000 -0.00000 1.00000 -0.00000
1567410261712135 0.99886 0.04777 -0.00000 -405.63639 -0.04777 0.99886 0.00000 41.27371 0.00000 -0.00000 1.00000 -0.00000
1567410261961358 0.99870 0.05090 -0.00000 -407.56830 -0.05090 0.99870 0.00000 42.52287 0.00000 -0.00000 1.00000 -0.00000
1567410262210536 0.99848 0.05508 -0.00000 -409.41922 -0.05508 0.99848 0.00000 44.22253 0.00000 -0.00000 1.00000 -0.00000
1567410262459494 0.99822 0.05971 -0.00000 -411.29829 -0.05971 0.99822 0.00000 46.10142 0.00000 -0.00000 1.00000 -0.00000
1567410262708557 0.99797 0.06367 -0.00000 -413.20800 -0.06367 0.99797 0.00000 47.68825 0.00000 -0.00000 1.00000 -0.00000
1567410262957755 0.99786 0.06545 -0.00000 -415.18625 -0.06545 0.99786 0.00000 48.45583 0.00000 -0.00000 1.00000 -0.00000
1567410263207749 0.99773 0.06727 -0.00000 -417.16055 -0.06727 0.99773 0.00000 49.19782 0.00000 -0.00000 1.00000 -0.00000
1567410263457397 0.99749 0.07086 -0.00000 -419.07401 -0.07086 0.99749 0.00000 50.70471 0.00000 -0.00000 1.00000 -0.00000
1567410263706684 0.99733 0.07296 -0.00000 -421.09496 -0.07296 0.99733 0.00000 51.54519 0.00000 -0.00000 1.00000 -0.00000
1567410263956233 0.99704 0.07694 -0.00000 -422.97024 -0.07694 0.99704 0.00000 53.25214 0.00000 -0.00000 1.00000 -0.00000
1567410264205295 0.99667 0.08158 -0.00000 -424.84038 -0.08158 0.99667 0.00000 55.20600 0.00000 -0.00000 1.00000 -0.00000
1567410264455946 0.99640 0.08483 -0.00000 -426.73679 -0.08483 0.99640 0.00000 56.55214 0.00000 -0.00000 1.00000 -0.00000
1567410264704119 0.99601 0.08920 -0.00000 -428.56624 -0.08920 0.99601 0.00000 58.43483 0.00000 -0.00000 1.00000 -0.00000
1567410264952664 0.99548 0.09502 -0.00000 -430.33485 -0.09502 0.99548 0.00000 60.89098 0.00000 -0.00000 1.00000 -0.00000
1567410265202447 0.99506 0.09925 -0.00000 -432.09108 -0.09925 0.99506 0.00000 62.70526 0.00000 -0.00000 1.00000 -0.00000
1567410265451975 0.99480 0.10184 -0.00000 -433.93075 -0.10184 0.99480 0.00000 63.80302 0.00000 -0.00000 1.00000 -0.00000
1567410265700944 0.99426 0.10698 -0.00000 -435.52971 -0.10698 0.99426 0.00000 66.02372 0.00000 -0.00000 1.00000 -0.00000
1567410265950215 0.99394 0.10997 -0.00000 -437.32028 -0.10997 0.99394 0.00000 67.32583 0.00000 -0.00000 1.00000 -0.00000
1567410266199857 0.99363 0.11268 -0.00000 -439.04001 -0.11268 0.99363 0.00000 68.49911 0.00000 -0.00000 1.00000 -0.00000
1567410266449556 0.99275 0.12019 -0.00000 -440.34966 -0.12019 0.99275 0.00000 71.85121 0.00000 -0.00000 1.00000 -0.00000
1567410266698427 0.99243 0.12281 -0.00000 -442.03192 -0.12281 0.99243 0.00000 72.97411 0.00000 -0.00000 1.00000 -0.00000
1567410266948064 0.99247 0.12248 -0.00000 -443.99673 -0.12248 0.99247 0.00000 72.78734 0.00000 -0.00000 1.00000 -0.00000
1567410267196395 0.99218 0.12478 -0.00000 -445.70913 -0.12478 0.99218 0.00000 73.79966 0.00000 -0.00000 1.00000 -0.00000
1567410267446888 0.99118 0.13255 -0.00000 -446.82224 -0.13255 0.99118 0.00000 77.26146 0.00000 -0.00000 1.00000 -0.00000
1567410267696346 0.99092 0.13445 -0.00000 -448.61773 -0.13445 0.99092 0.00000 78.13152 0.00000 -0.00000 1.00000 -0.00000
1567410267945221 0.99043 0.13804 -0.00000 -450.23083 -0.13804 0.99043 0.00000 79.75943 0.00000 -0.00000 1.00000 -0.00000
1567410268194788 0.98971 0.14308 -0.00000 -451.65822 -0.14308 0.98971 0.00000 82.01371 0.00000 -0.00000 1.00000 -0.00000
1567410268444332 0.98950 0.14453 -0.00000 -453.46390 -0.14453 0.98950 0.00000 82.65503 0.00000 -0.00000 1.00000 -0.00000
1567410268693528 0.98850 0.15119 -0.00000 -454.74099 -0.15119 0.98850 0.00000 85.73149 0.00000 -0.00000 1.00000 -0.00000
1567410268942767 0.98833 0.15236 -0.00000 -456.57871 -0.15236 0.98833 0.00000 86.28111 0.00000 -0.00000 1.00000 -0.00000
1567410269191829 0.98751 0.15755 -0.00000 -458.03451 -0.15755 0.98751 0.00000 88.71824 0.00000 -0.00000 1.00000 -0.00000
1567410269441709 0.98705 0.16042 -0.00000 -459.68945 -0.16042 0.98705 0.00000 90.01306 0.00000 -0.00000 1.00000 -0.00000
1567410269691692 0.98633 0.16480 -0.00000 -461.23294 -0.16480 0.98633 0.00000 92.04446 0.00000 -0.00000 1.00000 -0.00000
1567410269942033 0.98553 0.16949 -0.00000 -462.66628 -0.16949 0.98553 0.00000 94.25459 0.00000 -0.00000 1.00000 -0.00000
1567410270189567 0.98509 0.17205 -0.00000 -464.33114 -0.17205 0.98509 0.00000 95.42688 0.00000 -0.00000 1.00000 -0.00000
1567410270440192 0.98449 0.17546 -0.00000 -465.82406 -0.17546 0.98449 0.00000 97.01963 0.00000 -0.00000 1.00000 -0.00000
1567410270688851 0.98348 0.18104 -0.00000 -467.01735 -0.18104 0.98348 0.00000 99.62893 0.00000 -0.00000 1.00000 -0.00000
1567410270937134 0.98326 0.18220 -0.00000 -468.73064 -0.18220 0.98326 0.00000 100.21242 0.00000 -0.00000 1.00000 -0.00000
1567410271188786 0.98247 0.18640 -0.00000 -470.07117 -0.18640 0.98247 0.00000 102.19599 0.00000 -0.00000 1.00000 -0.00000
1567410271435577 0.98137 0.19212 -0.00000 -471.23587 -0.19212 0.98137 0.00000 104.93615 0.00000 -0.00000 1.00000 -0.00000
1567410271685822 0.98074 0.19532 -0.00000 -472.68412 -0.19532 0.98074 0.00000 106.47964 0.00000 -0.00000 1.00000 -0.00000
1567410271935474 0.98028 0.19760 -0.00000 -474.23819 -0.19760 0.98028 0.00000 107.59711 0.00000 -0.00000 1.00000 -0.00000
1567410272184728 0.97936 0.20214 -0.00000 -475.56604 -0.20214 0.97936 0.00000 109.73993 0.00000 -0.00000 1.00000 -0.00000
1567410272436682 0.97869 0.20535 -0.00000 -477.02593 -0.20535 0.97869 0.00000 111.29085 0.00000 -0.00000 1.00000 -0.00000
1567410272684000 0.97853 0.20610 -0.00000 -478.81747 -0.20610 0.97853 0.00000 111.66276 0.00000 -0.00000 1.00000 -0.00000
1567410272933274 0.97820 0.20768 -0.00000 -480.49337 -0.20768 0.97820 0.00000 112.44274 0.00000 -0.00000 1.00000 -0.00000
1567410273182683 0.97798 0.20870 -0.00000 -482.24262 -0.20870 0.97798 0.00000 112.93220 0.00000 -0.00000 1.00000 -0.00000
1567410273432039 0.97812 0.20806 -0.00000 -484.18230 -0.20806 0.97812 0.00000 112.61061 0.00000 -0.00000 1.00000 -0.00000
1567410273681042 0.97752 0.21086 -0.00000 -485.74028 -0.21086 0.97752 0.00000 114.01537 0.00000 -0.00000 1.00000 -0.00000
1567410273930412 0.97711 0.21273 -0.00000 -487.44354 -0.21273 0.97711 0.00000 114.90510 0.00000 -0.00000 1.00000 -0.00000
1567410274179963 0.97582 0.21859 -0.00000 -488.65483 -0.21859 0.97582 0.00000 117.78849 0.00000 -0.00000 1.00000 -0.00000
1567410274430208 0.97483 0.22293 -0.00000 -490.10023 -0.22293 0.97483 0.00000 120.01944 0.00000 -0.00000 1.00000 -0.00000
1567410274678807 0.97395 0.22678 -0.00000 -491.59234 -0.22678 0.97395 0.00000 121.90900 0.00000 -0.00000 1.00000 -0.00000
1567410274928024 0.97321 0.22993 -0.00000 -493.16704 -0.22993 0.97321 0.00000 123.48241 0.00000 -0.00000 1.00000 -0.00000
1567410275177872 0.97250 0.23289 -0.00000 -494.76015 -0.23289 0.97250 0.00000 124.97064 0.00000 -0.00000 1.00000 -0.00000
1567410275426728 0.97216 0.23431 -0.00000 -496.57682 -0.23431 0.97216 0.00000 125.72158 0.00000 -0.00000 1.00000 -0.00000
1567410275675894 0.97128 0.23792 -0.00000 -498.13758 -0.23792 0.97128 0.00000 127.54123 0.00000 -0.00000 1.00000 -0.00000
1567410275925507 0.97130 0.23785 -0.00000 -500.15280 -0.23785 0.97130 0.00000 127.47771 0.00000 -0.00000 1.00000 -0.00000
1567410276174718 0.97021 0.24225 -0.00000 -501.56314 -0.24225 0.97021 0.00000 129.79277 0.00000 -0.00000 1.00000 -0.00000
1567410276424118 0.96943 0.24537 -0.00000 -503.07697 -0.24537 0.96943 0.00000 131.31432 0.00000 -0.00000 1.00000 -0.00000
1567410276673632 0.96836 0.24955 -0.00000 -504.47755 -0.24955 0.96836 0.00000 133.50278 0.00000 -0.00000 1.00000 -0.00000
1567410276922642 0.96722 0.25394 -0.00000 -505.75220 -0.25394 0.96722 0.00000 135.78507 0.00000 -0.00000 1.00000 -0.00000
1567410277172115 0.96583 0.25918 -0.00000 -506.93210 -0.25918 0.96583 0.00000 138.52495 0.00000 -0.00000 1.00000 -0.00000
1567410277421394 0.96478 0.26304 -0.00000 -508.25250 -0.26304 0.96478 0.00000 140.54897 0.00000 -0.00000 1.00000 -0.00000
1567410277670831 0.96351 0.26767 -0.00000 -509.41824 -0.26767 0.96351 0.00000 142.96052 0.00000 -0.00000 1.00000 -0.00000
1567410277920299 0.96155 0.27463 -0.00000 -510.15907 -0.27463 0.96155 0.00000 146.59299 0.00000 -0.00000 1.00000 -0.00000
1567410278169909 0.96062 0.27787 -0.00000 -511.48671 -0.27787 0.96062 0.00000 148.37766 0.00000 -0.00000 1.00000 -0.00000
1567410278418758 0.95907 0.28318 -0.00000 -512.46171 -0.28318 0.95907 0.00000 151.16761 0.00000 -0.00000 1.00000 0.00000
1567410278669482 0.95720 0.28944 -0.00000 -513.20261 -0.28944 0.95720 0.00000 154.57306 0.00000 -0.00000 1.00000 0.00000
1567410278918389 0.95637 0.29217 -0.00000 -514.49197 -0.29217 0.95637 0.00000 156.00736 0.00000 -0.00000 1.00000 0.00000
1567410279167462 0.95534 0.29551 -0.00000 -515.71068 -0.29551 0.95534 0.00000 157.79389 0.00000 -0.00000 1.00000 0.00000
1567410279415518 0.95519 0.29599 -0.00000 -517.35596 -0.29599 0.95519 0.00000 158.09004 0.00000 -0.00000 1.00000 0.00000
1567410279666064 0.95428 0.29892 -0.00000 -518.46747 -0.29892 0.95428 0.00000 159.63559 0.00000 -0.00000 1.00000 0.00000
1567410279915313 0.95379 0.30047 -0.00000 -519.89824 -0.30047 0.95379 0.00000 160.42174 0.00000 -0.00000 1.00000 0.00000
1567410280164531 0.95356 0.30119 -0.00000 -521.40758 -0.30119 0.95356 0.00000 160.86136 0.00000 -0.00000 1.00000 0.00000
1567410280413674 0.95319 0.30238 -0.00000 -522.82594 -0.30238 0.95319 0.00000 161.52933 0.00000 -0.00000 1.00000 0.00000
1567410280663364 0.95243 0.30475 -0.00000 -524.00990 -0.30475 0.95243 0.00000 162.80549 0.00000 -0.00000 1.00000 0.00000
1567410280912973 0.95254 0.30442 -0.00000 -525.67827 -0.30442 0.95254 0.00000 162.57697 0.00000 -0.00000 1.00000 0.00000
1567410281161866 0.95509 0.29632 -0.00000 -528.56043 -0.29632 0.95509 0.00000 158.14569 0.00000 -0.00000 1.00000 0.00000
1567410281410852 0.95755 0.28826 -0.00000 -531.33492 -0.28826 0.95755 0.00000 153.65594 0.00000 -0.00000 1.00000 0.00000
1567410281660395 0.96320 0.26879 -0.00000 -535.72575 -0.26879 0.96320 0.00000 142.85836 0.00000 -0.00000 1.00000 0.00000
1567410281909746 0.97016 0.24246 -0.00000 -540.77540 -0.24246 0.97016 0.00000 128.22924 0.00000 -0.00000 1.00000 0.00000
1567410282159034 0.97786 0.20925 -0.00000 -546.10373 -0.20925 0.97786 0.00000 109.75534 0.00000 -0.00000 1.00000 0.00000
1567410282409495 0.98721 0.15941 -0.00000 -552.18830 -0.15941 0.98721 0.00000 82.01583 0.00000 -0.00000 1.00000 0.00000
1567410282657404 0.99469 0.10294 -0.00000 -557.06943 -0.10294 0.99469 0.00000 50.52323 0.00000 -0.00000 1.00000 0.00000
1567410282907011 0.99935 0.03591 -0.00000 -560.25844 -0.03591 0.99935 0.00000 13.07455 0.00000 -0.00000 1.00000 0.00000
1567410283156684 0.99942 -0.03397 0.00000 -560.85182 0.03397 0.99942 -0.00000 -25.94221 -0.00000 0.00000 1.00000 0.00000
1567410283404663 0.99385 -0.11074 0.00000 -558.20388 0.11074 0.99385 -0.00000 -68.91211 -0.00000 0.00000 1.00000 0.00000
1567410283654623 0.98059 -0.19607 0.00000 -551.10018 0.19607 0.98059 -0.00000 -116.74043 -0.00000 0.00000 1.00000 0.00000
1567410283903860 0.95571 -0.29431 0.00000 -537.47397 0.29431 0.95571 -0.00000 -171.79714 -0.00000 0.00000 1.00000 0.00000
1567410284152724 0.91887 -0.39457 0.00000 -517.02976 0.39457 0.91887 -0.00000 -228.05328 -0.00000 0.00000 1.00000 0.00000
1567410284402156 0.86583 -0.50034 0.00000 -487.45705 0.50034 0.86583 -0.00000 -287.40052 -0.00000 0.00000 1.00000 0.00000
1567410284651620 0.79470 -0.60700 0.00000 -447.61650 0.60700 0.79470 -0.00000 -347.28362 -0.00000 0.00000 1.00000 0.00000
1567410284900868 0.70674 -0.70747 0.00000 -398.35422 0.70747 0.70674 -0.00000 -403.75991 -0.00000 0.00000 1.00000 0.00000
1567410285150356 0.60524 -0.79604 0.00000 -341.45273 0.79604 0.60524 -0.00000 -453.45629 -0.00000 0.00000 1.00000 0.00000
1567410285399782 0.49202 -0.87058 0.00000 -278.04292 0.87058 0.49202 -0.00000 -495.35908 -0.00000 0.00000 1.00000 0.00000
1567410285650273 0.37145 -0.92845 0.00000 -210.38197 0.92845 0.37145 -0.00000 -527.87967 -0.00000 0.00000 1.00000 0.00000
1567410285899310 0.25964 -0.96571 0.00000 -147.89968 0.96571 0.25964 -0.00000 -548.75355 -0.00000 0.00000 1.00000 0.00000
1567410286147093 0.16534 -0.98624 0.00000 -95.41975 0.98624 0.16534 -0.00000 -560.38664 -0.00000 0.00000 1.00000 0.00000
1567410286396270 0.10335 -0.99464 0.00000 -61.30546 0.99464 0.10335 -0.00000 -565.17756 -0.00000 0.00000 1.00000 0.00000
1567410286646054 0.06081 -0.99815 0.00000 -38.33460 0.99815 0.06081 -0.00000 -567.25750 -0.00000 0.00000 1.00000 0.00000
1567410286896042 0.03334 -0.99944 0.00000 -23.99741 0.99944 0.03334 -0.00000 -568.15569 -0.00000 0.00000 1.00000 0.00000
1567410287144985 0.01479 -0.99989 0.00000 -14.78228 0.99989 0.01479 -0.00000 -568.58704 -0.00000 0.00000 1.00000 0.00000
1567410287396648 0.00166 -1.00000 0.00000 -8.69953 1.00000 0.00166 -0.00000 -568.78228 -0.00000 0.00000 1.00000 0.00000
1567410287645677 -0.00571 -0.99998 0.00000 -5.81451 0.99998 -0.00571 0.00000 -568.77366 0.00000 0.00000 1.00000 0.00000
1567410287893980 -0.00887 -0.99996 0.00000 -5.44080 0.99996 -0.00887 0.00000 -568.79787 0.00000 0.00000 1.00000 0.00000
1567410288143653 -0.01108 -0.99994 0.00000 -5.61965 0.99994 -0.01108 0.00000 -568.82643 0.00000 0.00000 1.00000 0.00000
1567410288393418 -0.01012 -0.99995 0.00000 -7.64259 0.99995 -0.01012 0.00000 -568.81542 0.00000 0.00000 1.00000 0.00000
1567410288644778 -0.00809 -0.99997 0.00000 -10.30891 0.99997 -0.00809 0.00000 -568.79142 0.00000 0.00000 1.00000 0.00000
1567410288894734 -0.00587 -0.99998 0.00000 -13.11625 0.99998 -0.00587 0.00000 -568.75841 0.00000 0.00000 1.00000 0.00000
1567410289142660 -0.00672 -0.99998 0.00000 -14.18667 0.99998 -0.00672 0.00000 -568.78837 0.00000 0.00000 1.00000 0.00000
1567410289391694 -0.00507 -0.99999 0.00000 -16.73712 0.99999 -0.00507 0.00000 -568.81344 0.00000 0.00000 1.00000 0.00000
1567410289641014 -0.00514 -0.99999 0.00000 -18.29936 0.99999 -0.00514 0.00000 -568.79306 0.00000 0.00000 1.00000 0.00000
1567410289890760 -0.00625 -0.99998 0.00000 -19.34973 0.99998 -0.00625 0.00000 -568.83339 0.00000 0.00000 1.00000 0.00000
1567410290140551 -0.00672 -0.99998 0.00000 -20.77700 0.99998 -0.00672 0.00000 -568.77902 0.00000 0.00000 1.00000 0.00000
1567410290389607 -0.00687 -0.99998 0.00000 -22.41243 0.99998 -0.00687 0.00000 -568.83433 0.00000 0.00000 1.00000 0.00000
1567410290639191 -0.00828 -0.99997 0.00000 -23.34988 0.99997 -0.00828 0.00000 -568.84100 0.00000 0.00000 1.00000 0.00000
