1547822825867784 1.00000 0.00000 0.00000 -0.00000 0.00000 1.00000 0.00000 -0.00000 0.00000 0.00000 1.00000 -0.00000
1547822826121499 1.00000 -0.00009 0.00000 -0.00537 0.00009 1.00000 -0.00000 -0.00779 -0.00000 0.00000 1.00000 0.00000
1547822826375238 1.00000 -0.00007 0.00000 -0.00085 0.00007 1.00000 -0.00000 -0.00321 -0.00000 0.00000 1.00000 0.00000
1547822826627382 1.00000 -0.00005 0.00000 0.00330 0.00005 1.00000 -0.00000 -0.00275 -0.00000 0.00000 1.00000 -0.00000
1547822826878072 1.00000 0.00027 -0.00000 -0.00342 -0.00027 1.00000 0.00000 -0.00163 0.00000 -0.00000 1.00000 0.00000
1547822827127130 1.00000 0.00011 -0.00000 -0.00115 -0.00011 1.00000 0.00000 -0.00308 0.00000 -0.00000 1.00000 0.00000
1547822827376029 1.00000 0.00023 -0.00000 0.00160 -0.00023 1.00000 0.00000 -0.00475 0.00000 -0.00000 1.00000 0.00000
1547822827624825 1.00000 -0.00007 0.00000 -0.00381 0.00007 1.00000 -0.00000 -0.01090 -0.00000 0.00000 1.00000 0.00000
1547822827873296 1.00000 -0.00014 0.00000 -0.00608 0.00014 1.00000 -0.00000 -0.01085 -0.00000 0.00000 1.00000 0.00000
1547822828122845 1.00000 0.00018 -0.00000 -0.00273 -0.00018 1.00000 0.00000 -0.00496 0.00000 -0.00000 1.00000 0.00000
1547822828373564 1.00000 0.00028 -0.00000 0.00104 -0.00028 1.00000 0.00000 0.00380 0.00000 -0.00000 1.00000 0.00000
1547822828624376 1.00000 0.00018 -0.00000 0.00164 -0.00018 1.00000 0.00000 -0.00100 0.00000 -0.00000 1.00000 0.00000
1547822828874856 1.00000 0.00024 -0.00000 -0.00126 -0.00024 1.00000 0.00000 -0.00440 0.00000 -0.00000 1.00000 0.00000
1547822829124871 1.00000 0.00033 -0.00000 -0.00108 -0.00033 1.00000 0.00000 0.00456 0.00000 -0.00000 1.00000 -0.00000
1547822829374308 1.00000 -0.00004 0.00000 -0.00087 0.00004 1.00000 -0.00000 -0.00096 -0.00000 0.00000 1.00000 0.00000
1547822829623733 1.00000 0.00006 -0.00000 0.00338 -0.00006 1.00000 0.00000 -0.00258 0.00000 -0.00000 1.00000 0.00000
1547822829872930 1.00000 0.00012 -0.00000 0.00422 -0.00012 1.00000 0.00000 -0.00556 0.00000 -0.00000 1.00000 0.00000
1547822830121632 1.00000 0.00028 -0.00000 0.00202 -0.00028 1.00000 0.00000 -0.00636 0.00000 -0.00000 1.00000 0.00000
1547822830370486 1.00000 0.00037 -0.00000 0.00253 -0.00037 1.00000 0.00000 -0.00158 0.00000 -0.00000 1.00000 0.00000
1547822830618760 1.00000 0.00038 -0.00000 0.00415 -0.00038 1.00000 0.00000 -0.00139 0.00000 -0.00000 1.00000 0.00000
1547822830866789 1.00000 0.00008 -0.00000 0.00045 -0.00008 1.00000 0.00000 -0.00606 0.00000 -0.00000 1.00000 0.00000
1547822831114886 1.00000 -0.00002 0.00000 -0.00022 0.00002 1.00000 -0.00000 -0.00717 -0.00000 0.00000 1.00000 0.00000
1547822831362678 1.00000 0.00017 -0.00000 -0.00203 -0.00017 1.00000 0.00000 -0.00547 0.00000 -0.00000 1.00000 0.00000
1547822831609903 1.00000 0.00021 -0.00000 0.00201 -0.00021 1.00000 0.00000 -0.00540 0.00000 -0.00000 1.00000 0.00000
1547822831858236 1.00000 0.00024 -0.00000 -0.00070 -0.00024 1.00000 0.00000 -0.00275 0.00000 -0.00000 1.00000 0.00000
1547822832107572 1.00000 0.00030 -0.00000 -0.00053 -0.00030 1.00000 0.00000 -0.00761 0.00000 -0.00000 1.00000 0.00000
1547822832357645 1.00000 0.00039 -0.00000 0.00385 -0.00039 1.00000 0.00000 0.00121 0.00000 -0.00000 1.00000 0.00000
1547822832608849 1.00000 0.00027 -0.00000 0.00052 -0.00027 1.00000 0.00000 0.00076 0.00000 -0.00000 1.00000 0.00000
1547822832861016 1.00000 0.00012 -0.00000 0.00280 -0.00012 1.00000 0.00000 0.00487 0.00000 -0.00000 1.00000 0.00000
1547822833113101 1.00000 0.00022 -0.00000 0.00276 -0.00022 1.00000 0.00000 0.00080 0.00000 -0.00000 1.00000 0.00000
1547822833365031 1.00000 0.00023 -0.00000 -0.00177 -0.00023 1.00000 0.00000 -0.00209 0.00000 -0.00000 1.00000 0.00000
1547822833615634 1.00000 0.00025 -0.00000 -0.00465 -0.00025 1.00000 0.00000 -0.00269 0.00000 -0.00000 1.00000 0.00000
1547822833864713 1.00000 0.00033 -0.00000 -0.00305 -0.00033 1.00000 0.00000 -0.00204 0.00000 -0.00000 1.00000 0.00000
1547822834113552 1.00000 0.00020 -0.00000 0.00009 -0.00020 1.00000 0.00000 -0.00219 0.00000 -0.00000 1.00000 0.00000
1547822834361968 1.00000 0.00021 -0.00000 0.00220 -0.00021 1.00000 0.00000 0.00238 0.00000 -0.00000 1.00000 0.00000
1547822834610327 1.00000 0.00015 -0.00000 -0.00157 -0.00015 1.00000 0.00000 0.00192 0.00000 -0.00000 1.00000 -0.00000
1547822834859781 1.00000 0.00017 -0.00000 -0.00088 -0.00017 1.00000 0.00000 0.00181 0.00000 -0.00000 1.00000 -0.00000
1547822835110436 1.00000 0.00013 -0.00000 0.00206 -0.00013 1.00000 0.00000 -0.00573 0.00000 -0.00000 1.00000 0.00000
1547822835361471 1.00000 0.00029 -0.00000 0.00209 -0.00029 1.00000 0.00000 0.00034 0.00000 -0.00000 1.00000 0.00000
1547822835612263 1.00000 0.00039 -0.00000 -0.00180 -0.00039 1.00000 0.00000 0.00074 0.00000 -0.00000 1.00000 -0.00000
1547822835862186 1.00000 0.00022 -0.00000 -0.00065 -0.00022 1.00000 0.00000 -0.00423 0.00000 -0.00000 1.00000 0.00000
1547822836111540 1.00000 0.00021 -0.00000 0.00313 -0.00021 1.00000 0.00000 -0.01101 0.00000 -0.00000 1.00000 0.00000
1547822836361160 1.00000 0.00032 -0.00000 0.00240 -0.00032 1.00000 0.00000 0.00077 0.00000 -0.00000 1.00000 0.00000
1547822836610228 1.00000 0.00016 -0.00000 0.00398 -0.00016 1.00000 0.00000 0.00008 0.00000 -0.00000 1.00000 0.00000
1547822836858728 1.00000 0.00024 -0.00000 -0.00277 -0.00024 1.00000 0.00000 -0.00146 0.00000 -0.00000 1.00000 0.00000
1547822837107203 1.00000 0.00036 -0.00000 0.00555 -0.00036 1.00000 0.00000 0.00384 0.00000 -0.00000 1.00000 0.00000
1547822837355546 1.00000 0.00018 -0.00000 0.00212 -0.00018 1.00000 0.00000 0.00087 0.00000 -0.00000 1.00000 0.00000
1547822837603843 1.00000 0.00022 -0.00000 0.00299 -0.00022 1.00000 0.00000 -0.00375 0.00000 -0.00000 1.00000 0.00000
1547822837852005 1.00000 0.00018 -0.00000 -0.00544 -0.00018 1.00000 0.00000 -0.00143 0.00000 -0.00000 1.00000 0.00000
1547822838099834 1.00000 0.00024 -0.00000 -0.00196 -0.00024 1.00000 0.00000 -0.00429 0.00000 -0.00000 1.00000 0.00000
1547822838347517 1.00000 -0.00004 0.00000 -0.00256 0.00004 1.00000 -0.00000 -0.00805 -0.00000 0.00000 1.00000 0.00000
1547822838595750 1.00000 -0.00000 0.00000 -0.00503 0.00000 1.00000 -0.00000 -0.00534 -0.00000 0.00000 1.00000 0.00000
1547822838845277 1.00000 0.00016 -0.00000 -0.00218 -0.00016 1.00000 0.00000 -0.00944 0.00000 -0.00000 1.00000 0.00000
1547822839095594 1.00000 0.00011 -0.00000 -0.00102 -0.00011 1.00000 0.00000 -0.00978 0.00000 -0.00000 1.00000 0.00000
1547822839347404 1.00000 0.00017 -0.00000 -0.00244 -0.00017 1.00000 0.00000 -0.00281 0.00000 -0.00000 1.00000 0.00000
1547822839600116 1.00000 0.00021 -0.00000 -0.00269 -0.00021 1.00000 0.00000 -0.00646 0.00000 -0.00000 1.00000 0.00000
1547822839852279 1.00000 -0.00005 0.00000 -0.00438 0.00005 1.00000 -0.00000 -0.00620 -0.00000 0.00000 1.00000 0.00000
1547822840104407 1.00000 0.00006 -0.00000 -0.00563 -0.00006 1.00000 0.00000 -0.00578 0.00000 -0.00000 1.00000 0.00000
1547822840355089 1.00000 0.00028 -0.00000 -0.00174 -0.00028 1.00000 0.00000 -0.00638 0.00000 -0.00000 1.00000 0.00000
1547822840604250 1.00000 0.00039 -0.00000 -0.00196 -0.00039 1.00000 0.00000 -0.00529 0.00000 -0.00000 1.00000 0.00000
1547822840853313 1.00000 0.00016 -0.00000 0.00269 -0.00016 1.00000 0.00000 -0.00376 0.00000 -0.00000 1.00000 0.00000
1547822841102178 1.00000 0.00013 -0.00000 0.00176 -0.00013 1.00000 0.00000 -0.00556 0.00000 -0.00000 1.00000 0.00000
1547822841350765 1.00000 0.00029 -0.00000 0.00387 -0.00029 1.00000 0.00000 -0.00233 0.00000 -0.00000 1.00000 0.00000
1547822841599157 1.00000 0.00029 -0.00000 0.00101 -0.00029 1.00000 0.00000 -0.00341 0.00000 -0.00000 1.00000 0.00000
1547822841848305 1.00000 0.00025 -0.00000 0.00215 -0.00025 1.00000 0.00000 -0.00489 0.00000 -0.00000 1.00000 0.00000
1547822842098486 1.00000 0.00034 -0.00000 0.00294 -0.00034 1.00000 0.00000 -0.00232 0.00000 -0.00000 1.00000 0.00000
1547822842349567 1.00000 0.00015 -0.00000 -0.00408 -0.00015 1.00000 0.00000 -0.00990 0.00000 -0.00000 1.00000 0.00000
1547822842600384 1.00000 0.00017 -0.00000 -0.00266 -0.00017 1.00000 0.00000 0.00013 0.00000 -0.00000 1.00000 -0.00000
1547822842850675 1.00000 0.00016 -0.00000 -0.00424 -0.00016 1.00000 0.00000 -0.00818 0.00000 -0.00000 1.00000 0.00000
1547822843100694 1.00000 0.00020 -0.00000 -0.00024 -0.00020 1.00000 0.00000 -0.00921 0.00000 -0.00000 1.00000 0.00000
1547822843350208 1.00000 0.00031 -0.00000 -0.00386 -0.00031 1.00000 0.00000 -0.00697 0.00000 -0.00000 1.00000 0.00000
1547822843599292 1.00000 0.00035 -0.00000 -0.00239 -0.00035 1.00000 0.00000 -0.00444 0.00000 -0.00000 1.00000 0.00000
1547822843848382 1.00000 0.00038 -0.00000 -0.00260 -0.00038 1.00000 0.00000 -0.00306 0.00000 -0.00000 1.00000 0.00000
1547822844097013 1.00000 0.00014 -0.00000 -0.00663 -0.00014 1.00000 0.00000 -0.00439 0.00000 -0.00000 1.00000 0.00000
1547822844345504 1.00000 0.00039 -0.00000 -0.00069 -0.00039 1.00000 0.00000 -0.00044 0.00000 -0.00000 1.00000 0.00000
1547822844594085 1.00000 0.00031 -0.00000 -0.00330 -0.00031 1.00000 0.00000 -0.00532 0.00000 -0.00000 1.00000 0.00000
1547822844842581 1.00000 0.00033 -0.00000 -0.00294 -0.00033 1.00000 0.00000 -0.00087 0.00000 -0.00000 1.00000 0.00000
1547822845090349 1.00000 0.00052 -0.00000 -0.00103 -0.00052 1.00000 0.00000 -0.00075 0.00000 -0.00000 1.00000 0.00000
1547822845338145 1.00000 0.00044 -0.00000 -0.00466 -0.00044 1.00000 0.00000 0.00109 0.00000 -0.00000 1.00000 -0.00000
1547822845586656 1.00000 0.00035 -0.00000 -0.00153 -0.00035 1.00000 0.00000 -0.00695 0.00000 -0.00000 1.00000 0.00000
1547822845835664 1.00000 0.00057 -0.00000 0.00775 -0.00057 1.00000 0.00000 -0.00476 0.00000 -0.00000 1.00000 0.00000
1547822846084399 1.00000 0.00045 -0.00000 -0.00141 -0.00045 1.00000 0.00000 -0.00436 0.00000 -0.00000 1.00000 0.00000
1547822846332752 1.00000 0.00037 -0.00000 -0.00134 -0.00037 1.00000 0.00000 0.00136 0.00000 -0.00000 1.00000 -0.00000
1547822846581526 1.00000 0.00045 -0.00000 -0.00550 -0.00045 1.00000 0.00000 0.00204 0.00000 -0.00000 1.00000 -0.00000
1547822846832242 1.00000 0.00014 -0.00000 -0.00589 -0.00014 1.00000 0.00000 -0.00167 0.00000 -0.00000 1.00000 0.00000
1547822847083617 1.00000 0.00012 -0.00000 -0.00365 -0.00012 1.00000 0.00000 -0.00190 0.00000 -0.00000 1.00000 0.00000
1547822847334528 1.00000 0.00024 -0.00000 -0.00295 -0.00024 1.00000 0.00000 -0.00416 0.00000 -0.00000 1.00000 0.00000
1547822847585319 1.00000 0.00035 -0.00000 0.00276 -0.00035 1.00000 0.00000 -0.00226 0.00000 -0.00000 1.00000 0.00000
1547822847835851 1.00000 0.00036 -0.00000 0.00033 -0.00036 1.00000 0.00000 -0.00667 0.00000 -0.00000 1.00000 0.00000
1547822848085864 1.00000 0.00034 -0.00000 -0.00417 -0.00034 1.00000 0.00000 -0.00173 0.00000 -0.00000 1.00000 0.00000
1547822848335900 1.00000 0.00042 -0.00000 0.00063 -0.00042 1.00000 0.00000 -0.00042 0.00000 -0.00000 1.00000 0.00000
1547822848586203 1.00000 0.00038 -0.00000 -0.00355 -0.00038 1.00000 0.00000 -0.00508 0.00000 -0.00000 1.00000 0.00000
1547822848836585 1.00000 0.00032 -0.00000 -0.00232 -0.00032 1.00000 0.00000 0.00376 0.00000 -0.00000 1.00000 -0.00000
1547822849086755 1.00000 -0.00004 0.00000 -0.00607 0.00004 1.00000 -0.00000 -0.00108 -0.00000 0.00000 1.00000 0.00000
1547822849336780 1.00000 0.00022 -0.00000 -0.00145 -0.00022 1.00000 0.00000 -0.00508 0.00000 -0.00000 1.00000 0.00000
1547822849587809 1.00000 0.00029 -0.00000 -0.00179 -0.00029 1.00000 0.00000 -0.00083 0.00000 -0.00000 1.00000 0.00000
1547822849840215 1.00000 0.00035 -0.00000 0.00338 -0.00035 1.00000 0.00000 0.00165 0.00000 -0.00000 1.00000 0.00000
1547822850092772 1.00000 0.00034 -0.00000 -0.00875 -0.00034 1.00000 0.00000 -0.00398 0.00000 -0.00000 1.00000 0.00000
1547822850344510 1.00000 0.00018 -0.00000 -0.00333 -0.00018 1.00000 0.00000 -0.01023 0.00000 -0.00000 1.00000 0.00000
1547822850595858 1.00000 0.00015 -0.00000 -0.00525 -0.00015 1.00000 0.00000 -0.01075 0.00000 -0.00000 1.00000 0.00000
1547822850846116 1.00000 0.00024 -0.00000 0.00191 -0.00024 1.00000 0.00000 -0.00370 0.00000 -0.00000 1.00000 0.00000
1547822851095191 1.00000 0.00019 -0.00000 0.00555 -0.00019 1.00000 0.00000 -0.00289 0.00000 -0.00000 1.00000 0.00000
1547822851344440 1.00000 0.00027 -0.00000 -0.00003 -0.00027 1.00000 0.00000 -0.00452 0.00000 -0.00000 1.00000 0.00000
1547822851593430 1.00000 0.00034 -0.00000 -0.00345 -0.00034 1.00000 0.00000 -0.00666 0.00000 -0.00000 1.00000 0.00000
1547822851841989 1.00000 0.00045 -0.00000 -0.00143 -0.00045 1.00000 0.00000 -0.00330 0.00000 -0.00000 1.00000 0.00000
1547822852090312 1.00000 0.00041 -0.00000 -0.00155 -0.00041 1.00000 0.00000 0.00129 0.00000 -0.00000 1.00000 -0.00000
1547822852338391 1.00000 0.00026 -0.00000 0.00477 -0.00026 1.00000 0.00000 -0.00231 0.00000 -0.00000 1.00000 0.00000
1547822852586019 1.00000 0.00021 -0.00000 -0.00275 -0.00021 1.00000 0.00000 -0.00094 0.00000 -0.00000 1.00000 0.00000
1547822852834036 1.00000 0.00045 -0.00000 -0.00666 -0.00045 1.00000 0.00000 0.00405 0.00000 -0.00000 1.00000 -0.00000
1547822853082561 1.00000 0.00025 -0.00000 -0.00431 -0.00025 1.00000 0.00000 0.00351 0.00000 -0.00000 1.00000 -0.00000
1547822853331224 1.00000 0.00040 -0.00000 -0.00128 -0.00040 1.00000 0.00000 0.00232 0.00000 -0.00000 1.00000 -0.00000
1547822853580601 1.00000 0.00031 -0.00000 -0.00381 -0.00031 1.00000 0.00000 0.00050 0.00000 -0.00000 1.00000 -0.00000
1547822853830768 1.00000 0.00018 -0.00000 -0.00440 -0.00018 1.00000 0.00000 -0.00029 0.00000 -0.00000 1.00000 0.00000
1547822854081841 1.00000 0.00033 -0.00000 -0.00188 -0.00033 1.00000 0.00000 0.00226 0.00000 -0.00000 1.00000 -0.00000
1547822854333805 1.00000 0.00047 -0.00000 -0.00076 -0.00047 1.00000 0.00000 0.00429 0.00000 -0.00000 1.00000 -0.00000
1547822854585931 1.00000 0.00045 -0.00000 -0.00574 -0.00045 1.00000 0.00000 0.00447 0.00000 -0.00000 1.00000 -0.00000
1547822854838010 1.00000 0.00060 -0.00000 -0.02149 -0.00060 1.00000 0.00000 0.00391 0.00000 -0.00000 1.00000 -0.00000
1547822855089538 1.00000 0.00048 -0.00000 -0.05409 -0.00048 1.00000 0.00000 -0.00641 0.00000 -0.00000 1.00000 0.00000
1547822855340161 1.00000 0.00111 -0.00000 -0.08908 -0.00111 1.00000 0.00000 -0.00404 0.00000 -0.00000 1.00000 0.00000
1547822855590179 1.00000 0.00215 -0.00000 -0.14340 -0.00215 1.00000 0.00000 -0.02052 0.00000 -0.00000 1.00000 0.00000
1547822855840646 0.99999 0.00356 -0.00000 -0.21601 -0.00356 0.99999 0.00000 -0.03817 0.00000 -0.00000 1.00000 0.00000
1547822856090899 0.99997 0.00823 -0.00000 -0.31477 -0.00823 0.99997 0.00000 -0.04260 0.00000 -0.00000 1.00000 0.00000
1547822856340826 0.99986 0.01679 -0.00000 -0.46809 -0.01679 0.99986 0.00000 -0.01575 0.00000 -0.00000 1.00000 0.00000
1547822856590539 0.99955 0.02985 -0.00000 -0.67526 -0.02985 0.99955 0.00000 -0.01217 0.00000 -0.00000 1.00000 0.00000
1547822856840055 0.99891 0.04665 -0.00000 -1.03520 -0.04665 0.99891 0.00000 -0.01330 0.00000 -0.00000 1.00000 0.00000
1547822857090284 0.99775 0.06699 -0.00000 -1.43404 -0.06699 0.99775 0.00000 0.03883 0.00000 -0.00000 1.00000 0.00000
1547822857342175 0.99595 0.08992 -0.00000 -1.93380 -0.08992 0.99595 0.00000 0.06046 0.00000 -0.00000 1.00000 0.00000
1547822857594441 0.99339 0.11479 -0.00000 -2.52348 -0.11479 0.99339 0.00000 0.09223 0.00000 -0.00000 1.00000 0.00000
1547822857845558 0.99059 0.13689 -0.00000 -3.21515 -0.13689 0.99059 0.00000 0.12443 0.00000 -0.00000 1.00000 0.00000
1547822858096357 0.98763 0.15678 -0.00000 -3.99295 -0.15678 0.98763 0.00000 0.15609 0.00000 -0.00000 1.00000 0.00000
1547822858346379 0.98515 0.17171 -0.00000 -4.86500 -0.17171 0.98515 0.00000 0.20819 0.00000 -0.00000 1.00000 0.00000
1547822858596569 0.98323 0.18235 -0.00000 -5.83143 -0.18235 0.98323 0.00000 0.27943 0.00000 -0.00000 1.00000 0.00000
1547822858847064 0.98235 0.18707 -0.00000 -6.87832 -0.18707 0.98235 0.00000 0.29595 0.00000 -0.00000 1.00000 0.00000
1547822859097138 0.98248 0.18637 -0.00000 -8.03335 -0.18637 0.98248 0.00000 0.28759 0.00000 -0.00000 1.00000 0.00000
1547822859346549 0.98298 0.18374 -0.00000 -9.23451 -0.18374 0.98298 0.00000 0.27264 0.00000 -0.00000 1.00000 0.00000
1547822859596178 0.98320 0.18253 -0.00000 -10.51520 -0.18253 0.98320 0.00000 0.28058 0.00000 -0.00000 1.00000 0.00000
1547822859845905 0.98372 0.17969 -0.00000 -11.87323 -0.17969 0.98372 0.00000 0.25031 0.00000 -0.00000 1.00000 0.00000
1547822860095386 0.98465 0.17454 -0.00000 -13.35735 -0.17454 0.98465 0.00000 0.20157 0.00000 -0.00000 1.00000 0.00000
1547822860345041 0.98517 0.17158 -0.00000 -14.87661 -0.17158 0.98517 0.00000 0.18748 0.00000 -0.00000 1.00000 0.00000
1547822860594219 0.98636 0.16461 -0.00000 -16.42925 -0.16461 0.98636 0.00000 0.09049 0.00000 -0.00000 1.00000 0.00000
1547822860842856 0.98739 0.15830 -0.00000 -18.07138 -0.15830 0.98739 0.00000 0.01646 0.00000 -0.00000 1.00000 0.00000
1547822861091613 0.98887 0.14881 -0.00000 -19.72925 -0.14881 0.98887 0.00000 -0.16672 0.00000 -0.00000 1.00000 0.00000
1547822861340210 0.99017 0.13987 -0.00000 -21.46511 -0.13987 0.99017 0.00000 -0.32425 0.00000 -0.00000 1.00000 0.00000
1547822861588404 0.99204 0.12590 -0.00000 -23.23030 -0.12590 0.99204 0.00000 -0.63552 0.00000 -0.00000 1.00000 0.00000
1547822861837080 0.99378 0.11138 -0.00000 -25.01255 -0.11138 0.99378 0.00000 -0.94827 0.00000 -0.00000 1.00000 0.00000
1547822862087317 0.99535 0.09629 -0.00000 -26.80897 -0.09629 0.99535 0.00000 -1.30116 0.00000 -0.00000 1.00000 0.00000
1547822862337836 0.99649 0.08372 -0.00000 -28.68874 -0.08372 0.99649 0.00000 -1.61405 0.00000 -0.00000 1.00000 0.00000
1547822862587707 0.99755 0.06993 -0.00000 -30.54893 -0.06993 0.99755 0.00000 -1.98686 0.00000 -0.00000 1.00000 0.00000
1547822862837555 0.99842 0.05627 -0.00000 -32.44930 -0.05627 0.99842 0.00000 -2.41965 0.00000 -0.00000 1.00000 0.00000
1547822863087376 0.99915 0.04115 -0.00000 -34.35266 -0.04115 0.99915 0.00000 -2.91333 0.00000 -0.00000 1.00000 0.00000
1547822863337331 0.99963 0.02728 -0.00000 -36.25536 -0.02728 0.99963 0.00000 -3.36317 0.00000 -0.00000 1.00000 0.00000
1547822863587126 0.99983 0.01817 -0.00000 -38.19885 -0.01817 0.99983 0.00000 -3.65649 0.00000 -0.00000 1.00000 0.00000
1547822863836532 0.99997 0.00829 -0.00000 -40.19886 -0.00829 0.99997 0.00000 -4.05433 0.00000 -0.00000 1.00000 0.00000
1547822864086051 1.00000 0.00141 -0.00000 -42.20572 -0.00141 1.00000 0.00000 -4.29719 0.00000 -0.00000 1.00000 0.00000
1547822864335351 0.99999 -0.00350 0.00000 -44.26249 0.00350 0.99999 -0.00000 -4.50477 -0.00000 0.00000 1.00000 0.00000
1547822864584851 0.99998 -0.00567 0.00000 -46.35784 0.00567 0.99998 -0.00000 -4.54604 -0.00000 0.00000 1.00000 0.00000
1547822864835526 0.99993 -0.01193 0.00000 -48.43303 0.01193 0.99993 -0.00000 -4.84772 -0.00000 0.00000 1.00000 0.00000
1547822865087739 0.99985 -0.01716 0.00000 -50.53037 0.01716 0.99985 -0.00000 -5.06561 -0.00000 0.00000 1.00000 0.00000
1547822865340078 0.99970 -0.02467 0.00000 -52.64666 0.02467 0.99970 -0.00000 -5.39825 -0.00000 0.00000 1.00000 0.00000
1547822865591662 0.99947 -0.03261 0.00000 -54.72364 0.03261 0.99947 -0.00000 -5.82471 -0.00000 0.00000 1.00000 0.00000
1547822865842576 0.99933 -0.03659 0.00000 -56.81826 0.03659 0.99933 -0.00000 -6.00850 -0.00000 0.00000 1.00000 0.00000
1547822866092925 0.99940 -0.03470 0.00000 -58.99965 0.03470 0.99940 -0.00000 -5.87165 -0.00000 0.00000 1.00000 0.00000
1547822866343178 0.99958 -0.02900 0.00000 -61.21684 0.02900 0.99958 -0.00000 -5.52134 -0.00000 0.00000 1.00000 0.00000
1547822866593271 0.99975 -0.02235 0.00000 -63.44633 0.02235 0.99975 -0.00000 -5.06485 -0.00000 0.00000 1.00000 0.00000
1547822866843046 0.99997 -0.00786 0.00000 -65.70633 0.00786 0.99997 -0.00000 -4.13119 -0.00000 0.00000 1.00000 0.00000
1547822867092688 0.99997 0.00772 -0.00000 -67.97052 -0.00772 0.99997 0.00000 -3.07550 0.00000 -0.00000 1.00000 0.00000
1547822867341777 0.99965 0.02636 -0.00000 -70.31322 -0.02636 0.99965 0.00000 -1.76366 0.00000 -0.00000 1.00000 0.00000
1547822867591099 0.99913 0.04161 -0.00000 -72.54759 -0.04161 0.99913 0.00000 -0.75371 0.00000 -0.00000 1.00000 0.00000
1547822867840559 0.99808 0.06199 -0.00000 -74.72164 -0.06199 0.99808 0.00000 0.73428 0.00000 -0.00000 1.00000 0.00000
1547822868089660 0.99693 0.07836 -0.00000 -76.99691 -0.07836 0.99693 0.00000 2.03344 0.00000 -0.00000 1.00000 0.00000
1547822868338534 0.99605 0.08877 -0.00000 -79.07188 -0.08877 0.99605 0.00000 2.84537 0.00000 -0.00000 1.00000 0.00000
1547822868587630 0.99530 0.09681 -0.00000 -81.26349 -0.09681 0.99530 0.00000 3.53215 0.00000 -0.00000 1.00000 0.00000
1547822868836457 0.99479 0.10194 -0.00000 -83.46455 -0.10194 0.99479 0.00000 3.93796 0.00000 -0.00000 1.00000 0.00000
1547822869085166 0.99465 0.10330 -0.00000 -85.69517 -0.10330 0.99465 0.00000 4.06056 0.00000 -0.00000 1.00000 0.00000
1547822869333798 0.99450 0.10473 -0.00000 -87.89131 -0.10473 0.99450 0.00000 4.18083 0.00000 -0.00000 1.00000 0.00000
1547822869582340 0.99471 0.10274 -0.00000 -90.07456 -0.10274 0.99471 0.00000 4.03537 0.00000 -0.00000 1.00000 0.00000
1547822869831341 0.99490 0.10084 -0.00000 -92.31275 -0.10084 0.99490 0.00000 3.89074 0.00000 -0.00000 1.00000 0.00000
1547822870081818 0.99538 0.09598 -0.00000 -94.55699 -0.09598 0.99538 0.00000 3.45257 0.00000 -0.00000 1.00000 0.00000
1547822870332320 0.99578 0.09178 -0.00000 -96.84343 -0.09178 0.99578 0.00000 3.09985 0.00000 -0.00000 1.00000 0.00000
1547822870582694 0.99566 0.09310 -0.00000 -99.08582 -0.09310 0.99566 0.00000 3.20147 0.00000 -0.00000 1.00000 0.00000
1547822870832406 0.99540 0.09585 -0.00000 -101.32480 -0.09585 0.99540 0.00000 3.46977 0.00000 -0.00000 1.00000 0.00000
1547822871082242 0.99578 0.09174 -0.00000 -103.56866 -0.09174 0.99578 0.00000 3.01964 0.00000 -0.00000 1.00000 0.00000
1547822871332707 0.99663 0.08203 -0.00000 -105.86277 -0.08203 0.99663 0.00000 2.04024 0.00000 -0.00000 1.00000 0.00000
1547822871583086 0.99754 0.07015 -0.00000 -108.16228 -0.07015 0.99754 0.00000 0.78845 0.00000 -0.00000 1.00000 0.00000
1547822871833110 0.99843 0.05599 -0.00000 -110.47666 -0.05599 0.99843 0.00000 -0.75761 0.00000 -0.00000 1.00000 0.00000
1547822872083012 0.99899 0.04487 -0.00000 -112.78933 -0.04487 0.99899 0.00000 -1.97108 0.00000 -0.00000 1.00000 0.00000
1547822872333281 0.99940 0.03460 -0.00000 -115.10589 -0.03460 0.99940 0.00000 -3.08070 0.00000 -0.00000 1.00000 0.00000
1547822872584161 0.99951 0.03144 -0.00000 -117.47724 -0.03144 0.99951 0.00000 -3.41502 0.00000 -0.00000 1.00000 0.00000
1547822872836256 0.99949 0.03193 -0.00000 -119.94452 -0.03193 0.99949 0.00000 -3.32636 0.00000 -0.00000 1.00000 0.00000
1547822873088556 0.99958 0.02894 -0.00000 -122.36842 -0.02894 0.99958 0.00000 -3.70514 0.00000 -0.00000 1.00000 0.00000
1547822873339952 0.99963 0.02737 -0.00000 -124.78920 -0.02737 0.99963 0.00000 -3.88034 0.00000 -0.00000 1.00000 0.00000
1547822873590573 0.99955 0.02990 -0.00000 -127.25165 -0.02990 0.99955 0.00000 -3.54946 0.00000 -0.00000 1.00000 0.00000
1547822873839946 0.99949 0.03198 -0.00000 -129.67916 -0.03198 0.99949 0.00000 -3.28070 0.00000 -0.00000 1.00000 0.00000
1547822874089162 0.99945 0.03331 -0.00000 -132.09402 -0.03331 0.99945 0.00000 -3.12533 0.00000 -0.00000 1.00000 0.00000
1547822874337961 0.99940 0.03477 -0.00000 -134.48289 -0.03477 0.99940 0.00000 -2.94958 0.00000 -0.00000 1.00000 0.00000
1547822874586347 0.99929 0.03766 -0.00000 -136.88315 -0.03766 0.99929 0.00000 -2.50346 0.00000 -0.00000 1.00000 0.00000
1547822874834690 0.99915 0.04121 -0.00000 -139.27648 -0.04121 0.99915 0.00000 -1.96913 0.00000 -0.00000 1.00000 0.00000
1547822875082834 0.99911 0.04230 -0.00000 -141.64730 -0.04230 0.99911 0.00000 -1.80365 0.00000 -0.00000 1.00000 0.00000
1547822875331031 0.99899 0.04486 -0.00000 -144.00626 -0.04486 0.99899 0.00000 -1.40555 0.00000 -0.00000 1.00000 0.00000
1547822875579277 0.99878 0.04938 -0.00000 -146.41056 -0.04938 0.99878 0.00000 -0.74788 0.00000 -0.00000 1.00000 0.00000
1547822875827580 0.99873 0.05045 -0.00000 -148.78883 -0.05045 0.99873 0.00000 -0.57327 0.00000 -0.00000 1.00000 0.00000
1547822876076730 0.99875 0.05002 -0.00000 -151.17028 -0.05002 0.99875 0.00000 -0.63190 0.00000 -0.00000 1.00000 0.00000
1547822876326504 0.99881 0.04871 -0.00000 -153.52839 -0.04871 0.99881 0.00000 -0.76023 0.00000 -0.00000 1.00000 0.00000
1547822876576888 0.99883 0.04826 -0.00000 -155.90221 -0.04826 0.99883 0.00000 -0.81959 0.00000 -0.00000 1.00000 0.00000
1547822876826865 0.99880 0.04901 -0.00000 -158.29796 -0.04901 0.99880 0.00000 -0.66779 0.00000 -0.00000 1.00000 0.00000
1547822877076528 0.99878 0.04938 -0.00000 -160.64171 -0.04938 0.99878 0.00000 -0.55079 0.00000 -0.00000 1.00000 0.00000
1547822877327567 0.99879 0.04923 -0.00000 -163.00314 -0.04923 0.99879 0.00000 -0.56128 0.00000 -0.00000 1.00000 0.00000
1547822877579617 0.99861 0.05265 -0.00000 -165.34608 -0.05265 0.99861 0.00000 -0.03159 0.00000 -0.00000 1.00000 0.00000
1547822877832011 0.99844 0.05575 -0.00000 -167.66249 -0.05575 0.99844 0.00000 0.53318 0.00000 -0.00000 1.00000 0.00000
1547822878083834 0.99835 0.05736 -0.00000 -169.97190 -0.05736 0.99835 0.00000 0.85527 0.00000 -0.00000 1.00000 0.00000
1547822878335366 0.99825 0.05916 -0.00000 -172.23348 -0.05916 0.99825 0.00000 1.11984 0.00000 -0.00000 1.00000 0.00000
1547822878585629 0.99819 0.06006 -0.00000 -174.46851 -0.06006 0.99819 0.00000 1.30159 0.00000 -0.00000 1.00000 0.00000
1547822878835273 0.99800 0.06327 -0.00000 -176.65405 -0.06327 0.99800 0.00000 1.86750 0.00000 -0.00000 1.00000 0.00000
1547822879085362 0.99776 0.06693 -0.00000 -178.83968 -0.06693 0.99776 0.00000 2.51163 0.00000 -0.00000 1.00000 0.00000
1547822879335136 0.99754 0.07008 -0.00000 -181.00602 -0.07008 0.99754 0.00000 3.06891 0.00000 -0.00000 1.00000 0.00000
1547822879584774 0.99736 0.07264 -0.00000 -183.15085 -0.07264 0.99736 0.00000 3.53007 0.00000 -0.00000 1.00000 0.00000
1547822879834446 0.99719 0.07496 -0.00000 -185.32379 -0.07496 0.99719 0.00000 3.95033 0.00000 -0.00000 1.00000 0.00000
1547822880084157 0.99713 0.07576 -0.00000 -187.42990 -0.07576 0.99713 0.00000 4.10627 0.00000 -0.00000 1.00000 0.00000
1547822880334868 0.99682 0.07973 -0.00000 -189.52266 -0.07973 0.99682 0.00000 4.87398 0.00000 -0.00000 1.00000 0.00000
1547822880586935 0.99631 0.08583 -0.00000 -191.62589 -0.08583 0.99631 0.00000 6.03860 0.00000 -0.00000 1.00000 0.00000
1547822880839126 0.99574 0.09218 -0.00000 -193.70988 -0.09218 0.99574 0.00000 7.27406 0.00000 -0.00000 1.00000 0.00000
1547822881090919 0.99483 0.10151 -0.00000 -195.69105 -0.10151 0.99483 0.00000 9.13261 0.00000 -0.00000 1.00000 0.00000
1547822881341747 0.99395 0.10982 -0.00000 -197.68757 -0.10982 0.99395 0.00000 10.78833 0.00000 -0.00000 1.00000 0.00000
1547822881590941 0.99307 0.11751 -0.00000 -199.67820 -0.11751 0.99307 0.00000 12.36513 0.00000 -0.00000 1.00000 0.00000
1547822881840007 0.99210 0.12542 -0.00000 -201.66633 -0.12542 0.99210 0.00000 13.93495 0.00000 -0.00000 1.00000 0.00000
1547822882089257 0.99129 0.13172 -0.00000 -203.63728 -0.13172 0.99129 0.00000 15.21381 0.00000 -0.00000 1.00000 0.00000
1547822882337515 0.99042 0.13810 -0.00000 -205.53492 -0.13810 0.99042 0.00000 16.53727 0.00000 -0.00000 1.00000 0.00000
1547822882585764 0.98940 0.14523 -0.00000 -207.45994 -0.14523 0.98940 0.00000 18.03244 0.00000 -0.00000 1.00000 0.00000
1547822882834182 0.98816 0.15340 -0.00000 -209.36585 -0.15340 0.98816 0.00000 19.75520 0.00000 -0.00000 1.00000 0.00000
1547822883082047 0.98729 0.15893 -0.00000 -211.37234 -0.15893 0.98729 0.00000 20.96871 0.00000 -0.00000 1.00000 0.00000
1547822883330993 0.98719 0.15954 -0.00000 -213.39407 -0.15954 0.98719 0.00000 21.04320 0.00000 -0.00000 1.00000 0.00000
1547822883581903 0.98732 0.15874 -0.00000 -215.49714 -0.15874 0.98732 0.00000 20.84421 0.00000 -0.00000 1.00000 0.00000
1547822883832525 0.98754 0.15735 -0.00000 -217.63620 -0.15735 0.98754 0.00000 20.56113 0.00000 -0.00000 1.00000 0.00000
1547822884082926 0.98787 0.15527 -0.00000 -219.73321 -0.15527 0.98787 0.00000 20.13171 0.00000 -0.00000 1.00000 0.00000
1547822884333178 0.98784 0.15550 -0.00000 -221.77427 -0.15550 0.98784 0.00000 20.18517 0.00000 -0.00000 1.00000 0.00000
1547822884582873 0.98761 0.15693 -0.00000 -223.80169 -0.15693 0.98761 0.00000 20.51064 0.00000 -0.00000 1.00000 0.00000
1547822884832921 0.98744 0.15801 -0.00000 -225.82035 -0.15801 0.98744 0.00000 20.80688 0.00000 -0.00000 1.00000 0.00000
1547822885083277 0.98723 0.15931 -0.00000 -227.82969 -0.15931 0.98723 0.00000 21.08601 0.00000 -0.00000 1.00000 0.00000
1547822885334811 0.98715 0.15983 -0.00000 -229.84513 -0.15983 0.98715 0.00000 21.21517 0.00000 -0.00000 1.00000 0.00000
1547822885587146 0.98671 0.16251 -0.00000 -231.82528 -0.16251 0.98671 0.00000 21.84829 0.00000 -0.00000 1.00000 0.00000
1547822885838562 0.98614 0.16590 -0.00000 -233.73939 -0.16590 0.98614 0.00000 22.68593 0.00000 -0.00000 1.00000 0.00000
1547822886089875 0.98575 0.16821 -0.00000 -235.67106 -0.16821 0.98575 0.00000 23.25465 0.00000 -0.00000 1.00000 0.00000
1547822886341685 0.98542 0.17013 -0.00000 -237.60187 -0.17013 0.98542 0.00000 23.71199 0.00000 -0.00000 1.00000 0.00000
1547822886593195 0.98466 0.17450 -0.00000 -239.48321 -0.17450 0.98466 0.00000 24.73812 0.00000 -0.00000 1.00000 0.00000
1547822886844532 0.98424 0.17683 -0.00000 -241.39218 -0.17683 0.98424 0.00000 25.32017 0.00000 -0.00000 1.00000 0.00000
1547822887095942 0.98403 0.17801 -0.00000 -243.23783 -0.17801 0.98403 0.00000 25.60249 0.00000 -0.00000 1.00000 0.00000
1547822887347225 0.98355 0.18066 -0.00000 -245.07849 -0.18066 0.98355 0.00000 26.25355 0.00000 -0.00000 1.00000 0.00000
1547822887598431 0.98320 0.18253 -0.00000 -246.92644 -0.18253 0.98320 0.00000 26.69081 0.00000 -0.00000 1.00000 0.00000
1547822887849560 0.98279 0.18475 -0.00000 -248.80550 -0.18475 0.98279 0.00000 27.24742 0.00000 -0.00000 1.00000 0.00000
1547822888101207 0.98238 0.18688 -0.00000 -250.63930 -0.18688 0.98238 0.00000 27.83754 0.00000 -0.00000 1.00000 0.00000
1547822888354216 0.98203 0.18873 -0.00000 -252.45639 -0.18873 0.98203 0.00000 28.34108 0.00000 -0.00000 1.00000 0.00000
1547822888608062 0.98150 0.19148 -0.00000 -254.28292 -0.19148 0.98150 0.00000 29.00974 0.00000 -0.00000 1.00000 0.00000
1547822888860194 0.98127 0.19265 -0.00000 -256.19845 -0.19265 0.98127 0.00000 29.35168 0.00000 -0.00000 1.00000 0.00000
1547822889109930 0.98108 0.19362 -0.00000 -258.03769 -0.19362 0.98108 0.00000 29.61310 0.00000 -0.00000 1.00000 0.00000
1547822889358159 0.98090 0.19449 -0.00000 -259.84814 -0.19449 0.98090 0.00000 29.87562 0.00000 -0.00000 1.00000 0.00000
1547822889605993 0.98089 0.19458 -0.00000 -261.68489 -0.19458 0.98089 0.00000 29.94844 0.00000 -0.00000 1.00000 0.00000
1547822889853368 0.98064 0.19584 -0.00000 -263.47359 -0.19584 0.98064 0.00000 30.26626 0.00000 -0.00000 1.00000 0.00000
1547822890100730 0.98081 0.19497 -0.00000 -265.35886 -0.19497 0.98081 0.00000 30.06901 0.00000 -0.00000 1.00000 0.00000
1547822890348458 0.98117 0.19313 -0.00000 -267.25818 -0.19313 0.98117 0.00000 29.61040 0.00000 -0.00000 1.00000 0.00000
1547822890597356 0.98182 0.18980 -0.00000 -269.19029 -0.18980 0.98182 0.00000 28.65604 0.00000 -0.00000 1.00000 0.00000
1547822890847899 0.98266 0.18543 -0.00000 -271.16719 -0.18543 0.98266 0.00000 27.50300 0.00000 -0.00000 1.00000 0.00000
1547822891098185 0.98397 0.17834 -0.00000 -273.22237 -0.17834 0.98397 0.00000 25.48876 0.00000 -0.00000 1.00000 0.00000
1547822891348124 0.98463 0.17467 -0.00000 -275.16387 -0.17467 0.98463 0.00000 24.55949 0.00000 -0.00000 1.00000 0.00000
1547822891598232 0.98556 0.16933 -0.00000 -277.15237 -0.16933 0.98556 0.00000 23.05178 0.00000 -0.00000 1.00000 0.00000
1547822891848298 0.98668 0.16269 -0.00000 -279.21107 -0.16269 0.98668 0.00000 21.18386 0.00000 -0.00000 1.00000 0.00000
1547822892097928 0.98729 0.15895 -0.00000 -281.16310 -0.15895 0.98729 0.00000 20.12900 0.00000 -0.00000 1.00000 0.00000
1547822892347706 0.98812 0.15367 -0.00000 -283.17273 -0.15367 0.98812 0.00000 18.67788 0.00000 -0.00000 1.00000 0.00000
1547822892597961 0.98916 0.14685 -0.00000 -285.18534 -0.14685 0.98916 0.00000 16.76893 0.00000 -0.00000 1.00000 0.00000
1547822892849081 0.98970 0.14315 -0.00000 -287.14956 -0.14315 0.98970 0.00000 15.70824 0.00000 -0.00000 1.00000 0.00000
1547822893101113 0.99013 0.14014 -0.00000 -289.08034 -0.14014 0.99013 0.00000 14.81976 0.00000 -0.00000 1.00000 0.00000
1547822893352876 0.99053 0.13727 -0.00000 -291.03245 -0.13727 0.99053 0.00000 14.05212 0.00000 -0.00000 1.00000 0.00000
1547822893604326 0.99109 0.13318 -0.00000 -293.00669 -0.13318 0.99109 0.00000 12.86422 0.00000 -0.00000 1.00000 0.00000
1547822893856162 0.99192 0.12686 -0.00000 -295.04741 -0.12686 0.99192 0.00000 11.03392 0.00000 -0.00000 1.00000 0.00000
1547822894107378 0.99262 0.12128 -0.00000 -297.10465 -0.12128 0.99262 0.00000 9.36406 0.00000 -0.00000 1.00000 0.00000
1547822894358345 0.99303 0.11783 -0.00000 -299.15125 -0.11783 0.99303 0.00000 8.40908 0.00000 -0.00000 1.00000 0.00000
1547822894609791 0.99348 0.11401 -0.00000 -301.20880 -0.11401 0.99348 0.00000 7.27800 0.00000 -0.00000 1.00000 0.00000
1547822894860873 0.99405 0.10894 -0.00000 -303.32372 -0.10894 0.99405 0.00000 5.72561 0.00000 -0.00000 1.00000 0.00000
1547822895111948 0.99418 0.10769 -0.00000 -305.42046 -0.10769 0.99418 0.00000 5.38655 0.00000 -0.00000 1.00000 0.00000
1547822895362967 0.99451 0.10466 -0.00000 -307.50614 -0.10466 0.99451 0.00000 4.44737 0.00000 -0.00000 1.00000 0.00000
1547822895614109 0.99424 0.10714 -0.00000 -309.56234 -0.10714 0.99424 0.00000 5.23921 0.00000 -0.00000 1.00000 0.00000
1547822895866460 0.99419 0.10766 -0.00000 -311.71793 -0.10766 0.99419 0.00000 5.40707 0.00000 -0.00000 1.00000 0.00000
1547822896120057 0.99409 0.10854 -0.00000 -313.81785 -0.10854 0.99409 0.00000 5.66926 0.00000 -0.00000 1.00000 0.00000
1547822896373645 0.99412 0.10825 -0.00000 -315.94631 -0.10825 0.99412 0.00000 5.60757 0.00000 -0.00000 1.00000 0.00000
1547822896625304 0.99453 0.10448 -0.00000 -318.08307 -0.10448 0.99453 0.00000 4.45558 0.00000 -0.00000 1.00000 0.00000
1547822896875010 0.99477 0.10217 -0.00000 -320.21408 -0.10217 0.99477 0.00000 3.75398 0.00000 -0.00000 1.00000 0.00000
1547822897122986 0.99494 0.10052 -0.00000 -322.29903 -0.10052 0.99494 0.00000 3.17779 0.00000 -0.00000 1.00000 0.00000
1547822897370330 0.99550 0.09480 -0.00000 -324.38000 -0.09480 0.99550 0.00000 1.34986 0.00000 -0.00000 1.00000 0.00000
1547822897617820 0.99630 0.08595 -0.00000 -326.44760 -0.08595 0.99630 0.00000 -1.52223 0.00000 -0.00000 1.00000 0.00000
1547822897865134 0.99715 0.07544 -0.00000 -328.50239 -0.07544 0.99715 0.00000 -4.94882 0.00000 -0.00000 1.00000 0.00000
1547822898112813 0.99790 0.06477 -0.00000 -330.48730 -0.06477 0.99790 0.00000 -8.39154 0.00000 -0.00000 1.00000 0.00000
1547822898361967 0.99847 0.05522 -0.00000 -332.48635 -0.05522 0.99847 0.00000 -11.53512 0.00000 -0.00000 1.00000 0.00000
1547822898612159 0.99903 0.04403 -0.00000 -334.49730 -0.04403 0.99903 0.00000 -15.25505 0.00000 -0.00000 1.00000 0.00000
1547822898862492 0.99942 0.03407 -0.00000 -336.43336 -0.03407 0.99942 0.00000 -18.53075 0.00000 -0.00000 1.00000 0.00000
1547822899113018 0.99965 0.02628 -0.00000 -338.39791 -0.02628 0.99965 0.00000 -21.13964 0.00000 -0.00000 1.00000 0.00000
1547822899363096 0.99985 0.01734 -0.00000 -340.31700 -0.01734 0.99985 0.00000 -24.14345 0.00000 -0.00000 1.00000 0.00000
1547822899612893 0.99991 0.01305 -0.00000 -342.37767 -0.01305 0.99991 0.00000 -25.57890 0.00000 -0.00000 1.00000 0.00000
1547822899863046 0.99995 0.00993 -0.00000 -344.43619 -0.00993 0.99995 0.00000 -26.66031 0.00000 -0.00000 1.00000 0.00000
1547822900112950 0.99998 0.00588 -0.00000 -346.48621 -0.00588 0.99998 0.00000 -28.05179 0.00000 -0.00000 1.00000 0.00000
1547822900363497 0.99998 0.00549 -0.00000 -348.61862 -0.00549 0.99998 0.00000 -28.16518 0.00000 -0.00000 1.00000 0.00000
1547822900615876 0.99999 0.00480 -0.00000 -350.80065 -0.00480 0.99999 0.00000 -28.38027 0.00000 -0.00000 1.00000 0.00000
1547822900867937 0.99999 0.00502 -0.00000 -352.97747 -0.00502 0.99999 0.00000 -28.34005 0.00000 -0.00000 1.00000 0.00000
1547822901118896 0.99998 0.00651 -0.00000 -355.18326 -0.00651 0.99998 0.00000 -27.81339 0.00000 -0.00000 1.00000 0.00000
1547822901370397 0.99997 0.00711 -0.00000 -357.37947 -0.00711 0.99997 0.00000 -27.60441 0.00000 -0.00000 1.00000 0.00000
1547822901621520 0.99995 0.01020 -0.00000 -359.62449 -0.01020 0.99995 0.00000 -26.47583 0.00000 -0.00000 1.00000 0.00000
1547822901872881 0.99992 0.01285 -0.00000 -361.89350 -0.01285 0.99992 0.00000 -25.51541 0.00000 -0.00000 1.00000 0.00000
1547822902124658 0.99988 0.01561 -0.00000 -364.12212 -0.01561 0.99988 0.00000 -24.49827 0.00000 -0.00000 1.00000 0.00000
1547822902375703 0.99976 0.02182 -0.00000 -366.49628 -0.02182 0.99976 0.00000 -22.21073 0.00000 -0.00000 1.00000 0.00000
1547822902626543 0.99966 0.02608 -0.00000 -368.72801 -0.02608 0.99966 0.00000 -20.65647 0.00000 -0.00000 1.00000 0.00000
1547822902877640 0.99955 0.03015 -0.00000 -371.03651 -0.03015 0.99955 0.00000 -19.14966 0.00000 -0.00000 1.00000 0.00000
1547822903128741 0.99936 0.03568 -0.00000 -373.32114 -0.03568 0.99936 0.00000 -17.12715 0.00000 -0.00000 1.00000 0.00000
1547822903380836 0.99924 0.03909 -0.00000 -375.55640 -0.03909 0.99924 0.00000 -15.82234 0.00000 -0.00000 1.00000 0.00000
1547822903634228 0.99904 0.04384 -0.00000 -377.84184 -0.04384 0.99904 0.00000 -14.00569 0.00000 -0.00000 1.00000 0.00000
1547822903887650 0.99889 0.04720 -0.00000 -380.07959 -0.04720 0.99889 0.00000 -12.73748 0.00000 -0.00000 1.00000 0.00000
1547822904139465 0.99866 0.05177 -0.00000 -382.32245 -0.05177 0.99866 0.00000 -10.94048 0.00000 -0.00000 1.00000 0.00000
1547822904389372 0.99834 0.05752 -0.00000 -384.53877 -0.05752 0.99834 0.00000 -8.73924 0.00000 -0.00000 1.00000 0.00000
1547822904637934 0.99834 0.05767 -0.00000 -386.66062 -0.05767 0.99834 0.00000 -8.64706 0.00000 -0.00000 1.00000 0.00000
1547822904885339 0.99844 0.05586 -0.00000 -388.78942 -0.05586 0.99844 0.00000 -9.36143 0.00000 -0.00000 1.00000 0.00000
1547822905132818 0.99845 0.05567 -0.00000 -390.90630 -0.05567 0.99845 0.00000 -9.40842 0.00000 -0.00000 1.00000 0.00000
1547822905380229 0.99843 0.05594 -0.00000 -393.03028 -0.05594 0.99843 0.00000 -9.28087 0.00000 -0.00000 1.00000 0.00000
1547822905627873 0.99841 0.05645 -0.00000 -395.12634 -0.05645 0.99841 0.00000 -9.10308 0.00000 -0.00000 1.00000 0.00000
1547822905877249 0.99836 0.05716 -0.00000 -397.27757 -0.05716 0.99836 0.00000 -8.79354 0.00000 -0.00000 1.00000 0.00000
1547822906127705 0.99831 0.05818 -0.00000 -399.41120 -0.05818 0.99831 0.00000 -8.35813 0.00000 -0.00000 1.00000 0.00000
1547822906378076 0.99814 0.06094 -0.00000 -401.54430 -0.06094 0.99814 0.00000 -7.23565 0.00000 -0.00000 1.00000 0.00000
1547822906628765 0.99799 0.06334 -0.00000 -403.63303 -0.06334 0.99799 0.00000 -6.26142 0.00000 -0.00000 1.00000 0.00000
1547822906878978 0.99776 0.06697 -0.00000 -405.70430 -0.06697 0.99776 0.00000 -4.75875 0.00000 -0.00000 1.00000 0.00000
1547822907129179 0.99760 0.06920 -0.00000 -407.74467 -0.06920 0.99760 0.00000 -3.85844 0.00000 -0.00000 1.00000 0.00000
1547822907379250 0.99740 0.07200 -0.00000 -409.79236 -0.07200 0.99740 0.00000 -2.69020 0.00000 -0.00000 1.00000 0.00000
1547822907628452 0.99731 0.07325 -0.00000 -411.80135 -0.07325 0.99731 0.00000 -2.16357 0.00000 -0.00000 1.00000 0.00000
1547822907878273 0.99717 0.07520 -0.00000 -413.79435 -0.07520 0.99717 0.00000 -1.33606 0.00000 -0.00000 1.00000 0.00000
1547822908129256 0.99714 0.07556 -0.00000 -415.74848 -0.07556 0.99714 0.00000 -1.14518 0.00000 -0.00000 1.00000 0.00000
1547822908380901 0.99705 0.07672 -0.00000 -417.68181 -0.07672 0.99705 0.00000 -0.67628 0.00000 -0.00000 1.00000 0.00000
1547822908632677 0.99705 0.07674 -0.00000 -419.50938 -0.07674 0.99705 0.00000 -0.69699 0.00000 -0.00000 1.00000 0.00000
1547822908883766 0.99711 0.07593 -0.00000 -421.28728 -0.07593 0.99711 0.00000 -1.01586 0.00000 -0.00000 1.00000 0.00000
1547822909134820 0.99729 0.07362 -0.00000 -423.00888 -0.07362 0.99729 0.00000 -1.93374 0.00000 -0.00000 1.00000 0.00000
1547822909386235 0.99738 0.07236 -0.00000 -424.67412 -0.07236 0.99738 0.00000 -2.47546 0.00000 -0.00000 1.00000 0.00000
1547822909637943 0.99723 0.07439 -0.00000 -426.31582 -0.07439 0.99723 0.00000 -1.62499 0.00000 -0.00000 1.00000 0.00000
