1620936720162098 1.00000 0.00000 0.00000 -0.00000 0.00000 -1.00000 0.00000 0.00000 0.00000 -0.00000 -1.00000 0.00000
1620936720411139 1.00000 -0.00032 -0.00000 -0.00153 -0.00032 -1.00000 0.00000 -0.00563 -0.00000 -0.00000 -1.00000 -0.00000
1620936720661137 1.00000 -0.00272 0.00000 -0.01585 -0.00272 -1.00000 0.00000 0.00117 -0.00000 -0.00000 -1.00000 0.00000
1620936720911145 1.00000 -0.00199 0.00000 -0.01143 -0.00199 -1.00000 0.00000 0.00095 -0.00000 -0.00000 -1.00000 0.00000
1620936721161773 1.00000 0.00042 0.00000 -0.02622 0.00042 -1.00000 0.00000 0.01707 0.00000 -0.00000 -1.00000 0.00000
1620936721411777 1.00000 0.00112 -0.00000 -0.01999 0.00112 -1.00000 0.00000 -0.00877 0.00000 -0.00000 -1.00000 -0.00000
1620936721662404 1.00000 -0.00058 0.00000 -0.00816 -0.00058 -1.00000 0.00000 -0.00538 -0.00000 -0.00000 -1.00000 -0.00000
1620936721912406 0.99999 0.00434 0.00000 0.00137 0.00434 -0.99999 0.00000 -0.00306 0.00000 -0.00000 -1.00000 -0.00000
1620936722162424 0.99999 0.00391 -0.00000 -0.02184 0.00391 -0.99999 0.00000 0.03108 0.00000 -0.00000 -1.00000 0.00000
1620936722411788 1.00000 -0.00187 0.00000 0.00184 -0.00187 -1.00000 0.00000 -0.01702 -0.00000 -0.00000 -1.00000 -0.00000
1620936722661799 1.00000 -0.00195 0.00000 -0.02093 -0.00195 -1.00000 0.00000 0.00189 -0.00000 -0.00000 -1.00000 0.00000
1620936722911176 1.00000 -0.00263 0.00000 -0.04786 -0.00263 -1.00000 0.00000 0.02639 -0.00000 -0.00000 -1.00000 0.00000
1620936723160557 1.00000 0.00121 0.00000 0.00344 0.00121 -1.00000 0.00000 0.00786 0.00000 -0.00000 -1.00000 0.00000
1620936723409939 1.00000 0.00168 0.00000 -0.01566 0.00168 -1.00000 0.00000 0.01628 0.00000 -0.00000 -1.00000 0.00000
1620936723659941 1.00000 0.00048 0.00000 -0.01217 0.00048 -1.00000 0.00000 -0.01221 0.00000 -0.00000 -1.00000 -0.00000
1620936723910564 1.00000 -0.00160 0.00000 -0.02779 -0.00160 -1.00000 0.00000 -0.00486 -0.00000 -0.00000 -1.00000 -0.00000
1620936724161825 1.00000 0.00016 0.00000 -0.00225 0.00016 -1.00000 0.00000 0.01200 0.00000 -0.00000 -1.00000 0.00000
1620936724411828 0.99999 0.00325 -0.00000 -0.02089 0.00325 -0.99999 0.00000 0.00085 0.00000 -0.00000 -1.00000 0.00000
1620936724662458 1.00000 0.00039 0.00000 -0.01776 0.00039 -1.00000 0.00000 0.00135 0.00000 -0.00000 -1.00000 0.00000
1620936724912461 1.00000 0.00045 -0.00000 -0.00773 0.00045 -1.00000 0.00000 -0.00474 0.00000 -0.00000 -1.00000 -0.00000
1620936725162503 1.00000 -0.00100 0.00000 -0.02309 -0.00100 -1.00000 0.00000 0.01418 -0.00000 -0.00000 -1.00000 0.00000
1620936725411848 0.99999 -0.00455 -0.00000 -0.01652 -0.00455 -0.99999 0.00000 -0.02272 -0.00000 -0.00000 -1.00000 -0.00000
1620936725661226 1.00000 -0.00143 0.00000 -0.00855 -0.00143 -1.00000 0.00000 -0.00517 -0.00000 -0.00000 -1.00000 -0.00000
1620936725911227 1.00000 0.00037 0.00000 -0.00569 0.00037 -1.00000 0.00000 0.01152 0.00000 -0.00000 -1.00000 0.00000
1620936726160607 0.99999 0.00358 0.00000 -0.01743 0.00358 -0.99999 0.00000 0.01552 0.00000 -0.00000 -1.00000 0.00000
1620936726410607 0.99999 0.00350 0.00000 -0.03417 0.00350 -0.99999 0.00000 0.01687 0.00000 -0.00000 -1.00000 0.00000
1620936726661869 1.00000 -0.00050 -0.00000 -0.03615 -0.00050 -1.00000 0.00000 0.03089 -0.00000 -0.00000 -1.00000 0.00000
1620936726912491 0.99998 -0.00554 -0.00000 -0.02529 -0.00554 -0.99998 0.00000 -0.03501 -0.00000 -0.00000 -1.00000 -0.00000
1620936727163120 0.99998 -0.00549 -0.00000 -0.04467 -0.00549 -0.99998 0.00000 -0.02283 -0.00000 -0.00000 -1.00000 -0.00000
1620936727413136 1.00000 -0.00132 0.00000 -0.10782 -0.00132 -1.00000 0.00000 -0.00595 -0.00000 -0.00000 -1.00000 -0.00000
1620936727662501 0.99999 -0.00458 0.00000 -0.16087 -0.00458 -0.99999 0.00000 -0.02558 -0.00000 -0.00000 -1.00000 -0.00000
1620936727911885 0.99999 -0.00518 -0.00000 -0.23990 -0.00518 -0.99999 0.00000 -0.03345 -0.00000 -0.00000 -1.00000 -0.00000
1620936728161264 0.99991 -0.01333 0.00000 -0.45914 -0.01333 -0.99991 0.00000 -0.01705 -0.00000 -0.00000 -1.00000 -0.00000
1620936728410644 0.99953 -0.03065 0.00000 -0.75701 -0.03065 -0.99953 0.00000 -0.04514 -0.00000 -0.00000 -1.00000 -0.00000
1620936728660646 0.99899 -0.04495 0.00000 -1.16533 -0.04495 -0.99899 0.00000 -0.00706 -0.00000 -0.00000 -1.00000 -0.00000
1620936728910649 0.99830 -0.05834 0.00000 -1.64783 -0.05834 -0.99830 0.00000 0.01136 -0.00000 -0.00000 -1.00000 0.00000
1620936729160653 0.99808 -0.06197 0.00000 -2.14645 -0.06197 -0.99808 0.00000 -0.04269 -0.00000 -0.00000 -1.00000 -0.00000
1620936729411909 0.99758 -0.06956 0.00000 -2.86867 -0.06956 -0.99758 0.00000 0.02947 -0.00000 -0.00000 -1.00000 0.00000
1620936729662540 0.99674 -0.08068 0.00000 -3.63711 -0.08068 -0.99674 0.00000 -0.00662 -0.00000 -0.00000 -1.00000 -0.00000
1620936729913170 0.99548 -0.09493 0.00000 -4.38958 -0.09493 -0.99548 0.00000 0.04802 -0.00000 -0.00000 -1.00000 0.00000
1620936730163181 0.99475 -0.10233 -0.00000 -5.30929 -0.10233 -0.99475 0.00000 0.13471 -0.00000 -0.00000 -1.00000 0.00000
1620936730413172 0.99409 -0.10853 0.00000 -6.25520 -0.10853 -0.99409 0.00000 0.17978 -0.00000 -0.00000 -1.00000 0.00000
1620936730662555 0.99378 -0.11134 0.00000 -7.28254 -0.11134 -0.99378 0.00000 0.22720 -0.00000 -0.00000 -1.00000 0.00000
1620936730911932 0.99301 -0.11805 0.00000 -8.37364 -0.11805 -0.99301 0.00000 0.35126 -0.00000 -0.00000 -1.00000 0.00000
1620936731161314 0.99143 -0.13062 -0.00000 -9.50630 -0.13062 -0.99143 0.00000 0.30605 -0.00000 -0.00000 -1.00000 0.00000
1620936731410692 0.99033 -0.13874 0.00000 -10.64351 -0.13874 -0.99033 0.00000 0.40150 -0.00000 -0.00000 -1.00000 0.00000
1620936731660072 0.99010 -0.14035 -0.00000 -11.84764 -0.14035 -0.99010 0.00000 0.36298 -0.00000 -0.00000 -1.00000 0.00000
1620936731910078 0.99080 -0.13531 0.00000 -13.14779 -0.13531 -0.99080 0.00000 0.31896 -0.00000 -0.00000 -1.00000 0.00000
1620936732160079 0.99200 -0.12627 0.00000 -14.43180 -0.12627 -0.99200 0.00000 0.22323 -0.00000 -0.00000 -1.00000 0.00000
1620936732411331 0.99213 -0.12525 0.00000 -15.85928 -0.12525 -0.99213 0.00000 0.24595 -0.00000 -0.00000 -1.00000 0.00000
1620936732661966 0.99232 -0.12373 -0.00000 -17.23065 -0.12373 -0.99232 0.00000 0.08495 -0.00000 -0.00000 -1.00000 0.00000
1620936732912587 0.99239 -0.12316 0.00000 -18.71794 -0.12316 -0.99239 0.00000 0.01473 -0.00000 -0.00000 -1.00000 0.00000
1620936733163250 0.99351 -0.11373 0.00000 -20.35349 -0.11373 -0.99351 0.00000 -0.16286 -0.00000 -0.00000 -1.00000 -0.00000
1620936733412604 0.99477 -0.10217 0.00000 -21.94687 -0.10217 -0.99477 0.00000 -0.52590 -0.00000 -0.00000 -1.00000 -0.00000
1620936733662606 0.99526 -0.09724 0.00000 -23.53300 -0.09724 -0.99526 0.00000 -0.60724 -0.00000 -0.00000 -1.00000 -0.00000
1620936733911354 0.99650 -0.08359 0.00000 -25.29077 -0.08359 -0.99650 0.00000 -1.02137 -0.00000 -0.00000 -1.00000 -0.00000
1620936734160732 0.99762 -0.06892 0.00000 -26.98720 -0.06892 -0.99762 0.00000 -1.40231 -0.00000 -0.00000 -1.00000 -0.00000
1620936734410739 0.99856 -0.05370 0.00000 -28.74195 -0.05370 -0.99856 0.00000 -1.85531 -0.00000 -0.00000 -1.00000 -0.00000
1620936734660746 0.99937 -0.03544 0.00000 -30.54042 -0.03544 -0.99937 0.00000 -2.47407 -0.00000 -0.00000 -1.00000 -0.00000
1620936734911375 0.99979 -0.02048 0.00000 -32.28715 -0.02048 -0.99979 0.00000 -2.93742 -0.00000 -0.00000 -1.00000 -0.00000
1620936735162622 0.99998 -0.00611 0.00000 -34.21792 -0.00611 -0.99998 0.00000 -3.33645 -0.00000 -0.00000 -1.00000 -0.00000
1620936735413254 1.00000 0.00167 0.00000 -35.94032 0.00167 -1.00000 0.00000 -3.59201 0.00000 -0.00000 -1.00000 -0.00000
1620936735662632 0.99978 0.02107 -0.00000 -37.79814 0.02107 -0.99978 0.00000 -4.28649 0.00000 -0.00000 -1.00000 -0.00000
1620936735912014 0.99948 0.03237 0.00000 -39.79207 0.03237 -0.99948 0.00000 -4.81701 0.00000 -0.00000 -1.00000 -0.00000
1620936736162019 0.99927 0.03823 -0.00000 -41.71329 0.03823 -0.99927 0.00000 -5.08818 0.00000 -0.00000 -1.00000 -0.00000
1620936736411400 0.99906 0.04326 0.00000 -43.74256 0.04326 -0.99906 0.00000 -5.37668 0.00000 -0.00000 -1.00000 -0.00000
1620936736660156 0.99866 0.05181 0.00000 -45.74601 0.05181 -0.99866 0.00000 -5.77404 0.00000 -0.00000 -1.00000 -0.00000
1620936736910155 0.99854 0.05396 0.00000 -47.87285 0.05396 -0.99854 0.00000 -5.94491 0.00000 -0.00000 -1.00000 -0.00000
1620936737160789 0.99882 0.04861 -0.00000 -50.07418 0.04861 -0.99882 0.00000 -5.65861 0.00000 -0.00000 -1.00000 -0.00000
1620936737411413 0.99867 0.05159 0.00000 -52.25719 0.05159 -0.99867 0.00000 -5.77241 0.00000 -0.00000 -1.00000 -0.00000
1620936737662045 0.99848 0.05516 -0.00000 -54.46307 0.05516 -0.99848 0.00000 -6.16041 0.00000 -0.00000 -1.00000 -0.00000
1620936737912672 0.99858 0.05327 0.00000 -56.70088 0.05327 -0.99858 0.00000 -6.11440 0.00000 -0.00000 -1.00000 -0.00000
1620936738163314 0.99895 0.04574 0.00000 -58.96995 0.04574 -0.99895 0.00000 -5.69223 0.00000 -0.00000 -1.00000 -0.00000
1620936738412682 0.99873 0.05043 0.00000 -61.15317 0.05043 -0.99873 0.00000 -6.07929 0.00000 -0.00000 -1.00000 -0.00000
1620936738662065 0.99877 0.04953 -0.00000 -63.36291 0.04953 -0.99877 0.00000 -5.97486 0.00000 -0.00000 -1.00000 -0.00000
1620936738911437 0.99881 0.04874 -0.00000 -65.55918 0.04874 -0.99881 0.00000 -5.99540 0.00000 -0.00000 -1.00000 -0.00000
1620936739160820 0.99878 0.04940 0.00000 -67.74820 0.04940 -0.99878 0.00000 -6.08919 0.00000 -0.00000 -1.00000 -0.00000
1620936739410824 0.99924 0.03891 0.00000 -69.96176 0.03891 -0.99924 0.00000 -5.17813 0.00000 -0.00000 -1.00000 -0.00000
1620936739660831 0.99938 0.03515 0.00000 -72.17487 0.03515 -0.99938 0.00000 -4.98727 0.00000 -0.00000 -1.00000 -0.00000
1620936739910829 0.99943 0.03365 -0.00000 -74.39288 0.03365 -0.99943 0.00000 -4.88951 0.00000 -0.00000 -1.00000 -0.00000
1620936740161456 0.99971 0.02406 0.00000 -76.59283 0.02406 -0.99971 0.00000 -4.26520 0.00000 -0.00000 -1.00000 -0.00000
1620936740412087 0.99997 0.00828 0.00000 -78.75965 0.00828 -0.99997 0.00000 -3.00969 0.00000 -0.00000 -1.00000 -0.00000
1620936740662719 0.99998 -0.00678 0.00000 -80.99674 -0.00678 -0.99998 0.00000 -1.86759 -0.00000 -0.00000 -1.00000 -0.00000
1620936740913343 0.99914 -0.04154 0.00000 -83.22647 -0.04154 -0.99914 0.00000 0.90705 -0.00000 -0.00000 -1.00000 0.00000
1620936741163355 0.99694 -0.07820 0.00000 -85.14345 -0.07820 -0.99694 0.00000 4.07887 -0.00000 -0.00000 -1.00000 0.00000
1620936741412731 0.99198 -0.12641 0.00000 -86.91420 -0.12641 -0.99198 0.00000 8.20913 -0.00000 -0.00000 -1.00000 0.00000
1620936741662108 0.98550 -0.16969 0.00000 -88.61342 -0.16969 -0.98550 0.00000 11.97471 -0.00000 -0.00000 -1.00000 0.00000
1620936741911487 0.97648 -0.21561 0.00000 -90.06735 -0.21561 -0.97648 0.00000 16.06564 -0.00000 -0.00000 -1.00000 0.00000
1620936742160865 0.96377 -0.26674 -0.00000 -91.10386 -0.26674 -0.96377 0.00000 20.72949 -0.00000 -0.00000 -1.00000 0.00000
1620936742410244 0.95074 -0.30998 0.00000 -92.09782 -0.30998 -0.95074 0.00000 24.75899 -0.00000 -0.00000 -1.00000 0.00000
1620936742660253 0.93135 -0.36412 0.00000 -92.54075 -0.36412 -0.93135 0.00000 30.09611 -0.00000 -0.00000 -1.00000 0.00000
1620936742910877 0.90797 -0.41904 -0.00000 -92.67741 -0.41904 -0.90797 0.00000 35.55525 -0.00000 -0.00000 -1.00000 0.00000
1620936743161508 0.88170 -0.47182 -0.00000 -92.40669 -0.47182 -0.88170 0.00000 41.07642 -0.00000 -0.00000 -1.00000 0.00000
1620936743412138 0.84507 -0.53466 -0.00000 -91.22216 -0.53466 -0.84507 0.00000 47.65033 -0.00000 -0.00000 -1.00000 0.00000
1620936743662760 0.80250 -0.59665 0.00000 -89.40515 -0.59665 -0.80250 0.00000 54.60700 -0.00000 -0.00000 -1.00000 0.00000
1620936743912767 0.75675 -0.65371 0.00000 -87.06948 -0.65371 -0.75675 0.00000 60.85757 -0.00000 -0.00000 -1.00000 0.00000
1620936744162770 0.69821 -0.71589 0.00000 -83.58479 -0.71589 -0.69821 0.00000 67.95971 -0.00000 -0.00000 -1.00000 0.00000
1620936744412147 0.64033 -0.76810 -0.00000 -79.82940 -0.76810 -0.64033 0.00000 74.33356 -0.00000 -0.00000 -1.00000 0.00000
1620936744661534 0.58081 -0.81404 0.00000 -75.85261 -0.81404 -0.58081 0.00000 80.01039 -0.00000 -0.00000 -1.00000 0.00000
1620936744910907 0.52499 -0.85111 0.00000 -72.19866 -0.85111 -0.52499 0.00000 84.89237 -0.00000 -0.00000 -1.00000 0.00000
1620936745160293 0.46797 -0.88374 -0.00000 -68.28582 -0.88374 -0.46797 0.00000 89.37769 -0.00000 -0.00000 -1.00000 0.00000
1620936745410295 0.42729 -0.90411 -0.00000 -65.99845 -0.90411 -0.42729 0.00000 92.57216 -0.00000 -0.00000 -1.00000 0.00000
1620936745660300 0.39364 -0.91926 0.00000 -64.41292 -0.91926 -0.39364 0.00000 94.76119 -0.00000 -0.00000 -1.00000 0.00000
1620936745910923 0.37565 -0.92676 0.00000 -64.42283 -0.92676 -0.37565 0.00000 95.87380 -0.00000 -0.00000 -1.00000 0.00000
1620936746161566 0.36664 -0.93036 0.00000 -65.40126 -0.93036 -0.36664 0.00000 96.52516 -0.00000 -0.00000 -1.00000 0.00000
1620936746412810 0.36209 -0.93214 0.00000 -66.77596 -0.93214 -0.36209 0.00000 96.98079 -0.00000 -0.00000 -1.00000 0.00000
1620936746662817 0.36868 -0.92956 0.00000 -69.35073 -0.92956 -0.36868 0.00000 96.44387 -0.00000 -0.00000 -1.00000 0.00000
1620936746912822 0.37547 -0.92683 -0.00000 -72.00392 -0.92683 -0.37547 0.00000 95.83134 -0.00000 -0.00000 -1.00000 0.00000
1620936747162817 0.37499 -0.92703 0.00000 -73.92274 -0.92703 -0.37499 0.00000 95.94951 -0.00000 -0.00000 -1.00000 0.00000
1620936747412195 0.38115 -0.92451 0.00000 -76.47964 -0.92451 -0.38115 0.00000 95.41571 -0.00000 -0.00000 -1.00000 0.00000
1620936747661571 0.38665 -0.92223 0.00000 -79.09563 -0.92223 -0.38665 0.00000 94.93853 -0.00000 -0.00000 -1.00000 0.00000
1620936747910959 0.39875 -0.91706 -0.00000 -82.30447 -0.91706 -0.39875 0.00000 93.84811 -0.00000 -0.00000 -1.00000 0.00000
1620936748160334 0.41201 -0.91118 -0.00000 -85.68201 -0.91118 -0.41201 0.00000 92.53549 -0.00000 -0.00000 -1.00000 0.00000
1620936748410967 0.42297 -0.90614 0.00000 -88.79575 -0.90614 -0.42297 0.00000 91.51310 -0.00000 -0.00000 -1.00000 0.00000
1620936748660973 0.44209 -0.89697 0.00000 -92.68927 -0.89697 -0.44209 0.00000 89.45696 -0.00000 -0.00000 -1.00000 0.00000
1620936748911604 0.45625 -0.88985 0.00000 -96.07909 -0.88985 -0.45625 0.00000 87.90831 -0.00000 -0.00000 -1.00000 0.00000
1620936749162853 0.47307 -0.88102 0.00000 -99.70077 -0.88102 -0.47307 0.00000 86.13676 -0.00000 -0.00000 -1.00000 0.00000
1620936749412858 0.48922 -0.87216 0.00000 -103.18844 -0.87216 -0.48922 0.00000 84.21104 -0.00000 -0.00000 -1.00000 0.00000
1620936749663487 0.49933 -0.86641 0.00000 -106.01144 -0.86641 -0.49933 0.00000 82.99643 -0.00000 -0.00000 -1.00000 0.00000
1620936749913491 0.51022 -0.86004 -0.00000 -108.83971 -0.86004 -0.51022 0.00000 81.57485 -0.00000 -0.00000 -1.00000 0.00000
1620936750162237 0.51896 -0.85480 -0.00000 -111.48966 -0.85480 -0.51896 0.00000 80.37623 -0.00000 -0.00000 -1.00000 0.00000
1620936750412254 0.51882 -0.85488 0.00000 -113.22975 -0.85488 -0.51882 0.00000 80.46890 -0.00000 -0.00000 -1.00000 0.00000
1620936750661628 0.53003 -0.84798 0.00000 -115.85057 -0.84798 -0.53003 0.00000 78.82821 -0.00000 -0.00000 -1.00000 0.00000
1620936750911634 0.53019 -0.84788 -0.00000 -117.71236 -0.84788 -0.53019 0.00000 78.90449 -0.00000 -0.00000 -1.00000 0.00000
1620936751161631 0.53449 -0.84517 0.00000 -119.70472 -0.84517 -0.53449 0.00000 78.30562 -0.00000 -0.00000 -1.00000 0.00000
1620936751411638 0.54513 -0.83835 0.00000 -122.22508 -0.83835 -0.54513 0.00000 76.75551 -0.00000 -0.00000 -1.00000 0.00000
1620936751662276 0.54650 -0.83746 0.00000 -124.02824 -0.83746 -0.54650 0.00000 76.49345 -0.00000 -0.00000 -1.00000 0.00000
1620936751912899 0.55513 -0.83177 0.00000 -126.37745 -0.83177 -0.55513 0.00000 75.15934 -0.00000 -0.00000 -1.00000 0.00000
1620936752163522 0.55937 -0.82892 0.00000 -128.27623 -0.82892 -0.55937 0.00000 74.55433 -0.00000 -0.00000 -1.00000 0.00000
1620936752413527 0.57349 -0.81921 0.00000 -130.96226 -0.81921 -0.57349 0.00000 72.32485 -0.00000 -0.00000 -1.00000 0.00000
1620936752663535 0.59025 -0.80722 0.00000 -133.93801 -0.80722 -0.59025 0.00000 69.63737 -0.00000 -0.00000 -1.00000 0.00000
1620936752912915 0.62413 -0.78132 0.00000 -138.18241 -0.78132 -0.62413 0.00000 63.76759 -0.00000 -0.00000 -1.00000 0.00000
1620936753162292 0.65937 -0.75182 0.00000 -142.31428 -0.75182 -0.65937 0.00000 57.34237 -0.00000 -0.00000 -1.00000 0.00000
1620936753411672 0.69938 -0.71475 0.00000 -146.52111 -0.71475 -0.69938 0.00000 49.66542 -0.00000 -0.00000 -1.00000 0.00000
1620936753661051 0.75176 -0.65944 0.00000 -151.02049 -0.65944 -0.75176 0.00000 38.38682 -0.00000 -0.00000 -1.00000 0.00000
1620936753911060 0.80760 -0.58973 0.00000 -155.19674 -0.58973 -0.80760 0.00000 24.58486 -0.00000 -0.00000 -1.00000 0.00000
1620936754161063 0.86143 -0.50788 0.00000 -158.06336 -0.50788 -0.86143 0.00000 9.23978 -0.00000 -0.00000 -1.00000 0.00000
1620936754411684 0.91340 -0.40706 0.00000 -159.27098 -0.40706 -0.91340 0.00000 -8.71578 -0.00000 -0.00000 -1.00000 -0.00000
1620936754662321 0.95941 -0.28202 0.00000 -157.80825 -0.28202 -0.95941 0.00000 -29.83388 -0.00000 -0.00000 -1.00000 -0.00000
1620936754912944 0.99035 -0.13862 0.00000 -152.82932 -0.13862 -0.99035 0.00000 -52.54324 -0.00000 -0.00000 -1.00000 -0.00000
1620936755163575 0.99999 0.00442 -0.00000 -144.90265 0.00442 -0.99999 0.00000 -73.77487 0.00000 -0.00000 -1.00000 -0.00000
1620936755412957 0.98657 0.16335 0.00000 -132.34374 0.16335 -0.98657 0.00000 -95.99500 0.00000 -0.00000 -1.00000 -0.00000
1620936755662334 0.94442 0.32875 0.00000 -115.17692 0.32875 -0.94442 0.00000 -116.99881 0.00000 -0.00000 -1.00000 -0.00000
1620936755912337 0.87541 0.48338 0.00000 -94.83883 0.48338 -0.87541 0.00000 -134.69404 0.00000 -0.00000 -1.00000 -0.00000
1620936756161716 0.77469 0.63234 -0.00000 -70.22334 0.63234 -0.77469 0.00000 -149.45584 0.00000 -0.00000 -1.00000 -0.00000
1620936756411721 0.64831 0.76138 0.00000 -43.16148 0.76138 -0.64831 0.00000 -159.54141 0.00000 -0.00000 -1.00000 -0.00000
1620936756661725 0.50001 0.86602 0.00000 -14.58317 0.86602 -0.50001 0.00000 -164.76129 0.00000 -0.00000 -1.00000 -0.00000
1620936756912348 0.33826 0.94105 0.00000 13.95462 0.94105 -0.33826 0.00000 -164.74534 0.00000 -0.00000 -1.00000 -0.00000
1620936757162988 0.16866 0.98567 0.00000 41.44933 0.98567 -0.16866 0.00000 -159.67714 0.00000 -0.00000 -1.00000 -0.00000
1620936757413624 -0.00243 1.00000 0.00000 67.20824 1.00000 0.00243 0.00000 -150.22846 0.00000 0.00000 -1.00000 -0.00000
1620936757663610 -0.17528 0.98452 0.00000 91.25027 0.98452 0.17528 0.00000 -136.22389 0.00000 0.00000 -1.00000 -0.00000
1620936757913623 -0.33973 0.94052 -0.00000 112.15727 0.94052 0.33973 0.00000 -118.72589 0.00000 0.00000 -1.00000 -0.00000
1620936758162996 -0.48173 0.87632 0.00000 128.18307 0.87632 0.48173 0.00000 -99.86549 0.00000 0.00000 -1.00000 -0.00000
1620936758412377 -0.60415 0.79687 0.00000 140.36103 0.79687 0.60415 0.00000 -80.03600 0.00000 0.00000 -1.00000 -0.00000
1620936758662386 -0.69520 0.71882 0.00000 147.76937 0.71882 0.69520 0.00000 -62.72306 0.00000 0.00000 -1.00000 -0.00000
1620936758912388 -0.77193 0.63571 -0.00000 152.92898 0.63571 0.77193 0.00000 -45.46350 0.00000 0.00000 -1.00000 -0.00000
1620936759161767 -0.82619 0.56339 0.00000 155.13478 0.56339 0.82619 0.00000 -31.53264 0.00000 0.00000 -1.00000 -0.00000
1620936759411767 -0.86698 0.49833 0.00000 155.92842 0.49833 0.86698 0.00000 -19.60151 0.00000 0.00000 -1.00000 -0.00000
1620936759661767 -0.89667 0.44271 0.00000 155.50276 0.44271 0.89667 0.00000 -9.74619 0.00000 0.00000 -1.00000 -0.00000
1620936759912401 -0.91540 0.40255 0.00000 154.41809 0.40255 0.91540 0.00000 -2.83025 0.00000 0.00000 -1.00000 -0.00000
1620936760163037 -0.92269 0.38554 0.00000 153.11879 0.38554 0.92269 0.00000 0.06093 0.00000 0.00000 -1.00000 0.00000
1620936760413037 -0.92383 0.38281 0.00000 151.77223 0.38281 0.92383 0.00000 0.58239 0.00000 0.00000 -1.00000 0.00000
1620936760663044 -0.91355 0.40672 0.00000 150.25862 0.40672 0.91355 0.00000 -3.42583 0.00000 0.00000 -1.00000 -0.00000
1620936760912416 -0.90482 0.42580 -0.00000 148.64409 0.42580 0.90482 0.00000 -6.51352 0.00000 0.00000 -1.00000 -0.00000
1620936761161796 -0.89290 0.45026 0.00000 146.89102 0.45026 0.89290 0.00000 -10.66300 0.00000 0.00000 -1.00000 -0.00000
1620936761411179 -0.87585 0.48259 0.00000 144.85078 0.48259 0.87585 0.00000 -16.08386 0.00000 0.00000 -1.00000 -0.00000
1620936761661183 -0.85139 0.52453 0.00000 142.31645 0.52453 0.85139 0.00000 -23.03141 0.00000 0.00000 -1.00000 -0.00000
1620936761911185 -0.82798 0.56075 0.00000 139.54912 0.56075 0.82798 0.00000 -29.28263 0.00000 0.00000 -1.00000 -0.00000
1620936762161195 -0.79706 0.60390 0.00000 136.07016 0.60390 0.79706 0.00000 -36.63099 0.00000 0.00000 -1.00000 -0.00000
1620936762411823 -0.76536 0.64360 0.00000 132.36500 0.64360 0.76536 0.00000 -43.49276 0.00000 0.00000 -1.00000 -0.00000
1620936762663067 -0.72719 0.68643 0.00000 127.91777 0.68643 0.72719 0.00000 -50.87865 0.00000 0.00000 -1.00000 -0.00000
1620936762913078 -0.69197 0.72193 0.00000 123.47568 0.72193 0.69197 0.00000 -57.39019 0.00000 0.00000 -1.00000 -0.00000
1620936763163083 -0.64738 0.76217 0.00000 117.99014 0.76217 0.64738 0.00000 -64.66614 0.00000 0.00000 -1.00000 -0.00000
1620936763413086 -0.60069 0.79948 0.00000 112.07527 0.79948 0.60069 0.00000 -71.54902 0.00000 0.00000 -1.00000 -0.00000
1620936763662468 -0.55923 0.82901 0.00000 106.55732 0.82901 0.55923 0.00000 -77.19133 0.00000 0.00000 -1.00000 -0.00000
1620936763911840 -0.51789 0.85545 0.00000 100.70044 0.85545 0.51789 0.00000 -82.37792 0.00000 0.00000 -1.00000 -0.00000
1620936764161217 -0.48758 0.87308 0.00000 95.94020 0.87308 0.48758 0.00000 -85.88520 0.00000 0.00000 -1.00000 -0.00000
1620936764411227 -0.45531 0.89033 0.00000 90.82392 0.89033 0.45531 0.00000 -89.33857 0.00000 0.00000 -1.00000 -0.00000
1620936764661231 -0.43100 0.90235 -0.00000 86.59295 0.90235 0.43100 0.00000 -91.91703 0.00000 0.00000 -1.00000 -0.00000
1620936764911858 -0.40921 0.91244 0.00000 82.28712 0.91244 0.40921 0.00000 -93.93379 0.00000 0.00000 -1.00000 -0.00000
1620936765163111 -0.39344 0.91935 0.00000 78.77879 0.91935 0.39344 0.00000 -95.34475 0.00000 0.00000 -1.00000 -0.00000
1620936765413739 -0.37370 0.92755 0.00000 74.83410 0.92755 0.37370 0.00000 -97.15894 0.00000 0.00000 -1.00000 -0.00000
1620936765663116 -0.37265 0.92797 0.00000 72.78723 0.92797 0.37265 0.00000 -97.20185 0.00000 0.00000 -1.00000 -0.00000
1620936765913129 -0.35733 0.93398 0.00000 69.24348 0.93398 0.35733 0.00000 -98.50577 0.00000 0.00000 -1.00000 -0.00000
1620936766161873 -0.36339 0.93164 0.00000 67.81961 0.93164 0.36339 0.00000 -97.91632 0.00000 0.00000 -1.00000 -0.00000
1620936766411884 -0.35806 0.93370 0.00000 65.32300 0.93370 0.35806 0.00000 -98.48976 0.00000 0.00000 -1.00000 -0.00000
1620936766661264 -0.38017 0.92491 0.00000 65.56452 0.92491 0.38017 0.00000 -96.72410 0.00000 0.00000 -1.00000 -0.00000
1620936766911264 -0.40440 0.91458 0.00000 66.06078 0.91458 0.40440 0.00000 -95.07418 0.00000 0.00000 -1.00000 -0.00000
1620936767161890 -0.44367 0.89619 0.00000 68.07440 0.89619 0.44367 0.00000 -92.13252 0.00000 0.00000 -1.00000 -0.00000
1620936767412525 -0.48319 0.87552 0.00000 70.03752 0.87552 0.48319 0.00000 -89.10331 0.00000 0.00000 -1.00000 -0.00000
1620936767663153 -0.52351 0.85202 0.00000 71.92969 0.85202 0.52351 0.00000 -85.86442 0.00000 0.00000 -1.00000 -0.00000
1620936767913785 -0.57048 0.82131 0.00000 74.55498 0.82131 0.57048 0.00000 -81.73343 0.00000 0.00000 -1.00000 -0.00000
1620936768164408 -0.61627 0.78754 0.00000 77.07462 0.78754 0.61627 0.00000 -77.42985 0.00000 0.00000 -1.00000 -0.00000
1620936768413789 -0.67138 0.74111 0.00000 80.44805 0.74111 0.67138 0.00000 -71.84916 0.00000 0.00000 -1.00000 -0.00000
1620936768663794 -0.72780 0.68578 0.00000 83.70159 0.68578 0.72780 0.00000 -65.16572 0.00000 0.00000 -1.00000 -0.00000
1620936768913173 -0.77922 0.62675 0.00000 86.43121 0.62675 0.77922 0.00000 -58.37237 0.00000 0.00000 -1.00000 -0.00000
1620936769162544 -0.82752 0.56143 0.00000 88.87216 0.56143 0.82752 0.00000 -51.28863 0.00000 0.00000 -1.00000 -0.00000
1620936769412556 -0.86271 0.50569 0.00000 89.94498 0.50569 0.86271 0.00000 -45.30547 0.00000 0.00000 -1.00000 -0.00000
1620936769661937 -0.89813 0.43973 0.00000 91.09143 0.43973 0.89813 0.00000 -38.60855 0.00000 0.00000 -1.00000 -0.00000
1620936769911942 -0.92458 0.38098 0.00000 91.34252 0.38098 0.92458 0.00000 -32.60074 0.00000 0.00000 -1.00000 -0.00000
1620936770161947 -0.94945 0.31391 0.00000 91.49428 0.31391 0.94945 0.00000 -26.11116 0.00000 0.00000 -1.00000 -0.00000
1620936770411951 -0.97092 0.23941 0.00000 91.13228 0.23941 0.97092 0.00000 -19.03049 0.00000 0.00000 -1.00000 -0.00000
1620936770663196 -0.98552 0.16955 0.00000 90.01376 0.16955 0.98552 0.00000 -12.47848 0.00000 0.00000 -1.00000 -0.00000
1620936770913830 -0.99379 0.11126 0.00000 88.50131 0.11126 0.99379 0.00000 -7.19882 0.00000 0.00000 -1.00000 -0.00000
1620936771163830 -0.99840 0.05647 0.00000 86.59115 0.05647 0.99840 0.00000 -2.34218 0.00000 0.00000 -1.00000 -0.00000
1620936771413841 -0.99980 0.02024 0.00000 84.44747 0.02024 0.99980 0.00000 0.83471 0.00000 0.00000 -1.00000 0.00000
1620936771663844 -0.99993 0.01181 0.00000 82.29412 0.01181 0.99993 0.00000 1.54815 0.00000 0.00000 -1.00000 0.00000
1620936771913223 -0.99999 -0.00507 0.00000 80.06863 -0.00507 0.99999 0.00000 2.96894 -0.00000 0.00000 -1.00000 0.00000
1620936772162597 -0.99996 -0.00846 0.00000 77.82487 -0.00846 0.99996 0.00000 3.19653 -0.00000 0.00000 -1.00000 0.00000
1620936772411978 -0.99989 -0.01514 0.00000 75.54226 -0.01514 0.99989 0.00000 3.69429 -0.00000 0.00000 -1.00000 0.00000
1620936772661355 -0.99980 -0.02014 0.00000 73.25972 -0.02014 0.99980 0.00000 4.04071 -0.00000 0.00000 -1.00000 0.00000
1620936772911361 -0.99994 -0.01089 0.00000 71.02751 -0.01089 0.99994 0.00000 3.29488 -0.00000 0.00000 -1.00000 0.00000
1620936773161410 -0.99980 -0.01983 0.00000 68.69139 -0.01983 0.99980 0.00000 3.89267 -0.00000 0.00000 -1.00000 0.00000
1620936773411998 -0.99979 -0.02042 -0.00000 66.39257 -0.02042 0.99979 0.00000 3.97076 -0.00000 0.00000 -1.00000 0.00000
1620936773662626 -0.99984 -0.01810 -0.00000 64.09255 -0.01810 0.99984 0.00000 3.79296 -0.00000 0.00000 -1.00000 0.00000
1620936773913256 -0.99985 -0.01740 0.00000 61.81802 -0.01740 0.99985 0.00000 3.56218 -0.00000 0.00000 -1.00000 0.00000
1620936774163886 -0.99983 -0.01860 0.00000 59.60477 -0.01860 0.99983 0.00000 3.51805 -0.00000 0.00000 -1.00000 0.00000
1620936774414513 -0.99967 -0.02570 -0.00000 57.25253 -0.02570 0.99967 0.00000 3.91982 -0.00000 0.00000 -1.00000 0.00000
1620936774663892 -0.99920 -0.04004 0.00000 55.00643 -0.04004 0.99920 0.00000 4.65065 -0.00000 0.00000 -1.00000 0.00000
1620936774913897 -0.99913 -0.04167 0.00000 52.71176 -0.04167 0.99913 0.00000 4.88306 -0.00000 0.00000 -1.00000 0.00000
1620936775163275 -0.99857 -0.05350 0.00000 50.45011 -0.05350 0.99857 0.00000 5.36515 -0.00000 0.00000 -1.00000 0.00000
1620936775412655 -0.99858 -0.05329 0.00000 48.22183 -0.05329 0.99858 0.00000 5.31163 -0.00000 0.00000 -1.00000 0.00000
1620936775662034 -0.99879 -0.04920 -0.00000 46.13828 -0.04920 0.99879 0.00000 5.08683 -0.00000 0.00000 -1.00000 0.00000
1620936775912035 -0.99949 -0.03182 0.00000 44.01880 -0.03182 0.99949 0.00000 4.26113 -0.00000 0.00000 -1.00000 0.00000
1620936776162040 -0.99986 -0.01702 0.00000 41.95653 -0.01702 0.99986 0.00000 3.52931 -0.00000 0.00000 -1.00000 0.00000
1620936776412669 -1.00000 -0.00103 0.00000 39.87074 -0.00103 1.00000 0.00000 2.79267 -0.00000 0.00000 -1.00000 0.00000
1620936776663299 -0.99978 0.02099 0.00000 37.79214 0.02099 0.99978 0.00000 1.96017 0.00000 0.00000 -1.00000 0.00000
1620936776913302 -0.99948 0.03226 0.00000 35.60752 0.03226 0.99948 0.00000 1.51343 0.00000 0.00000 -1.00000 0.00000
1620936777163305 -0.99891 0.04663 -0.00000 33.54010 0.04663 0.99891 0.00000 1.00274 0.00000 0.00000 -1.00000 0.00000
1620936777412687 -0.99821 0.05973 0.00000 31.32933 0.05973 0.99821 0.00000 0.55014 0.00000 0.00000 -1.00000 0.00000
1620936777662070 -0.99775 0.06702 -0.00000 29.18382 0.06702 0.99775 0.00000 0.16052 0.00000 0.00000 -1.00000 0.00000
1620936777912076 -0.99693 0.07835 -0.00000 26.94631 0.07835 0.99693 0.00000 -0.14161 0.00000 0.00000 -1.00000 -0.00000
1620936778161463 -0.99656 0.08292 0.00000 24.77220 0.08292 0.99656 0.00000 -0.48704 0.00000 0.00000 -1.00000 -0.00000
1620936778412077 -0.99561 0.09359 0.00000 22.53395 0.09359 0.99561 0.00000 -0.66712 0.00000 0.00000 -1.00000 -0.00000
1620936778662703 -0.99556 0.09416 0.00000 20.30138 0.09416 0.99556 0.00000 -0.80681 0.00000 0.00000 -1.00000 -0.00000
1620936778913340 -0.99568 0.09288 0.00000 18.02639 0.09288 0.99568 0.00000 -0.77383 0.00000 0.00000 -1.00000 -0.00000
1620936779163964 -0.99537 0.09612 0.00000 15.83169 0.09612 0.99537 0.00000 -0.78213 0.00000 0.00000 -1.00000 -0.00000
1620936779413342 -0.99570 0.09269 0.00000 13.53346 0.09269 0.99570 0.00000 -0.85852 0.00000 0.00000 -1.00000 -0.00000
1620936779662718 -0.99575 0.09212 -0.00000 11.28046 0.09212 0.99575 0.00000 -0.79809 0.00000 0.00000 -1.00000 -0.00000
1620936779912098 -0.99586 0.09085 0.00000 9.05666 0.09085 0.99586 0.00000 -0.74221 0.00000 0.00000 -1.00000 -0.00000
1620936780161483 -0.99659 0.08250 0.00000 6.85672 0.08250 0.99659 0.00000 -0.62157 0.00000 0.00000 -1.00000 -0.00000
1620936780411489 -0.99702 0.07714 0.00000 4.55149 0.07714 0.99702 0.00000 -0.72956 0.00000 0.00000 -1.00000 -0.00000
1620936780662116 -0.99731 0.07333 0.00000 2.38965 0.07333 0.99731 0.00000 -0.81475 0.00000 0.00000 -1.00000 -0.00000
1620936780912744 -0.99748 0.07097 0.00000 0.14814 0.07097 0.99748 0.00000 -0.68090 0.00000 0.00000 -1.00000 -0.00000
1620936781163412 -0.99772 0.06752 0.00000 -2.05497 0.06752 0.99772 0.00000 -0.72794 0.00000 0.00000 -1.00000 -0.00000
1620936781414005 -0.99778 0.06654 0.00000 -4.25472 0.06654 0.99778 0.00000 -0.80107 0.00000 0.00000 -1.00000 -0.00000
1620936781664002 -0.99814 0.06096 0.00000 -6.45026 0.06096 0.99814 0.00000 -0.96143 0.00000 0.00000 -1.00000 -0.00000
1620936781914011 -0.99830 0.05822 0.00000 -8.64784 0.05822 0.99830 0.00000 -0.90032 0.00000 0.00000 -1.00000 -0.00000
1620936782163393 -0.99879 0.04917 0.00000 -10.74527 0.04917 0.99879 0.00000 -1.08094 0.00000 0.00000 -1.00000 -0.00000
1620936782412147 -0.99903 0.04404 0.00000 -12.87532 0.04404 0.99903 0.00000 -1.05168 0.00000 0.00000 -1.00000 -0.00000
1620936782662151 -0.99915 0.04126 -0.00000 -15.02121 0.04126 0.99915 0.00000 -1.06353 0.00000 0.00000 -1.00000 -0.00000
1620936782911529 -0.99948 0.03214 0.00000 -17.16403 0.03214 0.99948 0.00000 -1.28191 0.00000 0.00000 -1.00000 -0.00000
1620936783162154 -0.99931 0.03716 0.00000 -19.34417 0.03716 0.99931 0.00000 -1.17198 0.00000 0.00000 -1.00000 -0.00000
1620936783412781 -0.99939 0.03503 0.00000 -21.43691 0.03503 0.99939 0.00000 -1.21287 0.00000 0.00000 -1.00000 -0.00000
1620936783663415 -0.99939 0.03501 -0.00000 -23.68077 0.03501 0.99939 0.00000 -1.26812 0.00000 0.00000 -1.00000 -0.00000
1620936783913417 -0.99947 0.03244 0.00000 -25.80049 0.03244 0.99947 0.00000 -1.42774 0.00000 0.00000 -1.00000 -0.00000
1620936784163419 -0.99957 0.02938 0.00000 -27.90235 0.02938 0.99957 0.00000 -1.47530 0.00000 0.00000 -1.00000 -0.00000
1620936784412801 -0.99959 0.02861 0.00000 -30.20854 0.02861 0.99959 0.00000 -1.45451 0.00000 0.00000 -1.00000 -0.00000
1620936784662805 -0.99943 0.03379 -0.00000 -32.30271 0.03379 0.99943 0.00000 -1.28653 0.00000 0.00000 -1.00000 -0.00000
1620936784912184 -0.99952 0.03082 0.00000 -34.49485 0.03082 0.99952 0.00000 -1.35119 0.00000 0.00000 -1.00000 -0.00000
1620936785161561 -0.99972 0.02354 0.00000 -36.66388 0.02354 0.99972 0.00000 -1.66800 0.00000 0.00000 -1.00000 -0.00000
1620936785411569 -0.99957 0.02940 0.00000 -38.81660 0.02940 0.99957 0.00000 -1.52486 0.00000 0.00000 -1.00000 -0.00000
1620936785662197 -0.99958 0.02902 0.00000 -40.93533 0.02902 0.99958 0.00000 -1.45920 0.00000 0.00000 -1.00000 -0.00000
1620936785912198 -0.99974 0.02272 0.00000 -43.10833 0.02272 0.99974 0.00000 -1.84878 0.00000 0.00000 -1.00000 -0.00000
1620936786162846 -0.99983 0.01859 -0.00000 -45.14206 0.01859 0.99983 0.00000 -2.09557 0.00000 0.00000 -1.00000 -0.00000
1620936786413465 -0.99994 0.01136 0.00000 -47.15526 0.01136 0.99994 0.00000 -2.44649 0.00000 0.00000 -1.00000 -0.00000
1620936786664083 -0.99996 0.00936 0.00000 -49.05756 0.00936 0.99996 0.00000 -2.59275 0.00000 0.00000 -1.00000 -0.00000
1620936786913465 -0.99998 0.00595 0.00000 -50.95171 0.00595 0.99998 0.00000 -2.79678 0.00000 0.00000 -1.00000 -0.00000
1620936787163469 -0.99995 0.01021 0.00000 -52.78057 0.01021 0.99995 0.00000 -2.48918 0.00000 0.00000 -1.00000 -0.00000
1620936787412849 -0.99981 0.01962 0.00000 -54.65728 0.01962 0.99981 0.00000 -1.99300 0.00000 0.00000 -1.00000 -0.00000
1620936787662233 -0.99956 0.02958 0.00000 -56.36767 0.02958 0.99956 0.00000 -1.48246 0.00000 0.00000 -1.00000 -0.00000
1620936787911608 -0.99903 0.04393 0.00000 -57.97862 0.04393 0.99903 0.00000 -0.65381 0.00000 0.00000 -1.00000 -0.00000
1620936788161617 -0.99789 0.06488 0.00000 -59.47880 0.06488 0.99789 0.00000 0.53116 0.00000 0.00000 -1.00000 0.00000
1620936788411616 -0.99651 0.08342 -0.00000 -60.88898 0.08342 0.99651 0.00000 1.62127 0.00000 0.00000 -1.00000 0.00000
1620936788662250 -0.99307 0.11755 0.00000 -62.14706 0.11755 0.99307 0.00000 3.73547 0.00000 0.00000 -1.00000 0.00000
1620936788912873 -0.98833 0.15234 0.00000 -63.27943 0.15234 0.98833 0.00000 5.85671 0.00000 0.00000 -1.00000 0.00000
1620936789162883 -0.97906 0.20358 -0.00000 -64.08086 0.20358 0.97906 0.00000 8.93887 0.00000 0.00000 -1.00000 0.00000
1620936789413506 -0.96120 0.27586 0.00000 -64.31425 0.27586 0.96120 0.00000 13.92113 0.00000 0.00000 -1.00000 0.00000
1620936789662885 -0.93799 0.34667 0.00000 -64.15590 0.34667 0.93799 0.00000 18.58725 0.00000 0.00000 -1.00000 0.00000
1620936789912267 -0.90370 0.42817 0.00000 -63.39860 0.42817 0.90370 0.00000 24.13586 0.00000 0.00000 -1.00000 0.00000
1620936790162266 -0.84919 0.52808 0.00000 -61.29045 0.52808 0.84919 0.00000 31.23360 0.00000 0.00000 -1.00000 0.00000
1620936790411643 -0.78052 0.62514 -0.00000 -58.13175 0.62514 0.78052 0.00000 38.22687 0.00000 0.00000 -1.00000 0.00000
1620936790661647 -0.69415 0.71983 0.00000 -53.77318 0.71983 0.69415 0.00000 45.27255 0.00000 0.00000 -1.00000 0.00000
1620936790912276 -0.60205 0.79846 0.00000 -48.87719 0.79846 0.60205 0.00000 51.27349 0.00000 0.00000 -1.00000 0.00000
1620936791162904 -0.49988 0.86609 0.00000 -43.20416 0.86609 0.49988 0.00000 56.88551 0.00000 0.00000 -1.00000 0.00000
1620936791413537 -0.40581 0.91396 0.00000 -37.95329 0.91396 0.40581 0.00000 61.02253 0.00000 0.00000 -1.00000 0.00000
1620936791663544 -0.31069 0.95051 0.00000 -32.64549 0.95051 0.31069 0.00000 64.67815 0.00000 0.00000 -1.00000 0.00000
1620936791913547 -0.21965 0.97558 0.00000 -27.52474 0.97558 0.21965 0.00000 67.37335 0.00000 0.00000 -1.00000 0.00000
1620936792162297 -0.15046 0.98862 0.00000 -23.79643 0.98862 0.15046 0.00000 69.03447 0.00000 0.00000 -1.00000 0.00000
1620936792411686 -0.10764 0.99419 0.00000 -22.08141 0.99419 0.10764 0.00000 69.88988 0.00000 0.00000 -1.00000 0.00000
1620936792661057 -0.07231 0.99738 0.00000 -20.84916 0.99738 0.07231 0.00000 70.58593 0.00000 0.00000 -1.00000 0.00000
1620936792911062 -0.04463 0.99900 -0.00000 -20.17178 0.99900 0.04463 0.00000 71.24581 0.00000 0.00000 -1.00000 0.00000
1620936793161689 -0.02751 0.99962 0.00000 -20.30045 0.99962 0.02751 0.00000 71.56464 0.00000 0.00000 -1.00000 0.00000
1620936793412326 -0.02350 0.99972 0.00000 -21.54572 0.99972 0.02350 0.00000 71.63088 0.00000 0.00000 -1.00000 0.00000
1620936793662959 -0.01061 0.99994 0.00000 -22.07377 0.99994 0.01061 0.00000 71.77975 0.00000 0.00000 -1.00000 0.00000
1620936793913582 -0.00267 1.00000 0.00000 -23.16831 1.00000 0.00267 0.00000 72.12635 0.00000 0.00000 -1.00000 0.00000
1620936794164225 0.00991 0.99995 -0.00000 -23.93572 0.99995 -0.00991 0.00000 72.08932 0.00000 -0.00000 -1.00000 0.00000
1620936794414210 0.02099 0.99978 0.00000 -24.81243 0.99978 -0.02099 0.00000 72.52885 0.00000 -0.00000 -1.00000 0.00000
1620936794663597 0.03095 0.99952 0.00000 -25.85279 0.99952 -0.03095 0.00000 72.59344 0.00000 -0.00000 -1.00000 0.00000
1620936794912344 0.04684 0.99890 0.00000 -26.50504 0.99890 -0.04684 0.00000 72.99108 0.00000 -0.00000 -1.00000 0.00000
1620936795161730 0.05407 0.99854 0.00000 -27.75788 0.99854 -0.05407 0.00000 73.10017 0.00000 -0.00000 -1.00000 0.00000
1620936795411729 0.07730 0.99701 0.00000 -27.93637 0.99701 -0.07730 0.00000 73.71487 0.00000 -0.00000 -1.00000 0.00000
1620936795661741 0.09592 0.99539 -0.00000 -28.49463 0.99539 -0.09592 0.00000 74.14136 0.00000 -0.00000 -1.00000 0.00000
1620936795912986 0.12118 0.99263 0.00000 -28.43422 0.99263 -0.12118 0.00000 74.92950 0.00000 -0.00000 -1.00000 0.00000
1620936796162995 0.14587 0.98930 0.00000 -28.38967 0.98930 -0.14587 0.00000 75.55295 0.00000 -0.00000 -1.00000 0.00000
1620936796413619 0.15774 0.98748 -0.00000 -29.27940 0.98748 -0.15774 0.00000 75.84819 0.00000 -0.00000 -1.00000 0.00000
1620936796663623 0.16661 0.98602 0.00000 -30.61240 0.98602 -0.16661 0.00000 76.00528 0.00000 -0.00000 -1.00000 0.00000
1620936796913633 0.17008 0.98543 0.00000 -32.08446 0.98543 -0.17008 0.00000 76.05459 0.00000 -0.00000 -1.00000 0.00000
1620936797163048 0.16640 0.98606 0.00000 -34.38352 0.98606 -0.16640 0.00000 75.98822 0.00000 -0.00000 -1.00000 0.00000
1620936797412388 0.14782 0.98901 -0.00000 -37.71684 0.98901 -0.14782 0.00000 75.24272 0.00000 -0.00000 -1.00000 0.00000
1620936797661767 0.13002 0.99151 0.00000 -41.16213 0.99151 -0.13002 0.00000 74.54464 0.00000 -0.00000 -1.00000 0.00000
1620936797911772 0.11071 0.99385 0.00000 -44.56262 0.99385 -0.11071 0.00000 73.71032 0.00000 -0.00000 -1.00000 0.00000
1620936798161776 0.09979 0.99501 0.00000 -47.33002 0.99501 -0.09979 0.00000 73.24668 0.00000 -0.00000 -1.00000 0.00000
1620936798412405 0.08344 0.99651 0.00000 -50.62123 0.99651 -0.08344 0.00000 72.35238 0.00000 -0.00000 -1.00000 0.00000
1620936798663034 0.06889 0.99762 0.00000 -53.77920 0.99762 -0.06889 0.00000 71.46839 0.00000 -0.00000 -1.00000 0.00000
1620936798913664 0.04589 0.99895 0.00000 -57.46111 0.99895 -0.04589 0.00000 70.29453 0.00000 -0.00000 -1.00000 0.00000
1620936799163661 0.03476 0.99940 0.00000 -60.22670 0.99940 -0.03476 0.00000 69.50090 0.00000 -0.00000 -1.00000 0.00000
1620936799413667 0.02524 0.99968 0.00000 -62.95881 0.99968 -0.02524 0.00000 68.92027 0.00000 -0.00000 -1.00000 0.00000
1620936799663383 0.01079 0.99994 0.00000 -65.76720 0.99994 -0.01079 0.00000 68.04981 0.00000 -0.00000 -1.00000 0.00000
1620936799913055 0.00682 0.99998 -0.00000 -68.19055 0.99998 -0.00682 0.00000 67.78082 0.00000 -0.00000 -1.00000 0.00000
1620936800161801 -0.00287 1.00000 0.00000 -70.69162 1.00000 0.00287 0.00000 67.04876 0.00000 0.00000 -1.00000 0.00000
1620936800411813 0.00534 0.99999 0.00000 -72.10538 0.99999 -0.00534 0.00000 67.51610 0.00000 -0.00000 -1.00000 0.00000
1620936800661817 0.00842 0.99996 -0.00000 -73.69395 0.99996 -0.00842 0.00000 67.77589 0.00000 -0.00000 -1.00000 0.00000
1620936800911819 0.00253 1.00000 0.00000 -75.94697 1.00000 -0.00253 0.00000 67.27817 0.00000 -0.00000 -1.00000 0.00000
1620936801161819 -0.00070 1.00000 0.00000 -77.91410 1.00000 0.00070 0.00000 67.00638 0.00000 0.00000 -1.00000 0.00000
1620936801412452 -0.00887 0.99996 0.00000 -80.16337 0.99996 0.00887 0.00000 66.29129 0.00000 0.00000 -1.00000 0.00000
1620936801663702 -0.03467 0.99940 0.00000 -83.51875 0.99940 0.03467 0.00000 64.34957 0.00000 0.00000 -1.00000 0.00000
1620936801913712 -0.06885 0.99763 0.00000 -87.29699 0.99763 0.06885 0.00000 61.25097 0.00000 0.00000 -1.00000 0.00000
1620936802163721 -0.10673 0.99429 0.00000 -91.11342 0.99429 0.10673 0.00000 57.81356 0.00000 0.00000 -1.00000 0.00000
1620936802413716 -0.16836 0.98573 -0.00000 -96.03342 0.98573 0.16836 0.00000 52.04287 0.00000 0.00000 -1.00000 0.00000
1620936802663095 -0.23515 0.97196 0.00000 -101.04013 0.97196 0.23515 0.00000 45.32765 0.00000 0.00000 -1.00000 0.00000
1620936802913103 -0.30395 0.95269 0.00000 -105.42999 0.95269 0.30395 0.00000 37.96005 0.00000 0.00000 -1.00000 0.00000
1620936803162476 -0.38500 0.92292 0.00000 -109.81797 0.92292 0.38500 0.00000 28.73122 0.00000 0.00000 -1.00000 0.00000
