0.977 0.212 0. -2.322 0.212 -0.977 0. 0.169 0. 0. -1. 0.
0.977 0.212 0. -2.322 0.212 -0.977 0. 0.169 0. 0. -1. 0.
0.977 0.212 0. -2.322 0.212 -0.977 0. 0.169 0. 0. -1. 0.
0.977 0.212 0. -2.322 0.212 -0.977 0. 0.169 0. 0. -1. 0.
0.977 0.212 0. -2.322 0.212 -0.977 0. 0.169 0. 0. -1. 0.
0.977 0.212 0. -2.322 0.212 -0.977 0. 0.169 0. 0. -1. 0.
0.977 0.212 0. -2.322 0.212 -0.977 0. 0.169 0. 0. -1. 0.
0.977 0.212 0. -2.322 0.212 -0.977 0. 0.169 0. 0. -1. 0.
0.977 0.212 0. -2.322 0.212 -0.977 0. 0.169 0. 0. -1. 0.
0.977 0.212 0. -2.322 0.212 -0.977 0. 0.169 0. 0. -1. 0.
0.977 0.212 0. -2.322 0.212 -0.977 0. 0.169 0. 0. -1. 0.
0.977 0.212 0. -2.322 0.212 -0.977 0. 0.169 0. 0. -1. 0.
0.977 0.212 0. -2.322 0.212 -0.977 0. 0.169 0. 0. -1. 0.
0.977 0.212 0. -2.322 0.212 -0.977 0. 0.169 0. 0. -1. 0.
0.977 0.212 0. -2.322 0.212 -0.977 0. 0.169 0. 0. -1. 0.
0.977 0.212 0. -2.322 0.212 -0.977 0. 0.169 0. 0. -1. 0.
0.977 0.212 0. -2.322 0.212 -0.977 0. 0.169 0. 0. -1. 0.
0.977 0.212 0. -2.322 0.212 -0.977 0. 0.169 0. 0. -1. 0.
0.977 0.212 0. -2.322 0.212 -0.977 0. 0.169 0. 0. -1. 0.
0.977 0.212 0. -2.322 0.212 -0.977 0. 0.169 0. 0. -1. 0.
0.977 0.212 0. -2.322 0.212 -0.977 0. 0.169 0. 0. -1. 0.
0.977 0.212 0. -2.322 0.212 -0.977 0. 0.169 0. 0. -1. 0.
0.977 0.212 0. -2.322 0.212 -0.977 0. 0.169 0. 0. -1. 0.
0.977 0.212 0. -2.322 0.212 -0.977 0. 0.169 0. 0. -1. 0.
0.977 0.212 0. -2.322 0.212 -0.977 0. 0.169 0. 0. -1. 0.
0.977 0.212 0. -2.322 0.212 -0.977 0. 0.169 0. 0. -1. 0.
0.977 0.212 0. -2.322 0.212 -0.977 0. 0.169 0. 0. -1. 0.
0.977 0.212 0. -2.322 0.212 -0.977 0. 0.169 0. 0. -1. 0.
0.977 0.212 0. -2.322 0.212 -0.977 0. 0.169 0. 0. -1. 0.
0.977 0.212 0. -2.322 0.212 -0.977 0. 0.169 0. 0. -1. 0.
0.977 0.212 0. -2.322 0.212 -0.977 0. 0.169 0. 0. -1. 0.
0.977 0.212 0. -2.322 0.212 -0.977 0. 0.169 0. 0. -1. 0.
0.977 0.212 0. -2.322 0.212 -0.977 0. 0.169 0. 0. -1. 0.
0.977 0.212 0. -2.322 0.212 -0.977 0. 0.169 0. 0. -1. 0.
0.977 0.212 0. -2.322 0.212 -0.977 0. 0.169 0. 0. -1. 0.
0.977 0.212 0. -2.322 0.212 -0.977 0. 0.169 0. 0. -1. 0.
0.977 0.212 0. -2.322 0.212 -0.977 0. 0.169 0. 0. -1. 0.
0.977 0.212 0. -2.322 0.212 -0.977 0. 0.169 0. 0. -1. 0.
0.977 0.212 0. -2.322 0.212 -0.977 0. 0.169 0. 0. -1. 0.
0.977 0.212 0. -2.322 0.212 -0.977 0. 0.169 0. 0. -1. 0.
0.977 0.212 0. -2.322 0.212 -0.977 0. 0.169 0. 0. -1. 0.
0.977 0.212 0. -2.322 0.212 -0.977 0. 0.169 0. 0. -1. 0.
0.977 0.212 0. -2.322 0.212 -0.977 0. 0.169 0. 0. -1. 0.
0.977 0.212 0. -2.322 0.212 -0.977 0. 0.169 0. 0. -1. 0.
0.977 0.212 0. -2.322 0.212 -0.977 0. 0.169 0. 0. -1. 0.
0.977 0.212 0. -2.322 0.212 -0.977 0. 0.169 0. 0. -1. 0.
0.977 0.212 0. -2.322 0.212 -0.977 0. 0.169 0. 0. -1. 0.
0.977 0.212 0. -2.322 0.212 -0.977 0. 0.169 0. 0. -1. 0.
0.977 0.212 0. -2.322 0.212 -0.977 0. 0.169 0. 0. -1. 0.
0.977 0.212 0. -2.322 0.212 -0.977 0. 0.169 0. 0. -1. 0.
0.977 0.212 0. -2.322 0.212 -0.977 0. 0.169 0. 0. -1. 0.
0.977 0.212 0. -2.322 0.212 -0.977 0. 0.169 0. 0. -1. 0.
0.977 0.212 0. -2.322 0.212 -0.977 0. 0.169 0. 0. -1. 0.
0.977 0.212 0. -2.322 0.212 -0.977 0. 0.169 0. 0. -1. 0.
0.977 0.212 0. -2.322 0.212 -0.977 0. 0.169 0. 0. -1. 0.
0.977 0.212 0. -2.322 0.212 -0.977 0. 0.169 0. 0. -1. 0.
0.977 0.212 0. -2.322 0.212 -0.977 0. 0.169 0. 0. -1. 0.
0.977 0.212 0. -2.322 0.212 -0.977 0. 0.169 0. 0. -1. 0.
0.977 0.212 0. -2.322 0.212 -0.977 0. 0.169 0. 0. -1. 0.
0.977 0.212 0. -2.322 0.212 -0.977 0. 0.169 0. 0. -1. 0.
0.977 0.212 0. -2.322 0.212 -0.977 0. 0.169 0. 0. -1. 0.
0.977 0.212 0. -2.322 0.212 -0.977 0. 0.169 0. 0. -1. 0.
0.978 0.211 0. -2.314 0.211 -0.978 0. 0.170 0. 0. -1. 0.
0.978 0.209 0. -2.291 0.209 -0.978 0. 0.175 0. 0. -1. 0.
0.979 0.205 0. -2.254 0.205 -0.979 0. 0.181 0. 0. -1. 0.
0.980 0.199 0. -2.197 0.199 -0.980 0. 0.189 0. 0. -1. 0.
0.982 0.188 0. -2.096 0.188 -0.982 0. 0.200 0. 0. -1. 0.
0.986 0.169 0. -1.935 0.169 -0.986 0. 0.218 0. 0. -1. 0.
0.990 0.143 0. -1.672 0.143 -0.990 0. 0.240 0. 0. -1. 0.
0.994 0.113 0. -1.303 0.113 -0.994 0. 0.262 0. 0. -1. 0.
0.996 0.085 0. -0.830 0.085 -0.996 0. 0.279 0. 0. -1. 0.
0.998 0.064 0. -0.267 0.064 -0.998 0. 0.299 0. 0. -1. 0.
0.999 0.052 0. 0.383 0.052 -0.999 0. 0.312 0. 0. -1. 0.
0.999 0.049 0. 1.114 0.049 -0.999 0. 0.339 0. 0. -1. 0.
0.999 0.050 0. 1.918 0.050 -0.999 0. 0.362 0. 0. -1. 0.
0.999 0.053 0. 2.795 0.053 -0.999 0. 0.402 0. 0. -1. 0.
0.998 0.059 0. 3.741 0.059 -0.998 0. 0.458 0. 0. -1. 0.
0.998 0.066 0. 4.743 0.066 -0.998 0. 0.505 0. 0. -1. 0.
0.997 0.072 0. 5.784 0.072 -0.997 0. 0.577 0. 0. -1. 0.
0.997 0.077 0. 6.877 0.077 -0.997 0. 0.640 0. 0. -1. 0.
0.997 0.082 0. 8.031 0.082 -0.997 0. 0.722 0. 0. -1. 0.
0.996 0.089 0. 9.219 0.089 -0.996 0. 0.801 0. 0. -1. 0.
0.995 0.096 0. 10.438 0.096 -0.995 0. 0.895 0. 0. -1. 0.
0.995 0.103 0. 11.717 0.103 -0.995 0. 0.995 0. 0. -1. 0.
0.994 0.110 0. 13.062 0.110 -0.994 0. 1.127 0. 0. -1. 0.
0.993 0.122 0. 14.387 0.122 -0.993 0. 1.256 0. 0. -1. 0.
0.991 0.134 0. 15.776 0.134 -0.991 0. 1.423 0. 0. -1. 0.
0.989 0.147 0. 17.248 0.147 -0.989 0. 1.616 0. 0. -1. 0.
0.987 0.159 0. 18.715 0.159 -0.987 0. 1.811 0. 0. -1. 0.
0.986 0.169 0. 20.248 0.169 -0.986 0. 2.044 0. 0. -1. 0.
0.984 0.176 0. 21.822 0.176 -0.984 0. 2.280 0. 0. -1. 0.
0.983 0.185 0. 23.423 0.185 -0.983 0. 2.550 0. 0. -1. 0.
0.981 0.194 0. 25.070 0.194 -0.981 0. 2.833 0. 0. -1. 0.
0.979 0.202 0. 26.764 0.202 -0.979 0. 3.143 0. 0. -1. 0.
0.978 0.210 0. 28.471 0.210 -0.978 0. 3.459 0. 0. -1. 0.
0.976 0.218 0. 30.202 0.218 -0.976 0. 3.790 0. 0. -1. 0.
0.974 0.225 0. 31.968 0.225 -0.974 0. 4.179 0. 0. -1. 0.
0.973 0.229 0. 33.705 0.229 -0.973 0. 4.552 0. 0. -1. 0.
0.972 0.237 0. 35.539 0.237 -0.972 0. 4.993 0. 0. -1. 0.
0.970 0.243 0. 37.381 0.243 -0.970 0. 5.369 0. 0. -1. 0.
0.968 0.250 0. 39.194 0.250 -0.968 0. 5.823 0. 0. -1. 0.
0.967 0.253 0. 41.124 0.253 -0.967 0. 6.280 0. 0. -1. 0.
0.966 0.257 0. 43.047 0.257 -0.966 0. 6.751 0. 0. -1. 0.
0.965 0.261 0. 45.021 0.261 -0.965 0. 7.237 0. 0. -1. 0.
0.965 0.264 0. 47.038 0.264 -0.965 0. 7.746 0. 0. -1. 0.
0.964 0.266 0. 49.074 0.266 -0.964 0. 8.272 0. 0. -1. 0.
0.964 0.265 0. 51.159 0.265 -0.964 0. 8.780 0. 0. -1. 0.
0.964 0.265 0. 53.202 0.265 -0.964 0. 9.294 0. 0. -1. 0.
0.965 0.263 0. 55.292 0.263 -0.965 0. 9.816 0. 0. -1. 0.
0.965 0.261 0. 57.389 0.261 -0.965 0. 10.326 0. 0. -1. 0.
0.966 0.259 0. 59.474 0.259 -0.966 0. 10.825 0. 0. -1. 0.
0.967 0.256 0. 61.561 0.256 -0.967 0. 11.335 0. 0. -1. 0.
0.967 0.255 0. 63.634 0.255 -0.967 0. 11.852 0. 0. -1. 0.
0.968 0.252 0. 65.703 0.252 -0.968 0. 12.357 0. 0. -1. 0.
0.968 0.249 0. 67.772 0.249 -0.968 0. 12.844 0. 0. -1. 0.
0.969 0.246 0. 69.842 0.246 -0.969 0. 13.327 0. 0. -1. 0.
0.971 0.238 0. 71.897 0.238 -0.971 0. 13.799 0. 0. -1. 0.
0.975 0.223 0. 73.950 0.223 -0.975 0. 14.242 0. 0. -1. 0.
0.980 0.201 0. 75.994 0.201 -0.980 0. 14.648 0. 0. -1. 0.
0.986 0.167 0. 78.030 0.167 -0.986 0. 14.985 0. 0. -1. 0.
0.992 0.128 0. 80.087 0.128 -0.992 0. 15.239 0. 0. -1. 0.
0.996 0.087 0. 82.133 0.087 -0.996 0. 15.401 0. 0. -1. 0.
0.999 0.046 0. 84.153 0.046 -0.999 0. 15.489 0. 0. -1. 0.
1. 0.003 0. 86.184 0.003 -1. 0. 15.476 0. 0. -1. 0.
0.999 -0.044 0. 88.202 -0.044 -0.999 -0. 15.388 0. 0. -1. 0.
0.995 -0.098 0. 90.180 -0.098 -0.995 -0. 15.188 0. 0. -1. 0.
0.988 -0.152 0. 92.109 -0.152 -0.988 -0. 14.881 0. 0. -1. 0.
0.979 -0.205 0. 94.046 -0.205 -0.979 -0. 14.472 0. 0. -1. 0.
0.966 -0.260 0. 95.925 -0.260 -0.966 -0. 13.961 0. 0. -1. 0.
0.949 -0.315 0. 97.790 -0.315 -0.949 -0. 13.336 0. 0. -1. 0.
0.926 -0.377 0. 99.606 -0.377 -0.926 -0. 12.627 0. 0. -1. 0.
0.895 -0.447 0. 101.370 -0.447 -0.895 -0. 11.763 0. 0. -1. 0.
0.855 -0.519 0. 102.998 -0.519 -0.855 -0. 10.789 0. 0. -1. 0.
0.809 -0.588 0. 104.535 -0.588 -0.809 -0. 9.664 0. 0. -1. 0.
0.758 -0.652 0. 105.982 -0.652 -0.758 -0. 8.436 0. 0. -1. 0.
0.708 -0.706 0. 107.308 -0.706 -0.708 -0. 7.117 0. 0. -1. 0.
0.659 -0.752 0. 108.537 -0.752 -0.659 -0. 5.691 0. 0. -1. 0.
0.619 -0.785 0. 109.688 -0.785 -0.619 -0. 4.175 0. 0. -1. 0.
0.594 -0.804 0. 110.758 -0.804 -0.594 -0. 2.632 0. 0. -1. 0.
0.581 -0.814 0. 111.836 -0.814 -0.581 -0. 1.079 0. 0. -1. 0.
0.572 -0.820 0. 112.905 -0.820 -0.572 -0. -0.475 0. 0. -1. 0.
0.569 -0.822 0. 113.985 -0.822 -0.569 -0. -2.040 0. 0. -1. 0.
0.569 -0.822 0. 115.073 -0.822 -0.569 -0. -3.629 0. 0. -1. 0.
0.576 -0.818 0. 116.176 -0.818 -0.576 -0. -5.239 0. 0. -1. 0.
0.584 -0.812 0. 117.290 -0.812 -0.584 -0. -6.869 0. 0. -1. 0.
0.595 -0.804 0. 118.435 -0.804 -0.595 -0. -8.514 0. 0. -1. 0.
0.608 -0.794 0. 119.621 -0.794 -0.608 -0. -10.154 0. 0. -1. 0.
0.621 -0.784 0. 120.869 -0.784 -0.621 -0. -11.797 0. 0. -1. 0.
0.633 -0.774 0. 122.141 -0.774 -0.633 -0. -13.433 0. 0. -1. 0.
0.645 -0.764 0. 123.445 -0.764 -0.645 -0. -15.071 0. 0. -1. 0.
0.658 -0.753 0. 124.806 -0.753 -0.658 -0. -16.733 0. 0. -1. 0.
0.672 -0.740 0. 126.209 -0.740 -0.672 -0. -18.366 0. 0. -1. 0.
0.686 -0.727 0. 127.646 -0.727 -0.686 -0. -19.977 0. 0. -1. 0.
0.701 -0.713 0. 129.131 -0.713 -0.701 -0. -21.574 0. 0. -1. 0.
0.714 -0.700 0. 130.624 -0.700 -0.714 -0. -23.104 0. 0. -1. 0.
0.727 -0.686 0. 132.141 -0.686 -0.727 -0. -24.616 0. 0. -1. 0.
0.739 -0.674 0. 133.674 -0.674 -0.739 -0. -26.103 0. 0. -1. 0.
0.751 -0.661 0. 135.206 -0.661 -0.751 -0. -27.518 0. 0. -1. 0.
0.760 -0.650 0. 136.793 -0.650 -0.760 -0. -28.948 0. 0. -1. 0.
0.770 -0.638 0. 138.344 -0.638 -0.770 -0. -30.310 0. 0. -1. 0.
0.781 -0.625 0. 139.928 -0.625 -0.781 -0. -31.640 0. 0. -1. 0.
0.791 -0.612 0. 141.538 -0.612 -0.791 -0. -32.938 0. 0. -1. 0.
0.802 -0.597 0. 143.138 -0.597 -0.802 -0. -34.194 0. 0. -1. 0.
0.815 -0.579 0. 144.757 -0.579 -0.815 -0. -35.411 0. 0. -1. 0.
0.829 -0.559 0. 146.397 -0.559 -0.829 -0. -36.574 0. 0. -1. 0.
0.845 -0.535 0. 148.024 -0.535 -0.845 -0. -37.679 0. 0. -1. 0.
0.864 -0.504 0. 149.670 -0.504 -0.864 -0. -38.693 0. 0. -1. 0.
0.884 -0.467 0. 151.290 -0.467 -0.884 -0. -39.623 0. 0. -1. 0.
0.907 -0.420 0. 152.906 -0.420 -0.907 -0. -40.426 0. 0. -1. 0.
0.930 -0.368 0. 154.491 -0.368 -0.930 -0. -41.120 0. 0. -1. 0.
0.953 -0.304 0. 156.042 -0.304 -0.953 -0. -41.684 0. 0. -1. 0.
0.974 -0.228 0. 157.551 -0.228 -0.974 -0. -42.112 0. 0. -1. 0.
0.990 -0.139 0. 158.992 -0.139 -0.990 -0. -42.374 0. 0. -1. 0.
0.999 -0.041 0. 160.379 -0.041 -0.999 -0. -42.483 0. 0. -1. 0.
0.998 0.058 0. 161.697 0.058 -0.998 0. -42.423 0. 0. -1. 0.
0.987 0.160 0. 162.892 0.160 -0.987 0. -42.266 0. 0. -1. 0.
0.964 0.267 0. 163.985 0.267 -0.964 0. -41.995 0. 0. -1. 0.
0.924 0.381 0. 165.007 0.381 -0.924 0. -41.603 0. 0. -1. 0.
0.867 0.498 0. 165.949 0.498 -0.867 0. -41.078 0. 0. -1. 0.
0.788 0.616 0. 166.808 0.616 -0.788 0. -40.453 0. 0. -1. 0.
0.684 0.729 0. 167.514 0.729 -0.684 0. -39.708 0. 0. -1. 0.
0.557 0.831 0. 168.082 0.831 -0.557 0. -38.878 0. 0. -1. 0.
0.405 0.914 0. 168.482 0.914 -0.405 0. -37.982 0. 0. -1. 0.
0.236 0.972 0. 168.727 0.972 -0.236 0. -37.051 0. 0. -1. 0.
0.053 0.999 0. 168.776 0.999 -0.053 0. -36.094 0. 0. -1. 0.
-0.137 0.991 0. 168.648 0.991 0.137 0. -35.164 0. 0. -1. 0.
-0.321 0.947 0. 168.351 0.947 0.321 0. -34.287 0. 0. -1. 0.
-0.493 0.870 0. 167.889 0.870 0.493 0. -33.497 0. 0. -1. 0.
-0.644 0.765 0. 167.290 0.765 0.644 0. -32.797 0. 0. -1. 0.
-0.764 0.645 0. 166.549 0.645 0.764 0. -32.188 0. 0. -1. 0.
-0.851 0.525 0. 165.686 0.525 0.851 0. -31.653 0. 0. -1. 0.
-0.908 0.418 0. 164.719 0.418 0.908 0. -31.200 0. 0. -1. 0.
-0.944 0.329 0. 163.660 0.329 0.944 0. -30.826 0. 0. -1. 0.
-0.969 0.247 0. 162.543 0.247 0.969 0. -30.505 0. 0. -1. 0.
-0.984 0.180 0. 161.344 0.180 0.984 0. -30.266 0. 0. -1. 0.
-0.991 0.131 0. 160.064 0.131 0.991 0. -30.074 0. 0. -1. 0.
-0.995 0.101 0. 158.720 0.101 0.995 0. -29.895 0. 0. -1. 0.
-0.996 0.086 0. 157.332 0.086 0.996 0. -29.772 0. 0. -1. 0.
-0.997 0.081 0. 155.895 0.081 0.997 0. -29.621 0. 0. -1. 0.
-0.997 0.082 0. 154.389 0.082 0.997 0. -29.476 0. 0. -1. 0.
-0.996 0.089 0. 152.868 0.089 0.996 0. -29.314 0. 0. -1. 0.
-0.995 0.104 0. 151.311 0.104 0.995 0. -29.112 0. 0. -1. 0.
-0.992 0.124 0. 149.693 0.124 0.992 0. -28.888 0. 0. -1. 0.
-0.988 0.151 0. 148.059 0.151 0.988 0. -28.628 0. 0. -1. 0.
-0.983 0.185 0. 146.433 0.185 0.983 0. -28.303 0. 0. -1. 0.
-0.974 0.227 0. 144.778 0.227 0.974 0. -27.909 0. 0. -1. 0.
-0.962 0.273 0. 143.117 0.273 0.962 0. -27.416 0. 0. -1. 0.
-0.947 0.323 0. 141.473 0.323 0.947 0. -26.834 0. 0. -1. 0.
-0.928 0.372 0. 139.822 0.372 0.928 0. -26.148 0. 0. -1. 0.
-0.907 0.421 0. 138.178 0.421 0.907 0. -25.362 0. 0. -1. 0.
-0.883 0.470 0. 136.543 0.470 0.883 0. -24.476 0. 0. -1. 0.
-0.856 0.518 0. 134.937 0.518 0.856 0. -23.490 0. 0. -1. 0.
-0.825 0.565 0. 133.376 0.565 0.825 0. -22.419 0. 0. -1. 0.
-0.792 0.610 0. 131.863 0.610 0.792 0. -21.228 0. 0. -1. 0.
-0.757 0.653 0. 130.428 0.653 0.757 0. -19.945 0. 0. -1. 0.
-0.721 0.693 0. 129.033 0.693 0.721 0. -18.585 0. 0. -1. 0.
-0.686 0.728 0. 127.720 0.728 0.686 0. -17.171 0. 0. -1. 0.
-0.655 0.755 0. 126.443 0.755 0.655 0. -15.712 0. 0. -1. 0.
-0.627 0.779 0. 125.213 0.779 0.627 0. -14.164 0. 0. -1. 0.
-0.607 0.795 0. 124.040 0.795 0.607 0. -12.583 0. 0. -1. 0.
-0.590 0.807 0. 122.930 0.807 0.590 0. -10.975 0. 0. -1. 0.
-0.579 0.815 0. 121.808 0.815 0.579 0. -9.320 0. 0. -1. 0.
-0.568 0.823 0. 120.719 0.823 0.568 0. -7.671 0. 0. -1. 0.
-0.559 0.829 0. 119.632 0.829 0.559 0. -5.993 0. 0. -1. 0.
-0.552 0.834 0. 118.560 0.834 0.552 0. -4.299 0. 0. -1. 0.
-0.550 0.835 0. 117.494 0.835 0.550 0. -2.598 0. 0. -1. 0.
-0.556 0.831 0. 116.424 0.831 0.556 0. -0.894 0. 0. -1. 0.
-0.572 0.820 0. 115.334 0.820 0.572 0. 0.787 0. 0. -1. 0.
-0.594 0.804 0. 114.201 0.804 0.594 0. 2.438 0. 0. -1. 0.
-0.624 0.781 0. 113.012 0.781 0.624 0. 4.046 0. 0. -1. 0.
-0.657 0.754 0. 111.768 0.754 0.657 0. 5.585 0. 0. -1. 0.
-0.693 0.721 0. 110.455 0.721 0.693 0. 7.066 0. 0. -1. 0.
-0.729 0.684 0. 109.097 0.684 0.729 0. 8.428 0. 0. -1. 0.
-0.764 0.645 0. 107.683 0.645 0.764 0. 9.711 0. 0. -1. 0.
-0.800 0.600 0. 106.192 0.600 0.800 0. 10.923 0. 0. -1. 0.
-0.836 0.549 0. 104.662 0.549 0.836 0. 12.027 0. 0. -1. 0.
-0.870 0.494 0. 103.066 0.494 0.870 0. 13.019 0. 0. -1. 0.
-0.901 0.435 0. 101.398 0.435 0.901 0. 13.906 0. 0. -1. 0.
-0.929 0.371 0. 99.666 0.371 0.929 0. 14.669 0. 0. -1. 0.
-0.952 0.305 0. 97.898 0.305 0.952 0. 15.319 0. 0. -1. 0.
-0.972 0.236 0. 96.099 0.236 0.972 0. 15.825 0. 0. -1. 0.
-0.986 0.167 0. 94.273 0.167 0.986 0. 16.216 0. 0. -1. 0.
-0.995 0.098 0. 92.413 0.098 0.995 0. 16.471 0. 0. -1. 0.
-0.999 0.035 0. 90.548 0.035 0.999 0. 16.627 0. 0. -1. 0.
-1.000 -0.027 0. 88.656 -0.027 1.000 0. 16.651 -0. 0. -1. 0.
-0.997 -0.082 0. 86.716 -0.082 0.997 0. 16.538 -0. 0. -1. 0.
-0.991 -0.132 0. 84.777 -0.132 0.991 0. 16.342 -0. 0. -1. 0.
-0.985 -0.171 0. 82.845 -0.171 0.985 0. 16.058 -0. 0. -1. 0.
-0.979 -0.203 0. 80.921 -0.203 0.979 0. 15.710 -0. 0. -1. 0.
-0.974 -0.226 0. 78.953 -0.226 0.974 0. 15.313 -0. 0. -1. 0.
-0.970 -0.243 0. 77.005 -0.243 0.970 0. 14.840 -0. 0. -1. 0.
-0.968 -0.251 0. 75.049 -0.251 0.968 0. 14.382 -0. 0. -1. 0.
-0.966 -0.257 0. 73.052 -0.257 0.966 0. 13.893 -0. 0. -1. 0.
-0.965 -0.262 0. 71.050 -0.262 0.965 0. 13.392 -0. 0. -1. 0.
-0.965 -0.263 0. 69.017 -0.263 0.965 0. 12.874 -0. 0. -1. 0.
-0.965 -0.262 0. 66.972 -0.262 0.965 0. 12.366 -0. 0. -1. 0.
-0.965 -0.261 0. 64.928 -0.261 0.965 0. 11.849 -0. 0. -1. 0.
-0.965 -0.261 0. 62.875 -0.261 0.965 0. 11.324 -0. 0. -1. 0.
-0.966 -0.260 0. 60.815 -0.260 0.966 0. 10.807 -0. 0. -1. 0.
-0.966 -0.258 0. 58.753 -0.258 0.966 0. 10.306 -0. 0. -1. 0.
-0.966 -0.258 0. 56.701 -0.258 0.966 0. 9.814 -0. 0. -1. 0.
-0.966 -0.260 0. 54.630 -0.260 0.966 0. 9.317 -0. 0. -1. 0.
-0.964 -0.267 0. 52.603 -0.267 0.964 0. 8.806 -0. 0. -1. 0.
-0.962 -0.272 0. 50.584 -0.272 0.962 0. 8.304 -0. 0. -1. 0.
-0.959 -0.283 0. 48.551 -0.283 0.959 0. 7.759 -0. 0. -1. 0.
-0.957 -0.289 0. 46.570 -0.289 0.957 0. 7.194 -0. 0. -1. 0.
-0.956 -0.294 0. 44.579 -0.294 0.956 0. 6.619 -0. 0. -1. 0.
-0.956 -0.294 0. 42.587 -0.294 0.956 0. 6.053 -0. 0. -1. 0.
-0.959 -0.283 0. 40.620 -0.283 0.959 0. 5.484 -0. 0. -1. 0.
-0.965 -0.263 0. 38.623 -0.263 0.965 0. 4.940 -0. 0. -1. 0.
-0.970 -0.242 0. 36.657 -0.242 0.970 0. 4.489 -0. 0. -1. 0.
-0.974 -0.225 0. 34.626 -0.225 0.974 0. 4.066 -0. 0. -1. 0.
-0.978 -0.210 0. 32.621 -0.210 0.978 0. 3.669 -0. 0. -1. 0.
-0.980 -0.197 0. 30.623 -0.197 0.980 0. 3.304 -0. 0. -1. 0.
-0.983 -0.185 0. 28.557 -0.185 0.983 0. 2.966 -0. 0. -1. 0.
-0.984 -0.176 0. 26.544 -0.176 0.984 0. 2.647 -0. 0. -1. 0.
-0.986 -0.168 0. 24.475 -0.168 0.986 0. 2.340 -0. 0. -1. 0.
-0.987 -0.164 0. 22.386 -0.164 0.987 0. 2.046 -0. 0. -1. 0.
-0.987 -0.159 0. 20.264 -0.159 0.987 0. 1.753 -0. 0. -1. 0.
-0.988 -0.156 0. 18.126 -0.156 0.988 0. 1.456 -0. 0. -1. 0.
-0.988 -0.154 0. 15.970 -0.154 0.988 0. 1.154 -0. 0. -1. 0.
-0.988 -0.154 0. 13.819 -0.154 0.988 0. 0.841 -0. 0. -1. 0.
-0.988 -0.153 0. 11.668 -0.153 0.988 0. 0.546 -0. 0. -1. 0.
-0.988 -0.153 0. 9.489 -0.153 0.988 0. 0.246 -0. 0. -1. 0.
-0.988 -0.153 0. 7.334 -0.153 0.988 0. -0.061 -0. 0. -1. 0.
-0.988 -0.152 0. 5.192 -0.152 0.988 0. -0.354 -0. 0. -1. 0.
-0.988 -0.153 0. 3.043 -0.153 0.988 0. -0.649 -0. 0. -1. 0.
-0.988 -0.155 0. 0.907 -0.155 0.988 0. -0.967 -0. 0. -1. 0.
-0.988 -0.156 0. -1.204 -0.156 0.988 0. -1.269 -0. 0. -1. 0.
-0.987 -0.159 0. -3.332 -0.159 0.987 0. -1.570 -0. 0. -1. 0.
-0.987 -0.161 0. -5.430 -0.161 0.987 0. -1.864 -0. 0. -1. 0.
-0.987 -0.163 0. -7.530 -0.163 0.987 0. -2.160 -0. 0. -1. 0.
-0.986 -0.166 0. -9.636 -0.166 0.986 0. -2.480 -0. 0. -1. 0.
-0.985 -0.170 0. -11.734 -0.170 0.985 0. -2.819 -0. 0. -1. 0.
-0.985 -0.170 0. -13.761 -0.170 0.985 0. -3.141 -0. 0. -1. 0.
-0.985 -0.171 0. -15.873 -0.171 0.985 0. -3.446 -0. 0. -1. 0.
-0.985 -0.173 0. -17.920 -0.173 0.985 0. -3.756 -0. 0. -1. 0.
-0.984 -0.176 0. -19.988 -0.176 0.984 0. -4.074 -0. 0. -1. 0.
-0.984 -0.178 0. -22.057 -0.178 0.984 0. -4.385 -0. 0. -1. 0.
-0.983 -0.182 0. -24.110 -0.182 0.983 0. -4.698 -0. 0. -1. 0.
-0.983 -0.186 0. -26.146 -0.186 0.983 0. -5.014 -0. 0. -1. 0.
-0.982 -0.191 0. -28.181 -0.191 0.982 0. -5.359 -0. 0. -1. 0.
-0.980 -0.197 0. -30.192 -0.197 0.980 0. -5.736 -0. 0. -1. 0.
-0.979 -0.202 0. -32.183 -0.202 0.979 0. -6.124 -0. 0. -1. 0.
-0.979 -0.206 0. -34.194 -0.206 0.979 0. -6.519 -0. 0. -1. 0.
-0.977 -0.212 0. -36.181 -0.212 0.977 0. -6.915 -0. 0. -1. 0.
-0.976 -0.216 0. -38.130 -0.216 0.976 0. -7.307 -0. 0. -1. 0.
-0.975 -0.221 0. -40.106 -0.221 0.975 0. -7.714 -0. 0. -1. 0.
-0.974 -0.226 0. -42.066 -0.226 0.974 0. -8.131 -0. 0. -1. 0.
-0.973 -0.232 0. -43.988 -0.232 0.973 0. -8.532 -0. 0. -1. 0.
-0.971 -0.237 0. -45.927 -0.237 0.971 0. -8.953 -0. 0. -1. 0.
-0.970 -0.242 0. -47.817 -0.242 0.970 0. -9.374 -0. 0. -1. 0.
-0.969 -0.245 0. -49.700 -0.245 0.969 0. -9.797 -0. 0. -1. 0.
-0.970 -0.244 0. -51.562 -0.244 0.970 0. -10.223 -0. 0. -1. 0.
-0.970 -0.241 0. -53.383 -0.241 0.970 0. -10.631 -0. 0. -1. 0.
-0.972 -0.234 0. -55.140 -0.234 0.972 0. -11.036 -0. 0. -1. 0.
-0.974 -0.224 0. -56.838 -0.224 0.974 0. -11.407 -0. 0. -1. 0.
-0.978 -0.208 0. -58.444 -0.208 0.978 0. -11.726 -0. 0. -1. 0.
-0.983 -0.185 0. -59.964 -0.185 0.983 0. -11.987 -0. 0. -1. 0.
-0.988 -0.156 0. -61.406 -0.156 0.988 0. -12.189 -0. 0. -1. 0.
-0.993 -0.120 0. -62.745 -0.120 0.993 0. -12.335 -0. 0. -1. 0.
-0.997 -0.077 0. -63.975 -0.077 0.997 0. -12.425 -0. 0. -1. 0.
-1.000 -0.020 0. -65.118 -0.020 1.000 0. -12.438 -0. 0. -1. 0.
-0.999 0.050 0. -66.200 0.050 0.999 0. -12.371 0. 0. -1. 0.
-0.991 0.135 0. -67.240 0.135 0.991 0. -12.220 0. 0. -1. 0.
-0.973 0.230 0. -68.238 0.230 0.973 0. -11.958 0. 0. -1. 0.
-0.943 0.334 0. -69.176 0.334 0.943 0. -11.623 0. 0. -1. 0.
-0.899 0.437 0. -70.036 0.437 0.899 0. -11.189 0. 0. -1. 0.
-0.844 0.536 0. -70.827 0.536 0.844 0. -10.643 0. 0. -1. 0.
-0.779 0.627 0. -71.552 0.627 0.779 0. -10.046 0. 0. -1. 0.
-0.705 0.709 0. -72.196 0.709 0.705 0. -9.371 0. 0. -1. 0.
-0.624 0.781 0. -72.732 0.781 0.624 0. -8.646 0. 0. -1. 0.
-0.540 0.841 0. -73.183 0.841 0.540 0. -7.882 0. 0. -1. 0.
-0.460 0.888 0. -73.547 0.888 0.460 0. -7.096 0. 0. -1. 0.
-0.384 0.923 0. -73.847 0.923 0.384 0. -6.293 0. 0. -1. 0.
-0.318 0.948 0. -74.072 0.948 0.318 0. -5.472 0. 0. -1. 0.
-0.272 0.962 0. -74.270 0.962 0.272 0. -4.632 0. 0. -1. 0.
-0.245 0.970 0. -74.472 0.970 0.245 0. -3.778 0. 0. -1. 0.
-0.235 0.972 0. -74.652 0.972 0.235 0. -2.899 0. 0. -1. 0.
-0.234 0.972 0. -74.860 0.972 0.234 0. -2.005 0. 0. -1. 0.
-0.234 0.972 0. -75.058 0.972 0.234 0. -1.115 0. 0. -1. 0.
-0.236 0.972 0. -75.264 0.972 0.236 0. -0.226 0. 0. -1. 0.
-0.240 0.971 0. -75.475 0.971 0.240 0. 0.656 0. 0. -1. 0.
-0.244 0.970 0. -75.671 0.970 0.244 0. 1.531 0. 0. -1. 0.
-0.247 0.969 0. -75.879 0.969 0.247 0. 2.378 0. 0. -1. 0.
-0.251 0.968 0. -76.082 0.968 0.251 0. 3.217 0. 0. -1. 0.
-0.256 0.967 0. -76.278 0.967 0.256 0. 4.061 0. 0. -1. 0.
-0.260 0.965 0. -76.502 0.965 0.260 0. 4.923 0. 0. -1. 0.
-0.265 0.964 0. -76.723 0.964 0.265 0. 5.824 0. 0. -1. 0.
-0.270 0.963 0. -76.966 0.963 0.270 0. 6.762 0. 0. -1. 0.
-0.275 0.961 0. -77.234 0.961 0.275 0. 7.748 0. 0. -1. 0.
-0.279 0.960 0. -77.500 0.960 0.279 0. 8.771 0. 0. -1. 0.
-0.280 0.960 0. -77.796 0.960 0.280 0. 9.839 0. 0. -1. 0.
-0.278 0.961 0. -78.098 0.961 0.278 0. 10.954 0. 0. -1. 0.
-0.272 0.962 0. -78.380 0.962 0.272 0. 12.096 0. 0. -1. 0.
-0.261 0.965 0. -78.684 0.965 0.261 0. 13.245 0. 0. -1. 0.
-0.244 0.970 0. -78.952 0.970 0.244 0. 14.421 0. 0. -1. 0.
-0.220 0.976 0. -79.197 0.976 0.220 0. 15.616 0. 0. -1. 0.
-0.192 0.981 0. -79.409 0.981 0.192 0. 16.807 0. 0. -1. 0.
-0.151 0.988 0. -79.591 0.988 0.151 0. 17.994 0. 0. -1. 0.
-0.105 0.995 0. -79.685 0.995 0.105 0. 19.197 0. 0. -1. 0.
-0.046 0.999 0. -79.724 0.999 0.046 0. 20.364 0. 0. -1. 0.
0.012 1. 0. -79.703 1. -0.012 0. 21.540 0. 0. -1. 0.
0.068 0.998 0. -79.569 0.998 -0.068 0. 22.733 0. 0. -1. 0.
0.118 0.993 0. -79.408 0.993 -0.118 0. 23.923 0. 0. -1. 0.
0.151 0.989 0. -79.161 0.989 -0.151 0. 25.155 0. 0. -1. 0.
0.158 0.987 0. -78.879 0.987 -0.158 0. 26.475 0. 0. -1. 0.
0.131 0.991 0. -78.674 0.991 -0.131 0. 27.840 0. 0. -1. 0.
0.082 0.997 0. -78.515 0.997 -0.082 0. 29.259 0. 0. -1. 0.
0.029 1.000 0. -78.414 1.000 -0.029 0. 30.757 0. 0. -1. 0.
-0.031 1.000 0. -78.438 1.000 0.031 0. 32.214 0. 0. -1. 0.
-0.099 0.995 0. -78.501 0.995 0.099 0. 33.776 0. 0. -1. 0.
-0.160 0.987 0. -78.718 0.987 0.160 0. 35.361 0. 0. -1. 0.
-0.222 0.975 0. -79.027 0.975 0.222 0. 36.875 0. 0. -1. 0.
-0.270 0.963 0. -79.423 0.963 0.270 0. 38.399 0. 0. -1. 0.
-0.300 0.954 0. -79.873 0.954 0.300 0. 39.908 0. 0. -1. 0.
-0.320 0.947 0. -80.350 0.947 0.320 0. 41.421 0. 0. -1. 0.
-0.328 0.945 0. -80.851 0.945 0.328 0. 42.951 0. 0. -1. 0.
-0.331 0.944 0. -81.365 0.944 0.331 0. 44.497 0. 0. -1. 0.
-0.334 0.942 0. -81.890 0.942 0.334 0. 46.087 0. 0. -1. 0.
-0.336 0.942 0. -82.410 0.942 0.336 0. 47.633 0. 0. -1. 0.
-0.334 0.943 0. -82.953 0.943 0.334 0. 49.231 0. 0. -1. 0.
-0.329 0.944 0. -83.492 0.944 0.329 0. 50.869 0. 0. -1. 0.
-0.324 0.946 0. -84.011 0.946 0.324 0. 52.495 0. 0. -1. 0.
-0.319 0.948 0. -84.532 0.948 0.319 0. 54.146 0. 0. -1. 0.
-0.316 0.949 0. -85.041 0.949 0.316 0. 55.782 0. 0. -1. 0.
-0.315 0.949 0. -85.546 0.949 0.315 0. 57.430 0. 0. -1. 0.
-0.322 0.947 0. -86.028 0.947 0.322 0. 59.070 0. 0. -1. 0.
-0.345 0.938 0. -86.542 0.938 0.345 0. 60.674 0. 0. -1. 0.
-0.386 0.923 0. -87.134 0.923 0.386 0. 62.215 0. 0. -1. 0.
-0.431 0.902 0. -87.782 0.902 0.431 0. 63.725 0. 0. -1. 0.
-0.482 0.876 0. -88.496 0.876 0.482 0. 65.130 0. 0. -1. 0.
-0.538 0.843 0. -89.296 0.843 0.538 0. 66.478 0. 0. -1. 0.
-0.596 0.803 0. -90.204 0.803 0.596 0. 67.772 0. 0. -1. 0.
-0.654 0.757 0. -91.143 0.757 0.654 0. 68.958 0. 0. -1. 0.
-0.710 0.704 0. -92.141 0.704 0.710 0. 70.063 0. 0. -1. 0.
-0.771 0.637 0. -93.253 0.637 0.771 0. 71.049 0. 0. -1. 0.
-0.829 0.559 0. -94.429 0.559 0.829 0. 71.917 0. 0. -1. 0.
-0.884 0.468 0. -95.683 0.468 0.884 0. 72.611 0. 0. -1. 0.
-0.928 0.372 0. -96.993 0.372 0.928 0. 73.195 0. 0. -1. 0.
-0.962 0.275 0. -98.326 0.275 0.962 0. 73.619 0. 0. -1. 0.
-0.984 0.178 0. -99.678 0.178 0.984 0. 73.923 0. 0. -1. 0.
-0.996 0.094 0. -101.044 0.094 0.996 0. 74.062 0. 0. -1. 0.
-0.999 0.034 0. -102.392 0.034 0.999 0. 74.146 0. 0. -1. 0.
-1. -0.007 0. -103.772 -0.007 1. 0. 74.148 -0. 0. -1. 0.
-0.999 -0.035 0. -105.130 -0.035 0.999 0. 74.168 -0. 0. -1. 0.
-0.999 -0.053 0. -106.505 -0.053 0.999 0. 74.065 -0. 0. -1. 0.
-0.998 -0.057 0. -107.855 -0.057 0.998 0. 74.046 -0. 0. -1. 0.
-0.999 -0.045 0. -109.245 -0.045 0.999 0. 73.972 -0. 0. -1. 0.
-1.000 -0.022 0. -110.739 -0.022 1.000 0. 73.961 -0. 0. -1. 0.
-1. 0.012 0. -112.228 0.012 1. 0. 73.991 0. 0. -1. 0.
-0.999 0.053 0. -113.794 0.053 0.999 0. 74.078 0. 0. -1. 0.
-0.995 0.104 0. -115.385 0.104 0.995 0. 74.249 0. 0. -1. 0.
-0.987 0.162 0. -116.940 0.162 0.987 0. 74.532 0. 0. -1. 0.
-0.975 0.220 0. -118.520 0.220 0.975 0. 74.926 0. 0. -1. 0.
-0.960 0.280 0. -120.087 0.280 0.960 0. 75.404 0. 0. -1. 0.
-0.942 0.336 0. -121.641 0.336 0.942 0. 75.962 0. 0. -1. 0.
-0.923 0.385 0. -123.209 0.385 0.923 0. 76.640 0. 0. -1. 0.
-0.906 0.423 0. -124.787 0.423 0.906 0. 77.401 0. 0. -1. 0.
-0.893 0.451 0. -126.363 0.451 0.893 0. 78.220 0. 0. -1. 0.
-0.881 0.472 0. -127.959 0.472 0.881 0. 79.099 0. 0. -1. 0.
-0.873 0.487 0. -129.559 0.487 0.873 0. 80.025 0. 0. -1. 0.
-0.869 0.495 0. -131.188 0.495 0.869 0. 80.982 0. 0. -1. 0.
-0.866 0.500 0. -132.833 0.500 0.866 0. 81.969 0. 0. -1. 0.
-0.865 0.502 0. -134.508 0.502 0.865 0. 82.982 0. 0. -1. 0.
-0.864 0.504 0. -136.209 0.504 0.864 0. 84.027 0. 0. -1. 0.
-0.864 0.503 0. -137.929 0.503 0.864 0. 85.086 0. 0. -1. 0.
-0.864 0.503 0. -139.691 0.503 0.864 0. 86.160 0. 0. -1. 0.
-0.864 0.504 0. -141.480 0.504 0.864 0. 87.254 0. 0. -1. 0.
-0.863 0.506 0. -143.275 0.506 0.863 0. 88.362 0. 0. -1. 0.
-0.862 0.507 0. -145.112 0.507 0.862 0. 89.503 0. 0. -1. 0.
-0.861 0.509 0. -146.974 0.509 0.861 0. 90.652 0. 0. -1. 0.
-0.859 0.512 0. -148.861 0.512 0.859 0. 91.822 0. 0. -1. 0.
-0.857 0.516 0. -150.752 0.516 0.857 0. 93.030 0. 0. -1. 0.
-0.856 0.517 0. -152.637 0.517 0.856 0. 94.233 0. 0. -1. 0.
-0.854 0.520 0. -154.550 0.520 0.854 0. 95.439 0. 0. -1. 0.
-0.853 0.522 0. -156.444 0.522 0.853 0. 96.659 0. 0. -1. 0.
-0.853 0.522 0. -158.353 0.522 0.853 0. 97.905 0. 0. -1. 0.
-0.853 0.522 0. -160.283 0.522 0.853 0. 99.150 0. 0. -1. 0.
-0.853 0.521 0. -162.211 0.521 0.853 0. 100.386 0. 0. -1. 0.
-0.854 0.521 0. -164.177 0.521 0.854 0. 101.642 0. 0. -1. 0.
-0.854 0.521 0. -166.134 0.521 0.854 0. 102.895 0. 0. -1. 0.
-0.854 0.521 0. -168.108 0.521 0.854 0. 104.166 0. 0. -1. 0.
-0.853 0.521 0. -170.107 0.521 0.853 0. 105.460 0. 0. -1. 0.
-0.853 0.522 0. -172.105 0.522 0.853 0. 106.748 0. 0. -1. 0.
-0.850 0.526 0. -174.141 0.526 0.850 0. 108.029 0. 0. -1. 0.
-0.845 0.535 0. -176.163 0.535 0.845 0. 109.323 0. 0. -1. 0.
-0.836 0.548 0. -178.167 0.548 0.836 0. 110.680 0. 0. -1. 0.
-0.827 0.562 0. -180.124 0.562 0.827 0. 112.064 0. 0. -1. 0.
-0.815 0.580 0. -182.047 0.580 0.815 0. 113.477 0. 0. -1. 0.
-0.801 0.599 0. -183.932 0.599 0.801 0. 114.938 0. 0. -1. 0.
-0.786 0.618 0. -185.762 0.618 0.786 0. 116.426 0. 0. -1. 0.
-0.770 0.638 0. -187.539 0.638 0.770 0. 117.950 0. 0. -1. 0.
-0.751 0.661 0. -189.271 0.661 0.751 0. 119.500 0. 0. -1. 0.
-0.726 0.688 0. -190.945 0.688 0.726 0. 121.099 0. 0. -1. 0.
-0.696 0.718 0. -192.540 0.718 0.696 0. 122.768 0. 0. -1. 0.
-0.661 0.751 0. -194.066 0.751 0.661 0. 124.508 0. 0. -1. 0.
-0.623 0.782 0. -195.505 0.782 0.623 0. 126.318 0. 0. -1. 0.
-0.589 0.808 0. -196.850 0.808 0.589 0. 128.186 0. 0. -1. 0.
-0.552 0.834 0. -198.122 0.834 0.552 0. 130.129 0. 0. -1. 0.
-0.515 0.857 0. -199.308 0.857 0.515 0. 132.134 0. 0. -1. 0.
-0.477 0.879 0. -200.401 0.879 0.477 0. 134.190 0. 0. -1. 0.
-0.448 0.894 0. -201.420 0.894 0.448 0. 136.300 0. 0. -1. 0.
-0.424 0.906 0. -202.392 0.906 0.424 0. 138.424 0. 0. -1. 0.
-0.407 0.914 0. -203.319 0.914 0.407 0. 140.584 0. 0. -1. 0.
-0.393 0.919 0. -204.207 0.919 0.393 0. 142.749 0. 0. -1. 0.
-0.381 0.924 0. -205.074 0.924 0.381 0. 144.940 0. 0. -1. 0.
-0.371 0.929 0. -205.907 0.929 0.371 0. 147.139 0. 0. -1. 0.
-0.365 0.931 0. -206.721 0.931 0.365 0. 149.352 0. 0. -1. 0.
-0.361 0.933 0. -207.526 0.933 0.361 0. 151.585 0. 0. -1. 0.
-0.359 0.933 0. -208.317 0.933 0.359 0. 153.793 0. 0. -1. 0.
-0.358 0.934 0. -209.119 0.934 0.358 0. 156.028 0. 0. -1. 0.
-0.361 0.932 0. -209.918 0.932 0.361 0. 158.240 0. 0. -1. 0.
-0.369 0.929 0. -210.724 0.929 0.369 0. 160.443 0. 0. -1. 0.
-0.384 0.923 0. -211.554 0.923 0.384 0. 162.621 0. 0. -1. 0.
-0.407 0.914 0. -212.426 0.914 0.407 0. 164.748 0. 0. -1. 0.
-0.438 0.899 0. -213.364 0.899 0.438 0. 166.826 0. 0. -1. 0.
-0.473 0.881 0. -214.369 0.881 0.473 0. 168.847 0. 0. -1. 0.
-0.517 0.856 0. -215.430 0.856 0.517 0. 170.771 0. 0. -1. 0.
-0.566 0.824 0. -216.631 0.824 0.566 0. 172.638 0. 0. -1. 0.
-0.620 0.785 0. -217.874 0.785 0.620 0. 174.392 0. 0. -1. 0.
-0.674 0.739 0. -219.237 0.739 0.674 0. 176.033 0. 0. -1. 0.
-0.727 0.686 0. -220.727 0.686 0.727 0. 177.558 0. 0. -1. 0.
-0.778 0.629 0. -222.317 0.629 0.778 0. 178.922 0. 0. -1. 0.
-0.822 0.570 0. -223.967 0.570 0.822 0. 180.167 0. 0. -1. 0.
-0.863 0.506 0. -225.702 0.506 0.863 0. 181.299 0. 0. -1. 0.
-0.898 0.441 0. -227.516 0.441 0.898 0. 182.299 0. 0. -1. 0.
-0.928 0.373 0. -229.407 0.373 0.928 0. 183.160 0. 0. -1. 0.
-0.951 0.308 0. -231.385 0.308 0.951 0. 183.889 0. 0. -1. 0.
-0.970 0.243 0. -233.408 0.243 0.970 0. 184.492 0. 0. -1. 0.
-0.983 0.183 0. -235.518 0.183 0.983 0. 184.987 0. 0. -1. 0.
-0.991 0.131 0. -237.690 0.131 0.991 0. 185.362 0. 0. -1. 0.
-0.996 0.091 0. -239.894 0.091 0.996 0. 185.635 0. 0. -1. 0.
-0.998 0.061 0. -242.139 0.061 0.998 0. 185.824 0. 0. -1. 0.
-0.999 0.040 0. -244.410 0.040 0.999 0. 185.968 0. 0. -1. 0.
-1.000 0.028 0. -246.734 0.028 1.000 0. 186.077 0. 0. -1. 0.
-1.000 0.021 0. -249.044 0.021 1.000 0. 186.178 0. 0. -1. 0.
-1.000 0.018 0. -251.433 0.018 1.000 0. 186.267 0. 0. -1. 0.
-1.000 0.019 0. -253.820 0.019 1.000 0. 186.354 0. 0. -1. 0.
-1.000 0.019 0. -256.245 0.019 1.000 0. 186.446 0. 0. -1. 0.
-1.000 0.020 0. -258.682 0.020 1.000 0. 186.564 0. 0. -1. 0.
-1.000 0.018 0. -261.101 0.018 1.000 0. 186.664 0. 0. -1. 0.
-1.000 0.019 0. -263.532 0.019 1.000 0. 186.751 0. 0. -1. 0.
-1.000 0.019 0. -265.945 0.019 1.000 0. 186.848 0. 0. -1. 0.
-1.000 0.019 0. -268.319 0.019 1.000 0. 186.920 0. 0. -1. 0.
-1.000 0.026 0. -270.673 0.026 1.000 0. 187.016 0. 0. -1. 0.
-0.999 0.032 0. -272.989 0.032 0.999 0. 187.141 0. 0. -1. 0.
-0.999 0.037 0. -275.259 0.037 0.999 0. 187.282 0. 0. -1. 0.
-0.999 0.044 0. -277.478 0.044 0.999 0. 187.425 0. 0. -1. 0.
-0.999 0.050 0. -279.646 0.050 0.999 0. 187.587 0. 0. -1. 0.
-0.998 0.056 0. -281.752 0.056 0.998 0. 187.755 0. 0. -1. 0.
-0.998 0.061 0. -283.800 0.061 0.998 0. 187.920 0. 0. -1. 0.
-0.998 0.067 0. -285.760 0.067 0.998 0. 188.094 0. 0. -1. 0.
-0.997 0.079 0. -287.660 0.079 0.997 0. 188.283 0. 0. -1. 0.
-0.995 0.099 0. -289.463 0.099 0.995 0. 188.489 0. 0. -1. 0.
-0.992 0.126 0. -291.136 0.126 0.992 0. 188.723 0. 0. -1. 0.
-0.988 0.156 0. -292.755 0.156 0.988 0. 189.024 0. 0. -1. 0.
-0.983 0.184 0. -294.274 0.184 0.983 0. 189.300 0. 0. -1. 0.
-0.978 0.209 0. -295.684 0.209 0.978 0. 189.664 0. 0. -1. 0.
-0.974 0.225 0. -297.022 0.225 0.974 0. 189.981 0. 0. -1. 0.
-0.974 0.226 0. -298.297 0.226 0.974 0. 190.337 0. 0. -1. 0.
-0.977 0.214 0. -299.464 0.214 0.977 0. 190.596 0. 0. -1. 0.
-0.980 0.197 0. -300.518 0.197 0.980 0. 190.855 0. 0. -1. 0.
-0.983 0.185 0. -301.518 0.185 0.983 0. 191.047 0. 0. -1. 0.
-0.985 0.174 0. -302.419 0.174 0.985 0. 191.192 0. 0. -1. 0.
-0.987 0.163 0. -303.236 0.163 0.987 0. 191.405 0. 0. -1. 0.
-0.987 0.160 0. -303.991 0.160 0.987 0. 191.530 0. 0. -1. 0.
-0.988 0.156 0. -304.711 0.156 0.988 0. 191.619 0. 0. -1. 0.
-0.988 0.151 0. -305.344 0.151 0.988 0. 191.771 0. 0. -1. 0.
-0.989 0.149 0. -305.926 0.149 0.989 0. 191.906 0. 0. -1. 0.
-0.989 0.145 0. -306.478 0.145 0.989 0. 191.961 0. 0. -1. 0.
-0.989 0.146 0. -306.953 0.146 0.989 0. 192.045 0. 0. -1. 0.
-0.990 0.144 0. -307.419 0.144 0.990 0. 192.101 0. 0. -1. 0.
-0.990 0.144 0. -307.832 0.144 0.990 0. 192.189 0. 0. -1. 0.
-0.990 0.142 0. -308.155 0.142 0.990 0. 192.241 0. 0. -1. 0.
-0.990 0.144 0. -308.430 0.144 0.990 0. 192.271 0. 0. -1. 0.
-0.990 0.144 0. -308.639 0.144 0.990 0. 192.304 0. 0. -1. 0.
-0.990 0.143 0. -308.781 0.143 0.990 0. 192.327 0. 0. -1. 0.
-0.990 0.144 0. -308.854 0.144 0.990 0. 192.336 0. 0. -1. 0.
-0.990 0.144 0. -308.859 0.144 0.990 0. 192.337 0. 0. -1. 0.
-0.990 0.144 0. -308.852 0.144 0.990 0. 192.336 0. 0. -1. 0.
-0.990 0.144 0. -308.852 0.144 0.990 0. 192.336 0. 0. -1. 0.
-0.990 0.144 0. -308.852 0.144 0.990 0. 192.336 0. 0. -1. 0.
-0.990 0.144 0. -308.853 0.144 0.990 0. 192.336 0. 0. -1. 0.
-0.990 0.144 0. -308.852 0.144 0.990 0. 192.336 0. 0. -1. 0.
-0.990 0.144 0. -308.853 0.144 0.990 0. 192.336 0. 0. -1. 0.
-0.990 0.144 0. -308.852 0.144 0.990 0. 192.336 0. 0. -1. 0.
-0.990 0.144 0. -308.852 0.144 0.990 0. 192.336 0. 0. -1. 0.
-0.990 0.144 0. -308.853 0.144 0.990 0. 192.336 0. 0. -1. 0.
-0.990 0.144 0. -308.852 0.144 0.990 0. 192.336 0. 0. -1. 0.
-0.990 0.144 0. -308.853 0.144 0.990 0. 192.336 0. 0. -1. 0.
-0.990 0.144 0. -308.852 0.144 0.990 0. 192.336 0. 0. -1. 0.
-0.990 0.144 0. -308.853 0.144 0.990 0. 192.336 0. 0. -1. 0.
-0.990 0.144 0. -308.853 0.144 0.990 0. 192.336 0. 0. -1. 0.
-0.990 0.144 0. -308.853 0.144 0.990 0. 192.336 0. 0. -1. 0.
-0.990 0.144 0. -308.853 0.144 0.990 0. 192.336 0. 0. -1. 0.
-0.990 0.144 0. -308.853 0.144 0.990 0. 192.336 0. 0. -1. 0.
-0.990 0.144 0. -308.853 0.144 0.990 0. 192.336 0. 0. -1. 0.
-0.990 0.144 0. -308.853 0.144 0.990 0. 192.336 0. 0. -1. 0.
-0.990 0.144 0. -308.853 0.144 0.990 0. 192.336 0. 0. -1. 0.
-0.990 0.144 0. -308.853 0.144 0.990 0. 192.336 0. 0. -1. 0.
-0.990 0.143 0. -308.853 0.143 0.990 0. 192.336 0. 0. -1. 0.
-0.990 0.144 0. -308.853 0.144 0.990 0. 192.336 0. 0. -1. 0.
-0.990 0.144 0. -308.853 0.144 0.990 0. 192.336 0. 0. -1. 0.
-0.990 0.144 0. -308.853 0.144 0.990 0. 192.336 0. 0. -1. 0.
-0.990 0.144 0. -308.853 0.144 0.990 0. 192.336 0. 0. -1. 0.
-0.990 0.144 0. -308.853 0.144 0.990 0. 192.336 0. 0. -1. 0.
-0.990 0.144 0. -308.853 0.144 0.990 0. 192.336 0. 0. -1. 0.
-0.990 0.144 0. -308.853 0.144 0.990 0. 192.336 0. 0. -1. 0.
-0.990 0.143 0. -308.853 0.143 0.990 0. 192.336 0. 0. -1. 0.
-0.990 0.143 0. -308.853 0.143 0.990 0. 192.336 0. 0. -1. 0.
-0.990 0.143 0. -308.850 0.143 0.990 0. 192.336 0. 0. -1. 0.
-0.990 0.143 0. -308.852 0.143 0.990 0. 192.336 0. 0. -1. 0.
-0.990 0.143 0. -308.860 0.143 0.990 0. 192.337 0. 0. -1. 0.
-0.990 0.143 0. -308.878 0.143 0.990 0. 192.340 0. 0. -1. 0.
-0.990 0.144 0. -308.909 0.144 0.990 0. 192.346 0. 0. -1. 0.
-0.990 0.144 0. -308.964 0.144 0.990 0. 192.355 0. 0. -1. 0.
-0.990 0.144 0. -309.057 0.144 0.990 0. 192.370 0. 0. -1. 0.
-0.989 0.145 0. -309.215 0.145 0.989 0. 192.393 0. 0. -1. 0.
-0.989 0.145 0. -309.458 0.145 0.989 0. 192.424 0. 0. -1. 0.
-0.989 0.149 0. -309.781 0.149 0.989 0. 192.467 0. 0. -1. 0.
-0.987 0.161 0. -310.196 0.161 0.987 0. 192.531 0. 0. -1. 0.
-0.983 0.186 0. -310.700 0.186 0.983 0. 192.644 0. 0. -1. 0.
-0.975 0.224 0. -311.279 0.224 0.975 0. 192.777 0. 0. -1. 0.
-0.960 0.279 0. -311.948 0.279 0.960 0. 192.975 0. 0. -1. 0.
-0.936 0.353 0. -312.619 0.353 0.936 0. 193.274 0. 0. -1. 0.
-0.902 0.431 0. -313.354 0.431 0.902 0. 193.589 0. 0. -1. 0.
-0.855 0.518 0. -314.074 0.518 0.855 0. 194.073 0. 0. -1. 0.
-0.806 0.592 0. -314.864 0.592 0.806 0. 194.584 0. 0. -1. 0.
-0.748 0.664 0. -315.541 0.664 0.748 0. 195.295 0. 0. -1. 0.
-0.684 0.729 0. -316.154 0.729 0.684 0. 196.107 0. 0. -1. 0.
-0.622 0.783 0. -316.862 0.783 0.622 0. 196.862 0. 0. -1. 0.
-0.561 0.828 0. -317.401 0.828 0.561 0. 197.858 0. 0. -1. 0.
-0.487 0.873 0. -317.923 0.873 0.487 0. 198.917 0. 0. -1. 0.
-0.409 0.913 0. -318.491 0.913 0.409 0. 200.119 0. 0. -1. 0.
-0.326 0.945 0. -318.920 0.945 0.326 0. 201.465 0. 0. -1. 0.
-0.247 0.969 0. -319.282 0.969 0.247 0. 202.937 0. 0. -1. 0.
-0.183 0.983 0. -319.563 0.983 0.183 0. 204.541 0. 0. -1. 0.
-0.137 0.991 0. -319.774 0.991 0.137 0. 206.276 0. 0. -1. 0.
-0.107 0.994 0. -319.948 0.994 0.107 0. 208.127 0. 0. -1. 0.
-0.084 0.996 0. -320.080 0.996 0.084 0. 210.076 0. 0. -1. 0.
-0.071 0.997 0. -320.180 0.997 0.071 0. 212.122 0. 0. -1. 0.
-0.063 0.998 0. -320.275 0.998 0.063 0. 214.264 0. 0. -1. 0.
-0.055 0.998 0. -320.358 0.998 0.055 0. 216.489 0. 0. -1. 0.
-0.044 0.999 0. -320.423 0.999 0.044 0. 218.785 0. 0. -1. 0.
-0.031 1.000 0. -320.454 1.000 0.031 0. 221.122 0. 0. -1. 0.
-0.021 1.000 0. -320.449 1.000 0.021 0. 223.532 0. 0. -1. 0.
-0.013 1. 0. -320.428 1. 0.013 0. 226.006 0. 0. -1. 0.
-0.007 1. 0. -320.392 1. 0.007 0. 228.543 0. 0. -1. 0.
-0.002 1. 0. -320.343 1. 0.002 0. 231.169 0. 0. -1. 0.
-0.000 1. 0. -320.281 1. 0.000 0. 233.860 0. 0. -1. 0.
0.001 1. 0. -320.217 1. -0.001 0. 236.626 0. 0. -1. 0.
0.001 1. 0. -320.156 1. -0.001 0. 239.463 0. 0. -1. 0.
0.001 1. 0. -320.088 1. -0.001 0. 242.368 0. 0. -1. 0.
0.000 1. 0. -320.019 1. -0.000 0. 245.352 0. 0. -1. 0.
0.001 1. 0. -319.950 1. -0.001 0. 248.402 0. 0. -1. 0.
0.001 1. 0. -319.878 1. -0.001 0. 251.521 0. 0. -1. 0.
0.000 1. 0. -319.805 1. -0.000 0. 254.692 0. 0. -1. 0.
0.000 1. 0. -319.731 1. -0.000 0. 257.926 0. 0. -1. 0.
0.001 1. 0. -319.655 1. -0.001 0. 261.217 0. 0. -1. 0.
0.001 1. 0. -319.578 1. -0.001 0. 264.581 0. 0. -1. 0.
0.001 1. 0. -319.497 1. -0.001 0. 268.009 0. 0. -1. 0.
0.001 1. 0. -319.415 1. -0.001 0. 271.485 0. 0. -1. 0.
0.002 1. 0. -319.331 1. -0.002 0. 275.023 0. 0. -1. 0.
0.003 1. 0. -319.241 1. -0.003 0. 278.614 0. 0. -1. 0.
0.004 1. 0. -319.150 1. -0.004 0. 282.241 0. 0. -1. 0.
0.005 1. 0. -319.058 1. -0.005 0. 285.892 0. 0. -1. 0.
0.008 1. 0. -318.956 1. -0.008 0. 289.581 0. 0. -1. 0.
0.009 1. 0. -318.849 1. -0.009 0. 293.273 0. 0. -1. 0.
0.011 1. 0. -318.726 1. -0.011 0. 297.011 0. 0. -1. 0.
0.012 1. 0. -318.600 1. -0.012 0. 300.773 0. 0. -1. 0.
0.012 1. 0. -318.471 1. -0.012 0. 304.562 0. 0. -1. 0.
0.012 1. 0. -318.346 1. -0.012 0. 308.378 0. 0. -1. 0.
0.012 1. 0. -318.213 1. -0.012 0. 312.237 0. 0. -1. 0.
0.012 1. 0. -318.087 1. -0.012 0. 316.122 0. 0. -1. 0.
0.011 1. 0. -317.955 1. -0.011 0. 320.040 0. 0. -1. 0.
0.009 1. 0. -317.819 1. -0.009 0. 323.976 0. 0. -1. 0.
0.007 1. 0. -317.694 1. -0.007 0. 327.945 0. 0. -1. 0.
0.006 1. 0. -317.588 1. -0.006 0. 331.902 0. 0. -1. 0.
0.003 1. 0. -317.483 1. -0.003 0. 335.891 0. 0. -1. 0.
0.000 1. 0. -317.392 1. -0.000 0. 339.872 0. 0. -1. 0.
-0.002 1. 0. -317.311 1. 0.002 0. 343.825 0. 0. -1. 0.
-0.003 1. 0. -317.238 1. 0.003 0. 347.775 0. 0. -1. 0.
-0.004 1. 0. -317.159 1. 0.004 0. 351.702 0. 0. -1. 0.
-0.003 1. 0. -317.093 1. 0.003 0. 355.591 0. 0. -1. 0.
-0.004 1. 0. -317.025 1. 0.004 0. 359.480 0. 0. -1. 0.
-0.004 1. 0. -316.952 1. 0.004 0. 363.339 0. 0. -1. 0.
-0.004 1. 0. -316.885 1. 0.004 0. 367.167 0. 0. -1. 0.
-0.004 1. 0. -316.818 1. 0.004 0. 370.968 0. 0. -1. 0.
-0.005 1. 0. -316.748 1. 0.005 0. 374.749 0. 0. -1. 0.
-0.003 1. 0. -316.680 1. 0.003 0. 378.496 0. 0. -1. 0.
-0.002 1. 0. -316.594 1. 0.002 0. 382.217 0. 0. -1. 0.
-0.002 1. 0. -316.529 1. 0.002 0. 385.879 0. 0. -1. 0.
-0.001 1. 0. -316.460 1. 0.001 0. 389.535 0. 0. -1. 0.
-0.000 1. 0. -316.376 1. 0.000 0. 393.167 0. 0. -1. 0.
0.002 1. 0. -316.297 1. -0.002 0. 396.772 0. 0. -1. 0.
0.003 1. 0. -316.208 1. -0.003 0. 400.345 0. 0. -1. 0.
0.005 1. 0. -316.117 1. -0.005 0. 403.918 0. 0. -1. 0.
0.007 1. 0. -316.018 1. -0.007 0. 407.444 0. 0. -1. 0.
0.008 1. 0. -315.909 1. -0.008 0. 410.958 0. 0. -1. 0.
0.010 1. 0. -315.795 1. -0.010 0. 414.444 0. 0. -1. 0.
0.011 1. 0. -315.681 1. -0.011 0. 417.910 0. 0. -1. 0.
0.012 1. 0. -315.565 1. -0.012 0. 421.366 0. 0. -1. 0.
0.012 1. 0. -315.449 1. -0.012 0. 424.793 0. 0. -1. 0.
0.012 1. 0. -315.324 1. -0.012 0. 428.225 0. 0. -1. 0.
0.012 1. 0. -315.212 1. -0.012 0. 431.652 0. 0. -1. 0.
0.012 1. 0. -315.099 1. -0.012 0. 435.066 0. 0. -1. 0.
0.013 1. 0. -314.977 1. -0.013 0. 438.490 0. 0. -1. 0.
0.014 1. 0. -314.852 1. -0.014 0. 441.910 0. 0. -1. 0.
0.013 1. 0. -314.720 1. -0.013 0. 445.329 0. 0. -1. 0.
0.011 1. 0. -314.608 1. -0.011 0. 448.750 0. 0. -1. 0.
0.009 1. 0. -314.506 1. -0.009 0. 452.168 0. 0. -1. 0.
0.006 1. 0. -314.403 1. -0.006 0. 455.578 0. 0. -1. 0.
0.005 1. 0. -314.311 1. -0.005 0. 459.002 0. 0. -1. 0.
