1547644183119935 1.00000 0.00000 0.00000 -0.00000 0.00000 1.00000 0.00000 -0.00000 0.00000 0.00000 1.00000 -0.00000
1547644183371618 1.00000 0.00019 -0.00000 0.00323 -0.00019 1.00000 0.00000 0.00551 0.00000 -0.00000 1.00000 0.00000
1547644183623152 1.00000 0.00008 -0.00000 0.00173 -0.00008 1.00000 0.00000 0.00259 0.00000 -0.00000 1.00000 0.00000
1547644183874212 1.00000 -0.00021 0.00000 0.00081 0.00021 1.00000 -0.00000 0.00041 -0.00000 0.00000 1.00000 0.00000
1547644184124624 1.00000 -0.00024 0.00000 0.00236 0.00024 1.00000 -0.00000 0.00602 -0.00000 0.00000 1.00000 0.00000
1547644184374722 1.00000 -0.00019 0.00000 0.00272 0.00019 1.00000 -0.00000 0.00950 -0.00000 0.00000 1.00000 0.00000
1547644184625021 1.00000 -0.00001 0.00000 -0.00001 0.00001 1.00000 -0.00000 0.00504 -0.00000 0.00000 1.00000 0.00000
1547644184874969 1.00000 -0.00007 0.00000 0.00154 0.00007 1.00000 -0.00000 0.01008 -0.00000 0.00000 1.00000 0.00000
1547644185124530 1.00000 -0.00032 0.00000 -0.00340 0.00032 1.00000 -0.00000 0.01049 -0.00000 0.00000 1.00000 0.00000
1547644185373924 1.00000 -0.00011 0.00000 0.00364 0.00011 1.00000 -0.00000 0.00454 -0.00000 0.00000 1.00000 0.00000
1547644185623053 1.00000 0.00003 -0.00000 0.00546 -0.00003 1.00000 0.00000 0.00925 0.00000 -0.00000 1.00000 0.00000
1547644185871728 1.00000 0.00018 -0.00000 -0.00082 -0.00018 1.00000 0.00000 0.00739 0.00000 -0.00000 1.00000 -0.00000
1547644186120371 1.00000 0.00017 -0.00000 -0.00037 -0.00017 1.00000 0.00000 0.00571 0.00000 -0.00000 1.00000 -0.00000
1547644186368602 1.00000 -0.00007 0.00000 -0.00069 0.00007 1.00000 -0.00000 0.01285 -0.00000 0.00000 1.00000 0.00000
1547644186617907 1.00000 -0.00004 0.00000 0.00353 0.00004 1.00000 -0.00000 0.00271 -0.00000 0.00000 1.00000 0.00000
1547644186868482 1.00000 0.00000 -0.00000 0.00118 -0.00000 1.00000 0.00000 0.00748 0.00000 -0.00000 1.00000 0.00000
1547644187118525 1.00000 -0.00013 0.00000 0.00620 0.00013 1.00000 -0.00000 0.00546 -0.00000 0.00000 1.00000 0.00000
1547644187368213 1.00000 0.00007 -0.00000 0.00519 -0.00007 1.00000 0.00000 0.00688 0.00000 -0.00000 1.00000 0.00000
1547644187618113 1.00000 0.00002 -0.00000 0.00798 -0.00002 1.00000 0.00000 0.00126 0.00000 -0.00000 1.00000 0.00000
1547644187867842 1.00000 0.00015 -0.00000 0.00033 -0.00015 1.00000 0.00000 0.00904 0.00000 -0.00000 1.00000 0.00000
1547644188117636 1.00000 0.00014 -0.00000 0.00033 -0.00014 1.00000 0.00000 0.00499 0.00000 -0.00000 1.00000 0.00000
1547644188368750 1.00000 0.00047 -0.00000 -0.00027 -0.00047 1.00000 0.00000 0.00557 0.00000 -0.00000 1.00000 -0.00000
1547644188620565 1.00000 0.00037 -0.00000 -0.00113 -0.00037 1.00000 0.00000 0.00429 0.00000 -0.00000 1.00000 -0.00000
1547644188872246 1.00000 0.00015 -0.00000 0.00153 -0.00015 1.00000 0.00000 0.00054 0.00000 -0.00000 1.00000 0.00000
1547644189123187 1.00000 -0.00008 0.00000 -0.00115 0.00008 1.00000 -0.00000 0.00912 -0.00000 0.00000 1.00000 0.00000
1547644189373423 1.00000 0.00013 -0.00000 0.00244 -0.00013 1.00000 0.00000 0.00251 0.00000 -0.00000 1.00000 0.00000
1547644189623712 1.00000 0.00003 -0.00000 0.00131 -0.00003 1.00000 0.00000 0.00730 0.00000 -0.00000 1.00000 0.00000
1547644189874264 1.00000 0.00029 -0.00000 0.00101 -0.00029 1.00000 0.00000 0.00672 0.00000 -0.00000 1.00000 0.00000
1547644190124411 1.00000 -0.00009 0.00000 0.00194 0.00009 1.00000 -0.00000 0.00198 -0.00000 0.00000 1.00000 0.00000
1547644190373883 1.00000 0.00014 -0.00000 0.00311 -0.00014 1.00000 0.00000 0.01270 0.00000 -0.00000 1.00000 0.00000
1547644190623238 1.00000 0.00004 -0.00000 0.00503 -0.00004 1.00000 0.00000 0.00489 0.00000 -0.00000 1.00000 0.00000
1547644190872452 1.00000 0.00021 -0.00000 0.00312 -0.00021 1.00000 0.00000 0.00278 0.00000 -0.00000 1.00000 0.00000
1547644191121325 1.00000 0.00009 -0.00000 -0.00343 -0.00009 1.00000 0.00000 0.01158 0.00000 -0.00000 1.00000 -0.00000
1547644191370279 1.00000 0.00017 -0.00000 -0.00393 -0.00017 1.00000 0.00000 0.00413 0.00000 -0.00000 1.00000 -0.00000
1547644191618709 1.00000 0.00019 -0.00000 -0.00174 -0.00019 1.00000 0.00000 0.00412 0.00000 -0.00000 1.00000 -0.00000
1547644191867993 1.00000 0.00014 -0.00000 -0.00273 -0.00014 1.00000 0.00000 0.00044 0.00000 -0.00000 1.00000 -0.00000
1547644192118685 1.00000 0.00013 -0.00000 -0.00189 -0.00013 1.00000 0.00000 0.00334 0.00000 -0.00000 1.00000 -0.00000
1547644192368690 1.00000 0.00015 -0.00000 0.00141 -0.00015 1.00000 0.00000 0.00287 0.00000 -0.00000 1.00000 0.00000
1547644192618263 1.00000 0.00020 -0.00000 -0.00566 -0.00020 1.00000 0.00000 0.00274 0.00000 -0.00000 1.00000 -0.00000
1547644192868660 1.00000 0.00017 -0.00000 0.00092 -0.00017 1.00000 0.00000 0.00373 0.00000 -0.00000 1.00000 0.00000
1547644193118478 1.00000 0.00041 -0.00000 0.00029 -0.00041 1.00000 0.00000 0.00170 0.00000 -0.00000 1.00000 0.00000
1547644193368026 1.00000 0.00016 -0.00000 -0.00037 -0.00016 1.00000 0.00000 0.00316 0.00000 -0.00000 1.00000 -0.00000
1547644193618526 1.00000 0.00008 -0.00000 0.00468 -0.00008 1.00000 0.00000 -0.00824 0.00000 -0.00000 1.00000 0.00000
1547644193869637 1.00000 0.00014 -0.00000 0.00219 -0.00014 1.00000 0.00000 0.00136 0.00000 -0.00000 1.00000 0.00000
1547644194121006 1.00000 0.00024 -0.00000 -0.00054 -0.00024 1.00000 0.00000 -0.00458 0.00000 -0.00000 1.00000 0.00000
1547644194372366 1.00000 0.00019 -0.00000 -0.00149 -0.00019 1.00000 0.00000 0.00584 0.00000 -0.00000 1.00000 -0.00000
1547644194623600 1.00000 0.00017 -0.00000 0.01132 -0.00017 1.00000 0.00000 -0.00293 0.00000 -0.00000 1.00000 0.00000
1547644194874044 1.00000 0.00009 -0.00000 0.00521 -0.00009 1.00000 0.00000 0.00556 0.00000 -0.00000 1.00000 0.00000
1547644195124694 1.00000 0.00007 -0.00000 -0.00223 -0.00007 1.00000 0.00000 -0.00399 0.00000 -0.00000 1.00000 0.00000
1547644195375014 1.00000 0.00034 -0.00000 0.00078 -0.00034 1.00000 0.00000 -0.00550 0.00000 -0.00000 1.00000 0.00000
1547644195624510 1.00000 0.00025 -0.00000 0.00498 -0.00025 1.00000 0.00000 0.00090 0.00000 -0.00000 1.00000 0.00000
1547644195874208 1.00000 0.00002 -0.00000 -0.00028 -0.00002 1.00000 0.00000 0.00999 0.00000 -0.00000 1.00000 -0.00000
1547644196123531 1.00000 -0.00003 0.00000 0.00638 0.00003 1.00000 -0.00000 0.00538 -0.00000 0.00000 1.00000 0.00000
1547644196372327 1.00000 0.00014 -0.00000 0.00286 -0.00014 1.00000 0.00000 0.00922 0.00000 -0.00000 1.00000 0.00000
1547644196621263 1.00000 0.00011 -0.00000 0.00164 -0.00011 1.00000 0.00000 -0.00014 0.00000 -0.00000 1.00000 0.00000
1547644196869785 1.00000 0.00025 -0.00000 0.00440 -0.00025 1.00000 0.00000 0.01080 0.00000 -0.00000 1.00000 0.00000
1547644197117819 1.00000 0.00045 -0.00000 0.00387 -0.00045 1.00000 0.00000 0.00468 0.00000 -0.00000 1.00000 0.00000
1547644197367470 1.00000 -0.00001 0.00000 0.00616 0.00001 1.00000 -0.00000 0.01349 -0.00000 0.00000 1.00000 0.00000
1547644197618196 1.00000 -0.00013 0.00000 -0.00234 0.00013 1.00000 -0.00000 0.00534 -0.00000 0.00000 1.00000 0.00000
1547644197868356 1.00000 0.00004 -0.00000 -0.00227 -0.00004 1.00000 0.00000 0.00711 0.00000 -0.00000 1.00000 -0.00000
1547644198118069 1.00000 0.00003 -0.00000 -0.00136 -0.00003 1.00000 0.00000 0.01023 0.00000 -0.00000 1.00000 -0.00000
1547644198368125 1.00000 0.00014 -0.00000 -0.00796 -0.00014 1.00000 0.00000 0.00213 0.00000 -0.00000 1.00000 -0.00000
1547644198618103 1.00000 0.00000 -0.00000 0.00495 -0.00000 1.00000 0.00000 0.00594 0.00000 -0.00000 1.00000 0.00000
1547644198867976 1.00000 0.00004 -0.00000 0.00337 -0.00004 1.00000 0.00000 0.00996 0.00000 -0.00000 1.00000 0.00000
1547644199118525 1.00000 0.00014 -0.00000 0.00751 -0.00014 1.00000 0.00000 0.00753 0.00000 -0.00000 1.00000 0.00000
1547644199370260 1.00000 -0.00022 0.00000 0.00052 0.00022 1.00000 -0.00000 0.00797 -0.00000 0.00000 1.00000 0.00000
1547644199622231 1.00000 0.00010 -0.00000 -0.00424 -0.00010 1.00000 0.00000 0.01132 0.00000 -0.00000 1.00000 -0.00000
1547644199873065 1.00000 0.00025 -0.00000 0.00310 -0.00025 1.00000 0.00000 0.00758 0.00000 -0.00000 1.00000 0.00000
1547644200123403 1.00000 0.00009 -0.00000 0.00587 -0.00009 1.00000 0.00000 -0.00008 0.00000 -0.00000 1.00000 0.00000
1547644200373846 1.00000 0.00012 -0.00000 0.00667 -0.00012 1.00000 0.00000 0.00735 0.00000 -0.00000 1.00000 0.00000
1547644200623836 1.00000 0.00015 -0.00000 0.00471 -0.00015 1.00000 0.00000 0.00723 0.00000 -0.00000 1.00000 0.00000
1547644200873760 1.00000 0.00016 -0.00000 0.00239 -0.00016 1.00000 0.00000 0.00249 0.00000 -0.00000 1.00000 0.00000
1547644201123666 1.00000 0.00025 -0.00000 0.00001 -0.00025 1.00000 0.00000 0.00166 0.00000 -0.00000 1.00000 0.00000
1547644201373143 1.00000 0.00040 -0.00000 -0.01528 -0.00040 1.00000 0.00000 0.02537 0.00000 -0.00000 1.00000 -0.00000
1547644201622167 1.00000 0.00105 -0.00000 -0.08449 -0.00105 1.00000 0.00000 0.02671 0.00000 -0.00000 1.00000 -0.00000
1547644201871356 0.99999 0.00332 -0.00000 -0.14834 -0.00332 0.99999 0.00000 0.00005 0.00000 -0.00000 1.00000 0.00000
1547644202120522 0.99993 0.01164 -0.00000 -0.25937 -0.01164 0.99993 0.00000 -0.00927 0.00000 -0.00000 1.00000 0.00000
1547644202369343 0.99973 0.02316 -0.00000 -0.43425 -0.02316 0.99973 0.00000 0.01362 0.00000 -0.00000 1.00000 -0.00000
1547644202618407 0.99927 0.03825 -0.00000 -0.65554 -0.03825 0.99927 0.00000 0.01305 0.00000 -0.00000 1.00000 0.00000
1547644202868381 0.99836 0.05730 -0.00000 -0.93217 -0.05730 0.99836 0.00000 -0.01434 0.00000 -0.00000 1.00000 0.00000
1547644203117933 0.99687 0.07901 -0.00000 -1.31123 -0.07901 0.99687 0.00000 0.01019 0.00000 -0.00000 1.00000 0.00000
1547644203367811 0.99476 0.10227 -0.00000 -1.76287 -0.10227 0.99476 0.00000 -0.03322 0.00000 -0.00000 1.00000 0.00000
1547644203617789 0.99208 0.12563 -0.00000 -2.28961 -0.12563 0.99208 0.00000 -0.02325 0.00000 -0.00000 1.00000 0.00000
1547644203867094 0.98917 0.14680 -0.00000 -2.87025 -0.14680 0.98917 0.00000 0.06437 0.00000 -0.00000 1.00000 0.00000
1547644204116427 0.98665 0.16286 -0.00000 -3.51585 -0.16286 0.98665 0.00000 0.15070 0.00000 -0.00000 1.00000 0.00000
1547644204365736 0.98572 0.16839 -0.00000 -4.24312 -0.16839 0.98572 0.00000 0.19835 0.00000 -0.00000 1.00000 0.00000
1547644204615387 0.98548 0.16979 -0.00000 -5.05634 -0.16979 0.98548 0.00000 0.20336 0.00000 -0.00000 1.00000 0.00000
1547644204866367 0.98651 0.16369 -0.00000 -5.99497 -0.16369 0.98651 0.00000 0.18900 0.00000 -0.00000 1.00000 0.00000
1547644205117986 0.98743 0.15808 -0.00000 -6.98703 -0.15808 0.98743 0.00000 0.16214 0.00000 -0.00000 1.00000 0.00000
1547644205369074 0.98829 0.15260 -0.00000 -8.04249 -0.15260 0.98829 0.00000 0.16925 0.00000 -0.00000 1.00000 0.00000
1547644205619524 0.99027 0.13918 -0.00000 -9.16279 -0.13918 0.99027 0.00000 0.08939 0.00000 -0.00000 1.00000 0.00000
1547644205870366 0.99193 0.12679 -0.00000 -10.39753 -0.12679 0.99193 0.00000 -0.06539 0.00000 -0.00000 1.00000 0.00000
1547644206120997 0.99399 0.10946 -0.00000 -11.66572 -0.10946 0.99399 0.00000 -0.15248 0.00000 -0.00000 1.00000 0.00000
1547644206371372 0.99612 0.08799 -0.00000 -12.97983 -0.08799 0.99612 0.00000 -0.40331 0.00000 -0.00000 1.00000 0.00000
1547644206621450 0.99773 0.06741 -0.00000 -14.40003 -0.06741 0.99773 0.00000 -0.64924 0.00000 -0.00000 1.00000 0.00000
1547644206870464 0.99894 0.04597 -0.00000 -15.79870 -0.04597 0.99894 0.00000 -0.93234 0.00000 -0.00000 1.00000 0.00000
1547644207119359 0.99981 0.01944 -0.00000 -17.21059 -0.01944 0.99981 0.00000 -1.28884 0.00000 -0.00000 1.00000 0.00000
1547644207368278 1.00000 0.00034 -0.00000 -18.69222 -0.00034 1.00000 0.00000 -1.55522 0.00000 -0.00000 1.00000 0.00000
1547644207616528 0.99996 -0.00859 0.00000 -20.19803 0.00859 0.99996 -0.00000 -1.67528 -0.00000 0.00000 1.00000 0.00000
1547644207865180 0.99995 -0.01016 0.00000 -21.80017 0.01016 0.99995 -0.00000 -1.69783 -0.00000 0.00000 1.00000 0.00000
1547644208115036 0.99996 -0.00839 0.00000 -23.38975 0.00839 0.99996 -0.00000 -1.65456 -0.00000 0.00000 1.00000 0.00000
1547644208365072 0.99998 -0.00659 0.00000 -25.00101 0.00659 0.99998 -0.00000 -1.58454 -0.00000 0.00000 1.00000 0.00000
1547644208615077 0.99998 -0.00579 0.00000 -26.68312 0.00579 0.99998 -0.00000 -1.56872 -0.00000 0.00000 1.00000 0.00000
1547644208864320 0.99999 -0.00520 0.00000 -28.37583 0.00520 0.99999 -0.00000 -1.53036 -0.00000 0.00000 1.00000 0.00000
1547644209113512 0.99999 -0.00355 0.00000 -30.04606 0.00355 0.99999 -0.00000 -1.44989 -0.00000 0.00000 1.00000 0.00000
1547644209363364 0.99999 -0.00400 0.00000 -31.77587 0.00400 0.99999 -0.00000 -1.44697 -0.00000 0.00000 1.00000 0.00000
1547644209613257 0.99999 -0.00482 0.00000 -33.57058 0.00482 0.99999 -0.00000 -1.45890 -0.00000 0.00000 1.00000 0.00000
1547644209862865 0.99999 -0.00439 0.00000 -35.37220 0.00439 0.99999 -0.00000 -1.41319 -0.00000 0.00000 1.00000 0.00000
1547644210112725 0.99998 -0.00593 0.00000 -37.18522 0.00593 0.99998 -0.00000 -1.44967 -0.00000 0.00000 1.00000 0.00000
1547644210363410 0.99997 -0.00751 0.00000 -39.04415 0.00751 0.99997 -0.00000 -1.44647 -0.00000 0.00000 1.00000 0.00000
1547644210615351 0.99997 -0.00800 0.00000 -40.91677 0.00800 0.99997 -0.00000 -1.44593 -0.00000 0.00000 1.00000 0.00000
1547644210867117 0.99996 -0.00929 0.00000 -42.81680 0.00929 0.99996 -0.00000 -1.46816 -0.00000 0.00000 1.00000 0.00000
1547644211117868 0.99995 -0.01002 0.00000 -44.74681 0.01002 0.99995 -0.00000 -1.44267 -0.00000 0.00000 1.00000 0.00000
1547644211367883 0.99994 -0.01139 0.00000 -46.72597 0.01139 0.99994 -0.00000 -1.51385 -0.00000 0.00000 1.00000 0.00000
1547644211618346 0.99993 -0.01225 0.00000 -48.73563 0.01225 0.99993 -0.00000 -1.53277 -0.00000 0.00000 1.00000 0.00000
1547644211868854 0.99990 -0.01427 0.00000 -50.72794 0.01427 0.99990 -0.00000 -1.59354 -0.00000 0.00000 1.00000 0.00000
1547644212118447 0.99989 -0.01497 0.00000 -52.73278 0.01497 0.99989 -0.00000 -1.56855 -0.00000 0.00000 1.00000 0.00000
1547644212367770 0.99983 -0.01860 0.00000 -54.81142 0.01860 0.99983 -0.00000 -1.75264 -0.00000 0.00000 1.00000 0.00000
1547644212616916 0.99979 -0.02057 0.00000 -56.93414 0.02057 0.99979 -0.00000 -1.81900 -0.00000 0.00000 1.00000 0.00000
1547644212865835 0.99978 -0.02113 0.00000 -59.04087 0.02113 0.99978 -0.00000 -1.83516 -0.00000 0.00000 1.00000 0.00000
1547644213114948 0.99975 -0.02235 0.00000 -61.18831 0.02235 0.99975 -0.00000 -1.86162 -0.00000 0.00000 1.00000 0.00000
1547644213363579 0.99974 -0.02258 0.00000 -63.37826 0.02258 0.99974 -0.00000 -1.82474 -0.00000 0.00000 1.00000 0.00000
1547644213612061 0.99970 -0.02432 0.00000 -65.60314 0.02432 0.99970 -0.00000 -1.96167 -0.00000 0.00000 1.00000 0.00000
1547644213861630 0.99966 -0.02625 0.00000 -67.85755 0.02625 0.99966 -0.00000 -2.07443 -0.00000 0.00000 1.00000 0.00000
1547644214111778 0.99964 -0.02681 0.00000 -70.12088 0.02681 0.99964 -0.00000 -2.05657 -0.00000 0.00000 1.00000 0.00000
1547644214361677 0.99958 -0.02884 0.00000 -72.39998 0.02884 0.99958 -0.00000 -2.17841 -0.00000 0.00000 1.00000 0.00000
1547644214611639 0.99960 -0.02843 0.00000 -74.72434 0.02843 0.99960 -0.00000 -2.10987 -0.00000 0.00000 1.00000 0.00000
1547644214862739 0.99962 -0.02774 0.00000 -77.01293 0.02774 0.99962 -0.00000 -2.02867 -0.00000 0.00000 1.00000 0.00000
1547644215114350 0.99963 -0.02732 0.00000 -79.36152 0.02732 0.99963 -0.00000 -1.94250 -0.00000 0.00000 1.00000 0.00000
1547644215365495 0.99961 -0.02791 0.00000 -81.73922 0.02791 0.99961 -0.00000 -1.98503 -0.00000 0.00000 1.00000 0.00000
1547644215616343 0.99962 -0.02774 0.00000 -84.12513 0.02774 0.99962 -0.00000 -1.96373 -0.00000 0.00000 1.00000 0.00000
1547644215866777 0.99963 -0.02738 0.00000 -86.48993 0.02738 0.99963 -0.00000 -1.88313 -0.00000 0.00000 1.00000 0.00000
1547644216116790 0.99968 -0.02538 0.00000 -88.84714 0.02538 0.99968 -0.00000 -1.67254 -0.00000 0.00000 1.00000 0.00000
1547644216366565 0.99972 -0.02377 0.00000 -91.24057 0.02377 0.99972 -0.00000 -1.45912 -0.00000 0.00000 1.00000 0.00000
1547644216616096 0.99980 -0.02016 0.00000 -93.61819 0.02016 0.99980 -0.00000 -1.09093 -0.00000 0.00000 1.00000 0.00000
1547644216865292 0.99990 -0.01432 0.00000 -96.00216 0.01432 0.99990 -0.00000 -0.52196 -0.00000 0.00000 1.00000 0.00000
1547644217114310 0.99998 -0.00618 0.00000 -98.53183 0.00618 0.99998 -0.00000 0.27929 -0.00000 0.00000 1.00000 0.00000
1547644217363368 1.00000 0.00108 -0.00000 -100.90540 -0.00108 1.00000 0.00000 1.01387 0.00000 -0.00000 1.00000 -0.00000
1547644217612399 0.99997 0.00806 -0.00000 -103.36657 -0.00806 0.99997 0.00000 1.76732 0.00000 -0.00000 1.00000 -0.00000
1547644217860843 0.99992 0.01261 -0.00000 -105.74291 -0.01261 0.99992 0.00000 2.30042 0.00000 -0.00000 1.00000 -0.00000
1547644218109308 0.99985 0.01750 -0.00000 -108.14216 -0.01750 0.99985 0.00000 2.86472 0.00000 -0.00000 1.00000 -0.00000
1547644218357974 0.99984 0.01776 -0.00000 -110.56133 -0.01776 0.99984 0.00000 2.92259 0.00000 -0.00000 1.00000 -0.00000
1547644218607521 0.99991 0.01328 -0.00000 -113.01618 -0.01328 0.99991 0.00000 2.45284 0.00000 -0.00000 1.00000 -0.00000
1547644218857661 0.99990 0.01396 -0.00000 -115.46611 -0.01396 0.99990 0.00000 2.55783 0.00000 -0.00000 1.00000 -0.00000
1547644219107635 0.99993 0.01193 -0.00000 -117.90661 -0.01193 0.99993 0.00000 2.41582 0.00000 -0.00000 1.00000 -0.00000
1547644219357393 0.99993 0.01157 -0.00000 -120.28631 -0.01157 0.99993 0.00000 2.37029 0.00000 -0.00000 1.00000 -0.00000
1547644219606961 0.99996 0.00930 -0.00000 -122.68043 -0.00930 0.99996 0.00000 2.13076 0.00000 -0.00000 1.00000 -0.00000
1547644219856543 0.99995 0.01009 -0.00000 -125.00357 -0.01009 0.99995 0.00000 2.26270 0.00000 -0.00000 1.00000 -0.00000
1547644220106107 0.99997 0.00805 -0.00000 -127.34840 -0.00805 0.99997 0.00000 2.03850 0.00000 -0.00000 1.00000 -0.00000
1547644220356658 0.99997 0.00805 -0.00000 -129.64293 -0.00805 0.99997 0.00000 2.07193 0.00000 -0.00000 1.00000 -0.00000
1547644220608577 0.99997 0.00812 -0.00000 -131.94623 -0.00812 0.99997 0.00000 2.10091 0.00000 -0.00000 1.00000 -0.00000
1547644220860341 0.99997 0.00734 -0.00000 -134.21638 -0.00734 0.99997 0.00000 2.01363 0.00000 -0.00000 1.00000 -0.00000
1547644221111129 0.99998 0.00685 -0.00000 -136.45981 -0.00685 0.99998 0.00000 1.97444 0.00000 -0.00000 1.00000 -0.00000
1547644221361654 0.99998 0.00669 -0.00000 -138.63383 -0.00669 0.99998 0.00000 1.98853 0.00000 -0.00000 1.00000 -0.00000
1547644221612112 0.99998 0.00651 -0.00000 -140.77217 -0.00651 0.99998 0.00000 2.00996 0.00000 -0.00000 1.00000 -0.00000
1547644221862543 0.99998 0.00596 -0.00000 -142.83589 -0.00596 0.99998 0.00000 1.93595 0.00000 -0.00000 1.00000 -0.00000
1547644222112328 0.99998 0.00635 -0.00000 -144.86841 -0.00635 0.99998 0.00000 2.03433 0.00000 -0.00000 1.00000 -0.00000
1547644222361484 0.99997 0.00743 -0.00000 -146.81740 -0.00743 0.99997 0.00000 2.21411 0.00000 -0.00000 1.00000 -0.00000
1547644222610738 0.99998 0.00617 -0.00000 -148.72552 -0.00617 0.99998 0.00000 2.05754 0.00000 -0.00000 1.00000 -0.00000
1547644222859759 0.99998 0.00665 -0.00000 -150.58170 -0.00665 0.99998 0.00000 2.13214 0.00000 -0.00000 1.00000 -0.00000
1547644223108660 0.99998 0.00560 -0.00000 -152.38383 -0.00560 0.99998 0.00000 1.99853 0.00000 -0.00000 1.00000 -0.00000
1547644223357600 0.99999 0.00451 -0.00000 -154.15672 -0.00451 0.99999 0.00000 1.84122 0.00000 -0.00000 1.00000 -0.00000
1547644223605777 0.99999 0.00391 -0.00000 -155.84202 -0.00391 0.99999 0.00000 1.77622 0.00000 -0.00000 1.00000 -0.00000
1547644223854677 0.99999 0.00412 -0.00000 -157.47413 -0.00412 0.99999 0.00000 1.84373 0.00000 -0.00000 1.00000 -0.00000
1547644224105587 0.99999 0.00475 -0.00000 -159.08853 -0.00475 0.99999 0.00000 1.94906 0.00000 -0.00000 1.00000 -0.00000
1547644224356200 0.99999 0.00472 -0.00000 -160.63152 -0.00472 0.99999 0.00000 1.95923 0.00000 -0.00000 1.00000 -0.00000
1547644224606056 0.99999 0.00512 -0.00000 -162.10365 -0.00512 0.99999 0.00000 2.03992 0.00000 -0.00000 1.00000 -0.00000
1547644224856292 0.99999 0.00489 -0.00000 -163.48592 -0.00489 0.99999 0.00000 2.05002 0.00000 -0.00000 1.00000 -0.00000
1547644225106758 0.99999 0.00543 -0.00000 -164.85592 -0.00543 0.99999 0.00000 2.16411 0.00000 -0.00000 1.00000 -0.00000
1547644225357832 0.99997 0.00783 -0.00000 -166.15325 -0.00783 0.99997 0.00000 2.58135 0.00000 -0.00000 1.00000 -0.00000
1547644225610045 0.99994 0.01106 -0.00000 -167.33226 -0.01106 0.99994 0.00000 3.15180 0.00000 -0.00000 1.00000 -0.00000
1547644225862124 0.99993 0.01148 -0.00000 -168.48994 -0.01148 0.99993 0.00000 3.23586 0.00000 -0.00000 1.00000 -0.00000
1547644226113018 0.99992 0.01273 -0.00000 -169.54950 -0.01273 0.99992 0.00000 3.43964 0.00000 -0.00000 1.00000 -0.00000
1547644226363831 0.99991 0.01374 -0.00000 -170.57394 -0.01374 0.99991 0.00000 3.64520 0.00000 -0.00000 1.00000 -0.00000
1547644226614036 0.99988 0.01541 -0.00000 -171.50298 -0.01541 0.99988 0.00000 3.94267 0.00000 -0.00000 1.00000 -0.00000
1547644226864299 0.99987 0.01639 -0.00000 -172.36609 -0.01639 0.99987 0.00000 4.08461 0.00000 -0.00000 1.00000 -0.00000
1547644227114377 0.99983 0.01843 -0.00000 -173.18584 -0.01843 0.99983 0.00000 4.47194 0.00000 -0.00000 1.00000 -0.00000
1547644227363511 0.99981 0.01974 -0.00000 -173.92097 -0.01974 0.99981 0.00000 4.73590 0.00000 -0.00000 1.00000 -0.00000
1547644227612823 0.99983 0.01818 -0.00000 -174.59650 -0.01818 0.99983 0.00000 4.44552 0.00000 -0.00000 1.00000 -0.00000
1547644227862065 0.99982 0.01910 -0.00000 -175.20557 -0.01910 0.99982 0.00000 4.61083 0.00000 -0.00000 1.00000 -0.00000
1547644228111027 0.99985 0.01730 -0.00000 -175.77541 -0.01730 0.99985 0.00000 4.30903 0.00000 -0.00000 1.00000 -0.00000
1547644228359832 0.99985 0.01751 -0.00000 -176.26392 -0.01751 0.99985 0.00000 4.37689 0.00000 -0.00000 1.00000 -0.00000
1547644228608383 0.99984 0.01773 -0.00000 -176.66991 -0.01773 0.99984 0.00000 4.39697 0.00000 -0.00000 1.00000 -0.00000
1547644228856570 0.99984 0.01766 -0.00000 -177.01010 -0.01766 0.99984 0.00000 4.40843 0.00000 -0.00000 1.00000 -0.00000
1547644229105355 0.99985 0.01740 -0.00000 -177.30071 -0.01740 0.99985 0.00000 4.35057 0.00000 -0.00000 1.00000 -0.00000
1547644229356268 0.99985 0.01723 -0.00000 -177.51903 -0.01723 0.99985 0.00000 4.33193 0.00000 -0.00000 1.00000 -0.00000
1547644229607074 0.99985 0.01749 -0.00000 -177.71748 -0.01749 0.99985 0.00000 4.38211 0.00000 -0.00000 1.00000 -0.00000
1547644229857091 0.99984 0.01779 -0.00000 -177.92564 -0.01779 0.99984 0.00000 4.40890 0.00000 -0.00000 1.00000 -0.00000
1547644230107556 0.99984 0.01766 -0.00000 -178.09780 -0.01766 0.99984 0.00000 4.38779 0.00000 -0.00000 1.00000 -0.00000
1547644230358000 0.99984 0.01806 -0.00000 -178.23547 -0.01806 0.99984 0.00000 4.47084 0.00000 -0.00000 1.00000 -0.00000
1547644230607867 0.99983 0.01844 -0.00000 -178.34787 -0.01844 0.99983 0.00000 4.55764 0.00000 -0.00000 1.00000 -0.00000
1547644230858464 0.99984 0.01793 -0.00000 -178.44980 -0.01793 0.99984 0.00000 4.44780 0.00000 -0.00000 1.00000 -0.00000
1547644231110130 0.99983 0.01854 -0.00000 -178.53216 -0.01854 0.99983 0.00000 4.56447 0.00000 -0.00000 1.00000 -0.00000
1547644231361871 0.99983 0.01864 -0.00000 -178.61894 -0.01864 0.99983 0.00000 4.59244 0.00000 -0.00000 1.00000 -0.00000
1547644231613356 0.99984 0.01791 -0.00000 -178.69878 -0.01791 0.99984 0.00000 4.47056 0.00000 -0.00000 1.00000 -0.00000
1547644231864276 0.99985 0.01747 -0.00000 -178.76033 -0.01747 0.99985 0.00000 4.38720 0.00000 -0.00000 1.00000 -0.00000
1547644232115005 0.99983 0.01827 -0.00000 -178.85164 -0.01827 0.99983 0.00000 4.51119 0.00000 -0.00000 1.00000 -0.00000
1547644232365741 0.99982 0.01872 -0.00000 -178.94662 -0.01872 0.99982 0.00000 4.59475 0.00000 -0.00000 1.00000 -0.00000
1547644232615971 0.99983 0.01864 -0.00000 -179.07472 -0.01864 0.99983 0.00000 4.58395 0.00000 -0.00000 1.00000 -0.00000
1547644232865859 0.99981 0.01929 -0.00000 -179.22831 -0.01929 0.99981 0.00000 4.70248 0.00000 -0.00000 1.00000 -0.00000
1547644233115626 0.99983 0.01833 -0.00000 -179.45540 -0.01833 0.99983 0.00000 4.54076 0.00000 -0.00000 1.00000 -0.00000
1547644233364846 0.99983 0.01821 -0.00000 -179.70017 -0.01821 0.99983 0.00000 4.52102 0.00000 -0.00000 1.00000 -0.00000
1547644233613768 0.99984 0.01798 -0.00000 -179.98288 -0.01798 0.99984 0.00000 4.46823 0.00000 -0.00000 1.00000 -0.00000
1547644233862395 0.99984 0.01772 -0.00000 -180.31943 -0.01772 0.99984 0.00000 4.43544 0.00000 -0.00000 1.00000 -0.00000
1547644234110791 0.99984 0.01807 -0.00000 -180.72236 -0.01807 0.99984 0.00000 4.51014 0.00000 -0.00000 1.00000 -0.00000
1547644234360045 0.99985 0.01719 -0.00000 -181.16969 -0.01719 0.99985 0.00000 4.37749 0.00000 -0.00000 1.00000 -0.00000
1547644234610493 0.99987 0.01636 -0.00000 -181.71834 -0.01636 0.99987 0.00000 4.21486 0.00000 -0.00000 1.00000 -0.00000
1547644234860287 0.99989 0.01504 -0.00000 -182.32552 -0.01504 0.99989 0.00000 3.99399 0.00000 -0.00000 1.00000 -0.00000
1547644235109952 0.99992 0.01303 -0.00000 -182.99018 -0.01303 0.99992 0.00000 3.64138 0.00000 -0.00000 1.00000 -0.00000
1547644235360304 0.99993 0.01168 -0.00000 -183.73697 -0.01168 0.99993 0.00000 3.41957 0.00000 -0.00000 1.00000 -0.00000
1547644235610017 0.99992 0.01264 -0.00000 -184.55972 -0.01264 0.99992 0.00000 3.58159 0.00000 -0.00000 1.00000 -0.00000
1547644235859436 0.99992 0.01287 -0.00000 -185.52259 -0.01287 0.99992 0.00000 3.62038 0.00000 -0.00000 1.00000 -0.00000
1547644236109158 0.99995 0.00981 -0.00000 -186.58474 -0.00981 0.99995 0.00000 3.07769 0.00000 -0.00000 1.00000 -0.00000
1547644236358953 0.99997 0.00827 -0.00000 -187.70946 -0.00827 0.99997 0.00000 2.84451 0.00000 -0.00000 1.00000 -0.00000
1547644236609500 0.99999 0.00528 -0.00000 -188.94553 -0.00528 0.99999 0.00000 2.30015 0.00000 -0.00000 1.00000 -0.00000
1547644236861202 0.99999 0.00512 -0.00000 -190.26011 -0.00512 0.99999 0.00000 2.29158 0.00000 -0.00000 1.00000 -0.00000
1547644237112525 0.99999 0.00463 -0.00000 -191.67056 -0.00463 0.99999 0.00000 2.21924 0.00000 -0.00000 1.00000 -0.00000
1547644237363202 0.99999 0.00430 -0.00000 -193.13394 -0.00430 0.99999 0.00000 2.15886 0.00000 -0.00000 1.00000 -0.00000
1547644237613912 0.99999 0.00471 -0.00000 -194.70795 -0.00471 0.99999 0.00000 2.28194 0.00000 -0.00000 1.00000 -0.00000
1547644237864330 0.99999 0.00318 -0.00000 -196.32725 -0.00318 0.99999 0.00000 2.01459 0.00000 -0.00000 1.00000 -0.00000
1547644238114435 1.00000 0.00254 -0.00000 -197.97490 -0.00254 1.00000 0.00000 1.88385 0.00000 -0.00000 1.00000 -0.00000
1547644238364348 0.99999 0.00371 -0.00000 -199.71706 -0.00371 0.99999 0.00000 2.17350 0.00000 -0.00000 1.00000 -0.00000
1547644238613576 0.99999 0.00458 -0.00000 -201.47235 -0.00458 0.99999 0.00000 2.35809 0.00000 -0.00000 1.00000 -0.00000
1547644238862852 0.99999 0.00417 -0.00000 -203.25764 -0.00417 0.99999 0.00000 2.30325 0.00000 -0.00000 1.00000 -0.00000
1547644239112149 0.99999 0.00465 -0.00000 -205.10048 -0.00465 0.99999 0.00000 2.40362 0.00000 -0.00000 1.00000 -0.00000
1547644239360750 0.99998 0.00565 -0.00000 -207.00381 -0.00565 0.99998 0.00000 2.64784 0.00000 -0.00000 1.00000 -0.00000
1547644239609306 0.99997 0.00739 -0.00000 -208.92202 -0.00739 0.99997 0.00000 3.00796 0.00000 -0.00000 1.00000 -0.00000
1547644239857943 0.99994 0.01082 -0.00000 -210.86160 -0.01082 0.99994 0.00000 3.72051 0.00000 -0.00000 1.00000 -0.00000
1547644240107088 0.99989 0.01496 -0.00000 -212.81932 -0.01496 0.99989 0.00000 4.61599 0.00000 -0.00000 1.00000 -0.00000
1547644240357019 0.99981 0.01955 -0.00000 -214.77861 -0.01955 0.99981 0.00000 5.62692 0.00000 -0.00000 1.00000 -0.00000
1547644240607443 0.99968 0.02520 -0.00000 -216.73100 -0.02520 0.99968 0.00000 6.85172 0.00000 -0.00000 1.00000 -0.00000
1547644240857165 0.99953 0.03053 -0.00000 -218.68592 -0.03053 0.99953 0.00000 8.04378 0.00000 -0.00000 1.00000 -0.00000
1547644241106877 0.99932 0.03683 -0.00000 -220.64762 -0.03683 0.99932 0.00000 9.45162 0.00000 -0.00000 1.00000 -0.00000
1547644241356547 0.99897 0.04538 -0.00000 -222.58018 -0.04538 0.99897 0.00000 11.40233 0.00000 -0.00000 1.00000 -0.00000
1547644241605974 0.99858 0.05320 -0.00000 -224.48723 -0.05320 0.99858 0.00000 13.17032 0.00000 -0.00000 1.00000 -0.00000
1547644241855324 0.99794 0.06411 -0.00000 -226.36004 -0.06411 0.99794 0.00000 15.63404 0.00000 -0.00000 1.00000 -0.00000
1547644242105246 0.99705 0.07670 -0.00000 -228.25227 -0.07670 0.99705 0.00000 18.51398 0.00000 -0.00000 1.00000 -0.00000
1547644242356019 0.99626 0.08641 -0.00000 -230.07439 -0.08641 0.99626 0.00000 20.72382 0.00000 -0.00000 1.00000 -0.00000
1547644242607381 0.99549 0.09486 -0.00000 -231.90838 -0.09486 0.99549 0.00000 22.72025 0.00000 -0.00000 1.00000 -0.00000
1547644242859167 0.99471 0.10277 -0.00000 -233.77313 -0.10277 0.99471 0.00000 24.55622 0.00000 -0.00000 1.00000 -0.00000
1547644243109695 0.99386 0.11065 -0.00000 -235.72837 -0.11065 0.99386 0.00000 26.44505 0.00000 -0.00000 1.00000 -0.00000
1547644243360167 0.99325 0.11599 -0.00000 -237.68964 -0.11599 0.99325 0.00000 27.73385 0.00000 -0.00000 1.00000 0.00000
1547644243610804 0.99276 0.12009 -0.00000 -239.56570 -0.12009 0.99276 0.00000 28.68542 0.00000 -0.00000 1.00000 0.00000
1547644243861217 0.99269 0.12070 -0.00000 -241.69515 -0.12070 0.99269 0.00000 28.84137 0.00000 -0.00000 1.00000 0.00000
1547644244110831 0.99284 0.11948 -0.00000 -243.84371 -0.11948 0.99284 0.00000 28.59320 0.00000 -0.00000 1.00000 0.00000
1547644244360169 0.99279 0.11986 -0.00000 -245.96180 -0.11986 0.99279 0.00000 28.74199 0.00000 -0.00000 1.00000 0.00000
1547644244609550 0.99262 0.12126 -0.00000 -248.03534 -0.12126 0.99262 0.00000 29.08076 0.00000 -0.00000 1.00000 0.00000
1547644244858321 0.99280 0.11980 -0.00000 -250.18024 -0.11980 0.99280 0.00000 28.76673 0.00000 -0.00000 1.00000 0.00000
1547644245107322 0.99270 0.12059 -0.00000 -252.31433 -0.12059 0.99270 0.00000 28.97196 0.00000 -0.00000 1.00000 0.00000
1547644245355956 0.99301 0.11801 -0.00000 -254.56374 -0.11801 0.99301 0.00000 28.36624 0.00000 -0.00000 1.00000 0.00000
1547644245604222 0.99307 0.11749 -0.00000 -256.74114 -0.11749 0.99307 0.00000 28.28771 0.00000 -0.00000 1.00000 0.00000
1547644245853535 0.99307 0.11750 -0.00000 -258.95007 -0.11750 0.99307 0.00000 28.28078 0.00000 -0.00000 1.00000 0.00000
1547644246103724 0.99310 0.11731 -0.00000 -261.16448 -0.11731 0.99310 0.00000 28.26562 0.00000 -0.00000 1.00000 0.00000
1547644246353415 0.99323 0.11614 -0.00000 -263.44213 -0.11614 0.99323 0.00000 28.02795 0.00000 -0.00000 1.00000 0.00000
1547644246603049 0.99323 0.11615 -0.00000 -265.67691 -0.11615 0.99323 0.00000 27.99315 0.00000 -0.00000 1.00000 0.00000
1547644246853089 0.99336 0.11506 -0.00000 -267.96433 -0.11506 0.99336 0.00000 27.76923 0.00000 -0.00000 1.00000 0.00000
1547644247103097 0.99340 0.11472 -0.00000 -270.19385 -0.11472 0.99340 0.00000 27.71081 0.00000 -0.00000 1.00000 0.00000
1547644247352693 0.99344 0.11435 -0.00000 -272.48756 -0.11435 0.99344 0.00000 27.57477 0.00000 -0.00000 1.00000 0.00000
1547644247602042 0.99338 0.11488 -0.00000 -274.77513 -0.11488 0.99338 0.00000 27.72480 0.00000 -0.00000 1.00000 0.00000
1547644247852333 0.99353 0.11353 -0.00000 -277.11521 -0.11353 0.99353 0.00000 27.46471 0.00000 -0.00000 1.00000 0.00000
1547644248104500 0.99352 0.11368 -0.00000 -279.41650 -0.11368 0.99352 0.00000 27.50507 0.00000 -0.00000 1.00000 0.00000
1547644248356131 0.99386 0.11067 -0.00000 -281.79979 -0.11067 0.99386 0.00000 26.62754 0.00000 -0.00000 1.00000 0.00000
1547644248606518 0.99356 0.11327 -0.00000 -284.08940 -0.11327 0.99356 0.00000 27.41435 0.00000 -0.00000 1.00000 0.00000
1547644248856995 0.99357 0.11320 -0.00000 -286.44628 -0.11320 0.99357 0.00000 27.42388 0.00000 -0.00000 1.00000 0.00000
1547644249107361 0.99293 0.11873 -0.00000 -288.67871 -0.11873 0.99293 0.00000 29.08728 0.00000 -0.00000 1.00000 0.00000
1547644249357387 0.99235 0.12348 -0.00000 -290.93393 -0.12348 0.99235 0.00000 30.52011 0.00000 -0.00000 1.00000 0.00000
1547644249607310 0.99171 0.12850 -0.00000 -293.13167 -0.12850 0.99171 0.00000 32.02094 0.00000 -0.00000 1.00000 0.00000
1547644249856698 0.99113 0.13287 -0.00000 -295.31332 -0.13287 0.99113 0.00000 33.38165 0.00000 -0.00000 1.00000 0.00000
1547644250105763 0.99106 0.13339 -0.00000 -297.65788 -0.13339 0.99106 0.00000 33.56785 0.00000 -0.00000 1.00000 0.00000
1547644250355176 0.99119 0.13243 -0.00000 -300.02062 -0.13243 0.99119 0.00000 33.33441 0.00000 -0.00000 1.00000 0.00000
1547644250604167 0.99139 0.13093 -0.00000 -302.38619 -0.13093 0.99139 0.00000 32.87740 0.00000 -0.00000 1.00000 0.00000
1547644250852798 0.99185 0.12739 -0.00000 -304.74330 -0.12739 0.99185 0.00000 31.87332 0.00000 -0.00000 1.00000 0.00000
1547644251101798 0.99204 0.12590 -0.00000 -307.03066 -0.12590 0.99204 0.00000 31.50393 0.00000 -0.00000 1.00000 0.00000
1547644251351206 0.99226 0.12414 -0.00000 -309.27460 -0.12414 0.99226 0.00000 31.01786 0.00000 -0.00000 1.00000 0.00000
1547644251601207 0.99237 0.12327 -0.00000 -311.47261 -0.12327 0.99237 0.00000 30.72724 0.00000 -0.00000 1.00000 0.00000
1547644251851182 0.99254 0.12191 -0.00000 -313.56418 -0.12191 0.99254 0.00000 30.34991 0.00000 -0.00000 1.00000 0.00000
1547644252101269 0.99277 0.12007 -0.00000 -315.65844 -0.12007 0.99277 0.00000 29.84360 0.00000 -0.00000 1.00000 0.00000
1547644252351119 0.99283 0.11952 -0.00000 -317.65194 -0.11952 0.99283 0.00000 29.68056 0.00000 -0.00000 1.00000 0.00000
1547644252601066 0.99290 0.11892 -0.00000 -319.62207 -0.11892 0.99290 0.00000 29.50692 0.00000 -0.00000 1.00000 0.00000
1547644252850910 0.99328 0.11575 -0.00000 -321.61377 -0.11575 0.99328 0.00000 28.49855 0.00000 -0.00000 1.00000 0.00000
1547644253100564 0.99341 0.11460 -0.00000 -323.50447 -0.11460 0.99341 0.00000 28.22588 0.00000 -0.00000 1.00000 0.00000
1547644253350369 0.99349 0.11395 -0.00000 -325.31228 -0.11395 0.99349 0.00000 28.05186 0.00000 -0.00000 1.00000 0.00000
1547644253601028 0.99379 0.11123 -0.00000 -327.12121 -0.11123 0.99379 0.00000 27.17841 0.00000 -0.00000 1.00000 0.00000
1547644253852931 0.99399 0.10946 -0.00000 -328.86283 -0.10946 0.99399 0.00000 26.62438 0.00000 -0.00000 1.00000 0.00000
1547644254104614 0.99422 0.10732 -0.00000 -330.61960 -0.10732 0.99422 0.00000 25.97421 0.00000 -0.00000 1.00000 0.00000
1547644254355113 0.99438 0.10587 -0.00000 -332.27475 -0.10587 0.99438 0.00000 25.49645 0.00000 -0.00000 1.00000 0.00000
1547644254605743 0.99473 0.10249 -0.00000 -333.91151 -0.10249 0.99473 0.00000 24.38442 0.00000 -0.00000 1.00000 0.00000
1547644254856570 0.99514 0.09845 -0.00000 -335.53821 -0.09845 0.99514 0.00000 23.08097 0.00000 -0.00000 1.00000 0.00000
1547644255106395 0.99570 0.09268 -0.00000 -337.11618 -0.09268 0.99570 0.00000 21.10733 0.00000 -0.00000 1.00000 0.00000
1547644255356045 0.99616 0.08758 -0.00000 -338.61431 -0.08758 0.99616 0.00000 19.44085 0.00000 -0.00000 1.00000 0.00000
1547644255606178 0.99642 0.08454 -0.00000 -340.04579 -0.08454 0.99642 0.00000 18.41240 0.00000 -0.00000 1.00000 0.00000
1547644255855555 0.99656 0.08289 -0.00000 -341.39426 -0.08289 0.99656 0.00000 17.91041 0.00000 -0.00000 1.00000 0.00000
1547644256104105 0.99674 0.08066 -0.00000 -342.66795 -0.08066 0.99674 0.00000 17.17896 0.00000 -0.00000 1.00000 0.00000
1547644256352914 0.99704 0.07693 -0.00000 -343.90107 -0.07693 0.99704 0.00000 15.94799 0.00000 -0.00000 1.00000 0.00000
1547644256601597 0.99720 0.07482 -0.00000 -345.03097 -0.07482 0.99720 0.00000 15.16299 0.00000 -0.00000 1.00000 0.00000
1547644256850018 0.99729 0.07357 -0.00000 -346.17069 -0.07357 0.99729 0.00000 14.77372 0.00000 -0.00000 1.00000 0.00000
1547644257099699 0.99739 0.07221 -0.00000 -347.18175 -0.07221 0.99739 0.00000 14.32129 0.00000 -0.00000 1.00000 0.00000
1547644257350121 0.99754 0.07006 -0.00000 -348.17269 -0.07006 0.99754 0.00000 13.60658 0.00000 -0.00000 1.00000 0.00000
1547644257599956 0.99788 0.06501 -0.00000 -349.12220 -0.06501 0.99788 0.00000 11.84282 0.00000 -0.00000 1.00000 0.00000
1547644257849823 0.99836 0.05730 -0.00000 -350.03223 -0.05730 0.99836 0.00000 9.14497 0.00000 -0.00000 1.00000 0.00000
1547644258099848 0.99895 0.04587 -0.00000 -350.88463 -0.04587 0.99895 0.00000 5.14132 0.00000 -0.00000 1.00000 0.00000
1547644258349814 0.99943 0.03378 -0.00000 -351.63629 -0.03378 0.99943 0.00000 0.97618 0.00000 -0.00000 1.00000 0.00000
1547644258600577 0.99966 0.02617 -0.00000 -352.28290 -0.02617 0.99966 0.00000 -1.70216 0.00000 -0.00000 1.00000 0.00000
1547644258852441 0.99986 0.01659 -0.00000 -352.89775 -0.01659 0.99986 0.00000 -5.06298 0.00000 -0.00000 1.00000 0.00000
1547644259104487 0.99995 0.00956 -0.00000 -353.44451 -0.00956 0.99995 0.00000 -7.48818 0.00000 -0.00000 1.00000 0.00000
1547644259356270 0.99999 0.00525 -0.00000 -353.91696 -0.00525 0.99999 0.00000 -9.04490 0.00000 -0.00000 1.00000 0.00000
1547644259606933 0.99999 0.00330 -0.00000 -354.37409 -0.00330 0.99999 0.00000 -9.67345 0.00000 -0.00000 1.00000 0.00000
1547644259857039 1.00000 -0.00003 0.00000 -354.71281 0.00003 1.00000 -0.00000 -10.80827 -0.00000 0.00000 1.00000 0.00000
1547644260107835 1.00000 0.00027 -0.00000 -355.05698 -0.00027 1.00000 0.00000 -10.73245 0.00000 -0.00000 1.00000 0.00000
1547644260357876 1.00000 -0.00076 0.00000 -355.27692 0.00076 1.00000 -0.00000 -11.10195 -0.00000 0.00000 1.00000 0.00000
1547644260607378 0.99999 -0.00430 0.00000 -355.40806 0.00430 0.99999 -0.00000 -12.34305 -0.00000 0.00000 1.00000 0.00000
1547644260857259 0.99999 -0.00322 0.00000 -355.53762 0.00322 0.99999 -0.00000 -11.97447 -0.00000 0.00000 1.00000 0.00000
1547644261106956 0.99999 -0.00342 0.00000 -355.63968 0.00342 0.99999 -0.00000 -12.03216 -0.00000 0.00000 1.00000 0.00000
1547644261356198 0.99999 -0.00457 0.00000 -355.73486 0.00457 0.99999 -0.00000 -12.41104 -0.00000 0.00000 1.00000 0.00000
1547644261605468 0.99998 -0.00607 0.00000 -355.88064 0.00607 0.99998 -0.00000 -12.94788 -0.00000 0.00000 1.00000 0.00000
1547644261854293 0.99996 -0.00937 0.00000 -355.97161 0.00937 0.99996 -0.00000 -14.12533 -0.00000 0.00000 1.00000 0.00000
1547644262102499 0.99993 -0.01216 0.00000 -356.16384 0.01216 0.99993 -0.00000 -15.08894 -0.00000 0.00000 1.00000 0.00000
1547644262351691 0.99985 -0.01711 0.00000 -356.35287 0.01711 0.99985 -0.00000 -16.83849 -0.00000 0.00000 1.00000 0.00000
1547644262601680 0.99977 -0.02148 0.00000 -356.55268 0.02148 0.99977 -0.00000 -18.38356 -0.00000 0.00000 1.00000 0.00000
1547644262851624 0.99956 -0.02969 0.00000 -356.77738 0.02969 0.99956 -0.00000 -21.25979 -0.00000 0.00000 1.00000 0.00000
1547644263101402 0.99926 -0.03849 0.00000 -357.02156 0.03849 0.99926 -0.00000 -24.41009 -0.00000 0.00000 1.00000 0.00000
1547644263351039 0.99895 -0.04578 0.00000 -357.31440 0.04578 0.99895 -0.00000 -27.02533 -0.00000 0.00000 1.00000 0.00000
1547644263601110 0.99861 -0.05279 0.00000 -357.61634 0.05279 0.99861 -0.00000 -29.48125 -0.00000 0.00000 1.00000 0.00000
1547644263851210 0.99834 -0.05755 0.00000 -358.07190 0.05755 0.99834 -0.00000 -31.21131 -0.00000 0.00000 1.00000 0.00000
1547644264100876 0.99808 -0.06199 0.00000 -358.53128 0.06199 0.99808 -0.00000 -32.82075 -0.00000 0.00000 1.00000 0.00000
1547644264351470 0.99790 -0.06478 0.00000 -359.11254 0.06478 0.99790 -0.00000 -33.80017 -0.00000 0.00000 1.00000 0.00000
1547644264603708 0.99771 -0.06765 0.00000 -359.76651 0.06765 0.99771 -0.00000 -34.78870 -0.00000 0.00000 1.00000 0.00000
1547644264855089 0.99758 -0.06959 0.00000 -360.47255 0.06959 0.99758 -0.00000 -35.48764 -0.00000 0.00000 1.00000 0.00000
1547644265105573 0.99742 -0.07176 0.00000 -361.24121 0.07176 0.99742 -0.00000 -36.22093 -0.00000 0.00000 1.00000 0.00000
1547644265356595 0.99749 -0.07086 0.00000 -362.20732 0.07086 0.99749 -0.00000 -35.91676 -0.00000 0.00000 1.00000 0.00000
1547644265606702 0.99741 -0.07190 0.00000 -363.15720 0.07190 0.99741 -0.00000 -36.26196 -0.00000 0.00000 1.00000 0.00000
1547644265856528 0.99749 -0.07086 0.00000 -364.29045 0.07086 0.99749 -0.00000 -35.87012 -0.00000 0.00000 1.00000 0.00000
1547644266106420 0.99748 -0.07101 0.00000 -365.49231 0.07101 0.99748 -0.00000 -35.93730 -0.00000 0.00000 1.00000 0.00000
1547644266355540 0.99775 -0.06698 0.00000 -366.94238 0.06698 0.99775 -0.00000 -34.46133 -0.00000 0.00000 1.00000 0.00000
1547644266604512 0.99777 -0.06672 0.00000 -368.30476 0.06672 0.99777 -0.00000 -34.27661 -0.00000 0.00000 1.00000 0.00000
