1. 0. 0. 0. 0. -1. -0. 0. 0. 0. -1. 0.
1. -0.003 -0. -0.006 -0.003 -1. -0. -0.015 0. 0. -1. 0.
1. 0.004 0. -0.005 0.004 -1. -0. -0.014 0. 0. -1. 0.
1. -0. -0. 0.012 -0. -1. -0. 0.009 0. 0. -1. 0.
1. 0.003 0. -0.036 0.003 -1. -0. -0.041 0. 0. -1. 0.
1. 0.002 0. -0.007 0.002 -1. -0. -0.011 0. 0. -1. 0.
1. 0.003 0. -0.002 0.003 -1. -0. -0.030 0. 0. -1. 0.
1. -0.005 -0. -0.028 -0.005 -1. -0. 0.002 0. 0. -1. 0.
1. -0.003 -0. -0.009 -0.003 -1. -0. -0.001 0. 0. -1. 0.
1. -0.001 -0. 0.030 -0.001 -1. -0. 0.020 0. 0. -1. 0.
1. -0.005 -0. -0.010 -0.005 -1. -0. -0.008 0. 0. -1. 0.
1. -0.002 -0. -0.005 -0.002 -1. -0. 0.006 0. 0. -1. 0.
1. 0.001 0. -0.004 0.001 -1. -0. -0.008 0. 0. -1. 0.
1. -0.003 -0. -0.001 -0.003 -1. -0. 0.003 0. 0. -1. 0.
1. 0.002 0. -0.043 0.002 -1. -0. -0.035 0. 0. -1. 0.
1. 0.002 0. -0.001 0.002 -1. -0. 0.005 0. 0. -1. 0.
1. 0.002 0. -0.004 0.002 -1. -0. -0.017 0. 0. -1. 0.
1. 0.001 0. -0.017 0.001 -1. -0. -0.028 0. 0. -1. 0.
1. -0.002 -0. -0.034 -0.002 -1. -0. 0.010 0. 0. -1. 0.
1. -0.001 -0. 0.002 -0.001 -1. -0. 0.016 0. 0. -1. 0.
1. -0.001 -0. 0.035 -0.001 -1. -0. 0.016 0. 0. -1. 0.
1. -0.001 -0. -0.029 -0.001 -1. -0. -0.046 0. 0. -1. 0.
1. 0.001 0. -0.001 0.001 -1. -0. 0.008 0. 0. -1. 0.
1. -0.003 -0. -0.001 -0.003 -1. -0. -0.002 0. 0. -1. 0.
1. -0.007 -0. -0.025 -0.007 -1. -0. -0.011 0. 0. -1. 0.
1. 0.003 0. -0.019 0.003 -1. -0. -0.003 0. 0. -1. 0.
1. 0.003 0. 0.022 0.003 -1. -0. 0.010 0. 0. -1. 0.
1. 0.000 0. -0.044 0.000 -1. -0. -0.025 0. 0. -1. 0.
1. -0.005 -0. -0.011 -0.005 -1. -0. 0.013 0. 0. -1. 0.
1. -0.006 -0. -0.038 -0.006 -1. -0. -0.003 0. 0. -1. 0.
1. -0.001 -0. 0.008 -0.001 -1. -0. 0.006 0. 0. -1. 0.
1. 0.001 0. 0.059 0.001 -1. -0. -0.005 0. 0. -1. 0.
1. -0.002 -0. 0.076 -0.002 -1. -0. 0.015 0. 0. -1. 0.
1. -0.003 -0. 0.143 -0.003 -1. -0. -0.028 0. 0. -1. 0.
1. -0.010 -0. 0.190 -0.010 -1. -0. -0.084 0. 0. -1. 0.
1.000 -0.020 -0. 0.373 -0.020 -1.000 -0. -0.028 0. 0. -1. 0.
0.999 -0.036 -0. 0.636 -0.036 -0.999 -0. -0.027 0. 0. -1. 0.
0.998 -0.058 -0. 1.008 -0.058 -0.998 -0. -0.099 0. 0. -1. 0.
0.997 -0.078 -0. 1.311 -0.078 -0.997 -0. -0.226 0. 0. -1. 0.
0.995 -0.099 -0. 1.770 -0.099 -0.995 -0. -0.227 0. 0. -1. 0.
0.992 -0.124 -0. 2.296 -0.124 -0.992 -0. -0.345 0. 0. -1. 0.
0.992 -0.128 -0. 2.945 -0.128 -0.992 -0. -0.414 0. 0. -1. 0.
0.991 -0.133 -0. 3.723 -0.133 -0.991 -0. -0.538 0. 0. -1. 0.
0.989 -0.146 -0. 4.542 -0.146 -0.989 -0. -0.619 0. 0. -1. 0.
0.990 -0.144 -0. 5.331 -0.144 -0.990 -0. -0.862 0. 0. -1. 0.
0.990 -0.142 -0. 6.318 -0.142 -0.990 -0. -0.880 0. 0. -1. 0.
0.991 -0.135 -0. 7.219 -0.135 -0.991 -0. -1.166 0. 0. -1. 0.
0.991 -0.133 -0. 8.284 -0.133 -0.991 -0. -1.266 0. 0. -1. 0.
0.992 -0.129 -0. 9.348 -0.129 -0.992 -0. -1.334 0. 0. -1. 0.
0.991 -0.136 -0. 10.445 -0.136 -0.991 -0. -1.533 0. 0. -1. 0.
0.989 -0.147 -0. 11.624 -0.147 -0.989 -0. -1.722 0. 0. -1. 0.
0.988 -0.157 -0. 12.845 -0.157 -0.988 -0. -1.950 0. 0. -1. 0.
0.988 -0.156 -0. 14.087 -0.156 -0.988 -0. -2.257 0. 0. -1. 0.
0.988 -0.154 -0. 15.429 -0.154 -0.988 -0. -2.308 0. 0. -1. 0.
0.989 -0.150 -0. 16.808 -0.150 -0.989 -0. -2.567 0. 0. -1. 0.
0.990 -0.142 -0. 18.196 -0.142 -0.990 -0. -2.781 0. 0. -1. 0.
0.993 -0.122 -0. 19.716 -0.122 -0.993 -0. -3.041 0. 0. -1. 0.
0.994 -0.108 -0. 21.174 -0.108 -0.994 -0. -3.226 0. 0. -1. 0.
0.996 -0.090 -0. 22.692 -0.090 -0.996 -0. -3.422 0. 0. -1. 0.
0.997 -0.074 -0. 24.179 -0.074 -0.997 -0. -3.531 0. 0. -1. 0.
0.999 -0.050 -0. 25.739 -0.050 -0.999 -0. -3.573 0. 0. -1. 0.
1.000 -0.027 -0. 27.284 -0.027 -1.000 -0. -3.708 0. 0. -1. 0.
1. -0.013 -0. 28.812 -0.013 -1. -0. -3.711 0. 0. -1. 0.
1. -0.005 -0. 30.291 -0.005 -1. -0. -3.778 0. 0. -1. 0.
1. -0.003 -0. 31.853 -0.003 -1. -0. -3.815 0. 0. -1. 0.
1. -0.001 -0. 33.299 -0.001 -1. -0. -3.905 0. 0. -1. 0.
1. -0.013 -0. 35.025 -0.013 -1. -0. -3.980 0. 0. -1. 0.
1.000 -0.019 -0. 36.693 -0.019 -1.000 -0. -3.977 0. 0. -1. 0.
1.000 -0.024 -0. 38.280 -0.024 -1.000 -0. -3.976 0. 0. -1. 0.
1.000 -0.016 -0. 40.073 -0.016 -1.000 -0. -4.161 0. 0. -1. 0.
1. -0.013 -0. 41.836 -0.013 -1. -0. -4.215 0. 0. -1. 0.
1. -0.008 -0. 43.437 -0.008 -1. -0. -4.236 0. 0. -1. 0.
1. -0.012 -0. 45.225 -0.012 -1. -0. -4.203 0. 0. -1. 0.
1.000 -0.019 -0. 46.987 -0.019 -1.000 -0. -4.305 0. 0. -1. 0.
1.000 -0.028 -0. 48.717 -0.028 -1.000 -0. -4.331 0. 0. -1. 0.
1.000 -0.030 -0. 50.472 -0.030 -1.000 -0. -4.517 0. 0. -1. 0.
0.999 -0.035 -0. 52.316 -0.035 -0.999 -0. -4.443 0. 0. -1. 0.
0.999 -0.041 -0. 54.069 -0.041 -0.999 -0. -4.563 0. 0. -1. 0.
0.999 -0.037 -0. 55.873 -0.037 -0.999 -0. -4.642 0. 0. -1. 0.
1.000 -0.022 -0. 57.705 -0.022 -1.000 -0. -4.811 0. 0. -1. 0.
1.000 -0.016 -0. 59.577 -0.016 -1.000 -0. -4.738 0. 0. -1. 0.
1. -0.003 -0. 61.493 -0.003 -1. -0. -4.914 0. 0. -1. 0.
1. 0.010 0. 63.408 0.010 -1. -0. -4.927 0. 0. -1. 0.
1.000 0.019 0. 65.318 0.019 -1.000 -0. -4.900 0. 0. -1. 0.
0.999 0.041 0. 67.300 0.041 -0.999 -0. -4.838 0. 0. -1. 0.
0.999 0.048 0. 69.314 0.048 -0.999 -0. -4.698 0. 0. -1. 0.
0.998 0.057 0. 71.340 0.057 -0.998 -0. -4.661 0. 0. -1. 0.
0.998 0.055 0. 73.391 0.055 -0.998 -0. -4.504 0. 0. -1. 0.
0.999 0.054 0. 75.410 0.054 -0.999 -0. -4.415 0. 0. -1. 0.
0.999 0.052 0. 77.480 0.052 -0.999 -0. -4.414 0. 0. -1. 0.
0.999 0.039 0. 79.478 0.039 -0.999 -0. -4.305 0. 0. -1. 0.
1.000 0.024 0. 81.488 0.024 -1.000 -0. -4.308 0. 0. -1. 0.
1. 0.004 0. 83.548 0.004 -1. -0. -4.269 0. 0. -1. 0.
1.000 -0.023 -0. 85.554 -0.023 -1.000 -0. -4.396 0. 0. -1. 0.
0.998 -0.059 -0. 87.615 -0.059 -0.998 -0. -4.490 0. 0. -1. 0.
0.994 -0.108 -0. 89.504 -0.108 -0.994 -0. -4.737 0. 0. -1. 0.
0.986 -0.165 -0. 91.482 -0.165 -0.986 -0. -5.002 0. 0. -1. 0.
0.975 -0.222 -0. 93.446 -0.222 -0.975 -0. -5.482 0. 0. -1. 0.
0.962 -0.273 -0. 95.266 -0.273 -0.962 -0. -5.989 0. 0. -1. 0.
0.947 -0.323 -0. 97.069 -0.323 -0.947 -0. -6.665 0. 0. -1. 0.
0.925 -0.380 -0. 98.973 -0.380 -0.925 -0. -7.442 0. 0. -1. 0.
0.900 -0.437 -0. 100.620 -0.437 -0.900 -0. -8.385 0. 0. -1. 0.
0.869 -0.495 -0. 102.347 -0.495 -0.869 -0. -9.309 0. 0. -1. 0.
0.836 -0.548 -0. 104.001 -0.548 -0.836 -0. -10.397 0. 0. -1. 0.
0.798 -0.603 -0. 105.588 -0.603 -0.798 -0. -11.528 0. 0. -1. 0.
0.757 -0.653 -0. 107.146 -0.653 -0.757 -0. -12.818 0. 0. -1. 0.
0.708 -0.706 -0. 108.440 -0.706 -0.708 -0. -14.292 0. 0. -1. 0.
0.648 -0.761 -0. 109.651 -0.761 -0.648 -0. -15.746 0. 0. -1. 0.
0.586 -0.810 -0. 110.683 -0.810 -0.586 -0. -17.429 0. 0. -1. 0.
0.534 -0.845 -0. 111.843 -0.845 -0.534 -0. -18.934 0. 0. -1. 0.
0.484 -0.875 -0. 112.613 -0.875 -0.484 -0. -20.728 0. 0. -1. 0.
0.438 -0.899 -0. 113.621 -0.899 -0.438 -0. -22.555 0. 0. -1. 0.
0.405 -0.914 -0. 114.350 -0.914 -0.405 -0. -24.513 0. 0. -1. 0.
0.377 -0.926 -0. 115.133 -0.926 -0.377 -0. -26.495 0. 0. -1. 0.
0.351 -0.936 -0. 115.847 -0.936 -0.351 -0. -28.489 0. 0. -1. 0.
0.346 -0.938 -0. 116.572 -0.938 -0.346 -0. -30.526 0. 0. -1. 0.
0.345 -0.939 -0. 117.342 -0.939 -0.345 -0. -32.680 0. 0. -1. 0.
0.353 -0.936 -0. 117.995 -0.936 -0.353 -0. -34.709 0. 0. -1. 0.
0.359 -0.933 -0. 118.906 -0.933 -0.359 -0. -36.823 0. 0. -1. 0.
0.371 -0.929 -0. 119.335 -0.929 -0.371 -0. -38.958 0. 0. -1. 0.
0.387 -0.922 -0. 120.284 -0.922 -0.387 -0. -41.015 0. 0. -1. 0.
0.397 -0.918 -0. 121.173 -0.918 -0.397 -0. -43.173 0. 0. -1. 0.
0.425 -0.905 -0. 122.081 -0.905 -0.425 -0. -45.131 0. 0. -1. 0.
0.439 -0.898 -0. 123.039 -0.898 -0.439 -0. -47.115 0. 0. -1. 0.
0.458 -0.889 -0. 123.943 -0.889 -0.458 -0. -49.061 0. 0. -1. 0.
0.473 -0.881 -0. 124.883 -0.881 -0.473 -0. -51.064 0. 0. -1. 0.
0.480 -0.877 -0. 125.945 -0.877 -0.480 -0. -52.967 0. 0. -1. 0.
0.497 -0.868 -0. 126.879 -0.868 -0.497 -0. -54.710 0. 0. -1. 0.
0.511 -0.860 -0. 128.013 -0.860 -0.511 -0. -56.586 0. 0. -1. 0.
0.524 -0.851 -0. 128.970 -0.851 -0.524 -0. -58.341 0. 0. -1. 0.
0.526 -0.851 -0. 130.025 -0.851 -0.526 -0. -60.163 0. 0. -1. 0.
0.529 -0.849 -0. 131.169 -0.849 -0.529 -0. -61.937 0. 0. -1. 0.
0.532 -0.846 -0. 132.151 -0.846 -0.532 -0. -63.546 0. 0. -1. 0.
0.527 -0.850 -0. 133.194 -0.850 -0.527 -0. -65.253 0. 0. -1. 0.
0.531 -0.847 -0. 134.219 -0.847 -0.531 -0. -66.880 0. 0. -1. 0.
0.545 -0.839 -0. 135.006 -0.839 -0.545 -0. -68.349 0. 0. -1. 0.
0.569 -0.823 -0. 136.221 -0.823 -0.569 -0. -69.946 0. 0. -1. 0.
0.602 -0.799 -0. 137.315 -0.799 -0.602 -0. -71.320 0. 0. -1. 0.
0.656 -0.755 -0. 138.300 -0.755 -0.656 -0. -72.614 0. 0. -1. 0.
0.714 -0.700 -0. 139.444 -0.700 -0.714 -0. -73.925 0. 0. -1. 0.
0.778 -0.629 -0. 140.610 -0.629 -0.778 -0. -74.892 0. 0. -1. 0.
0.841 -0.540 -0. 141.926 -0.540 -0.841 -0. -75.684 0. 0. -1. 0.
0.903 -0.430 -0. 143.208 -0.430 -0.903 -0. -76.296 0. 0. -1. 0.
0.951 -0.308 -0. 144.603 -0.308 -0.951 -0. -76.677 0. 0. -1. 0.
0.985 -0.174 -0. 145.973 -0.174 -0.985 -0. -77.005 0. 0. -1. 0.
0.999 -0.038 -0. 147.231 -0.038 -0.999 -0. -77.075 0. 0. -1. 0.
0.993 0.114 0. 148.375 0.114 -0.993 -0. -76.880 0. 0. -1. 0.
0.963 0.269 0. 149.533 0.269 -0.963 -0. -76.493 0. 0. -1. 0.
0.907 0.421 0. 150.595 0.421 -0.907 -0. -76.011 0. 0. -1. 0.
0.819 0.574 0. 151.524 0.574 -0.819 -0. -75.375 0. 0. -1. 0.
0.706 0.708 0. 152.304 0.708 -0.706 -0. -74.598 0. 0. -1. 0.
0.554 0.833 0. 152.923 0.833 -0.554 -0. -73.666 0. 0. -1. 0.
0.389 0.921 0. 153.328 0.921 -0.389 -0. -72.582 0. 0. -1. 0.
0.204 0.979 0. 153.460 0.979 -0.204 -0. -71.617 0. 0. -1. 0.
0.013 1. 0. 153.480 1. -0.013 -0. -70.531 0. 0. -1. 0.
-0.183 0.983 0. 153.288 0.983 0.183 0. -69.539 0. 0. -1. 0.
-0.379 0.925 0. 152.813 0.925 0.379 0. -68.460 0. 0. -1. 0.
-0.536 0.844 0. 152.170 0.844 0.536 0. -67.467 0. 0. -1. 0.
-0.653 0.757 0. 151.341 0.757 0.653 0. -66.447 0. 0. -1. 0.
-0.746 0.666 0. 150.392 0.666 0.746 0. -65.749 0. 0. -1. 0.
-0.813 0.582 0. 149.425 0.582 0.813 0. -64.947 0. 0. -1. 0.
-0.863 0.504 0. 148.218 0.504 0.863 0. -64.302 0. 0. -1. 0.
-0.897 0.441 0. 146.903 0.441 0.897 0. -63.586 0. 0. -1. 0.
-0.915 0.404 0. 145.584 0.404 0.915 0. -63.038 0. 0. -1. 0.
-0.922 0.387 0. 144.173 0.387 0.922 0. -62.505 0. 0. -1. 0.
-0.924 0.383 0. 142.640 0.383 0.924 0. -61.924 0. 0. -1. 0.
-0.915 0.403 0. 141.151 0.403 0.915 0. -61.241 0. 0. -1. 0.
-0.900 0.435 0. 139.732 0.435 0.900 0. -60.605 0. 0. -1. 0.
-0.879 0.477 0. 138.197 0.477 0.879 0. -59.761 0. 0. -1. 0.
-0.860 0.511 0. 136.888 0.511 0.860 0. -58.706 0. 0. -1. 0.
-0.831 0.556 0. 135.303 0.556 0.831 0. -57.753 0. 0. -1. 0.
-0.804 0.595 0. 134.033 0.595 0.804 0. -56.641 0. 0. -1. 0.
-0.774 0.633 0. 132.510 0.633 0.774 0. -55.561 0. 0. -1. 0.
-0.739 0.674 0. 131.237 0.674 0.739 0. -54.219 0. 0. -1. 0.
-0.696 0.718 0. 129.783 0.718 0.696 0. -52.865 0. 0. -1. 0.
-0.657 0.754 0. 128.571 0.754 0.657 0. -51.306 0. 0. -1. 0.
-0.611 0.792 0. 127.234 0.792 0.611 0. -49.749 0. 0. -1. 0.
-0.566 0.824 0. 126.203 0.824 0.566 0. -47.992 0. 0. -1. 0.
-0.526 0.850 0. 124.961 0.850 0.526 0. -46.286 0. 0. -1. 0.
-0.492 0.871 0. 124.024 0.871 0.492 0. -44.526 0. 0. -1. 0.
-0.459 0.888 0. 123.171 0.888 0.459 0. -42.635 0. 0. -1. 0.
-0.427 0.904 0. 122.208 0.904 0.427 0. -40.630 0. 0. -1. 0.
-0.395 0.918 0. 121.297 0.918 0.395 0. -38.706 0. 0. -1. 0.
-0.378 0.926 0. 120.647 0.926 0.378 0. -36.627 0. 0. -1. 0.
-0.364 0.932 0. 119.871 0.932 0.364 0. -34.569 0. 0. -1. 0.
-0.348 0.938 0. 119.239 0.938 0.348 0. -32.476 0. 0. -1. 0.
-0.332 0.943 0. 118.519 0.943 0.332 0. -30.367 0. 0. -1. 0.
-0.332 0.943 0. 117.717 0.943 0.332 0. -28.290 0. 0. -1. 0.
-0.338 0.941 0. 117.215 0.941 0.338 0. -26.216 0. 0. -1. 0.
-0.354 0.935 0. 116.255 0.935 0.354 0. -24.167 0. 0. -1. 0.
-0.396 0.918 0. 115.475 0.918 0.396 0. -22.131 0. 0. -1. 0.
-0.432 0.902 0. 114.680 0.902 0.432 0. -20.149 0. 0. -1. 0.
-0.480 0.877 0. 113.696 0.877 0.480 0. -18.167 0. 0. -1. 0.
-0.534 0.845 0. 112.762 0.845 0.534 0. -16.387 0. 0. -1. 0.
-0.591 0.807 0. 111.496 0.807 0.591 0. -14.564 0. 0. -1. 0.
-0.655 0.756 0. 110.191 0.756 0.655 0. -12.977 0. 0. -1. 0.
-0.712 0.702 0. 108.821 0.702 0.712 0. -11.440 0. 0. -1. 0.
-0.764 0.645 0. 107.287 0.645 0.764 0. -10.093 0. 0. -1. 0.
-0.812 0.584 0. 105.710 0.584 0.812 0. -8.876 0. 0. -1. 0.
-0.849 0.529 0. 103.956 0.529 0.849 0. -7.822 0. 0. -1. 0.
-0.881 0.473 0. 102.248 0.473 0.881 0. -6.896 0. 0. -1. 0.
-0.910 0.415 0. 100.527 0.415 0.910 0. -6.063 0. 0. -1. 0.
-0.933 0.361 0. 98.732 0.361 0.933 0. -5.332 0. 0. -1. 0.
-0.953 0.302 0. 96.966 0.302 0.953 0. -4.679 0. 0. -1. 0.
-0.971 0.239 0. 95.110 0.239 0.971 0. -4.160 0. 0. -1. 0.
-0.984 0.180 0. 93.188 0.180 0.984 0. -3.789 0. 0. -1. 0.
-0.992 0.124 0. 91.302 0.124 0.992 0. -3.561 0. 0. -1. 0.
-0.997 0.079 0. 89.258 0.079 0.997 0. -3.419 0. 0. -1. 0.
-0.999 0.047 0. 87.332 0.047 0.999 0. -3.287 0. 0. -1. 0.
-1.000 0.027 0. 85.408 0.027 1.000 0. -3.364 0. 0. -1. 0.
-1. 0.004 0. 83.419 0.004 1. 0. -3.208 0. 0. -1. 0.
-1. -0.005 -0. 81.364 -0.005 1. 0. -3.186 0. 0. -1. 0.
-1. -0.007 -0. 79.372 -0.007 1. 0. -3.228 0. 0. -1. 0.
-1.000 -0.022 -0. 77.374 -0.022 1.000 0. -3.222 0. 0. -1. 0.
-1.000 -0.025 -0. 75.282 -0.025 1.000 0. -3.283 0. 0. -1. 0.
-1.000 -0.023 -0. 73.314 -0.023 1.000 0. -3.283 0. 0. -1. 0.
-1.000 -0.024 -0. 71.214 -0.024 1.000 0. -3.318 0. 0. -1. 0.
-1.000 -0.019 -0. 69.166 -0.019 1.000 0. -3.290 0. 0. -1. 0.
-1. -0.012 -0. 67.105 -0.012 1. 0. -3.200 0. 0. -1. 0.
-1. -0.006 -0. 64.955 -0.006 1. 0. -3.297 0. 0. -1. 0.
-1.000 0.016 0. 62.866 0.016 1.000 0. -3.165 0. 0. -1. 0.
-1.000 0.025 0. 60.767 0.025 1.000 0. -3.017 0. 0. -1. 0.
-0.999 0.033 0. 58.585 0.033 0.999 0. -2.870 0. 0. -1. 0.
-0.999 0.040 0. 56.460 0.040 0.999 0. -2.767 0. 0. -1. 0.
-0.999 0.041 0. 54.300 0.041 0.999 0. -2.729 0. 0. -1. 0.
-0.999 0.041 0. 52.139 0.041 0.999 0. -2.662 0. 0. -1. 0.
-0.999 0.043 0. 50.018 0.043 0.999 0. -2.503 0. 0. -1. 0.
-0.999 0.048 0. 47.789 0.048 0.999 0. -2.283 0. 0. -1. 0.
-0.999 0.051 0. 45.725 0.051 0.999 0. -1.988 0. 0. -1. 0.
-0.998 0.057 0. 43.502 0.057 0.998 0. -1.884 0. 0. -1. 0.
-0.999 0.053 0. 41.380 0.053 0.999 0. -1.706 0. 0. -1. 0.
-0.998 0.056 0. 39.150 0.056 0.998 0. -1.619 0. 0. -1. 0.
-0.999 0.054 0. 37.012 0.054 0.999 0. -1.434 0. 0. -1. 0.
-0.999 0.051 0. 34.869 0.051 0.999 0. -1.385 0. 0. -1. 0.
-0.999 0.048 0. 32.671 0.048 0.999 0. -1.083 0. 0. -1. 0.
-0.999 0.053 0. 30.548 0.053 0.999 0. -1.043 0. 0. -1. 0.
-0.998 0.058 0. 28.382 0.058 0.998 0. -1.022 0. 0. -1. 0.
-0.998 0.063 0. 26.235 0.063 0.998 0. -0.762 0. 0. -1. 0.
-0.998 0.066 0. 24.099 0.066 0.998 0. -0.486 0. 0. -1. 0.
-0.997 0.078 0. 21.930 0.078 0.997 0. -0.322 0. 0. -1. 0.
-0.997 0.074 0. 19.794 0.074 0.997 0. -0.168 0. 0. -1. 0.
-0.997 0.074 0. 17.652 0.074 0.997 0. -0.001 0. 0. -1. 0.
-0.996 0.087 0. 15.424 0.087 0.996 0. 0.205 0. 0. -1. 0.
-0.996 0.092 0. 13.299 0.092 0.996 0. 0.399 0. 0. -1. 0.
-0.996 0.087 0. 11.117 0.087 0.996 0. 0.637 0. 0. -1. 0.
-0.995 0.096 0. 8.907 0.096 0.995 0. 0.829 0. 0. -1. 0.
-0.995 0.099 0. 6.687 0.099 0.995 0. 1.086 0. 0. -1. 0.
-0.996 0.094 0. 4.520 0.094 0.996 0. 1.383 0. 0. -1. 0.
-0.995 0.097 0. 2.308 0.097 0.995 0. 1.628 0. 0. -1. 0.
-0.996 0.091 0. 0.127 0.091 0.996 0. 1.848 0. 0. -1. 0.
-0.996 0.089 0. -2.057 0.089 0.996 0. 2.134 0. 0. -1. 0.
-0.996 0.090 0. -4.303 0.090 0.996 0. 2.220 0. 0. -1. 0.
-0.997 0.083 0. -6.471 0.083 0.997 0. 2.625 0. 0. -1. 0.
-0.997 0.082 0. -8.622 0.082 0.997 0. 2.809 0. 0. -1. 0.
-0.996 0.085 0. -10.889 0.085 0.996 0. 3.007 0. 0. -1. 0.
-0.997 0.074 0. -12.996 0.074 0.997 0. 3.116 0. 0. -1. 0.
-0.997 0.080 0. -15.208 0.080 0.997 0. 3.419 0. 0. -1. 0.
-0.997 0.071 0. -17.481 0.071 0.997 0. 3.708 0. 0. -1. 0.
-0.998 0.069 0. -19.662 0.069 0.998 0. 3.900 0. 0. -1. 0.
-0.998 0.070 0. -21.946 0.070 0.998 0. 4.077 0. 0. -1. 0.
-0.998 0.066 0. -24.099 0.066 0.998 0. 4.332 0. 0. -1. 0.
-0.998 0.059 0. -26.386 0.059 0.998 0. 4.480 0. 0. -1. 0.
-0.998 0.059 0. -28.567 0.059 0.998 0. 4.476 0. 0. -1. 0.
-0.999 0.053 0. -30.877 0.053 0.999 0. 4.627 0. 0. -1. 0.
-0.999 0.042 0. -32.956 0.042 0.999 0. 4.748 0. 0. -1. 0.
-0.999 0.042 0. -35.182 0.042 0.999 0. 4.880 0. 0. -1. 0.
-0.999 0.037 0. -37.344 0.037 0.999 0. 4.955 0. 0. -1. 0.
-1.000 0.031 0. -39.504 0.031 1.000 0. 5.117 0. 0. -1. 0.
-1.000 0.024 0. -41.598 0.024 1.000 0. 5.256 0. 0. -1. 0.
-1.000 0.030 0. -43.668 0.030 1.000 0. 5.283 0. 0. -1. 0.
-1.000 0.018 0. -45.653 0.018 1.000 0. 5.420 0. 0. -1. 0.
-1.000 0.026 0. -47.690 0.026 1.000 0. 5.470 0. 0. -1. 0.
-1.000 0.016 0. -49.582 0.016 1.000 0. 5.525 0. 0. -1. 0.
-1.000 0.022 0. -51.471 0.022 1.000 0. 5.472 0. 0. -1. 0.
-1.000 0.018 0. -53.212 0.018 1.000 0. 5.575 0. 0. -1. 0.
-0.999 0.036 0. -54.897 0.036 0.999 0. 5.636 0. 0. -1. 0.
-0.999 0.053 0. -56.450 0.053 0.999 0. 5.790 0. 0. -1. 0.
-0.997 0.081 0. -57.957 0.081 0.997 0. 5.830 0. 0. -1. 0.
-0.991 0.131 0. -59.367 0.131 0.991 0. 6.118 0. 0. -1. 0.
-0.984 0.176 0. -60.520 0.176 0.984 0. 6.372 0. 0. -1. 0.
-0.967 0.253 0. -61.735 0.253 0.967 0. 6.741 0. 0. -1. 0.
-0.945 0.326 0. -62.808 0.326 0.945 0. 7.018 0. 0. -1. 0.
-0.904 0.428 0. -63.787 0.428 0.904 0. 7.566 0. 0. -1. 0.
-0.851 0.526 0. -64.663 0.526 0.851 0. 8.125 0. 0. -1. 0.
-0.784 0.620 0. -65.484 0.620 0.784 0. 8.792 0. 0. -1. 0.
-0.699 0.715 0. -66.221 0.715 0.699 0. 9.545 0. 0. -1. 0.
-0.603 0.798 0. -66.780 0.798 0.603 0. 10.334 0. 0. -1. 0.
-0.506 0.862 0. -67.200 0.862 0.506 0. 11.301 0. 0. -1. 0.
-0.413 0.911 0. -67.607 0.911 0.413 0. 12.245 0. 0. -1. 0.
-0.322 0.947 0. -67.832 0.947 0.322 0. 13.222 0. 0. -1. 0.
-0.235 0.972 0. -68.129 0.972 0.235 0. 14.298 0. 0. -1. 0.
-0.168 0.986 0. -68.196 0.986 0.168 0. 15.397 0. 0. -1. 0.
-0.115 0.993 0. -68.413 0.993 0.115 0. 16.608 0. 0. -1. 0.
-0.069 0.998 0. -68.315 0.998 0.069 0. 17.829 0. 0. -1. 0.
-0.043 0.999 0. -68.629 0.999 0.043 0. 19.168 0. 0. -1. 0.
-0.022 1.000 0. -68.476 1.000 0.022 0. 20.463 0. 0. -1. 0.
-0.021 1.000 0. -68.517 1.000 0.021 0. 21.954 0. 0. -1. 0.
-0.018 1.000 0. -68.423 1.000 0.018 0. 23.405 0. 0. -1. 0.
-0.010 1. 0. -68.362 1. 0.010 0. 24.949 0. 0. -1. 0.
-0.002 1. 0. -68.425 1. 0.002 0. 26.468 0. 0. -1. 0.
0.014 1.000 0. -68.380 1.000 -0.014 -0. 28.094 0. 0. -1. 0.
0.009 1. 0. -68.355 1. -0.009 -0. 29.721 0. 0. -1. 0.
0.033 0.999 0. -68.158 0.999 -0.033 -0. 31.375 0. 0. -1. 0.
0.036 0.999 0. -68.267 0.999 -0.036 -0. 33.105 0. 0. -1. 0.
0.055 0.999 0. -67.926 0.999 -0.055 -0. 34.785 0. 0. -1. 0.
0.060 0.998 0. -67.959 0.998 -0.060 -0. 36.606 0. 0. -1. 0.
0.087 0.996 0. -67.623 0.996 -0.087 -0. 38.421 0. 0. -1. 0.
0.115 0.993 0. -67.613 0.993 -0.115 -0. 40.207 0. 0. -1. 0.
0.133 0.991 0. -67.230 0.991 -0.133 -0. 42.050 0. 0. -1. 0.
0.159 0.987 0. -66.831 0.987 -0.159 -0. 43.886 0. 0. -1. 0.
0.172 0.985 0. -66.540 0.985 -0.172 -0. 45.668 0. 0. -1. 0.
0.179 0.984 0. -66.132 0.984 -0.179 -0. 47.500 0. 0. -1. 0.
0.188 0.982 0. -65.824 0.982 -0.188 -0. 49.375 0. 0. -1. 0.
0.174 0.985 0. -65.432 0.985 -0.174 -0. 51.214 0. 0. -1. 0.
0.156 0.988 0. -65.092 0.988 -0.156 -0. 53.101 0. 0. -1. 0.
0.133 0.991 0. -64.770 0.991 -0.133 -0. 54.954 0. 0. -1. 0.
0.118 0.993 0. -64.596 0.993 -0.118 -0. 56.988 0. 0. -1. 0.
0.089 0.996 0. -64.380 0.996 -0.089 -0. 58.900 0. 0. -1. 0.
0.069 0.998 0. -64.131 0.998 -0.069 -0. 60.908 0. 0. -1. 0.
0.055 0.998 0. -64.074 0.998 -0.055 -0. 62.863 0. 0. -1. 0.
0.036 0.999 0. -63.921 0.999 -0.036 -0. 64.786 0. 0. -1. 0.
0.028 1.000 0. -63.826 1.000 -0.028 -0. 66.735 0. 0. -1. 0.
0.020 1.000 0. -63.725 1.000 -0.020 -0. 68.639 0. 0. -1. 0.
0.022 1.000 0. -63.697 1.000 -0.022 -0. 70.523 0. 0. -1. 0.
0.023 1.000 0. -63.667 1.000 -0.023 -0. 72.391 0. 0. -1. 0.
0.028 1.000 0. -63.598 1.000 -0.028 -0. 74.309 0. 0. -1. 0.
0.040 0.999 0. -63.497 0.999 -0.040 -0. 76.046 0. 0. -1. 0.
0.051 0.999 0. -63.452 0.999 -0.051 -0. 77.941 0. 0. -1. 0.
0.056 0.998 0. -63.269 0.998 -0.056 -0. 79.654 0. 0. -1. 0.
0.054 0.999 0. -63.131 0.999 -0.054 -0. 81.410 0. 0. -1. 0.
0.035 0.999 0. -62.977 0.999 -0.035 -0. 83.128 0. 0. -1. 0.
-0.014 1. 0. -63.056 1. 0.014 0. 84.780 0. 0. -1. 0.
-0.063 0.998 0. -63.017 0.998 0.063 0. 86.494 0. 0. -1. 0.
-0.135 0.991 0. -63.106 0.991 0.135 0. 87.957 0. 0. -1. 0.
-0.216 0.976 0. -63.538 0.976 0.216 0. 89.575 0. 0. -1. 0.
-0.304 0.953 0. -63.913 0.953 0.304 0. 91.029 0. 0. -1. 0.
-0.400 0.917 0. -64.411 0.917 0.400 0. 92.440 0. 0. -1. 0.
-0.484 0.875 0. -65.179 0.875 0.484 0. 93.795 0. 0. -1. 0.
-0.564 0.825 0. -65.945 0.825 0.564 0. 94.928 0. 0. -1. 0.
-0.643 0.766 0. -66.856 0.766 0.643 0. 96.181 0. 0. -1. 0.
-0.718 0.696 0. -67.881 0.696 0.718 0. 97.206 0. 0. -1. 0.
-0.793 0.609 0. -69.035 0.609 0.793 0. 98.130 0. 0. -1. 0.
-0.849 0.529 0. -70.343 0.529 0.849 0. 98.944 0. 0. -1. 0.
-0.892 0.453 0. -71.745 0.453 0.892 0. 99.635 0. 0. -1. 0.
-0.926 0.379 0. -73.085 0.379 0.926 0. 100.210 0. 0. -1. 0.
-0.953 0.304 0. -74.475 0.304 0.953 0. 100.707 0. 0. -1. 0.
-0.970 0.243 0. -76.110 0.243 0.970 0. 101.072 0. 0. -1. 0.
-0.979 0.203 0. -77.635 0.203 0.979 0. 101.407 0. 0. -1. 0.
-0.984 0.181 0. -79.152 0.181 0.984 0. 101.842 0. 0. -1. 0.
-0.983 0.184 0. -80.743 0.184 0.983 0. 102.153 0. 0. -1. 0.
-0.979 0.202 0. -82.273 0.202 0.979 0. 102.439 0. 0. -1. 0.
-0.971 0.238 0. -83.931 0.238 0.971 0. 102.864 0. 0. -1. 0.
-0.959 0.284 0. -85.440 0.284 0.959 0. 103.276 0. 0. -1. 0.
-0.945 0.328 0. -87.033 0.328 0.945 0. 103.898 0. 0. -1. 0.
-0.921 0.389 0. -88.622 0.389 0.921 0. 104.552 0. 0. -1. 0.
-0.893 0.449 0. -90.022 0.449 0.893 0. 105.454 0. 0. -1. 0.
-0.863 0.506 0. -91.622 0.506 0.863 0. 106.346 0. 0. -1. 0.
-0.836 0.549 0. -93.048 0.549 0.836 0. 107.362 0. 0. -1. 0.
-0.804 0.595 0. -94.506 0.595 0.804 0. 108.438 0. 0. -1. 0.
-0.780 0.625 0. -95.970 0.625 0.780 0. 109.584 0. 0. -1. 0.
-0.752 0.659 0. -97.465 0.659 0.752 0. 110.809 0. 0. -1. 0.
-0.738 0.675 0. -98.855 0.675 0.738 0. 112.256 0. 0. -1. 0.
-0.722 0.692 0. -100.279 0.692 0.722 0. 113.622 0. 0. -1. 0.
-0.713 0.701 0. -101.789 0.701 0.713 0. 114.921 0. 0. -1. 0.
-0.711 0.703 0. -103.186 0.703 0.711 0. 116.612 0. 0. -1. 0.
-0.707 0.707 0. -104.684 0.707 0.707 0. 118.027 0. 0. -1. 0.
-0.704 0.711 0. -106.154 0.711 0.704 0. 119.576 0. 0. -1. 0.
-0.709 0.705 0. -107.649 0.705 0.709 0. 121.152 0. 0. -1. 0.
-0.708 0.706 0. -109.252 0.706 0.708 0. 122.725 0. 0. -1. 0.
-0.706 0.709 0. -110.746 0.709 0.706 0. 124.400 0. 0. -1. 0.
-0.705 0.709 0. -112.451 0.709 0.705 0. 126.029 0. 0. -1. 0.
-0.706 0.708 0. -114.003 0.708 0.706 0. 127.835 0. 0. -1. 0.
-0.705 0.709 0. -115.697 0.709 0.705 0. 129.568 0. 0. -1. 0.
-0.704 0.710 0. -117.323 0.710 0.704 0. 131.327 0. 0. -1. 0.
-0.706 0.708 0. -119.024 0.708 0.706 0. 133.072 0. 0. -1. 0.
-0.701 0.713 0. -120.744 0.713 0.701 0. 134.969 0. 0. -1. 0.
-0.697 0.718 0. -122.431 0.718 0.697 0. 136.701 0. 0. -1. 0.
-0.696 0.718 0. -124.146 0.718 0.696 0. 138.604 0. 0. -1. 0.
-0.693 0.721 0. -125.790 0.721 0.693 0. 140.458 0. 0. -1. 0.
-0.692 0.722 0. -127.601 0.722 0.692 0. 142.393 0. 0. -1. 0.
-0.694 0.720 0. -129.198 0.720 0.694 0. 144.175 0. 0. -1. 0.
-0.692 0.722 0. -130.903 0.722 0.692 0. 146.032 0. 0. -1. 0.
-0.687 0.726 0. -132.726 0.726 0.687 0. 147.983 0. 0. -1. 0.
-0.688 0.726 0. -134.360 0.726 0.688 0. 149.869 0. 0. -1. 0.
-0.688 0.726 0. -136.084 0.726 0.688 0. 151.690 0. 0. -1. 0.
-0.685 0.728 0. -137.915 0.728 0.685 0. 153.425 0. 0. -1. 0.
-0.681 0.732 0. -139.577 0.732 0.681 0. 155.351 0. 0. -1. 0.
-0.673 0.740 0. -141.177 0.740 0.673 0. 157.212 0. 0. -1. 0.
-0.657 0.754 0. -142.930 0.754 0.657 0. 159.084 0. 0. -1. 0.
-0.641 0.768 0. -144.431 0.768 0.641 0. 161.099 0. 0. -1. 0.
-0.613 0.790 0. -146.008 0.790 0.613 0. 163.035 0. 0. -1. 0.
-0.581 0.814 0. -147.383 0.814 0.581 0. 165.085 0. 0. -1. 0.
-0.548 0.837 0. -148.574 0.837 0.548 0. 167.239 0. 0. -1. 0.
-0.512 0.859 0. -149.951 0.859 0.512 0. 169.305 0. 0. -1. 0.
-0.472 0.881 0. -150.986 0.881 0.472 0. 171.556 0. 0. -1. 0.
-0.422 0.906 0. -152.086 0.906 0.422 0. 173.797 0. 0. -1. 0.
-0.375 0.927 0. -152.867 0.927 0.375 0. 176.145 0. 0. -1. 0.
-0.341 0.940 0. -153.674 0.940 0.341 0. 178.496 0. 0. -1. 0.
-0.304 0.953 0. -154.456 0.953 0.304 0. 180.926 0. 0. -1. 0.
-0.266 0.964 0. -155.084 0.964 0.266 0. 183.345 0. 0. -1. 0.
-0.228 0.974 0. -155.543 0.974 0.228 0. 185.740 0. 0. -1. 0.
-0.190 0.982 0. -156.121 0.982 0.190 0. 188.203 0. 0. -1. 0.
-0.169 0.986 0. -156.575 0.986 0.169 0. 190.756 0. 0. -1. 0.
-0.151 0.988 0. -156.731 0.988 0.151 0. 193.264 0. 0. -1. 0.
-0.138 0.990 0. -157.029 0.990 0.138 0. 195.762 0. 0. -1. 0.
-0.127 0.992 0. -157.354 0.992 0.127 0. 198.288 0. 0. -1. 0.
-0.115 0.993 0. -157.539 0.993 0.115 0. 200.823 0. 0. -1. 0.
-0.111 0.994 0. -157.891 0.994 0.111 0. 203.372 0. 0. -1. 0.
-0.109 0.994 0. -157.977 0.994 0.109 0. 205.832 0. 0. -1. 0.
-0.107 0.994 0. -158.316 0.994 0.107 0. 208.305 0. 0. -1. 0.
-0.113 0.994 0. -158.508 0.994 0.113 0. 210.806 0. 0. -1. 0.
-0.128 0.992 0. -158.702 0.992 0.128 0. 213.276 0. 0. -1. 0.
-0.148 0.989 0. -158.996 0.989 0.148 0. 215.694 0. 0. -1. 0.
-0.176 0.984 0. -159.363 0.984 0.176 0. 218.047 0. 0. -1. 0.
-0.213 0.977 0. -159.977 0.977 0.213 0. 220.442 0. 0. -1. 0.
-0.260 0.966 0. -160.376 0.966 0.260 0. 222.715 0. 0. -1. 0.
-0.308 0.951 0. -161.014 0.951 0.308 0. 224.946 0. 0. -1. 0.
-0.363 0.932 0. -162.009 0.932 0.363 0. 227.120 0. 0. -1. 0.
-0.435 0.900 0. -162.591 0.900 0.435 0. 229.208 0. 0. -1. 0.
-0.503 0.864 0. -163.857 0.864 0.503 0. 231.214 0. 0. -1. 0.
-0.577 0.817 0. -165.036 0.817 0.577 0. 232.995 0. 0. -1. 0.
-0.646 0.763 0. -166.419 0.763 0.646 0. 234.611 0. 0. -1. 0.
-0.706 0.709 0. -167.860 0.709 0.706 0. 236.292 0. 0. -1. 0.
-0.768 0.641 0. -169.548 0.641 0.768 0. 237.750 0. 0. -1. 0.
-0.822 0.569 0. -171.403 0.569 0.822 0. 239.044 0. 0. -1. 0.
-0.864 0.504 0. -173.467 0.504 0.864 0. 240.141 0. 0. -1. 0.
-0.898 0.440 0. -175.328 0.440 0.898 0. 241.198 0. 0. -1. 0.
-0.920 0.391 0. -177.282 0.391 0.920 0. 242.197 0. 0. -1. 0.
-0.936 0.352 0. -179.453 0.352 0.936 0. 243.058 0. 0. -1. 0.
-0.947 0.320 0. -181.579 0.320 0.947 0. 243.887 0. 0. -1. 0.
-0.954 0.300 0. -183.843 0.300 0.954 0. 244.629 0. 0. -1. 0.
-0.957 0.291 0. -186.121 0.291 0.957 0. 245.405 0. 0. -1. 0.
-0.957 0.291 0. -188.380 0.291 0.957 0. 246.148 0. 0. -1. 0.
-0.956 0.292 0. -190.743 0.292 0.956 0. 246.910 0. 0. -1. 0.
-0.958 0.287 0. -193.169 0.287 0.958 0. 247.668 0. 0. -1. 0.
-0.959 0.282 0. -195.664 0.282 0.959 0. 248.394 0. 0. -1. 0.
-0.961 0.276 0. -198.125 0.276 0.961 0. 249.165 0. 0. -1. 0.
-0.960 0.281 0. -200.505 0.281 0.960 0. 249.981 0. 0. -1. 0.
-0.959 0.283 0. -202.984 0.283 0.959 0. 250.641 0. 0. -1. 0.
-0.960 0.280 0. -205.339 0.280 0.960 0. 251.414 0. 0. -1. 0.
-0.960 0.279 0. -207.925 0.279 0.960 0. 252.036 0. 0. -1. 0.
-0.961 0.278 0. -210.155 0.278 0.961 0. 252.906 0. 0. -1. 0.
-0.961 0.277 0. -212.511 0.277 0.961 0. 253.650 0. 0. -1. 0.
-0.961 0.278 0. -214.912 0.278 0.961 0. 254.257 0. 0. -1. 0.
-0.962 0.275 0. -217.020 0.275 0.962 0. 255.054 0. 0. -1. 0.
-0.962 0.274 0. -219.292 0.274 0.962 0. 255.590 0. 0. -1. 0.
-0.963 0.268 0. -221.497 0.268 0.963 0. 256.154 0. 0. -1. 0.
-0.962 0.275 0. -223.520 0.275 0.962 0. 256.843 0. 0. -1. 0.
-0.958 0.287 0. -225.515 0.287 0.958 0. 257.473 0. 0. -1. 0.
-0.951 0.309 0. -227.362 0.309 0.951 0. 258.142 0. 0. -1. 0.
-0.937 0.349 0. -229.148 0.349 0.937 0. 258.767 0. 0. -1. 0.
-0.922 0.387 0. -230.670 0.387 0.922 0. 259.538 0. 0. -1. 0.
-0.907 0.421 0. -232.087 0.421 0.907 0. 260.186 0. 0. -1. 0.
-0.891 0.454 0. -233.497 0.454 0.891 0. 260.895 0. 0. -1. 0.
-0.877 0.480 0. -234.747 0.480 0.877 0. 261.596 0. 0. -1. 0.
-0.870 0.493 0. -235.925 0.493 0.870 0. 262.290 0. 0. -1. 0.
-0.873 0.488 0. -237.048 0.488 0.873 0. 263.001 0. 0. -1. 0.
-0.880 0.474 0. -238.036 0.474 0.880 0. 263.606 0. 0. -1. 0.
-0.886 0.463 0. -239.037 0.463 0.886 0. 264.073 0. 0. -1. 0.
-0.895 0.446 0. -239.940 0.446 0.895 0. 264.516 0. 0. -1. 0.
-0.902 0.432 0. -240.797 0.432 0.902 0. 265.024 0. 0. -1. 0.
-0.907 0.421 0. -241.626 0.421 0.907 0. 265.265 0. 0. -1. 0.
-0.911 0.413 0. -242.211 0.413 0.911 0. 265.621 0. 0. -1. 0.
-0.915 0.403 0. -242.772 0.403 0.915 0. 265.991 0. 0. -1. 0.
-0.917 0.399 0. -243.290 0.399 0.917 0. 266.092 0. 0. -1. 0.
-0.919 0.395 0. -243.618 0.395 0.919 0. 266.328 0. 0. -1. 0.
-0.921 0.390 0. -244.018 0.390 0.921 0. 266.421 0. 0. -1. 0.
-0.922 0.388 0. -244.310 0.388 0.922 0. 266.610 0. 0. -1. 0.
-0.919 0.394 0. -244.491 0.394 0.919 0. 266.524 0. 0. -1. 0.
-0.921 0.389 0. -244.712 0.389 0.921 0. 266.749 0. 0. -1. 0.
-0.921 0.389 0. -244.876 0.389 0.921 0. 266.817 0. 0. -1. 0.
-0.921 0.390 0. -244.892 0.390 0.921 0. 266.722 0. 0. -1. 0.
-0.921 0.389 0. -244.995 0.389 0.921 0. 266.813 0. 0. -1. 0.
-0.920 0.393 0. -244.937 0.393 0.920 0. 266.781 0. 0. -1. 0.
-0.918 0.397 0. -244.979 0.397 0.918 0. 266.823 0. 0. -1. 0.
-0.921 0.389 0. -244.965 0.389 0.921 0. 266.870 0. 0. -1. 0.
-0.921 0.389 0. -245.022 0.389 0.921 0. 266.839 0. 0. -1. 0.
-0.921 0.390 0. -244.969 0.390 0.921 0. 266.844 0. 0. -1. 0.
-0.919 0.395 0. -244.932 0.395 0.919 0. 266.761 0. 0. -1. 0.
-0.920 0.393 0. -244.961 0.393 0.920 0. 266.713 0. 0. -1. 0.
-0.919 0.393 0. -244.996 0.393 0.919 0. 266.751 0. 0. -1. 0.
-0.921 0.388 0. -244.957 0.388 0.921 0. 266.807 0. 0. -1. 0.
-0.921 0.389 0. -244.995 0.389 0.921 0. 266.861 0. 0. -1. 0.
-0.919 0.395 0. -245.000 0.395 0.919 0. 266.822 0. 0. -1. 0.
-0.921 0.389 0. -244.952 0.389 0.921 0. 266.811 0. 0. -1. 0.
-0.920 0.393 0. -245.038 0.393 0.920 0. 266.868 0. 0. -1. 0.
-0.921 0.391 0. -244.931 0.391 0.921 0. 266.914 0. 0. -1. 0.
-0.921 0.390 0. -245.004 0.390 0.921 0. 266.843 0. 0. -1. 0.
-0.921 0.390 0. -244.982 0.390 0.921 0. 266.847 0. 0. -1. 0.
-0.922 0.388 0. -244.988 0.388 0.922 0. 266.798 0. 0. -1. 0.
-0.920 0.391 0. -245.010 0.391 0.920 0. 266.727 0. 0. -1. 0.
-0.921 0.391 0. -244.975 0.391 0.921 0. 266.751 0. 0. -1. 0.
-0.919 0.393 0. -244.953 0.393 0.919 0. 266.784 0. 0. -1. 0.
-0.922 0.388 0. -244.967 0.388 0.922 0. 266.830 0. 0. -1. 0.
-0.920 0.393 0. -245.034 0.393 0.920 0. 266.865 0. 0. -1. 0.
-0.920 0.391 0. -244.893 0.391 0.920 0. 266.753 0. 0. -1. 0.
-0.919 0.394 0. -245.041 0.394 0.919 0. 266.896 0. 0. -1. 0.
-0.921 0.389 0. -244.970 0.389 0.921 0. 266.841 0. 0. -1. 0.
-0.918 0.396 0. -245.019 0.396 0.918 0. 266.854 0. 0. -1. 0.
-0.922 0.388 0. -244.930 0.388 0.922 0. 266.843 0. 0. -1. 0.
-0.921 0.390 0. -245.083 0.390 0.921 0. 266.890 0. 0. -1. 0.
-0.919 0.395 0. -244.951 0.395 0.919 0. 266.787 0. 0. -1. 0.
-0.918 0.397 0. -245.244 0.397 0.918 0. 266.986 0. 0. -1. 0.
-0.920 0.392 0. -245.385 0.392 0.920 0. 267.070 0. 0. -1. 0.
-0.920 0.392 0. -245.711 0.392 0.920 0. 267.201 0. 0. -1. 0.
-0.919 0.393 0. -245.937 0.393 0.919 0. 267.287 0. 0. -1. 0.
-0.916 0.401 0. -246.368 0.401 0.916 0. 267.433 0. 0. -1. 0.
-0.917 0.399 0. -246.736 0.399 0.917 0. 267.591 0. 0. -1. 0.
-0.915 0.405 0. -247.369 0.405 0.915 0. 267.882 0. 0. -1. 0.
-0.910 0.415 0. -247.948 0.415 0.910 0. 268.119 0. 0. -1. 0.
-0.903 0.429 0. -248.614 0.429 0.903 0. 268.439 0. 0. -1. 0.
-0.890 0.456 0. -249.199 0.456 0.890 0. 268.712 0. 0. -1. 0.
-0.869 0.495 0. -249.732 0.495 0.869 0. 269.107 0. 0. -1. 0.
-0.837 0.547 0. -250.213 0.547 0.837 0. 269.510 0. 0. -1. 0.
-0.798 0.603 0. -250.699 0.603 0.798 0. 269.826 0. 0. -1. 0.
-0.750 0.662 0. -251.258 0.662 0.750 0. 270.393 0. 0. -1. 0.
-0.695 0.719 0. -251.503 0.719 0.695 0. 270.839 0. 0. -1. 0.
-0.629 0.777 0. -251.973 0.777 0.629 0. 271.482 0. 0. -1. 0.
-0.543 0.840 0. -252.356 0.840 0.543 0. 271.932 0. 0. -1. 0.
-0.460 0.888 0. -252.518 0.888 0.460 0. 272.761 0. 0. -1. 0.
-0.355 0.935 0. -252.772 0.935 0.355 0. 273.594 0. 0. -1. 0.
-0.253 0.967 0. -253.036 0.967 0.253 0. 274.525 0. 0. -1. 0.
-0.157 0.988 0. -253.097 0.988 0.157 0. 275.468 0. 0. -1. 0.
-0.076 0.997 0. -253.105 0.997 0.076 0. 276.578 0. 0. -1. 0.
-0.008 1. 0. -252.962 1. 0.008 0. 277.720 0. 0. -1. 0.
0.046 0.999 0. -252.993 0.999 -0.046 -0. 278.949 0. 0. -1. 0.
0.077 0.997 0. -252.786 0.997 -0.077 -0. 280.198 0. 0. -1. 0.
0.101 0.995 0. -252.643 0.995 -0.101 -0. 281.555 0. 0. -1. 0.
0.124 0.992 0. -252.466 0.992 -0.124 -0. 283.053 0. 0. -1. 0.
0.148 0.989 0. -252.184 0.989 -0.148 -0. 284.595 0. 0. -1. 0.
0.174 0.985 0. -251.821 0.985 -0.174 -0. 286.113 0. 0. -1. 0.
0.194 0.981 0. -251.468 0.981 -0.194 -0. 287.792 0. 0. -1. 0.
0.207 0.978 0. -251.098 0.978 -0.207 -0. 289.637 0. 0. -1. 0.
0.211 0.978 0. -250.629 0.978 -0.211 -0. 291.517 0. 0. -1. 0.
0.226 0.974 0. -250.245 0.974 -0.226 -0. 293.465 0. 0. -1. 0.
0.230 0.973 0. -249.679 0.973 -0.230 -0. 295.420 0. 0. -1. 0.
0.230 0.973 0. -249.049 0.973 -0.230 -0. 297.501 0. 0. -1. 0.
0.236 0.972 0. -248.491 0.972 -0.236 -0. 299.601 0. 0. -1. 0.
0.238 0.971 0. -247.916 0.971 -0.238 -0. 301.701 0. 0. -1. 0.
0.242 0.970 0. -247.405 0.970 -0.242 -0. 303.931 0. 0. -1. 0.
0.246 0.969 0. -246.788 0.969 -0.246 -0. 306.209 0. 0. -1. 0.
0.246 0.969 0. -246.119 0.969 -0.246 -0. 308.580 0. 0. -1. 0.
0.253 0.967 0. -245.478 0.967 -0.253 -0. 310.947 0. 0. -1. 0.
0.256 0.967 0. -244.697 0.967 -0.256 -0. 313.401 0. 0. -1. 0.
0.256 0.967 0. -243.948 0.967 -0.256 -0. 315.945 0. 0. -1. 0.
0.256 0.967 0. -243.245 0.967 -0.256 -0. 318.513 0. 0. -1. 0.
0.264 0.965 0. -242.584 0.965 -0.264 -0. 321.151 0. 0. -1. 0.
0.261 0.965 0. -241.798 0.965 -0.261 -0. 323.825 0. 0. -1. 0.
0.259 0.966 0. -240.979 0.966 -0.259 -0. 326.580 0. 0. -1. 0.
0.258 0.966 0. -240.194 0.966 -0.258 -0. 329.436 0. 0. -1. 0.
0.262 0.965 0. -239.312 0.965 -0.262 -0. 332.214 0. 0. -1. 0.
0.260 0.965 0. -238.405 0.965 -0.260 -0. 335.137 0. 0. -1. 0.
0.265 0.964 0. -237.612 0.964 -0.265 -0. 338.111 0. 0. -1. 0.
0.261 0.965 0. -236.694 0.965 -0.261 -0. 341.121 0. 0. -1. 0.
0.266 0.964 0. -235.879 0.964 -0.266 -0. 344.188 0. 0. -1. 0.
0.268 0.963 0. -234.974 0.963 -0.268 -0. 347.284 0. 0. -1. 0.
0.266 0.964 0. -234.074 0.964 -0.266 -0. 350.384 0. 0. -1. 0.
0.264 0.965 0. -233.155 0.965 -0.264 -0. 353.502 0. 0. -1. 0.
0.259 0.966 0. -232.234 0.966 -0.259 -0. 356.741 0. 0. -1. 0.
0.262 0.965 0. -231.285 0.965 -0.262 -0. 359.936 0. 0. -1. 0.
0.271 0.963 0. -230.282 0.963 -0.271 -0. 363.185 0. 0. -1. 0.
0.265 0.964 0. -229.329 0.964 -0.265 -0. 366.431 0. 0. -1. 0.
0.264 0.964 0. -228.342 0.964 -0.264 -0. 369.662 0. 0. -1. 0.
0.264 0.965 0. -227.356 0.965 -0.264 -0. 372.937 0. 0. -1. 0.
0.270 0.963 0. -226.514 0.963 -0.270 -0. 376.242 0. 0. -1. 0.
0.265 0.964 0. -225.546 0.964 -0.265 -0. 379.488 0. 0. -1. 0.
0.269 0.963 0. -224.613 0.963 -0.269 -0. 382.827 0. 0. -1. 0.
0.267 0.964 0. -223.619 0.964 -0.267 -0. 386.128 0. 0. -1. 0.
0.266 0.964 0. -222.581 0.964 -0.266 -0. 389.440 0. 0. -1. 0.
0.267 0.964 0. -221.628 0.964 -0.267 -0. 392.796 0. 0. -1. 0.
0.266 0.964 0. -220.573 0.964 -0.266 -0. 396.147 0. 0. -1. 0.
0.267 0.964 0. -219.676 0.964 -0.267 -0. 399.568 0. 0. -1. 0.
0.267 0.964 0. -218.640 0.964 -0.267 -0. 402.996 0. 0. -1. 0.
0.267 0.964 0. -217.598 0.964 -0.267 -0. 406.384 0. 0. -1. 0.
0.265 0.964 0. -216.597 0.964 -0.265 -0. 409.846 0. 0. -1. 0.
0.266 0.964 0. -215.688 0.964 -0.266 -0. 413.237 0. 0. -1. 0.
0.266 0.964 0. -214.665 0.964 -0.266 -0. 416.635 0. 0. -1. 0.
0.266 0.964 0. -213.722 0.964 -0.266 -0. 419.999 0. 0. -1. 0.
0.260 0.966 0. -212.677 0.966 -0.260 -0. 423.277 0. 0. -1. 0.
0.256 0.967 0. -211.830 0.967 -0.256 -0. 426.632 0. 0. -1. 0.
0.257 0.966 0. -210.778 0.966 -0.257 -0. 429.960 0. 0. -1. 0.
0.261 0.965 0. -209.802 0.965 -0.261 -0. 433.245 0. 0. -1. 0.
0.258 0.966 0. -208.820 0.966 -0.258 -0. 436.505 0. 0. -1. 0.
0.258 0.966 0. -207.938 0.966 -0.258 -0. 439.899 0. 0. -1. 0.
0.260 0.966 0. -207.005 0.966 -0.260 -0. 443.218 0. 0. -1. 0.
0.259 0.966 0. -205.991 0.966 -0.259 -0. 446.514 0. 0. -1. 0.
0.259 0.966 0. -205.041 0.966 -0.259 -0. 449.918 0. 0. -1. 0.
0.265 0.964 0. -203.887 0.964 -0.265 -0. 453.205 0. 0. -1. 0.
0.264 0.965 0. -203.000 0.965 -0.264 -0. 456.653 0. 0. -1. 0.
0.263 0.965 0. -202.132 0.965 -0.263 -0. 460.119 0. 0. -1. 0.
0.260 0.966 0. -201.072 0.966 -0.260 -0. 463.560 0. 0. -1. 0.
0.261 0.965 0. -200.049 0.965 -0.261 -0. 467.007 0. 0. -1. 0.
0.261 0.965 0. -199.054 0.965 -0.261 -0. 470.368 0. 0. -1. 0.
0.266 0.964 0. -198.018 0.964 -0.266 -0. 473.795 0. 0. -1. 0.
0.265 0.964 0. -197.020 0.964 -0.265 -0. 477.193 0. 0. -1. 0.
0.265 0.964 0. -196.079 0.964 -0.265 -0. 480.709 0. 0. -1. 0.
0.268 0.963 0. -195.100 0.963 -0.268 -0. 484.190 0. 0. -1. 0.
0.268 0.963 0. -194.140 0.963 -0.268 -0. 487.639 0. 0. -1. 0.
0.273 0.962 0. -192.997 0.962 -0.273 -0. 491.122 0. 0. -1. 0.
0.271 0.962 0. -191.939 0.962 -0.271 -0. 494.663 0. 0. -1. 0.
0.271 0.963 0. -190.888 0.963 -0.271 -0. 498.215 0. 0. -1. 0.
0.267 0.964 0. -189.741 0.964 -0.267 -0. 501.811 0. 0. -1. 0.
0.273 0.962 0. -188.678 0.962 -0.273 -0. 505.417 0. 0. -1. 0.
0.264 0.964 0. -187.476 0.964 -0.264 -0. 509.060 0. 0. -1. 0.
0.265 0.964 0. -186.505 0.964 -0.265 -0. 512.724 0. 0. -1. 0.
0.262 0.965 0. -185.315 0.965 -0.262 -0. 516.403 0. 0. -1. 0.
0.261 0.965 0. -184.293 0.965 -0.261 -0. 520.116 0. 0. -1. 0.
0.260 0.966 0. -183.270 0.966 -0.260 -0. 523.794 0. 0. -1. 0.
0.261 0.965 0. -182.285 0.965 -0.261 -0. 527.495 0. 0. -1. 0.
0.262 0.965 0. -181.286 0.965 -0.262 -0. 531.078 0. 0. -1. 0.
0.263 0.965 0. -180.179 0.965 -0.263 -0. 534.830 0. 0. -1. 0.
0.259 0.966 0. -179.048 0.966 -0.259 -0. 538.435 0. 0. -1. 0.
0.262 0.965 0. -178.079 0.965 -0.262 -0. 542.220 0. 0. -1. 0.
0.264 0.965 0. -176.943 0.965 -0.264 -0. 545.871 0. 0. -1. 0.
0.254 0.967 0. -175.982 0.967 -0.254 -0. 549.635 0. 0. -1. 0.
0.252 0.968 0. -175.006 0.968 -0.252 -0. 553.446 0. 0. -1. 0.
0.249 0.969 0. -173.852 0.969 -0.249 -0. 557.151 0. 0. -1. 0.
0.249 0.969 0. -172.901 0.969 -0.249 -0. 560.902 0. 0. -1. 0.
0.244 0.970 0. -171.840 0.970 -0.244 -0. 564.628 0. 0. -1. 0.
0.246 0.969 0. -170.898 0.969 -0.246 -0. 568.384 0. 0. -1. 0.
0.234 0.972 0. -169.886 0.972 -0.234 -0. 572.118 0. 0. -1. 0.
0.227 0.974 0. -168.899 0.974 -0.227 -0. 575.818 0. 0. -1. 0.
0.218 0.976 0. -168.063 0.976 -0.218 -0. 579.728 0. 0. -1. 0.
0.215 0.977 0. -167.097 0.977 -0.215 -0. 583.578 0. 0. -1. 0.
0.214 0.977 0. -166.208 0.977 -0.214 -0. 587.398 0. 0. -1. 0.
0.204 0.979 0. -165.331 0.979 -0.204 -0. 591.247 0. 0. -1. 0.
0.199 0.980 0. -164.457 0.980 -0.199 -0. 595.203 0. 0. -1. 0.
0.199 0.980 0. -163.739 0.980 -0.199 -0. 599.063 0. 0. -1. 0.
0.193 0.981 0. -162.954 0.981 -0.193 -0. 602.928 0. 0. -1. 0.
0.185 0.983 0. -162.200 0.983 -0.185 -0. 606.797 0. 0. -1. 0.
0.181 0.983 0. -161.391 0.983 -0.181 -0. 610.628 0. 0. -1. 0.
0.173 0.985 0. -160.556 0.985 -0.173 -0. 614.392 0. 0. -1. 0.
0.163 0.987 0. -160.026 0.987 -0.163 -0. 618.385 0. 0. -1. 0.
0.156 0.988 0. -159.178 0.988 -0.156 -0. 622.293 0. 0. -1. 0.
0.144 0.990 0. -158.538 0.990 -0.144 -0. 626.171 0. 0. -1. 0.
0.138 0.990 0. -157.903 0.990 -0.138 -0. 630.135 0. 0. -1. 0.
0.122 0.992 0. -157.415 0.992 -0.122 -0. 634.126 0. 0. -1. 0.
0.111 0.994 0. -156.783 0.994 -0.111 -0. 638.121 0. 0. -1. 0.
0.100 0.995 0. -156.146 0.995 -0.100 -0. 642.190 0. 0. -1. 0.
0.092 0.996 0. -155.712 0.996 -0.092 -0. 646.353 0. 0. -1. 0.
0.081 0.997 0. -155.322 0.997 -0.081 -0. 650.457 0. 0. -1. 0.
0.076 0.997 0. -154.839 0.997 -0.076 -0. 654.470 0. 0. -1. 0.
0.073 0.997 0. -154.601 0.997 -0.073 -0. 658.694 0. 0. -1. 0.
0.071 0.997 0. -154.303 0.997 -0.071 -0. 662.852 0. 0. -1. 0.
0.065 0.998 0. -153.786 0.998 -0.065 -0. 667.063 0. 0. -1. 0.
0.068 0.998 0. -153.566 0.998 -0.068 -0. 671.237 0. 0. -1. 0.
0.065 0.998 0. -153.247 0.998 -0.065 -0. 675.426 0. 0. -1. 0.
0.060 0.998 0. -152.972 0.998 -0.060 -0. 679.688 0. 0. -1. 0.
0.062 0.998 0. -152.549 0.998 -0.062 -0. 683.979 0. 0. -1. 0.
0.064 0.998 0. -152.205 0.998 -0.064 -0. 688.333 0. 0. -1. 0.
0.063 0.998 0. -151.872 0.998 -0.063 -0. 692.545 0. 0. -1. 0.
0.067 0.998 0. -151.480 0.998 -0.067 -0. 696.882 0. 0. -1. 0.
0.068 0.998 0. -151.151 0.998 -0.068 -0. 701.170 0. 0. -1. 0.
0.064 0.998 0. -150.670 0.998 -0.064 -0. 705.461 0. 0. -1. 0.
0.062 0.998 0. -150.396 0.998 -0.062 -0. 709.739 0. 0. -1. 0.
0.064 0.998 0. -149.931 0.998 -0.064 -0. 714.052 0. 0. -1. 0.
0.066 0.998 0. -149.546 0.998 -0.066 -0. 718.287 0. 0. -1. 0.
0.069 0.998 0. -149.259 0.998 -0.069 -0. 722.579 0. 0. -1. 0.
0.063 0.998 0. -148.788 0.998 -0.063 -0. 726.908 0. 0. -1. 0.
0.056 0.998 0. -148.521 0.998 -0.056 -0. 731.157 0. 0. -1. 0.
0.059 0.998 0. -148.161 0.998 -0.059 -0. 735.500 0. 0. -1. 0.
0.057 0.998 0. -147.816 0.998 -0.057 -0. 739.761 0. 0. -1. 0.
0.053 0.999 0. -147.447 0.999 -0.053 -0. 744.066 0. 0. -1. 0.
