1. 0. 0. 0. 0. 1. 0. 0. 0. 0. 1. 0.
1. -0. 0. -0. 0. 1. 0. 0.000 0. 0. 1. 0.
1. -0. 0. -0.000 0. 1. 0. 0.000 0. 0. 1. 0.
1. -0. 0. -0.000 0. 1. 0. 0.001 0. 0. 1. 0.
1. -0. 0. -0.001 0. 1. 0. 0.001 0. 0. 1. 0.
1. -0.000 0. -0.001 0.000 1. 0. 0.001 0. 0. 1. 0.
1. -0.000 0. -0.001 0.000 1. 0. 0.001 0. 0. 1. 0.
1. -0.000 0. -0.001 0.000 1. 0. 0.001 0. 0. 1. 0.
1. -0.000 0. -0.001 0.000 1. 0. 0.002 0. 0. 1. 0.
1. -0.000 0. -0.001 0.000 1. 0. 0.002 0. 0. 1. 0.
1. -0.000 0. -0.002 0.000 1. 0. 0.002 0. 0. 1. 0.
1. -0.000 0. -0.002 0.000 1. 0. 0.002 0. 0. 1. 0.
1. -0.000 0. -0.002 0.000 1. 0. 0.002 0. 0. 1. 0.
1. -0.000 0. -0.002 0.000 1. 0. 0.003 0. 0. 1. 0.
1. -0.000 0. -0.002 0.000 1. 0. 0.003 0. 0. 1. 0.
1. -0.000 0. -0.003 0.000 1. 0. 0.003 0. 0. 1. 0.
1. -0.000 0. -0.003 0.000 1. 0. 0.003 0. 0. 1. 0.
1. -0.000 0. -0.003 0.000 1. 0. 0.003 0. 0. 1. 0.
1. -0.000 0. -0.003 0.000 1. 0. 0.003 0. 0. 1. 0.
1. -0.000 0. -0.003 0.000 1. 0. 0.004 0. 0. 1. 0.
1. -0.000 0. -0.003 0.000 1. 0. 0.004 0. 0. 1. 0.
1. -0.000 0. -0.004 0.000 1. 0. 0.004 0. 0. 1. 0.
1. -0.000 0. -0.004 0.000 1. 0. 0.004 0. 0. 1. 0.
1. -0.001 0. -0.004 0.001 1. 0. 0.004 0. 0. 1. 0.
1. -0.001 0. -0.004 0.001 1. 0. 0.004 0. 0. 1. 0.
1. -0.001 0. -0.004 0.001 1. 0. 0.005 0. 0. 1. 0.
1. -0.001 0. -0.005 0.001 1. 0. 0.005 0. 0. 1. 0.
1. -0.001 0. -0.005 0.001 1. 0. 0.005 0. 0. 1. 0.
1. -0.001 0. -0.005 0.001 1. 0. 0.005 0. 0. 1. 0.
1. -0.001 0. -0.006 0.001 1. 0. 0.005 0. 0. 1. 0.
1. -0.001 0. -0.006 0.001 1. 0. 0.005 0. 0. 1. 0.
1. -0.001 0. -0.006 0.001 1. 0. 0.005 0. 0. 1. 0.
1. -0.001 0. -0.006 0.001 1. 0. 0.006 0. 0. 1. 0.
1. -0.001 0. -0.006 0.001 1. 0. 0.006 0. 0. 1. 0.
1. -0.001 0. -0.006 0.001 1. 0. 0.006 0. 0. 1. 0.
1. -0.001 0. -0.007 0.001 1. 0. 0.006 0. 0. 1. 0.
1. -0.001 0. -0.007 0.001 1. 0. 0.006 0. 0. 1. 0.
1. -0.001 0. -0.008 0.001 1. 0. 0.006 0. 0. 1. 0.
1. -0.001 0. -0.008 0.001 1. 0. 0.006 0. 0. 1. 0.
1. -0.001 0. -0.008 0.001 1. 0. 0.006 0. 0. 1. 0.
1. -0.001 0. -0.008 0.001 1. 0. 0.006 0. 0. 1. 0.
1. -0.001 0. -0.009 0.001 1. 0. 0.007 0. 0. 1. 0.
1. -0.001 0. -0.009 0.001 1. 0. 0.007 0. 0. 1. 0.
1. -0.001 0. -0.009 0.001 1. 0. 0.007 0. 0. 1. 0.
1. -0.001 0. -0.009 0.001 1. 0. 0.007 0. 0. 1. 0.
1. -0.001 0. -0.010 0.001 1. 0. 0.007 0. 0. 1. 0.
1. -0.001 0. -0.010 0.001 1. 0. 0.007 0. 0. 1. 0.
1. -0.001 0. -0.010 0.001 1. 0. 0.007 0. 0. 1. 0.
1. -0.001 0. -0.010 0.001 1. 0. 0.008 0. 0. 1. 0.
1. -0.001 0. -0.010 0.001 1. 0. 0.008 0. 0. 1. 0.
1. -0.001 0. -0.010 0.001 1. 0. 0.008 0. 0. 1. 0.
1. -0.001 0. -0.010 0.001 1. 0. 0.008 0. 0. 1. 0.
1. -0.001 0. -0.011 0.001 1. 0. 0.008 0. 0. 1. 0.
1. -0.001 0. -0.010 0.001 1. 0. 0.008 0. 0. 1. 0.
1. -0.001 0. -0.010 0.001 1. 0. 0.008 0. 0. 1. 0.
1. -0.001 0. -0.011 0.001 1. 0. 0.008 0. 0. 1. 0.
1. -0.001 0. -0.011 0.001 1. 0. 0.008 0. 0. 1. 0.
1. -0.002 0. -0.011 0.002 1. 0. 0.008 0. 0. 1. 0.
1. -0.002 0. -0.011 0.002 1. 0. 0.008 0. 0. 1. 0.
1. -0.002 0. -0.011 0.002 1. 0. 0.009 0. 0. 1. 0.
1. -0.002 0. -0.011 0.002 1. 0. 0.009 0. 0. 1. 0.
1. -0.002 0. -0.012 0.002 1. 0. 0.009 0. 0. 1. 0.
1. -0.002 0. -0.012 0.002 1. 0. 0.009 0. 0. 1. 0.
1. -0.002 0. -0.012 0.002 1. 0. 0.009 0. 0. 1. 0.
1. -0.002 0. -0.012 0.002 1. 0. 0.009 0. 0. 1. 0.
1. -0.002 0. -0.012 0.002 1. 0. 0.009 0. 0. 1. 0.
1. -0.002 0. -0.012 0.002 1. 0. 0.009 0. 0. 1. 0.
1. -0.002 0. -0.012 0.002 1. 0. 0.009 0. 0. 1. 0.
1. -0.002 0. -0.013 0.002 1. 0. 0.009 0. 0. 1. 0.
1. -0.002 0. -0.013 0.002 1. 0. 0.010 0. 0. 1. 0.
1. -0.002 0. -0.009 0.002 1. 0. 0.010 0. 0. 1. 0.
1. -0.003 0. 0.011 0.003 1. 0. 0.008 0. 0. 1. 0.
1. -0.004 0. 0.040 0.004 1. 0. 0.008 0. 0. 1. 0.
1. -0.006 0. 0.118 0.006 1. 0. 0.010 0. 0. 1. 0.
1. -0.009 0. 0.243 0.009 1. 0. 0.013 0. 0. 1. 0.
1.000 -0.016 0. 0.388 0.016 1.000 0. 0.017 0. 0. 1. 0.
1.000 -0.027 0. 0.656 0.027 1.000 0. 0.029 0. 0. 1. 0.
0.999 -0.041 0. 1.017 0.041 0.999 0. 0.051 0. 0. 1. 0.
0.998 -0.059 0. 1.481 0.059 0.998 0. 0.088 0. 0. 1. 0.
0.997 -0.081 0. 2.066 0.081 0.997 0. 0.142 0. 0. 1. 0.
0.995 -0.103 0. 2.765 0.103 0.995 0. 0.223 0. 0. 1. 0.
0.993 -0.119 0. 3.575 0.119 0.993 0. 0.322 0. 0. 1. 0.
0.992 -0.123 0. 4.524 0.123 0.992 0. 0.435 0. 0. 1. 0.
0.993 -0.120 0. 5.603 0.120 0.993 0. 0.554 0. 0. 1. 0.
0.993 -0.119 0. 6.812 0.119 0.993 0. 0.696 0. 0. 1. 0.
0.993 -0.121 0. 8.153 0.121 0.993 0. 0.839 0. 0. 1. 0.
0.993 -0.116 0. 9.613 0.116 0.993 0. 1.005 0. 0. 1. 0.
0.994 -0.111 0. 11.187 0.111 0.994 0. 1.172 0. 0. 1. 0.
0.994 -0.109 0. 12.783 0.109 0.994 0. 1.334 0. 0. 1. 0.
0.994 -0.108 0. 14.243 0.108 0.994 0. 1.474 0. 0. 1. 0.
0.995 -0.105 0. 16.086 0.105 0.995 0. 1.652 0. 0. 1. 0.
0.995 -0.103 0. 17.993 0.103 0.995 0. 1.831 0. 0. 1. 0.
0.995 -0.099 0. 19.933 0.099 0.995 0. 2.006 0. 0. 1. 0.
0.995 -0.097 0. 21.910 0.097 0.995 0. 2.181 0. 0. 1. 0.
0.996 -0.093 0. 23.945 0.093 0.996 0. 2.359 0. 0. 1. 0.
0.996 -0.089 0. 25.994 0.089 0.996 0. 2.529 0. 0. 1. 0.
0.996 -0.086 0. 28.111 0.086 0.996 0. 2.699 0. 0. 1. 0.
0.997 -0.083 0. 30.254 0.083 0.997 0. 2.867 0. 0. 1. 0.
0.997 -0.079 0. 32.397 0.079 0.997 0. 3.019 0. 0. 1. 0.
0.997 -0.077 0. 34.620 0.077 0.997 0. 3.179 0. 0. 1. 0.
0.997 -0.075 0. 36.884 0.075 0.997 0. 3.332 0. 0. 1. 0.
0.997 -0.074 0. 39.143 0.074 0.997 0. 3.487 0. 0. 1. 0.
0.997 -0.072 0. 41.418 0.072 0.997 0. 3.643 0. 0. 1. 0.
0.998 -0.070 0. 43.722 0.070 0.998 0. 3.795 0. 0. 1. 0.
0.997 -0.071 0. 45.999 0.071 0.997 0. 3.939 0. 0. 1. 0.
0.997 -0.071 0. 48.311 0.071 0.997 0. 4.096 0. 0. 1. 0.
0.997 -0.071 0. 50.619 0.071 0.997 0. 4.254 0. 0. 1. 0.
0.998 -0.070 0. 52.923 0.070 0.998 0. 4.408 0. 0. 1. 0.
0.998 -0.068 0. 55.247 0.068 0.998 0. 4.557 0. 0. 1. 0.
0.998 -0.066 0. 57.561 0.066 0.998 0. 4.700 0. 0. 1. 0.
0.998 -0.063 0. 59.869 0.063 0.998 0. 4.838 0. 0. 1. 0.
0.998 -0.062 0. 62.203 0.062 0.998 0. 4.970 0. 0. 1. 0.
0.998 -0.058 0. 64.507 0.058 0.998 0. 5.094 0. 0. 1. 0.
0.998 -0.056 0. 66.814 0.056 0.998 0. 5.211 0. 0. 1. 0.
0.999 -0.052 0. 69.118 0.052 0.999 0. 5.320 0. 0. 1. 0.
0.999 -0.049 0. 71.406 0.049 0.999 0. 5.424 0. 0. 1. 0.
0.999 -0.048 0. 73.713 0.048 0.999 0. 5.522 0. 0. 1. 0.
0.999 -0.047 0. 76.022 0.047 0.999 0. 5.626 0. 0. 1. 0.
0.999 -0.047 0. 78.344 0.047 0.999 0. 5.729 0. 0. 1. 0.
0.999 -0.049 0. 80.674 0.049 0.999 0. 5.830 0. 0. 1. 0.
0.999 -0.053 0. 83.015 0.053 0.999 0. 5.944 0. 0. 1. 0.
0.998 -0.057 0. 85.379 0.057 0.998 0. 6.072 0. 0. 1. 0.
0.998 -0.064 0. 87.774 0.064 0.998 0. 6.210 0. 0. 1. 0.
0.998 -0.069 0. 90.153 0.069 0.998 0. 6.365 0. 0. 1. 0.
0.997 -0.076 0. 92.531 0.076 0.997 0. 6.532 0. 0. 1. 0.
0.997 -0.081 0. 94.947 0.081 0.997 0. 6.716 0. 0. 1. 0.
0.997 -0.083 0. 97.398 0.083 0.997 0. 6.916 0. 0. 1. 0.
0.997 -0.083 0. 99.625 0.083 0.997 0. 7.097 0. 0. 1. 0.
0.996 -0.084 0. 101.708 0.084 0.996 0. 7.264 0. 0. 1. 0.
0.996 -0.084 0. 104.204 0.084 0.996 0. 7.470 0. 0. 1. 0.
0.996 -0.085 0. 106.747 0.085 0.996 0. 7.676 0. 0. 1. 0.
0.996 -0.085 0. 109.281 0.085 0.996 0. 7.883 0. 0. 1. 0.
0.996 -0.086 0. 111.799 0.086 0.996 0. 8.094 0. 0. 1. 0.
0.996 -0.087 0. 114.305 0.087 0.996 0. 8.311 0. 0. 1. 0.
0.996 -0.086 0. 116.808 0.086 0.996 0. 8.522 0. 0. 1. 0.
0.996 -0.087 0. 119.337 0.087 0.996 0. 8.733 0. 0. 1. 0.
0.996 -0.087 0. 121.858 0.087 0.996 0. 8.952 0. 0. 1. 0.
0.996 -0.088 0. 124.396 0.088 0.996 0. 9.170 0. 0. 1. 0.
0.996 -0.088 0. 126.951 0.088 0.996 0. 9.391 0. 0. 1. 0.
0.996 -0.086 0. 129.541 0.086 0.996 0. 9.616 0. 0. 1. 0.
0.996 -0.086 0. 132.119 0.086 0.996 0. 9.838 0. 0. 1. 0.
0.996 -0.085 0. 134.715 0.085 0.996 0. 10.063 0. 0. 1. 0.
0.996 -0.086 0. 137.338 0.086 0.996 0. 10.284 0. 0. 1. 0.
0.996 -0.086 0. 139.949 0.086 0.996 0. 10.505 0. 0. 1. 0.
0.996 -0.086 0. 142.545 0.086 0.996 0. 10.727 0. 0. 1. 0.
0.996 -0.087 0. 145.150 0.087 0.996 0. 10.953 0. 0. 1. 0.
0.996 -0.088 0. 147.766 0.088 0.996 0. 11.165 0. 0. 1. 0.
0.996 -0.089 0. 150.354 0.089 0.996 0. 11.391 0. 0. 1. 0.
0.996 -0.090 0. 152.921 0.090 0.996 0. 11.612 0. 0. 1. 0.
0.996 -0.090 0. 155.482 0.090 0.996 0. 11.838 0. 0. 1. 0.
0.996 -0.090 0. 158.037 0.090 0.996 0. 12.066 0. 0. 1. 0.
0.996 -0.089 0. 160.563 0.089 0.996 0. 12.284 0. 0. 1. 0.
0.996 -0.090 0. 163.053 0.090 0.996 0. 12.496 0. 0. 1. 0.
0.996 -0.089 0. 165.523 0.089 0.996 0. 12.706 0. 0. 1. 0.
0.996 -0.090 0. 167.973 0.090 0.996 0. 12.907 0. 0. 1. 0.
0.996 -0.091 0. 170.434 0.091 0.996 0. 13.111 0. 0. 1. 0.
0.996 -0.092 0. 172.895 0.092 0.996 0. 13.329 0. 0. 1. 0.
0.996 -0.094 0. 175.359 0.094 0.996 0. 13.552 0. 0. 1. 0.
0.995 -0.097 0. 177.831 0.097 0.995 0. 13.780 0. 0. 1. 0.
0.995 -0.101 0. 180.323 0.101 0.995 0. 14.010 0. 0. 1. 0.
0.995 -0.103 0. 182.801 0.103 0.995 0. 14.250 0. 0. 1. 0.
0.994 -0.106 0. 185.266 0.106 0.994 0. 14.500 0. 0. 1. 0.
0.994 -0.109 0. 187.721 0.109 0.994 0. 14.756 0. 0. 1. 0.
0.994 -0.110 0. 190.185 0.110 0.994 0. 15.016 0. 0. 1. 0.
0.994 -0.110 0. 192.649 0.110 0.994 0. 15.279 0. 0. 1. 0.
0.994 -0.109 0. 195.086 0.109 0.994 0. 15.536 0. 0. 1. 0.
0.994 -0.107 0. 197.520 0.107 0.994 0. 15.793 0. 0. 1. 0.
0.994 -0.106 0. 199.925 0.106 0.994 0. 16.044 0. 0. 1. 0.
0.995 -0.103 0. 202.314 0.103 0.995 0. 16.293 0. 0. 1. 0.
0.995 -0.098 0. 204.695 0.098 0.995 0. 16.531 0. 0. 1. 0.
0.996 -0.092 0. 207.050 0.092 0.996 0. 16.754 0. 0. 1. 0.
0.996 -0.090 0. 209.393 0.090 0.996 0. 16.968 0. 0. 1. 0.
0.996 -0.090 0. 211.732 0.090 0.996 0. 17.175 0. 0. 1. 0.
0.996 -0.093 0. 214.038 0.093 0.996 0. 17.386 0. 0. 1. 0.
0.995 -0.100 0. 216.339 0.100 0.995 0. 17.614 0. 0. 1. 0.
0.994 -0.111 0. 218.646 0.111 0.994 0. 17.861 0. 0. 1. 0.
0.992 -0.123 0. 220.951 0.123 0.992 0. 18.138 0. 0. 1. 0.
0.991 -0.135 0. 223.246 0.135 0.991 0. 18.440 0. 0. 1. 0.
0.989 -0.147 0. 225.539 0.147 0.989 0. 18.767 0. 0. 1. 0.
0.987 -0.158 0. 227.841 0.158 0.987 0. 19.119 0. 0. 1. 0.
0.986 -0.165 0. 230.149 0.165 0.986 0. 19.495 0. 0. 1. 0.
0.985 -0.170 0. 232.460 0.170 0.985 0. 19.883 0. 0. 1. 0.
0.984 -0.176 0. 234.774 0.176 0.984 0. 20.284 0. 0. 1. 0.
0.984 -0.180 0. 237.089 0.180 0.984 0. 20.698 0. 0. 1. 0.
0.983 -0.184 0. 239.417 0.184 0.983 0. 21.123 0. 0. 1. 0.
0.982 -0.187 0. 241.761 0.187 0.982 0. 21.554 0. 0. 1. 0.
0.982 -0.190 0. 244.112 0.190 0.982 0. 21.994 0. 0. 1. 0.
0.981 -0.192 0. 246.457 0.192 0.981 0. 22.445 0. 0. 1. 0.
0.981 -0.194 0. 248.806 0.194 0.981 0. 22.901 0. 0. 1. 0.
0.981 -0.196 0. 251.143 0.196 0.981 0. 23.357 0. 0. 1. 0.
0.981 -0.196 0. 253.468 0.196 0.981 0. 23.815 0. 0. 1. 0.
0.980 -0.199 0. 255.793 0.199 0.980 0. 24.273 0. 0. 1. 0.
0.980 -0.201 0. 258.112 0.201 0.980 0. 24.735 0. 0. 1. 0.
0.979 -0.204 0. 260.434 0.204 0.979 0. 25.203 0. 0. 1. 0.
0.978 -0.207 0. 262.790 0.207 0.978 0. 25.688 0. 0. 1. 0.
0.977 -0.212 0. 265.150 0.212 0.977 0. 26.183 0. 0. 1. 0.
0.976 -0.217 0. 267.509 0.217 0.976 0. 26.688 0. 0. 1. 0.
0.975 -0.222 0. 269.856 0.222 0.975 0. 27.207 0. 0. 1. 0.
0.974 -0.226 0. 272.198 0.226 0.974 0. 27.741 0. 0. 1. 0.
0.973 -0.230 0. 274.536 0.230 0.973 0. 28.282 0. 0. 1. 0.
0.972 -0.234 0. 276.880 0.234 0.972 0. 28.832 0. 0. 1. 0.
0.971 -0.238 0. 279.222 0.238 0.971 0. 29.392 0. 0. 1. 0.
0.970 -0.242 0. 281.572 0.242 0.970 0. 29.963 0. 0. 1. 0.
0.970 -0.245 0. 283.919 0.245 0.970 0. 30.544 0. 0. 1. 0.
0.971 -0.241 0. 286.260 0.241 0.971 0. 31.121 0. 0. 1. 0.
0.973 -0.232 0. 288.630 0.232 0.973 0. 31.681 0. 0. 1. 0.
0.975 -0.221 0. 291.010 0.221 0.975 0. 32.214 0. 0. 1. 0.
0.977 -0.213 0. 293.393 0.213 0.977 0. 32.719 0. 0. 1. 0.
0.979 -0.204 0. 295.765 0.204 0.979 0. 33.209 0. 0. 1. 0.
0.981 -0.196 0. 298.146 0.196 0.981 0. 33.675 0. 0. 1. 0.
0.982 -0.189 0. 300.533 0.189 0.982 0. 34.130 0. 0. 1. 0.
0.983 -0.182 0. 302.923 0.182 0.983 0. 34.575 0. 0. 1. 0.
0.984 -0.177 0. 305.338 0.177 0.984 0. 35.001 0. 0. 1. 0.
0.985 -0.173 0. 307.729 0.173 0.985 0. 35.411 0. 0. 1. 0.
0.985 -0.170 0. 310.139 0.170 0.985 0. 35.821 0. 0. 1. 0.
0.986 -0.168 0. 312.586 0.168 0.986 0. 36.231 0. 0. 1. 0.
0.986 -0.166 0. 315.062 0.166 0.986 0. 36.637 0. 0. 1. 0.
0.987 -0.163 0. 317.577 0.163 0.987 0. 37.050 0. 0. 1. 0.
0.987 -0.160 0. 320.124 0.160 0.987 0. 37.453 0. 0. 1. 0.
0.988 -0.155 0. 322.651 0.155 0.988 0. 37.847 0. 0. 1. 0.
0.989 -0.150 0. 325.165 0.150 0.989 0. 38.229 0. 0. 1. 0.
0.990 -0.144 0. 327.655 0.144 0.990 0. 38.586 0. 0. 1. 0.
0.990 -0.138 0. 330.120 0.138 0.990 0. 38.914 0. 0. 1. 0.
0.991 -0.133 0. 332.582 0.133 0.991 0. 39.233 0. 0. 1. 0.
0.992 -0.125 0. 335.041 0.125 0.992 0. 39.539 0. 0. 1. 0.
0.993 -0.118 0. 337.494 0.118 0.993 0. 39.827 0. 0. 1. 0.
0.994 -0.111 0. 339.935 0.111 0.994 0. 40.094 0. 0. 1. 0.
0.995 -0.104 0. 342.398 0.104 0.995 0. 40.350 0. 0. 1. 0.
0.995 -0.098 0. 344.850 0.098 0.995 0. 40.585 0. 0. 1. 0.
0.996 -0.092 0. 347.292 0.092 0.996 0. 40.804 0. 0. 1. 0.
0.996 -0.086 0. 349.726 0.086 0.996 0. 41.004 0. 0. 1. 0.
0.997 -0.079 0. 352.155 0.079 0.997 0. 41.195 0. 0. 1. 0.
0.997 -0.071 0. 354.604 0.071 0.997 0. 41.369 0. 0. 1. 0.
0.998 -0.064 0. 357.035 0.064 0.998 0. 41.521 0. 0. 1. 0.
0.998 -0.057 0. 359.469 0.057 0.998 0. 41.659 0. 0. 1. 0.
0.999 -0.050 0. 361.911 0.050 0.999 0. 41.772 0. 0. 1. 0.
0.999 -0.045 0. 364.363 0.045 0.999 0. 41.873 0. 0. 1. 0.
0.999 -0.040 0. 366.852 0.040 0.999 0. 41.968 0. 0. 1. 0.
0.999 -0.036 0. 369.327 0.036 0.999 0. 42.052 0. 0. 1. 0.
0.999 -0.034 0. 371.822 0.034 0.999 0. 42.124 0. 0. 1. 0.
1.000 -0.031 0. 374.303 0.031 1.000 0. 42.198 0. 0. 1. 0.
1.000 -0.030 0. 376.803 0.030 1.000 0. 42.263 0. 0. 1. 0.
1.000 -0.030 0. 379.310 0.030 1.000 0. 42.323 0. 0. 1. 0.
1.000 -0.029 0. 381.808 0.029 1.000 0. 42.387 0. 0. 1. 0.
1.000 -0.030 0. 384.282 0.030 1.000 0. 42.452 0. 0. 1. 0.
1.000 -0.031 0. 386.745 0.031 1.000 0. 42.517 0. 0. 1. 0.
1.000 -0.031 0. 389.213 0.031 1.000 0. 42.588 0. 0. 1. 0.
0.999 -0.034 0. 391.682 0.034 0.999 0. 42.658 0. 0. 1. 0.
0.999 -0.037 0. 394.149 0.037 0.999 0. 42.734 0. 0. 1. 0.
0.999 -0.040 0. 396.643 0.040 0.999 0. 42.825 0. 0. 1. 0.
0.999 -0.046 0. 399.148 0.046 0.999 0. 42.926 0. 0. 1. 0.
0.999 -0.052 0. 401.667 0.052 0.999 0. 43.043 0. 0. 1. 0.
0.998 -0.057 0. 404.173 0.057 0.998 0. 43.173 0. 0. 1. 0.
0.998 -0.064 0. 406.680 0.064 0.998 0. 43.315 0. 0. 1. 0.
0.998 -0.070 0. 409.208 0.070 0.998 0. 43.476 0. 0. 1. 0.
0.997 -0.076 0. 411.770 0.076 0.997 0. 43.649 0. 0. 1. 0.
0.997 -0.083 0. 414.324 0.083 0.997 0. 43.838 0. 0. 1. 0.
0.996 -0.090 0. 416.923 0.090 0.996 0. 44.045 0. 0. 1. 0.
0.995 -0.096 0. 419.510 0.096 0.995 0. 44.269 0. 0. 1. 0.
0.995 -0.100 0. 422.107 0.100 0.995 0. 44.508 0. 0. 1. 0.
0.995 -0.103 0. 424.712 0.103 0.995 0. 44.755 0. 0. 1. 0.
0.995 -0.105 0. 427.296 0.105 0.995 0. 45.011 0. 0. 1. 0.
0.994 -0.106 0. 429.900 0.106 0.994 0. 45.266 0. 0. 1. 0.
0.994 -0.106 0. 432.472 0.106 0.994 0. 45.522 0. 0. 1. 0.
0.994 -0.107 0. 435.019 0.107 0.994 0. 45.780 0. 0. 1. 0.
0.994 -0.107 0. 437.500 0.107 0.994 0. 46.025 0. 0. 1. 0.
0.994 -0.107 0. 439.932 0.107 0.994 0. 46.269 0. 0. 1. 0.
0.994 -0.107 0. 442.303 0.107 0.994 0. 46.500 0. 0. 1. 0.
0.994 -0.108 0. 444.651 0.108 0.994 0. 46.740 0. 0. 1. 0.
0.994 -0.108 0. 446.947 0.108 0.994 0. 46.971 0. 0. 1. 0.
0.994 -0.108 0. 449.157 0.108 0.994 0. 47.193 0. 0. 1. 0.
0.994 -0.105 0. 451.269 0.105 0.994 0. 47.405 0. 0. 1. 0.
0.995 -0.102 0. 453.306 0.102 0.995 0. 47.600 0. 0. 1. 0.
0.995 -0.097 0. 455.236 0.097 0.995 0. 47.774 0. 0. 1. 0.
0.996 -0.088 0. 457.058 0.088 0.996 0. 47.922 0. 0. 1. 0.
0.997 -0.078 0. 458.801 0.078 0.997 0. 48.048 0. 0. 1. 0.
0.998 -0.060 0. 460.484 0.060 0.998 0. 48.143 0. 0. 1. 0.
1.000 -0.032 0. 462.078 0.032 1.000 0. 48.187 0. 0. 1. 0.
1. 0.012 0. 463.597 -0.012 1. -0. 48.161 -0. 0. 1. 0.
0.998 0.060 0. 465.017 -0.060 0.998 -0. 48.062 -0. 0. 1. 0.
0.994 0.114 0. 466.366 -0.114 0.994 -0. 47.900 -0. 0. 1. 0.
0.984 0.179 0. 467.618 -0.179 0.984 -0. 47.664 -0. 0. 1. 0.
0.968 0.250 0. 468.801 -0.250 0.968 -0. 47.349 -0. 0. 1. 0.
0.943 0.332 0. 469.895 -0.332 0.943 -0. 46.948 -0. 0. 1. 0.
0.908 0.420 0. 470.898 -0.420 0.908 -0. 46.456 -0. 0. 1. 0.
0.860 0.511 0. 471.820 -0.511 0.860 -0. 45.881 -0. 0. 1. 0.
0.798 0.603 0. 472.636 -0.603 0.798 -0. 45.224 -0. 0. 1. 0.
0.719 0.695 0. 473.333 -0.695 0.719 -0. 44.496 -0. 0. 1. 0.
0.627 0.779 0. 473.917 -0.779 0.627 -0. 43.704 -0. 0. 1. 0.
0.519 0.855 0. 474.380 -0.855 0.519 -0. 42.854 -0. 0. 1. 0.
0.401 0.916 0. 474.722 -0.916 0.401 -0. 41.949 -0. 0. 1. 0.
0.271 0.963 0. 474.941 -0.963 0.271 -0. 41.011 -0. 0. 1. 0.
0.129 0.992 0. 475.022 -0.992 0.129 -0. 40.033 -0. 0. 1. 0.
-0.018 1.000 0. 474.957 -1.000 -0.018 -0. 39.031 -0. 0. 1. 0.
-0.167 0.986 0. 474.731 -0.986 -0.167 -0. 38.030 -0. 0. 1. 0.
-0.313 0.950 0. 474.364 -0.950 -0.313 -0. 37.039 -0. 0. 1. 0.
-0.447 0.895 0. 473.832 -0.895 -0.447 -0. 36.078 -0. 0. 1. 0.
-0.560 0.828 0. 473.157 -0.828 -0.560 -0. 35.147 -0. 0. 1. 0.
-0.661 0.750 0. 472.346 -0.750 -0.661 0. 34.259 0. 0. 1. 0.
-0.749 0.663 0. 471.375 -0.663 -0.749 0. 33.442 0. 0. 1. 0.
-0.809 0.588 0. 470.271 -0.588 -0.809 0. 32.667 0. 0. 1. 0.
-0.845 0.535 0. 469.062 -0.535 -0.845 0. 31.916 0. 0. 1. 0.
-0.863 0.505 0. 467.770 -0.505 -0.863 0. 31.170 0. 0. 1. 0.
-0.868 0.497 0. 466.413 -0.497 -0.868 0. 30.407 0. 0. 1. 0.
-0.870 0.493 0. 465.002 -0.493 -0.870 0. 29.614 0. 0. 1. 0.
-0.870 0.493 0. 463.517 -0.493 -0.870 0. 28.780 0. 0. 1. 0.
-0.870 0.493 0. 461.961 -0.493 -0.870 0. 27.909 0. 0. 1. 0.
-0.871 0.492 0. 460.341 -0.492 -0.871 0. 26.999 0. 0. 1. 0.
-0.871 0.490 0. 458.655 -0.490 -0.871 0. 26.057 0. 0. 1. 0.
-0.871 0.490 0. 456.886 -0.490 -0.871 0. 25.079 0. 0. 1. 0.
-0.872 0.490 0. 455.061 -0.490 -0.872 0. 24.065 0. 0. 1. 0.
-0.873 0.488 0. 453.175 -0.488 -0.873 0. 23.014 0. 0. 1. 0.
-0.873 0.488 0. 451.215 -0.488 -0.873 0. 21.937 0. 0. 1. 0.
-0.873 0.487 0. 449.215 -0.487 -0.873 0. 20.840 0. 0. 1. 0.
-0.874 0.486 0. 447.169 -0.486 -0.874 0. 19.720 0. 0. 1. 0.
-0.875 0.484 0. 445.077 -0.484 -0.875 0. 18.574 0. 0. 1. 0.
-0.876 0.483 0. 442.936 -0.483 -0.876 0. 17.413 0. 0. 1. 0.
-0.877 0.481 0. 440.756 -0.481 -0.877 0. 16.228 0. 0. 1. 0.
-0.879 0.476 0. 438.537 -0.476 -0.879 0. 15.031 0. 0. 1. 0.
-0.881 0.473 0. 436.256 -0.473 -0.881 0. 13.823 0. 0. 1. 0.
-0.883 0.469 0. 433.938 -0.469 -0.883 0. 12.601 0. 0. 1. 0.
-0.885 0.465 0. 431.594 -0.465 -0.885 0. 11.373 0. 0. 1. 0.
-0.886 0.463 0. 429.247 -0.463 -0.886 0. 10.163 0. 0. 1. 0.
-0.887 0.462 0. 426.915 -0.462 -0.887 0. 8.960 0. 0. 1. 0.
-0.887 0.462 0. 424.574 -0.462 -0.887 0. 7.753 0. 0. 1. 0.
-0.888 0.460 0. 422.210 -0.460 -0.888 0. 6.546 0. 0. 1. 0.
-0.889 0.459 0. 419.849 -0.459 -0.889 0. 5.341 0. 0. 1. 0.
-0.890 0.457 0. 417.492 -0.457 -0.890 0. 4.136 0. 0. 1. 0.
-0.890 0.455 0. 415.144 -0.455 -0.890 0. 2.944 0. 0. 1. 0.
-0.891 0.453 0. 412.785 -0.453 -0.891 0. 1.749 0. 0. 1. 0.
-0.892 0.452 0. 410.415 -0.452 -0.892 0. 0.553 0. 0. 1. 0.
-0.893 0.451 0. 408.029 -0.451 -0.893 0. -0.644 0. 0. 1. 0.
-0.892 0.452 0. 405.638 -0.452 -0.892 0. -1.846 0. 0. 1. 0.
-0.893 0.451 0. 403.274 -0.451 -0.893 0. -3.037 0. 0. 1. 0.
-0.893 0.451 0. 400.902 -0.451 -0.893 0. -4.226 0. 0. 1. 0.
-0.893 0.450 0. 398.526 -0.450 -0.893 0. -5.416 0. 0. 1. 0.
-0.894 0.449 0. 396.156 -0.449 -0.894 0. -6.598 0. 0. 1. 0.
-0.894 0.448 0. 393.782 -0.448 -0.894 0. -7.781 0. 0. 1. 0.
-0.895 0.446 0. 391.387 -0.446 -0.895 0. -8.964 0. 0. 1. 0.
-0.896 0.444 0. 389.007 -0.444 -0.896 0. -10.142 0. 0. 1. 0.
-0.897 0.442 0. 386.645 -0.442 -0.897 0. -11.296 0. 0. 1. 0.
-0.899 0.439 0. 384.311 -0.439 -0.899 0. -12.428 0. 0. 1. 0.
-0.901 0.434 0. 381.976 -0.434 -0.901 0. -13.543 0. 0. 1. 0.
-0.904 0.427 0. 379.640 -0.427 -0.904 0. -14.638 0. 0. 1. 0.
-0.908 0.420 0. 377.307 -0.420 -0.908 0. -15.707 0. 0. 1. 0.
-0.911 0.413 0. 374.968 -0.413 -0.911 0. -16.761 0. 0. 1. 0.
-0.914 0.405 0. 372.608 -0.405 -0.914 0. -17.803 0. 0. 1. 0.
-0.918 0.397 0. 370.227 -0.397 -0.918 0. -18.830 0. 0. 1. 0.
-0.921 0.390 0. 367.836 -0.390 -0.921 0. -19.839 0. 0. 1. 0.
-0.924 0.383 0. 365.432 -0.383 -0.924 0. -20.828 0. 0. 1. 0.
-0.928 0.374 0. 363.004 -0.374 -0.928 0. -21.803 0. 0. 1. 0.
-0.931 0.365 0. 360.558 -0.365 -0.931 0. -22.752 0. 0. 1. 0.
-0.935 0.356 0. 358.135 -0.356 -0.935 0. -23.670 0. 0. 1. 0.
-0.937 0.348 0. 355.716 -0.348 -0.937 0. -24.562 0. 0. 1. 0.
-0.940 0.342 0. 353.272 -0.342 -0.940 0. -25.437 0. 0. 1. 0.
-0.940 0.341 0. 350.843 -0.341 -0.940 0. -26.306 0. 0. 1. 0.
-0.940 0.342 0. 348.167 -0.342 -0.940 0. -27.265 0. 0. 1. 0.
-0.939 0.344 0. 345.464 -0.344 -0.939 0. -28.233 0. 0. 1. 0.
-0.938 0.345 0. 342.771 -0.345 -0.938 0. -29.211 0. 0. 1. 0.
-0.938 0.347 0. 340.071 -0.347 -0.938 0. -30.204 0. 0. 1. 0.
-0.936 0.351 0. 337.425 -0.351 -0.936 0. -31.184 0. 0. 1. 0.
-0.934 0.356 0. 334.881 -0.356 -0.934 0. -32.145 0. 0. 1. 0.
-0.932 0.362 0. 332.341 -0.362 -0.932 0. -33.117 0. 0. 1. 0.
-0.930 0.367 0. 329.819 -0.367 -0.930 0. -34.105 0. 0. 1. 0.
-0.928 0.372 0. 327.337 -0.372 -0.928 0. -35.083 0. 0. 1. 0.
-0.927 0.376 0. 324.886 -0.376 -0.927 0. -36.064 0. 0. 1. 0.
-0.925 0.381 0. 322.461 -0.381 -0.925 0. -37.046 0. 0. 1. 0.
-0.923 0.385 0. 320.057 -0.385 -0.923 0. -38.036 0. 0. 1. 0.
-0.921 0.389 0. 317.667 -0.389 -0.921 0. -39.031 0. 0. 1. 0.
-0.919 0.394 0. 315.299 -0.394 -0.919 0. -40.028 0. 0. 1. 0.
-0.918 0.397 0. 312.964 -0.397 -0.918 0. -41.022 0. 0. 1. 0.
-0.917 0.399 0. 310.679 -0.399 -0.917 0. -41.996 0. 0. 1. 0.
-0.917 0.398 0. 308.429 -0.398 -0.917 0. -42.964 0. 0. 1. 0.
-0.917 0.398 0. 306.212 -0.398 -0.917 0. -43.923 0. 0. 1. 0.
-0.917 0.400 0. 304.041 -0.400 -0.917 0. -44.859 0. 0. 1. 0.
-0.917 0.400 0. 301.941 -0.400 -0.917 0. -45.764 0. 0. 1. 0.
-0.916 0.402 0. 299.866 -0.402 -0.916 0. -46.664 0. 0. 1. 0.
-0.915 0.404 0. 297.173 -0.404 -0.915 0. -47.836 0. 0. 1. 0.
-0.914 0.406 0. 294.388 -0.406 -0.914 0. -49.053 0. 0. 1. 0.
-0.913 0.408 0. 291.619 -0.408 -0.913 0. -50.273 0. 0. 1. 0.
-0.912 0.410 0. 288.877 -0.410 -0.912 0. -51.496 0. 0. 1. 0.
-0.912 0.411 0. 286.137 -0.411 -0.912 0. -52.713 0. 0. 1. 0.
-0.911 0.412 0. 283.401 -0.412 -0.911 0. -53.928 0. 0. 1. 0.
-0.910 0.414 0. 280.656 -0.414 -0.910 0. -55.160 0. 0. 1. 0.
-0.910 0.415 0. 277.922 -0.415 -0.910 0. -56.401 0. 0. 1. 0.
-0.909 0.418 0. 275.288 -0.418 -0.909 0. -57.588 0. 0. 1. 0.
-0.908 0.419 0. 272.624 -0.419 -0.908 0. -58.799 0. 0. 1. 0.
-0.907 0.421 0. 269.945 -0.421 -0.907 0. -60.023 0. 0. 1. 0.
-0.907 0.422 0. 267.344 -0.422 -0.907 0. -61.220 0. 0. 1. 0.
-0.907 0.421 0. 264.724 -0.421 -0.907 0. -62.433 0. 0. 1. 0.
-0.908 0.420 0. 262.107 -0.420 -0.908 0. -63.632 0. 0. 1. 0.
-0.908 0.418 0. 259.477 -0.418 -0.908 0. -64.833 0. 0. 1. 0.
-0.909 0.417 0. 256.828 -0.417 -0.909 0. -66.035 0. 0. 1. 0.
-0.910 0.415 0. 254.266 -0.415 -0.910 0. -67.193 0. 0. 1. 0.
-0.910 0.414 0. 251.650 -0.414 -0.910 0. -68.364 0. 0. 1. 0.
-0.910 0.414 0. 249.022 -0.414 -0.910 0. -69.540 0. 0. 1. 0.
-0.911 0.413 0. 246.453 -0.413 -0.911 0. -70.691 0. 0. 1. 0.
-0.911 0.413 0. 243.931 -0.413 -0.911 0. -71.823 0. 0. 1. 0.
-0.910 0.414 0. 241.402 -0.414 -0.910 0. -72.963 0. 0. 1. 0.
-0.909 0.417 0. 238.870 -0.417 -0.909 0. -74.107 0. 0. 1. 0.
-0.908 0.419 0. 236.353 -0.419 -0.908 0. -75.255 0. 0. 1. 0.
-0.906 0.423 0. 233.835 -0.423 -0.906 0. -76.419 0. 0. 1. 0.
-0.905 0.425 0. 231.315 -0.425 -0.905 0. -77.576 0. 0. 1. 0.
-0.905 0.426 0. 228.801 -0.426 -0.905 0. -78.743 0. 0. 1. 0.
-0.904 0.428 0. 226.280 -0.428 -0.904 0. -79.911 0. 0. 1. 0.
-0.904 0.428 0. 223.795 -0.428 -0.904 0. -81.080 0. 0. 1. 0.
-0.903 0.430 0. 221.274 -0.430 -0.903 0. -82.255 0. 0. 1. 0.
-0.903 0.430 0. 218.725 -0.430 -0.903 0. -83.456 0. 0. 1. 0.
-0.903 0.430 0. 216.184 -0.430 -0.903 0. -84.650 0. 0. 1. 0.
-0.902 0.431 0. 213.676 -0.431 -0.902 0. -85.829 0. 0. 1. 0.
-0.903 0.431 0. 211.159 -0.431 -0.903 0. -87.014 0. 0. 1. 0.
-0.903 0.430 0. 208.634 -0.430 -0.903 0. -88.207 0. 0. 1. 0.
-0.903 0.429 0. 206.114 -0.429 -0.903 0. -89.394 0. 0. 1. 0.
-0.903 0.429 0. 203.602 -0.429 -0.903 0. -90.574 0. 0. 1. 0.
-0.904 0.429 0. 201.090 -0.429 -0.904 0. -91.749 0. 0. 1. 0.
-0.903 0.429 0. 198.574 -0.429 -0.903 0. -92.921 0. 0. 1. 0.
-0.904 0.428 0. 196.090 -0.428 -0.904 0. -94.085 0. 0. 1. 0.
-0.903 0.429 0. 193.596 -0.429 -0.903 0. -95.246 0. 0. 1. 0.
-0.904 0.429 0. 191.122 -0.429 -0.904 0. -96.396 0. 0. 1. 0.
-0.903 0.429 0. 188.665 -0.429 -0.903 0. -97.546 0. 0. 1. 0.
-0.903 0.430 0. 186.214 -0.430 -0.903 0. -98.696 0. 0. 1. 0.
-0.902 0.431 0. 183.776 -0.431 -0.902 0. -99.854 0. 0. 1. 0.
-0.902 0.432 0. 181.389 -0.432 -0.902 0. -100.979 0. 0. 1. 0.
-0.901 0.433 0. 178.994 -0.433 -0.901 0. -102.119 0. 0. 1. 0.
-0.901 0.434 0. 176.618 -0.434 -0.901 0. -103.250 0. 0. 1. 0.
-0.900 0.435 0. 174.216 -0.435 -0.900 0. -104.390 0. 0. 1. 0.
-0.901 0.435 0. 171.861 -0.435 -0.901 0. -105.513 0. 0. 1. 0.
-0.901 0.433 0. 169.528 -0.433 -0.901 0. -106.622 0. 0. 1. 0.
-0.903 0.431 0. 167.200 -0.431 -0.903 0. -107.720 0. 0. 1. 0.
-0.903 0.429 0. 164.855 -0.429 -0.903 0. -108.813 0. 0. 1. 0.
-0.905 0.426 0. 162.566 -0.426 -0.905 0. -109.882 0. 0. 1. 0.
-0.906 0.422 0. 160.306 -0.422 -0.906 0. -110.924 0. 0. 1. 0.
-0.909 0.418 0. 158.040 -0.418 -0.909 0. -111.958 0. 0. 1. 0.
-0.910 0.414 0. 155.757 -0.414 -0.910 0. -112.988 0. 0. 1. 0.
-0.911 0.412 0. 153.543 -0.412 -0.911 0. -113.973 0. 0. 1. 0.
-0.912 0.409 0. 151.400 -0.409 -0.912 0. -114.924 0. 0. 1. 0.
-0.913 0.408 0. 149.250 -0.408 -0.913 0. -115.879 0. 0. 1. 0.
-0.914 0.407 0. 147.083 -0.407 -0.914 0. -116.833 0. 0. 1. 0.
-0.914 0.405 0. 145.020 -0.405 -0.914 0. -117.731 0. 0. 1. 0.
-0.915 0.404 0. 143.054 -0.404 -0.915 0. -118.584 0. 0. 1. 0.
-0.915 0.403 0. 141.080 -0.403 -0.915 0. -119.449 0. 0. 1. 0.
-0.915 0.402 0. 139.058 -0.402 -0.915 0. -120.318 0. 0. 1. 0.
-0.916 0.402 0. 137.191 -0.402 -0.916 0. -121.124 0. 0. 1. 0.
-0.916 0.401 0. 135.426 -0.401 -0.916 0. -121.885 0. 0. 1. 0.
-0.917 0.399 0. 133.647 -0.399 -0.917 0. -122.652 0. 0. 1. 0.
-0.918 0.397 0. 131.772 -0.397 -0.918 0. -123.454 0. 0. 1. 0.
-0.919 0.394 0. 130.114 -0.394 -0.919 0. -124.165 0. 0. 1. 0.
-0.920 0.393 0. 128.601 -0.393 -0.920 0. -124.807 0. 0. 1. 0.
-0.920 0.392 0. 127.100 -0.392 -0.920 0. -125.442 0. 0. 1. 0.
-0.920 0.392 0. 125.564 -0.392 -0.920 0. -126.085 0. 0. 1. 0.
-0.920 0.391 0. 124.274 -0.391 -0.920 0. -126.630 0. 0. 1. 0.
-0.920 0.391 0. 123.146 -0.391 -0.920 0. -127.097 0. 0. 1. 0.
-0.921 0.390 0. 122.071 -0.390 -0.921 0. -127.544 0. 0. 1. 0.
-0.921 0.389 0. 121.123 -0.389 -0.921 0. -127.937 0. 0. 1. 0.
-0.922 0.388 0. 120.255 -0.388 -0.922 0. -128.294 0. 0. 1. 0.
-0.922 0.387 0. 119.540 -0.387 -0.922 0. -128.591 0. 0. 1. 0.
-0.923 0.385 0. 118.922 -0.385 -0.923 0. -128.844 0. 0. 1. 0.
-0.923 0.384 0. 118.389 -0.384 -0.923 0. -129.061 0. 0. 1. 0.
-0.924 0.382 0. 117.946 -0.382 -0.924 0. -129.242 0. 0. 1. 0.
-0.925 0.381 0. 117.577 -0.381 -0.925 0. -129.392 0. 0. 1. 0.
-0.925 0.380 0. 117.300 -0.380 -0.925 0. -129.506 0. 0. 1. 0.
-0.925 0.379 0. 117.096 -0.379 -0.925 0. -129.588 0. 0. 1. 0.
-0.926 0.378 0. 117.034 -0.378 -0.926 0. -129.613 0. 0. 1. 0.
-0.926 0.377 0. 116.936 -0.377 -0.926 0. -129.653 0. 0. 1. 0.
-0.926 0.376 0. 116.926 -0.376 -0.926 0. -129.657 0. 0. 1. 0.
-0.927 0.376 0. 116.947 -0.376 -0.927 0. -129.650 0. 0. 1. 0.
-0.927 0.375 0. 116.971 -0.375 -0.927 0. -129.641 0. 0. 1. 0.
-0.927 0.374 0. 117.015 -0.374 -0.927 0. -129.623 0. 0. 1. 0.
-0.928 0.374 0. 117.060 -0.374 -0.928 0. -129.606 0. 0. 1. 0.
-0.928 0.373 0. 117.105 -0.373 -0.928 0. -129.589 0. 0. 1. 0.
-0.928 0.372 0. 117.150 -0.372 -0.928 0. -129.572 0. 0. 1. 0.
-0.928 0.371 0. 117.194 -0.371 -0.928 0. -129.555 0. 0. 1. 0.
-0.929 0.371 0. 117.239 -0.371 -0.929 0. -129.538 0. 0. 1. 0.
-0.929 0.370 0. 117.284 -0.370 -0.929 0. -129.520 0. 0. 1. 0.
-0.929 0.369 0. 117.329 -0.369 -0.929 0. -129.503 0. 0. 1. 0.
-0.930 0.369 0. 117.373 -0.369 -0.930 0. -129.486 0. 0. 1. 0.
-0.930 0.368 0. 117.417 -0.368 -0.930 0. -129.469 0. 0. 1. 0.
-0.930 0.367 0. 117.461 -0.367 -0.930 0. -129.452 0. 0. 1. 0.
-0.930 0.367 0. 117.505 -0.367 -0.930 0. -129.435 0. 0. 1. 0.
-0.931 0.366 0. 117.549 -0.366 -0.931 0. -129.418 0. 0. 1. 0.
-0.931 0.365 0. 117.593 -0.365 -0.931 0. -129.402 0. 0. 1. 0.
-0.931 0.364 0. 117.649 -0.364 -0.931 0. -129.380 0. 0. 1. 0.
-0.932 0.364 0. 117.696 -0.364 -0.932 0. -129.362 0. 0. 1. 0.
-0.932 0.363 0. 117.743 -0.363 -0.932 0. -129.344 0. 0. 1. 0.
-0.932 0.362 0. 117.791 -0.362 -0.932 0. -129.326 0. 0. 1. 0.
-0.932 0.361 0. 117.849 -0.361 -0.932 0. -129.304 0. 0. 1. 0.
-0.932 0.361 0. 117.895 -0.361 -0.932 0. -129.286 0. 0. 1. 0.
-0.932 0.361 0. 117.928 -0.361 -0.932 0. -129.273 0. 0. 1. 0.
-0.932 0.361 0. 117.944 -0.361 -0.932 0. -129.267 0. 0. 1. 0.
-0.932 0.361 0. 117.947 -0.361 -0.932 0. -129.265 0. 0. 1. 0.
-0.932 0.361 0. 117.950 -0.361 -0.932 0. -129.265 0. 0. 1. 0.
-0.932 0.361 0. 117.952 -0.361 -0.932 0. -129.264 0. 0. 1. 0.
-0.932 0.361 0. 117.955 -0.361 -0.932 0. -129.263 0. 0. 1. 0.
-0.932 0.361 0. 117.955 -0.361 -0.932 0. -129.263 0. 0. 1. 0.
-0.932 0.361 0. 117.955 -0.361 -0.932 0. -129.263 0. 0. 1. 0.
-0.932 0.361 0. 117.955 -0.361 -0.932 0. -129.263 0. 0. 1. 0.
-0.932 0.361 0. 117.954 -0.361 -0.932 0. -129.263 0. 0. 1. 0.
-0.932 0.361 0. 117.954 -0.361 -0.932 0. -129.263 0. 0. 1. 0.
-0.932 0.361 0. 117.954 -0.361 -0.932 0. -129.264 0. 0. 1. 0.
-0.932 0.361 0. 117.954 -0.361 -0.932 0. -129.264 0. 0. 1. 0.
-0.932 0.361 0. 117.953 -0.361 -0.932 0. -129.264 0. 0. 1. 0.
-0.932 0.361 0. 117.953 -0.361 -0.932 0. -129.264 0. 0. 1. 0.
-0.932 0.361 0. 117.953 -0.361 -0.932 0. -129.264 0. 0. 1. 0.
-0.932 0.361 0. 117.952 -0.361 -0.932 0. -129.264 0. 0. 1. 0.
-0.932 0.361 0. 117.952 -0.361 -0.932 0. -129.264 0. 0. 1. 0.
-0.932 0.361 0. 117.952 -0.361 -0.932 0. -129.263 0. 0. 1. 0.
-0.932 0.361 0. 117.952 -0.361 -0.932 0. -129.263 0. 0. 1. 0.
-0.932 0.361 0. 117.952 -0.361 -0.932 0. -129.264 0. 0. 1. 0.
-0.932 0.361 0. 117.952 -0.361 -0.932 0. -129.264 0. 0. 1. 0.
-0.932 0.361 0. 117.952 -0.361 -0.932 0. -129.264 0. 0. 1. 0.
-0.932 0.361 0. 117.952 -0.361 -0.932 0. -129.264 0. 0. 1. 0.
-0.932 0.361 0. 117.952 -0.361 -0.932 0. -129.264 0. 0. 1. 0.
-0.932 0.361 0. 117.952 -0.361 -0.932 0. -129.264 0. 0. 1. 0.
-0.932 0.361 0. 117.952 -0.361 -0.932 0. -129.264 0. 0. 1. 0.
-0.932 0.361 0. 117.952 -0.361 -0.932 0. -129.264 0. 0. 1. 0.
-0.932 0.361 0. 117.952 -0.361 -0.932 0. -129.264 0. 0. 1. 0.
-0.933 0.361 0. 117.952 -0.361 -0.933 0. -129.265 0. 0. 1. 0.
-0.933 0.361 0. 117.953 -0.361 -0.933 0. -129.265 0. 0. 1. 0.
-0.933 0.361 0. 117.953 -0.361 -0.933 0. -129.265 0. 0. 1. 0.
-0.933 0.361 0. 117.952 -0.361 -0.933 0. -129.265 0. 0. 1. 0.
-0.932 0.361 0. 117.952 -0.361 -0.932 0. -129.264 0. 0. 1. 0.
-0.933 0.361 0. 117.952 -0.361 -0.933 0. -129.264 0. 0. 1. 0.
-0.933 0.361 0. 117.952 -0.361 -0.933 0. -129.264 0. 0. 1. 0.
-0.933 0.361 0. 117.952 -0.361 -0.933 0. -129.265 0. 0. 1. 0.
-0.933 0.361 0. 117.952 -0.361 -0.933 0. -129.265 0. 0. 1. 0.
-0.933 0.361 0. 117.952 -0.361 -0.933 0. -129.264 0. 0. 1. 0.
-0.933 0.361 0. 117.952 -0.361 -0.933 0. -129.265 0. 0. 1. 0.
-0.933 0.361 0. 117.952 -0.361 -0.933 0. -129.265 0. 0. 1. 0.
-0.933 0.361 0. 117.952 -0.361 -0.933 0. -129.265 0. 0. 1. 0.
-0.933 0.361 0. 117.952 -0.361 -0.933 0. -129.265 0. 0. 1. 0.
-0.933 0.361 0. 117.951 -0.361 -0.933 0. -129.265 0. 0. 1. 0.
-0.933 0.361 0. 117.951 -0.361 -0.933 0. -129.264 0. 0. 1. 0.
-0.933 0.361 0. 117.952 -0.361 -0.933 0. -129.265 0. 0. 1. 0.
-0.933 0.361 0. 117.952 -0.361 -0.933 0. -129.265 0. 0. 1. 0.
-0.933 0.361 0. 117.952 -0.361 -0.933 0. -129.265 0. 0. 1. 0.
-0.932 0.361 0. 117.952 -0.361 -0.932 0. -129.264 0. 0. 1. 0.
-0.932 0.361 0. 117.952 -0.361 -0.932 0. -129.264 0. 0. 1. 0.
-0.933 0.361 0. 117.952 -0.361 -0.933 0. -129.265 0. 0. 1. 0.
-0.933 0.361 0. 117.952 -0.361 -0.933 0. -129.265 0. 0. 1. 0.
-0.932 0.361 0. 117.952 -0.361 -0.932 0. -129.264 0. 0. 1. 0.
-0.932 0.361 0. 117.951 -0.361 -0.932 0. -129.264 0. 0. 1. 0.
-0.933 0.361 0. 117.952 -0.361 -0.933 0. -129.265 0. 0. 1. 0.
-0.932 0.361 0. 117.952 -0.361 -0.932 0. -129.265 0. 0. 1. 0.
-0.932 0.361 0. 117.952 -0.361 -0.932 0. -129.264 0. 0. 1. 0.
-0.932 0.361 0. 117.952 -0.361 -0.932 0. -129.263 0. 0. 1. 0.
-0.932 0.362 0. 117.951 -0.362 -0.932 0. -129.262 0. 0. 1. 0.
-0.932 0.361 0. 117.952 -0.361 -0.932 0. -129.264 0. 0. 1. 0.
-0.932 0.361 0. 117.952 -0.361 -0.932 0. -129.264 0. 0. 1. 0.
-0.932 0.361 0. 117.952 -0.361 -0.932 0. -129.264 0. 0. 1. 0.
-0.933 0.361 0. 117.952 -0.361 -0.933 0. -129.265 0. 0. 1. 0.
-0.933 0.361 0. 117.952 -0.361 -0.933 0. -129.265 0. 0. 1. 0.
-0.933 0.361 0. 117.952 -0.361 -0.933 0. -129.266 0. 0. 1. 0.
-0.933 0.361 0. 117.952 -0.361 -0.933 0. -129.266 0. 0. 1. 0.
-0.933 0.361 0. 117.952 -0.361 -0.933 0. -129.265 0. 0. 1. 0.
-0.933 0.361 0. 117.952 -0.361 -0.933 0. -129.265 0. 0. 1. 0.
-0.933 0.361 0. 117.952 -0.361 -0.933 0. -129.265 0. 0. 1. 0.
-0.933 0.361 0. 117.952 -0.361 -0.933 0. -129.265 0. 0. 1. 0.
-0.933 0.361 0. 117.952 -0.361 -0.933 0. -129.265 0. 0. 1. 0.
-0.933 0.361 0. 117.952 -0.361 -0.933 0. -129.265 0. 0. 1. 0.
-0.933 0.361 0. 117.952 -0.361 -0.933 0. -129.265 0. 0. 1. 0.
-0.932 0.361 0. 117.952 -0.361 -0.932 0. -129.264 0. 0. 1. 0.
-0.933 0.361 0. 117.952 -0.361 -0.933 0. -129.265 0. 0. 1. 0.
-0.932 0.361 0. 117.951 -0.361 -0.932 0. -129.264 0. 0. 1. 0.
-0.932 0.361 0. 117.951 -0.361 -0.932 0. -129.264 0. 0. 1. 0.
-0.933 0.361 0. 117.952 -0.361 -0.933 0. -129.264 0. 0. 1. 0.
-0.933 0.361 0. 117.952 -0.361 -0.933 0. -129.266 0. 0. 1. 0.
-0.933 0.361 0. 117.952 -0.361 -0.933 0. -129.265 0. 0. 1. 0.
-0.933 0.361 0. 117.952 -0.361 -0.933 0. -129.265 0. 0. 1. 0.
-0.933 0.361 0. 117.952 -0.361 -0.933 0. -129.265 0. 0. 1. 0.
-0.933 0.361 0. 117.952 -0.361 -0.933 0. -129.265 0. 0. 1. 0.
-0.933 0.361 0. 117.952 -0.361 -0.933 0. -129.265 0. 0. 1. 0.
-0.933 0.361 0. 117.952 -0.361 -0.933 0. -129.265 0. 0. 1. 0.
-0.933 0.361 0. 117.951 -0.361 -0.933 0. -129.265 0. 0. 1. 0.
-0.933 0.361 0. 117.951 -0.361 -0.933 0. -129.265 0. 0. 1. 0.
-0.933 0.361 0. 117.951 -0.361 -0.933 0. -129.265 0. 0. 1. 0.
-0.933 0.361 0. 117.952 -0.361 -0.933 0. -129.266 0. 0. 1. 0.
-0.932 0.361 0. 117.951 -0.361 -0.932 0. -129.265 0. 0. 1. 0.
-0.932 0.361 0. 117.951 -0.361 -0.932 0. -129.265 0. 0. 1. 0.
-0.932 0.361 0. 117.951 -0.361 -0.932 0. -129.265 0. 0. 1. 0.
-0.933 0.361 0. 117.951 -0.361 -0.933 0. -129.265 0. 0. 1. 0.
-0.933 0.361 0. 117.952 -0.361 -0.933 0. -129.265 0. 0. 1. 0.
-0.933 0.361 0. 117.952 -0.361 -0.933 0. -129.265 0. 0. 1. 0.
-0.933 0.361 0. 117.952 -0.361 -0.933 0. -129.265 0. 0. 1. 0.
-0.933 0.361 0. 117.952 -0.361 -0.933 0. -129.265 0. 0. 1. 0.
-0.933 0.361 0. 117.952 -0.361 -0.933 0. -129.266 0. 0. 1. 0.
-0.933 0.361 0. 117.952 -0.361 -0.933 0. -129.266 0. 0. 1. 0.
-0.933 0.361 0. 117.952 -0.361 -0.933 0. -129.265 0. 0. 1. 0.
-0.933 0.361 0. 117.952 -0.361 -0.933 0. -129.266 0. 0. 1. 0.
-0.933 0.361 0. 117.951 -0.361 -0.933 0. -129.266 0. 0. 1. 0.
-0.933 0.361 0. 117.951 -0.361 -0.933 0. -129.265 0. 0. 1. 0.
-0.933 0.361 0. 117.951 -0.361 -0.933 0. -129.265 0. 0. 1. 0.
-0.933 0.361 0. 117.951 -0.361 -0.933 0. -129.266 0. 0. 1. 0.
-0.933 0.361 0. 117.951 -0.361 -0.933 0. -129.266 0. 0. 1. 0.
-0.933 0.361 0. 117.951 -0.361 -0.933 0. -129.265 0. 0. 1. 0.
-0.933 0.361 0. 117.951 -0.361 -0.933 0. -129.265 0. 0. 1. 0.
-0.933 0.361 0. 117.951 -0.361 -0.933 0. -129.265 0. 0. 1. 0.
-0.933 0.361 0. 117.951 -0.361 -0.933 0. -129.266 0. 0. 1. 0.
-0.933 0.361 0. 117.951 -0.361 -0.933 0. -129.266 0. 0. 1. 0.
-0.933 0.361 0. 117.951 -0.361 -0.933 0. -129.265 0. 0. 1. 0.
-0.933 0.361 0. 117.952 -0.361 -0.933 0. -129.266 0. 0. 1. 0.
-0.933 0.361 0. 117.952 -0.361 -0.933 0. -129.266 0. 0. 1. 0.
-0.933 0.361 0. 117.952 -0.361 -0.933 0. -129.266 0. 0. 1. 0.
-0.933 0.361 0. 117.952 -0.361 -0.933 0. -129.266 0. 0. 1. 0.
-0.933 0.361 0. 117.952 -0.361 -0.933 0. -129.265 0. 0. 1. 0.
-0.933 0.361 0. 117.952 -0.361 -0.933 0. -129.265 0. 0. 1. 0.
-0.933 0.361 0. 117.952 -0.361 -0.933 0. -129.265 0. 0. 1. 0.
-0.933 0.361 0. 117.952 -0.361 -0.933 0. -129.265 0. 0. 1. 0.
-0.933 0.361 0. 117.953 -0.361 -0.933 0. -129.264 0. 0. 1. 0.
-0.932 0.361 0. 117.953 -0.361 -0.932 0. -129.264 0. 0. 1. 0.
-0.932 0.361 0. 117.954 -0.361 -0.932 0. -129.264 0. 0. 1. 0.
-0.932 0.361 0. 117.954 -0.361 -0.932 0. -129.264 0. 0. 1. 0.
-0.932 0.361 0. 117.954 -0.361 -0.932 0. -129.263 0. 0. 1. 0.
-0.932 0.361 0. 117.954 -0.361 -0.932 0. -129.263 0. 0. 1. 0.
-0.932 0.361 0. 117.954 -0.361 -0.932 0. -129.263 0. 0. 1. 0.
-0.932 0.361 0. 117.954 -0.361 -0.932 0. -129.263 0. 0. 1. 0.
-0.932 0.361 0. 117.954 -0.361 -0.932 0. -129.262 0. 0. 1. 0.
-0.932 0.361 0. 117.954 -0.361 -0.932 0. -129.262 0. 0. 1. 0.
-0.932 0.361 0. 117.955 -0.361 -0.932 0. -129.262 0. 0. 1. 0.
-0.932 0.361 0. 117.956 -0.361 -0.932 0. -129.262 0. 0. 1. 0.
-0.932 0.361 0. 117.956 -0.361 -0.932 0. -129.262 0. 0. 1. 0.
-0.932 0.361 0. 117.957 -0.361 -0.932 0. -129.262 0. 0. 1. 0.
-0.932 0.361 0. 117.957 -0.361 -0.932 0. -129.262 0. 0. 1. 0.
-0.932 0.361 0. 117.958 -0.361 -0.932 0. -129.262 0. 0. 1. 0.
-0.932 0.361 0. 117.957 -0.361 -0.932 0. -129.262 0. 0. 1. 0.
-0.932 0.361 0. 117.957 -0.361 -0.932 0. -129.262 0. 0. 1. 0.
-0.932 0.361 0. 117.957 -0.361 -0.932 0. -129.263 0. 0. 1. 0.
-0.932 0.361 0. 117.956 -0.361 -0.932 0. -129.263 0. 0. 1. 0.
-0.932 0.361 0. 117.956 -0.361 -0.932 0. -129.263 0. 0. 1. 0.
-0.932 0.361 0. 117.955 -0.361 -0.932 0. -129.263 0. 0. 1. 0.
-0.932 0.361 0. 117.955 -0.361 -0.932 0. -129.263 0. 0. 1. 0.
-0.932 0.361 0. 117.954 -0.361 -0.932 0. -129.264 0. 0. 1. 0.
-0.932 0.361 0. 117.954 -0.361 -0.932 0. -129.264 0. 0. 1. 0.
-0.932 0.361 0. 117.953 -0.361 -0.932 0. -129.264 0. 0. 1. 0.
-0.932 0.361 0. 117.952 -0.361 -0.932 0. -129.264 0. 0. 1. 0.
-0.932 0.361 0. 117.952 -0.361 -0.932 0. -129.265 0. 0. 1. 0.
-0.932 0.361 0. 117.952 -0.361 -0.932 0. -129.265 0. 0. 1. 0.
-0.932 0.361 0. 117.951 -0.361 -0.932 0. -129.265 0. 0. 1. 0.
-0.932 0.361 0. 117.951 -0.361 -0.932 0. -129.265 0. 0. 1. 0.
-0.932 0.361 0. 117.950 -0.361 -0.932 0. -129.265 0. 0. 1. 0.
-0.932 0.361 0. 117.950 -0.361 -0.932 0. -129.266 0. 0. 1. 0.
-0.932 0.361 0. 117.950 -0.361 -0.932 0. -129.266 0. 0. 1. 0.
-0.932 0.361 0. 117.950 -0.361 -0.932 0. -129.266 0. 0. 1. 0.
-0.932 0.361 0. 117.950 -0.361 -0.932 0. -129.266 0. 0. 1. 0.
-0.932 0.361 0. 117.950 -0.361 -0.932 0. -129.266 0. 0. 1. 0.
-0.932 0.361 0. 117.949 -0.361 -0.932 0. -129.266 0. 0. 1. 0.
-0.932 0.361 0. 117.948 -0.361 -0.932 0. -129.266 0. 0. 1. 0.
-0.932 0.361 0. 117.948 -0.361 -0.932 0. -129.266 0. 0. 1. 0.
-0.932 0.361 0. 117.948 -0.361 -0.932 0. -129.267 0. 0. 1. 0.
-0.932 0.361 0. 117.948 -0.361 -0.932 0. -129.267 0. 0. 1. 0.
-0.932 0.361 0. 117.948 -0.361 -0.932 0. -129.267 0. 0. 1. 0.
-0.932 0.361 0. 117.947 -0.361 -0.932 0. -129.267 0. 0. 1. 0.
-0.932 0.361 0. 117.947 -0.361 -0.932 0. -129.267 0. 0. 1. 0.
-0.932 0.361 0. 117.947 -0.361 -0.932 0. -129.267 0. 0. 1. 0.
-0.932 0.361 0. 117.947 -0.361 -0.932 0. -129.267 0. 0. 1. 0.
-0.932 0.361 0. 117.947 -0.361 -0.932 0. -129.267 0. 0. 1. 0.
-0.932 0.361 0. 117.947 -0.361 -0.932 0. -129.267 0. 0. 1. 0.
-0.932 0.361 0. 117.947 -0.361 -0.932 0. -129.267 0. 0. 1. 0.
-0.932 0.361 0. 117.947 -0.361 -0.932 0. -129.268 0. 0. 1. 0.
-0.932 0.361 0. 117.947 -0.361 -0.932 0. -129.268 0. 0. 1. 0.
-0.932 0.361 0. 117.947 -0.361 -0.932 0. -129.268 0. 0. 1. 0.
-0.932 0.361 0. 117.947 -0.361 -0.932 0. -129.268 0. 0. 1. 0.
-0.932 0.361 0. 117.946 -0.361 -0.932 0. -129.267 0. 0. 1. 0.
-0.932 0.361 0. 117.946 -0.361 -0.932 0. -129.266 0. 0. 1. 0.
-0.932 0.361 0. 117.947 -0.361 -0.932 0. -129.266 0. 0. 1. 0.
-0.933 0.361 0. 117.948 -0.361 -0.933 0. -129.266 0. 0. 1. 0.
-0.932 0.361 0. 117.948 -0.361 -0.932 0. -129.265 0. 0. 1. 0.
-0.932 0.361 0. 117.948 -0.361 -0.932 0. -129.265 0. 0. 1. 0.
-0.932 0.361 0. 117.949 -0.361 -0.932 0. -129.265 0. 0. 1. 0.
-0.932 0.361 0. 117.949 -0.361 -0.932 0. -129.265 0. 0. 1. 0.
-0.932 0.361 0. 117.949 -0.361 -0.932 0. -129.265 0. 0. 1. 0.
-0.932 0.361 0. 117.948 -0.361 -0.932 0. -129.265 0. 0. 1. 0.
-0.933 0.361 0. 117.948 -0.361 -0.933 0. -129.266 0. 0. 1. 0.
-0.933 0.361 0. 117.947 -0.361 -0.933 0. -129.267 0. 0. 1. 0.
-0.933 0.361 0. 117.946 -0.361 -0.933 0. -129.267 0. 0. 1. 0.
-0.932 0.361 0. 117.946 -0.361 -0.932 0. -129.267 0. 0. 1. 0.
-0.932 0.361 0. 117.945 -0.361 -0.932 0. -129.267 0. 0. 1. 0.
-0.932 0.361 0. 117.944 -0.361 -0.932 0. -129.268 0. 0. 1. 0.
-0.932 0.361 0. 117.943 -0.361 -0.932 0. -129.268 0. 0. 1. 0.
