1. 0. 0. 0. 0. -1. -0. 0. 0. 0. -1. 0.
1. -0.001 -0. -0.020 -0.001 -1. -0. 0.040 0. 0. -1. 0.
1. -0.003 -0. -0.043 -0.003 -1. -0. 0.055 0. 0. -1. 0.
1. -0.001 -0. -0.027 -0.001 -1. -0. 0.048 0. 0. -1. 0.
1. -0.000 -0. -0.017 -0.000 -1. -0. 0.011 0. 0. -1. 0.
1. -0.001 -0. -0.021 -0.001 -1. -0. 0.045 0. 0. -1. 0.
1. 0.001 0. -0.022 0.001 -1. -0. 0.045 0. 0. -1. 0.
1. 0.000 0. -0.015 0.000 -1. -0. 0.049 0. 0. -1. 0.
1. -0.002 -0. -0.053 -0.002 -1. -0. 0.090 0. 0. -1. 0.
1. -0.001 -0. -0.002 -0.001 -1. -0. 0.011 0. 0. -1. 0.
1. -0.001 -0. 0.007 -0.001 -1. -0. 0.028 0. 0. -1. 0.
1. -0.001 -0. -0.040 -0.001 -1. -0. 0.045 0. 0. -1. 0.
1. -0.002 -0. -0.025 -0.002 -1. -0. 0.048 0. 0. -1. 0.
1. 0. 0. -0.019 0. -1. -0. -0.002 0. 0. -1. 0.
1. -0.001 -0. -0.010 -0.001 -1. -0. 0.041 0. 0. -1. 0.
1. -0.001 -0. -0.038 -0.001 -1. -0. 0.042 0. 0. -1. 0.
1. -0.003 -0. -0.037 -0.003 -1. -0. 0.049 0. 0. -1. 0.
1. -0.004 -0. -0.039 -0.004 -1. -0. 0.046 0. 0. -1. 0.
1. -0.001 -0. 0.001 -0.001 -1. -0. 0.030 0. 0. -1. 0.
1. 0.001 0. 0.039 0.001 -1. -0. 0.058 0. 0. -1. 0.
1. 0.001 0. 0.057 0.001 -1. -0. 0.067 0. 0. -1. 0.
1. -0.002 -0. 0.130 -0.002 -1. -0. 0.048 0. 0. -1. 0.
1. -0.002 -0. 0.192 -0.002 -1. -0. 0.057 0. 0. -1. 0.
1. -0.012 -0. 0.338 -0.012 -1. -0. 0.090 0. 0. -1. 0.
1.000 -0.017 -0. 0.464 -0.017 -1.000 -0. 0.019 0. 0. -1. 0.
1.000 -0.020 -0. 0.750 -0.020 -1.000 -0. 0.052 0. 0. -1. 0.
0.999 -0.039 -0. 1.104 -0.039 -0.999 -0. 0.053 0. 0. -1. 0.
0.998 -0.057 -0. 1.541 -0.057 -0.998 -0. -0.070 0. 0. -1. 0.
0.997 -0.074 -0. 2.000 -0.074 -0.997 -0. -0.061 0. 0. -1. 0.
0.996 -0.091 -0. 2.553 -0.091 -0.996 -0. -0.150 0. 0. -1. 0.
0.994 -0.110 -0. 3.205 -0.110 -0.994 -0. -0.274 0. 0. -1. 0.
0.992 -0.124 -0. 3.832 -0.124 -0.992 -0. -0.299 0. 0. -1. 0.
0.990 -0.138 -0. 4.525 -0.138 -0.990 -0. -0.443 0. 0. -1. 0.
0.990 -0.144 -0. 5.311 -0.144 -0.990 -0. -0.544 0. 0. -1. 0.
0.990 -0.144 -0. 6.187 -0.144 -0.990 -0. -0.629 0. 0. -1. 0.
0.990 -0.138 -0. 6.941 -0.138 -0.990 -0. -0.951 0. 0. -1. 0.
0.991 -0.131 -0. 7.902 -0.131 -0.991 -0. -1.048 0. 0. -1. 0.
0.992 -0.127 -0. 8.893 -0.127 -0.992 -0. -1.184 0. 0. -1. 0.
0.993 -0.114 -0. 9.912 -0.114 -0.993 -0. -1.272 0. 0. -1. 0.
0.994 -0.106 -0. 10.958 -0.106 -0.994 -0. -1.313 0. 0. -1. 0.
0.995 -0.102 -0. 11.996 -0.102 -0.995 -0. -1.405 0. 0. -1. 0.
0.995 -0.096 -0. 13.092 -0.096 -0.995 -0. -1.587 0. 0. -1. 0.
0.996 -0.084 -0. 14.232 -0.084 -0.996 -0. -1.670 0. 0. -1. 0.
0.997 -0.075 -0. 15.428 -0.075 -0.997 -0. -1.741 0. 0. -1. 0.
0.998 -0.070 -0. 16.685 -0.070 -0.998 -0. -1.881 0. 0. -1. 0.
0.998 -0.064 -0. 17.950 -0.064 -0.998 -0. -1.896 0. 0. -1. 0.
0.998 -0.059 -0. 19.231 -0.059 -0.998 -0. -2.106 0. 0. -1. 0.
0.999 -0.050 -0. 20.636 -0.050 -0.999 -0. -2.142 0. 0. -1. 0.
0.999 -0.051 -0. 21.996 -0.051 -0.999 -0. -2.232 0. 0. -1. 0.
0.999 -0.042 -0. 23.456 -0.042 -0.999 -0. -2.237 0. 0. -1. 0.
0.999 -0.044 -0. 24.907 -0.044 -0.999 -0. -2.348 0. 0. -1. 0.
0.999 -0.043 -0. 26.396 -0.043 -0.999 -0. -2.443 0. 0. -1. 0.
0.999 -0.037 -0. 27.915 -0.037 -0.999 -0. -2.593 0. 0. -1. 0.
0.999 -0.034 -0. 29.501 -0.034 -0.999 -0. -2.639 0. 0. -1. 0.
0.999 -0.032 -0. 31.160 -0.032 -0.999 -0. -2.665 0. 0. -1. 0.
1.000 -0.023 -0. 32.689 -0.023 -1.000 -0. -2.891 0. 0. -1. 0.
1.000 -0.015 -0. 34.468 -0.015 -1.000 -0. -2.834 0. 0. -1. 0.
1. -0.008 -0. 36.070 -0.008 -1. -0. -2.816 0. 0. -1. 0.
1. 0.005 0. 37.642 0.005 -1. -0. -2.849 0. 0. -1. 0.
1.000 0.017 0. 39.319 0.017 -1.000 -0. -2.824 0. 0. -1. 0.
1.000 0.021 0. 41.024 0.021 -1.000 -0. -2.844 0. 0. -1. 0.
0.999 0.037 0. 42.641 0.037 -0.999 -0. -2.849 0. 0. -1. 0.
0.999 0.044 0. 44.333 0.044 -0.999 -0. -2.828 0. 0. -1. 0.
0.999 0.051 0. 46.095 0.051 -0.999 -0. -2.729 0. 0. -1. 0.
0.999 0.053 0. 47.850 0.053 -0.999 -0. -2.641 0. 0. -1. 0.
0.998 0.055 0. 49.592 0.055 -0.998 -0. -2.623 0. 0. -1. 0.
0.998 0.057 0. 51.366 0.057 -0.998 -0. -2.501 0. 0. -1. 0.
0.999 0.052 0. 53.168 0.052 -0.999 -0. -2.486 0. 0. -1. 0.
0.999 0.054 0. 54.886 0.054 -0.999 -0. -2.380 0. 0. -1. 0.
0.998 0.056 0. 56.747 0.056 -0.998 -0. -2.329 0. 0. -1. 0.
0.998 0.061 0. 58.482 0.061 -0.998 -0. -2.275 0. 0. -1. 0.
0.998 0.059 0. 60.333 0.059 -0.998 -0. -2.198 0. 0. -1. 0.
0.998 0.057 0. 62.182 0.057 -0.998 -0. -2.092 0. 0. -1. 0.
0.998 0.061 0. 63.931 0.061 -0.998 -0. -1.832 0. 0. -1. 0.
0.998 0.062 0. 65.815 0.062 -0.998 -0. -1.837 0. 0. -1. 0.
0.998 0.063 0. 67.650 0.063 -0.998 -0. -1.774 0. 0. -1. 0.
0.998 0.057 0. 69.449 0.057 -0.998 -0. -1.689 0. 0. -1. 0.
0.999 0.051 0. 71.223 0.051 -0.999 -0. -1.536 0. 0. -1. 0.
0.999 0.048 0. 73.010 0.048 -0.999 -0. -1.393 0. 0. -1. 0.
0.999 0.043 0. 74.836 0.043 -0.999 -0. -1.432 0. 0. -1. 0.
0.999 0.049 0. 76.599 0.049 -0.999 -0. -1.289 0. 0. -1. 0.
0.999 0.040 0. 78.417 0.040 -0.999 -0. -1.388 0. 0. -1. 0.
0.999 0.032 0. 80.156 0.032 -0.999 -0. -1.413 0. 0. -1. 0.
1.000 0.019 0. 81.882 0.019 -1.000 -0. -1.342 0. 0. -1. 0.
1. 0.006 0. 83.685 0.006 -1. -0. -1.204 0. 0. -1. 0.
1.000 -0.017 -0. 85.476 -0.017 -1.000 -0. -1.360 0. 0. -1. 0.
0.999 -0.048 -0. 87.206 -0.048 -0.999 -0. -1.400 0. 0. -1. 0.
0.997 -0.079 -0. 88.897 -0.079 -0.997 -0. -1.532 0. 0. -1. 0.
0.992 -0.130 -0. 90.647 -0.130 -0.992 -0. -1.785 0. 0. -1. 0.
0.986 -0.167 -0. 92.353 -0.167 -0.986 -0. -2.115 0. 0. -1. 0.
0.975 -0.223 -0. 94.134 -0.223 -0.975 -0. -2.365 0. 0. -1. 0.
0.964 -0.266 -0. 95.741 -0.266 -0.964 -0. -2.902 0. 0. -1. 0.
0.950 -0.312 -0. 97.493 -0.312 -0.950 -0. -3.519 0. 0. -1. 0.
0.929 -0.371 -0. 99.169 -0.371 -0.929 -0. -4.186 0. 0. -1. 0.
0.908 -0.420 -0. 100.801 -0.420 -0.908 -0. -4.876 0. 0. -1. 0.
0.888 -0.460 -0. 102.470 -0.460 -0.888 -0. -5.692 0. 0. -1. 0.
0.857 -0.515 -0. 103.940 -0.515 -0.857 -0. -6.656 0. 0. -1. 0.
0.818 -0.575 -0. 105.458 -0.575 -0.818 -0. -7.762 0. 0. -1. 0.
0.772 -0.635 -0. 107.015 -0.635 -0.772 -0. -8.882 0. 0. -1. 0.
0.728 -0.685 -0. 108.297 -0.685 -0.728 -0. -10.179 0. 0. -1. 0.
0.675 -0.738 -0. 109.505 -0.738 -0.675 -0. -11.546 0. 0. -1. 0.
0.615 -0.788 -0. 110.784 -0.788 -0.615 -0. -12.877 0. 0. -1. 0.
0.554 -0.833 -0. 111.696 -0.833 -0.554 -0. -14.422 0. 0. -1. 0.
0.499 -0.866 -0. 112.360 -0.866 -0.499 -0. -16.083 0. 0. -1. 0.
0.447 -0.894 -0. 113.311 -0.894 -0.447 -0. -17.785 0. 0. -1. 0.
0.407 -0.914 -0. 114.077 -0.914 -0.407 -0. -19.446 0. 0. -1. 0.
0.375 -0.927 -0. 114.731 -0.927 -0.375 -0. -21.241 0. 0. -1. 0.
0.368 -0.930 -0. 115.479 -0.930 -0.368 -0. -23.022 0. 0. -1. 0.
0.365 -0.931 -0. 116.157 -0.931 -0.365 -0. -24.855 0. 0. -1. 0.
0.366 -0.931 -0. 116.994 -0.931 -0.366 -0. -26.668 0. 0. -1. 0.
0.375 -0.927 -0. 117.585 -0.927 -0.375 -0. -28.480 0. 0. -1. 0.
0.387 -0.922 -0. 118.452 -0.922 -0.387 -0. -30.331 0. 0. -1. 0.
0.394 -0.919 -0. 119.171 -0.919 -0.394 -0. -32.215 0. 0. -1. 0.
0.407 -0.914 -0. 119.876 -0.914 -0.407 -0. -34.044 0. 0. -1. 0.
0.417 -0.909 -0. 120.733 -0.909 -0.417 -0. -35.873 0. 0. -1. 0.
0.429 -0.903 -0. 121.552 -0.903 -0.429 -0. -37.637 0. 0. -1. 0.
0.433 -0.901 -0. 122.450 -0.901 -0.433 -0. -39.452 0. 0. -1. 0.
0.450 -0.893 -0. 123.240 -0.893 -0.450 -0. -41.260 0. 0. -1. 0.
0.474 -0.880 -0. 124.126 -0.880 -0.474 -0. -42.994 0. 0. -1. 0.
0.497 -0.868 -0. 125.105 -0.868 -0.497 -0. -44.720 0. 0. -1. 0.
0.516 -0.857 -0. 126.031 -0.857 -0.516 -0. -46.412 0. 0. -1. 0.
0.528 -0.849 -0. 127.139 -0.849 -0.528 -0. -48.064 0. 0. -1. 0.
0.544 -0.839 -0. 128.014 -0.839 -0.544 -0. -49.655 0. 0. -1. 0.
0.558 -0.830 -0. 129.083 -0.830 -0.558 -0. -51.224 0. 0. -1. 0.
0.571 -0.821 -0. 130.186 -0.821 -0.571 -0. -52.841 0. 0. -1. 0.
0.584 -0.811 -0. 131.209 -0.811 -0.584 -0. -54.251 0. 0. -1. 0.
0.596 -0.803 -0. 132.380 -0.803 -0.596 -0. -55.823 0. 0. -1. 0.
0.613 -0.790 -0. 133.365 -0.790 -0.613 -0. -57.291 0. 0. -1. 0.
0.624 -0.781 -0. 134.583 -0.781 -0.624 -0. -58.723 0. 0. -1. 0.
0.632 -0.775 -0. 135.675 -0.775 -0.632 -0. -60.151 0. 0. -1. 0.
0.647 -0.763 -0. 136.847 -0.763 -0.647 -0. -61.483 0. 0. -1. 0.
0.653 -0.758 -0. 137.941 -0.758 -0.653 -0. -62.772 0. 0. -1. 0.
0.667 -0.745 -0. 138.922 -0.745 -0.667 -0. -63.968 0. 0. -1. 0.
0.684 -0.729 -0. 140.122 -0.729 -0.684 -0. -65.327 0. 0. -1. 0.
0.706 -0.708 -0. 141.248 -0.708 -0.706 -0. -66.342 0. 0. -1. 0.
0.734 -0.679 -0. 142.281 -0.679 -0.734 -0. -67.351 0. 0. -1. 0.
0.773 -0.635 -0. 143.453 -0.635 -0.773 -0. -68.212 0. 0. -1. 0.
0.818 -0.576 -0. 144.550 -0.576 -0.818 -0. -69.093 0. 0. -1. 0.
0.865 -0.502 -0. 145.637 -0.502 -0.865 -0. -69.681 0. 0. -1. 0.
0.912 -0.411 -0. 146.775 -0.411 -0.912 -0. -70.373 0. 0. -1. 0.
0.953 -0.304 -0. 147.884 -0.304 -0.953 -0. -70.626 0. 0. -1. 0.
0.984 -0.178 -0. 148.924 -0.178 -0.984 -0. -70.900 0. 0. -1. 0.
0.999 -0.041 -0. 149.930 -0.041 -0.999 -0. -70.914 0. 0. -1. 0.
0.994 0.111 0. 150.930 0.111 -0.994 -0. -70.768 0. 0. -1. 0.
0.961 0.276 0. 151.828 0.276 -0.961 -0. -70.368 0. 0. -1. 0.
0.902 0.432 0. 152.596 0.432 -0.902 -0. -70.017 0. 0. -1. 0.
0.813 0.582 0. 153.276 0.582 -0.813 -0. -69.563 0. 0. -1. 0.
0.699 0.715 0. 153.895 0.715 -0.699 -0. -68.801 0. 0. -1. 0.
0.561 0.828 0. 154.319 0.828 -0.561 -0. -68.057 0. 0. -1. 0.
0.407 0.913 0. 154.655 0.913 -0.407 -0. -67.327 0. 0. -1. 0.
0.243 0.970 0. 154.791 0.970 -0.243 -0. -66.559 0. 0. -1. 0.
0.076 0.997 0. 154.824 0.997 -0.076 -0. -65.712 0. 0. -1. 0.
-0.089 0.996 0. 154.716 0.996 0.089 0. -64.853 0. 0. -1. 0.
-0.249 0.969 0. 154.551 0.969 0.249 0. -64.061 0. 0. -1. 0.
-0.407 0.913 0. 153.982 0.913 0.407 0. -63.185 0. 0. -1. 0.
-0.553 0.833 0. 153.449 0.833 0.553 0. -62.319 0. 0. -1. 0.
-0.663 0.749 0. 152.659 0.749 0.663 0. -61.523 0. 0. -1. 0.
-0.760 0.650 0. 151.789 0.650 0.760 0. -60.824 0. 0. -1. 0.
-0.828 0.560 0. 150.692 0.560 0.828 0. -60.051 0. 0. -1. 0.
-0.875 0.483 0. 149.557 0.483 0.875 0. -59.466 0. 0. -1. 0.
-0.901 0.434 0. 148.343 0.434 0.901 0. -58.761 0. 0. -1. 0.
-0.915 0.404 0. 147.069 0.404 0.915 0. -58.418 0. 0. -1. 0.
-0.926 0.376 0. 145.871 0.376 0.926 0. -57.851 0. 0. -1. 0.
-0.930 0.367 0. 144.426 0.367 0.930 0. -57.286 0. 0. -1. 0.
-0.932 0.363 0. 143.127 0.363 0.932 0. -56.748 0. 0. -1. 0.
-0.925 0.379 0. 141.626 0.379 0.925 0. -56.213 0. 0. -1. 0.
-0.924 0.382 0. 140.241 0.382 0.924 0. -55.645 0. 0. -1. 0.
-0.912 0.410 0. 138.720 0.410 0.912 0. -54.808 0. 0. -1. 0.
-0.902 0.431 0. 137.213 0.431 0.902 0. -54.131 0. 0. -1. 0.
-0.879 0.476 0. 135.748 0.476 0.879 0. -53.240 0. 0. -1. 0.
-0.857 0.515 0. 134.175 0.515 0.857 0. -52.297 0. 0. -1. 0.
-0.824 0.567 0. 132.765 0.567 0.824 0. -51.308 0. 0. -1. 0.
-0.786 0.618 0. 131.386 0.618 0.786 0. -50.201 0. 0. -1. 0.
-0.744 0.668 0. 130.039 0.668 0.744 0. -49.014 0. 0. -1. 0.
-0.692 0.722 0. 128.711 0.722 0.692 0. -47.622 0. 0. -1. 0.
-0.637 0.771 0. 127.644 0.771 0.637 0. -46.097 0. 0. -1. 0.
-0.579 0.815 0. 126.470 0.815 0.579 0. -44.526 0. 0. -1. 0.
-0.517 0.856 0. 125.644 0.856 0.517 0. -42.938 0. 0. -1. 0.
-0.464 0.886 0. 124.670 0.886 0.464 0. -41.323 0. 0. -1. 0.
-0.423 0.906 0. 123.881 0.906 0.423 0. -39.539 0. 0. -1. 0.
-0.402 0.916 0. 123.155 0.916 0.402 0. -37.781 0. 0. -1. 0.
-0.380 0.925 0. 122.504 0.925 0.380 0. -35.963 0. 0. -1. 0.
-0.374 0.927 0. 121.779 0.927 0.374 0. -34.071 0. 0. -1. 0.
-0.360 0.933 0. 121.205 0.933 0.360 0. -32.218 0. 0. -1. 0.
-0.371 0.929 0. 120.320 0.929 0.371 0. -30.407 0. 0. -1. 0.
-0.376 0.927 0. 119.738 0.927 0.376 0. -28.452 0. 0. -1. 0.
-0.386 0.923 0. 119.058 0.923 0.386 0. -26.531 0. 0. -1. 0.
-0.401 0.916 0. 118.248 0.916 0.401 0. -24.682 0. 0. -1. 0.
-0.412 0.911 0. 117.295 0.911 0.412 0. -22.865 0. 0. -1. 0.
-0.431 0.902 0. 116.471 0.902 0.431 0. -21.014 0. 0. -1. 0.
-0.458 0.889 0. 115.676 0.889 0.458 0. -19.167 0. 0. -1. 0.
-0.491 0.871 0. 114.806 0.871 0.491 0. -17.326 0. 0. -1. 0.
-0.525 0.851 0. 113.792 0.851 0.525 0. -15.585 0. 0. -1. 0.
-0.558 0.830 0. 112.641 0.830 0.558 0. -14.063 0. 0. -1. 0.
-0.596 0.803 0. 111.500 0.803 0.596 0. -12.489 0. 0. -1. 0.
-0.638 0.770 0. 110.300 0.770 0.638 0. -10.926 0. 0. -1. 0.
-0.692 0.722 0. 109.192 0.722 0.692 0. -9.565 0. 0. -1. 0.
-0.741 0.671 0. 107.769 0.671 0.741 0. -8.178 0. 0. -1. 0.
-0.795 0.607 0. 106.345 0.607 0.795 0. -6.947 0. 0. -1. 0.
-0.836 0.549 0. 104.684 0.549 0.836 0. -5.916 0. 0. -1. 0.
-0.863 0.505 0. 103.121 0.505 0.863 0. -4.773 0. 0. -1. 0.
-0.896 0.443 0. 101.452 0.443 0.896 0. -3.928 0. 0. -1. 0.
-0.923 0.385 0. 99.641 0.385 0.923 0. -3.273 0. 0. -1. 0.
-0.945 0.326 0. 97.843 0.326 0.945 0. -2.524 0. 0. -1. 0.
-0.962 0.271 0. 95.854 0.271 0.962 0. -1.909 0. 0. -1. 0.
-0.974 0.226 0. 93.852 0.226 0.974 0. -1.452 0. 0. -1. 0.
-0.986 0.169 0. 91.819 0.169 0.986 0. -1.078 0. 0. -1. 0.
-0.992 0.126 0. 89.701 0.126 0.992 0. -0.854 0. 0. -1. 0.
-0.997 0.082 0. 87.754 0.082 0.997 0. -0.601 0. 0. -1. 0.
-0.999 0.048 0. 85.612 0.048 0.999 0. -0.488 0. 0. -1. 0.
-1. 0.008 0. 83.578 0.008 1. 0. -0.393 0. 0. -1. 0.
-1.000 -0.015 -0. 81.498 -0.015 1.000 0. -0.477 0. 0. -1. 0.
-0.999 -0.033 -0. 79.411 -0.033 0.999 0. -0.531 0. 0. -1. 0.
-0.999 -0.045 -0. 77.355 -0.045 0.999 0. -0.594 0. 0. -1. 0.
-0.998 -0.057 -0. 75.227 -0.057 0.998 0. -0.589 0. 0. -1. 0.
-0.998 -0.063 -0. 73.082 -0.063 0.998 0. -0.877 0. 0. -1. 0.
-0.998 -0.064 -0. 70.975 -0.064 0.998 0. -0.879 0. 0. -1. 0.
-0.998 -0.066 -0. 68.849 -0.066 0.998 0. -1.080 0. 0. -1. 0.
-0.998 -0.057 -0. 66.735 -0.057 0.998 0. -1.171 0. 0. -1. 0.
-0.999 -0.045 -0. 64.599 -0.045 0.999 0. -1.206 0. 0. -1. 0.
-0.999 -0.050 -0. 62.435 -0.050 0.999 0. -1.161 0. 0. -1. 0.
-0.999 -0.049 -0. 60.292 -0.049 0.999 0. -1.181 0. 0. -1. 0.
-0.999 -0.042 -0. 58.147 -0.042 0.999 0. -1.322 0. 0. -1. 0.
-0.999 -0.034 -0. 55.999 -0.034 0.999 0. -1.241 0. 0. -1. 0.
-0.999 -0.039 -0. 53.906 -0.039 0.999 0. -1.340 0. 0. -1. 0.
-0.999 -0.035 -0. 51.890 -0.035 0.999 0. -1.422 0. 0. -1. 0.
-1.000 -0.032 -0. 49.810 -0.032 1.000 0. -1.478 0. 0. -1. 0.
-1.000 -0.031 -0. 47.740 -0.031 1.000 0. -1.491 0. 0. -1. 0.
-1.000 -0.024 -0. 45.702 -0.024 1.000 0. -1.487 0. 0. -1. 0.
-1.000 -0.020 -0. 43.667 -0.020 1.000 0. -1.434 0. 0. -1. 0.
-1. -0.010 -0. 41.653 -0.010 1. 0. -1.548 0. 0. -1. 0.
-1. -0.001 -0. 39.647 -0.001 1. 0. -1.420 0. 0. -1. 0.
-1. 0.014 0. 37.537 0.014 1. 0. -1.448 0. 0. -1. 0.
-1.000 0.017 0. 35.562 0.017 1.000 0. -1.340 0. 0. -1. 0.
-1.000 0.021 0. 33.461 0.021 1.000 0. -1.208 0. 0. -1. 0.
-0.999 0.032 0. 31.385 0.032 0.999 0. -1.174 0. 0. -1. 0.
-0.999 0.043 0. 29.291 0.043 0.999 0. -1.095 0. 0. -1. 0.
-0.999 0.044 0. 27.239 0.044 0.999 0. -0.834 0. 0. -1. 0.
-0.999 0.052 0. 25.096 0.052 0.999 0. -0.934 0. 0. -1. 0.
-0.998 0.059 0. 22.965 0.059 0.998 0. -0.646 0. 0. -1. 0.
-0.997 0.072 0. 20.813 0.072 0.997 0. -0.518 0. 0. -1. 0.
-0.997 0.073 0. 18.767 0.073 0.997 0. -0.253 0. 0. -1. 0.
-0.997 0.082 0. 16.666 0.082 0.997 0. -0.125 0. 0. -1. 0.
-0.997 0.074 0. 14.564 0.074 0.997 0. 0.174 0. 0. -1. 0.
-0.997 0.081 0. 12.487 0.081 0.997 0. 0.306 0. 0. -1. 0.
-0.997 0.081 0. 10.356 0.081 0.997 0. 0.387 0. 0. -1. 0.
-0.997 0.083 0. 8.276 0.083 0.997 0. 0.612 0. 0. -1. 0.
-0.997 0.077 0. 6.203 0.077 0.997 0. 0.894 0. 0. -1. 0.
-0.997 0.074 0. 4.119 0.074 0.997 0. 1.078 0. 0. -1. 0.
-0.997 0.074 0. 2.006 0.074 0.997 0. 1.208 0. 0. -1. 0.
-0.998 0.060 0. -0.061 0.060 0.998 0. 1.314 0. 0. -1. 0.
-0.998 0.055 0. -2.121 0.055 0.998 0. 1.490 0. 0. -1. 0.
-0.999 0.049 0. -4.166 0.049 0.999 0. 1.671 0. 0. -1. 0.
-0.999 0.047 0. -6.338 0.047 0.999 0. 1.710 0. 0. -1. 0.
-0.999 0.046 0. -8.287 0.046 0.999 0. 1.889 0. 0. -1. 0.
-0.999 0.046 0. -10.422 0.046 0.999 0. 1.969 0. 0. -1. 0.
-0.999 0.044 0. -12.461 0.044 0.999 0. 2.028 0. 0. -1. 0.
-0.999 0.043 0. -14.443 0.043 0.999 0. 2.122 0. 0. -1. 0.
-0.999 0.040 0. -16.535 0.040 0.999 0. 2.160 0. 0. -1. 0.
-1.000 0.028 0. -18.604 0.028 1.000 0. 2.474 0. 0. -1. 0.
-1.000 0.022 0. -20.683 0.022 1.000 0. 2.536 0. 0. -1. 0.
-1.000 0.024 0. -22.796 0.024 1.000 0. 2.517 0. 0. -1. 0.
-1.000 0.025 0. -24.884 0.025 1.000 0. 2.595 0. 0. -1. 0.
-1.000 0.015 0. -26.708 0.015 1.000 0. 2.720 0. 0. -1. 0.
-1. 0.013 0. -28.909 0.013 1. 0. 2.632 0. 0. -1. 0.
-1. 0.009 0. -31.001 0.009 1. 0. 2.674 0. 0. -1. 0.
-1. 0.006 0. -33.067 0.006 1. 0. 2.675 0. 0. -1. 0.
-1. 0.001 0. -35.127 0.001 1. 0. 2.755 0. 0. -1. 0.
-1. -0.004 -0. -37.179 -0.004 1. 0. 2.728 0. 0. -1. 0.
-1. -0.012 -0. -39.274 -0.012 1. 0. 2.759 0. 0. -1. 0.
-1. -0.012 -0. -41.195 -0.012 1. 0. 2.805 0. 0. -1. 0.
-1.000 -0.021 -0. -43.131 -0.021 1.000 0. 2.852 0. 0. -1. 0.
-1.000 -0.022 -0. -45.115 -0.022 1.000 0. 2.785 0. 0. -1. 0.
-1.000 -0.029 -0. -46.990 -0.029 1.000 0. 2.814 0. 0. -1. 0.
-1.000 -0.029 -0. -48.844 -0.029 1.000 0. 2.735 0. 0. -1. 0.
-1.000 -0.023 -0. -50.660 -0.023 1.000 0. 2.702 0. 0. -1. 0.
-1. -0.005 -0. -52.349 -0.005 1. 0. 2.720 0. 0. -1. 0.
-1.000 0.015 0. -53.940 0.015 1.000 0. 2.782 0. 0. -1. 0.
-0.999 0.039 0. -55.509 0.039 0.999 0. 2.831 0. 0. -1. 0.
-0.998 0.066 0. -56.984 0.066 0.998 0. 2.934 0. 0. -1. 0.
-0.993 0.116 0. -58.435 0.116 0.993 0. 3.110 0. 0. -1. 0.
-0.987 0.163 0. -59.708 0.163 0.987 0. 3.448 0. 0. -1. 0.
-0.974 0.226 0. -60.932 0.226 0.974 0. 3.873 0. 0. -1. 0.
-0.953 0.303 0. -62.048 0.303 0.953 0. 4.075 0. 0. -1. 0.
-0.926 0.378 0. -63.055 0.378 0.926 0. 4.443 0. 0. -1. 0.
-0.891 0.454 0. -63.984 0.454 0.891 0. 5.021 0. 0. -1. 0.
-0.842 0.539 0. -64.883 0.539 0.842 0. 5.589 0. 0. -1. 0.
-0.780 0.625 0. -65.646 0.625 0.780 0. 6.260 0. 0. -1. 0.
-0.710 0.704 0. -66.376 0.704 0.710 0. 6.977 0. 0. -1. 0.
-0.630 0.777 0. -66.993 0.777 0.630 0. 7.783 0. 0. -1. 0.
-0.548 0.836 0. -67.422 0.836 0.548 0. 8.748 0. 0. -1. 0.
-0.456 0.890 0. -67.873 0.890 0.456 0. 9.597 0. 0. -1. 0.
-0.366 0.931 0. -68.176 0.931 0.366 0. 10.524 0. 0. -1. 0.
-0.272 0.962 0. -68.591 0.962 0.272 0. 11.650 0. 0. -1. 0.
-0.194 0.981 0. -68.654 0.981 0.194 0. 12.840 0. 0. -1. 0.
-0.133 0.991 0. -68.871 0.991 0.133 0. 14.066 0. 0. -1. 0.
-0.083 0.997 0. -69.084 0.997 0.083 0. 15.433 0. 0. -1. 0.
-0.051 0.999 0. -69.006 0.999 0.051 0. 16.779 0. 0. -1. 0.
-0.032 0.999 0. -69.066 0.999 0.032 0. 18.349 0. 0. -1. 0.
-0.008 1. 0. -68.936 1. 0.008 0. 19.770 0. 0. -1. 0.
-0.006 1. 0. -69.032 1. 0.006 0. 21.429 0. 0. -1. 0.
0.010 1. 0. -68.883 1. -0.010 -0. 22.951 0. 0. -1. 0.
0.003 1. 0. -69.003 1. -0.003 -0. 24.666 0. 0. -1. 0.
0.009 1. 0. -68.757 1. -0.009 -0. 26.392 0. 0. -1. 0.
0.006 1. 0. -68.733 1. -0.006 -0. 27.992 0. 0. -1. 0.
0.012 1. 0. -68.677 1. -0.012 -0. 29.689 0. 0. -1. 0.
0.025 1.000 0. -68.569 1.000 -0.025 -0. 31.419 0. 0. -1. 0.
0.035 0.999 0. -68.514 0.999 -0.035 -0. 33.071 0. 0. -1. 0.
0.046 0.999 0. -68.482 0.999 -0.046 -0. 34.708 0. 0. -1. 0.
0.060 0.998 0. -68.293 0.998 -0.060 -0. 36.343 0. 0. -1. 0.
0.080 0.997 0. -68.197 0.997 -0.080 -0. 38.020 0. 0. -1. 0.
0.108 0.994 0. -67.875 0.994 -0.108 -0. 39.613 0. 0. -1. 0.
0.126 0.992 0. -67.696 0.992 -0.126 -0. 41.281 0. 0. -1. 0.
0.144 0.990 0. -67.349 0.990 -0.144 -0. 42.789 0. 0. -1. 0.
0.148 0.989 0. -67.172 0.989 -0.148 -0. 44.375 0. 0. -1. 0.
0.162 0.987 0. -66.813 0.987 -0.162 -0. 45.968 0. 0. -1. 0.
0.155 0.988 0. -66.585 0.988 -0.155 -0. 47.599 0. 0. -1. 0.
0.143 0.990 0. -66.264 0.990 -0.143 -0. 49.155 0. 0. -1. 0.
0.130 0.992 0. -66.105 0.992 -0.130 -0. 50.744 0. 0. -1. 0.
0.106 0.994 0. -65.795 0.994 -0.106 -0. 52.454 0. 0. -1. 0.
0.083 0.997 0. -65.717 0.997 -0.083 -0. 54.126 0. 0. -1. 0.
0.069 0.998 0. -65.506 0.998 -0.069 -0. 55.787 0. 0. -1. 0.
0.052 0.999 0. -65.407 0.999 -0.052 -0. 57.538 0. 0. -1. 0.
0.028 1.000 0. -65.315 1.000 -0.028 -0. 59.090 0. 0. -1. 0.
0.014 1. 0. -65.270 1. -0.014 -0. 60.771 0. 0. -1. 0.
0.005 1. 0. -65.279 1. -0.005 -0. 62.400 0. 0. -1. 0.
-0.018 1.000 0. -65.207 1.000 0.018 0. 63.984 0. 0. -1. 0.
-0.023 1.000 0. -65.299 1.000 0.023 0. 65.562 0. 0. -1. 0.
-0.041 0.999 0. -65.354 0.999 0.041 0. 67.079 0. 0. -1. 0.
-0.049 0.999 0. -65.364 0.999 0.049 0. 68.650 0. 0. -1. 0.
-0.052 0.999 0. -65.480 0.999 0.052 0. 70.140 0. 0. -1. 0.
-0.059 0.998 0. -65.410 0.998 0.059 0. 71.756 0. 0. -1. 0.
-0.057 0.998 0. -65.486 0.998 0.057 0. 73.371 0. 0. -1. 0.
-0.065 0.998 0. -65.590 0.998 0.065 0. 74.936 0. 0. -1. 0.
-0.074 0.997 0. -65.611 0.997 0.074 0. 76.625 0. 0. -1. 0.
-0.086 0.996 0. -65.774 0.996 0.086 0. 78.204 0. 0. -1. 0.
-0.091 0.996 0. -65.836 0.996 0.091 0. 79.908 0. 0. -1. 0.
-0.111 0.994 0. -66.083 0.994 0.111 0. 81.436 0. 0. -1. 0.
-0.135 0.991 0. -66.280 0.991 0.135 0. 83.035 0. 0. -1. 0.
-0.176 0.984 0. -66.478 0.984 0.176 0. 84.520 0. 0. -1. 0.
-0.219 0.976 0. -66.842 0.976 0.219 0. 86.078 0. 0. -1. 0.
-0.271 0.963 0. -67.183 0.963 0.271 0. 87.531 0. 0. -1. 0.
-0.328 0.945 0. -67.513 0.945 0.328 0. 88.991 0. 0. -1. 0.
-0.384 0.923 0. -68.144 0.923 0.384 0. 90.251 0. 0. -1. 0.
-0.455 0.891 0. -68.746 0.891 0.455 0. 91.443 0. 0. -1. 0.
-0.526 0.851 0. -69.437 0.851 0.526 0. 92.741 0. 0. -1. 0.
-0.592 0.806 0. -70.291 0.806 0.592 0. 93.780 0. 0. -1. 0.
-0.673 0.740 0. -71.127 0.740 0.673 0. 94.808 0. 0. -1. 0.
-0.739 0.673 0. -72.180 0.673 0.739 0. 95.725 0. 0. -1. 0.
-0.800 0.599 0. -73.133 0.599 0.800 0. 96.445 0. 0. -1. 0.
-0.858 0.514 0. -74.162 0.514 0.858 0. 97.262 0. 0. -1. 0.
-0.901 0.434 0. -75.269 0.434 0.901 0. 97.670 0. 0. -1. 0.
-0.935 0.354 0. -76.467 0.354 0.935 0. 98.051 0. 0. -1. 0.
-0.960 0.280 0. -77.689 0.280 0.960 0. 98.486 0. 0. -1. 0.
-0.975 0.220 0. -79.039 0.220 0.975 0. 98.667 0. 0. -1. 0.
-0.983 0.181 0. -80.431 0.181 0.983 0. 98.965 0. 0. -1. 0.
-0.987 0.162 0. -81.672 0.162 0.987 0. 99.242 0. 0. -1. 0.
-0.989 0.150 0. -83.203 0.150 0.989 0. 99.550 0. 0. -1. 0.
-0.988 0.152 0. -84.678 0.152 0.988 0. 99.844 0. 0. -1. 0.
-0.985 0.170 0. -86.222 0.170 0.985 0. 100.034 0. 0. -1. 0.
-0.976 0.217 0. -87.720 0.217 0.976 0. 100.257 0. 0. -1. 0.
-0.962 0.274 0. -89.214 0.274 0.962 0. 100.777 0. 0. -1. 0.
-0.943 0.332 0. -90.619 0.332 0.943 0. 101.414 0. 0. -1. 0.
-0.917 0.398 0. -92.063 0.398 0.917 0. 102.164 0. 0. -1. 0.
-0.885 0.466 0. -93.515 0.466 0.885 0. 102.900 0. 0. -1. 0.
-0.850 0.527 0. -94.939 0.527 0.850 0. 103.782 0. 0. -1. 0.
-0.816 0.578 0. -96.330 0.578 0.816 0. 104.805 0. 0. -1. 0.
-0.784 0.621 0. -97.801 0.621 0.784 0. 105.839 0. 0. -1. 0.
-0.756 0.654 0. -99.164 0.654 0.756 0. 107.041 0. 0. -1. 0.
-0.735 0.678 0. -100.547 0.678 0.735 0. 108.345 0. 0. -1. 0.
-0.718 0.696 0. -101.907 0.696 0.718 0. 109.837 0. 0. -1. 0.
-0.704 0.711 0. -103.418 0.711 0.704 0. 111.173 0. 0. -1. 0.
-0.700 0.714 0. -104.941 0.714 0.700 0. 112.647 0. 0. -1. 0.
-0.708 0.707 0. -106.368 0.707 0.708 0. 114.378 0. 0. -1. 0.
-0.703 0.711 0. -107.852 0.711 0.703 0. 115.943 0. 0. -1. 0.
-0.704 0.711 0. -109.395 0.711 0.704 0. 117.571 0. 0. -1. 0.
-0.712 0.703 0. -111.083 0.703 0.712 0. 119.081 0. 0. -1. 0.
-0.711 0.703 0. -112.583 0.703 0.711 0. 120.869 0. 0. -1. 0.
-0.708 0.706 0. -114.323 0.706 0.708 0. 122.330 0. 0. -1. 0.
-0.707 0.707 0. -115.948 0.707 0.707 0. 124.149 0. 0. -1. 0.
-0.709 0.705 0. -117.610 0.705 0.709 0. 125.842 0. 0. -1. 0.
-0.701 0.713 0. -119.270 0.713 0.701 0. 127.547 0. 0. -1. 0.
-0.708 0.706 0. -120.816 0.706 0.708 0. 129.278 0. 0. -1. 0.
-0.701 0.713 0. -122.537 0.713 0.701 0. 131.041 0. 0. -1. 0.
-0.700 0.714 0. -124.170 0.714 0.700 0. 132.787 0. 0. -1. 0.
-0.701 0.713 0. -125.904 0.713 0.701 0. 134.543 0. 0. -1. 0.
-0.702 0.712 0. -127.567 0.712 0.702 0. 136.442 0. 0. -1. 0.
-0.704 0.711 0. -129.325 0.711 0.704 0. 138.061 0. 0. -1. 0.
-0.708 0.706 0. -130.984 0.706 0.708 0. 139.852 0. 0. -1. 0.
-0.713 0.702 0. -132.675 0.702 0.713 0. 141.625 0. 0. -1. 0.
-0.711 0.703 0. -134.340 0.703 0.711 0. 143.442 0. 0. -1. 0.
-0.709 0.706 0. -135.933 0.706 0.709 0. 145.153 0. 0. -1. 0.
-0.710 0.704 0. -137.696 0.704 0.710 0. 146.829 0. 0. -1. 0.
-0.704 0.710 0. -139.343 0.710 0.704 0. 148.485 0. 0. -1. 0.
-0.692 0.722 0. -140.895 0.722 0.692 0. 150.187 0. 0. -1. 0.
-0.677 0.736 0. -142.447 0.736 0.677 0. 151.890 0. 0. -1. 0.
-0.657 0.753 0. -143.930 0.753 0.657 0. 153.581 0. 0. -1. 0.
-0.641 0.767 0. -145.354 0.767 0.641 0. 155.363 0. 0. -1. 0.
-0.630 0.777 0. -146.824 0.777 0.630 0. 157.190 0. 0. -1. 0.
-0.605 0.796 0. -148.127 0.796 0.605 0. 159.023 0. 0. -1. 0.
-0.578 0.816 0. -149.398 0.816 0.578 0. 160.927 0. 0. -1. 0.
-0.549 0.836 0. -150.609 0.836 0.549 0. 162.821 0. 0. -1. 0.
-0.514 0.858 0. -151.814 0.858 0.514 0. 164.797 0. 0. -1. 0.
-0.481 0.877 0. -152.705 0.877 0.481 0. 166.876 0. 0. -1. 0.
-0.444 0.896 0. -153.828 0.896 0.444 0. 168.926 0. 0. -1. 0.
-0.406 0.914 0. -154.725 0.914 0.406 0. 171.037 0. 0. -1. 0.
-0.361 0.933 0. -155.635 0.933 0.361 0. 173.171 0. 0. -1. 0.
-0.328 0.945 0. -156.246 0.945 0.328 0. 175.364 0. 0. -1. 0.
-0.287 0.958 0. -156.950 0.958 0.287 0. 177.535 0. 0. -1. 0.
-0.254 0.967 0. -157.596 0.967 0.254 0. 179.710 0. 0. -1. 0.
-0.224 0.974 0. -158.022 0.974 0.224 0. 181.960 0. 0. -1. 0.
-0.202 0.979 0. -158.302 0.979 0.202 0. 184.209 0. 0. -1. 0.
-0.177 0.984 0. -159.019 0.984 0.177 0. 186.417 0. 0. -1. 0.
-0.168 0.986 0. -159.039 0.986 0.168 0. 188.703 0. 0. -1. 0.
-0.153 0.988 0. -159.465 0.988 0.153 0. 190.905 0. 0. -1. 0.
-0.139 0.990 0. -159.788 0.990 0.139 0. 193.093 0. 0. -1. 0.
-0.126 0.992 0. -160.076 0.992 0.126 0. 195.230 0. 0. -1. 0.
-0.123 0.992 0. -160.164 0.992 0.123 0. 197.425 0. 0. -1. 0.
-0.115 0.993 0. -160.632 0.993 0.115 0. 199.502 0. 0. -1. 0.
-0.114 0.993 0. -160.584 0.993 0.114 0. 201.652 0. 0. -1. 0.
-0.114 0.993 0. -160.919 0.993 0.114 0. 203.766 0. 0. -1. 0.
-0.119 0.993 0. -160.976 0.993 0.119 0. 205.788 0. 0. -1. 0.
-0.122 0.992 0. -161.172 0.992 0.122 0. 207.822 0. 0. -1. 0.
-0.140 0.990 0. -161.396 0.990 0.140 0. 209.867 0. 0. -1. 0.
-0.156 0.988 0. -161.782 0.988 0.156 0. 211.801 0. 0. -1. 0.
-0.176 0.984 0. -162.052 0.984 0.176 0. 213.779 0. 0. -1. 0.
-0.198 0.980 0. -162.546 0.980 0.198 0. 215.695 0. 0. -1. 0.
-0.237 0.972 0. -162.837 0.972 0.237 0. 217.566 0. 0. -1. 0.
-0.278 0.961 0. -163.389 0.961 0.278 0. 219.426 0. 0. -1. 0.
-0.331 0.944 0. -163.927 0.944 0.331 0. 221.239 0. 0. -1. 0.
-0.381 0.924 0. -164.590 0.924 0.381 0. 222.973 0. 0. -1. 0.
-0.437 0.900 0. -165.368 0.900 0.437 0. 224.674 0. 0. -1. 0.
-0.490 0.872 0. -166.294 0.872 0.490 0. 226.330 0. 0. -1. 0.
-0.542 0.840 0. -167.123 0.840 0.542 0. 227.853 0. 0. -1. 0.
-0.590 0.807 0. -168.419 0.807 0.590 0. 229.242 0. 0. -1. 0.
-0.643 0.766 0. -169.406 0.766 0.643 0. 230.616 0. 0. -1. 0.
-0.701 0.713 0. -170.561 0.713 0.701 0. 231.999 0. 0. -1. 0.
-0.752 0.659 0. -172.063 0.659 0.752 0. 233.165 0. 0. -1. 0.
-0.797 0.604 0. -173.593 0.604 0.797 0. 234.247 0. 0. -1. 0.
-0.839 0.544 0. -175.089 0.544 0.839 0. 235.263 0. 0. -1. 0.
-0.874 0.485 0. -176.723 0.485 0.874 0. 236.191 0. 0. -1. 0.
-0.903 0.430 0. -178.436 0.430 0.903 0. 237.065 0. 0. -1. 0.
-0.923 0.384 0. -180.172 0.384 0.923 0. 237.859 0. 0. -1. 0.
-0.940 0.342 0. -182.003 0.342 0.940 0. 238.602 0. 0. -1. 0.
-0.952 0.306 0. -183.875 0.306 0.952 0. 239.235 0. 0. -1. 0.
-0.960 0.279 0. -185.829 0.279 0.960 0. 239.859 0. 0. -1. 0.
-0.963 0.269 0. -187.825 0.269 0.963 0. 240.430 0. 0. -1. 0.
-0.963 0.270 0. -189.922 0.270 0.963 0. 241.038 0. 0. -1. 0.
-0.962 0.272 0. -191.976 0.272 0.962 0. 241.661 0. 0. -1. 0.
-0.963 0.269 0. -194.122 0.269 0.963 0. 242.275 0. 0. -1. 0.
-0.964 0.265 0. -196.397 0.265 0.964 0. 242.927 0. 0. -1. 0.
-0.965 0.264 0. -198.529 0.264 0.965 0. 243.530 0. 0. -1. 0.
-0.966 0.257 0. -200.683 0.257 0.966 0. 244.206 0. 0. -1. 0.
-0.967 0.255 0. -202.897 0.255 0.967 0. 244.763 0. 0. -1. 0.
-0.966 0.259 0. -205.010 0.259 0.966 0. 245.351 0. 0. -1. 0.
-0.966 0.258 0. -207.203 0.258 0.966 0. 245.966 0. 0. -1. 0.
-0.966 0.259 0. -209.360 0.259 0.966 0. 246.614 0. 0. -1. 0.
-0.966 0.260 0. -211.421 0.260 0.966 0. 247.194 0. 0. -1. 0.
-0.967 0.256 0. -213.521 0.256 0.967 0. 247.752 0. 0. -1. 0.
-0.970 0.245 0. -215.693 0.245 0.970 0. 248.291 0. 0. -1. 0.
-0.970 0.242 0. -217.751 0.242 0.970 0. 248.861 0. 0. -1. 0.
-0.970 0.244 0. -219.719 0.244 0.970 0. 249.365 0. 0. -1. 0.
-0.970 0.243 0. -221.840 0.243 0.970 0. 249.924 0. 0. -1. 0.
-0.968 0.252 0. -223.835 0.252 0.968 0. 250.477 0. 0. -1. 0.
-0.964 0.267 0. -225.670 0.267 0.964 0. 251.053 0. 0. -1. 0.
-0.961 0.276 0. -227.710 0.276 0.961 0. 251.557 0. 0. -1. 0.
-0.957 0.289 0. -229.519 0.289 0.957 0. 252.170 0. 0. -1. 0.
-0.954 0.300 0. -231.328 0.300 0.954 0. 252.801 0. 0. -1. 0.
-0.946 0.325 0. -233.040 0.325 0.946 0. 253.349 0. 0. -1. 0.
-0.936 0.352 0. -234.603 0.352 0.936 0. 253.936 0. 0. -1. 0.
-0.928 0.371 0. -236.151 0.371 0.928 0. 254.587 0. 0. -1. 0.
-0.919 0.395 0. -237.407 0.395 0.919 0. 255.198 0. 0. -1. 0.
-0.908 0.419 0. -238.734 0.419 0.908 0. 255.855 0. 0. -1. 0.
-0.901 0.435 0. -239.902 0.435 0.901 0. 256.523 0. 0. -1. 0.
-0.897 0.441 0. -241.077 0.441 0.897 0. 257.049 0. 0. -1. 0.
-0.893 0.449 0. -242.115 0.449 0.893 0. 257.613 0. 0. -1. 0.
-0.889 0.457 0. -243.010 0.457 0.889 0. 258.021 0. 0. -1. 0.
-0.883 0.470 0. -243.970 0.470 0.883 0. 258.460 0. 0. -1. 0.
-0.882 0.471 0. -244.745 0.471 0.882 0. 258.963 0. 0. -1. 0.
-0.878 0.479 0. -245.487 0.479 0.878 0. 259.481 0. 0. -1. 0.
-0.875 0.485 0. -246.145 0.485 0.875 0. 259.827 0. 0. -1. 0.
-0.870 0.493 0. -246.675 0.493 0.870 0. 260.063 0. 0. -1. 0.
-0.869 0.495 0. -247.154 0.495 0.869 0. 260.382 0. 0. -1. 0.
-0.867 0.498 0. -247.614 0.498 0.867 0. 260.768 0. 0. -1. 0.
-0.865 0.502 0. -247.916 0.502 0.865 0. 260.891 0. 0. -1. 0.
-0.862 0.506 0. -248.249 0.506 0.862 0. 261.137 0. 0. -1. 0.
-0.860 0.510 0. -248.500 0.510 0.860 0. 261.254 0. 0. -1. 0.
-0.862 0.507 0. -248.783 0.507 0.862 0. 261.449 0. 0. -1. 0.
-0.859 0.512 0. -248.945 0.512 0.859 0. 261.622 0. 0. -1. 0.
-0.856 0.518 0. -249.083 0.518 0.856 0. 261.669 0. 0. -1. 0.
-0.854 0.521 0. -249.216 0.521 0.854 0. 261.750 0. 0. -1. 0.
-0.853 0.522 0. -249.342 0.522 0.853 0. 261.876 0. 0. -1. 0.
-0.856 0.517 0. -249.578 0.517 0.856 0. 261.975 0. 0. -1. 0.
-0.853 0.521 0. -249.781 0.521 0.853 0. 262.064 0. 0. -1. 0.
-0.852 0.524 0. -249.887 0.524 0.852 0. 262.045 0. 0. -1. 0.
-0.851 0.525 0. -250.175 0.525 0.851 0. 262.367 0. 0. -1. 0.
-0.848 0.530 0. -250.438 0.530 0.848 0. 262.558 0. 0. -1. 0.
-0.843 0.538 0. -250.861 0.538 0.843 0. 262.814 0. 0. -1. 0.
-0.837 0.547 0. -251.311 0.547 0.837 0. 263.106 0. 0. -1. 0.
-0.827 0.562 0. -251.723 0.562 0.827 0. 263.360 0. 0. -1. 0.
-0.814 0.581 0. -252.223 0.581 0.814 0. 263.609 0. 0. -1. 0.
-0.796 0.605 0. -252.643 0.605 0.796 0. 264.197 0. 0. -1. 0.
-0.770 0.638 0. -253.251 0.638 0.770 0. 264.577 0. 0. -1. 0.
-0.732 0.681 0. -253.964 0.681 0.732 0. 265.052 0. 0. -1. 0.
-0.677 0.736 0. -254.527 0.736 0.677 0. 265.784 0. 0. -1. 0.
-0.617 0.787 0. -254.875 0.787 0.617 0. 266.557 0. 0. -1. 0.
-0.549 0.836 0. -255.401 0.836 0.549 0. 267.270 0. 0. -1. 0.
-0.477 0.879 0. -255.645 0.879 0.477 0. 268.202 0. 0. -1. 0.
-0.394 0.919 0. -256.101 0.919 0.394 0. 269.301 0. 0. -1. 0.
-0.298 0.954 0. -256.386 0.954 0.298 0. 270.283 0. 0. -1. 0.
-0.203 0.979 0. -256.640 0.979 0.203 0. 271.481 0. 0. -1. 0.
-0.113 0.994 0. -256.771 0.994 0.113 0. 272.751 0. 0. -1. 0.
-0.027 1.000 0. -256.743 1.000 0.027 0. 274.191 0. 0. -1. 0.
0.061 0.998 0. -256.674 0.998 -0.061 -0. 275.703 0. 0. -1. 0.
0.127 0.992 0. -256.382 0.992 -0.127 -0. 277.314 0. 0. -1. 0.
0.158 0.987 0. -255.962 0.987 -0.158 -0. 279.106 0. 0. -1. 0.
0.180 0.984 0. -255.749 0.984 -0.180 -0. 281.136 0. 0. -1. 0.
0.196 0.981 0. -255.341 0.981 -0.196 -0. 283.091 0. 0. -1. 0.
0.210 0.978 0. -254.923 0.978 -0.210 -0. 285.301 0. 0. -1. 0.
0.222 0.975 0. -254.312 0.975 -0.222 -0. 287.533 0. 0. -1. 0.
0.224 0.975 0. -253.641 0.975 -0.224 -0. 289.838 0. 0. -1. 0.
0.234 0.972 0. -253.187 0.972 -0.234 -0. 292.252 0. 0. -1. 0.
0.243 0.970 0. -252.526 0.970 -0.243 -0. 294.670 0. 0. -1. 0.
0.250 0.968 0. -251.726 0.968 -0.250 -0. 297.178 0. 0. -1. 0.
0.251 0.968 0. -251.082 0.968 -0.251 -0. 299.745 0. 0. -1. 0.
0.255 0.967 0. -250.376 0.967 -0.255 -0. 302.358 0. 0. -1. 0.
0.256 0.967 0. -249.586 0.967 -0.256 -0. 305.056 0. 0. -1. 0.
0.255 0.967 0. -248.815 0.967 -0.255 -0. 307.839 0. 0. -1. 0.
0.260 0.966 0. -247.993 0.966 -0.260 -0. 310.675 0. 0. -1. 0.
0.252 0.968 0. -247.146 0.968 -0.252 -0. 313.563 0. 0. -1. 0.
0.253 0.967 0. -246.342 0.967 -0.253 -0. 316.592 0. 0. -1. 0.
0.255 0.967 0. -245.498 0.967 -0.255 -0. 319.631 0. 0. -1. 0.
0.258 0.966 0. -244.557 0.966 -0.258 -0. 322.816 0. 0. -1. 0.
0.265 0.964 0. -243.687 0.964 -0.265 -0. 326.010 0. 0. -1. 0.
0.258 0.966 0. -242.644 0.966 -0.258 -0. 329.249 0. 0. -1. 0.
0.262 0.965 0. -241.818 0.965 -0.262 -0. 332.657 0. 0. -1. 0.
0.258 0.966 0. -240.776 0.966 -0.258 -0. 336.054 0. 0. -1. 0.
0.261 0.965 0. -239.772 0.965 -0.261 -0. 339.505 0. 0. -1. 0.
0.258 0.966 0. -238.785 0.966 -0.258 -0. 342.965 0. 0. -1. 0.
0.253 0.967 0. -237.703 0.967 -0.253 -0. 346.477 0. 0. -1. 0.
0.259 0.966 0. -236.851 0.966 -0.259 -0. 350.025 0. 0. -1. 0.
0.257 0.966 0. -235.829 0.966 -0.257 -0. 353.498 0. 0. -1. 0.
0.254 0.967 0. -234.787 0.967 -0.254 -0. 357.043 0. 0. -1. 0.
0.259 0.966 0. -233.771 0.966 -0.259 -0. 360.495 0. 0. -1. 0.
0.251 0.968 0. -232.771 0.968 -0.251 -0. 364.031 0. 0. -1. 0.
0.252 0.968 0. -231.734 0.968 -0.252 -0. 367.444 0. 0. -1. 0.
0.257 0.966 0. -230.880 0.966 -0.257 -0. 370.918 0. 0. -1. 0.
0.260 0.966 0. -229.942 0.966 -0.260 -0. 374.340 0. 0. -1. 0.
0.262 0.965 0. -229.005 0.965 -0.262 -0. 377.803 0. 0. -1. 0.
0.259 0.966 0. -227.700 0.966 -0.259 -0. 381.180 0. 0. -1. 0.
0.264 0.965 0. -226.963 0.965 -0.264 -0. 384.654 0. 0. -1. 0.
0.259 0.966 0. -225.780 0.966 -0.259 -0. 387.963 0. 0. -1. 0.
0.265 0.964 0. -224.937 0.964 -0.265 -0. 391.475 0. 0. -1. 0.
0.262 0.965 0. -223.922 0.965 -0.262 -0. 394.838 0. 0. -1. 0.
0.262 0.965 0. -222.924 0.965 -0.262 -0. 398.225 0. 0. -1. 0.
0.265 0.964 0. -221.977 0.964 -0.265 -0. 401.623 0. 0. -1. 0.
0.256 0.967 0. -220.888 0.967 -0.256 -0. 405.013 0. 0. -1. 0.
0.257 0.966 0. -219.978 0.966 -0.257 -0. 408.500 0. 0. -1. 0.
0.254 0.967 0. -218.977 0.967 -0.254 -0. 411.877 0. 0. -1. 0.
0.249 0.968 0. -218.028 0.968 -0.249 -0. 415.317 0. 0. -1. 0.
0.250 0.968 0. -217.089 0.968 -0.250 -0. 418.689 0. 0. -1. 0.
0.253 0.967 0. -216.123 0.967 -0.253 -0. 422.098 0. 0. -1. 0.
0.256 0.967 0. -215.135 0.967 -0.256 -0. 425.436 0. 0. -1. 0.
0.251 0.968 0. -214.192 0.968 -0.251 -0. 428.789 0. 0. -1. 0.
0.254 0.967 0. -213.293 0.967 -0.254 -0. 432.175 0. 0. -1. 0.
0.253 0.967 0. -212.327 0.967 -0.253 -0. 435.485 0. 0. -1. 0.
0.253 0.968 0. -211.436 0.968 -0.253 -0. 438.829 0. 0. -1. 0.
0.253 0.968 0. -210.492 0.968 -0.253 -0. 442.122 0. 0. -1. 0.
0.254 0.967 0. -209.594 0.967 -0.254 -0. 445.454 0. 0. -1. 0.
0.254 0.967 0. -208.640 0.967 -0.254 -0. 448.687 0. 0. -1. 0.
0.252 0.968 0. -207.741 0.968 -0.252 -0. 451.958 0. 0. -1. 0.
0.255 0.967 0. -206.867 0.967 -0.255 -0. 455.221 0. 0. -1. 0.
0.256 0.967 0. -205.917 0.967 -0.256 -0. 458.471 0. 0. -1. 0.
0.258 0.966 0. -205.016 0.966 -0.258 -0. 461.710 0. 0. -1. 0.
0.258 0.966 0. -203.972 0.966 -0.258 -0. 464.845 0. 0. -1. 0.
0.258 0.966 0. -203.139 0.966 -0.258 -0. 468.115 0. 0. -1. 0.
0.253 0.968 0. -202.232 0.968 -0.253 -0. 471.274 0. 0. -1. 0.
0.252 0.968 0. -201.278 0.968 -0.252 -0. 474.377 0. 0. -1. 0.
0.257 0.966 0. -200.430 0.966 -0.257 -0. 477.552 0. 0. -1. 0.
0.260 0.966 0. -199.559 0.966 -0.260 -0. 480.653 0. 0. -1. 0.
0.258 0.966 0. -198.668 0.966 -0.258 -0. 483.721 0. 0. -1. 0.
0.253 0.967 0. -197.768 0.967 -0.253 -0. 486.778 0. 0. -1. 0.
0.253 0.967 0. -197.023 0.967 -0.253 -0. 489.815 0. 0. -1. 0.
0.257 0.966 0. -196.126 0.966 -0.257 -0. 492.779 0. 0. -1. 0.
0.252 0.968 0. -195.308 0.968 -0.252 -0. 495.752 0. 0. -1. 0.
0.250 0.968 0. -194.463 0.968 -0.250 -0. 498.756 0. 0. -1. 0.
0.253 0.967 0. -193.722 0.967 -0.253 -0. 501.748 0. 0. -1. 0.
0.254 0.967 0. -192.944 0.967 -0.254 -0. 504.599 0. 0. -1. 0.
0.249 0.968 0. -192.119 0.968 -0.249 -0. 507.465 0. 0. -1. 0.
0.251 0.968 0. -191.343 0.968 -0.251 -0. 510.226 0. 0. -1. 0.
0.251 0.968 0. -190.587 0.968 -0.251 -0. 512.952 0. 0. -1. 0.
0.253 0.967 0. -189.871 0.967 -0.253 -0. 515.643 0. 0. -1. 0.
0.257 0.966 0. -189.103 0.966 -0.257 -0. 518.190 0. 0. -1. 0.
0.250 0.968 0. -188.381 0.968 -0.250 -0. 520.746 0. 0. -1. 0.
0.256 0.967 0. -187.783 0.967 -0.256 -0. 523.280 0. 0. -1. 0.
0.262 0.965 0. -187.014 0.965 -0.262 -0. 525.591 0. 0. -1. 0.
0.268 0.964 0. -186.336 0.964 -0.268 -0. 527.993 0. 0. -1. 0.
0.264 0.965 0. -185.602 0.965 -0.264 -0. 530.234 0. 0. -1. 0.
0.272 0.962 0. -185.038 0.962 -0.272 -0. 532.553 0. 0. -1. 0.
0.281 0.960 0. -184.429 0.960 -0.281 -0. 534.779 0. 0. -1. 0.
0.281 0.960 0. -183.752 0.960 -0.281 -0. 536.865 0. 0. -1. 0.
0.283 0.959 0. -183.119 0.959 -0.283 -0. 538.856 0. 0. -1. 0.
0.282 0.959 0. -182.483 0.959 -0.282 -0. 540.806 0. 0. -1. 0.
0.282 0.959 0. -181.935 0.959 -0.282 -0. 542.695 0. 0. -1. 0.
0.283 0.959 0. -181.437 0.959 -0.283 -0. 544.508 0. 0. -1. 0.
0.283 0.959 0. -180.901 0.959 -0.283 -0. 546.223 0. 0. -1. 0.
0.282 0.959 0. -180.358 0.959 -0.282 -0. 547.817 0. 0. -1. 0.
0.283 0.959 0. -179.883 0.959 -0.283 -0. 549.317 0. 0. -1. 0.
0.285 0.958 0. -179.448 0.958 -0.285 -0. 550.764 0. 0. -1. 0.
0.284 0.959 0. -178.996 0.959 -0.284 -0. 552.110 0. 0. -1. 0.
0.281 0.960 0. -178.610 0.960 -0.281 -0. 553.430 0. 0. -1. 0.
0.277 0.961 0. -178.326 0.961 -0.277 -0. 554.602 0. 0. -1. 0.
0.266 0.964 0. -178.010 0.964 -0.266 -0. 555.612 0. 0. -1. 0.
0.259 0.966 0. -177.714 0.966 -0.259 -0. 556.660 0. 0. -1. 0.
0.254 0.967 0. -177.497 0.967 -0.254 -0. 557.452 0. 0. -1. 0.
0.248 0.969 0. -177.271 0.969 -0.248 -0. 558.252 0. 0. -1. 0.
0.242 0.970 0. -177.087 0.970 -0.242 -0. 558.914 0. 0. -1. 0.
0.241 0.970 0. -176.974 0.970 -0.241 -0. 559.552 0. 0. -1. 0.
0.235 0.972 0. -176.780 0.972 -0.235 -0. 559.972 0. 0. -1. 0.
0.235 0.972 0. -176.728 0.972 -0.235 -0. 560.461 0. 0. -1. 0.
0.231 0.973 0. -176.601 0.973 -0.231 -0. 560.608 0. 0. -1. 0.
0.226 0.974 0. -176.544 0.974 -0.226 -0. 561.057 0. 0. -1. 0.
0.225 0.974 0. -176.506 0.974 -0.225 -0. 561.250 0. 0. -1. 0.
0.226 0.974 0. -176.467 0.974 -0.226 -0. 561.370 0. 0. -1. 0.
0.229 0.973 0. -176.449 0.973 -0.229 -0. 561.500 0. 0. -1. 0.
0.230 0.973 0. -176.418 0.973 -0.230 -0. 561.568 0. 0. -1. 0.
0.230 0.973 0. -176.288 0.973 -0.230 -0. 561.540 0. 0. -1. 0.
0.229 0.973 0. -176.305 0.973 -0.229 -0. 561.649 0. 0. -1. 0.
0.222 0.975 0. -176.387 0.975 -0.222 -0. 561.609 0. 0. -1. 0.
0.222 0.975 0. -176.388 0.975 -0.222 -0. 561.670 0. 0. -1. 0.
0.228 0.974 0. -176.417 0.974 -0.228 -0. 561.592 0. 0. -1. 0.
0.231 0.973 0. -176.429 0.973 -0.231 -0. 561.523 0. 0. -1. 0.
0.225 0.974 0. -176.390 0.974 -0.225 -0. 561.650 0. 0. -1. 0.
0.227 0.974 0. -176.400 0.974 -0.227 -0. 561.623 0. 0. -1. 0.
0.230 0.973 0. -176.381 0.973 -0.230 -0. 561.617 0. 0. -1. 0.
0.224 0.975 0. -176.367 0.975 -0.224 -0. 561.597 0. 0. -1. 0.
0.225 0.974 0. -176.365 0.974 -0.225 -0. 561.711 0. 0. -1. 0.
0.225 0.974 0. -176.325 0.974 -0.225 -0. 561.601 0. 0. -1. 0.
0.228 0.974 0. -176.312 0.974 -0.228 -0. 561.650 0. 0. -1. 0.
0.225 0.974 0. -176.380 0.974 -0.225 -0. 561.616 0. 0. -1. 0.
0.230 0.973 0. -176.367 0.973 -0.230 -0. 561.632 0. 0. -1. 0.
0.225 0.974 0. -176.382 0.974 -0.225 -0. 561.628 0. 0. -1. 0.
0.229 0.973 0. -176.439 0.973 -0.229 -0. 561.629 0. 0. -1. 0.
0.230 0.973 0. -176.423 0.973 -0.230 -0. 561.564 0. 0. -1. 0.
0.223 0.975 0. -176.368 0.975 -0.223 -0. 561.661 0. 0. -1. 0.
0.227 0.974 0. -176.407 0.974 -0.227 -0. 561.643 0. 0. -1. 0.
0.229 0.974 0. -176.397 0.974 -0.229 -0. 561.648 0. 0. -1. 0.
0.230 0.973 0. -176.343 0.973 -0.230 -0. 561.726 0. 0. -1. 0.
0.223 0.975 0. -176.301 0.975 -0.223 -0. 561.859 0. 0. -1. 0.
0.229 0.973 0. -176.253 0.973 -0.229 -0. 561.969 0. 0. -1. 0.
0.231 0.973 0. -176.318 0.973 -0.231 -0. 562.080 0. 0. -1. 0.
0.224 0.975 0. -176.177 0.975 -0.224 -0. 562.278 0. 0. -1. 0.
0.228 0.974 0. -176.124 0.974 -0.228 -0. 562.589 0. 0. -1. 0.
0.228 0.974 0. -176.117 0.974 -0.228 -0. 562.864 0. 0. -1. 0.
0.229 0.973 0. -175.992 0.973 -0.229 -0. 563.311 0. 0. -1. 0.
0.226 0.974 0. -175.895 0.974 -0.226 -0. 563.854 0. 0. -1. 0.
0.224 0.975 0. -175.691 0.975 -0.224 -0. 564.584 0. 0. -1. 0.
0.223 0.975 0. -175.446 0.975 -0.223 -0. 565.426 0. 0. -1. 0.
0.221 0.975 0. -175.183 0.975 -0.221 -0. 566.327 0. 0. -1. 0.
0.222 0.975 0. -175.015 0.975 -0.222 -0. 567.322 0. 0. -1. 0.
0.219 0.976 0. -174.706 0.976 -0.219 -0. 568.473 0. 0. -1. 0.
0.223 0.975 0. -174.415 0.975 -0.223 -0. 569.715 0. 0. -1. 0.
