0.968 0.251 0. -3.859 0.251 -0.968 0. -0.070 0. 0. -1. 0.
0.968 0.251 0. -3.859 0.251 -0.968 0. -0.070 0. 0. -1. 0.
0.968 0.251 0. -3.859 0.251 -0.968 0. -0.070 0. 0. -1. 0.
0.968 0.251 0. -3.859 0.251 -0.968 0. -0.070 0. 0. -1. 0.
0.968 0.251 0. -3.859 0.251 -0.968 0. -0.070 0. 0. -1. 0.
0.968 0.251 0. -3.859 0.251 -0.968 0. -0.070 0. 0. -1. 0.
0.968 0.251 0. -3.859 0.251 -0.968 0. -0.070 0. 0. -1. 0.
0.968 0.251 0. -3.859 0.251 -0.968 0. -0.070 0. 0. -1. 0.
0.968 0.251 0. -3.859 0.251 -0.968 0. -0.070 0. 0. -1. 0.
0.968 0.251 0. -3.859 0.251 -0.968 0. -0.070 0. 0. -1. 0.
0.968 0.251 0. -3.859 0.251 -0.968 0. -0.070 0. 0. -1. 0.
0.968 0.251 0. -3.859 0.251 -0.968 0. -0.070 0. 0. -1. 0.
0.968 0.251 0. -3.859 0.251 -0.968 0. -0.069 0. 0. -1. 0.
0.968 0.251 0. -3.859 0.251 -0.968 0. -0.068 0. 0. -1. 0.
0.968 0.251 0. -3.845 0.251 -0.968 0. -0.064 0. 0. -1. 0.
0.968 0.249 0. -3.814 0.249 -0.968 0. -0.055 0. 0. -1. 0.
0.969 0.247 0. -3.772 0.247 -0.969 0. -0.045 0. 0. -1. 0.
0.970 0.242 0. -3.699 0.242 -0.970 0. -0.030 0. 0. -1. 0.
0.973 0.232 0. -3.556 0.232 -0.973 0. -0.004 0. 0. -1. 0.
0.977 0.215 0. -3.312 0.215 -0.977 0. 0.037 0. 0. -1. 0.
0.981 0.192 0. -2.971 0.192 -0.981 0. 0.088 0. 0. -1. 0.
0.986 0.166 0. -2.536 0.166 -0.986 0. 0.144 0. 0. -1. 0.
0.990 0.142 0. -1.993 0.142 -0.990 0. 0.206 0. 0. -1. 0.
0.993 0.122 0. -1.344 0.122 -0.993 0. 0.272 0. 0. -1. 0.
0.994 0.108 0. -0.595 0.108 -0.994 0. 0.333 0. 0. -1. 0.
0.995 0.099 0. 0.255 0.099 -0.995 0. 0.407 0. 0. -1. 0.
0.996 0.091 0. 1.193 0.091 -0.996 0. 0.478 0. 0. -1. 0.
0.996 0.085 0. 2.203 0.085 -0.996 0. 0.547 0. 0. -1. 0.
0.997 0.079 0. 3.287 0.079 -0.997 0. 0.629 0. 0. -1. 0.
0.997 0.076 0. 4.430 0.076 -0.997 0. 0.714 0. 0. -1. 0.
0.997 0.076 0. 5.604 0.076 -0.997 0. 0.793 0. 0. -1. 0.
0.997 0.076 0. 6.826 0.076 -0.997 0. 0.876 0. 0. -1. 0.
0.997 0.077 0. 8.104 0.077 -0.997 0. 0.964 0. 0. -1. 0.
0.997 0.083 0. 9.413 0.083 -0.997 0. 1.036 0. 0. -1. 0.
0.996 0.094 0. 10.773 0.094 -0.996 0. 1.136 0. 0. -1. 0.
0.994 0.108 0. 12.214 0.108 -0.994 0. 1.260 0. 0. -1. 0.
0.993 0.121 0. 13.693 0.121 -0.993 0. 1.422 0. 0. -1. 0.
0.991 0.131 0. 15.171 0.131 -0.991 0. 1.583 0. 0. -1. 0.
0.991 0.137 0. 16.761 0.137 -0.991 0. 1.781 0. 0. -1. 0.
0.990 0.142 0. 18.367 0.142 -0.990 0. 1.975 0. 0. -1. 0.
0.989 0.149 0. 20.023 0.149 -0.989 0. 2.182 0. 0. -1. 0.
0.988 0.157 0. 21.727 0.157 -0.988 0. 2.415 0. 0. -1. 0.
0.986 0.167 0. 23.424 0.167 -0.986 0. 2.664 0. 0. -1. 0.
0.984 0.179 0. 25.106 0.179 -0.984 0. 2.928 0. 0. -1. 0.
0.982 0.191 0. 26.791 0.191 -0.982 0. 3.216 0. 0. -1. 0.
0.979 0.203 0. 28.456 0.203 -0.979 0. 3.511 0. 0. -1. 0.
0.977 0.214 0. 30.140 0.214 -0.977 0. 3.826 0. 0. -1. 0.
0.974 0.225 0. 31.835 0.225 -0.974 0. 4.200 0. 0. -1. 0.
0.973 0.233 0. 33.487 0.233 -0.973 0. 4.561 0. 0. -1. 0.
0.971 0.238 0. 35.207 0.238 -0.971 0. 4.987 0. 0. -1. 0.
0.971 0.240 0. 36.925 0.240 -0.971 0. 5.335 0. 0. -1. 0.
0.970 0.244 0. 38.599 0.244 -0.970 0. 5.743 0. 0. -1. 0.
0.969 0.248 0. 40.353 0.248 -0.969 0. 6.144 0. 0. -1. 0.
0.969 0.249 0. 42.104 0.249 -0.969 0. 6.570 0. 0. -1. 0.
0.969 0.248 0. 43.877 0.248 -0.969 0. 6.982 0. 0. -1. 0.
0.969 0.249 0. 45.685 0.249 -0.969 0. 7.402 0. 0. -1. 0.
0.969 0.248 0. 47.510 0.248 -0.969 0. 7.840 0. 0. -1. 0.
0.969 0.249 0. 49.366 0.249 -0.969 0. 8.277 0. 0. -1. 0.
0.969 0.248 0. 51.270 0.248 -0.969 0. 8.705 0. 0. -1. 0.
0.968 0.250 0. 53.158 0.250 -0.968 0. 9.146 0. 0. -1. 0.
0.969 0.249 0. 55.103 0.249 -0.969 0. 9.598 0. 0. -1. 0.
0.968 0.249 0. 57.076 0.249 -0.968 0. 10.052 0. 0. -1. 0.
0.968 0.250 0. 59.034 0.250 -0.968 0. 10.501 0. 0. -1. 0.
0.968 0.249 0. 60.992 0.249 -0.968 0. 10.962 0. 0. -1. 0.
0.968 0.250 0. 62.937 0.250 -0.968 0. 11.430 0. 0. -1. 0.
0.968 0.250 0. 64.893 0.250 -0.968 0. 11.903 0. 0. -1. 0.
0.968 0.249 0. 66.832 0.249 -0.968 0. 12.363 0. 0. -1. 0.
0.968 0.250 0. 68.775 0.250 -0.968 0. 12.816 0. 0. -1. 0.
0.969 0.248 0. 70.705 0.248 -0.969 0. 13.276 0. 0. -1. 0.
0.970 0.243 0. 72.626 0.243 -0.970 0. 13.717 0. 0. -1. 0.
0.972 0.234 0. 74.541 0.234 -0.972 0. 14.143 0. 0. -1. 0.
0.976 0.218 0. 76.427 0.218 -0.976 0. 14.561 0. 0. -1. 0.
0.981 0.194 0. 78.297 0.194 -0.981 0. 14.909 0. 0. -1. 0.
0.986 0.165 0. 80.176 0.165 -0.986 0. 15.208 0. 0. -1. 0.
0.992 0.129 0. 82.032 0.129 -0.992 0. 15.433 0. 0. -1. 0.
0.996 0.088 0. 83.864 0.088 -0.996 0. 15.588 0. 0. -1. 0.
0.999 0.044 0. 85.696 0.044 -0.999 0. 15.651 0. 0. -1. 0.
1. -0.004 0. 87.514 -0.004 -1. -0. 15.636 0. 0. -1. 0.
0.999 -0.052 0. 89.306 -0.052 -0.999 -0. 15.534 0. 0. -1. 0.
0.995 -0.102 0. 91.051 -0.102 -0.995 -0. 15.342 0. 0. -1. 0.
0.988 -0.155 0. 92.765 -0.155 -0.988 -0. 15.062 0. 0. -1. 0.
0.978 -0.207 0. 94.470 -0.207 -0.978 -0. 14.700 0. 0. -1. 0.
0.966 -0.259 0. 96.119 -0.259 -0.966 -0. 14.248 0. 0. -1. 0.
0.950 -0.312 0. 97.748 -0.312 -0.950 -0. 13.704 0. 0. -1. 0.
0.928 -0.372 0. 99.328 -0.372 -0.928 -0. 13.081 0. 0. -1. 0.
0.902 -0.432 0. 100.872 -0.432 -0.902 -0. 12.332 0. 0. -1. 0.
0.869 -0.495 0. 102.325 -0.495 -0.869 -0. 11.510 0. 0. -1. 0.
0.832 -0.554 0. 103.694 -0.554 -0.832 -0. 10.574 0. 0. -1. 0.
0.792 -0.611 0. 104.993 -0.611 -0.792 -0. 9.553 0. 0. -1. 0.
0.751 -0.661 0. 106.227 -0.661 -0.751 -0. 8.465 0. 0. -1. 0.
0.711 -0.703 0. 107.383 -0.703 -0.711 -0. 7.305 0. 0. -1. 0.
0.673 -0.740 0. 108.476 -0.740 -0.673 -0. 6.069 0. 0. -1. 0.
0.640 -0.768 0. 109.546 -0.768 -0.640 -0. 4.744 0. 0. -1. 0.
0.614 -0.789 0. 110.568 -0.789 -0.614 -0. 3.366 0. 0. -1. 0.
0.592 -0.806 0. 111.577 -0.806 -0.592 -0. 1.946 0. 0. -1. 0.
0.576 -0.817 0. 112.585 -0.817 -0.576 -0. 0.497 0. 0. -1. 0.
0.565 -0.825 0. 113.589 -0.825 -0.565 -0. -0.982 0. 0. -1. 0.
0.560 -0.829 0. 114.603 -0.829 -0.560 -0. -2.490 0. 0. -1. 0.
0.559 -0.829 0. 115.619 -0.829 -0.559 -0. -4.024 0. 0. -1. 0.
0.564 -0.825 0. 116.644 -0.825 -0.564 -0. -5.580 0. 0. -1. 0.
0.575 -0.818 0. 117.682 -0.818 -0.575 -0. -7.144 0. 0. -1. 0.
0.587 -0.810 0. 118.766 -0.810 -0.587 -0. -8.723 0. 0. -1. 0.
0.600 -0.800 0. 119.880 -0.800 -0.600 -0. -10.294 0. 0. -1. 0.
0.614 -0.789 0. 121.049 -0.789 -0.614 -0. -11.856 0. 0. -1. 0.
0.629 -0.778 0. 122.228 -0.778 -0.629 -0. -13.392 0. 0. -1. 0.
0.642 -0.767 0. 123.425 -0.767 -0.642 -0. -14.900 0. 0. -1. 0.
0.655 -0.756 0. 124.651 -0.756 -0.655 -0. -16.404 0. 0. -1. 0.
0.667 -0.745 0. 125.896 -0.745 -0.667 -0. -17.856 0. 0. -1. 0.
0.676 -0.737 0. 127.133 -0.737 -0.676 -0. -19.278 0. 0. -1. 0.
0.682 -0.731 0. 128.406 -0.731 -0.682 -0. -20.685 0. 0. -1. 0.
0.687 -0.727 0. 129.661 -0.727 -0.687 -0. -22.079 0. 0. -1. 0.
0.693 -0.721 0. 130.899 -0.721 -0.693 -0. -23.418 0. 0. -1. 0.
0.697 -0.717 0. 132.149 -0.717 -0.697 -0. -24.762 0. 0. -1. 0.
0.701 -0.713 0. 133.392 -0.713 -0.701 -0. -26.093 0. 0. -1. 0.
0.706 -0.708 0. 134.606 -0.708 -0.706 -0. -27.363 0. 0. -1. 0.
0.711 -0.704 0. 135.854 -0.704 -0.711 -0. -28.657 0. 0. -1. 0.
0.715 -0.699 0. 137.080 -0.699 -0.715 -0. -29.908 0. 0. -1. 0.
0.722 -0.692 0. 138.290 -0.692 -0.722 -0. -31.122 0. 0. -1. 0.
0.730 -0.684 0. 139.528 -0.684 -0.730 -0. -32.321 0. 0. -1. 0.
0.736 -0.677 0. 140.749 -0.677 -0.736 -0. -33.504 0. 0. -1. 0.
0.744 -0.668 0. 141.963 -0.668 -0.744 -0. -34.643 0. 0. -1. 0.
0.759 -0.651 0. 143.178 -0.651 -0.759 -0. -35.751 0. 0. -1. 0.
0.784 -0.621 0. 144.437 -0.621 -0.784 -0. -36.810 0. 0. -1. 0.
0.815 -0.579 0. 145.691 -0.579 -0.815 -0. -37.746 0. 0. -1. 0.
0.853 -0.522 0. 146.939 -0.522 -0.853 -0. -38.559 0. 0. -1. 0.
0.893 -0.450 0. 148.171 -0.450 -0.893 -0. -39.241 0. 0. -1. 0.
0.934 -0.358 0. 149.368 -0.358 -0.934 -0. -39.740 0. 0. -1. 0.
0.967 -0.256 0. 150.521 -0.256 -0.967 -0. -40.067 0. 0. -1. 0.
0.989 -0.145 0. 151.584 -0.145 -0.989 -0. -40.235 0. 0. -1. 0.
1.000 -0.022 0. 152.584 -0.022 -1.000 -0. -40.251 0. 0. -1. 0.
0.993 0.119 0. 153.519 0.119 -0.993 0. -40.152 0. 0. -1. 0.
0.964 0.266 0. 154.365 0.266 -0.964 0. -39.914 0. 0. -1. 0.
0.908 0.420 0. 155.137 0.420 -0.908 0. -39.552 0. 0. -1. 0.
0.822 0.569 0. 155.819 0.569 -0.822 0. -39.067 0. 0. -1. 0.
0.705 0.709 0. 156.393 0.709 -0.705 0. -38.478 0. 0. -1. 0.
0.563 0.826 0. 156.819 0.826 -0.563 0. -37.801 0. 0. -1. 0.
0.404 0.915 0. 157.117 0.915 -0.404 0. -37.087 0. 0. -1. 0.
0.235 0.972 0. 157.277 0.972 -0.235 0. -36.339 0. 0. -1. 0.
0.061 0.998 0. 157.290 0.998 -0.061 0. -35.573 0. 0. -1. 0.
-0.116 0.993 0. 157.189 0.993 0.116 0. -34.812 0. 0. -1. 0.
-0.293 0.956 0. 156.948 0.956 0.293 0. -34.068 0. 0. -1. 0.
-0.463 0.886 0. 156.561 0.886 0.463 0. -33.368 0. 0. -1. 0.
-0.622 0.783 0. 156.038 0.783 0.622 0. -32.728 0. 0. -1. 0.
-0.755 0.655 0. 155.365 0.655 0.755 0. -32.180 0. 0. -1. 0.
-0.849 0.529 0. 154.577 0.529 0.849 0. -31.700 0. 0. -1. 0.
-0.909 0.416 0. 153.682 0.416 0.909 0. -31.283 0. 0. -1. 0.
-0.945 0.328 0. 152.687 0.328 0.945 0. -30.956 0. 0. -1. 0.
-0.963 0.268 0. 151.616 0.268 0.963 0. -30.639 0. 0. -1. 0.
-0.972 0.237 0. 150.466 0.237 0.972 0. -30.360 0. 0. -1. 0.
-0.974 0.228 0. 149.262 0.228 0.974 0. -30.046 0. 0. -1. 0.
-0.973 0.231 0. 148.008 0.231 0.973 0. -29.723 0. 0. -1. 0.
-0.970 0.243 0. 146.737 0.243 0.970 0. -29.371 0. 0. -1. 0.
-0.964 0.265 0. 145.419 0.265 0.964 0. -28.984 0. 0. -1. 0.
-0.957 0.291 0. 144.021 0.291 0.957 0. -28.549 0. 0. -1. 0.
-0.946 0.325 0. 142.622 0.325 0.946 0. -28.048 0. 0. -1. 0.
-0.930 0.368 0. 141.207 0.368 0.930 0. -27.476 0. 0. -1. 0.
-0.912 0.411 0. 139.775 0.411 0.912 0. -26.802 0. 0. -1. 0.
-0.891 0.455 0. 138.308 0.455 0.891 0. -26.033 0. 0. -1. 0.
-0.868 0.497 0. 136.819 0.497 0.868 0. -25.161 0. 0. -1. 0.
-0.843 0.537 0. 135.329 0.537 0.843 0. -24.185 0. 0. -1. 0.
-0.819 0.574 0. 133.847 0.574 0.819 0. -23.126 0. 0. -1. 0.
-0.794 0.608 0. 132.380 0.608 0.794 0. -21.980 0. 0. -1. 0.
-0.768 0.640 0. 130.932 0.640 0.768 0. -20.733 0. 0. -1. 0.
-0.745 0.667 0. 129.502 0.667 0.745 0. -19.405 0. 0. -1. 0.
-0.722 0.692 0. 128.075 0.692 0.722 0. -18.019 0. 0. -1. 0.
-0.696 0.718 0. 126.698 0.718 0.696 0. -16.595 0. 0. -1. 0.
-0.670 0.742 0. 125.346 0.742 0.670 0. -15.096 0. 0. -1. 0.
-0.645 0.764 0. 124.032 0.764 0.645 0. -13.520 0. 0. -1. 0.
-0.620 0.784 0. 122.802 0.784 0.620 0. -11.908 0. 0. -1. 0.
-0.597 0.802 0. 121.599 0.802 0.597 0. -10.213 0. 0. -1. 0.
-0.579 0.816 0. 120.431 0.816 0.579 0. -8.499 0. 0. -1. 0.
-0.565 0.825 0. 119.282 0.825 0.565 0. -6.766 0. 0. -1. 0.
-0.555 0.832 0. 118.156 0.832 0.555 0. -5.007 0. 0. -1. 0.
-0.553 0.833 0. 117.051 0.833 0.553 0. -3.248 0. 0. -1. 0.
-0.559 0.829 0. 115.944 0.829 0.559 0. -1.497 0. 0. -1. 0.
-0.571 0.821 0. 114.815 0.821 0.571 0. 0.228 0. 0. -1. 0.
-0.588 0.809 0. 113.665 0.809 0.588 0. 1.913 0. 0. -1. 0.
-0.611 0.791 0. 112.486 0.791 0.611 0. 3.557 0. 0. -1. 0.
-0.645 0.764 0. 111.254 0.764 0.645 0. 5.139 0. 0. -1. 0.
-0.684 0.729 0. 109.944 0.729 0.684 0. 6.655 0. 0. -1. 0.
-0.727 0.687 0. 108.570 0.687 0.727 0. 8.049 0. 0. -1. 0.
-0.771 0.637 0. 107.131 0.637 0.771 0. 9.336 0. 0. -1. 0.
-0.812 0.584 0. 105.614 0.584 0.812 0. 10.517 0. 0. -1. 0.
-0.848 0.530 0. 104.065 0.530 0.848 0. 11.572 0. 0. -1. 0.
-0.879 0.477 0. 102.475 0.477 0.879 0. 12.527 0. 0. -1. 0.
-0.906 0.424 0. 100.841 0.424 0.906 0. 13.364 0. 0. -1. 0.
-0.930 0.367 0. 99.159 0.367 0.930 0. 14.099 0. 0. -1. 0.
-0.951 0.310 0. 97.440 0.310 0.951 0. 14.724 0. 0. -1. 0.
-0.968 0.250 0. 95.695 0.250 0.968 0. 15.229 0. 0. -1. 0.
-0.981 0.192 0. 93.923 0.192 0.981 0. 15.645 0. 0. -1. 0.
-0.992 0.130 0. 92.112 0.130 0.992 0. 15.947 0. 0. -1. 0.
-0.998 0.070 0. 90.296 0.070 0.998 0. 16.152 0. 0. -1. 0.
-1. 0.009 0. 88.449 0.009 1. 0. 16.239 0. 0. -1. 0.
-0.999 -0.045 0. 86.563 -0.045 0.999 0. 16.191 -0. 0. -1. 0.
-0.996 -0.092 0. 84.659 -0.092 0.996 0. 16.076 -0. 0. -1. 0.
-0.991 -0.133 0. 82.737 -0.133 0.991 0. 15.869 -0. 0. -1. 0.
-0.985 -0.170 0. 80.834 -0.170 0.985 0. 15.594 -0. 0. -1. 0.
-0.980 -0.200 0. 78.867 -0.200 0.980 0. 15.255 -0. 0. -1. 0.
-0.975 -0.222 0. 76.917 -0.222 0.975 0. 14.829 -0. 0. -1. 0.
-0.972 -0.234 0. 74.946 -0.234 0.972 0. 14.403 -0. 0. -1. 0.
-0.970 -0.244 0. 72.921 -0.244 0.970 0. 13.937 -0. 0. -1. 0.
-0.968 -0.252 0. 70.864 -0.252 0.968 0. 13.449 -0. 0. -1. 0.
-0.966 -0.258 0. 68.772 -0.258 0.966 0. 12.935 -0. 0. -1. 0.
-0.965 -0.263 0. 66.648 -0.263 0.965 0. 12.404 -0. 0. -1. 0.
-0.964 -0.265 0. 64.525 -0.265 0.964 0. 11.849 -0. 0. -1. 0.
-0.964 -0.264 0. 62.370 -0.264 0.964 0. 11.286 -0. 0. -1. 0.
-0.965 -0.263 0. 60.188 -0.263 0.965 0. 10.740 -0. 0. -1. 0.
-0.965 -0.262 0. 57.963 -0.262 0.965 0. 10.196 -0. 0. -1. 0.
-0.965 -0.264 0. 55.734 -0.264 0.965 0. 9.653 -0. 0. -1. 0.
-0.963 -0.271 0. 53.512 -0.271 0.963 0. 9.082 -0. 0. -1. 0.
-0.960 -0.279 0. 51.332 -0.279 0.960 0. 8.519 -0. 0. -1. 0.
-0.959 -0.285 0. 49.134 -0.285 0.959 0. 7.920 -0. 0. -1. 0.
-0.958 -0.288 0. 46.979 -0.288 0.958 0. 7.311 -0. 0. -1. 0.
-0.957 -0.289 0. 44.851 -0.289 0.957 0. 6.698 -0. 0. -1. 0.
-0.960 -0.280 0. 42.713 -0.280 0.960 0. 6.117 -0. 0. -1. 0.
-0.964 -0.266 0. 40.618 -0.266 0.964 0. 5.562 -0. 0. -1. 0.
-0.969 -0.246 0. 38.507 -0.246 0.969 0. 5.040 -0. 0. -1. 0.
-0.975 -0.224 0. 36.453 -0.224 0.975 0. 4.596 -0. 0. -1. 0.
-0.979 -0.204 0. 34.328 -0.204 0.979 0. 4.193 -0. 0. -1. 0.
-0.982 -0.190 0. 32.224 -0.190 0.982 0. 3.803 -0. 0. -1. 0.
-0.985 -0.175 0. 30.099 -0.175 0.985 0. 3.465 -0. 0. -1. 0.
-0.986 -0.166 0. 27.923 -0.166 0.986 0. 3.154 -0. 0. -1. 0.
-0.987 -0.159 0. 25.769 -0.159 0.987 0. 2.862 -0. 0. -1. 0.
-0.988 -0.155 0. 23.553 -0.155 0.988 0. 2.553 -0. 0. -1. 0.
-0.989 -0.151 0. 21.317 -0.151 0.989 0. 2.265 -0. 0. -1. 0.
-0.989 -0.151 0. 19.040 -0.151 0.989 0. 1.971 -0. 0. -1. 0.
-0.989 -0.151 0. 16.740 -0.151 0.989 0. 1.665 -0. 0. -1. 0.
-0.988 -0.152 0. 14.407 -0.152 0.988 0. 1.343 -0. 0. -1. 0.
-0.989 -0.151 0. 12.092 -0.151 0.989 0. 1.033 -0. 0. -1. 0.
-0.988 -0.152 0. 9.715 -0.152 0.988 0. 0.708 -0. 0. -1. 0.
-0.988 -0.151 0. 7.379 -0.151 0.988 0. 0.380 -0. 0. -1. 0.
-0.988 -0.153 0. 5.023 -0.153 0.988 0. 0.049 -0. 0. -1. 0.
-0.988 -0.156 0. 2.647 -0.156 0.988 0. -0.292 -0. 0. -1. 0.
-0.987 -0.159 0. 0.307 -0.159 0.987 0. -0.644 -0. 0. -1. 0.
-0.987 -0.162 0. -2.037 -0.162 0.987 0. -0.987 -0. 0. -1. 0.
-0.986 -0.165 0. -4.373 -0.165 0.986 0. -1.335 -0. 0. -1. 0.
-0.986 -0.169 0. -6.678 -0.169 0.986 0. -1.677 -0. 0. -1. 0.
-0.985 -0.174 0. -8.980 -0.174 0.985 0. -2.022 -0. 0. -1. 0.
-0.984 -0.180 0. -11.277 -0.180 0.984 0. -2.420 -0. 0. -1. 0.
-0.983 -0.184 0. -13.486 -0.184 0.983 0. -2.817 -0. 0. -1. 0.
-0.982 -0.189 0. -15.744 -0.189 0.982 0. -3.188 -0. 0. -1. 0.
-0.981 -0.194 0. -17.947 -0.194 0.981 0. -3.567 -0. 0. -1. 0.
-0.980 -0.200 0. -20.143 -0.200 0.980 0. -3.956 -0. 0. -1. 0.
-0.979 -0.204 0. -22.333 -0.204 0.979 0. -4.345 -0. 0. -1. 0.
-0.978 -0.209 0. -24.499 -0.209 0.978 0. -4.740 -0. 0. -1. 0.
-0.977 -0.213 0. -26.635 -0.213 0.977 0. -5.136 -0. 0. -1. 0.
-0.976 -0.217 0. -28.757 -0.217 0.976 0. -5.568 -0. 0. -1. 0.
-0.975 -0.220 0. -30.850 -0.220 0.975 0. -6.027 -0. 0. -1. 0.
-0.975 -0.223 0. -32.914 -0.223 0.975 0. -6.475 -0. 0. -1. 0.
-0.974 -0.226 0. -34.986 -0.226 0.974 0. -6.934 -0. 0. -1. 0.
-0.974 -0.229 0. -37.013 -0.229 0.974 0. -7.378 -0. 0. -1. 0.
-0.973 -0.231 0. -39.037 -0.231 0.973 0. -7.829 -0. 0. -1. 0.
-0.973 -0.230 0. -41.073 -0.230 0.973 0. -8.278 -0. 0. -1. 0.
-0.973 -0.231 0. -43.037 -0.231 0.973 0. -8.694 -0. 0. -1. 0.
-0.973 -0.230 0. -44.983 -0.230 0.973 0. -9.096 -0. 0. -1. 0.
-0.973 -0.229 0. -46.880 -0.229 0.973 0. -9.499 -0. 0. -1. 0.
-0.974 -0.228 0. -48.701 -0.228 0.974 0. -9.881 -0. 0. -1. 0.
-0.974 -0.226 0. -50.494 -0.226 0.974 0. -10.245 -0. 0. -1. 0.
-0.974 -0.224 0. -52.216 -0.224 0.974 0. -10.603 -0. 0. -1. 0.
-0.975 -0.222 0. -53.884 -0.222 0.975 0. -10.936 -0. 0. -1. 0.
-0.976 -0.217 0. -55.478 -0.217 0.976 0. -11.283 -0. 0. -1. 0.
-0.978 -0.208 0. -57.008 -0.208 0.978 0. -11.582 -0. 0. -1. 0.
-0.981 -0.195 0. -58.452 -0.195 0.981 0. -11.848 -0. 0. -1. 0.
-0.984 -0.176 0. -59.814 -0.176 0.984 0. -12.069 -0. 0. -1. 0.
-0.988 -0.152 0. -61.099 -0.152 0.988 0. -12.240 -0. 0. -1. 0.
-0.993 -0.120 0. -62.299 -0.120 0.993 0. -12.368 -0. 0. -1. 0.
-0.997 -0.080 0. -63.440 -0.080 0.997 0. -12.445 -0. 0. -1. 0.
-0.999 -0.032 0. -64.520 -0.032 0.999 0. -12.470 -0. 0. -1. 0.
-1.000 0.027 0. -65.551 0.027 1.000 0. -12.430 0. 0. -1. 0.
-0.995 0.096 0. -66.559 0.096 0.995 0. -12.318 0. 0. -1. 0.
-0.985 0.173 0. -67.554 0.173 0.985 0. -12.128 0. 0. -1. 0.
-0.967 0.256 0. -68.504 0.256 0.967 0. -11.851 0. 0. -1. 0.
-0.939 0.344 0. -69.410 0.344 0.939 0. -11.525 0. 0. -1. 0.
-0.899 0.437 0. -70.264 0.437 0.899 0. -11.088 0. 0. -1. 0.
-0.848 0.531 0. -71.060 0.531 0.848 0. -10.556 0. 0. -1. 0.
-0.783 0.622 0. -71.823 0.622 0.783 0. -9.948 0. 0. -1. 0.
-0.705 0.709 0. -72.519 0.709 0.705 0. -9.217 0. 0. -1. 0.
-0.618 0.786 0. -73.147 0.786 0.618 0. -8.378 0. 0. -1. 0.
-0.527 0.850 0. -73.710 0.850 0.527 0. -7.431 0. 0. -1. 0.
-0.445 0.896 0. -74.200 0.896 0.445 0. -6.373 0. 0. -1. 0.
-0.382 0.924 0. -74.628 0.924 0.382 0. -5.217 0. 0. -1. 0.
-0.340 0.941 0. -75.041 0.941 0.340 0. -3.984 0. 0. -1. 0.
-0.308 0.951 0. -75.441 0.951 0.308 0. -2.654 0. 0. -1. 0.
-0.287 0.958 0. -75.833 0.958 0.287 0. -1.248 0. 0. -1. 0.
-0.273 0.962 0. -76.229 0.962 0.273 0. 0.249 0. 0. -1. 0.
-0.267 0.964 0. -76.634 0.964 0.267 0. 1.816 0. 0. -1. 0.
-0.263 0.965 0. -77.026 0.965 0.263 0. 3.437 0. 0. -1. 0.
-0.260 0.966 0. -77.445 0.966 0.260 0. 5.145 0. 0. -1. 0.
-0.255 0.967 0. -77.867 0.967 0.255 0. 6.898 0. 0. -1. 0.
-0.249 0.969 0. -78.293 0.969 0.249 0. 8.652 0. 0. -1. 0.
-0.236 0.972 0. -78.689 0.972 0.236 0. 10.428 0. 0. -1. 0.
-0.219 0.976 0. -79.076 0.976 0.219 0. 12.270 0. 0. -1. 0.
-0.196 0.981 0. -79.426 0.981 0.196 0. 14.121 0. 0. -1. 0.
-0.172 0.985 0. -79.734 0.985 0.172 0. 16.013 0. 0. -1. 0.
-0.147 0.989 0. -80.005 0.989 0.147 0. 17.927 0. 0. -1. 0.
-0.126 0.992 0. -80.229 0.992 0.126 0. 19.885 0. 0. -1. 0.
-0.108 0.994 0. -80.398 0.994 0.108 0. 21.867 0. 0. -1. 0.
-0.103 0.995 0. -80.521 0.995 0.103 0. 23.820 0. 0. -1. 0.
-0.107 0.994 0. -80.686 0.994 0.107 0. 25.765 0. 0. -1. 0.
-0.111 0.994 0. -80.878 0.994 0.111 0. 27.801 0. 0. -1. 0.
-0.118 0.993 0. -81.051 0.993 0.118 0. 29.781 0. 0. -1. 0.
-0.129 0.992 0. -81.258 0.992 0.129 0. 31.702 0. 0. -1. 0.
-0.141 0.990 0. -81.493 0.990 0.141 0. 33.712 0. 0. -1. 0.
-0.153 0.988 0. -81.770 0.988 0.153 0. 35.713 0. 0. -1. 0.
-0.161 0.987 0. -82.040 0.987 0.161 0. 37.704 0. 0. -1. 0.
-0.169 0.986 0. -82.348 0.986 0.169 0. 39.692 0. 0. -1. 0.
-0.176 0.984 0. -82.657 0.984 0.176 0. 41.664 0. 0. -1. 0.
-0.183 0.983 0. -82.989 0.983 0.183 0. 43.644 0. 0. -1. 0.
-0.190 0.982 0. -83.322 0.982 0.190 0. 45.638 0. 0. -1. 0.
-0.199 0.980 0. -83.694 0.980 0.199 0. 47.563 0. 0. -1. 0.
-0.208 0.978 0. -84.066 0.978 0.208 0. 49.489 0. 0. -1. 0.
-0.222 0.975 0. -84.448 0.975 0.222 0. 51.403 0. 0. -1. 0.
-0.241 0.970 0. -84.858 0.970 0.241 0. 53.261 0. 0. -1. 0.
-0.262 0.965 0. -85.319 0.965 0.262 0. 55.082 0. 0. -1. 0.
-0.283 0.959 0. -85.800 0.959 0.283 0. 56.867 0. 0. -1. 0.
-0.308 0.951 0. -86.301 0.951 0.308 0. 58.630 0. 0. -1. 0.
-0.344 0.939 0. -86.831 0.939 0.344 0. 60.355 0. 0. -1. 0.
-0.392 0.920 0. -87.472 0.920 0.392 0. 62.015 0. 0. -1. 0.
-0.445 0.895 0. -88.203 0.895 0.445 0. 63.594 0. 0. -1. 0.
-0.500 0.866 0. -88.990 0.866 0.500 0. 65.088 0. 0. -1. 0.
-0.560 0.828 0. -89.898 0.828 0.560 0. 66.496 0. 0. -1. 0.
-0.618 0.786 0. -90.865 0.786 0.618 0. 67.838 0. 0. -1. 0.
-0.679 0.734 0. -91.884 0.734 0.679 0. 69.060 0. 0. -1. 0.
-0.736 0.677 0. -93.000 0.677 0.736 0. 70.148 0. 0. -1. 0.
-0.796 0.606 0. -94.190 0.606 0.796 0. 71.145 0. 0. -1. 0.
-0.847 0.531 0. -95.460 0.531 0.847 0. 71.984 0. 0. -1. 0.
-0.894 0.447 0. -96.774 0.447 0.894 0. 72.710 0. 0. -1. 0.
-0.932 0.364 0. -98.152 0.364 0.932 0. 73.287 0. 0. -1. 0.
-0.961 0.275 0. -99.535 0.275 0.961 0. 73.743 0. 0. -1. 0.
-0.981 0.193 0. -100.947 0.193 0.981 0. 74.051 0. 0. -1. 0.
-0.993 0.119 0. -102.353 0.119 0.993 0. 74.256 0. 0. -1. 0.
-0.998 0.061 0. -103.798 0.061 0.998 0. 74.367 0. 0. -1. 0.
-1.000 0.023 0. -105.246 0.023 1.000 0. 74.470 0. 0. -1. 0.
-1. -0.003 0. -106.733 -0.003 1. 0. 74.436 -0. 0. -1. 0.
-1.000 -0.018 0. -108.202 -0.018 1.000 0. 74.484 -0. 0. -1. 0.
-1.000 -0.023 0. -109.726 -0.023 1.000 0. 74.423 -0. 0. -1. 0.
-1. -0.012 0. -111.311 -0.012 1. 0. 74.431 -0. 0. -1. 0.
-1.000 0.016 0. -112.894 0.016 1.000 0. 74.471 0. 0. -1. 0.
-0.999 0.054 0. -114.551 0.054 0.999 0. 74.547 0. 0. -1. 0.
-0.994 0.107 0. -116.194 0.107 0.994 0. 74.757 0. 0. -1. 0.
-0.986 0.166 0. -117.854 0.166 0.986 0. 75.049 0. 0. -1. 0.
-0.973 0.229 0. -119.546 0.229 0.973 0. 75.467 0. 0. -1. 0.
-0.958 0.288 0. -121.207 0.288 0.958 0. 75.976 0. 0. -1. 0.
-0.940 0.342 0. -122.872 0.342 0.940 0. 76.596 0. 0. -1. 0.
-0.923 0.384 0. -124.532 0.384 0.923 0. 77.311 0. 0. -1. 0.
-0.910 0.415 0. -126.198 0.415 0.910 0. 78.090 0. 0. -1. 0.
-0.898 0.440 0. -127.882 0.440 0.898 0. 78.929 0. 0. -1. 0.
-0.889 0.459 0. -129.581 0.459 0.889 0. 79.836 0. 0. -1. 0.
-0.881 0.473 0. -131.300 0.473 0.881 0. 80.780 0. 0. -1. 0.
-0.876 0.482 0. -133.029 0.482 0.876 0. 81.758 0. 0. -1. 0.
-0.871 0.490 0. -134.781 0.490 0.871 0. 82.782 0. 0. -1. 0.
-0.867 0.498 0. -136.549 0.498 0.867 0. 83.844 0. 0. -1. 0.
-0.864 0.504 0. -138.341 0.504 0.864 0. 84.942 0. 0. -1. 0.
-0.861 0.509 0. -140.176 0.509 0.861 0. 86.065 0. 0. -1. 0.
-0.859 0.513 0. -142.035 0.513 0.859 0. 87.226 0. 0. -1. 0.
-0.858 0.514 0. -143.903 0.514 0.858 0. 88.409 0. 0. -1. 0.
-0.858 0.514 0. -145.820 0.514 0.858 0. 89.610 0. 0. -1. 0.
-0.858 0.514 0. -147.766 0.514 0.858 0. 90.822 0. 0. -1. 0.
-0.858 0.513 0. -149.737 0.513 0.858 0. 92.060 0. 0. -1. 0.
-0.858 0.513 0. -151.723 0.513 0.858 0. 93.311 0. 0. -1. 0.
-0.859 0.512 0. -153.754 0.512 0.859 0. 94.581 0. 0. -1. 0.
-0.859 0.512 0. -155.801 0.512 0.859 0. 95.856 0. 0. -1. 0.
-0.859 0.512 0. -157.869 0.512 0.859 0. 97.163 0. 0. -1. 0.
-0.858 0.514 0. -159.959 0.514 0.858 0. 98.486 0. 0. -1. 0.
-0.857 0.516 0. -162.056 0.516 0.857 0. 99.807 0. 0. -1. 0.
-0.855 0.518 0. -164.177 0.518 0.855 0. 101.154 0. 0. -1. 0.
-0.854 0.521 0. -166.276 0.521 0.854 0. 102.493 0. 0. -1. 0.
-0.852 0.524 0. -168.361 0.524 0.852 0. 103.845 0. 0. -1. 0.
-0.849 0.528 0. -170.435 0.528 0.849 0. 105.218 0. 0. -1. 0.
-0.847 0.532 0. -172.481 0.532 0.847 0. 106.567 0. 0. -1. 0.
-0.843 0.538 0. -174.536 0.538 0.843 0. 107.901 0. 0. -1. 0.
-0.839 0.544 0. -176.548 0.544 0.839 0. 109.231 0. 0. -1. 0.
-0.835 0.551 0. -178.526 0.551 0.835 0. 110.588 0. 0. -1. 0.
-0.829 0.559 0. -180.461 0.559 0.829 0. 111.948 0. 0. -1. 0.
-0.820 0.573 0. -182.360 0.573 0.820 0. 113.324 0. 0. -1. 0.
-0.808 0.589 0. -184.227 0.589 0.808 0. 114.729 0. 0. -1. 0.
-0.790 0.613 0. -186.024 0.613 0.790 0. 116.160 0. 0. -1. 0.
-0.768 0.640 0. -187.758 0.640 0.768 0. 117.656 0. 0. -1. 0.
-0.744 0.668 0. -189.442 0.668 0.744 0. 119.188 0. 0. -1. 0.
-0.715 0.699 0. -191.053 0.699 0.715 0. 120.781 0. 0. -1. 0.
-0.687 0.727 0. -192.581 0.727 0.687 0. 122.435 0. 0. -1. 0.
-0.656 0.755 0. -194.060 0.755 0.656 0. 124.147 0. 0. -1. 0.
-0.622 0.783 0. -195.464 0.783 0.622 0. 125.925 0. 0. -1. 0.
-0.588 0.809 0. -196.789 0.809 0.588 0. 127.766 0. 0. -1. 0.
-0.552 0.834 0. -198.043 0.834 0.552 0. 129.691 0. 0. -1. 0.
-0.516 0.857 0. -199.221 0.857 0.516 0. 131.682 0. 0. -1. 0.
-0.478 0.878 0. -200.310 0.878 0.478 0. 133.721 0. 0. -1. 0.
-0.444 0.896 0. -201.329 0.896 0.444 0. 135.829 0. 0. -1. 0.
-0.413 0.911 0. -202.278 0.911 0.413 0. 137.969 0. 0. -1. 0.
-0.389 0.921 0. -203.168 0.921 0.389 0. 140.157 0. 0. -1. 0.
-0.373 0.928 0. -204.015 0.928 0.373 0. 142.358 0. 0. -1. 0.
-0.362 0.932 0. -204.834 0.932 0.362 0. 144.581 0. 0. -1. 0.
-0.353 0.936 0. -205.630 0.936 0.353 0. 146.806 0. 0. -1. 0.
-0.346 0.938 0. -206.397 0.938 0.346 0. 149.023 0. 0. -1. 0.
-0.345 0.939 0. -207.140 0.939 0.345 0. 151.246 0. 0. -1. 0.
-0.351 0.936 0. -207.887 0.936 0.351 0. 153.420 0. 0. -1. 0.
-0.359 0.933 0. -208.651 0.933 0.359 0. 155.575 0. 0. -1. 0.
-0.371 0.929 0. -209.435 0.929 0.371 0. 157.687 0. 0. -1. 0.
-0.383 0.924 0. -210.234 0.924 0.383 0. 159.763 0. 0. -1. 0.
-0.399 0.917 0. -211.056 0.917 0.399 0. 161.800 0. 0. -1. 0.
-0.419 0.908 0. -211.907 0.908 0.419 0. 163.786 0. 0. -1. 0.
-0.445 0.896 0. -212.799 0.896 0.445 0. 165.708 0. 0. -1. 0.
-0.477 0.879 0. -213.748 0.879 0.477 0. 167.593 0. 0. -1. 0.
-0.512 0.859 0. -214.753 0.859 0.512 0. 169.390 0. 0. -1. 0.
-0.549 0.836 0. -215.822 0.836 0.549 0. 171.138 0. 0. -1. 0.
-0.587 0.810 0. -216.981 0.810 0.587 0. 172.821 0. 0. -1. 0.
-0.627 0.779 0. -218.154 0.779 0.627 0. 174.427 0. 0. -1. 0.
-0.671 0.741 0. -219.428 0.741 0.671 0. 175.948 0. 0. -1. 0.
-0.717 0.697 0. -220.798 0.697 0.717 0. 177.370 0. 0. -1. 0.
-0.761 0.649 0. -222.250 0.649 0.761 0. 178.665 0. 0. -1. 0.
-0.802 0.597 0. -223.739 0.597 0.802 0. 179.879 0. 0. -1. 0.
-0.846 0.534 0. -225.322 0.534 0.846 0. 180.978 0. 0. -1. 0.
-0.887 0.462 0. -227.006 0.462 0.887 0. 181.963 0. 0. -1. 0.
-0.921 0.390 0. -228.762 0.390 0.921 0. 182.795 0. 0. -1. 0.
-0.947 0.320 0. -230.603 0.320 0.947 0. 183.500 0. 0. -1. 0.
-0.967 0.254 0. -232.504 0.254 0.967 0. 184.081 0. 0. -1. 0.
-0.981 0.196 0. -234.480 0.196 0.981 0. 184.551 0. 0. -1. 0.
-0.989 0.149 0. -236.529 0.149 0.989 0. 184.943 0. 0. -1. 0.
-0.994 0.111 0. -238.619 0.111 0.994 0. 185.250 0. 0. -1. 0.
-0.997 0.084 0. -240.763 0.084 0.997 0. 185.489 0. 0. -1. 0.
-0.998 0.064 0. -242.945 0.064 0.998 0. 185.674 0. 0. -1. 0.
-0.999 0.050 0. -245.174 0.050 0.999 0. 185.833 0. 0. -1. 0.
-0.999 0.038 0. -247.431 0.038 0.999 0. 185.970 0. 0. -1. 0.
-1.000 0.029 0. -249.727 0.029 1.000 0. 186.093 0. 0. -1. 0.
-1.000 0.023 0. -252.077 0.023 1.000 0. 186.191 0. 0. -1. 0.
-1.000 0.022 0. -254.432 0.022 1.000 0. 186.277 0. 0. -1. 0.
-1.000 0.020 0. -256.838 0.020 1.000 0. 186.372 0. 0. -1. 0.
-1.000 0.020 0. -259.265 0.020 1.000 0. 186.486 0. 0. -1. 0.
-1.000 0.017 0. -261.704 0.017 1.000 0. 186.583 0. 0. -1. 0.
-1.000 0.016 0. -264.167 0.016 1.000 0. 186.666 0. 0. -1. 0.
-1.000 0.015 0. -266.613 0.015 1.000 0. 186.755 0. 0. -1. 0.
-1. 0.014 0. -269.074 0.014 1. 0. 186.810 0. 0. -1. 0.
-1.000 0.020 0. -271.517 0.020 1.000 0. 186.896 0. 0. -1. 0.
-1.000 0.023 0. -273.931 0.023 1.000 0. 187.014 0. 0. -1. 0.
-1.000 0.029 0. -276.302 0.029 1.000 0. 187.131 0. 0. -1. 0.
-0.999 0.036 0. -278.610 0.036 0.999 0. 187.267 0. 0. -1. 0.
-0.999 0.045 0. -280.807 0.045 0.999 0. 187.411 0. 0. -1. 0.
-0.998 0.057 0. -282.923 0.057 0.998 0. 187.568 0. 0. -1. 0.
-0.997 0.073 0. -284.959 0.073 0.997 0. 187.747 0. 0. -1. 0.
-0.995 0.097 0. -286.906 0.097 0.995 0. 187.962 0. 0. -1. 0.
-0.992 0.123 0. -288.813 0.123 0.992 0. 188.237 0. 0. -1. 0.
-0.989 0.149 0. -290.608 0.149 0.989 0. 188.535 0. 0. -1. 0.
-0.985 0.171 0. -292.349 0.171 0.985 0. 188.888 0. 0. -1. 0.
-0.981 0.194 0. -294.002 0.194 0.981 0. 189.217 0. 0. -1. 0.
-0.977 0.212 0. -295.542 0.212 0.977 0. 189.617 0. 0. -1. 0.
-0.975 0.222 0. -296.985 0.222 0.975 0. 189.952 0. 0. -1. 0.
-0.974 0.226 0. -298.362 0.226 0.974 0. 190.319 0. 0. -1. 0.
-0.974 0.226 0. -299.640 0.226 0.974 0. 190.633 0. 0. -1. 0.
-0.974 0.226 0. -300.815 0.226 0.974 0. 190.954 0. 0. -1. 0.
-0.975 0.223 0. -301.963 0.223 0.975 0. 191.214 0. 0. -1. 0.
-0.975 0.221 0. -303.043 0.221 0.975 0. 191.497 0. 0. -1. 0.
-0.975 0.223 0. -304.091 0.223 0.975 0. 191.782 0. 0. -1. 0.
-0.975 0.223 0. -305.125 0.223 0.975 0. 191.988 0. 0. -1. 0.
-0.975 0.223 0. -306.014 0.223 0.975 0. 192.299 0. 0. -1. 0.
-0.974 0.228 0. -306.816 0.228 0.974 0. 192.475 0. 0. -1. 0.
-0.973 0.231 0. -307.606 0.231 0.973 0. 192.644 0. 0. -1. 0.
-0.971 0.239 0. -308.392 0.239 0.971 0. 192.882 0. 0. -1. 0.
-0.966 0.260 0. -309.185 0.260 0.966 0. 193.068 0. 0. -1. 0.
-0.957 0.289 0. -309.920 0.289 0.957 0. 193.306 0. 0. -1. 0.
-0.944 0.329 0. -310.662 0.329 0.944 0. 193.557 0. 0. -1. 0.
-0.927 0.376 0. -311.463 0.376 0.927 0. 193.854 0. 0. -1. 0.
-0.902 0.432 0. -312.283 0.432 0.902 0. 194.280 0. 0. -1. 0.
-0.870 0.492 0. -313.116 0.492 0.870 0. 194.749 0. 0. -1. 0.
-0.830 0.557 0. -313.990 0.557 0.830 0. 195.280 0. 0. -1. 0.
-0.788 0.616 0. -314.825 0.616 0.788 0. 195.989 0. 0. -1. 0.
-0.735 0.678 0. -315.639 0.678 0.735 0. 196.706 0. 0. -1. 0.
-0.679 0.735 0. -316.274 0.735 0.679 0. 197.638 0. 0. -1. 0.
-0.615 0.789 0. -317.029 0.789 0.615 0. 198.455 0. 0. -1. 0.
-0.558 0.830 0. -317.596 0.830 0.558 0. 199.531 0. 0. -1. 0.
-0.485 0.875 0. -318.189 0.875 0.485 0. 200.669 0. 0. -1. 0.
-0.409 0.913 0. -318.775 0.913 0.409 0. 201.897 0. 0. -1. 0.
-0.328 0.945 0. -319.202 0.945 0.328 0. 203.262 0. 0. -1. 0.
-0.250 0.968 0. -319.584 0.968 0.250 0. 204.729 0. 0. -1. 0.
-0.186 0.983 0. -319.852 0.983 0.186 0. 206.305 0. 0. -1. 0.
-0.138 0.990 0. -320.070 0.990 0.138 0. 207.984 0. 0. -1. 0.
-0.099 0.995 0. -320.222 0.995 0.099 0. 209.761 0. 0. -1. 0.
-0.074 0.997 0. -320.324 0.997 0.074 0. 211.620 0. 0. -1. 0.
-0.054 0.999 0. -320.399 0.999 0.054 0. 213.577 0. 0. -1. 0.
-0.038 0.999 0. -320.438 0.999 0.038 0. 215.608 0. 0. -1. 0.
-0.029 1.000 0. -320.453 1.000 0.029 0. 217.698 0. 0. -1. 0.
-0.022 1.000 0. -320.463 1.000 0.022 0. 219.838 0. 0. -1. 0.
-0.017 1.000 0. -320.450 1.000 0.017 0. 222.041 0. 0. -1. 0.
-0.012 1. 0. -320.423 1. 0.012 0. 224.315 0. 0. -1. 0.
-0.010 1. 0. -320.393 1. 0.010 0. 226.661 0. 0. -1. 0.
-0.006 1. 0. -320.355 1. 0.006 0. 229.077 0. 0. -1. 0.
-0.004 1. 0. -320.310 1. 0.004 0. 231.587 0. 0. -1. 0.
-0.000 1. 0. -320.254 1. 0.000 0. 234.170 0. 0. -1. 0.
0.002 1. 0. -320.188 1. -0.002 0. 236.831 0. 0. -1. 0.
0.004 1. 0. -320.122 1. -0.004 0. 239.580 0. 0. -1. 0.
0.005 1. 0. -320.045 1. -0.005 0. 242.420 0. 0. -1. 0.
0.007 1. 0. -319.960 1. -0.007 0. 245.348 0. 0. -1. 0.
0.008 1. 0. -319.870 1. -0.008 0. 248.350 0. 0. -1. 0.
0.010 1. 0. -319.771 1. -0.010 0. 251.443 0. 0. -1. 0.
0.012 1. 0. -319.665 1. -0.012 0. 254.607 0. 0. -1. 0.
0.013 1. 0. -319.551 1. -0.013 0. 257.847 0. 0. -1. 0.
0.013 1. 0. -319.433 1. -0.013 0. 261.139 0. 0. -1. 0.
0.012 1. 0. -319.325 1. -0.012 0. 264.511 0. 0. -1. 0.
0.010 1. 0. -319.213 1. -0.010 0. 267.917 0. 0. -1. 0.
0.009 1. 0. -319.102 1. -0.009 0. 271.364 0. 0. -1. 0.
0.008 1. 0. -318.993 1. -0.008 0. 274.833 0. 0. -1. 0.
0.006 1. 0. -318.891 1. -0.006 0. 278.331 0. 0. -1. 0.
0.005 1. 0. -318.801 1. -0.005 0. 281.843 0. 0. -1. 0.
0.003 1. 0. -318.713 1. -0.003 0. 285.395 0. 0. -1. 0.
0.002 1. 0. -318.632 1. -0.002 0. 289.008 0. 0. -1. 0.
0.000 1. 0. -318.553 1. -0.000 0. 292.612 0. 0. -1. 0.
-0.001 1. 0. -318.476 1. 0.001 0. 296.229 0. 0. -1. 0.
-0.001 1. 0. -318.401 1. 0.001 0. 299.862 0. 0. -1. 0.
-0.001 1. 0. -318.333 1. 0.001 0. 303.482 0. 0. -1. 0.
0.000 1. 0. -318.264 1. -0.000 0. 307.120 0. 0. -1. 0.
0.002 1. 0. -318.179 1. -0.002 0. 310.764 0. 0. -1. 0.
0.004 1. 0. -318.095 1. -0.004 0. 314.440 0. 0. -1. 0.
0.005 1. 0. -318.002 1. -0.005 0. 318.115 0. 0. -1. 0.
0.007 1. 0. -317.893 1. -0.007 0. 321.817 0. 0. -1. 0.
0.006 1. 0. -317.776 1. -0.006 0. 325.536 0. 0. -1. 0.
0.005 1. 0. -317.673 1. -0.005 0. 329.294 0. 0. -1. 0.
0.005 1. 0. -317.582 1. -0.005 0. 333.068 0. 0. -1. 0.
0.005 1. 0. -317.478 1. -0.005 0. 336.878 0. 0. -1. 0.
0.005 1. 0. -317.384 1. -0.005 0. 340.722 0. 0. -1. 0.
0.004 1. 0. -317.290 1. -0.004 0. 344.595 0. 0. -1. 0.
0.005 1. 0. -317.187 1. -0.005 0. 348.513 0. 0. -1. 0.
0.006 1. 0. -317.078 1. -0.006 0. 352.458 0. 0. -1. 0.
0.006 1. 0. -316.972 1. -0.006 0. 356.426 0. 0. -1. 0.
0.005 1. 0. -316.860 1. -0.005 0. 360.421 0. 0. -1. 0.
0.002 1. 0. -316.759 1. -0.002 0. 364.461 0. 0. -1. 0.
-0.001 1. 0. -316.676 1. 0.001 0. 368.480 0. 0. -1. 0.
-0.004 1. 0. -316.599 1. 0.004 0. 372.486 0. 0. -1. 0.
-0.006 1. 0. -316.534 1. 0.006 0. 376.472 0. 0. -1. 0.
-0.005 1. 0. -316.470 1. 0.005 0. 380.455 0. 0. -1. 0.
-0.003 1. 0. -316.396 1. 0.003 0. 384.391 0. 0. -1. 0.
0.001 1. 0. -316.330 1. -0.001 0. 388.306 0. 0. -1. 0.
0.004 1. 0. -316.238 1. -0.004 0. 392.210 0. 0. -1. 0.
0.006 1. 0. -316.134 1. -0.006 0. 396.085 0. 0. -1. 0.
0.006 1. 0. -316.029 1. -0.006 0. 399.926 0. 0. -1. 0.
0.007 1. 0. -315.925 1. -0.007 0. 403.742 0. 0. -1. 0.
0.008 1. 0. -315.813 1. -0.008 0. 407.545 0. 0. -1. 0.
0.009 1. 0. -315.700 1. -0.009 0. 411.313 0. 0. -1. 0.
0.010 1. 0. -315.585 1. -0.010 0. 415.055 0. 0. -1. 0.
0.010 1. 0. -315.473 1. -0.010 0. 418.761 0. 0. -1. 0.
0.009 1. 0. -315.358 1. -0.009 0. 422.449 0. 0. -1. 0.
0.008 1. 0. -315.242 1. -0.008 0. 426.101 0. 0. -1. 0.
0.006 1. 0. -315.135 1. -0.006 0. 429.754 0. 0. -1. 0.
0.004 1. 0. -315.044 1. -0.004 0. 433.369 0. 0. -1. 0.
0.002 1. 0. -314.958 1. -0.002 0. 436.962 0. 0. -1. 0.
0.001 1. 0. -314.871 1. -0.001 0. 440.533 0. 0. -1. 0.
-0.000 1. 0. -314.781 1. 0.000 0. 444.079 0. 0. -1. 0.
-0.001 1. 0. -314.713 1. 0.001 0. 447.599 0. 0. -1. 0.
-0.000 1. 0. -314.656 1. 0.000 0. 451.108 0. 0. -1. 0.
0.000 1. 0. -314.584 1. -0.000 0. 454.595 0. 0. -1. 0.
0.001 1. 0. -314.507 1. -0.001 0. 458.055 0. 0. -1. 0.
0.002 1. 0. -314.429 1. -0.002 0. 461.491 0. 0. -1. 0.
0.003 1. 0. -314.341 1. -0.003 0. 464.913 0. 0. -1. 0.
0.005 1. 0. -314.257 1. -0.005 0. 468.296 0. 0. -1. 0.
0.007 1. 0. -314.167 1. -0.007 0. 471.675 0. 0. -1. 0.
0.007 1. 0. -314.066 1. -0.007 0. 475.015 0. 0. -1. 0.
0.006 1. 0. -313.973 1. -0.006 0. 478.347 0. 0. -1. 0.
0.004 1. 0. -313.892 1. -0.004 0. 481.645 0. 0. -1. 0.
0.003 1. 0. -313.818 1. -0.003 0. 484.918 0. 0. -1. 0.
0.001 1. 0. -313.747 1. -0.001 0. 488.128 0. 0. -1. 0.
-0.003 1. 0. -313.678 1. 0.003 0. 491.261 0. 0. -1. 0.
-0.008 1. 0. -313.628 1. 0.008 0. 494.301 0. 0. -1. 0.
-0.016 1.000 0. -313.590 1.000 0.016 0. 497.242 0. 0. -1. 0.
-0.027 1.000 0. -313.586 1.000 0.027 0. 500.091 0. 0. -1. 0.
-0.036 0.999 0. -313.624 0.999 0.036 0. 502.870 0. 0. -1. 0.
-0.043 0.999 0. -313.673 0.999 0.043 0. 505.578 0. 0. -1. 0.
-0.050 0.999 0. -313.735 0.999 0.050 0. 508.216 0. 0. -1. 0.
-0.054 0.999 0. -313.821 0.999 0.054 0. 510.780 0. 0. -1. 0.
-0.057 0.998 0. -313.908 0.998 0.057 0. 513.264 0. 0. -1. 0.
-0.059 0.998 0. -313.992 0.998 0.059 0. 515.681 0. 0. -1. 0.
-0.061 0.998 0. -314.083 0.998 0.061 0. 518.010 0. 0. -1. 0.
-0.064 0.998 0. -314.180 0.998 0.064 0. 520.256 0. 0. -1. 0.
-0.067 0.998 0. -314.282 0.998 0.067 0. 522.397 0. 0. -1. 0.
-0.072 0.997 0. -314.390 0.997 0.072 0. 524.467 0. 0. -1. 0.
-0.076 0.997 0. -314.499 0.997 0.076 0. 526.442 0. 0. -1. 0.
-0.081 0.997 0. -314.609 0.997 0.081 0. 528.310 0. 0. -1. 0.
-0.084 0.996 0. -314.720 0.996 0.084 0. 530.067 0. 0. -1. 0.
-0.088 0.996 0. -314.827 0.996 0.088 0. 531.714 0. 0. -1. 0.
-0.091 0.996 0. -314.932 0.996 0.091 0. 533.250 0. 0. -1. 0.
-0.093 0.996 0. -315.036 0.996 0.093 0. 534.670 0. 0. -1. 0.
-0.095 0.995 0. -315.134 0.995 0.095 0. 535.971 0. 0. -1. 0.
-0.096 0.995 0. -315.223 0.995 0.096 0. 537.142 0. 0. -1. 0.
-0.097 0.995 0. -315.306 0.995 0.097 0. 538.202 0. 0. -1. 0.
-0.098 0.995 0. -315.377 0.995 0.098 0. 539.172 0. 0. -1. 0.
-0.099 0.995 0. -315.449 0.995 0.099 0. 540.057 0. 0. -1. 0.
-0.100 0.995 0. -315.510 0.995 0.100 0. 540.862 0. 0. -1. 0.
-0.099 0.995 0. -315.570 0.995 0.099 0. 541.586 0. 0. -1. 0.
-0.098 0.995 0. -315.620 0.995 0.098 0. 542.227 0. 0. -1. 0.
-0.097 0.995 0. -315.660 0.995 0.097 0. 542.784 0. 0. -1. 0.
-0.096 0.995 0. -315.699 0.995 0.096 0. 543.262 0. 0. -1. 0.
-0.096 0.995 0. -315.729 0.995 0.096 0. 543.669 0. 0. -1. 0.
-0.096 0.995 0. -315.756 0.995 0.096 0. 544.008 0. 0. -1. 0.
-0.096 0.995 0. -315.776 0.995 0.096 0. 544.291 0. 0. -1. 0.
-0.096 0.995 0. -315.794 0.995 0.096 0. 544.516 0. 0. -1. 0.
-0.095 0.995 0. -315.806 0.995 0.095 0. 544.681 0. 0. -1. 0.
-0.095 0.995 0. -315.814 0.995 0.095 0. 544.793 0. 0. -1. 0.
-0.095 0.995 0. -315.818 0.995 0.095 0. 544.857 0. 0. -1. 0.
-0.095 0.995 0. -315.820 0.995 0.095 0. 544.871 0. 0. -1. 0.
-0.095 0.995 0. -315.820 0.995 0.095 0. 544.870 0. 0. -1. 0.
-0.095 0.995 0. -315.820 0.995 0.095 0. 544.870 0. 0. -1. 0.
-0.095 0.995 0. -315.820 0.995 0.095 0. 544.870 0. 0. -1. 0.
-0.095 0.995 0. -315.820 0.995 0.095 0. 544.870 0. 0. -1. 0.
-0.095 0.995 0. -315.820 0.995 0.095 0. 544.870 0. 0. -1. 0.
-0.095 0.995 0. -315.820 0.995 0.095 0. 544.870 0. 0. -1. 0.
-0.095 0.995 0. -315.820 0.995 0.095 0. 544.870 0. 0. -1. 0.
-0.095 0.995 0. -315.820 0.995 0.095 0. 544.870 0. 0. -1. 0.
-0.095 0.995 0. -315.820 0.995 0.095 0. 544.870 0. 0. -1. 0.
-0.095 0.995 0. -315.820 0.995 0.095 0. 544.870 0. 0. -1. 0.
-0.095 0.995 0. -315.820 0.995 0.095 0. 544.870 0. 0. -1. 0.
-0.095 0.995 0. -315.820 0.995 0.095 0. 544.870 0. 0. -1. 0.
-0.095 0.995 0. -315.820 0.995 0.095 0. 544.870 0. 0. -1. 0.
-0.095 0.995 0. -315.820 0.995 0.095 0. 544.870 0. 0. -1. 0.
-0.095 0.995 0. -315.820 0.995 0.095 0. 544.870 0. 0. -1. 0.
-0.095 0.995 0. -315.820 0.995 0.095 0. 544.871 0. 0. -1. 0.
-0.095 0.995 0. -315.820 0.995 0.095 0. 544.871 0. 0. -1. 0.
-0.095 0.995 0. -315.820 0.995 0.095 0. 544.871 0. 0. -1. 0.
-0.095 0.995 0. -315.820 0.995 0.095 0. 544.871 0. 0. -1. 0.
-0.095 0.995 0. -315.820 0.995 0.095 0. 544.871 0. 0. -1. 0.
-0.095 0.995 0. -315.820 0.995 0.095 0. 544.871 0. 0. -1. 0.
-0.095 0.995 0. -315.820 0.995 0.095 0. 544.871 0. 0. -1. 0.
-0.095 0.995 0. -315.820 0.995 0.095 0. 544.871 0. 0. -1. 0.
-0.095 0.995 0. -315.820 0.995 0.095 0. 544.871 0. 0. -1. 0.
-0.095 0.995 0. -315.820 0.995 0.095 0. 544.871 0. 0. -1. 0.
-0.095 0.995 0. -315.820 0.995 0.095 0. 544.871 0. 0. -1. 0.
-0.095 0.995 0. -315.820 0.995 0.095 0. 544.871 0. 0. -1. 0.
-0.095 0.995 0. -315.820 0.995 0.095 0. 544.871 0. 0. -1. 0.
-0.095 0.995 0. -315.820 0.995 0.095 0. 544.871 0. 0. -1. 0.
-0.095 0.995 0. -315.820 0.995 0.095 0. 544.871 0. 0. -1. 0.
-0.095 0.995 0. -315.820 0.995 0.095 0. 544.871 0. 0. -1. 0.
-0.095 0.995 0. -315.820 0.995 0.095 0. 544.871 0. 0. -1. 0.
-0.095 0.995 0. -315.820 0.995 0.095 0. 544.871 0. 0. -1. 0.
-0.095 0.995 0. -315.820 0.995 0.095 0. 544.871 0. 0. -1. 0.
-0.095 0.995 0. -315.820 0.995 0.095 0. 544.871 0. 0. -1. 0.
-0.095 0.995 0. -315.820 0.995 0.095 0. 544.871 0. 0. -1. 0.
-0.095 0.995 0. -315.820 0.995 0.095 0. 544.871 0. 0. -1. 0.
-0.095 0.995 0. -315.820 0.995 0.095 0. 544.871 0. 0. -1. 0.
-0.095 0.995 0. -315.820 0.995 0.095 0. 544.871 0. 0. -1. 0.
-0.095 0.995 0. -315.820 0.995 0.095 0. 544.871 0. 0. -1. 0.
-0.095 0.995 0. -315.820 0.995 0.095 0. 544.871 0. 0. -1. 0.
-0.095 0.995 0. -315.820 0.995 0.095 0. 544.871 0. 0. -1. 0.
-0.095 0.995 0. -315.820 0.995 0.095 0. 544.871 0. 0. -1. 0.
-0.095 0.995 0. -315.820 0.995 0.095 0. 544.871 0. 0. -1. 0.
-0.095 0.995 0. -315.820 0.995 0.095 0. 544.871 0. 0. -1. 0.
-0.095 0.995 0. -315.820 0.995 0.095 0. 544.871 0. 0. -1. 0.
-0.095 0.995 0. -315.820 0.995 0.095 0. 544.871 0. 0. -1. 0.
-0.095 0.995 0. -315.820 0.995 0.095 0. 544.871 0. 0. -1. 0.
-0.095 0.995 0. -315.820 0.995 0.095 0. 544.871 0. 0. -1. 0.
-0.095 0.995 0. -315.820 0.995 0.095 0. 544.871 0. 0. -1. 0.
-0.095 0.995 0. -315.820 0.995 0.095 0. 544.871 0. 0. -1. 0.
-0.095 0.995 0. -315.820 0.995 0.095 0. 544.871 0. 0. -1. 0.
-0.095 0.995 0. -315.820 0.995 0.095 0. 544.871 0. 0. -1. 0.
-0.095 0.995 0. -315.820 0.995 0.095 0. 544.871 0. 0. -1. 0.
-0.095 0.995 0. -315.820 0.995 0.095 0. 544.871 0. 0. -1. 0.
-0.095 0.995 0. -315.820 0.995 0.095 0. 544.871 0. 0. -1. 0.
-0.095 0.995 0. -315.820 0.995 0.095 0. 544.871 0. 0. -1. 0.
-0.095 0.995 0. -315.820 0.995 0.095 0. 544.871 0. 0. -1. 0.
-0.095 0.995 0. -315.820 0.995 0.095 0. 544.871 0. 0. -1. 0.
-0.095 0.995 0. -315.820 0.995 0.095 0. 544.871 0. 0. -1. 0.
-0.095 0.995 0. -315.820 0.995 0.095 0. 544.871 0. 0. -1. 0.
-0.095 0.995 0. -315.820 0.995 0.095 0. 544.871 0. 0. -1. 0.
-0.095 0.995 0. -315.820 0.995 0.095 0. 544.871 0. 0. -1. 0.
-0.095 0.995 0. -315.820 0.995 0.095 0. 544.871 0. 0. -1. 0.
-0.095 0.995 0. -315.820 0.995 0.095 0. 544.871 0. 0. -1. 0.
-0.095 0.995 0. -315.820 0.995 0.095 0. 544.871 0. 0. -1. 0.
-0.095 0.995 0. -315.820 0.995 0.095 0. 544.871 0. 0. -1. 0.
-0.095 0.995 0. -315.820 0.995 0.095 0. 544.871 0. 0. -1. 0.
-0.095 0.995 0. -315.820 0.995 0.095 0. 544.871 0. 0. -1. 0.
-0.095 0.995 0. -315.820 0.995 0.095 0. 544.871 0. 0. -1. 0.
-0.095 0.995 0. -315.820 0.995 0.095 0. 544.871 0. 0. -1. 0.
-0.095 0.995 0. -315.820 0.995 0.095 0. 544.871 0. 0. -1. 0.
-0.095 0.995 0. -315.820 0.995 0.095 0. 544.871 0. 0. -1. 0.
-0.095 0.995 0. -315.820 0.995 0.095 0. 544.871 0. 0. -1. 0.
-0.095 0.995 0. -315.820 0.995 0.095 0. 544.871 0. 0. -1. 0.
