1637089823344728 0.97502 0.22213 0.00000 0.73884 0.22213 -0.97502 0.00000 1.05520 0.00000 0.00000 -1.00000 0.00000
1637089823593769 0.97502 0.22212 0.00000 0.73887 0.22212 -0.97502 0.00000 1.05517 0.00000 0.00000 -1.00000 0.00000
1637089823842494 0.97502 0.22211 0.00000 0.73891 0.22211 -0.97502 0.00000 1.05520 0.00000 0.00000 -1.00000 0.00000
1637089824091412 0.97502 0.22213 0.00000 0.73889 0.22213 -0.97502 0.00000 1.05512 0.00000 0.00000 -1.00000 0.00000
1637089824340186 0.97502 0.22213 0.00000 0.73887 0.22213 -0.97502 0.00000 1.05514 0.00000 0.00000 -1.00000 0.00000
1637089824588861 0.97501 0.22214 0.00000 0.73887 0.22214 -0.97501 0.00000 1.05517 0.00000 0.00000 -1.00000 0.00000
1637089824837635 0.97499 0.22224 0.00000 0.73876 0.22224 -0.97499 0.00000 1.05515 0.00000 0.00000 -1.00000 0.00000
1637089825086790 0.97497 0.22234 0.00000 0.73528 0.22234 -0.97497 0.00000 1.05523 0.00000 0.00000 -1.00000 0.00000
1637089825335150 0.97507 0.22191 0.00000 0.71265 0.22191 -0.97507 0.00000 1.05456 0.00000 0.00000 -1.00000 0.00000
1637089825584166 0.97530 0.22089 0.00000 0.67597 0.22089 -0.97530 0.00000 1.05353 0.00000 0.00000 -1.00000 0.00000
1637089825833131 0.97581 0.21864 0.00000 0.62670 0.21864 -0.97581 0.00000 1.05006 0.00000 0.00000 -1.00000 0.00000
1637089826081893 0.97670 0.21462 0.00000 0.56107 0.21462 -0.97670 0.00000 1.04526 0.00000 0.00000 -1.00000 0.00000
1637089826330899 0.97833 0.20705 0.00000 0.46147 0.20705 -0.97833 0.00000 1.03483 0.00000 0.00000 -1.00000 0.00000
1637089826579606 0.98089 0.19457 0.00000 0.31346 0.19457 -0.98089 0.00000 1.02012 0.00000 0.00000 -1.00000 0.00000
1637089826828665 0.98427 0.17665 0.00000 0.10453 0.17665 -0.98427 0.00000 0.99996 0.00000 0.00000 -1.00000 0.00000
1637089827077330 0.98806 0.15405 0.00000 -0.16662 0.15405 -0.98806 0.00000 0.98515 0.00000 0.00000 -1.00000 0.00000
1637089827326375 0.99156 0.12967 0.00000 -0.49949 0.12967 -0.99156 0.00000 0.97029 0.00000 0.00000 -1.00000 0.00000
1637089827575364 0.99422 0.10736 0.00000 -0.89966 0.10736 -0.99422 0.00000 0.95952 0.00000 0.00000 -1.00000 0.00000
1637089827823739 0.99586 0.09085 0.00000 -1.36710 0.09085 -0.99586 0.00000 0.95320 0.00000 0.00000 -1.00000 0.00000
1637089828072686 0.99687 0.07910 0.00000 -1.89599 0.07910 -0.99687 0.00000 0.96316 0.00000 0.00000 -1.00000 0.00000
1637089828321403 0.99750 0.07063 0.00000 -2.47998 0.07063 -0.99750 0.00000 0.96768 0.00000 0.00000 -1.00000 0.00000
1637089828570056 0.99762 0.06897 0.00000 -3.12491 0.06897 -0.99762 0.00000 0.96120 0.00000 0.00000 -1.00000 0.00000
1637089828819013 0.99739 0.07224 0.00000 -3.81590 0.07224 -0.99739 0.00000 0.93935 0.00000 0.00000 -1.00000 0.00000
1637089829067837 0.99716 0.07526 0.00000 -4.54107 0.07526 -0.99716 0.00000 0.93958 0.00000 0.00000 -1.00000 0.00000
1637089829316735 0.99690 0.07864 0.00000 -5.30035 0.07864 -0.99690 0.00000 0.91965 0.00000 0.00000 -1.00000 0.00000
1637089829565432 0.99643 0.08438 0.00000 -6.09458 0.08438 -0.99643 0.00000 0.87723 0.00000 0.00000 -1.00000 0.00000
1637089829814080 0.99586 0.09088 0.00000 -6.94967 0.09088 -0.99586 0.00000 0.85337 0.00000 0.00000 -1.00000 0.00000
1637089830062937 0.99507 0.09921 0.00000 -7.84376 0.09921 -0.99507 0.00000 0.79555 0.00000 0.00000 -1.00000 0.00000
1637089830311753 0.99438 0.10590 0.00000 -8.78370 0.10590 -0.99438 0.00000 0.72077 0.00000 0.00000 -1.00000 0.00000
1637089830560779 0.99377 0.11144 0.00000 -9.76252 0.11144 -0.99377 0.00000 0.67832 0.00000 0.00000 -1.00000 0.00000
1637089830809747 0.99337 0.11493 0.00000 -10.78228 0.11493 -0.99337 0.00000 0.62661 0.00000 0.00000 -1.00000 0.00000
1637089831058109 0.99324 0.11608 0.00000 -11.84938 0.11608 -0.99324 0.00000 0.59404 0.00000 0.00000 -1.00000 0.00000
1637089831307236 0.99320 0.11646 0.00000 -12.97475 0.11646 -0.99320 0.00000 0.55770 0.00000 0.00000 -1.00000 0.00000
1637089831556241 0.99325 0.11599 0.00000 -14.08945 0.11599 -0.99325 0.00000 0.53900 0.00000 0.00000 -1.00000 0.00000
1637089831804987 0.99313 0.11700 0.00000 -15.28458 0.11700 -0.99313 0.00000 0.48442 0.00000 0.00000 -1.00000 0.00000
1637089832053911 0.99294 0.11859 0.00000 -16.59475 0.11859 -0.99294 0.00000 0.42675 0.00000 0.00000 -1.00000 0.00000
1637089832302917 0.99266 0.12094 0.00000 -17.94216 0.12094 -0.99266 0.00000 0.35408 0.00000 0.00000 -1.00000 0.00000
1637089832551518 0.99219 0.12470 0.00000 -19.36911 0.12470 -0.99219 0.00000 0.25886 0.00000 0.00000 -1.00000 0.00000
1637089832800426 0.99171 0.12848 0.00000 -20.87387 0.12848 -0.99171 0.00000 0.15532 0.00000 0.00000 -1.00000 0.00000
1637089833049354 0.99130 0.13160 0.00000 -22.43525 0.13160 -0.99130 0.00000 0.05291 0.00000 0.00000 -1.00000 0.00000
1637089833297979 0.99059 0.13689 0.00000 -24.04975 0.13689 -0.99059 0.00000 -0.09763 0.00000 0.00000 -1.00000 0.00000
1637089833546914 0.98973 0.14293 0.00000 -25.71222 0.14293 -0.98973 0.00000 -0.28390 0.00000 0.00000 -1.00000 0.00000
1637089833795608 0.98910 0.14725 0.00000 -27.42630 0.14725 -0.98910 0.00000 -0.44087 0.00000 0.00000 -1.00000 0.00000
1637089834044682 0.98844 0.15159 0.00000 -29.16035 0.15159 -0.98844 0.00000 -0.61908 0.00000 0.00000 -1.00000 0.00000
1637089834293243 0.98696 0.16094 0.00000 -30.95382 0.16094 -0.98696 0.00000 -0.94043 0.00000 0.00000 -1.00000 0.00000
1637089834542835 0.98449 0.17547 0.00000 -32.71655 0.17547 -0.98449 0.00000 -1.42761 0.00000 0.00000 -1.00000 0.00000
1637089834791735 0.98245 0.18652 0.00000 -34.49053 0.18652 -0.98245 0.00000 -1.82728 0.00000 0.00000 -1.00000 0.00000
1637089835040390 0.97973 0.20031 0.00000 -36.35224 0.20031 -0.97973 0.00000 -2.32583 0.00000 0.00000 -1.00000 0.00000
1637089835289758 0.97749 0.21096 0.00000 -38.19375 0.21096 -0.97749 0.00000 -2.78445 0.00000 0.00000 -1.00000 0.00000
1637089835538640 0.97498 0.22229 0.00000 -40.08381 0.22229 -0.97498 0.00000 -3.26952 0.00000 0.00000 -1.00000 0.00000
1637089835787429 0.97328 0.22963 0.00000 -42.07095 0.22963 -0.97328 0.00000 -3.61170 0.00000 0.00000 -1.00000 0.00000
1637089836036740 0.97157 0.23677 0.00000 -44.05102 0.23677 -0.97157 0.00000 -3.97377 0.00000 0.00000 -1.00000 0.00000
1637089836285418 0.96994 0.24333 0.00000 -46.09344 0.24333 -0.96994 0.00000 -4.31812 0.00000 0.00000 -1.00000 0.00000
1637089836534487 0.96904 0.24692 0.00000 -48.16717 0.24692 -0.96904 0.00000 -4.52191 0.00000 0.00000 -1.00000 0.00000
1637089836782983 0.96874 0.24809 0.00000 -50.29398 0.24809 -0.96874 0.00000 -4.63301 0.00000 0.00000 -1.00000 0.00000
1637089837031985 0.96854 0.24886 0.00000 -52.46961 0.24886 -0.96854 0.00000 -4.72559 0.00000 0.00000 -1.00000 0.00000
1637089837280803 0.96782 0.25162 0.00000 -54.61670 0.25162 -0.96782 0.00000 -4.93735 0.00000 0.00000 -1.00000 0.00000
1637089837529557 0.96757 0.25261 0.00000 -56.82895 0.25261 -0.96757 0.00000 -5.04564 0.00000 0.00000 -1.00000 0.00000
1637089837778599 0.96726 0.25377 0.00000 -59.03387 0.25377 -0.96726 0.00000 -5.17175 0.00000 0.00000 -1.00000 0.00000
1637089838027317 0.96713 0.25427 0.00000 -61.22008 0.25427 -0.96713 0.00000 -5.24429 0.00000 0.00000 -1.00000 0.00000
1637089838276220 0.96734 0.25348 0.00000 -63.42304 0.25348 -0.96734 0.00000 -5.22970 0.00000 0.00000 -1.00000 0.00000
1637089838525036 0.96752 0.25281 0.00000 -65.61842 0.25281 -0.96752 0.00000 -5.22165 0.00000 0.00000 -1.00000 0.00000
1637089838773930 0.96804 0.25079 0.00000 -67.80981 0.25079 -0.96804 0.00000 -5.13128 0.00000 0.00000 -1.00000 0.00000
1637089839022571 0.96828 0.24988 0.00000 -69.99054 0.24988 -0.96828 0.00000 -5.11386 0.00000 0.00000 -1.00000 0.00000
1637089839271390 0.96960 0.24469 0.00000 -72.18297 0.24469 -0.96960 0.00000 -4.77076 0.00000 0.00000 -1.00000 0.00000
1637089839520055 0.97208 0.23465 0.00000 -74.38210 0.23465 -0.97208 0.00000 -4.05656 0.00000 0.00000 -1.00000 0.00000
1637089839768877 0.97588 0.21830 0.00000 -76.58229 0.21830 -0.97588 0.00000 -2.82927 0.00000 0.00000 -1.00000 0.00000
1637089840018332 0.98138 0.19210 0.00000 -78.74655 0.19210 -0.98138 0.00000 -0.78504 0.00000 0.00000 -1.00000 0.00000
1637089840266943 0.98763 0.15683 0.00000 -80.84845 0.15683 -0.98763 0.00000 2.02909 0.00000 0.00000 -1.00000 0.00000
1637089840516220 0.99339 0.11477 0.00000 -82.80530 0.11477 -0.99339 0.00000 5.45124 0.00000 0.00000 -1.00000 0.00000
1637089840765214 0.99750 0.07065 0.00000 -84.56645 0.07065 -0.99750 0.00000 9.11060 0.00000 0.00000 -1.00000 0.00000
1637089841014375 0.99981 0.01941 0.00000 -86.07343 0.01941 -0.99981 0.00000 13.43431 0.00000 0.00000 -1.00000 0.00000
1637089841263075 0.99936 -0.03573 0.00000 -87.29359 -0.03573 -0.99936 0.00000 18.15483 0.00000 -0.00000 -1.00000 0.00000
1637089841511835 0.99602 -0.08918 0.00000 -88.25637 -0.08918 -0.99602 0.00000 22.79800 0.00000 -0.00000 -1.00000 0.00000
1637089841760526 0.98990 -0.14175 0.00000 -88.95222 -0.14175 -0.98990 0.00000 27.43105 0.00000 -0.00000 -1.00000 0.00000
1637089842009136 0.98090 -0.19452 0.00000 -89.40743 -0.19452 -0.98090 0.00000 32.15453 0.00000 -0.00000 -1.00000 0.00000
1637089842258421 0.96818 -0.25025 0.00000 -89.44885 -0.25025 -0.96818 0.00000 37.20869 0.00000 -0.00000 -1.00000 0.00000
1637089842506772 0.95139 -0.30799 0.00000 -89.07792 -0.30799 -0.95139 0.00000 42.52413 0.00000 -0.00000 -1.00000 0.00000
1637089842756242 0.93020 -0.36706 0.00000 -88.25358 -0.36706 -0.93020 0.00000 48.04221 0.00000 -0.00000 -1.00000 0.00000
1637089843004967 0.90510 -0.42519 0.00000 -87.06202 -0.42519 -0.90510 0.00000 53.53438 0.00000 -0.00000 -1.00000 0.00000
1637089843254137 0.87416 -0.48563 0.00000 -85.18940 -0.48563 -0.87416 0.00000 59.33062 0.00000 -0.00000 -1.00000 0.00000
1637089843502639 0.83601 -0.54871 0.00000 -82.55399 -0.54871 -0.83601 0.00000 65.44389 0.00000 -0.00000 -1.00000 0.00000
1637089843751671 0.79194 -0.61060 0.00000 -79.30863 -0.61060 -0.79194 0.00000 71.54753 0.00000 -0.00000 -1.00000 0.00000
1637089844000818 0.74464 -0.66747 0.00000 -75.72622 -0.66747 -0.74464 0.00000 77.22335 0.00000 -0.00000 -1.00000 0.00000
1637089844249686 0.69410 -0.71988 0.00000 -71.83938 -0.71988 -0.69410 0.00000 82.52238 0.00000 -0.00000 -1.00000 0.00000
1637089844498615 0.64529 -0.76394 0.00000 -68.18393 -0.76394 -0.64529 0.00000 87.05553 0.00000 -0.00000 -1.00000 0.00000
1637089844747615 0.60002 -0.79998 0.00000 -64.94121 -0.79998 -0.60002 0.00000 90.83727 0.00000 -0.00000 -1.00000 0.00000
1637089844996259 0.56649 -0.82407 0.00000 -63.04249 -0.82407 -0.56649 0.00000 93.42118 0.00000 -0.00000 -1.00000 0.00000
1637089845245065 0.54791 -0.83654 0.00000 -62.84981 -0.83654 -0.54791 0.00000 94.78934 0.00000 -0.00000 -1.00000 0.00000
1637089845493649 0.54222 -0.84024 0.00000 -64.14060 -0.84024 -0.54222 0.00000 95.20521 0.00000 -0.00000 -1.00000 0.00000
1637089845742387 0.54309 -0.83967 0.00000 -66.19083 -0.83967 -0.54309 0.00000 95.11449 0.00000 -0.00000 -1.00000 0.00000
1637089845991163 0.54969 -0.83537 0.00000 -68.90447 -0.83537 -0.54969 0.00000 94.55418 0.00000 -0.00000 -1.00000 0.00000
1637089846240032 0.55790 -0.82991 0.00000 -71.81315 -0.82991 -0.55790 0.00000 93.82369 0.00000 -0.00000 -1.00000 0.00000
1637089846488599 0.56858 -0.82263 0.00000 -75.01813 -0.82263 -0.56858 0.00000 92.83523 0.00000 -0.00000 -1.00000 0.00000
1637089846737571 0.58428 -0.81155 0.00000 -78.80339 -0.81155 -0.58428 0.00000 91.31927 0.00000 -0.00000 -1.00000 0.00000
1637089846986468 0.60177 -0.79867 0.00000 -82.82002 -0.79867 -0.60177 0.00000 89.54654 0.00000 -0.00000 -1.00000 0.00000
1637089847235349 0.62119 -0.78366 0.00000 -87.03354 -0.78366 -0.62119 0.00000 87.42411 0.00000 -0.00000 -1.00000 0.00000
1637089847484076 0.64233 -0.76643 0.00000 -91.45622 -0.76643 -0.64233 0.00000 84.95167 0.00000 -0.00000 -1.00000 0.00000
1637089847733107 0.66381 -0.74790 0.00000 -95.91975 -0.74790 -0.66381 0.00000 82.25534 0.00000 -0.00000 -1.00000 0.00000
1637089847981857 0.68538 -0.72819 0.00000 -100.34366 -0.72819 -0.68538 0.00000 79.35397 0.00000 -0.00000 -1.00000 0.00000
1637089848230525 0.70759 -0.70662 0.00000 -104.81990 -0.70662 -0.70759 0.00000 76.14322 0.00000 -0.00000 -1.00000 0.00000
1637089848479716 0.73100 -0.68237 0.00000 -109.41482 -0.68237 -0.73100 0.00000 72.50058 0.00000 -0.00000 -1.00000 0.00000
1637089848728902 0.75324 -0.65774 0.00000 -113.78889 -0.65774 -0.75324 0.00000 68.77487 0.00000 -0.00000 -1.00000 0.00000
1637089848977458 0.77364 -0.63362 0.00000 -117.94225 -0.63362 -0.77364 0.00000 65.08309 0.00000 -0.00000 -1.00000 0.00000
1637089849225996 0.79228 -0.61015 0.00000 -121.86276 -0.61015 -0.79228 0.00000 61.45034 0.00000 -0.00000 -1.00000 0.00000
1637089849475197 0.80880 -0.58809 0.00000 -125.49146 -0.58809 -0.80880 0.00000 58.02262 0.00000 -0.00000 -1.00000 0.00000
1637089849723428 0.82163 -0.57002 0.00000 -128.76536 -0.57002 -0.82163 0.00000 55.16767 0.00000 -0.00000 -1.00000 0.00000
1637089849972739 0.83360 -0.55237 0.00000 -131.87638 -0.55237 -0.83360 0.00000 52.35799 0.00000 -0.00000 -1.00000 0.00000
1637089850221316 0.84320 -0.53760 0.00000 -134.74400 -0.53760 -0.84320 0.00000 49.97206 0.00000 -0.00000 -1.00000 0.00000
1637089850470375 0.85216 -0.52329 0.00000 -137.52695 -0.52329 -0.85216 0.00000 47.63905 0.00000 -0.00000 -1.00000 0.00000
1637089850719330 0.86000 -0.51030 0.00000 -140.16044 -0.51030 -0.86000 0.00000 45.49121 0.00000 -0.00000 -1.00000 0.00000
1637089850967900 0.86454 -0.50256 0.00000 -142.49415 -0.50256 -0.86454 0.00000 44.21064 0.00000 -0.00000 -1.00000 0.00000
1637089851216979 0.86331 -0.50468 0.00000 -144.29091 -0.50468 -0.86331 0.00000 44.53411 0.00000 -0.00000 -1.00000 0.00000
1637089851465681 0.86037 -0.50968 0.00000 -145.88899 -0.50968 -0.86037 0.00000 45.34458 0.00000 -0.00000 -1.00000 0.00000
1637089851714798 0.85721 -0.51497 0.00000 -147.42053 -0.51497 -0.85721 0.00000 46.21094 0.00000 -0.00000 -1.00000 0.00000
1637089851963668 0.85400 -0.52028 0.00000 -148.87848 -0.52028 -0.85400 0.00000 47.10002 0.00000 -0.00000 -1.00000 0.00000
1637089852212457 0.85538 -0.51800 0.00000 -150.66018 -0.51800 -0.85538 0.00000 46.66411 0.00000 -0.00000 -1.00000 0.00000
1637089852461190 0.86423 -0.50310 0.00000 -153.02688 -0.50310 -0.86423 0.00000 44.00322 0.00000 -0.00000 -1.00000 0.00000
1637089852709954 0.88583 -0.46402 0.00000 -156.31993 -0.46402 -0.88583 0.00000 37.07256 0.00000 -0.00000 -1.00000 0.00000
1637089852958969 0.91786 -0.39691 0.00000 -160.03490 -0.39691 -0.91786 0.00000 25.29213 0.00000 -0.00000 -1.00000 0.00000
1637089853207849 0.95247 -0.30462 0.00000 -163.01213 -0.30462 -0.95247 0.00000 9.37916 0.00000 -0.00000 -1.00000 0.00000
1637089853456226 0.98124 -0.19277 0.00000 -164.16531 -0.19277 -0.98124 0.00000 -9.50988 0.00000 -0.00000 -1.00000 0.00000
1637089853705106 0.99811 -0.06141 0.00000 -162.59349 -0.06141 -0.99811 0.00000 -31.14900 0.00000 -0.00000 -1.00000 0.00000
1637089853954075 0.99648 0.08381 0.00000 -157.47511 0.08381 -0.99648 0.00000 -54.39409 0.00000 0.00000 -1.00000 0.00000
1637089854202899 0.97174 0.23606 0.00000 -148.30572 0.23606 -0.97174 0.00000 -77.97571 0.00000 0.00000 -1.00000 0.00000
1637089854451627 0.92166 0.38801 0.00000 -134.99115 0.38801 -0.92166 0.00000 -100.64282 0.00000 0.00000 -1.00000 0.00000
1637089854700412 0.84616 0.53293 0.00000 -117.80761 0.53293 -0.84616 0.00000 -121.28780 0.00000 0.00000 -1.00000 0.00000
1637089854949105 0.74647 0.66542 0.00000 -97.14948 0.66542 -0.74647 0.00000 -139.10904 0.00000 0.00000 -1.00000 0.00000
1637089855198110 0.62113 0.78371 0.00000 -72.80854 0.78371 -0.62113 0.00000 -153.73822 0.00000 0.00000 -1.00000 0.00000
1637089855446806 0.46858 0.88342 0.00000 -44.68963 0.88342 -0.46858 0.00000 -164.40967 0.00000 0.00000 -1.00000 0.00000
1637089855695477 0.29150 0.95657 0.00000 -13.56008 0.95657 -0.29150 0.00000 -169.93806 0.00000 0.00000 -1.00000 0.00000
1637089855944308 0.09721 0.99526 0.00000 19.10585 0.99526 -0.09721 0.00000 -169.30667 0.00000 0.00000 -1.00000 0.00000
1637089856193106 -0.10668 0.99429 0.00000 51.91136 0.99429 0.10668 0.00000 -161.94898 0.00000 0.00000 -1.00000 0.00000
1637089856441790 -0.30885 0.95111 0.00000 82.92107 0.95111 0.30885 0.00000 -147.84951 0.00000 0.00000 -1.00000 0.00000
1637089856690897 -0.49510 0.86884 0.00000 109.92737 0.86884 0.49510 0.00000 -128.02730 0.00000 0.00000 -1.00000 0.00000
1637089856939976 -0.65557 0.75513 0.00000 131.58771 0.75513 0.65557 0.00000 -104.08208 0.00000 0.00000 -1.00000 0.00000
1637089857188790 -0.78368 0.62117 0.00000 147.21408 0.62117 0.78368 0.00000 -78.04770 0.00000 0.00000 -1.00000 0.00000
1637089857437560 -0.87628 0.48179 0.00000 156.80869 0.48179 0.87628 0.00000 -52.46324 0.00000 0.00000 -1.00000 0.00000
1637089857686690 -0.93493 0.35483 0.00000 161.17336 0.35483 0.93493 0.00000 -30.11486 0.00000 0.00000 -1.00000 0.00000
1637089857935487 -0.96773 0.25198 0.00000 161.98620 0.25198 0.96773 0.00000 -12.62348 0.00000 0.00000 -1.00000 0.00000
1637089858184546 -0.98612 0.16603 0.00000 160.92968 0.16603 0.98612 0.00000 1.59823 0.00000 0.00000 -1.00000 0.00000
1637089858433810 -0.99405 0.10890 0.00000 159.00486 0.10890 0.99405 0.00000 10.84864 0.00000 0.00000 -1.00000 0.00000
1637089858682571 -0.99665 0.08183 0.00000 157.00379 0.08183 0.99665 0.00000 15.14713 0.00000 0.00000 -1.00000 0.00000
1637089858931608 -0.99763 0.06884 0.00000 155.10990 0.06884 0.99763 0.00000 17.15264 0.00000 0.00000 -1.00000 0.00000
1637089859180207 -0.99813 0.06106 0.00000 153.29978 0.06106 0.99813 0.00000 18.31571 0.00000 0.00000 -1.00000 0.00000
1637089859429069 -0.99818 0.06038 0.00000 151.56040 0.06038 0.99818 0.00000 18.40590 0.00000 0.00000 -1.00000 0.00000
1637089859678128 -0.99765 0.06853 0.00000 149.94348 0.06853 0.99765 0.00000 17.15251 0.00000 0.00000 -1.00000 0.00000
1637089859927100 -0.99582 0.09135 0.00000 148.52497 0.09135 0.99582 0.00000 13.72056 0.00000 0.00000 -1.00000 0.00000
1637089860176095 -0.99106 0.13343 0.00000 147.14338 0.13343 0.99106 0.00000 7.40854 0.00000 0.00000 -1.00000 0.00000
1637089860425014 -0.98340 0.18146 0.00000 145.47934 0.18146 0.98340 0.00000 0.21420 0.00000 0.00000 -1.00000 0.00000
1637089860673878 -0.97212 0.23450 0.00000 143.42195 0.23450 0.97212 0.00000 -7.68335 0.00000 0.00000 -1.00000 0.00000
1637089860922940 -0.95634 0.29227 0.00000 140.81846 0.29227 0.95634 0.00000 -16.26578 0.00000 0.00000 -1.00000 0.00000
1637089861171510 -0.93654 0.35057 0.00000 137.63315 0.35057 0.93654 0.00000 -24.91530 0.00000 0.00000 -1.00000 0.00000
1637089861420495 -0.91305 0.40784 0.00000 133.88190 0.40784 0.91305 0.00000 -33.38819 0.00000 0.00000 -1.00000 0.00000
1637089861669337 -0.88508 0.46545 0.00000 129.50883 0.46545 0.88508 0.00000 -41.89061 0.00000 0.00000 -1.00000 0.00000
1637089861918245 -0.85180 0.52387 0.00000 124.40517 0.52387 0.85180 0.00000 -50.49223 0.00000 0.00000 -1.00000 0.00000
1637089862167351 -0.81401 0.58086 0.00000 118.64326 0.58086 0.81401 0.00000 -58.89090 0.00000 0.00000 -1.00000 0.00000
1637089862416091 -0.77173 0.63596 0.00000 112.24909 0.63596 0.77173 0.00000 -66.99080 0.00000 0.00000 -1.00000 0.00000
1637089862665007 -0.72695 0.68669 0.00000 105.42342 0.68669 0.72695 0.00000 -74.42694 0.00000 0.00000 -1.00000 0.00000
1637089862913784 -0.68177 0.73156 0.00000 98.45215 0.73156 0.68177 0.00000 -80.98295 0.00000 0.00000 -1.00000 0.00000
1637089863162307 -0.64147 0.76715 0.00000 91.90520 0.76715 0.64147 0.00000 -86.15215 0.00000 0.00000 -1.00000 0.00000
1637089863411377 -0.60415 0.79687 0.00000 85.61791 0.79687 0.60415 0.00000 -90.43810 0.00000 0.00000 -1.00000 0.00000
1637089863660312 -0.57647 0.81712 0.00000 80.42206 0.81712 0.57647 0.00000 -93.36223 0.00000 0.00000 -1.00000 0.00000
1637089863908634 -0.55935 0.82893 0.00000 76.37822 0.82893 0.55935 0.00000 -95.07042 0.00000 0.00000 -1.00000 0.00000
1637089864158076 -0.54757 0.83676 0.00000 72.93577 0.83676 0.54757 0.00000 -96.17840 0.00000 0.00000 -1.00000 0.00000
1637089864406862 -0.54050 0.84135 0.00000 70.04015 0.84135 0.54050 0.00000 -96.83068 0.00000 0.00000 -1.00000 0.00000
1637089864655764 -0.53940 0.84205 0.00000 67.81750 0.84205 0.53940 0.00000 -96.96974 0.00000 0.00000 -1.00000 0.00000
1637089864904670 -0.54371 0.83928 0.00000 66.22660 0.83928 0.54371 0.00000 -96.66995 0.00000 0.00000 -1.00000 0.00000
1637089865153584 -0.55290 0.83325 0.00000 65.20616 0.83325 0.55290 0.00000 -95.99893 0.00000 0.00000 -1.00000 0.00000
1637089865402120 -0.56700 0.82372 0.00000 64.76313 0.82372 0.56700 0.00000 -94.93433 0.00000 0.00000 -1.00000 0.00000
1637089865651360 -0.58419 0.81162 0.00000 64.69802 0.81162 0.58419 0.00000 -93.61500 0.00000 0.00000 -1.00000 0.00000
1637089865899708 -0.60615 0.79535 0.00000 65.20682 0.79535 0.60615 0.00000 -91.87926 0.00000 0.00000 -1.00000 0.00000
1637089866148642 -0.63397 0.77336 0.00000 66.41324 0.77336 0.63397 0.00000 -89.58369 0.00000 0.00000 -1.00000 0.00000
1637089866397345 -0.67067 0.74176 0.00000 68.67157 0.74176 0.67067 0.00000 -86.34961 0.00000 0.00000 -1.00000 0.00000
1637089866646460 -0.71398 0.70017 0.00000 71.76710 0.70017 0.71398 0.00000 -82.14734 0.00000 0.00000 -1.00000 0.00000
1637089866894968 -0.76134 0.64835 0.00000 75.41518 0.64835 0.76134 0.00000 -76.99423 0.00000 0.00000 -1.00000 0.00000
1637089867143796 -0.81016 0.58621 0.00000 79.31337 0.58621 0.81016 0.00000 -70.89106 0.00000 0.00000 -1.00000 0.00000
1637089867392692 -0.85569 0.51749 0.00000 82.98344 0.51749 0.85569 0.00000 -64.20214 0.00000 0.00000 -1.00000 0.00000
1637089867641757 -0.89548 0.44510 0.00000 86.10781 0.44510 0.89548 0.00000 -57.22707 0.00000 0.00000 -1.00000 0.00000
1637089867890362 -0.92827 0.37190 0.00000 88.51278 0.37190 0.92827 0.00000 -50.22524 0.00000 0.00000 -1.00000 0.00000
1637089868139183 -0.95441 0.29851 0.00000 90.21639 0.29851 0.95441 0.00000 -43.26442 0.00000 0.00000 -1.00000 0.00000
1637089868388034 -0.97359 0.22830 0.00000 91.18114 0.22830 0.97359 0.00000 -36.66272 0.00000 0.00000 -1.00000 0.00000
1637089868637018 -0.98698 0.16083 0.00000 91.52427 0.16083 0.98698 0.00000 -30.38132 0.00000 0.00000 -1.00000 0.00000
1637089868885392 -0.99501 0.09978 0.00000 91.25069 0.09978 0.99501 0.00000 -24.76099 0.00000 0.00000 -1.00000 0.00000
1637089869134213 -0.99909 0.04267 0.00000 90.53090 0.04267 0.99909 0.00000 -19.56687 0.00000 0.00000 -1.00000 0.00000
1637089869383279 -0.99997 -0.00761 -0.00000 89.40707 -0.00761 0.99997 0.00000 -15.04894 0.00000 0.00000 -1.00000 0.00000
1637089869631679 -0.99838 -0.05698 -0.00000 88.00201 -0.05698 0.99838 0.00000 -10.68760 0.00000 0.00000 -1.00000 0.00000
1637089869880872 -0.99452 -0.10457 -0.00000 86.34755 -0.10457 0.99452 0.00000 -6.53561 0.00000 0.00000 -1.00000 0.00000
1637089870130080 -0.98944 -0.14493 -0.00000 84.45975 -0.14493 0.98944 0.00000 -3.08208 0.00000 0.00000 -1.00000 0.00000
1637089870379273 -0.98477 -0.17388 -0.00000 82.41043 -0.17388 0.98477 0.00000 -0.65716 0.00000 0.00000 -1.00000 0.00000
1637089870628279 -0.98098 -0.19412 -0.00000 80.24172 -0.19412 0.98098 0.00000 0.98874 0.00000 0.00000 -1.00000 0.00000
1637089870877258 -0.97756 -0.21066 -0.00000 78.03612 -0.21066 0.97756 0.00000 2.30542 0.00000 0.00000 -1.00000 0.00000
1637089871126358 -0.97505 -0.22200 -0.00000 75.83066 -0.22200 0.97505 0.00000 3.16424 0.00000 0.00000 -1.00000 0.00000
1637089871374778 -0.97271 -0.23204 -0.00000 73.59899 -0.23204 0.97271 0.00000 3.89714 0.00000 0.00000 -1.00000 0.00000
1637089871624074 -0.97053 -0.24098 -0.00000 71.36552 -0.24098 0.97053 0.00000 4.52199 0.00000 0.00000 -1.00000 0.00000
1637089871872981 -0.96865 -0.24842 -0.00000 69.14440 -0.24842 0.96865 0.00000 5.02802 0.00000 0.00000 -1.00000 0.00000
1637089872122076 -0.96736 -0.25340 -0.00000 66.93205 -0.25340 0.96736 0.00000 5.32843 0.00000 0.00000 -1.00000 0.00000
1637089872370579 -0.96651 -0.25662 -0.00000 64.74440 -0.25662 0.96651 0.00000 5.51597 0.00000 0.00000 -1.00000 0.00000
1637089872619520 -0.96650 -0.25668 -0.00000 62.57174 -0.25668 0.96650 0.00000 5.48690 0.00000 0.00000 -1.00000 0.00000
1637089872868488 -0.96618 -0.25787 -0.00000 60.40222 -0.25787 0.96618 0.00000 5.52265 0.00000 0.00000 -1.00000 0.00000
1637089873117737 -0.96595 -0.25872 -0.00000 58.23435 -0.25872 0.96595 0.00000 5.52614 0.00000 0.00000 -1.00000 0.00000
1637089873366947 -0.96557 -0.26015 -0.00000 56.07558 -0.26015 0.96557 0.00000 5.55683 0.00000 0.00000 -1.00000 0.00000
1637089873615787 -0.96522 -0.26145 -0.00000 53.93795 -0.26145 0.96522 0.00000 5.58458 0.00000 0.00000 -1.00000 0.00000
1637089873864716 -0.96480 -0.26300 -0.00000 51.84199 -0.26300 0.96480 0.00000 5.61426 0.00000 0.00000 -1.00000 0.00000
1637089874113665 -0.96489 -0.26266 -0.00000 49.75102 -0.26266 0.96489 0.00000 5.54977 0.00000 0.00000 -1.00000 0.00000
1637089874362621 -0.96432 -0.26474 -0.00000 47.68065 -0.26474 0.96432 0.00000 5.62694 0.00000 0.00000 -1.00000 0.00000
1637089874611648 -0.96488 -0.26271 -0.00000 45.65330 -0.26271 0.96488 0.00000 5.50457 0.00000 0.00000 -1.00000 0.00000
1637089874860554 -0.96602 -0.25845 -0.00000 43.64569 -0.25845 0.96602 0.00000 5.24588 0.00000 0.00000 -1.00000 0.00000
1637089875109452 -0.96779 -0.25175 -0.00000 41.67629 -0.25175 0.96779 0.00000 4.90948 0.00000 0.00000 -1.00000 0.00000
1637089875358334 -0.97062 -0.24063 -0.00000 39.71700 -0.24063 0.97062 0.00000 4.41299 0.00000 0.00000 -1.00000 0.00000
1637089875607678 -0.97387 -0.22709 -0.00000 37.79832 -0.22709 0.97387 0.00000 3.83398 0.00000 0.00000 -1.00000 0.00000
1637089875856647 -0.97726 -0.21203 -0.00000 35.86853 -0.21203 0.97726 0.00000 3.21544 0.00000 0.00000 -1.00000 0.00000
1637089876105865 -0.98001 -0.19897 -0.00000 33.87243 -0.19897 0.98001 0.00000 2.69407 0.00000 0.00000 -1.00000 0.00000
1637089876355140 -0.98212 -0.18827 -0.00000 31.91215 -0.18827 0.98212 0.00000 2.30895 0.00000 0.00000 -1.00000 0.00000
1637089876604418 -0.98445 -0.17569 -0.00000 29.90128 -0.17569 0.98445 0.00000 1.85223 0.00000 0.00000 -1.00000 0.00000
1637089876853308 -0.98575 -0.16820 -0.00000 27.88060 -0.16820 0.98575 0.00000 1.57848 0.00000 0.00000 -1.00000 0.00000
1637089877102442 -0.98686 -0.16156 -0.00000 25.87462 -0.16156 0.98686 0.00000 1.33742 0.00000 0.00000 -1.00000 0.00000
1637089877351185 -0.98750 -0.15759 -0.00000 23.81602 -0.15759 0.98750 0.00000 1.19842 0.00000 0.00000 -1.00000 0.00000
1637089877600392 -0.98799 -0.15451 -0.00000 21.75624 -0.15451 0.98799 0.00000 1.07452 0.00000 0.00000 -1.00000 0.00000
1637089877849283 -0.98833 -0.15235 -0.00000 19.66494 -0.15235 0.98833 0.00000 0.98289 0.00000 0.00000 -1.00000 0.00000
1637089878098543 -0.98866 -0.15018 -0.00000 17.56391 -0.15018 0.98866 0.00000 0.89750 0.00000 0.00000 -1.00000 0.00000
1637089878347017 -0.98891 -0.14849 -0.00000 15.43714 -0.14849 0.98891 0.00000 0.83137 0.00000 0.00000 -1.00000 0.00000
1637089878596570 -0.98914 -0.14697 -0.00000 13.33324 -0.14697 0.98914 0.00000 0.77429 0.00000 0.00000 -1.00000 0.00000
1637089878845107 -0.98953 -0.14430 -0.00000 11.19208 -0.14430 0.98953 0.00000 0.70365 0.00000 0.00000 -1.00000 0.00000
1637089879094377 -0.98977 -0.14265 -0.00000 9.05939 -0.14265 0.98977 0.00000 0.64962 0.00000 0.00000 -1.00000 0.00000
1637089879343125 -0.99009 -0.14043 -0.00000 6.94864 -0.14043 0.99009 0.00000 0.60505 0.00000 0.00000 -1.00000 0.00000
1637089879592094 -0.99018 -0.13978 -0.00000 4.88080 -0.13978 0.99018 0.00000 0.57168 0.00000 0.00000 -1.00000 0.00000
1637089879840612 -0.99028 -0.13909 -0.00000 2.84863 -0.13909 0.99028 0.00000 0.54943 0.00000 0.00000 -1.00000 0.00000
1637089880090054 -0.99023 -0.13946 -0.00000 0.87212 -0.13946 0.99023 0.00000 0.52754 0.00000 0.00000 -1.00000 0.00000
1637089880338845 -0.98992 -0.14164 -0.00000 -1.05673 -0.14164 0.98992 0.00000 0.49431 0.00000 0.00000 -1.00000 0.00000
1637089880587853 -0.98924 -0.14628 -0.00000 -2.98528 -0.14628 0.98924 0.00000 0.44920 0.00000 0.00000 -1.00000 0.00000
1637089880836777 -0.98857 -0.15078 -0.00000 -4.87094 -0.15078 0.98857 0.00000 0.39845 0.00000 0.00000 -1.00000 0.00000
1637089881085809 -0.98789 -0.15514 -0.00000 -6.74918 -0.15514 0.98789 0.00000 0.32966 0.00000 0.00000 -1.00000 0.00000
1637089881334961 -0.98712 -0.15995 -0.00000 -8.62081 -0.15995 0.98712 0.00000 0.24982 0.00000 0.00000 -1.00000 0.00000
1637089881583664 -0.98609 -0.16620 -0.00000 -10.49665 -0.16620 0.98609 0.00000 0.16823 0.00000 0.00000 -1.00000 0.00000
1637089881832961 -0.98532 -0.17073 -0.00000 -12.33489 -0.17073 0.98532 0.00000 0.11048 0.00000 0.00000 -1.00000 0.00000
1637089882081835 -0.98414 -0.17738 -0.00000 -14.17829 -0.17738 0.98414 0.00000 0.01065 0.00000 0.00000 -1.00000 0.00000
1637089882330894 -0.98364 -0.18012 -0.00000 -16.04304 -0.18012 0.98364 0.00000 -0.06807 0.00000 0.00000 -1.00000 0.00000
1637089882579870 -0.98267 -0.18536 -0.00000 -17.86978 -0.18536 0.98267 0.00000 -0.20363 0.00000 0.00000 -1.00000 0.00000
1637089882829112 -0.98183 -0.18978 -0.00000 -19.70653 -0.18978 0.98183 0.00000 -0.34275 0.00000 0.00000 -1.00000 0.00000
1637089883078006 -0.98145 -0.19172 -0.00000 -21.55129 -0.19172 0.98145 0.00000 -0.42371 0.00000 0.00000 -1.00000 0.00000
1637089883327173 -0.98102 -0.19393 -0.00000 -23.38354 -0.19393 0.98102 0.00000 -0.54328 0.00000 0.00000 -1.00000 0.00000
1637089883575824 -0.98053 -0.19637 -0.00000 -25.22398 -0.19637 0.98053 0.00000 -0.66315 0.00000 0.00000 -1.00000 0.00000
1637089883825155 -0.97983 -0.19982 -0.00000 -27.08147 -0.19982 0.97983 0.00000 -0.80602 0.00000 0.00000 -1.00000 0.00000
1637089884074079 -0.97924 -0.20270 -0.00000 -28.98370 -0.20270 0.97924 0.00000 -0.93322 0.00000 0.00000 -1.00000 0.00000
1637089884323143 -0.97866 -0.20548 -0.00000 -30.91628 -0.20548 0.97866 0.00000 -1.03058 0.00000 0.00000 -1.00000 0.00000
1637089884572051 -0.97808 -0.20823 -0.00000 -32.88993 -0.20823 0.97808 0.00000 -1.13755 0.00000 0.00000 -1.00000 0.00000
1637089884820904 -0.97759 -0.21054 -0.00000 -34.90354 -0.21054 0.97759 0.00000 -1.23153 0.00000 0.00000 -1.00000 0.00000
1637089885070090 -0.97703 -0.21310 -0.00000 -36.91850 -0.21310 0.97703 0.00000 -1.35238 0.00000 0.00000 -1.00000 0.00000
1637089885318855 -0.97670 -0.21462 -0.00000 -38.91095 -0.21462 0.97670 0.00000 -1.44829 0.00000 0.00000 -1.00000 0.00000
1637089885567754 -0.97609 -0.21738 -0.00000 -40.93787 -0.21738 0.97609 0.00000 -1.60243 0.00000 0.00000 -1.00000 0.00000
1637089885816870 -0.97554 -0.21981 -0.00000 -42.95705 -0.21981 0.97554 0.00000 -1.74243 0.00000 0.00000 -1.00000 0.00000
1637089886065480 -0.97449 -0.22443 -0.00000 -44.92723 -0.22443 0.97449 0.00000 -2.01250 0.00000 0.00000 -1.00000 0.00000
1637089886314584 -0.97266 -0.23222 -0.00000 -46.89202 -0.23222 0.97266 0.00000 -2.42145 0.00000 0.00000 -1.00000 0.00000
1637089886564224 -0.97124 -0.23811 -0.00000 -48.77091 -0.23811 0.97124 0.00000 -2.74283 0.00000 0.00000 -1.00000 0.00000
1637089886813114 -0.96981 -0.24386 -0.00000 -50.59904 -0.24386 0.96981 0.00000 -3.07655 0.00000 0.00000 -1.00000 0.00000
1637089887062319 -0.96837 -0.24951 -0.00000 -52.36956 -0.24951 0.96837 0.00000 -3.40878 0.00000 0.00000 -1.00000 0.00000
1637089887311317 -0.96694 -0.25501 -0.00000 -54.04747 -0.25501 0.96694 0.00000 -3.75155 0.00000 0.00000 -1.00000 0.00000
1637089887560039 -0.96559 -0.26006 -0.00000 -55.66166 -0.26006 0.96559 0.00000 -4.06633 0.00000 0.00000 -1.00000 0.00000
1637089887809196 -0.96497 -0.26235 -0.00000 -57.22289 -0.26235 0.96497 0.00000 -4.21956 0.00000 0.00000 -1.00000 0.00000
1637089888058366 -0.96595 -0.25872 -0.00000 -58.74564 -0.25872 0.96595 0.00000 -4.02751 0.00000 0.00000 -1.00000 0.00000
1637089888307343 -0.96918 -0.24635 -0.00000 -60.22084 -0.24635 0.96918 0.00000 -3.29740 0.00000 0.00000 -1.00000 0.00000
1637089888556399 -0.97507 -0.22191 -0.00000 -61.64740 -0.22191 0.97507 0.00000 -1.80279 0.00000 0.00000 -1.00000 0.00000
1637089888805778 -0.98202 -0.18876 -0.00000 -62.96251 -0.18876 0.98202 0.00000 0.26065 0.00000 0.00000 -1.00000 0.00000
1637089889054972 -0.98902 -0.14780 -0.00000 -64.11576 -0.14780 0.98902 0.00000 2.86047 0.00000 0.00000 -1.00000 0.00000
1637089889304312 -0.99554 -0.09432 -0.00000 -65.04626 -0.09432 0.99554 0.00000 6.30797 0.00000 0.00000 -1.00000 0.00000
1637089889553002 -0.99960 -0.02813 -0.00000 -65.62830 -0.02813 0.99960 0.00000 10.59475 0.00000 0.00000 -1.00000 0.00000
1637089889801976 -0.99872 0.05050 0.00000 -65.71538 0.05050 0.99872 0.00000 15.70814 0.00000 0.00000 -1.00000 0.00000
1637089890050904 -0.98924 0.14631 0.00000 -65.01952 0.14631 0.98924 0.00000 21.95454 0.00000 0.00000 -1.00000 0.00000
1637089890300548 -0.96708 0.25449 0.00000 -63.29615 0.25449 0.96708 0.00000 28.96836 0.00000 0.00000 -1.00000 0.00000
1637089890549494 -0.92952 0.36878 0.00000 -60.41845 0.36878 0.92952 0.00000 36.37005 0.00000 0.00000 -1.00000 0.00000
1637089890798571 -0.87393 0.48604 0.00000 -56.25637 0.48604 0.87393 0.00000 43.86362 0.00000 0.00000 -1.00000 0.00000
1637089891047637 -0.80067 0.59910 0.00000 -50.90880 0.59910 0.80067 0.00000 51.01273 0.00000 0.00000 -1.00000 0.00000
1637089891296562 -0.71183 0.70235 0.00000 -44.61578 0.70235 0.71183 0.00000 57.46162 0.00000 0.00000 -1.00000 0.00000
1637089891545727 -0.61320 0.78993 0.00000 -37.83045 0.78993 0.61320 0.00000 62.81614 0.00000 0.00000 -1.00000 0.00000
1637089891794436 -0.51214 0.85890 0.00000 -31.09413 0.85890 0.51214 0.00000 66.94489 0.00000 0.00000 -1.00000 0.00000
1637089892043149 -0.42778 0.90388 0.00000 -25.84848 0.90388 0.42778 0.00000 69.57813 0.00000 0.00000 -1.00000 0.00000
1637089892292330 -0.36607 0.93059 0.00000 -22.48888 0.93059 0.36607 0.00000 71.12003 0.00000 0.00000 -1.00000 0.00000
1637089892541095 -0.32057 0.94722 0.00000 -20.47333 0.94722 0.32057 0.00000 72.09746 0.00000 0.00000 -1.00000 0.00000
1637089892789835 -0.28797 0.95764 0.00000 -19.53901 0.95764 0.28797 0.00000 72.72514 0.00000 0.00000 -1.00000 0.00000
1637089893038664 -0.26683 0.96374 0.00000 -19.55178 0.96374 0.26683 0.00000 73.11646 0.00000 0.00000 -1.00000 0.00000
1637089893287925 -0.25506 0.96693 0.00000 -20.35068 0.96693 0.25506 0.00000 73.32639 0.00000 0.00000 -1.00000 0.00000
1637089893537014 -0.24993 0.96826 0.00000 -21.69276 0.96826 0.24993 0.00000 73.39489 0.00000 0.00000 -1.00000 0.00000
1637089893785763 -0.24670 0.96909 0.00000 -23.22015 0.96909 0.24670 0.00000 73.42147 0.00000 0.00000 -1.00000 0.00000
1637089894034887 -0.24439 0.96968 0.00000 -24.87997 0.96968 0.24439 0.00000 73.42822 0.00000 0.00000 -1.00000 0.00000
1637089894283679 -0.24194 0.97029 0.00000 -26.53316 0.97029 0.24194 0.00000 73.45831 0.00000 0.00000 -1.00000 0.00000
1637089894532655 -0.23695 0.97152 0.00000 -28.00397 0.97152 0.23695 0.00000 73.55681 0.00000 0.00000 -1.00000 0.00000
1637089894781464 -0.22746 0.97379 0.00000 -29.17318 0.97379 0.22746 0.00000 73.79953 0.00000 0.00000 -1.00000 0.00000
1637089895030692 -0.21512 0.97659 0.00000 -30.13299 0.97659 0.21512 0.00000 74.13136 0.00000 0.00000 -1.00000 0.00000
1637089895279573 -0.20109 0.97957 0.00000 -30.95095 0.97957 0.20109 0.00000 74.53159 0.00000 0.00000 -1.00000 0.00000
1637089895528772 -0.18178 0.98334 0.00000 -31.36450 0.98334 0.18178 0.00000 75.09517 0.00000 0.00000 -1.00000 0.00000
1637089895777446 -0.16293 0.98664 0.00000 -31.80816 0.98664 0.16293 0.00000 75.66052 0.00000 0.00000 -1.00000 0.00000
1637089896026860 -0.14483 0.98946 0.00000 -32.31818 0.98946 0.14483 0.00000 76.19383 0.00000 0.00000 -1.00000 0.00000
1637089896276048 -0.13116 0.99136 0.00000 -33.14655 0.99136 0.13116 0.00000 76.56400 0.00000 0.00000 -1.00000 0.00000
1637089896525446 -0.12844 0.99172 0.00000 -34.75667 0.99172 0.12844 0.00000 76.58573 0.00000 0.00000 -1.00000 0.00000
1637089896774418 -0.13214 0.99123 0.00000 -36.90632 0.99123 0.13214 0.00000 76.41128 0.00000 0.00000 -1.00000 0.00000
1637089897023538 -0.14054 0.99007 0.00000 -39.44225 0.99007 0.14054 0.00000 76.06033 0.00000 0.00000 -1.00000 0.00000
1637089897272795 -0.15160 0.98844 0.00000 -42.12673 0.98844 0.15160 0.00000 75.55920 0.00000 0.00000 -1.00000 0.00000
1637089897522301 -0.16517 0.98627 0.00000 -44.98073 0.98627 0.16517 0.00000 74.93503 0.00000 0.00000 -1.00000 0.00000
1637089897771589 -0.17801 0.98403 0.00000 -47.88890 0.98403 0.17801 0.00000 74.28997 0.00000 0.00000 -1.00000 0.00000
1637089898020824 -0.19146 0.98150 0.00000 -50.82558 0.98150 0.19146 0.00000 73.59989 0.00000 0.00000 -1.00000 0.00000
1637089898270478 -0.20114 0.97956 0.00000 -53.48790 0.97956 0.20114 0.00000 73.03786 0.00000 0.00000 -1.00000 0.00000
1637089898519613 -0.21078 0.97753 0.00000 -56.14837 0.97753 0.21078 0.00000 72.46657 0.00000 0.00000 -1.00000 0.00000
1637089898769191 -0.21898 0.97573 0.00000 -58.69583 0.97573 0.21898 0.00000 71.95300 0.00000 0.00000 -1.00000 0.00000
1637089899018248 -0.22677 0.97395 0.00000 -61.21655 0.97395 0.22677 0.00000 71.44965 0.00000 0.00000 -1.00000 0.00000
1637089899267121 -0.23369 0.97231 0.00000 -63.68642 0.97231 0.23369 0.00000 70.98474 0.00000 0.00000 -1.00000 0.00000
1637089899516624 -0.23991 0.97080 0.00000 -66.05667 0.97080 0.23991 0.00000 70.53352 0.00000 0.00000 -1.00000 0.00000
1637089899765741 -0.24359 0.96988 0.00000 -68.23179 0.96988 0.24359 0.00000 70.22996 0.00000 0.00000 -1.00000 0.00000
1637089900015049 -0.24850 0.96863 0.00000 -70.49760 0.96863 0.24850 0.00000 69.83046 0.00000 0.00000 -1.00000 0.00000
1637089900264250 -0.25356 0.96732 0.00000 -72.72628 0.96732 0.25356 0.00000 69.41923 0.00000 0.00000 -1.00000 0.00000
1637089900513712 -0.25927 0.96580 0.00000 -74.98649 0.96580 0.25927 0.00000 68.96138 0.00000 0.00000 -1.00000 0.00000
1637089900763201 -0.26391 0.96455 0.00000 -77.12711 0.96455 0.26391 0.00000 68.55808 0.00000 0.00000 -1.00000 0.00000
1637089901012262 -0.26868 0.96323 0.00000 -79.27360 0.96323 0.26868 0.00000 68.13253 0.00000 0.00000 -1.00000 0.00000
1637089901261405 -0.27675 0.96094 0.00000 -81.61377 0.96094 0.27675 0.00000 67.40223 0.00000 0.00000 -1.00000 0.00000
1637089901510799 -0.29666 0.95498 0.00000 -84.75101 0.95498 0.29666 0.00000 65.65964 0.00000 0.00000 -1.00000 0.00000
1637089901760185 -0.32310 0.94637 0.00000 -88.26138 0.94637 0.32310 0.00000 63.24151 0.00000 0.00000 -1.00000 0.00000
1637089902009525 -0.36548 0.93082 0.00000 -92.68571 0.93082 0.36548 0.00000 59.10918 0.00000 0.00000 -1.00000 0.00000
1637089902258516 -0.42465 0.90536 0.00000 -97.93842 0.90536 0.42465 0.00000 52.98006 0.00000 0.00000 -1.00000 0.00000
1637089902507622 -0.49541 0.86866 0.00000 -103.47974 0.86866 0.49541 0.00000 44.93900 0.00000 0.00000 -1.00000 0.00000
1637089902756854 -0.57003 0.82162 0.00000 -108.61612 0.82162 0.57003 0.00000 35.57243 0.00000 0.00000 -1.00000 0.00000
1637089903005825 -0.64957 0.76030 0.00000 -113.18994 0.76030 0.64957 0.00000 24.39697 0.00000 0.00000 -1.00000 0.00000
1637089903255011 -0.73082 0.68257 0.00000 -116.75750 0.68257 0.73082 0.00000 11.46526 0.00000 0.00000 -1.00000 0.00000
1637089903504256 -0.80639 0.59139 0.00000 -118.80359 0.59139 0.80639 0.00000 -2.48729 0.00000 0.00000 -1.00000 0.00000
1637089903753245 -0.87174 0.48998 0.00000 -119.12189 0.48998 0.87174 0.00000 -16.81168 0.00000 0.00000 -1.00000 0.00000
1637089904002578 -0.92334 0.38398 0.00000 -117.78762 0.38398 0.92334 0.00000 -30.74979 0.00000 0.00000 -1.00000 0.00000
1637089904251967 -0.95920 0.28274 0.00000 -115.26524 0.28274 0.95920 0.00000 -43.25348 0.00000 0.00000 -1.00000 0.00000
1637089904501363 -0.98154 0.19124 0.00000 -112.11762 0.19124 0.98154 0.00000 -53.93337 0.00000 0.00000 -1.00000 0.00000
1637089904750888 -0.99333 0.11533 0.00000 -109.06363 0.11533 0.99333 0.00000 -62.44081 0.00000 0.00000 -1.00000 0.00000
1637089905000341 -0.99864 0.05219 0.00000 -106.32536 0.05219 0.99864 0.00000 -69.23889 0.00000 0.00000 -1.00000 0.00000
1637089905249476 -0.99998 -0.00610 -0.00000 -103.54701 -0.00610 0.99998 0.00000 -75.38763 0.00000 0.00000 -1.00000 0.00000
1637089905498548 -0.99895 -0.04571 -0.00000 -101.94783 -0.04571 0.99895 0.00000 -79.47565 0.00000 0.00000 -1.00000 0.00000
1637089905747845 -0.99766 -0.06838 -0.00000 -101.65409 -0.06838 0.99766 0.00000 -81.75191 0.00000 0.00000 -1.00000 0.00000
1637089905997895 -0.99769 -0.06786 -0.00000 -103.22198 -0.06786 0.99769 0.00000 -81.75673 0.00000 0.00000 -1.00000 0.00000
1637089906246897 -0.99853 -0.05424 -0.00000 -105.93456 -0.05424 0.99853 0.00000 -80.31903 0.00000 0.00000 -1.00000 0.00000
1637089906496714 -0.99970 -0.02455 -0.00000 -109.93223 -0.02455 0.99970 0.00000 -77.16087 0.00000 0.00000 -1.00000 0.00000
1637089906745902 -0.99977 0.02129 0.00000 -115.04102 0.02129 0.99977 0.00000 -72.03752 0.00000 0.00000 -1.00000 0.00000
