1547824819123090 1.00000 0.00000 0.00000 -0.00000 0.00000 1.00000 0.00000 -0.00000 0.00000 0.00000 1.00000 -0.00000
1547824819371845 1.00000 -0.00014 0.00000 -0.00418 0.00014 1.00000 -0.00000 0.00450 -0.00000 0.00000 1.00000 0.00000
1547824819622545 1.00000 -0.00023 0.00000 0.00358 0.00023 1.00000 -0.00000 0.00693 -0.00000 0.00000 1.00000 0.00000
1547824819873996 1.00000 -0.00023 0.00000 -0.00069 0.00023 1.00000 -0.00000 0.01033 -0.00000 0.00000 1.00000 0.00000
1547824820125061 1.00000 -0.00014 0.00000 -0.00386 0.00014 1.00000 -0.00000 0.00749 -0.00000 0.00000 1.00000 0.00000
1547824820375822 1.00000 -0.00014 0.00000 -0.00321 0.00014 1.00000 -0.00000 0.00323 -0.00000 0.00000 1.00000 0.00000
1547824820626211 1.00000 -0.00013 0.00000 -0.00105 0.00013 1.00000 -0.00000 0.00729 -0.00000 0.00000 1.00000 0.00000
1547824820875915 1.00000 -0.00012 0.00000 0.00311 0.00012 1.00000 -0.00000 0.01007 -0.00000 0.00000 1.00000 0.00000
1547824821125550 1.00000 -0.00008 0.00000 0.00436 0.00008 1.00000 -0.00000 0.00331 -0.00000 0.00000 1.00000 0.00000
1547824821375720 1.00000 -0.00011 0.00000 0.00145 0.00011 1.00000 -0.00000 0.00997 -0.00000 0.00000 1.00000 0.00000
1547824821626183 1.00000 -0.00017 0.00000 -0.00371 0.00017 1.00000 -0.00000 0.00370 -0.00000 0.00000 1.00000 0.00000
1547824821877818 1.00000 -0.00016 0.00000 0.00175 0.00016 1.00000 -0.00000 -0.00403 -0.00000 0.00000 1.00000 -0.00000
1547824822130148 1.00000 -0.00016 0.00000 -0.00115 0.00016 1.00000 -0.00000 -0.00552 -0.00000 0.00000 1.00000 0.00000
1547824822381860 1.00000 -0.00016 0.00000 -0.00242 0.00016 1.00000 -0.00000 -0.00761 -0.00000 0.00000 1.00000 0.00000
1547824822633275 1.00000 -0.00025 0.00000 -0.00039 0.00025 1.00000 -0.00000 0.00187 -0.00000 0.00000 1.00000 0.00000
1547824822884923 1.00000 -0.00022 0.00000 0.00521 0.00022 1.00000 -0.00000 0.00342 -0.00000 0.00000 1.00000 0.00000
1547824823136898 1.00000 -0.00031 0.00000 0.00468 0.00031 1.00000 -0.00000 0.00195 -0.00000 0.00000 1.00000 0.00000
1547824823388609 1.00000 -0.00030 0.00000 0.00056 0.00030 1.00000 -0.00000 0.00554 -0.00000 0.00000 1.00000 0.00000
1547824823640078 1.00000 -0.00010 0.00000 0.00252 0.00010 1.00000 -0.00000 0.00348 -0.00000 0.00000 1.00000 0.00000
1547824823891351 1.00000 -0.00015 0.00000 -0.00119 0.00015 1.00000 -0.00000 -0.00446 -0.00000 0.00000 1.00000 0.00000
1547824824143446 1.00000 -0.00028 0.00000 0.00148 0.00028 1.00000 -0.00000 -0.00281 -0.00000 0.00000 1.00000 -0.00000
1547824824397099 1.00000 -0.00027 0.00000 0.00164 0.00027 1.00000 -0.00000 0.00370 -0.00000 0.00000 1.00000 0.00000
1547824824649967 1.00000 -0.00031 0.00000 -0.00277 0.00031 1.00000 -0.00000 -0.00122 -0.00000 0.00000 1.00000 0.00000
1547824824900291 1.00000 -0.00033 0.00000 -0.00263 0.00033 1.00000 -0.00000 -0.00749 -0.00000 0.00000 1.00000 0.00000
1547824825149224 1.00000 -0.00014 0.00000 -0.00354 0.00014 1.00000 -0.00000 -0.00726 -0.00000 0.00000 1.00000 0.00000
1547824825397332 1.00000 -0.00034 0.00000 0.00580 0.00034 1.00000 -0.00000 -0.00630 -0.00000 0.00000 1.00000 -0.00000
1547824825645344 1.00000 -0.00006 0.00000 -0.00214 0.00006 1.00000 -0.00000 0.00122 -0.00000 0.00000 1.00000 0.00000
1547824825892896 1.00000 -0.00022 0.00000 -0.00261 0.00022 1.00000 -0.00000 0.00568 -0.00000 0.00000 1.00000 0.00000
1547824826140508 1.00000 -0.00039 0.00000 0.00431 0.00039 1.00000 -0.00000 -0.00278 -0.00000 0.00000 1.00000 -0.00000
1547824826388431 1.00000 -0.00039 0.00000 -0.00318 0.00039 1.00000 -0.00000 -0.00237 -0.00000 0.00000 1.00000 0.00000
1547824826637706 1.00000 -0.00021 0.00000 -0.00154 0.00021 1.00000 -0.00000 0.00098 -0.00000 0.00000 1.00000 0.00000
1547824826888525 1.00000 -0.00010 0.00000 0.00520 0.00010 1.00000 -0.00000 -0.00082 -0.00000 0.00000 1.00000 -0.00000
1547824827139461 1.00000 -0.00022 0.00000 0.00056 0.00022 1.00000 -0.00000 0.00999 -0.00000 0.00000 1.00000 0.00000
1547824827390345 1.00000 -0.00030 0.00000 0.00575 0.00030 1.00000 -0.00000 0.00208 -0.00000 0.00000 1.00000 0.00000
1547824827641155 1.00000 -0.00032 0.00000 -0.00149 0.00032 1.00000 -0.00000 0.00041 -0.00000 0.00000 1.00000 0.00000
1547824827891290 1.00000 -0.00026 0.00000 0.00625 0.00026 1.00000 -0.00000 0.00474 -0.00000 0.00000 1.00000 0.00000
1547824828140937 1.00000 -0.00027 0.00000 0.00604 0.00027 1.00000 -0.00000 0.00905 -0.00000 0.00000 1.00000 0.00000
1547824828390939 1.00000 -0.00010 0.00000 -0.00103 0.00010 1.00000 -0.00000 0.00374 -0.00000 0.00000 1.00000 0.00000
1547824828640974 1.00000 -0.00012 0.00000 0.00053 0.00012 1.00000 -0.00000 0.00795 -0.00000 0.00000 1.00000 0.00000
1547824828892369 1.00000 -0.00033 0.00000 0.00290 0.00033 1.00000 -0.00000 0.00997 -0.00000 0.00000 1.00000 0.00000
1547824829144762 1.00000 -0.00036 0.00000 0.00291 0.00036 1.00000 -0.00000 0.00797 -0.00000 0.00000 1.00000 0.00000
1547824829396831 1.00000 -0.00020 0.00000 -0.00410 0.00020 1.00000 -0.00000 0.00004 -0.00000 0.00000 1.00000 0.00000
1547824829648682 1.00000 -0.00031 0.00000 0.00061 0.00031 1.00000 -0.00000 0.00260 -0.00000 0.00000 1.00000 0.00000
1547824829900320 1.00000 -0.00035 0.00000 -0.00389 0.00035 1.00000 -0.00000 -0.00151 -0.00000 0.00000 1.00000 0.00000
1547824830151406 1.00000 -0.00024 0.00000 0.00281 0.00024 1.00000 -0.00000 -0.00438 -0.00000 0.00000 1.00000 -0.00000
1547824830401582 1.00000 -0.00022 0.00000 -0.00425 0.00022 1.00000 -0.00000 -0.00434 -0.00000 0.00000 1.00000 0.00000
1547824830651459 1.00000 -0.00013 0.00000 0.00035 0.00013 1.00000 -0.00000 0.00494 -0.00000 0.00000 1.00000 0.00000
1547824830901072 1.00000 -0.00033 0.00000 0.00023 0.00033 1.00000 -0.00000 0.00086 -0.00000 0.00000 1.00000 0.00000
1547824831151734 1.00000 -0.00053 0.00000 0.00174 0.00053 1.00000 -0.00000 0.00256 -0.00000 0.00000 1.00000 0.00000
1547824831404071 1.00000 -0.00051 0.00000 -0.00023 0.00051 1.00000 -0.00000 -0.00011 -0.00000 0.00000 1.00000 0.00000
1547824831656658 1.00000 -0.00038 0.00000 -0.00452 0.00038 1.00000 -0.00000 -0.00564 -0.00000 0.00000 1.00000 0.00000
1547824831908478 1.00000 -0.00042 0.00000 -0.00185 0.00042 1.00000 -0.00000 -0.01009 -0.00000 0.00000 1.00000 0.00000
1547824832159564 1.00000 -0.00056 0.00000 -0.00170 0.00056 1.00000 -0.00000 -0.00290 -0.00000 0.00000 1.00000 0.00000
1547824832409652 1.00000 -0.00020 0.00000 0.00215 0.00020 1.00000 -0.00000 0.00095 -0.00000 0.00000 1.00000 0.00000
1547824832659006 1.00000 -0.00009 0.00000 0.00299 0.00009 1.00000 -0.00000 0.00680 -0.00000 0.00000 1.00000 0.00000
1547824832907870 1.00000 -0.00048 0.00000 0.00553 0.00048 1.00000 -0.00000 -0.00459 -0.00000 0.00000 1.00000 -0.00000
1547824833156363 1.00000 -0.00014 0.00000 0.00936 0.00014 1.00000 -0.00000 0.00874 -0.00000 0.00000 1.00000 0.00000
1547824833404917 1.00000 -0.00008 0.00000 0.00258 0.00008 1.00000 -0.00000 0.00108 -0.00000 0.00000 1.00000 0.00000
1547824833653130 1.00000 0.00011 -0.00000 0.00441 -0.00011 1.00000 0.00000 0.00492 0.00000 -0.00000 1.00000 0.00000
1547824833901139 1.00000 -0.00016 0.00000 0.00713 0.00016 1.00000 -0.00000 0.00449 -0.00000 0.00000 1.00000 0.00000
1547824834149153 1.00000 -0.00021 0.00000 0.01257 0.00021 1.00000 -0.00000 0.00603 -0.00000 0.00000 1.00000 0.00000
1547824834397236 1.00000 -0.00007 0.00000 0.00777 0.00007 1.00000 -0.00000 -0.00123 -0.00000 0.00000 1.00000 -0.00000
1547824834645637 1.00000 0.00002 -0.00000 0.01011 -0.00002 1.00000 0.00000 0.00773 0.00000 -0.00000 1.00000 0.00000
1547824834895046 1.00000 -0.00018 0.00000 0.01312 0.00018 1.00000 -0.00000 0.00980 -0.00000 0.00000 1.00000 0.00000
1547824835144923 1.00000 -0.00036 0.00000 0.01057 0.00036 1.00000 -0.00000 0.00493 -0.00000 0.00000 1.00000 0.00000
1547824835395190 1.00000 -0.00021 0.00000 0.00451 0.00021 1.00000 -0.00000 -0.00326 -0.00000 0.00000 1.00000 -0.00000
1547824835646323 1.00000 -0.00016 0.00000 0.00068 0.00016 1.00000 -0.00000 0.00291 -0.00000 0.00000 1.00000 0.00000
1547824835898312 1.00000 -0.00037 0.00000 0.01055 0.00037 1.00000 -0.00000 0.00282 -0.00000 0.00000 1.00000 0.00000
1547824836150392 1.00000 -0.00040 0.00000 0.00020 0.00040 1.00000 -0.00000 0.01033 -0.00000 0.00000 1.00000 0.00000
1547824836402103 1.00000 -0.00034 0.00000 -0.00061 0.00034 1.00000 -0.00000 0.00268 -0.00000 0.00000 1.00000 0.00000
1547824836653911 1.00000 -0.00005 0.00000 0.00004 0.00005 1.00000 -0.00000 -0.00134 -0.00000 0.00000 1.00000 -0.00000
1547824836904747 1.00000 -0.00030 0.00000 -0.00201 0.00030 1.00000 -0.00000 -0.00157 -0.00000 0.00000 1.00000 0.00000
1547824837154567 1.00000 -0.00037 0.00000 -0.00235 0.00037 1.00000 -0.00000 0.00558 -0.00000 0.00000 1.00000 0.00000
1547824837404247 1.00000 -0.00035 0.00000 -0.00127 0.00035 1.00000 -0.00000 0.00727 -0.00000 0.00000 1.00000 0.00000
1547824837653944 1.00000 0.00000 -0.00000 0.00298 -0.00000 1.00000 0.00000 0.00248 0.00000 -0.00000 1.00000 0.00000
1547824837904519 1.00000 -0.00007 0.00000 0.00188 0.00007 1.00000 -0.00000 0.00497 -0.00000 0.00000 1.00000 0.00000
1547824838156155 1.00000 -0.00019 0.00000 -0.00160 0.00019 1.00000 -0.00000 0.00478 -0.00000 0.00000 1.00000 0.00000
1547824838408514 1.00000 -0.00031 0.00000 -0.00001 0.00031 1.00000 -0.00000 -0.00059 -0.00000 0.00000 1.00000 0.00000
1547824838660664 1.00000 0.00004 -0.00000 -0.00216 -0.00004 1.00000 0.00000 0.00254 0.00000 -0.00000 1.00000 -0.00000
1547824838912231 1.00000 0.00017 -0.00000 0.00613 -0.00017 1.00000 0.00000 -0.00361 0.00000 -0.00000 1.00000 0.00000
1547824839162364 1.00000 -0.00001 0.00000 -0.00899 0.00001 1.00000 -0.00000 0.00284 -0.00000 0.00000 1.00000 0.00000
1547824839411412 1.00000 -0.00004 0.00000 -0.00013 0.00004 1.00000 -0.00000 0.00073 -0.00000 0.00000 1.00000 0.00000
1547824839660638 1.00000 -0.00012 0.00000 -0.00287 0.00012 1.00000 -0.00000 -0.00187 -0.00000 0.00000 1.00000 0.00000
1547824839909837 1.00000 -0.00025 0.00000 0.00226 0.00025 1.00000 -0.00000 0.00210 -0.00000 0.00000 1.00000 0.00000
1547824840158483 1.00000 -0.00022 0.00000 0.00189 0.00022 1.00000 -0.00000 -0.00271 -0.00000 0.00000 1.00000 -0.00000
1547824840406965 1.00000 -0.00039 0.00000 0.00105 0.00039 1.00000 -0.00000 -0.00397 -0.00000 0.00000 1.00000 -0.00000
1547824840655215 1.00000 -0.00014 0.00000 0.00246 0.00014 1.00000 -0.00000 0.00403 -0.00000 0.00000 1.00000 0.00000
1547824840903016 1.00000 0.00014 -0.00000 -0.00301 -0.00014 1.00000 0.00000 0.00245 0.00000 -0.00000 1.00000 -0.00000
1547824841151118 1.00000 -0.00026 0.00000 -0.00591 0.00026 1.00000 -0.00000 -0.00094 -0.00000 0.00000 1.00000 0.00000
1547824841399622 1.00000 -0.00036 0.00000 0.00405 0.00036 1.00000 -0.00000 0.01171 -0.00000 0.00000 1.00000 0.00000
1547824841648375 1.00000 -0.00012 0.00000 -0.00295 0.00012 1.00000 -0.00000 0.00233 -0.00000 0.00000 1.00000 0.00000
1547824841897242 1.00000 -0.00019 0.00000 0.00085 0.00019 1.00000 -0.00000 0.00661 -0.00000 0.00000 1.00000 0.00000
1547824842145770 1.00000 -0.00008 0.00000 -0.00568 0.00008 1.00000 -0.00000 0.00335 -0.00000 0.00000 1.00000 0.00000
1547824842394197 1.00000 0.00007 -0.00000 -0.00212 -0.00007 1.00000 0.00000 0.00454 0.00000 -0.00000 1.00000 -0.00000
1547824842643083 1.00000 -0.00019 0.00000 -0.00194 0.00019 1.00000 -0.00000 0.00617 -0.00000 0.00000 1.00000 0.00000
1547824842893347 1.00000 -0.00050 0.00000 -0.00402 0.00050 1.00000 -0.00000 0.00568 -0.00000 0.00000 1.00000 0.00000
1547824843144201 1.00000 -0.00033 0.00000 -0.00386 0.00033 1.00000 -0.00000 0.00350 -0.00000 0.00000 1.00000 0.00000
1547824843394721 1.00000 -0.00017 0.00000 -0.00960 0.00017 1.00000 -0.00000 -0.00745 -0.00000 0.00000 1.00000 0.00000
1547824843645262 1.00000 -0.00013 0.00000 -0.00376 0.00013 1.00000 -0.00000 0.00731 -0.00000 0.00000 1.00000 0.00000
1547824843895740 1.00000 -0.00029 0.00000 0.00120 0.00029 1.00000 -0.00000 -0.00460 -0.00000 0.00000 1.00000 -0.00000
1547824844145734 1.00000 -0.00048 0.00000 0.00250 0.00048 1.00000 -0.00000 0.00526 -0.00000 0.00000 1.00000 0.00000
1547824844395524 1.00000 -0.00016 0.00000 0.00387 0.00016 1.00000 -0.00000 0.01081 -0.00000 0.00000 1.00000 0.00000
1547824844645479 1.00000 -0.00004 0.00000 0.00260 0.00004 1.00000 -0.00000 0.00321 -0.00000 0.00000 1.00000 0.00000
1547824844896337 1.00000 -0.00008 0.00000 0.00284 0.00008 1.00000 -0.00000 0.00402 -0.00000 0.00000 1.00000 0.00000
1547824845148268 1.00000 -0.00026 0.00000 0.00076 0.00026 1.00000 -0.00000 0.00624 -0.00000 0.00000 1.00000 0.00000
1547824845400453 1.00000 -0.00027 0.00000 0.00006 0.00027 1.00000 -0.00000 0.00353 -0.00000 0.00000 1.00000 0.00000
1547824845652513 1.00000 -0.00050 0.00000 -0.00074 0.00050 1.00000 -0.00000 0.00279 -0.00000 0.00000 1.00000 0.00000
1547824845903892 1.00000 -0.00016 0.00000 -0.00290 0.00016 1.00000 -0.00000 -0.00768 -0.00000 0.00000 1.00000 0.00000
1547824846153750 1.00000 -0.00039 0.00000 -0.00104 0.00039 1.00000 -0.00000 -0.00351 -0.00000 0.00000 1.00000 0.00000
1547824846402704 1.00000 -0.00027 0.00000 0.00392 0.00027 1.00000 -0.00000 0.00138 -0.00000 0.00000 1.00000 0.00000
1547824846652127 1.00000 -0.00030 0.00000 0.00560 0.00030 1.00000 -0.00000 -0.01524 -0.00000 0.00000 1.00000 -0.00000
1547824846900759 1.00000 -0.00018 0.00000 0.00008 0.00018 1.00000 -0.00000 0.00238 -0.00000 0.00000 1.00000 0.00000
1547824847149075 1.00000 -0.00025 0.00000 0.00143 0.00025 1.00000 -0.00000 -0.00384 -0.00000 0.00000 1.00000 -0.00000
1547824847397202 1.00000 -0.00002 0.00000 -0.00704 0.00002 1.00000 -0.00000 -0.00670 -0.00000 0.00000 1.00000 0.00000
1547824847645025 1.00000 0.00004 -0.00000 0.00236 -0.00004 1.00000 0.00000 0.01214 0.00000 -0.00000 1.00000 0.00000
1547824847893121 1.00000 -0.00019 0.00000 0.00317 0.00019 1.00000 -0.00000 -0.00571 -0.00000 0.00000 1.00000 -0.00000
1547824848141326 1.00000 -0.00031 0.00000 0.00232 0.00031 1.00000 -0.00000 0.00144 -0.00000 0.00000 1.00000 0.00000
1547824848389699 1.00000 -0.00025 0.00000 -0.00161 0.00025 1.00000 -0.00000 -0.00062 -0.00000 0.00000 1.00000 0.00000
1547824848639158 1.00000 -0.00019 0.00000 0.00664 0.00019 1.00000 -0.00000 0.00415 -0.00000 0.00000 1.00000 0.00000
1547824848889153 1.00000 0.00017 -0.00000 -0.00812 -0.00017 1.00000 0.00000 0.01037 0.00000 -0.00000 1.00000 -0.00000
1547824849138982 1.00000 0.00010 -0.00000 0.01262 -0.00010 1.00000 0.00000 0.01558 0.00000 -0.00000 1.00000 0.00000
1547824849390355 1.00000 -0.00013 0.00000 0.00707 0.00013 1.00000 -0.00000 0.00737 -0.00000 0.00000 1.00000 0.00000
1547824849642695 1.00000 -0.00019 0.00000 -0.00208 0.00019 1.00000 -0.00000 0.00579 -0.00000 0.00000 1.00000 0.00000
1547824849894731 1.00000 -0.00006 0.00000 0.00581 0.00006 1.00000 -0.00000 0.00905 -0.00000 0.00000 1.00000 0.00000
1547824850146409 1.00000 -0.00014 0.00000 0.00771 0.00014 1.00000 -0.00000 -0.00010 -0.00000 0.00000 1.00000 -0.00000
1547824850397808 1.00000 -0.00016 0.00000 0.00202 0.00016 1.00000 -0.00000 0.00226 -0.00000 0.00000 1.00000 0.00000
1547824850648691 1.00000 -0.00008 0.00000 0.00746 0.00008 1.00000 -0.00000 0.00238 -0.00000 0.00000 1.00000 0.00000
1547824850898711 1.00000 0.00014 -0.00000 0.00939 -0.00014 1.00000 0.00000 0.01232 0.00000 -0.00000 1.00000 0.00000
1547824851148552 1.00000 0.00005 -0.00000 0.00484 -0.00005 1.00000 0.00000 0.01313 0.00000 -0.00000 1.00000 0.00000
1547824851398124 1.00000 0.00004 -0.00000 0.00407 -0.00004 1.00000 0.00000 0.01183 0.00000 -0.00000 1.00000 0.00000
1547824851648093 1.00000 0.00004 -0.00000 0.00565 -0.00004 1.00000 0.00000 0.01499 0.00000 -0.00000 1.00000 0.00000
1547824851899173 1.00000 -0.00006 0.00000 -0.00202 0.00006 1.00000 -0.00000 0.01204 -0.00000 0.00000 1.00000 0.00000
1547824852151114 1.00000 -0.00020 0.00000 -0.00845 0.00020 1.00000 -0.00000 0.00572 -0.00000 0.00000 1.00000 0.00000
1547824852403120 1.00000 -0.00058 0.00000 0.00452 0.00058 1.00000 -0.00000 0.00729 -0.00000 0.00000 1.00000 0.00000
1547824852655189 1.00000 -0.00037 0.00000 0.00055 0.00037 1.00000 -0.00000 0.00380 -0.00000 0.00000 1.00000 0.00000
1547824852906590 1.00000 -0.00010 0.00000 0.00237 0.00010 1.00000 -0.00000 0.00845 -0.00000 0.00000 1.00000 0.00000
1547824853156421 1.00000 -0.00007 0.00000 0.00726 0.00007 1.00000 -0.00000 0.00321 -0.00000 0.00000 1.00000 0.00000
1547824853405390 1.00000 0.00001 -0.00000 0.00386 -0.00001 1.00000 0.00000 0.00615 0.00000 -0.00000 1.00000 0.00000
1547824853654393 1.00000 0.00012 -0.00000 -0.03435 -0.00012 1.00000 0.00000 0.02622 0.00000 -0.00000 1.00000 -0.00000
1547824853903422 1.00000 -0.00007 0.00000 -0.08683 0.00007 1.00000 -0.00000 0.01941 -0.00000 0.00000 1.00000 0.00000
1547824854151926 1.00000 0.00080 -0.00000 -0.22335 -0.00080 1.00000 0.00000 0.00558 0.00000 -0.00000 1.00000 -0.00000
1547824854400130 0.99998 0.00673 -0.00000 -0.42139 -0.00673 0.99998 0.00000 -0.01765 0.00000 -0.00000 1.00000 0.00000
1547824854647818 0.99986 0.01661 -0.00000 -0.79228 -0.01661 0.99986 0.00000 -0.01581 0.00000 -0.00000 1.00000 0.00000
1547824854895780 0.99955 0.03003 -0.00000 -1.19835 -0.03003 0.99955 0.00000 0.02157 0.00000 -0.00000 1.00000 0.00000
1547824855144567 0.99888 0.04725 -0.00000 -1.80048 -0.04725 0.99888 0.00000 -0.01452 0.00000 -0.00000 1.00000 0.00000
1547824855394191 0.99806 0.06233 -0.00000 -2.44268 -0.06233 0.99806 0.00000 0.04583 0.00000 -0.00000 1.00000 0.00000
1547824855644160 0.99692 0.07840 -0.00000 -3.23959 -0.07840 0.99692 0.00000 0.08188 0.00000 -0.00000 1.00000 0.00000
1547824855894057 0.99572 0.09242 -0.00000 -4.15340 -0.09242 0.99572 0.00000 0.10413 0.00000 -0.00000 1.00000 0.00000
1547824856143517 0.99450 0.10473 -0.00000 -5.14259 -0.10473 0.99450 0.00000 0.13461 0.00000 -0.00000 1.00000 0.00000
1547824856393049 0.99387 0.11057 -0.00000 -6.29862 -0.11057 0.99387 0.00000 0.21744 0.00000 -0.00000 1.00000 0.00000
1547824856642890 0.99371 0.11199 -0.00000 -7.50881 -0.11199 0.99371 0.00000 0.22317 0.00000 -0.00000 1.00000 0.00000
1547824856892493 0.99399 0.10946 -0.00000 -8.96059 -0.10946 0.99399 0.00000 0.22238 0.00000 -0.00000 1.00000 0.00000
1547824857142999 0.99426 0.10702 -0.00000 -10.39206 -0.10702 0.99426 0.00000 0.19329 0.00000 -0.00000 1.00000 0.00000
1547824857394938 0.99444 0.10526 -0.00000 -12.00633 -0.10526 0.99444 0.00000 0.21139 0.00000 -0.00000 1.00000 0.00000
1547824857646687 0.99479 0.10196 -0.00000 -13.81482 -0.10196 0.99479 0.00000 0.15528 0.00000 -0.00000 1.00000 0.00000
1547824857897975 0.99523 0.09755 -0.00000 -15.63110 -0.09755 0.99523 0.00000 0.08498 0.00000 -0.00000 1.00000 0.00000
1547824858149506 0.99563 0.09337 -0.00000 -17.55774 -0.09337 0.99563 0.00000 0.04595 0.00000 -0.00000 1.00000 0.00000
1547824858401043 0.99601 0.08928 -0.00000 -19.58112 -0.08928 0.99601 0.00000 -0.01056 0.00000 -0.00000 1.00000 0.00000
1547824858651757 0.99655 0.08297 -0.00000 -21.64655 -0.08297 0.99655 0.00000 -0.10971 0.00000 -0.00000 1.00000 0.00000
1547824858902801 0.99710 0.07616 -0.00000 -23.77008 -0.07616 0.99710 0.00000 -0.24953 0.00000 -0.00000 1.00000 0.00000
1547824859154377 0.99759 0.06933 -0.00000 -25.92857 -0.06933 0.99759 0.00000 -0.39365 0.00000 -0.00000 1.00000 0.00000
1547824859405236 0.99799 0.06343 -0.00000 -28.15317 -0.06343 0.99799 0.00000 -0.53466 0.00000 -0.00000 1.00000 0.00000
1547824859655944 0.99822 0.05966 -0.00000 -30.42491 -0.05966 0.99822 0.00000 -0.67416 0.00000 -0.00000 1.00000 0.00000
1547824859907238 0.99826 0.05890 -0.00000 -32.73642 -0.05890 0.99826 0.00000 -0.65045 0.00000 -0.00000 1.00000 0.00000
1547824860159501 0.99838 0.05684 -0.00000 -35.07523 -0.05684 0.99838 0.00000 -0.71024 0.00000 -0.00000 1.00000 0.00000
1547824860412560 0.99850 0.05467 -0.00000 -37.45906 -0.05467 0.99850 0.00000 -0.77543 0.00000 -0.00000 1.00000 0.00000
1547824860665971 0.99865 0.05188 -0.00000 -39.86726 -0.05188 0.99865 0.00000 -0.86619 0.00000 -0.00000 1.00000 0.00000
1547824860917690 0.99891 0.04671 -0.00000 -42.24089 -0.04671 0.99891 0.00000 -1.05399 0.00000 -0.00000 1.00000 0.00000
1547824861168430 0.99907 0.04322 -0.00000 -44.55589 -0.04322 0.99907 0.00000 -1.13892 0.00000 -0.00000 1.00000 0.00000
1547824861416574 0.99935 0.03603 -0.00000 -46.80379 -0.03603 0.99935 0.00000 -1.45195 0.00000 -0.00000 1.00000 0.00000
1547824861662842 0.99954 0.03026 -0.00000 -49.02750 -0.03026 0.99954 0.00000 -1.72172 0.00000 -0.00000 1.00000 0.00000
1547824861910497 0.99967 0.02571 -0.00000 -51.26677 -0.02571 0.99967 0.00000 -1.92926 0.00000 -0.00000 1.00000 0.00000
1547824862158777 0.99964 0.02673 -0.00000 -53.55773 -0.02673 0.99964 0.00000 -1.80778 0.00000 -0.00000 1.00000 0.00000
1547824862407958 0.99960 0.02839 -0.00000 -55.80638 -0.02839 0.99960 0.00000 -1.72931 0.00000 -0.00000 1.00000 0.00000
1547824862658183 0.99955 0.03014 -0.00000 -58.09962 -0.03014 0.99955 0.00000 -1.62659 0.00000 -0.00000 1.00000 0.00000
1547824862908910 0.99944 0.03335 -0.00000 -60.36853 -0.03335 0.99944 0.00000 -1.40997 0.00000 -0.00000 1.00000 0.00000
1547824863159595 0.99913 0.04177 -0.00000 -62.66283 -0.04177 0.99913 0.00000 -0.88108 0.00000 -0.00000 1.00000 0.00000
1547824863410332 0.99889 0.04717 -0.00000 -64.93080 -0.04717 0.99889 0.00000 -0.51420 0.00000 -0.00000 1.00000 0.00000
1547824863661175 0.99858 0.05334 -0.00000 -67.14051 -0.05334 0.99858 0.00000 -0.09401 0.00000 -0.00000 1.00000 0.00000
1547824863911593 0.99828 0.05871 -0.00000 -69.43177 -0.05871 0.99828 0.00000 0.28474 0.00000 -0.00000 1.00000 0.00000
1547824864161571 0.99776 0.06696 -0.00000 -71.71054 -0.06696 0.99776 0.00000 0.85571 0.00000 -0.00000 1.00000 0.00000
1547824864411256 0.99725 0.07412 -0.00000 -74.05422 -0.07412 0.99725 0.00000 1.39707 0.00000 -0.00000 1.00000 0.00000
1547824864660993 0.99654 0.08309 -0.00000 -76.27232 -0.08309 0.99654 0.00000 2.09495 0.00000 -0.00000 1.00000 0.00000
1547824864911531 0.99580 0.09161 -0.00000 -78.54219 -0.09161 0.99580 0.00000 2.77131 0.00000 -0.00000 1.00000 0.00000
1547824865163198 0.99541 0.09570 -0.00000 -80.87570 -0.09570 0.99541 0.00000 3.11385 0.00000 -0.00000 1.00000 0.00000
1547824865414900 0.99553 0.09445 -0.00000 -83.25517 -0.09445 0.99553 0.00000 3.01290 0.00000 -0.00000 1.00000 0.00000
1547824865666415 0.99623 0.08675 -0.00000 -85.62960 -0.08675 0.99623 0.00000 2.32874 0.00000 -0.00000 1.00000 0.00000
1547824865918294 0.99734 0.07287 -0.00000 -88.06797 -0.07287 0.99734 0.00000 1.18686 0.00000 -0.00000 1.00000 0.00000
1547824866169713 0.99847 0.05535 -0.00000 -90.49262 -0.05535 0.99847 0.00000 -0.35206 0.00000 -0.00000 1.00000 0.00000
1547824866421108 0.99929 0.03766 -0.00000 -92.93768 -0.03766 0.99929 0.00000 -1.93541 0.00000 -0.00000 1.00000 0.00000
1547824866672532 0.99963 0.02705 -0.00000 -95.47045 -0.02705 0.99963 0.00000 -2.86581 0.00000 -0.00000 1.00000 0.00000
1547824866923615 0.99972 0.02367 -0.00000 -98.04956 -0.02367 0.99972 0.00000 -3.19354 0.00000 -0.00000 1.00000 0.00000
1547824867174577 0.99964 0.02676 -0.00000 -100.65161 -0.02676 0.99964 0.00000 -2.92540 0.00000 -0.00000 1.00000 0.00000
1547824867425343 0.99966 0.02622 -0.00000 -103.27766 -0.02622 0.99966 0.00000 -2.91656 0.00000 -0.00000 1.00000 0.00000
1547824867676803 0.99965 0.02638 -0.00000 -105.98132 -0.02638 0.99965 0.00000 -2.90513 0.00000 -0.00000 1.00000 0.00000
1547824867928345 0.99961 0.02793 -0.00000 -108.67760 -0.02793 0.99961 0.00000 -2.72986 0.00000 -0.00000 1.00000 0.00000
1547824868180075 0.99952 0.03100 -0.00000 -111.39690 -0.03100 0.99952 0.00000 -2.40192 0.00000 -0.00000 1.00000 0.00000
1547824868433468 0.99946 0.03291 -0.00000 -114.12432 -0.03291 0.99946 0.00000 -2.17283 0.00000 -0.00000 1.00000 0.00000
1547824868687288 0.99936 0.03583 -0.00000 -116.85627 -0.03583 0.99936 0.00000 -1.81732 0.00000 -0.00000 1.00000 0.00000
1547824868939541 0.99924 0.03901 -0.00000 -119.56681 -0.03901 0.99924 0.00000 -1.41097 0.00000 -0.00000 1.00000 0.00000
1547824869189798 0.99918 0.04037 -0.00000 -122.22278 -0.04037 0.99918 0.00000 -1.24810 0.00000 -0.00000 1.00000 0.00000
1547824869438380 0.99911 0.04219 -0.00000 -124.84038 -0.04219 0.99911 0.00000 -1.03777 0.00000 -0.00000 1.00000 0.00000
1547824869686163 0.99904 0.04388 -0.00000 -127.54107 -0.04388 0.99904 0.00000 -0.81248 0.00000 -0.00000 1.00000 0.00000
1547824869933815 0.99899 0.04504 -0.00000 -130.17460 -0.04504 0.99899 0.00000 -0.66407 0.00000 -0.00000 1.00000 0.00000
1547824870181772 0.99888 0.04735 -0.00000 -132.81544 -0.04735 0.99888 0.00000 -0.35293 0.00000 -0.00000 1.00000 0.00000
1547824870430087 0.99875 0.05008 -0.00000 -135.45242 -0.05008 0.99875 0.00000 0.05360 0.00000 -0.00000 1.00000 0.00000
1547824870679311 0.99869 0.05120 -0.00000 -138.09585 -0.05120 0.99869 0.00000 0.23354 0.00000 -0.00000 1.00000 0.00000
1547824870929784 0.99867 0.05151 -0.00000 -140.77063 -0.05151 0.99867 0.00000 0.32031 0.00000 -0.00000 1.00000 0.00000
1547824871180324 0.99855 0.05387 -0.00000 -143.45287 -0.05387 0.99855 0.00000 0.65772 0.00000 -0.00000 1.00000 0.00000
1547824871431113 0.99837 0.05710 -0.00000 -146.11761 -0.05710 0.99837 0.00000 1.15240 0.00000 -0.00000 1.00000 0.00000
1547824871682005 0.99824 0.05925 -0.00000 -148.78065 -0.05925 0.99824 0.00000 1.51373 0.00000 -0.00000 1.00000 0.00000
1547824871932487 0.99805 0.06235 -0.00000 -151.41027 -0.06235 0.99805 0.00000 2.00255 0.00000 -0.00000 1.00000 0.00000
1547824872182806 0.99799 0.06338 -0.00000 -154.06667 -0.06338 0.99799 0.00000 2.20782 0.00000 -0.00000 1.00000 0.00000
1547824872432970 0.99782 0.06607 -0.00000 -156.71754 -0.06607 0.99782 0.00000 2.66670 0.00000 -0.00000 1.00000 0.00000
1547824872682712 0.99767 0.06819 -0.00000 -159.28970 -0.06819 0.99767 0.00000 3.02374 0.00000 -0.00000 1.00000 0.00000
1547824872932243 0.99769 0.06797 -0.00000 -161.99768 -0.06797 0.99769 0.00000 2.96637 0.00000 -0.00000 1.00000 0.00000
1547824873182173 0.99762 0.06893 -0.00000 -164.63597 -0.06893 0.99762 0.00000 3.15175 0.00000 -0.00000 1.00000 0.00000
1547824873433367 0.99742 0.07172 -0.00000 -167.19326 -0.07172 0.99742 0.00000 3.70038 0.00000 -0.00000 1.00000 0.00000
1547824873685450 0.99731 0.07330 -0.00000 -169.80477 -0.07330 0.99731 0.00000 3.96018 0.00000 -0.00000 1.00000 0.00000
1547824873937053 0.99706 0.07659 -0.00000 -172.40952 -0.07659 0.99706 0.00000 4.53141 0.00000 -0.00000 1.00000 0.00000
1547824874188347 0.99686 0.07916 -0.00000 -175.02821 -0.07916 0.99686 0.00000 5.00040 0.00000 -0.00000 1.00000 0.00000
1547824874439582 0.99674 0.08071 -0.00000 -177.61189 -0.08071 0.99674 0.00000 5.27146 0.00000 -0.00000 1.00000 0.00000
1547824874690653 0.99656 0.08292 -0.00000 -180.15179 -0.08292 0.99656 0.00000 5.66697 0.00000 -0.00000 1.00000 0.00000
1547824874942116 0.99645 0.08421 -0.00000 -182.68743 -0.08421 0.99645 0.00000 5.88000 0.00000 -0.00000 1.00000 0.00000
1547824875193733 0.99630 0.08595 -0.00000 -185.24217 -0.08595 0.99630 0.00000 6.20195 0.00000 -0.00000 1.00000 0.00000
1547824875444789 0.99615 0.08763 -0.00000 -187.79646 -0.08763 0.99615 0.00000 6.54554 0.00000 -0.00000 1.00000 0.00000
1547824875695641 0.99589 0.09058 -0.00000 -190.30525 -0.09058 0.99589 0.00000 7.16509 0.00000 -0.00000 1.00000 0.00000
1547824875946587 0.99548 0.09492 -0.00000 -192.75310 -0.09492 0.99548 0.00000 8.00199 0.00000 -0.00000 1.00000 0.00000
1547824876197957 0.99494 0.10047 -0.00000 -195.21260 -0.10047 0.99494 0.00000 9.11071 0.00000 -0.00000 1.00000 0.00000
1547824876449619 0.99392 0.11007 -0.00000 -197.52210 -0.11007 0.99392 0.00000 10.99214 0.00000 -0.00000 1.00000 0.00000
1547824876703018 0.99259 0.12148 -0.00000 -199.83205 -0.12148 0.99259 0.00000 13.34472 0.00000 -0.00000 1.00000 0.00000
1547824876956532 0.99069 0.13613 -0.00000 -202.02194 -0.13613 0.99069 0.00000 16.27722 0.00000 -0.00000 1.00000 0.00000
1547824877208554 0.98971 0.14311 -0.00000 -204.29281 -0.14311 0.98971 0.00000 17.71309 0.00000 -0.00000 1.00000 0.00000
1547824877458349 0.98866 0.15014 -0.00000 -206.44332 -0.15014 0.98866 0.00000 19.18456 0.00000 -0.00000 1.00000 0.00000
1547824877706753 0.98746 0.15784 -0.00000 -208.55272 -0.15784 0.98746 0.00000 20.82887 0.00000 -0.00000 1.00000 0.00000
1547824877954292 0.98649 0.16382 -0.00000 -210.71630 -0.16382 0.98649 0.00000 22.04207 0.00000 -0.00000 1.00000 0.00000
1547824878201045 0.98557 0.16926 -0.00000 -212.87291 -0.16926 0.98557 0.00000 23.23249 0.00000 -0.00000 1.00000 0.00000
1547824878448220 0.98487 0.17328 -0.00000 -214.95491 -0.17328 0.98487 0.00000 24.11569 0.00000 -0.00000 1.00000 0.00000
1547824878696397 0.98469 0.17430 -0.00000 -217.15892 -0.17430 0.98469 0.00000 24.34878 0.00000 -0.00000 1.00000 0.00000
1547824878945100 0.98436 0.17615 -0.00000 -219.32218 -0.17615 0.98436 0.00000 24.80288 0.00000 -0.00000 1.00000 0.00000
1547824879195386 0.98365 0.18011 -0.00000 -221.40278 -0.18011 0.98365 0.00000 25.72618 0.00000 -0.00000 1.00000 0.00000
1547824879446417 0.98255 0.18602 -0.00000 -223.43110 -0.18602 0.98255 0.00000 27.03240 0.00000 -0.00000 1.00000 0.00000
1547824879697561 0.98112 0.19341 -0.00000 -225.39997 -0.19341 0.98112 0.00000 28.72729 0.00000 -0.00000 1.00000 0.00000
1547824879948314 0.97951 0.20138 -0.00000 -227.31684 -0.20138 0.97951 0.00000 30.55906 0.00000 -0.00000 1.00000 0.00000
1547824880198386 0.97833 0.20707 -0.00000 -229.24646 -0.20707 0.97833 0.00000 31.90269 0.00000 -0.00000 1.00000 0.00000
1547824880448369 0.97709 0.21285 -0.00000 -231.19001 -0.21285 0.97709 0.00000 33.20981 0.00000 -0.00000 1.00000 0.00000
1547824880698463 0.97580 0.21867 -0.00000 -233.08773 -0.21867 0.97580 0.00000 34.58633 0.00000 -0.00000 1.00000 0.00000
1547824880948491 0.97590 0.21822 -0.00000 -235.16184 -0.21822 0.97590 0.00000 34.49016 0.00000 -0.00000 1.00000 0.00000
1547824881198041 0.97561 0.21952 -0.00000 -237.17454 -0.21952 0.97561 0.00000 34.80271 0.00000 -0.00000 1.00000 0.00000
1547824881448611 0.97638 0.21604 -0.00000 -239.35818 -0.21604 0.97638 0.00000 33.92020 0.00000 -0.00000 1.00000 0.00000
1547824881701262 0.97820 0.20767 -0.00000 -241.72586 -0.20767 0.97820 0.00000 31.86814 0.00000 -0.00000 1.00000 0.00000
1547824881954262 0.98085 0.19478 -0.00000 -244.22704 -0.19478 0.98085 0.00000 28.72052 0.00000 -0.00000 1.00000 0.00000
1547824882206089 0.98351 0.18083 -0.00000 -246.68669 -0.18083 0.98351 0.00000 25.27259 0.00000 -0.00000 1.00000 0.00000
1547824882457928 0.98596 0.16696 -0.00000 -249.07802 -0.16696 0.98596 0.00000 21.78670 0.00000 -0.00000 1.00000 0.00000
1547824882708267 0.98755 0.15729 -0.00000 -251.43334 -0.15729 0.98755 0.00000 19.33367 0.00000 -0.00000 1.00000 0.00000
1547824882957106 0.98857 0.15077 -0.00000 -253.69940 -0.15077 0.98857 0.00000 17.74050 0.00000 -0.00000 1.00000 0.00000
1547824883205427 0.98941 0.14513 -0.00000 -255.89256 -0.14513 0.98941 0.00000 16.29125 0.00000 -0.00000 1.00000 0.00000
1547824883453475 0.98972 0.14300 -0.00000 -258.08731 -0.14300 0.98972 0.00000 15.76495 0.00000 -0.00000 1.00000 0.00000
1547824883701654 0.98981 0.14242 -0.00000 -260.24350 -0.14242 0.98981 0.00000 15.62271 0.00000 -0.00000 1.00000 0.00000
1547824883950525 0.98969 0.14320 -0.00000 -262.41807 -0.14320 0.98969 0.00000 15.80539 0.00000 -0.00000 1.00000 0.00000
1547824884200475 0.98979 0.14251 -0.00000 -264.70464 -0.14251 0.98979 0.00000 15.65133 0.00000 -0.00000 1.00000 0.00000
1547824884451159 0.98972 0.14303 -0.00000 -266.98393 -0.14303 0.98972 0.00000 15.82599 0.00000 -0.00000 1.00000 0.00000
1547824884701316 0.98951 0.14450 -0.00000 -269.22464 -0.14450 0.98951 0.00000 16.24553 0.00000 -0.00000 1.00000 0.00000
1547824884951231 0.98974 0.14289 -0.00000 -271.53711 -0.14289 0.98974 0.00000 15.81522 0.00000 -0.00000 1.00000 0.00000
1547824885200644 0.98950 0.14451 -0.00000 -273.83927 -0.14451 0.98950 0.00000 16.32063 0.00000 -0.00000 1.00000 0.00000
1547824885449419 0.98929 0.14597 -0.00000 -276.15565 -0.14597 0.98929 0.00000 16.72469 0.00000 -0.00000 1.00000 0.00000
1547824885698792 0.98948 0.14466 -0.00000 -278.45230 -0.14466 0.98948 0.00000 16.35387 0.00000 -0.00000 1.00000 0.00000
1547824885948359 0.98995 0.14144 -0.00000 -280.83597 -0.14144 0.98995 0.00000 15.49587 0.00000 -0.00000 1.00000 0.00000
1547824886197288 0.99025 0.13932 -0.00000 -283.20056 -0.13932 0.99025 0.00000 14.95714 0.00000 -0.00000 1.00000 0.00000
1547824886445398 0.99077 0.13559 -0.00000 -285.54137 -0.13559 0.99077 0.00000 13.89885 0.00000 -0.00000 1.00000 0.00000
1547824886693238 0.99108 0.13326 -0.00000 -287.83458 -0.13326 0.99108 0.00000 13.24073 0.00000 -0.00000 1.00000 0.00000
1547824886941371 0.99135 0.13124 -0.00000 -289.99814 -0.13124 0.99135 0.00000 12.68762 0.00000 -0.00000 1.00000 0.00000
1547824887189253 0.99174 0.12830 -0.00000 -292.27249 -0.12830 0.99174 0.00000 11.84908 0.00000 -0.00000 1.00000 0.00000
1547824887437844 0.99223 0.12442 -0.00000 -294.54325 -0.12442 0.99223 0.00000 10.74635 0.00000 -0.00000 1.00000 0.00000
1547824887687809 0.99275 0.12018 -0.00000 -296.81630 -0.12018 0.99275 0.00000 9.48534 0.00000 -0.00000 1.00000 0.00000
1547824887937676 0.99307 0.11755 -0.00000 -299.03407 -0.11755 0.99307 0.00000 8.75673 0.00000 -0.00000 1.00000 0.00000
1547824888187544 0.99341 0.11458 -0.00000 -301.20289 -0.11458 0.99341 0.00000 7.85348 0.00000 -0.00000 1.00000 0.00000
1547824888437345 0.99393 0.10999 -0.00000 -303.40661 -0.10999 0.99393 0.00000 6.53298 0.00000 -0.00000 1.00000 0.00000
1547824888686975 0.99399 0.10949 -0.00000 -305.56947 -0.10949 0.99399 0.00000 6.30261 0.00000 -0.00000 1.00000 0.00000
1547824888937541 0.99425 0.10713 -0.00000 -307.79838 -0.10713 0.99425 0.00000 5.61349 0.00000 -0.00000 1.00000 0.00000
1547824889189434 0.99476 0.10227 -0.00000 -309.94210 -0.10227 0.99476 0.00000 4.16457 0.00000 -0.00000 1.00000 0.00000
1547824889440917 0.99488 0.10110 -0.00000 -312.12212 -0.10110 0.99488 0.00000 3.77325 0.00000 -0.00000 1.00000 0.00000
1547824889692367 0.99495 0.10038 -0.00000 -314.27349 -0.10038 0.99495 0.00000 3.55190 0.00000 -0.00000 1.00000 0.00000
1547824889943787 0.99517 0.09820 -0.00000 -316.43834 -0.09820 0.99517 0.00000 2.87482 0.00000 -0.00000 1.00000 0.00000
1547824890194466 0.99553 0.09444 -0.00000 -318.61306 -0.09444 0.99553 0.00000 1.72808 0.00000 -0.00000 1.00000 0.00000
1547824890445560 0.99594 0.09000 -0.00000 -320.77819 -0.09000 0.99594 0.00000 0.33968 0.00000 -0.00000 1.00000 0.00000
1547824890696880 0.99582 0.09133 -0.00000 -322.97419 -0.09133 0.99582 0.00000 0.79588 0.00000 -0.00000 1.00000 0.00000
1547824890947932 0.99602 0.08910 -0.00000 -325.12338 -0.08910 0.99602 0.00000 0.07517 0.00000 -0.00000 1.00000 0.00000
1547824891198899 0.99627 0.08633 -0.00000 -327.33898 -0.08633 0.99627 0.00000 -0.84758 0.00000 -0.00000 1.00000 0.00000
1547824891450158 0.99634 0.08551 -0.00000 -329.56584 -0.08551 0.99634 0.00000 -1.09443 0.00000 -0.00000 1.00000 0.00000
1547824891701253 0.99633 0.08564 -0.00000 -331.75772 -0.08564 0.99633 0.00000 -1.01837 0.00000 -0.00000 1.00000 0.00000
1547824891953489 0.99625 0.08647 -0.00000 -334.02047 -0.08647 0.99625 0.00000 -0.66663 0.00000 -0.00000 1.00000 0.00000
1547824892207000 0.99646 0.08410 -0.00000 -336.31398 -0.08410 0.99646 0.00000 -1.48010 0.00000 -0.00000 1.00000 0.00000
1547824892459403 0.99636 0.08519 -0.00000 -338.60416 -0.08519 0.99636 0.00000 -1.02084 0.00000 -0.00000 1.00000 0.00000
1547824892709408 0.99629 0.08607 -0.00000 -340.85570 -0.08607 0.99629 0.00000 -0.69074 0.00000 -0.00000 1.00000 0.00000
1547824892958141 0.99620 0.08707 -0.00000 -343.18805 -0.08707 0.99620 0.00000 -0.36844 0.00000 -0.00000 1.00000 0.00000
1547824893205992 0.99638 0.08505 -0.00000 -345.51371 -0.08505 0.99638 0.00000 -1.07238 0.00000 -0.00000 1.00000 0.00000
1547824893453388 0.99646 0.08403 -0.00000 -347.84489 -0.08403 0.99646 0.00000 -1.40741 0.00000 -0.00000 1.00000 0.00000
1547824893700818 0.99666 0.08166 -0.00000 -350.11958 -0.08166 0.99666 0.00000 -2.22854 0.00000 -0.00000 1.00000 0.00000
1547824893948874 0.99682 0.07975 -0.00000 -352.46922 -0.07975 0.99682 0.00000 -2.87859 0.00000 -0.00000 1.00000 0.00000
1547824894197911 0.99725 0.07410 -0.00000 -354.79692 -0.07410 0.99725 0.00000 -4.88549 0.00000 -0.00000 1.00000 0.00000
1547824894447964 0.99774 0.06725 -0.00000 -357.11203 -0.06725 0.99774 0.00000 -7.33226 0.00000 -0.00000 1.00000 0.00000
1547824894699208 0.99837 0.05713 -0.00000 -359.43067 -0.05713 0.99837 0.00000 -10.94240 0.00000 -0.00000 1.00000 0.00000
1547824894949896 0.99884 0.04809 -0.00000 -361.69832 -0.04809 0.99884 0.00000 -14.19660 0.00000 -0.00000 1.00000 0.00000
1547824895200067 0.99932 0.03688 -0.00000 -363.94293 -0.03688 0.99932 0.00000 -18.24772 0.00000 -0.00000 1.00000 0.00000
1547824895450443 0.99960 0.02813 -0.00000 -366.17350 -0.02813 0.99960 0.00000 -21.42131 0.00000 -0.00000 1.00000 0.00000
1547824895700544 0.99981 0.01955 -0.00000 -368.46529 -0.01955 0.99981 0.00000 -24.55103 0.00000 -0.00000 1.00000 0.00000
1547824895950220 0.99991 0.01324 -0.00000 -370.67915 -0.01324 0.99991 0.00000 -26.85608 0.00000 -0.00000 1.00000 0.00000
1547824896200072 0.99995 0.00964 -0.00000 -373.01862 -0.00964 0.99995 0.00000 -28.15994 0.00000 -0.00000 1.00000 0.00000
1547824896450154 0.99998 0.00584 -0.00000 -375.37231 -0.00584 0.99998 0.00000 -29.57238 0.00000 -0.00000 1.00000 0.00000
1547824896700913 0.99999 0.00393 -0.00000 -377.75385 -0.00393 0.99999 0.00000 -30.27312 0.00000 -0.00000 1.00000 0.00000
1547824896952821 0.99999 0.00534 -0.00000 -380.28055 -0.00534 0.99999 0.00000 -29.69620 0.00000 -0.00000 1.00000 0.00000
1547824897204588 0.99998 0.00575 -0.00000 -382.79295 -0.00575 0.99998 0.00000 -29.53025 0.00000 -0.00000 1.00000 0.00000
1547824897455871 0.99996 0.00877 -0.00000 -385.37093 -0.00877 0.99996 0.00000 -28.37197 0.00000 -0.00000 1.00000 0.00000
1547824897707123 0.99987 0.01604 -0.00000 -388.09212 -0.01604 0.99987 0.00000 -25.57283 0.00000 -0.00000 1.00000 0.00000
1547824897958132 0.99968 0.02526 -0.00000 -390.76068 -0.02526 0.99968 0.00000 -21.96861 0.00000 -0.00000 1.00000 0.00000
1547824898209368 0.99946 0.03286 -0.00000 -393.40819 -0.03286 0.99946 0.00000 -19.01372 0.00000 -0.00000 1.00000 0.00000
1547824898460797 0.99911 0.04220 -0.00000 -396.02943 -0.04220 0.99911 0.00000 -15.30353 0.00000 -0.00000 1.00000 0.00000
1547824898711935 0.99880 0.04899 -0.00000 -398.59673 -0.04899 0.99880 0.00000 -12.58473 0.00000 -0.00000 1.00000 0.00000
1547824898962999 0.99850 0.05479 -0.00000 -401.09159 -0.05479 0.99850 0.00000 -10.27295 0.00000 -0.00000 1.00000 0.00000
1547824899214323 0.99838 0.05687 -0.00000 -403.57223 -0.05687 0.99838 0.00000 -9.41895 0.00000 -0.00000 1.00000 0.00000
1547824899465956 0.99831 0.05814 -0.00000 -405.94581 -0.05814 0.99831 0.00000 -8.82903 0.00000 -0.00000 1.00000 0.00000
1547824899718350 0.99840 0.05657 -0.00000 -408.29834 -0.05657 0.99840 0.00000 -9.47840 0.00000 -0.00000 1.00000 0.00000
1547824899971735 0.99842 0.05620 -0.00000 -410.63681 -0.05620 0.99842 0.00000 -9.59927 0.00000 -0.00000 1.00000 0.00000
1547824900224499 0.99836 0.05731 -0.00000 -412.92411 -0.05731 0.99836 0.00000 -9.14933 0.00000 -0.00000 1.00000 0.00000
1547824900474989 0.99808 0.06193 -0.00000 -415.17882 -0.06193 0.99808 0.00000 -7.20954 0.00000 -0.00000 1.00000 0.00000
1547824900723676 0.99778 0.06662 -0.00000 -417.35480 -0.06662 0.99778 0.00000 -5.23043 0.00000 -0.00000 1.00000 0.00000
1547824900971064 0.99746 0.07123 -0.00000 -419.45884 -0.07123 0.99746 0.00000 -3.28393 0.00000 -0.00000 1.00000 0.00000
1547824901218234 0.99708 0.07639 -0.00000 -421.53870 -0.07639 0.99708 0.00000 -1.07686 0.00000 -0.00000 1.00000 0.00000
1547824901465961 0.99667 0.08159 -0.00000 -423.51561 -0.08159 0.99667 0.00000 1.11031 0.00000 -0.00000 1.00000 0.00000
1547824901714001 0.99628 0.08618 -0.00000 -425.48468 -0.08618 0.99628 0.00000 3.07107 0.00000 -0.00000 1.00000 0.00000
1547824901962852 0.99610 0.08820 -0.00000 -427.37489 -0.08820 0.99610 0.00000 3.93544 0.00000 -0.00000 1.00000 0.00000
1547824902213093 0.99605 0.08884 -0.00000 -429.21246 -0.08884 0.99605 0.00000 4.24002 0.00000 -0.00000 1.00000 0.00000
1547824902464495 0.99640 0.08474 -0.00000 -431.01110 -0.08474 0.99640 0.00000 2.48836 0.00000 -0.00000 1.00000 0.00000
1547824902715260 0.99685 0.07925 -0.00000 -432.73472 -0.07925 0.99685 0.00000 0.14584 0.00000 -0.00000 1.00000 0.00000
1547824902965666 0.99746 0.07126 -0.00000 -434.34120 -0.07126 0.99746 0.00000 -3.29936 0.00000 -0.00000 1.00000 0.00000
1547824903216021 0.99847 0.05538 -0.00000 -435.73685 -0.05538 0.99847 0.00000 -10.25049 0.00000 -0.00000 1.00000 0.00000
