1. -0.004 0. 1.732 0.004 1. 0. 0.049 0. 0. 1. 0.
1. -0.005 0. 2.239 0.005 1. 0. 0.051 0. 0. 1. 0.
1. -0.008 0. 2.832 0.008 1. 0. 0.051 0. 0. 1. 0.
1. -0.008 0. 3.512 0.008 1. 0. 0.064 0. 0. 1. 0.
1. -0.009 0. 4.261 0.009 1. 0. 0.076 0. 0. 1. 0.
1. -0.008 0. 5.082 0.008 1. 0. 0.094 0. 0. 1. 0.
1. -0.010 0. 5.954 0.010 1. 0. 0.105 0. 0. 1. 0.
1. -0.011 0. 6.941 0.011 1. 0. 0.168 0. 0. 1. 0.
1. -0.012 0. 8.001 0.012 1. 0. 0.176 0. 0. 1. 0.
1. -0.013 0. 9.084 0.013 1. 0. 0.193 0. 0. 1. 0.
1.000 -0.015 0. 10.294 0.015 1.000 0. 0.224 0. 0. 1. 0.
1.000 -0.016 0. 11.473 0.016 1.000 0. 0.248 0. 0. 1. 0.
1.000 -0.016 0. 12.781 0.016 1.000 0. 0.301 0. 0. 1. 0.
1.000 -0.018 0. 14.153 0.018 1.000 0. 0.329 0. 0. 1. 0.
1.000 -0.018 0. 15.560 0.018 1.000 0. 0.373 0. 0. 1. 0.
1.000 -0.020 0. 17.074 0.020 1.000 0. 0.365 0. 0. 1. 0.
1.000 -0.017 0. 18.580 0.017 1.000 0. 0.405 0. 0. 1. 0.
1.000 -0.015 0. 20.142 0.015 1.000 0. 0.461 0. 0. 1. 0.
1. -0.013 0. 21.760 0.013 1. 0. 0.474 0. 0. 1. 0.
1. -0.009 0. 23.409 0.009 1. 0. 0.554 0. 0. 1. 0.
1. -0.008 0. 25.141 0.008 1. 0. 0.563 0. 0. 1. 0.
1. -0.005 0. 26.914 0.005 1. 0. 0.560 0. 0. 1. 0.
1. -0.002 0. 28.685 0.002 1. 0. 0.550 0. 0. 1. 0.
1. -0.001 0. 30.529 0.001 1. 0. 0.572 0. 0. 1. 0.
1. 0.002 0. 32.400 -0.002 1. 0. 0.564 0. 0. 1. 0.
1. 0.006 0. 34.284 -0.006 1. 0. 0.593 0. 0. 1. 0.
1. 0.009 0. 36.204 -0.009 1. 0. 0.573 0. 0. 1. 0.
1. 0.009 0. 38.181 -0.009 1. 0. 0.555 0. 0. 1. 0.
1. 0.008 0. 40.203 -0.008 1. 0. 0.543 0. 0. 1. 0.
1. 0.006 0. 42.242 -0.006 1. 0. 0.560 0. 0. 1. 0.
1. 0.006 0. 44.247 -0.006 1. 0. 0.533 0. 0. 1. 0.
1. 0.006 0. 46.316 -0.006 1. 0. 0.543 0. 0. 1. 0.
1. 0.004 0. 48.332 -0.004 1. 0. 0.566 0. 0. 1. 0.
1. 0.004 0. 50.335 -0.004 1. 0. 0.570 0. 0. 1. 0.
1. 0.004 0. 52.336 -0.004 1. 0. 0.585 0. 0. 1. 0.
1. 0.004 0. 54.301 -0.004 1. 0. 0.569 0. 0. 1. 0.
1. 0.002 0. 56.238 -0.002 1. 0. 0.565 0. 0. 1. 0.
1. 0.002 0. 58.163 -0.002 1. 0. 0.592 0. 0. 1. 0.
1. 0.003 0. 60.087 -0.003 1. 0. 0.581 0. 0. 1. 0.
1. 0.002 0. 61.913 -0.002 1. 0. 0.592 0. 0. 1. 0.
1. 0.003 0. 63.710 -0.003 1. 0. 0.640 0. 0. 1. 0.
1. 0.006 0. 65.590 -0.006 1. 0. 0.637 0. 0. 1. 0.
1. 0.008 0. 67.385 -0.008 1. 0. 0.624 0. 0. 1. 0.
1. 0.011 0. 69.174 -0.011 1. 0. 0.599 0. 0. 1. 0.
1. 0.013 0. 70.989 -0.013 1. 0. 0.647 0. 0. 1. 0.
1. 0.012 0. 72.781 -0.012 1. 0. 0.597 0. 0. 1. 0.
1. 0.013 0. 74.602 -0.013 1. 0. 0.597 0. 0. 1. 0.
1.000 0.016 0. 76.423 -0.016 1.000 0. 0.554 0. 0. 1. 0.
1.000 0.016 0. 78.209 -0.016 1.000 0. 0.518 0. 0. 1. 0.
1.000 0.017 0. 79.978 -0.017 1.000 0. 0.502 0. 0. 1. 0.
1.000 0.019 0. 81.768 -0.019 1.000 0. 0.456 0. 0. 1. 0.
1.000 0.019 0. 83.588 -0.019 1.000 0. 0.435 0. 0. 1. 0.
1.000 0.022 0. 85.383 -0.022 1.000 0. 0.384 0. 0. 1. 0.
1.000 0.024 0. 87.245 -0.024 1.000 0. 0.354 0. 0. 1. 0.
1.000 0.028 0. 89.169 -0.028 1.000 0. 0.327 0. 0. 1. 0.
1.000 0.030 0. 90.945 -0.030 1.000 0. 0.276 0. 0. 1. 0.
0.999 0.035 0. 92.812 -0.035 0.999 0. 0.238 0. 0. 1. 0.
0.999 0.039 0. 94.712 -0.039 0.999 0. 0.183 0. 0. 1. 0.
0.999 0.041 0. 96.643 -0.041 0.999 0. 0.071 0. 0. 1. 0.
0.999 0.047 0. 98.578 -0.047 0.999 0. 0.008 0. 0. 1. 0.
0.999 0.053 0. 100.594 -0.053 0.999 0. -0.086 0. 0. 1. 0.
0.998 0.057 0. 102.585 -0.057 0.998 0. -0.209 0. 0. 1. 0.
0.998 0.061 0. 104.575 -0.061 0.998 0. -0.303 0. 0. 1. 0.
0.998 0.066 0. 106.637 -0.066 0.998 0. -0.396 0. 0. 1. 0.
0.997 0.072 0. 108.677 -0.072 0.997 0. -0.529 0. 0. 1. 0.
0.997 0.077 0. 110.724 -0.077 0.997 0. -0.714 0. 0. 1. 0.
0.996 0.084 0. 112.854 -0.084 0.996 0. -0.883 0. 0. 1. 0.
0.996 0.090 0. 114.953 -0.090 0.996 0. -1.026 0. 0. 1. 0.
0.995 0.096 0. 117.049 -0.096 0.995 0. -1.236 0. 0. 1. 0.
0.995 0.102 0. 119.213 -0.102 0.995 0. -1.473 0. 0. 1. 0.
0.994 0.105 0. 121.337 -0.105 0.994 0. -1.700 0. 0. 1. 0.
0.994 0.108 0. 123.497 -0.108 0.994 0. -1.960 0. 0. 1. 0.
0.994 0.112 0. 125.709 -0.112 0.994 0. -2.255 0. 0. 1. 0.
0.993 0.115 0. 127.846 -0.115 0.993 0. -2.453 0. 0. 1. 0.
0.993 0.121 0. 130.020 -0.121 0.993 0. -2.655 0. 0. 1. 0.
0.992 0.124 0. 132.209 -0.124 0.992 0. -2.948 0. 0. 1. 0.
0.992 0.127 0. 134.391 -0.127 0.992 0. -3.208 0. 0. 1. 0.
0.992 0.129 0. 136.513 -0.129 0.992 0. -3.465 0. 0. 1. 0.
0.992 0.130 0. 138.810 -0.130 0.992 0. -3.778 0. 0. 1. 0.
0.991 0.130 0. 140.997 -0.130 0.991 0. -4.034 0. 0. 1. 0.
0.991 0.131 0. 143.217 -0.131 0.991 0. -4.316 0. 0. 1. 0.
0.991 0.131 0. 145.443 -0.131 0.991 0. -4.587 0. 0. 1. 0.
0.992 0.130 0. 147.705 -0.130 0.992 0. -4.868 0. 0. 1. 0.
0.991 0.130 0. 149.875 -0.130 0.991 0. -5.147 0. 0. 1. 0.
0.992 0.128 0. 152.086 -0.128 0.992 0. -5.411 0. 0. 1. 0.
0.992 0.128 0. 154.273 -0.128 0.992 0. -5.692 0. 0. 1. 0.
0.992 0.127 0. 156.400 -0.127 0.992 0. -5.949 0. 0. 1. 0.
0.992 0.127 0. 158.553 -0.127 0.992 0. -6.218 0. 0. 1. 0.
0.992 0.127 0. 160.647 -0.127 0.992 0. -6.434 0. 0. 1. 0.
0.992 0.124 0. 162.767 -0.124 0.992 0. -6.690 0. 0. 1. 0.
0.992 0.124 0. 164.797 -0.124 0.992 0. -6.948 0. 0. 1. 0.
0.992 0.124 0. 166.872 -0.124 0.992 0. -7.208 0. 0. 1. 0.
0.993 0.122 0. 168.856 -0.122 0.993 0. -7.420 0. 0. 1. 0.
0.992 0.122 0. 170.911 -0.122 0.992 0. -7.714 0. 0. 1. 0.
0.993 0.120 0. 172.933 -0.120 0.993 0. -7.902 0. 0. 1. 0.
0.993 0.120 0. 174.893 -0.120 0.993 0. -8.122 0. 0. 1. 0.
0.993 0.119 0. 176.831 -0.119 0.993 0. -8.348 0. 0. 1. 0.
0.993 0.119 0. 178.765 -0.119 0.993 0. -8.577 0. 0. 1. 0.
0.993 0.119 0. 180.698 -0.119 0.993 0. -8.813 0. 0. 1. 0.
0.993 0.118 0. 182.631 -0.118 0.993 0. -9.034 0. 0. 1. 0.
0.993 0.118 0. 184.521 -0.118 0.993 0. -9.311 0. 0. 1. 0.
0.993 0.118 0. 186.597 -0.118 0.993 0. -9.530 0. 0. 1. 0.
0.993 0.120 0. 188.542 -0.120 0.993 0. -9.736 0. 0. 1. 0.
0.993 0.120 0. 190.453 -0.120 0.993 0. -9.991 0. 0. 1. 0.
0.993 0.121 0. 192.517 -0.121 0.993 0. -10.202 0. 0. 1. 0.
0.993 0.121 0. 194.540 -0.121 0.993 0. -10.466 0. 0. 1. 0.
0.993 0.121 0. 196.519 -0.121 0.993 0. -10.759 0. 0. 1. 0.
0.993 0.121 0. 198.582 -0.121 0.993 0. -11.025 0. 0. 1. 0.
0.993 0.119 0. 200.643 -0.119 0.993 0. -11.291 0. 0. 1. 0.
0.993 0.122 0. 202.753 -0.122 0.993 0. -11.561 0. 0. 1. 0.
0.993 0.121 0. 204.785 -0.121 0.993 0. -11.788 0. 0. 1. 0.
0.993 0.121 0. 206.816 -0.121 0.993 0. -12.022 0. 0. 1. 0.
0.993 0.121 0. 208.860 -0.121 0.993 0. -12.279 0. 0. 1. 0.
0.993 0.121 0. 210.867 -0.121 0.993 0. -12.536 0. 0. 1. 0.
0.993 0.121 0. 212.864 -0.121 0.993 0. -12.812 0. 0. 1. 0.
0.993 0.121 0. 214.795 -0.121 0.993 0. -13.052 0. 0. 1. 0.
0.993 0.121 0. 216.726 -0.121 0.993 0. -13.281 0. 0. 1. 0.
0.993 0.120 0. 218.666 -0.120 0.993 0. -13.515 0. 0. 1. 0.
0.993 0.118 0. 220.509 -0.118 0.993 0. -13.727 0. 0. 1. 0.
0.993 0.121 0. 222.404 -0.121 0.993 0. -13.998 0. 0. 1. 0.
0.992 0.123 0. 224.294 -0.123 0.992 0. -14.200 0. 0. 1. 0.
0.992 0.123 0. 226.141 -0.123 0.992 0. -14.362 0. 0. 1. 0.
0.992 0.123 0. 228.038 -0.123 0.992 0. -14.590 0. 0. 1. 0.
0.993 0.122 0. 229.965 -0.122 0.993 0. -14.846 0. 0. 1. 0.
0.993 0.122 0. 231.856 -0.122 0.993 0. -15.038 0. 0. 1. 0.
0.992 0.123 0. 233.746 -0.123 0.992 0. -15.237 0. 0. 1. 0.
0.992 0.122 0. 235.697 -0.122 0.992 0. -15.471 0. 0. 1. 0.
0.992 0.123 0. 237.650 -0.123 0.992 0. -15.665 0. 0. 1. 0.
0.992 0.123 0. 239.581 -0.123 0.992 0. -15.927 0. 0. 1. 0.
0.992 0.123 0. 241.525 -0.123 0.992 0. -16.114 0. 0. 1. 0.
0.992 0.123 0. 243.474 -0.123 0.992 0. -16.373 0. 0. 1. 0.
0.993 0.121 0. 245.417 -0.121 0.993 0. -16.625 0. 0. 1. 0.
0.993 0.121 0. 247.344 -0.121 0.993 0. -16.860 0. 0. 1. 0.
0.993 0.120 0. 249.290 -0.120 0.993 0. -17.107 0. 0. 1. 0.
0.993 0.121 0. 251.176 -0.121 0.993 0. -17.302 0. 0. 1. 0.
0.993 0.119 0. 253.067 -0.119 0.993 0. -17.507 0. 0. 1. 0.
0.993 0.117 0. 254.955 -0.117 0.993 0. -17.787 0. 0. 1. 0.
0.993 0.115 0. 256.805 -0.115 0.993 0. -17.966 0. 0. 1. 0.
0.993 0.116 0. 258.615 -0.116 0.993 0. -18.197 0. 0. 1. 0.
0.993 0.114 0. 260.430 -0.114 0.993 0. -18.372 0. 0. 1. 0.
0.994 0.114 0. 262.219 -0.114 0.994 0. -18.605 0. 0. 1. 0.
0.994 0.114 0. 263.849 -0.114 0.994 0. -18.811 0. 0. 1. 0.
0.993 0.115 0. 265.628 -0.115 0.993 0. -19.035 0. 0. 1. 0.
0.993 0.115 0. 267.499 -0.115 0.993 0. -19.174 0. 0. 1. 0.
0.994 0.112 0. 269.217 -0.112 0.994 0. -19.420 0. 0. 1. 0.
0.993 0.117 0. 270.923 -0.117 0.993 0. -19.620 0. 0. 1. 0.
0.993 0.114 0. 272.686 -0.114 0.993 0. -19.863 0. 0. 1. 0.
0.994 0.112 0. 274.538 -0.112 0.994 0. -20.043 0. 0. 1. 0.
0.994 0.111 0. 276.324 -0.111 0.994 0. -20.234 0. 0. 1. 0.
0.994 0.107 0. 278.122 -0.107 0.994 0. -20.457 0. 0. 1. 0.
0.995 0.103 0. 279.936 -0.103 0.995 0. -20.626 0. 0. 1. 0.
0.995 0.099 0. 281.797 -0.099 0.995 0. -20.771 0. 0. 1. 0.
0.995 0.095 0. 283.622 -0.095 0.995 0. -20.922 0. 0. 1. 0.
0.996 0.091 0. 285.466 -0.091 0.996 0. -21.098 0. 0. 1. 0.
0.996 0.087 0. 287.315 -0.087 0.996 0. -21.265 0. 0. 1. 0.
0.997 0.083 0. 289.178 -0.083 0.997 0. -21.391 0. 0. 1. 0.
0.997 0.078 0. 291.024 -0.078 0.997 0. -21.521 0. 0. 1. 0.
0.997 0.076 0. 292.898 -0.076 0.997 0. -21.660 0. 0. 1. 0.
0.997 0.073 0. 294.798 -0.073 0.997 0. -21.768 0. 0. 1. 0.
0.998 0.070 0. 296.668 -0.070 0.998 0. -21.872 0. 0. 1. 0.
0.998 0.065 0. 298.527 -0.065 0.998 0. -21.980 0. 0. 1. 0.
0.998 0.060 0. 300.467 -0.060 0.998 0. -22.082 0. 0. 1. 0.
0.999 0.054 0. 302.362 -0.054 0.999 0. -22.200 0. 0. 1. 0.
0.999 0.049 0. 304.248 -0.049 0.999 0. -22.266 0. 0. 1. 0.
0.999 0.043 0. 306.094 -0.043 0.999 0. -22.356 0. 0. 1. 0.
0.999 0.038 0. 307.963 -0.038 0.999 0. -22.400 0. 0. 1. 0.
0.999 0.033 0. 309.819 -0.033 0.999 0. -22.486 0. 0. 1. 0.
0.999 0.032 0. 311.633 -0.032 0.999 0. -22.487 0. 0. 1. 0.
0.999 0.033 0. 313.398 -0.033 0.999 0. -22.546 0. 0. 1. 0.
0.999 0.034 0. 315.121 -0.034 0.999 0. -22.577 0. 0. 1. 0.
0.999 0.034 0. 316.994 -0.034 0.999 0. -22.648 0. 0. 1. 0.
1.000 0.028 0. 318.805 -0.028 1.000 0. -22.803 0. 0. 1. 0.
0.999 0.033 0. 320.619 -0.033 0.999 0. -22.780 0. 0. 1. 0.
0.999 0.036 0. 322.366 -0.036 0.999 0. -22.768 0. 0. 1. 0.
0.999 0.034 0. 324.254 -0.034 0.999 0. -22.819 0. 0. 1. 0.
0.999 0.034 0. 326.089 -0.034 0.999 0. -22.891 0. 0. 1. 0.
1.000 0.031 0. 327.947 -0.031 1.000 0. -22.954 0. 0. 1. 0.
1.000 0.027 0. 329.859 -0.027 1.000 0. -22.968 0. 0. 1. 0.
1.000 0.022 0. 331.733 -0.022 1.000 0. -23.012 0. 0. 1. 0.
1.000 0.020 0. 333.634 -0.020 1.000 0. -23.079 0. 0. 1. 0.
1.000 0.017 0. 335.542 -0.017 1.000 0. -23.086 0. 0. 1. 0.
1. 0.013 0. 337.471 -0.013 1. 0. -23.069 0. 0. 1. 0.
1. 0.007 0. 339.415 -0.007 1. 0. -23.082 0. 0. 1. 0.
1. 0.005 0. 341.419 -0.005 1. 0. -23.085 0. 0. 1. 0.
1. 0.002 0. 343.413 -0.002 1. 0. -23.050 0. 0. 1. 0.
1. 0.001 0. 345.395 -0.001 1. 0. -23.017 0. 0. 1. 0.
1. 0.002 0. 347.398 -0.002 1. 0. -23.048 0. 0. 1. 0.
1. 0.001 0. 349.426 -0.001 1. 0. -23.048 0. 0. 1. 0.
1. 0.000 0. 351.452 -0.000 1. 0. -23.021 0. 0. 1. 0.
1. -0.002 0. 353.513 0.002 1. 0. -22.987 0. 0. 1. 0.
1. -0.004 0. 355.561 0.004 1. 0. -22.967 0. 0. 1. 0.
1. -0.003 0. 357.674 0.003 1. 0. -22.933 0. 0. 1. 0.
1. -0.004 0. 359.744 0.004 1. 0. -22.917 0. 0. 1. 0.
1. -0.004 0. 361.843 0.004 1. 0. -22.893 0. 0. 1. 0.
1. -0.004 0. 363.941 0.004 1. 0. -22.864 0. 0. 1. 0.
1. -0.004 0. 366.097 0.004 1. 0. -22.826 0. 0. 1. 0.
1. -0.005 0. 368.243 0.005 1. 0. -22.793 0. 0. 1. 0.
1. -0.006 0. 370.367 0.006 1. 0. -22.814 0. 0. 1. 0.
1. -0.006 0. 372.492 0.006 1. 0. -22.781 0. 0. 1. 0.
1. -0.007 0. 374.687 0.007 1. 0. -22.754 0. 0. 1. 0.
1. -0.010 0. 376.929 0.010 1. 0. -22.695 0. 0. 1. 0.
1. -0.014 0. 379.071 0.014 1. 0. -22.649 0. 0. 1. 0.
1. -0.014 0. 381.277 0.014 1. 0. -22.606 0. 0. 1. 0.
1.000 -0.016 0. 383.519 0.016 1.000 0. -22.565 0. 0. 1. 0.
1.000 -0.018 0. 385.692 0.018 1.000 0. -22.502 0. 0. 1. 0.
1.000 -0.020 0. 387.953 0.020 1.000 0. -22.458 0. 0. 1. 0.
1.000 -0.022 0. 390.198 0.022 1.000 0. -22.404 0. 0. 1. 0.
1.000 -0.024 0. 392.412 0.024 1.000 0. -22.349 0. 0. 1. 0.
1.000 -0.026 0. 394.550 0.026 1.000 0. -22.295 0. 0. 1. 0.
1.000 -0.027 0. 396.717 0.027 1.000 0. -22.250 0. 0. 1. 0.
1.000 -0.030 0. 398.811 0.030 1.000 0. -22.218 0. 0. 1. 0.
0.999 -0.034 0. 400.889 0.034 0.999 0. -22.095 0. 0. 1. 0.
0.999 -0.038 0. 402.977 0.038 0.999 0. -21.996 0. 0. 1. 0.
0.999 -0.043 0. 405.093 0.043 0.999 0. -21.933 0. 0. 1. 0.
0.999 -0.048 0. 407.145 0.048 0.999 0. -21.851 0. 0. 1. 0.
0.999 -0.051 0. 409.204 0.051 0.999 0. -21.721 0. 0. 1. 0.
0.998 -0.055 0. 411.233 0.055 0.998 0. -21.606 0. 0. 1. 0.
0.998 -0.060 0. 413.317 0.060 0.998 0. -21.459 0. 0. 1. 0.
0.998 -0.064 0. 415.406 0.064 0.998 0. -21.282 0. 0. 1. 0.
0.998 -0.065 0. 417.467 0.065 0.998 0. -21.179 0. 0. 1. 0.
0.998 -0.067 0. 419.525 0.067 0.998 0. -21.023 0. 0. 1. 0.
0.997 -0.071 0. 421.613 0.071 0.997 0. -20.883 0. 0. 1. 0.
0.997 -0.073 0. 423.734 0.073 0.997 0. -20.683 0. 0. 1. 0.
0.997 -0.077 0. 425.814 0.077 0.997 0. -20.552 0. 0. 1. 0.
0.997 -0.082 0. 427.928 0.082 0.997 0. -20.365 0. 0. 1. 0.
0.996 -0.085 0. 429.996 0.085 0.996 0. -20.149 0. 0. 1. 0.
0.996 -0.089 0. 432.070 0.089 0.996 0. -19.975 0. 0. 1. 0.
0.995 -0.095 0. 434.174 0.095 0.995 0. -19.726 0. 0. 1. 0.
0.995 -0.099 0. 436.181 0.099 0.995 0. -19.510 0. 0. 1. 0.
0.995 -0.102 0. 438.172 0.102 0.995 0. -19.279 0. 0. 1. 0.
0.994 -0.107 0. 440.093 0.107 0.994 0. -19.054 0. 0. 1. 0.
0.994 -0.110 0. 442.072 0.110 0.994 0. -18.828 0. 0. 1. 0.
0.994 -0.113 0. 443.962 0.113 0.994 0. -18.592 0. 0. 1. 0.
0.993 -0.120 0. 445.793 0.120 0.993 0. -18.404 0. 0. 1. 0.
0.992 -0.123 0. 447.648 0.123 0.992 0. -18.134 0. 0. 1. 0.
0.992 -0.122 0. 449.569 0.122 0.992 0. -17.858 0. 0. 1. 0.
0.992 -0.125 0. 451.434 0.125 0.992 0. -17.607 0. 0. 1. 0.
0.991 -0.133 0. 453.121 0.133 0.991 0. -17.352 0. 0. 1. 0.
0.991 -0.134 0. 455.049 0.134 0.991 0. -17.107 0. 0. 1. 0.
0.990 -0.138 0. 456.931 0.138 0.990 0. -16.845 0. 0. 1. 0.
0.990 -0.143 0. 458.746 0.143 0.990 0. -16.546 0. 0. 1. 0.
0.990 -0.145 0. 460.649 0.145 0.990 0. -16.250 0. 0. 1. 0.
0.989 -0.151 0. 462.475 0.151 0.989 0. -15.992 0. 0. 1. 0.
0.988 -0.152 0. 464.394 0.152 0.988 0. -15.710 0. 0. 1. 0.
0.988 -0.158 0. 466.292 0.158 0.988 0. -15.447 0. 0. 1. 0.
0.987 -0.160 0. 468.176 0.160 0.987 0. -15.102 0. 0. 1. 0.
0.986 -0.165 0. 470.096 0.165 0.986 0. -14.773 0. 0. 1. 0.
0.986 -0.169 0. 471.948 0.169 0.986 0. -14.474 0. 0. 1. 0.
0.985 -0.172 0. 473.825 0.172 0.985 0. -14.114 0. 0. 1. 0.
0.984 -0.175 0. 475.621 0.175 0.984 0. -13.781 0. 0. 1. 0.
0.983 -0.181 0. 477.337 0.181 0.983 0. -13.434 0. 0. 1. 0.
0.983 -0.182 0. 479.143 0.182 0.983 0. -13.132 0. 0. 1. 0.
0.982 -0.186 0. 480.882 0.186 0.982 0. -12.782 0. 0. 1. 0.
0.981 -0.192 0. 482.618 0.192 0.981 0. -12.446 0. 0. 1. 0.
0.981 -0.195 0. 484.378 0.195 0.981 0. -12.104 0. 0. 1. 0.
0.980 -0.198 0. 486.149 0.198 0.980 0. -11.765 0. 0. 1. 0.
0.979 -0.202 0. 487.932 0.202 0.979 0. -11.346 0. 0. 1. 0.
0.979 -0.205 0. 489.713 0.205 0.979 0. -10.964 0. 0. 1. 0.
0.979 -0.206 0. 491.551 0.206 0.979 0. -10.581 0. 0. 1. 0.
0.978 -0.208 0. 493.369 0.208 0.978 0. -10.202 0. 0. 1. 0.
0.978 -0.209 0. 495.192 0.209 0.978 0. -9.802 0. 0. 1. 0.
0.978 -0.208 0. 497.016 0.208 0.978 0. -9.407 0. 0. 1. 0.
0.978 -0.211 0. 498.860 0.211 0.978 0. -9.028 0. 0. 1. 0.
0.977 -0.213 0. 500.730 0.213 0.977 0. -8.582 0. 0. 1. 0.
0.976 -0.219 0. 502.585 0.219 0.976 0. -8.125 0. 0. 1. 0.
0.975 -0.223 0. 504.523 0.223 0.975 0. -7.741 0. 0. 1. 0.
0.974 -0.227 0. 506.431 0.227 0.974 0. -7.247 0. 0. 1. 0.
0.973 -0.230 0. 508.346 0.230 0.973 0. -6.780 0. 0. 1. 0.
0.973 -0.233 0. 510.260 0.233 0.973 0. -6.310 0. 0. 1. 0.
0.972 -0.234 0. 512.211 0.234 0.972 0. -5.867 0. 0. 1. 0.
0.971 -0.238 0. 514.178 0.238 0.971 0. -5.361 0. 0. 1. 0.
0.971 -0.238 0. 516.120 0.238 0.971 0. -4.856 0. 0. 1. 0.
0.970 -0.242 0. 518.066 0.242 0.970 0. -4.422 0. 0. 1. 0.
0.969 -0.245 0. 519.918 0.245 0.969 0. -3.858 0. 0. 1. 0.
0.968 -0.250 0. 521.832 0.250 0.968 0. -3.388 0. 0. 1. 0.
0.967 -0.254 0. 523.655 0.254 0.967 0. -2.905 0. 0. 1. 0.
0.966 -0.259 0. 525.513 0.259 0.966 0. -2.404 0. 0. 1. 0.
0.965 -0.263 0. 527.324 0.263 0.965 0. -1.908 0. 0. 1. 0.
0.964 -0.268 0. 529.096 0.268 0.964 0. -1.387 0. 0. 1. 0.
0.962 -0.275 0. 530.802 0.275 0.962 0. -0.854 0. 0. 1. 0.
0.961 -0.278 0. 532.573 0.278 0.961 0. -0.406 0. 0. 1. 0.
0.959 -0.283 0. 534.293 0.283 0.959 0. 0.138 0. 0. 1. 0.
0.957 -0.289 0. 535.975 0.289 0.957 0. 0.585 0. 0. 1. 0.
0.956 -0.292 0. 537.624 0.292 0.956 0. 1.118 0. 0. 1. 0.
0.955 -0.296 0. 539.309 0.296 0.955 0. 1.653 0. 0. 1. 0.
0.955 -0.296 0. 540.967 0.296 0.955 0. 2.124 0. 0. 1. 0.
0.954 -0.299 0. 542.480 0.299 0.954 0. 2.646 0. 0. 1. 0.
0.954 -0.300 0. 544.076 0.300 0.954 0. 3.208 0. 0. 1. 0.
0.954 -0.301 0. 545.645 0.301 0.954 0. 3.652 0. 0. 1. 0.
0.953 -0.302 0. 547.194 0.302 0.953 0. 4.126 0. 0. 1. 0.
0.952 -0.305 0. 548.699 0.305 0.952 0. 4.629 0. 0. 1. 0.
0.953 -0.304 0. 550.220 0.304 0.953 0. 5.164 0. 0. 1. 0.
0.955 -0.296 0. 551.684 0.296 0.955 0. 5.582 0. 0. 1. 0.
0.958 -0.288 0. 553.074 0.288 0.958 0. 6.029 0. 0. 1. 0.
0.963 -0.269 0. 554.409 0.269 0.963 0. 6.396 0. 0. 1. 0.
0.970 -0.242 0. 555.730 0.242 0.970 0. 6.715 0. 0. 1. 0.
0.978 -0.209 0. 556.981 0.209 0.978 0. 6.945 0. 0. 1. 0.
0.987 -0.159 0. 558.201 0.159 0.987 0. 7.059 0. 0. 1. 0.
0.995 -0.103 0. 559.311 0.103 0.995 0. 7.087 0. 0. 1. 0.
0.999 -0.036 0. 560.367 0.036 0.999 0. 7.055 0. 0. 1. 0.
0.999 0.034 0. 561.409 -0.034 0.999 0. 6.873 0. 0. 1. 0.
0.994 0.111 0. 562.402 -0.111 0.994 0. 6.673 0. 0. 1. 0.
0.981 0.196 0. 563.293 -0.196 0.981 0. 6.422 0. 0. 1. 0.
0.956 0.294 0. 564.231 -0.294 0.956 0. 6.005 0. 0. 1. 0.
0.919 0.395 0. 565.064 -0.395 0.919 0. 5.549 0. 0. 1. 0.
0.866 0.500 0. 565.852 -0.500 0.866 0. 4.945 0. 0. 1. 0.
0.795 0.607 0. 566.523 -0.607 0.795 0. 4.281 0. 0. 1. 0.
0.707 0.707 0. 567.182 -0.707 0.707 0. 3.528 0. 0. 1. 0.
0.605 0.796 0. 567.632 -0.796 0.605 0. 2.640 0. 0. 1. 0.
0.492 0.871 0. 568.054 -0.871 0.492 0. 1.669 0. 0. 1. 0.
0.371 0.928 0. 568.258 -0.928 0.371 0. 0.749 0. 0. 1. 0.
0.260 0.966 0. 568.335 -0.966 0.260 0. -0.350 0. 0. 1. 0.
0.165 0.986 0. 568.451 -0.986 0.165 0. -1.454 0. 0. 1. 0.
0.103 0.995 0. 568.487 -0.995 0.103 0. -2.566 0. 0. 1. 0.
0.061 0.998 0. 568.539 -0.998 0.061 0. -3.768 0. 0. 1. 0.
0.033 0.999 0. 568.640 -0.999 0.033 0. -5.041 0. 0. 1. 0.
0.015 1.000 0. 568.743 -1.000 0.015 0. -6.373 0. 0. 1. 0.
0.002 1. 0. 568.796 -1. 0.002 0. -7.757 0. 0. 1. 0.
-0.006 1. 0. 568.731 -1. -0.006 0. -9.065 0. 0. 1. 0.
-0.009 1. 0. 568.727 -1. -0.009 0. -10.486 0. 0. 1. 0.
-0.011 1. 0. 568.729 -1. -0.011 0. -11.920 0. 0. 1. 0.
-0.010 1. 0. 568.709 -1. -0.010 0. -13.401 0. 0. 1. 0.
-0.008 1. 0. 568.689 -1. -0.008 0. -14.910 0. 0. 1. 0.
-0.006 1. 0. 568.672 -1. -0.006 0. -16.457 0. 0. 1. 0.
-0.007 1. 0. 568.680 -1. -0.007 0. -18.007 0. 0. 1. 0.
-0.005 1. 0. 568.721 -1. -0.005 0. -19.622 0. 0. 1. 0.
-0.005 1. 0. 568.691 -1. -0.005 0. -21.225 0. 0. 1. 0.
-0.006 1. 0. 568.701 -1. -0.006 0. -22.902 0. 0. 1. 0.
-0.007 1. 0. 568.627 -1. -0.007 0. -24.600 0. 0. 1. 0.
-0.007 1. 0. 568.667 -1. -0.007 0. -26.321 0. 0. 1. 0.
-0.008 1. 0. 568.628 -1. -0.008 0. -28.059 0. 0. 1. 0.
-0.010 1. 0. 568.599 -1. -0.010 0. -29.861 0. 0. 1. 0.
-0.008 1. 0. 568.595 -1. -0.008 0. -31.666 0. 0. 1. 0.
-0.007 1. 0. 568.610 -1. -0.007 0. -33.489 0. 0. 1. 0.
-0.006 1. 0. 568.566 -1. -0.006 0. -35.379 0. 0. 1. 0.
-0.003 1. 0. 568.543 -1. -0.003 0. -37.262 0. 0. 1. 0.
-0.002 1. 0. 568.566 -1. -0.002 0. -39.151 0. 0. 1. 0.
-0.002 1. 0. 568.597 -1. -0.002 0. -41.084 0. 0. 1. 0.
-0.002 1. 0. 568.563 -1. -0.002 0. -43.107 0. 0. 1. 0.
-0.001 1. 0. 568.525 -1. -0.001 0. -45.088 0. 0. 1. 0.
-0.003 1. 0. 568.574 -1. -0.003 0. -47.079 0. 0. 1. 0.
-0.004 1. 0. 568.572 -1. -0.004 0. -49.119 0. 0. 1. 0.
-0.005 1. 0. 568.576 -1. -0.005 0. -51.165 0. 0. 1. 0.
-0.007 1. 0. 568.596 -1. -0.007 0. -53.188 0. 0. 1. 0.
-0.008 1. 0. 568.572 -1. -0.008 0. -55.188 0. 0. 1. 0.
-0.007 1. 0. 568.584 -1. -0.007 0. -57.178 0. 0. 1. 0.
-0.009 1. 0. 568.621 -1. -0.009 0. -59.118 0. 0. 1. 0.
-0.008 1. 0. 568.571 -1. -0.008 0. -61.021 0. 0. 1. 0.
-0.008 1. 0. 568.569 -1. -0.008 0. -62.943 0. 0. 1. 0.
-0.006 1. 0. 568.557 -1. -0.006 0. -64.762 0. 0. 1. 0.
-0.005 1. 0. 568.580 -1. -0.005 0. -66.476 0. 0. 1. 0.
-0.005 1. 0. 568.604 -1. -0.005 0. -68.083 0. 0. 1. 0.
-0.006 1. 0. 568.613 -1. -0.006 0. -69.647 0. 0. 1. 0.
-0.008 1. 0. 568.674 -1. -0.008 0. -71.124 0. 0. 1. 0.
-0.007 1. 0. 568.567 -1. -0.007 0. -72.563 0. 0. 1. 0.
-0.006 1. 0. 568.617 -1. -0.006 0. -74.023 0. 0. 1. 0.
-0.005 1. 0. 568.513 -1. -0.005 0. -75.408 0. 0. 1. 0.
-0.003 1. 0. 568.480 -1. -0.003 0. -76.764 0. 0. 1. 0.
-0.003 1. 0. 568.551 -1. -0.003 0. -78.275 0. 0. 1. 0.
-0.005 1. 0. 568.561 -1. -0.005 0. -79.928 0. 0. 1. 0.
-0.007 1. 0. 568.492 -1. -0.007 0. -81.214 0. 0. 1. 0.
-0.007 1. 0. 568.493 -1. -0.007 0. -82.669 0. 0. 1. 0.
-0.008 1. 0. 568.476 -1. -0.008 0. -84.321 0. 0. 1. 0.
-0.009 1. 0. 568.463 -1. -0.009 0. -85.830 0. 0. 1. 0.
-0.011 1. 0. 568.428 -1. -0.011 0. -87.440 0. 0. 1. 0.
-0.011 1. 0. 568.465 -1. -0.011 0. -89.045 0. 0. 1. 0.
-0.010 1. 0. 568.411 -1. -0.010 0. -90.669 0. 0. 1. 0.
-0.009 1. 0. 568.420 -1. -0.009 0. -92.307 0. 0. 1. 0.
-0.010 1. 0. 568.425 -1. -0.010 0. -93.970 0. 0. 1. 0.
-0.010 1. 0. 568.377 -1. -0.010 0. -95.578 0. 0. 1. 0.
-0.008 1. 0. 568.371 -1. -0.008 0. -97.152 0. 0. 1. 0.
-0.008 1. 0. 568.325 -1. -0.008 0. -98.782 0. 0. 1. 0.
-0.005 1. 0. 568.375 -1. -0.005 0. -100.326 0. 0. 1. 0.
-0.003 1. 0. 568.412 -1. -0.003 0. -101.872 0. 0. 1. 0.
-0.002 1. 0. 568.380 -1. -0.002 0. -103.388 0. 0. 1. 0.
-0.004 1. 0. 568.374 -1. -0.004 0. -104.817 0. 0. 1. 0.
-0.002 1. 0. 568.408 -1. -0.002 0. -106.291 0. 0. 1. 0.
0.003 1. 0. 568.442 -1. 0.003 0. -107.935 0. 0. 1. 0.
0.002 1. 0. 568.304 -1. 0.002 0. -109.314 0. 0. 1. 0.
-0.005 1. 0. 568.427 -1. -0.005 0. -110.730 0. 0. 1. 0.
-0.005 1. 0. 568.414 -1. -0.005 0. -112.259 0. 0. 1. 0.
-0.008 1. 0. 568.300 -1. -0.008 0. -113.737 0. 0. 1. 0.
-0.010 1. 0. 568.325 -1. -0.010 0. -115.226 0. 0. 1. 0.
-0.012 1. 0. 568.307 -1. -0.012 0. -116.738 0. 0. 1. 0.
-0.012 1. 0. 568.298 -1. -0.012 0. -118.216 0. 0. 1. 0.
-0.012 1. 0. 568.302 -1. -0.012 0. -119.699 0. 0. 1. 0.
-0.013 1. 0. 568.238 -1. -0.013 0. -121.194 0. 0. 1. 0.
-0.012 1. 0. 568.180 -1. -0.012 0. -122.636 0. 0. 1. 0.
-0.010 1. 0. 568.231 -1. -0.010 0. -124.117 0. 0. 1. 0.
-0.009 1. 0. 568.163 -1. -0.009 0. -125.672 0. 0. 1. 0.
-0.007 1. 0. 568.088 -1. -0.007 0. -127.060 0. 0. 1. 0.
-0.011 1. 0. 568.150 -1. -0.011 0. -128.590 0. 0. 1. 0.
-0.015 1.000 0. 568.018 -1.000 -0.015 0. -130.099 0. 0. 1. 0.
-0.017 1.000 0. 568.023 -1.000 -0.017 0. -131.607 0. 0. 1. 0.
-0.021 1.000 0. 568.009 -1.000 -0.021 0. -133.135 0. 0. 1. 0.
-0.026 1.000 0. 567.964 -1.000 -0.026 0. -134.608 0. 0. 1. 0.
-0.032 1.000 0. 567.871 -1.000 -0.032 0. -136.064 0. 0. 1. 0.
-0.042 0.999 0. 567.776 -0.999 -0.042 0. -137.509 0. 0. 1. 0.
-0.060 0.998 0. 567.662 -0.998 -0.060 0. -138.978 0. 0. 1. 0.
-0.085 0.996 0. 567.577 -0.996 -0.085 0. -140.445 0. 0. 1. 0.
-0.118 0.993 0. 567.280 -0.993 -0.118 0. -141.925 0. 0. 1. 0.
-0.160 0.987 0. 567.061 -0.987 -0.160 0. -143.409 0. 0. 1. 0.
-0.205 0.979 0. 566.702 -0.979 -0.205 0. -144.719 0. 0. 1. 0.
-0.251 0.968 0. 566.363 -0.968 -0.251 0. -146.018 0. 0. 1. 0.
-0.300 0.954 0. 565.974 -0.954 -0.300 0. -147.385 0. 0. 1. 0.
-0.351 0.936 0. 565.379 -0.936 -0.351 0. -148.702 0. 0. 1. 0.
-0.403 0.915 0. 564.811 -0.915 -0.403 0. -149.977 0. 0. 1. 0.
-0.456 0.890 0. 564.115 -0.890 -0.456 0. -151.238 0. 0. 1. 0.
-0.507 0.862 0. 563.253 -0.862 -0.507 0. -152.454 0. 0. 1. 0.
-0.561 0.828 0. 562.496 -0.828 -0.561 0. -153.665 0. 0. 1. 0.
-0.614 0.789 0. 561.638 -0.789 -0.614 0. -154.730 0. 0. 1. 0.
-0.661 0.750 0. 560.552 -0.750 -0.661 0. -155.806 0. 0. 1. 0.
-0.707 0.707 0. 559.447 -0.707 -0.707 0. -156.805 0. 0. 1. 0.
-0.752 0.659 0. 558.330 -0.659 -0.752 0. -157.782 0. 0. 1. 0.
-0.789 0.614 0. 557.109 -0.614 -0.789 0. -158.695 0. 0. 1. 0.
-0.820 0.572 0. 555.844 -0.572 -0.820 0. -159.575 0. 0. 1. 0.
-0.848 0.530 0. 554.452 -0.530 -0.848 0. -160.381 0. 0. 1. 0.
-0.875 0.484 0. 553.070 -0.484 -0.875 0. -161.073 0. 0. 1. 0.
-0.899 0.439 0. 551.613 -0.439 -0.899 0. -161.750 0. 0. 1. 0.
-0.918 0.396 0. 550.108 -0.396 -0.918 0. -162.388 0. 0. 1. 0.
-0.933 0.359 0. 548.535 -0.359 -0.933 0. -162.893 0. 0. 1. 0.
-0.946 0.324 0. 547.027 -0.324 -0.946 0. -163.399 0. 0. 1. 0.
-0.956 0.293 0. 545.496 -0.293 -0.956 0. -163.867 0. 0. 1. 0.
-0.963 0.271 0. 543.980 -0.271 -0.963 0. -164.322 0. 0. 1. 0.
-0.968 0.253 0. 542.409 -0.253 -0.968 0. -164.708 0. 0. 1. 0.
-0.970 0.242 0. 540.849 -0.242 -0.970 0. -165.077 0. 0. 1. 0.
-0.972 0.235 0. 539.396 -0.235 -0.972 0. -165.496 0. 0. 1. 0.
-0.973 0.232 0. 537.806 -0.232 -0.973 0. -165.901 0. 0. 1. 0.
-0.972 0.234 0. 536.149 -0.234 -0.972 0. -166.315 0. 0. 1. 0.
-0.971 0.239 0. 534.588 -0.239 -0.971 0. -166.714 0. 0. 1. 0.
-0.970 0.243 0. 532.903 -0.243 -0.970 0. -167.199 0. 0. 1. 0.
-0.968 0.251 0. 531.283 -0.251 -0.968 0. -167.589 0. 0. 1. 0.
-0.967 0.256 0. 529.616 -0.256 -0.967 0. -168.042 0. 0. 1. 0.
-0.966 0.259 0. 527.934 -0.259 -0.966 0. -168.552 0. 0. 1. 0.
-0.965 0.262 0. 526.239 -0.262 -0.965 0. -169.043 0. 0. 1. 0.
-0.964 0.265 0. 524.492 -0.265 -0.964 0. -169.536 0. 0. 1. 0.
-0.964 0.267 0. 522.728 -0.267 -0.964 0. -170.036 0. 0. 1. 0.
-0.964 0.267 0. 520.952 -0.267 -0.964 0. -170.554 0. 0. 1. 0.
-0.963 0.269 0. 519.190 -0.269 -0.963 0. -171.049 0. 0. 1. 0.
-0.963 0.268 0. 517.342 -0.268 -0.963 0. -171.581 0. 0. 1. 0.
-0.963 0.270 0. 515.498 -0.270 -0.963 0. -172.095 0. 0. 1. 0.
-0.963 0.268 0. 513.644 -0.268 -0.963 0. -172.640 0. 0. 1. 0.
-0.964 0.266 0. 511.715 -0.266 -0.964 0. -173.192 0. 0. 1. 0.
-0.964 0.267 0. 509.818 -0.267 -0.964 0. -173.680 0. 0. 1. 0.
-0.964 0.267 0. 507.861 -0.267 -0.964 0. -174.262 0. 0. 1. 0.
-0.964 0.266 0. 505.943 -0.266 -0.964 0. -174.811 0. 0. 1. 0.
-0.964 0.265 0. 503.954 -0.265 -0.964 0. -175.406 0. 0. 1. 0.
-0.965 0.264 0. 501.945 -0.264 -0.965 0. -175.929 0. 0. 1. 0.
-0.964 0.265 0. 500.006 -0.265 -0.964 0. -176.472 0. 0. 1. 0.
-0.964 0.267 0. 498.014 -0.267 -0.964 0. -177.043 0. 0. 1. 0.
-0.963 0.269 0. 495.985 -0.269 -0.963 0. -177.589 0. 0. 1. 0.
-0.961 0.275 0. 494.029 -0.275 -0.961 0. -178.151 0. 0. 1. 0.
-0.959 0.282 0. 492.011 -0.282 -0.959 0. -178.762 0. 0. 1. 0.
-0.957 0.289 0. 490.017 -0.289 -0.957 0. -179.307 0. 0. 1. 0.
-0.954 0.299 0. 488.008 -0.299 -0.954 0. -179.988 0. 0. 1. 0.
-0.951 0.310 0. 486.019 -0.310 -0.951 0. -180.636 0. 0. 1. 0.
-0.948 0.317 0. 484.012 -0.317 -0.948 0. -181.318 0. 0. 1. 0.
-0.944 0.330 0. 482.038 -0.330 -0.944 0. -182.081 0. 0. 1. 0.
-0.941 0.340 0. 480.046 -0.340 -0.941 0. -182.859 0. 0. 1. 0.
-0.936 0.351 0. 478.084 -0.351 -0.936 0. -183.631 0. 0. 1. 0.
-0.932 0.362 0. 476.099 -0.362 -0.932 0. -184.436 0. 0. 1. 0.
-0.928 0.373 0. 474.091 -0.373 -0.928 0. -185.219 0. 0. 1. 0.
-0.922 0.386 0. 472.161 -0.386 -0.922 0. -186.063 0. 0. 1. 0.
-0.918 0.396 0. 470.174 -0.396 -0.918 0. -186.936 0. 0. 1. 0.
-0.915 0.405 0. 468.203 -0.405 -0.915 0. -187.860 0. 0. 1. 0.
-0.911 0.413 0. 466.267 -0.413 -0.911 0. -188.770 0. 0. 1. 0.
-0.907 0.422 0. 464.315 -0.422 -0.907 0. -189.715 0. 0. 1. 0.
-0.903 0.430 0. 462.340 -0.430 -0.903 0. -190.607 0. 0. 1. 0.
-0.899 0.437 0. 460.430 -0.437 -0.899 0. -191.589 0. 0. 1. 0.
-0.895 0.446 0. 458.485 -0.446 -0.895 0. -192.589 0. 0. 1. 0.
-0.891 0.455 0. 456.587 -0.455 -0.891 0. -193.590 0. 0. 1. 0.
-0.885 0.465 0. 454.653 -0.465 -0.885 0. -194.620 0. 0. 1. 0.
-0.881 0.473 0. 452.686 -0.473 -0.881 0. -195.688 0. 0. 1. 0.
-0.875 0.485 0. 450.774 -0.485 -0.875 0. -196.794 0. 0. 1. 0.
-0.869 0.495 0. 448.839 -0.495 -0.869 0. -197.906 0. 0. 1. 0.
-0.863 0.505 0. 446.951 -0.505 -0.863 0. -199.018 0. 0. 1. 0.
-0.857 0.516 0. 445.045 -0.516 -0.857 0. -200.149 0. 0. 1. 0.
-0.849 0.529 0. 443.178 -0.529 -0.849 0. -201.383 0. 0. 1. 0.
-0.844 0.537 0. 441.282 -0.537 -0.844 0. -202.570 0. 0. 1. 0.
-0.836 0.548 0. 439.437 -0.548 -0.836 0. -203.779 0. 0. 1. 0.
-0.830 0.558 0. 437.627 -0.558 -0.830 0. -205.042 0. 0. 1. 0.
-0.823 0.568 0. 435.824 -0.568 -0.823 0. -206.349 0. 0. 1. 0.
-0.816 0.579 0. 434.075 -0.579 -0.816 0. -207.634 0. 0. 1. 0.
-0.810 0.587 0. 432.285 -0.587 -0.810 0. -208.885 0. 0. 1. 0.
-0.802 0.597 0. 430.625 -0.597 -0.802 0. -210.217 0. 0. 1. 0.
-0.798 0.603 0. 428.827 -0.603 -0.798 0. -211.485 0. 0. 1. 0.
-0.791 0.611 0. 427.181 -0.611 -0.791 0. -212.795 0. 0. 1. 0.
-0.785 0.620 0. 425.537 -0.620 -0.785 0. -214.094 0. 0. 1. 0.
-0.779 0.627 0. 423.901 -0.627 -0.779 0. -215.385 0. 0. 1. 0.
-0.776 0.631 0. 422.403 -0.631 -0.776 0. -216.667 0. 0. 1. 0.
-0.774 0.633 0. 420.945 -0.633 -0.774 0. -217.859 0. 0. 1. 0.
-0.773 0.635 0. 419.499 -0.635 -0.773 0. -218.960 0. 0. 1. 0.
-0.769 0.639 0. 418.295 -0.639 -0.769 0. -220.089 0. 0. 1. 0.
-0.768 0.641 0. 417.028 -0.641 -0.768 0. -221.051 0. 0. 1. 0.
-0.765 0.644 0. 415.851 -0.644 -0.765 0. -222.079 0. 0. 1. 0.
-0.764 0.645 0. 414.705 -0.645 -0.764 0. -223.075 0. 0. 1. 0.
-0.763 0.647 0. 413.604 -0.647 -0.763 0. -224.076 0. 0. 1. 0.
-0.764 0.645 0. 412.546 -0.645 -0.764 0. -224.947 0. 0. 1. 0.
-0.763 0.647 0. 411.540 -0.647 -0.763 0. -225.843 0. 0. 1. 0.
-0.759 0.651 0. 410.544 -0.651 -0.759 0. -226.684 0. 0. 1. 0.
-0.752 0.659 0. 409.528 -0.659 -0.752 0. -227.586 0. 0. 1. 0.
-0.739 0.674 0. 408.589 -0.674 -0.739 0. -228.514 0. 0. 1. 0.
-0.724 0.690 0. 407.614 -0.690 -0.724 0. -229.427 0. 0. 1. 0.
-0.708 0.707 0. 406.746 -0.707 -0.708 0. -230.417 0. 0. 1. 0.
-0.691 0.723 0. 405.745 -0.723 -0.691 0. -231.349 0. 0. 1. 0.
-0.677 0.736 0. 404.825 -0.736 -0.677 0. -232.382 0. 0. 1. 0.
-0.664 0.748 0. 403.984 -0.748 -0.664 0. -233.439 0. 0. 1. 0.
-0.653 0.757 0. 403.103 -0.757 -0.653 0. -234.527 0. 0. 1. 0.
-0.645 0.764 0. 402.242 -0.764 -0.645 0. -235.678 0. 0. 1. 0.
-0.636 0.771 0. 401.300 -0.771 -0.636 0. -236.678 0. 0. 1. 0.
-0.630 0.777 0. 400.339 -0.777 -0.630 0. -237.973 0. 0. 1. 0.
-0.625 0.781 0. 399.227 -0.781 -0.625 0. -239.170 0. 0. 1. 0.
-0.621 0.784 0. 398.263 -0.784 -0.621 0. -240.348 0. 0. 1. 0.
-0.619 0.785 0. 397.281 -0.785 -0.619 0. -241.609 0. 0. 1. 0.
-0.618 0.786 0. 396.229 -0.786 -0.618 0. -242.903 0. 0. 1. 0.
-0.616 0.788 0. 395.116 -0.788 -0.616 0. -244.321 0. 0. 1. 0.
-0.615 0.789 0. 394.054 -0.789 -0.615 0. -245.723 0. 0. 1. 0.
-0.614 0.789 0. 392.929 -0.789 -0.614 0. -247.134 0. 0. 1. 0.
-0.611 0.791 0. 391.862 -0.791 -0.611 0. -248.641 0. 0. 1. 0.
-0.612 0.791 0. 390.768 -0.791 -0.612 0. -250.150 0. 0. 1. 0.
-0.610 0.792 0. 389.615 -0.792 -0.610 0. -251.706 0. 0. 1. 0.
-0.607 0.795 0. 388.392 -0.795 -0.607 0. -253.246 0. 0. 1. 0.
-0.606 0.795 0. 387.234 -0.795 -0.606 0. -254.821 0. 0. 1. 0.
-0.604 0.797 0. 386.046 -0.797 -0.604 0. -256.395 0. 0. 1. 0.
-0.602 0.798 0. 384.783 -0.798 -0.602 0. -257.936 0. 0. 1. 0.
-0.599 0.801 0. 383.586 -0.801 -0.599 0. -259.607 0. 0. 1. 0.
-0.594 0.804 0. 382.384 -0.804 -0.594 0. -261.305 0. 0. 1. 0.
-0.587 0.810 0. 381.178 -0.810 -0.587 0. -262.967 0. 0. 1. 0.
-0.579 0.816 0. 379.948 -0.816 -0.579 0. -264.741 0. 0. 1. 0.
-0.568 0.823 0. 378.683 -0.823 -0.568 0. -266.530 0. 0. 1. 0.
-0.561 0.828 0. 377.441 -0.828 -0.561 0. -268.321 0. 0. 1. 0.
-0.550 0.835 0. 376.254 -0.835 -0.550 0. -270.167 0. 0. 1. 0.
-0.539 0.842 0. 374.983 -0.842 -0.539 0. -272.033 0. 0. 1. 0.
-0.528 0.849 0. 373.862 -0.849 -0.528 0. -273.956 0. 0. 1. 0.
-0.515 0.857 0. 372.673 -0.857 -0.515 0. -275.913 0. 0. 1. 0.
-0.504 0.864 0. 371.519 -0.864 -0.504 0. -277.911 0. 0. 1. 0.
-0.492 0.871 0. 370.493 -0.871 -0.492 0. -279.946 0. 0. 1. 0.
-0.477 0.879 0. 369.473 -0.879 -0.477 0. -282.020 0. 0. 1. 0.
-0.468 0.884 0. 368.383 -0.884 -0.468 0. -284.041 0. 0. 1. 0.
-0.459 0.888 0. 367.332 -0.888 -0.459 0. -286.096 0. 0. 1. 0.
-0.451 0.892 0. 366.265 -0.892 -0.451 0. -288.157 0. 0. 1. 0.
-0.440 0.898 0. 365.213 -0.898 -0.440 0. -290.245 0. 0. 1. 0.
-0.432 0.902 0. 364.145 -0.902 -0.432 0. -292.334 0. 0. 1. 0.
-0.427 0.904 0. 363.169 -0.904 -0.427 0. -294.450 0. 0. 1. 0.
-0.419 0.908 0. 362.228 -0.908 -0.419 0. -296.552 0. 0. 1. 0.
-0.412 0.911 0. 361.336 -0.911 -0.412 0. -298.720 0. 0. 1. 0.
-0.401 0.916 0. 360.473 -0.916 -0.401 0. -300.870 0. 0. 1. 0.
-0.393 0.919 0. 359.553 -0.919 -0.393 0. -303.051 0. 0. 1. 0.
-0.384 0.923 0. 358.575 -0.923 -0.384 0. -305.157 0. 0. 1. 0.
-0.375 0.927 0. 357.691 -0.927 -0.375 0. -307.339 0. 0. 1. 0.
-0.363 0.932 0. 356.871 -0.932 -0.363 0. -309.457 0. 0. 1. 0.
-0.354 0.935 0. 356.120 -0.935 -0.354 0. -311.593 0. 0. 1. 0.
-0.339 0.941 0. 355.335 -0.941 -0.339 0. -313.716 0. 0. 1. 0.
-0.325 0.946 0. 354.537 -0.946 -0.325 0. -315.912 0. 0. 1. 0.
-0.308 0.951 0. 353.841 -0.951 -0.308 0. -318.060 0. 0. 1. 0.
-0.289 0.957 0. 353.199 -0.957 -0.289 0. -320.210 0. 0. 1. 0.
-0.270 0.963 0. 352.623 -0.963 -0.270 0. -322.331 0. 0. 1. 0.
-0.246 0.969 0. 352.051 -0.969 -0.246 0. -324.527 0. 0. 1. 0.
-0.221 0.975 0. 351.562 -0.975 -0.221 0. -326.718 0. 0. 1. 0.
-0.195 0.981 0. 351.067 -0.981 -0.195 0. -328.877 0. 0. 1. 0.
-0.174 0.985 0. 350.734 -0.985 -0.174 0. -331.079 0. 0. 1. 0.
-0.151 0.988 0. 350.390 -0.988 -0.151 0. -333.273 0. 0. 1. 0.
-0.129 0.992 0. 350.079 -0.992 -0.129 0. -335.489 0. 0. 1. 0.
-0.106 0.994 0. 349.899 -0.994 -0.106 0. -337.723 0. 0. 1. 0.
-0.090 0.996 0. 349.710 -0.996 -0.090 0. -339.919 0. 0. 1. 0.
-0.074 0.997 0. 349.545 -0.997 -0.074 0. -342.100 0. 0. 1. 0.
-0.063 0.998 0. 349.378 -0.998 -0.063 0. -344.345 0. 0. 1. 0.
-0.053 0.999 0. 349.278 -0.999 -0.053 0. -346.515 0. 0. 1. 0.
-0.046 0.999 0. 349.156 -0.999 -0.046 0. -348.697 0. 0. 1. 0.
-0.040 0.999 0. 349.076 -0.999 -0.040 0. -350.961 0. 0. 1. 0.
-0.042 0.999 0. 349.016 -0.999 -0.042 0. -353.119 0. 0. 1. 0.
-0.041 0.999 0. 348.935 -0.999 -0.041 0. -355.336 0. 0. 1. 0.
-0.046 0.999 0. 348.819 -0.999 -0.046 0. -357.588 0. 0. 1. 0.
-0.049 0.999 0. 348.774 -0.999 -0.049 0. -359.780 0. 0. 1. 0.
-0.051 0.999 0. 348.641 -0.999 -0.051 0. -361.992 0. 0. 1. 0.
-0.055 0.998 0. 348.546 -0.998 -0.055 0. -364.190 0. 0. 1. 0.
-0.060 0.998 0. 348.406 -0.998 -0.060 0. -366.411 0. 0. 1. 0.
-0.061 0.998 0. 348.291 -0.998 -0.061 0. -368.626 0. 0. 1. 0.
-0.067 0.998 0. 348.156 -0.998 -0.067 0. -370.840 0. 0. 1. 0.
-0.072 0.997 0. 348.019 -0.997 -0.072 0. -373.046 0. 0. 1. 0.
-0.078 0.997 0. 347.822 -0.997 -0.078 0. -375.249 0. 0. 1. 0.
-0.086 0.996 0. 347.609 -0.996 -0.086 0. -377.376 0. 0. 1. 0.
-0.093 0.996 0. 347.432 -0.996 -0.093 0. -379.550 0. 0. 1. 0.
-0.099 0.995 0. 347.187 -0.995 -0.099 0. -381.679 0. 0. 1. 0.
-0.104 0.995 0. 347.020 -0.995 -0.104 0. -383.775 0. 0. 1. 0.
-0.111 0.994 0. 346.773 -0.994 -0.111 0. -385.886 0. 0. 1. 0.
-0.118 0.993 0. 346.562 -0.993 -0.118 0. -387.956 0. 0. 1. 0.
-0.126 0.992 0. 346.342 -0.992 -0.126 0. -390.026 0. 0. 1. 0.
-0.143 0.990 0. 346.071 -0.990 -0.143 0. -392.087 0. 0. 1. 0.
-0.161 0.987 0. 345.748 -0.987 -0.161 0. -394.068 0. 0. 1. 0.
-0.179 0.984 0. 345.404 -0.984 -0.179 0. -396.067 0. 0. 1. 0.
-0.207 0.978 0. 345.056 -0.978 -0.207 0. -398.036 0. 0. 1. 0.
-0.232 0.973 0. 344.605 -0.973 -0.232 0. -399.931 0. 0. 1. 0.
-0.260 0.966 0. 344.120 -0.966 -0.260 0. -401.772 0. 0. 1. 0.
-0.291 0.957 0. 343.532 -0.957 -0.291 0. -403.521 0. 0. 1. 0.
-0.323 0.946 0. 342.948 -0.946 -0.323 0. -405.235 0. 0. 1. 0.
-0.360 0.933 0. 342.315 -0.933 -0.360 0. -406.900 0. 0. 1. 0.
-0.401 0.916 0. 341.549 -0.916 -0.401 0. -408.471 0. 0. 1. 0.
-0.444 0.896 0. 340.788 -0.896 -0.444 0. -410.031 0. 0. 1. 0.
-0.485 0.875 0. 339.846 -0.875 -0.485 0. -411.499 0. 0. 1. 0.
-0.521 0.854 0. 339.013 -0.854 -0.521 0. -412.913 0. 0. 1. 0.
-0.555 0.832 0. 338.035 -0.832 -0.555 0. -414.301 0. 0. 1. 0.
-0.586 0.811 0. 337.090 -0.811 -0.586 0. -415.613 0. 0. 1. 0.
-0.618 0.786 0. 336.111 -0.786 -0.618 0. -416.795 0. 0. 1. 0.
-0.650 0.760 0. 335.167 -0.760 -0.650 0. -417.872 0. 0. 1. 0.
-0.683 0.730 0. 334.178 -0.730 -0.683 0. -418.883 0. 0. 1. 0.
-0.711 0.703 0. 333.152 -0.703 -0.711 0. -419.757 0. 0. 1. 0.
-0.742 0.671 0. 332.269 -0.671 -0.742 0. -420.685 0. 0. 1. 0.
-0.769 0.639 0. 331.278 -0.639 -0.769 0. -421.485 0. 0. 1. 0.
-0.795 0.607 0. 330.217 -0.607 -0.795 0. -422.183 0. 0. 1. 0.
-0.822 0.570 0. 329.151 -0.570 -0.822 0. -422.885 0. 0. 1. 0.
-0.845 0.535 0. 328.109 -0.535 -0.845 0. -423.611 0. 0. 1. 0.
-0.866 0.500 0. 327.031 -0.500 -0.866 0. -424.140 0. 0. 1. 0.
-0.890 0.456 0. 325.986 -0.456 -0.890 0. -424.613 0. 0. 1. 0.
-0.913 0.408 0. 324.835 -0.408 -0.913 0. -425.106 0. 0. 1. 0.
-0.932 0.362 0. 323.591 -0.362 -0.932 0. -425.467 0. 0. 1. 0.
-0.950 0.312 0. 322.369 -0.312 -0.950 0. -425.863 0. 0. 1. 0.
-0.965 0.262 0. 321.122 -0.262 -0.965 0. -426.176 0. 0. 1. 0.
-0.977 0.212 0. 319.849 -0.212 -0.977 0. -426.401 0. 0. 1. 0.
-0.987 0.163 0. 318.568 -0.163 -0.987 0. -426.621 0. 0. 1. 0.
-0.993 0.117 0. 317.212 -0.117 -0.993 0. -426.753 0. 0. 1. 0.
-0.997 0.080 0. 315.844 -0.080 -0.997 0. -426.841 0. 0. 1. 0.
-0.998 0.055 0. 314.448 -0.055 -0.998 0. -426.876 0. 0. 1. 0.
-0.999 0.037 0. 313.029 -0.037 -0.999 0. -426.924 0. 0. 1. 0.
-1.000 0.020 0. 311.524 -0.020 -1.000 0. -426.964 0. 0. 1. 0.
-1. 0.009 0. 310.050 -0.009 -1. 0. -426.978 0. 0. 1. 0.
-1. 0.001 0. 308.550 -0.001 -1. 0. -427.013 0. 0. 1. 0.
-1. -0.007 0. 307.009 0.007 -1. 0. -426.941 0. 0. 1. 0.
-1. -0.008 0. 305.421 0.008 -1. 0. -427.001 0. 0. 1. 0.
-1. -0.005 0. 303.794 0.005 -1. 0. -426.951 0. 0. 1. 0.
-1. -0.004 0. 302.166 0.004 -1. 0. -426.961 0. 0. 1. 0.
-1. -0.003 0. 300.563 0.003 -1. 0. -426.970 0. 0. 1. 0.
-1. -0.002 0. 298.874 0.002 -1. 0. -427.023 0. 0. 1. 0.
-1. -0.000 0. 297.184 0.000 -1. 0. -426.985 0. 0. 1. 0.
-1. 0.001 0. 295.474 -0.001 -1. 0. -427.035 0. 0. 1. 0.
-1. -0.000 0. 293.747 0.000 -1. 0. -427.047 0. 0. 1. 0.
-1. 0.002 0. 291.989 -0.002 -1. 0. -427.033 0. 0. 1. 0.
-1. 0.001 0. 290.216 -0.001 -1. 0. -427.097 0. 0. 1. 0.
-1. 0.004 0. 288.457 -0.004 -1. 0. -427.032 0. 0. 1. 0.
-1. 0.004 0. 286.610 -0.004 -1. 0. -427.109 0. 0. 1. 0.
-1. 0.005 0. 284.763 -0.005 -1. 0. -427.076 0. 0. 1. 0.
-1. 0.006 0. 282.871 -0.006 -1. 0. -427.089 0. 0. 1. 0.
-1. 0.006 0. 280.976 -0.006 -1. 0. -427.151 0. 0. 1. 0.
-1. 0.006 0. 279.030 -0.006 -1. 0. -427.146 0. 0. 1. 0.
-1. 0.007 0. 277.085 -0.007 -1. 0. -427.110 0. 0. 1. 0.
-1. 0.004 0. 275.099 -0.004 -1. 0. -427.127 0. 0. 1. 0.
-1. -0.001 0. 273.119 0.001 -1. 0. -427.137 0. 0. 1. 0.
-1. -0.005 0. 271.093 0.005 -1. 0. -427.110 0. 0. 1. 0.
-1. -0.006 0. 269.070 0.006 -1. 0. -427.148 0. 0. 1. 0.
-1. -0.011 0. 266.952 0.011 -1. 0. -427.120 0. 0. 1. 0.
-1. -0.013 0. 264.858 0.013 -1. 0. -427.159 0. 0. 1. 0.
-1. -0.014 0. 262.725 0.014 -1. 0. -427.091 0. 0. 1. 0.
-1. -0.012 0. 260.620 0.012 -1. 0. -427.140 0. 0. 1. 0.
-1. -0.013 0. 258.464 0.013 -1. 0. -427.105 0. 0. 1. 0.
-1. -0.011 0. 256.314 0.011 -1. 0. -427.067 0. 0. 1. 0.
-1. -0.010 0. 254.239 0.010 -1. 0. -427.076 0. 0. 1. 0.
-1. -0.010 0. 252.119 0.010 -1. 0. -427.064 0. 0. 1. 0.
-1. -0.011 0. 250.029 0.011 -1. 0. -426.997 0. 0. 1. 0.
-1. -0.009 0. 247.993 0.009 -1. 0. -427.033 0. 0. 1. 0.
-1. -0.005 0. 245.950 0.005 -1. 0. -427.024 0. 0. 1. 0.
-1. 0.000 0. 243.933 -0.000 -1. 0. -427.066 0. 0. 1. 0.
-1. 0.002 0. 241.902 -0.002 -1. 0. -427.133 0. 0. 1. 0.
-1. 0.005 0. 239.891 -0.005 -1. 0. -427.081 0. 0. 1. 0.
-1. 0.008 0. 237.861 -0.008 -1. 0. -427.101 0. 0. 1. 0.
-1. 0.009 0. 235.863 -0.009 -1. 0. -427.104 0. 0. 1. 0.
-1. 0.006 0. 233.809 -0.006 -1. 0. -427.102 0. 0. 1. 0.
-1. 0.005 0. 231.826 -0.005 -1. 0. -427.144 0. 0. 1. 0.
-1. 0.005 0. 229.817 -0.005 -1. 0. -427.185 0. 0. 1. 0.
-1. 0.004 0. 227.779 -0.004 -1. 0. -427.225 0. 0. 1. 0.
-1. 0.003 0. 225.720 -0.003 -1. 0. -427.203 0. 0. 1. 0.
-1. 0.003 0. 223.710 -0.003 -1. 0. -427.161 0. 0. 1. 0.
-1. 0.003 0. 221.706 -0.003 -1. 0. -427.270 0. 0. 1. 0.
-1. 0.000 0. 219.729 -0.000 -1. 0. -427.252 0. 0. 1. 0.
-1. -0.001 0. 217.775 0.001 -1. 0. -427.267 0. 0. 1. 0.
-1. -0.001 0. 215.837 0.001 -1. 0. -427.290 0. 0. 1. 0.
-1. -0.000 0. 213.915 0.000 -1. 0. -427.344 0. 0. 1. 0.
-1. -0.004 0. 212.090 0.004 -1. 0. -427.359 0. 0. 1. 0.
-1. -0.007 0. 210.331 0.007 -1. 0. -427.315 0. 0. 1. 0.
-1. -0.008 0. 208.583 0.008 -1. 0. -427.268 0. 0. 1. 0.
-1. -0.010 0. 206.913 0.010 -1. 0. -427.301 0. 0. 1. 0.
-1. -0.011 0. 205.243 0.011 -1. 0. -427.302 0. 0. 1. 0.
-1. -0.012 0. 203.622 0.012 -1. 0. -427.230 0. 0. 1. 0.
-1. -0.010 0. 201.967 0.010 -1. 0. -427.246 0. 0. 1. 0.
-1. -0.005 0. 200.361 0.005 -1. 0. -427.296 0. 0. 1. 0.
-1. -0.000 0. 198.720 0.000 -1. 0. -427.246 0. 0. 1. 0.
