1. 0. 0. 0. 0. -1. -0. 0. 0. 0. -1. 0.
1. -0.000 -0. 0.001 -0.000 -1. -0. -0.005 0. 0. -1. 0.
1. -0.000 -0. -0.000 -0.000 -1. -0. 0.001 0. 0. -1. 0.
1. -0.000 -0. 0.008 -0.000 -1. -0. -0.007 0. 0. -1. 0.
1. 0. 0. -0.001 0. -1. -0. 0.002 0. 0. -1. 0.
1. -0.000 -0. 0.003 -0.000 -1. -0. -0.005 0. 0. -1. 0.
1. -0.000 -0. -0. -0.000 -1. -0. -0.001 0. 0. -1. 0.
1. -0.000 -0. -0.002 -0.000 -1. -0. -0.007 0. 0. -1. 0.
1. -0.000 -0. -0.006 -0.000 -1. -0. -0.008 0. 0. -1. 0.
1. -0.000 -0. -0.003 -0.000 -1. -0. -0.006 0. 0. -1. 0.
1. -0. -0. -0.004 -0. -1. -0. -0.006 0. 0. -1. 0.
1. -0. -0. -0.001 -0. -1. -0. 0.000 0. 0. -1. 0.
1. 0.000 0. 0.004 0.000 -1. -0. -0.004 0. 0. -1. 0.
1. 0.000 0. -0.002 0.000 -1. -0. -0.001 0. 0. -1. 0.
1. -0.000 -0. -0.001 -0.000 -1. -0. -0.003 0. 0. -1. 0.
1. 0. 0. -0.000 0. -1. -0. -0.005 0. 0. -1. 0.
1. 0.000 0. 0.013 0.000 -1. -0. -0.009 0. 0. -1. 0.
1. -0.001 -0. 0.061 -0.001 -1. -0. -0.030 0. 0. -1. 0.
1. -0.002 -0. 0.174 -0.002 -1. -0. -0.039 0. 0. -1. 0.
1. -0.006 -0. 0.261 -0.006 -1. -0. -0.001 0. 0. -1. 0.
1.000 -0.016 -0. 0.406 -0.016 -1.000 -0. -0.072 0. 0. -1. 0.
1.000 -0.030 -0. 0.634 -0.030 -1.000 -0. -0.021 0. 0. -1. 0.
0.999 -0.046 -0. 0.907 -0.046 -0.999 -0. -0.057 0. 0. -1. 0.
0.998 -0.066 -0. 1.342 -0.066 -0.998 -0. -0.097 0. 0. -1. 0.
0.996 -0.089 -0. 1.761 -0.089 -0.996 -0. -0.206 0. 0. -1. 0.
0.994 -0.110 -0. 2.272 -0.110 -0.994 -0. -0.205 0. 0. -1. 0.
0.992 -0.130 -0. 2.866 -0.130 -0.992 -0. -0.360 0. 0. -1. 0.
0.990 -0.142 -0. 3.515 -0.142 -0.990 -0. -0.475 0. 0. -1. 0.
0.990 -0.144 -0. 4.245 -0.144 -0.990 -0. -0.561 0. 0. -1. 0.
0.991 -0.136 -0. 5.114 -0.136 -0.991 -0. -0.751 0. 0. -1. 0.
0.993 -0.121 -0. 6.021 -0.121 -0.993 -0. -0.860 0. 0. -1. 0.
0.994 -0.107 -0. 6.944 -0.107 -0.994 -0. -0.930 0. 0. -1. 0.
0.995 -0.095 -0. 7.967 -0.095 -0.995 -0. -1.051 0. 0. -1. 0.
0.996 -0.086 -0. 9.049 -0.086 -0.996 -0. -1.137 0. 0. -1. 0.
0.997 -0.079 -0. 10.182 -0.079 -0.997 -0. -1.259 0. 0. -1. 0.
0.997 -0.071 -0. 11.361 -0.071 -0.997 -0. -1.342 0. 0. -1. 0.
0.998 -0.069 -0. 12.509 -0.069 -0.998 -0. -1.459 0. 0. -1. 0.
0.998 -0.069 -0. 13.768 -0.069 -0.998 -0. -1.546 0. 0. -1. 0.
0.997 -0.072 -0. 15.037 -0.072 -0.997 -0. -1.661 0. 0. -1. 0.
0.997 -0.075 -0. 16.331 -0.075 -0.997 -0. -1.781 0. 0. -1. 0.
0.997 -0.075 -0. 17.730 -0.075 -0.997 -0. -1.881 0. 0. -1. 0.
0.997 -0.075 -0. 19.204 -0.075 -0.997 -0. -2.073 0. 0. -1. 0.
0.997 -0.073 -0. 20.799 -0.073 -0.997 -0. -2.125 0. 0. -1. 0.
0.998 -0.066 -0. 22.373 -0.066 -0.998 -0. -2.306 0. 0. -1. 0.
0.998 -0.060 -0. 24.050 -0.060 -0.998 -0. -2.453 0. 0. -1. 0.
0.999 -0.051 -0. 25.765 -0.051 -0.999 -0. -2.540 0. 0. -1. 0.
0.999 -0.042 -0. 27.467 -0.042 -0.999 -0. -2.693 0. 0. -1. 0.
0.999 -0.035 -0. 29.202 -0.035 -0.999 -0. -2.727 0. 0. -1. 0.
1.000 -0.030 -0. 30.935 -0.030 -1.000 -0. -2.848 0. 0. -1. 0.
1.000 -0.022 -0. 32.635 -0.022 -1.000 -0. -2.950 0. 0. -1. 0.
1.000 -0.018 -0. 34.438 -0.018 -1.000 -0. -3.043 0. 0. -1. 0.
1.000 -0.015 -0. 36.189 -0.015 -1.000 -0. -2.997 0. 0. -1. 0.
1.000 -0.015 -0. 38.015 -0.015 -1.000 -0. -3.078 0. 0. -1. 0.
1. -0.013 -0. 39.831 -0.013 -1. -0. -3.187 0. 0. -1. 0.
1. -0.007 -0. 41.697 -0.007 -1. -0. -3.186 0. 0. -1. 0.
1. 0.008 0. 43.631 0.008 -1. -0. -3.138 0. 0. -1. 0.
1.000 0.023 0. 45.611 0.023 -1.000 -0. -3.167 0. 0. -1. 0.
0.999 0.038 0. 47.605 0.038 -0.999 -0. -3.167 0. 0. -1. 0.
0.999 0.051 0. 49.727 0.051 -0.999 -0. -3.134 0. 0. -1. 0.
0.998 0.057 0. 51.788 0.057 -0.998 -0. -2.955 0. 0. -1. 0.
0.998 0.062 0. 53.872 0.062 -0.998 -0. -2.831 0. 0. -1. 0.
0.998 0.068 0. 55.931 0.068 -0.998 -0. -2.744 0. 0. -1. 0.
0.997 0.073 0. 58.089 0.073 -0.997 -0. -2.654 0. 0. -1. 0.
0.997 0.075 0. 60.238 0.075 -0.997 -0. -2.559 0. 0. -1. 0.
0.997 0.080 0. 62.299 0.080 -0.997 -0. -2.405 0. 0. -1. 0.
0.997 0.083 0. 64.406 0.083 -0.997 -0. -2.216 0. 0. -1. 0.
0.996 0.084 0. 66.510 0.084 -0.996 -0. -2.062 0. 0. -1. 0.
0.996 0.084 0. 68.541 0.084 -0.996 -0. -1.969 0. 0. -1. 0.
0.997 0.083 0. 70.663 0.083 -0.997 -0. -1.749 0. 0. -1. 0.
0.997 0.077 0. 72.713 0.077 -0.997 -0. -1.572 0. 0. -1. 0.
0.998 0.068 0. 74.779 0.068 -0.998 -0. -1.459 0. 0. -1. 0.
0.999 0.051 0. 76.824 0.051 -0.999 -0. -1.378 0. 0. -1. 0.
1.000 0.028 0. 78.900 0.028 -1.000 -0. -1.329 0. 0. -1. 0.
1. 0.005 0. 80.925 0.005 -1. -0. -1.329 0. 0. -1. 0.
1.000 -0.024 -0. 82.954 -0.024 -1.000 -0. -1.361 0. 0. -1. 0.
0.998 -0.060 -0. 84.966 -0.060 -0.998 -0. -1.489 0. 0. -1. 0.
0.995 -0.099 -0. 86.958 -0.099 -0.995 -0. -1.682 0. 0. -1. 0.
0.990 -0.141 -0. 88.991 -0.141 -0.990 -0. -1.958 0. 0. -1. 0.
0.980 -0.197 -0. 90.931 -0.197 -0.980 -0. -2.330 0. 0. -1. 0.
0.967 -0.254 -0. 92.825 -0.254 -0.967 -0. -2.850 0. 0. -1. 0.
0.951 -0.309 -0. 94.645 -0.309 -0.951 -0. -3.487 0. 0. -1. 0.
0.933 -0.360 -0. 96.499 -0.360 -0.933 -0. -4.181 0. 0. -1. 0.
0.912 -0.410 -0. 98.276 -0.410 -0.912 -0. -4.967 0. 0. -1. 0.
0.888 -0.460 -0. 99.962 -0.460 -0.888 -0. -5.779 0. 0. -1. 0.
0.858 -0.513 -0. 101.657 -0.513 -0.858 -0. -6.794 0. 0. -1. 0.
0.821 -0.571 -0. 103.324 -0.571 -0.821 -0. -7.866 0. 0. -1. 0.
0.773 -0.634 -0. 104.736 -0.634 -0.773 -0. -9.065 0. 0. -1. 0.
0.719 -0.695 -0. 106.054 -0.695 -0.719 -0. -10.294 0. 0. -1. 0.
0.660 -0.751 -0. 107.294 -0.751 -0.660 -0. -11.719 0. 0. -1. 0.
0.600 -0.800 -0. 108.398 -0.800 -0.600 -0. -13.126 0. 0. -1. 0.
0.549 -0.836 -0. 109.345 -0.836 -0.549 -0. -14.567 0. 0. -1. 0.
0.498 -0.867 -0. 110.199 -0.867 -0.498 -0. -16.150 0. 0. -1. 0.
0.459 -0.888 -0. 110.993 -0.888 -0.459 -0. -17.808 0. 0. -1. 0.
0.433 -0.902 -0. 111.749 -0.902 -0.433 -0. -19.539 0. 0. -1. 0.
0.419 -0.908 -0. 112.511 -0.908 -0.419 -0. -21.311 0. 0. -1. 0.
0.412 -0.911 -0. 113.377 -0.911 -0.412 -0. -23.075 0. 0. -1. 0.
0.407 -0.914 -0. 114.137 -0.914 -0.407 -0. -24.895 0. 0. -1. 0.
0.406 -0.914 -0. 115.031 -0.914 -0.406 -0. -26.721 0. 0. -1. 0.
0.410 -0.912 -0. 115.849 -0.912 -0.410 -0. -28.564 0. 0. -1. 0.
0.412 -0.911 -0. 116.641 -0.911 -0.412 -0. -30.365 0. 0. -1. 0.
0.420 -0.908 -0. 117.485 -0.908 -0.420 -0. -32.279 0. 0. -1. 0.
0.428 -0.904 -0. 118.300 -0.904 -0.428 -0. -34.111 0. 0. -1. 0.
0.437 -0.900 -0. 119.175 -0.900 -0.437 -0. -35.904 0. 0. -1. 0.
0.446 -0.895 -0. 119.956 -0.895 -0.446 -0. -37.654 0. 0. -1. 0.
0.457 -0.889 -0. 120.817 -0.889 -0.457 -0. -39.368 0. 0. -1. 0.
0.472 -0.882 -0. 121.696 -0.882 -0.472 -0. -41.119 0. 0. -1. 0.
0.489 -0.872 -0. 122.545 -0.872 -0.489 -0. -42.801 0. 0. -1. 0.
0.507 -0.862 -0. 123.433 -0.862 -0.507 -0. -44.449 0. 0. -1. 0.
0.531 -0.848 -0. 124.474 -0.848 -0.531 -0. -46.113 0. 0. -1. 0.
0.558 -0.830 -0. 125.428 -0.830 -0.558 -0. -47.654 0. 0. -1. 0.
0.587 -0.810 -0. 126.468 -0.810 -0.587 -0. -49.215 0. 0. -1. 0.
0.617 -0.787 -0. 127.636 -0.787 -0.617 -0. -50.702 0. 0. -1. 0.
0.643 -0.766 -0. 128.799 -0.766 -0.643 -0. -52.182 0. 0. -1. 0.
0.669 -0.744 -0. 129.967 -0.744 -0.669 -0. -53.542 0. 0. -1. 0.
0.689 -0.724 -0. 131.370 -0.724 -0.689 -0. -54.986 0. 0. -1. 0.
0.706 -0.709 -0. 132.658 -0.709 -0.706 -0. -56.361 0. 0. -1. 0.
0.712 -0.702 -0. 134.012 -0.702 -0.712 -0. -57.634 0. 0. -1. 0.
0.706 -0.708 -0. 135.314 -0.708 -0.706 -0. -59.027 0. 0. -1. 0.
0.692 -0.722 -0. 136.440 -0.722 -0.692 -0. -60.235 0. 0. -1. 0.
0.674 -0.738 -0. 137.520 -0.738 -0.674 -0. -61.428 0. 0. -1. 0.
0.661 -0.751 -0. 138.550 -0.751 -0.661 -0. -62.548 0. 0. -1. 0.
0.658 -0.753 -0. 139.555 -0.753 -0.658 -0. -63.597 0. 0. -1. 0.
0.675 -0.738 -0. 140.408 -0.738 -0.675 -0. -64.704 0. 0. -1. 0.
0.714 -0.700 -0. 141.339 -0.700 -0.714 -0. -65.585 0. 0. -1. 0.
0.768 -0.640 -0. 142.295 -0.640 -0.768 -0. -66.440 0. 0. -1. 0.
0.829 -0.559 -0. 143.251 -0.559 -0.829 -0. -67.136 0. 0. -1. 0.
0.890 -0.456 -0. 144.211 -0.456 -0.890 -0. -67.646 0. 0. -1. 0.
0.944 -0.330 -0. 145.251 -0.330 -0.944 -0. -68.049 0. 0. -1. 0.
0.984 -0.178 -0. 146.283 -0.178 -0.984 -0. -68.241 0. 0. -1. 0.
1. -0.006 -0. 147.345 -0.006 -1. -0. -68.310 0. 0. -1. 0.
0.984 0.177 0. 148.344 0.177 -0.984 -0. -68.072 0. 0. -1. 0.
0.932 0.362 0. 149.215 0.362 -0.932 -0. -67.682 0. 0. -1. 0.
0.841 0.542 0. 150.037 0.542 -0.841 -0. -67.139 0. 0. -1. 0.
0.714 0.700 0. 150.623 0.700 -0.714 -0. -66.514 0. 0. -1. 0.
0.557 0.830 0. 151.126 0.830 -0.557 -0. -65.688 0. 0. -1. 0.
0.379 0.925 0. 151.392 0.925 -0.379 -0. -64.883 0. 0. -1. 0.
0.185 0.983 0. 151.516 0.983 -0.185 -0. -63.943 0. 0. -1. 0.
-0.023 1.000 0. 151.559 1.000 0.023 0. -63.088 0. 0. -1. 0.
-0.234 0.972 0. 151.262 0.972 0.234 0. -62.169 0. 0. -1. 0.
-0.444 0.896 0. 150.737 0.896 0.444 0. -61.247 0. 0. -1. 0.
-0.625 0.780 0. 150.061 0.780 0.625 0. -60.406 0. 0. -1. 0.
-0.770 0.638 0. 149.086 0.638 0.770 0. -59.596 0. 0. -1. 0.
-0.868 0.497 0. 148.041 0.497 0.868 0. -59.000 0. 0. -1. 0.
-0.927 0.375 0. 146.770 0.375 0.927 0. -58.485 0. 0. -1. 0.
-0.957 0.291 0. 145.406 0.291 0.957 0. -58.069 0. 0. -1. 0.
-0.969 0.249 0. 143.919 0.249 0.969 0. -57.691 0. 0. -1. 0.
-0.969 0.248 0. 142.344 0.248 0.969 0. -57.298 0. 0. -1. 0.
-0.957 0.290 0. 140.916 0.290 0.957 0. -56.889 0. 0. -1. 0.
-0.938 0.347 0. 139.561 0.347 0.938 0. -56.464 0. 0. -1. 0.
-0.914 0.406 0. 138.102 0.406 0.914 0. -55.854 0. 0. -1. 0.
-0.888 0.460 0. 136.683 0.460 0.888 0. -55.144 0. 0. -1. 0.
-0.860 0.511 0. 135.303 0.511 0.860 0. -54.269 0. 0. -1. 0.
-0.829 0.560 0. 133.862 0.560 0.829 0. -53.260 0. 0. -1. 0.
-0.796 0.605 0. 132.448 0.605 0.796 0. -52.168 0. 0. -1. 0.
-0.764 0.645 0. 131.084 0.645 0.764 0. -50.996 0. 0. -1. 0.
-0.730 0.683 0. 129.682 0.683 0.730 0. -49.690 0. 0. -1. 0.
-0.694 0.720 0. 128.332 0.720 0.694 0. -48.284 0. 0. -1. 0.
-0.656 0.755 0. 127.001 0.755 0.656 0. -46.749 0. 0. -1. 0.
-0.614 0.789 0. 125.772 0.789 0.614 0. -45.159 0. 0. -1. 0.
-0.572 0.821 0. 124.607 0.821 0.572 0. -43.458 0. 0. -1. 0.
-0.530 0.848 0. 123.510 0.848 0.530 0. -41.804 0. 0. -1. 0.
-0.488 0.873 0. 122.568 0.873 0.488 0. -40.047 0. 0. -1. 0.
-0.453 0.891 0. 121.571 0.891 0.453 0. -38.201 0. 0. -1. 0.
-0.424 0.905 0. 120.788 0.905 0.424 0. -36.426 0. 0. -1. 0.
-0.402 0.915 0. 119.996 0.915 0.402 0. -34.588 0. 0. -1. 0.
-0.389 0.921 0. 119.239 0.921 0.389 0. -32.688 0. 0. -1. 0.
-0.374 0.927 0. 118.505 0.927 0.374 0. -30.857 0. 0. -1. 0.
-0.367 0.930 0. 117.802 0.930 0.367 0. -28.977 0. 0. -1. 0.
-0.360 0.933 0. 117.186 0.933 0.360 0. -27.089 0. 0. -1. 0.
-0.364 0.931 0. 116.354 0.931 0.364 0. -25.256 0. 0. -1. 0.
-0.371 0.929 0. 115.717 0.929 0.371 0. -23.392 0. 0. -1. 0.
-0.389 0.921 0. 114.915 0.921 0.389 0. -21.534 0. 0. -1. 0.
-0.417 0.909 0. 114.228 0.909 0.417 0. -19.665 0. 0. -1. 0.
-0.452 0.892 0. 113.332 0.892 0.452 0. -17.832 0. 0. -1. 0.
-0.492 0.871 0. 112.489 0.871 0.492 0. -16.051 0. 0. -1. 0.
-0.541 0.841 0. 111.437 0.841 0.541 0. -14.298 0. 0. -1. 0.
-0.588 0.809 0. 110.332 0.809 0.588 0. -12.759 0. 0. -1. 0.
-0.639 0.769 0. 109.155 0.769 0.639 0. -11.284 0. 0. -1. 0.
-0.695 0.719 0. 107.793 0.719 0.695 0. -9.783 0. 0. -1. 0.
-0.749 0.662 0. 106.310 0.662 0.749 0. -8.361 0. 0. -1. 0.
-0.797 0.604 0. 104.795 0.604 0.797 0. -7.090 0. 0. -1. 0.
-0.840 0.542 0. 103.160 0.542 0.840 0. -6.060 0. 0. -1. 0.
-0.877 0.481 0. 101.324 0.481 0.877 0. -5.009 0. 0. -1. 0.
-0.909 0.416 0. 99.483 0.416 0.909 0. -4.140 0. 0. -1. 0.
-0.935 0.355 0. 97.625 0.355 0.935 0. -3.281 0. 0. -1. 0.
-0.956 0.293 0. 95.648 0.293 0.956 0. -2.646 0. 0. -1. 0.
-0.973 0.232 0. 93.672 0.232 0.973 0. -2.179 0. 0. -1. 0.
-0.985 0.173 0. 91.602 0.173 0.985 0. -1.817 0. 0. -1. 0.
-0.993 0.119 0. 89.560 0.119 0.993 0. -1.480 0. 0. -1. 0.
-0.997 0.076 0. 87.480 0.076 0.997 0. -1.310 0. 0. -1. 0.
-1.000 0.031 0. 85.406 0.031 1.000 0. -1.221 0. 0. -1. 0.
-1. 0.002 0. 83.213 0.002 1. 0. -1.207 0. 0. -1. 0.
-1.000 -0.021 -0. 81.086 -0.021 1.000 0. -1.224 0. 0. -1. 0.
-0.999 -0.035 -0. 78.949 -0.035 0.999 0. -1.363 0. 0. -1. 0.
-0.999 -0.040 -0. 76.833 -0.040 0.999 0. -1.464 0. 0. -1. 0.
-0.999 -0.046 -0. 74.600 -0.046 0.999 0. -1.556 0. 0. -1. 0.
-0.999 -0.046 -0. 72.389 -0.046 0.999 0. -1.607 0. 0. -1. 0.
-0.999 -0.046 -0. 70.203 -0.046 0.999 0. -1.670 0. 0. -1. 0.
-0.999 -0.042 -0. 68.038 -0.042 0.999 0. -1.764 0. 0. -1. 0.
-0.999 -0.044 -0. 65.904 -0.044 0.999 0. -1.822 0. 0. -1. 0.
-0.999 -0.042 -0. 63.729 -0.042 0.999 0. -1.908 0. 0. -1. 0.
-0.999 -0.040 -0. 61.589 -0.040 0.999 0. -1.959 0. 0. -1. 0.
-0.999 -0.039 -0. 59.430 -0.039 0.999 0. -1.992 0. 0. -1. 0.
-0.999 -0.038 -0. 57.283 -0.038 0.999 0. -2.009 0. 0. -1. 0.
-0.999 -0.040 -0. 55.212 -0.040 0.999 0. -2.063 0. 0. -1. 0.
-0.999 -0.043 -0. 53.126 -0.043 0.999 0. -2.177 0. 0. -1. 0.
-0.999 -0.044 -0. 51.024 -0.044 0.999 0. -2.158 0. 0. -1. 0.
-0.999 -0.047 -0. 48.981 -0.047 0.999 0. -2.295 0. 0. -1. 0.
-0.999 -0.049 -0. 46.946 -0.049 0.999 0. -2.341 0. 0. -1. 0.
-0.999 -0.052 -0. 44.931 -0.052 0.999 0. -2.406 0. 0. -1. 0.
-0.999 -0.043 -0. 42.892 -0.043 0.999 0. -2.553 0. 0. -1. 0.
-1.000 -0.030 -0. 40.912 -0.030 1.000 0. -2.522 0. 0. -1. 0.
-1. -0.014 -0. 38.956 -0.014 1. 0. -2.638 0. 0. -1. 0.
-1. -0.003 -0. 36.960 -0.003 1. 0. -2.562 0. 0. -1. 0.
-1. 0.008 0. 34.950 0.008 1. 0. -2.517 0. 0. -1. 0.
-1.000 0.020 0. 33.036 0.020 1.000 0. -2.422 0. 0. -1. 0.
-1.000 0.027 0. 31.037 0.027 1.000 0. -2.405 0. 0. -1. 0.
-0.999 0.035 0. 29.119 0.035 0.999 0. -2.228 0. 0. -1. 0.
-0.999 0.043 0. 27.135 0.043 0.999 0. -2.144 0. 0. -1. 0.
-0.999 0.045 0. 25.203 0.045 0.999 0. -2.034 0. 0. -1. 0.
-0.999 0.048 0. 23.276 0.048 0.999 0. -1.943 0. 0. -1. 0.
-0.999 0.049 0. 21.310 0.049 0.999 0. -1.843 0. 0. -1. 0.
-0.999 0.050 0. 19.367 0.050 0.999 0. -1.700 0. 0. -1. 0.
-0.999 0.051 0. 17.432 0.051 0.999 0. -1.633 0. 0. -1. 0.
-0.999 0.052 0. 15.563 0.052 0.999 0. -1.519 0. 0. -1. 0.
-0.998 0.058 0. 13.589 0.058 0.998 0. -1.414 0. 0. -1. 0.
-0.998 0.061 0. 11.651 0.061 0.998 0. -1.288 0. 0. -1. 0.
-0.998 0.065 0. 9.767 0.065 0.998 0. -1.163 0. 0. -1. 0.
-0.998 0.070 0. 7.857 0.070 0.998 0. -0.998 0. 0. -1. 0.
-0.998 0.070 0. 5.935 0.070 0.998 0. -0.868 0. 0. -1. 0.
-0.997 0.073 0. 4.047 0.073 0.997 0. -0.667 0. 0. -1. 0.
-0.997 0.074 0. 2.134 0.074 0.997 0. -0.473 0. 0. -1. 0.
-0.997 0.071 0. 0.245 0.071 0.997 0. -0.343 0. 0. -1. 0.
-0.998 0.067 0. -1.669 0.067 0.998 0. -0.139 0. 0. -1. 0.
-0.998 0.061 0. -3.533 0.061 0.998 0. -0.057 0. 0. -1. 0.
-0.998 0.058 0. -5.424 0.058 0.998 0. 0.062 0. 0. -1. 0.
-0.999 0.049 0. -7.368 0.049 0.999 0. 0.249 0. 0. -1. 0.
-0.999 0.046 0. -9.225 0.046 0.999 0. 0.275 0. 0. -1. 0.
-0.999 0.041 0. -11.147 0.041 0.999 0. 0.486 0. 0. -1. 0.
-0.999 0.038 0. -13.074 0.038 0.999 0. 0.531 0. 0. -1. 0.
-0.999 0.040 0. -14.884 0.040 0.999 0. 0.603 0. 0. -1. 0.
-0.999 0.033 0. -16.820 0.033 0.999 0. 0.670 0. 0. -1. 0.
-1.000 0.026 0. -18.686 0.026 1.000 0. 0.874 0. 0. -1. 0.
-1.000 0.019 0. -20.624 0.019 1.000 0. 0.871 0. 0. -1. 0.
-1. 0.011 0. -22.454 0.011 1. 0. 0.957 0. 0. -1. 0.
-1. 0.005 0. -24.427 0.005 1. 0. 0.960 0. 0. -1. 0.
-1. -0.003 -0. -26.248 -0.003 1. 0. 1.016 0. 0. -1. 0.
-1. -0.004 -0. -28.304 -0.004 1. 0. 0.938 0. 0. -1. 0.
-1. -0.005 -0. -30.238 -0.005 1. 0. 0.960 0. 0. -1. 0.
-1. -0.003 -0. -32.321 -0.003 1. 0. 0.919 0. 0. -1. 0.
-1. -0.006 -0. -34.390 -0.006 1. 0. 0.910 0. 0. -1. 0.
-1. -0.004 -0. -36.504 -0.004 1. 0. 0.941 0. 0. -1. 0.
-1. -0.006 -0. -38.633 -0.006 1. 0. 0.964 0. 0. -1. 0.
-1. -0.006 -0. -40.824 -0.006 1. 0. 0.937 0. 0. -1. 0.
-1. -0.010 -0. -42.923 -0.010 1. 0. 0.906 0. 0. -1. 0.
-1.000 -0.017 -0. -45.052 -0.017 1.000 0. 0.944 0. 0. -1. 0.
-1.000 -0.023 -0. -47.162 -0.023 1.000 0. 0.889 0. 0. -1. 0.
-1.000 -0.027 -0. -49.246 -0.027 1.000 0. 0.854 0. 0. -1. 0.
-0.999 -0.034 -0. -51.282 -0.034 0.999 0. 0.854 0. 0. -1. 0.
-0.999 -0.038 -0. -53.354 -0.038 0.999 0. 0.739 0. 0. -1. 0.
-0.999 -0.041 -0. -55.303 -0.041 0.999 0. 0.612 0. 0. -1. 0.
-0.999 -0.036 -0. -57.177 -0.036 0.999 0. 0.593 0. 0. -1. 0.
-1.000 -0.026 -0. -58.942 -0.026 1.000 0. 0.545 0. 0. -1. 0.
-1. -0.003 -0. -60.557 -0.003 1. 0. 0.539 0. 0. -1. 0.
-0.999 0.032 0. -62.124 0.032 0.999 0. 0.571 0. 0. -1. 0.
-0.997 0.083 0. -63.594 0.083 0.997 0. 0.738 0. 0. -1. 0.
-0.989 0.146 0. -64.892 0.146 0.989 0. 0.895 0. 0. -1. 0.
-0.974 0.228 0. -66.060 0.228 0.974 0. 1.238 0. 0. -1. 0.
-0.946 0.323 0. -67.126 0.323 0.946 0. 1.587 0. 0. -1. 0.
-0.903 0.429 0. -68.051 0.429 0.903 0. 2.116 0. 0. -1. 0.
-0.841 0.541 0. -68.876 0.541 0.841 0. 2.663 0. 0. -1. 0.
-0.758 0.652 0. -69.684 0.652 0.758 0. 3.353 0. 0. -1. 0.
-0.661 0.750 0. -70.282 0.750 0.661 0. 4.163 0. 0. -1. 0.
-0.559 0.829 0. -70.835 0.829 0.559 0. 4.996 0. 0. -1. 0.
-0.458 0.889 0. -71.274 0.889 0.458 0. 5.928 0. 0. -1. 0.
-0.360 0.933 0. -71.689 0.933 0.360 0. 6.950 0. 0. -1. 0.
-0.272 0.962 0. -71.965 0.962 0.272 0. 8.009 0. 0. -1. 0.
-0.206 0.979 0. -72.190 0.979 0.206 0. 9.149 0. 0. -1. 0.
-0.162 0.987 0. -72.433 0.987 0.162 0. 10.450 0. 0. -1. 0.
-0.137 0.991 0. -72.511 0.991 0.137 0. 11.755 0. 0. -1. 0.
-0.115 0.993 0. -72.759 0.993 0.115 0. 13.309 0. 0. -1. 0.
-0.098 0.995 0. -72.806 0.995 0.098 0. 14.839 0. 0. -1. 0.
-0.080 0.997 0. -72.846 0.997 0.080 0. 16.454 0. 0. -1. 0.
-0.064 0.998 0. -73.045 0.998 0.064 0. 18.161 0. 0. -1. 0.
-0.054 0.999 0. -73.019 0.999 0.054 0. 19.889 0. 0. -1. 0.
-0.044 0.999 0. -73.050 0.999 0.044 0. 21.643 0. 0. -1. 0.
-0.033 0.999 0. -73.046 0.999 0.033 0. 23.381 0. 0. -1. 0.
-0.026 1.000 0. -73.120 1.000 0.026 0. 25.194 0. 0. -1. 0.
-0.016 1.000 0. -73.112 1.000 0.016 0. 27.047 0. 0. -1. 0.
-0.004 1. 0. -73.008 1. 0.004 0. 28.951 0. 0. -1. 0.
0.012 1. 0. -72.972 1. -0.012 -0. 30.833 0. 0. -1. 0.
0.035 0.999 0. -72.894 0.999 -0.035 -0. 32.712 0. 0. -1. 0.
0.058 0.998 0. -72.749 0.998 -0.058 -0. 34.584 0. 0. -1. 0.
0.079 0.997 0. -72.523 0.997 -0.079 -0. 36.522 0. 0. -1. 0.
0.095 0.995 0. -72.330 0.995 -0.095 -0. 38.366 0. 0. -1. 0.
0.094 0.996 0. -72.056 0.996 -0.094 -0. 40.233 0. 0. -1. 0.
0.088 0.996 0. -71.885 0.996 -0.088 -0. 42.115 0. 0. -1. 0.
0.074 0.997 0. -71.652 0.997 -0.074 -0. 44.102 0. 0. -1. 0.
0.058 0.998 0. -71.556 0.998 -0.058 -0. 46.011 0. 0. -1. 0.
0.042 0.999 0. -71.489 0.999 -0.042 -0. 48.034 0. 0. -1. 0.
0.030 1.000 0. -71.355 1.000 -0.030 -0. 50.020 0. 0. -1. 0.
0.016 1.000 0. -71.258 1.000 -0.016 -0. 52.182 0. 0. -1. 0.
0.011 1. 0. -71.221 1. -0.011 -0. 54.261 0. 0. -1. 0.
0. 1. 0. -71.229 1. -0. -0. 56.384 0. 0. -1. 0.
-0.002 1. 0. -71.158 1. 0.002 0. 58.554 0. 0. -1. 0.
-0.009 1. 0. -71.219 1. 0.009 0. 60.597 0. 0. -1. 0.
-0.014 1. 0. -71.188 1. 0.014 0. 62.731 0. 0. -1. 0.
-0.019 1.000 0. -71.245 1.000 0.019 0. 64.740 0. 0. -1. 0.
-0.025 1.000 0. -71.288 1.000 0.025 0. 66.788 0. 0. -1. 0.
-0.033 0.999 0. -71.274 0.999 0.033 0. 68.797 0. 0. -1. 0.
-0.039 0.999 0. -71.338 0.999 0.039 0. 70.786 0. 0. -1. 0.
-0.047 0.999 0. -71.475 0.999 0.047 0. 72.765 0. 0. -1. 0.
-0.053 0.999 0. -71.446 0.999 0.053 0. 74.565 0. 0. -1. 0.
-0.068 0.998 0. -71.577 0.998 0.068 0. 76.404 0. 0. -1. 0.
-0.088 0.996 0. -71.644 0.996 0.088 0. 78.160 0. 0. -1. 0.
-0.125 0.992 0. -71.876 0.992 0.125 0. 79.855 0. 0. -1. 0.
-0.175 0.985 0. -72.107 0.985 0.175 0. 81.516 0. 0. -1. 0.
-0.239 0.971 0. -72.440 0.971 0.239 0. 83.104 0. 0. -1. 0.
-0.313 0.950 0. -72.917 0.950 0.313 0. 84.646 0. 0. -1. 0.
-0.390 0.921 0. -73.490 0.921 0.390 0. 86.135 0. 0. -1. 0.
-0.471 0.882 0. -74.151 0.882 0.471 0. 87.521 0. 0. -1. 0.
-0.553 0.833 0. -74.963 0.833 0.553 0. 88.820 0. 0. -1. 0.
-0.633 0.774 0. -75.872 0.774 0.633 0. 90.032 0. 0. -1. 0.
-0.706 0.708 0. -76.963 0.708 0.706 0. 91.143 0. 0. -1. 0.
-0.778 0.629 0. -78.080 0.629 0.778 0. 92.139 0. 0. -1. 0.
-0.837 0.548 0. -79.373 0.548 0.837 0. 93.027 0. 0. -1. 0.
-0.890 0.457 0. -80.728 0.457 0.890 0. 93.739 0. 0. -1. 0.
-0.928 0.372 0. -82.223 0.372 0.928 0. 94.351 0. 0. -1. 0.
-0.954 0.300 0. -83.738 0.300 0.954 0. 94.883 0. 0. -1. 0.
-0.974 0.226 0. -85.235 0.226 0.974 0. 95.271 0. 0. -1. 0.
-0.983 0.183 0. -86.921 0.183 0.983 0. 95.626 0. 0. -1. 0.
-0.987 0.161 0. -88.581 0.161 0.987 0. 95.884 0. 0. -1. 0.
-0.987 0.162 0. -90.193 0.162 0.987 0. 96.183 0. 0. -1. 0.
-0.983 0.181 0. -91.892 0.181 0.983 0. 96.457 0. 0. -1. 0.
-0.977 0.211 0. -93.640 0.211 0.977 0. 96.777 0. 0. -1. 0.
-0.967 0.256 0. -95.253 0.256 0.967 0. 97.232 0. 0. -1. 0.
-0.952 0.305 0. -96.898 0.305 0.952 0. 97.839 0. 0. -1. 0.
-0.933 0.360 0. -98.540 0.360 0.933 0. 98.461 0. 0. -1. 0.
-0.909 0.416 0. -100.134 0.416 0.909 0. 99.221 0. 0. -1. 0.
-0.881 0.473 0. -101.672 0.473 0.881 0. 100.081 0. 0. -1. 0.
-0.851 0.526 0. -103.205 0.526 0.851 0. 100.991 0. 0. -1. 0.
-0.821 0.571 0. -104.717 0.571 0.821 0. 102.072 0. 0. -1. 0.
-0.797 0.604 0. -106.206 0.604 0.797 0. 103.186 0. 0. -1. 0.
-0.781 0.625 0. -107.695 0.625 0.781 0. 104.396 0. 0. -1. 0.
-0.766 0.642 0. -109.184 0.642 0.766 0. 105.677 0. 0. -1. 0.
-0.760 0.650 0. -110.610 0.650 0.760 0. 106.954 0. 0. -1. 0.
-0.755 0.656 0. -112.152 0.656 0.755 0. 108.302 0. 0. -1. 0.
-0.750 0.661 0. -113.674 0.661 0.750 0. 109.664 0. 0. -1. 0.
-0.745 0.667 0. -115.283 0.667 0.745 0. 111.068 0. 0. -1. 0.
-0.738 0.675 0. -116.783 0.675 0.738 0. 112.551 0. 0. -1. 0.
-0.735 0.679 0. -118.443 0.679 0.735 0. 114.083 0. 0. -1. 0.
-0.730 0.684 0. -120.013 0.684 0.730 0. 115.565 0. 0. -1. 0.
-0.727 0.687 0. -121.637 0.687 0.727 0. 117.088 0. 0. -1. 0.
-0.724 0.690 0. -123.274 0.690 0.724 0. 118.747 0. 0. -1. 0.
-0.717 0.697 0. -124.981 0.697 0.717 0. 120.298 0. 0. -1. 0.
-0.717 0.697 0. -126.704 0.697 0.717 0. 121.977 0. 0. -1. 0.
-0.717 0.697 0. -128.368 0.697 0.717 0. 123.691 0. 0. -1. 0.
-0.719 0.695 0. -130.083 0.695 0.719 0. 125.357 0. 0. -1. 0.
-0.718 0.696 0. -131.746 0.696 0.718 0. 127.164 0. 0. -1. 0.
-0.718 0.696 0. -133.529 0.696 0.718 0. 128.866 0. 0. -1. 0.
-0.718 0.696 0. -135.366 0.696 0.718 0. 130.654 0. 0. -1. 0.
-0.716 0.698 0. -137.026 0.698 0.716 0. 132.502 0. 0. -1. 0.
-0.718 0.696 0. -138.868 0.696 0.718 0. 134.296 0. 0. -1. 0.
-0.717 0.698 0. -140.625 0.698 0.717 0. 136.063 0. 0. -1. 0.
-0.714 0.700 0. -142.408 0.700 0.714 0. 137.849 0. 0. -1. 0.
-0.714 0.700 0. -144.136 0.700 0.714 0. 139.740 0. 0. -1. 0.
-0.714 0.700 0. -145.969 0.700 0.714 0. 141.501 0. 0. -1. 0.
-0.710 0.705 0. -147.832 0.705 0.710 0. 143.305 0. 0. -1. 0.
-0.702 0.712 0. -149.605 0.712 0.702 0. 145.119 0. 0. -1. 0.
-0.689 0.725 0. -151.375 0.725 0.689 0. 146.951 0. 0. -1. 0.
-0.678 0.735 0. -153.142 0.735 0.678 0. 148.797 0. 0. -1. 0.
-0.664 0.747 0. -154.739 0.747 0.664 0. 150.810 0. 0. -1. 0.
-0.646 0.763 0. -156.458 0.763 0.646 0. 152.768 0. 0. -1. 0.
-0.621 0.784 0. -157.921 0.784 0.621 0. 154.798 0. 0. -1. 0.
-0.596 0.803 0. -159.408 0.803 0.596 0. 156.829 0. 0. -1. 0.
-0.563 0.826 0. -160.840 0.826 0.563 0. 158.966 0. 0. -1. 0.
-0.529 0.848 0. -162.186 0.848 0.529 0. 161.135 0. 0. -1. 0.
-0.486 0.874 0. -163.512 0.874 0.486 0. 163.311 0. 0. -1. 0.
-0.443 0.896 0. -164.596 0.896 0.443 0. 165.614 0. 0. -1. 0.
-0.398 0.918 0. -165.607 0.918 0.398 0. 167.896 0. 0. -1. 0.
-0.350 0.937 0. -166.435 0.937 0.350 0. 170.221 0. 0. -1. 0.
-0.306 0.952 0. -167.140 0.952 0.306 0. 172.553 0. 0. -1. 0.
-0.262 0.965 0. -167.718 0.965 0.262 0. 174.954 0. 0. -1. 0.
-0.224 0.975 0. -168.388 0.975 0.224 0. 177.286 0. 0. -1. 0.
-0.191 0.982 0. -168.760 0.982 0.191 0. 179.678 0. 0. -1. 0.
-0.170 0.985 0. -169.229 0.985 0.170 0. 182.083 0. 0. -1. 0.
-0.156 0.988 0. -169.556 0.988 0.156 0. 184.441 0. 0. -1. 0.
-0.147 0.989 0. -169.852 0.989 0.147 0. 186.864 0. 0. -1. 0.
-0.143 0.990 0. -170.198 0.990 0.143 0. 189.323 0. 0. -1. 0.
-0.133 0.991 0. -170.450 0.991 0.133 0. 191.810 0. 0. -1. 0.
-0.131 0.991 0. -170.744 0.991 0.131 0. 194.142 0. 0. -1. 0.
-0.134 0.991 0. -170.974 0.991 0.134 0. 196.576 0. 0. -1. 0.
-0.145 0.989 0. -171.269 0.989 0.145 0. 198.994 0. 0. -1. 0.
-0.159 0.987 0. -171.501 0.987 0.159 0. 201.406 0. 0. -1. 0.
-0.177 0.984 0. -171.931 0.984 0.177 0. 203.741 0. 0. -1. 0.
-0.198 0.980 0. -172.371 0.980 0.198 0. 206.040 0. 0. -1. 0.
-0.226 0.974 0. -172.900 0.974 0.226 0. 208.368 0. 0. -1. 0.
-0.256 0.967 0. -173.557 0.967 0.256 0. 210.604 0. 0. -1. 0.
-0.291 0.957 0. -174.145 0.957 0.291 0. 212.793 0. 0. -1. 0.
-0.329 0.944 0. -174.875 0.944 0.329 0. 214.934 0. 0. -1. 0.
-0.380 0.925 0. -175.563 0.925 0.380 0. 217.001 0. 0. -1. 0.
-0.439 0.898 0. -176.474 0.898 0.439 0. 219.006 0. 0. -1. 0.
-0.505 0.863 0. -177.543 0.863 0.505 0. 220.825 0. 0. -1. 0.
-0.577 0.817 0. -178.741 0.817 0.577 0. 222.621 0. 0. -1. 0.
-0.647 0.763 0. -180.050 0.763 0.647 0. 224.268 0. 0. -1. 0.
-0.711 0.703 0. -181.569 0.703 0.711 0. 225.837 0. 0. -1. 0.
-0.771 0.637 0. -183.131 0.637 0.771 0. 227.170 0. 0. -1. 0.
-0.825 0.566 0. -184.904 0.566 0.825 0. 228.437 0. 0. -1. 0.
-0.870 0.493 0. -186.880 0.493 0.870 0. 229.494 0. 0. -1. 0.
-0.905 0.425 0. -188.683 0.425 0.905 0. 230.454 0. 0. -1. 0.
-0.931 0.365 0. -190.687 0.365 0.931 0. 231.305 0. 0. -1. 0.
-0.949 0.315 0. -192.752 0.315 0.949 0. 232.061 0. 0. -1. 0.
-0.961 0.278 0. -194.815 0.278 0.961 0. 232.723 0. 0. -1. 0.
-0.967 0.254 0. -196.910 0.254 0.967 0. 233.365 0. 0. -1. 0.
-0.971 0.240 0. -199.071 0.240 0.971 0. 233.915 0. 0. -1. 0.
-0.973 0.229 0. -201.165 0.229 0.973 0. 234.488 0. 0. -1. 0.
-0.974 0.226 0. -203.296 0.226 0.974 0. 234.977 0. 0. -1. 0.
-0.974 0.227 0. -205.483 0.227 0.974 0. 235.525 0. 0. -1. 0.
-0.973 0.229 0. -207.609 0.229 0.973 0. 236.117 0. 0. -1. 0.
-0.974 0.228 0. -209.746 0.228 0.974 0. 236.632 0. 0. -1. 0.
-0.974 0.227 0. -211.863 0.227 0.974 0. 237.144 0. 0. -1. 0.
-0.975 0.224 0. -214.056 0.224 0.975 0. 237.614 0. 0. -1. 0.
-0.975 0.223 0. -216.163 0.223 0.975 0. 238.107 0. 0. -1. 0.
-0.976 0.220 0. -218.225 0.220 0.976 0. 238.654 0. 0. -1. 0.
-0.975 0.221 0. -220.354 0.221 0.975 0. 239.164 0. 0. -1. 0.
-0.974 0.225 0. -222.420 0.225 0.974 0. 239.627 0. 0. -1. 0.
-0.972 0.236 0. -224.549 0.236 0.972 0. 240.073 0. 0. -1. 0.
-0.968 0.252 0. -226.426 0.252 0.968 0. 240.620 0. 0. -1. 0.
-0.964 0.266 0. -228.354 0.266 0.964 0. 241.235 0. 0. -1. 0.
-0.961 0.277 0. -230.350 0.277 0.961 0. 241.835 0. 0. -1. 0.
-0.959 0.285 0. -232.294 0.285 0.959 0. 242.419 0. 0. -1. 0.
-0.957 0.291 0. -234.235 0.291 0.957 0. 243.028 0. 0. -1. 0.
-0.954 0.299 0. -236.135 0.299 0.954 0. 243.667 0. 0. -1. 0.
-0.952 0.305 0. -238.011 0.305 0.952 0. 244.286 0. 0. -1. 0.
-0.949 0.315 0. -239.883 0.315 0.949 0. 244.942 0. 0. -1. 0.
-0.946 0.325 0. -241.799 0.325 0.946 0. 245.610 0. 0. -1. 0.
-0.941 0.339 0. -243.555 0.339 0.941 0. 246.232 0. 0. -1. 0.
-0.934 0.357 0. -245.325 0.357 0.934 0. 246.926 0. 0. -1. 0.
-0.929 0.370 0. -247.023 0.370 0.929 0. 247.639 0. 0. -1. 0.
-0.925 0.381 0. -248.681 0.381 0.925 0. 248.391 0. 0. -1. 0.
-0.920 0.392 0. -250.230 0.392 0.920 0. 249.137 0. 0. -1. 0.
-0.916 0.400 0. -251.721 0.400 0.916 0. 249.727 0. 0. -1. 0.
-0.913 0.408 0. -253.110 0.408 0.913 0. 250.361 0. 0. -1. 0.
-0.910 0.414 0. -254.344 0.414 0.910 0. 250.984 0. 0. -1. 0.
-0.909 0.416 0. -255.486 0.416 0.909 0. 251.529 0. 0. -1. 0.
-0.907 0.421 0. -256.424 0.421 0.907 0. 251.984 0. 0. -1. 0.
-0.905 0.426 0. -257.370 0.426 0.905 0. 252.479 0. 0. -1. 0.
-0.901 0.434 0. -258.091 0.434 0.901 0. 252.860 0. 0. -1. 0.
-0.898 0.441 0. -258.778 0.441 0.898 0. 253.259 0. 0. -1. 0.
-0.895 0.446 0. -259.389 0.446 0.895 0. 253.548 0. 0. -1. 0.
-0.893 0.450 0. -259.941 0.450 0.893 0. 253.820 0. 0. -1. 0.
-0.890 0.456 0. -260.392 0.456 0.890 0. 254.070 0. 0. -1. 0.
-0.888 0.459 0. -260.810 0.459 0.888 0. 254.233 0. 0. -1. 0.
-0.887 0.462 0. -261.059 0.462 0.887 0. 254.446 0. 0. -1. 0.
-0.885 0.465 0. -261.319 0.465 0.885 0. 254.573 0. 0. -1. 0.
-0.884 0.468 0. -261.574 0.468 0.884 0. 254.648 0. 0. -1. 0.
-0.883 0.469 0. -261.766 0.469 0.883 0. 254.780 0. 0. -1. 0.
-0.882 0.471 0. -261.957 0.471 0.882 0. 254.909 0. 0. -1. 0.
-0.882 0.472 0. -262.124 0.472 0.882 0. 254.961 0. 0. -1. 0.
-0.880 0.475 0. -262.346 0.475 0.880 0. 255.075 0. 0. -1. 0.
-0.879 0.476 0. -262.494 0.476 0.879 0. 255.168 0. 0. -1. 0.
-0.878 0.479 0. -262.641 0.479 0.878 0. 255.274 0. 0. -1. 0.
-0.878 0.479 0. -262.777 0.479 0.878 0. 255.339 0. 0. -1. 0.
-0.877 0.481 0. -262.949 0.481 0.877 0. 255.407 0. 0. -1. 0.
-0.876 0.482 0. -263.113 0.482 0.876 0. 255.492 0. 0. -1. 0.
-0.875 0.483 0. -263.313 0.483 0.875 0. 255.602 0. 0. -1. 0.
-0.874 0.486 0. -263.519 0.486 0.874 0. 255.758 0. 0. -1. 0.
-0.869 0.494 0. -263.841 0.494 0.869 0. 255.951 0. 0. -1. 0.
-0.861 0.509 0. -264.185 0.509 0.861 0. 256.172 0. 0. -1. 0.
-0.847 0.531 0. -264.652 0.531 0.847 0. 256.434 0. 0. -1. 0.
-0.822 0.570 0. -265.143 0.570 0.822 0. 256.902 0. 0. -1. 0.
-0.781 0.625 0. -265.665 0.625 0.781 0. 257.216 0. 0. -1. 0.
-0.729 0.685 0. -266.208 0.685 0.729 0. 257.712 0. 0. -1. 0.
-0.650 0.760 0. -266.752 0.760 0.650 0. 258.529 0. 0. -1. 0.
-0.561 0.828 0. -267.128 0.828 0.561 0. 259.173 0. 0. -1. 0.
-0.463 0.886 0. -267.597 0.886 0.463 0. 260.053 0. 0. -1. 0.
-0.373 0.928 0. -267.810 0.928 0.373 0. 261.086 0. 0. -1. 0.
-0.294 0.956 0. -268.113 0.956 0.294 0. 262.150 0. 0. -1. 0.
-0.223 0.975 0. -268.357 0.975 0.223 0. 263.269 0. 0. -1. 0.
-0.161 0.987 0. -268.596 0.987 0.161 0. 264.522 0. 0. -1. 0.
-0.094 0.996 0. -268.657 0.996 0.094 0. 265.846 0. 0. -1. 0.
-0.028 1.000 0. -268.684 1.000 0.028 0. 267.344 0. 0. -1. 0.
0.028 1.000 0. -268.549 1.000 -0.028 -0. 268.870 0. 0. -1. 0.
0.074 0.997 0. -268.452 0.997 -0.074 -0. 270.612 0. 0. -1. 0.
0.110 0.994 0. -268.252 0.994 -0.110 -0. 272.448 0. 0. -1. 0.
0.139 0.990 0. -267.952 0.990 -0.139 -0. 274.455 0. 0. -1. 0.
0.161 0.987 0. -267.552 0.987 -0.161 -0. 276.489 0. 0. -1. 0.
0.177 0.984 0. -267.154 0.984 -0.177 -0. 278.708 0. 0. -1. 0.
0.190 0.982 0. -266.680 0.982 -0.190 -0. 281.006 0. 0. -1. 0.
0.200 0.980 0. -266.190 0.980 -0.200 -0. 283.360 0. 0. -1. 0.
0.205 0.979 0. -265.605 0.979 -0.205 -0. 285.905 0. 0. -1. 0.
0.210 0.978 0. -265.039 0.978 -0.210 -0. 288.475 0. 0. -1. 0.
0.217 0.976 0. -264.409 0.976 -0.217 -0. 291.183 0. 0. -1. 0.
0.221 0.975 0. -263.769 0.975 -0.221 -0. 293.918 0. 0. -1. 0.
0.222 0.975 0. -263.043 0.975 -0.222 -0. 296.697 0. 0. -1. 0.
0.223 0.975 0. -262.344 0.975 -0.223 -0. 299.578 0. 0. -1. 0.
0.221 0.975 0. -261.643 0.975 -0.221 -0. 302.511 0. 0. -1. 0.
0.219 0.976 0. -260.939 0.976 -0.219 -0. 305.561 0. 0. -1. 0.
0.217 0.976 0. -260.194 0.976 -0.217 -0. 308.623 0. 0. -1. 0.
0.219 0.976 0. -259.476 0.976 -0.219 -0. 311.830 0. 0. -1. 0.
0.218 0.976 0. -258.730 0.976 -0.218 -0. 315.062 0. 0. -1. 0.
0.221 0.975 0. -257.922 0.975 -0.221 -0. 318.422 0. 0. -1. 0.
0.220 0.975 0. -257.108 0.975 -0.220 -0. 321.793 0. 0. -1. 0.
0.221 0.975 0. -256.278 0.975 -0.221 -0. 325.269 0. 0. -1. 0.
0.220 0.975 0. -255.476 0.975 -0.220 -0. 328.813 0. 0. -1. 0.
0.221 0.975 0. -254.579 0.975 -0.221 -0. 332.421 0. 0. -1. 0.
0.221 0.975 0. -253.745 0.975 -0.221 -0. 336.002 0. 0. -1. 0.
0.221 0.975 0. -252.918 0.975 -0.221 -0. 339.617 0. 0. -1. 0.
0.223 0.975 0. -252.049 0.975 -0.223 -0. 343.254 0. 0. -1. 0.
0.223 0.975 0. -251.194 0.975 -0.223 -0. 346.922 0. 0. -1. 0.
0.224 0.975 0. -250.303 0.975 -0.224 -0. 350.643 0. 0. -1. 0.
0.227 0.974 0. -249.399 0.974 -0.227 -0. 354.262 0. 0. -1. 0.
0.227 0.974 0. -248.534 0.974 -0.227 -0. 357.934 0. 0. -1. 0.
0.227 0.974 0. -247.615 0.974 -0.227 -0. 361.592 0. 0. -1. 0.
0.226 0.974 0. -246.784 0.974 -0.226 -0. 365.195 0. 0. -1. 0.
0.224 0.975 0. -245.853 0.975 -0.224 -0. 368.813 0. 0. -1. 0.
0.222 0.975 0. -245.074 0.975 -0.222 -0. 372.380 0. 0. -1. 0.
0.222 0.975 0. -244.157 0.975 -0.222 -0. 375.981 0. 0. -1. 0.
0.220 0.976 0. -243.358 0.976 -0.220 -0. 379.508 0. 0. -1. 0.
0.219 0.976 0. -242.507 0.976 -0.219 -0. 383.024 0. 0. -1. 0.
0.220 0.975 0. -241.685 0.975 -0.220 -0. 386.526 0. 0. -1. 0.
0.218 0.976 0. -240.842 0.976 -0.218 -0. 389.975 0. 0. -1. 0.
0.214 0.977 0. -240.070 0.977 -0.214 -0. 393.393 0. 0. -1. 0.
0.212 0.977 0. -239.286 0.977 -0.212 -0. 396.850 0. 0. -1. 0.
0.209 0.978 0. -238.592 0.978 -0.209 -0. 400.222 0. 0. -1. 0.
0.207 0.978 0. -237.805 0.978 -0.207 -0. 403.594 0. 0. -1. 0.
0.207 0.978 0. -237.060 0.978 -0.207 -0. 406.941 0. 0. -1. 0.
0.206 0.979 0. -236.340 0.979 -0.206 -0. 410.312 0. 0. -1. 0.
0.209 0.978 0. -235.587 0.978 -0.209 -0. 413.629 0. 0. -1. 0.
0.211 0.977 0. -234.824 0.977 -0.211 -0. 416.994 0. 0. -1. 0.
0.216 0.976 0. -234.062 0.976 -0.216 -0. 420.339 0. 0. -1. 0.
0.218 0.976 0. -233.287 0.976 -0.218 -0. 423.645 0. 0. -1. 0.
0.219 0.976 0. -232.494 0.976 -0.219 -0. 426.956 0. 0. -1. 0.
0.219 0.976 0. -231.731 0.976 -0.219 -0. 430.256 0. 0. -1. 0.
0.221 0.975 0. -230.934 0.975 -0.221 -0. 433.534 0. 0. -1. 0.
0.219 0.976 0. -230.172 0.976 -0.219 -0. 436.784 0. 0. -1. 0.
0.220 0.976 0. -229.429 0.976 -0.220 -0. 440.041 0. 0. -1. 0.
0.221 0.975 0. -228.624 0.975 -0.221 -0. 443.219 0. 0. -1. 0.
0.221 0.975 0. -227.864 0.975 -0.221 -0. 446.387 0. 0. -1. 0.
0.221 0.975 0. -227.084 0.975 -0.221 -0. 449.503 0. 0. -1. 0.
0.222 0.975 0. -226.327 0.975 -0.222 -0. 452.603 0. 0. -1. 0.
0.221 0.975 0. -225.625 0.975 -0.221 -0. 455.674 0. 0. -1. 0.
0.222 0.975 0. -224.865 0.975 -0.222 -0. 458.731 0. 0. -1. 0.
0.222 0.975 0. -224.152 0.975 -0.222 -0. 461.756 0. 0. -1. 0.
0.223 0.975 0. -223.425 0.975 -0.223 -0. 464.741 0. 0. -1. 0.
0.221 0.975 0. -222.716 0.975 -0.221 -0. 467.753 0. 0. -1. 0.
0.221 0.975 0. -222.035 0.975 -0.221 -0. 470.702 0. 0. -1. 0.
0.220 0.975 0. -221.322 0.975 -0.220 -0. 473.614 0. 0. -1. 0.
0.220 0.975 0. -220.596 0.975 -0.220 -0. 476.556 0. 0. -1. 0.
0.220 0.976 0. -219.938 0.976 -0.220 -0. 479.442 0. 0. -1. 0.
0.220 0.976 0. -219.234 0.976 -0.220 -0. 482.286 0. 0. -1. 0.
0.221 0.975 0. -218.519 0.975 -0.221 -0. 485.095 0. 0. -1. 0.
0.221 0.975 0. -217.930 0.975 -0.221 -0. 487.938 0. 0. -1. 0.
0.219 0.976 0. -217.184 0.976 -0.219 -0. 490.692 0. 0. -1. 0.
0.221 0.975 0. -216.553 0.975 -0.221 -0. 493.458 0. 0. -1. 0.
0.220 0.975 0. -215.929 0.975 -0.220 -0. 496.237 0. 0. -1. 0.
0.220 0.975 0. -215.273 0.975 -0.220 -0. 498.936 0. 0. -1. 0.
0.220 0.975 0. -214.644 0.975 -0.220 -0. 501.622 0. 0. -1. 0.
0.221 0.975 0. -214.003 0.975 -0.221 -0. 504.245 0. 0. -1. 0.
0.222 0.975 0. -213.451 0.975 -0.222 -0. 506.772 0. 0. -1. 0.
0.225 0.974 0. -212.891 0.974 -0.225 -0. 509.186 0. 0. -1. 0.
0.227 0.974 0. -212.351 0.974 -0.227 -0. 511.482 0. 0. -1. 0.
0.229 0.973 0. -211.820 0.973 -0.229 -0. 513.514 0. 0. -1. 0.
0.231 0.973 0. -211.349 0.973 -0.231 -0. 515.540 0. 0. -1. 0.
0.230 0.973 0. -210.878 0.973 -0.230 -0. 517.398 0. 0. -1. 0.
0.230 0.973 0. -210.441 0.973 -0.230 -0. 519.105 0. 0. -1. 0.
0.229 0.973 0. -210.072 0.973 -0.229 -0. 520.621 0. 0. -1. 0.
0.229 0.973 0. -209.775 0.973 -0.229 -0. 521.927 0. 0. -1. 0.
0.228 0.974 0. -209.470 0.974 -0.228 -0. 523.049 0. 0. -1. 0.
0.227 0.974 0. -209.288 0.974 -0.227 -0. 523.975 0. 0. -1. 0.
0.228 0.974 0. -209.088 0.974 -0.228 -0. 524.635 0. 0. -1. 0.
0.228 0.974 0. -208.976 0.974 -0.228 -0. 525.096 0. 0. -1. 0.
0.227 0.974 0. -208.905 0.974 -0.227 -0. 525.467 0. 0. -1. 0.
0.227 0.974 0. -208.830 0.974 -0.227 -0. 525.697 0. 0. -1. 0.
0.228 0.974 0. -208.778 0.974 -0.228 -0. 525.861 0. 0. -1. 0.
0.229 0.973 0. -208.744 0.973 -0.229 -0. 525.957 0. 0. -1. 0.
0.228 0.974 0. -208.753 0.974 -0.228 -0. 526.055 0. 0. -1. 0.
0.228 0.974 0. -208.715 0.974 -0.228 -0. 526.114 0. 0. -1. 0.
0.228 0.974 0. -208.711 0.974 -0.228 -0. 526.153 0. 0. -1. 0.
0.228 0.974 0. -208.687 0.974 -0.228 -0. 526.168 0. 0. -1. 0.
0.228 0.974 0. -208.666 0.974 -0.228 -0. 526.249 0. 0. -1. 0.
0.229 0.973 0. -208.658 0.973 -0.229 -0. 526.361 0. 0. -1. 0.
0.229 0.974 0. -208.629 0.974 -0.229 -0. 526.471 0. 0. -1. 0.
0.228 0.974 0. -208.568 0.974 -0.228 -0. 526.624 0. 0. -1. 0.
0.229 0.973 0. -208.531 0.973 -0.229 -0. 526.792 0. 0. -1. 0.
0.230 0.973 0. -208.500 0.973 -0.230 -0. 527.027 0. 0. -1. 0.
0.230 0.973 0. -208.362 0.973 -0.230 -0. 527.448 0. 0. -1. 0.
0.229 0.973 0. -208.255 0.973 -0.229 -0. 528.002 0. 0. -1. 0.
0.230 0.973 0. -208.078 0.973 -0.230 -0. 528.632 0. 0. -1. 0.
0.232 0.973 0. -207.889 0.973 -0.232 -0. 529.367 0. 0. -1. 0.
0.234 0.972 0. -207.693 0.972 -0.234 -0. 530.233 0. 0. -1. 0.
0.234 0.972 0. -207.384 0.972 -0.234 -0. 531.196 0. 0. -1. 0.
0.235 0.972 0. -207.155 0.972 -0.235 -0. 532.304 0. 0. -1. 0.
0.234 0.972 0. -206.868 0.972 -0.234 -0. 533.454 0. 0. -1. 0.
0.234 0.972 0. -206.546 0.972 -0.234 -0. 534.713 0. 0. -1. 0.
0.234 0.972 0. -206.234 0.972 -0.234 -0. 536.040 0. 0. -1. 0.
0.235 0.972 0. -205.879 0.972 -0.235 -0. 537.378 0. 0. -1. 0.
0.235 0.972 0. -205.541 0.972 -0.235 -0. 538.779 0. 0. -1. 0.
0.236 0.972 0. -205.188 0.972 -0.236 -0. 540.232 0. 0. -1. 0.
0.239 0.971 0. -204.822 0.971 -0.239 -0. 541.641 0. 0. -1. 0.
0.243 0.970 0. -204.486 0.970 -0.243 -0. 543.069 0. 0. -1. 0.
0.249 0.969 0. -204.131 0.969 -0.249 -0. 544.519 0. 0. -1. 0.
0.256 0.967 0. -203.714 0.967 -0.256 -0. 545.851 0. 0. -1. 0.
0.263 0.965 0. -203.315 0.965 -0.263 -0. 547.222 0. 0. -1. 0.
0.268 0.964 0. -202.941 0.964 -0.268 -0. 548.550 0. 0. -1. 0.
0.267 0.964 0. -202.584 0.964 -0.267 -0. 549.782 0. 0. -1. 0.
0.258 0.966 0. -202.259 0.966 -0.258 -0. 550.912 0. 0. -1. 0.
0.242 0.970 0. -201.987 0.970 -0.242 -0. 552.055 0. 0. -1. 0.
0.223 0.975 0. -201.713 0.975 -0.223 -0. 553.069 0. 0. -1. 0.
0.207 0.978 0. -201.522 0.978 -0.207 -0. 553.927 0. 0. -1. 0.
0.193 0.981 0. -201.365 0.981 -0.193 -0. 554.691 0. 0. -1. 0.
0.185 0.983 0. -201.245 0.983 -0.185 -0. 555.288 0. 0. -1. 0.
0.182 0.983 0. -201.198 0.983 -0.182 -0. 555.794 0. 0. -1. 0.
0.183 0.983 0. -201.080 0.983 -0.183 -0. 556.165 0. 0. -1. 0.
0.183 0.983 0. -201.028 0.983 -0.183 -0. 556.416 0. 0. -1. 0.
0.185 0.983 0. -200.979 0.983 -0.185 -0. 556.627 0. 0. -1. 0.
0.184 0.983 0. -200.956 0.983 -0.184 -0. 556.797 0. 0. -1. 0.
0.184 0.983 0. -200.924 0.983 -0.184 -0. 556.927 0. 0. -1. 0.
0.184 0.983 0. -200.882 0.983 -0.184 -0. 557.017 0. 0. -1. 0.
0.184 0.983 0. -200.895 0.983 -0.184 -0. 557.072 0. 0. -1. 0.
0.184 0.983 0. -200.908 0.983 -0.184 -0. 557.069 0. 0. -1. 0.
0.184 0.983 0. -200.890 0.983 -0.184 -0. 557.070 0. 0. -1. 0.
0.184 0.983 0. -200.892 0.983 -0.184 -0. 557.063 0. 0. -1. 0.
0.185 0.983 0. -200.894 0.983 -0.185 -0. 557.062 0. 0. -1. 0.
0.184 0.983 0. -200.893 0.983 -0.184 -0. 557.058 0. 0. -1. 0.
0.185 0.983 0. -200.888 0.983 -0.185 -0. 557.070 0. 0. -1. 0.
0.184 0.983 0. -200.891 0.983 -0.184 -0. 557.065 0. 0. -1. 0.
0.185 0.983 0. -200.892 0.983 -0.185 -0. 557.054 0. 0. -1. 0.
0.184 0.983 0. -200.911 0.983 -0.184 -0. 557.067 0. 0. -1. 0.
0.185 0.983 0. -200.904 0.983 -0.185 -0. 557.075 0. 0. -1. 0.
0.184 0.983 0. -200.899 0.983 -0.184 -0. 557.066 0. 0. -1. 0.
0.185 0.983 0. -200.899 0.983 -0.185 -0. 557.074 0. 0. -1. 0.
0.184 0.983 0. -200.905 0.983 -0.184 -0. 557.049 0. 0. -1. 0.
0.184 0.983 0. -200.878 0.983 -0.184 -0. 557.063 0. 0. -1. 0.
0.184 0.983 0. -200.898 0.983 -0.184 -0. 557.064 0. 0. -1. 0.
0.185 0.983 0. -200.890 0.983 -0.185 -0. 557.063 0. 0. -1. 0.
0.185 0.983 0. -200.891 0.983 -0.185 -0. 557.071 0. 0. -1. 0.
0.185 0.983 0. -200.890 0.983 -0.185 -0. 557.076 0. 0. -1. 0.
0.185 0.983 0. -200.891 0.983 -0.185 -0. 557.069 0. 0. -1. 0.
0.184 0.983 0. -200.892 0.983 -0.184 -0. 557.060 0. 0. -1. 0.
0.184 0.983 0. -200.884 0.983 -0.184 -0. 557.082 0. 0. -1. 0.
0.184 0.983 0. -200.882 0.983 -0.184 -0. 557.062 0. 0. -1. 0.
0.184 0.983 0. -200.882 0.983 -0.184 -0. 557.070 0. 0. -1. 0.
0.185 0.983 0. -200.889 0.983 -0.185 -0. 557.073 0. 0. -1. 0.
0.185 0.983 0. -200.886 0.983 -0.185 -0. 557.065 0. 0. -1. 0.
0.184 0.983 0. -200.886 0.983 -0.184 -0. 557.075 0. 0. -1. 0.
0.185 0.983 0. -200.895 0.983 -0.185 -0. 557.073 0. 0. -1. 0.
0.185 0.983 0. -200.898 0.983 -0.185 -0. 557.065 0. 0. -1. 0.
0.185 0.983 0. -200.898 0.983 -0.185 -0. 557.067 0. 0. -1. 0.
0.185 0.983 0. -200.884 0.983 -0.185 -0. 557.088 0. 0. -1. 0.
0.185 0.983 0. -200.902 0.983 -0.185 -0. 557.070 0. 0. -1. 0.
0.185 0.983 0. -200.904 0.983 -0.185 -0. 557.066 0. 0. -1. 0.
0.185 0.983 0. -200.876 0.983 -0.185 -0. 557.077 0. 0. -1. 0.
0.185 0.983 0. -200.886 0.983 -0.185 -0. 557.072 0. 0. -1. 0.
0.185 0.983 0. -200.876 0.983 -0.185 -0. 557.078 0. 0. -1. 0.
0.185 0.983 0. -200.868 0.983 -0.185 -0. 557.067 0. 0. -1. 0.
0.185 0.983 0. -200.885 0.983 -0.185 -0. 557.075 0. 0. -1. 0.
0.185 0.983 0. -200.883 0.983 -0.185 -0. 557.078 0. 0. -1. 0.
0.185 0.983 0. -200.864 0.983 -0.185 -0. 557.077 0. 0. -1. 0.
0.184 0.983 0. -200.879 0.983 -0.184 -0. 557.077 0. 0. -1. 0.
0.185 0.983 0. -200.871 0.983 -0.185 -0. 557.087 0. 0. -1. 0.
