1634315732639787 1.00000 0.00000 0.00000 -0.00000 0.00000 -1.00000 0.00000 0.00000 0.00000 -0.00000 -1.00000 0.00000
1634315732888633 1.00000 0.00004 0.00000 0.00164 0.00004 -1.00000 0.00000 -0.00470 0.00000 -0.00000 -1.00000 -0.00000
1634315733137712 1.00000 0.00041 0.00000 0.00262 0.00041 -1.00000 0.00000 0.00039 0.00000 -0.00000 -1.00000 0.00000
1634315733386280 1.00000 0.00017 -0.00000 0.00169 0.00017 -1.00000 0.00000 -0.00116 0.00000 -0.00000 -1.00000 -0.00000
1634315733634814 1.00000 0.00033 0.00000 0.00103 0.00033 -1.00000 0.00000 -0.00117 0.00000 -0.00000 -1.00000 -0.00000
1634315733883672 1.00000 0.00026 0.00000 0.00220 0.00026 -1.00000 0.00000 -0.00363 0.00000 -0.00000 -1.00000 -0.00000
1634315734132570 1.00000 0.00014 0.00000 0.00210 0.00014 -1.00000 0.00000 -0.00370 0.00000 -0.00000 -1.00000 -0.00000
1634315734381500 1.00000 0.00023 0.00000 -0.00324 0.00023 -1.00000 0.00000 -0.00108 0.00000 -0.00000 -1.00000 -0.00000
1634315734630260 1.00000 0.00031 0.00000 0.00442 0.00031 -1.00000 0.00000 -0.00383 0.00000 -0.00000 -1.00000 -0.00000
1634315734879153 1.00000 0.00007 0.00000 0.00310 0.00007 -1.00000 0.00000 -0.00576 0.00000 -0.00000 -1.00000 -0.00000
1634315735128036 1.00000 0.00014 0.00000 0.00393 0.00014 -1.00000 0.00000 -0.00264 0.00000 -0.00000 -1.00000 -0.00000
1634315735376677 1.00000 -0.00002 0.00000 0.00048 -0.00002 -1.00000 0.00000 0.00014 -0.00000 -0.00000 -1.00000 0.00000
1634315735625606 1.00000 0.00025 0.00000 -0.00033 0.00025 -1.00000 0.00000 0.00050 0.00000 -0.00000 -1.00000 0.00000
1634315735874316 1.00000 0.00009 0.00000 0.00273 0.00009 -1.00000 0.00000 0.00057 0.00000 -0.00000 -1.00000 0.00000
1634315736123141 1.00000 -0.00002 0.00000 0.00723 -0.00002 -1.00000 0.00000 0.00219 -0.00000 -0.00000 -1.00000 0.00000
1634315736371804 1.00000 0.00018 -0.00000 0.00736 0.00018 -1.00000 0.00000 -0.00508 0.00000 -0.00000 -1.00000 -0.00000
1634315736620385 1.00000 0.00015 0.00000 -0.00099 0.00015 -1.00000 0.00000 -0.00219 0.00000 -0.00000 -1.00000 -0.00000
1634315736869199 1.00000 0.00020 0.00000 0.00058 0.00020 -1.00000 0.00000 -0.00175 0.00000 -0.00000 -1.00000 -0.00000
1634315737117948 1.00000 0.00020 0.00000 0.00296 0.00020 -1.00000 0.00000 -0.00194 0.00000 -0.00000 -1.00000 -0.00000
1634315737366599 1.00000 0.00019 -0.00000 0.00393 0.00019 -1.00000 0.00000 -0.00198 0.00000 -0.00000 -1.00000 -0.00000
1634315737615466 1.00000 0.00018 0.00000 0.00177 0.00018 -1.00000 0.00000 -0.00163 0.00000 -0.00000 -1.00000 -0.00000
1634315737864404 1.00000 0.00017 0.00000 0.00151 0.00017 -1.00000 0.00000 -0.00180 0.00000 -0.00000 -1.00000 -0.00000
1634315738113336 1.00000 0.00002 0.00000 0.00366 0.00002 -1.00000 0.00000 -0.00002 0.00000 -0.00000 -1.00000 -0.00000
1634315738362255 1.00000 -0.00000 0.00000 0.00160 -0.00000 -1.00000 0.00000 -0.00092 -0.00000 -0.00000 -1.00000 -0.00000
1634315738611085 1.00000 0.00003 0.00000 0.00116 0.00003 -1.00000 0.00000 0.00350 0.00000 -0.00000 -1.00000 0.00000
1634315738859776 1.00000 -0.00028 0.00000 0.00633 -0.00028 -1.00000 0.00000 0.00177 -0.00000 -0.00000 -1.00000 0.00000
1634315739108484 1.00000 -0.00017 0.00000 0.00382 -0.00017 -1.00000 0.00000 0.00127 -0.00000 -0.00000 -1.00000 0.00000
1634315739357440 1.00000 0.00006 0.00000 0.00448 0.00006 -1.00000 0.00000 -0.00161 0.00000 -0.00000 -1.00000 -0.00000
1634315739606637 1.00000 -0.00020 0.00000 0.00547 -0.00020 -1.00000 0.00000 0.00022 -0.00000 -0.00000 -1.00000 0.00000
1634315739855482 1.00000 -0.00011 -0.00000 0.00223 -0.00011 -1.00000 0.00000 -0.00388 -0.00000 -0.00000 -1.00000 -0.00000
1634315740104445 1.00000 0.00007 0.00000 0.00179 0.00007 -1.00000 0.00000 -0.00256 0.00000 -0.00000 -1.00000 -0.00000
1634315740353362 1.00000 0.00020 0.00000 0.00413 0.00020 -1.00000 0.00000 0.00249 0.00000 -0.00000 -1.00000 0.00000
1634315740602078 1.00000 0.00014 -0.00000 0.00412 0.00014 -1.00000 0.00000 -0.00416 0.00000 -0.00000 -1.00000 -0.00000
1634315740850831 1.00000 0.00012 0.00000 0.00278 0.00012 -1.00000 0.00000 -0.00433 0.00000 -0.00000 -1.00000 -0.00000
1634315741099781 1.00000 0.00001 0.00000 0.00587 0.00001 -1.00000 0.00000 -0.00803 0.00000 -0.00000 -1.00000 -0.00000
1634315741348865 1.00000 -0.00023 0.00000 -0.00042 -0.00023 -1.00000 0.00000 -0.01520 -0.00000 -0.00000 -1.00000 -0.00000
1634315741597879 1.00000 -0.00027 0.00000 -0.03709 -0.00027 -1.00000 0.00000 -0.01984 -0.00000 -0.00000 -1.00000 -0.00000
1634315741846769 1.00000 0.00019 -0.00000 -0.08628 0.00019 -1.00000 0.00000 -0.00603 0.00000 -0.00000 -1.00000 -0.00000
1634315742095252 1.00000 0.00043 0.00000 -0.11957 0.00043 -1.00000 0.00000 0.00643 0.00000 -0.00000 -1.00000 0.00000
1634315742344181 1.00000 -0.00028 0.00000 -0.15180 -0.00028 -1.00000 0.00000 0.00057 -0.00000 -0.00000 -1.00000 0.00000
1634315742593281 1.00000 -0.00029 0.00000 -0.20225 -0.00029 -1.00000 0.00000 0.00599 -0.00000 -0.00000 -1.00000 0.00000
1634315742842087 1.00000 -0.00117 0.00000 -0.26205 -0.00117 -1.00000 0.00000 -0.00637 -0.00000 -0.00000 -1.00000 -0.00000
1634315743091310 1.00000 -0.00101 -0.00000 -0.32396 -0.00101 -1.00000 0.00000 -0.00628 -0.00000 -0.00000 -1.00000 -0.00000
1634315743340173 1.00000 -0.00280 0.00000 -0.37823 -0.00280 -1.00000 0.00000 -0.03655 -0.00000 -0.00000 -1.00000 -0.00000
1634315743589086 0.99999 -0.00422 0.00000 -0.45110 -0.00422 -0.99999 0.00000 -0.02925 -0.00000 -0.00000 -1.00000 -0.00000
1634315743837984 0.99998 -0.00562 -0.00000 -0.52307 -0.00562 -0.99998 0.00000 -0.05402 -0.00000 -0.00000 -1.00000 -0.00000
1634315744086958 0.99996 -0.00868 0.00000 -0.62368 -0.00868 -0.99996 0.00000 -0.04863 -0.00000 -0.00000 -1.00000 -0.00000
1634315744335897 0.99984 -0.01797 0.00000 -0.70227 -0.01797 -0.99984 0.00000 -0.00698 -0.00000 -0.00000 -1.00000 -0.00000
1634315744584932 0.99969 -0.02492 0.00000 -0.78333 -0.02492 -0.99969 0.00000 -0.05786 -0.00000 -0.00000 -1.00000 -0.00000
1634315744833794 0.99959 -0.02875 0.00000 -0.95501 -0.02875 -0.99959 0.00000 -0.04231 -0.00000 -0.00000 -1.00000 -0.00000
1634315745082518 0.99936 -0.03574 0.00000 -1.03125 -0.03574 -0.99936 0.00000 -0.04073 -0.00000 -0.00000 -1.00000 -0.00000
1634315745331475 0.99913 -0.04159 0.00000 -1.15597 -0.04159 -0.99913 0.00000 -0.05926 -0.00000 -0.00000 -1.00000 -0.00000
1634315745580355 0.99863 -0.05223 0.00000 -1.26672 -0.05223 -0.99863 0.00000 -0.06195 -0.00000 -0.00000 -1.00000 -0.00000
1634315745829155 0.99805 -0.06244 -0.00000 -1.36687 -0.06244 -0.99805 0.00000 -0.08945 -0.00000 -0.00000 -1.00000 -0.00000
1634315746077883 0.99726 -0.07398 0.00000 -1.49979 -0.07398 -0.99726 0.00000 -0.04758 -0.00000 -0.00000 -1.00000 -0.00000
1634315746326967 0.99635 -0.08540 -0.00000 -1.67263 -0.08540 -0.99635 0.00000 0.00020 -0.00000 -0.00000 -1.00000 0.00000
1634315746575742 0.99480 -0.10189 0.00000 -1.80861 -0.10189 -0.99480 0.00000 -0.01016 -0.00000 -0.00000 -1.00000 -0.00000
1634315746824600 0.99274 -0.12026 0.00000 -1.99826 -0.12026 -0.99274 0.00000 0.00179 -0.00000 -0.00000 -1.00000 0.00000
1634315747073476 0.99044 -0.13792 -0.00000 -2.18557 -0.13792 -0.99044 0.00000 0.01244 -0.00000 -0.00000 -1.00000 0.00000
1634315747322137 0.98783 -0.15552 0.00000 -2.43322 -0.15552 -0.98783 0.00000 0.04656 -0.00000 -0.00000 -1.00000 0.00000
1634315747571010 0.98348 -0.18100 0.00000 -2.68820 -0.18100 -0.98348 0.00000 0.09938 -0.00000 -0.00000 -1.00000 0.00000
1634315747819837 0.97874 -0.20511 0.00000 -2.99472 -0.20511 -0.97874 0.00000 0.11089 -0.00000 -0.00000 -1.00000 0.00000
1634315748068794 0.97351 -0.22863 0.00000 -3.36777 -0.22863 -0.97351 0.00000 0.15556 -0.00000 -0.00000 -1.00000 0.00000
1634315748317384 0.96862 -0.24856 0.00000 -3.81639 -0.24856 -0.96862 0.00000 0.24009 -0.00000 -0.00000 -1.00000 0.00000
1634315748566068 0.96329 -0.26847 0.00000 -4.25232 -0.26847 -0.96329 0.00000 0.34243 -0.00000 -0.00000 -1.00000 0.00000
1634315748814651 0.95867 -0.28451 0.00000 -4.76886 -0.28451 -0.95867 0.00000 0.40338 -0.00000 -0.00000 -1.00000 0.00000
1634315749063354 0.95651 -0.29171 0.00000 -5.27296 -0.29171 -0.95651 0.00000 0.40887 -0.00000 -0.00000 -1.00000 0.00000
1634315749312127 0.95685 -0.29057 0.00000 -5.82961 -0.29057 -0.95685 0.00000 0.36750 -0.00000 -0.00000 -1.00000 0.00000
1634315749560926 0.96335 -0.26826 0.00000 -6.44313 -0.26826 -0.96335 0.00000 0.25629 -0.00000 -0.00000 -1.00000 0.00000
1634315749809917 0.96949 -0.24515 0.00000 -7.07174 -0.24515 -0.96949 0.00000 0.05480 -0.00000 -0.00000 -1.00000 0.00000
1634315750058533 0.97574 -0.21891 0.00000 -7.79627 -0.21891 -0.97574 0.00000 -0.16329 -0.00000 -0.00000 -1.00000 -0.00000
1634315750307399 0.98198 -0.18899 0.00000 -8.56493 -0.18899 -0.98198 0.00000 -0.40415 -0.00000 -0.00000 -1.00000 -0.00000
1634315750556726 0.98557 -0.16926 0.00000 -9.41204 -0.16926 -0.98557 0.00000 -0.56034 -0.00000 -0.00000 -1.00000 -0.00000
1634315750805764 0.98712 -0.16000 0.00000 -10.36093 -0.16000 -0.98712 0.00000 -0.63193 -0.00000 -0.00000 -1.00000 -0.00000
1634315751054621 0.98855 -0.15091 -0.00000 -11.31107 -0.15091 -0.98855 0.00000 -0.84854 -0.00000 -0.00000 -1.00000 -0.00000
1634315751303669 0.98975 -0.14283 -0.00000 -12.29594 -0.14283 -0.98975 0.00000 -0.89629 -0.00000 -0.00000 -1.00000 -0.00000
1634315751552351 0.99144 -0.13058 0.00000 -13.41873 -0.13058 -0.99144 0.00000 -1.10601 -0.00000 -0.00000 -1.00000 -0.00000
1634315751800998 0.99286 -0.11928 0.00000 -14.48978 -0.11928 -0.99286 0.00000 -1.25817 -0.00000 -0.00000 -1.00000 -0.00000
1634315752049729 0.99384 -0.11079 0.00000 -15.69913 -0.11079 -0.99384 0.00000 -1.38359 -0.00000 -0.00000 -1.00000 -0.00000
1634315752298506 0.99514 -0.09847 0.00000 -16.87762 -0.09847 -0.99514 0.00000 -1.65142 -0.00000 -0.00000 -1.00000 -0.00000
1634315752546948 0.99647 -0.08391 -0.00000 -18.05007 -0.08391 -0.99647 0.00000 -1.85431 -0.00000 -0.00000 -1.00000 -0.00000
1634315752795871 0.99676 -0.08047 -0.00000 -19.44952 -0.08047 -0.99676 0.00000 -1.94088 -0.00000 -0.00000 -1.00000 -0.00000
1634315753044838 0.99692 -0.07838 0.00000 -20.71138 -0.07838 -0.99692 0.00000 -2.03276 -0.00000 -0.00000 -1.00000 -0.00000
1634315753293804 0.99667 -0.08150 0.00000 -22.10944 -0.08150 -0.99667 0.00000 -1.97576 -0.00000 -0.00000 -1.00000 -0.00000
1634315753542471 0.99631 -0.08580 0.00000 -23.53505 -0.08580 -0.99631 0.00000 -1.98785 -0.00000 -0.00000 -1.00000 -0.00000
1634315753791544 0.99662 -0.08220 0.00000 -24.95732 -0.08220 -0.99662 0.00000 -2.03009 -0.00000 -0.00000 -1.00000 -0.00000
1634315754040265 0.99699 -0.07751 0.00000 -26.43969 -0.07751 -0.99699 0.00000 -2.24048 -0.00000 -0.00000 -1.00000 -0.00000
1634315754289231 0.99718 -0.07508 -0.00000 -27.99708 -0.07508 -0.99718 0.00000 -2.27681 -0.00000 -0.00000 -1.00000 -0.00000
1634315754538018 0.99725 -0.07409 0.00000 -29.51715 -0.07409 -0.99725 0.00000 -2.40896 -0.00000 -0.00000 -1.00000 -0.00000
1634315754786740 0.99718 -0.07510 0.00000 -31.01072 -0.07510 -0.99718 0.00000 -2.38254 -0.00000 -0.00000 -1.00000 -0.00000
1634315755035496 0.99697 -0.07782 0.00000 -32.58387 -0.07782 -0.99697 0.00000 -2.41451 -0.00000 -0.00000 -1.00000 -0.00000
1634315755284370 0.99630 -0.08598 -0.00000 -34.22406 -0.08598 -0.99630 0.00000 -2.14172 -0.00000 -0.00000 -1.00000 -0.00000
1634315755533309 0.99560 -0.09369 0.00000 -35.81666 -0.09369 -0.99560 0.00000 -1.94714 -0.00000 -0.00000 -1.00000 -0.00000
1634315755781950 0.99515 -0.09839 0.00000 -37.54664 -0.09839 -0.99515 0.00000 -1.83667 -0.00000 -0.00000 -1.00000 -0.00000
1634315756031049 0.99527 -0.09713 0.00000 -39.08456 -0.09713 -0.99527 0.00000 -1.93791 -0.00000 -0.00000 -1.00000 -0.00000
1634315756280010 0.99586 -0.09087 0.00000 -40.74203 -0.09087 -0.99586 0.00000 -2.22211 -0.00000 -0.00000 -1.00000 -0.00000
1634315756529195 0.99699 -0.07755 -0.00000 -42.44064 -0.07755 -0.99699 0.00000 -2.60167 -0.00000 -0.00000 -1.00000 -0.00000
1634315756778482 0.99741 -0.07192 0.00000 -44.04781 -0.07192 -0.99741 0.00000 -3.06463 -0.00000 -0.00000 -1.00000 -0.00000
1634315757027625 0.99793 -0.06427 0.00000 -45.74909 -0.06427 -0.99793 0.00000 -3.31534 -0.00000 -0.00000 -1.00000 -0.00000
1634315757276742 0.99788 -0.06507 0.00000 -47.49097 -0.06507 -0.99788 0.00000 -3.34017 -0.00000 -0.00000 -1.00000 -0.00000
1634315757525413 0.99771 -0.06758 0.00000 -49.26517 -0.06758 -0.99771 0.00000 -3.28150 -0.00000 -0.00000 -1.00000 -0.00000
1634315757774473 0.99776 -0.06688 0.00000 -51.04862 -0.06688 -0.99776 0.00000 -3.37195 -0.00000 -0.00000 -1.00000 -0.00000
1634315758023077 0.99814 -0.06101 -0.00000 -52.82940 -0.06101 -0.99814 0.00000 -3.72290 -0.00000 -0.00000 -1.00000 -0.00000
1634315758272062 0.99875 -0.05006 0.00000 -54.65447 -0.05006 -0.99875 0.00000 -4.34704 -0.00000 -0.00000 -1.00000 -0.00000
1634315758521117 0.99940 -0.03457 0.00000 -56.44697 -0.03457 -0.99940 0.00000 -5.25823 -0.00000 -0.00000 -1.00000 -0.00000
1634315758770431 0.99970 -0.02462 0.00000 -58.28426 -0.02462 -0.99970 0.00000 -5.86536 -0.00000 -0.00000 -1.00000 -0.00000
1634315759019682 0.99984 -0.01781 0.00000 -60.10370 -0.01781 -0.99984 0.00000 -6.31446 -0.00000 -0.00000 -1.00000 -0.00000
1634315759268471 0.99992 -0.01237 0.00000 -62.00410 -0.01237 -0.99992 0.00000 -6.66322 -0.00000 -0.00000 -1.00000 -0.00000
1634315759517194 0.99995 -0.01045 -0.00000 -63.97038 -0.01045 -0.99995 0.00000 -6.83129 -0.00000 -0.00000 -1.00000 -0.00000
1634315759766582 0.99999 -0.00387 0.00000 -65.90084 -0.00387 -0.99999 0.00000 -7.37043 -0.00000 -0.00000 -1.00000 -0.00000
1634315760015295 1.00000 0.00295 0.00000 -67.86077 0.00295 -1.00000 0.00000 -7.83957 0.00000 -0.00000 -1.00000 -0.00000
1634315760264208 1.00000 0.00307 0.00000 -69.84030 0.00307 -1.00000 0.00000 -7.88658 0.00000 -0.00000 -1.00000 -0.00000
1634315760513237 1.00000 0.00291 0.00000 -71.84371 0.00291 -1.00000 0.00000 -7.83873 0.00000 -0.00000 -1.00000 -0.00000
1634315760762115 0.99999 0.00446 0.00000 -73.86975 0.00446 -0.99999 0.00000 -7.94824 0.00000 -0.00000 -1.00000 -0.00000
1634315761011060 0.99995 0.00959 0.00000 -75.88255 0.00959 -0.99995 0.00000 -8.40531 0.00000 -0.00000 -1.00000 -0.00000
1634315761259823 1.00000 0.00136 0.00000 -78.01392 0.00136 -1.00000 0.00000 -7.80972 0.00000 -0.00000 -1.00000 -0.00000
1634315761508919 0.99989 -0.01491 0.00000 -80.14189 -0.01491 -0.99989 0.00000 -6.48061 -0.00000 -0.00000 -1.00000 -0.00000
1634315761757812 0.99930 -0.03735 0.00000 -82.27804 -0.03735 -0.99930 0.00000 -4.74535 -0.00000 -0.00000 -1.00000 -0.00000
1634315762006726 0.99817 -0.06049 0.00000 -84.39788 -0.06049 -0.99817 0.00000 -2.84189 -0.00000 -0.00000 -1.00000 -0.00000
1634315762255953 0.99580 -0.09160 0.00000 -86.45204 -0.09160 -0.99580 0.00000 -0.25183 -0.00000 -0.00000 -1.00000 -0.00000
1634315762505136 0.99181 -0.12776 0.00000 -88.37553 -0.12776 -0.99181 0.00000 2.89447 -0.00000 -0.00000 -1.00000 0.00000
1634315762754628 0.98589 -0.16740 0.00000 -90.21181 -0.16740 -0.98589 0.00000 6.41848 -0.00000 -0.00000 -1.00000 0.00000
1634315763003758 0.97761 -0.21045 0.00000 -91.78137 -0.21045 -0.97761 0.00000 10.34843 -0.00000 -0.00000 -1.00000 0.00000
1634315763252887 0.96597 -0.25865 0.00000 -93.16204 -0.25865 -0.96597 0.00000 14.85201 -0.00000 -0.00000 -1.00000 0.00000
1634315763501609 0.95107 -0.30896 0.00000 -94.20655 -0.30896 -0.95107 0.00000 19.72668 -0.00000 -0.00000 -1.00000 0.00000
1634315763750598 0.93183 -0.36290 0.00000 -94.85552 -0.36290 -0.93183 0.00000 25.05412 -0.00000 -0.00000 -1.00000 0.00000
1634315764000031 0.90749 -0.42007 0.00000 -95.07580 -0.42007 -0.90749 0.00000 30.88791 -0.00000 -0.00000 -1.00000 0.00000
1634315764248636 0.87824 -0.47823 0.00000 -94.82332 -0.47823 -0.87824 0.00000 36.96540 -0.00000 -0.00000 -1.00000 0.00000
1634315764497431 0.84649 -0.53240 0.00000 -94.11404 -0.53240 -0.84649 0.00000 42.80373 -0.00000 -0.00000 -1.00000 0.00000
1634315764745873 0.81839 -0.57466 0.00000 -93.76683 -0.57466 -0.81839 0.00000 47.44970 -0.00000 -0.00000 -1.00000 0.00000
1634315764994654 0.79511 -0.60646 0.00000 -93.74588 -0.60646 -0.79511 0.00000 51.15597 -0.00000 -0.00000 -1.00000 0.00000
1634315765243648 0.76734 -0.64124 0.00000 -93.36122 -0.64124 -0.76734 0.00000 55.40396 -0.00000 -0.00000 -1.00000 0.00000
1634315765493180 0.72675 -0.68691 0.00000 -91.65253 -0.68691 -0.72675 0.00000 60.98855 -0.00000 -0.00000 -1.00000 0.00000
1634315765742254 0.68020 -0.73303 0.00000 -89.28133 -0.73303 -0.68020 0.00000 66.75908 -0.00000 -0.00000 -1.00000 0.00000
1634315765991286 0.63089 -0.77587 0.00000 -86.58344 -0.77587 -0.63089 0.00000 72.41184 -0.00000 -0.00000 -1.00000 0.00000
1634315766240314 0.58155 -0.81351 -0.00000 -83.72064 -0.81351 -0.58155 0.00000 77.68843 -0.00000 -0.00000 -1.00000 0.00000
1634315766489173 0.52915 -0.84853 0.00000 -80.41775 -0.84853 -0.52915 0.00000 82.80736 -0.00000 -0.00000 -1.00000 0.00000
1634315766737742 0.47432 -0.88035 -0.00000 -76.82156 -0.88035 -0.47432 0.00000 87.60798 -0.00000 -0.00000 -1.00000 0.00000
1634315766986696 0.42777 -0.90389 -0.00000 -73.98045 -0.90389 -0.42777 0.00000 91.38051 -0.00000 -0.00000 -1.00000 0.00000
1634315767235611 0.38747 -0.92188 0.00000 -71.61024 -0.92188 -0.38747 0.00000 94.57218 -0.00000 -0.00000 -1.00000 0.00000
1634315767484639 0.35820 -0.93364 0.00000 -70.32829 -0.93364 -0.35820 0.00000 96.79682 -0.00000 -0.00000 -1.00000 0.00000
1634315767733285 0.33688 -0.94155 0.00000 -69.92994 -0.94155 -0.33688 0.00000 98.36859 -0.00000 -0.00000 -1.00000 0.00000
1634315767982038 0.32503 -0.94570 0.00000 -70.55143 -0.94570 -0.32503 0.00000 99.22873 -0.00000 -0.00000 -1.00000 0.00000
1634315768230931 0.31988 -0.94746 0.00000 -71.78331 -0.94746 -0.31988 0.00000 99.49600 -0.00000 -0.00000 -1.00000 0.00000
1634315768479480 0.32055 -0.94723 -0.00000 -73.73311 -0.94723 -0.32055 0.00000 99.49873 -0.00000 -0.00000 -1.00000 0.00000
1634315768728517 0.32688 -0.94507 0.00000 -76.21656 -0.94507 -0.32688 0.00000 98.97768 -0.00000 -0.00000 -1.00000 0.00000
1634315768977160 0.33460 -0.94236 0.00000 -78.83484 -0.94236 -0.33460 0.00000 98.20213 -0.00000 -0.00000 -1.00000 0.00000
1634315769226125 0.34491 -0.93864 0.00000 -81.64124 -0.93864 -0.34491 0.00000 97.26245 -0.00000 -0.00000 -1.00000 0.00000
1634315769475030 0.36101 -0.93256 0.00000 -85.02678 -0.93256 -0.36101 0.00000 95.87273 -0.00000 -0.00000 -1.00000 0.00000
1634315769723824 0.37740 -0.92605 0.00000 -88.31683 -0.92605 -0.37740 0.00000 94.30318 -0.00000 -0.00000 -1.00000 0.00000
1634315769972847 0.39637 -0.91809 0.00000 -91.72204 -0.91809 -0.39637 0.00000 92.50923 -0.00000 -0.00000 -1.00000 0.00000
1634315770221448 0.41240 -0.91100 0.00000 -94.75338 -0.91100 -0.41240 0.00000 90.77991 -0.00000 -0.00000 -1.00000 0.00000
1634315770470361 0.42612 -0.90467 0.00000 -97.37085 -0.90467 -0.42612 0.00000 89.36649 -0.00000 -0.00000 -1.00000 0.00000
1634315770719383 0.43625 -0.89983 0.00000 -99.56738 -0.89983 -0.43625 0.00000 88.23761 -0.00000 -0.00000 -1.00000 0.00000
1634315770968588 0.44715 -0.89446 0.00000 -101.61284 -0.89446 -0.44715 0.00000 87.00162 -0.00000 -0.00000 -1.00000 0.00000
1634315771217360 0.45569 -0.89014 0.00000 -103.24466 -0.89014 -0.45569 0.00000 85.99579 -0.00000 -0.00000 -1.00000 0.00000
1634315771466218 0.45981 -0.88802 0.00000 -104.33355 -0.88802 -0.45981 0.00000 85.46753 -0.00000 -0.00000 -1.00000 0.00000
1634315771715373 0.46613 -0.88472 0.00000 -105.47633 -0.88472 -0.46613 0.00000 84.76424 -0.00000 -0.00000 -1.00000 0.00000
1634315771964482 0.47087 -0.88220 -0.00000 -106.30135 -0.88220 -0.47087 0.00000 84.17894 -0.00000 -0.00000 -1.00000 0.00000
1634315772213376 0.47382 -0.88062 -0.00000 -106.97987 -0.88062 -0.47382 0.00000 83.81868 -0.00000 -0.00000 -1.00000 0.00000
1634315772462121 0.47892 -0.87786 -0.00000 -107.83401 -0.87786 -0.47892 0.00000 83.15525 -0.00000 -0.00000 -1.00000 0.00000
1634315772710942 0.48180 -0.87628 0.00000 -108.56812 -0.87628 -0.48180 0.00000 82.86139 -0.00000 -0.00000 -1.00000 0.00000
1634315772959750 0.48443 -0.87483 -0.00000 -109.29882 -0.87483 -0.48443 0.00000 82.45846 -0.00000 -0.00000 -1.00000 0.00000
1634315773208564 0.48805 -0.87282 -0.00000 -110.15792 -0.87282 -0.48805 0.00000 81.93433 -0.00000 -0.00000 -1.00000 0.00000
1634315773457259 0.49803 -0.86716 0.00000 -111.84582 -0.86716 -0.49803 0.00000 80.73139 -0.00000 -0.00000 -1.00000 0.00000
1634315773706006 0.50973 -0.86033 -0.00000 -113.68876 -0.86033 -0.50973 0.00000 79.18484 -0.00000 -0.00000 -1.00000 0.00000
1634315773954605 0.51862 -0.85501 0.00000 -115.42699 -0.85501 -0.51862 0.00000 77.97525 -0.00000 -0.00000 -1.00000 0.00000
1634315774203449 0.53016 -0.84789 0.00000 -117.45639 -0.84789 -0.53016 0.00000 76.40260 -0.00000 -0.00000 -1.00000 0.00000
1634315774452187 0.54505 -0.83841 0.00000 -120.00177 -0.83841 -0.54505 0.00000 74.25557 -0.00000 -0.00000 -1.00000 0.00000
1634315774701029 0.55615 -0.83108 -0.00000 -122.30353 -0.83108 -0.55615 0.00000 72.59803 -0.00000 -0.00000 -1.00000 0.00000
1634315774949784 0.57110 -0.82088 0.00000 -124.93254 -0.82088 -0.57110 0.00000 70.30657 -0.00000 -0.00000 -1.00000 0.00000
1634315775198472 0.58692 -0.80964 0.00000 -127.73499 -0.80964 -0.58692 0.00000 67.85608 -0.00000 -0.00000 -1.00000 0.00000
1634315775447323 0.60156 -0.79883 0.00000 -130.49504 -0.79883 -0.60156 0.00000 65.53152 -0.00000 -0.00000 -1.00000 0.00000
1634315775696331 0.61000 -0.79240 0.00000 -132.75353 -0.79240 -0.61000 0.00000 64.07241 -0.00000 -0.00000 -1.00000 0.00000
1634315775945347 0.61495 -0.78857 -0.00000 -134.52011 -0.78857 -0.61495 0.00000 63.18174 -0.00000 -0.00000 -1.00000 0.00000
1634315776193974 0.61914 -0.78528 0.00000 -136.32248 -0.78528 -0.61914 0.00000 62.47588 -0.00000 -0.00000 -1.00000 0.00000
1634315776442601 0.62354 -0.78179 0.00000 -138.12893 -0.78179 -0.62354 0.00000 61.72049 -0.00000 -0.00000 -1.00000 0.00000
1634315776691514 0.62780 -0.77838 0.00000 -139.87959 -0.77838 -0.62780 0.00000 60.88737 -0.00000 -0.00000 -1.00000 0.00000
1634315776940397 0.63270 -0.77440 0.00000 -141.61117 -0.77440 -0.63270 0.00000 59.98224 -0.00000 -0.00000 -1.00000 0.00000
1634315777189114 0.63759 -0.77038 0.00000 -143.40440 -0.77038 -0.63759 0.00000 59.10997 -0.00000 -0.00000 -1.00000 0.00000
1634315777437818 0.64493 -0.76424 0.00000 -145.31764 -0.76424 -0.64493 0.00000 57.72518 -0.00000 -0.00000 -1.00000 0.00000
1634315777686589 0.65484 -0.75576 0.00000 -147.41172 -0.75576 -0.65484 0.00000 55.83084 -0.00000 -0.00000 -1.00000 0.00000
1634315777935481 0.66745 -0.74466 0.00000 -149.66802 -0.74466 -0.66745 0.00000 53.21729 -0.00000 -0.00000 -1.00000 0.00000
1634315778184103 0.68101 -0.73227 0.00000 -151.87455 -0.73227 -0.68101 0.00000 50.51103 -0.00000 -0.00000 -1.00000 0.00000
1634315778432584 0.70405 -0.71015 0.00000 -154.65999 -0.71015 -0.70405 0.00000 45.57368 -0.00000 -0.00000 -1.00000 0.00000
1634315778681268 0.73699 -0.67591 0.00000 -157.78209 -0.67591 -0.73699 0.00000 38.21731 -0.00000 -0.00000 -1.00000 0.00000
1634315778929784 0.77986 -0.62595 0.00000 -161.10501 -0.62595 -0.77986 0.00000 27.72306 -0.00000 -0.00000 -1.00000 0.00000
1634315779178477 0.82068 -0.57139 0.00000 -163.76331 -0.57139 -0.82068 0.00000 16.61308 -0.00000 -0.00000 -1.00000 0.00000
1634315779426937 0.85953 -0.51108 -0.00000 -165.63906 -0.51108 -0.85953 0.00000 4.84451 -0.00000 -0.00000 -1.00000 0.00000
1634315779675060 0.90629 -0.42265 0.00000 -166.26671 -0.42265 -0.90629 0.00000 -11.86004 -0.00000 -0.00000 -1.00000 -0.00000
1634315779923506 0.95003 -0.31214 0.00000 -164.80614 -0.31214 -0.95003 0.00000 -31.46019 -0.00000 -0.00000 -1.00000 -0.00000
1634315780171904 0.98453 -0.17520 -0.00000 -159.72859 -0.17520 -0.98453 0.00000 -54.35202 -0.00000 -0.00000 -1.00000 -0.00000
1634315780420516 0.99941 -0.03441 0.00000 -151.47104 -0.03441 -0.99941 0.00000 -76.30693 -0.00000 -0.00000 -1.00000 -0.00000
1634315780669473 0.99431 0.10655 0.00000 -140.22228 0.10655 -0.99431 0.00000 -96.85901 0.00000 -0.00000 -1.00000 -0.00000
1634315780918375 0.96665 0.25610 0.00000 -124.85716 0.25610 -0.96665 0.00000 -117.03535 0.00000 -0.00000 -1.00000 -0.00000
1634315781166959 0.91688 0.39916 0.00000 -106.72109 0.39916 -0.91688 0.00000 -134.46532 0.00000 -0.00000 -1.00000 -0.00000
1634315781415616 0.84397 0.53639 0.00000 -85.43754 0.53639 -0.84397 0.00000 -149.36200 0.00000 -0.00000 -1.00000 -0.00000
1634315781664393 0.75054 0.66082 0.00000 -62.21158 0.66082 -0.75054 0.00000 -160.79935 0.00000 -0.00000 -1.00000 -0.00000
1634315781913171 0.63586 0.77181 0.00000 -36.72856 0.77181 -0.63586 0.00000 -168.69391 0.00000 -0.00000 -1.00000 -0.00000
1634315782161818 0.50079 0.86557 -0.00000 -9.54755 0.86557 -0.50079 0.00000 -172.43061 0.00000 -0.00000 -1.00000 -0.00000
1634315782410614 0.35126 0.93628 0.00000 18.06477 0.93628 -0.35126 0.00000 -171.61200 0.00000 -0.00000 -1.00000 -0.00000
1634315782659239 0.19238 0.98132 -0.00000 45.24584 0.98132 -0.19238 0.00000 -166.26255 0.00000 -0.00000 -1.00000 -0.00000
1634315782907967 0.02134 0.99977 0.00000 72.16793 0.99977 -0.02134 0.00000 -155.97340 0.00000 -0.00000 -1.00000 -0.00000
1634315783156719 -0.15223 0.98834 0.00000 97.20566 0.98834 0.15223 0.00000 -141.15627 0.00000 0.00000 -1.00000 -0.00000
1634315783405356 -0.32431 0.94595 0.00000 119.63356 0.94595 0.32431 0.00000 -121.73936 0.00000 0.00000 -1.00000 -0.00000
1634315783654165 -0.48342 0.87539 0.00000 137.91707 0.87539 0.48342 0.00000 -99.23483 0.00000 0.00000 -1.00000 -0.00000
1634315783903146 -0.62423 0.78124 0.00000 151.63150 0.78124 0.62423 0.00000 -74.45693 0.00000 0.00000 -1.00000 -0.00000
1634315784152296 -0.73750 0.67535 0.00000 160.25594 0.67535 0.73750 0.00000 -50.13392 0.00000 0.00000 -1.00000 -0.00000
1634315784401463 -0.82265 0.56854 0.00000 164.48726 0.56854 0.82265 0.00000 -27.89410 0.00000 0.00000 -1.00000 -0.00000
1634315784650396 -0.87703 0.48044 0.00000 165.39468 0.48044 0.87703 0.00000 -10.70242 0.00000 0.00000 -1.00000 -0.00000
1634315784899569 -0.91147 0.41136 0.00000 164.50207 0.41136 0.91147 0.00000 2.05494 0.00000 0.00000 -1.00000 0.00000
1634315785148617 -0.93497 0.35472 0.00000 162.94833 0.35472 0.93497 0.00000 12.19938 0.00000 0.00000 -1.00000 0.00000
1634315785397517 -0.94874 0.31607 0.00000 161.08203 0.31607 0.94874 0.00000 18.80282 0.00000 0.00000 -1.00000 0.00000
1634315785646497 -0.96079 0.27726 0.00000 158.97487 0.27726 0.96079 0.00000 25.53651 0.00000 0.00000 -1.00000 0.00000
1634315785895157 -0.96422 0.26510 0.00000 157.39982 0.26510 0.96422 0.00000 27.42028 0.00000 0.00000 -1.00000 0.00000
1634315786143836 -0.96717 0.25412 0.00000 155.72989 0.25412 0.96717 0.00000 29.31392 0.00000 0.00000 -1.00000 0.00000
1634315786392546 -0.96765 0.25231 0.00000 154.43456 0.25231 0.96765 0.00000 29.48308 0.00000 0.00000 -1.00000 0.00000
1634315786641488 -0.96485 0.26280 0.00000 153.30656 0.26280 0.96485 0.00000 27.93721 0.00000 0.00000 -1.00000 0.00000
1634315786890396 -0.96027 0.27909 0.00000 152.50543 0.27909 0.96027 0.00000 25.23628 0.00000 0.00000 -1.00000 0.00000
1634315787139132 -0.95391 0.30009 0.00000 151.55673 0.30009 0.95391 0.00000 21.89685 0.00000 0.00000 -1.00000 0.00000
1634315787387991 -0.94428 0.32914 0.00000 150.76418 0.32914 0.94428 0.00000 17.12810 0.00000 0.00000 -1.00000 0.00000
1634315787636929 -0.93163 0.36341 0.00000 149.82180 0.36341 0.93163 0.00000 11.66628 0.00000 0.00000 -1.00000 0.00000
1634315787886022 -0.91280 0.40841 0.00000 148.73272 0.40841 0.91280 0.00000 4.29238 0.00000 0.00000 -1.00000 0.00000
1634315788135037 -0.88764 0.46054 -0.00000 147.21859 0.46054 0.88764 0.00000 -4.34511 0.00000 0.00000 -1.00000 -0.00000
1634315788383862 -0.85567 0.51751 0.00000 145.05176 0.51751 0.85567 0.00000 -13.99997 0.00000 0.00000 -1.00000 -0.00000
1634315788632594 -0.81792 0.57533 0.00000 142.21983 0.57533 0.81792 0.00000 -23.98627 0.00000 0.00000 -1.00000 -0.00000
1634315788881763 -0.77377 0.63346 0.00000 138.53903 0.63346 0.77377 0.00000 -34.30178 0.00000 0.00000 -1.00000 -0.00000
1634315789130325 -0.72502 0.68873 0.00000 134.09592 0.68873 0.72502 0.00000 -44.43591 0.00000 0.00000 -1.00000 -0.00000
1634315789379187 -0.67204 0.74051 0.00000 128.81404 0.74051 0.67204 0.00000 -54.29645 0.00000 0.00000 -1.00000 -0.00000
1634315789628148 -0.61480 0.78868 0.00000 122.78951 0.78868 0.61480 0.00000 -63.81329 0.00000 0.00000 -1.00000 -0.00000
1634315789876888 -0.55891 0.82923 0.00000 116.36655 0.82923 0.55891 0.00000 -72.15873 0.00000 0.00000 -1.00000 -0.00000
1634315790125708 -0.50653 0.86222 0.00000 109.90626 0.86222 0.50653 0.00000 -79.25437 0.00000 0.00000 -1.00000 -0.00000
1634315790374169 -0.45834 0.88878 0.00000 103.58242 0.88878 0.45834 0.00000 -85.18903 0.00000 0.00000 -1.00000 -0.00000
1634315790623143 -0.40877 0.91264 0.00000 96.84299 0.91264 0.40877 0.00000 -90.73276 0.00000 0.00000 -1.00000 -0.00000
1634315790871867 -0.36072 0.93267 0.00000 90.07538 0.93267 0.36072 0.00000 -95.67592 0.00000 0.00000 -1.00000 -0.00000
1634315791120414 -0.32161 0.94687 0.00000 84.13861 0.94687 0.32161 0.00000 -99.32045 0.00000 0.00000 -1.00000 -0.00000
1634315791369087 -0.29038 0.95691 0.00000 78.99515 0.95691 0.29038 0.00000 -102.06118 0.00000 0.00000 -1.00000 -0.00000
1634315791617681 -0.26924 0.96307 0.00000 74.79377 0.96307 0.26924 0.00000 -103.80221 0.00000 0.00000 -1.00000 -0.00000
1634315791866360 -0.24893 0.96852 -0.00000 70.79468 0.96852 0.24893 0.00000 -105.40398 0.00000 0.00000 -1.00000 -0.00000
1634315792115175 -0.23973 0.97084 0.00000 67.92869 0.97084 0.23973 0.00000 -105.98763 0.00000 0.00000 -1.00000 -0.00000
1634315792363666 -0.24546 0.96941 0.00000 66.70862 0.96941 0.24546 0.00000 -105.70584 0.00000 0.00000 -1.00000 -0.00000
1634315792612063 -0.25919 0.96583 0.00000 66.37805 0.96583 0.25919 0.00000 -104.80363 0.00000 0.00000 -1.00000 -0.00000
1634315792860766 -0.26641 0.96386 0.00000 65.33550 0.96386 0.26641 0.00000 -104.34199 0.00000 0.00000 -1.00000 -0.00000
1634315793109714 -0.27343 0.96189 0.00000 64.28335 0.96189 0.27343 0.00000 -103.92654 0.00000 0.00000 -1.00000 -0.00000
1634315793358428 -0.28941 0.95720 0.00000 64.23146 0.95720 0.28941 0.00000 -102.85444 0.00000 0.00000 -1.00000 -0.00000
1634315793607351 -0.30809 0.95136 0.00000 64.43693 0.95136 0.30809 0.00000 -101.62616 0.00000 0.00000 -1.00000 -0.00000
1634315793855966 -0.33166 0.94340 0.00000 65.16032 0.94340 0.33166 0.00000 -99.98808 0.00000 0.00000 -1.00000 -0.00000
1634315794104603 -0.35917 0.93327 -0.00000 66.29753 0.93327 0.35917 0.00000 -98.08319 0.00000 0.00000 -1.00000 -0.00000
1634315794353045 -0.39343 0.91935 0.00000 68.13257 0.91935 0.39343 0.00000 -95.60584 0.00000 0.00000 -1.00000 -0.00000
1634315794601428 -0.44184 0.89709 -0.00000 71.40559 0.89709 0.44184 0.00000 -91.84506 0.00000 0.00000 -1.00000 -0.00000
1634315794850334 -0.48968 0.87190 0.00000 74.55454 0.87190 0.48968 0.00000 -87.95010 0.00000 0.00000 -1.00000 -0.00000
1634315795098872 -0.54153 0.84068 0.00000 77.97001 0.84068 0.54153 0.00000 -83.33877 0.00000 0.00000 -1.00000 -0.00000
1634315795347214 -0.60374 0.79718 -0.00000 82.29462 0.79718 0.60374 0.00000 -77.30479 0.00000 0.00000 -1.00000 -0.00000
1634315795596049 -0.66689 0.74516 -0.00000 86.42427 0.74516 0.66689 0.00000 -70.36921 0.00000 0.00000 -1.00000 -0.00000
1634315795845170 -0.72571 0.68800 0.00000 89.98894 0.68800 0.72571 0.00000 -63.08900 0.00000 0.00000 -1.00000 -0.00000
1634315796093920 -0.78137 0.62407 0.00000 93.18150 0.62407 0.78137 0.00000 -55.34695 0.00000 0.00000 -1.00000 -0.00000
1634315796342817 -0.82919 0.55897 0.00000 95.53026 0.55897 0.82919 0.00000 -47.65714 0.00000 0.00000 -1.00000 -0.00000
1634315796591671 -0.87118 0.49096 -0.00000 97.20910 0.49096 0.87118 0.00000 -39.90972 0.00000 0.00000 -1.00000 -0.00000
1634315796840348 -0.90312 0.42940 0.00000 97.90936 0.42940 0.90312 0.00000 -33.12027 0.00000 0.00000 -1.00000 -0.00000
1634315797089045 -0.92403 0.38233 0.00000 97.50397 0.38233 0.92403 0.00000 -28.04537 0.00000 0.00000 -1.00000 -0.00000
1634315797337393 -0.94417 0.32945 0.00000 97.03998 0.32945 0.94417 0.00000 -22.55384 0.00000 0.00000 -1.00000 -0.00000
1634315797586088 -0.95979 0.28073 -0.00000 96.06840 0.28073 0.95979 0.00000 -17.62478 0.00000 0.00000 -1.00000 -0.00000
1634315797834786 -0.97183 0.23568 0.00000 94.86737 0.23568 0.97183 0.00000 -13.16847 0.00000 0.00000 -1.00000 -0.00000
1634315798083487 -0.97920 0.20291 0.00000 93.31689 0.20291 0.97920 0.00000 -10.05993 0.00000 0.00000 -1.00000 -0.00000
1634315798332508 -0.98553 0.16951 -0.00000 91.59030 0.16951 0.98553 0.00000 -6.91846 0.00000 0.00000 -1.00000 -0.00000
1634315798581371 -0.98885 0.14891 0.00000 89.61038 0.14891 0.98885 0.00000 -4.98602 0.00000 0.00000 -1.00000 -0.00000
1634315798830157 -0.99245 0.12265 -0.00000 87.69099 0.12265 0.99245 0.00000 -2.64529 0.00000 0.00000 -1.00000 -0.00000
1634315799078991 -0.99477 0.10215 0.00000 85.57978 0.10215 0.99477 0.00000 -0.87877 0.00000 0.00000 -1.00000 -0.00000
1634315799327729 -0.99690 0.07871 -0.00000 83.34626 0.07871 0.99690 0.00000 1.11838 0.00000 0.00000 -1.00000 0.00000
1634315799576800 -0.99848 0.05513 0.00000 81.09414 0.05513 0.99848 0.00000 3.10618 0.00000 0.00000 -1.00000 0.00000
1634315799826040 -0.99924 0.03894 0.00000 78.84267 0.03894 0.99924 0.00000 4.35676 0.00000 0.00000 -1.00000 0.00000
1634315800074999 -0.99981 0.01956 0.00000 76.51197 0.01956 0.99981 0.00000 5.80469 0.00000 0.00000 -1.00000 0.00000
1634315800323966 -0.99997 0.00765 0.00000 74.31728 0.00765 0.99997 0.00000 6.67668 0.00000 0.00000 -1.00000 0.00000
1634315800573025 -0.99998 0.00618 0.00000 72.08891 0.00618 0.99998 0.00000 6.70402 0.00000 0.00000 -1.00000 0.00000
1634315800822129 -0.99995 0.01012 0.00000 69.92370 0.01012 0.99995 0.00000 6.41770 0.00000 0.00000 -1.00000 0.00000
1634315801070966 -0.99988 0.01539 0.00000 67.75990 0.01539 0.99988 0.00000 5.99990 0.00000 0.00000 -1.00000 0.00000
1634315801319679 -0.99990 0.01438 0.00000 65.48757 0.01438 0.99990 0.00000 6.09724 0.00000 0.00000 -1.00000 0.00000
1634315801568739 -0.99987 0.01629 0.00000 63.25126 0.01629 0.99987 0.00000 5.89725 0.00000 0.00000 -1.00000 0.00000
1634315801817408 -0.99996 0.00923 0.00000 60.89757 0.00923 0.99996 0.00000 6.23336 0.00000 0.00000 -1.00000 0.00000
1634315802066297 -0.99993 0.01172 0.00000 58.66512 0.01172 0.99993 0.00000 6.04119 0.00000 0.00000 -1.00000 0.00000
1634315802315109 -0.99985 0.01719 0.00000 56.39818 0.01719 0.99985 0.00000 5.69806 0.00000 0.00000 -1.00000 0.00000
1634315802563828 -0.99967 0.02583 0.00000 54.15234 0.02583 0.99967 0.00000 5.21560 0.00000 0.00000 -1.00000 0.00000
1634315802812299 -0.99952 0.03102 0.00000 51.93329 0.03102 0.99952 0.00000 4.86990 0.00000 0.00000 -1.00000 0.00000
1634315803061146 -0.99918 0.04054 0.00000 49.67813 0.04054 0.99918 0.00000 4.34996 0.00000 0.00000 -1.00000 0.00000
1634315803310359 -0.99865 0.05204 0.00000 47.47955 0.05204 0.99865 0.00000 3.76785 0.00000 0.00000 -1.00000 0.00000
1634315803559465 -0.99754 0.07014 0.00000 45.32906 0.07014 0.99754 0.00000 2.81992 0.00000 0.00000 -1.00000 0.00000
1634315803808624 -0.99637 0.08515 0.00000 43.19789 0.08515 0.99637 0.00000 2.07840 0.00000 0.00000 -1.00000 0.00000
1634315804057574 -0.99568 0.09288 0.00000 40.99106 0.09288 0.99568 0.00000 1.70708 0.00000 0.00000 -1.00000 0.00000
1634315804306616 -0.99507 0.09917 0.00000 38.81345 0.09917 0.99507 0.00000 1.38355 0.00000 0.00000 -1.00000 0.00000
1634315804555718 -0.99447 0.10506 0.00000 36.75028 0.10506 0.99447 0.00000 1.15948 0.00000 0.00000 -1.00000 0.00000
1634315804804572 -0.99445 0.10522 -0.00000 34.53111 0.10522 0.99445 0.00000 1.01847 0.00000 0.00000 -1.00000 0.00000
1634315805053288 -0.99432 0.10642 0.00000 32.49327 0.10642 0.99432 0.00000 1.01058 0.00000 0.00000 -1.00000 0.00000
1634315805301909 -0.99422 0.10741 0.00000 30.41774 0.10741 0.99422 0.00000 0.89442 0.00000 0.00000 -1.00000 0.00000
1634315805550806 -0.99395 0.10985 -0.00000 28.27595 0.10985 0.99395 0.00000 0.78078 0.00000 0.00000 -1.00000 0.00000
1634315805799725 -0.99364 0.11259 0.00000 26.17324 0.11259 0.99364 0.00000 0.61925 0.00000 0.00000 -1.00000 0.00000
1634315806048626 -0.99304 0.11774 0.00000 24.06282 0.11774 0.99304 0.00000 0.48001 0.00000 0.00000 -1.00000 0.00000
1634315806297776 -0.99245 0.12263 0.00000 22.02936 0.12263 0.99245 0.00000 0.32910 0.00000 0.00000 -1.00000 0.00000
1634315806546828 -0.99201 0.12612 0.00000 20.07798 0.12612 0.99201 0.00000 0.26615 0.00000 0.00000 -1.00000 0.00000
1634315806795655 -0.99156 0.12962 0.00000 18.28129 0.12962 0.99156 0.00000 0.13881 0.00000 0.00000 -1.00000 0.00000
1634315807044493 -0.99134 0.13130 -0.00000 16.47264 0.13130 0.99134 0.00000 0.08890 0.00000 0.00000 -1.00000 0.00000
1634315807293162 -0.99126 0.13191 0.00000 14.80439 0.13191 0.99126 0.00000 0.04246 0.00000 0.00000 -1.00000 0.00000
1634315807541639 -0.99155 0.12973 0.00000 13.15779 0.12973 0.99155 0.00000 0.05587 0.00000 0.00000 -1.00000 0.00000
1634315807790807 -0.99098 0.13404 0.00000 11.51507 0.13404 0.99098 0.00000 -0.01267 0.00000 0.00000 -1.00000 -0.00000
1634315808039814 -0.99107 0.13331 0.00000 9.79848 0.13331 0.99107 0.00000 -0.00774 0.00000 0.00000 -1.00000 -0.00000
1634315808288650 -0.99098 0.13400 -0.00000 8.15138 0.13400 0.99098 0.00000 -0.06607 0.00000 0.00000 -1.00000 -0.00000
1634315808537374 -0.99040 0.13821 0.00000 6.57841 0.13821 0.99040 0.00000 -0.11783 0.00000 0.00000 -1.00000 -0.00000
1634315808786135 -0.99057 0.13698 0.00000 4.92012 0.13698 0.99057 0.00000 -0.10457 0.00000 0.00000 -1.00000 -0.00000
1634315809034821 -0.98974 0.14289 -0.00000 3.30789 0.14289 0.98974 0.00000 -0.19360 0.00000 0.00000 -1.00000 -0.00000
1634315809283778 -0.98927 0.14613 0.00000 1.69501 0.14613 0.98927 0.00000 -0.26479 0.00000 0.00000 -1.00000 -0.00000
1634315809532263 -0.98875 0.14955 0.00000 0.07024 0.14955 0.98875 0.00000 -0.25489 0.00000 0.00000 -1.00000 -0.00000
1634315809781244 -0.98807 0.15398 0.00000 -1.54809 0.15398 0.98807 0.00000 -0.30663 0.00000 0.00000 -1.00000 -0.00000
1634315810030375 -0.98907 0.14748 0.00000 -3.16464 0.14748 0.98907 0.00000 -0.37173 0.00000 0.00000 -1.00000 -0.00000
1634315810279236 -0.98968 0.14328 0.00000 -4.70972 0.14328 0.98968 0.00000 -0.48810 0.00000 0.00000 -1.00000 -0.00000
1634315810528146 -0.99228 0.12405 -0.00000 -6.08584 0.12405 0.99228 0.00000 -0.54993 0.00000 0.00000 -1.00000 -0.00000
1634315810776612 -0.99384 0.11085 0.00000 -7.33782 0.11085 0.99384 0.00000 -0.75551 0.00000 0.00000 -1.00000 -0.00000
1634315811025587 -0.99516 0.09832 -0.00000 -8.51874 0.09832 0.99516 0.00000 -0.85150 0.00000 0.00000 -1.00000 -0.00000
1634315811274751 -0.99639 0.08488 0.00000 -9.44493 0.08488 0.99639 0.00000 -0.93497 0.00000 0.00000 -1.00000 -0.00000
1634315811523542 -0.99708 0.07639 0.00000 -10.21654 0.07639 0.99708 0.00000 -1.06449 0.00000 0.00000 -1.00000 -0.00000
1634315811772648 -0.99790 0.06481 0.00000 -10.76228 0.06481 0.99790 0.00000 -1.22968 0.00000 0.00000 -1.00000 -0.00000
1634315812021701 -0.99838 0.05685 0.00000 -11.24032 0.05685 0.99838 0.00000 -1.24982 0.00000 0.00000 -1.00000 -0.00000
1634315812270819 -0.99875 0.05006 -0.00000 -11.55476 0.05006 0.99875 0.00000 -1.33628 0.00000 0.00000 -1.00000 -0.00000
1634315812519591 -0.99889 0.04715 -0.00000 -11.91786 0.04715 0.99889 0.00000 -1.39951 0.00000 0.00000 -1.00000 -0.00000
1634315812768323 -0.99908 0.04280 -0.00000 -12.34530 0.04280 0.99908 0.00000 -1.44308 0.00000 0.00000 -1.00000 -0.00000
1634315813017019 -0.99939 0.03499 0.00000 -12.69687 0.03499 0.99939 0.00000 -1.58872 0.00000 0.00000 -1.00000 -0.00000
1634315813265666 -0.99956 0.02974 0.00000 -13.21257 0.02974 0.99956 0.00000 -1.66726 0.00000 0.00000 -1.00000 -0.00000
1634315813514482 -0.99950 0.03170 -0.00000 -13.93492 0.03170 0.99950 0.00000 -1.64423 0.00000 0.00000 -1.00000 -0.00000
1634315813762701 -0.99929 0.03760 0.00000 -14.74659 0.03760 0.99929 0.00000 -1.59333 0.00000 0.00000 -1.00000 -0.00000
1634315814011033 -0.99920 0.03993 0.00000 -15.76244 0.03993 0.99920 0.00000 -1.51603 0.00000 0.00000 -1.00000 -0.00000
1634315814259452 -0.99919 0.04033 0.00000 -16.86600 0.04033 0.99919 0.00000 -1.56604 0.00000 0.00000 -1.00000 -0.00000
1634315814507875 -0.99902 0.04417 -0.00000 -18.13039 0.04417 0.99902 0.00000 -1.55741 0.00000 0.00000 -1.00000 -0.00000
1634315814756417 -0.99896 0.04565 0.00000 -19.58869 0.04565 0.99896 0.00000 -1.55534 0.00000 0.00000 -1.00000 -0.00000
1634315815005064 -0.99891 0.04669 -0.00000 -21.19402 0.04669 0.99891 0.00000 -1.54840 0.00000 0.00000 -1.00000 -0.00000
