1612292844098129 0.98119 0.19303 0.00000 5.63897 0.19303 -0.98119 0.00000 0.38118 0.00000 0.00000 -1.00000 0.00000
1612292844348130 0.98119 0.19306 0.00000 5.63897 0.19306 -0.98119 0.00000 0.38135 0.00000 0.00000 -1.00000 0.00000
1612292844598145 0.98119 0.19304 0.00000 5.63899 0.19304 -0.98119 0.00000 0.38125 0.00000 0.00000 -1.00000 0.00000
1612292844848135 0.98118 0.19307 0.00000 5.63898 0.19307 -0.98118 0.00000 0.38143 0.00000 0.00000 -1.00000 0.00000
1612292845098136 0.98118 0.19308 0.00000 5.63897 0.19308 -0.98118 0.00000 0.38145 0.00000 0.00000 -1.00000 0.00000
1612292845348143 0.98118 0.19307 0.00000 5.63897 0.19307 -0.98118 0.00000 0.38137 0.00000 0.00000 -1.00000 0.00000
1612292845597522 0.98118 0.19310 0.00000 5.63897 0.19310 -0.98118 0.00000 0.38151 0.00000 0.00000 -1.00000 0.00000
1612292845847527 0.98119 0.19306 0.00000 5.63898 0.19306 -0.98119 0.00000 0.38124 0.00000 0.00000 -1.00000 0.00000
1612292846097527 0.98120 0.19301 0.00000 5.63894 0.19301 -0.98120 0.00000 0.38101 0.00000 0.00000 -1.00000 0.00000
1612292846347533 0.98119 0.19304 0.00000 5.63895 0.19304 -0.98119 0.00000 0.38106 0.00000 0.00000 -1.00000 0.00000
1612292846597532 0.98119 0.19303 0.00000 5.63891 0.19303 -0.98119 0.00000 0.38124 0.00000 0.00000 -1.00000 0.00000
1612292846848164 0.98119 0.19305 0.00000 5.63892 0.19305 -0.98119 0.00000 0.38116 0.00000 0.00000 -1.00000 0.00000
1612292847098794 0.98119 0.19307 0.00000 5.63892 0.19307 -0.98119 0.00000 0.38141 0.00000 0.00000 -1.00000 0.00000
1612292847348795 0.98119 0.19305 0.00000 5.63891 0.19305 -0.98119 0.00000 0.38125 0.00000 0.00000 -1.00000 0.00000
1612292847598794 0.98119 0.19304 0.00000 5.63887 0.19304 -0.98119 0.00000 0.38113 0.00000 0.00000 -1.00000 0.00000
1612292847848176 0.98119 0.19305 0.00000 5.63891 0.19305 -0.98119 0.00000 0.38122 0.00000 0.00000 -1.00000 0.00000
1612292848098180 0.98119 0.19304 0.00000 5.63889 0.19304 -0.98119 0.00000 0.38112 0.00000 0.00000 -1.00000 0.00000
1612292848348186 0.98120 0.19301 0.00000 5.63898 0.19301 -0.98120 0.00000 0.38120 0.00000 0.00000 -1.00000 0.00000
1612292848598189 0.98120 0.19298 0.00000 5.63800 0.19298 -0.98120 0.00000 0.38098 0.00000 0.00000 -1.00000 0.00000
1612292848848191 0.98121 0.19294 0.00000 5.61988 0.19294 -0.98121 0.00000 0.37966 0.00000 0.00000 -1.00000 0.00000
1612292849098195 0.98125 0.19272 0.00000 5.58648 0.19272 -0.98125 0.00000 0.37835 0.00000 0.00000 -1.00000 0.00000
1612292849348196 0.98129 0.19251 0.00000 5.54204 0.19251 -0.98129 0.00000 0.37595 0.00000 0.00000 -1.00000 0.00000
1612292849597575 0.98136 0.19220 0.00000 5.45964 0.19220 -0.98136 0.00000 0.37186 0.00000 0.00000 -1.00000 0.00000
1612292849847578 0.98148 0.19155 0.00000 5.30983 0.19155 -0.98148 0.00000 0.36428 0.00000 0.00000 -1.00000 0.00000
1612292850097579 0.98167 0.19059 0.00000 5.08153 0.19059 -0.98167 0.00000 0.35358 0.00000 0.00000 -1.00000 0.00000
1612292850348208 0.98222 0.18772 0.00000 4.77230 0.18772 -0.98222 0.00000 0.33304 0.00000 0.00000 -1.00000 0.00000
1612292850598836 0.98352 0.18082 0.00000 4.38010 0.18082 -0.98352 0.00000 0.29124 0.00000 0.00000 -1.00000 0.00000
1612292850848839 0.98513 0.17184 0.00000 3.90549 0.17184 -0.98513 0.00000 0.24548 0.00000 0.00000 -1.00000 0.00000
1612292851098844 0.98700 0.16069 0.00000 3.34839 0.16069 -0.98700 0.00000 0.18741 0.00000 0.00000 -1.00000 0.00000
1612292851348846 0.98892 0.14847 0.00000 2.70965 0.14847 -0.98892 0.00000 0.13051 0.00000 0.00000 -1.00000 0.00000
1612292851598850 0.99090 0.13456 0.00000 1.99591 0.13456 -0.99090 0.00000 0.07410 0.00000 0.00000 -1.00000 0.00000
1612292851848229 0.99275 0.12017 0.00000 1.21197 0.12017 -0.99275 0.00000 0.03627 0.00000 0.00000 -1.00000 0.00000
1612292852097606 0.99409 0.10854 0.00000 0.36591 0.10854 -0.99409 0.00000 -0.00115 0.00000 0.00000 -1.00000 0.00000
1612292852347615 0.99481 0.10171 0.00000 -0.54174 0.10171 -0.99481 0.00000 -0.02413 0.00000 0.00000 -1.00000 0.00000
1612292852596997 0.99516 0.09826 0.00000 -1.51164 0.09826 -0.99516 0.00000 -0.02716 0.00000 0.00000 -1.00000 0.00000
1612292852846990 0.99496 0.10030 0.00000 -2.53402 0.10030 -0.99496 0.00000 -0.05900 0.00000 0.00000 -1.00000 0.00000
1612292853096995 0.99450 0.10473 0.00000 -3.60868 0.10473 -0.99450 0.00000 -0.06568 0.00000 0.00000 -1.00000 0.00000
1612292853347001 0.99389 0.11036 0.00000 -4.72571 0.11036 -0.99389 0.00000 -0.09852 0.00000 0.00000 -1.00000 0.00000
1612292853597625 0.99333 0.11528 0.00000 -5.87562 0.11528 -0.99333 0.00000 -0.13288 0.00000 0.00000 -1.00000 0.00000
1612292853848254 0.99272 0.12044 0.00000 -7.07647 0.12044 -0.99272 0.00000 -0.17772 0.00000 0.00000 -1.00000 0.00000
1612292854098889 0.99195 0.12661 0.00000 -8.33982 0.12661 -0.99195 0.00000 -0.23278 0.00000 0.00000 -1.00000 0.00000
1612292854348884 0.99105 0.13351 0.00000 -9.63789 0.13351 -0.99105 0.00000 -0.31686 0.00000 0.00000 -1.00000 0.00000
1612292854598889 0.98993 0.14158 0.00000 -10.98835 0.14158 -0.98993 0.00000 -0.41971 0.00000 0.00000 -1.00000 0.00000
1612292854848892 0.98872 0.14978 0.00000 -12.41804 0.14978 -0.98872 0.00000 -0.54077 0.00000 0.00000 -1.00000 0.00000
1612292855098897 0.98716 0.15976 0.00000 -13.86501 0.15976 -0.98716 0.00000 -0.68800 0.00000 0.00000 -1.00000 0.00000
1612292855348900 0.98523 0.17123 0.00000 -15.31291 0.17123 -0.98523 0.00000 -0.88536 0.00000 0.00000 -1.00000 0.00000
1612292855598279 0.98349 0.18097 0.00000 -16.85311 0.18097 -0.98349 0.00000 -1.06148 0.00000 0.00000 -1.00000 0.00000
1612292855848280 0.98163 0.19082 0.00000 -18.39513 0.19082 -0.98163 0.00000 -1.27005 0.00000 0.00000 -1.00000 0.00000
1612292856098283 0.97984 0.19977 0.00000 -19.97661 0.19977 -0.97984 0.00000 -1.47345 0.00000 0.00000 -1.00000 0.00000
1612292856348287 0.97847 0.20640 0.00000 -21.57398 0.20640 -0.97847 0.00000 -1.63837 0.00000 0.00000 -1.00000 0.00000
1612292856597665 0.97762 0.21036 0.00000 -23.16805 0.21036 -0.97762 0.00000 -1.76014 0.00000 0.00000 -1.00000 0.00000
1612292856847668 0.97681 0.21411 0.00000 -24.77371 0.21411 -0.97681 0.00000 -1.88045 0.00000 0.00000 -1.00000 0.00000
1612292857097676 0.97605 0.21756 0.00000 -26.39094 0.21756 -0.97605 0.00000 -2.01194 0.00000 0.00000 -1.00000 0.00000
1612292857348304 0.97536 0.22064 0.00000 -28.03787 0.22064 -0.97536 0.00000 -2.11285 0.00000 0.00000 -1.00000 0.00000
1612292857598308 0.97504 0.22203 0.00000 -29.74257 0.22203 -0.97504 0.00000 -2.18444 0.00000 0.00000 -1.00000 0.00000
1612292857848310 0.97509 0.22179 0.00000 -31.51392 0.22179 -0.97509 0.00000 -2.21216 0.00000 0.00000 -1.00000 0.00000
1612292858097687 0.97423 0.22555 0.00000 -33.22743 0.22555 -0.97423 0.00000 -2.36827 0.00000 0.00000 -1.00000 0.00000
1612292858348315 0.97310 0.23040 0.00000 -35.02319 0.23040 -0.97310 0.00000 -2.56982 0.00000 0.00000 -1.00000 0.00000
1612292858598320 0.97067 0.24042 0.00000 -36.82238 0.24042 -0.97067 0.00000 -2.98448 0.00000 0.00000 -1.00000 0.00000
1612292858848319 0.96760 0.25249 0.00000 -38.57404 0.25249 -0.96760 0.00000 -3.49585 0.00000 0.00000 -1.00000 0.00000
1612292859097696 0.96692 0.25508 0.00000 -40.40487 0.25508 -0.96692 0.00000 -3.63330 0.00000 0.00000 -1.00000 0.00000
1612292859347075 0.96733 0.25351 0.00000 -42.22334 0.25351 -0.96733 0.00000 -3.60136 0.00000 0.00000 -1.00000 0.00000
1612292859597702 0.96707 0.25449 0.00000 -44.03995 0.25449 -0.96707 0.00000 -3.69781 0.00000 0.00000 -1.00000 0.00000
1612292859847702 0.96702 0.25469 0.00000 -45.89233 0.25469 -0.96702 0.00000 -3.73134 0.00000 0.00000 -1.00000 0.00000
1612292860097711 0.96694 0.25502 0.00000 -47.79118 0.25502 -0.96694 0.00000 -3.78969 0.00000 0.00000 -1.00000 0.00000
1612292860348340 0.96697 0.25489 0.00000 -49.72036 0.25489 -0.96697 0.00000 -3.81111 0.00000 0.00000 -1.00000 0.00000
1612292860598352 0.96674 0.25577 0.00000 -51.66955 0.25577 -0.96674 0.00000 -3.89673 0.00000 0.00000 -1.00000 0.00000
1612292860848347 0.96649 0.25672 0.00000 -53.63096 0.25672 -0.96649 0.00000 -3.97620 0.00000 0.00000 -1.00000 0.00000
1612292861098973 0.96702 0.25469 0.00000 -55.59262 0.25469 -0.96702 0.00000 -3.90123 0.00000 0.00000 -1.00000 0.00000
1612292861348352 0.96803 0.25085 0.00000 -57.57706 0.25085 -0.96803 0.00000 -3.73066 0.00000 0.00000 -1.00000 0.00000
1612292861597734 0.96886 0.24762 0.00000 -59.53227 0.24762 -0.96886 0.00000 -3.59041 0.00000 0.00000 -1.00000 0.00000
1612292861847735 0.96951 0.24505 0.00000 -61.49296 0.24505 -0.96951 0.00000 -3.47852 0.00000 0.00000 -1.00000 0.00000
1612292862097110 0.96999 0.24314 0.00000 -63.42000 0.24314 -0.96999 0.00000 -3.39103 0.00000 0.00000 -1.00000 0.00000
1612292862347117 0.97029 0.24195 0.00000 -65.35090 0.24195 -0.97029 0.00000 -3.33114 0.00000 0.00000 -1.00000 0.00000
1612292862597121 0.97055 0.24091 0.00000 -67.24875 0.24091 -0.97055 0.00000 -3.29265 0.00000 0.00000 -1.00000 0.00000
1612292862847747 0.97058 0.24078 0.00000 -69.15431 0.24078 -0.97058 0.00000 -3.32664 0.00000 0.00000 -1.00000 0.00000
1612292863098383 0.97031 0.24187 0.00000 -71.05250 0.24187 -0.97031 0.00000 -3.44494 0.00000 0.00000 -1.00000 0.00000
1612292863348385 0.97010 0.24271 0.00000 -72.92434 0.24271 -0.97010 0.00000 -3.54257 0.00000 0.00000 -1.00000 0.00000
1612292863599009 0.97010 0.24270 0.00000 -74.79687 0.24270 -0.97010 0.00000 -3.57461 0.00000 0.00000 -1.00000 0.00000
1612292863848380 0.97013 0.24259 0.00000 -76.65133 0.24259 -0.97013 0.00000 -3.60691 0.00000 0.00000 -1.00000 0.00000
1612292864098385 0.97130 0.23787 0.00000 -78.50214 0.23787 -0.97130 0.00000 -3.24211 0.00000 0.00000 -1.00000 0.00000
1612292864348391 0.97463 0.22383 0.00000 -80.37113 0.22383 -0.97463 0.00000 -2.15308 0.00000 0.00000 -1.00000 0.00000
1612292864598392 0.97888 0.20443 0.00000 -82.22318 0.20443 -0.97888 0.00000 -0.57637 0.00000 0.00000 -1.00000 0.00000
1612292864847773 0.98545 0.16999 0.00000 -83.98670 0.16999 -0.98545 0.00000 2.30409 0.00000 0.00000 -1.00000 0.00000
1612292865097778 0.99198 0.12636 0.00000 -85.56049 0.12636 -0.99198 0.00000 6.01102 0.00000 0.00000 -1.00000 0.00000
1612292865347157 0.99744 0.07146 0.00000 -86.85725 0.07146 -0.99744 0.00000 10.75006 0.00000 0.00000 -1.00000 0.00000
1612292865597783 0.99990 0.01447 0.00000 -87.83864 0.01447 -0.99990 0.00000 15.66317 0.00000 0.00000 -1.00000 0.00000
1612292865847158 0.99919 -0.04025 0.00000 -88.56142 -0.04025 -0.99919 0.00000 20.43313 0.00000 -0.00000 -1.00000 0.00000
1612292866098414 0.99526 -0.09727 0.00000 -88.94777 -0.09727 -0.99526 0.00000 25.43163 0.00000 -0.00000 -1.00000 0.00000
1612292866348421 0.98815 -0.15348 0.00000 -89.05290 -0.15348 -0.98815 0.00000 30.41720 0.00000 -0.00000 -1.00000 0.00000
1612292866599046 0.97720 -0.21232 0.00000 -88.77699 -0.21232 -0.97720 0.00000 35.67657 0.00000 -0.00000 -1.00000 0.00000
1612292866849045 0.96157 -0.27454 0.00000 -87.97022 -0.27454 -0.96157 0.00000 41.32458 0.00000 -0.00000 -1.00000 0.00000
1612292867098424 0.93883 -0.34438 0.00000 -86.36753 -0.34438 -0.93883 0.00000 47.66065 0.00000 -0.00000 -1.00000 0.00000
1612292867347803 0.91118 -0.41201 0.00000 -84.32101 -0.41201 -0.91118 0.00000 53.86135 0.00000 -0.00000 -1.00000 0.00000
1612292867597182 0.87843 -0.47787 0.00000 -81.82505 -0.47787 -0.87843 0.00000 59.89518 0.00000 -0.00000 -1.00000 0.00000
1612292867847183 0.84060 -0.54166 0.00000 -78.86572 -0.54166 -0.84060 0.00000 65.81360 0.00000 -0.00000 -1.00000 0.00000
1612292868097817 0.79969 -0.60041 0.00000 -75.69948 -0.60041 -0.79969 0.00000 71.27020 0.00000 -0.00000 -1.00000 0.00000
1612292868347820 0.75698 -0.65344 0.00000 -72.46052 -0.65344 -0.75698 0.00000 76.24069 0.00000 -0.00000 -1.00000 0.00000
1612292868597826 0.71500 -0.69912 0.00000 -69.42664 -0.69912 -0.71500 0.00000 80.56829 0.00000 -0.00000 -1.00000 0.00000
1612292868847816 0.67988 -0.73333 0.00000 -67.27155 -0.73333 -0.67988 0.00000 83.86285 0.00000 -0.00000 -1.00000 0.00000
1612292869097827 0.65223 -0.75802 0.00000 -66.02703 -0.75802 -0.65223 0.00000 86.27230 0.00000 -0.00000 -1.00000 0.00000
1612292869347831 0.63463 -0.77281 0.00000 -66.01586 -0.77281 -0.63463 0.00000 87.72731 0.00000 -0.00000 -1.00000 0.00000
1612292869597835 0.62650 -0.77942 0.00000 -67.09708 -0.77942 -0.62650 0.00000 88.36231 0.00000 -0.00000 -1.00000 0.00000
1612292869847837 0.62121 -0.78365 0.00000 -68.54083 -0.78365 -0.62121 0.00000 88.79292 0.00000 -0.00000 -1.00000 0.00000
1612292870098464 0.61663 -0.78725 0.00000 -70.08719 -0.78725 -0.61663 0.00000 89.17489 0.00000 -0.00000 -1.00000 0.00000
1612292870348470 0.61238 -0.79056 0.00000 -71.67747 -0.79056 -0.61238 0.00000 89.54296 0.00000 -0.00000 -1.00000 0.00000
1612292870598467 0.61058 -0.79195 0.00000 -73.54680 -0.79195 -0.61058 0.00000 89.67627 0.00000 -0.00000 -1.00000 0.00000
1612292870848475 0.60991 -0.79247 0.00000 -75.53223 -0.79247 -0.60991 0.00000 89.69483 0.00000 -0.00000 -1.00000 0.00000
1612292871098485 0.61098 -0.79164 0.00000 -77.70136 -0.79164 -0.61098 0.00000 89.54338 0.00000 -0.00000 -1.00000 0.00000
1612292871347857 0.61175 -0.79105 0.00000 -79.82472 -0.79105 -0.61175 0.00000 89.42499 0.00000 -0.00000 -1.00000 0.00000
1612292871597861 0.61304 -0.79005 0.00000 -81.98783 -0.79005 -0.61304 0.00000 89.24256 0.00000 -0.00000 -1.00000 0.00000
1612292871847863 0.61500 -0.78853 0.00000 -84.22414 -0.78853 -0.61500 0.00000 88.99359 0.00000 -0.00000 -1.00000 0.00000
1612292872097867 0.61913 -0.78529 0.00000 -86.67444 -0.78529 -0.61913 0.00000 88.49915 0.00000 -0.00000 -1.00000 0.00000
1612292872347872 0.62676 -0.77921 0.00000 -89.51269 -0.77921 -0.62676 0.00000 87.61304 0.00000 -0.00000 -1.00000 0.00000
1612292872597877 0.63292 -0.77422 0.00000 -92.17554 -0.77422 -0.63292 0.00000 86.87167 0.00000 -0.00000 -1.00000 0.00000
1612292872847873 0.63736 -0.77057 0.00000 -94.60511 -0.77057 -0.63736 0.00000 86.30994 0.00000 -0.00000 -1.00000 0.00000
1612292873098500 0.64015 -0.76825 0.00000 -96.83870 -0.76825 -0.64015 0.00000 85.92665 0.00000 -0.00000 -1.00000 0.00000
1612292873348505 0.64140 -0.76721 0.00000 -98.91004 -0.76721 -0.64140 0.00000 85.72642 0.00000 -0.00000 -1.00000 0.00000
1612292873597886 0.64262 -0.76619 0.00000 -100.92463 -0.76619 -0.64262 0.00000 85.53607 0.00000 -0.00000 -1.00000 0.00000
1612292873847893 0.64529 -0.76394 0.00000 -103.08701 -0.76394 -0.64529 0.00000 85.14619 0.00000 -0.00000 -1.00000 0.00000
1612292874097893 0.64690 -0.76258 0.00000 -105.13244 -0.76258 -0.64690 0.00000 84.88887 0.00000 -0.00000 -1.00000 0.00000
1612292874347274 0.65000 -0.75993 0.00000 -107.29549 -0.75993 -0.65000 0.00000 84.41346 0.00000 -0.00000 -1.00000 0.00000
1612292874597279 0.65381 -0.75666 0.00000 -109.51239 -0.75666 -0.65381 0.00000 83.83238 0.00000 -0.00000 -1.00000 0.00000
1612292874847906 0.65681 -0.75406 0.00000 -111.67542 -0.75406 -0.65681 0.00000 83.36493 0.00000 -0.00000 -1.00000 0.00000
1612292875097909 0.66402 -0.74771 0.00000 -114.21821 -0.74771 -0.66402 0.00000 82.23583 0.00000 -0.00000 -1.00000 0.00000
1612292875348535 0.68102 -0.73227 0.00000 -117.79946 -0.73227 -0.68102 0.00000 79.54331 0.00000 -0.00000 -1.00000 0.00000
1612292875598539 0.70237 -0.71182 0.00000 -121.81554 -0.71182 -0.70237 0.00000 75.98112 0.00000 -0.00000 -1.00000 0.00000
1612292875849169 0.72972 -0.68375 0.00000 -126.37151 -0.68375 -0.72972 0.00000 71.09597 0.00000 -0.00000 -1.00000 0.00000
1612292876099170 0.75950 -0.65051 0.00000 -131.02871 -0.65051 -0.75950 0.00000 65.33722 0.00000 -0.00000 -1.00000 0.00000
1612292876349176 0.79177 -0.61082 0.00000 -135.77280 -0.61082 -0.79177 0.00000 58.51097 0.00000 -0.00000 -1.00000 0.00000
1612292876599189 0.82499 -0.56514 0.00000 -140.38948 -0.56514 -0.82499 0.00000 50.71801 0.00000 -0.00000 -1.00000 0.00000
1612292876849179 0.86117 -0.50831 0.00000 -144.94516 -0.50831 -0.86117 0.00000 41.10558 0.00000 -0.00000 -1.00000 0.00000
1612292877099181 0.89967 -0.43656 0.00000 -149.21581 -0.43656 -0.89967 0.00000 29.14141 0.00000 -0.00000 -1.00000 0.00000
1612292877348561 0.93506 -0.35449 0.00000 -152.56571 -0.35449 -0.93506 0.00000 15.63831 0.00000 -0.00000 -1.00000 0.00000
1612292877598565 0.96455 -0.26391 0.00000 -154.64028 -0.26391 -0.96455 0.00000 1.02275 0.00000 -0.00000 -1.00000 0.00000
1612292877848570 0.98687 -0.16150 0.00000 -155.10541 -0.16150 -0.98687 0.00000 -15.20143 0.00000 -0.00000 -1.00000 0.00000
1612292878098572 0.99869 -0.05125 0.00000 -153.59350 -0.05125 -0.99869 0.00000 -32.29695 0.00000 -0.00000 -1.00000 0.00000
1612292878348576 0.99782 0.06601 0.00000 -149.82982 0.06601 -0.99782 0.00000 -50.05280 0.00000 0.00000 -1.00000 0.00000
1612292878598575 0.98191 0.18935 0.00000 -143.48106 0.18935 -0.98191 0.00000 -68.28323 0.00000 0.00000 -1.00000 0.00000
1612292878848579 0.94739 0.32008 0.00000 -133.93451 0.32008 -0.94739 0.00000 -87.04635 0.00000 0.00000 -1.00000 0.00000
1612292879098591 0.89009 0.45578 0.00000 -120.65554 0.45578 -0.89009 0.00000 -105.77292 0.00000 0.00000 -1.00000 0.00000
1612292879348591 0.80829 0.58878 0.00000 -103.66757 0.58878 -0.80829 0.00000 -123.27831 0.00000 0.00000 -1.00000 0.00000
1612292879598591 0.70318 0.71101 0.00000 -83.43855 0.71101 -0.70318 0.00000 -138.34218 0.00000 0.00000 -1.00000 0.00000
1612292879847970 0.57486 0.81825 0.00000 -60.11756 0.81825 -0.57486 0.00000 -150.32065 0.00000 0.00000 -1.00000 0.00000
1612292880097973 0.42653 0.90447 0.00000 -34.42747 0.90447 -0.42653 0.00000 -158.37687 0.00000 0.00000 -1.00000 0.00000
1612292880348602 0.26324 0.96473 0.00000 -7.32667 0.96473 -0.26324 0.00000 -161.93517 0.00000 0.00000 -1.00000 0.00000
1612292880598606 0.09074 0.99588 0.00000 20.19466 0.99588 -0.09074 0.00000 -160.72762 0.00000 0.00000 -1.00000 0.00000
1612292880848608 -0.08465 0.99641 0.00000 47.11455 0.99641 0.08465 0.00000 -154.71624 0.00000 0.00000 -1.00000 0.00000
1612292881098609 -0.25890 0.96590 0.00000 72.80697 0.96590 0.25890 0.00000 -143.98115 0.00000 0.00000 -1.00000 0.00000
1612292881348615 -0.42565 0.90489 0.00000 96.28552 0.90489 0.42565 0.00000 -128.82809 0.00000 0.00000 -1.00000 0.00000
1612292881598618 -0.57842 0.81574 0.00000 116.61853 0.81574 0.57842 0.00000 -109.83166 0.00000 0.00000 -1.00000 0.00000
1612292881848619 -0.71027 0.70393 0.00000 132.90725 0.70393 0.71027 0.00000 -88.09920 0.00000 0.00000 -1.00000 0.00000
1612292882097995 -0.81407 0.58076 0.00000 144.39811 0.58076 0.81407 0.00000 -65.60663 0.00000 0.00000 -1.00000 0.00000
1612292882348627 -0.88678 0.46220 0.00000 151.10331 0.46220 0.88678 0.00000 -44.94245 0.00000 0.00000 -1.00000 0.00000
1612292882598633 -0.93491 0.35488 0.00000 154.28496 0.35488 0.93491 0.00000 -26.90890 0.00000 0.00000 -1.00000 0.00000
1612292882848634 -0.96269 0.27061 0.00000 154.95643 0.27061 0.96269 0.00000 -13.14475 0.00000 0.00000 -1.00000 0.00000
1612292883099261 -0.97740 0.21138 0.00000 154.28816 0.21138 0.97740 0.00000 -3.69189 0.00000 0.00000 -1.00000 0.00000
1612292883349263 -0.98480 0.17370 0.00000 153.06344 0.17370 0.98480 0.00000 2.21087 0.00000 0.00000 -1.00000 0.00000
1612292883599270 -0.98811 0.15377 0.00000 151.67127 0.15377 0.98811 0.00000 5.28600 0.00000 0.00000 -1.00000 0.00000
1612292883849272 -0.98864 0.15029 0.00000 150.29813 0.15029 0.98864 0.00000 5.81203 0.00000 0.00000 -1.00000 0.00000
1612292884098654 -0.98618 0.16570 0.00000 148.98495 0.16570 0.98618 0.00000 3.44777 0.00000 0.00000 -1.00000 0.00000
1612292884348654 -0.98127 0.19265 0.00000 147.55912 0.19265 0.98127 0.00000 -0.65008 0.00000 0.00000 -1.00000 0.00000
1612292884598668 -0.97386 0.22716 0.00000 145.94546 0.22716 0.97386 0.00000 -5.87833 0.00000 0.00000 -1.00000 0.00000
1612292884848660 -0.96325 0.26860 0.00000 144.03183 0.26860 0.96325 0.00000 -12.13276 0.00000 0.00000 -1.00000 0.00000
1612292885098664 -0.94817 0.31776 0.00000 141.63578 0.31776 0.94817 0.00000 -19.53543 0.00000 0.00000 -1.00000 0.00000
1612292885348670 -0.92841 0.37156 0.00000 138.65789 0.37156 0.92841 0.00000 -27.63447 0.00000 0.00000 -1.00000 0.00000
1612292885598669 -0.90384 0.42788 0.00000 135.03417 0.42788 0.90384 0.00000 -36.10918 0.00000 0.00000 -1.00000 0.00000
1612292885848050 -0.87608 0.48217 0.00000 130.88947 0.48217 0.87608 0.00000 -44.29002 0.00000 0.00000 -1.00000 0.00000
1612292886098053 -0.84436 0.53577 0.00000 126.15842 0.53577 0.84436 0.00000 -52.36358 0.00000 0.00000 -1.00000 0.00000
1612292886348056 -0.81223 0.58333 0.00000 121.18726 0.58333 0.81223 0.00000 -59.52586 0.00000 0.00000 -1.00000 0.00000
1612292886598058 -0.77807 0.62818 0.00000 115.81863 0.62818 0.77807 0.00000 -66.27850 0.00000 0.00000 -1.00000 0.00000
1612292886848057 -0.74290 0.66940 0.00000 110.20843 0.66940 0.74290 0.00000 -72.48340 0.00000 0.00000 -1.00000 0.00000
1612292887098690 -0.70697 0.70724 0.00000 104.35820 0.70724 0.70697 0.00000 -78.14959 0.00000 0.00000 -1.00000 0.00000
1612292887348691 -0.67578 0.73710 0.00000 98.95310 0.73710 0.67578 0.00000 -82.59947 0.00000 0.00000 -1.00000 0.00000
1612292887598692 -0.65100 0.75908 0.00000 94.18928 0.75908 0.65100 0.00000 -85.82310 0.00000 0.00000 -1.00000 0.00000
1612292887848701 -0.62912 0.77731 0.00000 89.66105 0.77731 0.62912 0.00000 -88.48432 0.00000 0.00000 -1.00000 0.00000
1612292888098701 -0.61560 0.78806 0.00000 86.04965 0.78806 0.61560 0.00000 -90.05651 0.00000 0.00000 -1.00000 0.00000
1612292888348705 -0.60786 0.79405 0.00000 83.11008 0.79405 0.60786 0.00000 -90.95616 0.00000 0.00000 -1.00000 0.00000
1612292888599334 -0.60343 0.79742 0.00000 80.51642 0.79742 0.60343 0.00000 -91.47058 0.00000 0.00000 -1.00000 0.00000
1612292888849335 -0.59840 0.80120 0.00000 77.89227 0.80120 0.59840 0.00000 -92.01882 0.00000 0.00000 -1.00000 0.00000
1612292889099338 -0.59394 0.80451 0.00000 75.33047 0.80451 0.59394 0.00000 -92.48823 0.00000 0.00000 -1.00000 0.00000
1612292889348716 -0.58926 0.80794 0.00000 72.76550 0.80794 0.58926 0.00000 -92.96788 0.00000 0.00000 -1.00000 0.00000
1612292889598093 -0.58888 0.80822 0.00000 70.71840 0.80822 0.58888 0.00000 -93.05221 0.00000 0.00000 -1.00000 0.00000
1612292889848725 -0.59062 0.80695 0.00000 68.92259 0.80695 0.59062 0.00000 -92.94961 0.00000 0.00000 -1.00000 0.00000
1612292890098102 -0.59980 0.80015 0.00000 68.01130 0.80015 0.59980 0.00000 -92.21676 0.00000 0.00000 -1.00000 0.00000
1612292890348103 -0.61324 0.78990 0.00000 67.60926 0.78990 0.61324 0.00000 -91.10879 0.00000 0.00000 -1.00000 0.00000
1612292890598107 -0.63139 0.77546 0.00000 67.76683 0.77546 0.63139 0.00000 -89.57398 0.00000 0.00000 -1.00000 0.00000
1612292890847482 -0.65461 0.75597 0.00000 68.54927 0.75597 0.65461 0.00000 -87.54318 0.00000 0.00000 -1.00000 0.00000
1612292891098113 -0.68024 0.73299 0.00000 69.62077 0.73299 0.68024 0.00000 -85.20229 0.00000 0.00000 -1.00000 0.00000
1612292891348118 -0.70895 0.70526 0.00000 71.13429 0.70526 0.70895 0.00000 -82.41472 0.00000 0.00000 -1.00000 0.00000
1612292891598121 -0.74030 0.67227 0.00000 73.01694 0.67227 0.74030 0.00000 -79.15044 0.00000 0.00000 -1.00000 0.00000
1612292891849374 -0.77364 0.63362 0.00000 75.19396 0.63362 0.77364 0.00000 -75.37480 0.00000 0.00000 -1.00000 0.00000
1612292892099999 -0.80493 0.59337 0.00000 77.24640 0.59337 0.80493 0.00000 -71.50723 0.00000 0.00000 -1.00000 0.00000
1612292892350003 -0.83595 0.54880 0.00000 79.36688 0.54880 0.83595 0.00000 -67.25951 0.00000 0.00000 -1.00000 0.00000
1612292892600018 -0.86490 0.50194 0.00000 81.32824 0.50194 0.86490 0.00000 -62.83251 0.00000 0.00000 -1.00000 0.00000
1612292892850011 -0.89321 0.44964 0.00000 83.29663 0.44964 0.89321 0.00000 -57.93537 0.00000 0.00000 -1.00000 0.00000
1612292893099389 -0.91904 0.39417 0.00000 85.09990 0.39417 0.91904 0.00000 -52.78534 0.00000 0.00000 -1.00000 0.00000
1612292893349395 -0.94097 0.33848 0.00000 86.55782 0.33848 0.94097 0.00000 -47.63134 0.00000 0.00000 -1.00000 0.00000
1612292893599399 -0.96015 0.27949 0.00000 87.81983 0.27949 0.96015 0.00000 -42.22200 0.00000 0.00000 -1.00000 0.00000
1612292893849401 -0.97458 0.22405 0.00000 88.57192 0.22405 0.97458 0.00000 -37.17501 0.00000 0.00000 -1.00000 0.00000
1612292894098778 -0.98655 0.16346 0.00000 89.16066 0.16346 0.98655 0.00000 -31.68089 0.00000 0.00000 -1.00000 0.00000
1612292894349409 -0.99442 0.10553 0.00000 89.29187 0.10553 0.99442 0.00000 -26.49929 0.00000 0.00000 -1.00000 0.00000
1612292894598784 -0.99891 0.04662 0.00000 89.12876 0.04662 0.99891 0.00000 -21.23162 0.00000 0.00000 -1.00000 0.00000
1612292894848790 -0.99988 -0.01535 -0.00000 88.63676 -0.01535 0.99988 0.00000 -15.75088 0.00000 0.00000 -1.00000 0.00000
1612292895098176 -0.99729 -0.07358 -0.00000 87.73223 -0.07358 0.99729 0.00000 -10.58675 0.00000 0.00000 -1.00000 0.00000
1612292895348795 -0.99208 -0.12563 -0.00000 86.44710 -0.12563 0.99208 0.00000 -6.03664 0.00000 0.00000 -1.00000 0.00000
1612292895598174 -0.98660 -0.16318 -0.00000 84.86910 -0.16318 0.98660 0.00000 -2.75520 0.00000 0.00000 -1.00000 0.00000
1612292895848179 -0.98279 -0.18472 -0.00000 83.17350 -0.18472 0.98279 0.00000 -0.95412 0.00000 0.00000 -1.00000 0.00000
1612292896097552 -0.97994 -0.19927 -0.00000 81.38587 -0.19927 0.97994 0.00000 0.24308 0.00000 0.00000 -1.00000 0.00000
1612292896348184 -0.97863 -0.20562 -0.00000 79.58085 -0.20562 0.97863 0.00000 0.73930 0.00000 0.00000 -1.00000 0.00000
1612292896598186 -0.97712 -0.21270 -0.00000 77.79089 -0.21270 0.97712 0.00000 1.26888 0.00000 0.00000 -1.00000 0.00000
1612292896848189 -0.97643 -0.21584 -0.00000 76.00315 -0.21584 0.97643 0.00000 1.48600 0.00000 0.00000 -1.00000 0.00000
1612292897098819 -0.97562 -0.21947 -0.00000 74.20854 -0.21947 0.97562 0.00000 1.72653 0.00000 0.00000 -1.00000 0.00000
1612292897349447 -0.97520 -0.22133 -0.00000 72.43287 -0.22133 0.97520 0.00000 1.83489 0.00000 0.00000 -1.00000 0.00000
1612292897599450 -0.97506 -0.22193 -0.00000 70.66447 -0.22193 0.97506 0.00000 1.83988 0.00000 0.00000 -1.00000 0.00000
1612292897849450 -0.97502 -0.22210 -0.00000 68.89500 -0.22210 0.97502 0.00000 1.80789 0.00000 0.00000 -1.00000 0.00000
1612292898099457 -0.97472 -0.22344 -0.00000 67.13079 -0.22344 0.97472 0.00000 1.87272 0.00000 0.00000 -1.00000 0.00000
1612292898349458 -0.97362 -0.22818 -0.00000 65.37754 -0.22818 0.97362 0.00000 2.16734 0.00000 0.00000 -1.00000 0.00000
1612292898599766 -0.97260 -0.23249 -0.00000 63.58832 -0.23249 0.97260 0.00000 2.43342 0.00000 0.00000 -1.00000 0.00000
1612292898850085 -0.97048 -0.24118 -0.00000 61.79552 -0.24118 0.97048 0.00000 2.95175 0.00000 0.00000 -1.00000 0.00000
1612292899100087 -0.96698 -0.25484 -0.00000 59.96914 -0.25484 0.96698 0.00000 3.76443 0.00000 0.00000 -1.00000 0.00000
1612292899350105 -0.96346 -0.26786 -0.00000 58.12619 -0.26786 0.96346 0.00000 4.52029 0.00000 0.00000 -1.00000 0.00000
1612292899600096 -0.96020 -0.27930 -0.00000 56.27714 -0.27930 0.96020 0.00000 5.15739 0.00000 0.00000 -1.00000 0.00000
1612292899850104 -0.95778 -0.28749 -0.00000 54.42955 -0.28749 0.95778 0.00000 5.60927 0.00000 0.00000 -1.00000 0.00000
1612292900100106 -0.95702 -0.29001 -0.00000 52.61610 -0.29001 0.95702 0.00000 5.72402 0.00000 0.00000 -1.00000 0.00000
1612292900350106 -0.95643 -0.29197 -0.00000 50.77116 -0.29197 0.95643 0.00000 5.78885 0.00000 0.00000 -1.00000 0.00000
1612292900599497 -0.95663 -0.29130 -0.00000 48.94236 -0.29130 0.95663 0.00000 5.72609 0.00000 0.00000 -1.00000 0.00000
1612292900849487 -0.95848 -0.28515 -0.00000 47.12374 -0.28515 0.95848 0.00000 5.38376 0.00000 0.00000 -1.00000 0.00000
1612292901098865 -0.96044 -0.27848 -0.00000 45.28495 -0.27848 0.96044 0.00000 5.01706 0.00000 0.00000 -1.00000 0.00000
1612292901348870 -0.96286 -0.26999 -0.00000 43.44240 -0.26999 0.96286 0.00000 4.57603 0.00000 0.00000 -1.00000 0.00000
1612292901598876 -0.96528 -0.26120 -0.00000 41.57959 -0.26120 0.96528 0.00000 4.13774 0.00000 0.00000 -1.00000 0.00000
1612292901848251 -0.96758 -0.25257 -0.00000 39.68726 -0.25257 0.96758 0.00000 3.73190 0.00000 0.00000 -1.00000 0.00000
1612292902097635 -0.97038 -0.24160 -0.00000 37.80234 -0.24160 0.97038 0.00000 3.21599 0.00000 0.00000 -1.00000 0.00000
1612292902347634 -0.97156 -0.23680 -0.00000 35.87483 -0.23680 0.97156 0.00000 3.01341 0.00000 0.00000 -1.00000 0.00000
1612292902598264 -0.97303 -0.23067 -0.00000 33.89286 -0.23067 0.97303 0.00000 2.75763 0.00000 0.00000 -1.00000 0.00000
1612292902848886 -0.97385 -0.22718 -0.00000 31.91710 -0.22718 0.97385 0.00000 2.60019 0.00000 0.00000 -1.00000 0.00000
1612292903098903 -0.97401 -0.22649 -0.00000 29.89051 -0.22649 0.97401 0.00000 2.52730 0.00000 0.00000 -1.00000 0.00000
1612292903348898 -0.97494 -0.22248 -0.00000 27.82219 -0.22248 0.97494 0.00000 2.37585 0.00000 0.00000 -1.00000 0.00000
1612292903598901 -0.97583 -0.21851 -0.00000 25.80484 -0.21851 0.97583 0.00000 2.21503 0.00000 0.00000 -1.00000 0.00000
1612292903849524 -0.97669 -0.21468 -0.00000 23.70208 -0.21468 0.97669 0.00000 2.07217 0.00000 0.00000 -1.00000 0.00000
1612292904098920 -0.97818 -0.20777 -0.00000 21.62325 -0.20777 0.97818 0.00000 1.86655 0.00000 0.00000 -1.00000 0.00000
1612292904348912 -0.97961 -0.20093 -0.00000 19.50691 -0.20093 0.97961 0.00000 1.66953 0.00000 0.00000 -1.00000 0.00000
1612292904598917 -0.98091 -0.19445 -0.00000 17.37376 -0.19445 0.98091 0.00000 1.49973 0.00000 0.00000 -1.00000 0.00000
1612292904848290 -0.98213 -0.18820 -0.00000 15.21176 -0.18820 0.98213 0.00000 1.35673 0.00000 0.00000 -1.00000 0.00000
1612292905098297 -0.98327 -0.18216 -0.00000 13.08293 -0.18216 0.98327 0.00000 1.23169 0.00000 0.00000 -1.00000 0.00000
1612292905348300 -0.98420 -0.17706 -0.00000 10.88511 -0.17706 0.98420 0.00000 1.13455 0.00000 0.00000 -1.00000 0.00000
1612292905598301 -0.98488 -0.17323 -0.00000 8.69064 -0.17323 0.98488 0.00000 1.06154 0.00000 0.00000 -1.00000 0.00000
1612292905847681 -0.98564 -0.16887 -0.00000 6.47699 -0.16887 0.98564 0.00000 1.00167 0.00000 0.00000 -1.00000 0.00000
1612292906097681 -0.98633 -0.16478 -0.00000 4.25092 -0.16478 0.98633 0.00000 0.93536 0.00000 0.00000 -1.00000 0.00000
1612292906348311 -0.98660 -0.16315 -0.00000 1.97347 -0.16315 0.98660 0.00000 0.90035 0.00000 0.00000 -1.00000 0.00000
1612292906598314 -0.98680 -0.16193 -0.00000 -0.27850 -0.16193 0.98680 0.00000 0.87500 0.00000 0.00000 -1.00000 0.00000
1612292906848316 -0.98707 -0.16030 -0.00000 -2.55608 -0.16030 0.98707 0.00000 0.83839 0.00000 0.00000 -1.00000 0.00000
1612292907098316 -0.98712 -0.16000 -0.00000 -4.82656 -0.16000 0.98712 0.00000 0.79472 0.00000 0.00000 -1.00000 0.00000
1612292907348324 -0.98700 -0.16073 -0.00000 -7.07880 -0.16073 0.98700 0.00000 0.74037 0.00000 0.00000 -1.00000 0.00000
1612292907598326 -0.98664 -0.16294 -0.00000 -9.34371 -0.16294 0.98664 0.00000 0.67124 0.00000 0.00000 -1.00000 0.00000
1612292907847704 -0.98612 -0.16602 -0.00000 -11.59976 -0.16602 0.98612 0.00000 0.62577 0.00000 0.00000 -1.00000 0.00000
1612292908097709 -0.98595 -0.16702 -0.00000 -13.78435 -0.16702 0.98595 0.00000 0.58910 0.00000 0.00000 -1.00000 0.00000
1612292908348334 -0.98568 -0.16864 -0.00000 -16.03738 -0.16864 0.98568 0.00000 0.50259 0.00000 0.00000 -1.00000 0.00000
1612292908597722 -0.98532 -0.17070 -0.00000 -18.22649 -0.17070 0.98532 0.00000 0.41670 0.00000 0.00000 -1.00000 0.00000
1612292908848360 -0.98480 -0.17370 -0.00000 -20.44222 -0.17370 0.98480 0.00000 0.30873 0.00000 0.00000 -1.00000 0.00000
1612292909098968 -0.98436 -0.17617 -0.00000 -22.67641 -0.17617 0.98436 0.00000 0.19388 0.00000 0.00000 -1.00000 0.00000
1612292909348973 -0.98386 -0.17894 -0.00000 -24.90192 -0.17894 0.98386 0.00000 0.05038 0.00000 0.00000 -1.00000 0.00000
1612292909599601 -0.98323 -0.18239 -0.00000 -27.13778 -0.18239 0.98323 0.00000 -0.10899 0.00000 0.00000 -1.00000 0.00000
1612292909848985 -0.98211 -0.18828 -0.00000 -29.37029 -0.18828 0.98211 0.00000 -0.33151 0.00000 0.00000 -1.00000 0.00000
1612292910098984 -0.98041 -0.19695 -0.00000 -31.58461 -0.19695 0.98041 0.00000 -0.61549 0.00000 0.00000 -1.00000 0.00000
1612292910348989 -0.97840 -0.20671 -0.00000 -33.80455 -0.20671 0.97840 0.00000 -0.96214 0.00000 0.00000 -1.00000 0.00000
1612292910598993 -0.97628 -0.21652 -0.00000 -36.01781 -0.21652 0.97628 0.00000 -1.32674 0.00000 0.00000 -1.00000 0.00000
1612292910848998 -0.97443 -0.22470 -0.00000 -38.17349 -0.22470 0.97443 0.00000 -1.67333 0.00000 0.00000 -1.00000 0.00000
1612292911098381 -0.97244 -0.23314 -0.00000 -40.31134 -0.23314 0.97244 0.00000 -2.05127 0.00000 0.00000 -1.00000 0.00000
1612292911348999 -0.97068 -0.24038 -0.00000 -42.45164 -0.24038 0.97068 0.00000 -2.39460 0.00000 0.00000 -1.00000 0.00000
1612292911599001 -0.96889 -0.24750 -0.00000 -44.50080 -0.24750 0.96889 0.00000 -2.76302 0.00000 0.00000 -1.00000 0.00000
1612292911848382 -0.96746 -0.25301 -0.00000 -46.54412 -0.25301 0.96746 0.00000 -3.06755 0.00000 0.00000 -1.00000 0.00000
1612292912098382 -0.96642 -0.25696 -0.00000 -48.51122 -0.25696 0.96642 0.00000 -3.30582 0.00000 0.00000 -1.00000 0.00000
1612292912348387 -0.96554 -0.26026 -0.00000 -50.40731 -0.26026 0.96554 0.00000 -3.52231 0.00000 0.00000 -1.00000 0.00000
1612292912598391 -0.96607 -0.25827 -0.00000 -52.27108 -0.25827 0.96607 0.00000 -3.45609 0.00000 0.00000 -1.00000 0.00000
1612292912847774 -0.96667 -0.25601 -0.00000 -54.04103 -0.25601 0.96667 0.00000 -3.37751 0.00000 0.00000 -1.00000 0.00000
1612292913099020 -0.96846 -0.24917 -0.00000 -55.74720 -0.24917 0.96846 0.00000 -3.01579 0.00000 0.00000 -1.00000 0.00000
1612292913349646 -0.97088 -0.23958 -0.00000 -57.38127 -0.23958 0.97088 0.00000 -2.48059 0.00000 0.00000 -1.00000 0.00000
1612292913599651 -0.97457 -0.22408 -0.00000 -58.93398 -0.22408 0.97457 0.00000 -1.59165 0.00000 0.00000 -1.00000 0.00000
1612292913849658 -0.97865 -0.20553 -0.00000 -60.38312 -0.20553 0.97865 0.00000 -0.49268 0.00000 0.00000 -1.00000 0.00000
1612292914100286 -0.98319 -0.18257 -0.00000 -61.72501 -0.18257 0.98319 0.00000 0.89459 0.00000 0.00000 -1.00000 0.00000
1612292914349667 -0.98819 -0.15323 -0.00000 -62.92761 -0.15323 0.98819 0.00000 2.71145 0.00000 0.00000 -1.00000 0.00000
1612292914599669 -0.99310 -0.11724 -0.00000 -63.98806 -0.11724 0.99310 0.00000 4.97240 0.00000 0.00000 -1.00000 0.00000
1612292914849689 -0.99721 -0.07467 -0.00000 -64.85860 -0.07467 0.99721 0.00000 7.70284 0.00000 0.00000 -1.00000 0.00000
1612292915099693 -0.99984 -0.01814 -0.00000 -65.40267 -0.01814 0.99984 0.00000 11.34978 0.00000 0.00000 -1.00000 0.00000
1612292915349073 -0.99879 0.04914 0.00000 -65.54920 0.04914 0.99879 0.00000 15.70398 0.00000 0.00000 -1.00000 0.00000
1612292915599078 -0.99210 0.12549 0.00000 -65.21373 0.12549 0.99210 0.00000 20.66887 0.00000 0.00000 -1.00000 0.00000
1612292915849078 -0.97754 0.21077 0.00000 -64.22621 0.21077 0.97754 0.00000 26.21252 0.00000 0.00000 -1.00000 0.00000
1612292916099081 -0.95221 0.30545 0.00000 -62.37010 0.30545 0.95221 0.00000 32.37219 0.00000 0.00000 -1.00000 0.00000
1612292916348460 -0.91364 0.40652 0.00000 -59.50167 0.40652 0.91364 0.00000 38.91362 0.00000 0.00000 -1.00000 0.00000
1612292916598484 -0.85815 0.51340 0.00000 -55.40114 0.51340 0.85815 0.00000 45.75025 0.00000 0.00000 -1.00000 0.00000
1612292916847846 -0.78387 0.62093 0.00000 -49.97866 0.62093 0.78387 0.00000 52.58582 0.00000 0.00000 -1.00000 0.00000
1612292917097850 -0.69504 0.71897 0.00000 -43.64352 0.71897 0.69504 0.00000 58.70974 0.00000 0.00000 -1.00000 0.00000
1612292917348478 -0.59579 0.80314 0.00000 -36.70423 0.80314 0.59579 0.00000 63.84564 0.00000 0.00000 -1.00000 0.00000
1612292917599104 -0.50242 0.86462 0.00000 -30.42738 0.86462 0.50242 0.00000 67.51698 0.00000 0.00000 -1.00000 0.00000
1612292917848481 -0.42085 0.90713 0.00000 -25.20315 0.90713 0.42085 0.00000 70.00003 0.00000 0.00000 -1.00000 0.00000
1612292918099112 -0.36407 0.93137 0.00000 -21.98569 0.93137 0.36407 0.00000 71.36568 0.00000 0.00000 -1.00000 0.00000
1612292918349114 -0.32594 0.94539 0.00000 -20.27166 0.94539 0.32594 0.00000 72.17926 0.00000 0.00000 -1.00000 0.00000
1612292918599112 -0.30149 0.95347 0.00000 -19.68375 0.95347 0.30149 0.00000 72.63266 0.00000 0.00000 -1.00000 0.00000
1612292918848490 -0.28577 0.95830 0.00000 -19.81807 0.95830 0.28577 0.00000 72.92150 0.00000 0.00000 -1.00000 0.00000
1612292919098510 -0.27697 0.96088 0.00000 -20.52697 0.96088 0.27697 0.00000 73.07895 0.00000 0.00000 -1.00000 0.00000
1612292919348484 -0.27241 0.96218 0.00000 -21.61677 0.96218 0.27241 0.00000 73.14465 0.00000 0.00000 -1.00000 0.00000
1612292919598489 -0.26966 0.96296 0.00000 -22.88716 0.96296 0.26966 0.00000 73.17784 0.00000 0.00000 -1.00000 0.00000
1612292919848489 -0.26926 0.96307 0.00000 -24.38147 0.96307 0.26926 0.00000 73.14075 0.00000 0.00000 -1.00000 0.00000
1612292920099117 -0.27108 0.96256 0.00000 -26.11338 0.96256 0.27108 0.00000 73.04904 0.00000 0.00000 -1.00000 0.00000
1612292920349134 -0.27175 0.96237 0.00000 -27.79177 0.96237 0.27175 0.00000 72.99099 0.00000 0.00000 -1.00000 0.00000
1612292920599133 -0.26712 0.96366 0.00000 -29.07818 0.96366 0.26712 0.00000 73.10541 0.00000 0.00000 -1.00000 0.00000
1612292920849128 -0.25528 0.96687 0.00000 -29.79990 0.96687 0.25528 0.00000 73.41866 0.00000 0.00000 -1.00000 0.00000
1612292921099129 -0.24129 0.97045 0.00000 -30.39283 0.97045 0.24129 0.00000 73.81579 0.00000 0.00000 -1.00000 0.00000
1612292921349136 -0.22070 0.97534 0.00000 -30.47019 0.97534 0.22070 0.00000 74.42105 0.00000 0.00000 -1.00000 0.00000
1612292921599140 -0.19499 0.98080 0.00000 -30.14953 0.98080 0.19499 0.00000 75.17948 0.00000 0.00000 -1.00000 0.00000
1612292921849143 -0.16557 0.98620 0.00000 -29.54933 0.98620 0.16557 0.00000 76.02732 0.00000 0.00000 -1.00000 0.00000
1612292922098520 -0.13222 0.99122 0.00000 -28.62878 0.99122 0.13222 0.00000 76.97831 0.00000 0.00000 -1.00000 0.00000
1612292922348524 -0.10155 0.99483 0.00000 -27.93948 0.99483 0.10155 0.00000 77.79893 0.00000 0.00000 -1.00000 0.00000
1612292922597897 -0.07627 0.99709 0.00000 -27.67181 0.99709 0.07627 0.00000 78.44911 0.00000 0.00000 -1.00000 0.00000
1612292922847909 -0.06527 0.99787 0.00000 -28.53989 0.99787 0.06527 0.00000 78.67590 0.00000 0.00000 -1.00000 0.00000
1612292923097910 -0.06920 0.99760 0.00000 -30.58549 0.99760 0.06920 0.00000 78.50599 0.00000 0.00000 -1.00000 0.00000
1612292923348536 -0.08340 0.99652 0.00000 -33.53536 0.99652 0.08340 0.00000 78.02102 0.00000 0.00000 -1.00000 0.00000
1612292923599167 -0.09858 0.99513 0.00000 -36.57663 0.99513 0.09858 0.00000 77.46440 0.00000 0.00000 -1.00000 0.00000
1612292923849792 -0.11675 0.99316 0.00000 -39.83378 0.99316 0.11675 0.00000 76.71795 0.00000 0.00000 -1.00000 0.00000
1612292924099173 -0.13839 0.99038 0.00000 -43.32415 0.99038 0.13839 0.00000 75.77930 0.00000 0.00000 -1.00000 0.00000
1612292924349798 -0.15799 0.98744 0.00000 -46.77629 0.98744 0.15799 0.00000 74.86008 0.00000 0.00000 -1.00000 0.00000
1612292924599813 -0.17654 0.98429 0.00000 -50.11723 0.98429 0.17654 0.00000 73.93021 0.00000 0.00000 -1.00000 0.00000
1612292924849184 -0.19202 0.98139 0.00000 -53.22891 0.98139 0.19202 0.00000 73.07300 0.00000 0.00000 -1.00000 0.00000
1612292925099185 -0.20543 0.97867 0.00000 -56.19852 0.97867 0.20543 0.00000 72.30439 0.00000 0.00000 -1.00000 0.00000
1612292925349189 -0.21646 0.97629 0.00000 -58.98246 0.97629 0.21646 0.00000 71.62037 0.00000 0.00000 -1.00000 0.00000
1612292925599190 -0.22652 0.97401 0.00000 -61.70713 0.97401 0.22652 0.00000 70.96817 0.00000 0.00000 -1.00000 0.00000
1612292925849189 -0.23440 0.97214 0.00000 -64.26778 0.97214 0.23440 0.00000 70.42621 0.00000 0.00000 -1.00000 0.00000
1612292926098576 -0.23841 0.97117 0.00000 -66.47874 0.97117 0.23841 0.00000 70.14260 0.00000 0.00000 -1.00000 0.00000
1612292926348591 -0.23779 0.97132 0.00000 -68.38481 0.97132 0.23779 0.00000 70.15169 0.00000 0.00000 -1.00000 0.00000
1612292926598578 -0.23901 0.97102 0.00000 -70.39079 0.97102 0.23901 0.00000 70.02613 0.00000 0.00000 -1.00000 0.00000
1612292926848582 -0.24151 0.97040 0.00000 -72.45151 0.97040 0.24151 0.00000 69.80821 0.00000 0.00000 -1.00000 0.00000
1612292927097965 -0.24521 0.96947 0.00000 -74.56007 0.96947 0.24521 0.00000 69.50479 0.00000 0.00000 -1.00000 0.00000
1612292927348584 -0.25179 0.96778 0.00000 -76.84975 0.96778 0.25179 0.00000 68.94676 0.00000 0.00000 -1.00000 0.00000
1612292927598592 -0.26403 0.96451 0.00000 -79.50578 0.96451 0.26403 0.00000 67.91310 0.00000 0.00000 -1.00000 0.00000
1612292927848587 -0.28653 0.95807 0.00000 -82.81809 0.95807 0.28653 0.00000 65.95014 0.00000 0.00000 -1.00000 0.00000
1612292928098599 -0.32523 0.94563 0.00000 -87.12537 0.94563 0.32523 0.00000 62.47953 0.00000 0.00000 -1.00000 0.00000
