1617128628173077 0.97781 0.20948 0.00000 1.70311 0.20948 -0.97781 0.00000 0.38905 0.00000 0.00000 -1.00000 0.00000
1617128628423073 0.97781 0.20949 0.00000 1.70314 0.20949 -0.97781 0.00000 0.38904 0.00000 0.00000 -1.00000 0.00000
1617128628673082 0.97781 0.20949 0.00000 1.70312 0.20949 -0.97781 0.00000 0.38904 0.00000 0.00000 -1.00000 0.00000
1617128628922456 0.97782 0.20947 0.00000 1.70311 0.20947 -0.97782 0.00000 0.38900 0.00000 0.00000 -1.00000 0.00000
1617128629172465 0.97782 0.20946 0.00000 1.70310 0.20946 -0.97782 0.00000 0.38896 0.00000 0.00000 -1.00000 0.00000
1617128629421212 0.97782 0.20946 0.00000 1.70312 0.20946 -0.97782 0.00000 0.38899 0.00000 0.00000 -1.00000 0.00000
1617128629671230 0.97781 0.20949 0.00000 1.70309 0.20949 -0.97781 0.00000 0.38898 0.00000 0.00000 -1.00000 0.00000
1617128629921226 0.97782 0.20946 0.00000 1.70306 0.20946 -0.97782 0.00000 0.38903 0.00000 0.00000 -1.00000 0.00000
1617128630171859 0.97780 0.20952 0.00000 1.70312 0.20952 -0.97780 0.00000 0.38901 0.00000 0.00000 -1.00000 0.00000
1617128630421859 0.97780 0.20953 0.00000 1.70302 0.20953 -0.97780 0.00000 0.38918 0.00000 0.00000 -1.00000 0.00000
1617128630672489 0.97780 0.20956 0.00000 1.70297 0.20956 -0.97780 0.00000 0.38915 0.00000 0.00000 -1.00000 0.00000
1617128630922489 0.97779 0.20957 0.00000 1.70302 0.20957 -0.97779 0.00000 0.38915 0.00000 0.00000 -1.00000 0.00000
1617128631173121 0.97779 0.20957 0.00000 1.70304 0.20957 -0.97779 0.00000 0.38917 0.00000 0.00000 -1.00000 0.00000
1617128631423125 0.97780 0.20953 0.00000 1.70326 0.20953 -0.97780 0.00000 0.38909 0.00000 0.00000 -1.00000 0.00000
1617128631673758 0.97779 0.20959 0.00000 1.70337 0.20959 -0.97779 0.00000 0.38898 0.00000 0.00000 -1.00000 0.00000
1617128631923137 0.97777 0.20967 0.00000 1.69847 0.20967 -0.97777 0.00000 0.38869 0.00000 0.00000 -1.00000 0.00000
1617128632172516 0.97785 0.20930 0.00000 1.66999 0.20930 -0.97785 0.00000 0.38857 0.00000 0.00000 -1.00000 0.00000
1617128632421891 0.97795 0.20884 0.00000 1.62823 0.20884 -0.97795 0.00000 0.38664 0.00000 0.00000 -1.00000 0.00000
1617128632671268 0.97819 0.20769 0.00000 1.57232 0.20769 -0.97819 0.00000 0.38327 0.00000 0.00000 -1.00000 0.00000
1617128632921271 0.97860 0.20579 0.00000 1.49290 0.20579 -0.97860 0.00000 0.37748 0.00000 0.00000 -1.00000 0.00000
1617128633171283 0.97919 0.20293 0.00000 1.37684 0.20293 -0.97919 0.00000 0.36932 0.00000 0.00000 -1.00000 0.00000
1617128633421279 0.98008 0.19860 0.00000 1.20123 0.19860 -0.98008 0.00000 0.35830 0.00000 0.00000 -1.00000 0.00000
1617128633671902 0.98160 0.19096 0.00000 0.93401 0.19096 -0.98160 0.00000 0.34140 0.00000 0.00000 -1.00000 0.00000
1617128633921915 0.98350 0.18093 0.00000 0.56756 0.18093 -0.98350 0.00000 0.32182 0.00000 0.00000 -1.00000 0.00000
1617128634172544 0.98545 0.16999 0.00000 0.09311 0.16999 -0.98545 0.00000 0.30068 0.00000 0.00000 -1.00000 0.00000
1617128634422544 0.98710 0.16008 0.00000 -0.47889 0.16008 -0.98710 0.00000 0.28793 0.00000 0.00000 -1.00000 0.00000
1617128634673171 0.98854 0.15093 0.00000 -1.13449 0.15093 -0.98854 0.00000 0.28338 0.00000 0.00000 -1.00000 0.00000
1617128634923805 0.98990 0.14176 0.00000 -1.87244 0.14176 -0.98990 0.00000 0.27451 0.00000 0.00000 -1.00000 0.00000
1617128635173820 0.99095 0.13426 0.00000 -2.69445 0.13426 -0.99095 0.00000 0.27868 0.00000 0.00000 -1.00000 0.00000
1617128635423188 0.99173 0.12830 0.00000 -3.60248 0.12830 -0.99173 0.00000 0.29171 0.00000 0.00000 -1.00000 0.00000
1617128635672574 0.99224 0.12437 0.00000 -4.57872 0.12437 -0.99224 0.00000 0.30303 0.00000 0.00000 -1.00000 0.00000
1617128635921938 0.99253 0.12204 0.00000 -5.59507 0.12204 -0.99253 0.00000 0.30515 0.00000 0.00000 -1.00000 0.00000
1617128636171953 0.99279 0.11983 0.00000 -6.66380 0.11983 -0.99279 0.00000 0.31302 0.00000 0.00000 -1.00000 0.00000
1617128636421329 0.99310 0.11727 0.00000 -7.77619 0.11727 -0.99310 0.00000 0.33432 0.00000 0.00000 -1.00000 0.00000
1617128636671962 0.99331 0.11549 0.00000 -8.92953 0.11549 -0.99331 0.00000 0.32367 0.00000 0.00000 -1.00000 0.00000
1617128636921956 0.99364 0.11262 0.00000 -10.10236 0.11262 -0.99364 0.00000 0.33247 0.00000 0.00000 -1.00000 0.00000
1617128637172585 0.99361 0.11288 0.00000 -11.33232 0.11288 -0.99361 0.00000 0.29905 0.00000 0.00000 -1.00000 0.00000
1617128637421969 0.99332 0.11538 0.00000 -12.63778 0.11538 -0.99332 0.00000 0.24208 0.00000 0.00000 -1.00000 0.00000
1617128637672605 0.99288 0.11915 0.00000 -13.95661 0.11915 -0.99288 0.00000 0.16521 0.00000 0.00000 -1.00000 0.00000
1617128637923228 0.99227 0.12410 0.00000 -15.30875 0.12410 -0.99227 0.00000 0.05769 0.00000 0.00000 -1.00000 0.00000
1617128638173233 0.99136 0.13113 0.00000 -16.75132 0.13113 -0.99136 0.00000 -0.08175 0.00000 0.00000 -1.00000 0.00000
1617128638423230 0.99037 0.13845 0.00000 -18.20015 0.13845 -0.99037 0.00000 -0.23976 0.00000 0.00000 -1.00000 0.00000
1617128638672621 0.98929 0.14595 0.00000 -19.69392 0.14595 -0.98929 0.00000 -0.41152 0.00000 0.00000 -1.00000 0.00000
1617128638921991 0.98816 0.15345 0.00000 -21.23409 0.15345 -0.98816 0.00000 -0.59335 0.00000 0.00000 -1.00000 0.00000
1617128639171993 0.98692 0.16122 0.00000 -22.81499 0.16122 -0.98692 0.00000 -0.79631 0.00000 0.00000 -1.00000 0.00000
1617128639421375 0.98552 0.16957 0.00000 -24.42625 0.16957 -0.98552 0.00000 -1.02228 0.00000 0.00000 -1.00000 0.00000
1617128639671386 0.98425 0.17676 0.00000 -26.06003 0.17676 -0.98425 0.00000 -1.24254 0.00000 0.00000 -1.00000 0.00000
1617128639921381 0.98298 0.18369 0.00000 -27.70066 0.18369 -0.98298 0.00000 -1.46939 0.00000 0.00000 -1.00000 0.00000
1617128640171391 0.98151 0.19139 0.00000 -29.33809 0.19139 -0.98151 0.00000 -1.74756 0.00000 0.00000 -1.00000 0.00000
1617128640421394 0.97953 0.20128 0.00000 -31.04828 0.20128 -0.97953 0.00000 -2.07121 0.00000 0.00000 -1.00000 0.00000
1617128640671400 0.97740 0.21138 0.00000 -32.75027 0.21138 -0.97740 0.00000 -2.41782 0.00000 0.00000 -1.00000 0.00000
1617128640921396 0.97561 0.21950 0.00000 -34.51295 0.21950 -0.97561 0.00000 -2.72128 0.00000 0.00000 -1.00000 0.00000
1617128641170778 0.97397 0.22666 0.00000 -36.35154 0.22666 -0.97397 0.00000 -2.98318 0.00000 0.00000 -1.00000 0.00000
1617128641421411 0.97235 0.23354 0.00000 -38.13866 0.23354 -0.97235 0.00000 -3.30472 0.00000 0.00000 -1.00000 0.00000
1617128641672041 0.97098 0.23915 0.00000 -39.99188 0.23915 -0.97098 0.00000 -3.55924 0.00000 0.00000 -1.00000 0.00000
1617128641922036 0.97056 0.24087 0.00000 -41.90865 0.24087 -0.97056 0.00000 -3.66470 0.00000 0.00000 -1.00000 0.00000
1617128642172667 0.96996 0.24326 0.00000 -43.82109 0.24326 -0.96996 0.00000 -3.80982 0.00000 0.00000 -1.00000 0.00000
1617128642422672 0.96946 0.24525 0.00000 -45.77630 0.24525 -0.96946 0.00000 -3.94283 0.00000 0.00000 -1.00000 0.00000
1617128642673310 0.96892 0.24736 0.00000 -47.76267 0.24736 -0.96892 0.00000 -4.07778 0.00000 0.00000 -1.00000 0.00000
1617128642923310 0.96819 0.25020 0.00000 -49.76667 0.25020 -0.96819 0.00000 -4.25412 0.00000 0.00000 -1.00000 0.00000
1617128643173314 0.96743 0.25312 0.00000 -51.82274 0.25312 -0.96743 0.00000 -4.46759 0.00000 0.00000 -1.00000 0.00000
1617128643422064 0.96585 0.25909 0.00000 -53.83715 0.25909 -0.96585 0.00000 -4.83406 0.00000 0.00000 -1.00000 0.00000
1617128643672071 0.96499 0.26228 0.00000 -55.93066 0.26228 -0.96499 0.00000 -5.06154 0.00000 0.00000 -1.00000 0.00000
1617128643921443 0.96385 0.26645 0.00000 -58.04265 0.26645 -0.96385 0.00000 -5.36089 0.00000 0.00000 -1.00000 0.00000
1617128644170825 0.96310 0.26914 0.00000 -60.16189 0.26914 -0.96310 0.00000 -5.58244 0.00000 0.00000 -1.00000 0.00000
1617128644421452 0.96272 0.27051 0.00000 -62.31617 0.27051 -0.96272 0.00000 -5.70991 0.00000 0.00000 -1.00000 0.00000
1617128644671462 0.96326 0.26858 0.00000 -64.47315 0.26858 -0.96326 0.00000 -5.60705 0.00000 0.00000 -1.00000 0.00000
1617128644922087 0.96456 0.26388 0.00000 -66.65674 0.26388 -0.96456 0.00000 -5.32253 0.00000 0.00000 -1.00000 0.00000
1617128645172096 0.96574 0.25953 0.00000 -68.83139 0.25953 -0.96574 0.00000 -5.06653 0.00000 0.00000 -1.00000 0.00000
1617128645422092 0.96698 0.25484 0.00000 -71.01998 0.25484 -0.96698 0.00000 -4.77198 0.00000 0.00000 -1.00000 0.00000
1617128645672107 0.96855 0.24881 0.00000 -73.19667 0.24881 -0.96855 0.00000 -4.36403 0.00000 0.00000 -1.00000 0.00000
1617128645922729 0.97158 0.23669 0.00000 -75.38864 0.23669 -0.97158 0.00000 -3.47941 0.00000 0.00000 -1.00000 0.00000
1617128646172734 0.97557 0.21967 0.00000 -77.55989 0.21967 -0.97557 0.00000 -2.17833 0.00000 0.00000 -1.00000 0.00000
1617128646423357 0.98155 0.19119 0.00000 -79.68398 0.19119 -0.98155 0.00000 0.06864 0.00000 0.00000 -1.00000 0.00000
1617128646673362 0.98766 0.15663 0.00000 -81.73040 0.15663 -0.98766 0.00000 2.86154 0.00000 0.00000 -1.00000 0.00000
1617128646922744 0.99368 0.11221 0.00000 -83.57754 0.11221 -0.99368 0.00000 6.51156 0.00000 0.00000 -1.00000 0.00000
1617128647171499 0.99804 0.06259 0.00000 -85.15856 0.06259 -0.99804 0.00000 10.67018 0.00000 0.00000 -1.00000 0.00000
1617128647420877 0.99996 0.00937 0.00000 -86.50130 0.00937 -0.99996 0.00000 15.18649 0.00000 0.00000 -1.00000 0.00000
1617128647670886 0.99886 -0.04775 0.00000 -87.49895 -0.04775 -0.99886 0.00000 20.10791 0.00000 -0.00000 -1.00000 0.00000
1617128647920259 0.99443 -0.10540 0.00000 -88.16093 -0.10540 -0.99443 0.00000 25.12050 0.00000 -0.00000 -1.00000 0.00000
1617128648170887 0.98651 -0.16368 0.00000 -88.47344 -0.16368 -0.98651 0.00000 30.25790 0.00000 -0.00000 -1.00000 0.00000
1617128648420892 0.97523 -0.22119 0.00000 -88.49857 -0.22119 -0.97523 0.00000 35.39210 0.00000 -0.00000 -1.00000 0.00000
1617128648670901 0.95893 -0.28366 0.00000 -87.93757 -0.28366 -0.95893 0.00000 41.03793 0.00000 -0.00000 -1.00000 0.00000
1617128648920898 0.93876 -0.34458 0.00000 -87.03033 -0.34458 -0.93876 0.00000 46.58285 0.00000 -0.00000 -1.00000 0.00000
1617128649171534 0.91486 -0.40378 0.00000 -85.76528 -0.40378 -0.91486 0.00000 52.05387 0.00000 -0.00000 -1.00000 0.00000
1617128649421533 0.88663 -0.46247 0.00000 -84.07550 -0.46247 -0.88663 0.00000 57.52711 0.00000 -0.00000 -1.00000 0.00000
1617128649671535 0.85384 -0.52053 0.00000 -81.86869 -0.52053 -0.85384 0.00000 63.00471 0.00000 -0.00000 -1.00000 0.00000
1617128649921542 0.81621 -0.57775 0.00000 -79.15576 -0.57775 -0.81621 0.00000 68.44884 0.00000 -0.00000 -1.00000 0.00000
1617128650172167 0.77447 -0.63261 0.00000 -76.04262 -0.63261 -0.77447 0.00000 73.72736 0.00000 -0.00000 -1.00000 0.00000
1617128650421546 0.73217 -0.68113 0.00000 -72.90301 -0.68113 -0.73217 0.00000 78.47740 0.00000 -0.00000 -1.00000 0.00000
1617128650671552 0.68934 -0.72444 0.00000 -69.72763 -0.72444 -0.68934 0.00000 82.75457 0.00000 -0.00000 -1.00000 0.00000
1617128650921560 0.64927 -0.76056 0.00000 -66.92343 -0.76056 -0.64927 0.00000 86.37020 0.00000 -0.00000 -1.00000 0.00000
1617128651171602 0.61698 -0.78698 0.00000 -65.01495 -0.78698 -0.61698 0.00000 89.04686 0.00000 -0.00000 -1.00000 0.00000
1617128651421566 0.59223 -0.80577 0.00000 -63.98441 -0.80577 -0.59223 0.00000 90.98553 0.00000 -0.00000 -1.00000 0.00000
1617128651672194 0.57458 -0.81845 0.00000 -63.78918 -0.81845 -0.57458 0.00000 92.33911 0.00000 -0.00000 -1.00000 0.00000
1617128651922197 0.56623 -0.82425 0.00000 -64.66261 -0.82425 -0.56623 0.00000 92.96171 0.00000 -0.00000 -1.00000 0.00000
1617128652172203 0.56314 -0.82636 0.00000 -66.16527 -0.82636 -0.56314 0.00000 93.21167 0.00000 -0.00000 -1.00000 0.00000
1617128652422204 0.56366 -0.82600 0.00000 -68.10790 -0.82600 -0.56366 0.00000 93.15558 0.00000 -0.00000 -1.00000 0.00000
1617128652672207 0.56874 -0.82251 0.00000 -70.58317 -0.82251 -0.56874 0.00000 92.70685 0.00000 -0.00000 -1.00000 0.00000
1617128652922840 0.57550 -0.81780 0.00000 -73.27533 -0.81780 -0.57550 0.00000 92.07766 0.00000 -0.00000 -1.00000 0.00000
1617128653172847 0.58417 -0.81163 0.00000 -76.20273 -0.81163 -0.58417 0.00000 91.23951 0.00000 -0.00000 -1.00000 0.00000
1617128653423474 0.59656 -0.80257 0.00000 -79.57213 -0.80257 -0.59656 0.00000 90.00594 0.00000 -0.00000 -1.00000 0.00000
1617128653673485 0.61018 -0.79226 0.00000 -83.10898 -0.79226 -0.61018 0.00000 88.59406 0.00000 -0.00000 -1.00000 0.00000
1617128653924108 0.62508 -0.78056 0.00000 -86.78678 -0.78056 -0.62508 0.00000 86.95172 0.00000 -0.00000 -1.00000 0.00000
1617128654173480 0.64135 -0.76725 0.00000 -90.58596 -0.76725 -0.64135 0.00000 85.04551 0.00000 -0.00000 -1.00000 0.00000
1617128654422866 0.65833 -0.75273 0.00000 -94.47849 -0.75273 -0.65833 0.00000 82.93534 0.00000 -0.00000 -1.00000 0.00000
1617128654672245 0.67379 -0.73892 0.00000 -98.16722 -0.73892 -0.67379 0.00000 80.91149 0.00000 -0.00000 -1.00000 0.00000
1617128654921622 0.68577 -0.72782 0.00000 -101.44804 -0.72782 -0.68577 0.00000 79.23992 0.00000 -0.00000 -1.00000 0.00000
1617128655171629 0.69828 -0.71582 0.00000 -104.80679 -0.71582 -0.69828 0.00000 77.42187 0.00000 -0.00000 -1.00000 0.00000
1617128655421628 0.70943 -0.70478 0.00000 -107.97588 -0.70478 -0.70943 0.00000 75.72762 0.00000 -0.00000 -1.00000 0.00000
1617128655672259 0.72242 -0.69145 0.00000 -111.29952 -0.69145 -0.72242 0.00000 73.65157 0.00000 -0.00000 -1.00000 0.00000
1617128655922260 0.73858 -0.67417 0.00000 -114.94825 -0.67417 -0.73858 0.00000 70.93187 0.00000 -0.00000 -1.00000 0.00000
1617128656172904 0.75759 -0.65274 0.00000 -118.82287 -0.65274 -0.75759 0.00000 67.55435 0.00000 -0.00000 -1.00000 0.00000
1617128656422894 0.77803 -0.62822 0.00000 -122.77609 -0.62822 -0.77803 0.00000 63.67295 0.00000 -0.00000 -1.00000 0.00000
1617128656673531 0.79581 -0.60555 0.00000 -126.44406 -0.60555 -0.79581 0.00000 60.05423 0.00000 -0.00000 -1.00000 0.00000
1617128656923527 0.81344 -0.58165 0.00000 -129.97479 -0.58165 -0.81344 0.00000 56.21587 0.00000 -0.00000 -1.00000 0.00000
1617128657174154 0.82836 -0.56020 0.00000 -133.21280 -0.56020 -0.82836 0.00000 52.75754 0.00000 -0.00000 -1.00000 0.00000
1617128657423535 0.83950 -0.54336 0.00000 -136.03071 -0.54336 -0.83950 0.00000 50.01513 0.00000 -0.00000 -1.00000 0.00000
1617128657672916 0.84889 -0.52857 0.00000 -138.63025 -0.52857 -0.84889 0.00000 47.57771 0.00000 -0.00000 -1.00000 0.00000
1617128657922298 0.85587 -0.51719 0.00000 -140.98052 -0.51719 -0.85587 0.00000 45.70116 0.00000 -0.00000 -1.00000 0.00000
1617128658172301 0.86155 -0.50767 0.00000 -143.18680 -0.50767 -0.86155 0.00000 44.09745 0.00000 -0.00000 -1.00000 0.00000
1617128658421056 0.86791 -0.49672 0.00000 -145.38664 -0.49672 -0.86791 0.00000 42.26187 0.00000 -0.00000 -1.00000 0.00000
1617128658671053 0.87669 -0.48106 0.00000 -147.73592 -0.48106 -0.87669 0.00000 39.60354 0.00000 -0.00000 -1.00000 0.00000
1617128658921060 0.89224 -0.45156 0.00000 -150.54179 -0.45156 -0.89224 0.00000 34.60124 0.00000 -0.00000 -1.00000 0.00000
1617128659171700 0.91361 -0.40659 0.00000 -153.56955 -0.40659 -0.91361 0.00000 27.02012 0.00000 -0.00000 -1.00000 0.00000
1617128659421693 0.93970 -0.34200 0.00000 -156.48606 -0.34200 -0.93970 0.00000 16.21056 0.00000 -0.00000 -1.00000 0.00000
1617128659672326 0.96469 -0.26339 0.00000 -158.63797 -0.26339 -0.96469 0.00000 3.21547 0.00000 -0.00000 -1.00000 0.00000
1617128659922326 0.98441 -0.17591 0.00000 -159.53572 -0.17591 -0.98441 0.00000 -11.03336 0.00000 -0.00000 -1.00000 0.00000
1617128660172647 0.99689 -0.07880 0.00000 -158.85766 -0.07880 -0.99689 0.00000 -26.61879 0.00000 -0.00000 -1.00000 0.00000
1617128660422955 0.99942 0.03420 0.00000 -155.95018 0.03420 -0.99942 0.00000 -44.39839 0.00000 0.00000 -1.00000 0.00000
1617128660673588 0.98635 0.16464 0.00000 -149.88064 0.16464 -0.98635 0.00000 -64.44236 0.00000 0.00000 -1.00000 0.00000
1617128660923588 0.95131 0.30824 0.00000 -139.78178 0.30824 -0.95131 0.00000 -85.86234 0.00000 0.00000 -1.00000 0.00000
1617128661173589 0.88751 0.46080 0.00000 -124.73432 0.46080 -0.88751 0.00000 -107.73237 0.00000 0.00000 -1.00000 0.00000
1617128661423597 0.79234 0.61008 0.00000 -104.76640 0.61008 -0.79234 0.00000 -128.05176 0.00000 0.00000 -1.00000 0.00000
1617128661672987 0.66889 0.74336 0.00000 -80.84077 0.74336 -0.66889 0.00000 -144.88710 0.00000 0.00000 -1.00000 0.00000
1617128661922357 0.51903 0.85476 0.00000 -53.44237 0.85476 -0.51903 0.00000 -157.38465 0.00000 0.00000 -1.00000 0.00000
1617128662171734 0.34644 0.93807 0.00000 -23.36507 0.93807 -0.34644 0.00000 -164.69809 0.00000 0.00000 -1.00000 0.00000
1617128662422363 0.15785 0.98746 0.00000 8.11290 0.98746 -0.15785 0.00000 -166.08927 0.00000 0.00000 -1.00000 0.00000
1617128662672996 -0.03778 0.99929 0.00000 39.44913 0.99929 0.03778 0.00000 -161.30507 0.00000 0.00000 -1.00000 0.00000
1617128662923620 -0.23041 0.97309 0.00000 69.02048 0.97309 0.23041 0.00000 -150.61944 0.00000 0.00000 -1.00000 0.00000
1617128663174249 -0.41017 0.91201 0.00000 95.34850 0.91201 0.41017 0.00000 -134.85210 0.00000 0.00000 -1.00000 0.00000
1617128663424251 -0.56973 0.82183 0.00000 117.44776 0.82183 0.56973 0.00000 -115.17400 0.00000 0.00000 -1.00000 0.00000
1617128663673638 -0.70313 0.71106 0.00000 134.63185 0.71106 0.70313 0.00000 -93.15682 0.00000 0.00000 -1.00000 0.00000
1617128663923638 -0.80589 0.59207 0.00000 146.56596 0.59207 0.80589 0.00000 -70.91478 0.00000 0.00000 -1.00000 0.00000
1617128664173011 -0.87935 0.47618 0.00000 153.85336 0.47618 0.87935 0.00000 -50.18872 0.00000 0.00000 -1.00000 0.00000
1617128664422395 -0.92956 0.36868 0.00000 157.64732 0.36868 0.92956 0.00000 -31.64219 0.00000 0.00000 -1.00000 0.00000
1617128664672399 -0.96133 0.27538 0.00000 158.90666 0.27538 0.96133 0.00000 -15.98086 0.00000 0.00000 -1.00000 0.00000
1617128664923031 -0.97953 0.20129 0.00000 158.51471 0.20129 0.97953 0.00000 -3.83291 0.00000 0.00000 -1.00000 0.00000
1617128665173660 -0.98876 0.14953 0.00000 157.30304 0.14953 0.98876 0.00000 4.48555 0.00000 0.00000 -1.00000 0.00000
1617128665424284 -0.99291 0.11886 0.00000 155.87744 0.11886 0.99291 0.00000 9.33765 0.00000 0.00000 -1.00000 0.00000
1617128665673662 -0.99470 0.10280 0.00000 154.46274 0.10280 0.99470 0.00000 11.81591 0.00000 0.00000 -1.00000 0.00000
1617128665923043 -0.99540 0.09584 0.00000 153.08083 0.09584 0.99540 0.00000 12.88779 0.00000 0.00000 -1.00000 0.00000
1617128666172425 -0.99542 0.09562 0.00000 151.73046 0.09562 0.99542 0.00000 12.88708 0.00000 0.00000 -1.00000 0.00000
1617128666421803 -0.99460 0.10380 0.00000 150.44479 0.10380 0.99460 0.00000 11.63531 0.00000 0.00000 -1.00000 0.00000
1617128666671808 -0.99257 0.12168 0.00000 149.21396 0.12168 0.99257 0.00000 8.90954 0.00000 0.00000 -1.00000 0.00000
1617128666921809 -0.98865 0.15026 0.00000 147.93863 0.15026 0.98865 0.00000 4.57801 0.00000 0.00000 -1.00000 0.00000
1617128667172461 -0.98280 0.18466 0.00000 146.48764 0.18466 0.98280 0.00000 -0.60352 0.00000 0.00000 -1.00000 0.00000
1617128667422441 -0.97440 0.22482 0.00000 144.80044 0.22482 0.97440 0.00000 -6.64899 0.00000 0.00000 -1.00000 0.00000
1617128667672450 -0.96322 0.26873 0.00000 142.77775 0.26873 0.96322 0.00000 -13.22457 0.00000 0.00000 -1.00000 0.00000
1617128667923079 -0.94902 0.31523 0.00000 140.34955 0.31523 0.94902 0.00000 -20.17775 0.00000 0.00000 -1.00000 0.00000
1617128668173086 -0.93238 0.36147 0.00000 137.54717 0.36147 0.93238 0.00000 -27.06629 0.00000 0.00000 -1.00000 0.00000
1617128668423088 -0.91307 0.40781 0.00000 134.35289 0.40781 0.91307 0.00000 -33.94410 0.00000 0.00000 -1.00000 0.00000
1617128668673089 -0.89055 0.45489 0.00000 130.70675 0.45489 0.89055 0.00000 -40.91572 0.00000 0.00000 -1.00000 0.00000
1617128668923717 -0.86505 0.50169 0.00000 126.61985 0.50169 0.86505 0.00000 -47.83022 0.00000 0.00000 -1.00000 0.00000
1617128669173722 -0.83654 0.54791 0.00000 122.07053 0.54791 0.83654 0.00000 -54.65719 0.00000 0.00000 -1.00000 0.00000
1617128669423724 -0.80539 0.59275 0.00000 117.13701 0.59275 0.80539 0.00000 -61.27267 0.00000 0.00000 -1.00000 0.00000
1617128669673115 -0.77153 0.63620 0.00000 111.78451 0.63620 0.77153 0.00000 -67.64708 0.00000 0.00000 -1.00000 0.00000
1617128669922486 -0.73567 0.67734 0.00000 106.10797 0.67734 0.73567 0.00000 -73.64856 0.00000 0.00000 -1.00000 0.00000
1617128670171869 -0.69709 0.71699 0.00000 100.04924 0.71699 0.69709 0.00000 -79.39684 0.00000 0.00000 -1.00000 0.00000
1617128670421242 -0.66078 0.75058 0.00000 94.13705 0.75058 0.66078 0.00000 -84.25116 0.00000 0.00000 -1.00000 0.00000
1617128670671871 -0.62919 0.77725 0.00000 88.67546 0.77725 0.62919 0.00000 -88.08325 0.00000 0.00000 -1.00000 0.00000
1617128670921876 -0.60392 0.79704 0.00000 83.93245 0.79704 0.60392 0.00000 -90.92351 0.00000 0.00000 -1.00000 0.00000
1617128671171880 -0.58110 0.81384 0.00000 79.40852 0.81384 0.58110 0.00000 -93.30772 0.00000 0.00000 -1.00000 0.00000
1617128671422508 -0.55958 0.82878 0.00000 75.00181 0.82878 0.55958 0.00000 -95.39008 0.00000 0.00000 -1.00000 0.00000
1617128671672516 -0.54338 0.83949 0.00000 71.20829 0.83949 0.54338 0.00000 -96.86545 0.00000 0.00000 -1.00000 0.00000
1617128671923144 -0.53042 0.84774 0.00000 67.75169 0.84774 0.53042 0.00000 -97.97724 0.00000 0.00000 -1.00000 0.00000
1617128672173147 -0.52199 0.85295 0.00000 64.82641 0.85295 0.52199 0.00000 -98.68758 0.00000 0.00000 -1.00000 0.00000
1617128672423149 -0.52346 0.85205 0.00000 63.04850 0.85205 0.52346 0.00000 -98.62922 0.00000 0.00000 -1.00000 0.00000
1617128672673777 -0.53332 0.84591 0.00000 62.23293 0.84591 0.53332 0.00000 -97.94109 0.00000 0.00000 -1.00000 0.00000
1617128672923780 -0.55086 0.83460 0.00000 62.31588 0.83460 0.55086 0.00000 -96.68680 0.00000 0.00000 -1.00000 0.00000
1617128673173863 -0.57563 0.81771 0.00000 63.24432 0.81771 0.57563 0.00000 -94.84358 0.00000 0.00000 -1.00000 0.00000
1617128673423795 -0.60989 0.79248 0.00000 65.28566 0.79248 0.60989 0.00000 -92.14289 0.00000 0.00000 -1.00000 0.00000
1617128673673175 -0.64962 0.76026 0.00000 67.99814 0.76026 0.64962 0.00000 -88.75687 0.00000 0.00000 -1.00000 0.00000
1617128673923172 -0.69159 0.72229 0.00000 70.98616 0.72229 0.69159 0.00000 -84.84320 0.00000 0.00000 -1.00000 0.00000
1617128674172553 -0.73141 0.68194 0.00000 73.82023 0.68194 0.73141 0.00000 -80.75230 0.00000 0.00000 -1.00000 0.00000
1617128674423181 -0.76939 0.63878 0.00000 76.46735 0.63878 0.76939 0.00000 -76.44446 0.00000 0.00000 -1.00000 0.00000
1617128674673186 -0.80919 0.58755 0.00000 79.38847 0.58755 0.80919 0.00000 -71.40696 0.00000 0.00000 -1.00000 0.00000
1617128674923815 -0.84555 0.53389 0.00000 81.98911 0.53389 0.84555 0.00000 -66.18794 0.00000 0.00000 -1.00000 0.00000
1617128675173824 -0.87890 0.47700 0.00000 84.31421 0.47700 0.87890 0.00000 -60.71351 0.00000 0.00000 -1.00000 0.00000
1617128675423820 -0.90792 0.41914 0.00000 86.18579 0.41914 0.90792 0.00000 -55.20466 0.00000 0.00000 -1.00000 0.00000
1617128675673208 -0.93294 0.36002 0.00000 87.66525 0.36002 0.93294 0.00000 -49.62099 0.00000 0.00000 -1.00000 0.00000
1617128675922583 -0.95371 0.30074 0.00000 88.72936 0.30074 0.95371 0.00000 -44.09773 0.00000 0.00000 -1.00000 0.00000
1617128676171957 -0.97112 0.23860 0.00000 89.51903 0.23860 0.97112 0.00000 -38.34464 0.00000 0.00000 -1.00000 0.00000
1617128676421960 -0.98400 0.17816 0.00000 89.83382 0.17816 0.98400 0.00000 -32.81952 0.00000 0.00000 -1.00000 0.00000
1617128676671966 -0.99345 0.11423 0.00000 89.86840 0.11423 0.99345 0.00000 -27.02392 0.00000 0.00000 -1.00000 0.00000
1617128676922599 -0.99854 0.05408 0.00000 89.44456 0.05408 0.99854 0.00000 -21.64339 0.00000 0.00000 -1.00000 0.00000
1617128677173224 -0.99999 -0.00539 -0.00000 88.67187 -0.00539 0.99999 0.00000 -16.36787 0.00000 0.00000 -1.00000 0.00000
1617128677423855 -0.99807 -0.06210 -0.00000 87.50925 -0.06210 0.99807 0.00000 -11.36335 0.00000 0.00000 -1.00000 0.00000
1617128677674495 -0.99347 -0.11412 -0.00000 86.01997 -0.11412 0.99347 0.00000 -6.84230 0.00000 0.00000 -1.00000 0.00000
1617128677924489 -0.98761 -0.15690 -0.00000 84.26611 -0.15690 0.98761 0.00000 -3.16899 0.00000 0.00000 -1.00000 0.00000
1617128678174496 -0.98203 -0.18870 -0.00000 82.33721 -0.18870 0.98203 0.00000 -0.49188 0.00000 0.00000 -1.00000 0.00000
1617128678423868 -0.97717 -0.21246 -0.00000 80.27605 -0.21246 0.97717 0.00000 1.42940 0.00000 0.00000 -1.00000 0.00000
1617128678672630 -0.97275 -0.23185 -0.00000 78.18695 -0.23185 0.97275 0.00000 3.00068 0.00000 0.00000 -1.00000 0.00000
1617128678922005 -0.97009 -0.24276 -0.00000 76.08000 -0.24276 0.97009 0.00000 3.83217 0.00000 0.00000 -1.00000 0.00000
1617128679172005 -0.96804 -0.25079 -0.00000 73.92182 -0.25079 0.96804 0.00000 4.41626 0.00000 0.00000 -1.00000 0.00000
1617128679422013 -0.96666 -0.25608 -0.00000 71.76171 -0.25608 0.96666 0.00000 4.77736 0.00000 0.00000 -1.00000 0.00000
1617128679672019 -0.96572 -0.25958 -0.00000 69.58095 -0.25958 0.96572 0.00000 4.99206 0.00000 0.00000 -1.00000 0.00000
1617128679922020 -0.96508 -0.26197 -0.00000 67.39745 -0.26197 0.96508 0.00000 5.11800 0.00000 0.00000 -1.00000 0.00000
1617128680172647 -0.96437 -0.26454 -0.00000 65.22848 -0.26454 0.96437 0.00000 5.26916 0.00000 0.00000 -1.00000 0.00000
1617128680423280 -0.96427 -0.26492 -0.00000 63.06815 -0.26492 0.96427 0.00000 5.26839 0.00000 0.00000 -1.00000 0.00000
1617128680673280 -0.96450 -0.26408 -0.00000 60.95140 -0.26408 0.96450 0.00000 5.16454 0.00000 0.00000 -1.00000 0.00000
1617128680923286 -0.96499 -0.26227 -0.00000 58.83365 -0.26227 0.96499 0.00000 4.99364 0.00000 0.00000 -1.00000 0.00000
1617128681173923 -0.96550 -0.26042 -0.00000 56.73261 -0.26042 0.96550 0.00000 4.82690 0.00000 0.00000 -1.00000 0.00000
1617128681424540 -0.96602 -0.25848 -0.00000 54.63994 -0.25848 0.96602 0.00000 4.66776 0.00000 0.00000 -1.00000 0.00000
1617128681673923 -0.96716 -0.25418 -0.00000 52.60644 -0.25418 0.96716 0.00000 4.39135 0.00000 0.00000 -1.00000 0.00000
1617128681923301 -0.96942 -0.24542 -0.00000 50.59564 -0.24542 0.96942 0.00000 3.86989 0.00000 0.00000 -1.00000 0.00000
1617128682173305 -0.97158 -0.23672 -0.00000 48.57364 -0.23672 0.97158 0.00000 3.37439 0.00000 0.00000 -1.00000 0.00000
1617128682422055 -0.97481 -0.22304 -0.00000 46.60155 -0.22304 0.97481 0.00000 2.67000 0.00000 0.00000 -1.00000 0.00000
1617128682672059 -0.97804 -0.20843 -0.00000 44.60209 -0.20843 0.97804 0.00000 1.93593 0.00000 0.00000 -1.00000 0.00000
1617128682922065 -0.98155 -0.19121 -0.00000 42.61617 -0.19121 0.98155 0.00000 1.11413 0.00000 0.00000 -1.00000 0.00000
1617128683172082 -0.98322 -0.18243 -0.00000 40.60526 -0.18243 0.98322 0.00000 0.68855 0.00000 0.00000 -1.00000 0.00000
1617128683422698 -0.98306 -0.18327 -0.00000 38.59608 -0.18327 0.98306 0.00000 0.66082 0.00000 0.00000 -1.00000 0.00000
1617128683673325 -0.98146 -0.19165 -0.00000 36.58834 -0.19165 0.98146 0.00000 0.95331 0.00000 0.00000 -1.00000 0.00000
1617128683923955 -0.97995 -0.19924 -0.00000 34.55996 -0.19924 0.97995 0.00000 1.19153 0.00000 0.00000 -1.00000 0.00000
1617128684173336 -0.97852 -0.20615 -0.00000 32.53618 -0.20615 0.97852 0.00000 1.38694 0.00000 0.00000 -1.00000 0.00000
1617128684423337 -0.97754 -0.21074 -0.00000 30.50742 -0.21074 0.97754 0.00000 1.48974 0.00000 0.00000 -1.00000 0.00000
1617128684672725 -0.97616 -0.21704 -0.00000 28.41758 -0.21704 0.97616 0.00000 1.64623 0.00000 0.00000 -1.00000 0.00000
1617128684922101 -0.97591 -0.21818 -0.00000 26.36730 -0.21818 0.97591 0.00000 1.64004 0.00000 0.00000 -1.00000 0.00000
1617128685172105 -0.97687 -0.21383 -0.00000 24.26309 -0.21383 0.97687 0.00000 1.48113 0.00000 0.00000 -1.00000 0.00000
1617128685422107 -0.97848 -0.20634 -0.00000 22.14674 -0.20634 0.97848 0.00000 1.25307 0.00000 0.00000 -1.00000 0.00000
1617128685672750 -0.97983 -0.19984 -0.00000 19.98653 -0.19984 0.97983 0.00000 1.06836 0.00000 0.00000 -1.00000 0.00000
1617128685923362 -0.98097 -0.19417 -0.00000 17.80530 -0.19417 0.98097 0.00000 0.90949 0.00000 0.00000 -1.00000 0.00000
1617128686173366 -0.98229 -0.18734 -0.00000 15.60378 -0.18734 0.98229 0.00000 0.73157 0.00000 0.00000 -1.00000 0.00000
1617128686423367 -0.98303 -0.18345 -0.00000 13.41956 -0.18345 0.98303 0.00000 0.61920 0.00000 0.00000 -1.00000 0.00000
1617128686673378 -0.98346 -0.18112 -0.00000 11.19975 -0.18112 0.98346 0.00000 0.54231 0.00000 0.00000 -1.00000 0.00000
1617128686924006 -0.98355 -0.18063 -0.00000 8.99527 -0.18063 0.98355 0.00000 0.51483 0.00000 0.00000 -1.00000 0.00000
1617128687174629 -0.98362 -0.18023 -0.00000 6.78244 -0.18023 0.98362 0.00000 0.49020 0.00000 0.00000 -1.00000 0.00000
1617128687424010 -0.98348 -0.18101 -0.00000 4.59394 -0.18101 0.98348 0.00000 0.48222 0.00000 0.00000 -1.00000 0.00000
1617128687673391 -0.98351 -0.18084 -0.00000 2.39179 -0.18084 0.98351 0.00000 0.46320 0.00000 0.00000 -1.00000 0.00000
1617128687922770 -0.98375 -0.17956 -0.00000 0.20558 -0.17956 0.98375 0.00000 0.43383 0.00000 0.00000 -1.00000 0.00000
1617128688172152 -0.98397 -0.17834 -0.00000 -1.98906 -0.17834 0.98397 0.00000 0.39059 0.00000 0.00000 -1.00000 0.00000
1617128688421530 -0.98339 -0.18148 -0.00000 -4.18685 -0.18148 0.98339 0.00000 0.33877 0.00000 0.00000 -1.00000 0.00000
1617128688671530 -0.98252 -0.18617 -0.00000 -6.37159 -0.18617 0.98252 0.00000 0.27049 0.00000 0.00000 -1.00000 0.00000
1617128688922159 -0.98162 -0.19084 -0.00000 -8.57473 -0.19084 0.98162 0.00000 0.18322 0.00000 0.00000 -1.00000 0.00000
1617128689172178 -0.98065 -0.19575 -0.00000 -10.79968 -0.19575 0.98065 0.00000 0.11182 0.00000 0.00000 -1.00000 0.00000
1617128689422794 -0.98041 -0.19697 -0.00000 -12.97163 -0.19697 0.98041 0.00000 0.08506 0.00000 0.00000 -1.00000 0.00000
1617128689672796 -0.97985 -0.19974 -0.00000 -15.17486 -0.19974 0.97985 0.00000 0.00063 0.00000 0.00000 -1.00000 0.00000
1617128689923424 -0.97932 -0.20234 -0.00000 -17.38489 -0.20234 0.97932 0.00000 -0.09904 0.00000 0.00000 -1.00000 0.00000
1617128690174060 -0.97848 -0.20636 -0.00000 -19.57305 -0.20636 0.97848 0.00000 -0.22542 0.00000 0.00000 -1.00000 0.00000
1617128690424058 -0.97782 -0.20946 -0.00000 -21.78882 -0.20946 0.97782 0.00000 -0.34394 0.00000 0.00000 -1.00000 0.00000
1617128690674067 -0.97720 -0.21231 -0.00000 -23.98640 -0.21231 0.97720 0.00000 -0.47556 0.00000 0.00000 -1.00000 0.00000
1617128690923444 -0.97650 -0.21550 -0.00000 -26.17336 -0.21550 0.97650 0.00000 -0.62087 0.00000 0.00000 -1.00000 0.00000
1617128691172827 -0.97579 -0.21873 -0.00000 -28.35817 -0.21873 0.97579 0.00000 -0.75988 0.00000 0.00000 -1.00000 0.00000
1617128691422203 -0.97469 -0.22356 -0.00000 -30.54860 -0.22356 0.97469 0.00000 -0.93245 0.00000 0.00000 -1.00000 0.00000
1617128691672207 -0.97394 -0.22682 -0.00000 -32.71715 -0.22682 0.97394 0.00000 -1.05593 0.00000 0.00000 -1.00000 0.00000
1617128691922207 -0.97301 -0.23076 -0.00000 -34.90630 -0.23076 0.97301 0.00000 -1.21819 0.00000 0.00000 -1.00000 0.00000
1617128692172838 -0.97212 -0.23447 -0.00000 -37.08130 -0.23447 0.97212 0.00000 -1.38568 0.00000 0.00000 -1.00000 0.00000
1617128692423468 -0.97134 -0.23771 -0.00000 -39.22315 -0.23771 0.97134 0.00000 -1.54311 0.00000 0.00000 -1.00000 0.00000
1617128692673476 -0.97062 -0.24064 -0.00000 -41.40671 -0.24064 0.97062 0.00000 -1.69975 0.00000 0.00000 -1.00000 0.00000
1617128692923472 -0.97044 -0.24135 -0.00000 -43.53612 -0.24135 0.97044 0.00000 -1.76728 0.00000 0.00000 -1.00000 0.00000
1617128693174104 -0.97035 -0.24171 -0.00000 -45.66859 -0.24171 0.97035 0.00000 -1.84757 0.00000 0.00000 -1.00000 0.00000
1617128693424105 -0.97028 -0.24197 -0.00000 -47.77572 -0.24197 0.97028 0.00000 -1.90703 0.00000 0.00000 -1.00000 0.00000
1617128693674122 -0.97021 -0.24227 -0.00000 -49.81191 -0.24227 0.97021 0.00000 -1.96067 0.00000 0.00000 -1.00000 0.00000
1617128693924115 -0.97069 -0.24035 -0.00000 -51.83889 -0.24035 0.97069 0.00000 -1.91446 0.00000 0.00000 -1.00000 0.00000
1617128694174110 -0.97109 -0.23872 -0.00000 -53.79475 -0.23872 0.97109 0.00000 -1.87403 0.00000 0.00000 -1.00000 0.00000
1617128694423494 -0.97173 -0.23608 -0.00000 -55.67718 -0.23608 0.97173 0.00000 -1.77570 0.00000 0.00000 -1.00000 0.00000
1617128694672878 -0.97361 -0.22820 -0.00000 -57.48460 -0.22820 0.97361 0.00000 -1.33574 0.00000 0.00000 -1.00000 0.00000
1617128694922259 -0.97744 -0.21121 -0.00000 -59.21296 -0.21121 0.97744 0.00000 -0.35974 0.00000 0.00000 -1.00000 0.00000
1617128695171639 -0.98269 -0.18527 -0.00000 -60.81677 -0.18527 0.98269 0.00000 1.19529 0.00000 0.00000 -1.00000 0.00000
1617128695421639 -0.98837 -0.15204 -0.00000 -62.27283 -0.15204 0.98837 0.00000 3.21711 0.00000 0.00000 -1.00000 0.00000
1617128695671646 -0.99391 -0.11019 -0.00000 -63.52161 -0.11019 0.99391 0.00000 5.82949 0.00000 0.00000 -1.00000 0.00000
1617128695921648 -0.99829 -0.05848 -0.00000 -64.48043 -0.05848 0.99829 0.00000 9.09594 0.00000 0.00000 -1.00000 0.00000
1617128696172274 -1.00000 0.00042 0.00000 -65.08563 0.00042 1.00000 0.00000 12.89162 0.00000 0.00000 -1.00000 0.00000
1617128696422276 -0.99755 0.06990 0.00000 -65.20444 0.06990 0.99755 0.00000 17.35840 0.00000 0.00000 -1.00000 0.00000
1617128696672280 -0.98871 0.14983 0.00000 -64.73937 0.14983 0.98871 0.00000 22.55363 0.00000 0.00000 -1.00000 0.00000
1617128696922281 -0.97063 0.24059 0.00000 -63.49024 0.24059 0.97063 0.00000 28.42145 0.00000 0.00000 -1.00000 0.00000
1617128697172914 -0.93986 0.34155 0.00000 -61.22927 0.34155 0.93986 0.00000 34.96731 0.00000 0.00000 -1.00000 0.00000
1617128697422919 -0.89298 0.45010 0.00000 -57.73078 0.45010 0.89298 0.00000 41.92860 0.00000 0.00000 -1.00000 0.00000
1617128697672297 -0.83221 0.55446 0.00000 -53.29050 0.55446 0.83221 0.00000 48.54687 0.00000 0.00000 -1.00000 0.00000
1617128697922291 -0.76402 0.64519 0.00000 -48.47534 0.64519 0.76402 0.00000 54.26288 0.00000 0.00000 -1.00000 0.00000
1617128698172306 -0.69664 0.71743 0.00000 -43.90418 0.71743 0.69664 0.00000 58.75590 0.00000 0.00000 -1.00000 0.00000
1617128698422935 -0.62115 0.78369 0.00000 -38.79195 0.78369 0.62115 0.00000 62.84125 0.00000 0.00000 -1.00000 0.00000
1617128698672940 -0.54264 0.83996 0.00000 -33.53966 0.83996 0.54264 0.00000 66.26472 0.00000 0.00000 -1.00000 0.00000
1617128698922940 -0.46899 0.88320 0.00000 -28.78508 0.88320 0.46899 0.00000 68.85084 0.00000 0.00000 -1.00000 0.00000
1617128699172947 -0.40183 0.91572 0.00000 -24.65579 0.91572 0.40183 0.00000 70.76796 0.00000 0.00000 -1.00000 0.00000
1617128699422951 -0.34710 0.93783 0.00000 -21.59795 0.93783 0.34710 0.00000 72.06648 0.00000 0.00000 -1.00000 0.00000
1617128699672957 -0.30975 0.95082 0.00000 -19.97066 0.95082 0.30975 0.00000 72.81902 0.00000 0.00000 -1.00000 0.00000
1617128699922959 -0.28789 0.95766 0.00000 -19.61490 0.95766 0.28789 0.00000 73.22557 0.00000 0.00000 -1.00000 0.00000
1617128700172966 -0.27952 0.96014 0.00000 -20.36530 0.96014 0.27952 0.00000 73.36024 0.00000 0.00000 -1.00000 0.00000
1617128700423587 -0.27720 0.96081 0.00000 -21.66732 0.96081 0.27720 0.00000 73.37801 0.00000 0.00000 -1.00000 0.00000
1617128700673599 -0.27323 0.96195 0.00000 -22.90894 0.96195 0.27323 0.00000 73.44033 0.00000 0.00000 -1.00000 0.00000
1617128700924227 -0.26550 0.96411 0.00000 -23.92786 0.96411 0.26550 0.00000 73.57534 0.00000 0.00000 -1.00000 0.00000
1617128701174233 -0.25794 0.96616 0.00000 -25.02914 0.96616 0.25794 0.00000 73.72392 0.00000 0.00000 -1.00000 0.00000
1617128701424237 -0.25063 0.96808 0.00000 -26.16366 0.96808 0.25063 0.00000 73.87271 0.00000 0.00000 -1.00000 0.00000
1617128701673619 -0.24374 0.96984 0.00000 -27.32843 0.96984 0.24374 0.00000 74.03429 0.00000 0.00000 -1.00000 0.00000
1617128701923618 -0.23414 0.97220 0.00000 -28.30330 0.97220 0.23414 0.00000 74.26264 0.00000 0.00000 -1.00000 0.00000
1617128702172374 -0.21787 0.97598 0.00000 -28.81386 0.97598 0.21787 0.00000 74.70621 0.00000 0.00000 -1.00000 0.00000
1617128702422372 -0.19669 0.98047 0.00000 -28.96627 0.98047 0.19669 0.00000 75.28318 0.00000 0.00000 -1.00000 0.00000
1617128702672379 -0.16739 0.98589 0.00000 -28.51740 0.98589 0.16739 0.00000 76.10328 0.00000 0.00000 -1.00000 0.00000
1617128702923011 -0.13800 0.99043 0.00000 -28.07067 0.99043 0.13800 0.00000 76.89728 0.00000 0.00000 -1.00000 0.00000
1617128703173012 -0.11052 0.99387 0.00000 -27.78811 0.99387 0.11052 0.00000 77.63356 0.00000 0.00000 -1.00000 0.00000
1617128703423017 -0.08333 0.99652 0.00000 -27.55960 0.99652 0.08333 0.00000 78.34193 0.00000 0.00000 -1.00000 0.00000
1617128703673021 -0.06450 0.99792 0.00000 -27.99556 0.99792 0.06450 0.00000 78.78173 0.00000 0.00000 -1.00000 0.00000
1617128703923023 -0.05840 0.99829 0.00000 -29.40570 0.99829 0.05840 0.00000 78.88670 0.00000 0.00000 -1.00000 0.00000
1617128704173028 -0.06209 0.99807 0.00000 -31.66807 0.99807 0.06209 0.00000 78.72644 0.00000 0.00000 -1.00000 0.00000
1617128704423657 -0.07162 0.99743 0.00000 -34.42565 0.99743 0.07162 0.00000 78.38452 0.00000 0.00000 -1.00000 0.00000
1617128704673662 -0.08932 0.99600 0.00000 -37.77210 0.99600 0.08932 0.00000 77.68771 0.00000 0.00000 -1.00000 0.00000
1617128704923662 -0.11789 0.99303 0.00000 -41.93910 0.99303 0.11789 0.00000 76.50841 0.00000 0.00000 -1.00000 0.00000
1617128705174290 -0.14169 0.98991 0.00000 -45.84288 0.98991 0.14169 0.00000 75.43752 0.00000 0.00000 -1.00000 0.00000
1617128705424294 -0.16528 0.98625 0.00000 -49.68038 0.98625 0.16528 0.00000 74.27605 0.00000 0.00000 -1.00000 0.00000
1617128705674932 -0.18662 0.98243 0.00000 -53.34014 0.98243 0.18662 0.00000 73.12649 0.00000 0.00000 -1.00000 0.00000
1617128705924309 -0.20766 0.97820 0.00000 -56.92862 0.97820 0.20766 0.00000 71.91238 0.00000 0.00000 -1.00000 0.00000
1617128706173688 -0.22703 0.97389 0.00000 -60.36622 0.97389 0.22703 0.00000 70.71593 0.00000 0.00000 -1.00000 0.00000
1617128706423062 -0.24017 0.97073 0.00000 -63.34629 0.97073 0.24017 0.00000 69.84418 0.00000 0.00000 -1.00000 0.00000
1617128706673072 -0.24673 0.96908 0.00000 -65.83524 0.96908 0.24673 0.00000 69.39341 0.00000 0.00000 -1.00000 0.00000
1617128706923074 -0.24572 0.96934 0.00000 -67.72229 0.96934 0.24572 0.00000 69.43900 0.00000 0.00000 -1.00000 0.00000
1617128707173084 -0.24370 0.96985 0.00000 -69.56838 0.96985 0.24370 0.00000 69.54953 0.00000 0.00000 -1.00000 0.00000
1617128707423079 -0.24557 0.96938 0.00000 -71.62744 0.96938 0.24557 0.00000 69.36903 0.00000 0.00000 -1.00000 0.00000
1617128707673707 -0.24909 0.96848 0.00000 -73.78455 0.96848 0.24909 0.00000 69.08068 0.00000 0.00000 -1.00000 0.00000
1617128707923712 -0.25255 0.96758 0.00000 -75.89609 0.96758 0.25255 0.00000 68.78618 0.00000 0.00000 -1.00000 0.00000
1617128708174346 -0.25669 0.96649 0.00000 -78.02109 0.96649 0.25669 0.00000 68.40914 0.00000 0.00000 -1.00000 0.00000
1617128708424350 -0.26609 0.96395 0.00000 -80.45170 0.96395 0.26609 0.00000 67.57952 0.00000 0.00000 -1.00000 0.00000
1617128708674350 -0.29047 0.95689 0.00000 -83.82760 0.95689 0.29047 0.00000 65.44194 0.00000 0.00000 -1.00000 0.00000
1617128708923732 -0.33011 0.94394 0.00000 -88.11484 0.94394 0.33011 0.00000 61.84485 0.00000 0.00000 -1.00000 0.00000
1617128709173732 -0.37757 0.92598 0.00000 -92.71613 0.92598 0.37757 0.00000 57.22760 0.00000 0.00000 -1.00000 0.00000
1617128709422486 -0.43978 0.89810 0.00000 -97.93219 0.89810 0.43978 0.00000 50.71578 0.00000 0.00000 -1.00000 0.00000
1617128709672496 -0.51453 0.85748 0.00000 -103.39875 0.85748 0.51453 0.00000 42.14148 0.00000 0.00000 -1.00000 0.00000
1617128709922493 -0.58994 0.80745 0.00000 -108.28792 0.80745 0.58994 0.00000 32.59964 0.00000 0.00000 -1.00000 0.00000
1617128710172498 -0.66207 0.74944 0.00000 -112.28514 0.74944 0.66207 0.00000 22.37309 0.00000 0.00000 -1.00000 0.00000
1617128710422499 -0.72625 0.68743 0.00000 -115.25604 0.68743 0.72625 0.00000 12.21647 0.00000 0.00000 -1.00000 0.00000
1617128710673132 -0.78783 0.61590 0.00000 -117.32294 0.61590 0.78783 0.00000 1.24379 0.00000 0.00000 -1.00000 0.00000
1617128710923759 -0.84318 0.53763 0.00000 -118.31027 0.53763 0.84318 0.00000 -10.05532 0.00000 0.00000 -1.00000 0.00000
1617128711173760 -0.89330 0.44946 0.00000 -118.06147 0.44946 0.89330 0.00000 -22.00192 0.00000 0.00000 -1.00000 0.00000
1617128711424391 -0.93333 0.35903 0.00000 -116.69679 0.35903 0.93333 0.00000 -33.60389 0.00000 0.00000 -1.00000 0.00000
1617128711674398 -0.96210 0.27270 0.00000 -114.51365 0.27270 0.96210 0.00000 -44.09623 0.00000 0.00000 -1.00000 0.00000
1617128711925029 -0.98138 0.19207 0.00000 -111.79101 0.19207 0.98138 0.00000 -53.48804 0.00000 0.00000 -1.00000 0.00000
