0.968 0.253 0. 4.760 0.253 -0.968 0. -3.258 0. 0. -1. 0.
0.968 0.252 0. 4.760 0.252 -0.968 0. -3.258 0. 0. -1. 0.
0.968 0.252 0. 4.760 0.252 -0.968 0. -3.258 0. 0. -1. 0.
0.968 0.252 0. 4.760 0.252 -0.968 0. -3.258 0. 0. -1. 0.
0.968 0.252 0. 4.760 0.252 -0.968 0. -3.258 0. 0. -1. 0.
0.968 0.252 0. 4.760 0.252 -0.968 0. -3.258 0. 0. -1. 0.
0.968 0.252 0. 4.760 0.252 -0.968 0. -3.258 0. 0. -1. 0.
0.968 0.252 0. 4.760 0.252 -0.968 0. -3.258 0. 0. -1. 0.
0.968 0.252 0. 4.760 0.252 -0.968 0. -3.258 0. 0. -1. 0.
0.968 0.252 0. 4.760 0.252 -0.968 0. -3.258 0. 0. -1. 0.
0.968 0.252 0. 4.760 0.252 -0.968 0. -3.258 0. 0. -1. 0.
0.968 0.252 0. 4.760 0.252 -0.968 0. -3.258 0. 0. -1. 0.
0.968 0.252 0. 4.760 0.252 -0.968 0. -3.258 0. 0. -1. 0.
0.968 0.252 0. 4.760 0.252 -0.968 0. -3.258 0. 0. -1. 0.
0.968 0.252 0. 4.760 0.252 -0.968 0. -3.258 0. 0. -1. 0.
0.968 0.252 0. 4.760 0.252 -0.968 0. -3.258 0. 0. -1. 0.
0.968 0.252 0. 4.760 0.252 -0.968 0. -3.258 0. 0. -1. 0.
0.968 0.252 0. 4.760 0.252 -0.968 0. -3.258 0. 0. -1. 0.
0.968 0.252 0. 4.760 0.252 -0.968 0. -3.258 0. 0. -1. 0.
0.968 0.252 0. 4.760 0.252 -0.968 0. -3.258 0. 0. -1. 0.
0.968 0.252 0. 4.760 0.252 -0.968 0. -3.258 0. 0. -1. 0.
0.968 0.252 0. 4.760 0.252 -0.968 0. -3.258 0. 0. -1. 0.
0.968 0.252 0. 4.760 0.252 -0.968 0. -3.258 0. 0. -1. 0.
0.968 0.252 0. 4.760 0.252 -0.968 0. -3.258 0. 0. -1. 0.
0.968 0.252 0. 4.760 0.252 -0.968 0. -3.258 0. 0. -1. 0.
0.968 0.252 0. 4.760 0.252 -0.968 0. -3.258 0. 0. -1. 0.
0.968 0.252 0. 4.760 0.252 -0.968 0. -3.258 0. 0. -1. 0.
0.968 0.252 0. 4.760 0.252 -0.968 0. -3.258 0. 0. -1. 0.
0.968 0.252 0. 4.760 0.252 -0.968 0. -3.258 0. 0. -1. 0.
0.968 0.252 0. 4.760 0.252 -0.968 0. -3.258 0. 0. -1. 0.
0.968 0.252 0. 4.760 0.252 -0.968 0. -3.258 0. 0. -1. 0.
0.968 0.252 0. 4.760 0.252 -0.968 0. -3.258 0. 0. -1. 0.
0.968 0.252 0. 4.760 0.252 -0.968 0. -3.258 0. 0. -1. 0.
0.968 0.252 0. 4.760 0.252 -0.968 0. -3.258 0. 0. -1. 0.
0.968 0.252 0. 4.760 0.252 -0.968 0. -3.258 0. 0. -1. 0.
0.968 0.252 0. 4.760 0.252 -0.968 0. -3.258 0. 0. -1. 0.
0.968 0.252 0. 4.760 0.252 -0.968 0. -3.258 0. 0. -1. 0.
0.968 0.252 0. 4.760 0.252 -0.968 0. -3.258 0. 0. -1. 0.
0.968 0.252 0. 4.760 0.252 -0.968 0. -3.258 0. 0. -1. 0.
0.968 0.252 0. 4.760 0.252 -0.968 0. -3.258 0. 0. -1. 0.
0.968 0.252 0. 4.760 0.252 -0.968 0. -3.258 0. 0. -1. 0.
0.968 0.252 0. 4.760 0.252 -0.968 0. -3.258 0. 0. -1. 0.
0.968 0.252 0. 4.760 0.252 -0.968 0. -3.258 0. 0. -1. 0.
0.968 0.252 0. 4.760 0.252 -0.968 0. -3.258 0. 0. -1. 0.
0.968 0.252 0. 4.760 0.252 -0.968 0. -3.258 0. 0. -1. 0.
0.968 0.252 0. 4.760 0.252 -0.968 0. -3.258 0. 0. -1. 0.
0.968 0.252 0. 4.760 0.252 -0.968 0. -3.258 0. 0. -1. 0.
0.968 0.252 0. 4.760 0.252 -0.968 0. -3.258 0. 0. -1. 0.
0.968 0.252 0. 4.760 0.252 -0.968 0. -3.258 0. 0. -1. 0.
0.968 0.252 0. 4.760 0.252 -0.968 0. -3.258 0. 0. -1. 0.
0.968 0.252 0. 4.760 0.252 -0.968 0. -3.258 0. 0. -1. 0.
0.968 0.252 0. 4.760 0.252 -0.968 0. -3.258 0. 0. -1. 0.
0.968 0.252 0. 4.761 0.252 -0.968 0. -3.259 0. 0. -1. 0.
0.967 0.254 0. 4.761 0.254 -0.967 0. -3.258 0. 0. -1. 0.
0.967 0.255 0. 4.758 0.255 -0.967 0. -3.261 0. 0. -1. 0.
0.967 0.255 0. 4.761 0.255 -0.967 0. -3.261 0. 0. -1. 0.
0.966 0.259 0. 4.773 0.259 -0.966 0. -3.257 0. 0. -1. 0.
0.963 0.270 0. 4.813 0.270 -0.963 0. -3.243 0. 0. -1. 0.
0.957 0.290 0. 4.891 0.290 -0.957 0. -3.213 0. 0. -1. 0.
0.947 0.320 0. 5.009 0.320 -0.947 0. -3.161 0. 0. -1. 0.
0.932 0.362 0. 5.179 0.362 -0.932 0. -3.081 0. 0. -1. 0.
0.909 0.416 0. 5.395 0.416 -0.909 0. -2.961 0. 0. -1. 0.
0.882 0.471 0. 5.646 0.471 -0.882 0. -2.797 0. 0. -1. 0.
0.856 0.517 0. 5.934 0.517 -0.856 0. -2.596 0. 0. -1. 0.
0.837 0.547 0. 6.274 0.547 -0.837 0. -2.369 0. 0. -1. 0.
0.826 0.564 0. 6.661 0.564 -0.826 0. -2.113 0. 0. -1. 0.
0.828 0.561 0. 7.079 0.561 -0.828 0. -1.828 0. 0. -1. 0.
0.838 0.546 0. 7.563 0.546 -0.838 0. -1.549 0. 0. -1. 0.
0.853 0.522 0. 8.085 0.522 -0.853 0. -1.239 0. 0. -1. 0.
0.871 0.492 0. 8.666 0.492 -0.871 0. -0.934 0. 0. -1. 0.
0.890 0.456 0. 9.310 0.456 -0.890 0. -0.623 0. 0. -1. 0.
0.908 0.418 0. 10.019 0.418 -0.908 0. -0.318 0. 0. -1. 0.
0.926 0.378 0. 10.804 0.378 -0.926 0. -0.029 0. 0. -1. 0.
0.942 0.336 0. 11.652 0.336 -0.942 0. 0.262 0. 0. -1. 0.
0.955 0.296 0. 12.590 0.296 -0.955 0. 0.524 0. 0. -1. 0.
0.966 0.260 0. 13.565 0.260 -0.966 0. 0.791 0. 0. -1. 0.
0.972 0.233 0. 14.621 0.233 -0.972 0. 0.986 0. 0. -1. 0.
0.976 0.217 0. 15.775 0.217 -0.976 0. 1.253 0. 0. -1. 0.
0.979 0.205 0. 16.984 0.205 -0.979 0. 1.481 0. 0. -1. 0.
0.980 0.201 0. 18.202 0.201 -0.980 0. 1.686 0. 0. -1. 0.
0.980 0.198 0. 19.480 0.198 -0.980 0. 1.937 0. 0. -1. 0.
0.980 0.199 0. 20.824 0.199 -0.980 0. 2.165 0. 0. -1. 0.
0.979 0.202 0. 22.259 0.202 -0.979 0. 2.430 0. 0. -1. 0.
0.979 0.206 0. 23.760 0.206 -0.979 0. 2.722 0. 0. -1. 0.
0.978 0.211 0. 25.319 0.211 -0.978 0. 3.013 0. 0. -1. 0.
0.976 0.216 0. 26.919 0.216 -0.976 0. 3.335 0. 0. -1. 0.
0.975 0.221 0. 28.543 0.221 -0.975 0. 3.647 0. 0. -1. 0.
0.974 0.225 0. 30.223 0.225 -0.974 0. 3.989 0. 0. -1. 0.
0.973 0.232 0. 31.902 0.232 -0.973 0. 4.378 0. 0. -1. 0.
0.972 0.236 0. 33.542 0.236 -0.972 0. 4.745 0. 0. -1. 0.
0.970 0.242 0. 35.277 0.242 -0.970 0. 5.173 0. 0. -1. 0.
0.968 0.249 0. 37.042 0.249 -0.968 0. 5.540 0. 0. -1. 0.
0.966 0.258 0. 38.784 0.258 -0.966 0. 5.978 0. 0. -1. 0.
0.964 0.264 0. 40.580 0.264 -0.964 0. 6.426 0. 0. -1. 0.
0.963 0.270 0. 42.362 0.270 -0.963 0. 6.889 0. 0. -1. 0.
0.962 0.274 0. 44.137 0.274 -0.962 0. 7.347 0. 0. -1. 0.
0.962 0.272 0. 45.946 0.272 -0.962 0. 7.827 0. 0. -1. 0.
0.963 0.268 0. 47.796 0.268 -0.963 0. 8.311 0. 0. -1. 0.
0.964 0.265 0. 49.693 0.265 -0.964 0. 8.786 0. 0. -1. 0.
0.964 0.264 0. 51.643 0.264 -0.964 0. 9.280 0. 0. -1. 0.
0.964 0.266 0. 53.606 0.266 -0.964 0. 9.773 0. 0. -1. 0.
0.964 0.267 0. 55.613 0.267 -0.964 0. 10.279 0. 0. -1. 0.
0.963 0.268 0. 57.631 0.268 -0.963 0. 10.780 0. 0. -1. 0.
0.963 0.268 0. 59.641 0.268 -0.963 0. 11.281 0. 0. -1. 0.
0.963 0.268 0. 61.642 0.268 -0.963 0. 11.790 0. 0. -1. 0.
0.964 0.267 0. 63.630 0.267 -0.964 0. 12.319 0. 0. -1. 0.
0.966 0.259 0. 65.610 0.259 -0.966 0. 12.838 0. 0. -1. 0.
0.968 0.250 0. 67.587 0.250 -0.968 0. 13.306 0. 0. -1. 0.
0.970 0.242 0. 69.593 0.242 -0.970 0. 13.765 0. 0. -1. 0.
0.972 0.234 0. 71.583 0.234 -0.972 0. 14.210 0. 0. -1. 0.
0.975 0.224 0. 73.582 0.224 -0.975 0. 14.637 0. 0. -1. 0.
0.977 0.212 0. 75.590 0.212 -0.977 0. 15.036 0. 0. -1. 0.
0.981 0.196 0. 77.579 0.196 -0.981 0. 15.412 0. 0. -1. 0.
0.985 0.170 0. 79.587 0.170 -0.985 0. 15.755 0. 0. -1. 0.
0.991 0.133 0. 81.604 0.133 -0.991 0. 16.015 0. 0. -1. 0.
0.996 0.085 0. 83.587 0.085 -0.996 0. 16.191 0. 0. -1. 0.
1.000 0.031 0. 85.602 0.031 -1.000 0. 16.262 0. 0. -1. 0.
1.000 -0.023 0. 87.601 -0.023 -1.000 -0. 16.202 0. 0. -1. 0.
0.997 -0.079 0. 89.574 -0.079 -0.997 -0. 16.049 0. 0. -1. 0.
0.991 -0.135 0. 91.511 -0.135 -0.991 -0. 15.775 0. 0. -1. 0.
0.982 -0.191 0. 93.442 -0.191 -0.982 -0. 15.405 0. 0. -1. 0.
0.968 -0.250 0. 95.360 -0.250 -0.968 -0. 14.929 0. 0. -1. 0.
0.950 -0.311 0. 97.232 -0.311 -0.950 -0. 14.310 0. 0. -1. 0.
0.928 -0.373 0. 99.080 -0.373 -0.928 -0. 13.570 0. 0. -1. 0.
0.899 -0.439 0. 100.879 -0.439 -0.899 -0. 12.702 0. 0. -1. 0.
0.863 -0.504 0. 102.597 -0.504 -0.863 -0. 11.711 0. 0. -1. 0.
0.823 -0.568 0. 104.219 -0.568 -0.823 -0. 10.592 0. 0. -1. 0.
0.779 -0.627 0. 105.759 -0.627 -0.779 -0. 9.349 0. 0. -1. 0.
0.731 -0.683 0. 107.215 -0.683 -0.731 -0. 8.020 0. 0. -1. 0.
0.681 -0.733 0. 108.534 -0.733 -0.681 -0. 6.595 0. 0. -1. 0.
0.633 -0.774 0. 109.761 -0.774 -0.633 -0. 5.067 0. 0. -1. 0.
0.599 -0.801 0. 110.878 -0.801 -0.599 -0. 3.498 0. 0. -1. 0.
0.577 -0.816 0. 111.964 -0.816 -0.577 -0. 1.911 0. 0. -1. 0.
0.562 -0.827 0. 113.027 -0.827 -0.562 -0. 0.321 0. 0. -1. 0.
0.558 -0.830 0. 114.077 -0.830 -0.558 -0. -1.278 0. 0. -1. 0.
0.556 -0.831 0. 115.154 -0.831 -0.556 -0. -2.896 0. 0. -1. 0.
0.554 -0.832 0. 116.217 -0.832 -0.554 -0. -4.530 0. 0. -1. 0.
0.559 -0.829 0. 117.263 -0.829 -0.559 -0. -6.176 0. 0. -1. 0.
0.565 -0.825 0. 118.335 -0.825 -0.565 -0. -7.812 0. 0. -1. 0.
0.574 -0.819 0. 119.414 -0.819 -0.574 -0. -9.441 0. 0. -1. 0.
0.588 -0.809 0. 120.514 -0.809 -0.588 -0. -11.044 0. 0. -1. 0.
0.606 -0.795 0. 121.666 -0.795 -0.606 -0. -12.622 0. 0. -1. 0.
0.626 -0.780 0. 122.820 -0.780 -0.626 -0. -14.158 0. 0. -1. 0.
0.645 -0.764 0. 124.026 -0.764 -0.645 -0. -15.671 0. 0. -1. 0.
0.667 -0.745 0. 125.260 -0.745 -0.667 -0. -17.157 0. 0. -1. 0.
0.689 -0.724 0. 126.543 -0.724 -0.689 -0. -18.582 0. 0. -1. 0.
0.708 -0.706 0. 127.875 -0.706 -0.708 -0. -19.981 0. 0. -1. 0.
0.726 -0.687 0. 129.262 -0.687 -0.726 -0. -21.375 0. 0. -1. 0.
0.742 -0.671 0. 130.666 -0.671 -0.742 -0. -22.704 0. 0. -1. 0.
0.756 -0.654 0. 132.115 -0.654 -0.756 -0. -24.026 0. 0. -1. 0.
0.770 -0.639 0. 133.603 -0.639 -0.770 -0. -25.344 0. 0. -1. 0.
0.782 -0.623 0. 135.110 -0.623 -0.782 -0. -26.598 0. 0. -1. 0.
0.792 -0.610 0. 136.674 -0.610 -0.792 -0. -27.875 0. 0. -1. 0.
0.802 -0.597 0. 138.255 -0.597 -0.802 -0. -29.121 0. 0. -1. 0.
0.813 -0.582 0. 139.855 -0.582 -0.813 -0. -30.337 0. 0. -1. 0.
0.823 -0.569 0. 141.513 -0.569 -0.823 -0. -31.539 0. 0. -1. 0.
0.832 -0.555 0. 143.180 -0.555 -0.832 -0. -32.723 0. 0. -1. 0.
0.842 -0.540 0. 144.888 -0.540 -0.842 -0. -33.868 0. 0. -1. 0.
0.851 -0.525 0. 146.625 -0.525 -0.851 -0. -34.983 0. 0. -1. 0.
0.861 -0.509 0. 148.359 -0.509 -0.861 -0. -36.060 0. 0. -1. 0.
0.869 -0.494 0. 150.103 -0.494 -0.869 -0. -37.108 0. 0. -1. 0.
0.877 -0.481 0. 151.842 -0.481 -0.877 -0. -38.104 0. 0. -1. 0.
0.885 -0.466 0. 153.575 -0.466 -0.885 -0. -39.066 0. 0. -1. 0.
0.892 -0.453 0. 155.308 -0.453 -0.892 -0. -39.995 0. 0. -1. 0.
0.899 -0.438 0. 157.026 -0.438 -0.899 -0. -40.902 0. 0. -1. 0.
0.911 -0.413 0. 158.723 -0.413 -0.911 -0. -41.759 0. 0. -1. 0.
0.929 -0.369 0. 160.409 -0.369 -0.929 -0. -42.508 0. 0. -1. 0.
0.952 -0.306 0. 162.118 -0.306 -0.952 -0. -43.134 0. 0. -1. 0.
0.974 -0.225 0. 163.789 -0.225 -0.974 -0. -43.599 0. 0. -1. 0.
0.992 -0.128 0. 165.436 -0.128 -0.992 -0. -43.891 0. 0. -1. 0.
1.000 -0.017 0. 167.026 -0.017 -1.000 -0. -43.995 0. 0. -1. 0.
0.994 0.106 0. 168.538 0.106 -0.994 0. -43.888 0. 0. -1. 0.
0.972 0.234 0. 169.967 0.234 -0.972 0. -43.596 0. 0. -1. 0.
0.926 0.377 0. 171.262 0.377 -0.926 0. -43.143 0. 0. -1. 0.
0.857 0.515 0. 172.393 0.515 -0.857 0. -42.512 0. 0. -1. 0.
0.768 0.641 0. 173.379 0.641 -0.768 0. -41.741 0. 0. -1. 0.
0.656 0.754 0. 174.187 0.754 -0.656 0. -40.863 0. 0. -1. 0.
0.519 0.855 0. 174.807 0.855 -0.519 0. -39.897 0. 0. -1. 0.
0.367 0.930 0. 175.244 0.930 -0.367 0. -38.832 0. 0. -1. 0.
0.197 0.980 0. 175.506 0.980 -0.197 0. -37.739 0. 0. -1. 0.
0.019 1.000 0. 175.544 1.000 -0.019 0. -36.629 0. 0. -1. 0.
-0.167 0.986 0. 175.381 0.986 0.167 0. -35.515 0. 0. -1. 0.
-0.347 0.938 0. 174.996 0.938 0.347 0. -34.407 0. 0. -1. 0.
-0.515 0.857 0. 174.419 0.857 0.515 0. -33.360 0. 0. -1. 0.
-0.653 0.758 0. 173.634 0.758 0.653 0. -32.406 0. 0. -1. 0.
-0.762 0.647 0. 172.684 0.647 0.762 0. -31.540 0. 0. -1. 0.
-0.846 0.533 0. 171.574 0.533 0.846 0. -30.793 0. 0. -1. 0.
-0.903 0.430 0. 170.352 0.430 0.903 0. -30.177 0. 0. -1. 0.
-0.935 0.355 0. 169.027 0.355 0.935 0. -29.644 0. 0. -1. 0.
-0.953 0.302 0. 167.615 0.302 0.953 0. -29.155 0. 0. -1. 0.
-0.966 0.260 0. 166.139 0.260 0.966 0. -28.719 0. 0. -1. 0.
-0.976 0.219 0. 164.590 0.219 0.976 0. -28.325 0. 0. -1. 0.
-0.984 0.178 0. 162.982 0.178 0.984 0. -27.982 0. 0. -1. 0.
-0.991 0.136 0. 161.328 0.136 0.991 0. -27.696 0. 0. -1. 0.
-0.995 0.097 0. 159.630 0.097 0.995 0. -27.482 0. 0. -1. 0.
-0.998 0.069 0. 157.906 0.069 0.998 0. -27.321 0. 0. -1. 0.
-0.999 0.051 0. 156.154 0.051 0.999 0. -27.186 0. 0. -1. 0.
-0.999 0.037 0. 154.339 0.037 0.999 0. -27.081 0. 0. -1. 0.
-1.000 0.030 0. 152.529 0.030 1.000 0. -27.006 0. 0. -1. 0.
-1.000 0.025 0. 150.738 0.025 1.000 0. -26.919 0. 0. -1. 0.
-1.000 0.023 0. 148.930 0.023 1.000 0. -26.843 0. 0. -1. 0.
-0.999 0.032 0. 147.160 0.032 0.999 0. -26.778 0. 0. -1. 0.
-0.998 0.056 0. 145.405 0.056 0.998 0. -26.663 0. 0. -1. 0.
-0.996 0.094 0. 143.654 0.094 0.996 0. -26.493 0. 0. -1. 0.
-0.989 0.149 0. 141.963 0.149 0.989 0. -26.226 0. 0. -1. 0.
-0.976 0.216 0. 140.304 0.216 0.976 0. -25.848 0. 0. -1. 0.
-0.958 0.287 0. 138.673 0.287 0.958 0. -25.343 0. 0. -1. 0.
-0.934 0.356 0. 137.074 0.356 0.934 0. -24.728 0. 0. -1. 0.
-0.905 0.425 0. 135.514 0.425 0.905 0. -23.985 0. 0. -1. 0.
-0.870 0.492 0. 133.998 0.492 0.870 0. -23.126 0. 0. -1. 0.
-0.830 0.557 0. 132.529 0.557 0.830 0. -22.138 0. 0. -1. 0.
-0.790 0.613 0. 131.130 0.613 0.790 0. -21.016 0. 0. -1. 0.
-0.752 0.659 0. 129.785 0.659 0.752 0. -19.807 0. 0. -1. 0.
-0.720 0.694 0. 128.468 0.694 0.720 0. -18.506 0. 0. -1. 0.
-0.696 0.718 0. 127.210 0.718 0.696 0. -17.179 0. 0. -1. 0.
-0.673 0.740 0. 125.959 0.740 0.673 0. -15.824 0. 0. -1. 0.
-0.648 0.761 0. 124.756 0.761 0.648 0. -14.377 0. 0. -1. 0.
-0.623 0.782 0. 123.598 0.782 0.623 0. -12.899 0. 0. -1. 0.
-0.596 0.803 0. 122.518 0.803 0.596 0. -11.373 0. 0. -1. 0.
-0.574 0.819 0. 121.461 0.819 0.574 0. -9.782 0. 0. -1. 0.
-0.559 0.829 0. 120.430 0.829 0.559 0. -8.189 0. 0. -1. 0.
-0.545 0.838 0. 119.402 0.838 0.545 0. -6.565 0. 0. -1. 0.
-0.540 0.841 0. 118.399 0.841 0.540 0. -4.900 0. 0. -1. 0.
-0.545 0.839 0. 117.377 0.839 0.545 0. -3.243 0. 0. -1. 0.
-0.554 0.833 0. 116.347 0.833 0.554 0. -1.594 0. 0. -1. 0.
-0.563 0.827 0. 115.294 0.827 0.563 0. 0.036 0. 0. -1. 0.
-0.577 0.817 0. 114.236 0.817 0.577 0. 1.652 0. 0. -1. 0.
-0.602 0.798 0. 113.137 0.798 0.602 0. 3.221 0. 0. -1. 0.
-0.632 0.775 0. 111.977 0.775 0.632 0. 4.738 0. 0. -1. 0.
-0.667 0.745 0. 110.781 0.745 0.667 0. 6.194 0. 0. -1. 0.
-0.707 0.708 0. 109.505 0.708 0.707 0. 7.574 0. 0. -1. 0.
-0.750 0.662 0. 108.188 0.662 0.750 0. 8.840 0. 0. -1. 0.
-0.795 0.607 0. 106.766 0.607 0.795 0. 10.017 0. 0. -1. 0.
-0.839 0.545 0. 105.280 0.545 0.839 0. 11.080 0. 0. -1. 0.
-0.873 0.487 0. 103.723 0.487 0.873 0. 11.999 0. 0. -1. 0.
-0.902 0.432 0. 102.137 0.432 0.902 0. 12.856 0. 0. -1. 0.
-0.925 0.380 0. 100.479 0.380 0.925 0. 13.600 0. 0. -1. 0.
-0.942 0.337 0. 98.794 0.337 0.942 0. 14.261 0. 0. -1. 0.
-0.953 0.303 0. 97.094 0.303 0.953 0. 14.851 0. 0. -1. 0.
-0.965 0.261 0. 95.380 0.261 0.965 0. 15.384 0. 0. -1. 0.
-0.979 0.205 0. 93.617 0.205 0.979 0. 15.823 0. 0. -1. 0.
-0.991 0.134 0. 91.807 0.134 0.991 0. 16.153 0. 0. -1. 0.
-0.998 0.070 0. 89.975 0.070 0.998 0. 16.342 0. 0. -1. 0.
-1.000 0.023 0. 88.085 0.023 1.000 0. 16.450 0. 0. -1. 0.
-1.000 -0.024 0. 86.164 -0.024 1.000 0. 16.466 -0. 0. -1. 0.
-0.997 -0.071 0. 84.218 -0.071 0.997 0. 16.376 -0. 0. -1. 0.
-0.994 -0.110 0. 82.276 -0.110 0.994 0. 16.207 -0. 0. -1. 0.
-0.990 -0.144 0. 80.303 -0.144 0.990 0. 15.977 -0. 0. -1. 0.
-0.984 -0.177 0. 78.277 -0.177 0.984 0. 15.687 -0. 0. -1. 0.
-0.979 -0.205 0. 76.301 -0.205 0.979 0. 15.327 -0. 0. -1. 0.
-0.974 -0.226 0. 74.319 -0.226 0.974 0. 14.919 -0. 0. -1. 0.
-0.970 -0.245 0. 72.330 -0.245 0.970 0. 14.470 -0. 0. -1. 0.
-0.966 -0.259 0. 70.352 -0.259 0.966 0. 13.984 -0. 0. -1. 0.
-0.964 -0.266 0. 68.356 -0.266 0.964 0. 13.480 -0. 0. -1. 0.
-0.962 -0.273 0. 66.357 -0.273 0.962 0. 12.962 -0. 0. -1. 0.
-0.960 -0.279 0. 64.369 -0.279 0.960 0. 12.409 -0. 0. -1. 0.
-0.959 -0.285 0. 62.356 -0.285 0.959 0. 11.845 -0. 0. -1. 0.
-0.958 -0.288 0. 60.363 -0.288 0.958 0. 11.292 -0. 0. -1. 0.
-0.958 -0.287 0. 58.356 -0.287 0.958 0. 10.747 -0. 0. -1. 0.
-0.958 -0.285 0. 56.357 -0.285 0.958 0. 10.209 -0. 0. -1. 0.
-0.959 -0.283 0. 54.372 -0.283 0.959 0. 9.672 -0. 0. -1. 0.
-0.959 -0.282 0. 52.424 -0.282 0.959 0. 9.134 -0. 0. -1. 0.
-0.960 -0.281 0. 50.495 -0.281 0.960 0. 8.634 -0. 0. -1. 0.
-0.958 -0.285 0. 48.561 -0.285 0.958 0. 8.109 -0. 0. -1. 0.
-0.958 -0.288 0. 46.674 -0.288 0.958 0. 7.583 -0. 0. -1. 0.
-0.957 -0.289 0. 44.796 -0.289 0.957 0. 7.056 -0. 0. -1. 0.
-0.957 -0.289 0. 42.934 -0.289 0.957 0. 6.549 -0. 0. -1. 0.
-0.960 -0.282 0. 41.088 -0.282 0.960 0. 6.027 -0. 0. -1. 0.
-0.965 -0.262 0. 39.218 -0.262 0.965 0. 5.527 -0. 0. -1. 0.
-0.972 -0.237 0. 37.379 -0.237 0.972 0. 5.110 -0. 0. -1. 0.
-0.976 -0.216 0. 35.488 -0.216 0.976 0. 4.725 -0. 0. -1. 0.
-0.980 -0.199 0. 33.578 -0.199 0.980 0. 4.365 -0. 0. -1. 0.
-0.982 -0.190 0. 31.714 -0.190 0.982 0. 4.020 -0. 0. -1. 0.
-0.984 -0.180 0. 29.770 -0.180 0.984 0. 3.711 -0. 0. -1. 0.
-0.985 -0.172 0. 27.845 -0.172 0.985 0. 3.422 -0. 0. -1. 0.
-0.986 -0.166 0. 25.958 -0.166 0.986 0. 3.159 -0. 0. -1. 0.
-0.987 -0.163 0. 24.015 -0.163 0.987 0. 2.873 -0. 0. -1. 0.
-0.987 -0.162 0. 22.102 -0.162 0.987 0. 2.605 -0. 0. -1. 0.
-0.987 -0.162 0. 20.177 -0.162 0.987 0. 2.329 -0. 0. -1. 0.
-0.987 -0.163 0. 18.260 -0.163 0.987 0. 2.056 -0. 0. -1. 0.
-0.987 -0.161 0. 16.347 -0.161 0.987 0. 1.782 -0. 0. -1. 0.
-0.987 -0.159 0. 14.428 -0.159 0.987 0. 1.505 -0. 0. -1. 0.
-0.988 -0.156 0. 12.554 -0.156 0.988 0. 1.251 -0. 0. -1. 0.
-0.988 -0.155 0. 10.627 -0.155 0.988 0. 0.978 -0. 0. -1. 0.
-0.988 -0.154 0. 8.756 -0.154 0.988 0. 0.720 -0. 0. -1. 0.
-0.988 -0.154 0. 6.863 -0.154 0.988 0. 0.441 -0. 0. -1. 0.
-0.988 -0.157 0. 5.004 -0.157 0.988 0. 0.178 -0. 0. -1. 0.
-0.987 -0.163 0. 3.131 -0.163 0.987 0. -0.108 -0. 0. -1. 0.
-0.985 -0.170 0. 1.277 -0.170 0.985 0. -0.407 -0. 0. -1. 0.
-0.984 -0.176 0. -0.554 -0.176 0.984 0. -0.700 -0. 0. -1. 0.
-0.983 -0.182 0. -2.396 -0.182 0.983 0. -1.008 -0. 0. -1. 0.
-0.982 -0.187 0. -4.207 -0.187 0.982 0. -1.322 -0. 0. -1. 0.
-0.982 -0.187 0. -5.999 -0.187 0.982 0. -1.625 -0. 0. -1. 0.
-0.982 -0.187 0. -7.774 -0.187 0.982 0. -1.915 -0. 0. -1. 0.
-0.983 -0.185 0. -9.519 -0.185 0.983 0. -2.221 -0. 0. -1. 0.
-0.983 -0.185 0. -11.195 -0.185 0.983 0. -2.529 -0. 0. -1. 0.
-0.983 -0.184 0. -12.767 -0.184 0.983 0. -2.802 -0. 0. -1. 0.
-0.983 -0.183 0. -14.371 -0.183 0.983 0. -3.068 -0. 0. -1. 0.
-0.984 -0.180 0. -15.944 -0.180 0.984 0. -3.317 -0. 0. -1. 0.
-0.985 -0.173 0. -17.502 -0.173 0.985 0. -3.564 -0. 0. -1. 0.
-0.987 -0.159 0. -19.087 -0.159 0.987 0. -3.784 -0. 0. -1. 0.
-0.989 -0.145 0. -20.687 -0.145 0.989 0. -3.986 -0. 0. -1. 0.
-0.991 -0.135 0. -22.313 -0.135 0.991 0. -4.158 -0. 0. -1. 0.
-0.991 -0.130 0. -23.985 -0.130 0.991 0. -4.314 -0. 0. -1. 0.
-0.992 -0.129 0. -25.709 -0.129 0.992 0. -4.485 -0. 0. -1. 0.
-0.991 -0.131 0. -27.466 -0.131 0.991 0. -4.661 -0. 0. -1. 0.
-0.990 -0.139 0. -29.262 -0.139 0.990 0. -4.878 -0. 0. -1. 0.
-0.988 -0.154 0. -31.085 -0.154 0.988 0. -5.134 -0. 0. -1. 0.
-0.985 -0.171 0. -32.945 -0.171 0.985 0. -5.432 -0. 0. -1. 0.
-0.982 -0.190 0. -34.832 -0.190 0.982 0. -5.774 -0. 0. -1. 0.
-0.978 -0.209 0. -36.722 -0.209 0.978 0. -6.142 -0. 0. -1. 0.
-0.974 -0.226 0. -38.605 -0.226 0.974 0. -6.529 -0. 0. -1. 0.
-0.971 -0.240 0. -40.520 -0.240 0.971 0. -6.966 -0. 0. -1. 0.
-0.969 -0.248 0. -42.416 -0.248 0.969 0. -7.403 -0. 0. -1. 0.
-0.967 -0.257 0. -44.296 -0.257 0.967 0. -7.838 -0. 0. -1. 0.
-0.964 -0.267 0. -46.178 -0.267 0.964 0. -8.306 -0. 0. -1. 0.
-0.962 -0.274 0. -48.008 -0.274 0.962 0. -8.792 -0. 0. -1. 0.
-0.962 -0.272 0. -49.858 -0.272 0.962 0. -9.277 -0. 0. -1. 0.
-0.962 -0.272 0. -51.703 -0.272 0.962 0. -9.752 -0. 0. -1. 0.
-0.963 -0.271 0. -53.515 -0.271 0.963 0. -10.217 -0. 0. -1. 0.
-0.962 -0.272 0. -55.309 -0.272 0.962 0. -10.688 -0. 0. -1. 0.
-0.963 -0.270 0. -57.074 -0.270 0.963 0. -11.155 -0. 0. -1. 0.
-0.965 -0.263 0. -58.800 -0.263 0.965 0. -11.597 -0. 0. -1. 0.
-0.968 -0.252 0. -60.496 -0.252 0.968 0. -12.006 -0. 0. -1. 0.
-0.972 -0.235 0. -62.195 -0.235 0.972 0. -12.389 -0. 0. -1. 0.
-0.977 -0.213 0. -63.876 -0.213 0.977 0. -12.727 -0. 0. -1. 0.
-0.981 -0.192 0. -65.548 -0.192 0.981 0. -13.055 -0. 0. -1. 0.
-0.985 -0.170 0. -67.231 -0.170 0.985 0. -13.324 -0. 0. -1. 0.
-0.989 -0.145 0. -68.933 -0.145 0.989 0. -13.565 -0. 0. -1. 0.
-0.993 -0.120 0. -70.623 -0.120 0.993 0. -13.727 -0. 0. -1. 0.
-0.995 -0.097 0. -72.307 -0.097 0.995 0. -13.858 -0. 0. -1. 0.
-0.997 -0.075 0. -74.012 -0.075 0.997 0. -13.963 -0. 0. -1. 0.
-0.999 -0.051 0. -75.694 -0.051 0.999 0. -14.022 -0. 0. -1. 0.
-1.000 -0.025 0. -77.327 -0.025 1.000 0. -14.033 -0. 0. -1. 0.
-1. 0.008 0. -78.926 0.008 1. 0. -14.014 0. 0. -1. 0.
-0.999 0.048 0. -80.452 0.048 0.999 0. -13.919 0. 0. -1. 0.
-0.995 0.097 0. -81.913 0.097 0.995 0. -13.776 0. 0. -1. 0.
-0.988 0.157 0. -83.323 0.157 0.988 0. -13.533 0. 0. -1. 0.
-0.975 0.224 0. -84.587 0.224 0.975 0. -13.189 0. 0. -1. 0.
-0.957 0.291 0. -85.774 0.291 0.957 0. -12.842 0. 0. -1. 0.
-0.930 0.367 0. -86.942 0.367 0.930 0. -12.356 0. 0. -1. 0.
-0.891 0.455 0. -88.007 0.455 0.891 0. -11.803 0. 0. -1. 0.
-0.834 0.552 0. -89.010 0.552 0.834 0. -11.163 0. 0. -1. 0.
-0.766 0.643 0. -89.889 0.643 0.766 0. -10.332 0. 0. -1. 0.
-0.694 0.720 0. -90.722 0.720 0.694 0. -9.497 0. 0. -1. 0.
-0.616 0.788 0. -91.438 0.788 0.616 0. -8.534 0. 0. -1. 0.
-0.541 0.841 0. -92.081 0.841 0.541 0. -7.468 0. 0. -1. 0.
-0.478 0.878 0. -92.695 0.878 0.478 0. -6.326 0. 0. -1. 0.
-0.413 0.911 0. -93.217 0.911 0.413 0. -5.096 0. 0. -1. 0.
-0.355 0.935 0. -93.705 0.935 0.355 0. -3.789 0. 0. -1. 0.
-0.307 0.952 0. -94.091 0.952 0.307 0. -2.383 0. 0. -1. 0.
-0.278 0.961 0. -94.498 0.961 0.278 0. -0.939 0. 0. -1. 0.
-0.261 0.965 0. -94.855 0.965 0.261 0. 0.574 0. 0. -1. 0.
-0.255 0.967 0. -95.249 0.967 0.255 0. 2.110 0. 0. -1. 0.
-0.251 0.968 0. -95.597 0.968 0.251 0. 3.705 0. 0. -1. 0.
-0.251 0.968 0. -96.022 0.968 0.251 0. 5.281 0. 0. -1. 0.
-0.256 0.967 0. -96.389 0.967 0.256 0. 6.873 0. 0. -1. 0.
-0.258 0.966 0. -96.835 0.966 0.258 0. 8.530 0. 0. -1. 0.
-0.262 0.965 0. -97.255 0.965 0.262 0. 10.181 0. 0. -1. 0.
-0.267 0.964 0. -97.702 0.964 0.267 0. 11.948 0. 0. -1. 0.
-0.269 0.963 0. -98.133 0.963 0.269 0. 13.696 0. 0. -1. 0.
-0.278 0.961 0. -98.606 0.961 0.278 0. 15.505 0. 0. -1. 0.
-0.278 0.961 0. -99.108 0.961 0.278 0. 17.379 0. 0. -1. 0.
-0.277 0.961 0. -99.619 0.961 0.277 0. 19.212 0. 0. -1. 0.
-0.276 0.961 0. -100.129 0.961 0.276 0. 21.134 0. 0. -1. 0.
-0.275 0.962 0. -100.639 0.962 0.275 0. 23.044 0. 0. -1. 0.
-0.278 0.961 0. -101.135 0.961 0.278 0. 24.948 0. 0. -1. 0.
-0.275 0.962 0. -101.653 0.962 0.275 0. 26.866 0. 0. -1. 0.
-0.267 0.964 0. -102.143 0.964 0.267 0. 28.789 0. 0. -1. 0.
-0.259 0.966 0. -102.610 0.966 0.259 0. 30.721 0. 0. -1. 0.
-0.250 0.968 0. -103.072 0.968 0.250 0. 32.644 0. 0. -1. 0.
-0.244 0.970 0. -103.514 0.970 0.244 0. 34.549 0. 0. -1. 0.
-0.242 0.970 0. -103.949 0.970 0.242 0. 36.458 0. 0. -1. 0.
-0.240 0.971 0. -104.387 0.971 0.240 0. 38.338 0. 0. -1. 0.
-0.243 0.970 0. -104.815 0.970 0.243 0. 40.193 0. 0. -1. 0.
-0.247 0.969 0. -105.258 0.969 0.247 0. 42.061 0. 0. -1. 0.
-0.254 0.967 0. -105.672 0.967 0.254 0. 43.875 0. 0. -1. 0.
-0.258 0.966 0. -106.123 0.966 0.258 0. 45.677 0. 0. -1. 0.
-0.259 0.966 0. -106.584 0.966 0.259 0. 47.477 0. 0. -1. 0.
-0.261 0.965 0. -107.016 0.965 0.261 0. 49.238 0. 0. -1. 0.
-0.262 0.965 0. -107.472 0.965 0.262 0. 51.004 0. 0. -1. 0.
-0.264 0.965 0. -107.914 0.965 0.264 0. 52.756 0. 0. -1. 0.
-0.265 0.964 0. -108.371 0.964 0.265 0. 54.460 0. 0. -1. 0.
-0.276 0.961 0. -108.772 0.961 0.276 0. 56.100 0. 0. -1. 0.
-0.301 0.954 0. -109.227 0.954 0.301 0. 57.760 0. 0. -1. 0.
-0.331 0.943 0. -109.741 0.943 0.331 0. 59.352 0. 0. -1. 0.
-0.375 0.927 0. -110.298 0.927 0.375 0. 60.878 0. 0. -1. 0.
-0.424 0.906 0. -110.915 0.906 0.424 0. 62.400 0. 0. -1. 0.
-0.471 0.882 0. -111.624 0.882 0.471 0. 63.765 0. 0. -1. 0.
-0.519 0.855 0. -112.381 0.855 0.519 0. 65.200 0. 0. -1. 0.
-0.563 0.826 0. -113.277 0.826 0.563 0. 66.583 0. 0. -1. 0.
-0.612 0.791 0. -114.197 0.791 0.612 0. 67.914 0. 0. -1. 0.
-0.659 0.752 0. -115.267 0.752 0.659 0. 69.217 0. 0. -1. 0.
-0.704 0.710 0. -116.425 0.710 0.704 0. 70.466 0. 0. -1. 0.
-0.745 0.667 0. -117.647 0.667 0.745 0. 71.642 0. 0. -1. 0.
-0.784 0.620 0. -118.984 0.620 0.784 0. 72.772 0. 0. -1. 0.
-0.818 0.575 0. -120.424 0.575 0.818 0. 73.874 0. 0. -1. 0.
-0.841 0.542 0. -121.923 0.542 0.841 0. 74.903 0. 0. -1. 0.
-0.853 0.521 0. -123.476 0.521 0.853 0. 75.877 0. 0. -1. 0.
-0.860 0.511 0. -125.077 0.511 0.860 0. 76.881 0. 0. -1. 0.
-0.865 0.502 0. -126.730 0.502 0.865 0. 77.863 0. 0. -1. 0.
-0.867 0.498 0. -128.422 0.498 0.867 0. 78.873 0. 0. -1. 0.
-0.867 0.499 0. -130.119 0.499 0.867 0. 79.885 0. 0. -1. 0.
-0.866 0.499 0. -131.832 0.499 0.866 0. 80.909 0. 0. -1. 0.
-0.866 0.501 0. -133.543 0.501 0.866 0. 81.926 0. 0. -1. 0.
-0.865 0.501 0. -135.267 0.501 0.865 0. 82.975 0. 0. -1. 0.
-0.867 0.499 0. -137.005 0.499 0.867 0. 84.028 0. 0. -1. 0.
-0.868 0.497 0. -138.770 0.497 0.868 0. 85.084 0. 0. -1. 0.
-0.869 0.494 0. -140.571 0.494 0.869 0. 86.147 0. 0. -1. 0.
-0.867 0.498 0. -142.365 0.498 0.867 0. 87.208 0. 0. -1. 0.
-0.864 0.504 0. -144.152 0.504 0.864 0. 88.300 0. 0. -1. 0.
-0.858 0.513 0. -145.976 0.513 0.858 0. 89.431 0. 0. -1. 0.
-0.853 0.522 0. -147.802 0.522 0.853 0. 90.584 0. 0. -1. 0.
-0.849 0.529 0. -149.656 0.529 0.849 0. 91.781 0. 0. -1. 0.
-0.845 0.534 0. -151.503 0.534 0.845 0. 93.002 0. 0. -1. 0.
-0.842 0.539 0. -153.368 0.539 0.842 0. 94.248 0. 0. -1. 0.
-0.839 0.544 0. -155.239 0.544 0.839 0. 95.520 0. 0. -1. 0.
-0.838 0.546 0. -157.104 0.546 0.838 0. 96.811 0. 0. -1. 0.
-0.837 0.547 0. -158.978 0.547 0.837 0. 98.117 0. 0. -1. 0.
-0.839 0.545 0. -160.862 0.545 0.839 0. 99.416 0. 0. -1. 0.
-0.840 0.543 0. -162.771 0.543 0.840 0. 100.713 0. 0. -1. 0.
-0.841 0.541 0. -164.710 0.541 0.841 0. 102.022 0. 0. -1. 0.
-0.842 0.539 0. -166.651 0.539 0.842 0. 103.327 0. 0. -1. 0.
-0.843 0.538 0. -168.622 0.538 0.843 0. 104.650 0. 0. -1. 0.
-0.844 0.536 0. -170.598 0.536 0.844 0. 105.975 0. 0. -1. 0.
-0.845 0.535 0. -172.580 0.535 0.845 0. 107.286 0. 0. -1. 0.
-0.845 0.535 0. -174.571 0.535 0.845 0. 108.578 0. 0. -1. 0.
-0.841 0.541 0. -176.547 0.541 0.841 0. 109.873 0. 0. -1. 0.
-0.835 0.550 0. -178.508 0.550 0.835 0. 111.217 0. 0. -1. 0.
-0.829 0.559 0. -180.446 0.559 0.829 0. 112.581 0. 0. -1. 0.
-0.818 0.575 0. -182.375 0.575 0.818 0. 113.970 0. 0. -1. 0.
-0.801 0.598 0. -184.269 0.598 0.801 0. 115.419 0. 0. -1. 0.
-0.783 0.622 0. -186.116 0.622 0.783 0. 116.928 0. 0. -1. 0.
-0.762 0.647 0. -187.929 0.647 0.762 0. 118.507 0. 0. -1. 0.
-0.741 0.671 0. -189.692 0.671 0.741 0. 120.133 0. 0. -1. 0.
-0.722 0.692 0. -191.416 0.692 0.722 0. 121.816 0. 0. -1. 0.
-0.701 0.714 0. -193.095 0.714 0.701 0. 123.554 0. 0. -1. 0.
-0.677 0.736 0. -194.728 0.736 0.677 0. 125.354 0. 0. -1. 0.
-0.653 0.757 0. -196.310 0.757 0.653 0. 127.196 0. 0. -1. 0.
-0.623 0.782 0. -197.827 0.782 0.623 0. 129.099 0. 0. -1. 0.
-0.587 0.809 0. -199.273 0.809 0.587 0. 131.089 0. 0. -1. 0.
-0.548 0.836 0. -200.608 0.836 0.548 0. 133.131 0. 0. -1. 0.
-0.509 0.861 0. -201.857 0.861 0.509 0. 135.243 0. 0. -1. 0.
-0.467 0.884 0. -203.010 0.884 0.467 0. 137.408 0. 0. -1. 0.
-0.426 0.905 0. -204.056 0.905 0.426 0. 139.620 0. 0. -1. 0.
-0.390 0.921 0. -204.992 0.921 0.390 0. 141.866 0. 0. -1. 0.
-0.366 0.930 0. -205.854 0.930 0.366 0. 144.137 0. 0. -1. 0.
-0.348 0.938 0. -206.673 0.938 0.348 0. 146.428 0. 0. -1. 0.
-0.337 0.941 0. -207.444 0.941 0.337 0. 148.731 0. 0. -1. 0.
-0.330 0.944 0. -208.209 0.944 0.330 0. 151.067 0. 0. -1. 0.
-0.326 0.945 0. -208.947 0.945 0.326 0. 153.380 0. 0. -1. 0.
-0.326 0.945 0. -209.687 0.945 0.326 0. 155.716 0. 0. -1. 0.
-0.327 0.945 0. -210.435 0.945 0.327 0. 158.037 0. 0. -1. 0.
-0.334 0.943 0. -211.172 0.943 0.334 0. 160.348 0. 0. -1. 0.
-0.350 0.937 0. -211.942 0.937 0.350 0. 162.634 0. 0. -1. 0.
-0.376 0.927 0. -212.767 0.927 0.376 0. 164.869 0. 0. -1. 0.
-0.415 0.910 0. -213.669 0.910 0.415 0. 167.057 0. 0. -1. 0.
-0.461 0.887 0. -214.674 0.887 0.461 0. 169.176 0. 0. -1. 0.
-0.509 0.860 0. -215.767 0.860 0.509 0. 171.194 0. 0. -1. 0.
-0.563 0.827 0. -216.990 0.827 0.563 0. 173.140 0. 0. -1. 0.
-0.618 0.786 0. -218.284 0.786 0.618 0. 174.966 0. 0. -1. 0.
-0.670 0.742 0. -219.718 0.742 0.670 0. 176.698 0. 0. -1. 0.
-0.721 0.693 0. -221.268 0.693 0.721 0. 178.306 0. 0. -1. 0.
-0.772 0.636 0. -222.918 0.636 0.772 0. 179.788 0. 0. -1. 0.
-0.823 0.568 0. -224.673 0.568 0.823 0. 181.134 0. 0. -1. 0.
-0.871 0.492 0. -226.549 0.492 0.871 0. 182.347 0. 0. -1. 0.
-0.911 0.413 0. -228.518 0.413 0.911 0. 183.372 0. 0. -1. 0.
-0.943 0.333 0. -230.564 0.333 0.943 0. 184.210 0. 0. -1. 0.
-0.967 0.256 0. -232.676 0.256 0.967 0. 184.873 0. 0. -1. 0.
-0.981 0.192 0. -234.824 0.192 0.981 0. 185.401 0. 0. -1. 0.
-0.991 0.133 0. -237.011 0.133 0.991 0. 185.793 0. 0. -1. 0.
-0.997 0.083 0. -239.212 0.083 0.997 0. 186.042 0. 0. -1. 0.
-0.999 0.052 0. -241.411 0.052 0.999 0. 186.200 0. 0. -1. 0.
-1.000 0.031 0. -243.603 0.031 1.000 0. 186.329 0. 0. -1. 0.
-1.000 0.016 0. -245.803 0.016 1.000 0. 186.414 0. 0. -1. 0.
-1. 0.003 0. -247.971 0.003 1. 0. 186.472 0. 0. -1. 0.
-1. -0.009 0. -250.149 -0.009 1. 0. 186.508 -0. 0. -1. 0.
-1.000 -0.019 0. -252.334 -0.019 1.000 0. 186.510 -0. 0. -1. 0.
-1.000 -0.018 0. -254.524 -0.018 1.000 0. 186.489 -0. 0. -1. 0.
-1. -0.012 0. -256.763 -0.012 1. 0. 186.505 -0. 0. -1. 0.
-1. -0.002 0. -259.025 -0.002 1. 0. 186.553 -0. 0. -1. 0.
-1. 0.005 0. -261.307 0.005 1. 0. 186.608 0. 0. -1. 0.
-1. 0.013 0. -263.622 0.013 1. 0. 186.672 0. 0. -1. 0.
-1.000 0.019 0. -265.948 0.019 1.000 0. 186.761 0. 0. -1. 0.
-1.000 0.024 0. -268.268 0.024 1.000 0. 186.841 0. 0. -1. 0.
-1.000 0.030 0. -270.587 0.030 1.000 0. 186.949 0. 0. -1. 0.
-0.999 0.035 0. -272.881 0.035 0.999 0. 187.081 0. 0. -1. 0.
-0.999 0.041 0. -275.149 0.041 0.999 0. 187.230 0. 0. -1. 0.
-0.999 0.049 0. -277.381 0.049 0.999 0. 187.383 0. 0. -1. 0.
-0.998 0.059 0. -279.567 0.059 0.998 0. 187.561 0. 0. -1. 0.
-0.998 0.070 0. -281.695 0.070 0.998 0. 187.757 0. 0. -1. 0.
-0.997 0.083 0. -283.776 0.083 0.997 0. 187.966 0. 0. -1. 0.
-0.995 0.097 0. -285.787 0.097 0.995 0. 188.202 0. 0. -1. 0.
-0.993 0.116 0. -287.757 0.116 0.993 0. 188.497 0. 0. -1. 0.
-0.991 0.134 0. -289.646 0.134 0.991 0. 188.811 0. 0. -1. 0.
-0.989 0.149 0. -291.412 0.149 0.989 0. 189.102 0. 0. -1. 0.
-0.986 0.166 0. -293.156 0.166 0.986 0. 189.407 0. 0. -1. 0.
-0.984 0.180 0. -294.804 0.180 0.984 0. 189.729 0. 0. -1. 0.
-0.982 0.190 0. -296.357 0.190 0.982 0. 190.072 0. 0. -1. 0.
-0.981 0.193 0. -297.861 0.193 0.981 0. 190.397 0. 0. -1. 0.
-0.980 0.199 0. -299.302 0.199 0.980 0. 190.711 0. 0. -1. 0.
-0.978 0.208 0. -300.614 0.208 0.978 0. 191.038 0. 0. -1. 0.
-0.977 0.215 0. -301.852 0.215 0.977 0. 191.314 0. 0. -1. 0.
-0.975 0.223 0. -302.957 0.223 0.975 0. 191.592 0. 0. -1. 0.
-0.973 0.232 0. -303.982 0.232 0.973 0. 191.892 0. 0. -1. 0.
-0.972 0.234 0. -304.965 0.234 0.972 0. 192.101 0. 0. -1. 0.
-0.972 0.236 0. -305.790 0.236 0.972 0. 192.377 0. 0. -1. 0.
-0.971 0.241 0. -306.492 0.241 0.971 0. 192.590 0. 0. -1. 0.
-0.970 0.244 0. -307.092 0.244 0.970 0. 192.702 0. 0. -1. 0.
-0.969 0.247 0. -307.611 0.247 0.969 0. 192.865 0. 0. -1. 0.
-0.968 0.252 0. -308.034 0.252 0.968 0. 192.975 0. 0. -1. 0.
-0.967 0.253 0. -308.413 0.253 0.967 0. 193.074 0. 0. -1. 0.
-0.967 0.256 0. -308.719 0.256 0.967 0. 193.167 0. 0. -1. 0.
-0.966 0.259 0. -308.933 0.259 0.966 0. 193.229 0. 0. -1. 0.
-0.966 0.260 0. -309.090 0.260 0.966 0. 193.270 0. 0. -1. 0.
-0.965 0.261 0. -309.198 0.261 0.965 0. 193.301 0. 0. -1. 0.
-0.965 0.262 0. -309.247 0.262 0.965 0. 193.311 0. 0. -1. 0.
-0.965 0.262 0. -309.236 0.262 0.965 0. 193.309 0. 0. -1. 0.
-0.965 0.261 0. -309.235 0.261 0.965 0. 193.309 0. 0. -1. 0.
-0.965 0.262 0. -309.237 0.262 0.965 0. 193.308 0. 0. -1. 0.
-0.965 0.262 0. -309.236 0.262 0.965 0. 193.308 0. 0. -1. 0.
-0.965 0.262 0. -309.236 0.262 0.965 0. 193.308 0. 0. -1. 0.
-0.965 0.262 0. -309.237 0.262 0.965 0. 193.307 0. 0. -1. 0.
-0.965 0.262 0. -309.238 0.262 0.965 0. 193.307 0. 0. -1. 0.
-0.965 0.262 0. -309.253 0.262 0.965 0. 193.311 0. 0. -1. 0.
-0.965 0.262 0. -309.280 0.262 0.965 0. 193.317 0. 0. -1. 0.
-0.965 0.262 0. -309.317 0.262 0.965 0. 193.328 0. 0. -1. 0.
-0.965 0.263 0. -309.364 0.263 0.965 0. 193.339 0. 0. -1. 0.
-0.965 0.264 0. -309.423 0.264 0.965 0. 193.355 0. 0. -1. 0.
-0.964 0.265 0. -309.498 0.265 0.964 0. 193.374 0. 0. -1. 0.
-0.964 0.266 0. -309.586 0.266 0.964 0. 193.400 0. 0. -1. 0.
-0.964 0.267 0. -309.687 0.267 0.964 0. 193.429 0. 0. -1. 0.
-0.963 0.268 0. -309.799 0.268 0.963 0. 193.459 0. 0. -1. 0.
-0.963 0.270 0. -309.928 0.270 0.963 0. 193.490 0. 0. -1. 0.
-0.962 0.272 0. -310.068 0.272 0.962 0. 193.528 0. 0. -1. 0.
-0.962 0.274 0. -310.231 0.274 0.962 0. 193.578 0. 0. -1. 0.
-0.961 0.278 0. -310.433 0.278 0.961 0. 193.637 0. 0. -1. 0.
-0.959 0.282 0. -310.673 0.282 0.959 0. 193.700 0. 0. -1. 0.
-0.958 0.286 0. -310.966 0.286 0.958 0. 193.787 0. 0. -1. 0.
-0.957 0.291 0. -311.352 0.291 0.957 0. 193.885 0. 0. -1. 0.
-0.954 0.299 0. -311.817 0.299 0.954 0. 194.032 0. 0. -1. 0.
-0.949 0.315 0. -312.317 0.315 0.949 0. 194.256 0. 0. -1. 0.
-0.940 0.340 0. -312.936 0.340 0.940 0. 194.440 0. 0. -1. 0.
-0.928 0.372 0. -313.619 0.372 0.928 0. 194.731 0. 0. -1. 0.
-0.912 0.410 0. -314.381 0.410 0.912 0. 195.024 0. 0. -1. 0.
-0.885 0.466 0. -315.176 0.466 0.885 0. 195.477 0. 0. -1. 0.
-0.838 0.546 0. -315.867 0.546 0.838 0. 196.082 0. 0. -1. 0.
-0.763 0.647 0. -316.605 0.647 0.763 0. 196.608 0. 0. -1. 0.
-0.688 0.726 0. -317.243 0.726 0.688 0. 197.381 0. 0. -1. 0.
-0.589 0.808 0. -317.773 0.808 0.589 0. 198.291 0. 0. -1. 0.
-0.484 0.875 0. -318.341 0.875 0.484 0. 199.279 0. 0. -1. 0.
-0.384 0.923 0. -318.755 0.923 0.384 0. 200.392 0. 0. -1. 0.
-0.299 0.954 0. -319.108 0.954 0.299 0. 201.610 0. 0. -1. 0.
-0.245 0.970 0. -319.419 0.970 0.245 0. 202.947 0. 0. -1. 0.
-0.203 0.979 0. -319.711 0.979 0.203 0. 204.423 0. 0. -1. 0.
-0.159 0.987 0. -319.961 0.987 0.159 0. 206.037 0. 0. -1. 0.
-0.120 0.993 0. -320.148 0.993 0.120 0. 207.796 0. 0. -1. 0.
-0.089 0.996 0. -320.296 0.996 0.089 0. 209.697 0. 0. -1. 0.
-0.059 0.998 0. -320.398 0.998 0.059 0. 211.724 0. 0. -1. 0.
-0.045 0.999 0. -320.435 0.999 0.045 0. 213.877 0. 0. -1. 0.
-0.038 0.999 0. -320.486 0.999 0.038 0. 216.139 0. 0. -1. 0.
-0.031 1.000 0. -320.515 1.000 0.031 0. 218.506 0. 0. -1. 0.
-0.025 1.000 0. -320.526 1.000 0.025 0. 220.970 0. 0. -1. 0.
-0.022 1.000 0. -320.523 1.000 0.022 0. 223.522 0. 0. -1. 0.
-0.018 1.000 0. -320.512 1.000 0.018 0. 226.118 0. 0. -1. 0.
-0.015 1.000 0. -320.499 1.000 0.015 0. 228.771 0. 0. -1. 0.
-0.011 1. 0. -320.474 1. 0.011 0. 231.497 0. 0. -1. 0.
-0.009 1. 0. -320.435 1. 0.009 0. 234.284 0. 0. -1. 0.
-0.008 1. 0. -320.397 1. 0.008 0. 237.152 0. 0. -1. 0.
-0.006 1. 0. -320.359 1. 0.006 0. 240.096 0. 0. -1. 0.
-0.004 1. 0. -320.309 1. 0.004 0. 243.090 0. 0. -1. 0.
-0.002 1. 0. -320.254 1. 0.002 0. 246.104 0. 0. -1. 0.
-0.001 1. 0. -320.190 1. 0.001 0. 249.145 0. 0. -1. 0.
0.001 1. 0. -320.123 1. -0.001 0. 252.211 0. 0. -1. 0.
0.003 1. 0. -320.046 1. -0.003 0. 255.325 0. 0. -1. 0.
0.005 1. 0. -319.967 1. -0.005 0. 258.479 0. 0. -1. 0.
0.007 1. 0. -319.882 1. -0.007 0. 261.672 0. 0. -1. 0.
0.008 1. 0. -319.784 1. -0.008 0. 264.913 0. 0. -1. 0.
0.008 1. 0. -319.688 1. -0.008 0. 268.190 0. 0. -1. 0.
0.010 1. 0. -319.588 1. -0.010 0. 271.479 0. 0. -1. 0.
0.011 1. 0. -319.485 1. -0.011 0. 274.756 0. 0. -1. 0.
0.013 1. 0. -319.371 1. -0.013 0. 278.026 0. 0. -1. 0.
0.013 1. 0. -319.258 1. -0.013 0. 281.288 0. 0. -1. 0.
0.013 1. 0. -319.150 1. -0.013 0. 284.558 0. 0. -1. 0.
0.012 1. 0. -319.040 1. -0.012 0. 287.839 0. 0. -1. 0.
0.010 1. 0. -318.936 1. -0.010 0. 291.118 0. 0. -1. 0.
0.007 1. 0. -318.841 1. -0.007 0. 294.407 0. 0. -1. 0.
0.005 1. 0. -318.748 1. -0.005 0. 297.700 0. 0. -1. 0.
0.003 1. 0. -318.666 1. -0.003 0. 301.003 0. 0. -1. 0.
0.001 1. 0. -318.593 1. -0.001 0. 304.307 0. 0. -1. 0.
0.005 1. 0. -318.525 1. -0.005 0. 307.590 0. 0. -1. 0.
0.007 1. 0. -318.433 1. -0.007 0. 310.862 0. 0. -1. 0.
0.007 1. 0. -318.332 1. -0.007 0. 314.125 0. 0. -1. 0.
0.009 1. 0. -318.245 1. -0.009 0. 317.381 0. 0. -1. 0.
0.010 1. 0. -318.146 1. -0.010 0. 320.615 0. 0. -1. 0.
0.011 1. 0. -318.038 1. -0.011 0. 323.852 0. 0. -1. 0.
0.011 1. 0. -317.930 1. -0.011 0. 327.081 0. 0. -1. 0.
0.011 1. 0. -317.821 1. -0.011 0. 330.305 0. 0. -1. 0.
0.009 1. 0. -317.715 1. -0.009 0. 333.522 0. 0. -1. 0.
0.005 1. 0. -317.620 1. -0.005 0. 336.741 0. 0. -1. 0.
0.001 1. 0. -317.543 1. -0.001 0. 339.957 0. 0. -1. 0.
-0.003 1. 0. -317.484 1. 0.003 0. 343.167 0. 0. -1. 0.
-0.005 1. 0. -317.429 1. 0.005 0. 346.372 0. 0. -1. 0.
-0.006 1. 0. -317.379 1. 0.006 0. 349.591 0. 0. -1. 0.
-0.004 1. 0. -317.330 1. 0.004 0. 352.777 0. 0. -1. 0.
-0.002 1. 0. -317.273 1. 0.002 0. 355.984 0. 0. -1. 0.
-0. 1. 0. -317.210 1. 0. 0. 359.169 0. 0. -1. 0.
0.002 1. 0. -317.138 1. -0.002 0. 362.355 0. 0. -1. 0.
0.004 1. 0. -317.059 1. -0.004 0. 365.528 0. 0. -1. 0.
0.006 1. 0. -316.977 1. -0.006 0. 368.701 0. 0. -1. 0.
0.009 1. 0. -316.886 1. -0.009 0. 371.836 0. 0. -1. 0.
0.011 1. 0. -316.791 1. -0.011 0. 374.963 0. 0. -1. 0.
0.010 1. 0. -316.689 1. -0.010 0. 378.071 0. 0. -1. 0.
0.007 1. 0. -316.579 1. -0.007 0. 381.178 0. 0. -1. 0.
0.004 1. 0. -316.503 1. -0.004 0. 384.229 0. 0. -1. 0.
0.006 1. 0. -316.437 1. -0.006 0. 387.286 0. 0. -1. 0.
0.006 1. 0. -316.351 1. -0.006 0. 390.316 0. 0. -1. 0.
0.006 1. 0. -316.273 1. -0.006 0. 393.312 0. 0. -1. 0.
0.006 1. 0. -316.193 1. -0.006 0. 396.297 0. 0. -1. 0.
0.007 1. 0. -316.113 1. -0.007 0. 399.249 0. 0. -1. 0.
0.008 1. 0. -316.030 1. -0.008 0. 402.186 0. 0. -1. 0.
0.009 1. 0. -315.946 1. -0.009 0. 405.097 0. 0. -1. 0.
0.009 1. 0. -315.855 1. -0.009 0. 407.991 0. 0. -1. 0.
0.008 1. 0. -315.768 1. -0.008 0. 410.864 0. 0. -1. 0.
0.008 1. 0. -315.684 1. -0.008 0. 413.717 0. 0. -1. 0.
0.007 1. 0. -315.603 1. -0.007 0. 416.547 0. 0. -1. 0.
0.008 1. 0. -315.525 1. -0.008 0. 419.355 0. 0. -1. 0.
0.007 1. 0. -315.444 1. -0.007 0. 422.142 0. 0. -1. 0.
0.007 1. 0. -315.363 1. -0.007 0. 424.893 0. 0. -1. 0.
0.007 1. 0. -315.280 1. -0.007 0. 427.631 0. 0. -1. 0.
0.005 1. 0. -315.207 1. -0.005 0. 430.348 0. 0. -1. 0.
0.002 1. 0. -315.145 1. -0.002 0. 433.022 0. 0. -1. 0.
-0.001 1. 0. -315.089 1. 0.001 0. 435.651 0. 0. -1. 0.
-0.003 1. 0. -315.042 1. 0.003 0. 438.230 0. 0. -1. 0.
-0.004 1. 0. -315. 1. 0.004 0. 440.711 0. 0. -1. 0.
-0.006 1. 0. -314.959 1. 0.006 0. 443.083 0. 0. -1. 0.
-0.006 1. 0. -314.924 1. 0.006 0. 445.358 0. 0. -1. 0.
-0.007 1. 0. -314.893 1. 0.007 0. 447.501 0. 0. -1. 0.
-0.008 1. 0. -314.871 1. 0.008 0. 449.509 0. 0. -1. 0.
-0.008 1. 0. -314.852 1. 0.008 0. 451.372 0. 0. -1. 0.
-0.008 1. 0. -314.834 1. 0.008 0. 453.078 0. 0. -1. 0.
-0.007 1. 0. -314.814 1. 0.007 0. 454.645 0. 0. -1. 0.
-0.006 1. 0. -314.793 1. 0.006 0. 456.093 0. 0. -1. 0.
-0.005 1. 0. -314.773 1. 0.005 0. 457.417 0. 0. -1. 0.
-0.004 1. 0. -314.754 1. 0.004 0. 458.603 0. 0. -1. 0.
-0.002 1. 0. -314.731 1. 0.002 0. 459.638 0. 0. -1. 0.
-0.001 1. 0. -314.713 1. 0.001 0. 460.539 0. 0. -1. 0.
0.000 1. 0. -314.697 1. -0.000 0. 461.301 0. 0. -1. 0.
-0.001 1. 0. -314.679 1. 0.001 0. 461.938 0. 0. -1. 0.
-0.002 1. 0. -314.673 1. 0.002 0. 462.468 0. 0. -1. 0.
-0.002 1. 0. -314.664 1. 0.002 0. 462.911 0. 0. -1. 0.
-0.002 1. 0. -314.661 1. 0.002 0. 463.267 0. 0. -1. 0.
-0.003 1. 0. -314.653 1. 0.003 0. 463.562 0. 0. -1. 0.
-0.003 1. 0. -314.646 1. 0.003 0. 463.815 0. 0. -1. 0.
-0.003 1. 0. -314.646 1. 0.003 0. 464.032 0. 0. -1. 0.
-0.003 1. 0. -314.641 1. 0.003 0. 464.241 0. 0. -1. 0.
-0.004 1. 0. -314.639 1. 0.004 0. 464.484 0. 0. -1. 0.
-0.003 1. 0. -314.635 1. 0.003 0. 464.749 0. 0. -1. 0.
-0.002 1. 0. -314.630 1. 0.002 0. 465.033 0. 0. -1. 0.
-0.000 1. 0. -314.624 1. 0.000 0. 465.316 0. 0. -1. 0.
0.001 1. 0. -314.618 1. -0.001 0. 465.566 0. 0. -1. 0.
0.002 1. 0. -314.613 1. -0.002 0. 465.790 0. 0. -1. 0.
0.003 1. 0. -314.608 1. -0.003 0. 465.980 0. 0. -1. 0.
0.003 1. 0. -314.603 1. -0.003 0. 466.119 0. 0. -1. 0.
0.004 1. 0. -314.601 1. -0.004 0. 466.204 0. 0. -1. 0.
0.004 1. 0. -314.600 1. -0.004 0. 466.232 0. 0. -1. 0.
0.004 1. 0. -314.600 1. -0.004 0. 466.231 0. 0. -1. 0.
0.004 1. 0. -314.600 1. -0.004 0. 466.231 0. 0. -1. 0.
0.004 1. 0. -314.600 1. -0.004 0. 466.231 0. 0. -1. 0.
0.004 1. 0. -314.600 1. -0.004 0. 466.231 0. 0. -1. 0.
0.004 1. 0. -314.600 1. -0.004 0. 466.231 0. 0. -1. 0.
0.004 1. 0. -314.600 1. -0.004 0. 466.231 0. 0. -1. 0.
0.004 1. 0. -314.600 1. -0.004 0. 466.231 0. 0. -1. 0.
0.004 1. 0. -314.600 1. -0.004 0. 466.231 0. 0. -1. 0.
0.004 1. 0. -314.600 1. -0.004 0. 466.231 0. 0. -1. 0.
0.004 1. 0. -314.600 1. -0.004 0. 466.231 0. 0. -1. 0.
