1547123578802910 1.00000 0.00000 0.00000 -0.00000 0.00000 1.00000 0.00000 -0.00000 0.00000 0.00000 1.00000 -0.00000
1547123579053189 1.00000 -0.00014 0.00000 0.00126 0.00014 1.00000 -0.00000 0.00127 -0.00000 0.00000 1.00000 0.00000
1547123579303131 1.00000 -0.00007 0.00000 -0.00210 0.00007 1.00000 -0.00000 0.00597 -0.00000 0.00000 1.00000 0.00000
1547123579553071 1.00000 -0.00006 0.00000 0.00143 0.00006 1.00000 -0.00000 0.00446 -0.00000 0.00000 1.00000 0.00000
1547123579802407 1.00000 -0.00017 0.00000 0.00206 0.00017 1.00000 -0.00000 -0.00346 -0.00000 0.00000 1.00000 -0.00000
1547123580051552 1.00000 -0.00004 0.00000 0.00009 0.00004 1.00000 -0.00000 0.00191 -0.00000 0.00000 1.00000 0.00000
1547123580300494 1.00000 0.00005 -0.00000 0.00235 -0.00005 1.00000 0.00000 0.00747 0.00000 -0.00000 1.00000 0.00000
1547123580549180 1.00000 -0.00005 0.00000 0.00030 0.00005 1.00000 -0.00000 0.00408 -0.00000 0.00000 1.00000 0.00000
1547123580797735 1.00000 0.00002 -0.00000 0.00064 -0.00002 1.00000 0.00000 0.00711 0.00000 -0.00000 1.00000 0.00000
1547123581046226 1.00000 0.00020 -0.00000 -0.00041 -0.00020 1.00000 0.00000 0.00829 0.00000 -0.00000 1.00000 -0.00000
1547123581294198 1.00000 0.00014 -0.00000 -0.00113 -0.00014 1.00000 0.00000 -0.00147 0.00000 -0.00000 1.00000 0.00000
1547123581543365 1.00000 -0.00003 0.00000 -0.00265 0.00003 1.00000 -0.00000 0.00973 -0.00000 0.00000 1.00000 0.00000
1547123581793464 1.00000 -0.00015 0.00000 0.00312 0.00015 1.00000 -0.00000 0.00870 -0.00000 0.00000 1.00000 0.00000
1547123582043132 1.00000 -0.00004 0.00000 0.00110 0.00004 1.00000 -0.00000 0.00791 -0.00000 0.00000 1.00000 0.00000
1547123582292500 1.00000 -0.00018 0.00000 0.00760 0.00018 1.00000 -0.00000 0.00913 -0.00000 0.00000 1.00000 0.00000
1547123582542671 1.00000 -0.00002 0.00000 0.00442 0.00002 1.00000 -0.00000 0.00791 -0.00000 0.00000 1.00000 0.00000
1547123582794224 1.00000 -0.00000 0.00000 0.00702 0.00000 1.00000 -0.00000 0.00239 -0.00000 0.00000 1.00000 0.00000
1547123583045854 1.00000 0.00029 -0.00000 0.00428 -0.00029 1.00000 0.00000 0.00223 0.00000 -0.00000 1.00000 0.00000
1547123583296639 1.00000 0.00016 -0.00000 0.00766 -0.00016 1.00000 0.00000 0.00290 0.00000 -0.00000 1.00000 0.00000
1547123583547136 1.00000 -0.00008 0.00000 0.00959 0.00008 1.00000 -0.00000 -0.00000 -0.00000 0.00000 1.00000 -0.00000
1547123583797840 1.00000 0.00002 -0.00000 0.00972 -0.00002 1.00000 0.00000 0.00093 0.00000 -0.00000 1.00000 0.00000
1547123584048010 1.00000 -0.00028 0.00000 0.00519 0.00028 1.00000 -0.00000 -0.00104 -0.00000 0.00000 1.00000 -0.00000
1547123584298110 1.00000 -0.00005 0.00000 0.00417 0.00005 1.00000 -0.00000 -0.00015 -0.00000 0.00000 1.00000 -0.00000
1547123584548175 1.00000 0.00015 -0.00000 0.00301 -0.00015 1.00000 0.00000 0.00389 0.00000 -0.00000 1.00000 0.00000
1547123584797506 1.00000 -0.00017 0.00000 0.00271 0.00017 1.00000 -0.00000 -0.00142 -0.00000 0.00000 1.00000 -0.00000
1547123585046530 1.00000 -0.00010 0.00000 0.00168 0.00010 1.00000 -0.00000 -0.00285 -0.00000 0.00000 1.00000 -0.00000
1547123585295722 1.00000 0.00004 -0.00000 0.00461 -0.00004 1.00000 0.00000 0.00286 0.00000 -0.00000 1.00000 0.00000
1547123585544558 1.00000 -0.00027 0.00000 0.00659 0.00027 1.00000 -0.00000 0.00495 -0.00000 0.00000 1.00000 0.00000
1547123585793296 1.00000 -0.00005 0.00000 0.00098 0.00005 1.00000 -0.00000 0.00496 -0.00000 0.00000 1.00000 0.00000
1547123586041496 1.00000 0.00009 -0.00000 0.00431 -0.00009 1.00000 0.00000 0.00200 0.00000 -0.00000 1.00000 0.00000
1547123586289535 1.00000 -0.00018 0.00000 -0.00123 0.00018 1.00000 -0.00000 0.00736 -0.00000 0.00000 1.00000 0.00000
1547123586537976 1.00000 -0.00007 0.00000 0.00153 0.00007 1.00000 -0.00000 0.00196 -0.00000 0.00000 1.00000 0.00000
1547123586787286 1.00000 -0.00001 0.00000 0.00140 0.00001 1.00000 -0.00000 -0.00067 -0.00000 0.00000 1.00000 -0.00000
1547123587037343 1.00000 -0.00022 0.00000 0.00313 0.00022 1.00000 -0.00000 0.00067 -0.00000 0.00000 1.00000 0.00000
1547123587286736 1.00000 -0.00024 0.00000 0.00044 0.00024 1.00000 -0.00000 0.00160 -0.00000 0.00000 1.00000 0.00000
1547123587535943 1.00000 -0.00015 0.00000 0.00407 0.00015 1.00000 -0.00000 0.00627 -0.00000 0.00000 1.00000 0.00000
1547123587785794 1.00000 -0.00015 0.00000 0.00302 0.00015 1.00000 -0.00000 0.00418 -0.00000 0.00000 1.00000 0.00000
1547123588036782 1.00000 -0.00023 0.00000 0.00109 0.00023 1.00000 -0.00000 -0.00610 -0.00000 0.00000 1.00000 -0.00000
1547123588288374 1.00000 0.00001 -0.00000 0.00217 -0.00001 1.00000 0.00000 -0.00452 0.00000 -0.00000 1.00000 0.00000
1547123588539896 1.00000 0.00004 -0.00000 -0.00004 -0.00004 1.00000 0.00000 -0.00872 0.00000 -0.00000 1.00000 0.00000
1547123588791019 1.00000 -0.00040 0.00000 0.00099 0.00040 1.00000 -0.00000 -0.00411 -0.00000 0.00000 1.00000 -0.00000
1547123589041476 1.00000 -0.00013 0.00000 0.00488 0.00013 1.00000 -0.00000 -0.00338 -0.00000 0.00000 1.00000 -0.00000
1547123589291881 1.00000 -0.00017 0.00000 0.00353 0.00017 1.00000 -0.00000 0.00158 -0.00000 0.00000 1.00000 0.00000
1547123589542064 1.00000 -0.00010 0.00000 0.00731 0.00010 1.00000 -0.00000 -0.01171 -0.00000 0.00000 1.00000 -0.00000
1547123589791661 1.00000 -0.00021 0.00000 0.00066 0.00021 1.00000 -0.00000 -0.00623 -0.00000 0.00000 1.00000 -0.00000
1547123590041328 1.00000 -0.00008 0.00000 0.00668 0.00008 1.00000 -0.00000 -0.00112 -0.00000 0.00000 1.00000 -0.00000
1547123590290515 1.00000 0.00004 -0.00000 0.00297 -0.00004 1.00000 0.00000 -0.00205 0.00000 -0.00000 1.00000 0.00000
1547123590539724 1.00000 -0.00007 0.00000 0.00632 0.00007 1.00000 -0.00000 -0.00466 -0.00000 0.00000 1.00000 -0.00000
1547123590788965 1.00000 0.00006 -0.00000 0.00372 -0.00006 1.00000 0.00000 0.00003 0.00000 -0.00000 1.00000 0.00000
1547123591037794 1.00000 0.00012 -0.00000 0.00306 -0.00012 1.00000 0.00000 0.00297 0.00000 -0.00000 1.00000 0.00000
1547123591286036 1.00000 0.00001 -0.00000 0.00084 -0.00001 1.00000 0.00000 -0.00534 0.00000 -0.00000 1.00000 0.00000
1547123591534081 1.00000 0.00004 -0.00000 -0.00506 -0.00004 1.00000 0.00000 0.00211 0.00000 -0.00000 1.00000 -0.00000
1547123591782403 1.00000 -0.00017 0.00000 0.00034 0.00017 1.00000 -0.00000 0.00454 -0.00000 0.00000 1.00000 0.00000
1547123592032370 1.00000 0.00023 -0.00000 0.00252 -0.00023 1.00000 0.00000 0.00570 0.00000 -0.00000 1.00000 0.00000
1547123592282088 1.00000 0.00012 -0.00000 0.00271 -0.00012 1.00000 0.00000 -0.00331 0.00000 -0.00000 1.00000 0.00000
1547123592531024 1.00000 -0.00005 0.00000 0.00181 0.00005 1.00000 -0.00000 0.00689 -0.00000 0.00000 1.00000 0.00000
1547123592780392 1.00000 -0.00008 0.00000 0.00693 0.00008 1.00000 -0.00000 0.00277 -0.00000 0.00000 1.00000 0.00000
1547123593030591 1.00000 -0.00036 0.00000 0.00134 0.00036 1.00000 -0.00000 -0.00394 -0.00000 0.00000 1.00000 -0.00000
1547123593282164 1.00000 -0.00034 0.00000 0.00209 0.00034 1.00000 -0.00000 0.00219 -0.00000 0.00000 1.00000 0.00000
1547123593533787 1.00000 -0.00015 0.00000 0.00518 0.00015 1.00000 -0.00000 0.00908 -0.00000 0.00000 1.00000 0.00000
1547123593784940 1.00000 0.00002 -0.00000 0.00237 -0.00002 1.00000 0.00000 0.00046 0.00000 -0.00000 1.00000 0.00000
1547123594035921 1.00000 -0.00034 0.00000 0.00722 0.00034 1.00000 -0.00000 -0.00086 -0.00000 0.00000 1.00000 -0.00000
1547123594286439 1.00000 -0.00011 0.00000 0.00047 0.00011 1.00000 -0.00000 -0.00481 -0.00000 0.00000 1.00000 -0.00000
1547123594536835 1.00000 -0.00029 0.00000 0.00649 0.00029 1.00000 -0.00000 -0.00059 -0.00000 0.00000 1.00000 -0.00000
1547123594787139 1.00000 -0.00019 0.00000 0.00564 0.00019 1.00000 -0.00000 0.00109 -0.00000 0.00000 1.00000 0.00000
1547123595036777 1.00000 0.00009 -0.00000 0.00562 -0.00009 1.00000 0.00000 -0.00164 0.00000 -0.00000 1.00000 0.00000
1547123595285981 1.00000 0.00006 -0.00000 0.00106 -0.00006 1.00000 0.00000 -0.00037 0.00000 -0.00000 1.00000 0.00000
1547123595535202 1.00000 0.00028 -0.00000 0.00737 -0.00028 1.00000 0.00000 0.00451 0.00000 -0.00000 1.00000 0.00000
1547123595784115 1.00000 0.00007 -0.00000 0.00477 -0.00007 1.00000 0.00000 -0.00059 0.00000 -0.00000 1.00000 0.00000
1547123596032926 1.00000 0.00027 -0.00000 0.00370 -0.00027 1.00000 0.00000 0.01421 0.00000 -0.00000 1.00000 0.00000
1547123596281305 1.00000 0.00036 -0.00000 0.01106 -0.00036 1.00000 0.00000 0.01282 0.00000 -0.00000 1.00000 0.00000
1547123596529189 1.00000 0.00019 -0.00000 0.00150 -0.00019 1.00000 0.00000 0.01552 0.00000 -0.00000 1.00000 0.00000
1547123596777342 1.00000 -0.00004 0.00000 0.00259 0.00004 1.00000 -0.00000 0.01243 -0.00000 0.00000 1.00000 0.00000
1547123597026746 1.00000 0.00025 -0.00000 0.01035 -0.00025 1.00000 0.00000 0.01170 0.00000 -0.00000 1.00000 0.00000
1547123597276657 1.00000 0.00022 -0.00000 0.00435 -0.00022 1.00000 0.00000 0.00695 0.00000 -0.00000 1.00000 0.00000
1547123597526067 1.00000 0.00028 -0.00000 0.00647 -0.00028 1.00000 0.00000 0.01150 0.00000 -0.00000 1.00000 0.00000
1547123597775460 1.00000 0.00013 -0.00000 0.00741 -0.00013 1.00000 0.00000 0.00805 0.00000 -0.00000 1.00000 0.00000
1547123598025055 1.00000 0.00009 -0.00000 0.00469 -0.00009 1.00000 0.00000 0.00898 0.00000 -0.00000 1.00000 0.00000
1547123598275939 1.00000 -0.00011 0.00000 0.00735 0.00011 1.00000 -0.00000 0.00696 -0.00000 0.00000 1.00000 0.00000
1547123598527571 1.00000 0.00021 -0.00000 0.00414 -0.00021 1.00000 0.00000 0.01083 0.00000 -0.00000 1.00000 0.00000
1547123598779036 1.00000 0.00026 -0.00000 0.00604 -0.00026 1.00000 0.00000 0.00194 0.00000 -0.00000 1.00000 0.00000
1547123599030225 1.00000 0.00000 -0.00000 0.00657 -0.00000 1.00000 0.00000 0.00678 0.00000 -0.00000 1.00000 0.00000
1547123599281219 1.00000 0.00039 -0.00000 0.00989 -0.00039 1.00000 0.00000 0.00900 0.00000 -0.00000 1.00000 0.00000
1547123599531713 1.00000 0.00013 -0.00000 0.00762 -0.00013 1.00000 0.00000 0.00255 0.00000 -0.00000 1.00000 0.00000
1547123599781866 1.00000 0.00038 -0.00000 0.00173 -0.00038 1.00000 0.00000 0.00601 0.00000 -0.00000 1.00000 0.00000
1547123600031613 1.00000 0.00005 -0.00000 0.00429 -0.00005 1.00000 0.00000 0.00705 0.00000 -0.00000 1.00000 0.00000
1547123600281337 1.00000 -0.00009 0.00000 0.00376 0.00009 1.00000 -0.00000 0.00768 -0.00000 0.00000 1.00000 0.00000
1547123600530745 1.00000 -0.00008 0.00000 0.00960 0.00008 1.00000 -0.00000 0.00306 -0.00000 0.00000 1.00000 0.00000
1547123600779752 1.00000 0.00016 -0.00000 0.00152 -0.00016 1.00000 0.00000 0.00765 0.00000 -0.00000 1.00000 0.00000
1547123601028851 1.00000 0.00007 -0.00000 0.00357 -0.00007 1.00000 0.00000 0.00539 0.00000 -0.00000 1.00000 0.00000
1547123601277679 1.00000 0.00012 -0.00000 0.00241 -0.00012 1.00000 0.00000 0.00654 0.00000 -0.00000 1.00000 0.00000
1547123601525966 1.00000 0.00013 -0.00000 0.00392 -0.00013 1.00000 0.00000 0.00721 0.00000 -0.00000 1.00000 0.00000
1547123601773916 1.00000 -0.00006 0.00000 0.00210 0.00006 1.00000 -0.00000 0.01158 -0.00000 0.00000 1.00000 0.00000
1547123602021955 1.00000 0.00009 -0.00000 0.00605 -0.00009 1.00000 0.00000 0.01037 0.00000 -0.00000 1.00000 0.00000
1547123602271426 1.00000 0.00015 -0.00000 0.00916 -0.00015 1.00000 0.00000 0.00992 0.00000 -0.00000 1.00000 0.00000
1547123602521522 1.00000 -0.00012 0.00000 0.00489 0.00012 1.00000 -0.00000 0.00412 -0.00000 0.00000 1.00000 0.00000
1547123602770891 1.00000 -0.00003 0.00000 0.00164 0.00003 1.00000 -0.00000 0.00348 -0.00000 0.00000 1.00000 0.00000
1547123603020230 1.00000 0.00010 -0.00000 0.00726 -0.00010 1.00000 0.00000 -0.00219 0.00000 -0.00000 1.00000 0.00000
1547123603270061 1.00000 0.00013 -0.00000 0.00456 -0.00013 1.00000 0.00000 0.00570 0.00000 -0.00000 1.00000 0.00000
1547123603521100 1.00000 -0.00010 0.00000 0.00655 0.00010 1.00000 -0.00000 0.00056 -0.00000 0.00000 1.00000 0.00000
1547123603772754 1.00000 -0.00008 0.00000 0.00369 0.00008 1.00000 -0.00000 0.00254 -0.00000 0.00000 1.00000 0.00000
1547123604024005 1.00000 0.00002 -0.00000 0.00282 -0.00002 1.00000 0.00000 -0.00033 0.00000 -0.00000 1.00000 0.00000
1547123604275043 1.00000 0.00013 -0.00000 0.00205 -0.00013 1.00000 0.00000 0.00693 0.00000 -0.00000 1.00000 0.00000
1547123604525918 1.00000 -0.00004 0.00000 0.00861 0.00004 1.00000 -0.00000 0.00420 -0.00000 0.00000 1.00000 0.00000
1547123604776396 1.00000 -0.00003 0.00000 0.00341 0.00003 1.00000 -0.00000 0.00574 -0.00000 0.00000 1.00000 0.00000
1547123605026320 1.00000 -0.00022 0.00000 0.01029 0.00022 1.00000 -0.00000 0.00323 -0.00000 0.00000 1.00000 0.00000
1547123605276253 1.00000 -0.00024 0.00000 0.00502 0.00024 1.00000 -0.00000 0.00691 -0.00000 0.00000 1.00000 0.00000
1547123605525696 1.00000 0.00000 -0.00000 0.00415 -0.00000 1.00000 0.00000 0.00508 0.00000 -0.00000 1.00000 0.00000
1547123605774584 1.00000 0.00021 -0.00000 -0.00416 -0.00021 1.00000 0.00000 0.01264 0.00000 -0.00000 1.00000 -0.00000
1547123606023513 1.00000 0.00034 -0.00000 -0.01202 -0.00034 1.00000 0.00000 0.00977 0.00000 -0.00000 1.00000 -0.00000
1547123606272521 1.00000 0.00127 -0.00000 -0.01798 -0.00127 1.00000 0.00000 0.00784 0.00000 -0.00000 1.00000 -0.00000
1547123606521676 1.00000 0.00253 -0.00000 -0.05463 -0.00253 1.00000 0.00000 0.03153 0.00000 -0.00000 1.00000 -0.00000
1547123606770284 0.99997 0.00729 -0.00000 -0.13044 -0.00729 0.99997 0.00000 0.00029 0.00000 -0.00000 1.00000 0.00000
1547123607018229 0.99993 0.01164 -0.00000 -0.24344 -0.01164 0.99993 0.00000 -0.03982 0.00000 -0.00000 1.00000 0.00000
1547123607266377 0.99983 0.01871 -0.00000 -0.40826 -0.01871 0.99983 0.00000 -0.00772 0.00000 -0.00000 1.00000 0.00000
1547123607515616 0.99957 0.02947 -0.00000 -0.62113 -0.02947 0.99957 0.00000 -0.05483 0.00000 -0.00000 1.00000 0.00000
1547123607765430 0.99918 0.04037 -0.00000 -0.92223 -0.04037 0.99918 0.00000 -0.01089 0.00000 -0.00000 1.00000 0.00000
1547123608014826 0.99848 0.05505 -0.00000 -1.28351 -0.05505 0.99848 0.00000 -0.01221 0.00000 -0.00000 1.00000 0.00000
1547123608263822 0.99726 0.07396 -0.00000 -1.67614 -0.07396 0.99726 0.00000 -0.07354 0.00000 -0.00000 1.00000 0.00000
1547123608512367 0.99552 0.09451 -0.00000 -2.14501 -0.09451 0.99552 0.00000 -0.04896 0.00000 -0.00000 1.00000 0.00000
1547123608761110 0.99306 0.11758 -0.00000 -2.66640 -0.11758 0.99306 0.00000 -0.00982 0.00000 -0.00000 1.00000 0.00000
1547123609010155 0.98988 0.14189 -0.00000 -3.27224 -0.14189 0.98988 0.00000 0.01383 0.00000 -0.00000 1.00000 0.00000
1547123609259141 0.98577 0.16810 -0.00000 -3.91442 -0.16810 0.98577 0.00000 0.10371 0.00000 -0.00000 1.00000 0.00000
1547123609509207 0.98262 0.18565 -0.00000 -4.62649 -0.18565 0.98262 0.00000 0.23239 0.00000 -0.00000 1.00000 0.00000
1547123609760283 0.98016 0.19818 -0.00000 -5.39093 -0.19818 0.98016 0.00000 0.30019 0.00000 -0.00000 1.00000 0.00000
1547123610011317 0.98029 0.19757 -0.00000 -6.25805 -0.19757 0.98029 0.00000 0.28647 0.00000 -0.00000 1.00000 0.00000
1547123610262703 0.98182 0.18981 -0.00000 -7.22148 -0.18981 0.98182 0.00000 0.24377 0.00000 -0.00000 1.00000 0.00000
1547123610513222 0.98399 0.17821 -0.00000 -8.20613 -0.17821 0.98399 0.00000 0.17884 0.00000 -0.00000 1.00000 0.00000
1547123610763380 0.98614 0.16592 -0.00000 -9.28025 -0.16592 0.98614 0.00000 0.09094 0.00000 -0.00000 1.00000 0.00000
1547123611013619 0.98828 0.15267 -0.00000 -10.40265 -0.15267 0.98828 0.00000 -0.02962 0.00000 -0.00000 1.00000 0.00000
1547123611263761 0.99064 0.13650 -0.00000 -11.57302 -0.13650 0.99064 0.00000 -0.14463 0.00000 -0.00000 1.00000 0.00000
1547123611513403 0.99294 0.11866 -0.00000 -12.79430 -0.11866 0.99294 0.00000 -0.31905 0.00000 -0.00000 1.00000 0.00000
1547123611762864 0.99503 0.09961 -0.00000 -14.09307 -0.09961 0.99503 0.00000 -0.55493 0.00000 -0.00000 1.00000 0.00000
1547123612011272 0.99683 0.07957 -0.00000 -15.38379 -0.07957 0.99683 0.00000 -0.79545 0.00000 -0.00000 1.00000 0.00000
1547123612259258 0.99836 0.05732 -0.00000 -16.68233 -0.05732 0.99836 0.00000 -1.12889 0.00000 -0.00000 1.00000 0.00000
1547123612507339 0.99923 0.03920 -0.00000 -17.97013 -0.03920 0.99923 0.00000 -1.39596 0.00000 -0.00000 1.00000 0.00000
1547123612755436 0.99962 0.02759 -0.00000 -19.21218 -0.02759 0.99962 0.00000 -1.55083 0.00000 -0.00000 1.00000 0.00000
1547123613004683 0.99978 0.02079 -0.00000 -20.54160 -0.02079 0.99978 0.00000 -1.64186 0.00000 -0.00000 1.00000 0.00000
1547123613254825 0.99986 0.01683 -0.00000 -21.89396 -0.01683 0.99986 0.00000 -1.78104 0.00000 -0.00000 1.00000 0.00000
1547123613504122 0.99994 0.01059 -0.00000 -23.24180 -0.01059 0.99994 0.00000 -1.88797 0.00000 -0.00000 1.00000 0.00000
1547123613753205 0.99998 0.00609 -0.00000 -24.58097 -0.00609 0.99998 0.00000 -1.95864 0.00000 -0.00000 1.00000 0.00000
1547123614002629 1.00000 0.00160 -0.00000 -25.95008 -0.00160 1.00000 0.00000 -2.08293 0.00000 -0.00000 1.00000 0.00000
1547123614251565 1.00000 -0.00160 0.00000 -27.35653 0.00160 1.00000 -0.00000 -2.12933 -0.00000 0.00000 1.00000 0.00000
1547123614500497 0.99997 -0.00723 0.00000 -28.73897 0.00723 0.99997 -0.00000 -2.29001 -0.00000 0.00000 1.00000 0.00000
1547123614750097 0.99993 -0.01195 0.00000 -30.15743 0.01195 0.99993 -0.00000 -2.35217 -0.00000 0.00000 1.00000 0.00000
1547123615001027 0.99988 -0.01577 0.00000 -31.56781 0.01577 0.99988 -0.00000 -2.45585 -0.00000 0.00000 1.00000 0.00000
1547123615252060 0.99984 -0.01771 0.00000 -33.07967 0.01771 0.99984 -0.00000 -2.48406 -0.00000 0.00000 1.00000 0.00000
1547123615502615 0.99981 -0.01937 0.00000 -34.54226 0.01937 0.99981 -0.00000 -2.55043 -0.00000 0.00000 1.00000 0.00000
1547123615753592 0.99982 -0.01913 0.00000 -36.12352 0.01913 0.99982 -0.00000 -2.48587 -0.00000 0.00000 1.00000 0.00000
1547123616004024 0.99981 -0.01949 0.00000 -37.70625 0.01949 0.99981 -0.00000 -2.50154 -0.00000 0.00000 1.00000 0.00000
1547123616253848 0.99981 -0.01940 0.00000 -39.26687 0.01940 0.99981 -0.00000 -2.44504 -0.00000 0.00000 1.00000 0.00000
1547123616503586 0.99984 -0.01766 0.00000 -40.88397 0.01766 0.99984 -0.00000 -2.32026 -0.00000 0.00000 1.00000 0.00000
1547123616753154 0.99985 -0.01721 0.00000 -42.51918 0.01721 0.99985 -0.00000 -2.29500 -0.00000 0.00000 1.00000 0.00000
1547123617002758 0.99987 -0.01634 0.00000 -44.21358 0.01634 0.99987 -0.00000 -2.20353 -0.00000 0.00000 1.00000 0.00000
1547123617251606 0.99989 -0.01515 0.00000 -45.93439 0.01515 0.99989 -0.00000 -2.11860 -0.00000 0.00000 1.00000 0.00000
1547123617500520 0.99991 -0.01359 0.00000 -47.68643 0.01359 0.99991 -0.00000 -2.06701 -0.00000 0.00000 1.00000 0.00000
1547123617749452 0.99995 -0.01035 0.00000 -49.42105 0.01035 0.99995 -0.00000 -1.88867 -0.00000 0.00000 1.00000 0.00000
1547123617997665 0.99997 -0.00759 0.00000 -51.15412 0.00759 0.99997 -0.00000 -1.73715 -0.00000 0.00000 1.00000 0.00000
1547123618245507 0.99999 -0.00441 0.00000 -52.88187 0.00441 0.99999 -0.00000 -1.52834 -0.00000 0.00000 1.00000 0.00000
1547123618494564 1.00000 -0.00251 0.00000 -54.61151 0.00251 1.00000 -0.00000 -1.42320 -0.00000 0.00000 1.00000 0.00000
1547123618744601 1.00000 -0.00137 0.00000 -56.34391 0.00137 1.00000 -0.00000 -1.33609 -0.00000 0.00000 1.00000 0.00000
1547123618994112 1.00000 -0.00058 0.00000 -58.07478 0.00058 1.00000 -0.00000 -1.27126 -0.00000 0.00000 1.00000 0.00000
1547123619243535 1.00000 -0.00152 0.00000 -59.84023 0.00152 1.00000 -0.00000 -1.31698 -0.00000 0.00000 1.00000 0.00000
1547123619492749 0.99999 -0.00368 0.00000 -61.60930 0.00368 0.99999 -0.00000 -1.39834 -0.00000 0.00000 1.00000 0.00000
1547123619741945 0.99998 -0.00597 0.00000 -63.37931 0.00597 0.99998 -0.00000 -1.51633 -0.00000 0.00000 1.00000 0.00000
1547123619991173 0.99998 -0.00636 0.00000 -65.20002 0.00636 0.99998 -0.00000 -1.51946 -0.00000 0.00000 1.00000 0.00000
1547123620240636 0.99997 -0.00759 0.00000 -67.01126 0.00759 0.99997 -0.00000 -1.58290 -0.00000 0.00000 1.00000 0.00000
1547123620491293 0.99998 -0.00696 0.00000 -68.83875 0.00696 0.99998 -0.00000 -1.49171 -0.00000 0.00000 1.00000 0.00000
1547123620742923 0.99996 -0.00870 0.00000 -70.66346 0.00870 0.99996 -0.00000 -1.60922 -0.00000 0.00000 1.00000 0.00000
1547123620993767 0.99998 -0.00665 0.00000 -72.47603 0.00665 0.99998 -0.00000 -1.37030 -0.00000 0.00000 1.00000 0.00000
1547123621244364 0.99997 -0.00823 0.00000 -74.23097 0.00823 0.99997 -0.00000 -1.49645 -0.00000 0.00000 1.00000 0.00000
1547123621494712 0.99997 -0.00744 0.00000 -76.07619 0.00744 0.99997 -0.00000 -1.39702 -0.00000 0.00000 1.00000 0.00000
1547123621744473 0.99998 -0.00617 0.00000 -77.90370 0.00617 0.99998 -0.00000 -1.23728 -0.00000 0.00000 1.00000 0.00000
1547123621994199 0.99999 -0.00543 0.00000 -79.72637 0.00543 0.99999 -0.00000 -1.16200 -0.00000 0.00000 1.00000 0.00000
1547123622244071 0.99998 -0.00587 0.00000 -81.54035 0.00587 0.99998 -0.00000 -1.19029 -0.00000 0.00000 1.00000 0.00000
1547123622493464 0.99998 -0.00660 0.00000 -83.32703 0.00660 0.99998 -0.00000 -1.23067 -0.00000 0.00000 1.00000 0.00000
1547123622742124 0.99997 -0.00820 0.00000 -85.11296 0.00820 0.99997 -0.00000 -1.30699 -0.00000 0.00000 1.00000 0.00000
1547123622990367 0.99994 -0.01139 0.00000 -86.86422 0.01139 0.99994 -0.00000 -1.52905 -0.00000 0.00000 1.00000 0.00000
1547123623238869 0.99992 -0.01302 0.00000 -88.63369 0.01302 0.99992 -0.00000 -1.66099 -0.00000 0.00000 1.00000 0.00000
1547123623487014 0.99992 -0.01245 0.00000 -90.33736 0.01245 0.99992 -0.00000 -1.55332 -0.00000 0.00000 1.00000 0.00000
1547123623735089 0.99994 -0.01063 0.00000 -92.10470 0.01063 0.99994 -0.00000 -1.35013 -0.00000 0.00000 1.00000 0.00000
1547123623985249 0.99997 -0.00804 0.00000 -93.82945 0.00804 0.99997 -0.00000 -1.13602 -0.00000 0.00000 1.00000 0.00000
1547123624237071 1.00000 -0.00232 0.00000 -95.59079 0.00232 1.00000 -0.00000 -0.55604 -0.00000 0.00000 1.00000 0.00000
1547123624487901 1.00000 0.00068 -0.00000 -97.29417 -0.00068 1.00000 0.00000 -0.25993 0.00000 -0.00000 1.00000 0.00000
1547123624738420 0.99998 0.00702 -0.00000 -98.92273 -0.00702 0.99998 0.00000 0.38371 0.00000 -0.00000 1.00000 0.00000
1547123624989376 0.99989 0.01500 -0.00000 -100.58552 -0.01500 0.99989 0.00000 1.18240 0.00000 -0.00000 1.00000 0.00000
1547123625241471 0.99979 0.02053 -0.00000 -102.28692 -0.02053 0.99979 0.00000 1.79027 0.00000 -0.00000 1.00000 0.00000
1547123625494384 0.99963 0.02725 -0.00000 -103.94371 -0.02725 0.99963 0.00000 2.54688 0.00000 -0.00000 1.00000 0.00000
1547123625746524 0.99950 0.03178 -0.00000 -105.53631 -0.03178 0.99950 0.00000 3.01914 0.00000 -0.00000 1.00000 0.00000
1547123625998063 0.99930 0.03750 -0.00000 -107.14124 -0.03750 0.99930 0.00000 3.63077 0.00000 -0.00000 1.00000 0.00000
1547123626247714 0.99914 0.04152 -0.00000 -108.75872 -0.04152 0.99914 0.00000 4.07617 0.00000 -0.00000 1.00000 0.00000
1547123626495512 0.99892 0.04638 -0.00000 -110.34676 -0.04638 0.99892 0.00000 4.65246 0.00000 -0.00000 1.00000 0.00000
1547123626742729 0.99877 0.04960 -0.00000 -111.83587 -0.04960 0.99877 0.00000 5.01808 0.00000 -0.00000 1.00000 0.00000
1547123626989654 0.99856 0.05360 -0.00000 -113.36375 -0.05360 0.99856 0.00000 5.47457 0.00000 -0.00000 1.00000 0.00000
1547123627236411 0.99841 0.05628 -0.00000 -114.84809 -0.05628 0.99841 0.00000 5.77466 0.00000 -0.00000 1.00000 0.00000
1547123627484230 0.99820 0.06001 -0.00000 -116.32791 -0.06001 0.99820 0.00000 6.23048 0.00000 -0.00000 1.00000 0.00000
1547123627733036 0.99800 0.06325 -0.00000 -117.76174 -0.06325 0.99800 0.00000 6.59056 0.00000 -0.00000 1.00000 0.00000
1547123627983194 0.99783 0.06589 -0.00000 -119.22260 -0.06589 0.99783 0.00000 6.91974 0.00000 -0.00000 1.00000 0.00000
1547123628234755 0.99787 0.06520 -0.00000 -120.69399 -0.06520 0.99787 0.00000 6.87663 0.00000 -0.00000 1.00000 0.00000
1547123628486016 0.99815 0.06088 -0.00000 -122.17817 -0.06088 0.99815 0.00000 6.35332 0.00000 -0.00000 1.00000 0.00000
1547123628737943 0.99845 0.05571 -0.00000 -123.69450 -0.05571 0.99845 0.00000 5.74372 0.00000 -0.00000 1.00000 0.00000
1547123628990668 0.99880 0.04900 -0.00000 -125.22176 -0.04900 0.99880 0.00000 4.96829 0.00000 -0.00000 1.00000 0.00000
1547123629242083 0.99911 0.04212 -0.00000 -126.63991 -0.04212 0.99911 0.00000 4.10137 0.00000 -0.00000 1.00000 0.00000
1547123629492441 0.99937 0.03540 -0.00000 -128.10743 -0.03540 0.99937 0.00000 3.24633 0.00000 -0.00000 1.00000 0.00000
1547123629741947 0.99958 0.02895 -0.00000 -129.55848 -0.02895 0.99958 0.00000 2.47149 0.00000 -0.00000 1.00000 0.00000
1547123629992574 0.99981 0.01941 -0.00000 -131.00473 -0.01941 0.99981 0.00000 1.26366 0.00000 -0.00000 1.00000 0.00000
1547123630244302 0.99990 0.01410 -0.00000 -132.47051 -0.01410 0.99990 0.00000 0.57282 0.00000 -0.00000 1.00000 0.00000
1547123630495774 0.99998 0.00671 -0.00000 -133.96287 -0.00671 0.99998 0.00000 -0.41120 0.00000 -0.00000 1.00000 0.00000
1547123630747060 1.00000 0.00285 -0.00000 -135.43594 -0.00285 1.00000 0.00000 -0.85881 0.00000 -0.00000 1.00000 0.00000
1547123630997689 1.00000 0.00105 -0.00000 -136.89739 -0.00105 1.00000 0.00000 -1.11120 0.00000 -0.00000 1.00000 0.00000
1547123631247714 1.00000 0.00068 -0.00000 -138.36828 -0.00068 1.00000 0.00000 -1.13442 0.00000 -0.00000 1.00000 0.00000
1547123631497919 1.00000 0.00188 -0.00000 -139.85027 -0.00188 1.00000 0.00000 -0.91542 0.00000 -0.00000 1.00000 0.00000
1547123631747741 0.99999 0.00328 -0.00000 -141.31991 -0.00328 0.99999 0.00000 -0.70115 0.00000 -0.00000 1.00000 0.00000
1547123631997279 0.99999 0.00338 -0.00000 -142.80731 -0.00338 0.99999 0.00000 -0.63589 0.00000 -0.00000 1.00000 0.00000
1547123632246556 0.99999 0.00512 -0.00000 -144.31493 -0.00512 0.99999 0.00000 -0.39422 0.00000 -0.00000 1.00000 0.00000
1547123632495250 0.99998 0.00663 -0.00000 -145.77287 -0.00663 0.99998 0.00000 -0.16558 0.00000 -0.00000 1.00000 0.00000
1547123632743486 0.99997 0.00737 -0.00000 -147.11281 -0.00737 0.99997 0.00000 -0.04502 0.00000 -0.00000 1.00000 0.00000
1547123632991673 0.99994 0.01080 -0.00000 -148.53109 -0.01080 0.99994 0.00000 0.50901 0.00000 -0.00000 1.00000 0.00000
1547123633239434 0.99992 0.01256 -0.00000 -149.87891 -0.01256 0.99992 0.00000 0.76677 0.00000 -0.00000 1.00000 0.00000
1547123633488286 0.99989 0.01454 -0.00000 -151.28507 -0.01454 0.99989 0.00000 1.07490 0.00000 -0.00000 1.00000 0.00000
1547123633739167 0.99988 0.01575 -0.00000 -152.66940 -0.01575 0.99988 0.00000 1.25829 0.00000 -0.00000 1.00000 0.00000
1547123633990247 0.99989 0.01480 -0.00000 -154.07749 -0.01480 0.99989 0.00000 1.13336 0.00000 -0.00000 1.00000 0.00000
1547123634241235 0.99991 0.01343 -0.00000 -155.49949 -0.01343 0.99991 0.00000 0.94122 0.00000 -0.00000 1.00000 0.00000
1547123634492230 0.99991 0.01349 -0.00000 -156.91198 -0.01349 0.99991 0.00000 0.94605 0.00000 -0.00000 1.00000 0.00000
1547123634744311 0.99990 0.01413 -0.00000 -158.44160 -0.01413 0.99990 0.00000 1.05333 0.00000 -0.00000 1.00000 0.00000
1547123634997520 0.99990 0.01443 -0.00000 -159.92484 -0.01443 0.99990 0.00000 1.15787 0.00000 -0.00000 1.00000 0.00000
1547123635250418 0.99988 0.01550 -0.00000 -161.43104 -0.01550 0.99988 0.00000 1.33270 0.00000 -0.00000 1.00000 0.00000
1547123635501763 0.99986 0.01643 -0.00000 -162.96906 -0.01643 0.99986 0.00000 1.50615 0.00000 -0.00000 1.00000 0.00000
1547123635751425 0.99984 0.01795 -0.00000 -164.52807 -0.01795 0.99984 0.00000 1.78168 0.00000 -0.00000 1.00000 0.00000
1547123635998898 0.99983 0.01862 -0.00000 -166.07974 -0.01862 0.99983 0.00000 1.92585 0.00000 -0.00000 1.00000 0.00000
1547123636245284 0.99976 0.02171 -0.00000 -167.67703 -0.02171 0.99976 0.00000 2.46316 0.00000 -0.00000 1.00000 0.00000
1547123636492660 0.99974 0.02300 -0.00000 -169.28885 -0.02300 0.99974 0.00000 2.71288 0.00000 -0.00000 1.00000 0.00000
1547123636740624 0.99972 0.02361 -0.00000 -170.88304 -0.02361 0.99972 0.00000 2.84080 0.00000 -0.00000 1.00000 0.00000
1547123636989665 0.99965 0.02655 -0.00000 -172.56686 -0.02655 0.99965 0.00000 3.38013 0.00000 -0.00000 1.00000 0.00000
1547123637239639 0.99961 0.02776 -0.00000 -174.26040 -0.02776 0.99961 0.00000 3.61905 0.00000 -0.00000 1.00000 0.00000
1547123637490035 0.99960 0.02816 -0.00000 -175.99296 -0.02816 0.99960 0.00000 3.72444 0.00000 -0.00000 1.00000 0.00000
1547123637740123 0.99957 0.02918 -0.00000 -177.73542 -0.02918 0.99957 0.00000 3.90428 0.00000 -0.00000 1.00000 0.00000
1547123637989589 0.99946 0.03274 -0.00000 -179.44920 -0.03274 0.99946 0.00000 4.58737 0.00000 -0.00000 1.00000 0.00000
1547123638239098 0.99947 0.03262 -0.00000 -181.25521 -0.03262 0.99947 0.00000 4.57785 0.00000 -0.00000 1.00000 0.00000
1547123638489764 0.99941 0.03424 -0.00000 -183.03254 -0.03424 0.99941 0.00000 4.90880 0.00000 -0.00000 1.00000 0.00000
1547123638740823 0.99933 0.03673 -0.00000 -184.84961 -0.03673 0.99933 0.00000 5.40403 0.00000 -0.00000 1.00000 0.00000
1547123638991892 0.99936 0.03589 -0.00000 -186.68407 -0.03589 0.99936 0.00000 5.29240 0.00000 -0.00000 1.00000 0.00000
1547123639243005 0.99930 0.03735 -0.00000 -188.48843 -0.03735 0.99930 0.00000 5.62499 0.00000 -0.00000 1.00000 0.00000
1547123639493309 0.99924 0.03905 -0.00000 -190.18902 -0.03905 0.99924 0.00000 5.94109 0.00000 -0.00000 1.00000 0.00000
1547123639743639 0.99927 0.03819 -0.00000 -191.97290 -0.03819 0.99927 0.00000 5.80365 0.00000 -0.00000 1.00000 0.00000
1547123639995903 0.99920 0.03987 -0.00000 -193.76170 -0.03987 0.99920 0.00000 6.17789 0.00000 -0.00000 1.00000 0.00000
1547123640249167 0.99915 0.04113 -0.00000 -195.54901 -0.04113 0.99915 0.00000 6.46920 0.00000 -0.00000 1.00000 0.00000
1547123640502090 0.99911 0.04218 -0.00000 -197.25912 -0.04218 0.99911 0.00000 6.66331 0.00000 -0.00000 1.00000 0.00000
1547123640753719 0.99909 0.04257 -0.00000 -198.92406 -0.04257 0.99909 0.00000 6.75969 0.00000 -0.00000 1.00000 0.00000
1547123641003079 0.99902 0.04432 -0.00000 -200.55765 -0.04432 0.99902 0.00000 7.12262 0.00000 -0.00000 1.00000 0.00000
1547123641250824 0.99898 0.04516 -0.00000 -202.08188 -0.04516 0.99898 0.00000 7.27536 0.00000 -0.00000 1.00000 0.00000
1547123641498296 0.99891 0.04667 -0.00000 -203.60851 -0.04667 0.99891 0.00000 7.60453 0.00000 -0.00000 1.00000 0.00000
1547123641745686 0.99884 0.04813 -0.00000 -205.08173 -0.04813 0.99884 0.00000 7.91847 0.00000 -0.00000 1.00000 0.00000
1547123641993452 0.99876 0.04981 -0.00000 -206.60463 -0.04981 0.99876 0.00000 8.26629 0.00000 -0.00000 1.00000 0.00000
1547123642242122 0.99869 0.05118 -0.00000 -208.12895 -0.05118 0.99869 0.00000 8.56048 0.00000 -0.00000 1.00000 0.00000
1547123642492454 0.99869 0.05122 -0.00000 -209.67957 -0.05122 0.99869 0.00000 8.56939 0.00000 -0.00000 1.00000 0.00000
1547123642742964 0.99881 0.04871 -0.00000 -211.25685 -0.04871 0.99881 0.00000 8.05305 0.00000 -0.00000 1.00000 0.00000
1547123642992573 0.99903 0.04405 -0.00000 -212.85489 -0.04405 0.99903 0.00000 7.08276 0.00000 -0.00000 1.00000 0.00000
1547123643241956 0.99926 0.03834 -0.00000 -214.46555 -0.03834 0.99926 0.00000 5.91585 0.00000 -0.00000 1.00000 0.00000
1547123643491972 0.99947 0.03245 -0.00000 -216.09000 -0.03245 0.99947 0.00000 4.66624 0.00000 -0.00000 1.00000 0.00000
1547123643743244 0.99965 0.02628 -0.00000 -217.75087 -0.02628 0.99965 0.00000 3.39074 0.00000 -0.00000 1.00000 0.00000
1547123643995121 0.99983 0.01828 -0.00000 -219.45620 -0.01828 0.99983 0.00000 1.63553 0.00000 -0.00000 1.00000 0.00000
1547123644246118 0.99988 0.01559 -0.00000 -221.17271 -0.01559 0.99988 0.00000 1.09904 0.00000 -0.00000 1.00000 0.00000
1547123644496362 0.99988 0.01523 -0.00000 -222.82280 -0.01523 0.99988 0.00000 1.06200 0.00000 -0.00000 1.00000 0.00000
1547123644747338 0.99973 0.02337 -0.00000 -224.51583 -0.02337 0.99973 0.00000 2.94665 0.00000 -0.00000 1.00000 0.00000
1547123644999556 0.99926 0.03843 -0.00000 -226.17918 -0.03843 0.99926 0.00000 6.30224 0.00000 -0.00000 1.00000 0.00000
1547123645252103 0.99833 0.05774 -0.00000 -227.84081 -0.05774 0.99833 0.00000 10.73478 0.00000 -0.00000 1.00000 0.00000
1547123645504412 0.99728 0.07369 -0.00000 -229.36590 -0.07369 0.99728 0.00000 14.36036 0.00000 -0.00000 1.00000 0.00000
1547123645755362 0.99562 0.09346 -0.00000 -230.77005 -0.09346 0.99562 0.00000 18.92776 0.00000 -0.00000 1.00000 0.00000
1547123646004205 0.99443 0.10541 -0.00000 -232.23081 -0.10541 0.99443 0.00000 21.69884 0.00000 -0.00000 1.00000 0.00000
1547123646253110 0.99361 0.11286 -0.00000 -233.89352 -0.11286 0.99361 0.00000 23.49428 0.00000 -0.00000 1.00000 0.00000
1547123646502010 0.99286 0.11930 -0.00000 -235.64064 -0.11930 0.99286 0.00000 25.02232 0.00000 -0.00000 1.00000 0.00000
1547123646750657 0.99209 0.12553 -0.00000 -237.26238 -0.12553 0.99209 0.00000 26.50494 0.00000 -0.00000 1.00000 0.00000
1547123646999222 0.99147 0.13037 -0.00000 -238.98812 -0.13037 0.99147 0.00000 27.66148 0.00000 -0.00000 1.00000 0.00000
1547123647247247 0.99104 0.13358 -0.00000 -240.75261 -0.13358 0.99104 0.00000 28.44229 0.00000 -0.00000 1.00000 0.00000
1547123647494853 0.99053 0.13731 -0.00000 -242.55861 -0.13731 0.99053 0.00000 29.39551 0.00000 -0.00000 1.00000 0.00000
1547123647742767 0.98975 0.14280 -0.00000 -244.32610 -0.14280 0.98975 0.00000 30.77167 0.00000 -0.00000 1.00000 0.00000
1547123647992275 0.98965 0.14352 -0.00000 -246.26935 -0.14352 0.98965 0.00000 30.95355 0.00000 -0.00000 1.00000 0.00000
1547123648243765 0.98984 0.14217 -0.00000 -248.32334 -0.14217 0.98984 0.00000 30.64253 0.00000 -0.00000 1.00000 0.00000
1547123648496315 0.99022 0.13951 -0.00000 -250.40492 -0.13951 0.99022 0.00000 30.01348 0.00000 -0.00000 1.00000 0.00000
1547123648748805 0.99040 0.13821 -0.00000 -252.47477 -0.13821 0.99040 0.00000 29.71188 0.00000 -0.00000 1.00000 0.00000
1547123649001061 0.99066 0.13638 -0.00000 -254.53667 -0.13638 0.99066 0.00000 29.24391 0.00000 -0.00000 1.00000 0.00000
1547123649252022 0.99051 0.13746 -0.00000 -256.53382 -0.13746 0.99051 0.00000 29.58046 0.00000 -0.00000 1.00000 0.00000
1547123649502465 0.99045 0.13784 -0.00000 -258.55618 -0.13784 0.99045 0.00000 29.70648 0.00000 -0.00000 1.00000 0.00000
1547123649753916 0.99084 0.13505 -0.00000 -260.62805 -0.13505 0.99084 0.00000 29.02948 0.00000 -0.00000 1.00000 0.00000
1547123650004956 0.99118 0.13253 -0.00000 -262.73363 -0.13253 0.99118 0.00000 28.41823 0.00000 -0.00000 1.00000 0.00000
1547123650256032 0.99126 0.13193 -0.00000 -264.76460 -0.13193 0.99126 0.00000 28.20964 0.00000 -0.00000 1.00000 0.00000
1547123650507450 0.99134 0.13133 -0.00000 -266.81155 -0.13133 0.99134 0.00000 28.09868 0.00000 -0.00000 1.00000 0.00000
1547123650757834 0.99156 0.12967 -0.00000 -268.81003 -0.12967 0.99156 0.00000 27.64443 0.00000 -0.00000 1.00000 0.00000
1547123651008218 0.99170 0.12858 -0.00000 -270.81688 -0.12858 0.99170 0.00000 27.36164 0.00000 -0.00000 1.00000 0.00000
1547123651258572 0.99153 0.12989 -0.00000 -272.81458 -0.12989 0.99153 0.00000 27.75357 0.00000 -0.00000 1.00000 0.00000
1547123651508457 0.99136 0.13114 -0.00000 -274.79375 -0.13114 0.99136 0.00000 28.11109 0.00000 -0.00000 1.00000 0.00000
1547123651757522 0.99120 0.13238 -0.00000 -276.71071 -0.13238 0.99120 0.00000 28.50634 0.00000 -0.00000 1.00000 0.00000
1547123652006381 0.99096 0.13416 -0.00000 -278.56479 -0.13416 0.99096 0.00000 28.97898 0.00000 -0.00000 1.00000 0.00000
1547123652255162 0.99086 0.13489 -0.00000 -280.53496 -0.13489 0.99086 0.00000 29.23184 0.00000 -0.00000 1.00000 0.00000
1547123652503763 0.99089 0.13466 -0.00000 -282.53142 -0.13466 0.99089 0.00000 29.19319 0.00000 -0.00000 1.00000 0.00000
1547123652752088 0.99111 0.13307 -0.00000 -284.54602 -0.13307 0.99111 0.00000 28.72924 0.00000 -0.00000 1.00000 0.00000
1547123653001176 0.99147 0.13034 -0.00000 -286.66408 -0.13034 0.99147 0.00000 28.01773 0.00000 -0.00000 1.00000 0.00000
1547123653250479 0.99143 0.13062 -0.00000 -288.63233 -0.13062 0.99143 0.00000 28.12674 0.00000 -0.00000 1.00000 0.00000
1547123653499499 0.99141 0.13078 -0.00000 -290.69113 -0.13078 0.99141 0.00000 28.21775 0.00000 -0.00000 1.00000 0.00000
1547123653748830 0.99165 0.12896 -0.00000 -292.79875 -0.12896 0.99165 0.00000 27.73054 0.00000 -0.00000 1.00000 0.00000
1547123653998063 0.99157 0.12961 -0.00000 -294.91015 -0.12961 0.99157 0.00000 27.97193 0.00000 -0.00000 1.00000 0.00000
1547123654247402 0.99171 0.12851 -0.00000 -297.07916 -0.12851 0.99171 0.00000 27.66627 0.00000 -0.00000 1.00000 0.00000
1547123654497800 0.99213 0.12518 -0.00000 -299.29535 -0.12518 0.99213 0.00000 26.69617 0.00000 -0.00000 1.00000 0.00000
1547123654749027 0.99244 0.12275 -0.00000 -301.50603 -0.12275 0.99244 0.00000 25.99610 0.00000 -0.00000 1.00000 0.00000
1547123654999907 0.99264 0.12111 -0.00000 -303.65317 -0.12111 0.99264 0.00000 25.56621 0.00000 -0.00000 1.00000 0.00000
1547123655250761 0.99313 0.11704 -0.00000 -305.97157 -0.11704 0.99313 0.00000 24.38577 0.00000 -0.00000 1.00000 0.00000
1547123655501287 0.99380 0.11117 -0.00000 -308.32243 -0.11117 0.99380 0.00000 22.62015 0.00000 -0.00000 1.00000 0.00000
1547123655751571 0.99403 0.10909 -0.00000 -310.52335 -0.10909 0.99403 0.00000 22.00479 0.00000 -0.00000 1.00000 0.00000
1547123656001281 0.99434 0.10624 -0.00000 -312.77378 -0.10624 0.99434 0.00000 21.13605 0.00000 -0.00000 1.00000 0.00000
1547123656250890 0.99461 0.10373 -0.00000 -314.99816 -0.10373 0.99461 0.00000 20.42532 0.00000 -0.00000 1.00000 0.00000
1547123656500277 0.99502 0.09964 -0.00000 -317.23615 -0.09964 0.99502 0.00000 19.12727 0.00000 -0.00000 1.00000 0.00000
1547123656749099 0.99528 0.09708 -0.00000 -319.45554 -0.09708 0.99528 0.00000 18.32959 0.00000 -0.00000 1.00000 0.00000
1547123656997620 0.99570 0.09259 -0.00000 -321.74928 -0.09259 0.99570 0.00000 16.97549 0.00000 -0.00000 1.00000 0.00000
1547123657245821 0.99574 0.09217 -0.00000 -323.94223 -0.09217 0.99574 0.00000 16.92808 0.00000 -0.00000 1.00000 0.00000
1547123657493719 0.99570 0.09260 -0.00000 -326.07969 -0.09260 0.99570 0.00000 17.06325 0.00000 -0.00000 1.00000 0.00000
1547123657741687 0.99587 0.09082 -0.00000 -328.31093 -0.09082 0.99587 0.00000 16.52601 0.00000 -0.00000 1.00000 0.00000
1547123657990861 0.99589 0.09059 -0.00000 -330.53934 -0.09059 0.99589 0.00000 16.53763 0.00000 -0.00000 1.00000 0.00000
1547123658240457 0.99622 0.08684 -0.00000 -332.76719 -0.08684 0.99622 0.00000 15.27281 0.00000 -0.00000 1.00000 0.00000
1547123658489500 0.99628 0.08617 -0.00000 -334.96565 -0.08617 0.99628 0.00000 15.09230 0.00000 -0.00000 1.00000 0.00000
1547123658738814 0.99630 0.08597 -0.00000 -337.18716 -0.08597 0.99630 0.00000 15.07619 0.00000 -0.00000 1.00000 0.00000
1547123658988384 0.99643 0.08443 -0.00000 -339.41073 -0.08443 0.99643 0.00000 14.54666 0.00000 -0.00000 1.00000 0.00000
1547123659237924 0.99621 0.08700 -0.00000 -341.59765 -0.08700 0.99621 0.00000 15.47733 0.00000 -0.00000 1.00000 0.00000
1547123659486939 0.99617 0.08742 -0.00000 -343.77701 -0.08742 0.99617 0.00000 15.64451 0.00000 -0.00000 1.00000 0.00000
1547123659736541 0.99616 0.08751 -0.00000 -345.94674 -0.08751 0.99616 0.00000 15.71658 0.00000 -0.00000 1.00000 0.00000
1547123659987608 0.99623 0.08676 -0.00000 -348.22293 -0.08676 0.99623 0.00000 15.54535 0.00000 -0.00000 1.00000 0.00000
1547123660238914 0.99640 0.08477 -0.00000 -350.48910 -0.08477 0.99640 0.00000 14.88710 0.00000 -0.00000 1.00000 0.00000
1547123660489814 0.99683 0.07952 -0.00000 -352.78455 -0.07952 0.99683 0.00000 13.04813 0.00000 -0.00000 1.00000 0.00000
1547123660740286 0.99735 0.07281 -0.00000 -355.01181 -0.07281 0.99735 0.00000 10.74848 0.00000 -0.00000 1.00000 0.00000
1547123660990880 0.99811 0.06140 -0.00000 -357.29702 -0.06140 0.99811 0.00000 6.72664 0.00000 -0.00000 1.00000 0.00000
1547123661240601 0.99876 0.04985 -0.00000 -359.55161 -0.04985 0.99876 0.00000 2.56264 0.00000 -0.00000 1.00000 0.00000
1547123661490268 0.99947 0.03247 -0.00000 -361.75778 -0.03247 0.99947 0.00000 -3.62751 0.00000 -0.00000 1.00000 0.00000
1547123661740035 0.99989 0.01495 -0.00000 -363.83898 -0.01495 0.99989 0.00000 -9.91047 0.00000 -0.00000 1.00000 0.00000
1547123661989337 1.00000 -0.00271 0.00000 -365.77695 0.00271 1.00000 -0.00000 -16.32968 -0.00000 0.00000 1.00000 0.00000
1547123662238173 0.99979 -0.02066 0.00000 -367.71313 0.02066 0.99979 -0.00000 -22.86083 -0.00000 0.00000 1.00000 0.00000
1547123662486666 0.99927 -0.03830 0.00000 -369.40743 0.03830 0.99927 -0.00000 -29.31600 -0.00000 0.00000 1.00000 0.00000
1547123662735023 0.99858 -0.05329 0.00000 -371.10489 0.05329 0.99858 -0.00000 -34.82561 -0.00000 0.00000 1.00000 0.00000
