1. -0.007 0. 1.031 0.007 1. 0. -0.026 0. 0. 1. 0.
1. -0.009 0. 1.299 0.009 1. 0. 0.024 0. 0. 1. 0.
1. -0.010 0. 1.758 0.010 1. 0. 0.008 0. 0. 1. 0.
1. -0.011 0. 2.157 0.011 1. 0. 0.047 0. 0. 1. 0.
1. -0.013 0. 2.640 0.013 1. 0. 0.028 0. 0. 1. 0.
1.000 -0.014 0. 3.172 0.014 1.000 0. 0.041 0. 0. 1. 0.
1.000 -0.017 0. 3.781 0.017 1.000 0. 0.097 0. 0. 1. 0.
1.000 -0.017 0. 4.413 0.017 1.000 0. 0.102 0. 0. 1. 0.
1.000 -0.019 0. 5.164 0.019 1.000 0. 0.098 0. 0. 1. 0.
1.000 -0.019 0. 5.928 0.019 1.000 0. 0.143 0. 0. 1. 0.
1.000 -0.022 0. 6.776 0.022 1.000 0. 0.130 0. 0. 1. 0.
1.000 -0.023 0. 7.670 0.023 1.000 0. 0.169 0. 0. 1. 0.
1.000 -0.024 0. 8.640 0.024 1.000 0. 0.164 0. 0. 1. 0.
1.000 -0.031 0. 9.681 0.031 1.000 0. 0.195 0. 0. 1. 0.
0.999 -0.033 0. 10.785 0.033 0.999 0. 0.246 0. 0. 1. 0.
0.999 -0.039 0. 11.921 0.039 0.999 0. 0.314 0. 0. 1. 0.
0.999 -0.045 0. 13.135 0.045 0.999 0. 0.348 0. 0. 1. 0.
0.999 -0.049 0. 14.416 0.049 0.999 0. 0.470 0. 0. 1. 0.
0.999 -0.055 0. 15.728 0.055 0.999 0. 0.489 0. 0. 1. 0.
0.998 -0.058 0. 17.107 0.058 0.998 0. 0.582 0. 0. 1. 0.
0.998 -0.067 0. 18.547 0.067 0.998 0. 0.696 0. 0. 1. 0.
0.997 -0.073 0. 20.067 0.073 0.997 0. 0.796 0. 0. 1. 0.
0.997 -0.078 0. 21.572 0.078 0.997 0. 0.887 0. 0. 1. 0.
0.997 -0.083 0. 23.160 0.083 0.997 0. 1.083 0. 0. 1. 0.
0.996 -0.086 0. 24.822 0.086 0.996 0. 1.199 0. 0. 1. 0.
0.996 -0.089 0. 26.506 0.089 0.996 0. 1.338 0. 0. 1. 0.
0.996 -0.091 0. 28.240 0.091 0.996 0. 1.485 0. 0. 1. 0.
0.996 -0.092 0. 30.020 0.092 0.996 0. 1.665 0. 0. 1. 0.
0.996 -0.089 0. 31.865 0.089 0.996 0. 1.778 0. 0. 1. 0.
0.996 -0.086 0. 33.734 0.086 0.996 0. 1.973 0. 0. 1. 0.
0.997 -0.081 0. 35.663 0.081 0.997 0. 2.074 0. 0. 1. 0.
0.997 -0.074 0. 37.625 0.074 0.997 0. 2.235 0. 0. 1. 0.
0.998 -0.067 0. 39.644 0.067 0.998 0. 2.326 0. 0. 1. 0.
0.998 -0.061 0. 41.696 0.061 0.998 0. 2.439 0. 0. 1. 0.
0.999 -0.052 0. 43.767 0.052 0.999 0. 2.533 0. 0. 1. 0.
0.999 -0.044 0. 45.920 0.044 0.999 0. 2.575 0. 0. 1. 0.
0.999 -0.037 0. 48.101 0.037 0.999 0. 2.622 0. 0. 1. 0.
1.000 -0.028 0. 50.307 0.028 1.000 0. 2.627 0. 0. 1. 0.
1.000 -0.019 0. 52.575 0.019 1.000 0. 2.640 0. 0. 1. 0.
1. -0.012 0. 54.868 0.012 1. 0. 2.675 0. 0. 1. 0.
1. -0.010 0. 57.200 0.010 1. 0. 2.662 0. 0. 1. 0.
1. -0.011 0. 59.555 0.011 1. 0. 2.705 0. 0. 1. 0.
1. -0.013 0. 61.974 0.013 1. 0. 2.716 0. 0. 1. 0.
1.000 -0.014 0. 64.420 0.014 1.000 0. 2.735 0. 0. 1. 0.
1.000 -0.016 0. 66.895 0.016 1.000 0. 2.741 0. 0. 1. 0.
1.000 -0.014 0. 69.396 0.014 1.000 0. 2.760 0. 0. 1. 0.
1.000 -0.014 0. 71.945 0.014 1.000 0. 2.725 0. 0. 1. 0.
1. -0.013 0. 74.521 0.013 1. 0. 2.801 0. 0. 1. 0.
1. -0.014 0. 77.118 0.014 1. 0. 2.775 0. 0. 1. 0.
1. -0.013 0. 79.744 0.013 1. 0. 2.828 0. 0. 1. 0.
1. -0.010 0. 82.418 0.010 1. 0. 2.797 0. 0. 1. 0.
1. -0.009 0. 85.098 0.009 1. 0. 2.802 0. 0. 1. 0.
1. -0.008 0. 87.816 0.008 1. 0. 2.762 0. 0. 1. 0.
1. -0.005 0. 90.572 0.005 1. 0. 2.771 0. 0. 1. 0.
1. -0.003 0. 93.263 0.003 1. 0. 2.725 0. 0. 1. 0.
1. -0.002 0. 95.965 0.002 1. 0. 2.668 0. 0. 1. 0.
1. 0.004 0. 98.646 -0.004 1. 0. 2.785 0. 0. 1. 0.
1. 0.007 0. 101.276 -0.007 1. 0. 2.714 0. 0. 1. 0.
1. 0.008 0. 103.897 -0.008 1. 0. 2.663 0. 0. 1. 0.
1. 0.007 0. 106.507 -0.007 1. 0. 2.659 0. 0. 1. 0.
1. 0.005 0. 109.094 -0.005 1. 0. 2.632 0. 0. 1. 0.
1. 0.003 0. 111.633 -0.003 1. 0. 2.606 0. 0. 1. 0.
1. -0.008 0. 114.150 0.008 1. 0. 2.580 0. 0. 1. 0.
1.000 -0.017 0. 116.667 0.017 1.000 0. 2.630 0. 0. 1. 0.
1.000 -0.031 0. 119.182 0.031 1.000 0. 2.588 0. 0. 1. 0.
0.999 -0.042 0. 121.712 0.042 0.999 0. 2.738 0. 0. 1. 0.
0.998 -0.056 0. 124.263 0.056 0.998 0. 2.821 0. 0. 1. 0.
0.998 -0.064 0. 126.761 0.064 0.998 0. 2.947 0. 0. 1. 0.
0.997 -0.071 0. 129.242 0.071 0.997 0. 3.059 0. 0. 1. 0.
0.997 -0.074 0. 131.811 0.074 0.997 0. 3.244 0. 0. 1. 0.
0.997 -0.079 0. 134.327 0.079 0.997 0. 3.356 0. 0. 1. 0.
0.997 -0.077 0. 136.858 0.077 0.997 0. 3.588 0. 0. 1. 0.
0.997 -0.076 0. 139.404 0.076 0.997 0. 3.744 0. 0. 1. 0.
0.997 -0.071 0. 141.944 0.071 0.997 0. 3.913 0. 0. 1. 0.
0.998 -0.062 0. 144.458 0.062 0.998 0. 4.057 0. 0. 1. 0.
0.999 -0.055 0. 146.962 0.055 0.999 0. 4.228 0. 0. 1. 0.
0.999 -0.050 0. 149.463 0.050 0.999 0. 4.398 0. 0. 1. 0.
0.999 -0.043 0. 151.911 0.043 0.999 0. 4.460 0. 0. 1. 0.
0.999 -0.037 0. 154.391 0.037 0.999 0. 4.595 0. 0. 1. 0.
0.999 -0.033 0. 156.815 0.033 0.999 0. 4.639 0. 0. 1. 0.
1.000 -0.028 0. 159.198 0.028 1.000 0. 4.682 0. 0. 1. 0.
1.000 -0.024 0. 161.602 0.024 1.000 0. 4.784 0. 0. 1. 0.
1.000 -0.020 0. 163.944 0.020 1.000 0. 4.754 0. 0. 1. 0.
1.000 -0.016 0. 166.328 0.016 1.000 0. 4.825 0. 0. 1. 0.
1. -0.010 0. 168.647 0.010 1. 0. 4.848 0. 0. 1. 0.
1. -0.005 0. 170.961 0.005 1. 0. 4.866 0. 0. 1. 0.
1. -0.003 0. 173.268 0.003 1. 0. 4.829 0. 0. 1. 0.
1. -0.001 0. 175.566 0.001 1. 0. 4.776 0. 0. 1. 0.
1. 0.001 0. 177.824 -0.001 1. 0. 4.691 0. 0. 1. 0.
1. 0.001 0. 180.072 -0.001 1. 0. 4.718 0. 0. 1. 0.
1. 0.001 0. 182.315 -0.001 1. 0. 4.724 0. 0. 1. 0.
1. 0.003 0. 184.528 -0.003 1. 0. 4.724 0. 0. 1. 0.
1. 0.005 0. 186.728 -0.005 1. 0. 4.665 0. 0. 1. 0.
1. 0.005 0. 188.904 -0.005 1. 0. 4.622 0. 0. 1. 0.
1. 0.005 0. 191.044 -0.005 1. 0. 4.639 0. 0. 1. 0.
1. 0.002 0. 193.148 -0.002 1. 0. 4.554 0. 0. 1. 0.
1. 0.001 0. 195.254 -0.001 1. 0. 4.610 0. 0. 1. 0.
1. -0.000 0. 197.335 0.000 1. 0. 4.619 0. 0. 1. 0.
1. 0.000 0. 199.413 -0.000 1. 0. 4.699 0. 0. 1. 0.
1. -0.001 0. 201.425 0.001 1. 0. 4.711 0. 0. 1. 0.
1. -0.002 0. 203.460 0.002 1. 0. 4.805 0. 0. 1. 0.
1. 0.000 0. 205.453 -0.000 1. 0. 4.836 0. 0. 1. 0.
1. 0.000 0. 207.405 -0.000 1. 0. 4.769 0. 0. 1. 0.
1. -0.000 0. 209.331 0.000 1. 0. 4.801 0. 0. 1. 0.
1. -0.000 0. 211.219 0.000 1. 0. 4.760 0. 0. 1. 0.
1. -0.003 0. 213.055 0.003 1. 0. 4.809 0. 0. 1. 0.
1. -0.001 0. 214.884 0.001 1. 0. 4.755 0. 0. 1. 0.
1. -0.001 0. 216.661 0.001 1. 0. 4.792 0. 0. 1. 0.
1. 0.001 0. 218.403 -0.001 1. 0. 4.669 0. 0. 1. 0.
1. 0.003 0. 220.061 -0.003 1. 0. 4.709 0. 0. 1. 0.
1. 0.006 0. 221.688 -0.006 1. 0. 4.676 0. 0. 1. 0.
1. 0.007 0. 223.266 -0.007 1. 0. 4.664 0. 0. 1. 0.
1. 0.009 0. 224.800 -0.009 1. 0. 4.649 0. 0. 1. 0.
1. 0.010 0. 226.265 -0.010 1. 0. 4.582 0. 0. 1. 0.
1. 0.012 0. 227.656 -0.012 1. 0. 4.595 0. 0. 1. 0.
1. 0.012 0. 228.991 -0.012 1. 0. 4.532 0. 0. 1. 0.
1. 0.011 0. 230.283 -0.011 1. 0. 4.513 0. 0. 1. 0.
1. 0.010 0. 231.445 -0.010 1. 0. 4.471 0. 0. 1. 0.
1. 0.014 0. 232.557 -0.014 1. 0. 4.450 0. 0. 1. 0.
1. 0.011 0. 233.553 -0.011 1. 0. 4.414 0. 0. 1. 0.
1. 0.012 0. 234.510 -0.012 1. 0. 4.383 0. 0. 1. 0.
1. 0.014 0. 235.355 -0.014 1. 0. 4.355 0. 0. 1. 0.
1. 0.011 0. 236.088 -0.011 1. 0. 4.395 0. 0. 1. 0.
1. 0.014 0. 236.710 -0.014 1. 0. 4.337 0. 0. 1. 0.
1. 0.013 0. 237.282 -0.013 1. 0. 4.367 0. 0. 1. 0.
1. 0.014 0. 237.792 -0.014 1. 0. 4.316 0. 0. 1. 0.
1.000 0.016 0. 238.196 -0.016 1.000 0. 4.316 0. 0. 1. 0.
1.000 0.015 0. 238.568 -0.015 1.000 0. 4.300 0. 0. 1. 0.
1.000 0.017 0. 238.828 -0.017 1.000 0. 4.303 0. 0. 1. 0.
1.000 0.015 0. 239.042 -0.015 1.000 0. 4.325 0. 0. 1. 0.
1.000 0.017 0. 239.157 -0.017 1.000 0. 4.299 0. 0. 1. 0.
1.000 0.016 0. 239.249 -0.016 1.000 0. 4.308 0. 0. 1. 0.
1.000 0.017 0. 239.257 -0.017 1.000 0. 4.264 0. 0. 1. 0.
1.000 0.016 0. 239.254 -0.016 1.000 0. 4.316 0. 0. 1. 0.
1.000 0.017 0. 239.300 -0.017 1.000 0. 4.281 0. 0. 1. 0.
1.000 0.017 0. 239.280 -0.017 1.000 0. 4.298 0. 0. 1. 0.
1.000 0.018 0. 239.293 -0.018 1.000 0. 4.278 0. 0. 1. 0.
1.000 0.018 0. 239.295 -0.018 1.000 0. 4.266 0. 0. 1. 0.
1.000 0.018 0. 239.282 -0.018 1.000 0. 4.264 0. 0. 1. 0.
1.000 0.018 0. 239.291 -0.018 1.000 0. 4.283 0. 0. 1. 0.
1.000 0.017 0. 239.288 -0.017 1.000 0. 4.284 0. 0. 1. 0.
1.000 0.018 0. 239.297 -0.018 1.000 0. 4.281 0. 0. 1. 0.
1.000 0.017 0. 239.303 -0.017 1.000 0. 4.288 0. 0. 1. 0.
1.000 0.018 0. 239.299 -0.018 1.000 0. 4.285 0. 0. 1. 0.
1.000 0.018 0. 239.283 -0.018 1.000 0. 4.274 0. 0. 1. 0.
1.000 0.018 0. 239.289 -0.018 1.000 0. 4.267 0. 0. 1. 0.
1.000 0.017 0. 239.290 -0.017 1.000 0. 4.274 0. 0. 1. 0.
1.000 0.017 0. 239.301 -0.017 1.000 0. 4.272 0. 0. 1. 0.
1.000 0.017 0. 239.291 -0.017 1.000 0. 4.289 0. 0. 1. 0.
1.000 0.017 0. 239.300 -0.017 1.000 0. 4.276 0. 0. 1. 0.
1.000 0.017 0. 239.297 -0.017 1.000 0. 4.282 0. 0. 1. 0.
1.000 0.017 0. 239.297 -0.017 1.000 0. 4.282 0. 0. 1. 0.
1.000 0.017 0. 239.307 -0.017 1.000 0. 4.296 0. 0. 1. 0.
1.000 0.017 0. 239.293 -0.017 1.000 0. 4.287 0. 0. 1. 0.
1.000 0.017 0. 239.295 -0.017 1.000 0. 4.273 0. 0. 1. 0.
1.000 0.017 0. 239.294 -0.017 1.000 0. 4.282 0. 0. 1. 0.
1.000 0.017 0. 239.304 -0.017 1.000 0. 4.280 0. 0. 1. 0.
1.000 0.018 0. 239.294 -0.018 1.000 0. 4.265 0. 0. 1. 0.
1.000 0.018 0. 239.294 -0.018 1.000 0. 4.272 0. 0. 1. 0.
1.000 0.018 0. 239.292 -0.018 1.000 0. 4.262 0. 0. 1. 0.
1.000 0.017 0. 239.298 -0.017 1.000 0. 4.274 0. 0. 1. 0.
1.000 0.017 0. 239.296 -0.017 1.000 0. 4.276 0. 0. 1. 0.
1.000 0.017 0. 239.305 -0.017 1.000 0. 4.271 0. 0. 1. 0.
1.000 0.017 0. 239.292 -0.017 1.000 0. 4.287 0. 0. 1. 0.
1.000 0.017 0. 239.280 -0.017 1.000 0. 4.255 0. 0. 1. 0.
1.000 0.017 0. 239.295 -0.017 1.000 0. 4.283 0. 0. 1. 0.
1.000 0.017 0. 239.294 -0.017 1.000 0. 4.266 0. 0. 1. 0.
1.000 0.017 0. 239.293 -0.017 1.000 0. 4.279 0. 0. 1. 0.
1.000 0.017 0. 239.298 -0.017 1.000 0. 4.271 0. 0. 1. 0.
1.000 0.017 0. 239.291 -0.017 1.000 0. 4.270 0. 0. 1. 0.
1.000 0.017 0. 239.289 -0.017 1.000 0. 4.275 0. 0. 1. 0.
1.000 0.017 0. 239.293 -0.017 1.000 0. 4.288 0. 0. 1. 0.
1.000 0.018 0. 239.292 -0.018 1.000 0. 4.266 0. 0. 1. 0.
1.000 0.017 0. 239.296 -0.017 1.000 0. 4.278 0. 0. 1. 0.
1.000 0.017 0. 239.292 -0.017 1.000 0. 4.271 0. 0. 1. 0.
1.000 0.017 0. 239.290 -0.017 1.000 0. 4.275 0. 0. 1. 0.
1.000 0.017 0. 239.302 -0.017 1.000 0. 4.285 0. 0. 1. 0.
1.000 0.018 0. 239.281 -0.018 1.000 0. 4.286 0. 0. 1. 0.
1.000 0.017 0. 239.297 -0.017 1.000 0. 4.274 0. 0. 1. 0.
1.000 0.018 0. 239.293 -0.018 1.000 0. 4.277 0. 0. 1. 0.
1.000 0.016 0. 239.301 -0.016 1.000 0. 4.284 0. 0. 1. 0.
1.000 0.017 0. 239.297 -0.017 1.000 0. 4.271 0. 0. 1. 0.
1.000 0.017 0. 239.290 -0.017 1.000 0. 4.275 0. 0. 1. 0.
1.000 0.017 0. 239.301 -0.017 1.000 0. 4.283 0. 0. 1. 0.
1.000 0.017 0. 239.285 -0.017 1.000 0. 4.280 0. 0. 1. 0.
1.000 0.017 0. 239.302 -0.017 1.000 0. 4.289 0. 0. 1. 0.
1.000 0.017 0. 239.295 -0.017 1.000 0. 4.272 0. 0. 1. 0.
1.000 0.017 0. 239.294 -0.017 1.000 0. 4.285 0. 0. 1. 0.
1.000 0.017 0. 239.296 -0.017 1.000 0. 4.280 0. 0. 1. 0.
1.000 0.017 0. 239.317 -0.017 1.000 0. 4.275 0. 0. 1. 0.
1.000 0.018 0. 239.300 -0.018 1.000 0. 4.281 0. 0. 1. 0.
1.000 0.018 0. 239.301 -0.018 1.000 0. 4.272 0. 0. 1. 0.
1.000 0.017 0. 239.309 -0.017 1.000 0. 4.277 0. 0. 1. 0.
1.000 0.017 0. 239.305 -0.017 1.000 0. 4.277 0. 0. 1. 0.
1.000 0.017 0. 239.299 -0.017 1.000 0. 4.274 0. 0. 1. 0.
1.000 0.017 0. 239.302 -0.017 1.000 0. 4.269 0. 0. 1. 0.
1.000 0.017 0. 239.301 -0.017 1.000 0. 4.268 0. 0. 1. 0.
1.000 0.017 0. 239.286 -0.017 1.000 0. 4.278 0. 0. 1. 0.
1.000 0.018 0. 239.304 -0.018 1.000 0. 4.274 0. 0. 1. 0.
1.000 0.018 0. 239.301 -0.018 1.000 0. 4.274 0. 0. 1. 0.
1.000 0.017 0. 239.295 -0.017 1.000 0. 4.284 0. 0. 1. 0.
1.000 0.017 0. 239.308 -0.017 1.000 0. 4.263 0. 0. 1. 0.
1.000 0.017 0. 239.298 -0.017 1.000 0. 4.269 0. 0. 1. 0.
1.000 0.017 0. 239.298 -0.017 1.000 0. 4.271 0. 0. 1. 0.
1.000 0.017 0. 239.297 -0.017 1.000 0. 4.278 0. 0. 1. 0.
1.000 0.018 0. 239.300 -0.018 1.000 0. 4.269 0. 0. 1. 0.
1.000 0.017 0. 239.307 -0.017 1.000 0. 4.274 0. 0. 1. 0.
1.000 0.017 0. 239.293 -0.017 1.000 0. 4.275 0. 0. 1. 0.
1.000 0.017 0. 239.308 -0.017 1.000 0. 4.290 0. 0. 1. 0.
1.000 0.017 0. 239.292 -0.017 1.000 0. 4.268 0. 0. 1. 0.
1.000 0.017 0. 239.291 -0.017 1.000 0. 4.269 0. 0. 1. 0.
1.000 0.017 0. 239.300 -0.017 1.000 0. 4.278 0. 0. 1. 0.
1.000 0.017 0. 239.305 -0.017 1.000 0. 4.282 0. 0. 1. 0.
1.000 0.017 0. 239.300 -0.017 1.000 0. 4.280 0. 0. 1. 0.
1.000 0.017 0. 239.304 -0.017 1.000 0. 4.273 0. 0. 1. 0.
1.000 0.017 0. 239.307 -0.017 1.000 0. 4.263 0. 0. 1. 0.
1.000 0.018 0. 239.299 -0.018 1.000 0. 4.266 0. 0. 1. 0.
1.000 0.017 0. 239.295 -0.017 1.000 0. 4.264 0. 0. 1. 0.
1.000 0.017 0. 239.302 -0.017 1.000 0. 4.283 0. 0. 1. 0.
1.000 0.017 0. 239.288 -0.017 1.000 0. 4.262 0. 0. 1. 0.
1.000 0.017 0. 239.302 -0.017 1.000 0. 4.287 0. 0. 1. 0.
1.000 0.017 0. 239.302 -0.017 1.000 0. 4.276 0. 0. 1. 0.
1.000 0.018 0. 239.289 -0.018 1.000 0. 4.277 0. 0. 1. 0.
1.000 0.017 0. 239.311 -0.017 1.000 0. 4.279 0. 0. 1. 0.
1.000 0.017 0. 239.286 -0.017 1.000 0. 4.278 0. 0. 1. 0.
1.000 0.017 0. 239.317 -0.017 1.000 0. 4.280 0. 0. 1. 0.
1.000 0.017 0. 239.296 -0.017 1.000 0. 4.288 0. 0. 1. 0.
1.000 0.017 0. 239.311 -0.017 1.000 0. 4.287 0. 0. 1. 0.
1.000 0.017 0. 239.302 -0.017 1.000 0. 4.274 0. 0. 1. 0.
1.000 0.017 0. 239.295 -0.017 1.000 0. 4.276 0. 0. 1. 0.
1.000 0.017 0. 239.299 -0.017 1.000 0. 4.271 0. 0. 1. 0.
1.000 0.017 0. 239.298 -0.017 1.000 0. 4.280 0. 0. 1. 0.
1.000 0.018 0. 239.296 -0.018 1.000 0. 4.270 0. 0. 1. 0.
1.000 0.017 0. 239.299 -0.017 1.000 0. 4.284 0. 0. 1. 0.
1.000 0.017 0. 239.298 -0.017 1.000 0. 4.275 0. 0. 1. 0.
1.000 0.018 0. 239.300 -0.018 1.000 0. 4.281 0. 0. 1. 0.
1.000 0.018 0. 239.299 -0.018 1.000 0. 4.272 0. 0. 1. 0.
1.000 0.018 0. 239.294 -0.018 1.000 0. 4.266 0. 0. 1. 0.
1.000 0.017 0. 239.300 -0.017 1.000 0. 4.281 0. 0. 1. 0.
1.000 0.017 0. 239.299 -0.017 1.000 0. 4.281 0. 0. 1. 0.
1.000 0.017 0. 239.293 -0.017 1.000 0. 4.269 0. 0. 1. 0.
1.000 0.018 0. 239.300 -0.018 1.000 0. 4.270 0. 0. 1. 0.
1.000 0.018 0. 239.291 -0.018 1.000 0. 4.268 0. 0. 1. 0.
1.000 0.018 0. 239.301 -0.018 1.000 0. 4.267 0. 0. 1. 0.
1.000 0.018 0. 239.295 -0.018 1.000 0. 4.272 0. 0. 1. 0.
1.000 0.017 0. 239.308 -0.017 1.000 0. 4.291 0. 0. 1. 0.
1.000 0.017 0. 239.295 -0.017 1.000 0. 4.269 0. 0. 1. 0.
1.000 0.017 0. 239.301 -0.017 1.000 0. 4.291 0. 0. 1. 0.
1.000 0.018 0. 239.298 -0.018 1.000 0. 4.265 0. 0. 1. 0.
1.000 0.018 0. 239.309 -0.018 1.000 0. 4.287 0. 0. 1. 0.
1.000 0.017 0. 239.300 -0.017 1.000 0. 4.269 0. 0. 1. 0.
1.000 0.018 0. 239.291 -0.018 1.000 0. 4.270 0. 0. 1. 0.
1.000 0.017 0. 239.308 -0.017 1.000 0. 4.278 0. 0. 1. 0.
1.000 0.017 0. 239.302 -0.017 1.000 0. 4.281 0. 0. 1. 0.
1.000 0.017 0. 239.311 -0.017 1.000 0. 4.283 0. 0. 1. 0.
1.000 0.017 0. 239.317 -0.017 1.000 0. 4.282 0. 0. 1. 0.
1.000 0.018 0. 239.354 -0.018 1.000 0. 4.258 0. 0. 1. 0.
1.000 0.016 0. 239.415 -0.016 1.000 0. 4.273 0. 0. 1. 0.
1.000 0.016 0. 239.509 -0.016 1.000 0. 4.285 0. 0. 1. 0.
1.000 0.017 0. 239.547 -0.017 1.000 0. 4.275 0. 0. 1. 0.
1.000 0.017 0. 239.673 -0.017 1.000 0. 4.292 0. 0. 1. 0.
1.000 0.016 0. 239.784 -0.016 1.000 0. 4.300 0. 0. 1. 0.
1.000 0.016 0. 239.942 -0.016 1.000 0. 4.283 0. 0. 1. 0.
1.000 0.017 0. 240.080 -0.017 1.000 0. 4.294 0. 0. 1. 0.
1.000 0.018 0. 240.229 -0.018 1.000 0. 4.271 0. 0. 1. 0.
1.000 0.018 0. 240.398 -0.018 1.000 0. 4.288 0. 0. 1. 0.
1.000 0.017 0. 240.479 -0.017 1.000 0. 4.275 0. 0. 1. 0.
1.000 0.016 0. 240.610 -0.016 1.000 0. 4.306 0. 0. 1. 0.
1.000 0.017 0. 240.641 -0.017 1.000 0. 4.259 0. 0. 1. 0.
1.000 0.015 0. 240.681 -0.015 1.000 0. 4.279 0. 0. 1. 0.
1.000 0.016 0. 240.673 -0.016 1.000 0. 4.274 0. 0. 1. 0.
1.000 0.018 0. 240.664 -0.018 1.000 0. 4.271 0. 0. 1. 0.
1.000 0.017 0. 240.663 -0.017 1.000 0. 4.275 0. 0. 1. 0.
1.000 0.017 0. 240.662 -0.017 1.000 0. 4.272 0. 0. 1. 0.
1.000 0.018 0. 240.638 -0.018 1.000 0. 4.294 0. 0. 1. 0.
1.000 0.016 0. 240.670 -0.016 1.000 0. 4.271 0. 0. 1. 0.
1.000 0.017 0. 240.664 -0.017 1.000 0. 4.271 0. 0. 1. 0.
1.000 0.016 0. 240.692 -0.016 1.000 0. 4.261 0. 0. 1. 0.
1.000 0.017 0. 240.671 -0.017 1.000 0. 4.274 0. 0. 1. 0.
1.000 0.016 0. 240.660 -0.016 1.000 0. 4.276 0. 0. 1. 0.
1.000 0.017 0. 240.671 -0.017 1.000 0. 4.275 0. 0. 1. 0.
1.000 0.017 0. 240.656 -0.017 1.000 0. 4.282 0. 0. 1. 0.
1.000 0.017 0. 240.666 -0.017 1.000 0. 4.280 0. 0. 1. 0.
1.000 0.017 0. 240.667 -0.017 1.000 0. 4.257 0. 0. 1. 0.
1.000 0.016 0. 240.691 -0.016 1.000 0. 4.255 0. 0. 1. 0.
1.000 0.016 0. 240.678 -0.016 1.000 0. 4.278 0. 0. 1. 0.
1.000 0.017 0. 240.659 -0.017 1.000 0. 4.273 0. 0. 1. 0.
1.000 0.017 0. 240.654 -0.017 1.000 0. 4.274 0. 0. 1. 0.
1.000 0.017 0. 240.680 -0.017 1.000 0. 4.261 0. 0. 1. 0.
1.000 0.016 0. 240.679 -0.016 1.000 0. 4.269 0. 0. 1. 0.
1.000 0.016 0. 240.687 -0.016 1.000 0. 4.267 0. 0. 1. 0.
1.000 0.016 0. 240.675 -0.016 1.000 0. 4.268 0. 0. 1. 0.
1.000 0.017 0. 240.674 -0.017 1.000 0. 4.260 0. 0. 1. 0.
1.000 0.017 0. 240.663 -0.017 1.000 0. 4.270 0. 0. 1. 0.
1.000 0.016 0. 240.675 -0.016 1.000 0. 4.276 0. 0. 1. 0.
1.000 0.016 0. 240.685 -0.016 1.000 0. 4.282 0. 0. 1. 0.
1.000 0.016 0. 240.689 -0.016 1.000 0. 4.263 0. 0. 1. 0.
1.000 0.017 0. 240.673 -0.017 1.000 0. 4.267 0. 0. 1. 0.
1.000 0.016 0. 240.664 -0.016 1.000 0. 4.273 0. 0. 1. 0.
1.000 0.017 0. 240.678 -0.017 1.000 0. 4.264 0. 0. 1. 0.
1.000 0.017 0. 240.669 -0.017 1.000 0. 4.261 0. 0. 1. 0.
1.000 0.017 0. 240.686 -0.017 1.000 0. 4.263 0. 0. 1. 0.
1.000 0.017 0. 240.672 -0.017 1.000 0. 4.262 0. 0. 1. 0.
1.000 0.017 0. 240.668 -0.017 1.000 0. 4.278 0. 0. 1. 0.
1.000 0.017 0. 240.675 -0.017 1.000 0. 4.277 0. 0. 1. 0.
1.000 0.017 0. 240.683 -0.017 1.000 0. 4.261 0. 0. 1. 0.
1.000 0.017 0. 240.678 -0.017 1.000 0. 4.276 0. 0. 1. 0.
1.000 0.016 0. 240.662 -0.016 1.000 0. 4.278 0. 0. 1. 0.
1.000 0.017 0. 240.670 -0.017 1.000 0. 4.292 0. 0. 1. 0.
1.000 0.015 0. 240.657 -0.015 1.000 0. 4.283 0. 0. 1. 0.
1.000 0.017 0. 240.674 -0.017 1.000 0. 4.262 0. 0. 1. 0.
1.000 0.016 0. 240.673 -0.016 1.000 0. 4.273 0. 0. 1. 0.
1.000 0.015 0. 240.683 -0.015 1.000 0. 4.274 0. 0. 1. 0.
1.000 0.016 0. 240.674 -0.016 1.000 0. 4.261 0. 0. 1. 0.
1.000 0.017 0. 240.681 -0.017 1.000 0. 4.290 0. 0. 1. 0.
1.000 0.015 0. 240.684 -0.015 1.000 0. 4.259 0. 0. 1. 0.
1.000 0.016 0. 240.678 -0.016 1.000 0. 4.287 0. 0. 1. 0.
1.000 0.016 0. 240.669 -0.016 1.000 0. 4.277 0. 0. 1. 0.
1.000 0.016 0. 240.684 -0.016 1.000 0. 4.275 0. 0. 1. 0.
1.000 0.015 0. 240.661 -0.015 1.000 0. 4.258 0. 0. 1. 0.
1.000 0.017 0. 240.680 -0.017 1.000 0. 4.278 0. 0. 1. 0.
1.000 0.015 0. 240.675 -0.015 1.000 0. 4.261 0. 0. 1. 0.
1.000 0.016 0. 240.669 -0.016 1.000 0. 4.280 0. 0. 1. 0.
1.000 0.016 0. 240.695 -0.016 1.000 0. 4.258 0. 0. 1. 0.
1.000 0.017 0. 240.674 -0.017 1.000 0. 4.273 0. 0. 1. 0.
1.000 0.017 0. 240.673 -0.017 1.000 0. 4.263 0. 0. 1. 0.
1.000 0.016 0. 240.682 -0.016 1.000 0. 4.277 0. 0. 1. 0.
1.000 0.016 0. 240.656 -0.016 1.000 0. 4.272 0. 0. 1. 0.
1.000 0.016 0. 240.685 -0.016 1.000 0. 4.271 0. 0. 1. 0.
1.000 0.016 0. 240.682 -0.016 1.000 0. 4.271 0. 0. 1. 0.
1.000 0.016 0. 240.685 -0.016 1.000 0. 4.266 0. 0. 1. 0.
1.000 0.016 0. 240.675 -0.016 1.000 0. 4.269 0. 0. 1. 0.
1.000 0.016 0. 240.684 -0.016 1.000 0. 4.260 0. 0. 1. 0.
1.000 0.015 0. 240.700 -0.015 1.000 0. 4.277 0. 0. 1. 0.
1.000 0.015 0. 240.679 -0.015 1.000 0. 4.269 0. 0. 1. 0.
1.000 0.016 0. 240.695 -0.016 1.000 0. 4.277 0. 0. 1. 0.
1.000 0.016 0. 240.668 -0.016 1.000 0. 4.257 0. 0. 1. 0.
1.000 0.016 0. 240.677 -0.016 1.000 0. 4.270 0. 0. 1. 0.
1.000 0.016 0. 240.686 -0.016 1.000 0. 4.268 0. 0. 1. 0.
1.000 0.016 0. 240.672 -0.016 1.000 0. 4.259 0. 0. 1. 0.
1.000 0.015 0. 240.687 -0.015 1.000 0. 4.298 0. 0. 1. 0.
1.000 0.016 0. 240.665 -0.016 1.000 0. 4.274 0. 0. 1. 0.
1.000 0.016 0. 240.672 -0.016 1.000 0. 4.285 0. 0. 1. 0.
1.000 0.015 0. 240.698 -0.015 1.000 0. 4.274 0. 0. 1. 0.
1.000 0.016 0. 240.670 -0.016 1.000 0. 4.268 0. 0. 1. 0.
1.000 0.015 0. 240.673 -0.015 1.000 0. 4.283 0. 0. 1. 0.
1.000 0.016 0. 240.674 -0.016 1.000 0. 4.271 0. 0. 1. 0.
1.000 0.016 0. 240.657 -0.016 1.000 0. 4.291 0. 0. 1. 0.
1.000 0.016 0. 240.657 -0.016 1.000 0. 4.281 0. 0. 1. 0.
1.000 0.017 0. 240.654 -0.017 1.000 0. 4.278 0. 0. 1. 0.
1.000 0.018 0. 240.711 -0.018 1.000 0. 4.290 0. 0. 1. 0.
1.000 0.018 0. 240.770 -0.018 1.000 0. 4.278 0. 0. 1. 0.
1.000 0.017 0. 240.913 -0.017 1.000 0. 4.261 0. 0. 1. 0.
1.000 0.018 0. 241.118 -0.018 1.000 0. 4.257 0. 0. 1. 0.
1.000 0.017 0. 241.411 -0.017 1.000 0. 4.285 0. 0. 1. 0.
1.000 0.017 0. 241.768 -0.017 1.000 0. 4.270 0. 0. 1. 0.
1.000 0.016 0. 242.185 -0.016 1.000 0. 4.284 0. 0. 1. 0.
1.000 0.017 0. 242.701 -0.017 1.000 0. 4.257 0. 0. 1. 0.
1.000 0.017 0. 243.287 -0.017 1.000 0. 4.243 0. 0. 1. 0.
1.000 0.018 0. 243.955 -0.018 1.000 0. 4.229 0. 0. 1. 0.
1.000 0.017 0. 244.702 -0.017 1.000 0. 4.209 0. 0. 1. 0.
1.000 0.016 0. 245.541 -0.016 1.000 0. 4.187 0. 0. 1. 0.
1.000 0.017 0. 246.446 -0.017 1.000 0. 4.145 0. 0. 1. 0.
1.000 0.017 0. 247.436 -0.017 1.000 0. 4.168 0. 0. 1. 0.
1.000 0.017 0. 248.485 -0.017 1.000 0. 4.129 0. 0. 1. 0.
1.000 0.016 0. 249.629 -0.016 1.000 0. 4.095 0. 0. 1. 0.
1.000 0.016 0. 250.815 -0.016 1.000 0. 4.078 0. 0. 1. 0.
1. 0.012 0. 252.079 -0.012 1. 0. 4.047 0. 0. 1. 0.
1. 0.012 0. 253.424 -0.012 1. 0. 4.103 0. 0. 1. 0.
1. 0.010 0. 254.819 -0.010 1. 0. 4.050 0. 0. 1. 0.
1. 0.009 0. 256.331 -0.009 1. 0. 4.061 0. 0. 1. 0.
1. 0.006 0. 257.842 -0.006 1. 0. 4.017 0. 0. 1. 0.
1. 0.005 0. 259.433 -0.005 1. 0. 3.983 0. 0. 1. 0.
1. 0.004 0. 261.100 -0.004 1. 0. 3.991 0. 0. 1. 0.
1. 0.002 0. 262.819 -0.002 1. 0. 3.942 0. 0. 1. 0.
1. 0.001 0. 264.610 -0.001 1. 0. 3.921 0. 0. 1. 0.
1. -0.001 0. 266.462 0.001 1. 0. 3.929 0. 0. 1. 0.
1. -0.002 0. 268.350 0.002 1. 0. 3.907 0. 0. 1. 0.
1. -0.001 0. 270.298 0.001 1. 0. 3.900 0. 0. 1. 0.
1. -0.004 0. 272.315 0.004 1. 0. 3.897 0. 0. 1. 0.
1. -0.003 0. 274.389 0.003 1. 0. 3.883 0. 0. 1. 0.
1. -0.004 0. 276.506 0.004 1. 0. 3.868 0. 0. 1. 0.
1. -0.002 0. 278.691 0.002 1. 0. 3.892 0. 0. 1. 0.
1. -0.004 0. 280.926 0.004 1. 0. 3.866 0. 0. 1. 0.
1. 0.001 0. 283.224 -0.001 1. 0. 3.874 0. 0. 1. 0.
1. 0.002 0. 285.546 -0.002 1. 0. 3.916 0. 0. 1. 0.
1. 0.001 0. 287.966 -0.001 1. 0. 3.862 0. 0. 1. 0.
1. 0.002 0. 290.414 -0.002 1. 0. 3.848 0. 0. 1. 0.
1. 0.001 0. 292.904 -0.001 1. 0. 3.807 0. 0. 1. 0.
1. 0.002 0. 295.424 -0.002 1. 0. 3.810 0. 0. 1. 0.
1. 0.002 0. 298.002 -0.002 1. 0. 3.757 0. 0. 1. 0.
1. 0.003 0. 300.634 -0.003 1. 0. 3.757 0. 0. 1. 0.
1. 0.003 0. 303.262 -0.003 1. 0. 3.745 0. 0. 1. 0.
1. 0.002 0. 305.959 -0.002 1. 0. 3.674 0. 0. 1. 0.
1. 0.001 0. 308.701 -0.001 1. 0. 3.681 0. 0. 1. 0.
1. 0.003 0. 311.484 -0.003 1. 0. 3.620 0. 0. 1. 0.
1. 0.005 0. 314.262 -0.005 1. 0. 3.555 0. 0. 1. 0.
1. 0.003 0. 317.140 -0.003 1. 0. 3.555 0. 0. 1. 0.
1. 0.002 0. 319.934 -0.002 1. 0. 3.506 0. 0. 1. 0.
1. 0.003 0. 322.849 -0.003 1. 0. 3.486 0. 0. 1. 0.
1. 0.002 0. 325.748 -0.002 1. 0. 3.412 0. 0. 1. 0.
1. 0.003 0. 328.662 -0.003 1. 0. 3.423 0. 0. 1. 0.
1. 0.004 0. 331.597 -0.004 1. 0. 3.396 0. 0. 1. 0.
1. 0.003 0. 334.598 -0.003 1. 0. 3.391 0. 0. 1. 0.
1. 0.004 0. 337.625 -0.004 1. 0. 3.338 0. 0. 1. 0.
1. 0.004 0. 340.647 -0.004 1. 0. 3.299 0. 0. 1. 0.
1. 0.005 0. 343.685 -0.005 1. 0. 3.278 0. 0. 1. 0.
1. 0.005 0. 346.757 -0.005 1. 0. 3.259 0. 0. 1. 0.
1. 0.008 0. 349.883 -0.008 1. 0. 3.245 0. 0. 1. 0.
1. 0.009 0. 352.999 -0.009 1. 0. 3.165 0. 0. 1. 0.
1. 0.009 0. 356.112 -0.009 1. 0. 3.022 0. 0. 1. 0.
1. 0.009 0. 359.317 -0.009 1. 0. 3.078 0. 0. 1. 0.
1. 0.009 0. 362.484 -0.009 1. 0. 2.981 0. 0. 1. 0.
1. 0.007 0. 365.725 -0.007 1. 0. 3.024 0. 0. 1. 0.
1. 0.004 0. 369.120 -0.004 1. 0. 2.871 0. 0. 1. 0.
1. -0.001 0. 372.341 0.001 1. 0. 2.821 0. 0. 1. 0.
1. 0.001 0. 375.644 -0.001 1. 0. 2.766 0. 0. 1. 0.
1. 0.004 0. 378.990 -0.004 1. 0. 2.775 0. 0. 1. 0.
1. 0.004 0. 382.332 -0.004 1. 0. 2.741 0. 0. 1. 0.
1. 0.004 0. 385.694 -0.004 1. 0. 2.715 0. 0. 1. 0.
1. 0.006 0. 389.020 -0.006 1. 0. 2.625 0. 0. 1. 0.
1. 0.008 0. 392.407 -0.008 1. 0. 2.616 0. 0. 1. 0.
1. 0.007 0. 395.809 -0.007 1. 0. 2.594 0. 0. 1. 0.
1. 0.009 0. 399.196 -0.009 1. 0. 2.560 0. 0. 1. 0.
1. 0.008 0. 402.639 -0.008 1. 0. 2.436 0. 0. 1. 0.
1. 0.008 0. 406.072 -0.008 1. 0. 2.460 0. 0. 1. 0.
1. 0.007 0. 409.483 -0.007 1. 0. 2.327 0. 0. 1. 0.
1. 0.009 0. 412.968 -0.009 1. 0. 2.304 0. 0. 1. 0.
1. 0.007 0. 416.428 -0.007 1. 0. 2.289 0. 0. 1. 0.
1. 0.006 0. 419.921 -0.006 1. 0. 2.238 0. 0. 1. 0.
1. 0.008 0. 423.425 -0.008 1. 0. 2.142 0. 0. 1. 0.
1. 0.010 0. 426.949 -0.010 1. 0. 2.108 0. 0. 1. 0.
1. 0.009 0. 430.457 -0.009 1. 0. 2.199 0. 0. 1. 0.
1. 0.008 0. 433.978 -0.008 1. 0. 2.149 0. 0. 1. 0.
1. 0.007 0. 437.548 -0.007 1. 0. 1.993 0. 0. 1. 0.
1. 0.006 0. 441.111 -0.006 1. 0. 1.877 0. 0. 1. 0.
1. 0.005 0. 444.671 -0.005 1. 0. 1.836 0. 0. 1. 0.
1. 0.005 0. 448.259 -0.005 1. 0. 1.873 0. 0. 1. 0.
1. 0.006 0. 451.879 -0.006 1. 0. 1.750 0. 0. 1. 0.
1. 0.008 0. 455.487 -0.008 1. 0. 1.693 0. 0. 1. 0.
1. 0.008 0. 459.116 -0.008 1. 0. 1.619 0. 0. 1. 0.
1. 0.010 0. 462.760 -0.010 1. 0. 1.506 0. 0. 1. 0.
1. 0.012 0. 466.412 -0.012 1. 0. 1.477 0. 0. 1. 0.
1. 0.013 0. 470.061 -0.013 1. 0. 1.359 0. 0. 1. 0.
1. 0.014 0. 473.758 -0.014 1. 0. 1.267 0. 0. 1. 0.
1.000 0.014 0. 477.466 -0.014 1.000 0. 1.225 0. 0. 1. 0.
1.000 0.014 0. 481.145 -0.014 1.000 0. 1.130 0. 0. 1. 0.
1.000 0.016 0. 484.854 -0.016 1.000 0. 0.990 0. 0. 1. 0.
1.000 0.016 0. 488.576 -0.016 1.000 0. 1.074 0. 0. 1. 0.
1.000 0.015 0. 492.321 -0.015 1.000 0. 0.886 0. 0. 1. 0.
1. 0.010 0. 496.067 -0.010 1. 0. 0.805 0. 0. 1. 0.
1. 0.007 0. 499.818 -0.007 1. 0. 0.793 0. 0. 1. 0.
1. 0.006 0. 503.605 -0.006 1. 0. 0.676 0. 0. 1. 0.
1. 0.005 0. 507.380 -0.005 1. 0. 0.640 0. 0. 1. 0.
1. 0.001 0. 511.120 -0.001 1. 0. 0.621 0. 0. 1. 0.
1. 0.001 0. 514.843 -0.001 1. 0. 0.532 0. 0. 1. 0.
1. 0.001 0. 518.502 -0.001 1. 0. 0.500 0. 0. 1. 0.
1. 0.006 0. 522.220 -0.006 1. 0. 0.502 0. 0. 1. 0.
1. 0.010 0. 525.887 -0.010 1. 0. 0.381 0. 0. 1. 0.
1. 0.013 0. 529.543 -0.013 1. 0. 0.359 0. 0. 1. 0.
1.000 0.016 0. 533.162 -0.016 1.000 0. 0.286 0. 0. 1. 0.
1.000 0.015 0. 536.827 -0.015 1.000 0. 0.239 0. 0. 1. 0.
1. 0.012 0. 540.465 -0.012 1. 0. 0.088 0. 0. 1. 0.
1. 0.007 0. 544.113 -0.007 1. 0. 0.036 0. 0. 1. 0.
1. 0.005 0. 547.783 -0.005 1. 0. 0.079 0. 0. 1. 0.
1. -0.001 0. 551.442 0.001 1. 0. -0.036 0. 0. 1. 0.
1. -0.001 0. 555.123 0.001 1. 0. -0.097 0. 0. 1. 0.
1. -0.000 0. 558.790 0.000 1. 0. -0.131 0. 0. 1. 0.
1. 0.004 0. 562.453 -0.004 1. 0. -0.229 0. 0. 1. 0.
1. 0.004 0. 566.167 -0.004 1. 0. -0.201 0. 0. 1. 0.
1. 0.005 0. 569.838 -0.005 1. 0. -0.187 0. 0. 1. 0.
1. 0.007 0. 573.512 -0.007 1. 0. -0.228 0. 0. 1. 0.
1. 0.007 0. 577.169 -0.007 1. 0. -0.339 0. 0. 1. 0.
1. 0.005 0. 580.860 -0.005 1. 0. -0.307 0. 0. 1. 0.
1. 0.004 0. 584.529 -0.004 1. 0. -0.341 0. 0. 1. 0.
1. 0.003 0. 588.189 -0.003 1. 0. -0.457 0. 0. 1. 0.
1. 0.004 0. 591.893 -0.004 1. 0. -0.467 0. 0. 1. 0.
1. 0.006 0. 595.595 -0.006 1. 0. -0.441 0. 0. 1. 0.
1. 0.006 0. 599.271 -0.006 1. 0. -0.591 0. 0. 1. 0.
1. 0.007 0. 602.980 -0.007 1. 0. -0.588 0. 0. 1. 0.
1. 0.006 0. 606.730 -0.006 1. 0. -0.694 0. 0. 1. 0.
1. 0.005 0. 610.353 -0.005 1. 0. -0.716 0. 0. 1. 0.
1. 0.003 0. 614.033 -0.003 1. 0. -0.780 0. 0. 1. 0.
1. 0.002 0. 617.732 -0.002 1. 0. -0.734 0. 0. 1. 0.
1. 0.004 0. 621.416 -0.004 1. 0. -0.773 0. 0. 1. 0.
1. 0.007 0. 625.089 -0.007 1. 0. -0.858 0. 0. 1. 0.
1. 0.010 0. 628.777 -0.010 1. 0. -0.904 0. 0. 1. 0.
1. 0.014 0. 632.462 -0.014 1. 0. -0.903 0. 0. 1. 0.
1.000 0.016 0. 636.084 -0.016 1.000 0. -1.189 0. 0. 1. 0.
1.000 0.020 0. 639.678 -0.020 1.000 0. -1.266 0. 0. 1. 0.
1.000 0.024 0. 643.290 -0.024 1.000 0. -1.373 0. 0. 1. 0.
1.000 0.028 0. 646.912 -0.028 1.000 0. -1.532 0. 0. 1. 0.
1.000 0.031 0. 650.519 -0.031 1.000 0. -1.657 0. 0. 1. 0.
0.999 0.034 0. 654.091 -0.034 0.999 0. -1.782 0. 0. 1. 0.
0.999 0.040 0. 657.687 -0.040 0.999 0. -1.952 0. 0. 1. 0.
0.999 0.044 0. 661.287 -0.044 0.999 0. -2.060 0. 0. 1. 0.
0.999 0.051 0. 664.875 -0.051 0.999 0. -2.297 0. 0. 1. 0.
0.998 0.056 0. 668.426 -0.056 0.998 0. -2.468 0. 0. 1. 0.
0.998 0.065 0. 672.031 -0.065 0.998 0. -2.726 0. 0. 1. 0.
0.997 0.076 0. 675.593 -0.076 0.997 0. -2.958 0. 0. 1. 0.
0.997 0.083 0. 679.142 -0.083 0.997 0. -3.275 0. 0. 1. 0.
0.996 0.092 0. 682.704 -0.092 0.996 0. -3.667 0. 0. 1. 0.
0.995 0.101 0. 686.247 -0.101 0.995 0. -4.091 0. 0. 1. 0.
0.995 0.104 0. 689.807 -0.104 0.995 0. -4.527 0. 0. 1. 0.
0.994 0.109 0. 693.340 -0.109 0.994 0. -4.940 0. 0. 1. 0.
0.994 0.108 0. 696.850 -0.108 0.994 0. -5.420 0. 0. 1. 0.
0.994 0.107 0. 700.397 -0.107 0.994 0. -5.827 0. 0. 1. 0.
0.994 0.108 0. 703.928 -0.108 0.994 0. -6.221 0. 0. 1. 0.
0.994 0.110 0. 707.448 -0.110 0.994 0. -6.684 0. 0. 1. 0.
0.993 0.114 0. 710.968 -0.114 0.993 0. -7.028 0. 0. 1. 0.
0.993 0.118 0. 714.468 -0.118 0.993 0. -7.532 0. 0. 1. 0.
0.993 0.121 0. 717.988 -0.121 0.993 0. -7.963 0. 0. 1. 0.
0.993 0.120 0. 721.436 -0.120 0.993 0. -8.406 0. 0. 1. 0.
0.993 0.122 0. 724.955 -0.122 0.993 0. -8.940 0. 0. 1. 0.
0.993 0.122 0. 728.444 -0.122 0.993 0. -9.332 0. 0. 1. 0.
0.993 0.120 0. 731.914 -0.120 0.993 0. -9.839 0. 0. 1. 0.
0.993 0.121 0. 735.449 -0.121 0.993 0. -10.225 0. 0. 1. 0.
0.993 0.119 0. 738.889 -0.119 0.993 0. -10.790 0. 0. 1. 0.
0.993 0.119 0. 742.390 -0.119 0.993 0. -11.198 0. 0. 1. 0.
0.993 0.117 0. 745.842 -0.117 0.993 0. -11.614 0. 0. 1. 0.
0.993 0.117 0. 749.315 -0.117 0.993 0. -12.110 0. 0. 1. 0.
0.993 0.119 0. 752.757 -0.119 0.993 0. -12.551 0. 0. 1. 0.
0.993 0.120 0. 756.230 -0.120 0.993 0. -12.915 0. 0. 1. 0.
0.993 0.120 0. 759.681 -0.120 0.993 0. -13.356 0. 0. 1. 0.
0.993 0.119 0. 763.137 -0.119 0.993 0. -13.821 0. 0. 1. 0.
0.993 0.119 0. 766.602 -0.119 0.993 0. -14.290 0. 0. 1. 0.
0.992 0.122 0. 770.061 -0.122 0.992 0. -14.691 0. 0. 1. 0.
0.993 0.120 0. 773.512 -0.120 0.993 0. -15.128 0. 0. 1. 0.
0.993 0.120 0. 776.982 -0.120 0.993 0. -15.475 0. 0. 1. 0.
0.993 0.118 0. 780.433 -0.118 0.993 0. -15.989 0. 0. 1. 0.
0.993 0.119 0. 783.881 -0.119 0.993 0. -16.438 0. 0. 1. 0.
0.993 0.118 0. 787.305 -0.118 0.993 0. -16.905 0. 0. 1. 0.
0.993 0.118 0. 790.783 -0.118 0.993 0. -17.321 0. 0. 1. 0.
0.993 0.117 0. 794.243 -0.117 0.993 0. -17.703 0. 0. 1. 0.
0.993 0.117 0. 797.689 -0.117 0.993 0. -18.119 0. 0. 1. 0.
0.993 0.118 0. 801.144 -0.118 0.993 0. -18.578 0. 0. 1. 0.
0.993 0.116 0. 804.596 -0.116 0.993 0. -19.062 0. 0. 1. 0.
0.993 0.117 0. 808.060 -0.117 0.993 0. -19.404 0. 0. 1. 0.
0.993 0.117 0. 811.516 -0.117 0.993 0. -19.851 0. 0. 1. 0.
0.993 0.117 0. 814.947 -0.117 0.993 0. -20.326 0. 0. 1. 0.
0.993 0.117 0. 818.419 -0.117 0.993 0. -20.761 0. 0. 1. 0.
0.993 0.119 0. 821.877 -0.119 0.993 0. -21.163 0. 0. 1. 0.
0.993 0.118 0. 825.313 -0.118 0.993 0. -21.600 0. 0. 1. 0.
0.993 0.121 0. 828.757 -0.121 0.993 0. -22.070 0. 0. 1. 0.
0.993 0.121 0. 832.206 -0.121 0.993 0. -22.541 0. 0. 1. 0.
0.992 0.125 0. 835.678 -0.125 0.992 0. -22.942 0. 0. 1. 0.
0.992 0.127 0. 839.144 -0.127 0.992 0. -23.357 0. 0. 1. 0.
0.992 0.125 0. 842.570 -0.125 0.992 0. -23.860 0. 0. 1. 0.
0.992 0.125 0. 846.026 -0.125 0.992 0. -24.321 0. 0. 1. 0.
0.992 0.126 0. 849.484 -0.126 0.992 0. -24.756 0. 0. 1. 0.
0.992 0.123 0. 852.925 -0.123 0.992 0. -25.197 0. 0. 1. 0.
0.992 0.125 0. 856.398 -0.125 0.992 0. -25.611 0. 0. 1. 0.
0.992 0.123 0. 859.869 -0.123 0.992 0. -26.070 0. 0. 1. 0.
0.993 0.121 0. 863.272 -0.121 0.993 0. -26.578 0. 0. 1. 0.
0.993 0.119 0. 866.703 -0.119 0.993 0. -27.001 0. 0. 1. 0.
0.993 0.117 0. 870.191 -0.117 0.993 0. -27.357 0. 0. 1. 0.
0.993 0.116 0. 873.598 -0.116 0.993 0. -27.964 0. 0. 1. 0.
0.993 0.116 0. 877.065 -0.116 0.993 0. -28.306 0. 0. 1. 0.
0.994 0.113 0. 880.520 -0.113 0.994 0. -28.753 0. 0. 1. 0.
0.994 0.111 0. 883.970 -0.111 0.994 0. -29.130 0. 0. 1. 0.
0.994 0.110 0. 887.448 -0.110 0.994 0. -29.482 0. 0. 1. 0.
0.994 0.111 0. 890.910 -0.111 0.994 0. -29.947 0. 0. 1. 0.
0.994 0.112 0. 894.344 -0.112 0.994 0. -30.362 0. 0. 1. 0.
0.994 0.112 0. 897.830 -0.112 0.994 0. -30.748 0. 0. 1. 0.
0.994 0.112 0. 901.270 -0.112 0.994 0. -31.193 0. 0. 1. 0.
0.994 0.111 0. 904.708 -0.111 0.994 0. -31.647 0. 0. 1. 0.
0.994 0.110 0. 908.183 -0.110 0.994 0. -32.061 0. 0. 1. 0.
0.994 0.110 0. 911.613 -0.110 0.994 0. -32.540 0. 0. 1. 0.
0.994 0.112 0. 915.030 -0.112 0.994 0. -33.131 0. 0. 1. 0.
0.994 0.110 0. 918.470 -0.110 0.994 0. -33.468 0. 0. 1. 0.
0.993 0.114 0. 921.913 -0.114 0.993 0. -33.892 0. 0. 1. 0.
0.993 0.115 0. 925.354 -0.115 0.993 0. -34.268 0. 0. 1. 0.
0.993 0.118 0. 928.795 -0.118 0.993 0. -34.677 0. 0. 1. 0.
0.993 0.119 0. 932.167 -0.119 0.993 0. -35.106 0. 0. 1. 0.
0.993 0.119 0. 935.689 -0.119 0.993 0. -35.518 0. 0. 1. 0.
0.993 0.119 0. 939.129 -0.119 0.993 0. -35.842 0. 0. 1. 0.
0.993 0.120 0. 942.556 -0.120 0.993 0. -36.355 0. 0. 1. 0.
0.993 0.121 0. 945.971 -0.121 0.993 0. -36.773 0. 0. 1. 0.
0.992 0.123 0. 949.435 -0.123 0.992 0. -37.220 0. 0. 1. 0.
0.993 0.120 0. 952.850 -0.120 0.993 0. -37.579 0. 0. 1. 0.
0.992 0.123 0. 956.274 -0.123 0.992 0. -38.033 0. 0. 1. 0.
0.993 0.119 0. 959.686 -0.119 0.993 0. -38.397 0. 0. 1. 0.
0.993 0.120 0. 963.108 -0.120 0.993 0. -38.949 0. 0. 1. 0.
0.993 0.118 0. 966.528 -0.118 0.993 0. -39.301 0. 0. 1. 0.
0.993 0.119 0. 969.944 -0.119 0.993 0. -39.652 0. 0. 1. 0.
0.993 0.119 0. 973.342 -0.119 0.993 0. -40.109 0. 0. 1. 0.
0.993 0.121 0. 976.776 -0.121 0.993 0. -40.519 0. 0. 1. 0.
0.993 0.120 0. 980.198 -0.120 0.993 0. -40.970 0. 0. 1. 0.
0.993 0.121 0. 983.607 -0.121 0.993 0. -41.402 0. 0. 1. 0.
0.993 0.119 0. 987.028 -0.119 0.993 0. -41.814 0. 0. 1. 0.
0.993 0.117 0. 990.454 -0.117 0.993 0. -42.330 0. 0. 1. 0.
0.993 0.116 0. 993.853 -0.116 0.993 0. -42.754 0. 0. 1. 0.
0.993 0.119 0. 997.288 -0.119 0.993 0. -43.115 0. 0. 1. 0.
0.993 0.117 0. 1000.633 -0.117 0.993 0. -43.554 0. 0. 1. 0.
0.993 0.118 0. 1004.100 -0.118 0.993 0. -44.043 0. 0. 1. 0.
0.993 0.119 0. 1007.481 -0.119 0.993 0. -44.444 0. 0. 1. 0.
0.993 0.121 0. 1010.899 -0.121 0.993 0. -44.833 0. 0. 1. 0.
0.993 0.121 0. 1014.315 -0.121 0.993 0. -45.272 0. 0. 1. 0.
0.993 0.120 0. 1017.697 -0.120 0.993 0. -45.704 0. 0. 1. 0.
0.993 0.121 0. 1021.131 -0.121 0.993 0. -46.117 0. 0. 1. 0.
0.993 0.118 0. 1024.509 -0.118 0.993 0. -46.585 0. 0. 1. 0.
0.993 0.119 0. 1027.922 -0.119 0.993 0. -46.994 0. 0. 1. 0.
0.993 0.120 0. 1031.276 -0.120 0.993 0. -47.511 0. 0. 1. 0.
0.993 0.121 0. 1034.622 -0.121 0.993 0. -47.865 0. 0. 1. 0.
0.992 0.122 0. 1037.961 -0.122 0.992 0. -48.366 0. 0. 1. 0.
0.992 0.126 0. 1041.276 -0.126 0.992 0. -48.766 0. 0. 1. 0.
0.992 0.129 0. 1044.594 -0.129 0.992 0. -49.203 0. 0. 1. 0.
0.991 0.133 0. 1047.943 -0.133 0.991 0. -49.704 0. 0. 1. 0.
0.991 0.135 0. 1051.265 -0.135 0.991 0. -50.105 0. 0. 1. 0.
0.990 0.140 0. 1054.556 -0.140 0.990 0. -50.623 0. 0. 1. 0.
0.990 0.143 0. 1057.859 -0.143 0.990 0. -51.035 0. 0. 1. 0.
0.990 0.144 0. 1061.159 -0.144 0.990 0. -51.612 0. 0. 1. 0.
0.989 0.147 0. 1064.488 -0.147 0.989 0. -52.013 0. 0. 1. 0.
0.989 0.149 0. 1067.777 -0.149 0.989 0. -52.542 0. 0. 1. 0.
0.989 0.151 0. 1071.084 -0.151 0.989 0. -52.995 0. 0. 1. 0.
0.988 0.152 0. 1074.361 -0.152 0.988 0. -53.564 0. 0. 1. 0.
0.988 0.152 0. 1077.655 -0.152 0.988 0. -53.991 0. 0. 1. 0.
0.988 0.153 0. 1080.937 -0.153 0.988 0. -54.500 0. 0. 1. 0.
0.988 0.154 0. 1084.218 -0.154 0.988 0. -55.054 0. 0. 1. 0.
0.988 0.155 0. 1087.502 -0.155 0.988 0. -55.507 0. 0. 1. 0.
0.988 0.156 0. 1090.755 -0.156 0.988 0. -55.982 0. 0. 1. 0.
0.988 0.153 0. 1093.988 -0.153 0.988 0. -56.621 0. 0. 1. 0.
0.988 0.153 0. 1097.261 -0.153 0.988 0. -57.114 0. 0. 1. 0.
0.988 0.156 0. 1100.519 -0.156 0.988 0. -57.699 0. 0. 1. 0.
0.987 0.161 0. 1103.794 -0.161 0.987 0. -58.236 0. 0. 1. 0.
0.986 0.166 0. 1107.048 -0.166 0.986 0. -58.771 0. 0. 1. 0.
0.986 0.168 0. 1110.247 -0.168 0.986 0. -59.330 0. 0. 1. 0.
0.985 0.175 0. 1113.417 -0.175 0.985 0. -59.906 0. 0. 1. 0.
0.984 0.181 0. 1116.579 -0.181 0.984 0. -60.502 0. 0. 1. 0.
0.983 0.185 0. 1119.718 -0.185 0.983 0. -61.103 0. 0. 1. 0.
0.983 0.186 0. 1122.825 -0.186 0.983 0. -61.704 0. 0. 1. 0.
0.982 0.187 0. 1125.976 -0.187 0.982 0. -62.272 0. 0. 1. 0.
0.983 0.185 0. 1129.054 -0.185 0.983 0. -62.901 0. 0. 1. 0.
0.983 0.183 0. 1132.124 -0.183 0.983 0. -63.443 0. 0. 1. 0.
0.984 0.180 0. 1135.165 -0.180 0.984 0. -63.942 0. 0. 1. 0.
0.984 0.179 0. 1138.224 -0.179 0.984 0. -64.522 0. 0. 1. 0.
0.984 0.178 0. 1141.211 -0.178 0.984 0. -65.136 0. 0. 1. 0.
0.985 0.175 0. 1144.204 -0.175 0.985 0. -65.703 0. 0. 1. 0.
0.985 0.174 0. 1147.197 -0.174 0.985 0. -66.205 0. 0. 1. 0.
0.985 0.171 0. 1150.139 -0.171 0.985 0. -66.709 0. 0. 1. 0.
0.986 0.169 0. 1153.129 -0.169 0.986 0. -67.223 0. 0. 1. 0.
0.986 0.165 0. 1155.969 -0.165 0.986 0. -67.688 0. 0. 1. 0.
0.987 0.164 0. 1158.899 -0.164 0.987 0. -68.232 0. 0. 1. 0.
0.987 0.160 0. 1161.752 -0.160 0.987 0. -68.691 0. 0. 1. 0.
0.987 0.161 0. 1164.625 -0.161 0.987 0. -69.196 0. 0. 1. 0.
0.987 0.163 0. 1167.437 -0.163 0.987 0. -69.666 0. 0. 1. 0.
0.987 0.163 0. 1170.264 -0.163 0.987 0. -70.181 0. 0. 1. 0.
0.986 0.165 0. 1173.041 -0.165 0.986 0. -70.656 0. 0. 1. 0.
0.986 0.168 0. 1175.805 -0.168 0.986 0. -71.122 0. 0. 1. 0.
0.986 0.169 0. 1178.503 -0.169 0.986 0. -71.639 0. 0. 1. 0.
0.985 0.170 0. 1181.251 -0.170 0.985 0. -72.056 0. 0. 1. 0.
0.985 0.172 0. 1183.955 -0.172 0.985 0. -72.644 0. 0. 1. 0.
0.985 0.174 0. 1186.636 -0.174 0.985 0. -73.135 0. 0. 1. 0.
0.984 0.176 0. 1189.257 -0.176 0.984 0. -73.596 0. 0. 1. 0.
0.984 0.176 0. 1191.840 -0.176 0.984 0. -74.082 0. 0. 1. 0.
0.984 0.178 0. 1194.327 -0.178 0.984 0. -74.563 0. 0. 1. 0.
0.984 0.179 0. 1196.799 -0.179 0.984 0. -75.032 0. 0. 1. 0.
0.983 0.181 0. 1199.162 -0.181 0.983 0. -75.505 0. 0. 1. 0.
0.983 0.185 0. 1201.491 -0.185 0.983 0. -75.960 0. 0. 1. 0.
0.983 0.184 0. 1203.758 -0.184 0.983 0. -76.334 0. 0. 1. 0.
0.983 0.185 0. 1206.019 -0.185 0.983 0. -76.824 0. 0. 1. 0.
0.982 0.188 0. 1208.224 -0.188 0.982 0. -77.253 0. 0. 1. 0.
0.982 0.190 0. 1210.365 -0.190 0.982 0. -77.672 0. 0. 1. 0.
0.981 0.194 0. 1212.491 -0.194 0.981 0. -78.070 0. 0. 1. 0.
0.979 0.203 0. 1214.555 -0.203 0.979 0. -78.569 0. 0. 1. 0.
0.976 0.216 0. 1216.554 -0.216 0.976 0. -78.990 0. 0. 1. 0.
0.972 0.233 0. 1218.442 -0.233 0.972 0. -79.468 0. 0. 1. 0.
0.965 0.261 0. 1220.270 -0.261 0.965 0. -79.997 0. 0. 1. 0.
0.956 0.295 0. 1221.944 -0.295 0.956 0. -80.511 0. 0. 1. 0.
0.943 0.332 0. 1223.486 -0.332 0.943 0. -81.115 0. 0. 1. 0.
0.928 0.374 0. 1224.991 -0.374 0.928 0. -81.714 0. 0. 1. 0.
0.909 0.417 0. 1226.434 -0.417 0.909 0. -82.456 0. 0. 1. 0.
0.886 0.463 0. 1227.835 -0.463 0.886 0. -83.245 0. 0. 1. 0.
0.860 0.509 0. 1229.080 -0.509 0.860 0. -84.017 0. 0. 1. 0.
0.832 0.555 0. 1230.257 -0.555 0.832 0. -84.870 0. 0. 1. 0.
0.799 0.602 0. 1231.329 -0.602 0.799 0. -85.730 0. 0. 1. 0.
0.761 0.648 0. 1232.294 -0.648 0.761 0. -86.626 0. 0. 1. 0.
0.716 0.698 0. 1233.107 -0.698 0.716 0. -87.538 0. 0. 1. 0.
0.667 0.745 0. 1233.814 -0.745 0.667 0. -88.395 0. 0. 1. 0.
0.614 0.789 0. 1234.399 -0.789 0.614 0. -89.267 0. 0. 1. 0.
0.556 0.831 0. 1234.915 -0.831 0.556 0. -90.084 0. 0. 1. 0.
0.496 0.868 0. 1235.275 -0.868 0.496 0. -90.878 0. 0. 1. 0.
0.440 0.898 0. 1235.508 -0.898 0.440 0. -91.627 0. 0. 1. 0.
0.384 0.923 0. 1235.723 -0.923 0.384 0. -92.308 0. 0. 1. 0.
0.328 0.945 0. 1235.833 -0.945 0.328 0. -92.955 0. 0. 1. 0.
0.273 0.962 0. 1235.959 -0.962 0.273 0. -93.630 0. 0. 1. 0.
0.221 0.975 0. 1236.057 -0.975 0.221 0. -94.286 0. 0. 1. 0.
0.168 0.986 0. 1236.104 -0.986 0.168 0. -94.962 0. 0. 1. 0.
0.116 0.993 0. 1236.124 -0.993 0.116 0. -95.639 0. 0. 1. 0.
0.064 0.998 0. 1236.087 -0.998 0.064 0. -96.320 0. 0. 1. 0.
0.009 1. 0. 1236.017 -1. 0.009 0. -97.013 0. 0. 1. 0.
-0.052 0.999 0. 1235.943 -0.999 -0.052 0. -97.753 0. 0. 1. 0.
-0.110 0.994 0. 1235.792 -0.994 -0.110 0. -98.501 0. 0. 1. 0.
-0.171 0.985 0. 1235.592 -0.985 -0.171 0. -99.260 0. 0. 1. 0.
-0.238 0.971 0. 1235.335 -0.971 -0.238 0. -100.089 0. 0. 1. 0.
-0.305 0.952 0. 1234.991 -0.952 -0.305 0. -100.890 0. 0. 1. 0.
-0.370 0.929 0. 1234.547 -0.929 -0.370 0. -101.719 0. 0. 1. 0.
-0.431 0.902 0. 1234.092 -0.902 -0.431 0. -102.537 0. 0. 1. 0.
-0.490 0.872 0. 1233.593 -0.872 -0.490 0. -103.368 0. 0. 1. 0.
-0.541 0.841 0. 1232.953 -0.841 -0.541 0. -104.204 0. 0. 1. 0.
-0.583 0.812 0. 1232.294 -0.812 -0.583 0. -105.036 0. 0. 1. 0.
-0.611 0.792 0. 1231.570 -0.792 -0.611 0. -105.873 0. 0. 1. 0.
-0.630 0.777 0. 1230.800 -0.777 -0.630 0. -106.763 0. 0. 1. 0.
-0.643 0.766 0. 1230.029 -0.766 -0.643 0. -107.687 0. 0. 1. 0.
-0.651 0.759 0. 1229.160 -0.759 -0.651 0. -108.651 0. 0. 1. 0.
-0.661 0.750 0. 1228.318 -0.750 -0.661 0. -109.641 0. 0. 1. 0.
-0.669 0.743 0. 1227.345 -0.743 -0.669 0. -110.646 0. 0. 1. 0.
-0.678 0.735 0. 1226.363 -0.735 -0.678 0. -111.630 0. 0. 1. 0.
-0.675 0.737 0. 1225.392 -0.737 -0.675 0. -112.768 0. 0. 1. 0.
-0.671 0.742 0. 1224.384 -0.742 -0.671 0. -113.919 0. 0. 1. 0.
-0.668 0.744 0. 1223.283 -0.744 -0.668 0. -115.073 0. 0. 1. 0.
