0.988 -0.153 0. 6.659 0.153 0.988 0. 0.720 0. 0. 1. 0.
0.984 -0.180 0. 7.497 0.180 0.984 0. 0.918 0. 0. 1. 0.
0.978 -0.210 0. 8.371 0.210 0.978 0. 1.125 0. 0. 1. 0.
0.971 -0.240 0. 9.304 0.240 0.971 0. 1.400 0. 0. 1. 0.
0.964 -0.267 0. 10.243 0.267 0.964 0. 1.716 0. 0. 1. 0.
0.957 -0.291 0. 11.205 0.291 0.957 0. 2.029 0. 0. 1. 0.
0.951 -0.310 0. 12.211 0.310 0.951 0. 2.397 0. 0. 1. 0.
0.946 -0.323 0. 13.245 0.323 0.946 0. 2.778 0. 0. 1. 0.
0.944 -0.329 0. 14.311 0.329 0.944 0. 3.181 0. 0. 1. 0.
0.943 -0.332 0. 15.426 0.332 0.943 0. 3.580 0. 0. 1. 0.
0.944 -0.331 0. 16.586 0.331 0.944 0. 3.988 0. 0. 1. 0.
0.943 -0.332 0. 17.766 0.332 0.943 0. 4.408 0. 0. 1. 0.
0.944 -0.330 0. 19.003 0.330 0.944 0. 4.814 0. 0. 1. 0.
0.945 -0.328 0. 20.252 0.328 0.945 0. 5.246 0. 0. 1. 0.
0.945 -0.327 0. 21.515 0.327 0.945 0. 5.728 0. 0. 1. 0.
0.944 -0.331 0. 22.820 0.331 0.944 0. 6.212 0. 0. 1. 0.
0.942 -0.337 0. 24.143 0.337 0.942 0. 6.725 0. 0. 1. 0.
0.939 -0.343 0. 25.508 0.343 0.939 0. 7.283 0. 0. 1. 0.
0.937 -0.348 0. 26.903 0.348 0.937 0. 7.801 0. 0. 1. 0.
0.934 -0.358 0. 28.285 0.358 0.934 0. 8.389 0. 0. 1. 0.
0.928 -0.372 0. 29.777 0.372 0.928 0. 8.939 0. 0. 1. 0.
0.923 -0.384 0. 31.235 0.384 0.923 0. 9.616 0. 0. 1. 0.
0.916 -0.400 0. 32.719 0.400 0.916 0. 10.338 0. 0. 1. 0.
0.907 -0.420 0. 34.219 0.420 0.907 0. 11.095 0. 0. 1. 0.
0.896 -0.444 0. 35.736 0.444 0.896 0. 11.889 0. 0. 1. 0.
0.882 -0.472 0. 37.297 0.472 0.882 0. 12.781 0. 0. 1. 0.
0.868 -0.497 0. 38.880 0.497 0.868 0. 13.699 0. 0. 1. 0.
0.852 -0.524 0. 40.412 0.524 0.852 0. 14.695 0. 0. 1. 0.
0.835 -0.550 0. 41.955 0.550 0.835 0. 15.776 0. 0. 1. 0.
0.819 -0.574 0. 43.504 0.574 0.819 0. 16.920 0. 0. 1. 0.
0.802 -0.597 0. 45.047 0.597 0.802 0. 18.109 0. 0. 1. 0.
0.792 -0.611 0. 46.619 0.611 0.792 0. 19.369 0. 0. 1. 0.
0.783 -0.623 0. 48.089 0.623 0.783 0. 20.600 0. 0. 1. 0.
0.773 -0.634 0. 49.629 0.634 0.773 0. 21.909 0. 0. 1. 0.
0.766 -0.643 0. 51.139 0.643 0.766 0. 23.246 0. 0. 1. 0.
0.761 -0.649 0. 52.732 0.649 0.761 0. 24.560 0. 0. 1. 0.
0.756 -0.654 0. 54.299 0.654 0.756 0. 25.943 0. 0. 1. 0.
0.756 -0.654 0. 55.881 0.654 0.756 0. 27.343 0. 0. 1. 0.
0.757 -0.653 0. 57.389 0.653 0.757 0. 28.678 0. 0. 1. 0.
0.761 -0.649 0. 58.971 0.649 0.761 0. 30.046 0. 0. 1. 0.
0.761 -0.648 0. 60.523 0.648 0.761 0. 31.391 0. 0. 1. 0.
0.764 -0.645 0. 62.043 0.645 0.764 0. 32.703 0. 0. 1. 0.
0.770 -0.638 0. 63.548 0.638 0.770 0. 33.978 0. 0. 1. 0.
0.776 -0.631 0. 65.138 0.631 0.776 0. 35.236 0. 0. 1. 0.
0.783 -0.622 0. 66.687 0.622 0.783 0. 36.494 0. 0. 1. 0.
0.792 -0.610 0. 68.276 0.610 0.792 0. 37.756 0. 0. 1. 0.
0.801 -0.598 0. 69.894 0.598 0.801 0. 38.978 0. 0. 1. 0.
0.809 -0.587 0. 71.497 0.587 0.809 0. 40.160 0. 0. 1. 0.
0.819 -0.574 0. 73.188 0.574 0.819 0. 41.347 0. 0. 1. 0.
0.830 -0.558 0. 74.893 0.558 0.830 0. 42.470 0. 0. 1. 0.
0.841 -0.541 0. 76.576 0.541 0.841 0. 43.568 0. 0. 1. 0.
0.852 -0.523 0. 78.289 0.523 0.852 0. 44.679 0. 0. 1. 0.
0.864 -0.504 0. 80.001 0.504 0.864 0. 45.677 0. 0. 1. 0.
0.876 -0.483 0. 81.826 0.483 0.876 0. 46.701 0. 0. 1. 0.
0.887 -0.462 0. 83.642 0.462 0.887 0. 47.624 0. 0. 1. 0.
0.897 -0.441 0. 85.527 0.441 0.897 0. 48.567 0. 0. 1. 0.
0.907 -0.420 0. 87.368 0.420 0.907 0. 49.412 0. 0. 1. 0.
0.918 -0.397 0. 89.251 0.397 0.918 0. 50.236 0. 0. 1. 0.
0.927 -0.374 0. 91.133 0.374 0.927 0. 51.019 0. 0. 1. 0.
0.936 -0.352 0. 93.097 0.352 0.936 0. 51.767 0. 0. 1. 0.
0.944 -0.329 0. 95.066 0.329 0.944 0. 52.453 0. 0. 1. 0.
0.951 -0.310 0. 97.067 0.310 0.951 0. 53.109 0. 0. 1. 0.
0.957 -0.290 0. 99.087 0.290 0.957 0. 53.721 0. 0. 1. 0.
0.962 -0.273 0. 101.136 0.273 0.962 0. 54.293 0. 0. 1. 0.
0.967 -0.257 0. 103.207 0.257 0.967 0. 54.867 0. 0. 1. 0.
0.971 -0.241 0. 105.269 0.241 0.971 0. 55.332 0. 0. 1. 0.
0.975 -0.224 0. 107.359 0.224 0.975 0. 55.882 0. 0. 1. 0.
0.979 -0.204 0. 109.475 0.204 0.979 0. 56.314 0. 0. 1. 0.
0.982 -0.187 0. 111.539 0.187 0.982 0. 56.719 0. 0. 1. 0.
0.986 -0.167 0. 113.678 0.167 0.986 0. 57.108 0. 0. 1. 0.
0.989 -0.147 0. 115.792 0.147 0.989 0. 57.405 0. 0. 1. 0.
0.992 -0.127 0. 117.941 0.127 0.992 0. 57.700 0. 0. 1. 0.
0.994 -0.107 0. 120.141 0.107 0.994 0. 57.946 0. 0. 1. 0.
0.996 -0.088 0. 122.343 0.088 0.996 0. 58.135 0. 0. 1. 0.
0.998 -0.069 0. 124.525 0.069 0.998 0. 58.305 0. 0. 1. 0.
0.999 -0.049 0. 126.740 0.049 0.999 0. 58.429 0. 0. 1. 0.
1.000 -0.028 0. 128.953 0.028 1.000 0. 58.510 0. 0. 1. 0.
1. -0.009 0. 131.165 0.009 1. 0. 58.532 0. 0. 1. 0.
1. 0.007 0. 133.421 -0.007 1. 0. 58.524 0. 0. 1. 0.
1.000 0.026 0. 135.687 -0.026 1.000 0. 58.475 0. 0. 1. 0.
0.999 0.043 0. 137.976 -0.043 0.999 0. 58.382 0. 0. 1. 0.
0.998 0.060 0. 140.301 -0.060 0.998 0. 58.278 0. 0. 1. 0.
0.997 0.077 0. 142.586 -0.077 0.997 0. 58.114 0. 0. 1. 0.
0.995 0.096 0. 144.906 -0.096 0.995 0. 57.903 0. 0. 1. 0.
0.993 0.115 0. 147.244 -0.115 0.993 0. 57.660 0. 0. 1. 0.
0.991 0.133 0. 149.558 -0.133 0.991 0. 57.368 0. 0. 1. 0.
0.988 0.155 0. 151.960 -0.155 0.988 0. 56.990 0. 0. 1. 0.
0.985 0.174 0. 154.318 -0.174 0.985 0. 56.572 0. 0. 1. 0.
0.981 0.193 0. 156.680 -0.193 0.981 0. 56.125 0. 0. 1. 0.
0.978 0.209 0. 159.103 -0.209 0.978 0. 55.643 0. 0. 1. 0.
0.974 0.227 0. 161.453 -0.227 0.974 0. 55.068 0. 0. 1. 0.
0.970 0.245 0. 163.822 -0.245 0.970 0. 54.514 0. 0. 1. 0.
0.966 0.260 0. 166.235 -0.260 0.966 0. 53.883 0. 0. 1. 0.
0.961 0.277 0. 168.637 -0.277 0.961 0. 53.184 0. 0. 1. 0.
0.956 0.292 0. 171.013 -0.292 0.956 0. 52.521 0. 0. 1. 0.
0.952 0.307 0. 173.368 -0.307 0.952 0. 51.723 0. 0. 1. 0.
0.947 0.321 0. 175.766 -0.321 0.947 0. 50.925 0. 0. 1. 0.
0.943 0.333 0. 178.153 -0.333 0.943 0. 50.120 0. 0. 1. 0.
0.938 0.348 0. 180.550 -0.348 0.938 0. 49.247 0. 0. 1. 0.
0.931 0.366 0. 182.974 -0.366 0.931 0. 48.307 0. 0. 1. 0.
0.923 0.384 0. 185.338 -0.384 0.923 0. 47.295 0. 0. 1. 0.
0.916 0.402 0. 187.708 -0.402 0.916 0. 46.278 0. 0. 1. 0.
0.906 0.422 0. 190.038 -0.422 0.906 0. 45.195 0. 0. 1. 0.
0.895 0.446 0. 192.384 -0.446 0.895 0. 44.140 0. 0. 1. 0.
0.882 0.471 0. 194.531 -0.471 0.882 0. 42.948 0. 0. 1. 0.
0.869 0.495 0. 196.668 -0.495 0.869 0. 41.726 0. 0. 1. 0.
0.855 0.519 0. 198.826 -0.519 0.855 0. 40.460 0. 0. 1. 0.
0.839 0.544 0. 200.903 -0.544 0.839 0. 39.158 0. 0. 1. 0.
0.825 0.565 0. 202.913 -0.565 0.825 0. 37.743 0. 0. 1. 0.
0.808 0.589 0. 204.898 -0.589 0.808 0. 36.358 0. 0. 1. 0.
0.790 0.613 0. 206.870 -0.613 0.790 0. 34.890 0. 0. 1. 0.
0.771 0.636 0. 208.774 -0.636 0.771 0. 33.326 0. 0. 1. 0.
0.751 0.660 0. 210.607 -0.660 0.751 0. 31.803 0. 0. 1. 0.
0.732 0.681 0. 212.330 -0.681 0.732 0. 30.166 0. 0. 1. 0.
0.711 0.703 0. 213.980 -0.703 0.711 0. 28.490 0. 0. 1. 0.
0.691 0.723 0. 215.617 -0.723 0.691 0. 26.818 0. 0. 1. 0.
0.672 0.740 0. 217.259 -0.740 0.672 0. 25.164 0. 0. 1. 0.
0.660 0.751 0. 218.800 -0.751 0.660 0. 23.398 0. 0. 1. 0.
0.651 0.759 0. 220.305 -0.759 0.651 0. 21.634 0. 0. 1. 0.
0.641 0.768 0. 221.829 -0.768 0.641 0. 19.890 0. 0. 1. 0.
0.632 0.775 0. 223.298 -0.775 0.632 0. 18.137 0. 0. 1. 0.
0.629 0.777 0. 224.783 -0.777 0.629 0. 16.440 0. 0. 1. 0.
0.631 0.776 0. 226.206 -0.776 0.631 0. 14.663 0. 0. 1. 0.
0.636 0.772 0. 227.693 -0.772 0.636 0. 12.927 0. 0. 1. 0.
0.643 0.766 0. 229.155 -0.766 0.643 0. 11.214 0. 0. 1. 0.
0.649 0.761 0. 230.662 -0.761 0.649 0. 9.552 0. 0. 1. 0.
0.660 0.751 0. 232.149 -0.751 0.660 0. 7.898 0. 0. 1. 0.
0.674 0.739 0. 233.650 -0.739 0.674 0. 6.279 0. 0. 1. 0.
0.689 0.725 0. 235.209 -0.725 0.689 0. 4.668 0. 0. 1. 0.
0.707 0.707 0. 236.783 -0.707 0.707 0. 3.136 0. 0. 1. 0.
0.726 0.688 0. 238.394 -0.688 0.726 0. 1.622 0. 0. 1. 0.
0.745 0.668 0. 240.121 -0.668 0.745 0. 0.172 0. 0. 1. 0.
0.769 0.640 0. 241.840 -0.640 0.769 0. -1.194 0. 0. 1. 0.
0.793 0.609 0. 243.623 -0.609 0.793 0. -2.524 0. 0. 1. 0.
0.818 0.575 0. 245.480 -0.575 0.818 0. -3.779 0. 0. 1. 0.
0.844 0.536 0. 247.387 -0.536 0.844 0. -4.947 0. 0. 1. 0.
0.870 0.494 0. 249.344 -0.494 0.870 0. -6.018 0. 0. 1. 0.
0.892 0.451 0. 251.402 -0.451 0.892 0. -7.032 0. 0. 1. 0.
0.914 0.406 0. 253.564 -0.406 0.914 0. -7.910 0. 0. 1. 0.
0.933 0.360 0. 255.654 -0.360 0.933 0. -8.748 0. 0. 1. 0.
0.948 0.317 0. 257.953 -0.317 0.948 0. -9.467 0. 0. 1. 0.
0.958 0.288 0. 260.180 -0.288 0.958 0. -10.115 0. 0. 1. 0.
0.965 0.262 0. 262.465 -0.262 0.965 0. -10.671 0. 0. 1. 0.
0.971 0.239 0. 264.763 -0.239 0.971 0. -11.217 0. 0. 1. 0.
0.975 0.222 0. 267.122 -0.222 0.975 0. -11.722 0. 0. 1. 0.
0.978 0.206 0. 269.520 -0.206 0.978 0. -12.155 0. 0. 1. 0.
0.981 0.196 0. 271.910 -0.196 0.981 0. -12.637 0. 0. 1. 0.
0.983 0.184 0. 274.307 -0.184 0.983 0. -13.028 0. 0. 1. 0.
0.984 0.177 0. 276.751 -0.177 0.984 0. -13.446 0. 0. 1. 0.
0.986 0.165 0. 279.194 -0.165 0.986 0. -13.838 0. 0. 1. 0.
0.988 0.157 0. 281.672 -0.157 0.988 0. -14.225 0. 0. 1. 0.
0.989 0.147 0. 284.189 -0.147 0.989 0. -14.625 0. 0. 1. 0.
0.991 0.136 0. 286.717 -0.136 0.991 0. -14.934 0. 0. 1. 0.
0.992 0.126 0. 289.246 -0.126 0.992 0. -15.272 0. 0. 1. 0.
0.993 0.119 0. 291.848 -0.119 0.993 0. -15.604 0. 0. 1. 0.
0.994 0.113 0. 294.410 -0.113 0.994 0. -15.824 0. 0. 1. 0.
0.994 0.110 0. 297.020 -0.110 0.994 0. -16.092 0. 0. 1. 0.
0.995 0.104 0. 299.657 -0.104 0.995 0. -16.288 0. 0. 1. 0.
0.995 0.099 0. 302.287 -0.099 0.995 0. -16.529 0. 0. 1. 0.
0.995 0.096 0. 304.953 -0.096 0.995 0. -16.813 0. 0. 1. 0.
0.996 0.092 0. 307.607 -0.092 0.996 0. -17.085 0. 0. 1. 0.
0.996 0.087 0. 310.282 -0.087 0.996 0. -17.358 0. 0. 1. 0.
0.997 0.082 0. 312.895 -0.082 0.997 0. -17.513 0. 0. 1. 0.
0.997 0.079 0. 315.572 -0.079 0.997 0. -17.730 0. 0. 1. 0.
0.997 0.073 0. 318.149 -0.073 0.997 0. -17.891 0. 0. 1. 0.
0.997 0.072 0. 320.729 -0.072 0.997 0. -18.094 0. 0. 1. 0.
0.998 0.067 0. 323.301 -0.067 0.998 0. -18.240 0. 0. 1. 0.
0.998 0.063 0. 325.822 -0.063 0.998 0. -18.374 0. 0. 1. 0.
0.998 0.058 0. 328.364 -0.058 0.998 0. -18.513 0. 0. 1. 0.
0.999 0.053 0. 330.897 -0.053 0.999 0. -18.615 0. 0. 1. 0.
0.999 0.051 0. 333.392 -0.051 0.999 0. -18.716 0. 0. 1. 0.
0.999 0.049 0. 335.848 -0.049 0.999 0. -18.820 0. 0. 1. 0.
0.999 0.049 0. 338.332 -0.049 0.999 0. -18.905 0. 0. 1. 0.
0.999 0.048 0. 340.817 -0.048 0.999 0. -19.013 0. 0. 1. 0.
0.999 0.054 0. 343.288 -0.054 0.999 0. -19.104 0. 0. 1. 0.
0.998 0.058 0. 345.768 -0.058 0.998 0. -19.228 0. 0. 1. 0.
0.997 0.071 0. 348.186 -0.071 0.997 0. -19.387 0. 0. 1. 0.
0.997 0.078 0. 350.673 -0.078 0.997 0. -19.601 0. 0. 1. 0.
0.996 0.087 0. 353.106 -0.087 0.996 0. -19.804 0. 0. 1. 0.
0.996 0.086 0. 355.570 -0.086 0.996 0. -19.932 0. 0. 1. 0.
0.996 0.091 0. 358.012 -0.091 0.996 0. -20.162 0. 0. 1. 0.
0.996 0.090 0. 360.475 -0.090 0.996 0. -20.374 0. 0. 1. 0.
0.996 0.089 0. 362.920 -0.089 0.996 0. -20.576 0. 0. 1. 0.
0.996 0.084 0. 365.394 -0.084 0.996 0. -20.800 0. 0. 1. 0.
0.997 0.080 0. 367.824 -0.080 0.997 0. -20.924 0. 0. 1. 0.
0.997 0.080 0. 370.267 -0.080 0.997 0. -21.163 0. 0. 1. 0.
0.997 0.081 0. 372.657 -0.081 0.997 0. -21.320 0. 0. 1. 0.
0.997 0.081 0. 375.037 -0.081 0.997 0. -21.520 0. 0. 1. 0.
0.997 0.083 0. 377.394 -0.083 0.997 0. -21.658 0. 0. 1. 0.
0.997 0.082 0. 379.736 -0.082 0.997 0. -21.888 0. 0. 1. 0.
0.997 0.083 0. 382.103 -0.083 0.997 0. -22.001 0. 0. 1. 0.
0.997 0.080 0. 384.371 -0.080 0.997 0. -22.095 0. 0. 1. 0.
0.997 0.078 0. 386.595 -0.078 0.997 0. -22.255 0. 0. 1. 0.
0.997 0.075 0. 388.726 -0.075 0.997 0. -22.435 0. 0. 1. 0.
0.997 0.076 0. 390.806 -0.076 0.997 0. -22.577 0. 0. 1. 0.
0.997 0.073 0. 392.786 -0.073 0.997 0. -22.681 0. 0. 1. 0.
0.997 0.072 0. 394.716 -0.072 0.997 0. -22.837 0. 0. 1. 0.
0.997 0.072 0. 396.602 -0.072 0.997 0. -22.921 0. 0. 1. 0.
0.998 0.069 0. 398.472 -0.069 0.998 0. -23.053 0. 0. 1. 0.
0.997 0.071 0. 400.172 -0.071 0.997 0. -23.212 0. 0. 1. 0.
0.997 0.071 0. 401.839 -0.071 0.997 0. -23.313 0. 0. 1. 0.
0.997 0.082 0. 403.459 -0.082 0.997 0. -23.438 0. 0. 1. 0.
0.995 0.098 0. 404.965 -0.098 0.995 0. -23.599 0. 0. 1. 0.
0.991 0.130 0. 406.425 -0.130 0.991 0. -23.799 0. 0. 1. 0.
0.984 0.176 0. 407.757 -0.176 0.984 0. -24.083 0. 0. 1. 0.
0.974 0.228 0. 408.932 -0.228 0.974 0. -24.421 0. 0. 1. 0.
0.958 0.288 0. 410.117 -0.288 0.958 0. -24.859 0. 0. 1. 0.
0.936 0.353 0. 411.206 -0.353 0.936 0. -25.297 0. 0. 1. 0.
0.905 0.425 0. 412.219 -0.425 0.905 0. -25.842 0. 0. 1. 0.
0.869 0.495 0. 413.156 -0.495 0.869 0. -26.437 0. 0. 1. 0.
0.822 0.569 0. 414.030 -0.569 0.822 0. -27.149 0. 0. 1. 0.
0.767 0.641 0. 414.785 -0.641 0.767 0. -27.922 0. 0. 1. 0.
0.711 0.704 0. 415.506 -0.704 0.711 0. -28.748 0. 0. 1. 0.
0.652 0.758 0. 416.178 -0.758 0.652 0. -29.638 0. 0. 1. 0.
0.590 0.807 0. 416.747 -0.807 0.590 0. -30.586 0. 0. 1. 0.
0.533 0.846 0. 417.309 -0.846 0.533 0. -31.562 0. 0. 1. 0.
0.477 0.879 0. 417.874 -0.879 0.477 0. -32.582 0. 0. 1. 0.
0.425 0.905 0. 418.324 -0.905 0.425 0. -33.677 0. 0. 1. 0.
0.372 0.928 0. 418.656 -0.928 0.372 0. -34.804 0. 0. 1. 0.
0.330 0.944 0. 419.108 -0.944 0.330 0. -35.936 0. 0. 1. 0.
0.288 0.958 0. 419.448 -0.958 0.288 0. -37.161 0. 0. 1. 0.
0.244 0.970 0. 419.739 -0.970 0.244 0. -38.450 0. 0. 1. 0.
0.199 0.980 0. 419.986 -0.980 0.199 0. -39.778 0. 0. 1. 0.
0.151 0.989 0. 420.150 -0.989 0.151 0. -41.197 0. 0. 1. 0.
0.100 0.995 0. 420.263 -0.995 0.100 0. -42.648 0. 0. 1. 0.
0.053 0.999 0. 420.338 -0.999 0.053 0. -44.114 0. 0. 1. 0.
0.014 1. 0. 420.350 -1. 0.014 0. -45.691 0. 0. 1. 0.
-0.021 1.000 0. 420.291 -1.000 -0.021 0. -47.298 0. 0. 1. 0.
-0.051 0.999 0. 420.211 -0.999 -0.051 0. -48.986 0. 0. 1. 0.
-0.076 0.997 0. 420.073 -0.997 -0.076 0. -50.712 0. 0. 1. 0.
-0.096 0.995 0. 419.899 -0.995 -0.096 0. -52.462 0. 0. 1. 0.
-0.110 0.994 0. 419.688 -0.994 -0.110 0. -54.282 0. 0. 1. 0.
-0.122 0.993 0. 419.471 -0.993 -0.122 0. -56.167 0. 0. 1. 0.
-0.125 0.992 0. 419.258 -0.992 -0.125 0. -58.107 0. 0. 1. 0.
-0.122 0.993 0. 418.954 -0.993 -0.122 0. -60.069 0. 0. 1. 0.
-0.123 0.992 0. 418.752 -0.992 -0.123 0. -62.122 0. 0. 1. 0.
-0.122 0.993 0. 418.478 -0.993 -0.122 0. -64.204 0. 0. 1. 0.
-0.121 0.993 0. 418.251 -0.993 -0.121 0. -66.365 0. 0. 1. 0.
-0.119 0.993 0. 417.991 -0.993 -0.119 0. -68.559 0. 0. 1. 0.
-0.120 0.993 0. 417.748 -0.993 -0.120 0. -70.791 0. 0. 1. 0.
-0.121 0.993 0. 417.461 -0.993 -0.121 0. -73.117 0. 0. 1. 0.
-0.123 0.992 0. 417.199 -0.992 -0.123 0. -75.430 0. 0. 1. 0.
-0.126 0.992 0. 416.903 -0.992 -0.126 0. -77.815 0. 0. 1. 0.
-0.129 0.992 0. 416.572 -0.992 -0.129 0. -80.192 0. 0. 1. 0.
-0.127 0.992 0. 416.317 -0.992 -0.127 0. -82.551 0. 0. 1. 0.
-0.124 0.992 0. 416.023 -0.992 -0.124 0. -84.926 0. 0. 1. 0.
-0.123 0.992 0. 415.690 -0.992 -0.123 0. -87.348 0. 0. 1. 0.
-0.122 0.992 0. 415.446 -0.992 -0.122 0. -89.847 0. 0. 1. 0.
-0.120 0.993 0. 415.177 -0.993 -0.120 0. -92.293 0. 0. 1. 0.
-0.120 0.993 0. 414.891 -0.993 -0.120 0. -94.822 0. 0. 1. 0.
-0.121 0.993 0. 414.596 -0.993 -0.121 0. -97.364 0. 0. 1. 0.
-0.120 0.993 0. 414.270 -0.993 -0.120 0. -99.949 0. 0. 1. 0.
-0.122 0.992 0. 413.986 -0.992 -0.122 0. -102.553 0. 0. 1. 0.
-0.125 0.992 0. 413.693 -0.992 -0.125 0. -105.196 0. 0. 1. 0.
-0.129 0.992 0. 413.344 -0.992 -0.129 0. -107.880 0. 0. 1. 0.
-0.133 0.991 0. 413.040 -0.991 -0.133 0. -110.546 0. 0. 1. 0.
-0.137 0.991 0. 412.615 -0.991 -0.137 0. -113.283 0. 0. 1. 0.
-0.141 0.990 0. 412.268 -0.990 -0.141 0. -116.082 0. 0. 1. 0.
-0.149 0.989 0. 411.872 -0.989 -0.149 0. -118.826 0. 0. 1. 0.
-0.155 0.988 0. 411.405 -0.988 -0.155 0. -121.663 0. 0. 1. 0.
-0.164 0.987 0. 410.945 -0.987 -0.164 0. -124.481 0. 0. 1. 0.
-0.175 0.985 0. 410.447 -0.985 -0.175 0. -127.367 0. 0. 1. 0.
-0.185 0.983 0. 409.951 -0.983 -0.185 0. -130.255 0. 0. 1. 0.
-0.197 0.980 0. 409.385 -0.980 -0.197 0. -133.130 0. 0. 1. 0.
-0.207 0.978 0. 408.826 -0.978 -0.207 0. -136.056 0. 0. 1. 0.
-0.219 0.976 0. 408.185 -0.976 -0.219 0. -138.989 0. 0. 1. 0.
-0.231 0.973 0. 407.565 -0.973 -0.231 0. -141.940 0. 0. 1. 0.
-0.245 0.969 0. 406.843 -0.969 -0.245 0. -144.905 0. 0. 1. 0.
-0.259 0.966 0. 406.081 -0.966 -0.259 0. -147.842 0. 0. 1. 0.
-0.274 0.962 0. 405.239 -0.962 -0.274 0. -150.829 0. 0. 1. 0.
-0.291 0.957 0. 404.411 -0.957 -0.291 0. -153.793 0. 0. 1. 0.
-0.313 0.950 0. 403.472 -0.950 -0.313 0. -156.753 0. 0. 1. 0.
-0.332 0.943 0. 402.438 -0.943 -0.332 0. -159.736 0. 0. 1. 0.
-0.348 0.938 0. 401.457 -0.938 -0.348 0. -162.709 0. 0. 1. 0.
-0.363 0.932 0. 400.336 -0.932 -0.363 0. -165.706 0. 0. 1. 0.
-0.377 0.926 0. 399.159 -0.926 -0.377 0. -168.678 0. 0. 1. 0.
-0.385 0.923 0. 398.017 -0.923 -0.385 0. -171.685 0. 0. 1. 0.
-0.398 0.917 0. 396.790 -0.917 -0.398 0. -174.654 0. 0. 1. 0.
-0.410 0.912 0. 395.494 -0.912 -0.410 0. -177.604 0. 0. 1. 0.
-0.422 0.907 0. 394.153 -0.907 -0.422 0. -180.556 0. 0. 1. 0.
-0.433 0.901 0. 392.822 -0.901 -0.433 0. -183.501 0. 0. 1. 0.
-0.444 0.896 0. 391.366 -0.896 -0.444 0. -186.448 0. 0. 1. 0.
-0.455 0.890 0. 389.945 -0.890 -0.455 0. -189.362 0. 0. 1. 0.
-0.466 0.885 0. 388.376 -0.885 -0.466 0. -192.263 0. 0. 1. 0.
-0.476 0.879 0. 386.902 -0.879 -0.476 0. -195.231 0. 0. 1. 0.
-0.492 0.871 0. 385.313 -0.871 -0.492 0. -198.102 0. 0. 1. 0.
-0.503 0.864 0. 383.682 -0.864 -0.503 0. -201.008 0. 0. 1. 0.
-0.510 0.860 0. 382.041 -0.860 -0.510 0. -203.871 0. 0. 1. 0.
-0.515 0.857 0. 380.359 -0.857 -0.515 0. -206.662 0. 0. 1. 0.
-0.515 0.857 0. 378.758 -0.857 -0.515 0. -209.522 0. 0. 1. 0.
-0.515 0.857 0. 377.128 -0.857 -0.515 0. -212.260 0. 0. 1. 0.
-0.513 0.859 0. 375.502 -0.859 -0.513 0. -215.082 0. 0. 1. 0.
-0.511 0.860 0. 373.905 -0.860 -0.511 0. -217.903 0. 0. 1. 0.
-0.511 0.859 0. 372.331 -0.859 -0.511 0. -220.609 0. 0. 1. 0.
-0.511 0.860 0. 370.672 -0.860 -0.511 0. -223.338 0. 0. 1. 0.
-0.511 0.860 0. 369.081 -0.860 -0.511 0. -226.061 0. 0. 1. 0.
-0.511 0.860 0. 367.480 -0.860 -0.511 0. -228.799 0. 0. 1. 0.
-0.511 0.860 0. 365.872 -0.860 -0.511 0. -231.459 0. 0. 1. 0.
-0.512 0.859 0. 364.370 -0.859 -0.512 0. -234.179 0. 0. 1. 0.
-0.514 0.858 0. 362.726 -0.858 -0.514 0. -236.834 0. 0. 1. 0.
-0.515 0.857 0. 361.144 -0.857 -0.515 0. -239.458 0. 0. 1. 0.
-0.517 0.856 0. 359.627 -0.856 -0.517 0. -242.147 0. 0. 1. 0.
-0.518 0.855 0. 358.011 -0.855 -0.518 0. -244.764 0. 0. 1. 0.
-0.519 0.855 0. 356.429 -0.855 -0.519 0. -247.347 0. 0. 1. 0.
-0.525 0.851 0. 354.866 -0.851 -0.525 0. -249.930 0. 0. 1. 0.
-0.527 0.850 0. 353.249 -0.850 -0.527 0. -252.496 0. 0. 1. 0.
-0.530 0.848 0. 351.707 -0.848 -0.530 0. -255.135 0. 0. 1. 0.
-0.534 0.846 0. 350.105 -0.846 -0.534 0. -257.660 0. 0. 1. 0.
-0.537 0.844 0. 348.543 -0.844 -0.537 0. -260.198 0. 0. 1. 0.
-0.542 0.840 0. 346.923 -0.840 -0.542 0. -262.726 0. 0. 1. 0.
-0.549 0.836 0. 345.315 -0.836 -0.549 0. -265.286 0. 0. 1. 0.
-0.554 0.832 0. 343.631 -0.832 -0.554 0. -267.753 0. 0. 1. 0.
-0.561 0.828 0. 341.969 -0.828 -0.561 0. -270.273 0. 0. 1. 0.
-0.566 0.824 0. 340.249 -0.824 -0.566 0. -272.720 0. 0. 1. 0.
-0.575 0.818 0. 338.605 -0.818 -0.575 0. -275.205 0. 0. 1. 0.
-0.584 0.812 0. 336.830 -0.812 -0.584 0. -277.642 0. 0. 1. 0.
-0.593 0.805 0. 335.057 -0.805 -0.593 0. -280.069 0. 0. 1. 0.
-0.601 0.800 0. 333.279 -0.800 -0.601 0. -282.444 0. 0. 1. 0.
-0.610 0.793 0. 331.491 -0.793 -0.610 0. -284.817 0. 0. 1. 0.
-0.616 0.788 0. 329.675 -0.788 -0.616 0. -287.304 0. 0. 1. 0.
-0.624 0.781 0. 327.862 -0.781 -0.624 0. -289.739 0. 0. 1. 0.
-0.632 0.775 0. 325.986 -0.775 -0.632 0. -292.011 0. 0. 1. 0.
-0.638 0.770 0. 324.053 -0.770 -0.638 0. -294.342 0. 0. 1. 0.
-0.645 0.764 0. 322.159 -0.764 -0.645 0. -296.709 0. 0. 1. 0.
-0.649 0.761 0. 320.252 -0.761 -0.649 0. -299.046 0. 0. 1. 0.
-0.651 0.759 0. 318.326 -0.759 -0.651 0. -301.351 0. 0. 1. 0.
-0.653 0.757 0. 316.384 -0.757 -0.653 0. -303.656 0. 0. 1. 0.
-0.655 0.756 0. 314.450 -0.756 -0.655 0. -305.955 0. 0. 1. 0.
-0.658 0.753 0. 312.483 -0.753 -0.658 0. -308.260 0. 0. 1. 0.
-0.660 0.751 0. 310.575 -0.751 -0.660 0. -310.533 0. 0. 1. 0.
-0.662 0.750 0. 308.595 -0.750 -0.662 0. -312.782 0. 0. 1. 0.
-0.665 0.747 0. 306.610 -0.747 -0.665 0. -315.068 0. 0. 1. 0.
-0.668 0.744 0. 304.633 -0.744 -0.668 0. -317.317 0. 0. 1. 0.
-0.667 0.745 0. 302.661 -0.745 -0.667 0. -319.566 0. 0. 1. 0.
-0.665 0.747 0. 300.701 -0.747 -0.665 0. -321.867 0. 0. 1. 0.
-0.660 0.751 0. 298.707 -0.751 -0.660 0. -324.179 0. 0. 1. 0.
-0.655 0.756 0. 296.683 -0.756 -0.655 0. -326.491 0. 0. 1. 0.
-0.649 0.761 0. 294.789 -0.761 -0.649 0. -328.833 0. 0. 1. 0.
-0.638 0.770 0. 292.800 -0.770 -0.638 0. -331.203 0. 0. 1. 0.
-0.628 0.778 0. 290.783 -0.778 -0.628 0. -333.598 0. 0. 1. 0.
-0.618 0.786 0. 288.953 -0.786 -0.618 0. -336.104 0. 0. 1. 0.
-0.607 0.794 0. 287.105 -0.794 -0.607 0. -338.611 0. 0. 1. 0.
-0.597 0.802 0. 285.292 -0.802 -0.597 0. -341.181 0. 0. 1. 0.
-0.586 0.810 0. 283.438 -0.810 -0.586 0. -343.667 0. 0. 1. 0.
-0.575 0.818 0. 281.533 -0.818 -0.575 0. -346.301 0. 0. 1. 0.
-0.567 0.824 0. 279.795 -0.824 -0.567 0. -348.937 0. 0. 1. 0.
-0.555 0.832 0. 278.020 -0.832 -0.555 0. -351.587 0. 0. 1. 0.
-0.547 0.837 0. 276.218 -0.837 -0.547 0. -354.301 0. 0. 1. 0.
-0.539 0.842 0. 274.563 -0.842 -0.539 0. -356.972 0. 0. 1. 0.
-0.535 0.845 0. 272.831 -0.845 -0.535 0. -359.716 0. 0. 1. 0.
-0.534 0.846 0. 271.232 -0.846 -0.534 0. -362.494 0. 0. 1. 0.
-0.535 0.845 0. 269.497 -0.845 -0.535 0. -365.235 0. 0. 1. 0.
-0.537 0.844 0. 267.768 -0.844 -0.537 0. -368.010 0. 0. 1. 0.
-0.537 0.843 0. 266.009 -0.843 -0.537 0. -370.713 0. 0. 1. 0.
-0.536 0.844 0. 264.251 -0.844 -0.536 0. -373.520 0. 0. 1. 0.
-0.531 0.847 0. 262.553 -0.847 -0.531 0. -376.345 0. 0. 1. 0.
-0.526 0.850 0. 260.836 -0.850 -0.526 0. -379.181 0. 0. 1. 0.
-0.523 0.853 0. 259.095 -0.853 -0.523 0. -382.020 0. 0. 1. 0.
-0.522 0.853 0. 257.399 -0.853 -0.522 0. -384.859 0. 0. 1. 0.
-0.518 0.855 0. 255.651 -0.855 -0.518 0. -387.709 0. 0. 1. 0.
-0.518 0.856 0. 253.965 -0.856 -0.518 0. -390.607 0. 0. 1. 0.
-0.514 0.858 0. 252.240 -0.858 -0.514 0. -393.434 0. 0. 1. 0.
-0.513 0.858 0. 250.619 -0.858 -0.513 0. -396.411 0. 0. 1. 0.
-0.511 0.860 0. 249.033 -0.860 -0.511 0. -399.358 0. 0. 1. 0.
-0.511 0.859 0. 247.269 -0.859 -0.511 0. -402.208 0. 0. 1. 0.
-0.512 0.859 0. 245.534 -0.859 -0.512 0. -404.959 0. 0. 1. 0.
-0.512 0.859 0. 243.879 -0.859 -0.512 0. -407.769 0. 0. 1. 0.
-0.510 0.860 0. 242.148 -0.860 -0.510 0. -410.575 0. 0. 1. 0.
-0.510 0.860 0. 240.498 -0.860 -0.510 0. -413.389 0. 0. 1. 0.
-0.509 0.861 0. 238.917 -0.861 -0.509 0. -416.219 0. 0. 1. 0.
-0.511 0.860 0. 237.250 -0.860 -0.511 0. -418.994 0. 0. 1. 0.
-0.511 0.859 0. 235.484 -0.859 -0.511 0. -421.803 0. 0. 1. 0.
-0.511 0.859 0. 233.885 -0.859 -0.511 0. -424.611 0. 0. 1. 0.
-0.511 0.859 0. 232.240 -0.859 -0.511 0. -427.396 0. 0. 1. 0.
-0.513 0.859 0. 230.617 -0.859 -0.513 0. -430.164 0. 0. 1. 0.
-0.512 0.859 0. 228.943 -0.859 -0.512 0. -432.939 0. 0. 1. 0.
-0.513 0.858 0. 227.286 -0.858 -0.513 0. -435.748 0. 0. 1. 0.
-0.511 0.859 0. 225.666 -0.859 -0.511 0. -438.532 0. 0. 1. 0.
-0.512 0.859 0. 224.025 -0.859 -0.512 0. -441.333 0. 0. 1. 0.
-0.510 0.860 0. 222.319 -0.860 -0.510 0. -444.147 0. 0. 1. 0.
-0.507 0.862 0. 220.733 -0.862 -0.507 0. -446.938 0. 0. 1. 0.
-0.507 0.862 0. 219.177 -0.862 -0.507 0. -449.785 0. 0. 1. 0.
-0.502 0.865 0. 217.584 -0.865 -0.502 0. -452.557 0. 0. 1. 0.
-0.499 0.867 0. 215.956 -0.867 -0.499 0. -455.317 0. 0. 1. 0.
-0.497 0.868 0. 214.479 -0.868 -0.497 0. -458.093 0. 0. 1. 0.
-0.495 0.869 0. 212.917 -0.869 -0.495 0. -460.824 0. 0. 1. 0.
-0.497 0.868 0. 211.400 -0.868 -0.497 0. -463.542 0. 0. 1. 0.
-0.495 0.869 0. 209.875 -0.869 -0.495 0. -466.229 0. 0. 1. 0.
-0.493 0.870 0. 208.303 -0.870 -0.493 0. -468.941 0. 0. 1. 0.
-0.491 0.871 0. 206.780 -0.871 -0.491 0. -471.558 0. 0. 1. 0.
-0.489 0.872 0. 205.324 -0.872 -0.489 0. -474.211 0. 0. 1. 0.
-0.487 0.873 0. 203.810 -0.873 -0.487 0. -476.882 0. 0. 1. 0.
-0.487 0.874 0. 202.329 -0.874 -0.487 0. -479.458 0. 0. 1. 0.
-0.487 0.873 0. 201. -0.873 -0.487 0. -482.055 0. 0. 1. 0.
-0.483 0.876 0. 199.509 -0.876 -0.483 0. -484.576 0. 0. 1. 0.
-0.482 0.876 0. 198.143 -0.876 -0.482 0. -487.021 0. 0. 1. 0.
-0.481 0.877 0. 196.764 -0.877 -0.481 0. -489.448 0. 0. 1. 0.
-0.480 0.877 0. 195.480 -0.877 -0.480 0. -491.935 0. 0. 1. 0.
-0.480 0.877 0. 194.129 -0.877 -0.480 0. -494.312 0. 0. 1. 0.
-0.481 0.877 0. 192.762 -0.877 -0.481 0. -496.654 0. 0. 1. 0.
-0.481 0.876 0. 191.522 -0.876 -0.481 0. -499.038 0. 0. 1. 0.
-0.483 0.876 0. 190.246 -0.876 -0.483 0. -501.383 0. 0. 1. 0.
-0.483 0.875 0. 188.910 -0.875 -0.483 0. -503.663 0. 0. 1. 0.
-0.487 0.874 0. 187.711 -0.874 -0.487 0. -505.901 0. 0. 1. 0.
-0.493 0.870 0. 186.484 -0.870 -0.493 0. -508.179 0. 0. 1. 0.
-0.500 0.866 0. 185.255 -0.866 -0.500 0. -510.374 0. 0. 1. 0.
-0.505 0.863 0. 183.945 -0.863 -0.505 0. -512.511 0. 0. 1. 0.
-0.511 0.859 0. 182.762 -0.859 -0.511 0. -514.562 0. 0. 1. 0.
-0.518 0.856 0. 181.588 -0.856 -0.518 0. -516.596 0. 0. 1. 0.
-0.523 0.852 0. 180.367 -0.852 -0.523 0. -518.459 0. 0. 1. 0.
-0.534 0.845 0. 179.226 -0.845 -0.534 0. -520.277 0. 0. 1. 0.
-0.550 0.835 0. 178.071 -0.835 -0.550 0. -521.927 0. 0. 1. 0.
-0.576 0.817 0. 177.067 -0.817 -0.576 0. -523.553 0. 0. 1. 0.
-0.613 0.790 0. 175.840 -0.790 -0.613 0. -524.941 0. 0. 1. 0.
-0.656 0.755 0. 174.712 -0.755 -0.656 0. -526.263 0. 0. 1. 0.
-0.704 0.710 0. 173.454 -0.710 -0.704 0. -527.354 0. 0. 1. 0.
-0.751 0.660 0. 172.264 -0.660 -0.751 0. -528.322 0. 0. 1. 0.
-0.797 0.604 0. 171.065 -0.604 -0.797 0. -529.137 0. 0. 1. 0.
-0.838 0.545 0. 169.902 -0.545 -0.838 0. -529.876 0. 0. 1. 0.
-0.873 0.487 0. 168.792 -0.487 -0.873 0. -530.378 0. 0. 1. 0.
-0.907 0.421 0. 167.709 -0.421 -0.907 0. -530.888 0. 0. 1. 0.
-0.936 0.352 0. 166.613 -0.352 -0.936 0. -531.179 0. 0. 1. 0.
-0.961 0.275 0. 165.391 -0.275 -0.961 0. -531.472 0. 0. 1. 0.
-0.980 0.201 0. 164.369 -0.201 -0.980 0. -531.684 0. 0. 1. 0.
-0.993 0.120 0. 163.129 -0.120 -0.993 0. -531.708 0. 0. 1. 0.
-0.999 0.047 0. 162.031 -0.047 -0.999 0. -531.783 0. 0. 1. 0.
-1. -0.008 0. 160.832 0.008 -1. 0. -531.834 0. 0. 1. 0.
-0.999 -0.044 0. 159.616 0.044 -0.999 0. -531.739 0. 0. 1. 0.
-0.998 -0.063 0. 158.345 0.063 -0.998 0. -531.689 0. 0. 1. 0.
-0.997 -0.076 0. 157.026 0.076 -0.997 0. -531.563 0. 0. 1. 0.
-0.997 -0.082 0. 155.695 0.082 -0.997 0. -531.455 0. 0. 1. 0.
-0.996 -0.086 0. 154.365 0.086 -0.996 0. -531.315 0. 0. 1. 0.
-0.997 -0.082 0. 152.968 0.082 -0.997 0. -531.199 0. 0. 1. 0.
-0.997 -0.079 0. 151.512 0.079 -0.997 0. -531.091 0. 0. 1. 0.
-0.997 -0.071 0. 150.058 0.071 -0.997 0. -531.030 0. 0. 1. 0.
-0.998 -0.069 0. 148.519 0.069 -0.998 0. -530.922 0. 0. 1. 0.
-0.998 -0.066 0. 146.991 0.066 -0.998 0. -530.848 0. 0. 1. 0.
-0.998 -0.065 0. 145.389 0.065 -0.998 0. -530.746 0. 0. 1. 0.
-0.998 -0.066 0. 143.813 0.066 -0.998 0. -530.585 0. 0. 1. 0.
-0.998 -0.070 0. 142.125 0.070 -0.998 0. -530.513 0. 0. 1. 0.
-0.998 -0.068 0. 140.467 0.068 -0.998 0. -530.341 0. 0. 1. 0.
-0.998 -0.069 0. 138.724 0.069 -0.998 0. -530.218 0. 0. 1. 0.
-0.998 -0.068 0. 136.940 0.068 -0.998 0. -530.085 0. 0. 1. 0.
-0.998 -0.068 0. 135.153 0.068 -0.998 0. -529.999 0. 0. 1. 0.
-0.998 -0.065 0. 133.314 0.065 -0.998 0. -529.878 0. 0. 1. 0.
-0.998 -0.065 0. 131.378 0.065 -0.998 0. -529.719 0. 0. 1. 0.
-0.998 -0.063 0. 129.493 0.063 -0.998 0. -529.647 0. 0. 1. 0.
-0.998 -0.065 0. 127.543 0.065 -0.998 0. -529.535 0. 0. 1. 0.
-0.998 -0.067 0. 125.559 0.067 -0.998 0. -529.393 0. 0. 1. 0.
-0.998 -0.067 0. 123.515 0.067 -0.998 0. -529.289 0. 0. 1. 0.
-0.998 -0.066 0. 121.435 0.066 -0.998 0. -529.158 0. 0. 1. 0.
-0.998 -0.064 0. 119.334 0.064 -0.998 0. -528.995 0. 0. 1. 0.
-0.998 -0.063 0. 117.226 0.063 -0.998 0. -528.948 0. 0. 1. 0.
-0.998 -0.062 0. 115.003 0.062 -0.998 0. -528.786 0. 0. 1. 0.
-0.998 -0.061 0. 112.837 0.061 -0.998 0. -528.708 0. 0. 1. 0.
-0.998 -0.063 0. 110.570 0.063 -0.998 0. -528.569 0. 0. 1. 0.
-0.998 -0.063 0. 108.324 0.063 -0.998 0. -528.397 0. 0. 1. 0.
-0.998 -0.063 0. 106.057 0.063 -0.998 0. -528.265 0. 0. 1. 0.
-0.998 -0.062 0. 103.730 0.062 -0.998 0. -528.123 0. 0. 1. 0.
-0.998 -0.060 0. 101.406 0.060 -0.998 0. -527.982 0. 0. 1. 0.
-0.998 -0.060 0. 99.006 0.060 -0.998 0. -527.868 0. 0. 1. 0.
-0.998 -0.061 0. 96.655 0.061 -0.998 0. -527.731 0. 0. 1. 0.
-0.998 -0.059 0. 94.249 0.059 -0.998 0. -527.611 0. 0. 1. 0.
-0.998 -0.061 0. 91.807 0.061 -0.998 0. -527.470 0. 0. 1. 0.
-0.998 -0.060 0. 89.389 0.060 -0.998 0. -527.348 0. 0. 1. 0.
-0.998 -0.060 0. 86.984 0.060 -0.998 0. -527.182 0. 0. 1. 0.
-0.998 -0.062 0. 84.491 0.062 -0.998 0. -527.071 0. 0. 1. 0.
-0.998 -0.061 0. 82.032 0.061 -0.998 0. -526.934 0. 0. 1. 0.
-0.998 -0.062 0. 79.590 0.062 -0.998 0. -526.779 0. 0. 1. 0.
-0.998 -0.063 0. 77.203 0.063 -0.998 0. -526.652 0. 0. 1. 0.
-0.998 -0.066 0. 74.786 0.066 -0.998 0. -526.521 0. 0. 1. 0.
-0.998 -0.066 0. 72.383 0.066 -0.998 0. -526.387 0. 0. 1. 0.
-0.998 -0.067 0. 70.031 0.067 -0.998 0. -526.232 0. 0. 1. 0.
-0.998 -0.067 0. 67.657 0.067 -0.998 0. -526.082 0. 0. 1. 0.
-0.998 -0.067 0. 65.335 0.067 -0.998 0. -525.910 0. 0. 1. 0.
-0.998 -0.069 0. 62.983 0.069 -0.998 0. -525.741 0. 0. 1. 0.
-0.998 -0.070 0. 60.670 0.070 -0.998 0. -525.638 0. 0. 1. 0.
-0.998 -0.069 0. 58.395 0.069 -0.998 0. -525.459 0. 0. 1. 0.
-0.998 -0.069 0. 56.106 0.069 -0.998 0. -525.330 0. 0. 1. 0.
-0.998 -0.068 0. 53.844 0.068 -0.998 0. -525.136 0. 0. 1. 0.
-0.998 -0.068 0. 51.608 0.068 -0.998 0. -525.031 0. 0. 1. 0.
-0.998 -0.068 0. 49.363 0.068 -0.998 0. -524.833 0. 0. 1. 0.
-0.998 -0.067 0. 47.183 0.067 -0.998 0. -524.716 0. 0. 1. 0.
-0.998 -0.068 0. 44.973 0.068 -0.998 0. -524.589 0. 0. 1. 0.
-0.998 -0.068 0. 42.829 0.068 -0.998 0. -524.410 0. 0. 1. 0.
-0.997 -0.071 0. 40.669 0.071 -0.997 0. -524.283 0. 0. 1. 0.
-0.998 -0.069 0. 38.581 0.069 -0.998 0. -524.201 0. 0. 1. 0.
-0.998 -0.069 0. 36.511 0.069 -0.998 0. -524.092 0. 0. 1. 0.
-0.997 -0.071 0. 34.539 0.071 -0.997 0. -523.960 0. 0. 1. 0.
-0.997 -0.071 0. 32.554 0.071 -0.997 0. -523.800 0. 0. 1. 0.
-0.997 -0.076 0. 30.651 0.076 -0.997 0. -523.665 0. 0. 1. 0.
-0.997 -0.083 0. 28.781 0.083 -0.997 0. -523.520 0. 0. 1. 0.
-0.995 -0.097 0. 26.968 0.097 -0.995 0. -523.339 0. 0. 1. 0.
-0.993 -0.119 0. 25.214 0.119 -0.993 0. -523.116 0. 0. 1. 0.
-0.989 -0.150 0. 23.596 0.150 -0.989 0. -522.867 0. 0. 1. 0.
-0.982 -0.190 0. 22.019 0.190 -0.982 0. -522.543 0. 0. 1. 0.
-0.971 -0.239 0. 20.508 0.239 -0.971 0. -522.172 0. 0. 1. 0.
-0.955 -0.296 0. 19.134 0.296 -0.955 0. -521.702 0. 0. 1. 0.
-0.934 -0.358 0. 17.820 0.358 -0.934 0. -521.167 0. 0. 1. 0.
-0.907 -0.420 0. 16.602 0.420 -0.907 0. -520.530 0. 0. 1. 0.
-0.876 -0.482 0. 15.432 0.482 -0.876 0. -519.781 0. 0. 1. 0.
-0.838 -0.546 0. 14.319 0.546 -0.838 0. -519.027 0. 0. 1. 0.
-0.793 -0.610 0. 13.318 0.610 -0.793 0. -518.173 0. 0. 1. 0.
-0.744 -0.668 0. 12.371 0.668 -0.744 0. -517.223 0. 0. 1. 0.
-0.692 -0.722 0. 11.481 0.722 -0.692 0. -516.279 0. 0. 1. 0.
-0.641 -0.767 0. 10.696 0.767 -0.641 0. -515.256 0. 0. 1. 0.
-0.584 -0.812 0. 9.993 0.812 -0.584 0. -514.149 0. 0. 1. 0.
-0.531 -0.847 0. 9.373 0.847 -0.531 0. -513.053 0. 0. 1. 0.
-0.476 -0.879 0. 8.755 0.879 -0.476 0. -511.862 0. 0. 1. 0.
-0.423 -0.906 0. 8.283 0.906 -0.423 0. -510.732 0. 0. 1. 0.
-0.368 -0.930 0. 7.864 0.930 -0.368 0. -509.558 0. 0. 1. 0.
-0.311 -0.950 0. 7.493 0.950 -0.311 0. -508.312 0. 0. 1. 0.
-0.260 -0.966 0. 7.204 0.966 -0.260 0. -506.999 0. 0. 1. 0.
-0.212 -0.977 0. 6.965 0.977 -0.212 0. -505.682 0. 0. 1. 0.
-0.170 -0.985 0. 6.722 0.985 -0.170 0. -504.375 0. 0. 1. 0.
-0.131 -0.991 0. 6.554 0.991 -0.131 0. -502.954 0. 0. 1. 0.
-0.102 -0.995 0. 6.450 0.995 -0.102 0. -501.526 0. 0. 1. 0.
-0.073 -0.997 0. 6.335 0.997 -0.073 0. -500.080 0. 0. 1. 0.
-0.047 -0.999 0. 6.279 0.999 -0.047 0. -498.560 0. 0. 1. 0.
-0.023 -1.000 0. 6.233 1.000 -0.023 0. -496.986 0. 0. 1. 0.
-0.005 -1. 0. 6.248 1. -0.005 0. -495.415 0. 0. 1. 0.
0.011 -1. 0. 6.257 1. 0.011 0. -493.800 0. 0. 1. 0.
0.026 -1.000 0. 6.224 1.000 0.026 0. -492.112 0. 0. 1. 0.
0.040 -0.999 0. 6.303 0.999 0.040 0. -490.410 0. 0. 1. 0.
0.053 -0.999 0. 6.370 0.999 0.053 0. -488.685 0. 0. 1. 0.
0.059 -0.998 0. 6.465 0.998 0.059 0. -486.910 0. 0. 1. 0.
0.065 -0.998 0. 6.558 0.998 0.065 0. -485.089 0. 0. 1. 0.
0.069 -0.998 0. 6.668 0.998 0.069 0. -483.206 0. 0. 1. 0.
0.072 -0.997 0. 6.757 0.997 0.072 0. -481.308 0. 0. 1. 0.
0.077 -0.997 0. 6.924 0.997 0.077 0. -479.404 0. 0. 1. 0.
0.080 -0.997 0. 7.071 0.997 0.080 0. -477.428 0. 0. 1. 0.
0.084 -0.996 0. 7.163 0.996 0.084 0. -475.417 0. 0. 1. 0.
0.087 -0.996 0. 7.293 0.996 0.087 0. -473.367 0. 0. 1. 0.
0.091 -0.996 0. 7.467 0.996 0.091 0. -471.322 0. 0. 1. 0.
0.095 -0.996 0. 7.664 0.996 0.095 0. -469.196 0. 0. 1. 0.
0.097 -0.995 0. 7.900 0.995 0.097 0. -467.041 0. 0. 1. 0.
0.099 -0.995 0. 8.122 0.995 0.099 0. -464.924 0. 0. 1. 0.
0.103 -0.995 0. 8.299 0.995 0.103 0. -462.747 0. 0. 1. 0.
0.102 -0.995 0. 8.581 0.995 0.102 0. -460.528 0. 0. 1. 0.
0.102 -0.995 0. 8.801 0.995 0.102 0. -458.257 0. 0. 1. 0.
0.101 -0.995 0. 9.044 0.995 0.101 0. -455.975 0. 0. 1. 0.
0.099 -0.995 0. 9.232 0.995 0.099 0. -453.661 0. 0. 1. 0.
0.095 -0.995 0. 9.434 0.995 0.095 0. -451.350 0. 0. 1. 0.
0.092 -0.996 0. 9.623 0.996 0.092 0. -449.015 0. 0. 1. 0.
0.089 -0.996 0. 9.792 0.996 0.089 0. -446.582 0. 0. 1. 0.
0.088 -0.996 0. 9.965 0.996 0.088 0. -444.197 0. 0. 1. 0.
0.085 -0.996 0. 10.137 0.996 0.085 0. -441.810 0. 0. 1. 0.
0.083 -0.997 0. 10.367 0.997 0.083 0. -439.412 0. 0. 1. 0.
0.081 -0.997 0. 10.538 0.997 0.081 0. -437.068 0. 0. 1. 0.
0.079 -0.997 0. 10.712 0.997 0.079 0. -434.677 0. 0. 1. 0.
0.077 -0.997 0. 10.834 0.997 0.077 0. -432.360 0. 0. 1. 0.
0.078 -0.997 0. 11.027 0.997 0.078 0. -430.002 0. 0. 1. 0.
0.080 -0.997 0. 11.188 0.997 0.080 0. -427.749 0. 0. 1. 0.
0.083 -0.997 0. 11.424 0.997 0.083 0. -425.502 0. 0. 1. 0.
0.086 -0.996 0. 11.614 0.996 0.086 0. -423.251 0. 0. 1. 0.
0.089 -0.996 0. 11.762 0.996 0.089 0. -421.043 0. 0. 1. 0.
0.093 -0.996 0. 11.987 0.996 0.093 0. -418.854 0. 0. 1. 0.
0.096 -0.995 0. 12.197 0.995 0.096 0. -416.680 0. 0. 1. 0.
0.099 -0.995 0. 12.432 0.995 0.099 0. -414.518 0. 0. 1. 0.
0.102 -0.995 0. 12.633 0.995 0.102 0. -412.401 0. 0. 1. 0.
0.103 -0.995 0. 12.833 0.995 0.103 0. -410.285 0. 0. 1. 0.
0.100 -0.995 0. 13.057 0.995 0.100 0. -408.185 0. 0. 1. 0.
0.093 -0.996 0. 13.191 0.996 0.093 0. -406.096 0. 0. 1. 0.
0.087 -0.996 0. 13.355 0.996 0.087 0. -403.978 0. 0. 1. 0.
0.081 -0.997 0. 13.520 0.997 0.081 0. -401.901 0. 0. 1. 0.
0.072 -0.997 0. 13.649 0.997 0.072 0. -399.771 0. 0. 1. 0.
0.067 -0.998 0. 13.800 0.998 0.067 0. -397.622 0. 0. 1. 0.
0.064 -0.998 0. 13.884 0.998 0.064 0. -395.481 0. 0. 1. 0.
0.062 -0.998 0. 13.997 0.998 0.062 0. -393.308 0. 0. 1. 0.
0.061 -0.998 0. 14.115 0.998 0.061 0. -391.115 0. 0. 1. 0.
0.062 -0.998 0. 14.232 0.998 0.062 0. -388.947 0. 0. 1. 0.
0.063 -0.998 0. 14.350 0.998 0.063 0. -386.718 0. 0. 1. 0.
0.063 -0.998 0. 14.455 0.998 0.063 0. -384.507 0. 0. 1. 0.
0.062 -0.998 0. 14.638 0.998 0.062 0. -382.222 0. 0. 1. 0.
0.064 -0.998 0. 14.746 0.998 0.064 0. -379.981 0. 0. 1. 0.
0.063 -0.998 0. 14.872 0.998 0.063 0. -377.733 0. 0. 1. 0.
0.063 -0.998 0. 15.037 0.998 0.063 0. -375.449 0. 0. 1. 0.
0.065 -0.998 0. 15.178 0.998 0.065 0. -373.147 0. 0. 1. 0.
0.067 -0.998 0. 15.325 0.998 0.067 0. -370.837 0. 0. 1. 0.
0.070 -0.998 0. 15.482 0.998 0.070 0. -368.533 0. 0. 1. 0.
0.075 -0.997 0. 15.673 0.997 0.075 0. -366.224 0. 0. 1. 0.
0.079 -0.997 0. 15.783 0.997 0.079 0. -363.826 0. 0. 1. 0.
0.085 -0.996 0. 15.909 0.996 0.085 0. -361.493 0. 0. 1. 0.
0.087 -0.996 0. 16.136 0.996 0.087 0. -359.156 0. 0. 1. 0.
0.087 -0.996 0. 16.309 0.996 0.087 0. -356.764 0. 0. 1. 0.
0.086 -0.996 0. 16.513 0.996 0.086 0. -354.372 0. 0. 1. 0.
0.087 -0.996 0. 16.639 0.996 0.087 0. -351.929 0. 0. 1. 0.
0.087 -0.996 0. 16.856 0.996 0.087 0. -349.545 0. 0. 1. 0.
0.085 -0.996 0. 17.037 0.996 0.085 0. -347.118 0. 0. 1. 0.
0.086 -0.996 0. 17.254 0.996 0.086 0. -344.713 0. 0. 1. 0.
0.083 -0.997 0. 17.404 0.997 0.083 0. -342.257 0. 0. 1. 0.
0.081 -0.997 0. 17.591 0.997 0.081 0. -339.852 0. 0. 1. 0.
0.079 -0.997 0. 17.746 0.997 0.079 0. -337.370 0. 0. 1. 0.
0.076 -0.997 0. 17.910 0.997 0.076 0. -334.902 0. 0. 1. 0.
0.073 -0.997 0. 18.063 0.997 0.073 0. -332.418 0. 0. 1. 0.
0.072 -0.997 0. 18.259 0.997 0.072 0. -329.937 0. 0. 1. 0.
0.073 -0.997 0. 18.416 0.997 0.073 0. -327.409 0. 0. 1. 0.
0.073 -0.997 0. 18.588 0.997 0.073 0. -324.863 0. 0. 1. 0.
0.074 -0.997 0. 18.764 0.997 0.074 0. -322.325 0. 0. 1. 0.
0.073 -0.997 0. 18.932 0.997 0.073 0. -319.733 0. 0. 1. 0.
0.070 -0.998 0. 19.110 0.998 0.070 0. -317.141 0. 0. 1. 0.
0.068 -0.998 0. 19.269 0.998 0.068 0. -314.539 0. 0. 1. 0.
0.067 -0.998 0. 19.406 0.998 0.067 0. -311.886 0. 0. 1. 0.
0.066 -0.998 0. 19.577 0.998 0.066 0. -309.270 0. 0. 1. 0.
0.067 -0.998 0. 19.730 0.998 0.067 0. -306.587 0. 0. 1. 0.
0.068 -0.998 0. 19.898 0.998 0.068 0. -303.871 0. 0. 1. 0.
0.069 -0.998 0. 20.070 0.998 0.069 0. -301.181 0. 0. 1. 0.
0.069 -0.998 0. 20.312 0.998 0.069 0. -298.471 0. 0. 1. 0.
0.072 -0.997 0. 20.431 0.997 0.072 0. -295.752 0. 0. 1. 0.
0.070 -0.998 0. 20.599 0.998 0.070 0. -293.007 0. 0. 1. 0.
0.071 -0.997 0. 20.796 0.997 0.071 0. -290.251 0. 0. 1. 0.
0.070 -0.998 0. 21.002 0.998 0.070 0. -287.509 0. 0. 1. 0.
0.072 -0.997 0. 21.154 0.997 0.072 0. -284.742 0. 0. 1. 0.
0.073 -0.997 0. 21.390 0.997 0.073 0. -281.934 0. 0. 1. 0.
0.073 -0.997 0. 21.570 0.997 0.073 0. -279.122 0. 0. 1. 0.
0.071 -0.997 0. 21.746 0.997 0.071 0. -276.363 0. 0. 1. 0.
0.070 -0.998 0. 21.892 0.998 0.070 0. -273.568 0. 0. 1. 0.
0.069 -0.998 0. 22.066 0.998 0.069 0. -270.825 0. 0. 1. 0.
0.069 -0.998 0. 22.219 0.998 0.069 0. -268.060 0. 0. 1. 0.
0.068 -0.998 0. 22.417 0.998 0.068 0. -265.344 0. 0. 1. 0.
0.067 -0.998 0. 22.563 0.998 0.067 0. -262.539 0. 0. 1. 0.
0.067 -0.998 0. 22.760 0.998 0.067 0. -259.734 0. 0. 1. 0.
0.068 -0.998 0. 22.925 0.998 0.068 0. -256.963 0. 0. 1. 0.
0.069 -0.998 0. 23.106 0.998 0.069 0. -254.149 0. 0. 1. 0.
0.070 -0.998 0. 23.313 0.998 0.070 0. -251.399 0. 0. 1. 0.
0.072 -0.997 0. 23.479 0.997 0.072 0. -248.558 0. 0. 1. 0.
0.071 -0.997 0. 23.675 0.997 0.071 0. -245.665 0. 0. 1. 0.
0.071 -0.997 0. 23.879 0.997 0.071 0. -242.860 0. 0. 1. 0.
0.068 -0.998 0. 24.033 0.998 0.068 0. -240.016 0. 0. 1. 0.
0.066 -0.998 0. 24.187 0.998 0.066 0. -237.132 0. 0. 1. 0.
0.066 -0.998 0. 24.403 0.998 0.066 0. -234.268 0. 0. 1. 0.
0.067 -0.998 0. 24.560 0.998 0.067 0. -231.400 0. 0. 1. 0.
0.068 -0.998 0. 24.735 0.998 0.068 0. -228.465 0. 0. 1. 0.
0.070 -0.998 0. 24.963 0.998 0.070 0. -225.596 0. 0. 1. 0.
0.070 -0.998 0. 25.106 0.998 0.070 0. -222.680 0. 0. 1. 0.
0.071 -0.998 0. 25.307 0.998 0.071 0. -219.816 0. 0. 1. 0.
0.070 -0.998 0. 25.563 0.998 0.070 0. -216.932 0. 0. 1. 0.
0.072 -0.997 0. 25.742 0.997 0.072 0. -214.042 0. 0. 1. 0.
0.071 -0.997 0. 25.940 0.997 0.071 0. -211.197 0. 0. 1. 0.
0.071 -0.997 0. 26.117 0.997 0.071 0. -208.409 0. 0. 1. 0.
0.071 -0.997 0. 26.296 0.997 0.071 0. -205.587 0. 0. 1. 0.
0.071 -0.997 0. 26.451 0.997 0.071 0. -202.774 0. 0. 1. 0.
0.072 -0.997 0. 26.666 0.997 0.072 0. -199.967 0. 0. 1. 0.
0.074 -0.997 0. 26.862 0.997 0.074 0. -197.148 0. 0. 1. 0.
0.075 -0.997 0. 27.041 0.997 0.075 0. -194.335 0. 0. 1. 0.
0.077 -0.997 0. 27.242 0.997 0.077 0. -191.496 0. 0. 1. 0.
0.077 -0.997 0. 27.452 0.997 0.077 0. -188.669 0. 0. 1. 0.
0.075 -0.997 0. 27.626 0.997 0.075 0. -185.774 0. 0. 1. 0.
0.075 -0.997 0. 27.828 0.997 0.075 0. -182.938 0. 0. 1. 0.
0.074 -0.997 0. 28.059 0.997 0.074 0. -180.041 0. 0. 1. 0.
0.075 -0.997 0. 28.237 0.997 0.075 0. -177.105 0. 0. 1. 0.
0.073 -0.997 0. 28.421 0.997 0.073 0. -174.218 0. 0. 1. 0.
0.074 -0.997 0. 28.610 0.997 0.074 0. -171.324 0. 0. 1. 0.
0.071 -0.997 0. 28.805 0.997 0.071 0. -168.419 0. 0. 1. 0.
0.070 -0.998 0. 28.899 0.998 0.070 0. -165.482 0. 0. 1. 0.
0.067 -0.998 0. 29.079 0.998 0.067 0. -162.577 0. 0. 1. 0.
0.065 -0.998 0. 29.267 0.998 0.065 0. -159.615 0. 0. 1. 0.
0.064 -0.998 0. 29.475 0.998 0.064 0. -156.684 0. 0. 1. 0.
0.064 -0.998 0. 29.638 0.998 0.064 0. -153.748 0. 0. 1. 0.
0.064 -0.998 0. 29.742 0.998 0.064 0. -150.793 0. 0. 1. 0.
0.062 -0.998 0. 29.908 0.998 0.062 0. -147.810 0. 0. 1. 0.
0.065 -0.998 0. 30.081 0.998 0.065 0. -144.871 0. 0. 1. 0.
0.064 -0.998 0. 30.253 0.998 0.064 0. -141.923 0. 0. 1. 0.
0.065 -0.998 0. 30.424 0.998 0.065 0. -138.905 0. 0. 1. 0.
0.065 -0.998 0. 30.575 0.998 0.065 0. -135.920 0. 0. 1. 0.
0.066 -0.998 0. 30.763 0.998 0.066 0. -132.921 0. 0. 1. 0.
0.066 -0.998 0. 30.957 0.998 0.066 0. -129.908 0. 0. 1. 0.
0.066 -0.998 0. 31.161 0.998 0.066 0. -126.912 0. 0. 1. 0.
0.068 -0.998 0. 31.361 0.998 0.068 0. -123.910 0. 0. 1. 0.
