1619726114982098 1.00000 0.00000 0.00000 -0.00000 0.00000 -1.00000 0.00000 0.00000 0.00000 -0.00000 -1.00000 0.00000
1619726115231478 0.99999 0.00533 0.00000 -0.00303 0.00533 -0.99999 0.00000 -0.00012 0.00000 -0.00000 -1.00000 -0.00000
1619726115481479 0.99999 0.00426 0.00000 -0.00972 0.00426 -0.99999 0.00000 -0.00111 0.00000 -0.00000 -1.00000 -0.00000
1619726115731486 1.00000 0.00190 -0.00000 0.00413 0.00190 -1.00000 0.00000 -0.02209 0.00000 -0.00000 -1.00000 -0.00000
1619726115981487 1.00000 0.00111 0.00000 0.01027 0.00111 -1.00000 0.00000 -0.02230 0.00000 -0.00000 -1.00000 -0.00000
1619726116231489 0.99999 0.00418 -0.00000 0.01659 0.00418 -0.99999 0.00000 -0.05057 0.00000 -0.00000 -1.00000 -0.00000
1619726116481501 0.99999 0.00344 0.00000 -0.02344 0.00344 -0.99999 0.00000 0.01039 0.00000 -0.00000 -1.00000 0.00000
1619726116730870 1.00000 0.00231 0.00000 0.01418 0.00231 -1.00000 0.00000 -0.10474 0.00000 -0.00000 -1.00000 -0.00000
1619726116980876 0.99999 0.00452 0.00000 -0.00705 0.00452 -0.99999 0.00000 -0.02354 0.00000 -0.00000 -1.00000 -0.00000
1619726117230878 0.99998 0.00595 0.00000 -0.00390 0.00595 -0.99998 0.00000 -0.03297 0.00000 -0.00000 -1.00000 -0.00000
1619726117480882 1.00000 0.00078 0.00000 -0.01989 0.00078 -1.00000 0.00000 -0.06947 0.00000 -0.00000 -1.00000 -0.00000
1619726117730889 0.99997 0.00761 0.00000 -0.00043 0.00761 -0.99997 0.00000 -0.03678 0.00000 -0.00000 -1.00000 -0.00000
1619726117980890 0.99997 0.00780 -0.00000 -0.01006 0.00780 -0.99997 0.00000 -0.01520 0.00000 -0.00000 -1.00000 -0.00000
1619726118230900 0.99997 0.00812 0.00000 -0.01235 0.00812 -0.99997 0.00000 -0.03427 0.00000 -0.00000 -1.00000 -0.00000
1619726118480897 1.00000 0.00005 0.00000 -0.02921 0.00005 -1.00000 0.00000 -0.07574 0.00000 -0.00000 -1.00000 -0.00000
1619726118730902 1.00000 0.00213 0.00000 -0.00704 0.00213 -1.00000 0.00000 -0.04723 0.00000 -0.00000 -1.00000 -0.00000
1619726118980902 0.99999 0.00537 0.00000 -0.02294 0.00537 -0.99999 0.00000 0.01306 0.00000 -0.00000 -1.00000 0.00000
1619726119230911 1.00000 0.00255 -0.00000 -0.00683 0.00255 -1.00000 0.00000 0.00711 0.00000 -0.00000 -1.00000 0.00000
1619726119480910 1.00000 0.00171 -0.00000 0.01786 0.00171 -1.00000 0.00000 -0.02984 0.00000 -0.00000 -1.00000 -0.00000
1619726119731542 1.00000 0.00311 0.00000 -0.01972 0.00311 -1.00000 0.00000 0.01573 0.00000 -0.00000 -1.00000 0.00000
1619726119981544 0.99998 0.00670 0.00000 -0.04134 0.00670 -0.99998 0.00000 0.00062 0.00000 -0.00000 -1.00000 0.00000
1619726120232168 1.00000 0.00040 -0.00000 -0.00214 0.00040 -1.00000 0.00000 -0.04700 0.00000 -0.00000 -1.00000 -0.00000
1619726120482173 1.00000 0.00105 0.00000 0.01668 0.00105 -1.00000 0.00000 -0.02791 0.00000 -0.00000 -1.00000 -0.00000
1619726120732177 1.00000 0.00278 -0.00000 0.00776 0.00278 -1.00000 0.00000 -0.02937 0.00000 -0.00000 -1.00000 -0.00000
1619726120982189 0.99998 0.00706 0.00000 -0.00497 0.00706 -0.99998 0.00000 -0.05180 0.00000 -0.00000 -1.00000 -0.00000
1619726121232187 0.99999 0.00466 0.00000 -0.00557 0.00466 -0.99999 0.00000 -0.00322 0.00000 -0.00000 -1.00000 -0.00000
1619726121482187 0.99998 0.00643 0.00000 0.01507 0.00643 -0.99998 0.00000 -0.04238 0.00000 -0.00000 -1.00000 -0.00000
1619726121732196 1.00000 -0.00057 0.00000 -0.02968 -0.00057 -1.00000 0.00000 -0.06921 -0.00000 -0.00000 -1.00000 -0.00000
1619726121982196 0.99999 0.00444 0.00000 0.00317 0.00444 -0.99999 0.00000 -0.07464 0.00000 -0.00000 -1.00000 -0.00000
1619726122232199 0.99998 0.00608 0.00000 -0.00325 0.00608 -0.99998 0.00000 0.00229 0.00000 -0.00000 -1.00000 0.00000
1619726122482202 0.99998 0.00551 0.00000 0.01189 0.00551 -0.99998 0.00000 -0.02738 0.00000 -0.00000 -1.00000 -0.00000
1619726122732207 0.99998 0.00648 0.00000 -0.03792 0.00648 -0.99998 0.00000 -0.02539 0.00000 -0.00000 -1.00000 -0.00000
1619726122982208 1.00000 -0.00095 0.00000 -0.03092 -0.00095 -1.00000 0.00000 -0.07485 -0.00000 -0.00000 -1.00000 -0.00000
1619726123232218 0.99999 0.00434 -0.00000 -0.00517 0.00434 -0.99999 0.00000 -0.07884 0.00000 -0.00000 -1.00000 -0.00000
1619726123482217 0.99999 0.00533 0.00000 0.01257 0.00533 -0.99999 0.00000 -0.01659 0.00000 -0.00000 -1.00000 -0.00000
1619726123732219 0.99998 0.00628 0.00000 0.00396 0.00628 -0.99998 0.00000 -0.02333 0.00000 -0.00000 -1.00000 -0.00000
1619726123982846 0.99999 0.00504 0.00000 -0.04646 0.00504 -0.99999 0.00000 0.03074 0.00000 -0.00000 -1.00000 0.00000
1619726124232857 1.00000 0.00242 0.00000 0.01049 0.00242 -1.00000 0.00000 -0.03971 0.00000 -0.00000 -1.00000 -0.00000
1619726124482862 1.00000 0.00134 0.00000 0.01276 0.00134 -1.00000 0.00000 -0.01990 0.00000 -0.00000 -1.00000 -0.00000
1619726124732863 1.00000 0.00070 0.00000 0.00475 0.00070 -1.00000 0.00000 -0.04305 0.00000 -0.00000 -1.00000 -0.00000
1619726124982862 0.99999 0.00486 0.00000 0.01842 0.00486 -0.99999 0.00000 -0.04858 0.00000 -0.00000 -1.00000 -0.00000
1619726125232870 0.99999 0.00453 0.00000 -0.00575 0.00453 -0.99999 0.00000 -0.00256 0.00000 -0.00000 -1.00000 -0.00000
1619726125482867 1.00000 0.00211 0.00000 -0.00141 0.00211 -1.00000 0.00000 0.00051 0.00000 -0.00000 -1.00000 0.00000
1619726125732877 1.00000 -0.00175 0.00000 -0.01734 -0.00175 -1.00000 0.00000 -0.04668 -0.00000 -0.00000 -1.00000 -0.00000
1619726125982876 1.00000 -0.00218 0.00000 -0.00915 -0.00218 -1.00000 0.00000 -0.05084 -0.00000 -0.00000 -1.00000 -0.00000
1619726126232880 1.00000 -0.00109 0.00000 -0.01763 -0.00109 -1.00000 0.00000 -0.03468 -0.00000 -0.00000 -1.00000 -0.00000
1619726126482884 1.00000 -0.00216 0.00000 -0.03949 -0.00216 -1.00000 0.00000 -0.06213 -0.00000 -0.00000 -1.00000 -0.00000
1619726126732264 1.00000 -0.00232 0.00000 -0.07102 -0.00232 -1.00000 0.00000 -0.05583 -0.00000 -0.00000 -1.00000 -0.00000
1619726126982264 0.99998 0.00564 0.00000 -0.14222 0.00564 -0.99998 0.00000 -0.03047 0.00000 -0.00000 -1.00000 -0.00000
1619726127232271 0.99999 0.00330 -0.00000 -0.22468 0.00330 -0.99999 0.00000 0.01457 0.00000 -0.00000 -1.00000 0.00000
1619726127481652 1.00000 -0.00264 0.00000 -0.30384 -0.00264 -1.00000 0.00000 -0.15079 -0.00000 -0.00000 -1.00000 -0.00000
1619726127731657 0.99992 -0.01226 -0.00000 -0.47727 -0.01226 -0.99992 0.00000 -0.13699 -0.00000 -0.00000 -1.00000 -0.00000
1619726127981654 1.00000 -0.00019 0.00000 -0.68143 -0.00019 -1.00000 0.00000 -0.04386 -0.00000 -0.00000 -1.00000 -0.00000
1619726128231663 0.99998 -0.00628 0.00000 -1.04772 -0.00628 -0.99998 0.00000 -0.00723 -0.00000 -0.00000 -1.00000 -0.00000
1619726128481664 0.99990 -0.01445 0.00000 -1.37329 -0.01445 -0.99990 0.00000 -0.09329 -0.00000 -0.00000 -1.00000 -0.00000
1619726128732290 0.99939 -0.03502 0.00000 -1.87576 -0.03502 -0.99939 0.00000 -0.05385 -0.00000 -0.00000 -1.00000 -0.00000
1619726128981683 0.99892 -0.04643 0.00000 -2.41657 -0.04643 -0.99892 0.00000 -0.10372 -0.00000 -0.00000 -1.00000 -0.00000
1619726129231676 0.99856 -0.05356 0.00000 -3.10096 -0.05356 -0.99856 0.00000 0.00630 -0.00000 -0.00000 -1.00000 0.00000
1619726129481672 0.99727 -0.07390 0.00000 -3.84966 -0.07390 -0.99727 0.00000 -0.05378 -0.00000 -0.00000 -1.00000 -0.00000
1619726129731679 0.99623 -0.08670 0.00000 -4.53979 -0.08670 -0.99623 0.00000 -0.01705 -0.00000 -0.00000 -1.00000 -0.00000
1619726129981683 0.99536 -0.09627 0.00000 -5.51029 -0.09627 -0.99536 0.00000 0.06705 -0.00000 -0.00000 -1.00000 0.00000
1619726130231690 0.99432 -0.10642 0.00000 -6.44846 -0.10642 -0.99432 0.00000 0.12546 -0.00000 -0.00000 -1.00000 0.00000
1619726130481060 0.99389 -0.11035 0.00000 -7.42551 -0.11035 -0.99389 0.00000 0.01115 -0.00000 -0.00000 -1.00000 0.00000
1619726130731693 0.99278 -0.11998 0.00000 -8.44425 -0.11998 -0.99278 0.00000 0.15384 -0.00000 -0.00000 -1.00000 0.00000
1619726130981703 0.99176 -0.12812 0.00000 -9.46460 -0.12812 -0.99176 0.00000 0.17188 -0.00000 -0.00000 -1.00000 0.00000
1619726131231079 0.99175 -0.12817 -0.00000 -10.56265 -0.12817 -0.99175 0.00000 0.10215 -0.00000 -0.00000 -1.00000 0.00000
1619726131481081 0.99153 -0.12987 0.00000 -11.77105 -0.12987 -0.99153 0.00000 0.27670 -0.00000 -0.00000 -1.00000 0.00000
1619726131731087 0.98985 -0.14209 0.00000 -12.80772 -0.14209 -0.98985 0.00000 0.34727 -0.00000 -0.00000 -1.00000 0.00000
1619726131981087 0.98924 -0.14631 0.00000 -13.84642 -0.14631 -0.98924 0.00000 0.31353 -0.00000 -0.00000 -1.00000 0.00000
1619726132231095 0.98933 -0.14568 0.00000 -14.87565 -0.14568 -0.98933 0.00000 0.29815 -0.00000 -0.00000 -1.00000 0.00000
1619726132481764 0.99009 -0.14045 0.00000 -15.91259 -0.14045 -0.99009 0.00000 0.27618 -0.00000 -0.00000 -1.00000 0.00000
1619726132731720 0.99138 -0.13098 0.00000 -16.76447 -0.13098 -0.99138 0.00000 0.00463 -0.00000 -0.00000 -1.00000 0.00000
1619726132982350 0.99260 -0.12141 0.00000 -17.62272 -0.12141 -0.99260 0.00000 -0.08426 -0.00000 -0.00000 -1.00000 -0.00000
1619726133232994 0.99351 -0.11378 0.00000 -18.43751 -0.11378 -0.99351 0.00000 -0.31176 -0.00000 -0.00000 -1.00000 -0.00000
1619726133482984 0.99499 -0.09994 0.00000 -19.23676 -0.09994 -0.99499 0.00000 -0.44638 -0.00000 -0.00000 -1.00000 -0.00000
1619726133732363 0.99620 -0.08715 -0.00000 -19.97352 -0.08715 -0.99620 0.00000 -0.78268 -0.00000 -0.00000 -1.00000 -0.00000
1619726133982364 0.99738 -0.07239 0.00000 -20.65770 -0.07239 -0.99738 0.00000 -0.96497 -0.00000 -0.00000 -1.00000 -0.00000
1619726134232369 0.99804 -0.06261 0.00000 -21.32224 -0.06261 -0.99804 0.00000 -1.18278 -0.00000 -0.00000 -1.00000 -0.00000
1619726134482372 0.99866 -0.05183 0.00000 -21.95286 -0.05183 -0.99866 0.00000 -1.44982 -0.00000 -0.00000 -1.00000 -0.00000
1619726134732378 0.99910 -0.04231 0.00000 -22.62648 -0.04231 -0.99910 0.00000 -1.69241 -0.00000 -0.00000 -1.00000 -0.00000
1619726134982379 0.99945 -0.03305 0.00000 -23.16861 -0.03305 -0.99945 0.00000 -1.85038 -0.00000 -0.00000 -1.00000 -0.00000
1619726135232382 0.99952 -0.03109 -0.00000 -23.83880 -0.03109 -0.99952 0.00000 -1.92815 -0.00000 -0.00000 -1.00000 -0.00000
1619726135481760 0.99976 -0.02188 0.00000 -24.48452 -0.02188 -0.99976 0.00000 -2.21062 -0.00000 -0.00000 -1.00000 -0.00000
1619726135731769 0.99999 -0.00472 0.00000 -25.17212 -0.00472 -0.99999 0.00000 -2.54854 -0.00000 -0.00000 -1.00000 -0.00000
1619726135981767 1.00000 -0.00106 -0.00000 -25.85179 -0.00106 -1.00000 0.00000 -2.66120 -0.00000 -0.00000 -1.00000 -0.00000
1619726136231772 0.99999 0.00472 -0.00000 -26.62995 0.00472 -0.99999 0.00000 -2.81674 0.00000 -0.00000 -1.00000 -0.00000
1619726136481149 0.99992 0.01244 0.00000 -27.50072 0.01244 -0.99992 0.00000 -3.16154 0.00000 -0.00000 -1.00000 -0.00000
1619726136731156 0.99961 0.02788 0.00000 -28.37136 0.02788 -0.99961 0.00000 -3.47923 0.00000 -0.00000 -1.00000 -0.00000
1619726136981165 0.99965 0.02663 -0.00000 -29.41492 0.02663 -0.99965 0.00000 -3.51202 0.00000 -0.00000 -1.00000 -0.00000
1619726137231163 0.99941 0.03449 0.00000 -30.37970 0.03449 -0.99941 0.00000 -3.84907 0.00000 -0.00000 -1.00000 -0.00000
1619726137481162 0.99911 0.04208 0.00000 -31.52801 0.04208 -0.99911 0.00000 -4.07192 0.00000 -0.00000 -1.00000 -0.00000
1619726137731794 0.99920 0.03991 0.00000 -32.76980 0.03991 -0.99920 0.00000 -4.01216 0.00000 -0.00000 -1.00000 -0.00000
1619726137981796 0.99893 0.04619 -0.00000 -34.00268 0.04619 -0.99893 0.00000 -4.18911 0.00000 -0.00000 -1.00000 -0.00000
1619726138231810 0.99889 0.04707 0.00000 -35.33839 0.04707 -0.99889 0.00000 -4.25248 0.00000 -0.00000 -1.00000 -0.00000
1619726138481800 0.99886 0.04780 0.00000 -36.72831 0.04780 -0.99886 0.00000 -4.27724 0.00000 -0.00000 -1.00000 -0.00000
1619726138731806 0.99877 0.04951 0.00000 -38.15711 0.04951 -0.99877 0.00000 -4.36634 0.00000 -0.00000 -1.00000 -0.00000
1619726138981808 0.99868 0.05133 0.00000 -39.55289 0.05133 -0.99868 0.00000 -4.50079 0.00000 -0.00000 -1.00000 -0.00000
1619726139231813 0.99870 0.05105 -0.00000 -40.96771 0.05105 -0.99870 0.00000 -4.42866 0.00000 -0.00000 -1.00000 -0.00000
1619726139481820 0.99909 0.04266 0.00000 -42.46480 0.04266 -0.99909 0.00000 -4.15019 0.00000 -0.00000 -1.00000 -0.00000
1619726139731198 0.99905 0.04367 0.00000 -43.91691 0.04367 -0.99905 0.00000 -4.36669 0.00000 -0.00000 -1.00000 -0.00000
1619726139981199 0.99890 0.04686 0.00000 -45.24785 0.04686 -0.99890 0.00000 -4.38034 0.00000 -0.00000 -1.00000 -0.00000
1619726140231205 0.99899 0.04486 0.00000 -46.65710 0.04486 -0.99899 0.00000 -4.21147 0.00000 -0.00000 -1.00000 -0.00000
1619726140481251 0.99926 0.03853 0.00000 -48.10604 0.03853 -0.99926 0.00000 -3.97423 0.00000 -0.00000 -1.00000 -0.00000
1619726140730590 0.99926 0.03847 0.00000 -49.63202 0.03847 -0.99926 0.00000 -4.01083 0.00000 -0.00000 -1.00000 -0.00000
1619726140981211 0.99894 0.04598 0.00000 -51.03865 0.04598 -0.99894 0.00000 -4.31177 0.00000 -0.00000 -1.00000 -0.00000
1619726141231216 0.99862 0.05261 0.00000 -52.60385 0.05261 -0.99862 0.00000 -4.69796 0.00000 -0.00000 -1.00000 -0.00000
1619726141481841 0.99866 0.05166 0.00000 -54.19973 0.05166 -0.99866 0.00000 -4.62750 0.00000 -0.00000 -1.00000 -0.00000
1619726141731851 0.99840 0.05659 0.00000 -55.79078 0.05659 -0.99840 0.00000 -5.01999 0.00000 -0.00000 -1.00000 -0.00000
1619726141981853 0.99808 0.06189 0.00000 -57.50201 0.06189 -0.99808 0.00000 -5.34106 0.00000 -0.00000 -1.00000 -0.00000
1619726142231858 0.99807 0.06211 0.00000 -59.19875 0.06211 -0.99807 0.00000 -5.35957 0.00000 -0.00000 -1.00000 -0.00000
1619726142481856 0.99751 0.07053 -0.00000 -60.92547 0.07053 -0.99751 0.00000 -5.92326 0.00000 -0.00000 -1.00000 -0.00000
1619726142731864 0.99696 0.07796 0.00000 -62.64636 0.07796 -0.99696 0.00000 -6.35203 0.00000 -0.00000 -1.00000 -0.00000
1619726142981867 0.99666 0.08163 -0.00000 -64.51860 0.08163 -0.99666 0.00000 -6.62299 0.00000 -0.00000 -1.00000 -0.00000
1619726143231242 0.99549 0.09484 0.00000 -66.26449 0.09484 -0.99549 0.00000 -7.51662 0.00000 -0.00000 -1.00000 -0.00000
1619726143481246 0.99497 0.10018 0.00000 -68.10025 0.10018 -0.99497 0.00000 -7.84195 0.00000 -0.00000 -1.00000 -0.00000
1619726143731250 0.99475 0.10230 0.00000 -70.13316 0.10230 -0.99475 0.00000 -8.06326 0.00000 -0.00000 -1.00000 -0.00000
1619726143981878 0.99554 0.09437 0.00000 -72.11456 0.09437 -0.99554 0.00000 -7.46010 0.00000 -0.00000 -1.00000 -0.00000
1619726144231885 0.99571 0.09254 0.00000 -74.10365 0.09254 -0.99571 0.00000 -7.33428 0.00000 -0.00000 -1.00000 -0.00000
1619726144481888 0.99670 0.08122 0.00000 -76.17435 0.08122 -0.99670 0.00000 -6.49105 0.00000 -0.00000 -1.00000 -0.00000
1619726144731267 0.99761 0.06912 0.00000 -78.24775 0.06912 -0.99761 0.00000 -5.64950 0.00000 -0.00000 -1.00000 -0.00000
1619726144981900 0.99924 0.03909 0.00000 -80.42279 0.03909 -0.99924 0.00000 -3.25971 0.00000 -0.00000 -1.00000 -0.00000
1619726145231900 0.99999 0.00427 0.00000 -82.41825 0.00427 -0.99999 0.00000 -0.46808 0.00000 -0.00000 -1.00000 -0.00000
1619726145481900 0.99943 -0.03365 0.00000 -84.42404 -0.03365 -0.99943 0.00000 2.66579 -0.00000 -0.00000 -1.00000 0.00000
1619726145731903 0.99707 -0.07648 0.00000 -86.21727 -0.07648 -0.99707 0.00000 6.28392 -0.00000 -0.00000 -1.00000 0.00000
1619726145981281 0.99268 -0.12080 0.00000 -87.67825 -0.12080 -0.99268 0.00000 9.93077 -0.00000 -0.00000 -1.00000 0.00000
1619726146231285 0.98701 -0.16065 0.00000 -89.18880 -0.16065 -0.98701 0.00000 13.51877 -0.00000 -0.00000 -1.00000 0.00000
1619726146480664 0.97580 -0.21867 0.00000 -90.28388 -0.21867 -0.97580 0.00000 18.69161 -0.00000 -0.00000 -1.00000 0.00000
1619726146730674 0.96299 -0.26955 0.00000 -91.04399 -0.26955 -0.96299 0.00000 23.45401 -0.00000 -0.00000 -1.00000 0.00000
1619726146981292 0.94031 -0.34033 0.00000 -90.99979 -0.34033 -0.94031 0.00000 30.09224 -0.00000 -0.00000 -1.00000 0.00000
1619726147231925 0.91703 -0.39882 0.00000 -90.99753 -0.39882 -0.91703 0.00000 35.76190 -0.00000 -0.00000 -1.00000 0.00000
1619726147481929 0.89132 -0.45338 0.00000 -90.68736 -0.45338 -0.89132 0.00000 41.24744 -0.00000 -0.00000 -1.00000 0.00000
1619726147731934 0.86257 -0.50594 0.00000 -90.06099 -0.50594 -0.86257 0.00000 46.55148 -0.00000 -0.00000 -1.00000 0.00000
1619726147982559 0.82687 -0.56240 0.00000 -88.72995 -0.56240 -0.82687 0.00000 52.39552 -0.00000 -0.00000 -1.00000 0.00000
1619726148232566 0.78057 -0.62507 0.00000 -86.53770 -0.62507 -0.78057 0.00000 59.29285 -0.00000 -0.00000 -1.00000 0.00000
1619726148481986 0.72567 -0.68805 0.00000 -83.18342 -0.68805 -0.72567 0.00000 66.16777 -0.00000 -0.00000 -1.00000 0.00000
1619726148731954 0.66438 -0.74740 0.00000 -79.20475 -0.74740 -0.66438 0.00000 73.11451 -0.00000 -0.00000 -1.00000 0.00000
1619726148981950 0.60597 -0.79549 0.00000 -75.38547 -0.79549 -0.60597 0.00000 78.82766 -0.00000 -0.00000 -1.00000 0.00000
1619726149231328 0.55724 -0.83035 0.00000 -72.46792 -0.83035 -0.55724 0.00000 82.98485 -0.00000 -0.00000 -1.00000 0.00000
1619726149481331 0.50265 -0.86449 0.00000 -68.96883 -0.86449 -0.50265 0.00000 87.77407 -0.00000 -0.00000 -1.00000 0.00000
1619726149730716 0.46274 -0.88649 -0.00000 -66.89322 -0.88649 -0.46274 0.00000 90.40926 -0.00000 -0.00000 -1.00000 0.00000
1619726149980711 0.42816 -0.90370 0.00000 -65.43580 -0.90370 -0.42816 0.00000 93.20234 -0.00000 -0.00000 -1.00000 0.00000
1619726150230720 0.40554 -0.91408 0.00000 -65.14606 -0.91408 -0.40554 0.00000 94.58387 -0.00000 -0.00000 -1.00000 0.00000
1619726150481344 0.38872 -0.92136 -0.00000 -65.49649 -0.92136 -0.38872 0.00000 95.85711 -0.00000 -0.00000 -1.00000 0.00000
1619726150731976 0.38139 -0.92441 0.00000 -66.85358 -0.92441 -0.38139 0.00000 96.31790 -0.00000 -0.00000 -1.00000 0.00000
1619726150981985 0.38310 -0.92371 0.00000 -69.13832 -0.92371 -0.38310 0.00000 95.95090 -0.00000 -0.00000 -1.00000 0.00000
1619726151232609 0.38587 -0.92255 0.00000 -71.63961 -0.92255 -0.38587 0.00000 95.75101 -0.00000 -0.00000 -1.00000 0.00000
1619726151483234 0.39364 -0.91926 0.00000 -74.57173 -0.91926 -0.39364 0.00000 95.08210 -0.00000 -0.00000 -1.00000 0.00000
1619726151733236 0.40597 -0.91389 0.00000 -78.04148 -0.91389 -0.40597 0.00000 94.10572 -0.00000 -0.00000 -1.00000 0.00000
1619726151983244 0.42411 -0.90561 0.00000 -82.08947 -0.90561 -0.42411 0.00000 92.45733 -0.00000 -0.00000 -1.00000 0.00000
1619726152233247 0.44671 -0.89468 0.00000 -86.62904 -0.89468 -0.44671 0.00000 90.23203 -0.00000 -0.00000 -1.00000 0.00000
1619726152483246 0.46897 -0.88321 0.00000 -91.16314 -0.88321 -0.46897 0.00000 88.09747 -0.00000 -0.00000 -1.00000 0.00000
1619726152733251 0.48442 -0.87484 0.00000 -94.94127 -0.87484 -0.48442 0.00000 86.44166 -0.00000 -0.00000 -1.00000 0.00000
1619726152983266 0.50078 -0.86557 0.00000 -98.67281 -0.86557 -0.50078 0.00000 84.60460 -0.00000 -0.00000 -1.00000 0.00000
1619726153233261 0.51731 -0.85580 0.00000 -102.51685 -0.85580 -0.51731 0.00000 82.64140 -0.00000 -0.00000 -1.00000 0.00000
1619726153483259 0.53340 -0.84587 0.00000 -106.29139 -0.84587 -0.53340 0.00000 80.50869 -0.00000 -0.00000 -1.00000 0.00000
1619726153733264 0.54159 -0.84064 0.00000 -109.19379 -0.84064 -0.54159 0.00000 79.51692 -0.00000 -0.00000 -1.00000 0.00000
1619726153983266 0.54596 -0.83781 0.00000 -111.68988 -0.83781 -0.54596 0.00000 78.95573 -0.00000 -0.00000 -1.00000 0.00000
1619726154233268 0.55170 -0.83404 0.00000 -114.37460 -0.83404 -0.55170 0.00000 78.16492 -0.00000 -0.00000 -1.00000 0.00000
1619726154483273 0.54577 -0.83794 0.00000 -115.84855 -0.83794 -0.54577 0.00000 78.90116 -0.00000 -0.00000 -1.00000 0.00000
1619726154733278 0.54424 -0.83893 -0.00000 -117.66321 -0.83893 -0.54424 0.00000 79.23614 -0.00000 -0.00000 -1.00000 0.00000
1619726154982661 0.55093 -0.83455 0.00000 -120.37602 -0.83455 -0.55093 0.00000 78.06368 -0.00000 -0.00000 -1.00000 0.00000
1619726155232655 0.55210 -0.83378 0.00000 -122.54545 -0.83378 -0.55210 0.00000 77.86431 -0.00000 -0.00000 -1.00000 0.00000
1619726155482036 0.55442 -0.83224 0.00000 -124.43607 -0.83224 -0.55442 0.00000 77.42681 -0.00000 -0.00000 -1.00000 0.00000
1619726155732042 0.57389 -0.81894 0.00000 -128.16295 -0.81894 -0.57389 0.00000 74.47444 -0.00000 -0.00000 -1.00000 0.00000
1619726155982042 0.60299 -0.79775 0.00000 -132.50961 -0.79775 -0.60299 0.00000 69.78893 -0.00000 -0.00000 -1.00000 0.00000
1619726156232055 0.64468 -0.76446 0.00000 -137.84747 -0.76446 -0.64468 0.00000 62.56590 -0.00000 -0.00000 -1.00000 0.00000
1619726156482084 0.69649 -0.71757 0.00000 -143.46806 -0.71757 -0.69649 0.00000 52.81515 -0.00000 -0.00000 -1.00000 0.00000
1619726156732057 0.75731 -0.65306 0.00000 -149.13389 -0.65306 -0.75731 0.00000 39.91083 -0.00000 -0.00000 -1.00000 0.00000
1619726156982059 0.82430 -0.56616 -0.00000 -154.03944 -0.56616 -0.82430 0.00000 23.26577 -0.00000 -0.00000 -1.00000 0.00000
1619726157232062 0.89233 -0.45139 -0.00000 -157.16001 -0.45139 -0.89233 0.00000 2.55735 -0.00000 -0.00000 -1.00000 0.00000
1619726157482067 0.94733 -0.32025 0.00000 -157.16924 -0.32025 -0.94733 0.00000 -19.76053 -0.00000 -0.00000 -1.00000 -0.00000
1619726157732070 0.98294 -0.18392 0.00000 -153.96342 -0.18392 -0.98294 0.00000 -41.65316 -0.00000 -0.00000 -1.00000 -0.00000
1619726157982075 0.99944 -0.03339 0.00000 -147.07030 -0.03339 -0.99944 0.00000 -64.40103 -0.00000 -0.00000 -1.00000 -0.00000
1619726158232085 0.99092 0.13446 0.00000 -135.30439 0.13446 -0.99092 0.00000 -88.16229 0.00000 -0.00000 -1.00000 -0.00000
1619726158482407 0.95142 0.30791 0.00000 -118.61363 0.30791 -0.95142 0.00000 -110.65544 0.00000 -0.00000 -1.00000 -0.00000
1619726158732084 0.87394 0.48603 -0.00000 -96.00729 0.48603 -0.87394 0.00000 -131.47929 0.00000 -0.00000 -1.00000 -0.00000
1619726158982714 0.76172 0.64790 0.00000 -69.36457 0.64790 -0.76172 0.00000 -147.73717 0.00000 -0.00000 -1.00000 -0.00000
1619726159232731 0.60872 0.79338 -0.00000 -37.76111 0.79338 -0.60872 0.00000 -158.95951 0.00000 -0.00000 -1.00000 -0.00000
1619726159482719 0.43825 0.89885 0.00000 -6.34018 0.89885 -0.43825 0.00000 -163.19444 0.00000 -0.00000 -1.00000 -0.00000
1619726159733349 0.24699 0.96902 0.00000 25.97993 0.96902 -0.24699 0.00000 -161.10050 0.00000 -0.00000 -1.00000 -0.00000
1619726159983352 0.04471 0.99900 0.00000 57.27703 0.99900 -0.04471 0.00000 -152.36362 0.00000 -0.00000 -1.00000 -0.00000
1619726160233356 -0.15752 0.98752 0.00000 85.88415 0.98752 0.15752 0.00000 -137.66804 0.00000 0.00000 -1.00000 -0.00000
1619726160483360 -0.34943 0.93696 0.00000 110.42077 0.93696 0.34943 0.00000 -117.91025 0.00000 0.00000 -1.00000 -0.00000
1619726160733988 -0.52910 0.84856 0.00000 130.74993 0.84856 0.52910 0.00000 -93.44740 0.00000 0.00000 -1.00000 -0.00000
1619726160984621 -0.67028 0.74211 0.00000 144.11631 0.74211 0.67028 0.00000 -68.94299 0.00000 0.00000 -1.00000 -0.00000
1619726161234625 -0.77746 0.62893 0.00000 151.98158 0.62893 0.77746 0.00000 -45.67035 0.00000 0.00000 -1.00000 -0.00000
1619726161484632 -0.84301 0.53789 0.00000 154.95413 0.53789 0.84301 0.00000 -28.50947 0.00000 0.00000 -1.00000 -0.00000
1619726161735259 -0.89055 0.45488 -0.00000 155.92357 0.45488 0.89055 0.00000 -13.36539 0.00000 0.00000 -1.00000 -0.00000
1619726161985261 -0.91516 0.40310 0.00000 155.13095 0.40310 0.91516 0.00000 -4.47207 0.00000 0.00000 -1.00000 -0.00000
1619726162235263 -0.92752 0.37378 0.00000 154.02585 0.37378 0.92752 0.00000 0.43350 0.00000 0.00000 -1.00000 0.00000
1619726162485887 -0.93362 0.35828 0.00000 152.76255 0.35828 0.93362 0.00000 3.08170 0.00000 0.00000 -1.00000 0.00000
1619726162735919 -0.93386 0.35765 0.00000 151.47705 0.35765 0.93386 0.00000 3.12908 0.00000 0.00000 -1.00000 0.00000
1619726162985272 -0.93273 0.36057 -0.00000 150.19032 0.36057 0.93273 0.00000 2.61028 0.00000 0.00000 -1.00000 0.00000
1619726163235271 -0.92453 0.38110 0.00000 148.68468 0.38110 0.92453 0.00000 -0.57434 0.00000 0.00000 -1.00000 -0.00000
1619726163485280 -0.91245 0.40919 -0.00000 147.22417 0.40919 0.91245 0.00000 -5.23536 0.00000 0.00000 -1.00000 -0.00000
1619726163735292 -0.89440 0.44727 0.00000 145.29672 0.44727 0.89440 0.00000 -11.47719 0.00000 0.00000 -1.00000 -0.00000
1619726163985285 -0.87610 0.48213 -0.00000 143.37440 0.48213 0.87610 0.00000 -17.17267 0.00000 0.00000 -1.00000 -0.00000
1619726164235290 -0.85246 0.52280 -0.00000 140.75592 0.52280 0.85246 0.00000 -23.91081 0.00000 0.00000 -1.00000 -0.00000
1619726164484666 -0.82810 0.56057 -0.00000 137.85041 0.56057 0.82810 0.00000 -30.39006 0.00000 0.00000 -1.00000 -0.00000
1619726164735301 -0.80162 0.59783 0.00000 134.72402 0.59783 0.80162 0.00000 -36.62359 0.00000 0.00000 -1.00000 -0.00000
1619726164985299 -0.76706 0.64158 0.00000 130.64427 0.64158 0.76706 0.00000 -44.06828 0.00000 0.00000 -1.00000 -0.00000
1619726165234677 -0.72962 0.68386 0.00000 126.28678 0.68386 0.72962 0.00000 -51.52967 0.00000 0.00000 -1.00000 -0.00000
1619726165484683 -0.68332 0.73012 0.00000 120.79382 0.73012 0.68332 0.00000 -59.57616 0.00000 0.00000 -1.00000 -0.00000
1619726165734684 -0.62855 0.77777 0.00000 114.36280 0.77777 0.62855 0.00000 -68.25434 0.00000 0.00000 -1.00000 -0.00000
1619726165984066 -0.57415 0.81875 0.00000 107.63227 0.81875 0.57415 0.00000 -76.05620 0.00000 0.00000 -1.00000 -0.00000
1619726166234066 -0.53071 0.84755 0.00000 101.61670 0.84755 0.53071 0.00000 -81.42116 0.00000 0.00000 -1.00000 -0.00000
1619726166484071 -0.48581 0.87406 0.00000 95.30697 0.87406 0.48581 0.00000 -86.58216 0.00000 0.00000 -1.00000 -0.00000
1619726166733447 -0.46008 0.88788 0.00000 90.76346 0.88788 0.46008 0.00000 -89.35873 0.00000 0.00000 -1.00000 -0.00000
1619726166983448 -0.42411 0.90561 0.00000 85.05920 0.90561 0.42411 0.00000 -92.96463 0.00000 0.00000 -1.00000 -0.00000
1619726167233450 -0.40057 0.91626 0.00000 80.58061 0.91626 0.40057 0.00000 -94.98306 0.00000 0.00000 -1.00000 -0.00000
1619726167482831 -0.39230 0.91984 0.00000 77.60005 0.91984 0.39230 0.00000 -95.86101 0.00000 0.00000 -1.00000 -0.00000
1619726167732839 -0.37738 0.92606 -0.00000 73.86818 0.92606 0.37738 0.00000 -97.11316 0.00000 0.00000 -1.00000 -0.00000
1619726167982840 -0.36765 0.92996 -0.00000 70.67779 0.92996 0.36765 0.00000 -97.89261 0.00000 0.00000 -1.00000 -0.00000
1619726168232848 -0.35617 0.93442 0.00000 67.20932 0.93442 0.35617 0.00000 -98.63807 0.00000 0.00000 -1.00000 -0.00000
1619726168482218 -0.35660 0.93426 0.00000 65.15435 0.93426 0.35660 0.00000 -98.82416 0.00000 0.00000 -1.00000 -0.00000
1619726168732851 -0.36546 0.93083 0.00000 63.88679 0.93083 0.36546 0.00000 -98.11302 0.00000 0.00000 -1.00000 -0.00000
1619726168982861 -0.37457 0.92720 0.00000 62.72292 0.92720 0.37457 0.00000 -97.75963 0.00000 0.00000 -1.00000 -0.00000
1619726169232230 -0.40305 0.91518 0.00000 63.52671 0.91518 0.40305 0.00000 -95.45324 0.00000 0.00000 -1.00000 -0.00000
1619726169482234 -0.43165 0.90204 0.00000 64.42908 0.90204 0.43165 0.00000 -93.68817 0.00000 0.00000 -1.00000 -0.00000
1619726169732239 -0.47401 0.88052 -0.00000 66.60657 0.88052 0.47401 0.00000 -90.39864 0.00000 0.00000 -1.00000 -0.00000
1619726169982242 -0.52395 0.85175 0.00000 69.57579 0.85175 0.52395 0.00000 -86.57050 0.00000 0.00000 -1.00000 -0.00000
1619726170232249 -0.57633 0.81722 0.00000 72.83504 0.81722 0.57633 0.00000 -82.23565 0.00000 0.00000 -1.00000 -0.00000
1619726170482245 -0.63102 0.77577 0.00000 76.26622 0.77577 0.63102 0.00000 -77.02627 0.00000 0.00000 -1.00000 -0.00000
1619726170732250 -0.68485 0.72868 -0.00000 79.45929 0.72868 0.68485 0.00000 -71.49890 0.00000 0.00000 -1.00000 -0.00000
1619726170982264 -0.73394 0.67921 0.00000 82.27366 0.67921 0.73394 0.00000 -65.89854 0.00000 0.00000 -1.00000 -0.00000
1619726171232259 -0.78390 0.62089 0.00000 85.12020 0.62089 0.78390 0.00000 -59.36934 0.00000 0.00000 -1.00000 -0.00000
1619726171482889 -0.82417 0.56634 0.00000 86.89556 0.56634 0.82417 0.00000 -53.60341 0.00000 0.00000 -1.00000 -0.00000
1619726171732893 -0.86662 0.49896 0.00000 88.88905 0.49896 0.86662 0.00000 -46.55003 0.00000 0.00000 -1.00000 -0.00000
1619726171982897 -0.89949 0.43694 -0.00000 89.84708 0.43694 0.89949 0.00000 -40.16348 0.00000 0.00000 -1.00000 -0.00000
1619726172232897 -0.92943 0.36900 0.00000 90.62251 0.36900 0.92943 0.00000 -33.34201 0.00000 0.00000 -1.00000 -0.00000
1619726172482917 -0.95337 0.30180 0.00000 90.79614 0.30180 0.95337 0.00000 -26.88626 0.00000 0.00000 -1.00000 -0.00000
1619726172732909 -0.97124 0.23810 0.00000 90.35622 0.23810 0.97124 0.00000 -20.91273 0.00000 0.00000 -1.00000 -0.00000
1619726172982913 -0.98462 0.17473 0.00000 89.50921 0.17473 0.98462 0.00000 -15.06851 0.00000 0.00000 -1.00000 -0.00000
1619726173232914 -0.99268 0.12080 0.00000 88.23713 0.12080 0.99268 0.00000 -10.05738 0.00000 0.00000 -1.00000 -0.00000
1619726173482916 -0.99642 0.08452 0.00000 86.53858 0.08452 0.99642 0.00000 -6.92012 0.00000 0.00000 -1.00000 -0.00000
1619726173733547 -0.99821 0.05985 0.00000 84.65316 0.05985 0.99821 0.00000 -4.78002 0.00000 0.00000 -1.00000 -0.00000
1619726173983552 -0.99929 0.03780 0.00000 82.73855 0.03780 0.99929 0.00000 -2.88769 0.00000 0.00000 -1.00000 -0.00000
1619726174232930 -0.99974 0.02302 0.00000 80.63203 0.02302 0.99974 0.00000 -1.74132 0.00000 0.00000 -1.00000 -0.00000
1619726174483555 -0.99990 0.01427 0.00000 78.67769 0.01427 0.99990 0.00000 -0.98717 0.00000 0.00000 -1.00000 -0.00000
1619726174733555 -0.99998 0.00597 0.00000 76.60886 0.00597 0.99998 0.00000 -0.27082 0.00000 0.00000 -1.00000 -0.00000
1619726174983556 -1.00000 -0.00232 0.00000 74.49735 -0.00232 1.00000 0.00000 0.31099 -0.00000 0.00000 -1.00000 0.00000
1619726175233565 -0.99989 -0.01510 0.00000 72.39642 -0.01510 0.99989 0.00000 1.22270 -0.00000 0.00000 -1.00000 0.00000
1619726175482942 -0.99937 -0.03538 0.00000 70.16258 -0.03538 0.99937 0.00000 2.59046 -0.00000 0.00000 -1.00000 0.00000
1619726175732948 -0.99886 -0.04777 0.00000 67.88478 -0.04777 0.99886 0.00000 3.37074 -0.00000 0.00000 -1.00000 0.00000
1619726175983572 -0.99854 -0.05407 -0.00000 65.62073 -0.05407 0.99854 0.00000 3.91241 -0.00000 0.00000 -1.00000 0.00000
1619726176232952 -0.99812 -0.06130 0.00000 63.36200 -0.06130 0.99812 0.00000 4.29731 -0.00000 0.00000 -1.00000 0.00000
1619726176482955 -0.99827 -0.05880 -0.00000 61.06038 -0.05880 0.99827 0.00000 4.11863 -0.00000 0.00000 -1.00000 0.00000
1619726176732961 -0.99852 -0.05430 0.00000 58.72658 -0.05430 0.99852 0.00000 3.77006 -0.00000 0.00000 -1.00000 0.00000
1619726176982970 -0.99890 -0.04698 -0.00000 56.36028 -0.04698 0.99890 0.00000 3.44554 -0.00000 0.00000 -1.00000 0.00000
1619726177232348 -0.99914 -0.04143 -0.00000 53.98639 -0.04143 0.99914 0.00000 2.88461 -0.00000 0.00000 -1.00000 0.00000
1619726177482347 -0.99959 -0.02853 -0.00000 51.57738 -0.02853 0.99959 0.00000 2.10439 -0.00000 0.00000 -1.00000 0.00000
1619726177732353 -0.99955 -0.03008 0.00000 49.09112 -0.03008 0.99955 0.00000 2.40245 -0.00000 0.00000 -1.00000 0.00000
1619726177982352 -0.99986 -0.01699 0.00000 46.69867 -0.01699 0.99986 0.00000 1.77007 -0.00000 0.00000 -1.00000 0.00000
1619726178232361 -0.99995 -0.01044 0.00000 44.31261 -0.01044 0.99995 0.00000 1.33633 -0.00000 0.00000 -1.00000 0.00000
1619726178482361 -0.99998 -0.00596 0.00000 41.83899 -0.00596 0.99998 0.00000 1.11993 -0.00000 0.00000 -1.00000 0.00000
1619726178731741 -0.99998 -0.00572 0.00000 39.38119 -0.00572 0.99998 0.00000 1.00215 -0.00000 0.00000 -1.00000 0.00000
1619726178981750 -0.99999 -0.00331 -0.00000 36.98070 -0.00331 0.99999 0.00000 0.94732 -0.00000 0.00000 -1.00000 0.00000
1619726179231745 -1.00000 0.00042 0.00000 34.48889 0.00042 1.00000 0.00000 0.73024 0.00000 0.00000 -1.00000 0.00000
1619726179481750 -0.99997 0.00818 0.00000 32.05301 0.00818 0.99997 0.00000 0.45300 0.00000 0.00000 -1.00000 0.00000
1619726179731755 -0.99986 0.01682 0.00000 29.51270 0.01682 0.99986 0.00000 0.09694 0.00000 0.00000 -1.00000 0.00000
1619726179981755 -0.99973 0.02324 -0.00000 27.02956 0.02324 0.99973 0.00000 -0.11874 0.00000 0.00000 -1.00000 -0.00000
1619726180231764 -0.99944 0.03349 0.00000 24.48509 0.03349 0.99944 0.00000 -0.37799 0.00000 0.00000 -1.00000 -0.00000
1619726180481796 -0.99919 0.04022 0.00000 21.94636 0.04022 0.99919 0.00000 -0.54819 0.00000 0.00000 -1.00000 -0.00000
1619726180731770 -0.99923 0.03913 -0.00000 19.28147 0.03913 0.99923 0.00000 -0.64483 0.00000 0.00000 -1.00000 -0.00000
1619726180982399 -0.99901 0.04450 -0.00000 16.76053 0.04450 0.99901 0.00000 -0.74797 0.00000 0.00000 -1.00000 -0.00000
1619726181232397 -0.99887 0.04743 -0.00000 14.18258 0.04743 0.99887 0.00000 -0.79690 0.00000 0.00000 -1.00000 -0.00000
1619726181482398 -0.99860 0.05297 0.00000 11.58982 0.05297 0.99860 0.00000 -0.92531 0.00000 0.00000 -1.00000 -0.00000
1619726181733032 -0.99801 0.06306 0.00000 8.96666 0.06306 0.99801 0.00000 -1.05912 0.00000 0.00000 -1.00000 -0.00000
1619726181982409 -0.99811 0.06146 0.00000 6.40581 0.06146 0.99811 0.00000 -1.12164 0.00000 0.00000 -1.00000 -0.00000
1619726182232415 -0.99751 0.07055 0.00000 3.80623 0.07055 0.99751 0.00000 -1.12655 0.00000 0.00000 -1.00000 -0.00000
1619726182482414 -0.99733 0.07309 0.00000 1.18989 0.07309 0.99733 0.00000 -1.16107 0.00000 0.00000 -1.00000 -0.00000
1619726182732424 -0.99745 0.07139 0.00000 -1.47422 0.07139 0.99745 0.00000 -1.27605 0.00000 0.00000 -1.00000 -0.00000
1619726182982424 -0.99753 0.07021 0.00000 -3.92258 0.07021 0.99753 0.00000 -1.18516 0.00000 0.00000 -1.00000 -0.00000
1619726183231803 -0.99860 0.05296 0.00000 -6.48109 0.05296 0.99860 0.00000 -1.39827 0.00000 0.00000 -1.00000 -0.00000
1619726183481805 -0.99888 0.04732 0.00000 -9.07180 0.04732 0.99888 0.00000 -1.49870 0.00000 0.00000 -1.00000 -0.00000
1619726183731808 -0.99907 0.04306 0.00000 -11.58373 0.04306 0.99907 0.00000 -1.48035 0.00000 0.00000 -1.00000 -0.00000
1619726183981812 -0.99879 0.04918 0.00000 -14.12353 0.04918 0.99879 0.00000 -1.35712 0.00000 0.00000 -1.00000 -0.00000
1619726184231817 -0.99890 0.04692 -0.00000 -16.74040 0.04692 0.99890 0.00000 -1.54033 0.00000 0.00000 -1.00000 -0.00000
1619726184481818 -0.99860 0.05290 0.00000 -19.28634 0.05290 0.99860 0.00000 -1.42353 0.00000 0.00000 -1.00000 -0.00000
1619726184731826 -0.99890 0.04690 0.00000 -21.95038 0.04690 0.99890 0.00000 -1.57421 0.00000 0.00000 -1.00000 -0.00000
1619726184981838 -0.99909 0.04256 0.00000 -24.47836 0.04256 0.99909 0.00000 -1.69390 0.00000 0.00000 -1.00000 -0.00000
1619726185232455 -0.99909 0.04261 0.00000 -27.15898 0.04261 0.99909 0.00000 -1.77722 0.00000 0.00000 -1.00000 -0.00000
1619726185482458 -0.99934 0.03624 0.00000 -29.79825 0.03624 0.99934 0.00000 -1.85778 0.00000 0.00000 -1.00000 -0.00000
1619726185733089 -0.99963 0.02702 0.00000 -32.19798 0.02702 0.99963 0.00000 -2.01569 0.00000 0.00000 -1.00000 -0.00000
1619726185982466 -0.99968 0.02519 0.00000 -34.94842 0.02519 0.99968 0.00000 -2.09683 0.00000 0.00000 -1.00000 -0.00000
1619726186232467 -0.99979 0.02034 0.00000 -37.41059 0.02034 0.99979 0.00000 -2.39660 0.00000 0.00000 -1.00000 -0.00000
1619726186482470 -0.99980 0.01980 0.00000 -39.94021 0.01980 0.99980 0.00000 -2.45170 0.00000 0.00000 -1.00000 -0.00000
1619726186731853 -0.99998 0.00566 0.00000 -42.43060 0.00566 0.99998 0.00000 -2.98613 0.00000 0.00000 -1.00000 -0.00000
1619726186981861 -1.00000 0.00245 0.00000 -44.82326 0.00245 1.00000 0.00000 -3.17167 0.00000 0.00000 -1.00000 -0.00000
1619726187231232 -0.99989 -0.01512 0.00000 -47.12629 -0.01512 0.99989 0.00000 -4.12658 -0.00000 0.00000 -1.00000 -0.00000
1619726187481235 -0.99983 -0.01836 0.00000 -49.44590 -0.01836 0.99983 0.00000 -4.29214 -0.00000 0.00000 -1.00000 -0.00000
1619726187731869 -0.99959 -0.02869 -0.00000 -51.53579 -0.02869 0.99959 0.00000 -4.80721 -0.00000 0.00000 -1.00000 -0.00000
1619726187982491 -0.99962 -0.02765 -0.00000 -53.62140 -0.02765 0.99962 0.00000 -4.77563 -0.00000 0.00000 -1.00000 -0.00000
1619726188232502 -0.99963 -0.02716 0.00000 -55.57359 -0.02716 0.99963 0.00000 -4.73511 -0.00000 0.00000 -1.00000 -0.00000
1619726188483131 -0.99968 -0.02541 0.00000 -57.43148 -0.02541 0.99968 0.00000 -4.60088 -0.00000 0.00000 -1.00000 -0.00000
1619726188733131 -0.99994 -0.01057 0.00000 -59.20223 -0.01057 0.99994 0.00000 -3.88499 -0.00000 0.00000 -1.00000 -0.00000
1619726188983139 -0.99987 0.01622 0.00000 -60.83385 0.01622 0.99987 0.00000 -2.32104 0.00000 0.00000 -1.00000 -0.00000
1619726189233138 -0.99866 0.05181 0.00000 -62.47707 0.05181 0.99866 0.00000 -0.15875 0.00000 0.00000 -1.00000 -0.00000
1619726189482517 -0.99538 0.09600 0.00000 -63.77448 0.09600 0.99538 0.00000 2.43034 0.00000 0.00000 -1.00000 0.00000
1619726189733145 -0.98727 0.15904 0.00000 -64.71076 0.15904 0.98727 0.00000 6.53559 0.00000 0.00000 -1.00000 0.00000
1619726189982522 -0.97484 0.22289 0.00000 -65.38694 0.22289 0.97484 0.00000 10.64521 0.00000 0.00000 -1.00000 0.00000
1619726190232522 -0.95439 0.29857 0.00000 -65.37458 0.29857 0.95439 0.00000 15.68922 0.00000 0.00000 -1.00000 0.00000
1619726190481903 -0.92088 0.38986 0.00000 -64.63318 0.38986 0.92088 0.00000 22.07991 0.00000 0.00000 -1.00000 0.00000
1619726190731908 -0.87196 0.48958 0.00000 -62.92821 0.48958 0.87196 0.00000 29.01752 0.00000 0.00000 -1.00000 0.00000
1619726190981282 -0.80997 0.58647 0.00000 -60.18502 0.58647 0.80997 0.00000 35.95820 0.00000 0.00000 -1.00000 0.00000
1619726191231291 -0.72646 0.68721 0.00000 -56.06834 0.68721 0.72646 0.00000 43.54793 0.00000 0.00000 -1.00000 0.00000
1619726191481916 -0.63345 0.77378 0.00000 -51.09578 0.77378 0.63345 0.00000 50.28647 0.00000 0.00000 -1.00000 0.00000
1619726191731923 -0.53640 0.84396 -0.00000 -45.69584 0.84396 0.53640 0.00000 55.97469 0.00000 0.00000 -1.00000 0.00000
1619726191982548 -0.43579 0.90005 0.00000 -39.99707 0.90005 0.43579 0.00000 60.82018 0.00000 0.00000 -1.00000 0.00000
1619726192232548 -0.34560 0.93838 0.00000 -35.01162 0.93838 0.34560 0.00000 64.19754 0.00000 0.00000 -1.00000 0.00000
1619726192482553 -0.25981 0.96566 0.00000 -30.21410 0.96566 0.25981 0.00000 67.27435 0.00000 0.00000 -1.00000 0.00000
1619726192731937 -0.19701 0.98040 0.00000 -27.03964 0.98040 0.19701 0.00000 68.93979 0.00000 0.00000 -1.00000 0.00000
1619726192981942 -0.13715 0.99055 0.00000 -24.12670 0.99055 0.13715 0.00000 70.47857 0.00000 0.00000 -1.00000 0.00000
1619726193231318 -0.10804 0.99415 -0.00000 -23.36189 0.99415 0.10804 0.00000 71.16416 0.00000 0.00000 -1.00000 0.00000
1619726193481318 -0.08522 0.99636 0.00000 -23.17660 0.99636 0.08522 0.00000 71.56705 0.00000 0.00000 -1.00000 0.00000
1619726193731952 -0.07150 0.99744 0.00000 -23.69473 0.99744 0.07150 0.00000 71.94317 0.00000 0.00000 -1.00000 0.00000
1619726193982574 -0.06213 0.99807 0.00000 -24.53671 0.99807 0.06213 0.00000 72.11719 0.00000 0.00000 -1.00000 0.00000
1619726194232578 -0.05810 0.99831 0.00000 -25.85515 0.99831 0.05810 0.00000 72.15264 0.00000 0.00000 -1.00000 0.00000
1619726194483206 -0.04155 0.99914 0.00000 -26.35284 0.99914 0.04155 0.00000 72.66246 0.00000 0.00000 -1.00000 0.00000
1619726194733217 -0.03662 0.99933 0.00000 -27.77898 0.99933 0.03662 0.00000 72.71679 0.00000 0.00000 -1.00000 0.00000
1619726194982595 -0.02040 0.99979 0.00000 -28.42347 0.99979 0.02040 0.00000 73.11595 0.00000 0.00000 -1.00000 0.00000
1619726195232597 -0.00390 0.99999 0.00000 -28.98615 0.99999 0.00390 0.00000 73.56522 0.00000 0.00000 -1.00000 0.00000
1619726195482595 0.01506 0.99989 0.00000 -29.45862 0.99989 -0.01506 0.00000 74.18677 0.00000 -0.00000 -1.00000 0.00000
1619726195732599 0.03369 0.99943 0.00000 -29.92604 0.99943 -0.03369 0.00000 74.56611 0.00000 -0.00000 -1.00000 0.00000
1619726195982606 0.05979 0.99821 0.00000 -29.89136 0.99821 -0.05979 0.00000 75.34436 0.00000 -0.00000 -1.00000 0.00000
1619726196232610 0.09186 0.99577 0.00000 -29.40035 0.99577 -0.09186 0.00000 76.23055 0.00000 -0.00000 -1.00000 0.00000
1619726196482652 0.12181 0.99255 0.00000 -29.05707 0.99255 -0.12181 0.00000 77.13779 0.00000 -0.00000 -1.00000 0.00000
1619726196731988 0.14408 0.98957 0.00000 -29.32746 0.98957 -0.14408 0.00000 77.53883 0.00000 -0.00000 -1.00000 0.00000
1619726196981991 0.16990 0.98546 0.00000 -29.30693 0.98546 -0.16990 0.00000 78.35928 0.00000 -0.00000 -1.00000 0.00000
1619726197231997 0.17368 0.98480 -0.00000 -30.98882 0.98480 -0.17368 0.00000 78.46283 0.00000 -0.00000 -1.00000 0.00000
1619726197481998 0.15985 0.98714 0.00000 -34.17575 0.98714 -0.15985 0.00000 77.93294 0.00000 -0.00000 -1.00000 0.00000
1619726197732007 0.13996 0.99016 0.00000 -38.01546 0.99016 -0.13996 0.00000 77.15839 0.00000 -0.00000 -1.00000 0.00000
1619726197982634 0.12227 0.99250 0.00000 -41.34980 0.99250 -0.12227 0.00000 76.51993 0.00000 -0.00000 -1.00000 0.00000
