0.831 -0.556 0. 353361.733 0.556 0.831 0. 4025793.836 0. 0. 1. 0.
0.830 -0.557 0. 353362.347 0.557 0.830 0. 4025794.243 0. 0. 1. 0.
0.829 -0.560 0. 353363.019 0.560 0.829 0. 4025794.692 0. 0. 1. 0.
0.826 -0.563 0. 353363.746 0.563 0.826 0. 4025795.183 0. 0. 1. 0.
0.824 -0.566 0. 353364.527 0.566 0.824 0. 4025795.717 0. 0. 1. 0.
0.822 -0.570 0. 353365.362 0.570 0.822 0. 4025796.295 0. 0. 1. 0.
0.819 -0.573 0. 353366.250 0.573 0.819 0. 4025796.915 0. 0. 1. 0.
0.817 -0.577 0. 353367.185 0.577 0.817 0. 4025797.577 0. 0. 1. 0.
0.814 -0.581 0. 353368.183 0.581 0.814 0. 4025798.287 0. 0. 1. 0.
0.812 -0.584 0. 353369.235 0.584 0.812 0. 4025799.041 0. 0. 1. 0.
0.810 -0.586 0. 353370.344 0.586 0.810 0. 4025799.843 0. 0. 1. 0.
0.809 -0.588 0. 353371.506 0.588 0.809 0. 4025800.688 0. 0. 1. 0.
0.807 -0.590 0. 353372.726 0.590 0.807 0. 4025801.581 0. 0. 1. 0.
0.806 -0.592 0. 353374.005 0.592 0.806 0. 4025802.518 0. 0. 1. 0.
0.805 -0.593 0. 353375.331 0.593 0.805 0. 4025803.496 0. 0. 1. 0.
0.807 -0.591 0. 353376.711 0.591 0.807 0. 4025804.512 0. 0. 1. 0.
0.808 -0.589 0. 353378.153 0.589 0.808 0. 4025805.569 0. 0. 1. 0.
0.811 -0.585 0. 353379.647 0.585 0.811 0. 4025806.656 0. 0. 1. 0.
0.814 -0.581 0. 353381.196 0.581 0.814 0. 4025807.770 0. 0. 1. 0.
0.817 -0.577 0. 353382.800 0.577 0.817 0. 4025808.914 0. 0. 1. 0.
0.818 -0.575 0. 353384.446 0.575 0.818 0. 4025810.075 0. 0. 1. 0.
0.818 -0.575 0. 353386.133 0.575 0.818 0. 4025811.261 0. 0. 1. 0.
0.818 -0.576 0. 353387.864 0.576 0.818 0. 4025812.480 0. 0. 1. 0.
0.817 -0.576 0. 353389.642 0.576 0.817 0. 4025813.732 0. 0. 1. 0.
0.816 -0.578 0. 353391.479 0.578 0.816 0. 4025815.033 0. 0. 1. 0.
0.813 -0.582 0. 353393.375 0.582 0.813 0. 4025816.388 0. 0. 1. 0.
0.809 -0.588 0. 353395.304 0.588 0.809 0. 4025817.782 0. 0. 1. 0.
0.805 -0.593 0. 353397.273 0.593 0.805 0. 4025819.224 0. 0. 1. 0.
0.800 -0.600 0. 353399.247 0.600 0.800 0. 4025820.695 0. 0. 1. 0.
0.793 -0.609 0. 353401.256 0.609 0.793 0. 4025822.224 0. 0. 1. 0.
0.786 -0.619 0. 353403.290 0.619 0.786 0. 4025823.806 0. 0. 1. 0.
0.777 -0.629 0. 353405.336 0.629 0.777 0. 4025825.439 0. 0. 1. 0.
0.769 -0.640 0. 353407.389 0.640 0.769 0. 4025827.123 0. 0. 1. 0.
0.760 -0.650 0. 353409.471 0.650 0.760 0. 4025828.880 0. 0. 1. 0.
0.754 -0.657 0. 353411.583 0.657 0.754 0. 4025830.702 0. 0. 1. 0.
0.750 -0.661 0. 353413.698 0.661 0.750 0. 4025832.554 0. 0. 1. 0.
0.748 -0.664 0. 353415.843 0.664 0.748 0. 4025834.452 0. 0. 1. 0.
0.747 -0.665 0. 353418.009 0.665 0.747 0. 4025836.377 0. 0. 1. 0.
0.750 -0.661 0. 353420.212 0.661 0.750 0. 4025838.329 0. 0. 1. 0.
0.753 -0.658 0. 353422.466 0.658 0.753 0. 4025840.306 0. 0. 1. 0.
0.757 -0.653 0. 353424.756 0.653 0.757 0. 4025842.291 0. 0. 1. 0.
0.762 -0.648 0. 353427.094 0.648 0.762 0. 4025844.293 0. 0. 1. 0.
0.766 -0.643 0. 353429.476 0.643 0.766 0. 4025846.308 0. 0. 1. 0.
0.769 -0.639 0. 353431.894 0.639 0.769 0. 4025848.328 0. 0. 1. 0.
0.771 -0.636 0. 353434.360 0.636 0.771 0. 4025850.367 0. 0. 1. 0.
0.773 -0.634 0. 353436.836 0.634 0.773 0. 4025852.403 0. 0. 1. 0.
0.774 -0.633 0. 353439.311 0.633 0.774 0. 4025854.430 0. 0. 1. 0.
0.774 -0.633 0. 353441.785 0.633 0.774 0. 4025856.453 0. 0. 1. 0.
0.775 -0.632 0. 353444.243 0.632 0.775 0. 4025858.461 0. 0. 1. 0.
0.776 -0.631 0. 353446.679 0.631 0.776 0. 4025860.448 0. 0. 1. 0.
0.778 -0.629 0. 353449.118 0.629 0.778 0. 4025862.426 0. 0. 1. 0.
0.780 -0.626 0. 353451.575 0.626 0.780 0. 4025864.406 0. 0. 1. 0.
0.781 -0.624 0. 353454.044 0.624 0.781 0. 4025866.385 0. 0. 1. 0.
0.781 -0.625 0. 353456.486 0.625 0.781 0. 4025868.336 0. 0. 1. 0.
0.780 -0.626 0. 353458.929 0.626 0.780 0. 4025870.292 0. 0. 1. 0.
0.779 -0.627 0. 353461.382 0.627 0.779 0. 4025872.262 0. 0. 1. 0.
0.779 -0.628 0. 353463.822 0.628 0.779 0. 4025874.228 0. 0. 1. 0.
0.779 -0.628 0. 353466.247 0.628 0.779 0. 4025876.183 0. 0. 1. 0.
0.780 -0.626 0. 353468.675 0.626 0.780 0. 4025878.137 0. 0. 1. 0.
0.781 -0.624 0. 353471.123 0.624 0.781 0. 4025880.097 0. 0. 1. 0.
0.782 -0.623 0. 353473.563 0.623 0.782 0. 4025882.043 0. 0. 1. 0.
0.782 -0.623 0. 353475.994 0.623 0.782 0. 4025883.978 0. 0. 1. 0.
0.781 -0.624 0. 353478.417 0.624 0.781 0. 4025885.911 0. 0. 1. 0.
0.782 -0.623 0. 353480.860 0.623 0.782 0. 4025887.861 0. 0. 1. 0.
0.783 -0.622 0. 353483.292 0.622 0.783 0. 4025889.795 0. 0. 1. 0.
0.785 -0.620 0. 353485.716 0.620 0.785 0. 4025891.715 0. 0. 1. 0.
0.785 -0.620 0. 353488.141 0.620 0.785 0. 4025893.628 0. 0. 1. 0.
0.784 -0.621 0. 353490.590 0.621 0.784 0. 4025895.564 0. 0. 1. 0.
0.783 -0.622 0. 353493.024 0.622 0.783 0. 4025897.495 0. 0. 1. 0.
0.782 -0.623 0. 353495.433 0.623 0.782 0. 4025899.412 0. 0. 1. 0.
0.782 -0.624 0. 353497.855 0.624 0.782 0. 4025901.345 0. 0. 1. 0.
0.781 -0.624 0. 353500.329 0.624 0.781 0. 4025903.320 0. 0. 1. 0.
0.781 -0.625 0. 353502.740 0.625 0.781 0. 4025905.247 0. 0. 1. 0.
0.780 -0.625 0. 353505.166 0.625 0.780 0. 4025907.189 0. 0. 1. 0.
0.781 -0.625 0. 353507.598 0.625 0.781 0. 4025909.137 0. 0. 1. 0.
0.781 -0.624 0. 353510.054 0.624 0.781 0. 4025911.102 0. 0. 1. 0.
0.782 -0.623 0. 353512.496 0.623 0.782 0. 4025913.050 0. 0. 1. 0.
0.783 -0.622 0. 353514.955 0.622 0.783 0. 4025915.006 0. 0. 1. 0.
0.783 -0.622 0. 353517.407 0.622 0.783 0. 4025916.953 0. 0. 1. 0.
0.782 -0.623 0. 353519.884 0.623 0.782 0. 4025918.923 0. 0. 1. 0.
0.781 -0.625 0. 353522.356 0.625 0.781 0. 4025920.897 0. 0. 1. 0.
0.780 -0.626 0. 353524.810 0.626 0.780 0. 4025922.866 0. 0. 1. 0.
0.780 -0.626 0. 353527.266 0.626 0.780 0. 4025924.838 0. 0. 1. 0.
0.780 -0.626 0. 353529.751 0.626 0.780 0. 4025926.835 0. 0. 1. 0.
0.781 -0.625 0. 353532.207 0.625 0.781 0. 4025928.804 0. 0. 1. 0.
0.782 -0.624 0. 353534.636 0.624 0.782 0. 4025930.748 0. 0. 1. 0.
0.784 -0.621 0. 353537.053 0.621 0.784 0. 4025932.671 0. 0. 1. 0.
0.786 -0.619 0. 353539.479 0.619 0.786 0. 4025934.589 0. 0. 1. 0.
0.788 -0.616 0. 353541.882 0.616 0.788 0. 4025936.474 0. 0. 1. 0.
0.789 -0.614 0. 353544.275 0.614 0.789 0. 4025938.339 0. 0. 1. 0.
0.790 -0.613 0. 353546.670 0.613 0.790 0. 4025940.201 0. 0. 1. 0.
0.789 -0.614 0. 353549.094 0.614 0.789 0. 4025942.083 0. 0. 1. 0.
0.788 -0.616 0. 353551.502 0.616 0.788 0. 4025943.958 0. 0. 1. 0.
0.787 -0.617 0. 353553.893 0.617 0.787 0. 4025945.828 0. 0. 1. 0.
0.787 -0.617 0. 353556.275 0.617 0.787 0. 4025947.695 0. 0. 1. 0.
0.785 -0.620 0. 353558.688 0.620 0.785 0. 4025949.590 0. 0. 1. 0.
0.782 -0.624 0. 353561.076 0.624 0.782 0. 4025951.482 0. 0. 1. 0.
0.779 -0.628 0. 353563.443 0.628 0.779 0. 4025953.376 0. 0. 1. 0.
0.776 -0.630 0. 353565.801 0.630 0.776 0. 4025955.281 0. 0. 1. 0.
0.776 -0.631 0. 353568.152 0.631 0.776 0. 4025957.195 0. 0. 1. 0.
0.776 -0.631 0. 353570.514 0.631 0.776 0. 4025959.119 0. 0. 1. 0.
0.778 -0.628 0. 353572.818 0.628 0.778 0. 4025960.986 0. 0. 1. 0.
0.780 -0.625 0. 353575.120 0.625 0.780 0. 4025962.838 0. 0. 1. 0.
0.782 -0.623 0. 353577.446 0.623 0.782 0. 4025964.698 0. 0. 1. 0.
0.784 -0.621 0. 353579.740 0.621 0.784 0. 4025966.522 0. 0. 1. 0.
0.784 -0.621 0. 353582.024 0.621 0.784 0. 4025968.333 0. 0. 1. 0.
0.784 -0.621 0. 353584.307 0.621 0.784 0. 4025970.142 0. 0. 1. 0.
0.784 -0.620 0. 353586.590 0.620 0.784 0. 4025971.950 0. 0. 1. 0.
0.785 -0.619 0. 353588.869 0.619 0.785 0. 4025973.751 0. 0. 1. 0.
0.786 -0.619 0. 353591.156 0.619 0.786 0. 4025975.555 0. 0. 1. 0.
0.786 -0.618 0. 353593.451 0.618 0.786 0. 4025977.360 0. 0. 1. 0.
0.786 -0.618 0. 353595.764 0.618 0.786 0. 4025979.179 0. 0. 1. 0.
0.786 -0.618 0. 353598.090 0.618 0.786 0. 4025981.008 0. 0. 1. 0.
0.787 -0.618 0. 353600.418 0.618 0.787 0. 4025982.836 0. 0. 1. 0.
0.787 -0.617 0. 353602.769 0.617 0.787 0. 4025984.681 0. 0. 1. 0.
0.786 -0.619 0. 353605.139 0.619 0.786 0. 4025986.544 0. 0. 1. 0.
0.785 -0.620 0. 353607.525 0.620 0.785 0. 4025988.426 0. 0. 1. 0.
0.784 -0.620 0. 353609.927 0.620 0.784 0. 4025990.323 0. 0. 1. 0.
0.784 -0.621 0. 353612.359 0.621 0.784 0. 4025992.248 0. 0. 1. 0.
0.784 -0.621 0. 353614.818 0.621 0.784 0. 4025994.196 0. 0. 1. 0.
0.784 -0.621 0. 353617.281 0.621 0.784 0. 4025996.149 0. 0. 1. 0.
0.784 -0.621 0. 353619.773 0.621 0.784 0. 4025998.125 0. 0. 1. 0.
0.784 -0.621 0. 353622.288 0.621 0.784 0. 4026000.117 0. 0. 1. 0.
0.784 -0.620 0. 353624.848 0.620 0.784 0. 4026002.143 0. 0. 1. 0.
0.784 -0.621 0. 353627.409 0.621 0.784 0. 4026004.168 0. 0. 1. 0.
0.784 -0.621 0. 353629.981 0.621 0.784 0. 4026006.205 0. 0. 1. 0.
0.783 -0.622 0. 353632.577 0.622 0.783 0. 4026008.265 0. 0. 1. 0.
0.783 -0.622 0. 353635.219 0.622 0.783 0. 4026010.361 0. 0. 1. 0.
0.783 -0.622 0. 353637.866 0.622 0.783 0. 4026012.461 0. 0. 1. 0.
0.783 -0.622 0. 353640.519 0.622 0.783 0. 4026014.568 0. 0. 1. 0.
0.783 -0.622 0. 353643.210 0.622 0.783 0. 4026016.704 0. 0. 1. 0.
0.783 -0.622 0. 353645.972 0.622 0.783 0. 4026018.894 0. 0. 1. 0.
0.783 -0.622 0. 353648.693 0.622 0.783 0. 4026021.054 0. 0. 1. 0.
0.784 -0.621 0. 353651.429 0.621 0.784 0. 4026023.220 0. 0. 1. 0.
0.785 -0.620 0. 353654.205 0.620 0.785 0. 4026025.415 0. 0. 1. 0.
0.785 -0.619 0. 353657.034 0.619 0.785 0. 4026027.648 0. 0. 1. 0.
0.786 -0.618 0. 353659.842 0.618 0.786 0. 4026029.860 0. 0. 1. 0.
0.786 -0.618 0. 353662.654 0.618 0.786 0. 4026032.071 0. 0. 1. 0.
0.786 -0.618 0. 353665.503 0.618 0.786 0. 4026034.311 0. 0. 1. 0.
0.786 -0.619 0. 353668.395 0.619 0.786 0. 4026036.584 0. 0. 1. 0.
0.786 -0.619 0. 353671.259 0.619 0.786 0. 4026038.838 0. 0. 1. 0.
0.785 -0.619 0. 353674.084 0.619 0.785 0. 4026041.063 0. 0. 1. 0.
0.785 -0.619 0. 353676.915 0.619 0.785 0. 4026043.295 0. 0. 1. 0.
0.786 -0.619 0. 353679.773 0.619 0.786 0. 4026045.547 0. 0. 1. 0.
0.785 -0.620 0. 353682.604 0.620 0.785 0. 4026047.780 0. 0. 1. 0.
0.783 -0.622 0. 353685.429 0.622 0.783 0. 4026050.017 0. 0. 1. 0.
0.782 -0.624 0. 353688.265 0.624 0.782 0. 4026052.275 0. 0. 1. 0.
0.781 -0.625 0. 353691.136 0.625 0.781 0. 4026054.569 0. 0. 1. 0.
0.781 -0.625 0. 353693.967 0.625 0.781 0. 4026056.834 0. 0. 1. 0.
0.782 -0.624 0. 353696.804 0.624 0.782 0. 4026059.101 0. 0. 1. 0.
0.783 -0.622 0. 353699.675 0.622 0.783 0. 4026061.387 0. 0. 1. 0.
0.783 -0.622 0. 353702.574 0.622 0.783 0. 4026063.689 0. 0. 1. 0.
0.784 -0.621 0. 353705.447 0.621 0.784 0. 4026065.967 0. 0. 1. 0.
0.784 -0.620 0. 353708.305 0.620 0.784 0. 4026068.230 0. 0. 1. 0.
0.785 -0.620 0. 353711.209 0.620 0.785 0. 4026070.525 0. 0. 1. 0.
0.785 -0.619 0. 353714.153 0.619 0.785 0. 4026072.847 0. 0. 1. 0.
0.786 -0.619 0. 353717.059 0.619 0.786 0. 4026075.136 0. 0. 1. 0.
0.786 -0.618 0. 353719.960 0.618 0.786 0. 4026077.417 0. 0. 1. 0.
0.786 -0.618 0. 353722.902 0.618 0.786 0. 4026079.728 0. 0. 1. 0.
0.786 -0.618 0. 353725.875 0.618 0.786 0. 4026082.066 0. 0. 1. 0.
0.786 -0.619 0. 353728.805 0.619 0.786 0. 4026084.372 0. 0. 1. 0.
0.785 -0.619 0. 353731.722 0.619 0.785 0. 4026086.671 0. 0. 1. 0.
0.785 -0.620 0. 353734.692 0.620 0.785 0. 4026089.016 0. 0. 1. 0.
0.784 -0.621 0. 353737.668 0.621 0.784 0. 4026091.373 0. 0. 1. 0.
0.783 -0.623 0. 353740.617 0.623 0.783 0. 4026093.715 0. 0. 1. 0.
0.782 -0.624 0. 353743.542 0.624 0.782 0. 4026096.044 0. 0. 1. 0.
0.781 -0.625 0. 353746.473 0.625 0.781 0. 4026098.386 0. 0. 1. 0.
0.781 -0.625 0. 353749.417 0.625 0.781 0. 4026100.741 0. 0. 1. 0.
0.782 -0.624 0. 353752.307 0.624 0.782 0. 4026103.051 0. 0. 1. 0.
0.783 -0.622 0. 353755.146 0.622 0.783 0. 4026105.312 0. 0. 1. 0.
0.783 -0.622 0. 353758.026 0.622 0.783 0. 4026107.599 0. 0. 1. 0.
0.784 -0.621 0. 353760.925 0.621 0.784 0. 4026109.900 0. 0. 1. 0.
0.784 -0.621 0. 353763.767 0.621 0.784 0. 4026112.152 0. 0. 1. 0.
0.784 -0.621 0. 353766.589 0.621 0.784 0. 4026114.388 0. 0. 1. 0.
0.784 -0.620 0. 353769.429 0.620 0.784 0. 4026116.637 0. 0. 1. 0.
0.785 -0.620 0. 353772.315 0.620 0.785 0. 4026118.919 0. 0. 1. 0.
0.784 -0.620 0. 353775.148 0.620 0.784 0. 4026121.157 0. 0. 1. 0.
0.784 -0.621 0. 353777.978 0.621 0.784 0. 4026123.397 0. 0. 1. 0.
0.783 -0.622 0. 353780.820 0.622 0.783 0. 4026125.650 0. 0. 1. 0.
0.783 -0.622 0. 353783.693 0.622 0.783 0. 4026127.931 0. 0. 1. 0.
0.783 -0.622 0. 353786.529 0.622 0.783 0. 4026130.186 0. 0. 1. 0.
0.782 -0.623 0. 353789.345 0.623 0.782 0. 4026132.425 0. 0. 1. 0.
0.782 -0.623 0. 353792.188 0.623 0.782 0. 4026134.690 0. 0. 1. 0.
0.783 -0.622 0. 353795.056 0.622 0.783 0. 4026136.973 0. 0. 1. 0.
0.783 -0.622 0. 353797.891 0.622 0.783 0. 4026139.228 0. 0. 1. 0.
0.784 -0.621 0. 353800.720 0.621 0.784 0. 4026141.472 0. 0. 1. 0.
0.784 -0.620 0. 353803.591 0.620 0.784 0. 4026143.748 0. 0. 1. 0.
0.784 -0.620 0. 353806.488 0.620 0.784 0. 4026146.041 0. 0. 1. 0.
0.784 -0.621 0. 353809.338 0.621 0.784 0. 4026148.298 0. 0. 1. 0.
0.783 -0.622 0. 353812.188 0.622 0.783 0. 4026150.559 0. 0. 1. 0.
0.783 -0.622 0. 353815.072 0.622 0.783 0. 4026152.849 0. 0. 1. 0.
0.782 -0.623 0. 353817.997 0.623 0.782 0. 4026155.175 0. 0. 1. 0.
0.781 -0.625 0. 353820.859 0.625 0.781 0. 4026157.459 0. 0. 1. 0.
0.781 -0.624 0. 353823.711 0.624 0.781 0. 4026159.740 0. 0. 1. 0.
0.783 -0.622 0. 353826.611 0.622 0.783 0. 4026162.051 0. 0. 1. 0.
0.785 -0.620 0. 353829.551 0.620 0.785 0. 4026164.379 0. 0. 1. 0.
0.787 -0.617 0. 353832.469 0.617 0.787 0. 4026166.677 0. 0. 1. 0.
0.787 -0.618 0. 353835.381 0.618 0.787 0. 4026168.962 0. 0. 1. 0.
0.786 -0.619 0. 353838.338 0.619 0.786 0. 4026171.289 0. 0. 1. 0.
0.785 -0.620 0. 353841.320 0.620 0.785 0. 4026173.641 0. 0. 1. 0.
0.783 -0.622 0. 353844.247 0.622 0.783 0. 4026175.959 0. 0. 1. 0.
0.783 -0.622 0. 353847.162 0.622 0.783 0. 4026178.275 0. 0. 1. 0.
0.782 -0.623 0. 353850.113 0.623 0.782 0. 4026180.621 0. 0. 1. 0.
0.783 -0.622 0. 353853.112 0.622 0.783 0. 4026183.005 0. 0. 1. 0.
0.784 -0.621 0. 353856.065 0.621 0.784 0. 4026185.348 0. 0. 1. 0.
0.785 -0.620 0. 353859.018 0.620 0.785 0. 4026187.684 0. 0. 1. 0.
0.785 -0.619 0. 353862.030 0.619 0.785 0. 4026190.064 0. 0. 1. 0.
0.786 -0.618 0. 353865.035 0.618 0.786 0. 4026192.431 0. 0. 1. 0.
0.787 -0.617 0. 353868.028 0.617 0.787 0. 4026194.780 0. 0. 1. 0.
0.786 -0.618 0. 353870.957 0.618 0.786 0. 4026197.081 0. 0. 1. 0.
0.785 -0.619 0. 353873.927 0.619 0.785 0. 4026199.423 0. 0. 1. 0.
0.785 -0.620 0. 353876.903 0.620 0.785 0. 4026201.773 0. 0. 1. 0.
0.783 -0.621 0. 353879.810 0.621 0.783 0. 4026204.074 0. 0. 1. 0.
0.782 -0.623 0. 353882.704 0.623 0.782 0. 4026206.374 0. 0. 1. 0.
0.782 -0.624 0. 353885.632 0.624 0.782 0. 4026208.707 0. 0. 1. 0.
0.782 -0.623 0. 353888.577 0.623 0.782 0. 4026211.057 0. 0. 1. 0.
0.782 -0.623 0. 353891.475 0.623 0.782 0. 4026213.367 0. 0. 1. 0.
0.783 -0.622 0. 353894.369 0.622 0.783 0. 4026215.667 0. 0. 1. 0.
0.784 -0.621 0. 353897.309 0.621 0.784 0. 4026218.001 0. 0. 1. 0.
0.784 -0.621 0. 353900.278 0.621 0.784 0. 4026220.355 0. 0. 1. 0.
0.784 -0.621 0. 353903.190 0.621 0.784 0. 4026222.661 0. 0. 1. 0.
0.784 -0.621 0. 353906.090 0.621 0.784 0. 4026224.959 0. 0. 1. 0.
0.785 -0.619 0. 353909.010 0.619 0.785 0. 4026227.271 0. 0. 1. 0.
0.786 -0.618 0. 353911.975 0.618 0.786 0. 4026229.607 0. 0. 1. 0.
0.786 -0.618 0. 353914.883 0.618 0.786 0. 4026231.892 0. 0. 1. 0.
0.786 -0.618 0. 353917.767 0.618 0.786 0. 4026234.162 0. 0. 1. 0.
0.786 -0.618 0. 353920.704 0.618 0.786 0. 4026236.477 0. 0. 1. 0.
0.786 -0.618 0. 353923.668 0.618 0.786 0. 4026238.811 0. 0. 1. 0.
0.786 -0.618 0. 353926.572 0.618 0.786 0. 4026241.094 0. 0. 1. 0.
0.785 -0.619 0. 353929.484 0.619 0.785 0. 4026243.387 0. 0. 1. 0.
0.785 -0.620 0. 353932.385 0.620 0.785 0. 4026245.678 0. 0. 1. 0.
0.785 -0.620 0. 353935.343 0.620 0.785 0. 4026248.016 0. 0. 1. 0.
0.786 -0.619 0. 353938.253 0.619 0.786 0. 4026250.312 0. 0. 1. 0.
0.786 -0.618 0. 353941.151 0.618 0.786 0. 4026252.591 0. 0. 1. 0.
0.787 -0.617 0. 353944.090 0.617 0.787 0. 4026254.901 0. 0. 1. 0.
0.786 -0.618 0. 353947.062 0.618 0.786 0. 4026257.238 0. 0. 1. 0.
0.786 -0.619 0. 353949.979 0.619 0.786 0. 4026259.533 0. 0. 1. 0.
0.786 -0.619 0. 353952.883 0.619 0.786 0. 4026261.819 0. 0. 1. 0.
0.786 -0.619 0. 353955.827 0.619 0.786 0. 4026264.139 0. 0. 1. 0.
0.786 -0.618 0. 353958.792 0.618 0.786 0. 4026266.472 0. 0. 1. 0.
0.786 -0.618 0. 353961.709 0.618 0.786 0. 4026268.767 0. 0. 1. 0.
0.786 -0.618 0. 353964.612 0.618 0.786 0. 4026271.050 0. 0. 1. 0.
0.786 -0.618 0. 353967.555 0.618 0.786 0. 4026273.366 0. 0. 1. 0.
0.787 -0.617 0. 353970.538 0.617 0.787 0. 4026275.711 0. 0. 1. 0.
0.787 -0.617 0. 353973.468 0.617 0.787 0. 4026278.009 0. 0. 1. 0.
0.787 -0.617 0. 353976.403 0.617 0.787 0. 4026280.308 0. 0. 1. 0.
0.786 -0.618 0. 353979.340 0.618 0.786 0. 4026282.612 0. 0. 1. 0.
0.786 -0.619 0. 353982.338 0.619 0.786 0. 4026284.973 0. 0. 1. 0.
0.785 -0.619 0. 353985.257 0.619 0.785 0. 4026287.274 0. 0. 1. 0.
0.786 -0.618 0. 353988.168 0.618 0.786 0. 4026289.564 0. 0. 1. 0.
0.788 -0.616 0. 353991.120 0.616 0.788 0. 4026291.882 0. 0. 1. 0.
0.789 -0.615 0. 353994.107 0.615 0.789 0. 4026294.217 0. 0. 1. 0.
0.789 -0.615 0. 353997.047 0.615 0.789 0. 4026296.509 0. 0. 1. 0.
0.789 -0.615 0. 353999.980 0.615 0.789 0. 4026298.796 0. 0. 1. 0.
0.789 -0.614 0. 354002.953 0.614 0.789 0. 4026301.114 0. 0. 1. 0.
0.789 -0.614 0. 354005.957 0.614 0.789 0. 4026303.453 0. 0. 1. 0.
0.789 -0.614 0. 354008.901 0.614 0.789 0. 4026305.744 0. 0. 1. 0.
0.789 -0.615 0. 354011.834 0.615 0.789 0. 4026308.028 0. 0. 1. 0.
0.789 -0.615 0. 354014.824 0.615 0.789 0. 4026310.361 0. 0. 1. 0.
0.788 -0.615 0. 354017.836 0.615 0.788 0. 4026312.712 0. 0. 1. 0.
0.788 -0.616 0. 354020.786 0.616 0.788 0. 4026315.015 0. 0. 1. 0.
0.788 -0.616 0. 354023.721 0.616 0.788 0. 4026317.310 0. 0. 1. 0.
0.787 -0.617 0. 354026.700 0.617 0.787 0. 4026319.644 0. 0. 1. 0.
0.787 -0.617 0. 354029.703 0.617 0.787 0. 4026321.999 0. 0. 1. 0.
0.786 -0.618 0. 354032.648 0.618 0.786 0. 4026324.311 0. 0. 1. 0.
0.786 -0.618 0. 354035.586 0.618 0.786 0. 4026326.620 0. 0. 1. 0.
0.786 -0.618 0. 354038.567 0.618 0.786 0. 4026328.966 0. 0. 1. 0.
0.786 -0.618 0. 354041.559 0.618 0.786 0. 4026331.322 0. 0. 1. 0.
0.785 -0.619 0. 354044.484 0.619 0.785 0. 4026333.625 0. 0. 1. 0.
0.785 -0.619 0. 354047.382 0.619 0.785 0. 4026335.909 0. 0. 1. 0.
0.785 -0.620 0. 354050.303 0.620 0.785 0. 4026338.214 0. 0. 1. 0.
0.784 -0.620 0. 354053.249 0.620 0.784 0. 4026340.543 0. 0. 1. 0.
0.786 -0.619 0. 354056.135 0.619 0.786 0. 4026342.821 0. 0. 1. 0.
0.787 -0.617 0. 354059.021 0.617 0.787 0. 4026345.088 0. 0. 1. 0.
0.787 -0.617 0. 354061.937 0.617 0.787 0. 4026347.371 0. 0. 1. 0.
0.787 -0.617 0. 354064.880 0.617 0.787 0. 4026349.677 0. 0. 1. 0.
0.787 -0.617 0. 354067.774 0.617 0.787 0. 4026351.947 0. 0. 1. 0.
0.786 -0.618 0. 354070.648 0.618 0.786 0. 4026354.205 0. 0. 1. 0.
0.786 -0.618 0. 354073.577 0.618 0.786 0. 4026356.503 0. 0. 1. 0.
0.786 -0.618 0. 354076.520 0.618 0.786 0. 4026358.815 0. 0. 1. 0.
0.787 -0.617 0. 354079.419 0.617 0.787 0. 4026361.090 0. 0. 1. 0.
0.788 -0.615 0. 354082.306 0.615 0.788 0. 4026363.347 0. 0. 1. 0.
0.789 -0.615 0. 354085.232 0.615 0.789 0. 4026365.624 0. 0. 1. 0.
0.787 -0.617 0. 354088.172 0.617 0.787 0. 4026367.916 0. 0. 1. 0.
0.786 -0.618 0. 354091.061 0.618 0.786 0. 4026370.184 0. 0. 1. 0.
0.785 -0.619 0. 354093.937 0.619 0.785 0. 4026372.447 0. 0. 1. 0.
0.784 -0.621 0. 354096.856 0.621 0.784 0. 4026374.730 0. 0. 1. 0.
0.781 -0.625 0. 354099.784 0.625 0.781 0. 4026377.044 0. 0. 1. 0.
0.781 -0.624 0. 354102.650 0.624 0.781 0. 4026379.336 0. 0. 1. 0.
0.782 -0.623 0. 354105.511 0.623 0.782 0. 4026381.619 0. 0. 1. 0.
0.782 -0.623 0. 354108.432 0.623 0.782 0. 4026383.931 0. 0. 1. 0.
0.782 -0.624 0. 354111.356 0.624 0.782 0. 4026386.249 0. 0. 1. 0.
0.782 -0.623 0. 354114.222 0.623 0.782 0. 4026388.532 0. 0. 1. 0.
0.783 -0.622 0. 354117.059 0.622 0.783 0. 4026390.791 0. 0. 1. 0.
0.783 -0.622 0. 354119.968 0.622 0.783 0. 4026393.088 0. 0. 1. 0.
0.785 -0.620 0. 354122.879 0.620 0.785 0. 4026395.385 0. 0. 1. 0.
0.789 -0.615 0. 354125.754 0.615 0.789 0. 4026397.642 0. 0. 1. 0.
0.793 -0.610 0. 354128.629 0.610 0.793 0. 4026399.869 0. 0. 1. 0.
0.796 -0.606 0. 354131.558 0.606 0.796 0. 4026402.097 0. 0. 1. 0.
0.798 -0.602 0. 354134.513 0.602 0.798 0. 4026404.327 0. 0. 1. 0.
0.803 -0.596 0. 354137.426 0.596 0.803 0. 4026406.507 0. 0. 1. 0.
0.808 -0.590 0. 354140.345 0.590 0.808 0. 4026408.658 0. 0. 1. 0.
0.812 -0.584 0. 354143.330 0.584 0.812 0. 4026410.812 0. 0. 1. 0.
0.815 -0.579 0. 354146.337 0.579 0.815 0. 4026412.956 0. 0. 1. 0.
0.820 -0.573 0. 354149.310 0.573 0.820 0. 4026415.050 0. 0. 1. 0.
0.822 -0.570 0. 354152.292 0.570 0.822 0. 4026417.123 0. 0. 1. 0.
0.820 -0.572 0. 354155.300 0.572 0.820 0. 4026419.208 0. 0. 1. 0.
0.819 -0.573 0. 354158.335 0.573 0.819 0. 4026421.327 0. 0. 1. 0.
0.819 -0.573 0. 354161.308 0.573 0.819 0. 4026423.409 0. 0. 1. 0.
0.821 -0.571 0. 354164.289 0.571 0.821 0. 4026425.488 0. 0. 1. 0.
0.824 -0.567 0. 354167.301 0.567 0.824 0. 4026427.572 0. 0. 1. 0.
0.826 -0.563 0. 354170.338 0.563 0.826 0. 4026429.655 0. 0. 1. 0.
0.828 -0.561 0. 354173.343 0.561 0.828 0. 4026431.697 0. 0. 1. 0.
0.828 -0.561 0. 354176.329 0.561 0.828 0. 4026433.720 0. 0. 1. 0.
0.828 -0.561 0. 354179.352 0.561 0.828 0. 4026435.774 0. 0. 1. 0.
0.828 -0.560 0. 354182.395 0.560 0.828 0. 4026437.841 0. 0. 1. 0.
0.828 -0.561 0. 354185.386 0.561 0.828 0. 4026439.866 0. 0. 1. 0.
0.827 -0.562 0. 354188.365 0.562 0.827 0. 4026441.886 0. 0. 1. 0.
0.827 -0.562 0. 354191.373 0.562 0.827 0. 4026443.942 0. 0. 1. 0.
0.828 -0.561 0. 354194.394 0.561 0.828 0. 4026446.002 0. 0. 1. 0.
0.827 -0.562 0. 354197.373 0.562 0.827 0. 4026448.027 0. 0. 1. 0.
0.826 -0.563 0. 354200.343 0.563 0.826 0. 4026450.049 0. 0. 1. 0.
0.828 -0.561 0. 354203.339 0.561 0.828 0. 4026452.105 0. 0. 1. 0.
0.832 -0.555 0. 354206.365 0.555 0.832 0. 4026454.154 0. 0. 1. 0.
0.835 -0.551 0. 354209.354 0.551 0.835 0. 4026456.138 0. 0. 1. 0.
0.837 -0.548 0. 354212.343 0.548 0.837 0. 4026458.104 0. 0. 1. 0.
0.840 -0.543 0. 354215.372 0.543 0.840 0. 4026460.091 0. 0. 1. 0.
0.843 -0.538 0. 354218.422 0.538 0.843 0. 4026462.060 0. 0. 1. 0.
0.843 -0.539 0. 354221.434 0.539 0.843 0. 4026463.984 0. 0. 1. 0.
0.842 -0.540 0. 354224.431 0.540 0.842 0. 4026465.902 0. 0. 1. 0.
0.842 -0.540 0. 354227.449 0.540 0.842 0. 4026467.844 0. 0. 1. 0.
0.842 -0.539 0. 354230.508 0.539 0.842 0. 4026469.805 0. 0. 1. 0.
0.841 -0.540 0. 354233.512 0.540 0.841 0. 4026471.731 0. 0. 1. 0.
0.840 -0.542 0. 354236.511 0.542 0.840 0. 4026473.661 0. 0. 1. 0.
0.840 -0.543 0. 354239.537 0.543 0.840 0. 4026475.617 0. 0. 1. 0.
0.840 -0.542 0. 354242.567 0.542 0.840 0. 4026477.575 0. 0. 1. 0.
0.840 -0.542 0. 354245.558 0.542 0.840 0. 4026479.507 0. 0. 1. 0.
0.840 -0.542 0. 354248.548 0.542 0.840 0. 4026481.436 0. 0. 1. 0.
0.840 -0.542 0. 354251.554 0.542 0.840 0. 4026483.380 0. 0. 1. 0.
0.840 -0.543 0. 354254.584 0.543 0.840 0. 4026485.340 0. 0. 1. 0.
0.839 -0.544 0. 354257.562 0.544 0.839 0. 4026487.270 0. 0. 1. 0.
0.838 -0.545 0. 354260.533 0.545 0.838 0. 4026489.199 0. 0. 1. 0.
0.838 -0.546 0. 354263.538 0.546 0.838 0. 4026491.154 0. 0. 1. 0.
0.838 -0.546 0. 354266.570 0.546 0.838 0. 4026493.130 0. 0. 1. 0.
0.839 -0.544 0. 354269.532 0.544 0.839 0. 4026495.056 0. 0. 1. 0.
0.841 -0.542 0. 354272.489 0.542 0.841 0. 4026496.967 0. 0. 1. 0.
0.841 -0.541 0. 354275.487 0.541 0.841 0. 4026498.897 0. 0. 1. 0.
0.841 -0.541 0. 354278.514 0.541 0.841 0. 4026500.842 0. 0. 1. 0.
0.842 -0.540 0. 354281.487 0.540 0.842 0. 4026502.753 0. 0. 1. 0.
0.842 -0.540 0. 354284.456 0.540 0.842 0. 4026504.657 0. 0. 1. 0.
0.842 -0.539 0. 354287.456 0.539 0.842 0. 4026506.577 0. 0. 1. 0.
0.842 -0.539 0. 354290.470 0.539 0.842 0. 4026508.505 0. 0. 1. 0.
0.843 -0.538 0. 354293.437 0.538 0.843 0. 4026510.402 0. 0. 1. 0.
0.843 -0.537 0. 354296.394 0.537 0.843 0. 4026512.287 0. 0. 1. 0.
0.844 -0.537 0. 354299.383 0.537 0.844 0. 4026514.191 0. 0. 1. 0.
0.844 -0.536 0. 354302.400 0.536 0.844 0. 4026516.109 0. 0. 1. 0.
0.845 -0.536 0. 354305.370 0.536 0.845 0. 4026517.992 0. 0. 1. 0.
0.845 -0.535 0. 354308.330 0.535 0.845 0. 4026519.869 0. 0. 1. 0.
0.844 -0.536 0. 354311.330 0.536 0.844 0. 4026521.773 0. 0. 1. 0.
0.843 -0.537 0. 354314.339 0.537 0.843 0. 4026523.689 0. 0. 1. 0.
0.843 -0.538 0. 354317.285 0.538 0.843 0. 4026525.569 0. 0. 1. 0.
0.842 -0.539 0. 354320.200 0.539 0.842 0. 4026527.433 0. 0. 1. 0.
0.842 -0.539 0. 354323.104 0.539 0.842 0. 4026529.293 0. 0. 1. 0.
0.842 -0.539 0. 354325.946 0.539 0.842 0. 4026531.115 0. 0. 1. 0.
0.842 -0.540 0. 354328.653 0.540 0.842 0. 4026532.850 0. 0. 1. 0.
0.842 -0.540 0. 354331.256 0.540 0.842 0. 4026534.519 0. 0. 1. 0.
0.841 -0.540 0. 354333.772 0.540 0.841 0. 4026536.135 0. 0. 1. 0.
0.841 -0.541 0. 354336.230 0.541 0.841 0. 4026537.714 0. 0. 1. 0.
0.841 -0.541 0. 354338.571 0.541 0.841 0. 4026539.221 0. 0. 1. 0.
0.841 -0.542 0. 354340.807 0.542 0.841 0. 4026540.661 0. 0. 1. 0.
0.840 -0.542 0. 354342.943 0.542 0.840 0. 4026542.037 0. 0. 1. 0.
0.840 -0.542 0. 354344.973 0.542 0.840 0. 4026543.348 0. 0. 1. 0.
0.840 -0.543 0. 354346.918 0.543 0.840 0. 4026544.605 0. 0. 1. 0.
0.840 -0.543 0. 354348.761 0.543 0.840 0. 4026545.796 0. 0. 1. 0.
0.840 -0.543 0. 354350.499 0.543 0.840 0. 4026546.920 0. 0. 1. 0.
0.840 -0.543 0. 354352.141 0.543 0.840 0. 4026547.983 0. 0. 1. 0.
0.840 -0.543 0. 354353.686 0.543 0.840 0. 4026548.981 0. 0. 1. 0.
0.840 -0.543 0. 354355.136 0.543 0.840 0. 4026549.919 0. 0. 1. 0.
0.840 -0.543 0. 354356.509 0.543 0.840 0. 4026550.807 0. 0. 1. 0.
0.840 -0.543 0. 354357.766 0.543 0.840 0. 4026551.620 0. 0. 1. 0.
0.840 -0.543 0. 354358.964 0.543 0.840 0. 4026552.395 0. 0. 1. 0.
0.840 -0.543 0. 354360.102 0.543 0.840 0. 4026553.131 0. 0. 1. 0.
0.840 -0.543 0. 354361.175 0.543 0.840 0. 4026553.825 0. 0. 1. 0.
0.840 -0.543 0. 354362.192 0.543 0.840 0. 4026554.483 0. 0. 1. 0.
0.840 -0.543 0. 354363.152 0.543 0.840 0. 4026555.105 0. 0. 1. 0.
0.840 -0.543 0. 354364.064 0.543 0.840 0. 4026555.694 0. 0. 1. 0.
0.840 -0.542 0. 354364.960 0.542 0.840 0. 4026556.275 0. 0. 1. 0.
0.840 -0.542 0. 354365.842 0.542 0.840 0. 4026556.845 0. 0. 1. 0.
0.840 -0.542 0. 354366.700 0.542 0.840 0. 4026557.399 0. 0. 1. 0.
0.841 -0.542 0. 354367.517 0.542 0.841 0. 4026557.926 0. 0. 1. 0.
0.841 -0.542 0. 354368.285 0.542 0.841 0. 4026558.422 0. 0. 1. 0.
0.841 -0.542 0. 354369.009 0.542 0.841 0. 4026558.889 0. 0. 1. 0.
0.841 -0.542 0. 354369.677 0.542 0.841 0. 4026559.319 0. 0. 1. 0.
0.841 -0.542 0. 354370.296 0.542 0.841 0. 4026559.719 0. 0. 1. 0.
0.841 -0.542 0. 354370.863 0.542 0.841 0. 4026560.084 0. 0. 1. 0.
0.841 -0.542 0. 354371.359 0.542 0.841 0. 4026560.404 0. 0. 1. 0.
0.841 -0.542 0. 354371.779 0.542 0.841 0. 4026560.675 0. 0. 1. 0.
0.841 -0.542 0. 354372.125 0.542 0.841 0. 4026560.898 0. 0. 1. 0.
0.841 -0.542 0. 354372.401 0.542 0.841 0. 4026561.076 0. 0. 1. 0.
0.841 -0.542 0. 354372.608 0.542 0.841 0. 4026561.209 0. 0. 1. 0.
0.841 -0.542 0. 354372.754 0.542 0.841 0. 4026561.304 0. 0. 1. 0.
0.841 -0.542 0. 354372.842 0.542 0.841 0. 4026561.360 0. 0. 1. 0.
0.841 -0.542 0. 354372.880 0.542 0.841 0. 4026561.385 0. 0. 1. 0.
0.841 -0.542 0. 354372.881 0.542 0.841 0. 4026561.386 0. 0. 1. 0.
0.841 -0.542 0. 354372.881 0.542 0.841 0. 4026561.385 0. 0. 1. 0.
0.841 -0.542 0. 354372.881 0.542 0.841 0. 4026561.385 0. 0. 1. 0.
0.841 -0.542 0. 354372.881 0.542 0.841 0. 4026561.385 0. 0. 1. 0.
0.841 -0.542 0. 354372.882 0.542 0.841 0. 4026561.385 0. 0. 1. 0.
0.841 -0.542 0. 354372.882 0.542 0.841 0. 4026561.386 0. 0. 1. 0.
0.841 -0.542 0. 354372.882 0.542 0.841 0. 4026561.386 0. 0. 1. 0.
0.841 -0.542 0. 354372.882 0.542 0.841 0. 4026561.386 0. 0. 1. 0.
0.841 -0.542 0. 354372.882 0.542 0.841 0. 4026561.386 0. 0. 1. 0.
0.841 -0.542 0. 354372.882 0.542 0.841 0. 4026561.386 0. 0. 1. 0.
0.841 -0.542 0. 354372.882 0.542 0.841 0. 4026561.386 0. 0. 1. 0.
0.841 -0.542 0. 354372.882 0.542 0.841 0. 4026561.386 0. 0. 1. 0.
0.841 -0.542 0. 354372.882 0.542 0.841 0. 4026561.386 0. 0. 1. 0.
0.841 -0.542 0. 354372.882 0.542 0.841 0. 4026561.386 0. 0. 1. 0.
0.841 -0.542 0. 354372.883 0.542 0.841 0. 4026561.386 0. 0. 1. 0.
0.841 -0.542 0. 354372.883 0.542 0.841 0. 4026561.386 0. 0. 1. 0.
0.841 -0.542 0. 354372.883 0.542 0.841 0. 4026561.386 0. 0. 1. 0.
0.841 -0.542 0. 354372.883 0.542 0.841 0. 4026561.386 0. 0. 1. 0.
0.841 -0.542 0. 354372.883 0.542 0.841 0. 4026561.386 0. 0. 1. 0.
0.841 -0.542 0. 354372.883 0.542 0.841 0. 4026561.386 0. 0. 1. 0.
0.841 -0.542 0. 354372.883 0.542 0.841 0. 4026561.386 0. 0. 1. 0.
0.841 -0.542 0. 354372.883 0.542 0.841 0. 4026561.386 0. 0. 1. 0.
0.841 -0.542 0. 354372.883 0.542 0.841 0. 4026561.387 0. 0. 1. 0.
0.841 -0.542 0. 354372.883 0.542 0.841 0. 4026561.387 0. 0. 1. 0.
0.841 -0.542 0. 354372.883 0.542 0.841 0. 4026561.387 0. 0. 1. 0.
0.841 -0.542 0. 354372.883 0.542 0.841 0. 4026561.387 0. 0. 1. 0.
0.841 -0.542 0. 354372.883 0.542 0.841 0. 4026561.387 0. 0. 1. 0.
0.841 -0.542 0. 354372.883 0.542 0.841 0. 4026561.387 0. 0. 1. 0.
0.841 -0.542 0. 354372.883 0.542 0.841 0. 4026561.387 0. 0. 1. 0.
0.841 -0.542 0. 354372.883 0.542 0.841 0. 4026561.387 0. 0. 1. 0.
0.841 -0.542 0. 354372.883 0.542 0.841 0. 4026561.387 0. 0. 1. 0.
0.841 -0.542 0. 354372.883 0.542 0.841 0. 4026561.387 0. 0. 1. 0.
0.841 -0.542 0. 354372.883 0.542 0.841 0. 4026561.387 0. 0. 1. 0.
0.841 -0.542 0. 354372.883 0.542 0.841 0. 4026561.387 0. 0. 1. 0.
0.841 -0.542 0. 354372.883 0.542 0.841 0. 4026561.387 0. 0. 1. 0.
0.841 -0.542 0. 354372.883 0.542 0.841 0. 4026561.387 0. 0. 1. 0.
0.841 -0.542 0. 354372.883 0.542 0.841 0. 4026561.387 0. 0. 1. 0.
0.841 -0.542 0. 354372.883 0.542 0.841 0. 4026561.387 0. 0. 1. 0.
0.841 -0.542 0. 354372.883 0.542 0.841 0. 4026561.387 0. 0. 1. 0.
0.841 -0.542 0. 354372.883 0.542 0.841 0. 4026561.387 0. 0. 1. 0.
0.841 -0.542 0. 354372.883 0.542 0.841 0. 4026561.387 0. 0. 1. 0.
0.841 -0.542 0. 354372.884 0.542 0.841 0. 4026561.387 0. 0. 1. 0.
0.841 -0.542 0. 354372.884 0.542 0.841 0. 4026561.387 0. 0. 1. 0.
0.841 -0.542 0. 354372.884 0.542 0.841 0. 4026561.387 0. 0. 1. 0.
0.841 -0.542 0. 354372.884 0.542 0.841 0. 4026561.387 0. 0. 1. 0.
0.841 -0.542 0. 354372.888 0.542 0.841 0. 4026561.390 0. 0. 1. 0.
0.841 -0.542 0. 354372.914 0.542 0.841 0. 4026561.406 0. 0. 1. 0.
0.841 -0.542 0. 354372.972 0.542 0.841 0. 4026561.445 0. 0. 1. 0.
0.841 -0.542 0. 354373.074 0.542 0.841 0. 4026561.510 0. 0. 1. 0.
0.841 -0.542 0. 354373.225 0.542 0.841 0. 4026561.607 0. 0. 1. 0.
0.841 -0.542 0. 354373.432 0.542 0.841 0. 4026561.741 0. 0. 1. 0.
0.841 -0.542 0. 354373.698 0.542 0.841 0. 4026561.913 0. 0. 1. 0.
0.841 -0.542 0. 354374.023 0.542 0.841 0. 4026562.122 0. 0. 1. 0.
0.841 -0.542 0. 354374.410 0.542 0.841 0. 4026562.371 0. 0. 1. 0.
0.840 -0.542 0. 354374.858 0.542 0.840 0. 4026562.660 0. 0. 1. 0.
0.840 -0.542 0. 354375.373 0.542 0.840 0. 4026562.992 0. 0. 1. 0.
0.841 -0.542 0. 354375.955 0.542 0.841 0. 4026563.367 0. 0. 1. 0.
0.841 -0.540 0. 354376.610 0.540 0.841 0. 4026563.788 0. 0. 1. 0.
0.843 -0.539 0. 354377.331 0.539 0.843 0. 4026564.250 0. 0. 1. 0.
0.844 -0.537 0. 354378.119 0.537 0.844 0. 4026564.753 0. 0. 1. 0.
0.845 -0.535 0. 354378.976 0.535 0.845 0. 4026565.297 0. 0. 1. 0.
0.846 -0.533 0. 354379.891 0.533 0.846 0. 4026565.875 0. 0. 1. 0.
0.847 -0.531 0. 354380.866 0.531 0.847 0. 4026566.487 0. 0. 1. 0.
0.848 -0.530 0. 354381.901 0.530 0.848 0. 4026567.135 0. 0. 1. 0.
0.847 -0.532 0. 354382.997 0.532 0.847 0. 4026567.822 0. 0. 1. 0.
0.846 -0.533 0. 354384.144 0.533 0.846 0. 4026568.544 0. 0. 1. 0.
0.845 -0.535 0. 354385.344 0.535 0.845 0. 4026569.301 0. 0. 1. 0.
0.844 -0.536 0. 354386.600 0.536 0.844 0. 4026570.097 0. 0. 1. 0.
0.843 -0.537 0. 354387.906 0.537 0.843 0. 4026570.929 0. 0. 1. 0.
0.842 -0.539 0. 354389.284 0.539 0.842 0. 4026571.809 0. 0. 1. 0.
0.842 -0.540 0. 354390.705 0.540 0.842 0. 4026572.721 0. 0. 1. 0.
0.841 -0.541 0. 354392.165 0.541 0.841 0. 4026573.660 0. 0. 1. 0.
0.840 -0.543 0. 354393.687 0.543 0.840 0. 4026574.643 0. 0. 1. 0.
0.839 -0.544 0. 354395.245 0.544 0.839 0. 4026575.655 0. 0. 1. 0.
0.838 -0.546 0. 354396.850 0.546 0.838 0. 4026576.701 0. 0. 1. 0.
0.837 -0.547 0. 354398.502 0.547 0.837 0. 4026577.780 0. 0. 1. 0.
0.836 -0.549 0. 354400.197 0.549 0.836 0. 4026578.891 0. 0. 1. 0.
0.835 -0.550 0. 354401.916 0.550 0.835 0. 4026580.023 0. 0. 1. 0.
0.835 -0.551 0. 354403.677 0.551 0.835 0. 4026581.184 0. 0. 1. 0.
0.836 -0.549 0. 354405.487 0.549 0.836 0. 4026582.376 0. 0. 1. 0.
0.837 -0.547 0. 354407.341 0.547 0.837 0. 4026583.592 0. 0. 1. 0.
0.838 -0.546 0. 354409.274 0.546 0.838 0. 4026584.851 0. 0. 1. 0.
0.839 -0.544 0. 354411.245 0.544 0.839 0. 4026586.131 0. 0. 1. 0.
0.840 -0.543 0. 354413.263 0.543 0.840 0. 4026587.437 0. 0. 1. 0.
0.841 -0.541 0. 354415.315 0.541 0.841 0. 4026588.760 0. 0. 1. 0.
0.841 -0.541 0. 354417.422 0.541 0.841 0. 4026590.114 0. 0. 1. 0.
0.841 -0.540 0. 354419.570 0.540 0.841 0. 4026591.492 0. 0. 1. 0.
0.841 -0.540 0. 354421.764 0.540 0.841 0. 4026592.901 0. 0. 1. 0.
0.842 -0.540 0. 354423.977 0.540 0.842 0. 4026594.322 0. 0. 1. 0.
0.842 -0.540 0. 354426.252 0.540 0.842 0. 4026595.782 0. 0. 1. 0.
0.842 -0.540 0. 354428.562 0.540 0.842 0. 4026597.264 0. 0. 1. 0.
0.842 -0.540 0. 354430.912 0.540 0.842 0. 4026598.771 0. 0. 1. 0.
0.842 -0.539 0. 354433.290 0.539 0.842 0. 4026600.294 0. 0. 1. 0.
0.842 -0.539 0. 354435.712 0.539 0.842 0. 4026601.844 0. 0. 1. 0.
0.843 -0.538 0. 354438.167 0.538 0.843 0. 4026603.412 0. 0. 1. 0.
0.843 -0.539 0. 354440.666 0.539 0.843 0. 4026605.008 0. 0. 1. 0.
0.842 -0.539 0. 354443.200 0.539 0.842 0. 4026606.629 0. 0. 1. 0.
0.842 -0.539 0. 354445.761 0.539 0.842 0. 4026608.270 0. 0. 1. 0.
0.842 -0.540 0. 354448.347 0.540 0.842 0. 4026609.927 0. 0. 1. 0.
0.841 -0.540 0. 354450.964 0.540 0.841 0. 4026611.606 0. 0. 1. 0.
0.841 -0.541 0. 354453.620 0.541 0.841 0. 4026613.314 0. 0. 1. 0.
0.841 -0.542 0. 354456.288 0.542 0.841 0. 4026615.031 0. 0. 1. 0.
0.840 -0.542 0. 354458.932 0.542 0.840 0. 4026616.736 0. 0. 1. 0.
0.840 -0.543 0. 354461.576 0.543 0.840 0. 4026618.443 0. 0. 1. 0.
0.840 -0.543 0. 354464.227 0.543 0.840 0. 4026620.157 0. 0. 1. 0.
0.840 -0.543 0. 354466.803 0.543 0.840 0. 4026621.823 0. 0. 1. 0.
0.839 -0.543 0. 354469.405 0.543 0.839 0. 4026623.507 0. 0. 1. 0.
0.839 -0.544 0. 354471.998 0.544 0.839 0. 4026625.186 0. 0. 1. 0.
0.839 -0.544 0. 354474.591 0.544 0.839 0. 4026626.867 0. 0. 1. 0.
0.839 -0.545 0. 354477.181 0.545 0.839 0. 4026628.548 0. 0. 1. 0.
0.838 -0.545 0. 354479.790 0.545 0.838 0. 4026630.244 0. 0. 1. 0.
0.838 -0.546 0. 354482.409 0.546 0.838 0. 4026631.948 0. 0. 1. 0.
0.838 -0.546 0. 354485.058 0.546 0.838 0. 4026633.672 0. 0. 1. 0.
0.838 -0.545 0. 354487.700 0.545 0.838 0. 4026635.392 0. 0. 1. 0.
0.839 -0.545 0. 354490.352 0.545 0.839 0. 4026637.117 0. 0. 1. 0.
0.839 -0.544 0. 354493.048 0.544 0.839 0. 4026638.867 0. 0. 1. 0.
0.841 -0.541 0. 354495.763 0.541 0.841 0. 4026640.620 0. 0. 1. 0.
0.843 -0.538 0. 354498.465 0.538 0.843 0. 4026642.351 0. 0. 1. 0.
0.846 -0.533 0. 354501.178 0.533 0.846 0. 4026644.071 0. 0. 1. 0.
0.850 -0.527 0. 354503.925 0.527 0.850 0. 4026645.787 0. 0. 1. 0.
0.856 -0.517 0. 354506.694 0.517 0.856 0. 4026647.482 0. 0. 1. 0.
0.863 -0.505 0. 354509.446 0.505 0.863 0. 4026649.118 0. 0. 1. 0.
0.869 -0.495 0. 354512.221 0.495 0.869 0. 4026650.723 0. 0. 1. 0.
0.875 -0.485 0. 354515.039 0.485 0.875 0. 4026652.310 0. 0. 1. 0.
0.880 -0.476 0. 354517.861 0.476 0.880 0. 4026653.859 0. 0. 1. 0.
0.881 -0.474 0. 354520.675 0.474 0.881 0. 4026655.376 0. 0. 1. 0.
0.877 -0.480 0. 354523.478 0.480 0.877 0. 4026656.899 0. 0. 1. 0.
0.873 -0.487 0. 354526.238 0.487 0.873 0. 4026658.426 0. 0. 1. 0.
0.869 -0.494 0. 354529.023 0.494 0.869 0. 4026659.995 0. 0. 1. 0.
0.866 -0.500 0. 354531.731 0.500 0.866 0. 4026661.549 0. 0. 1. 0.
0.864 -0.504 0. 354534.444 0.504 0.864 0. 4026663.126 0. 0. 1. 0.
0.862 -0.507 0. 354537.130 0.507 0.862 0. 4026664.702 0. 0. 1. 0.
0.860 -0.510 0. 354539.817 0.510 0.860 0. 4026666.292 0. 0. 1. 0.
0.858 -0.513 0. 354542.462 0.513 0.858 0. 4026667.870 0. 0. 1. 0.
0.856 -0.516 0. 354545.071 0.516 0.856 0. 4026669.436 0. 0. 1. 0.
0.854 -0.520 0. 354547.679 0.520 0.854 0. 4026671.015 0. 0. 1. 0.
0.853 -0.523 0. 354550.320 0.523 0.853 0. 4026672.626 0. 0. 1. 0.
0.851 -0.525 0. 354552.818 0.525 0.851 0. 4026674.162 0. 0. 1. 0.
0.851 -0.525 0. 354555.342 0.525 0.851 0. 4026675.718 0. 0. 1. 0.
0.853 -0.522 0. 354557.858 0.522 0.853 0. 4026677.261 0. 0. 1. 0.
0.855 -0.518 0. 354560.372 0.518 0.855 0. 4026678.789 0. 0. 1. 0.
0.859 -0.513 0. 354562.849 0.513 0.859 0. 4026680.277 0. 0. 1. 0.
0.862 -0.507 0. 354565.321 0.507 0.862 0. 4026681.739 0. 0. 1. 0.
0.865 -0.501 0. 354567.776 0.501 0.865 0. 4026683.170 0. 0. 1. 0.
0.868 -0.497 0. 354570.172 0.497 0.868 0. 4026684.548 0. 0. 1. 0.
0.870 -0.492 0. 354572.498 0.492 0.870 0. 4026685.870 0. 0. 1. 0.
0.873 -0.488 0. 354574.750 0.488 0.873 0. 4026687.136 0. 0. 1. 0.
0.875 -0.484 0. 354576.919 0.484 0.875 0. 4026688.344 0. 0. 1. 0.
0.877 -0.481 0. 354578.994 0.481 0.877 0. 4026689.487 0. 0. 1. 0.
0.879 -0.477 0. 354581.030 0.477 0.879 0. 4026690.593 0. 0. 1. 0.
0.881 -0.473 0. 354583.006 0.473 0.881 0. 4026691.656 0. 0. 1. 0.
0.883 -0.470 0. 354584.919 0.470 0.883 0. 4026692.677 0. 0. 1. 0.
0.883 -0.469 0. 354586.763 0.469 0.883 0. 4026693.656 0. 0. 1. 0.
0.883 -0.469 0. 354588.557 0.469 0.883 0. 4026694.612 0. 0. 1. 0.
0.883 -0.469 0. 354590.277 0.469 0.883 0. 4026695.526 0. 0. 1. 0.
0.883 -0.468 0. 354591.908 0.468 0.883 0. 4026696.395 0. 0. 1. 0.
0.884 -0.468 0. 354593.464 0.468 0.884 0. 4026697.222 0. 0. 1. 0.
0.885 -0.466 0. 354594.953 0.466 0.885 0. 4026698.011 0. 0. 1. 0.
0.886 -0.464 0. 354596.382 0.464 0.886 0. 4026698.762 0. 0. 1. 0.
0.887 -0.462 0. 354597.719 0.462 0.887 0. 4026699.462 0. 0. 1. 0.
0.888 -0.460 0. 354598.954 0.460 0.888 0. 4026700.104 0. 0. 1. 0.
0.889 -0.459 0. 354600.077 0.459 0.889 0. 4026700.681 0. 0. 1. 0.
0.890 -0.456 0. 354601.104 0.456 0.890 0. 4026701.205 0. 0. 1. 0.
0.892 -0.453 0. 354602.061 0.453 0.892 0. 4026701.691 0. 0. 1. 0.
0.893 -0.449 0. 354602.936 0.449 0.893 0. 4026702.131 0. 0. 1. 0.
0.895 -0.446 0. 354603.713 0.446 0.895 0. 4026702.517 0. 0. 1. 0.
0.897 -0.441 0. 354604.395 0.441 0.897 0. 4026702.852 0. 0. 1. 0.
0.900 -0.435 0. 354604.988 0.435 0.900 0. 4026703.140 0. 0. 1. 0.
0.904 -0.427 0. 354605.493 0.427 0.904 0. 4026703.380 0. 0. 1. 0.
0.909 -0.417 0. 354605.913 0.417 0.909 0. 4026703.572 0. 0. 1. 0.
0.914 -0.406 0. 354606.258 0.406 0.914 0. 4026703.727 0. 0. 1. 0.
0.918 -0.396 0. 354606.529 0.396 0.918 0. 4026703.843 0. 0. 1. 0.
0.922 -0.388 0. 354606.727 0.388 0.922 0. 4026703.926 0. 0. 1. 0.
0.924 -0.383 0. 354606.852 0.383 0.924 0. 4026703.976 0. 0. 1. 0.
0.925 -0.380 0. 354606.930 0.380 0.925 0. 4026704.007 0. 0. 1. 0.
0.926 -0.377 0. 354607.004 0.377 0.926 0. 4026704.036 0. 0. 1. 0.
0.928 -0.374 0. 354607.091 0.374 0.928 0. 4026704.069 0. 0. 1. 0.
0.929 -0.370 0. 354607.190 0.370 0.929 0. 4026704.106 0. 0. 1. 0.
0.931 -0.364 0. 354607.308 0.364 0.931 0. 4026704.152 0. 0. 1. 0.
0.935 -0.355 0. 354607.459 0.355 0.935 0. 4026704.208 0. 0. 1. 0.
0.939 -0.344 0. 354607.646 0.344 0.939 0. 4026704.276 0. 0. 1. 0.
0.943 -0.332 0. 354607.871 0.332 0.943 0. 4026704.356 0. 0. 1. 0.
0.948 -0.317 0. 354608.147 0.317 0.948 0. 4026704.449 0. 0. 1. 0.
0.954 -0.299 0. 354608.477 0.299 0.954 0. 4026704.555 0. 0. 1. 0.
0.960 -0.278 0. 354608.861 0.278 0.960 0. 4026704.670 0. 0. 1. 0.
0.967 -0.254 0. 354609.297 0.254 0.967 0. 4026704.789 0. 0. 1. 0.
0.974 -0.228 0. 354609.789 0.228 0.974 0. 4026704.911 0. 0. 1. 0.
0.980 -0.198 0. 354610.336 0.198 0.980 0. 4026705.030 0. 0. 1. 0.
0.986 -0.166 0. 354610.937 0.166 0.986 0. 4026705.140 0. 0. 1. 0.
0.991 -0.130 0. 354611.593 0.130 0.991 0. 4026705.238 0. 0. 1. 0.
0.995 -0.095 0. 354612.300 0.095 0.995 0. 4026705.318 0. 0. 1. 0.
0.998 -0.059 0. 354613.047 0.059 0.998 0. 4026705.375 0. 0. 1. 0.
1.000 -0.020 0. 354613.846 0.020 1.000 0. 4026705.408 0. 0. 1. 0.
1.000 0.020 0. 354614.673 -0.020 1.000 -0. 4026705.409 -0. 0. 1. 0.
0.998 0.064 0. 354615.533 -0.064 0.998 -0. 4026705.376 -0. 0. 1. 0.
0.993 0.115 0. 354616.419 -0.115 0.993 -0. 4026705.299 -0. 0. 1. 0.
0.986 0.167 0. 354617.327 -0.167 0.986 -0. 4026705.173 -0. 0. 1. 0.
0.975 0.222 0. 354618.252 -0.222 0.975 -0. 4026704.989 -0. 0. 1. 0.
0.961 0.277 0. 354619.133 -0.277 0.961 -0. 4026704.762 -0. 0. 1. 0.
0.943 0.332 0. 354619.987 -0.332 0.943 -0. 4026704.491 -0. 0. 1. 0.
0.922 0.386 0. 354620.797 -0.386 0.922 -0. 4026704.181 -0. 0. 1. 0.
0.899 0.438 0. 354621.569 -0.438 0.899 -0. 4026703.833 -0. 0. 1. 0.
