1. 0. 0. 0. 0. -1. -0. 0. 0. 0. -1. 0.
1. 0.002 0. 0.011 0.002 -1. -0. -0.010 0. 0. -1. 0.
1. 0.007 0. 0.002 0.007 -1. -0. -0.008 0. 0. -1. 0.
1. 0.003 0. -0.017 0.003 -1. -0. -0.013 0. 0. -1. 0.
1. 0.005 0. -0.016 0.005 -1. -0. 0.001 0. 0. -1. 0.
1. 0.009 0. -0.005 0.009 -1. -0. -0.001 0. 0. -1. 0.
1. 0.008 0. 0.030 0.008 -1. -0. 0.020 0. 0. -1. 0.
1. 0.001 0. 0.013 0.001 -1. -0. 0.004 0. 0. -1. 0.
1. 0.001 0. -0.008 0.001 -1. -0. -0.018 0. 0. -1. 0.
1. 0.004 0. 0.005 0.004 -1. -0. -0.011 0. 0. -1. 0.
1. 0.008 0. 0.005 0.008 -1. -0. 0.005 0. 0. -1. 0.
1. 0.007 0. 0.010 0.007 -1. -0. 0.022 0. 0. -1. 0.
1. 0.003 0. 0.026 0.003 -1. -0. 0.005 0. 0. -1. 0.
1. 0.003 0. 0.007 0.003 -1. -0. -0.011 0. 0. -1. 0.
1. 0.004 0. 0.012 0.004 -1. -0. -0.005 0. 0. -1. 0.
1. 0.001 0. 0.008 0.001 -1. -0. 0.011 0. 0. -1. 0.
1. 0.002 0. -0.009 0.002 -1. -0. -0.009 0. 0. -1. 0.
1. 0.002 0. 0.015 0.002 -1. -0. -0.002 0. 0. -1. 0.
1. 0.000 0. 0.008 0.000 -1. -0. 0.009 0. 0. -1. 0.
1. -0.001 -0. -0.018 -0.001 -1. -0. -0.013 0. 0. -1. 0.
1. 0.011 0. -0.001 0.011 -1. -0. 0.012 0. 0. -1. 0.
1.000 0.015 0. 0.018 0.015 -1.000 -0. 0.039 0. 0. -1. 0.
1. 0.007 0. -0.000 0.007 -1. -0. -0.002 0. 0. -1. 0.
1. 0.005 0. 0.027 0.005 -1. -0. 0.037 0. 0. -1. 0.
1. 0.007 0. -0.010 0.007 -1. -0. -0.029 0. 0. -1. 0.
1. 0.008 0. 0.007 0.008 -1. -0. -0.032 0. 0. -1. 0.
1. 0.002 0. -0.010 0.002 -1. -0. -0.037 0. 0. -1. 0.
1. 0.009 0. -0.012 0.009 -1. -0. 0.003 0. 0. -1. 0.
1. 0.013 0. 0.013 0.013 -1. -0. 0.028 0. 0. -1. 0.
1. 0.006 0. 0.037 0.006 -1. -0. 0.031 0. 0. -1. 0.
1. -0.001 -0. -0.003 -0.001 -1. -0. -0.004 0. 0. -1. 0.
1. 0.005 0. -0.021 0.005 -1. -0. -0.008 0. 0. -1. 0.
1. 0.007 0. 0.034 0.007 -1. -0. 0.026 0. 0. -1. 0.
1. 0.002 0. 0.021 0.002 -1. -0. 0.008 0. 0. -1. 0.
1. -0.001 -0. -0.017 -0.001 -1. -0. -0.030 0. 0. -1. 0.
1. 0.008 0. 0.003 0.008 -1. -0. -0.002 0. 0. -1. 0.
1. 0.006 0. -0.009 0.006 -1. -0. -0.022 0. 0. -1. 0.
1. -0.001 -0. -0.012 -0.001 -1. -0. -0.013 0. 0. -1. 0.
1. 0.005 0. -0.027 0.005 -1. -0. -0.033 0. 0. -1. 0.
1. 0.001 0. 0.009 0.001 -1. -0. 0.003 0. 0. -1. 0.
1. 0.010 0. -0.001 0.010 -1. -0. 0.002 0. 0. -1. 0.
1.000 0.015 0. -0.001 0.015 -1.000 -0. 0.035 0. 0. -1. 0.
1. 0.005 0. -0.004 0.005 -1. -0. -0.016 0. 0. -1. 0.
1. -0.003 -0. -0.031 -0.003 -1. -0. -0.032 0. 0. -1. 0.
1. -0.003 -0. -0.006 -0.003 -1. -0. 0.001 0. 0. -1. 0.
1. 0.007 0. 0.016 0.007 -1. -0. 0.023 0. 0. -1. 0.
1. 0.007 0. 0.027 0.007 -1. -0. 0.022 0. 0. -1. 0.
1. 0.003 0. 0.006 0.003 -1. -0. 0.000 0. 0. -1. 0.
1. 0.002 0. 0.005 0.002 -1. -0. -0.001 0. 0. -1. 0.
1. 0.003 0. 0.016 0.003 -1. -0. -0.002 0. 0. -1. 0.
1. 0.002 0. 0.004 0.002 -1. -0. -0.009 0. 0. -1. 0.
1. 0.001 0. 0.004 0.001 -1. -0. -0.009 0. 0. -1. 0.
1. 0.000 0. -0.016 0.000 -1. -0. -0.034 0. 0. -1. 0.
1. 0.011 0. 0.001 0.011 -1. -0. 0.014 0. 0. -1. 0.
1.000 0.015 0. 0.010 0.015 -1.000 -0. 0.050 0. 0. -1. 0.
1. -0.000 -0. 0.016 -0.000 -1. -0. 0.014 0. 0. -1. 0.
1. -0.005 -0. -0.006 -0.005 -1. -0. -0.023 0. 0. -1. 0.
1. 0.006 0. -0.013 0.006 -1. -0. -0.022 0. 0. -1. 0.
1.000 0.014 0. 0.009 0.014 -1.000 -0. 0.055 0. 0. -1. 0.
1. 0.012 0. 0.009 0.012 -1. -0. 0.015 0. 0. -1. 0.
1. 0.005 0. -0.006 0.005 -1. -0. -0.019 0. 0. -1. 0.
1. 0.003 0. -0.004 0.003 -1. -0. -0.007 0. 0. -1. 0.
1. 0.002 0. 0.010 0.002 -1. -0. -0.006 0. 0. -1. 0.
1. 0.004 0. 0.024 0.004 -1. -0. -0.023 0. 0. -1. 0.
1. -0.006 -0. 0.069 -0.006 -1. -0. 0.007 0. 0. -1. 0.
1. -0.011 -0. 0.114 -0.011 -1. -0. -0.042 0. 0. -1. 0.
1. -0.014 -0. 0.249 -0.014 -1. -0. 0.001 0. 0. -1. 0.
1.000 -0.031 -0. 0.428 -0.031 -1.000 -0. 0.003 0. 0. -1. 0.
0.998 -0.061 -0. 0.731 -0.061 -0.998 -0. -0.113 0. 0. -1. 0.
0.995 -0.095 -0. 1.114 -0.095 -0.995 -0. -0.120 0. 0. -1. 0.
0.992 -0.129 -0. 1.591 -0.129 -0.992 -0. -0.218 0. 0. -1. 0.
0.990 -0.141 -0. 2.108 -0.141 -0.990 -0. -0.356 0. 0. -1. 0.
0.988 -0.154 -0. 2.780 -0.154 -0.988 -0. -0.480 0. 0. -1. 0.
0.987 -0.162 -0. 3.557 -0.162 -0.987 -0. -0.579 0. 0. -1. 0.
0.986 -0.165 -0. 4.389 -0.165 -0.986 -0. -0.706 0. 0. -1. 0.
0.988 -0.155 -0. 5.219 -0.155 -0.988 -0. -1.006 0. 0. -1. 0.
0.989 -0.149 -0. 6.251 -0.149 -0.989 -0. -1.057 0. 0. -1. 0.
0.989 -0.149 -0. 7.206 -0.149 -0.989 -0. -1.247 0. 0. -1. 0.
0.990 -0.142 -0. 8.221 -0.142 -0.990 -0. -1.380 0. 0. -1. 0.
0.991 -0.136 -0. 9.269 -0.136 -0.991 -0. -1.566 0. 0. -1. 0.
0.991 -0.131 -0. 10.450 -0.131 -0.991 -0. -1.736 0. 0. -1. 0.
0.993 -0.121 -0. 11.626 -0.121 -0.993 -0. -1.895 0. 0. -1. 0.
0.993 -0.118 -0. 12.900 -0.118 -0.993 -0. -1.971 0. 0. -1. 0.
0.994 -0.109 -0. 14.213 -0.109 -0.994 -0. -2.198 0. 0. -1. 0.
0.995 -0.100 -0. 15.560 -0.100 -0.995 -0. -2.299 0. 0. -1. 0.
0.996 -0.089 -0. 16.897 -0.089 -0.996 -0. -2.415 0. 0. -1. 0.
0.997 -0.075 -0. 18.335 -0.075 -0.997 -0. -2.523 0. 0. -1. 0.
0.998 -0.062 -0. 19.785 -0.062 -0.998 -0. -2.812 0. 0. -1. 0.
0.998 -0.057 -0. 21.249 -0.057 -0.998 -0. -2.896 0. 0. -1. 0.
0.999 -0.048 -0. 22.776 -0.048 -0.999 -0. -2.903 0. 0. -1. 0.
0.999 -0.035 -0. 24.378 -0.035 -0.999 -0. -2.874 0. 0. -1. 0.
1.000 -0.021 -0. 26.025 -0.021 -1.000 -0. -3.089 0. 0. -1. 0.
1. -0.011 -0. 27.753 -0.011 -1. -0. -3.144 0. 0. -1. 0.
1. -0.004 -0. 29.490 -0.004 -1. -0. -3.230 0. 0. -1. 0.
1. -0.004 -0. 31.211 -0.004 -1. -0. -3.201 0. 0. -1. 0.
1. 0.008 0. 33.071 0.008 -1. -0. -3.252 0. 0. -1. 0.
1.000 0.015 0. 34.881 0.015 -1.000 -0. -3.272 0. 0. -1. 0.
1.000 0.019 0. 36.675 0.019 -1.000 -0. -3.170 0. 0. -1. 0.
1.000 0.022 0. 38.519 0.022 -1.000 -0. -3.218 0. 0. -1. 0.
1.000 0.030 0. 40.368 0.030 -1.000 -0. -3.081 0. 0. -1. 0.
0.999 0.038 0. 42.242 0.038 -0.999 -0. -2.923 0. 0. -1. 0.
0.999 0.044 0. 44.253 0.044 -0.999 -0. -2.929 0. 0. -1. 0.
0.999 0.052 0. 46.258 0.052 -0.999 -0. -3.048 0. 0. -1. 0.
0.999 0.054 0. 48.330 0.054 -0.999 -0. -2.819 0. 0. -1. 0.
0.998 0.058 0. 50.480 0.058 -0.998 -0. -2.840 0. 0. -1. 0.
0.998 0.058 0. 52.550 0.058 -0.998 -0. -2.767 0. 0. -1. 0.
0.999 0.053 0. 54.659 0.053 -0.999 -0. -2.621 0. 0. -1. 0.
0.998 0.059 0. 56.777 0.059 -0.998 -0. -2.716 0. 0. -1. 0.
0.999 0.051 0. 58.993 0.051 -0.999 -0. -2.504 0. 0. -1. 0.
0.999 0.052 0. 61.105 0.052 -0.999 -0. -2.412 0. 0. -1. 0.
0.999 0.049 0. 63.226 0.049 -0.999 -0. -2.354 0. 0. -1. 0.
0.999 0.046 0. 65.384 0.046 -0.999 -0. -2.266 0. 0. -1. 0.
0.999 0.041 0. 67.553 0.041 -0.999 -0. -2.179 0. 0. -1. 0.
0.999 0.047 0. 69.608 0.047 -0.999 -0. -2.115 0. 0. -1. 0.
0.999 0.043 0. 71.805 0.043 -0.999 -0. -1.943 0. 0. -1. 0.
0.999 0.041 0. 73.864 0.041 -0.999 -0. -1.852 0. 0. -1. 0.
1.000 0.031 0. 75.989 0.031 -1.000 -0. -1.786 0. 0. -1. 0.
1. 0.010 0. 78.119 0.010 -1. -0. -1.833 0. 0. -1. 0.
1. -0.008 -0. 80.157 -0.008 -1. -0. -1.838 0. 0. -1. 0.
0.999 -0.049 -0. 82.297 -0.049 -0.999 -0. -2.015 0. 0. -1. 0.
0.997 -0.081 -0. 84.268 -0.081 -0.997 -0. -2.214 0. 0. -1. 0.
0.992 -0.126 -0. 86.369 -0.126 -0.992 -0. -2.470 0. 0. -1. 0.
0.987 -0.161 -0. 88.328 -0.161 -0.987 -0. -2.784 0. 0. -1. 0.
0.977 -0.214 -0. 90.316 -0.214 -0.977 -0. -3.199 0. 0. -1. 0.
0.966 -0.259 -0. 92.232 -0.259 -0.966 -0. -3.773 0. 0. -1. 0.
0.950 -0.312 -0. 94.162 -0.312 -0.950 -0. -4.346 0. 0. -1. 0.
0.937 -0.350 -0. 95.964 -0.350 -0.937 -0. -5.122 0. 0. -1. 0.
0.915 -0.404 -0. 97.777 -0.404 -0.915 -0. -5.911 0. 0. -1. 0.
0.892 -0.451 -0. 99.475 -0.451 -0.892 -0. -6.804 0. 0. -1. 0.
0.864 -0.503 -0. 101.177 -0.503 -0.864 -0. -7.752 0. 0. -1. 0.
0.827 -0.562 -0. 102.920 -0.562 -0.827 -0. -8.823 0. 0. -1. 0.
0.783 -0.622 -0. 104.600 -0.622 -0.783 -0. -10.001 0. 0. -1. 0.
0.730 -0.683 -0. 105.890 -0.683 -0.730 -0. -11.340 0. 0. -1. 0.
0.668 -0.744 -0. 107.218 -0.744 -0.668 -0. -12.716 0. 0. -1. 0.
0.602 -0.798 -0. 108.343 -0.798 -0.602 -0. -14.249 0. 0. -1. 0.
0.544 -0.839 -0. 109.231 -0.839 -0.544 -0. -15.973 0. 0. -1. 0.
0.481 -0.876 -0. 110.244 -0.876 -0.481 -0. -17.441 0. 0. -1. 0.
0.432 -0.902 -0. 110.998 -0.902 -0.432 -0. -19.164 0. 0. -1. 0.
0.408 -0.913 -0. 111.527 -0.913 -0.408 -0. -21.095 0. 0. -1. 0.
0.389 -0.921 -0. 112.345 -0.921 -0.389 -0. -22.804 0. 0. -1. 0.
0.386 -0.922 -0. 113.045 -0.922 -0.386 -0. -24.546 0. 0. -1. 0.
0.381 -0.925 -0. 113.837 -0.925 -0.381 -0. -26.274 0. 0. -1. 0.
0.385 -0.923 -0. 114.474 -0.923 -0.385 -0. -28.117 0. 0. -1. 0.
0.389 -0.921 -0. 115.258 -0.921 -0.389 -0. -29.913 0. 0. -1. 0.
0.400 -0.917 -0. 116.072 -0.917 -0.400 -0. -31.690 0. 0. -1. 0.
0.408 -0.913 -0. 116.989 -0.913 -0.408 -0. -33.573 0. 0. -1. 0.
0.421 -0.907 -0. 117.686 -0.907 -0.421 -0. -35.451 0. 0. -1. 0.
0.432 -0.902 -0. 118.473 -0.902 -0.432 -0. -37.351 0. 0. -1. 0.
0.450 -0.893 -0. 119.240 -0.893 -0.450 -0. -39.247 0. 0. -1. 0.
0.461 -0.888 -0. 120.372 -0.888 -0.461 -0. -41.085 0. 0. -1. 0.
0.478 -0.878 -0. 121.297 -0.878 -0.478 -0. -42.940 0. 0. -1. 0.
0.493 -0.870 -0. 122.273 -0.870 -0.493 -0. -44.884 0. 0. -1. 0.
0.508 -0.862 -0. 123.138 -0.862 -0.508 -0. -46.773 0. 0. -1. 0.
0.529 -0.849 -0. 124.364 -0.849 -0.529 -0. -48.653 0. 0. -1. 0.
0.544 -0.839 -0. 125.691 -0.839 -0.544 -0. -50.467 0. 0. -1. 0.
0.555 -0.832 -0. 126.792 -0.832 -0.555 -0. -52.232 0. 0. -1. 0.
0.576 -0.817 -0. 127.893 -0.817 -0.576 -0. -53.976 0. 0. -1. 0.
0.588 -0.809 -0. 129.107 -0.809 -0.588 -0. -55.731 0. 0. -1. 0.
0.599 -0.800 -0. 130.524 -0.800 -0.599 -0. -57.403 0. 0. -1. 0.
0.609 -0.793 -0. 131.703 -0.793 -0.609 -0. -59.080 0. 0. -1. 0.
0.627 -0.779 -0. 132.868 -0.779 -0.627 -0. -60.808 0. 0. -1. 0.
0.635 -0.773 -0. 134.242 -0.773 -0.635 -0. -62.326 0. 0. -1. 0.
0.649 -0.761 -0. 135.580 -0.761 -0.649 -0. -63.798 0. 0. -1. 0.
0.667 -0.745 -0. 136.825 -0.745 -0.667 -0. -65.347 0. 0. -1. 0.
0.687 -0.727 -0. 138.252 -0.727 -0.687 -0. -66.767 0. 0. -1. 0.
0.710 -0.704 -0. 139.621 -0.704 -0.710 -0. -68.201 0. 0. -1. 0.
0.735 -0.679 -0. 140.958 -0.679 -0.735 -0. -69.640 0. 0. -1. 0.
0.764 -0.646 -0. 142.268 -0.646 -0.764 -0. -70.969 0. 0. -1. 0.
0.796 -0.605 -0. 143.739 -0.605 -0.796 -0. -72.051 0. 0. -1. 0.
0.832 -0.555 -0. 145.177 -0.555 -0.832 -0. -72.888 0. 0. -1. 0.
0.865 -0.502 -0. 146.565 -0.502 -0.865 -0. -73.801 0. 0. -1. 0.
0.901 -0.434 -0. 148. -0.434 -0.901 -0. -74.540 0. 0. -1. 0.
0.937 -0.348 -0. 149.284 -0.348 -0.937 -0. -75.047 0. 0. -1. 0.
0.967 -0.254 -0. 150.625 -0.254 -0.967 -0. -75.438 0. 0. -1. 0.
0.988 -0.154 -0. 151.866 -0.154 -0.988 -0. -75.635 0. 0. -1. 0.
0.999 -0.053 -0. 153.040 -0.053 -0.999 -0. -75.752 0. 0. -1. 0.
0.998 0.056 0. 154.159 0.056 -0.998 -0. -75.628 0. 0. -1. 0.
0.985 0.170 0. 155.260 0.170 -0.985 -0. -75.479 0. 0. -1. 0.
0.953 0.302 0. 156.249 0.302 -0.953 -0. -75.083 0. 0. -1. 0.
0.903 0.431 0. 157.313 0.431 -0.903 -0. -74.644 0. 0. -1. 0.
0.821 0.571 0. 158.015 0.571 -0.821 -0. -74.078 0. 0. -1. 0.
0.720 0.694 0. 158.805 0.694 -0.720 -0. -73.316 0. 0. -1. 0.
0.593 0.805 0. 159.316 0.805 -0.593 -0. -72.561 0. 0. -1. 0.
0.438 0.899 0. 159.830 0.899 -0.438 -0. -71.628 0. 0. -1. 0.
0.261 0.965 0. 159.958 0.965 -0.261 -0. -70.764 0. 0. -1. 0.
0.087 0.996 0. 160.045 0.996 -0.087 -0. -69.747 0. 0. -1. 0.
-0.107 0.994 0. 159.796 0.994 0.107 0. -68.872 0. 0. -1. 0.
-0.294 0.956 0. 159.505 0.956 0.294 0. -68.038 0. 0. -1. 0.
-0.464 0.886 0. 159.004 0.886 0.464 0. -67.175 0. 0. -1. 0.
-0.607 0.795 0. 158.490 0.795 0.607 0. -66.378 0. 0. -1. 0.
-0.715 0.699 0. 157.582 0.699 0.715 0. -65.724 0. 0. -1. 0.
-0.797 0.603 0. 156.763 0.603 0.797 0. -65.099 0. 0. -1. 0.
-0.852 0.524 0. 155.699 0.524 0.852 0. -64.508 0. 0. -1. 0.
-0.892 0.451 0. 154.696 0.451 0.892 0. -63.922 0. 0. -1. 0.
-0.921 0.389 0. 153.512 0.389 0.921 0. -63.551 0. 0. -1. 0.
-0.939 0.343 0. 152.286 0.343 0.939 0. -63.003 0. 0. -1. 0.
-0.949 0.314 0. 150.894 0.314 0.949 0. -62.516 0. 0. -1. 0.
-0.954 0.301 0. 149.670 0.301 0.954 0. -62.158 0. 0. -1. 0.
-0.956 0.293 0. 148.174 0.293 0.956 0. -61.734 0. 0. -1. 0.
-0.956 0.293 0. 146.741 0.293 0.956 0. -61.212 0. 0. -1. 0.
-0.955 0.297 0. 145.293 0.297 0.955 0. -60.796 0. 0. -1. 0.
-0.948 0.317 0. 143.806 0.317 0.948 0. -60.324 0. 0. -1. 0.
-0.943 0.333 0. 142.224 0.333 0.943 0. -59.603 0. 0. -1. 0.
-0.936 0.353 0. 140.743 0.353 0.936 0. -59.115 0. 0. -1. 0.
-0.923 0.385 0. 139.192 0.385 0.923 0. -58.448 0. 0. -1. 0.
-0.903 0.429 0. 137.647 0.429 0.903 0. -57.718 0. 0. -1. 0.
-0.880 0.474 0. 136.150 0.474 0.880 0. -56.892 0. 0. -1. 0.
-0.857 0.516 0. 134.707 0.516 0.857 0. -55.961 0. 0. -1. 0.
-0.828 0.561 0. 133.266 0.561 0.828 0. -54.832 0. 0. -1. 0.
-0.795 0.606 0. 131.797 0.606 0.795 0. -53.746 0. 0. -1. 0.
-0.763 0.646 0. 130.381 0.646 0.763 0. -52.468 0. 0. -1. 0.
-0.728 0.685 0. 128.996 0.685 0.728 0. -51.221 0. 0. -1. 0.
-0.688 0.726 0. 127.680 0.726 0.688 0. -49.792 0. 0. -1. 0.
-0.643 0.766 0. 126.530 0.766 0.643 0. -48.220 0. 0. -1. 0.
-0.603 0.798 0. 125.324 0.798 0.603 0. -46.777 0. 0. -1. 0.
-0.557 0.830 0. 124.283 0.830 0.557 0. -45.125 0. 0. -1. 0.
-0.519 0.855 0. 123.359 0.855 0.519 0. -43.471 0. 0. -1. 0.
-0.481 0.877 0. 122.302 0.877 0.481 0. -41.847 0. 0. -1. 0.
-0.444 0.896 0. 121.443 0.896 0.444 0. -40.014 0. 0. -1. 0.
-0.423 0.906 0. 120.684 0.906 0.423 0. -38.247 0. 0. -1. 0.
-0.404 0.915 0. 119.963 0.915 0.404 0. -36.360 0. 0. -1. 0.
-0.387 0.922 0. 119.098 0.922 0.387 0. -34.570 0. 0. -1. 0.
-0.380 0.925 0. 118.525 0.925 0.380 0. -32.764 0. 0. -1. 0.
-0.369 0.929 0. 117.756 0.929 0.369 0. -30.819 0. 0. -1. 0.
-0.364 0.932 0. 116.972 0.932 0.364 0. -28.938 0. 0. -1. 0.
-0.363 0.932 0. 116.380 0.932 0.363 0. -27.062 0. 0. -1. 0.
-0.370 0.929 0. 115.634 0.929 0.370 0. -25.153 0. 0. -1. 0.
-0.387 0.922 0. 114.876 0.922 0.387 0. -23.303 0. 0. -1. 0.
-0.410 0.912 0. 114.256 0.912 0.410 0. -21.446 0. 0. -1. 0.
-0.442 0.897 0. 113.254 0.897 0.442 0. -19.696 0. 0. -1. 0.
-0.480 0.877 0. 112.338 0.877 0.480 0. -17.897 0. 0. -1. 0.
-0.520 0.854 0. 111.415 0.854 0.520 0. -16.176 0. 0. -1. 0.
-0.567 0.824 0. 110.402 0.824 0.567 0. -14.556 0. 0. -1. 0.
-0.607 0.795 0. 109.237 0.795 0.607 0. -13.043 0. 0. -1. 0.
-0.650 0.760 0. 108.217 0.760 0.650 0. -11.482 0. 0. -1. 0.
-0.695 0.719 0. 107.041 0.719 0.695 0. -10.032 0. 0. -1. 0.
-0.744 0.669 0. 105.845 0.669 0.744 0. -8.752 0. 0. -1. 0.
-0.784 0.620 0. 103.995 0.620 0.784 0. -7.467 0. 0. -1. 0.
-0.826 0.563 0. 102.584 0.563 0.826 0. -6.324 0. 0. -1. 0.
-0.861 0.508 0. 100.926 0.508 0.861 0. -5.405 0. 0. -1. 0.
-0.895 0.447 0. 99.178 0.447 0.895 0. -4.590 0. 0. -1. 0.
-0.926 0.376 0. 97.618 0.376 0.926 0. -3.793 0. 0. -1. 0.
-0.951 0.310 0. 95.820 0.310 0.951 0. -3.196 0. 0. -1. 0.
-0.969 0.248 0. 94.015 0.248 0.969 0. -2.639 0. 0. -1. 0.
-0.981 0.195 0. 92.224 0.195 0.981 0. -2.188 0. 0. -1. 0.
-0.990 0.142 0. 90.255 0.142 0.990 0. -1.874 0. 0. -1. 0.
-0.996 0.094 0. 88.289 0.094 0.996 0. -1.739 0. 0. -1. 0.
-0.999 0.050 0. 86.307 0.050 0.999 0. -1.585 0. 0. -1. 0.
-1.000 0.019 0. 84.341 0.019 1.000 0. -1.636 0. 0. -1. 0.
-1. -0.007 -0. 82.300 -0.007 1. 0. -1.442 0. 0. -1. 0.
-1.000 -0.018 -0. 80.304 -0.018 1.000 0. -1.603 0. 0. -1. 0.
-1.000 -0.031 -0. 78.243 -0.031 1.000 0. -1.668 0. 0. -1. 0.
-0.999 -0.033 -0. 76.189 -0.033 0.999 0. -1.757 0. 0. -1. 0.
-0.999 -0.048 -0. 74.109 -0.048 0.999 0. -1.743 0. 0. -1. 0.
-0.999 -0.044 -0. 72.000 -0.044 0.999 0. -1.861 0. 0. -1. 0.
-0.999 -0.047 -0. 69.958 -0.047 0.999 0. -1.863 0. 0. -1. 0.
-0.999 -0.048 -0. 67.791 -0.048 0.999 0. -1.977 0. 0. -1. 0.
-0.999 -0.047 -0. 65.701 -0.047 0.999 0. -1.984 0. 0. -1. 0.
-0.999 -0.046 -0. 63.596 -0.046 0.999 0. -2.127 0. 0. -1. 0.
-0.999 -0.043 -0. 61.470 -0.043 0.999 0. -2.147 0. 0. -1. 0.
-0.999 -0.044 -0. 59.355 -0.044 0.999 0. -2.134 0. 0. -1. 0.
-0.999 -0.043 -0. 57.209 -0.043 0.999 0. -2.273 0. 0. -1. 0.
-0.999 -0.050 -0. 55.164 -0.050 0.999 0. -2.261 0. 0. -1. 0.
-0.998 -0.056 -0. 53.108 -0.056 0.998 0. -2.297 0. 0. -1. 0.
-0.998 -0.068 -0. 50.932 -0.068 0.998 0. -2.336 0. 0. -1. 0.
-0.997 -0.077 -0. 48.943 -0.077 0.997 0. -2.653 0. 0. -1. 0.
-0.997 -0.084 -0. 46.869 -0.084 0.997 0. -2.730 0. 0. -1. 0.
-0.997 -0.083 -0. 44.737 -0.083 0.997 0. -2.848 0. 0. -1. 0.
-0.998 -0.070 -0. 42.680 -0.070 0.998 0. -3.071 0. 0. -1. 0.
-0.999 -0.046 -0. 40.684 -0.046 0.999 0. -2.968 0. 0. -1. 0.
-1.000 -0.024 -0. 38.633 -0.024 1.000 0. -3.222 0. 0. -1. 0.
-1. -0.004 -0. 36.566 -0.004 1. 0. -3.030 0. 0. -1. 0.
-1. 0.007 0. 34.600 0.007 1. 0. -2.915 0. 0. -1. 0.
-1.000 0.018 0. 32.536 0.018 1.000 0. -2.934 0. 0. -1. 0.
-0.999 0.032 0. 30.438 0.032 0.999 0. -2.729 0. 0. -1. 0.
-0.999 0.046 0. 28.409 0.046 0.999 0. -2.810 0. 0. -1. 0.
-0.999 0.051 0. 26.358 0.051 0.999 0. -2.506 0. 0. -1. 0.
-0.999 0.055 0. 24.186 0.055 0.999 0. -2.304 0. 0. -1. 0.
-0.998 0.063 0. 22.009 0.063 0.998 0. -2.165 0. 0. -1. 0.
-0.998 0.063 0. 19.916 0.063 0.998 0. -1.950 0. 0. -1. 0.
-0.998 0.057 0. 17.662 0.057 0.998 0. -1.874 0. 0. -1. 0.
-0.998 0.070 0. 15.518 0.070 0.998 0. -1.688 0. 0. -1. 0.
-0.998 0.064 0. 13.385 0.064 0.998 0. -1.527 0. 0. -1. 0.
-0.998 0.064 0. 11.178 0.064 0.998 0. -1.363 0. 0. -1. 0.
-0.997 0.071 0. 9.055 0.071 0.997 0. -1.197 0. 0. -1. 0.
-0.998 0.065 0. 6.891 0.065 0.998 0. -1.074 0. 0. -1. 0.
-0.997 0.071 0. 4.705 0.071 0.997 0. -0.870 0. 0. -1. 0.
-0.998 0.067 0. 2.556 0.067 0.998 0. -0.775 0. 0. -1. 0.
-0.998 0.067 0. 0.387 0.067 0.998 0. -0.635 0. 0. -1. 0.
-0.998 0.062 0. -1.730 0.062 0.998 0. -0.335 0. 0. -1. 0.
-0.998 0.059 0. -3.834 0.059 0.998 0. -0.241 0. 0. -1. 0.
-0.998 0.063 0. -5.915 0.063 0.998 0. -0.041 0. 0. -1. 0.
-0.998 0.056 0. -8.087 0.056 0.998 0. 0.193 0. 0. -1. 0.
-0.998 0.059 0. -10.150 0.059 0.998 0. 0.332 0. 0. -1. 0.
-0.999 0.052 0. -12.250 0.052 0.999 0. 0.307 0. 0. -1. 0.
-0.998 0.058 0. -14.398 0.058 0.998 0. 0.614 0. 0. -1. 0.
-0.999 0.048 0. -16.414 0.048 0.999 0. 0.534 0. 0. -1. 0.
-0.999 0.053 0. -18.515 0.053 0.999 0. 0.933 0. 0. -1. 0.
-0.999 0.051 0. -20.639 0.051 0.999 0. 0.907 0. 0. -1. 0.
-0.999 0.041 0. -22.647 0.041 0.999 0. 1.200 0. 0. -1. 0.
-0.999 0.038 0. -24.731 0.038 0.999 0. 1.174 0. 0. -1. 0.
-0.999 0.035 0. -26.835 0.035 0.999 0. 1.402 0. 0. -1. 0.
-1.000 0.027 0. -28.886 0.027 1.000 0. 1.616 0. 0. -1. 0.
-1.000 0.025 0. -30.990 0.025 1.000 0. 1.590 0. 0. -1. 0.
-1.000 0.016 0. -32.941 0.016 1.000 0. 1.511 0. 0. -1. 0.
-1. 0.012 0. -35.010 0.012 1. 0. 1.501 0. 0. -1. 0.
-1. 0.010 0. -36.929 0.010 1. 0. 1.544 0. 0. -1. 0.
-1. -0.001 -0. -38.982 -0.001 1. 0. 1.644 0. 0. -1. 0.
-1. -0.010 -0. -41.059 -0.010 1. 0. 1.614 0. 0. -1. 0.
-1. -0.007 -0. -43.016 -0.007 1. 0. 1.663 0. 0. -1. 0.
-1. -0.011 -0. -44.984 -0.011 1. 0. 1.622 0. 0. -1. 0.
-1.000 -0.023 -0. -46.893 -0.023 1.000 0. 1.627 0. 0. -1. 0.
-1.000 -0.024 -0. -48.849 -0.024 1.000 0. 1.713 0. 0. -1. 0.
-1.000 -0.025 -0. -50.714 -0.025 1.000 0. 1.682 0. 0. -1. 0.
-1.000 -0.020 -0. -52.615 -0.020 1.000 0. 1.673 0. 0. -1. 0.
-1. -0.013 -0. -54.413 -0.013 1. 0. 1.629 0. 0. -1. 0.
-1. 0.007 0. -56.136 0.007 1. 0. 1.675 0. 0. -1. 0.
-1.000 0.019 0. -57.727 0.019 1.000 0. 1.653 0. 0. -1. 0.
-0.999 0.047 0. -59.243 0.047 0.999 0. 1.805 0. 0. -1. 0.
-0.997 0.071 0. -60.688 0.071 0.997 0. 1.937 0. 0. -1. 0.
-0.994 0.108 0. -61.960 0.108 0.994 0. 2.107 0. 0. -1. 0.
-0.988 0.156 0. -63.216 0.156 0.988 0. 2.278 0. 0. -1. 0.
-0.978 0.208 0. -64.297 0.208 0.978 0. 2.534 0. 0. -1. 0.
-0.961 0.277 0. -65.331 0.277 0.961 0. 2.818 0. 0. -1. 0.
-0.934 0.357 0. -66.310 0.357 0.934 0. 3.242 0. 0. -1. 0.
-0.897 0.442 0. -67.213 0.442 0.897 0. 3.762 0. 0. -1. 0.
-0.843 0.538 0. -67.941 0.538 0.843 0. 4.391 0. 0. -1. 0.
-0.778 0.629 0. -68.703 0.629 0.778 0. 4.987 0. 0. -1. 0.
-0.699 0.715 0. -69.384 0.715 0.699 0. 5.696 0. 0. -1. 0.
-0.613 0.790 0. -69.830 0.790 0.613 0. 6.505 0. 0. -1. 0.
-0.521 0.853 0. -70.507 0.853 0.521 0. 7.259 0. 0. -1. 0.
-0.431 0.903 0. -70.781 0.903 0.431 0. 8.125 0. 0. -1. 0.
-0.327 0.945 0. -71.093 0.945 0.327 0. 8.931 0. 0. -1. 0.
-0.245 0.970 0. -71.240 0.970 0.245 0. 9.786 0. 0. -1. 0.
-0.161 0.987 0. -71.381 0.987 0.161 0. 10.639 0. 0. -1. 0.
-0.099 0.995 0. -71.523 0.995 0.099 0. 11.497 0. 0. -1. 0.
-0.050 0.999 0. -71.438 0.999 0.050 0. 12.336 0. 0. -1. 0.
-0.026 1.000 0. -71.425 1.000 0.026 0. 13.371 0. 0. -1. 0.
-0.007 1. 0. -71.476 1. 0.007 0. 14.139 0. 0. -1. 0.
-0.002 1. 0. -71.418 1. 0.002 0. 15.171 0. 0. -1. 0.
-0.005 1. 0. -71.337 1. 0.005 0. 16.003 0. 0. -1. 0.
-0.002 1. 0. -71.306 1. 0.002 0. 16.933 0. 0. -1. 0.
-0.015 1.000 0. -71.348 1.000 0.015 0. 17.844 0. 0. -1. 0.
-0.009 1. 0. -71.148 1. 0.009 0. 18.749 0. 0. -1. 0.
-0.017 1.000 0. -71.327 1.000 0.017 0. 19.592 0. 0. -1. 0.
-0.012 1. 0. -71.296 1. 0.012 0. 20.436 0. 0. -1. 0.
-0.031 1.000 0. -71.363 1.000 0.031 0. 21.379 0. 0. -1. 0.
-0.021 1.000 0. -71.226 1.000 0.021 0. 22.209 0. 0. -1. 0.
-0.045 0.999 0. -71.365 0.999 0.045 0. 23.216 0. 0. -1. 0.
-0.032 0.999 0. -71.305 0.999 0.032 0. 24.110 0. 0. -1. 0.
-0.044 0.999 0. -71.517 0.999 0.044 0. 25.227 0. 0. -1. 0.
-0.040 0.999 0. -71.340 0.999 0.040 0. 26.233 0. 0. -1. 0.
-0.043 0.999 0. -71.551 0.999 0.043 0. 27.398 0. 0. -1. 0.
-0.042 0.999 0. -71.426 0.999 0.042 0. 28.539 0. 0. -1. 0.
-0.036 0.999 0. -71.593 0.999 0.036 0. 29.744 0. 0. -1. 0.
-0.017 1.000 0. -71.534 1.000 0.017 0. 30.883 0. 0. -1. 0.
-0.011 1. 0. -71.546 1. 0.011 0. 32.102 0. 0. -1. 0.
0.016 1.000 0. -71.440 1.000 -0.016 -0. 33.343 0. 0. -1. 0.
0.050 0.999 0. -71.484 0.999 -0.050 -0. 34.519 0. 0. -1. 0.
0.092 0.996 0. -71.259 0.996 -0.092 -0. 35.689 0. 0. -1. 0.
0.138 0.990 0. -71.125 0.990 -0.138 -0. 36.935 0. 0. -1. 0.
0.181 0.983 0. -70.795 0.983 -0.181 -0. 38.135 0. 0. -1. 0.
0.249 0.969 0. -70.392 0.969 -0.249 -0. 39.260 0. 0. -1. 0.
0.289 0.957 0. -70.096 0.957 -0.289 -0. 40.422 0. 0. -1. 0.
0.344 0.939 0. -69.648 0.939 -0.344 -0. 41.508 0. 0. -1. 0.
0.374 0.928 0. -69.197 0.928 -0.374 -0. 42.597 0. 0. -1. 0.
0.369 0.930 0. -68.582 0.930 -0.369 -0. 43.827 0. 0. -1. 0.
0.352 0.936 0. -68.112 0.936 -0.352 -0. 45.103 0. 0. -1. 0.
0.304 0.953 0. -67.619 0.953 -0.304 -0. 46.509 0. 0. -1. 0.
0.260 0.966 0. -67.197 0.966 -0.260 -0. 47.895 0. 0. -1. 0.
0.202 0.979 0. -66.870 0.979 -0.202 -0. 49.339 0. 0. -1. 0.
0.142 0.990 0. -66.514 0.990 -0.142 -0. 50.910 0. 0. -1. 0.
0.072 0.997 0. -66.417 0.997 -0.072 -0. 52.516 0. 0. -1. 0.
0.017 1.000 0. -66.335 1.000 -0.017 -0. 54.054 0. 0. -1. 0.
-0.034 0.999 0. -66.441 0.999 0.034 0. 55.651 0. 0. -1. 0.
-0.065 0.998 0. -66.467 0.998 0.065 0. 57.234 0. 0. -1. 0.
-0.091 0.996 0. -66.713 0.996 0.091 0. 58.812 0. 0. -1. 0.
-0.100 0.995 0. -66.724 0.995 0.100 0. 60.455 0. 0. -1. 0.
-0.104 0.995 0. -66.992 0.995 0.104 0. 62.048 0. 0. -1. 0.
-0.106 0.994 0. -67.080 0.994 0.106 0. 63.737 0. 0. -1. 0.
-0.107 0.994 0. -67.243 0.994 0.107 0. 65.296 0. 0. -1. 0.
-0.098 0.995 0. -67.398 0.995 0.098 0. 67.023 0. 0. -1. 0.
-0.103 0.995 0. -67.487 0.995 0.103 0. 68.742 0. 0. -1. 0.
-0.085 0.996 0. -67.661 0.996 0.085 0. 70.473 0. 0. -1. 0.
-0.090 0.996 0. -67.690 0.996 0.090 0. 72.184 0. 0. -1. 0.
-0.089 0.996 0. -67.942 0.996 0.089 0. 73.889 0. 0. -1. 0.
-0.082 0.997 0. -68.028 0.997 0.082 0. 75.629 0. 0. -1. 0.
-0.095 0.995 0. -68.126 0.995 0.095 0. 77.229 0. 0. -1. 0.
-0.116 0.993 0. -68.310 0.993 0.116 0. 78.924 0. 0. -1. 0.
-0.159 0.987 0. -68.456 0.987 0.159 0. 80.574 0. 0. -1. 0.
-0.208 0.978 0. -68.789 0.978 0.208 0. 82.240 0. 0. -1. 0.
-0.266 0.964 0. -69.160 0.964 0.266 0. 83.637 0. 0. -1. 0.
-0.324 0.946 0. -69.544 0.946 0.324 0. 85.343 0. 0. -1. 0.
-0.390 0.921 0. -70.245 0.921 0.390 0. 86.549 0. 0. -1. 0.
-0.453 0.891 0. -70.861 0.891 0.453 0. 88.037 0. 0. -1. 0.
-0.521 0.853 0. -71.344 0.853 0.521 0. 89.257 0. 0. -1. 0.
-0.599 0.801 0. -72.274 0.801 0.599 0. 90.491 0. 0. -1. 0.
-0.676 0.737 0. -73.308 0.737 0.676 0. 91.621 0. 0. -1. 0.
-0.745 0.667 0. -74.380 0.667 0.745 0. 92.641 0. 0. -1. 0.
-0.810 0.586 0. -75.607 0.586 0.810 0. 93.509 0. 0. -1. 0.
-0.867 0.498 0. -76.804 0.498 0.867 0. 94.243 0. 0. -1. 0.
-0.914 0.407 0. -78.070 0.407 0.914 0. 94.760 0. 0. -1. 0.
-0.945 0.328 0. -79.412 0.328 0.945 0. 95.181 0. 0. -1. 0.
-0.964 0.265 0. -80.671 0.265 0.964 0. 95.522 0. 0. -1. 0.
-0.974 0.225 0. -82.026 0.225 0.974 0. 95.834 0. 0. -1. 0.
-0.980 0.199 0. -83.341 0.199 0.980 0. 96.193 0. 0. -1. 0.
-0.983 0.186 0. -84.750 0.186 0.983 0. 96.380 0. 0. -1. 0.
-0.983 0.181 0. -86.005 0.181 0.983 0. 96.766 0. 0. -1. 0.
-0.983 0.183 0. -87.493 0.183 0.983 0. 97.043 0. 0. -1. 0.
-0.978 0.206 0. -88.920 0.206 0.978 0. 97.403 0. 0. -1. 0.
-0.971 0.239 0. -90.294 0.239 0.971 0. 97.752 0. 0. -1. 0.
-0.960 0.280 0. -91.844 0.280 0.960 0. 98.156 0. 0. -1. 0.
-0.944 0.330 0. -93.342 0.330 0.944 0. 98.785 0. 0. -1. 0.
-0.922 0.388 0. -94.790 0.388 0.922 0. 99.409 0. 0. -1. 0.
-0.897 0.442 0. -96.180 0.442 0.897 0. 100.332 0. 0. -1. 0.
-0.866 0.501 0. -97.603 0.501 0.866 0. 101.125 0. 0. -1. 0.
-0.834 0.552 0. -99.018 0.552 0.834 0. 101.989 0. 0. -1. 0.
-0.806 0.592 0. -100.442 0.592 0.806 0. 103.022 0. 0. -1. 0.
-0.776 0.631 0. -101.814 0.631 0.776 0. 104.100 0. 0. -1. 0.
-0.761 0.649 0. -103.175 0.649 0.761 0. 105.265 0. 0. -1. 0.
-0.744 0.668 0. -104.487 0.668 0.744 0. 106.553 0. 0. -1. 0.
-0.735 0.678 0. -105.922 0.678 0.735 0. 107.707 0. 0. -1. 0.
-0.723 0.691 0. -107.212 0.691 0.723 0. 109.135 0. 0. -1. 0.
-0.726 0.687 0. -108.705 0.687 0.726 0. 110.360 0. 0. -1. 0.
-0.721 0.693 0. -109.992 0.693 0.721 0. 111.884 0. 0. -1. 0.
-0.718 0.696 0. -111.502 0.696 0.718 0. 113.144 0. 0. -1. 0.
-0.715 0.700 0. -112.820 0.700 0.715 0. 114.699 0. 0. -1. 0.
-0.716 0.698 0. -114.416 0.698 0.716 0. 116.063 0. 0. -1. 0.
-0.719 0.695 0. -115.705 0.695 0.719 0. 117.742 0. 0. -1. 0.
-0.712 0.702 0. -117.422 0.702 0.712 0. 119.016 0. 0. -1. 0.
-0.715 0.699 0. -118.840 0.699 0.715 0. 120.683 0. 0. -1. 0.
-0.713 0.701 0. -120.439 0.701 0.713 0. 122.198 0. 0. -1. 0.
-0.713 0.701 0. -121.972 0.701 0.713 0. 123.786 0. 0. -1. 0.
-0.713 0.701 0. -123.495 0.701 0.713 0. 125.440 0. 0. -1. 0.
-0.708 0.706 0. -125.028 0.706 0.708 0. 127.068 0. 0. -1. 0.
-0.704 0.710 0. -126.682 0.710 0.704 0. 128.659 0. 0. -1. 0.
-0.707 0.707 0. -128.139 0.707 0.707 0. 130.364 0. 0. -1. 0.
-0.707 0.707 0. -129.812 0.707 0.707 0. 132.013 0. 0. -1. 0.
-0.704 0.710 0. -131.328 0.710 0.704 0. 133.667 0. 0. -1. 0.
-0.704 0.711 0. -132.910 0.711 0.704 0. 135.292 0. 0. -1. 0.
-0.707 0.708 0. -134.459 0.708 0.707 0. 137.117 0. 0. -1. 0.
-0.708 0.706 0. -136.124 0.706 0.708 0. 138.708 0. 0. -1. 0.
-0.704 0.710 0. -137.756 0.710 0.704 0. 140.415 0. 0. -1. 0.
-0.701 0.713 0. -139.353 0.713 0.701 0. 142.197 0. 0. -1. 0.
-0.702 0.712 0. -140.997 0.712 0.702 0. 143.868 0. 0. -1. 0.
-0.701 0.713 0. -142.706 0.713 0.701 0. 145.674 0. 0. -1. 0.
-0.694 0.720 0. -144.346 0.720 0.694 0. 147.415 0. 0. -1. 0.
-0.680 0.733 0. -146.021 0.733 0.680 0. 149.091 0. 0. -1. 0.
-0.668 0.745 0. -147.589 0.745 0.668 0. 150.966 0. 0. -1. 0.
-0.656 0.754 0. -149.022 0.754 0.656 0. 152.809 0. 0. -1. 0.
-0.633 0.774 0. -150.603 0.774 0.633 0. 154.674 0. 0. -1. 0.
-0.611 0.792 0. -151.969 0.792 0.611 0. 156.542 0. 0. -1. 0.
-0.596 0.803 0. -153.252 0.803 0.596 0. 158.469 0. 0. -1. 0.
-0.567 0.824 0. -154.638 0.824 0.567 0. 160.380 0. 0. -1. 0.
-0.542 0.840 0. -155.878 0.840 0.542 0. 162.306 0. 0. -1. 0.
-0.507 0.862 0. -156.947 0.862 0.507 0. 164.323 0. 0. -1. 0.
-0.467 0.884 0. -158.094 0.884 0.467 0. 166.394 0. 0. -1. 0.
-0.420 0.908 0. -158.967 0.908 0.420 0. 168.480 0. 0. -1. 0.
-0.383 0.924 0. -159.879 0.924 0.383 0. 170.671 0. 0. -1. 0.
-0.342 0.940 0. -160.608 0.940 0.342 0. 172.815 0. 0. -1. 0.
-0.300 0.954 0. -161.263 0.954 0.300 0. 175.103 0. 0. -1. 0.
-0.253 0.967 0. -161.968 0.967 0.253 0. 177.298 0. 0. -1. 0.
-0.221 0.975 0. -162.187 0.975 0.221 0. 179.627 0. 0. -1. 0.
-0.195 0.981 0. -162.924 0.981 0.195 0. 181.883 0. 0. -1. 0.
-0.173 0.985 0. -163.050 0.985 0.173 0. 184.246 0. 0. -1. 0.
-0.159 0.987 0. -163.066 0.987 0.159 0. 186.613 0. 0. -1. 0.
-0.148 0.989 0. -163.630 0.989 0.148 0. 188.934 0. 0. -1. 0.
-0.137 0.991 0. -164.075 0.991 0.137 0. 191.233 0. 0. -1. 0.
-0.131 0.991 0. -164.306 0.991 0.131 0. 193.588 0. 0. -1. 0.
-0.125 0.992 0. -164.336 0.992 0.125 0. 195.926 0. 0. -1. 0.
-0.128 0.992 0. -164.716 0.992 0.128 0. 198.309 0. 0. -1. 0.
-0.126 0.992 0. -164.824 0.992 0.126 0. 200.635 0. 0. -1. 0.
-0.129 0.992 0. -165.179 0.992 0.129 0. 202.991 0. 0. -1. 0.
-0.133 0.991 0. -165.397 0.991 0.133 0. 205.282 0. 0. -1. 0.
-0.149 0.989 0. -165.776 0.989 0.149 0. 207.592 0. 0. -1. 0.
-0.175 0.984 0. -166.158 0.984 0.175 0. 209.868 0. 0. -1. 0.
-0.207 0.978 0. -166.360 0.978 0.207 0. 212.121 0. 0. -1. 0.
-0.246 0.969 0. -166.952 0.969 0.246 0. 214.437 0. 0. -1. 0.
-0.290 0.957 0. -167.472 0.957 0.290 0. 216.459 0. 0. -1. 0.
-0.340 0.940 0. -168.251 0.940 0.340 0. 218.566 0. 0. -1. 0.
-0.400 0.916 0. -169.015 0.916 0.400 0. 220.527 0. 0. -1. 0.
-0.473 0.881 0. -169.972 0.881 0.473 0. 222.391 0. 0. -1. 0.
-0.539 0.843 0. -171.169 0.843 0.539 0. 224.165 0. 0. -1. 0.
-0.603 0.798 0. -172.285 0.798 0.603 0. 225.924 0. 0. -1. 0.
-0.661 0.751 0. -173.700 0.751 0.661 0. 227.501 0. 0. -1. 0.
-0.713 0.701 0. -175.222 0.701 0.713 0. 228.992 0. 0. -1. 0.
-0.762 0.647 0. -176.608 0.647 0.762 0. 230.405 0. 0. -1. 0.
-0.807 0.591 0. -178.299 0.591 0.807 0. 231.650 0. 0. -1. 0.
-0.844 0.537 0. -180.230 0.537 0.844 0. 232.807 0. 0. -1. 0.
-0.879 0.477 0. -181.976 0.477 0.879 0. 233.870 0. 0. -1. 0.
-0.908 0.418 0. -183.960 0.418 0.908 0. 234.782 0. 0. -1. 0.
-0.930 0.368 0. -186.043 0.368 0.930 0. 235.602 0. 0. -1. 0.
-0.946 0.325 0. -188.149 0.325 0.946 0. 236.411 0. 0. -1. 0.
-0.955 0.297 0. -190.306 0.297 0.955 0. 237.141 0. 0. -1. 0.
-0.960 0.280 0. -192.510 0.280 0.960 0. 237.878 0. 0. -1. 0.
-0.964 0.267 0. -194.740 0.267 0.964 0. 238.478 0. 0. -1. 0.
-0.966 0.259 0. -196.939 0.259 0.966 0. 239.132 0. 0. -1. 0.
-0.966 0.257 0. -199.222 0.257 0.966 0. 239.728 0. 0. -1. 0.
-0.966 0.260 0. -201.511 0.260 0.966 0. 240.379 0. 0. -1. 0.
-0.965 0.264 0. -203.820 0.264 0.965 0. 241.106 0. 0. -1. 0.
-0.966 0.260 0. -206.081 0.260 0.966 0. 241.786 0. 0. -1. 0.
-0.967 0.256 0. -208.611 0.256 0.967 0. 242.386 0. 0. -1. 0.
-0.968 0.252 0. -210.913 0.252 0.968 0. 243.017 0. 0. -1. 0.
-0.967 0.255 0. -213.247 0.255 0.967 0. 243.646 0. 0. -1. 0.
-0.966 0.258 0. -215.525 0.258 0.966 0. 244.283 0. 0. -1. 0.
-0.966 0.259 0. -217.786 0.259 0.966 0. 244.973 0. 0. -1. 0.
-0.963 0.270 0. -219.941 0.270 0.963 0. 245.563 0. 0. -1. 0.
-0.960 0.279 0. -222.079 0.279 0.960 0. 246.246 0. 0. -1. 0.
-0.959 0.282 0. -224.277 0.282 0.959 0. 246.908 0. 0. -1. 0.
-0.959 0.285 0. -226.337 0.285 0.959 0. 247.570 0. 0. -1. 0.
-0.957 0.291 0. -228.314 0.291 0.957 0. 248.197 0. 0. -1. 0.
-0.955 0.295 0. -230.324 0.295 0.955 0. 248.792 0. 0. -1. 0.
-0.952 0.306 0. -232.269 0.306 0.952 0. 249.425 0. 0. -1. 0.
-0.948 0.319 0. -233.983 0.319 0.948 0. 250.058 0. 0. -1. 0.
-0.942 0.335 0. -235.624 0.335 0.942 0. 250.667 0. 0. -1. 0.
-0.933 0.359 0. -237.322 0.359 0.933 0. 251.310 0. 0. -1. 0.
-0.922 0.386 0. -238.761 0.386 0.922 0. 251.985 0. 0. -1. 0.
-0.909 0.416 0. -240.099 0.416 0.909 0. 252.534 0. 0. -1. 0.
-0.901 0.433 0. -241.324 0.433 0.901 0. 253.302 0. 0. -1. 0.
-0.892 0.451 0. -242.570 0.451 0.892 0. 253.839 0. 0. -1. 0.
-0.891 0.453 0. -243.651 0.453 0.891 0. 254.431 0. 0. -1. 0.
-0.897 0.441 0. -244.680 0.441 0.897 0. 254.966 0. 0. -1. 0.
-0.905 0.425 0. -245.777 0.425 0.905 0. 255.556 0. 0. -1. 0.
-0.909 0.416 0. -246.662 0.416 0.909 0. 255.937 0. 0. -1. 0.
-0.916 0.402 0. -247.461 0.402 0.916 0. 256.241 0. 0. -1. 0.
-0.918 0.396 0. -248.203 0.396 0.918 0. 256.639 0. 0. -1. 0.
-0.919 0.394 0. -248.917 0.394 0.919 0. 256.952 0. 0. -1. 0.
-0.922 0.388 0. -249.523 0.388 0.922 0. 257.289 0. 0. -1. 0.
-0.922 0.388 0. -250.204 0.388 0.922 0. 257.522 0. 0. -1. 0.
-0.926 0.378 0. -250.704 0.378 0.926 0. 257.925 0. 0. -1. 0.
-0.924 0.381 0. -251.218 0.381 0.924 0. 258.020 0. 0. -1. 0.
-0.925 0.379 0. -251.606 0.379 0.925 0. 258.379 0. 0. -1. 0.
-0.927 0.375 0. -252.061 0.375 0.927 0. 258.495 0. 0. -1. 0.
-0.925 0.380 0. -252.412 0.380 0.925 0. 258.454 0. 0. -1. 0.
-0.929 0.371 0. -252.674 0.371 0.929 0. 258.675 0. 0. -1. 0.
-0.927 0.374 0. -252.950 0.374 0.927 0. 258.744 0. 0. -1. 0.
-0.928 0.372 0. -253.101 0.372 0.928 0. 258.857 0. 0. -1. 0.
-0.928 0.372 0. -253.201 0.372 0.928 0. 258.827 0. 0. -1. 0.
-0.928 0.373 0. -253.290 0.373 0.928 0. 258.870 0. 0. -1. 0.
-0.926 0.378 0. -253.271 0.378 0.926 0. 258.919 0. 0. -1. 0.
-0.927 0.376 0. -253.270 0.376 0.927 0. 258.940 0. 0. -1. 0.
-0.928 0.373 0. -253.274 0.373 0.928 0. 258.865 0. 0. -1. 0.
-0.925 0.379 0. -253.297 0.379 0.925 0. 258.863 0. 0. -1. 0.
-0.927 0.376 0. -253.181 0.376 0.927 0. 258.924 0. 0. -1. 0.
-0.925 0.379 0. -253.291 0.379 0.925 0. 258.905 0. 0. -1. 0.
-0.928 0.374 0. -253.234 0.374 0.928 0. 258.926 0. 0. -1. 0.
-0.927 0.376 0. -253.307 0.376 0.927 0. 259.006 0. 0. -1. 0.
-0.925 0.380 0. -253.234 0.380 0.925 0. 258.847 0. 0. -1. 0.
-0.927 0.374 0. -253.211 0.374 0.927 0. 258.843 0. 0. -1. 0.
-0.927 0.375 0. -253.347 0.375 0.927 0. 259.005 0. 0. -1. 0.
-0.926 0.377 0. -253.234 0.377 0.926 0. 259.029 0. 0. -1. 0.
-0.924 0.381 0. -253.285 0.381 0.924 0. 258.852 0. 0. -1. 0.
-0.928 0.373 0. -253.181 0.373 0.928 0. 258.919 0. 0. -1. 0.
-0.928 0.372 0. -253.302 0.372 0.928 0. 258.890 0. 0. -1. 0.
-0.927 0.375 0. -253.266 0.375 0.927 0. 258.833 0. 0. -1. 0.
-0.925 0.379 0. -253.284 0.379 0.925 0. 258.853 0. 0. -1. 0.
-0.925 0.380 0. -253.258 0.380 0.925 0. 258.918 0. 0. -1. 0.
-0.928 0.373 0. -253.247 0.373 0.928 0. 258.912 0. 0. -1. 0.
-0.927 0.375 0. -253.274 0.375 0.927 0. 258.916 0. 0. -1. 0.
-0.925 0.379 0. -253.238 0.379 0.925 0. 258.834 0. 0. -1. 0.
-0.927 0.374 0. -253.230 0.374 0.927 0. 258.886 0. 0. -1. 0.
-0.927 0.375 0. -253.318 0.375 0.927 0. 259.046 0. 0. -1. 0.
-0.926 0.377 0. -253.265 0.377 0.926 0. 259.056 0. 0. -1. 0.
-0.924 0.381 0. -253.256 0.381 0.924 0. 258.878 0. 0. -1. 0.
-0.925 0.381 0. -253.226 0.381 0.925 0. 258.830 0. 0. -1. 0.
-0.925 0.380 0. -253.258 0.380 0.925 0. 258.839 0. 0. -1. 0.
-0.927 0.375 0. -253.266 0.375 0.927 0. 258.930 0. 0. -1. 0.
-0.928 0.373 0. -253.245 0.373 0.928 0. 258.978 0. 0. -1. 0.
-0.926 0.378 0. -253.290 0.378 0.926 0. 258.915 0. 0. -1. 0.
-0.925 0.379 0. -253.237 0.379 0.925 0. 258.857 0. 0. -1. 0.
-0.927 0.376 0. -253.232 0.376 0.927 0. 258.827 0. 0. -1. 0.
-0.929 0.371 0. -253.245 0.371 0.929 0. 258.875 0. 0. -1. 0.
-0.928 0.372 0. -253.277 0.372 0.928 0. 258.851 0. 0. -1. 0.
-0.928 0.372 0. -253.266 0.372 0.928 0. 258.847 0. 0. -1. 0.
-0.927 0.375 0. -253.325 0.375 0.927 0. 258.908 0. 0. -1. 0.
-0.927 0.376 0. -253.325 0.376 0.927 0. 258.971 0. 0. -1. 0.
-0.927 0.374 0. -253.432 0.374 0.927 0. 258.990 0. 0. -1. 0.
-0.926 0.378 0. -253.490 0.378 0.926 0. 258.907 0. 0. -1. 0.
-0.926 0.377 0. -253.722 0.377 0.926 0. 259.086 0. 0. -1. 0.
-0.925 0.380 0. -253.913 0.380 0.925 0. 259.087 0. 0. -1. 0.
-0.922 0.386 0. -254.272 0.386 0.922 0. 259.207 0. 0. -1. 0.
-0.921 0.389 0. -254.637 0.389 0.921 0. 259.485 0. 0. -1. 0.
-0.911 0.412 0. -255.207 0.412 0.911 0. 259.689 0. 0. -1. 0.
-0.893 0.450 0. -255.742 0.450 0.893 0. 259.949 0. 0. -1. 0.
-0.863 0.505 0. -256.363 0.505 0.863 0. 260.403 0. 0. -1. 0.
-0.824 0.566 0. -256.945 0.566 0.824 0. 260.826 0. 0. -1. 0.
-0.774 0.633 0. -257.508 0.633 0.774 0. 261.332 0. 0. -1. 0.
-0.707 0.707 0. -258.152 0.707 0.707 0. 261.915 0. 0. -1. 0.
-0.637 0.771 0. -258.712 0.771 0.637 0. 262.617 0. 0. -1. 0.
-0.566 0.824 0. -259.090 0.824 0.566 0. 263.456 0. 0. -1. 0.
-0.492 0.870 0. -259.662 0.870 0.492 0. 264.481 0. 0. -1. 0.
-0.421 0.907 0. -260.119 0.907 0.421 0. 265.323 0. 0. -1. 0.
-0.346 0.938 0. -260.371 0.938 0.346 0. 266.575 0. 0. -1. 0.
-0.266 0.964 0. -260.591 0.964 0.266 0. 267.765 0. 0. -1. 0.
-0.183 0.983 0. -260.851 0.983 0.183 0. 268.999 0. 0. -1. 0.
-0.093 0.996 0. -260.924 0.996 0.093 0. 270.590 0. 0. -1. 0.
-0.011 1. 0. -260.936 1. 0.011 0. 272.011 0. 0. -1. 0.
0.064 0.998 0. -260.822 0.998 -0.064 -0. 273.498 0. 0. -1. 0.
0.110 0.994 0. -260.496 0.994 -0.110 -0. 275.367 0. 0. -1. 0.
0.142 0.990 0. -260.197 0.990 -0.142 -0. 277.181 0. 0. -1. 0.
0.158 0.987 0. -259.894 0.987 -0.158 -0. 279.195 0. 0. -1. 0.
0.175 0.985 0. -259.503 0.985 -0.175 -0. 281.283 0. 0. -1. 0.
0.183 0.983 0. -258.858 0.983 -0.183 -0. 283.327 0. 0. -1. 0.
0.183 0.983 0. -258.592 0.983 -0.183 -0. 285.593 0. 0. -1. 0.
0.199 0.980 0. -258.206 0.980 -0.199 -0. 287.928 0. 0. -1. 0.
0.206 0.978 0. -257.524 0.978 -0.206 -0. 290.068 0. 0. -1. 0.
0.218 0.976 0. -256.964 0.976 -0.218 -0. 292.495 0. 0. -1. 0.
0.234 0.972 0. -256.382 0.972 -0.234 -0. 294.907 0. 0. -1. 0.
0.233 0.972 0. -255.709 0.972 -0.233 -0. 297.347 0. 0. -1. 0.
0.242 0.970 0. -255.181 0.970 -0.242 -0. 299.956 0. 0. -1. 0.
0.243 0.970 0. -254.260 0.970 -0.243 -0. 302.567 0. 0. -1. 0.
0.241 0.971 0. -253.570 0.971 -0.241 -0. 305.246 0. 0. -1. 0.
0.241 0.970 0. -252.859 0.970 -0.241 -0. 308.008 0. 0. -1. 0.
0.242 0.970 0. -252.121 0.970 -0.242 -0. 310.800 0. 0. -1. 0.
0.246 0.969 0. -251.371 0.969 -0.246 -0. 313.739 0. 0. -1. 0.
0.244 0.970 0. -250.587 0.970 -0.244 -0. 316.656 0. 0. -1. 0.
0.242 0.970 0. -249.700 0.970 -0.242 -0. 319.710 0. 0. -1. 0.
0.239 0.971 0. -248.803 0.971 -0.239 -0. 322.803 0. 0. -1. 0.
0.241 0.971 0. -247.998 0.971 -0.241 -0. 325.930 0. 0. -1. 0.
0.241 0.971 0. -247.099 0.971 -0.241 -0. 329.080 0. 0. -1. 0.
0.242 0.970 0. -246.248 0.970 -0.242 -0. 332.405 0. 0. -1. 0.
0.245 0.969 0. -245.432 0.969 -0.245 -0. 335.692 0. 0. -1. 0.
0.240 0.971 0. -244.463 0.971 -0.240 -0. 339.115 0. 0. -1. 0.
0.245 0.970 0. -243.587 0.970 -0.245 -0. 342.482 0. 0. -1. 0.
0.246 0.969 0. -242.561 0.969 -0.246 -0. 345.986 0. 0. -1. 0.
0.249 0.969 0. -241.686 0.969 -0.249 -0. 349.501 0. 0. -1. 0.
0.246 0.969 0. -240.667 0.969 -0.246 -0. 353.009 0. 0. -1. 0.
0.249 0.968 0. -239.760 0.968 -0.249 -0. 356.551 0. 0. -1. 0.
0.248 0.969 0. -238.641 0.969 -0.248 -0. 360.122 0. 0. -1. 0.
0.255 0.967 0. -237.754 0.967 -0.255 -0. 363.770 0. 0. -1. 0.
0.256 0.967 0. -236.668 0.967 -0.256 -0. 367.388 0. 0. -1. 0.
0.261 0.965 0. -235.619 0.965 -0.261 -0. 371.033 0. 0. -1. 0.
0.255 0.967 0. -234.558 0.967 -0.255 -0. 374.726 0. 0. -1. 0.
0.258 0.966 0. -233.610 0.966 -0.258 -0. 378.461 0. 0. -1. 0.
0.257 0.967 0. -232.499 0.967 -0.257 -0. 382.198 0. 0. -1. 0.
0.258 0.966 0. -231.486 0.966 -0.258 -0. 386.000 0. 0. -1. 0.
0.253 0.967 0. -230.266 0.967 -0.253 -0. 389.761 0. 0. -1. 0.
0.256 0.967 0. -229.207 0.967 -0.256 -0. 393.603 0. 0. -1. 0.
0.249 0.969 0. -228.019 0.969 -0.249 -0. 397.363 0. 0. -1. 0.
0.250 0.968 0. -227.081 0.968 -0.250 -0. 401.279 0. 0. -1. 0.
0.247 0.969 0. -226.073 0.969 -0.247 -0. 405.160 0. 0. -1. 0.
0.242 0.970 0. -224.930 0.970 -0.242 -0. 408.908 0. 0. -1. 0.
0.245 0.969 0. -224.052 0.969 -0.245 -0. 412.778 0. 0. -1. 0.
0.243 0.970 0. -223.019 0.970 -0.243 -0. 416.502 0. 0. -1. 0.
0.241 0.971 0. -222.007 0.971 -0.241 -0. 420.304 0. 0. -1. 0.
0.244 0.970 0. -221.017 0.970 -0.244 -0. 424.067 0. 0. -1. 0.
0.244 0.970 0. -219.901 0.970 -0.244 -0. 427.732 0. 0. -1. 0.
0.242 0.970 0. -218.998 0.970 -0.242 -0. 431.449 0. 0. -1. 0.
0.240 0.971 0. -217.920 0.971 -0.240 -0. 435.123 0. 0. -1. 0.
0.245 0.969 0. -216.957 0.969 -0.245 -0. 438.726 0. 0. -1. 0.
0.244 0.970 0. -215.929 0.970 -0.244 -0. 442.349 0. 0. -1. 0.
0.246 0.969 0. -215.007 0.969 -0.246 -0. 445.951 0. 0. -1. 0.
0.245 0.970 0. -213.959 0.970 -0.245 -0. 449.439 0. 0. -1. 0.
0.242 0.970 0. -213.001 0.970 -0.242 -0. 452.970 0. 0. -1. 0.
0.241 0.971 0. -212.122 0.971 -0.241 -0. 456.492 0. 0. -1. 0.
0.244 0.970 0. -211.159 0.970 -0.244 -0. 459.948 0. 0. -1. 0.
0.250 0.968 0. -210.156 0.968 -0.250 -0. 463.392 0. 0. -1. 0.
0.252 0.968 0. -209.297 0.968 -0.252 -0. 466.819 0. 0. -1. 0.
0.251 0.968 0. -208.198 0.968 -0.251 -0. 470.212 0. 0. -1. 0.
0.261 0.965 0. -207.303 0.965 -0.261 -0. 473.543 0. 0. -1. 0.
0.255 0.967 0. -206.344 0.967 -0.255 -0. 476.860 0. 0. -1. 0.
0.256 0.967 0. -205.455 0.967 -0.256 -0. 480.284 0. 0. -1. 0.
0.263 0.965 0. -204.515 0.965 -0.263 -0. 483.583 0. 0. -1. 0.
0.256 0.967 0. -203.399 0.967 -0.256 -0. 486.801 0. 0. -1. 0.
0.259 0.966 0. -202.566 0.966 -0.259 -0. 490.195 0. 0. -1. 0.
0.264 0.964 0. -201.576 0.964 -0.264 -0. 493.438 0. 0. -1. 0.
0.256 0.967 0. -200.535 0.967 -0.256 -0. 496.724 0. 0. -1. 0.
0.257 0.966 0. -199.767 0.966 -0.257 -0. 500.050 0. 0. -1. 0.
0.257 0.966 0. -198.761 0.966 -0.257 -0. 503.312 0. 0. -1. 0.
0.260 0.966 0. -197.839 0.966 -0.260 -0. 506.607 0. 0. -1. 0.
