1630597331060159 0.96608 0.25823 0.00000 4.78192 0.25823 -0.96608 0.00000 1.64198 0.00000 0.00000 -1.00000 0.00000
1630597331310779 0.96608 0.25825 0.00000 4.78191 0.25825 -0.96608 0.00000 1.64209 0.00000 0.00000 -1.00000 0.00000
1630597331560759 0.96607 0.25828 0.00000 4.78183 0.25828 -0.96607 0.00000 1.64224 0.00000 0.00000 -1.00000 0.00000
1630597331811377 0.96608 0.25826 0.00000 4.78185 0.25826 -0.96608 0.00000 1.64212 0.00000 0.00000 -1.00000 0.00000
1630597332061990 0.96607 0.25827 0.00000 4.78190 0.25827 -0.96607 0.00000 1.64214 0.00000 0.00000 -1.00000 0.00000
1630597332311983 0.96609 0.25822 0.00000 4.78195 0.25822 -0.96609 0.00000 1.64189 0.00000 0.00000 -1.00000 0.00000
1630597332561965 0.96608 0.25824 0.00000 4.78188 0.25824 -0.96608 0.00000 1.64198 0.00000 0.00000 -1.00000 0.00000
1630597332811958 0.96609 0.25822 0.00000 4.78190 0.25822 -0.96609 0.00000 1.64188 0.00000 0.00000 -1.00000 0.00000
1630597333060688 0.96608 0.25823 0.00000 4.78191 0.25823 -0.96608 0.00000 1.64196 0.00000 0.00000 -1.00000 0.00000
1630597333310682 0.96608 0.25824 0.00000 4.78190 0.25824 -0.96608 0.00000 1.64199 0.00000 0.00000 -1.00000 0.00000
1630597333560044 0.96609 0.25819 0.00000 4.78196 0.25819 -0.96609 0.00000 1.64179 0.00000 0.00000 -1.00000 0.00000
1630597333809407 0.96609 0.25822 0.00000 4.78194 0.25822 -0.96609 0.00000 1.64189 0.00000 0.00000 -1.00000 0.00000
1630597334060017 0.96608 0.25826 0.00000 4.78181 0.25826 -0.96608 0.00000 1.64214 0.00000 0.00000 -1.00000 0.00000
1630597334310677 0.96608 0.25824 0.00000 4.78177 0.25824 -0.96608 0.00000 1.64199 0.00000 0.00000 -1.00000 0.00000
1630597334560616 0.96609 0.25821 0.00000 4.78179 0.25821 -0.96609 0.00000 1.64185 0.00000 0.00000 -1.00000 0.00000
1630597334811232 0.96602 0.25848 0.00000 4.78163 0.25848 -0.96602 0.00000 1.64354 0.00000 0.00000 -1.00000 0.00000
1630597335061214 0.96616 0.25796 0.00000 4.78233 0.25796 -0.96616 0.00000 1.64201 0.00000 0.00000 -1.00000 0.00000
1630597335311212 0.96640 0.25703 0.00000 4.77572 0.25703 -0.96640 0.00000 1.63783 0.00000 0.00000 -1.00000 0.00000
1630597335561193 0.96680 0.25555 0.00000 4.75321 0.25555 -0.96680 0.00000 1.63176 0.00000 0.00000 -1.00000 0.00000
1630597335810560 0.96741 0.25321 0.00000 4.72892 0.25321 -0.96741 0.00000 1.61887 0.00000 0.00000 -1.00000 0.00000
1630597336059931 0.96841 0.24936 0.00000 4.69699 0.24936 -0.96841 0.00000 1.59799 0.00000 0.00000 -1.00000 0.00000
1630597336309290 0.97017 0.24241 0.00000 4.64417 0.24241 -0.97017 0.00000 1.55965 0.00000 0.00000 -1.00000 0.00000
1630597336559901 0.97315 0.23015 0.00000 4.54656 0.23015 -0.97315 0.00000 1.49466 0.00000 0.00000 -1.00000 0.00000
1630597336809891 0.97736 0.21160 0.00000 4.40770 0.21160 -0.97736 0.00000 1.38983 0.00000 0.00000 -1.00000 0.00000
1630597337060502 0.98255 0.18600 0.00000 4.23039 0.18600 -0.98255 0.00000 1.25096 0.00000 0.00000 -1.00000 0.00000
1630597337311760 0.98809 0.15385 0.00000 3.99437 0.15385 -0.98809 0.00000 1.10522 0.00000 0.00000 -1.00000 0.00000
1630597337561754 0.99291 0.11888 0.00000 3.70147 0.11888 -0.99291 0.00000 0.94325 0.00000 0.00000 -1.00000 0.00000
1630597337811741 0.99646 0.08408 0.00000 3.34921 0.08408 -0.99646 0.00000 0.78263 0.00000 0.00000 -1.00000 0.00000
1630597338061110 0.99868 0.05143 0.00000 2.93953 0.05143 -0.99868 0.00000 0.66204 0.00000 0.00000 -1.00000 0.00000
1630597338309847 0.99962 0.02741 0.00000 2.47187 0.02741 -0.99962 0.00000 0.56583 0.00000 0.00000 -1.00000 0.00000
1630597338559211 0.99992 0.01242 0.00000 1.95768 0.01242 -0.99992 0.00000 0.50916 0.00000 0.00000 -1.00000 0.00000
1630597338809175 0.99998 0.00674 0.00000 1.39942 0.00674 -0.99998 0.00000 0.49314 0.00000 0.00000 -1.00000 0.00000
1630597339058531 0.99998 0.00569 0.00000 0.79151 0.00569 -0.99998 0.00000 0.47452 0.00000 0.00000 -1.00000 0.00000
1630597339309150 0.99998 0.00625 0.00000 0.13664 0.00625 -0.99998 0.00000 0.46613 0.00000 0.00000 -1.00000 0.00000
1630597339559766 0.99996 0.00879 0.00000 -0.56241 0.00879 -0.99996 0.00000 0.45629 0.00000 0.00000 -1.00000 0.00000
1630597339810383 0.99992 0.01300 0.00000 -1.30003 0.01300 -0.99992 0.00000 0.44445 0.00000 0.00000 -1.00000 0.00000
1630597340060370 0.99979 0.02027 0.00000 -2.07371 0.02027 -0.99979 0.00000 0.41650 0.00000 0.00000 -1.00000 0.00000
1630597340310995 0.99949 0.03209 0.00000 -2.88705 0.03209 -0.99949 0.00000 0.39705 0.00000 0.00000 -1.00000 0.00000
1630597340561597 0.99908 0.04299 0.00000 -3.73402 0.04299 -0.99908 0.00000 0.36584 0.00000 0.00000 -1.00000 0.00000
1630597340811583 0.99864 0.05220 0.00000 -4.60386 0.05220 -0.99864 0.00000 0.31720 0.00000 0.00000 -1.00000 0.00000
1630597341061570 0.99836 0.05728 0.00000 -5.48250 0.05728 -0.99836 0.00000 0.29383 0.00000 0.00000 -1.00000 0.00000
1630597341310937 0.99819 0.06009 0.00000 -6.38013 0.06009 -0.99819 0.00000 0.26377 0.00000 0.00000 -1.00000 0.00000
1630597341560298 0.99805 0.06244 0.00000 -7.30829 0.06244 -0.99805 0.00000 0.23242 0.00000 0.00000 -1.00000 0.00000
1630597341809669 0.99785 0.06559 0.00000 -8.25489 0.06559 -0.99785 0.00000 0.19837 0.00000 0.00000 -1.00000 0.00000
1630597342059027 0.99754 0.07016 0.00000 -9.21107 0.07016 -0.99754 0.00000 0.13404 0.00000 0.00000 -1.00000 0.00000
1630597342309029 0.99682 0.07971 0.00000 -10.18540 0.07971 -0.99682 0.00000 0.02834 0.00000 0.00000 -1.00000 0.00000
1630597342559015 0.99586 0.09085 0.00000 -11.18263 0.09085 -0.99586 0.00000 -0.10834 0.00000 0.00000 -1.00000 0.00000
1630597342810251 0.99501 0.09978 0.00000 -12.21515 0.09978 -0.99501 0.00000 -0.22673 0.00000 0.00000 -1.00000 0.00000
1630597343060862 0.99406 0.10887 0.00000 -13.24020 0.10887 -0.99406 0.00000 -0.34542 0.00000 0.00000 -1.00000 0.00000
1630597343310853 0.99300 0.11812 0.00000 -14.21668 0.11812 -0.99300 0.00000 -0.49532 0.00000 0.00000 -1.00000 0.00000
1630597343561465 0.99202 0.12604 0.00000 -15.18951 0.12604 -0.99202 0.00000 -0.61866 0.00000 0.00000 -1.00000 0.00000
1630597343811456 0.99083 0.13509 0.00000 -16.17384 0.13509 -0.99083 0.00000 -0.76582 0.00000 0.00000 -1.00000 0.00000
1630597344060817 0.98956 0.14414 0.00000 -17.10055 0.14414 -0.98956 0.00000 -0.93967 0.00000 0.00000 -1.00000 0.00000
1630597344310189 0.98820 0.15316 0.00000 -18.00831 0.15316 -0.98820 0.00000 -1.10517 0.00000 0.00000 -1.00000 0.00000
1630597344559552 0.98690 0.16131 0.00000 -18.93068 0.16131 -0.98690 0.00000 -1.27435 0.00000 0.00000 -1.00000 0.00000
1630597344809540 0.98582 0.16779 0.00000 -19.87271 0.16779 -0.98582 0.00000 -1.41836 0.00000 0.00000 -1.00000 0.00000
1630597345059530 0.98503 0.17238 0.00000 -20.84723 0.17238 -0.98503 0.00000 -1.53167 0.00000 0.00000 -1.00000 0.00000
1630597345309519 0.98441 0.17591 0.00000 -21.85104 0.17591 -0.98441 0.00000 -1.63306 0.00000 0.00000 -1.00000 0.00000
1630597345560133 0.98407 0.17778 0.00000 -22.86302 0.17778 -0.98407 0.00000 -1.68555 0.00000 0.00000 -1.00000 0.00000
1630597345810746 0.98406 0.17781 0.00000 -23.87333 0.17781 -0.98406 0.00000 -1.71232 0.00000 0.00000 -1.00000 0.00000
1630597346061361 0.98412 0.17751 0.00000 -24.87574 0.17751 -0.98412 0.00000 -1.73362 0.00000 0.00000 -1.00000 0.00000
1630597346311356 0.98413 0.17747 0.00000 -25.86557 0.17747 -0.98413 0.00000 -1.73869 0.00000 0.00000 -1.00000 0.00000
1630597346561342 0.98413 0.17744 0.00000 -26.83937 0.17744 -0.98413 0.00000 -1.76766 0.00000 0.00000 -1.00000 0.00000
1630597346811331 0.98429 0.17656 0.00000 -27.78409 0.17656 -0.98429 0.00000 -1.77744 0.00000 0.00000 -1.00000 0.00000
1630597347060700 0.98406 0.17781 0.00000 -28.69102 0.17781 -0.98406 0.00000 -1.83085 0.00000 0.00000 -1.00000 0.00000
1630597347310065 0.98394 0.17848 0.00000 -29.60039 0.17848 -0.98394 0.00000 -1.88022 0.00000 0.00000 -1.00000 0.00000
1630597347559432 0.98360 0.18039 0.00000 -30.51135 0.18039 -0.98360 0.00000 -1.95409 0.00000 0.00000 -1.00000 0.00000
1630597347808792 0.98368 0.17994 0.00000 -31.38647 0.17994 -0.98368 0.00000 -1.94420 0.00000 0.00000 -1.00000 0.00000
1630597348058156 0.98388 0.17881 0.00000 -32.22173 0.17881 -0.98388 0.00000 -1.93748 0.00000 0.00000 -1.00000 0.00000
1630597348308783 0.98431 0.17642 0.00000 -33.08077 0.17642 -0.98431 0.00000 -1.87501 0.00000 0.00000 -1.00000 0.00000
1630597348559391 0.98453 0.17520 0.00000 -33.94536 0.17520 -0.98453 0.00000 -1.83766 0.00000 0.00000 -1.00000 0.00000
1630597348809999 0.98491 0.17309 0.00000 -34.82173 0.17309 -0.98491 0.00000 -1.78695 0.00000 0.00000 -1.00000 0.00000
1630597349060617 0.98519 0.17144 0.00000 -35.69456 0.17144 -0.98519 0.00000 -1.76478 0.00000 0.00000 -1.00000 0.00000
1630597349310619 0.98556 0.16930 0.00000 -36.59788 0.16930 -0.98556 0.00000 -1.72194 0.00000 0.00000 -1.00000 0.00000
1630597349561223 0.98615 0.16587 0.00000 -37.49707 0.16587 -0.98615 0.00000 -1.59001 0.00000 0.00000 -1.00000 0.00000
1630597349810586 0.98591 0.16729 0.00000 -38.38104 0.16729 -0.98591 0.00000 -1.66390 0.00000 0.00000 -1.00000 0.00000
1630597350059951 0.98610 0.16615 0.00000 -39.28816 0.16615 -0.98610 0.00000 -1.66557 0.00000 0.00000 -1.00000 0.00000
1630597350309947 0.98643 0.16416 0.00000 -40.22935 0.16416 -0.98643 0.00000 -1.58095 0.00000 0.00000 -1.00000 0.00000
1630597350559303 0.98657 0.16331 0.00000 -41.17014 0.16331 -0.98657 0.00000 -1.55112 0.00000 0.00000 -1.00000 0.00000
1630597350808671 0.98678 0.16206 0.00000 -42.11233 0.16206 -0.98678 0.00000 -1.53768 0.00000 0.00000 -1.00000 0.00000
1630597351059288 0.98713 0.15993 0.00000 -43.07071 0.15993 -0.98713 0.00000 -1.45123 0.00000 0.00000 -1.00000 0.00000
1630597351309905 0.98769 0.15644 0.00000 -44.03320 0.15644 -0.98769 0.00000 -1.31533 0.00000 0.00000 -1.00000 0.00000
1630597351559890 0.98871 0.14982 0.00000 -44.99357 0.14982 -0.98871 0.00000 -1.05028 0.00000 0.00000 -1.00000 0.00000
1630597351811131 0.98959 0.14391 0.00000 -45.94728 0.14391 -0.98959 0.00000 -0.78939 0.00000 0.00000 -1.00000 0.00000
1630597352061119 0.99025 0.13927 0.00000 -46.87811 0.13927 -0.99025 0.00000 -0.60297 0.00000 0.00000 -1.00000 0.00000
1630597352310487 0.99078 0.13547 0.00000 -47.78131 0.13547 -0.99078 0.00000 -0.44389 0.00000 0.00000 -1.00000 0.00000
1630597352559854 0.99106 0.13341 0.00000 -48.64225 0.13341 -0.99106 0.00000 -0.37259 0.00000 0.00000 -1.00000 0.00000
1630597352809845 0.99048 0.13769 0.00000 -49.43923 0.13769 -0.99048 0.00000 -0.59850 0.00000 0.00000 -1.00000 0.00000
1630597353059212 0.98959 0.14393 0.00000 -50.20022 0.14393 -0.98959 0.00000 -0.89041 0.00000 0.00000 -1.00000 0.00000
1630597353309202 0.98897 0.14814 0.00000 -50.95360 0.14814 -0.98897 0.00000 -1.15216 0.00000 0.00000 -1.00000 0.00000
1630597353559813 0.98847 0.15141 0.00000 -51.69744 0.15141 -0.98847 0.00000 -1.34534 0.00000 0.00000 -1.00000 0.00000
1630597353809807 0.98774 0.15608 0.00000 -52.43212 0.15608 -0.98774 0.00000 -1.58443 0.00000 0.00000 -1.00000 0.00000
1630597354060421 0.98596 0.16699 0.00000 -53.13865 0.16699 -0.98596 0.00000 -2.18045 0.00000 0.00000 -1.00000 0.00000
1630597354311033 0.98426 0.17671 0.00000 -53.85001 0.17671 -0.98426 0.00000 -2.73499 0.00000 0.00000 -1.00000 0.00000
1630597354561026 0.98156 0.19116 0.00000 -54.55503 0.19116 -0.98156 0.00000 -3.54419 0.00000 0.00000 -1.00000 0.00000
1630597354810390 0.97882 0.20474 0.00000 -55.28470 0.20474 -0.97882 0.00000 -4.30971 0.00000 0.00000 -1.00000 0.00000
1630597355060381 0.97598 0.21785 0.00000 -56.07197 0.21785 -0.97598 0.00000 -5.08671 0.00000 0.00000 -1.00000 0.00000
1630597355309747 0.97294 0.23104 0.00000 -56.91084 0.23104 -0.97294 0.00000 -5.85837 0.00000 0.00000 -1.00000 0.00000
1630597355559113 0.96981 0.24386 0.00000 -57.80347 0.24386 -0.96981 0.00000 -6.62025 0.00000 0.00000 -1.00000 0.00000
1630597355809107 0.96728 0.25373 0.00000 -58.77112 0.25373 -0.96728 0.00000 -7.26427 0.00000 0.00000 -1.00000 0.00000
1630597356059098 0.96600 0.25852 0.00000 -59.83546 0.25852 -0.96600 0.00000 -7.54191 0.00000 0.00000 -1.00000 0.00000
1630597356309111 0.96280 0.27022 0.00000 -60.86250 0.27022 -0.96280 0.00000 -8.28105 0.00000 0.00000 -1.00000 0.00000
1630597356559076 0.95891 0.28370 0.00000 -61.89299 0.28370 -0.95891 0.00000 -9.18342 0.00000 0.00000 -1.00000 0.00000
1630597356809695 0.95499 0.29664 0.00000 -62.95014 0.29664 -0.95499 0.00000 -9.99537 0.00000 0.00000 -1.00000 0.00000
1630597357060316 0.95039 0.31105 0.00000 -63.97532 0.31105 -0.95039 0.00000 -10.99003 0.00000 0.00000 -1.00000 0.00000
1630597357310919 0.94683 0.32173 0.00000 -65.04491 0.32173 -0.94683 0.00000 -11.73812 0.00000 0.00000 -1.00000 0.00000
1630597357560914 0.94369 0.33084 0.00000 -66.12066 0.33084 -0.94369 0.00000 -12.37948 0.00000 0.00000 -1.00000 0.00000
1630597357810283 0.94038 0.34012 0.00000 -67.19091 0.34012 -0.94038 0.00000 -13.05930 0.00000 0.00000 -1.00000 0.00000
1630597358059649 0.93796 0.34674 0.00000 -68.32508 0.34674 -0.93796 0.00000 -13.54527 0.00000 0.00000 -1.00000 0.00000
1630597358309647 0.93765 0.34757 0.00000 -69.57843 0.34757 -0.93765 0.00000 -13.61150 0.00000 0.00000 -1.00000 0.00000
1630597358559017 0.93867 0.34482 0.00000 -70.91101 0.34482 -0.93867 0.00000 -13.43383 0.00000 0.00000 -1.00000 0.00000
1630597358808993 0.94104 0.33828 0.00000 -72.33477 0.33828 -0.94104 0.00000 -12.95399 0.00000 0.00000 -1.00000 0.00000
1630597359058990 0.94608 0.32394 0.00000 -73.88976 0.32394 -0.94608 0.00000 -11.87590 0.00000 0.00000 -1.00000 0.00000
1630597359308976 0.95396 0.29994 0.00000 -75.55306 0.29994 -0.95396 0.00000 -10.00206 0.00000 0.00000 -1.00000 0.00000
1630597359559597 0.96157 0.27457 0.00000 -77.21023 0.27457 -0.96157 0.00000 -8.04627 0.00000 0.00000 -1.00000 0.00000
1630597359810208 0.96976 0.24407 0.00000 -78.89082 0.24407 -0.96976 0.00000 -5.60360 0.00000 0.00000 -1.00000 0.00000
1630597360060822 0.97601 0.21773 0.00000 -80.52787 0.21773 -0.97601 0.00000 -3.50934 0.00000 0.00000 -1.00000 0.00000
1630597360310812 0.98237 0.18697 0.00000 -82.13748 0.18697 -0.98237 0.00000 -0.99036 0.00000 0.00000 -1.00000 0.00000
1630597360560178 0.98776 0.15600 0.00000 -83.70363 0.15600 -0.98776 0.00000 1.58339 0.00000 0.00000 -1.00000 0.00000
1630597360809549 0.99283 0.11955 0.00000 -85.17448 0.11955 -0.99283 0.00000 4.64132 0.00000 0.00000 -1.00000 0.00000
1630597361060164 0.99672 0.08089 0.00000 -86.56283 0.08089 -0.99672 0.00000 7.93655 0.00000 0.00000 -1.00000 0.00000
1630597361309530 0.99940 0.03472 0.00000 -87.75756 0.03472 -0.99940 0.00000 11.92007 0.00000 0.00000 -1.00000 0.00000
1630597361559516 0.99990 -0.01433 0.00000 -88.74385 -0.01433 -0.99990 0.00000 16.19873 0.00000 -0.00000 -1.00000 0.00000
1630597361809511 0.99774 -0.06718 0.00000 -89.42093 -0.06718 -0.99774 0.00000 20.86164 0.00000 -0.00000 -1.00000 0.00000
1630597362060125 0.99267 -0.12089 0.00000 -89.83379 -0.12089 -0.99267 0.00000 25.64078 0.00000 -0.00000 -1.00000 0.00000
1630597362310745 0.98501 -0.17248 0.00000 -90.06274 -0.17248 -0.98501 0.00000 30.28735 0.00000 -0.00000 -1.00000 0.00000
1630597362560112 0.97460 -0.22395 0.00000 -89.99064 -0.22395 -0.97460 0.00000 34.95669 0.00000 -0.00000 -1.00000 0.00000
1630597362810101 0.96173 -0.27398 0.00000 -89.72823 -0.27398 -0.96173 0.00000 39.54786 0.00000 -0.00000 -1.00000 0.00000
1630597363059468 0.94566 -0.32514 0.00000 -89.11565 -0.32514 -0.94566 0.00000 44.30379 0.00000 -0.00000 -1.00000 0.00000
1630597363308835 0.92483 -0.38037 0.00000 -88.00737 -0.38037 -0.92483 0.00000 49.48463 0.00000 -0.00000 -1.00000 0.00000
1630597363558825 0.89649 -0.44307 0.00000 -86.05782 -0.44307 -0.89649 0.00000 55.42498 0.00000 -0.00000 -1.00000 0.00000
1630597363808191 0.86215 -0.50666 0.00000 -83.48023 -0.50666 -0.86215 0.00000 61.48826 0.00000 -0.00000 -1.00000 0.00000
1630597364058182 0.82212 -0.56932 0.00000 -80.39342 -0.56932 -0.82212 0.00000 67.51056 0.00000 -0.00000 -1.00000 0.00000
1630597364308177 0.77846 -0.62769 0.00000 -77.00832 -0.62769 -0.77846 0.00000 73.19261 0.00000 -0.00000 -1.00000 0.00000
1630597364558161 0.73628 -0.67668 0.00000 -73.89129 -0.67668 -0.73628 0.00000 78.01720 0.00000 -0.00000 -1.00000 0.00000
1630597364808779 0.69435 -0.71964 0.00000 -70.89229 -0.71964 -0.69435 0.00000 82.29496 0.00000 -0.00000 -1.00000 0.00000
1630597365058772 0.66235 -0.74920 0.00000 -69.11883 -0.74920 -0.66235 0.00000 85.27391 0.00000 -0.00000 -1.00000 0.00000
1630597365308764 0.63523 -0.77232 0.00000 -67.92793 -0.77232 -0.63523 0.00000 87.65567 0.00000 -0.00000 -1.00000 0.00000
1630597365559381 0.60775 -0.79413 0.00000 -66.75510 -0.79413 -0.60775 0.00000 89.97594 0.00000 -0.00000 -1.00000 0.00000
1630597365809370 0.58674 -0.80978 0.00000 -66.34788 -0.80978 -0.58674 0.00000 91.67759 0.00000 -0.00000 -1.00000 0.00000
1630597366059986 0.57223 -0.82009 0.00000 -66.73446 -0.82009 -0.57223 0.00000 92.84753 0.00000 -0.00000 -1.00000 0.00000
1630597366309983 0.56152 -0.82746 0.00000 -67.57558 -0.82746 -0.56152 0.00000 93.69613 0.00000 -0.00000 -1.00000 0.00000
1630597366559971 0.55720 -0.83038 0.00000 -69.14261 -0.83038 -0.55720 0.00000 94.01523 0.00000 -0.00000 -1.00000 0.00000
1630597366809336 0.56105 -0.82778 0.00000 -71.62822 -0.82778 -0.56105 0.00000 93.64276 0.00000 -0.00000 -1.00000 0.00000
1630597367058701 0.57165 -0.82050 0.00000 -74.88150 -0.82050 -0.57165 0.00000 92.65928 0.00000 -0.00000 -1.00000 0.00000
1630597367308697 0.58692 -0.80965 0.00000 -78.65169 -0.80965 -0.58692 0.00000 91.18310 0.00000 -0.00000 -1.00000 0.00000
1630597367558686 0.60432 -0.79674 0.00000 -82.67178 -0.79674 -0.60432 0.00000 89.41214 0.00000 -0.00000 -1.00000 0.00000
1630597367809303 0.62200 -0.78301 0.00000 -86.69592 -0.78301 -0.62200 0.00000 87.48548 0.00000 -0.00000 -1.00000 0.00000
1630597368059293 0.63812 -0.76994 0.00000 -90.51948 -0.76994 -0.63812 0.00000 85.61461 0.00000 -0.00000 -1.00000 0.00000
1630597368309907 0.65413 -0.75638 0.00000 -94.33219 -0.75638 -0.65413 0.00000 83.63526 0.00000 -0.00000 -1.00000 0.00000
1630597368559906 0.66990 -0.74245 0.00000 -98.06782 -0.74245 -0.66990 0.00000 81.58358 0.00000 -0.00000 -1.00000 0.00000
1630597368809890 0.68471 -0.72882 0.00000 -101.66444 -0.72882 -0.68471 0.00000 79.53844 0.00000 -0.00000 -1.00000 0.00000
1630597369059263 0.69989 -0.71425 0.00000 -105.30866 -0.71425 -0.69989 0.00000 77.32860 0.00000 -0.00000 -1.00000 0.00000
1630597369308626 0.71480 -0.69933 0.00000 -108.86222 -0.69933 -0.71480 0.00000 75.05044 0.00000 -0.00000 -1.00000 0.00000
1630597369558623 0.73080 -0.68259 0.00000 -112.50712 -0.68259 -0.73080 0.00000 72.45703 0.00000 -0.00000 -1.00000 0.00000
1630597369808614 0.74513 -0.66692 0.00000 -115.97025 -0.66692 -0.74513 0.00000 69.99492 0.00000 -0.00000 -1.00000 0.00000
1630597370059227 0.75907 -0.65101 0.00000 -119.32682 -0.65101 -0.75907 0.00000 67.47661 0.00000 -0.00000 -1.00000 0.00000
1630597370309845 0.77397 -0.63322 0.00000 -122.77273 -0.63322 -0.77397 0.00000 64.63732 0.00000 -0.00000 -1.00000 0.00000
1630597370560462 0.78631 -0.61784 0.00000 -125.94699 -0.61784 -0.78631 0.00000 62.15516 0.00000 -0.00000 -1.00000 0.00000
1630597370810452 0.79966 -0.60045 0.00000 -129.14167 -0.60045 -0.79966 0.00000 59.32161 0.00000 -0.00000 -1.00000 0.00000
1630597371059819 0.81211 -0.58351 0.00000 -132.24141 -0.58351 -0.81211 0.00000 56.55146 0.00000 -0.00000 -1.00000 0.00000
1630597371309194 0.82308 -0.56793 0.00000 -135.14837 -0.56793 -0.82308 0.00000 53.97732 0.00000 -0.00000 -1.00000 0.00000
1630597371558561 0.83392 -0.55189 0.00000 -138.00407 -0.55189 -0.83392 0.00000 51.30243 0.00000 -0.00000 -1.00000 0.00000
1630597371807929 0.84470 -0.53524 0.00000 -140.81711 -0.53524 -0.84470 0.00000 48.52289 0.00000 -0.00000 -1.00000 0.00000
1630597372057918 0.85587 -0.51720 0.00000 -143.60688 -0.51720 -0.85587 0.00000 45.49373 0.00000 -0.00000 -1.00000 0.00000
1630597372307923 0.86913 -0.49459 0.00000 -146.47214 -0.49459 -0.86913 0.00000 41.67148 0.00000 -0.00000 -1.00000 0.00000
1630597372558525 0.88072 -0.47364 0.00000 -149.10088 -0.47364 -0.88072 0.00000 38.12384 0.00000 -0.00000 -1.00000 0.00000
1630597372809144 0.89398 -0.44810 0.00000 -151.74169 -0.44810 -0.89398 0.00000 33.76072 0.00000 -0.00000 -1.00000 0.00000
1630597373059134 0.91442 -0.40478 0.00000 -154.69249 -0.40478 -0.91442 0.00000 26.40938 0.00000 -0.00000 -1.00000 0.00000
1630597373309758 0.93860 -0.34501 0.00000 -157.52000 -0.34501 -0.93860 0.00000 16.33757 0.00000 -0.00000 -1.00000 0.00000
1630597373560370 0.96363 -0.26725 0.00000 -159.67738 -0.26725 -0.96363 0.00000 3.37942 0.00000 -0.00000 -1.00000 0.00000
1630597373810365 0.98492 -0.17299 0.00000 -160.50260 -0.17299 -0.98492 0.00000 -12.08515 0.00000 -0.00000 -1.00000 0.00000
1630597374060354 0.99748 -0.07092 0.00000 -159.55915 -0.07092 -0.99748 0.00000 -28.52567 0.00000 -0.00000 -1.00000 0.00000
1630597374310355 0.99917 0.04064 0.00000 -156.42124 0.04064 -0.99917 0.00000 -46.14408 0.00000 0.00000 -1.00000 0.00000
1630597374559717 0.98754 0.15739 0.00000 -150.89137 0.15739 -0.98754 0.00000 -64.14203 0.00000 0.00000 -1.00000 0.00000
1630597374809086 0.96021 0.27928 0.00000 -142.59214 0.27928 -0.96021 0.00000 -82.47210 0.00000 0.00000 -1.00000 0.00000
1630597375058450 0.91391 0.40592 0.00000 -131.01184 0.40592 -0.91391 0.00000 -100.89827 0.00000 0.00000 -1.00000 0.00000
1630597375308444 0.84523 0.53439 0.00000 -115.74511 0.53439 -0.84523 0.00000 -118.84343 0.00000 0.00000 -1.00000 0.00000
1630597375558434 0.75387 0.65702 0.00000 -97.04095 0.65702 -0.75387 0.00000 -135.09315 0.00000 0.00000 -1.00000 0.00000
1630597375808430 0.63999 0.76838 0.00000 -75.11172 0.76838 -0.63999 0.00000 -148.76113 0.00000 0.00000 -1.00000 0.00000
1630597376059670 0.50904 0.86074 0.00000 -51.12586 0.86074 -0.50904 0.00000 -158.81612 0.00000 0.00000 -1.00000 0.00000
1630597376310287 0.36435 0.93126 0.00000 -25.70735 0.93126 -0.36435 0.00000 -164.94311 0.00000 0.00000 -1.00000 0.00000
1630597376560283 0.20940 0.97783 0.00000 0.50778 0.97783 -0.20940 0.00000 -166.90884 0.00000 0.00000 -1.00000 0.00000
1630597376810276 0.04918 0.99879 0.00000 26.67314 0.99879 -0.04918 0.00000 -164.62090 0.00000 0.00000 -1.00000 0.00000
1630597377060266 -0.11469 0.99340 0.00000 52.50512 0.99340 0.11469 0.00000 -158.01921 0.00000 0.00000 -1.00000 0.00000
1630597377309638 -0.27973 0.96008 0.00000 77.55175 0.96008 0.27973 0.00000 -146.94886 0.00000 0.00000 -1.00000 0.00000
1630597377559004 -0.44292 0.89656 0.00000 101.24378 0.89656 0.44292 0.00000 -131.16144 0.00000 0.00000 -1.00000 0.00000
1630597377808365 -0.59545 0.80339 0.00000 122.16753 0.80339 0.59545 0.00000 -111.03127 0.00000 0.00000 -1.00000 0.00000
1630597378057737 -0.72714 0.68649 0.00000 138.87340 0.68649 0.72714 0.00000 -87.86019 0.00000 0.00000 -1.00000 0.00000
1630597378308358 -0.82710 0.56206 0.00000 150.12515 0.56206 0.82710 0.00000 -64.65094 0.00000 0.00000 -1.00000 0.00000
1630597378558973 -0.89655 0.44294 0.00000 156.54582 0.44294 0.89655 0.00000 -43.40272 0.00000 0.00000 -1.00000 0.00000
1630597378810214 -0.94356 0.33119 0.00000 159.52722 0.33119 0.94356 0.00000 -24.16747 0.00000 0.00000 -1.00000 0.00000
1630597379060831 -0.97192 0.23532 0.00000 159.97404 0.23532 0.97192 0.00000 -8.12039 0.00000 0.00000 -1.00000 0.00000
1630597379311451 -0.98647 0.16393 0.00000 158.91658 0.16393 0.98647 0.00000 3.52983 0.00000 0.00000 -1.00000 0.00000
1630597379560820 -0.99301 0.11806 0.00000 157.29001 0.11806 0.99301 0.00000 10.86303 0.00000 0.00000 -1.00000 0.00000
1630597379810189 -0.99578 0.09176 0.00000 155.62023 0.09176 0.99578 0.00000 15.01008 0.00000 0.00000 -1.00000 0.00000
1630597380059559 -0.99693 0.07831 0.00000 154.05389 0.07831 0.99693 0.00000 17.05778 0.00000 0.00000 -1.00000 0.00000
1630597380308934 -0.99671 0.08102 0.00000 152.68429 0.08102 0.99671 0.00000 16.63988 0.00000 0.00000 -1.00000 0.00000
1630597380558291 -0.99473 0.10249 0.00000 151.54418 0.10249 0.99473 0.00000 13.31558 0.00000 0.00000 -1.00000 0.00000
1630597380807657 -0.99150 0.13011 0.00000 150.36208 0.13011 0.99150 0.00000 9.08586 0.00000 0.00000 -1.00000 0.00000
1630597381057648 -0.98627 0.16515 0.00000 149.06786 0.16515 0.98627 0.00000 3.74282 0.00000 0.00000 -1.00000 0.00000
1630597381308271 -0.97763 0.21035 0.00000 147.48895 0.21035 0.97763 0.00000 -3.12493 0.00000 0.00000 -1.00000 0.00000
1630597381558888 -0.96633 0.25730 0.00000 145.52441 0.25730 0.96633 0.00000 -10.26252 0.00000 0.00000 -1.00000 0.00000
1630597381808877 -0.95237 0.30496 0.00000 143.19594 0.30496 0.95237 0.00000 -17.49282 0.00000 0.00000 -1.00000 0.00000
1630597382059503 -0.93602 0.35195 0.00000 140.48251 0.35195 0.93602 0.00000 -24.61504 0.00000 0.00000 -1.00000 0.00000
1630597382309499 -0.91706 0.39874 0.00000 137.38487 0.39874 0.91706 0.00000 -31.69479 0.00000 0.00000 -1.00000 0.00000
1630597382559485 -0.89546 0.44514 0.00000 133.88154 0.44514 0.89546 0.00000 -38.69691 0.00000 0.00000 -1.00000 0.00000
1630597382808850 -0.87156 0.49029 0.00000 130.01536 0.49029 0.87156 0.00000 -45.50519 0.00000 0.00000 -1.00000 0.00000
1630597383058223 -0.84490 0.53492 0.00000 125.74564 0.53492 0.84490 0.00000 -52.20887 0.00000 0.00000 -1.00000 0.00000
1630597383308212 -0.81614 0.57785 0.00000 121.12667 0.57785 0.81614 0.00000 -58.64656 0.00000 0.00000 -1.00000 0.00000
1630597383558203 -0.78573 0.61857 0.00000 116.22525 0.61857 0.78573 0.00000 -64.74798 0.00000 0.00000 -1.00000 0.00000
1630597383808197 -0.75583 0.65477 0.00000 111.30582 0.65477 0.75583 0.00000 -70.16788 0.00000 0.00000 -1.00000 0.00000
1630597384058814 -0.72512 0.68862 0.00000 106.21070 0.68862 0.72512 0.00000 -75.19387 0.00000 0.00000 -1.00000 0.00000
1630597384310060 -0.69278 0.72115 0.00000 100.90665 0.72115 0.69278 0.00000 -79.99637 0.00000 0.00000 -1.00000 0.00000
1630597384560055 -0.66059 0.75075 0.00000 95.58023 0.75075 0.66059 0.00000 -84.32253 0.00000 0.00000 -1.00000 0.00000
1630597384810044 -0.63366 0.77361 0.00000 90.80496 0.77361 0.63366 0.00000 -87.66852 0.00000 0.00000 -1.00000 0.00000
1630597385059412 -0.61108 0.79157 0.00000 86.51764 0.79157 0.61108 0.00000 -90.25872 0.00000 0.00000 -1.00000 0.00000
1630597385309422 -0.59089 0.80675 0.00000 82.53286 0.80675 0.59089 0.00000 -92.45619 0.00000 0.00000 -1.00000 0.00000
1630597385558777 -0.57525 0.81797 0.00000 79.05888 0.81797 0.57525 0.00000 -94.07192 0.00000 0.00000 -1.00000 0.00000
1630597385808145 -0.56250 0.82679 0.00000 75.92183 0.82679 0.56250 0.00000 -95.31775 0.00000 0.00000 -1.00000 0.00000
1630597386057513 -0.55537 0.83160 0.00000 73.46603 0.83160 0.55537 0.00000 -96.01132 0.00000 0.00000 -1.00000 0.00000
1630597386307507 -0.55284 0.83328 0.00000 71.53639 0.83328 0.55284 0.00000 -96.26379 0.00000 0.00000 -1.00000 0.00000
1630597386558124 -0.55369 0.83272 0.00000 70.00503 0.83272 0.55369 0.00000 -96.22869 0.00000 0.00000 -1.00000 0.00000
1630597386808742 -0.55636 0.83094 0.00000 68.69408 0.83094 0.55636 0.00000 -96.03510 0.00000 0.00000 -1.00000 0.00000
1630597387059360 -0.56001 0.82849 0.00000 67.50369 0.82849 0.56001 0.00000 -95.77034 0.00000 0.00000 -1.00000 0.00000
1630597387309977 -0.56345 0.82615 0.00000 66.29182 0.82615 0.56345 0.00000 -95.52454 0.00000 0.00000 -1.00000 0.00000
1630597387559973 -0.57019 0.82151 0.00000 65.47031 0.82151 0.57019 0.00000 -95.01940 0.00000 0.00000 -1.00000 0.00000
1630597387809967 -0.57849 0.81569 0.00000 64.83137 0.81569 0.57849 0.00000 -94.39434 0.00000 0.00000 -1.00000 0.00000
1630597388059333 -0.59208 0.80588 0.00000 64.81571 0.80588 0.59208 0.00000 -93.33555 0.00000 0.00000 -1.00000 0.00000
1630597388308711 -0.61079 0.79179 0.00000 65.39028 0.79179 0.61079 0.00000 -91.84325 0.00000 0.00000 -1.00000 0.00000
1630597388558073 -0.63492 0.77257 0.00000 66.60986 0.77257 0.63492 0.00000 -89.82570 0.00000 0.00000 -1.00000 0.00000
1630597388807440 -0.66160 0.74986 0.00000 68.11914 0.74986 0.66160 0.00000 -87.48813 0.00000 0.00000 -1.00000 0.00000
1630597389057434 -0.69421 0.71978 0.00000 70.35858 0.71978 0.69421 0.00000 -84.42497 0.00000 0.00000 -1.00000 0.00000
1630597389307430 -0.73055 0.68286 0.00000 73.09889 0.68286 0.73055 0.00000 -80.72570 0.00000 0.00000 -1.00000 0.00000
1630597389558044 -0.77014 0.63788 0.00000 76.23891 0.63788 0.77014 0.00000 -76.24687 0.00000 0.00000 -1.00000 0.00000
1630597389808662 -0.81071 0.58545 0.00000 79.58657 0.58545 0.81071 0.00000 -71.08794 0.00000 0.00000 -1.00000 0.00000
1630597390059283 -0.85023 0.52641 0.00000 82.92618 0.52641 0.85023 0.00000 -65.31247 0.00000 0.00000 -1.00000 0.00000
1630597390309947 -0.88583 0.46402 0.00000 85.91417 0.46402 0.88583 0.00000 -59.23937 0.00000 0.00000 -1.00000 0.00000
1630597390559269 -0.91482 0.40386 0.00000 88.20027 0.40386 0.91482 0.00000 -53.41106 0.00000 0.00000 -1.00000 0.00000
1630597390809262 -0.93881 0.34443 0.00000 89.96652 0.34443 0.93881 0.00000 -47.69783 0.00000 0.00000 -1.00000 0.00000
1630597391058629 -0.95615 0.29289 0.00000 90.94993 0.29289 0.95615 0.00000 -42.77066 0.00000 0.00000 -1.00000 0.00000
1630597391308005 -0.96960 0.24468 0.00000 91.50940 0.24468 0.96960 0.00000 -38.22396 0.00000 0.00000 -1.00000 0.00000
1630597391557992 -0.98095 0.19427 0.00000 91.89164 0.19427 0.98095 0.00000 -33.46309 0.00000 0.00000 -1.00000 0.00000
1630597391808617 -0.98970 0.14319 0.00000 92.02297 0.14319 0.98970 0.00000 -28.71774 0.00000 0.00000 -1.00000 0.00000
1630597392059231 -0.99555 0.09427 0.00000 91.84993 0.09427 0.99555 0.00000 -24.17951 0.00000 0.00000 -1.00000 0.00000
1630597392309851 -0.99905 0.04366 0.00000 91.47274 0.04366 0.99905 0.00000 -19.52532 0.00000 0.00000 -1.00000 0.00000
1630597392559845 -0.99999 -0.00396 -0.00000 90.83552 -0.00396 0.99999 0.00000 -15.18769 0.00000 0.00000 -1.00000 0.00000
1630597392809840 -0.99860 -0.05284 -0.00000 89.99672 -0.05284 0.99860 0.00000 -10.75611 0.00000 0.00000 -1.00000 0.00000
1630597393058578 -0.99494 -0.10044 -0.00000 88.92606 -0.10044 0.99494 0.00000 -6.49309 0.00000 0.00000 -1.00000 0.00000
1630597393307950 -0.98937 -0.14539 -0.00000 87.64940 -0.14539 0.98937 0.00000 -2.49690 0.00000 0.00000 -1.00000 0.00000
1630597393557320 -0.98172 -0.19033 -0.00000 86.20661 -0.19033 0.98172 0.00000 1.45590 0.00000 0.00000 -1.00000 0.00000
1630597393807315 -0.97353 -0.22858 -0.00000 84.62776 -0.22858 0.97353 0.00000 4.80834 0.00000 0.00000 -1.00000 0.00000
1630597394057926 -0.96666 -0.25608 -0.00000 83.03100 -0.25608 0.96666 0.00000 7.18511 0.00000 0.00000 -1.00000 0.00000
1630597394308547 -0.96168 -0.27418 -0.00000 81.45602 -0.27418 0.96168 0.00000 8.71279 0.00000 0.00000 -1.00000 0.00000
1630597394559165 -0.95764 -0.28795 -0.00000 79.91084 -0.28795 0.95764 0.00000 9.88227 0.00000 0.00000 -1.00000 0.00000
1630597394809782 -0.95602 -0.29329 -0.00000 78.46301 -0.29329 0.95602 0.00000 10.28443 0.00000 0.00000 -1.00000 0.00000
1630597395060408 -0.95558 -0.29473 -0.00000 77.02122 -0.29473 0.95558 0.00000 10.37155 0.00000 0.00000 -1.00000 0.00000
1630597395309777 -0.95361 -0.30105 -0.00000 75.49127 -0.30105 0.95361 0.00000 10.86186 0.00000 0.00000 -1.00000 0.00000
1630597395559770 -0.95320 -0.30233 -0.00000 74.01715 -0.30233 0.95320 0.00000 10.92264 0.00000 0.00000 -1.00000 0.00000
1630597395809134 -0.95337 -0.30180 -0.00000 72.59658 -0.30180 0.95337 0.00000 10.88529 0.00000 0.00000 -1.00000 0.00000
1630597396058506 -0.95454 -0.29809 -0.00000 71.29196 -0.29809 0.95454 0.00000 10.57155 0.00000 0.00000 -1.00000 0.00000
1630597396307890 -0.95624 -0.29258 -0.00000 70.10659 -0.29258 0.95624 0.00000 10.14363 0.00000 0.00000 -1.00000 0.00000
1630597396557868 -0.95762 -0.28802 -0.00000 69.01591 -0.28802 0.95762 0.00000 9.79001 0.00000 0.00000 -1.00000 0.00000
1630597396807862 -0.95898 -0.28347 -0.00000 68.01731 -0.28347 0.95898 0.00000 9.44464 0.00000 0.00000 -1.00000 0.00000
1630597397058482 -0.96023 -0.27921 -0.00000 67.05962 -0.27921 0.96023 0.00000 9.11311 0.00000 0.00000 -1.00000 0.00000
1630597397309106 -0.96129 -0.27556 -0.00000 66.14373 -0.27556 0.96129 0.00000 8.83974 0.00000 0.00000 -1.00000 0.00000
1630597397559719 -0.96192 -0.27332 -0.00000 65.25521 -0.27332 0.96192 0.00000 8.67957 0.00000 0.00000 -1.00000 0.00000
1630597397809721 -0.96259 -0.27098 -0.00000 64.40600 -0.27098 0.96259 0.00000 8.49496 0.00000 0.00000 -1.00000 0.00000
1630597398059705 -0.96318 -0.26887 -0.00000 63.58411 -0.26887 0.96318 0.00000 8.33880 0.00000 0.00000 -1.00000 0.00000
1630597398309078 -0.96340 -0.26808 -0.00000 62.74949 -0.26808 0.96340 0.00000 8.32464 0.00000 0.00000 -1.00000 0.00000
1630597398558444 -0.96437 -0.26455 -0.00000 61.96710 -0.26455 0.96437 0.00000 8.07266 0.00000 0.00000 -1.00000 0.00000
1630597398807816 -0.96599 -0.25857 -0.00000 61.23437 -0.25857 0.96599 0.00000 7.63626 0.00000 0.00000 -1.00000 0.00000
1630597399057184 -0.96834 -0.24963 -0.00000 60.52695 -0.24963 0.96834 0.00000 7.09247 0.00000 0.00000 -1.00000 0.00000
1630597399305929 -0.96968 -0.24437 -0.00000 59.80650 -0.24437 0.96968 0.00000 6.76696 0.00000 0.00000 -1.00000 0.00000
1630597399556549 -0.97065 -0.24050 -0.00000 59.06779 -0.24050 0.97065 0.00000 6.47991 0.00000 0.00000 -1.00000 0.00000
1630597399806540 -0.97132 -0.23777 -0.00000 58.34485 -0.23777 0.97132 0.00000 6.29923 0.00000 0.00000 -1.00000 0.00000
1630597400057159 -0.97256 -0.23265 -0.00000 57.62264 -0.23265 0.97256 0.00000 5.97471 0.00000 0.00000 -1.00000 0.00000
1630597400307152 -0.97439 -0.22487 -0.00000 56.89718 -0.22487 0.97439 0.00000 5.51013 0.00000 0.00000 -1.00000 0.00000
1630597400557145 -0.97703 -0.21311 -0.00000 56.14140 -0.21311 0.97703 0.00000 4.78235 0.00000 0.00000 -1.00000 0.00000
1630597400807763 -0.98026 -0.19773 -0.00000 55.32038 -0.19773 0.98026 0.00000 3.88717 0.00000 0.00000 -1.00000 0.00000
1630597401057761 -0.98397 -0.17836 -0.00000 54.43668 -0.17836 0.98397 0.00000 2.76697 0.00000 0.00000 -1.00000 0.00000
1630597401308383 -0.98707 -0.16028 -0.00000 53.46215 -0.16028 0.98707 0.00000 1.71475 0.00000 0.00000 -1.00000 0.00000
1630597401557753 -0.98851 -0.15117 -0.00000 52.39693 -0.15117 0.98851 0.00000 1.22963 0.00000 0.00000 -1.00000 0.00000
1630597401807746 -0.98897 -0.14813 -0.00000 51.22967 -0.14813 0.98897 0.00000 1.01185 0.00000 0.00000 -1.00000 0.00000
1630597402058367 -0.98864 -0.15029 -0.00000 49.97677 -0.15029 0.98864 0.00000 1.10827 0.00000 0.00000 -1.00000 0.00000
1630597402307737 -0.98764 -0.15673 -0.00000 48.68624 -0.15673 0.98764 0.00000 1.42368 0.00000 0.00000 -1.00000 0.00000
1630597402558357 -0.98690 -0.16133 -0.00000 47.34968 -0.16133 0.98690 0.00000 1.60603 0.00000 0.00000 -1.00000 0.00000
1630597402808361 -0.98591 -0.16728 -0.00000 45.95783 -0.16728 0.98591 0.00000 1.87346 0.00000 0.00000 -1.00000 0.00000
1630597403057723 -0.98468 -0.17434 -0.00000 44.52206 -0.17434 0.98468 0.00000 2.17315 0.00000 0.00000 -1.00000 0.00000
1630597403307717 -0.98351 -0.18084 -0.00000 43.04746 -0.18084 0.98351 0.00000 2.44179 0.00000 0.00000 -1.00000 0.00000
1630597403557715 -0.98279 -0.18473 -0.00000 41.53753 -0.18473 0.98279 0.00000 2.58727 0.00000 0.00000 -1.00000 0.00000
1630597403808330 -0.98315 -0.18278 -0.00000 39.99678 -0.18278 0.98315 0.00000 2.50079 0.00000 0.00000 -1.00000 0.00000
1630597404058326 -0.98430 -0.17650 -0.00000 38.46569 -0.17650 0.98430 0.00000 2.21290 0.00000 0.00000 -1.00000 0.00000
1630597404308330 -0.98617 -0.16572 -0.00000 36.91172 -0.16572 0.98617 0.00000 1.76163 0.00000 0.00000 -1.00000 0.00000
1630597404558315 -0.98764 -0.15672 -0.00000 35.31303 -0.15672 0.98764 0.00000 1.38238 0.00000 0.00000 -1.00000 0.00000
1630597404808310 -0.98885 -0.14890 -0.00000 33.69802 -0.14890 0.98885 0.00000 1.06955 0.00000 0.00000 -1.00000 0.00000
1630597405058307 -0.98947 -0.14470 -0.00000 32.07901 -0.14470 0.98947 0.00000 0.90641 0.00000 0.00000 -1.00000 0.00000
1630597405308301 -0.99016 -0.13997 -0.00000 30.41338 -0.13997 0.99016 0.00000 0.71125 0.00000 0.00000 -1.00000 0.00000
1630597405558295 -0.99040 -0.13823 -0.00000 28.72135 -0.13823 0.99040 0.00000 0.61621 0.00000 0.00000 -1.00000 0.00000
1630597405808290 -0.99027 -0.13915 -0.00000 27.07135 -0.13915 0.99027 0.00000 0.59000 0.00000 0.00000 -1.00000 0.00000
1630597406058288 -0.98934 -0.14561 -0.00000 25.34734 -0.14561 0.98934 0.00000 0.72837 0.00000 0.00000 -1.00000 0.00000
1630597406308322 -0.98814 -0.15353 -0.00000 23.63372 -0.15353 0.98814 0.00000 0.89761 0.00000 0.00000 -1.00000 0.00000
1630597406558276 -0.98728 -0.15898 -0.00000 21.91021 -0.15898 0.98728 0.00000 0.98910 0.00000 0.00000 -1.00000 0.00000
1630597406808901 -0.98700 -0.16072 -0.00000 20.16116 -0.16072 0.98700 0.00000 0.99533 0.00000 0.00000 -1.00000 0.00000
1630597407058906 -0.98692 -0.16120 -0.00000 18.41914 -0.16120 0.98692 0.00000 0.96434 0.00000 0.00000 -1.00000 0.00000
1630597407308264 -0.98690 -0.16134 -0.00000 16.67966 -0.16134 0.98690 0.00000 0.93495 0.00000 0.00000 -1.00000 0.00000
1630597407557632 -0.98679 -0.16202 -0.00000 14.92856 -0.16202 0.98679 0.00000 0.92232 0.00000 0.00000 -1.00000 0.00000
1630597407807003 -0.98684 -0.16170 -0.00000 13.28164 -0.16170 0.98684 0.00000 0.88305 0.00000 0.00000 -1.00000 0.00000
1630597408056998 -0.98698 -0.16082 -0.00000 11.63507 -0.16082 0.98698 0.00000 0.85078 0.00000 0.00000 -1.00000 0.00000
1630597408306994 -0.98689 -0.16140 -0.00000 10.08009 -0.16140 0.98689 0.00000 0.83315 0.00000 0.00000 -1.00000 0.00000
1630597408556988 -0.98706 -0.16036 -0.00000 8.57067 -0.16036 0.98706 0.00000 0.79850 0.00000 0.00000 -1.00000 0.00000
1630597408807172 -0.98699 -0.16079 -0.00000 7.04277 -0.16079 0.98699 0.00000 0.79481 0.00000 0.00000 -1.00000 0.00000
1630597409056977 -0.98691 -0.16129 -0.00000 5.57503 -0.16129 0.98691 0.00000 0.76957 0.00000 0.00000 -1.00000 0.00000
1630597409307596 -0.98704 -0.16046 -0.00000 4.11035 -0.16046 0.98704 0.00000 0.75092 0.00000 0.00000 -1.00000 0.00000
1630597409557595 -0.98700 -0.16070 -0.00000 2.65128 -0.16070 0.98700 0.00000 0.73799 0.00000 0.00000 -1.00000 0.00000
1630597409807600 -0.98677 -0.16213 -0.00000 1.23501 -0.16213 0.98677 0.00000 0.72839 0.00000 0.00000 -1.00000 0.00000
1630597410057585 -0.98661 -0.16311 -0.00000 -0.16725 -0.16311 0.98661 0.00000 0.71229 0.00000 0.00000 -1.00000 0.00000
1630597410307581 -0.98666 -0.16281 -0.00000 -1.56370 -0.16281 0.98666 0.00000 0.69422 0.00000 0.00000 -1.00000 0.00000
1630597410558197 -0.98636 -0.16463 -0.00000 -2.95515 -0.16463 0.98636 0.00000 0.66909 0.00000 0.00000 -1.00000 0.00000
1630597410808192 -0.98616 -0.16577 -0.00000 -4.31684 -0.16577 0.98616 0.00000 0.64341 0.00000 0.00000 -1.00000 0.00000
1630597411058815 -0.98593 -0.16719 -0.00000 -5.67556 -0.16719 0.98593 0.00000 0.60689 0.00000 0.00000 -1.00000 0.00000
1630597411308187 -0.98550 -0.16967 -0.00000 -7.05146 -0.16967 0.98550 0.00000 0.56617 0.00000 0.00000 -1.00000 0.00000
1630597411558182 -0.98497 -0.17271 -0.00000 -8.46064 -0.17271 0.98497 0.00000 0.50538 0.00000 0.00000 -1.00000 0.00000
1630597411808178 -0.98410 -0.17763 -0.00000 -9.94855 -0.17763 0.98410 0.00000 0.45225 0.00000 0.00000 -1.00000 0.00000
1630597412058173 -0.98323 -0.18236 -0.00000 -11.46447 -0.18236 0.98323 0.00000 0.38718 0.00000 0.00000 -1.00000 0.00000
1630597412308177 -0.98260 -0.18575 -0.00000 -12.97357 -0.18575 0.98260 0.00000 0.33468 0.00000 0.00000 -1.00000 0.00000
1630597412558163 -0.98190 -0.18938 -0.00000 -14.58931 -0.18938 0.98190 0.00000 0.26049 0.00000 0.00000 -1.00000 0.00000
1630597412808784 -0.98197 -0.18904 -0.00000 -16.22404 -0.18904 0.98197 0.00000 0.22899 0.00000 0.00000 -1.00000 0.00000
1630597413058777 -0.98221 -0.18780 -0.00000 -17.85545 -0.18780 0.98221 0.00000 0.21160 0.00000 0.00000 -1.00000 0.00000
1630597413308775 -0.98223 -0.18770 -0.00000 -19.54722 -0.18770 0.98223 0.00000 0.17065 0.00000 0.00000 -1.00000 0.00000
1630597413558773 -0.98191 -0.18934 -0.00000 -21.27706 -0.18934 0.98191 0.00000 0.09835 0.00000 0.00000 -1.00000 0.00000
1630597413808767 -0.98146 -0.19168 -0.00000 -23.03673 -0.19168 0.98146 0.00000 -0.00392 0.00000 0.00000 -1.00000 0.00000
1630597414058137 -0.98054 -0.19633 -0.00000 -24.83310 -0.19633 0.98054 0.00000 -0.16915 0.00000 0.00000 -1.00000 0.00000
1630597414307544 -0.97924 -0.20269 -0.00000 -26.64747 -0.20269 0.97924 0.00000 -0.38873 0.00000 0.00000 -1.00000 0.00000
1630597414557499 -0.97790 -0.20905 -0.00000 -28.51296 -0.20905 0.97790 0.00000 -0.59822 0.00000 0.00000 -1.00000 0.00000
1630597414806874 -0.97646 -0.21571 -0.00000 -30.40458 -0.21571 0.97646 0.00000 -0.81956 0.00000 0.00000 -1.00000 0.00000
1630597415056870 -0.97504 -0.22201 -0.00000 -32.31014 -0.22201 0.97504 0.00000 -1.03231 0.00000 0.00000 -1.00000 0.00000
