0.973 0.232 0. -2.563 0.232 -0.973 0. 0.348 0. 0. -1. 0.
0.973 0.232 0. -2.563 0.232 -0.973 0. 0.348 0. 0. -1. 0.
0.973 0.232 0. -2.563 0.232 -0.973 0. 0.348 0. 0. -1. 0.
0.973 0.232 0. -2.563 0.232 -0.973 0. 0.348 0. 0. -1. 0.
0.973 0.232 0. -2.563 0.232 -0.973 0. 0.348 0. 0. -1. 0.
0.973 0.232 0. -2.563 0.232 -0.973 0. 0.348 0. 0. -1. 0.
0.973 0.232 0. -2.563 0.232 -0.973 0. 0.348 0. 0. -1. 0.
0.973 0.232 0. -2.563 0.232 -0.973 0. 0.348 0. 0. -1. 0.
0.973 0.232 0. -2.563 0.232 -0.973 0. 0.348 0. 0. -1. 0.
0.973 0.232 0. -2.563 0.232 -0.973 0. 0.348 0. 0. -1. 0.
0.973 0.232 0. -2.563 0.232 -0.973 0. 0.348 0. 0. -1. 0.
0.973 0.232 0. -2.563 0.232 -0.973 0. 0.348 0. 0. -1. 0.
0.973 0.232 0. -2.563 0.232 -0.973 0. 0.348 0. 0. -1. 0.
0.973 0.232 0. -2.563 0.232 -0.973 0. 0.348 0. 0. -1. 0.
0.973 0.232 0. -2.559 0.232 -0.973 0. 0.350 0. 0. -1. 0.
0.973 0.231 0. -2.534 0.231 -0.973 0. 0.354 0. 0. -1. 0.
0.974 0.228 0. -2.488 0.228 -0.974 0. 0.365 0. 0. -1. 0.
0.974 0.225 0. -2.432 0.225 -0.974 0. 0.375 0. 0. -1. 0.
0.976 0.217 0. -2.352 0.217 -0.976 0. 0.387 0. 0. -1. 0.
0.978 0.206 0. -2.249 0.206 -0.978 0. 0.405 0. 0. -1. 0.
0.982 0.191 0. -2.110 0.191 -0.982 0. 0.422 0. 0. -1. 0.
0.986 0.168 0. -1.903 0.168 -0.986 0. 0.445 0. 0. -1. 0.
0.990 0.138 0. -1.603 0.138 -0.990 0. 0.468 0. 0. -1. 0.
0.994 0.107 0. -1.202 0.107 -0.994 0. 0.489 0. 0. -1. 0.
0.997 0.078 0. -0.701 0.078 -0.997 0. 0.503 0. 0. -1. 0.
0.998 0.055 0. -0.117 0.055 -0.998 0. 0.521 0. 0. -1. 0.
0.999 0.040 0. 0.542 0.040 -0.999 0. 0.534 0. 0. -1. 0.
0.999 0.034 0. 1.279 0.034 -0.999 0. 0.543 0. 0. -1. 0.
0.999 0.036 0. 2.104 0.036 -0.999 0. 0.556 0. 0. -1. 0.
0.999 0.039 0. 3.016 0.039 -0.999 0. 0.595 0. 0. -1. 0.
0.999 0.046 0. 4.017 0.046 -0.999 0. 0.637 0. 0. -1. 0.
0.999 0.054 0. 5.078 0.054 -0.999 0. 0.684 0. 0. -1. 0.
0.998 0.061 0. 6.183 0.061 -0.998 0. 0.742 0. 0. -1. 0.
0.998 0.069 0. 7.353 0.069 -0.998 0. 0.810 0. 0. -1. 0.
0.997 0.080 0. 8.577 0.080 -0.997 0. 0.889 0. 0. -1. 0.
0.996 0.092 0. 9.835 0.092 -0.996 0. 0.975 0. 0. -1. 0.
0.995 0.104 0. 11.149 0.104 -0.995 0. 1.086 0. 0. -1. 0.
0.993 0.115 0. 12.559 0.115 -0.993 0. 1.220 0. 0. -1. 0.
0.992 0.127 0. 13.970 0.127 -0.992 0. 1.380 0. 0. -1. 0.
0.990 0.138 0. 15.419 0.138 -0.990 0. 1.548 0. 0. -1. 0.
0.989 0.147 0. 16.975 0.147 -0.989 0. 1.757 0. 0. -1. 0.
0.987 0.158 0. 18.538 0.158 -0.987 0. 1.968 0. 0. -1. 0.
0.986 0.167 0. 20.160 0.167 -0.986 0. 2.207 0. 0. -1. 0.
0.984 0.176 0. 21.839 0.176 -0.984 0. 2.470 0. 0. -1. 0.
0.983 0.181 0. 23.540 0.181 -0.983 0. 2.756 0. 0. -1. 0.
0.983 0.182 0. 25.261 0.182 -0.983 0. 3.040 0. 0. -1. 0.
0.983 0.182 0. 26.999 0.182 -0.983 0. 3.320 0. 0. -1. 0.
0.983 0.183 0. 28.717 0.183 -0.983 0. 3.591 0. 0. -1. 0.
0.983 0.185 0. 30.481 0.185 -0.983 0. 3.870 0. 0. -1. 0.
0.980 0.199 0. 32.232 0.199 -0.980 0. 4.196 0. 0. -1. 0.
0.977 0.211 0. 33.970 0.211 -0.977 0. 4.538 0. 0. -1. 0.
0.974 0.229 0. 35.788 0.229 -0.974 0. 4.960 0. 0. -1. 0.
0.970 0.242 0. 37.567 0.242 -0.970 0. 5.324 0. 0. -1. 0.
0.967 0.253 0. 39.345 0.253 -0.967 0. 5.776 0. 0. -1. 0.
0.967 0.257 0. 41.235 0.257 -0.967 0. 6.235 0. 0. -1. 0.
0.966 0.257 0. 43.104 0.257 -0.966 0. 6.700 0. 0. -1. 0.
0.967 0.256 0. 45.018 0.256 -0.967 0. 7.165 0. 0. -1. 0.
0.967 0.255 0. 46.986 0.255 -0.967 0. 7.646 0. 0. -1. 0.
0.967 0.255 0. 48.976 0.255 -0.967 0. 8.141 0. 0. -1. 0.
0.967 0.254 0. 51.033 0.254 -0.967 0. 8.616 0. 0. -1. 0.
0.967 0.255 0. 53.075 0.255 -0.967 0. 9.111 0. 0. -1. 0.
0.967 0.254 0. 55.161 0.254 -0.967 0. 9.610 0. 0. -1. 0.
0.967 0.254 0. 57.282 0.254 -0.967 0. 10.113 0. 0. -1. 0.
0.967 0.254 0. 59.392 0.254 -0.967 0. 10.608 0. 0. -1. 0.
0.968 0.253 0. 61.503 0.253 -0.968 0. 11.120 0. 0. -1. 0.
0.968 0.252 0. 63.599 0.252 -0.968 0. 11.637 0. 0. -1. 0.
0.969 0.249 0. 65.714 0.249 -0.969 0. 12.149 0. 0. -1. 0.
0.970 0.242 0. 67.829 0.242 -0.970 0. 12.644 0. 0. -1. 0.
0.973 0.232 0. 69.957 0.232 -0.973 0. 13.115 0. 0. -1. 0.
0.976 0.218 0. 72.077 0.218 -0.976 0. 13.563 0. 0. -1. 0.
0.980 0.198 0. 74.195 0.198 -0.980 0. 13.965 0. 0. -1. 0.
0.984 0.177 0. 76.302 0.177 -0.984 0. 14.332 0. 0. -1. 0.
0.988 0.152 0. 78.395 0.152 -0.988 0. 14.643 0. 0. -1. 0.
0.992 0.126 0. 80.502 0.126 -0.992 0. 14.887 0. 0. -1. 0.
0.996 0.093 0. 82.587 0.093 -0.996 0. 15.075 0. 0. -1. 0.
0.999 0.053 0. 84.654 0.053 -0.999 0. 15.189 0. 0. -1. 0.
1. 0.003 0. 86.750 0.003 -1. 0. 15.196 0. 0. -1. 0.
0.999 -0.052 0. 88.826 -0.052 -0.999 -0. 15.091 0. 0. -1. 0.
0.994 -0.108 0. 90.854 -0.108 -0.994 -0. 14.871 0. 0. -1. 0.
0.987 -0.164 0. 92.871 -0.164 -0.987 -0. 14.540 0. 0. -1. 0.
0.976 -0.220 0. 94.869 -0.220 -0.976 -0. 14.097 0. 0. -1. 0.
0.960 -0.280 0. 96.817 -0.280 -0.960 -0. 13.538 0. 0. -1. 0.
0.940 -0.341 0. 98.718 -0.341 -0.940 -0. 12.867 0. 0. -1. 0.
0.912 -0.409 0. 100.574 -0.409 -0.912 -0. 12.066 0. 0. -1. 0.
0.877 -0.481 0. 102.327 -0.481 -0.877 -0. 11.124 0. 0. -1. 0.
0.834 -0.552 0. 103.960 -0.552 -0.834 -0. 10.061 0. 0. -1. 0.
0.786 -0.618 0. 105.508 -0.618 -0.786 -0. 8.849 0. 0. -1. 0.
0.736 -0.678 0. 106.955 -0.678 -0.736 -0. 7.553 0. 0. -1. 0.
0.685 -0.728 0. 108.271 -0.728 -0.685 -0. 6.146 0. 0. -1. 0.
0.644 -0.765 0. 109.513 -0.765 -0.644 -0. 4.628 0. 0. -1. 0.
0.614 -0.789 0. 110.672 -0.789 -0.614 -0. 3.070 0. 0. -1. 0.
0.594 -0.805 0. 111.817 -0.805 -0.594 -0. 1.476 0. 0. -1. 0.
0.581 -0.814 0. 112.964 -0.814 -0.581 -0. -0.147 0. 0. -1. 0.
0.573 -0.820 0. 114.126 -0.820 -0.573 -0. -1.800 0. 0. -1. 0.
0.570 -0.822 0. 115.285 -0.822 -0.570 -0. -3.491 0. 0. -1. 0.
0.573 -0.820 0. 116.442 -0.820 -0.573 -0. -5.200 0. 0. -1. 0.
0.581 -0.814 0. 117.598 -0.814 -0.581 -0. -6.908 0. 0. -1. 0.
0.594 -0.805 0. 118.780 -0.805 -0.594 -0. -8.609 0. 0. -1. 0.
0.609 -0.793 0. 119.998 -0.793 -0.609 -0. -10.285 0. 0. -1. 0.
0.623 -0.782 0. 121.278 -0.782 -0.623 -0. -11.963 0. 0. -1. 0.
0.638 -0.770 0. 122.580 -0.770 -0.638 -0. -13.621 0. 0. -1. 0.
0.652 -0.758 0. 123.920 -0.758 -0.652 -0. -15.262 0. 0. -1. 0.
0.667 -0.745 0. 125.305 -0.745 -0.667 -0. -16.902 0. 0. -1. 0.
0.685 -0.729 0. 126.723 -0.729 -0.685 -0. -18.496 0. 0. -1. 0.
0.702 -0.712 0. 128.189 -0.712 -0.702 -0. -20.065 0. 0. -1. 0.
0.720 -0.694 0. 129.712 -0.694 -0.720 -0. -21.623 0. 0. -1. 0.
0.737 -0.676 0. 131.244 -0.676 -0.737 -0. -23.100 0. 0. -1. 0.
0.752 -0.659 0. 132.828 -0.659 -0.752 -0. -24.565 0. 0. -1. 0.
0.765 -0.644 0. 134.424 -0.644 -0.765 -0. -25.989 0. 0. -1. 0.
0.777 -0.630 0. 136.039 -0.630 -0.777 -0. -27.354 0. 0. -1. 0.
0.785 -0.619 0. 137.692 -0.619 -0.785 -0. -28.731 0. 0. -1. 0.
0.795 -0.607 0. 139.303 -0.607 -0.795 -0. -30.034 0. 0. -1. 0.
0.804 -0.595 0. 140.963 -0.595 -0.804 -0. -31.317 0. 0. -1. 0.
0.812 -0.583 0. 142.601 -0.583 -0.812 -0. -32.555 0. 0. -1. 0.
0.821 -0.571 0. 144.245 -0.571 -0.821 -0. -33.748 0. 0. -1. 0.
0.829 -0.560 0. 145.888 -0.560 -0.829 -0. -34.895 0. 0. -1. 0.
0.836 -0.548 0. 147.493 -0.548 -0.836 -0. -35.980 0. 0. -1. 0.
0.849 -0.528 0. 149.052 -0.528 -0.849 -0. -37.021 0. 0. -1. 0.
0.872 -0.489 0. 150.591 -0.489 -0.872 -0. -37.962 0. 0. -1. 0.
0.901 -0.433 0. 152.091 -0.433 -0.901 -0. -38.746 0. 0. -1. 0.
0.935 -0.354 0. 153.560 -0.354 -0.935 -0. -39.377 0. 0. -1. 0.
0.968 -0.252 0. 154.981 -0.252 -0.968 -0. -39.812 0. 0. -1. 0.
0.991 -0.134 0. 156.331 -0.134 -0.991 -0. -40.050 0. 0. -1. 0.
1. -0.005 0. 157.595 -0.005 -1. -0. -40.088 0. 0. -1. 0.
0.991 0.133 0. 158.748 0.133 -0.991 0. -39.964 0. 0. -1. 0.
0.959 0.283 0. 159.825 0.283 -0.959 0. -39.677 0. 0. -1. 0.
0.900 0.437 0. 160.811 0.437 -0.900 0. -39.236 0. 0. -1. 0.
0.810 0.587 0. 161.663 0.587 -0.810 0. -38.624 0. 0. -1. 0.
0.693 0.721 0. 162.388 0.721 -0.693 0. -37.891 0. 0. -1. 0.
0.552 0.834 0. 162.951 0.834 -0.552 0. -37.047 0. 0. -1. 0.
0.388 0.922 0. 163.340 0.922 -0.388 0. -36.135 0. 0. -1. 0.
0.205 0.979 0. 163.554 0.979 -0.205 0. -35.164 0. 0. -1. 0.
0.007 1. 0. 163.565 1. -0.007 0. -34.172 0. 0. -1. 0.
-0.196 0.981 0. 163.377 0.981 0.196 0. -33.185 0. 0. -1. 0.
-0.394 0.919 0. 162.989 0.919 0.394 0. -32.242 0. 0. -1. 0.
-0.571 0.821 0. 162.398 0.821 0.571 0. -31.379 0. 0. -1. 0.
-0.718 0.697 0. 161.637 0.697 0.718 0. -30.621 0. 0. -1. 0.
-0.828 0.561 0. 160.726 0.561 0.828 0. -29.976 0. 0. -1. 0.
-0.907 0.422 0. 159.683 0.422 0.907 0. -29.455 0. 0. -1. 0.
-0.956 0.292 0. 158.533 0.292 0.956 0. -29.081 0. 0. -1. 0.
-0.982 0.190 0. 157.309 0.190 0.982 0. -28.817 0. 0. -1. 0.
-0.993 0.120 0. 155.984 0.120 0.993 0. -28.647 0. 0. -1. 0.
-0.997 0.083 0. 154.581 0.083 0.997 0. -28.520 0. 0. -1. 0.
-0.998 0.064 0. 153.124 0.064 0.998 0. -28.385 0. 0. -1. 0.
-0.998 0.060 0. 151.618 0.060 0.998 0. -28.269 0. 0. -1. 0.
-0.998 0.065 0. 150.029 0.065 0.998 0. -28.138 0. 0. -1. 0.
-0.997 0.083 0. 148.371 0.083 0.997 0. -28.003 0. 0. -1. 0.
-0.993 0.116 0. 146.699 0.116 0.993 0. -27.816 0. 0. -1. 0.
-0.987 0.164 0. 144.982 0.164 0.987 0. -27.526 0. 0. -1. 0.
-0.975 0.220 0. 143.252 0.220 0.975 0. -27.122 0. 0. -1. 0.
-0.959 0.283 0. 141.548 0.283 0.959 0. -26.603 0. 0. -1. 0.
-0.939 0.344 0. 139.837 0.344 0.939 0. -25.963 0. 0. -1. 0.
-0.914 0.405 0. 138.139 0.405 0.914 0. -25.198 0. 0. -1. 0.
-0.888 0.459 0. 136.457 0.459 0.888 0. -24.315 0. 0. -1. 0.
-0.862 0.507 0. 134.789 0.507 0.862 0. -23.327 0. 0. -1. 0.
-0.833 0.553 0. 133.134 0.553 0.833 0. -22.233 0. 0. -1. 0.
-0.801 0.599 0. 131.501 0.599 0.801 0. -20.989 0. 0. -1. 0.
-0.767 0.641 0. 129.940 0.641 0.767 0. -19.647 0. 0. -1. 0.
-0.733 0.680 0. 128.405 0.680 0.733 0. -18.222 0. 0. -1. 0.
-0.698 0.716 0. 126.953 0.716 0.698 0. -16.741 0. 0. -1. 0.
-0.665 0.747 0. 125.553 0.747 0.665 0. -15.184 0. 0. -1. 0.
-0.634 0.773 0. 124.207 0.773 0.634 0. -13.534 0. 0. -1. 0.
-0.609 0.793 0. 122.972 0.793 0.609 0. -11.860 0. 0. -1. 0.
-0.588 0.809 0. 121.770 0.809 0.588 0. -10.129 0. 0. -1. 0.
-0.574 0.819 0. 120.604 0.819 0.574 0. -8.397 0. 0. -1. 0.
-0.564 0.826 0. 119.461 0.826 0.564 0. -6.665 0. 0. -1. 0.
-0.554 0.833 0. 118.333 0.833 0.554 0. -4.911 0. 0. -1. 0.
-0.551 0.835 0. 117.230 0.835 0.551 0. -3.151 0. 0. -1. 0.
-0.555 0.832 0. 116.124 0.832 0.555 0. -1.394 0. 0. -1. 0.
-0.567 0.823 0. 114.996 0.823 0.567 0. 0.346 0. 0. -1. 0.
-0.589 0.808 0. 113.833 0.808 0.589 0. 2.068 0. 0. -1. 0.
-0.620 0.785 0. 112.610 0.785 0.620 0. 3.741 0. 0. -1. 0.
-0.656 0.755 0. 111.313 0.755 0.656 0. 5.356 0. 0. -1. 0.
-0.697 0.717 0. 109.931 0.717 0.697 0. 6.906 0. 0. -1. 0.
-0.739 0.674 0. 108.477 0.674 0.739 0. 8.331 0. 0. -1. 0.
-0.783 0.622 0. 106.940 0.622 0.783 0. 9.661 0. 0. -1. 0.
-0.826 0.564 0. 105.317 0.564 0.826 0. 10.883 0. 0. -1. 0.
-0.865 0.502 0. 103.619 0.502 0.865 0. 11.970 0. 0. -1. 0.
-0.901 0.434 0. 101.835 0.434 0.901 0. 12.942 0. 0. -1. 0.
-0.932 0.363 0. 99.960 0.363 0.932 0. 13.769 0. 0. -1. 0.
-0.956 0.292 0. 98.013 0.292 0.956 0. 14.466 0. 0. -1. 0.
-0.976 0.219 0. 96.009 0.219 0.976 0. 14.991 0. 0. -1. 0.
-0.989 0.146 0. 93.966 0.146 0.989 0. 15.391 0. 0. -1. 0.
-0.997 0.074 0. 91.886 0.074 0.997 0. 15.627 0. 0. -1. 0.
-1. 0.006 0. 89.809 0.006 1. 0. 15.709 0. 0. -1. 0.
-0.999 -0.052 0. 87.694 -0.052 0.999 0. 15.664 -0. 0. -1. 0.
-0.995 -0.100 0. 85.576 -0.100 0.995 0. 15.512 -0. 0. -1. 0.
-0.991 -0.137 0. 83.467 -0.137 0.991 0. 15.282 -0. 0. -1. 0.
-0.986 -0.167 0. 81.350 -0.167 0.986 0. 14.977 -0. 0. -1. 0.
-0.982 -0.187 0. 79.188 -0.187 0.982 0. 14.607 -0. 0. -1. 0.
-0.980 -0.199 0. 77.021 -0.199 0.980 0. 14.204 -0. 0. -1. 0.
-0.978 -0.208 0. 74.858 -0.208 0.978 0. 13.788 -0. 0. -1. 0.
-0.977 -0.214 0. 72.664 -0.214 0.977 0. 13.348 -0. 0. -1. 0.
-0.975 -0.221 0. 70.458 -0.221 0.975 0. 12.903 -0. 0. -1. 0.
-0.972 -0.234 0. 68.265 -0.234 0.972 0. 12.428 -0. 0. -1. 0.
-0.969 -0.246 0. 66.087 -0.246 0.969 0. 11.929 -0. 0. -1. 0.
-0.966 -0.259 0. 63.929 -0.259 0.966 0. 11.396 -0. 0. -1. 0.
-0.963 -0.269 0. 61.790 -0.269 0.963 0. 10.833 -0. 0. -1. 0.
-0.961 -0.277 0. 59.666 -0.277 0.961 0. 10.263 -0. 0. -1. 0.
-0.960 -0.280 0. 57.529 -0.280 0.960 0. 9.693 -0. 0. -1. 0.
-0.959 -0.282 0. 55.390 -0.282 0.959 0. 9.121 -0. 0. -1. 0.
-0.959 -0.283 0. 53.261 -0.283 0.959 0. 8.537 -0. 0. -1. 0.
-0.960 -0.279 0. 51.146 -0.279 0.960 0. 7.964 -0. 0. -1. 0.
-0.962 -0.272 0. 49.022 -0.272 0.962 0. 7.388 -0. 0. -1. 0.
-0.964 -0.266 0. 46.920 -0.266 0.964 0. 6.833 -0. 0. -1. 0.
-0.966 -0.257 0. 44.821 -0.257 0.966 0. 6.298 -0. 0. -1. 0.
-0.970 -0.243 0. 42.737 -0.243 0.970 0. 5.814 -0. 0. -1. 0.
-0.973 -0.229 0. 40.673 -0.229 0.973 0. 5.357 -0. 0. -1. 0.
-0.976 -0.216 0. 38.598 -0.216 0.976 0. 4.912 -0. 0. -1. 0.
-0.980 -0.201 0. 36.571 -0.201 0.980 0. 4.539 -0. 0. -1. 0.
-0.982 -0.188 0. 34.486 -0.188 0.982 0. 4.185 -0. 0. -1. 0.
-0.984 -0.177 0. 32.427 -0.177 0.984 0. 3.829 -0. 0. -1. 0.
-0.986 -0.167 0. 30.375 -0.167 0.986 0. 3.518 -0. 0. -1. 0.
-0.987 -0.159 0. 28.263 -0.159 0.987 0. 3.235 -0. 0. -1. 0.
-0.988 -0.154 0. 26.239 -0.154 0.988 0. 2.970 -0. 0. -1. 0.
-0.989 -0.150 0. 24.163 -0.150 0.989 0. 2.686 -0. 0. -1. 0.
-0.989 -0.147 0. 22.113 -0.147 0.989 0. 2.426 -0. 0. -1. 0.
-0.990 -0.144 0. 20.058 -0.144 0.990 0. 2.170 -0. 0. -1. 0.
-0.990 -0.141 0. 18.013 -0.141 0.990 0. 1.919 -0. 0. -1. 0.
-0.990 -0.141 0. 15.964 -0.141 0.990 0. 1.669 -0. 0. -1. 0.
-0.990 -0.143 0. 13.929 -0.143 0.990 0. 1.404 -0. 0. -1. 0.
-0.990 -0.143 0. 11.909 -0.143 0.990 0. 1.151 -0. 0. -1. 0.
-0.989 -0.146 0. 9.850 -0.146 0.989 0. 0.882 -0. 0. -1. 0.
-0.989 -0.148 0. 7.815 -0.148 0.989 0. 0.609 -0. 0. -1. 0.
-0.989 -0.151 0. 5.764 -0.151 0.989 0. 0.315 -0. 0. -1. 0.
-0.988 -0.155 0. 3.726 -0.155 0.988 0. 0.021 -0. 0. -1. 0.
-0.987 -0.161 0. 1.666 -0.161 0.987 0. -0.290 -0. 0. -1. 0.
-0.986 -0.166 0. -0.372 -0.166 0.986 0. -0.605 -0. 0. -1. 0.
-0.985 -0.172 0. -2.439 -0.172 0.985 0. -0.924 -0. 0. -1. 0.
-0.984 -0.178 0. -4.497 -0.178 0.984 0. -1.259 -0. 0. -1. 0.
-0.983 -0.183 0. -6.555 -0.183 0.983 0. -1.595 -0. 0. -1. 0.
-0.982 -0.188 0. -8.637 -0.188 0.982 0. -1.942 -0. 0. -1. 0.
-0.981 -0.194 0. -10.750 -0.194 0.981 0. -2.338 -0. 0. -1. 0.
-0.980 -0.197 0. -12.810 -0.197 0.980 0. -2.740 -0. 0. -1. 0.
-0.980 -0.199 0. -14.936 -0.199 0.980 0. -3.129 -0. 0. -1. 0.
-0.981 -0.196 0. -17.070 -0.196 0.981 0. -3.507 -0. 0. -1. 0.
-0.981 -0.195 0. -19.206 -0.195 0.981 0. -3.879 -0. 0. -1. 0.
-0.981 -0.194 0. -21.400 -0.194 0.981 0. -4.258 -0. 0. -1. 0.
-0.981 -0.194 0. -23.583 -0.194 0.981 0. -4.624 -0. 0. -1. 0.
-0.981 -0.194 0. -25.780 -0.194 0.981 0. -4.991 -0. 0. -1. 0.
-0.981 -0.195 0. -27.986 -0.195 0.981 0. -5.379 -0. 0. -1. 0.
-0.980 -0.198 0. -30.198 -0.198 0.980 0. -5.797 -0. 0. -1. 0.
-0.980 -0.200 0. -32.378 -0.200 0.980 0. -6.225 -0. 0. -1. 0.
-0.979 -0.205 0. -34.577 -0.205 0.979 0. -6.655 -0. 0. -1. 0.
-0.977 -0.211 0. -36.744 -0.211 0.977 0. -7.084 -0. 0. -1. 0.
-0.976 -0.217 0. -38.865 -0.217 0.976 0. -7.520 -0. 0. -1. 0.
-0.975 -0.223 0. -41.015 -0.223 0.975 0. -7.964 -0. 0. -1. 0.
-0.973 -0.229 0. -43.104 -0.229 0.973 0. -8.410 -0. 0. -1. 0.
-0.972 -0.235 0. -45.185 -0.235 0.972 0. -8.858 -0. 0. -1. 0.
-0.970 -0.241 0. -47.243 -0.241 0.970 0. -9.311 -0. 0. -1. 0.
-0.969 -0.247 0. -49.257 -0.247 0.969 0. -9.767 -0. 0. -1. 0.
-0.968 -0.251 0. -51.251 -0.251 0.968 0. -10.237 -0. 0. -1. 0.
-0.968 -0.249 0. -53.175 -0.249 0.968 0. -10.689 -0. 0. -1. 0.
-0.969 -0.246 0. -55.021 -0.246 0.969 0. -11.132 -0. 0. -1. 0.
-0.972 -0.235 0. -56.787 -0.235 0.972 0. -11.549 -0. 0. -1. 0.
-0.976 -0.216 0. -58.474 -0.216 0.976 0. -11.902 -0. 0. -1. 0.
-0.982 -0.187 0. -60.066 -0.187 0.982 0. -12.189 -0. 0. -1. 0.
-0.989 -0.150 0. -61.590 -0.150 0.989 0. -12.399 -0. 0. -1. 0.
-0.995 -0.102 0. -63.029 -0.102 0.995 0. -12.534 -0. 0. -1. 0.
-0.999 -0.045 0. -64.377 -0.045 0.999 0. -12.600 -0. 0. -1. 0.
-1.000 0.025 0. -65.607 0.025 1.000 0. -12.565 0. 0. -1. 0.
-0.994 0.109 0. -66.763 0.109 0.994 0. -12.430 0. 0. -1. 0.
-0.979 0.204 0. -67.889 0.204 0.979 0. -12.191 0. 0. -1. 0.
-0.951 0.309 0. -68.958 0.309 0.951 0. -11.836 0. 0. -1. 0.
-0.907 0.421 0. -69.952 0.421 0.907 0. -11.391 0. 0. -1. 0.
-0.846 0.533 0. -70.846 0.533 0.846 0. -10.786 0. 0. -1. 0.
-0.772 0.636 0. -71.658 0.636 0.772 0. -10.114 0. 0. -1. 0.
-0.692 0.722 0. -72.378 0.722 0.692 0. -9.344 0. 0. -1. 0.
-0.611 0.792 0. -72.989 0.792 0.611 0. -8.495 0. 0. -1. 0.
-0.531 0.847 0. -73.559 0.847 0.531 0. -7.561 0. 0. -1. 0.
-0.454 0.891 0. -74.070 0.891 0.454 0. -6.517 0. 0. -1. 0.
-0.392 0.920 0. -74.505 0.920 0.392 0. -5.372 0. 0. -1. 0.
-0.349 0.937 0. -74.931 0.937 0.349 0. -4.162 0. 0. -1. 0.
-0.318 0.948 0. -75.328 0.948 0.318 0. -2.870 0. 0. -1. 0.
-0.300 0.954 0. -75.730 0.954 0.300 0. -1.516 0. 0. -1. 0.
-0.287 0.958 0. -76.129 0.958 0.287 0. -0.099 0. 0. -1. 0.
-0.276 0.961 0. -76.538 0.961 0.276 0. 1.391 0. 0. -1. 0.
-0.267 0.964 0. -76.925 0.964 0.267 0. 2.928 0. 0. -1. 0.
-0.257 0.966 0. -77.315 0.966 0.257 0. 4.536 0. 0. -1. 0.
-0.249 0.968 0. -77.706 0.968 0.249 0. 6.207 0. 0. -1. 0.
-0.241 0.971 0. -78.100 0.971 0.241 0. 7.898 0. 0. -1. 0.
-0.234 0.972 0. -78.475 0.972 0.234 0. 9.608 0. 0. -1. 0.
-0.227 0.974 0. -78.855 0.974 0.227 0. 11.370 0. 0. -1. 0.
-0.218 0.976 0. -79.232 0.976 0.218 0. 13.175 0. 0. -1. 0.
-0.202 0.979 0. -79.590 0.979 0.202 0. 15.001 0. 0. -1. 0.
-0.177 0.984 0. -79.908 0.984 0.177 0. 16.865 0. 0. -1. 0.
-0.147 0.989 0. -80.181 0.989 0.147 0. 18.733 0. 0. -1. 0.
-0.119 0.993 0. -80.388 0.993 0.119 0. 20.642 0. 0. -1. 0.
-0.100 0.995 0. -80.518 0.995 0.100 0. 22.549 0. 0. -1. 0.
-0.097 0.995 0. -80.641 0.995 0.097 0. 24.422 0. 0. -1. 0.
-0.103 0.995 0. -80.784 0.995 0.103 0. 26.324 0. 0. -1. 0.
-0.116 0.993 0. -80.976 0.993 0.116 0. 28.275 0. 0. -1. 0.
-0.134 0.991 0. -81.167 0.991 0.134 0. 30.154 0. 0. -1. 0.
-0.155 0.988 0. -81.414 0.988 0.155 0. 32.018 0. 0. -1. 0.
-0.174 0.985 0. -81.712 0.985 0.174 0. 34.003 0. 0. -1. 0.
-0.193 0.981 0. -82.065 0.981 0.193 0. 35.972 0. 0. -1. 0.
-0.208 0.978 0. -82.433 0.978 0.208 0. 37.965 0. 0. -1. 0.
-0.223 0.975 0. -82.842 0.975 0.223 0. 39.957 0. 0. -1. 0.
-0.233 0.972 0. -83.280 0.972 0.233 0. 41.949 0. 0. -1. 0.
-0.237 0.971 0. -83.750 0.971 0.237 0. 43.964 0. 0. -1. 0.
-0.236 0.972 0. -84.224 0.972 0.236 0. 45.990 0. 0. -1. 0.
-0.228 0.974 0. -84.644 0.974 0.228 0. 47.964 0. 0. -1. 0.
-0.221 0.975 0. -85.044 0.975 0.221 0. 49.979 0. 0. -1. 0.
-0.213 0.977 0. -85.435 0.977 0.213 0. 51.960 0. 0. -1. 0.
-0.209 0.978 0. -85.832 0.978 0.209 0. 53.923 0. 0. -1. 0.
-0.213 0.977 0. -86.204 0.977 0.213 0. 55.849 0. 0. -1. 0.
-0.235 0.972 0. -86.593 0.972 0.235 0. 57.746 0. 0. -1. 0.
-0.271 0.962 0. -87.026 0.962 0.271 0. 59.571 0. 0. -1. 0.
-0.321 0.947 0. -87.539 0.947 0.321 0. 61.307 0. 0. -1. 0.
-0.377 0.926 0. -88.167 0.926 0.377 0. 62.934 0. 0. -1. 0.
-0.434 0.901 0. -88.813 0.901 0.434 0. 64.464 0. 0. -1. 0.
-0.498 0.867 0. -89.597 0.867 0.498 0. 65.879 0. 0. -1. 0.
-0.567 0.824 0. -90.446 0.824 0.567 0. 67.255 0. 0. -1. 0.
-0.633 0.774 0. -91.397 0.774 0.633 0. 68.504 0. 0. -1. 0.
-0.698 0.716 0. -92.414 0.716 0.698 0. 69.670 0. 0. -1. 0.
-0.763 0.646 0. -93.535 0.646 0.763 0. 70.688 0. 0. -1. 0.
-0.821 0.571 0. -94.752 0.571 0.821 0. 71.604 0. 0. -1. 0.
-0.874 0.486 0. -96.027 0.486 0.874 0. 72.359 0. 0. -1. 0.
-0.917 0.399 0. -97.362 0.399 0.917 0. 73.012 0. 0. -1. 0.
-0.951 0.311 0. -98.724 0.311 0.951 0. 73.506 0. 0. -1. 0.
-0.976 0.219 0. -100.139 0.219 0.976 0. 73.872 0. 0. -1. 0.
-0.991 0.137 0. -101.580 0.137 0.991 0. 74.110 0. 0. -1. 0.
-0.997 0.071 0. -103.057 0.071 0.997 0. 74.233 0. 0. -1. 0.
-1.000 0.025 0. -104.585 0.025 1.000 0. 74.339 0. 0. -1. 0.
-1. -0.008 0. -106.157 -0.008 1. 0. 74.337 -0. 0. -1. 0.
-1.000 -0.025 0. -107.736 -0.025 1.000 0. 74.328 -0. 0. -1. 0.
-1.000 -0.020 0. -109.322 -0.020 1.000 0. 74.295 -0. 0. -1. 0.
-1. 0.003 0. -110.983 0.003 1. 0. 74.302 0. 0. -1. 0.
-0.999 0.042 0. -112.638 0.042 0.999 0. 74.384 0. 0. -1. 0.
-0.996 0.088 0. -114.340 0.088 0.996 0. 74.527 0. 0. -1. 0.
-0.990 0.138 0. -116.037 0.138 0.990 0. 74.792 0. 0. -1. 0.
-0.981 0.193 0. -117.745 0.193 0.981 0. 75.138 0. 0. -1. 0.
-0.968 0.250 0. -119.515 0.250 0.968 0. 75.616 0. 0. -1. 0.
-0.952 0.305 0. -121.267 0.305 0.952 0. 76.179 0. 0. -1. 0.
-0.933 0.359 0. -123.034 0.359 0.933 0. 76.862 0. 0. -1. 0.
-0.915 0.404 0. -124.813 0.404 0.915 0. 77.662 0. 0. -1. 0.
-0.897 0.441 0. -126.589 0.441 0.897 0. 78.547 0. 0. -1. 0.
-0.884 0.467 0. -128.383 0.467 0.884 0. 79.515 0. 0. -1. 0.
-0.875 0.484 0. -130.187 0.484 0.875 0. 80.545 0. 0. -1. 0.
-0.869 0.494 0. -132.017 0.494 0.869 0. 81.615 0. 0. -1. 0.
-0.866 0.500 0. -133.886 0.500 0.866 0. 82.727 0. 0. -1. 0.
-0.865 0.501 0. -135.783 0.501 0.865 0. 83.880 0. 0. -1. 0.
-0.866 0.500 0. -137.706 0.500 0.866 0. 85.049 0. 0. -1. 0.
-0.866 0.499 0. -139.688 0.499 0.866 0. 86.245 0. 0. -1. 0.
-0.867 0.498 0. -141.701 0.498 0.867 0. 87.455 0. 0. -1. 0.
-0.867 0.498 0. -143.714 0.498 0.867 0. 88.669 0. 0. -1. 0.
-0.867 0.498 0. -145.758 0.498 0.867 0. 89.896 0. 0. -1. 0.
-0.867 0.498 0. -147.807 0.498 0.867 0. 91.116 0. 0. -1. 0.
-0.866 0.499 0. -149.869 0.499 0.866 0. 92.361 0. 0. -1. 0.
-0.866 0.501 0. -151.936 0.501 0.866 0. 93.609 0. 0. -1. 0.
-0.865 0.502 0. -154.035 0.502 0.865 0. 94.870 0. 0. -1. 0.
-0.863 0.505 0. -156.129 0.505 0.863 0. 96.140 0. 0. -1. 0.
-0.862 0.507 0. -158.232 0.507 0.862 0. 97.445 0. 0. -1. 0.
-0.860 0.510 0. -160.340 0.510 0.860 0. 98.758 0. 0. -1. 0.
-0.859 0.512 0. -162.446 0.512 0.859 0. 100.064 0. 0. -1. 0.
-0.857 0.515 0. -164.574 0.515 0.857 0. 101.396 0. 0. -1. 0.
-0.856 0.517 0. -166.670 0.517 0.856 0. 102.718 0. 0. -1. 0.
-0.854 0.520 0. -168.765 0.520 0.854 0. 104.061 0. 0. -1. 0.
-0.852 0.524 0. -170.842 0.524 0.852 0. 105.415 0. 0. -1. 0.
-0.850 0.527 0. -172.918 0.527 0.850 0. 106.751 0. 0. -1. 0.
-0.847 0.532 0. -175.001 0.532 0.847 0. 108.073 0. 0. -1. 0.
-0.842 0.540 0. -177.063 0.540 0.842 0. 109.416 0. 0. -1. 0.
-0.831 0.556 0. -179.096 0.556 0.831 0. 110.800 0. 0. -1. 0.
-0.817 0.576 0. -181.066 0.576 0.817 0. 112.224 0. 0. -1. 0.
-0.801 0.599 0. -182.984 0.599 0.801 0. 113.688 0. 0. -1. 0.
-0.783 0.622 0. -184.846 0.622 0.783 0. 115.205 0. 0. -1. 0.
-0.764 0.646 0. -186.633 0.646 0.764 0. 116.764 0. 0. -1. 0.
-0.743 0.669 0. -188.370 0.669 0.743 0. 118.370 0. 0. -1. 0.
-0.721 0.693 0. -190.053 0.693 0.721 0. 120.008 0. 0. -1. 0.
-0.696 0.718 0. -191.677 0.718 0.696 0. 121.697 0. 0. -1. 0.
-0.671 0.742 0. -193.226 0.742 0.671 0. 123.446 0. 0. -1. 0.
-0.645 0.765 0. -194.727 0.765 0.645 0. 125.242 0. 0. -1. 0.
-0.618 0.786 0. -196.160 0.786 0.618 0. 127.073 0. 0. -1. 0.
-0.591 0.807 0. -197.505 0.807 0.591 0. 128.937 0. 0. -1. 0.
-0.564 0.826 0. -198.786 0.826 0.564 0. 130.843 0. 0. -1. 0.
-0.536 0.844 0. -199.981 0.844 0.536 0. 132.757 0. 0. -1. 0.
-0.508 0.861 0. -201.101 0.861 0.508 0. 134.690 0. 0. -1. 0.
-0.480 0.877 0. -202.147 0.877 0.480 0. 136.630 0. 0. -1. 0.
-0.452 0.892 0. -203.118 0.892 0.452 0. 138.560 0. 0. -1. 0.
-0.424 0.906 0. -204.031 0.906 0.424 0. 140.535 0. 0. -1. 0.
-0.399 0.917 0. -204.875 0.917 0.399 0. 142.515 0. 0. -1. 0.
-0.382 0.924 0. -205.681 0.924 0.382 0. 144.555 0. 0. -1. 0.
-0.368 0.930 0. -206.470 0.930 0.368 0. 146.625 0. 0. -1. 0.
-0.359 0.933 0. -207.240 0.933 0.359 0. 148.735 0. 0. -1. 0.
-0.351 0.936 0. -208.004 0.936 0.351 0. 150.900 0. 0. -1. 0.
-0.345 0.938 0. -208.743 0.938 0.345 0. 153.041 0. 0. -1. 0.
-0.340 0.940 0. -209.477 0.940 0.340 0. 155.202 0. 0. -1. 0.
-0.340 0.941 0. -210.195 0.941 0.340 0. 157.351 0. 0. -1. 0.
-0.345 0.939 0. -210.912 0.939 0.345 0. 159.477 0. 0. -1. 0.
-0.357 0.934 0. -211.643 0.934 0.357 0. 161.576 0. 0. -1. 0.
-0.378 0.926 0. -212.410 0.926 0.378 0. 163.634 0. 0. -1. 0.
-0.402 0.916 0. -213.234 0.916 0.402 0. 165.635 0. 0. -1. 0.
-0.430 0.903 0. -214.093 0.903 0.430 0. 167.602 0. 0. -1. 0.
-0.467 0.884 0. -215.023 0.884 0.467 0. 169.495 0. 0. -1. 0.
-0.507 0.862 0. -216.032 0.862 0.507 0. 171.328 0. 0. -1. 0.
-0.551 0.835 0. -217.131 0.835 0.551 0. 173.114 0. 0. -1. 0.
-0.599 0.801 0. -218.274 0.801 0.599 0. 174.804 0. 0. -1. 0.
-0.651 0.759 0. -219.546 0.759 0.651 0. 176.411 0. 0. -1. 0.
-0.700 0.714 0. -220.917 0.714 0.700 0. 177.907 0. 0. -1. 0.
-0.747 0.664 0. -222.381 0.664 0.747 0. 179.281 0. 0. -1. 0.
-0.793 0.610 0. -223.899 0.610 0.793 0. 180.560 0. 0. -1. 0.
-0.838 0.545 0. -225.517 0.545 0.838 0. 181.726 0. 0. -1. 0.
-0.878 0.478 0. -227.220 0.478 0.878 0. 182.762 0. 0. -1. 0.
-0.914 0.407 0. -228.994 0.407 0.914 0. 183.658 0. 0. -1. 0.
-0.944 0.331 0. -230.865 0.331 0.944 0. 184.407 0. 0. -1. 0.
-0.967 0.253 0. -232.809 0.253 0.967 0. 185.020 0. 0. -1. 0.
-0.984 0.179 0. -234.832 0.179 0.984 0. 185.493 0. 0. -1. 0.
-0.993 0.115 0. -236.940 0.115 0.993 0. 185.819 0. 0. -1. 0.
-0.998 0.069 0. -239.085 0.069 0.998 0. 186.029 0. 0. -1. 0.
-0.999 0.039 0. -241.271 0.039 0.999 0. 186.161 0. 0. -1. 0.
-1.000 0.023 0. -243.494 0.023 1.000 0. 186.258 0. 0. -1. 0.
-1. 0.012 0. -245.766 0.012 1. 0. 186.333 0. 0. -1. 0.
-1. 0.009 0. -248.052 0.009 1. 0. 186.388 0. 0. -1. 0.
-1. 0.008 0. -250.412 0.008 1. 0. 186.457 0. 0. -1. 0.
-1. 0.009 0. -252.782 0.009 1. 0. 186.519 0. 0. -1. 0.
-1. 0.013 0. -255.143 0.013 1. 0. 186.583 0. 0. -1. 0.
-1.000 0.019 0. -257.539 0.019 1.000 0. 186.679 0. 0. -1. 0.
-1.000 0.024 0. -259.901 0.024 1.000 0. 186.789 0. 0. -1. 0.
-1.000 0.028 0. -262.266 0.028 1.000 0. 186.897 0. 0. -1. 0.
-0.999 0.032 0. -264.620 0.032 0.999 0. 187.014 0. 0. -1. 0.
-0.999 0.032 0. -266.935 0.032 0.999 0. 187.147 0. 0. -1. 0.
-1.000 0.031 0. -269.238 0.031 1.000 0. 187.255 0. 0. -1. 0.
-1.000 0.030 0. -271.524 0.030 1.000 0. 187.369 0. 0. -1. 0.
-1.000 0.029 0. -273.796 0.029 1.000 0. 187.484 0. 0. -1. 0.
-1.000 0.029 0. -276.050 0.029 1.000 0. 187.599 0. 0. -1. 0.
-1.000 0.027 0. -278.314 0.027 1.000 0. 187.719 0. 0. -1. 0.
-1.000 0.027 0. -280.610 0.027 1.000 0. 187.839 0. 0. -1. 0.
-1.000 0.027 0. -282.937 0.027 1.000 0. 187.953 0. 0. -1. 0.
-1.000 0.029 0. -285.267 0.029 1.000 0. 188.060 0. 0. -1. 0.
-0.999 0.044 0. -287.595 0.044 0.999 0. 188.189 0. 0. -1. 0.
-0.998 0.070 0. -289.916 0.070 0.998 0. 188.361 0. 0. -1. 0.
-0.995 0.104 0. -292.171 0.104 0.995 0. 188.619 0. 0. -1. 0.
-0.991 0.136 0. -294.372 0.136 0.991 0. 188.943 0. 0. -1. 0.
-0.987 0.158 0. -296.453 0.158 0.987 0. 189.326 0. 0. -1. 0.
-0.985 0.170 0. -298.475 0.170 0.985 0. 189.696 0. 0. -1. 0.
-0.984 0.181 0. -300.403 0.181 0.984 0. 190.089 0. 0. -1. 0.
-0.982 0.191 0. -302.190 0.191 0.982 0. 190.488 0. 0. -1. 0.
-0.980 0.199 0. -303.867 0.199 0.980 0. 190.837 0. 0. -1. 0.
-0.977 0.215 0. -305.476 0.215 0.977 0. 191.243 0. 0. -1. 0.
-0.972 0.236 0. -306.907 0.236 0.972 0. 191.630 0. 0. -1. 0.
-0.967 0.253 0. -308.204 0.253 0.967 0. 191.984 0. 0. -1. 0.
-0.961 0.276 0. -309.460 0.276 0.961 0. 192.359 0. 0. -1. 0.
-0.951 0.310 0. -310.618 0.310 0.951 0. 192.704 0. 0. -1. 0.
-0.935 0.356 0. -311.697 0.356 0.935 0. 193.086 0. 0. -1. 0.
-0.910 0.414 0. -312.714 0.414 0.910 0. 193.575 0. 0. -1. 0.
-0.877 0.481 0. -313.658 0.481 0.877 0. 194.074 0. 0. -1. 0.
-0.836 0.549 0. -314.590 0.549 0.836 0. 194.626 0. 0. -1. 0.
-0.787 0.617 0. -315.407 0.617 0.787 0. 195.311 0. 0. -1. 0.
-0.731 0.683 0. -316.048 0.683 0.731 0. 196.111 0. 0. -1. 0.
-0.664 0.747 0. -316.758 0.747 0.664 0. 196.774 0. 0. -1. 0.
-0.605 0.797 0. -317.306 0.797 0.605 0. 197.658 0. 0. -1. 0.
-0.535 0.845 0. -317.799 0.845 0.535 0. 198.598 0. 0. -1. 0.
-0.466 0.885 0. -318.383 0.885 0.466 0. 199.635 0. 0. -1. 0.
-0.396 0.918 0. -318.828 0.918 0.396 0. 200.796 0. 0. -1. 0.
-0.330 0.944 0. -319.269 0.944 0.330 0. 202.051 0. 0. -1. 0.
-0.268 0.964 0. -319.636 0.964 0.268 0. 203.426 0. 0. -1. 0.
-0.208 0.978 0. -319.942 0.978 0.208 0. 204.940 0. 0. -1. 0.
-0.160 0.987 0. -320.196 0.987 0.160 0. 206.601 0. 0. -1. 0.
-0.122 0.992 0. -320.392 0.992 0.122 0. 208.395 0. 0. -1. 0.
-0.093 0.996 0. -320.554 0.996 0.093 0. 210.332 0. 0. -1. 0.
-0.068 0.998 0. -320.668 0.998 0.068 0. 212.413 0. 0. -1. 0.
-0.047 0.999 0. -320.736 0.999 0.047 0. 214.636 0. 0. -1. 0.
-0.035 0.999 0. -320.768 0.999 0.035 0. 216.963 0. 0. -1. 0.
-0.025 1.000 0. -320.789 1.000 0.025 0. 219.413 0. 0. -1. 0.
-0.016 1.000 0. -320.786 1.000 0.016 0. 221.973 0. 0. -1. 0.
-0.006 1. 0. -320.748 1. 0.006 0. 224.620 0. 0. -1. 0.
-0.000 1. 0. -320.701 1. 0.000 0. 227.322 0. 0. -1. 0.
0.005 1. 0. -320.638 1. -0.005 0. 230.094 0. 0. -1. 0.
0.007 1. 0. -320.554 1. -0.007 0. 232.939 0. 0. -1. 0.
0.006 1. 0. -320.475 1. -0.006 0. 235.862 0. 0. -1. 0.
0.006 1. 0. -320.402 1. -0.006 0. 238.886 0. 0. -1. 0.
0.006 1. 0. -320.322 1. -0.006 0. 241.981 0. 0. -1. 0.
0.007 1. 0. -320.236 1. -0.007 0. 245.163 0. 0. -1. 0.
0.007 1. 0. -320.146 1. -0.007 0. 248.411 0. 0. -1. 0.
0.008 1. 0. -320.052 1. -0.008 0. 251.734 0. 0. -1. 0.
0.009 1. 0. -319.950 1. -0.009 0. 255.139 0. 0. -1. 0.
0.010 1. 0. -319.848 1. -0.010 0. 258.615 0. 0. -1. 0.
0.010 1. 0. -319.741 1. -0.010 0. 262.187 0. 0. -1. 0.
0.010 1. 0. -319.624 1. -0.010 0. 265.837 0. 0. -1. 0.
0.010 1. 0. -319.509 1. -0.010 0. 269.558 0. 0. -1. 0.
0.009 1. 0. -319.394 1. -0.009 0. 273.361 0. 0. -1. 0.
0.009 1. 0. -319.279 1. -0.009 0. 277.244 0. 0. -1. 0.
0.009 1. 0. -319.164 1. -0.009 0. 281.191 0. 0. -1. 0.
0.009 1. 0. -319.052 1. -0.009 0. 285.194 0. 0. -1. 0.
0.009 1. 0. -318.935 1. -0.009 0. 289.276 0. 0. -1. 0.
0.009 1. 0. -318.821 1. -0.009 0. 293.389 0. 0. -1. 0.
0.009 1. 0. -318.693 1. -0.009 0. 297.570 0. 0. -1. 0.
0.010 1. 0. -318.567 1. -0.010 0. 301.805 0. 0. -1. 0.
0.009 1. 0. -318.443 1. -0.009 0. 306.085 0. 0. -1. 0.
0.010 1. 0. -318.316 1. -0.010 0. 310.418 0. 0. -1. 0.
0.010 1. 0. -318.183 1. -0.010 0. 314.803 0. 0. -1. 0.
0.010 1. 0. -318.055 1. -0.010 0. 319.234 0. 0. -1. 0.
0.009 1. 0. -317.911 1. -0.009 0. 323.705 0. 0. -1. 0.
0.007 1. 0. -317.771 1. -0.007 0. 328.221 0. 0. -1. 0.
0.006 1. 0. -317.654 1. -0.006 0. 332.729 0. 0. -1. 0.
0.005 1. 0. -317.538 1. -0.005 0. 337.204 0. 0. -1. 0.
0.003 1. 0. -317.433 1. -0.003 0. 341.661 0. 0. -1. 0.
0.002 1. 0. -317.337 1. -0.002 0. 346.094 0. 0. -1. 0.
0.001 1. 0. -317.239 1. -0.001 0. 350.530 0. 0. -1. 0.
0.002 1. 0. -317.145 1. -0.002 0. 354.918 0. 0. -1. 0.
0.002 1. 0. -317.052 1. -0.002 0. 359.303 0. 0. -1. 0.
0.000 1. 0. -316.952 1. -0.000 0. 363.656 0. 0. -1. 0.
-0.001 1. 0. -316.866 1. 0.001 0. 367.963 0. 0. -1. 0.
-0.001 1. 0. -316.784 1. 0.001 0. 372.196 0. 0. -1. 0.
-0.002 1. 0. -316.703 1. 0.002 0. 376.337 0. 0. -1. 0.
-0.001 1. 0. -316.622 1. 0.001 0. 380.384 0. 0. -1. 0.
-0.002 1. 0. -316.541 1. 0.002 0. 384.304 0. 0. -1. 0.
-0.002 1. 0. -316.481 1. 0.002 0. 388.152 0. 0. -1. 0.
-0.002 1. 0. -316.407 1. 0.002 0. 391.952 0. 0. -1. 0.
-0.001 1. 0. -316.336 1. 0.001 0. 395.707 0. 0. -1. 0.
-0.001 1. 0. -316.267 1. 0.001 0. 399.430 0. 0. -1. 0.
-0.001 1. 0. -316.197 1. 0.001 0. 403.117 0. 0. -1. 0.
0. 1. 0. -316.129 1. -0. 0. 406.769 0. 0. -1. 0.
0.002 1. 0. -316.051 1. -0.002 0. 410.393 0. 0. -1. 0.
0.003 1. 0. -315.963 1. -0.003 0. 413.982 0. 0. -1. 0.
0.006 1. 0. -315.873 1. -0.006 0. 417.540 0. 0. -1. 0.
0.007 1. 0. -315.781 1. -0.007 0. 421.073 0. 0. -1. 0.
0.009 1. 0. -315.696 1. -0.009 0. 424.583 0. 0. -1. 0.
0.011 1. 0. -315.586 1. -0.011 0. 428.057 0. 0. -1. 0.
0.013 1. 0. -315.472 1. -0.013 0. 431.526 0. 0. -1. 0.
0.015 1.000 0. -315.360 1.000 -0.015 0. 434.967 0. 0. -1. 0.
0.016 1.000 0. -315.237 1.000 -0.016 0. 438.406 0. 0. -1. 0.
0.018 1.000 0. -315.108 1.000 -0.018 0. 441.824 0. 0. -1. 0.
0.019 1.000 0. -314.966 1.000 -0.019 0. 445.235 0. 0. -1. 0.
0.019 1.000 0. -314.829 1.000 -0.019 0. 448.631 0. 0. -1. 0.
0.019 1.000 0. -314.704 1.000 -0.019 0. 452.006 0. 0. -1. 0.
0.019 1.000 0. -314.572 1.000 -0.019 0. 455.356 0. 0. -1. 0.
0.019 1.000 0. -314.436 1.000 -0.019 0. 458.692 0. 0. -1. 0.
0.018 1.000 0. -314.303 1.000 -0.018 0. 462.000 0. 0. -1. 0.
0.015 1.000 0. -314.184 1.000 -0.015 0. 465.290 0. 0. -1. 0.
0.014 1. 0. -314.071 1. -0.014 0. 468.566 0. 0. -1. 0.
0.011 1. 0. -313.965 1. -0.011 0. 471.823 0. 0. -1. 0.
0.009 1. 0. -313.868 1. -0.009 0. 475.059 0. 0. -1. 0.
0.005 1. 0. -313.780 1. -0.005 0. 478.289 0. 0. -1. 0.
0. 1. 0. -313.715 1. -0. 0. 481.503 0. 0. -1. 0.
-0.005 1. 0. -313.665 1. 0.005 0. 484.694 0. 0. -1. 0.
-0.011 1. 0. -313.633 1. 0.011 0. 487.848 0. 0. -1. 0.
-0.016 1.000 0. -313.618 1.000 0.016 0. 490.991 0. 0. -1. 0.
-0.020 1.000 0. -313.613 1.000 0.020 0. 494.092 0. 0. -1. 0.
-0.025 1.000 0. -313.611 1.000 0.025 0. 497.156 0. 0. -1. 0.
-0.031 1.000 0. -313.631 1.000 0.031 0. 500.161 0. 0. -1. 0.
-0.035 0.999 0. -313.674 0.999 0.035 0. 503.100 0. 0. -1. 0.
-0.041 0.999 0. -313.719 0.999 0.041 0. 505.926 0. 0. -1. 0.
-0.046 0.999 0. -313.781 0.999 0.046 0. 508.666 0. 0. -1. 0.
-0.051 0.999 0. -313.861 0.999 0.051 0. 511.309 0. 0. -1. 0.
-0.055 0.998 0. -313.945 0.998 0.055 0. 513.867 0. 0. -1. 0.
-0.059 0.998 0. -314.034 0.998 0.059 0. 516.341 0. 0. -1. 0.
-0.063 0.998 0. -314.134 0.998 0.063 0. 518.720 0. 0. -1. 0.
-0.067 0.998 0. -314.243 0.998 0.067 0. 521.003 0. 0. -1. 0.
-0.071 0.998 0. -314.356 0.998 0.071 0. 523.185 0. 0. -1. 0.
-0.074 0.997 0. -314.472 0.997 0.074 0. 525.291 0. 0. -1. 0.
-0.077 0.997 0. -314.586 0.997 0.077 0. 527.279 0. 0. -1. 0.
-0.080 0.997 0. -314.696 0.997 0.080 0. 529.142 0. 0. -1. 0.
-0.080 0.997 0. -314.800 0.997 0.080 0. 530.870 0. 0. -1. 0.
-0.080 0.997 0. -314.891 0.997 0.080 0. 532.445 0. 0. -1. 0.
-0.082 0.997 0. -314.977 0.997 0.082 0. 533.869 0. 0. -1. 0.
-0.085 0.996 0. -315.059 0.996 0.085 0. 535.135 0. 0. -1. 0.
-0.088 0.996 0. -315.137 0.996 0.088 0. 536.226 0. 0. -1. 0.
-0.090 0.996 0. -315.199 0.996 0.090 0. 537.142 0. 0. -1. 0.
-0.093 0.996 0. -315.259 0.996 0.093 0. 537.894 0. 0. -1. 0.
-0.094 0.996 0. -315.301 0.996 0.094 0. 538.510 0. 0. -1. 0.
-0.095 0.995 0. -315.338 0.995 0.095 0. 539.004 0. 0. -1. 0.
-0.096 0.995 0. -315.368 0.995 0.096 0. 539.376 0. 0. -1. 0.
-0.097 0.995 0. -315.390 0.995 0.097 0. 539.656 0. 0. -1. 0.
-0.097 0.995 0. -315.409 0.995 0.097 0. 539.884 0. 0. -1. 0.
-0.097 0.995 0. -315.423 0.995 0.097 0. 540.059 0. 0. -1. 0.
-0.098 0.995 0. -315.431 0.995 0.098 0. 540.177 0. 0. -1. 0.
-0.098 0.995 0. -315.435 0.995 0.098 0. 540.239 0. 0. -1. 0.
-0.098 0.995 0. -315.436 0.995 0.098 0. 540.249 0. 0. -1. 0.
-0.098 0.995 0. -315.436 0.995 0.098 0. 540.248 0. 0. -1. 0.
-0.098 0.995 0. -315.436 0.995 0.098 0. 540.248 0. 0. -1. 0.
-0.098 0.995 0. -315.436 0.995 0.098 0. 540.248 0. 0. -1. 0.
-0.098 0.995 0. -315.436 0.995 0.098 0. 540.248 0. 0. -1. 0.
-0.098 0.995 0. -315.436 0.995 0.098 0. 540.248 0. 0. -1. 0.
-0.098 0.995 0. -315.436 0.995 0.098 0. 540.248 0. 0. -1. 0.
-0.098 0.995 0. -315.436 0.995 0.098 0. 540.248 0. 0. -1. 0.
-0.098 0.995 0. -315.436 0.995 0.098 0. 540.248 0. 0. -1. 0.
-0.098 0.995 0. -315.436 0.995 0.098 0. 540.248 0. 0. -1. 0.
-0.098 0.995 0. -315.436 0.995 0.098 0. 540.248 0. 0. -1. 0.
-0.098 0.995 0. -315.436 0.995 0.098 0. 540.248 0. 0. -1. 0.
-0.098 0.995 0. -315.436 0.995 0.098 0. 540.248 0. 0. -1. 0.
-0.098 0.995 0. -315.436 0.995 0.098 0. 540.248 0. 0. -1. 0.
-0.098 0.995 0. -315.436 0.995 0.098 0. 540.248 0. 0. -1. 0.
-0.098 0.995 0. -315.436 0.995 0.098 0. 540.248 0. 0. -1. 0.
-0.098 0.995 0. -315.436 0.995 0.098 0. 540.248 0. 0. -1. 0.
-0.098 0.995 0. -315.436 0.995 0.098 0. 540.248 0. 0. -1. 0.
-0.098 0.995 0. -315.436 0.995 0.098 0. 540.248 0. 0. -1. 0.
-0.098 0.995 0. -315.436 0.995 0.098 0. 540.248 0. 0. -1. 0.
-0.098 0.995 0. -315.436 0.995 0.098 0. 540.248 0. 0. -1. 0.
-0.098 0.995 0. -315.436 0.995 0.098 0. 540.248 0. 0. -1. 0.
-0.098 0.995 0. -315.436 0.995 0.098 0. 540.248 0. 0. -1. 0.
-0.098 0.995 0. -315.436 0.995 0.098 0. 540.248 0. 0. -1. 0.
-0.098 0.995 0. -315.436 0.995 0.098 0. 540.248 0. 0. -1. 0.
-0.098 0.995 0. -315.436 0.995 0.098 0. 540.248 0. 0. -1. 0.
-0.098 0.995 0. -315.436 0.995 0.098 0. 540.248 0. 0. -1. 0.
-0.098 0.995 0. -315.436 0.995 0.098 0. 540.248 0. 0. -1. 0.
-0.098 0.995 0. -315.436 0.995 0.098 0. 540.248 0. 0. -1. 0.
-0.098 0.995 0. -315.436 0.995 0.098 0. 540.248 0. 0. -1. 0.
-0.098 0.995 0. -315.436 0.995 0.098 0. 540.248 0. 0. -1. 0.
-0.098 0.995 0. -315.436 0.995 0.098 0. 540.248 0. 0. -1. 0.
-0.098 0.995 0. -315.436 0.995 0.098 0. 540.248 0. 0. -1. 0.
-0.098 0.995 0. -315.436 0.995 0.098 0. 540.248 0. 0. -1. 0.
-0.098 0.995 0. -315.436 0.995 0.098 0. 540.248 0. 0. -1. 0.
-0.098 0.995 0. -315.436 0.995 0.098 0. 540.248 0. 0. -1. 0.
-0.098 0.995 0. -315.436 0.995 0.098 0. 540.248 0. 0. -1. 0.
-0.098 0.995 0. -315.436 0.995 0.098 0. 540.248 0. 0. -1. 0.
-0.098 0.995 0. -315.436 0.995 0.098 0. 540.248 0. 0. -1. 0.
-0.098 0.995 0. -315.436 0.995 0.098 0. 540.248 0. 0. -1. 0.
-0.098 0.995 0. -315.436 0.995 0.098 0. 540.248 0. 0. -1. 0.
-0.098 0.995 0. -315.436 0.995 0.098 0. 540.248 0. 0. -1. 0.
-0.098 0.995 0. -315.436 0.995 0.098 0. 540.248 0. 0. -1. 0.
-0.098 0.995 0. -315.436 0.995 0.098 0. 540.248 0. 0. -1. 0.
-0.098 0.995 0. -315.436 0.995 0.098 0. 540.248 0. 0. -1. 0.
-0.098 0.995 0. -315.436 0.995 0.098 0. 540.248 0. 0. -1. 0.
-0.098 0.995 0. -315.436 0.995 0.098 0. 540.248 0. 0. -1. 0.
-0.098 0.995 0. -315.436 0.995 0.098 0. 540.248 0. 0. -1. 0.
-0.098 0.995 0. -315.436 0.995 0.098 0. 540.248 0. 0. -1. 0.
-0.098 0.995 0. -315.436 0.995 0.098 0. 540.248 0. 0. -1. 0.
-0.098 0.995 0. -315.436 0.995 0.098 0. 540.248 0. 0. -1. 0.
-0.098 0.995 0. -315.436 0.995 0.098 0. 540.248 0. 0. -1. 0.
-0.098 0.995 0. -315.436 0.995 0.098 0. 540.248 0. 0. -1. 0.
-0.098 0.995 0. -315.436 0.995 0.098 0. 540.248 0. 0. -1. 0.
-0.098 0.995 0. -315.436 0.995 0.098 0. 540.248 0. 0. -1. 0.
-0.098 0.995 0. -315.436 0.995 0.098 0. 540.248 0. 0. -1. 0.
-0.098 0.995 0. -315.436 0.995 0.098 0. 540.248 0. 0. -1. 0.
-0.098 0.995 0. -315.436 0.995 0.098 0. 540.248 0. 0. -1. 0.
-0.098 0.995 0. -315.436 0.995 0.098 0. 540.248 0. 0. -1. 0.
-0.098 0.995 0. -315.436 0.995 0.098 0. 540.248 0. 0. -1. 0.
-0.098 0.995 0. -315.436 0.995 0.098 0. 540.248 0. 0. -1. 0.
-0.098 0.995 0. -315.436 0.995 0.098 0. 540.248 0. 0. -1. 0.
-0.098 0.995 0. -315.436 0.995 0.098 0. 540.248 0. 0. -1. 0.
-0.098 0.995 0. -315.436 0.995 0.098 0. 540.248 0. 0. -1. 0.
-0.098 0.995 0. -315.436 0.995 0.098 0. 540.248 0. 0. -1. 0.
-0.098 0.995 0. -315.436 0.995 0.098 0. 540.248 0. 0. -1. 0.
-0.098 0.995 0. -315.436 0.995 0.098 0. 540.248 0. 0. -1. 0.
-0.098 0.995 0. -315.436 0.995 0.098 0. 540.248 0. 0. -1. 0.
-0.098 0.995 0. -315.436 0.995 0.098 0. 540.248 0. 0. -1. 0.
-0.098 0.995 0. -315.436 0.995 0.098 0. 540.248 0. 0. -1. 0.
-0.098 0.995 0. -315.436 0.995 0.098 0. 540.248 0. 0. -1. 0.
-0.098 0.995 0. -315.436 0.995 0.098 0. 540.248 0. 0. -1. 0.
-0.098 0.995 0. -315.436 0.995 0.098 0. 540.248 0. 0. -1. 0.
-0.098 0.995 0. -315.436 0.995 0.098 0. 540.248 0. 0. -1. 0.
-0.098 0.995 0. -315.436 0.995 0.098 0. 540.248 0. 0. -1. 0.
-0.098 0.995 0. -315.436 0.995 0.098 0. 540.248 0. 0. -1. 0.
-0.098 0.995 0. -315.436 0.995 0.098 0. 540.248 0. 0. -1. 0.
-0.098 0.995 0. -315.436 0.995 0.098 0. 540.248 0. 0. -1. 0.
-0.098 0.995 0. -315.436 0.995 0.098 0. 540.248 0. 0. -1. 0.
-0.098 0.995 0. -315.436 0.995 0.098 0. 540.248 0. 0. -1. 0.
-0.098 0.995 0. -315.436 0.995 0.098 0. 540.248 0. 0. -1. 0.
-0.098 0.995 0. -315.436 0.995 0.098 0. 540.248 0. 0. -1. 0.
-0.098 0.995 0. -315.436 0.995 0.098 0. 540.248 0. 0. -1. 0.
-0.098 0.995 0. -315.436 0.995 0.098 0. 540.248 0. 0. -1. 0.
-0.098 0.995 0. -315.436 0.995 0.098 0. 540.248 0. 0. -1. 0.
-0.098 0.995 0. -315.436 0.995 0.098 0. 540.248 0. 0. -1. 0.
-0.098 0.995 0. -315.436 0.995 0.098 0. 540.248 0. 0. -1. 0.
-0.098 0.995 0. -315.436 0.995 0.098 0. 540.248 0. 0. -1. 0.
-0.098 0.995 0. -315.436 0.995 0.098 0. 540.248 0. 0. -1. 0.
-0.098 0.995 0. -315.436 0.995 0.098 0. 540.248 0. 0. -1. 0.
-0.098 0.995 0. -315.436 0.995 0.098 0. 540.248 0. 0. -1. 0.
-0.098 0.995 0. -315.436 0.995 0.098 0. 540.248 0. 0. -1. 0.
-0.098 0.995 0. -315.436 0.995 0.098 0. 540.248 0. 0. -1. 0.
-0.098 0.995 0. -315.436 0.995 0.098 0. 540.248 0. 0. -1. 0.
-0.098 0.995 0. -315.436 0.995 0.098 0. 540.248 0. 0. -1. 0.
-0.098 0.995 0. -315.436 0.995 0.098 0. 540.248 0. 0. -1. 0.
-0.098 0.995 0. -315.436 0.995 0.098 0. 540.248 0. 0. -1. 0.
-0.098 0.995 0. -315.436 0.995 0.098 0. 540.248 0. 0. -1. 0.
-0.098 0.995 0. -315.436 0.995 0.098 0. 540.248 0. 0. -1. 0.
-0.098 0.995 0. -315.436 0.995 0.098 0. 540.248 0. 0. -1. 0.
-0.098 0.995 0. -315.436 0.995 0.098 0. 540.248 0. 0. -1. 0.
-0.098 0.995 0. -315.436 0.995 0.098 0. 540.248 0. 0. -1. 0.
