1. 0. 0. 0. 0. 1. 0. 0. 0. 0. 1. 0.
1. 0.000 0. -0.000 -0.000 1. 0. -0.002 0. 0. 1. 0.
1. 0. 0. 0.002 -0. 1. 0. -0.003 0. 0. 1. 0.
1. 0. 0. -0.001 -0. 1. 0. -0.002 0. 0. 1. 0.
1. 0.000 0. -0.002 -0.000 1. 0. 0.005 0. 0. 1. 0.
1. -0. 0. -0. 0. 1. 0. 0.001 0. 0. 1. 0.
1. -0. 0. -0.001 0. 1. 0. -0.003 0. 0. 1. 0.
1. 0. 0. -0.000 -0. 1. 0. 0.000 0. 0. 1. 0.
1. -0. 0. -0.001 0. 1. 0. -0.006 0. 0. 1. 0.
1. -0.000 0. -0.001 0.000 1. 0. -0.006 0. 0. 1. 0.
1. -0.000 0. 0. 0.000 1. 0. 0.002 0. 0. 1. 0.
1. -0. 0. 0.001 0. 1. 0. -0.006 0. 0. 1. 0.
1. 0. 0. -0.002 -0. 1. 0. -0.004 0. 0. 1. 0.
1. 0. 0. 0.000 -0. 1. 0. -0.004 0. 0. 1. 0.
1. 0. 0. -0.005 -0. 1. 0. -0.007 0. 0. 1. 0.
1. -0. 0. -0.003 0. 1. 0. -0.005 0. 0. 1. 0.
1. -0. 0. -0.003 0. 1. 0. -0.003 0. 0. 1. 0.
1. -0.000 0. -0.001 0.000 1. 0. 0.000 0. 0. 1. 0.
1. -0.000 0. -0.004 0.000 1. 0. -0.001 0. 0. 1. 0.
1. 0. 0. -0.007 -0. 1. 0. 0.001 0. 0. 1. 0.
1. -0. 0. -0.006 0. 1. 0. 0.002 0. 0. 1. 0.
1. 0.000 0. -0.001 -0.000 1. 0. 0.003 0. 0. 1. 0.
1. 0. 0. -0.002 -0. 1. 0. 0.003 0. 0. 1. 0.
1. -0.000 0. -0.003 0.000 1. 0. -0.001 0. 0. 1. 0.
1. 0. 0. -0.003 -0. 1. 0. 0. 0. 0. 1. 0.
1. 0. 0. -0.001 -0. 1. 0. 0.002 0. 0. 1. 0.
1. -0.000 0. -0.003 0.000 1. 0. -0.001 0. 0. 1. 0.
1. 0.000 0. -0.004 -0.000 1. 0. -0.003 0. 0. 1. 0.
1. -0. 0. 0.001 0. 1. 0. -0.005 0. 0. 1. 0.
1. -0.000 0. -0.003 0.000 1. 0. -0.001 0. 0. 1. 0.
1. 0.000 0. 0.002 -0.000 1. 0. -0.003 0. 0. 1. 0.
1. 0. 0. -0.001 -0. 1. 0. -0. 0. 0. 1. 0.
1. -0. 0. -0.001 0. 1. 0. 0.003 0. 0. 1. 0.
1. 0.000 0. -0.001 -0.000 1. 0. 0.003 0. 0. 1. 0.
1. 0.000 0. -0.000 -0.000 1. 0. 0.002 0. 0. 1. 0.
1. 0.000 0. -0.002 -0.000 1. 0. -0.003 0. 0. 1. 0.
1. 0. 0. -0.001 -0. 1. 0. 0. 0. 0. 1. 0.
1. 0.000 0. 0.000 -0.000 1. 0. 0.008 0. 0. 1. 0.
1. -0. 0. -0.000 0. 1. 0. 0.005 0. 0. 1. 0.
1. -0. 0. 0. 0. 1. 0. 0.009 0. 0. 1. 0.
1. 0.000 0. -0.001 -0.000 1. 0. 0.003 0. 0. 1. 0.
1. 0.000 0. -0.004 -0.000 1. 0. 0.005 0. 0. 1. 0.
1. 0.000 0. 0.000 -0.000 1. 0. -0.001 0. 0. 1. 0.
1. 0. 0. -0.006 -0. 1. 0. 0.009 0. 0. 1. 0.
1. 0.000 0. -0.000 -0.000 1. 0. 0.004 0. 0. 1. 0.
1. 0. 0. -0.006 -0. 1. 0. 0.003 0. 0. 1. 0.
1. -0. 0. -0.002 0. 1. 0. 0.004 0. 0. 1. 0.
1. -0. 0. -0.004 0. 1. 0. 0.004 0. 0. 1. 0.
1. -0. 0. -0.001 0. 1. 0. 0.002 0. 0. 1. 0.
1. -0.000 0. -0. 0.000 1. 0. 0.001 0. 0. 1. 0.
1. -0. 0. 0.000 0. 1. 0. 0.007 0. 0. 1. 0.
1. -0. 0. 0.005 0. 1. 0. 0.002 0. 0. 1. 0.
1. 0. 0. 0.001 -0. 1. 0. -0.001 0. 0. 1. 0.
1. -0.000 0. -0. 0.000 1. 0. -0.003 0. 0. 1. 0.
1. -0. 0. -0.001 0. 1. 0. 0.004 0. 0. 1. 0.
1. -0. 0. 0.002 0. 1. 0. -0.001 0. 0. 1. 0.
1. -0. 0. -0.004 0. 1. 0. 0.000 0. 0. 1. 0.
1. 0.000 0. 0.001 -0.000 1. 0. 0.007 0. 0. 1. 0.
1. 0.000 0. 0.001 -0.000 1. 0. 0.002 0. 0. 1. 0.
1. 0.000 0. -0.001 -0.000 1. 0. -0.003 0. 0. 1. 0.
1. -0. 0. 0.001 0. 1. 0. 0.001 0. 0. 1. 0.
1. 0.000 0. -0.002 -0.000 1. 0. 0.004 0. 0. 1. 0.
1. 0. 0. 0.001 -0. 1. 0. 0.006 0. 0. 1. 0.
1. 0.000 0. -0.002 -0.000 1. 0. 0.003 0. 0. 1. 0.
1. 0.000 0. -0.002 -0.000 1. 0. 0.002 0. 0. 1. 0.
1. -0. 0. -0.002 0. 1. 0. 0.003 0. 0. 1. 0.
1. 0. 0. -0.002 -0. 1. 0. 0.002 0. 0. 1. 0.
1. -0.000 0. -0.004 0.000 1. 0. -0.003 0. 0. 1. 0.
1. -0. 0. -0.003 0. 1. 0. 0.002 0. 0. 1. 0.
1. -0.000 0. 0.001 0.000 1. 0. -0.008 0. 0. 1. 0.
1. -0.000 0. -0.006 0.000 1. 0. -0.007 0. 0. 1. 0.
1. -0.000 0. 0.000 0.000 1. 0. -0.010 0. 0. 1. 0.
1. -0. 0. -0.000 0. 1. 0. -0.007 0. 0. 1. 0.
1. -0.000 0. -0.006 0.000 1. 0. -0.006 0. 0. 1. 0.
1. -0.000 0. -0.000 0.000 1. 0. -0.001 0. 0. 1. 0.
1. -0.000 0. -0.003 0.000 1. 0. -0.005 0. 0. 1. 0.
1. -0.000 0. -0.003 0.000 1. 0. -0.001 0. 0. 1. 0.
1. -0.000 0. -0.002 0.000 1. 0. -0.003 0. 0. 1. 0.
1. -0. 0. -0.004 0. 1. 0. -0.003 0. 0. 1. 0.
1. -0.000 0. -0.002 0.000 1. 0. -0.004 0. 0. 1. 0.
1. -0.000 0. -0.003 0.000 1. 0. 0.003 0. 0. 1. 0.
1. -0.000 0. -0.004 0.000 1. 0. -0.003 0. 0. 1. 0.
1. -0.000 0. -0.005 0.000 1. 0. -0.003 0. 0. 1. 0.
1. -0. 0. -0.005 0. 1. 0. -0.000 0. 0. 1. 0.
1. -0.000 0. -0.001 0.000 1. 0. -0.004 0. 0. 1. 0.
1. -0. 0. -0.002 0. 1. 0. -0.007 0. 0. 1. 0.
1. 0. 0. -0.000 -0. 1. 0. -0.005 0. 0. 1. 0.
1. 0. 0. -0.005 -0. 1. 0. 0. 0. 0. 1. 0.
1. -0.000 0. -0.001 0.000 1. 0. -0.003 0. 0. 1. 0.
1. -0.000 0. -0.001 0.000 1. 0. -0.003 0. 0. 1. 0.
1. -0. 0. 0.001 0. 1. 0. -0.004 0. 0. 1. 0.
1. -0. 0. -0.003 0. 1. 0. -0.005 0. 0. 1. 0.
1. 0.000 0. 0.002 -0.000 1. 0. -0.007 0. 0. 1. 0.
1. -0. 0. -0.003 0. 1. 0. -0.009 0. 0. 1. 0.
1. -0. 0. -0.004 0. 1. 0. -0.008 0. 0. 1. 0.
1. 0.000 0. 0.000 -0.000 1. 0. -0.002 0. 0. 1. 0.
1. 0. 0. 0.002 -0. 1. 0. -0.001 0. 0. 1. 0.
1. -0. 0. -0.005 0. 1. 0. 0.001 0. 0. 1. 0.
1. -0. 0. -0.001 0. 1. 0. -0.005 0. 0. 1. 0.
1. 0. 0. -0.004 -0. 1. 0. 0.000 0. 0. 1. 0.
1. 0.000 0. -0.002 -0.000 1. 0. -0.003 0. 0. 1. 0.
1. 0. 0. -0.001 -0. 1. 0. -0.000 0. 0. 1. 0.
1. -0. 0. -0.001 0. 1. 0. -0.005 0. 0. 1. 0.
1. 0. 0. -0.005 -0. 1. 0. -0.001 0. 0. 1. 0.
1. -0. 0. 0.001 0. 1. 0. -0.001 0. 0. 1. 0.
1. 0.000 0. -0.005 -0.000 1. 0. -0.001 0. 0. 1. 0.
1. 0.000 0. -0.003 -0.000 1. 0. -0.004 0. 0. 1. 0.
1. -0. 0. -0.001 0. 1. 0. -0.003 0. 0. 1. 0.
1. -0.000 0. 0.007 0.000 1. 0. -0.013 0. 0. 1. 0.
1. -0.000 0. 0.011 0.000 1. 0. -0.010 0. 0. 1. 0.
1. -0.001 0. 0.020 0.001 1. 0. -0.012 0. 0. 1. 0.
1. -0.002 0. 0.058 0.002 1. 0. -0.028 0. 0. 1. 0.
1. -0.007 0. 0.140 0.007 1. 0. -0.014 0. 0. 1. 0.
1. -0.011 0. 0.242 0.011 1. 0. 0.049 0. 0. 1. 0.
1.000 -0.018 0. 0.408 0.018 1.000 0. 0.040 0. 0. 1. 0.
1.000 -0.030 0. 0.621 0.030 1.000 0. 0.091 0. 0. 1. 0.
0.999 -0.041 0. 0.925 0.041 0.999 0. 0.053 0. 0. 1. 0.
0.998 -0.055 0. 1.280 0.055 0.998 0. 0.075 0. 0. 1. 0.
0.997 -0.073 0. 1.665 0.073 0.997 0. 0.178 0. 0. 1. 0.
0.996 -0.094 0. 2.146 0.094 0.996 0. 0.243 0. 0. 1. 0.
0.993 -0.117 0. 2.654 0.117 0.993 0. 0.309 0. 0. 1. 0.
0.990 -0.143 0. 3.249 0.143 0.990 0. 0.407 0. 0. 1. 0.
0.986 -0.168 0. 3.872 0.168 0.986 0. 0.497 0. 0. 1. 0.
0.983 -0.186 0. 4.596 0.186 0.983 0. 0.600 0. 0. 1. 0.
0.980 -0.200 0. 5.363 0.200 0.980 0. 0.780 0. 0. 1. 0.
0.980 -0.199 0. 6.208 0.199 0.980 0. 0.925 0. 0. 1. 0.
0.981 -0.192 0. 7.139 0.192 0.981 0. 1.112 0. 0. 1. 0.
0.984 -0.180 0. 8.124 0.180 0.984 0. 1.241 0. 0. 1. 0.
0.986 -0.167 0. 9.156 0.167 0.986 0. 1.418 0. 0. 1. 0.
0.988 -0.154 0. 10.270 0.154 0.988 0. 1.597 0. 0. 1. 0.
0.990 -0.138 0. 11.440 0.138 0.990 0. 1.705 0. 0. 1. 0.
0.993 -0.119 0. 12.669 0.119 0.993 0. 1.829 0. 0. 1. 0.
0.995 -0.101 0. 13.967 0.101 0.995 0. 1.952 0. 0. 1. 0.
0.997 -0.080 0. 15.275 0.080 0.997 0. 2.020 0. 0. 1. 0.
0.998 -0.059 0. 16.584 0.059 0.998 0. 2.084 0. 0. 1. 0.
0.999 -0.040 0. 17.892 0.040 0.999 0. 2.117 0. 0. 1. 0.
1.000 -0.029 0. 19.151 0.029 1.000 0. 2.084 0. 0. 1. 0.
1.000 -0.022 0. 20.479 0.022 1.000 0. 2.084 0. 0. 1. 0.
1.000 -0.018 0. 21.859 0.018 1.000 0. 2.162 0. 0. 1. 0.
1. -0.013 0. 23.201 0.013 1. 0. 2.142 0. 0. 1. 0.
1. -0.007 0. 24.558 0.007 1. 0. 2.140 0. 0. 1. 0.
1. -0.003 0. 25.941 0.003 1. 0. 2.158 0. 0. 1. 0.
1. 0.001 0. 27.354 -0.001 1. 0. 2.111 0. 0. 1. 0.
1. 0.006 0. 28.744 -0.006 1. 0. 2.114 0. 0. 1. 0.
1. 0.010 0. 30.164 -0.010 1. 0. 2.028 0. 0. 1. 0.
1.000 0.014 0. 31.594 -0.014 1.000 0. 1.984 0. 0. 1. 0.
1.000 0.016 0. 33.098 -0.016 1.000 0. 1.918 0. 0. 1. 0.
1.000 0.017 0. 34.575 -0.017 1.000 0. 1.906 0. 0. 1. 0.
1.000 0.017 0. 36.139 -0.017 1.000 0. 1.795 0. 0. 1. 0.
1.000 0.017 0. 37.704 -0.017 1.000 0. 1.800 0. 0. 1. 0.
1.000 0.017 0. 39.298 -0.017 1.000 0. 1.685 0. 0. 1. 0.
1.000 0.016 0. 40.913 -0.016 1.000 0. 1.647 0. 0. 1. 0.
1.000 0.015 0. 42.551 -0.015 1.000 0. 1.583 0. 0. 1. 0.
1.000 0.015 0. 44.252 -0.015 1.000 0. 1.512 0. 0. 1. 0.
1. 0.014 0. 45.970 -0.014 1. 0. 1.446 0. 0. 1. 0.
1. 0.012 0. 47.703 -0.012 1. 0. 1.455 0. 0. 1. 0.
1. 0.009 0. 49.458 -0.009 1. 0. 1.417 0. 0. 1. 0.
1. 0.006 0. 51.177 -0.006 1. 0. 1.400 0. 0. 1. 0.
1. 0.002 0. 52.911 -0.002 1. 0. 1.330 0. 0. 1. 0.
1. 0.000 0. 54.636 -0.000 1. 0. 1.327 0. 0. 1. 0.
1. -0.001 0. 56.374 0.001 1. 0. 1.308 0. 0. 1. 0.
1. -0.002 0. 58.103 0.002 1. 0. 1.306 0. 0. 1. 0.
1. -0.000 0. 59.866 0.000 1. 0. 1.301 0. 0. 1. 0.
1. 0.002 0. 61.643 -0.002 1. 0. 1.261 0. 0. 1. 0.
1. 0.004 0. 63.429 -0.004 1. 0. 1.219 0. 0. 1. 0.
1. 0.005 0. 65.248 -0.005 1. 0. 1.196 0. 0. 1. 0.
1. 0.006 0. 67.074 -0.006 1. 0. 1.155 0. 0. 1. 0.
1. 0.005 0. 68.899 -0.005 1. 0. 1.085 0. 0. 1. 0.
1. 0.007 0. 70.738 -0.007 1. 0. 1.070 0. 0. 1. 0.
1. 0.005 0. 72.544 -0.005 1. 0. 0.969 0. 0. 1. 0.
1. 0.007 0. 74.315 -0.007 1. 0. 0.971 0. 0. 1. 0.
1. 0.006 0. 76.143 -0.006 1. 0. 0.921 0. 0. 1. 0.
1. 0.005 0. 77.971 -0.005 1. 0. 0.836 0. 0. 1. 0.
1. 0.004 0. 79.799 -0.004 1. 0. 0.808 0. 0. 1. 0.
1. 0.005 0. 81.618 -0.005 1. 0. 0.803 0. 0. 1. 0.
1. 0.004 0. 83.433 -0.004 1. 0. 0.774 0. 0. 1. 0.
1. 0.007 0. 85.193 -0.007 1. 0. 0.716 0. 0. 1. 0.
1. 0.010 0. 86.955 -0.010 1. 0. 0.688 0. 0. 1. 0.
1. 0.012 0. 88.725 -0.012 1. 0. 0.605 0. 0. 1. 0.
1. 0.011 0. 90.437 -0.011 1. 0. 0.547 0. 0. 1. 0.
1. 0.010 0. 92.193 -0.010 1. 0. 0.486 0. 0. 1. 0.
1. 0.006 0. 93.935 -0.006 1. 0. 0.503 0. 0. 1. 0.
1. 0.001 0. 95.689 -0.001 1. 0. 0.444 0. 0. 1. 0.
1. -0.002 0. 97.382 0.002 1. 0. 0.433 0. 0. 1. 0.
1. -0.007 0. 99.023 0.007 1. 0. 0.418 0. 0. 1. 0.
1.000 -0.016 0. 100.709 0.016 1.000 0. 0.433 0. 0. 1. 0.
1.000 -0.022 0. 102.404 0.022 1.000 0. 0.425 0. 0. 1. 0.
1.000 -0.028 0. 104.066 0.028 1.000 0. 0.419 0. 0. 1. 0.
0.999 -0.032 0. 105.690 0.032 0.999 0. 0.461 0. 0. 1. 0.
0.999 -0.038 0. 107.305 0.038 0.999 0. 0.501 0. 0. 1. 0.
0.999 -0.042 0. 108.934 0.042 0.999 0. 0.561 0. 0. 1. 0.
0.999 -0.047 0. 110.526 0.047 0.999 0. 0.615 0. 0. 1. 0.
0.999 -0.050 0. 112.046 0.050 0.999 0. 0.663 0. 0. 1. 0.
0.999 -0.054 0. 113.571 0.054 0.999 0. 0.734 0. 0. 1. 0.
0.998 -0.056 0. 115.060 0.056 0.998 0. 0.809 0. 0. 1. 0.
0.998 -0.060 0. 116.555 0.060 0.998 0. 0.873 0. 0. 1. 0.
0.998 -0.063 0. 118.015 0.063 0.998 0. 0.971 0. 0. 1. 0.
0.998 -0.066 0. 119.478 0.066 0.998 0. 1.039 0. 0. 1. 0.
0.998 -0.065 0. 120.949 0.065 0.998 0. 1.120 0. 0. 1. 0.
0.998 -0.061 0. 122.397 0.061 0.998 0. 1.206 0. 0. 1. 0.
0.998 -0.056 0. 123.879 0.056 0.998 0. 1.280 0. 0. 1. 0.
0.999 -0.050 0. 125.343 0.050 0.999 0. 1.288 0. 0. 1. 0.
0.999 -0.043 0. 126.738 0.043 0.999 0. 1.348 0. 0. 1. 0.
0.999 -0.037 0. 128.186 0.037 0.999 0. 1.396 0. 0. 1. 0.
1.000 -0.030 0. 129.604 0.030 1.000 0. 1.398 0. 0. 1. 0.
1.000 -0.020 0. 131.040 0.020 1.000 0. 1.438 0. 0. 1. 0.
1.000 -0.017 0. 132.512 0.017 1.000 0. 1.438 0. 0. 1. 0.
1. -0.008 0. 133.994 0.008 1. 0. 1.461 0. 0. 1. 0.
1. -0.005 0. 135.478 0.005 1. 0. 1.409 0. 0. 1. 0.
1. -0.003 0. 136.914 0.003 1. 0. 1.391 0. 0. 1. 0.
1. -0.004 0. 138.414 0.004 1. 0. 1.351 0. 0. 1. 0.
1. -0.003 0. 139.887 0.003 1. 0. 1.323 0. 0. 1. 0.
1. -0.005 0. 141.375 0.005 1. 0. 1.326 0. 0. 1. 0.
1. -0.005 0. 142.853 0.005 1. 0. 1.273 0. 0. 1. 0.
1. -0.007 0. 144.334 0.007 1. 0. 1.277 0. 0. 1. 0.
1. -0.010 0. 145.772 0.010 1. 0. 1.278 0. 0. 1. 0.
1. -0.010 0. 147.179 0.010 1. 0. 1.265 0. 0. 1. 0.
1. -0.012 0. 148.555 0.012 1. 0. 1.260 0. 0. 1. 0.
1. -0.013 0. 149.906 0.013 1. 0. 1.262 0. 0. 1. 0.
1.000 -0.016 0. 151.292 0.016 1.000 0. 1.310 0. 0. 1. 0.
1.000 -0.017 0. 152.703 0.017 1.000 0. 1.313 0. 0. 1. 0.
1.000 -0.016 0. 154.099 0.016 1.000 0. 1.324 0. 0. 1. 0.
1.000 -0.015 0. 155.521 0.015 1.000 0. 1.304 0. 0. 1. 0.
1.000 -0.015 0. 156.945 0.015 1.000 0. 1.313 0. 0. 1. 0.
1.000 -0.015 0. 158.431 0.015 1.000 0. 1.336 0. 0. 1. 0.
1.000 -0.015 0. 159.948 0.015 1.000 0. 1.321 0. 0. 1. 0.
1.000 -0.017 0. 161.450 0.017 1.000 0. 1.317 0. 0. 1. 0.
1.000 -0.018 0. 162.996 0.018 1.000 0. 1.319 0. 0. 1. 0.
1.000 -0.020 0. 164.546 0.020 1.000 0. 1.321 0. 0. 1. 0.
1.000 -0.020 0. 166.103 0.020 1.000 0. 1.317 0. 0. 1. 0.
1.000 -0.023 0. 167.683 0.023 1.000 0. 1.320 0. 0. 1. 0.
1.000 -0.026 0. 169.293 0.026 1.000 0. 1.346 0. 0. 1. 0.
1.000 -0.025 0. 170.908 0.025 1.000 0. 1.339 0. 0. 1. 0.
1.000 -0.028 0. 172.589 0.028 1.000 0. 1.330 0. 0. 1. 0.
1.000 -0.028 0. 174.297 0.028 1.000 0. 1.367 0. 0. 1. 0.
1.000 -0.029 0. 176.022 0.029 1.000 0. 1.391 0. 0. 1. 0.
1.000 -0.031 0. 177.767 0.031 1.000 0. 1.432 0. 0. 1. 0.
0.999 -0.033 0. 179.524 0.033 0.999 0. 1.436 0. 0. 1. 0.
0.999 -0.034 0. 181.294 0.034 0.999 0. 1.463 0. 0. 1. 0.
0.999 -0.036 0. 183.096 0.036 0.999 0. 1.520 0. 0. 1. 0.
0.999 -0.038 0. 184.923 0.038 0.999 0. 1.574 0. 0. 1. 0.
0.999 -0.038 0. 186.749 0.038 0.999 0. 1.566 0. 0. 1. 0.
0.999 -0.038 0. 188.563 0.038 0.999 0. 1.607 0. 0. 1. 0.
0.999 -0.039 0. 190.311 0.039 0.999 0. 1.658 0. 0. 1. 0.
0.999 -0.039 0. 192.062 0.039 0.999 0. 1.715 0. 0. 1. 0.
0.999 -0.042 0. 193.858 0.042 0.999 0. 1.754 0. 0. 1. 0.
0.999 -0.043 0. 195.664 0.043 0.999 0. 1.752 0. 0. 1. 0.
0.999 -0.044 0. 197.369 0.044 0.999 0. 1.843 0. 0. 1. 0.
0.999 -0.044 0. 199.005 0.044 0.999 0. 1.892 0. 0. 1. 0.
0.999 -0.044 0. 200.645 0.044 0.999 0. 1.966 0. 0. 1. 0.
0.999 -0.045 0. 202.175 0.045 0.999 0. 2.041 0. 0. 1. 0.
0.999 -0.045 0. 203.698 0.045 0.999 0. 2.087 0. 0. 1. 0.
0.999 -0.048 0. 205.204 0.048 0.999 0. 2.159 0. 0. 1. 0.
0.999 -0.049 0. 206.743 0.049 0.999 0. 2.227 0. 0. 1. 0.
0.999 -0.050 0. 208.269 0.050 0.999 0. 2.285 0. 0. 1. 0.
0.999 -0.050 0. 209.826 0.050 0.999 0. 2.363 0. 0. 1. 0.
0.999 -0.047 0. 211.359 0.047 0.999 0. 2.424 0. 0. 1. 0.
0.999 -0.044 0. 212.916 0.044 0.999 0. 2.474 0. 0. 1. 0.
0.999 -0.037 0. 214.491 0.037 0.999 0. 2.498 0. 0. 1. 0.
1.000 -0.032 0. 216.100 0.032 1.000 0. 2.537 0. 0. 1. 0.
1.000 -0.025 0. 217.733 0.025 1.000 0. 2.525 0. 0. 1. 0.
1.000 -0.018 0. 219.404 0.018 1.000 0. 2.562 0. 0. 1. 0.
1. -0.014 0. 221.096 0.014 1. 0. 2.546 0. 0. 1. 0.
1.000 -0.015 0. 222.773 0.015 1.000 0. 2.549 0. 0. 1. 0.
1.000 -0.023 0. 224.483 0.023 1.000 0. 2.526 0. 0. 1. 0.
0.999 -0.037 0. 226.220 0.037 0.999 0. 2.596 0. 0. 1. 0.
0.998 -0.056 0. 228.035 0.056 0.998 0. 2.638 0. 0. 1. 0.
0.997 -0.072 0. 229.762 0.072 0.997 0. 2.797 0. 0. 1. 0.
0.996 -0.091 0. 231.513 0.091 0.996 0. 2.897 0. 0. 1. 0.
0.995 -0.104 0. 233.260 0.104 0.995 0. 3.070 0. 0. 1. 0.
0.994 -0.113 0. 235.025 0.113 0.994 0. 3.246 0. 0. 1. 0.
0.993 -0.118 0. 236.912 0.118 0.993 0. 3.477 0. 0. 1. 0.
0.992 -0.125 0. 238.695 0.125 0.992 0. 3.695 0. 0. 1. 0.
0.992 -0.129 0. 240.549 0.129 0.992 0. 3.946 0. 0. 1. 0.
0.991 -0.133 0. 242.361 0.133 0.991 0. 4.196 0. 0. 1. 0.
0.991 -0.137 0. 244.281 0.137 0.991 0. 4.408 0. 0. 1. 0.
0.990 -0.142 0. 246.215 0.142 0.990 0. 4.651 0. 0. 1. 0.
0.990 -0.143 0. 248.134 0.143 0.990 0. 4.937 0. 0. 1. 0.
0.990 -0.140 0. 250.129 0.140 0.990 0. 5.183 0. 0. 1. 0.
0.990 -0.138 0. 252.115 0.138 0.990 0. 5.408 0. 0. 1. 0.
0.990 -0.139 0. 254.089 0.139 0.990 0. 5.690 0. 0. 1. 0.
0.991 -0.135 0. 256.101 0.135 0.991 0. 5.944 0. 0. 1. 0.
0.991 -0.137 0. 258.107 0.137 0.991 0. 6.206 0. 0. 1. 0.
0.990 -0.139 0. 260.115 0.139 0.990 0. 6.428 0. 0. 1. 0.
0.991 -0.135 0. 262.100 0.135 0.991 0. 6.670 0. 0. 1. 0.
0.991 -0.135 0. 264.102 0.135 0.991 0. 6.873 0. 0. 1. 0.
0.991 -0.132 0. 266.089 0.132 0.991 0. 7.183 0. 0. 1. 0.
0.991 -0.132 0. 268.112 0.132 0.991 0. 7.356 0. 0. 1. 0.
0.992 -0.130 0. 270.045 0.130 0.992 0. 7.639 0. 0. 1. 0.
0.992 -0.130 0. 272.039 0.130 0.992 0. 7.865 0. 0. 1. 0.
0.991 -0.131 0. 274.004 0.131 0.991 0. 8.066 0. 0. 1. 0.
0.991 -0.131 0. 275.982 0.131 0.991 0. 8.328 0. 0. 1. 0.
0.991 -0.132 0. 277.943 0.132 0.991 0. 8.539 0. 0. 1. 0.
0.991 -0.134 0. 279.836 0.134 0.991 0. 8.816 0. 0. 1. 0.
0.991 -0.135 0. 281.809 0.135 0.991 0. 9.068 0. 0. 1. 0.
0.991 -0.135 0. 283.788 0.135 0.991 0. 9.279 0. 0. 1. 0.
0.991 -0.132 0. 285.747 0.132 0.991 0. 9.555 0. 0. 1. 0.
0.992 -0.130 0. 287.754 0.130 0.992 0. 9.775 0. 0. 1. 0.
0.991 -0.131 0. 289.779 0.131 0.991 0. 10.015 0. 0. 1. 0.
0.991 -0.132 0. 291.813 0.132 0.991 0. 10.219 0. 0. 1. 0.
0.991 -0.131 0. 293.844 0.131 0.991 0. 10.427 0. 0. 1. 0.
0.991 -0.130 0. 295.971 0.130 0.991 0. 10.667 0. 0. 1. 0.
0.992 -0.129 0. 298.075 0.129 0.992 0. 10.895 0. 0. 1. 0.
0.992 -0.126 0. 300.170 0.126 0.992 0. 11.144 0. 0. 1. 0.
0.992 -0.124 0. 302.310 0.124 0.992 0. 11.373 0. 0. 1. 0.
0.993 -0.122 0. 304.420 0.122 0.993 0. 11.592 0. 0. 1. 0.
0.993 -0.117 0. 306.622 0.117 0.993 0. 11.755 0. 0. 1. 0.
0.994 -0.112 0. 308.821 0.112 0.994 0. 11.960 0. 0. 1. 0.
0.994 -0.110 0. 310.964 0.110 0.994 0. 12.207 0. 0. 1. 0.
0.994 -0.106 0. 313.151 0.106 0.994 0. 12.386 0. 0. 1. 0.
0.995 -0.103 0. 315.317 0.103 0.995 0. 12.569 0. 0. 1. 0.
0.995 -0.101 0. 317.477 0.101 0.995 0. 12.757 0. 0. 1. 0.
0.995 -0.097 0. 319.636 0.097 0.995 0. 13.010 0. 0. 1. 0.
0.996 -0.092 0. 321.852 0.092 0.996 0. 13.097 0. 0. 1. 0.
0.996 -0.091 0. 323.997 0.091 0.996 0. 13.274 0. 0. 1. 0.
0.996 -0.092 0. 326.145 0.092 0.996 0. 13.446 0. 0. 1. 0.
0.996 -0.090 0. 328.323 0.090 0.996 0. 13.610 0. 0. 1. 0.
0.996 -0.089 0. 330.541 0.089 0.996 0. 13.708 0. 0. 1. 0.
0.996 -0.084 0. 332.735 0.084 0.996 0. 13.882 0. 0. 1. 0.
0.996 -0.084 0. 334.884 0.084 0.996 0. 14.048 0. 0. 1. 0.
0.996 -0.084 0. 337.106 0.084 0.996 0. 14.152 0. 0. 1. 0.
0.997 -0.082 0. 339.279 0.082 0.997 0. 14.350 0. 0. 1. 0.
0.996 -0.085 0. 341.491 0.085 0.996 0. 14.447 0. 0. 1. 0.
0.996 -0.085 0. 343.638 0.085 0.996 0. 14.610 0. 0. 1. 0.
0.996 -0.086 0. 345.824 0.086 0.996 0. 14.744 0. 0. 1. 0.
0.996 -0.085 0. 348.066 0.085 0.996 0. 14.857 0. 0. 1. 0.
0.997 -0.083 0. 350.301 0.083 0.997 0. 15.010 0. 0. 1. 0.
0.997 -0.076 0. 352.481 0.076 0.997 0. 15.197 0. 0. 1. 0.
0.998 -0.070 0. 354.688 0.070 0.998 0. 15.301 0. 0. 1. 0.
0.998 -0.059 0. 356.844 0.059 0.998 0. 15.405 0. 0. 1. 0.
0.999 -0.046 0. 359.057 0.046 0.999 0. 15.504 0. 0. 1. 0.
1.000 -0.030 0. 361.256 0.030 1.000 0. 15.495 0. 0. 1. 0.
1. -0.014 0. 363.427 0.014 1. 0. 15.484 0. 0. 1. 0.
1. 0.005 0. 365.615 -0.005 1. 0. 15.453 0. 0. 1. 0.
1.000 0.022 0. 367.836 -0.022 1.000 0. 15.395 0. 0. 1. 0.
0.999 0.041 0. 370.014 -0.041 0.999 0. 15.278 0. 0. 1. 0.
0.998 0.056 0. 372.152 -0.056 0.998 0. 15.103 0. 0. 1. 0.
0.998 0.064 0. 374.391 -0.064 0.998 0. 14.915 0. 0. 1. 0.
0.997 0.073 0. 376.498 -0.073 0.997 0. 14.766 0. 0. 1. 0.
0.997 0.076 0. 378.765 -0.076 0.997 0. 14.571 0. 0. 1. 0.
0.997 0.076 0. 380.920 -0.076 0.997 0. 14.402 0. 0. 1. 0.
0.998 0.070 0. 383.158 -0.070 0.998 0. 14.227 0. 0. 1. 0.
0.998 0.061 0. 385.259 -0.061 0.998 0. 14.002 0. 0. 1. 0.
0.999 0.054 0. 387.453 -0.054 0.999 0. 13.881 0. 0. 1. 0.
0.999 0.044 0. 389.655 -0.044 0.999 0. 13.755 0. 0. 1. 0.
0.999 0.034 0. 391.884 -0.034 0.999 0. 13.657 0. 0. 1. 0.
1.000 0.025 0. 394.073 -0.025 1.000 0. 13.545 0. 0. 1. 0.
1.000 0.018 0. 396.299 -0.018 1.000 0. 13.480 0. 0. 1. 0.
1. 0.011 0. 398.500 -0.011 1. 0. 13.432 0. 0. 1. 0.
1. 0.006 0. 400.735 -0.006 1. 0. 13.406 0. 0. 1. 0.
1. 0.000 0. 402.954 -0.000 1. 0. 13.343 0. 0. 1. 0.
1. -0.004 0. 405.175 0.004 1. 0. 13.323 0. 0. 1. 0.
1. -0.010 0. 407.391 0.010 1. 0. 13.317 0. 0. 1. 0.
1. -0.013 0. 409.596 0.013 1. 0. 13.291 0. 0. 1. 0.
1.000 -0.017 0. 411.830 0.017 1.000 0. 13.326 0. 0. 1. 0.
1.000 -0.019 0. 414.074 0.019 1.000 0. 13.359 0. 0. 1. 0.
1.000 -0.023 0. 416.325 0.023 1.000 0. 13.330 0. 0. 1. 0.
1.000 -0.025 0. 418.530 0.025 1.000 0. 13.354 0. 0. 1. 0.
1.000 -0.027 0. 420.746 0.027 1.000 0. 13.384 0. 0. 1. 0.
1.000 -0.029 0. 423.047 0.029 1.000 0. 13.440 0. 0. 1. 0.
1.000 -0.031 0. 425.296 0.031 1.000 0. 13.450 0. 0. 1. 0.
0.999 -0.035 0. 427.568 0.035 0.999 0. 13.506 0. 0. 1. 0.
0.999 -0.036 0. 429.721 0.036 0.999 0. 13.568 0. 0. 1. 0.
0.999 -0.039 0. 431.972 0.039 0.999 0. 13.557 0. 0. 1. 0.
0.999 -0.039 0. 434.116 0.039 0.999 0. 13.633 0. 0. 1. 0.
0.999 -0.042 0. 436.246 0.042 0.999 0. 13.692 0. 0. 1. 0.
0.999 -0.042 0. 438.336 0.042 0.999 0. 13.747 0. 0. 1. 0.
0.999 -0.043 0. 440.374 0.043 0.999 0. 13.789 0. 0. 1. 0.
0.999 -0.044 0. 442.404 0.044 0.999 0. 13.889 0. 0. 1. 0.
0.999 -0.046 0. 444.364 0.046 0.999 0. 13.937 0. 0. 1. 0.
0.999 -0.047 0. 446.270 0.047 0.999 0. 13.995 0. 0. 1. 0.
0.999 -0.048 0. 448.119 0.048 0.999 0. 14.049 0. 0. 1. 0.
0.999 -0.049 0. 449.967 0.049 0.999 0. 14.136 0. 0. 1. 0.
0.999 -0.048 0. 451.765 0.048 0.999 0. 14.193 0. 0. 1. 0.
0.999 -0.046 0. 453.476 0.046 0.999 0. 14.233 0. 0. 1. 0.
0.999 -0.043 0. 455.129 0.043 0.999 0. 14.245 0. 0. 1. 0.
0.999 -0.038 0. 456.684 0.038 0.999 0. 14.295 0. 0. 1. 0.
1.000 -0.031 0. 458.169 0.031 1.000 0. 14.326 0. 0. 1. 0.
1.000 -0.020 0. 459.567 0.020 1.000 0. 14.316 0. 0. 1. 0.
1. -0.003 0. 460.911 0.003 1. 0. 14.289 0. 0. 1. 0.
1.000 0.018 0. 462.188 -0.018 1.000 0. 14.213 0. 0. 1. 0.
0.999 0.044 0. 463.386 -0.044 0.999 0. 14.127 0. 0. 1. 0.
0.997 0.077 0. 464.513 -0.077 0.997 0. 13.971 0. 0. 1. 0.
0.993 0.119 0. 465.567 -0.119 0.993 0. 13.837 0. 0. 1. 0.
0.986 0.164 0. 466.541 -0.164 0.986 0. 13.619 0. 0. 1. 0.
0.977 0.212 0. 467.491 -0.212 0.977 0. 13.384 0. 0. 1. 0.
0.965 0.263 0. 468.430 -0.263 0.965 0. 13.061 0. 0. 1. 0.
0.947 0.320 0. 469.264 -0.320 0.947 0. 12.703 0. 0. 1. 0.
0.923 0.384 0. 470.096 -0.384 0.923 0. 12.295 0. 0. 1. 0.
0.890 0.456 0. 470.854 -0.456 0.890 0. 11.834 0. 0. 1. 0.
0.847 0.532 0. 471.639 -0.532 0.847 0. 11.342 0. 0. 1. 0.
0.791 0.612 0. 472.277 -0.612 0.791 0. 10.718 0. 0. 1. 0.
0.721 0.693 0. 472.888 -0.693 0.721 0. 10.019 0. 0. 1. 0.
0.633 0.774 0. 473.363 -0.774 0.633 0. 9.297 0. 0. 1. 0.
0.533 0.846 0. 473.752 -0.846 0.533 0. 8.460 0. 0. 1. 0.
0.420 0.908 0. 474.042 -0.908 0.420 0. 7.649 0. 0. 1. 0.
0.292 0.956 0. 474.219 -0.956 0.292 0. 6.753 0. 0. 1. 0.
0.156 0.988 0. 474.283 -0.988 0.156 0. 5.810 0. 0. 1. 0.
0.012 1. 0. 474.186 -1. 0.012 0. 4.859 0. 0. 1. 0.
-0.134 0.991 0. 473.948 -0.991 -0.134 0. 3.894 0. 0. 1. 0.
-0.277 0.961 0. 473.563 -0.961 -0.277 0. 2.957 0. 0. 1. 0.
-0.411 0.911 0. 473.034 -0.911 -0.411 0. 1.971 0. 0. 1. 0.
-0.532 0.847 0. 472.387 -0.847 -0.532 0. 1.083 0. 0. 1. 0.
-0.634 0.773 0. 471.583 -0.773 -0.634 0. 0.209 0. 0. 1. 0.
-0.713 0.701 0. 470.687 -0.701 -0.713 0. -0.594 0. 0. 1. 0.
-0.773 0.634 0. 469.657 -0.634 -0.773 0. -1.308 0. 0. 1. 0.
-0.813 0.583 0. 468.564 -0.583 -0.813 0. -2.045 0. 0. 1. 0.
-0.838 0.545 0. 467.404 -0.545 -0.838 0. -2.750 0. 0. 1. 0.
-0.856 0.518 0. 466.150 -0.518 -0.856 0. -3.409 0. 0. 1. 0.
-0.867 0.498 0. 464.888 -0.498 -0.867 0. -4.101 0. 0. 1. 0.
-0.878 0.479 0. 463.515 -0.479 -0.878 0. -4.729 0. 0. 1. 0.
-0.887 0.461 0. 462.092 -0.461 -0.887 0. -5.475 0. 0. 1. 0.
-0.896 0.445 0. 460.578 -0.445 -0.896 0. -6.149 0. 0. 1. 0.
-0.902 0.432 0. 458.995 -0.432 -0.902 0. -6.836 0. 0. 1. 0.
-0.907 0.421 0. 457.338 -0.421 -0.907 0. -7.593 0. 0. 1. 0.
-0.911 0.413 0. 455.646 -0.413 -0.911 0. -8.308 0. 0. 1. 0.
-0.913 0.409 0. 453.888 -0.409 -0.913 0. -9.085 0. 0. 1. 0.
-0.913 0.408 0. 452.113 -0.408 -0.913 0. -9.830 0. 0. 1. 0.
-0.913 0.409 0. 450.271 -0.409 -0.913 0. -10.605 0. 0. 1. 0.
-0.912 0.409 0. 448.455 -0.409 -0.912 0. -11.365 0. 0. 1. 0.
-0.911 0.411 0. 446.589 -0.411 -0.911 0. -12.184 0. 0. 1. 0.
-0.910 0.415 0. 444.683 -0.415 -0.910 0. -13.028 0. 0. 1. 0.
-0.909 0.418 0. 442.746 -0.418 -0.909 0. -13.834 0. 0. 1. 0.
-0.907 0.421 0. 440.820 -0.421 -0.907 0. -14.717 0. 0. 1. 0.
-0.907 0.422 0. 438.975 -0.422 -0.907 0. -15.582 0. 0. 1. 0.
-0.906 0.423 0. 437.070 -0.423 -0.906 0. -16.377 0. 0. 1. 0.
-0.906 0.424 0. 435.173 -0.424 -0.906 0. -17.250 0. 0. 1. 0.
-0.906 0.422 0. 433.336 -0.422 -0.906 0. -18.170 0. 0. 1. 0.
-0.907 0.421 0. 431.407 -0.421 -0.907 0. -18.980 0. 0. 1. 0.
-0.907 0.420 0. 429.563 -0.420 -0.907 0. -19.808 0. 0. 1. 0.
-0.908 0.419 0. 427.684 -0.419 -0.908 0. -20.656 0. 0. 1. 0.
-0.908 0.419 0. 425.872 -0.419 -0.908 0. -21.508 0. 0. 1. 0.
-0.908 0.418 0. 424.028 -0.418 -0.908 0. -22.285 0. 0. 1. 0.
-0.908 0.419 0. 422.233 -0.419 -0.908 0. -23.110 0. 0. 1. 0.
-0.908 0.419 0. 420.466 -0.419 -0.908 0. -23.957 0. 0. 1. 0.
-0.908 0.419 0. 418.635 -0.419 -0.908 0. -24.740 0. 0. 1. 0.
-0.907 0.420 0. 416.831 -0.420 -0.907 0. -25.514 0. 0. 1. 0.
-0.908 0.420 0. 415.081 -0.420 -0.908 0. -26.320 0. 0. 1. 0.
-0.908 0.418 0. 413.354 -0.418 -0.908 0. -27.086 0. 0. 1. 0.
-0.909 0.417 0. 411.695 -0.417 -0.909 0. -27.856 0. 0. 1. 0.
-0.910 0.415 0. 410.036 -0.415 -0.910 0. -28.565 0. 0. 1. 0.
-0.910 0.416 0. 408.446 -0.416 -0.910 0. -29.313 0. 0. 1. 0.
-0.910 0.414 0. 406.883 -0.414 -0.910 0. -29.969 0. 0. 1. 0.
-0.910 0.414 0. 405.421 -0.414 -0.910 0. -30.640 0. 0. 1. 0.
-0.911 0.413 0. 403.997 -0.413 -0.911 0. -31.263 0. 0. 1. 0.
-0.911 0.412 0. 402.661 -0.412 -0.911 0. -31.862 0. 0. 1. 0.
-0.912 0.410 0. 401.364 -0.410 -0.912 0. -32.410 0. 0. 1. 0.
-0.913 0.409 0. 400.150 -0.409 -0.913 0. -32.963 0. 0. 1. 0.
-0.913 0.407 0. 398.945 -0.407 -0.913 0. -33.431 0. 0. 1. 0.
-0.913 0.408 0. 397.856 -0.408 -0.913 0. -33.922 0. 0. 1. 0.
-0.913 0.408 0. 396.812 -0.408 -0.913 0. -34.345 0. 0. 1. 0.
-0.914 0.406 0. 395.828 -0.406 -0.914 0. -34.807 0. 0. 1. 0.
-0.914 0.406 0. 394.893 -0.406 -0.914 0. -35.188 0. 0. 1. 0.
-0.914 0.406 0. 394.006 -0.406 -0.914 0. -35.561 0. 0. 1. 0.
-0.914 0.405 0. 393.176 -0.405 -0.914 0. -35.916 0. 0. 1. 0.
-0.915 0.403 0. 392.380 -0.403 -0.915 0. -36.243 0. 0. 1. 0.
-0.916 0.401 0. 391.637 -0.401 -0.916 0. -36.526 0. 0. 1. 0.
-0.917 0.400 0. 390.951 -0.400 -0.917 0. -36.823 0. 0. 1. 0.
-0.917 0.398 0. 390.295 -0.398 -0.917 0. -37.086 0. 0. 1. 0.
-0.919 0.394 0. 389.690 -0.394 -0.919 0. -37.343 0. 0. 1. 0.
-0.920 0.393 0. 389.101 -0.393 -0.920 0. -37.541 0. 0. 1. 0.
-0.920 0.392 0. 388.582 -0.392 -0.920 0. -37.804 0. 0. 1. 0.
-0.921 0.390 0. 388.085 -0.390 -0.921 0. -38.006 0. 0. 1. 0.
-0.921 0.390 0. 387.603 -0.390 -0.921 0. -38.193 0. 0. 1. 0.
-0.922 0.388 0. 387.172 -0.388 -0.922 0. -38.379 0. 0. 1. 0.
-0.922 0.387 0. 386.743 -0.387 -0.922 0. -38.518 0. 0. 1. 0.
-0.923 0.386 0. 386.385 -0.386 -0.923 0. -38.662 0. 0. 1. 0.
-0.923 0.385 0. 386.062 -0.385 -0.923 0. -38.819 0. 0. 1. 0.
-0.924 0.383 0. 385.777 -0.383 -0.924 0. -38.902 0. 0. 1. 0.
-0.924 0.381 0. 385.531 -0.381 -0.924 0. -38.996 0. 0. 1. 0.
-0.924 0.381 0. 385.310 -0.381 -0.924 0. -39.087 0. 0. 1. 0.
-0.925 0.380 0. 385.130 -0.380 -0.925 0. -39.144 0. 0. 1. 0.
-0.925 0.381 0. 384.984 -0.381 -0.925 0. -39.249 0. 0. 1. 0.
-0.925 0.380 0. 384.866 -0.380 -0.925 0. -39.300 0. 0. 1. 0.
-0.925 0.380 0. 384.753 -0.380 -0.925 0. -39.326 0. 0. 1. 0.
-0.925 0.380 0. 384.663 -0.380 -0.925 0. -39.350 0. 0. 1. 0.
-0.925 0.380 0. 384.579 -0.380 -0.925 0. -39.387 0. 0. 1. 0.
-0.925 0.380 0. 384.527 -0.380 -0.925 0. -39.414 0. 0. 1. 0.
-0.925 0.380 0. 384.516 -0.380 -0.925 0. -39.437 0. 0. 1. 0.
-0.925 0.380 0. 384.513 -0.380 -0.925 0. -39.437 0. 0. 1. 0.
-0.925 0.380 0. 384.506 -0.380 -0.925 0. -39.412 0. 0. 1. 0.
-0.925 0.380 0. 384.511 -0.380 -0.925 0. -39.414 0. 0. 1. 0.
-0.925 0.380 0. 384.505 -0.380 -0.925 0. -39.424 0. 0. 1. 0.
-0.925 0.379 0. 384.518 -0.379 -0.925 0. -39.431 0. 0. 1. 0.
-0.925 0.379 0. 384.515 -0.379 -0.925 0. -39.413 0. 0. 1. 0.
-0.925 0.380 0. 384.517 -0.380 -0.925 0. -39.430 0. 0. 1. 0.
-0.925 0.380 0. 384.508 -0.380 -0.925 0. -39.417 0. 0. 1. 0.
-0.925 0.380 0. 384.518 -0.380 -0.925 0. -39.433 0. 0. 1. 0.
-0.925 0.379 0. 384.519 -0.379 -0.925 0. -39.422 0. 0. 1. 0.
-0.925 0.379 0. 384.526 -0.379 -0.925 0. -39.437 0. 0. 1. 0.
-0.925 0.379 0. 384.515 -0.379 -0.925 0. -39.415 0. 0. 1. 0.
-0.925 0.380 0. 384.513 -0.380 -0.925 0. -39.414 0. 0. 1. 0.
-0.925 0.380 0. 384.516 -0.380 -0.925 0. -39.423 0. 0. 1. 0.
-0.925 0.380 0. 384.521 -0.380 -0.925 0. -39.430 0. 0. 1. 0.
-0.925 0.379 0. 384.523 -0.379 -0.925 0. -39.430 0. 0. 1. 0.
-0.925 0.380 0. 384.528 -0.380 -0.925 0. -39.426 0. 0. 1. 0.
-0.925 0.379 0. 384.515 -0.379 -0.925 0. -39.415 0. 0. 1. 0.
-0.925 0.379 0. 384.520 -0.379 -0.925 0. -39.428 0. 0. 1. 0.
-0.925 0.379 0. 384.516 -0.379 -0.925 0. -39.421 0. 0. 1. 0.
-0.925 0.380 0. 384.526 -0.380 -0.925 0. -39.426 0. 0. 1. 0.
-0.925 0.379 0. 384.516 -0.379 -0.925 0. -39.418 0. 0. 1. 0.
-0.925 0.379 0. 384.522 -0.379 -0.925 0. -39.420 0. 0. 1. 0.
-0.925 0.379 0. 384.519 -0.379 -0.925 0. -39.425 0. 0. 1. 0.
-0.925 0.380 0. 384.514 -0.380 -0.925 0. -39.414 0. 0. 1. 0.
-0.925 0.380 0. 384.514 -0.380 -0.925 0. -39.422 0. 0. 1. 0.
-0.925 0.380 0. 384.521 -0.380 -0.925 0. -39.425 0. 0. 1. 0.
-0.925 0.380 0. 384.517 -0.380 -0.925 0. -39.413 0. 0. 1. 0.
-0.925 0.380 0. 384.510 -0.380 -0.925 0. -39.415 0. 0. 1. 0.
-0.925 0.380 0. 384.514 -0.380 -0.925 0. -39.416 0. 0. 1. 0.
-0.925 0.380 0. 384.505 -0.380 -0.925 0. -39.401 0. 0. 1. 0.
-0.925 0.379 0. 384.516 -0.379 -0.925 0. -39.416 0. 0. 1. 0.
-0.925 0.380 0. 384.517 -0.380 -0.925 0. -39.409 0. 0. 1. 0.
-0.925 0.379 0. 384.521 -0.379 -0.925 0. -39.415 0. 0. 1. 0.
-0.925 0.379 0. 384.519 -0.379 -0.925 0. -39.425 0. 0. 1. 0.
-0.925 0.380 0. 384.523 -0.380 -0.925 0. -39.419 0. 0. 1. 0.
-0.925 0.379 0. 384.514 -0.379 -0.925 0. -39.412 0. 0. 1. 0.
-0.925 0.379 0. 384.515 -0.379 -0.925 0. -39.405 0. 0. 1. 0.
-0.925 0.379 0. 384.506 -0.379 -0.925 0. -39.410 0. 0. 1. 0.
-0.925 0.379 0. 384.524 -0.379 -0.925 0. -39.417 0. 0. 1. 0.
-0.925 0.380 0. 384.509 -0.380 -0.925 0. -39.410 0. 0. 1. 0.
-0.925 0.380 0. 384.508 -0.380 -0.925 0. -39.412 0. 0. 1. 0.
-0.925 0.380 0. 384.513 -0.380 -0.925 0. -39.415 0. 0. 1. 0.
-0.925 0.379 0. 384.507 -0.379 -0.925 0. -39.411 0. 0. 1. 0.
-0.925 0.379 0. 384.515 -0.379 -0.925 0. -39.413 0. 0. 1. 0.
-0.925 0.380 0. 384.516 -0.380 -0.925 0. -39.416 0. 0. 1. 0.
-0.925 0.380 0. 384.510 -0.380 -0.925 0. -39.413 0. 0. 1. 0.
-0.925 0.380 0. 384.509 -0.380 -0.925 0. -39.414 0. 0. 1. 0.
-0.925 0.380 0. 384.506 -0.380 -0.925 0. -39.419 0. 0. 1. 0.
-0.925 0.380 0. 384.510 -0.380 -0.925 0. -39.420 0. 0. 1. 0.
-0.925 0.380 0. 384.506 -0.380 -0.925 0. -39.414 0. 0. 1. 0.
-0.925 0.380 0. 384.504 -0.380 -0.925 0. -39.413 0. 0. 1. 0.
-0.925 0.380 0. 384.507 -0.380 -0.925 0. -39.420 0. 0. 1. 0.
-0.925 0.380 0. 384.504 -0.380 -0.925 0. -39.408 0. 0. 1. 0.
-0.925 0.380 0. 384.507 -0.380 -0.925 0. -39.414 0. 0. 1. 0.
-0.925 0.379 0. 384.514 -0.379 -0.925 0. -39.418 0. 0. 1. 0.
-0.925 0.380 0. 384.509 -0.380 -0.925 0. -39.428 0. 0. 1. 0.
-0.925 0.379 0. 384.505 -0.379 -0.925 0. -39.411 0. 0. 1. 0.
-0.925 0.380 0. 384.506 -0.380 -0.925 0. -39.416 0. 0. 1. 0.
-0.925 0.379 0. 384.500 -0.379 -0.925 0. -39.400 0. 0. 1. 0.
-0.925 0.379 0. 384.502 -0.379 -0.925 0. -39.422 0. 0. 1. 0.
-0.925 0.379 0. 384.475 -0.379 -0.925 0. -39.422 0. 0. 1. 0.
-0.925 0.379 0. 384.440 -0.379 -0.925 0. -39.438 0. 0. 1. 0.
-0.925 0.379 0. 384.374 -0.379 -0.925 0. -39.451 0. 0. 1. 0.
-0.926 0.378 0. 384.288 -0.378 -0.926 0. -39.491 0. 0. 1. 0.
-0.926 0.378 0. 384.127 -0.378 -0.926 0. -39.509 0. 0. 1. 0.
-0.926 0.378 0. 383.900 -0.378 -0.926 0. -39.605 0. 0. 1. 0.
-0.926 0.376 0. 383.642 -0.376 -0.926 0. -39.731 0. 0. 1. 0.
-0.926 0.376 0. 383.316 -0.376 -0.926 0. -39.854 0. 0. 1. 0.
-0.927 0.376 0. 382.953 -0.376 -0.927 0. -40.019 0. 0. 1. 0.
-0.927 0.376 0. 382.434 -0.376 -0.927 0. -40.173 0. 0. 1. 0.
-0.927 0.374 0. 381.919 -0.374 -0.927 0. -40.405 0. 0. 1. 0.
-0.928 0.372 0. 381.311 -0.372 -0.928 0. -40.620 0. 0. 1. 0.
-0.929 0.370 0. 380.637 -0.370 -0.929 0. -40.876 0. 0. 1. 0.
-0.929 0.369 0. 379.881 -0.369 -0.929 0. -41.135 0. 0. 1. 0.
-0.929 0.369 0. 379.065 -0.369 -0.929 0. -41.489 0. 0. 1. 0.
-0.929 0.369 0. 378.181 -0.369 -0.929 0. -41.814 0. 0. 1. 0.
-0.930 0.368 0. 377.235 -0.368 -0.930 0. -42.182 0. 0. 1. 0.
-0.930 0.367 0. 376.174 -0.367 -0.930 0. -42.581 0. 0. 1. 0.
-0.930 0.367 0. 375.111 -0.367 -0.930 0. -43.005 0. 0. 1. 0.
-0.931 0.365 0. 373.923 -0.365 -0.931 0. -43.408 0. 0. 1. 0.
-0.932 0.361 0. 372.677 -0.361 -0.932 0. -43.811 0. 0. 1. 0.
-0.934 0.358 0. 371.395 -0.358 -0.934 0. -44.300 0. 0. 1. 0.
-0.935 0.354 0. 370.053 -0.354 -0.935 0. -44.811 0. 0. 1. 0.
-0.938 0.347 0. 368.653 -0.347 -0.938 0. -45.336 0. 0. 1. 0.
-0.940 0.341 0. 367.183 -0.341 -0.940 0. -45.807 0. 0. 1. 0.
-0.942 0.335 0. 365.684 -0.335 -0.942 0. -46.315 0. 0. 1. 0.
-0.944 0.330 0. 364.072 -0.330 -0.944 0. -46.784 0. 0. 1. 0.
-0.945 0.327 0. 362.461 -0.327 -0.945 0. -47.343 0. 0. 1. 0.
-0.947 0.320 0. 360.798 -0.320 -0.947 0. -47.922 0. 0. 1. 0.
-0.948 0.317 0. 359.055 -0.317 -0.948 0. -48.450 0. 0. 1. 0.
-0.950 0.311 0. 357.298 -0.311 -0.950 0. -49.013 0. 0. 1. 0.
-0.952 0.307 0. 355.446 -0.307 -0.952 0. -49.578 0. 0. 1. 0.
-0.954 0.301 0. 353.598 -0.301 -0.954 0. -50.176 0. 0. 1. 0.
-0.955 0.296 0. 351.656 -0.296 -0.955 0. -50.703 0. 0. 1. 0.
-0.957 0.291 0. 349.669 -0.291 -0.957 0. -51.256 0. 0. 1. 0.
-0.958 0.286 0. 347.653 -0.286 -0.958 0. -51.803 0. 0. 1. 0.
-0.959 0.282 0. 345.609 -0.282 -0.959 0. -52.389 0. 0. 1. 0.
-0.961 0.276 0. 343.483 -0.276 -0.961 0. -52.971 0. 0. 1. 0.
-0.962 0.273 0. 341.339 -0.273 -0.962 0. -53.517 0. 0. 1. 0.
-0.962 0.273 0. 339.169 -0.273 -0.962 0. -54.093 0. 0. 1. 0.
-0.961 0.276 0. 336.987 -0.276 -0.961 0. -54.666 0. 0. 1. 0.
-0.960 0.281 0. 334.792 -0.281 -0.960 0. -55.278 0. 0. 1. 0.
-0.959 0.284 0. 332.563 -0.284 -0.959 0. -55.875 0. 0. 1. 0.
-0.958 0.287 0. 330.328 -0.287 -0.958 0. -56.491 0. 0. 1. 0.
-0.955 0.296 0. 328.067 -0.296 -0.955 0. -57.150 0. 0. 1. 0.
-0.953 0.304 0. 325.851 -0.304 -0.953 0. -57.838 0. 0. 1. 0.
-0.949 0.315 0. 323.583 -0.315 -0.949 0. -58.511 0. 0. 1. 0.
-0.947 0.321 0. 321.327 -0.321 -0.947 0. -59.250 0. 0. 1. 0.
-0.945 0.328 0. 319.054 -0.328 -0.945 0. -60.005 0. 0. 1. 0.
-0.945 0.328 0. 316.778 -0.328 -0.945 0. -60.735 0. 0. 1. 0.
-0.945 0.328 0. 314.460 -0.328 -0.945 0. -61.529 0. 0. 1. 0.
-0.944 0.329 0. 312.186 -0.329 -0.944 0. -62.271 0. 0. 1. 0.
-0.943 0.334 0. 309.876 -0.334 -0.943 0. -63.065 0. 0. 1. 0.
-0.941 0.338 0. 307.585 -0.338 -0.941 0. -63.901 0. 0. 1. 0.
-0.940 0.340 0. 305.266 -0.340 -0.940 0. -64.741 0. 0. 1. 0.
-0.939 0.345 0. 302.923 -0.345 -0.939 0. -65.548 0. 0. 1. 0.
-0.937 0.349 0. 300.593 -0.349 -0.937 0. -66.388 0. 0. 1. 0.
-0.936 0.352 0. 298.301 -0.352 -0.936 0. -67.233 0. 0. 1. 0.
-0.934 0.356 0. 295.977 -0.356 -0.934 0. -68.059 0. 0. 1. 0.
-0.933 0.360 0. 293.662 -0.360 -0.933 0. -68.897 0. 0. 1. 0.
-0.931 0.364 0. 291.318 -0.364 -0.931 0. -69.739 0. 0. 1. 0.
-0.931 0.364 0. 288.985 -0.364 -0.931 0. -70.583 0. 0. 1. 0.
-0.931 0.365 0. 286.613 -0.365 -0.931 0. -71.434 0. 0. 1. 0.
-0.932 0.362 0. 284.282 -0.362 -0.932 0. -72.301 0. 0. 1. 0.
-0.934 0.358 0. 281.894 -0.358 -0.934 0. -73.219 0. 0. 1. 0.
-0.934 0.358 0. 279.529 -0.358 -0.934 0. -74.078 0. 0. 1. 0.
-0.934 0.357 0. 277.163 -0.357 -0.934 0. -74.911 0. 0. 1. 0.
-0.934 0.358 0. 274.767 -0.358 -0.934 0. -75.849 0. 0. 1. 0.
-0.933 0.359 0. 272.348 -0.359 -0.933 0. -76.741 0. 0. 1. 0.
-0.934 0.358 0. 269.955 -0.358 -0.934 0. -77.530 0. 0. 1. 0.
-0.933 0.359 0. 267.543 -0.359 -0.933 0. -78.421 0. 0. 1. 0.
-0.932 0.361 0. 265.138 -0.361 -0.932 0. -79.333 0. 0. 1. 0.
-0.933 0.361 0. 262.724 -0.361 -0.933 0. -80.154 0. 0. 1. 0.
-0.932 0.363 0. 260.311 -0.363 -0.932 0. -81.076 0. 0. 1. 0.
-0.931 0.364 0. 257.872 -0.364 -0.931 0. -81.998 0. 0. 1. 0.
-0.931 0.366 0. 255.422 -0.366 -0.931 0. -82.938 0. 0. 1. 0.
-0.930 0.369 0. 252.938 -0.369 -0.930 0. -83.859 0. 0. 1. 0.
-0.929 0.370 0. 250.475 -0.370 -0.929 0. -84.817 0. 0. 1. 0.
-0.928 0.371 0. 248.014 -0.371 -0.928 0. -85.776 0. 0. 1. 0.
-0.927 0.375 0. 245.577 -0.375 -0.927 0. -86.743 0. 0. 1. 0.
-0.927 0.376 0. 243.098 -0.376 -0.927 0. -87.695 0. 0. 1. 0.
-0.926 0.379 0. 240.662 -0.379 -0.926 0. -88.662 0. 0. 1. 0.
-0.924 0.382 0. 238.176 -0.382 -0.924 0. -89.648 0. 0. 1. 0.
-0.924 0.382 0. 235.727 -0.382 -0.924 0. -90.673 0. 0. 1. 0.
-0.924 0.382 0. 233.245 -0.382 -0.924 0. -91.677 0. 0. 1. 0.
-0.925 0.380 0. 230.778 -0.380 -0.925 0. -92.660 0. 0. 1. 0.
-0.925 0.380 0. 228.259 -0.380 -0.925 0. -93.538 0. 0. 1. 0.
-0.926 0.378 0. 225.878 -0.378 -0.926 0. -94.556 0. 0. 1. 0.
-0.927 0.376 0. 223.457 -0.376 -0.927 0. -95.462 0. 0. 1. 0.
-0.927 0.374 0. 220.973 -0.374 -0.927 0. -96.435 0. 0. 1. 0.
-0.929 0.371 0. 218.566 -0.371 -0.929 0. -97.465 0. 0. 1. 0.
-0.929 0.370 0. 216.142 -0.370 -0.929 0. -98.409 0. 0. 1. 0.
-0.929 0.369 0. 213.667 -0.369 -0.929 0. -99.264 0. 0. 1. 0.
-0.930 0.368 0. 211.267 -0.368 -0.930 0. -100.255 0. 0. 1. 0.
-0.930 0.367 0. 208.828 -0.367 -0.930 0. -101.158 0. 0. 1. 0.
-0.930 0.368 0. 206.395 -0.368 -0.930 0. -101.981 0. 0. 1. 0.
-0.930 0.366 0. 203.947 -0.366 -0.930 0. -102.812 0. 0. 1. 0.
-0.930 0.367 0. 201.630 -0.367 -0.930 0. -103.794 0. 0. 1. 0.
-0.930 0.367 0. 199.239 -0.367 -0.930 0. -104.697 0. 0. 1. 0.
-0.931 0.366 0. 196.910 -0.366 -0.931 0. -105.577 0. 0. 1. 0.
-0.932 0.362 0. 194.582 -0.362 -0.932 0. -106.481 0. 0. 1. 0.
-0.933 0.359 0. 192.229 -0.359 -0.933 0. -107.268 0. 0. 1. 0.
-0.933 0.359 0. 189.885 -0.359 -0.933 0. -108.093 0. 0. 1. 0.
-0.935 0.354 0. 187.599 -0.354 -0.935 0. -109.066 0. 0. 1. 0.
-0.936 0.351 0. 185.262 -0.351 -0.936 0. -109.898 0. 0. 1. 0.
-0.938 0.348 0. 182.902 -0.348 -0.938 0. -110.657 0. 0. 1. 0.
-0.941 0.340 0. 180.529 -0.340 -0.941 0. -111.423 0. 0. 1. 0.
-0.942 0.335 0. 178.168 -0.335 -0.942 0. -112.203 0. 0. 1. 0.
-0.943 0.332 0. 175.822 -0.332 -0.943 0. -112.978 0. 0. 1. 0.
-0.944 0.329 0. 173.414 -0.329 -0.944 0. -113.760 0. 0. 1. 0.
-0.944 0.329 0. 171.014 -0.329 -0.944 0. -114.567 0. 0. 1. 0.
-0.944 0.329 0. 168.602 -0.329 -0.944 0. -115.303 0. 0. 1. 0.
-0.944 0.330 0. 166.192 -0.330 -0.944 0. -116.129 0. 0. 1. 0.
-0.944 0.331 0. 163.785 -0.331 -0.944 0. -116.910 0. 0. 1. 0.
-0.943 0.333 0. 161.367 -0.333 -0.943 0. -117.734 0. 0. 1. 0.
-0.942 0.336 0. 158.947 -0.336 -0.942 0. -118.552 0. 0. 1. 0.
-0.939 0.343 0. 156.551 -0.343 -0.939 0. -119.459 0. 0. 1. 0.
-0.937 0.349 0. 154.133 -0.349 -0.937 0. -120.292 0. 0. 1. 0.
-0.936 0.352 0. 151.771 -0.352 -0.936 0. -121.130 0. 0. 1. 0.
-0.935 0.356 0. 149.450 -0.356 -0.935 0. -121.999 0. 0. 1. 0.
-0.933 0.359 0. 147.132 -0.359 -0.933 0. -122.899 0. 0. 1. 0.
-0.933 0.360 0. 144.830 -0.360 -0.933 0. -123.720 0. 0. 1. 0.
-0.932 0.361 0. 142.480 -0.361 -0.932 0. -124.487 0. 0. 1. 0.
-0.933 0.360 0. 140.244 -0.360 -0.933 0. -125.378 0. 0. 1. 0.
-0.934 0.357 0. 138.030 -0.357 -0.934 0. -126.232 0. 0. 1. 0.
-0.935 0.354 0. 135.833 -0.354 -0.935 0. -126.990 0. 0. 1. 0.
-0.937 0.350 0. 133.695 -0.350 -0.937 0. -127.738 0. 0. 1. 0.
-0.938 0.347 0. 131.662 -0.347 -0.938 0. -128.453 0. 0. 1. 0.
-0.940 0.341 0. 129.714 -0.341 -0.940 0. -129.155 0. 0. 1. 0.
-0.942 0.337 0. 127.823 -0.337 -0.942 0. -129.787 0. 0. 1. 0.
-0.943 0.334 0. 126.048 -0.334 -0.943 0. -130.385 0. 0. 1. 0.
-0.944 0.330 0. 124.345 -0.330 -0.944 0. -130.962 0. 0. 1. 0.
-0.945 0.326 0. 122.738 -0.326 -0.945 0. -131.487 0. 0. 1. 0.
-0.946 0.324 0. 121.231 -0.324 -0.946 0. -131.971 0. 0. 1. 0.
-0.947 0.321 0. 119.829 -0.321 -0.947 0. -132.447 0. 0. 1. 0.
-0.947 0.320 0. 118.491 -0.320 -0.947 0. -132.855 0. 0. 1. 0.
-0.949 0.316 0. 117.272 -0.316 -0.949 0. -133.221 0. 0. 1. 0.
-0.949 0.316 0. 116.137 -0.316 -0.949 0. -133.563 0. 0. 1. 0.
-0.949 0.316 0. 115.145 -0.316 -0.949 0. -133.927 0. 0. 1. 0.
-0.950 0.313 0. 114.202 -0.313 -0.950 0. -134.180 0. 0. 1. 0.
-0.950 0.313 0. 113.364 -0.313 -0.950 0. -134.459 0. 0. 1. 0.
-0.951 0.310 0. 112.619 -0.310 -0.951 0. -134.705 0. 0. 1. 0.
-0.951 0.309 0. 111.926 -0.309 -0.951 0. -134.870 0. 0. 1. 0.
-0.951 0.308 0. 111.317 -0.308 -0.951 0. -135.023 0. 0. 1. 0.
-0.953 0.304 0. 110.812 -0.304 -0.953 0. -135.210 0. 0. 1. 0.
-0.953 0.303 0. 110.394 -0.303 -0.953 0. -135.429 0. 0. 1. 0.
-0.953 0.302 0. 110.031 -0.302 -0.953 0. -135.488 0. 0. 1. 0.
-0.954 0.299 0. 109.762 -0.299 -0.954 0. -135.509 0. 0. 1. 0.
-0.954 0.299 0. 109.555 -0.299 -0.954 0. -135.569 0. 0. 1. 0.
-0.955 0.298 0. 109.366 -0.298 -0.955 0. -135.628 0. 0. 1. 0.
-0.955 0.297 0. 109.211 -0.297 -0.955 0. -135.694 0. 0. 1. 0.
-0.955 0.297 0. 109.071 -0.297 -0.955 0. -135.717 0. 0. 1. 0.
-0.955 0.297 0. 109.003 -0.297 -0.955 0. -135.740 0. 0. 1. 0.
-0.955 0.297 0. 108.965 -0.297 -0.955 0. -135.759 0. 0. 1. 0.
-0.955 0.297 0. 108.967 -0.297 -0.955 0. -135.749 0. 0. 1. 0.
-0.955 0.296 0. 108.965 -0.296 -0.955 0. -135.738 0. 0. 1. 0.
-0.955 0.297 0. 108.972 -0.297 -0.955 0. -135.754 0. 0. 1. 0.
-0.955 0.297 0. 108.966 -0.297 -0.955 0. -135.743 0. 0. 1. 0.
-0.955 0.297 0. 108.983 -0.297 -0.955 0. -135.749 0. 0. 1. 0.
-0.955 0.298 0. 108.979 -0.298 -0.955 0. -135.764 0. 0. 1. 0.
-0.954 0.298 0. 108.978 -0.298 -0.954 0. -135.761 0. 0. 1. 0.
-0.955 0.298 0. 108.982 -0.298 -0.955 0. -135.757 0. 0. 1. 0.
-0.955 0.298 0. 108.960 -0.298 -0.955 0. -135.754 0. 0. 1. 0.
-0.955 0.298 0. 108.967 -0.298 -0.955 0. -135.755 0. 0. 1. 0.
-0.955 0.298 0. 108.965 -0.298 -0.955 0. -135.756 0. 0. 1. 0.
