1618527348747220 1.00000 0.00000 0.00000 -0.00000 0.00000 -1.00000 0.00000 0.00000 0.00000 -0.00000 -1.00000 0.00000
1618527348997225 1.00000 -0.00301 0.00000 -0.02352 -0.00301 -1.00000 0.00000 0.06957 -0.00000 -0.00000 -1.00000 0.00000
1618527349246603 1.00000 -0.00196 0.00000 -0.00385 -0.00196 -1.00000 0.00000 0.02773 -0.00000 -0.00000 -1.00000 0.00000
1618527349496609 1.00000 0.00207 0.00000 -0.00992 0.00207 -1.00000 0.00000 -0.03123 0.00000 -0.00000 -1.00000 -0.00000
1618527349746612 1.00000 -0.00007 0.00000 -0.00764 -0.00007 -1.00000 0.00000 -0.05335 -0.00000 -0.00000 -1.00000 -0.00000
1618527349996613 1.00000 0.00141 -0.00000 -0.00347 0.00141 -1.00000 0.00000 -0.02672 0.00000 -0.00000 -1.00000 -0.00000
1618527350247243 1.00000 -0.00165 -0.00000 -0.00754 -0.00165 -1.00000 0.00000 -0.04239 -0.00000 -0.00000 -1.00000 -0.00000
1618527350497874 1.00000 -0.00011 0.00000 0.01079 -0.00011 -1.00000 0.00000 -0.01242 -0.00000 -0.00000 -1.00000 -0.00000
1618527350747876 1.00000 0.00153 0.00000 -0.00983 0.00153 -1.00000 0.00000 0.01860 0.00000 -0.00000 -1.00000 0.00000
1618527350997881 1.00000 0.00182 -0.00000 -0.00992 0.00182 -1.00000 0.00000 -0.00232 0.00000 -0.00000 -1.00000 -0.00000
1618527351247880 1.00000 -0.00278 -0.00000 -0.02258 -0.00278 -1.00000 0.00000 0.01588 -0.00000 -0.00000 -1.00000 0.00000
1618527351497889 0.99998 -0.00643 0.00000 -0.01171 -0.00643 -0.99998 0.00000 -0.00835 -0.00000 -0.00000 -1.00000 -0.00000
1618527351747262 1.00000 -0.00230 0.00000 -0.01691 -0.00230 -1.00000 0.00000 0.02001 -0.00000 -0.00000 -1.00000 0.00000
1618527351997267 0.99998 -0.00617 -0.00000 -0.02802 -0.00617 -0.99998 0.00000 -0.01209 -0.00000 -0.00000 -1.00000 -0.00000
1618527352246643 1.00000 0.00124 0.00000 -0.01637 0.00124 -1.00000 0.00000 -0.01930 0.00000 -0.00000 -1.00000 -0.00000
1618527352496645 0.99999 -0.00514 0.00000 -0.06865 -0.00514 -0.99999 0.00000 0.02914 -0.00000 -0.00000 -1.00000 0.00000
1618527352746026 0.99999 -0.00327 0.00000 -0.11410 -0.00327 -0.99999 0.00000 -0.07420 -0.00000 -0.00000 -1.00000 -0.00000
1618527352996654 0.99991 -0.01344 0.00000 -0.19183 -0.01344 -0.99991 0.00000 0.00731 -0.00000 -0.00000 -1.00000 0.00000
1618527353246654 0.99984 -0.01765 0.00000 -0.34096 -0.01765 -0.99984 0.00000 -0.00556 -0.00000 -0.00000 -1.00000 -0.00000
1618527353497904 0.99940 -0.03474 0.00000 -0.62063 -0.03474 -0.99940 0.00000 0.01944 -0.00000 -0.00000 -1.00000 0.00000
1618527353748538 0.99833 -0.05785 0.00000 -0.98100 -0.05785 -0.99833 0.00000 -0.06882 -0.00000 -0.00000 -1.00000 -0.00000
1618527353998544 0.99614 -0.08783 0.00000 -1.43866 -0.08783 -0.99614 0.00000 -0.00103 -0.00000 -0.00000 -1.00000 -0.00000
1618527354248545 0.99305 -0.11770 -0.00000 -1.95224 -0.11770 -0.99305 0.00000 0.02522 -0.00000 -0.00000 -1.00000 0.00000
1618527354498552 0.99026 -0.13926 0.00000 -2.61265 -0.13926 -0.99026 0.00000 -0.02541 -0.00000 -0.00000 -1.00000 -0.00000
1618527354747303 0.98830 -0.15255 -0.00000 -3.43656 -0.15255 -0.98830 0.00000 0.07084 -0.00000 -0.00000 -1.00000 0.00000
1618527354997306 0.98769 -0.15645 0.00000 -4.36526 -0.15645 -0.98769 0.00000 -0.09669 -0.00000 -0.00000 -1.00000 -0.00000
1618527355247308 0.98580 -0.16794 0.00000 -5.36567 -0.16794 -0.98580 0.00000 0.03234 -0.00000 -0.00000 -1.00000 0.00000
1618527355497311 0.98573 -0.16834 0.00000 -6.31180 -0.16834 -0.98573 0.00000 0.08098 -0.00000 -0.00000 -1.00000 0.00000
1618527355747319 0.98444 -0.17573 0.00000 -7.45203 -0.17573 -0.98444 0.00000 0.26601 -0.00000 -0.00000 -1.00000 0.00000
1618527355996696 0.98436 -0.17617 0.00000 -8.61421 -0.17617 -0.98436 0.00000 0.18289 -0.00000 -0.00000 -1.00000 0.00000
1618527356246695 0.98434 -0.17627 0.00000 -9.80101 -0.17627 -0.98434 0.00000 0.08831 -0.00000 -0.00000 -1.00000 0.00000
1618527356496701 0.98420 -0.17708 0.00000 -10.98402 -0.17708 -0.98420 0.00000 0.09591 -0.00000 -0.00000 -1.00000 0.00000
1618527356747329 0.98303 -0.18345 0.00000 -12.28535 -0.18345 -0.98303 0.00000 0.20451 -0.00000 -0.00000 -1.00000 0.00000
1618527356997328 0.98398 -0.17829 -0.00000 -13.61791 -0.17829 -0.98398 0.00000 0.07355 -0.00000 -0.00000 -1.00000 0.00000
1618527357247335 0.98638 -0.16447 0.00000 -15.02228 -0.16447 -0.98638 0.00000 -0.09736 -0.00000 -0.00000 -1.00000 -0.00000
1618527357497340 0.98948 -0.14468 0.00000 -16.55255 -0.14468 -0.98948 0.00000 -0.47819 -0.00000 -0.00000 -1.00000 -0.00000
1618527357747342 0.99018 -0.13976 0.00000 -18.08918 -0.13976 -0.99018 0.00000 -0.58447 -0.00000 -0.00000 -1.00000 -0.00000
1618527357996718 0.99135 -0.13122 0.00000 -19.56518 -0.13122 -0.99135 0.00000 -0.71887 -0.00000 -0.00000 -1.00000 -0.00000
1618527358246720 0.99217 -0.12493 0.00000 -21.16633 -0.12493 -0.99217 0.00000 -0.85789 -0.00000 -0.00000 -1.00000 -0.00000
1618527358496730 0.99330 -0.11555 0.00000 -22.77349 -0.11555 -0.99330 0.00000 -1.09639 -0.00000 -0.00000 -1.00000 -0.00000
1618527358746732 0.99341 -0.11463 0.00000 -24.48015 -0.11463 -0.99341 0.00000 -1.21604 -0.00000 -0.00000 -1.00000 -0.00000
1618527358997361 0.99428 -0.10680 0.00000 -26.14262 -0.10680 -0.99428 0.00000 -1.41516 -0.00000 -0.00000 -1.00000 -0.00000
1618527359247982 0.99605 -0.08878 0.00000 -27.89662 -0.08878 -0.99605 0.00000 -1.93910 -0.00000 -0.00000 -1.00000 -0.00000
1618527359498610 0.99685 -0.07927 0.00000 -29.59234 -0.07927 -0.99685 0.00000 -2.20000 -0.00000 -0.00000 -1.00000 -0.00000
1618527359748620 0.99766 -0.06835 0.00000 -31.32723 -0.06835 -0.99766 0.00000 -2.54381 -0.00000 -0.00000 -1.00000 -0.00000
1618527359999247 0.99814 -0.06100 0.00000 -33.00522 -0.06100 -0.99814 0.00000 -2.80901 -0.00000 -0.00000 -1.00000 -0.00000
1618527360249249 0.99877 -0.04958 0.00000 -34.70564 -0.04958 -0.99877 0.00000 -3.15920 -0.00000 -0.00000 -1.00000 -0.00000
1618527360498001 0.99953 -0.03060 0.00000 -36.34241 -0.03060 -0.99953 0.00000 -3.96270 -0.00000 -0.00000 -1.00000 -0.00000
1618527360748630 0.99974 -0.02291 -0.00000 -38.09066 -0.02291 -0.99974 0.00000 -4.10682 -0.00000 -0.00000 -1.00000 -0.00000
1618527360998635 0.99973 -0.02325 0.00000 -39.81441 -0.02325 -0.99973 0.00000 -4.13365 -0.00000 -0.00000 -1.00000 -0.00000
1618527361248013 0.99985 -0.01734 -0.00000 -41.50739 -0.01734 -0.99985 0.00000 -4.54843 -0.00000 -0.00000 -1.00000 -0.00000
1618527361498018 0.99997 -0.00723 0.00000 -43.18750 -0.00723 -0.99997 0.00000 -4.89491 -0.00000 -0.00000 -1.00000 -0.00000
1618527361748020 0.99998 -0.00578 0.00000 -45.03131 -0.00578 -0.99998 0.00000 -4.95867 -0.00000 -0.00000 -1.00000 -0.00000
1618527361997394 0.99997 -0.00792 0.00000 -46.83496 -0.00792 -0.99997 0.00000 -5.03430 -0.00000 -0.00000 -1.00000 -0.00000
1618527362248029 0.99989 -0.01515 0.00000 -48.68688 -0.01515 -0.99989 0.00000 -4.58862 -0.00000 -0.00000 -1.00000 -0.00000
1618527362497404 0.99993 -0.01214 0.00000 -50.58760 -0.01214 -0.99993 0.00000 -4.81809 -0.00000 -0.00000 -1.00000 -0.00000
1618527362747404 0.99993 -0.01195 0.00000 -52.46868 -0.01195 -0.99993 0.00000 -4.82571 -0.00000 -0.00000 -1.00000 -0.00000
1618527362997406 0.99990 -0.01433 -0.00000 -54.35552 -0.01433 -0.99990 0.00000 -4.56673 -0.00000 -0.00000 -1.00000 -0.00000
1618527363247421 0.99995 -0.01039 0.00000 -56.32599 -0.01039 -0.99995 0.00000 -4.98478 -0.00000 -0.00000 -1.00000 -0.00000
1618527363497419 0.99999 -0.00461 0.00000 -58.24149 -0.00461 -0.99999 0.00000 -5.38378 -0.00000 -0.00000 -1.00000 -0.00000
1618527363747457 0.99998 -0.00587 0.00000 -60.26704 -0.00587 -0.99998 0.00000 -5.29148 -0.00000 -0.00000 -1.00000 -0.00000
1618527363997423 0.99994 -0.01109 0.00000 -62.34030 -0.01109 -0.99994 0.00000 -5.02749 -0.00000 -0.00000 -1.00000 -0.00000
1618527364247426 0.99995 -0.00959 0.00000 -64.38413 -0.00959 -0.99995 0.00000 -5.16489 -0.00000 -0.00000 -1.00000 -0.00000
1618527364496809 0.99996 -0.00875 0.00000 -66.38063 -0.00875 -0.99996 0.00000 -5.30663 -0.00000 -0.00000 -1.00000 -0.00000
1618527364746810 0.99997 -0.00716 0.00000 -68.39448 -0.00716 -0.99997 0.00000 -5.39028 -0.00000 -0.00000 -1.00000 -0.00000
1618527364997437 0.99993 -0.01190 0.00000 -70.44578 -0.01190 -0.99993 0.00000 -4.96532 -0.00000 -0.00000 -1.00000 -0.00000
1618527365247442 0.99998 -0.00662 0.00000 -72.39648 -0.00662 -0.99998 0.00000 -5.36496 -0.00000 -0.00000 -1.00000 -0.00000
1618527365497441 0.99999 -0.00527 0.00000 -74.41939 -0.00527 -0.99999 0.00000 -5.48871 -0.00000 -0.00000 -1.00000 -0.00000
1618527365747448 0.99993 -0.01171 0.00000 -76.36534 -0.01171 -0.99993 0.00000 -5.11381 -0.00000 -0.00000 -1.00000 -0.00000
1618527365997452 0.99988 -0.01534 0.00000 -78.42282 -0.01534 -0.99988 0.00000 -4.84406 -0.00000 -0.00000 -1.00000 -0.00000
1618527366247454 0.99970 -0.02468 -0.00000 -80.41950 -0.02468 -0.99970 0.00000 -4.09582 -0.00000 -0.00000 -1.00000 -0.00000
1618527366497459 0.99921 -0.03975 -0.00000 -82.42569 -0.03975 -0.99921 0.00000 -2.87137 -0.00000 -0.00000 -1.00000 -0.00000
1618527366747461 0.99754 -0.07009 0.00000 -84.41264 -0.07009 -0.99754 0.00000 -0.37459 -0.00000 -0.00000 -1.00000 -0.00000
1618527366997473 0.99485 -0.10139 0.00000 -86.23319 -0.10139 -0.99485 0.00000 2.24139 -0.00000 -0.00000 -1.00000 0.00000
1618527367246840 0.99174 -0.12829 -0.00000 -88.01755 -0.12829 -0.99174 0.00000 4.56067 -0.00000 -0.00000 -1.00000 0.00000
1618527367497471 0.98572 -0.16841 0.00000 -89.61224 -0.16841 -0.98572 0.00000 8.10763 -0.00000 -0.00000 -1.00000 0.00000
1618527367747476 0.97553 -0.21989 0.00000 -90.86915 -0.21989 -0.97553 0.00000 12.76782 -0.00000 -0.00000 -1.00000 0.00000
1618527367997481 0.96391 -0.26622 0.00000 -91.92193 -0.26622 -0.96391 0.00000 17.15156 -0.00000 -0.00000 -1.00000 0.00000
1618527368247479 0.95222 -0.30540 0.00000 -92.96186 -0.30540 -0.95222 0.00000 20.82686 -0.00000 -0.00000 -1.00000 0.00000
1618527368497482 0.93541 -0.35356 0.00000 -93.55679 -0.35356 -0.93541 0.00000 25.49069 -0.00000 -0.00000 -1.00000 0.00000
1618527368747488 0.91444 -0.40473 0.00000 -93.73977 -0.40473 -0.91444 0.00000 30.61780 -0.00000 -0.00000 -1.00000 0.00000
1618527368997484 0.89166 -0.45270 0.00000 -93.75390 -0.45270 -0.89166 0.00000 35.51708 -0.00000 -0.00000 -1.00000 0.00000
1618527369247497 0.86488 -0.50198 0.00000 -93.32727 -0.50198 -0.86488 0.00000 40.77657 -0.00000 -0.00000 -1.00000 0.00000
1618527369496874 0.83694 -0.54730 -0.00000 -92.66836 -0.54730 -0.83694 0.00000 45.47101 -0.00000 -0.00000 -1.00000 0.00000
1618527369746874 0.80349 -0.59531 0.00000 -91.62689 -0.59531 -0.80349 0.00000 50.83890 -0.00000 -0.00000 -1.00000 0.00000
1618527369997503 0.75932 -0.65071 0.00000 -89.55375 -0.65071 -0.75932 0.00000 57.42401 -0.00000 -0.00000 -1.00000 0.00000
1618527370247504 0.71642 -0.69767 0.00000 -87.42012 -0.69767 -0.71642 0.00000 62.94665 -0.00000 -0.00000 -1.00000 0.00000
1618527370498136 0.66292 -0.74869 0.00000 -84.16685 -0.74869 -0.66292 0.00000 69.28146 -0.00000 -0.00000 -1.00000 0.00000
1618527370748142 0.60797 -0.79396 0.00000 -80.69829 -0.79396 -0.60797 0.00000 75.11721 -0.00000 -0.00000 -1.00000 0.00000
1618527370997514 0.55784 -0.82995 0.00000 -77.60172 -0.82995 -0.55784 0.00000 79.74933 -0.00000 -0.00000 -1.00000 0.00000
1618527371247518 0.50729 -0.86178 0.00000 -74.33457 -0.86178 -0.50729 0.00000 84.39021 -0.00000 -0.00000 -1.00000 0.00000
1618527371496896 0.45308 -0.89147 0.00000 -70.59688 -0.89147 -0.45308 0.00000 88.66953 -0.00000 -0.00000 -1.00000 0.00000
1618527371746280 0.42058 -0.90726 -0.00000 -69.06452 -0.90726 -0.42058 0.00000 91.02254 -0.00000 -0.00000 -1.00000 0.00000
1618527371996907 0.39017 -0.92074 0.00000 -67.69676 -0.92074 -0.39017 0.00000 93.54484 -0.00000 -0.00000 -1.00000 0.00000
1618527372246907 0.36669 -0.93034 0.00000 -67.07628 -0.93034 -0.36669 0.00000 94.98216 -0.00000 -0.00000 -1.00000 0.00000
1618527372497535 0.34427 -0.93887 0.00000 -66.55039 -0.93887 -0.34427 0.00000 96.42153 -0.00000 -0.00000 -1.00000 0.00000
1618527372747535 0.33191 -0.94331 0.00000 -67.11668 -0.94331 -0.33191 0.00000 97.25617 -0.00000 -0.00000 -1.00000 0.00000
1618527372997545 0.32796 -0.94469 0.00000 -68.58464 -0.94469 -0.32796 0.00000 97.58909 -0.00000 -0.00000 -1.00000 0.00000
1618527373247545 0.32797 -0.94469 0.00000 -70.37428 -0.94469 -0.32797 0.00000 97.77828 -0.00000 -0.00000 -1.00000 0.00000
1618527373497546 0.32503 -0.94570 0.00000 -71.94133 -0.94570 -0.32503 0.00000 97.95116 -0.00000 -0.00000 -1.00000 0.00000
1618527373746920 0.33755 -0.94131 0.00000 -75.06806 -0.94131 -0.33755 0.00000 96.72242 -0.00000 -0.00000 -1.00000 0.00000
1618527373997562 0.35584 -0.93455 0.00000 -78.94840 -0.93455 -0.35584 0.00000 95.38574 -0.00000 -0.00000 -1.00000 0.00000
1618527374247558 0.36789 -0.92987 0.00000 -82.11955 -0.92987 -0.36789 0.00000 94.34095 -0.00000 -0.00000 -1.00000 0.00000
1618527374497561 0.38216 -0.92410 0.00000 -85.46782 -0.92410 -0.38216 0.00000 93.03856 -0.00000 -0.00000 -1.00000 0.00000
1618527374747564 0.40195 -0.91566 0.00000 -89.34292 -0.91566 -0.40195 0.00000 91.03090 -0.00000 -0.00000 -1.00000 0.00000
1618527374997579 0.41797 -0.90846 0.00000 -92.94814 -0.90846 -0.41797 0.00000 89.40173 -0.00000 -0.00000 -1.00000 0.00000
1618527375247570 0.42923 -0.90319 0.00000 -95.98927 -0.90319 -0.42923 0.00000 88.25379 -0.00000 -0.00000 -1.00000 0.00000
1618527375497575 0.44832 -0.89387 0.00000 -99.73570 -0.89387 -0.44832 0.00000 86.07488 -0.00000 -0.00000 -1.00000 0.00000
1618527375747576 0.46319 -0.88626 0.00000 -103.03860 -0.88626 -0.46319 0.00000 84.38587 -0.00000 -0.00000 -1.00000 0.00000
1618527375997581 0.46859 -0.88342 0.00000 -105.50610 -0.88342 -0.46859 0.00000 83.64545 -0.00000 -0.00000 -1.00000 0.00000
1618527376247584 0.47193 -0.88164 0.00000 -107.56428 -0.88164 -0.47193 0.00000 83.19424 -0.00000 -0.00000 -1.00000 0.00000
1618527376496962 0.47970 -0.87743 0.00000 -110.10052 -0.87743 -0.47970 0.00000 82.25924 -0.00000 -0.00000 -1.00000 0.00000
1618527376746968 0.48316 -0.87553 0.00000 -112.36517 -0.87553 -0.48316 0.00000 81.78629 -0.00000 -0.00000 -1.00000 0.00000
1618527376997595 0.48386 -0.87515 0.00000 -114.24765 -0.87515 -0.48386 0.00000 81.78190 -0.00000 -0.00000 -1.00000 0.00000
1618527377247594 0.48999 -0.87173 0.00000 -116.45982 -0.87173 -0.48999 0.00000 80.84321 -0.00000 -0.00000 -1.00000 0.00000
1618527377497601 0.49597 -0.86834 0.00000 -118.89784 -0.86834 -0.49597 0.00000 80.13779 -0.00000 -0.00000 -1.00000 0.00000
1618527377747621 0.50693 -0.86199 -0.00000 -121.67492 -0.86199 -0.50693 0.00000 78.53060 -0.00000 -0.00000 -1.00000 0.00000
1618527377997608 0.51354 -0.85807 0.00000 -123.96052 -0.85807 -0.51354 0.00000 77.52814 -0.00000 -0.00000 -1.00000 0.00000
1618527378247611 0.51701 -0.85598 0.00000 -126.02453 -0.85598 -0.51701 0.00000 77.11988 -0.00000 -0.00000 -1.00000 0.00000
1618527378496993 0.52881 -0.84874 0.00000 -128.77769 -0.84874 -0.52881 0.00000 75.26960 -0.00000 -0.00000 -1.00000 0.00000
1618527378746367 0.53273 -0.84629 0.00000 -130.76193 -0.84629 -0.53273 0.00000 74.70283 -0.00000 -0.00000 -1.00000 0.00000
1618527378996371 0.55893 -0.82922 -0.00000 -134.55982 -0.82922 -0.55893 0.00000 70.42216 -0.00000 -0.00000 -1.00000 0.00000
1618527379246999 0.58655 -0.80991 0.00000 -138.52805 -0.80991 -0.58655 0.00000 66.04962 -0.00000 -0.00000 -1.00000 0.00000
1618527379497000 0.63418 -0.77318 0.00000 -143.79632 -0.77318 -0.63418 0.00000 57.53981 -0.00000 -0.00000 -1.00000 0.00000
1618527379747632 0.68455 -0.72897 0.00000 -148.86173 -0.72897 -0.68455 0.00000 47.66871 -0.00000 -0.00000 -1.00000 0.00000
1618527379998258 0.73926 -0.67342 0.00000 -153.47459 -0.67342 -0.73926 0.00000 35.98365 -0.00000 -0.00000 -1.00000 0.00000
1618527380248265 0.80132 -0.59823 0.00000 -157.53572 -0.59823 -0.80132 0.00000 20.84582 -0.00000 -0.00000 -1.00000 0.00000
1618527380498265 0.86094 -0.50870 0.00000 -160.07920 -0.50870 -0.86094 0.00000 3.77567 -0.00000 -0.00000 -1.00000 0.00000
1618527380748272 0.91292 -0.40813 0.00000 -160.59175 -0.40813 -0.91292 0.00000 -14.26491 -0.00000 -0.00000 -1.00000 -0.00000
1618527380997643 0.95946 -0.28186 0.00000 -158.10282 -0.28186 -0.95946 0.00000 -35.74949 -0.00000 -0.00000 -1.00000 -0.00000
1618527381247646 0.98873 -0.14970 0.00000 -152.84684 -0.14970 -0.98873 0.00000 -56.71400 -0.00000 -0.00000 -1.00000 -0.00000
1618527381497030 0.99999 0.00400 0.00000 -143.10151 0.00400 -0.99999 0.00000 -79.57416 0.00000 -0.00000 -1.00000 -0.00000
1618527381747030 0.98547 0.16984 0.00000 -128.77442 0.16984 -0.98547 0.00000 -102.14749 0.00000 -0.00000 -1.00000 -0.00000
1618527381997037 0.94231 0.33475 0.00000 -110.42862 0.33475 -0.94231 0.00000 -122.49398 0.00000 -0.00000 -1.00000 -0.00000
1618527382247661 0.86706 0.49821 0.00000 -87.52922 0.49821 -0.86706 0.00000 -140.19412 0.00000 -0.00000 -1.00000 -0.00000
1618527382498289 0.76113 0.64860 0.00000 -61.11110 0.64860 -0.76113 0.00000 -153.80109 0.00000 -0.00000 -1.00000 -0.00000
1618527382748292 0.63343 0.77380 0.00000 -33.57802 0.77380 -0.63343 0.00000 -162.18975 0.00000 -0.00000 -1.00000 -0.00000
1618527382998306 0.48532 0.87434 -0.00000 -4.85762 0.87434 -0.48532 0.00000 -165.54547 0.00000 -0.00000 -1.00000 -0.00000
1618527383248301 0.32502 0.94571 0.00000 23.35536 0.94571 -0.32502 0.00000 -163.72747 0.00000 -0.00000 -1.00000 -0.00000
1618527383497678 0.14866 0.98889 0.00000 51.87665 0.98889 -0.14866 0.00000 -156.81626 0.00000 -0.00000 -1.00000 -0.00000
1618527383747679 -0.03277 0.99946 0.00000 78.59109 0.99946 0.03277 0.00000 -144.75299 0.00000 0.00000 -1.00000 -0.00000
1618527383997692 -0.21393 0.97685 0.00000 102.85045 0.97685 0.21393 0.00000 -128.01100 0.00000 0.00000 -1.00000 -0.00000
1618527384247692 -0.39376 0.91921 0.00000 124.21575 0.91921 0.39376 0.00000 -106.24499 0.00000 0.00000 -1.00000 -0.00000
1618527384497694 -0.55129 0.83431 0.00000 140.22486 0.83431 0.55129 0.00000 -82.47105 0.00000 0.00000 -1.00000 -0.00000
1618527384747695 -0.67593 0.73696 0.00000 150.56055 0.73696 0.67593 0.00000 -59.28831 0.00000 0.00000 -1.00000 -0.00000
1618527384997703 -0.76125 0.64846 0.00000 155.55873 0.64846 0.76125 0.00000 -40.50737 0.00000 0.00000 -1.00000 -0.00000
1618527385247704 -0.81943 0.57318 0.00000 157.70099 0.57318 0.81943 0.00000 -25.45579 0.00000 0.00000 -1.00000 -0.00000
1618527385497706 -0.85652 0.51611 0.00000 157.95735 0.51611 0.85652 0.00000 -14.53273 0.00000 0.00000 -1.00000 -0.00000
1618527385747706 -0.87081 0.49162 0.00000 157.08803 0.49162 0.87081 0.00000 -9.96609 0.00000 0.00000 -1.00000 -0.00000
1618527385997087 -0.88018 0.47465 -0.00000 156.07742 0.47465 0.88018 0.00000 -6.97878 0.00000 0.00000 -1.00000 -0.00000
1618527386247095 -0.87555 0.48313 0.00000 154.56986 0.48313 0.87555 0.00000 -8.52086 0.00000 0.00000 -1.00000 -0.00000
1618527386496470 -0.87059 0.49200 -0.00000 153.30360 0.49200 0.87059 0.00000 -10.05782 0.00000 0.00000 -1.00000 -0.00000
1618527386746475 -0.85884 0.51224 0.00000 151.69015 0.51224 0.85884 0.00000 -13.80431 0.00000 0.00000 -1.00000 -0.00000
1618527386997726 -0.84450 0.53556 0.00000 149.68943 0.53556 0.84450 0.00000 -17.96297 0.00000 0.00000 -1.00000 -0.00000
1618527387248352 -0.82167 0.56997 0.00000 147.39463 0.56997 0.82167 0.00000 -24.12317 0.00000 0.00000 -1.00000 -0.00000
1618527387498359 -0.79490 0.60674 0.00000 144.58548 0.60674 0.79490 0.00000 -30.83407 0.00000 0.00000 -1.00000 -0.00000
1618527387747737 -0.76957 0.63857 0.00000 141.72571 0.63857 0.76957 0.00000 -36.81619 0.00000 0.00000 -1.00000 -0.00000
1618527387997742 -0.73915 0.67354 0.00000 138.07283 0.67354 0.73915 0.00000 -43.29928 0.00000 0.00000 -1.00000 -0.00000
1618527388247121 -0.70556 0.70865 0.00000 134.06889 0.70865 0.70556 0.00000 -50.07540 0.00000 0.00000 -1.00000 -0.00000
1618527388497117 -0.66785 0.74430 0.00000 129.49316 0.74430 0.66785 0.00000 -56.94463 0.00000 0.00000 -1.00000 -0.00000
1618527388747127 -0.63410 0.77325 0.00000 125.03507 0.77325 0.63410 0.00000 -62.61796 0.00000 0.00000 -1.00000 -0.00000
1618527388997127 -0.60256 0.79807 0.00000 120.45788 0.79807 0.60256 0.00000 -67.65464 0.00000 0.00000 -1.00000 -0.00000
1618527389247759 -0.57021 0.82150 0.00000 115.66831 0.82150 0.57021 0.00000 -72.47199 0.00000 0.00000 -1.00000 -0.00000
1618527389498379 -0.53925 0.84214 0.00000 110.98103 0.84214 0.53925 0.00000 -76.65835 0.00000 0.00000 -1.00000 -0.00000
1618527389748383 -0.50958 0.86043 -0.00000 106.19531 0.86043 0.50958 0.00000 -80.50640 0.00000 0.00000 -1.00000 -0.00000
1618527389998389 -0.47264 0.88125 0.00000 100.72109 0.88125 0.47264 0.00000 -84.90324 0.00000 0.00000 -1.00000 -0.00000
1618527390247773 -0.44280 0.89662 0.00000 95.79022 0.89662 0.44280 0.00000 -88.27084 0.00000 0.00000 -1.00000 -0.00000
1618527390497148 -0.41984 0.90760 -0.00000 91.48540 0.90760 0.41984 0.00000 -90.70954 0.00000 0.00000 -1.00000 -0.00000
1618527390747152 -0.38707 0.92205 0.00000 86.14673 0.92205 0.38707 0.00000 -93.92348 0.00000 0.00000 -1.00000 -0.00000
1618527390997164 -0.35895 0.93336 0.00000 81.16188 0.93336 0.35895 0.00000 -96.53083 0.00000 0.00000 -1.00000 -0.00000
1618527391247158 -0.34080 0.94014 0.00000 77.24762 0.94014 0.34080 0.00000 -98.22538 0.00000 0.00000 -1.00000 -0.00000
1618527391497785 -0.32252 0.94656 0.00000 73.19877 0.94656 0.32252 0.00000 -99.54942 0.00000 0.00000 -1.00000 -0.00000
1618527391748409 -0.30478 0.95242 -0.00000 69.25754 0.95242 0.30478 0.00000 -101.00424 0.00000 0.00000 -1.00000 -0.00000
1618527391998415 -0.30570 0.95213 -0.00000 67.31984 0.95213 0.30570 0.00000 -100.93697 0.00000 0.00000 -1.00000 -0.00000
1618527392248420 -0.31200 0.95008 0.00000 65.90068 0.95008 0.31200 0.00000 -100.65105 0.00000 0.00000 -1.00000 -0.00000
1618527392498434 -0.32227 0.94665 0.00000 64.85855 0.94665 0.32227 0.00000 -99.93245 0.00000 0.00000 -1.00000 -0.00000
1618527392748424 -0.34062 0.94020 0.00000 64.71188 0.94020 0.34062 0.00000 -98.52525 0.00000 0.00000 -1.00000 -0.00000
1618527392997807 -0.37062 0.92878 0.00000 65.90447 0.92878 0.37062 0.00000 -96.59404 0.00000 0.00000 -1.00000 -0.00000
1618527393247811 -0.41062 0.91181 0.00000 67.96329 0.91181 0.41062 0.00000 -93.58954 0.00000 0.00000 -1.00000 -0.00000
1618527393497812 -0.45785 0.88903 0.00000 70.77215 0.88903 0.45785 0.00000 -90.09613 0.00000 0.00000 -1.00000 -0.00000
1618527393747813 -0.50506 0.86308 -0.00000 73.57892 0.86308 0.50506 0.00000 -86.10316 0.00000 0.00000 -1.00000 -0.00000
1618527393997819 -0.56117 0.82770 0.00000 77.24344 0.82770 0.56117 0.00000 -81.15231 0.00000 0.00000 -1.00000 -0.00000
1618527394247198 -0.61886 0.78550 0.00000 80.96065 0.78550 0.61886 0.00000 -75.63787 0.00000 0.00000 -1.00000 -0.00000
1618527394497828 -0.66440 0.74738 0.00000 83.29173 0.74738 0.66440 0.00000 -70.60174 0.00000 0.00000 -1.00000 -0.00000
1618527394747823 -0.71189 0.70229 0.00000 85.94667 0.70229 0.71189 0.00000 -65.15698 0.00000 0.00000 -1.00000 -0.00000
1618527394997832 -0.75317 0.65782 0.00000 87.84774 0.65782 0.75317 0.00000 -59.88143 0.00000 0.00000 -1.00000 -0.00000
1618527395247837 -0.78819 0.61543 0.00000 89.16661 0.61543 0.78819 0.00000 -54.91153 0.00000 0.00000 -1.00000 -0.00000
1618527395498467 -0.82728 0.56179 0.00000 90.83889 0.56179 0.82728 0.00000 -48.95669 0.00000 0.00000 -1.00000 -0.00000
1618527395747876 -0.86006 0.51020 -0.00000 91.84008 0.51020 0.86006 0.00000 -43.40479 0.00000 0.00000 -1.00000 -0.00000
1618527395997848 -0.88973 0.45649 0.00000 92.47838 0.45649 0.88973 0.00000 -37.68884 0.00000 0.00000 -1.00000 -0.00000
1618527396247848 -0.91416 0.40536 0.00000 92.61870 0.40536 0.91416 0.00000 -32.39098 0.00000 0.00000 -1.00000 -0.00000
1618527396497853 -0.93814 0.34626 0.00000 92.71652 0.34626 0.93814 0.00000 -26.55303 0.00000 0.00000 -1.00000 -0.00000
1618527396747858 -0.95685 0.29058 0.00000 92.16508 0.29058 0.95685 0.00000 -21.04729 0.00000 0.00000 -1.00000 -0.00000
1618527396997858 -0.97083 0.23975 0.00000 91.29354 0.23975 0.97083 0.00000 -16.16323 0.00000 0.00000 -1.00000 -0.00000
1618527397247859 -0.98096 0.19421 -0.00000 90.06509 0.19421 0.98096 0.00000 -11.89359 0.00000 0.00000 -1.00000 -0.00000
1618527397498493 -0.98776 0.15600 0.00000 88.41473 0.15600 0.98776 0.00000 -8.34880 0.00000 0.00000 -1.00000 -0.00000
1618527397747873 -0.99382 0.11097 0.00000 86.83740 0.11097 0.99382 0.00000 -4.38986 0.00000 0.00000 -1.00000 -0.00000
1618527397997875 -0.99693 0.07833 -0.00000 84.85420 0.07833 0.99693 0.00000 -1.61718 0.00000 0.00000 -1.00000 -0.00000
1618527398247876 -0.99831 0.05820 0.00000 82.85897 0.05820 0.99831 0.00000 0.20293 0.00000 0.00000 -1.00000 0.00000
1618527398497878 -0.99876 0.04974 0.00000 80.80673 0.04974 0.99876 0.00000 0.94765 0.00000 0.00000 -1.00000 0.00000
1618527398747260 -0.99927 0.03816 0.00000 78.71445 0.03816 0.99927 0.00000 1.81777 0.00000 0.00000 -1.00000 0.00000
1618527398997273 -0.99940 0.03472 0.00000 76.52313 0.03472 0.99940 0.00000 2.04868 0.00000 0.00000 -1.00000 0.00000
1618527399247265 -0.99982 0.01893 0.00000 74.39031 0.01893 0.99982 0.00000 3.21183 0.00000 0.00000 -1.00000 0.00000
1618527399497895 -0.99984 0.01791 0.00000 72.13026 0.01791 0.99984 0.00000 3.29079 0.00000 0.00000 -1.00000 0.00000
1618527399747899 -0.99994 0.01072 0.00000 69.94780 0.01072 0.99994 0.00000 3.85444 0.00000 0.00000 -1.00000 0.00000
1618527399997904 -0.99991 0.01336 0.00000 67.69206 0.01336 0.99991 0.00000 3.70881 0.00000 0.00000 -1.00000 0.00000
1618527400247898 -0.99980 0.01982 0.00000 65.47403 0.01982 0.99980 0.00000 3.23594 0.00000 0.00000 -1.00000 0.00000
1618527400497905 -0.99977 0.02140 0.00000 63.22111 0.02140 0.99977 0.00000 3.04649 0.00000 0.00000 -1.00000 0.00000
1618527400747281 -0.99990 0.01395 0.00000 60.92479 0.01395 0.99990 0.00000 3.32674 0.00000 0.00000 -1.00000 0.00000
1618527400997910 -0.99994 0.01082 0.00000 58.57965 0.01082 0.99994 0.00000 3.60556 0.00000 0.00000 -1.00000 0.00000
1618527401247914 -1.00000 -0.00186 0.00000 56.26575 -0.00186 1.00000 0.00000 4.26750 -0.00000 0.00000 -1.00000 0.00000
1618527401498544 -0.99996 -0.00926 0.00000 53.98348 -0.00926 0.99996 0.00000 4.58854 -0.00000 0.00000 -1.00000 0.00000
1618527401748552 -0.99991 -0.01316 0.00000 51.75524 -0.01316 0.99991 0.00000 4.82273 -0.00000 0.00000 -1.00000 0.00000
1618527401998547 -0.99991 -0.01373 0.00000 49.48615 -0.01373 0.99991 0.00000 4.75614 -0.00000 0.00000 -1.00000 0.00000
1618527402248552 -0.99998 -0.00667 0.00000 47.31627 -0.00667 0.99998 0.00000 4.34066 -0.00000 0.00000 -1.00000 0.00000
1618527402498555 -0.99993 0.01208 0.00000 45.28533 0.01208 0.99993 0.00000 3.54342 0.00000 0.00000 -1.00000 0.00000
1618527402749186 -0.99927 0.03823 0.00000 43.13087 0.03823 0.99927 0.00000 2.28782 0.00000 0.00000 -1.00000 0.00000
1618527402998564 -0.99843 0.05599 0.00000 41.05977 0.05599 0.99843 0.00000 1.61586 0.00000 0.00000 -1.00000 0.00000
1618527403247941 -0.99717 0.07521 0.00000 38.92580 0.07521 0.99717 0.00000 0.69688 0.00000 0.00000 -1.00000 0.00000
1618527403497942 -0.99557 0.09406 0.00000 36.80627 0.09406 0.99557 0.00000 -0.07092 0.00000 0.00000 -1.00000 -0.00000
1618527403747955 -0.99382 0.11099 0.00000 34.66909 0.11099 0.99382 0.00000 -0.67069 0.00000 0.00000 -1.00000 -0.00000
1618527403997324 -0.99384 0.11082 -0.00000 32.40438 0.11082 0.99384 0.00000 -0.82546 0.00000 0.00000 -1.00000 -0.00000
1618527404247328 -0.99245 0.12265 0.00000 30.25084 0.12265 0.99245 0.00000 -1.15199 0.00000 0.00000 -1.00000 -0.00000
1618527404497332 -0.99256 0.12174 0.00000 28.02528 0.12174 0.99256 0.00000 -1.18210 0.00000 0.00000 -1.00000 -0.00000
1618527404747963 -0.99192 0.12690 0.00000 25.73991 0.12690 0.99192 0.00000 -1.36647 0.00000 0.00000 -1.00000 -0.00000
1618527404998593 -0.99144 0.13060 0.00000 23.44655 0.13060 0.99144 0.00000 -1.59359 0.00000 0.00000 -1.00000 -0.00000
1618527405249217 -0.99112 0.13295 0.00000 21.08057 0.13295 0.99112 0.00000 -1.55131 0.00000 0.00000 -1.00000 -0.00000
1618527405498596 -0.99162 0.12917 0.00000 18.80391 0.12917 0.99162 0.00000 -1.42947 0.00000 0.00000 -1.00000 -0.00000
1618527405748603 -0.99196 0.12659 0.00000 16.40955 0.12659 0.99196 0.00000 -1.47306 0.00000 0.00000 -1.00000 -0.00000
1618527405998605 -0.99129 0.13173 0.00000 14.01824 0.13173 0.99129 0.00000 -1.50778 0.00000 0.00000 -1.00000 -0.00000
1618527406247355 -0.99247 0.12252 0.00000 11.72939 0.12252 0.99247 0.00000 -1.52102 0.00000 0.00000 -1.00000 -0.00000
1618527406497363 -0.99200 0.12625 0.00000 9.27679 0.12625 0.99200 0.00000 -1.61213 0.00000 0.00000 -1.00000 -0.00000
1618527406747989 -0.99135 0.13127 0.00000 6.84228 0.13127 0.99135 0.00000 -1.66299 0.00000 0.00000 -1.00000 -0.00000
1618527406997375 -0.99257 0.12171 -0.00000 4.55676 0.12171 0.99257 0.00000 -1.68489 0.00000 0.00000 -1.00000 -0.00000
1618527407247371 -0.99254 0.12191 0.00000 2.15185 0.12191 0.99254 0.00000 -1.66761 0.00000 0.00000 -1.00000 -0.00000
1618527407497371 -0.99347 0.11405 -0.00000 -0.21775 0.11405 0.99347 0.00000 -1.69339 0.00000 0.00000 -1.00000 -0.00000
1618527407747999 -0.99290 0.11897 0.00000 -2.46911 0.11897 0.99290 0.00000 -1.84162 0.00000 0.00000 -1.00000 -0.00000
1618527407998629 -0.99372 0.11191 0.00000 -4.88670 0.11191 0.99372 0.00000 -1.87572 0.00000 0.00000 -1.00000 -0.00000
1618527408249260 -0.99443 0.10541 0.00000 -7.09842 0.10541 0.99443 0.00000 -1.79704 0.00000 0.00000 -1.00000 -0.00000
1618527408499885 -0.99378 0.11133 0.00000 -9.40592 0.11133 0.99378 0.00000 -1.84999 0.00000 0.00000 -1.00000 -0.00000
1618527408749264 -0.99524 0.09743 0.00000 -11.60069 0.09743 0.99524 0.00000 -1.91351 0.00000 0.00000 -1.00000 -0.00000
1618527408999267 -0.99521 0.09772 0.00000 -13.86529 0.09772 0.99521 0.00000 -1.96075 0.00000 0.00000 -1.00000 -0.00000
1618527409248645 -0.99569 0.09279 0.00000 -16.10866 0.09279 0.99569 0.00000 -2.09821 0.00000 0.00000 -1.00000 -0.00000
1618527409498025 -0.99667 0.08151 0.00000 -18.29335 0.08151 0.99667 0.00000 -2.35232 0.00000 0.00000 -1.00000 -0.00000
1618527409748029 -0.99660 0.08235 -0.00000 -20.51182 0.08235 0.99660 0.00000 -2.39515 0.00000 0.00000 -1.00000 -0.00000
1618527409998027 -0.99685 0.07929 0.00000 -22.65592 0.07929 0.99685 0.00000 -2.44312 0.00000 0.00000 -1.00000 -0.00000
1618527410247409 -0.99752 0.07042 0.00000 -24.79268 0.07042 0.99752 0.00000 -2.76321 0.00000 0.00000 -1.00000 -0.00000
1618527410498035 -0.99711 0.07593 -0.00000 -27.11876 0.07593 0.99711 0.00000 -2.50305 0.00000 0.00000 -1.00000 -0.00000
1618527410747420 -0.99744 0.07156 -0.00000 -29.04978 0.07156 0.99744 0.00000 -2.76643 0.00000 0.00000 -1.00000 -0.00000
1618527410997421 -0.99791 0.06461 0.00000 -31.14884 0.06461 0.99791 0.00000 -2.88904 0.00000 0.00000 -1.00000 -0.00000
1618527411248044 -0.99795 0.06399 -0.00000 -33.36316 0.06399 0.99795 0.00000 -2.81685 0.00000 0.00000 -1.00000 -0.00000
1618527411498671 -0.99803 0.06267 -0.00000 -35.40640 0.06267 0.99803 0.00000 -2.89341 0.00000 0.00000 -1.00000 -0.00000
1618527411749306 -0.99807 0.06214 0.00000 -37.52312 0.06214 0.99807 0.00000 -2.85917 0.00000 0.00000 -1.00000 -0.00000
1618527411999303 -0.99819 0.06009 0.00000 -39.60065 0.06009 0.99819 0.00000 -3.06157 0.00000 0.00000 -1.00000 -0.00000
1618527412249313 -0.99779 0.06642 -0.00000 -41.58399 0.06642 0.99779 0.00000 -2.84704 0.00000 0.00000 -1.00000 -0.00000
1618527412499315 -0.99768 0.06814 -0.00000 -43.53889 0.06814 0.99768 0.00000 -2.86328 0.00000 0.00000 -1.00000 -0.00000
1618527412748692 -0.99802 0.06289 -0.00000 -45.40997 0.06289 0.99802 0.00000 -3.08622 0.00000 0.00000 -1.00000 -0.00000
1618527412998073 -0.99787 0.06522 0.00000 -47.19525 0.06522 0.99787 0.00000 -3.05665 0.00000 0.00000 -1.00000 -0.00000
1618527413247448 -0.99798 0.06347 0.00000 -48.86855 0.06347 0.99798 0.00000 -3.17152 0.00000 0.00000 -1.00000 -0.00000
1618527413497452 -0.99775 0.06712 0.00000 -50.60472 0.06712 0.99775 0.00000 -2.98606 0.00000 0.00000 -1.00000 -0.00000
1618527413748080 -0.99678 0.08025 0.00000 -52.30328 0.08025 0.99678 0.00000 -2.30498 0.00000 0.00000 -1.00000 -0.00000
1618527413998087 -0.99628 0.08612 0.00000 -53.83363 0.08612 0.99628 0.00000 -1.95856 0.00000 0.00000 -1.00000 -0.00000
1618527414248087 -0.99525 0.09731 0.00000 -55.36995 0.09731 0.99525 0.00000 -1.38783 0.00000 0.00000 -1.00000 -0.00000
1618527414497467 -0.99373 0.11177 0.00000 -56.71646 0.11177 0.99373 0.00000 -0.70088 0.00000 0.00000 -1.00000 -0.00000
1618527414747464 -0.99021 0.13959 0.00000 -57.93293 0.13959 0.99021 0.00000 0.95754 0.00000 0.00000 -1.00000 0.00000
1618527414997482 -0.98613 0.16600 0.00000 -59.13825 0.16600 0.98613 0.00000 2.46508 0.00000 0.00000 -1.00000 0.00000
1618527415248095 -0.97600 0.21776 0.00000 -60.13379 0.21776 0.97600 0.00000 5.57371 0.00000 0.00000 -1.00000 0.00000
1618527415498101 -0.96572 0.25960 0.00000 -60.81846 0.25960 0.96572 0.00000 8.12818 0.00000 0.00000 -1.00000 0.00000
1618527415748109 -0.95050 0.31074 0.00000 -61.34978 0.31074 0.95050 0.00000 11.22905 0.00000 0.00000 -1.00000 0.00000
1618527415998112 -0.92614 0.37717 0.00000 -61.45020 0.37717 0.92614 0.00000 15.56696 0.00000 0.00000 -1.00000 0.00000
1618527416248107 -0.89155 0.45291 0.00000 -60.97264 0.45291 0.89155 0.00000 20.57820 0.00000 0.00000 -1.00000 0.00000
1618527416498116 -0.84623 0.53282 0.00000 -59.79109 0.53282 0.84623 0.00000 25.99716 0.00000 0.00000 -1.00000 0.00000
1618527416747494 -0.80037 0.59950 0.00000 -58.35937 0.59950 0.80037 0.00000 30.56357 0.00000 0.00000 -1.00000 0.00000
1618527416997499 -0.72982 0.68364 -0.00000 -55.76091 0.68364 0.72982 0.00000 36.93369 0.00000 0.00000 -1.00000 0.00000
1618527417247498 -0.65678 0.75408 0.00000 -52.63555 0.75408 0.65678 0.00000 42.34539 0.00000 0.00000 -1.00000 0.00000
1618527417497509 -0.56641 0.82412 0.00000 -48.53259 0.82412 0.56641 0.00000 48.02678 0.00000 0.00000 -1.00000 0.00000
1618527417748135 -0.46446 0.88560 0.00000 -43.47904 0.88560 0.46446 0.00000 53.46579 0.00000 0.00000 -1.00000 0.00000
1618527417998136 -0.36635 0.93048 0.00000 -38.43322 0.93048 0.36635 0.00000 57.75308 0.00000 0.00000 -1.00000 0.00000
1618527418248142 -0.25683 0.96646 0.00000 -32.81596 0.96646 0.25683 0.00000 61.85811 0.00000 0.00000 -1.00000 0.00000
1618527418497519 -0.17082 0.98530 0.00000 -28.38765 0.98530 0.17082 0.00000 64.37064 0.00000 0.00000 -1.00000 0.00000
1618527418747524 -0.09235 0.99573 0.00000 -24.48848 0.99573 0.09235 0.00000 66.61748 0.00000 0.00000 -1.00000 0.00000
1618527418997528 -0.05089 0.99870 0.00000 -22.92728 0.99870 0.05089 0.00000 67.48739 0.00000 0.00000 -1.00000 0.00000
1618527419247529 -0.02612 0.99966 0.00000 -22.81705 0.99966 0.02612 0.00000 68.06184 0.00000 0.00000 -1.00000 0.00000
1618527419497529 0.00607 0.99998 0.00000 -22.03166 0.99998 -0.00607 0.00000 68.53800 0.00000 -0.00000 -1.00000 0.00000
1618527419748162 0.01461 0.99989 0.00000 -23.08648 0.99989 -0.01461 0.00000 68.85358 0.00000 -0.00000 -1.00000 0.00000
1618527419998158 0.02395 0.99971 0.00000 -24.01933 0.99971 -0.02395 0.00000 68.87775 0.00000 -0.00000 -1.00000 0.00000
1618527420248167 0.02867 0.99959 0.00000 -25.39505 0.99959 -0.02867 0.00000 69.14719 0.00000 -0.00000 -1.00000 0.00000
1618527420498174 0.04510 0.99898 0.00000 -25.93892 0.99898 -0.04510 0.00000 69.43616 0.00000 -0.00000 -1.00000 0.00000
1618527420748172 0.04100 0.99916 -0.00000 -28.14757 0.99916 -0.04100 0.00000 69.36817 0.00000 -0.00000 -1.00000 0.00000
1618527420997548 0.05358 0.99856 0.00000 -29.05280 0.99856 -0.05358 0.00000 69.54559 0.00000 -0.00000 -1.00000 0.00000
1618527421247550 0.06713 0.99774 0.00000 -29.99284 0.99774 -0.06713 0.00000 70.05048 0.00000 -0.00000 -1.00000 0.00000
1618527421497562 0.08531 0.99635 0.00000 -30.51643 0.99635 -0.08531 0.00000 70.38870 0.00000 -0.00000 -1.00000 0.00000
1618527421748187 0.10840 0.99411 0.00000 -30.82784 0.99411 -0.10840 0.00000 71.15673 0.00000 -0.00000 -1.00000 0.00000
1618527421998188 0.12950 0.99158 0.00000 -31.18366 0.99158 -0.12950 0.00000 71.75006 0.00000 -0.00000 -1.00000 0.00000
1618527422248817 0.15647 0.98768 0.00000 -31.29199 0.98768 -0.15647 0.00000 72.69784 0.00000 -0.00000 -1.00000 0.00000
1618527422498821 0.17812 0.98401 0.00000 -31.56160 0.98401 -0.17812 0.00000 73.27660 0.00000 -0.00000 -1.00000 0.00000
1618527422748825 0.18573 0.98260 0.00000 -33.07293 0.98260 -0.18573 0.00000 73.42073 0.00000 -0.00000 -1.00000 0.00000
1618527422998217 0.19341 0.98112 -0.00000 -34.33389 0.98112 -0.19341 0.00000 73.54088 0.00000 -0.00000 -1.00000 0.00000
1618527423247585 0.19299 0.98120 0.00000 -36.42290 0.98120 -0.19299 0.00000 73.52710 0.00000 -0.00000 -1.00000 0.00000
1618527423498208 0.18288 0.98313 -0.00000 -39.25422 0.98313 -0.18288 0.00000 73.19244 0.00000 -0.00000 -1.00000 0.00000
1618527423748212 0.18098 0.98349 0.00000 -41.30671 0.98349 -0.18098 0.00000 73.14015 0.00000 -0.00000 -1.00000 0.00000
1618527423998219 0.17120 0.98524 0.00000 -43.91844 0.98524 -0.17120 0.00000 72.53788 0.00000 -0.00000 -1.00000 0.00000
1618527424248220 0.16099 0.98696 0.00000 -46.77758 0.98696 -0.16099 0.00000 72.11396 0.00000 -0.00000 -1.00000 0.00000
1618527424497598 0.15425 0.98803 0.00000 -49.15103 0.98803 -0.15425 0.00000 71.78039 0.00000 -0.00000 -1.00000 0.00000
1618527424747600 0.13878 0.99032 -0.00000 -52.41114 0.99032 -0.13878 0.00000 71.10276 0.00000 -0.00000 -1.00000 0.00000
1618527424997602 0.13295 0.99112 0.00000 -54.79023 0.99112 -0.13295 0.00000 70.67372 0.00000 -0.00000 -1.00000 0.00000
1618527425247895 0.11974 0.99281 0.00000 -57.81181 0.99281 -0.11974 0.00000 69.95338 0.00000 -0.00000 -1.00000 0.00000
1618527425497611 0.11569 0.99329 0.00000 -60.22280 0.99329 -0.11569 0.00000 69.67661 0.00000 -0.00000 -1.00000 0.00000
1618527425748864 0.10944 0.99399 0.00000 -62.53929 0.99399 -0.10944 0.00000 69.28482 0.00000 -0.00000 -1.00000 0.00000
1618527425999495 0.10240 0.99474 0.00000 -64.97482 0.99474 -0.10240 0.00000 68.72204 0.00000 -0.00000 -1.00000 0.00000
1618527426249505 0.08758 0.99616 0.00000 -68.03071 0.99616 -0.08758 0.00000 67.79464 0.00000 -0.00000 -1.00000 0.00000
1618527426499500 0.07849 0.99692 -0.00000 -70.62082 0.99692 -0.07849 0.00000 67.13119 0.00000 -0.00000 -1.00000 0.00000
1618527426749505 0.06151 0.99811 0.00000 -73.62224 0.99811 -0.06151 0.00000 65.91221 0.00000 -0.00000 -1.00000 0.00000
1618527426999506 0.04213 0.99911 -0.00000 -76.77952 0.99911 -0.04213 0.00000 64.46075 0.00000 -0.00000 -1.00000 0.00000
1618527427248893 0.02460 0.99970 -0.00000 -79.74942 0.99970 -0.02460 0.00000 63.09031 0.00000 -0.00000 -1.00000 0.00000
1618527427498260 -0.01428 0.99990 0.00000 -83.87536 0.99990 0.01428 0.00000 59.90077 0.00000 0.00000 -1.00000 0.00000
1618527427748267 -0.04178 0.99913 0.00000 -87.45270 0.99913 0.04178 0.00000 57.48126 0.00000 0.00000 -1.00000 0.00000
1618527427998269 -0.09440 0.99553 0.00000 -92.01408 0.99553 0.09440 0.00000 52.76348 0.00000 0.00000 -1.00000 0.00000
1618527428247647 -0.15671 0.98764 0.00000 -96.93437 0.98764 0.15671 0.00000 46.81170 0.00000 0.00000 -1.00000 0.00000
1618527428498277 -0.21956 0.97560 -0.00000 -101.37780 0.97560 0.21956 0.00000 40.50850 0.00000 0.00000 -1.00000 0.00000
1618527428748277 -0.28077 0.95978 0.00000 -105.53309 0.95978 0.28077 0.00000 33.98633 0.00000 0.00000 -1.00000 0.00000
1618527428998912 -0.34627 0.93813 0.00000 -109.15651 0.93813 0.34627 0.00000 26.62318 0.00000 0.00000 -1.00000 0.00000
1618527429248287 -0.41914 0.90792 0.00000 -112.42007 0.90792 0.41914 0.00000 17.90212 0.00000 0.00000 -1.00000 0.00000
1618527429498289 -0.49545 0.86863 0.00000 -115.12358 0.86863 0.49545 0.00000 8.05973 0.00000 0.00000 -1.00000 0.00000
1618527429748292 -0.56519 0.82496 0.00000 -117.03235 0.82496 0.56519 0.00000 -1.53946 0.00000 0.00000 -1.00000 -0.00000
1618527429997670 -0.64393 0.76508 0.00000 -117.81439 0.76508 0.64393 0.00000 -13.09579 0.00000 0.00000 -1.00000 -0.00000
1618527430247674 -0.71052 0.70367 0.00000 -117.67022 0.70367 0.71052 0.00000 -23.85505 0.00000 0.00000 -1.00000 -0.00000
1618527430498300 -0.77558 0.63124 -0.00000 -116.31443 0.63124 0.77558 0.00000 -35.08912 0.00000 0.00000 -1.00000 -0.00000
1618527430748317 -0.83025 0.55739 0.00000 -114.04581 0.55739 0.83025 0.00000 -45.71266 0.00000 0.00000 -1.00000 -0.00000
1618527430998320 -0.87512 0.48391 0.00000 -111.19890 0.48391 0.87512 0.00000 -55.23819 0.00000 0.00000 -1.00000 -0.00000
1618527431248316 -0.91225 0.40963 0.00000 -107.65621 0.40963 0.91225 0.00000 -64.27572 0.00000 0.00000 -1.00000 -0.00000
1618527431498311 -0.93128 0.36430 0.00000 -105.84749 0.36430 0.93128 0.00000 -69.54347 0.00000 0.00000 -1.00000 -0.00000
