1637695672004775 0.98149 0.19153 0.00000 1.46393 0.19153 -0.98149 0.00000 0.45618 0.00000 0.00000 -1.00000 0.00000
1637695672253619 0.98148 0.19155 0.00000 1.46394 0.19155 -0.98148 0.00000 0.45625 0.00000 0.00000 -1.00000 0.00000
1637695672502656 0.98148 0.19155 0.00000 1.46396 0.19155 -0.98148 0.00000 0.45620 0.00000 0.00000 -1.00000 0.00000
1637695672751689 0.98148 0.19155 0.00000 1.46397 0.19155 -0.98148 0.00000 0.45622 0.00000 0.00000 -1.00000 0.00000
1637695673000453 0.98149 0.19153 0.00000 1.46395 0.19153 -0.98149 0.00000 0.45614 0.00000 0.00000 -1.00000 0.00000
1637695673249752 0.98149 0.19150 0.00000 1.46395 0.19150 -0.98149 0.00000 0.45612 0.00000 0.00000 -1.00000 0.00000
1637695673498781 0.98150 0.19149 0.00000 1.46397 0.19149 -0.98150 0.00000 0.45607 0.00000 0.00000 -1.00000 0.00000
1637695673747745 0.98149 0.19151 0.00000 1.46397 0.19151 -0.98149 0.00000 0.45613 0.00000 0.00000 -1.00000 0.00000
1637695673996628 0.98149 0.19151 0.00000 1.46396 0.19151 -0.98149 0.00000 0.45615 0.00000 0.00000 -1.00000 0.00000
1637695674245342 0.98149 0.19151 0.00000 1.46391 0.19151 -0.98149 0.00000 0.45614 0.00000 0.00000 -1.00000 0.00000
1637695674494266 0.98149 0.19152 0.00000 1.46390 0.19152 -0.98149 0.00000 0.45616 0.00000 0.00000 -1.00000 0.00000
1637695674743185 0.98149 0.19150 0.00000 1.46388 0.19150 -0.98149 0.00000 0.45615 0.00000 0.00000 -1.00000 0.00000
1637695674991739 0.98149 0.19154 0.00000 1.46394 0.19154 -0.98149 0.00000 0.45611 0.00000 0.00000 -1.00000 0.00000
1637695675240422 0.98150 0.19148 0.00000 1.46405 0.19148 -0.98150 0.00000 0.45635 0.00000 0.00000 -1.00000 0.00000
1637695675489342 0.98149 0.19150 0.00000 1.46381 0.19150 -0.98149 0.00000 0.45503 0.00000 0.00000 -1.00000 0.00000
1637695675738054 0.98146 0.19167 0.00000 1.45670 0.19167 -0.98146 0.00000 0.45538 0.00000 0.00000 -1.00000 0.00000
1637695675986800 0.98153 0.19130 0.00000 1.42063 0.19130 -0.98153 0.00000 0.45242 0.00000 0.00000 -1.00000 0.00000
1637695676235850 0.98170 0.19044 0.00000 1.37158 0.19044 -0.98170 0.00000 0.44965 0.00000 0.00000 -1.00000 0.00000
1637695676484766 0.98216 0.18807 0.00000 1.30935 0.18807 -0.98216 0.00000 0.44299 0.00000 0.00000 -1.00000 0.00000
1637695676733267 0.98295 0.18385 0.00000 1.22935 0.18385 -0.98295 0.00000 0.43262 0.00000 0.00000 -1.00000 0.00000
1637695676982168 0.98426 0.17674 0.00000 1.10479 0.17674 -0.98426 0.00000 0.41628 0.00000 0.00000 -1.00000 0.00000
1637695677231251 0.98634 0.16469 0.00000 0.90454 0.16469 -0.98634 0.00000 0.39331 0.00000 0.00000 -1.00000 0.00000
1637695677480191 0.98902 0.14781 0.00000 0.62313 0.14781 -0.98902 0.00000 0.36474 0.00000 0.00000 -1.00000 0.00000
1637695677729080 0.99193 0.12675 0.00000 0.26580 0.12675 -0.99193 0.00000 0.33776 0.00000 0.00000 -1.00000 0.00000
1637695677977969 0.99461 0.10368 0.00000 -0.16156 0.10368 -0.99461 0.00000 0.31253 0.00000 0.00000 -1.00000 0.00000
1637695678226577 0.99656 0.08290 0.00000 -0.65792 0.08290 -0.99656 0.00000 0.30495 0.00000 0.00000 -1.00000 0.00000
1637695678475564 0.99789 0.06493 0.00000 -1.22802 0.06493 -0.99789 0.00000 0.30188 0.00000 0.00000 -1.00000 0.00000
1637695678724555 0.99859 0.05311 0.00000 -1.88701 0.05311 -0.99859 0.00000 0.28896 0.00000 0.00000 -1.00000 0.00000
1637695678973009 0.99864 0.05220 0.00000 -2.62943 0.05220 -0.99864 0.00000 0.28739 0.00000 0.00000 -1.00000 0.00000
1637695679222255 0.99810 0.06164 0.00000 -3.44669 0.06164 -0.99810 0.00000 0.25814 0.00000 0.00000 -1.00000 0.00000
1637695679471153 0.99706 0.07667 0.00000 -4.32707 0.07667 -0.99706 0.00000 0.20295 0.00000 0.00000 -1.00000 0.00000
1637695679720026 0.99600 0.08936 0.00000 -5.26684 0.08936 -0.99600 0.00000 0.14315 0.00000 0.00000 -1.00000 0.00000
1637695679968729 0.99508 0.09912 0.00000 -6.27490 0.09912 -0.99508 0.00000 0.08038 0.00000 0.00000 -1.00000 0.00000
1637695680217680 0.99415 0.10798 0.00000 -7.34796 0.10798 -0.99415 0.00000 0.01761 0.00000 0.00000 -1.00000 0.00000
1637695680466238 0.99320 0.11642 0.00000 -8.46447 0.11642 -0.99320 0.00000 -0.05626 0.00000 0.00000 -1.00000 0.00000
1637695680714957 0.99228 0.12398 0.00000 -9.60660 0.12398 -0.99228 0.00000 -0.14840 0.00000 0.00000 -1.00000 0.00000
1637695680963797 0.99192 0.12683 0.00000 -10.78977 0.12683 -0.99192 0.00000 -0.19001 0.00000 0.00000 -1.00000 0.00000
1637695681212675 0.99208 0.12561 0.00000 -12.02767 0.12561 -0.99208 0.00000 -0.20723 0.00000 0.00000 -1.00000 0.00000
1637695681461543 0.99229 0.12394 0.00000 -13.32038 0.12394 -0.99229 0.00000 -0.20998 0.00000 0.00000 -1.00000 0.00000
1637695681710513 0.99240 0.12302 0.00000 -14.61281 0.12302 -0.99240 0.00000 -0.22783 0.00000 0.00000 -1.00000 0.00000
1637695681959198 0.99266 0.12095 0.00000 -16.00540 0.12095 -0.99266 0.00000 -0.22301 0.00000 0.00000 -1.00000 0.00000
1637695682208322 0.99248 0.12237 0.00000 -17.49639 0.12237 -0.99248 0.00000 -0.27896 0.00000 0.00000 -1.00000 0.00000
1637695682457166 0.99205 0.12581 0.00000 -19.02884 0.12581 -0.99205 0.00000 -0.37811 0.00000 0.00000 -1.00000 0.00000
1637695682706118 0.99130 0.13159 0.00000 -20.63630 0.13159 -0.99130 0.00000 -0.52579 0.00000 0.00000 -1.00000 0.00000
1637695682955183 0.99015 0.14001 0.00000 -22.27889 0.14001 -0.99015 0.00000 -0.74439 0.00000 0.00000 -1.00000 0.00000
1637695683204287 0.98880 0.14926 0.00000 -23.95034 0.14926 -0.98880 0.00000 -0.98803 0.00000 0.00000 -1.00000 0.00000
1637695683453136 0.98742 0.15815 0.00000 -25.64550 0.15815 -0.98742 0.00000 -1.24797 0.00000 0.00000 -1.00000 0.00000
1637695683702173 0.98613 0.16600 0.00000 -27.35424 0.16600 -0.98613 0.00000 -1.49237 0.00000 0.00000 -1.00000 0.00000
1637695683951225 0.98516 0.17162 0.00000 -29.04094 0.17162 -0.98516 0.00000 -1.70709 0.00000 0.00000 -1.00000 0.00000
1637695684199877 0.98389 0.17876 0.00000 -30.76303 0.17876 -0.98389 0.00000 -1.96013 0.00000 0.00000 -1.00000 0.00000
1637695684449057 0.98312 0.18297 0.00000 -32.49404 0.18297 -0.98312 0.00000 -2.11630 0.00000 0.00000 -1.00000 0.00000
1637695684697736 0.98256 0.18594 0.00000 -34.22500 0.18594 -0.98256 0.00000 -2.25309 0.00000 0.00000 -1.00000 0.00000
1637695684946547 0.98191 0.18937 0.00000 -36.03688 0.18937 -0.98191 0.00000 -2.41832 0.00000 0.00000 -1.00000 0.00000
1637695685195552 0.98153 0.19132 0.00000 -37.85299 0.19132 -0.98153 0.00000 -2.54308 0.00000 0.00000 -1.00000 0.00000
1637695685444040 0.98032 0.19741 0.00000 -39.64346 0.19741 -0.98032 0.00000 -2.81789 0.00000 0.00000 -1.00000 0.00000
1637695685693193 0.97803 0.20848 0.00000 -41.53242 0.20848 -0.97803 0.00000 -3.31139 0.00000 0.00000 -1.00000 0.00000
1637695685942426 0.97468 0.22361 0.00000 -43.41711 0.22361 -0.97468 0.00000 -3.99434 0.00000 0.00000 -1.00000 0.00000
1637695686191354 0.97116 0.23842 0.00000 -45.34122 0.23842 -0.97116 0.00000 -4.71970 0.00000 0.00000 -1.00000 0.00000
1637695686440258 0.96801 0.25092 0.00000 -47.31372 0.25092 -0.96801 0.00000 -5.33764 0.00000 0.00000 -1.00000 0.00000
1637695686689543 0.96638 0.25712 0.00000 -49.33934 0.25712 -0.96638 0.00000 -5.68066 0.00000 0.00000 -1.00000 0.00000
1637695686938244 0.96473 0.26325 0.00000 -51.40136 0.26325 -0.96473 0.00000 -6.03088 0.00000 0.00000 -1.00000 0.00000
1637695687187602 0.96352 0.26765 0.00000 -53.46942 0.26765 -0.96352 0.00000 -6.31147 0.00000 0.00000 -1.00000 0.00000
1637695687436363 0.96226 0.27214 0.00000 -55.54374 0.27214 -0.96226 0.00000 -6.61913 0.00000 0.00000 -1.00000 0.00000
1637695687685262 0.96092 0.27681 0.00000 -57.63550 0.27681 -0.96092 0.00000 -6.94982 0.00000 0.00000 -1.00000 0.00000
1637695687934246 0.95983 0.28057 0.00000 -59.69973 0.28057 -0.95983 0.00000 -7.21646 0.00000 0.00000 -1.00000 0.00000
1637695688183280 0.95905 0.28323 0.00000 -61.77467 0.28323 -0.95905 0.00000 -7.42391 0.00000 0.00000 -1.00000 0.00000
1637695688432670 0.95879 0.28412 0.00000 -63.84559 0.28412 -0.95879 0.00000 -7.52037 0.00000 0.00000 -1.00000 0.00000
1637695688681343 0.95893 0.28366 0.00000 -65.92388 0.28366 -0.95893 0.00000 -7.53654 0.00000 0.00000 -1.00000 0.00000
1637695688930197 0.95958 0.28143 0.00000 -68.00231 0.28143 -0.95958 0.00000 -7.42936 0.00000 0.00000 -1.00000 0.00000
1637695689179240 0.96097 0.27665 0.00000 -70.10158 0.27665 -0.96097 0.00000 -7.13099 0.00000 0.00000 -1.00000 0.00000
1637695689427916 0.96372 0.26693 0.00000 -72.22402 0.26693 -0.96372 0.00000 -6.45117 0.00000 0.00000 -1.00000 0.00000
1637695689677083 0.96782 0.25164 0.00000 -74.36466 0.25164 -0.96782 0.00000 -5.33582 0.00000 0.00000 -1.00000 0.00000
1637695689925695 0.97301 0.23077 0.00000 -76.49714 0.23077 -0.97301 0.00000 -3.75998 0.00000 0.00000 -1.00000 0.00000
1637695690174930 0.97870 0.20528 0.00000 -78.58087 0.20528 -0.97870 0.00000 -1.77645 0.00000 0.00000 -1.00000 0.00000
1637695690423952 0.98457 0.17499 0.00000 -80.62546 0.17499 -0.98457 0.00000 0.63792 0.00000 0.00000 -1.00000 0.00000
1637695690673223 0.99004 0.14082 0.00000 -82.57665 0.14082 -0.99004 0.00000 3.40983 0.00000 0.00000 -1.00000 0.00000
1637695690922328 0.99479 0.10197 0.00000 -84.37893 0.10197 -0.99479 0.00000 6.62950 0.00000 0.00000 -1.00000 0.00000
1637695691171380 0.99849 0.05485 0.00000 -85.96216 0.05485 -0.99849 0.00000 10.60317 0.00000 0.00000 -1.00000 0.00000
1637695691420356 1.00000 -0.00021 0.00000 -87.25217 -0.00021 -1.00000 0.00000 15.32185 0.00000 -0.00000 -1.00000 0.00000
1637695691669125 0.99833 -0.05768 0.00000 -88.20952 -0.05768 -0.99833 0.00000 20.30820 0.00000 -0.00000 -1.00000 0.00000
1637695691917658 0.99348 -0.11398 0.00000 -88.86315 -0.11398 -0.99348 0.00000 25.24647 0.00000 -0.00000 -1.00000 0.00000
1637695692166650 0.98544 -0.17001 0.00000 -89.24036 -0.17001 -0.98544 0.00000 30.23263 0.00000 -0.00000 -1.00000 0.00000
1637695692415764 0.97439 -0.22486 0.00000 -89.34898 -0.22486 -0.97439 0.00000 35.17338 0.00000 -0.00000 -1.00000 0.00000
1637695692664800 0.96009 -0.27970 0.00000 -89.13559 -0.27970 -0.96009 0.00000 40.17091 0.00000 -0.00000 -1.00000 0.00000
1637695692913789 0.94154 -0.33689 0.00000 -88.46269 -0.33689 -0.94154 0.00000 45.46471 0.00000 -0.00000 -1.00000 0.00000
1637695693162867 0.91535 -0.40266 0.00000 -86.92300 -0.40266 -0.91535 0.00000 51.62634 0.00000 -0.00000 -1.00000 0.00000
1637695693412044 0.88111 -0.47292 0.00000 -84.50545 -0.47292 -0.88111 0.00000 58.26497 0.00000 -0.00000 -1.00000 0.00000
1637695693660914 0.83969 -0.54306 0.00000 -81.30953 -0.54306 -0.83969 0.00000 64.95326 0.00000 -0.00000 -1.00000 0.00000
1637695693909944 0.79337 -0.60874 0.00000 -77.66348 -0.60874 -0.79337 0.00000 71.26115 0.00000 -0.00000 -1.00000 0.00000
1637695694158962 0.74466 -0.66744 0.00000 -73.81537 -0.66744 -0.74466 0.00000 76.99155 0.00000 -0.00000 -1.00000 0.00000
1637695694408030 0.69786 -0.71623 0.00000 -70.22231 -0.71623 -0.69786 0.00000 81.79284 0.00000 -0.00000 -1.00000 0.00000
1637695694656816 0.65526 -0.75540 0.00000 -67.16903 -0.75540 -0.65526 0.00000 85.68933 0.00000 -0.00000 -1.00000 0.00000
1637695694905596 0.62203 -0.78299 0.00000 -65.22928 -0.78299 -0.62203 0.00000 88.46944 0.00000 -0.00000 -1.00000 0.00000
1637695695154396 0.60043 -0.79968 0.00000 -64.64011 -0.79968 -0.60043 0.00000 90.16455 0.00000 -0.00000 -1.00000 0.00000
1637695695403417 0.58839 -0.80858 0.00000 -65.18019 -0.80858 -0.58839 0.00000 91.09661 0.00000 -0.00000 -1.00000 0.00000
1637695695652335 0.58085 -0.81401 0.00000 -66.26814 -0.81401 -0.58085 0.00000 91.68677 0.00000 -0.00000 -1.00000 0.00000
1637695695901029 0.57606 -0.81741 0.00000 -67.71465 -0.81741 -0.57606 0.00000 92.07612 0.00000 -0.00000 -1.00000 0.00000
1637695696149765 0.57467 -0.81839 0.00000 -69.57049 -0.81839 -0.57467 0.00000 92.17959 0.00000 -0.00000 -1.00000 0.00000
1637695696398859 0.57764 -0.81629 0.00000 -71.91146 -0.81629 -0.57764 0.00000 91.89561 0.00000 -0.00000 -1.00000 0.00000
1637695696647917 0.58256 -0.81279 0.00000 -74.46781 -0.81279 -0.58256 0.00000 91.40929 0.00000 -0.00000 -1.00000 0.00000
1637695696896717 0.58809 -0.80879 0.00000 -77.09109 -0.80879 -0.58809 0.00000 90.84799 0.00000 -0.00000 -1.00000 0.00000
1637695697145932 0.59481 -0.80386 0.00000 -79.83901 -0.80386 -0.59481 0.00000 90.15424 0.00000 -0.00000 -1.00000 0.00000
1637695697394273 0.60203 -0.79847 0.00000 -82.63699 -0.79847 -0.60203 0.00000 89.39999 0.00000 -0.00000 -1.00000 0.00000
1637695697643270 0.61043 -0.79207 0.00000 -85.53187 -0.79207 -0.61043 0.00000 88.47415 0.00000 -0.00000 -1.00000 0.00000
1637695697892163 0.62051 -0.78420 0.00000 -88.60106 -0.78420 -0.62051 0.00000 87.31817 0.00000 -0.00000 -1.00000 0.00000
1637695698141218 0.63251 -0.77455 0.00000 -91.88038 -0.77455 -0.63251 0.00000 85.87757 0.00000 -0.00000 -1.00000 0.00000
1637695698390047 0.64652 -0.76290 0.00000 -95.33819 -0.76290 -0.64652 0.00000 84.13935 0.00000 -0.00000 -1.00000 0.00000
1637695698638850 0.66296 -0.74865 0.00000 -99.03548 -0.74865 -0.66296 0.00000 81.97796 0.00000 -0.00000 -1.00000 0.00000
1637695698887496 0.68336 -0.73008 0.00000 -103.15591 -0.73008 -0.68336 0.00000 79.16109 0.00000 -0.00000 -1.00000 0.00000
1637695699137048 0.70603 -0.70818 0.00000 -107.47589 -0.70818 -0.70603 0.00000 75.81303 0.00000 -0.00000 -1.00000 0.00000
1637695699385926 0.73190 -0.68142 0.00000 -112.06376 -0.68142 -0.73190 0.00000 71.70420 0.00000 -0.00000 -1.00000 0.00000
1637695699634655 0.75546 -0.65520 0.00000 -116.38987 -0.65520 -0.75546 0.00000 67.64838 0.00000 -0.00000 -1.00000 0.00000
1637695699883538 0.77724 -0.62920 0.00000 -120.47958 -0.62920 -0.77724 0.00000 63.60306 0.00000 -0.00000 -1.00000 0.00000
1637695700132410 0.79866 -0.60178 0.00000 -124.45676 -0.60178 -0.79866 0.00000 59.31590 0.00000 -0.00000 -1.00000 0.00000
1637695700381356 0.81582 -0.57831 0.00000 -128.02796 -0.57831 -0.81582 0.00000 55.62281 0.00000 -0.00000 -1.00000 0.00000
1637695700630728 0.82824 -0.56038 0.00000 -131.05880 -0.56038 -0.82824 0.00000 52.76568 0.00000 -0.00000 -1.00000 0.00000
1637695700879501 0.83386 -0.55198 0.00000 -133.43511 -0.55198 -0.83386 0.00000 51.40384 0.00000 -0.00000 -1.00000 0.00000
1637695701129043 0.82940 -0.55865 0.00000 -134.85281 -0.55865 -0.82940 0.00000 52.45772 0.00000 -0.00000 -1.00000 0.00000
1637695701378106 0.81677 -0.57696 0.00000 -135.40403 -0.57696 -0.81677 0.00000 55.41894 0.00000 -0.00000 -1.00000 0.00000
1637695701627048 0.80226 -0.59697 0.00000 -135.65283 -0.59697 -0.80226 0.00000 58.72697 0.00000 -0.00000 -1.00000 0.00000
1637695701875839 0.79020 -0.61284 0.00000 -136.02557 -0.61284 -0.79020 0.00000 61.39804 0.00000 -0.00000 -1.00000 0.00000
1637695702124728 0.78818 -0.61544 0.00000 -137.31701 -0.61544 -0.78818 0.00000 61.81652 0.00000 -0.00000 -1.00000 0.00000
1637695702373373 0.80232 -0.59689 0.00000 -140.13707 -0.59689 -0.80232 0.00000 58.54746 0.00000 -0.00000 -1.00000 0.00000
1637695702621789 0.83276 -0.55364 0.00000 -144.36703 -0.55364 -0.83276 0.00000 51.00233 0.00000 -0.00000 -1.00000 0.00000
1637695702870557 0.87525 -0.48367 0.00000 -149.30484 -0.48367 -0.87525 0.00000 39.00731 0.00000 -0.00000 -1.00000 0.00000
1637695703119702 0.92020 -0.39146 0.00000 -153.68808 -0.39146 -0.92020 0.00000 23.45408 0.00000 -0.00000 -1.00000 0.00000
1637695703368491 0.95991 -0.28032 0.00000 -156.49382 -0.28032 -0.95991 0.00000 5.16826 0.00000 -0.00000 -1.00000 0.00000
1637695703617180 0.98956 -0.14415 0.00000 -156.77980 -0.14415 -0.98956 0.00000 -16.67476 0.00000 -0.00000 -1.00000 0.00000
1637695703866179 0.99991 0.01348 0.00000 -153.25355 0.01348 -0.99991 0.00000 -41.18446 0.00000 0.00000 -1.00000 0.00000
1637695704114780 0.98266 0.18541 0.00000 -144.89553 0.18541 -0.98266 0.00000 -66.96767 0.00000 0.00000 -1.00000 0.00000
1637695704363693 0.93211 0.36218 0.00000 -131.18317 0.36218 -0.93211 0.00000 -92.37822 0.00000 0.00000 -1.00000 0.00000
1637695704612746 0.84538 0.53416 0.00000 -112.01184 0.53416 -0.84538 0.00000 -115.81777 0.00000 0.00000 -1.00000 0.00000
1637695704861390 0.72326 0.69058 0.00000 -87.87305 0.69058 -0.72326 0.00000 -135.66660 0.00000 0.00000 -1.00000 0.00000
1637695705110290 0.56651 0.82406 0.00000 -59.14049 0.82406 -0.56651 0.00000 -150.78320 0.00000 0.00000 -1.00000 0.00000
1637695705359515 0.38736 0.92193 0.00000 -28.18700 0.92193 -0.38736 0.00000 -159.62977 0.00000 0.00000 -1.00000 0.00000
1637695705607969 0.19383 0.98103 0.00000 3.62796 0.98103 -0.19383 0.00000 -162.03087 0.00000 0.00000 -1.00000 0.00000
1637695705856981 -0.00723 0.99997 0.00000 35.21266 0.99997 0.00723 0.00000 -157.99406 0.00000 0.00000 -1.00000 0.00000
1637695706106034 -0.21361 0.97692 0.00000 66.17726 0.97692 0.21361 0.00000 -147.31198 0.00000 0.00000 -1.00000 0.00000
1637695706354907 -0.41720 0.90881 0.00000 95.15118 0.90881 0.41720 0.00000 -129.80223 0.00000 0.00000 -1.00000 0.00000
1637695706603748 -0.60698 0.79472 0.00000 120.38494 0.79472 0.60698 0.00000 -105.68495 0.00000 0.00000 -1.00000 0.00000
1637695706852822 -0.76584 0.64303 0.00000 139.50630 0.64303 0.76584 0.00000 -76.86308 0.00000 0.00000 -1.00000 0.00000
1637695707102013 -0.87973 0.47548 0.00000 151.01394 0.47548 0.87973 0.00000 -47.18453 0.00000 0.00000 -1.00000 0.00000
1637695707351042 -0.95032 0.31127 0.00000 155.80205 0.31127 0.95032 0.00000 -19.57734 0.00000 0.00000 -1.00000 0.00000
1637695707600080 -0.98435 0.17625 0.00000 155.74308 0.17625 0.98435 0.00000 2.22609 0.00000 0.00000 -1.00000 0.00000
1637695707849323 -0.99641 0.08471 0.00000 153.52125 0.08471 0.99641 0.00000 16.57152 0.00000 0.00000 -1.00000 0.00000
1637695708098046 -0.99921 0.03978 0.00000 151.16767 0.03978 0.99921 0.00000 23.44256 0.00000 0.00000 -1.00000 0.00000
1637695708347541 -0.99903 0.04408 0.00000 149.73792 0.04408 0.99903 0.00000 22.78426 0.00000 0.00000 -1.00000 0.00000
1637695708596395 -0.99607 0.08856 0.00000 149.03934 0.08856 0.99607 0.00000 16.09158 0.00000 0.00000 -1.00000 0.00000
1637695708845390 -0.98778 0.15582 0.00000 148.21549 0.15582 0.98778 0.00000 5.93412 0.00000 0.00000 -1.00000 0.00000
1637695709094109 -0.97534 0.22069 0.00000 146.65835 0.22069 0.97534 0.00000 -3.86599 0.00000 0.00000 -1.00000 0.00000
1637695709343097 -0.95989 0.28037 0.00000 144.51505 0.28037 0.95989 0.00000 -12.91285 0.00000 0.00000 -1.00000 0.00000
1637695709591865 -0.94193 0.33581 0.00000 141.86932 0.33581 0.94193 0.00000 -21.32583 0.00000 0.00000 -1.00000 0.00000
1637695709840778 -0.92120 0.38910 0.00000 138.71731 0.38910 0.92120 0.00000 -29.41471 0.00000 0.00000 -1.00000 0.00000
1637695710089814 -0.89726 0.44151 0.00000 135.02798 0.44151 0.89726 0.00000 -37.37508 0.00000 0.00000 -1.00000 0.00000
1637695710338649 -0.87358 0.48668 0.00000 131.11893 0.48668 0.87358 0.00000 -44.22878 0.00000 0.00000 -1.00000 0.00000
1637695710587748 -0.84765 0.53056 0.00000 126.83098 0.53056 0.84765 0.00000 -50.87369 0.00000 0.00000 -1.00000 0.00000
1637695710836575 -0.81968 0.57281 0.00000 122.15692 0.57281 0.81968 0.00000 -57.24566 0.00000 0.00000 -1.00000 0.00000
1637695711085622 -0.78858 0.61494 0.00000 116.99675 0.61494 0.78858 0.00000 -63.57962 0.00000 0.00000 -1.00000 0.00000
1637695711334590 -0.75418 0.65666 0.00000 111.37054 0.65666 0.75418 0.00000 -69.82621 0.00000 0.00000 -1.00000 0.00000
1637695711583542 -0.71866 0.69536 0.00000 105.52332 0.69536 0.71866 0.00000 -75.59704 0.00000 0.00000 -1.00000 0.00000
1637695711832467 -0.68138 0.73193 0.00000 99.42622 0.73193 0.68138 0.00000 -81.00740 0.00000 0.00000 -1.00000 0.00000
1637695712081151 -0.64585 0.76346 0.00000 93.46282 0.76346 0.64585 0.00000 -85.63150 0.00000 0.00000 -1.00000 0.00000
1637695712330334 -0.61400 0.78931 0.00000 87.83967 0.78931 0.61400 0.00000 -89.40690 0.00000 0.00000 -1.00000 0.00000
1637695712578906 -0.58957 0.80772 0.00000 83.05950 0.80772 0.58957 0.00000 -92.07933 0.00000 0.00000 -1.00000 0.00000
1637695712827822 -0.57047 0.82132 0.00000 78.88589 0.82132 0.57047 0.00000 -94.05825 0.00000 0.00000 -1.00000 0.00000
1637695713076105 -0.55814 0.82975 0.00000 75.45497 0.82975 0.55814 0.00000 -95.27296 0.00000 0.00000 -1.00000 0.00000
1637695713324980 -0.54678 0.83728 0.00000 72.16075 0.83728 0.54678 0.00000 -96.32988 0.00000 0.00000 -1.00000 0.00000
1637695713573785 -0.53895 0.84234 0.00000 69.26021 0.84234 0.53895 0.00000 -97.03577 0.00000 0.00000 -1.00000 0.00000
1637695713823226 -0.53511 0.84478 0.00000 66.81305 0.84478 0.53511 0.00000 -97.39652 0.00000 0.00000 -1.00000 0.00000
1637695714071979 -0.53695 0.84361 0.00000 65.02700 0.84361 0.53695 0.00000 -97.29932 0.00000 0.00000 -1.00000 0.00000
1637695714320724 -0.54514 0.83835 0.00000 63.97119 0.83835 0.54514 0.00000 -96.72299 0.00000 0.00000 -1.00000 0.00000
1637695714569820 -0.56148 0.82749 0.00000 63.85098 0.82749 0.56148 0.00000 -95.51615 0.00000 0.00000 -1.00000 0.00000
1637695714818758 -0.58524 0.81086 0.00000 64.59685 0.81086 0.58524 0.00000 -93.69567 0.00000 0.00000 -1.00000 0.00000
1637695715067543 -0.61639 0.78744 0.00000 66.20101 0.78744 0.61639 0.00000 -91.18320 0.00000 0.00000 -1.00000 0.00000
1637695715316545 -0.65278 0.75755 0.00000 68.43107 0.75755 0.65278 0.00000 -88.04665 0.00000 0.00000 -1.00000 0.00000
1637695715565385 -0.69306 0.72088 0.00000 71.13987 0.72088 0.69306 0.00000 -84.27315 0.00000 0.00000 -1.00000 0.00000
1637695715814198 -0.73409 0.67905 0.00000 74.00972 0.67905 0.73409 0.00000 -80.03318 0.00000 0.00000 -1.00000 0.00000
1637695716062711 -0.77780 0.62851 0.00000 77.24316 0.62851 0.77780 0.00000 -74.99892 0.00000 0.00000 -1.00000 0.00000
1637695716311660 -0.82311 0.56788 0.00000 80.72025 0.56788 0.82311 0.00000 -69.03697 0.00000 0.00000 -1.00000 0.00000
1637695716560739 -0.86427 0.50302 0.00000 83.81802 0.50302 0.86427 0.00000 -62.72143 0.00000 0.00000 -1.00000 0.00000
1637695716809803 -0.90068 0.43448 0.00000 86.44812 0.43448 0.90068 0.00000 -56.13448 0.00000 0.00000 -1.00000 0.00000
1637695717058674 -0.93136 0.36409 0.00000 88.49260 0.36409 0.93136 0.00000 -49.42657 0.00000 0.00000 -1.00000 0.00000
1637695717307713 -0.95557 0.29477 0.00000 89.85397 0.29477 0.95557 0.00000 -42.89612 0.00000 0.00000 -1.00000 0.00000
1637695717556109 -0.97397 0.22666 0.00000 90.63919 0.22666 0.97397 0.00000 -36.52255 0.00000 0.00000 -1.00000 0.00000
1637695717804997 -0.98690 0.16135 0.00000 90.84226 0.16135 0.98690 0.00000 -30.50053 0.00000 0.00000 -1.00000 0.00000
1637695718053921 -0.99522 0.09770 0.00000 90.57262 0.09770 0.99522 0.00000 -24.68824 0.00000 0.00000 -1.00000 0.00000
1637695718302721 -0.99943 0.03367 0.00000 89.94109 0.03367 0.99943 0.00000 -18.91874 0.00000 0.00000 -1.00000 0.00000
1637695718551527 -0.99963 -0.02735 -0.00000 88.88449 -0.02735 0.99963 0.00000 -13.46736 0.00000 0.00000 -1.00000 0.00000
1637695718800478 -0.99652 -0.08339 -0.00000 87.41810 -0.08339 0.99652 0.00000 -8.52657 0.00000 0.00000 -1.00000 0.00000
1637695719049603 -0.99143 -0.13063 -0.00000 85.65207 -0.13063 0.99143 0.00000 -4.43083 0.00000 0.00000 -1.00000 0.00000
1637695719298969 -0.98556 -0.16933 -0.00000 83.67877 -0.16933 0.98556 0.00000 -1.13269 0.00000 0.00000 -1.00000 0.00000
1637695719547740 -0.97945 -0.20169 -0.00000 81.56489 -0.20169 0.97945 0.00000 1.56307 0.00000 0.00000 -1.00000 0.00000
1637695719796607 -0.97504 -0.22203 -0.00000 79.38334 -0.22203 0.97504 0.00000 3.20828 0.00000 0.00000 -1.00000 0.00000
1637695720045722 -0.97162 -0.23656 -0.00000 77.19076 -0.23656 0.97162 0.00000 4.35796 0.00000 0.00000 -1.00000 0.00000
1637695720294874 -0.96977 -0.24401 -0.00000 75.00338 -0.24401 0.96977 0.00000 4.90849 0.00000 0.00000 -1.00000 0.00000
1637695720543479 -0.96801 -0.25091 -0.00000 72.78461 -0.25091 0.96801 0.00000 5.39563 0.00000 0.00000 -1.00000 0.00000
1637695720792603 -0.96782 -0.25165 -0.00000 70.60079 -0.25165 0.96782 0.00000 5.41083 0.00000 0.00000 -1.00000 0.00000
1637695721041218 -0.96765 -0.25228 -0.00000 68.43120 -0.25228 0.96765 0.00000 5.40746 0.00000 0.00000 -1.00000 0.00000
1637695721290497 -0.96792 -0.25125 -0.00000 66.27215 -0.25125 0.96792 0.00000 5.28651 0.00000 0.00000 -1.00000 0.00000
1637695721539364 -0.96797 -0.25106 -0.00000 64.11187 -0.25106 0.96797 0.00000 5.23163 0.00000 0.00000 -1.00000 0.00000
1637695721788388 -0.96831 -0.24975 -0.00000 61.96759 -0.24975 0.96831 0.00000 5.11280 0.00000 0.00000 -1.00000 0.00000
1637695722037070 -0.96828 -0.24988 -0.00000 59.81953 -0.24988 0.96828 0.00000 5.07635 0.00000 0.00000 -1.00000 0.00000
1637695722286473 -0.96855 -0.24881 -0.00000 57.68559 -0.24881 0.96855 0.00000 4.96324 0.00000 0.00000 -1.00000 0.00000
1637695722535254 -0.96856 -0.24879 -0.00000 55.55414 -0.24879 0.96856 0.00000 4.90347 0.00000 0.00000 -1.00000 0.00000
1637695722784183 -0.96842 -0.24932 -0.00000 53.44909 -0.24932 0.96842 0.00000 4.89033 0.00000 0.00000 -1.00000 0.00000
1637695723032820 -0.96823 -0.25006 -0.00000 51.37497 -0.25006 0.96823 0.00000 4.87022 0.00000 0.00000 -1.00000 0.00000
1637695723281824 -0.96730 -0.25363 -0.00000 49.27302 -0.25363 0.96730 0.00000 5.00885 0.00000 0.00000 -1.00000 0.00000
1637695723531085 -0.96614 -0.25803 -0.00000 47.20745 -0.25803 0.96614 0.00000 5.20068 0.00000 0.00000 -1.00000 0.00000
1637695723779469 -0.96543 -0.26064 -0.00000 45.16052 -0.26064 0.96543 0.00000 5.29772 0.00000 0.00000 -1.00000 0.00000
1637695724028647 -0.96571 -0.25962 -0.00000 43.13190 -0.25962 0.96571 0.00000 5.19166 0.00000 0.00000 -1.00000 0.00000
1637695724278034 -0.96811 -0.25051 -0.00000 41.18308 -0.25051 0.96811 0.00000 4.76365 0.00000 0.00000 -1.00000 0.00000
1637695724526696 -0.97138 -0.23754 -0.00000 39.22516 -0.23754 0.97138 0.00000 4.18672 0.00000 0.00000 -1.00000 0.00000
1637695724775973 -0.97439 -0.22485 -0.00000 37.32804 -0.22485 0.97439 0.00000 3.63859 0.00000 0.00000 -1.00000 0.00000
1637695725024744 -0.97720 -0.21230 -0.00000 35.38823 -0.21230 0.97720 0.00000 3.12463 0.00000 0.00000 -1.00000 0.00000
1637695725273684 -0.97965 -0.20071 -0.00000 33.43953 -0.20071 0.97965 0.00000 2.67665 0.00000 0.00000 -1.00000 0.00000
1637695725522624 -0.98166 -0.19065 -0.00000 31.54062 -0.19065 0.98166 0.00000 2.30492 0.00000 0.00000 -1.00000 0.00000
1637695725771609 -0.98388 -0.17880 -0.00000 29.58134 -0.17880 0.98388 0.00000 1.87947 0.00000 0.00000 -1.00000 0.00000
1637695726020704 -0.98468 -0.17436 -0.00000 27.65736 -0.17436 0.98468 0.00000 1.69576 0.00000 0.00000 -1.00000 0.00000
1637695726269479 -0.98560 -0.16912 -0.00000 25.74307 -0.16912 0.98560 0.00000 1.50099 0.00000 0.00000 -1.00000 0.00000
1637695726518692 -0.98615 -0.16585 -0.00000 23.79701 -0.16585 0.98615 0.00000 1.38025 0.00000 0.00000 -1.00000 0.00000
1637695726767282 -0.98643 -0.16421 -0.00000 21.87296 -0.16421 0.98643 0.00000 1.29122 0.00000 0.00000 -1.00000 0.00000
1637695727015971 -0.98657 -0.16335 -0.00000 19.92818 -0.16335 0.98657 0.00000 1.23066 0.00000 0.00000 -1.00000 0.00000
1637695727265216 -0.98674 -0.16230 -0.00000 17.99015 -0.16230 0.98674 0.00000 1.16750 0.00000 0.00000 -1.00000 0.00000
1637695727514045 -0.98698 -0.16084 -0.00000 16.04885 -0.16084 0.98698 0.00000 1.10557 0.00000 0.00000 -1.00000 0.00000
1637695727763183 -0.98716 -0.15976 -0.00000 14.11543 -0.15976 0.98716 0.00000 1.06687 0.00000 0.00000 -1.00000 0.00000
1637695728012550 -0.98806 -0.15409 -0.00000 12.21175 -0.15409 0.98806 0.00000 0.95033 0.00000 0.00000 -1.00000 0.00000
1637695728261286 -0.98843 -0.15167 -0.00000 10.26590 -0.15167 0.98843 0.00000 0.88980 0.00000 0.00000 -1.00000 0.00000
1637695728510719 -0.98910 -0.14725 -0.00000 8.36646 -0.14725 0.98910 0.00000 0.81439 0.00000 0.00000 -1.00000 0.00000
1637695728759418 -0.98966 -0.14346 -0.00000 6.44789 -0.14346 0.98966 0.00000 0.76223 0.00000 0.00000 -1.00000 0.00000
1637695729008814 -0.99008 -0.14051 -0.00000 4.55281 -0.14051 0.99008 0.00000 0.70949 0.00000 0.00000 -1.00000 0.00000
1637695729257611 -0.99022 -0.13950 -0.00000 2.63109 -0.13950 0.99022 0.00000 0.67887 0.00000 0.00000 -1.00000 0.00000
1637695729506593 -0.99021 -0.13957 -0.00000 0.73396 -0.13957 0.99021 0.00000 0.66180 0.00000 0.00000 -1.00000 0.00000
1637695729755194 -0.99006 -0.14063 -0.00000 -1.15766 -0.14063 0.99006 0.00000 0.62967 0.00000 0.00000 -1.00000 0.00000
1637695730004216 -0.98945 -0.14490 -0.00000 -3.07235 -0.14490 0.98945 0.00000 0.58514 0.00000 0.00000 -1.00000 0.00000
1637695730253129 -0.98864 -0.15032 -0.00000 -4.96238 -0.15032 0.98864 0.00000 0.52717 0.00000 0.00000 -1.00000 0.00000
1637695730502300 -0.98776 -0.15595 -0.00000 -6.85788 -0.15595 0.98776 0.00000 0.45050 0.00000 0.00000 -1.00000 0.00000
1637695730751656 -0.98679 -0.16199 -0.00000 -8.75765 -0.16199 0.98679 0.00000 0.35796 0.00000 0.00000 -1.00000 0.00000
1637695731000452 -0.98576 -0.16813 -0.00000 -10.67565 -0.16813 0.98576 0.00000 0.27789 0.00000 0.00000 -1.00000 0.00000
1637695731249974 -0.98534 -0.17062 -0.00000 -12.55082 -0.17062 0.98534 0.00000 0.23955 0.00000 0.00000 -1.00000 0.00000
1637695731498621 -0.98481 -0.17366 -0.00000 -14.44693 -0.17366 0.98481 0.00000 0.17666 0.00000 0.00000 -1.00000 0.00000
1637695731747539 -0.98498 -0.17265 -0.00000 -16.36413 -0.17265 0.98498 0.00000 0.15098 0.00000 0.00000 -1.00000 0.00000
1637695731996370 -0.98416 -0.17729 -0.00000 -18.24542 -0.17729 0.98416 0.00000 0.01515 0.00000 0.00000 -1.00000 0.00000
1637695732245328 -0.98261 -0.18569 -0.00000 -20.14875 -0.18569 0.98261 0.00000 -0.20301 0.00000 0.00000 -1.00000 0.00000
1637695732494035 -0.98108 -0.19360 -0.00000 -22.05568 -0.19360 0.98108 0.00000 -0.41716 0.00000 0.00000 -1.00000 0.00000
1637695732743144 -0.97960 -0.20098 -0.00000 -23.94905 -0.20098 0.97960 0.00000 -0.65925 0.00000 0.00000 -1.00000 0.00000
1637695732992062 -0.97813 -0.20797 -0.00000 -25.84814 -0.20797 0.97813 0.00000 -0.89506 0.00000 0.00000 -1.00000 0.00000
1637695733241080 -0.97709 -0.21284 -0.00000 -27.74796 -0.21284 0.97709 0.00000 -1.07291 0.00000 0.00000 -1.00000 0.00000
1637695733489917 -0.97635 -0.21622 -0.00000 -29.67506 -0.21622 0.97635 0.00000 -1.20837 0.00000 0.00000 -1.00000 0.00000
1637695733739033 -0.97583 -0.21851 -0.00000 -31.62664 -0.21851 0.97583 0.00000 -1.29302 0.00000 0.00000 -1.00000 0.00000
1637695733988008 -0.97610 -0.21734 -0.00000 -33.64230 -0.21734 0.97610 0.00000 -1.27690 0.00000 0.00000 -1.00000 0.00000
1637695734236741 -0.97626 -0.21659 -0.00000 -35.70835 -0.21659 0.97626 0.00000 -1.27093 0.00000 0.00000 -1.00000 0.00000
1637695734485507 -0.97639 -0.21601 -0.00000 -37.79134 -0.21601 0.97639 0.00000 -1.28688 0.00000 0.00000 -1.00000 0.00000
1637695734734445 -0.97646 -0.21569 -0.00000 -39.90038 -0.21569 0.97646 0.00000 -1.31135 0.00000 0.00000 -1.00000 0.00000
1637695734983448 -0.97621 -0.21683 -0.00000 -42.04631 -0.21683 0.97621 0.00000 -1.40488 0.00000 0.00000 -1.00000 0.00000
1637695735232350 -0.97539 -0.22048 -0.00000 -44.14469 -0.22048 0.97539 0.00000 -1.61757 0.00000 0.00000 -1.00000 0.00000
1637695735480839 -0.97399 -0.22658 -0.00000 -46.25804 -0.22658 0.97399 0.00000 -1.95754 0.00000 0.00000 -1.00000 0.00000
1637695735730086 -0.97236 -0.23348 -0.00000 -48.34703 -0.23348 0.97236 0.00000 -2.33676 0.00000 0.00000 -1.00000 0.00000
1637695735978699 -0.97125 -0.23806 -0.00000 -50.39877 -0.23806 0.97125 0.00000 -2.61271 0.00000 0.00000 -1.00000 0.00000
1637695736227456 -0.96975 -0.24411 -0.00000 -52.44290 -0.24411 0.96975 0.00000 -2.98435 0.00000 0.00000 -1.00000 0.00000
1637695736476470 -0.96876 -0.24800 -0.00000 -54.44296 -0.24800 0.96876 0.00000 -3.24190 0.00000 0.00000 -1.00000 0.00000
1637695736725229 -0.96818 -0.25024 -0.00000 -56.38755 -0.25024 0.96818 0.00000 -3.39705 0.00000 0.00000 -1.00000 0.00000
1637695736974569 -0.96874 -0.24809 -0.00000 -58.27096 -0.24809 0.96874 0.00000 -3.30141 0.00000 0.00000 -1.00000 0.00000
1637695737223846 -0.97126 -0.23804 -0.00000 -60.06906 -0.23804 0.97126 0.00000 -2.72158 0.00000 0.00000 -1.00000 0.00000
1637695737472863 -0.97595 -0.21799 -0.00000 -61.76855 -0.21799 0.97595 0.00000 -1.50903 0.00000 0.00000 -1.00000 0.00000
1637695737721725 -0.98321 -0.18246 -0.00000 -63.33685 -0.18246 0.98321 0.00000 0.71693 0.00000 0.00000 -1.00000 0.00000
1637695737970602 -0.99112 -0.13300 -0.00000 -64.66366 -0.13300 0.99112 0.00000 3.87833 0.00000 0.00000 -1.00000 0.00000
1637695738219686 -0.99771 -0.06759 -0.00000 -65.58820 -0.06759 0.99771 0.00000 8.12648 0.00000 0.00000 -1.00000 0.00000
1637695738468934 -0.99987 0.01604 0.00000 -65.87879 0.01604 0.99987 0.00000 13.57098 0.00000 0.00000 -1.00000 0.00000
1637695738717818 -0.99359 0.11305 0.00000 -65.38047 0.11305 0.99359 0.00000 19.89597 0.00000 0.00000 -1.00000 0.00000
1637695738966651 -0.97430 0.22525 0.00000 -63.79028 0.22525 0.97430 0.00000 27.18523 0.00000 0.00000 -1.00000 0.00000
1637695739215536 -0.93707 0.34915 0.00000 -60.80786 0.34915 0.93707 0.00000 35.19250 0.00000 0.00000 -1.00000 0.00000
1637695739464518 -0.87988 0.47520 0.00000 -56.38965 0.47520 0.87988 0.00000 43.24374 0.00000 0.00000 -1.00000 0.00000
1637695739713418 -0.80656 0.59115 0.00000 -50.95493 0.59115 0.80656 0.00000 50.51262 0.00000 0.00000 -1.00000 0.00000
1637695739962125 -0.72399 0.68981 0.00000 -45.04701 0.68981 0.72399 0.00000 56.62648 0.00000 0.00000 -1.00000 0.00000
1637695740211313 -0.63689 0.77095 0.00000 -39.00169 0.77095 0.63689 0.00000 61.55813 0.00000 0.00000 -1.00000 0.00000
1637695740460072 -0.54894 0.83586 0.00000 -33.08867 0.83586 0.54894 0.00000 65.42074 0.00000 0.00000 -1.00000 0.00000
1637695740708820 -0.47320 0.88096 0.00000 -28.30743 0.88096 0.47320 0.00000 68.04591 0.00000 0.00000 -1.00000 0.00000
1637695740957737 -0.41188 0.91124 0.00000 -24.76950 0.91124 0.41188 0.00000 69.78964 0.00000 0.00000 -1.00000 0.00000
1637695741206413 -0.37087 0.92869 0.00000 -22.89456 0.92869 0.37087 0.00000 70.78348 0.00000 0.00000 -1.00000 0.00000
1637695741455391 -0.34587 0.93828 0.00000 -22.33200 0.93828 0.34587 0.00000 71.34031 0.00000 0.00000 -1.00000 0.00000
1637695741704401 -0.32820 0.94461 0.00000 -22.42187 0.94461 0.32820 0.00000 71.71926 0.00000 0.00000 -1.00000 0.00000
1637695741953519 -0.30977 0.95081 0.00000 -22.53634 0.95081 0.30977 0.00000 72.12621 0.00000 0.00000 -1.00000 0.00000
1637695742202218 -0.29214 0.95637 0.00000 -22.79053 0.95637 0.29214 0.00000 72.51002 0.00000 0.00000 -1.00000 0.00000
1637695742451240 -0.27642 0.96104 0.00000 -23.27507 0.96104 0.27642 0.00000 72.84266 0.00000 0.00000 -1.00000 0.00000
1637695742699989 -0.26398 0.96453 0.00000 -24.03213 0.96453 0.26398 0.00000 73.09469 0.00000 0.00000 -1.00000 0.00000
1637695742948824 -0.25397 0.96721 0.00000 -25.03415 0.96721 0.25397 0.00000 73.29807 0.00000 0.00000 -1.00000 0.00000
1637695743197673 -0.24592 0.96929 0.00000 -26.19547 0.96929 0.24592 0.00000 73.46711 0.00000 0.00000 -1.00000 0.00000
1637695743446381 -0.23826 0.97120 0.00000 -27.39420 0.97120 0.23826 0.00000 73.63812 0.00000 0.00000 -1.00000 0.00000
1637695743695318 -0.22908 0.97341 0.00000 -28.52205 0.97341 0.22908 0.00000 73.86072 0.00000 0.00000 -1.00000 0.00000
1637695743944358 -0.21624 0.97634 0.00000 -29.42812 0.97634 0.21624 0.00000 74.19917 0.00000 0.00000 -1.00000 0.00000
1637695744193416 -0.19828 0.98015 0.00000 -29.93272 0.98015 0.19828 0.00000 74.70597 0.00000 0.00000 -1.00000 0.00000
1637695744442125 -0.17651 0.98430 0.00000 -30.15920 0.98430 0.17651 0.00000 75.32261 0.00000 0.00000 -1.00000 0.00000
1637695744691241 -0.15159 0.98844 0.00000 -30.12777 0.98844 0.15159 0.00000 76.04421 0.00000 0.00000 -1.00000 0.00000
1637695744939685 -0.12992 0.99152 0.00000 -30.36127 0.99152 0.12992 0.00000 76.64771 0.00000 0.00000 -1.00000 0.00000
1637695745188791 -0.11293 0.99360 0.00000 -30.94712 0.99360 0.11293 0.00000 77.11016 0.00000 0.00000 -1.00000 0.00000
1637695745437545 -0.10897 0.99405 0.00000 -32.50014 0.99405 0.10897 0.00000 77.14219 0.00000 0.00000 -1.00000 0.00000
1637695745685765 -0.11751 0.99307 0.00000 -35.01466 0.99307 0.11751 0.00000 76.80269 0.00000 0.00000 -1.00000 0.00000
1637695745935075 -0.13323 0.99109 0.00000 -38.17612 0.99109 0.13323 0.00000 76.19860 0.00000 0.00000 -1.00000 0.00000
1637695746184159 -0.14854 0.98891 0.00000 -41.29851 0.98891 0.14854 0.00000 75.54636 0.00000 0.00000 -1.00000 0.00000
1637695746433481 -0.16442 0.98639 0.00000 -44.41906 0.98639 0.16442 0.00000 74.82982 0.00000 0.00000 -1.00000 0.00000
1637695746682279 -0.17809 0.98401 0.00000 -47.47420 0.98401 0.17809 0.00000 74.14812 0.00000 0.00000 -1.00000 0.00000
1637695746931055 -0.18930 0.98192 0.00000 -50.39958 0.98192 0.18930 0.00000 73.57125 0.00000 0.00000 -1.00000 0.00000
1637695747180089 -0.19634 0.98054 0.00000 -53.01634 0.98054 0.19634 0.00000 73.14568 0.00000 0.00000 -1.00000 0.00000
1637695747429092 -0.20308 0.97916 0.00000 -55.63674 0.97916 0.20308 0.00000 72.73816 0.00000 0.00000 -1.00000 0.00000
1637695747677977 -0.20904 0.97791 0.00000 -58.17393 0.97791 0.20904 0.00000 72.35843 0.00000 0.00000 -1.00000 0.00000
1637695747926964 -0.21530 0.97655 0.00000 -60.73271 0.97655 0.21530 0.00000 71.94262 0.00000 0.00000 -1.00000 0.00000
1637695748176263 -0.22182 0.97509 0.00000 -63.30694 0.97509 0.22182 0.00000 71.49491 0.00000 0.00000 -1.00000 0.00000
1637695748425142 -0.22890 0.97345 0.00000 -65.83883 0.97345 0.22890 0.00000 70.99168 0.00000 0.00000 -1.00000 0.00000
1637695748673902 -0.23388 0.97227 0.00000 -68.23784 0.97227 0.23388 0.00000 70.60829 0.00000 0.00000 -1.00000 0.00000
1637695748922945 -0.24059 0.97063 0.00000 -70.73079 0.97063 0.24059 0.00000 70.08503 0.00000 0.00000 -1.00000 0.00000
1637695749171921 -0.24798 0.96876 0.00000 -73.23729 0.96876 0.24798 0.00000 69.50645 0.00000 0.00000 -1.00000 0.00000
1637695749420893 -0.25482 0.96699 0.00000 -75.65994 0.96699 0.25482 0.00000 68.95541 0.00000 0.00000 -1.00000 0.00000
1637695749669498 -0.26267 0.96489 0.00000 -78.10223 0.96489 0.26267 0.00000 68.28616 0.00000 0.00000 -1.00000 0.00000
1637695749918611 -0.27627 0.96108 0.00000 -80.89349 0.96108 0.27627 0.00000 67.11182 0.00000 0.00000 -1.00000 0.00000
1637695750167593 -0.29713 0.95484 0.00000 -84.12255 0.95484 0.29713 0.00000 65.27071 0.00000 0.00000 -1.00000 0.00000
1637695750416368 -0.33106 0.94361 0.00000 -88.12415 0.94361 0.33106 0.00000 62.17765 0.00000 0.00000 -1.00000 0.00000
1637695750665268 -0.37752 0.92600 0.00000 -92.76625 0.92600 0.37752 0.00000 57.64900 0.00000 0.00000 -1.00000 0.00000
1637695750913600 -0.43665 0.89963 0.00000 -97.91613 0.89963 0.43665 0.00000 51.47708 0.00000 0.00000 -1.00000 0.00000
1637695751162240 -0.50969 0.86036 0.00000 -103.46137 0.86036 0.50969 0.00000 43.11735 0.00000 0.00000 -1.00000 0.00000
1637695751411220 -0.57848 0.81570 0.00000 -108.24580 0.81570 0.57848 0.00000 34.45431 0.00000 0.00000 -1.00000 0.00000
1637695751660053 -0.64986 0.76006 0.00000 -112.44771 0.76006 0.64986 0.00000 24.42543 0.00000 0.00000 -1.00000 0.00000
1637695751909271 -0.71797 0.69607 0.00000 -115.78200 0.69607 0.71797 0.00000 13.76142 0.00000 0.00000 -1.00000 0.00000
1637695752158425 -0.78477 0.61979 0.00000 -118.08751 0.61979 0.78477 0.00000 1.88153 0.00000 0.00000 -1.00000 0.00000
1637695752407192 -0.84242 0.53882 0.00000 -119.19639 0.53882 0.84242 0.00000 -9.88143 0.00000 0.00000 -1.00000 0.00000
1637695752656104 -0.89414 0.44779 0.00000 -119.01314 0.44779 0.89414 0.00000 -22.33310 0.00000 0.00000 -1.00000 0.00000
1637695752905107 -0.93597 0.35207 0.00000 -117.55600 0.35207 0.93597 0.00000 -34.68511 0.00000 0.00000 -1.00000 0.00000
1637695753154381 -0.96760 0.25248 0.00000 -114.81513 0.25248 0.96760 0.00000 -46.82480 0.00000 0.00000 -1.00000 0.00000
1637695753403534 -0.98701 0.16068 0.00000 -111.46475 0.16068 0.98701 0.00000 -57.42244 0.00000 0.00000 -1.00000 0.00000
1637695753652796 -0.99654 0.08315 0.00000 -108.21555 0.08315 0.99654 0.00000 -65.99450 0.00000 0.00000 -1.00000 0.00000
1637695753901386 -0.99995 0.01010 0.00000 -104.70979 0.01010 0.99995 0.00000 -73.80582 0.00000 0.00000 -1.00000 0.00000
1637695754150662 -0.99932 -0.03677 -0.00000 -102.76725 -0.03677 0.99932 0.00000 -78.67411 0.00000 0.00000 -1.00000 0.00000
1637695754399806 -0.99835 -0.05751 -0.00000 -102.78220 -0.05751 0.99835 0.00000 -80.78779 0.00000 0.00000 -1.00000 0.00000
1637695754649039 -0.99840 -0.05651 -0.00000 -104.49495 -0.05651 0.99840 0.00000 -80.73109 0.00000 0.00000 -1.00000 0.00000
1637695754898156 -0.99914 -0.04144 -0.00000 -107.40652 -0.04144 0.99914 0.00000 -79.12297 0.00000 0.00000 -1.00000 0.00000
1637695755147769 -0.99999 -0.00539 -0.00000 -111.89512 -0.00539 0.99999 0.00000 -75.22367 0.00000 0.00000 -1.00000 0.00000
1637695755396226 -0.99921 0.03962 0.00000 -116.88030 0.03962 0.99921 0.00000 -70.12005 0.00000 0.00000 -1.00000 0.00000
