1. -0.001 0. 3.004 0.001 1. 0. 0.037 0. 0. 1. 0.
1. -0.000 0. 3.721 0.000 1. 0. 0.025 0. 0. 1. 0.
1. 0.001 0. 4.515 -0.001 1. 0. 0.009 0. 0. 1. 0.
1. 0.002 0. 5.377 -0.002 1. 0. -0.031 0. 0. 1. 0.
1. 0.003 0. 6.378 -0.003 1. 0. -0.002 0. 0. 1. 0.
1. 0.002 0. 7.411 -0.002 1. 0. 0.024 0. 0. 1. 0.
1. 0.004 0. 8.511 -0.004 1. 0. 0.009 0. 0. 1. 0.
1. 0.004 0. 9.683 -0.004 1. 0. 0.037 0. 0. 1. 0.
1. 0.004 0. 10.921 -0.004 1. 0. 0.027 0. 0. 1. 0.
1. 0.007 0. 12.253 -0.007 1. 0. 0.021 0. 0. 1. 0.
1. 0.007 0. 13.603 -0.007 1. 0. 0.025 0. 0. 1. 0.
1. 0.008 0. 14.999 -0.008 1. 0. 0.035 0. 0. 1. 0.
1. 0.012 0. 16.441 -0.012 1. 0. -0.031 0. 0. 1. 0.
1.000 0.015 0. 17.893 -0.015 1.000 0. -0.008 0. 0. 1. 0.
1.000 0.017 0. 19.377 -0.017 1.000 0. -0.007 0. 0. 1. 0.
1.000 0.019 0. 20.867 -0.019 1.000 0. -0.067 0. 0. 1. 0.
1.000 0.023 0. 22.337 -0.023 1.000 0. -0.062 0. 0. 1. 0.
1.000 0.026 0. 23.805 -0.026 1.000 0. -0.114 0. 0. 1. 0.
1.000 0.030 0. 25.308 -0.030 1.000 0. -0.141 0. 0. 1. 0.
0.999 0.034 0. 26.799 -0.034 0.999 0. -0.177 0. 0. 1. 0.
0.999 0.038 0. 28.225 -0.038 0.999 0. -0.238 0. 0. 1. 0.
0.999 0.042 0. 29.670 -0.042 0.999 0. -0.320 0. 0. 1. 0.
0.999 0.046 0. 31.099 -0.046 0.999 0. -0.319 0. 0. 1. 0.
0.999 0.053 0. 32.561 -0.053 0.999 0. -0.390 0. 0. 1. 0.
0.998 0.058 0. 33.984 -0.058 0.998 0. -0.496 0. 0. 1. 0.
0.998 0.062 0. 35.389 -0.062 0.998 0. -0.530 0. 0. 1. 0.
0.998 0.066 0. 36.770 -0.066 0.998 0. -0.617 0. 0. 1. 0.
0.998 0.070 0. 38.190 -0.070 0.998 0. -0.741 0. 0. 1. 0.
0.997 0.075 0. 39.571 -0.075 0.997 0. -0.833 0. 0. 1. 0.
0.997 0.080 0. 40.950 -0.080 0.997 0. -0.947 0. 0. 1. 0.
0.996 0.086 0. 42.345 -0.086 0.996 0. -1.089 0. 0. 1. 0.
0.996 0.093 0. 43.777 -0.093 0.996 0. -1.188 0. 0. 1. 0.
0.995 0.095 0. 45.201 -0.095 0.995 0. -1.426 0. 0. 1. 0.
0.995 0.101 0. 46.587 -0.101 0.995 0. -1.542 0. 0. 1. 0.
0.995 0.104 0. 48.059 -0.104 0.995 0. -1.663 0. 0. 1. 0.
0.994 0.109 0. 49.511 -0.109 0.994 0. -1.795 0. 0. 1. 0.
0.994 0.111 0. 50.974 -0.111 0.994 0. -1.972 0. 0. 1. 0.
0.993 0.115 0. 52.455 -0.115 0.993 0. -2.138 0. 0. 1. 0.
0.993 0.118 0. 53.971 -0.118 0.993 0. -2.269 0. 0. 1. 0.
0.993 0.121 0. 55.519 -0.121 0.993 0. -2.481 0. 0. 1. 0.
0.992 0.124 0. 57.075 -0.124 0.992 0. -2.647 0. 0. 1. 0.
0.992 0.124 0. 58.649 -0.124 0.992 0. -2.892 0. 0. 1. 0.
0.992 0.125 0. 60.288 -0.125 0.992 0. -3.066 0. 0. 1. 0.
0.992 0.123 0. 61.924 -0.123 0.992 0. -3.213 0. 0. 1. 0.
0.992 0.123 0. 63.623 -0.123 0.992 0. -3.449 0. 0. 1. 0.
0.992 0.122 0. 65.318 -0.122 0.992 0. -3.633 0. 0. 1. 0.
0.992 0.123 0. 67.059 -0.123 0.992 0. -3.850 0. 0. 1. 0.
0.993 0.122 0. 68.815 -0.122 0.993 0. -4.057 0. 0. 1. 0.
0.993 0.122 0. 70.592 -0.122 0.993 0. -4.285 0. 0. 1. 0.
0.992 0.123 0. 72.406 -0.123 0.992 0. -4.511 0. 0. 1. 0.
0.993 0.122 0. 74.234 -0.122 0.993 0. -4.683 0. 0. 1. 0.
0.993 0.121 0. 76.080 -0.121 0.993 0. -4.907 0. 0. 1. 0.
0.993 0.119 0. 77.955 -0.119 0.993 0. -5.105 0. 0. 1. 0.
0.993 0.116 0. 79.848 -0.116 0.993 0. -5.261 0. 0. 1. 0.
0.994 0.112 0. 81.758 -0.112 0.994 0. -5.487 0. 0. 1. 0.
0.994 0.109 0. 83.656 -0.109 0.994 0. -5.705 0. 0. 1. 0.
0.994 0.107 0. 85.556 -0.107 0.994 0. -5.929 0. 0. 1. 0.
0.994 0.106 0. 87.466 -0.106 0.994 0. -6.119 0. 0. 1. 0.
0.995 0.103 0. 89.350 -0.103 0.995 0. -6.352 0. 0. 1. 0.
0.995 0.099 0. 91.264 -0.099 0.995 0. -6.552 0. 0. 1. 0.
0.995 0.100 0. 93.130 -0.100 0.995 0. -6.693 0. 0. 1. 0.
0.995 0.100 0. 94.976 -0.100 0.995 0. -6.899 0. 0. 1. 0.
0.995 0.102 0. 96.799 -0.102 0.995 0. -7.059 0. 0. 1. 0.
0.995 0.102 0. 98.582 -0.102 0.995 0. -7.320 0. 0. 1. 0.
0.995 0.103 0. 100.385 -0.103 0.995 0. -7.461 0. 0. 1. 0.
0.995 0.103 0. 102.118 -0.103 0.995 0. -7.631 0. 0. 1. 0.
0.995 0.103 0. 103.816 -0.103 0.995 0. -7.836 0. 0. 1. 0.
0.995 0.103 0. 105.599 -0.103 0.995 0. -7.965 0. 0. 1. 0.
0.995 0.102 0. 107.388 -0.102 0.995 0. -8.091 0. 0. 1. 0.
0.995 0.103 0. 109.057 -0.103 0.995 0. -8.349 0. 0. 1. 0.
0.995 0.103 0. 110.798 -0.103 0.995 0. -8.443 0. 0. 1. 0.
0.995 0.101 0. 112.535 -0.101 0.995 0. -8.597 0. 0. 1. 0.
0.995 0.102 0. 114.318 -0.102 0.995 0. -8.783 0. 0. 1. 0.
0.995 0.102 0. 116.045 -0.102 0.995 0. -9.009 0. 0. 1. 0.
0.995 0.103 0. 117.845 -0.103 0.995 0. -9.164 0. 0. 1. 0.
0.995 0.102 0. 119.580 -0.102 0.995 0. -9.379 0. 0. 1. 0.
0.995 0.101 0. 121.424 -0.101 0.995 0. -9.526 0. 0. 1. 0.
0.995 0.100 0. 123.234 -0.100 0.995 0. -9.723 0. 0. 1. 0.
0.995 0.098 0. 125.103 -0.098 0.995 0. -9.895 0. 0. 1. 0.
0.995 0.095 0. 126.949 -0.095 0.995 0. -10.087 0. 0. 1. 0.
0.996 0.090 0. 128.775 -0.090 0.996 0. -10.202 0. 0. 1. 0.
0.996 0.085 0. 130.632 -0.085 0.996 0. -10.346 0. 0. 1. 0.
0.997 0.078 0. 132.476 -0.078 0.997 0. -10.559 0. 0. 1. 0.
0.997 0.071 0. 134.295 -0.071 0.997 0. -10.636 0. 0. 1. 0.
0.998 0.064 0. 136.074 -0.064 0.998 0. -10.830 0. 0. 1. 0.
0.998 0.058 0. 137.895 -0.058 0.998 0. -10.901 0. 0. 1. 0.
0.998 0.055 0. 139.611 -0.055 0.998 0. -11.042 0. 0. 1. 0.
0.999 0.051 0. 141.337 -0.051 0.999 0. -11.107 0. 0. 1. 0.
0.999 0.048 0. 143.208 -0.048 0.999 0. -11.163 0. 0. 1. 0.
0.999 0.042 0. 145.036 -0.042 0.999 0. -11.250 0. 0. 1. 0.
0.999 0.042 0. 146.736 -0.042 0.999 0. -11.288 0. 0. 1. 0.
0.999 0.042 0. 148.601 -0.042 0.999 0. -11.421 0. 0. 1. 0.
0.999 0.042 0. 150.473 -0.042 0.999 0. -11.465 0. 0. 1. 0.
0.999 0.043 0. 152.354 -0.043 0.999 0. -11.511 0. 0. 1. 0.
0.999 0.045 0. 154.282 -0.045 0.999 0. -11.603 0. 0. 1. 0.
0.999 0.045 0. 156.205 -0.045 0.999 0. -11.709 0. 0. 1. 0.
0.999 0.046 0. 158.184 -0.046 0.999 0. -11.775 0. 0. 1. 0.
0.999 0.048 0. 160.153 -0.048 0.999 0. -11.838 0. 0. 1. 0.
0.999 0.051 0. 162.133 -0.051 0.999 0. -11.920 0. 0. 1. 0.
0.999 0.054 0. 164.114 -0.054 0.999 0. -12.074 0. 0. 1. 0.
0.998 0.057 0. 166.140 -0.057 0.998 0. -12.173 0. 0. 1. 0.
0.998 0.064 0. 168.175 -0.064 0.998 0. -12.290 0. 0. 1. 0.
0.997 0.072 0. 170.202 -0.072 0.997 0. -12.468 0. 0. 1. 0.
0.997 0.081 0. 172.258 -0.081 0.997 0. -12.643 0. 0. 1. 0.
0.996 0.088 0. 174.287 -0.088 0.996 0. -12.832 0. 0. 1. 0.
0.995 0.097 0. 176.354 -0.097 0.995 0. -12.984 0. 0. 1. 0.
0.995 0.100 0. 178.370 -0.100 0.995 0. -13.201 0. 0. 1. 0.
0.995 0.099 0. 180.370 -0.099 0.995 0. -13.394 0. 0. 1. 0.
0.995 0.098 0. 182.329 -0.098 0.995 0. -13.604 0. 0. 1. 0.
0.995 0.099 0. 184.264 -0.099 0.995 0. -13.802 0. 0. 1. 0.
0.995 0.098 0. 186.174 -0.098 0.995 0. -14.010 0. 0. 1. 0.
0.996 0.092 0. 188.078 -0.092 0.996 0. -14.062 0. 0. 1. 0.
0.996 0.090 0. 189.976 -0.090 0.996 0. -14.304 0. 0. 1. 0.
0.996 0.085 0. 191.986 -0.085 0.996 0. -14.436 0. 0. 1. 0.
0.997 0.080 0. 193.989 -0.080 0.997 0. -14.555 0. 0. 1. 0.
0.997 0.080 0. 195.962 -0.080 0.997 0. -14.758 0. 0. 1. 0.
0.997 0.079 0. 197.981 -0.079 0.997 0. -14.872 0. 0. 1. 0.
0.997 0.077 0. 200.008 -0.077 0.997 0. -14.971 0. 0. 1. 0.
0.997 0.073 0. 202.035 -0.073 0.997 0. -15.115 0. 0. 1. 0.
0.997 0.073 0. 204.091 -0.073 0.997 0. -15.259 0. 0. 1. 0.
0.997 0.072 0. 206.168 -0.072 0.997 0. -15.410 0. 0. 1. 0.
0.998 0.069 0. 208.254 -0.069 0.998 0. -15.536 0. 0. 1. 0.
0.998 0.068 0. 210.340 -0.068 0.998 0. -15.686 0. 0. 1. 0.
0.998 0.064 0. 212.455 -0.064 0.998 0. -15.827 0. 0. 1. 0.
0.998 0.061 0. 214.541 -0.061 0.998 0. -15.970 0. 0. 1. 0.
0.998 0.058 0. 216.595 -0.058 0.998 0. -16.115 0. 0. 1. 0.
0.999 0.054 0. 218.640 -0.054 0.999 0. -16.259 0. 0. 1. 0.
0.999 0.051 0. 220.696 -0.051 0.999 0. -16.361 0. 0. 1. 0.
0.999 0.048 0. 222.659 -0.048 0.999 0. -16.473 0. 0. 1. 0.
0.999 0.049 0. 224.641 -0.049 0.999 0. -16.575 0. 0. 1. 0.
0.999 0.046 0. 226.582 -0.046 0.999 0. -16.638 0. 0. 1. 0.
0.999 0.045 0. 228.479 -0.045 0.999 0. -16.724 0. 0. 1. 0.
0.999 0.044 0. 230.354 -0.044 0.999 0. -16.792 0. 0. 1. 0.
0.999 0.043 0. 232.199 -0.043 0.999 0. -16.854 0. 0. 1. 0.
0.999 0.041 0. 234.047 -0.041 0.999 0. -16.930 0. 0. 1. 0.
0.999 0.042 0. 235.816 -0.042 0.999 0. -16.941 0. 0. 1. 0.
0.999 0.040 0. 237.738 -0.040 0.999 0. -17.062 0. 0. 1. 0.
0.999 0.037 0. 239.621 -0.037 0.999 0. -17.128 0. 0. 1. 0.
0.999 0.036 0. 241.489 -0.036 0.999 0. -17.188 0. 0. 1. 0.
0.999 0.036 0. 243.420 -0.036 0.999 0. -17.232 0. 0. 1. 0.
0.999 0.034 0. 245.388 -0.034 0.999 0. -17.261 0. 0. 1. 0.
1.000 0.028 0. 247.330 -0.028 1.000 0. -17.323 0. 0. 1. 0.
1.000 0.022 0. 249.329 -0.022 1.000 0. -17.356 0. 0. 1. 0.
1.000 0.015 0. 251.344 -0.015 1.000 0. -17.387 0. 0. 1. 0.
1. 0.009 0. 253.386 -0.009 1. 0. -17.397 0. 0. 1. 0.
1. 0.002 0. 255.457 -0.002 1. 0. -17.366 0. 0. 1. 0.
1. -0.004 0. 257.551 0.004 1. 0. -17.318 0. 0. 1. 0.
1. -0.011 0. 259.656 0.011 1. 0. -17.291 0. 0. 1. 0.
1.000 -0.015 0. 261.798 0.015 1.000 0. -17.275 0. 0. 1. 0.
1.000 -0.020 0. 263.946 0.020 1.000 0. -17.203 0. 0. 1. 0.
1.000 -0.025 0. 266.142 0.025 1.000 0. -17.044 0. 0. 1. 0.
1.000 -0.026 0. 268.314 0.026 1.000 0. -17.012 0. 0. 1. 0.
1.000 -0.024 0. 270.510 0.024 1.000 0. -16.969 0. 0. 1. 0.
1.000 -0.025 0. 272.706 0.025 1.000 0. -16.946 0. 0. 1. 0.
1.000 -0.026 0. 274.919 0.026 1.000 0. -16.775 0. 0. 1. 0.
1.000 -0.024 0. 277.120 0.024 1.000 0. -16.705 0. 0. 1. 0.
1.000 -0.021 0. 279.327 0.021 1.000 0. -16.713 0. 0. 1. 0.
1.000 -0.019 0. 281.543 0.019 1.000 0. -16.630 0. 0. 1. 0.
1.000 -0.017 0. 283.731 0.017 1.000 0. -16.575 0. 0. 1. 0.
1.000 -0.017 0. 285.915 0.017 1.000 0. -16.568 0. 0. 1. 0.
1.000 -0.018 0. 288.049 0.018 1.000 0. -16.467 0. 0. 1. 0.
1.000 -0.019 0. 290.152 0.019 1.000 0. -16.414 0. 0. 1. 0.
1.000 -0.020 0. 292.243 0.020 1.000 0. -16.360 0. 0. 1. 0.
1.000 -0.018 0. 294.306 0.018 1.000 0. -16.338 0. 0. 1. 0.
1.000 -0.019 0. 296.485 0.019 1.000 0. -16.287 0. 0. 1. 0.
1.000 -0.020 0. 298.632 0.020 1.000 0. -16.182 0. 0. 1. 0.
1.000 -0.022 0. 300.803 0.022 1.000 0. -16.133 0. 0. 1. 0.
1.000 -0.024 0. 303.016 0.024 1.000 0. -16.080 0. 0. 1. 0.
1.000 -0.026 0. 305.205 0.026 1.000 0. -16.031 0. 0. 1. 0.
1.000 -0.027 0. 307.424 0.027 1.000 0. -15.942 0. 0. 1. 0.
1.000 -0.027 0. 309.672 0.027 1.000 0. -15.842 0. 0. 1. 0.
1.000 -0.030 0. 311.898 0.030 1.000 0. -15.775 0. 0. 1. 0.
0.999 -0.032 0. 314.154 0.032 0.999 0. -15.664 0. 0. 1. 0.
0.999 -0.035 0. 316.389 0.035 0.999 0. -15.578 0. 0. 1. 0.
0.999 -0.038 0. 318.630 0.038 0.999 0. -15.555 0. 0. 1. 0.
0.999 -0.043 0. 320.837 0.043 0.999 0. -15.428 0. 0. 1. 0.
0.999 -0.047 0. 323.055 0.047 0.999 0. -15.304 0. 0. 1. 0.
0.999 -0.051 0. 325.246 0.051 0.999 0. -15.211 0. 0. 1. 0.
0.999 -0.053 0. 327.381 0.053 0.999 0. -15.060 0. 0. 1. 0.
0.998 -0.057 0. 329.513 0.057 0.998 0. -14.949 0. 0. 1. 0.
0.998 -0.060 0. 331.584 0.060 0.998 0. -14.781 0. 0. 1. 0.
0.998 -0.064 0. 333.697 0.064 0.998 0. -14.662 0. 0. 1. 0.
0.998 -0.068 0. 335.766 0.068 0.998 0. -14.454 0. 0. 1. 0.
0.997 -0.075 0. 337.745 0.075 0.997 0. -14.316 0. 0. 1. 0.
0.997 -0.084 0. 339.831 0.084 0.997 0. -14.110 0. 0. 1. 0.
0.996 -0.091 0. 341.877 0.091 0.996 0. -13.925 0. 0. 1. 0.
0.996 -0.095 0. 343.918 0.095 0.996 0. -13.695 0. 0. 1. 0.
0.995 -0.100 0. 345.941 0.100 0.995 0. -13.488 0. 0. 1. 0.
0.994 -0.106 0. 347.952 0.106 0.994 0. -13.275 0. 0. 1. 0.
0.994 -0.109 0. 349.974 0.109 0.994 0. -13.024 0. 0. 1. 0.
0.994 -0.110 0. 351.997 0.110 0.994 0. -12.801 0. 0. 1. 0.
0.994 -0.110 0. 353.984 0.110 0.994 0. -12.581 0. 0. 1. 0.
0.994 -0.111 0. 355.944 0.111 0.994 0. -12.347 0. 0. 1. 0.
0.994 -0.112 0. 357.902 0.112 0.994 0. -12.110 0. 0. 1. 0.
0.993 -0.114 0. 359.822 0.114 0.993 0. -11.869 0. 0. 1. 0.
0.993 -0.117 0. 361.764 0.117 0.993 0. -11.707 0. 0. 1. 0.
0.993 -0.118 0. 363.674 0.118 0.993 0. -11.443 0. 0. 1. 0.
0.993 -0.122 0. 365.556 0.122 0.993 0. -11.155 0. 0. 1. 0.
0.992 -0.125 0. 367.526 0.125 0.992 0. -10.944 0. 0. 1. 0.
0.992 -0.130 0. 369.504 0.130 0.992 0. -10.633 0. 0. 1. 0.
0.992 -0.129 0. 371.399 0.129 0.992 0. -10.380 0. 0. 1. 0.
0.991 -0.133 0. 373.420 0.133 0.991 0. -10.044 0. 0. 1. 0.
0.991 -0.136 0. 375.484 0.136 0.991 0. -9.802 0. 0. 1. 0.
0.991 -0.136 0. 377.470 0.136 0.991 0. -9.528 0. 0. 1. 0.
0.991 -0.136 0. 379.547 0.136 0.991 0. -9.201 0. 0. 1. 0.
0.991 -0.135 0. 381.615 0.135 0.991 0. -8.947 0. 0. 1. 0.
0.991 -0.133 0. 383.679 0.133 0.991 0. -8.637 0. 0. 1. 0.
0.992 -0.130 0. 385.738 0.130 0.992 0. -8.372 0. 0. 1. 0.
0.992 -0.126 0. 387.807 0.126 0.992 0. -8.147 0. 0. 1. 0.
0.993 -0.121 0. 389.840 0.121 0.993 0. -7.890 0. 0. 1. 0.
0.993 -0.119 0. 391.818 0.119 0.993 0. -7.627 0. 0. 1. 0.
0.993 -0.119 0. 393.809 0.119 0.993 0. -7.434 0. 0. 1. 0.
0.993 -0.121 0. 395.735 0.121 0.993 0. -7.148 0. 0. 1. 0.
0.993 -0.122 0. 397.624 0.122 0.993 0. -6.963 0. 0. 1. 0.
0.992 -0.126 0. 399.569 0.126 0.992 0. -6.752 0. 0. 1. 0.
0.992 -0.130 0. 401.478 0.130 0.992 0. -6.417 0. 0. 1. 0.
0.992 -0.130 0. 403.449 0.130 0.992 0. -6.221 0. 0. 1. 0.
0.991 -0.134 0. 405.385 0.134 0.991 0. -5.915 0. 0. 1. 0.
0.990 -0.139 0. 407.397 0.139 0.990 0. -5.660 0. 0. 1. 0.
0.990 -0.141 0. 409.417 0.141 0.990 0. -5.360 0. 0. 1. 0.
0.989 -0.147 0. 411.449 0.147 0.989 0. -5.039 0. 0. 1. 0.
0.988 -0.153 0. 413.489 0.153 0.988 0. -4.712 0. 0. 1. 0.
0.987 -0.158 0. 415.554 0.158 0.987 0. -4.411 0. 0. 1. 0.
0.986 -0.166 0. 417.623 0.166 0.986 0. -4.028 0. 0. 1. 0.
0.985 -0.173 0. 419.722 0.173 0.985 0. -3.689 0. 0. 1. 0.
0.983 -0.183 0. 421.801 0.183 0.983 0. -3.236 0. 0. 1. 0.
0.981 -0.192 0. 423.942 0.192 0.981 0. -2.843 0. 0. 1. 0.
0.979 -0.203 0. 426.067 0.203 0.979 0. -2.346 0. 0. 1. 0.
0.977 -0.213 0. 428.195 0.213 0.977 0. -1.845 0. 0. 1. 0.
0.975 -0.222 0. 430.378 0.222 0.975 0. -1.428 0. 0. 1. 0.
0.973 -0.230 0. 432.469 0.230 0.973 0. -0.836 0. 0. 1. 0.
0.971 -0.239 0. 434.630 0.239 0.971 0. -0.325 0. 0. 1. 0.
0.969 -0.247 0. 436.758 0.247 0.969 0. 0.218 0. 0. 1. 0.
0.967 -0.253 0. 438.844 0.253 0.967 0. 0.739 0. 0. 1. 0.
0.965 -0.262 0. 440.927 0.262 0.965 0. 1.361 0. 0. 1. 0.
0.964 -0.268 0. 442.958 0.268 0.964 0. 1.872 0. 0. 1. 0.
0.962 -0.273 0. 444.932 0.273 0.962 0. 2.460 0. 0. 1. 0.
0.961 -0.275 0. 446.853 0.275 0.961 0. 3.036 0. 0. 1. 0.
0.960 -0.279 0. 448.672 0.279 0.960 0. 3.585 0. 0. 1. 0.
0.959 -0.283 0. 450.395 0.283 0.959 0. 4.118 0. 0. 1. 0.
0.958 -0.285 0. 452.084 0.285 0.958 0. 4.570 0. 0. 1. 0.
0.957 -0.290 0. 453.641 0.290 0.957 0. 5.105 0. 0. 1. 0.
0.956 -0.294 0. 455.201 0.294 0.956 0. 5.548 0. 0. 1. 0.
0.955 -0.296 0. 456.759 0.296 0.955 0. 6.032 0. 0. 1. 0.
0.953 -0.302 0. 458.404 0.302 0.953 0. 6.523 0. 0. 1. 0.
0.951 -0.308 0. 459.975 0.308 0.951 0. 7.005 0. 0. 1. 0.
0.951 -0.310 0. 461.384 0.310 0.951 0. 7.504 0. 0. 1. 0.
0.950 -0.313 0. 462.844 0.313 0.950 0. 8.023 0. 0. 1. 0.
0.949 -0.316 0. 464.361 0.316 0.949 0. 8.501 0. 0. 1. 0.
0.948 -0.319 0. 465.789 0.319 0.948 0. 9.000 0. 0. 1. 0.
0.948 -0.319 0. 467.206 0.319 0.948 0. 9.488 0. 0. 1. 0.
0.947 -0.320 0. 468.604 0.320 0.947 0. 9.971 0. 0. 1. 0.
0.947 -0.320 0. 469.956 0.320 0.947 0. 10.400 0. 0. 1. 0.
0.948 -0.319 0. 471.238 0.319 0.948 0. 10.880 0. 0. 1. 0.
0.949 -0.315 0. 472.557 0.315 0.949 0. 11.316 0. 0. 1. 0.
0.954 -0.300 0. 473.851 0.300 0.954 0. 11.733 0. 0. 1. 0.
0.962 -0.274 0. 475.100 0.274 0.962 0. 12.080 0. 0. 1. 0.
0.972 -0.236 0. 476.300 0.236 0.972 0. 12.412 0. 0. 1. 0.
0.984 -0.181 0. 477.570 0.181 0.984 0. 12.462 0. 0. 1. 0.
0.994 -0.113 0. 478.700 0.113 0.994 0. 12.539 0. 0. 1. 0.
1.000 -0.027 0. 479.796 0.027 1.000 0. 12.467 0. 0. 1. 0.
0.998 0.068 0. 480.889 -0.068 0.998 0. 12.278 0. 0. 1. 0.
0.985 0.170 0. 481.918 -0.170 0.985 0. 11.996 0. 0. 1. 0.
0.960 0.279 0. 482.865 -0.279 0.960 0. 11.609 0. 0. 1. 0.
0.924 0.382 0. 483.789 -0.382 0.924 0. 11.130 0. 0. 1. 0.
0.873 0.488 0. 484.650 -0.488 0.873 0. 10.494 0. 0. 1. 0.
0.807 0.591 0. 485.409 -0.591 0.807 0. 9.804 0. 0. 1. 0.
0.727 0.687 0. 486.075 -0.687 0.727 0. 9.029 0. 0. 1. 0.
0.633 0.774 0. 486.664 -0.774 0.633 0. 8.098 0. 0. 1. 0.
0.528 0.849 0. 487.148 -0.849 0.528 0. 7.107 0. 0. 1. 0.
0.412 0.911 0. 487.420 -0.911 0.412 0. 6.070 0. 0. 1. 0.
0.296 0.955 0. 487.643 -0.955 0.296 0. 4.982 0. 0. 1. 0.
0.202 0.979 0. 487.733 -0.979 0.202 0. 3.926 0. 0. 1. 0.
0.135 0.991 0. 487.898 -0.991 0.135 0. 2.761 0. 0. 1. 0.
0.104 0.995 0. 487.958 -0.995 0.104 0. 1.471 0. 0. 1. 0.
0.076 0.997 0. 488.121 -0.997 0.076 0. 0.023 0. 0. 1. 0.
0.056 0.998 0. 488.273 -0.998 0.056 0. -1.410 0. 0. 1. 0.
0.035 0.999 0. 488.302 -0.999 0.035 0. -2.799 0. 0. 1. 0.
0.020 1.000 0. 488.285 -1.000 0.020 0. -4.153 0. 0. 1. 0.
0.013 1. 0. 488.311 -1. 0.013 0. -5.717 0. 0. 1. 0.
0.006 1. 0. 488.327 -1. 0.006 0. -7.275 0. 0. 1. 0.
0.000 1. 0. 488.364 -1. 0.000 0. -8.830 0. 0. 1. 0.
-0. 1. 0. 488.363 -1. -0. 0. -10.471 0. 0. 1. 0.
0.001 1. 0. 488.388 -1. 0.001 0. -12.157 0. 0. 1. 0.
0.003 1. 0. 488.437 -1. 0.003 0. -13.852 0. 0. 1. 0.
0.005 1. 0. 488.441 -1. 0.005 0. -15.632 0. 0. 1. 0.
0.006 1. 0. 488.400 -1. 0.006 0. -17.403 0. 0. 1. 0.
0.008 1. 0. 488.396 -1. 0.008 0. -19.248 0. 0. 1. 0.
0.008 1. 0. 488.498 -1. 0.008 0. -21.130 0. 0. 1. 0.
0.007 1. 0. 488.474 -1. 0.007 0. -23.011 0. 0. 1. 0.
0.008 1. 0. 488.517 -1. 0.008 0. -24.946 0. 0. 1. 0.
0.010 1. 0. 488.513 -1. 0.010 0. -26.948 0. 0. 1. 0.
0.013 1. 0. 488.560 -1. 0.013 0. -28.961 0. 0. 1. 0.
0.020 1.000 0. 488.634 -1.000 0.020 0. -31.009 0. 0. 1. 0.
0.024 1.000 0. 488.688 -1.000 0.024 0. -33.058 0. 0. 1. 0.
0.024 1.000 0. 488.711 -1.000 0.024 0. -35.120 0. 0. 1. 0.
0.020 1.000 0. 488.790 -1.000 0.020 0. -37.200 0. 0. 1. 0.
0.016 1.000 0. 488.794 -1.000 0.016 0. -39.294 0. 0. 1. 0.
0.011 1. 0. 488.794 -1. 0.011 0. -41.423 0. 0. 1. 0.
0.008 1. 0. 488.778 -1. 0.008 0. -43.560 0. 0. 1. 0.
0.004 1. 0. 488.807 -1. 0.004 0. -45.665 0. 0. 1. 0.
0.004 1. 0. 488.899 -1. 0.004 0. -47.805 0. 0. 1. 0.
0.005 1. 0. 488.907 -1. 0.005 0. -49.939 0. 0. 1. 0.
0.011 1. 0. 488.901 -1. 0.011 0. -51.978 0. 0. 1. 0.
0.015 1.000 0. 488.957 -1.000 0.015 0. -54.043 0. 0. 1. 0.
0.018 1.000 0. 488.996 -1.000 0.018 0. -56.064 0. 0. 1. 0.
0.019 1.000 0. 489.067 -1.000 0.019 0. -57.960 0. 0. 1. 0.
0.019 1.000 0. 489.066 -1.000 0.019 0. -59.812 0. 0. 1. 0.
0.016 1.000 0. 489.159 -1.000 0.016 0. -61.526 0. 0. 1. 0.
0.013 1. 0. 489.109 -1. 0.013 0. -63.144 0. 0. 1. 0.
0.011 1. 0. 489.149 -1. 0.011 0. -64.763 0. 0. 1. 0.
0.013 1. 0. 489.179 -1. 0.013 0. -66.379 0. 0. 1. 0.
0.013 1. 0. 489.223 -1. 0.013 0. -67.958 0. 0. 1. 0.
0.013 1. 0. 489.219 -1. 0.013 0. -69.478 0. 0. 1. 0.
0.012 1. 0. 489.241 -1. 0.012 0. -70.957 0. 0. 1. 0.
0.014 1. 0. 489.331 -1. 0.014 0. -72.577 0. 0. 1. 0.
0.017 1.000 0. 489.318 -1.000 0.017 0. -74.163 0. 0. 1. 0.
0.019 1.000 0. 489.365 -1.000 0.019 0. -75.629 0. 0. 1. 0.
0.020 1.000 0. 489.455 -1.000 0.020 0. -77.221 0. 0. 1. 0.
0.021 1.000 0. 489.444 -1.000 0.021 0. -78.854 0. 0. 1. 0.
0.022 1.000 0. 489.479 -1.000 0.022 0. -80.523 0. 0. 1. 0.
0.023 1.000 0. 489.527 -1.000 0.023 0. -82.155 0. 0. 1. 0.
0.022 1.000 0. 489.588 -1.000 0.022 0. -83.784 0. 0. 1. 0.
0.021 1.000 0. 489.657 -1.000 0.021 0. -85.455 0. 0. 1. 0.
0.018 1.000 0. 489.706 -1.000 0.018 0. -87.121 0. 0. 1. 0.
0.014 1.000 0. 489.730 -1.000 0.014 0. -88.767 0. 0. 1. 0.
0.012 1. 0. 489.761 -1. 0.012 0. -90.353 0. 0. 1. 0.
0.011 1. 0. 489.795 -1. 0.011 0. -91.960 0. 0. 1. 0.
0.011 1. 0. 489.820 -1. 0.011 0. -93.575 0. 0. 1. 0.
0.012 1. 0. 489.860 -1. 0.012 0. -95.150 0. 0. 1. 0.
0.011 1. 0. 489.797 -1. 0.011 0. -96.752 0. 0. 1. 0.
0.012 1. 0. 489.813 -1. 0.012 0. -98.273 0. 0. 1. 0.
0.010 1. 0. 489.886 -1. 0.010 0. -99.779 0. 0. 1. 0.
0.011 1. 0. 490.001 -1. 0.011 0. -101.382 0. 0. 1. 0.
0.011 1. 0. 489.844 -1. 0.011 0. -102.939 0. 0. 1. 0.
0.014 1. 0. 490.005 -1. 0.014 0. -104.475 0. 0. 1. 0.
0.017 1.000 0. 490.086 -1.000 0.017 0. -106.037 0. 0. 1. 0.
0.015 1.000 0. 489.986 -1.000 0.015 0. -107.616 0. 0. 1. 0.
0.017 1.000 0. 490.077 -1.000 0.017 0. -109.171 0. 0. 1. 0.
0.016 1.000 0. 490.017 -1.000 0.016 0. -110.782 0. 0. 1. 0.
0.018 1.000 0. 490.118 -1.000 0.018 0. -112.368 0. 0. 1. 0.
0.018 1.000 0. 490.125 -1.000 0.018 0. -113.941 0. 0. 1. 0.
0.018 1.000 0. 490.108 -1.000 0.018 0. -115.546 0. 0. 1. 0.
0.018 1.000 0. 490.124 -1.000 0.018 0. -117.146 0. 0. 1. 0.
0.017 1.000 0. 490.162 -1.000 0.017 0. -118.778 0. 0. 1. 0.
0.017 1.000 0. 490.258 -1.000 0.017 0. -120.454 0. 0. 1. 0.
0.009 1. 0. 490.126 -1. 0.009 0. -122.031 0. 0. 1. 0.
0.005 1. 0. 490.245 -1. 0.005 0. -123.682 0. 0. 1. 0.
0.003 1. 0. 490.169 -1. 0.003 0. -125.338 0. 0. 1. 0.
-0.002 1. 0. 490.157 -1. -0.002 0. -126.989 0. 0. 1. 0.
-0.010 1. 0. 490.183 -1. -0.010 0. -128.618 0. 0. 1. 0.
-0.018 1.000 0. 490.090 -1.000 -0.018 0. -130.204 0. 0. 1. 0.
-0.033 0.999 0. 490.098 -0.999 -0.033 0. -131.833 0. 0. 1. 0.
-0.057 0.998 0. 490.005 -0.998 -0.057 0. -133.429 0. 0. 1. 0.
-0.095 0.996 0. 489.804 -0.996 -0.095 0. -135.023 0. 0. 1. 0.
-0.138 0.990 0. 489.494 -0.990 -0.138 0. -136.525 0. 0. 1. 0.
-0.183 0.983 0. 489.175 -0.983 -0.183 0. -138.037 0. 0. 1. 0.
-0.236 0.972 0. 488.796 -0.972 -0.236 0. -139.518 0. 0. 1. 0.
-0.289 0.957 0. 488.362 -0.957 -0.289 0. -140.938 0. 0. 1. 0.
-0.345 0.939 0. 487.849 -0.939 -0.345 0. -142.437 0. 0. 1. 0.
-0.398 0.918 0. 487.138 -0.918 -0.398 0. -143.834 0. 0. 1. 0.
-0.450 0.893 0. 486.366 -0.893 -0.450 0. -145.241 0. 0. 1. 0.
-0.501 0.865 0. 485.548 -0.865 -0.501 0. -146.573 0. 0. 1. 0.
-0.555 0.832 0. 484.704 -0.832 -0.555 0. -147.889 0. 0. 1. 0.
-0.606 0.795 0. 483.737 -0.795 -0.606 0. -149.101 0. 0. 1. 0.
-0.657 0.754 0. 482.630 -0.754 -0.657 0. -150.297 0. 0. 1. 0.
-0.704 0.711 0. 481.493 -0.711 -0.704 0. -151.395 0. 0. 1. 0.
-0.748 0.663 0. 480.267 -0.663 -0.748 0. -152.423 0. 0. 1. 0.
-0.789 0.614 0. 478.998 -0.614 -0.789 0. -153.415 0. 0. 1. 0.
-0.826 0.563 0. 477.616 -0.563 -0.826 0. -154.296 0. 0. 1. 0.
-0.858 0.514 0. 476.153 -0.514 -0.858 0. -155.162 0. 0. 1. 0.
-0.887 0.461 0. 474.654 -0.461 -0.887 0. -155.824 0. 0. 1. 0.
-0.910 0.414 0. 473.085 -0.414 -0.910 0. -156.508 0. 0. 1. 0.
-0.929 0.371 0. 471.527 -0.371 -0.929 0. -157.155 0. 0. 1. 0.
-0.943 0.333 0. 469.935 -0.333 -0.943 0. -157.679 0. 0. 1. 0.
-0.952 0.307 0. 468.337 -0.307 -0.952 0. -158.211 0. 0. 1. 0.
-0.956 0.292 0. 466.675 -0.292 -0.956 0. -158.688 0. 0. 1. 0.
-0.960 0.282 0. 464.988 -0.282 -0.960 0. -159.221 0. 0. 1. 0.
-0.960 0.281 0. 463.302 -0.281 -0.960 0. -159.658 0. 0. 1. 0.
-0.962 0.274 0. 461.606 -0.274 -0.962 0. -160.148 0. 0. 1. 0.
-0.962 0.272 0. 459.732 -0.272 -0.962 0. -160.692 0. 0. 1. 0.
-0.963 0.271 0. 457.974 -0.271 -0.963 0. -161.278 0. 0. 1. 0.
-0.963 0.271 0. 456.202 -0.271 -0.963 0. -161.761 0. 0. 1. 0.
-0.963 0.271 0. 454.240 -0.271 -0.963 0. -162.319 0. 0. 1. 0.
-0.962 0.272 0. 452.346 -0.272 -0.962 0. -162.892 0. 0. 1. 0.
-0.963 0.271 0. 450.377 -0.271 -0.963 0. -163.493 0. 0. 1. 0.
-0.962 0.274 0. 448.392 -0.274 -0.962 0. -164.081 0. 0. 1. 0.
-0.961 0.277 0. 446.348 -0.277 -0.961 0. -164.668 0. 0. 1. 0.
-0.960 0.279 0. 444.290 -0.279 -0.960 0. -165.289 0. 0. 1. 0.
-0.960 0.282 0. 442.210 -0.282 -0.960 0. -165.920 0. 0. 1. 0.
-0.959 0.282 0. 440.062 -0.282 -0.959 0. -166.569 0. 0. 1. 0.
-0.958 0.285 0. 437.873 -0.285 -0.958 0. -167.283 0. 0. 1. 0.
-0.958 0.287 0. 435.680 -0.287 -0.958 0. -167.931 0. 0. 1. 0.
-0.957 0.290 0. 433.464 -0.290 -0.957 0. -168.598 0. 0. 1. 0.
-0.956 0.293 0. 431.245 -0.293 -0.956 0. -169.311 0. 0. 1. 0.
-0.956 0.294 0. 428.939 -0.294 -0.956 0. -170.006 0. 0. 1. 0.
-0.955 0.295 0. 426.551 -0.295 -0.955 0. -170.727 0. 0. 1. 0.
-0.955 0.297 0. 424.214 -0.297 -0.955 0. -171.473 0. 0. 1. 0.
-0.954 0.299 0. 421.817 -0.299 -0.954 0. -172.239 0. 0. 1. 0.
-0.953 0.303 0. 419.493 -0.303 -0.953 0. -172.991 0. 0. 1. 0.
-0.952 0.307 0. 417.122 -0.307 -0.952 0. -173.733 0. 0. 1. 0.
-0.950 0.312 0. 414.806 -0.312 -0.950 0. -174.537 0. 0. 1. 0.
-0.949 0.316 0. 412.558 -0.316 -0.949 0. -175.266 0. 0. 1. 0.
-0.947 0.322 0. 410.164 -0.322 -0.947 0. -176.007 0. 0. 1. 0.
-0.944 0.330 0. 407.898 -0.330 -0.944 0. -176.837 0. 0. 1. 0.
-0.940 0.340 0. 405.650 -0.340 -0.940 0. -177.688 0. 0. 1. 0.
-0.938 0.346 0. 403.425 -0.346 -0.938 0. -178.539 0. 0. 1. 0.
-0.933 0.359 0. 401.192 -0.359 -0.933 0. -179.418 0. 0. 1. 0.
-0.929 0.370 0. 399.096 -0.370 -0.929 0. -180.331 0. 0. 1. 0.
-0.925 0.381 0. 397.031 -0.381 -0.925 0. -181.177 0. 0. 1. 0.
-0.919 0.395 0. 395.010 -0.395 -0.919 0. -182.098 0. 0. 1. 0.
-0.914 0.405 0. 393.054 -0.405 -0.914 0. -182.984 0. 0. 1. 0.
-0.910 0.416 0. 391.227 -0.416 -0.910 0. -183.887 0. 0. 1. 0.
-0.905 0.426 0. 389.386 -0.426 -0.905 0. -184.759 0. 0. 1. 0.
-0.900 0.436 0. 387.656 -0.436 -0.900 0. -185.615 0. 0. 1. 0.
-0.896 0.445 0. 385.993 -0.445 -0.896 0. -186.492 0. 0. 1. 0.
-0.893 0.450 0. 384.413 -0.450 -0.893 0. -187.249 0. 0. 1. 0.
-0.888 0.459 0. 382.904 -0.459 -0.888 0. -188.074 0. 0. 1. 0.
-0.883 0.469 0. 381.376 -0.469 -0.883 0. -188.944 0. 0. 1. 0.
-0.878 0.479 0. 379.874 -0.479 -0.878 0. -189.766 0. 0. 1. 0.
-0.871 0.491 0. 378.375 -0.491 -0.871 0. -190.645 0. 0. 1. 0.
-0.865 0.502 0. 376.885 -0.502 -0.865 0. -191.488 0. 0. 1. 0.
-0.859 0.511 0. 375.391 -0.511 -0.859 0. -192.431 0. 0. 1. 0.
-0.853 0.523 0. 373.905 -0.523 -0.853 0. -193.348 0. 0. 1. 0.
-0.846 0.533 0. 372.411 -0.533 -0.846 0. -194.282 0. 0. 1. 0.
-0.841 0.542 0. 370.946 -0.542 -0.841 0. -195.268 0. 0. 1. 0.
-0.835 0.550 0. 369.456 -0.550 -0.835 0. -196.271 0. 0. 1. 0.
-0.832 0.555 0. 367.939 -0.555 -0.832 0. -197.279 0. 0. 1. 0.
-0.827 0.562 0. 366.448 -0.562 -0.827 0. -198.297 0. 0. 1. 0.
-0.824 0.567 0. 364.951 -0.567 -0.824 0. -199.392 0. 0. 1. 0.
-0.819 0.573 0. 363.418 -0.573 -0.819 0. -200.460 0. 0. 1. 0.
-0.814 0.580 0. 361.851 -0.580 -0.814 0. -201.575 0. 0. 1. 0.
-0.809 0.588 0. 360.297 -0.588 -0.809 0. -202.727 0. 0. 1. 0.
-0.804 0.595 0. 358.759 -0.595 -0.804 0. -203.945 0. 0. 1. 0.
-0.798 0.602 0. 357.162 -0.602 -0.798 0. -205.123 0. 0. 1. 0.
-0.793 0.609 0. 355.583 -0.609 -0.793 0. -206.357 0. 0. 1. 0.
-0.787 0.617 0. 353.994 -0.617 -0.787 0. -207.613 0. 0. 1. 0.
-0.781 0.625 0. 352.435 -0.625 -0.781 0. -208.866 0. 0. 1. 0.
-0.776 0.631 0. 350.844 -0.631 -0.776 0. -210.128 0. 0. 1. 0.
-0.769 0.640 0. 349.359 -0.640 -0.769 0. -211.445 0. 0. 1. 0.
-0.764 0.646 0. 347.824 -0.646 -0.764 0. -212.752 0. 0. 1. 0.
-0.758 0.652 0. 346.294 -0.652 -0.758 0. -214.081 0. 0. 1. 0.
-0.751 0.660 0. 344.782 -0.660 -0.751 0. -215.375 0. 0. 1. 0.
-0.746 0.665 0. 343.301 -0.665 -0.746 0. -216.737 0. 0. 1. 0.
-0.739 0.673 0. 341.854 -0.673 -0.739 0. -218.174 0. 0. 1. 0.
-0.734 0.679 0. 340.278 -0.679 -0.734 0. -219.485 0. 0. 1. 0.
-0.727 0.687 0. 338.923 -0.687 -0.727 0. -220.889 0. 0. 1. 0.
-0.721 0.693 0. 337.481 -0.693 -0.721 0. -222.230 0. 0. 1. 0.
-0.713 0.701 0. 336.120 -0.701 -0.713 0. -223.601 0. 0. 1. 0.
-0.706 0.708 0. 334.806 -0.708 -0.706 0. -224.979 0. 0. 1. 0.
-0.701 0.713 0. 333.551 -0.713 -0.701 0. -226.286 0. 0. 1. 0.
-0.697 0.717 0. 332.367 -0.717 -0.697 0. -227.482 0. 0. 1. 0.
-0.694 0.720 0. 331.204 -0.720 -0.694 0. -228.707 0. 0. 1. 0.
-0.688 0.725 0. 330.142 -0.725 -0.688 0. -229.894 0. 0. 1. 0.
-0.683 0.731 0. 329.073 -0.731 -0.683 0. -231.032 0. 0. 1. 0.
-0.676 0.737 0. 328.005 -0.737 -0.676 0. -232.163 0. 0. 1. 0.
-0.668 0.744 0. 327.046 -0.744 -0.668 0. -233.367 0. 0. 1. 0.
-0.660 0.751 0. 326.086 -0.751 -0.660 0. -234.480 0. 0. 1. 0.
-0.651 0.759 0. 324.923 -0.759 -0.651 0. -235.728 0. 0. 1. 0.
-0.639 0.769 0. 323.883 -0.769 -0.639 0. -236.952 0. 0. 1. 0.
-0.636 0.772 0. 322.930 -0.772 -0.636 0. -238.166 0. 0. 1. 0.
-0.626 0.780 0. 321.989 -0.780 -0.626 0. -239.327 0. 0. 1. 0.
-0.619 0.785 0. 321.043 -0.785 -0.619 0. -240.645 0. 0. 1. 0.
-0.608 0.794 0. 320.030 -0.794 -0.608 0. -241.940 0. 0. 1. 0.
-0.599 0.801 0. 319.064 -0.801 -0.599 0. -243.324 0. 0. 1. 0.
-0.592 0.806 0. 317.996 -0.806 -0.592 0. -244.627 0. 0. 1. 0.
-0.584 0.812 0. 317.070 -0.812 -0.584 0. -246.062 0. 0. 1. 0.
-0.576 0.817 0. 316.105 -0.817 -0.576 0. -247.522 0. 0. 1. 0.
-0.574 0.819 0. 315.082 -0.819 -0.574 0. -248.995 0. 0. 1. 0.
-0.568 0.823 0. 314.071 -0.823 -0.568 0. -250.515 0. 0. 1. 0.
-0.564 0.826 0. 313.020 -0.826 -0.564 0. -252.020 0. 0. 1. 0.
-0.560 0.829 0. 311.919 -0.829 -0.560 0. -253.612 0. 0. 1. 0.
-0.559 0.829 0. 310.873 -0.829 -0.559 0. -255.176 0. 0. 1. 0.
-0.555 0.832 0. 309.802 -0.832 -0.555 0. -256.846 0. 0. 1. 0.
-0.553 0.833 0. 308.639 -0.833 -0.553 0. -258.509 0. 0. 1. 0.
-0.548 0.836 0. 307.554 -0.836 -0.548 0. -260.261 0. 0. 1. 0.
-0.545 0.838 0. 306.440 -0.838 -0.545 0. -261.958 0. 0. 1. 0.
-0.543 0.840 0. 305.312 -0.840 -0.543 0. -263.764 0. 0. 1. 0.
-0.540 0.841 0. 304.165 -0.841 -0.540 0. -265.575 0. 0. 1. 0.
-0.535 0.845 0. 302.917 -0.845 -0.535 0. -267.438 0. 0. 1. 0.
-0.528 0.849 0. 301.784 -0.849 -0.528 0. -269.338 0. 0. 1. 0.
-0.521 0.853 0. 300.494 -0.853 -0.521 0. -271.318 0. 0. 1. 0.
-0.512 0.859 0. 299.337 -0.859 -0.512 0. -273.322 0. 0. 1. 0.
-0.501 0.865 0. 298.131 -0.865 -0.501 0. -275.420 0. 0. 1. 0.
-0.493 0.870 0. 297.054 -0.870 -0.493 0. -277.499 0. 0. 1. 0.
-0.483 0.875 0. 295.795 -0.875 -0.483 0. -279.690 0. 0. 1. 0.
-0.472 0.882 0. 294.692 -0.882 -0.472 0. -281.899 0. 0. 1. 0.
-0.464 0.886 0. 293.519 -0.886 -0.464 0. -284.140 0. 0. 1. 0.
-0.454 0.891 0. 292.418 -0.891 -0.454 0. -286.479 0. 0. 1. 0.
-0.442 0.897 0. 291.149 -0.897 -0.442 0. -288.770 0. 0. 1. 0.
-0.432 0.902 0. 289.988 -0.902 -0.432 0. -291.161 0. 0. 1. 0.
-0.420 0.907 0. 288.932 -0.907 -0.420 0. -293.505 0. 0. 1. 0.
-0.405 0.914 0. 287.864 -0.914 -0.405 0. -295.950 0. 0. 1. 0.
-0.391 0.920 0. 286.888 -0.920 -0.391 0. -298.343 0. 0. 1. 0.
-0.377 0.926 0. 285.903 -0.926 -0.377 0. -300.789 0. 0. 1. 0.
-0.364 0.931 0. 284.945 -0.931 -0.364 0. -303.213 0. 0. 1. 0.
-0.352 0.936 0. 284.002 -0.936 -0.352 0. -305.637 0. 0. 1. 0.
-0.339 0.941 0. 283.124 -0.941 -0.339 0. -308.089 0. 0. 1. 0.
-0.324 0.946 0. 282.270 -0.946 -0.324 0. -310.545 0. 0. 1. 0.
-0.310 0.951 0. 281.521 -0.951 -0.310 0. -312.948 0. 0. 1. 0.
-0.295 0.955 0. 280.773 -0.955 -0.295 0. -315.470 0. 0. 1. 0.
-0.283 0.959 0. 279.938 -0.959 -0.283 0. -317.894 0. 0. 1. 0.
-0.273 0.962 0. 279.253 -0.962 -0.273 0. -320.327 0. 0. 1. 0.
-0.262 0.965 0. 278.614 -0.965 -0.262 0. -322.797 0. 0. 1. 0.
-0.247 0.969 0. 278.057 -0.969 -0.247 0. -325.275 0. 0. 1. 0.
-0.230 0.973 0. 277.311 -0.973 -0.230 0. -327.787 0. 0. 1. 0.
-0.217 0.976 0. 276.749 -0.976 -0.217 0. -330.274 0. 0. 1. 0.
-0.202 0.979 0. 276.255 -0.979 -0.202 0. -332.825 0. 0. 1. 0.
-0.183 0.983 0. 275.765 -0.983 -0.183 0. -335.378 0. 0. 1. 0.
-0.166 0.986 0. 275.414 -0.986 -0.166 0. -337.890 0. 0. 1. 0.
-0.143 0.990 0. 275.045 -0.990 -0.143 0. -340.454 0. 0. 1. 0.
-0.130 0.992 0. 274.668 -0.992 -0.130 0. -343.094 0. 0. 1. 0.
-0.111 0.994 0. 274.399 -0.994 -0.111 0. -345.560 0. 0. 1. 0.
-0.092 0.996 0. 274.224 -0.996 -0.092 0. -348.207 0. 0. 1. 0.
-0.070 0.998 0. 273.978 -0.998 -0.070 0. -350.780 0. 0. 1. 0.
-0.052 0.999 0. 273.822 -0.999 -0.052 0. -353.439 0. 0. 1. 0.
-0.036 0.999 0. 273.667 -0.999 -0.036 0. -356.009 0. 0. 1. 0.
-0.028 1.000 0. 273.723 -1.000 -0.028 0. -358.647 0. 0. 1. 0.
-0.019 1.000 0. 273.709 -1.000 -0.019 0. -361.268 0. 0. 1. 0.
-0.013 1. 0. 273.710 -1. -0.013 0. -363.828 0. 0. 1. 0.
-0.008 1. 0. 273.673 -1. -0.008 0. -366.413 0. 0. 1. 0.
-0.003 1. 0. 273.783 -1. -0.003 0. -368.984 0. 0. 1. 0.
-0.001 1. 0. 273.655 -1. -0.001 0. -371.571 0. 0. 1. 0.
0.001 1. 0. 273.721 -1. 0.001 0. -374.087 0. 0. 1. 0.
-0.006 1. 0. 273.805 -1. -0.006 0. -376.614 0. 0. 1. 0.
-0.011 1. 0. 273.713 -1. -0.011 0. -379.141 0. 0. 1. 0.
-0.024 1.000 0. 273.623 -1.000 -0.024 0. -381.637 0. 0. 1. 0.
-0.041 0.999 0. 273.602 -0.999 -0.041 0. -384.081 0. 0. 1. 0.
-0.058 0.998 0. 273.465 -0.998 -0.058 0. -386.524 0. 0. 1. 0.
-0.081 0.997 0. 273.280 -0.997 -0.081 0. -388.978 0. 0. 1. 0.
-0.103 0.995 0. 273.115 -0.995 -0.103 0. -391.401 0. 0. 1. 0.
-0.124 0.992 0. 272.793 -0.992 -0.124 0. -393.760 0. 0. 1. 0.
-0.151 0.988 0. 272.403 -0.988 -0.151 0. -396.081 0. 0. 1. 0.
-0.181 0.983 0. 272.034 -0.983 -0.181 0. -398.410 0. 0. 1. 0.
-0.216 0.976 0. 271.537 -0.976 -0.216 0. -400.681 0. 0. 1. 0.
-0.255 0.967 0. 270.951 -0.967 -0.255 0. -402.868 0. 0. 1. 0.
-0.299 0.954 0. 270.260 -0.954 -0.299 0. -404.985 0. 0. 1. 0.
-0.337 0.941 0. 269.687 -0.941 -0.337 0. -406.890 0. 0. 1. 0.
-0.374 0.927 0. 268.807 -0.927 -0.374 0. -408.780 0. 0. 1. 0.
-0.413 0.911 0. 268.002 -0.911 -0.413 0. -410.567 0. 0. 1. 0.
-0.459 0.888 0. 267.165 -0.888 -0.459 0. -412.156 0. 0. 1. 0.
-0.505 0.863 0. 266.222 -0.863 -0.505 0. -413.711 0. 0. 1. 0.
-0.550 0.835 0. 265.234 -0.835 -0.550 0. -415.070 0. 0. 1. 0.
-0.593 0.805 0. 264.243 -0.805 -0.593 0. -416.375 0. 0. 1. 0.
-0.636 0.771 0. 263.252 -0.771 -0.636 0. -417.511 0. 0. 1. 0.
-0.675 0.738 0. 262.322 -0.738 -0.675 0. -418.512 0. 0. 1. 0.
-0.712 0.702 0. 261.397 -0.702 -0.712 0. -419.387 0. 0. 1. 0.
-0.751 0.660 0. 260.506 -0.660 -0.751 0. -420.206 0. 0. 1. 0.
-0.784 0.620 0. 259.495 -0.620 -0.784 0. -420.884 0. 0. 1. 0.
-0.821 0.571 0. 258.453 -0.571 -0.821 0. -421.668 0. 0. 1. 0.
-0.852 0.523 0. 257.290 -0.523 -0.852 0. -422.248 0. 0. 1. 0.
-0.876 0.481 0. 256.109 -0.481 -0.876 0. -422.800 0. 0. 1. 0.
-0.904 0.428 0. 254.990 -0.428 -0.904 0. -423.219 0. 0. 1. 0.
-0.925 0.379 0. 253.837 -0.379 -0.925 0. -423.730 0. 0. 1. 0.
-0.945 0.329 0. 252.580 -0.329 -0.945 0. -424.124 0. 0. 1. 0.
-0.960 0.282 0. 251.274 -0.282 -0.960 0. -424.495 0. 0. 1. 0.
-0.972 0.236 0. 249.841 -0.236 -0.972 0. -424.799 0. 0. 1. 0.
-0.982 0.189 0. 248.419 -0.189 -0.982 0. -425.019 0. 0. 1. 0.
-0.990 0.141 0. 246.982 -0.141 -0.990 0. -425.211 0. 0. 1. 0.
-0.995 0.103 0. 245.531 -0.103 -0.995 0. -425.400 0. 0. 1. 0.
-0.997 0.081 0. 243.955 -0.081 -0.997 0. -425.486 0. 0. 1. 0.
-0.998 0.064 0. 242.313 -0.064 -0.998 0. -425.588 0. 0. 1. 0.
-0.999 0.049 0. 240.682 -0.049 -0.999 0. -425.706 0. 0. 1. 0.
-0.999 0.039 0. 239.010 -0.039 -0.999 0. -425.760 0. 0. 1. 0.
-1.000 0.032 0. 237.321 -0.032 -1.000 0. -425.752 0. 0. 1. 0.
-1.000 0.028 0. 235.593 -0.028 -1.000 0. -425.791 0. 0. 1. 0.
-1.000 0.026 0. 233.788 -0.026 -1.000 0. -425.774 0. 0. 1. 0.
-1.000 0.025 0. 231.961 -0.025 -1.000 0. -425.847 0. 0. 1. 0.
-1.000 0.028 0. 230.178 -0.028 -1.000 0. -425.885 0. 0. 1. 0.
-1.000 0.028 0. 228.362 -0.028 -1.000 0. -426.021 0. 0. 1. 0.
-1.000 0.030 0. 226.484 -0.030 -1.000 0. -426.054 0. 0. 1. 0.
-1.000 0.030 0. 224.551 -0.030 -1.000 0. -426.109 0. 0. 1. 0.
-1.000 0.030 0. 222.648 -0.030 -1.000 0. -426.169 0. 0. 1. 0.
-1.000 0.030 0. 220.724 -0.030 -1.000 0. -426.205 0. 0. 1. 0.
-1.000 0.028 0. 218.778 -0.028 -1.000 0. -426.251 0. 0. 1. 0.
-1.000 0.024 0. 216.825 -0.024 -1.000 0. -426.372 0. 0. 1. 0.
-1.000 0.023 0. 214.848 -0.023 -1.000 0. -426.356 0. 0. 1. 0.
-1.000 0.023 0. 212.877 -0.023 -1.000 0. -426.431 0. 0. 1. 0.
-1.000 0.024 0. 210.915 -0.024 -1.000 0. -426.517 0. 0. 1. 0.
-1.000 0.024 0. 208.932 -0.024 -1.000 0. -426.576 0. 0. 1. 0.
-1.000 0.026 0. 206.936 -0.026 -1.000 0. -426.678 0. 0. 1. 0.
-1.000 0.025 0. 204.898 -0.025 -1.000 0. -426.693 0. 0. 1. 0.
-1.000 0.023 0. 202.863 -0.023 -1.000 0. -426.756 0. 0. 1. 0.
-1.000 0.018 0. 200.823 -0.018 -1.000 0. -426.798 0. 0. 1. 0.
-1.000 0.017 0. 198.730 -0.017 -1.000 0. -426.886 0. 0. 1. 0.
-1.000 0.016 0. 196.648 -0.016 -1.000 0. -426.916 0. 0. 1. 0.
-1.000 0.014 0. 194.526 -0.014 -1.000 0. -426.948 0. 0. 1. 0.
-1. 0.014 0. 192.391 -0.014 -1. 0. -427.032 0. 0. 1. 0.
-1. 0.013 0. 190.243 -0.013 -1. 0. -427.054 0. 0. 1. 0.
-1. 0.014 0. 188.107 -0.014 -1. 0. -427.095 0. 0. 1. 0.
-1. 0.013 0. 185.977 -0.013 -1. 0. -427.128 0. 0. 1. 0.
-1. 0.012 0. 183.862 -0.012 -1. 0. -427.153 0. 0. 1. 0.
-1.000 0.015 0. 181.766 -0.015 -1.000 0. -427.235 0. 0. 1. 0.
-1. 0.014 0. 179.709 -0.014 -1. 0. -427.218 0. 0. 1. 0.
-1.000 0.017 0. 177.615 -0.017 -1.000 0. -427.254 0. 0. 1. 0.
-1.000 0.016 0. 175.579 -0.016 -1.000 0. -427.291 0. 0. 1. 0.
-1.000 0.021 0. 173.575 -0.021 -1.000 0. -427.312 0. 0. 1. 0.
-1.000 0.020 0. 171.549 -0.020 -1.000 0. -427.426 0. 0. 1. 0.
-1.000 0.021 0. 169.506 -0.021 -1.000 0. -427.444 0. 0. 1. 0.
-1.000 0.022 0. 167.435 -0.022 -1.000 0. -427.524 0. 0. 1. 0.
-1.000 0.022 0. 165.357 -0.022 -1.000 0. -427.533 0. 0. 1. 0.
-1.000 0.021 0. 163.260 -0.021 -1.000 0. -427.577 0. 0. 1. 0.
-1.000 0.020 0. 161.172 -0.020 -1.000 0. -427.612 0. 0. 1. 0.
-1.000 0.019 0. 159.116 -0.019 -1.000 0. -427.717 0. 0. 1. 0.
-1.000 0.018 0. 156.980 -0.018 -1.000 0. -427.695 0. 0. 1. 0.
-1.000 0.015 0. 154.860 -0.015 -1.000 0. -427.750 0. 0. 1. 0.
-1.000 0.014 0. 152.710 -0.014 -1.000 0. -427.853 0. 0. 1. 0.
-1. 0.014 0. 150.556 -0.014 -1. 0. -427.818 0. 0. 1. 0.
-1. 0.013 0. 148.422 -0.013 -1. 0. -427.826 0. 0. 1. 0.
-1.000 0.015 0. 146.277 -0.015 -1.000 0. -427.937 0. 0. 1. 0.
-1.000 0.015 0. 144.173 -0.015 -1.000 0. -427.945 0. 0. 1. 0.
-1.000 0.017 0. 142.067 -0.017 -1.000 0. -427.973 0. 0. 1. 0.
-1.000 0.017 0. 139.986 -0.017 -1.000 0. -428.145 0. 0. 1. 0.
-1.000 0.020 0. 138.075 -0.020 -1.000 0. -428.133 0. 0. 1. 0.
-1.000 0.021 0. 136.148 -0.021 -1.000 0. -428.146 0. 0. 1. 0.
-1.000 0.021 0. 134.350 -0.021 -1.000 0. -428.291 0. 0. 1. 0.
-1.000 0.023 0. 132.623 -0.023 -1.000 0. -428.176 0. 0. 1. 0.
-1.000 0.022 0. 130.880 -0.022 -1.000 0. -428.240 0. 0. 1. 0.
-1.000 0.024 0. 129.216 -0.024 -1.000 0. -428.382 0. 0. 1. 0.
-1.000 0.026 0. 127.501 -0.026 -1.000 0. -428.278 0. 0. 1. 0.
-1.000 0.026 0. 125.842 -0.026 -1.000 0. -428.425 0. 0. 1. 0.
-1.000 0.029 0. 124.201 -0.029 -1.000 0. -428.522 0. 0. 1. 0.
-1.000 0.030 0. 122.557 -0.030 -1.000 0. -428.626 0. 0. 1. 0.
-0.999 0.033 0. 120.957 -0.033 -0.999 0. -428.664 0. 0. 1. 0.
-0.999 0.034 0. 119.310 -0.034 -0.999 0. -428.735 0. 0. 1. 0.
-0.999 0.035 0. 117.751 -0.035 -0.999 0. -428.754 0. 0. 1. 0.
-0.999 0.037 0. 116.188 -0.037 -0.999 0. -428.835 0. 0. 1. 0.
-0.999 0.041 0. 114.641 -0.041 -0.999 0. -428.909 0. 0. 1. 0.
-0.999 0.043 0. 113.172 -0.043 -0.999 0. -428.962 0. 0. 1. 0.
-0.999 0.053 0. 111.727 -0.053 -0.999 0. -429.073 0. 0. 1. 0.
-0.998 0.068 0. 110.286 -0.068 -0.998 0. -429.113 0. 0. 1. 0.
-0.996 0.094 0. 108.945 -0.094 -0.996 0. -429.198 0. 0. 1. 0.
-0.991 0.133 0. 107.564 -0.133 -0.991 0. -429.485 0. 0. 1. 0.
-0.982 0.187 0. 106.173 -0.187 -0.982 0. -429.735 0. 0. 1. 0.
-0.969 0.247 0. 104.894 -0.247 -0.969 0. -430.140 0. 0. 1. 0.
-0.950 0.314 0. 103.659 -0.314 -0.950 0. -430.632 0. 0. 1. 0.
-0.922 0.388 0. 102.441 -0.388 -0.922 0. -431.239 0. 0. 1. 0.
-0.888 0.460 0. 101.256 -0.460 -0.888 0. -431.979 0. 0. 1. 0.
-0.845 0.535 0. 100.199 -0.535 -0.845 0. -432.705 0. 0. 1. 0.
-0.792 0.611 0. 99.138 -0.611 -0.792 0. -433.598 0. 0. 1. 0.
-0.730 0.684 0. 98.283 -0.684 -0.730 0. -434.530 0. 0. 1. 0.
-0.655 0.755 0. 97.430 -0.755 -0.655 0. -435.656 0. 0. 1. 0.
-0.573 0.820 0. 96.755 -0.820 -0.573 0. -436.736 0. 0. 1. 0.
-0.482 0.876 0. 96.191 -0.876 -0.482 0. -438.025 0. 0. 1. 0.
-0.390 0.921 0. 95.786 -0.921 -0.390 0. -439.302 0. 0. 1. 0.
-0.296 0.955 0. 95.425 -0.955 -0.296 0. -440.691 0. 0. 1. 0.
-0.215 0.977 0. 95.279 -0.977 -0.215 0. -442.074 0. 0. 1. 0.
-0.150 0.989 0. 95.104 -0.989 -0.150 0. -443.515 0. 0. 1. 0.
-0.109 0.994 0. 95.004 -0.994 -0.109 0. -444.930 0. 0. 1. 0.
-0.079 0.997 0. 94.914 -0.997 -0.079 0. -446.344 0. 0. 1. 0.
-0.047 0.999 0. 94.848 -0.999 -0.047 0. -447.848 0. 0. 1. 0.
-0.021 1.000 0. 94.846 -1.000 -0.021 0. -449.352 0. 0. 1. 0.
-0.005 1. 0. 94.896 -1. -0.005 0. -450.878 0. 0. 1. 0.
0.011 1. 0. 94.932 -1. 0.011 0. -452.408 0. 0. 1. 0.
0.024 1.000 0. 94.984 -1.000 0.024 0. -453.963 0. 0. 1. 0.
0.032 0.999 0. 95.025 -0.999 0.032 0. -455.451 0. 0. 1. 0.
0.043 0.999 0. 95.110 -0.999 0.043 0. -456.907 0. 0. 1. 0.
0.052 0.999 0. 95.218 -0.999 0.052 0. -458.375 0. 0. 1. 0.
0.050 0.999 0. 95.271 -0.999 0.050 0. -459.782 0. 0. 1. 0.
0.049 0.999 0. 95.399 -0.999 0.049 0. -461.121 0. 0. 1. 0.
0.050 0.999 0. 95.487 -0.999 0.050 0. -462.403 0. 0. 1. 0.
0.050 0.999 0. 95.549 -0.999 0.050 0. -463.605 0. 0. 1. 0.
0.052 0.999 0. 95.595 -0.999 0.052 0. -464.686 0. 0. 1. 0.
0.049 0.999 0. 95.658 -0.999 0.049 0. -465.764 0. 0. 1. 0.
0.051 0.999 0. 95.744 -0.999 0.051 0. -466.770 0. 0. 1. 0.
0.051 0.999 0. 95.812 -0.999 0.051 0. -467.686 0. 0. 1. 0.
0.050 0.999 0. 95.883 -0.999 0.050 0. -468.595 0. 0. 1. 0.
0.052 0.999 0. 95.877 -0.999 0.052 0. -469.410 0. 0. 1. 0.
0.050 0.999 0. 95.913 -0.999 0.050 0. -470.153 0. 0. 1. 0.
0.050 0.999 0. 95.981 -0.999 0.050 0. -470.851 0. 0. 1. 0.
0.051 0.999 0. 95.961 -0.999 0.051 0. -471.496 0. 0. 1. 0.
0.052 0.999 0. 96.059 -0.999 0.052 0. -472.147 0. 0. 1. 0.
0.053 0.999 0. 96.064 -0.999 0.053 0. -472.775 0. 0. 1. 0.
0.061 0.998 0. 96.142 -0.998 0.061 0. -473.400 0. 0. 1. 0.
