1. 0. 0. 0. 0. 1. 0. 0. 0. 0. 1. 0.
1. -0.000 0. -0.002 0.000 1. 0. -0.005 0. 0. 1. 0.
1. -0. 0. -0.001 0. 1. 0. 0.001 0. 0. 1. 0.
1. 0.000 0. -0.000 -0.000 1. 0. 0.001 0. 0. 1. 0.
1. 0.000 0. -0.001 -0.000 1. 0. -0.005 0. 0. 1. 0.
1. 0.000 0. 0.000 -0.000 1. 0. -0.006 0. 0. 1. 0.
1. -0. 0. 0.001 0. 1. 0. -0.005 0. 0. 1. 0.
1. 0. 0. -0.001 -0. 1. 0. -0.006 0. 0. 1. 0.
1. 0.000 0. 0.002 -0.000 1. 0. -0.006 0. 0. 1. 0.
1. 0. 0. -0.002 -0. 1. 0. -0.005 0. 0. 1. 0.
1. -0. 0. -0.004 0. 1. 0. -0.010 0. 0. 1. 0.
1. -0.000 0. 0.001 0.000 1. 0. -0.008 0. 0. 1. 0.
1. -0.000 0. 0.002 0.000 1. 0. -0.007 0. 0. 1. 0.
1. 0. 0. 0.000 -0. 1. 0. -0.009 0. 0. 1. 0.
1. 0. 0. -0.002 -0. 1. 0. -0.005 0. 0. 1. 0.
1. 0. 0. 0.001 -0. 1. 0. -0.006 0. 0. 1. 0.
1. 0.000 0. -0.004 -0.000 1. 0. -0.003 0. 0. 1. 0.
1. -0.000 0. -0.002 0.000 1. 0. -0.004 0. 0. 1. 0.
1. -0. 0. -0.006 0. 1. 0. 0.000 0. 0. 1. 0.
1. -0.000 0. 0.001 0.000 1. 0. -0.006 0. 0. 1. 0.
1. -0.000 0. -0.001 0.000 1. 0. -0.004 0. 0. 1. 0.
1. -0.000 0. 0.000 0.000 1. 0. -0.005 0. 0. 1. 0.
1. -0.000 0. 0.002 0.000 1. 0. -0.004 0. 0. 1. 0.
1. -0.000 0. 0.000 0.000 1. 0. 0. 0. 0. 1. 0.
1. 0. 0. 0.002 -0. 1. 0. -0.006 0. 0. 1. 0.
1. -0.000 0. -0.001 0.000 1. 0. -0.002 0. 0. 1. 0.
1. -0. 0. -0.000 0. 1. 0. -0.003 0. 0. 1. 0.
1. -0.000 0. -0.001 0.000 1. 0. -0.006 0. 0. 1. 0.
1. 0. 0. -0.000 -0. 1. 0. -0.001 0. 0. 1. 0.
1. -0. 0. -0.001 0. 1. 0. -0.011 0. 0. 1. 0.
1. 0. 0. -0.003 -0. 1. 0. -0.005 0. 0. 1. 0.
1. -0. 0. -0.001 0. 1. 0. -0.001 0. 0. 1. 0.
1. 0.000 0. 0.003 -0.000 1. 0. -0.010 0. 0. 1. 0.
1. -0.000 0. 0.003 0.000 1. 0. -0.005 0. 0. 1. 0.
1. -0.000 0. 0.000 0.000 1. 0. -0.004 0. 0. 1. 0.
1. -0.000 0. 0.002 0.000 1. 0. -0.004 0. 0. 1. 0.
1. -0. 0. 0.002 0. 1. 0. -0.006 0. 0. 1. 0.
1. -0.000 0. 0.001 0.000 1. 0. -0.004 0. 0. 1. 0.
1. -0.000 0. 0.003 0.000 1. 0. -0.004 0. 0. 1. 0.
1. -0.000 0. 0.001 0.000 1. 0. -0.002 0. 0. 1. 0.
1. -0.000 0. -0.001 0.000 1. 0. -0.002 0. 0. 1. 0.
1. -0.000 0. -0.001 0.000 1. 0. -0.002 0. 0. 1. 0.
1. -0.000 0. -0.002 0.000 1. 0. 0.003 0. 0. 1. 0.
1. -0.000 0. -0.004 0.000 1. 0. -0.003 0. 0. 1. 0.
1. -0.000 0. 0.001 0.000 1. 0. 0.003 0. 0. 1. 0.
1. -0.000 0. 0.004 0.000 1. 0. -0.005 0. 0. 1. 0.
1. -0.000 0. -0.008 0.000 1. 0. 0.004 0. 0. 1. 0.
1. -0. 0. -0.002 0. 1. 0. -0.007 0. 0. 1. 0.
1. -0. 0. 0.004 0. 1. 0. 0.002 0. 0. 1. 0.
1. -0.000 0. 0.002 0.000 1. 0. 0.005 0. 0. 1. 0.
1. -0.000 0. -0.002 0.000 1. 0. 0.000 0. 0. 1. 0.
1. 0. 0. 0.000 -0. 1. 0. -0.006 0. 0. 1. 0.
1. -0. 0. -0.001 0. 1. 0. -0.005 0. 0. 1. 0.
1. -0.000 0. -0.001 0.000 1. 0. -0.008 0. 0. 1. 0.
1. -0. 0. 0.000 0. 1. 0. -0.003 0. 0. 1. 0.
1. -0.000 0. -0.002 0.000 1. 0. -0.009 0. 0. 1. 0.
1. -0.000 0. -0.001 0.000 1. 0. -0.006 0. 0. 1. 0.
1. -0.000 0. -0.001 0.000 1. 0. -0.008 0. 0. 1. 0.
1. 0. 0. 0.002 -0. 1. 0. -0.006 0. 0. 1. 0.
1. -0.000 0. 0.005 0.000 1. 0. -0.004 0. 0. 1. 0.
1. -0. 0. 0.003 0. 1. 0. -0.007 0. 0. 1. 0.
1. -0.000 0. 0.008 0.000 1. 0. -0.002 0. 0. 1. 0.
1. -0. 0. -0.003 0. 1. 0. -0.004 0. 0. 1. 0.
1. -0.000 0. -0.002 0.000 1. 0. -0.008 0. 0. 1. 0.
1. -0.000 0. -0.005 0.000 1. 0. -0.006 0. 0. 1. 0.
1. 0.000 0. -0.003 -0.000 1. 0. -0.009 0. 0. 1. 0.
1. -0. 0. 0.004 0. 1. 0. -0.012 0. 0. 1. 0.
1. -0.000 0. -0.001 0.000 1. 0. -0.007 0. 0. 1. 0.
1. -0.000 0. -0.003 0.000 1. 0. -0.001 0. 0. 1. 0.
1. -0.000 0. -0.002 0.000 1. 0. -0.004 0. 0. 1. 0.
1. -0. 0. -0.003 0. 1. 0. -0.004 0. 0. 1. 0.
1. -0.000 0. -0.000 0.000 1. 0. 0.001 0. 0. 1. 0.
1. -0.000 0. 0.002 0.000 1. 0. 0.000 0. 0. 1. 0.
1. -0.000 0. 0.023 0.000 1. 0. -0.021 0. 0. 1. 0.
1. -0.001 0. 0.086 0.001 1. 0. -0.024 0. 0. 1. 0.
1. -0.003 0. 0.150 0.003 1. 0. 0.001 0. 0. 1. 0.
1. -0.012 0. 0.266 0.012 1. 0. 0.020 0. 0. 1. 0.
1.000 -0.023 0. 0.430 0.023 1.000 0. -0.024 0. 0. 1. 0.
0.999 -0.038 0. 0.658 0.038 0.999 0. -0.009 0. 0. 1. 0.
0.998 -0.058 0. 0.922 0.058 0.998 0. 0.043 0. 0. 1. 0.
0.997 -0.078 0. 1.297 0.078 0.997 0. 0.059 0. 0. 1. 0.
0.995 -0.102 0. 1.744 0.102 0.995 0. 0.192 0. 0. 1. 0.
0.992 -0.125 0. 2.267 0.125 0.992 0. 0.281 0. 0. 1. 0.
0.989 -0.146 0. 2.828 0.146 0.989 0. 0.340 0. 0. 1. 0.
0.987 -0.162 0. 3.482 0.162 0.987 0. 0.422 0. 0. 1. 0.
0.986 -0.168 0. 4.199 0.168 0.986 0. 0.497 0. 0. 1. 0.
0.986 -0.169 0. 5.009 0.169 0.986 0. 0.639 0. 0. 1. 0.
0.986 -0.165 0. 5.923 0.165 0.986 0. 0.782 0. 0. 1. 0.
0.988 -0.158 0. 6.911 0.158 0.988 0. 0.911 0. 0. 1. 0.
0.988 -0.152 0. 7.957 0.152 0.988 0. 1.017 0. 0. 1. 0.
0.990 -0.139 0. 9.078 0.139 0.990 0. 1.134 0. 0. 1. 0.
0.992 -0.126 0. 10.292 0.126 0.992 0. 1.343 0. 0. 1. 0.
0.994 -0.110 0. 11.575 0.110 0.994 0. 1.407 0. 0. 1. 0.
0.996 -0.088 0. 12.895 0.088 0.996 0. 1.528 0. 0. 1. 0.
0.998 -0.067 0. 14.304 0.067 0.998 0. 1.572 0. 0. 1. 0.
0.999 -0.045 0. 15.719 0.045 0.999 0. 1.592 0. 0. 1. 0.
1.000 -0.019 0. 17.168 0.019 1.000 0. 1.568 0. 0. 1. 0.
1. -0.000 0. 18.686 0.000 1. 0. 1.513 0. 0. 1. 0.
1. 0.009 0. 20.211 -0.009 1. 0. 1.473 0. 0. 1. 0.
1. 0.010 0. 21.804 -0.010 1. 0. 1.425 0. 0. 1. 0.
1. 0.009 0. 23.397 -0.009 1. 0. 1.427 0. 0. 1. 0.
1. 0.006 0. 25.027 -0.006 1. 0. 1.395 0. 0. 1. 0.
1. 0.006 0. 26.696 -0.006 1. 0. 1.399 0. 0. 1. 0.
1. 0.005 0. 28.383 -0.005 1. 0. 1.360 0. 0. 1. 0.
1. 0.003 0. 30.051 -0.003 1. 0. 1.337 0. 0. 1. 0.
1. 0.004 0. 31.782 -0.004 1. 0. 1.299 0. 0. 1. 0.
1. 0.005 0. 33.559 -0.005 1. 0. 1.284 0. 0. 1. 0.
1. 0.004 0. 35.361 -0.004 1. 0. 1.239 0. 0. 1. 0.
1. 0.006 0. 37.175 -0.006 1. 0. 1.209 0. 0. 1. 0.
1. 0.008 0. 39.051 -0.008 1. 0. 1.144 0. 0. 1. 0.
1. 0.008 0. 40.913 -0.008 1. 0. 1.123 0. 0. 1. 0.
1. 0.009 0. 42.814 -0.009 1. 0. 1.064 0. 0. 1. 0.
1. 0.010 0. 44.743 -0.010 1. 0. 0.992 0. 0. 1. 0.
1. 0.012 0. 46.718 -0.012 1. 0. 0.989 0. 0. 1. 0.
1. 0.012 0. 48.712 -0.012 1. 0. 0.937 0. 0. 1. 0.
1.000 0.014 0. 50.716 -0.014 1.000 0. 0.864 0. 0. 1. 0.
1.000 0.015 0. 52.713 -0.015 1.000 0. 0.771 0. 0. 1. 0.
1.000 0.018 0. 54.811 -0.018 1.000 0. 0.717 0. 0. 1. 0.
1.000 0.021 0. 56.916 -0.021 1.000 0. 0.650 0. 0. 1. 0.
1.000 0.022 0. 59.031 -0.022 1.000 0. 0.591 0. 0. 1. 0.
1.000 0.023 0. 61.181 -0.023 1.000 0. 0.482 0. 0. 1. 0.
1.000 0.023 0. 63.372 -0.023 1.000 0. 0.390 0. 0. 1. 0.
1.000 0.025 0. 65.599 -0.025 1.000 0. 0.376 0. 0. 1. 0.
1.000 0.027 0. 67.862 -0.027 1.000 0. 0.282 0. 0. 1. 0.
1.000 0.028 0. 70.118 -0.028 1.000 0. 0.174 0. 0. 1. 0.
1.000 0.030 0. 72.402 -0.030 1.000 0. 0.088 0. 0. 1. 0.
1.000 0.029 0. 74.705 -0.029 1.000 0. -0.018 0. 0. 1. 0.
1.000 0.029 0. 77.021 -0.029 1.000 0. -0.115 0. 0. 1. 0.
1.000 0.029 0. 79.368 -0.029 1.000 0. -0.221 0. 0. 1. 0.
1.000 0.029 0. 81.733 -0.029 1.000 0. -0.303 0. 0. 1. 0.
1.000 0.028 0. 84.111 -0.028 1.000 0. -0.362 0. 0. 1. 0.
1.000 0.029 0. 86.478 -0.029 1.000 0. -0.495 0. 0. 1. 0.
1.000 0.027 0. 88.825 -0.027 1.000 0. -0.589 0. 0. 1. 0.
1.000 0.024 0. 91.221 -0.024 1.000 0. -0.670 0. 0. 1. 0.
1.000 0.021 0. 93.596 -0.021 1.000 0. -0.778 0. 0. 1. 0.
1.000 0.016 0. 95.973 -0.016 1.000 0. -0.844 0. 0. 1. 0.
1. 0.007 0. 98.484 -0.007 1. 0. -0.889 0. 0. 1. 0.
1. 0.000 0. 100.863 -0.000 1. 0. -0.881 0. 0. 1. 0.
1. -0.007 0. 103.313 0.007 1. 0. -0.923 0. 0. 1. 0.
1. -0.011 0. 105.692 0.011 1. 0. -0.933 0. 0. 1. 0.
1.000 -0.015 0. 108.149 0.015 1.000 0. -1.002 0. 0. 1. 0.
1.000 -0.016 0. 110.546 0.016 1.000 0. -0.974 0. 0. 1. 0.
1. -0.011 0. 112.994 0.011 1. 0. -0.967 0. 0. 1. 0.
1. -0.011 0. 115.416 0.011 1. 0. -0.948 0. 0. 1. 0.
1. -0.010 0. 117.856 0.010 1. 0. -1.020 0. 0. 1. 0.
1. -0.010 0. 120.235 0.010 1. 0. -0.978 0. 0. 1. 0.
1. -0.007 0. 122.625 0.007 1. 0. -0.990 0. 0. 1. 0.
1. -0.007 0. 124.955 0.007 1. 0. -0.995 0. 0. 1. 0.
1. -0.007 0. 127.302 0.007 1. 0. -0.993 0. 0. 1. 0.
1. -0.008 0. 129.591 0.008 1. 0. -1.022 0. 0. 1. 0.
1. -0.007 0. 131.888 0.007 1. 0. -1.021 0. 0. 1. 0.
1. -0.006 0. 134.166 0.006 1. 0. -1.029 0. 0. 1. 0.
1. -0.006 0. 136.406 0.006 1. 0. -1.011 0. 0. 1. 0.
1. -0.005 0. 138.580 0.005 1. 0. -1.054 0. 0. 1. 0.
1. -0.005 0. 140.715 0.005 1. 0. -1.100 0. 0. 1. 0.
1. -0.005 0. 142.783 0.005 1. 0. -1.090 0. 0. 1. 0.
1. -0.005 0. 144.815 0.005 1. 0. -1.111 0. 0. 1. 0.
1. -0.008 0. 146.774 0.008 1. 0. -1.106 0. 0. 1. 0.
1. -0.005 0. 148.668 0.005 1. 0. -1.140 0. 0. 1. 0.
1. -0.006 0. 150.521 0.006 1. 0. -1.131 0. 0. 1. 0.
1. -0.005 0. 152.315 0.005 1. 0. -1.139 0. 0. 1. 0.
1. -0.004 0. 154.080 0.004 1. 0. -1.142 0. 0. 1. 0.
1. -0.004 0. 155.774 0.004 1. 0. -1.176 0. 0. 1. 0.
1. -0.003 0. 157.402 0.003 1. 0. -1.202 0. 0. 1. 0.
1. -0.004 0. 159.010 0.004 1. 0. -1.204 0. 0. 1. 0.
1. -0.004 0. 160.555 0.004 1. 0. -1.210 0. 0. 1. 0.
1. -0.004 0. 162.024 0.004 1. 0. -1.223 0. 0. 1. 0.
1. -0.004 0. 163.419 0.004 1. 0. -1.277 0. 0. 1. 0.
1. -0.004 0. 164.774 0.004 1. 0. -1.298 0. 0. 1. 0.
1. -0.007 0. 166.080 0.007 1. 0. -1.314 0. 0. 1. 0.
1. -0.010 0. 167.285 0.010 1. 0. -1.333 0. 0. 1. 0.
1. -0.011 0. 168.435 0.011 1. 0. -1.321 0. 0. 1. 0.
1. -0.012 0. 169.508 0.012 1. 0. -1.312 0. 0. 1. 0.
1. -0.013 0. 170.524 0.013 1. 0. -1.341 0. 0. 1. 0.
1. -0.014 0. 171.471 0.014 1. 0. -1.343 0. 0. 1. 0.
1.000 -0.016 0. 172.340 0.016 1.000 0. -1.289 0. 0. 1. 0.
1.000 -0.018 0. 173.146 0.018 1.000 0. -1.312 0. 0. 1. 0.
1.000 -0.019 0. 173.888 0.019 1.000 0. -1.358 0. 0. 1. 0.
1.000 -0.018 0. 174.558 0.018 1.000 0. -1.323 0. 0. 1. 0.
1.000 -0.019 0. 175.178 0.019 1.000 0. -1.313 0. 0. 1. 0.
1.000 -0.016 0. 175.735 0.016 1.000 0. -1.317 0. 0. 1. 0.
1.000 -0.016 0. 176.224 0.016 1.000 0. -1.344 0. 0. 1. 0.
1.000 -0.016 0. 176.630 0.016 1.000 0. -1.305 0. 0. 1. 0.
1.000 -0.016 0. 176.969 0.016 1.000 0. -1.334 0. 0. 1. 0.
1.000 -0.016 0. 177.263 0.016 1.000 0. -1.308 0. 0. 1. 0.
1.000 -0.016 0. 177.485 0.016 1.000 0. -1.299 0. 0. 1. 0.
1.000 -0.016 0. 177.691 0.016 1.000 0. -1.295 0. 0. 1. 0.
1.000 -0.017 0. 177.893 0.017 1.000 0. -1.271 0. 0. 1. 0.
1.000 -0.016 0. 178.061 0.016 1.000 0. -1.272 0. 0. 1. 0.
1.000 -0.016 0. 178.202 0.016 1.000 0. -1.288 0. 0. 1. 0.
1.000 -0.017 0. 178.313 0.017 1.000 0. -1.297 0. 0. 1. 0.
1.000 -0.017 0. 178.407 0.017 1.000 0. -1.276 0. 0. 1. 0.
1.000 -0.017 0. 178.492 0.017 1.000 0. -1.285 0. 0. 1. 0.
1.000 -0.017 0. 178.576 0.017 1.000 0. -1.295 0. 0. 1. 0.
1.000 -0.017 0. 178.656 0.017 1.000 0. -1.293 0. 0. 1. 0.
1.000 -0.017 0. 178.713 0.017 1.000 0. -1.297 0. 0. 1. 0.
1.000 -0.017 0. 178.809 0.017 1.000 0. -1.276 0. 0. 1. 0.
1.000 -0.018 0. 178.909 0.018 1.000 0. -1.277 0. 0. 1. 0.
1.000 -0.018 0. 179.038 0.018 1.000 0. -1.276 0. 0. 1. 0.
1.000 -0.018 0. 179.202 0.018 1.000 0. -1.283 0. 0. 1. 0.
1.000 -0.017 0. 179.414 0.017 1.000 0. -1.281 0. 0. 1. 0.
1.000 -0.018 0. 179.656 0.018 1.000 0. -1.286 0. 0. 1. 0.
1.000 -0.017 0. 179.943 0.017 1.000 0. -1.280 0. 0. 1. 0.
1.000 -0.017 0. 180.279 0.017 1.000 0. -1.289 0. 0. 1. 0.
1.000 -0.017 0. 180.681 0.017 1.000 0. -1.288 0. 0. 1. 0.
1.000 -0.016 0. 181.129 0.016 1.000 0. -1.308 0. 0. 1. 0.
1.000 -0.015 0. 181.664 0.015 1.000 0. -1.297 0. 0. 1. 0.
1. -0.014 0. 182.268 0.014 1. 0. -1.292 0. 0. 1. 0.
1. -0.012 0. 182.932 0.012 1. 0. -1.305 0. 0. 1. 0.
1. -0.011 0. 183.683 0.011 1. 0. -1.322 0. 0. 1. 0.
1. -0.012 0. 184.524 0.012 1. 0. -1.293 0. 0. 1. 0.
1. -0.012 0. 185.467 0.012 1. 0. -1.269 0. 0. 1. 0.
1. -0.009 0. 186.514 0.009 1. 0. -1.286 0. 0. 1. 0.
1. -0.007 0. 187.628 0.007 1. 0. -1.332 0. 0. 1. 0.
1. -0.004 0. 188.853 0.004 1. 0. -1.362 0. 0. 1. 0.
1. -0.004 0. 190.170 0.004 1. 0. -1.375 0. 0. 1. 0.
1. -0.003 0. 191.575 0.003 1. 0. -1.385 0. 0. 1. 0.
1. -0.003 0. 193.052 0.003 1. 0. -1.385 0. 0. 1. 0.
1. -0.004 0. 194.635 0.004 1. 0. -1.416 0. 0. 1. 0.
1. -0.001 0. 196.258 0.001 1. 0. -1.445 0. 0. 1. 0.
1. -0.001 0. 197.898 0.001 1. 0. -1.441 0. 0. 1. 0.
1. -0.002 0. 199.646 0.002 1. 0. -1.499 0. 0. 1. 0.
1. -0.003 0. 201.415 0.003 1. 0. -1.491 0. 0. 1. 0.
1. -0.002 0. 203.201 0.002 1. 0. -1.506 0. 0. 1. 0.
1. -0.004 0. 205.048 0.004 1. 0. -1.504 0. 0. 1. 0.
1. -0.004 0. 206.951 0.004 1. 0. -1.534 0. 0. 1. 0.
1. -0.006 0. 208.870 0.006 1. 0. -1.523 0. 0. 1. 0.
1. -0.009 0. 210.820 0.009 1. 0. -1.506 0. 0. 1. 0.
1. -0.014 0. 212.786 0.014 1. 0. -1.495 0. 0. 1. 0.
1.000 -0.018 0. 214.770 0.018 1.000 0. -1.504 0. 0. 1. 0.
1.000 -0.024 0. 216.764 0.024 1.000 0. -1.469 0. 0. 1. 0.
1.000 -0.029 0. 218.757 0.029 1.000 0. -1.440 0. 0. 1. 0.
0.999 -0.035 0. 220.768 0.035 0.999 0. -1.389 0. 0. 1. 0.
0.999 -0.044 0. 222.787 0.044 0.999 0. -1.373 0. 0. 1. 0.
0.999 -0.052 0. 224.790 0.052 0.999 0. -1.306 0. 0. 1. 0.
0.998 -0.063 0. 226.833 0.063 0.998 0. -1.180 0. 0. 1. 0.
0.997 -0.075 0. 228.903 0.075 0.997 0. -1.048 0. 0. 1. 0.
0.996 -0.084 0. 230.925 0.084 0.996 0. -0.851 0. 0. 1. 0.
0.996 -0.092 0. 232.957 0.092 0.996 0. -0.735 0. 0. 1. 0.
0.995 -0.101 0. 234.995 0.101 0.995 0. -0.512 0. 0. 1. 0.
0.994 -0.108 0. 237.121 0.108 0.994 0. -0.344 0. 0. 1. 0.
0.994 -0.113 0. 239.218 0.113 0.994 0. -0.124 0. 0. 1. 0.
0.993 -0.117 0. 241.215 0.117 0.993 0. 0.140 0. 0. 1. 0.
0.993 -0.117 0. 243.330 0.117 0.993 0. 0.417 0. 0. 1. 0.
0.993 -0.117 0. 245.418 0.117 0.993 0. 0.609 0. 0. 1. 0.
0.993 -0.117 0. 247.540 0.117 0.993 0. 0.790 0. 0. 1. 0.
0.993 -0.118 0. 249.639 0.118 0.993 0. 1.049 0. 0. 1. 0.
0.993 -0.117 0. 251.751 0.117 0.993 0. 1.231 0. 0. 1. 0.
0.993 -0.117 0. 253.893 0.117 0.993 0. 1.486 0. 0. 1. 0.
0.993 -0.115 0. 256.029 0.115 0.993 0. 1.683 0. 0. 1. 0.
0.993 -0.114 0. 258.195 0.114 0.993 0. 1.873 0. 0. 1. 0.
0.994 -0.113 0. 260.391 0.113 0.994 0. 2.154 0. 0. 1. 0.
0.994 -0.114 0. 262.578 0.114 0.994 0. 2.347 0. 0. 1. 0.
0.994 -0.113 0. 264.788 0.113 0.994 0. 2.505 0. 0. 1. 0.
0.994 -0.113 0. 267.018 0.113 0.994 0. 2.816 0. 0. 1. 0.
0.994 -0.112 0. 269.264 0.112 0.994 0. 2.981 0. 0. 1. 0.
0.994 -0.110 0. 271.471 0.110 0.994 0. 3.189 0. 0. 1. 0.
0.994 -0.111 0. 273.734 0.111 0.994 0. 3.448 0. 0. 1. 0.
0.994 -0.111 0. 276.026 0.111 0.994 0. 3.738 0. 0. 1. 0.
0.994 -0.109 0. 278.325 0.109 0.994 0. 3.863 0. 0. 1. 0.
0.994 -0.110 0. 280.611 0.110 0.994 0. 4.122 0. 0. 1. 0.
0.994 -0.106 0. 282.909 0.106 0.994 0. 4.412 0. 0. 1. 0.
0.994 -0.109 0. 285.243 0.109 0.994 0. 4.612 0. 0. 1. 0.
0.994 -0.109 0. 287.577 0.109 0.994 0. 4.834 0. 0. 1. 0.
0.994 -0.113 0. 289.991 0.113 0.994 0. 5.018 0. 0. 1. 0.
0.993 -0.118 0. 292.354 0.118 0.993 0. 5.236 0. 0. 1. 0.
0.992 -0.124 0. 294.712 0.124 0.992 0. 5.523 0. 0. 1. 0.
0.992 -0.129 0. 297.028 0.129 0.992 0. 5.759 0. 0. 1. 0.
0.992 -0.129 0. 299.365 0.129 0.992 0. 6.015 0. 0. 1. 0.
0.992 -0.127 0. 301.693 0.127 0.992 0. 6.250 0. 0. 1. 0.
0.992 -0.127 0. 303.988 0.127 0.992 0. 6.567 0. 0. 1. 0.
0.992 -0.123 0. 306.218 0.123 0.992 0. 6.752 0. 0. 1. 0.
0.993 -0.120 0. 308.447 0.120 0.993 0. 6.937 0. 0. 1. 0.
0.993 -0.119 0. 310.623 0.119 0.993 0. 7.123 0. 0. 1. 0.
0.993 -0.117 0. 312.752 0.117 0.993 0. 7.391 0. 0. 1. 0.
0.993 -0.116 0. 314.814 0.116 0.993 0. 7.597 0. 0. 1. 0.
0.993 -0.114 0. 316.837 0.114 0.993 0. 7.784 0. 0. 1. 0.
0.993 -0.114 0. 318.805 0.114 0.993 0. 7.967 0. 0. 1. 0.
0.994 -0.113 0. 320.732 0.113 0.994 0. 8.177 0. 0. 1. 0.
0.994 -0.110 0. 322.634 0.110 0.994 0. 8.382 0. 0. 1. 0.
0.994 -0.109 0. 324.480 0.109 0.994 0. 8.480 0. 0. 1. 0.
0.994 -0.108 0. 326.258 0.108 0.994 0. 8.647 0. 0. 1. 0.
0.994 -0.106 0. 327.991 0.106 0.994 0. 8.809 0. 0. 1. 0.
0.995 -0.104 0. 329.687 0.104 0.995 0. 8.941 0. 0. 1. 0.
0.995 -0.102 0. 331.383 0.102 0.995 0. 9.062 0. 0. 1. 0.
0.995 -0.100 0. 332.979 0.100 0.995 0. 9.200 0. 0. 1. 0.
0.995 -0.097 0. 334.516 0.097 0.995 0. 9.335 0. 0. 1. 0.
0.996 -0.094 0. 336.048 0.094 0.996 0. 9.415 0. 0. 1. 0.
0.996 -0.087 0. 337.493 0.087 0.996 0. 9.565 0. 0. 1. 0.
0.997 -0.082 0. 338.882 0.082 0.997 0. 9.632 0. 0. 1. 0.
0.997 -0.079 0. 340.244 0.079 0.997 0. 9.733 0. 0. 1. 0.
0.997 -0.077 0. 341.565 0.077 0.997 0. 9.779 0. 0. 1. 0.
0.997 -0.076 0. 342.788 0.076 0.997 0. 9.827 0. 0. 1. 0.
0.997 -0.071 0. 343.982 0.071 0.997 0. 9.861 0. 0. 1. 0.
0.998 -0.070 0. 345.083 0.070 0.998 0. 9.940 0. 0. 1. 0.
0.998 -0.068 0. 346.179 0.068 0.998 0. 10.009 0. 0. 1. 0.
0.998 -0.067 0. 347.174 0.067 0.998 0. 10.072 0. 0. 1. 0.
0.998 -0.064 0. 348.125 0.064 0.998 0. 10.141 0. 0. 1. 0.
0.998 -0.059 0. 349.032 0.059 0.998 0. 10.172 0. 0. 1. 0.
0.999 -0.051 0. 349.849 0.051 0.999 0. 10.223 0. 0. 1. 0.
0.999 -0.040 0. 350.624 0.040 0.999 0. 10.239 0. 0. 1. 0.
1.000 -0.028 0. 351.343 0.028 1.000 0. 10.167 0. 0. 1. 0.
1.000 -0.020 0. 351.987 0.020 1.000 0. 10.160 0. 0. 1. 0.
1. -0.010 0. 352.637 0.010 1. 0. 10.163 0. 0. 1. 0.
1. -0.004 0. 353.221 0.004 1. 0. 10.118 0. 0. 1. 0.
1. 0.001 0. 353.745 -0.001 1. 0. 10.158 0. 0. 1. 0.
1. 0.003 0. 354.232 -0.003 1. 0. 10.098 0. 0. 1. 0.
1. 0.005 0. 354.632 -0.005 1. 0. 10.020 0. 0. 1. 0.
1. 0.006 0. 354.936 -0.006 1. 0. 10.042 0. 0. 1. 0.
1. 0.006 0. 355.165 -0.006 1. 0. 10.043 0. 0. 1. 0.
1. 0.010 0. 355.341 -0.010 1. 0. 10.067 0. 0. 1. 0.
1. 0.009 0. 355.468 -0.009 1. 0. 10.077 0. 0. 1. 0.
1. 0.009 0. 355.568 -0.009 1. 0. 10.050 0. 0. 1. 0.
1. 0.010 0. 355.676 -0.010 1. 0. 10.032 0. 0. 1. 0.
1. 0.012 0. 355.853 -0.012 1. 0. 10.033 0. 0. 1. 0.
1.000 0.015 0. 355.983 -0.015 1.000 0. 10.029 0. 0. 1. 0.
1.000 0.018 0. 356.213 -0.018 1.000 0. 9.989 0. 0. 1. 0.
1.000 0.023 0. 356.467 -0.023 1.000 0. 9.976 0. 0. 1. 0.
1.000 0.027 0. 356.742 -0.027 1.000 0. 9.943 0. 0. 1. 0.
0.999 0.035 0. 357.130 -0.035 0.999 0. 9.871 0. 0. 1. 0.
0.999 0.044 0. 357.563 -0.044 0.999 0. 9.859 0. 0. 1. 0.
0.999 0.052 0. 358.054 -0.052 0.999 0. 9.851 0. 0. 1. 0.
0.998 0.058 0. 358.553 -0.058 0.998 0. 9.768 0. 0. 1. 0.
0.998 0.063 0. 359.152 -0.063 0.998 0. 9.770 0. 0. 1. 0.
0.998 0.068 0. 359.761 -0.068 0.998 0. 9.744 0. 0. 1. 0.
0.998 0.070 0. 360.433 -0.070 0.998 0. 9.652 0. 0. 1. 0.
0.997 0.073 0. 361.159 -0.073 0.997 0. 9.588 0. 0. 1. 0.
0.997 0.074 0. 361.930 -0.074 0.997 0. 9.555 0. 0. 1. 0.
0.997 0.077 0. 362.766 -0.077 0.997 0. 9.404 0. 0. 1. 0.
0.997 0.076 0. 363.697 -0.076 0.997 0. 9.343 0. 0. 1. 0.
0.997 0.076 0. 364.663 -0.076 0.997 0. 9.252 0. 0. 1. 0.
0.997 0.076 0. 365.765 -0.076 0.997 0. 9.144 0. 0. 1. 0.
0.997 0.076 0. 366.972 -0.076 0.997 0. 9.073 0. 0. 1. 0.
0.997 0.071 0. 368.252 -0.071 0.997 0. 8.969 0. 0. 1. 0.
0.997 0.071 0. 369.590 -0.071 0.997 0. 8.787 0. 0. 1. 0.
0.998 0.068 0. 371.018 -0.068 0.998 0. 8.684 0. 0. 1. 0.
0.998 0.064 0. 372.488 -0.064 0.998 0. 8.590 0. 0. 1. 0.
0.998 0.063 0. 374.051 -0.063 0.998 0. 8.475 0. 0. 1. 0.
0.998 0.064 0. 375.677 -0.064 0.998 0. 8.366 0. 0. 1. 0.
0.998 0.062 0. 377.370 -0.062 0.998 0. 8.162 0. 0. 1. 0.
0.998 0.063 0. 379.073 -0.063 0.998 0. 8.128 0. 0. 1. 0.
0.998 0.062 0. 380.859 -0.062 0.998 0. 7.951 0. 0. 1. 0.
0.998 0.062 0. 382.678 -0.062 0.998 0. 7.825 0. 0. 1. 0.
0.998 0.060 0. 384.539 -0.060 0.998 0. 7.730 0. 0. 1. 0.
0.998 0.058 0. 386.423 -0.058 0.998 0. 7.619 0. 0. 1. 0.
0.998 0.058 0. 388.321 -0.058 0.998 0. 7.452 0. 0. 1. 0.
0.998 0.057 0. 390.234 -0.057 0.998 0. 7.314 0. 0. 1. 0.
0.999 0.054 0. 392.192 -0.054 0.999 0. 7.148 0. 0. 1. 0.
0.999 0.050 0. 394.176 -0.050 0.999 0. 7.028 0. 0. 1. 0.
0.999 0.047 0. 396.083 -0.047 0.999 0. 6.942 0. 0. 1. 0.
0.999 0.046 0. 398.021 -0.046 0.999 0. 6.822 0. 0. 1. 0.
0.999 0.043 0. 399.895 -0.043 0.999 0. 6.737 0. 0. 1. 0.
0.999 0.040 0. 401.743 -0.040 0.999 0. 6.629 0. 0. 1. 0.
0.999 0.037 0. 403.586 -0.037 0.999 0. 6.553 0. 0. 1. 0.
0.999 0.036 0. 405.398 -0.036 0.999 0. 6.464 0. 0. 1. 0.
0.999 0.033 0. 407.206 -0.033 0.999 0. 6.403 0. 0. 1. 0.
0.999 0.032 0. 408.962 -0.032 0.999 0. 6.309 0. 0. 1. 0.
1.000 0.027 0. 410.686 -0.027 1.000 0. 6.263 0. 0. 1. 0.
1.000 0.025 0. 412.394 -0.025 1.000 0. 6.205 0. 0. 1. 0.
1.000 0.022 0. 414.122 -0.022 1.000 0. 6.135 0. 0. 1. 0.
1.000 0.021 0. 415.805 -0.021 1.000 0. 6.041 0. 0. 1. 0.
1.000 0.017 0. 417.475 -0.017 1.000 0. 5.978 0. 0. 1. 0.
1.000 0.016 0. 419.139 -0.016 1.000 0. 5.927 0. 0. 1. 0.
1. 0.013 0. 420.788 -0.013 1. 0. 5.878 0. 0. 1. 0.
1. 0.012 0. 422.411 -0.012 1. 0. 5.850 0. 0. 1. 0.
1. 0.009 0. 424.040 -0.009 1. 0. 5.786 0. 0. 1. 0.
1. 0.007 0. 425.627 -0.007 1. 0. 5.774 0. 0. 1. 0.
1. 0.006 0. 427.225 -0.006 1. 0. 5.714 0. 0. 1. 0.
1. 0.006 0. 428.820 -0.006 1. 0. 5.700 0. 0. 1. 0.
1. 0.005 0. 430.319 -0.005 1. 0. 5.649 0. 0. 1. 0.
1. 0.005 0. 431.879 -0.005 1. 0. 5.596 0. 0. 1. 0.
1. 0.004 0. 433.423 -0.004 1. 0. 5.589 0. 0. 1. 0.
1. 0.002 0. 434.905 -0.002 1. 0. 5.555 0. 0. 1. 0.
1. -0.000 0. 436.450 0.000 1. 0. 5.553 0. 0. 1. 0.
1. -0.002 0. 437.981 0.002 1. 0. 5.526 0. 0. 1. 0.
1. -0.003 0. 439.555 0.003 1. 0. 5.484 0. 0. 1. 0.
1. -0.003 0. 441.158 0.003 1. 0. 5.498 0. 0. 1. 0.
1. -0.005 0. 442.787 0.005 1. 0. 5.456 0. 0. 1. 0.
1. -0.008 0. 444.395 0.008 1. 0. 5.417 0. 0. 1. 0.
1. -0.011 0. 446.011 0.011 1. 0. 5.452 0. 0. 1. 0.
1.000 -0.015 0. 447.605 0.015 1.000 0. 5.420 0. 0. 1. 0.
1.000 -0.017 0. 449.178 0.017 1.000 0. 5.450 0. 0. 1. 0.
1.000 -0.022 0. 450.727 0.022 1.000 0. 5.468 0. 0. 1. 0.
1.000 -0.024 0. 452.232 0.024 1.000 0. 5.497 0. 0. 1. 0.
1.000 -0.026 0. 453.718 0.026 1.000 0. 5.503 0. 0. 1. 0.
1.000 -0.030 0. 455.165 0.030 1.000 0. 5.525 0. 0. 1. 0.
0.999 -0.032 0. 456.592 0.032 0.999 0. 5.585 0. 0. 1. 0.
1.000 -0.031 0. 457.975 0.031 1.000 0. 5.584 0. 0. 1. 0.
1.000 -0.029 0. 459.316 0.029 1.000 0. 5.611 0. 0. 1. 0.
1.000 -0.026 0. 460.618 0.026 1.000 0. 5.609 0. 0. 1. 0.
1.000 -0.018 0. 461.892 0.018 1.000 0. 5.610 0. 0. 1. 0.
1. -0.006 0. 463.109 0.006 1. 0. 5.601 0. 0. 1. 0.
1.000 0.014 0. 464.289 -0.014 1.000 0. 5.545 0. 0. 1. 0.
0.999 0.043 0. 465.398 -0.043 0.999 0. 5.478 0. 0. 1. 0.
0.997 0.083 0. 466.491 -0.083 0.997 0. 5.356 0. 0. 1. 0.
0.992 0.126 0. 467.530 -0.126 0.992 0. 5.116 0. 0. 1. 0.
0.985 0.175 0. 468.515 -0.175 0.985 0. 4.911 0. 0. 1. 0.
0.973 0.230 0. 469.448 -0.230 0.973 0. 4.723 0. 0. 1. 0.
0.956 0.292 0. 470.318 -0.292 0.956 0. 4.407 0. 0. 1. 0.
0.933 0.361 0. 471.102 -0.361 0.933 0. 4.034 0. 0. 1. 0.
0.900 0.437 0. 471.795 -0.437 0.900 0. 3.586 0. 0. 1. 0.
0.859 0.512 0. 472.417 -0.512 0.859 0. 3.088 0. 0. 1. 0.
0.811 0.585 0. 473.016 -0.585 0.811 0. 2.617 0. 0. 1. 0.
0.759 0.651 0. 473.407 -0.651 0.759 0. 2.102 0. 0. 1. 0.
0.703 0.711 0. 473.800 -0.711 0.703 0. 1.592 0. 0. 1. 0.
0.645 0.764 0. 474.119 -0.764 0.645 0. 1.058 0. 0. 1. 0.
0.583 0.813 0. 474.382 -0.813 0.583 0. 0.572 0. 0. 1. 0.
0.523 0.852 0. 474.621 -0.852 0.523 0. 0.036 0. 0. 1. 0.
0.463 0.886 0. 474.840 -0.886 0.463 0. -0.435 0. 0. 1. 0.
0.399 0.917 0. 474.983 -0.917 0.399 0. -0.927 0. 0. 1. 0.
0.335 0.942 0. 475.081 -0.942 0.335 0. -1.433 0. 0. 1. 0.
0.262 0.965 0. 475.161 -0.965 0.262 0. -1.946 0. 0. 1. 0.
0.177 0.984 0. 475.212 -0.984 0.177 0. -2.585 0. 0. 1. 0.
0.081 0.997 0. 475.182 -0.997 0.081 0. -3.232 0. 0. 1. 0.
-0.026 1.000 0. 475.089 -1.000 -0.026 0. -3.963 0. 0. 1. 0.
-0.142 0.990 0. 474.892 -0.990 -0.142 0. -4.780 0. 0. 1. 0.
-0.265 0.964 0. 474.542 -0.964 -0.265 0. -5.634 0. 0. 1. 0.
-0.388 0.921 0. 474.080 -0.921 -0.388 0. -6.549 0. 0. 1. 0.
-0.506 0.863 0. 473.444 -0.863 -0.506 0. -7.412 0. 0. 1. 0.
-0.612 0.791 0. 472.692 -0.791 -0.612 0. -8.317 0. 0. 1. 0.
-0.703 0.711 0. 471.751 -0.711 -0.703 0. -9.164 0. 0. 1. 0.
-0.775 0.632 0. 470.698 -0.632 -0.775 0. -9.964 0. 0. 1. 0.
-0.829 0.559 0. 469.466 -0.559 -0.829 0. -10.763 0. 0. 1. 0.
-0.862 0.506 0. 468.086 -0.506 -0.862 0. -11.516 0. 0. 1. 0.
-0.882 0.470 0. 466.521 -0.470 -0.882 0. -12.228 0. 0. 1. 0.
-0.895 0.447 0. 464.895 -0.447 -0.895 0. -12.958 0. 0. 1. 0.
-0.901 0.433 0. 463.158 -0.433 -0.901 0. -13.724 0. 0. 1. 0.
-0.905 0.424 0. 461.281 -0.424 -0.905 0. -14.519 0. 0. 1. 0.
-0.908 0.420 0. 459.317 -0.420 -0.908 0. -15.375 0. 0. 1. 0.
-0.910 0.415 0. 457.248 -0.415 -0.910 0. -16.156 0. 0. 1. 0.
-0.912 0.411 0. 455.150 -0.411 -0.912 0. -17.171 0. 0. 1. 0.
-0.913 0.407 0. 452.880 -0.407 -0.913 0. -18.081 0. 0. 1. 0.
-0.913 0.407 0. 450.543 -0.407 -0.913 0. -19.095 0. 0. 1. 0.
-0.914 0.405 0. 448.174 -0.405 -0.914 0. -20.074 0. 0. 1. 0.
-0.915 0.403 0. 445.726 -0.403 -0.915 0. -21.071 0. 0. 1. 0.
-0.917 0.399 0. 443.292 -0.399 -0.917 0. -22.097 0. 0. 1. 0.
-0.917 0.399 0. 440.855 -0.399 -0.917 0. -23.106 0. 0. 1. 0.
-0.917 0.399 0. 438.504 -0.399 -0.917 0. -24.116 0. 0. 1. 0.
-0.916 0.400 0. 436.104 -0.400 -0.916 0. -25.128 0. 0. 1. 0.
-0.916 0.401 0. 433.807 -0.401 -0.916 0. -26.155 0. 0. 1. 0.
-0.916 0.401 0. 431.437 -0.401 -0.916 0. -27.095 0. 0. 1. 0.
-0.916 0.402 0. 429.135 -0.402 -0.916 0. -28.088 0. 0. 1. 0.
-0.915 0.403 0. 426.908 -0.403 -0.915 0. -29.112 0. 0. 1. 0.
-0.915 0.403 0. 424.631 -0.403 -0.915 0. -30.058 0. 0. 1. 0.
-0.916 0.401 0. 422.404 -0.401 -0.916 0. -31.010 0. 0. 1. 0.
-0.917 0.398 0. 420.164 -0.398 -0.917 0. -31.977 0. 0. 1. 0.
-0.918 0.397 0. 418.018 -0.397 -0.918 0. -32.848 0. 0. 1. 0.
-0.919 0.395 0. 415.923 -0.395 -0.919 0. -33.767 0. 0. 1. 0.
-0.920 0.393 0. 413.861 -0.393 -0.920 0. -34.568 0. 0. 1. 0.
-0.920 0.391 0. 411.881 -0.391 -0.920 0. -35.412 0. 0. 1. 0.
-0.921 0.389 0. 409.910 -0.389 -0.921 0. -36.186 0. 0. 1. 0.
-0.922 0.386 0. 408.027 -0.386 -0.922 0. -37.014 0. 0. 1. 0.
-0.923 0.384 0. 406.213 -0.384 -0.923 0. -37.695 0. 0. 1. 0.
-0.924 0.382 0. 404.450 -0.382 -0.924 0. -38.417 0. 0. 1. 0.
-0.925 0.381 0. 402.738 -0.381 -0.925 0. -39.088 0. 0. 1. 0.
-0.926 0.378 0. 401.128 -0.378 -0.926 0. -39.712 0. 0. 1. 0.
-0.926 0.378 0. 399.569 -0.378 -0.926 0. -40.296 0. 0. 1. 0.
-0.926 0.378 0. 398.105 -0.378 -0.926 0. -40.891 0. 0. 1. 0.
-0.927 0.376 0. 396.704 -0.376 -0.927 0. -41.416 0. 0. 1. 0.
-0.927 0.375 0. 395.424 -0.375 -0.927 0. -41.920 0. 0. 1. 0.
-0.927 0.375 0. 394.200 -0.375 -0.927 0. -42.425 0. 0. 1. 0.
-0.927 0.376 0. 393.029 -0.376 -0.927 0. -42.871 0. 0. 1. 0.
-0.926 0.377 0. 391.968 -0.377 -0.926 0. -43.291 0. 0. 1. 0.
-0.926 0.377 0. 391.008 -0.377 -0.926 0. -43.688 0. 0. 1. 0.
-0.926 0.377 0. 390.114 -0.377 -0.926 0. -44.047 0. 0. 1. 0.
-0.926 0.377 0. 389.320 -0.377 -0.926 0. -44.383 0. 0. 1. 0.
-0.926 0.377 0. 388.601 -0.377 -0.926 0. -44.674 0. 0. 1. 0.
-0.926 0.377 0. 387.920 -0.377 -0.926 0. -44.884 0. 0. 1. 0.
-0.926 0.376 0. 387.312 -0.376 -0.926 0. -45.093 0. 0. 1. 0.
-0.926 0.376 0. 386.832 -0.376 -0.926 0. -45.309 0. 0. 1. 0.
-0.926 0.376 0. 386.456 -0.376 -0.926 0. -45.475 0. 0. 1. 0.
-0.926 0.378 0. 386.144 -0.378 -0.926 0. -45.590 0. 0. 1. 0.
-0.926 0.378 0. 385.892 -0.378 -0.926 0. -45.697 0. 0. 1. 0.
-0.926 0.377 0. 385.658 -0.377 -0.926 0. -45.788 0. 0. 1. 0.
-0.926 0.377 0. 385.419 -0.377 -0.926 0. -45.869 0. 0. 1. 0.
-0.926 0.378 0. 385.191 -0.378 -0.926 0. -45.949 0. 0. 1. 0.
-0.926 0.376 0. 384.996 -0.376 -0.926 0. -46.061 0. 0. 1. 0.
-0.926 0.376 0. 384.824 -0.376 -0.926 0. -46.104 0. 0. 1. 0.
-0.926 0.377 0. 384.690 -0.377 -0.926 0. -46.142 0. 0. 1. 0.
-0.926 0.376 0. 384.561 -0.376 -0.926 0. -46.185 0. 0. 1. 0.
-0.926 0.377 0. 384.467 -0.377 -0.926 0. -46.241 0. 0. 1. 0.
-0.926 0.376 0. 384.370 -0.376 -0.926 0. -46.271 0. 0. 1. 0.
-0.926 0.376 0. 384.288 -0.376 -0.926 0. -46.310 0. 0. 1. 0.
-0.926 0.377 0. 384.195 -0.377 -0.926 0. -46.341 0. 0. 1. 0.
-0.926 0.377 0. 384.128 -0.377 -0.926 0. -46.366 0. 0. 1. 0.
-0.926 0.377 0. 384.058 -0.377 -0.926 0. -46.403 0. 0. 1. 0.
-0.926 0.378 0. 383.969 -0.378 -0.926 0. -46.423 0. 0. 1. 0.
-0.926 0.377 0. 383.908 -0.377 -0.926 0. -46.445 0. 0. 1. 0.
-0.926 0.377 0. 383.827 -0.377 -0.926 0. -46.478 0. 0. 1. 0.
-0.926 0.376 0. 383.770 -0.376 -0.926 0. -46.554 0. 0. 1. 0.
-0.927 0.375 0. 383.688 -0.375 -0.927 0. -46.537 0. 0. 1. 0.
-0.926 0.376 0. 383.617 -0.376 -0.926 0. -46.536 0. 0. 1. 0.
-0.926 0.377 0. 383.567 -0.377 -0.926 0. -46.561 0. 0. 1. 0.
-0.926 0.377 0. 383.536 -0.377 -0.926 0. -46.594 0. 0. 1. 0.
-0.927 0.376 0. 383.486 -0.376 -0.927 0. -46.614 0. 0. 1. 0.
-0.927 0.376 0. 383.451 -0.376 -0.927 0. -46.618 0. 0. 1. 0.
-0.927 0.376 0. 383.410 -0.376 -0.927 0. -46.641 0. 0. 1. 0.
-0.926 0.376 0. 383.368 -0.376 -0.926 0. -46.637 0. 0. 1. 0.
-0.926 0.377 0. 383.372 -0.377 -0.926 0. -46.679 0. 0. 1. 0.
-0.926 0.377 0. 383.338 -0.377 -0.926 0. -46.664 0. 0. 1. 0.
-0.926 0.377 0. 383.322 -0.377 -0.926 0. -46.674 0. 0. 1. 0.
-0.926 0.376 0. 383.307 -0.376 -0.926 0. -46.677 0. 0. 1. 0.
-0.926 0.377 0. 383.297 -0.377 -0.926 0. -46.686 0. 0. 1. 0.
-0.927 0.376 0. 383.267 -0.376 -0.927 0. -46.692 0. 0. 1. 0.
-0.927 0.376 0. 383.262 -0.376 -0.927 0. -46.705 0. 0. 1. 0.
-0.926 0.376 0. 383.244 -0.376 -0.926 0. -46.712 0. 0. 1. 0.
-0.927 0.376 0. 383.229 -0.376 -0.927 0. -46.699 0. 0. 1. 0.
-0.926 0.376 0. 383.239 -0.376 -0.926 0. -46.728 0. 0. 1. 0.
-0.926 0.377 0. 383.217 -0.377 -0.926 0. -46.743 0. 0. 1. 0.
-0.926 0.377 0. 383.203 -0.377 -0.926 0. -46.738 0. 0. 1. 0.
-0.926 0.377 0. 383.200 -0.377 -0.926 0. -46.746 0. 0. 1. 0.
-0.926 0.377 0. 383.184 -0.377 -0.926 0. -46.747 0. 0. 1. 0.
-0.927 0.375 0. 383.148 -0.375 -0.927 0. -46.739 0. 0. 1. 0.
-0.927 0.376 0. 383.120 -0.376 -0.927 0. -46.778 0. 0. 1. 0.
-0.927 0.376 0. 383.050 -0.376 -0.927 0. -46.781 0. 0. 1. 0.
-0.927 0.376 0. 382.984 -0.376 -0.927 0. -46.820 0. 0. 1. 0.
-0.927 0.376 0. 382.890 -0.376 -0.927 0. -46.876 0. 0. 1. 0.
-0.927 0.376 0. 382.783 -0.376 -0.927 0. -46.898 0. 0. 1. 0.
-0.927 0.376 0. 382.671 -0.376 -0.927 0. -46.928 0. 0. 1. 0.
-0.927 0.376 0. 382.543 -0.376 -0.927 0. -46.998 0. 0. 1. 0.
-0.927 0.376 0. 382.423 -0.376 -0.927 0. -47.012 0. 0. 1. 0.
-0.926 0.377 0. 382.311 -0.377 -0.926 0. -47.055 0. 0. 1. 0.
-0.926 0.377 0. 382.209 -0.377 -0.926 0. -47.121 0. 0. 1. 0.
-0.926 0.376 0. 382.063 -0.376 -0.926 0. -47.132 0. 0. 1. 0.
-0.927 0.376 0. 381.962 -0.376 -0.927 0. -47.201 0. 0. 1. 0.
-0.926 0.376 0. 381.823 -0.376 -0.926 0. -47.243 0. 0. 1. 0.
-0.926 0.377 0. 381.679 -0.377 -0.926 0. -47.336 0. 0. 1. 0.
-0.926 0.377 0. 381.458 -0.377 -0.926 0. -47.402 0. 0. 1. 0.
-0.926 0.376 0. 381.187 -0.376 -0.926 0. -47.523 0. 0. 1. 0.
-0.927 0.376 0. 380.800 -0.376 -0.927 0. -47.671 0. 0. 1. 0.
-0.927 0.376 0. 380.347 -0.376 -0.927 0. -47.824 0. 0. 1. 0.
-0.927 0.375 0. 379.781 -0.375 -0.927 0. -48.019 0. 0. 1. 0.
-0.927 0.376 0. 379.064 -0.376 -0.927 0. -48.326 0. 0. 1. 0.
-0.926 0.377 0. 378.287 -0.377 -0.926 0. -48.661 0. 0. 1. 0.
-0.926 0.378 0. 377.360 -0.378 -0.926 0. -48.991 0. 0. 1. 0.
-0.927 0.375 0. 376.267 -0.375 -0.927 0. -49.394 0. 0. 1. 0.
-0.928 0.373 0. 375.102 -0.373 -0.928 0. -49.855 0. 0. 1. 0.
-0.929 0.370 0. 373.799 -0.370 -0.929 0. -50.379 0. 0. 1. 0.
-0.930 0.367 0. 372.322 -0.367 -0.930 0. -50.860 0. 0. 1. 0.
-0.933 0.359 0. 370.789 -0.359 -0.933 0. -51.502 0. 0. 1. 0.
-0.936 0.352 0. 369.123 -0.352 -0.936 0. -52.082 0. 0. 1. 0.
-0.940 0.340 0. 367.351 -0.340 -0.940 0. -52.690 0. 0. 1. 0.
-0.945 0.327 0. 365.487 -0.327 -0.945 0. -53.317 0. 0. 1. 0.
-0.949 0.315 0. 363.555 -0.315 -0.949 0. -53.917 0. 0. 1. 0.
-0.953 0.304 0. 361.472 -0.304 -0.953 0. -54.540 0. 0. 1. 0.
-0.956 0.294 0. 359.347 -0.294 -0.956 0. -55.189 0. 0. 1. 0.
-0.958 0.286 0. 357.096 -0.286 -0.958 0. -55.807 0. 0. 1. 0.
-0.959 0.282 0. 354.849 -0.282 -0.959 0. -56.463 0. 0. 1. 0.
-0.961 0.277 0. 352.457 -0.277 -0.961 0. -57.117 0. 0. 1. 0.
-0.961 0.275 0. 350.012 -0.275 -0.961 0. -57.667 0. 0. 1. 0.
-0.962 0.271 0. 347.532 -0.271 -0.962 0. -58.316 0. 0. 1. 0.
-0.964 0.268 0. 345.045 -0.268 -0.964 0. -58.989 0. 0. 1. 0.
-0.963 0.268 0. 342.456 -0.268 -0.963 0. -59.640 0. 0. 1. 0.
-0.962 0.271 0. 339.824 -0.271 -0.962 0. -60.328 0. 0. 1. 0.
-0.961 0.276 0. 337.189 -0.276 -0.961 0. -61.045 0. 0. 1. 0.
-0.960 0.279 0. 334.498 -0.279 -0.960 0. -61.787 0. 0. 1. 0.
-0.959 0.283 0. 331.804 -0.283 -0.959 0. -62.506 0. 0. 1. 0.
-0.957 0.289 0. 329.108 -0.289 -0.957 0. -63.274 0. 0. 1. 0.
-0.956 0.294 0. 326.399 -0.294 -0.956 0. -64.030 0. 0. 1. 0.
-0.954 0.299 0. 323.672 -0.299 -0.954 0. -64.782 0. 0. 1. 0.
-0.953 0.304 0. 320.924 -0.304 -0.953 0. -65.601 0. 0. 1. 0.
-0.951 0.309 0. 318.187 -0.309 -0.951 0. -66.457 0. 0. 1. 0.
-0.950 0.311 0. 315.444 -0.311 -0.950 0. -67.249 0. 0. 1. 0.
-0.950 0.313 0. 312.688 -0.313 -0.950 0. -68.136 0. 0. 1. 0.
-0.949 0.316 0. 309.941 -0.316 -0.949 0. -69.032 0. 0. 1. 0.
-0.949 0.316 0. 307.221 -0.316 -0.949 0. -69.918 0. 0. 1. 0.
-0.949 0.315 0. 304.494 -0.315 -0.949 0. -70.794 0. 0. 1. 0.
-0.948 0.319 0. 301.800 -0.319 -0.948 0. -71.613 0. 0. 1. 0.
-0.948 0.319 0. 299.134 -0.319 -0.948 0. -72.487 0. 0. 1. 0.
-0.947 0.321 0. 296.470 -0.321 -0.947 0. -73.331 0. 0. 1. 0.
-0.948 0.320 0. 293.838 -0.320 -0.948 0. -74.153 0. 0. 1. 0.
-0.948 0.317 0. 291.232 -0.317 -0.948 0. -74.955 0. 0. 1. 0.
-0.949 0.315 0. 288.587 -0.315 -0.949 0. -75.733 0. 0. 1. 0.
-0.949 0.317 0. 285.982 -0.317 -0.949 0. -76.512 0. 0. 1. 0.
-0.948 0.318 0. 283.480 -0.318 -0.948 0. -77.321 0. 0. 1. 0.
-0.947 0.321 0. 280.925 -0.321 -0.947 0. -78.188 0. 0. 1. 0.
-0.945 0.328 0. 278.427 -0.328 -0.945 0. -79.022 0. 0. 1. 0.
-0.943 0.332 0. 275.992 -0.332 -0.943 0. -79.810 0. 0. 1. 0.
-0.940 0.341 0. 273.512 -0.341 -0.940 0. -80.672 0. 0. 1. 0.
-0.937 0.349 0. 271.135 -0.349 -0.937 0. -81.475 0. 0. 1. 0.
-0.936 0.353 0. 268.753 -0.353 -0.936 0. -82.369 0. 0. 1. 0.
-0.932 0.361 0. 266.339 -0.361 -0.932 0. -83.185 0. 0. 1. 0.
-0.931 0.365 0. 263.985 -0.365 -0.931 0. -84.067 0. 0. 1. 0.
-0.929 0.370 0. 261.668 -0.370 -0.929 0. -84.946 0. 0. 1. 0.
-0.928 0.373 0. 259.280 -0.373 -0.928 0. -85.774 0. 0. 1. 0.
-0.927 0.376 0. 256.925 -0.376 -0.927 0. -86.764 0. 0. 1. 0.
-0.925 0.381 0. 254.575 -0.381 -0.925 0. -87.738 0. 0. 1. 0.
-0.924 0.383 0. 252.199 -0.383 -0.924 0. -88.612 0. 0. 1. 0.
-0.924 0.381 0. 249.886 -0.381 -0.924 0. -89.579 0. 0. 1. 0.
-0.924 0.383 0. 247.542 -0.383 -0.924 0. -90.531 0. 0. 1. 0.
-0.925 0.380 0. 245.242 -0.380 -0.925 0. -91.410 0. 0. 1. 0.
-0.926 0.377 0. 242.900 -0.377 -0.926 0. -92.402 0. 0. 1. 0.
-0.927 0.375 0. 240.544 -0.375 -0.927 0. -93.339 0. 0. 1. 0.
-0.928 0.372 0. 238.166 -0.372 -0.928 0. -94.272 0. 0. 1. 0.
-0.930 0.369 0. 235.774 -0.369 -0.930 0. -95.209 0. 0. 1. 0.
-0.931 0.366 0. 233.409 -0.366 -0.931 0. -96.189 0. 0. 1. 0.
-0.931 0.364 0. 230.969 -0.364 -0.931 0. -97.057 0. 0. 1. 0.
-0.932 0.362 0. 228.500 -0.362 -0.932 0. -97.872 0. 0. 1. 0.
-0.932 0.362 0. 226.093 -0.362 -0.932 0. -98.794 0. 0. 1. 0.
-0.933 0.361 0. 223.624 -0.361 -0.933 0. -99.673 0. 0. 1. 0.
-0.933 0.360 0. 221.161 -0.360 -0.933 0. -100.576 0. 0. 1. 0.
-0.933 0.359 0. 218.696 -0.359 -0.933 0. -101.500 0. 0. 1. 0.
-0.933 0.359 0. 216.231 -0.359 -0.933 0. -102.406 0. 0. 1. 0.
-0.933 0.360 0. 213.709 -0.360 -0.933 0. -103.292 0. 0. 1. 0.
-0.933 0.360 0. 211.190 -0.360 -0.933 0. -104.168 0. 0. 1. 0.
-0.933 0.359 0. 208.723 -0.359 -0.933 0. -105.099 0. 0. 1. 0.
-0.932 0.361 0. 206.166 -0.361 -0.932 0. -106.019 0. 0. 1. 0.
-0.932 0.363 0. 203.682 -0.363 -0.932 0. -106.893 0. 0. 1. 0.
-0.933 0.360 0. 201.177 -0.360 -0.933 0. -107.820 0. 0. 1. 0.
-0.932 0.362 0. 198.660 -0.362 -0.932 0. -108.691 0. 0. 1. 0.
-0.932 0.363 0. 196.230 -0.363 -0.932 0. -109.637 0. 0. 1. 0.
-0.931 0.366 0. 193.726 -0.366 -0.931 0. -110.583 0. 0. 1. 0.
-0.930 0.368 0. 191.291 -0.368 -0.930 0. -111.466 0. 0. 1. 0.
-0.929 0.370 0. 188.823 -0.370 -0.929 0. -112.394 0. 0. 1. 0.
-0.929 0.370 0. 186.378 -0.370 -0.929 0. -113.320 0. 0. 1. 0.
-0.929 0.369 0. 183.933 -0.369 -0.929 0. -114.300 0. 0. 1. 0.
-0.929 0.369 0. 181.510 -0.369 -0.929 0. -115.189 0. 0. 1. 0.
-0.930 0.367 0. 179.114 -0.367 -0.930 0. -116.110 0. 0. 1. 0.
-0.931 0.365 0. 176.756 -0.365 -0.931 0. -116.979 0. 0. 1. 0.
-0.934 0.358 0. 174.356 -0.358 -0.934 0. -117.825 0. 0. 1. 0.
-0.936 0.351 0. 171.993 -0.351 -0.936 0. -118.616 0. 0. 1. 0.
-0.939 0.344 0. 169.684 -0.344 -0.939 0. -119.373 0. 0. 1. 0.
-0.941 0.338 0. 167.444 -0.338 -0.941 0. -120.149 0. 0. 1. 0.
-0.943 0.334 0. 165.259 -0.334 -0.943 0. -120.903 0. 0. 1. 0.
-0.945 0.328 0. 163.108 -0.328 -0.945 0. -121.618 0. 0. 1. 0.
-0.944 0.329 0. 160.977 -0.329 -0.944 0. -122.250 0. 0. 1. 0.
-0.944 0.330 0. 158.936 -0.330 -0.944 0. -122.919 0. 0. 1. 0.
-0.944 0.330 0. 156.986 -0.330 -0.944 0. -123.630 0. 0. 1. 0.
-0.944 0.330 0. 155.010 -0.330 -0.944 0. -124.258 0. 0. 1. 0.
-0.944 0.330 0. 153.168 -0.330 -0.944 0. -124.917 0. 0. 1. 0.
-0.944 0.331 0. 151.366 -0.331 -0.944 0. -125.487 0. 0. 1. 0.
-0.943 0.332 0. 149.653 -0.332 -0.943 0. -126.036 0. 0. 1. 0.
-0.943 0.333 0. 148.011 -0.333 -0.943 0. -126.530 0. 0. 1. 0.
-0.943 0.332 0. 146.466 -0.332 -0.943 0. -127.028 0. 0. 1. 0.
-0.944 0.331 0. 145.013 -0.331 -0.944 0. -127.561 0. 0. 1. 0.
-0.944 0.329 0. 143.677 -0.329 -0.944 0. -128.020 0. 0. 1. 0.
-0.945 0.328 0. 142.341 -0.328 -0.945 0. -128.437 0. 0. 1. 0.
-0.945 0.328 0. 141.120 -0.328 -0.945 0. -128.864 0. 0. 1. 0.
-0.945 0.328 0. 139.964 -0.328 -0.945 0. -129.173 0. 0. 1. 0.
-0.945 0.327 0. 138.905 -0.327 -0.945 0. -129.534 0. 0. 1. 0.
-0.946 0.325 0. 137.924 -0.325 -0.946 0. -129.847 0. 0. 1. 0.
-0.945 0.326 0. 136.943 -0.326 -0.945 0. -130.155 0. 0. 1. 0.
-0.946 0.324 0. 136.020 -0.324 -0.946 0. -130.506 0. 0. 1. 0.
-0.946 0.324 0. 135.063 -0.324 -0.946 0. -130.837 0. 0. 1. 0.
-0.947 0.321 0. 134.112 -0.321 -0.947 0. -131.106 0. 0. 1. 0.
-0.947 0.322 0. 133.148 -0.322 -0.947 0. -131.404 0. 0. 1. 0.
-0.947 0.321 0. 132.143 -0.321 -0.947 0. -131.693 0. 0. 1. 0.
-0.947 0.322 0. 131.110 -0.322 -0.947 0. -132.036 0. 0. 1. 0.
-0.948 0.320 0. 130.017 -0.320 -0.948 0. -132.318 0. 0. 1. 0.
-0.948 0.319 0. 128.893 -0.319 -0.948 0. -132.717 0. 0. 1. 0.
-0.948 0.318 0. 127.629 -0.318 -0.948 0. -133.001 0. 0. 1. 0.
-0.949 0.315 0. 126.398 -0.315 -0.949 0. -133.455 0. 0. 1. 0.
-0.949 0.315 0. 125.076 -0.315 -0.949 0. -133.908 0. 0. 1. 0.
-0.949 0.314 0. 123.675 -0.314 -0.949 0. -134.328 0. 0. 1. 0.
-0.950 0.312 0. 122.253 -0.312 -0.950 0. -134.780 0. 0. 1. 0.
-0.950 0.311 0. 120.739 -0.311 -0.950 0. -135.231 0. 0. 1. 0.
-0.950 0.311 0. 119.229 -0.311 -0.950 0. -135.746 0. 0. 1. 0.
-0.950 0.312 0. 117.695 -0.312 -0.950 0. -136.243 0. 0. 1. 0.
-0.951 0.309 0. 116.178 -0.309 -0.951 0. -136.689 0. 0. 1. 0.
-0.953 0.303 0. 114.658 -0.303 -0.953 0. -137.157 0. 0. 1. 0.
-0.955 0.297 0. 113.129 -0.297 -0.955 0. -137.605 0. 0. 1. 0.
-0.956 0.293 0. 111.619 -0.293 -0.956 0. -138.078 0. 0. 1. 0.
-0.958 0.288 0. 110.148 -0.288 -0.958 0. -138.459 0. 0. 1. 0.
-0.960 0.281 0. 108.686 -0.281 -0.960 0. -138.860 0. 0. 1. 0.
-0.961 0.278 0. 107.251 -0.278 -0.961 0. -139.219 0. 0. 1. 0.
-0.962 0.274 0. 105.835 -0.274 -0.962 0. -139.590 0. 0. 1. 0.
-0.964 0.267 0. 104.449 -0.267 -0.964 0. -139.913 0. 0. 1. 0.
-0.964 0.265 0. 103.132 -0.265 -0.964 0. -140.329 0. 0. 1. 0.
-0.966 0.259 0. 101.832 -0.259 -0.966 0. -140.616 0. 0. 1. 0.
-0.967 0.254 0. 100.575 -0.254 -0.967 0. -140.913 0. 0. 1. 0.
-0.969 0.249 0. 99.362 -0.249 -0.969 0. -141.176 0. 0. 1. 0.
-0.969 0.245 0. 98.151 -0.245 -0.969 0. -141.435 0. 0. 1. 0.
-0.970 0.245 0. 97.000 -0.245 -0.970 0. -141.750 0. 0. 1. 0.
-0.970 0.242 0. 95.808 -0.242 -0.970 0. -141.953 0. 0. 1. 0.
-0.970 0.243 0. 94.649 -0.243 -0.970 0. -142.222 0. 0. 1. 0.
-0.970 0.242 0. 93.470 -0.242 -0.970 0. -142.464 0. 0. 1. 0.
-0.970 0.243 0. 92.312 -0.243 -0.970 0. -142.767 0. 0. 1. 0.
-0.970 0.243 0. 91.151 -0.243 -0.970 0. -142.967 0. 0. 1. 0.
-0.970 0.242 0. 90.022 -0.242 -0.970 0. -143.270 0. 0. 1. 0.
-0.970 0.243 0. 88.887 -0.243 -0.970 0. -143.547 0. 0. 1. 0.
-0.969 0.246 0. 87.780 -0.246 -0.969 0. -143.843 0. 0. 1. 0.
-0.966 0.258 0. 86.633 -0.258 -0.966 0. -144.081 0. 0. 1. 0.
-0.961 0.275 0. 85.597 -0.275 -0.961 0. -144.444 0. 0. 1. 0.
-0.951 0.309 0. 84.502 -0.309 -0.951 0. -144.754 0. 0. 1. 0.
-0.933 0.361 0. 83.495 -0.361 -0.933 0. -145.114 0. 0. 1. 0.
-0.904 0.427 0. 82.546 -0.427 -0.904 0. -145.665 0. 0. 1. 0.
-0.863 0.505 0. 81.654 -0.505 -0.863 0. -146.276 0. 0. 1. 0.
-0.808 0.589 0. 80.903 -0.589 -0.808 0. -146.843 0. 0. 1. 0.
-0.743 0.669 0. 80.207 -0.669 -0.743 0. -147.544 0. 0. 1. 0.
-0.669 0.743 0. 79.572 -0.743 -0.669 0. -148.292 0. 0. 1. 0.
-0.579 0.815 0. 79.081 -0.815 -0.579 0. -149.179 0. 0. 1. 0.
-0.489 0.872 0. 78.592 -0.872 -0.489 0. -150.035 0. 0. 1. 0.
-0.389 0.921 0. 78.214 -0.921 -0.389 0. -150.998 0. 0. 1. 0.
-0.282 0.959 0. 78.055 -0.959 -0.282 0. -151.963 0. 0. 1. 0.
-0.176 0.984 0. 77.845 -0.984 -0.176 0. -153.004 0. 0. 1. 0.
-0.079 0.997 0. 77.814 -0.997 -0.079 0. -154.053 0. 0. 1. 0.
0.022 1.000 0. 77.896 -1.000 0.022 0. -155.164 0. 0. 1. 0.
0.121 0.993 0. 78.061 -0.993 0.121 0. -156.225 0. 0. 1. 0.
0.215 0.977 0. 78.316 -0.977 0.215 0. -157.339 0. 0. 1. 0.
0.292 0.957 0. 78.635 -0.957 0.292 0. -158.425 0. 0. 1. 0.
0.356 0.934 0. 79.092 -0.934 0.356 0. -159.584 0. 0. 1. 0.
0.409 0.913 0. 79.633 -0.913 0.409 0. -160.713 0. 0. 1. 0.
