1. 0.001 0. 1.062 -0.001 1. 0. 0.066 0. 0. 1. 0.
1. -0.001 0. 1.366 0.001 1. 0. 0.047 0. 0. 1. 0.
1. -0.000 0. 1.688 0.000 1. 0. 0.005 0. 0. 1. 0.
1. -0.000 0. 2.073 0.000 1. 0. 0.002 0. 0. 1. 0.
1. -0.001 0. 2.513 0.001 1. 0. 0.018 0. 0. 1. 0.
1. -0.001 0. 2.980 0.001 1. 0. 0.005 0. 0. 1. 0.
1. -0. 0. 3.535 0. 1. 0. 0.032 0. 0. 1. 0.
1. -0.000 0. 4.119 0.000 1. 0. 0.018 0. 0. 1. 0.
1. -0.001 0. 4.797 0.001 1. 0. -0.008 0. 0. 1. 0.
1. 0.000 0. 5.528 -0.000 1. 0. -0.001 0. 0. 1. 0.
1. 0.001 0. 6.347 -0.001 1. 0. 0.024 0. 0. 1. 0.
1. 0.002 0. 7.238 -0.002 1. 0. 0.017 0. 0. 1. 0.
1. 0.001 0. 8.221 -0.001 1. 0. 0.016 0. 0. 1. 0.
1. 0.002 0. 9.265 -0.002 1. 0. 0.038 0. 0. 1. 0.
1. 0.001 0. 10.377 -0.001 1. 0. 0.032 0. 0. 1. 0.
1. 0.002 0. 11.559 -0.002 1. 0. 0.031 0. 0. 1. 0.
1. 0.003 0. 12.811 -0.003 1. 0. 0.016 0. 0. 1. 0.
1. 0.003 0. 14.148 -0.003 1. 0. 0.006 0. 0. 1. 0.
1. 0.003 0. 15.564 -0.003 1. 0. 0.034 0. 0. 1. 0.
1. 0.001 0. 17.040 -0.001 1. 0. 0.058 0. 0. 1. 0.
1. 0.002 0. 18.562 -0.002 1. 0. 0.017 0. 0. 1. 0.
1. 0.001 0. 20.166 -0.001 1. 0. 0.073 0. 0. 1. 0.
1. 0.002 0. 21.825 -0.002 1. 0. 0.040 0. 0. 1. 0.
1. 0.002 0. 23.567 -0.002 1. 0. 0.049 0. 0. 1. 0.
1. 0.003 0. 25.362 -0.003 1. 0. 0.002 0. 0. 1. 0.
1. 0.004 0. 27.218 -0.004 1. 0. -0.010 0. 0. 1. 0.
1. 0.004 0. 29.119 -0.004 1. 0. -0.024 0. 0. 1. 0.
1. 0.004 0. 31.117 -0.004 1. 0. -0.022 0. 0. 1. 0.
1. 0.005 0. 33.167 -0.005 1. 0. 0.009 0. 0. 1. 0.
1. 0.007 0. 35.278 -0.007 1. 0. 0.020 0. 0. 1. 0.
1. 0.008 0. 37.446 -0.008 1. 0. 0.048 0. 0. 1. 0.
1. 0.008 0. 39.685 -0.008 1. 0. 0.068 0. 0. 1. 0.
1. 0.008 0. 41.965 -0.008 1. 0. 0.039 0. 0. 1. 0.
1. 0.009 0. 44.305 -0.009 1. 0. 0.053 0. 0. 1. 0.
1. 0.010 0. 46.715 -0.010 1. 0. 0.009 0. 0. 1. 0.
1. 0.011 0. 49.177 -0.011 1. 0. -0.028 0. 0. 1. 0.
1. 0.010 0. 51.687 -0.010 1. 0. -0.002 0. 0. 1. 0.
1. 0.009 0. 54.275 -0.009 1. 0. -0.076 0. 0. 1. 0.
1. 0.008 0. 56.878 -0.008 1. 0. -0.060 0. 0. 1. 0.
1. 0.007 0. 59.520 -0.007 1. 0. -0.109 0. 0. 1. 0.
1. 0.004 0. 62.216 -0.004 1. 0. -0.123 0. 0. 1. 0.
1. 0.004 0. 64.903 -0.004 1. 0. -0.126 0. 0. 1. 0.
1. 0.005 0. 67.618 -0.005 1. 0. -0.097 0. 0. 1. 0.
1. 0.005 0. 70.362 -0.005 1. 0. -0.178 0. 0. 1. 0.
1. 0.006 0. 73.149 -0.006 1. 0. -0.213 0. 0. 1. 0.
1. 0.006 0. 75.948 -0.006 1. 0. -0.213 0. 0. 1. 0.
1. 0.007 0. 78.766 -0.007 1. 0. -0.165 0. 0. 1. 0.
1. 0.006 0. 81.621 -0.006 1. 0. -0.166 0. 0. 1. 0.
1. 0.005 0. 84.523 -0.005 1. 0. -0.164 0. 0. 1. 0.
1. 0.006 0. 87.429 -0.006 1. 0. -0.149 0. 0. 1. 0.
1. 0.005 0. 90.359 -0.005 1. 0. -0.133 0. 0. 1. 0.
1. 0.007 0. 93.340 -0.007 1. 0. -0.108 0. 0. 1. 0.
1. 0.006 0. 96.342 -0.006 1. 0. -0.072 0. 0. 1. 0.
1. 0.004 0. 99.381 -0.004 1. 0. -0.078 0. 0. 1. 0.
1. 0.005 0. 102.432 -0.005 1. 0. -0.103 0. 0. 1. 0.
1. 0.005 0. 105.492 -0.005 1. 0. -0.075 0. 0. 1. 0.
1. 0.004 0. 108.591 -0.004 1. 0. -0.100 0. 0. 1. 0.
1. 0.005 0. 111.722 -0.005 1. 0. -0.091 0. 0. 1. 0.
1. 0.006 0. 114.891 -0.006 1. 0. -0.062 0. 0. 1. 0.
1. 0.005 0. 118.026 -0.005 1. 0. -0.061 0. 0. 1. 0.
1. 0.006 0. 121.208 -0.006 1. 0. -0.074 0. 0. 1. 0.
1. 0.005 0. 124.363 -0.005 1. 0. -0.056 0. 0. 1. 0.
1. 0.008 0. 127.525 -0.008 1. 0. -0.003 0. 0. 1. 0.
1. 0.007 0. 130.624 -0.007 1. 0. -0.028 0. 0. 1. 0.
1. 0.007 0. 133.750 -0.007 1. 0. -0.080 0. 0. 1. 0.
1. 0.007 0. 136.871 -0.007 1. 0. -0.054 0. 0. 1. 0.
1. 0.007 0. 139.979 -0.007 1. 0. -0.095 0. 0. 1. 0.
1. 0.006 0. 143.078 -0.006 1. 0. -0.083 0. 0. 1. 0.
1. 0.006 0. 146.192 -0.006 1. 0. -0.092 0. 0. 1. 0.
1. 0.009 0. 149.306 -0.009 1. 0. -0.114 0. 0. 1. 0.
1. 0.007 0. 152.411 -0.007 1. 0. -0.145 0. 0. 1. 0.
1. 0.008 0. 155.528 -0.008 1. 0. -0.264 0. 0. 1. 0.
1. 0.007 0. 158.634 -0.007 1. 0. -0.173 0. 0. 1. 0.
1. 0.006 0. 161.748 -0.006 1. 0. -0.257 0. 0. 1. 0.
1. 0.005 0. 164.853 -0.005 1. 0. -0.222 0. 0. 1. 0.
1. 0.007 0. 167.972 -0.007 1. 0. -0.281 0. 0. 1. 0.
1. 0.007 0. 171.086 -0.007 1. 0. -0.245 0. 0. 1. 0.
1. 0.003 0. 174.203 -0.003 1. 0. -0.359 0. 0. 1. 0.
1. 0.003 0. 177.330 -0.003 1. 0. -0.292 0. 0. 1. 0.
1. 0.006 0. 180.460 -0.006 1. 0. -0.242 0. 0. 1. 0.
1. 0.004 0. 183.606 -0.004 1. 0. -0.200 0. 0. 1. 0.
1. 0.004 0. 186.794 -0.004 1. 0. -0.179 0. 0. 1. 0.
1. 0.005 0. 189.995 -0.005 1. 0. -0.199 0. 0. 1. 0.
1. 0.006 0. 193.179 -0.006 1. 0. -0.065 0. 0. 1. 0.
1. 0.005 0. 196.433 -0.005 1. 0. -0.064 0. 0. 1. 0.
1. 0.005 0. 199.700 -0.005 1. 0. -0.057 0. 0. 1. 0.
1. 0.006 0. 202.991 -0.006 1. 0. -0.011 0. 0. 1. 0.
1. 0.005 0. 206.275 -0.005 1. 0. -0.018 0. 0. 1. 0.
1. 0.005 0. 209.566 -0.005 1. 0. -0.063 0. 0. 1. 0.
1. 0.004 0. 212.907 -0.004 1. 0. -0.129 0. 0. 1. 0.
1. 0.003 0. 216.274 -0.003 1. 0. -0.085 0. 0. 1. 0.
1. 0.003 0. 219.640 -0.003 1. 0. -0.128 0. 0. 1. 0.
1. 0.004 0. 223.030 -0.004 1. 0. -0.078 0. 0. 1. 0.
1. 0.004 0. 226.445 -0.004 1. 0. -0.038 0. 0. 1. 0.
1. 0.006 0. 229.856 -0.006 1. 0. 0.087 0. 0. 1. 0.
1. 0.005 0. 233.300 -0.005 1. 0. 0.101 0. 0. 1. 0.
1. 0.006 0. 236.775 -0.006 1. 0. 0.122 0. 0. 1. 0.
1. 0.007 0. 240.246 -0.007 1. 0. 0.197 0. 0. 1. 0.
1. 0.007 0. 243.759 -0.007 1. 0. 0.202 0. 0. 1. 0.
1. 0.006 0. 247.219 -0.006 1. 0. 0.139 0. 0. 1. 0.
1. 0.008 0. 250.717 -0.008 1. 0. 0.205 0. 0. 1. 0.
1. 0.006 0. 254.202 -0.006 1. 0. 0.230 0. 0. 1. 0.
1. 0.007 0. 257.652 -0.007 1. 0. 0.226 0. 0. 1. 0.
1. 0.008 0. 261.134 -0.008 1. 0. 0.230 0. 0. 1. 0.
1. 0.007 0. 264.630 -0.007 1. 0. 0.184 0. 0. 1. 0.
1. 0.006 0. 268.099 -0.006 1. 0. 0.195 0. 0. 1. 0.
1. 0.003 0. 271.595 -0.003 1. 0. 0.228 0. 0. 1. 0.
1. -0.000 0. 275.114 0.000 1. 0. 0.326 0. 0. 1. 0.
1. -0.002 0. 278.612 0.002 1. 0. 0.294 0. 0. 1. 0.
1. -0.003 0. 282.123 0.003 1. 0. 0.301 0. 0. 1. 0.
1. -0.003 0. 285.639 0.003 1. 0. 0.468 0. 0. 1. 0.
1. -0.009 0. 289.119 0.009 1. 0. 0.411 0. 0. 1. 0.
1. -0.009 0. 292.576 0.009 1. 0. 0.418 0. 0. 1. 0.
1. -0.011 0. 296.011 0.011 1. 0. 0.476 0. 0. 1. 0.
1.000 -0.014 0. 299.447 0.014 1.000 0. 0.592 0. 0. 1. 0.
1.000 -0.017 0. 302.865 0.017 1.000 0. 0.759 0. 0. 1. 0.
1.000 -0.023 0. 306.263 0.023 1.000 0. 0.836 0. 0. 1. 0.
1.000 -0.026 0. 309.641 0.026 1.000 0. 0.950 0. 0. 1. 0.
0.999 -0.032 0. 312.996 0.032 0.999 0. 1.034 0. 0. 1. 0.
0.999 -0.034 0. 316.309 0.034 0.999 0. 1.198 0. 0. 1. 0.
0.999 -0.040 0. 319.587 0.040 0.999 0. 1.345 0. 0. 1. 0.
0.999 -0.045 0. 322.886 0.045 0.999 0. 1.596 0. 0. 1. 0.
0.999 -0.050 0. 326.140 0.050 0.999 0. 1.671 0. 0. 1. 0.
0.998 -0.055 0. 329.381 0.055 0.998 0. 1.874 0. 0. 1. 0.
0.998 -0.059 0. 332.600 0.059 0.998 0. 2.066 0. 0. 1. 0.
0.998 -0.061 0. 335.821 0.061 0.998 0. 2.282 0. 0. 1. 0.
0.998 -0.059 0. 338.980 0.059 0.998 0. 2.555 0. 0. 1. 0.
0.998 -0.055 0. 342.078 0.055 0.998 0. 2.727 0. 0. 1. 0.
0.999 -0.048 0. 345.167 0.048 0.999 0. 2.985 0. 0. 1. 0.
0.999 -0.044 0. 348.216 0.044 0.999 0. 3.138 0. 0. 1. 0.
0.999 -0.038 0. 351.241 0.038 0.999 0. 3.398 0. 0. 1. 0.
1.000 -0.030 0. 354.252 0.030 1.000 0. 3.504 0. 0. 1. 0.
1.000 -0.023 0. 357.200 0.023 1.000 0. 3.571 0. 0. 1. 0.
1.000 -0.015 0. 360.110 0.015 1.000 0. 3.640 0. 0. 1. 0.
1. -0.009 0. 362.961 0.009 1. 0. 3.704 0. 0. 1. 0.
1. -0.006 0. 365.760 0.006 1. 0. 3.756 0. 0. 1. 0.
1. -0.006 0. 368.441 0.006 1. 0. 3.802 0. 0. 1. 0.
1. -0.005 0. 371.070 0.005 1. 0. 3.853 0. 0. 1. 0.
1. -0.006 0. 373.625 0.006 1. 0. 3.852 0. 0. 1. 0.
1. -0.002 0. 376.060 0.002 1. 0. 3.910 0. 0. 1. 0.
1. -0.002 0. 378.392 0.002 1. 0. 3.945 0. 0. 1. 0.
1. 0.001 0. 380.620 -0.001 1. 0. 3.957 0. 0. 1. 0.
1. 0.002 0. 382.770 -0.002 1. 0. 3.984 0. 0. 1. 0.
1. 0.001 0. 384.785 -0.001 1. 0. 3.983 0. 0. 1. 0.
1. -0. 0. 386.719 0. 1. 0. 3.942 0. 0. 1. 0.
1. 0.000 0. 388.559 -0.000 1. 0. 4.022 0. 0. 1. 0.
1. -0.001 0. 390.289 0.001 1. 0. 4.080 0. 0. 1. 0.
1. -0.002 0. 391.938 0.002 1. 0. 4.076 0. 0. 1. 0.
1. -0.002 0. 393.494 0.002 1. 0. 4.072 0. 0. 1. 0.
1. -0.002 0. 394.985 0.002 1. 0. 4.075 0. 0. 1. 0.
1. -0.001 0. 396.401 0.001 1. 0. 4.107 0. 0. 1. 0.
1. -0.004 0. 397.712 0.004 1. 0. 4.082 0. 0. 1. 0.
1. -0.000 0. 398.863 0.000 1. 0. 4.151 0. 0. 1. 0.
1. -0.002 0. 399.898 0.002 1. 0. 4.161 0. 0. 1. 0.
1. -0.002 0. 400.869 0.002 1. 0. 4.127 0. 0. 1. 0.
1. -0.003 0. 401.669 0.003 1. 0. 4.127 0. 0. 1. 0.
1. -0.002 0. 402.368 0.002 1. 0. 4.156 0. 0. 1. 0.
1. -0.002 0. 402.947 0.002 1. 0. 4.138 0. 0. 1. 0.
1. -0.001 0. 403.431 0.001 1. 0. 4.116 0. 0. 1. 0.
1. -0.001 0. 403.811 0.001 1. 0. 4.149 0. 0. 1. 0.
1. -0.001 0. 404.128 0.001 1. 0. 4.100 0. 0. 1. 0.
1. -0.001 0. 404.309 0.001 1. 0. 4.149 0. 0. 1. 0.
1. -0.001 0. 404.420 0.001 1. 0. 4.121 0. 0. 1. 0.
1. -0.000 0. 404.492 0.000 1. 0. 4.117 0. 0. 1. 0.
1. -0. 0. 404.539 0. 1. 0. 4.121 0. 0. 1. 0.
1. 0. 0. 404.557 -0. 1. 0. 4.119 0. 0. 1. 0.
1. 0.001 0. 404.548 -0.001 1. 0. 4.111 0. 0. 1. 0.
1. 0.000 0. 404.559 -0.000 1. 0. 4.114 0. 0. 1. 0.
1. 0.000 0. 404.554 -0.000 1. 0. 4.101 0. 0. 1. 0.
1. 0.001 0. 404.552 -0.001 1. 0. 4.118 0. 0. 1. 0.
1. 0.000 0. 404.559 -0.000 1. 0. 4.120 0. 0. 1. 0.
1. 0.001 0. 404.548 -0.001 1. 0. 4.113 0. 0. 1. 0.
1. 0.000 0. 404.557 -0.000 1. 0. 4.123 0. 0. 1. 0.
1. 0.001 0. 404.553 -0.001 1. 0. 4.129 0. 0. 1. 0.
1. 0.000 0. 404.548 -0.000 1. 0. 4.112 0. 0. 1. 0.
1. 0.001 0. 404.557 -0.001 1. 0. 4.130 0. 0. 1. 0.
1. 0.001 0. 404.549 -0.001 1. 0. 4.108 0. 0. 1. 0.
1. 0.001 0. 404.556 -0.001 1. 0. 4.128 0. 0. 1. 0.
1. 0.001 0. 404.549 -0.001 1. 0. 4.112 0. 0. 1. 0.
1. 0.001 0. 404.550 -0.001 1. 0. 4.124 0. 0. 1. 0.
1. 0.001 0. 404.550 -0.001 1. 0. 4.125 0. 0. 1. 0.
1. 0.001 0. 404.557 -0.001 1. 0. 4.117 0. 0. 1. 0.
1. 0.001 0. 404.561 -0.001 1. 0. 4.122 0. 0. 1. 0.
1. 0.001 0. 404.549 -0.001 1. 0. 4.114 0. 0. 1. 0.
1. 0.000 0. 404.554 -0.000 1. 0. 4.124 0. 0. 1. 0.
1. 0.001 0. 404.552 -0.001 1. 0. 4.113 0. 0. 1. 0.
1. 0.001 0. 404.559 -0.001 1. 0. 4.116 0. 0. 1. 0.
1. 0.000 0. 404.553 -0.000 1. 0. 4.116 0. 0. 1. 0.
1. 0.000 0. 404.551 -0.000 1. 0. 4.143 0. 0. 1. 0.
1. 0.001 0. 404.547 -0.001 1. 0. 4.124 0. 0. 1. 0.
1. 0.000 0. 404.538 -0.000 1. 0. 4.128 0. 0. 1. 0.
1. 0.001 0. 404.553 -0.001 1. 0. 4.118 0. 0. 1. 0.
1. 0.001 0. 404.546 -0.001 1. 0. 4.133 0. 0. 1. 0.
1. 0.001 0. 404.552 -0.001 1. 0. 4.127 0. 0. 1. 0.
1. 0.000 0. 404.552 -0.000 1. 0. 4.124 0. 0. 1. 0.
1. 0.001 0. 404.545 -0.001 1. 0. 4.136 0. 0. 1. 0.
1. 0.001 0. 404.551 -0.001 1. 0. 4.135 0. 0. 1. 0.
1. 0.001 0. 404.564 -0.001 1. 0. 4.120 0. 0. 1. 0.
1. 0.000 0. 404.552 -0.000 1. 0. 4.133 0. 0. 1. 0.
1. 0.000 0. 404.556 -0.000 1. 0. 4.122 0. 0. 1. 0.
1. 0.000 0. 404.552 -0.000 1. 0. 4.119 0. 0. 1. 0.
1. 0.001 0. 404.551 -0.001 1. 0. 4.132 0. 0. 1. 0.
1. 0.001 0. 404.545 -0.001 1. 0. 4.137 0. 0. 1. 0.
1. 0.001 0. 404.554 -0.001 1. 0. 4.129 0. 0. 1. 0.
1. 0.001 0. 404.549 -0.001 1. 0. 4.129 0. 0. 1. 0.
1. 0.001 0. 404.543 -0.001 1. 0. 4.135 0. 0. 1. 0.
1. 0.001 0. 404.552 -0.001 1. 0. 4.139 0. 0. 1. 0.
1. 0.000 0. 404.548 -0.000 1. 0. 4.131 0. 0. 1. 0.
1. 0.001 0. 404.558 -0.001 1. 0. 4.123 0. 0. 1. 0.
1. 0.000 0. 404.550 -0.000 1. 0. 4.121 0. 0. 1. 0.
1. 0.000 0. 404.560 -0.000 1. 0. 4.112 0. 0. 1. 0.
1. 0.001 0. 404.543 -0.001 1. 0. 4.118 0. 0. 1. 0.
1. 0.000 0. 404.549 -0.000 1. 0. 4.108 0. 0. 1. 0.
1. 0.000 0. 404.548 -0.000 1. 0. 4.117 0. 0. 1. 0.
1. 0.000 0. 404.556 -0.000 1. 0. 4.120 0. 0. 1. 0.
1. 0.000 0. 404.550 -0.000 1. 0. 4.115 0. 0. 1. 0.
1. 0.000 0. 404.543 -0.000 1. 0. 4.126 0. 0. 1. 0.
1. 0.000 0. 404.555 -0.000 1. 0. 4.117 0. 0. 1. 0.
1. 0.000 0. 404.549 -0.000 1. 0. 4.119 0. 0. 1. 0.
1. 0.000 0. 404.549 -0.000 1. 0. 4.118 0. 0. 1. 0.
1. 0.000 0. 404.540 -0.000 1. 0. 4.140 0. 0. 1. 0.
1. 0.000 0. 404.548 -0.000 1. 0. 4.122 0. 0. 1. 0.
1. 0.000 0. 404.543 -0.000 1. 0. 4.125 0. 0. 1. 0.
1. 0. 0. 404.557 -0. 1. 0. 4.127 0. 0. 1. 0.
1. 0.000 0. 404.550 -0.000 1. 0. 4.116 0. 0. 1. 0.
1. 0. 0. 404.545 -0. 1. 0. 4.128 0. 0. 1. 0.
1. 0. 0. 404.550 -0. 1. 0. 4.117 0. 0. 1. 0.
1. 0.000 0. 404.549 -0.000 1. 0. 4.138 0. 0. 1. 0.
1. 0.000 0. 404.547 -0.000 1. 0. 4.128 0. 0. 1. 0.
1. 0. 0. 404.555 -0. 1. 0. 4.134 0. 0. 1. 0.
1. 0. 0. 404.546 -0. 1. 0. 4.129 0. 0. 1. 0.
1. 0. 0. 404.547 -0. 1. 0. 4.109 0. 0. 1. 0.
1. 0.000 0. 404.543 -0.000 1. 0. 4.118 0. 0. 1. 0.
1. -0.000 0. 404.545 0.000 1. 0. 4.139 0. 0. 1. 0.
1. 0.000 0. 404.551 -0.000 1. 0. 4.133 0. 0. 1. 0.
1. 0. 0. 404.544 -0. 1. 0. 4.141 0. 0. 1. 0.
1. 0.000 0. 404.547 -0.000 1. 0. 4.108 0. 0. 1. 0.
1. 0.000 0. 404.546 -0.000 1. 0. 4.121 0. 0. 1. 0.
1. 0.001 0. 404.549 -0.001 1. 0. 4.116 0. 0. 1. 0.
1. 0.001 0. 404.546 -0.001 1. 0. 4.135 0. 0. 1. 0.
1. 0.001 0. 404.549 -0.001 1. 0. 4.128 0. 0. 1. 0.
1. 0.000 0. 404.547 -0.000 1. 0. 4.132 0. 0. 1. 0.
1. 0. 0. 404.550 -0. 1. 0. 4.141 0. 0. 1. 0.
1. 0.001 0. 404.542 -0.001 1. 0. 4.127 0. 0. 1. 0.
1. 0. 0. 404.552 -0. 1. 0. 4.126 0. 0. 1. 0.
1. 0.001 0. 404.549 -0.001 1. 0. 4.121 0. 0. 1. 0.
1. 0.000 0. 404.551 -0.000 1. 0. 4.115 0. 0. 1. 0.
1. 0.000 0. 404.546 -0.000 1. 0. 4.134 0. 0. 1. 0.
1. -0.000 0. 404.543 0.000 1. 0. 4.128 0. 0. 1. 0.
1. -0.000 0. 404.546 0.000 1. 0. 4.128 0. 0. 1. 0.
1. 0.000 0. 404.541 -0.000 1. 0. 4.123 0. 0. 1. 0.
1. 0.000 0. 404.538 -0.000 1. 0. 4.147 0. 0. 1. 0.
1. 0.000 0. 404.546 -0.000 1. 0. 4.137 0. 0. 1. 0.
1. 0.001 0. 404.543 -0.001 1. 0. 4.128 0. 0. 1. 0.
1. 0.001 0. 404.541 -0.001 1. 0. 4.120 0. 0. 1. 0.
1. 0.001 0. 404.552 -0.001 1. 0. 4.115 0. 0. 1. 0.
1. 0.000 0. 404.555 -0.000 1. 0. 4.109 0. 0. 1. 0.
1. 0.001 0. 404.547 -0.001 1. 0. 4.107 0. 0. 1. 0.
1. 0.000 0. 404.540 -0.000 1. 0. 4.118 0. 0. 1. 0.
1. 0.000 0. 404.550 -0.000 1. 0. 4.118 0. 0. 1. 0.
1. 0. 0. 404.538 -0. 1. 0. 4.107 0. 0. 1. 0.
1. 0.000 0. 404.544 -0.000 1. 0. 4.126 0. 0. 1. 0.
1. 0.000 0. 404.554 -0.000 1. 0. 4.114 0. 0. 1. 0.
1. 0.000 0. 404.559 -0.000 1. 0. 4.111 0. 0. 1. 0.
1. 0.000 0. 404.551 -0.000 1. 0. 4.103 0. 0. 1. 0.
1. 0.001 0. 404.561 -0.001 1. 0. 4.109 0. 0. 1. 0.
1. 0.001 0. 404.547 -0.001 1. 0. 4.122 0. 0. 1. 0.
1. 0.001 0. 404.554 -0.001 1. 0. 4.119 0. 0. 1. 0.
1. 0.000 0. 404.557 -0.000 1. 0. 4.117 0. 0. 1. 0.
1. 0.000 0. 404.558 -0.000 1. 0. 4.112 0. 0. 1. 0.
1. 0.001 0. 404.552 -0.001 1. 0. 4.116 0. 0. 1. 0.
1. 0.000 0. 404.558 -0.000 1. 0. 4.116 0. 0. 1. 0.
1. 0.001 0. 404.555 -0.001 1. 0. 4.130 0. 0. 1. 0.
1. 0.001 0. 404.548 -0.001 1. 0. 4.114 0. 0. 1. 0.
1. -0. 0. 404.558 0. 1. 0. 4.107 0. 0. 1. 0.
1. 0.000 0. 404.553 -0.000 1. 0. 4.097 0. 0. 1. 0.
1. 0.000 0. 404.556 -0.000 1. 0. 4.117 0. 0. 1. 0.
1. 0.000 0. 404.560 -0.000 1. 0. 4.109 0. 0. 1. 0.
1. 0. 0. 404.559 -0. 1. 0. 4.109 0. 0. 1. 0.
1. 0.001 0. 404.550 -0.001 1. 0. 4.129 0. 0. 1. 0.
1. 0.001 0. 404.550 -0.001 1. 0. 4.119 0. 0. 1. 0.
1. 0.000 0. 404.562 -0.000 1. 0. 4.125 0. 0. 1. 0.
1. 0.000 0. 404.555 -0.000 1. 0. 4.110 0. 0. 1. 0.
1. 0. 0. 404.563 -0. 1. 0. 4.111 0. 0. 1. 0.
1. 0.000 0. 404.556 -0.000 1. 0. 4.115 0. 0. 1. 0.
1. 0.000 0. 404.550 -0.000 1. 0. 4.124 0. 0. 1. 0.
1. 0.000 0. 404.556 -0.000 1. 0. 4.119 0. 0. 1. 0.
1. 0.000 0. 404.558 -0.000 1. 0. 4.113 0. 0. 1. 0.
1. 0.000 0. 404.560 -0.000 1. 0. 4.114 0. 0. 1. 0.
1. 0.001 0. 404.557 -0.001 1. 0. 4.128 0. 0. 1. 0.
1. 0.001 0. 404.559 -0.001 1. 0. 4.109 0. 0. 1. 0.
1. 0.001 0. 404.556 -0.001 1. 0. 4.121 0. 0. 1. 0.
1. 0.001 0. 404.567 -0.001 1. 0. 4.115 0. 0. 1. 0.
1. 0.001 0. 404.616 -0.001 1. 0. 4.148 0. 0. 1. 0.
1. -0.001 0. 404.697 0.001 1. 0. 4.127 0. 0. 1. 0.
1. 0. 0. 404.814 -0. 1. 0. 4.149 0. 0. 1. 0.
1. 0.000 0. 405.020 -0.000 1. 0. 4.178 0. 0. 1. 0.
1. -0.000 0. 405.273 0.000 1. 0. 4.152 0. 0. 1. 0.
1. -0.000 0. 405.600 0.000 1. 0. 4.160 0. 0. 1. 0.
1. 0.002 0. 406.042 -0.002 1. 0. 4.131 0. 0. 1. 0.
1. 0.002 0. 406.550 -0.002 1. 0. 4.120 0. 0. 1. 0.
1. 0.003 0. 407.150 -0.003 1. 0. 4.147 0. 0. 1. 0.
1. 0.003 0. 407.821 -0.003 1. 0. 4.151 0. 0. 1. 0.
1. 0.004 0. 408.609 -0.004 1. 0. 4.142 0. 0. 1. 0.
1. 0.004 0. 409.471 -0.004 1. 0. 4.150 0. 0. 1. 0.
1. 0.004 0. 410.418 -0.004 1. 0. 4.164 0. 0. 1. 0.
1. 0.005 0. 411.450 -0.005 1. 0. 4.162 0. 0. 1. 0.
1. 0.005 0. 412.544 -0.005 1. 0. 4.160 0. 0. 1. 0.
1. 0.006 0. 413.707 -0.006 1. 0. 4.179 0. 0. 1. 0.
1. 0.007 0. 414.930 -0.007 1. 0. 4.184 0. 0. 1. 0.
1. 0.008 0. 416.235 -0.008 1. 0. 4.174 0. 0. 1. 0.
1. 0.009 0. 417.583 -0.009 1. 0. 4.137 0. 0. 1. 0.
1. 0.010 0. 418.958 -0.010 1. 0. 4.104 0. 0. 1. 0.
1. 0.010 0. 420.379 -0.010 1. 0. 4.115 0. 0. 1. 0.
1. 0.011 0. 421.794 -0.011 1. 0. 4.104 0. 0. 1. 0.
1. 0.011 0. 423.272 -0.011 1. 0. 4.088 0. 0. 1. 0.
1. 0.011 0. 424.740 -0.011 1. 0. 4.083 0. 0. 1. 0.
1. 0.011 0. 426.212 -0.011 1. 0. 4.063 0. 0. 1. 0.
1. 0.009 0. 427.622 -0.009 1. 0. 4.048 0. 0. 1. 0.
1. 0.008 0. 429.067 -0.008 1. 0. 4.048 0. 0. 1. 0.
1. -0.001 0. 430.446 0.001 1. 0. 4.027 0. 0. 1. 0.
1.000 -0.017 0. 431.850 0.017 1.000 0. 4.049 0. 0. 1. 0.
0.999 -0.038 0. 433.233 0.038 0.999 0. 4.130 0. 0. 1. 0.
0.998 -0.067 0. 434.590 0.067 0.998 0. 4.235 0. 0. 1. 0.
0.995 -0.099 0. 435.946 0.099 0.995 0. 4.385 0. 0. 1. 0.
0.990 -0.139 0. 437.257 0.139 0.990 0. 4.655 0. 0. 1. 0.
0.983 -0.186 0. 438.576 0.186 0.983 0. 4.975 0. 0. 1. 0.
0.971 -0.239 0. 439.861 0.239 0.971 0. 5.329 0. 0. 1. 0.
0.955 -0.297 0. 441.123 0.297 0.955 0. 5.766 0. 0. 1. 0.
0.934 -0.357 0. 442.318 0.357 0.934 0. 6.303 0. 0. 1. 0.
0.907 -0.421 0. 443.481 0.421 0.907 0. 6.943 0. 0. 1. 0.
0.872 -0.490 0. 444.594 0.490 0.872 0. 7.647 0. 0. 1. 0.
0.829 -0.559 0. 445.661 0.559 0.829 0. 8.474 0. 0. 1. 0.
0.778 -0.628 0. 446.629 0.628 0.778 0. 9.383 0. 0. 1. 0.
0.720 -0.694 0. 447.524 0.694 0.720 0. 10.394 0. 0. 1. 0.
0.658 -0.753 0. 448.374 0.753 0.658 0. 11.479 0. 0. 1. 0.
0.593 -0.805 0. 449.094 0.805 0.593 0. 12.653 0. 0. 1. 0.
0.533 -0.846 0. 449.848 0.846 0.533 0. 13.890 0. 0. 1. 0.
0.467 -0.884 0. 450.421 0.884 0.467 0. 15.217 0. 0. 1. 0.
0.402 -0.916 0. 450.935 0.916 0.402 0. 16.567 0. 0. 1. 0.
0.331 -0.944 0. 451.337 0.944 0.331 0. 17.950 0. 0. 1. 0.
0.257 -0.966 0. 451.666 0.966 0.257 0. 19.534 0. 0. 1. 0.
0.184 -0.983 0. 451.857 0.983 0.184 0. 21.120 0. 0. 1. 0.
0.130 -0.992 0. 451.963 0.992 0.130 0. 22.785 0. 0. 1. 0.
0.098 -0.995 0. 452.082 0.995 0.098 0. 24.463 0. 0. 1. 0.
0.071 -0.997 0. 452.277 0.997 0.071 0. 26.164 0. 0. 1. 0.
0.047 -0.999 0. 452.302 0.999 0.047 0. 27.966 0. 0. 1. 0.
0.023 -1.000 0. 452.341 1.000 0.023 0. 29.794 0. 0. 1. 0.
0.011 -1. 0. 452.331 1. 0.011 0. 31.719 0. 0. 1. 0.
0.003 -1. 0. 452.378 1. 0.003 0. 33.623 0. 0. 1. 0.
-0.002 -1. 0. 452.357 1. -0.002 0. 35.628 0. 0. 1. 0.
-0.003 -1. 0. 452.350 1. -0.003 0. 37.683 0. 0. 1. 0.
-0.004 -1. 0. 452.327 1. -0.004 0. 39.764 0. 0. 1. 0.
-0.005 -1. 0. 452.293 1. -0.005 0. 41.894 0. 0. 1. 0.
-0.006 -1. 0. 452.279 1. -0.006 0. 44.076 0. 0. 1. 0.
-0.005 -1. 0. 452.274 1. -0.005 0. 46.281 0. 0. 1. 0.
-0.003 -1. 0. 452.271 1. -0.003 0. 48.532 0. 0. 1. 0.
-0. -1. 0. 452.264 1. -0. 0. 50.820 0. 0. 1. 0.
0.002 -1. 0. 452.269 1. 0.002 0. 53.151 0. 0. 1. 0.
0.005 -1. 0. 452.252 1. 0.005 0. 55.535 0. 0. 1. 0.
0.008 -1. 0. 452.291 1. 0.008 0. 57.944 0. 0. 1. 0.
0.009 -1. 0. 452.285 1. 0.009 0. 60.415 0. 0. 1. 0.
0.010 -1. 0. 452.272 1. 0.010 0. 62.906 0. 0. 1. 0.
0.009 -1. 0. 452.310 1. 0.009 0. 65.412 0. 0. 1. 0.
0.009 -1. 0. 452.368 1. 0.009 0. 67.978 0. 0. 1. 0.
0.007 -1. 0. 452.377 1. 0.007 0. 70.541 0. 0. 1. 0.
0.007 -1. 0. 452.378 1. 0.007 0. 73.149 0. 0. 1. 0.
0.006 -1. 0. 452.398 1. 0.006 0. 75.790 0. 0. 1. 0.
0.004 -1. 0. 452.423 1. 0.004 0. 78.431 0. 0. 1. 0.
0.003 -1. 0. 452.402 1. 0.003 0. 81.129 0. 0. 1. 0.
0.002 -1. 0. 452.398 1. 0.002 0. 83.856 0. 0. 1. 0.
0.002 -1. 0. 452.413 1. 0.002 0. 86.613 0. 0. 1. 0.
0.001 -1. 0. 452.415 1. 0.001 0. 89.388 0. 0. 1. 0.
-0. -1. 0. 452.415 1. -0. 0. 92.187 0. 0. 1. 0.
-0.001 -1. 0. 452.412 1. -0.001 0. 95.009 0. 0. 1. 0.
-0.001 -1. 0. 452.420 1. -0.001 0. 97.860 0. 0. 1. 0.
-0.002 -1. 0. 452.414 1. -0.002 0. 100.723 0. 0. 1. 0.
-0.002 -1. 0. 452.377 1. -0.002 0. 103.608 0. 0. 1. 0.
-0.004 -1. 0. 452.371 1. -0.004 0. 106.528 0. 0. 1. 0.
-0.005 -1. 0. 452.350 1. -0.005 0. 109.391 0. 0. 1. 0.
-0.006 -1. 0. 452.329 1. -0.006 0. 112.253 0. 0. 1. 0.
-0.005 -1. 0. 452.269 1. -0.005 0. 115.087 0. 0. 1. 0.
-0.007 -1. 0. 452.276 1. -0.007 0. 117.961 0. 0. 1. 0.
-0.007 -1. 0. 452.225 1. -0.007 0. 120.815 0. 0. 1. 0.
-0.008 -1. 0. 452.211 1. -0.008 0. 123.690 0. 0. 1. 0.
-0.008 -1. 0. 452.157 1. -0.008 0. 126.587 0. 0. 1. 0.
-0.008 -1. 0. 452.150 1. -0.008 0. 129.497 0. 0. 1. 0.
-0.009 -1. 0. 452.127 1. -0.009 0. 132.419 0. 0. 1. 0.
-0.010 -1. 0. 452.091 1. -0.010 0. 135.362 0. 0. 1. 0.
-0.013 -1. 0. 452.034 1. -0.013 0. 138.298 0. 0. 1. 0.
-0.017 -1.000 0. 452.004 1.000 -0.017 0. 141.282 0. 0. 1. 0.
-0.021 -1.000 0. 451.967 1.000 -0.021 0. 144.252 0. 0. 1. 0.
-0.025 -1.000 0. 451.854 1.000 -0.025 0. 147.241 0. 0. 1. 0.
-0.030 -1.000 0. 451.726 1.000 -0.030 0. 150.211 0. 0. 1. 0.
-0.033 -0.999 0. 451.652 0.999 -0.033 0. 153.221 0. 0. 1. 0.
-0.035 -0.999 0. 451.547 0.999 -0.035 0. 156.200 0. 0. 1. 0.
-0.039 -0.999 0. 451.418 0.999 -0.039 0. 159.184 0. 0. 1. 0.
-0.041 -0.999 0. 451.344 0.999 -0.041 0. 162.191 0. 0. 1. 0.
-0.044 -0.999 0. 451.137 0.999 -0.044 0. 165.187 0. 0. 1. 0.
-0.045 -0.999 0. 451.021 0.999 -0.045 0. 168.158 0. 0. 1. 0.
-0.050 -0.999 0. 450.892 0.999 -0.050 0. 171.157 0. 0. 1. 0.
-0.054 -0.999 0. 450.725 0.999 -0.054 0. 174.180 0. 0. 1. 0.
-0.054 -0.999 0. 450.563 0.999 -0.054 0. 177.104 0. 0. 1. 0.
-0.056 -0.998 0. 450.310 0.998 -0.056 0. 180.056 0. 0. 1. 0.
-0.058 -0.998 0. 450.148 0.998 -0.058 0. 182.967 0. 0. 1. 0.
-0.058 -0.998 0. 449.957 0.998 -0.058 0. 185.912 0. 0. 1. 0.
-0.057 -0.998 0. 449.835 0.998 -0.057 0. 188.809 0. 0. 1. 0.
-0.051 -0.999 0. 449.615 0.999 -0.051 0. 191.734 0. 0. 1. 0.
-0.044 -0.999 0. 449.517 0.999 -0.044 0. 194.533 0. 0. 1. 0.
-0.039 -0.999 0. 449.410 0.999 -0.039 0. 197.350 0. 0. 1. 0.
-0.033 -0.999 0. 449.292 0.999 -0.033 0. 200.153 0. 0. 1. 0.
-0.027 -1.000 0. 449.204 1.000 -0.027 0. 202.928 0. 0. 1. 0.
-0.021 -1.000 0. 449.139 1.000 -0.021 0. 205.658 0. 0. 1. 0.
-0.013 -1. 0. 449.053 1. -0.013 0. 208.375 0. 0. 1. 0.
-0.009 -1. 0. 449.045 1. -0.009 0. 211.032 0. 0. 1. 0.
-0.007 -1. 0. 449.028 1. -0.007 0. 213.725 0. 0. 1. 0.
-0.006 -1. 0. 448.988 1. -0.006 0. 216.303 0. 0. 1. 0.
-0.009 -1. 0. 448.916 1. -0.009 0. 218.910 0. 0. 1. 0.
-0.011 -1. 0. 448.891 1. -0.011 0. 221.391 0. 0. 1. 0.
-0.014 -1.000 0. 448.846 1.000 -0.014 0. 223.913 0. 0. 1. 0.
-0.018 -1.000 0. 448.804 1.000 -0.018 0. 226.309 0. 0. 1. 0.
-0.021 -1.000 0. 448.698 1.000 -0.021 0. 228.683 0. 0. 1. 0.
-0.021 -1.000 0. 448.647 1.000 -0.021 0. 230.973 0. 0. 1. 0.
-0.022 -1.000 0. 448.607 1.000 -0.022 0. 233.196 0. 0. 1. 0.
-0.023 -1.000 0. 448.533 1.000 -0.023 0. 235.347 0. 0. 1. 0.
-0.023 -1.000 0. 448.455 1.000 -0.023 0. 237.397 0. 0. 1. 0.
-0.022 -1.000 0. 448.398 1.000 -0.022 0. 239.428 0. 0. 1. 0.
-0.021 -1.000 0. 448.353 1.000 -0.021 0. 241.373 0. 0. 1. 0.
-0.020 -1.000 0. 448.290 1.000 -0.020 0. 243.259 0. 0. 1. 0.
-0.019 -1.000 0. 448.236 1.000 -0.019 0. 245.141 0. 0. 1. 0.
-0.019 -1.000 0. 448.212 1.000 -0.019 0. 246.986 0. 0. 1. 0.
-0.021 -1.000 0. 448.158 1.000 -0.021 0. 248.816 0. 0. 1. 0.
-0.023 -1.000 0. 448.138 1.000 -0.023 0. 250.612 0. 0. 1. 0.
-0.025 -1.000 0. 448.052 1.000 -0.025 0. 252.364 0. 0. 1. 0.
-0.029 -1.000 0. 447.990 1.000 -0.029 0. 254.158 0. 0. 1. 0.
-0.032 -0.999 0. 447.948 0.999 -0.032 0. 255.882 0. 0. 1. 0.
-0.034 -0.999 0. 447.834 0.999 -0.034 0. 257.599 0. 0. 1. 0.
-0.038 -0.999 0. 447.719 0.999 -0.038 0. 259.331 0. 0. 1. 0.
-0.043 -0.999 0. 447.671 0.999 -0.043 0. 261.006 0. 0. 1. 0.
-0.045 -0.999 0. 447.519 0.999 -0.045 0. 262.700 0. 0. 1. 0.
-0.048 -0.999 0. 447.461 0.999 -0.048 0. 264.323 0. 0. 1. 0.
-0.051 -0.999 0. 447.329 0.999 -0.051 0. 266.028 0. 0. 1. 0.
-0.057 -0.998 0. 447.253 0.998 -0.057 0. 267.667 0. 0. 1. 0.
-0.061 -0.998 0. 447.116 0.998 -0.061 0. 269.386 0. 0. 1. 0.
-0.067 -0.998 0. 446.966 0.998 -0.067 0. 271.102 0. 0. 1. 0.
-0.072 -0.997 0. 446.860 0.997 -0.072 0. 272.782 0. 0. 1. 0.
-0.076 -0.997 0. 446.708 0.997 -0.076 0. 274.518 0. 0. 1. 0.
-0.081 -0.997 0. 446.554 0.997 -0.081 0. 276.244 0. 0. 1. 0.
-0.087 -0.996 0. 446.404 0.996 -0.087 0. 277.955 0. 0. 1. 0.
-0.092 -0.996 0. 446.229 0.996 -0.092 0. 279.754 0. 0. 1. 0.
-0.099 -0.995 0. 446.022 0.995 -0.099 0. 281.469 0. 0. 1. 0.
-0.105 -0.994 0. 445.800 0.994 -0.105 0. 283.257 0. 0. 1. 0.
-0.110 -0.994 0. 445.592 0.994 -0.110 0. 285.064 0. 0. 1. 0.
-0.120 -0.993 0. 445.378 0.993 -0.120 0. 286.870 0. 0. 1. 0.
-0.136 -0.991 0. 445.078 0.991 -0.136 0. 288.693 0. 0. 1. 0.
-0.156 -0.988 0. 444.776 0.988 -0.156 0. 290.479 0. 0. 1. 0.
-0.188 -0.982 0. 444.391 0.982 -0.188 0. 292.303 0. 0. 1. 0.
-0.225 -0.974 0. 444.004 0.974 -0.225 0. 294.236 0. 0. 1. 0.
-0.276 -0.961 0. 443.418 0.961 -0.276 0. 296.009 0. 0. 1. 0.
-0.328 -0.945 0. 442.770 0.945 -0.328 0. 297.860 0. 0. 1. 0.
-0.387 -0.922 0. 441.980 0.922 -0.387 0. 299.662 0. 0. 1. 0.
-0.449 -0.894 0. 441.050 0.894 -0.449 0. 301.420 0. 0. 1. 0.
-0.509 -0.861 0. 440.054 0.861 -0.509 0. 303.165 0. 0. 1. 0.
-0.570 -0.821 0. 438.852 0.821 -0.570 0. 304.763 0. 0. 1. 0.
-0.631 -0.776 0. 437.564 0.776 -0.631 0. 306.332 0. 0. 1. 0.
-0.689 -0.725 0. 436.138 0.725 -0.689 0. 307.754 0. 0. 1. 0.
-0.743 -0.670 0. 434.599 0.670 -0.743 0. 309.198 0. 0. 1. 0.
-0.790 -0.613 0. 432.953 0.613 -0.790 0. 310.404 0. 0. 1. 0.
-0.833 -0.553 0. 431.178 0.553 -0.833 0. 311.552 0. 0. 1. 0.
-0.871 -0.491 0. 429.287 0.491 -0.871 0. 312.584 0. 0. 1. 0.
-0.905 -0.426 0. 427.381 0.426 -0.905 0. 313.462 0. 0. 1. 0.
-0.934 -0.357 0. 425.300 0.357 -0.934 0. 314.217 0. 0. 1. 0.
-0.958 -0.287 0. 423.123 0.287 -0.958 0. 314.810 0. 0. 1. 0.
-0.975 -0.220 0. 420.916 0.220 -0.975 0. 315.298 0. 0. 1. 0.
-0.987 -0.158 0. 418.610 0.158 -0.987 0. 315.628 0. 0. 1. 0.
-0.995 -0.105 0. 416.267 0.105 -0.995 0. 315.916 0. 0. 1. 0.
-0.998 -0.062 0. 413.904 0.062 -0.998 0. 316.076 0. 0. 1. 0.
-1.000 -0.023 0. 411.460 0.023 -1.000 0. 316.101 0. 0. 1. 0.
-1. 0.009 0. 408.979 -0.009 -1. 0. 316.070 0. 0. 1. 0.
-1.000 0.031 0. 406.452 -0.031 -1.000 0. 315.990 0. 0. 1. 0.
-0.999 0.048 0. 403.953 -0.048 -0.999 0. 315.767 0. 0. 1. 0.
-0.998 0.063 0. 401.359 -0.063 -0.998 0. 315.607 0. 0. 1. 0.
-0.997 0.079 0. 398.728 -0.079 -0.997 0. 315.342 0. 0. 1. 0.
-0.996 0.090 0. 396.050 -0.090 -0.996 0. 315.122 0. 0. 1. 0.
-0.995 0.101 0. 393.356 -0.101 -0.995 0. 314.800 0. 0. 1. 0.
-0.995 0.100 0. 390.599 -0.100 -0.995 0. 314.580 0. 0. 1. 0.
-0.995 0.099 0. 387.875 -0.099 -0.995 0. 314.242 0. 0. 1. 0.
-0.995 0.096 0. 385.075 -0.096 -0.995 0. 314.001 0. 0. 1. 0.
-0.995 0.097 0. 382.217 -0.097 -0.995 0. 313.716 0. 0. 1. 0.
-0.995 0.097 0. 379.327 -0.097 -0.995 0. 313.418 0. 0. 1. 0.
-0.995 0.096 0. 376.395 -0.096 -0.995 0. 313.099 0. 0. 1. 0.
-0.995 0.098 0. 373.450 -0.098 -0.995 0. 312.885 0. 0. 1. 0.
-0.995 0.099 0. 370.459 -0.099 -0.995 0. 312.531 0. 0. 1. 0.
-0.995 0.098 0. 367.389 -0.098 -0.995 0. 312.239 0. 0. 1. 0.
-0.995 0.100 0. 364.337 -0.100 -0.995 0. 311.945 0. 0. 1. 0.
-0.995 0.100 0. 361.210 -0.100 -0.995 0. 311.599 0. 0. 1. 0.
-0.995 0.101 0. 358.093 -0.101 -0.995 0. 311.289 0. 0. 1. 0.
-0.995 0.100 0. 354.892 -0.100 -0.995 0. 310.929 0. 0. 1. 0.
-0.995 0.102 0. 351.695 -0.102 -0.995 0. 310.590 0. 0. 1. 0.
-0.995 0.102 0. 348.438 -0.102 -0.995 0. 310.280 0. 0. 1. 0.
-0.995 0.104 0. 345.158 -0.104 -0.995 0. 309.948 0. 0. 1. 0.
-0.995 0.104 0. 341.860 -0.104 -0.995 0. 309.537 0. 0. 1. 0.
-0.995 0.103 0. 338.552 -0.103 -0.995 0. 309.229 0. 0. 1. 0.
-0.995 0.104 0. 335.277 -0.104 -0.995 0. 308.904 0. 0. 1. 0.
-0.995 0.103 0. 331.982 -0.103 -0.995 0. 308.521 0. 0. 1. 0.
-0.995 0.105 0. 328.656 -0.105 -0.995 0. 308.166 0. 0. 1. 0.
-0.995 0.104 0. 325.310 -0.104 -0.995 0. 307.846 0. 0. 1. 0.
-0.995 0.105 0. 321.901 -0.105 -0.995 0. 307.446 0. 0. 1. 0.
-0.994 0.106 0. 318.470 -0.106 -0.994 0. 307.054 0. 0. 1. 0.
-0.994 0.105 0. 315.010 -0.105 -0.994 0. 306.724 0. 0. 1. 0.
-0.994 0.106 0. 311.493 -0.106 -0.994 0. 306.270 0. 0. 1. 0.
-0.994 0.107 0. 308.007 -0.107 -0.994 0. 305.903 0. 0. 1. 0.
-0.994 0.107 0. 304.439 -0.107 -0.994 0. 305.478 0. 0. 1. 0.
-0.994 0.111 0. 300.785 -0.111 -0.994 0. 305.128 0. 0. 1. 0.
-0.994 0.111 0. 297.168 -0.111 -0.994 0. 304.737 0. 0. 1. 0.
-0.994 0.111 0. 293.485 -0.111 -0.994 0. 304.348 0. 0. 1. 0.
-0.994 0.113 0. 289.849 -0.113 -0.994 0. 303.838 0. 0. 1. 0.
-0.994 0.113 0. 286.082 -0.113 -0.994 0. 303.411 0. 0. 1. 0.
-0.993 0.117 0. 282.394 -0.117 -0.993 0. 302.990 0. 0. 1. 0.
-0.993 0.119 0. 278.588 -0.119 -0.993 0. 302.597 0. 0. 1. 0.
-0.993 0.122 0. 274.947 -0.122 -0.993 0. 302.116 0. 0. 1. 0.
-0.992 0.125 0. 271.170 -0.125 -0.992 0. 301.692 0. 0. 1. 0.
-0.992 0.128 0. 267.453 -0.128 -0.992 0. 301.153 0. 0. 1. 0.
-0.991 0.132 0. 263.734 -0.132 -0.991 0. 300.672 0. 0. 1. 0.
-0.991 0.133 0. 260.066 -0.133 -0.991 0. 300.185 0. 0. 1. 0.
-0.991 0.136 0. 256.313 -0.136 -0.991 0. 299.629 0. 0. 1. 0.
-0.990 0.138 0. 252.617 -0.138 -0.990 0. 299.098 0. 0. 1. 0.
-0.990 0.139 0. 248.912 -0.139 -0.990 0. 298.628 0. 0. 1. 0.
-0.990 0.142 0. 245.223 -0.142 -0.990 0. 298.066 0. 0. 1. 0.
-0.990 0.143 0. 241.584 -0.143 -0.990 0. 297.502 0. 0. 1. 0.
-0.989 0.146 0. 237.928 -0.146 -0.989 0. 296.947 0. 0. 1. 0.
-0.989 0.146 0. 234.319 -0.146 -0.989 0. 296.403 0. 0. 1. 0.
-0.989 0.151 0. 230.696 -0.151 -0.989 0. 295.841 0. 0. 1. 0.
-0.989 0.149 0. 227.068 -0.149 -0.989 0. 295.373 0. 0. 1. 0.
-0.988 0.155 0. 223.484 -0.155 -0.988 0. 294.645 0. 0. 1. 0.
-0.988 0.152 0. 219.923 -0.152 -0.988 0. 294.217 0. 0. 1. 0.
-0.988 0.154 0. 216.410 -0.154 -0.988 0. 293.600 0. 0. 1. 0.
-0.988 0.153 0. 212.854 -0.153 -0.988 0. 293.099 0. 0. 1. 0.
-0.989 0.150 0. 209.339 -0.150 -0.989 0. 292.602 0. 0. 1. 0.
-0.989 0.150 0. 205.845 -0.150 -0.989 0. 292.062 0. 0. 1. 0.
-0.989 0.149 0. 202.348 -0.149 -0.989 0. 291.543 0. 0. 1. 0.
-0.989 0.151 0. 198.913 -0.151 -0.989 0. 290.978 0. 0. 1. 0.
-0.988 0.152 0. 195.441 -0.152 -0.988 0. 290.426 0. 0. 1. 0.
-0.988 0.152 0. 192.008 -0.152 -0.988 0. 290.005 0. 0. 1. 0.
-0.988 0.152 0. 188.637 -0.152 -0.988 0. 289.385 0. 0. 1. 0.
-0.989 0.148 0. 185.216 -0.148 -0.989 0. 288.812 0. 0. 1. 0.
-0.989 0.148 0. 181.845 -0.148 -0.989 0. 288.343 0. 0. 1. 0.
-0.989 0.146 0. 178.508 -0.146 -0.989 0. 287.710 0. 0. 1. 0.
-0.989 0.149 0. 175.191 -0.149 -0.989 0. 287.251 0. 0. 1. 0.
-0.989 0.147 0. 171.845 -0.147 -0.989 0. 286.764 0. 0. 1. 0.
-0.989 0.147 0. 168.508 -0.147 -0.989 0. 286.266 0. 0. 1. 0.
-0.989 0.146 0. 165.225 -0.146 -0.989 0. 285.779 0. 0. 1. 0.
-0.989 0.148 0. 161.926 -0.148 -0.989 0. 285.274 0. 0. 1. 0.
-0.989 0.149 0. 158.617 -0.149 -0.989 0. 284.717 0. 0. 1. 0.
-0.989 0.149 0. 155.334 -0.149 -0.989 0. 284.252 0. 0. 1. 0.
-0.988 0.152 0. 152.055 -0.152 -0.988 0. 283.698 0. 0. 1. 0.
-0.988 0.154 0. 148.818 -0.154 -0.988 0. 283.103 0. 0. 1. 0.
-0.988 0.153 0. 145.565 -0.153 -0.988 0. 282.601 0. 0. 1. 0.
-0.988 0.154 0. 142.412 -0.154 -0.988 0. 282.102 0. 0. 1. 0.
-0.988 0.153 0. 139.138 -0.153 -0.988 0. 281.515 0. 0. 1. 0.
-0.988 0.157 0. 135.989 -0.157 -0.988 0. 280.880 0. 0. 1. 0.
-0.988 0.155 0. 132.876 -0.155 -0.988 0. 280.321 0. 0. 1. 0.
-0.988 0.151 0. 129.699 -0.151 -0.988 0. 279.874 0. 0. 1. 0.
-0.989 0.150 0. 126.572 -0.150 -0.989 0. 279.387 0. 0. 1. 0.
-0.988 0.153 0. 123.449 -0.153 -0.988 0. 278.864 0. 0. 1. 0.
-0.988 0.156 0. 120.378 -0.156 -0.988 0. 278.377 0. 0. 1. 0.
-0.988 0.157 0. 117.343 -0.157 -0.988 0. 277.865 0. 0. 1. 0.
-0.988 0.156 0. 114.364 -0.156 -0.988 0. 277.460 0. 0. 1. 0.
-0.988 0.154 0. 111.418 -0.154 -0.988 0. 276.972 0. 0. 1. 0.
-0.988 0.155 0. 108.525 -0.155 -0.988 0. 276.423 0. 0. 1. 0.
-0.988 0.153 0. 105.649 -0.153 -0.988 0. 275.964 0. 0. 1. 0.
-0.988 0.155 0. 102.825 -0.155 -0.988 0. 275.529 0. 0. 1. 0.
-0.988 0.153 0. 100.042 -0.153 -0.988 0. 275.081 0. 0. 1. 0.
-0.988 0.154 0. 97.312 -0.154 -0.988 0. 274.657 0. 0. 1. 0.
-0.989 0.151 0. 94.658 -0.151 -0.989 0. 274.234 0. 0. 1. 0.
-0.988 0.153 0. 92.019 -0.153 -0.988 0. 273.793 0. 0. 1. 0.
-0.988 0.154 0. 89.425 -0.154 -0.988 0. 273.376 0. 0. 1. 0.
-0.988 0.154 0. 86.878 -0.154 -0.988 0. 272.937 0. 0. 1. 0.
-0.987 0.159 0. 84.361 -0.159 -0.987 0. 272.587 0. 0. 1. 0.
-0.987 0.160 0. 81.888 -0.160 -0.987 0. 272.172 0. 0. 1. 0.
-0.987 0.159 0. 79.484 -0.159 -0.987 0. 271.798 0. 0. 1. 0.
-0.987 0.163 0. 77.135 -0.163 -0.987 0. 271.341 0. 0. 1. 0.
-0.987 0.163 0. 74.828 -0.163 -0.987 0. 270.980 0. 0. 1. 0.
-0.987 0.161 0. 72.610 -0.161 -0.987 0. 270.600 0. 0. 1. 0.
-0.987 0.163 0. 70.461 -0.163 -0.987 0. 270.242 0. 0. 1. 0.
-0.987 0.161 0. 68.263 -0.161 -0.987 0. 269.849 0. 0. 1. 0.
-0.987 0.163 0. 66.310 -0.163 -0.987 0. 269.455 0. 0. 1. 0.
-0.987 0.162 0. 64.348 -0.162 -0.987 0. 269.162 0. 0. 1. 0.
-0.987 0.161 0. 62.433 -0.161 -0.987 0. 268.809 0. 0. 1. 0.
-0.987 0.158 0. 60.562 -0.158 -0.987 0. 268.504 0. 0. 1. 0.
-0.987 0.158 0. 58.749 -0.158 -0.987 0. 268.301 0. 0. 1. 0.
-0.988 0.157 0. 56.997 -0.157 -0.988 0. 268.005 0. 0. 1. 0.
-0.988 0.155 0. 55.355 -0.155 -0.988 0. 267.721 0. 0. 1. 0.
-0.988 0.156 0. 53.784 -0.156 -0.988 0. 267.487 0. 0. 1. 0.
-0.988 0.154 0. 52.302 -0.154 -0.988 0. 267.314 0. 0. 1. 0.
-0.988 0.153 0. 50.837 -0.153 -0.988 0. 267.143 0. 0. 1. 0.
-0.988 0.157 0. 49.444 -0.157 -0.988 0. 266.829 0. 0. 1. 0.
-0.988 0.154 0. 48.083 -0.154 -0.988 0. 266.641 0. 0. 1. 0.
-0.988 0.157 0. 46.728 -0.157 -0.988 0. 266.471 0. 0. 1. 0.
-0.988 0.158 0. 45.430 -0.158 -0.988 0. 266.282 0. 0. 1. 0.
-0.987 0.161 0. 44.118 -0.161 -0.987 0. 266.042 0. 0. 1. 0.
-0.987 0.161 0. 42.866 -0.161 -0.987 0. 265.764 0. 0. 1. 0.
-0.987 0.161 0. 41.623 -0.161 -0.987 0. 265.530 0. 0. 1. 0.
-0.986 0.165 0. 40.370 -0.165 -0.986 0. 265.415 0. 0. 1. 0.
-0.986 0.166 0. 39.211 -0.166 -0.986 0. 265.170 0. 0. 1. 0.
-0.986 0.168 0. 38.066 -0.168 -0.986 0. 265.037 0. 0. 1. 0.
-0.986 0.169 0. 37.077 -0.169 -0.986 0. 264.885 0. 0. 1. 0.
-0.986 0.165 0. 36.180 -0.165 -0.986 0. 264.611 0. 0. 1. 0.
-0.986 0.168 0. 35.316 -0.168 -0.986 0. 264.485 0. 0. 1. 0.
-0.986 0.168 0. 34.562 -0.168 -0.986 0. 264.384 0. 0. 1. 0.
-0.986 0.167 0. 33.912 -0.167 -0.986 0. 264.215 0. 0. 1. 0.
-0.986 0.166 0. 33.341 -0.166 -0.986 0. 264.086 0. 0. 1. 0.
-0.986 0.168 0. 32.799 -0.168 -0.986 0. 264.043 0. 0. 1. 0.
-0.986 0.168 0. 32.357 -0.168 -0.986 0. 263.978 0. 0. 1. 0.
-0.986 0.168 0. 32.013 -0.168 -0.986 0. 263.889 0. 0. 1. 0.
-0.986 0.167 0. 31.669 -0.167 -0.986 0. 263.832 0. 0. 1. 0.
-0.986 0.167 0. 31.506 -0.167 -0.986 0. 263.745 0. 0. 1. 0.
-0.986 0.166 0. 31.354 -0.166 -0.986 0. 263.719 0. 0. 1. 0.
-0.986 0.166 0. 31.203 -0.166 -0.986 0. 263.755 0. 0. 1. 0.
-0.986 0.166 0. 31.168 -0.166 -0.986 0. 263.739 0. 0. 1. 0.
-0.986 0.166 0. 31.087 -0.166 -0.986 0. 263.725 0. 0. 1. 0.
-0.986 0.166 0. 31.043 -0.166 -0.986 0. 263.683 0. 0. 1. 0.
-0.986 0.166 0. 30.945 -0.166 -0.986 0. 263.674 0. 0. 1. 0.
-0.986 0.166 0. 30.856 -0.166 -0.986 0. 263.682 0. 0. 1. 0.
-0.986 0.167 0. 30.752 -0.167 -0.986 0. 263.661 0. 0. 1. 0.
-0.986 0.166 0. 30.599 -0.166 -0.986 0. 263.602 0. 0. 1. 0.
-0.986 0.167 0. 30.466 -0.167 -0.986 0. 263.646 0. 0. 1. 0.
-0.986 0.168 0. 30.318 -0.168 -0.986 0. 263.624 0. 0. 1. 0.
-0.986 0.166 0. 30.123 -0.166 -0.986 0. 263.534 0. 0. 1. 0.
-0.986 0.166 0. 29.922 -0.166 -0.986 0. 263.516 0. 0. 1. 0.
-0.986 0.166 0. 29.738 -0.166 -0.986 0. 263.509 0. 0. 1. 0.
-0.986 0.166 0. 29.550 -0.166 -0.986 0. 263.462 0. 0. 1. 0.
-0.986 0.166 0. 29.310 -0.166 -0.986 0. 263.438 0. 0. 1. 0.
-0.986 0.166 0. 29.004 -0.166 -0.986 0. 263.384 0. 0. 1. 0.
-0.986 0.166 0. 28.669 -0.166 -0.986 0. 263.268 0. 0. 1. 0.
-0.986 0.165 0. 28.238 -0.165 -0.986 0. 263.288 0. 0. 1. 0.
-0.986 0.166 0. 27.730 -0.166 -0.986 0. 263.160 0. 0. 1. 0.
-0.986 0.166 0. 27.161 -0.166 -0.986 0. 263.030 0. 0. 1. 0.
-0.986 0.167 0. 26.471 -0.167 -0.986 0. 262.931 0. 0. 1. 0.
-0.986 0.169 0. 25.701 -0.169 -0.986 0. 262.714 0. 0. 1. 0.
-0.985 0.170 0. 24.828 -0.170 -0.985 0. 262.599 0. 0. 1. 0.
-0.986 0.170 0. 23.808 -0.170 -0.986 0. 262.453 0. 0. 1. 0.
-0.985 0.171 0. 22.813 -0.171 -0.985 0. 262.185 0. 0. 1. 0.
-0.985 0.170 0. 21.640 -0.170 -0.985 0. 262.012 0. 0. 1. 0.
-0.985 0.172 0. 20.381 -0.172 -0.985 0. 261.793 0. 0. 1. 0.
-0.985 0.173 0. 19.045 -0.173 -0.985 0. 261.625 0. 0. 1. 0.
-0.984 0.176 0. 17.657 -0.176 -0.984 0. 261.333 0. 0. 1. 0.
-0.985 0.174 0. 16.151 -0.174 -0.985 0. 261.115 0. 0. 1. 0.
-0.984 0.177 0. 14.591 -0.177 -0.984 0. 260.819 0. 0. 1. 0.
-0.985 0.175 0. 12.972 -0.175 -0.985 0. 260.505 0. 0. 1. 0.
-0.985 0.174 0. 11.300 -0.174 -0.985 0. 260.190 0. 0. 1. 0.
-0.985 0.172 0. 9.534 -0.172 -0.985 0. 259.918 0. 0. 1. 0.
-0.985 0.170 0. 7.779 -0.170 -0.985 0. 259.539 0. 0. 1. 0.
-0.986 0.167 0. 5.851 -0.167 -0.986 0. 259.221 0. 0. 1. 0.
-0.985 0.171 0. 3.877 -0.171 -0.985 0. 258.936 0. 0. 1. 0.
-0.986 0.170 0. 1.924 -0.170 -0.986 0. 258.588 0. 0. 1. 0.
-0.985 0.171 0. -0.101 -0.171 -0.985 0. 258.223 0. 0. 1. 0.
-0.985 0.171 0. -2.165 -0.171 -0.985 0. 257.866 0. 0. 1. 0.
-0.985 0.172 0. -4.229 -0.172 -0.985 0. 257.488 0. 0. 1. 0.
-0.984 0.176 0. -6.314 -0.176 -0.984 0. 257.095 0. 0. 1. 0.
-0.984 0.177 0. -8.464 -0.177 -0.984 0. 256.688 0. 0. 1. 0.
-0.984 0.176 0. -10.665 -0.176 -0.984 0. 256.268 0. 0. 1. 0.
-0.984 0.178 0. -12.945 -0.178 -0.984 0. 255.876 0. 0. 1. 0.
-0.984 0.178 0. -15.237 -0.178 -0.984 0. 255.458 0. 0. 1. 0.
-0.984 0.178 0. -17.507 -0.178 -0.984 0. 254.952 0. 0. 1. 0.
-0.984 0.180 0. -19.912 -0.180 -0.984 0. 254.584 0. 0. 1. 0.
-0.983 0.182 0. -22.352 -0.182 -0.983 0. 254.093 0. 0. 1. 0.
-0.984 0.181 0. -24.803 -0.181 -0.984 0. 253.577 0. 0. 1. 0.
-0.983 0.181 0. -27.230 -0.181 -0.983 0. 253.088 0. 0. 1. 0.
-0.983 0.182 0. -29.712 -0.182 -0.983 0. 252.645 0. 0. 1. 0.
-0.983 0.181 0. -32.173 -0.181 -0.983 0. 252.166 0. 0. 1. 0.
-0.983 0.181 0. -34.690 -0.181 -0.983 0. 251.650 0. 0. 1. 0.
-0.983 0.182 0. -37.231 -0.182 -0.983 0. 251.261 0. 0. 1. 0.
-0.983 0.184 0. -39.744 -0.184 -0.983 0. 250.811 0. 0. 1. 0.
-0.983 0.183 0. -42.347 -0.183 -0.983 0. 250.311 0. 0. 1. 0.
-0.984 0.180 0. -44.937 -0.180 -0.984 0. 249.764 0. 0. 1. 0.
-0.984 0.179 0. -47.621 -0.179 -0.984 0. 249.290 0. 0. 1. 0.
-0.984 0.177 0. -50.313 -0.177 -0.984 0. 248.824 0. 0. 1. 0.
-0.984 0.179 0. -53.062 -0.179 -0.984 0. 248.293 0. 0. 1. 0.
-0.984 0.177 0. -55.799 -0.177 -0.984 0. 247.814 0. 0. 1. 0.
-0.984 0.179 0. -58.637 -0.179 -0.984 0. 247.281 0. 0. 1. 0.
-0.984 0.177 0. -61.492 -0.177 -0.984 0. 246.704 0. 0. 1. 0.
-0.984 0.176 0. -64.368 -0.176 -0.984 0. 246.148 0. 0. 1. 0.
-0.985 0.174 0. -67.317 -0.174 -0.985 0. 245.612 0. 0. 1. 0.
-0.985 0.171 0. -70.340 -0.171 -0.985 0. 245.031 0. 0. 1. 0.
-0.985 0.170 0. -73.335 -0.170 -0.985 0. 244.495 0. 0. 1. 0.
-0.986 0.166 0. -76.404 -0.166 -0.986 0. 243.920 0. 0. 1. 0.
-0.987 0.163 0. -79.497 -0.163 -0.987 0. 243.459 0. 0. 1. 0.
-0.988 0.157 0. -82.640 -0.157 -0.988 0. 242.955 0. 0. 1. 0.
-0.989 0.149 0. -85.839 -0.149 -0.989 0. 242.375 0. 0. 1. 0.
-0.989 0.146 0. -89.031 -0.146 -0.989 0. 241.847 0. 0. 1. 0.
-0.990 0.141 0. -92.303 -0.141 -0.990 0. 241.463 0. 0. 1. 0.
-0.991 0.133 0. -95.570 -0.133 -0.991 0. 240.910 0. 0. 1. 0.
-0.992 0.128 0. -98.867 -0.128 -0.992 0. 240.430 0. 0. 1. 0.
-0.993 0.120 0. -102.220 -0.120 -0.993 0. 239.922 0. 0. 1. 0.
-0.994 0.112 0. -105.596 -0.112 -0.994 0. 239.517 0. 0. 1. 0.
-0.995 0.102 0. -108.988 -0.102 -0.995 0. 239.065 0. 0. 1. 0.
-0.995 0.097 0. -112.411 -0.097 -0.995 0. 238.677 0. 0. 1. 0.
-0.996 0.088 0. -115.923 -0.088 -0.996 0. 238.409 0. 0. 1. 0.
-0.997 0.080 0. -119.379 -0.080 -0.997 0. 238.018 0. 0. 1. 0.
-0.997 0.076 0. -122.931 -0.076 -0.997 0. 237.651 0. 0. 1. 0.
-0.998 0.070 0. -126.506 -0.070 -0.998 0. 237.338 0. 0. 1. 0.
-0.998 0.068 0. -130.100 -0.068 -0.998 0. 237.105 0. 0. 1. 0.
-0.998 0.062 0. -133.683 -0.062 -0.998 0. 236.840 0. 0. 1. 0.
-0.998 0.058 0. -137.363 -0.058 -0.998 0. 236.540 0. 0. 1. 0.
-0.999 0.051 0. -141.020 -0.051 -0.999 0. 236.362 0. 0. 1. 0.
-0.999 0.043 0. -144.699 -0.043 -0.999 0. 236.130 0. 0. 1. 0.
-0.999 0.036 0. -148.422 -0.036 -0.999 0. 235.963 0. 0. 1. 0.
-1.000 0.028 0. -152.158 -0.028 -1.000 0. 235.843 0. 0. 1. 0.
-1.000 0.021 0. -155.917 -0.021 -1.000 0. 235.806 0. 0. 1. 0.
-1. 0.009 0. -159.673 -0.009 -1. 0. 235.691 0. 0. 1. 0.
-1. 0.000 0. -163.456 -0.000 -1. 0. 235.627 0. 0. 1. 0.
-1. -0.007 0. -167.343 0.007 -1. 0. 235.617 0. 0. 1. 0.
-1. -0.012 0. -171.132 0.012 -1. 0. 235.711 0. 0. 1. 0.
-1.000 -0.021 0. -174.963 0.021 -1.000 0. 235.648 0. 0. 1. 0.
-1.000 -0.025 0. -178.713 0.025 -1.000 0. 235.702 0. 0. 1. 0.
-1.000 -0.028 0. -182.584 0.028 -1.000 0. 235.802 0. 0. 1. 0.
