1. 0. 0. 0. 0. -1. -0. 0. 0. 0. -1. 0.
1. -0.004 -0. -0.007 -0.004 -1. -0. -0.019 0. 0. -1. 0.
1. 0.002 0. -0.023 0.002 -1. -0. -0.040 0. 0. -1. 0.
1. -0.000 -0. 0.007 -0.000 -1. -0. 0.003 0. 0. -1. 0.
1. 0.001 0. -0.042 0.001 -1. -0. -0.065 0. 0. -1. 0.
1. 0.002 0. -0.008 0.002 -1. -0. -0.017 0. 0. -1. 0.
1. 0.003 0. -0.002 0.003 -1. -0. -0.031 0. 0. -1. 0.
1. -0.007 -0. -0.035 -0.007 -1. -0. -0.010 0. 0. -1. 0.
1. -0.003 -0. -0.012 -0.003 -1. -0. -0.012 0. 0. -1. 0.
1. 0. 0. 0.031 0. -1. -0. 0.006 0. 0. -1. 0.
1. -0.005 -0. -0.015 -0.005 -1. -0. -0.013 0. 0. -1. 0.
1. -0.002 -0. -0.007 -0.002 -1. -0. 0.007 0. 0. -1. 0.
1. -0.000 -0. -0.013 -0.000 -1. -0. -0.016 0. 0. -1. 0.
1. -0.004 -0. -0.003 -0.004 -1. -0. 0.004 0. 0. -1. 0.
1. 0.001 0. -0.062 0.001 -1. -0. -0.061 0. 0. -1. 0.
1. 0.002 0. -0.003 0.002 -1. -0. 0.004 0. 0. -1. 0.
1. 0.002 0. -0.000 0.002 -1. -0. -0.022 0. 0. -1. 0.
1. 0.001 0. -0.018 0.001 -1. -0. -0.030 0. 0. -1. 0.
1. -0.003 -0. -0.045 -0.003 -1. -0. -0.007 0. 0. -1. 0.
1. -0.001 -0. -0.005 -0.001 -1. -0. 0.017 0. 0. -1. 0.
1. -0.000 -0. 0.033 -0.000 -1. -0. 0.012 0. 0. -1. 0.
1. -0.002 -0. -0.033 -0.002 -1. -0. -0.068 0. 0. -1. 0.
1. 0.001 0. -0.007 0.001 -1. -0. 0.007 0. 0. -1. 0.
1. -0.003 -0. -0.004 -0.003 -1. -0. 0.002 0. 0. -1. 0.
1. -0.007 -0. -0.037 -0.007 -1. -0. -0.021 0. 0. -1. 0.
1. 0.000 0. -0.029 0.000 -1. -0. -0.015 0. 0. -1. 0.
1. 0.003 0. 0.015 0.003 -1. -0. -0.004 0. 0. -1. 0.
1. 0.001 0. -0.043 0.001 -1. -0. -0.036 0. 0. -1. 0.
1. -0.005 -0. -0.017 -0.005 -1. -0. 0.016 0. 0. -1. 0.
1. -0.006 -0. -0.048 -0.006 -1. -0. -0.012 0. 0. -1. 0.
1. -0.002 -0. 0.000 -0.002 -1. -0. 0.001 0. 0. -1. 0.
1. 0.001 0. 0.062 0.001 -1. -0. -0.009 0. 0. -1. 0.
1. -0.002 -0. 0.065 -0.002 -1. -0. 0.023 0. 0. -1. 0.
1. -0.003 -0. 0.141 -0.003 -1. -0. -0.026 0. 0. -1. 0.
1. -0.010 -0. 0.189 -0.010 -1. -0. -0.090 0. 0. -1. 0.
1.000 -0.019 -0. 0.377 -0.019 -1.000 -0. -0.037 0. 0. -1. 0.
0.999 -0.036 -0. 0.646 -0.036 -0.999 -0. -0.025 0. 0. -1. 0.
0.998 -0.058 -0. 0.965 -0.058 -0.998 -0. -0.118 0. 0. -1. 0.
0.997 -0.078 -0. 1.323 -0.078 -0.997 -0. -0.231 0. 0. -1. 0.
0.995 -0.100 -0. 1.793 -0.100 -0.995 -0. -0.223 0. 0. -1. 0.
0.992 -0.124 -0. 2.295 -0.124 -0.992 -0. -0.336 0. 0. -1. 0.
0.992 -0.127 -0. 2.955 -0.127 -0.992 -0. -0.423 0. 0. -1. 0.
0.991 -0.134 -0. 3.727 -0.134 -0.991 -0. -0.544 0. 0. -1. 0.
0.989 -0.147 -0. 4.539 -0.147 -0.989 -0. -0.624 0. 0. -1. 0.
0.990 -0.143 -0. 5.348 -0.143 -0.990 -0. -0.843 0. 0. -1. 0.
0.990 -0.143 -0. 6.327 -0.143 -0.990 -0. -0.880 0. 0. -1. 0.
0.991 -0.137 -0. 7.197 -0.137 -0.991 -0. -1.190 0. 0. -1. 0.
0.991 -0.136 -0. 8.276 -0.136 -0.991 -0. -1.311 0. 0. -1. 0.
0.991 -0.132 -0. 9.373 -0.132 -0.991 -0. -1.351 0. 0. -1. 0.
0.990 -0.138 -0. 10.460 -0.138 -0.990 -0. -1.571 0. 0. -1. 0.
0.989 -0.150 -0. 11.629 -0.150 -0.989 -0. -1.741 0. 0. -1. 0.
0.987 -0.161 -0. 12.829 -0.161 -0.987 -0. -1.973 0. 0. -1. 0.
0.987 -0.159 -0. 14.111 -0.159 -0.987 -0. -2.266 0. 0. -1. 0.
0.988 -0.157 -0. 15.414 -0.157 -0.988 -0. -2.336 0. 0. -1. 0.
0.988 -0.154 -0. 16.815 -0.154 -0.988 -0. -2.602 0. 0. -1. 0.
0.989 -0.145 -0. 18.201 -0.145 -0.989 -0. -2.816 0. 0. -1. 0.
0.992 -0.126 -0. 19.734 -0.126 -0.992 -0. -3.106 0. 0. -1. 0.
0.994 -0.111 -0. 21.200 -0.111 -0.994 -0. -3.302 0. 0. -1. 0.
0.996 -0.094 -0. 22.714 -0.094 -0.996 -0. -3.486 0. 0. -1. 0.
0.997 -0.078 -0. 24.181 -0.078 -0.997 -0. -3.612 0. 0. -1. 0.
0.999 -0.054 -0. 25.764 -0.054 -0.999 -0. -3.667 0. 0. -1. 0.
1.000 -0.030 -0. 27.315 -0.030 -1.000 -0. -3.777 0. 0. -1. 0.
1.000 -0.016 -0. 28.846 -0.016 -1.000 -0. -3.793 0. 0. -1. 0.
1. -0.007 -0. 30.311 -0.007 -1. -0. -3.882 0. 0. -1. 0.
1. -0.006 -0. 31.878 -0.006 -1. -0. -3.899 0. 0. -1. 0.
1. -0.005 -0. 33.323 -0.005 -1. -0. -4.023 0. 0. -1. 0.
1.000 -0.018 -0. 35.055 -0.018 -1.000 -0. -4.084 0. 0. -1. 0.
1.000 -0.023 -0. 36.715 -0.023 -1.000 -0. -4.095 0. 0. -1. 0.
1.000 -0.027 -0. 38.296 -0.027 -1.000 -0. -4.073 0. 0. -1. 0.
1.000 -0.019 -0. 40.087 -0.019 -1.000 -0. -4.254 0. 0. -1. 0.
1.000 -0.017 -0. 41.857 -0.017 -1.000 -0. -4.321 0. 0. -1. 0.
1. -0.011 -0. 43.435 -0.011 -1. -0. -4.321 0. 0. -1. 0.
1.000 -0.016 -0. 45.219 -0.016 -1.000 -0. -4.307 0. 0. -1. 0.
1.000 -0.023 -0. 47.003 -0.023 -1.000 -0. -4.427 0. 0. -1. 0.
0.999 -0.032 -0. 48.708 -0.032 -0.999 -0. -4.449 0. 0. -1. 0.
0.999 -0.033 -0. 50.458 -0.033 -0.999 -0. -4.618 0. 0. -1. 0.
0.999 -0.040 -0. 52.313 -0.040 -0.999 -0. -4.604 0. 0. -1. 0.
0.999 -0.046 -0. 54.089 -0.046 -0.999 -0. -4.715 0. 0. -1. 0.
0.999 -0.041 -0. 55.869 -0.041 -0.999 -0. -4.804 0. 0. -1. 0.
1.000 -0.026 -0. 57.711 -0.026 -1.000 -0. -4.991 0. 0. -1. 0.
1.000 -0.021 -0. 59.590 -0.021 -1.000 -0. -4.929 0. 0. -1. 0.
1. -0.008 -0. 61.543 -0.008 -1. -0. -5.079 0. 0. -1. 0.
1. 0.004 0. 63.429 0.004 -1. -0. -5.111 0. 0. -1. 0.
1. 0.014 0. 65.323 0.014 -1. -0. -5.111 0. 0. -1. 0.
0.999 0.037 0. 67.315 0.037 -0.999 -0. -5.068 0. 0. -1. 0.
0.999 0.043 0. 69.351 0.043 -0.999 -0. -4.908 0. 0. -1. 0.
0.999 0.051 0. 71.408 0.051 -0.999 -0. -4.935 0. 0. -1. 0.
0.999 0.050 0. 73.424 0.050 -0.999 -0. -4.760 0. 0. -1. 0.
0.999 0.049 0. 75.456 0.049 -0.999 -0. -4.679 0. 0. -1. 0.
0.999 0.045 0. 77.510 0.045 -0.999 -0. -4.699 0. 0. -1. 0.
0.999 0.034 0. 79.532 0.034 -0.999 -0. -4.608 0. 0. -1. 0.
1.000 0.019 0. 81.535 0.019 -1.000 -0. -4.626 0. 0. -1. 0.
1. -0.001 -0. 83.603 -0.001 -1. -0. -4.601 0. 0. -1. 0.
1.000 -0.028 -0. 85.628 -0.028 -1.000 -0. -4.715 0. 0. -1. 0.
0.998 -0.065 -0. 87.668 -0.065 -0.998 -0. -4.827 0. 0. -1. 0.
0.993 -0.114 -0. 89.571 -0.114 -0.993 -0. -5.089 0. 0. -1. 0.
0.985 -0.170 -0. 91.591 -0.170 -0.985 -0. -5.358 0. 0. -1. 0.
0.973 -0.229 -0. 93.528 -0.229 -0.973 -0. -5.853 0. 0. -1. 0.
0.960 -0.280 -0. 95.345 -0.280 -0.960 -0. -6.361 0. 0. -1. 0.
0.944 -0.329 -0. 97.143 -0.329 -0.944 -0. -7.076 0. 0. -1. 0.
0.922 -0.386 -0. 99.040 -0.386 -0.922 -0. -7.861 0. 0. -1. 0.
0.896 -0.444 -0. 100.682 -0.444 -0.896 -0. -8.821 0. 0. -1. 0.
0.865 -0.501 -0. 102.408 -0.501 -0.865 -0. -9.736 0. 0. -1. 0.
0.833 -0.553 -0. 104.058 -0.553 -0.833 -0. -10.809 0. 0. -1. 0.
0.794 -0.608 -0. 105.642 -0.608 -0.794 -0. -11.959 0. 0. -1. 0.
0.753 -0.658 -0. 107.191 -0.658 -0.753 -0. -13.318 0. 0. -1. 0.
0.703 -0.711 -0. 108.516 -0.711 -0.703 -0. -14.758 0. 0. -1. 0.
0.643 -0.766 -0. 109.715 -0.766 -0.643 -0. -16.193 0. 0. -1. 0.
0.581 -0.814 -0. 110.797 -0.814 -0.581 -0. -17.890 0. 0. -1. 0.
0.529 -0.849 -0. 111.880 -0.849 -0.529 -0. -19.400 0. 0. -1. 0.
0.478 -0.879 -0. 112.689 -0.879 -0.478 -0. -21.204 0. 0. -1. 0.
0.432 -0.902 -0. 113.684 -0.902 -0.432 -0. -23.043 0. 0. -1. 0.
0.398 -0.917 -0. 114.304 -0.917 -0.398 -0. -25.039 0. 0. -1. 0.
0.370 -0.929 -0. 115.137 -0.929 -0.370 -0. -27.043 0. 0. -1. 0.
0.346 -0.938 -0. 115.892 -0.938 -0.346 -0. -28.995 0. 0. -1. 0.
0.339 -0.941 -0. 116.584 -0.941 -0.339 -0. -31.055 0. 0. -1. 0.
0.339 -0.941 -0. 117.305 -0.941 -0.339 -0. -33.223 0. 0. -1. 0.
0.347 -0.938 -0. 117.954 -0.938 -0.347 -0. -35.262 0. 0. -1. 0.
0.353 -0.936 -0. 118.863 -0.936 -0.353 -0. -37.370 0. 0. -1. 0.
0.363 -0.932 -0. 119.309 -0.932 -0.363 -0. -39.507 0. 0. -1. 0.
0.380 -0.925 -0. 120.245 -0.925 -0.380 -0. -41.560 0. 0. -1. 0.
0.390 -0.921 -0. 121.113 -0.921 -0.390 -0. -43.721 0. 0. -1. 0.
0.418 -0.908 -0. 121.996 -0.908 -0.418 -0. -45.701 0. 0. -1. 0.
0.432 -0.902 -0. 122.911 -0.902 -0.432 -0. -47.707 0. 0. -1. 0.
0.451 -0.892 -0. 123.786 -0.892 -0.451 -0. -49.651 0. 0. -1. 0.
0.466 -0.885 -0. 124.736 -0.885 -0.466 -0. -51.674 0. 0. -1. 0.
0.474 -0.880 -0. 125.767 -0.880 -0.474 -0. -53.568 0. 0. -1. 0.
0.490 -0.872 -0. 126.704 -0.872 -0.490 -0. -55.322 0. 0. -1. 0.
0.504 -0.864 -0. 127.827 -0.864 -0.504 -0. -57.216 0. 0. -1. 0.
0.518 -0.855 -0. 128.779 -0.855 -0.518 -0. -58.987 0. 0. -1. 0.
0.519 -0.855 -0. 129.821 -0.855 -0.519 -0. -60.848 0. 0. -1. 0.
0.522 -0.853 -0. 130.945 -0.853 -0.522 -0. -62.608 0. 0. -1. 0.
0.526 -0.851 -0. 131.900 -0.851 -0.526 -0. -64.241 0. 0. -1. 0.
0.521 -0.854 -0. 132.923 -0.854 -0.521 -0. -65.965 0. 0. -1. 0.
0.524 -0.852 -0. 133.927 -0.852 -0.524 -0. -67.608 0. 0. -1. 0.
0.537 -0.844 -0. 134.724 -0.844 -0.537 -0. -69.004 0. 0. -1. 0.
0.563 -0.827 -0. 135.912 -0.827 -0.563 -0. -70.651 0. 0. -1. 0.
0.596 -0.803 -0. 136.969 -0.803 -0.596 -0. -72.068 0. 0. -1. 0.
0.650 -0.760 -0. 137.967 -0.760 -0.650 -0. -73.357 0. 0. -1. 0.
0.708 -0.706 -0. 139.093 -0.706 -0.708 -0. -74.681 0. 0. -1. 0.
0.774 -0.634 -0. 140.266 -0.634 -0.774 -0. -75.651 0. 0. -1. 0.
0.838 -0.546 -0. 141.541 -0.546 -0.838 -0. -76.484 0. 0. -1. 0.
0.900 -0.436 -0. 142.877 -0.436 -0.900 -0. -77.111 0. 0. -1. 0.
0.950 -0.313 -0. 144.238 -0.313 -0.950 -0. -77.533 0. 0. -1. 0.
0.984 -0.181 -0. 145.615 -0.181 -0.984 -0. -77.873 0. 0. -1. 0.
0.999 -0.043 -0. 146.862 -0.043 -0.999 -0. -77.955 0. 0. -1. 0.
0.994 0.109 0. 148.008 0.109 -0.994 -0. -77.758 0. 0. -1. 0.
0.964 0.264 0. 149.159 0.264 -0.964 -0. -77.409 0. 0. -1. 0.
0.910 0.416 0. 150.269 0.416 -0.910 -0. -76.904 0. 0. -1. 0.
0.823 0.568 0. 151.229 0.568 -0.823 -0. -76.275 0. 0. -1. 0.
0.711 0.703 0. 151.987 0.703 -0.711 -0. -75.501 0. 0. -1. 0.
0.559 0.829 0. 152.644 0.829 -0.559 -0. -74.572 0. 0. -1. 0.
0.395 0.919 0. 153.098 0.919 -0.395 -0. -73.460 0. 0. -1. 0.
0.209 0.978 0. 153.191 0.978 -0.209 -0. -72.537 0. 0. -1. 0.
0.017 1.000 0. 153.200 1.000 -0.017 -0. -71.450 0. 0. -1. 0.
-0.180 0.984 0. 153.015 0.984 0.180 0. -70.473 0. 0. -1. 0.
-0.374 0.927 0. 152.569 0.927 0.374 0. -69.365 0. 0. -1. 0.
-0.533 0.846 0. 151.887 0.846 0.533 0. -68.363 0. 0. -1. 0.
-0.649 0.761 0. 151.077 0.761 0.649 0. -67.335 0. 0. -1. 0.
-0.743 0.670 0. 150.159 0.670 0.743 0. -66.600 0. 0. -1. 0.
-0.811 0.585 0. 149.140 0.585 0.811 0. -65.818 0. 0. -1. 0.
-0.861 0.508 0. 147.933 0.508 0.861 0. -65.135 0. 0. -1. 0.
-0.896 0.444 0. 146.610 0.444 0.896 0. -64.453 0. 0. -1. 0.
-0.913 0.409 0. 145.328 0.409 0.913 0. -63.880 0. 0. -1. 0.
-0.921 0.391 0. 143.885 0.391 0.921 0. -63.341 0. 0. -1. 0.
-0.922 0.388 0. 142.362 0.388 0.922 0. -62.756 0. 0. -1. 0.
-0.913 0.408 0. 140.876 0.408 0.913 0. -62.078 0. 0. -1. 0.
-0.898 0.440 0. 139.483 0.440 0.898 0. -61.447 0. 0. -1. 0.
-0.876 0.482 0. 137.915 0.482 0.876 0. -60.558 0. 0. -1. 0.
-0.857 0.515 0. 136.638 0.515 0.857 0. -59.563 0. 0. -1. 0.
-0.828 0.561 0. 135.066 0.561 0.828 0. -58.548 0. 0. -1. 0.
-0.801 0.599 0. 133.802 0.599 0.801 0. -57.435 0. 0. -1. 0.
-0.770 0.638 0. 132.265 0.638 0.770 0. -56.352 0. 0. -1. 0.
-0.734 0.679 0. 131.049 0.679 0.734 0. -55.028 0. 0. -1. 0.
-0.691 0.723 0. 129.573 0.723 0.691 0. -53.648 0. 0. -1. 0.
-0.652 0.758 0. 128.392 0.758 0.652 0. -52.088 0. 0. -1. 0.
-0.607 0.795 0. 127.026 0.795 0.607 0. -50.517 0. 0. -1. 0.
-0.562 0.827 0. 125.995 0.827 0.562 0. -48.752 0. 0. -1. 0.
-0.522 0.853 0. 124.789 0.853 0.522 0. -47.033 0. 0. -1. 0.
-0.486 0.874 0. 123.842 0.874 0.486 0. -45.264 0. 0. -1. 0.
-0.453 0.891 0. 122.999 0.891 0.453 0. -43.349 0. 0. -1. 0.
-0.421 0.907 0. 122.062 0.907 0.421 0. -41.372 0. 0. -1. 0.
-0.391 0.921 0. 121.137 0.921 0.391 0. -39.433 0. 0. -1. 0.
-0.372 0.928 0. 120.525 0.928 0.372 0. -37.358 0. 0. -1. 0.
-0.357 0.934 0. 119.711 0.934 0.357 0. -35.292 0. 0. -1. 0.
-0.342 0.940 0. 119.100 0.940 0.342 0. -33.184 0. 0. -1. 0.
-0.326 0.945 0. 118.395 0.945 0.326 0. -31.060 0. 0. -1. 0.
-0.325 0.946 0. 117.603 0.946 0.325 0. -28.985 0. 0. -1. 0.
-0.332 0.943 0. 117.100 0.943 0.332 0. -26.941 0. 0. -1. 0.
-0.348 0.938 0. 116.209 0.938 0.348 0. -24.870 0. 0. -1. 0.
-0.390 0.921 0. 115.450 0.921 0.390 0. -22.834 0. 0. -1. 0.
-0.426 0.905 0. 114.676 0.905 0.426 0. -20.832 0. 0. -1. 0.
-0.474 0.881 0. 113.679 0.881 0.474 0. -18.844 0. 0. -1. 0.
-0.529 0.848 0. 112.774 0.848 0.529 0. -17.056 0. 0. -1. 0.
-0.586 0.810 0. 111.493 0.810 0.586 0. -15.248 0. 0. -1. 0.
-0.650 0.760 0. 110.181 0.760 0.650 0. -13.610 0. 0. -1. 0.
-0.707 0.707 0. 108.825 0.707 0.707 0. -12.048 0. 0. -1. 0.
-0.760 0.650 0. 107.307 0.650 0.760 0. -10.687 0. 0. -1. 0.
-0.808 0.589 0. 105.744 0.589 0.808 0. -9.489 0. 0. -1. 0.
-0.846 0.533 0. 104.005 0.533 0.846 0. -8.397 0. 0. -1. 0.
-0.880 0.476 0. 102.332 0.476 0.880 0. -7.434 0. 0. -1. 0.
-0.908 0.419 0. 100.586 0.419 0.908 0. -6.594 0. 0. -1. 0.
-0.931 0.364 0. 98.799 0.364 0.931 0. -5.863 0. 0. -1. 0.
-0.952 0.307 0. 97.011 0.307 0.952 0. -5.160 0. 0. -1. 0.
-0.970 0.243 0. 95.175 0.243 0.970 0. -4.657 0. 0. -1. 0.
-0.983 0.185 0. 93.250 0.185 0.983 0. -4.239 0. 0. -1. 0.
-0.992 0.129 0. 91.361 0.129 0.992 0. -3.992 0. 0. -1. 0.
-0.996 0.084 0. 89.336 0.084 0.996 0. -3.841 0. 0. -1. 0.
-0.999 0.052 0. 87.397 0.052 0.999 0. -3.700 0. 0. -1. 0.
-1.000 0.031 0. 85.486 0.031 1.000 0. -3.780 0. 0. -1. 0.
-1. 0.010 0. 83.484 0.010 1. 0. -3.582 0. 0. -1. 0.
-1. -0.002 -0. 81.430 -0.002 1. 0. -3.554 0. 0. -1. 0.
-1. -0.004 -0. 79.433 -0.004 1. 0. -3.582 0. 0. -1. 0.
-1.000 -0.016 -0. 77.419 -0.016 1.000 0. -3.562 0. 0. -1. 0.
-1.000 -0.022 -0. 75.336 -0.022 1.000 0. -3.650 0. 0. -1. 0.
-1.000 -0.022 -0. 73.406 -0.022 1.000 0. -3.641 0. 0. -1. 0.
-1.000 -0.021 -0. 71.272 -0.021 1.000 0. -3.685 0. 0. -1. 0.
-1.000 -0.016 -0. 69.234 -0.016 1.000 0. -3.640 0. 0. -1. 0.
-1. -0.009 -0. 67.176 -0.009 1. 0. -3.548 0. 0. -1. 0.
-1. -0.002 -0. 65.004 -0.002 1. 0. -3.630 0. 0. -1. 0.
-1.000 0.020 0. 62.932 0.020 1.000 0. -3.518 0. 0. -1. 0.
-1.000 0.028 0. 60.828 0.028 1.000 0. -3.375 0. 0. -1. 0.
-0.999 0.037 0. 58.649 0.037 0.999 0. -3.224 0. 0. -1. 0.
-0.999 0.043 0. 56.520 0.043 0.999 0. -3.114 0. 0. -1. 0.
-0.999 0.046 0. 54.358 0.046 0.999 0. -3.052 0. 0. -1. 0.
-0.999 0.046 0. 52.188 0.046 0.999 0. -2.953 0. 0. -1. 0.
-0.999 0.047 0. 50.062 0.047 0.999 0. -2.805 0. 0. -1. 0.
-0.999 0.052 0. 47.823 0.052 0.999 0. -2.567 0. 0. -1. 0.
-0.999 0.055 0. 45.773 0.055 0.999 0. -2.265 0. 0. -1. 0.
-0.998 0.060 0. 43.532 0.060 0.998 0. -2.139 0. 0. -1. 0.
-0.998 0.057 0. 41.418 0.057 0.998 0. -1.969 0. 0. -1. 0.
-0.998 0.063 0. 39.181 0.063 0.998 0. -1.847 0. 0. -1. 0.
-0.998 0.058 0. 37.050 0.058 0.998 0. -1.695 0. 0. -1. 0.
-0.998 0.055 0. 34.873 0.055 0.998 0. -1.638 0. 0. -1. 0.
-0.999 0.054 0. 32.689 0.054 0.999 0. -1.344 0. 0. -1. 0.
-0.998 0.058 0. 30.561 0.058 0.998 0. -1.271 0. 0. -1. 0.
-0.998 0.063 0. 28.402 0.063 0.998 0. -1.208 0. 0. -1. 0.
-0.998 0.068 0. 26.251 0.068 0.998 0. -0.998 0. 0. -1. 0.
-0.997 0.072 0. 24.110 0.072 0.997 0. -0.715 0. 0. -1. 0.
-0.997 0.084 0. 21.949 0.084 0.997 0. -0.525 0. 0. -1. 0.
-0.997 0.080 0. 19.805 0.080 0.997 0. -0.358 0. 0. -1. 0.
-0.997 0.080 0. 17.670 0.080 0.997 0. -0.184 0. 0. -1. 0.
-0.996 0.093 0. 15.461 0.093 0.996 0. 0.053 0. 0. -1. 0.
-0.995 0.097 0. 13.311 0.097 0.995 0. 0.252 0. 0. -1. 0.
-0.996 0.094 0. 11.146 0.094 0.996 0. 0.499 0. 0. -1. 0.
-0.995 0.101 0. 8.949 0.101 0.995 0. 0.669 0. 0. -1. 0.
-0.995 0.104 0. 6.712 0.104 0.995 0. 0.900 0. 0. -1. 0.
-0.995 0.098 0. 4.546 0.098 0.995 0. 1.209 0. 0. -1. 0.
-0.995 0.102 0. 2.294 0.102 0.995 0. 1.442 0. 0. -1. 0.
-0.995 0.096 0. 0.151 0.096 0.995 0. 1.687 0. 0. -1. 0.
-0.996 0.093 0. -2.060 0.093 0.996 0. 1.953 0. 0. -1. 0.
-0.996 0.095 0. -4.305 0.095 0.996 0. 2.061 0. 0. -1. 0.
-0.996 0.088 0. -6.510 0.088 0.996 0. 2.436 0. 0. -1. 0.
-0.996 0.086 0. -8.592 0.086 0.996 0. 2.683 0. 0. -1. 0.
-0.996 0.088 0. -10.907 0.088 0.996 0. 2.860 0. 0. -1. 0.
-0.997 0.078 0. -13.007 0.078 0.997 0. 2.979 0. 0. -1. 0.
-0.997 0.083 0. -15.192 0.083 0.997 0. 3.259 0. 0. -1. 0.
-0.997 0.075 0. -17.491 0.075 0.997 0. 3.569 0. 0. -1. 0.
-0.997 0.072 0. -19.693 0.072 0.997 0. 3.787 0. 0. -1. 0.
-0.997 0.074 0. -21.967 0.074 0.997 0. 3.960 0. 0. -1. 0.
-0.998 0.069 0. -24.084 0.069 0.998 0. 4.209 0. 0. -1. 0.
-0.998 0.063 0. -26.412 0.063 0.998 0. 4.367 0. 0. -1. 0.
-0.998 0.061 0. -28.575 0.061 0.998 0. 4.386 0. 0. -1. 0.
-0.998 0.056 0. -30.903 0.056 0.998 0. 4.541 0. 0. -1. 0.
-0.999 0.045 0. -32.967 0.045 0.999 0. 4.686 0. 0. -1. 0.
-0.999 0.045 0. -35.235 0.045 0.999 0. 4.806 0. 0. -1. 0.
-0.999 0.040 0. -37.378 0.040 0.999 0. 4.864 0. 0. -1. 0.
-0.999 0.034 0. -39.545 0.034 0.999 0. 5.059 0. 0. -1. 0.
-1.000 0.028 0. -41.630 0.028 1.000 0. 5.198 0. 0. -1. 0.
-0.999 0.033 0. -43.718 0.033 0.999 0. 5.245 0. 0. -1. 0.
-1.000 0.022 0. -45.687 0.022 1.000 0. 5.371 0. 0. -1. 0.
-1.000 0.029 0. -47.742 0.029 1.000 0. 5.393 0. 0. -1. 0.
-1.000 0.020 0. -49.597 0.020 1.000 0. 5.489 0. 0. -1. 0.
-1.000 0.025 0. -51.540 0.025 1.000 0. 5.453 0. 0. -1. 0.
-1.000 0.022 0. -53.227 0.022 1.000 0. 5.571 0. 0. -1. 0.
-0.999 0.041 0. -54.926 0.041 0.999 0. 5.662 0. 0. -1. 0.
-0.998 0.058 0. -56.480 0.058 0.998 0. 5.822 0. 0. -1. 0.
-0.996 0.085 0. -57.992 0.085 0.996 0. 5.842 0. 0. -1. 0.
-0.991 0.134 0. -59.425 0.134 0.991 0. 6.135 0. 0. -1. 0.
-0.984 0.179 0. -60.574 0.179 0.984 0. 6.408 0. 0. -1. 0.
-0.966 0.257 0. -61.786 0.257 0.966 0. 6.750 0. 0. -1. 0.
-0.944 0.331 0. -62.823 0.331 0.944 0. 7.160 0. 0. -1. 0.
-0.902 0.432 0. -63.789 0.432 0.902 0. 7.636 0. 0. -1. 0.
-0.848 0.530 0. -64.649 0.530 0.848 0. 8.167 0. 0. -1. 0.
-0.781 0.625 0. -65.488 0.625 0.781 0. 8.870 0. 0. -1. 0.
-0.694 0.720 0. -66.267 0.720 0.694 0. 9.639 0. 0. -1. 0.
-0.598 0.802 0. -66.786 0.802 0.598 0. 10.400 0. 0. -1. 0.
-0.503 0.864 0. -67.196 0.864 0.503 0. 11.408 0. 0. -1. 0.
-0.408 0.913 0. -67.606 0.913 0.408 0. 12.357 0. 0. -1. 0.
-0.316 0.949 0. -67.834 0.949 0.316 0. 13.332 0. 0. -1. 0.
-0.232 0.973 0. -68.103 0.973 0.232 0. 14.397 0. 0. -1. 0.
-0.163 0.987 0. -68.194 0.987 0.163 0. 15.512 0. 0. -1. 0.
-0.108 0.994 0. -68.398 0.994 0.108 0. 16.677 0. 0. -1. 0.
-0.067 0.998 0. -68.321 0.998 0.067 0. 17.969 0. 0. -1. 0.
-0.039 0.999 0. -68.624 0.999 0.039 0. 19.330 0. 0. -1. 0.
-0.017 1.000 0. -68.534 1.000 0.017 0. 20.601 0. 0. -1. 0.
-0.015 1.000 0. -68.465 1.000 0.015 0. 22.078 0. 0. -1. 0.
-0.010 1. 0. -68.430 1. 0.010 0. 23.508 0. 0. -1. 0.
-0.003 1. 0. -68.347 1. 0.003 0. 25.060 0. 0. -1. 0.
0.007 1. 0. -68.387 1. -0.007 -0. 26.556 0. 0. -1. 0.
0.019 1.000 0. -68.335 1.000 -0.019 -0. 28.252 0. 0. -1. 0.
0.019 1.000 0. -68.220 1.000 -0.019 -0. 29.843 0. 0. -1. 0.
0.038 0.999 0. -68.140 0.999 -0.038 -0. 31.483 0. 0. -1. 0.
0.047 0.999 0. -68.143 0.999 -0.047 -0. 33.208 0. 0. -1. 0.
0.059 0.998 0. -67.848 0.998 -0.059 -0. 34.923 0. 0. -1. 0.
0.072 0.997 0. -67.796 0.997 -0.072 -0. 36.753 0. 0. -1. 0.
0.097 0.995 0. -67.499 0.995 -0.097 -0. 38.550 0. 0. -1. 0.
0.122 0.993 0. -67.335 0.993 -0.122 -0. 40.362 0. 0. -1. 0.
0.142 0.990 0. -67.006 0.990 -0.142 -0. 42.182 0. 0. -1. 0.
0.168 0.986 0. -66.604 0.986 -0.168 -0. 44.039 0. 0. -1. 0.
0.181 0.983 0. -66.281 0.983 -0.181 -0. 45.844 0. 0. -1. 0.
0.188 0.982 0. -65.843 0.982 -0.188 -0. 47.623 0. 0. -1. 0.
0.196 0.981 0. -65.519 0.981 -0.196 -0. 49.492 0. 0. -1. 0.
0.183 0.983 0. -65.133 0.983 -0.183 -0. 51.366 0. 0. -1. 0.
0.164 0.986 0. -64.765 0.986 -0.164 -0. 53.257 0. 0. -1. 0.
0.140 0.990 0. -64.399 0.990 -0.140 -0. 55.107 0. 0. -1. 0.
0.125 0.992 0. -64.253 0.992 -0.125 -0. 57.165 0. 0. -1. 0.
0.097 0.995 0. -64.015 0.995 -0.097 -0. 59.079 0. 0. -1. 0.
0.076 0.997 0. -63.768 0.997 -0.076 -0. 61.069 0. 0. -1. 0.
0.062 0.998 0. -63.699 0.998 -0.062 -0. 63.029 0. 0. -1. 0.
0.044 0.999 0. -63.541 0.999 -0.044 -0. 64.948 0. 0. -1. 0.
0.036 0.999 0. -63.426 0.999 -0.036 -0. 66.891 0. 0. -1. 0.
0.028 1.000 0. -63.281 1.000 -0.028 -0. 68.800 0. 0. -1. 0.
0.030 1.000 0. -63.255 1.000 -0.030 -0. 70.677 0. 0. -1. 0.
0.031 1.000 0. -63.215 1.000 -0.031 -0. 72.524 0. 0. -1. 0.
0.036 0.999 0. -63.113 0.999 -0.036 -0. 74.484 0. 0. -1. 0.
0.048 0.999 0. -63.019 0.999 -0.048 -0. 76.213 0. 0. -1. 0.
0.060 0.998 0. -62.955 0.998 -0.060 -0. 78.121 0. 0. -1. 0.
0.065 0.998 0. -62.763 0.998 -0.065 -0. 79.845 0. 0. -1. 0.
0.062 0.998 0. -62.593 0.998 -0.062 -0. 81.566 0. 0. -1. 0.
0.043 0.999 0. -62.437 0.999 -0.043 -0. 83.311 0. 0. -1. 0.
-0.006 1. 0. -62.505 1. 0.006 0. 84.960 0. 0. -1. 0.
-0.055 0.998 0. -62.458 0.998 0.055 0. 86.709 0. 0. -1. 0.
-0.128 0.992 0. -62.558 0.992 0.128 0. 88.146 0. 0. -1. 0.
-0.207 0.978 0. -62.936 0.978 0.207 0. 89.772 0. 0. -1. 0.
-0.296 0.955 0. -63.327 0.955 0.296 0. 91.240 0. 0. -1. 0.
-0.391 0.920 0. -63.772 0.920 0.391 0. 92.687 0. 0. -1. 0.
-0.476 0.879 0. -64.528 0.879 0.476 0. 94.054 0. 0. -1. 0.
-0.557 0.831 0. -65.296 0.831 0.557 0. 95.195 0. 0. -1. 0.
-0.636 0.772 0. -66.168 0.772 0.636 0. 96.454 0. 0. -1. 0.
-0.712 0.703 0. -67.207 0.703 0.712 0. 97.501 0. 0. -1. 0.
-0.787 0.617 0. -68.355 0.617 0.787 0. 98.437 0. 0. -1. 0.
-0.844 0.537 0. -69.653 0.537 0.844 0. 99.295 0. 0. -1. 0.
-0.888 0.461 0. -71.049 0.461 0.888 0. 99.991 0. 0. -1. 0.
-0.922 0.387 0. -72.361 0.387 0.922 0. 100.598 0. 0. -1. 0.
-0.950 0.312 0. -73.764 0.312 0.950 0. 101.114 0. 0. -1. 0.
-0.968 0.251 0. -75.411 0.251 0.968 0. 101.452 0. 0. -1. 0.
-0.977 0.212 0. -76.936 0.212 0.977 0. 101.829 0. 0. -1. 0.
-0.982 0.190 0. -78.457 0.190 0.982 0. 102.297 0. 0. -1. 0.
-0.981 0.192 0. -80.040 0.192 0.981 0. 102.584 0. 0. -1. 0.
-0.977 0.212 0. -81.593 0.212 0.977 0. 102.868 0. 0. -1. 0.
-0.969 0.247 0. -83.238 0.247 0.969 0. 103.345 0. 0. -1. 0.
-0.957 0.291 0. -84.727 0.291 0.957 0. 103.749 0. 0. -1. 0.
-0.942 0.336 0. -86.304 0.336 0.942 0. 104.381 0. 0. -1. 0.
-0.918 0.397 0. -87.934 0.397 0.918 0. 105.060 0. 0. -1. 0.
-0.890 0.456 0. -89.332 0.456 0.890 0. 105.962 0. 0. -1. 0.
-0.859 0.512 0. -90.907 0.512 0.859 0. 106.884 0. 0. -1. 0.
-0.831 0.557 0. -92.284 0.557 0.831 0. 107.901 0. 0. -1. 0.
-0.799 0.601 0. -93.759 0.601 0.799 0. 108.987 0. 0. -1. 0.
-0.775 0.632 0. -95.210 0.632 0.775 0. 110.145 0. 0. -1. 0.
-0.748 0.664 0. -96.736 0.664 0.748 0. 111.349 0. 0. -1. 0.
-0.732 0.681 0. -98.127 0.681 0.732 0. 112.827 0. 0. -1. 0.
-0.717 0.697 0. -99.563 0.697 0.717 0. 114.216 0. 0. -1. 0.
-0.708 0.706 0. -101.038 0.706 0.708 0. 115.533 0. 0. -1. 0.
-0.706 0.708 0. -102.469 0.708 0.706 0. 117.181 0. 0. -1. 0.
-0.702 0.712 0. -103.944 0.712 0.702 0. 118.653 0. 0. -1. 0.
-0.699 0.715 0. -105.403 0.715 0.699 0. 120.188 0. 0. -1. 0.
-0.704 0.710 0. -106.907 0.710 0.704 0. 121.769 0. 0. -1. 0.
-0.703 0.711 0. -108.474 0.711 0.703 0. 123.348 0. 0. -1. 0.
-0.700 0.714 0. -109.973 0.714 0.700 0. 125.046 0. 0. -1. 0.
-0.701 0.713 0. -111.677 0.713 0.701 0. 126.679 0. 0. -1. 0.
-0.701 0.713 0. -113.199 0.713 0.701 0. 128.541 0. 0. -1. 0.
-0.701 0.713 0. -114.921 0.713 0.701 0. 130.226 0. 0. -1. 0.
-0.699 0.715 0. -116.533 0.715 0.699 0. 132.010 0. 0. -1. 0.
-0.702 0.713 0. -118.218 0.713 0.702 0. 133.769 0. 0. -1. 0.
-0.695 0.719 0. -119.933 0.719 0.695 0. 135.701 0. 0. -1. 0.
-0.692 0.721 0. -121.611 0.721 0.692 0. 137.407 0. 0. -1. 0.
-0.692 0.722 0. -123.358 0.722 0.692 0. 139.368 0. 0. -1. 0.
-0.688 0.725 0. -124.916 0.725 0.688 0. 141.199 0. 0. -1. 0.
-0.688 0.726 0. -126.773 0.726 0.688 0. 143.227 0. 0. -1. 0.
-0.689 0.725 0. -128.338 0.725 0.689 0. 144.980 0. 0. -1. 0.
-0.687 0.726 0. -130.001 0.726 0.687 0. 146.844 0. 0. -1. 0.
-0.683 0.731 0. -131.823 0.731 0.683 0. 148.791 0. 0. -1. 0.
-0.684 0.730 0. -133.462 0.730 0.684 0. 150.704 0. 0. -1. 0.
-0.683 0.731 0. -135.177 0.731 0.683 0. 152.553 0. 0. -1. 0.
-0.680 0.733 0. -136.960 0.733 0.680 0. 154.319 0. 0. -1. 0.
-0.677 0.736 0. -138.691 0.736 0.677 0. 156.233 0. 0. -1. 0.
-0.667 0.745 0. -140.216 0.745 0.667 0. 158.131 0. 0. -1. 0.
-0.652 0.759 0. -142.017 0.759 0.652 0. 159.989 0. 0. -1. 0.
-0.635 0.772 0. -143.458 0.772 0.635 0. 161.998 0. 0. -1. 0.
-0.606 0.795 0. -145.055 0.795 0.606 0. 163.987 0. 0. -1. 0.
-0.575 0.818 0. -146.400 0.818 0.575 0. 166.014 0. 0. -1. 0.
-0.542 0.841 0. -147.578 0.841 0.542 0. 168.172 0. 0. -1. 0.
-0.505 0.863 0. -148.941 0.863 0.505 0. 170.280 0. 0. -1. 0.
-0.466 0.885 0. -149.981 0.885 0.466 0. 172.516 0. 0. -1. 0.
-0.416 0.910 0. -151.034 0.910 0.416 0. 174.790 0. 0. -1. 0.
-0.368 0.930 0. -151.816 0.930 0.368 0. 177.139 0. 0. -1. 0.
-0.335 0.942 0. -152.616 0.942 0.335 0. 179.493 0. 0. -1. 0.
-0.298 0.955 0. -153.432 0.955 0.298 0. 181.926 0. 0. -1. 0.
-0.259 0.966 0. -154.055 0.966 0.259 0. 184.352 0. 0. -1. 0.
-0.221 0.975 0. -154.466 0.975 0.221 0. 186.743 0. 0. -1. 0.
-0.184 0.983 0. -155.063 0.983 0.184 0. 189.205 0. 0. -1. 0.
-0.163 0.987 0. -155.513 0.987 0.163 0. 191.742 0. 0. -1. 0.
-0.144 0.990 0. -155.649 0.990 0.144 0. 194.262 0. 0. -1. 0.
-0.130 0.991 0. -155.887 0.991 0.130 0. 196.738 0. 0. -1. 0.
-0.121 0.993 0. -156.248 0.993 0.121 0. 199.288 0. 0. -1. 0.
-0.109 0.994 0. -156.423 0.994 0.109 0. 201.861 0. 0. -1. 0.
-0.104 0.995 0. -156.743 0.995 0.104 0. 204.388 0. 0. -1. 0.
-0.103 0.995 0. -156.797 0.995 0.103 0. 206.855 0. 0. -1. 0.
-0.101 0.995 0. -157.146 0.995 0.101 0. 209.323 0. 0. -1. 0.
-0.107 0.994 0. -157.325 0.994 0.107 0. 211.854 0. 0. -1. 0.
-0.123 0.992 0. -157.466 0.992 0.123 0. 214.304 0. 0. -1. 0.
-0.142 0.990 0. -157.801 0.990 0.142 0. 216.728 0. 0. -1. 0.
-0.170 0.986 0. -158.157 0.986 0.170 0. 219.092 0. 0. -1. 0.
-0.211 0.977 0. -158.786 0.977 0.211 0. 221.482 0. 0. -1. 0.
-0.257 0.966 0. -159.159 0.966 0.257 0. 223.764 0. 0. -1. 0.
-0.306 0.952 0. -159.792 0.952 0.306 0. 225.974 0. 0. -1. 0.
-0.361 0.933 0. -160.784 0.933 0.361 0. 228.159 0. 0. -1. 0.
-0.434 0.901 0. -161.483 0.901 0.434 0. 230.237 0. 0. -1. 0.
-0.503 0.864 0. -162.633 0.864 0.503 0. 232.229 0. 0. -1. 0.
-0.576 0.818 0. -163.875 0.818 0.576 0. 234.084 0. 0. -1. 0.
-0.645 0.764 0. -165.251 0.764 0.645 0. 235.691 0. 0. -1. 0.
-0.705 0.709 0. -166.676 0.709 0.705 0. 237.351 0. 0. -1. 0.
-0.767 0.641 0. -168.378 0.641 0.767 0. 238.787 0. 0. -1. 0.
-0.822 0.570 0. -170.239 0.570 0.822 0. 240.107 0. 0. -1. 0.
-0.863 0.505 0. -172.309 0.505 0.863 0. 241.263 0. 0. -1. 0.
-0.897 0.443 0. -174.151 0.443 0.897 0. 242.294 0. 0. -1. 0.
-0.919 0.393 0. -176.107 0.393 0.919 0. 243.254 0. 0. -1. 0.
-0.935 0.354 0. -178.317 0.354 0.935 0. 244.122 0. 0. -1. 0.
-0.947 0.323 0. -180.407 0.323 0.947 0. 244.977 0. 0. -1. 0.
-0.953 0.302 0. -182.694 0.302 0.953 0. 245.724 0. 0. -1. 0.
-0.956 0.292 0. -184.963 0.292 0.956 0. 246.507 0. 0. -1. 0.
-0.956 0.293 0. -187.206 0.293 0.956 0. 247.236 0. 0. -1. 0.
-0.956 0.294 0. -189.573 0.294 0.956 0. 247.966 0. 0. -1. 0.
-0.957 0.289 0. -192.014 0.289 0.957 0. 248.754 0. 0. -1. 0.
-0.959 0.284 0. -194.512 0.284 0.959 0. 249.488 0. 0. -1. 0.
-0.961 0.278 0. -196.980 0.278 0.961 0. 250.287 0. 0. -1. 0.
-0.959 0.283 0. -199.363 0.283 0.959 0. 251.111 0. 0. -1. 0.
-0.959 0.284 0. -201.856 0.284 0.959 0. 251.782 0. 0. -1. 0.
-0.960 0.281 0. -204.200 0.281 0.960 0. 252.535 0. 0. -1. 0.
-0.960 0.280 0. -206.817 0.280 0.960 0. 253.180 0. 0. -1. 0.
-0.960 0.280 0. -209.014 0.280 0.960 0. 254.056 0. 0. -1. 0.
-0.961 0.278 0. -211.371 0.278 0.961 0. 254.804 0. 0. -1. 0.
-0.960 0.279 0. -213.774 0.279 0.960 0. 255.431 0. 0. -1. 0.
-0.961 0.275 0. -215.888 0.275 0.961 0. 256.223 0. 0. -1. 0.
-0.962 0.275 0. -218.154 0.275 0.962 0. 256.777 0. 0. -1. 0.
-0.963 0.269 0. -220.379 0.269 0.963 0. 257.333 0. 0. -1. 0.
-0.961 0.276 0. -222.391 0.276 0.961 0. 258.045 0. 0. -1. 0.
-0.957 0.290 0. -224.383 0.290 0.957 0. 258.702 0. 0. -1. 0.
-0.950 0.311 0. -226.218 0.311 0.950 0. 259.345 0. 0. -1. 0.
-0.936 0.351 0. -228.041 0.351 0.936 0. 260.000 0. 0. -1. 0.
-0.921 0.389 0. -229.525 0.389 0.921 0. 260.766 0. 0. -1. 0.
-0.906 0.423 0. -230.927 0.423 0.906 0. 261.419 0. 0. -1. 0.
-0.890 0.457 0. -232.379 0.457 0.890 0. 262.141 0. 0. -1. 0.
-0.876 0.482 0. -233.589 0.482 0.876 0. 262.852 0. 0. -1. 0.
-0.869 0.495 0. -234.753 0.495 0.869 0. 263.495 0. 0. -1. 0.
-0.872 0.490 0. -235.908 0.490 0.872 0. 264.227 0. 0. -1. 0.
-0.879 0.476 0. -236.880 0.476 0.879 0. 264.850 0. 0. -1. 0.
-0.885 0.466 0. -237.893 0.466 0.885 0. 265.330 0. 0. -1. 0.
-0.894 0.448 0. -238.791 0.448 0.894 0. 265.778 0. 0. -1. 0.
-0.901 0.434 0. -239.690 0.434 0.901 0. 266.276 0. 0. -1. 0.
-0.905 0.426 0. -240.462 0.426 0.905 0. 266.548 0. 0. -1. 0.
-0.909 0.417 0. -241.031 0.417 0.909 0. 266.939 0. 0. -1. 0.
-0.914 0.406 0. -241.644 0.406 0.914 0. 267.386 0. 0. -1. 0.
-0.915 0.404 0. -242.106 0.404 0.915 0. 267.412 0. 0. -1. 0.
-0.917 0.399 0. -242.451 0.399 0.917 0. 267.648 0. 0. -1. 0.
-0.919 0.394 0. -242.832 0.394 0.919 0. 267.738 0. 0. -1. 0.
-0.920 0.393 0. -243.147 0.393 0.920 0. 267.928 0. 0. -1. 0.
-0.917 0.398 0. -243.337 0.398 0.917 0. 267.825 0. 0. -1. 0.
-0.920 0.393 0. -243.567 0.393 0.920 0. 268.056 0. 0. -1. 0.
-0.920 0.393 0. -243.721 0.393 0.920 0. 268.112 0. 0. -1. 0.
-0.919 0.394 0. -243.731 0.394 0.919 0. 267.988 0. 0. -1. 0.
-0.919 0.394 0. -243.833 0.394 0.919 0. 268.147 0. 0. -1. 0.
-0.918 0.397 0. -243.756 0.397 0.918 0. 268.086 0. 0. -1. 0.
-0.916 0.401 0. -243.816 0.401 0.916 0. 268.161 0. 0. -1. 0.
-0.920 0.392 0. -243.777 0.392 0.920 0. 268.185 0. 0. -1. 0.
-0.920 0.393 0. -243.877 0.393 0.920 0. 268.161 0. 0. -1. 0.
-0.919 0.394 0. -243.804 0.394 0.919 0. 268.204 0. 0. -1. 0.
-0.918 0.398 0. -243.741 0.398 0.918 0. 268.033 0. 0. -1. 0.
-0.918 0.396 0. -243.799 0.396 0.918 0. 267.991 0. 0. -1. 0.
-0.918 0.397 0. -243.826 0.397 0.918 0. 268.051 0. 0. -1. 0.
-0.920 0.392 0. -243.774 0.392 0.920 0. 268.112 0. 0. -1. 0.
-0.920 0.393 0. -243.832 0.393 0.920 0. 268.182 0. 0. -1. 0.
-0.917 0.399 0. -243.836 0.399 0.917 0. 268.149 0. 0. -1. 0.
-0.920 0.393 0. -243.757 0.393 0.920 0. 268.140 0. 0. -1. 0.
-0.918 0.397 0. -243.893 0.397 0.918 0. 268.193 0. 0. -1. 0.
-0.919 0.394 0. -243.740 0.394 0.919 0. 268.231 0. 0. -1. 0.
-0.919 0.394 0. -243.823 0.394 0.919 0. 268.113 0. 0. -1. 0.
-0.919 0.394 0. -243.815 0.394 0.919 0. 268.162 0. 0. -1. 0.
-0.920 0.392 0. -243.814 0.392 0.920 0. 268.125 0. 0. -1. 0.
-0.918 0.396 0. -243.848 0.396 0.918 0. 268.028 0. 0. -1. 0.
-0.919 0.394 0. -243.799 0.394 0.919 0. 268.006 0. 0. -1. 0.
-0.918 0.397 0. -243.775 0.397 0.918 0. 268.086 0. 0. -1. 0.
-0.920 0.392 0. -243.788 0.392 0.920 0. 268.147 0. 0. -1. 0.
-0.918 0.397 0. -243.882 0.397 0.918 0. 268.202 0. 0. -1. 0.
-0.919 0.394 0. -243.701 0.394 0.919 0. 268.030 0. 0. -1. 0.
-0.917 0.399 0. -243.895 0.399 0.917 0. 268.230 0. 0. -1. 0.
-0.919 0.393 0. -243.789 0.393 0.919 0. 268.165 0. 0. -1. 0.
-0.916 0.400 0. -243.867 0.400 0.916 0. 268.177 0. 0. -1. 0.
-0.920 0.392 0. -243.734 0.392 0.920 0. 268.161 0. 0. -1. 0.
-0.919 0.394 0. -243.916 0.394 0.919 0. 268.221 0. 0. -1. 0.
-0.918 0.397 0. -243.786 0.397 0.918 0. 268.059 0. 0. -1. 0.
-0.916 0.401 0. -244.066 0.401 0.916 0. 268.284 0. 0. -1. 0.
-0.918 0.396 0. -244.210 0.396 0.918 0. 268.373 0. 0. -1. 0.
-0.918 0.397 0. -244.553 0.397 0.918 0. 268.519 0. 0. -1. 0.
-0.918 0.397 0. -244.725 0.397 0.918 0. 268.593 0. 0. -1. 0.
-0.914 0.405 0. -245.199 0.405 0.914 0. 268.731 0. 0. -1. 0.
-0.915 0.402 0. -245.548 0.402 0.915 0. 268.875 0. 0. -1. 0.
-0.913 0.409 0. -246.202 0.409 0.913 0. 269.206 0. 0. -1. 0.
-0.908 0.419 0. -246.774 0.419 0.908 0. 269.443 0. 0. -1. 0.
-0.901 0.433 0. -247.485 0.433 0.901 0. 269.768 0. 0. -1. 0.
-0.888 0.460 0. -248.028 0.460 0.888 0. 270.047 0. 0. -1. 0.
-0.865 0.501 0. -248.527 0.501 0.865 0. 270.505 0. 0. -1. 0.
-0.834 0.551 0. -249.045 0.551 0.834 0. 270.875 0. 0. -1. 0.
-0.795 0.607 0. -249.498 0.607 0.795 0. 271.205 0. 0. -1. 0.
-0.746 0.666 0. -250.032 0.666 0.746 0. 271.763 0. 0. -1. 0.
-0.692 0.722 0. -250.271 0.722 0.692 0. 272.178 0. 0. -1. 0.
-0.626 0.780 0. -250.771 0.780 0.626 0. 272.908 0. 0. -1. 0.
-0.538 0.843 0. -251.131 0.843 0.538 0. 273.305 0. 0. -1. 0.
-0.456 0.890 0. -251.280 0.890 0.456 0. 274.136 0. 0. -1. 0.
-0.352 0.936 0. -251.571 0.936 0.352 0. 274.967 0. 0. -1. 0.
-0.251 0.968 0. -251.830 0.968 0.251 0. 275.940 0. 0. -1. 0.
-0.154 0.988 0. -251.875 0.988 0.154 0. 276.849 0. 0. -1. 0.
-0.073 0.997 0. -251.841 0.997 0.073 0. 277.954 0. 0. -1. 0.
-0.006 1. 0. -251.737 1. 0.006 0. 279.077 0. 0. -1. 0.
0.047 0.999 0. -251.808 0.999 -0.047 -0. 280.324 0. 0. -1. 0.
0.079 0.997 0. -251.573 0.997 -0.079 -0. 281.565 0. 0. -1. 0.
0.103 0.995 0. -251.416 0.995 -0.103 -0. 282.942 0. 0. -1. 0.
0.126 0.992 0. -251.242 0.992 -0.126 -0. 284.454 0. 0. -1. 0.
0.150 0.989 0. -250.963 0.989 -0.150 -0. 285.993 0. 0. -1. 0.
0.175 0.985 0. -250.596 0.985 -0.175 -0. 287.486 0. 0. -1. 0.
0.196 0.981 0. -250.266 0.981 -0.196 -0. 289.144 0. 0. -1. 0.
0.207 0.978 0. -249.884 0.978 -0.207 -0. 291.001 0. 0. -1. 0.
0.211 0.977 0. -249.444 0.977 -0.211 -0. 292.894 0. 0. -1. 0.
0.227 0.974 0. -249.046 0.974 -0.227 -0. 294.881 0. 0. -1. 0.
0.232 0.973 0. -248.459 0.973 -0.232 -0. 296.791 0. 0. -1. 0.
0.231 0.973 0. -247.843 0.973 -0.231 -0. 298.845 0. 0. -1. 0.
0.237 0.971 0. -247.255 0.971 -0.237 -0. 300.995 0. 0. -1. 0.
0.239 0.971 0. -246.709 0.971 -0.239 -0. 303.062 0. 0. -1. 0.
0.244 0.970 0. -246.214 0.970 -0.244 -0. 305.311 0. 0. -1. 0.
0.246 0.969 0. -245.588 0.969 -0.246 -0. 307.572 0. 0. -1. 0.
0.248 0.969 0. -244.931 0.969 -0.248 -0. 309.965 0. 0. -1. 0.
0.254 0.967 0. -244.271 0.967 -0.254 -0. 312.305 0. 0. -1. 0.
0.257 0.966 0. -243.486 0.966 -0.257 -0. 314.756 0. 0. -1. 0.
0.257 0.966 0. -242.739 0.966 -0.257 -0. 317.295 0. 0. -1. 0.
0.258 0.966 0. -242.015 0.966 -0.258 -0. 319.886 0. 0. -1. 0.
0.265 0.964 0. -241.371 0.964 -0.265 -0. 322.537 0. 0. -1. 0.
0.262 0.965 0. -240.569 0.965 -0.262 -0. 325.213 0. 0. -1. 0.
0.261 0.965 0. -239.738 0.965 -0.261 -0. 327.963 0. 0. -1. 0.
0.260 0.966 0. -238.979 0.966 -0.260 -0. 330.840 0. 0. -1. 0.
0.264 0.965 0. -238.109 0.965 -0.264 -0. 333.579 0. 0. -1. 0.
0.262 0.965 0. -237.150 0.965 -0.262 -0. 336.522 0. 0. -1. 0.
0.267 0.964 0. -236.390 0.964 -0.267 -0. 339.504 0. 0. -1. 0.
0.263 0.965 0. -235.480 0.965 -0.263 -0. 342.524 0. 0. -1. 0.
0.268 0.964 0. -234.676 0.964 -0.268 -0. 345.572 0. 0. -1. 0.
0.270 0.963 0. -233.737 0.963 -0.270 -0. 348.677 0. 0. -1. 0.
0.268 0.963 0. -232.846 0.963 -0.268 -0. 351.764 0. 0. -1. 0.
0.268 0.963 0. -231.928 0.963 -0.268 -0. 354.891 0. 0. -1. 0.
0.261 0.965 0. -231.027 0.965 -0.261 -0. 358.153 0. 0. -1. 0.
0.262 0.965 0. -230.078 0.965 -0.262 -0. 361.366 0. 0. -1. 0.
0.272 0.962 0. -229.076 0.962 -0.272 -0. 364.599 0. 0. -1. 0.
0.265 0.964 0. -228.074 0.964 -0.265 -0. 367.801 0. 0. -1. 0.
0.265 0.964 0. -227.144 0.964 -0.265 -0. 371.096 0. 0. -1. 0.
0.263 0.965 0. -226.157 0.965 -0.263 -0. 374.331 0. 0. -1. 0.
0.270 0.963 0. -225.312 0.963 -0.270 -0. 377.631 0. 0. -1. 0.
0.266 0.964 0. -224.330 0.964 -0.266 -0. 380.887 0. 0. -1. 0.
0.268 0.963 0. -223.467 0.963 -0.268 -0. 384.260 0. 0. -1. 0.
0.266 0.964 0. -222.453 0.964 -0.266 -0. 387.531 0. 0. -1. 0.
0.266 0.964 0. -221.451 0.964 -0.266 -0. 390.825 0. 0. -1. 0.
0.267 0.964 0. -220.470 0.964 -0.267 -0. 394.211 0. 0. -1. 0.
0.266 0.964 0. -219.396 0.964 -0.266 -0. 397.555 0. 0. -1. 0.
0.267 0.964 0. -218.532 0.964 -0.267 -0. 400.964 0. 0. -1. 0.
0.267 0.964 0. -217.525 0.964 -0.267 -0. 404.435 0. 0. -1. 0.
0.266 0.964 0. -216.406 0.964 -0.266 -0. 407.863 0. 0. -1. 0.
0.265 0.964 0. -215.449 0.964 -0.265 -0. 411.292 0. 0. -1. 0.
0.264 0.964 0. -214.550 0.964 -0.264 -0. 414.712 0. 0. -1. 0.
0.266 0.964 0. -213.498 0.964 -0.266 -0. 418.088 0. 0. -1. 0.
0.265 0.964 0. -212.598 0.964 -0.265 -0. 421.462 0. 0. -1. 0.
0.258 0.966 0. -211.526 0.966 -0.258 -0. 424.722 0. 0. -1. 0.
0.254 0.967 0. -210.717 0.967 -0.254 -0. 428.101 0. 0. -1. 0.
0.255 0.967 0. -209.658 0.967 -0.255 -0. 431.455 0. 0. -1. 0.
0.259 0.966 0. -208.707 0.966 -0.259 -0. 434.713 0. 0. -1. 0.
0.256 0.967 0. -207.710 0.967 -0.256 -0. 437.962 0. 0. -1. 0.
0.257 0.966 0. -206.848 0.966 -0.257 -0. 441.398 0. 0. -1. 0.
0.258 0.966 0. -205.947 0.966 -0.258 -0. 444.701 0. 0. -1. 0.
0.257 0.966 0. -204.939 0.966 -0.257 -0. 447.994 0. 0. -1. 0.
0.257 0.966 0. -203.984 0.966 -0.257 -0. 451.404 0. 0. -1. 0.
0.264 0.964 0. -202.824 0.964 -0.264 -0. 454.691 0. 0. -1. 0.
0.261 0.965 0. -201.984 0.965 -0.261 -0. 458.146 0. 0. -1. 0.
0.260 0.966 0. -201.144 0.966 -0.260 -0. 461.626 0. 0. -1. 0.
0.259 0.966 0. -200.047 0.966 -0.259 -0. 465.063 0. 0. -1. 0.
0.261 0.965 0. -199.002 0.965 -0.261 -0. 468.524 0. 0. -1. 0.
0.259 0.966 0. -198.048 0.966 -0.259 -0. 471.885 0. 0. -1. 0.
0.263 0.965 0. -197.038 0.965 -0.263 -0. 475.300 0. 0. -1. 0.
0.263 0.965 0. -196.052 0.965 -0.263 -0. 478.705 0. 0. -1. 0.
0.263 0.965 0. -195.128 0.965 -0.263 -0. 482.231 0. 0. -1. 0.
0.265 0.964 0. -194.172 0.964 -0.265 -0. 485.710 0. 0. -1. 0.
0.266 0.964 0. -193.229 0.964 -0.266 -0. 489.124 0. 0. -1. 0.
0.270 0.963 0. -192.100 0.963 -0.270 -0. 492.619 0. 0. -1. 0.
0.269 0.963 0. -191.067 0.963 -0.269 -0. 496.164 0. 0. -1. 0.
0.269 0.963 0. -190.059 0.963 -0.269 -0. 499.729 0. 0. -1. 0.
0.265 0.964 0. -188.899 0.964 -0.265 -0. 503.332 0. 0. -1. 0.
0.271 0.962 0. -187.818 0.962 -0.271 -0. 506.954 0. 0. -1. 0.
0.262 0.965 0. -186.635 0.965 -0.262 -0. 510.572 0. 0. -1. 0.
0.263 0.965 0. -185.694 0.965 -0.263 -0. 514.260 0. 0. -1. 0.
0.260 0.966 0. -184.487 0.966 -0.260 -0. 517.923 0. 0. -1. 0.
0.261 0.965 0. -183.458 0.965 -0.261 -0. 521.643 0. 0. -1. 0.
0.260 0.966 0. -182.465 0.966 -0.260 -0. 525.316 0. 0. -1. 0.
0.260 0.965 0. -181.470 0.965 -0.260 -0. 529.031 0. 0. -1. 0.
0.261 0.965 0. -180.469 0.965 -0.261 -0. 532.618 0. 0. -1. 0.
0.262 0.965 0. -179.387 0.965 -0.262 -0. 536.361 0. 0. -1. 0.
0.259 0.966 0. -178.261 0.966 -0.259 -0. 539.969 0. 0. -1. 0.
0.261 0.965 0. -177.288 0.965 -0.261 -0. 543.735 0. 0. -1. 0.
0.262 0.965 0. -176.135 0.965 -0.262 -0. 547.400 0. 0. -1. 0.
0.253 0.968 0. -175.202 0.968 -0.253 -0. 551.154 0. 0. -1. 0.
0.251 0.968 0. -174.207 0.968 -0.251 -0. 554.978 0. 0. -1. 0.
0.248 0.969 0. -173.040 0.969 -0.248 -0. 558.676 0. 0. -1. 0.
0.248 0.969 0. -172.109 0.969 -0.248 -0. 562.458 0. 0. -1. 0.
0.243 0.970 0. -171.049 0.970 -0.243 -0. 566.183 0. 0. -1. 0.
0.245 0.970 0. -170.128 0.970 -0.245 -0. 569.959 0. 0. -1. 0.
0.233 0.972 0. -169.071 0.972 -0.233 -0. 573.661 0. 0. -1. 0.
0.227 0.974 0. -168.152 0.974 -0.227 -0. 577.401 0. 0. -1. 0.
0.217 0.976 0. -167.314 0.976 -0.217 -0. 581.321 0. 0. -1. 0.
0.214 0.977 0. -166.352 0.977 -0.214 -0. 585.175 0. 0. -1. 0.
0.213 0.977 0. -165.449 0.977 -0.213 -0. 588.970 0. 0. -1. 0.
0.202 0.979 0. -164.560 0.979 -0.202 -0. 592.809 0. 0. -1. 0.
0.197 0.980 0. -163.626 0.980 -0.197 -0. 596.787 0. 0. -1. 0.
0.196 0.981 0. -162.966 0.981 -0.196 -0. 600.650 0. 0. -1. 0.
0.191 0.982 0. -162.197 0.982 -0.191 -0. 604.502 0. 0. -1. 0.
0.183 0.983 0. -161.437 0.983 -0.183 -0. 608.379 0. 0. -1. 0.
0.180 0.984 0. -160.620 0.984 -0.180 -0. 612.204 0. 0. -1. 0.
0.171 0.985 0. -159.850 0.985 -0.171 -0. 615.939 0. 0. -1. 0.
0.161 0.987 0. -159.268 0.987 -0.161 -0. 619.971 0. 0. -1. 0.
0.153 0.988 0. -158.428 0.988 -0.153 -0. 623.898 0. 0. -1. 0.
0.142 0.990 0. -157.819 0.990 -0.142 -0. 627.764 0. 0. -1. 0.
0.137 0.991 0. -157.161 0.991 -0.137 -0. 631.735 0. 0. -1. 0.
0.121 0.993 0. -156.692 0.993 -0.121 -0. 635.747 0. 0. -1. 0.
0.110 0.994 0. -156.036 0.994 -0.110 -0. 639.753 0. 0. -1. 0.
0.099 0.995 0. -155.439 0.995 -0.099 -0. 643.832 0. 0. -1. 0.
0.091 0.996 0. -154.993 0.996 -0.091 -0. 648.019 0. 0. -1. 0.
0.081 0.997 0. -154.596 0.997 -0.081 -0. 652.112 0. 0. -1. 0.
0.075 0.997 0. -154.111 0.997 -0.075 -0. 656.102 0. 0. -1. 0.
0.071 0.997 0. -153.932 0.997 -0.071 -0. 660.362 0. 0. -1. 0.
0.072 0.997 0. -153.567 0.997 -0.072 -0. 664.513 0. 0. -1. 0.
0.064 0.998 0. -153.065 0.998 -0.064 -0. 668.711 0. 0. -1. 0.
0.067 0.998 0. -152.886 0.998 -0.067 -0. 672.913 0. 0. -1. 0.
0.065 0.998 0. -152.566 0.998 -0.065 -0. 677.091 0. 0. -1. 0.
0.060 0.998 0. -152.263 0.998 -0.060 -0. 681.342 0. 0. -1. 0.
0.061 0.998 0. -151.897 0.998 -0.061 -0. 685.656 0. 0. -1. 0.
0.064 0.998 0. -151.519 0.998 -0.064 -0. 690.042 0. 0. -1. 0.
0.063 0.998 0. -151.203 0.998 -0.063 -0. 694.207 0. 0. -1. 0.
0.066 0.998 0. -150.840 0.998 -0.066 -0. 698.565 0. 0. -1. 0.
0.068 0.998 0. -150.501 0.998 -0.068 -0. 702.865 0. 0. -1. 0.
0.063 0.998 0. -150.028 0.998 -0.063 -0. 707.175 0. 0. -1. 0.
0.061 0.998 0. -149.774 0.998 -0.061 -0. 711.446 0. 0. -1. 0.
0.062 0.998 0. -149.348 0.998 -0.062 -0. 715.770 0. 0. -1. 0.
0.064 0.998 0. -148.943 0.998 -0.064 -0. 720.007 0. 0. -1. 0.
0.068 0.998 0. -148.665 0.998 -0.068 -0. 724.322 0. 0. -1. 0.
0.061 0.998 0. -148.222 0.998 -0.061 -0. 728.663 0. 0. -1. 0.
0.055 0.998 0. -147.944 0.998 -0.055 -0. 732.935 0. 0. -1. 0.
0.057 0.998 0. -147.640 0.998 -0.057 -0. 737.292 0. 0. -1. 0.
0.056 0.998 0. -147.292 0.998 -0.056 -0. 741.545 0. 0. -1. 0.
0.052 0.999 0. -146.928 0.999 -0.052 -0. 745.843 0. 0. -1. 0.
