0.978 0.209 0. -1.747 0.209 -0.978 0. 0.024 0. 0. -1. 0.
0.978 0.209 0. -1.747 0.209 -0.978 0. 0.024 0. 0. -1. 0.
0.978 0.209 0. -1.747 0.209 -0.978 0. 0.024 0. 0. -1. 0.
0.978 0.209 0. -1.747 0.209 -0.978 0. 0.024 0. 0. -1. 0.
0.978 0.209 0. -1.747 0.209 -0.978 0. 0.024 0. 0. -1. 0.
0.978 0.209 0. -1.747 0.209 -0.978 0. 0.024 0. 0. -1. 0.
0.978 0.209 0. -1.747 0.209 -0.978 0. 0.024 0. 0. -1. 0.
0.978 0.209 0. -1.747 0.209 -0.978 0. 0.024 0. 0. -1. 0.
0.978 0.210 0. -1.747 0.210 -0.978 0. 0.024 0. 0. -1. 0.
0.978 0.210 0. -1.747 0.210 -0.978 0. 0.024 0. 0. -1. 0.
0.978 0.210 0. -1.747 0.210 -0.978 0. 0.024 0. 0. -1. 0.
0.978 0.210 0. -1.747 0.210 -0.978 0. 0.024 0. 0. -1. 0.
0.978 0.210 0. -1.747 0.210 -0.978 0. 0.024 0. 0. -1. 0.
0.978 0.210 0. -1.747 0.210 -0.978 0. 0.024 0. 0. -1. 0.
0.978 0.210 0. -1.747 0.210 -0.978 0. 0.023 0. 0. -1. 0.
0.978 0.210 0. -1.742 0.210 -0.978 0. 0.024 0. 0. -1. 0.
0.978 0.209 0. -1.714 0.209 -0.978 0. 0.030 0. 0. -1. 0.
0.978 0.209 0. -1.673 0.209 -0.978 0. 0.038 0. 0. -1. 0.
0.978 0.208 0. -1.618 0.208 -0.978 0. 0.048 0. 0. -1. 0.
0.979 0.206 0. -1.539 0.206 -0.979 0. 0.062 0. 0. -1. 0.
0.979 0.203 0. -1.423 0.203 -0.979 0. 0.082 0. 0. -1. 0.
0.980 0.199 0. -1.248 0.199 -0.980 0. 0.113 0. 0. -1. 0.
0.982 0.191 0. -0.982 0.191 -0.982 0. 0.157 0. 0. -1. 0.
0.983 0.181 0. -0.616 0.181 -0.983 0. 0.214 0. 0. -1. 0.
0.985 0.170 0. -0.143 0.170 -0.985 0. 0.280 0. 0. -1. 0.
0.987 0.160 0. 0.427 0.160 -0.987 0. 0.361 0. 0. -1. 0.
0.989 0.151 0. 1.079 0.151 -0.989 0. 0.451 0. 0. -1. 0.
0.990 0.142 0. 1.815 0.142 -0.990 0. 0.537 0. 0. -1. 0.
0.991 0.134 0. 2.633 0.134 -0.991 0. 0.638 0. 0. -1. 0.
0.992 0.128 0. 3.535 0.128 -0.992 0. 0.752 0. 0. -1. 0.
0.992 0.124 0. 4.505 0.124 -0.992 0. 0.870 0. 0. -1. 0.
0.993 0.122 0. 5.516 0.122 -0.993 0. 0.986 0. 0. -1. 0.
0.993 0.120 0. 6.578 0.120 -0.993 0. 1.109 0. 0. -1. 0.
0.993 0.117 0. 7.683 0.117 -0.993 0. 1.244 0. 0. -1. 0.
0.993 0.115 0. 8.832 0.115 -0.993 0. 1.353 0. 0. -1. 0.
0.994 0.113 0. 10.001 0.113 -0.994 0. 1.468 0. 0. -1. 0.
0.994 0.113 0. 11.226 0.113 -0.994 0. 1.576 0. 0. -1. 0.
0.993 0.115 0. 12.525 0.115 -0.993 0. 1.699 0. 0. -1. 0.
0.993 0.119 0. 13.838 0.119 -0.993 0. 1.827 0. 0. -1. 0.
0.992 0.124 0. 15.183 0.124 -0.992 0. 1.957 0. 0. -1. 0.
0.991 0.131 0. 16.617 0.131 -0.991 0. 2.116 0. 0. -1. 0.
0.990 0.138 0. 18.058 0.138 -0.990 0. 2.282 0. 0. -1. 0.
0.989 0.146 0. 19.543 0.146 -0.989 0. 2.467 0. 0. -1. 0.
0.988 0.153 0. 21.074 0.153 -0.988 0. 2.672 0. 0. -1. 0.
0.987 0.161 0. 22.645 0.161 -0.987 0. 2.892 0. 0. -1. 0.
0.986 0.170 0. 24.246 0.170 -0.986 0. 3.134 0. 0. -1. 0.
0.984 0.177 0. 25.869 0.177 -0.984 0. 3.383 0. 0. -1. 0.
0.983 0.184 0. 27.499 0.184 -0.983 0. 3.644 0. 0. -1. 0.
0.982 0.191 0. 29.130 0.191 -0.982 0. 3.900 0. 0. -1. 0.
0.980 0.201 0. 30.830 0.201 -0.980 0. 4.221 0. 0. -1. 0.
0.977 0.211 0. 32.521 0.211 -0.977 0. 4.560 0. 0. -1. 0.
0.976 0.219 0. 34.269 0.219 -0.976 0. 4.921 0. 0. -1. 0.
0.974 0.227 0. 36.082 0.227 -0.974 0. 5.334 0. 0. -1. 0.
0.972 0.234 0. 37.856 0.234 -0.972 0. 5.694 0. 0. -1. 0.
0.971 0.239 0. 39.683 0.239 -0.971 0. 6.108 0. 0. -1. 0.
0.971 0.241 0. 41.557 0.241 -0.971 0. 6.538 0. 0. -1. 0.
0.970 0.243 0. 43.432 0.243 -0.970 0. 6.965 0. 0. -1. 0.
0.969 0.245 0. 45.345 0.245 -0.969 0. 7.404 0. 0. -1. 0.
0.969 0.247 0. 47.287 0.247 -0.969 0. 7.863 0. 0. -1. 0.
0.968 0.250 0. 49.248 0.250 -0.968 0. 8.333 0. 0. -1. 0.
0.967 0.253 0. 51.266 0.253 -0.967 0. 8.795 0. 0. -1. 0.
0.966 0.259 0. 53.251 0.259 -0.966 0. 9.280 0. 0. -1. 0.
0.965 0.262 0. 55.300 0.262 -0.965 0. 9.785 0. 0. -1. 0.
0.964 0.266 0. 57.373 0.266 -0.964 0. 10.298 0. 0. -1. 0.
0.963 0.269 0. 59.444 0.269 -0.963 0. 10.815 0. 0. -1. 0.
0.963 0.271 0. 61.537 0.271 -0.963 0. 11.360 0. 0. -1. 0.
0.963 0.269 0. 63.610 0.269 -0.963 0. 11.915 0. 0. -1. 0.
0.965 0.264 0. 65.699 0.264 -0.965 0. 12.455 0. 0. -1. 0.
0.966 0.260 0. 67.788 0.260 -0.966 0. 12.971 0. 0. -1. 0.
0.967 0.255 0. 69.891 0.255 -0.967 0. 13.484 0. 0. -1. 0.
0.969 0.249 0. 71.981 0.249 -0.969 0. 13.985 0. 0. -1. 0.
0.972 0.237 0. 74.070 0.237 -0.972 0. 14.463 0. 0. -1. 0.
0.976 0.220 0. 76.144 0.220 -0.976 0. 14.913 0. 0. -1. 0.
0.982 0.191 0. 78.201 0.191 -0.982 0. 15.302 0. 0. -1. 0.
0.988 0.157 0. 80.273 0.157 -0.988 0. 15.628 0. 0. -1. 0.
0.994 0.112 0. 82.319 0.112 -0.994 0. 15.849 0. 0. -1. 0.
0.998 0.063 0. 84.324 0.063 -0.998 0. 15.979 0. 0. -1. 0.
1. 0.009 0. 86.355 0.009 -1. 0. 15.996 0. 0. -1. 0.
0.999 -0.048 0. 88.359 -0.048 -0.999 -0. 15.907 0. 0. -1. 0.
0.994 -0.105 0. 90.317 -0.105 -0.994 -0. 15.689 0. 0. -1. 0.
0.987 -0.164 0. 92.233 -0.164 -0.987 -0. 15.369 0. 0. -1. 0.
0.975 -0.221 0. 94.135 -0.221 -0.975 -0. 14.940 0. 0. -1. 0.
0.959 -0.284 0. 95.966 -0.284 -0.959 -0. 14.408 0. 0. -1. 0.
0.939 -0.345 0. 97.752 -0.345 -0.939 -0. 13.741 0. 0. -1. 0.
0.915 -0.404 0. 99.481 -0.404 -0.915 -0. 12.991 0. 0. -1. 0.
0.887 -0.462 0. 101.149 -0.462 -0.887 -0. 12.123 0. 0. -1. 0.
0.854 -0.521 0. 102.699 -0.521 -0.854 -0. 11.181 0. 0. -1. 0.
0.816 -0.578 0. 104.154 -0.578 -0.816 -0. 10.137 0. 0. -1. 0.
0.774 -0.633 0. 105.533 -0.633 -0.774 -0. 8.994 0. 0. -1. 0.
0.732 -0.681 0. 106.830 -0.681 -0.732 -0. 7.802 0. 0. -1. 0.
0.689 -0.724 0. 108.017 -0.724 -0.689 -0. 6.533 0. 0. -1. 0.
0.649 -0.761 0. 109.141 -0.761 -0.649 -0. 5.178 0. 0. -1. 0.
0.617 -0.787 0. 110.191 -0.787 -0.617 -0. 3.774 0. 0. -1. 0.
0.592 -0.806 0. 111.207 -0.806 -0.592 -0. 2.328 0. 0. -1. 0.
0.575 -0.818 0. 112.227 -0.818 -0.575 -0. 0.847 0. 0. -1. 0.
0.566 -0.824 0. 113.237 -0.824 -0.566 -0. -0.660 0. 0. -1. 0.
0.563 -0.826 0. 114.287 -0.826 -0.563 -0. -2.186 0. 0. -1. 0.
0.564 -0.826 0. 115.337 -0.826 -0.564 -0. -3.749 0. 0. -1. 0.
0.569 -0.823 0. 116.396 -0.823 -0.569 -0. -5.329 0. 0. -1. 0.
0.576 -0.818 0. 117.471 -0.818 -0.576 -0. -6.933 0. 0. -1. 0.
0.584 -0.812 0. 118.568 -0.812 -0.584 -0. -8.549 0. 0. -1. 0.
0.597 -0.803 0. 119.705 -0.803 -0.597 -0. -10.168 0. 0. -1. 0.
0.610 -0.792 0. 120.901 -0.792 -0.610 -0. -11.786 0. 0. -1. 0.
0.625 -0.781 0. 122.120 -0.781 -0.625 -0. -13.391 0. 0. -1. 0.
0.641 -0.767 0. 123.348 -0.767 -0.641 -0. -14.958 0. 0. -1. 0.
0.658 -0.753 0. 124.626 -0.753 -0.658 -0. -16.518 0. 0. -1. 0.
0.674 -0.739 0. 125.931 -0.739 -0.674 -0. -18.021 0. 0. -1. 0.
0.686 -0.728 0. 127.242 -0.728 -0.686 -0. -19.495 0. 0. -1. 0.
0.698 -0.716 0. 128.605 -0.716 -0.698 -0. -20.961 0. 0. -1. 0.
0.709 -0.705 0. 129.972 -0.705 -0.709 -0. -22.376 0. 0. -1. 0.
0.722 -0.691 0. 131.332 -0.691 -0.722 -0. -23.750 0. 0. -1. 0.
0.739 -0.674 0. 132.718 -0.674 -0.739 -0. -25.106 0. 0. -1. 0.
0.758 -0.653 0. 134.114 -0.653 -0.758 -0. -26.382 0. 0. -1. 0.
0.778 -0.628 0. 135.525 -0.628 -0.778 -0. -27.591 0. 0. -1. 0.
0.796 -0.606 0. 136.991 -0.606 -0.796 -0. -28.776 0. 0. -1. 0.
0.813 -0.582 0. 138.424 -0.582 -0.813 -0. -29.872 0. 0. -1. 0.
0.828 -0.560 0. 139.903 -0.560 -0.828 -0. -30.923 0. 0. -1. 0.
0.840 -0.543 0. 141.374 -0.543 -0.840 -0. -31.925 0. 0. -1. 0.
0.849 -0.529 0. 142.830 -0.529 -0.849 -0. -32.888 0. 0. -1. 0.
0.856 -0.517 0. 144.297 -0.517 -0.856 -0. -33.799 0. 0. -1. 0.
0.862 -0.508 0. 145.750 -0.508 -0.862 -0. -34.699 0. 0. -1. 0.
0.868 -0.497 0. 147.175 -0.497 -0.868 -0. -35.537 0. 0. -1. 0.
0.877 -0.481 0. 148.570 -0.481 -0.877 -0. -36.349 0. 0. -1. 0.
0.892 -0.452 0. 149.944 -0.452 -0.892 -0. -37.105 0. 0. -1. 0.
0.914 -0.407 0. 151.289 -0.407 -0.914 -0. -37.754 0. 0. -1. 0.
0.940 -0.342 0. 152.594 -0.342 -0.940 -0. -38.285 0. 0. -1. 0.
0.965 -0.263 0. 153.883 -0.263 -0.965 -0. -38.681 0. 0. -1. 0.
0.984 -0.176 0. 155.107 -0.176 -0.984 -0. -38.925 0. 0. -1. 0.
0.997 -0.079 0. 156.266 -0.079 -0.997 -0. -39.054 0. 0. -1. 0.
0.999 0.034 0. 157.377 0.034 -0.999 0. -39.039 0. 0. -1. 0.
0.986 0.165 0. 158.445 0.165 -0.986 0. -38.886 0. 0. -1. 0.
0.951 0.308 0. 159.442 0.308 -0.951 0. -38.595 0. 0. -1. 0.
0.888 0.461 0. 160.345 0.461 -0.888 0. -38.136 0. 0. -1. 0.
0.792 0.610 0. 161.132 0.610 -0.792 0. -37.544 0. 0. -1. 0.
0.669 0.743 0. 161.777 0.743 -0.669 0. -36.820 0. 0. -1. 0.
0.519 0.855 0. 162.264 0.855 -0.519 0. -36.007 0. 0. -1. 0.
0.346 0.938 0. 162.593 0.938 -0.346 0. -35.141 0. 0. -1. 0.
0.158 0.987 0. 162.727 0.987 -0.158 0. -34.228 0. 0. -1. 0.
-0.038 0.999 0. 162.680 0.999 0.038 0. -33.327 0. 0. -1. 0.
-0.230 0.973 0. 162.470 0.973 0.230 0. -32.459 0. 0. -1. 0.
-0.410 0.912 0. 162.095 0.912 0.410 0. -31.647 0. 0. -1. 0.
-0.570 0.822 0. 161.567 0.822 0.570 0. -30.905 0. 0. -1. 0.
-0.703 0.711 0. 160.904 0.711 0.703 0. -30.230 0. 0. -1. 0.
-0.806 0.592 0. 160.102 0.592 0.806 0. -29.628 0. 0. -1. 0.
-0.879 0.476 0. 159.190 0.476 0.879 0. -29.128 0. 0. -1. 0.
-0.930 0.369 0. 158.208 0.369 0.930 0. -28.708 0. 0. -1. 0.
-0.961 0.275 0. 157.163 0.275 0.961 0. -28.397 0. 0. -1. 0.
-0.980 0.201 0. 156.042 0.201 0.980 0. -28.153 0. 0. -1. 0.
-0.989 0.150 0. 154.864 0.150 0.989 0. -27.956 0. 0. -1. 0.
-0.993 0.119 0. 153.662 0.119 0.993 0. -27.799 0. 0. -1. 0.
-0.995 0.103 0. 152.430 0.103 0.995 0. -27.632 0. 0. -1. 0.
-0.995 0.096 0. 151.141 0.096 0.995 0. -27.499 0. 0. -1. 0.
-0.995 0.096 0. 149.803 0.096 0.995 0. -27.336 0. 0. -1. 0.
-0.995 0.104 0. 148.424 0.104 0.995 0. -27.188 0. 0. -1. 0.
-0.993 0.122 0. 147.021 0.122 0.993 0. -27.000 0. 0. -1. 0.
-0.989 0.150 0. 145.571 0.150 0.989 0. -26.756 0. 0. -1. 0.
-0.983 0.185 0. 144.080 0.185 0.983 0. -26.458 0. 0. -1. 0.
-0.974 0.225 0. 142.588 0.225 0.974 0. -26.076 0. 0. -1. 0.
-0.963 0.269 0. 141.080 0.269 0.963 0. -25.631 0. 0. -1. 0.
-0.949 0.315 0. 139.555 0.315 0.949 0. -25.093 0. 0. -1. 0.
-0.932 0.361 0. 138.030 0.361 0.932 0. -24.483 0. 0. -1. 0.
-0.913 0.408 0. 136.516 0.408 0.913 0. -23.797 0. 0. -1. 0.
-0.891 0.455 0. 135.013 0.455 0.891 0. -23.020 0. 0. -1. 0.
-0.865 0.502 0. 133.528 0.502 0.865 0. -22.149 0. 0. -1. 0.
-0.837 0.548 0. 132.064 0.548 0.837 0. -21.161 0. 0. -1. 0.
-0.805 0.593 0. 130.660 0.593 0.805 0. -20.085 0. 0. -1. 0.
-0.772 0.636 0. 129.282 0.636 0.772 0. -18.926 0. 0. -1. 0.
-0.736 0.677 0. 127.946 0.677 0.736 0. -17.690 0. 0. -1. 0.
-0.697 0.717 0. 126.669 0.717 0.697 0. -16.388 0. 0. -1. 0.
-0.661 0.751 0. 125.441 0.751 0.661 0. -14.986 0. 0. -1. 0.
-0.629 0.777 0. 124.257 0.777 0.629 0. -13.502 0. 0. -1. 0.
-0.604 0.797 0. 123.159 0.797 0.604 0. -11.987 0. 0. -1. 0.
-0.581 0.814 0. 122.081 0.814 0.581 0. -10.405 0. 0. -1. 0.
-0.560 0.829 0. 121.027 0.829 0.560 0. -8.782 0. 0. -1. 0.
-0.543 0.839 0. 120.010 0.839 0.543 0. -7.144 0. 0. -1. 0.
-0.530 0.848 0. 118.996 0.848 0.530 0. -5.467 0. 0. -1. 0.
-0.522 0.853 0. 118.014 0.853 0.522 0. -3.780 0. 0. -1. 0.
-0.523 0.852 0. 117.040 0.852 0.523 0. -2.092 0. 0. -1. 0.
-0.533 0.846 0. 116.040 0.846 0.533 0. -0.410 0. 0. -1. 0.
-0.551 0.835 0. 115.022 0.835 0.551 0. 1.252 0. 0. -1. 0.
-0.576 0.818 0. 113.960 0.818 0.576 0. 2.880 0. 0. -1. 0.
-0.610 0.792 0. 112.839 0.792 0.610 0. 4.460 0. 0. -1. 0.
-0.650 0.760 0. 111.651 0.760 0.650 0. 5.963 0. 0. -1. 0.
-0.692 0.722 0. 110.375 0.722 0.692 0. 7.403 0. 0. -1. 0.
-0.731 0.682 0. 109.061 0.682 0.731 0. 8.722 0. 0. -1. 0.
-0.769 0.639 0. 107.664 0.639 0.769 0. 9.969 0. 0. -1. 0.
-0.809 0.588 0. 106.195 0.588 0.809 0. 11.137 0. 0. -1. 0.
-0.846 0.534 0. 104.663 0.534 0.846 0. 12.192 0. 0. -1. 0.
-0.879 0.477 0. 103.064 0.477 0.879 0. 13.143 0. 0. -1. 0.
-0.908 0.419 0. 101.388 0.419 0.908 0. 13.998 0. 0. -1. 0.
-0.933 0.360 0. 99.651 0.360 0.933 0. 14.732 0. 0. -1. 0.
-0.954 0.301 0. 97.884 0.301 0.954 0. 15.372 0. 0. -1. 0.
-0.971 0.239 0. 96.083 0.239 0.971 0. 15.878 0. 0. -1. 0.
-0.984 0.178 0. 94.244 0.178 0.984 0. 16.290 0. 0. -1. 0.
-0.993 0.114 0. 92.367 0.114 0.993 0. 16.581 0. 0. -1. 0.
-0.999 0.054 0. 90.484 0.054 0.999 0. 16.775 0. 0. -1. 0.
-1. -0.005 0. 88.582 -0.005 1. 0. 16.846 -0. 0. -1. 0.
-0.998 -0.062 0. 86.635 -0.062 0.998 0. 16.776 -0. 0. -1. 0.
-0.993 -0.114 0. 84.677 -0.114 0.993 0. 16.614 -0. 0. -1. 0.
-0.988 -0.157 0. 82.725 -0.157 0.988 0. 16.351 -0. 0. -1. 0.
-0.982 -0.189 0. 80.765 -0.189 0.982 0. 16.020 -0. 0. -1. 0.
-0.977 -0.212 0. 78.747 -0.212 0.977 0. 15.659 -0. 0. -1. 0.
-0.973 -0.232 0. 76.752 -0.232 0.973 0. 15.209 -0. 0. -1. 0.
-0.970 -0.243 0. 74.735 -0.243 0.970 0. 14.751 -0. 0. -1. 0.
-0.968 -0.251 0. 72.667 -0.251 0.968 0. 14.263 -0. 0. -1. 0.
-0.967 -0.256 0. 70.592 -0.256 0.967 0. 13.759 -0. 0. -1. 0.
-0.966 -0.260 0. 68.492 -0.260 0.966 0. 13.241 -0. 0. -1. 0.
-0.965 -0.262 0. 66.384 -0.262 0.965 0. 12.717 -0. 0. -1. 0.
-0.964 -0.265 0. 64.299 -0.265 0.964 0. 12.174 -0. 0. -1. 0.
-0.964 -0.265 0. 62.210 -0.265 0.964 0. 11.628 -0. 0. -1. 0.
-0.965 -0.264 0. 60.151 -0.264 0.965 0. 11.115 -0. 0. -1. 0.
-0.965 -0.262 0. 58.084 -0.262 0.965 0. 10.612 -0. 0. -1. 0.
-0.965 -0.260 0. 56.032 -0.260 0.965 0. 10.114 -0. 0. -1. 0.
-0.966 -0.258 0. 53.990 -0.258 0.966 0. 9.614 -0. 0. -1. 0.
-0.967 -0.254 0. 51.995 -0.254 0.967 0. 9.125 -0. 0. -1. 0.
-0.969 -0.245 0. 49.998 -0.245 0.969 0. 8.666 -0. 0. -1. 0.
-0.972 -0.237 0. 47.992 -0.237 0.972 0. 8.220 -0. 0. -1. 0.
-0.975 -0.223 0. 46.023 -0.223 0.975 0. 7.791 -0. 0. -1. 0.
-0.978 -0.208 0. 44.026 -0.208 0.978 0. 7.403 -0. 0. -1. 0.
-0.982 -0.191 0. 42.043 -0.191 0.982 0. 7.055 -0. 0. -1. 0.
-0.983 -0.182 0. 40.049 -0.182 0.983 0. 6.731 -0. 0. -1. 0.
-0.983 -0.183 0. 38.063 -0.183 0.983 0. 6.424 -0. 0. -1. 0.
-0.981 -0.192 0. 36.093 -0.192 0.981 0. 6.077 -0. 0. -1. 0.
-0.980 -0.199 0. 34.104 -0.199 0.980 0. 5.718 -0. 0. -1. 0.
-0.979 -0.206 0. 32.123 -0.206 0.979 0. 5.350 -0. 0. -1. 0.
-0.978 -0.211 0. 30.136 -0.211 0.978 0. 4.973 -0. 0. -1. 0.
-0.976 -0.217 0. 28.097 -0.217 0.976 0. 4.561 -0. 0. -1. 0.
-0.976 -0.218 0. 26.090 -0.218 0.976 0. 4.152 -0. 0. -1. 0.
-0.977 -0.214 0. 24.019 -0.214 0.977 0. 3.741 -0. 0. -1. 0.
-0.978 -0.206 0. 21.929 -0.206 0.978 0. 3.344 -0. 0. -1. 0.
-0.980 -0.200 0. 19.797 -0.200 0.980 0. 2.947 -0. 0. -1. 0.
-0.981 -0.194 0. 17.643 -0.194 0.981 0. 2.565 -0. 0. -1. 0.
-0.982 -0.187 0. 15.465 -0.187 0.982 0. 2.205 -0. 0. -1. 0.
-0.983 -0.183 0. 13.305 -0.183 0.983 0. 1.853 -0. 0. -1. 0.
-0.983 -0.181 0. 11.113 -0.181 0.983 0. 1.495 -0. 0. -1. 0.
-0.984 -0.181 0. 8.940 -0.181 0.984 0. 1.118 -0. 0. -1. 0.
-0.984 -0.180 0. 6.760 -0.180 0.984 0. 0.740 -0. 0. -1. 0.
-0.983 -0.181 0. 4.605 -0.181 0.983 0. 0.357 -0. 0. -1. 0.
-0.984 -0.181 0. 2.436 -0.181 0.984 0. -0.023 -0. 0. -1. 0.
-0.984 -0.180 0. 0.280 -0.180 0.984 0. -0.390 -0. 0. -1. 0.
-0.984 -0.178 0. -1.888 -0.178 0.984 0. -0.739 -0. 0. -1. 0.
-0.983 -0.181 0. -4.056 -0.181 0.983 0. -1.093 -0. 0. -1. 0.
-0.983 -0.186 0. -6.210 -0.186 0.983 0. -1.452 -0. 0. -1. 0.
-0.982 -0.191 0. -8.382 -0.191 0.982 0. -1.816 -0. 0. -1. 0.
-0.981 -0.196 0. -10.569 -0.196 0.981 0. -2.224 -0. 0. -1. 0.
-0.980 -0.197 0. -12.701 -0.197 0.980 0. -2.638 -0. 0. -1. 0.
-0.980 -0.200 0. -14.869 -0.200 0.980 0. -3.032 -0. 0. -1. 0.
-0.979 -0.202 0. -17.045 -0.202 0.979 0. -3.421 -0. 0. -1. 0.
-0.978 -0.206 0. -19.198 -0.206 0.978 0. -3.819 -0. 0. -1. 0.
-0.978 -0.209 0. -21.378 -0.209 0.978 0. -4.228 -0. 0. -1. 0.
-0.977 -0.212 0. -23.541 -0.212 0.977 0. -4.628 -0. 0. -1. 0.
-0.977 -0.215 0. -25.692 -0.215 0.977 0. -5.034 -0. 0. -1. 0.
-0.976 -0.219 0. -27.838 -0.219 0.976 0. -5.461 -0. 0. -1. 0.
-0.975 -0.224 0. -29.984 -0.224 0.975 0. -5.921 -0. 0. -1. 0.
-0.974 -0.227 0. -32.104 -0.227 0.974 0. -6.393 -0. 0. -1. 0.
-0.973 -0.231 0. -34.245 -0.231 0.973 0. -6.870 -0. 0. -1. 0.
-0.972 -0.234 0. -36.372 -0.234 0.972 0. -7.348 -0. 0. -1. 0.
-0.971 -0.238 0. -38.466 -0.238 0.971 0. -7.825 -0. 0. -1. 0.
-0.971 -0.241 0. -40.599 -0.241 0.971 0. -8.314 -0. 0. -1. 0.
-0.970 -0.241 0. -42.676 -0.241 0.970 0. -8.793 -0. 0. -1. 0.
-0.970 -0.242 0. -44.761 -0.242 0.970 0. -9.246 -0. 0. -1. 0.
-0.970 -0.242 0. -46.817 -0.242 0.970 0. -9.710 -0. 0. -1. 0.
-0.970 -0.242 0. -48.803 -0.242 0.970 0. -10.165 -0. 0. -1. 0.
-0.971 -0.240 0. -50.779 -0.240 0.971 0. -10.601 -0. 0. -1. 0.
-0.971 -0.239 0. -52.687 -0.239 0.971 0. -11.022 -0. 0. -1. 0.
-0.972 -0.236 0. -54.523 -0.236 0.972 0. -11.419 -0. 0. -1. 0.
-0.974 -0.228 0. -56.273 -0.228 0.974 0. -11.817 -0. 0. -1. 0.
-0.977 -0.211 0. -57.953 -0.211 0.977 0. -12.155 -0. 0. -1. 0.
-0.983 -0.185 0. -59.542 -0.185 0.983 0. -12.442 -0. 0. -1. 0.
-0.988 -0.152 0. -61.060 -0.152 0.988 0. -12.648 -0. 0. -1. 0.
-0.994 -0.110 0. -62.492 -0.110 0.994 0. -12.794 -0. 0. -1. 0.
-0.998 -0.058 0. -63.838 -0.058 0.998 0. -12.851 -0. 0. -1. 0.
-1. 0.000 0. -65.091 0.000 1. 0. -12.864 0. 0. -1. 0.
-0.998 0.070 0. -66.258 0.070 0.998 0. -12.758 0. 0. -1. 0.
-0.989 0.150 0. -67.388 0.150 0.989 0. -12.599 0. 0. -1. 0.
-0.971 0.241 0. -68.463 0.241 0.971 0. -12.312 0. 0. -1. 0.
-0.940 0.342 0. -69.490 0.342 0.940 0. -11.951 0. 0. -1. 0.
-0.893 0.450 0. -70.424 0.450 0.893 0. -11.457 0. 0. -1. 0.
-0.832 0.554 0. -71.266 0.554 0.832 0. -10.854 0. 0. -1. 0.
-0.764 0.645 0. -72.046 0.645 0.764 0. -10.182 0. 0. -1. 0.
-0.697 0.717 0. -72.738 0.717 0.697 0. -9.433 0. 0. -1. 0.
-0.621 0.784 0. -73.344 0.784 0.621 0. -8.633 0. 0. -1. 0.
-0.543 0.840 0. -73.860 0.840 0.543 0. -7.786 0. 0. -1. 0.
-0.469 0.883 0. -74.309 0.883 0.469 0. -6.867 0. 0. -1. 0.
-0.402 0.916 0. -74.711 0.916 0.402 0. -5.859 0. 0. -1. 0.
-0.347 0.938 0. -75.083 0.938 0.347 0. -4.759 0. 0. -1. 0.
-0.310 0.951 0. -75.424 0.951 0.310 0. -3.567 0. 0. -1. 0.
-0.288 0.958 0. -75.772 0.958 0.288 0. -2.296 0. 0. -1. 0.
-0.280 0.960 0. -76.129 0.960 0.280 0. -0.952 0. 0. -1. 0.
-0.277 0.961 0. -76.509 0.961 0.277 0. 0.478 0. 0. -1. 0.
-0.273 0.962 0. -76.905 0.962 0.273 0. 1.971 0. 0. -1. 0.
-0.266 0.964 0. -77.288 0.964 0.266 0. 3.535 0. 0. -1. 0.
-0.258 0.966 0. -77.685 0.966 0.258 0. 5.166 0. 0. -1. 0.
-0.251 0.968 0. -78.072 0.968 0.251 0. 6.814 0. 0. -1. 0.
-0.244 0.970 0. -78.463 0.970 0.244 0. 8.459 0. 0. -1. 0.
-0.234 0.972 0. -78.825 0.972 0.234 0. 10.129 0. 0. -1. 0.
-0.218 0.976 0. -79.189 0.976 0.218 0. 11.845 0. 0. -1. 0.
-0.197 0.980 0. -79.510 0.980 0.197 0. 13.593 0. 0. -1. 0.
-0.167 0.986 0. -79.803 0.986 0.167 0. 15.376 0. 0. -1. 0.
-0.138 0.990 0. -80.035 0.990 0.138 0. 17.190 0. 0. -1. 0.
-0.111 0.994 0. -80.229 0.994 0.111 0. 19.038 0. 0. -1. 0.
-0.083 0.997 0. -80.366 0.997 0.083 0. 20.935 0. 0. -1. 0.
-0.064 0.998 0. -80.423 0.998 0.064 0. 22.856 0. 0. -1. 0.
-0.058 0.998 0. -80.469 0.998 0.058 0. 24.748 0. 0. -1. 0.
-0.062 0.998 0. -80.541 0.998 0.062 0. 26.719 0. 0. -1. 0.
-0.072 0.997 0. -80.649 0.997 0.072 0. 28.724 0. 0. -1. 0.
-0.089 0.996 0. -80.751 0.996 0.089 0. 30.682 0. 0. -1. 0.
-0.118 0.993 0. -80.919 0.993 0.118 0. 32.627 0. 0. -1. 0.
-0.142 0.990 0. -81.172 0.990 0.142 0. 34.692 0. 0. -1. 0.
-0.165 0.986 0. -81.466 0.986 0.165 0. 36.721 0. 0. -1. 0.
-0.187 0.982 0. -81.796 0.982 0.187 0. 38.756 0. 0. -1. 0.
-0.208 0.978 0. -82.167 0.978 0.208 0. 40.754 0. 0. -1. 0.
-0.227 0.974 0. -82.575 0.974 0.227 0. 42.735 0. 0. -1. 0.
-0.240 0.971 0. -83.014 0.971 0.240 0. 44.717 0. 0. -1. 0.
-0.247 0.969 0. -83.492 0.969 0.247 0. 46.679 0. 0. -1. 0.
-0.246 0.969 0. -83.951 0.969 0.246 0. 48.583 0. 0. -1. 0.
-0.244 0.970 0. -84.406 0.970 0.244 0. 50.522 0. 0. -1. 0.
-0.246 0.969 0. -84.835 0.969 0.246 0. 52.399 0. 0. -1. 0.
-0.249 0.968 0. -85.282 0.968 0.249 0. 54.251 0. 0. -1. 0.
-0.253 0.968 0. -85.724 0.968 0.253 0. 56.064 0. 0. -1. 0.
-0.257 0.966 0. -86.144 0.966 0.257 0. 57.847 0. 0. -1. 0.
-0.266 0.964 0. -86.551 0.964 0.266 0. 59.569 0. 0. -1. 0.
-0.290 0.957 0. -86.970 0.957 0.290 0. 61.205 0. 0. -1. 0.
-0.330 0.944 0. -87.465 0.944 0.330 0. 62.760 0. 0. -1. 0.
-0.378 0.926 0. -87.998 0.926 0.378 0. 64.246 0. 0. -1. 0.
-0.440 0.898 0. -88.617 0.898 0.440 0. 65.649 0. 0. -1. 0.
-0.515 0.857 0. -89.337 0.857 0.515 0. 66.979 0. 0. -1. 0.
-0.590 0.807 0. -90.206 0.807 0.590 0. 68.205 0. 0. -1. 0.
-0.662 0.749 0. -91.108 0.749 0.662 0. 69.338 0. 0. -1. 0.
-0.726 0.687 0. -92.103 0.687 0.726 0. 70.358 0. 0. -1. 0.
-0.788 0.616 0. -93.196 0.616 0.788 0. 71.279 0. 0. -1. 0.
-0.843 0.538 0. -94.351 0.538 0.843 0. 72.086 0. 0. -1. 0.
-0.893 0.449 0. -95.575 0.449 0.893 0. 72.718 0. 0. -1. 0.
-0.933 0.359 0. -96.851 0.359 0.933 0. 73.261 0. 0. -1. 0.
-0.962 0.273 0. -98.149 0.273 0.962 0. 73.652 0. 0. -1. 0.
-0.981 0.192 0. -99.436 0.192 0.981 0. 73.964 0. 0. -1. 0.
-0.993 0.119 0. -100.738 0.119 0.993 0. 74.123 0. 0. -1. 0.
-0.998 0.056 0. -102.038 0.056 0.998 0. 74.260 0. 0. -1. 0.
-1. 0.009 0. -103.387 0.009 1. 0. 74.253 0. 0. -1. 0.
-1.000 -0.023 0. -104.742 -0.023 1.000 0. 74.313 -0. 0. -1. 0.
-0.999 -0.045 0. -106.128 -0.045 0.999 0. 74.226 -0. 0. -1. 0.
-0.999 -0.049 0. -107.518 -0.049 0.999 0. 74.197 -0. 0. -1. 0.
-0.999 -0.038 0. -108.895 -0.038 0.999 0. 74.159 -0. 0. -1. 0.
-1.000 -0.020 0. -110.358 -0.020 1.000 0. 74.130 -0. 0. -1. 0.
-1. 0.006 0. -111.819 0.006 1. 0. 74.172 0. 0. -1. 0.
-0.999 0.038 0. -113.310 0.038 0.999 0. 74.226 0. 0. -1. 0.
-0.997 0.081 0. -114.858 0.081 0.997 0. 74.348 0. 0. -1. 0.
-0.991 0.135 0. -116.357 0.135 0.991 0. 74.594 0. 0. -1. 0.
-0.981 0.196 0. -117.862 0.196 0.981 0. 74.910 0. 0. -1. 0.
-0.967 0.256 0. -119.377 0.256 0.967 0. 75.351 0. 0. -1. 0.
-0.952 0.305 0. -120.858 0.305 0.952 0. 75.840 0. 0. -1. 0.
-0.937 0.348 0. -122.354 0.348 0.937 0. 76.421 0. 0. -1. 0.
-0.922 0.387 0. -123.879 0.387 0.922 0. 77.075 0. 0. -1. 0.
-0.910 0.415 0. -125.413 0.415 0.910 0. 77.808 0. 0. -1. 0.
-0.900 0.436 0. -126.978 0.436 0.900 0. 78.589 0. 0. -1. 0.
-0.892 0.452 0. -128.581 0.452 0.892 0. 79.423 0. 0. -1. 0.
-0.885 0.466 0. -130.189 0.466 0.885 0. 80.302 0. 0. -1. 0.
-0.880 0.475 0. -131.822 0.475 0.880 0. 81.209 0. 0. -1. 0.
-0.876 0.483 0. -133.464 0.483 0.876 0. 82.136 0. 0. -1. 0.
-0.872 0.490 0. -135.118 0.490 0.872 0. 83.113 0. 0. -1. 0.
-0.868 0.496 0. -136.772 0.496 0.868 0. 84.103 0. 0. -1. 0.
-0.866 0.500 0. -138.441 0.500 0.866 0. 85.117 0. 0. -1. 0.
-0.863 0.505 0. -140.129 0.505 0.863 0. 86.136 0. 0. -1. 0.
-0.859 0.512 0. -141.803 0.512 0.859 0. 87.177 0. 0. -1. 0.
-0.856 0.516 0. -143.455 0.516 0.856 0. 88.229 0. 0. -1. 0.
-0.855 0.519 0. -145.130 0.519 0.855 0. 89.297 0. 0. -1. 0.
-0.854 0.521 0. -146.805 0.521 0.854 0. 90.362 0. 0. -1. 0.
-0.853 0.522 0. -148.483 0.522 0.853 0. 91.432 0. 0. -1. 0.
-0.852 0.523 0. -150.150 0.523 0.852 0. 92.524 0. 0. -1. 0.
-0.852 0.523 0. -151.813 0.523 0.852 0. 93.600 0. 0. -1. 0.
-0.852 0.523 0. -153.505 0.523 0.852 0. 94.692 0. 0. -1. 0.
-0.852 0.523 0. -155.204 0.523 0.852 0. 95.781 0. 0. -1. 0.
-0.852 0.523 0. -156.899 0.523 0.852 0. 96.882 0. 0. -1. 0.
-0.852 0.523 0. -158.601 0.523 0.852 0. 97.995 0. 0. -1. 0.
-0.852 0.523 0. -160.316 0.523 0.852 0. 99.110 0. 0. -1. 0.
-0.852 0.524 0. -162.030 0.524 0.852 0. 100.215 0. 0. -1. 0.
-0.852 0.523 0. -163.789 0.523 0.852 0. 101.351 0. 0. -1. 0.
-0.852 0.523 0. -165.530 0.523 0.852 0. 102.474 0. 0. -1. 0.
-0.852 0.524 0. -167.280 0.524 0.852 0. 103.610 0. 0. -1. 0.
-0.851 0.525 0. -169.052 0.525 0.851 0. 104.762 0. 0. -1. 0.
-0.847 0.531 0. -170.817 0.531 0.847 0. 105.928 0. 0. -1. 0.
-0.844 0.537 0. -172.596 0.537 0.844 0. 107.110 0. 0. -1. 0.
-0.840 0.542 0. -174.406 0.542 0.840 0. 108.308 0. 0. -1. 0.
-0.836 0.549 0. -176.233 0.549 0.836 0. 109.533 0. 0. -1. 0.
-0.830 0.558 0. -178.064 0.558 0.830 0. 110.818 0. 0. -1. 0.
-0.823 0.568 0. -179.885 0.568 0.823 0. 112.135 0. 0. -1. 0.
-0.814 0.581 0. -181.716 0.581 0.814 0. 113.496 0. 0. -1. 0.
-0.802 0.597 0. -183.527 0.597 0.802 0. 114.897 0. 0. -1. 0.
-0.790 0.613 0. -185.325 0.613 0.790 0. 116.339 0. 0. -1. 0.
-0.775 0.632 0. -187.082 0.632 0.775 0. 117.823 0. 0. -1. 0.
-0.756 0.655 0. -188.809 0.655 0.756 0. 119.357 0. 0. -1. 0.
-0.734 0.679 0. -190.484 0.679 0.734 0. 120.934 0. 0. -1. 0.
-0.708 0.706 0. -192.112 0.706 0.708 0. 122.577 0. 0. -1. 0.
-0.678 0.735 0. -193.675 0.735 0.678 0. 124.290 0. 0. -1. 0.
-0.646 0.764 0. -195.174 0.764 0.646 0. 126.077 0. 0. -1. 0.
-0.613 0.790 0. -196.585 0.790 0.613 0. 127.910 0. 0. -1. 0.
-0.576 0.817 0. -197.916 0.817 0.576 0. 129.820 0. 0. -1. 0.
-0.537 0.844 0. -199.168 0.844 0.537 0. 131.801 0. 0. -1. 0.
-0.499 0.867 0. -200.313 0.867 0.499 0. 133.836 0. 0. -1. 0.
-0.467 0.884 0. -201.392 0.884 0.467 0. 135.940 0. 0. -1. 0.
-0.439 0.898 0. -202.415 0.898 0.439 0. 138.069 0. 0. -1. 0.
-0.415 0.910 0. -203.382 0.910 0.415 0. 140.246 0. 0. -1. 0.
-0.396 0.918 0. -204.294 0.918 0.396 0. 142.448 0. 0. -1. 0.
-0.383 0.924 0. -205.174 0.924 0.383 0. 144.670 0. 0. -1. 0.
-0.372 0.928 0. -206.027 0.928 0.372 0. 146.909 0. 0. -1. 0.
-0.368 0.930 0. -206.852 0.930 0.368 0. 149.158 0. 0. -1. 0.
-0.368 0.930 0. -207.684 0.930 0.368 0. 151.412 0. 0. -1. 0.
-0.368 0.930 0. -208.501 0.930 0.368 0. 153.627 0. 0. -1. 0.
-0.368 0.930 0. -209.323 0.930 0.368 0. 155.851 0. 0. -1. 0.
-0.371 0.929 0. -210.140 0.929 0.371 0. 158.040 0. 0. -1. 0.
-0.375 0.927 0. -210.951 0.927 0.375 0. 160.201 0. 0. -1. 0.
-0.386 0.922 0. -211.771 0.922 0.386 0. 162.338 0. 0. -1. 0.
-0.406 0.914 0. -212.622 0.914 0.406 0. 164.422 0. 0. -1. 0.
-0.430 0.903 0. -213.533 0.903 0.430 0. 166.459 0. 0. -1. 0.
-0.459 0.889 0. -214.480 0.889 0.459 0. 168.459 0. 0. -1. 0.
-0.495 0.869 0. -215.478 0.869 0.495 0. 170.352 0. 0. -1. 0.
-0.538 0.843 0. -216.582 0.843 0.538 0. 172.198 0. 0. -1. 0.
-0.587 0.810 0. -217.728 0.810 0.587 0. 173.951 0. 0. -1. 0.
-0.639 0.770 0. -218.960 0.770 0.639 0. 175.590 0. 0. -1. 0.
-0.693 0.721 0. -220.316 0.721 0.693 0. 177.117 0. 0. -1. 0.
-0.745 0.667 0. -221.759 0.667 0.745 0. 178.489 0. 0. -1. 0.
-0.793 0.609 0. -223.276 0.609 0.793 0. 179.756 0. 0. -1. 0.
-0.837 0.548 0. -224.877 0.548 0.837 0. 180.899 0. 0. -1. 0.
-0.877 0.480 0. -226.562 0.480 0.877 0. 181.935 0. 0. -1. 0.
-0.912 0.410 0. -228.316 0.410 0.912 0. 182.827 0. 0. -1. 0.
-0.942 0.336 0. -230.142 0.336 0.942 0. 183.574 0. 0. -1. 0.
-0.965 0.264 0. -232.025 0.264 0.965 0. 184.173 0. 0. -1. 0.
-0.980 0.198 0. -233.955 0.198 0.980 0. 184.645 0. 0. -1. 0.
-0.989 0.149 0. -235.950 0.149 0.989 0. 185.026 0. 0. -1. 0.
-0.994 0.110 0. -237.970 0.110 0.994 0. 185.325 0. 0. -1. 0.
-0.997 0.080 0. -240.032 0.080 0.997 0. 185.553 0. 0. -1. 0.
-0.998 0.060 0. -242.131 0.060 0.998 0. 185.721 0. 0. -1. 0.
-0.999 0.048 0. -244.269 0.048 0.999 0. 185.871 0. 0. -1. 0.
-0.999 0.040 0. -246.457 0.040 0.999 0. 186.002 0. 0. -1. 0.
-0.999 0.035 0. -248.633 0.035 0.999 0. 186.134 0. 0. -1. 0.
-0.999 0.032 0. -250.882 0.032 0.999 0. 186.253 0. 0. -1. 0.
-1.000 0.030 0. -253.134 0.030 1.000 0. 186.364 0. 0. -1. 0.
-1.000 0.028 0. -255.393 0.028 1.000 0. 186.473 0. 0. -1. 0.
-1.000 0.028 0. -257.678 0.028 1.000 0. 186.600 0. 0. -1. 0.
-1.000 0.024 0. -259.936 0.024 1.000 0. 186.712 0. 0. -1. 0.
-1.000 0.022 0. -262.191 0.022 1.000 0. 186.808 0. 0. -1. 0.
-1.000 0.019 0. -264.443 0.019 1.000 0. 186.900 0. 0. -1. 0.
-1.000 0.017 0. -266.660 0.017 1.000 0. 186.983 0. 0. -1. 0.
-1. 0.014 0. -268.843 0.014 1. 0. 187.039 0. 0. -1. 0.
-1.000 0.015 0. -270.977 0.015 1.000 0. 187.118 0. 0. -1. 0.
-1. 0.014 0. -273.066 0.014 1. 0. 187.200 0. 0. -1. 0.
-1.000 0.015 0. -275.095 0.015 1.000 0. 187.276 0. 0. -1. 0.
-1.000 0.019 0. -277.082 0.019 1.000 0. 187.356 0. 0. -1. 0.
-1.000 0.026 0. -279.026 0.026 1.000 0. 187.456 0. 0. -1. 0.
-0.999 0.036 0. -280.917 0.036 0.999 0. 187.563 0. 0. -1. 0.
-0.999 0.047 0. -282.764 0.047 0.999 0. 187.686 0. 0. -1. 0.
-0.998 0.060 0. -284.546 0.060 0.998 0. 187.827 0. 0. -1. 0.
-0.997 0.075 0. -286.246 0.075 0.997 0. 187.988 0. 0. -1. 0.
-0.995 0.098 0. -287.916 0.098 0.995 0. 188.184 0. 0. -1. 0.
-0.992 0.126 0. -289.490 0.126 0.992 0. 188.406 0. 0. -1. 0.
-0.987 0.158 0. -291.000 0.158 0.987 0. 188.685 0. 0. -1. 0.
-0.982 0.188 0. -292.493 0.188 0.982 0. 189.022 0. 0. -1. 0.
-0.977 0.214 0. -293.945 0.214 0.977 0. 189.328 0. 0. -1. 0.
-0.974 0.226 0. -295.361 0.226 0.974 0. 189.750 0. 0. -1. 0.
-0.974 0.227 0. -296.770 0.227 0.974 0. 190.073 0. 0. -1. 0.
-0.976 0.219 0. -298.184 0.219 0.976 0. 190.447 0. 0. -1. 0.
-0.978 0.210 0. -299.565 0.210 0.978 0. 190.766 0. 0. -1. 0.
-0.979 0.202 0. -300.885 0.202 0.979 0. 191.089 0. 0. -1. 0.
-0.982 0.191 0. -302.175 0.191 0.982 0. 191.342 0. 0. -1. 0.
-0.984 0.180 0. -303.366 0.180 0.984 0. 191.625 0. 0. -1. 0.
-0.985 0.174 0. -304.535 0.174 0.985 0. 191.843 0. 0. -1. 0.
-0.985 0.170 0. -305.677 0.170 0.985 0. 192.060 0. 0. -1. 0.
-0.986 0.168 0. -306.702 0.168 0.986 0. 192.317 0. 0. -1. 0.
-0.986 0.169 0. -307.685 0.169 0.986 0. 192.435 0. 0. -1. 0.
-0.985 0.175 0. -308.663 0.175 0.985 0. 192.647 0. 0. -1. 0.
-0.982 0.190 0. -309.600 0.190 0.982 0. 192.835 0. 0. -1. 0.
-0.977 0.214 0. -310.485 0.214 0.977 0. 193.002 0. 0. -1. 0.
-0.970 0.243 0. -311.339 0.243 0.970 0. 193.222 0. 0. -1. 0.
-0.961 0.278 0. -312.184 0.278 0.961 0. 193.479 0. 0. -1. 0.
-0.948 0.319 0. -312.948 0.319 0.948 0. 193.752 0. 0. -1. 0.
-0.929 0.371 0. -313.714 0.371 0.929 0. 194.063 0. 0. -1. 0.
-0.906 0.424 0. -314.476 0.424 0.906 0. 194.364 0. 0. -1. 0.
-0.871 0.492 0. -315.184 0.492 0.871 0. 194.804 0. 0. -1. 0.
-0.832 0.555 0. -315.737 0.555 0.832 0. 195.375 0. 0. -1. 0.
-0.784 0.621 0. -316.346 0.621 0.784 0. 195.795 0. 0. -1. 0.
-0.730 0.684 0. -316.946 0.684 0.730 0. 196.338 0. 0. -1. 0.
-0.659 0.752 0. -317.438 0.752 0.659 0. 197.076 0. 0. -1. 0.
-0.574 0.819 0. -317.930 0.819 0.574 0. 197.873 0. 0. -1. 0.
-0.482 0.876 0. -318.442 0.876 0.482 0. 198.787 0. 0. -1. 0.
-0.392 0.920 0. -318.818 0.920 0.392 0. 199.836 0. 0. -1. 0.
-0.311 0.950 0. -319.194 0.950 0.311 0. 200.983 0. 0. -1. 0.
-0.245 0.969 0. -319.487 0.969 0.245 0. 202.246 0. 0. -1. 0.
-0.195 0.981 0. -319.720 0.981 0.195 0. 203.614 0. 0. -1. 0.
-0.155 0.988 0. -319.946 0.988 0.155 0. 205.097 0. 0. -1. 0.
-0.123 0.992 0. -320.109 0.992 0.123 0. 206.686 0. 0. -1. 0.
-0.098 0.995 0. -320.249 0.995 0.098 0. 208.380 0. 0. -1. 0.
-0.077 0.997 0. -320.363 0.997 0.077 0. 210.185 0. 0. -1. 0.
-0.060 0.998 0. -320.439 0.998 0.060 0. 212.069 0. 0. -1. 0.
-0.046 0.999 0. -320.495 0.999 0.046 0. 214.052 0. 0. -1. 0.
-0.036 0.999 0. -320.528 0.999 0.036 0. 216.086 0. 0. -1. 0.
-0.025 1.000 0. -320.541 1.000 0.025 0. 218.163 0. 0. -1. 0.
-0.019 1.000 0. -320.535 1.000 0.019 0. 220.298 0. 0. -1. 0.
-0.014 1.000 0. -320.520 1.000 0.014 0. 222.499 0. 0. -1. 0.
-0.010 1. 0. -320.487 1. 0.010 0. 224.762 0. 0. -1. 0.
-0.009 1. 0. -320.456 1. 0.009 0. 227.079 0. 0. -1. 0.
-0.007 1. 0. -320.422 1. 0.007 0. 229.461 0. 0. -1. 0.
-0.007 1. 0. -320.380 1. 0.007 0. 231.917 0. 0. -1. 0.
-0.006 1. 0. -320.341 1. 0.006 0. 234.426 0. 0. -1. 0.
-0.005 1. 0. -320.301 1. 0.005 0. 237.015 0. 0. -1. 0.
-0.003 1. 0. -320.256 1. 0.003 0. 239.652 0. 0. -1. 0.
-0.001 1. 0. -320.202 1. 0.001 0. 242.355 0. 0. -1. 0.
0.001 1. 0. -320.142 1. -0.001 0. 245.113 0. 0. -1. 0.
0.003 1. 0. -320.074 1. -0.003 0. 247.928 0. 0. -1. 0.
0.004 1. 0. -319.998 1. -0.004 0. 250.808 0. 0. -1. 0.
0.006 1. 0. -319.917 1. -0.006 0. 253.746 0. 0. -1. 0.
0.006 1. 0. -319.832 1. -0.006 0. 256.740 0. 0. -1. 0.
0.008 1. 0. -319.745 1. -0.008 0. 259.795 0. 0. -1. 0.
0.009 1. 0. -319.650 1. -0.009 0. 262.902 0. 0. -1. 0.
0.010 1. 0. -319.547 1. -0.010 0. 266.068 0. 0. -1. 0.
0.010 1. 0. -319.442 1. -0.010 0. 269.261 0. 0. -1. 0.
0.010 1. 0. -319.337 1. -0.010 0. 272.489 0. 0. -1. 0.
0.007 1. 0. -319.238 1. -0.007 0. 275.768 0. 0. -1. 0.
0.006 1. 0. -319.144 1. -0.006 0. 279.086 0. 0. -1. 0.
0.005 1. 0. -319.055 1. -0.005 0. 282.434 0. 0. -1. 0.
0.003 1. 0. -318.976 1. -0.003 0. 285.824 0. 0. -1. 0.
0.002 1. 0. -318.895 1. -0.002 0. 289.254 0. 0. -1. 0.
0.002 1. 0. -318.822 1. -0.002 0. 292.689 0. 0. -1. 0.
0.004 1. 0. -318.735 1. -0.004 0. 296.158 0. 0. -1. 0.
0.005 1. 0. -318.637 1. -0.005 0. 299.654 0. 0. -1. 0.
0.006 1. 0. -318.542 1. -0.006 0. 303.172 0. 0. -1. 0.
0.007 1. 0. -318.446 1. -0.007 0. 306.705 0. 0. -1. 0.
0.008 1. 0. -318.344 1. -0.008 0. 310.264 0. 0. -1. 0.
0.009 1. 0. -318.232 1. -0.009 0. 313.820 0. 0. -1. 0.
0.008 1. 0. -318.131 1. -0.008 0. 317.396 0. 0. -1. 0.
0.007 1. 0. -318.024 1. -0.007 0. 320.975 0. 0. -1. 0.
0.006 1. 0. -317.913 1. -0.006 0. 324.562 0. 0. -1. 0.
0.005 1. 0. -317.813 1. -0.005 0. 328.158 0. 0. -1. 0.
0.002 1. 0. -317.722 1. -0.002 0. 331.736 0. 0. -1. 0.
-0.001 1. 0. -317.646 1. 0.001 0. 335.286 0. 0. -1. 0.
-0.003 1. 0. -317.577 1. 0.003 0. 338.786 0. 0. -1. 0.
-0.003 1. 0. -317.520 1. 0.003 0. 342.187 0. 0. -1. 0.
-0.004 1. 0. -317.457 1. 0.004 0. 345.471 0. 0. -1. 0.
-0.003 1. 0. -317.398 1. 0.003 0. 348.669 0. 0. -1. 0.
-0.005 1. 0. -317.342 1. 0.005 0. 351.778 0. 0. -1. 0.
-0.005 1. 0. -317.295 1. 0.005 0. 354.822 0. 0. -1. 0.
-0.006 1. 0. -317.250 1. 0.006 0. 357.772 0. 0. -1. 0.
-0.006 1. 0. -317.207 1. 0.006 0. 360.648 0. 0. -1. 0.
-0.005 1. 0. -317.166 1. 0.005 0. 363.458 0. 0. -1. 0.
-0.004 1. 0. -317.119 1. 0.004 0. 366.174 0. 0. -1. 0.
-0.003 1. 0. -317.070 1. 0.003 0. 368.820 0. 0. -1. 0.
-0.002 1. 0. -317.022 1. 0.002 0. 371.364 0. 0. -1. 0.
-0.002 1. 0. -316.974 1. 0.002 0. 373.810 0. 0. -1. 0.
-0.002 1. 0. -316.925 1. 0.002 0. 376.144 0. 0. -1. 0.
-0.002 1. 0. -316.885 1. 0.002 0. 378.373 0. 0. -1. 0.
-0.002 1. 0. -316.832 1. 0.002 0. 380.498 0. 0. -1. 0.
-0.003 1. 0. -316.793 1. 0.003 0. 382.510 0. 0. -1. 0.
-0.004 1. 0. -316.761 1. 0.004 0. 384.410 0. 0. -1. 0.
-0.005 1. 0. -316.740 1. 0.005 0. 386.212 0. 0. -1. 0.
-0.006 1. 0. -316.711 1. 0.006 0. 387.880 0. 0. -1. 0.
-0.007 1. 0. -316.688 1. 0.007 0. 389.446 0. 0. -1. 0.
-0.009 1. 0. -316.667 1. 0.009 0. 390.892 0. 0. -1. 0.
-0.009 1. 0. -316.650 1. 0.009 0. 392.220 0. 0. -1. 0.
-0.009 1. 0. -316.635 1. 0.009 0. 393.446 0. 0. -1. 0.
-0.008 1. 0. -316.620 1. 0.008 0. 394.567 0. 0. -1. 0.
-0.009 1. 0. -316.608 1. 0.009 0. 395.589 0. 0. -1. 0.
-0.009 1. 0. -316.601 1. 0.009 0. 396.520 0. 0. -1. 0.
-0.009 1. 0. -316.589 1. 0.009 0. 397.359 0. 0. -1. 0.
-0.009 1. 0. -316.583 1. 0.009 0. 398.109 0. 0. -1. 0.
-0.007 1. 0. -316.575 1. 0.007 0. 398.799 0. 0. -1. 0.
-0.005 1. 0. -316.562 1. 0.005 0. 399.430 0. 0. -1. 0.
-0.003 1. 0. -316.556 1. 0.003 0. 400.007 0. 0. -1. 0.
-0.002 1. 0. -316.543 1. 0.002 0. 400.560 0. 0. -1. 0.
-0.001 1. 0. -316.532 1. 0.001 0. 401.097 0. 0. -1. 0.
-0.000 1. 0. -316.521 1. 0.000 0. 401.617 0. 0. -1. 0.
0.001 1. 0. -316.512 1. -0.001 0. 402.102 0. 0. -1. 0.
0.002 1. 0. -316.506 1. -0.002 0. 402.552 0. 0. -1. 0.
0.002 1. 0. -316.495 1. -0.002 0. 402.961 0. 0. -1. 0.
0.002 1. 0. -316.487 1. -0.002 0. 403.334 0. 0. -1. 0.
0.003 1. 0. -316.478 1. -0.003 0. 403.670 0. 0. -1. 0.
0.003 1. 0. -316.473 1. -0.003 0. 403.967 0. 0. -1. 0.
0.003 1. 0. -316.468 1. -0.003 0. 404.226 0. 0. -1. 0.
0.004 1. 0. -316.463 1. -0.004 0. 404.442 0. 0. -1. 0.
0.004 1. 0. -316.459 1. -0.004 0. 404.624 0. 0. -1. 0.
0.004 1. 0. -316.457 1. -0.004 0. 404.771 0. 0. -1. 0.
0.004 1. 0. -316.455 1. -0.004 0. 404.885 0. 0. -1. 0.
0.004 1. 0. -316.452 1. -0.004 0. 404.973 0. 0. -1. 0.
0.004 1. 0. -316.450 1. -0.004 0. 405.038 0. 0. -1. 0.
0.004 1. 0. -316.449 1. -0.004 0. 405.078 0. 0. -1. 0.
0.004 1. 0. -316.449 1. -0.004 0. 405.089 0. 0. -1. 0.
0.004 1. 0. -316.449 1. -0.004 0. 405.089 0. 0. -1. 0.
0.004 1. 0. -316.449 1. -0.004 0. 405.089 0. 0. -1. 0.
0.004 1. 0. -316.449 1. -0.004 0. 405.089 0. 0. -1. 0.
0.004 1. 0. -316.449 1. -0.004 0. 405.089 0. 0. -1. 0.
0.004 1. 0. -316.449 1. -0.004 0. 405.089 0. 0. -1. 0.
0.004 1. 0. -316.449 1. -0.004 0. 405.089 0. 0. -1. 0.
0.004 1. 0. -316.449 1. -0.004 0. 405.088 0. 0. -1. 0.
0.004 1. 0. -316.449 1. -0.004 0. 405.089 0. 0. -1. 0.
0.004 1. 0. -316.449 1. -0.004 0. 405.089 0. 0. -1. 0.
0.004 1. 0. -316.449 1. -0.004 0. 405.089 0. 0. -1. 0.
0.004 1. 0. -316.449 1. -0.004 0. 405.089 0. 0. -1. 0.
0.004 1. 0. -316.449 1. -0.004 0. 405.089 0. 0. -1. 0.
0.004 1. 0. -316.449 1. -0.004 0. 405.089 0. 0. -1. 0.
0.004 1. 0. -316.449 1. -0.004 0. 405.089 0. 0. -1. 0.
0.004 1. 0. -316.449 1. -0.004 0. 405.089 0. 0. -1. 0.
0.004 1. 0. -316.449 1. -0.004 0. 405.089 0. 0. -1. 0.
0.004 1. 0. -316.449 1. -0.004 0. 405.089 0. 0. -1. 0.
0.004 1. 0. -316.449 1. -0.004 0. 405.089 0. 0. -1. 0.
0.004 1. 0. -316.449 1. -0.004 0. 405.089 0. 0. -1. 0.
0.004 1. 0. -316.449 1. -0.004 0. 405.089 0. 0. -1. 0.
0.004 1. 0. -316.449 1. -0.004 0. 405.089 0. 0. -1. 0.
0.004 1. 0. -316.449 1. -0.004 0. 405.089 0. 0. -1. 0.
0.004 1. 0. -316.449 1. -0.004 0. 405.089 0. 0. -1. 0.
0.004 1. 0. -316.449 1. -0.004 0. 405.089 0. 0. -1. 0.
0.004 1. 0. -316.449 1. -0.004 0. 405.089 0. 0. -1. 0.
0.004 1. 0. -316.449 1. -0.004 0. 405.089 0. 0. -1. 0.
0.004 1. 0. -316.449 1. -0.004 0. 405.089 0. 0. -1. 0.
0.004 1. 0. -316.449 1. -0.004 0. 405.089 0. 0. -1. 0.
0.004 1. 0. -316.449 1. -0.004 0. 405.089 0. 0. -1. 0.
0.004 1. 0. -316.449 1. -0.004 0. 405.089 0. 0. -1. 0.
0.004 1. 0. -316.449 1. -0.004 0. 405.089 0. 0. -1. 0.
0.004 1. 0. -316.449 1. -0.004 0. 405.089 0. 0. -1. 0.
0.004 1. 0. -316.449 1. -0.004 0. 405.089 0. 0. -1. 0.
0.004 1. 0. -316.449 1. -0.004 0. 405.089 0. 0. -1. 0.
0.004 1. 0. -316.449 1. -0.004 0. 405.089 0. 0. -1. 0.
0.004 1. 0. -316.449 1. -0.004 0. 405.089 0. 0. -1. 0.
0.004 1. 0. -316.449 1. -0.004 0. 405.089 0. 0. -1. 0.
0.004 1. 0. -316.449 1. -0.004 0. 405.089 0. 0. -1. 0.
0.004 1. 0. -316.449 1. -0.004 0. 405.089 0. 0. -1. 0.
0.004 1. 0. -316.449 1. -0.004 0. 405.089 0. 0. -1. 0.
0.004 1. 0. -316.449 1. -0.004 0. 405.089 0. 0. -1. 0.
0.004 1. 0. -316.449 1. -0.004 0. 405.089 0. 0. -1. 0.
0.004 1. 0. -316.449 1. -0.004 0. 405.089 0. 0. -1. 0.
0.004 1. 0. -316.449 1. -0.004 0. 405.089 0. 0. -1. 0.
0.004 1. 0. -316.449 1. -0.004 0. 405.089 0. 0. -1. 0.
0.004 1. 0. -316.449 1. -0.004 0. 405.094 0. 0. -1. 0.
0.004 1. 0. -316.449 1. -0.004 0. 405.112 0. 0. -1. 0.
0.004 1. 0. -316.449 1. -0.004 0. 405.130 0. 0. -1. 0.
0.004 1. 0. -316.448 1. -0.004 0. 405.146 0. 0. -1. 0.
0.004 1. 0. -316.448 1. -0.004 0. 405.161 0. 0. -1. 0.
0.004 1. 0. -316.448 1. -0.004 0. 405.175 0. 0. -1. 0.
0.004 1. 0. -316.448 1. -0.004 0. 405.189 0. 0. -1. 0.
0.004 1. 0. -316.448 1. -0.004 0. 405.201 0. 0. -1. 0.
0.004 1. 0. -316.448 1. -0.004 0. 405.212 0. 0. -1. 0.
0.004 1. 0. -316.447 1. -0.004 0. 405.223 0. 0. -1. 0.
0.004 1. 0. -316.447 1. -0.004 0. 405.234 0. 0. -1. 0.
0.004 1. 0. -316.447 1. -0.004 0. 405.244 0. 0. -1. 0.
0.004 1. 0. -316.447 1. -0.004 0. 405.245 0. 0. -1. 0.
0.004 1. 0. -316.447 1. -0.004 0. 405.245 0. 0. -1. 0.
0.004 1. 0. -316.447 1. -0.004 0. 405.245 0. 0. -1. 0.
0.004 1. 0. -316.447 1. -0.004 0. 405.245 0. 0. -1. 0.
0.004 1. 0. -316.447 1. -0.004 0. 405.245 0. 0. -1. 0.
0.004 1. 0. -316.447 1. -0.004 0. 405.245 0. 0. -1. 0.
0.004 1. 0. -316.447 1. -0.004 0. 405.245 0. 0. -1. 0.
0.004 1. 0. -316.447 1. -0.004 0. 405.245 0. 0. -1. 0.
0.004 1. 0. -316.447 1. -0.004 0. 405.245 0. 0. -1. 0.
0.004 1. 0. -316.447 1. -0.004 0. 405.245 0. 0. -1. 0.
0.004 1. 0. -316.447 1. -0.004 0. 405.248 0. 0. -1. 0.
0.004 1. 0. -316.446 1. -0.004 0. 405.263 0. 0. -1. 0.
0.004 1. 0. -316.446 1. -0.004 0. 405.293 0. 0. -1. 0.
0.004 1. 0. -316.444 1. -0.004 0. 405.354 0. 0. -1. 0.
0.004 1. 0. -316.440 1. -0.004 0. 405.478 0. 0. -1. 0.
0.004 1. 0. -316.435 1. -0.004 0. 405.685 0. 0. -1. 0.
0.003 1. 0. -316.428 1. -0.003 0. 405.981 0. 0. -1. 0.
0.004 1. 0. -316.420 1. -0.004 0. 406.368 0. 0. -1. 0.
0.004 1. 0. -316.411 1. -0.004 0. 406.872 0. 0. -1. 0.
0.004 1. 0. -316.393 1. -0.004 0. 407.508 0. 0. -1. 0.
0.004 1. 0. -316.373 1. -0.004 0. 408.270 0. 0. -1. 0.
0.005 1. 0. -316.353 1. -0.005 0. 409.157 0. 0. -1. 0.
0.005 1. 0. -316.326 1. -0.005 0. 410.146 0. 0. -1. 0.
0.005 1. 0. -316.296 1. -0.005 0. 411.246 0. 0. -1. 0.
0.004 1. 0. -316.270 1. -0.004 0. 412.469 0. 0. -1. 0.
0.006 1. 0. -316.229 1. -0.006 0. 413.814 0. 0. -1. 0.
0.007 1. 0. -316.191 1. -0.007 0. 415.268 0. 0. -1. 0.
0.008 1. 0. -316.140 1. -0.008 0. 416.819 0. 0. -1. 0.
0.009 1. 0. -316.090 1. -0.009 0. 418.460 0. 0. -1. 0.
0.011 1. 0. -316.037 1. -0.011 0. 420.185 0. 0. -1. 0.
0.011 1. 0. -315.982 1. -0.011 0. 422.012 0. 0. -1. 0.
0.012 1. 0. -315.921 1. -0.012 0. 423.932 0. 0. -1. 0.
0.012 1. 0. -315.855 1. -0.012 0. 425.962 0. 0. -1. 0.
0.010 1. 0. -315.783 1. -0.010 0. 428.096 0. 0. -1. 0.
0.009 1. 0. -315.717 1. -0.009 0. 430.310 0. 0. -1. 0.
0.008 1. 0. -315.652 1. -0.008 0. 432.591 0. 0. -1. 0.
0.008 1. 0. -315.587 1. -0.008 0. 434.942 0. 0. -1. 0.
0.009 1. 0. -315.516 1. -0.009 0. 437.361 0. 0. -1. 0.
0.009 1. 0. -315.442 1. -0.009 0. 439.863 0. 0. -1. 0.
0.009 1. 0. -315.365 1. -0.009 0. 442.433 0. 0. -1. 0.
0.008 1. 0. -315.283 1. -0.008 0. 445.059 0. 0. -1. 0.
