1612292844098129 1.00000 0.00000 0.00000 -0.00000 0.00000 -1.00000 0.00000 0.00000 0.00000 -0.00000 -1.00000 0.00000
1612292844348130 1.00000 0.00099 0.00000 0.02871 0.00099 -1.00000 0.00000 -0.01378 0.00000 -0.00000 -1.00000 -0.00000
1612292844598145 1.00000 0.00094 0.00000 -0.00508 0.00094 -1.00000 0.00000 -0.01296 0.00000 -0.00000 -1.00000 -0.00000
1612292844848135 1.00000 -0.00069 0.00000 -0.00365 -0.00069 -1.00000 0.00000 0.01304 -0.00000 -0.00000 -1.00000 0.00000
1612292845098136 1.00000 -0.00033 -0.00000 0.00986 -0.00033 -1.00000 0.00000 -0.00271 -0.00000 -0.00000 -1.00000 -0.00000
1612292845348143 1.00000 -0.00059 -0.00000 -0.00743 -0.00059 -1.00000 0.00000 0.00964 -0.00000 -0.00000 -1.00000 0.00000
1612292845597522 0.99995 0.00976 0.00000 -0.00503 0.00976 -0.99995 0.00000 -0.01785 0.00000 -0.00000 -1.00000 -0.00000
1612292845847527 1.00000 -0.00026 -0.00000 -0.02270 -0.00026 -1.00000 0.00000 0.00470 -0.00000 -0.00000 -1.00000 0.00000
1612292846097527 1.00000 0.00019 -0.00000 0.02903 0.00019 -1.00000 0.00000 -0.00534 0.00000 -0.00000 -1.00000 -0.00000
1612292846347533 1.00000 0.00085 -0.00000 0.02705 0.00085 -1.00000 0.00000 -0.00228 0.00000 -0.00000 -1.00000 -0.00000
1612292846597532 0.99999 0.00357 0.00000 -0.02269 0.00357 -0.99999 0.00000 0.00357 0.00000 -0.00000 -1.00000 0.00000
1612292846848164 1.00000 0.00054 -0.00000 -0.00478 0.00054 -1.00000 0.00000 -0.02308 0.00000 -0.00000 -1.00000 -0.00000
1612292847098794 1.00000 0.00055 0.00000 0.04032 0.00055 -1.00000 0.00000 -0.01947 0.00000 -0.00000 -1.00000 -0.00000
1612292847348795 1.00000 0.00258 0.00000 0.01736 0.00258 -1.00000 0.00000 -0.00820 0.00000 -0.00000 -1.00000 -0.00000
1612292847598794 1.00000 0.00001 0.00000 -0.00503 0.00001 -1.00000 0.00000 -0.00454 0.00000 -0.00000 -1.00000 -0.00000
1612292847848176 0.99997 0.00737 0.00000 -0.05138 0.00737 -0.99997 0.00000 0.03337 0.00000 -0.00000 -1.00000 0.00000
1612292848098180 0.99997 0.00761 0.00000 -0.01641 0.00761 -0.99997 0.00000 -0.00694 0.00000 -0.00000 -1.00000 -0.00000
1612292848348186 1.00000 0.00292 0.00000 0.02708 0.00292 -1.00000 0.00000 -0.00386 0.00000 -0.00000 -1.00000 -0.00000
1612292848598189 0.99999 0.00506 0.00000 0.02368 0.00506 -0.99999 0.00000 -0.01564 0.00000 -0.00000 -1.00000 -0.00000
1612292848848191 1.00000 0.00314 0.00000 -0.00578 0.00314 -1.00000 0.00000 0.00604 0.00000 -0.00000 -1.00000 0.00000
1612292849098195 0.99999 0.00467 0.00000 -0.08735 0.00467 -0.99999 0.00000 -0.01370 0.00000 -0.00000 -1.00000 -0.00000
1612292849348196 0.99999 0.00461 0.00000 -0.08463 0.00461 -0.99999 0.00000 0.01962 0.00000 -0.00000 -1.00000 0.00000
1612292849597575 0.99999 0.00410 0.00000 -0.25374 0.00410 -0.99999 0.00000 0.01127 0.00000 -0.00000 -1.00000 0.00000
1612292849847578 1.00000 -0.00183 0.00000 -0.35578 -0.00183 -1.00000 0.00000 0.01252 -0.00000 -0.00000 -1.00000 0.00000
1612292850097579 1.00000 0.00215 0.00000 -0.57628 0.00215 -1.00000 0.00000 0.01192 0.00000 -0.00000 -1.00000 0.00000
1612292850348208 1.00000 0.00043 0.00000 -0.91331 0.00043 -1.00000 0.00000 0.01057 0.00000 -0.00000 -1.00000 0.00000
1612292850598836 0.99993 -0.01173 0.00000 -1.36059 -0.01173 -0.99993 0.00000 0.02714 -0.00000 -0.00000 -1.00000 0.00000
1612292850848839 0.99980 -0.01995 -0.00000 -1.86966 -0.01995 -0.99980 0.00000 0.03336 -0.00000 -0.00000 -1.00000 0.00000
1612292851098844 0.99942 -0.03398 0.00000 -2.41166 -0.03398 -0.99942 0.00000 0.03735 -0.00000 -0.00000 -1.00000 0.00000
1612292851348846 0.99896 -0.04554 0.00000 -3.13948 -0.04554 -0.99896 0.00000 0.06958 -0.00000 -0.00000 -1.00000 0.00000
1612292851598850 0.99845 -0.05562 0.00000 -3.85869 -0.05562 -0.99845 0.00000 0.09654 -0.00000 -0.00000 -1.00000 0.00000
1612292851848229 0.99784 -0.06569 0.00000 -4.67648 -0.06569 -0.99784 0.00000 0.17134 -0.00000 -0.00000 -1.00000 0.00000
1612292852097606 0.99691 -0.07853 0.00000 -5.49309 -0.07853 -0.99691 0.00000 0.16841 -0.00000 -0.00000 -1.00000 0.00000
1612292852347615 0.99614 -0.08781 0.00000 -6.43193 -0.08781 -0.99614 0.00000 0.21693 -0.00000 -0.00000 -1.00000 0.00000
1612292852596997 0.99561 -0.09358 0.00000 -7.42335 -0.09358 -0.99561 0.00000 0.21083 -0.00000 -0.00000 -1.00000 0.00000
1612292852846990 0.99570 -0.09260 0.00000 -8.44073 -0.09260 -0.99570 0.00000 0.21546 -0.00000 -0.00000 -1.00000 0.00000
1612292853096995 0.99614 -0.08774 0.00000 -9.52999 -0.08774 -0.99614 0.00000 0.22847 -0.00000 -0.00000 -1.00000 0.00000
1612292853347001 0.99711 -0.07602 -0.00000 -10.63014 -0.07602 -0.99711 0.00000 0.04907 -0.00000 -0.00000 -1.00000 0.00000
1612292853597625 0.99746 -0.07118 0.00000 -11.86314 -0.07118 -0.99746 0.00000 -0.07048 -0.00000 -0.00000 -1.00000 -0.00000
1612292853848254 0.99767 -0.06828 0.00000 -13.02768 -0.06828 -0.99767 0.00000 -0.08719 -0.00000 -0.00000 -1.00000 -0.00000
1612292854098889 0.99833 -0.05784 0.00000 -14.28260 -0.05784 -0.99833 0.00000 -0.09261 -0.00000 -0.00000 -1.00000 -0.00000
1612292854348884 0.99852 -0.05443 0.00000 -15.64921 -0.05443 -0.99852 0.00000 -0.21850 -0.00000 -0.00000 -1.00000 -0.00000
1612292854598889 0.99882 -0.04849 -0.00000 -16.98381 -0.04849 -0.99882 0.00000 -0.37907 -0.00000 -0.00000 -1.00000 -0.00000
1612292854848892 0.99908 -0.04288 0.00000 -18.47386 -0.04288 -0.99908 0.00000 -0.38000 -0.00000 -0.00000 -1.00000 -0.00000
1612292855098897 0.99956 -0.02962 0.00000 -19.79330 -0.02962 -0.99956 0.00000 -0.77554 -0.00000 -0.00000 -1.00000 -0.00000
1612292855348900 0.99983 -0.01870 0.00000 -21.26857 -0.01870 -0.99983 0.00000 -1.02322 -0.00000 -0.00000 -1.00000 -0.00000
1612292855598279 0.99999 -0.00402 0.00000 -22.88031 -0.00402 -0.99999 0.00000 -1.39586 -0.00000 -0.00000 -1.00000 -0.00000
1612292855848280 0.99999 0.00383 0.00000 -24.34124 0.00383 -0.99999 0.00000 -1.56865 0.00000 -0.00000 -1.00000 -0.00000
1612292856098283 0.99988 0.01544 0.00000 -25.96191 0.01544 -0.99988 0.00000 -1.83015 0.00000 -0.00000 -1.00000 -0.00000
1612292856348287 0.99978 0.02091 0.00000 -27.57034 0.02091 -0.99978 0.00000 -1.94025 0.00000 -0.00000 -1.00000 -0.00000
1612292856597665 0.99957 0.02943 0.00000 -29.14767 0.02943 -0.99957 0.00000 -2.22981 0.00000 -0.00000 -1.00000 -0.00000
1612292856847668 0.99965 0.02632 0.00000 -30.78184 0.02632 -0.99965 0.00000 -2.13921 0.00000 -0.00000 -1.00000 -0.00000
1612292857097676 0.99944 0.03359 0.00000 -32.39248 0.03359 -0.99944 0.00000 -2.51757 0.00000 -0.00000 -1.00000 -0.00000
1612292857348304 0.99945 0.03322 0.00000 -34.15753 0.03322 -0.99945 0.00000 -2.37782 0.00000 -0.00000 -1.00000 -0.00000
1612292857598308 0.99933 0.03670 -0.00000 -35.87756 0.03670 -0.99933 0.00000 -2.50089 0.00000 -0.00000 -1.00000 -0.00000
1612292857848310 0.99937 0.03562 0.00000 -37.65050 0.03562 -0.99937 0.00000 -2.60013 0.00000 -0.00000 -1.00000 -0.00000
1612292858097687 0.99921 0.03978 0.00000 -39.29828 0.03978 -0.99921 0.00000 -2.81913 0.00000 -0.00000 -1.00000 -0.00000
1612292858348315 0.99905 0.04367 0.00000 -41.14381 0.04367 -0.99905 0.00000 -2.81100 0.00000 -0.00000 -1.00000 -0.00000
1612292858598320 0.99844 0.05584 0.00000 -42.93234 0.05584 -0.99844 0.00000 -3.48060 0.00000 -0.00000 -1.00000 -0.00000
1612292858848319 0.99803 0.06278 0.00000 -44.73395 0.06278 -0.99803 0.00000 -3.81665 0.00000 -0.00000 -1.00000 -0.00000
1612292859097696 0.99736 0.07267 0.00000 -46.55270 0.07267 -0.99736 0.00000 -4.32198 0.00000 -0.00000 -1.00000 -0.00000
1612292859347075 0.99722 0.07445 0.00000 -48.34555 0.07445 -0.99722 0.00000 -4.43116 0.00000 -0.00000 -1.00000 -0.00000
1612292859597702 0.99758 0.06958 0.00000 -50.21257 0.06958 -0.99758 0.00000 -4.15431 0.00000 -0.00000 -1.00000 -0.00000
1612292859847702 0.99784 0.06566 -0.00000 -52.05375 0.06566 -0.99784 0.00000 -3.93909 0.00000 -0.00000 -1.00000 -0.00000
1612292860097711 0.99730 0.07347 0.00000 -53.95490 0.07347 -0.99730 0.00000 -4.46272 0.00000 -0.00000 -1.00000 -0.00000
1612292860348340 0.99791 0.06466 0.00000 -55.90868 0.06466 -0.99791 0.00000 -3.92482 0.00000 -0.00000 -1.00000 -0.00000
1612292860598352 0.99733 0.07304 0.00000 -57.81605 0.07304 -0.99733 0.00000 -4.45682 0.00000 -0.00000 -1.00000 -0.00000
1612292860848347 0.99707 0.07646 0.00000 -59.77162 0.07646 -0.99707 0.00000 -4.81734 0.00000 -0.00000 -1.00000 -0.00000
1612292861098973 0.99765 0.06855 0.00000 -61.79898 0.06855 -0.99765 0.00000 -4.13740 0.00000 -0.00000 -1.00000 -0.00000
1612292861348352 0.99793 0.06431 0.00000 -63.78453 0.06431 -0.99793 0.00000 -3.94042 0.00000 -0.00000 -1.00000 -0.00000
1612292861597734 0.99793 0.06426 0.00000 -65.74842 0.06426 -0.99793 0.00000 -4.12179 0.00000 -0.00000 -1.00000 -0.00000
1612292861847735 0.99818 0.06038 0.00000 -67.72895 0.06038 -0.99818 0.00000 -3.89235 0.00000 -0.00000 -1.00000 -0.00000
1612292862097110 0.99802 0.06287 -0.00000 -69.61747 0.06287 -0.99802 0.00000 -4.06502 0.00000 -0.00000 -1.00000 -0.00000
1612292862347117 0.99812 0.06133 0.00000 -71.53083 0.06133 -0.99812 0.00000 -3.97216 0.00000 -0.00000 -1.00000 -0.00000
1612292862597121 0.99821 0.05984 -0.00000 -73.40359 0.05984 -0.99821 0.00000 -3.81448 0.00000 -0.00000 -1.00000 -0.00000
1612292862847747 0.99853 0.05429 0.00000 -75.40358 0.05429 -0.99853 0.00000 -3.39503 0.00000 -0.00000 -1.00000 -0.00000
1612292863098383 0.99853 0.05418 0.00000 -77.31196 0.05418 -0.99853 0.00000 -3.41250 0.00000 -0.00000 -1.00000 -0.00000
1612292863348385 0.99801 0.06305 0.00000 -79.09192 0.06305 -0.99801 0.00000 -4.21176 0.00000 -0.00000 -1.00000 -0.00000
1612292863599009 0.99864 0.05208 0.00000 -81.03116 0.05208 -0.99864 0.00000 -3.27780 0.00000 -0.00000 -1.00000 -0.00000
1612292863848380 0.99826 0.05896 0.00000 -82.82963 0.05896 -0.99826 0.00000 -4.03070 0.00000 -0.00000 -1.00000 -0.00000
1612292864098385 0.99850 0.05474 0.00000 -84.73082 0.05474 -0.99850 0.00000 -3.52625 0.00000 -0.00000 -1.00000 -0.00000
1612292864348391 0.99908 0.04284 0.00000 -86.60980 0.04284 -0.99908 0.00000 -2.56920 0.00000 -0.00000 -1.00000 -0.00000
1612292864598392 0.99987 0.01592 -0.00000 -88.47632 0.01592 -0.99987 0.00000 -0.18446 0.00000 -0.00000 -1.00000 -0.00000
1612292864847773 0.99993 -0.01183 0.00000 -90.16411 -0.01183 -0.99993 0.00000 2.14563 -0.00000 -0.00000 -1.00000 0.00000
1612292865097778 0.99792 -0.06444 0.00000 -91.78346 -0.06444 -0.99792 0.00000 6.98568 -0.00000 -0.00000 -1.00000 0.00000
1612292865347157 0.99377 -0.11147 0.00000 -92.98507 -0.11147 -0.99377 0.00000 11.33054 -0.00000 -0.00000 -1.00000 0.00000
1612292865597783 0.98474 -0.17403 0.00000 -93.92267 -0.17403 -0.98474 0.00000 17.20823 -0.00000 -0.00000 -1.00000 0.00000
1612292865847158 0.97546 -0.22016 0.00000 -94.69637 -0.22016 -0.97546 0.00000 21.55883 -0.00000 -0.00000 -1.00000 0.00000
1612292866098414 0.95964 -0.28124 0.00000 -94.82369 -0.28124 -0.95964 0.00000 27.53229 -0.00000 -0.00000 -1.00000 0.00000
1612292866348421 0.94147 -0.33709 0.00000 -94.69186 -0.33709 -0.94147 0.00000 32.99713 -0.00000 -0.00000 -1.00000 0.00000
1612292866599046 0.91949 -0.39312 0.00000 -94.30530 -0.39312 -0.91949 0.00000 38.62478 -0.00000 -0.00000 -1.00000 0.00000
1612292866849045 0.89154 -0.45293 -0.00000 -93.20408 -0.45293 -0.89154 0.00000 44.81501 -0.00000 -0.00000 -1.00000 0.00000
1612292867098424 0.86062 -0.50925 0.00000 -91.78428 -0.50925 -0.86062 0.00000 50.70164 -0.00000 -0.00000 -1.00000 0.00000
1612292867347803 0.81874 -0.57417 0.00000 -89.28925 -0.57417 -0.81874 0.00000 57.58649 -0.00000 -0.00000 -1.00000 0.00000
1612292867597182 0.77330 -0.63404 -0.00000 -86.39370 -0.63404 -0.77330 0.00000 64.09553 -0.00000 -0.00000 -1.00000 0.00000
1612292867847183 0.72285 -0.69100 -0.00000 -82.99635 -0.69100 -0.72285 0.00000 70.54367 -0.00000 -0.00000 -1.00000 0.00000
1612292868097817 0.67056 -0.74186 0.00000 -79.41734 -0.74186 -0.67056 0.00000 76.39273 -0.00000 -0.00000 -1.00000 0.00000
1612292868347820 0.61826 -0.78597 0.00000 -75.79695 -0.78597 -0.61826 0.00000 81.73147 -0.00000 -0.00000 -1.00000 0.00000
1612292868597826 0.56904 -0.82231 0.00000 -72.50421 -0.82231 -0.56904 0.00000 86.14265 -0.00000 -0.00000 -1.00000 0.00000
1612292868847816 0.52789 -0.84931 -0.00000 -70.05904 -0.84931 -0.52789 0.00000 89.58649 -0.00000 -0.00000 -1.00000 0.00000
1612292869097827 0.49493 -0.86893 0.00000 -68.50334 -0.86893 -0.49493 0.00000 92.12604 -0.00000 -0.00000 -1.00000 0.00000
1612292869347831 0.47029 -0.88251 0.00000 -67.87285 -0.88251 -0.47029 0.00000 94.00171 -0.00000 -0.00000 -1.00000 0.00000
1612292869597835 0.46151 -0.88713 0.00000 -68.96497 -0.88713 -0.46151 0.00000 94.49592 -0.00000 -0.00000 -1.00000 0.00000
1612292869847837 0.46470 -0.88547 0.00000 -71.38135 -0.88547 -0.46470 0.00000 94.26143 -0.00000 -0.00000 -1.00000 0.00000
1612292870098464 0.45697 -0.88948 -0.00000 -72.64183 -0.88948 -0.45697 0.00000 94.96175 -0.00000 -0.00000 -1.00000 0.00000
1612292870348470 0.45580 -0.89008 0.00000 -74.58478 -0.89008 -0.45580 0.00000 95.05832 -0.00000 -0.00000 -1.00000 0.00000
1612292870598467 0.45468 -0.89065 0.00000 -76.56489 -0.89065 -0.45468 0.00000 95.18302 -0.00000 -0.00000 -1.00000 0.00000
1612292870848475 0.44839 -0.89384 -0.00000 -77.94772 -0.89384 -0.44839 0.00000 95.76849 -0.00000 -0.00000 -1.00000 0.00000
1612292871098485 0.44568 -0.89519 0.00000 -79.67303 -0.89519 -0.44568 0.00000 95.86151 -0.00000 -0.00000 -1.00000 0.00000
1612292871347857 0.45471 -0.89064 0.00000 -82.70563 -0.89064 -0.45471 0.00000 94.88742 -0.00000 -0.00000 -1.00000 0.00000
1612292871597861 0.45465 -0.89067 0.00000 -84.73907 -0.89067 -0.45465 0.00000 94.99574 -0.00000 -0.00000 -1.00000 0.00000
1612292871847863 0.45342 -0.89130 0.00000 -86.59578 -0.89130 -0.45342 0.00000 95.10085 -0.00000 -0.00000 -1.00000 0.00000
1612292872097867 0.45617 -0.88989 -0.00000 -88.84413 -0.88989 -0.45617 0.00000 94.71608 -0.00000 -0.00000 -1.00000 0.00000
1612292872347872 0.46660 -0.88447 0.00000 -91.87029 -0.88447 -0.46660 0.00000 93.58766 -0.00000 -0.00000 -1.00000 0.00000
1612292872597877 0.47053 -0.88238 0.00000 -94.31272 -0.88238 -0.47053 0.00000 93.24086 -0.00000 -0.00000 -1.00000 0.00000
1612292872847873 0.48107 -0.87668 0.00000 -97.31047 -0.87668 -0.48107 0.00000 92.03316 -0.00000 -0.00000 -1.00000 0.00000
1612292873098500 0.48303 -0.87560 -0.00000 -99.48885 -0.87560 -0.48303 0.00000 91.78209 -0.00000 -0.00000 -1.00000 0.00000
1612292873348505 0.48162 -0.87638 -0.00000 -101.22716 -0.87638 -0.48162 0.00000 92.05569 -0.00000 -0.00000 -1.00000 0.00000
1612292873597886 0.48646 -0.87370 0.00000 -103.60077 -0.87370 -0.48646 0.00000 91.37855 -0.00000 -0.00000 -1.00000 0.00000
1612292873847893 0.49226 -0.87045 0.00000 -106.06803 -0.87045 -0.49226 0.00000 90.55142 -0.00000 -0.00000 -1.00000 0.00000
1612292874097893 0.48691 -0.87345 0.00000 -107.45999 -0.87345 -0.48691 0.00000 91.25024 -0.00000 -0.00000 -1.00000 0.00000
1612292874347274 0.49445 -0.86921 0.00000 -109.95085 -0.86921 -0.49445 0.00000 90.17954 -0.00000 -0.00000 -1.00000 0.00000
1612292874597279 0.49773 -0.86733 0.00000 -112.06224 -0.86733 -0.49773 0.00000 89.75902 -0.00000 -0.00000 -1.00000 0.00000
1612292874847906 0.49720 -0.86764 0.00000 -113.96603 -0.86764 -0.49720 0.00000 89.96220 -0.00000 -0.00000 -1.00000 0.00000
1612292875097909 0.50642 -0.86229 -0.00000 -116.52178 -0.86229 -0.50642 0.00000 88.66780 -0.00000 -0.00000 -1.00000 0.00000
1612292875348535 0.52726 -0.84971 0.00000 -120.39165 -0.84971 -0.52726 0.00000 85.78465 -0.00000 -0.00000 -1.00000 0.00000
1612292875598539 0.55721 -0.83037 0.00000 -125.06267 -0.83037 -0.55721 0.00000 81.34708 -0.00000 -0.00000 -1.00000 0.00000
1612292875849169 0.58307 -0.81242 0.00000 -129.32683 -0.81242 -0.58307 0.00000 77.38187 -0.00000 -0.00000 -1.00000 0.00000
1612292876099170 0.62492 -0.78069 0.00000 -134.63019 -0.78069 -0.62492 0.00000 70.44154 -0.00000 -0.00000 -1.00000 0.00000
1612292876349176 0.66271 -0.74887 0.00000 -139.50569 -0.74887 -0.66271 0.00000 63.67952 -0.00000 -0.00000 -1.00000 0.00000
1612292876599189 0.70070 -0.71346 0.00000 -144.29267 -0.71346 -0.70070 0.00000 56.33287 -0.00000 -0.00000 -1.00000 0.00000
1612292876849179 0.74531 -0.66671 0.00000 -149.00271 -0.66671 -0.74531 0.00000 46.87277 -0.00000 -0.00000 -1.00000 0.00000
1612292877099181 0.79873 -0.60169 0.00000 -153.79134 -0.60169 -0.79873 0.00000 34.26929 -0.00000 -0.00000 -1.00000 0.00000
1612292877348561 0.85276 -0.52230 0.00000 -157.74405 -0.52230 -0.85276 0.00000 19.32402 -0.00000 -0.00000 -1.00000 0.00000
1612292877598565 0.89649 -0.44306 0.00000 -160.18760 -0.44306 -0.89649 0.00000 4.90380 -0.00000 -0.00000 -1.00000 0.00000
1612292877848570 0.93774 -0.34734 0.00000 -160.99102 -0.34734 -0.93774 0.00000 -11.76436 -0.00000 -0.00000 -1.00000 -0.00000
1612292878098572 0.97073 -0.24016 0.00000 -159.79050 -0.24016 -0.97073 0.00000 -29.76456 -0.00000 -0.00000 -1.00000 -0.00000
1612292878348576 0.99151 -0.13001 -0.00000 -156.49867 -0.13001 -0.99151 0.00000 -47.39314 -0.00000 -0.00000 -1.00000 -0.00000
1612292878598575 0.99997 -0.00761 0.00000 -150.52025 -0.00761 -0.99997 0.00000 -66.21729 -0.00000 -0.00000 -1.00000 -0.00000
1612292878848579 0.99205 0.12586 0.00000 -141.36780 0.12586 -0.99205 0.00000 -85.61002 0.00000 -0.00000 -1.00000 -0.00000
1612292879098591 0.96130 0.27549 0.00000 -127.54507 0.27549 -0.96130 0.00000 -106.11272 0.00000 -0.00000 -1.00000 -0.00000
1612292879348591 0.90799 0.41899 0.00000 -110.87408 0.41899 -0.90799 0.00000 -124.34491 0.00000 -0.00000 -1.00000 -0.00000
1612292879598591 0.82735 0.56169 0.00000 -89.93327 0.56169 -0.82735 0.00000 -140.65120 0.00000 -0.00000 -1.00000 -0.00000
1612292879847970 0.71758 0.69648 0.00000 -65.07741 0.69648 -0.71758 0.00000 -154.18044 0.00000 -0.00000 -1.00000 -0.00000
1612292880097973 0.58765 0.80912 0.00000 -38.53154 0.80912 -0.58765 0.00000 -163.03763 0.00000 -0.00000 -1.00000 -0.00000
1612292880348602 0.44724 0.89442 0.00000 -12.25981 0.89442 -0.44724 0.00000 -167.06755 0.00000 -0.00000 -1.00000 -0.00000
1612292880598606 0.28171 0.95950 0.00000 16.69285 0.95950 -0.28171 0.00000 -166.58691 0.00000 -0.00000 -1.00000 -0.00000
1612292880848608 0.11302 0.99359 -0.00000 44.10696 0.99359 -0.11302 0.00000 -161.17311 0.00000 -0.00000 -1.00000 -0.00000
1612292881098609 -0.06330 0.99799 0.00000 70.94587 0.99799 0.06330 0.00000 -150.89825 0.00000 0.00000 -1.00000 -0.00000
1612292881348615 -0.23706 0.97150 0.00000 95.39998 0.97150 0.23706 0.00000 -136.05431 0.00000 0.00000 -1.00000 -0.00000
1612292881598618 -0.40395 0.91478 0.00000 116.90660 0.91478 0.40395 0.00000 -117.18901 0.00000 0.00000 -1.00000 -0.00000
1612292881848619 -0.56085 0.82792 -0.00000 135.10811 0.82792 0.56085 0.00000 -94.28641 0.00000 0.00000 -1.00000 -0.00000
1612292882097995 -0.68172 0.73162 0.00000 146.96591 0.73162 0.68172 0.00000 -72.32553 0.00000 0.00000 -1.00000 -0.00000
1612292882348627 -0.77846 0.62770 0.00000 154.73931 0.62770 0.77846 0.00000 -50.74107 0.00000 0.00000 -1.00000 -0.00000
1612292882598633 -0.84578 0.53353 0.00000 158.48634 0.53353 0.84578 0.00000 -32.52482 0.00000 0.00000 -1.00000 -0.00000
1612292882848634 -0.89198 0.45207 0.00000 159.77110 0.45207 0.89198 0.00000 -17.56559 0.00000 0.00000 -1.00000 -0.00000
1612292883099261 -0.91593 0.40134 0.00000 159.20098 0.40134 0.91593 0.00000 -8.55340 0.00000 0.00000 -1.00000 -0.00000
1612292883349263 -0.93447 0.35605 -0.00000 158.19216 0.35605 0.93447 0.00000 -0.81862 0.00000 0.00000 -1.00000 -0.00000
1612292883599270 -0.93894 0.34409 -0.00000 156.83108 0.34409 0.93894 0.00000 1.29933 0.00000 0.00000 -1.00000 0.00000
1612292883849272 -0.93930 0.34311 0.00000 155.49714 0.34311 0.93930 0.00000 1.39950 0.00000 0.00000 -1.00000 0.00000
1612292884098654 -0.93747 0.34807 0.00000 154.10479 0.34807 0.93747 0.00000 0.65238 0.00000 0.00000 -1.00000 0.00000
1612292884348654 -0.92665 0.37593 0.00000 152.51300 0.37593 0.92665 0.00000 -4.02001 0.00000 0.00000 -1.00000 -0.00000
1612292884598668 -0.91351 0.40682 0.00000 150.88155 0.40682 0.91351 0.00000 -9.13401 0.00000 0.00000 -1.00000 -0.00000
1612292884848660 -0.89471 0.44664 0.00000 148.80205 0.44664 0.89471 0.00000 -15.74653 0.00000 0.00000 -1.00000 -0.00000
1612292885098664 -0.86929 0.49430 0.00000 146.18426 0.49430 0.86929 0.00000 -23.83085 0.00000 0.00000 -1.00000 -0.00000
1612292885348670 -0.83946 0.54342 0.00000 142.90580 0.54342 0.83946 0.00000 -32.15883 0.00000 0.00000 -1.00000 -0.00000
1612292885598669 -0.80464 0.59376 0.00000 139.03239 0.59376 0.80464 0.00000 -40.84506 0.00000 0.00000 -1.00000 -0.00000
1612292885848050 -0.77196 0.63567 0.00000 134.94985 0.63567 0.77196 0.00000 -48.25718 0.00000 0.00000 -1.00000 -0.00000
1612292886098053 -0.72685 0.68680 0.00000 129.65735 0.68680 0.72685 0.00000 -57.32117 0.00000 0.00000 -1.00000 -0.00000
1612292886348056 -0.68329 0.73015 0.00000 124.08421 0.73015 0.68329 0.00000 -65.24165 0.00000 0.00000 -1.00000 -0.00000
1612292886598058 -0.64160 0.76704 0.00000 118.44127 0.76704 0.64160 0.00000 -72.06094 0.00000 0.00000 -1.00000 -0.00000
1612292886848057 -0.60277 0.79792 0.00000 112.80627 0.79792 0.60277 0.00000 -77.94291 0.00000 0.00000 -1.00000 -0.00000
1612292887098690 -0.55742 0.83023 0.00000 106.40867 0.83023 0.55742 0.00000 -84.04807 0.00000 0.00000 -1.00000 -0.00000
1612292887348691 -0.52226 0.85279 0.00000 100.91304 0.85279 0.52226 0.00000 -88.46049 0.00000 0.00000 -1.00000 -0.00000
1612292887598692 -0.49752 0.86745 0.00000 96.32534 0.86745 0.49752 0.00000 -91.33957 0.00000 0.00000 -1.00000 -0.00000
1612292887848701 -0.47421 0.88041 0.00000 91.73590 0.88041 0.47421 0.00000 -93.77122 0.00000 0.00000 -1.00000 -0.00000
1612292888098701 -0.45058 0.89274 0.00000 87.14954 0.89274 0.45058 0.00000 -96.25123 0.00000 0.00000 -1.00000 -0.00000
1612292888348705 -0.44358 0.89623 0.00000 84.32906 0.89623 0.44358 0.00000 -97.06945 0.00000 0.00000 -1.00000 -0.00000
1612292888599334 -0.43222 0.90177 0.00000 81.07535 0.90177 0.43222 0.00000 -98.11510 0.00000 0.00000 -1.00000 -0.00000
1612292888849335 -0.43177 0.90199 0.00000 78.95532 0.90199 0.43177 0.00000 -98.23640 0.00000 0.00000 -1.00000 -0.00000
1612292889099338 -0.42609 0.90468 0.00000 76.29411 0.90468 0.42609 0.00000 -98.71022 0.00000 0.00000 -1.00000 -0.00000
1612292889348716 -0.42486 0.90526 0.00000 74.11213 0.90526 0.42486 0.00000 -98.90197 0.00000 0.00000 -1.00000 -0.00000
1612292889598093 -0.42623 0.90462 0.00000 72.19431 0.90462 0.42623 0.00000 -98.71607 0.00000 0.00000 -1.00000 -0.00000
1612292889848725 -0.42626 0.90460 0.00000 70.17873 0.90460 0.42626 0.00000 -98.61495 0.00000 0.00000 -1.00000 -0.00000
1612292890098102 -0.43485 0.90050 0.00000 69.17647 0.90050 0.43485 0.00000 -98.08114 0.00000 0.00000 -1.00000 -0.00000
1612292890348103 -0.44900 0.89353 0.00000 68.77997 0.89353 0.44900 0.00000 -97.05991 0.00000 0.00000 -1.00000 -0.00000
1612292890598107 -0.46632 0.88462 -0.00000 68.70979 0.88462 0.46632 0.00000 -95.73953 0.00000 0.00000 -1.00000 -0.00000
1612292890847482 -0.50011 0.86596 0.00000 70.52529 0.86596 0.50011 0.00000 -93.10036 0.00000 0.00000 -1.00000 -0.00000
1612292891098113 -0.52090 0.85362 0.00000 70.82109 0.85362 0.52090 0.00000 -91.36750 0.00000 0.00000 -1.00000 -0.00000
1612292891348118 -0.55692 0.83057 0.00000 72.84488 0.83057 0.55692 0.00000 -88.24228 0.00000 0.00000 -1.00000 -0.00000
1612292891598121 -0.59340 0.80491 0.00000 74.93140 0.80491 0.59340 0.00000 -85.19542 0.00000 0.00000 -1.00000 -0.00000
1612292891849374 -0.63270 0.77440 0.00000 77.31839 0.77440 0.63270 0.00000 -81.16243 0.00000 0.00000 -1.00000 -0.00000
1612292892099999 -0.67236 0.74023 0.00000 79.76480 0.74023 0.67236 0.00000 -77.11493 0.00000 0.00000 -1.00000 -0.00000
1612292892350003 -0.71174 0.70245 0.00000 82.28044 0.70245 0.71174 0.00000 -72.72654 0.00000 0.00000 -1.00000 -0.00000
1612292892600018 -0.75222 0.65891 0.00000 84.80195 0.65891 0.75222 0.00000 -67.86079 0.00000 0.00000 -1.00000 -0.00000
1612292892850011 -0.78867 0.61482 0.00000 86.87306 0.61482 0.78867 0.00000 -62.87730 0.00000 0.00000 -1.00000 -0.00000
1612292893099389 -0.82554 0.56435 0.00000 89.14361 0.56435 0.82554 0.00000 -57.46205 0.00000 0.00000 -1.00000 -0.00000
1612292893349395 -0.85738 0.51469 0.00000 90.68315 0.51469 0.85738 0.00000 -51.99078 0.00000 0.00000 -1.00000 -0.00000
1612292893599399 -0.88658 0.46257 0.00000 92.06367 0.46257 0.88658 0.00000 -46.43005 0.00000 0.00000 -1.00000 -0.00000
1612292893849401 -0.90990 0.41484 -0.00000 92.89154 0.41484 0.90990 0.00000 -41.56194 0.00000 0.00000 -1.00000 -0.00000
1612292894098778 -0.93605 0.35186 0.00000 93.99616 0.35186 0.93605 0.00000 -35.10108 0.00000 0.00000 -1.00000 -0.00000
1612292894349409 -0.95454 0.29807 -0.00000 94.20151 0.29807 0.95454 0.00000 -29.78489 0.00000 0.00000 -1.00000 -0.00000
1612292894598784 -0.97188 0.23546 0.00000 94.52145 0.23546 0.97188 0.00000 -23.79954 0.00000 0.00000 -1.00000 -0.00000
1612292894848790 -0.98243 0.18665 0.00000 93.86481 0.18665 0.98243 0.00000 -19.05502 0.00000 0.00000 -1.00000 -0.00000
1612292895098176 -0.99216 0.12498 0.00000 93.17265 0.12498 0.99216 0.00000 -13.17876 0.00000 0.00000 -1.00000 -0.00000
1612292895348795 -0.99713 0.07565 -0.00000 92.02544 0.07565 0.99713 0.00000 -8.46255 0.00000 0.00000 -1.00000 -0.00000
1612292895598174 -0.99932 0.03682 -0.00000 90.49355 0.03682 0.99932 0.00000 -4.88062 0.00000 0.00000 -1.00000 -0.00000
1612292895848179 -0.99992 0.01276 0.00000 88.69684 0.01276 0.99992 0.00000 -2.69078 0.00000 0.00000 -1.00000 -0.00000
1612292896097552 -0.99997 -0.00804 0.00000 87.00626 -0.00804 0.99997 0.00000 -0.98229 -0.00000 0.00000 -1.00000 -0.00000
1612292896348184 -1.00000 -0.00272 -0.00000 85.23056 -0.00272 1.00000 0.00000 -1.32329 -0.00000 0.00000 -1.00000 -0.00000
1612292896598186 -0.99997 -0.00799 -0.00000 83.34881 -0.00799 0.99997 0.00000 -0.89751 -0.00000 0.00000 -1.00000 -0.00000
1612292896848189 -0.99993 -0.01157 0.00000 81.57990 -0.01157 0.99993 0.00000 -0.56284 -0.00000 0.00000 -1.00000 -0.00000
1612292897098819 -0.99979 -0.02031 -0.00000 79.79100 -0.02031 0.99979 0.00000 0.04873 -0.00000 0.00000 -1.00000 0.00000
1612292897349447 -0.99982 -0.01918 -0.00000 77.99359 -0.01918 0.99982 0.00000 -0.06726 -0.00000 0.00000 -1.00000 -0.00000
1612292897599450 -0.99966 -0.02606 0.00000 76.30491 -0.02606 0.99966 0.00000 0.48690 -0.00000 0.00000 -1.00000 0.00000
1612292897849450 -0.99974 -0.02283 0.00000 74.45720 -0.02283 0.99974 0.00000 0.17096 -0.00000 0.00000 -1.00000 0.00000
1612292898099457 -0.99958 -0.02890 0.00000 72.74114 -0.02890 0.99958 0.00000 0.60682 -0.00000 0.00000 -1.00000 0.00000
1612292898349458 -0.99953 -0.03065 -0.00000 70.97100 -0.03065 0.99953 0.00000 0.67161 -0.00000 0.00000 -1.00000 0.00000
1612292898599766 -0.99956 -0.02972 0.00000 69.22080 -0.02972 0.99956 0.00000 0.73177 -0.00000 0.00000 -1.00000 0.00000
1612292898850085 -0.99924 -0.03905 -0.00000 67.45098 -0.03905 0.99924 0.00000 1.26274 -0.00000 0.00000 -1.00000 0.00000
1612292899100087 -0.99860 -0.05282 0.00000 65.60317 -0.05282 0.99860 0.00000 2.11997 -0.00000 0.00000 -1.00000 0.00000
1612292899350105 -0.99755 -0.06995 0.00000 63.79753 -0.06995 0.99755 0.00000 3.11171 -0.00000 0.00000 -1.00000 0.00000
1612292899600096 -0.99704 -0.07684 0.00000 61.95812 -0.07684 0.99704 0.00000 3.60936 -0.00000 0.00000 -1.00000 0.00000
1612292899850104 -0.99613 -0.08785 0.00000 60.09864 -0.08785 0.99613 0.00000 4.27998 -0.00000 0.00000 -1.00000 0.00000
1612292900100106 -0.99546 -0.09515 0.00000 58.30777 -0.09515 0.99546 0.00000 4.64998 -0.00000 0.00000 -1.00000 0.00000
1612292900350106 -0.99572 -0.09239 0.00000 56.47440 -0.09239 0.99572 0.00000 4.44236 -0.00000 0.00000 -1.00000 0.00000
1612292900599497 -0.99571 -0.09256 0.00000 54.65148 -0.09256 0.99571 0.00000 4.40614 -0.00000 0.00000 -1.00000 0.00000
1612292900849487 -0.99639 -0.08495 0.00000 52.80133 -0.08495 0.99639 0.00000 3.99090 -0.00000 0.00000 -1.00000 0.00000
1612292901098865 -0.99646 -0.08407 0.00000 50.90378 -0.08407 0.99646 0.00000 3.92737 -0.00000 0.00000 -1.00000 0.00000
1612292901348870 -0.99728 -0.07364 0.00000 49.08666 -0.07364 0.99728 0.00000 3.40817 -0.00000 0.00000 -1.00000 0.00000
1612292901598876 -0.99793 -0.06423 0.00000 47.19410 -0.06423 0.99793 0.00000 2.80595 -0.00000 0.00000 -1.00000 0.00000
1612292901848251 -0.99844 -0.05591 0.00000 45.25069 -0.05591 0.99844 0.00000 2.43878 -0.00000 0.00000 -1.00000 0.00000
1612292902097635 -0.99906 -0.04342 -0.00000 43.37986 -0.04342 0.99906 0.00000 1.82486 -0.00000 0.00000 -1.00000 0.00000
1612292902347634 -0.99936 -0.03577 0.00000 41.46709 -0.03577 0.99936 0.00000 1.54620 -0.00000 0.00000 -1.00000 0.00000
1612292902598264 -0.99954 -0.03028 -0.00000 39.45368 -0.03028 0.99954 0.00000 1.34926 -0.00000 0.00000 -1.00000 0.00000
1612292902848886 -0.99976 -0.02187 0.00000 37.47767 -0.02187 0.99976 0.00000 0.96583 -0.00000 0.00000 -1.00000 0.00000
1612292903098903 -0.99980 -0.02020 0.00000 35.43436 -0.02020 0.99980 0.00000 0.64258 -0.00000 0.00000 -1.00000 0.00000
1612292903348898 -0.99963 -0.02706 0.00000 33.35941 -0.02706 0.99963 0.00000 0.92041 -0.00000 0.00000 -1.00000 0.00000
1612292903598901 -0.99982 -0.01874 0.00000 31.24823 -0.01874 0.99982 0.00000 0.67831 -0.00000 0.00000 -1.00000 0.00000
1612292903849524 -0.99994 -0.01054 0.00000 29.20578 -0.01054 0.99994 0.00000 0.33128 -0.00000 0.00000 -1.00000 0.00000
1612292904098920 -0.99994 -0.01055 0.00000 27.05833 -0.01055 0.99994 0.00000 0.32582 -0.00000 0.00000 -1.00000 0.00000
1612292904348912 -0.99999 -0.00444 0.00000 24.94341 -0.00444 0.99999 0.00000 0.17973 -0.00000 0.00000 -1.00000 0.00000
1612292904598917 -0.99996 0.00855 0.00000 22.84962 0.00855 0.99996 0.00000 -0.15678 0.00000 0.00000 -1.00000 -0.00000
1612292904848290 -0.99992 0.01293 0.00000 20.66004 0.01293 0.99992 0.00000 -0.29374 0.00000 0.00000 -1.00000 -0.00000
1612292905098297 -0.99982 0.01923 0.00000 18.53267 0.01923 0.99982 0.00000 -0.41920 0.00000 0.00000 -1.00000 -0.00000
1612292905348300 -0.99955 0.02994 0.00000 16.25037 0.02994 0.99955 0.00000 -0.63925 0.00000 0.00000 -1.00000 -0.00000
1612292905598301 -0.99946 0.03280 0.00000 14.15228 0.03280 0.99946 0.00000 -0.66590 0.00000 0.00000 -1.00000 -0.00000
1612292905847681 -0.99961 0.02786 0.00000 11.85968 0.02786 0.99961 0.00000 -0.65740 0.00000 0.00000 -1.00000 -0.00000
1612292906097681 -0.99925 0.03865 0.00000 9.63743 0.03865 0.99925 0.00000 -0.79844 0.00000 0.00000 -1.00000 -0.00000
1612292906348311 -0.99927 0.03819 0.00000 7.33099 0.03819 0.99927 0.00000 -0.80715 0.00000 0.00000 -1.00000 -0.00000
1612292906598314 -0.99947 0.03248 0.00000 5.13170 0.03248 0.99947 0.00000 -0.81913 0.00000 0.00000 -1.00000 -0.00000
1612292906848316 -0.99936 0.03580 0.00000 2.84122 0.03580 0.99936 0.00000 -0.92291 0.00000 0.00000 -1.00000 -0.00000
1612292907098316 -0.99927 0.03816 0.00000 0.56029 0.03816 0.99927 0.00000 -0.96954 0.00000 0.00000 -1.00000 -0.00000
1612292907348324 -0.99925 0.03871 -0.00000 -1.64565 0.03871 0.99925 0.00000 -0.99957 0.00000 0.00000 -1.00000 -0.00000
1612292907598326 -0.99904 0.04375 -0.00000 -3.94122 0.04375 0.99904 0.00000 -1.01312 0.00000 0.00000 -1.00000 -0.00000
1612292907847704 -0.99943 0.03384 -0.00000 -6.14324 0.03384 0.99943 0.00000 -1.08021 0.00000 0.00000 -1.00000 -0.00000
1612292908097709 -0.99940 0.03469 0.00000 -8.32310 0.03469 0.99940 0.00000 -1.03615 0.00000 0.00000 -1.00000 -0.00000
1612292908348334 -0.99929 0.03772 0.00000 -10.58517 0.03772 0.99929 0.00000 -0.91302 0.00000 0.00000 -1.00000 -0.00000
1612292908597722 -0.99959 0.02879 0.00000 -12.77164 0.02879 0.99959 0.00000 -1.21727 0.00000 0.00000 -1.00000 -0.00000
1612292908848360 -0.99964 0.02672 -0.00000 -14.98727 0.02672 0.99964 0.00000 -1.22921 0.00000 0.00000 -1.00000 -0.00000
1612292909098968 -0.99973 0.02315 0.00000 -17.18936 0.02315 0.99973 0.00000 -1.32935 0.00000 0.00000 -1.00000 -0.00000
1612292909348973 -0.99981 0.01964 0.00000 -19.49758 0.01964 0.99981 0.00000 -1.55942 0.00000 0.00000 -1.00000 -0.00000
1612292909599601 -0.99978 0.02081 0.00000 -21.69082 0.02081 0.99978 0.00000 -1.43957 0.00000 0.00000 -1.00000 -0.00000
1612292909848985 -0.99999 0.00506 0.00000 -23.89929 0.00506 0.99999 0.00000 -1.91495 0.00000 0.00000 -1.00000 -0.00000
1612292910098984 -1.00000 -0.00192 0.00000 -26.08860 -0.00192 1.00000 0.00000 -2.02893 -0.00000 0.00000 -1.00000 -0.00000
1612292910348989 -0.99994 -0.01122 0.00000 -28.29654 -0.01122 0.99994 0.00000 -2.34084 -0.00000 0.00000 -1.00000 -0.00000
1612292910598993 -0.99992 -0.01248 0.00000 -30.61881 -0.01248 0.99992 0.00000 -2.34965 -0.00000 0.00000 -1.00000 -0.00000
1612292910848998 -0.99987 -0.01628 0.00000 -32.71259 -0.01628 0.99987 0.00000 -2.44845 -0.00000 0.00000 -1.00000 -0.00000
1612292911098381 -0.99933 -0.03648 0.00000 -34.82129 -0.03648 0.99933 0.00000 -3.20576 -0.00000 0.00000 -1.00000 -0.00000
1612292911348999 -0.99947 -0.03270 0.00000 -36.96792 -0.03270 0.99947 0.00000 -3.03938 -0.00000 0.00000 -1.00000 -0.00000
1612292911599001 -0.99913 -0.04166 0.00000 -39.00532 -0.04166 0.99913 0.00000 -3.35828 -0.00000 0.00000 -1.00000 -0.00000
1612292911848382 -0.99861 -0.05267 0.00000 -41.10362 -0.05267 0.99861 0.00000 -3.77336 -0.00000 0.00000 -1.00000 -0.00000
1612292912098382 -0.99833 -0.05778 0.00000 -42.95143 -0.05778 0.99833 0.00000 -3.99922 -0.00000 0.00000 -1.00000 -0.00000
1612292912348387 -0.99865 -0.05201 0.00000 -44.91982 -0.05201 0.99865 0.00000 -3.91030 -0.00000 0.00000 -1.00000 -0.00000
1612292912598391 -0.99864 -0.05209 0.00000 -46.77103 -0.05209 0.99864 0.00000 -3.89749 -0.00000 0.00000 -1.00000 -0.00000
1612292912847774 -0.99865 -0.05199 0.00000 -48.47955 -0.05199 0.99865 0.00000 -3.95103 -0.00000 0.00000 -1.00000 -0.00000
1612292913099020 -0.99879 -0.04919 0.00000 -50.20720 -0.04919 0.99879 0.00000 -3.79901 -0.00000 0.00000 -1.00000 -0.00000
1612292913349646 -0.99946 -0.03279 0.00000 -51.80714 -0.03279 0.99946 0.00000 -2.94774 -0.00000 0.00000 -1.00000 -0.00000
1612292913599651 -0.99974 -0.02272 0.00000 -53.33071 -0.02272 0.99974 0.00000 -2.53640 -0.00000 0.00000 -1.00000 -0.00000
1612292913849658 -0.99999 -0.00536 0.00000 -54.80044 -0.00536 0.99999 0.00000 -1.55308 -0.00000 0.00000 -1.00000 -0.00000
1612292914100286 -0.99953 0.03080 0.00000 -56.10503 0.03080 0.99953 0.00000 0.36803 0.00000 0.00000 -1.00000 0.00000
1612292914349667 -0.99875 0.04992 0.00000 -57.37522 0.04992 0.99875 0.00000 1.42203 0.00000 0.00000 -1.00000 0.00000
1612292914599669 -0.99592 0.09027 0.00000 -58.46420 0.09027 0.99592 0.00000 3.77207 0.00000 0.00000 -1.00000 0.00000
1612292914849689 -0.99088 0.13475 -0.00000 -59.32340 0.13475 0.99088 0.00000 6.28758 0.00000 0.00000 -1.00000 0.00000
1612292915099693 -0.98139 0.19201 -0.00000 -59.93118 0.19201 0.98139 0.00000 9.74075 0.00000 0.00000 -1.00000 0.00000
1612292915349073 -0.96845 0.24920 0.00000 -60.35217 0.24920 0.96845 0.00000 13.15337 0.00000 0.00000 -1.00000 0.00000
1612292915599078 -0.94518 0.32654 -0.00000 -60.16101 0.32654 0.94518 0.00000 18.11926 0.00000 0.00000 -1.00000 0.00000
1612292915849078 -0.91124 0.41187 0.00000 -59.29423 0.41187 0.91124 0.00000 23.47591 0.00000 0.00000 -1.00000 0.00000
1612292916099081 -0.86734 0.49772 -0.00000 -57.73241 0.49772 0.86734 0.00000 28.97869 0.00000 0.00000 -1.00000 0.00000
1612292916348460 -0.80851 0.58848 0.00000 -55.26808 0.58848 0.80851 0.00000 35.03510 0.00000 0.00000 -1.00000 0.00000
1612292916598484 -0.73011 0.68333 0.00000 -51.58346 0.68333 0.73011 0.00000 41.52599 0.00000 0.00000 -1.00000 0.00000
1612292916847846 -0.64012 0.76827 0.00000 -47.08075 0.76827 0.64012 0.00000 47.42752 0.00000 0.00000 -1.00000 0.00000
1612292917097850 -0.53105 0.84734 -0.00000 -41.33108 0.84734 0.53105 0.00000 53.52470 0.00000 0.00000 -1.00000 0.00000
1612292917348478 -0.41361 0.91045 0.00000 -34.92038 0.91045 0.41361 0.00000 58.60341 0.00000 0.00000 -1.00000 0.00000
1612292917599104 -0.30655 0.95185 0.00000 -29.04790 0.95185 0.30655 0.00000 62.15182 0.00000 0.00000 -1.00000 0.00000
1612292917848481 -0.22868 0.97350 -0.00000 -25.07165 0.97350 0.22868 0.00000 64.27496 0.00000 0.00000 -1.00000 0.00000
1612292918099112 -0.16123 0.98692 0.00000 -21.78715 0.98692 0.16123 0.00000 65.85013 0.00000 0.00000 -1.00000 0.00000
1612292918349114 -0.12983 0.99154 0.00000 -20.85151 0.99154 0.12983 0.00000 66.51013 0.00000 0.00000 -1.00000 0.00000
1612292918599112 -0.09246 0.99572 0.00000 -19.76631 0.99572 0.09246 0.00000 67.03903 0.00000 0.00000 -1.00000 0.00000
1612292918848490 -0.08893 0.99604 0.00000 -20.81924 0.99604 0.08893 0.00000 67.17401 0.00000 0.00000 -1.00000 0.00000
1612292919098510 -0.06748 0.99772 -0.00000 -20.85903 0.99772 0.06748 0.00000 67.24111 0.00000 0.00000 -1.00000 0.00000
1612292919348484 -0.06207 0.99807 0.00000 -21.83234 0.99807 0.06207 0.00000 67.67398 0.00000 0.00000 -1.00000 0.00000
1612292919598489 -0.05787 0.99832 0.00000 -23.12102 0.99832 0.05787 0.00000 67.44229 0.00000 0.00000 -1.00000 0.00000
1612292919848489 -0.06213 0.99807 -0.00000 -24.97088 0.99807 0.06213 0.00000 67.61673 0.00000 0.00000 -1.00000 0.00000
1612292920099117 -0.05545 0.99846 0.00000 -26.06035 0.99846 0.05545 0.00000 67.51908 0.00000 0.00000 -1.00000 0.00000
1612292920349134 -0.06668 0.99777 -0.00000 -28.54098 0.99777 0.06668 0.00000 67.28967 0.00000 0.00000 -1.00000 0.00000
1612292920599133 -0.04535 0.99897 0.00000 -28.56569 0.99897 0.04535 0.00000 67.83771 0.00000 0.00000 -1.00000 0.00000
1612292920849128 -0.04150 0.99914 0.00000 -30.05281 0.99914 0.04150 0.00000 67.95272 0.00000 0.00000 -1.00000 0.00000
1612292921099129 -0.02268 0.99974 -0.00000 -30.33490 0.99974 0.02268 0.00000 68.28629 0.00000 0.00000 -1.00000 0.00000
1612292921349136 -0.01328 0.99991 0.00000 -31.40890 0.99991 0.01328 0.00000 68.74528 0.00000 0.00000 -1.00000 0.00000
1612292921599140 0.01582 0.99987 0.00000 -31.04625 0.99987 -0.01582 0.00000 69.31039 0.00000 -0.00000 -1.00000 0.00000
1612292921849143 0.04776 0.99886 -0.00000 -30.49955 0.99886 -0.04776 0.00000 70.54798 0.00000 -0.00000 -1.00000 0.00000
1612292922098520 0.07964 0.99682 0.00000 -29.91924 0.99682 -0.07964 0.00000 71.35783 0.00000 -0.00000 -1.00000 0.00000
1612292922348524 0.11592 0.99326 0.00000 -29.01672 0.99326 -0.11592 0.00000 72.44945 0.00000 -0.00000 -1.00000 0.00000
1612292922597897 0.12482 0.99218 0.00000 -30.03847 0.99218 -0.12482 0.00000 72.57908 0.00000 -0.00000 -1.00000 0.00000
1612292922847909 0.14482 0.98946 0.00000 -30.31175 0.98946 -0.14482 0.00000 73.10773 0.00000 -0.00000 -1.00000 0.00000
1612292923097910 0.13387 0.99100 0.00000 -32.83750 0.99100 -0.13387 0.00000 72.76745 0.00000 -0.00000 -1.00000 0.00000
1612292923348536 0.12857 0.99170 0.00000 -35.01055 0.99170 -0.12857 0.00000 72.54686 0.00000 -0.00000 -1.00000 0.00000
1612292923599167 0.10603 0.99436 0.00000 -38.57313 0.99436 -0.10603 0.00000 71.66378 0.00000 -0.00000 -1.00000 0.00000
1612292923849792 0.09423 0.99555 0.00000 -41.22535 0.99555 -0.09423 0.00000 71.19929 0.00000 -0.00000 -1.00000 0.00000
1612292924099173 0.06673 0.99777 0.00000 -45.10269 0.99777 -0.06673 0.00000 69.95825 0.00000 -0.00000 -1.00000 0.00000
1612292924349798 0.04502 0.99899 -0.00000 -48.57321 0.99899 -0.04502 0.00000 68.94747 0.00000 -0.00000 -1.00000 0.00000
1612292924599813 0.03248 0.99947 0.00000 -51.34718 0.99947 -0.03248 0.00000 68.28128 0.00000 -0.00000 -1.00000 0.00000
1612292924849184 0.01004 0.99995 0.00000 -54.87597 0.99995 -0.01004 0.00000 67.08245 0.00000 -0.00000 -1.00000 0.00000
1612292925099185 -0.00171 1.00000 0.00000 -57.67106 1.00000 0.00171 0.00000 66.34680 0.00000 0.00000 -1.00000 0.00000
1612292925349189 -0.00910 0.99996 0.00000 -60.06907 0.99996 0.00910 0.00000 65.91395 0.00000 0.00000 -1.00000 0.00000
1612292925599190 -0.01514 0.99989 0.00000 -62.45655 0.99989 0.01514 0.00000 65.52381 0.00000 0.00000 -1.00000 0.00000
1612292925849189 -0.02357 0.99972 0.00000 -64.97203 0.99972 0.02357 0.00000 64.99186 0.00000 0.00000 -1.00000 0.00000
1612292926098576 -0.03232 0.99948 0.00000 -67.41719 0.99948 0.03232 0.00000 64.42117 0.00000 0.00000 -1.00000 0.00000
1612292926348591 -0.03185 0.99949 0.00000 -69.44719 0.99949 0.03185 0.00000 64.40742 0.00000 0.00000 -1.00000 0.00000
1612292926598578 -0.03788 0.99928 0.00000 -71.69836 0.99928 0.03788 0.00000 63.90613 0.00000 0.00000 -1.00000 0.00000
1612292926848582 -0.03367 0.99943 -0.00000 -73.31757 0.99943 0.03367 0.00000 64.18263 0.00000 0.00000 -1.00000 0.00000
1612292927097965 -0.03513 0.99938 0.00000 -75.23619 0.99938 0.03513 0.00000 64.08101 0.00000 0.00000 -1.00000 0.00000
