0.005 -1. 0. 355631.796 1. 0.005 0. 4026722.372 0. 0. 1. 0.
0.006 -1. 0. 355631.795 1. 0.006 0. 4026722.814 0. 0. 1. 0.
0.007 -1. 0. 355631.794 1. 0.007 0. 4026723.305 0. 0. 1. 0.
0.008 -1. 0. 355631.795 1. 0.008 0. 4026723.842 0. 0. 1. 0.
0.008 -1. 0. 355631.796 1. 0.008 0. 4026724.423 0. 0. 1. 0.
0.009 -1. 0. 355631.799 1. 0.009 0. 4026725.050 0. 0. 1. 0.
0.009 -1. 0. 355631.803 1. 0.009 0. 4026725.727 0. 0. 1. 0.
0.009 -1. 0. 355631.807 1. 0.009 0. 4026726.445 0. 0. 1. 0.
0.009 -1. 0. 355631.813 1. 0.009 0. 4026727.207 0. 0. 1. 0.
0.009 -1. 0. 355631.819 1. 0.009 0. 4026728.009 0. 0. 1. 0.
0.009 -1. 0. 355631.825 1. 0.009 0. 4026728.849 0. 0. 1. 0.
0.008 -1. 0. 355631.833 1. 0.008 0. 4026729.724 0. 0. 1. 0.
0.008 -1. 0. 355631.841 1. 0.008 0. 4026730.632 0. 0. 1. 0.
0.007 -1. 0. 355631.847 1. 0.007 0. 4026731.563 0. 0. 1. 0.
0.006 -1. 0. 355631.853 1. 0.006 0. 4026732.530 0. 0. 1. 0.
0.005 -1. 0. 355631.859 1. 0.005 0. 4026733.527 0. 0. 1. 0.
0.004 -1. 0. 355631.864 1. 0.004 0. 4026734.556 0. 0. 1. 0.
0.004 -1. 0. 355631.868 1. 0.004 0. 4026735.599 0. 0. 1. 0.
0.004 -1. 0. 355631.873 1. 0.004 0. 4026736.675 0. 0. 1. 0.
0.003 -1. 0. 355631.877 1. 0.003 0. 4026737.780 0. 0. 1. 0.
0.004 -1. 0. 355631.877 1. 0.004 0. 4026738.919 0. 0. 1. 0.
0.005 -1. 0. 355631.877 1. 0.005 0. 4026740.085 0. 0. 1. 0.
0.005 -1. 0. 355631.878 1. 0.005 0. 4026741.265 0. 0. 1. 0.
0.006 -1. 0. 355631.881 1. 0.006 0. 4026742.466 0. 0. 1. 0.
0.007 -1. 0. 355631.886 1. 0.007 0. 4026743.671 0. 0. 1. 0.
0.005 -1. 0. 355631.892 1. 0.005 0. 4026744.887 0. 0. 1. 0.
-0.002 -1. 0. 355631.894 1. -0.002 0. 4026746.106 0. 0. 1. 0.
-0.014 -1.000 0. 355631.885 1.000 -0.014 0. 4026747.318 0. 0. 1. 0.
-0.025 -1.000 0. 355631.862 1.000 -0.025 0. 4026748.537 0. 0. 1. 0.
-0.041 -0.999 0. 355631.823 0.999 -0.041 0. 4026749.756 0. 0. 1. 0.
-0.054 -0.999 0. 355631.766 0.999 -0.054 0. 4026750.989 0. 0. 1. 0.
-0.067 -0.998 0. 355631.692 0.998 -0.067 0. 4026752.227 0. 0. 1. 0.
-0.079 -0.997 0. 355631.602 0.997 -0.079 0. 4026753.469 0. 0. 1. 0.
-0.091 -0.996 0. 355631.494 0.996 -0.091 0. 4026754.723 0. 0. 1. 0.
-0.100 -0.995 0. 355631.373 0.995 -0.100 0. 4026755.981 0. 0. 1. 0.
-0.107 -0.994 0. 355631.241 0.994 -0.107 0. 4026757.238 0. 0. 1. 0.
-0.108 -0.994 0. 355631.103 0.994 -0.108 0. 4026758.512 0. 0. 1. 0.
-0.108 -0.994 0. 355630.963 0.994 -0.108 0. 4026759.796 0. 0. 1. 0.
-0.106 -0.994 0. 355630.823 0.994 -0.106 0. 4026761.093 0. 0. 1. 0.
-0.105 -0.994 0. 355630.682 0.994 -0.105 0. 4026762.404 0. 0. 1. 0.
-0.103 -0.995 0. 355630.541 0.995 -0.103 0. 4026763.732 0. 0. 1. 0.
-0.101 -0.995 0. 355630.402 0.995 -0.101 0. 4026765.078 0. 0. 1. 0.
-0.100 -0.995 0. 355630.262 0.995 -0.100 0. 4026766.445 0. 0. 1. 0.
-0.101 -0.995 0. 355630.120 0.995 -0.101 0. 4026767.828 0. 0. 1. 0.
-0.104 -0.995 0. 355629.971 0.995 -0.104 0. 4026769.230 0. 0. 1. 0.
-0.108 -0.994 0. 355629.815 0.994 -0.108 0. 4026770.652 0. 0. 1. 0.
-0.113 -0.994 0. 355629.650 0.994 -0.113 0. 4026772.096 0. 0. 1. 0.
-0.120 -0.993 0. 355629.476 0.993 -0.120 0. 4026773.556 0. 0. 1. 0.
-0.129 -0.992 0. 355629.291 0.992 -0.129 0. 4026775.031 0. 0. 1. 0.
-0.138 -0.990 0. 355629.091 0.990 -0.138 0. 4026776.528 0. 0. 1. 0.
-0.146 -0.989 0. 355628.877 0.989 -0.146 0. 4026778.027 0. 0. 1. 0.
-0.153 -0.988 0. 355628.647 0.988 -0.153 0. 4026779.553 0. 0. 1. 0.
-0.161 -0.987 0. 355628.404 0.987 -0.161 0. 4026781.079 0. 0. 1. 0.
-0.168 -0.986 0. 355628.150 0.986 -0.168 0. 4026782.597 0. 0. 1. 0.
-0.176 -0.984 0. 355627.887 0.984 -0.176 0. 4026784.101 0. 0. 1. 0.
-0.183 -0.983 0. 355627.615 0.983 -0.183 0. 4026785.594 0. 0. 1. 0.
-0.186 -0.983 0. 355627.334 0.983 -0.186 0. 4026787.078 0. 0. 1. 0.
-0.186 -0.982 0. 355627.051 0.982 -0.186 0. 4026788.557 0. 0. 1. 0.
-0.186 -0.983 0. 355626.770 0.983 -0.186 0. 4026790.032 0. 0. 1. 0.
-0.184 -0.983 0. 355626.492 0.983 -0.184 0. 4026791.496 0. 0. 1. 0.
-0.182 -0.983 0. 355626.222 0.983 -0.182 0. 4026792.940 0. 0. 1. 0.
-0.180 -0.984 0. 355625.962 0.984 -0.180 0. 4026794.352 0. 0. 1. 0.
-0.177 -0.984 0. 355625.714 0.984 -0.177 0. 4026795.720 0. 0. 1. 0.
-0.173 -0.985 0. 355625.485 0.985 -0.173 0. 4026797.007 0. 0. 1. 0.
-0.170 -0.985 0. 355625.273 0.985 -0.170 0. 4026798.213 0. 0. 1. 0.
-0.168 -0.986 0. 355625.076 0.986 -0.168 0. 4026799.352 0. 0. 1. 0.
-0.166 -0.986 0. 355624.894 0.986 -0.166 0. 4026800.414 0. 0. 1. 0.
-0.164 -0.986 0. 355624.728 0.986 -0.164 0. 4026801.400 0. 0. 1. 0.
-0.163 -0.987 0. 355624.578 0.987 -0.163 0. 4026802.296 0. 0. 1. 0.
-0.162 -0.987 0. 355624.444 0.987 -0.162 0. 4026803.104 0. 0. 1. 0.
-0.163 -0.987 0. 355624.326 0.987 -0.163 0. 4026803.811 0. 0. 1. 0.
-0.164 -0.986 0. 355624.223 0.986 -0.164 0. 4026804.425 0. 0. 1. 0.
-0.165 -0.986 0. 355624.135 0.986 -0.165 0. 4026804.949 0. 0. 1. 0.
-0.166 -0.986 0. 355624.058 0.986 -0.166 0. 4026805.396 0. 0. 1. 0.
-0.167 -0.986 0. 355623.993 0.986 -0.167 0. 4026805.776 0. 0. 1. 0.
-0.169 -0.986 0. 355623.931 0.986 -0.169 0. 4026806.132 0. 0. 1. 0.
-0.169 -0.986 0. 355623.870 0.986 -0.169 0. 4026806.486 0. 0. 1. 0.
-0.171 -0.985 0. 355623.808 0.985 -0.171 0. 4026806.839 0. 0. 1. 0.
-0.172 -0.985 0. 355623.745 0.985 -0.172 0. 4026807.195 0. 0. 1. 0.
-0.175 -0.985 0. 355623.680 0.985 -0.175 0. 4026807.562 0. 0. 1. 0.
-0.181 -0.984 0. 355623.608 0.984 -0.181 0. 4026807.954 0. 0. 1. 0.
-0.188 -0.982 0. 355623.527 0.982 -0.188 0. 4026808.383 0. 0. 1. 0.
-0.195 -0.981 0. 355623.435 0.981 -0.195 0. 4026808.855 0. 0. 1. 0.
-0.203 -0.979 0. 355623.329 0.979 -0.203 0. 4026809.374 0. 0. 1. 0.
-0.212 -0.977 0. 355623.206 0.977 -0.212 0. 4026809.939 0. 0. 1. 0.
-0.222 -0.975 0. 355623.064 0.975 -0.222 0. 4026810.561 0. 0. 1. 0.
-0.234 -0.972 0. 355622.903 0.972 -0.234 0. 4026811.236 0. 0. 1. 0.
-0.248 -0.969 0. 355622.720 0.969 -0.248 0. 4026811.961 0. 0. 1. 0.
-0.266 -0.964 0. 355622.512 0.964 -0.266 0. 4026812.735 0. 0. 1. 0.
-0.284 -0.959 0. 355622.274 0.959 -0.284 0. 4026813.560 0. 0. 1. 0.
-0.304 -0.953 0. 355622.006 0.953 -0.304 0. 4026814.426 0. 0. 1. 0.
-0.328 -0.945 0. 355621.703 0.945 -0.328 0. 4026815.337 0. 0. 1. 0.
-0.350 -0.937 0. 355621.361 0.937 -0.350 0. 4026816.286 0. 0. 1. 0.
-0.403 -0.915 0. 355620.549 0.915 -0.403 0. 4026818.287 0. 0. 1. 0.
-0.432 -0.902 0. 355620.070 0.902 -0.432 0. 4026819.331 0. 0. 1. 0.
-0.462 -0.887 0. 355619.539 0.887 -0.462 0. 4026820.396 0. 0. 1. 0.
-0.494 -0.870 0. 355618.950 0.870 -0.494 0. 4026821.481 0. 0. 1. 0.
-0.526 -0.851 0. 355618.299 0.851 -0.526 0. 4026822.581 0. 0. 1. 0.
-0.559 -0.829 0. 355617.583 0.829 -0.559 0. 4026823.693 0. 0. 1. 0.
-0.591 -0.807 0. 355616.795 0.807 -0.591 0. 4026824.818 0. 0. 1. 0.
-0.622 -0.783 0. 355615.932 0.783 -0.622 0. 4026825.953 0. 0. 1. 0.
-0.648 -0.762 0. 355615.003 0.762 -0.648 0. 4026827.087 0. 0. 1. 0.
-0.668 -0.745 0. 355614.013 0.745 -0.668 0. 4026828.226 0. 0. 1. 0.
-0.683 -0.730 0. 355612.968 0.730 -0.683 0. 4026829.366 0. 0. 1. 0.
-0.693 -0.720 0. 355611.870 0.720 -0.693 0. 4026830.521 0. 0. 1. 0.
-0.699 -0.715 0. 355610.738 0.715 -0.699 0. 4026831.686 0. 0. 1. 0.
-0.700 -0.715 0. 355609.581 0.715 -0.700 0. 4026832.870 0. 0. 1. 0.
-0.696 -0.719 0. 355608.404 0.719 -0.696 0. 4026834.078 0. 0. 1. 0.
-0.690 -0.724 0. 355607.217 0.724 -0.690 0. 4026835.312 0. 0. 1. 0.
-0.685 -0.728 0. 355606.010 0.728 -0.685 0. 4026836.588 0. 0. 1. 0.
-0.681 -0.732 0. 355604.791 0.732 -0.681 0. 4026837.893 0. 0. 1. 0.
-0.677 -0.736 0. 355603.559 0.736 -0.677 0. 4026839.232 0. 0. 1. 0.
-0.674 -0.739 0. 355602.310 0.739 -0.674 0. 4026840.604 0. 0. 1. 0.
-0.671 -0.741 0. 355601.046 0.741 -0.671 0. 4026842.000 0. 0. 1. 0.
-0.669 -0.744 0. 355599.762 0.744 -0.669 0. 4026843.426 0. 0. 1. 0.
-0.666 -0.746 0. 355598.467 0.746 -0.666 0. 4026844.877 0. 0. 1. 0.
-0.663 -0.749 0. 355597.161 0.749 -0.663 0. 4026846.352 0. 0. 1. 0.
-0.659 -0.752 0. 355595.836 0.752 -0.659 0. 4026847.860 0. 0. 1. 0.
-0.655 -0.755 0. 355594.511 0.755 -0.655 0. 4026849.379 0. 0. 1. 0.
-0.650 -0.760 0. 355593.195 0.760 -0.650 0. 4026850.903 0. 0. 1. 0.
-0.643 -0.766 0. 355591.886 0.766 -0.643 0. 4026852.445 0. 0. 1. 0.
-0.634 -0.773 0. 355590.585 0.773 -0.634 0. 4026854.012 0. 0. 1. 0.
-0.622 -0.783 0. 355589.296 0.783 -0.622 0. 4026855.607 0. 0. 1. 0.
-0.610 -0.793 0. 355588.019 0.793 -0.610 0. 4026857.245 0. 0. 1. 0.
-0.597 -0.802 0. 355586.754 0.802 -0.597 0. 4026858.924 0. 0. 1. 0.
-0.584 -0.812 0. 355585.512 0.812 -0.584 0. 4026860.626 0. 0. 1. 0.
-0.571 -0.821 0. 355584.292 0.821 -0.571 0. 4026862.350 0. 0. 1. 0.
-0.557 -0.830 0. 355583.097 0.830 -0.557 0. 4026864.098 0. 0. 1. 0.
-0.542 -0.841 0. 355581.926 0.841 -0.542 0. 4026865.881 0. 0. 1. 0.
-0.524 -0.852 0. 355580.788 0.852 -0.524 0. 4026867.686 0. 0. 1. 0.
-0.503 -0.864 0. 355579.686 0.864 -0.503 0. 4026869.524 0. 0. 1. 0.
-0.480 -0.877 0. 355578.640 0.877 -0.480 0. 4026871.376 0. 0. 1. 0.
-0.455 -0.890 0. 355577.649 0.890 -0.455 0. 4026873.252 0. 0. 1. 0.
-0.431 -0.902 0. 355576.713 0.902 -0.431 0. 4026875.145 0. 0. 1. 0.
-0.408 -0.913 0. 355575.826 0.913 -0.408 0. 4026877.061 0. 0. 1. 0.
-0.383 -0.924 0. 355574.995 0.924 -0.383 0. 4026878.986 0. 0. 1. 0.
-0.360 -0.933 0. 355574.215 0.933 -0.360 0. 4026880.929 0. 0. 1. 0.
-0.341 -0.940 0. 355573.478 0.940 -0.341 0. 4026882.896 0. 0. 1. 0.
-0.322 -0.947 0. 355572.778 0.947 -0.322 0. 4026884.881 0. 0. 1. 0.
-0.303 -0.953 0. 355572.118 0.953 -0.303 0. 4026886.879 0. 0. 1. 0.
-0.280 -0.960 0. 355571.497 0.960 -0.280 0. 4026888.905 0. 0. 1. 0.
-0.256 -0.967 0. 355570.925 0.967 -0.256 0. 4026890.948 0. 0. 1. 0.
-0.233 -0.972 0. 355570.401 0.972 -0.233 0. 4026893.010 0. 0. 1. 0.
-0.211 -0.977 0. 355569.922 0.977 -0.211 0. 4026895.102 0. 0. 1. 0.
-0.191 -0.982 0. 355569.488 0.982 -0.191 0. 4026897.213 0. 0. 1. 0.
-0.172 -0.985 0. 355569.094 0.985 -0.172 0. 4026899.346 0. 0. 1. 0.
-0.157 -0.988 0. 355568.737 0.988 -0.157 0. 4026901.477 0. 0. 1. 0.
-0.141 -0.990 0. 355568.409 0.990 -0.141 0. 4026903.622 0. 0. 1. 0.
-0.126 -0.992 0. 355568.110 0.992 -0.126 0. 4026905.785 0. 0. 1. 0.
-0.110 -0.994 0. 355567.844 0.994 -0.110 0. 4026907.965 0. 0. 1. 0.
-0.095 -0.995 0. 355567.611 0.995 -0.095 0. 4026910.142 0. 0. 1. 0.
-0.081 -0.997 0. 355567.415 0.997 -0.081 0. 4026912.331 0. 0. 1. 0.
-0.069 -0.998 0. 355567.251 0.998 -0.069 0. 4026914.517 0. 0. 1. 0.
-0.057 -0.998 0. 355567.114 0.998 -0.057 0. 4026916.682 0. 0. 1. 0.
-0.042 -0.999 0. 355567.004 0.999 -0.042 0. 4026918.845 0. 0. 1. 0.
-0.026 -1.000 0. 355566.931 1.000 -0.026 0. 4026920.986 0. 0. 1. 0.
-0.008 -1. 0. 355566.896 1. -0.008 0. 4026923.125 0. 0. 1. 0.
0.012 -1. 0. 355566.902 1. 0.012 0. 4026925.254 0. 0. 1. 0.
0.030 -1.000 0. 355566.945 1.000 0.030 0. 4026927.391 0. 0. 1. 0.
0.047 -0.999 0. 355567.026 0.999 0.047 0. 4026929.524 0. 0. 1. 0.
0.063 -0.998 0. 355567.143 0.998 0.063 0. 4026931.661 0. 0. 1. 0.
0.078 -0.997 0. 355567.293 0.997 0.078 0. 4026933.800 0. 0. 1. 0.
0.094 -0.996 0. 355567.477 0.996 0.094 0. 4026935.942 0. 0. 1. 0.
0.111 -0.994 0. 355567.695 0.994 0.111 0. 4026938.076 0. 0. 1. 0.
0.125 -0.992 0. 355567.949 0.992 0.125 0. 4026940.223 0. 0. 1. 0.
0.137 -0.991 0. 355568.231 0.991 0.137 0. 4026942.362 0. 0. 1. 0.
0.149 -0.989 0. 355568.540 0.989 0.149 0. 4026944.507 0. 0. 1. 0.
0.162 -0.987 0. 355568.878 0.987 0.162 0. 4026946.654 0. 0. 1. 0.
0.175 -0.984 0. 355569.249 0.984 0.175 0. 4026948.802 0. 0. 1. 0.
0.192 -0.981 0. 355569.652 0.981 0.192 0. 4026950.946 0. 0. 1. 0.
0.207 -0.978 0. 355570.088 0.978 0.207 0. 4026953.088 0. 0. 1. 0.
0.224 -0.975 0. 355570.560 0.975 0.224 0. 4026955.226 0. 0. 1. 0.
0.242 -0.970 0. 355571.073 0.970 0.242 0. 4026957.364 0. 0. 1. 0.
0.260 -0.966 0. 355571.624 0.966 0.260 0. 4026959.485 0. 0. 1. 0.
0.273 -0.962 0. 355572.209 0.962 0.273 0. 4026961.599 0. 0. 1. 0.
0.286 -0.958 0. 355572.815 0.958 0.286 0. 4026963.682 0. 0. 1. 0.
0.306 -0.952 0. 355573.457 0.952 0.306 0. 4026965.754 0. 0. 1. 0.
0.330 -0.944 0. 355574.143 0.944 0.330 0. 4026967.805 0. 0. 1. 0.
0.355 -0.935 0. 355574.883 0.935 0.355 0. 4026969.841 0. 0. 1. 0.
0.382 -0.924 0. 355575.678 0.924 0.382 0. 4026971.847 0. 0. 1. 0.
0.410 -0.912 0. 355576.539 0.912 0.410 0. 4026973.843 0. 0. 1. 0.
0.436 -0.900 0. 355577.462 0.900 0.436 0. 4026975.821 0. 0. 1. 0.
0.464 -0.886 0. 355578.448 0.886 0.464 0. 4026977.779 0. 0. 1. 0.
0.490 -0.872 0. 355579.484 0.872 0.490 0. 4026979.696 0. 0. 1. 0.
0.516 -0.857 0. 355580.584 0.857 0.516 0. 4026981.589 0. 0. 1. 0.
0.537 -0.844 0. 355581.731 0.844 0.537 0. 4026983.445 0. 0. 1. 0.
0.554 -0.832 0. 355582.905 0.832 0.554 0. 4026985.251 0. 0. 1. 0.
0.570 -0.822 0. 355584.112 0.822 0.570 0. 4026987.028 0. 0. 1. 0.
0.584 -0.811 0. 355585.341 0.811 0.584 0. 4026988.767 0. 0. 1. 0.
0.598 -0.801 0. 355586.586 0.801 0.598 0. 4026990.465 0. 0. 1. 0.
0.613 -0.790 0. 355587.854 0.790 0.613 0. 4026992.134 0. 0. 1. 0.
0.627 -0.779 0. 355589.135 0.779 0.627 0. 4026993.756 0. 0. 1. 0.
0.642 -0.767 0. 355590.440 0.767 0.642 0. 4026995.347 0. 0. 1. 0.
0.659 -0.752 0. 355591.779 0.752 0.659 0. 4026996.909 0. 0. 1. 0.
0.674 -0.738 0. 355593.140 0.738 0.674 0. 4026998.432 0. 0. 1. 0.
0.689 -0.724 0. 355594.530 0.724 0.689 0. 4026999.925 0. 0. 1. 0.
0.703 -0.711 0. 355595.950 0.711 0.703 0. 4027001.391 0. 0. 1. 0.
0.715 -0.699 0. 355597.389 0.699 0.715 0. 4027002.824 0. 0. 1. 0.
0.725 -0.689 0. 355598.845 0.689 0.725 0. 4027004.229 0. 0. 1. 0.
0.734 -0.680 0. 355600.311 0.680 0.734 0. 4027005.606 0. 0. 1. 0.
0.741 -0.671 0. 355601.788 0.671 0.741 0. 4027006.961 0. 0. 1. 0.
0.748 -0.664 0. 355603.277 0.664 0.748 0. 4027008.296 0. 0. 1. 0.
0.752 -0.659 0. 355604.779 0.659 0.752 0. 4027009.620 0. 0. 1. 0.
0.754 -0.657 0. 355606.282 0.657 0.754 0. 4027010.935 0. 0. 1. 0.
0.755 -0.655 0. 355607.777 0.655 0.755 0. 4027012.239 0. 0. 1. 0.
0.754 -0.657 0. 355609.259 0.657 0.754 0. 4027013.530 0. 0. 1. 0.
0.749 -0.662 0. 355610.726 0.662 0.749 0. 4027014.817 0. 0. 1. 0.
0.741 -0.671 0. 355612.165 0.671 0.741 0. 4027016.106 0. 0. 1. 0.
0.730 -0.683 0. 355613.570 0.683 0.730 0. 4027017.405 0. 0. 1. 0.
0.717 -0.697 0. 355614.939 0.697 0.717 0. 4027018.713 0. 0. 1. 0.
0.703 -0.711 0. 355616.277 0.711 0.703 0. 4027020.040 0. 0. 1. 0.
0.686 -0.728 0. 355617.577 0.728 0.686 0. 4027021.388 0. 0. 1. 0.
0.668 -0.744 0. 355618.835 0.744 0.668 0. 4027022.760 0. 0. 1. 0.
0.649 -0.761 0. 355620.054 0.761 0.649 0. 4027024.154 0. 0. 1. 0.
0.628 -0.778 0. 355621.235 0.778 0.628 0. 4027025.578 0. 0. 1. 0.
0.603 -0.798 0. 355622.371 0.798 0.603 0. 4027027.030 0. 0. 1. 0.
0.573 -0.819 0. 355623.455 0.819 0.573 0. 4027028.523 0. 0. 1. 0.
0.541 -0.841 0. 355624.487 0.841 0.541 0. 4027030.060 0. 0. 1. 0.
0.506 -0.863 0. 355625.458 0.863 0.506 0. 4027031.634 0. 0. 1. 0.
0.466 -0.885 0. 355626.366 0.885 0.466 0. 4027033.259 0. 0. 1. 0.
0.422 -0.907 0. 355627.197 0.907 0.422 0. 4027034.929 0. 0. 1. 0.
0.373 -0.928 0. 355627.945 0.928 0.373 0. 4027036.646 0. 0. 1. 0.
0.322 -0.947 0. 355628.604 0.947 0.322 0. 4027038.414 0. 0. 1. 0.
0.271 -0.962 0. 355629.168 0.962 0.271 0. 4027040.220 0. 0. 1. 0.
0.227 -0.974 0. 355629.642 0.974 0.227 0. 4027042.083 0. 0. 1. 0.
0.197 -0.980 0. 355630.046 0.980 0.197 0. 4027043.958 0. 0. 1. 0.
0.170 -0.985 0. 355630.403 0.985 0.170 0. 4027045.873 0. 0. 1. 0.
0.145 -0.989 0. 355630.710 0.989 0.145 0. 4027047.800 0. 0. 1. 0.
0.120 -0.993 0. 355630.972 0.993 0.120 0. 4027049.753 0. 0. 1. 0.
0.101 -0.995 0. 355631.191 0.995 0.101 0. 4027051.731 0. 0. 1. 0.
0.086 -0.996 0. 355631.377 0.996 0.086 0. 4027053.725 0. 0. 1. 0.
0.076 -0.997 0. 355631.537 0.997 0.076 0. 4027055.728 0. 0. 1. 0.
0.070 -0.998 0. 355631.682 0.998 0.070 0. 4027057.728 0. 0. 1. 0.
0.069 -0.998 0. 355631.822 0.998 0.069 0. 4027059.750 0. 0. 1. 0.
0.072 -0.997 0. 355631.966 0.997 0.072 0. 4027061.781 0. 0. 1. 0.
0.077 -0.997 0. 355632.119 0.997 0.077 0. 4027063.829 0. 0. 1. 0.
0.082 -0.997 0. 355632.284 0.997 0.082 0. 4027065.903 0. 0. 1. 0.
0.086 -0.996 0. 355632.460 0.996 0.086 0. 4027067.985 0. 0. 1. 0.
0.089 -0.996 0. 355632.644 0.996 0.089 0. 4027070.086 0. 0. 1. 0.
0.092 -0.996 0. 355632.835 0.996 0.092 0. 4027072.191 0. 0. 1. 0.
0.095 -0.995 0. 355633.034 0.995 0.095 0. 4027074.303 0. 0. 1. 0.
0.098 -0.995 0. 355633.241 0.995 0.098 0. 4027076.430 0. 0. 1. 0.
0.101 -0.995 0. 355633.455 0.995 0.101 0. 4027078.569 0. 0. 1. 0.
0.104 -0.995 0. 355633.677 0.995 0.104 0. 4027080.716 0. 0. 1. 0.
0.104 -0.995 0. 355633.905 0.995 0.104 0. 4027082.866 0. 0. 1. 0.
0.102 -0.995 0. 355634.133 0.995 0.102 0. 4027085.040 0. 0. 1. 0.
0.099 -0.995 0. 355634.356 0.995 0.099 0. 4027087.217 0. 0. 1. 0.
0.096 -0.995 0. 355634.572 0.995 0.096 0. 4027089.406 0. 0. 1. 0.
0.092 -0.996 0. 355634.781 0.996 0.092 0. 4027091.612 0. 0. 1. 0.
0.088 -0.996 0. 355634.983 0.996 0.088 0. 4027093.831 0. 0. 1. 0.
0.084 -0.996 0. 355635.177 0.996 0.084 0. 4027096.051 0. 0. 1. 0.
0.076 -0.997 0. 355635.359 0.997 0.076 0. 4027098.285 0. 0. 1. 0.
0.067 -0.998 0. 355635.524 0.998 0.067 0. 4027100.555 0. 0. 1. 0.
0.060 -0.998 0. 355635.669 0.998 0.060 0. 4027102.812 0. 0. 1. 0.
0.055 -0.998 0. 355635.802 0.998 0.055 0. 4027105.084 0. 0. 1. 0.
0.049 -0.999 0. 355635.923 0.999 0.049 0. 4027107.382 0. 0. 1. 0.
0.045 -0.999 0. 355636.032 0.999 0.045 0. 4027109.674 0. 0. 1. 0.
0.040 -0.999 0. 355636.130 0.999 0.040 0. 4027111.963 0. 0. 1. 0.
0.036 -0.999 0. 355636.217 0.999 0.036 0. 4027114.232 0. 0. 1. 0.
0.032 -0.999 0. 355636.295 0.999 0.032 0. 4027116.475 0. 0. 1. 0.
0.030 -1.000 0. 355636.366 1.000 0.030 0. 4027118.702 0. 0. 1. 0.
0.030 -1.000 0. 355636.432 1.000 0.030 0. 4027120.913 0. 0. 1. 0.
0.031 -1.000 0. 355636.499 1.000 0.031 0. 4027123.110 0. 0. 1. 0.
0.031 -1.000 0. 355636.566 1.000 0.031 0. 4027125.299 0. 0. 1. 0.
0.030 -1.000 0. 355636.631 1.000 0.030 0. 4027127.489 0. 0. 1. 0.
0.029 -1.000 0. 355636.694 1.000 0.029 0. 4027129.679 0. 0. 1. 0.
0.030 -1.000 0. 355636.758 1.000 0.030 0. 4027131.885 0. 0. 1. 0.
0.032 -0.999 0. 355636.824 0.999 0.032 0. 4027134.069 0. 0. 1. 0.
0.033 -0.999 0. 355636.892 0.999 0.033 0. 4027136.275 0. 0. 1. 0.
0.034 -0.999 0. 355636.964 0.999 0.034 0. 4027138.475 0. 0. 1. 0.
0.033 -0.999 0. 355637.036 0.999 0.033 0. 4027140.668 0. 0. 1. 0.
0.032 -0.999 0. 355637.107 0.999 0.032 0. 4027142.836 0. 0. 1. 0.
0.030 -1.000 0. 355637.175 1.000 0.030 0. 4027144.989 0. 0. 1. 0.
0.029 -1.000 0. 355637.239 1.000 0.029 0. 4027147.127 0. 0. 1. 0.
0.026 -1.000 0. 355637.298 1.000 0.026 0. 4027149.246 0. 0. 1. 0.
0.024 -1.000 0. 355637.350 1.000 0.024 0. 4027151.339 0. 0. 1. 0.
0.018 -1.000 0. 355637.394 1.000 0.018 0. 4027153.406 0. 0. 1. 0.
0.014 -1. 0. 355637.427 1. 0.014 0. 4027155.466 0. 0. 1. 0.
0.011 -1. 0. 355637.452 1. 0.011 0. 4027157.497 0. 0. 1. 0.
0.009 -1. 0. 355637.473 1. 0.009 0. 4027159.518 0. 0. 1. 0.
0.007 -1. 0. 355637.490 1. 0.007 0. 4027161.537 0. 0. 1. 0.
0.005 -1. 0. 355637.503 1. 0.005 0. 4027163.525 0. 0. 1. 0.
0.004 -1. 0. 355637.514 1. 0.004 0. 4027165.500 0. 0. 1. 0.
0.003 -1. 0. 355637.523 1. 0.003 0. 4027167.455 0. 0. 1. 0.
0.002 -1. 0. 355637.529 1. 0.002 0. 4027169.384 0. 0. 1. 0.
0.002 -1. 0. 355637.533 1. 0.002 0. 4027171.293 0. 0. 1. 0.
0.003 -1. 0. 355637.539 1. 0.003 0. 4027173.179 0. 0. 1. 0.
0.005 -1. 0. 355637.548 1. 0.005 0. 4027175.045 0. 0. 1. 0.
0.006 -1. 0. 355637.560 1. 0.006 0. 4027176.893 0. 0. 1. 0.
0.007 -1. 0. 355637.575 1. 0.007 0. 4027178.694 0. 0. 1. 0.
0.008 -1. 0. 355637.590 1. 0.008 0. 4027180.430 0. 0. 1. 0.
0.010 -1. 0. 355637.605 1. 0.010 0. 4027182.104 0. 0. 1. 0.
0.012 -1. 0. 355637.625 1. 0.012 0. 4027183.716 0. 0. 1. 0.
0.016 -1.000 0. 355637.648 1.000 0.016 0. 4027185.282 0. 0. 1. 0.
0.023 -1.000 0. 355637.678 1.000 0.023 0. 4027186.793 0. 0. 1. 0.
0.036 -0.999 0. 355637.722 0.999 0.036 0. 4027188.245 0. 0. 1. 0.
0.054 -0.999 0. 355637.785 0.999 0.054 0. 4027189.633 0. 0. 1. 0.
0.082 -0.997 0. 355637.876 0.997 0.082 0. 4027190.974 0. 0. 1. 0.
0.128 -0.992 0. 355638.009 0.992 0.128 0. 4027192.253 0. 0. 1. 0.
0.183 -0.983 0. 355638.203 0.983 0.183 0. 4027193.498 0. 0. 1. 0.
0.243 -0.970 0. 355638.464 0.970 0.243 0. 4027194.699 0. 0. 1. 0.
0.304 -0.953 0. 355638.794 0.953 0.304 0. 4027195.861 0. 0. 1. 0.
0.369 -0.929 0. 355639.192 0.929 0.369 0. 4027196.980 0. 0. 1. 0.
0.438 -0.899 0. 355639.668 0.899 0.438 0. 4027198.062 0. 0. 1. 0.
0.502 -0.865 0. 355640.217 0.865 0.502 0. 4027199.097 0. 0. 1. 0.
0.569 -0.822 0. 355640.845 0.822 0.569 0. 4027200.090 0. 0. 1. 0.
0.637 -0.771 0. 355641.550 0.771 0.637 0. 4027201.026 0. 0. 1. 0.
0.705 -0.709 0. 355642.333 0.709 0.705 0. 4027201.894 0. 0. 1. 0.
0.769 -0.639 0. 355643.197 0.639 0.769 0. 4027202.690 0. 0. 1. 0.
0.829 -0.559 0. 355644.131 0.559 0.829 0. 4027203.394 0. 0. 1. 0.
0.881 -0.472 0. 355645.147 0.472 0.881 0. 4027204.010 0. 0. 1. 0.
0.925 -0.381 0. 355646.231 0.381 0.925 0. 4027204.525 0. 0. 1. 0.
0.956 -0.295 0. 355647.376 0.295 0.956 0. 4027204.937 0. 0. 1. 0.
0.973 -0.232 0. 355648.582 0.232 0.973 0. 4027205.265 0. 0. 1. 0.
0.983 -0.184 0. 355649.832 0.184 0.983 0. 4027205.530 0. 0. 1. 0.
0.989 -0.150 0. 355651.118 0.150 0.989 0. 4027205.748 0. 0. 1. 0.
0.992 -0.126 0. 355652.449 0.126 0.992 0. 4027205.934 0. 0. 1. 0.
0.994 -0.106 0. 355653.818 0.106 0.994 0. 4027206.094 0. 0. 1. 0.
0.996 -0.085 0. 355655.231 0.085 0.996 0. 4027206.231 0. 0. 1. 0.
0.998 -0.070 0. 355656.678 0.070 0.998 0. 4027206.344 0. 0. 1. 0.
0.998 -0.057 0. 355658.163 0.057 0.998 0. 4027206.439 0. 0. 1. 0.
0.999 -0.045 0. 355659.683 0.045 0.999 0. 4027206.516 0. 0. 1. 0.
0.999 -0.033 0. 355661.243 0.033 0.999 0. 4027206.578 0. 0. 1. 0.
1.000 -0.022 0. 355662.846 0.022 1.000 0. 4027206.622 0. 0. 1. 0.
1. -0.010 0. 355664.482 0.010 1. 0. 4027206.649 0. 0. 1. 0.
1. 0.001 0. 355666.153 -0.001 1. -0. 4027206.658 -0. 0. 1. 0.
1. 0.012 0. 355667.861 -0.012 1. -0. 4027206.648 -0. 0. 1. 0.
1.000 0.023 0. 355669.607 -0.023 1.000 -0. 4027206.617 -0. 0. 1. 0.
0.999 0.033 0. 355671.383 -0.033 0.999 -0. 4027206.569 -0. 0. 1. 0.
0.999 0.039 0. 355673.192 -0.039 0.999 -0. 4027206.505 -0. 0. 1. 0.
0.999 0.044 0. 355675.037 -0.044 0.999 -0. 4027206.428 -0. 0. 1. 0.
0.999 0.048 0. 355676.910 -0.048 0.999 -0. 4027206.341 -0. 0. 1. 0.
0.999 0.049 0. 355678.819 -0.049 0.999 -0. 4027206.249 -0. 0. 1. 0.
0.999 0.050 0. 355680.750 -0.050 0.999 -0. 4027206.153 -0. 0. 1. 0.
0.999 0.050 0. 355682.719 -0.050 0.999 -0. 4027206.056 -0. 0. 1. 0.
0.999 0.051 0. 355684.688 -0.051 0.999 -0. 4027205.955 -0. 0. 1. 0.
0.999 0.054 0. 355686.657 -0.054 0.999 -0. 4027205.852 -0. 0. 1. 0.
0.998 0.060 0. 355688.624 -0.060 0.998 -0. 4027205.741 -0. 0. 1. 0.
0.998 0.065 0. 355690.600 -0.065 0.998 -0. 4027205.618 -0. 0. 1. 0.
0.998 0.068 0. 355692.590 -0.068 0.998 -0. 4027205.486 -0. 0. 1. 0.
0.998 0.066 0. 355694.594 -0.066 0.998 -0. 4027205.351 -0. 0. 1. 0.
0.998 0.064 0. 355696.615 -0.064 0.998 -0. 4027205.218 -0. 0. 1. 0.
0.998 0.064 0. 355698.655 -0.064 0.998 -0. 4027205.088 -0. 0. 1. 0.
0.998 0.063 0. 355700.712 -0.063 0.998 -0. 4027204.957 -0. 0. 1. 0.
0.998 0.064 0. 355702.789 -0.064 0.998 -0. 4027204.824 -0. 0. 1. 0.
0.998 0.065 0. 355704.882 -0.065 0.998 -0. 4027204.689 -0. 0. 1. 0.
0.998 0.066 0. 355706.999 -0.066 0.998 -0. 4027204.551 -0. 0. 1. 0.
0.998 0.067 0. 355709.123 -0.067 0.998 -0. 4027204.409 -0. 0. 1. 0.
0.998 0.068 0. 355711.260 -0.068 0.998 -0. 4027204.262 -0. 0. 1. 0.
0.998 0.069 0. 355713.414 -0.069 0.998 -0. 4027204.111 -0. 0. 1. 0.
0.997 0.071 0. 355715.582 -0.071 0.997 -0. 4027203.957 -0. 0. 1. 0.
0.997 0.073 0. 355717.768 -0.073 0.997 -0. 4027203.799 -0. 0. 1. 0.
0.997 0.077 0. 355719.976 -0.077 0.997 -0. 4027203.631 -0. 0. 1. 0.
0.997 0.082 0. 355722.185 -0.082 0.997 -0. 4027203.453 -0. 0. 1. 0.
0.996 0.089 0. 355724.417 -0.089 0.996 -0. 4027203.263 -0. 0. 1. 0.
0.995 0.098 0. 355726.662 -0.098 0.995 -0. 4027203.052 -0. 0. 1. 0.
0.994 0.107 0. 355728.923 -0.107 0.994 -0. 4027202.820 -0. 0. 1. 0.
0.993 0.116 0. 355731.201 -0.116 0.993 -0. 4027202.565 -0. 0. 1. 0.
0.992 0.125 0. 355733.492 -0.125 0.992 -0. 4027202.287 -0. 0. 1. 0.
0.991 0.134 0. 355735.792 -0.134 0.991 -0. 4027201.987 -0. 0. 1. 0.
0.990 0.141 0. 355738.108 -0.141 0.990 -0. 4027201.664 -0. 0. 1. 0.
0.989 0.148 0. 355740.413 -0.148 0.989 -0. 4027201.327 -0. 0. 1. 0.
0.988 0.155 0. 355742.704 -0.155 0.988 -0. 4027200.974 -0. 0. 1. 0.
0.987 0.162 0. 355744.974 -0.162 0.987 -0. 4027200.610 -0. 0. 1. 0.
0.986 0.169 0. 355747.217 -0.169 0.986 -0. 4027200.232 -0. 0. 1. 0.
0.984 0.176 0. 355749.453 -0.176 0.984 -0. 4027199.840 -0. 0. 1. 0.
0.983 0.182 0. 355751.678 -0.182 0.983 -0. 4027199.435 -0. 0. 1. 0.
0.982 0.188 0. 355753.906 -0.188 0.982 -0. 4027199.017 -0. 0. 1. 0.
0.981 0.195 0. 355756.141 -0.195 0.981 -0. 4027198.581 -0. 0. 1. 0.
0.979 0.203 0. 355758.406 -0.203 0.979 -0. 4027198.123 -0. 0. 1. 0.
0.977 0.212 0. 355760.659 -0.212 0.977 -0. 4027197.646 -0. 0. 1. 0.
0.975 0.221 0. 355762.939 -0.221 0.975 -0. 4027197.142 -0. 0. 1. 0.
0.973 0.229 0. 355765.240 -0.229 0.973 -0. 4027196.610 -0. 0. 1. 0.
0.971 0.238 0. 355767.550 -0.238 0.971 -0. 4027196.055 -0. 0. 1. 0.
0.969 0.247 0. 355769.879 -0.247 0.969 -0. 4027195.473 -0. 0. 1. 0.
0.967 0.256 0. 355772.234 -0.256 0.967 -0. 4027194.863 -0. 0. 1. 0.
0.964 0.268 0. 355774.588 -0.268 0.964 -0. 4027194.224 -0. 0. 1. 0.
0.960 0.280 0. 355776.956 -0.280 0.960 -0. 4027193.550 -0. 0. 1. 0.
0.955 0.295 0. 355779.332 -0.295 0.955 -0. 4027192.838 -0. 0. 1. 0.
0.951 0.310 0. 355781.719 -0.310 0.951 -0. 4027192.082 -0. 0. 1. 0.
0.946 0.325 0. 355784.115 -0.325 0.946 -0. 4027191.279 -0. 0. 1. 0.
0.941 0.337 0. 355786.508 -0.337 0.941 -0. 4027190.440 -0. 0. 1. 0.
0.937 0.349 0. 355788.910 -0.349 0.937 -0. 4027189.563 -0. 0. 1. 0.
0.932 0.361 0. 355791.319 -0.361 0.932 -0. 4027188.648 -0. 0. 1. 0.
0.928 0.372 0. 355793.730 -0.372 0.928 -0. 4027187.698 -0. 0. 1. 0.
0.923 0.384 0. 355796.154 -0.384 0.923 -0. 4027186.710 -0. 0. 1. 0.
0.918 0.396 0. 355798.576 -0.396 0.918 -0. 4027185.685 -0. 0. 1. 0.
0.913 0.409 0. 355800.996 -0.409 0.913 -0. 4027184.621 -0. 0. 1. 0.
0.908 0.420 0. 355803.381 -0.420 0.908 -0. 4027183.535 -0. 0. 1. 0.
0.903 0.430 0. 355805.743 -0.430 0.903 -0. 4027182.427 -0. 0. 1. 0.
0.898 0.440 0. 355808.065 -0.440 0.898 -0. 4027181.305 -0. 0. 1. 0.
0.893 0.450 0. 355810.365 -0.450 0.893 -0. 4027180.164 -0. 0. 1. 0.
0.889 0.458 0. 355812.650 -0.458 0.889 -0. 4027179.001 -0. 0. 1. 0.
0.885 0.466 0. 355814.917 -0.466 0.885 -0. 4027177.821 -0. 0. 1. 0.
0.881 0.473 0. 355817.163 -0.473 0.881 -0. 4027176.626 -0. 0. 1. 0.
0.879 0.478 0. 355819.403 -0.478 0.879 -0. 4027175.416 -0. 0. 1. 0.
0.876 0.482 0. 355821.641 -0.482 0.876 -0. 4027174.190 -0. 0. 1. 0.
0.873 0.487 0. 355823.871 -0.487 0.873 -0. 4027172.952 -0. 0. 1. 0.
0.870 0.493 0. 355826.101 -0.493 0.870 -0. 4027171.698 -0. 0. 1. 0.
0.867 0.498 0. 355828.305 -0.498 0.867 -0. 4027170.441 -0. 0. 1. 0.
0.864 0.503 0. 355830.507 -0.503 0.864 -0. 4027169.167 -0. 0. 1. 0.
0.862 0.507 0. 355832.689 -0.507 0.862 -0. 4027167.890 -0. 0. 1. 0.
0.859 0.511 0. 355834.857 -0.511 0.859 -0. 4027166.606 -0. 0. 1. 0.
0.857 0.515 0. 355836.992 -0.515 0.857 -0. 4027165.327 -0. 0. 1. 0.
0.855 0.519 0. 355839.111 -0.519 0.855 -0. 4027164.045 -0. 0. 1. 0.
0.853 0.522 0. 355841.212 -0.522 0.853 -0. 4027162.762 -0. 0. 1. 0.
0.853 0.522 0. 355843.289 -0.522 0.853 -0. 4027161.488 -0. 0. 1. 0.
0.852 0.524 0. 355845.354 -0.524 0.852 -0. 4027160.219 -0. 0. 1. 0.
0.852 0.524 0. 355847.399 -0.524 0.852 -0. 4027158.961 -0. 0. 1. 0.
0.852 0.524 0. 355849.430 -0.524 0.852 -0. 4027157.712 -0. 0. 1. 0.
0.852 0.524 0. 355851.449 -0.524 0.852 -0. 4027156.471 -0. 0. 1. 0.
0.853 0.522 0. 355853.459 -0.522 0.853 -0. 4027155.238 -0. 0. 1. 0.
0.854 0.520 0. 355855.458 -0.520 0.854 -0. 4027154.015 -0. 0. 1. 0.
0.856 0.518 0. 355857.428 -0.518 0.856 -0. 4027152.817 -0. 0. 1. 0.
0.858 0.514 0. 355859.391 -0.514 0.858 -0. 4027151.633 -0. 0. 1. 0.
0.860 0.510 0. 355861.343 -0.510 0.860 -0. 4027150.468 -0. 0. 1. 0.
0.862 0.506 0. 355863.285 -0.506 0.862 -0. 4027149.320 -0. 0. 1. 0.
0.864 0.503 0. 355865.214 -0.503 0.864 -0. 4027148.190 -0. 0. 1. 0.
0.866 0.500 0. 355867.134 -0.500 0.866 -0. 4027147.076 -0. 0. 1. 0.
0.867 0.498 0. 355869.030 -0.498 0.867 -0. 4027145.982 -0. 0. 1. 0.
0.868 0.496 0. 355870.915 -0.496 0.868 -0. 4027144.900 -0. 0. 1. 0.
0.869 0.495 0. 355872.759 -0.495 0.869 -0. 4027143.845 -0. 0. 1. 0.
0.869 0.494 0. 355874.549 -0.494 0.869 -0. 4027142.825 -0. 0. 1. 0.
0.870 0.493 0. 355876.274 -0.493 0.870 -0. 4027141.844 -0. 0. 1. 0.
0.870 0.492 0. 355877.937 -0.492 0.870 -0. 4027140.901 -0. 0. 1. 0.
0.871 0.492 0. 355879.531 -0.492 0.871 -0. 4027139.997 -0. 0. 1. 0.
0.870 0.493 0. 355881.060 -0.493 0.870 -0. 4027139.132 -0. 0. 1. 0.
0.868 0.496 0. 355882.529 -0.496 0.868 -0. 4027138.297 -0. 0. 1. 0.
0.863 0.506 0. 355883.932 -0.506 0.863 -0. 4027137.484 -0. 0. 1. 0.
0.851 0.526 0. 355885.258 -0.526 0.851 -0. 4027136.687 -0. 0. 1. 0.
0.831 0.557 0. 355886.504 -0.557 0.831 -0. 4027135.886 -0. 0. 1. 0.
0.797 0.604 0. 355887.676 -0.604 0.797 -0. 4027135.055 -0. 0. 1. 0.
0.751 0.660 0. 355888.778 -0.660 0.751 -0. 4027134.160 -0. 0. 1. 0.
0.698 0.716 0. 355889.806 -0.716 0.698 -0. 4027133.186 -0. 0. 1. 0.
0.641 0.768 0. 355890.750 -0.768 0.641 -0. 4027132.140 -0. 0. 1. 0.
0.583 0.813 0. 355891.598 -0.813 0.583 -0. 4027131.050 -0. 0. 1. 0.
0.520 0.854 0. 355892.355 -0.854 0.520 -0. 4027129.910 -0. 0. 1. 0.
0.459 0.888 0. 355893.023 -0.888 0.459 -0. 4027128.727 -0. 0. 1. 0.
0.397 0.918 0. 355893.596 -0.918 0.397 -0. 4027127.525 -0. 0. 1. 0.
0.338 0.941 0. 355894.092 -0.941 0.338 -0. 4027126.283 -0. 0. 1. 0.
0.285 0.959 0. 355894.505 -0.959 0.285 -0. 4027125.031 -0. 0. 1. 0.
0.236 0.972 0. 355894.857 -0.972 0.236 -0. 4027123.739 -0. 0. 1. 0.
0.195 0.981 0. 355895.134 -0.981 0.195 -0. 4027122.495 -0. 0. 1. 0.
0.159 0.987 0. 355895.366 -0.987 0.159 -0. 4027121.216 -0. 0. 1. 0.
0.127 0.992 0. 355895.552 -0.992 0.127 -0. 4027119.940 -0. 0. 1. 0.
0.097 0.995 0. 355895.702 -0.995 0.097 -0. 4027118.664 -0. 0. 1. 0.
0.068 0.998 0. 355895.812 -0.998 0.068 -0. 4027117.392 -0. 0. 1. 0.
0.047 0.999 0. 355895.889 -0.999 0.047 -0. 4027116.114 -0. 0. 1. 0.
0.032 0.999 0. 355895.943 -0.999 0.032 -0. 4027114.844 -0. 0. 1. 0.
0.021 1.000 0. 355895.980 -1.000 0.021 -0. 4027113.576 -0. 0. 1. 0.
0.014 1. 0. 355896.004 -1. 0.014 -0. 4027112.315 -0. 0. 1. 0.
0.008 1. 0. 355896.018 -1. 0.008 -0. 4027111.063 -0. 0. 1. 0.
0.002 1. 0. 355896.024 -1. 0.002 -0. 4027109.822 -0. 0. 1. 0.
-0.004 1. 0. 355896.022 -1. -0.004 -0. 4027108.589 -0. 0. 1. 0.
-0.009 1. 0. 355896.014 -1. -0.009 -0. 4027107.362 -0. 0. 1. 0.
-0.014 1.000 0. 355896.000 -1.000 -0.014 -0. 4027106.138 -0. 0. 1. 0.
-0.020 1.000 0. 355895.979 -1.000 -0.020 -0. 4027104.919 -0. 0. 1. 0.
-0.025 1.000 0. 355895.952 -1.000 -0.025 -0. 4027103.710 -0. 0. 1. 0.
-0.030 1.000 0. 355895.919 -1.000 -0.030 -0. 4027102.496 -0. 0. 1. 0.
-0.034 0.999 0. 355895.880 -0.999 -0.034 -0. 4027101.281 -0. 0. 1. 0.
-0.038 0.999 0. 355895.835 -0.999 -0.038 -0. 4027100.050 -0. 0. 1. 0.
-0.039 0.999 0. 355895.787 -0.999 -0.039 -0. 4027098.798 -0. 0. 1. 0.
-0.036 0.999 0. 355895.740 -0.999 -0.036 -0. 4027097.529 -0. 0. 1. 0.
-0.034 0.999 0. 355895.695 -0.999 -0.034 -0. 4027096.229 -0. 0. 1. 0.
-0.034 0.999 0. 355895.650 -0.999 -0.034 -0. 4027094.903 -0. 0. 1. 0.
-0.034 0.999 0. 355895.604 -0.999 -0.034 -0. 4027093.546 -0. 0. 1. 0.
-0.032 0.999 0. 355895.558 -0.999 -0.032 -0. 4027092.157 -0. 0. 1. 0.
-0.031 1.000 0. 355895.514 -1.000 -0.031 -0. 4027090.740 -0. 0. 1. 0.
-0.028 1.000 0. 355895.471 -1.000 -0.028 -0. 4027089.291 -0. 0. 1. 0.
-0.024 1.000 0. 355895.432 -1.000 -0.024 -0. 4027087.823 -0. 0. 1. 0.
-0.021 1.000 0. 355895.399 -1.000 -0.021 -0. 4027086.338 -0. 0. 1. 0.
-0.017 1.000 0. 355895.372 -1.000 -0.017 -0. 4027084.874 -0. 0. 1. 0.
-0.013 1. 0. 355895.349 -1. -0.013 -0. 4027083.384 -0. 0. 1. 0.
-0.011 1. 0. 355895.332 -1. -0.011 -0. 4027081.885 -0. 0. 1. 0.
-0.009 1. 0. 355895.318 -1. -0.009 -0. 4027080.382 -0. 0. 1. 0.
-0.006 1. 0. 355895.307 -1. -0.006 -0. 4027078.875 -0. 0. 1. 0.
-0.004 1. 0. 355895.300 -1. -0.004 -0. 4027077.357 -0. 0. 1. 0.
-0.002 1. 0. 355895.296 -1. -0.002 -0. 4027075.844 -0. 0. 1. 0.
-0.001 1. 0. 355895.294 -1. -0.001 -0. 4027074.357 -0. 0. 1. 0.
-0.001 1. 0. 355895.293 -1. -0.001 -0. 4027072.879 -0. 0. 1. 0.
-0.001 1. 0. 355895.292 -1. -0.001 -0. 4027071.425 -0. 0. 1. 0.
0. 1. 0. 355895.292 -1. 0. -0. 4027069.983 -0. 0. 1. 0.
0.002 1. 0. 355895.294 -1. 0.002 -0. 4027068.544 -0. 0. 1. 0.
0.004 1. 0. 355895.299 -1. 0.004 -0. 4027067.106 -0. 0. 1. 0.
0.005 1. 0. 355895.306 -1. 0.005 -0. 4027065.660 -0. 0. 1. 0.
0.004 1. 0. 355895.312 -1. 0.004 -0. 4027064.201 -0. 0. 1. 0.
0.003 1. 0. 355895.317 -1. 0.003 -0. 4027062.772 -0. 0. 1. 0.
0.004 1. 0. 355895.321 -1. 0.004 -0. 4027061.346 -0. 0. 1. 0.
0.003 1. 0. 355895.327 -1. 0.003 -0. 4027059.890 -0. 0. 1. 0.
0. 1. 0. 355895.329 -1. 0. -0. 4027058.467 -0. 0. 1. 0.
-0.001 1. 0. 355895.328 -1. -0.001 -0. 4027057.037 -0. 0. 1. 0.
-0.002 1. 0. 355895.325 -1. -0.002 -0. 4027055.624 -0. 0. 1. 0.
-0.004 1. 0. 355895.320 -1. -0.004 -0. 4027054.240 -0. 0. 1. 0.
-0.005 1. 0. 355895.315 -1. -0.005 -0. 4027052.865 -0. 0. 1. 0.
-0.007 1. 0. 355895.307 -1. -0.007 -0. 4027051.505 -0. 0. 1. 0.
-0.009 1. 0. 355895.296 -1. -0.009 -0. 4027050.146 -0. 0. 1. 0.
-0.010 1. 0. 355895.284 -1. -0.010 -0. 4027048.780 -0. 0. 1. 0.
-0.010 1. 0. 355895.271 -1. -0.010 -0. 4027047.413 -0. 0. 1. 0.
-0.010 1. 0. 355895.257 -1. -0.010 -0. 4027046.032 -0. 0. 1. 0.
-0.011 1. 0. 355895.243 -1. -0.011 -0. 4027044.624 -0. 0. 1. 0.
-0.012 1. 0. 355895.228 -1. -0.012 -0. 4027043.186 -0. 0. 1. 0.
-0.013 1. 0. 355895.211 -1. -0.013 -0. 4027041.722 -0. 0. 1. 0.
-0.014 1. 0. 355895.192 -1. -0.014 -0. 4027040.230 -0. 0. 1. 0.
-0.014 1. 0. 355895.171 -1. -0.014 -0. 4027038.708 -0. 0. 1. 0.
-0.012 1. 0. 355895.152 -1. -0.012 -0. 4027037.162 -0. 0. 1. 0.
-0.010 1. 0. 355895.136 -1. -0.010 -0. 4027035.586 -0. 0. 1. 0.
-0.009 1. 0. 355895.121 -1. -0.009 -0. 4027033.994 -0. 0. 1. 0.
-0.007 1. 0. 355895.108 -1. -0.007 -0. 4027032.375 -0. 0. 1. 0.
-0.007 1. 0. 355895.098 -1. -0.007 -0. 4027030.738 -0. 0. 1. 0.
-0.007 1. 0. 355895.088 -1. -0.007 -0. 4027029.070 -0. 0. 1. 0.
-0.007 1. 0. 355895.077 -1. -0.007 -0. 4027027.382 -0. 0. 1. 0.
-0.007 1. 0. 355895.065 -1. -0.007 -0. 4027025.664 -0. 0. 1. 0.
-0.005 1. 0. 355895.056 -1. -0.005 -0. 4027023.918 -0. 0. 1. 0.
-0.004 1. 0. 355895.050 -1. -0.004 -0. 4027022.149 -0. 0. 1. 0.
-0.001 1. 0. 355895.046 -1. -0.001 -0. 4027020.355 -0. 0. 1. 0.
-0.001 1. 0. 355895.045 -1. -0.001 -0. 4027018.545 -0. 0. 1. 0.
-0.000 1. 0. 355895.046 -1. -0.000 -0. 4027016.719 -0. 0. 1. 0.
0.000 1. 0. 355895.047 -1. 0.000 -0. 4027014.879 -0. 0. 1. 0.
0.001 1. 0. 355895.050 -1. 0.001 -0. 4027013.042 -0. 0. 1. 0.
-0.001 1. 0. 355895.052 -1. -0.001 -0. 4027011.173 -0. 0. 1. 0.
-0.002 1. 0. 355895.052 -1. -0.002 -0. 4027009.300 -0. 0. 1. 0.
-0.005 1. 0. 355895.048 -1. -0.005 -0. 4027007.386 -0. 0. 1. 0.
-0.007 1. 0. 355895.037 -1. -0.007 -0. 4027005.473 -0. 0. 1. 0.
-0.011 1. 0. 355895.020 -1. -0.011 -0. 4027003.551 -0. 0. 1. 0.
-0.013 1. 0. 355894.998 -1. -0.013 -0. 4027001.604 -0. 0. 1. 0.
-0.014 1. 0. 355894.973 -1. -0.014 -0. 4026999.638 -0. 0. 1. 0.
-0.015 1.000 0. 355894.944 -1.000 -0.015 -0. 4026997.657 -0. 0. 1. 0.
-0.017 1.000 0. 355894.911 -1.000 -0.017 -0. 4026995.663 -0. 0. 1. 0.
-0.020 1.000 0. 355894.873 -1.000 -0.020 -0. 4026993.653 -0. 0. 1. 0.
-0.023 1.000 0. 355894.829 -1.000 -0.023 -0. 4026991.623 -0. 0. 1. 0.
-0.024 1.000 0. 355894.782 -1.000 -0.024 -0. 4026989.603 -0. 0. 1. 0.
-0.025 1.000 0. 355894.733 -1.000 -0.025 -0. 4026987.592 -0. 0. 1. 0.
-0.026 1.000 0. 355894.682 -1.000 -0.026 -0. 4026985.593 -0. 0. 1. 0.
-0.027 1.000 0. 355894.631 -1.000 -0.027 -0. 4026983.595 -0. 0. 1. 0.
-0.028 1.000 0. 355894.577 -1.000 -0.028 -0. 4026981.609 -0. 0. 1. 0.
-0.030 1.000 0. 355894.521 -1.000 -0.030 -0. 4026979.619 -0. 0. 1. 0.
-0.031 1.000 0. 355894.461 -1.000 -0.031 -0. 4026977.640 -0. 0. 1. 0.
-0.034 0.999 0. 355894.395 -0.999 -0.034 -0. 4026975.645 -0. 0. 1. 0.
-0.037 0.999 0. 355894.325 -0.999 -0.037 -0. 4026973.661 -0. 0. 1. 0.
-0.041 0.999 0. 355894.248 -0.999 -0.041 -0. 4026971.688 -0. 0. 1. 0.
-0.047 0.999 0. 355894.162 -0.999 -0.047 -0. 4026969.707 -0. 0. 1. 0.
-0.053 0.999 0. 355894.064 -0.999 -0.053 -0. 4026967.727 -0. 0. 1. 0.
-0.059 0.998 0. 355893.955 -0.998 -0.059 -0. 4026965.750 -0. 0. 1. 0.
-0.065 0.998 0. 355893.834 -0.998 -0.065 -0. 4026963.780 -0. 0. 1. 0.
-0.070 0.998 0. 355893.702 -0.998 -0.070 -0. 4026961.823 -0. 0. 1. 0.
-0.075 0.997 0. 355893.563 -0.997 -0.075 -0. 4026959.884 -0. 0. 1. 0.
-0.079 0.997 0. 355893.416 -0.997 -0.079 -0. 4026957.970 -0. 0. 1. 0.
-0.084 0.996 0. 355893.261 -0.996 -0.084 -0. 4026956.072 -0. 0. 1. 0.
-0.089 0.996 0. 355893.098 -0.996 -0.089 -0. 4026954.173 -0. 0. 1. 0.
-0.094 0.996 0. 355892.926 -0.996 -0.094 -0. 4026952.284 -0. 0. 1. 0.
-0.099 0.995 0. 355892.743 -0.995 -0.099 -0. 4026950.405 -0. 0. 1. 0.
-0.101 0.995 0. 355892.554 -0.995 -0.101 -0. 4026948.526 -0. 0. 1. 0.
-0.099 0.995 0. 355892.363 -0.995 -0.099 -0. 4026946.647 -0. 0. 1. 0.
-0.095 0.996 0. 355892.180 -0.996 -0.095 -0. 4026944.768 -0. 0. 1. 0.
-0.088 0.996 0. 355892.007 -0.996 -0.088 -0. 4026942.887 -0. 0. 1. 0.
-0.081 0.997 0. 355891.846 -0.997 -0.081 -0. 4026941.008 -0. 0. 1. 0.
-0.074 0.997 0. 355891.698 -0.997 -0.074 -0. 4026939.117 -0. 0. 1. 0.
-0.068 0.998 0. 355891.562 -0.998 -0.068 -0. 4026937.211 -0. 0. 1. 0.
-0.061 0.998 0. 355891.438 -0.998 -0.061 -0. 4026935.301 -0. 0. 1. 0.
-0.054 0.999 0. 355891.326 -0.999 -0.054 -0. 4026933.375 -0. 0. 1. 0.
-0.048 0.999 0. 355891.226 -0.999 -0.048 -0. 4026931.439 -0. 0. 1. 0.
-0.043 0.999 0. 355891.138 -0.999 -0.043 -0. 4026929.502 -0. 0. 1. 0.
-0.040 0.999 0. 355891.056 -0.999 -0.040 -0. 4026927.557 -0. 0. 1. 0.
-0.039 0.999 0. 355890.978 -0.999 -0.039 -0. 4026925.601 -0. 0. 1. 0.
-0.039 0.999 0. 355890.901 -0.999 -0.039 -0. 4026923.637 -0. 0. 1. 0.
-0.040 0.999 0. 355890.822 -0.999 -0.040 -0. 4026921.654 -0. 0. 1. 0.
-0.040 0.999 0. 355890.742 -0.999 -0.040 -0. 4026919.669 -0. 0. 1. 0.
-0.041 0.999 0. 355890.659 -0.999 -0.041 -0. 4026917.677 -0. 0. 1. 0.
-0.041 0.999 0. 355890.575 -0.999 -0.041 -0. 4026915.686 -0. 0. 1. 0.
-0.042 0.999 0. 355890.492 -0.999 -0.042 -0. 4026913.698 -0. 0. 1. 0.
-0.043 0.999 0. 355890.406 -0.999 -0.043 -0. 4026911.672 -0. 0. 1. 0.
-0.043 0.999 0. 355890.319 -0.999 -0.043 -0. 4026909.645 -0. 0. 1. 0.
-0.043 0.999 0. 355890.234 -0.999 -0.043 -0. 4026907.614 -0. 0. 1. 0.
-0.043 0.999 0. 355890.151 -0.999 -0.043 -0. 4026905.580 -0. 0. 1. 0.
-0.044 0.999 0. 355890.064 -0.999 -0.044 -0. 4026903.515 -0. 0. 1. 0.
-0.045 0.999 0. 355889.977 -0.999 -0.045 -0. 4026901.454 -0. 0. 1. 0.
-0.046 0.999 0. 355889.883 -0.999 -0.046 -0. 4026899.368 -0. 0. 1. 0.
-0.045 0.999 0. 355889.785 -0.999 -0.045 -0. 4026897.259 -0. 0. 1. 0.
-0.041 0.999 0. 355889.694 -0.999 -0.041 -0. 4026895.147 -0. 0. 1. 0.
-0.038 0.999 0. 355889.609 -0.999 -0.038 -0. 4026893.018 -0. 0. 1. 0.
-0.035 0.999 0. 355889.531 -0.999 -0.035 -0. 4026890.885 -0. 0. 1. 0.
-0.032 0.999 0. 355889.459 -0.999 -0.032 -0. 4026888.727 -0. 0. 1. 0.
-0.029 1.000 0. 355889.394 -1.000 -0.029 -0. 4026886.573 -0. 0. 1. 0.
-0.027 1.000 0. 355889.333 -1.000 -0.027 -0. 4026884.399 -0. 0. 1. 0.
-0.024 1.000 0. 355889.279 -1.000 -0.024 -0. 4026882.214 -0. 0. 1. 0.
-0.022 1.000 0. 355889.230 -1.000 -0.022 -0. 4026880.036 -0. 0. 1. 0.
-0.020 1.000 0. 355889.186 -1.000 -0.020 -0. 4026877.875 -0. 0. 1. 0.
-0.019 1.000 0. 355889.144 -1.000 -0.019 -0. 4026875.736 -0. 0. 1. 0.
-0.018 1.000 0. 355889.105 -1.000 -0.018 -0. 4026873.602 -0. 0. 1. 0.
-0.018 1.000 0. 355889.077 -1.000 -0.018 -0. 4026871.479 -0. 0. 1. 0.
-0.018 1.000 0. 355889.046 -1.000 -0.018 -0. 4026869.375 -0. 0. 1. 0.
-0.019 1.000 0. 355889.014 -1.000 -0.019 -0. 4026867.285 -0. 0. 1. 0.
-0.019 1.000 0. 355888.976 -1.000 -0.019 -0. 4026865.224 -0. 0. 1. 0.
-0.019 1.000 0. 355888.935 -1.000 -0.019 -0. 4026863.214 -0. 0. 1. 0.
-0.019 1.000 0. 355888.897 -1.000 -0.019 -0. 4026861.256 -0. 0. 1. 0.
-0.018 1.000 0. 355888.862 -1.000 -0.018 -0. 4026859.369 -0. 0. 1. 0.
-0.017 1.000 0. 355888.830 -1.000 -0.017 -0. 4026857.559 -0. 0. 1. 0.
-0.017 1.000 0. 355888.798 -1.000 -0.017 -0. 4026855.821 -0. 0. 1. 0.
-0.018 1.000 0. 355888.768 -1.000 -0.018 -0. 4026854.158 -0. 0. 1. 0.
