1. 0. 0. 0. 0. 1. 0. 0. 0. 0. 1. 0.
1. -0. 0. -0.000 0. 1. 0. 0. 0. 0. 1. 0.
1. -0. 0. -0. 0. 1. 0. 0.000 0. 0. 1. 0.
1. -0. 0. 0.000 0. 1. 0. -0. 0. 0. 1. 0.
1. -0.000 0. 0.001 0.000 1. 0. -0.001 0. 0. 1. 0.
1. -0. 0. 0.001 0. 1. 0. -0.001 0. 0. 1. 0.
1. -0. 0. 0.001 0. 1. 0. -0.001 0. 0. 1. 0.
1. 0. 0. 0.002 -0. 1. -0. -0.002 -0. 0. 1. 0.
1. -0. 0. 0.002 0. 1. 0. -0.002 0. 0. 1. 0.
1. -0. 0. 0.002 0. 1. 0. -0.001 0. 0. 1. 0.
1. -0. 0. 0.002 0. 1. 0. -0.001 0. 0. 1. 0.
1. 0. 0. 0.002 -0. 1. -0. -0.001 -0. 0. 1. 0.
1. -0. 0. 0.002 0. 1. 0. -0.001 0. 0. 1. 0.
1. -0. 0. 0.002 0. 1. 0. -0.001 0. 0. 1. 0.
1. -0. 0. 0.002 0. 1. 0. -0.001 0. 0. 1. 0.
1. 0. 0. 0.002 -0. 1. -0. 0.000 -0. 0. 1. 0.
1. 0. 0. 0.002 -0. 1. -0. 0.001 -0. 0. 1. 0.
1. 0. 0. 0.002 -0. 1. -0. -0.001 -0. 0. 1. 0.
1. -0. 0. 0.002 0. 1. 0. -0.000 0. 0. 1. 0.
1. -0. 0. 0.002 0. 1. 0. -0.000 0. 0. 1. 0.
1. 0. 0. 0.002 -0. 1. -0. -0.001 -0. 0. 1. 0.
1. 0. 0. 0.001 -0. 1. -0. -0.001 -0. 0. 1. 0.
1. -0. 0. 0.001 0. 1. 0. 0.001 0. 0. 1. 0.
1. -0. 0. 0.000 0. 1. 0. 0.001 0. 0. 1. 0.
1. 0. 0. 0.000 -0. 1. -0. 0.001 -0. 0. 1. 0.
1. 0. 0. 0.000 -0. 1. -0. 0.001 -0. 0. 1. 0.
1. -0. 0. 0.000 0. 1. 0. -0. 0. 0. 1. 0.
1. -0. 0. 0.000 0. 1. 0. -0.000 0. 0. 1. 0.
1. -0.000 0. 0.000 0.000 1. 0. -0.000 0. 0. 1. 0.
1. -0. 0. 0.000 0. 1. 0. 0.001 0. 0. 1. 0.
1. -0. 0. 0.000 0. 1. 0. 0.000 0. 0. 1. 0.
1. -0. 0. 0.000 0. 1. 0. 0.000 0. 0. 1. 0.
1. -0. 0. 0.000 0. 1. 0. 0.000 0. 0. 1. 0.
1. -0. 0. 0.000 0. 1. 0. 0. 0. 0. 1. 0.
1. -0. 0. 0.001 0. 1. 0. 0.000 0. 0. 1. 0.
1. -0. 0. 0.001 0. 1. 0. -0.001 0. 0. 1. 0.
1. -0.000 0. 0.002 0.000 1. 0. -0.001 0. 0. 1. 0.
1. -0. 0. 0.002 0. 1. 0. 0.001 0. 0. 1. 0.
1. -0. 0. 0.001 0. 1. 0. 0.001 0. 0. 1. 0.
1. -0. 0. 0.001 0. 1. 0. 0.001 0. 0. 1. 0.
1. -0. 0. 0.001 0. 1. 0. -0.000 0. 0. 1. 0.
1. -0. 0. 0.002 0. 1. 0. -0.002 0. 0. 1. 0.
1. -0. 0. 0.002 0. 1. 0. -0.004 0. 0. 1. 0.
1. 0. 0. 0.002 -0. 1. -0. -0.004 -0. 0. 1. 0.
1. 0. 0. 0.001 -0. 1. -0. -0.001 -0. 0. 1. 0.
1. -0. 0. 0.001 0. 1. 0. 0.000 0. 0. 1. 0.
1. -0.000 0. 0.001 0.000 1. 0. 0.000 0. 0. 1. 0.
1. -0.000 0. 0.001 0.000 1. 0. 0.000 0. 0. 1. 0.
1. -0. 0. 0.000 0. 1. 0. 0.001 0. 0. 1. 0.
1. -0. 0. 0.000 0. 1. 0. 0.001 0. 0. 1. 0.
1. 0. 0. -0. -0. 1. -0. 0.000 -0. 0. 1. 0.
1. 0. 0. -0. -0. 1. -0. 0. -0. 0. 1. 0.
1. -0. 0. -0. 0. 1. 0. 0. 0. 0. 1. 0.
1. -0. 0. 0.001 0. 1. 0. -0.000 0. 0. 1. 0.
1. 0. 0. 0.001 -0. 1. -0. 0.001 -0. 0. 1. 0.
1. 0. 0. 0.002 -0. 1. -0. -0.001 -0. 0. 1. 0.
1. -0. 0. 0.002 0. 1. 0. -0.002 0. 0. 1. 0.
1. -0. 0. 0.002 0. 1. 0. -0.002 0. 0. 1. 0.
1. -0. 0. 0.003 0. 1. 0. -0. 0. 0. 1. 0.
1. -0. 0. 0.003 0. 1. 0. -0.001 0. 0. 1. 0.
1. -0. 0. 0.003 0. 1. 0. -0.001 0. 0. 1. 0.
1. -0. 0. 0.004 0. 1. 0. -0.001 0. 0. 1. 0.
1. -0. 0. 0.004 0. 1. 0. -0.001 0. 0. 1. 0.
1. -0.000 0. 0.005 0.000 1. 0. -0.003 0. 0. 1. 0.
1. -0. 0. 0.004 0. 1. 0. -0.000 0. 0. 1. 0.
1. -0. 0. 0.004 0. 1. 0. -0.001 0. 0. 1. 0.
1. -0. 0. 0.004 0. 1. 0. -0.002 0. 0. 1. 0.
1. -0.000 0. 0.004 0.000 1. 0. -0.002 0. 0. 1. 0.
1. -0. 0. 0.003 0. 1. 0. -0.002 0. 0. 1. 0.
1. -0. 0. 0.003 0. 1. 0. 0.000 0. 0. 1. 0.
1. -0. 0. 0.003 0. 1. 0. 0.000 0. 0. 1. 0.
1. -0. 0. 0.003 0. 1. 0. -0.001 0. 0. 1. 0.
1. -0.000 0. 0.002 0.000 1. 0. -0.002 0. 0. 1. 0.
1. -0. 0. 0.002 0. 1. 0. -0.001 0. 0. 1. 0.
1. -0. 0. 0.002 0. 1. 0. 0.000 0. 0. 1. 0.
1. -0. 0. 0.002 0. 1. 0. -0.000 0. 0. 1. 0.
1. -0. 0. 0.002 0. 1. 0. -0.001 0. 0. 1. 0.
1. -0. 0. 0.002 0. 1. 0. -0.001 0. 0. 1. 0.
1. -0. 0. 0.001 0. 1. 0. 0.002 0. 0. 1. 0.
1. -0. 0. 0.001 0. 1. 0. -0.001 0. 0. 1. 0.
1. -0. 0. 0.001 0. 1. 0. -0.002 0. 0. 1. 0.
1. 0. 0. -0.000 -0. 1. -0. -0.001 -0. 0. 1. 0.
1. 0. 0. -0.000 -0. 1. -0. 0.001 -0. 0. 1. 0.
1. 0. 0. -0.001 -0. 1. -0. 0.001 -0. 0. 1. 0.
1. 0. 0. -0.001 -0. 1. -0. 0.003 -0. 0. 1. 0.
1. 0. 0. -0.001 -0. 1. -0. 0.002 -0. 0. 1. 0.
1. 0. 0. -0.001 -0. 1. -0. 0. -0. 0. 1. 0.
1. -0. 0. -0.001 0. 1. 0. -0.001 0. 0. 1. 0.
1. -0. 0. -0.001 0. 1. 0. -0.000 0. 0. 1. 0.
1. -0. 0. -0.001 0. 1. 0. 0.000 0. 0. 1. 0.
1. -0. 0. -0.001 0. 1. 0. -0.000 0. 0. 1. 0.
1. -0. 0. -0.001 0. 1. 0. -0.001 0. 0. 1. 0.
1. -0.000 0. -0.001 0.000 1. 0. -0.001 0. 0. 1. 0.
1. -0. 0. -0.001 0. 1. 0. -0.001 0. 0. 1. 0.
1. -0. 0. -0.000 0. 1. 0. -0.001 0. 0. 1. 0.
1. -0. 0. -0. 0. 1. 0. -0.001 0. 0. 1. 0.
1. -0. 0. 0.000 0. 1. 0. -0.000 0. 0. 1. 0.
1. -0. 0. 0.001 0. 1. 0. 0.000 0. 0. 1. 0.
1. 0. 0. 0.002 -0. 1. -0. 0.001 -0. 0. 1. 0.
1. -0. 0. 0.002 0. 1. 0. -0.001 0. 0. 1. 0.
1. -0. 0. 0.003 0. 1. 0. -0.002 0. 0. 1. 0.
1. -0.000 0. 0.004 0.000 1. 0. -0.001 0. 0. 1. 0.
1. -0.000 0. 0.005 0.000 1. 0. -0.000 0. 0. 1. 0.
1. 0. 0. 0.007 -0. 1. -0. 0.000 -0. 0. 1. 0.
1. 0. 0. 0.008 -0. 1. -0. -0.000 -0. 0. 1. 0.
1. 0. 0. 0.011 -0. 1. -0. 0.000 -0. 0. 1. 0.
1. 0.000 0. 0.013 -0.000 1. -0. 0.001 -0. 0. 1. 0.
1. 0.000 0. 0.017 -0.000 1. -0. 0.002 -0. 0. 1. 0.
1. -0.000 0. 0.023 0.000 1. 0. 0.002 0. 0. 1. 0.
1. -0.001 0. 0.029 0.001 1. 0. 0.002 0. 0. 1. 0.
1. -0.001 0. 0.035 0.001 1. 0. 0.001 0. 0. 1. 0.
1. -0.003 0. 0.071 0.003 1. 0. 0.005 0. 0. 1. 0.
1. -0.006 0. 0.120 0.006 1. 0. 0.005 0. 0. 1. 0.
1. -0.012 0. 0.221 0.012 1. 0. 0.015 0. 0. 1. 0.
1.000 -0.020 0. 0.380 0.020 1.000 0. 0.020 0. 0. 1. 0.
1.000 -0.030 0. 0.607 0.030 1.000 0. 0.029 0. 0. 1. 0.
0.999 -0.042 0. 0.891 0.042 0.999 0. 0.047 0. 0. 1. 0.
0.998 -0.058 0. 1.236 0.058 0.998 0. 0.073 0. 0. 1. 0.
0.997 -0.077 0. 1.638 0.077 0.997 0. 0.109 0. 0. 1. 0.
0.995 -0.097 0. 2.107 0.097 0.995 0. 0.167 0. 0. 1. 0.
0.993 -0.121 0. 2.632 0.121 0.993 0. 0.242 0. 0. 1. 0.
0.989 -0.147 0. 3.218 0.147 0.989 0. 0.339 0. 0. 1. 0.
0.985 -0.173 0. 3.875 0.173 0.985 0. 0.461 0. 0. 1. 0.
0.981 -0.193 0. 4.599 0.193 0.981 0. 0.603 0. 0. 1. 0.
0.979 -0.203 0. 5.386 0.203 0.979 0. 0.766 0. 0. 1. 0.
0.979 -0.203 0. 6.246 0.203 0.979 0. 0.937 0. 0. 1. 0.
0.980 -0.197 0. 7.174 0.197 0.980 0. 1.107 0. 0. 1. 0.
0.982 -0.186 0. 8.172 0.186 0.982 0. 1.277 0. 0. 1. 0.
0.984 -0.176 0. 9.237 0.176 0.984 0. 1.453 0. 0. 1. 0.
0.987 -0.161 0. 10.358 0.161 0.987 0. 1.624 0. 0. 1. 0.
0.989 -0.146 0. 11.554 0.146 0.989 0. 1.780 0. 0. 1. 0.
0.992 -0.128 0. 12.812 0.128 0.992 0. 1.928 0. 0. 1. 0.
0.994 -0.111 0. 14.115 0.111 0.994 0. 2.061 0. 0. 1. 0.
0.996 -0.090 0. 15.457 0.090 0.996 0. 2.166 0. 0. 1. 0.
0.998 -0.069 0. 16.705 0.069 0.998 0. 2.246 0. 0. 1. 0.
0.999 -0.052 0. 17.983 0.052 0.999 0. 2.299 0. 0. 1. 0.
0.999 -0.041 0. 19.309 0.041 0.999 0. 2.334 0. 0. 1. 0.
0.999 -0.035 0. 20.687 0.035 0.999 0. 2.366 0. 0. 1. 0.
1.000 -0.030 0. 22.043 0.030 1.000 0. 2.398 0. 0. 1. 0.
1.000 -0.026 0. 23.416 0.026 1.000 0. 2.418 0. 0. 1. 0.
1.000 -0.020 0. 24.746 0.020 1.000 0. 2.441 0. 0. 1. 0.
1.000 -0.015 0. 26.078 0.015 1.000 0. 2.452 0. 0. 1. 0.
1. -0.010 0. 27.483 0.010 1. 0. 2.445 0. 0. 1. 0.
1. -0.005 0. 28.915 0.005 1. 0. 2.437 0. 0. 1. 0.
1. -0.001 0. 30.370 0.001 1. 0. 2.420 0. 0. 1. 0.
1. 0.004 0. 31.808 -0.004 1. -0. 2.411 -0. 0. 1. 0.
1. 0.005 0. 33.244 -0.005 1. -0. 2.397 -0. 0. 1. 0.
1. 0.006 0. 34.752 -0.006 1. -0. 2.374 -0. 0. 1. 0.
1. 0.006 0. 36.293 -0.006 1. -0. 2.355 -0. 0. 1. 0.
1. 0.007 0. 37.876 -0.007 1. -0. 2.335 -0. 0. 1. 0.
1. 0.006 0. 39.505 -0.006 1. -0. 2.306 -0. 0. 1. 0.
1. 0.006 0. 41.150 -0.006 1. -0. 2.288 -0. 0. 1. 0.
1. 0.006 0. 42.825 -0.006 1. -0. 2.267 -0. 0. 1. 0.
1. 0.006 0. 44.437 -0.006 1. -0. 2.244 -0. 0. 1. 0.
1. 0.004 0. 46.139 -0.004 1. -0. 2.230 -0. 0. 1. 0.
1. 0.002 0. 47.931 -0.002 1. -0. 2.220 -0. 0. 1. 0.
1. -0.001 0. 49.695 0.001 1. 0. 2.208 0. 0. 1. 0.
1. -0.004 0. 51.348 0.004 1. 0. 2.203 0. 0. 1. 0.
1. -0.007 0. 52.976 0.007 1. 0. 2.200 0. 0. 1. 0.
1. -0.010 0. 54.662 0.010 1. 0. 2.206 0. 0. 1. 0.
1. -0.011 0. 56.386 0.011 1. 0. 2.215 0. 0. 1. 0.
1. -0.012 0. 58.097 0.012 1. 0. 2.225 0. 0. 1. 0.
1. -0.009 0. 59.718 0.009 1. 0. 2.234 0. 0. 1. 0.
1. -0.006 0. 61.549 0.006 1. 0. 2.239 0. 0. 1. 0.
1. -0.004 0. 63.260 0.004 1. 0. 2.243 0. 0. 1. 0.
1. -0.002 0. 64.958 0.002 1. 0. 2.242 0. 0. 1. 0.
1. 0.000 0. 66.668 -0.000 1. -0. 2.241 -0. 0. 1. 0.
1. 0.001 0. 68.405 -0.001 1. -0. 2.234 -0. 0. 1. 0.
1. 0.002 0. 70.263 -0.002 1. -0. 2.225 -0. 0. 1. 0.
1. 0.003 0. 72.117 -0.003 1. -0. 2.211 -0. 0. 1. 0.
1. 0.003 0. 73.965 -0.003 1. -0. 2.195 -0. 0. 1. 0.
1. 0.003 0. 75.797 -0.003 1. -0. 2.184 -0. 0. 1. 0.
1. 0.002 0. 77.642 -0.002 1. -0. 2.178 -0. 0. 1. 0.
1. 0.001 0. 79.320 -0.001 1. -0. 2.170 -0. 0. 1. 0.
1. 0.002 0. 81.045 -0.002 1. -0. 2.158 -0. 0. 1. 0.
1. 0.004 0. 82.756 -0.004 1. -0. 2.150 -0. 0. 1. 0.
1. 0.006 0. 84.445 -0.006 1. -0. 2.136 -0. 0. 1. 0.
1. 0.009 0. 86.143 -0.009 1. -0. 2.119 -0. 0. 1. 0.
1. 0.011 0. 87.841 -0.011 1. -0. 2.101 -0. 0. 1. 0.
1. 0.011 0. 89.468 -0.011 1. -0. 2.077 -0. 0. 1. 0.
1. 0.009 0. 91.169 -0.009 1. -0. 2.058 -0. 0. 1. 0.
1. 0.007 0. 92.937 -0.007 1. -0. 2.040 -0. 0. 1. 0.
1. 0.002 0. 94.650 -0.002 1. -0. 2.028 -0. 0. 1. 0.
1. -0.002 0. 96.395 0.002 1. 0. 2.030 0. 0. 1. 0.
1. -0.008 0. 98.092 0.008 1. 0. 2.039 0. 0. 1. 0.
1.000 -0.015 0. 99.793 0.015 1.000 0. 2.058 0. 0. 1. 0.
1.000 -0.021 0. 101.515 0.021 1.000 0. 2.092 0. 0. 1. 0.
1.000 -0.028 0. 103.227 0.028 1.000 0. 2.132 0. 0. 1. 0.
0.999 -0.033 0. 104.910 0.033 0.999 0. 2.181 0. 0. 1. 0.
0.999 -0.038 0. 106.365 0.038 0.999 0. 2.231 0. 0. 1. 0.
0.999 -0.042 0. 107.889 0.042 0.999 0. 2.292 0. 0. 1. 0.
0.999 -0.046 0. 109.518 0.046 0.999 0. 2.363 0. 0. 1. 0.
0.999 -0.050 0. 111.096 0.050 0.999 0. 2.436 0. 0. 1. 0.
0.999 -0.054 0. 112.663 0.054 0.999 0. 2.510 0. 0. 1. 0.
0.998 -0.057 0. 114.195 0.057 0.998 0. 2.589 0. 0. 1. 0.
0.998 -0.061 0. 115.717 0.061 0.998 0. 2.674 0. 0. 1. 0.
0.998 -0.065 0. 117.215 0.065 0.998 0. 2.767 0. 0. 1. 0.
0.998 -0.066 0. 118.721 0.066 0.998 0. 2.869 0. 0. 1. 0.
0.998 -0.066 0. 120.247 0.066 0.998 0. 2.960 0. 0. 1. 0.
0.998 -0.062 0. 121.519 0.062 0.998 0. 3.039 0. 0. 1. 0.
0.998 -0.057 0. 122.868 0.057 0.998 0. 3.111 0. 0. 1. 0.
0.999 -0.051 0. 124.350 0.051 0.999 0. 3.183 0. 0. 1. 0.
0.999 -0.045 0. 125.821 0.045 0.999 0. 3.241 0. 0. 1. 0.
0.999 -0.038 0. 127.294 0.038 0.999 0. 3.292 0. 0. 1. 0.
1.000 -0.030 0. 128.772 0.030 1.000 0. 3.333 0. 0. 1. 0.
1.000 -0.023 0. 130.120 0.023 1.000 0. 3.362 0. 0. 1. 0.
1.000 -0.016 0. 131.447 0.016 1.000 0. 3.376 0. 0. 1. 0.
1. -0.009 0. 132.971 0.009 1. 0. 3.395 0. 0. 1. 0.
1. -0.006 0. 134.491 0.006 1. 0. 3.404 0. 0. 1. 0.
1. -0.004 0. 135.993 0.004 1. 0. 3.409 0. 0. 1. 0.
1. -0.004 0. 137.506 0.004 1. 0. 3.419 0. 0. 1. 0.
1. -0.004 0. 139.051 0.004 1. 0. 3.421 0. 0. 1. 0.
1. -0.004 0. 140.609 0.004 1. 0. 3.430 0. 0. 1. 0.
1. -0.005 0. 142.131 0.005 1. 0. 3.436 0. 0. 1. 0.
1. -0.006 0. 143.652 0.006 1. 0. 3.442 0. 0. 1. 0.
1. -0.007 0. 145.124 0.007 1. 0. 3.458 0. 0. 1. 0.
1. -0.008 0. 146.564 0.008 1. 0. 3.466 0. 0. 1. 0.
1. -0.010 0. 147.995 0.010 1. 0. 3.481 0. 0. 1. 0.
1. -0.012 0. 149.245 0.012 1. 0. 3.497 0. 0. 1. 0.
1. -0.013 0. 150.477 0.013 1. 0. 3.507 0. 0. 1. 0.
1. -0.014 0. 151.849 0.014 1. 0. 3.523 0. 0. 1. 0.
1. -0.014 0. 153.328 0.014 1. 0. 3.537 0. 0. 1. 0.
1. -0.013 0. 154.776 0.013 1. 0. 3.550 0. 0. 1. 0.
1. -0.013 0. 156.241 0.013 1. 0. 3.563 0. 0. 1. 0.
1. -0.013 0. 157.756 0.013 1. 0. 3.579 0. 0. 1. 0.
1. -0.013 0. 159.299 0.013 1. 0. 3.604 0. 0. 1. 0.
1. -0.014 0. 160.836 0.014 1. 0. 3.615 0. 0. 1. 0.
1.000 -0.014 0. 162.369 0.014 1.000 0. 3.629 0. 0. 1. 0.
1.000 -0.015 0. 164.000 0.015 1.000 0. 3.655 0. 0. 1. 0.
1.000 -0.018 0. 165.632 0.018 1.000 0. 3.675 0. 0. 1. 0.
1.000 -0.021 0. 167.270 0.021 1.000 0. 3.698 0. 0. 1. 0.
1.000 -0.023 0. 168.912 0.023 1.000 0. 3.727 0. 0. 1. 0.
1.000 -0.024 0. 170.590 0.024 1.000 0. 3.766 0. 0. 1. 0.
1.000 -0.026 0. 172.314 0.026 1.000 0. 3.806 0. 0. 1. 0.
1.000 -0.027 0. 174.031 0.027 1.000 0. 3.842 0. 0. 1. 0.
1.000 -0.029 0. 175.788 0.029 1.000 0. 3.888 0. 0. 1. 0.
1.000 -0.030 0. 177.509 0.030 1.000 0. 3.933 0. 0. 1. 0.
0.999 -0.032 0. 179.125 0.032 0.999 0. 3.982 0. 0. 1. 0.
0.999 -0.034 0. 180.977 0.034 0.999 0. 4.037 0. 0. 1. 0.
0.999 -0.035 0. 182.842 0.035 0.999 0. 4.098 0. 0. 1. 0.
0.999 -0.036 0. 184.726 0.036 0.999 0. 4.158 0. 0. 1. 0.
0.999 -0.037 0. 186.602 0.037 0.999 0. 4.225 0. 0. 1. 0.
0.999 -0.038 0. 188.465 0.038 0.999 0. 4.291 0. 0. 1. 0.
0.999 -0.039 0. 190.288 0.039 0.999 0. 4.356 0. 0. 1. 0.
0.999 -0.041 0. 192.117 0.041 0.999 0. 4.417 0. 0. 1. 0.
0.999 -0.042 0. 193.934 0.042 0.999 0. 4.484 0. 0. 1. 0.
0.999 -0.043 0. 195.718 0.043 0.999 0. 4.552 0. 0. 1. 0.
0.999 -0.044 0. 197.475 0.044 0.999 0. 4.621 0. 0. 1. 0.
0.999 -0.046 0. 199.184 0.046 0.999 0. 4.682 0. 0. 1. 0.
0.999 -0.047 0. 200.839 0.047 0.999 0. 4.750 0. 0. 1. 0.
0.999 -0.048 0. 202.444 0.048 0.999 0. 4.823 0. 0. 1. 0.
0.999 -0.050 0. 204.022 0.050 0.999 0. 4.894 0. 0. 1. 0.
0.999 -0.053 0. 205.558 0.053 0.999 0. 4.968 0. 0. 1. 0.
0.999 -0.055 0. 207.116 0.055 0.999 0. 5.054 0. 0. 1. 0.
0.998 -0.056 0. 208.660 0.056 0.998 0. 5.142 0. 0. 1. 0.
0.998 -0.056 0. 210.227 0.056 0.998 0. 5.227 0. 0. 1. 0.
0.999 -0.053 0. 211.800 0.053 0.999 0. 5.312 0. 0. 1. 0.
0.999 -0.050 0. 213.381 0.050 0.999 0. 5.385 0. 0. 1. 0.
0.999 -0.044 0. 214.994 0.044 0.999 0. 5.452 0. 0. 1. 0.
0.999 -0.038 0. 216.627 0.038 0.999 0. 5.510 0. 0. 1. 0.
1.000 -0.032 0. 218.303 0.032 1.000 0. 5.560 0. 0. 1. 0.
1.000 -0.026 0. 219.991 0.026 1.000 0. 5.605 0. 0. 1. 0.
1.000 -0.021 0. 221.685 0.021 1.000 0. 5.638 0. 0. 1. 0.
1.000 -0.021 0. 223.389 0.021 1.000 0. 5.673 0. 0. 1. 0.
1.000 -0.031 0. 225.137 0.031 1.000 0. 5.722 0. 0. 1. 0.
0.999 -0.045 0. 226.876 0.045 0.999 0. 5.793 0. 0. 1. 0.
0.998 -0.064 0. 228.620 0.064 0.998 0. 5.899 0. 0. 1. 0.
0.997 -0.082 0. 230.431 0.082 0.997 0. 6.044 0. 0. 1. 0.
0.995 -0.100 0. 232.238 0.100 0.995 0. 6.221 0. 0. 1. 0.
0.994 -0.113 0. 234.049 0.113 0.994 0. 6.424 0. 0. 1. 0.
0.993 -0.121 0. 235.671 0.121 0.993 0. 6.622 0. 0. 1. 0.
0.992 -0.127 0. 237.270 0.127 0.992 0. 6.829 0. 0. 1. 0.
0.991 -0.132 0. 239.125 0.132 0.991 0. 7.074 0. 0. 1. 0.
0.991 -0.137 0. 241.003 0.137 0.991 0. 7.329 0. 0. 1. 0.
0.990 -0.142 0. 242.886 0.142 0.990 0. 7.600 0. 0. 1. 0.
0.989 -0.145 0. 244.802 0.145 0.989 0. 7.877 0. 0. 1. 0.
0.989 -0.149 0. 246.742 0.149 0.989 0. 8.165 0. 0. 1. 0.
0.989 -0.151 0. 248.719 0.151 0.989 0. 8.461 0. 0. 1. 0.
0.989 -0.149 0. 250.719 0.149 0.989 0. 8.761 0. 0. 1. 0.
0.989 -0.148 0. 252.719 0.148 0.989 0. 9.056 0. 0. 1. 0.
0.989 -0.146 0. 254.721 0.146 0.989 0. 9.347 0. 0. 1. 0.
0.989 -0.145 0. 256.759 0.145 0.989 0. 9.640 0. 0. 1. 0.
0.989 -0.145 0. 258.798 0.145 0.989 0. 9.932 0. 0. 1. 0.
0.989 -0.145 0. 260.799 0.145 0.989 0. 10.216 0. 0. 1. 0.
0.990 -0.144 0. 262.822 0.144 0.990 0. 10.503 0. 0. 1. 0.
0.990 -0.143 0. 264.849 0.143 0.990 0. 10.797 0. 0. 1. 0.
0.990 -0.143 0. 266.882 0.143 0.990 0. 11.082 0. 0. 1. 0.
0.990 -0.142 0. 268.908 0.142 0.990 0. 11.368 0. 0. 1. 0.
0.990 -0.140 0. 270.850 0.140 0.990 0. 11.636 0. 0. 1. 0.
0.990 -0.139 0. 272.786 0.139 0.990 0. 11.901 0. 0. 1. 0.
0.990 -0.139 0. 274.752 0.139 0.990 0. 12.175 0. 0. 1. 0.
0.990 -0.139 0. 276.744 0.139 0.990 0. 12.451 0. 0. 1. 0.
0.990 -0.141 0. 278.736 0.141 0.990 0. 12.726 0. 0. 1. 0.
0.990 -0.141 0. 280.716 0.141 0.990 0. 13.002 0. 0. 1. 0.
0.990 -0.142 0. 282.683 0.142 0.990 0. 13.277 0. 0. 1. 0.
0.990 -0.141 0. 284.671 0.141 0.990 0. 13.558 0. 0. 1. 0.
0.990 -0.141 0. 286.602 0.141 0.990 0. 13.829 0. 0. 1. 0.
0.990 -0.140 0. 288.419 0.140 0.990 0. 14.079 0. 0. 1. 0.
0.990 -0.140 0. 290.425 0.140 0.990 0. 14.356 0. 0. 1. 0.
0.990 -0.139 0. 292.487 0.139 0.990 0. 14.644 0. 0. 1. 0.
0.990 -0.138 0. 294.559 0.138 0.990 0. 14.928 0. 0. 1. 0.
0.991 -0.137 0. 296.572 0.137 0.991 0. 15.196 0. 0. 1. 0.
0.991 -0.136 0. 298.462 0.136 0.991 0. 15.444 0. 0. 1. 0.
0.991 -0.135 0. 300.608 0.135 0.991 0. 15.728 0. 0. 1. 0.
0.991 -0.133 0. 302.767 0.133 0.991 0. 16.007 0. 0. 1. 0.
0.991 -0.130 0. 304.928 0.130 0.991 0. 16.283 0. 0. 1. 0.
0.992 -0.126 0. 307.039 0.126 0.992 0. 16.544 0. 0. 1. 0.
0.992 -0.123 0. 309.048 0.123 0.992 0. 16.781 0. 0. 1. 0.
0.993 -0.119 0. 311.043 0.119 0.993 0. 17.010 0. 0. 1. 0.
0.993 -0.115 0. 313.214 0.115 0.993 0. 17.259 0. 0. 1. 0.
0.994 -0.112 0. 315.392 0.112 0.994 0. 17.502 0. 0. 1. 0.
0.994 -0.108 0. 317.588 0.108 0.994 0. 17.738 0. 0. 1. 0.
0.995 -0.105 0. 319.779 0.105 0.995 0. 17.968 0. 0. 1. 0.
0.995 -0.103 0. 321.930 0.103 0.995 0. 18.185 0. 0. 1. 0.
0.995 -0.100 0. 324.161 0.100 0.995 0. 18.406 0. 0. 1. 0.
0.995 -0.099 0. 326.389 0.099 0.995 0. 18.622 0. 0. 1. 0.
0.995 -0.096 0. 328.603 0.096 0.995 0. 18.835 0. 0. 1. 0.
0.996 -0.094 0. 330.828 0.094 0.996 0. 19.042 0. 0. 1. 0.
0.996 -0.092 0. 333.002 0.092 0.996 0. 19.231 0. 0. 1. 0.
0.996 -0.090 0. 335.185 0.090 0.996 0. 19.425 0. 0. 1. 0.
0.996 -0.089 0. 337.361 0.089 0.996 0. 19.616 0. 0. 1. 0.
0.996 -0.089 0. 339.546 0.089 0.996 0. 19.809 0. 0. 1. 0.
0.996 -0.088 0. 341.724 0.088 0.996 0. 19.999 0. 0. 1. 0.
0.996 -0.090 0. 343.822 0.090 0.996 0. 20.186 0. 0. 1. 0.
0.996 -0.090 0. 345.922 0.090 0.996 0. 20.369 0. 0. 1. 0.
0.996 -0.090 0. 348.101 0.090 0.996 0. 20.557 0. 0. 1. 0.
0.996 -0.088 0. 350.328 0.088 0.996 0. 20.747 0. 0. 1. 0.
0.997 -0.083 0. 352.549 0.083 0.997 0. 20.930 0. 0. 1. 0.
0.997 -0.077 0. 354.762 0.077 0.997 0. 21.097 0. 0. 1. 0.
0.998 -0.064 0. 356.996 0.064 0.998 0. 21.245 0. 0. 1. 0.
0.999 -0.052 0. 359.217 0.052 0.999 0. 21.359 0. 0. 1. 0.
0.999 -0.035 0. 361.398 0.035 0.999 0. 21.436 0. 0. 1. 0.
1.000 -0.016 0. 363.491 0.016 1.000 0. 21.470 0. 0. 1. 0.
1. 0.003 0. 365.715 -0.003 1. -0. 21.468 -0. 0. 1. 0.
1.000 0.022 0. 367.930 -0.022 1.000 -0. 21.425 -0. 0. 1. 0.
0.999 0.037 0. 370.140 -0.037 0.999 -0. 21.347 -0. 0. 1. 0.
0.999 0.052 0. 372.307 -0.052 0.999 -0. 21.236 -0. 0. 1. 0.
0.998 0.063 0. 374.326 -0.063 0.998 -0. 21.096 -0. 0. 1. 0.
0.997 0.071 0. 376.454 -0.071 0.997 -0. 20.936 -0. 0. 1. 0.
0.997 0.074 0. 378.537 -0.074 0.997 -0. 20.773 -0. 0. 1. 0.
0.998 0.070 0. 380.606 -0.070 0.998 -0. 20.610 -0. 0. 1. 0.
0.998 0.065 0. 382.689 -0.065 0.998 -0. 20.463 -0. 0. 1. 0.
0.998 0.058 0. 384.796 -0.058 0.998 -0. 20.328 -0. 0. 1. 0.
0.999 0.051 0. 386.906 -0.051 0.999 -0. 20.216 -0. 0. 1. 0.
0.999 0.041 0. 389.035 -0.041 0.999 -0. 20.120 -0. 0. 1. 0.
0.999 0.033 0. 391.177 -0.033 0.999 -0. 20.039 -0. 0. 1. 0.
1.000 0.024 0. 393.311 -0.024 1.000 -0. 19.976 -0. 0. 1. 0.
1.000 0.017 0. 395.412 -0.017 1.000 -0. 19.935 -0. 0. 1. 0.
1. 0.009 0. 397.585 -0.009 1. -0. 19.904 -0. 0. 1. 0.
1. 0.004 0. 399.763 -0.004 1. -0. 19.894 -0. 0. 1. 0.
1. -0.002 0. 401.909 0.002 1. 0. 19.887 0. 0. 1. 0.
1. -0.006 0. 404.019 0.006 1. 0. 19.889 0. 0. 1. 0.
1. -0.012 0. 406.145 0.012 1. 0. 19.896 0. 0. 1. 0.
1.000 -0.015 0. 408.416 0.015 1.000 0. 19.920 0. 0. 1. 0.
1.000 -0.019 0. 410.585 0.019 1.000 0. 19.950 0. 0. 1. 0.
1.000 -0.022 0. 412.735 0.022 1.000 0. 19.984 0. 0. 1. 0.
1.000 -0.025 0. 414.914 0.025 1.000 0. 20.020 0. 0. 1. 0.
1.000 -0.028 0. 417.100 0.028 1.000 0. 20.063 0. 0. 1. 0.
1.000 -0.032 0. 419.477 0.032 1.000 0. 20.116 0. 0. 1. 0.
0.999 -0.034 0. 421.789 0.034 0.999 0. 20.175 0. 0. 1. 0.
0.999 -0.037 0. 424.088 0.037 0.999 0. 20.240 0. 0. 1. 0.
0.999 -0.040 0. 426.383 0.040 0.999 0. 20.314 0. 0. 1. 0.
0.999 -0.042 0. 428.672 0.042 0.999 0. 20.399 0. 0. 1. 0.
0.999 -0.045 0. 430.772 0.045 0.999 0. 20.476 0. 0. 1. 0.
0.999 -0.047 0. 432.952 0.047 0.999 0. 20.562 0. 0. 1. 0.
0.999 -0.048 0. 435.169 0.048 0.999 0. 20.653 0. 0. 1. 0.
0.999 -0.049 0. 437.336 0.049 0.999 0. 20.745 0. 0. 1. 0.
0.999 -0.050 0. 439.306 0.050 0.999 0. 20.829 0. 0. 1. 0.
0.999 -0.053 0. 441.241 0.053 0.999 0. 20.913 0. 0. 1. 0.
0.998 -0.055 0. 443.257 0.055 0.998 0. 21.002 0. 0. 1. 0.
0.998 -0.057 0. 445.249 0.057 0.998 0. 21.100 0. 0. 1. 0.
0.998 -0.059 0. 447.197 0.059 0.998 0. 21.198 0. 0. 1. 0.
0.998 -0.060 0. 449.099 0.060 0.998 0. 21.295 0. 0. 1. 0.
0.998 -0.059 0. 450.959 0.059 0.998 0. 21.394 0. 0. 1. 0.
0.998 -0.057 0. 452.753 0.057 0.998 0. 21.480 0. 0. 1. 0.
0.999 -0.055 0. 454.452 0.055 0.999 0. 21.559 0. 0. 1. 0.
0.999 -0.051 0. 456.064 0.051 0.999 0. 21.627 0. 0. 1. 0.
0.999 -0.043 0. 457.587 0.043 0.999 0. 21.693 0. 0. 1. 0.
1.000 -0.030 0. 459.039 0.030 1.000 0. 21.729 0. 0. 1. 0.
1. -0.014 0. 460.427 0.014 1. 0. 21.735 0. 0. 1. 0.
1. 0.008 0. 461.762 -0.008 1. -0. 21.711 -0. 0. 1. 0.
0.999 0.034 0. 463.023 -0.034 0.999 -0. 21.655 -0. 0. 1. 0.
0.998 0.068 0. 464.200 -0.068 0.998 -0. 21.559 -0. 0. 1. 0.
0.994 0.108 0. 465.311 -0.108 0.994 -0. 21.419 -0. 0. 1. 0.
0.988 0.153 0. 466.362 -0.153 0.988 -0. 21.235 -0. 0. 1. 0.
0.979 0.203 0. 467.367 -0.203 0.979 -0. 21.008 -0. 0. 1. 0.
0.967 0.255 0. 468.330 -0.255 0.967 -0. 20.737 -0. 0. 1. 0.
0.950 0.313 0. 469.240 -0.313 0.950 -0. 20.408 -0. 0. 1. 0.
0.926 0.378 0. 470.101 -0.378 0.926 -0. 20.026 -0. 0. 1. 0.
0.893 0.450 0. 470.918 -0.450 0.893 -0. 19.582 -0. 0. 1. 0.
0.850 0.527 0. 471.688 -0.527 0.850 -0. 19.064 -0. 0. 1. 0.
0.793 0.609 0. 472.400 -0.609 0.793 -0. 18.468 -0. 0. 1. 0.
0.722 0.692 0. 473.040 -0.692 0.722 -0. 17.798 -0. 0. 1. 0.
0.636 0.772 0. 473.589 -0.772 0.636 -0. 17.063 -0. 0. 1. 0.
0.536 0.844 0. 474.047 -0.844 0.536 -0. 16.251 -0. 0. 1. 0.
0.423 0.906 0. 474.388 -0.906 0.423 -0. 15.390 -0. 0. 1. 0.
0.294 0.956 0. 474.613 -0.956 0.294 -0. 14.485 -0. 0. 1. 0.
0.157 0.988 0. 474.716 -0.988 0.157 -0. 13.526 -0. 0. 1. 0.
0.012 1. 0. 474.681 -1. 0.012 -0. 12.547 -0. 0. 1. 0.
-0.134 0.991 0. 474.499 -0.991 -0.134 -0. 11.553 -0. 0. 1. 0.
-0.278 0.961 0. 474.160 -0.961 -0.278 -0. 10.570 -0. 0. 1. 0.
-0.411 0.912 0. 473.673 -0.912 -0.411 -0. 9.599 -0. 0. 1. 0.
-0.532 0.847 0. 473.025 -0.847 -0.532 -0. 8.652 -0. 0. 1. 0.
-0.635 0.773 0. 472.248 -0.773 -0.635 0. 7.755 0. 0. 1. 0.
-0.714 0.700 0. 471.345 -0.700 -0.714 0. 6.915 0. 0. 1. 0.
-0.773 0.634 0. 470.339 -0.634 -0.773 0. 6.123 0. 0. 1. 0.
-0.812 0.583 0. 469.255 -0.583 -0.812 0. 5.360 0. 0. 1. 0.
-0.837 0.547 0. 468.084 -0.547 -0.837 0. 4.610 0. 0. 1. 0.
-0.854 0.520 0. 466.835 -0.520 -0.854 0. 3.858 0. 0. 1. 0.
-0.865 0.502 0. 465.531 -0.502 -0.865 0. 3.112 0. 0. 1. 0.
-0.875 0.484 0. 464.179 -0.484 -0.875 0. 2.368 0. 0. 1. 0.
-0.885 0.465 0. 462.761 -0.465 -0.885 0. 1.620 0. 0. 1. 0.
-0.894 0.449 0. 461.263 -0.449 -0.894 0. 0.881 0. 0. 1. 0.
-0.900 0.436 0. 459.682 -0.436 -0.900 0. 0.122 0. 0. 1. 0.
-0.905 0.424 0. 458.046 -0.424 -0.905 0. -0.636 0. 0. 1. 0.
-0.910 0.416 0. 456.334 -0.416 -0.910 0. -1.409 0. 0. 1. 0.
-0.911 0.412 0. 454.537 -0.412 -0.911 0. -2.207 0. 0. 1. 0.
-0.912 0.411 0. 452.715 -0.411 -0.912 0. -3.019 0. 0. 1. 0.
-0.911 0.412 0. 450.854 -0.412 -0.911 0. -3.849 0. 0. 1. 0.
-0.911 0.412 0. 448.999 -0.412 -0.911 0. -4.677 0. 0. 1. 0.
-0.910 0.415 0. 447.113 -0.415 -0.910 0. -5.526 0. 0. 1. 0.
-0.909 0.418 0. 445.168 -0.418 -0.909 0. -6.407 0. 0. 1. 0.
-0.907 0.421 0. 443.220 -0.421 -0.907 0. -7.297 0. 0. 1. 0.
-0.906 0.424 0. 441.258 -0.424 -0.906 0. -8.200 0. 0. 1. 0.
-0.905 0.425 0. 439.372 -0.425 -0.905 0. -9.075 0. 0. 1. 0.
-0.905 0.425 0. 437.508 -0.425 -0.905 0. -9.943 0. 0. 1. 0.
-0.904 0.427 0. 435.605 -0.427 -0.904 0. -10.826 0. 0. 1. 0.
-0.905 0.425 0. 433.663 -0.425 -0.905 0. -11.727 0. 0. 1. 0.
-0.906 0.424 0. 431.713 -0.424 -0.906 0. -12.622 0. 0. 1. 0.
-0.906 0.423 0. 429.811 -0.423 -0.906 0. -13.508 0. 0. 1. 0.
-0.907 0.421 0. 427.928 -0.421 -0.907 0. -14.379 0. 0. 1. 0.
-0.907 0.421 0. 426.066 -0.421 -0.907 0. -15.234 0. 0. 1. 0.
-0.907 0.421 0. 424.216 -0.421 -0.907 0. -16.083 0. 0. 1. 0.
-0.907 0.421 0. 422.355 -0.421 -0.907 0. -16.936 0. 0. 1. 0.
-0.906 0.422 0. 420.510 -0.422 -0.906 0. -17.787 0. 0. 1. 0.
-0.906 0.422 0. 418.682 -0.422 -0.906 0. -18.637 0. 0. 1. 0.
-0.906 0.422 0. 416.871 -0.422 -0.906 0. -19.480 0. 0. 1. 0.
-0.907 0.422 0. 415.107 -0.422 -0.907 0. -20.296 0. 0. 1. 0.
-0.907 0.420 0. 413.356 -0.420 -0.907 0. -21.101 0. 0. 1. 0.
-0.908 0.419 0. 411.673 -0.419 -0.908 0. -21.870 0. 0. 1. 0.
-0.909 0.417 0. 410.034 -0.417 -0.909 0. -22.621 0. 0. 1. 0.
-0.909 0.416 0. 408.393 -0.416 -0.909 0. -23.367 0. 0. 1. 0.
-0.910 0.414 0. 406.819 -0.414 -0.910 0. -24.082 0. 0. 1. 0.
-0.911 0.412 0. 405.365 -0.412 -0.911 0. -24.737 0. 0. 1. 0.
-0.912 0.411 0. 403.925 -0.411 -0.912 0. -25.386 0. 0. 1. 0.
-0.912 0.410 0. 402.533 -0.410 -0.912 0. -26.003 0. 0. 1. 0.
-0.912 0.409 0. 401.218 -0.409 -0.912 0. -26.593 0. 0. 1. 0.
-0.913 0.408 0. 399.970 -0.408 -0.913 0. -27.148 0. 0. 1. 0.
-0.914 0.407 0. 398.832 -0.407 -0.914 0. -27.652 0. 0. 1. 0.
-0.914 0.407 0. 397.741 -0.407 -0.914 0. -28.134 0. 0. 1. 0.
-0.914 0.406 0. 396.697 -0.406 -0.914 0. -28.593 0. 0. 1. 0.
-0.915 0.405 0. 395.707 -0.405 -0.915 0. -29.029 0. 0. 1. 0.
-0.914 0.405 0. 394.762 -0.405 -0.914 0. -29.445 0. 0. 1. 0.
-0.915 0.404 0. 393.868 -0.404 -0.915 0. -29.837 0. 0. 1. 0.
-0.915 0.403 0. 393.029 -0.403 -0.915 0. -30.204 0. 0. 1. 0.
-0.916 0.401 0. 392.234 -0.401 -0.916 0. -30.552 0. 0. 1. 0.
-0.917 0.399 0. 391.489 -0.399 -0.917 0. -30.872 0. 0. 1. 0.
-0.918 0.396 0. 390.796 -0.396 -0.918 0. -31.167 0. 0. 1. 0.
-0.919 0.394 0. 390.143 -0.394 -0.919 0. -31.444 0. 0. 1. 0.
-0.920 0.393 0. 389.526 -0.393 -0.920 0. -31.703 0. 0. 1. 0.
-0.920 0.391 0. 388.943 -0.391 -0.920 0. -31.947 0. 0. 1. 0.
-0.921 0.389 0. 388.391 -0.389 -0.921 0. -32.177 0. 0. 1. 0.
-0.922 0.388 0. 387.873 -0.388 -0.922 0. -32.395 0. 0. 1. 0.
-0.922 0.386 0. 387.385 -0.386 -0.922 0. -32.597 0. 0. 1. 0.
-0.923 0.385 0. 386.921 -0.385 -0.923 0. -32.786 0. 0. 1. 0.
-0.924 0.383 0. 386.495 -0.383 -0.924 0. -32.959 0. 0. 1. 0.
-0.924 0.383 0. 386.118 -0.383 -0.924 0. -33.113 0. 0. 1. 0.
-0.924 0.382 0. 385.781 -0.382 -0.924 0. -33.249 0. 0. 1. 0.
-0.925 0.381 0. 385.482 -0.381 -0.925 0. -33.370 0. 0. 1. 0.
-0.925 0.380 0. 385.222 -0.380 -0.925 0. -33.474 0. 0. 1. 0.
-0.925 0.379 0. 384.995 -0.379 -0.925 0. -33.566 0. 0. 1. 0.
-0.925 0.379 0. 384.800 -0.379 -0.925 0. -33.644 0. 0. 1. 0.
-0.926 0.378 0. 384.632 -0.378 -0.926 0. -33.711 0. 0. 1. 0.
-0.926 0.378 0. 384.526 -0.378 -0.926 0. -33.754 0. 0. 1. 0.
-0.926 0.377 0. 384.415 -0.377 -0.926 0. -33.799 0. 0. 1. 0.
-0.926 0.377 0. 384.324 -0.377 -0.926 0. -33.835 0. 0. 1. 0.
-0.926 0.377 0. 384.249 -0.377 -0.926 0. -33.864 0. 0. 1. 0.
-0.926 0.377 0. 384.214 -0.377 -0.926 0. -33.879 0. 0. 1. 0.
-0.926 0.377 0. 384.211 -0.377 -0.926 0. -33.881 0. 0. 1. 0.
-0.926 0.377 0. 384.209 -0.377 -0.926 0. -33.882 0. 0. 1. 0.
-0.926 0.377 0. 384.207 -0.377 -0.926 0. -33.882 0. 0. 1. 0.
-0.926 0.377 0. 384.206 -0.377 -0.926 0. -33.883 0. 0. 1. 0.
-0.926 0.377 0. 384.204 -0.377 -0.926 0. -33.884 0. 0. 1. 0.
-0.926 0.377 0. 384.202 -0.377 -0.926 0. -33.885 0. 0. 1. 0.
-0.926 0.377 0. 384.201 -0.377 -0.926 0. -33.886 0. 0. 1. 0.
-0.926 0.377 0. 384.199 -0.377 -0.926 0. -33.886 0. 0. 1. 0.
-0.926 0.377 0. 384.197 -0.377 -0.926 0. -33.887 0. 0. 1. 0.
-0.926 0.377 0. 384.196 -0.377 -0.926 0. -33.888 0. 0. 1. 0.
-0.926 0.377 0. 384.194 -0.377 -0.926 0. -33.889 0. 0. 1. 0.
-0.926 0.377 0. 384.193 -0.377 -0.926 0. -33.890 0. 0. 1. 0.
-0.926 0.377 0. 384.191 -0.377 -0.926 0. -33.890 0. 0. 1. 0.
-0.926 0.377 0. 384.189 -0.377 -0.926 0. -33.891 0. 0. 1. 0.
-0.926 0.377 0. 384.188 -0.377 -0.926 0. -33.892 0. 0. 1. 0.
-0.926 0.377 0. 384.186 -0.377 -0.926 0. -33.893 0. 0. 1. 0.
-0.926 0.377 0. 384.184 -0.377 -0.926 0. -33.894 0. 0. 1. 0.
-0.926 0.377 0. 384.183 -0.377 -0.926 0. -33.894 0. 0. 1. 0.
-0.926 0.376 0. 384.181 -0.376 -0.926 0. -33.895 0. 0. 1. 0.
-0.926 0.376 0. 384.179 -0.376 -0.926 0. -33.896 0. 0. 1. 0.
-0.926 0.376 0. 384.178 -0.376 -0.926 0. -33.897 0. 0. 1. 0.
-0.926 0.376 0. 384.176 -0.376 -0.926 0. -33.898 0. 0. 1. 0.
-0.926 0.376 0. 384.174 -0.376 -0.926 0. -33.899 0. 0. 1. 0.
-0.926 0.376 0. 384.173 -0.376 -0.926 0. -33.899 0. 0. 1. 0.
-0.926 0.376 0. 384.171 -0.376 -0.926 0. -33.900 0. 0. 1. 0.
-0.926 0.376 0. 384.169 -0.376 -0.926 0. -33.901 0. 0. 1. 0.
-0.926 0.376 0. 384.168 -0.376 -0.926 0. -33.902 0. 0. 1. 0.
-0.926 0.376 0. 384.166 -0.376 -0.926 0. -33.903 0. 0. 1. 0.
-0.926 0.376 0. 384.165 -0.376 -0.926 0. -33.903 0. 0. 1. 0.
-0.926 0.376 0. 384.163 -0.376 -0.926 0. -33.904 0. 0. 1. 0.
-0.926 0.376 0. 384.161 -0.376 -0.926 0. -33.905 0. 0. 1. 0.
-0.926 0.376 0. 384.159 -0.376 -0.926 0. -33.906 0. 0. 1. 0.
-0.926 0.376 0. 384.158 -0.376 -0.926 0. -33.907 0. 0. 1. 0.
-0.926 0.376 0. 384.156 -0.376 -0.926 0. -33.907 0. 0. 1. 0.
-0.926 0.376 0. 384.154 -0.376 -0.926 0. -33.908 0. 0. 1. 0.
-0.927 0.376 0. 384.153 -0.376 -0.927 0. -33.909 0. 0. 1. 0.
-0.927 0.376 0. 384.151 -0.376 -0.927 0. -33.910 0. 0. 1. 0.
-0.927 0.376 0. 384.149 -0.376 -0.927 0. -33.911 0. 0. 1. 0.
-0.927 0.376 0. 384.148 -0.376 -0.927 0. -33.912 0. 0. 1. 0.
-0.927 0.376 0. 384.146 -0.376 -0.927 0. -33.912 0. 0. 1. 0.
-0.927 0.376 0. 384.144 -0.376 -0.927 0. -33.913 0. 0. 1. 0.
-0.927 0.376 0. 384.143 -0.376 -0.927 0. -33.914 0. 0. 1. 0.
-0.927 0.376 0. 384.141 -0.376 -0.927 0. -33.915 0. 0. 1. 0.
-0.927 0.376 0. 384.139 -0.376 -0.927 0. -33.916 0. 0. 1. 0.
-0.927 0.376 0. 384.138 -0.376 -0.927 0. -33.916 0. 0. 1. 0.
-0.927 0.376 0. 384.136 -0.376 -0.927 0. -33.917 0. 0. 1. 0.
-0.927 0.376 0. 384.135 -0.376 -0.927 0. -33.918 0. 0. 1. 0.
-0.927 0.376 0. 384.133 -0.376 -0.927 0. -33.919 0. 0. 1. 0.
-0.927 0.376 0. 384.131 -0.376 -0.927 0. -33.920 0. 0. 1. 0.
-0.927 0.376 0. 384.130 -0.376 -0.927 0. -33.920 0. 0. 1. 0.
-0.927 0.376 0. 384.128 -0.376 -0.927 0. -33.921 0. 0. 1. 0.
-0.927 0.376 0. 384.126 -0.376 -0.927 0. -33.922 0. 0. 1. 0.
-0.927 0.376 0. 384.125 -0.376 -0.927 0. -33.923 0. 0. 1. 0.
-0.927 0.376 0. 384.123 -0.376 -0.927 0. -33.924 0. 0. 1. 0.
-0.927 0.376 0. 384.121 -0.376 -0.927 0. -33.925 0. 0. 1. 0.
-0.927 0.376 0. 384.120 -0.376 -0.927 0. -33.925 0. 0. 1. 0.
-0.927 0.376 0. 384.118 -0.376 -0.927 0. -33.926 0. 0. 1. 0.
-0.927 0.376 0. 384.116 -0.376 -0.927 0. -33.927 0. 0. 1. 0.
-0.927 0.376 0. 384.115 -0.376 -0.927 0. -33.928 0. 0. 1. 0.
-0.927 0.376 0. 384.113 -0.376 -0.927 0. -33.929 0. 0. 1. 0.
-0.927 0.376 0. 384.111 -0.376 -0.927 0. -33.929 0. 0. 1. 0.
-0.927 0.376 0. 384.109 -0.376 -0.927 0. -33.931 0. 0. 1. 0.
-0.927 0.376 0. 384.096 -0.376 -0.927 0. -33.936 0. 0. 1. 0.
-0.927 0.376 0. 384.078 -0.376 -0.927 0. -33.942 0. 0. 1. 0.
-0.927 0.375 0. 384.048 -0.375 -0.927 0. -33.955 0. 0. 1. 0.
-0.927 0.375 0. 383.966 -0.375 -0.927 0. -33.986 0. 0. 1. 0.
-0.927 0.375 0. 383.820 -0.375 -0.927 0. -34.044 0. 0. 1. 0.
-0.927 0.374 0. 383.621 -0.374 -0.927 0. -34.122 0. 0. 1. 0.
-0.928 0.373 0. 383.365 -0.373 -0.928 0. -34.223 0. 0. 1. 0.
-0.928 0.373 0. 383.045 -0.373 -0.928 0. -34.350 0. 0. 1. 0.
-0.928 0.372 0. 382.661 -0.372 -0.928 0. -34.502 0. 0. 1. 0.
-0.929 0.371 0. 382.206 -0.371 -0.929 0. -34.681 0. 0. 1. 0.
-0.929 0.369 0. 381.678 -0.369 -0.929 0. -34.888 0. 0. 1. 0.
-0.930 0.368 0. 381.073 -0.368 -0.930 0. -35.123 0. 0. 1. 0.
-0.930 0.367 0. 380.384 -0.367 -0.930 0. -35.389 0. 0. 1. 0.
-0.931 0.366 0. 379.627 -0.366 -0.931 0. -35.682 0. 0. 1. 0.
-0.931 0.366 0. 378.799 -0.366 -0.931 0. -36. 0. 0. 1. 0.
-0.931 0.365 0. 377.902 -0.365 -0.931 0. -36.347 0. 0. 1. 0.
-0.931 0.364 0. 376.936 -0.364 -0.931 0. -36.719 0. 0. 1. 0.
-0.932 0.362 0. 375.900 -0.362 -0.932 0. -37.118 0. 0. 1. 0.
-0.932 0.361 0. 374.801 -0.361 -0.932 0. -37.536 0. 0. 1. 0.
-0.933 0.360 0. 373.634 -0.360 -0.933 0. -37.979 0. 0. 1. 0.
-0.934 0.357 0. 372.426 -0.357 -0.934 0. -38.431 0. 0. 1. 0.
-0.936 0.353 0. 371.175 -0.353 -0.936 0. -38.897 0. 0. 1. 0.
-0.938 0.347 0. 369.874 -0.347 -0.938 0. -39.369 0. 0. 1. 0.
-0.940 0.342 0. 368.509 -0.342 -0.940 0. -39.860 0. 0. 1. 0.
-0.942 0.336 0. 367.070 -0.336 -0.942 0. -40.367 0. 0. 1. 0.
-0.944 0.330 0. 365.563 -0.330 -0.944 0. -40.889 0. 0. 1. 0.
-0.946 0.325 0. 363.993 -0.325 -0.946 0. -41.422 0. 0. 1. 0.
-0.948 0.319 0. 362.385 -0.319 -0.948 0. -41.960 0. 0. 1. 0.
-0.949 0.314 0. 360.720 -0.314 -0.949 0. -42.502 0. 0. 1. 0.
-0.951 0.310 0. 359.007 -0.310 -0.951 0. -43.054 0. 0. 1. 0.
-0.952 0.305 0. 357.246 -0.305 -0.952 0. -43.613 0. 0. 1. 0.
-0.954 0.301 0. 355.458 -0.301 -0.954 0. -44.170 0. 0. 1. 0.
-0.955 0.296 0. 353.602 -0.296 -0.955 0. -44.739 0. 0. 1. 0.
-0.957 0.291 0. 351.688 -0.291 -0.957 0. -45.312 0. 0. 1. 0.
-0.959 0.285 0. 349.735 -0.285 -0.959 0. -45.891 0. 0. 1. 0.
-0.960 0.279 0. 347.730 -0.279 -0.960 0. -46.465 0. 0. 1. 0.
-0.962 0.274 0. 345.650 -0.274 -0.962 0. -47.044 0. 0. 1. 0.
-0.963 0.269 0. 343.551 -0.269 -0.963 0. -47.624 0. 0. 1. 0.
-0.964 0.266 0. 341.387 -0.266 -0.964 0. -48.219 0. 0. 1. 0.
-0.964 0.266 0. 339.241 -0.266 -0.964 0. -48.805 0. 0. 1. 0.
-0.963 0.270 0. 337.085 -0.270 -0.963 0. -49.403 0. 0. 1. 0.
-0.962 0.273 0. 334.910 -0.273 -0.962 0. -50.014 0. 0. 1. 0.
-0.961 0.276 0. 332.733 -0.276 -0.961 0. -50.633 0. 0. 1. 0.
-0.960 0.281 0. 330.519 -0.281 -0.960 0. -51.275 0. 0. 1. 0.
-0.957 0.289 0. 328.316 -0.289 -0.957 0. -51.929 0. 0. 1. 0.
-0.955 0.298 0. 326.082 -0.298 -0.955 0. -52.614 0. 0. 1. 0.
-0.952 0.306 0. 323.779 -0.306 -0.952 0. -53.342 0. 0. 1. 0.
-0.949 0.315 0. 321.527 -0.315 -0.949 0. -54.081 0. 0. 1. 0.
-0.948 0.319 0. 319.254 -0.319 -0.948 0. -54.835 0. 0. 1. 0.
-0.947 0.321 0. 316.954 -0.321 -0.947 0. -55.607 0. 0. 1. 0.
-0.947 0.322 0. 314.635 -0.322 -0.947 0. -56.386 0. 0. 1. 0.
-0.946 0.325 0. 312.307 -0.325 -0.946 0. -57.174 0. 0. 1. 0.
-0.944 0.329 0. 309.995 -0.329 -0.944 0. -57.968 0. 0. 1. 0.
-0.943 0.333 0. 307.757 -0.333 -0.943 0. -58.755 0. 0. 1. 0.
-0.941 0.337 0. 305.496 -0.337 -0.941 0. -59.557 0. 0. 1. 0.
-0.940 0.341 0. 303.224 -0.341 -0.940 0. -60.371 0. 0. 1. 0.
-0.938 0.347 0. 300.920 -0.347 -0.938 0. -61.213 0. 0. 1. 0.
-0.936 0.351 0. 298.638 -0.351 -0.936 0. -62.057 0. 0. 1. 0.
-0.935 0.356 0. 296.322 -0.356 -0.935 0. -62.926 0. 0. 1. 0.
-0.933 0.359 0. 294.004 -0.359 -0.933 0. -63.809 0. 0. 1. 0.
-0.932 0.362 0. 291.702 -0.362 -0.932 0. -64.698 0. 0. 1. 0.
-0.932 0.362 0. 289.438 -0.362 -0.932 0. -65.576 0. 0. 1. 0.
-0.933 0.360 0. 287.149 -0.360 -0.933 0. -66.454 0. 0. 1. 0.
-0.933 0.359 0. 284.867 -0.359 -0.933 0. -67.325 0. 0. 1. 0.
-0.934 0.357 0. 282.536 -0.357 -0.934 0. -68.210 0. 0. 1. 0.
-0.934 0.357 0. 280.200 -0.357 -0.934 0. -69.091 0. 0. 1. 0.
-0.934 0.357 0. 277.851 -0.357 -0.934 0. -69.973 0. 0. 1. 0.
-0.934 0.358 0. 275.490 -0.358 -0.934 0. -70.870 0. 0. 1. 0.
-0.933 0.360 0. 273.165 -0.360 -0.933 0. -71.753 0. 0. 1. 0.
-0.933 0.360 0. 270.829 -0.360 -0.933 0. -72.652 0. 0. 1. 0.
-0.933 0.361 0. 268.473 -0.361 -0.933 0. -73.556 0. 0. 1. 0.
-0.932 0.362 0. 266.115 -0.362 -0.932 0. -74.467 0. 0. 1. 0.
-0.931 0.364 0. 263.729 -0.364 -0.931 0. -75.394 0. 0. 1. 0.
-0.931 0.365 0. 261.358 -0.365 -0.931 0. -76.317 0. 0. 1. 0.
-0.931 0.366 0. 258.956 -0.366 -0.931 0. -77.248 0. 0. 1. 0.
-0.930 0.368 0. 256.523 -0.368 -0.930 0. -78.202 0. 0. 1. 0.
-0.929 0.370 0. 254.077 -0.370 -0.929 0. -79.163 0. 0. 1. 0.
-0.928 0.372 0. 251.633 -0.372 -0.928 0. -80.130 0. 0. 1. 0.
-0.927 0.375 0. 249.181 -0.375 -0.927 0. -81.107 0. 0. 1. 0.
-0.925 0.379 0. 246.733 -0.379 -0.925 0. -82.090 0. 0. 1. 0.
-0.924 0.381 0. 244.271 -0.381 -0.924 0. -83.086 0. 0. 1. 0.
-0.923 0.384 0. 241.858 -0.384 -0.923 0. -84.072 0. 0. 1. 0.
-0.923 0.386 0. 239.456 -0.386 -0.923 0. -85.062 0. 0. 1. 0.
-0.922 0.387 0. 236.972 -0.387 -0.922 0. -86.090 0. 0. 1. 0.
-0.922 0.387 0. 234.497 -0.387 -0.922 0. -87.118 0. 0. 1. 0.
-0.922 0.387 0. 232.054 -0.387 -0.922 0. -88.128 0. 0. 1. 0.
-0.922 0.386 0. 229.621 -0.386 -0.922 0. -89.139 0. 0. 1. 0.
-0.923 0.384 0. 227.166 -0.384 -0.923 0. -90.153 0. 0. 1. 0.
-0.924 0.382 0. 224.739 -0.382 -0.924 0. -91.145 0. 0. 1. 0.
-0.925 0.380 0. 222.319 -0.380 -0.925 0. -92.129 0. 0. 1. 0.
-0.926 0.378 0. 219.891 -0.378 -0.926 0. -93.101 0. 0. 1. 0.
-0.926 0.378 0. 217.523 -0.378 -0.926 0. -94.043 0. 0. 1. 0.
-0.926 0.377 0. 215.029 -0.377 -0.926 0. -95.037 0. 0. 1. 0.
-0.926 0.377 0. 212.597 -0.377 -0.926 0. -96.019 0. 0. 1. 0.
-0.926 0.377 0. 210.141 -0.377 -0.926 0. -96.993 0. 0. 1. 0.
-0.926 0.377 0. 207.746 -0.377 -0.926 0. -97.951 0. 0. 1. 0.
-0.926 0.377 0. 205.457 -0.377 -0.926 0. -98.860 0. 0. 1. 0.
-0.927 0.376 0. 203.186 -0.376 -0.927 0. -99.762 0. 0. 1. 0.
-0.927 0.375 0. 200.879 -0.375 -0.927 0. -100.674 0. 0. 1. 0.
-0.927 0.374 0. 198.589 -0.374 -0.927 0. -101.582 0. 0. 1. 0.
-0.928 0.373 0. 196.309 -0.373 -0.928 0. -102.488 0. 0. 1. 0.
-0.929 0.370 0. 194.008 -0.370 -0.929 0. -103.395 0. 0. 1. 0.
-0.930 0.367 0. 191.683 -0.367 -0.930 0. -104.297 0. 0. 1. 0.
-0.932 0.363 0. 189.375 -0.363 -0.932 0. -105.191 0. 0. 1. 0.
-0.933 0.359 0. 187.087 -0.359 -0.933 0. -106.058 0. 0. 1. 0.
-0.936 0.353 0. 184.810 -0.353 -0.936 0. -106.915 0. 0. 1. 0.
-0.938 0.347 0. 182.494 -0.347 -0.938 0. -107.759 0. 0. 1. 0.
-0.940 0.342 0. 180.154 -0.342 -0.940 0. -108.603 0. 0. 1. 0.
-0.941 0.338 0. 177.784 -0.338 -0.941 0. -109.447 0. 0. 1. 0.
-0.942 0.336 0. 175.376 -0.336 -0.942 0. -110.291 0. 0. 1. 0.
-0.943 0.334 0. 172.929 -0.334 -0.943 0. -111.146 0. 0. 1. 0.
-0.943 0.333 0. 170.574 -0.333 -0.943 0. -111.962 0. 0. 1. 0.
-0.943 0.333 0. 168.102 -0.333 -0.943 0. -112.823 0. 0. 1. 0.
-0.943 0.334 0. 165.732 -0.334 -0.943 0. -113.650 0. 0. 1. 0.
-0.942 0.336 0. 163.390 -0.336 -0.942 0. -114.474 0. 0. 1. 0.
-0.941 0.338 0. 161.020 -0.338 -0.941 0. -115.313 0. 0. 1. 0.
-0.940 0.342 0. 158.608 -0.342 -0.940 0. -116.176 0. 0. 1. 0.
-0.938 0.346 0. 156.258 -0.346 -0.938 0. -117.036 0. 0. 1. 0.
-0.937 0.349 0. 153.948 -0.349 -0.937 0. -117.891 0. 0. 1. 0.
-0.936 0.353 0. 151.685 -0.353 -0.936 0. -118.735 0. 0. 1. 0.
-0.935 0.356 0. 149.398 -0.356 -0.935 0. -119.591 0. 0. 1. 0.
-0.934 0.358 0. 147.008 -0.358 -0.934 0. -120.492 0. 0. 1. 0.
-0.934 0.357 0. 144.760 -0.357 -0.934 0. -121.344 0. 0. 1. 0.
-0.935 0.355 0. 142.502 -0.355 -0.935 0. -122.180 0. 0. 1. 0.
-0.937 0.351 0. 140.244 -0.351 -0.937 0. -123.017 0. 0. 1. 0.
-0.938 0.346 0. 138.049 -0.346 -0.938 0. -123.824 0. 0. 1. 0.
-0.939 0.343 0. 135.925 -0.343 -0.939 0. -124.591 0. 0. 1. 0.
-0.941 0.339 0. 133.818 -0.339 -0.941 0. -125.347 0. 0. 1. 0.
-0.943 0.334 0. 131.840 -0.334 -0.943 0. -126.046 0. 0. 1. 0.
-0.945 0.328 0. 129.987 -0.328 -0.945 0. -126.687 0. 0. 1. 0.
-0.946 0.323 0. 128.192 -0.323 -0.946 0. -127.293 0. 0. 1. 0.
-0.948 0.318 0. 126.492 -0.318 -0.948 0. -127.854 0. 0. 1. 0.
-0.949 0.314 0. 124.827 -0.314 -0.949 0. -128.397 0. 0. 1. 0.
-0.950 0.312 0. 123.276 -0.312 -0.950 0. -128.894 0. 0. 1. 0.
-0.951 0.309 0. 121.802 -0.309 -0.951 0. -129.372 0. 0. 1. 0.
-0.952 0.307 0. 120.399 -0.307 -0.952 0. -129.821 0. 0. 1. 0.
-0.953 0.305 0. 119.100 -0.305 -0.953 0. -130.228 0. 0. 1. 0.
-0.953 0.303 0. 117.944 -0.303 -0.953 0. -130.594 0. 0. 1. 0.
-0.954 0.301 0. 116.873 -0.301 -0.954 0. -130.926 0. 0. 1. 0.
-0.954 0.300 0. 115.883 -0.300 -0.954 0. -131.231 0. 0. 1. 0.
-0.954 0.299 0. 114.998 -0.299 -0.954 0. -131.505 0. 0. 1. 0.
-0.955 0.297 0. 114.205 -0.297 -0.955 0. -131.747 0. 0. 1. 0.
-0.956 0.295 0. 113.493 -0.295 -0.956 0. -131.960 0. 0. 1. 0.
-0.956 0.292 0. 112.858 -0.292 -0.956 0. -132.150 0. 0. 1. 0.
-0.957 0.290 0. 112.306 -0.290 -0.957 0. -132.313 0. 0. 1. 0.
-0.957 0.289 0. 111.837 -0.289 -0.957 0. -132.449 0. 0. 1. 0.
-0.958 0.287 0. 111.477 -0.287 -0.958 0. -132.555 0. 0. 1. 0.
-0.958 0.286 0. 111.196 -0.286 -0.958 0. -132.636 0. 0. 1. 0.
-0.958 0.285 0. 110.991 -0.285 -0.958 0. -132.695 0. 0. 1. 0.
-0.959 0.284 0. 110.811 -0.284 -0.959 0. -132.748 0. 0. 1. 0.
-0.959 0.284 0. 110.589 -0.284 -0.959 0. -132.812 0. 0. 1. 0.
-0.959 0.283 0. 110.466 -0.283 -0.959 0. -132.847 0. 0. 1. 0.
-0.959 0.283 0. 110.387 -0.283 -0.959 0. -132.870 0. 0. 1. 0.
-0.959 0.283 0. 110.358 -0.283 -0.959 0. -132.878 0. 0. 1. 0.
-0.959 0.283 0. 110.350 -0.283 -0.959 0. -132.880 0. 0. 1. 0.
-0.959 0.283 0. 110.348 -0.283 -0.959 0. -132.881 0. 0. 1. 0.
-0.959 0.283 0. 110.351 -0.283 -0.959 0. -132.880 0. 0. 1. 0.
-0.959 0.283 0. 110.365 -0.283 -0.959 0. -132.876 0. 0. 1. 0.
-0.959 0.283 0. 110.357 -0.283 -0.959 0. -132.878 0. 0. 1. 0.
-0.959 0.283 0. 110.351 -0.283 -0.959 0. -132.881 0. 0. 1. 0.
-0.959 0.283 0. 110.353 -0.283 -0.959 0. -132.880 0. 0. 1. 0.
-0.959 0.283 0. 110.349 -0.283 -0.959 0. -132.881 0. 0. 1. 0.
-0.959 0.283 0. 110.351 -0.283 -0.959 0. -132.881 0. 0. 1. 0.
-0.959 0.283 0. 110.355 -0.283 -0.959 0. -132.879 0. 0. 1. 0.
-0.959 0.283 0. 110.354 -0.283 -0.959 0. -132.879 0. 0. 1. 0.
-0.959 0.283 0. 110.348 -0.283 -0.959 0. -132.881 0. 0. 1. 0.
-0.959 0.283 0. 110.347 -0.283 -0.959 0. -132.881 0. 0. 1. 0.
-0.959 0.283 0. 110.347 -0.283 -0.959 0. -132.881 0. 0. 1. 0.
