1. 0. 0. 0. 0. -1. -0. 0. 0. 0. -1. 0.
1. 0.002 0. -0.032 0.002 -1. -0. -0.085 0. 0. -1. 0.
1. 0.001 0. -0.017 0.001 -1. -0. -0.078 0. 0. -1. 0.
1. 0. 0. -0.055 0. -1. -0. -0.117 0. 0. -1. 0.
1. -0.007 -0. -0.033 -0.007 -1. -0. -0.039 0. 0. -1. 0.
1. -0.001 -0. -0.058 -0.001 -1. -0. -0.089 0. 0. -1. 0.
1. 0.001 0. -0.013 0.001 -1. -0. -0.050 0. 0. -1. 0.
1. 0.002 0. -0.026 0.002 -1. -0. -0.096 0. 0. -1. 0.
1. -0.001 -0. -0.004 -0.001 -1. -0. -0.018 0. 0. -1. 0.
1. 0.001 0. -0.027 0.001 -1. -0. -0.067 0. 0. -1. 0.
1. 0.001 0. -0.013 0.001 -1. -0. -0.018 0. 0. -1. 0.
1. 0.002 0. -0.012 0.002 -1. -0. -0.037 0. 0. -1. 0.
1. -0. -0. -0.003 -0. -1. -0. 0.017 0. 0. -1. 0.
1. 0.001 0. -0.009 0.001 -1. -0. -0.087 0. 0. -1. 0.
1. -0.004 -0. -0.032 -0.004 -1. -0. -0.054 0. 0. -1. 0.
1. -0.001 -0. -0.015 -0.001 -1. -0. -0.040 0. 0. -1. 0.
1. 0.001 0. 0.034 0.001 -1. -0. -0.058 0. 0. -1. 0.
1. -0.005 -0. 0.061 -0.005 -1. -0. -0.154 0. 0. -1. 0.
1. -0.003 -0. 0.142 -0.003 -1. -0. -0.073 0. 0. -1. 0.
1. -0.006 -0. 0.230 -0.006 -1. -0. -0.049 0. 0. -1. 0.
1. -0.010 -0. 0.320 -0.010 -1. -0. -0.078 0. 0. -1. 0.
1. -0.007 -0. 0.541 -0.007 -1. -0. -0.097 0. 0. -1. 0.
1.000 -0.021 -0. 0.806 -0.021 -1.000 -0. -0.088 0. 0. -1. 0.
1.000 -0.030 -0. 1.252 -0.030 -1.000 -0. -0.136 0. 0. -1. 0.
0.999 -0.046 -0. 1.789 -0.046 -0.999 -0. -0.161 0. 0. -1. 0.
0.999 -0.052 -0. 2.358 -0.052 -0.999 -0. -0.290 0. 0. -1. 0.
0.998 -0.065 -0. 3.060 -0.065 -0.998 -0. -0.225 0. 0. -1. 0.
0.998 -0.069 -0. 3.829 -0.069 -0.998 -0. -0.196 0. 0. -1. 0.
0.997 -0.077 -0. 4.666 -0.077 -0.997 -0. -0.327 0. 0. -1. 0.
0.997 -0.079 -0. 5.621 -0.079 -0.997 -0. -0.419 0. 0. -1. 0.
0.996 -0.086 -0. 6.623 -0.086 -0.996 -0. -0.564 0. 0. -1. 0.
0.997 -0.083 -0. 7.641 -0.083 -0.997 -0. -0.608 0. 0. -1. 0.
0.996 -0.094 -0. 8.666 -0.094 -0.996 -0. -0.727 0. 0. -1. 0.
0.996 -0.088 -0. 9.794 -0.088 -0.996 -0. -0.881 0. 0. -1. 0.
0.995 -0.095 -0. 10.960 -0.095 -0.995 -0. -0.841 0. 0. -1. 0.
0.996 -0.093 -0. 12.098 -0.093 -0.996 -0. -1.102 0. 0. -1. 0.
0.995 -0.103 -0. 13.424 -0.103 -0.995 -0. -1.283 0. 0. -1. 0.
0.996 -0.089 -0. 14.617 -0.089 -0.996 -0. -1.373 0. 0. -1. 0.
0.996 -0.090 -0. 15.995 -0.090 -0.996 -0. -1.524 0. 0. -1. 0.
0.996 -0.087 -0. 17.319 -0.087 -0.996 -0. -1.618 0. 0. -1. 0.
0.997 -0.076 -0. 18.795 -0.076 -0.997 -0. -1.828 0. 0. -1. 0.
0.998 -0.065 -0. 20.252 -0.065 -0.998 -0. -1.956 0. 0. -1. 0.
0.998 -0.062 -0. 21.718 -0.062 -0.998 -0. -2.151 0. 0. -1. 0.
0.999 -0.053 -0. 23.261 -0.053 -0.999 -0. -2.232 0. 0. -1. 0.
0.999 -0.054 -0. 24.866 -0.054 -0.999 -0. -2.248 0. 0. -1. 0.
0.999 -0.043 -0. 26.534 -0.043 -0.999 -0. -2.366 0. 0. -1. 0.
0.999 -0.037 -0. 28.128 -0.037 -0.999 -0. -2.506 0. 0. -1. 0.
1.000 -0.023 -0. 29.881 -0.023 -1.000 -0. -2.626 0. 0. -1. 0.
1. -0.014 -0. 31.546 -0.014 -1. -0. -2.586 0. 0. -1. 0.
1. -0.012 -0. 33.304 -0.012 -1. -0. -2.683 0. 0. -1. 0.
1. 0.003 0. 35.030 0.003 -1. -0. -2.713 0. 0. -1. 0.
1. 0.012 0. 36.777 0.012 -1. -0. -2.567 0. 0. -1. 0.
1.000 0.023 0. 38.566 0.023 -1.000 -0. -2.680 0. 0. -1. 0.
1.000 0.027 0. 40.449 0.027 -1.000 -0. -2.618 0. 0. -1. 0.
1.000 0.032 0. 42.349 0.032 -1.000 -0. -2.485 0. 0. -1. 0.
0.999 0.036 0. 44.288 0.036 -0.999 -0. -2.579 0. 0. -1. 0.
0.999 0.036 0. 46.252 0.036 -0.999 -0. -2.482 0. 0. -1. 0.
0.999 0.042 0. 48.232 0.042 -0.999 -0. -2.447 0. 0. -1. 0.
0.999 0.039 0. 50.215 0.039 -0.999 -0. -2.434 0. 0. -1. 0.
0.999 0.043 0. 52.259 0.043 -0.999 -0. -2.353 0. 0. -1. 0.
0.999 0.048 0. 54.373 0.048 -0.999 -0. -2.333 0. 0. -1. 0.
0.999 0.052 0. 56.431 0.052 -0.999 -0. -2.281 0. 0. -1. 0.
0.999 0.049 0. 58.625 0.049 -0.999 -0. -2.201 0. 0. -1. 0.
0.998 0.056 0. 60.763 0.056 -0.998 -0. -2.094 0. 0. -1. 0.
0.998 0.062 0. 62.874 0.062 -0.998 -0. -2.040 0. 0. -1. 0.
0.998 0.056 0. 65.000 0.056 -0.998 -0. -1.852 0. 0. -1. 0.
0.998 0.058 0. 67.219 0.058 -0.998 -0. -1.889 0. 0. -1. 0.
0.999 0.052 0. 69.336 0.052 -0.999 -0. -1.666 0. 0. -1. 0.
0.999 0.046 0. 71.478 0.046 -0.999 -0. -1.575 0. 0. -1. 0.
0.999 0.048 0. 73.677 0.048 -0.999 -0. -1.492 0. 0. -1. 0.
0.999 0.045 0. 75.809 0.045 -0.999 -0. -1.437 0. 0. -1. 0.
1.000 0.029 0. 77.927 0.029 -1.000 -0. -1.320 0. 0. -1. 0.
1.000 0.017 0. 80.080 0.017 -1.000 -0. -1.336 0. 0. -1. 0.
1. -0.013 -0. 82.184 -0.013 -1. -0. -1.381 0. 0. -1. 0.
0.998 -0.056 -0. 84.221 -0.056 -0.998 -0. -1.360 0. 0. -1. 0.
0.996 -0.093 -0. 86.330 -0.093 -0.996 -0. -1.502 0. 0. -1. 0.
0.990 -0.140 -0. 88.325 -0.140 -0.990 -0. -1.943 0. 0. -1. 0.
0.981 -0.193 -0. 90.333 -0.193 -0.981 -0. -2.332 0. 0. -1. 0.
0.967 -0.254 -0. 92.271 -0.254 -0.967 -0. -2.711 0. 0. -1. 0.
0.952 -0.307 -0. 94.063 -0.307 -0.952 -0. -3.596 0. 0. -1. 0.
0.933 -0.360 -0. 95.898 -0.360 -0.933 -0. -4.178 0. 0. -1. 0.
0.909 -0.417 -0. 97.651 -0.417 -0.909 -0. -4.998 0. 0. -1. 0.
0.880 -0.475 -0. 99.354 -0.475 -0.880 -0. -5.907 0. 0. -1. 0.
0.847 -0.531 -0. 100.911 -0.531 -0.847 -0. -7.045 0. 0. -1. 0.
0.813 -0.583 -0. 102.600 -0.583 -0.813 -0. -8.054 0. 0. -1. 0.
0.775 -0.632 -0. 104.080 -0.632 -0.775 -0. -9.263 0. 0. -1. 0.
0.727 -0.686 -0. 105.391 -0.686 -0.727 -0. -10.505 0. 0. -1. 0.
0.679 -0.734 -0. 106.625 -0.734 -0.679 -0. -11.799 0. 0. -1. 0.
0.621 -0.784 -0. 107.728 -0.784 -0.621 -0. -13.225 0. 0. -1. 0.
0.571 -0.821 -0. 108.661 -0.821 -0.571 -0. -14.716 0. 0. -1. 0.
0.523 -0.853 -0. 109.518 -0.853 -0.523 -0. -16.186 0. 0. -1. 0.
0.475 -0.880 -0. 110.286 -0.880 -0.475 -0. -17.783 0. 0. -1. 0.
0.441 -0.898 -0. 111.191 -0.898 -0.441 -0. -19.265 0. 0. -1. 0.
0.410 -0.912 -0. 111.755 -0.912 -0.410 -0. -21.010 0. 0. -1. 0.
0.383 -0.924 -0. 112.510 -0.924 -0.383 -0. -22.625 0. 0. -1. 0.
0.374 -0.928 -0. 113.147 -0.928 -0.374 -0. -24.298 0. 0. -1. 0.
0.368 -0.930 -0. 113.865 -0.930 -0.368 -0. -26.061 0. 0. -1. 0.
0.373 -0.928 -0. 114.631 -0.928 -0.373 -0. -27.829 0. 0. -1. 0.
0.382 -0.924 -0. 115.297 -0.924 -0.382 -0. -29.567 0. 0. -1. 0.
0.384 -0.923 -0. 116.075 -0.923 -0.384 -0. -31.359 0. 0. -1. 0.
0.396 -0.918 -0. 116.586 -0.918 -0.396 -0. -33.242 0. 0. -1. 0.
0.408 -0.913 -0. 117.449 -0.913 -0.408 -0. -35.019 0. 0. -1. 0.
0.422 -0.906 -0. 118.107 -0.906 -0.422 -0. -36.917 0. 0. -1. 0.
0.437 -0.899 -0. 119.081 -0.899 -0.437 -0. -38.694 0. 0. -1. 0.
0.459 -0.889 -0. 119.881 -0.889 -0.459 -0. -40.519 0. 0. -1. 0.
0.477 -0.879 -0. 120.780 -0.879 -0.477 -0. -42.383 0. 0. -1. 0.
0.497 -0.867 -0. 121.845 -0.867 -0.497 -0. -44.026 0. 0. -1. 0.
0.509 -0.861 -0. 122.717 -0.861 -0.509 -0. -45.810 0. 0. -1. 0.
0.519 -0.855 -0. 123.804 -0.855 -0.519 -0. -47.481 0. 0. -1. 0.
0.540 -0.842 -0. 124.842 -0.842 -0.540 -0. -49.114 0. 0. -1. 0.
0.553 -0.833 -0. 125.883 -0.833 -0.553 -0. -50.774 0. 0. -1. 0.
0.575 -0.818 -0. 126.904 -0.818 -0.575 -0. -52.421 0. 0. -1. 0.
0.597 -0.802 -0. 127.989 -0.802 -0.597 -0. -53.965 0. 0. -1. 0.
0.620 -0.784 -0. 128.912 -0.784 -0.620 -0. -55.503 0. 0. -1. 0.
0.639 -0.769 -0. 130.329 -0.769 -0.639 -0. -56.927 0. 0. -1. 0.
0.665 -0.747 -0. 131.386 -0.747 -0.665 -0. -58.361 0. 0. -1. 0.
0.682 -0.731 -0. 132.702 -0.731 -0.682 -0. -59.743 0. 0. -1. 0.
0.700 -0.714 -0. 133.931 -0.714 -0.700 -0. -61.022 0. 0. -1. 0.
0.713 -0.701 -0. 135.158 -0.701 -0.713 -0. -62.289 0. 0. -1. 0.
0.722 -0.692 -0. 136.434 -0.692 -0.722 -0. -63.411 0. 0. -1. 0.
0.731 -0.682 -0. 137.537 -0.682 -0.731 -0. -64.539 0. 0. -1. 0.
0.740 -0.673 -0. 138.861 -0.673 -0.740 -0. -65.584 0. 0. -1. 0.
0.755 -0.656 -0. 140.056 -0.656 -0.755 -0. -66.704 0. 0. -1. 0.
0.776 -0.631 -0. 141.159 -0.631 -0.776 -0. -67.811 0. 0. -1. 0.
0.803 -0.597 -0. 142.386 -0.597 -0.803 -0. -68.602 0. 0. -1. 0.
0.845 -0.535 -0. 143.522 -0.535 -0.845 -0. -69.357 0. 0. -1. 0.
0.884 -0.467 -0. 144.716 -0.467 -0.884 -0. -69.989 0. 0. -1. 0.
0.925 -0.381 -0. 145.822 -0.381 -0.925 -0. -70.577 0. 0. -1. 0.
0.958 -0.288 -0. 146.967 -0.288 -0.958 -0. -70.945 0. 0. -1. 0.
0.984 -0.179 -0. 147.967 -0.179 -0.984 -0. -71.108 0. 0. -1. 0.
0.999 -0.051 -0. 149.145 -0.051 -0.999 -0. -71.053 0. 0. -1. 0.
0.995 0.101 0. 150.094 0.101 -0.995 -0. -71.026 0. 0. -1. 0.
0.965 0.264 0. 151.183 0.264 -0.965 -0. -70.729 0. 0. -1. 0.
0.906 0.423 0. 152.028 0.423 -0.906 -0. -70.262 0. 0. -1. 0.
0.813 0.582 0. 152.790 0.582 -0.813 -0. -69.647 0. 0. -1. 0.
0.692 0.722 0. 153.407 0.722 -0.692 -0. -68.955 0. 0. -1. 0.
0.536 0.844 0. 153.892 0.844 -0.536 -0. -68.176 0. 0. -1. 0.
0.367 0.930 0. 154.196 0.930 -0.367 -0. -67.316 0. 0. -1. 0.
0.180 0.984 0. 154.303 0.984 -0.180 -0. -66.350 0. 0. -1. 0.
-0.016 1.000 0. 154.309 1.000 0.016 0. -65.479 0. 0. -1. 0.
-0.200 0.980 0. 153.989 0.980 0.200 0. -64.567 0. 0. -1. 0.
-0.375 0.927 0. 153.619 0.927 0.375 0. -63.837 0. 0. -1. 0.
-0.533 0.846 0. 153.045 0.846 0.533 0. -62.947 0. 0. -1. 0.
-0.654 0.757 0. 152.285 0.757 0.654 0. -62.188 0. 0. -1. 0.
-0.755 0.656 0. 151.475 0.656 0.755 0. -61.504 0. 0. -1. 0.
-0.827 0.562 0. 150.663 0.562 0.827 0. -60.874 0. 0. -1. 0.
-0.880 0.475 0. 149.659 0.475 0.880 0. -60.419 0. 0. -1. 0.
-0.910 0.414 0. 148.541 0.414 0.910 0. -59.823 0. 0. -1. 0.
-0.933 0.359 0. 147.390 0.359 0.933 0. -59.430 0. 0. -1. 0.
-0.942 0.336 0. 146.250 0.336 0.942 0. -59.057 0. 0. -1. 0.
-0.950 0.312 0. 145.115 0.312 0.950 0. -58.684 0. 0. -1. 0.
-0.953 0.303 0. 143.852 0.303 0.953 0. -58.300 0. 0. -1. 0.
-0.951 0.308 0. 142.586 0.308 0.951 0. -57.803 0. 0. -1. 0.
-0.951 0.309 0. 141.211 0.309 0.951 0. -57.485 0. 0. -1. 0.
-0.943 0.334 0. 139.901 0.334 0.943 0. -56.997 0. 0. -1. 0.
-0.935 0.355 0. 138.468 0.355 0.935 0. -56.408 0. 0. -1. 0.
-0.922 0.386 0. 137.125 0.386 0.922 0. -55.861 0. 0. -1. 0.
-0.906 0.424 0. 135.762 0.424 0.906 0. -55.077 0. 0. -1. 0.
-0.884 0.467 0. 134.329 0.467 0.884 0. -54.264 0. 0. -1. 0.
-0.863 0.506 0. 133.037 0.506 0.863 0. -53.487 0. 0. -1. 0.
-0.835 0.550 0. 131.533 0.550 0.835 0. -52.430 0. 0. -1. 0.
-0.805 0.593 0. 130.250 0.593 0.805 0. -51.512 0. 0. -1. 0.
-0.775 0.632 0. 128.901 0.632 0.775 0. -50.464 0. 0. -1. 0.
-0.738 0.674 0. 127.535 0.674 0.738 0. -49.322 0. 0. -1. 0.
-0.702 0.712 0. 126.439 0.712 0.702 0. -48.032 0. 0. -1. 0.
-0.661 0.750 0. 125.237 0.750 0.661 0. -46.598 0. 0. -1. 0.
-0.617 0.787 0. 124.039 0.787 0.617 0. -45.195 0. 0. -1. 0.
-0.570 0.822 0. 123.056 0.822 0.570 0. -43.720 0. 0. -1. 0.
-0.526 0.851 0. 122.067 0.851 0.526 0. -42.192 0. 0. -1. 0.
-0.487 0.873 0. 121.349 0.873 0.487 0. -40.461 0. 0. -1. 0.
-0.448 0.894 0. 120.392 0.894 0.448 0. -38.708 0. 0. -1. 0.
-0.420 0.907 0. 119.678 0.907 0.420 0. -37.133 0. 0. -1. 0.
-0.390 0.921 0. 119.015 0.921 0.390 0. -35.223 0. 0. -1. 0.
-0.368 0.930 0. 118.269 0.930 0.368 0. -33.498 0. 0. -1. 0.
-0.354 0.935 0. 117.618 0.935 0.354 0. -31.646 0. 0. -1. 0.
-0.331 0.943 0. 117.106 0.943 0.331 0. -29.762 0. 0. -1. 0.
-0.325 0.946 0. 116.358 0.946 0.325 0. -27.942 0. 0. -1. 0.
-0.329 0.944 0. 115.811 0.944 0.329 0. -26.074 0. 0. -1. 0.
-0.334 0.943 0. 115.229 0.943 0.334 0. -24.181 0. 0. -1. 0.
-0.362 0.932 0. 114.579 0.932 0.362 0. -22.383 0. 0. -1. 0.
-0.386 0.923 0. 114.023 0.923 0.386 0. -20.536 0. 0. -1. 0.
-0.423 0.906 0. 113.212 0.906 0.423 0. -18.689 0. 0. -1. 0.
-0.468 0.884 0. 112.344 0.884 0.468 0. -16.976 0. 0. -1. 0.
-0.515 0.857 0. 111.358 0.857 0.515 0. -15.363 0. 0. -1. 0.
-0.565 0.825 0. 110.500 0.825 0.565 0. -13.704 0. 0. -1. 0.
-0.607 0.795 0. 109.323 0.795 0.607 0. -12.190 0. 0. -1. 0.
-0.654 0.757 0. 108.301 0.757 0.654 0. -10.694 0. 0. -1. 0.
-0.702 0.713 0. 107.033 0.713 0.702 0. -9.338 0. 0. -1. 0.
-0.750 0.661 0. 105.616 0.661 0.750 0. -8.167 0. 0. -1. 0.
-0.788 0.616 0. 104.013 0.616 0.788 0. -6.967 0. 0. -1. 0.
-0.825 0.565 0. 102.515 0.565 0.825 0. -5.829 0. 0. -1. 0.
-0.858 0.513 0. 100.865 0.513 0.858 0. -4.858 0. 0. -1. 0.
-0.888 0.459 0. 99.309 0.459 0.888 0. -3.999 0. 0. -1. 0.
-0.916 0.400 0. 97.487 0.400 0.916 0. -3.142 0. 0. -1. 0.
-0.940 0.341 0. 95.713 0.341 0.940 0. -2.434 0. 0. -1. 0.
-0.960 0.279 0. 93.979 0.279 0.960 0. -1.826 0. 0. -1. 0.
-0.975 0.223 0. 92.100 0.223 0.975 0. -1.372 0. 0. -1. 0.
-0.986 0.165 0. 90.253 0.165 0.986 0. -1.056 0. 0. -1. 0.
-0.993 0.117 0. 88.226 0.117 0.993 0. -0.804 0. 0. -1. 0.
-0.997 0.078 0. 86.248 0.078 0.997 0. -0.632 0. 0. -1. 0.
-0.999 0.049 0. 84.210 0.049 0.999 0. -0.520 0. 0. -1. 0.
-1.000 0.015 0. 82.166 0.015 1.000 0. -0.428 0. 0. -1. 0.
-1. 0.002 0. 80.082 0.002 1. 0. -0.385 0. 0. -1. 0.
-1. -0.010 -0. 77.944 -0.010 1. 0. -0.474 0. 0. -1. 0.
-1.000 -0.017 -0. 75.805 -0.017 1.000 0. -0.498 0. 0. -1. 0.
-1.000 -0.018 -0. 73.661 -0.018 1.000 0. -0.460 0. 0. -1. 0.
-1.000 -0.027 -0. 71.526 -0.027 1.000 0. -0.544 0. 0. -1. 0.
-0.999 -0.033 -0. 69.334 -0.033 0.999 0. -0.531 0. 0. -1. 0.
-1.000 -0.026 -0. 67.143 -0.026 1.000 0. -0.544 0. 0. -1. 0.
-1.000 -0.026 -0. 65.061 -0.026 1.000 0. -0.591 0. 0. -1. 0.
-1.000 -0.029 -0. 62.914 -0.029 1.000 0. -0.602 0. 0. -1. 0.
-1.000 -0.026 -0. 60.807 -0.026 1.000 0. -0.626 0. 0. -1. 0.
-1.000 -0.027 -0. 58.696 -0.027 1.000 0. -0.596 0. 0. -1. 0.
-1.000 -0.023 -0. 56.557 -0.023 1.000 0. -0.701 0. 0. -1. 0.
-1.000 -0.024 -0. 54.475 -0.024 1.000 0. -0.704 0. 0. -1. 0.
-1.000 -0.016 -0. 52.538 -0.016 1.000 0. -0.632 0. 0. -1. 0.
-1. -0.005 -0. 50.458 -0.005 1. 0. -0.740 0. 0. -1. 0.
-1. 0.009 0. 48.499 0.009 1. 0. -0.742 0. 0. -1. 0.
-1.000 0.025 0. 46.397 0.025 1.000 0. -0.528 0. 0. -1. 0.
-0.999 0.045 0. 44.362 0.045 0.999 0. -0.499 0. 0. -1. 0.
-0.999 0.050 0. 42.411 0.050 0.999 0. -0.304 0. 0. -1. 0.
-0.999 0.047 0. 40.307 0.047 0.999 0. -0.268 0. 0. -1. 0.
-0.999 0.039 0. 38.355 0.039 0.999 0. -0.088 0. 0. -1. 0.
-1.000 0.026 0. 36.311 0.026 1.000 0. -0.034 0. 0. -1. 0.
-1.000 0.019 0. 34.261 0.019 1.000 0. 0.019 0. 0. -1. 0.
-1.000 0.016 0. 32.243 0.016 1.000 0. 0.004 0. 0. -1. 0.
-1. 0.009 0. 30.114 0.009 1. 0. 0.103 0. 0. -1. 0.
-1. 0.014 0. 28.087 0.014 1. 0. 0.075 0. 0. -1. 0.
-1.000 0.018 0. 25.975 0.018 1.000 0. 0.127 0. 0. -1. 0.
-1.000 0.020 0. 23.864 0.020 1.000 0. 0.243 0. 0. -1. 0.
-1.000 0.026 0. 21.645 0.026 1.000 0. 0.300 0. 0. -1. 0.
-0.999 0.034 0. 19.501 0.034 0.999 0. 0.417 0. 0. -1. 0.
-0.999 0.045 0. 17.260 0.045 0.999 0. 0.615 0. 0. -1. 0.
-0.999 0.051 0. 15.087 0.051 0.999 0. 0.784 0. 0. -1. 0.
-0.999 0.050 0. 12.842 0.050 0.999 0. 0.938 0. 0. -1. 0.
-0.999 0.050 0. 10.627 0.050 0.999 0. 1.052 0. 0. -1. 0.
-0.999 0.053 0. 8.499 0.053 0.999 0. 1.203 0. 0. -1. 0.
-0.999 0.046 0. 6.337 0.046 0.999 0. 1.318 0. 0. -1. 0.
-0.999 0.052 0. 4.096 0.052 0.999 0. 1.445 0. 0. -1. 0.
-0.999 0.055 0. 1.899 0.055 0.999 0. 1.483 0. 0. -1. 0.
-0.998 0.057 0. -0.265 0.057 0.998 0. 1.685 0. 0. -1. 0.
-0.999 0.051 0. -2.460 0.051 0.999 0. 1.927 0. 0. -1. 0.
-0.999 0.046 0. -4.620 0.046 0.999 0. 2.083 0. 0. -1. 0.
-0.999 0.040 0. -6.845 0.040 0.999 0. 2.202 0. 0. -1. 0.
-0.999 0.035 0. -9.117 0.035 0.999 0. 2.259 0. 0. -1. 0.
-0.999 0.038 0. -11.154 0.038 0.999 0. 2.371 0. 0. -1. 0.
-1.000 0.031 0. -13.386 0.031 1.000 0. 2.410 0. 0. -1. 0.
-0.999 0.033 0. -15.582 0.033 0.999 0. 2.566 0. 0. -1. 0.
-1.000 0.023 0. -17.695 0.023 1.000 0. 2.644 0. 0. -1. 0.
-1.000 0.019 0. -20.024 0.019 1.000 0. 2.745 0. 0. -1. 0.
-1.000 0.018 0. -22.112 0.018 1.000 0. 2.724 0. 0. -1. 0.
-1.000 0.020 0. -24.357 0.020 1.000 0. 2.776 0. 0. -1. 0.
-1.000 0.017 0. -26.536 0.017 1.000 0. 3.009 0. 0. -1. 0.
-1. 0.010 0. -28.746 0.010 1. 0. 3.032 0. 0. -1. 0.
-1. 0.010 0. -30.964 0.010 1. 0. 2.901 0. 0. -1. 0.
-1. 0.003 0. -33.186 0.003 1. 0. 3.052 0. 0. -1. 0.
-1. -0.001 -0. -35.520 -0.001 1. 0. 3.069 0. 0. -1. 0.
-1. 0.001 0. -37.485 0.001 1. 0. 2.937 0. 0. -1. 0.
-1. -0.007 -0. -39.733 -0.007 1. 0. 2.940 0. 0. -1. 0.
-1. 0.000 0. -41.796 0.000 1. 0. 3.026 0. 0. -1. 0.
-1. -0.003 -0. -43.930 -0.003 1. 0. 3.036 0. 0. -1. 0.
-1. -0.003 -0. -46.021 -0.003 1. 0. 3.099 0. 0. -1. 0.
-1. -0.007 -0. -48.051 -0.007 1. 0. 3.134 0. 0. -1. 0.
-1. -0.009 -0. -50.055 -0.009 1. 0. 3.185 0. 0. -1. 0.
-1. -0.006 -0. -51.910 -0.006 1. 0. 3.049 0. 0. -1. 0.
-1. 0.006 0. -53.914 0.006 1. 0. 3.267 0. 0. -1. 0.
-1. 0.005 0. -55.683 0.005 1. 0. 3.055 0. 0. -1. 0.
-0.999 0.037 0. -57.400 0.037 0.999 0. 3.337 0. 0. -1. 0.
-0.999 0.049 0. -58.958 0.049 0.999 0. 3.304 0. 0. -1. 0.
-0.996 0.091 0. -60.607 0.091 0.996 0. 3.667 0. 0. -1. 0.
-0.992 0.124 0. -61.933 0.124 0.992 0. 3.753 0. 0. -1. 0.
-0.983 0.181 0. -63.285 0.181 0.983 0. 4.113 0. 0. -1. 0.
-0.969 0.246 0. -64.483 0.246 0.969 0. 4.339 0. 0. -1. 0.
-0.951 0.308 0. -65.577 0.308 0.951 0. 4.719 0. 0. -1. 0.
-0.925 0.380 0. -66.639 0.380 0.925 0. 5.163 0. 0. -1. 0.
-0.888 0.461 0. -67.546 0.461 0.888 0. 5.781 0. 0. -1. 0.
-0.829 0.559 0. -68.499 0.559 0.829 0. 6.413 0. 0. -1. 0.
-0.759 0.651 0. -69.314 0.651 0.759 0. 7.023 0. 0. -1. 0.
-0.678 0.735 0. -69.966 0.735 0.678 0. 7.843 0. 0. -1. 0.
-0.581 0.814 0. -70.491 0.814 0.581 0. 8.724 0. 0. -1. 0.
-0.499 0.867 0. -70.792 0.867 0.499 0. 9.573 0. 0. -1. 0.
-0.412 0.911 0. -71.271 0.911 0.412 0. 10.636 0. 0. -1. 0.
-0.322 0.947 0. -71.736 0.947 0.322 0. 11.480 0. 0. -1. 0.
-0.241 0.971 0. -71.870 0.971 0.241 0. 12.529 0. 0. -1. 0.
-0.166 0.986 0. -72.096 0.986 0.166 0. 13.658 0. 0. -1. 0.
-0.109 0.994 0. -72.186 0.994 0.109 0. 14.779 0. 0. -1. 0.
-0.076 0.997 0. -72.142 0.997 0.076 0. 16.240 0. 0. -1. 0.
-0.050 0.999 0. -72.277 0.999 0.050 0. 17.485 0. 0. -1. 0.
-0.040 0.999 0. -72.307 0.999 0.040 0. 18.935 0. 0. -1. 0.
-0.033 0.999 0. -72.378 0.999 0.033 0. 20.398 0. 0. -1. 0.
-0.034 0.999 0. -72.197 0.999 0.034 0. 22.015 0. 0. -1. 0.
-0.020 1.000 0. -72.256 1.000 0.020 0. 23.624 0. 0. -1. 0.
-0.018 1.000 0. -72.214 1.000 0.018 0. 25.315 0. 0. -1. 0.
-0.004 1. 0. -72.132 1. 0.004 0. 27.009 0. 0. -1. 0.
-0.001 1. 0. -72.165 1. 0.001 0. 28.680 0. 0. -1. 0.
0.014 1.000 0. -72.098 1.000 -0.014 -0. 30.394 0. 0. -1. 0.
0.027 1.000 0. -72.135 1.000 -0.027 -0. 32.090 0. 0. -1. 0.
0.053 0.999 0. -71.935 0.999 -0.053 -0. 33.951 0. 0. -1. 0.
0.078 0.997 0. -71.841 0.997 -0.078 -0. 35.767 0. 0. -1. 0.
0.109 0.994 0. -71.584 0.994 -0.109 -0. 37.602 0. 0. -1. 0.
0.138 0.990 0. -71.340 0.990 -0.138 -0. 39.447 0. 0. -1. 0.
0.160 0.987 0. -70.954 0.987 -0.160 -0. 41.244 0. 0. -1. 0.
0.176 0.984 0. -70.510 0.984 -0.176 -0. 43.131 0. 0. -1. 0.
0.176 0.984 0. -70.172 0.984 -0.176 -0. 44.982 0. 0. -1. 0.
0.178 0.984 0. -69.730 0.984 -0.178 -0. 47.126 0. 0. -1. 0.
0.173 0.985 0. -69.375 0.985 -0.173 -0. 48.986 0. 0. -1. 0.
0.154 0.988 0. -69.020 0.988 -0.154 -0. 50.808 0. 0. -1. 0.
0.124 0.992 0. -68.708 0.992 -0.124 -0. 52.791 0. 0. -1. 0.
0.098 0.995 0. -68.493 0.995 -0.098 -0. 54.960 0. 0. -1. 0.
0.079 0.997 0. -68.225 0.997 -0.079 -0. 57.029 0. 0. -1. 0.
0.055 0.998 0. -68.121 0.998 -0.055 -0. 59.030 0. 0. -1. 0.
0.031 1.000 0. -67.980 1.000 -0.031 -0. 61.081 0. 0. -1. 0.
0.012 1. 0. -67.924 1. -0.012 -0. 63.049 0. 0. -1. 0.
-0.001 1. 0. -67.869 1. 0.001 0. 65.151 0. 0. -1. 0.
-0.006 1. 0. -67.893 1. 0.006 0. 67.148 0. 0. -1. 0.
-0.002 1. 0. -67.824 1. 0.002 0. 69.081 0. 0. -1. 0.
-0.004 1. 0. -67.776 1. 0.004 0. 71.089 0. 0. -1. 0.
-0.004 1. 0. -67.749 1. 0.004 0. 73.037 0. 0. -1. 0.
-0.008 1. 0. -67.756 1. 0.008 0. 74.934 0. 0. -1. 0.
-0.009 1. 0. -67.735 1. 0.009 0. 76.795 0. 0. -1. 0.
-0.010 1. 0. -67.798 1. 0.010 0. 78.634 0. 0. -1. 0.
-0.025 1.000 0. -67.833 1.000 0.025 0. 80.324 0. 0. -1. 0.
-0.053 0.999 0. -67.839 0.999 0.053 0. 81.992 0. 0. -1. 0.
-0.092 0.996 0. -67.944 0.996 0.092 0. 83.674 0. 0. -1. 0.
-0.141 0.990 0. -68.093 0.990 0.141 0. 85.203 0. 0. -1. 0.
-0.212 0.977 0. -68.327 0.977 0.212 0. 86.704 0. 0. -1. 0.
-0.287 0.958 0. -68.818 0.958 0.287 0. 88.184 0. 0. -1. 0.
-0.374 0.928 0. -69.234 0.928 0.374 0. 89.632 0. 0. -1. 0.
-0.459 0.888 0. -69.804 0.888 0.459 0. 90.901 0. 0. -1. 0.
-0.535 0.845 0. -70.525 0.845 0.535 0. 92.172 0. 0. -1. 0.
-0.608 0.794 0. -71.454 0.794 0.608 0. 93.273 0. 0. -1. 0.
-0.684 0.729 0. -72.456 0.729 0.684 0. 94.342 0. 0. -1. 0.
-0.758 0.652 0. -73.463 0.652 0.758 0. 95.246 0. 0. -1. 0.
-0.815 0.580 0. -74.678 0.580 0.815 0. 96.157 0. 0. -1. 0.
-0.867 0.499 0. -75.758 0.499 0.867 0. 96.867 0. 0. -1. 0.
-0.904 0.427 0. -77.004 0.427 0.904 0. 97.282 0. 0. -1. 0.
-0.933 0.359 0. -78.246 0.359 0.933 0. 97.781 0. 0. -1. 0.
-0.955 0.298 0. -79.528 0.298 0.955 0. 98.227 0. 0. -1. 0.
-0.969 0.248 0. -80.779 0.248 0.969 0. 98.540 0. 0. -1. 0.
-0.976 0.218 0. -82.180 0.218 0.976 0. 98.847 0. 0. -1. 0.
-0.980 0.198 0. -83.442 0.198 0.980 0. 99.116 0. 0. -1. 0.
-0.981 0.193 0. -84.963 0.193 0.981 0. 99.394 0. 0. -1. 0.
-0.979 0.202 0. -86.315 0.202 0.979 0. 99.657 0. 0. -1. 0.
-0.975 0.222 0. -87.648 0.222 0.975 0. 99.977 0. 0. -1. 0.
-0.970 0.244 0. -89.025 0.244 0.970 0. 100.397 0. 0. -1. 0.
-0.962 0.273 0. -90.566 0.273 0.962 0. 100.853 0. 0. -1. 0.
-0.949 0.316 0. -92.000 0.316 0.949 0. 101.266 0. 0. -1. 0.
-0.931 0.365 0. -93.390 0.365 0.931 0. 101.934 0. 0. -1. 0.
-0.908 0.419 0. -94.759 0.419 0.908 0. 102.655 0. 0. -1. 0.
-0.881 0.473 0. -96.092 0.473 0.881 0. 103.493 0. 0. -1. 0.
-0.855 0.519 0. -97.410 0.519 0.855 0. 104.367 0. 0. -1. 0.
-0.828 0.561 0. -98.742 0.561 0.828 0. 105.252 0. 0. -1. 0.
-0.807 0.590 0. -100.022 0.590 0.807 0. 106.310 0. 0. -1. 0.
-0.791 0.612 0. -101.433 0.612 0.791 0. 107.323 0. 0. -1. 0.
-0.774 0.634 0. -102.758 0.634 0.774 0. 108.467 0. 0. -1. 0.
-0.762 0.647 0. -104.303 0.647 0.762 0. 109.501 0. 0. -1. 0.
-0.752 0.659 0. -105.491 0.659 0.752 0. 110.982 0. 0. -1. 0.
-0.749 0.663 0. -107.018 0.663 0.749 0. 112.063 0. 0. -1. 0.
-0.741 0.671 0. -108.333 0.671 0.741 0. 113.490 0. 0. -1. 0.
-0.733 0.680 0. -109.856 0.680 0.733 0. 114.624 0. 0. -1. 0.
-0.727 0.686 0. -111.050 0.686 0.727 0. 116.226 0. 0. -1. 0.
-0.721 0.693 0. -112.629 0.693 0.721 0. 117.389 0. 0. -1. 0.
-0.719 0.696 0. -113.946 0.696 0.719 0. 118.809 0. 0. -1. 0.
-0.716 0.698 0. -115.357 0.698 0.716 0. 120.255 0. 0. -1. 0.
-0.712 0.703 0. -116.790 0.703 0.712 0. 121.623 0. 0. -1. 0.
-0.712 0.702 0. -118.174 0.702 0.712 0. 123.019 0. 0. -1. 0.
-0.707 0.707 0. -119.472 0.707 0.707 0. 124.545 0. 0. -1. 0.
-0.704 0.710 0. -120.939 0.710 0.704 0. 125.865 0. 0. -1. 0.
-0.703 0.711 0. -122.270 0.711 0.703 0. 127.345 0. 0. -1. 0.
-0.707 0.707 0. -123.677 0.707 0.707 0. 128.721 0. 0. -1. 0.
-0.708 0.706 0. -125.072 0.706 0.708 0. 130.327 0. 0. -1. 0.
-0.707 0.707 0. -126.523 0.707 0.707 0. 131.674 0. 0. -1. 0.
-0.705 0.710 0. -127.904 0.710 0.705 0. 133.182 0. 0. -1. 0.
-0.706 0.708 0. -129.363 0.708 0.706 0. 134.643 0. 0. -1. 0.
-0.708 0.706 0. -130.743 0.706 0.708 0. 136.178 0. 0. -1. 0.
-0.707 0.707 0. -132.243 0.707 0.707 0. 137.638 0. 0. -1. 0.
-0.708 0.706 0. -133.595 0.706 0.708 0. 139.205 0. 0. -1. 0.
-0.707 0.707 0. -135.045 0.707 0.707 0. 140.690 0. 0. -1. 0.
-0.708 0.706 0. -136.447 0.706 0.708 0. 142.228 0. 0. -1. 0.
-0.703 0.711 0. -137.983 0.711 0.703 0. 143.739 0. 0. -1. 0.
-0.700 0.714 0. -139.403 0.714 0.700 0. 145.327 0. 0. -1. 0.
-0.699 0.715 0. -140.818 0.715 0.699 0. 146.872 0. 0. -1. 0.
-0.692 0.722 0. -142.361 0.722 0.692 0. 148.520 0. 0. -1. 0.
-0.687 0.727 0. -143.775 0.727 0.687 0. 150.098 0. 0. -1. 0.
-0.676 0.736 0. -145.331 0.736 0.676 0. 151.760 0. 0. -1. 0.
-0.668 0.744 0. -146.770 0.744 0.668 0. 153.533 0. 0. -1. 0.
-0.659 0.752 0. -148.343 0.752 0.659 0. 155.242 0. 0. -1. 0.
-0.640 0.768 0. -149.798 0.768 0.640 0. 157.074 0. 0. -1. 0.
-0.624 0.781 0. -151.186 0.781 0.624 0. 158.833 0. 0. -1. 0.
-0.604 0.797 0. -152.551 0.797 0.604 0. 160.708 0. 0. -1. 0.
-0.580 0.815 0. -153.834 0.815 0.580 0. 162.593 0. 0. -1. 0.
-0.557 0.831 0. -154.955 0.831 0.557 0. 164.613 0. 0. -1. 0.
-0.527 0.850 0. -156.328 0.850 0.527 0. 166.509 0. 0. -1. 0.
-0.491 0.871 0. -157.497 0.871 0.491 0. 168.561 0. 0. -1. 0.
-0.451 0.893 0. -158.602 0.893 0.451 0. 170.599 0. 0. -1. 0.
-0.413 0.911 0. -159.177 0.911 0.413 0. 172.882 0. 0. -1. 0.
-0.376 0.927 0. -160.330 0.927 0.376 0. 174.914 0. 0. -1. 0.
-0.333 0.943 0. -161.058 0.943 0.333 0. 177.160 0. 0. -1. 0.
-0.289 0.957 0. -161.585 0.957 0.289 0. 179.419 0. 0. -1. 0.
-0.251 0.968 0. -162.087 0.968 0.251 0. 181.735 0. 0. -1. 0.
-0.216 0.976 0. -162.587 0.976 0.216 0. 184.034 0. 0. -1. 0.
-0.190 0.982 0. -163.244 0.982 0.190 0. 186.314 0. 0. -1. 0.
-0.174 0.985 0. -163.357 0.985 0.174 0. 188.714 0. 0. -1. 0.
-0.156 0.988 0. -163.683 0.988 0.156 0. 191.082 0. 0. -1. 0.
-0.148 0.989 0. -163.947 0.989 0.148 0. 193.468 0. 0. -1. 0.
-0.143 0.990 0. -164.325 0.990 0.143 0. 195.865 0. 0. -1. 0.
-0.140 0.990 0. -164.593 0.990 0.140 0. 198.231 0. 0. -1. 0.
-0.141 0.990 0. -164.782 0.990 0.141 0. 200.643 0. 0. -1. 0.
-0.139 0.990 0. -165.130 0.990 0.139 0. 202.938 0. 0. -1. 0.
-0.138 0.990 0. -165.422 0.990 0.138 0. 205.250 0. 0. -1. 0.
-0.149 0.989 0. -165.673 0.989 0.149 0. 207.559 0. 0. -1. 0.
-0.163 0.987 0. -166.016 0.987 0.163 0. 209.828 0. 0. -1. 0.
-0.178 0.984 0. -166.446 0.984 0.178 0. 212.062 0. 0. -1. 0.
-0.205 0.979 0. -166.737 0.979 0.205 0. 214.273 0. 0. -1. 0.
-0.233 0.973 0. -167.281 0.973 0.233 0. 216.326 0. 0. -1. 0.
-0.276 0.961 0. -167.647 0.961 0.276 0. 218.489 0. 0. -1. 0.
-0.321 0.947 0. -168.251 0.947 0.321 0. 220.481 0. 0. -1. 0.
-0.371 0.929 0. -169.163 0.929 0.371 0. 222.415 0. 0. -1. 0.
-0.433 0.901 0. -169.845 0.901 0.433 0. 224.351 0. 0. -1. 0.
-0.495 0.869 0. -170.904 0.869 0.495 0. 226.126 0. 0. -1. 0.
-0.558 0.830 0. -171.877 0.830 0.558 0. 227.794 0. 0. -1. 0.
-0.615 0.789 0. -173.178 0.789 0.615 0. 229.394 0. 0. -1. 0.
-0.674 0.739 0. -174.401 0.739 0.674 0. 230.882 0. 0. -1. 0.
-0.729 0.684 0. -175.903 0.684 0.729 0. 232.286 0. 0. -1. 0.
-0.779 0.626 0. -177.420 0.626 0.779 0. 233.526 0. 0. -1. 0.
-0.827 0.563 0. -179.245 0.563 0.827 0. 234.591 0. 0. -1. 0.
-0.867 0.498 0. -180.922 0.498 0.867 0. 235.689 0. 0. -1. 0.
-0.901 0.433 0. -182.757 0.433 0.901 0. 236.598 0. 0. -1. 0.
-0.923 0.384 0. -184.540 0.384 0.923 0. 237.409 0. 0. -1. 0.
-0.937 0.349 0. -186.410 0.349 0.937 0. 238.245 0. 0. -1. 0.
-0.949 0.314 0. -188.290 0.314 0.949 0. 239.065 0. 0. -1. 0.
-0.956 0.293 0. -190.327 0.293 0.956 0. 239.755 0. 0. -1. 0.
-0.960 0.281 0. -192.455 0.281 0.960 0. 240.326 0. 0. -1. 0.
-0.961 0.276 0. -194.432 0.276 0.961 0. 241.010 0. 0. -1. 0.
-0.963 0.271 0. -196.616 0.271 0.963 0. 241.614 0. 0. -1. 0.
-0.963 0.270 0. -198.711 0.270 0.963 0. 242.260 0. 0. -1. 0.
-0.965 0.263 0. -200.867 0.263 0.965 0. 242.952 0. 0. -1. 0.
-0.964 0.264 0. -203.238 0.264 0.964 0. 243.568 0. 0. -1. 0.
-0.963 0.270 0. -205.312 0.270 0.963 0. 244.199 0. 0. -1. 0.
-0.962 0.272 0. -207.426 0.272 0.962 0. 244.809 0. 0. -1. 0.
-0.964 0.267 0. -209.631 0.267 0.964 0. 245.437 0. 0. -1. 0.
-0.965 0.262 0. -211.776 0.262 0.965 0. 246.067 0. 0. -1. 0.
-0.967 0.254 0. -213.961 0.254 0.967 0. 246.615 0. 0. -1. 0.
-0.968 0.250 0. -216.157 0.250 0.968 0. 247.307 0. 0. -1. 0.
-0.967 0.256 0. -218.137 0.256 0.967 0. 247.882 0. 0. -1. 0.
-0.967 0.253 0. -220.089 0.253 0.967 0. 248.338 0. 0. -1. 0.
-0.967 0.255 0. -222.110 0.255 0.967 0. 248.868 0. 0. -1. 0.
-0.966 0.257 0. -224.059 0.257 0.966 0. 249.420 0. 0. -1. 0.
-0.964 0.267 0. -225.896 0.267 0.964 0. 249.995 0. 0. -1. 0.
-0.962 0.274 0. -227.654 0.274 0.962 0. 250.486 0. 0. -1. 0.
-0.959 0.283 0. -229.514 0.283 0.959 0. 251.058 0. 0. -1. 0.
-0.956 0.295 0. -231.159 0.295 0.956 0. 251.586 0. 0. -1. 0.
-0.951 0.309 0. -232.799 0.309 0.951 0. 252.159 0. 0. -1. 0.
-0.944 0.331 0. -234.457 0.331 0.944 0. 252.689 0. 0. -1. 0.
-0.934 0.357 0. -235.807 0.357 0.934 0. 253.422 0. 0. -1. 0.
-0.921 0.391 0. -237.229 0.391 0.921 0. 253.930 0. 0. -1. 0.
-0.907 0.421 0. -238.522 0.421 0.907 0. 254.647 0. 0. -1. 0.
-0.898 0.439 0. -239.774 0.439 0.898 0. 255.303 0. 0. -1. 0.
-0.892 0.451 0. -241.074 0.451 0.892 0. 255.961 0. 0. -1. 0.
-0.893 0.450 0. -242.383 0.450 0.893 0. 256.594 0. 0. -1. 0.
-0.898 0.441 0. -243.645 0.441 0.898 0. 257.266 0. 0. -1. 0.
-0.901 0.433 0. -244.963 0.433 0.901 0. 257.985 0. 0. -1. 0.
-0.904 0.428 0. -246.181 0.428 0.904 0. 258.541 0. 0. -1. 0.
-0.908 0.418 0. -247.389 0.418 0.908 0. 259.167 0. 0. -1. 0.
-0.913 0.407 0. -248.392 0.407 0.913 0. 259.602 0. 0. -1. 0.
-0.915 0.403 0. -249.685 0.403 0.915 0. 260.275 0. 0. -1. 0.
-0.917 0.400 0. -250.550 0.400 0.917 0. 260.760 0. 0. -1. 0.
-0.917 0.398 0. -251.589 0.398 0.917 0. 261.241 0. 0. -1. 0.
-0.918 0.398 0. -252.427 0.398 0.918 0. 261.481 0. 0. -1. 0.
-0.915 0.403 0. -253.347 0.403 0.915 0. 261.960 0. 0. -1. 0.
-0.909 0.416 0. -254.295 0.416 0.909 0. 262.442 0. 0. -1. 0.
-0.899 0.438 0. -255.048 0.438 0.899 0. 262.867 0. 0. -1. 0.
-0.885 0.467 0. -255.892 0.467 0.885 0. 263.290 0. 0. -1. 0.
-0.867 0.498 0. -256.516 0.498 0.867 0. 263.701 0. 0. -1. 0.
-0.845 0.535 0. -257.325 0.535 0.845 0. 264.158 0. 0. -1. 0.
-0.816 0.577 0. -257.970 0.577 0.816 0. 264.654 0. 0. -1. 0.
-0.780 0.625 0. -258.636 0.625 0.780 0. 265.107 0. 0. -1. 0.
-0.736 0.677 0. -259.147 0.677 0.736 0. 265.689 0. 0. -1. 0.
-0.676 0.737 0. -259.611 0.737 0.676 0. 266.383 0. 0. -1. 0.
-0.616 0.788 0. -260.094 0.788 0.616 0. 266.846 0. 0. -1. 0.
-0.548 0.837 0. -260.452 0.837 0.548 0. 267.651 0. 0. -1. 0.
-0.471 0.882 0. -260.792 0.882 0.471 0. 268.472 0. 0. -1. 0.
-0.365 0.931 0. -261.109 0.931 0.365 0. 269.467 0. 0. -1. 0.
-0.261 0.965 0. -261.264 0.965 0.261 0. 270.389 0. 0. -1. 0.
-0.161 0.987 0. -261.394 0.987 0.161 0. 271.465 0. 0. -1. 0.
-0.081 0.997 0. -261.517 0.997 0.081 0. 272.679 0. 0. -1. 0.
-0.006 1. 0. -261.552 1. 0.006 0. 274.017 0. 0. -1. 0.
0.051 0.999 0. -261.285 0.999 -0.051 -0. 275.340 0. 0. -1. 0.
0.089 0.996 0. -261.199 0.996 -0.089 -0. 276.947 0. 0. -1. 0.
0.114 0.994 0. -260.926 0.994 -0.114 -0. 278.562 0. 0. -1. 0.
0.137 0.991 0. -260.713 0.991 -0.137 -0. 280.299 0. 0. -1. 0.
0.163 0.987 0. -260.390 0.987 -0.163 -0. 282.040 0. 0. -1. 0.
0.180 0.984 0. -259.912 0.984 -0.180 -0. 283.944 0. 0. -1. 0.
0.194 0.981 0. -259.472 0.981 -0.194 -0. 286.026 0. 0. -1. 0.
0.203 0.979 0. -259.113 0.979 -0.203 -0. 287.985 0. 0. -1. 0.
0.215 0.977 0. -258.673 0.977 -0.215 -0. 289.956 0. 0. -1. 0.
0.219 0.976 0. -258.147 0.976 -0.219 -0. 291.977 0. 0. -1. 0.
0.221 0.975 0. -257.614 0.975 -0.221 -0. 294.239 0. 0. -1. 0.
0.229 0.973 0. -256.994 0.973 -0.229 -0. 296.390 0. 0. -1. 0.
0.231 0.973 0. -256.428 0.973 -0.231 -0. 298.646 0. 0. -1. 0.
0.230 0.973 0. -255.824 0.973 -0.230 -0. 301.012 0. 0. -1. 0.
0.227 0.974 0. -255.237 0.974 -0.227 -0. 303.388 0. 0. -1. 0.
0.230 0.973 0. -254.603 0.973 -0.230 -0. 305.925 0. 0. -1. 0.
0.233 0.972 0. -253.914 0.972 -0.233 -0. 308.362 0. 0. -1. 0.
0.239 0.971 0. -253.333 0.971 -0.239 -0. 310.932 0. 0. -1. 0.
0.241 0.971 0. -252.601 0.971 -0.241 -0. 313.603 0. 0. -1. 0.
0.239 0.971 0. -251.813 0.971 -0.239 -0. 316.348 0. 0. -1. 0.
0.240 0.971 0. -251.048 0.971 -0.240 -0. 319.073 0. 0. -1. 0.
0.248 0.969 0. -250.411 0.969 -0.248 -0. 321.818 0. 0. -1. 0.
0.248 0.969 0. -249.622 0.969 -0.248 -0. 324.665 0. 0. -1. 0.
0.245 0.969 0. -248.855 0.969 -0.245 -0. 327.567 0. 0. -1. 0.
0.246 0.969 0. -248.044 0.969 -0.246 -0. 330.569 0. 0. -1. 0.
0.243 0.970 0. -247.077 0.970 -0.243 -0. 333.584 0. 0. -1. 0.
0.249 0.969 0. -246.421 0.969 -0.249 -0. 336.756 0. 0. -1. 0.
0.248 0.969 0. -245.448 0.969 -0.248 -0. 339.693 0. 0. -1. 0.
0.246 0.969 0. -244.700 0.969 -0.246 -0. 342.906 0. 0. -1. 0.
0.245 0.970 0. -243.812 0.970 -0.245 -0. 345.990 0. 0. -1. 0.
0.241 0.971 0. -242.890 0.971 -0.241 -0. 349.242 0. 0. -1. 0.
0.241 0.971 0. -241.939 0.971 -0.241 -0. 352.484 0. 0. -1. 0.
0.241 0.970 0. -241.422 0.970 -0.241 -0. 355.792 0. 0. -1. 0.
0.238 0.971 0. -240.331 0.971 -0.238 -0. 359.148 0. 0. -1. 0.
0.237 0.971 0. -239.487 0.971 -0.237 -0. 362.427 0. 0. -1. 0.
0.238 0.971 0. -238.553 0.971 -0.238 -0. 365.777 0. 0. -1. 0.
0.238 0.971 0. -237.769 0.971 -0.238 -0. 369.160 0. 0. -1. 0.
0.238 0.971 0. -236.883 0.971 -0.238 -0. 372.534 0. 0. -1. 0.
0.239 0.971 0. -235.958 0.971 -0.239 -0. 376.032 0. 0. -1. 0.
0.247 0.969 0. -235.104 0.969 -0.247 -0. 379.398 0. 0. -1. 0.
0.241 0.971 0. -234.012 0.971 -0.241 -0. 382.845 0. 0. -1. 0.
0.242 0.970 0. -233.196 0.970 -0.242 -0. 386.291 0. 0. -1. 0.
0.237 0.972 0. -232.212 0.972 -0.237 -0. 389.794 0. 0. -1. 0.
0.236 0.972 0. -231.326 0.972 -0.236 -0. 393.289 0. 0. -1. 0.
0.243 0.970 0. -230.448 0.970 -0.243 -0. 396.768 0. 0. -1. 0.
0.236 0.972 0. -229.487 0.972 -0.236 -0. 400.219 0. 0. -1. 0.
0.230 0.973 0. -228.627 0.973 -0.230 -0. 403.687 0. 0. -1. 0.
0.231 0.973 0. -227.898 0.973 -0.231 -0. 407.190 0. 0. -1. 0.
0.232 0.973 0. -227.005 0.973 -0.232 -0. 410.364 0. 0. -1. 0.
0.233 0.972 0. -226.164 0.972 -0.233 -0. 413.541 0. 0. -1. 0.
0.228 0.974 0. -225.388 0.974 -0.228 -0. 416.604 0. 0. -1. 0.
0.229 0.973 0. -224.551 0.973 -0.229 -0. 419.643 0. 0. -1. 0.
0.232 0.973 0. -223.893 0.973 -0.232 -0. 422.539 0. 0. -1. 0.
0.232 0.973 0. -223.123 0.973 -0.232 -0. 425.391 0. 0. -1. 0.
0.228 0.974 0. -222.417 0.974 -0.228 -0. 428.159 0. 0. -1. 0.
0.226 0.974 0. -221.734 0.974 -0.226 -0. 430.889 0. 0. -1. 0.
0.225 0.974 0. -221.026 0.974 -0.225 -0. 433.407 0. 0. -1. 0.
0.233 0.972 0. -220.462 0.972 -0.233 -0. 436.053 0. 0. -1. 0.
0.234 0.972 0. -219.861 0.972 -0.234 -0. 438.453 0. 0. -1. 0.
0.234 0.972 0. -219.246 0.972 -0.234 -0. 440.776 0. 0. -1. 0.
0.233 0.972 0. -218.579 0.972 -0.233 -0. 443.037 0. 0. -1. 0.
0.235 0.972 0. -217.999 0.972 -0.235 -0. 445.115 0. 0. -1. 0.
0.232 0.973 0. -217.353 0.973 -0.232 -0. 447.197 0. 0. -1. 0.
0.237 0.971 0. -216.921 0.971 -0.237 -0. 449.119 0. 0. -1. 0.
0.236 0.972 0. -216.388 0.972 -0.236 -0. 450.904 0. 0. -1. 0.
0.233 0.972 0. -216.020 0.972 -0.233 -0. 452.637 0. 0. -1. 0.
0.227 0.974 0. -215.608 0.974 -0.227 -0. 454.247 0. 0. -1. 0.
0.234 0.972 0. -215.252 0.972 -0.234 -0. 455.743 0. 0. -1. 0.
0.230 0.973 0. -214.857 0.973 -0.230 -0. 457.070 0. 0. -1. 0.
0.222 0.975 0. -214.582 0.975 -0.222 -0. 458.400 0. 0. -1. 0.
0.230 0.973 0. -214.298 0.973 -0.230 -0. 459.592 0. 0. -1. 0.
0.234 0.972 0. -214.006 0.972 -0.234 -0. 460.589 0. 0. -1. 0.
0.229 0.973 0. -213.730 0.973 -0.229 -0. 461.557 0. 0. -1. 0.
0.231 0.973 0. -213.548 0.973 -0.231 -0. 462.485 0. 0. -1. 0.
0.231 0.973 0. -213.425 0.973 -0.231 -0. 463.307 0. 0. -1. 0.
0.230 0.973 0. -213.115 0.973 -0.230 -0. 463.997 0. 0. -1. 0.
0.233 0.973 0. -212.963 0.973 -0.233 -0. 464.654 0. 0. -1. 0.
0.234 0.972 0. -212.829 0.972 -0.234 -0. 465.279 0. 0. -1. 0.
0.234 0.972 0. -212.649 0.972 -0.234 -0. 465.771 0. 0. -1. 0.
0.240 0.971 0. -212.592 0.971 -0.240 -0. 466.326 0. 0. -1. 0.
0.237 0.971 0. -212.469 0.971 -0.237 -0. 466.791 0. 0. -1. 0.
0.240 0.971 0. -212.319 0.971 -0.240 -0. 467.446 0. 0. -1. 0.
0.236 0.972 0. -212.248 0.972 -0.236 -0. 467.773 0. 0. -1. 0.
0.240 0.971 0. -212.035 0.971 -0.240 -0. 468.285 0. 0. -1. 0.
0.241 0.971 0. -212.005 0.971 -0.241 -0. 468.568 0. 0. -1. 0.
0.239 0.971 0. -211.798 0.971 -0.239 -0. 468.970 0. 0. -1. 0.
0.242 0.970 0. -211.755 0.970 -0.242 -0. 469.297 0. 0. -1. 0.
0.242 0.970 0. -211.674 0.970 -0.242 -0. 469.514 0. 0. -1. 0.
0.245 0.969 0. -211.643 0.969 -0.245 -0. 469.760 0. 0. -1. 0.
0.243 0.970 0. -211.615 0.970 -0.243 -0. 469.982 0. 0. -1. 0.
0.242 0.970 0. -211.541 0.970 -0.242 -0. 470.195 0. 0. -1. 0.
0.243 0.970 0. -211.433 0.970 -0.243 -0. 470.267 0. 0. -1. 0.
0.244 0.970 0. -211.492 0.970 -0.244 -0. 470.449 0. 0. -1. 0.
0.241 0.970 0. -211.423 0.970 -0.241 -0. 470.452 0. 0. -1. 0.
0.240 0.971 0. -211.405 0.971 -0.240 -0. 470.501 0. 0. -1. 0.
0.239 0.971 0. -211.455 0.971 -0.239 -0. 470.580 0. 0. -1. 0.
0.241 0.970 0. -211.379 0.970 -0.241 -0. 470.666 0. 0. -1. 0.
0.243 0.970 0. -211.442 0.970 -0.243 -0. 470.549 0. 0. -1. 0.
0.242 0.970 0. -211.375 0.970 -0.242 -0. 470.672 0. 0. -1. 0.
0.245 0.970 0. -211.432 0.970 -0.245 -0. 470.563 0. 0. -1. 0.
0.244 0.970 0. -211.429 0.970 -0.244 -0. 470.532 0. 0. -1. 0.
0.241 0.970 0. -211.427 0.970 -0.241 -0. 470.584 0. 0. -1. 0.
0.242 0.970 0. -211.449 0.970 -0.242 -0. 470.591 0. 0. -1. 0.
0.241 0.970 0. -211.432 0.970 -0.241 -0. 470.565 0. 0. -1. 0.
0.244 0.970 0. -211.434 0.970 -0.244 -0. 470.603 0. 0. -1. 0.
0.243 0.970 0. -211.379 0.970 -0.243 -0. 470.582 0. 0. -1. 0.
0.248 0.969 0. -211.440 0.969 -0.248 -0. 470.596 0. 0. -1. 0.
0.248 0.969 0. -211.450 0.969 -0.248 -0. 470.542 0. 0. -1. 0.
0.245 0.969 0. -211.436 0.969 -0.245 -0. 470.570 0. 0. -1. 0.
0.243 0.970 0. -211.377 0.970 -0.243 -0. 470.660 0. 0. -1. 0.
0.246 0.969 0. -211.421 0.969 -0.246 -0. 470.583 0. 0. -1. 0.
0.242 0.970 0. -211.433 0.970 -0.242 -0. 470.534 0. 0. -1. 0.
0.241 0.971 0. -211.421 0.971 -0.241 -0. 470.623 0. 0. -1. 0.
0.239 0.971 0. -211.392 0.971 -0.239 -0. 470.508 0. 0. -1. 0.
0.241 0.971 0. -211.461 0.971 -0.241 -0. 470.552 0. 0. -1. 0.
0.245 0.970 0. -211.439 0.970 -0.245 -0. 470.616 0. 0. -1. 0.
0.240 0.971 0. -211.401 0.971 -0.240 -0. 470.555 0. 0. -1. 0.
0.241 0.970 0. -211.379 0.970 -0.241 -0. 470.628 0. 0. -1. 0.
0.243 0.970 0. -211.347 0.970 -0.243 -0. 470.632 0. 0. -1. 0.
0.242 0.970 0. -211.309 0.970 -0.242 -0. 470.614 0. 0. -1. 0.
0.242 0.970 0. -211.339 0.970 -0.242 -0. 470.622 0. 0. -1. 0.
0.247 0.969 0. -211.456 0.969 -0.247 -0. 470.533 0. 0. -1. 0.
0.247 0.969 0. -211.459 0.969 -0.247 -0. 470.575 0. 0. -1. 0.
0.247 0.969 0. -211.450 0.969 -0.247 -0. 470.565 0. 0. -1. 0.
0.242 0.970 0. -211.346 0.970 -0.242 -0. 470.602 0. 0. -1. 0.
0.239 0.971 0. -211.400 0.971 -0.239 -0. 470.618 0. 0. -1. 0.
0.240 0.971 0. -211.367 0.971 -0.240 -0. 470.643 0. 0. -1. 0.
0.242 0.970 0. -211.353 0.970 -0.242 -0. 470.627 0. 0. -1. 0.
0.248 0.969 0. -211.467 0.969 -0.248 -0. 470.560 0. 0. -1. 0.
0.249 0.969 0. -211.453 0.969 -0.249 -0. 470.541 0. 0. -1. 0.
0.245 0.970 0. -211.425 0.970 -0.245 -0. 470.591 0. 0. -1. 0.
0.246 0.969 0. -211.433 0.969 -0.246 -0. 470.608 0. 0. -1. 0.
0.243 0.970 0. -211.437 0.970 -0.243 -0. 470.540 0. 0. -1. 0.
0.242 0.970 0. -211.432 0.970 -0.242 -0. 470.598 0. 0. -1. 0.
0.241 0.970 0. -211.364 0.970 -0.241 -0. 470.659 0. 0. -1. 0.
0.246 0.969 0. -211.444 0.969 -0.246 -0. 470.526 0. 0. -1. 0.
0.241 0.971 0. -211.428 0.971 -0.241 -0. 470.562 0. 0. -1. 0.
0.243 0.970 0. -211.433 0.970 -0.243 -0. 470.658 0. 0. -1. 0.
0.241 0.971 0. -211.390 0.971 -0.241 -0. 470.560 0. 0. -1. 0.
0.239 0.971 0. -211.383 0.971 -0.239 -0. 470.513 0. 0. -1. 0.
0.244 0.970 0. -211.418 0.970 -0.244 -0. 470.616 0. 0. -1. 0.
0.239 0.971 0. -211.393 0.971 -0.239 -0. 470.498 0. 0. -1. 0.
0.240 0.971 0. -211.434 0.971 -0.240 -0. 470.627 0. 0. -1. 0.
0.242 0.970 0. -211.372 0.970 -0.242 -0. 470.666 0. 0. -1. 0.
0.244 0.970 0. -211.431 0.970 -0.244 -0. 470.553 0. 0. -1. 0.
0.239 0.971 0. -211.452 0.971 -0.239 -0. 470.657 0. 0. -1. 0.
0.238 0.971 0. -211.436 0.971 -0.238 -0. 470.646 0. 0. -1. 0.
0.240 0.971 0. -211.336 0.971 -0.240 -0. 470.694 0. 0. -1. 0.
0.241 0.971 0. -211.358 0.971 -0.241 -0. 470.713 0. 0. -1. 0.
0.245 0.970 0. -211.411 0.970 -0.245 -0. 470.654 0. 0. -1. 0.
0.242 0.970 0. -211.398 0.970 -0.242 -0. 470.637 0. 0. -1. 0.
0.241 0.971 0. -211.335 0.971 -0.241 -0. 470.738 0. 0. -1. 0.
0.242 0.970 0. -211.349 0.970 -0.242 -0. 470.798 0. 0. -1. 0.
0.246 0.969 0. -211.414 0.969 -0.246 -0. 470.729 0. 0. -1. 0.
0.243 0.970 0. -211.401 0.970 -0.243 -0. 470.723 0. 0. -1. 0.
0.242 0.970 0. -211.391 0.970 -0.242 -0. 470.802 0. 0. -1. 0.
0.247 0.969 0. -211.409 0.969 -0.247 -0. 470.787 0. 0. -1. 0.
0.245 0.969 0. -211.423 0.969 -0.245 -0. 470.808 0. 0. -1. 0.
0.245 0.969 0. -211.399 0.969 -0.245 -0. 470.782 0. 0. -1. 0.
0.241 0.971 0. -211.394 0.971 -0.241 -0. 470.744 0. 0. -1. 0.
0.242 0.970 0. -211.386 0.970 -0.242 -0. 470.763 0. 0. -1. 0.
0.245 0.969 0. -211.406 0.969 -0.245 -0. 470.688 0. 0. -1. 0.
0.240 0.971 0. -211.396 0.971 -0.240 -0. 470.765 0. 0. -1. 0.
0.243 0.970 0. -211.406 0.970 -0.243 -0. 470.782 0. 0. -1. 0.
0.242 0.970 0. -211.352 0.970 -0.242 -0. 470.710 0. 0. -1. 0.
0.246 0.969 0. -211.362 0.969 -0.246 -0. 470.726 0. 0. -1. 0.
0.242 0.970 0. -211.388 0.970 -0.242 -0. 470.724 0. 0. -1. 0.
0.241 0.971 0. -211.313 0.971 -0.241 -0. 470.898 0. 0. -1. 0.
0.243 0.970 0. -211.247 0.970 -0.243 -0. 471.043 0. 0. -1. 0.
0.242 0.970 0. -211.200 0.970 -0.242 -0. 471.219 0. 0. -1. 0.
0.245 0.969 0. -211.227 0.969 -0.245 -0. 471.419 0. 0. -1. 0.
0.240 0.971 0. -211.075 0.971 -0.240 -0. 471.907 0. 0. -1. 0.
0.238 0.971 0. -210.940 0.971 -0.238 -0. 472.442 0. 0. -1. 0.
0.245 0.969 0. -210.833 0.969 -0.245 -0. 473.091 0. 0. -1. 0.
0.244 0.970 0. -210.596 0.970 -0.244 -0. 473.830 0. 0. -1. 0.
0.246 0.969 0. -210.424 0.969 -0.246 -0. 474.743 0. 0. -1. 0.
