-0.544 -0.839 0. 353166.992 0.839 -0.544 0. 4025845.445 0. 0. 1. 0.
-0.545 -0.839 0. 353166.701 0.839 -0.545 0. 4025845.900 0. 0. 1. 0.
-0.546 -0.838 0. 353166.368 0.838 -0.546 0. 4025846.416 0. 0. 1. 0.
-0.548 -0.837 0. 353165.991 0.837 -0.548 0. 4025846.999 0. 0. 1. 0.
-0.547 -0.837 0. 353165.573 0.837 -0.547 0. 4025847.640 0. 0. 1. 0.
-0.548 -0.837 0. 353165.112 0.837 -0.548 0. 4025848.347 0. 0. 1. 0.
-0.549 -0.836 0. 353164.610 0.836 -0.549 0. 4025849.115 0. 0. 1. 0.
-0.550 -0.835 0. 353164.063 0.835 -0.550 0. 4025849.946 0. 0. 1. 0.
-0.551 -0.835 0. 353163.478 0.835 -0.551 0. 4025850.832 0. 0. 1. 0.
-0.552 -0.834 0. 353162.861 0.834 -0.552 0. 4025851.769 0. 0. 1. 0.
-0.553 -0.833 0. 353162.206 0.833 -0.553 0. 4025852.758 0. 0. 1. 0.
-0.554 -0.833 0. 353161.516 0.833 -0.554 0. 4025853.799 0. 0. 1. 0.
-0.555 -0.832 0. 353160.791 0.832 -0.555 0. 4025854.889 0. 0. 1. 0.
-0.555 -0.832 0. 353160.032 0.832 -0.555 0. 4025856.029 0. 0. 1. 0.
-0.556 -0.831 0. 353159.243 0.831 -0.556 0. 4025857.213 0. 0. 1. 0.
-0.555 -0.832 0. 353158.419 0.832 -0.555 0. 4025858.445 0. 0. 1. 0.
-0.553 -0.833 0. 353157.568 0.833 -0.553 0. 4025859.724 0. 0. 1. 0.
-0.551 -0.834 0. 353156.690 0.834 -0.551 0. 4025861.051 0. 0. 1. 0.
-0.549 -0.836 0. 353155.787 0.836 -0.549 0. 4025862.422 0. 0. 1. 0.
-0.547 -0.837 0. 353154.863 0.837 -0.547 0. 4025863.832 0. 0. 1. 0.
-0.545 -0.839 0. 353153.917 0.839 -0.545 0. 4025865.283 0. 0. 1. 0.
-0.542 -0.840 0. 353152.949 0.840 -0.542 0. 4025866.776 0. 0. 1. 0.
-0.540 -0.842 0. 353151.967 0.842 -0.540 0. 4025868.301 0. 0. 1. 0.
-0.538 -0.843 0. 353150.968 0.843 -0.538 0. 4025869.862 0. 0. 1. 0.
-0.535 -0.845 0. 353149.956 0.845 -0.535 0. 4025871.452 0. 0. 1. 0.
-0.532 -0.847 0. 353148.943 0.847 -0.532 0. 4025873.057 0. 0. 1. 0.
-0.531 -0.847 0. 353147.905 0.847 -0.531 0. 4025874.709 0. 0. 1. 0.
-0.532 -0.847 0. 353146.853 0.847 -0.532 0. 4025876.384 0. 0. 1. 0.
-0.533 -0.846 0. 353145.784 0.846 -0.533 0. 4025878.084 0. 0. 1. 0.
-0.533 -0.846 0. 353144.716 0.846 -0.533 0. 4025879.780 0. 0. 1. 0.
-0.534 -0.846 0. 353143.644 0.846 -0.534 0. 4025881.477 0. 0. 1. 0.
-0.535 -0.845 0. 353142.567 0.845 -0.535 0. 4025883.178 0. 0. 1. 0.
-0.535 -0.845 0. 353141.488 0.845 -0.535 0. 4025884.880 0. 0. 1. 0.
-0.535 -0.845 0. 353140.419 0.845 -0.535 0. 4025886.565 0. 0. 1. 0.
-0.536 -0.844 0. 353139.356 0.844 -0.536 0. 4025888.238 0. 0. 1. 0.
-0.536 -0.844 0. 353138.297 0.844 -0.536 0. 4025889.903 0. 0. 1. 0.
-0.536 -0.844 0. 353137.266 0.844 -0.536 0. 4025891.525 0. 0. 1. 0.
-0.536 -0.844 0. 353136.244 0.844 -0.536 0. 4025893.134 0. 0. 1. 0.
-0.536 -0.844 0. 353135.232 0.844 -0.536 0. 4025894.725 0. 0. 1. 0.
-0.535 -0.845 0. 353134.233 0.845 -0.535 0. 4025896.298 0. 0. 1. 0.
-0.533 -0.846 0. 353133.249 0.846 -0.533 0. 4025897.855 0. 0. 1. 0.
-0.531 -0.847 0. 353132.281 0.847 -0.531 0. 4025899.392 0. 0. 1. 0.
-0.529 -0.848 0. 353131.323 0.848 -0.529 0. 4025900.922 0. 0. 1. 0.
-0.528 -0.849 0. 353130.367 0.849 -0.528 0. 4025902.458 0. 0. 1. 0.
-0.526 -0.850 0. 353129.415 0.850 -0.526 0. 4025903.991 0. 0. 1. 0.
-0.525 -0.851 0. 353128.478 0.851 -0.525 0. 4025905.505 0. 0. 1. 0.
-0.525 -0.851 0. 353127.537 0.851 -0.525 0. 4025907.029 0. 0. 1. 0.
-0.524 -0.852 0. 353126.595 0.852 -0.524 0. 4025908.558 0. 0. 1. 0.
-0.522 -0.853 0. 353125.649 0.853 -0.522 0. 4025910.098 0. 0. 1. 0.
-0.521 -0.853 0. 353124.702 0.853 -0.521 0. 4025911.648 0. 0. 1. 0.
-0.521 -0.854 0. 353123.751 0.854 -0.521 0. 4025913.207 0. 0. 1. 0.
-0.519 -0.855 0. 353122.807 0.855 -0.519 0. 4025914.757 0. 0. 1. 0.
-0.517 -0.856 0. 353121.862 0.856 -0.517 0. 4025916.322 0. 0. 1. 0.
-0.517 -0.856 0. 353120.926 0.856 -0.517 0. 4025917.871 0. 0. 1. 0.
-0.513 -0.858 0. 353119.975 0.858 -0.513 0. 4025919.451 0. 0. 1. 0.
-0.508 -0.861 0. 353119.023 0.861 -0.508 0. 4025921.053 0. 0. 1. 0.
-0.505 -0.863 0. 353118.063 0.863 -0.505 0. 4025922.687 0. 0. 1. 0.
-0.502 -0.865 0. 353117.106 0.865 -0.502 0. 4025924.332 0. 0. 1. 0.
-0.497 -0.867 0. 353116.144 0.867 -0.497 0. 4025926.001 0. 0. 1. 0.
-0.494 -0.869 0. 353115.176 0.869 -0.494 0. 4025927.696 0. 0. 1. 0.
-0.490 -0.872 0. 353114.205 0.872 -0.490 0. 4025929.412 0. 0. 1. 0.
-0.486 -0.874 0. 353113.240 0.874 -0.486 0. 4025931.139 0. 0. 1. 0.
-0.482 -0.876 0. 353112.274 0.876 -0.482 0. 4025932.889 0. 0. 1. 0.
-0.477 -0.879 0. 353111.304 0.879 -0.477 0. 4025934.663 0. 0. 1. 0.
-0.472 -0.882 0. 353110.333 0.882 -0.472 0. 4025936.464 0. 0. 1. 0.
-0.467 -0.884 0. 353109.352 0.884 -0.467 0. 4025938.312 0. 0. 1. 0.
-0.461 -0.887 0. 353108.376 0.887 -0.461 0. 4025940.176 0. 0. 1. 0.
-0.456 -0.890 0. 353107.404 0.890 -0.456 0. 4025942.061 0. 0. 1. 0.
-0.452 -0.892 0. 353106.432 0.892 -0.452 0. 4025943.970 0. 0. 1. 0.
-0.448 -0.894 0. 353105.458 0.894 -0.448 0. 4025945.902 0. 0. 1. 0.
-0.445 -0.895 0. 353104.500 0.895 -0.445 0. 4025947.821 0. 0. 1. 0.
-0.442 -0.897 0. 353103.551 0.897 -0.442 0. 4025949.735 0. 0. 1. 0.
-0.439 -0.899 0. 353102.601 0.899 -0.439 0. 4025951.669 0. 0. 1. 0.
-0.435 -0.900 0. 353101.651 0.900 -0.435 0. 4025953.619 0. 0. 1. 0.
-0.432 -0.902 0. 353100.700 0.902 -0.432 0. 4025955.594 0. 0. 1. 0.
-0.429 -0.903 0. 353099.751 0.903 -0.429 0. 4025957.580 0. 0. 1. 0.
-0.426 -0.905 0. 353098.808 0.905 -0.426 0. 4025959.574 0. 0. 1. 0.
-0.423 -0.906 0. 353097.862 0.906 -0.423 0. 4025961.592 0. 0. 1. 0.
-0.423 -0.906 0. 353096.918 0.906 -0.423 0. 4025963.609 0. 0. 1. 0.
-0.423 -0.906 0. 353095.973 0.906 -0.423 0. 4025965.633 0. 0. 1. 0.
-0.423 -0.906 0. 353095.028 0.906 -0.423 0. 4025967.656 0. 0. 1. 0.
-0.424 -0.906 0. 353094.080 0.906 -0.424 0. 4025969.683 0. 0. 1. 0.
-0.424 -0.906 0. 353093.133 0.906 -0.424 0. 4025971.705 0. 0. 1. 0.
-0.425 -0.905 0. 353092.189 0.905 -0.425 0. 4025973.720 0. 0. 1. 0.
-0.425 -0.905 0. 353091.257 0.905 -0.425 0. 4025975.708 0. 0. 1. 0.
-0.426 -0.905 0. 353090.332 0.905 -0.426 0. 4025977.678 0. 0. 1. 0.
-0.426 -0.905 0. 353089.413 0.905 -0.426 0. 4025979.631 0. 0. 1. 0.
-0.427 -0.904 0. 353088.500 0.904 -0.427 0. 4025981.571 0. 0. 1. 0.
-0.427 -0.904 0. 353087.593 0.904 -0.427 0. 4025983.492 0. 0. 1. 0.
-0.428 -0.904 0. 353086.691 0.904 -0.428 0. 4025985.396 0. 0. 1. 0.
-0.428 -0.904 0. 353085.798 0.904 -0.428 0. 4025987.280 0. 0. 1. 0.
-0.429 -0.903 0. 353084.911 0.903 -0.429 0. 4025989.149 0. 0. 1. 0.
-0.429 -0.903 0. 353084.036 0.903 -0.429 0. 4025990.992 0. 0. 1. 0.
-0.429 -0.903 0. 353083.168 0.903 -0.429 0. 4025992.819 0. 0. 1. 0.
-0.430 -0.903 0. 353082.307 0.903 -0.430 0. 4025994.628 0. 0. 1. 0.
-0.430 -0.903 0. 353081.457 0.903 -0.430 0. 4025996.412 0. 0. 1. 0.
-0.430 -0.903 0. 353080.612 0.903 -0.430 0. 4025998.184 0. 0. 1. 0.
-0.431 -0.902 0. 353079.770 0.902 -0.431 0. 4025999.949 0. 0. 1. 0.
-0.432 -0.902 0. 353078.924 0.902 -0.432 0. 4026001.717 0. 0. 1. 0.
-0.432 -0.902 0. 353078.073 0.902 -0.432 0. 4026003.495 0. 0. 1. 0.
-0.432 -0.902 0. 353077.234 0.902 -0.432 0. 4026005.250 0. 0. 1. 0.
-0.432 -0.902 0. 353076.385 0.902 -0.432 0. 4026007.021 0. 0. 1. 0.
-0.429 -0.903 0. 353075.521 0.903 -0.429 0. 4026008.829 0. 0. 1. 0.
-0.428 -0.904 0. 353074.659 0.904 -0.428 0. 4026010.652 0. 0. 1. 0.
-0.427 -0.904 0. 353073.794 0.904 -0.427 0. 4026012.480 0. 0. 1. 0.
-0.428 -0.904 0. 353072.931 0.904 -0.428 0. 4026014.305 0. 0. 1. 0.
-0.427 -0.904 0. 353072.061 0.904 -0.427 0. 4026016.146 0. 0. 1. 0.
-0.427 -0.904 0. 353071.181 0.904 -0.427 0. 4026018.009 0. 0. 1. 0.
-0.427 -0.904 0. 353070.297 0.904 -0.427 0. 4026019.880 0. 0. 1. 0.
-0.427 -0.904 0. 353069.400 0.904 -0.427 0. 4026021.777 0. 0. 1. 0.
-0.428 -0.904 0. 353068.515 0.904 -0.428 0. 4026023.648 0. 0. 1. 0.
-0.427 -0.904 0. 353067.635 0.904 -0.427 0. 4026025.511 0. 0. 1. 0.
-0.427 -0.904 0. 353066.766 0.904 -0.427 0. 4026027.351 0. 0. 1. 0.
-0.427 -0.904 0. 353065.908 0.904 -0.427 0. 4026029.168 0. 0. 1. 0.
-0.427 -0.904 0. 353065.057 0.904 -0.427 0. 4026030.970 0. 0. 1. 0.
-0.427 -0.904 0. 353064.217 0.904 -0.427 0. 4026032.750 0. 0. 1. 0.
-0.427 -0.904 0. 353063.389 0.904 -0.427 0. 4026034.504 0. 0. 1. 0.
-0.427 -0.904 0. 353062.568 0.904 -0.427 0. 4026036.245 0. 0. 1. 0.
-0.426 -0.905 0. 353061.758 0.905 -0.426 0. 4026037.964 0. 0. 1. 0.
-0.426 -0.905 0. 353060.964 0.905 -0.426 0. 4026039.656 0. 0. 1. 0.
-0.426 -0.905 0. 353060.161 0.905 -0.426 0. 4026041.356 0. 0. 1. 0.
-0.424 -0.906 0. 353059.354 0.906 -0.424 0. 4026043.076 0. 0. 1. 0.
-0.424 -0.905 0. 353058.543 0.905 -0.424 0. 4026044.811 0. 0. 1. 0.
-0.425 -0.905 0. 353057.728 0.905 -0.425 0. 4026046.549 0. 0. 1. 0.
-0.424 -0.905 0. 353056.911 0.905 -0.424 0. 4026048.292 0. 0. 1. 0.
-0.425 -0.905 0. 353056.090 0.905 -0.425 0. 4026050.043 0. 0. 1. 0.
-0.425 -0.905 0. 353055.268 0.905 -0.425 0. 4026051.795 0. 0. 1. 0.
-0.425 -0.905 0. 353054.438 0.905 -0.425 0. 4026053.561 0. 0. 1. 0.
-0.426 -0.905 0. 353053.608 0.905 -0.426 0. 4026055.327 0. 0. 1. 0.
-0.426 -0.905 0. 353052.770 0.905 -0.426 0. 4026057.106 0. 0. 1. 0.
-0.426 -0.905 0. 353051.933 0.905 -0.426 0. 4026058.884 0. 0. 1. 0.
-0.426 -0.905 0. 353051.092 0.905 -0.426 0. 4026060.670 0. 0. 1. 0.
-0.427 -0.904 0. 353050.259 0.904 -0.427 0. 4026062.438 0. 0. 1. 0.
-0.427 -0.904 0. 353049.433 0.904 -0.427 0. 4026064.189 0. 0. 1. 0.
-0.429 -0.904 0. 353048.617 0.904 -0.429 0. 4026065.912 0. 0. 1. 0.
-0.430 -0.903 0. 353047.804 0.903 -0.430 0. 4026067.622 0. 0. 1. 0.
-0.431 -0.902 0. 353046.995 0.902 -0.431 0. 4026069.315 0. 0. 1. 0.
-0.433 -0.902 0. 353046.194 0.902 -0.433 0. 4026070.987 0. 0. 1. 0.
-0.434 -0.901 0. 353045.399 0.901 -0.434 0. 4026072.640 0. 0. 1. 0.
-0.435 -0.900 0. 353044.612 0.900 -0.435 0. 4026074.273 0. 0. 1. 0.
-0.436 -0.900 0. 353043.830 0.900 -0.436 0. 4026075.891 0. 0. 1. 0.
-0.435 -0.900 0. 353043.060 0.900 -0.435 0. 4026077.486 0. 0. 1. 0.
-0.436 -0.900 0. 353042.312 0.900 -0.436 0. 4026079.035 0. 0. 1. 0.
-0.436 -0.900 0. 353041.552 0.900 -0.436 0. 4026080.601 0. 0. 1. 0.
-0.434 -0.901 0. 353040.773 0.901 -0.434 0. 4026082.210 0. 0. 1. 0.
-0.435 -0.900 0. 353039.994 0.900 -0.435 0. 4026083.828 0. 0. 1. 0.
-0.437 -0.900 0. 353039.211 0.900 -0.437 0. 4026085.447 0. 0. 1. 0.
-0.438 -0.899 0. 353038.422 0.899 -0.438 0. 4026087.069 0. 0. 1. 0.
-0.441 -0.898 0. 353037.626 0.898 -0.441 0. 4026088.698 0. 0. 1. 0.
-0.444 -0.896 0. 353036.824 0.896 -0.444 0. 4026090.323 0. 0. 1. 0.
-0.448 -0.894 0. 353036.011 0.894 -0.448 0. 4026091.956 0. 0. 1. 0.
-0.452 -0.892 0. 353035.187 0.892 -0.452 0. 4026093.591 0. 0. 1. 0.
-0.456 -0.890 0. 353034.355 0.890 -0.456 0. 4026095.225 0. 0. 1. 0.
-0.460 -0.888 0. 353033.511 0.888 -0.460 0. 4026096.868 0. 0. 1. 0.
-0.464 -0.886 0. 353032.656 0.886 -0.464 0. 4026098.514 0. 0. 1. 0.
-0.467 -0.884 0. 353031.790 0.884 -0.467 0. 4026100.162 0. 0. 1. 0.
-0.471 -0.882 0. 353030.915 0.882 -0.471 0. 4026101.813 0. 0. 1. 0.
-0.473 -0.881 0. 353030.032 0.881 -0.473 0. 4026103.462 0. 0. 1. 0.
-0.476 -0.880 0. 353029.137 0.880 -0.476 0. 4026105.123 0. 0. 1. 0.
-0.480 -0.877 0. 353028.231 0.877 -0.480 0. 4026106.790 0. 0. 1. 0.
-0.484 -0.875 0. 353027.319 0.875 -0.484 0. 4026108.449 0. 0. 1. 0.
-0.489 -0.872 0. 353026.394 0.872 -0.489 0. 4026110.106 0. 0. 1. 0.
-0.494 -0.870 0. 353025.457 0.870 -0.494 0. 4026111.766 0. 0. 1. 0.
-0.499 -0.867 0. 353024.522 0.867 -0.499 0. 4026113.400 0. 0. 1. 0.
-0.503 -0.864 0. 353023.593 0.864 -0.503 0. 4026115.004 0. 0. 1. 0.
-0.508 -0.862 0. 353022.665 0.862 -0.508 0. 4026116.588 0. 0. 1. 0.
-0.509 -0.861 0. 353021.732 0.861 -0.509 0. 4026118.165 0. 0. 1. 0.
-0.509 -0.861 0. 353020.803 0.861 -0.509 0. 4026119.737 0. 0. 1. 0.
-0.507 -0.862 0. 353019.879 0.862 -0.507 0. 4026121.303 0. 0. 1. 0.
-0.507 -0.862 0. 353018.966 0.862 -0.507 0. 4026122.859 0. 0. 1. 0.
-0.507 -0.862 0. 353018.068 0.862 -0.507 0. 4026124.387 0. 0. 1. 0.
-0.507 -0.862 0. 353017.155 0.862 -0.507 0. 4026125.935 0. 0. 1. 0.
-0.506 -0.863 0. 353016.231 0.863 -0.506 0. 4026127.505 0. 0. 1. 0.
-0.506 -0.863 0. 353015.303 0.863 -0.506 0. 4026129.089 0. 0. 1. 0.
-0.507 -0.862 0. 353014.371 0.862 -0.507 0. 4026130.677 0. 0. 1. 0.
-0.508 -0.861 0. 353013.440 0.861 -0.508 0. 4026132.258 0. 0. 1. 0.
-0.510 -0.860 0. 353012.490 0.860 -0.510 0. 4026133.863 0. 0. 1. 0.
-0.514 -0.858 0. 353011.536 0.858 -0.514 0. 4026135.464 0. 0. 1. 0.
-0.517 -0.856 0. 353010.556 0.856 -0.517 0. 4026137.093 0. 0. 1. 0.
-0.519 -0.854 0. 353009.564 0.854 -0.519 0. 4026138.730 0. 0. 1. 0.
-0.523 -0.853 0. 353008.555 0.853 -0.523 0. 4026140.383 0. 0. 1. 0.
-0.526 -0.851 0. 353007.527 0.851 -0.526 0. 4026142.052 0. 0. 1. 0.
-0.529 -0.849 0. 353006.494 0.849 -0.529 0. 4026143.716 0. 0. 1. 0.
-0.532 -0.847 0. 353005.448 0.847 -0.532 0. 4026145.386 0. 0. 1. 0.
-0.532 -0.847 0. 353004.389 0.847 -0.532 0. 4026147.071 0. 0. 1. 0.
-0.532 -0.847 0. 353003.323 0.847 -0.532 0. 4026148.766 0. 0. 1. 0.
-0.532 -0.847 0. 353002.253 0.847 -0.532 0. 4026150.468 0. 0. 1. 0.
-0.533 -0.846 0. 353001.172 0.846 -0.533 0. 4026152.183 0. 0. 1. 0.
-0.535 -0.845 0. 353000.081 0.845 -0.535 0. 4026153.909 0. 0. 1. 0.
-0.536 -0.844 0. 352998.986 0.844 -0.536 0. 4026155.636 0. 0. 1. 0.
-0.537 -0.844 0. 352997.880 0.844 -0.537 0. 4026157.375 0. 0. 1. 0.
-0.537 -0.844 0. 352996.777 0.844 -0.537 0. 4026159.110 0. 0. 1. 0.
-0.537 -0.844 0. 352995.662 0.844 -0.537 0. 4026160.862 0. 0. 1. 0.
-0.537 -0.844 0. 352994.528 0.844 -0.537 0. 4026162.645 0. 0. 1. 0.
-0.537 -0.843 0. 352993.388 0.843 -0.537 0. 4026164.438 0. 0. 1. 0.
-0.538 -0.843 0. 352992.237 0.843 -0.538 0. 4026166.245 0. 0. 1. 0.
-0.538 -0.843 0. 352991.082 0.843 -0.538 0. 4026168.055 0. 0. 1. 0.
-0.539 -0.842 0. 352989.922 0.842 -0.539 0. 4026169.869 0. 0. 1. 0.
-0.540 -0.842 0. 352988.748 0.842 -0.540 0. 4026171.704 0. 0. 1. 0.
-0.542 -0.840 0. 352987.600 0.840 -0.542 0. 4026173.492 0. 0. 1. 0.
-0.545 -0.838 0. 352986.425 0.838 -0.545 0. 4026175.302 0. 0. 1. 0.
-0.546 -0.838 0. 352985.230 0.838 -0.546 0. 4026177.134 0. 0. 1. 0.
-0.548 -0.837 0. 352984.001 0.837 -0.548 0. 4026179.013 0. 0. 1. 0.
-0.549 -0.836 0. 352982.792 0.836 -0.549 0. 4026180.849 0. 0. 1. 0.
-0.551 -0.835 0. 352981.561 0.835 -0.551 0. 4026182.713 0. 0. 1. 0.
-0.552 -0.834 0. 352980.323 0.834 -0.552 0. 4026184.584 0. 0. 1. 0.
-0.554 -0.832 0. 352979.096 0.832 -0.554 0. 4026186.429 0. 0. 1. 0.
-0.556 -0.831 0. 352977.883 0.831 -0.556 0. 4026188.248 0. 0. 1. 0.
-0.557 -0.830 0. 352976.687 0.830 -0.557 0. 4026190.035 0. 0. 1. 0.
-0.559 -0.829 0. 352975.503 0.829 -0.559 0. 4026191.795 0. 0. 1. 0.
-0.562 -0.827 0. 352974.329 0.827 -0.562 0. 4026193.532 0. 0. 1. 0.
-0.565 -0.825 0. 352973.151 0.825 -0.565 0. 4026195.260 0. 0. 1. 0.
-0.569 -0.823 0. 352971.972 0.823 -0.569 0. 4026196.975 0. 0. 1. 0.
-0.572 -0.820 0. 352970.792 0.820 -0.572 0. 4026198.674 0. 0. 1. 0.
-0.576 -0.817 0. 352969.604 0.817 -0.576 0. 4026200.369 0. 0. 1. 0.
-0.580 -0.815 0. 352968.408 0.815 -0.580 0. 4026202.057 0. 0. 1. 0.
-0.583 -0.813 0. 352967.207 0.813 -0.583 0. 4026203.739 0. 0. 1. 0.
-0.586 -0.810 0. 352966.012 0.810 -0.586 0. 4026205.399 0. 0. 1. 0.
-0.589 -0.808 0. 352964.802 0.808 -0.589 0. 4026207.061 0. 0. 1. 0.
-0.590 -0.807 0. 352963.574 0.807 -0.590 0. 4026208.743 0. 0. 1. 0.
-0.592 -0.806 0. 352962.336 0.806 -0.592 0. 4026210.431 0. 0. 1. 0.
-0.595 -0.804 0. 352961.095 0.804 -0.595 0. 4026212.115 0. 0. 1. 0.
-0.598 -0.802 0. 352959.845 0.802 -0.598 0. 4026213.797 0. 0. 1. 0.
-0.601 -0.799 0. 352958.581 0.799 -0.601 0. 4026215.485 0. 0. 1. 0.
-0.605 -0.797 0. 352957.305 0.797 -0.605 0. 4026217.174 0. 0. 1. 0.
-0.608 -0.794 0. 352956.017 0.794 -0.608 0. 4026218.863 0. 0. 1. 0.
-0.611 -0.791 0. 352954.752 0.791 -0.611 0. 4026220.508 0. 0. 1. 0.
-0.615 -0.788 0. 352953.494 0.788 -0.615 0. 4026222.129 0. 0. 1. 0.
-0.618 -0.786 0. 352952.242 0.786 -0.618 0. 4026223.726 0. 0. 1. 0.
-0.621 -0.783 0. 352951.004 0.783 -0.621 0. 4026225.294 0. 0. 1. 0.
-0.625 -0.781 0. 352949.778 0.781 -0.625 0. 4026226.834 0. 0. 1. 0.
-0.628 -0.778 0. 352948.569 0.778 -0.628 0. 4026228.340 0. 0. 1. 0.
-0.631 -0.776 0. 352947.366 0.776 -0.631 0. 4026229.828 0. 0. 1. 0.
-0.634 -0.774 0. 352946.176 0.774 -0.634 0. 4026231.290 0. 0. 1. 0.
-0.636 -0.772 0. 352945.026 0.772 -0.636 0. 4026232.694 0. 0. 1. 0.
-0.640 -0.768 0. 352943.860 0.768 -0.640 0. 4026234.100 0. 0. 1. 0.
-0.642 -0.766 0. 352942.673 0.766 -0.642 0. 4026235.518 0. 0. 1. 0.
-0.645 -0.764 0. 352941.465 0.764 -0.645 0. 4026236.956 0. 0. 1. 0.
-0.648 -0.762 0. 352940.252 0.762 -0.648 0. 4026238.390 0. 0. 1. 0.
-0.650 -0.760 0. 352939.032 0.760 -0.650 0. 4026239.819 0. 0. 1. 0.
-0.653 -0.757 0. 352937.805 0.757 -0.653 0. 4026241.248 0. 0. 1. 0.
-0.656 -0.755 0. 352936.561 0.755 -0.656 0. 4026242.688 0. 0. 1. 0.
-0.658 -0.753 0. 352935.310 0.753 -0.658 0. 4026244.122 0. 0. 1. 0.
-0.661 -0.750 0. 352934.054 0.750 -0.661 0. 4026245.555 0. 0. 1. 0.
-0.664 -0.748 0. 352932.782 0.748 -0.664 0. 4026246.992 0. 0. 1. 0.
-0.667 -0.745 0. 352931.503 0.745 -0.667 0. 4026248.427 0. 0. 1. 0.
-0.670 -0.742 0. 352930.214 0.742 -0.670 0. 4026249.861 0. 0. 1. 0.
-0.673 -0.740 0. 352928.936 0.740 -0.673 0. 4026251.270 0. 0. 1. 0.
-0.676 -0.737 0. 352927.685 0.737 -0.676 0. 4026252.641 0. 0. 1. 0.
-0.678 -0.735 0. 352926.426 0.735 -0.678 0. 4026254.008 0. 0. 1. 0.
-0.681 -0.732 0. 352925.193 0.732 -0.681 0. 4026255.336 0. 0. 1. 0.
-0.683 -0.731 0. 352924.004 0.731 -0.683 0. 4026256.613 0. 0. 1. 0.
-0.687 -0.727 0. 352922.788 0.727 -0.687 0. 4026257.905 0. 0. 1. 0.
-0.689 -0.725 0. 352921.569 0.725 -0.689 0. 4026259.190 0. 0. 1. 0.
-0.690 -0.723 0. 352920.319 0.723 -0.690 0. 4026260.504 0. 0. 1. 0.
-0.694 -0.720 0. 352919.054 0.720 -0.694 0. 4026261.825 0. 0. 1. 0.
-0.695 -0.719 0. 352917.783 0.719 -0.695 0. 4026263.143 0. 0. 1. 0.
-0.697 -0.717 0. 352916.489 0.717 -0.697 0. 4026264.479 0. 0. 1. 0.
-0.697 -0.717 0. 352915.210 0.717 -0.697 0. 4026265.795 0. 0. 1. 0.
-0.698 -0.716 0. 352913.915 0.716 -0.698 0. 4026267.125 0. 0. 1. 0.
-0.699 -0.715 0. 352912.609 0.715 -0.699 0. 4026268.463 0. 0. 1. 0.
-0.700 -0.714 0. 352911.295 0.714 -0.700 0. 4026269.806 0. 0. 1. 0.
-0.701 -0.713 0. 352909.971 0.713 -0.701 0. 4026271.154 0. 0. 1. 0.
-0.704 -0.711 0. 352908.635 0.711 -0.704 0. 4026272.508 0. 0. 1. 0.
-0.707 -0.707 0. 352907.278 0.707 -0.707 0. 4026273.872 0. 0. 1. 0.
-0.711 -0.703 0. 352905.899 0.703 -0.711 0. 4026275.243 0. 0. 1. 0.
-0.713 -0.701 0. 352904.512 0.701 -0.713 0. 4026276.611 0. 0. 1. 0.
-0.715 -0.699 0. 352903.106 0.699 -0.715 0. 4026277.989 0. 0. 1. 0.
-0.717 -0.698 0. 352901.683 0.698 -0.717 0. 4026279.378 0. 0. 1. 0.
-0.718 -0.696 0. 352900.253 0.696 -0.718 0. 4026280.769 0. 0. 1. 0.
-0.720 -0.694 0. 352898.812 0.694 -0.720 0. 4026282.162 0. 0. 1. 0.
-0.722 -0.692 0. 352897.369 0.692 -0.722 0. 4026283.551 0. 0. 1. 0.
-0.724 -0.690 0. 352895.939 0.690 -0.724 0. 4026284.919 0. 0. 1. 0.
-0.727 -0.687 0. 352894.520 0.687 -0.727 0. 4026286.266 0. 0. 1. 0.
-0.729 -0.684 0. 352893.106 0.684 -0.729 0. 4026287.597 0. 0. 1. 0.
-0.733 -0.681 0. 352891.708 0.681 -0.733 0. 4026288.901 0. 0. 1. 0.
-0.736 -0.677 0. 352890.316 0.677 -0.736 0. 4026290.189 0. 0. 1. 0.
-0.740 -0.672 0. 352888.945 0.672 -0.740 0. 4026291.442 0. 0. 1. 0.
-0.743 -0.669 0. 352887.577 0.669 -0.743 0. 4026292.678 0. 0. 1. 0.
-0.748 -0.664 0. 352886.226 0.664 -0.748 0. 4026293.884 0. 0. 1. 0.
-0.751 -0.661 0. 352884.883 0.661 -0.751 0. 4026295.073 0. 0. 1. 0.
-0.754 -0.657 0. 352883.546 0.657 -0.754 0. 4026296.245 0. 0. 1. 0.
-0.757 -0.654 0. 352882.211 0.654 -0.757 0. 4026297.404 0. 0. 1. 0.
-0.759 -0.651 0. 352880.920 0.651 -0.759 0. 4026298.516 0. 0. 1. 0.
-0.762 -0.648 0. 352879.620 0.648 -0.762 0. 4026299.624 0. 0. 1. 0.
-0.763 -0.647 0. 352878.319 0.647 -0.763 0. 4026300.730 0. 0. 1. 0.
-0.764 -0.645 0. 352877.027 0.645 -0.764 0. 4026301.826 0. 0. 1. 0.
-0.765 -0.643 0. 352875.748 0.643 -0.765 0. 4026302.906 0. 0. 1. 0.
-0.767 -0.642 0. 352874.490 0.642 -0.767 0. 4026303.963 0. 0. 1. 0.
-0.768 -0.641 0. 352873.250 0.641 -0.768 0. 4026305.005 0. 0. 1. 0.
-0.769 -0.640 0. 352872.028 0.640 -0.769 0. 4026306.029 0. 0. 1. 0.
-0.767 -0.642 0. 352870.838 0.642 -0.767 0. 4026307.026 0. 0. 1. 0.
-0.763 -0.647 0. 352869.694 0.647 -0.763 0. 4026307.993 0. 0. 1. 0.
-0.754 -0.657 0. 352868.606 0.657 -0.754 0. 4026308.932 0. 0. 1. 0.
-0.739 -0.674 0. 352867.580 0.674 -0.739 0. 4026309.849 0. 0. 1. 0.
-0.717 -0.697 0. 352866.631 0.697 -0.717 0. 4026310.745 0. 0. 1. 0.
-0.687 -0.726 0. 352865.759 0.726 -0.687 0. 4026311.629 0. 0. 1. 0.
-0.648 -0.761 0. 352864.981 0.761 -0.648 0. 4026312.498 0. 0. 1. 0.
-0.599 -0.801 0. 352864.307 0.801 -0.599 0. 4026313.348 0. 0. 1. 0.
-0.542 -0.840 0. 352863.720 0.840 -0.542 0. 4026314.200 0. 0. 1. 0.
-0.479 -0.878 0. 352863.200 0.878 -0.479 0. 4026315.079 0. 0. 1. 0.
-0.405 -0.914 0. 352862.756 0.914 -0.405 0. 4026315.983 0. 0. 1. 0.
-0.317 -0.948 0. 352862.400 0.948 -0.317 0. 4026316.901 0. 0. 1. 0.
-0.217 -0.976 0. 352862.139 0.976 -0.217 0. 4026317.842 0. 0. 1. 0.
-0.106 -0.994 0. 352861.981 0.994 -0.106 0. 4026318.794 0. 0. 1. 0.
0.019 -1.000 0. 352861.936 1.000 0.019 0. 4026319.756 0. 0. 1. 0.
0.150 -0.989 0. 352862.016 0.989 0.150 0. 4026320.720 0. 0. 1. 0.
0.280 -0.960 0. 352862.224 0.960 0.280 0. 4026321.681 0. 0. 1. 0.
0.408 -0.913 0. 352862.567 0.913 0.408 0. 4026322.621 0. 0. 1. 0.
0.529 -0.848 0. 352863.046 0.848 0.529 0. 4026323.527 0. 0. 1. 0.
0.631 -0.776 0. 352863.666 0.776 0.631 0. 4026324.396 0. 0. 1. 0.
0.708 -0.706 0. 352864.402 0.706 0.708 0. 4026325.209 0. 0. 1. 0.
0.759 -0.651 0. 352865.239 0.651 0.759 0. 4026325.982 0. 0. 1. 0.
0.793 -0.609 0. 352866.161 0.609 0.793 0. 4026326.729 0. 0. 1. 0.
0.814 -0.580 0. 352867.130 0.580 0.814 0. 4026327.449 0. 0. 1. 0.
0.828 -0.560 0. 352868.144 0.560 0.828 0. 4026328.154 0. 0. 1. 0.
0.836 -0.548 0. 352869.201 0.548 0.836 0. 4026328.861 0. 0. 1. 0.
0.842 -0.539 0. 352870.330 0.539 0.842 0. 4026329.596 0. 0. 1. 0.
0.846 -0.534 0. 352871.491 0.534 0.846 0. 4026330.337 0. 0. 1. 0.
0.847 -0.532 0. 352872.674 0.532 0.847 0. 4026331.084 0. 0. 1. 0.
0.847 -0.532 0. 352873.897 0.532 0.847 0. 4026331.855 0. 0. 1. 0.
0.847 -0.532 0. 352875.141 0.532 0.847 0. 4026332.639 0. 0. 1. 0.
0.846 -0.533 0. 352876.424 0.533 0.846 0. 4026333.449 0. 0. 1. 0.
0.846 -0.534 0. 352877.726 0.534 0.846 0. 4026334.272 0. 0. 1. 0.
0.845 -0.534 0. 352879.046 0.534 0.845 0. 4026335.108 0. 0. 1. 0.
0.845 -0.534 0. 352880.398 0.534 0.845 0. 4026335.964 0. 0. 1. 0.
0.846 -0.533 0. 352881.780 0.533 0.846 0. 4026336.839 0. 0. 1. 0.
0.847 -0.532 0. 352883.196 0.532 0.847 0. 4026337.730 0. 0. 1. 0.
0.848 -0.530 0. 352884.640 0.530 0.848 0. 4026338.636 0. 0. 1. 0.
0.848 -0.529 0. 352886.111 0.529 0.848 0. 4026339.555 0. 0. 1. 0.
0.849 -0.528 0. 352887.614 0.528 0.849 0. 4026340.492 0. 0. 1. 0.
0.849 -0.528 0. 352889.138 0.528 0.849 0. 4026341.438 0. 0. 1. 0.
0.848 -0.530 0. 352890.685 0.530 0.848 0. 4026342.401 0. 0. 1. 0.
0.847 -0.531 0. 352892.246 0.531 0.847 0. 4026343.377 0. 0. 1. 0.
0.846 -0.533 0. 352893.830 0.533 0.846 0. 4026344.370 0. 0. 1. 0.
0.845 -0.534 0. 352895.431 0.534 0.845 0. 4026345.378 0. 0. 1. 0.
0.845 -0.535 0. 352897.055 0.535 0.845 0. 4026346.404 0. 0. 1. 0.
0.844 -0.536 0. 352898.703 0.536 0.844 0. 4026347.448 0. 0. 1. 0.
0.844 -0.536 0. 352900.372 0.536 0.844 0. 4026348.507 0. 0. 1. 0.
0.845 -0.535 0. 352902.058 0.535 0.845 0. 4026349.575 0. 0. 1. 0.
0.845 -0.534 0. 352903.767 0.534 0.845 0. 4026350.657 0. 0. 1. 0.
0.846 -0.534 0. 352905.485 0.534 0.846 0. 4026351.743 0. 0. 1. 0.
0.846 -0.533 0. 352907.203 0.533 0.846 0. 4026352.826 0. 0. 1. 0.
0.846 -0.533 0. 352908.895 0.533 0.846 0. 4026353.895 0. 0. 1. 0.
0.847 -0.532 0. 352910.581 0.532 0.847 0. 4026354.956 0. 0. 1. 0.
0.847 -0.532 0. 352912.260 0.532 0.847 0. 4026356.013 0. 0. 1. 0.
0.847 -0.532 0. 352913.912 0.532 0.847 0. 4026357.053 0. 0. 1. 0.
0.847 -0.532 0. 352915.538 0.532 0.847 0. 4026358.075 0. 0. 1. 0.
0.846 -0.534 0. 352917.108 0.534 0.846 0. 4026359.065 0. 0. 1. 0.
0.845 -0.535 0. 352918.600 0.535 0.845 0. 4026360.009 0. 0. 1. 0.
0.845 -0.535 0. 352920.027 0.535 0.845 0. 4026360.914 0. 0. 1. 0.
0.845 -0.535 0. 352921.384 0.535 0.845 0. 4026361.774 0. 0. 1. 0.
0.845 -0.534 0. 352922.664 0.534 0.845 0. 4026362.583 0. 0. 1. 0.
0.846 -0.534 0. 352923.916 0.534 0.846 0. 4026363.374 0. 0. 1. 0.
0.845 -0.535 0. 352925.156 0.535 0.845 0. 4026364.160 0. 0. 1. 0.
0.844 -0.536 0. 352926.360 0.536 0.844 0. 4026364.924 0. 0. 1. 0.
0.844 -0.537 0. 352927.567 0.537 0.844 0. 4026365.691 0. 0. 1. 0.
0.844 -0.537 0. 352928.773 0.537 0.844 0. 4026366.458 0. 0. 1. 0.
0.844 -0.537 0. 352929.966 0.537 0.844 0. 4026367.217 0. 0. 1. 0.
0.844 -0.536 0. 352931.206 0.536 0.844 0. 4026368.006 0. 0. 1. 0.
0.845 -0.534 0. 352932.474 0.534 0.845 0. 4026368.809 0. 0. 1. 0.
0.846 -0.534 0. 352933.767 0.534 0.846 0. 4026369.626 0. 0. 1. 0.
0.847 -0.532 0. 352935.075 0.532 0.847 0. 4026370.451 0. 0. 1. 0.
0.847 -0.532 0. 352936.404 0.532 0.847 0. 4026371.286 0. 0. 1. 0.
0.848 -0.530 0. 352937.757 0.530 0.848 0. 4026372.134 0. 0. 1. 0.
0.848 -0.529 0. 352939.130 0.529 0.848 0. 4026372.992 0. 0. 1. 0.
0.849 -0.529 0. 352940.521 0.529 0.849 0. 4026373.862 0. 0. 1. 0.
0.848 -0.529 0. 352941.911 0.529 0.848 0. 4026374.729 0. 0. 1. 0.
0.849 -0.529 0. 352943.298 0.529 0.849 0. 4026375.595 0. 0. 1. 0.
0.848 -0.530 0. 352944.669 0.530 0.848 0. 4026376.451 0. 0. 1. 0.
0.848 -0.530 0. 352946.023 0.530 0.848 0. 4026377.297 0. 0. 1. 0.
0.847 -0.531 0. 352947.366 0.531 0.847 0. 4026378.139 0. 0. 1. 0.
0.847 -0.532 0. 352948.683 0.532 0.847 0. 4026378.966 0. 0. 1. 0.
0.846 -0.534 0. 352949.984 0.534 0.846 0. 4026379.785 0. 0. 1. 0.
0.845 -0.535 0. 352951.271 0.535 0.845 0. 4026380.598 0. 0. 1. 0.
0.845 -0.535 0. 352952.542 0.535 0.845 0. 4026381.402 0. 0. 1. 0.
0.845 -0.535 0. 352953.771 0.535 0.845 0. 4026382.180 0. 0. 1. 0.
0.844 -0.536 0. 352955.014 0.536 0.844 0. 4026382.968 0. 0. 1. 0.
0.845 -0.534 0. 352956.280 0.534 0.845 0. 4026383.769 0. 0. 1. 0.
0.846 -0.533 0. 352957.518 0.533 0.846 0. 4026384.549 0. 0. 1. 0.
0.847 -0.531 0. 352958.781 0.531 0.847 0. 4026385.342 0. 0. 1. 0.
0.848 -0.529 0. 352960.035 0.529 0.848 0. 4026386.126 0. 0. 1. 0.
0.850 -0.527 0. 352961.294 0.527 0.850 0. 4026386.908 0. 0. 1. 0.
0.850 -0.526 0. 352962.557 0.526 0.850 0. 4026387.690 0. 0. 1. 0.
0.851 -0.525 0. 352963.819 0.525 0.851 0. 4026388.470 0. 0. 1. 0.
0.850 -0.526 0. 352965.081 0.526 0.850 0. 4026389.250 0. 0. 1. 0.
0.850 -0.527 0. 352966.344 0.527 0.850 0. 4026390.029 0. 0. 1. 0.
0.850 -0.527 0. 352967.606 0.527 0.850 0. 4026390.810 0. 0. 1. 0.
0.850 -0.527 0. 352968.864 0.527 0.850 0. 4026391.589 0. 0. 1. 0.
0.849 -0.528 0. 352970.112 0.528 0.849 0. 4026392.363 0. 0. 1. 0.
0.850 -0.527 0. 352971.390 0.527 0.850 0. 4026393.155 0. 0. 1. 0.
0.851 -0.525 0. 352972.661 0.525 0.851 0. 4026393.938 0. 0. 1. 0.
0.853 -0.523 0. 352973.953 0.523 0.853 0. 4026394.733 0. 0. 1. 0.
0.854 -0.520 0. 352975.252 0.520 0.854 0. 4026395.525 0. 0. 1. 0.
0.856 -0.517 0. 352976.548 0.517 0.856 0. 4026396.308 0. 0. 1. 0.
0.859 -0.513 0. 352977.826 0.513 0.859 0. 4026397.074 0. 0. 1. 0.
0.863 -0.505 0. 352979.094 0.505 0.863 0. 4026397.823 0. 0. 1. 0.
0.870 -0.493 0. 352980.357 0.493 0.870 0. 4026398.549 0. 0. 1. 0.
0.879 -0.476 0. 352981.627 0.476 0.879 0. 4026399.253 0. 0. 1. 0.
0.893 -0.450 0. 352982.904 0.450 0.893 0. 4026399.922 0. 0. 1. 0.
0.910 -0.414 0. 352984.207 0.414 0.910 0. 4026400.548 0. 0. 1. 0.
0.928 -0.373 0. 352985.526 0.373 0.928 0. 4026401.112 0. 0. 1. 0.
0.944 -0.330 0. 352986.866 0.330 0.944 0. 4026401.612 0. 0. 1. 0.
0.959 -0.284 0. 352988.237 0.284 0.959 0. 4026402.053 0. 0. 1. 0.
0.972 -0.235 0. 352989.608 0.235 0.972 0. 4026402.421 0. 0. 1. 0.
0.983 -0.182 0. 352990.999 0.182 0.983 0. 4026402.718 0. 0. 1. 0.
0.992 -0.125 0. 352992.406 0.125 0.992 0. 4026402.934 0. 0. 1. 0.
0.998 -0.067 0. 352993.824 0.067 0.998 0. 4026403.070 0. 0. 1. 0.
1. -0.005 0. 352995.256 0.005 1. 0. 4026403.121 0. 0. 1. 0.
0.998 0.058 0. 352996.700 -0.058 0.998 -0. 4026403.083 -0. 0. 1. 0.
0.993 0.121 0. 352998.146 -0.121 0.993 -0. 4026402.952 -0. 0. 1. 0.
0.983 0.184 0. 352999.601 -0.184 0.983 -0. 4026402.727 -0. 0. 1. 0.
0.969 0.247 0. 353001.048 -0.247 0.969 -0. 4026402.409 -0. 0. 1. 0.
0.953 0.304 0. 353002.496 -0.304 0.953 -0. 4026401.996 -0. 0. 1. 0.
0.935 0.354 0. 353003.932 -0.354 0.935 -0. 4026401.495 -0. 0. 1. 0.
0.916 0.402 0. 353005.359 -0.402 0.916 -0. 4026400.913 -0. 0. 1. 0.
0.894 0.448 0. 353006.770 -0.448 0.894 -0. 4026400.253 -0. 0. 1. 0.
0.869 0.494 0. 353008.162 -0.494 0.869 -0. 4026399.512 -0. 0. 1. 0.
0.844 0.537 0. 353009.532 -0.537 0.844 -0. 4026398.689 -0. 0. 1. 0.
0.820 0.573 0. 353010.874 -0.573 0.820 -0. 4026397.795 -0. 0. 1. 0.
0.796 0.606 0. 353012.178 -0.606 0.796 -0. 4026396.846 -0. 0. 1. 0.
0.774 0.634 0. 353013.440 -0.634 0.774 -0. 4026395.852 -0. 0. 1. 0.
0.757 0.653 0. 353014.669 -0.653 0.757 -0. 4026394.820 -0. 0. 1. 0.
0.743 0.669 0. 353015.869 -0.669 0.743 -0. 4026393.766 -0. 0. 1. 0.
0.733 0.681 0. 353017.048 -0.681 0.733 -0. 4026392.689 -0. 0. 1. 0.
0.727 0.687 0. 353018.219 -0.687 0.727 -0. 4026391.594 -0. 0. 1. 0.
0.726 0.688 0. 353019.394 -0.688 0.726 -0. 4026390.486 -0. 0. 1. 0.
0.725 0.688 0. 353020.555 -0.688 0.725 -0. 4026389.387 -0. 0. 1. 0.
0.728 0.686 0. 353021.761 -0.686 0.728 -0. 4026388.248 -0. 0. 1. 0.
0.731 0.682 0. 353022.963 -0.682 0.731 -0. 4026387.123 -0. 0. 1. 0.
0.735 0.678 0. 353024.215 -0.678 0.735 -0. 4026385.964 -0. 0. 1. 0.
0.738 0.674 0. 353025.463 -0.674 0.738 -0. 4026384.820 -0. 0. 1. 0.
0.741 0.672 0. 353026.747 -0.672 0.741 -0. 4026383.653 -0. 0. 1. 0.
0.743 0.669 0. 353028.050 -0.669 0.743 -0. 4026382.476 -0. 0. 1. 0.
0.745 0.667 0. 353029.374 -0.667 0.745 -0. 4026381.289 -0. 0. 1. 0.
0.747 0.665 0. 353030.719 -0.665 0.747 -0. 4026380.089 -0. 0. 1. 0.
0.748 0.663 0. 353032.087 -0.663 0.748 -0. 4026378.875 -0. 0. 1. 0.
0.749 0.663 0. 353033.471 -0.663 0.749 -0. 4026377.648 -0. 0. 1. 0.
0.749 0.663 0. 353034.876 -0.663 0.749 -0. 4026376.405 -0. 0. 1. 0.
0.750 0.662 0. 353036.295 -0.662 0.750 -0. 4026375.150 -0. 0. 1. 0.
0.749 0.662 0. 353037.731 -0.662 0.749 -0. 4026373.880 -0. 0. 1. 0.
0.749 0.663 0. 353039.188 -0.663 0.749 -0. 4026372.591 -0. 0. 1. 0.
0.748 0.664 0. 353040.671 -0.664 0.748 -0. 4026371.275 -0. 0. 1. 0.
0.748 0.664 0. 353042.163 -0.664 0.748 -0. 4026369.950 -0. 0. 1. 0.
0.747 0.665 0. 353043.665 -0.665 0.747 -0. 4026368.613 -0. 0. 1. 0.
0.747 0.665 0. 353045.185 -0.665 0.747 -0. 4026367.259 -0. 0. 1. 0.
0.746 0.666 0. 353046.706 -0.666 0.746 -0. 4026365.903 -0. 0. 1. 0.
0.747 0.665 0. 353048.221 -0.665 0.747 -0. 4026364.551 -0. 0. 1. 0.
0.748 0.663 0. 353049.738 -0.663 0.748 -0. 4026363.203 -0. 0. 1. 0.
0.750 0.662 0. 353051.265 -0.662 0.750 -0. 4026361.853 -0. 0. 1. 0.
0.752 0.659 0. 353052.813 -0.659 0.752 -0. 4026360.490 -0. 0. 1. 0.
0.756 0.655 0. 353054.380 -0.655 0.756 -0. 4026359.122 -0. 0. 1. 0.
0.762 0.648 0. 353055.962 -0.648 0.762 -0. 4026357.761 -0. 0. 1. 0.
0.768 0.641 0. 353057.566 -0.641 0.768 -0. 4026356.406 -0. 0. 1. 0.
0.773 0.634 0. 353059.178 -0.634 0.773 -0. 4026355.071 -0. 0. 1. 0.
0.780 0.625 0. 353060.816 -0.625 0.780 -0. 4026353.741 -0. 0. 1. 0.
0.787 0.617 0. 353062.469 -0.617 0.787 -0. 4026352.429 -0. 0. 1. 0.
0.795 0.607 0. 353064.136 -0.607 0.795 -0. 4026351.138 -0. 0. 1. 0.
0.802 0.598 0. 353065.831 -0.598 0.802 -0. 4026349.860 -0. 0. 1. 0.
0.808 0.589 0. 353067.539 -0.589 0.808 -0. 4026348.603 -0. 0. 1. 0.
0.815 0.579 0. 353069.266 -0.579 0.815 -0. 4026347.362 -0. 0. 1. 0.
0.823 0.569 0. 353071.013 -0.569 0.823 -0. 4026346.138 -0. 0. 1. 0.
0.829 0.559 0. 353072.780 -0.559 0.829 -0. 4026344.933 -0. 0. 1. 0.
0.835 0.551 0. 353074.566 -0.551 0.835 -0. 4026343.740 -0. 0. 1. 0.
0.840 0.543 0. 353076.367 -0.543 0.840 -0. 4026342.562 -0. 0. 1. 0.
0.844 0.536 0. 353078.175 -0.536 0.844 -0. 4026341.400 -0. 0. 1. 0.
0.849 0.529 0. 353080.003 -0.529 0.849 -0. 4026340.248 -0. 0. 1. 0.
0.853 0.521 0. 353081.856 -0.521 0.853 -0. 4026339.102 -0. 0. 1. 0.
0.858 0.514 0. 353083.726 -0.514 0.858 -0. 4026337.968 -0. 0. 1. 0.
0.863 0.505 0. 353085.595 -0.505 0.863 -0. 4026336.859 -0. 0. 1. 0.
0.868 0.496 0. 353087.482 -0.496 0.868 -0. 4026335.770 -0. 0. 1. 0.
0.874 0.486 0. 353089.394 -0.486 0.874 -0. 4026334.693 -0. 0. 1. 0.
0.879 0.476 0. 353091.317 -0.476 0.879 -0. 4026333.638 -0. 0. 1. 0.
0.885 0.466 0. 353093.240 -0.466 0.885 -0. 4026332.610 -0. 0. 1. 0.
0.890 0.455 0. 353095.201 -0.455 0.890 -0. 4026331.591 -0. 0. 1. 0.
0.896 0.444 0. 353097.177 -0.444 0.896 -0. 4026330.593 -0. 0. 1. 0.
0.901 0.434 0. 353099.169 -0.434 0.901 -0. 4026329.618 -0. 0. 1. 0.
0.906 0.423 0. 353101.168 -0.423 0.906 -0. 4026328.670 -0. 0. 1. 0.
0.911 0.412 0. 353103.176 -0.412 0.911 -0. 4026327.746 -0. 0. 1. 0.
0.916 0.401 0. 353105.204 -0.401 0.916 -0. 4026326.842 -0. 0. 1. 0.
0.921 0.390 0. 353107.225 -0.390 0.921 -0. 4026325.970 -0. 0. 1. 0.
0.926 0.379 0. 353109.240 -0.379 0.926 -0. 4026325.130 -0. 0. 1. 0.
0.930 0.368 0. 353111.259 -0.368 0.930 -0. 4026324.315 -0. 0. 1. 0.
0.934 0.357 0. 353113.268 -0.357 0.934 -0. 4026323.529 -0. 0. 1. 0.
0.938 0.347 0. 353115.279 -0.347 0.938 -0. 4026322.769 -0. 0. 1. 0.
0.941 0.337 0. 353117.275 -0.337 0.941 -0. 4026322.039 -0. 0. 1. 0.
0.945 0.327 0. 353119.267 -0.327 0.945 -0. 4026321.334 -0. 0. 1. 0.
0.948 0.317 0. 353121.244 -0.317 0.948 -0. 4026320.659 -0. 0. 1. 0.
0.951 0.308 0. 353123.172 -0.308 0.951 -0. 4026320.023 -0. 0. 1. 0.
0.953 0.303 0. 353125.022 -0.303 0.953 -0. 4026319.430 -0. 0. 1. 0.
0.954 0.299 0. 353126.786 -0.299 0.954 -0. 4026318.869 -0. 0. 1. 0.
0.956 0.295 0. 353128.464 -0.295 0.956 -0. 4026318.343 -0. 0. 1. 0.
0.956 0.292 0. 353130.061 -0.292 0.956 -0. 4026317.851 -0. 0. 1. 0.
0.957 0.289 0. 353131.596 -0.289 0.957 -0. 4026317.384 -0. 0. 1. 0.
0.958 0.285 0. 353133.095 -0.285 0.958 -0. 4026316.934 -0. 0. 1. 0.
0.959 0.284 0. 353134.515 -0.284 0.959 -0. 4026316.513 -0. 0. 1. 0.
0.959 0.283 0. 353135.890 -0.283 0.959 -0. 4026316.106 -0. 0. 1. 0.
0.959 0.283 0. 353137.205 -0.283 0.959 -0. 4026315.719 -0. 0. 1. 0.
0.960 0.281 0. 353138.489 -0.281 0.960 -0. 4026315.341 -0. 0. 1. 0.
0.962 0.272 0. 353139.765 -0.272 0.962 -0. 4026314.974 -0. 0. 1. 0.
0.966 0.257 0. 353141.032 -0.257 0.966 -0. 4026314.626 -0. 0. 1. 0.
0.971 0.237 0. 353142.295 -0.237 0.971 -0. 4026314.303 -0. 0. 1. 0.
0.977 0.213 0. 353143.568 -0.213 0.977 -0. 4026314.011 -0. 0. 1. 0.
0.982 0.189 0. 353144.855 -0.189 0.982 -0. 4026313.749 -0. 0. 1. 0.
0.986 0.167 0. 353146.158 -0.167 0.986 -0. 4026313.514 -0. 0. 1. 0.
0.989 0.147 0. 353147.494 -0.147 0.989 -0. 4026313.302 -0. 0. 1. 0.
0.991 0.132 0. 353148.860 -0.132 0.991 -0. 4026313.111 -0. 0. 1. 0.
0.993 0.119 0. 353150.263 -0.119 0.993 -0. 4026312.936 -0. 0. 1. 0.
0.994 0.107 0. 353151.706 -0.107 0.994 -0. 4026312.774 -0. 0. 1. 0.
0.995 0.097 0. 353153.151 -0.097 0.995 -0. 4026312.627 -0. 0. 1. 0.
0.996 0.091 0. 353154.635 -0.091 0.996 -0. 4026312.490 -0. 0. 1. 0.
0.996 0.087 0. 353156.194 -0.087 0.996 -0. 4026312.352 -0. 0. 1. 0.
0.996 0.084 0. 353157.821 -0.084 0.996 -0. 4026312.215 -0. 0. 1. 0.
0.997 0.082 0. 353159.485 -0.082 0.997 -0. 4026312.077 -0. 0. 1. 0.
0.997 0.082 0. 353161.203 -0.082 0.997 -0. 4026311.941 -0. 0. 1. 0.
0.997 0.081 0. 353162.943 -0.081 0.997 -0. 4026311.804 -0. 0. 1. 0.
0.997 0.080 0. 353164.732 -0.080 0.997 -0. 4026311.664 -0. 0. 1. 0.
0.997 0.079 0. 353166.557 -0.079 0.997 -0. 4026311.520 -0. 0. 1. 0.
0.997 0.078 0. 353168.406 -0.078 0.997 -0. 4026311.380 -0. 0. 1. 0.
0.997 0.076 0. 353170.296 -0.076 0.997 -0. 4026311.237 -0. 0. 1. 0.
0.997 0.076 0. 353172.215 -0.076 0.997 -0. 4026311.094 -0. 0. 1. 0.
0.997 0.075 0. 353174.146 -0.075 0.997 -0. 4026310.949 -0. 0. 1. 0.
0.997 0.073 0. 353176.097 -0.073 0.997 -0. 4026310.810 -0. 0. 1. 0.
0.997 0.071 0. 353178.071 -0.071 0.997 -0. 4026310.672 -0. 0. 1. 0.
0.998 0.069 0. 353180.071 -0.069 0.998 -0. 4026310.533 -0. 0. 1. 0.
0.998 0.067 0. 353182.107 -0.067 0.998 -0. 4026310.395 -0. 0. 1. 0.
0.998 0.058 0. 353184.156 -0.058 0.998 -0. 4026310.266 -0. 0. 1. 0.
0.999 0.048 0. 353186.241 -0.048 0.999 -0. 4026310.155 -0. 0. 1. 0.
0.999 0.037 0. 353188.347 -0.037 0.999 -0. 4026310.065 -0. 0. 1. 0.
1.000 0.027 0. 353190.490 -0.027 1.000 -0. 4026309.996 -0. 0. 1. 0.
1.000 0.016 0. 353192.682 -0.016 1.000 -0. 4026309.957 -0. 0. 1. 0.
1. 0.004 0. 353194.905 -0.004 1. -0. 4026309.939 -0. 0. 1. 0.
1. -0.008 0. 353197.151 0.008 1. 0. 4026309.944 0. 0. 1. 0.
1.000 -0.021 0. 353199.412 0.021 1.000 0. 4026309.976 0. 0. 1. 0.
0.999 -0.035 0. 353201.701 0.035 0.999 0. 4026310.044 0. 0. 1. 0.
0.999 -0.048 0. 353204.020 0.048 0.999 0. 4026310.143 0. 0. 1. 0.
0.998 -0.062 0. 353206.341 0.062 0.998 0. 4026310.271 0. 0. 1. 0.
0.997 -0.074 0. 353208.650 0.074 0.997 0. 4026310.429 0. 0. 1. 0.
0.996 -0.086 0. 353210.940 0.086 0.996 0. 4026310.613 0. 0. 1. 0.
0.995 -0.097 0. 353213.228 0.097 0.995 0. 4026310.823 0. 0. 1. 0.
0.994 -0.106 0. 353215.514 0.106 0.994 0. 4026311.054 0. 0. 1. 0.
0.993 -0.115 0. 353217.803 0.115 0.993 0. 4026311.307 0. 0. 1. 0.
0.992 -0.123 0. 353220.102 0.123 0.992 0. 4026311.580 0. 0. 1. 0.
0.991 -0.130 0. 353222.415 0.130 0.991 0. 4026311.871 0. 0. 1. 0.
0.990 -0.139 0. 353224.750 0.139 0.990 0. 4026312.183 0. 0. 1. 0.
0.989 -0.147 0. 353227.058 0.147 0.989 0. 4026312.514 0. 0. 1. 0.
0.988 -0.156 0. 353229.352 0.156 0.988 0. 4026312.866 0. 0. 1. 0.
0.986 -0.166 0. 353231.658 0.166 0.986 0. 4026313.244 0. 0. 1. 0.
0.984 -0.176 0. 353233.944 0.176 0.984 0. 4026313.641 0. 0. 1. 0.
0.982 -0.187 0. 353236.215 0.187 0.982 0. 4026314.061 0. 0. 1. 0.
0.980 -0.199 0. 353238.472 0.199 0.980 0. 4026314.507 0. 0. 1. 0.
0.977 -0.212 0. 353240.712 0.212 0.977 0. 4026314.977 0. 0. 1. 0.
0.974 -0.226 0. 353242.940 0.226 0.974 0. 4026315.476 0. 0. 1. 0.
0.970 -0.242 0. 353245.144 0.242 0.970 0. 4026316.004 0. 0. 1. 0.
0.966 -0.259 0. 353247.322 0.259 0.966 0. 4026316.568 0. 0. 1. 0.
0.961 -0.278 0. 353249.475 0.278 0.961 0. 4026317.167 0. 0. 1. 0.
0.954 -0.301 0. 353251.609 0.301 0.954 0. 4026317.811 0. 0. 1. 0.
0.946 -0.324 0. 353253.711 0.324 0.946 0. 4026318.501 0. 0. 1. 0.
0.938 -0.347 0. 353255.790 0.347 0.938 0. 4026319.246 0. 0. 1. 0.
0.930 -0.369 0. 353257.850 0.369 0.930 0. 4026320.039 0. 0. 1. 0.
0.921 -0.390 0. 353259.895 0.390 0.921 0. 4026320.880 0. 0. 1. 0.
0.912 -0.411 0. 353261.929 0.411 0.912 0. 4026321.770 0. 0. 1. 0.
0.902 -0.431 0. 353263.932 0.431 0.902 0. 4026322.696 0. 0. 1. 0.
0.894 -0.449 0. 353265.923 0.449 0.894 0. 4026323.666 0. 0. 1. 0.
0.886 -0.463 0. 353267.893 0.463 0.886 0. 4026324.671 0. 0. 1. 0.
0.880 -0.475 0. 353269.833 0.475 0.880 0. 4026325.699 0. 0. 1. 0.
0.875 -0.484 0. 353271.762 0.484 0.875 0. 4026326.743 0. 0. 1. 0.
0.871 -0.492 0. 353273.685 0.492 0.871 0. 4026327.809 0. 0. 1. 0.
0.868 -0.497 0. 353275.593 0.497 0.868 0. 4026328.890 0. 0. 1. 0.
0.866 -0.501 0. 353277.517 0.501 0.866 0. 4026330.012 0. 0. 1. 0.
0.863 -0.505 0. 353279.486 0.505 0.863 0. 4026331.165 0. 0. 1. 0.
0.861 -0.508 0. 353281.445 0.508 0.861 0. 4026332.328 0. 0. 1. 0.
0.860 -0.511 0. 353283.379 0.511 0.860 0. 4026333.500 0. 0. 1. 0.
0.859 -0.512 0. 353285.296 0.512 0.859 0. 4026334.680 0. 0. 1. 0.
0.862 -0.506 0. 353287.223 0.506 0.862 0. 4026335.892 0. 0. 1. 0.
0.866 -0.499 0. 353289.165 0.499 0.866 0. 4026337.094 0. 0. 1. 0.
0.870 -0.493 0. 353291.124 0.493 0.870 0. 4026338.278 0. 0. 1. 0.
0.874 -0.486 0. 353293.097 0.486 0.874 0. 4026339.433 0. 0. 1. 0.
0.879 -0.476 0. 353294.984 0.476 0.879 0. 4026340.474 0. 0. 1. 0.
0.886 -0.464 0. 353296.879 0.464 0.886 0. 4026341.466 0. 0. 1. 0.
0.893 -0.451 0. 353298.772 0.451 0.893 0. 4026342.403 0. 0. 1. 0.
0.899 -0.439 0. 353300.677 0.439 0.899 0. 4026343.299 0. 0. 1. 0.
0.899 -0.437 0. 353302.583 0.437 0.899 0. 4026344.132 0. 0. 1. 0.
0.899 -0.437 0. 353304.477 0.437 0.899 0. 4026344.952 0. 0. 1. 0.
0.900 -0.436 0. 353306.360 0.436 0.900 0. 4026345.779 0. 0. 1. 0.
0.900 -0.436 0. 353308.231 0.436 0.900 0. 4026346.614 0. 0. 1. 0.
0.904 -0.428 0. 353310.119 0.428 0.904 0. 4026347.517 0. 0. 1. 0.
0.909 -0.418 0. 353311.999 0.418 0.909 0. 4026348.393 0. 0. 1. 0.
0.915 -0.403 0. 353313.863 0.403 0.915 0. 4026349.230 0. 0. 1. 0.
0.923 -0.386 0. 353315.728 0.386 0.923 0. 4026350.027 0. 0. 1. 0.
0.931 -0.364 0. 353317.591 0.364 0.931 0. 4026350.776 0. 0. 1. 0.
0.940 -0.341 0. 353319.443 0.341 0.940 0. 4026351.470 0. 0. 1. 0.
0.949 -0.315 0. 353321.286 0.315 0.949 0. 4026352.107 0. 0. 1. 0.
