1547639597671717 1.00000 0.00000 0.00000 -0.00000 0.00000 1.00000 0.00000 -0.00000 0.00000 0.00000 1.00000 -0.00000
1547639597922960 1.00000 0.00006 -0.00000 0.00137 -0.00006 1.00000 0.00000 -0.00183 0.00000 -0.00000 1.00000 0.00000
1547639598174187 1.00000 0.00010 -0.00000 -0.00247 -0.00010 1.00000 0.00000 0.00095 0.00000 -0.00000 1.00000 -0.00000
1547639598426143 1.00000 -0.00001 0.00000 0.00009 0.00001 1.00000 -0.00000 0.00195 -0.00000 0.00000 1.00000 0.00000
1547639598677766 1.00000 -0.00002 0.00000 0.00050 0.00002 1.00000 -0.00000 0.00272 -0.00000 0.00000 1.00000 0.00000
1547639598929091 1.00000 0.00007 -0.00000 -0.00404 -0.00007 1.00000 0.00000 -0.00467 0.00000 -0.00000 1.00000 0.00000
1547639599180978 1.00000 -0.00005 0.00000 -0.00388 0.00005 1.00000 -0.00000 0.00345 -0.00000 0.00000 1.00000 0.00000
1547639599433101 1.00000 0.00015 -0.00000 -0.00549 -0.00015 1.00000 0.00000 -0.00167 0.00000 -0.00000 1.00000 0.00000
1547639599684338 1.00000 0.00003 -0.00000 -0.00442 -0.00003 1.00000 0.00000 -0.00100 0.00000 -0.00000 1.00000 0.00000
1547639599934839 1.00000 -0.00015 0.00000 0.00173 0.00015 1.00000 -0.00000 0.00309 -0.00000 0.00000 1.00000 0.00000
1547639600185134 1.00000 0.00001 -0.00000 0.00337 -0.00001 1.00000 0.00000 0.00073 0.00000 -0.00000 1.00000 0.00000
1547639600435338 1.00000 0.00000 -0.00000 0.00065 -0.00000 1.00000 0.00000 0.00155 0.00000 -0.00000 1.00000 0.00000
1547639600685331 1.00000 0.00016 -0.00000 -0.00417 -0.00016 1.00000 0.00000 0.00486 0.00000 -0.00000 1.00000 -0.00000
1547639600934927 1.00000 -0.00003 0.00000 -0.00311 0.00003 1.00000 -0.00000 0.00500 -0.00000 0.00000 1.00000 0.00000
1547639601184406 1.00000 0.00001 -0.00000 -0.00406 -0.00001 1.00000 0.00000 0.00748 0.00000 -0.00000 1.00000 -0.00000
1547639601433875 1.00000 -0.00009 0.00000 0.00188 0.00009 1.00000 -0.00000 0.00106 -0.00000 0.00000 1.00000 0.00000
1547639601683454 1.00000 -0.00003 0.00000 0.00036 0.00003 1.00000 -0.00000 0.00572 -0.00000 0.00000 1.00000 0.00000
1547639601932390 1.00000 -0.00008 0.00000 0.00129 0.00008 1.00000 -0.00000 0.00230 -0.00000 0.00000 1.00000 0.00000
1547639602181359 1.00000 -0.00019 0.00000 -0.00440 0.00019 1.00000 -0.00000 0.00150 -0.00000 0.00000 1.00000 0.00000
1547639602431375 1.00000 -0.00001 0.00000 -0.00541 0.00001 1.00000 -0.00000 0.00086 -0.00000 0.00000 1.00000 0.00000
1547639602682215 1.00000 -0.00020 0.00000 0.00052 0.00020 1.00000 -0.00000 0.00687 -0.00000 0.00000 1.00000 0.00000
1547639602932637 1.00000 -0.00008 0.00000 -0.00280 0.00008 1.00000 -0.00000 -0.00121 -0.00000 0.00000 1.00000 0.00000
1547639603182782 1.00000 0.00004 -0.00000 -0.00329 -0.00004 1.00000 0.00000 -0.00025 0.00000 -0.00000 1.00000 0.00000
1547639603432873 1.00000 0.00007 -0.00000 -0.00509 -0.00007 1.00000 0.00000 0.00208 0.00000 -0.00000 1.00000 -0.00000
1547639603682888 1.00000 -0.00005 0.00000 -0.00365 0.00005 1.00000 -0.00000 -0.00066 -0.00000 0.00000 1.00000 0.00000
1547639603933346 1.00000 -0.00004 0.00000 -0.00377 0.00004 1.00000 -0.00000 -0.00044 -0.00000 0.00000 1.00000 0.00000
1547639604185152 1.00000 0.00012 -0.00000 0.00026 -0.00012 1.00000 0.00000 -0.00354 0.00000 -0.00000 1.00000 0.00000
1547639604437546 1.00000 0.00008 -0.00000 -0.00122 -0.00008 1.00000 0.00000 -0.00214 0.00000 -0.00000 1.00000 0.00000
1547639604689575 1.00000 -0.00003 0.00000 -0.00842 0.00003 1.00000 -0.00000 -0.00432 -0.00000 0.00000 1.00000 0.00000
1547639604940692 1.00000 -0.00028 0.00000 0.00153 0.00028 1.00000 -0.00000 -0.00953 -0.00000 0.00000 1.00000 -0.00000
1547639605190545 1.00000 -0.00006 0.00000 -0.00731 0.00006 1.00000 -0.00000 -0.00098 -0.00000 0.00000 1.00000 0.00000
1547639605439760 1.00000 -0.00001 0.00000 -0.00574 0.00001 1.00000 -0.00000 -0.00396 -0.00000 0.00000 1.00000 0.00000
1547639605689239 1.00000 0.00008 -0.00000 -0.00402 -0.00008 1.00000 0.00000 -0.00527 0.00000 -0.00000 1.00000 0.00000
1547639605938400 1.00000 0.00011 -0.00000 -0.00763 -0.00011 1.00000 0.00000 0.00064 0.00000 -0.00000 1.00000 -0.00000
1547639606186908 1.00000 0.00008 -0.00000 -0.00935 -0.00008 1.00000 0.00000 -0.00449 0.00000 -0.00000 1.00000 0.00000
1547639606435003 1.00000 0.00006 -0.00000 -0.00177 -0.00006 1.00000 0.00000 -0.00779 0.00000 -0.00000 1.00000 0.00000
1547639606683085 1.00000 -0.00005 0.00000 -0.00741 0.00005 1.00000 -0.00000 -0.00165 -0.00000 0.00000 1.00000 0.00000
1547639606930820 1.00000 0.00014 -0.00000 -0.00859 -0.00014 1.00000 0.00000 -0.00137 0.00000 -0.00000 1.00000 0.00000
1547639607178589 1.00000 0.00024 -0.00000 -0.00472 -0.00024 1.00000 0.00000 -0.00432 0.00000 -0.00000 1.00000 0.00000
1547639607427735 1.00000 0.00033 -0.00000 -0.00114 -0.00033 1.00000 0.00000 -0.00291 0.00000 -0.00000 1.00000 0.00000
1547639607679301 1.00000 0.00012 -0.00000 -0.00244 -0.00012 1.00000 0.00000 -0.00212 0.00000 -0.00000 1.00000 0.00000
1547639607931619 1.00000 -0.00003 0.00000 -0.00461 0.00003 1.00000 -0.00000 -0.00287 -0.00000 0.00000 1.00000 0.00000
1547639608183008 1.00000 0.00002 -0.00000 -0.00294 -0.00002 1.00000 0.00000 -0.00040 0.00000 -0.00000 1.00000 0.00000
1547639608434350 1.00000 0.00023 -0.00000 -0.00936 -0.00023 1.00000 0.00000 -0.00452 0.00000 -0.00000 1.00000 0.00000
1547639608685976 1.00000 0.00003 -0.00000 -0.00180 -0.00003 1.00000 0.00000 -0.00653 0.00000 -0.00000 1.00000 0.00000
1547639608938843 1.00000 -0.00003 0.00000 -0.00389 0.00003 1.00000 -0.00000 -0.00391 -0.00000 0.00000 1.00000 0.00000
1547639609192380 1.00000 0.00014 -0.00000 -0.00555 -0.00014 1.00000 0.00000 -0.00239 0.00000 -0.00000 1.00000 0.00000
1547639609444885 1.00000 0.00007 -0.00000 -0.00425 -0.00007 1.00000 0.00000 0.00261 0.00000 -0.00000 1.00000 -0.00000
1547639609694999 1.00000 -0.00003 0.00000 -0.00671 0.00003 1.00000 -0.00000 -0.00552 -0.00000 0.00000 1.00000 0.00000
1547639609943527 1.00000 0.00003 -0.00000 -0.00754 -0.00003 1.00000 0.00000 -0.00252 0.00000 -0.00000 1.00000 0.00000
1547639610191369 1.00000 -0.00012 0.00000 -0.00354 0.00012 1.00000 -0.00000 -0.00218 -0.00000 0.00000 1.00000 0.00000
1547639610439079 1.00000 -0.00004 0.00000 -0.00607 0.00004 1.00000 -0.00000 -0.00039 -0.00000 0.00000 1.00000 0.00000
1547639610686337 1.00000 -0.00005 0.00000 -0.00670 0.00005 1.00000 -0.00000 -0.00126 -0.00000 0.00000 1.00000 0.00000
1547639610934381 1.00000 -0.00007 0.00000 -0.00561 0.00007 1.00000 -0.00000 -0.00382 -0.00000 0.00000 1.00000 0.00000
1547639611183938 1.00000 0.00004 -0.00000 -0.00370 -0.00004 1.00000 0.00000 -0.00655 0.00000 -0.00000 1.00000 0.00000
1547639611434380 1.00000 -0.00005 0.00000 -0.00704 0.00005 1.00000 -0.00000 0.00045 -0.00000 0.00000 1.00000 0.00000
1547639611684676 1.00000 0.00010 -0.00000 -0.00257 -0.00010 1.00000 0.00000 -0.00322 0.00000 -0.00000 1.00000 0.00000
1547639611934685 1.00000 0.00004 -0.00000 -0.00995 -0.00004 1.00000 0.00000 -0.00082 0.00000 -0.00000 1.00000 0.00000
1547639612185269 1.00000 -0.00013 0.00000 -0.00763 0.00013 1.00000 -0.00000 0.00021 -0.00000 0.00000 1.00000 0.00000
1547639612437212 1.00000 -0.00008 0.00000 -0.00368 0.00008 1.00000 -0.00000 0.00514 -0.00000 0.00000 1.00000 0.00000
1547639612689331 1.00000 -0.00024 0.00000 -0.00797 0.00024 1.00000 -0.00000 -0.00309 -0.00000 0.00000 1.00000 0.00000
1547639612940653 1.00000 -0.00024 0.00000 -0.00041 0.00024 1.00000 -0.00000 0.00072 -0.00000 0.00000 1.00000 0.00000
1547639613192137 1.00000 -0.00009 0.00000 -0.00538 0.00009 1.00000 -0.00000 0.00200 -0.00000 0.00000 1.00000 0.00000
1547639613443892 1.00000 0.00003 -0.00000 -0.00140 -0.00003 1.00000 0.00000 -0.00274 0.00000 -0.00000 1.00000 0.00000
1547639613696374 1.00000 -0.00003 0.00000 0.00029 0.00003 1.00000 -0.00000 0.00209 -0.00000 0.00000 1.00000 0.00000
1547639613949748 1.00000 -0.00001 0.00000 -0.00343 0.00001 1.00000 -0.00000 0.00322 -0.00000 0.00000 1.00000 0.00000
1547639614202235 1.00000 -0.00006 0.00000 -0.00162 0.00006 1.00000 -0.00000 0.00098 -0.00000 0.00000 1.00000 0.00000
1547639614452368 1.00000 -0.00006 0.00000 -0.00364 0.00006 1.00000 -0.00000 -0.00694 -0.00000 0.00000 1.00000 0.00000
1547639614700776 1.00000 0.00019 -0.00000 -0.00064 -0.00019 1.00000 0.00000 -0.00023 0.00000 -0.00000 1.00000 0.00000
1547639614948745 1.00000 0.00025 -0.00000 -0.00456 -0.00025 1.00000 0.00000 0.00092 0.00000 -0.00000 1.00000 -0.00000
1547639615196471 1.00000 -0.00026 0.00000 -0.01774 0.00026 1.00000 -0.00000 0.00427 -0.00000 0.00000 1.00000 0.00000
1547639615444216 1.00000 0.00030 -0.00000 -0.05840 -0.00030 1.00000 0.00000 0.00494 0.00000 -0.00000 1.00000 -0.00000
1547639615692476 1.00000 0.00157 -0.00000 -0.11152 -0.00157 1.00000 0.00000 0.00708 0.00000 -0.00000 1.00000 -0.00000
1547639615941921 1.00000 0.00227 -0.00000 -0.19299 -0.00227 1.00000 0.00000 -0.02615 0.00000 -0.00000 1.00000 0.00000
1547639616192692 0.99999 0.00459 -0.00000 -0.31476 -0.00459 0.99999 0.00000 -0.05851 0.00000 -0.00000 1.00000 0.00000
1547639616443398 0.99989 0.01485 -0.00000 -0.54271 -0.01485 0.99989 0.00000 -0.02434 0.00000 -0.00000 1.00000 0.00000
1547639616693589 0.99974 0.02260 -0.00000 -0.79099 -0.02260 0.99974 0.00000 -0.00267 0.00000 -0.00000 1.00000 0.00000
1547639616943821 0.99928 0.03786 -0.00000 -1.16206 -0.03786 0.99928 0.00000 -0.03634 0.00000 -0.00000 1.00000 0.00000
1547639617194241 0.99858 0.05335 -0.00000 -1.65599 -0.05335 0.99858 0.00000 -0.01391 0.00000 -0.00000 1.00000 0.00000
1547639617445969 0.99714 0.07561 -0.00000 -2.25428 -0.07561 0.99714 0.00000 -0.00601 0.00000 -0.00000 1.00000 0.00000
1547639617697686 0.99500 0.09988 -0.00000 -2.95759 -0.09988 0.99500 0.00000 0.02441 0.00000 -0.00000 1.00000 0.00000
1547639617948474 0.99321 0.11636 -0.00000 -3.84258 -0.11636 0.99321 0.00000 0.07597 0.00000 -0.00000 1.00000 0.00000
1547639618199357 0.99266 0.12092 -0.00000 -4.82129 -0.12092 0.99266 0.00000 0.11551 0.00000 -0.00000 1.00000 0.00000
1547639618450186 0.99336 0.11502 -0.00000 -5.90306 -0.11502 0.99336 0.00000 0.12554 0.00000 -0.00000 1.00000 0.00000
1547639618701354 0.99336 0.11504 -0.00000 -7.10500 -0.11504 0.99336 0.00000 0.05807 0.00000 -0.00000 1.00000 0.00000
1547639618952615 0.99310 0.11727 -0.00000 -8.46319 -0.11727 0.99310 0.00000 0.16805 0.00000 -0.00000 1.00000 0.00000
1547639619204063 0.99381 0.11113 -0.00000 -9.98033 -0.11113 0.99381 0.00000 0.04630 0.00000 -0.00000 1.00000 0.00000
1547639619456861 0.99454 0.10434 -0.00000 -11.51157 -0.10434 0.99454 0.00000 0.01295 0.00000 -0.00000 1.00000 0.00000
1547639619709996 0.99490 0.10088 -0.00000 -13.20051 -0.10088 0.99490 0.00000 0.00552 0.00000 -0.00000 1.00000 0.00000
1547639619961839 0.99523 0.09751 -0.00000 -14.97793 -0.09751 0.99523 0.00000 -0.00136 0.00000 -0.00000 1.00000 0.00000
1547639620211774 0.99547 0.09505 -0.00000 -16.82817 -0.09505 0.99547 0.00000 -0.03503 0.00000 -0.00000 1.00000 0.00000
1547639620460216 0.99564 0.09324 -0.00000 -18.74189 -0.09324 0.99564 0.00000 -0.03683 0.00000 -0.00000 1.00000 0.00000
1547639620708077 0.99630 0.08598 -0.00000 -20.68006 -0.08598 0.99630 0.00000 -0.16968 0.00000 -0.00000 1.00000 0.00000
1547639620955224 0.99643 0.08440 -0.00000 -22.64164 -0.08440 0.99643 0.00000 -0.14325 0.00000 -0.00000 1.00000 0.00000
1547639621202347 0.99674 0.08065 -0.00000 -24.62210 -0.08065 0.99674 0.00000 -0.19948 0.00000 -0.00000 1.00000 0.00000
1547639621450882 0.99709 0.07618 -0.00000 -26.64157 -0.07618 0.99709 0.00000 -0.29154 0.00000 -0.00000 1.00000 0.00000
1547639621700305 0.99742 0.07179 -0.00000 -28.72479 -0.07179 0.99742 0.00000 -0.35221 0.00000 -0.00000 1.00000 0.00000
1547639621950237 0.99776 0.06688 -0.00000 -30.84677 -0.06688 0.99776 0.00000 -0.52747 0.00000 -0.00000 1.00000 0.00000
1547639622200634 0.99803 0.06271 -0.00000 -32.99180 -0.06271 0.99803 0.00000 -0.60361 0.00000 -0.00000 1.00000 0.00000
1547639622451231 0.99827 0.05880 -0.00000 -35.17156 -0.05880 0.99827 0.00000 -0.71553 0.00000 -0.00000 1.00000 0.00000
1547639622702532 0.99829 0.05838 -0.00000 -37.37481 -0.05838 0.99829 0.00000 -0.67218 0.00000 -0.00000 1.00000 0.00000
1547639622954252 0.99843 0.05607 -0.00000 -39.57069 -0.05607 0.99843 0.00000 -0.71814 0.00000 -0.00000 1.00000 0.00000
1547639623205735 0.99853 0.05429 -0.00000 -41.84949 -0.05429 0.99853 0.00000 -0.75012 0.00000 -0.00000 1.00000 0.00000
1547639623457545 0.99858 0.05328 -0.00000 -44.12468 -0.05328 0.99858 0.00000 -0.78851 0.00000 -0.00000 1.00000 0.00000
1547639623708672 0.99863 0.05238 -0.00000 -46.38953 -0.05238 0.99863 0.00000 -0.79323 0.00000 -0.00000 1.00000 0.00000
1547639623959956 0.99862 0.05245 -0.00000 -48.64172 -0.05245 0.99862 0.00000 -0.74083 0.00000 -0.00000 1.00000 0.00000
1547639624211229 0.99864 0.05223 -0.00000 -50.91750 -0.05223 0.99864 0.00000 -0.68006 0.00000 -0.00000 1.00000 0.00000
1547639624462301 0.99862 0.05251 -0.00000 -53.17743 -0.05251 0.99862 0.00000 -0.66539 0.00000 -0.00000 1.00000 0.00000
1547639624713670 0.99872 0.05050 -0.00000 -55.46171 -0.05050 0.99872 0.00000 -0.73954 0.00000 -0.00000 1.00000 0.00000
1547639624965956 0.99886 0.04780 -0.00000 -57.77222 -0.04780 0.99886 0.00000 -0.85442 0.00000 -0.00000 1.00000 0.00000
1547639625219089 0.99905 0.04366 -0.00000 -60.08912 -0.04366 0.99905 0.00000 -1.02517 0.00000 -0.00000 1.00000 0.00000
1547639625471364 0.99910 0.04253 -0.00000 -62.35594 -0.04253 0.99910 0.00000 -1.07535 0.00000 -0.00000 1.00000 0.00000
1547639625721477 0.99924 0.03891 -0.00000 -64.65059 -0.03891 0.99924 0.00000 -1.25333 0.00000 -0.00000 1.00000 0.00000
1547639625969630 0.99928 0.03799 -0.00000 -66.88878 -0.03799 0.99928 0.00000 -1.27462 0.00000 -0.00000 1.00000 0.00000
1547639626217145 0.99948 0.03237 -0.00000 -69.15149 -0.03237 0.99948 0.00000 -1.57968 0.00000 -0.00000 1.00000 0.00000
1547639626464524 0.99957 0.02937 -0.00000 -71.41161 -0.02937 0.99957 0.00000 -1.76717 0.00000 -0.00000 1.00000 0.00000
1547639626711744 0.99961 0.02791 -0.00000 -73.63861 -0.02791 0.99961 0.00000 -1.89609 0.00000 -0.00000 1.00000 0.00000
1547639626959777 0.99962 0.02767 -0.00000 -75.94982 -0.02767 0.99962 0.00000 -1.87702 0.00000 -0.00000 1.00000 0.00000
1547639627208728 0.99962 0.02750 -0.00000 -78.22137 -0.02750 0.99962 0.00000 -1.83570 0.00000 -0.00000 1.00000 0.00000
1547639627458748 0.99962 0.02744 -0.00000 -80.51267 -0.02744 0.99962 0.00000 -1.77348 0.00000 -0.00000 1.00000 0.00000
1547639627709289 0.99950 0.03177 -0.00000 -82.78458 -0.03177 0.99950 0.00000 -1.34514 0.00000 -0.00000 1.00000 0.00000
1547639627960438 0.99935 0.03604 -0.00000 -85.11319 -0.03604 0.99935 0.00000 -0.99298 0.00000 -0.00000 1.00000 0.00000
1547639628212358 0.99918 0.04038 -0.00000 -87.45602 -0.04038 0.99918 0.00000 -0.53583 0.00000 -0.00000 1.00000 0.00000
1547639628463340 0.99873 0.05047 -0.00000 -89.83088 -0.05047 0.99873 0.00000 0.30513 0.00000 -0.00000 1.00000 0.00000
1547639628714257 0.99847 0.05531 -0.00000 -92.17820 -0.05531 0.99847 0.00000 0.74751 0.00000 -0.00000 1.00000 0.00000
1547639628965991 0.99817 0.06048 -0.00000 -94.54496 -0.06048 0.99817 0.00000 1.32735 0.00000 -0.00000 1.00000 0.00000
1547639629217477 0.99806 0.06225 -0.00000 -96.93817 -0.06225 0.99806 0.00000 1.51335 0.00000 -0.00000 1.00000 0.00000
1547639629468193 0.99808 0.06200 -0.00000 -99.33356 -0.06200 0.99808 0.00000 1.56016 0.00000 -0.00000 1.00000 0.00000
1547639629719866 0.99802 0.06282 -0.00000 -101.77737 -0.06282 0.99802 0.00000 1.65870 0.00000 -0.00000 1.00000 0.00000
1547639629972717 0.99807 0.06205 -0.00000 -104.23284 -0.06205 0.99807 0.00000 1.60944 0.00000 -0.00000 1.00000 0.00000
1547639630226108 0.99801 0.06298 -0.00000 -106.70853 -0.06298 0.99801 0.00000 1.75861 0.00000 -0.00000 1.00000 0.00000
1547639630478450 0.99793 0.06436 -0.00000 -109.16337 -0.06436 0.99793 0.00000 1.90323 0.00000 -0.00000 1.00000 0.00000
1547639630728859 0.99790 0.06482 -0.00000 -111.61206 -0.06482 0.99790 0.00000 1.95044 0.00000 -0.00000 1.00000 0.00000
1547639630977691 0.99779 0.06648 -0.00000 -114.05937 -0.06648 0.99779 0.00000 2.24208 0.00000 -0.00000 1.00000 0.00000
1547639631225439 0.99764 0.06862 -0.00000 -116.54927 -0.06862 0.99764 0.00000 2.46226 0.00000 -0.00000 1.00000 0.00000
1547639631472640 0.99775 0.06706 -0.00000 -119.02465 -0.06706 0.99775 0.00000 2.37323 0.00000 -0.00000 1.00000 0.00000
1547639631719933 0.99787 0.06520 -0.00000 -121.48707 -0.06520 0.99787 0.00000 2.20405 0.00000 -0.00000 1.00000 0.00000
1547639631968168 0.99772 0.06755 -0.00000 -123.93757 -0.06755 0.99772 0.00000 2.48968 0.00000 -0.00000 1.00000 0.00000
1547639632217519 0.99768 0.06805 -0.00000 -126.45604 -0.06805 0.99768 0.00000 2.56534 0.00000 -0.00000 1.00000 0.00000
1547639632467793 0.99776 0.06687 -0.00000 -128.98294 -0.06687 0.99776 0.00000 2.44988 0.00000 -0.00000 1.00000 0.00000
1547639632718126 0.99781 0.06618 -0.00000 -131.52959 -0.06618 0.99781 0.00000 2.40522 0.00000 -0.00000 1.00000 0.00000
1547639632968594 0.99784 0.06571 -0.00000 -134.06455 -0.06571 0.99784 0.00000 2.37166 0.00000 -0.00000 1.00000 0.00000
1547639633220573 0.99778 0.06661 -0.00000 -136.58031 -0.06661 0.99778 0.00000 2.50845 0.00000 -0.00000 1.00000 0.00000
1547639633472693 0.99762 0.06900 -0.00000 -139.12093 -0.06900 0.99762 0.00000 2.93910 0.00000 -0.00000 1.00000 0.00000
1547639633723802 0.99760 0.06928 -0.00000 -141.63785 -0.06928 0.99760 0.00000 2.96001 0.00000 -0.00000 1.00000 0.00000
1547639633975161 0.99769 0.06788 -0.00000 -144.18039 -0.06788 0.99769 0.00000 2.78333 0.00000 -0.00000 1.00000 0.00000
1547639634227500 0.99753 0.07020 -0.00000 -146.71408 -0.07020 0.99753 0.00000 3.12549 0.00000 -0.00000 1.00000 0.00000
1547639634480714 0.99746 0.07118 -0.00000 -149.20934 -0.07118 0.99746 0.00000 3.30676 0.00000 -0.00000 1.00000 0.00000
1547639634734170 0.99743 0.07170 -0.00000 -151.73931 -0.07170 0.99743 0.00000 3.42169 0.00000 -0.00000 1.00000 0.00000
1547639634985708 0.99735 0.07280 -0.00000 -154.26393 -0.07280 0.99735 0.00000 3.63928 0.00000 -0.00000 1.00000 0.00000
1547639635235538 0.99749 0.07075 -0.00000 -156.72498 -0.07075 0.99749 0.00000 3.32481 0.00000 -0.00000 1.00000 0.00000
1547639635483899 0.99758 0.06959 -0.00000 -159.17308 -0.06959 0.99758 0.00000 3.20214 0.00000 -0.00000 1.00000 0.00000
1547639635731448 0.99743 0.07166 -0.00000 -161.58099 -0.07166 0.99743 0.00000 3.56785 0.00000 -0.00000 1.00000 0.00000
1547639635978856 0.99748 0.07101 -0.00000 -164.02051 -0.07101 0.99748 0.00000 3.51159 0.00000 -0.00000 1.00000 0.00000
1547639636226056 0.99756 0.06983 -0.00000 -166.47215 -0.06983 0.99756 0.00000 3.37250 0.00000 -0.00000 1.00000 0.00000
1547639636473975 0.99751 0.07053 -0.00000 -168.85911 -0.07053 0.99751 0.00000 3.53650 0.00000 -0.00000 1.00000 0.00000
1547639636722997 0.99742 0.07175 -0.00000 -171.26271 -0.07175 0.99742 0.00000 3.79101 0.00000 -0.00000 1.00000 0.00000
1547639636972979 0.99728 0.07373 -0.00000 -173.69638 -0.07373 0.99728 0.00000 4.19014 0.00000 -0.00000 1.00000 0.00000
1547639637223706 0.99705 0.07673 -0.00000 -176.08097 -0.07673 0.99705 0.00000 4.76143 0.00000 -0.00000 1.00000 0.00000
1547639637475714 0.99683 0.07960 -0.00000 -178.49776 -0.07960 0.99683 0.00000 5.31364 0.00000 -0.00000 1.00000 0.00000
1547639637727900 0.99672 0.08096 -0.00000 -180.90712 -0.08096 0.99672 0.00000 5.60805 0.00000 -0.00000 1.00000 0.00000
1547639637978770 0.99638 0.08503 -0.00000 -183.28096 -0.08503 0.99638 0.00000 6.35987 0.00000 -0.00000 1.00000 0.00000
1547639638229785 0.99640 0.08479 -0.00000 -185.67172 -0.08479 0.99640 0.00000 6.36888 0.00000 -0.00000 1.00000 0.00000
1547639638482341 0.99625 0.08653 -0.00000 -188.09537 -0.08653 0.99625 0.00000 6.74845 0.00000 -0.00000 1.00000 0.00000
1547639638735959 0.99618 0.08728 -0.00000 -190.50613 -0.08728 0.99618 0.00000 6.89247 0.00000 -0.00000 1.00000 0.00000
1547639638989485 0.99620 0.08711 -0.00000 -192.90855 -0.08711 0.99620 0.00000 6.90681 0.00000 -0.00000 1.00000 0.00000
1547639639241195 0.99634 0.08549 -0.00000 -195.29147 -0.08549 0.99634 0.00000 6.56919 0.00000 -0.00000 1.00000 0.00000
1547639639491070 0.99643 0.08448 -0.00000 -197.65571 -0.08448 0.99643 0.00000 6.43333 0.00000 -0.00000 1.00000 0.00000
1547639639739597 0.99668 0.08146 -0.00000 -200.03383 -0.08146 0.99668 0.00000 5.84343 0.00000 -0.00000 1.00000 0.00000
1547639639987641 0.99699 0.07755 -0.00000 -202.38187 -0.07755 0.99699 0.00000 5.07816 0.00000 -0.00000 1.00000 0.00000
1547639640235173 0.99745 0.07134 -0.00000 -204.73848 -0.07134 0.99745 0.00000 3.79653 0.00000 -0.00000 1.00000 0.00000
1547639640482491 0.99768 0.06804 -0.00000 -207.02144 -0.06804 0.99768 0.00000 3.16331 0.00000 -0.00000 1.00000 0.00000
1547639640730726 0.99763 0.06879 -0.00000 -209.29265 -0.06879 0.99763 0.00000 3.35227 0.00000 -0.00000 1.00000 0.00000
1547639640979640 0.99743 0.07162 -0.00000 -211.54492 -0.07162 0.99743 0.00000 3.97483 0.00000 -0.00000 1.00000 0.00000
1547639641229516 0.99677 0.08030 -0.00000 -213.76370 -0.08030 0.99677 0.00000 5.88508 0.00000 -0.00000 1.00000 0.00000
1547639641480393 0.99583 0.09120 -0.00000 -215.93934 -0.09120 0.99583 0.00000 8.25258 0.00000 -0.00000 1.00000 0.00000
1547639641731012 0.99458 0.10396 -0.00000 -218.08422 -0.10396 0.99458 0.00000 11.06708 0.00000 -0.00000 1.00000 0.00000
1547639641982841 0.99341 0.11465 -0.00000 -220.21071 -0.11465 0.99341 0.00000 13.46330 0.00000 -0.00000 1.00000 0.00000
1547639642234983 0.99188 0.12714 -0.00000 -222.30524 -0.12714 0.99188 0.00000 16.23891 0.00000 -0.00000 1.00000 0.00000
1547639642485871 0.99040 0.13820 -0.00000 -224.35783 -0.13820 0.99040 0.00000 18.72394 0.00000 -0.00000 1.00000 0.00000
1547639642736886 0.98921 0.14648 -0.00000 -226.43372 -0.14648 0.98921 0.00000 20.61586 0.00000 -0.00000 1.00000 0.00000
1547639642988184 0.98834 0.15224 -0.00000 -228.63678 -0.15224 0.98834 0.00000 22.00922 0.00000 -0.00000 1.00000 0.00000
1547639643239418 0.98791 0.15501 -0.00000 -230.89498 -0.15501 0.98791 0.00000 22.60955 0.00000 -0.00000 1.00000 0.00000
1547639643490521 0.98721 0.15944 -0.00000 -233.06655 -0.15944 0.98721 0.00000 23.64716 0.00000 -0.00000 1.00000 0.00000
1547639643742007 0.98619 0.16562 -0.00000 -235.23183 -0.16562 0.98619 0.00000 25.21364 0.00000 -0.00000 1.00000 0.00000
1547639643994860 0.98582 0.16778 -0.00000 -237.51435 -0.16778 0.98582 0.00000 25.75939 0.00000 -0.00000 1.00000 0.00000
1547639644248291 0.98558 0.16924 -0.00000 -239.83816 -0.16924 0.98558 0.00000 26.11978 0.00000 -0.00000 1.00000 0.00000
1547639644500092 0.98506 0.17220 -0.00000 -242.09019 -0.17220 0.98506 0.00000 26.90242 0.00000 -0.00000 1.00000 0.00000
1547639644750009 0.98466 0.17448 -0.00000 -244.33726 -0.17448 0.98466 0.00000 27.47268 0.00000 -0.00000 1.00000 0.00000
1547639644998706 0.98459 0.17489 -0.00000 -246.63087 -0.17489 0.98459 0.00000 27.65549 0.00000 -0.00000 1.00000 0.00000
1547639645246694 0.98402 0.17803 -0.00000 -248.88717 -0.17803 0.98402 0.00000 28.39391 0.00000 -0.00000 1.00000 0.00000
1547639645494427 0.98368 0.17994 -0.00000 -251.16658 -0.17994 0.98368 0.00000 28.91895 0.00000 -0.00000 1.00000 0.00000
1547639645741090 0.98368 0.17991 -0.00000 -253.46302 -0.17991 0.98368 0.00000 28.97987 0.00000 -0.00000 1.00000 0.00000
1547639645988532 0.98330 0.18199 -0.00000 -255.70900 -0.18199 0.98330 0.00000 29.56148 0.00000 -0.00000 1.00000 0.00000
1547639646237766 0.98274 0.18499 -0.00000 -257.95795 -0.18499 0.98274 0.00000 30.30329 0.00000 -0.00000 1.00000 0.00000
1547639646488240 0.98160 0.19096 -0.00000 -260.13250 -0.19096 0.98160 0.00000 31.96159 0.00000 -0.00000 1.00000 0.00000
1547639646738854 0.98060 0.19603 -0.00000 -262.29941 -0.19603 0.98060 0.00000 33.35442 0.00000 -0.00000 1.00000 0.00000
1547639646989084 0.97953 0.20131 -0.00000 -264.45925 -0.20131 0.97953 0.00000 34.76974 0.00000 -0.00000 1.00000 0.00000
1547639647240466 0.97870 0.20529 -0.00000 -266.75059 -0.20529 0.97870 0.00000 35.89768 0.00000 -0.00000 1.00000 0.00000
1547639647492357 0.97819 0.20772 -0.00000 -269.04749 -0.20772 0.97819 0.00000 36.56490 0.00000 -0.00000 1.00000 0.00000
1547639647743406 0.97774 0.20983 -0.00000 -271.25941 -0.20983 0.97774 0.00000 37.16774 0.00000 -0.00000 1.00000 0.00000
1547639647994329 0.97706 0.21297 -0.00000 -273.51973 -0.21297 0.97706 0.00000 38.05589 0.00000 -0.00000 1.00000 0.00000
1547639648245759 0.97610 0.21733 -0.00000 -275.70052 -0.21733 0.97610 0.00000 39.28489 0.00000 -0.00000 1.00000 0.00000
1547639648497055 0.97542 0.22036 -0.00000 -277.93762 -0.22036 0.97542 0.00000 40.17232 0.00000 -0.00000 1.00000 0.00000
1547639648748099 0.97567 0.21923 -0.00000 -280.36819 -0.21923 0.97567 0.00000 39.93491 0.00000 -0.00000 1.00000 0.00000
1547639649000502 0.97828 0.20729 -0.00000 -283.19037 -0.20729 0.97828 0.00000 36.57045 0.00000 -0.00000 1.00000 0.00000
1547639649254215 0.98105 0.19376 -0.00000 -286.05665 -0.19376 0.98105 0.00000 32.69734 0.00000 -0.00000 1.00000 0.00000
1547639649506833 0.98219 0.18787 -0.00000 -288.63044 -0.18787 0.98219 0.00000 30.99981 0.00000 -0.00000 1.00000 0.00000
1547639649757503 0.98390 0.17873 -0.00000 -291.29695 -0.17873 0.98390 0.00000 28.32673 0.00000 -0.00000 1.00000 0.00000
1547639650006385 0.98528 0.17097 -0.00000 -293.90219 -0.17097 0.98528 0.00000 26.13049 0.00000 -0.00000 1.00000 0.00000
1547639650253581 0.98651 0.16370 -0.00000 -296.43046 -0.16370 0.98651 0.00000 24.02517 0.00000 -0.00000 1.00000 0.00000
1547639650499970 0.98783 0.15553 -0.00000 -298.99275 -0.15553 0.98783 0.00000 21.60675 0.00000 -0.00000 1.00000 0.00000
1547639650746179 0.98860 0.15054 -0.00000 -301.49257 -0.15054 0.98860 0.00000 20.15419 0.00000 -0.00000 1.00000 0.00000
1547639650992603 0.98975 0.14282 -0.00000 -304.00709 -0.14282 0.98975 0.00000 17.86318 0.00000 -0.00000 1.00000 0.00000
1547639651240276 0.99012 0.14023 -0.00000 -306.48109 -0.14023 0.99012 0.00000 17.10692 0.00000 -0.00000 1.00000 0.00000
1547639651489424 0.99004 0.14075 -0.00000 -308.90515 -0.14075 0.99004 0.00000 17.24805 0.00000 -0.00000 1.00000 0.00000
1547639651739696 0.99007 0.14059 -0.00000 -311.36752 -0.14059 0.99007 0.00000 17.26789 0.00000 -0.00000 1.00000 0.00000
1547639651992011 0.99041 0.13815 -0.00000 -313.89241 -0.13815 0.99041 0.00000 16.54724 0.00000 -0.00000 1.00000 0.00000
1547639652245865 0.99120 0.13238 -0.00000 -316.51192 -0.13238 0.99120 0.00000 14.82234 0.00000 -0.00000 1.00000 0.00000
1547639652498508 0.99171 0.12850 -0.00000 -319.06721 -0.12850 0.99171 0.00000 13.57634 0.00000 -0.00000 1.00000 0.00000
1547639652750190 0.99234 0.12352 -0.00000 -321.60186 -0.12352 0.99234 0.00000 11.92222 0.00000 -0.00000 1.00000 0.00000
1547639653000575 0.99288 0.11912 -0.00000 -324.12984 -0.11912 0.99288 0.00000 10.59030 0.00000 -0.00000 1.00000 0.00000
1547639653249001 0.99378 0.11132 -0.00000 -326.62225 -0.11132 0.99378 0.00000 8.09271 0.00000 -0.00000 1.00000 0.00000
1547639653497723 0.99428 0.10679 -0.00000 -329.07361 -0.10679 0.99428 0.00000 6.67378 0.00000 -0.00000 1.00000 0.00000
1547639653748276 0.99505 0.09937 -0.00000 -331.55094 -0.09937 0.99505 0.00000 4.19844 0.00000 -0.00000 1.00000 0.00000
1547639653998982 0.99569 0.09270 -0.00000 -333.98426 -0.09270 0.99569 0.00000 1.99642 0.00000 -0.00000 1.00000 0.00000
1547639654248925 0.99613 0.08792 -0.00000 -336.41316 -0.08792 0.99613 0.00000 0.48057 0.00000 -0.00000 1.00000 0.00000
1547639654498668 0.99689 0.07883 -0.00000 -338.81054 -0.07883 0.99689 0.00000 -2.49587 0.00000 -0.00000 1.00000 0.00000
1547639654748194 0.99743 0.07165 -0.00000 -341.18353 -0.07165 0.99743 0.00000 -4.90357 0.00000 -0.00000 1.00000 0.00000
1547639654997345 0.99767 0.06826 -0.00000 -343.54785 -0.06826 0.99767 0.00000 -6.08097 0.00000 -0.00000 1.00000 0.00000
1547639655246490 0.99824 0.05926 -0.00000 -345.90452 -0.05926 0.99824 0.00000 -9.14444 0.00000 -0.00000 1.00000 0.00000
1547639655495143 0.99861 0.05279 -0.00000 -348.22804 -0.05279 0.99861 0.00000 -11.35465 0.00000 -0.00000 1.00000 0.00000
1547639655743688 0.99896 0.04553 -0.00000 -350.54052 -0.04553 0.99896 0.00000 -13.82097 0.00000 -0.00000 1.00000 0.00000
1547639655991414 0.99913 0.04174 -0.00000 -352.89047 -0.04174 0.99913 0.00000 -15.12978 0.00000 -0.00000 1.00000 0.00000
1547639656238784 0.99931 0.03720 -0.00000 -355.16942 -0.03720 0.99931 0.00000 -16.67357 0.00000 -0.00000 1.00000 0.00000
1547639656486653 0.99958 0.02894 -0.00000 -357.40916 -0.02894 0.99958 0.00000 -19.62276 0.00000 -0.00000 1.00000 0.00000
1547639656736424 0.99976 0.02207 -0.00000 -359.68905 -0.02207 0.99976 0.00000 -21.95618 0.00000 -0.00000 1.00000 0.00000
1547639656988064 0.99982 0.01905 -0.00000 -362.05078 -0.01905 0.99982 0.00000 -23.07250 0.00000 -0.00000 1.00000 0.00000
1547639657239662 0.99985 0.01728 -0.00000 -364.44059 -0.01728 0.99985 0.00000 -23.71691 0.00000 -0.00000 1.00000 0.00000
1547639657490452 0.99990 0.01445 -0.00000 -366.78914 -0.01445 0.99990 0.00000 -24.62713 0.00000 -0.00000 1.00000 0.00000
1547639657741947 0.99994 0.01105 -0.00000 -369.13623 -0.01105 0.99994 0.00000 -25.82742 0.00000 -0.00000 1.00000 0.00000
1547639657995296 0.99995 0.01008 -0.00000 -371.57016 -0.01008 0.99995 0.00000 -26.15237 0.00000 -0.00000 1.00000 0.00000
1547639658248867 0.99994 0.01074 -0.00000 -374.05158 -0.01074 0.99994 0.00000 -25.95445 0.00000 -0.00000 1.00000 0.00000
1547639658500715 0.99993 0.01152 -0.00000 -376.49842 -0.01152 0.99993 0.00000 -25.65251 0.00000 -0.00000 1.00000 0.00000
1547639658750351 0.99992 0.01229 -0.00000 -378.96945 -0.01229 0.99992 0.00000 -25.20817 0.00000 -0.00000 1.00000 0.00000
1547639658998322 0.99992 0.01237 -0.00000 -381.40065 -0.01237 0.99992 0.00000 -25.26000 0.00000 -0.00000 1.00000 0.00000
1547639659245496 0.99989 0.01460 -0.00000 -383.88007 -0.01460 0.99989 0.00000 -24.34334 0.00000 -0.00000 1.00000 0.00000
1547639659492669 0.99984 0.01815 -0.00000 -386.38119 -0.01815 0.99984 0.00000 -22.90933 0.00000 -0.00000 1.00000 0.00000
1547639659739845 0.99978 0.02105 -0.00000 -388.86527 -0.02105 0.99978 0.00000 -21.73698 0.00000 -0.00000 1.00000 0.00000
1547639659987746 0.99967 0.02566 -0.00000 -391.40986 -0.02566 0.99967 0.00000 -19.90782 0.00000 -0.00000 1.00000 0.00000
1547639660237205 0.99954 0.03019 -0.00000 -393.94830 -0.03019 0.99954 0.00000 -18.09261 0.00000 -0.00000 1.00000 0.00000
1547639660487495 0.99926 0.03834 -0.00000 -396.54789 -0.03834 0.99926 0.00000 -14.82852 0.00000 -0.00000 1.00000 0.00000
1547639660738066 0.99912 0.04200 -0.00000 -399.08463 -0.04200 0.99912 0.00000 -13.36129 0.00000 -0.00000 1.00000 0.00000
1547639660988401 0.99883 0.04839 -0.00000 -401.65367 -0.04839 0.99883 0.00000 -10.74337 0.00000 -0.00000 1.00000 0.00000
1547639661239403 0.99854 0.05407 -0.00000 -404.19368 -0.05407 0.99854 0.00000 -8.43520 0.00000 -0.00000 1.00000 0.00000
1547639661491451 0.99811 0.06153 -0.00000 -406.76162 -0.06153 0.99811 0.00000 -5.37984 0.00000 -0.00000 1.00000 0.00000
1547639661743058 0.99770 0.06778 -0.00000 -409.32041 -0.06778 0.99770 0.00000 -2.77889 0.00000 -0.00000 1.00000 0.00000
1547639661994255 0.99725 0.07411 -0.00000 -411.81522 -0.07411 0.99725 0.00000 -0.13623 0.00000 -0.00000 1.00000 0.00000
1547639662245520 0.99686 0.07924 -0.00000 -414.34766 -0.07924 0.99686 0.00000 1.99717 0.00000 -0.00000 1.00000 0.00000
1547639662497021 0.99651 0.08349 -0.00000 -416.87419 -0.08349 0.99651 0.00000 3.80071 0.00000 -0.00000 1.00000 0.00000
1547639662748745 0.99632 0.08573 -0.00000 -419.41767 -0.08573 0.99632 0.00000 4.71807 0.00000 -0.00000 1.00000 0.00000
1547639663000368 0.99613 0.08787 -0.00000 -421.96088 -0.08787 0.99613 0.00000 5.62336 0.00000 -0.00000 1.00000 0.00000
1547639663252595 0.99593 0.09011 -0.00000 -424.45573 -0.09011 0.99593 0.00000 6.67313 0.00000 -0.00000 1.00000 0.00000
1547639663505867 0.99588 0.09072 -0.00000 -427.01213 -0.09072 0.99588 0.00000 6.93865 0.00000 -0.00000 1.00000 0.00000
1547639663758366 0.99593 0.09009 -0.00000 -429.49896 -0.09009 0.99593 0.00000 6.76664 0.00000 -0.00000 1.00000 0.00000
1547639664008671 0.99584 0.09115 -0.00000 -431.92616 -0.09115 0.99584 0.00000 7.28316 0.00000 -0.00000 1.00000 0.00000
1547639664257628 0.99591 0.09033 -0.00000 -434.30290 -0.09033 0.99591 0.00000 6.90934 0.00000 -0.00000 1.00000 0.00000
1547639664505342 0.99599 0.08948 -0.00000 -436.63632 -0.08948 0.99599 0.00000 6.56716 0.00000 -0.00000 1.00000 0.00000
1547639664752877 0.99600 0.08932 -0.00000 -438.92191 -0.08932 0.99600 0.00000 6.56071 0.00000 -0.00000 1.00000 0.00000
1547639665000296 0.99600 0.08931 -0.00000 -441.12878 -0.08931 0.99600 0.00000 6.60485 0.00000 -0.00000 1.00000 0.00000
1547639665248130 0.99606 0.08869 -0.00000 -443.27338 -0.08869 0.99606 0.00000 6.40038 0.00000 -0.00000 1.00000 0.00000
1547639665497400 0.99630 0.08590 -0.00000 -445.31581 -0.08590 0.99630 0.00000 5.11621 0.00000 -0.00000 1.00000 0.00000
1547639665748186 0.99665 0.08180 -0.00000 -447.30327 -0.08180 0.99665 0.00000 3.35694 0.00000 -0.00000 1.00000 0.00000
1547639665999283 0.99701 0.07722 -0.00000 -449.18827 -0.07722 0.99701 0.00000 1.35217 0.00000 -0.00000 1.00000 0.00000
1547639666249586 0.99766 0.06840 -0.00000 -450.95160 -0.06840 0.99766 0.00000 -2.66267 0.00000 -0.00000 1.00000 0.00000
1547639666499663 0.99830 0.05830 -0.00000 -452.57516 -0.05830 0.99830 0.00000 -7.15848 0.00000 -0.00000 1.00000 0.00000
1547639666750442 0.99916 0.04100 -0.00000 -453.98345 -0.04100 0.99916 0.00000 -14.97988 0.00000 -0.00000 1.00000 0.00000
1547639667002782 0.99992 0.01238 -0.00000 -454.92111 -0.01238 0.99992 0.00000 -27.94661 0.00000 -0.00000 1.00000 0.00000
1547639667255239 0.99961 -0.02777 0.00000 -454.89345 0.02777 0.99961 -0.00000 -46.13791 -0.00000 0.00000 1.00000 0.00000
1547639667506722 0.99700 -0.07739 0.00000 -453.40240 0.07739 0.99700 -0.00000 -68.63718 -0.00000 0.00000 1.00000 0.00000
1547639667758651 0.99137 -0.13113 0.00000 -450.33033 0.13113 0.99137 -0.00000 -92.94939 -0.00000 0.00000 1.00000 0.00000
1547639668011286 0.98130 -0.19251 0.00000 -444.91707 0.19251 0.98130 -0.00000 -120.75174 -0.00000 0.00000 1.00000 0.00000
1547639668263175 0.96493 -0.26250 0.00000 -436.28681 0.26250 0.96493 -0.00000 -152.33163 -0.00000 0.00000 1.00000 0.00000
1547639668512907 0.93939 -0.34285 0.00000 -423.01870 0.34285 0.93939 -0.00000 -188.52073 -0.00000 0.00000 1.00000 0.00000
1547639668760917 0.90275 -0.43016 0.00000 -404.37999 0.43016 0.90275 -0.00000 -227.55394 -0.00000 0.00000 1.00000 0.00000
1547639669008398 0.85470 -0.51912 0.00000 -380.42519 0.51912 0.85470 -0.00000 -267.16175 -0.00000 0.00000 1.00000 0.00000
1547639669255588 0.79268 -0.60964 0.00000 -349.87529 0.60964 0.79268 -0.00000 -307.14904 -0.00000 0.00000 1.00000 0.00000
1547639669502007 0.71331 -0.70085 0.00000 -311.23071 0.70085 0.71331 -0.00000 -347.04272 -0.00000 0.00000 1.00000 0.00000
1547639669748872 0.61990 -0.78468 0.00000 -266.27334 0.78468 0.61990 -0.00000 -383.21668 -0.00000 0.00000 1.00000 0.00000
1547639669997247 0.51219 -0.85887 0.00000 -214.96692 0.85887 0.51219 -0.00000 -414.57485 -0.00000 0.00000 1.00000 0.00000
1547639670245992 0.39401 -0.91911 0.00000 -159.11490 0.91911 0.39401 -0.00000 -439.27855 -0.00000 0.00000 1.00000 0.00000
1547639670495951 0.26405 -0.96451 0.00000 -98.22195 0.96451 0.26405 -0.00000 -456.86959 -0.00000 0.00000 1.00000 0.00000
1547639670748986 0.12192 -0.99254 0.00000 -32.13745 0.99254 0.12192 -0.00000 -466.18322 -0.00000 0.00000 1.00000 0.00000
1547639671003499 -0.02370 -0.99972 0.00000 35.02408 0.99972 -0.02370 0.00000 -465.79051 0.00000 0.00000 1.00000 -0.00000
1547639671256850 -0.17314 -0.98490 0.00000 103.34361 0.98490 -0.17314 0.00000 -455.17922 0.00000 0.00000 1.00000 -0.00000
1547639671509242 -0.31605 -0.94874 0.00000 168.04189 0.94874 -0.31605 0.00000 -434.97976 0.00000 0.00000 1.00000 -0.00000
1547639671760905 -0.45078 -0.89263 0.00000 228.48706 0.89263 -0.45078 0.00000 -405.75194 0.00000 0.00000 1.00000 -0.00000
1547639672010519 -0.56196 -0.82717 0.00000 277.67681 0.82717 -0.56196 0.00000 -372.89944 0.00000 0.00000 1.00000 -0.00000
1547639672258981 -0.66338 -0.74828 0.00000 322.05295 0.74828 -0.66338 0.00000 -334.11850 0.00000 0.00000 1.00000 -0.00000
1547639672508753 -0.74962 -0.66186 0.00000 359.08929 0.66186 -0.74962 0.00000 -292.32170 0.00000 0.00000 1.00000 -0.00000
1547639672758822 -0.80791 -0.58931 0.00000 383.38344 0.58931 -0.80791 0.00000 -257.67203 0.00000 0.00000 1.00000 -0.00000
1547639673008147 -0.84498 -0.53479 0.00000 398.10466 0.53479 -0.84498 0.00000 -231.78191 0.00000 0.00000 1.00000 -0.00000
1547639673257131 -0.86336 -0.50460 0.00000 404.58308 0.50460 -0.86336 0.00000 -217.51475 0.00000 0.00000 1.00000 -0.00000
1547639673505698 -0.86937 -0.49416 0.00000 405.62727 0.49416 -0.86937 0.00000 -212.49612 0.00000 0.00000 1.00000 -0.00000
1547639673753521 -0.87185 -0.48977 0.00000 405.13169 0.48977 -0.87185 0.00000 -210.39505 0.00000 0.00000 1.00000 -0.00000
1547639674001326 -0.87261 -0.48841 0.00000 403.77900 0.48841 -0.87261 0.00000 -209.69303 0.00000 0.00000 1.00000 -0.00000
1547639674248846 -0.87364 -0.48657 0.00000 402.47455 0.48657 -0.87364 0.00000 -208.79248 0.00000 0.00000 1.00000 -0.00000
1547639674496495 -0.87398 -0.48596 0.00000 400.81263 0.48596 -0.87398 0.00000 -208.47800 0.00000 0.00000 1.00000 -0.00000
1547639674745398 -0.87431 -0.48536 0.00000 399.04901 0.48536 -0.87431 0.00000 -208.14231 0.00000 0.00000 1.00000 -0.00000
1547639674995099 -0.87532 -0.48354 0.00000 397.54904 0.48354 -0.87532 0.00000 -207.25304 0.00000 0.00000 1.00000 -0.00000
1547639675245275 -0.87584 -0.48260 0.00000 395.71020 0.48260 -0.87584 0.00000 -206.84774 0.00000 0.00000 1.00000 -0.00000
1547639675496342 -0.87617 -0.48201 0.00000 393.74486 0.48201 -0.87617 0.00000 -206.49362 0.00000 0.00000 1.00000 -0.00000
1547639675748491 -0.87700 -0.48049 0.00000 391.91554 0.48049 -0.87700 0.00000 -205.81563 0.00000 0.00000 1.00000 -0.00000
1547639676000332 -0.87742 -0.47972 0.00000 389.87658 0.47972 -0.87742 0.00000 -205.43964 0.00000 0.00000 1.00000 -0.00000
1547639676251715 -0.87826 -0.47819 0.00000 387.95943 0.47819 -0.87826 0.00000 -204.71829 0.00000 0.00000 1.00000 -0.00000
1547639676503346 -0.87907 -0.47670 0.00000 385.95993 0.47670 -0.87907 0.00000 -204.04908 0.00000 0.00000 1.00000 -0.00000
1547639676754966 -0.88040 -0.47424 0.00000 384.19107 0.47424 -0.88040 0.00000 -202.88241 0.00000 0.00000 1.00000 -0.00000
1547639677005908 -0.88199 -0.47127 0.00000 382.43997 0.47127 -0.88199 0.00000 -201.54629 0.00000 0.00000 1.00000 -0.00000
1547639677257534 -0.88459 -0.46637 0.00000 381.10974 0.46637 -0.88459 0.00000 -199.42317 0.00000 0.00000 1.00000 -0.00000
1547639677509676 -0.88574 -0.46419 0.00000 379.10250 0.46419 -0.88574 0.00000 -198.43978 0.00000 0.00000 1.00000 -0.00000
1547639677762876 -0.88878 -0.45833 0.00000 377.87857 0.45833 -0.88878 0.00000 -195.95624 0.00000 0.00000 1.00000 0.00000
1547639678016448 -0.89099 -0.45403 0.00000 376.25770 0.45403 -0.89099 0.00000 -194.09020 0.00000 0.00000 1.00000 0.00000
1547639678268160 -0.89149 -0.45304 0.00000 373.91483 0.45304 -0.89149 0.00000 -193.63755 0.00000 0.00000 1.00000 0.00000
1547639678517848 -0.89242 -0.45121 0.00000 371.76522 0.45121 -0.89242 0.00000 -192.83319 0.00000 0.00000 1.00000 0.00000
1547639678766340 -0.89280 -0.45045 0.00000 369.35577 0.45045 -0.89280 0.00000 -192.49933 0.00000 0.00000 1.00000 0.00000
1547639679014225 -0.89378 -0.44850 0.00000 367.22320 0.44850 -0.89378 0.00000 -191.66248 0.00000 0.00000 1.00000 0.00000
1547639679261522 -0.89487 -0.44632 0.00000 365.13464 0.44632 -0.89487 0.00000 -190.72811 0.00000 0.00000 1.00000 0.00000
1547639679508491 -0.89581 -0.44444 0.00000 362.98047 0.44444 -0.89581 0.00000 -189.93815 0.00000 0.00000 1.00000 0.00000
1547639679755892 -0.89605 -0.44395 0.00000 360.53777 0.44395 -0.89605 0.00000 -189.71741 0.00000 0.00000 1.00000 0.00000
1547639680004669 -0.89660 -0.44285 0.00000 358.19042 0.44285 -0.89660 0.00000 -189.26317 0.00000 0.00000 1.00000 0.00000
1547639680254755 -0.89785 -0.44030 0.00000 356.12656 0.44030 -0.89785 0.00000 -188.21162 0.00000 0.00000 1.00000 0.00000
1547639680506289 -0.89820 -0.43958 0.00000 353.66719 0.43958 -0.89820 0.00000 -187.89081 0.00000 0.00000 1.00000 0.00000
1547639680758454 -0.89777 -0.44047 0.00000 350.90356 0.44047 -0.89777 0.00000 -188.20403 0.00000 0.00000 1.00000 0.00000
1547639681009689 -0.89863 -0.43870 0.00000 348.68170 0.43870 -0.89863 0.00000 -187.53230 0.00000 0.00000 1.00000 0.00000
1547639681260561 -0.89919 -0.43756 0.00000 346.35709 0.43756 -0.89919 0.00000 -186.99788 0.00000 0.00000 1.00000 0.00000
