1620321572045994 1.00000 0.00000 0.00000 -0.00000 0.00000 -1.00000 0.00000 0.00000 0.00000 -0.00000 -1.00000 0.00000
1620321572295993 1.00000 -0.00016 0.00000 0.00148 -0.00016 -1.00000 0.00000 -0.02271 -0.00000 -0.00000 -1.00000 -0.00000
1620321572546001 1.00000 -0.00038 0.00000 0.00929 -0.00038 -1.00000 0.00000 -0.01687 -0.00000 -0.00000 -1.00000 -0.00000
1620321572796005 1.00000 0.00061 0.00000 0.00538 0.00061 -1.00000 0.00000 -0.01194 0.00000 -0.00000 -1.00000 -0.00000
1620321573046005 1.00000 0.00060 0.00000 0.00167 0.00060 -1.00000 0.00000 -0.01579 0.00000 -0.00000 -1.00000 -0.00000
1620321573296015 1.00000 -0.00048 0.00000 0.01650 -0.00048 -1.00000 0.00000 -0.01787 -0.00000 -0.00000 -1.00000 -0.00000
1620321573546016 1.00000 0.00099 -0.00000 0.01781 0.00099 -1.00000 0.00000 -0.03039 0.00000 -0.00000 -1.00000 -0.00000
1620321573796026 1.00000 0.00188 0.00000 0.00533 0.00188 -1.00000 0.00000 -0.00989 0.00000 -0.00000 -1.00000 -0.00000
1620321574046029 1.00000 0.00212 0.00000 0.01229 0.00212 -1.00000 0.00000 -0.03650 0.00000 -0.00000 -1.00000 -0.00000
1620321574296025 1.00000 0.00195 0.00000 -0.01434 0.00195 -1.00000 0.00000 -0.01429 0.00000 -0.00000 -1.00000 -0.00000
1620321574546693 1.00000 -0.00128 0.00000 0.00663 -0.00128 -1.00000 0.00000 -0.02989 -0.00000 -0.00000 -1.00000 -0.00000
1620321574796668 0.99999 -0.00523 0.00000 0.00131 -0.00523 -0.99999 0.00000 -0.02304 -0.00000 -0.00000 -1.00000 -0.00000
1620321575046045 1.00000 0.00193 0.00000 0.00598 0.00193 -1.00000 0.00000 -0.01257 0.00000 -0.00000 -1.00000 -0.00000
1620321575296047 1.00000 -0.00116 0.00000 -0.01225 -0.00116 -1.00000 0.00000 -0.00063 -0.00000 -0.00000 -1.00000 -0.00000
1620321575545423 0.99999 -0.00480 -0.00000 0.01966 -0.00480 -0.99999 0.00000 -0.04351 -0.00000 -0.00000 -1.00000 -0.00000
1620321575796061 0.99999 -0.00398 0.00000 0.02789 -0.00398 -0.99999 0.00000 -0.05421 -0.00000 -0.00000 -1.00000 -0.00000
1620321576046689 0.99998 -0.00632 0.00000 0.02366 -0.00632 -0.99998 0.00000 -0.02132 -0.00000 -0.00000 -1.00000 -0.00000
1620321576296695 0.99999 -0.00389 0.00000 0.02550 -0.00389 -0.99999 0.00000 -0.01560 -0.00000 -0.00000 -1.00000 -0.00000
1620321576546704 1.00000 -0.00098 0.00000 0.01672 -0.00098 -1.00000 0.00000 -0.01417 -0.00000 -0.00000 -1.00000 -0.00000
1620321576796701 1.00000 0.00246 0.00000 0.00153 0.00246 -1.00000 0.00000 -0.03017 0.00000 -0.00000 -1.00000 -0.00000
1620321577046706 0.99999 0.00503 0.00000 0.00361 0.00503 -0.99999 0.00000 -0.01008 0.00000 -0.00000 -1.00000 -0.00000
1620321577296708 0.99999 0.00414 0.00000 0.00834 0.00414 -0.99999 0.00000 -0.01096 0.00000 -0.00000 -1.00000 -0.00000
1620321577546709 1.00000 0.00060 0.00000 0.00063 0.00060 -1.00000 0.00000 -0.00169 0.00000 -0.00000 -1.00000 -0.00000
1620321577796713 0.99999 -0.00361 0.00000 0.01210 -0.00361 -0.99999 0.00000 -0.01794 -0.00000 -0.00000 -1.00000 -0.00000
1620321578046715 0.99998 -0.00670 -0.00000 0.02375 -0.00670 -0.99998 0.00000 -0.02114 -0.00000 -0.00000 -1.00000 -0.00000
1620321578296725 1.00000 -0.00259 0.00000 0.01807 -0.00259 -1.00000 0.00000 -0.02179 -0.00000 -0.00000 -1.00000 -0.00000
1620321578546731 0.99999 -0.00391 0.00000 0.00123 -0.00391 -0.99999 0.00000 -0.00781 -0.00000 -0.00000 -1.00000 -0.00000
1620321578796731 0.99998 -0.00697 0.00000 0.01827 -0.00697 -0.99998 0.00000 -0.01690 -0.00000 -0.00000 -1.00000 -0.00000
1620321579046732 0.99999 -0.00501 -0.00000 0.02388 -0.00501 -0.99999 0.00000 -0.02066 -0.00000 -0.00000 -1.00000 -0.00000
1620321579296745 0.99998 -0.00612 -0.00000 0.01732 -0.00612 -0.99998 0.00000 -0.00570 -0.00000 -0.00000 -1.00000 -0.00000
1620321579546745 0.99998 -0.00570 0.00000 0.01989 -0.00570 -0.99998 0.00000 -0.01993 -0.00000 -0.00000 -1.00000 -0.00000
1620321579796127 0.99998 -0.00698 0.00000 -0.01780 -0.00698 -0.99998 0.00000 -0.04222 -0.00000 -0.00000 -1.00000 -0.00000
1620321580046130 1.00000 0.00232 -0.00000 -0.00160 0.00232 -1.00000 0.00000 -0.01750 0.00000 -0.00000 -1.00000 -0.00000
1620321580296130 1.00000 0.00034 0.00000 -0.01826 0.00034 -1.00000 0.00000 0.00713 0.00000 -0.00000 -1.00000 0.00000
1620321580546134 1.00000 -0.00101 0.00000 0.00310 -0.00101 -1.00000 0.00000 -0.02931 -0.00000 -0.00000 -1.00000 -0.00000
1620321580796145 1.00000 -0.00245 0.00000 -0.00696 -0.00245 -1.00000 0.00000 -0.02669 -0.00000 -0.00000 -1.00000 -0.00000
1620321581045519 0.99999 -0.00496 -0.00000 -0.00557 -0.00496 -0.99999 0.00000 -0.05586 -0.00000 -0.00000 -1.00000 -0.00000
1620321581296154 1.00000 -0.00071 0.00000 -0.06467 -0.00071 -1.00000 0.00000 0.00207 -0.00000 -0.00000 -1.00000 0.00000
1620321581546773 0.99999 -0.00526 0.00000 -0.17836 -0.00526 -0.99999 0.00000 0.02844 -0.00000 -0.00000 -1.00000 0.00000
1620321581796786 0.99989 -0.01450 0.00000 -0.31196 -0.01450 -0.99989 0.00000 -0.00975 -0.00000 -0.00000 -1.00000 -0.00000
1620321582047413 0.99932 -0.03699 0.00000 -0.51710 -0.03699 -0.99932 0.00000 -0.04191 -0.00000 -0.00000 -1.00000 -0.00000
1620321582298038 0.99778 -0.06653 0.00000 -0.92034 -0.06653 -0.99778 0.00000 -0.09072 -0.00000 -0.00000 -1.00000 -0.00000
1620321582548080 0.99517 -0.09815 0.00000 -1.40011 -0.09815 -0.99517 0.00000 -0.00928 -0.00000 -0.00000 -1.00000 -0.00000
1620321582798049 0.99032 -0.13879 0.00000 -1.95060 -0.13879 -0.99032 0.00000 -0.00151 -0.00000 -0.00000 -1.00000 -0.00000
1620321583047427 0.98855 -0.15091 -0.00000 -2.63367 -0.15091 -0.98855 0.00000 0.06494 -0.00000 -0.00000 -1.00000 0.00000
1620321583297435 0.98421 -0.17700 0.00000 -3.41370 -0.17700 -0.98421 0.00000 0.06902 -0.00000 -0.00000 -1.00000 0.00000
1620321583546811 0.98420 -0.17708 -0.00000 -4.28953 -0.17708 -0.98420 0.00000 0.01054 -0.00000 -0.00000 -1.00000 0.00000
1620321583797439 0.98179 -0.18999 0.00000 -5.25029 -0.18999 -0.98179 0.00000 0.08677 -0.00000 -0.00000 -1.00000 0.00000
1620321584046822 0.98383 -0.17908 0.00000 -6.25218 -0.17908 -0.98383 0.00000 -0.01526 -0.00000 -0.00000 -1.00000 -0.00000
1620321584296819 0.98353 -0.18076 0.00000 -7.36385 -0.18076 -0.98353 0.00000 0.02965 -0.00000 -0.00000 -1.00000 0.00000
1620321584546840 0.98469 -0.17434 0.00000 -8.51788 -0.17434 -0.98469 0.00000 -0.07796 -0.00000 -0.00000 -1.00000 -0.00000
1620321584796837 0.98612 -0.16606 0.00000 -9.83262 -0.16606 -0.98612 0.00000 -0.18416 -0.00000 -0.00000 -1.00000 -0.00000
1620321585046206 0.98754 -0.15735 -0.00000 -10.99081 -0.15735 -0.98754 0.00000 -0.35829 -0.00000 -0.00000 -1.00000 -0.00000
1620321585296214 0.99108 -0.13324 0.00000 -12.40662 -0.13324 -0.99108 0.00000 -0.62656 -0.00000 -0.00000 -1.00000 -0.00000
1620321585546845 0.99317 -0.11663 0.00000 -13.77599 -0.11663 -0.99317 0.00000 -0.79090 -0.00000 -0.00000 -1.00000 -0.00000
1620321585796230 0.99456 -0.10420 0.00000 -15.15516 -0.10420 -0.99456 0.00000 -1.05899 -0.00000 -0.00000 -1.00000 -0.00000
1620321586046852 0.99583 -0.09121 -0.00000 -16.67127 -0.09121 -0.99583 0.00000 -1.15382 -0.00000 -0.00000 -1.00000 -0.00000
1620321586296857 0.99745 -0.07136 0.00000 -18.19924 -0.07136 -0.99745 0.00000 -1.53673 -0.00000 -0.00000 -1.00000 -0.00000
1620321586546859 0.99812 -0.06123 0.00000 -19.78717 -0.06123 -0.99812 0.00000 -1.65028 -0.00000 -0.00000 -1.00000 -0.00000
1620321586796240 0.99880 -0.04898 0.00000 -21.45128 -0.04898 -0.99880 0.00000 -2.10846 -0.00000 -0.00000 -1.00000 -0.00000
1620321587046245 0.99902 -0.04418 0.00000 -23.16615 -0.04418 -0.99902 0.00000 -2.11168 -0.00000 -0.00000 -1.00000 -0.00000
1620321587296255 0.99913 -0.04163 0.00000 -24.83692 -0.04163 -0.99913 0.00000 -2.19452 -0.00000 -0.00000 -1.00000 -0.00000
1620321587546252 0.99943 -0.03384 0.00000 -26.59584 -0.03384 -0.99943 0.00000 -2.44655 -0.00000 -0.00000 -1.00000 -0.00000
1620321587796880 0.99982 -0.01902 0.00000 -28.37913 -0.01902 -0.99982 0.00000 -2.85668 -0.00000 -0.00000 -1.00000 -0.00000
1620321588047517 0.99998 -0.00552 -0.00000 -30.16055 -0.00552 -0.99998 0.00000 -3.29291 -0.00000 -0.00000 -1.00000 -0.00000
1620321588297516 0.99990 0.01391 0.00000 -31.89108 0.01391 -0.99990 0.00000 -3.88404 0.00000 -0.00000 -1.00000 -0.00000
1620321588548141 0.99954 0.03046 0.00000 -33.56572 0.03046 -0.99954 0.00000 -4.42526 0.00000 -0.00000 -1.00000 -0.00000
1620321588798146 0.99917 0.04084 0.00000 -35.32098 0.04084 -0.99917 0.00000 -4.87374 0.00000 -0.00000 -1.00000 -0.00000
1620321589048151 0.99880 0.04905 0.00000 -36.89259 0.04905 -0.99880 0.00000 -5.17721 0.00000 -0.00000 -1.00000 -0.00000
1620321589297539 0.99773 0.06732 -0.00000 -38.48156 0.06732 -0.99773 0.00000 -5.69202 0.00000 -0.00000 -1.00000 -0.00000
1620321589547533 0.99723 0.07441 0.00000 -40.04478 0.07441 -0.99723 0.00000 -6.08291 0.00000 -0.00000 -1.00000 -0.00000
1620321589797544 0.99715 0.07539 0.00000 -41.64620 0.07539 -0.99715 0.00000 -6.22417 0.00000 -0.00000 -1.00000 -0.00000
1620321590046921 0.99651 0.08347 0.00000 -43.11237 0.08347 -0.99651 0.00000 -6.52581 0.00000 -0.00000 -1.00000 -0.00000
1620321590297548 0.99673 0.08085 0.00000 -44.79577 0.08085 -0.99673 0.00000 -6.45368 0.00000 -0.00000 -1.00000 -0.00000
1620321590546971 0.99626 0.08645 0.00000 -46.29459 0.08645 -0.99626 0.00000 -6.80764 0.00000 -0.00000 -1.00000 -0.00000
1620321590796931 0.99652 0.08341 0.00000 -47.90816 0.08341 -0.99652 0.00000 -6.71315 0.00000 -0.00000 -1.00000 -0.00000
1620321591046931 0.99665 0.08174 0.00000 -49.58165 0.08174 -0.99665 0.00000 -6.63046 0.00000 -0.00000 -1.00000 -0.00000
1620321591297569 0.99784 0.06565 -0.00000 -51.23580 0.06565 -0.99784 0.00000 -5.77803 0.00000 -0.00000 -1.00000 -0.00000
1620321591546947 0.99844 0.05581 0.00000 -52.95970 0.05581 -0.99844 0.00000 -5.28337 0.00000 -0.00000 -1.00000 -0.00000
1620321591796325 0.99898 0.04515 0.00000 -54.61012 0.04515 -0.99898 0.00000 -4.83411 0.00000 -0.00000 -1.00000 -0.00000
1620321592046336 0.99931 0.03706 0.00000 -56.37226 0.03706 -0.99931 0.00000 -4.37024 0.00000 -0.00000 -1.00000 -0.00000
1620321592296334 0.99937 0.03561 -0.00000 -58.12721 0.03561 -0.99937 0.00000 -4.34029 0.00000 -0.00000 -1.00000 -0.00000
1620321592546349 0.99954 0.03031 0.00000 -59.97806 0.03031 -0.99954 0.00000 -4.07665 0.00000 -0.00000 -1.00000 -0.00000
1620321592796967 0.99978 0.02098 0.00000 -61.78875 0.02098 -0.99978 0.00000 -3.50587 0.00000 -0.00000 -1.00000 -0.00000
1620321593046351 0.99965 0.02659 0.00000 -63.64484 0.02659 -0.99965 0.00000 -3.91801 0.00000 -0.00000 -1.00000 -0.00000
1620321593296976 0.99985 0.01757 0.00000 -65.59241 0.01757 -0.99985 0.00000 -3.33195 0.00000 -0.00000 -1.00000 -0.00000
1620321593546353 0.99966 0.02594 0.00000 -67.48240 0.02594 -0.99966 0.00000 -3.93562 0.00000 -0.00000 -1.00000 -0.00000
1620321593796983 0.99977 0.02156 0.00000 -69.49057 0.02156 -0.99977 0.00000 -3.51980 0.00000 -0.00000 -1.00000 -0.00000
1620321594046989 0.99969 0.02481 0.00000 -71.44398 0.02481 -0.99969 0.00000 -3.75699 0.00000 -0.00000 -1.00000 -0.00000
1620321594296371 0.99968 0.02526 0.00000 -73.42001 0.02526 -0.99968 0.00000 -3.93704 0.00000 -0.00000 -1.00000 -0.00000
1620321594546993 0.99985 0.01713 0.00000 -75.56154 0.01713 -0.99985 0.00000 -3.21284 0.00000 -0.00000 -1.00000 -0.00000
1620321594796997 0.99986 0.01659 0.00000 -77.53062 0.01659 -0.99986 0.00000 -3.17051 0.00000 -0.00000 -1.00000 -0.00000
1620321595047007 0.99999 0.00393 0.00000 -79.69100 0.00393 -0.99999 0.00000 -2.27323 0.00000 -0.00000 -1.00000 -0.00000
1620321595297013 0.99985 -0.01721 -0.00000 -81.70343 -0.01721 -0.99985 0.00000 -0.55764 -0.00000 -0.00000 -1.00000 -0.00000
1620321595546389 0.99927 -0.03824 -0.00000 -83.76098 -0.03824 -0.99927 0.00000 1.06974 -0.00000 -0.00000 -1.00000 0.00000
1620321595795766 0.99762 -0.06890 0.00000 -85.71266 -0.06890 -0.99762 0.00000 3.64020 -0.00000 -0.00000 -1.00000 0.00000
1620321596046391 0.99337 -0.11498 0.00000 -87.46325 -0.11498 -0.99337 0.00000 7.63554 -0.00000 -0.00000 -1.00000 0.00000
1620321596297030 0.98878 -0.14940 0.00000 -89.12994 -0.14940 -0.98878 0.00000 10.62158 -0.00000 -0.00000 -1.00000 0.00000
1620321596547660 0.98024 -0.19782 -0.00000 -90.56839 -0.19782 -0.98024 0.00000 15.01303 -0.00000 -0.00000 -1.00000 0.00000
1620321596797660 0.96857 -0.24873 -0.00000 -91.69089 -0.24873 -0.96857 0.00000 19.73428 -0.00000 -0.00000 -1.00000 0.00000
1620321597047661 0.95399 -0.29985 0.00000 -92.39075 -0.29985 -0.95399 0.00000 24.49736 -0.00000 -0.00000 -1.00000 0.00000
1620321597297673 0.93163 -0.36340 0.00000 -92.53765 -0.36340 -0.93163 0.00000 30.71506 -0.00000 -0.00000 -1.00000 0.00000
1620321597547045 0.90651 -0.42219 0.00000 -92.44992 -0.42219 -0.90651 0.00000 36.68773 -0.00000 -0.00000 -1.00000 0.00000
1620321597796428 0.87620 -0.48194 0.00000 -91.67785 -0.48194 -0.87620 0.00000 42.76467 -0.00000 -0.00000 -1.00000 0.00000
1620321598045808 0.84333 -0.53739 -0.00000 -90.70762 -0.53739 -0.84333 0.00000 48.51334 -0.00000 -0.00000 -1.00000 0.00000
1620321598295810 0.80454 -0.59390 0.00000 -89.07477 -0.59390 -0.80454 0.00000 54.67114 -0.00000 -0.00000 -1.00000 0.00000
1620321598545826 0.77247 -0.63505 0.00000 -88.19337 -0.63505 -0.77247 0.00000 59.16787 -0.00000 -0.00000 -1.00000 0.00000
1620321598796447 0.73408 -0.67906 0.00000 -86.51801 -0.67906 -0.73408 0.00000 64.23742 -0.00000 -0.00000 -1.00000 0.00000
1620321599047075 0.69177 -0.72211 0.00000 -84.38923 -0.72211 -0.69177 0.00000 69.35167 -0.00000 -0.00000 -1.00000 0.00000
1620321599298326 0.63915 -0.76908 0.00000 -81.16611 -0.76908 -0.63915 0.00000 75.30583 -0.00000 -0.00000 -1.00000 0.00000
1620321599548329 0.58869 -0.80836 0.00000 -78.07523 -0.80836 -0.58869 0.00000 80.19291 -0.00000 -0.00000 -1.00000 0.00000
1620321599797713 0.53201 -0.84674 -0.00000 -74.29429 -0.84674 -0.53201 0.00000 85.19302 -0.00000 -0.00000 -1.00000 0.00000
1620321600047091 0.48026 -0.87713 0.00000 -70.93079 -0.87713 -0.48026 0.00000 89.42222 -0.00000 -0.00000 -1.00000 0.00000
1620321600296473 0.43989 -0.89805 0.00000 -68.72617 -0.89805 -0.43989 0.00000 92.43993 -0.00000 -0.00000 -1.00000 0.00000
1620321600546478 0.41537 -0.90965 0.00000 -68.15426 -0.90965 -0.41537 0.00000 94.36117 -0.00000 -0.00000 -1.00000 0.00000
1620321600796479 0.39305 -0.91952 -0.00000 -67.75436 -0.91952 -0.39305 0.00000 96.12158 -0.00000 -0.00000 -1.00000 0.00000
1620321601045852 0.38904 -0.92122 0.00000 -69.32717 -0.92122 -0.38904 0.00000 96.14199 -0.00000 -0.00000 -1.00000 0.00000
1620321601295856 0.38980 -0.92090 0.00000 -71.45592 -0.92090 -0.38980 0.00000 96.24172 -0.00000 -0.00000 -1.00000 0.00000
1620321601546487 0.39097 -0.92040 0.00000 -73.62132 -0.92040 -0.39097 0.00000 96.08294 -0.00000 -0.00000 -1.00000 0.00000
1620321601797122 0.39711 -0.91777 0.00000 -76.37527 -0.91777 -0.39711 0.00000 95.67820 -0.00000 -0.00000 -1.00000 0.00000
1620321602047753 0.40713 -0.91337 0.00000 -79.55218 -0.91337 -0.40713 0.00000 94.90074 -0.00000 -0.00000 -1.00000 0.00000
1620321602298382 0.41923 -0.90788 0.00000 -82.96731 -0.90788 -0.41923 0.00000 93.84028 -0.00000 -0.00000 -1.00000 0.00000
1620321602548386 0.43520 -0.90033 -0.00000 -86.75003 -0.90033 -0.43520 0.00000 92.18866 -0.00000 -0.00000 -1.00000 0.00000
1620321602798387 0.44934 -0.89336 0.00000 -90.43366 -0.89336 -0.44934 0.00000 90.76319 -0.00000 -0.00000 -1.00000 0.00000
1620321603048392 0.46042 -0.88770 0.00000 -93.67388 -0.88770 -0.46042 0.00000 89.60380 -0.00000 -0.00000 -1.00000 0.00000
1620321603298398 0.47151 -0.88186 0.00000 -96.94543 -0.88186 -0.47151 0.00000 88.43353 -0.00000 -0.00000 -1.00000 0.00000
1620321603548397 0.48470 -0.87468 0.00000 -100.37424 -0.87468 -0.48470 0.00000 86.88725 -0.00000 -0.00000 -1.00000 0.00000
1620321603798407 0.49728 -0.86759 0.00000 -103.80532 -0.86759 -0.49728 0.00000 85.30983 -0.00000 -0.00000 -1.00000 0.00000
1620321604049034 0.50566 -0.86273 0.00000 -106.74456 -0.86273 -0.50566 0.00000 84.34221 -0.00000 -0.00000 -1.00000 0.00000
1620321604298418 0.51178 -0.85912 0.00000 -109.37199 -0.85912 -0.51178 0.00000 83.48991 -0.00000 -0.00000 -1.00000 0.00000
1620321604549042 0.51595 -0.85662 -0.00000 -111.87918 -0.85662 -0.51595 0.00000 83.00858 -0.00000 -0.00000 -1.00000 0.00000
1620321604799048 0.52482 -0.85121 0.00000 -114.77387 -0.85121 -0.52482 0.00000 81.76018 -0.00000 -0.00000 -1.00000 0.00000
1620321605049055 0.52835 -0.84903 0.00000 -117.16801 -0.84903 -0.52835 0.00000 81.09940 -0.00000 -0.00000 -1.00000 0.00000
1620321605299680 0.52635 -0.85027 0.00000 -119.07082 -0.85027 -0.52635 0.00000 81.61317 -0.00000 -0.00000 -1.00000 0.00000
1620321605549056 0.54184 -0.84048 0.00000 -122.35826 -0.84048 -0.54184 0.00000 79.18365 -0.00000 -0.00000 -1.00000 0.00000
1620321605799690 0.54754 -0.83678 0.00000 -124.85942 -0.83678 -0.54754 0.00000 78.44570 -0.00000 -0.00000 -1.00000 0.00000
1620321606049696 0.56126 -0.82764 0.00000 -128.02046 -0.82764 -0.56126 0.00000 76.37183 -0.00000 -0.00000 -1.00000 0.00000
1620321606299709 0.57311 -0.81948 -0.00000 -130.88093 -0.81948 -0.57311 0.00000 74.49035 -0.00000 -0.00000 -1.00000 0.00000
1620321606549704 0.58722 -0.80943 0.00000 -133.91541 -0.80943 -0.58722 0.00000 72.24250 -0.00000 -0.00000 -1.00000 0.00000
1620321606799707 0.60370 -0.79721 0.00000 -137.01841 -0.79721 -0.60370 0.00000 69.49650 -0.00000 -0.00000 -1.00000 0.00000
1620321607049712 0.62747 -0.77864 0.00000 -140.63860 -0.77864 -0.62747 0.00000 65.34444 -0.00000 -0.00000 -1.00000 0.00000
1620321607299096 0.66679 -0.74525 -0.00000 -145.38869 -0.74525 -0.66679 0.00000 57.97019 -0.00000 -0.00000 -1.00000 0.00000
1620321607549092 0.70270 -0.71148 0.00000 -149.60882 -0.71148 -0.70270 0.00000 50.68916 -0.00000 -0.00000 -1.00000 0.00000
1620321607799098 0.74916 -0.66239 0.00000 -154.08011 -0.66239 -0.74916 0.00000 40.47467 -0.00000 -0.00000 -1.00000 0.00000
1620321608048480 0.80506 -0.59319 0.00000 -158.49762 -0.59319 -0.80506 0.00000 26.50050 -0.00000 -0.00000 -1.00000 0.00000
1620321608298480 0.85543 -0.51791 0.00000 -161.59430 -0.51791 -0.85543 0.00000 11.98012 -0.00000 -0.00000 -1.00000 0.00000
1620321608548495 0.90714 -0.42084 -0.00000 -163.26085 -0.42084 -0.90714 0.00000 -5.84556 -0.00000 -0.00000 -1.00000 -0.00000
1620321608798485 0.94716 -0.32075 0.00000 -162.89168 -0.32075 -0.94716 0.00000 -23.43788 -0.00000 -0.00000 -1.00000 -0.00000
1620321609048490 0.98000 -0.19901 0.00000 -159.85033 -0.19901 -0.98000 0.00000 -43.71989 -0.00000 -0.00000 -1.00000 -0.00000
1620321609298501 0.99797 -0.06365 0.00000 -153.56124 -0.06365 -0.99797 0.00000 -65.15200 -0.00000 -0.00000 -1.00000 -0.00000
1620321609548497 0.99659 0.08245 0.00000 -143.54652 0.08245 -0.99659 0.00000 -86.78822 0.00000 -0.00000 -1.00000 -0.00000
1620321609797878 0.96800 0.25094 0.00000 -127.80516 0.25094 -0.96800 0.00000 -109.92108 0.00000 -0.00000 -1.00000 -0.00000
1620321610047882 0.91606 0.40103 0.00000 -109.89519 0.40103 -0.91606 0.00000 -128.71731 0.00000 -0.00000 -1.00000 -0.00000
1620321610297890 0.83774 0.54607 -0.00000 -88.26057 0.54607 -0.83774 0.00000 -145.01783 0.00000 -0.00000 -1.00000 -0.00000
1620321610548522 0.72596 0.68773 0.00000 -61.78213 0.68773 -0.72596 0.00000 -158.46596 0.00000 -0.00000 -1.00000 -0.00000
1620321610798523 0.59162 0.80621 0.00000 -33.58782 0.80621 -0.59162 0.00000 -166.92896 0.00000 -0.00000 -1.00000 -0.00000
1620321611048525 0.44148 0.89727 0.00000 -4.84293 0.89727 -0.44148 0.00000 -170.23847 0.00000 -0.00000 -1.00000 -0.00000
1620321611299158 0.27488 0.96148 0.00000 24.47893 0.96148 -0.27488 0.00000 -168.34355 0.00000 -0.00000 -1.00000 -0.00000
1620321611549169 0.09634 0.99535 -0.00000 53.50804 0.99535 -0.09634 0.00000 -161.10873 0.00000 -0.00000 -1.00000 -0.00000
1620321611799170 -0.09193 0.99577 0.00000 81.69781 0.99577 0.09193 0.00000 -148.17775 0.00000 0.00000 -1.00000 -0.00000
1620321612049166 -0.27807 0.96056 0.00000 106.91777 0.96056 0.27807 0.00000 -130.16180 0.00000 0.00000 -1.00000 -0.00000
1620321612299192 -0.45103 0.89251 0.00000 128.16265 0.89251 0.45103 0.00000 -108.10563 0.00000 0.00000 -1.00000 -0.00000
1620321612549803 -0.59911 0.80067 0.00000 143.62140 0.80067 0.59911 0.00000 -84.02306 0.00000 0.00000 -1.00000 -0.00000
1620321612799810 -0.71482 0.69931 0.00000 153.59846 0.69931 0.71482 0.00000 -61.02623 0.00000 0.00000 -1.00000 -0.00000
1620321613049814 -0.79665 0.60444 0.00000 158.72013 0.60444 0.79665 0.00000 -41.36962 0.00000 0.00000 -1.00000 -0.00000
1620321613299818 -0.84946 0.52766 -0.00000 160.59800 0.52766 0.84946 0.00000 -26.39573 0.00000 0.00000 -1.00000 -0.00000
1620321613549817 -0.88326 0.46888 0.00000 160.56715 0.46888 0.88326 0.00000 -15.45620 0.00000 0.00000 -1.00000 -0.00000
1620321613800455 -0.90572 0.42387 0.00000 159.85921 0.42387 0.90572 0.00000 -7.34493 0.00000 0.00000 -1.00000 -0.00000
1620321614050457 -0.91927 0.39363 0.00000 158.50197 0.39363 0.91927 0.00000 -2.11588 0.00000 0.00000 -1.00000 -0.00000
1620321614301098 -0.92694 0.37521 0.00000 156.95178 0.37521 0.92694 0.00000 1.10743 0.00000 0.00000 -1.00000 0.00000
1620321614551084 -0.93071 0.36575 0.00000 155.33796 0.36575 0.93071 0.00000 2.68976 0.00000 0.00000 -1.00000 0.00000
1620321614801093 -0.92924 0.36948 0.00000 153.72880 0.36948 0.92924 0.00000 2.12744 0.00000 0.00000 -1.00000 0.00000
1620321615051100 -0.92205 0.38708 0.00000 152.12141 0.38708 0.92205 0.00000 -0.78161 0.00000 0.00000 -1.00000 -0.00000
1620321615300479 -0.90962 0.41544 0.00000 150.26322 0.41544 0.90962 0.00000 -5.60387 0.00000 0.00000 -1.00000 -0.00000
1620321615550478 -0.89198 0.45207 -0.00000 148.23238 0.45207 0.89198 0.00000 -11.75082 0.00000 0.00000 -1.00000 -0.00000
1620321615800479 -0.87099 0.49130 0.00000 145.91255 0.49130 0.87099 0.00000 -18.36839 0.00000 0.00000 -1.00000 -0.00000
1620321616050484 -0.84072 0.54147 0.00000 142.82506 0.54147 0.84072 0.00000 -26.76874 0.00000 0.00000 -1.00000 -0.00000
1620321616299868 -0.81126 0.58469 0.00000 139.46265 0.58469 0.81126 0.00000 -34.26569 0.00000 0.00000 -1.00000 -0.00000
1620321616549247 -0.77818 0.62804 0.00000 135.53515 0.62804 0.77818 0.00000 -41.88958 0.00000 0.00000 -1.00000 -0.00000
1620321616798625 -0.74218 0.67020 0.00000 131.15847 0.67020 0.74218 0.00000 -49.35738 0.00000 0.00000 -1.00000 -0.00000
1620321617048630 -0.69553 0.71850 0.00000 125.65003 0.71850 0.69553 0.00000 -57.99757 0.00000 0.00000 -1.00000 -0.00000
1620321617298012 -0.65796 0.75306 0.00000 120.53447 0.75306 0.65796 0.00000 -64.50804 0.00000 0.00000 -1.00000 -0.00000
1620321617548007 -0.61592 0.78781 0.00000 114.86065 0.78781 0.61592 0.00000 -70.89585 0.00000 0.00000 -1.00000 -0.00000
1620321617798024 -0.57095 0.82099 0.00000 108.76612 0.82099 0.57095 0.00000 -77.26841 0.00000 0.00000 -1.00000 -0.00000
1620321618048022 -0.51956 0.85444 -0.00000 101.86383 0.85444 0.51956 0.00000 -83.74788 0.00000 0.00000 -1.00000 -0.00000
1620321618297399 -0.47707 0.87887 0.00000 95.67429 0.87887 0.47707 0.00000 -88.68486 0.00000 0.00000 -1.00000 -0.00000
1620321618547405 -0.43333 0.90124 0.00000 89.08775 0.90124 0.43333 0.00000 -93.19773 0.00000 0.00000 -1.00000 -0.00000
1620321618796785 -0.40863 0.91270 -0.00000 84.56544 0.91270 0.40863 0.00000 -95.78055 0.00000 0.00000 -1.00000 -0.00000
1620321619046788 -0.37819 0.92573 0.00000 79.25334 0.92573 0.37819 0.00000 -98.49737 0.00000 0.00000 -1.00000 -0.00000
1620321619296792 -0.35313 0.93557 0.00000 74.48209 0.93557 0.35313 0.00000 -100.64487 0.00000 0.00000 -1.00000 -0.00000
1620321619546170 -0.34333 0.93922 0.00000 71.33630 0.93922 0.34333 0.00000 -101.40375 0.00000 0.00000 -1.00000 -0.00000
1620321619796174 -0.33348 0.94276 0.00000 68.23734 0.94276 0.33348 0.00000 -102.40853 0.00000 0.00000 -1.00000 -0.00000
1620321620046804 -0.32986 0.94403 0.00000 65.61394 0.94403 0.32986 0.00000 -102.49398 0.00000 0.00000 -1.00000 -0.00000
1620321620297430 -0.33774 0.94124 -0.00000 64.28605 0.94124 0.33774 0.00000 -101.85476 0.00000 0.00000 -1.00000 -0.00000
1620321620548062 -0.34912 0.93708 0.00000 63.38587 0.93708 0.34912 0.00000 -101.12259 0.00000 0.00000 -1.00000 -0.00000
1620321620798067 -0.37856 0.92558 0.00000 64.43005 0.92558 0.37856 0.00000 -99.28326 0.00000 0.00000 -1.00000 -0.00000
1620321621048701 -0.41203 0.91117 0.00000 65.82704 0.91117 0.41203 0.00000 -96.87768 0.00000 0.00000 -1.00000 -0.00000
1620321621298703 -0.45517 0.89040 -0.00000 68.23655 0.89040 0.45517 0.00000 -93.77399 0.00000 0.00000 -1.00000 -0.00000
1620321621548703 -0.50064 0.86566 0.00000 70.84031 0.86566 0.50064 0.00000 -90.17293 0.00000 0.00000 -1.00000 -0.00000
1620321621798708 -0.55144 0.83421 0.00000 73.97064 0.83421 0.55144 0.00000 -85.77266 0.00000 0.00000 -1.00000 -0.00000
1620321622048713 -0.60823 0.79376 0.00000 77.74149 0.79376 0.60823 0.00000 -80.59575 0.00000 0.00000 -1.00000 -0.00000
1620321622298717 -0.66167 0.74979 0.00000 81.00918 0.74979 0.66167 0.00000 -75.15106 0.00000 0.00000 -1.00000 -0.00000
1620321622548763 -0.71069 0.70351 0.00000 83.81158 0.70351 0.71069 0.00000 -69.72644 0.00000 0.00000 -1.00000 -0.00000
1620321622799350 -0.76189 0.64771 0.00000 86.78706 0.64771 0.76189 0.00000 -63.12449 0.00000 0.00000 -1.00000 -0.00000
1620321623049356 -0.80781 0.58945 0.00000 89.15346 0.58945 0.80781 0.00000 -56.70642 0.00000 0.00000 -1.00000 -0.00000
1620321623298738 -0.84876 0.52878 0.00000 90.83588 0.52878 0.84876 0.00000 -50.08409 0.00000 0.00000 -1.00000 -0.00000
1620321623549361 -0.88607 0.46355 0.00000 92.37501 0.46355 0.88607 0.00000 -43.16903 0.00000 0.00000 -1.00000 -0.00000
1620321623799366 -0.91732 0.39815 -0.00000 93.08048 0.39815 0.91732 0.00000 -36.32426 0.00000 0.00000 -1.00000 -0.00000
1620321624049371 -0.94210 0.33533 0.00000 93.26875 0.33533 0.94210 0.00000 -29.98526 0.00000 0.00000 -1.00000 -0.00000
1620321624299379 -0.96056 0.27806 0.00000 92.79942 0.27806 0.96056 0.00000 -24.44998 0.00000 0.00000 -1.00000 -0.00000
1620321624549386 -0.97448 0.22449 0.00000 91.93819 0.22449 0.97448 0.00000 -19.36151 0.00000 0.00000 -1.00000 -0.00000
1620321624799384 -0.98518 0.17152 0.00000 90.71660 0.17152 0.98518 0.00000 -14.40202 0.00000 0.00000 -1.00000 -0.00000
1620321625049388 -0.99215 0.12503 0.00000 89.10086 0.12503 0.99215 0.00000 -10.08714 0.00000 0.00000 -1.00000 -0.00000
1620321625299396 -0.99654 0.08315 0.00000 87.36583 0.08315 0.99654 0.00000 -6.39980 0.00000 0.00000 -1.00000 -0.00000
1620321625548770 -0.99870 0.05092 0.00000 85.36821 0.05092 0.99870 0.00000 -3.58785 0.00000 0.00000 -1.00000 -0.00000
1620321625798780 -0.99954 0.03048 0.00000 83.25833 0.03048 0.99954 0.00000 -1.86295 0.00000 0.00000 -1.00000 -0.00000
1620321626048780 -0.99964 0.02698 0.00000 81.18844 0.02698 0.99964 0.00000 -1.49499 0.00000 0.00000 -1.00000 -0.00000
1620321626298160 -0.99989 0.01485 0.00000 78.91269 0.01485 0.99989 0.00000 -0.61727 0.00000 0.00000 -1.00000 -0.00000
1620321626548162 -0.99996 0.00908 0.00000 76.80672 0.00908 0.99996 0.00000 -0.19483 0.00000 0.00000 -1.00000 -0.00000
1620321626798171 -0.99985 0.01726 0.00000 74.73709 0.01726 0.99985 0.00000 -0.88298 0.00000 0.00000 -1.00000 -0.00000
1620321627047550 -0.99988 0.01550 0.00000 72.63339 0.01550 0.99988 0.00000 -0.86900 0.00000 0.00000 -1.00000 -0.00000
1620321627297557 -0.99997 0.00831 0.00000 70.57949 0.00831 0.99997 0.00000 -0.27184 0.00000 0.00000 -1.00000 -0.00000
1620321627547558 -0.99996 0.00854 0.00000 68.49949 0.00854 0.99996 0.00000 -0.31223 0.00000 0.00000 -1.00000 -0.00000
1620321627796933 -0.99999 0.00452 0.00000 66.57369 0.00452 0.99999 0.00000 -0.12661 0.00000 0.00000 -1.00000 -0.00000
1620321628046948 -1.00000 -0.00064 0.00000 64.52465 -0.00064 1.00000 0.00000 0.16014 -0.00000 0.00000 -1.00000 0.00000
1620321628297578 -1.00000 -0.00081 -0.00000 62.51187 -0.00081 1.00000 0.00000 0.19721 -0.00000 0.00000 -1.00000 0.00000
1620321628546952 -0.99980 -0.01988 0.00000 60.56528 -0.01988 0.99980 0.00000 1.27196 -0.00000 0.00000 -1.00000 0.00000
1620321628796956 -0.99966 -0.02592 0.00000 58.64105 -0.02592 0.99966 0.00000 1.51935 -0.00000 0.00000 -1.00000 0.00000
1620321629047588 -0.99931 -0.03708 0.00000 56.66167 -0.03708 0.99931 0.00000 2.26393 -0.00000 0.00000 -1.00000 0.00000
1620321629297595 -0.99889 -0.04702 0.00000 54.72916 -0.04702 0.99889 0.00000 2.84508 -0.00000 0.00000 -1.00000 0.00000
1620321629547591 -0.99819 -0.06007 -0.00000 52.70195 -0.06007 0.99819 0.00000 3.53848 -0.00000 0.00000 -1.00000 0.00000
1620321629797599 -0.99721 -0.07459 0.00000 50.81111 -0.07459 0.99721 0.00000 4.30897 -0.00000 0.00000 -1.00000 0.00000
1620321630046977 -0.99415 -0.10802 0.00000 48.70746 -0.10802 0.99415 0.00000 5.89114 -0.00000 0.00000 -1.00000 0.00000
1620321630296981 -0.99151 -0.13000 0.00000 46.71543 -0.13000 0.99151 0.00000 7.07483 -0.00000 0.00000 -1.00000 0.00000
1620321630547029 -0.99049 -0.13755 -0.00000 44.78479 -0.13755 0.99049 0.00000 7.35256 -0.00000 0.00000 -1.00000 0.00000
1620321630797610 -0.99238 -0.12319 0.00000 43.05407 -0.12319 0.99238 0.00000 6.74553 -0.00000 0.00000 -1.00000 0.00000
1620321631047620 -0.99448 -0.10496 -0.00000 41.40038 -0.10496 0.99448 0.00000 5.88979 -0.00000 0.00000 -1.00000 0.00000
1620321631296998 -0.99713 -0.07568 0.00000 39.70108 -0.07568 0.99713 0.00000 4.70745 -0.00000 0.00000 -1.00000 0.00000
1620321631547007 -0.99909 -0.04262 -0.00000 38.00697 -0.04262 0.99909 0.00000 3.28357 -0.00000 0.00000 -1.00000 0.00000
1620321631797008 -0.99996 -0.00860 0.00000 36.32318 -0.00860 0.99996 0.00000 2.01627 -0.00000 0.00000 -1.00000 0.00000
1620321632047008 -0.99968 0.02536 -0.00000 34.53183 0.02536 0.99968 0.00000 0.73953 0.00000 0.00000 -1.00000 0.00000
1620321632297013 -0.99865 0.05187 0.00000 32.62325 0.05187 0.99865 0.00000 -0.32011 0.00000 0.00000 -1.00000 -0.00000
1620321632546400 -0.99825 0.05906 0.00000 30.68827 0.05906 0.99825 0.00000 -0.65958 0.00000 0.00000 -1.00000 -0.00000
1620321632797025 -0.99694 0.07816 0.00000 28.72350 0.07816 0.99694 0.00000 -1.18435 0.00000 0.00000 -1.00000 -0.00000
1620321633047652 -0.99545 0.09526 -0.00000 26.70961 0.09526 0.99545 0.00000 -1.77956 0.00000 0.00000 -1.00000 -0.00000
1620321633297657 -0.99507 0.09913 0.00000 24.65966 0.09913 0.99507 0.00000 -1.84896 0.00000 0.00000 -1.00000 -0.00000
1620321633548907 -0.99458 0.10398 0.00000 22.60356 0.10398 0.99458 0.00000 -1.97670 0.00000 0.00000 -1.00000 -0.00000
1620321633798914 -0.99463 0.10354 0.00000 20.48522 0.10354 0.99463 0.00000 -2.00945 0.00000 0.00000 -1.00000 -0.00000
1620321634048923 -0.99513 0.09860 -0.00000 18.44561 0.09860 0.99513 0.00000 -1.96234 0.00000 0.00000 -1.00000 -0.00000
1620321634298923 -0.99434 0.10622 -0.00000 16.28942 0.10622 0.99434 0.00000 -2.09633 0.00000 0.00000 -1.00000 -0.00000
1620321634548919 -0.99450 0.10476 0.00000 14.18695 0.10476 0.99450 0.00000 -2.10277 0.00000 0.00000 -1.00000 -0.00000
1620321634798933 -0.99452 0.10452 0.00000 12.09687 0.10452 0.99452 0.00000 -2.10528 0.00000 0.00000 -1.00000 -0.00000
1620321635048938 -0.99385 0.11077 0.00000 9.96667 0.11077 0.99385 0.00000 -2.19477 0.00000 0.00000 -1.00000 -0.00000
1620321635298939 -0.99399 0.10945 0.00000 7.76242 0.10945 0.99399 0.00000 -2.28439 0.00000 0.00000 -1.00000 -0.00000
1620321635548943 -0.99445 0.10523 0.00000 5.66168 0.10523 0.99445 0.00000 -2.26492 0.00000 0.00000 -1.00000 -0.00000
1620321635798944 -0.99479 0.10198 0.00000 3.47913 0.10198 0.99479 0.00000 -2.17667 0.00000 0.00000 -1.00000 -0.00000
1620321636048950 -0.99495 0.10039 0.00000 1.34543 0.10039 0.99495 0.00000 -2.25259 0.00000 0.00000 -1.00000 -0.00000
1620321636298958 -0.99561 0.09364 -0.00000 -0.84291 0.09364 0.99561 0.00000 -2.32142 0.00000 0.00000 -1.00000 -0.00000
1620321636548335 -0.99671 0.08103 0.00000 -3.00182 0.08103 0.99671 0.00000 -2.42612 0.00000 0.00000 -1.00000 -0.00000
1620321636798964 -0.99700 0.07743 0.00000 -5.23587 0.07743 0.99700 0.00000 -2.45079 0.00000 0.00000 -1.00000 -0.00000
1620321637048969 -0.99740 0.07206 0.00000 -7.38110 0.07206 0.99740 0.00000 -2.47762 0.00000 0.00000 -1.00000 -0.00000
1620321637298980 -0.99792 0.06440 0.00000 -9.47760 0.06440 0.99792 0.00000 -2.52616 0.00000 0.00000 -1.00000 -0.00000
1620321637548358 -0.99879 0.04918 0.00000 -11.70539 0.04918 0.99879 0.00000 -2.73292 0.00000 0.00000 -1.00000 -0.00000
1620321637798356 -0.99910 0.04247 -0.00000 -13.79755 0.04247 0.99910 0.00000 -2.87944 0.00000 0.00000 -1.00000 -0.00000
1620321638048363 -0.99940 0.03475 0.00000 -15.96587 0.03475 0.99940 0.00000 -2.94318 0.00000 0.00000 -1.00000 -0.00000
1620321638298362 -0.99971 0.02417 0.00000 -18.08729 0.02417 0.99971 0.00000 -3.21180 0.00000 0.00000 -1.00000 -0.00000
1620321638548373 -0.99984 0.01792 0.00000 -20.29579 0.01792 0.99984 0.00000 -3.37116 0.00000 0.00000 -1.00000 -0.00000
1620321638798372 -0.99998 0.00642 -0.00000 -22.48512 0.00642 0.99998 0.00000 -3.65904 0.00000 0.00000 -1.00000 -0.00000
1620321639047755 -1.00000 0.00199 -0.00000 -24.89969 0.00199 1.00000 0.00000 -3.84434 0.00000 0.00000 -1.00000 -0.00000
1620321639298379 -1.00000 0.00260 0.00000 -26.79395 0.00260 1.00000 0.00000 -3.78528 0.00000 0.00000 -1.00000 -0.00000
1620321639547760 -0.99999 -0.00438 -0.00000 -29.09646 -0.00438 0.99999 0.00000 -4.14689 -0.00000 0.00000 -1.00000 -0.00000
1620321639797765 -0.99998 -0.00670 -0.00000 -31.21932 -0.00670 0.99998 0.00000 -4.09577 -0.00000 0.00000 -1.00000 -0.00000
1620321640047772 -1.00000 0.00041 0.00000 -33.43064 0.00041 1.00000 0.00000 -3.85864 0.00000 0.00000 -1.00000 -0.00000
1620321640297774 -0.99997 0.00777 0.00000 -35.56523 0.00777 0.99997 0.00000 -3.61658 0.00000 0.00000 -1.00000 -0.00000
1620321640547785 -0.99985 0.01717 0.00000 -37.82999 0.01717 0.99985 0.00000 -3.25562 0.00000 0.00000 -1.00000 -0.00000
1620321640797152 -0.99997 0.00805 0.00000 -39.78363 0.00805 0.99997 0.00000 -3.74687 0.00000 0.00000 -1.00000 -0.00000
1620321641047164 -0.99987 0.01616 0.00000 -42.05893 0.01616 0.99987 0.00000 -3.35677 0.00000 0.00000 -1.00000 -0.00000
1620321641297169 -0.99989 0.01492 0.00000 -44.04777 0.01492 0.99989 0.00000 -3.52967 0.00000 0.00000 -1.00000 -0.00000
1620321641547169 -0.99966 0.02602 -0.00000 -46.19177 0.02602 0.99966 0.00000 -3.09440 0.00000 0.00000 -1.00000 -0.00000
1620321641796550 -0.99987 0.01597 0.00000 -48.13708 0.01597 0.99987 0.00000 -3.58547 0.00000 0.00000 -1.00000 -0.00000
1620321642046552 -0.99953 0.03073 0.00000 -50.26432 0.03073 0.99953 0.00000 -2.89338 0.00000 0.00000 -1.00000 -0.00000
1620321642297810 -0.99954 0.03027 0.00000 -52.03684 0.03027 0.99954 0.00000 -2.93797 0.00000 0.00000 -1.00000 -0.00000
1620321642547816 -0.99904 0.04384 -0.00000 -54.05827 0.04384 0.99904 0.00000 -2.21175 0.00000 0.00000 -1.00000 -0.00000
1620321642798443 -0.99792 0.06453 0.00000 -55.74494 0.06453 0.99792 0.00000 -1.12624 0.00000 0.00000 -1.00000 -0.00000
1620321643048444 -0.99600 0.08932 0.00000 -57.38467 0.08932 0.99600 0.00000 0.16220 0.00000 0.00000 -1.00000 0.00000
1620321643297825 -0.99253 0.12200 0.00000 -58.87195 0.12200 0.99253 0.00000 2.03536 0.00000 0.00000 -1.00000 0.00000
1620321643547835 -0.98525 0.17114 0.00000 -60.21543 0.17114 0.98525 0.00000 4.93087 0.00000 0.00000 -1.00000 0.00000
1620321643797841 -0.97209 0.23463 -0.00000 -61.15855 0.23463 0.97209 0.00000 8.74854 0.00000 0.00000 -1.00000 0.00000
1620321644047840 -0.95206 0.30592 -0.00000 -61.59571 0.30592 0.95206 0.00000 13.27749 0.00000 0.00000 -1.00000 0.00000
1620321644297219 -0.92424 0.38182 0.00000 -61.48260 0.38182 0.92424 0.00000 18.20544 0.00000 0.00000 -1.00000 0.00000
1620321644546592 -0.87937 0.47613 0.00000 -60.45868 0.47613 0.87937 0.00000 24.59034 0.00000 0.00000 -1.00000 0.00000
1620321644796598 -0.82482 0.56540 0.00000 -58.64118 0.56540 0.82482 0.00000 30.71524 0.00000 0.00000 -1.00000 0.00000
1620321645046612 -0.75870 0.65144 0.00000 -56.03791 0.65144 0.75870 0.00000 36.80170 0.00000 0.00000 -1.00000 0.00000
1620321645297235 -0.67014 0.74224 0.00000 -52.07293 0.74224 0.67014 0.00000 43.60169 0.00000 0.00000 -1.00000 0.00000
1620321645547866 -0.57116 0.82084 0.00000 -47.20504 0.82084 0.57116 0.00000 49.82067 0.00000 0.00000 -1.00000 0.00000
1620321645797872 -0.47769 0.87853 0.00000 -42.47193 0.87853 0.47769 0.00000 54.62678 0.00000 0.00000 -1.00000 0.00000
1620321646047871 -0.38645 0.92231 0.00000 -37.73494 0.92231 0.38645 0.00000 58.61365 0.00000 0.00000 -1.00000 0.00000
1620321646297877 -0.29663 0.95499 0.00000 -32.95067 0.95499 0.29663 0.00000 62.07636 0.00000 0.00000 -1.00000 0.00000
1620321646546674 -0.22219 0.97500 0.00000 -29.02144 0.97500 0.22219 0.00000 64.18172 0.00000 0.00000 -1.00000 0.00000
1620321646796008 -0.16935 0.98556 0.00000 -26.42433 0.98556 0.16935 0.00000 65.65723 0.00000 0.00000 -1.00000 0.00000
1620321647046647 -0.12220 0.99251 0.00000 -23.92220 0.99251 0.12220 0.00000 66.83048 0.00000 0.00000 -1.00000 0.00000
1620321647297271 -0.08925 0.99601 -0.00000 -22.35987 0.99601 0.08925 0.00000 67.54476 0.00000 0.00000 -1.00000 0.00000
1620321647547902 -0.06642 0.99779 0.00000 -21.54813 0.99779 0.06642 0.00000 68.02970 0.00000 0.00000 -1.00000 0.00000
1620321647797899 -0.05420 0.99853 0.00000 -21.18910 0.99853 0.05420 0.00000 68.08206 0.00000 0.00000 -1.00000 0.00000
1620321648048528 -0.03686 0.99932 -0.00000 -20.36278 0.99932 0.03686 0.00000 68.47717 0.00000 0.00000 -1.00000 0.00000
1620321648297914 -0.02353 0.99972 0.00000 -19.80494 0.99972 0.02353 0.00000 68.75055 0.00000 0.00000 -1.00000 0.00000
1620321648547921 -0.02586 0.99967 0.00000 -20.26386 0.99967 0.02586 0.00000 68.80546 0.00000 0.00000 -1.00000 0.00000
1620321648797923 -0.02086 0.99978 0.00000 -20.22937 0.99978 0.02086 0.00000 68.70512 0.00000 0.00000 -1.00000 0.00000
1620321649047921 -0.01520 0.99988 0.00000 -20.08441 0.99988 0.01520 0.00000 68.88140 0.00000 0.00000 -1.00000 0.00000
1620321649297305 -0.01810 0.99984 0.00000 -20.44540 0.99984 0.01810 0.00000 68.77924 0.00000 0.00000 -1.00000 0.00000
1620321649547308 -0.01606 0.99987 0.00000 -20.50917 0.99987 0.01606 0.00000 68.90574 0.00000 0.00000 -1.00000 0.00000
1620321649797314 -0.01802 0.99984 0.00000 -20.67796 0.99984 0.01802 0.00000 68.72028 0.00000 0.00000 -1.00000 0.00000
1620321650046686 -0.02060 0.99979 0.00000 -20.97477 0.99979 0.02060 0.00000 68.68445 0.00000 0.00000 -1.00000 0.00000
1620321650297316 -0.01686 0.99986 -0.00000 -20.78044 0.99986 0.01686 0.00000 68.93379 0.00000 0.00000 -1.00000 0.00000
1620321650547949 -0.01717 0.99985 -0.00000 -20.91765 0.99985 0.01717 0.00000 68.88965 0.00000 0.00000 -1.00000 0.00000
1620321650797966 -0.01607 0.99987 0.00000 -20.87311 0.99987 0.01607 0.00000 68.83539 0.00000 0.00000 -1.00000 0.00000
1620321651048579 -0.01740 0.99985 0.00000 -21.02670 0.99985 0.01740 0.00000 68.90450 0.00000 0.00000 -1.00000 0.00000
1620321651298585 -0.01893 0.99982 0.00000 -21.13686 0.99982 0.01893 0.00000 68.65438 0.00000 0.00000 -1.00000 0.00000
1620321651548590 -0.02434 0.99970 0.00000 -21.58584 0.99970 0.02434 0.00000 68.57668 0.00000 0.00000 -1.00000 0.00000
1620321651798597 -0.01327 0.99991 -0.00000 -20.89528 0.99991 0.01327 0.00000 68.84403 0.00000 0.00000 -1.00000 0.00000
1620321652047981 -0.02120 0.99978 0.00000 -21.51233 0.99978 0.02120 0.00000 68.60832 0.00000 0.00000 -1.00000 0.00000
1620321652297981 -0.02349 0.99972 -0.00000 -21.67512 0.99972 0.02349 0.00000 68.63422 0.00000 0.00000 -1.00000 0.00000
1620321652547981 -0.02229 0.99975 0.00000 -21.65370 0.99975 0.02229 0.00000 68.64734 0.00000 0.00000 -1.00000 0.00000
1620321652797986 -0.02064 0.99979 0.00000 -21.57112 0.99979 0.02064 0.00000 68.73155 0.00000 0.00000 -1.00000 0.00000
1620321653047997 -0.01703 0.99986 0.00000 -21.35641 0.99986 0.01703 0.00000 68.87487 0.00000 0.00000 -1.00000 0.00000
1620321653297995 -0.01530 0.99988 -0.00000 -21.22767 0.99988 0.01530 0.00000 68.97300 0.00000 0.00000 -1.00000 0.00000
1620321653546746 -0.02039 0.99979 -0.00000 -21.77812 0.99979 0.02039 0.00000 68.62964 0.00000 0.00000 -1.00000 0.00000
1620321653796751 -0.01919 0.99982 0.00000 -21.72731 0.99982 0.01919 0.00000 68.71479 0.00000 0.00000 -1.00000 0.00000
1620321654047385 -0.01241 0.99992 0.00000 -21.24860 0.99992 0.01241 0.00000 68.90059 0.00000 0.00000 -1.00000 0.00000
1620321654298016 -0.01868 0.99983 0.00000 -21.82792 0.99983 0.01868 0.00000 68.75785 0.00000 0.00000 -1.00000 0.00000
1620321654548680 -0.01681 0.99986 0.00000 -21.65105 0.99986 0.01681 0.00000 68.74758 0.00000 0.00000 -1.00000 0.00000
1620321654799268 -0.01686 0.99986 -0.00000 -21.79088 0.99986 0.01686 0.00000 68.78395 0.00000 0.00000 -1.00000 0.00000
1620321655049897 -0.01440 0.99990 0.00000 -21.63720 0.99990 0.01440 0.00000 68.84727 0.00000 0.00000 -1.00000 0.00000
