1616517833875339 1.00000 0.00000 0.00000 -0.00000 0.00000 -1.00000 0.00000 0.00000 0.00000 -0.00000 -1.00000 0.00000
1616517834124712 0.99999 0.00437 0.00000 0.00887 0.00437 -0.99999 0.00000 -0.02318 0.00000 -0.00000 -1.00000 -0.00000
1616517834374722 1.00000 0.00141 -0.00000 -0.00797 0.00141 -1.00000 0.00000 -0.00606 0.00000 -0.00000 -1.00000 -0.00000
1616517834624098 0.99999 0.00444 -0.00000 -0.00869 0.00444 -0.99999 0.00000 -0.02094 0.00000 -0.00000 -1.00000 -0.00000
1616517834873477 0.99994 0.01114 -0.00000 0.01738 0.01114 -0.99994 0.00000 -0.03839 0.00000 -0.00000 -1.00000 -0.00000
1616517835123480 0.99999 0.00356 0.00000 -0.01097 0.00356 -0.99999 0.00000 -0.00301 0.00000 -0.00000 -1.00000 -0.00000
1616517835372858 0.99998 0.00667 -0.00000 0.02424 0.00667 -0.99998 0.00000 -0.04134 0.00000 -0.00000 -1.00000 -0.00000
1616517835622865 0.99999 0.00498 0.00000 0.00839 0.00498 -0.99999 0.00000 -0.04469 0.00000 -0.00000 -1.00000 -0.00000
1616517835872869 0.99999 0.00362 0.00000 0.01987 0.00362 -0.99999 0.00000 -0.05632 0.00000 -0.00000 -1.00000 -0.00000
1616517836123501 0.99999 0.00352 0.00000 0.00868 0.00352 -0.99999 0.00000 -0.00018 0.00000 -0.00000 -1.00000 -0.00000
1616517836374130 0.99999 0.00319 0.00000 -0.00218 0.00319 -0.99999 0.00000 0.00831 0.00000 -0.00000 -1.00000 0.00000
1616517836624133 0.99999 0.00417 -0.00000 -0.02485 0.00417 -0.99999 0.00000 -0.01693 0.00000 -0.00000 -1.00000 -0.00000
1616517836874771 1.00000 0.00140 -0.00000 0.01105 0.00140 -1.00000 0.00000 -0.05658 0.00000 -0.00000 -1.00000 -0.00000
1616517837124761 1.00000 0.00163 -0.00000 0.00690 0.00163 -1.00000 0.00000 -0.00790 0.00000 -0.00000 -1.00000 -0.00000
1616517837374145 0.99999 0.00468 0.00000 -0.00421 0.00468 -0.99999 0.00000 -0.01232 0.00000 -0.00000 -1.00000 -0.00000
1616517837623527 0.99997 0.00713 -0.00000 -0.05456 0.00713 -0.99997 0.00000 -0.00807 0.00000 -0.00000 -1.00000 -0.00000
1616517837873528 0.99999 0.00435 0.00000 0.00175 0.00435 -0.99999 0.00000 -0.03030 0.00000 -0.00000 -1.00000 -0.00000
1616517838123536 1.00000 -0.00059 0.00000 0.01351 -0.00059 -1.00000 0.00000 -0.01453 -0.00000 -0.00000 -1.00000 -0.00000
1616517838372908 0.99997 0.00829 -0.00000 0.00879 0.00829 -0.99997 0.00000 -0.03895 0.00000 -0.00000 -1.00000 -0.00000
1616517838623542 0.99999 0.00466 0.00000 -0.04941 0.00466 -0.99999 0.00000 0.01851 0.00000 -0.00000 -1.00000 0.00000
1616517838873541 1.00000 0.00107 -0.00000 0.01905 0.00107 -1.00000 0.00000 -0.08648 0.00000 -0.00000 -1.00000 -0.00000
1616517839124174 0.99999 0.00323 0.00000 0.05131 0.00323 -0.99999 0.00000 -0.06783 0.00000 -0.00000 -1.00000 -0.00000
1616517839374804 1.00000 0.00180 0.00000 -0.01588 0.00180 -1.00000 0.00000 0.02887 0.00000 -0.00000 -1.00000 0.00000
1616517839624809 1.00000 0.00006 0.00000 -0.00233 0.00006 -1.00000 0.00000 -0.01214 0.00000 -0.00000 -1.00000 -0.00000
1616517839874185 0.99999 0.00494 0.00000 0.02306 0.00494 -0.99999 0.00000 -0.03165 0.00000 -0.00000 -1.00000 -0.00000
1616517840124191 1.00000 0.00107 0.00000 -0.01162 0.00107 -1.00000 0.00000 0.00761 0.00000 -0.00000 -1.00000 0.00000
1616517840373565 0.99999 0.00544 -0.00000 0.02587 0.00544 -0.99999 0.00000 -0.03361 0.00000 -0.00000 -1.00000 -0.00000
1616517840623570 1.00000 0.00207 0.00000 -0.00318 0.00207 -1.00000 0.00000 -0.00342 0.00000 -0.00000 -1.00000 -0.00000
1616517840872946 0.99998 0.00652 0.00000 0.01081 0.00652 -0.99998 0.00000 -0.04070 0.00000 -0.00000 -1.00000 -0.00000
1616517841122951 1.00000 0.00214 0.00000 0.00005 0.00214 -1.00000 0.00000 -0.02098 0.00000 -0.00000 -1.00000 -0.00000
1616517841372958 1.00000 0.00013 0.00000 0.04729 0.00013 -1.00000 0.00000 -0.05397 0.00000 -0.00000 -1.00000 -0.00000
1616517841623594 1.00000 0.00158 0.00000 0.00976 0.00158 -1.00000 0.00000 -0.00374 0.00000 -0.00000 -1.00000 -0.00000
1616517841874218 0.99999 0.00317 0.00000 0.01731 0.00317 -0.99999 0.00000 -0.00597 0.00000 -0.00000 -1.00000 -0.00000
1616517842124846 0.99999 0.00520 0.00000 0.05770 0.00520 -0.99999 0.00000 -0.02840 0.00000 -0.00000 -1.00000 -0.00000
1616517842375477 0.99999 0.00373 0.00000 -0.01118 0.00373 -0.99999 0.00000 0.01525 0.00000 -0.00000 -1.00000 0.00000
1616517842625483 1.00000 -0.00044 0.00000 0.02838 -0.00044 -1.00000 0.00000 -0.01602 -0.00000 -0.00000 -1.00000 -0.00000
1616517842874864 1.00000 0.00260 0.00000 0.02028 0.00260 -1.00000 0.00000 -0.03360 0.00000 -0.00000 -1.00000 -0.00000
1616517843124238 1.00000 0.00242 -0.00000 0.02058 0.00242 -1.00000 0.00000 -0.09798 0.00000 -0.00000 -1.00000 -0.00000
1616517843374241 1.00000 0.00080 -0.00000 0.00768 0.00080 -1.00000 0.00000 -0.00829 0.00000 -0.00000 -1.00000 -0.00000
1616517843623620 0.99998 0.00599 0.00000 0.03272 0.00599 -0.99998 0.00000 -0.04727 0.00000 -0.00000 -1.00000 -0.00000
1616517843873624 1.00000 0.00277 -0.00000 0.00199 0.00277 -1.00000 0.00000 -0.01422 0.00000 -0.00000 -1.00000 -0.00000
1616517844123002 0.99998 0.00658 -0.00000 0.02469 0.00658 -0.99998 0.00000 -0.04510 0.00000 -0.00000 -1.00000 -0.00000
1616517844373003 1.00000 0.00143 0.00000 0.00655 0.00143 -1.00000 0.00000 -0.01555 0.00000 -0.00000 -1.00000 -0.00000
1616517844623011 1.00000 0.00223 0.00000 0.03870 0.00223 -1.00000 0.00000 -0.10250 0.00000 -0.00000 -1.00000 -0.00000
1616517844873641 1.00000 0.00020 0.00000 0.02329 0.00020 -1.00000 0.00000 -0.02323 0.00000 -0.00000 -1.00000 -0.00000
1616517845124274 0.99999 0.00481 -0.00000 0.01668 0.00481 -0.99999 0.00000 -0.03425 0.00000 -0.00000 -1.00000 -0.00000
1616517845375526 1.00000 0.00180 0.00000 -0.01481 0.00180 -1.00000 0.00000 -0.01956 0.00000 -0.00000 -1.00000 -0.00000
1616517845625528 1.00000 0.00160 0.00000 -0.02809 0.00160 -1.00000 0.00000 -0.03194 0.00000 -0.00000 -1.00000 -0.00000
1616517845875530 0.99998 0.00692 0.00000 0.01518 0.00692 -0.99998 0.00000 -0.03393 0.00000 -0.00000 -1.00000 -0.00000
1616517846125536 1.00000 0.00103 0.00000 -0.00500 0.00103 -1.00000 0.00000 0.00143 0.00000 -0.00000 -1.00000 0.00000
1616517846374917 1.00000 0.00303 0.00000 0.02058 0.00303 -1.00000 0.00000 -0.03784 0.00000 -0.00000 -1.00000 -0.00000
1616517846624917 1.00000 -0.00066 0.00000 0.01819 -0.00066 -1.00000 0.00000 -0.00735 -0.00000 -0.00000 -1.00000 -0.00000
1616517846874294 1.00000 0.00177 0.00000 -0.00673 0.00177 -1.00000 0.00000 -0.02902 0.00000 -0.00000 -1.00000 -0.00000
1616517847123675 1.00000 0.00116 -0.00000 -0.08732 0.00116 -1.00000 0.00000 -0.02854 0.00000 -0.00000 -1.00000 -0.00000
1616517847373688 1.00000 0.00087 0.00000 -0.11219 0.00087 -1.00000 0.00000 -0.02970 0.00000 -0.00000 -1.00000 -0.00000
1616517847623069 0.99996 -0.00865 0.00000 -0.31776 -0.00865 -0.99996 0.00000 -0.04253 -0.00000 -0.00000 -1.00000 -0.00000
1616517847873066 0.99961 -0.02800 0.00000 -0.51340 -0.02800 -0.99961 0.00000 -0.00967 -0.00000 -0.00000 -1.00000 -0.00000
1616517848123071 0.99880 -0.04894 -0.00000 -0.85290 -0.04894 -0.99880 0.00000 -0.09187 -0.00000 -0.00000 -1.00000 -0.00000
1616517848373698 0.99716 -0.07533 0.00000 -1.28091 -0.07533 -0.99716 0.00000 -0.00045 -0.00000 -0.00000 -1.00000 -0.00000
1616517848624327 0.99340 -0.11474 0.00000 -1.72829 -0.11474 -0.99340 0.00000 -0.08574 -0.00000 -0.00000 -1.00000 -0.00000
1616517848874955 0.98955 -0.14420 0.00000 -2.27458 -0.14420 -0.98955 0.00000 -0.07006 -0.00000 -0.00000 -1.00000 -0.00000
1616517849125585 0.98523 -0.17125 0.00000 -2.96222 -0.17125 -0.98523 0.00000 0.05844 -0.00000 -0.00000 -1.00000 0.00000
1616517849375588 0.98263 -0.18558 0.00000 -3.75422 -0.18558 -0.98263 0.00000 0.09843 -0.00000 -0.00000 -1.00000 0.00000
1616517849624974 0.98115 -0.19323 0.00000 -4.54958 -0.19323 -0.98115 0.00000 0.04688 -0.00000 -0.00000 -1.00000 0.00000
1616517849874972 0.98075 -0.19527 0.00000 -5.44788 -0.19527 -0.98075 0.00000 0.17414 -0.00000 -0.00000 -1.00000 0.00000
1616517850124351 0.98167 -0.19058 0.00000 -6.44157 -0.19058 -0.98167 0.00000 -0.07212 -0.00000 -0.00000 -1.00000 -0.00000
1616517850374358 0.98160 -0.19094 -0.00000 -7.53149 -0.19094 -0.98160 0.00000 -0.02725 -0.00000 -0.00000 -1.00000 -0.00000
1616517850624356 0.98276 -0.18487 0.00000 -8.56734 -0.18487 -0.98276 0.00000 -0.08946 -0.00000 -0.00000 -1.00000 -0.00000
1616517850873733 0.98522 -0.17132 0.00000 -9.67372 -0.17132 -0.98522 0.00000 -0.28773 -0.00000 -0.00000 -1.00000 -0.00000
1616517851123739 0.98596 -0.16698 0.00000 -10.84037 -0.16698 -0.98596 0.00000 -0.23877 -0.00000 -0.00000 -1.00000 -0.00000
1616517851373747 0.98633 -0.16477 0.00000 -12.10035 -0.16477 -0.98633 0.00000 -0.23493 -0.00000 -0.00000 -1.00000 -0.00000
1616517851623747 0.98850 -0.15121 0.00000 -13.23300 -0.15121 -0.98850 0.00000 -0.45978 -0.00000 -0.00000 -1.00000 -0.00000
1616517851873750 0.99074 -0.13580 0.00000 -14.65342 -0.13580 -0.99074 0.00000 -0.69349 -0.00000 -0.00000 -1.00000 -0.00000
1616517852124381 0.99285 -0.11939 0.00000 -16.11583 -0.11939 -0.99285 0.00000 -0.91801 -0.00000 -0.00000 -1.00000 -0.00000
1616517852375014 0.99389 -0.11039 -0.00000 -17.51447 -0.11039 -0.99389 0.00000 -1.12797 -0.00000 -0.00000 -1.00000 -0.00000
1616517852625022 0.99531 -0.09676 -0.00000 -18.96546 -0.09676 -0.99531 0.00000 -1.30075 -0.00000 -0.00000 -1.00000 -0.00000
1616517852874397 0.99684 -0.07941 -0.00000 -20.55318 -0.07941 -0.99684 0.00000 -1.67356 -0.00000 -0.00000 -1.00000 -0.00000
1616517853123774 0.99788 -0.06511 0.00000 -22.09020 -0.06511 -0.99788 0.00000 -2.05650 -0.00000 -0.00000 -1.00000 -0.00000
1616517853373784 0.99823 -0.05950 0.00000 -23.70242 -0.05950 -0.99823 0.00000 -2.08443 -0.00000 -0.00000 -1.00000 -0.00000
1616517853623157 0.99889 -0.04702 -0.00000 -25.26886 -0.04702 -0.99889 0.00000 -2.50494 -0.00000 -0.00000 -1.00000 -0.00000
1616517853873158 0.99951 -0.03139 0.00000 -26.89933 -0.03139 -0.99951 0.00000 -2.96377 -0.00000 -0.00000 -1.00000 -0.00000
1616517854123164 0.99993 -0.01201 -0.00000 -28.53238 -0.01201 -0.99993 0.00000 -3.47552 -0.00000 -0.00000 -1.00000 -0.00000
1616517854373796 0.99999 0.00534 0.00000 -30.07671 0.00534 -0.99999 0.00000 -4.04528 0.00000 -0.00000 -1.00000 -0.00000
1616517854625052 0.99979 0.02046 0.00000 -31.77631 0.02046 -0.99979 0.00000 -4.49033 0.00000 -0.00000 -1.00000 -0.00000
1616517854875683 0.99962 0.02770 0.00000 -33.57716 0.02770 -0.99962 0.00000 -4.69629 0.00000 -0.00000 -1.00000 -0.00000
1616517855125057 0.99914 0.04149 0.00000 -35.26941 0.04149 -0.99914 0.00000 -5.36032 0.00000 -0.00000 -1.00000 -0.00000
1616517855375062 0.99900 0.04464 0.00000 -37.06723 0.04464 -0.99900 0.00000 -5.42715 0.00000 -0.00000 -1.00000 -0.00000
1616517855624443 0.99865 0.05191 -0.00000 -38.98388 0.05191 -0.99865 0.00000 -5.63708 0.00000 -0.00000 -1.00000 -0.00000
1616517855874444 0.99851 0.05458 0.00000 -40.84213 0.05458 -0.99851 0.00000 -5.83919 0.00000 -0.00000 -1.00000 -0.00000
1616517856123823 0.99836 0.05717 0.00000 -42.76379 0.05717 -0.99836 0.00000 -5.91067 0.00000 -0.00000 -1.00000 -0.00000
1616517856373827 0.99864 0.05223 -0.00000 -44.77058 0.05223 -0.99864 0.00000 -5.68577 0.00000 -0.00000 -1.00000 -0.00000
1616517856623200 0.99880 0.04897 0.00000 -46.81319 0.04897 -0.99880 0.00000 -5.62238 0.00000 -0.00000 -1.00000 -0.00000
1616517856872586 0.99880 0.04889 0.00000 -48.91513 0.04889 -0.99880 0.00000 -5.73524 0.00000 -0.00000 -1.00000 -0.00000
1616517857123217 0.99888 0.04734 0.00000 -50.93226 0.04734 -0.99888 0.00000 -5.57518 0.00000 -0.00000 -1.00000 -0.00000
1616517857373219 0.99885 0.04802 0.00000 -53.03240 0.04802 -0.99885 0.00000 -5.64204 0.00000 -0.00000 -1.00000 -0.00000
1616517857624480 0.99881 0.04878 0.00000 -55.16605 0.04878 -0.99881 0.00000 -5.79883 0.00000 -0.00000 -1.00000 -0.00000
1616517857875103 0.99840 0.05658 0.00000 -57.15146 0.05658 -0.99840 0.00000 -6.28142 0.00000 -0.00000 -1.00000 -0.00000
1616517858125730 0.99827 0.05878 0.00000 -59.17665 0.05878 -0.99827 0.00000 -6.30563 0.00000 -0.00000 -1.00000 -0.00000
1616517858375742 0.99862 0.05249 0.00000 -61.39735 0.05249 -0.99862 0.00000 -5.95664 0.00000 -0.00000 -1.00000 -0.00000
1616517858625113 0.99785 0.06557 0.00000 -63.32659 0.06557 -0.99785 0.00000 -6.87632 0.00000 -0.00000 -1.00000 -0.00000
1616517858875118 0.99829 0.05839 0.00000 -65.40449 0.05839 -0.99829 0.00000 -6.35883 0.00000 -0.00000 -1.00000 -0.00000
1616517859124495 0.99783 0.06584 0.00000 -67.36881 0.06584 -0.99783 0.00000 -6.95268 0.00000 -0.00000 -1.00000 -0.00000
1616517859374502 0.99833 0.05771 0.00000 -69.46338 0.05771 -0.99833 0.00000 -6.28321 0.00000 -0.00000 -1.00000 -0.00000
1616517859623878 0.99855 0.05386 -0.00000 -71.47670 0.05386 -0.99855 0.00000 -6.09491 0.00000 -0.00000 -1.00000 -0.00000
1616517859873260 0.99842 0.05627 0.00000 -73.50032 0.05627 -0.99842 0.00000 -6.28283 0.00000 -0.00000 -1.00000 -0.00000
1616517860122637 0.99888 0.04727 0.00000 -75.49367 0.04727 -0.99888 0.00000 -5.71658 0.00000 -0.00000 -1.00000 -0.00000
1616517860373269 0.99943 0.03365 0.00000 -77.59343 0.03365 -0.99943 0.00000 -4.53120 0.00000 -0.00000 -1.00000 -0.00000
1616517860624243 0.99985 0.01746 0.00000 -79.66962 0.01746 -0.99985 0.00000 -3.36236 0.00000 -0.00000 -1.00000 -0.00000
1616517860875196 0.99998 -0.00589 0.00000 -81.69299 -0.00589 -0.99998 0.00000 -1.62705 -0.00000 -0.00000 -1.00000 -0.00000
1616517861126399 0.99940 -0.03470 0.00000 -83.72961 -0.03470 -0.99940 0.00000 0.80774 -0.00000 -0.00000 -1.00000 0.00000
1616517861376406 0.99792 -0.06450 0.00000 -85.52651 -0.06450 -0.99792 0.00000 3.30857 -0.00000 -0.00000 -1.00000 0.00000
1616517861625783 0.99534 -0.09644 0.00000 -87.37565 -0.09644 -0.99534 0.00000 6.07705 -0.00000 -0.00000 -1.00000 0.00000
1616517861875165 0.98938 -0.14534 0.00000 -88.88362 -0.14534 -0.98938 0.00000 10.21095 -0.00000 -0.00000 -1.00000 0.00000
1616517862125166 0.97983 -0.19982 -0.00000 -90.21488 -0.19982 -0.97983 0.00000 15.23694 -0.00000 -0.00000 -1.00000 0.00000
1616517862374545 0.96629 -0.25746 0.00000 -91.06700 -0.25746 -0.96629 0.00000 20.65571 -0.00000 -0.00000 -1.00000 0.00000
1616517862623927 0.94789 -0.31861 0.00000 -91.42869 -0.31861 -0.94789 0.00000 26.29147 -0.00000 -0.00000 -1.00000 0.00000
1616517862873308 0.92983 -0.36800 -0.00000 -91.86426 -0.36800 -0.92983 0.00000 30.97301 -0.00000 -0.00000 -1.00000 0.00000
1616517863123320 0.90860 -0.41767 0.00000 -92.07755 -0.41767 -0.90860 0.00000 35.96643 -0.00000 -0.00000 -1.00000 0.00000
1616517863373316 0.88104 -0.47305 0.00000 -91.58894 -0.47305 -0.88104 0.00000 41.62680 -0.00000 -0.00000 -1.00000 0.00000
1616517863623316 0.85285 -0.52215 0.00000 -91.01536 -0.52215 -0.85285 0.00000 46.60862 -0.00000 -0.00000 -1.00000 0.00000
1616517863874572 0.81675 -0.57700 -0.00000 -89.64877 -0.57700 -0.81675 0.00000 52.59558 -0.00000 -0.00000 -1.00000 0.00000
1616517864125202 0.77727 -0.62916 0.00000 -87.94997 -0.62916 -0.77727 0.00000 58.11692 -0.00000 -0.00000 -1.00000 0.00000
1616517864375207 0.73623 -0.67673 0.00000 -86.00781 -0.67673 -0.73623 0.00000 63.68183 -0.00000 -0.00000 -1.00000 0.00000
1616517864624593 0.68931 -0.72447 0.00000 -83.39542 -0.72447 -0.68931 0.00000 69.16571 -0.00000 -0.00000 -1.00000 0.00000
1616517864874586 0.64054 -0.76792 0.00000 -80.56389 -0.76792 -0.64054 0.00000 74.53812 -0.00000 -0.00000 -1.00000 0.00000
1616517865123966 0.58364 -0.81201 0.00000 -76.79388 -0.81201 -0.58364 0.00000 80.14505 -0.00000 -0.00000 -1.00000 0.00000
1616517865373975 0.52988 -0.84807 0.00000 -73.24516 -0.84807 -0.52988 0.00000 84.93409 -0.00000 -0.00000 -1.00000 0.00000
1616517865623363 0.47749 -0.87864 0.00000 -69.86292 -0.87864 -0.47749 0.00000 89.16052 -0.00000 -0.00000 -1.00000 0.00000
1616517865872733 0.43462 -0.90062 0.00000 -67.45991 -0.90062 -0.43462 0.00000 92.53495 -0.00000 -0.00000 -1.00000 0.00000
1616517866122733 0.39665 -0.91797 0.00000 -65.41819 -0.91797 -0.39665 0.00000 95.12231 -0.00000 -0.00000 -1.00000 0.00000
1616517866372736 0.37432 -0.92730 0.00000 -65.04241 -0.92730 -0.37432 0.00000 96.59593 -0.00000 -0.00000 -1.00000 0.00000
1616517866623369 0.36339 -0.93164 0.00000 -65.89194 -0.93164 -0.36339 0.00000 97.24228 -0.00000 -0.00000 -1.00000 0.00000
1616517866874623 0.35617 -0.93442 0.00000 -67.12735 -0.93442 -0.35617 0.00000 97.89240 -0.00000 -0.00000 -1.00000 0.00000
1616517867124625 0.36109 -0.93253 0.00000 -69.64095 -0.93253 -0.36109 0.00000 97.34190 -0.00000 -0.00000 -1.00000 0.00000
1616517867375256 0.36005 -0.93293 0.00000 -71.55182 -0.93293 -0.36005 0.00000 97.53996 -0.00000 -0.00000 -1.00000 0.00000
1616517867624628 0.37710 -0.92617 0.00000 -75.32610 -0.92617 -0.37710 0.00000 96.01744 -0.00000 -0.00000 -1.00000 0.00000
1616517867874643 0.38813 -0.92161 0.00000 -78.52357 -0.92161 -0.38813 0.00000 95.22094 -0.00000 -0.00000 -1.00000 0.00000
1616517868124020 0.40352 -0.91497 -0.00000 -82.11973 -0.91497 -0.40352 0.00000 93.89249 -0.00000 -0.00000 -1.00000 0.00000
1616517868373397 0.42064 -0.90723 -0.00000 -85.85555 -0.90723 -0.42064 0.00000 92.19805 -0.00000 -0.00000 -1.00000 0.00000
1616517868623403 0.43674 -0.89959 0.00000 -89.45367 -0.89959 -0.43674 0.00000 90.59724 -0.00000 -0.00000 -1.00000 0.00000
1616517868873409 0.45718 -0.88937 0.00000 -93.51757 -0.88937 -0.45718 0.00000 88.45912 -0.00000 -0.00000 -1.00000 0.00000
1616517869123409 0.48481 -0.87462 0.00000 -98.11009 -0.87462 -0.48481 0.00000 85.45956 -0.00000 -0.00000 -1.00000 0.00000
1616517869374042 0.50830 -0.86118 0.00000 -102.35752 -0.86118 -0.50830 0.00000 82.60129 -0.00000 -0.00000 -1.00000 0.00000
1616517869624669 0.53172 -0.84692 0.00000 -106.57394 -0.84692 -0.53172 0.00000 79.74897 -0.00000 -0.00000 -1.00000 0.00000
1616517869875297 0.55643 -0.83090 0.00000 -110.82357 -0.83090 -0.55643 0.00000 76.59913 -0.00000 -0.00000 -1.00000 0.00000
1616517870125299 0.57814 -0.81594 0.00000 -114.73973 -0.81594 -0.57814 0.00000 73.71621 -0.00000 -0.00000 -1.00000 0.00000
1616517870374680 0.59743 -0.80192 0.00000 -118.43068 -0.80192 -0.59743 0.00000 70.81713 -0.00000 -0.00000 -1.00000 0.00000
1616517870624685 0.61664 -0.78725 0.00000 -122.01281 -0.78725 -0.61664 0.00000 67.98117 -0.00000 -0.00000 -1.00000 0.00000
1616517870874056 0.63763 -0.77035 0.00000 -125.68680 -0.77035 -0.63763 0.00000 64.52929 -0.00000 -0.00000 -1.00000 0.00000
1616517871123439 0.65724 -0.75369 0.00000 -129.26400 -0.75369 -0.65724 0.00000 61.19514 -0.00000 -0.00000 -1.00000 0.00000
1616517871373441 0.67083 -0.74161 0.00000 -132.29839 -0.74161 -0.67083 0.00000 58.97143 -0.00000 -0.00000 -1.00000 0.00000
1616517871623449 0.68373 -0.72973 0.00000 -135.20046 -0.72973 -0.68373 0.00000 56.60194 -0.00000 -0.00000 -1.00000 0.00000
1616517871873455 0.69524 -0.71878 0.00000 -137.92228 -0.71878 -0.69524 0.00000 54.32470 -0.00000 -0.00000 -1.00000 0.00000
1616517872124703 0.70254 -0.71164 -0.00000 -140.31859 -0.71164 -0.70254 0.00000 52.98861 -0.00000 -0.00000 -1.00000 0.00000
1616517872375333 0.70697 -0.70725 0.00000 -142.45622 -0.70725 -0.70697 0.00000 51.97395 -0.00000 -0.00000 -1.00000 0.00000
1616517872625963 0.71399 -0.70015 0.00000 -144.78330 -0.70015 -0.71399 0.00000 50.60135 -0.00000 -0.00000 -1.00000 0.00000
1616517872875340 0.72464 -0.68913 0.00000 -147.37998 -0.68913 -0.72464 0.00000 48.26411 -0.00000 -0.00000 -1.00000 0.00000
1616517873125343 0.72828 -0.68528 0.00000 -149.33943 -0.68528 -0.72828 0.00000 47.53513 -0.00000 -0.00000 -1.00000 0.00000
1616517873375349 0.73401 -0.67914 0.00000 -151.48445 -0.67914 -0.73401 0.00000 46.26027 -0.00000 -0.00000 -1.00000 0.00000
1616517873624736 0.74451 -0.66761 -0.00000 -153.88047 -0.66761 -0.74451 0.00000 43.82810 -0.00000 -0.00000 -1.00000 0.00000
1616517873874732 0.75256 -0.65853 0.00000 -156.05896 -0.65853 -0.75256 0.00000 42.01153 -0.00000 -0.00000 -1.00000 0.00000
1616517874124109 0.77692 -0.62960 0.00000 -159.09027 -0.62960 -0.77692 0.00000 36.01574 -0.00000 -0.00000 -1.00000 0.00000
1616517874373488 0.80968 -0.58687 0.00000 -162.37201 -0.58687 -0.80968 0.00000 27.38275 -0.00000 -0.00000 -1.00000 0.00000
1616517874623497 0.84514 -0.53454 -0.00000 -165.20813 -0.53454 -0.84514 0.00000 16.96823 -0.00000 -0.00000 -1.00000 0.00000
1616517874873498 0.88039 -0.47426 0.00000 -167.42448 -0.47426 -0.88039 0.00000 5.29997 -0.00000 -0.00000 -1.00000 0.00000
1616517875124129 0.91838 -0.39570 0.00000 -168.51161 -0.39570 -0.91838 0.00000 -9.27276 -0.00000 -0.00000 -1.00000 -0.00000
1616517875374759 0.95402 -0.29974 -0.00000 -167.94367 -0.29974 -0.95402 0.00000 -26.44491 -0.00000 -0.00000 -1.00000 -0.00000
1616517875624762 0.98293 -0.18400 0.00000 -164.74815 -0.18400 -0.98293 0.00000 -46.27227 -0.00000 -0.00000 -1.00000 -0.00000
1616517875874769 0.99815 -0.06086 0.00000 -158.87441 -0.06086 -0.99815 0.00000 -66.35493 -0.00000 -0.00000 -1.00000 -0.00000
1616517876124772 0.99643 0.08443 -0.00000 -148.68208 0.08443 -0.99643 0.00000 -88.58443 0.00000 -0.00000 -1.00000 -0.00000
1616517876374150 0.96812 0.25048 0.00000 -132.78518 0.25048 -0.96812 0.00000 -112.29625 0.00000 -0.00000 -1.00000 -0.00000
1616517876624155 0.91673 0.39951 0.00000 -114.57197 0.39951 -0.91673 0.00000 -131.71343 0.00000 -0.00000 -1.00000 -0.00000
1616517876873574 0.83317 0.55302 0.00000 -90.93072 0.55302 -0.83317 0.00000 -149.69984 0.00000 -0.00000 -1.00000 -0.00000
1616517877123529 0.72368 0.69014 0.00000 -64.30604 0.69014 -0.72368 0.00000 -163.22242 0.00000 -0.00000 -1.00000 -0.00000
1616517877374174 0.59223 0.80577 0.00000 -35.83255 0.80577 -0.59223 0.00000 -171.88095 0.00000 -0.00000 -1.00000 -0.00000
1616517877624800 0.44261 0.89671 0.00000 -6.33316 0.89671 -0.44261 0.00000 -175.48634 0.00000 -0.00000 -1.00000 -0.00000
1616517877876050 0.27003 0.96285 -0.00000 25.15855 0.96285 -0.27003 0.00000 -173.60368 0.00000 -0.00000 -1.00000 -0.00000
1616517878126677 0.09488 0.99549 0.00000 54.55895 0.99549 -0.09488 0.00000 -166.29820 0.00000 -0.00000 -1.00000 -0.00000
1616517878376682 -0.08517 0.99637 -0.00000 82.58224 0.99637 0.08517 0.00000 -153.83591 0.00000 0.00000 -1.00000 -0.00000
1616517878626686 -0.25890 0.96591 0.00000 107.40513 0.96591 0.25890 0.00000 -136.87442 0.00000 0.00000 -1.00000 -0.00000
1616517878876060 -0.42061 0.90724 0.00000 128.28379 0.90724 0.42061 0.00000 -116.41781 0.00000 0.00000 -1.00000 -0.00000
1616517879126064 -0.56877 0.82250 0.00000 145.19561 0.82250 0.56877 0.00000 -92.86266 0.00000 0.00000 -1.00000 -0.00000
1616517879375447 -0.68946 0.72433 0.00000 156.77983 0.72433 0.68946 0.00000 -69.17257 0.00000 0.00000 -1.00000 -0.00000
1616517879624826 -0.78689 0.61709 0.00000 164.04568 0.61709 0.78689 0.00000 -45.81866 0.00000 0.00000 -1.00000 -0.00000
1616517879874835 -0.85015 0.52654 0.00000 166.86738 0.52654 0.85015 0.00000 -27.43775 0.00000 0.00000 -1.00000 -0.00000
1616517880124208 -0.89864 0.43869 0.00000 167.66080 0.43869 0.89864 0.00000 -10.58454 0.00000 0.00000 -1.00000 -0.00000
1616517880374212 -0.92318 0.38437 -0.00000 166.65021 0.38437 0.92318 0.00000 -0.58889 0.00000 0.00000 -1.00000 -0.00000
1616517880623598 -0.94508 0.32685 0.00000 165.20964 0.32685 0.94508 0.00000 9.72055 0.00000 0.00000 -1.00000 0.00000
1616517880873603 -0.95160 0.30734 0.00000 163.53975 0.30734 0.95160 0.00000 13.04388 0.00000 0.00000 -1.00000 0.00000
1616517881124226 -0.95635 0.29224 -0.00000 162.03699 0.29224 0.95635 0.00000 15.73908 0.00000 0.00000 -1.00000 0.00000
1616517881374854 -0.95442 0.29847 0.00000 160.57730 0.29847 0.95442 0.00000 14.64711 0.00000 0.00000 -1.00000 0.00000
1616517881625495 -0.95207 0.30589 0.00000 159.26819 0.30589 0.95207 0.00000 13.33824 0.00000 0.00000 -1.00000 0.00000
1616517881875489 -0.94911 0.31495 0.00000 157.79459 0.31495 0.94911 0.00000 11.80866 0.00000 0.00000 -1.00000 0.00000
1616517882126120 -0.93840 0.34556 -0.00000 156.48357 0.34556 0.93840 0.00000 6.67743 0.00000 0.00000 -1.00000 0.00000
1616517882375494 -0.93034 0.36669 -0.00000 154.96673 0.36669 0.93034 0.00000 3.18427 0.00000 0.00000 -1.00000 0.00000
1616517882624872 -0.91988 0.39221 0.00000 153.29313 0.39221 0.91988 0.00000 -1.12300 0.00000 0.00000 -1.00000 -0.00000
1616517882874877 -0.90615 0.42296 0.00000 151.53014 0.42296 0.90615 0.00000 -6.26183 0.00000 0.00000 -1.00000 -0.00000
1616517883124881 -0.88868 0.45853 0.00000 149.35739 0.45853 0.88868 0.00000 -12.29422 0.00000 0.00000 -1.00000 -0.00000
1616517883374260 -0.86916 0.49453 0.00000 146.92232 0.49453 0.86916 0.00000 -18.45624 0.00000 0.00000 -1.00000 -0.00000
1616517883624264 -0.84561 0.53380 -0.00000 144.15515 0.53380 0.84561 0.00000 -25.23279 0.00000 0.00000 -1.00000 -0.00000
1616517883873648 -0.82132 0.57047 0.00000 140.96855 0.57047 0.82132 0.00000 -31.70192 0.00000 0.00000 -1.00000 -0.00000
1616517884123648 -0.79682 0.60421 0.00000 137.63272 0.60421 0.79682 0.00000 -37.43083 0.00000 0.00000 -1.00000 -0.00000
1616517884373651 -0.76513 0.64388 -0.00000 133.66294 0.64388 0.76513 0.00000 -44.37009 0.00000 0.00000 -1.00000 -0.00000
1616517884624279 -0.73172 0.68161 0.00000 129.36023 0.68161 0.73172 0.00000 -50.99753 0.00000 0.00000 -1.00000 -0.00000
1616517884874955 -0.69873 0.71538 0.00000 124.84205 0.71538 0.69873 0.00000 -57.21185 0.00000 0.00000 -1.00000 -0.00000
1616517885125539 -0.67142 0.74108 0.00000 120.65132 0.74108 0.67142 0.00000 -61.86865 0.00000 0.00000 -1.00000 -0.00000
1616517885376168 -0.63779 0.77021 0.00000 115.79495 0.77021 0.63779 0.00000 -67.10618 0.00000 0.00000 -1.00000 -0.00000
1616517885625545 -0.60549 0.79586 0.00000 111.07713 0.79586 0.60549 0.00000 -71.94282 0.00000 0.00000 -1.00000 -0.00000
1616517885874926 -0.56663 0.82397 0.00000 105.65397 0.82397 0.56663 0.00000 -77.13671 0.00000 0.00000 -1.00000 -0.00000
1616517886124309 -0.52485 0.85120 0.00000 99.75469 0.85120 0.52485 0.00000 -82.34338 0.00000 0.00000 -1.00000 -0.00000
1616517886374313 -0.48098 0.87673 0.00000 93.51709 0.87673 0.48098 0.00000 -87.23636 0.00000 0.00000 -1.00000 -0.00000
1616517886624314 -0.43809 0.89893 0.00000 87.28000 0.89893 0.43809 0.00000 -91.63863 0.00000 0.00000 -1.00000 -0.00000
1616517886873692 -0.39283 0.91961 0.00000 80.70245 0.91961 0.39283 0.00000 -95.93513 0.00000 0.00000 -1.00000 -0.00000
1616517887123074 -0.36489 0.93105 0.00000 75.80735 0.93105 0.36489 0.00000 -98.44274 0.00000 0.00000 -1.00000 -0.00000
1616517887373079 -0.33870 0.94089 0.00000 71.07285 0.94089 0.33870 0.00000 -100.45270 0.00000 0.00000 -1.00000 -0.00000
1616517887623084 -0.32448 0.94589 -0.00000 67.58567 0.94589 0.32448 0.00000 -101.73244 0.00000 0.00000 -1.00000 -0.00000
1616517887873708 -0.31938 0.94763 0.00000 65.13675 0.94763 0.31938 0.00000 -102.07103 0.00000 0.00000 -1.00000 -0.00000
1616517888124336 -0.32210 0.94671 0.00000 63.49337 0.94671 0.32210 0.00000 -101.92509 0.00000 0.00000 -1.00000 -0.00000
1616517888375595 -0.32528 0.94562 0.00000 61.99181 0.94562 0.32528 0.00000 -101.67556 0.00000 0.00000 -1.00000 -0.00000
1616517888625601 -0.34295 0.93935 0.00000 61.97830 0.93935 0.34295 0.00000 -100.49162 0.00000 0.00000 -1.00000 -0.00000
1616517888875600 -0.36531 0.93088 -0.00000 62.45142 0.93088 0.36531 0.00000 -98.85829 0.00000 0.00000 -1.00000 -0.00000
1616517889124979 -0.39592 0.91828 -0.00000 63.86132 0.91828 0.39592 0.00000 -97.00549 0.00000 0.00000 -1.00000 -0.00000
1616517889374365 -0.42746 0.90404 0.00000 65.40502 0.90404 0.42746 0.00000 -94.85512 0.00000 0.00000 -1.00000 -0.00000
1616517889623749 -0.46979 0.88278 0.00000 67.95747 0.88278 0.46979 0.00000 -91.74602 0.00000 0.00000 -1.00000 -0.00000
1616517889873740 -0.50794 0.86139 0.00000 70.04174 0.86139 0.50794 0.00000 -88.47424 0.00000 0.00000 -1.00000 -0.00000
1616517890123744 -0.55941 0.82889 -0.00000 73.52814 0.82889 0.55941 0.00000 -84.14712 0.00000 0.00000 -1.00000 -0.00000
1616517890373744 -0.60716 0.79458 0.00000 76.53418 0.79458 0.60716 0.00000 -79.77634 0.00000 0.00000 -1.00000 -0.00000
1616517890625005 -0.66455 0.74724 0.00000 80.47402 0.74724 0.66455 0.00000 -74.07321 0.00000 0.00000 -1.00000 -0.00000
1616517890876260 -0.71060 0.70359 0.00000 83.15062 0.70359 0.71060 0.00000 -68.69326 0.00000 0.00000 -1.00000 -0.00000
1616517891126889 -0.75623 0.65431 0.00000 85.73022 0.65431 0.75623 0.00000 -63.01030 0.00000 0.00000 -1.00000 -0.00000
1616517891376890 -0.79819 0.60241 0.00000 87.91522 0.60241 0.79819 0.00000 -57.26368 0.00000 0.00000 -1.00000 -0.00000
1616517891626271 -0.83484 0.55050 -0.00000 89.55923 0.55050 0.83484 0.00000 -51.61604 0.00000 0.00000 -1.00000 -0.00000
1616517891876274 -0.86800 0.49656 -0.00000 90.72180 0.49656 0.86800 0.00000 -45.77209 0.00000 0.00000 -1.00000 -0.00000
1616517892125655 -0.90194 0.43187 0.00000 91.96568 0.43187 0.90194 0.00000 -39.15727 0.00000 0.00000 -1.00000 -0.00000
1616517892375658 -0.92339 0.38387 0.00000 92.06425 0.38387 0.92339 0.00000 -34.29094 0.00000 0.00000 -1.00000 -0.00000
1616517892625040 -0.94482 0.32760 0.00000 92.06658 0.32760 0.94482 0.00000 -28.73342 0.00000 0.00000 -1.00000 -0.00000
1616517892875082 -0.96148 0.27486 0.00000 91.66135 0.27486 0.96148 0.00000 -23.69495 0.00000 0.00000 -1.00000 -0.00000
1616517893124420 -0.97480 0.22308 0.00000 90.88987 0.22308 0.97480 0.00000 -18.81246 0.00000 0.00000 -1.00000 -0.00000
1616517893374423 -0.98207 0.18851 0.00000 89.68865 0.18851 0.98207 0.00000 -15.55125 0.00000 0.00000 -1.00000 -0.00000
1616517893623805 -0.98935 0.14554 0.00000 88.32790 0.14554 0.98935 0.00000 -11.61604 0.00000 0.00000 -1.00000 -0.00000
1616517893873807 -0.99289 0.11903 0.00000 86.61931 0.11903 0.99289 0.00000 -9.32725 0.00000 0.00000 -1.00000 -0.00000
1616517894124435 -0.99519 0.09799 0.00000 85.05332 0.09799 0.99519 0.00000 -7.51262 0.00000 0.00000 -1.00000 -0.00000
1616517894376313 -0.99682 0.07970 0.00000 83.34439 0.07970 0.99682 0.00000 -5.93666 0.00000 0.00000 -1.00000 -0.00000
1616517894626318 -0.99803 0.06275 0.00000 81.65802 0.06275 0.99803 0.00000 -4.51286 0.00000 0.00000 -1.00000 -0.00000
1616517894876323 -0.99898 0.04509 0.00000 79.86500 0.04509 0.99898 0.00000 -3.14314 0.00000 0.00000 -1.00000 -0.00000
1616517895126323 -0.99905 0.04352 0.00000 78.12005 0.04352 0.99905 0.00000 -2.95676 0.00000 0.00000 -1.00000 -0.00000
1616517895375705 -0.99959 0.02870 0.00000 76.46916 0.02870 0.99959 0.00000 -1.85778 0.00000 0.00000 -1.00000 -0.00000
1616517895625086 -0.99981 0.01924 0.00000 74.78682 0.01924 0.99981 0.00000 -1.19556 0.00000 0.00000 -1.00000 -0.00000
1616517895875088 -0.99990 0.01404 0.00000 73.07516 0.01404 0.99990 0.00000 -0.79597 0.00000 0.00000 -1.00000 -0.00000
1616517896124465 -0.99998 0.00686 0.00000 71.48524 0.00686 0.99998 0.00000 -0.33808 0.00000 0.00000 -1.00000 -0.00000
1616517896373846 -0.99999 -0.00502 0.00000 69.88434 -0.00502 0.99999 0.00000 0.46995 -0.00000 0.00000 -1.00000 0.00000
1616517896623851 -0.99997 -0.00814 0.00000 68.32738 -0.00814 0.99997 0.00000 0.75334 -0.00000 0.00000 -1.00000 0.00000
1616517896873864 -0.99986 -0.01665 -0.00000 66.76089 -0.01665 0.99986 0.00000 1.36651 -0.00000 0.00000 -1.00000 0.00000
1616517897124483 -0.99990 -0.01430 0.00000 65.19972 -0.01430 0.99990 0.00000 1.12731 -0.00000 0.00000 -1.00000 0.00000
1616517897375113 -0.99978 -0.02103 -0.00000 63.71454 -0.02103 0.99978 0.00000 1.51074 -0.00000 0.00000 -1.00000 0.00000
1616517897626372 -0.99982 -0.01881 0.00000 62.28457 -0.01881 0.99982 0.00000 1.36545 -0.00000 0.00000 -1.00000 0.00000
1616517897876368 -0.99976 -0.02171 0.00000 60.93131 -0.02171 0.99976 0.00000 1.47936 -0.00000 0.00000 -1.00000 0.00000
1616517898126378 -0.99984 -0.01772 0.00000 59.62687 -0.01772 0.99984 0.00000 1.12127 -0.00000 0.00000 -1.00000 0.00000
1616517898375754 -0.99986 -0.01673 0.00000 58.36001 -0.01673 0.99986 0.00000 1.06288 -0.00000 0.00000 -1.00000 0.00000
1616517898625760 -0.99996 -0.00865 -0.00000 57.13243 -0.00865 0.99996 0.00000 0.64087 -0.00000 0.00000 -1.00000 0.00000
1616517898875140 -0.99992 -0.01236 0.00000 56.04309 -0.01236 0.99992 0.00000 0.80344 -0.00000 0.00000 -1.00000 0.00000
1616517899124521 -0.99993 -0.01222 -0.00000 54.80657 -0.01222 0.99993 0.00000 0.80687 -0.00000 0.00000 -1.00000 0.00000
1616517899374521 -0.99990 -0.01396 0.00000 53.71248 -0.01396 0.99990 0.00000 0.91885 -0.00000 0.00000 -1.00000 0.00000
1616517899623903 -0.99969 -0.02482 0.00000 52.55027 -0.02482 0.99969 0.00000 1.40499 -0.00000 0.00000 -1.00000 0.00000
1616517899873902 -0.99922 -0.03950 0.00000 51.38400 -0.03950 0.99922 0.00000 2.33349 -0.00000 0.00000 -1.00000 0.00000
1616517900123905 -0.99812 -0.06122 0.00000 50.13805 -0.06122 0.99812 0.00000 3.29228 -0.00000 0.00000 -1.00000 0.00000
1616517900374538 -0.99669 -0.08126 0.00000 48.77633 -0.08126 0.99669 0.00000 4.25292 -0.00000 0.00000 -1.00000 0.00000
1616517900625166 -0.99516 -0.09831 0.00000 47.33631 -0.09831 0.99516 0.00000 4.99717 -0.00000 0.00000 -1.00000 0.00000
1616517900875837 -0.99446 -0.10514 0.00000 45.92593 -0.10514 0.99446 0.00000 5.33353 -0.00000 0.00000 -1.00000 0.00000
1616517901125802 -0.99375 -0.11160 -0.00000 44.48583 -0.11160 0.99375 0.00000 5.63309 -0.00000 0.00000 -1.00000 0.00000
1616517901375183 -0.99360 -0.11297 0.00000 42.96925 -0.11297 0.99360 0.00000 5.65985 -0.00000 0.00000 -1.00000 0.00000
1616517901624558 -0.99526 -0.09728 -0.00000 41.47841 -0.09728 0.99526 0.00000 4.88823 -0.00000 0.00000 -1.00000 0.00000
1616517901873939 -0.99684 -0.07939 0.00000 40.04793 -0.07939 0.99684 0.00000 4.19807 -0.00000 0.00000 -1.00000 0.00000
1616517902123938 -0.99820 -0.05999 0.00000 38.49623 -0.05999 0.99820 0.00000 3.48113 -0.00000 0.00000 -1.00000 0.00000
1616517902373941 -0.99898 -0.04525 0.00000 36.84504 -0.04525 0.99898 0.00000 2.85288 -0.00000 0.00000 -1.00000 0.00000
1616517902624571 -0.99966 -0.02605 0.00000 35.24986 -0.02605 0.99966 0.00000 2.24913 -0.00000 0.00000 -1.00000 0.00000
1616517902875207 -0.99998 -0.00613 -0.00000 33.47690 -0.00613 0.99998 0.00000 1.39342 -0.00000 0.00000 -1.00000 0.00000
1616517903125835 -0.99992 0.01286 0.00000 31.66748 0.01286 0.99992 0.00000 0.66453 0.00000 0.00000 -1.00000 0.00000
1616517903375838 -0.99950 0.03158 0.00000 29.92830 0.03158 0.99950 0.00000 0.06124 0.00000 0.00000 -1.00000 0.00000
1616517903626467 -0.99871 0.05082 -0.00000 27.95693 0.05082 0.99871 0.00000 -0.46070 0.00000 0.00000 -1.00000 -0.00000
1616517903875843 -0.99811 0.06149 0.00000 26.01433 0.06149 0.99811 0.00000 -0.79997 0.00000 0.00000 -1.00000 -0.00000
1616517904125225 -0.99772 0.06756 0.00000 24.14692 0.06756 0.99772 0.00000 -1.10627 0.00000 0.00000 -1.00000 -0.00000
1616517904375227 -0.99636 0.08527 0.00000 22.02742 0.08527 0.99636 0.00000 -1.52777 0.00000 0.00000 -1.00000 -0.00000
1616517904624607 -0.99600 0.08931 0.00000 20.03639 0.08931 0.99600 0.00000 -1.66090 0.00000 0.00000 -1.00000 -0.00000
1616517904873996 -0.99590 0.09046 -0.00000 17.94432 0.09046 0.99590 0.00000 -1.66362 0.00000 0.00000 -1.00000 -0.00000
1616517905123991 -0.99563 0.09344 0.00000 15.97559 0.09344 0.99563 0.00000 -1.69530 0.00000 0.00000 -1.00000 -0.00000
1616517905373369 -0.99544 0.09538 0.00000 13.83731 0.09538 0.99544 0.00000 -1.84341 0.00000 0.00000 -1.00000 -0.00000
1616517905624011 -0.99536 0.09619 0.00000 11.79309 0.09619 0.99536 0.00000 -1.87942 0.00000 0.00000 -1.00000 -0.00000
1616517905874624 -0.99453 0.10444 0.00000 9.71000 0.10444 0.99453 0.00000 -1.95959 0.00000 0.00000 -1.00000 -0.00000
1616517906125880 -0.99496 0.10025 -0.00000 7.69041 0.10025 0.99496 0.00000 -1.89756 0.00000 0.00000 -1.00000 -0.00000
1616517906375883 -0.99514 0.09846 0.00000 5.56871 0.09846 0.99514 0.00000 -1.90863 0.00000 0.00000 -1.00000 -0.00000
1616517906625899 -0.99506 0.09927 0.00000 3.55863 0.09927 0.99506 0.00000 -1.90412 0.00000 0.00000 -1.00000 -0.00000
1616517906875268 -0.99518 0.09808 0.00000 1.54124 0.09808 0.99518 0.00000 -1.92014 0.00000 0.00000 -1.00000 -0.00000
1616517907125272 -0.99494 0.10045 0.00000 -0.44291 0.10045 0.99494 0.00000 -1.92509 0.00000 0.00000 -1.00000 -0.00000
1616517907374648 -0.99597 0.08971 0.00000 -2.44846 0.08971 0.99597 0.00000 -1.95618 0.00000 0.00000 -1.00000 -0.00000
1616517907624032 -0.99674 0.08073 0.00000 -4.45674 0.08073 0.99674 0.00000 -2.12227 0.00000 0.00000 -1.00000 -0.00000
1616517907874032 -0.99690 0.07862 -0.00000 -6.47807 0.07862 0.99690 0.00000 -2.17696 0.00000 0.00000 -1.00000 -0.00000
1616517908124037 -0.99679 0.08001 0.00000 -8.44706 0.08001 0.99679 0.00000 -2.21892 0.00000 0.00000 -1.00000 -0.00000
1616517908375291 -0.99677 0.08031 -0.00000 -10.31848 0.08031 0.99677 0.00000 -2.14311 0.00000 0.00000 -1.00000 -0.00000
1616517908625297 -0.99681 0.07984 0.00000 -12.39077 0.07984 0.99681 0.00000 -2.19143 0.00000 0.00000 -1.00000 -0.00000
1616517908875926 -0.99673 0.08075 0.00000 -14.40654 0.08075 0.99673 0.00000 -2.22352 0.00000 0.00000 -1.00000 -0.00000
1616517909125303 -0.99683 0.07957 0.00000 -16.29197 0.07957 0.99683 0.00000 -2.43034 0.00000 0.00000 -1.00000 -0.00000
1616517909375304 -0.99495 0.10035 -0.00000 -18.41928 0.10035 0.99495 0.00000 -1.96472 0.00000 0.00000 -1.00000 -0.00000
1616517909624682 -0.99519 0.09799 0.00000 -20.35044 0.09799 0.99519 0.00000 -2.03136 0.00000 0.00000 -1.00000 -0.00000
1616517909874687 -0.99390 0.11029 0.00000 -22.39204 0.11029 0.99390 0.00000 -1.96419 0.00000 0.00000 -1.00000 -0.00000
1616517910124694 -0.99393 0.10998 0.00000 -24.47959 0.10998 0.99393 0.00000 -1.94794 0.00000 0.00000 -1.00000 -0.00000
1616517910374070 -0.99464 0.10336 0.00000 -26.49127 0.10336 0.99464 0.00000 -2.07721 0.00000 0.00000 -1.00000 -0.00000
1616517910623450 -0.99615 0.08767 0.00000 -28.46325 0.08767 0.99615 0.00000 -2.63507 0.00000 0.00000 -1.00000 -0.00000
1616517910874090 -0.99670 0.08115 0.00000 -30.53006 0.08115 0.99670 0.00000 -2.77432 0.00000 0.00000 -1.00000 -0.00000
1616517911125339 -0.99765 0.06852 0.00000 -32.44488 0.06852 0.99765 0.00000 -3.00241 0.00000 0.00000 -1.00000 -0.00000
1616517911375341 -0.99885 0.04786 0.00000 -34.32023 0.04786 0.99885 0.00000 -3.77770 0.00000 0.00000 -1.00000 -0.00000
1616517911625345 -0.99941 0.03441 0.00000 -36.23630 0.03441 0.99941 0.00000 -4.25387 0.00000 0.00000 -1.00000 -0.00000
1616517911875349 -0.99993 0.01141 0.00000 -38.07047 0.01141 0.99993 0.00000 -5.08662 0.00000 0.00000 -1.00000 -0.00000
1616517912125353 -0.99998 -0.00549 0.00000 -39.93236 -0.00549 0.99998 0.00000 -5.73376 -0.00000 0.00000 -1.00000 -0.00000
1616517912375358 -0.99984 -0.01770 0.00000 -41.71366 -0.01770 0.99984 0.00000 -6.27551 -0.00000 0.00000 -1.00000 -0.00000
1616517912624737 -0.99907 -0.04317 -0.00000 -43.45956 -0.04317 0.99907 0.00000 -7.40740 -0.00000 0.00000 -1.00000 -0.00000
1616517912874742 -0.99840 -0.05660 0.00000 -45.24267 -0.05660 0.99840 0.00000 -7.93457 -0.00000 0.00000 -1.00000 -0.00000
1616517913124743 -0.99799 -0.06339 0.00000 -46.97884 -0.06339 0.99799 0.00000 -8.26385 -0.00000 0.00000 -1.00000 -0.00000
1616517913374123 -0.99664 -0.08194 0.00000 -48.44711 -0.08194 0.99664 0.00000 -9.18638 -0.00000 0.00000 -1.00000 -0.00000
1616517913623512 -0.99642 -0.08455 0.00000 -50.20026 -0.08455 0.99642 0.00000 -9.35499 -0.00000 0.00000 -1.00000 -0.00000
1616517913873528 -0.99570 -0.09262 0.00000 -51.71763 -0.09262 0.99570 0.00000 -9.81192 -0.00000 0.00000 -1.00000 -0.00000
1616517914124133 -0.99602 -0.08915 0.00000 -53.32920 -0.08915 0.99602 0.00000 -9.64456 -0.00000 0.00000 -1.00000 -0.00000
1616517914374763 -0.99711 -0.07598 0.00000 -55.09014 -0.07598 0.99711 0.00000 -9.09743 -0.00000 0.00000 -1.00000 -0.00000
1616517914625391 -0.99841 -0.05635 0.00000 -56.69631 -0.05635 0.99841 0.00000 -7.97308 -0.00000 0.00000 -1.00000 -0.00000
1616517914876024 -0.99934 -0.03623 0.00000 -58.30089 -0.03623 0.99934 0.00000 -6.80493 -0.00000 0.00000 -1.00000 -0.00000
1616517915126022 -1.00000 0.00137 -0.00000 -59.79946 0.00137 1.00000 0.00000 -4.67971 0.00000 0.00000 -1.00000 -0.00000
1616517915376028 -0.99825 0.05919 0.00000 -61.24822 0.05919 0.99825 0.00000 -1.13574 0.00000 0.00000 -1.00000 -0.00000
1616517915626029 -0.99314 0.11696 0.00000 -62.30324 0.11696 0.99314 0.00000 2.38507 0.00000 0.00000 -1.00000 0.00000
1616517915875412 -0.98246 0.18650 0.00000 -63.07515 0.18650 0.98246 0.00000 6.65928 0.00000 0.00000 -1.00000 0.00000
1616517916124794 -0.96485 0.26281 -0.00000 -63.43479 0.26281 0.96485 0.00000 11.59707 0.00000 0.00000 -1.00000 0.00000
1616517916374798 -0.93820 0.34608 0.00000 -63.22454 0.34608 0.93820 0.00000 17.04933 0.00000 0.00000 -1.00000 0.00000
1616517916624171 -0.90154 0.43270 0.00000 -62.42106 0.43270 0.90154 0.00000 22.94757 0.00000 0.00000 -1.00000 0.00000
