1. 0.001 0. 1.325 -0.001 1. 0. 0.016 0. 0. 1. 0.
1. -0.001 0. 1.699 0.001 1. 0. 0.023 0. 0. 1. 0.
1. -0.000 0. 2.111 0.000 1. 0. 0.016 0. 0. 1. 0.
1. -0.002 0. 2.560 0.002 1. 0. 0.032 0. 0. 1. 0.
1. 0.001 0. 3.033 -0.001 1. 0. 0.030 0. 0. 1. 0.
1. 0.001 0. 3.522 -0.001 1. 0. 0.017 0. 0. 1. 0.
1. 0.001 0. 4.024 -0.001 1. 0. 0.007 0. 0. 1. 0.
1. 0.001 0. 4.522 -0.001 1. 0. 0.016 0. 0. 1. 0.
1. 0.000 0. 5.056 -0.000 1. 0. 0.010 0. 0. 1. 0.
1. 0.001 0. 5.566 -0.001 1. 0. 0.033 0. 0. 1. 0.
1. -0. 0. 6.098 0. 1. 0. 0.046 0. 0. 1. 0.
1. 0.001 0. 6.674 -0.001 1. 0. 0.033 0. 0. 1. 0.
1. -0. 0. 7.207 0. 1. 0. 0.045 0. 0. 1. 0.
1. 0.000 0. 7.754 -0.000 1. 0. 0.067 0. 0. 1. 0.
1. -0.003 0. 8.252 0.003 1. 0. 0.074 0. 0. 1. 0.
1. -0.004 0. 8.809 0.004 1. 0. 0.080 0. 0. 1. 0.
1. -0.008 0. 9.352 0.008 1. 0. 0.081 0. 0. 1. 0.
1. -0.012 0. 9.904 0.012 1. 0. 0.092 0. 0. 1. 0.
1. -0.013 0. 10.417 0.013 1. 0. 0.112 0. 0. 1. 0.
1.000 -0.015 0. 10.941 0.015 1.000 0. 0.111 0. 0. 1. 0.
1.000 -0.017 0. 11.446 0.017 1.000 0. 0.153 0. 0. 1. 0.
1.000 -0.019 0. 11.957 0.019 1.000 0. 0.155 0. 0. 1. 0.
1.000 -0.021 0. 12.481 0.021 1.000 0. 0.184 0. 0. 1. 0.
1.000 -0.025 0. 12.970 0.025 1.000 0. 0.192 0. 0. 1. 0.
1.000 -0.027 0. 13.448 0.027 1.000 0. 0.189 0. 0. 1. 0.
1.000 -0.029 0. 13.932 0.029 1.000 0. 0.223 0. 0. 1. 0.
1.000 -0.029 0. 14.403 0.029 1.000 0. 0.259 0. 0. 1. 0.
1.000 -0.028 0. 14.881 0.028 1.000 0. 0.294 0. 0. 1. 0.
1.000 -0.029 0. 15.341 0.029 1.000 0. 0.309 0. 0. 1. 0.
1.000 -0.030 0. 15.795 0.030 1.000 0. 0.310 0. 0. 1. 0.
1.000 -0.030 0. 16.254 0.030 1.000 0. 0.337 0. 0. 1. 0.
0.999 -0.033 0. 16.644 0.033 0.999 0. 0.377 0. 0. 1. 0.
0.999 -0.034 0. 17.000 0.034 0.999 0. 0.359 0. 0. 1. 0.
0.999 -0.038 0. 17.333 0.038 0.999 0. 0.391 0. 0. 1. 0.
0.999 -0.041 0. 17.684 0.041 0.999 0. 0.449 0. 0. 1. 0.
0.999 -0.048 0. 17.951 0.048 0.999 0. 0.441 0. 0. 1. 0.
0.999 -0.055 0. 18.231 0.055 0.999 0. 0.455 0. 0. 1. 0.
0.998 -0.063 0. 18.551 0.063 0.998 0. 0.469 0. 0. 1. 0.
0.998 -0.071 0. 18.859 0.071 0.998 0. 0.527 0. 0. 1. 0.
0.997 -0.079 0. 19.148 0.079 0.997 0. 0.562 0. 0. 1. 0.
0.996 -0.092 0. 19.466 0.092 0.996 0. 0.603 0. 0. 1. 0.
0.995 -0.102 0. 19.826 0.102 0.995 0. 0.686 0. 0. 1. 0.
0.993 -0.115 0. 20.195 0.115 0.993 0. 0.735 0. 0. 1. 0.
0.992 -0.130 0. 20.636 0.130 0.992 0. 0.820 0. 0. 1. 0.
0.989 -0.145 0. 21.073 0.145 0.989 0. 0.879 0. 0. 1. 0.
0.987 -0.163 0. 21.572 0.163 0.987 0. 1.030 0. 0. 1. 0.
0.984 -0.181 0. 22.127 0.181 0.984 0. 1.147 0. 0. 1. 0.
0.979 -0.202 0. 22.755 0.202 0.979 0. 1.318 0. 0. 1. 0.
0.975 -0.222 0. 23.392 0.222 0.975 0. 1.488 0. 0. 1. 0.
0.969 -0.246 0. 24.073 0.246 0.969 0. 1.695 0. 0. 1. 0.
0.963 -0.270 0. 24.810 0.270 0.963 0. 1.905 0. 0. 1. 0.
0.956 -0.295 0. 25.598 0.295 0.956 0. 2.157 0. 0. 1. 0.
0.949 -0.315 0. 26.384 0.315 0.949 0. 2.452 0. 0. 1. 0.
0.943 -0.332 0. 27.218 0.332 0.943 0. 2.752 0. 0. 1. 0.
0.940 -0.341 0. 28.081 0.341 0.940 0. 3.044 0. 0. 1. 0.
0.940 -0.340 0. 28.962 0.340 0.940 0. 3.408 0. 0. 1. 0.
0.943 -0.333 0. 29.887 0.333 0.943 0. 3.701 0. 0. 1. 0.
0.947 -0.320 0. 30.857 0.320 0.947 0. 4.008 0. 0. 1. 0.
0.954 -0.300 0. 31.859 0.300 0.954 0. 4.330 0. 0. 1. 0.
0.961 -0.277 0. 32.875 0.277 0.961 0. 4.606 0. 0. 1. 0.
0.968 -0.251 0. 33.948 0.251 0.968 0. 4.881 0. 0. 1. 0.
0.975 -0.223 0. 35.062 0.223 0.975 0. 5.097 0. 0. 1. 0.
0.981 -0.195 0. 36.208 0.195 0.981 0. 5.286 0. 0. 1. 0.
0.986 -0.164 0. 37.358 0.164 0.986 0. 5.471 0. 0. 1. 0.
0.991 -0.135 0. 38.603 0.135 0.991 0. 5.596 0. 0. 1. 0.
0.994 -0.110 0. 39.856 0.110 0.994 0. 5.768 0. 0. 1. 0.
0.996 -0.090 0. 41.158 0.090 0.996 0. 5.872 0. 0. 1. 0.
0.997 -0.073 0. 42.485 0.073 0.997 0. 5.926 0. 0. 1. 0.
0.998 -0.062 0. 43.847 0.062 0.998 0. 6.033 0. 0. 1. 0.
0.999 -0.052 0. 45.226 0.052 0.999 0. 6.086 0. 0. 1. 0.
0.999 -0.048 0. 46.639 0.048 0.999 0. 6.172 0. 0. 1. 0.
0.999 -0.047 0. 48.076 0.047 0.999 0. 6.204 0. 0. 1. 0.
0.999 -0.050 0. 49.513 0.050 0.999 0. 6.319 0. 0. 1. 0.
0.999 -0.051 0. 50.947 0.051 0.999 0. 6.379 0. 0. 1. 0.
0.999 -0.051 0. 52.411 0.051 0.999 0. 6.445 0. 0. 1. 0.
0.999 -0.053 0. 53.872 0.053 0.999 0. 6.549 0. 0. 1. 0.
0.998 -0.055 0. 55.356 0.055 0.998 0. 6.666 0. 0. 1. 0.
0.999 -0.055 0. 56.822 0.055 0.999 0. 6.682 0. 0. 1. 0.
0.998 -0.058 0. 58.307 0.058 0.998 0. 6.824 0. 0. 1. 0.
0.998 -0.061 0. 59.824 0.061 0.998 0. 6.864 0. 0. 1. 0.
0.998 -0.062 0. 61.328 0.062 0.998 0. 7.014 0. 0. 1. 0.
0.998 -0.063 0. 62.842 0.063 0.998 0. 7.132 0. 0. 1. 0.
0.997 -0.071 0. 64.369 0.071 0.997 0. 7.248 0. 0. 1. 0.
0.997 -0.081 0. 65.919 0.081 0.997 0. 7.378 0. 0. 1. 0.
0.996 -0.092 0. 67.470 0.092 0.996 0. 7.549 0. 0. 1. 0.
0.995 -0.103 0. 68.976 0.103 0.995 0. 7.738 0. 0. 1. 0.
0.993 -0.116 0. 70.499 0.116 0.993 0. 7.954 0. 0. 1. 0.
0.991 -0.131 0. 72.021 0.131 0.991 0. 8.121 0. 0. 1. 0.
0.989 -0.146 0. 73.485 0.146 0.989 0. 8.409 0. 0. 1. 0.
0.987 -0.162 0. 74.951 0.162 0.987 0. 8.629 0. 0. 1. 0.
0.984 -0.181 0. 76.431 0.181 0.984 0. 8.888 0. 0. 1. 0.
0.980 -0.197 0. 77.897 0.197 0.980 0. 9.181 0. 0. 1. 0.
0.977 -0.211 0. 79.269 0.211 0.977 0. 9.597 0. 0. 1. 0.
0.974 -0.226 0. 80.627 0.226 0.974 0. 9.894 0. 0. 1. 0.
0.971 -0.239 0. 82.025 0.239 0.971 0. 10.235 0. 0. 1. 0.
0.966 -0.257 0. 83.340 0.257 0.966 0. 10.619 0. 0. 1. 0.
0.962 -0.273 0. 84.638 0.273 0.962 0. 10.980 0. 0. 1. 0.
0.958 -0.288 0. 85.933 0.288 0.958 0. 11.407 0. 0. 1. 0.
0.952 -0.305 0. 87.176 0.305 0.952 0. 11.856 0. 0. 1. 0.
0.946 -0.323 0. 88.414 0.323 0.946 0. 12.309 0. 0. 1. 0.
0.940 -0.340 0. 89.600 0.340 0.940 0. 12.802 0. 0. 1. 0.
0.932 -0.363 0. 90.807 0.363 0.932 0. 13.216 0. 0. 1. 0.
0.925 -0.379 0. 91.938 0.379 0.925 0. 13.762 0. 0. 1. 0.
0.917 -0.400 0. 93.075 0.400 0.917 0. 14.342 0. 0. 1. 0.
0.907 -0.422 0. 94.194 0.422 0.907 0. 14.863 0. 0. 1. 0.
0.897 -0.442 0. 95.217 0.442 0.897 0. 15.373 0. 0. 1. 0.
0.886 -0.464 0. 96.237 0.464 0.886 0. 15.944 0. 0. 1. 0.
0.873 -0.488 0. 97.221 0.488 0.873 0. 16.538 0. 0. 1. 0.
0.861 -0.508 0. 98.187 0.508 0.861 0. 17.189 0. 0. 1. 0.
0.849 -0.529 0. 99.124 0.529 0.849 0. 17.795 0. 0. 1. 0.
0.836 -0.549 0. 100.048 0.549 0.836 0. 18.415 0. 0. 1. 0.
0.819 -0.573 0. 100.892 0.573 0.819 0. 19.093 0. 0. 1. 0.
0.800 -0.600 0. 101.733 0.600 0.800 0. 19.733 0. 0. 1. 0.
0.780 -0.626 0. 102.561 0.626 0.780 0. 20.415 0. 0. 1. 0.
0.761 -0.649 0. 103.336 0.649 0.761 0. 21.151 0. 0. 1. 0.
0.742 -0.670 0. 104.105 0.670 0.742 0. 21.925 0. 0. 1. 0.
0.731 -0.683 0. 104.844 0.683 0.731 0. 22.656 0. 0. 1. 0.
0.723 -0.691 0. 105.555 0.691 0.723 0. 23.341 0. 0. 1. 0.
0.718 -0.696 0. 106.196 0.696 0.718 0. 23.929 0. 0. 1. 0.
0.716 -0.698 0. 106.780 0.698 0.716 0. 24.499 0. 0. 1. 0.
0.716 -0.698 0. 107.268 0.698 0.716 0. 24.999 0. 0. 1. 0.
0.717 -0.697 0. 107.642 0.697 0.717 0. 25.388 0. 0. 1. 0.
0.718 -0.696 0. 108.039 0.696 0.718 0. 25.753 0. 0. 1. 0.
0.720 -0.694 0. 108.423 0.694 0.720 0. 26.075 0. 0. 1. 0.
0.721 -0.693 0. 108.763 0.693 0.721 0. 26.389 0. 0. 1. 0.
0.724 -0.690 0. 109.104 0.690 0.724 0. 26.713 0. 0. 1. 0.
0.724 -0.690 0. 109.381 0.690 0.724 0. 27.018 0. 0. 1. 0.
0.725 -0.689 0. 109.704 0.689 0.725 0. 27.350 0. 0. 1. 0.
0.728 -0.686 0. 110.055 0.686 0.728 0. 27.672 0. 0. 1. 0.
0.731 -0.682 0. 110.422 0.682 0.731 0. 27.959 0. 0. 1. 0.
0.732 -0.681 0. 110.729 0.681 0.732 0. 28.297 0. 0. 1. 0.
0.733 -0.680 0. 111.099 0.680 0.733 0. 28.651 0. 0. 1. 0.
0.734 -0.679 0. 111.494 0.679 0.734 0. 29.011 0. 0. 1. 0.
0.737 -0.676 0. 111.915 0.676 0.737 0. 29.405 0. 0. 1. 0.
0.739 -0.673 0. 112.322 0.673 0.739 0. 29.818 0. 0. 1. 0.
0.740 -0.672 0. 112.827 0.672 0.740 0. 30.261 0. 0. 1. 0.
0.742 -0.670 0. 113.377 0.670 0.742 0. 30.719 0. 0. 1. 0.
0.743 -0.670 0. 113.927 0.670 0.743 0. 31.249 0. 0. 1. 0.
0.743 -0.670 0. 114.546 0.670 0.743 0. 31.751 0. 0. 1. 0.
0.744 -0.668 0. 115.149 0.668 0.744 0. 32.349 0. 0. 1. 0.
0.744 -0.668 0. 115.730 0.668 0.744 0. 32.861 0. 0. 1. 0.
0.747 -0.665 0. 116.368 0.665 0.747 0. 33.408 0. 0. 1. 0.
0.745 -0.667 0. 116.924 0.667 0.745 0. 33.982 0. 0. 1. 0.
0.744 -0.668 0. 117.593 0.668 0.744 0. 34.583 0. 0. 1. 0.
0.744 -0.668 0. 118.252 0.668 0.744 0. 35.179 0. 0. 1. 0.
0.744 -0.668 0. 118.956 0.668 0.744 0. 35.784 0. 0. 1. 0.
0.743 -0.669 0. 119.609 0.669 0.743 0. 36.412 0. 0. 1. 0.
0.742 -0.670 0. 120.323 0.670 0.742 0. 37.066 0. 0. 1. 0.
0.742 -0.670 0. 121.122 0.670 0.742 0. 37.719 0. 0. 1. 0.
0.742 -0.671 0. 121.836 0.671 0.742 0. 38.440 0. 0. 1. 0.
0.739 -0.674 0. 122.590 0.674 0.739 0. 39.165 0. 0. 1. 0.
0.741 -0.672 0. 123.409 0.672 0.741 0. 39.928 0. 0. 1. 0.
0.741 -0.672 0. 124.251 0.672 0.741 0. 40.647 0. 0. 1. 0.
0.744 -0.669 0. 125.150 0.669 0.744 0. 41.408 0. 0. 1. 0.
0.746 -0.666 0. 125.955 0.666 0.746 0. 42.234 0. 0. 1. 0.
0.748 -0.664 0. 126.874 0.664 0.748 0. 43.007 0. 0. 1. 0.
0.752 -0.660 0. 127.718 0.660 0.752 0. 43.804 0. 0. 1. 0.
0.756 -0.654 0. 128.708 0.654 0.756 0. 44.560 0. 0. 1. 0.
0.760 -0.650 0. 129.551 0.650 0.760 0. 45.373 0. 0. 1. 0.
0.763 -0.646 0. 130.547 0.646 0.763 0. 46.174 0. 0. 1. 0.
0.766 -0.642 0. 131.400 0.642 0.766 0. 47.038 0. 0. 1. 0.
0.773 -0.635 0. 132.560 0.635 0.773 0. 47.833 0. 0. 1. 0.
0.777 -0.629 0. 133.553 0.629 0.777 0. 48.686 0. 0. 1. 0.
0.784 -0.621 0. 134.572 0.621 0.784 0. 49.501 0. 0. 1. 0.
0.791 -0.612 0. 135.608 0.612 0.791 0. 50.321 0. 0. 1. 0.
0.798 -0.603 0. 136.778 0.603 0.798 0. 51.112 0. 0. 1. 0.
0.806 -0.592 0. 137.837 0.592 0.806 0. 51.925 0. 0. 1. 0.
0.813 -0.582 0. 138.945 0.582 0.813 0. 52.702 0. 0. 1. 0.
0.822 -0.569 0. 140.050 0.569 0.822 0. 53.458 0. 0. 1. 0.
0.832 -0.555 0. 141.152 0.555 0.832 0. 54.206 0. 0. 1. 0.
0.841 -0.541 0. 142.260 0.541 0.841 0. 54.921 0. 0. 1. 0.
0.853 -0.523 0. 143.364 0.523 0.853 0. 55.545 0. 0. 1. 0.
0.861 -0.508 0. 144.463 0.508 0.861 0. 56.189 0. 0. 1. 0.
0.870 -0.493 0. 145.551 0.493 0.870 0. 56.784 0. 0. 1. 0.
0.877 -0.480 0. 146.628 0.480 0.877 0. 57.376 0. 0. 1. 0.
0.885 -0.465 0. 147.668 0.465 0.885 0. 57.881 0. 0. 1. 0.
0.893 -0.450 0. 148.656 0.450 0.893 0. 58.381 0. 0. 1. 0.
0.898 -0.439 0. 149.583 0.439 0.898 0. 58.815 0. 0. 1. 0.
0.902 -0.432 0. 150.427 0.432 0.902 0. 59.205 0. 0. 1. 0.
0.904 -0.428 0. 151.202 0.428 0.904 0. 59.595 0. 0. 1. 0.
0.906 -0.423 0. 151.900 0.423 0.906 0. 59.893 0. 0. 1. 0.
0.907 -0.421 0. 152.544 0.421 0.907 0. 60.201 0. 0. 1. 0.
0.908 -0.420 0. 153.160 0.420 0.908 0. 60.483 0. 0. 1. 0.
0.907 -0.420 0. 153.721 0.420 0.907 0. 60.754 0. 0. 1. 0.
0.908 -0.419 0. 154.255 0.419 0.908 0. 61. 0. 0. 1. 0.
0.908 -0.420 0. 154.772 0.420 0.908 0. 61.250 0. 0. 1. 0.
0.906 -0.424 0. 155.238 0.424 0.906 0. 61.462 0. 0. 1. 0.
0.903 -0.431 0. 155.738 0.431 0.903 0. 61.753 0. 0. 1. 0.
0.898 -0.439 0. 156.246 0.439 0.898 0. 61.974 0. 0. 1. 0.
0.893 -0.450 0. 156.728 0.450 0.893 0. 62.256 0. 0. 1. 0.
0.889 -0.457 0. 157.258 0.457 0.889 0. 62.570 0. 0. 1. 0.
0.888 -0.460 0. 157.832 0.460 0.888 0. 62.855 0. 0. 1. 0.
0.891 -0.455 0. 158.475 0.455 0.891 0. 63.216 0. 0. 1. 0.
0.897 -0.442 0. 159.123 0.442 0.897 0. 63.493 0. 0. 1. 0.
0.906 -0.423 0. 159.858 0.423 0.906 0. 63.833 0. 0. 1. 0.
0.916 -0.401 0. 160.664 0.401 0.916 0. 64.150 0. 0. 1. 0.
0.927 -0.375 0. 161.515 0.375 0.927 0. 64.463 0. 0. 1. 0.
0.937 -0.348 0. 162.446 0.348 0.937 0. 64.762 0. 0. 1. 0.
0.948 -0.318 0. 163.470 0.318 0.948 0. 65.045 0. 0. 1. 0.
0.958 -0.286 0. 164.562 0.286 0.958 0. 65.359 0. 0. 1. 0.
0.966 -0.257 0. 165.712 0.257 0.966 0. 65.643 0. 0. 1. 0.
0.974 -0.226 0. 166.900 0.226 0.974 0. 65.896 0. 0. 1. 0.
0.981 -0.195 0. 168.156 0.195 0.981 0. 66.080 0. 0. 1. 0.
0.986 -0.168 0. 169.492 0.168 0.986 0. 66.276 0. 0. 1. 0.
0.989 -0.150 0. 170.811 0.150 0.989 0. 66.420 0. 0. 1. 0.
0.990 -0.140 0. 172.239 0.140 0.990 0. 66.679 0. 0. 1. 0.
0.991 -0.134 0. 173.732 0.134 0.991 0. 66.973 0. 0. 1. 0.
0.991 -0.133 0. 175.186 0.133 0.991 0. 67.166 0. 0. 1. 0.
0.992 -0.128 0. 176.651 0.128 0.992 0. 67.365 0. 0. 1. 0.
0.992 -0.125 0. 178.188 0.125 0.992 0. 67.549 0. 0. 1. 0.
0.992 -0.124 0. 179.754 0.124 0.992 0. 67.749 0. 0. 1. 0.
0.993 -0.120 0. 181.353 0.120 0.993 0. 67.916 0. 0. 1. 0.
0.993 -0.118 0. 182.990 0.118 0.993 0. 68.106 0. 0. 1. 0.
0.994 -0.111 0. 184.678 0.111 0.994 0. 68.329 0. 0. 1. 0.
0.995 -0.105 0. 186.379 0.105 0.995 0. 68.519 0. 0. 1. 0.
0.995 -0.097 0. 188.117 0.097 0.995 0. 68.722 0. 0. 1. 0.
0.996 -0.085 0. 189.934 0.085 0.996 0. 68.879 0. 0. 1. 0.
0.997 -0.073 0. 191.768 0.073 0.997 0. 69.010 0. 0. 1. 0.
0.998 -0.059 0. 193.616 0.059 0.998 0. 69.145 0. 0. 1. 0.
0.999 -0.040 0. 195.516 0.040 0.999 0. 69.259 0. 0. 1. 0.
1.000 -0.017 0. 197.412 0.017 1.000 0. 69.249 0. 0. 1. 0.
1. 0.000 0. 199.284 -0.000 1. 0. 69.298 0. 0. 1. 0.
1.000 0.015 0. 201.286 -0.015 1.000 0. 69.282 0. 0. 1. 0.
1.000 0.029 0. 203.247 -0.029 1.000 0. 69.212 0. 0. 1. 0.
0.999 0.041 0. 205.246 -0.041 0.999 0. 69.142 0. 0. 1. 0.
0.998 0.056 0. 207.248 -0.056 0.998 0. 69.017 0. 0. 1. 0.
0.998 0.070 0. 209.280 -0.070 0.998 0. 68.909 0. 0. 1. 0.
0.997 0.082 0. 211.324 -0.082 0.997 0. 68.734 0. 0. 1. 0.
0.996 0.093 0. 213.414 -0.093 0.996 0. 68.509 0. 0. 1. 0.
0.995 0.105 0. 215.538 -0.105 0.995 0. 68.287 0. 0. 1. 0.
0.993 0.116 0. 217.676 -0.116 0.993 0. 68.081 0. 0. 1. 0.
0.992 0.127 0. 219.747 -0.127 0.992 0. 67.785 0. 0. 1. 0.
0.991 0.136 0. 221.828 -0.136 0.991 0. 67.527 0. 0. 1. 0.
0.989 0.150 0. 223.936 -0.150 0.989 0. 67.180 0. 0. 1. 0.
0.987 0.162 0. 225.947 -0.162 0.987 0. 66.857 0. 0. 1. 0.
0.984 0.178 0. 228.019 -0.178 0.984 0. 66.465 0. 0. 1. 0.
0.981 0.194 0. 230.039 -0.194 0.981 0. 66.055 0. 0. 1. 0.
0.978 0.210 0. 232.083 -0.210 0.978 0. 65.626 0. 0. 1. 0.
0.974 0.228 0. 234.129 -0.228 0.974 0. 65.176 0. 0. 1. 0.
0.969 0.247 0. 236.115 -0.247 0.969 0. 64.632 0. 0. 1. 0.
0.964 0.267 0. 238.183 -0.267 0.964 0. 64.099 0. 0. 1. 0.
0.957 0.289 0. 240.181 -0.289 0.957 0. 63.463 0. 0. 1. 0.
0.950 0.311 0. 242.170 -0.311 0.950 0. 62.801 0. 0. 1. 0.
0.943 0.333 0. 244.157 -0.333 0.943 0. 62.103 0. 0. 1. 0.
0.934 0.357 0. 246.069 -0.357 0.934 0. 61.346 0. 0. 1. 0.
0.925 0.379 0. 248.026 -0.379 0.925 0. 60.551 0. 0. 1. 0.
0.916 0.401 0. 249.933 -0.401 0.916 0. 59.720 0. 0. 1. 0.
0.905 0.425 0. 251.839 -0.425 0.905 0. 58.853 0. 0. 1. 0.
0.894 0.448 0. 253.743 -0.448 0.894 0. 57.837 0. 0. 1. 0.
0.881 0.473 0. 255.569 -0.473 0.881 0. 56.828 0. 0. 1. 0.
0.870 0.494 0. 257.419 -0.494 0.870 0. 55.857 0. 0. 1. 0.
0.858 0.514 0. 259.205 -0.514 0.858 0. 54.783 0. 0. 1. 0.
0.845 0.535 0. 261.009 -0.535 0.845 0. 53.640 0. 0. 1. 0.
0.832 0.555 0. 262.781 -0.555 0.832 0. 52.499 0. 0. 1. 0.
0.820 0.573 0. 264.494 -0.573 0.820 0. 51.273 0. 0. 1. 0.
0.808 0.589 0. 266.187 -0.589 0.808 0. 50.001 0. 0. 1. 0.
0.796 0.605 0. 267.881 -0.605 0.796 0. 48.738 0. 0. 1. 0.
0.786 0.619 0. 269.575 -0.619 0.786 0. 47.426 0. 0. 1. 0.
0.774 0.633 0. 271.187 -0.633 0.774 0. 46.083 0. 0. 1. 0.
0.763 0.646 0. 272.780 -0.646 0.763 0. 44.713 0. 0. 1. 0.
0.753 0.658 0. 274.424 -0.658 0.753 0. 43.342 0. 0. 1. 0.
0.743 0.670 0. 276.009 -0.670 0.743 0. 41.930 0. 0. 1. 0.
0.733 0.681 0. 277.523 -0.681 0.733 0. 40.453 0. 0. 1. 0.
0.723 0.691 0. 279.098 -0.691 0.723 0. 38.954 0. 0. 1. 0.
0.715 0.699 0. 280.625 -0.699 0.715 0. 37.484 0. 0. 1. 0.
0.706 0.709 0. 282.145 -0.709 0.706 0. 35.968 0. 0. 1. 0.
0.698 0.716 0. 283.651 -0.716 0.698 0. 34.442 0. 0. 1. 0.
0.690 0.724 0. 285.181 -0.724 0.690 0. 32.901 0. 0. 1. 0.
0.687 0.726 0. 286.628 -0.726 0.687 0. 31.411 0. 0. 1. 0.
0.687 0.727 0. 288.182 -0.727 0.687 0. 29.889 0. 0. 1. 0.
0.695 0.719 0. 289.586 -0.719 0.695 0. 28.369 0. 0. 1. 0.
0.705 0.709 0. 291.122 -0.709 0.705 0. 26.902 0. 0. 1. 0.
0.717 0.697 0. 292.626 -0.697 0.717 0. 25.462 0. 0. 1. 0.
0.730 0.683 0. 294.152 -0.683 0.730 0. 24.083 0. 0. 1. 0.
0.745 0.667 0. 295.697 -0.667 0.745 0. 22.724 0. 0. 1. 0.
0.761 0.649 0. 297.351 -0.649 0.761 0. 21.398 0. 0. 1. 0.
0.777 0.629 0. 298.946 -0.629 0.777 0. 20.086 0. 0. 1. 0.
0.795 0.607 0. 300.596 -0.607 0.795 0. 18.831 0. 0. 1. 0.
0.814 0.581 0. 302.322 -0.581 0.814 0. 17.622 0. 0. 1. 0.
0.833 0.553 0. 304.101 -0.553 0.833 0. 16.507 0. 0. 1. 0.
0.851 0.524 0. 305.933 -0.524 0.851 0. 15.444 0. 0. 1. 0.
0.870 0.493 0. 307.794 -0.493 0.870 0. 14.440 0. 0. 1. 0.
0.889 0.459 0. 309.765 -0.459 0.889 0. 13.466 0. 0. 1. 0.
0.907 0.421 0. 311.725 -0.421 0.907 0. 12.579 0. 0. 1. 0.
0.924 0.382 0. 313.778 -0.382 0.924 0. 11.740 0. 0. 1. 0.
0.940 0.340 0. 315.850 -0.340 0.940 0. 11.024 0. 0. 1. 0.
0.954 0.300 0. 317.988 -0.300 0.954 0. 10.346 0. 0. 1. 0.
0.963 0.268 0. 320.169 -0.268 0.963 0. 9.768 0. 0. 1. 0.
0.971 0.239 0. 322.392 -0.239 0.971 0. 9.280 0. 0. 1. 0.
0.977 0.214 0. 324.603 -0.214 0.977 0. 8.839 0. 0. 1. 0.
0.981 0.193 0. 326.878 -0.193 0.981 0. 8.432 0. 0. 1. 0.
0.985 0.175 0. 329.133 -0.175 0.985 0. 8.065 0. 0. 1. 0.
0.987 0.159 0. 331.476 -0.159 0.987 0. 7.666 0. 0. 1. 0.
0.990 0.144 0. 333.781 -0.144 0.990 0. 7.358 0. 0. 1. 0.
0.991 0.133 0. 336.141 -0.133 0.991 0. 7.059 0. 0. 1. 0.
0.993 0.122 0. 338.482 -0.122 0.993 0. 6.765 0. 0. 1. 0.
0.994 0.110 0. 340.891 -0.110 0.994 0. 6.494 0. 0. 1. 0.
0.995 0.100 0. 343.273 -0.100 0.995 0. 6.323 0. 0. 1. 0.
0.996 0.089 0. 345.699 -0.089 0.996 0. 6.053 0. 0. 1. 0.
0.997 0.082 0. 348.125 -0.082 0.997 0. 5.873 0. 0. 1. 0.
0.998 0.069 0. 350.581 -0.069 0.998 0. 5.649 0. 0. 1. 0.
0.998 0.064 0. 353.031 -0.064 0.998 0. 5.526 0. 0. 1. 0.
0.999 0.053 0. 355.484 -0.053 0.999 0. 5.362 0. 0. 1. 0.
0.999 0.045 0. 357.980 -0.045 0.999 0. 5.267 0. 0. 1. 0.
0.999 0.036 0. 360.450 -0.036 0.999 0. 5.199 0. 0. 1. 0.
1.000 0.031 0. 362.940 -0.031 1.000 0. 5.196 0. 0. 1. 0.
1.000 0.027 0. 365.368 -0.027 1.000 0. 5.092 0. 0. 1. 0.
1.000 0.020 0. 367.838 -0.020 1.000 0. 5.077 0. 0. 1. 0.
1.000 0.017 0. 370.265 -0.017 1.000 0. 5.022 0. 0. 1. 0.
1. 0.012 0. 372.675 -0.012 1. 0. 4.978 0. 0. 1. 0.
1. 0.007 0. 375.126 -0.007 1. 0. 4.951 0. 0. 1. 0.
1. 0.006 0. 377.592 -0.006 1. 0. 4.971 0. 0. 1. 0.
1. 0.006 0. 380.018 -0.006 1. 0. 4.936 0. 0. 1. 0.
1. 0.006 0. 382.482 -0.006 1. 0. 4.960 0. 0. 1. 0.
1. 0.006 0. 384.939 -0.006 1. 0. 4.916 0. 0. 1. 0.
1. 0.002 0. 387.397 -0.002 1. 0. 4.931 0. 0. 1. 0.
1. 0.003 0. 389.866 -0.003 1. 0. 4.956 0. 0. 1. 0.
1. -0.001 0. 392.332 0.001 1. 0. 4.962 0. 0. 1. 0.
1. -0. 0. 394.807 0. 1. 0. 4.954 0. 0. 1. 0.
1. -0.002 0. 397.242 0.002 1. 0. 4.963 0. 0. 1. 0.
1. -0.002 0. 399.698 0.002 1. 0. 4.939 0. 0. 1. 0.
1. -0.006 0. 402.122 0.006 1. 0. 4.943 0. 0. 1. 0.
1. -0.006 0. 404.571 0.006 1. 0. 4.971 0. 0. 1. 0.
1. -0.007 0. 406.976 0.007 1. 0. 5.024 0. 0. 1. 0.
1. -0.005 0. 409.346 0.005 1. 0. 5.111 0. 0. 1. 0.
1. -0.010 0. 411.771 0.010 1. 0. 5.164 0. 0. 1. 0.
1. -0.011 0. 414.140 0.011 1. 0. 5.147 0. 0. 1. 0.
1. -0.013 0. 416.494 0.013 1. 0. 5.273 0. 0. 1. 0.
1. -0.010 0. 418.864 0.010 1. 0. 5.303 0. 0. 1. 0.
1. -0.010 0. 421.170 0.010 1. 0. 5.314 0. 0. 1. 0.
1. -0.007 0. 423.504 0.007 1. 0. 5.288 0. 0. 1. 0.
1. -0.010 0. 425.792 0.010 1. 0. 5.342 0. 0. 1. 0.
1. -0.010 0. 428.128 0.010 1. 0. 5.341 0. 0. 1. 0.
1. -0.008 0. 430.341 0.008 1. 0. 5.384 0. 0. 1. 0.
1. -0.010 0. 432.619 0.010 1. 0. 5.398 0. 0. 1. 0.
1. -0.008 0. 434.858 0.008 1. 0. 5.419 0. 0. 1. 0.
1. -0.008 0. 437.064 0.008 1. 0. 5.446 0. 0. 1. 0.
1. -0.007 0. 439.248 0.007 1. 0. 5.453 0. 0. 1. 0.
1. -0.007 0. 441.460 0.007 1. 0. 5.527 0. 0. 1. 0.
1. -0.005 0. 443.606 0.005 1. 0. 5.507 0. 0. 1. 0.
1. -0.005 0. 445.742 0.005 1. 0. 5.578 0. 0. 1. 0.
1. -0.004 0. 447.826 0.004 1. 0. 5.548 0. 0. 1. 0.
1. -0.004 0. 449.818 0.004 1. 0. 5.617 0. 0. 1. 0.
1. -0.000 0. 451.791 0.000 1. 0. 5.638 0. 0. 1. 0.
1. 0.001 0. 453.671 -0.001 1. 0. 5.616 0. 0. 1. 0.
1. -0. 0. 455.509 0. 1. 0. 5.628 0. 0. 1. 0.
1. 0.004 0. 457.265 -0.004 1. 0. 5.578 0. 0. 1. 0.
1. 0.005 0. 458.972 -0.005 1. 0. 5.558 0. 0. 1. 0.
1. 0.004 0. 460.627 -0.004 1. 0. 5.564 0. 0. 1. 0.
1. 0.006 0. 462.182 -0.006 1. 0. 5.481 0. 0. 1. 0.
1. 0.008 0. 463.694 -0.008 1. 0. 5.451 0. 0. 1. 0.
1.000 0.016 0. 465.139 -0.016 1.000 0. 5.399 0. 0. 1. 0.
1.000 0.029 0. 466.526 -0.029 1.000 0. 5.445 0. 0. 1. 0.
0.999 0.053 0. 467.844 -0.053 0.999 0. 5.283 0. 0. 1. 0.
0.996 0.085 0. 469.137 -0.085 0.996 0. 5.219 0. 0. 1. 0.
0.992 0.126 0. 470.351 -0.126 0.992 0. 4.986 0. 0. 1. 0.
0.985 0.171 0. 471.586 -0.171 0.985 0. 4.741 0. 0. 1. 0.
0.974 0.228 0. 472.776 -0.228 0.974 0. 4.390 0. 0. 1. 0.
0.958 0.285 0. 473.897 -0.285 0.958 0. 4.032 0. 0. 1. 0.
0.937 0.349 0. 475.026 -0.349 0.937 0. 3.575 0. 0. 1. 0.
0.907 0.420 0. 476.064 -0.420 0.907 0. 2.986 0. 0. 1. 0.
0.867 0.498 0. 477.092 -0.498 0.867 0. 2.349 0. 0. 1. 0.
0.815 0.579 0. 477.977 -0.579 0.815 0. 1.564 0. 0. 1. 0.
0.749 0.662 0. 478.819 -0.662 0.749 0. 0.693 0. 0. 1. 0.
0.675 0.738 0. 479.534 -0.738 0.675 0. -0.250 0. 0. 1. 0.
0.589 0.808 0. 480.171 -0.808 0.589 0. -1.283 0. 0. 1. 0.
0.498 0.867 0. 480.702 -0.867 0.498 0. -2.424 0. 0. 1. 0.
0.416 0.909 0. 481.174 -0.909 0.416 0. -3.614 0. 0. 1. 0.
0.347 0.938 0. 481.563 -0.938 0.347 0. -4.891 0. 0. 1. 0.
0.297 0.955 0. 481.953 -0.955 0.297 0. -6.224 0. 0. 1. 0.
0.249 0.968 0. 482.242 -0.968 0.249 0. -7.612 0. 0. 1. 0.
0.208 0.978 0. 482.585 -0.978 0.208 0. -9.059 0. 0. 1. 0.
0.175 0.984 0. 482.854 -0.984 0.175 0. -10.540 0. 0. 1. 0.
0.151 0.989 0. 483.062 -0.989 0.151 0. -12.097 0. 0. 1. 0.
0.132 0.991 0. 483.293 -0.991 0.132 0. -13.679 0. 0. 1. 0.
0.111 0.994 0. 483.483 -0.994 0.111 0. -15.345 0. 0. 1. 0.
0.093 0.996 0. 483.607 -0.996 0.093 0. -17.042 0. 0. 1. 0.
0.074 0.997 0. 483.736 -0.997 0.074 0. -18.785 0. 0. 1. 0.
0.057 0.998 0. 483.858 -0.998 0.057 0. -20.613 0. 0. 1. 0.
0.038 0.999 0. 483.960 -0.999 0.038 0. -22.465 0. 0. 1. 0.
0.022 1.000 0. 484.016 -1.000 0.022 0. -24.357 0. 0. 1. 0.
0.006 1. 0. 484.063 -1. 0.006 0. -26.301 0. 0. 1. 0.
-0.009 1. 0. 484.040 -1. -0.009 0. -28.306 0. 0. 1. 0.
-0.019 1.000 0. 484.001 -1.000 -0.019 0. -30.308 0. 0. 1. 0.
-0.032 0.999 0. 483.944 -0.999 -0.032 0. -32.404 0. 0. 1. 0.
-0.044 0.999 0. 483.889 -0.999 -0.044 0. -34.546 0. 0. 1. 0.
-0.055 0.999 0. 483.818 -0.999 -0.055 0. -36.715 0. 0. 1. 0.
-0.061 0.998 0. 483.683 -0.998 -0.061 0. -38.932 0. 0. 1. 0.
-0.062 0.998 0. 483.509 -0.998 -0.062 0. -41.196 0. 0. 1. 0.
-0.060 0.998 0. 483.365 -0.998 -0.060 0. -43.503 0. 0. 1. 0.
-0.060 0.998 0. 483.238 -0.998 -0.060 0. -45.831 0. 0. 1. 0.
-0.057 0.998 0. 483.116 -0.998 -0.057 0. -48.222 0. 0. 1. 0.
-0.058 0.998 0. 483.029 -0.998 -0.058 0. -50.628 0. 0. 1. 0.
-0.054 0.999 0. 482.873 -0.999 -0.054 0. -53.033 0. 0. 1. 0.
-0.051 0.999 0. 482.763 -0.999 -0.051 0. -55.481 0. 0. 1. 0.
-0.049 0.999 0. 482.668 -0.999 -0.049 0. -57.930 0. 0. 1. 0.
-0.047 0.999 0. 482.472 -0.999 -0.047 0. -60.402 0. 0. 1. 0.
-0.046 0.999 0. 482.427 -0.999 -0.046 0. -62.954 0. 0. 1. 0.
-0.042 0.999 0. 482.345 -0.999 -0.042 0. -65.460 0. 0. 1. 0.
-0.041 0.999 0. 482.281 -0.999 -0.041 0. -68.025 0. 0. 1. 0.
-0.039 0.999 0. 482.202 -0.999 -0.039 0. -70.590 0. 0. 1. 0.
-0.037 0.999 0. 482.138 -0.999 -0.037 0. -73.164 0. 0. 1. 0.
-0.039 0.999 0. 482.042 -0.999 -0.039 0. -75.716 0. 0. 1. 0.
-0.044 0.999 0. 481.958 -0.999 -0.044 0. -78.336 0. 0. 1. 0.
-0.049 0.999 0. 481.787 -0.999 -0.049 0. -80.950 0. 0. 1. 0.
-0.054 0.999 0. 481.647 -0.999 -0.054 0. -83.575 0. 0. 1. 0.
-0.057 0.998 0. 481.503 -0.998 -0.057 0. -86.213 0. 0. 1. 0.
-0.062 0.998 0. 481.385 -0.998 -0.062 0. -88.831 0. 0. 1. 0.
-0.068 0.998 0. 481.212 -0.998 -0.068 0. -91.472 0. 0. 1. 0.
-0.076 0.997 0. 481.020 -0.997 -0.076 0. -94.140 0. 0. 1. 0.
-0.082 0.997 0. 480.796 -0.997 -0.082 0. -96.771 0. 0. 1. 0.
-0.094 0.996 0. 480.501 -0.996 -0.094 0. -99.429 0. 0. 1. 0.
-0.108 0.994 0. 480.271 -0.994 -0.108 0. -102.084 0. 0. 1. 0.
-0.123 0.992 0. 479.974 -0.992 -0.123 0. -104.732 0. 0. 1. 0.
-0.136 0.991 0. 479.577 -0.991 -0.136 0. -107.367 0. 0. 1. 0.
-0.148 0.989 0. 479.243 -0.989 -0.148 0. -109.930 0. 0. 1. 0.
-0.159 0.987 0. 478.850 -0.987 -0.159 0. -112.536 0. 0. 1. 0.
-0.169 0.986 0. 478.401 -0.986 -0.169 0. -115.167 0. 0. 1. 0.
-0.176 0.984 0. 477.947 -0.984 -0.176 0. -117.730 0. 0. 1. 0.
-0.190 0.982 0. 477.456 -0.982 -0.190 0. -120.324 0. 0. 1. 0.
-0.201 0.980 0. 476.928 -0.980 -0.201 0. -122.941 0. 0. 1. 0.
-0.214 0.977 0. 476.411 -0.977 -0.214 0. -125.562 0. 0. 1. 0.
-0.230 0.973 0. 475.810 -0.973 -0.230 0. -128.209 0. 0. 1. 0.
-0.245 0.969 0. 475.173 -0.969 -0.245 0. -130.848 0. 0. 1. 0.
-0.261 0.965 0. 474.502 -0.965 -0.261 0. -133.458 0. 0. 1. 0.
-0.279 0.960 0. 473.850 -0.960 -0.279 0. -136.102 0. 0. 1. 0.
-0.296 0.955 0. 473.020 -0.955 -0.296 0. -138.730 0. 0. 1. 0.
-0.311 0.950 0. 472.168 -0.950 -0.311 0. -141.380 0. 0. 1. 0.
-0.327 0.945 0. 471.273 -0.945 -0.327 0. -143.992 0. 0. 1. 0.
-0.337 0.941 0. 470.383 -0.941 -0.337 0. -146.624 0. 0. 1. 0.
-0.348 0.938 0. 469.461 -0.938 -0.348 0. -149.276 0. 0. 1. 0.
-0.360 0.933 0. 468.506 -0.933 -0.360 0. -151.880 0. 0. 1. 0.
-0.369 0.930 0. 467.506 -0.930 -0.369 0. -154.466 0. 0. 1. 0.
-0.380 0.925 0. 466.489 -0.925 -0.380 0. -157.062 0. 0. 1. 0.
-0.389 0.921 0. 465.437 -0.921 -0.389 0. -159.587 0. 0. 1. 0.
-0.398 0.918 0. 464.337 -0.918 -0.398 0. -162.106 0. 0. 1. 0.
-0.409 0.913 0. 463.248 -0.913 -0.409 0. -164.689 0. 0. 1. 0.
-0.420 0.907 0. 462.036 -0.907 -0.420 0. -167.202 0. 0. 1. 0.
-0.432 0.902 0. 460.881 -0.902 -0.432 0. -169.738 0. 0. 1. 0.
-0.442 0.897 0. 459.749 -0.897 -0.442 0. -172.314 0. 0. 1. 0.
-0.447 0.894 0. 458.504 -0.894 -0.447 0. -174.872 0. 0. 1. 0.
-0.449 0.893 0. 457.230 -0.893 -0.449 0. -177.400 0. 0. 1. 0.
-0.450 0.893 0. 455.955 -0.893 -0.450 0. -179.963 0. 0. 1. 0.
-0.450 0.893 0. 454.695 -0.893 -0.450 0. -182.546 0. 0. 1. 0.
-0.449 0.894 0. 453.431 -0.894 -0.449 0. -185.083 0. 0. 1. 0.
-0.449 0.894 0. 452.099 -0.894 -0.449 0. -187.623 0. 0. 1. 0.
-0.449 0.894 0. 450.861 -0.894 -0.449 0. -190.216 0. 0. 1. 0.
-0.451 0.892 0. 449.580 -0.892 -0.451 0. -192.768 0. 0. 1. 0.
-0.455 0.891 0. 448.315 -0.891 -0.455 0. -195.387 0. 0. 1. 0.
-0.454 0.891 0. 446.999 -0.891 -0.454 0. -197.937 0. 0. 1. 0.
-0.457 0.889 0. 445.717 -0.889 -0.457 0. -200.532 0. 0. 1. 0.
-0.457 0.890 0. 444.385 -0.890 -0.457 0. -203.059 0. 0. 1. 0.
-0.457 0.889 0. 442.990 -0.889 -0.457 0. -205.604 0. 0. 1. 0.
-0.460 0.888 0. 441.740 -0.888 -0.460 0. -208.183 0. 0. 1. 0.
-0.460 0.888 0. 440.478 -0.888 -0.460 0. -210.723 0. 0. 1. 0.
-0.456 0.890 0. 439.135 -0.890 -0.456 0. -213.231 0. 0. 1. 0.
-0.455 0.890 0. 437.827 -0.890 -0.455 0. -215.728 0. 0. 1. 0.
-0.454 0.891 0. 436.622 -0.891 -0.454 0. -218.278 0. 0. 1. 0.
-0.451 0.893 0. 435.311 -0.893 -0.451 0. -220.733 0. 0. 1. 0.
-0.447 0.894 0. 434.088 -0.894 -0.447 0. -223.220 0. 0. 1. 0.
-0.447 0.894 0. 432.843 -0.894 -0.447 0. -225.698 0. 0. 1. 0.
-0.447 0.894 0. 431.685 -0.894 -0.447 0. -228.138 0. 0. 1. 0.
-0.450 0.893 0. 430.475 -0.893 -0.450 0. -230.572 0. 0. 1. 0.
-0.455 0.891 0. 429.279 -0.891 -0.455 0. -232.988 0. 0. 1. 0.
-0.458 0.889 0. 428.005 -0.889 -0.458 0. -235.389 0. 0. 1. 0.
-0.465 0.885 0. 426.774 -0.885 -0.465 0. -237.791 0. 0. 1. 0.
-0.471 0.882 0. 425.538 -0.882 -0.471 0. -240.234 0. 0. 1. 0.
-0.476 0.879 0. 424.253 -0.879 -0.476 0. -242.643 0. 0. 1. 0.
-0.485 0.874 0. 422.909 -0.874 -0.485 0. -245.025 0. 0. 1. 0.
-0.495 0.869 0. 421.637 -0.869 -0.495 0. -247.372 0. 0. 1. 0.
-0.504 0.864 0. 420.222 -0.864 -0.504 0. -249.758 0. 0. 1. 0.
-0.514 0.858 0. 418.918 -0.858 -0.514 0. -252.150 0. 0. 1. 0.
-0.522 0.853 0. 417.388 -0.853 -0.522 0. -254.401 0. 0. 1. 0.
-0.530 0.848 0. 415.887 -0.848 -0.530 0. -256.822 0. 0. 1. 0.
-0.538 0.843 0. 414.363 -0.843 -0.538 0. -259.095 0. 0. 1. 0.
-0.546 0.838 0. 412.959 -0.838 -0.546 0. -261.444 0. 0. 1. 0.
-0.555 0.832 0. 411.482 -0.832 -0.555 0. -263.813 0. 0. 1. 0.
-0.564 0.826 0. 409.897 -0.826 -0.564 0. -266.168 0. 0. 1. 0.
-0.570 0.822 0. 408.262 -0.822 -0.570 0. -268.482 0. 0. 1. 0.
-0.575 0.818 0. 406.695 -0.818 -0.575 0. -270.848 0. 0. 1. 0.
-0.581 0.814 0. 405.133 -0.814 -0.581 0. -273.199 0. 0. 1. 0.
-0.588 0.809 0. 403.493 -0.809 -0.588 0. -275.509 0. 0. 1. 0.
-0.594 0.805 0. 401.820 -0.805 -0.594 0. -277.800 0. 0. 1. 0.
-0.600 0.800 0. 400.139 -0.800 -0.600 0. -280.077 0. 0. 1. 0.
-0.606 0.795 0. 398.507 -0.795 -0.606 0. -282.336 0. 0. 1. 0.
-0.613 0.790 0. 396.803 -0.790 -0.613 0. -284.593 0. 0. 1. 0.
-0.618 0.786 0. 395.086 -0.786 -0.618 0. -286.826 0. 0. 1. 0.
-0.618 0.786 0. 393.394 -0.786 -0.618 0. -288.969 0. 0. 1. 0.
-0.617 0.787 0. 391.703 -0.787 -0.617 0. -291.143 0. 0. 1. 0.
-0.618 0.786 0. 390.027 -0.786 -0.618 0. -293.390 0. 0. 1. 0.
-0.619 0.785 0. 388.318 -0.785 -0.619 0. -295.554 0. 0. 1. 0.
-0.619 0.785 0. 386.633 -0.785 -0.619 0. -297.693 0. 0. 1. 0.
-0.619 0.786 0. 384.898 -0.786 -0.619 0. -299.862 0. 0. 1. 0.
-0.614 0.789 0. 383.226 -0.789 -0.614 0. -302.002 0. 0. 1. 0.
-0.605 0.796 0. 381.622 -0.796 -0.605 0. -304.204 0. 0. 1. 0.
-0.595 0.804 0. 380.024 -0.804 -0.595 0. -306.434 0. 0. 1. 0.
-0.587 0.810 0. 378.353 -0.810 -0.587 0. -308.608 0. 0. 1. 0.
-0.578 0.816 0. 376.794 -0.816 -0.578 0. -310.835 0. 0. 1. 0.
-0.568 0.823 0. 375.263 -0.823 -0.568 0. -313.150 0. 0. 1. 0.
-0.557 0.831 0. 373.685 -0.831 -0.557 0. -315.404 0. 0. 1. 0.
-0.546 0.838 0. 372.268 -0.838 -0.546 0. -317.748 0. 0. 1. 0.
-0.535 0.845 0. 370.700 -0.845 -0.535 0. -320.079 0. 0. 1. 0.
-0.522 0.853 0. 369.275 -0.853 -0.522 0. -322.484 0. 0. 1. 0.
-0.510 0.860 0. 367.785 -0.860 -0.510 0. -324.902 0. 0. 1. 0.
-0.495 0.869 0. 366.337 -0.869 -0.495 0. -327.362 0. 0. 1. 0.
-0.487 0.874 0. 364.938 -0.874 -0.487 0. -329.790 0. 0. 1. 0.
-0.478 0.878 0. 363.694 -0.878 -0.478 0. -332.356 0. 0. 1. 0.
-0.472 0.881 0. 362.321 -0.881 -0.472 0. -334.893 0. 0. 1. 0.
-0.463 0.886 0. 361.108 -0.886 -0.463 0. -337.431 0. 0. 1. 0.
-0.457 0.890 0. 359.804 -0.890 -0.457 0. -340.011 0. 0. 1. 0.
-0.455 0.890 0. 358.460 -0.890 -0.455 0. -342.543 0. 0. 1. 0.
-0.457 0.890 0. 357.222 -0.890 -0.457 0. -345.105 0. 0. 1. 0.
-0.456 0.890 0. 355.925 -0.890 -0.456 0. -347.673 0. 0. 1. 0.
-0.456 0.890 0. 354.619 -0.890 -0.456 0. -350.196 0. 0. 1. 0.
-0.455 0.890 0. 353.271 -0.890 -0.455 0. -352.729 0. 0. 1. 0.
-0.454 0.891 0. 351.997 -0.891 -0.454 0. -355.269 0. 0. 1. 0.
-0.454 0.891 0. 350.726 -0.891 -0.454 0. -357.862 0. 0. 1. 0.
-0.454 0.891 0. 349.380 -0.891 -0.454 0. -360.364 0. 0. 1. 0.
-0.455 0.890 0. 348.104 -0.890 -0.455 0. -362.967 0. 0. 1. 0.
-0.455 0.891 0. 346.782 -0.891 -0.455 0. -365.512 0. 0. 1. 0.
-0.455 0.890 0. 345.407 -0.890 -0.455 0. -368.115 0. 0. 1. 0.
-0.455 0.891 0. 344.109 -0.891 -0.455 0. -370.776 0. 0. 1. 0.
-0.456 0.890 0. 342.810 -0.890 -0.456 0. -373.414 0. 0. 1. 0.
-0.456 0.890 0. 341.492 -0.890 -0.456 0. -376.024 0. 0. 1. 0.
-0.455 0.890 0. 340.156 -0.890 -0.455 0. -378.675 0. 0. 1. 0.
-0.454 0.891 0. 338.898 -0.891 -0.454 0. -381.367 0. 0. 1. 0.
-0.452 0.892 0. 337.497 -0.892 -0.452 0. -383.994 0. 0. 1. 0.
-0.451 0.893 0. 336.108 -0.893 -0.451 0. -386.607 0. 0. 1. 0.
-0.448 0.894 0. 334.770 -0.894 -0.448 0. -389.290 0. 0. 1. 0.
-0.447 0.894 0. 333.365 -0.894 -0.447 0. -391.940 0. 0. 1. 0.
-0.446 0.895 0. 332.076 -0.895 -0.446 0. -394.659 0. 0. 1. 0.
-0.445 0.895 0. 330.726 -0.895 -0.445 0. -397.351 0. 0. 1. 0.
-0.445 0.896 0. 329.420 -0.896 -0.445 0. -400.082 0. 0. 1. 0.
-0.443 0.897 0. 328.106 -0.897 -0.443 0. -402.793 0. 0. 1. 0.
-0.443 0.896 0. 326.843 -0.896 -0.443 0. -405.522 0. 0. 1. 0.
-0.443 0.897 0. 325.541 -0.897 -0.443 0. -408.254 0. 0. 1. 0.
-0.440 0.898 0. 324.180 -0.898 -0.440 0. -410.950 0. 0. 1. 0.
-0.440 0.898 0. 322.870 -0.898 -0.440 0. -413.640 0. 0. 1. 0.
-0.438 0.899 0. 321.554 -0.899 -0.438 0. -416.309 0. 0. 1. 0.
-0.440 0.898 0. 320.208 -0.898 -0.440 0. -418.992 0. 0. 1. 0.
-0.441 0.897 0. 318.945 -0.897 -0.441 0. -421.691 0. 0. 1. 0.
-0.445 0.895 0. 317.624 -0.895 -0.445 0. -424.320 0. 0. 1. 0.
-0.449 0.893 0. 316.330 -0.893 -0.449 0. -426.954 0. 0. 1. 0.
-0.449 0.893 0. 315.007 -0.893 -0.449 0. -429.577 0. 0. 1. 0.
-0.449 0.894 0. 313.681 -0.894 -0.449 0. -432.180 0. 0. 1. 0.
-0.448 0.894 0. 312.437 -0.894 -0.448 0. -434.809 0. 0. 1. 0.
-0.444 0.896 0. 311.131 -0.896 -0.444 0. -437.423 0. 0. 1. 0.
-0.443 0.897 0. 309.882 -0.897 -0.443 0. -440.023 0. 0. 1. 0.
-0.440 0.898 0. 308.657 -0.898 -0.440 0. -442.641 0. 0. 1. 0.
-0.441 0.898 0. 307.431 -0.898 -0.441 0. -445.168 0. 0. 1. 0.
-0.438 0.899 0. 306.117 -0.899 -0.438 0. -447.742 0. 0. 1. 0.
-0.438 0.899 0. 304.956 -0.899 -0.438 0. -450.310 0. 0. 1. 0.
-0.437 0.900 0. 303.648 -0.900 -0.437 0. -452.798 0. 0. 1. 0.
-0.432 0.902 0. 302.440 -0.902 -0.432 0. -455.294 0. 0. 1. 0.
-0.431 0.902 0. 301.276 -0.902 -0.431 0. -457.805 0. 0. 1. 0.
-0.430 0.903 0. 300.064 -0.903 -0.430 0. -460.262 0. 0. 1. 0.
-0.426 0.905 0. 298.863 -0.905 -0.426 0. -462.691 0. 0. 1. 0.
-0.422 0.907 0. 297.819 -0.907 -0.422 0. -465.181 0. 0. 1. 0.
-0.419 0.908 0. 296.601 -0.908 -0.419 0. -467.595 0. 0. 1. 0.
-0.418 0.908 0. 295.597 -0.908 -0.418 0. -470.071 0. 0. 1. 0.
-0.415 0.910 0. 294.447 -0.910 -0.415 0. -472.455 0. 0. 1. 0.
-0.412 0.911 0. 293.313 -0.911 -0.412 0. -474.842 0. 0. 1. 0.
-0.412 0.911 0. 292.265 -0.911 -0.412 0. -477.265 0. 0. 1. 0.
-0.412 0.911 0. 291.244 -0.911 -0.412 0. -479.608 0. 0. 1. 0.
-0.415 0.910 0. 290.139 -0.910 -0.415 0. -481.920 0. 0. 1. 0.
-0.418 0.908 0. 289.106 -0.908 -0.418 0. -484.191 0. 0. 1. 0.
-0.423 0.906 0. 288.053 -0.906 -0.423 0. -486.431 0. 0. 1. 0.
-0.427 0.904 0. 287.050 -0.904 -0.427 0. -488.596 0. 0. 1. 0.
-0.429 0.903 0. 286.010 -0.903 -0.429 0. -490.693 0. 0. 1. 0.
-0.432 0.902 0. 284.998 -0.902 -0.432 0. -492.820 0. 0. 1. 0.
-0.437 0.899 0. 283.942 -0.899 -0.437 0. -494.891 0. 0. 1. 0.
-0.443 0.896 0. 282.974 -0.896 -0.443 0. -496.921 0. 0. 1. 0.
-0.447 0.894 0. 282.004 -0.894 -0.447 0. -498.998 0. 0. 1. 0.
-0.452 0.892 0. 280.969 -0.892 -0.452 0. -500.952 0. 0. 1. 0.
-0.461 0.887 0. 279.962 -0.887 -0.461 0. -502.778 0. 0. 1. 0.
-0.472 0.882 0. 278.929 -0.882 -0.472 0. -504.568 0. 0. 1. 0.
-0.489 0.872 0. 278.011 -0.872 -0.489 0. -506.335 0. 0. 1. 0.
-0.515 0.857 0. 277.039 -0.857 -0.515 0. -507.899 0. 0. 1. 0.
-0.547 0.837 0. 276.094 -0.837 -0.547 0. -509.371 0. 0. 1. 0.
-0.582 0.813 0. 274.977 -0.813 -0.582 0. -510.749 0. 0. 1. 0.
-0.623 0.782 0. 274.009 -0.782 -0.623 0. -511.957 0. 0. 1. 0.
-0.668 0.744 0. 272.922 -0.744 -0.668 0. -513.052 0. 0. 1. 0.
-0.718 0.696 0. 271.817 -0.696 -0.718 0. -514.048 0. 0. 1. 0.
-0.770 0.638 0. 270.614 -0.638 -0.770 0. -514.854 0. 0. 1. 0.
-0.818 0.576 0. 269.588 -0.576 -0.818 0. -515.620 0. 0. 1. 0.
-0.860 0.510 0. 268.245 -0.510 -0.860 0. -516.301 0. 0. 1. 0.
-0.896 0.444 0. 267.022 -0.444 -0.896 0. -516.884 0. 0. 1. 0.
-0.926 0.377 0. 265.649 -0.377 -0.926 0. -517.431 0. 0. 1. 0.
-0.949 0.315 0. 264.287 -0.315 -0.949 0. -517.768 0. 0. 1. 0.
-0.968 0.252 0. 262.942 -0.252 -0.968 0. -518.154 0. 0. 1. 0.
-0.979 0.202 0. 261.596 -0.202 -0.979 0. -518.447 0. 0. 1. 0.
-0.987 0.158 0. 260.196 -0.158 -0.987 0. -518.545 0. 0. 1. 0.
-0.993 0.117 0. 258.751 -0.117 -0.993 0. -518.649 0. 0. 1. 0.
-0.997 0.077 0. 257.328 -0.077 -0.997 0. -518.818 0. 0. 1. 0.
-0.999 0.042 0. 255.963 -0.042 -0.999 0. -518.866 0. 0. 1. 0.
-1. 0.013 0. 254.464 -0.013 -1. 0. -518.846 0. 0. 1. 0.
-1. -0.006 0. 253.054 0.006 -1. 0. -518.843 0. 0. 1. 0.
-1.000 -0.020 0. 251.594 0.020 -1.000 0. -518.840 0. 0. 1. 0.
-1.000 -0.028 0. 250.115 0.028 -1.000 0. -518.767 0. 0. 1. 0.
-0.999 -0.033 0. 248.603 0.033 -0.999 0. -518.720 0. 0. 1. 0.
-0.999 -0.036 0. 247.078 0.036 -0.999 0. -518.651 0. 0. 1. 0.
-0.999 -0.038 0. 245.505 0.038 -0.999 0. -518.581 0. 0. 1. 0.
-0.999 -0.039 0. 243.977 0.039 -0.999 0. -518.528 0. 0. 1. 0.
-0.999 -0.035 0. 242.339 0.035 -0.999 0. -518.448 0. 0. 1. 0.
-1.000 -0.031 0. 240.751 0.031 -1.000 0. -518.365 0. 0. 1. 0.
-1.000 -0.030 0. 239.165 0.030 -1.000 0. -518.305 0. 0. 1. 0.
-1.000 -0.024 0. 237.549 0.024 -1.000 0. -518.290 0. 0. 1. 0.
-1.000 -0.021 0. 235.873 0.021 -1.000 0. -518.248 0. 0. 1. 0.
-1.000 -0.016 0. 234.218 0.016 -1.000 0. -518.216 0. 0. 1. 0.
-1. -0.011 0. 232.555 0.011 -1. 0. -518.237 0. 0. 1. 0.
-1. -0.008 0. 230.845 0.008 -1. 0. -518.189 0. 0. 1. 0.
-1. -0.008 0. 229.176 0.008 -1. 0. -518.107 0. 0. 1. 0.
-1. -0.014 0. 227.485 0.014 -1. 0. -518.126 0. 0. 1. 0.
-1.000 -0.019 0. 225.825 0.019 -1.000 0. -518.079 0. 0. 1. 0.
-1.000 -0.026 0. 224.186 0.026 -1.000 0. -518.062 0. 0. 1. 0.
-0.999 -0.045 0. 222.591 0.045 -0.999 0. -517.988 0. 0. 1. 0.
-0.998 -0.062 0. 220.973 0.062 -0.998 0. -517.886 0. 0. 1. 0.
-0.996 -0.084 0. 219.394 0.084 -0.996 0. -517.709 0. 0. 1. 0.
-0.994 -0.106 0. 217.855 0.106 -0.994 0. -517.605 0. 0. 1. 0.
-0.992 -0.126 0. 216.288 0.126 -0.992 0. -517.386 0. 0. 1. 0.
-0.989 -0.147 0. 214.761 0.147 -0.989 0. -517.154 0. 0. 1. 0.
-0.987 -0.159 0. 213.268 0.159 -0.987 0. -516.919 0. 0. 1. 0.
-0.985 -0.172 0. 211.791 0.172 -0.985 0. -516.666 0. 0. 1. 0.
-0.984 -0.175 0. 210.299 0.175 -0.984 0. -516.369 0. 0. 1. 0.
-0.985 -0.170 0. 208.820 0.170 -0.985 0. -516.178 0. 0. 1. 0.
-0.988 -0.157 0. 207.299 0.157 -0.988 0. -515.985 0. 0. 1. 0.
-0.990 -0.139 0. 205.875 0.139 -0.990 0. -515.730 0. 0. 1. 0.
-0.993 -0.116 0. 204.389 0.116 -0.993 0. -515.539 0. 0. 1. 0.
-0.996 -0.090 0. 202.860 0.090 -0.996 0. -515.510 0. 0. 1. 0.
-0.998 -0.061 0. 201.367 0.061 -0.998 0. -515.421 0. 0. 1. 0.
-1.000 -0.031 0. 199.849 0.031 -1.000 0. -515.442 0. 0. 1. 0.
-1. 0.002 0. 198.341 -0.002 -1. 0. -515.411 0. 0. 1. 0.
-0.999 0.034 0. 196.836 -0.034 -0.999 0. -515.529 0. 0. 1. 0.
-0.997 0.072 0. 195.333 -0.072 -0.997 0. -515.600 0. 0. 1. 0.
-0.994 0.107 0. 193.779 -0.107 -0.994 0. -515.879 0. 0. 1. 0.
-0.990 0.143 0. 192.212 -0.143 -0.990 0. -516.081 0. 0. 1. 0.
-0.986 0.168 0. 190.663 -0.168 -0.986 0. -516.424 0. 0. 1. 0.
-0.983 0.183 0. 189.103 -0.183 -0.983 0. -516.754 0. 0. 1. 0.
-0.982 0.187 0. 187.503 -0.187 -0.982 0. -516.966 0. 0. 1. 0.
-0.983 0.181 0. 185.883 -0.181 -0.983 0. -517.314 0. 0. 1. 0.
-0.985 0.173 0. 184.264 -0.173 -0.985 0. -517.551 0. 0. 1. 0.
-0.987 0.161 0. 182.616 -0.161 -0.987 0. -517.837 0. 0. 1. 0.
-0.988 0.152 0. 180.973 -0.152 -0.988 0. -518.152 0. 0. 1. 0.
-0.990 0.141 0. 179.303 -0.141 -0.990 0. -518.373 0. 0. 1. 0.
-0.991 0.131 0. 177.584 -0.131 -0.991 0. -518.560 0. 0. 1. 0.
-0.992 0.123 0. 175.890 -0.123 -0.992 0. -518.778 0. 0. 1. 0.
-0.994 0.114 0. 174.177 -0.114 -0.994 0. -518.995 0. 0. 1. 0.
-0.994 0.106 0. 172.458 -0.106 -0.994 0. -519.195 0. 0. 1. 0.
-0.995 0.097 0. 170.787 -0.097 -0.995 0. -519.406 0. 0. 1. 0.
-0.996 0.093 0. 169.022 -0.093 -0.996 0. -519.537 0. 0. 1. 0.
-0.996 0.086 0. 167.329 -0.086 -0.996 0. -519.705 0. 0. 1. 0.
-0.997 0.082 0. 165.609 -0.082 -0.997 0. -519.853 0. 0. 1. 0.
-0.997 0.077 0. 163.915 -0.077 -0.997 0. -520.016 0. 0. 1. 0.
-0.997 0.075 0. 162.198 -0.075 -0.997 0. -520.160 0. 0. 1. 0.
-0.998 0.070 0. 160.475 -0.070 -0.998 0. -520.253 0. 0. 1. 0.
-0.998 0.067 0. 158.760 -0.067 -0.998 0. -520.384 0. 0. 1. 0.
-0.998 0.063 0. 157.085 -0.063 -0.998 0. -520.539 0. 0. 1. 0.
-0.998 0.059 0. 155.362 -0.059 -0.998 0. -520.594 0. 0. 1. 0.
-0.998 0.057 0. 153.655 -0.057 -0.998 0. -520.715 0. 0. 1. 0.
-0.999 0.054 0. 151.956 -0.054 -0.999 0. -520.790 0. 0. 1. 0.
-0.999 0.049 0. 150.279 -0.049 -0.999 0. -520.860 0. 0. 1. 0.
-0.999 0.046 0. 148.613 -0.046 -0.999 0. -520.931 0. 0. 1. 0.
-0.999 0.042 0. 146.977 -0.042 -0.999 0. -521.018 0. 0. 1. 0.
-0.999 0.038 0. 145.315 -0.038 -0.999 0. -521.098 0. 0. 1. 0.
-0.999 0.036 0. 143.709 -0.036 -0.999 0. -521.188 0. 0. 1. 0.
-0.999 0.032 0. 142.120 -0.032 -0.999 0. -521.214 0. 0. 1. 0.
-1.000 0.030 0. 140.537 -0.030 -1.000 0. -521.278 0. 0. 1. 0.
-1.000 0.025 0. 138.968 -0.025 -1.000 0. -521.304 0. 0. 1. 0.
-1.000 0.021 0. 137.429 -0.021 -1.000 0. -521.382 0. 0. 1. 0.
-1.000 0.014 0. 135.870 -0.014 -1.000 0. -521.415 0. 0. 1. 0.
-1. 0.010 0. 134.363 -0.010 -1. 0. -521.453 0. 0. 1. 0.
-1. 0.008 0. 132.847 -0.008 -1. 0. -521.454 0. 0. 1. 0.
-1. 0.002 0. 131.352 -0.002 -1. 0. -521.486 0. 0. 1. 0.
-1. -0.001 0. 129.901 0.001 -1. 0. -521.444 0. 0. 1. 0.
-1. -0.006 0. 128.365 0.006 -1. 0. -521.507 0. 0. 1. 0.
-1. -0.013 0. 126.922 0.013 -1. 0. -521.501 0. 0. 1. 0.
-1.000 -0.025 0. 125.467 0.025 -1.000 0. -521.416 0. 0. 1. 0.
-0.999 -0.041 0. 124.026 0.041 -0.999 0. -521.401 0. 0. 1. 0.
-0.998 -0.063 0. 122.585 0.063 -0.998 0. -521.307 0. 0. 1. 0.
-0.996 -0.093 0. 121.189 0.093 -0.996 0. -521.116 0. 0. 1. 0.
-0.992 -0.123 0. 119.825 0.123 -0.992 0. -520.961 0. 0. 1. 0.
-0.987 -0.158 0. 118.475 0.158 -0.987 0. -520.701 0. 0. 1. 0.
