1. 0. 0. 0. 0. -1. -0. 0. 0. 0. -1. 0.
1. 0.001 0. -0.015 0.001 -1. -0. -0.021 0. 0. -1. 0.
1. -0.001 -0. 0.004 -0.001 -1. -0. 0.002 0. 0. -1. 0.
1. -0.001 -0. -0.004 -0.001 -1. -0. -0.013 0. 0. -1. 0.
1. -0.001 -0. -0.003 -0.001 -1. -0. -0.008 0. 0. -1. 0.
1. -0.001 -0. 0.010 -0.001 -1. -0. 0.000 0. 0. -1. 0.
1. -0.007 -0. -0.002 -0.007 -1. -0. -0.004 0. 0. -1. 0.
1. -0.005 -0. -0.034 -0.005 -1. -0. -0.016 0. 0. -1. 0.
1. 0.001 0. -0.013 0.001 -1. -0. -0.021 0. 0. -1. 0.
1. -0.008 -0. 0.005 -0.008 -1. -0. 0.000 0. 0. -1. 0.
1. -0.004 -0. -0.049 -0.004 -1. -0. -0.123 0. 0. -1. 0.
1. 0.002 0. 0.024 0.002 -1. -0. -0.015 0. 0. -1. 0.
1. -0.003 -0. -0.003 -0.003 -1. -0. -0.027 0. 0. -1. 0.
1. -0.004 -0. -0.013 -0.004 -1. -0. -0.010 0. 0. -1. 0.
1. -0.005 -0. -0.000 -0.005 -1. -0. -0.011 0. 0. -1. 0.
1. -0.007 -0. -0.025 -0.007 -1. -0. -0.004 0. 0. -1. 0.
1. -0.005 -0. -0.012 -0.005 -1. -0. -0.012 0. 0. -1. 0.
1. -0.003 -0. -0.007 -0.003 -1. -0. -0.002 0. 0. -1. 0.
1. 0.001 0. -0.014 0.001 -1. -0. -0.026 0. 0. -1. 0.
1. 0.001 0. 0.006 0.001 -1. -0. 0.002 0. 0. -1. 0.
1. 0.000 0. -0.005 0.000 -1. -0. -0.011 0. 0. -1. 0.
1. 0.001 0. -0.018 0.001 -1. -0. -0.028 0. 0. -1. 0.
1. -0.005 -0. -0.025 -0.005 -1. -0. -0.097 0. 0. -1. 0.
1. 0.001 0. -0.011 0.001 -1. -0. -0.008 0. 0. -1. 0.
1. 0.002 0. 0.001 0.002 -1. -0. 0.004 0. 0. -1. 0.
1. 0.002 0. -0.016 0.002 -1. -0. -0.041 0. 0. -1. 0.
1. 0.002 0. -0.011 0.002 -1. -0. -0.022 0. 0. -1. 0.
1. 0.002 0. -0.010 0.002 -1. -0. -0.030 0. 0. -1. 0.
1. 0.001 0. 0.001 0.001 -1. -0. -0.010 0. 0. -1. 0.
1. -0.005 -0. 0.009 -0.005 -1. -0. 0.010 0. 0. -1. 0.
1. -0.006 -0. -0.029 -0.006 -1. -0. -0.105 0. 0. -1. 0.
1. -0.002 -0. 0.007 -0.002 -1. -0. -0.072 0. 0. -1. 0.
1. -0.009 -0. -0.009 -0.009 -1. -0. -0.020 0. 0. -1. 0.
1. 0.002 0. -0.010 0.002 -1. -0. -0.048 0. 0. -1. 0.
1. 0.004 0. 0.009 0.004 -1. -0. 0.018 0. 0. -1. 0.
1. -0.003 -0. -0.022 -0.003 -1. -0. -0.014 0. 0. -1. 0.
1. -0.002 -0. -0.020 -0.002 -1. -0. -0.053 0. 0. -1. 0.
1. -0.008 -0. -0.020 -0.008 -1. -0. -0.005 0. 0. -1. 0.
1. -0.005 -0. -0.025 -0.005 -1. -0. -0.002 0. 0. -1. 0.
1. 0.001 0. -0.013 0.001 -1. -0. -0.028 0. 0. -1. 0.
1. 0.001 0. 0.004 0.001 -1. -0. -0.036 0. 0. -1. 0.
1. 0.001 0. -0.006 0.001 -1. -0. -0.013 0. 0. -1. 0.
1. 0.000 0. -0.023 0.000 -1. -0. -0.036 0. 0. -1. 0.
1. -0.008 -0. -0.030 -0.008 -1. -0. -0.013 0. 0. -1. 0.
1. -0.005 -0. -0.031 -0.005 -1. -0. -0.101 0. 0. -1. 0.
1. -0.006 -0. -0.025 -0.006 -1. -0. -0.004 0. 0. -1. 0.
1. -0.005 -0. -0.015 -0.005 -1. -0. -0.005 0. 0. -1. 0.
1. -0.005 -0. 0.006 -0.005 -1. -0. -0.005 0. 0. -1. 0.
1. -0.004 -0. -0.015 -0.004 -1. -0. -0.005 0. 0. -1. 0.
1. -0.000 -0. -0.007 -0.000 -1. -0. -0.015 0. 0. -1. 0.
1. -0.004 -0. 0.010 -0.004 -1. -0. 0.002 0. 0. -1. 0.
1. -0.010 -0. -0.013 -0.010 -1. -0. -0.018 0. 0. -1. 0.
1. -0.001 -0. -0.019 -0.001 -1. -0. -0.054 0. 0. -1. 0.
1. 0.004 0. -0.011 0.004 -1. -0. -0.009 0. 0. -1. 0.
1. -0.004 -0. -0.038 -0.004 -1. -0. -0.016 0. 0. -1. 0.
1. -0.002 -0. -0.034 -0.002 -1. -0. -0.012 0. 0. -1. 0.
1. 0.004 0. -0.018 0.004 -1. -0. -0.018 0. 0. -1. 0.
1.000 0.017 0. 0.057 0.017 -1.000 -0. -0.001 0. 0. -1. 0.
0.999 0.035 0. 0.146 0.035 -0.999 -0. 0.009 0. 0. -1. 0.
0.997 0.075 0. 0.269 0.075 -0.997 -0. 0.020 0. 0. -1. 0.
0.993 0.114 0. 0.454 0.114 -0.993 -0. 0.102 0. 0. -1. 0.
0.985 0.170 0. 0.624 0.170 -0.985 -0. 0.159 0. 0. -1. 0.
0.973 0.230 0. 1.029 0.230 -0.973 -0. 0.289 0. 0. -1. 0.
0.958 0.287 0. 1.399 0.287 -0.958 -0. 0.370 0. 0. -1. 0.
0.951 0.310 0. 1.793 0.310 -0.951 -0. 0.552 0. 0. -1. 0.
0.943 0.333 0. 2.222 0.333 -0.943 -0. 0.593 0. 0. -1. 0.
0.942 0.336 0. 2.753 0.336 -0.942 -0. 0.836 0. 0. -1. 0.
0.947 0.321 0. 3.319 0.321 -0.947 -0. 0.989 0. 0. -1. 0.
0.957 0.289 0. 3.872 0.289 -0.957 -0. 1.236 0. 0. -1. 0.
0.968 0.250 0. 4.545 0.250 -0.968 -0. 1.306 0. 0. -1. 0.
0.977 0.214 0. 5.320 0.214 -0.977 -0. 1.414 0. 0. -1. 0.
0.986 0.169 0. 6.077 0.169 -0.986 -0. 1.551 0. 0. -1. 0.
0.991 0.130 0. 6.893 0.130 -0.991 -0. 1.664 0. 0. -1. 0.
0.996 0.084 0. 7.864 0.084 -0.996 -0. 1.622 0. 0. -1. 0.
0.999 0.041 0. 8.814 0.041 -0.999 -0. 1.669 0. 0. -1. 0.
1. 0.005 0. 9.862 0.005 -1. -0. 1.744 0. 0. -1. 0.
1.000 -0.017 -0. 10.917 -0.017 -1.000 -0. 1.577 0. 0. -1. 0.
0.999 -0.042 -0. 12.130 -0.042 -0.999 -0. 1.663 0. 0. -1. 0.
0.999 -0.049 -0. 13.342 -0.049 -0.999 -0. 1.407 0. 0. -1. 0.
0.998 -0.062 -0. 14.648 -0.062 -0.998 -0. 1.431 0. 0. -1. 0.
0.998 -0.060 -0. 15.877 -0.060 -0.998 -0. 1.296 0. 0. -1. 0.
0.998 -0.058 -0. 17.340 -0.058 -0.998 -0. 1.206 0. 0. -1. 0.
0.998 -0.060 -0. 18.795 -0.060 -0.998 -0. 1.118 0. 0. -1. 0.
0.998 -0.057 -0. 20.327 -0.057 -0.998 -0. 1.058 0. 0. -1. 0.
0.999 -0.052 -0. 21.950 -0.052 -0.999 -0. 0.896 0. 0. -1. 0.
0.999 -0.041 -0. 23.635 -0.041 -0.999 -0. 0.697 0. 0. -1. 0.
0.999 -0.043 -0. 25.320 -0.043 -0.999 -0. 0.662 0. 0. -1. 0.
0.999 -0.034 -0. 27.103 -0.034 -0.999 -0. 0.503 0. 0. -1. 0.
1.000 -0.031 -0. 28.798 -0.031 -1.000 -0. 0.469 0. 0. -1. 0.
1.000 -0.028 -0. 30.426 -0.028 -1.000 -0. 0.409 0. 0. -1. 0.
1.000 -0.017 -0. 32.242 -0.017 -1.000 -0. 0.360 0. 0. -1. 0.
1.000 -0.015 -0. 34.017 -0.015 -1.000 -0. 0.263 0. 0. -1. 0.
1. -0.001 -0. 35.852 -0.001 -1. -0. 0.325 0. 0. -1. 0.
1. 0.012 0. 37.689 0.012 -1. -0. 0.267 0. 0. -1. 0.
1.000 0.016 0. 39.564 0.016 -1.000 -0. 0.304 0. 0. -1. 0.
1. 0.012 0. 41.346 0.012 -1. -0. 0.327 0. 0. -1. 0.
1. 0.011 0. 43.276 0.011 -1. -0. 0.285 0. 0. -1. 0.
1. 0.009 0. 45.232 0.009 -1. -0. 0.237 0. 0. -1. 0.
1. 0.003 0. 47.153 0.003 -1. -0. 0.348 0. 0. -1. 0.
1. 0.005 0. 49.183 0.005 -1. -0. 0.273 0. 0. -1. 0.
1. 0.008 0. 51.204 0.008 -1. -0. 0.205 0. 0. -1. 0.
1. 0.006 0. 53.299 0.006 -1. -0. 0.110 0. 0. -1. 0.
1. 0.008 0. 55.361 0.008 -1. -0. 0.077 0. 0. -1. 0.
1. 0.012 0. 57.454 0.012 -1. -0. 0.070 0. 0. -1. 0.
1. 0.006 0. 59.531 0.006 -1. -0. 0.175 0. 0. -1. 0.
1. 0.008 0. 61.555 0.008 -1. -0. 0.243 0. 0. -1. 0.
1. 0.002 0. 63.587 0.002 -1. -0. 0.216 0. 0. -1. 0.
1. -0.003 -0. 65.639 -0.003 -1. -0. 0.205 0. 0. -1. 0.
1.000 -0.015 -0. 67.688 -0.015 -1.000 -0. 0.226 0. 0. -1. 0.
1.000 -0.022 -0. 69.739 -0.022 -1.000 -0. 0.144 0. 0. -1. 0.
0.999 -0.035 -0. 71.799 -0.035 -0.999 -0. 0.097 0. 0. -1. 0.
0.999 -0.044 -0. 73.803 -0.044 -0.999 -0. -0.047 0. 0. -1. 0.
0.998 -0.066 -0. 75.870 -0.066 -0.998 -0. -0.333 0. 0. -1. 0.
0.996 -0.088 -0. 77.968 -0.088 -0.996 -0. -0.345 0. 0. -1. 0.
0.993 -0.121 -0. 79.926 -0.121 -0.993 -0. -0.623 0. 0. -1. 0.
0.986 -0.166 -0. 81.903 -0.166 -0.986 -0. -0.920 0. 0. -1. 0.
0.975 -0.221 -0. 83.906 -0.221 -0.975 -0. -1.350 0. 0. -1. 0.
0.963 -0.270 -0. 85.726 -0.270 -0.963 -0. -1.848 0. 0. -1. 0.
0.945 -0.328 -0. 87.539 -0.328 -0.945 -0. -2.490 0. 0. -1. 0.
0.924 -0.382 -0. 89.435 -0.382 -0.924 -0. -3.371 0. 0. -1. 0.
0.901 -0.434 -0. 91.346 -0.434 -0.901 -0. -4.116 0. 0. -1. 0.
0.878 -0.479 -0. 92.922 -0.479 -0.878 -0. -5.079 0. 0. -1. 0.
0.842 -0.540 -0. 94.678 -0.540 -0.842 -0. -6.149 0. 0. -1. 0.
0.803 -0.596 -0. 96.226 -0.596 -0.803 -0. -7.389 0. 0. -1. 0.
0.758 -0.652 -0. 97.829 -0.652 -0.758 -0. -8.675 0. 0. -1. 0.
0.708 -0.706 -0. 99.221 -0.706 -0.708 -0. -10.136 0. 0. -1. 0.
0.654 -0.756 -0. 100.505 -0.756 -0.654 -0. -11.555 0. 0. -1. 0.
0.596 -0.803 -0. 101.698 -0.803 -0.596 -0. -13.107 0. 0. -1. 0.
0.534 -0.846 -0. 102.746 -0.846 -0.534 -0. -14.792 0. 0. -1. 0.
0.472 -0.881 -0. 103.649 -0.881 -0.472 -0. -16.470 0. 0. -1. 0.
0.420 -0.907 -0. 104.385 -0.907 -0.420 -0. -18.323 0. 0. -1. 0.
0.377 -0.926 -0. 104.862 -0.926 -0.377 -0. -20.223 0. 0. -1. 0.
0.350 -0.937 -0. 105.499 -0.937 -0.350 -0. -22.050 0. 0. -1. 0.
0.331 -0.944 -0. 106.381 -0.944 -0.331 -0. -23.751 0. 0. -1. 0.
0.331 -0.944 -0. 106.816 -0.944 -0.331 -0. -25.625 0. 0. -1. 0.
0.324 -0.946 -0. 107.611 -0.946 -0.324 -0. -27.466 0. 0. -1. 0.
0.321 -0.947 -0. 108.224 -0.947 -0.321 -0. -29.287 0. 0. -1. 0.
0.328 -0.945 -0. 108.522 -0.945 -0.328 -0. -31.184 0. 0. -1. 0.
0.336 -0.942 -0. 109.199 -0.942 -0.336 -0. -32.998 0. 0. -1. 0.
0.343 -0.939 -0. 109.969 -0.939 -0.343 -0. -34.819 0. 0. -1. 0.
0.364 -0.932 -0. 110.530 -0.932 -0.364 -0. -36.669 0. 0. -1. 0.
0.386 -0.923 -0. 111.279 -0.923 -0.386 -0. -38.527 0. 0. -1. 0.
0.406 -0.914 -0. 112.060 -0.914 -0.406 -0. -40.305 0. 0. -1. 0.
0.427 -0.904 -0. 112.751 -0.904 -0.427 -0. -42.092 0. 0. -1. 0.
0.450 -0.893 -0. 113.734 -0.893 -0.450 -0. -43.797 0. 0. -1. 0.
0.479 -0.878 -0. 114.593 -0.878 -0.479 -0. -45.451 0. 0. -1. 0.
0.506 -0.863 -0. 115.524 -0.863 -0.506 -0. -47.162 0. 0. -1. 0.
0.526 -0.850 -0. 116.528 -0.850 -0.526 -0. -48.893 0. 0. -1. 0.
0.546 -0.838 -0. 117.565 -0.838 -0.546 -0. -50.489 0. 0. -1. 0.
0.563 -0.826 -0. 118.628 -0.826 -0.563 -0. -52.178 0. 0. -1. 0.
0.582 -0.813 -0. 119.762 -0.813 -0.582 -0. -53.787 0. 0. -1. 0.
0.595 -0.804 -0. 120.772 -0.804 -0.595 -0. -55.397 0. 0. -1. 0.
0.609 -0.793 -0. 122.111 -0.793 -0.609 -0. -57.031 0. 0. -1. 0.
0.617 -0.787 -0. 123.323 -0.787 -0.617 -0. -58.680 0. 0. -1. 0.
0.635 -0.772 -0. 124.507 -0.772 -0.635 -0. -60.194 0. 0. -1. 0.
0.649 -0.761 -0. 125.902 -0.761 -0.649 -0. -61.810 0. 0. -1. 0.
0.664 -0.748 -0. 127.127 -0.748 -0.664 -0. -63.463 0. 0. -1. 0.
0.673 -0.740 -0. 128.589 -0.740 -0.673 -0. -64.941 0. 0. -1. 0.
0.686 -0.728 -0. 130.011 -0.728 -0.686 -0. -66.462 0. 0. -1. 0.
0.697 -0.717 -0. 131.366 -0.717 -0.697 -0. -67.887 0. 0. -1. 0.
0.711 -0.703 -0. 132.823 -0.703 -0.711 -0. -69.370 0. 0. -1. 0.
0.728 -0.686 -0. 134.233 -0.686 -0.728 -0. -70.847 0. 0. -1. 0.
0.739 -0.674 -0. 135.687 -0.674 -0.739 -0. -72.204 0. 0. -1. 0.
0.748 -0.664 -0. 137.142 -0.664 -0.748 -0. -73.481 0. 0. -1. 0.
0.757 -0.653 -0. 138.610 -0.653 -0.757 -0. -74.827 0. 0. -1. 0.
0.775 -0.632 -0. 140.074 -0.632 -0.775 -0. -75.954 0. 0. -1. 0.
0.805 -0.593 -0. 141.406 -0.593 -0.805 -0. -77.199 0. 0. -1. 0.
0.837 -0.548 -0. 142.967 -0.548 -0.837 -0. -78.264 0. 0. -1. 0.
0.882 -0.472 -0. 144.439 -0.472 -0.882 -0. -79.093 0. 0. -1. 0.
0.923 -0.385 -0. 146.007 -0.385 -0.923 -0. -79.670 0. 0. -1. 0.
0.960 -0.279 -0. 147.492 -0.279 -0.960 -0. -80.170 0. 0. -1. 0.
0.989 -0.151 -0. 148.941 -0.151 -0.989 -0. -80.462 0. 0. -1. 0.
1.000 -0.021 -0. 150.426 -0.021 -1.000 -0. -80.405 0. 0. -1. 0.
0.992 0.128 0. 151.846 0.128 -0.992 -0. -80.264 0. 0. -1. 0.
0.960 0.280 0. 153.022 0.280 -0.960 -0. -79.921 0. 0. -1. 0.
0.906 0.423 0. 154.186 0.423 -0.906 -0. -79.309 0. 0. -1. 0.
0.826 0.563 0. 155.165 0.563 -0.826 -0. -78.677 0. 0. -1. 0.
0.723 0.691 0. 156.058 0.691 -0.723 -0. -77.837 0. 0. -1. 0.
0.593 0.805 0. 156.637 0.805 -0.593 -0. -76.898 0. 0. -1. 0.
0.441 0.898 0. 157.173 0.898 -0.441 -0. -75.904 0. 0. -1. 0.
0.282 0.960 0. 157.409 0.960 -0.282 -0. -74.801 0. 0. -1. 0.
0.091 0.996 0. 157.463 0.996 -0.091 -0. -73.657 0. 0. -1. 0.
-0.091 0.996 0. 157.311 0.996 0.091 0. -72.513 0. 0. -1. 0.
-0.270 0.963 0. 156.993 0.963 0.270 0. -71.360 0. 0. -1. 0.
-0.439 0.899 0. 156.381 0.899 0.439 0. -70.243 0. 0. -1. 0.
-0.576 0.817 0. 155.616 0.817 0.576 0. -69.197 0. 0. -1. 0.
-0.685 0.729 0. 154.623 0.729 0.685 0. -68.174 0. 0. -1. 0.
-0.763 0.646 0. 153.487 0.646 0.763 0. -67.201 0. 0. -1. 0.
-0.818 0.575 0. 152.270 0.575 0.818 0. -66.411 0. 0. -1. 0.
-0.844 0.536 0. 151.003 0.536 0.844 0. -65.606 0. 0. -1. 0.
-0.875 0.483 0. 149.649 0.483 0.875 0. -64.801 0. 0. -1. 0.
-0.893 0.449 0. 148.200 0.449 0.893 0. -64.084 0. 0. -1. 0.
-0.914 0.407 0. 146.740 0.407 0.914 0. -63.435 0. 0. -1. 0.
-0.930 0.369 0. 145.177 0.369 0.930 0. -62.708 0. 0. -1. 0.
-0.943 0.332 0. 143.587 0.332 0.943 0. -62.115 0. 0. -1. 0.
-0.952 0.306 0. 141.961 0.306 0.952 0. -61.534 0. 0. -1. 0.
-0.958 0.285 0. 140.152 0.285 0.958 0. -61.051 0. 0. -1. 0.
-0.959 0.282 0. 138.514 0.282 0.959 0. -60.355 0. 0. -1. 0.
-0.964 0.264 0. 136.774 0.264 0.964 0. -60.046 0. 0. -1. 0.
-0.963 0.270 0. 135.031 0.270 0.963 0. -59.335 0. 0. -1. 0.
-0.963 0.269 0. 133.333 0.269 0.963 0. -58.892 0. 0. -1. 0.
-0.959 0.282 0. 131.615 0.282 0.959 0. -58.400 0. 0. -1. 0.
-0.954 0.301 0. 129.906 0.301 0.954 0. -57.757 0. 0. -1. 0.
-0.942 0.337 0. 128.349 0.337 0.942 0. -57.265 0. 0. -1. 0.
-0.921 0.389 0. 126.752 0.389 0.921 0. -56.619 0. 0. -1. 0.
-0.892 0.452 0. 125.256 0.452 0.892 0. -55.708 0. 0. -1. 0.
-0.856 0.516 0. 123.886 0.516 0.856 0. -54.943 0. 0. -1. 0.
-0.820 0.572 0. 122.597 0.572 0.820 0. -53.871 0. 0. -1. 0.
-0.774 0.633 0. 121.108 0.633 0.774 0. -52.797 0. 0. -1. 0.
-0.725 0.688 0. 120.007 0.688 0.725 0. -51.576 0. 0. -1. 0.
-0.670 0.743 0. 118.646 0.743 0.670 0. -50.264 0. 0. -1. 0.
-0.613 0.790 0. 117.782 0.790 0.613 0. -48.789 0. 0. -1. 0.
-0.564 0.826 0. 116.610 0.826 0.564 0. -47.305 0. 0. -1. 0.
-0.522 0.853 0. 115.813 0.853 0.522 0. -45.704 0. 0. -1. 0.
-0.494 0.869 0. 114.883 0.869 0.494 0. -44.122 0. 0. -1. 0.
-0.469 0.883 0. 113.893 0.883 0.469 0. -42.538 0. 0. -1. 0.
-0.443 0.897 0. 113.178 0.897 0.443 0. -40.738 0. 0. -1. 0.
-0.411 0.912 0. 112.416 0.912 0.411 0. -39.078 0. 0. -1. 0.
-0.377 0.926 0. 111.797 0.926 0.377 0. -37.317 0. 0. -1. 0.
-0.358 0.934 0. 111.073 0.934 0.358 0. -35.468 0. 0. -1. 0.
-0.338 0.941 0. 110.609 0.941 0.338 0. -33.676 0. 0. -1. 0.
-0.323 0.946 0. 109.879 0.946 0.323 0. -31.833 0. 0. -1. 0.
-0.314 0.949 0. 109.299 0.949 0.314 0. -30.014 0. 0. -1. 0.
-0.315 0.949 0. 108.777 0.949 0.315 0. -28.130 0. 0. -1. 0.
-0.325 0.946 0. 108.175 0.946 0.325 0. -26.271 0. 0. -1. 0.
-0.338 0.941 0. 107.685 0.941 0.338 0. -24.420 0. 0. -1. 0.
-0.352 0.936 0. 106.956 0.936 0.352 0. -22.572 0. 0. -1. 0.
-0.383 0.924 0. 106.381 0.924 0.383 0. -20.756 0. 0. -1. 0.
-0.408 0.913 0. 105.550 0.913 0.408 0. -19.020 0. 0. -1. 0.
-0.455 0.891 0. 104.960 0.891 0.455 0. -17.260 0. 0. -1. 0.
-0.498 0.867 0. 103.928 0.867 0.498 0. -15.678 0. 0. -1. 0.
-0.555 0.832 0. 103.049 0.832 0.555 0. -14.146 0. 0. -1. 0.
-0.613 0.790 0. 101.907 0.790 0.613 0. -12.631 0. 0. -1. 0.
-0.670 0.742 0. 100.820 0.742 0.670 0. -11.077 0. 0. -1. 0.
-0.713 0.701 0. 99.512 0.701 0.713 0. -9.884 0. 0. -1. 0.
-0.754 0.657 0. 98.179 0.657 0.754 0. -8.645 0. 0. -1. 0.
-0.794 0.609 0. 96.765 0.609 0.794 0. -7.526 0. 0. -1. 0.
-0.818 0.575 0. 95.228 0.575 0.818 0. -6.370 0. 0. -1. 0.
-0.842 0.540 0. 93.656 0.540 0.842 0. -5.446 0. 0. -1. 0.
-0.863 0.505 0. 92.303 0.505 0.863 0. -4.393 0. 0. -1. 0.
-0.895 0.445 0. 90.544 0.445 0.895 0. -3.708 0. 0. -1. 0.
-0.922 0.387 0. 89.049 0.387 0.922 0. -2.740 0. 0. -1. 0.
-0.942 0.334 0. 87.092 0.334 0.942 0. -2.085 0. 0. -1. 0.
-0.957 0.291 0. 85.394 0.291 0.957 0. -1.628 0. 0. -1. 0.
-0.970 0.245 0. 83.535 0.245 0.970 0. -1.186 0. 0. -1. 0.
-0.980 0.200 0. 81.602 0.200 0.980 0. -0.770 0. 0. -1. 0.
-0.988 0.157 0. 79.610 0.157 0.988 0. -0.413 0. 0. -1. 0.
-0.993 0.122 0. 77.731 0.122 0.993 0. -0.165 0. 0. -1. 0.
-0.996 0.086 0. 75.599 0.086 0.996 0. 0.075 0. 0. -1. 0.
-0.998 0.065 0. 73.521 0.065 0.998 0. 0.271 0. 0. -1. 0.
-0.999 0.045 0. 71.478 0.045 0.999 0. 0.309 0. 0. -1. 0.
-1.000 0.024 0. 69.494 0.024 1.000 0. 0.404 0. 0. -1. 0.
-1. 0.007 0. 67.461 0.007 1. 0. 0.472 0. 0. -1. 0.
-1. 0.004 0. 65.354 0.004 1. 0. 0.449 0. 0. -1. 0.
-1. -0.009 -0. 63.306 -0.009 1. 0. 0.547 0. 0. -1. 0.
-1. -0.010 -0. 61.268 -0.010 1. 0. 0.396 0. 0. -1. 0.
-1.000 -0.017 -0. 59.169 -0.017 1.000 0. 0.362 0. 0. -1. 0.
-1.000 -0.022 -0. 57.043 -0.022 1.000 0. 0.425 0. 0. -1. 0.
-1.000 -0.021 -0. 55.026 -0.021 1.000 0. 0.489 0. 0. -1. 0.
-1. -0.012 -0. 52.966 -0.012 1. 0. 0.481 0. 0. -1. 0.
-1. -0.013 -0. 50.854 -0.013 1. 0. 0.511 0. 0. -1. 0.
-1. -0.011 -0. 48.920 -0.011 1. 0. 0.460 0. 0. -1. 0.
-1. -0.011 -0. 46.937 -0.011 1. 0. 0.532 0. 0. -1. 0.
-1.000 -0.021 -0. 44.883 -0.021 1.000 0. 0.615 0. 0. -1. 0.
-1.000 -0.021 -0. 42.883 -0.021 1.000 0. 0.583 0. 0. -1. 0.
-1.000 -0.019 -0. 40.972 -0.019 1.000 0. 0.496 0. 0. -1. 0.
-1.000 -0.023 -0. 39.092 -0.023 1.000 0. 0.600 0. 0. -1. 0.
-1. -0.013 -0. 37.107 -0.013 1. 0. 0.586 0. 0. -1. 0.
-1. 0.007 0. 35.137 0.007 1. 0. 0.655 0. 0. -1. 0.
-0.999 0.033 0. 33.281 0.033 0.999 0. 0.613 0. 0. -1. 0.
-0.999 0.053 0. 31.354 0.053 0.999 0. 0.729 0. 0. -1. 0.
-0.997 0.075 0. 29.374 0.075 0.997 0. 0.939 0. 0. -1. 0.
-0.997 0.081 0. 27.450 0.081 0.997 0. 1.158 0. 0. -1. 0.
-0.996 0.094 0. 25.549 0.094 0.996 0. 1.269 0. 0. -1. 0.
-0.996 0.093 0. 23.635 0.093 0.996 0. 1.538 0. 0. -1. 0.
-0.995 0.099 0. 21.703 0.099 0.995 0. 1.812 0. 0. -1. 0.
-0.994 0.106 0. 19.762 0.106 0.994 0. 2.002 0. 0. -1. 0.
-0.994 0.106 0. 17.858 0.106 0.994 0. 2.279 0. 0. -1. 0.
-0.994 0.108 0. 15.935 0.108 0.994 0. 2.531 0. 0. -1. 0.
-0.994 0.112 0. 13.998 0.112 0.994 0. 2.737 0. 0. -1. 0.
-0.994 0.110 0. 12.078 0.110 0.994 0. 3.077 0. 0. -1. 0.
-0.994 0.107 0. 10.120 0.107 0.994 0. 3.226 0. 0. -1. 0.
-0.994 0.109 0. 8.260 0.109 0.994 0. 3.428 0. 0. -1. 0.
-0.993 0.115 0. 6.340 0.115 0.993 0. 3.703 0. 0. -1. 0.
-0.994 0.112 0. 4.475 0.112 0.994 0. 3.897 0. 0. -1. 0.
-0.993 0.118 0. 2.585 0.118 0.993 0. 4.140 0. 0. -1. 0.
-0.994 0.106 0. 0.723 0.106 0.994 0. 4.418 0. 0. -1. 0.
-0.995 0.103 0. -1.230 0.103 0.995 0. 4.635 0. 0. -1. 0.
-0.995 0.100 0. -3.029 0.100 0.995 0. 4.796 0. 0. -1. 0.
-0.995 0.095 0. -4.925 0.095 0.995 0. 4.905 0. 0. -1. 0.
-0.996 0.089 0. -6.745 0.089 0.996 0. 5.107 0. 0. -1. 0.
-0.996 0.085 0. -8.605 0.085 0.996 0. 5.300 0. 0. -1. 0.
-0.997 0.081 0. -10.405 0.081 0.997 0. 5.515 0. 0. -1. 0.
-0.996 0.084 0. -12.181 0.084 0.996 0. 5.784 0. 0. -1. 0.
-0.995 0.097 0. -13.884 0.097 0.995 0. 5.898 0. 0. -1. 0.
-0.996 0.093 0. -15.484 0.093 0.996 0. 6.016 0. 0. -1. 0.
-0.996 0.089 0. -17.182 0.089 0.996 0. 6.255 0. 0. -1. 0.
-0.995 0.095 0. -18.766 0.095 0.995 0. 6.348 0. 0. -1. 0.
-0.996 0.089 0. -20.339 0.089 0.996 0. 6.548 0. 0. -1. 0.
-0.995 0.102 0. -21.873 0.102 0.995 0. 6.850 0. 0. -1. 0.
-0.994 0.113 0. -23.496 0.113 0.994 0. 7.051 0. 0. -1. 0.
-0.992 0.128 0. -25.077 0.128 0.992 0. 7.290 0. 0. -1. 0.
-0.992 0.130 0. -26.666 0.130 0.992 0. 7.444 0. 0. -1. 0.
-0.990 0.141 0. -28.314 0.141 0.990 0. 7.806 0. 0. -1. 0.
-0.989 0.150 0. -30.037 0.150 0.989 0. 7.975 0. 0. -1. 0.
-0.989 0.146 0. -31.780 0.146 0.989 0. 8.259 0. 0. -1. 0.
-0.991 0.135 0. -33.591 0.135 0.991 0. 8.513 0. 0. -1. 0.
-0.993 0.121 0. -35.470 0.121 0.993 0. 8.740 0. 0. -1. 0.
-0.995 0.096 0. -37.338 0.096 0.995 0. 9.043 0. 0. -1. 0.
-0.997 0.080 0. -39.290 0.080 0.997 0. 9.087 0. 0. -1. 0.
-0.998 0.063 0. -41.240 0.063 0.998 0. 9.234 0. 0. -1. 0.
-0.999 0.047 0. -43.148 0.047 0.999 0. 9.394 0. 0. -1. 0.
-1.000 0.031 0. -45.173 0.031 1.000 0. 9.385 0. 0. -1. 0.
-1.000 0.028 0. -47.123 0.028 1.000 0. 9.495 0. 0. -1. 0.
-1.000 0.016 0. -49.041 0.016 1.000 0. 9.554 0. 0. -1. 0.
-1. 0.002 0. -50.987 0.002 1. 0. 9.515 0. 0. -1. 0.
-1. 0.002 0. -52.900 0.002 1. 0. 9.628 0. 0. -1. 0.
-1. 0.008 0. -54.788 0.008 1. 0. 9.623 0. 0. -1. 0.
-1. -0.002 -0. -56.674 -0.002 1. 0. 9.678 0. 0. -1. 0.
-1. 0.000 0. -58.532 0.000 1. 0. 9.707 0. 0. -1. 0.
-1. 0.002 0. -60.406 0.002 1. 0. 9.728 0. 0. -1. 0.
-1. 0.004 0. -62.242 0.004 1. 0. 9.747 0. 0. -1. 0.
-1. 0.009 0. -63.985 0.009 1. 0. 9.787 0. 0. -1. 0.
-1.000 0.027 0. -65.694 0.027 1.000 0. 9.906 0. 0. -1. 0.
-0.999 0.046 0. -67.434 0.046 0.999 0. 9.970 0. 0. -1. 0.
-0.998 0.056 0. -69.132 0.056 0.998 0. 10.096 0. 0. -1. 0.
-0.997 0.080 0. -70.863 0.080 0.997 0. 10.245 0. 0. -1. 0.
-0.995 0.103 0. -72.492 0.103 0.995 0. 10.477 0. 0. -1. 0.
-0.991 0.130 0. -74.201 0.130 0.991 0. 10.762 0. 0. -1. 0.
-0.988 0.155 0. -75.843 0.155 0.988 0. 11.045 0. 0. -1. 0.
-0.984 0.179 0. -77.548 0.179 0.984 0. 11.341 0. 0. -1. 0.
-0.979 0.202 0. -79.189 0.202 0.979 0. 11.715 0. 0. -1. 0.
-0.975 0.224 0. -80.847 0.224 0.975 0. 12.146 0. 0. -1. 0.
-0.967 0.255 0. -82.403 0.255 0.967 0. 12.640 0. 0. -1. 0.
-0.960 0.281 0. -83.928 0.281 0.960 0. 13.193 0. 0. -1. 0.
-0.949 0.317 0. -85.346 0.317 0.949 0. 13.682 0. 0. -1. 0.
-0.927 0.375 0. -86.711 0.375 0.927 0. 14.250 0. 0. -1. 0.
-0.903 0.430 0. -87.989 0.430 0.903 0. 14.958 0. 0. -1. 0.
-0.877 0.481 0. -89.216 0.481 0.877 0. 15.643 0. 0. -1. 0.
-0.836 0.549 0. -90.132 0.549 0.836 0. 16.239 0. 0. -1. 0.
-0.796 0.605 0. -90.982 0.605 0.796 0. 17.160 0. 0. -1. 0.
-0.736 0.677 0. -92.028 0.677 0.736 0. 17.936 0. 0. -1. 0.
-0.652 0.758 0. -92.730 0.758 0.652 0. 18.879 0. 0. -1. 0.
-0.565 0.825 0. -93.429 0.825 0.565 0. 19.901 0. 0. -1. 0.
-0.474 0.880 0. -93.884 0.880 0.474 0. 20.892 0. 0. -1. 0.
-0.373 0.928 0. -94.341 0.928 0.373 0. 22.117 0. 0. -1. 0.
-0.280 0.960 0. -94.682 0.960 0.280 0. 23.310 0. 0. -1. 0.
-0.213 0.977 0. -94.865 0.977 0.213 0. 24.634 0. 0. -1. 0.
-0.152 0.988 0. -95.063 0.988 0.152 0. 25.922 0. 0. -1. 0.
-0.085 0.996 0. -95.073 0.996 0.085 0. 27.344 0. 0. -1. 0.
-0.032 0.999 0. -95.181 0.999 0.032 0. 28.850 0. 0. -1. 0.
0.004 1. 0. -95.132 1. -0.004 -0. 30.363 0. 0. -1. 0.
0.020 1.000 0. -95.097 1.000 -0.020 -0. 31.943 0. 0. -1. 0.
0.027 1.000 0. -95.092 1.000 -0.027 -0. 33.520 0. 0. -1. 0.
0.032 0.999 0. -95.061 0.999 -0.032 -0. 35.152 0. 0. -1. 0.
0.027 1.000 0. -94.922 1.000 -0.027 -0. 36.801 0. 0. -1. 0.
0.033 0.999 0. -94.964 0.999 -0.033 -0. 38.512 0. 0. -1. 0.
0.030 1.000 0. -94.951 1.000 -0.030 -0. 40.211 0. 0. -1. 0.
0.026 1.000 0. -94.878 1.000 -0.026 -0. 41.855 0. 0. -1. 0.
0.024 1.000 0. -94.785 1.000 -0.024 -0. 43.835 0. 0. -1. 0.
0.018 1.000 0. -94.793 1.000 -0.018 -0. 45.633 0. 0. -1. 0.
0.017 1.000 0. -94.691 1.000 -0.017 -0. 47.532 0. 0. -1. 0.
0.013 1. 0. -94.639 1. -0.013 -0. 49.443 0. 0. -1. 0.
0.013 1. 0. -94.650 1. -0.013 -0. 51.403 0. 0. -1. 0.
0.018 1.000 0. -94.694 1.000 -0.018 -0. 53.379 0. 0. -1. 0.
0.022 1.000 0. -94.647 1.000 -0.022 -0. 55.368 0. 0. -1. 0.
0.018 1.000 0. -94.587 1.000 -0.018 -0. 57.349 0. 0. -1. 0.
0.015 1.000 0. -94.530 1.000 -0.015 -0. 59.348 0. 0. -1. 0.
0.024 1.000 0. -94.448 1.000 -0.024 -0. 61.374 0. 0. -1. 0.
0.036 0.999 0. -94.296 0.999 -0.036 -0. 63.261 0. 0. -1. 0.
0.045 0.999 0. -94.231 0.999 -0.045 -0. 65.309 0. 0. -1. 0.
0.055 0.998 0. -94.145 0.998 -0.055 -0. 67.271 0. 0. -1. 0.
0.055 0.998 0. -93.973 0.998 -0.055 -0. 69.180 0. 0. -1. 0.
0.049 0.999 0. -93.920 0.999 -0.049 -0. 71.160 0. 0. -1. 0.
0.049 0.999 0. -93.826 0.999 -0.049 -0. 73.039 0. 0. -1. 0.
0.044 0.999 0. -93.715 0.999 -0.044 -0. 74.933 0. 0. -1. 0.
0.043 0.999 0. -93.659 0.999 -0.043 -0. 76.786 0. 0. -1. 0.
0.035 0.999 0. -93.514 0.999 -0.035 -0. 78.611 0. 0. -1. 0.
0.032 0.999 0. -93.518 0.999 -0.032 -0. 80.572 0. 0. -1. 0.
0.034 0.999 0. -93.355 0.999 -0.034 -0. 82.355 0. 0. -1. 0.
0.035 0.999 0. -93.351 0.999 -0.035 -0. 84.166 0. 0. -1. 0.
0.029 1.000 0. -93.229 1.000 -0.029 -0. 85.942 0. 0. -1. 0.
0.023 1.000 0. -93.253 1.000 -0.023 -0. 87.682 0. 0. -1. 0.
0.013 1. 0. -93.174 1. -0.013 -0. 89.371 0. 0. -1. 0.
-0.011 1. 0. -93.169 1. 0.011 0. 91.084 0. 0. -1. 0.
-0.043 0.999 0. -93.156 0.999 0.043 0. 92.789 0. 0. -1. 0.
-0.087 0.996 0. -93.406 0.996 0.087 0. 94.294 0. 0. -1. 0.
-0.143 0.990 0. -93.369 0.990 0.143 0. 96.040 0. 0. -1. 0.
-0.197 0.980 0. -93.813 0.980 0.197 0. 97.493 0. 0. -1. 0.
-0.243 0.970 0. -94.153 0.970 0.243 0. 99.168 0. 0. -1. 0.
-0.294 0.956 0. -94.600 0.956 0.294 0. 100.721 0. 0. -1. 0.
-0.353 0.936 0. -95.108 0.936 0.353 0. 102.326 0. 0. -1. 0.
-0.412 0.911 0. -95.711 0.911 0.412 0. 103.922 0. 0. -1. 0.
-0.465 0.885 0. -96.482 0.885 0.465 0. 105.418 0. 0. -1. 0.
-0.516 0.857 0. -97.316 0.857 0.516 0. 106.859 0. 0. -1. 0.
-0.566 0.824 0. -98.288 0.824 0.566 0. 108.434 0. 0. -1. 0.
-0.612 0.791 0. -99.378 0.791 0.612 0. 109.928 0. 0. -1. 0.
-0.642 0.767 0. -100.495 0.767 0.642 0. 111.298 0. 0. -1. 0.
-0.663 0.748 0. -101.801 0.748 0.663 0. 112.664 0. 0. -1. 0.
-0.669 0.743 0. -103.083 0.743 0.669 0. 114.146 0. 0. -1. 0.
-0.680 0.733 0. -104.451 0.733 0.680 0. 115.470 0. 0. -1. 0.
-0.685 0.728 0. -105.807 0.728 0.685 0. 116.854 0. 0. -1. 0.
-0.680 0.734 0. -107.126 0.734 0.680 0. 118.353 0. 0. -1. 0.
-0.682 0.731 0. -108.557 0.731 0.682 0. 119.845 0. 0. -1. 0.
-0.679 0.734 0. -109.856 0.734 0.679 0. 121.318 0. 0. -1. 0.
-0.680 0.733 0. -111.324 0.733 0.680 0. 122.718 0. 0. -1. 0.
-0.684 0.730 0. -112.545 0.730 0.684 0. 124.362 0. 0. -1. 0.
-0.689 0.725 0. -113.963 0.725 0.689 0. 125.891 0. 0. -1. 0.
-0.687 0.727 0. -115.409 0.727 0.687 0. 127.391 0. 0. -1. 0.
-0.681 0.732 0. -116.774 0.732 0.681 0. 128.900 0. 0. -1. 0.
-0.681 0.733 0. -118.254 0.733 0.681 0. 130.427 0. 0. -1. 0.
-0.670 0.742 0. -119.740 0.742 0.670 0. 131.966 0. 0. -1. 0.
-0.665 0.747 0. -121.082 0.747 0.665 0. 133.673 0. 0. -1. 0.
-0.660 0.751 0. -122.569 0.751 0.660 0. 135.353 0. 0. -1. 0.
-0.652 0.758 0. -123.997 0.758 0.652 0. 137.022 0. 0. -1. 0.
-0.648 0.762 0. -125.449 0.762 0.648 0. 138.778 0. 0. -1. 0.
-0.642 0.767 0. -126.859 0.767 0.642 0. 140.571 0. 0. -1. 0.
-0.644 0.765 0. -128.233 0.765 0.644 0. 142.383 0. 0. -1. 0.
-0.645 0.764 0. -129.649 0.764 0.645 0. 144.177 0. 0. -1. 0.
-0.646 0.763 0. -131.084 0.763 0.646 0. 145.997 0. 0. -1. 0.
-0.646 0.764 0. -132.583 0.764 0.646 0. 147.804 0. 0. -1. 0.
-0.647 0.762 0. -133.987 0.762 0.647 0. 149.616 0. 0. -1. 0.
-0.649 0.760 0. -135.537 0.760 0.649 0. 151.455 0. 0. -1. 0.
-0.650 0.760 0. -137.019 0.760 0.650 0. 153.321 0. 0. -1. 0.
-0.653 0.757 0. -138.530 0.757 0.653 0. 155.126 0. 0. -1. 0.
-0.651 0.759 0. -140.006 0.759 0.651 0. 156.960 0. 0. -1. 0.
-0.652 0.759 0. -141.542 0.759 0.652 0. 158.781 0. 0. -1. 0.
-0.651 0.759 0. -143.011 0.759 0.651 0. 160.637 0. 0. -1. 0.
-0.638 0.770 0. -144.602 0.770 0.638 0. 162.428 0. 0. -1. 0.
-0.627 0.779 0. -145.987 0.779 0.627 0. 164.309 0. 0. -1. 0.
-0.614 0.789 0. -147.501 0.789 0.614 0. 166.204 0. 0. -1. 0.
-0.596 0.803 0. -148.770 0.803 0.596 0. 168.147 0. 0. -1. 0.
-0.570 0.821 0. -150.227 0.821 0.570 0. 170.106 0. 0. -1. 0.
-0.542 0.841 0. -151.544 0.841 0.542 0. 172.098 0. 0. -1. 0.
-0.514 0.858 0. -152.496 0.858 0.514 0. 174.250 0. 0. -1. 0.
-0.490 0.872 0. -153.806 0.872 0.490 0. 176.372 0. 0. -1. 0.
-0.464 0.886 0. -154.871 0.886 0.464 0. 178.517 0. 0. -1. 0.
-0.440 0.898 0. -155.928 0.898 0.440 0. 180.727 0. 0. -1. 0.
-0.413 0.911 0. -156.956 0.911 0.413 0. 182.920 0. 0. -1. 0.
-0.377 0.926 0. -157.761 0.926 0.377 0. 185.257 0. 0. -1. 0.
-0.328 0.945 0. -158.747 0.945 0.328 0. 187.537 0. 0. -1. 0.
-0.282 0.960 0. -159.478 0.960 0.282 0. 189.821 0. 0. -1. 0.
-0.243 0.970 0. -159.891 0.970 0.243 0. 192.274 0. 0. -1. 0.
-0.198 0.980 0. -160.419 0.980 0.198 0. 194.645 0. 0. -1. 0.
-0.148 0.989 0. -160.880 0.989 0.148 0. 197.057 0. 0. -1. 0.
-0.106 0.994 0. -160.963 0.994 0.106 0. 199.455 0. 0. -1. 0.
-0.086 0.996 0. -161.079 0.996 0.086 0. 201.899 0. 0. -1. 0.
-0.066 0.998 0. -161.097 0.998 0.066 0. 204.328 0. 0. -1. 0.
-0.049 0.999 0. -161.400 0.999 0.049 0. 206.725 0. 0. -1. 0.
-0.045 0.999 0. -161.265 0.999 0.045 0. 209.225 0. 0. -1. 0.
-0.036 0.999 0. -161.392 0.999 0.036 0. 211.664 0. 0. -1. 0.
-0.037 0.999 0. -161.355 0.999 0.037 0. 214.103 0. 0. -1. 0.
-0.033 0.999 0. -161.480 0.999 0.033 0. 216.513 0. 0. -1. 0.
-0.042 0.999 0. -161.512 0.999 0.042 0. 218.933 0. 0. -1. 0.
-0.058 0.998 0. -161.675 0.998 0.058 0. 221.323 0. 0. -1. 0.
-0.091 0.996 0. -161.812 0.996 0.091 0. 223.690 0. 0. -1. 0.
-0.137 0.991 0. -161.961 0.991 0.137 0. 226.058 0. 0. -1. 0.
-0.177 0.984 0. -162.366 0.984 0.177 0. 228.391 0. 0. -1. 0.
-0.233 0.973 0. -162.772 0.973 0.233 0. 230.595 0. 0. -1. 0.
-0.292 0.956 0. -163.272 0.956 0.292 0. 232.940 0. 0. -1. 0.
-0.356 0.935 0. -164.034 0.935 0.356 0. 234.964 0. 0. -1. 0.
-0.417 0.909 0. -165.097 0.909 0.417 0. 237.050 0. 0. -1. 0.
-0.479 0.878 0. -165.906 0.878 0.479 0. 238.997 0. 0. -1. 0.
-0.544 0.839 0. -167.249 0.839 0.544 0. 240.957 0. 0. -1. 0.
-0.611 0.791 0. -168.450 0.791 0.611 0. 242.742 0. 0. -1. 0.
-0.674 0.739 0. -170.054 0.739 0.674 0. 244.393 0. 0. -1. 0.
-0.740 0.673 0. -171.704 0.673 0.740 0. 245.839 0. 0. -1. 0.
-0.796 0.605 0. -173.468 0.605 0.796 0. 247.272 0. 0. -1. 0.
-0.841 0.541 0. -175.394 0.541 0.841 0. 248.454 0. 0. -1. 0.
-0.876 0.482 0. -177.212 0.482 0.876 0. 249.695 0. 0. -1. 0.
-0.907 0.422 0. -179.154 0.422 0.907 0. 250.689 0. 0. -1. 0.
-0.927 0.375 0. -181.206 0.375 0.927 0. 251.579 0. 0. -1. 0.
-0.938 0.346 0. -183.294 0.346 0.938 0. 252.439 0. 0. -1. 0.
-0.946 0.325 0. -185.355 0.325 0.946 0. 253.143 0. 0. -1. 0.
-0.951 0.310 0. -187.444 0.310 0.951 0. 253.913 0. 0. -1. 0.
-0.953 0.304 0. -189.558 0.304 0.953 0. 254.601 0. 0. -1. 0.
-0.955 0.297 0. -191.482 0.297 0.955 0. 255.284 0. 0. -1. 0.
-0.959 0.284 0. -193.589 0.284 0.959 0. 255.847 0. 0. -1. 0.
-0.961 0.276 0. -195.804 0.276 0.961 0. 256.514 0. 0. -1. 0.
-0.958 0.286 0. -197.993 0.286 0.958 0. 257.196 0. 0. -1. 0.
-0.955 0.295 0. -199.964 0.295 0.955 0. 257.907 0. 0. -1. 0.
-0.952 0.305 0. -202.259 0.305 0.952 0. 258.581 0. 0. -1. 0.
-0.951 0.310 0. -204.375 0.310 0.951 0. 259.371 0. 0. -1. 0.
-0.949 0.315 0. -206.559 0.315 0.949 0. 260.145 0. 0. -1. 0.
-0.948 0.317 0. -208.827 0.317 0.948 0. 260.876 0. 0. -1. 0.
-0.946 0.325 0. -210.950 0.325 0.946 0. 261.729 0. 0. -1. 0.
-0.945 0.328 0. -213.129 0.328 0.945 0. 262.423 0. 0. -1. 0.
-0.943 0.332 0. -215.261 0.332 0.943 0. 263.225 0. 0. -1. 0.
-0.940 0.341 0. -217.383 0.341 0.940 0. 264.006 0. 0. -1. 0.
-0.936 0.352 0. -219.392 0.352 0.936 0. 264.799 0. 0. -1. 0.
-0.932 0.364 0. -221.331 0.364 0.932 0. 265.693 0. 0. -1. 0.
-0.928 0.373 0. -223.232 0.373 0.928 0. 266.382 0. 0. -1. 0.
-0.922 0.386 0. -225.118 0.386 0.922 0. 267.240 0. 0. -1. 0.
-0.915 0.402 0. -226.894 0.402 0.915 0. 268.148 0. 0. -1. 0.
-0.907 0.422 0. -228.567 0.422 0.907 0. 268.949 0. 0. -1. 0.
-0.901 0.435 0. -230.158 0.435 0.901 0. 269.675 0. 0. -1. 0.
-0.890 0.455 0. -231.707 0.455 0.890 0. 270.541 0. 0. -1. 0.
-0.887 0.462 0. -233.168 0.462 0.887 0. 271.313 0. 0. -1. 0.
-0.879 0.476 0. -234.602 0.476 0.879 0. 272.084 0. 0. -1. 0.
-0.881 0.474 0. -235.899 0.474 0.881 0. 272.781 0. 0. -1. 0.
-0.875 0.485 0. -237.168 0.485 0.875 0. 273.526 0. 0. -1. 0.
-0.874 0.486 0. -238.285 0.486 0.874 0. 274.303 0. 0. -1. 0.
-0.871 0.491 0. -239.398 0.491 0.871 0. 274.908 0. 0. -1. 0.
-0.867 0.498 0. -240.297 0.498 0.867 0. 275.431 0. 0. -1. 0.
-0.861 0.509 0. -241.257 0.509 0.861 0. 275.979 0. 0. -1. 0.
-0.858 0.514 0. -242.143 0.514 0.858 0. 276.490 0. 0. -1. 0.
-0.858 0.514 0. -242.704 0.514 0.858 0. 276.904 0. 0. -1. 0.
-0.857 0.516 0. -243.433 0.516 0.857 0. 277.373 0. 0. -1. 0.
-0.855 0.519 0. -243.848 0.519 0.855 0. 277.606 0. 0. -1. 0.
-0.854 0.520 0. -244.354 0.520 0.854 0. 277.929 0. 0. -1. 0.
-0.851 0.524 0. -244.662 0.524 0.851 0. 278.108 0. 0. -1. 0.
-0.851 0.526 0. -245.092 0.526 0.851 0. 278.382 0. 0. -1. 0.
-0.849 0.528 0. -245.291 0.528 0.849 0. 278.639 0. 0. -1. 0.
-0.849 0.528 0. -245.503 0.528 0.849 0. 278.729 0. 0. -1. 0.
-0.848 0.530 0. -245.635 0.530 0.848 0. 278.879 0. 0. -1. 0.
-0.843 0.538 0. -245.695 0.538 0.843 0. 278.826 0. 0. -1. 0.
-0.841 0.541 0. -245.710 0.541 0.841 0. 278.853 0. 0. -1. 0.
-0.840 0.542 0. -245.718 0.542 0.840 0. 278.880 0. 0. -1. 0.
-0.841 0.541 0. -245.724 0.541 0.841 0. 278.894 0. 0. -1. 0.
-0.841 0.541 0. -245.712 0.541 0.841 0. 278.884 0. 0. -1. 0.
-0.846 0.533 0. -245.672 0.533 0.846 0. 278.917 0. 0. -1. 0.
-0.847 0.532 0. -245.758 0.532 0.847 0. 278.941 0. 0. -1. 0.
-0.843 0.538 0. -245.703 0.538 0.843 0. 278.869 0. 0. -1. 0.
-0.844 0.536 0. -245.697 0.536 0.844 0. 278.857 0. 0. -1. 0.
-0.846 0.533 0. -245.734 0.533 0.846 0. 278.904 0. 0. -1. 0.
-0.847 0.531 0. -245.762 0.531 0.847 0. 278.926 0. 0. -1. 0.
-0.846 0.533 0. -245.819 0.533 0.846 0. 278.955 0. 0. -1. 0.
-0.839 0.544 0. -245.833 0.544 0.839 0. 278.965 0. 0. -1. 0.
-0.839 0.544 0. -245.864 0.544 0.839 0. 278.967 0. 0. -1. 0.
-0.841 0.542 0. -245.980 0.542 0.841 0. 279.035 0. 0. -1. 0.
-0.841 0.541 0. -246.026 0.541 0.841 0. 279.006 0. 0. -1. 0.
-0.840 0.542 0. -246.162 0.542 0.840 0. 279.151 0. 0. -1. 0.
-0.842 0.540 0. -246.168 0.540 0.842 0. 279.296 0. 0. -1. 0.
-0.838 0.545 0. -246.389 0.545 0.838 0. 279.280 0. 0. -1. 0.
-0.839 0.544 0. -246.408 0.544 0.839 0. 279.316 0. 0. -1. 0.
-0.840 0.543 0. -246.662 0.543 0.840 0. 279.459 0. 0. -1. 0.
-0.838 0.546 0. -246.815 0.546 0.838 0. 279.631 0. 0. -1. 0.
-0.830 0.557 0. -246.989 0.557 0.830 0. 279.723 0. 0. -1. 0.
-0.828 0.561 0. -247.259 0.561 0.828 0. 279.888 0. 0. -1. 0.
-0.829 0.560 0. -247.599 0.560 0.829 0. 280.011 0. 0. -1. 0.
-0.825 0.565 0. -248.169 0.565 0.825 0. 280.413 0. 0. -1. 0.
-0.813 0.582 0. -248.547 0.582 0.813 0. 280.840 0. 0. -1. 0.
-0.799 0.602 0. -249.118 0.602 0.799 0. 281.195 0. 0. -1. 0.
-0.778 0.629 0. -249.704 0.629 0.778 0. 281.650 0. 0. -1. 0.
-0.751 0.660 0. -250.221 0.660 0.751 0. 282.205 0. 0. -1. 0.
-0.713 0.702 0. -250.999 0.702 0.713 0. 282.884 0. 0. -1. 0.
-0.642 0.766 0. -251.567 0.766 0.642 0. 283.799 0. 0. -1. 0.
-0.542 0.841 0. -252.099 0.841 0.542 0. 284.451 0. 0. -1. 0.
-0.445 0.896 0. -252.220 0.896 0.445 0. 285.353 0. 0. -1. 0.
-0.326 0.945 0. -252.674 0.945 0.326 0. 286.457 0. 0. -1. 0.
-0.206 0.979 0. -252.769 0.979 0.206 0. 287.570 0. 0. -1. 0.
-0.093 0.996 0. -252.845 0.996 0.093 0. 288.711 0. 0. -1. 0.
-0. 1. 0. -252.840 1. 0. 0. 289.992 0. 0. -1. 0.
0.062 0.998 0. -252.514 0.998 -0.062 -0. 291.368 0. 0. -1. 0.
0.104 0.995 0. -252.508 0.995 -0.104 -0. 293.032 0. 0. -1. 0.
0.145 0.989 0. -252.259 0.989 -0.145 -0. 294.725 0. 0. -1. 0.
0.185 0.983 0. -251.939 0.983 -0.185 -0. 296.448 0. 0. -1. 0.
0.217 0.976 0. -251.415 0.976 -0.217 -0. 298.264 0. 0. -1. 0.
0.244 0.970 0. -250.903 0.970 -0.244 -0. 300.330 0. 0. -1. 0.
0.252 0.968 0. -250.316 0.968 -0.252 -0. 302.385 0. 0. -1. 0.
0.258 0.966 0. -249.603 0.966 -0.258 -0. 304.622 0. 0. -1. 0.
0.274 0.962 0. -248.974 0.962 -0.274 -0. 306.936 0. 0. -1. 0.
0.284 0.959 0. -248.157 0.959 -0.284 -0. 309.264 0. 0. -1. 0.
0.282 0.959 0. -247.369 0.959 -0.282 -0. 311.745 0. 0. -1. 0.
0.282 0.959 0. -246.591 0.959 -0.282 -0. 314.263 0. 0. -1. 0.
0.291 0.957 0. -245.779 0.957 -0.291 -0. 316.802 0. 0. -1. 0.
0.289 0.957 0. -244.991 0.957 -0.289 -0. 319.393 0. 0. -1. 0.
0.290 0.957 0. -244.119 0.957 -0.290 -0. 322.070 0. 0. -1. 0.
0.292 0.956 0. -243.153 0.956 -0.292 -0. 324.843 0. 0. -1. 0.
0.294 0.956 0. -242.278 0.956 -0.294 -0. 327.647 0. 0. -1. 0.
0.298 0.955 0. -241.381 0.955 -0.298 -0. 330.508 0. 0. -1. 0.
0.304 0.953 0. -240.401 0.953 -0.304 -0. 333.356 0. 0. -1. 0.
0.307 0.952 0. -239.396 0.952 -0.307 -0. 336.219 0. 0. -1. 0.
0.299 0.954 0. -238.388 0.954 -0.299 -0. 339.151 0. 0. -1. 0.
0.302 0.953 0. -237.431 0.953 -0.302 -0. 342.119 0. 0. -1. 0.
0.302 0.953 0. -236.382 0.953 -0.302 -0. 345.099 0. 0. -1. 0.
0.305 0.952 0. -235.326 0.952 -0.305 -0. 348.118 0. 0. -1. 0.
0.308 0.951 0. -234.282 0.951 -0.308 -0. 351.205 0. 0. -1. 0.
0.309 0.951 0. -233.123 0.951 -0.309 -0. 354.260 0. 0. -1. 0.
0.308 0.952 0. -232.084 0.952 -0.308 -0. 357.427 0. 0. -1. 0.
0.313 0.950 0. -231.049 0.950 -0.313 -0. 360.464 0. 0. -1. 0.
0.312 0.950 0. -229.978 0.950 -0.312 -0. 363.580 0. 0. -1. 0.
0.313 0.950 0. -228.960 0.950 -0.313 -0. 366.646 0. 0. -1. 0.
0.315 0.949 0. -227.824 0.949 -0.315 -0. 369.710 0. 0. -1. 0.
0.312 0.950 0. -226.694 0.950 -0.312 -0. 372.881 0. 0. -1. 0.
0.311 0.950 0. -225.587 0.950 -0.311 -0. 375.907 0. 0. -1. 0.
0.309 0.951 0. -224.564 0.951 -0.309 -0. 379.028 0. 0. -1. 0.
0.302 0.953 0. -223.323 0.953 -0.302 -0. 382.188 0. 0. -1. 0.
0.299 0.954 0. -222.462 0.954 -0.299 -0. 385.267 0. 0. -1. 0.
0.308 0.952 0. -221.291 0.952 -0.308 -0. 388.439 0. 0. -1. 0.
0.300 0.954 0. -220.264 0.954 -0.300 -0. 391.453 0. 0. -1. 0.
0.308 0.951 0. -219.162 0.951 -0.308 -0. 394.628 0. 0. -1. 0.
0.309 0.951 0. -218.104 0.951 -0.309 -0. 397.659 0. 0. -1. 0.
0.314 0.949 0. -217.044 0.949 -0.314 -0. 400.773 0. 0. -1. 0.
0.308 0.951 0. -215.880 0.951 -0.308 -0. 403.805 0. 0. -1. 0.
0.312 0.950 0. -214.885 0.950 -0.312 -0. 406.884 0. 0. -1. 0.
0.311 0.951 0. -213.782 0.951 -0.311 -0. 409.934 0. 0. -1. 0.
0.318 0.948 0. -212.765 0.948 -0.318 -0. 413. 0. 0. -1. 0.
0.313 0.950 0. -211.677 0.950 -0.313 -0. 416.018 0. 0. -1. 0.
0.307 0.952 0. -210.580 0.952 -0.307 -0. 419.075 0. 0. -1. 0.
0.301 0.953 0. -209.604 0.953 -0.301 -0. 422.154 0. 0. -1. 0.
0.297 0.955 0. -208.592 0.955 -0.297 -0. 425.156 0. 0. -1. 0.
0.297 0.955 0. -207.570 0.955 -0.297 -0. 428.321 0. 0. -1. 0.
0.292 0.957 0. -206.541 0.957 -0.292 -0. 431.259 0. 0. -1. 0.
0.296 0.955 0. -205.562 0.955 -0.296 -0. 434.335 0. 0. -1. 0.
0.299 0.954 0. -204.594 0.954 -0.299 -0. 437.316 0. 0. -1. 0.
0.300 0.954 0. -203.611 0.954 -0.300 -0. 440.394 0. 0. -1. 0.
0.299 0.954 0. -202.577 0.954 -0.299 -0. 443.383 0. 0. -1. 0.
0.303 0.953 0. -201.517 0.953 -0.303 -0. 446.454 0. 0. -1. 0.
0.311 0.950 0. -200.493 0.950 -0.311 -0. 449.366 0. 0. -1. 0.
0.307 0.952 0. -199.449 0.952 -0.307 -0. 452.273 0. 0. -1. 0.
0.307 0.952 0. -198.478 0.952 -0.307 -0. 455.314 0. 0. -1. 0.
0.306 0.952 0. -197.363 0.952 -0.306 -0. 458.213 0. 0. -1. 0.
0.311 0.950 0. -196.430 0.950 -0.311 -0. 461.128 0. 0. -1. 0.
0.305 0.952 0. -195.404 0.952 -0.305 -0. 464.014 0. 0. -1. 0.
0.305 0.952 0. -194.489 0.952 -0.305 -0. 466.952 0. 0. -1. 0.
0.304 0.953 0. -193.371 0.953 -0.304 -0. 469.677 0. 0. -1. 0.
0.302 0.953 0. -192.411 0.953 -0.302 -0. 472.591 0. 0. -1. 0.
0.309 0.951 0. -191.533 0.951 -0.309 -0. 475.410 0. 0. -1. 0.
0.309 0.951 0. -190.579 0.951 -0.309 -0. 478.233 0. 0. -1. 0.
0.311 0.950 0. -189.689 0.950 -0.311 -0. 481.010 0. 0. -1. 0.
0.312 0.950 0. -188.733 0.950 -0.312 -0. 483.748 0. 0. -1. 0.
0.312 0.950 0. -187.806 0.950 -0.312 -0. 486.454 0. 0. -1. 0.
0.309 0.951 0. -186.856 0.951 -0.309 -0. 489.210 0. 0. -1. 0.
0.309 0.951 0. -185.958 0.951 -0.309 -0. 491.886 0. 0. -1. 0.
0.305 0.952 0. -185.031 0.952 -0.305 -0. 494.543 0. 0. -1. 0.
0.304 0.953 0. -184.122 0.953 -0.304 -0. 497.224 0. 0. -1. 0.
0.311 0.950 0. -183.232 0.950 -0.311 -0. 499.832 0. 0. -1. 0.
0.307 0.952 0. -182.370 0.952 -0.307 -0. 502.437 0. 0. -1. 0.
0.303 0.953 0. -181.455 0.953 -0.303 -0. 505.073 0. 0. -1. 0.
0.306 0.952 0. -180.552 0.952 -0.306 -0. 507.586 0. 0. -1. 0.
0.306 0.952 0. -179.761 0.952 -0.306 -0. 510.120 0. 0. -1. 0.
0.295 0.956 0. -179.009 0.956 -0.295 -0. 512.635 0. 0. -1. 0.
0.299 0.954 0. -178.178 0.954 -0.299 -0. 515.032 0. 0. -1. 0.
0.299 0.954 0. -177.402 0.954 -0.299 -0. 517.369 0. 0. -1. 0.
0.294 0.956 0. -176.431 0.956 -0.294 -0. 519.499 0. 0. -1. 0.
0.288 0.958 0. -175.941 0.958 -0.288 -0. 521.755 0. 0. -1. 0.
0.284 0.959 0. -175.297 0.959 -0.284 -0. 523.700 0. 0. -1. 0.
0.286 0.958 0. -174.724 0.958 -0.286 -0. 525.651 0. 0. -1. 0.
0.285 0.958 0. -174.144 0.958 -0.285 -0. 527.332 0. 0. -1. 0.
0.286 0.958 0. -173.649 0.958 -0.286 -0. 528.985 0. 0. -1. 0.
0.290 0.957 0. -173.187 0.957 -0.290 -0. 530.406 0. 0. -1. 0.
0.292 0.956 0. -172.770 0.956 -0.292 -0. 531.783 0. 0. -1. 0.
0.292 0.957 0. -172.368 0.957 -0.292 -0. 532.970 0. 0. -1. 0.
0.292 0.956 0. -171.959 0.956 -0.292 -0. 534.130 0. 0. -1. 0.
0.298 0.955 0. -171.677 0.955 -0.298 -0. 535.099 0. 0. -1. 0.
0.302 0.953 0. -171.383 0.953 -0.302 -0. 535.867 0. 0. -1. 0.
0.303 0.953 0. -171.182 0.953 -0.303 -0. 536.590 0. 0. -1. 0.
0.298 0.955 0. -170.978 0.955 -0.298 -0. 537.160 0. 0. -1. 0.
0.293 0.956 0. -170.824 0.956 -0.293 -0. 537.649 0. 0. -1. 0.
0.293 0.956 0. -170.688 0.956 -0.293 -0. 538.091 0. 0. -1. 0.
0.294 0.956 0. -170.598 0.956 -0.294 -0. 538.369 0. 0. -1. 0.
0.293 0.956 0. -170.507 0.956 -0.293 -0. 538.648 0. 0. -1. 0.
0.295 0.956 0. -170.425 0.956 -0.295 -0. 538.894 0. 0. -1. 0.
0.292 0.956 0. -170.260 0.956 -0.292 -0. 539.020 0. 0. -1. 0.
0.291 0.957 0. -170.133 0.957 -0.291 -0. 539.157 0. 0. -1. 0.
0.298 0.955 0. -170.185 0.955 -0.298 -0. 539.474 0. 0. -1. 0.
0.297 0.955 0. -170.146 0.955 -0.297 -0. 539.728 0. 0. -1. 0.
0.296 0.955 0. -170.028 0.955 -0.296 -0. 540.003 0. 0. -1. 0.
0.295 0.956 0. -169.890 0.956 -0.295 -0. 540.225 0. 0. -1. 0.
0.296 0.955 0. -169.725 0.955 -0.296 -0. 540.419 0. 0. -1. 0.
0.297 0.955 0. -169.674 0.955 -0.297 -0. 540.659 0. 0. -1. 0.
0.298 0.954 0. -169.698 0.954 -0.298 -0. 540.886 0. 0. -1. 0.
0.300 0.954 0. -169.690 0.954 -0.300 -0. 541.020 0. 0. -1. 0.
0.299 0.954 0. -169.612 0.954 -0.299 -0. 541.054 0. 0. -1. 0.
0.305 0.952 0. -169.641 0.952 -0.305 -0. 541.112 0. 0. -1. 0.
0.306 0.952 0. -169.670 0.952 -0.306 -0. 541.101 0. 0. -1. 0.
0.307 0.952 0. -169.664 0.952 -0.307 -0. 541.122 0. 0. -1. 0.
0.298 0.954 0. -169.611 0.954 -0.298 -0. 541.066 0. 0. -1. 0.
0.298 0.955 0. -169.663 0.955 -0.298 -0. 541.115 0. 0. -1. 0.
