1628184886420593 1.00000 0.00000 0.00000 -0.00000 0.00000 -1.00000 0.00000 0.00000 0.00000 -0.00000 -1.00000 0.00000
1628184886670599 1.00000 -0.00029 0.00000 -0.00807 -0.00029 -1.00000 0.00000 0.02055 -0.00000 -0.00000 -1.00000 0.00000
1628184886920602 1.00000 0.00052 0.00000 -0.00167 0.00052 -1.00000 0.00000 0.01051 0.00000 -0.00000 -1.00000 0.00000
1628184887170613 0.99999 0.00323 -0.00000 -0.00481 0.00323 -0.99999 0.00000 0.01617 0.00000 -0.00000 -1.00000 0.00000
1628184887419986 0.99999 0.00358 0.00000 0.02360 0.00358 -0.99999 0.00000 -0.07209 0.00000 -0.00000 -1.00000 -0.00000
1628184887670615 1.00000 -0.00063 0.00000 -0.00133 -0.00063 -1.00000 0.00000 0.01333 -0.00000 -0.00000 -1.00000 0.00000
1628184887919992 1.00000 0.00278 -0.00000 0.04239 0.00278 -1.00000 0.00000 -0.04672 0.00000 -0.00000 -1.00000 -0.00000
1628184888170005 0.99994 0.01104 0.00000 -0.01209 0.01104 -0.99994 0.00000 0.00624 0.00000 -0.00000 -1.00000 0.00000
1628184888420634 1.00000 0.00291 -0.00000 -0.01545 0.00291 -1.00000 0.00000 0.00862 0.00000 -0.00000 -1.00000 0.00000
1628184888670638 0.99998 0.00579 0.00000 0.03115 0.00579 -0.99998 0.00000 -0.01461 0.00000 -0.00000 -1.00000 -0.00000
1628184888920639 0.99993 0.01186 0.00000 -0.00314 0.01186 -0.99993 0.00000 0.01090 0.00000 -0.00000 -1.00000 0.00000
1628184889170645 0.99998 0.00606 0.00000 0.00866 0.00606 -0.99998 0.00000 -0.03197 0.00000 -0.00000 -1.00000 -0.00000
1628184889420658 0.99995 0.00955 0.00000 0.00191 0.00955 -0.99995 0.00000 -0.02691 0.00000 -0.00000 -1.00000 -0.00000
1628184889671282 1.00000 0.00099 -0.00000 -0.00640 0.00099 -1.00000 0.00000 0.01623 0.00000 -0.00000 -1.00000 0.00000
1628184889921288 1.00000 0.00061 0.00000 0.00352 0.00061 -1.00000 0.00000 -0.01685 0.00000 -0.00000 -1.00000 -0.00000
1628184890171289 1.00000 0.00218 0.00000 -0.00167 0.00218 -1.00000 0.00000 -0.00689 0.00000 -0.00000 -1.00000 -0.00000
1628184890421291 1.00000 0.00205 0.00000 -0.02726 0.00205 -1.00000 0.00000 0.04181 0.00000 -0.00000 -1.00000 0.00000
1628184890670667 1.00000 0.00210 -0.00000 0.02469 0.00210 -1.00000 0.00000 -0.07117 0.00000 -0.00000 -1.00000 -0.00000
1628184890920047 0.99999 0.00464 -0.00000 0.03668 0.00464 -0.99999 0.00000 -0.05139 0.00000 -0.00000 -1.00000 -0.00000
1628184891170058 1.00000 0.00192 0.00000 -0.02324 0.00192 -1.00000 0.00000 0.04418 0.00000 -0.00000 -1.00000 0.00000
1628184891420059 1.00000 -0.00011 0.00000 0.00482 -0.00011 -1.00000 0.00000 0.02029 -0.00000 -0.00000 -1.00000 0.00000
1628184891670062 1.00000 0.00241 0.00000 0.01476 0.00241 -1.00000 0.00000 -0.01345 0.00000 -0.00000 -1.00000 -0.00000
1628184891920068 0.99998 0.00563 0.00000 0.00095 0.00563 -0.99998 0.00000 0.03029 0.00000 -0.00000 -1.00000 0.00000
1628184892170089 1.00000 0.00211 0.00000 -0.02296 0.00211 -1.00000 0.00000 0.04790 0.00000 -0.00000 -1.00000 0.00000
1628184892419454 1.00000 0.00173 -0.00000 0.03487 0.00173 -1.00000 0.00000 -0.09932 0.00000 -0.00000 -1.00000 -0.00000
1628184892669456 0.99994 0.01119 -0.00000 0.00001 0.01119 -0.99994 0.00000 0.01594 0.00000 -0.00000 -1.00000 0.00000
1628184892919459 0.99994 0.01136 0.00000 -0.00610 0.01136 -0.99994 0.00000 0.03738 0.00000 -0.00000 -1.00000 0.00000
1628184893169475 0.99995 0.00983 0.00000 -0.01811 0.00983 -0.99995 0.00000 0.00621 0.00000 -0.00000 -1.00000 0.00000
1628184893420097 1.00000 0.00177 0.00000 0.00344 0.00177 -1.00000 0.00000 0.00613 0.00000 -0.00000 -1.00000 0.00000
1628184893670116 0.99999 0.00393 0.00000 0.03170 0.00393 -0.99999 0.00000 -0.02083 0.00000 -0.00000 -1.00000 -0.00000
1628184893920730 1.00000 -0.00154 0.00000 -0.00623 -0.00154 -1.00000 0.00000 0.00873 -0.00000 -0.00000 -1.00000 0.00000
1628184894170733 1.00000 -0.00123 0.00000 0.00402 -0.00123 -1.00000 0.00000 0.00757 -0.00000 -0.00000 -1.00000 0.00000
1628184894420743 1.00000 -0.00069 0.00000 0.00096 -0.00069 -1.00000 0.00000 -0.00177 -0.00000 -0.00000 -1.00000 -0.00000
1628184894670115 1.00000 0.00264 0.00000 0.01548 0.00264 -1.00000 0.00000 -0.05298 0.00000 -0.00000 -1.00000 -0.00000
1628184894920118 0.99995 0.01006 0.00000 0.00123 0.01006 -0.99995 0.00000 0.02007 0.00000 -0.00000 -1.00000 0.00000
1628184895170196 0.99994 0.01058 -0.00000 -0.01712 0.01058 -0.99994 0.00000 0.01451 0.00000 -0.00000 -1.00000 0.00000
1628184895420751 1.00000 -0.00129 -0.00000 -0.00508 -0.00129 -1.00000 0.00000 -0.00365 -0.00000 -0.00000 -1.00000 -0.00000
1628184895670761 1.00000 -0.00269 0.00000 0.01584 -0.00269 -1.00000 0.00000 -0.03157 -0.00000 -0.00000 -1.00000 -0.00000
1628184895920758 1.00000 -0.00017 0.00000 -0.02628 -0.00017 -1.00000 0.00000 -0.01908 -0.00000 -0.00000 -1.00000 -0.00000
1628184896170768 1.00000 0.00017 0.00000 -0.09218 0.00017 -1.00000 0.00000 -0.01344 0.00000 -0.00000 -1.00000 -0.00000
1628184896420773 1.00000 0.00184 0.00000 -0.12161 0.00184 -1.00000 0.00000 0.00224 0.00000 -0.00000 -1.00000 0.00000
1628184896670783 1.00000 0.00111 0.00000 -0.17446 0.00111 -1.00000 0.00000 0.00331 0.00000 -0.00000 -1.00000 0.00000
1628184896920779 1.00000 -0.00063 0.00000 -0.22418 -0.00063 -1.00000 0.00000 0.00722 -0.00000 -0.00000 -1.00000 0.00000
1628184897170784 0.99998 -0.00621 -0.00000 -0.34058 -0.00621 -0.99998 0.00000 -0.04265 -0.00000 -0.00000 -1.00000 -0.00000
1628184897421411 0.99967 -0.02576 0.00000 -0.56678 -0.02576 -0.99967 0.00000 -0.01991 -0.00000 -0.00000 -1.00000 -0.00000
1628184897671417 0.99893 -0.04625 -0.00000 -0.73583 -0.04625 -0.99893 0.00000 -0.01829 -0.00000 -0.00000 -1.00000 -0.00000
1628184897921427 0.99653 -0.08322 0.00000 -1.15898 -0.08322 -0.99653 0.00000 0.00090 -0.00000 -0.00000 -1.00000 0.00000
1628184898171432 0.99137 -0.13112 0.00000 -1.60187 -0.13112 -0.99137 0.00000 0.10066 -0.00000 -0.00000 -1.00000 0.00000
1628184898420811 0.98381 -0.17921 0.00000 -2.08765 -0.17921 -0.98381 0.00000 0.13283 -0.00000 -0.00000 -1.00000 0.00000
1628184898669564 0.97578 -0.21877 0.00000 -2.62432 -0.21877 -0.97578 0.00000 0.01022 -0.00000 -0.00000 -1.00000 0.00000
1628184898919569 0.96754 -0.25273 0.00000 -3.27754 -0.25273 -0.96754 0.00000 0.18957 -0.00000 -0.00000 -1.00000 0.00000
1628184899168943 0.96341 -0.26803 0.00000 -3.99970 -0.26803 -0.96341 0.00000 0.14767 -0.00000 -0.00000 -1.00000 0.00000
1628184899419531 0.96038 -0.27869 0.00000 -4.71518 -0.27869 -0.96038 0.00000 0.21860 -0.00000 -0.00000 -1.00000 0.00000
1628184899669578 0.96408 -0.26561 0.00000 -5.54399 -0.26561 -0.96408 0.00000 0.12168 -0.00000 -0.00000 -1.00000 0.00000
1628184899919584 0.97056 -0.24086 0.00000 -6.46122 -0.24086 -0.97056 0.00000 -0.00871 -0.00000 -0.00000 -1.00000 -0.00000
1628184900169594 0.97495 -0.22242 0.00000 -7.40124 -0.22242 -0.97495 0.00000 -0.11202 -0.00000 -0.00000 -1.00000 -0.00000
1628184900419603 0.97913 -0.20322 0.00000 -8.27237 -0.20322 -0.97913 0.00000 -0.19637 -0.00000 -0.00000 -1.00000 -0.00000
1628184900669598 0.98118 -0.19309 0.00000 -9.28062 -0.19309 -0.98118 0.00000 -0.31616 -0.00000 -0.00000 -1.00000 -0.00000
1628184900919600 0.98495 -0.17283 0.00000 -10.23631 -0.17283 -0.98495 0.00000 -0.42403 -0.00000 -0.00000 -1.00000 -0.00000
1628184901169608 0.98839 -0.15196 0.00000 -11.24868 -0.15196 -0.98839 0.00000 -0.71576 -0.00000 -0.00000 -1.00000 -0.00000
1628184901420243 0.99013 -0.14016 -0.00000 -12.34485 -0.14016 -0.99013 0.00000 -0.82635 -0.00000 -0.00000 -1.00000 -0.00000
1628184901670241 0.99185 -0.12738 0.00000 -13.42983 -0.12738 -0.99185 0.00000 -1.02105 -0.00000 -0.00000 -1.00000 -0.00000
1628184901920244 0.99443 -0.10536 0.00000 -14.56548 -0.10536 -0.99443 0.00000 -1.36727 -0.00000 -0.00000 -1.00000 -0.00000
1628184902170866 0.99546 -0.09518 -0.00000 -15.78447 -0.09518 -0.99546 0.00000 -1.46880 -0.00000 -0.00000 -1.00000 -0.00000
1628184902420874 0.99631 -0.08582 -0.00000 -16.98224 -0.08582 -0.99631 0.00000 -1.62231 -0.00000 -0.00000 -1.00000 -0.00000
1628184902670886 0.99746 -0.07124 0.00000 -18.23697 -0.07124 -0.99746 0.00000 -1.98005 -0.00000 -0.00000 -1.00000 -0.00000
1628184902921520 0.99789 -0.06490 0.00000 -19.59365 -0.06490 -0.99789 0.00000 -2.02668 -0.00000 -0.00000 -1.00000 -0.00000
1628184903171519 0.99827 -0.05877 0.00000 -20.87455 -0.05877 -0.99827 0.00000 -2.15804 -0.00000 -0.00000 -1.00000 -0.00000
1628184903421525 0.99873 -0.05030 0.00000 -22.26081 -0.05030 -0.99873 0.00000 -2.35567 -0.00000 -0.00000 -1.00000 -0.00000
1628184903671521 0.99910 -0.04242 0.00000 -23.78275 -0.04242 -0.99910 0.00000 -2.56104 -0.00000 -0.00000 -1.00000 -0.00000
1628184903920903 0.99903 -0.04397 0.00000 -25.37104 -0.04397 -0.99903 0.00000 -2.61250 -0.00000 -0.00000 -1.00000 -0.00000
1628184904170912 0.99895 -0.04577 0.00000 -26.96937 -0.04577 -0.99895 0.00000 -2.52834 -0.00000 -0.00000 -1.00000 -0.00000
1628184904420909 0.99894 -0.04594 -0.00000 -28.57535 -0.04594 -0.99894 0.00000 -2.58555 -0.00000 -0.00000 -1.00000 -0.00000
1628184904670917 0.99898 -0.04511 0.00000 -30.31161 -0.04511 -0.99898 0.00000 -2.60554 -0.00000 -0.00000 -1.00000 -0.00000
1628184904920298 0.99896 -0.04550 0.00000 -31.94151 -0.04550 -0.99896 0.00000 -2.71736 -0.00000 -0.00000 -1.00000 -0.00000
1628184905170308 0.99904 -0.04387 0.00000 -33.82130 -0.04387 -0.99904 0.00000 -2.80217 -0.00000 -0.00000 -1.00000 -0.00000
1628184905421554 0.99891 -0.04670 0.00000 -35.44513 -0.04670 -0.99891 0.00000 -2.66315 -0.00000 -0.00000 -1.00000 -0.00000
1628184905671569 0.99901 -0.04441 0.00000 -37.19398 -0.04441 -0.99901 0.00000 -2.78611 -0.00000 -0.00000 -1.00000 -0.00000
1628184905920937 0.99950 -0.03161 0.00000 -38.82650 -0.03161 -0.99950 0.00000 -3.33106 -0.00000 -0.00000 -1.00000 -0.00000
1628184906171575 0.99968 -0.02535 -0.00000 -40.67745 -0.02535 -0.99968 0.00000 -3.56550 -0.00000 -0.00000 -1.00000 -0.00000
1628184906421576 0.99979 -0.02033 0.00000 -42.43947 -0.02033 -0.99979 0.00000 -3.73693 -0.00000 -0.00000 -1.00000 -0.00000
1628184906670953 0.99999 -0.00347 0.00000 -44.18303 -0.00347 -0.99999 0.00000 -4.58509 -0.00000 -0.00000 -1.00000 -0.00000
1628184906920958 1.00000 0.00141 0.00000 -46.08606 0.00141 -1.00000 0.00000 -4.73659 0.00000 -0.00000 -1.00000 -0.00000
1628184907170958 0.99998 0.00660 0.00000 -47.95530 0.00660 -0.99998 0.00000 -5.06239 0.00000 -0.00000 -1.00000 -0.00000
1628184907420970 0.99988 0.01526 0.00000 -49.86564 0.01526 -0.99988 0.00000 -5.50502 0.00000 -0.00000 -1.00000 -0.00000
1628184907671598 0.99999 0.00506 -0.00000 -51.88709 0.00506 -0.99999 0.00000 -4.96179 0.00000 -0.00000 -1.00000 -0.00000
1628184907920979 0.99996 0.00879 -0.00000 -53.78870 0.00879 -0.99996 0.00000 -5.20705 0.00000 -0.00000 -1.00000 -0.00000
1628184908170986 0.99997 0.00711 0.00000 -55.78089 0.00711 -0.99997 0.00000 -5.22393 0.00000 -0.00000 -1.00000 -0.00000
1628184908420981 0.99996 0.00855 0.00000 -57.75567 0.00855 -0.99996 0.00000 -5.32359 0.00000 -0.00000 -1.00000 -0.00000
1628184908671000 0.99999 0.00545 0.00000 -59.83936 0.00545 -0.99999 0.00000 -5.11973 0.00000 -0.00000 -1.00000 -0.00000
1628184908920990 0.99998 0.00565 0.00000 -61.82785 0.00565 -0.99998 0.00000 -5.27550 0.00000 -0.00000 -1.00000 -0.00000
1628184909171000 0.99999 0.00473 0.00000 -63.82848 0.00473 -0.99999 0.00000 -5.23149 0.00000 -0.00000 -1.00000 -0.00000
1628184909421000 1.00000 0.00260 0.00000 -65.92017 0.00260 -1.00000 0.00000 -5.10385 0.00000 -0.00000 -1.00000 -0.00000
1628184909671010 1.00000 -0.00297 0.00000 -67.95347 -0.00297 -1.00000 0.00000 -4.69644 -0.00000 -0.00000 -1.00000 -0.00000
1628184909921008 0.99999 -0.00457 0.00000 -69.92903 -0.00457 -0.99999 0.00000 -4.62826 -0.00000 -0.00000 -1.00000 -0.00000
1628184910171020 1.00000 -0.00002 0.00000 -71.93350 -0.00002 -1.00000 0.00000 -4.93537 -0.00000 -0.00000 -1.00000 -0.00000
1628184910421021 1.00000 -0.00075 0.00000 -73.98758 -0.00075 -1.00000 0.00000 -4.95012 -0.00000 -0.00000 -1.00000 -0.00000
1628184910671650 0.99990 -0.01433 0.00000 -75.99102 -0.01433 -0.99990 0.00000 -3.87169 -0.00000 -0.00000 -1.00000 -0.00000
1628184910921655 0.99965 -0.02661 0.00000 -78.04971 -0.02661 -0.99965 0.00000 -2.93984 -0.00000 -0.00000 -1.00000 -0.00000
1628184911171659 0.99890 -0.04680 0.00000 -80.10717 -0.04680 -0.99890 0.00000 -1.42547 -0.00000 -0.00000 -1.00000 -0.00000
1628184911421039 0.99737 -0.07250 0.00000 -82.06608 -0.07250 -0.99737 0.00000 0.58842 -0.00000 -0.00000 -1.00000 0.00000
1628184911670420 0.99518 -0.09805 -0.00000 -83.97127 -0.09805 -0.99518 0.00000 2.62947 -0.00000 -0.00000 -1.00000 0.00000
1628184911921045 0.98999 -0.14113 0.00000 -85.78188 -0.14113 -0.98999 0.00000 6.35897 -0.00000 -0.00000 -1.00000 0.00000
1628184912170428 0.98625 -0.16525 0.00000 -87.46680 -0.16525 -0.98625 0.00000 8.37426 -0.00000 -0.00000 -1.00000 0.00000
1628184912421061 0.97827 -0.20735 0.00000 -89.03760 -0.20735 -0.97827 0.00000 12.18452 -0.00000 -0.00000 -1.00000 0.00000
1628184912671061 0.96746 -0.25304 0.00000 -90.21968 -0.25304 -0.96746 0.00000 16.30689 -0.00000 -0.00000 -1.00000 0.00000
1628184912921061 0.95350 -0.30141 0.00000 -91.24315 -0.30141 -0.95350 0.00000 20.78601 -0.00000 -0.00000 -1.00000 0.00000
1628184913170439 0.94137 -0.33739 0.00000 -92.18861 -0.33739 -0.94137 0.00000 24.20977 -0.00000 -0.00000 -1.00000 0.00000
1628184913421070 0.92290 -0.38504 0.00000 -92.77176 -0.38504 -0.92290 0.00000 28.98435 -0.00000 -0.00000 -1.00000 0.00000
1628184913670458 0.90622 -0.42281 0.00000 -93.34618 -0.42281 -0.90622 0.00000 32.75884 -0.00000 -0.00000 -1.00000 0.00000
1628184913920461 0.88175 -0.47171 0.00000 -93.24857 -0.47171 -0.88175 0.00000 37.90447 -0.00000 -0.00000 -1.00000 0.00000
1628184914170458 0.85479 -0.51898 0.00000 -92.93203 -0.51898 -0.85479 0.00000 42.84862 -0.00000 -0.00000 -1.00000 0.00000
1628184914420469 0.81973 -0.57275 0.00000 -91.85126 -0.57275 -0.81973 0.00000 48.71898 -0.00000 -0.00000 -1.00000 0.00000
1628184914670470 0.78107 -0.62445 0.00000 -90.33848 -0.62445 -0.78107 0.00000 54.48029 -0.00000 -0.00000 -1.00000 0.00000
1628184914920479 0.73128 -0.68208 0.00000 -87.70748 -0.68208 -0.73128 0.00000 61.32882 -0.00000 -0.00000 -1.00000 0.00000
1628184915169852 0.67690 -0.73607 0.00000 -84.58158 -0.73607 -0.67690 0.00000 67.71552 -0.00000 -0.00000 -1.00000 0.00000
1628184915420479 0.61125 -0.79143 -0.00000 -80.23276 -0.79143 -0.61125 0.00000 74.82536 -0.00000 -0.00000 -1.00000 0.00000
1628184915670488 0.55194 -0.83388 0.00000 -76.38039 -0.83388 -0.55194 0.00000 80.47979 -0.00000 -0.00000 -1.00000 0.00000
1628184915919864 0.49902 -0.86659 0.00000 -73.01782 -0.86659 -0.49902 0.00000 84.82985 -0.00000 -0.00000 -1.00000 0.00000
1628184916169877 0.45389 -0.89106 0.00000 -70.41544 -0.89106 -0.45389 0.00000 88.36475 -0.00000 -0.00000 -1.00000 0.00000
1628184916420506 0.42030 -0.90739 -0.00000 -68.95503 -0.90739 -0.42030 0.00000 91.13112 -0.00000 -0.00000 -1.00000 0.00000
1628184916670510 0.40070 -0.91621 0.00000 -68.81331 -0.91621 -0.40070 0.00000 92.53934 -0.00000 -0.00000 -1.00000 0.00000
1628184916920506 0.38300 -0.92375 -0.00000 -68.97487 -0.92375 -0.38300 0.00000 93.78416 -0.00000 -0.00000 -1.00000 0.00000
1628184917169893 0.38227 -0.92405 0.00000 -70.91352 -0.92405 -0.38227 0.00000 93.90706 -0.00000 -0.00000 -1.00000 0.00000
1628184917419892 0.37760 -0.92597 0.00000 -72.43419 -0.92597 -0.37760 0.00000 94.10484 -0.00000 -0.00000 -1.00000 0.00000
1628184917669913 0.37547 -0.92684 0.00000 -74.30981 -0.92684 -0.37547 0.00000 94.22501 -0.00000 -0.00000 -1.00000 0.00000
1628184917920521 0.37468 -0.92716 0.00000 -76.37704 -0.92716 -0.37468 0.00000 94.43233 -0.00000 -0.00000 -1.00000 0.00000
1628184918170532 0.38465 -0.92306 0.00000 -79.51741 -0.92306 -0.38465 0.00000 93.52242 -0.00000 -0.00000 -1.00000 0.00000
1628184918420537 0.39200 -0.91997 0.00000 -82.39518 -0.91997 -0.39200 0.00000 92.77277 -0.00000 -0.00000 -1.00000 0.00000
1628184918670541 0.40457 -0.91451 0.00000 -85.88770 -0.91451 -0.40457 0.00000 91.66960 -0.00000 -0.00000 -1.00000 0.00000
1628184918920550 0.41996 -0.90754 -0.00000 -89.55191 -0.90754 -0.41996 0.00000 90.17289 -0.00000 -0.00000 -1.00000 0.00000
1628184919170547 0.43679 -0.89956 0.00000 -93.33734 -0.89956 -0.43679 0.00000 88.47686 -0.00000 -0.00000 -1.00000 0.00000
1628184919420552 0.45481 -0.89059 0.00000 -97.16832 -0.89059 -0.45481 0.00000 86.47471 -0.00000 -0.00000 -1.00000 0.00000
1628184919671185 0.46708 -0.88421 0.00000 -100.48359 -0.88421 -0.46708 0.00000 85.10532 -0.00000 -0.00000 -1.00000 0.00000
1628184919921195 0.48747 -0.87314 -0.00000 -104.41372 -0.87314 -0.48747 0.00000 82.62037 -0.00000 -0.00000 -1.00000 0.00000
1628184920171199 0.50559 -0.86277 0.00000 -108.26208 -0.86277 -0.50559 0.00000 80.44539 -0.00000 -0.00000 -1.00000 0.00000
1628184920421196 0.51900 -0.85477 0.00000 -111.55131 -0.85477 -0.51900 0.00000 78.66961 -0.00000 -0.00000 -1.00000 0.00000
1628184920671205 0.53194 -0.84678 -0.00000 -114.74663 -0.84678 -0.53194 0.00000 76.98725 -0.00000 -0.00000 -1.00000 0.00000
1628184920921211 0.54793 -0.83652 0.00000 -118.20336 -0.83652 -0.54793 0.00000 74.74975 -0.00000 -0.00000 -1.00000 0.00000
1628184921171216 0.56216 -0.82703 0.00000 -121.37107 -0.82703 -0.56216 0.00000 72.67492 -0.00000 -0.00000 -1.00000 0.00000
1628184921421217 0.57356 -0.81916 0.00000 -124.55182 -0.81916 -0.57356 0.00000 70.96219 -0.00000 -0.00000 -1.00000 0.00000
1628184921671221 0.58429 -0.81154 0.00000 -127.26010 -0.81154 -0.58429 0.00000 69.30179 -0.00000 -0.00000 -1.00000 0.00000
1628184921921225 0.60734 -0.79444 0.00000 -130.98252 -0.79444 -0.60734 0.00000 65.57345 -0.00000 -0.00000 -1.00000 0.00000
1628184922171781 0.62486 -0.78074 0.00000 -134.21618 -0.78074 -0.62486 0.00000 62.61023 -0.00000 -0.00000 -1.00000 0.00000
1628184922421235 0.65418 -0.75634 0.00000 -138.25145 -0.75634 -0.65418 0.00000 57.41652 -0.00000 -0.00000 -1.00000 0.00000
1628184922671861 0.67551 -0.73735 0.00000 -141.46515 -0.73735 -0.67551 0.00000 53.50523 -0.00000 -0.00000 -1.00000 0.00000
1628184922921865 0.71032 -0.70388 0.00000 -145.39131 -0.70388 -0.71032 0.00000 46.60980 -0.00000 -0.00000 -1.00000 0.00000
1628184923171243 0.75546 -0.65519 0.00000 -149.55745 -0.65519 -0.75546 0.00000 36.86483 -0.00000 -0.00000 -1.00000 0.00000
1628184923421250 0.81100 -0.58505 0.00000 -153.75287 -0.58505 -0.81100 0.00000 23.21468 -0.00000 -0.00000 -1.00000 0.00000
1628184923671256 0.86262 -0.50585 -0.00000 -156.44391 -0.50585 -0.86262 0.00000 8.68926 -0.00000 -0.00000 -1.00000 0.00000
1628184923921256 0.91354 -0.40675 0.00000 -157.73279 -0.40675 -0.91354 0.00000 -8.90271 -0.00000 -0.00000 -1.00000 -0.00000
1628184924171263 0.95517 -0.29606 0.00000 -156.59087 -0.29606 -0.95517 0.00000 -27.38802 -0.00000 -0.00000 -1.00000 -0.00000
1628184924421272 0.98699 -0.16078 -0.00000 -152.21097 -0.16078 -0.98699 0.00000 -48.93567 -0.00000 -0.00000 -1.00000 -0.00000
1628184924671273 0.99999 -0.00453 -0.00000 -143.63669 -0.00453 -0.99999 0.00000 -72.05006 -0.00000 -0.00000 -1.00000 -0.00000
1628184924921277 0.98584 0.16769 0.00000 -129.98528 0.16769 -0.98584 0.00000 -95.70529 0.00000 -0.00000 -1.00000 -0.00000
1628184925171283 0.93871 0.34470 0.00000 -111.30802 0.34470 -0.93871 0.00000 -117.80354 0.00000 -0.00000 -1.00000 -0.00000
1628184925421911 0.85393 0.52039 0.00000 -87.08310 0.52039 -0.85393 0.00000 -137.04952 0.00000 -0.00000 -1.00000 -0.00000
1628184925671928 0.73978 0.67285 -0.00000 -60.40354 0.67285 -0.73978 0.00000 -150.99990 0.00000 -0.00000 -1.00000 -0.00000
1628184925921917 0.60140 0.79895 0.00000 -32.13295 0.79895 -0.60140 0.00000 -159.56543 0.00000 -0.00000 -1.00000 -0.00000
1628184926171924 0.44740 0.89433 0.00000 -3.65231 0.89433 -0.44740 0.00000 -162.64342 0.00000 -0.00000 -1.00000 -0.00000
1628184926421300 0.27439 0.96162 0.00000 25.64389 0.96162 -0.27439 0.00000 -160.43774 0.00000 -0.00000 -1.00000 -0.00000
1628184926670679 0.08744 0.99617 0.00000 54.74230 0.99617 -0.08744 0.00000 -152.65628 0.00000 -0.00000 -1.00000 -0.00000
1628184926920687 -0.10237 0.99475 0.00000 81.71855 0.99475 0.10237 0.00000 -139.56450 0.00000 0.00000 -1.00000 -0.00000
1628184927170691 -0.29915 0.95421 0.00000 107.09958 0.95421 0.29915 0.00000 -120.35138 0.00000 0.00000 -1.00000 -0.00000
1628184927420692 -0.48862 0.87250 0.00000 128.53802 0.87250 0.48862 0.00000 -95.79367 0.00000 0.00000 -1.00000 -0.00000
1628184927670698 -0.65382 0.75665 0.00000 144.09718 0.75665 0.65382 0.00000 -68.05880 0.00000 0.00000 -1.00000 -0.00000
1628184927921957 -0.77202 0.63560 0.00000 152.44862 0.63560 0.77202 0.00000 -42.70243 0.00000 0.00000 -1.00000 -0.00000
1628184928172585 -0.84833 0.52947 0.00000 155.60415 0.52947 0.84833 0.00000 -22.43551 0.00000 0.00000 -1.00000 -0.00000
1628184928422588 -0.89499 0.44609 0.00000 155.65926 0.44609 0.89499 0.00000 -7.55262 0.00000 0.00000 -1.00000 -0.00000
1628184928673221 -0.91766 0.39737 0.00000 154.58876 0.39737 0.91766 0.00000 0.98598 0.00000 0.00000 -1.00000 0.00000
1628184928922596 -0.92762 0.37352 -0.00000 153.29234 0.37352 0.92762 0.00000 5.02288 0.00000 0.00000 -1.00000 0.00000
1628184929171977 -0.92790 0.37282 0.00000 151.86723 0.37282 0.92790 0.00000 5.21185 0.00000 0.00000 -1.00000 0.00000
1628184929421360 -0.91825 0.39601 0.00000 150.54816 0.39601 0.91825 0.00000 1.37235 0.00000 0.00000 -1.00000 0.00000
1628184929670113 -0.90421 0.42709 0.00000 149.07068 0.42709 0.90421 0.00000 -3.71539 0.00000 0.00000 -1.00000 -0.00000
1628184929919487 -0.88161 0.47199 -0.00000 147.15030 0.47199 0.88161 0.00000 -11.24469 0.00000 0.00000 -1.00000 -0.00000
1628184930169495 -0.85406 0.52017 0.00000 144.70999 0.52017 0.85406 0.00000 -19.39331 0.00000 0.00000 -1.00000 -0.00000
1628184930419502 -0.82037 0.57184 0.00000 141.54162 0.57184 0.82037 0.00000 -28.40314 0.00000 0.00000 -1.00000 -0.00000
1628184930669506 -0.78407 0.62067 0.00000 137.82626 0.62067 0.78407 0.00000 -36.91237 0.00000 0.00000 -1.00000 -0.00000
1628184930919516 -0.74940 0.66211 0.00000 133.86927 0.66211 0.74940 0.00000 -44.30344 0.00000 0.00000 -1.00000 -0.00000
1628184931169511 -0.71265 0.70152 0.00000 129.39151 0.70152 0.71265 0.00000 -51.46140 0.00000 0.00000 -1.00000 -0.00000
1628184931419514 -0.68015 0.73308 0.00000 125.02619 0.73308 0.68015 0.00000 -57.35043 0.00000 0.00000 -1.00000 -0.00000
1628184931669514 -0.63951 0.76878 -0.00000 119.75829 0.76878 0.63951 0.00000 -64.03396 0.00000 0.00000 -1.00000 -0.00000
1628184931919528 -0.59699 0.80225 0.00000 114.20608 0.80225 0.59699 0.00000 -70.36548 0.00000 0.00000 -1.00000 -0.00000
1628184932169543 -0.55262 0.83343 0.00000 108.16941 0.83343 0.55262 0.00000 -76.49357 0.00000 0.00000 -1.00000 -0.00000
1628184932419538 -0.50578 0.86266 0.00000 101.85112 0.86266 0.50578 0.00000 -82.29919 0.00000 0.00000 -1.00000 -0.00000
1628184932668915 -0.46831 0.88356 0.00000 96.21530 0.88356 0.46831 0.00000 -86.67108 0.00000 0.00000 -1.00000 -0.00000
1628184932919544 -0.43807 0.89894 0.00000 91.02432 0.89894 0.43807 0.00000 -89.75721 0.00000 0.00000 -1.00000 -0.00000
1628184933169552 -0.41345 0.91053 -0.00000 86.50524 0.91053 0.41345 0.00000 -92.35253 0.00000 0.00000 -1.00000 -0.00000
1628184933419553 -0.39509 0.91864 0.00000 82.43657 0.91864 0.39509 0.00000 -94.09659 0.00000 0.00000 -1.00000 -0.00000
1628184933669567 -0.37738 0.92606 -0.00000 78.53274 0.92606 0.37738 0.00000 -95.81467 0.00000 0.00000 -1.00000 -0.00000
1628184933919560 -0.35953 0.93313 -0.00000 74.57498 0.93313 0.35953 0.00000 -97.28483 0.00000 0.00000 -1.00000 -0.00000
1628184934169570 -0.34563 0.93837 0.00000 70.98263 0.93837 0.34563 0.00000 -98.38734 0.00000 0.00000 -1.00000 -0.00000
1628184934419573 -0.34162 0.93984 0.00000 68.44053 0.93984 0.34162 0.00000 -98.63889 0.00000 0.00000 -1.00000 -0.00000
1628184934669574 -0.34132 0.93995 0.00000 66.29436 0.93995 0.34132 0.00000 -98.75809 0.00000 0.00000 -1.00000 -0.00000
1628184934919580 -0.35059 0.93653 -0.00000 65.17660 0.93653 0.35059 0.00000 -98.14611 0.00000 0.00000 -1.00000 -0.00000
1628184935169586 -0.37808 0.92577 0.00000 65.92459 0.92577 0.37808 0.00000 -96.38079 0.00000 0.00000 -1.00000 -0.00000
1628184935420214 -0.40770 0.91311 0.00000 66.93227 0.91311 0.40770 0.00000 -94.09668 0.00000 0.00000 -1.00000 -0.00000
1628184935670218 -0.45516 0.89041 0.00000 69.73061 0.89041 0.45516 0.00000 -90.62683 0.00000 0.00000 -1.00000 -0.00000
1628184935920226 -0.50101 0.86544 0.00000 72.32189 0.86544 0.50101 0.00000 -87.02319 0.00000 0.00000 -1.00000 -0.00000
1628184936170228 -0.55112 0.83442 0.00000 75.34837 0.83442 0.55112 0.00000 -82.43236 0.00000 0.00000 -1.00000 -0.00000
1628184936420234 -0.60893 0.79323 0.00000 79.10004 0.79323 0.60893 0.00000 -77.13080 0.00000 0.00000 -1.00000 -0.00000
1628184936670237 -0.67132 0.74117 0.00000 83.05031 0.74117 0.67132 0.00000 -70.49618 0.00000 0.00000 -1.00000 -0.00000
1628184936920871 -0.72458 0.68919 0.00000 86.05668 0.68919 0.72458 0.00000 -64.13581 0.00000 0.00000 -1.00000 -0.00000
1628184937170869 -0.77687 0.62966 0.00000 89.00253 0.62966 0.77687 0.00000 -57.38676 0.00000 0.00000 -1.00000 -0.00000
1628184937421498 -0.81718 0.57638 0.00000 90.64769 0.57638 0.81718 0.00000 -51.21203 0.00000 0.00000 -1.00000 -0.00000
1628184937670876 -0.86070 0.50911 0.00000 92.64809 0.50911 0.86070 0.00000 -43.99807 0.00000 0.00000 -1.00000 -0.00000
1628184937921506 -0.89313 0.44981 0.00000 93.43251 0.44981 0.89313 0.00000 -37.53310 0.00000 0.00000 -1.00000 -0.00000
1628184938171511 -0.92357 0.38343 0.00000 93.87564 0.38343 0.92357 0.00000 -30.78853 0.00000 0.00000 -1.00000 -0.00000
1628184938421514 -0.94496 0.32718 0.00000 93.59698 0.32718 0.94496 0.00000 -25.03512 0.00000 0.00000 -1.00000 -0.00000
1628184938671516 -0.96371 0.26695 0.00000 92.88285 0.26695 0.96371 0.00000 -19.14416 0.00000 0.00000 -1.00000 -0.00000
1628184938921528 -0.97719 0.21237 0.00000 91.77393 0.21237 0.97719 0.00000 -13.92113 0.00000 0.00000 -1.00000 -0.00000
1628184939171530 -0.98518 0.17152 -0.00000 90.13219 0.17152 0.98518 0.00000 -10.18874 0.00000 0.00000 -1.00000 -0.00000
1628184939421535 -0.99115 0.13273 0.00000 88.32464 0.13273 0.99115 0.00000 -6.70173 0.00000 0.00000 -1.00000 -0.00000
1628184939671540 -0.99527 0.09719 0.00000 86.29689 0.09719 0.99527 0.00000 -3.49751 0.00000 0.00000 -1.00000 -0.00000
1628184939922164 -0.99749 0.07082 -0.00000 84.10288 0.07082 0.99749 0.00000 -1.30089 0.00000 0.00000 -1.00000 -0.00000
1628184940172182 -0.99848 0.05519 -0.00000 81.73943 0.05519 0.99848 0.00000 -0.05351 0.00000 0.00000 -1.00000 -0.00000
1628184940421557 -0.99935 0.03603 0.00000 79.39870 0.03603 0.99935 0.00000 1.47772 0.00000 0.00000 -1.00000 0.00000
1628184940671559 -0.99970 0.02468 0.00000 77.09171 0.02468 0.99970 0.00000 2.41800 0.00000 0.00000 -1.00000 0.00000
1628184940921561 -0.99973 0.02306 0.00000 74.63323 0.02306 0.99973 0.00000 2.43975 0.00000 0.00000 -1.00000 0.00000
1628184941171565 -0.99979 0.02055 0.00000 72.21555 0.02055 0.99979 0.00000 2.58809 0.00000 0.00000 -1.00000 0.00000
1628184941421574 -0.99993 0.01183 0.00000 69.73723 0.01183 0.99993 0.00000 3.21788 0.00000 0.00000 -1.00000 0.00000
1628184941671580 -0.99998 0.00685 -0.00000 67.39231 0.00685 0.99998 0.00000 3.39237 0.00000 0.00000 -1.00000 0.00000
1628184941922202 -0.99990 0.01380 0.00000 65.12963 0.01380 0.99990 0.00000 3.00589 0.00000 0.00000 -1.00000 0.00000
1628184942172204 -0.99998 0.00589 0.00000 62.70852 0.00589 0.99998 0.00000 3.45877 0.00000 0.00000 -1.00000 0.00000
1628184942422210 -0.99999 -0.00420 0.00000 60.41831 -0.00420 0.99999 0.00000 4.02418 -0.00000 0.00000 -1.00000 0.00000
1628184942671598 -0.99993 -0.01171 -0.00000 57.93694 -0.01171 0.99993 0.00000 4.37584 -0.00000 0.00000 -1.00000 0.00000
1628184942921600 -0.99960 -0.02824 0.00000 55.64916 -0.02824 0.99960 0.00000 5.34978 -0.00000 0.00000 -1.00000 0.00000
1628184943172225 -0.99931 -0.03712 0.00000 53.38290 -0.03712 0.99931 0.00000 5.77643 -0.00000 0.00000 -1.00000 0.00000
1628184943421607 -0.99906 -0.04346 0.00000 51.07790 -0.04346 0.99906 0.00000 6.11236 -0.00000 0.00000 -1.00000 0.00000
1628184943671612 -0.99904 -0.04388 0.00000 48.92708 -0.04388 0.99904 0.00000 6.01235 -0.00000 0.00000 -1.00000 0.00000
1628184943921613 -0.99944 -0.03337 0.00000 46.77768 -0.03337 0.99944 0.00000 5.56344 -0.00000 0.00000 -1.00000 0.00000
1628184944171622 -0.99985 -0.01741 0.00000 44.67739 -0.01741 0.99985 0.00000 4.77091 -0.00000 0.00000 -1.00000 0.00000
1628184944422245 -0.99987 0.01604 -0.00000 42.66690 0.01604 0.99987 0.00000 3.31856 0.00000 0.00000 -1.00000 0.00000
1628184944671624 -0.99930 0.03738 0.00000 40.62847 0.03738 0.99930 0.00000 2.36792 0.00000 0.00000 -1.00000 0.00000
1628184944921632 -0.99799 0.06337 -0.00000 38.59828 0.06337 0.99799 0.00000 1.14189 0.00000 0.00000 -1.00000 0.00000
1628184945172261 -0.99622 0.08686 0.00000 36.40739 0.08686 0.99622 0.00000 0.24867 0.00000 0.00000 -1.00000 0.00000
1628184945421642 -0.99480 0.10183 0.00000 34.42156 0.10183 0.99480 0.00000 -0.38877 0.00000 0.00000 -1.00000 -0.00000
1628184945672270 -0.99288 0.11912 0.00000 32.27413 0.11912 0.99288 0.00000 -1.03669 0.00000 0.00000 -1.00000 -0.00000
1628184945921648 -0.99328 0.11569 -0.00000 30.21721 0.11569 0.99328 0.00000 -1.01423 0.00000 0.00000 -1.00000 -0.00000
1628184946171657 -0.99328 0.11578 0.00000 28.15869 0.11578 0.99328 0.00000 -0.93784 0.00000 0.00000 -1.00000 -0.00000
1628184946421655 -0.99298 0.11827 0.00000 26.05720 0.11827 0.99298 0.00000 -1.10352 0.00000 0.00000 -1.00000 -0.00000
1628184946671658 -0.99338 0.11486 0.00000 24.00085 0.11486 0.99338 0.00000 -1.07743 0.00000 0.00000 -1.00000 -0.00000
1628184946921667 -0.99314 0.11697 0.00000 21.84906 0.11697 0.99314 0.00000 -1.17008 0.00000 0.00000 -1.00000 -0.00000
1628184947171673 -0.99342 0.11450 -0.00000 19.83698 0.11450 0.99342 0.00000 -1.15852 0.00000 0.00000 -1.00000 -0.00000
1628184947421679 -0.99357 0.11319 0.00000 17.77137 0.11319 0.99357 0.00000 -1.15659 0.00000 0.00000 -1.00000 -0.00000
1628184947672312 -0.99350 0.11383 -0.00000 15.80078 0.11383 0.99350 0.00000 -1.05001 0.00000 0.00000 -1.00000 -0.00000
1628184947921689 -0.99401 0.10927 -0.00000 13.60899 0.10927 0.99401 0.00000 -1.11435 0.00000 0.00000 -1.00000 -0.00000
1628184948172322 -0.99358 0.11313 0.00000 11.63117 0.11313 0.99358 0.00000 -1.16986 0.00000 0.00000 -1.00000 -0.00000
1628184948422318 -0.99524 0.09747 -0.00000 9.49751 0.09747 0.99524 0.00000 -1.00769 0.00000 0.00000 -1.00000 -0.00000
1628184948672327 -0.99523 0.09751 0.00000 7.46002 0.09751 0.99523 0.00000 -1.03336 0.00000 0.00000 -1.00000 -0.00000
1628184948922329 -0.99509 0.09898 0.00000 5.35374 0.09898 0.99509 0.00000 -1.08080 0.00000 0.00000 -1.00000 -0.00000
1628184949171710 -0.99624 0.08668 0.00000 3.35185 0.08668 0.99624 0.00000 -1.10857 0.00000 0.00000 -1.00000 -0.00000
1628184949421715 -0.99599 0.08950 0.00000 1.24907 0.08950 0.99599 0.00000 -0.99349 0.00000 0.00000 -1.00000 -0.00000
1628184949671097 -0.99696 0.07795 -0.00000 -0.79587 0.07795 0.99696 0.00000 -1.13050 0.00000 0.00000 -1.00000 -0.00000
1628184949921094 -0.99733 0.07298 0.00000 -2.90761 0.07298 0.99733 0.00000 -1.09109 0.00000 0.00000 -1.00000 -0.00000
1628184950171725 -0.99654 0.08313 -0.00000 -5.07906 0.08313 0.99654 0.00000 -1.16005 0.00000 0.00000 -1.00000 -0.00000
1628184950421727 -0.99692 0.07840 0.00000 -7.27720 0.07840 0.99692 0.00000 -1.25023 0.00000 0.00000 -1.00000 -0.00000
1628184950671730 -0.99727 0.07387 0.00000 -9.51009 0.07387 0.99727 0.00000 -1.36519 0.00000 0.00000 -1.00000 -0.00000
1628184950921740 -0.99783 0.06585 0.00000 -11.77412 0.06585 0.99783 0.00000 -1.41234 0.00000 0.00000 -1.00000 -0.00000
1628184951171744 -0.99768 0.06804 0.00000 -14.14864 0.06804 0.99768 0.00000 -1.27052 0.00000 0.00000 -1.00000 -0.00000
1628184951421746 -0.99774 0.06722 0.00000 -16.34437 0.06722 0.99774 0.00000 -1.41848 0.00000 0.00000 -1.00000 -0.00000
1628184951671751 -0.99814 0.06096 0.00000 -18.72225 0.06096 0.99814 0.00000 -1.62831 0.00000 0.00000 -1.00000 -0.00000
1628184951921755 -0.99751 0.07052 -0.00000 -21.10336 0.07052 0.99751 0.00000 -1.43078 0.00000 0.00000 -1.00000 -0.00000
1628184952172391 -0.99788 0.06512 0.00000 -23.29752 0.06512 0.99788 0.00000 -1.57265 0.00000 0.00000 -1.00000 -0.00000
1628184952422388 -0.99826 0.05900 0.00000 -25.70365 0.05900 0.99826 0.00000 -1.70340 0.00000 0.00000 -1.00000 -0.00000
1628184952672393 -0.99844 0.05582 0.00000 -28.10679 0.05582 0.99844 0.00000 -1.78546 0.00000 0.00000 -1.00000 -0.00000
1628184952922399 -0.99877 0.04962 0.00000 -30.22832 0.04962 0.99877 0.00000 -1.92220 0.00000 0.00000 -1.00000 -0.00000
1628184953171777 -0.99878 0.04942 0.00000 -32.69613 0.04942 0.99878 0.00000 -1.90862 0.00000 0.00000 -1.00000 -0.00000
1628184953421164 -0.99893 0.04634 0.00000 -34.89441 0.04634 0.99893 0.00000 -2.14300 0.00000 0.00000 -1.00000 -0.00000
1628184953670542 -0.99922 0.03956 0.00000 -37.20937 0.03956 0.99922 0.00000 -2.54042 0.00000 0.00000 -1.00000 -0.00000
1628184953921169 -0.99944 0.03342 -0.00000 -39.41830 0.03342 0.99944 0.00000 -2.66423 0.00000 0.00000 -1.00000 -0.00000
1628184954171174 -0.99923 0.03917 0.00000 -41.66128 0.03917 0.99923 0.00000 -2.44489 0.00000 0.00000 -1.00000 -0.00000
1628184954421176 -0.99954 0.03032 -0.00000 -43.73970 0.03032 0.99954 0.00000 -2.88440 0.00000 0.00000 -1.00000 -0.00000
1628184954671806 -0.99954 0.03022 -0.00000 -45.93782 0.03022 0.99954 0.00000 -2.88943 0.00000 0.00000 -1.00000 -0.00000
1628184954921807 -0.99969 0.02483 0.00000 -47.97469 0.02483 0.99969 0.00000 -3.22234 0.00000 0.00000 -1.00000 -0.00000
1628184955171814 -0.99961 0.02775 -0.00000 -49.88097 0.02775 0.99961 0.00000 -3.18029 0.00000 0.00000 -1.00000 -0.00000
1628184955421818 -0.99930 0.03738 0.00000 -51.82675 0.03738 0.99930 0.00000 -2.64818 0.00000 0.00000 -1.00000 -0.00000
1628184955671822 -0.99934 0.03631 0.00000 -53.67419 0.03631 0.99934 0.00000 -2.83411 0.00000 0.00000 -1.00000 -0.00000
1628184955921830 -0.99873 0.05043 0.00000 -55.43649 0.05043 0.99873 0.00000 -2.14465 0.00000 0.00000 -1.00000 -0.00000
1628184956172466 -0.99742 0.07172 -0.00000 -57.16331 0.07172 0.99742 0.00000 -0.77586 0.00000 0.00000 -1.00000 -0.00000
1628184956422462 -0.99483 0.10155 0.00000 -58.65726 0.10155 0.99483 0.00000 0.85785 0.00000 0.00000 -1.00000 0.00000
1628184956671838 -0.99229 0.12396 -0.00000 -60.09740 0.12396 0.99229 0.00000 2.14299 0.00000 0.00000 -1.00000 0.00000
1628184956921844 -0.98600 0.16677 0.00000 -61.36304 0.16677 0.98600 0.00000 4.63865 0.00000 0.00000 -1.00000 0.00000
1628184957171853 -0.97655 0.21528 0.00000 -62.34516 0.21528 0.97655 0.00000 7.68740 0.00000 0.00000 -1.00000 0.00000
1628184957421854 -0.95855 0.28491 0.00000 -62.84596 0.28491 0.95855 0.00000 12.07432 0.00000 0.00000 -1.00000 0.00000
1628184957671864 -0.93495 0.35477 0.00000 -62.87283 0.35477 0.93495 0.00000 16.75917 0.00000 0.00000 -1.00000 0.00000
1628184957921863 -0.90145 0.43289 0.00000 -62.44887 0.43289 0.90145 0.00000 21.87903 0.00000 0.00000 -1.00000 0.00000
1628184958171865 -0.84686 0.53182 0.00000 -60.74839 0.53182 0.84686 0.00000 28.65452 0.00000 0.00000 -1.00000 0.00000
1628184958421871 -0.77827 0.62794 0.00000 -57.93508 0.62794 0.77827 0.00000 35.55181 0.00000 0.00000 -1.00000 0.00000
1628184958671252 -0.70791 0.70630 -0.00000 -54.97075 0.70630 0.70791 0.00000 41.36490 0.00000 0.00000 -1.00000 0.00000
1628184958921255 -0.62838 0.77791 0.00000 -51.39717 0.77791 0.62838 0.00000 46.91191 0.00000 0.00000 -1.00000 0.00000
1628184959171255 -0.53551 0.84453 0.00000 -46.71852 0.84453 0.53551 0.00000 52.49239 0.00000 0.00000 -1.00000 0.00000
1628184959421272 -0.43803 0.89896 0.00000 -41.66109 0.89896 0.43803 0.00000 57.40722 0.00000 0.00000 -1.00000 0.00000
1628184959671264 -0.34675 0.93796 0.00000 -36.85284 0.93796 0.34675 0.00000 61.15933 0.00000 0.00000 -1.00000 0.00000
1628184959921276 -0.25409 0.96718 0.00000 -31.96973 0.96718 0.25409 0.00000 64.47531 0.00000 0.00000 -1.00000 0.00000
1628184960171274 -0.16449 0.98638 0.00000 -27.03373 0.98638 0.16449 0.00000 67.12598 0.00000 0.00000 -1.00000 0.00000
1628184960421284 -0.10776 0.99418 -0.00000 -24.44950 0.99418 0.10776 0.00000 68.48480 0.00000 0.00000 -1.00000 0.00000
1628184960671292 -0.07559 0.99714 0.00000 -23.57511 0.99714 0.07559 0.00000 69.27327 0.00000 0.00000 -1.00000 0.00000
1628184960921292 -0.04871 0.99881 -0.00000 -23.14056 0.99881 0.04871 0.00000 69.79294 0.00000 0.00000 -1.00000 0.00000
1628184961170669 -0.03747 0.99930 0.00000 -23.84557 0.99930 0.03747 0.00000 70.07308 0.00000 0.00000 -1.00000 0.00000
1628184961421299 -0.02139 0.99977 0.00000 -24.18540 0.99977 0.02139 0.00000 70.38136 0.00000 0.00000 -1.00000 0.00000
1628184961670682 -0.01293 0.99992 0.00000 -25.20046 0.99992 0.01293 0.00000 70.59738 0.00000 0.00000 -1.00000 0.00000
1628184961920682 0.00339 0.99999 0.00000 -25.66419 0.99999 -0.00339 0.00000 71.14347 0.00000 -0.00000 -1.00000 0.00000
1628184962170690 0.01225 0.99992 0.00000 -26.71711 0.99992 -0.01225 0.00000 71.27841 0.00000 -0.00000 -1.00000 0.00000
1628184962420694 0.01841 0.99983 0.00000 -28.07155 0.99983 -0.01841 0.00000 71.33907 0.00000 -0.00000 -1.00000 0.00000
1628184962670698 0.03322 0.99945 0.00000 -28.82842 0.99945 -0.03322 0.00000 71.62059 0.00000 -0.00000 -1.00000 0.00000
1628184962921333 0.05920 0.99825 0.00000 -28.69430 0.99825 -0.05920 0.00000 72.43364 0.00000 -0.00000 -1.00000 0.00000
1628184963171331 0.07420 0.99724 0.00000 -29.34573 0.99724 -0.07420 0.00000 72.85598 0.00000 -0.00000 -1.00000 0.00000
1628184963420710 0.09127 0.99583 -0.00000 -29.94360 0.99583 -0.09127 0.00000 73.23779 0.00000 -0.00000 -1.00000 0.00000
1628184963670717 0.11882 0.99292 0.00000 -29.70958 0.99292 -0.11882 0.00000 74.09045 0.00000 -0.00000 -1.00000 0.00000
1628184963920722 0.15970 0.98717 -0.00000 -28.33560 0.98717 -0.15970 0.00000 75.24894 0.00000 -0.00000 -1.00000 0.00000
1628184964170738 0.19391 0.98102 0.00000 -27.53366 0.98102 -0.19391 0.00000 76.13096 0.00000 -0.00000 -1.00000 0.00000
1628184964421358 0.20899 0.97792 0.00000 -28.10748 0.97792 -0.20899 0.00000 76.51700 0.00000 -0.00000 -1.00000 0.00000
1628184964670734 0.22157 0.97515 0.00000 -28.83372 0.97515 -0.22157 0.00000 76.68863 0.00000 -0.00000 -1.00000 0.00000
1628184964920742 0.21594 0.97641 0.00000 -31.12252 0.97641 -0.21594 0.00000 76.50708 0.00000 -0.00000 -1.00000 0.00000
1628184965171367 0.20436 0.97890 -0.00000 -33.77072 0.97890 -0.20436 0.00000 76.10261 0.00000 -0.00000 -1.00000 0.00000
1628184965420748 0.17132 0.98522 0.00000 -38.23702 0.98522 -0.17132 0.00000 74.89957 0.00000 -0.00000 -1.00000 0.00000
1628184965670763 0.15130 0.98849 -0.00000 -41.60107 0.98849 -0.15130 0.00000 74.11260 0.00000 -0.00000 -1.00000 0.00000
1628184965920753 0.12282 0.99243 0.00000 -45.52839 0.99243 -0.12282 0.00000 72.86142 0.00000 -0.00000 -1.00000 0.00000
1628184966170758 0.08589 0.99630 -0.00000 -50.18594 0.99630 -0.08589 0.00000 71.08392 0.00000 -0.00000 -1.00000 0.00000
1628184966420763 0.06116 0.99813 0.00000 -53.95316 0.99813 -0.06116 0.00000 69.78227 0.00000 -0.00000 -1.00000 0.00000
1628184966671391 0.04375 0.99904 0.00000 -57.25223 0.99904 -0.04375 0.00000 68.84505 0.00000 -0.00000 -1.00000 0.00000
1628184966921403 0.03717 0.99931 0.00000 -59.70840 0.99931 -0.03717 0.00000 68.41385 0.00000 -0.00000 -1.00000 0.00000
1628184967171403 0.03222 0.99948 0.00000 -62.08981 0.99948 -0.03222 0.00000 68.11628 0.00000 -0.00000 -1.00000 0.00000
1628184967420787 0.03106 0.99952 0.00000 -64.23795 0.99952 -0.03106 0.00000 67.98428 0.00000 -0.00000 -1.00000 0.00000
1628184967670787 0.03170 0.99950 0.00000 -66.27416 0.99950 -0.03170 0.00000 68.04357 0.00000 -0.00000 -1.00000 0.00000
1628184967921416 0.03426 0.99941 -0.00000 -68.09630 0.99941 -0.03426 0.00000 68.18053 0.00000 -0.00000 -1.00000 0.00000
1628184968171425 0.03904 0.99924 0.00000 -69.79951 0.99924 -0.03904 0.00000 68.45305 0.00000 -0.00000 -1.00000 0.00000
1628184968421427 0.03092 0.99952 0.00000 -72.33388 0.99952 -0.03092 0.00000 67.79123 0.00000 -0.00000 -1.00000 0.00000
1628184968671430 0.02783 0.99961 0.00000 -74.55062 0.99961 -0.02783 0.00000 67.57761 0.00000 -0.00000 -1.00000 0.00000
1628184968922065 0.04158 0.99914 0.00000 -75.44955 0.99914 -0.04158 0.00000 68.57719 0.00000 -0.00000 -1.00000 0.00000
1628184969171438 0.02938 0.99957 0.00000 -78.01225 0.99957 -0.02938 0.00000 67.58587 0.00000 -0.00000 -1.00000 0.00000
1628184969421447 0.01494 0.99989 0.00000 -80.83225 0.99989 -0.01494 0.00000 66.33646 0.00000 -0.00000 -1.00000 0.00000
