1636901260267179 1.00000 0.00000 0.00000 -0.00000 0.00000 -1.00000 0.00000 0.00000 0.00000 -0.00000 -1.00000 0.00000
1636901260516314 1.00000 0.00002 0.00000 -0.00197 0.00002 -1.00000 0.00000 0.00096 0.00000 -0.00000 -1.00000 0.00000
1636901260765567 1.00000 0.00010 0.00000 -0.00473 0.00010 -1.00000 0.00000 -0.00755 0.00000 -0.00000 -1.00000 -0.00000
1636901261014777 1.00000 -0.00004 0.00000 -0.00021 -0.00004 -1.00000 0.00000 -0.00719 -0.00000 -0.00000 -1.00000 -0.00000
1636901261263828 1.00000 0.00015 0.00000 0.00307 0.00015 -1.00000 0.00000 -0.00497 0.00000 -0.00000 -1.00000 -0.00000
1636901261513036 1.00000 -0.00017 0.00000 -0.00148 -0.00017 -1.00000 0.00000 -0.00765 -0.00000 -0.00000 -1.00000 -0.00000
1636901261761924 1.00000 -0.00010 0.00000 -0.00195 -0.00010 -1.00000 0.00000 -0.00194 -0.00000 -0.00000 -1.00000 -0.00000
1636901262010888 1.00000 0.00001 -0.00000 0.00011 0.00001 -1.00000 0.00000 -0.00249 0.00000 -0.00000 -1.00000 -0.00000
1636901262260001 1.00000 -0.00010 -0.00000 0.00135 -0.00010 -1.00000 0.00000 -0.00315 -0.00000 -0.00000 -1.00000 -0.00000
1636901262509040 1.00000 0.00005 0.00000 -0.00251 0.00005 -1.00000 0.00000 -0.00145 0.00000 -0.00000 -1.00000 -0.00000
1636901262757914 1.00000 0.00018 0.00000 -0.00621 0.00018 -1.00000 0.00000 -0.00136 0.00000 -0.00000 -1.00000 -0.00000
1636901263006934 1.00000 0.00040 0.00000 -0.00282 0.00040 -1.00000 0.00000 -0.00080 0.00000 -0.00000 -1.00000 -0.00000
1636901263256081 1.00000 0.00021 0.00000 -0.00013 0.00021 -1.00000 0.00000 -0.00649 0.00000 -0.00000 -1.00000 -0.00000
1636901263505249 1.00000 0.00015 0.00000 -0.01879 0.00015 -1.00000 0.00000 -0.00509 0.00000 -0.00000 -1.00000 -0.00000
1636901263754241 1.00000 -0.00015 -0.00000 -0.06189 -0.00015 -1.00000 0.00000 -0.00453 -0.00000 -0.00000 -1.00000 -0.00000
1636901264003118 1.00000 -0.00054 0.00000 -0.08190 -0.00054 -1.00000 0.00000 -0.00911 -0.00000 -0.00000 -1.00000 -0.00000
1636901264252185 1.00000 -0.00177 -0.00000 -0.12755 -0.00177 -1.00000 0.00000 -0.00367 -0.00000 -0.00000 -1.00000 -0.00000
1636901264501312 0.99999 -0.00394 0.00000 -0.17370 -0.00394 -0.99999 0.00000 0.00355 -0.00000 -0.00000 -1.00000 0.00000
1636901264750530 0.99998 -0.00669 0.00000 -0.26181 -0.00669 -0.99998 0.00000 0.01085 -0.00000 -0.00000 -1.00000 0.00000
1636901264999619 0.99994 -0.01097 0.00000 -0.29445 -0.01097 -0.99994 0.00000 -0.00834 -0.00000 -0.00000 -1.00000 -0.00000
1636901265248441 0.99989 -0.01511 0.00000 -0.34547 -0.01511 -0.99989 0.00000 -0.01789 -0.00000 -0.00000 -1.00000 -0.00000
1636901265497283 0.99982 -0.01914 0.00000 -0.48938 -0.01914 -0.99982 0.00000 0.00341 -0.00000 -0.00000 -1.00000 0.00000
1636901265746254 0.99968 -0.02544 -0.00000 -0.52847 -0.02544 -0.99968 0.00000 0.01158 -0.00000 -0.00000 -1.00000 0.00000
1636901265995170 0.99946 -0.03289 0.00000 -0.65468 -0.03289 -0.99946 0.00000 0.03256 -0.00000 -0.00000 -1.00000 0.00000
1636901266244390 0.99905 -0.04357 0.00000 -0.76159 -0.04357 -0.99905 0.00000 0.00791 -0.00000 -0.00000 -1.00000 0.00000
1636901266493268 0.99850 -0.05472 0.00000 -0.90668 -0.05472 -0.99850 0.00000 0.02372 -0.00000 -0.00000 -1.00000 0.00000
1636901266742335 0.99776 -0.06696 0.00000 -1.05594 -0.06696 -0.99776 0.00000 0.00906 -0.00000 -0.00000 -1.00000 0.00000
1636901266991398 0.99704 -0.07683 0.00000 -1.20450 -0.07683 -0.99704 0.00000 0.02021 -0.00000 -0.00000 -1.00000 0.00000
1636901267240473 0.99614 -0.08777 0.00000 -1.41676 -0.08777 -0.99614 0.00000 -0.01972 -0.00000 -0.00000 -1.00000 -0.00000
1636901267489434 0.99490 -0.10082 -0.00000 -1.62626 -0.10082 -0.99490 0.00000 -0.00635 -0.00000 -0.00000 -1.00000 -0.00000
1636901267738516 0.99323 -0.11620 -0.00000 -1.85255 -0.11620 -0.99323 0.00000 -0.01492 -0.00000 -0.00000 -1.00000 -0.00000
1636901267987499 0.99104 -0.13358 -0.00000 -2.10598 -0.13358 -0.99104 0.00000 0.00447 -0.00000 -0.00000 -1.00000 0.00000
1636901268236605 0.98822 -0.15305 0.00000 -2.42450 -0.15305 -0.98822 0.00000 0.04701 -0.00000 -0.00000 -1.00000 0.00000
1636901268485320 0.98503 -0.17241 0.00000 -2.74556 -0.17241 -0.98503 0.00000 0.09230 -0.00000 -0.00000 -1.00000 0.00000
1636901268734185 0.98122 -0.19287 0.00000 -3.10938 -0.19287 -0.98122 0.00000 0.15256 -0.00000 -0.00000 -1.00000 0.00000
1636901268983128 0.97717 -0.21247 0.00000 -3.56978 -0.21247 -0.97717 0.00000 0.17535 -0.00000 -0.00000 -1.00000 0.00000
1636901269232032 0.97416 -0.22586 0.00000 -4.03172 -0.22586 -0.97416 0.00000 0.19220 -0.00000 -0.00000 -1.00000 0.00000
1636901269480801 0.97189 -0.23543 0.00000 -4.62511 -0.23543 -0.97189 0.00000 0.22174 -0.00000 -0.00000 -1.00000 0.00000
1636901269729846 0.97012 -0.24262 0.00000 -5.18062 -0.24262 -0.97012 0.00000 0.27395 -0.00000 -0.00000 -1.00000 0.00000
1636901269978883 0.96899 -0.24709 0.00000 -5.83055 -0.24709 -0.96899 0.00000 0.25058 -0.00000 -0.00000 -1.00000 0.00000
1636901270228281 0.96937 -0.24560 0.00000 -6.56638 -0.24560 -0.96937 0.00000 0.26467 -0.00000 -0.00000 -1.00000 0.00000
1636901270477305 0.96949 -0.24514 0.00000 -7.27953 -0.24514 -0.96949 0.00000 0.18901 -0.00000 -0.00000 -1.00000 0.00000
1636901270726412 0.97013 -0.24257 0.00000 -8.05085 -0.24257 -0.97013 0.00000 0.18197 -0.00000 -0.00000 -1.00000 0.00000
1636901270975461 0.97155 -0.23684 -0.00000 -8.88974 -0.23684 -0.97155 0.00000 0.11207 -0.00000 -0.00000 -1.00000 0.00000
1636901271224569 0.97416 -0.22587 0.00000 -9.77158 -0.22587 -0.97416 0.00000 -0.03701 -0.00000 -0.00000 -1.00000 -0.00000
1636901271473705 0.97683 -0.21400 0.00000 -10.66843 -0.21400 -0.97683 0.00000 -0.15344 -0.00000 -0.00000 -1.00000 -0.00000
1636901271722584 0.98071 -0.19547 0.00000 -11.56078 -0.19547 -0.98071 0.00000 -0.31950 -0.00000 -0.00000 -1.00000 -0.00000
1636901271971425 0.98372 -0.17971 0.00000 -12.51389 -0.17971 -0.98372 0.00000 -0.57398 -0.00000 -0.00000 -1.00000 -0.00000
1636901272220726 0.98644 -0.16413 0.00000 -13.43239 -0.16413 -0.98644 0.00000 -0.79627 -0.00000 -0.00000 -1.00000 -0.00000
1636901272469712 0.98864 -0.15032 0.00000 -14.45145 -0.15032 -0.98864 0.00000 -1.02377 -0.00000 -0.00000 -1.00000 -0.00000
1636901272718673 0.98994 -0.14149 0.00000 -15.48591 -0.14149 -0.98994 0.00000 -1.19359 -0.00000 -0.00000 -1.00000 -0.00000
1636901272967473 0.99115 -0.13277 0.00000 -16.63179 -0.13277 -0.99115 0.00000 -1.27264 -0.00000 -0.00000 -1.00000 -0.00000
1636901273216332 0.99251 -0.12218 0.00000 -17.79010 -0.12218 -0.99251 0.00000 -1.46942 -0.00000 -0.00000 -1.00000 -0.00000
1636901273465449 0.99293 -0.11873 0.00000 -19.02463 -0.11873 -0.99293 0.00000 -1.52757 -0.00000 -0.00000 -1.00000 -0.00000
1636901273714803 0.99321 -0.11635 0.00000 -20.30350 -0.11635 -0.99321 0.00000 -1.63371 -0.00000 -0.00000 -1.00000 -0.00000
1636901273963867 0.99374 -0.11170 0.00000 -21.68386 -0.11170 -0.99374 0.00000 -1.73168 -0.00000 -0.00000 -1.00000 -0.00000
1636901274212822 0.99386 -0.11061 0.00000 -23.14822 -0.11061 -0.99386 0.00000 -1.74883 -0.00000 -0.00000 -1.00000 -0.00000
1636901274462105 0.99334 -0.11525 0.00000 -24.62381 -0.11525 -0.99334 0.00000 -1.73697 -0.00000 -0.00000 -1.00000 -0.00000
1636901274710987 0.99384 -0.11084 0.00000 -26.13965 -0.11084 -0.99384 0.00000 -1.83384 -0.00000 -0.00000 -1.00000 -0.00000
1636901274960210 0.99446 -0.10511 0.00000 -27.79155 -0.10511 -0.99446 0.00000 -2.08667 -0.00000 -0.00000 -1.00000 -0.00000
1636901275209728 0.99572 -0.09240 0.00000 -29.44090 -0.09240 -0.99572 0.00000 -2.51875 -0.00000 -0.00000 -1.00000 -0.00000
1636901275458740 0.99661 -0.08222 0.00000 -31.02217 -0.08222 -0.99661 0.00000 -2.82500 -0.00000 -0.00000 -1.00000 -0.00000
1636901275707665 0.99713 -0.07569 0.00000 -32.53025 -0.07569 -0.99713 0.00000 -3.04498 -0.00000 -0.00000 -1.00000 -0.00000
1636901275956681 0.99751 -0.07047 0.00000 -34.07304 -0.07047 -0.99751 0.00000 -3.24486 -0.00000 -0.00000 -1.00000 -0.00000
1636901276205882 0.99769 -0.06786 0.00000 -35.65143 -0.06786 -0.99769 0.00000 -3.36519 -0.00000 -0.00000 -1.00000 -0.00000
1636901276455091 0.99803 -0.06273 0.00000 -37.30447 -0.06273 -0.99803 0.00000 -3.61109 -0.00000 -0.00000 -1.00000 -0.00000
1636901276704308 0.99822 -0.05966 0.00000 -38.89837 -0.05966 -0.99822 0.00000 -3.81896 -0.00000 -0.00000 -1.00000 -0.00000
1636901276953685 0.99828 -0.05859 0.00000 -40.51063 -0.05859 -0.99828 0.00000 -3.81880 -0.00000 -0.00000 -1.00000 -0.00000
1636901277203169 0.99843 -0.05603 -0.00000 -42.15976 -0.05603 -0.99843 0.00000 -4.02524 -0.00000 -0.00000 -1.00000 -0.00000
1636901277452570 0.99885 -0.04789 0.00000 -43.78301 -0.04789 -0.99885 0.00000 -4.38176 -0.00000 -0.00000 -1.00000 -0.00000
1636901277701827 0.99919 -0.04019 0.00000 -45.43958 -0.04019 -0.99919 0.00000 -4.70445 -0.00000 -0.00000 -1.00000 -0.00000
1636901277951263 0.99915 -0.04121 0.00000 -47.20380 -0.04121 -0.99915 0.00000 -4.70777 -0.00000 -0.00000 -1.00000 -0.00000
1636901278200340 0.99921 -0.03964 0.00000 -48.86389 -0.03964 -0.99921 0.00000 -4.87693 -0.00000 -0.00000 -1.00000 -0.00000
1636901278449598 0.99917 -0.04081 0.00000 -50.67363 -0.04081 -0.99917 0.00000 -4.83260 -0.00000 -0.00000 -1.00000 -0.00000
1636901278698817 0.99926 -0.03852 0.00000 -52.48053 -0.03852 -0.99926 0.00000 -4.95983 -0.00000 -0.00000 -1.00000 -0.00000
1636901278948010 0.99922 -0.03943 0.00000 -54.32377 -0.03943 -0.99922 0.00000 -4.97609 -0.00000 -0.00000 -1.00000 -0.00000
1636901279197154 0.99924 -0.03910 0.00000 -56.17539 -0.03910 -0.99924 0.00000 -5.01448 -0.00000 -0.00000 -1.00000 -0.00000
1636901279446527 0.99920 -0.03996 -0.00000 -58.04956 -0.03996 -0.99920 0.00000 -5.06039 -0.00000 -0.00000 -1.00000 -0.00000
1636901279695763 0.99941 -0.03449 0.00000 -59.92088 -0.03449 -0.99941 0.00000 -5.38022 -0.00000 -0.00000 -1.00000 -0.00000
1636901279945046 0.99963 -0.02733 0.00000 -61.86294 -0.02733 -0.99963 0.00000 -5.86473 -0.00000 -0.00000 -1.00000 -0.00000
1636901280194156 0.99973 -0.02317 -0.00000 -63.76013 -0.02317 -0.99973 0.00000 -6.23198 -0.00000 -0.00000 -1.00000 -0.00000
1636901280443433 0.99983 -0.01863 0.00000 -65.63717 -0.01863 -0.99983 0.00000 -6.57669 -0.00000 -0.00000 -1.00000 -0.00000
1636901280692349 0.99992 -0.01285 0.00000 -67.52282 -0.01285 -0.99992 0.00000 -6.92261 -0.00000 -0.00000 -1.00000 -0.00000
1636901280941852 0.99993 -0.01177 -0.00000 -69.44387 -0.01177 -0.99993 0.00000 -7.01339 -0.00000 -0.00000 -1.00000 -0.00000
1636901281190680 0.99999 -0.00532 0.00000 -71.32540 -0.00532 -0.99999 0.00000 -7.49594 -0.00000 -0.00000 -1.00000 -0.00000
1636901281439851 1.00000 -0.00217 0.00000 -73.16395 -0.00217 -1.00000 0.00000 -7.75288 -0.00000 -0.00000 -1.00000 -0.00000
1636901281688879 1.00000 0.00099 0.00000 -75.03423 0.00099 -1.00000 0.00000 -8.00314 0.00000 -0.00000 -1.00000 -0.00000
1636901281937913 0.99998 0.00668 0.00000 -76.90727 0.00668 -0.99998 0.00000 -8.46146 0.00000 -0.00000 -1.00000 -0.00000
1636901282187313 1.00000 0.00301 0.00000 -78.87081 0.00301 -1.00000 0.00000 -8.16982 0.00000 -0.00000 -1.00000 -0.00000
1636901282436680 0.99999 -0.00346 0.00000 -80.83176 -0.00346 -0.99999 0.00000 -7.70855 -0.00000 -0.00000 -1.00000 -0.00000
1636901282685746 0.99981 -0.01943 0.00000 -82.87550 -0.01943 -0.99981 0.00000 -6.43138 -0.00000 -0.00000 -1.00000 -0.00000
1636901282934720 0.99876 -0.04970 0.00000 -84.93674 -0.04970 -0.99876 0.00000 -3.95020 -0.00000 -0.00000 -1.00000 -0.00000
1636901283184269 0.99661 -0.08227 0.00000 -86.92043 -0.08227 -0.99661 0.00000 -1.18625 -0.00000 -0.00000 -1.00000 -0.00000
1636901283433682 0.99348 -0.11396 0.00000 -88.84204 -0.11396 -0.99348 0.00000 1.56153 -0.00000 -0.00000 -1.00000 0.00000
1636901283682596 0.98901 -0.14786 0.00000 -90.63815 -0.14786 -0.98901 0.00000 4.54256 -0.00000 -0.00000 -1.00000 0.00000
1636901283932092 0.98181 -0.18984 -0.00000 -92.29261 -0.18984 -0.98181 0.00000 8.40187 -0.00000 -0.00000 -1.00000 0.00000
1636901284181608 0.97214 -0.23439 0.00000 -93.68340 -0.23439 -0.97214 0.00000 12.59014 -0.00000 -0.00000 -1.00000 0.00000
1636901284430521 0.95940 -0.28204 0.00000 -94.83787 -0.28204 -0.95940 0.00000 17.21454 -0.00000 -0.00000 -1.00000 0.00000
1636901284679740 0.94466 -0.32806 -0.00000 -95.70501 -0.32806 -0.94466 0.00000 21.74125 -0.00000 -0.00000 -1.00000 0.00000
1636901284929013 0.92819 -0.37210 0.00000 -96.46308 -0.37210 -0.92819 0.00000 26.17053 -0.00000 -0.00000 -1.00000 0.00000
1636901285177874 0.90718 -0.42074 -0.00000 -96.81497 -0.42074 -0.90718 0.00000 31.27607 -0.00000 -0.00000 -1.00000 0.00000
1636901285427159 0.88498 -0.46563 0.00000 -96.99194 -0.46563 -0.88498 0.00000 36.07821 -0.00000 -0.00000 -1.00000 0.00000
1636901285675919 0.85852 -0.51278 0.00000 -96.71475 -0.51278 -0.85852 0.00000 41.23359 -0.00000 -0.00000 -1.00000 0.00000
1636901285925335 0.83010 -0.55762 0.00000 -96.25457 -0.55762 -0.83010 0.00000 46.30774 -0.00000 -0.00000 -1.00000 0.00000
1636901286174815 0.79563 -0.60579 -0.00000 -95.23373 -0.60579 -0.79563 0.00000 51.99010 -0.00000 -0.00000 -1.00000 0.00000
1636901286424040 0.75420 -0.65665 0.00000 -93.43627 -0.65665 -0.75420 0.00000 58.12681 -0.00000 -0.00000 -1.00000 0.00000
1636901286673260 0.70330 -0.71089 0.00000 -90.60480 -0.71089 -0.70330 0.00000 64.88352 -0.00000 -0.00000 -1.00000 0.00000
1636901286922396 0.65037 -0.75962 0.00000 -87.48065 -0.75962 -0.65037 0.00000 71.15238 -0.00000 -0.00000 -1.00000 0.00000
1636901287171577 0.59446 -0.80413 0.00000 -83.92321 -0.80413 -0.59446 0.00000 77.19363 -0.00000 -0.00000 -1.00000 0.00000
1636901287420497 0.53850 -0.84263 0.00000 -80.22359 -0.84263 -0.53850 0.00000 82.74696 -0.00000 -0.00000 -1.00000 0.00000
1636901287669574 0.48119 -0.87662 -0.00000 -76.25795 -0.87662 -0.48119 0.00000 87.81074 -0.00000 -0.00000 -1.00000 0.00000
1636901287918672 0.43945 -0.89827 -0.00000 -73.79219 -0.89827 -0.43945 0.00000 91.23010 -0.00000 -0.00000 -1.00000 0.00000
1636901288167712 0.40578 -0.91397 0.00000 -72.07084 -0.91397 -0.40578 0.00000 93.85483 -0.00000 -0.00000 -1.00000 0.00000
1636901288416817 0.38196 -0.92418 -0.00000 -71.28973 -0.92418 -0.38196 0.00000 95.70816 -0.00000 -0.00000 -1.00000 0.00000
1636901288665636 0.35875 -0.93343 0.00000 -70.58342 -0.93343 -0.35875 0.00000 97.34931 -0.00000 -0.00000 -1.00000 0.00000
1636901288914724 0.34334 -0.93921 -0.00000 -70.65286 -0.93921 -0.34334 0.00000 98.58540 -0.00000 -0.00000 -1.00000 0.00000
1636901289163719 0.32795 -0.94469 0.00000 -70.68269 -0.94469 -0.32795 0.00000 99.63149 -0.00000 -0.00000 -1.00000 0.00000
1636901289412839 0.32032 -0.94731 0.00000 -71.58381 -0.94731 -0.32032 0.00000 100.20212 -0.00000 -0.00000 -1.00000 0.00000
1636901289661509 0.32074 -0.94717 -0.00000 -73.30086 -0.94717 -0.32074 0.00000 100.13091 -0.00000 -0.00000 -1.00000 0.00000
1636901289910763 0.32235 -0.94662 0.00000 -75.13620 -0.94662 -0.32235 0.00000 99.98419 -0.00000 -0.00000 -1.00000 0.00000
1636901290159869 0.32862 -0.94446 0.00000 -77.46979 -0.94446 -0.32862 0.00000 99.38668 -0.00000 -0.00000 -1.00000 0.00000
1636901290409041 0.33737 -0.94137 -0.00000 -80.10993 -0.94137 -0.33737 0.00000 98.63046 -0.00000 -0.00000 -1.00000 0.00000
1636901290658108 0.34634 -0.93811 0.00000 -82.68790 -0.93811 -0.34634 0.00000 97.74691 -0.00000 -0.00000 -1.00000 0.00000
1636901290907392 0.35846 -0.93355 0.00000 -85.61540 -0.93355 -0.35846 0.00000 96.66869 -0.00000 -0.00000 -1.00000 0.00000
1636901291156831 0.37180 -0.92831 0.00000 -88.64368 -0.92831 -0.37180 0.00000 95.42896 -0.00000 -0.00000 -1.00000 0.00000
1636901291405805 0.38527 -0.92280 0.00000 -91.61126 -0.92280 -0.38527 0.00000 94.15002 -0.00000 -0.00000 -1.00000 0.00000
1636901291655023 0.39699 -0.91782 -0.00000 -94.29236 -0.91782 -0.39699 0.00000 92.91234 -0.00000 -0.00000 -1.00000 0.00000
1636901291904499 0.41406 -0.91025 -0.00000 -97.37875 -0.91025 -0.41406 0.00000 91.14669 -0.00000 -0.00000 -1.00000 0.00000
1636901292153506 0.42588 -0.90478 0.00000 -99.73876 -0.90478 -0.42588 0.00000 89.85967 -0.00000 -0.00000 -1.00000 0.00000
1636901292402719 0.43843 -0.89877 -0.00000 -102.03587 -0.89877 -0.43843 0.00000 88.43589 -0.00000 -0.00000 -1.00000 0.00000
1636901292652120 0.44779 -0.89414 0.00000 -103.84990 -0.89414 -0.44779 0.00000 87.37975 -0.00000 -0.00000 -1.00000 0.00000
1636901292901460 0.45901 -0.88843 0.00000 -105.64175 -0.88843 -0.45901 0.00000 86.01499 -0.00000 -0.00000 -1.00000 0.00000
1636901293151052 0.46443 -0.88561 0.00000 -106.78157 -0.88561 -0.46443 0.00000 85.40633 -0.00000 -0.00000 -1.00000 0.00000
1636901293400671 0.46904 -0.88318 0.00000 -107.68339 -0.88318 -0.46904 0.00000 84.80674 -0.00000 -0.00000 -1.00000 0.00000
1636901293649559 0.47481 -0.88009 0.00000 -108.65942 -0.88009 -0.47481 0.00000 84.13150 -0.00000 -0.00000 -1.00000 0.00000
1636901293898349 0.47943 -0.87758 0.00000 -109.59813 -0.87758 -0.47943 0.00000 83.59418 -0.00000 -0.00000 -1.00000 0.00000
1636901294147519 0.48287 -0.87569 0.00000 -110.39497 -0.87569 -0.48287 0.00000 83.10458 -0.00000 -0.00000 -1.00000 0.00000
1636901294396548 0.48580 -0.87407 0.00000 -111.07872 -0.87407 -0.48580 0.00000 82.75711 -0.00000 -0.00000 -1.00000 0.00000
1636901294645571 0.48534 -0.87433 0.00000 -111.55135 -0.87433 -0.48534 0.00000 82.82363 -0.00000 -0.00000 -1.00000 0.00000
1636901294894849 0.48943 -0.87204 0.00000 -112.55465 -0.87204 -0.48943 0.00000 82.29877 -0.00000 -0.00000 -1.00000 0.00000
1636901295143814 0.49146 -0.87090 0.00000 -113.45709 -0.87090 -0.49146 0.00000 82.05062 -0.00000 -0.00000 -1.00000 0.00000
1636901295392800 0.49299 -0.87004 0.00000 -114.46717 -0.87004 -0.49299 0.00000 81.81170 -0.00000 -0.00000 -1.00000 0.00000
1636901295641577 0.49393 -0.86950 0.00000 -115.43384 -0.86950 -0.49393 0.00000 81.62994 -0.00000 -0.00000 -1.00000 0.00000
1636901295890748 0.49498 -0.86890 0.00000 -116.53503 -0.86890 -0.49498 0.00000 81.45355 -0.00000 -0.00000 -1.00000 0.00000
1636901296139826 0.49811 -0.86711 0.00000 -117.87989 -0.86711 -0.49811 0.00000 81.02247 -0.00000 -0.00000 -1.00000 0.00000
1636901296388577 0.50052 -0.86572 -0.00000 -119.19091 -0.86572 -0.50052 0.00000 80.69437 -0.00000 -0.00000 -1.00000 0.00000
1636901296637355 0.50328 -0.86412 -0.00000 -120.70703 -0.86412 -0.50328 0.00000 80.25745 -0.00000 -0.00000 -1.00000 0.00000
1636901296886725 0.50828 -0.86119 0.00000 -122.44189 -0.86119 -0.50828 0.00000 79.53183 -0.00000 -0.00000 -1.00000 0.00000
1636901297135605 0.51677 -0.85613 0.00000 -124.55041 -0.85613 -0.51677 0.00000 78.24843 -0.00000 -0.00000 -1.00000 0.00000
1636901297384476 0.52697 -0.84988 -0.00000 -126.79043 -0.84988 -0.52697 0.00000 76.73884 -0.00000 -0.00000 -1.00000 0.00000
1636901297633517 0.54311 -0.83966 0.00000 -129.56713 -0.83966 -0.54311 0.00000 74.30860 -0.00000 -0.00000 -1.00000 0.00000
1636901297882249 0.56260 -0.82673 -0.00000 -132.66887 -0.82673 -0.56260 0.00000 71.21355 -0.00000 -0.00000 -1.00000 0.00000
1636901298131670 0.58898 -0.80815 0.00000 -136.26806 -0.80815 -0.58898 0.00000 66.88159 -0.00000 -0.00000 -1.00000 0.00000
1636901298380340 0.62059 -0.78413 0.00000 -140.21013 -0.78413 -0.62059 0.00000 61.37825 -0.00000 -0.00000 -1.00000 0.00000
1636901298629177 0.65810 -0.75293 0.00000 -144.34507 -0.75293 -0.65810 0.00000 54.45783 -0.00000 -0.00000 -1.00000 0.00000
1636901298878125 0.69320 -0.72074 0.00000 -148.20474 -0.72074 -0.69320 0.00000 47.51172 -0.00000 -0.00000 -1.00000 0.00000
1636901299127175 0.73664 -0.67629 0.00000 -152.11276 -0.67629 -0.73664 0.00000 38.23297 -0.00000 -0.00000 -1.00000 0.00000
1636901299376038 0.79054 -0.61242 0.00000 -156.05775 -0.61242 -0.79054 0.00000 25.29884 -0.00000 -0.00000 -1.00000 0.00000
1636901299625057 0.84576 -0.53357 0.00000 -159.04324 -0.53357 -0.84576 0.00000 10.20196 -0.00000 -0.00000 -1.00000 0.00000
1636901299873907 0.89631 -0.44342 0.00000 -160.32896 -0.44342 -0.89631 0.00000 -6.24718 -0.00000 -0.00000 -1.00000 -0.00000
1636901300123070 0.94245 -0.33435 -0.00000 -159.62625 -0.33435 -0.94245 0.00000 -25.22675 -0.00000 -0.00000 -1.00000 -0.00000
1636901300372322 0.97821 -0.20763 -0.00000 -155.98749 -0.20763 -0.97821 0.00000 -45.93439 -0.00000 -0.00000 -1.00000 -0.00000
1636901300621404 0.99776 -0.06691 0.00000 -148.87059 -0.06691 -0.99776 0.00000 -67.56133 -0.00000 -0.00000 -1.00000 -0.00000
1636901300870428 0.99675 0.08057 0.00000 -138.39283 0.08057 -0.99675 0.00000 -88.67247 0.00000 -0.00000 -1.00000 -0.00000
1636901301119704 0.97189 0.23542 0.00000 -123.80122 0.23542 -0.97189 0.00000 -109.25543 0.00000 -0.00000 -1.00000 -0.00000
1636901301368895 0.92021 0.39144 0.00000 -105.20717 0.39144 -0.92021 0.00000 -128.02811 0.00000 -0.00000 -1.00000 -0.00000
1636901301617602 0.84073 0.54146 0.00000 -82.98348 0.54146 -0.84073 0.00000 -143.93162 0.00000 -0.00000 -1.00000 -0.00000
1636901301866647 0.73325 0.67996 0.00000 -57.46890 0.67996 -0.73325 0.00000 -156.25043 0.00000 -0.00000 -1.00000 -0.00000
1636901302115739 0.60183 0.79862 -0.00000 -29.99893 0.79862 -0.60183 0.00000 -163.86463 0.00000 -0.00000 -1.00000 -0.00000
1636901302364887 0.44939 0.89334 0.00000 -1.11382 0.89334 -0.44939 0.00000 -166.52501 0.00000 -0.00000 -1.00000 -0.00000
1636901302613934 0.28711 0.95790 -0.00000 26.97892 0.95790 -0.28711 0.00000 -164.20598 0.00000 -0.00000 -1.00000 -0.00000
1636901302863173 0.11159 0.99375 0.00000 54.95706 0.99375 -0.11159 0.00000 -156.75126 0.00000 -0.00000 -1.00000 -0.00000
1636901303112147 -0.06772 0.99770 0.00000 81.12831 0.99770 0.06772 0.00000 -144.39839 0.00000 0.00000 -1.00000 -0.00000
1636901303361249 -0.24428 0.96970 0.00000 104.62036 0.96970 0.24428 0.00000 -127.57889 0.00000 0.00000 -1.00000 -0.00000
1636901303610364 -0.40694 0.91345 0.00000 124.00992 0.91345 0.40694 0.00000 -107.74496 0.00000 0.00000 -1.00000 -0.00000
1636901303859426 -0.54834 0.83626 0.00000 138.66208 0.83626 0.54834 0.00000 -86.46714 0.00000 0.00000 -1.00000 -0.00000
1636901304108608 -0.66790 0.74425 -0.00000 149.12811 0.74425 0.66790 0.00000 -64.53821 0.00000 0.00000 -1.00000 -0.00000
1636901304357722 -0.76306 0.64632 0.00000 155.52002 0.64632 0.76306 0.00000 -43.71802 0.00000 0.00000 -1.00000 -0.00000
1636901304607397 -0.83618 0.54845 -0.00000 158.62396 0.54845 0.83618 0.00000 -24.33212 0.00000 0.00000 -1.00000 -0.00000
1636901304856497 -0.88535 0.46492 0.00000 159.16565 0.46492 0.88535 0.00000 -8.90463 0.00000 0.00000 -1.00000 -0.00000
1636901305105442 -0.91923 0.39372 0.00000 158.32025 0.39372 0.91923 0.00000 3.64646 0.00000 0.00000 -1.00000 0.00000
1636901305354702 -0.93804 0.34651 0.00000 156.83032 0.34651 0.93804 0.00000 11.78075 0.00000 0.00000 -1.00000 0.00000
1636901305603528 -0.94855 0.31661 -0.00000 155.25730 0.31661 0.94855 0.00000 16.69308 0.00000 0.00000 -1.00000 0.00000
1636901305852204 -0.95578 0.29408 0.00000 153.65202 0.29408 0.95578 0.00000 20.35976 0.00000 0.00000 -1.00000 0.00000
1636901306101445 -0.95635 0.29224 0.00000 152.39264 0.29224 0.95635 0.00000 20.73136 0.00000 0.00000 -1.00000 0.00000
1636901306350692 -0.94932 0.31430 0.00000 151.61865 0.31430 0.94932 0.00000 17.15947 0.00000 0.00000 -1.00000 0.00000
1636901306599920 -0.93346 0.35869 0.00000 151.01443 0.35869 0.93346 0.00000 9.97182 0.00000 0.00000 -1.00000 0.00000
1636901306848733 -0.91317 0.40758 0.00000 150.05407 0.40758 0.91317 0.00000 1.99946 0.00000 0.00000 -1.00000 0.00000
1636901307097965 -0.88543 0.46478 -0.00000 148.62509 0.46478 0.88543 0.00000 -7.53336 0.00000 0.00000 -1.00000 -0.00000
1636901307346982 -0.85470 0.51912 0.00000 146.48058 0.51912 0.85470 0.00000 -16.81587 0.00000 0.00000 -1.00000 -0.00000
1636901307596025 -0.82077 0.57127 0.00000 143.66687 0.57127 0.82077 0.00000 -25.91507 0.00000 0.00000 -1.00000 -0.00000
1636901307845180 -0.78213 0.62312 0.00000 140.15954 0.62312 0.78213 0.00000 -35.18235 0.00000 0.00000 -1.00000 -0.00000
1636901308093965 -0.74064 0.67190 0.00000 136.09630 0.67190 0.74064 0.00000 -44.11831 0.00000 0.00000 -1.00000 -0.00000
1636901308343203 -0.69920 0.71493 0.00000 131.61144 0.71493 0.69920 0.00000 -52.20787 0.00000 0.00000 -1.00000 -0.00000
1636901308591871 -0.65905 0.75210 -0.00000 126.93394 0.75210 0.65905 0.00000 -59.38043 0.00000 0.00000 -1.00000 -0.00000
1636901308841360 -0.62053 0.78418 0.00000 122.16022 0.78418 0.62053 0.00000 -65.73020 0.00000 0.00000 -1.00000 -0.00000
1636901309090329 -0.58862 0.80841 0.00000 117.74693 0.80841 0.58862 0.00000 -70.59017 0.00000 0.00000 -1.00000 -0.00000
1636901309339257 -0.56249 0.82681 -0.00000 113.73407 0.82681 0.56249 0.00000 -74.29836 0.00000 0.00000 -1.00000 -0.00000
1636901309588424 -0.53846 0.84265 -0.00000 109.84480 0.84265 0.53846 0.00000 -77.56644 0.00000 0.00000 -1.00000 -0.00000
1636901309837266 -0.51260 0.85863 0.00000 105.69367 0.85863 0.51260 0.00000 -80.89694 0.00000 0.00000 -1.00000 -0.00000
1636901310086534 -0.48679 0.87352 0.00000 101.54648 0.87352 0.48679 0.00000 -84.01354 0.00000 0.00000 -1.00000 -0.00000
1636901310335663 -0.46322 0.88624 -0.00000 97.60886 0.88624 0.46322 0.00000 -86.74767 0.00000 0.00000 -1.00000 -0.00000
1636901310584418 -0.44327 0.89639 0.00000 93.98734 0.89639 0.44327 0.00000 -88.90707 0.00000 0.00000 -1.00000 -0.00000
1636901310833206 -0.42618 0.90464 -0.00000 90.57373 0.90464 0.42618 0.00000 -90.76841 0.00000 0.00000 -1.00000 -0.00000
1636901311082524 -0.40250 0.91542 0.00000 86.54669 0.91542 0.40250 0.00000 -93.05837 0.00000 0.00000 -1.00000 -0.00000
1636901311331624 -0.37864 0.92554 0.00000 82.41513 0.92554 0.37864 0.00000 -95.26737 0.00000 0.00000 -1.00000 -0.00000
1636901311580562 -0.35289 0.93567 0.00000 78.02582 0.93567 0.35289 0.00000 -97.62887 0.00000 0.00000 -1.00000 -0.00000
1636901311829627 -0.33185 0.94333 -0.00000 74.07242 0.94333 0.33185 0.00000 -99.27888 0.00000 0.00000 -1.00000 -0.00000
1636901312078493 -0.31547 0.94893 0.00000 70.58986 0.94893 0.31547 0.00000 -100.55906 0.00000 0.00000 -1.00000 -0.00000
1636901312327234 -0.30734 0.95160 -0.00000 67.96391 0.95160 0.30734 0.00000 -101.17835 0.00000 0.00000 -1.00000 -0.00000
1636901312576164 -0.30941 0.95093 0.00000 66.42182 0.95093 0.30941 0.00000 -101.03101 0.00000 0.00000 -1.00000 -0.00000
1636901312825156 -0.32151 0.94690 0.00000 65.92582 0.94690 0.32151 0.00000 -100.24586 0.00000 0.00000 -1.00000 -0.00000
1636901313074156 -0.34400 0.93897 0.00000 66.50399 0.93897 0.34400 0.00000 -98.62417 0.00000 0.00000 -1.00000 -0.00000
1636901313323055 -0.38028 0.92487 0.00000 68.51984 0.92487 0.38028 0.00000 -96.08798 0.00000 0.00000 -1.00000 -0.00000
1636901313572103 -0.42213 0.90654 0.00000 71.02481 0.90654 0.42213 0.00000 -92.90369 0.00000 0.00000 -1.00000 -0.00000
1636901313821193 -0.46961 0.88288 0.00000 74.07272 0.88288 0.46961 0.00000 -89.12617 0.00000 0.00000 -1.00000 -0.00000
1636901314070342 -0.51623 0.85645 0.00000 76.87947 0.85645 0.51623 0.00000 -84.98021 0.00000 0.00000 -1.00000 -0.00000
1636901314319402 -0.56752 0.82336 0.00000 80.12899 0.82336 0.56752 0.00000 -80.22352 0.00000 0.00000 -1.00000 -0.00000
1636901314568134 -0.62094 0.78386 0.00000 83.46171 0.78386 0.62094 0.00000 -74.77902 0.00000 0.00000 -1.00000 -0.00000
1636901314817416 -0.67075 0.74168 0.00000 86.28929 0.74168 0.67075 0.00000 -69.22108 0.00000 0.00000 -1.00000 -0.00000
1636901315066343 -0.71827 0.69576 -0.00000 88.86133 0.69576 0.71827 0.00000 -63.45564 0.00000 0.00000 -1.00000 -0.00000
1636901315315351 -0.76083 0.64895 0.00000 90.86696 0.64895 0.76083 0.00000 -57.76424 0.00000 0.00000 -1.00000 -0.00000
1636901315564462 -0.80026 0.59965 0.00000 92.50710 0.59965 0.80026 0.00000 -51.92086 0.00000 0.00000 -1.00000 -0.00000
1636901315813676 -0.83578 0.54907 -0.00000 93.66834 0.54907 0.83578 0.00000 -46.14129 0.00000 0.00000 -1.00000 -0.00000
1636901316062583 -0.86854 0.49562 0.00000 94.56867 0.49562 0.86854 0.00000 -40.28456 0.00000 0.00000 -1.00000 -0.00000
1636901316311748 -0.89600 0.44406 0.00000 94.84926 0.44406 0.89600 0.00000 -34.65055 0.00000 0.00000 -1.00000 -0.00000
1636901316560723 -0.92086 0.38988 0.00000 94.93345 0.38988 0.92086 0.00000 -29.00305 0.00000 0.00000 -1.00000 -0.00000
1636901316809520 -0.94219 0.33508 0.00000 94.53391 0.33508 0.94219 0.00000 -23.45040 0.00000 0.00000 -1.00000 -0.00000
1636901317058758 -0.95994 0.28021 0.00000 93.85381 0.28021 0.95994 0.00000 -17.95404 0.00000 0.00000 -1.00000 -0.00000
1636901317307787 -0.97356 0.22844 0.00000 92.74507 0.22844 0.97356 0.00000 -12.91474 0.00000 0.00000 -1.00000 -0.00000
1636901317556793 -0.98464 0.17458 0.00000 91.40360 0.17458 0.98464 0.00000 -7.92356 0.00000 0.00000 -1.00000 -0.00000
1636901317806307 -0.99167 0.12878 0.00000 89.65870 0.12878 0.99167 0.00000 -3.65028 0.00000 0.00000 -1.00000 -0.00000
1636901318055489 -0.99549 0.09487 0.00000 87.73854 0.09487 0.99549 0.00000 -0.62300 0.00000 0.00000 -1.00000 -0.00000
1636901318304634 -0.99769 0.06787 0.00000 85.74711 0.06787 0.99769 0.00000 1.75933 0.00000 0.00000 -1.00000 0.00000
1636901318553522 -0.99877 0.04963 0.00000 83.70504 0.04963 0.99877 0.00000 3.31602 0.00000 0.00000 -1.00000 0.00000
1636901318802866 -0.99934 0.03626 0.00000 81.64853 0.03626 0.99934 0.00000 4.37166 0.00000 0.00000 -1.00000 0.00000
1636901319052078 -0.99962 0.02757 -0.00000 79.59665 0.02757 0.99962 0.00000 5.01492 0.00000 0.00000 -1.00000 0.00000
1636901319301048 -0.99979 0.02048 0.00000 77.49620 0.02048 0.99979 0.00000 5.55580 0.00000 0.00000 -1.00000 0.00000
1636901319549987 -0.99985 0.01712 0.00000 75.41900 0.01712 0.99985 0.00000 5.77122 0.00000 0.00000 -1.00000 0.00000
1636901319799211 -0.99994 0.01085 0.00000 73.28990 0.01085 0.99994 0.00000 6.19988 0.00000 0.00000 -1.00000 0.00000
1636901320048084 -0.99999 0.00418 0.00000 71.19835 0.00418 0.99999 0.00000 6.70674 0.00000 0.00000 -1.00000 0.00000
1636901320297342 -1.00000 0.00271 0.00000 69.08013 0.00271 1.00000 0.00000 6.72903 0.00000 0.00000 -1.00000 0.00000
1636901320546386 -1.00000 -0.00177 0.00000 66.90729 -0.00177 1.00000 0.00000 7.05771 -0.00000 0.00000 -1.00000 0.00000
1636901320795336 -0.99997 -0.00800 0.00000 64.76751 -0.00800 0.99997 0.00000 7.37591 -0.00000 0.00000 -1.00000 0.00000
1636901321044083 -0.99984 -0.01765 0.00000 62.57594 -0.01765 0.99984 0.00000 7.94539 -0.00000 0.00000 -1.00000 0.00000
1636901321293229 -0.99958 -0.02901 0.00000 60.41550 -0.02901 0.99958 0.00000 8.56848 -0.00000 0.00000 -1.00000 0.00000
1636901321542687 -0.99952 -0.03082 0.00000 58.29865 -0.03082 0.99952 0.00000 8.58842 -0.00000 0.00000 -1.00000 0.00000
1636901321791968 -0.99966 -0.02592 0.00000 56.26519 -0.02592 0.99966 0.00000 8.35104 -0.00000 0.00000 -1.00000 0.00000
1636901322041045 -0.99983 -0.01828 0.00000 54.26420 -0.01828 0.99983 0.00000 7.81243 -0.00000 0.00000 -1.00000 0.00000
1636901322290601 -0.99992 -0.01231 0.00000 52.27699 -0.01231 0.99992 0.00000 7.48539 -0.00000 0.00000 -1.00000 0.00000
1636901322539911 -1.00000 -0.00184 0.00000 50.33450 -0.00184 1.00000 0.00000 6.91444 -0.00000 0.00000 -1.00000 0.00000
1636901322789171 -0.99999 0.00415 -0.00000 48.36230 0.00415 0.99999 0.00000 6.61017 0.00000 0.00000 -1.00000 0.00000
1636901323038557 -0.99994 0.01130 0.00000 46.41474 0.01130 0.99994 0.00000 6.25210 0.00000 0.00000 -1.00000 0.00000
1636901323287800 -0.99978 0.02089 0.00000 44.48363 0.02089 0.99978 0.00000 5.81778 0.00000 0.00000 -1.00000 0.00000
1636901323536879 -0.99946 0.03294 0.00000 42.56041 0.03294 0.99946 0.00000 5.30241 0.00000 0.00000 -1.00000 0.00000
1636901323785401 -0.99889 0.04711 0.00000 40.59937 0.04711 0.99889 0.00000 4.61343 0.00000 0.00000 -1.00000 0.00000
1636901324034163 -0.99806 0.06229 0.00000 38.66145 0.06229 0.99806 0.00000 3.90987 0.00000 0.00000 -1.00000 0.00000
1636901324283828 -0.99721 0.07465 0.00000 36.66813 0.07465 0.99721 0.00000 3.41983 0.00000 0.00000 -1.00000 0.00000
1636901324533086 -0.99630 0.08594 0.00000 34.64130 0.08594 0.99630 0.00000 2.91163 0.00000 0.00000 -1.00000 0.00000
1636901324782166 -0.99515 0.09839 0.00000 32.69687 0.09839 0.99515 0.00000 2.44860 0.00000 0.00000 -1.00000 0.00000
1636901325031137 -0.99384 0.11079 0.00000 30.68861 0.11079 0.99384 0.00000 2.03361 0.00000 0.00000 -1.00000 0.00000
1636901325280144 -0.99314 0.11691 0.00000 28.64695 0.11691 0.99314 0.00000 1.79047 0.00000 0.00000 -1.00000 0.00000
1636901325528959 -0.99222 0.12447 0.00000 26.59019 0.12447 0.99222 0.00000 1.58643 0.00000 0.00000 -1.00000 0.00000
1636901325777618 -0.99113 0.13293 -0.00000 24.54919 0.13293 0.99113 0.00000 1.29618 0.00000 0.00000 -1.00000 0.00000
1636901326026859 -0.99012 0.14020 0.00000 22.49158 0.14020 0.99012 0.00000 1.12250 0.00000 0.00000 -1.00000 0.00000
1636901326275854 -0.98934 0.14563 0.00000 20.44782 0.14563 0.98934 0.00000 0.95364 0.00000 0.00000 -1.00000 0.00000
1636901326525121 -0.98869 0.15000 -0.00000 18.38668 0.15000 0.98869 0.00000 0.86406 0.00000 0.00000 -1.00000 0.00000
1636901326774282 -0.98855 0.15087 -0.00000 16.27745 0.15087 0.98855 0.00000 0.77684 0.00000 0.00000 -1.00000 0.00000
1636901327023675 -0.98836 0.15214 0.00000 14.24497 0.15214 0.98836 0.00000 0.77193 0.00000 0.00000 -1.00000 0.00000
1636901327272773 -0.98827 0.15270 0.00000 12.21922 0.15270 0.98827 0.00000 0.76654 0.00000 0.00000 -1.00000 0.00000
1636901327522208 -0.98813 0.15363 0.00000 10.21629 0.15363 0.98813 0.00000 0.75803 0.00000 0.00000 -1.00000 0.00000
1636901327771341 -0.98875 0.14956 0.00000 8.26659 0.14956 0.98875 0.00000 0.71886 0.00000 0.00000 -1.00000 0.00000
1636901328020729 -0.98955 0.14417 0.00000 6.41222 0.14417 0.98955 0.00000 0.76380 0.00000 0.00000 -1.00000 0.00000
1636901328270128 -0.99113 0.13289 0.00000 4.64514 0.13289 0.99113 0.00000 0.86801 0.00000 0.00000 -1.00000 0.00000
1636901328519366 -0.99212 0.12527 0.00000 2.99917 0.12527 0.99212 0.00000 0.80612 0.00000 0.00000 -1.00000 0.00000
1636901328768434 -0.99262 0.12124 0.00000 1.37809 0.12124 0.99262 0.00000 0.78479 0.00000 0.00000 -1.00000 0.00000
1636901329017992 -0.99328 0.11573 0.00000 -0.05483 0.11573 0.99328 0.00000 0.77603 0.00000 0.00000 -1.00000 0.00000
1636901329267349 -0.99329 0.11568 0.00000 -1.40797 0.11568 0.99329 0.00000 0.70175 0.00000 0.00000 -1.00000 0.00000
1636901329516669 -0.99350 0.11384 0.00000 -2.64806 0.11384 0.99350 0.00000 0.67538 0.00000 0.00000 -1.00000 0.00000
1636901329765575 -0.99348 0.11398 0.00000 -3.76429 0.11398 0.99348 0.00000 0.63935 0.00000 0.00000 -1.00000 0.00000
1636901330014794 -0.99393 0.11006 0.00000 -4.76164 0.11006 0.99393 0.00000 0.66695 0.00000 0.00000 -1.00000 0.00000
1636901330263799 -0.99394 0.10996 -0.00000 -5.66823 0.10996 0.99394 0.00000 0.53236 0.00000 0.00000 -1.00000 0.00000
1636901330512765 -0.99435 0.10613 0.00000 -6.54793 0.10613 0.99435 0.00000 0.54128 0.00000 0.00000 -1.00000 0.00000
1636901330761660 -0.99485 0.10138 0.00000 -7.34706 0.10138 0.99485 0.00000 0.46629 0.00000 0.00000 -1.00000 0.00000
1636901331010592 -0.99538 0.09599 -0.00000 -8.06640 0.09599 0.99538 0.00000 0.41488 0.00000 0.00000 -1.00000 0.00000
1636901331259721 -0.99551 0.09460 0.00000 -8.70504 0.09460 0.99551 0.00000 0.38622 0.00000 0.00000 -1.00000 0.00000
1636901331508969 -0.99628 0.08615 0.00000 -9.21988 0.08615 0.99628 0.00000 0.27841 0.00000 0.00000 -1.00000 0.00000
1636901331758229 -0.99652 0.08340 0.00000 -9.60102 0.08340 0.99652 0.00000 0.24231 0.00000 0.00000 -1.00000 0.00000
1636901332007391 -0.99657 0.08281 0.00000 -9.90198 0.08281 0.99657 0.00000 0.23238 0.00000 0.00000 -1.00000 0.00000
1636901332256656 -0.99668 0.08143 -0.00000 -10.13331 0.08143 0.99668 0.00000 0.23931 0.00000 0.00000 -1.00000 0.00000
1636901332505561 -0.99680 0.07988 0.00000 -10.38867 0.07988 0.99680 0.00000 0.21300 0.00000 0.00000 -1.00000 0.00000
1636901332754519 -0.99692 0.07841 0.00000 -10.68937 0.07841 0.99692 0.00000 0.22876 0.00000 0.00000 -1.00000 0.00000
1636901333003551 -0.99696 0.07791 0.00000 -11.00436 0.07791 0.99696 0.00000 0.24763 0.00000 0.00000 -1.00000 0.00000
1636901333252393 -0.99720 0.07479 -0.00000 -11.38840 0.07479 0.99720 0.00000 0.16351 0.00000 0.00000 -1.00000 0.00000
1636901333501027 -0.99719 0.07494 0.00000 -11.88411 0.07494 0.99719 0.00000 0.18630 0.00000 0.00000 -1.00000 0.00000
1636901333749726 -0.99738 0.07234 0.00000 -12.54462 0.07234 0.99738 0.00000 0.05681 0.00000 0.00000 -1.00000 0.00000
1636901333998986 -0.99753 0.07028 0.00000 -13.35616 0.07028 0.99753 0.00000 0.05556 0.00000 0.00000 -1.00000 0.00000
1636901334247837 -0.99765 0.06856 0.00000 -14.29420 0.06856 0.99765 0.00000 0.02162 0.00000 0.00000 -1.00000 0.00000
1636901334496989 -0.99783 0.06588 0.00000 -15.30699 0.06588 0.99783 0.00000 -0.03953 0.00000 0.00000 -1.00000 -0.00000
1636901334745969 -0.99791 0.06461 0.00000 -16.40710 0.06461 0.99791 0.00000 -0.05245 0.00000 0.00000 -1.00000 -0.00000
1636901334994810 -0.99796 0.06383 0.00000 -17.63355 0.06383 0.99796 0.00000 -0.10456 0.00000 0.00000 -1.00000 -0.00000
1636901335243769 -0.99798 0.06345 0.00000 -18.91616 0.06345 0.99798 0.00000 -0.18784 0.00000 0.00000 -1.00000 -0.00000
1636901335492691 -0.99795 0.06406 0.00000 -20.21333 0.06406 0.99795 0.00000 -0.19119 0.00000 0.00000 -1.00000 -0.00000
1636901335741561 -0.99804 0.06251 0.00000 -21.72016 0.06251 0.99804 0.00000 -0.23727 0.00000 0.00000 -1.00000 -0.00000
1636901335990622 -0.99829 0.05846 0.00000 -23.20702 0.05846 0.99829 0.00000 -0.34919 0.00000 0.00000 -1.00000 -0.00000
1636901336239612 -0.99852 0.05441 0.00000 -24.82577 0.05441 0.99852 0.00000 -0.44257 0.00000 0.00000 -1.00000 -0.00000
1636901336488610 -0.99870 0.05100 0.00000 -26.53006 0.05100 0.99870 0.00000 -0.53531 0.00000 0.00000 -1.00000 -0.00000
1636901336737401 -0.99878 0.04931 0.00000 -28.17574 0.04931 0.99878 0.00000 -0.61075 0.00000 0.00000 -1.00000 -0.00000
1636901336986414 -0.99901 0.04459 0.00000 -29.92230 0.04459 0.99901 0.00000 -0.68818 0.00000 0.00000 -1.00000 -0.00000
1636901337235728 -0.99897 0.04547 -0.00000 -31.71815 0.04547 0.99897 0.00000 -0.71470 0.00000 0.00000 -1.00000 -0.00000
1636901337484647 -0.99919 0.04022 0.00000 -33.54951 0.04022 0.99919 0.00000 -0.95558 0.00000 0.00000 -1.00000 -0.00000
1636901337733642 -0.99917 0.04065 0.00000 -35.46918 0.04065 0.99917 0.00000 -0.90847 0.00000 0.00000 -1.00000 -0.00000
1636901337982558 -0.99935 0.03610 0.00000 -37.35328 0.03610 0.99935 0.00000 -1.13637 0.00000 0.00000 -1.00000 -0.00000
1636901338231635 -0.99927 0.03821 0.00000 -39.34539 0.03821 0.99927 0.00000 -1.08690 0.00000 0.00000 -1.00000 -0.00000
1636901338480833 -0.99934 0.03619 0.00000 -41.30094 0.03619 0.99934 0.00000 -1.15961 0.00000 0.00000 -1.00000 -0.00000
1636901338729880 -0.99922 0.03943 0.00000 -43.32089 0.03943 0.99922 0.00000 -1.13263 0.00000 0.00000 -1.00000 -0.00000
1636901338978884 -0.99904 0.04377 0.00000 -45.34322 0.04377 0.99904 0.00000 -0.93274 0.00000 0.00000 -1.00000 -0.00000
1636901339228005 -0.99864 0.05219 0.00000 -47.29988 0.05219 0.99864 0.00000 -0.57858 0.00000 0.00000 -1.00000 -0.00000
1636901339477114 -0.99758 0.06946 0.00000 -49.33012 0.06946 0.99758 0.00000 0.17391 0.00000 0.00000 -1.00000 0.00000
1636901339726109 -0.99587 0.09080 0.00000 -51.17434 0.09080 0.99587 0.00000 1.24150 0.00000 0.00000 -1.00000 0.00000
1636901339975368 -0.99349 0.11393 0.00000 -53.02702 0.11393 0.99349 0.00000 2.38535 0.00000 0.00000 -1.00000 0.00000
1636901340224512 -0.99025 0.13927 -0.00000 -54.65633 0.13927 0.99025 0.00000 3.76835 0.00000 0.00000 -1.00000 0.00000
1636901340473864 -0.98542 0.17016 0.00000 -56.16510 0.17016 0.98542 0.00000 5.45139 0.00000 0.00000 -1.00000 0.00000
1636901340723139 -0.97603 0.21765 0.00000 -57.40386 0.21765 0.97603 0.00000 8.15938 0.00000 0.00000 -1.00000 0.00000
1636901340972198 -0.96109 0.27622 0.00000 -58.28867 0.27622 0.96109 0.00000 11.58866 0.00000 0.00000 -1.00000 0.00000
1636901341221040 -0.94051 0.33977 -0.00000 -58.77843 0.33977 0.94051 0.00000 15.44429 0.00000 0.00000 -1.00000 0.00000
1636901341470194 -0.91210 0.40996 0.00000 -58.75161 0.40996 0.91210 0.00000 19.81057 0.00000 0.00000 -1.00000 0.00000
1636901341719153 -0.87643 0.48153 0.00000 -58.19684 0.48153 0.87643 0.00000 24.40071 0.00000 0.00000 -1.00000 0.00000
1636901341968597 -0.82711 0.56203 0.00000 -56.85983 0.56203 0.82711 0.00000 29.74964 0.00000 0.00000 -1.00000 0.00000
1636901342217859 -0.76581 0.64306 0.00000 -54.69536 0.64306 0.76581 0.00000 35.33940 0.00000 0.00000 -1.00000 0.00000
1636901342466837 -0.69391 0.72006 0.00000 -51.89108 0.72006 0.69391 0.00000 40.87492 0.00000 0.00000 -1.00000 0.00000
1636901342716036 -0.61548 0.78815 0.00000 -48.53433 0.78815 0.61548 0.00000 45.98521 0.00000 0.00000 -1.00000 0.00000
