1610731064202404 1.00000 0.00000 0.00000 -0.00000 0.00000 -1.00000 0.00000 0.00000 0.00000 -0.00000 -1.00000 0.00000
1610731064451781 1.00000 -0.00063 -0.00000 -0.00974 -0.00063 -1.00000 0.00000 0.01482 -0.00000 -0.00000 -1.00000 0.00000
1610731064701159 1.00000 -0.00200 0.00000 -0.01385 -0.00200 -1.00000 0.00000 -0.01417 -0.00000 -0.00000 -1.00000 -0.00000
1610731064951160 1.00000 -0.00003 0.00000 -0.03845 -0.00003 -1.00000 0.00000 -0.01124 -0.00000 -0.00000 -1.00000 -0.00000
1610731065201796 1.00000 0.00011 0.00000 -0.00233 0.00011 -1.00000 0.00000 0.03236 0.00000 -0.00000 -1.00000 0.00000
1610731065451793 1.00000 -0.00014 0.00000 -0.00727 -0.00014 -1.00000 0.00000 -0.01138 -0.00000 -0.00000 -1.00000 -0.00000
1610731065702438 1.00000 -0.00140 0.00000 0.00135 -0.00140 -1.00000 0.00000 0.04294 -0.00000 -0.00000 -1.00000 0.00000
1610731065952419 1.00000 -0.00173 0.00000 -0.00261 -0.00173 -1.00000 0.00000 -0.01193 -0.00000 -0.00000 -1.00000 -0.00000
1610731066203056 0.99999 -0.00337 0.00000 0.01422 -0.00337 -0.99999 0.00000 0.04617 -0.00000 -0.00000 -1.00000 0.00000
1610731066453063 1.00000 -0.00104 0.00000 -0.00724 -0.00104 -1.00000 0.00000 -0.02302 -0.00000 -0.00000 -1.00000 -0.00000
1610731066703685 0.99999 -0.00511 0.00000 -0.01015 -0.00511 -0.99999 0.00000 0.05823 -0.00000 -0.00000 -1.00000 0.00000
1610731066953694 0.99999 -0.00370 0.00000 -0.01066 -0.00370 -0.99999 0.00000 0.07928 -0.00000 -0.00000 -1.00000 0.00000
1610731067202442 1.00000 -0.00014 0.00000 -0.00602 -0.00014 -1.00000 0.00000 -0.01090 -0.00000 -0.00000 -1.00000 -0.00000
1610731067451821 1.00000 -0.00243 -0.00000 -0.00200 -0.00243 -1.00000 0.00000 0.04425 -0.00000 -0.00000 -1.00000 0.00000
1610731067700573 1.00000 0.00024 0.00000 0.02167 0.00024 -1.00000 0.00000 0.01691 0.00000 -0.00000 -1.00000 0.00000
1610731067950576 1.00000 -0.00038 0.00000 -0.01561 -0.00038 -1.00000 0.00000 0.05422 -0.00000 -0.00000 -1.00000 0.00000
1610731068200579 1.00000 0.00023 0.00000 0.00902 0.00023 -1.00000 0.00000 0.04645 0.00000 -0.00000 -1.00000 0.00000
1610731068450578 0.99998 -0.00576 0.00000 -0.05839 -0.00576 -0.99998 0.00000 0.01475 -0.00000 -0.00000 -1.00000 0.00000
1610731068701210 0.99999 -0.00319 0.00000 0.01949 -0.00319 -0.99999 0.00000 0.04724 -0.00000 -0.00000 -1.00000 0.00000
1610731068951216 1.00000 -0.00052 0.00000 -0.02150 -0.00052 -1.00000 0.00000 -0.01964 -0.00000 -0.00000 -1.00000 -0.00000
1610731069201845 0.99999 -0.00344 0.00000 -0.00216 -0.00344 -0.99999 0.00000 0.05649 -0.00000 -0.00000 -1.00000 0.00000
1610731069451854 1.00000 -0.00033 0.00000 0.01271 -0.00033 -1.00000 0.00000 0.05184 -0.00000 -0.00000 -1.00000 0.00000
1610731069701843 1.00000 -0.00006 0.00000 -0.01753 -0.00006 -1.00000 0.00000 -0.00472 -0.00000 -0.00000 -1.00000 -0.00000
1610731069952474 0.99999 -0.00372 0.00000 -0.01141 -0.00372 -0.99999 0.00000 0.06787 -0.00000 -0.00000 -1.00000 0.00000
1610731070202487 1.00000 -0.00290 0.00000 0.00662 -0.00290 -1.00000 0.00000 -0.02245 -0.00000 -0.00000 -1.00000 -0.00000
1610731070453110 0.99997 -0.00795 0.00000 -0.01035 -0.00795 -0.99997 0.00000 0.04473 -0.00000 -0.00000 -1.00000 0.00000
1610731070702486 1.00000 -0.00302 0.00000 -0.00275 -0.00302 -1.00000 0.00000 -0.09425 -0.00000 -0.00000 -1.00000 -0.00000
1610731070953114 0.99999 -0.00486 0.00000 -0.01235 -0.00486 -0.99999 0.00000 0.07834 -0.00000 -0.00000 -1.00000 0.00000
1610731071203123 0.99998 -0.00568 0.00000 -0.03767 -0.00568 -0.99998 0.00000 0.00455 -0.00000 -0.00000 -1.00000 0.00000
1610731071453123 1.00000 -0.00123 0.00000 -0.00413 -0.00123 -1.00000 0.00000 0.01221 -0.00000 -0.00000 -1.00000 0.00000
1610731071702502 1.00000 0.00105 -0.00000 -0.00261 0.00105 -1.00000 0.00000 -0.01379 0.00000 -0.00000 -1.00000 -0.00000
1610731071952500 1.00000 -0.00237 0.00000 -0.01793 -0.00237 -1.00000 0.00000 0.04611 -0.00000 -0.00000 -1.00000 0.00000
1610731072201883 1.00000 -0.00062 -0.00000 0.02905 -0.00062 -1.00000 0.00000 -0.00327 -0.00000 -0.00000 -1.00000 -0.00000
1610731072451889 1.00000 -0.00034 0.00000 -0.00937 -0.00034 -1.00000 0.00000 -0.01696 -0.00000 -0.00000 -1.00000 -0.00000
1610731072701894 0.99999 -0.00323 0.00000 -0.00571 -0.00323 -0.99999 0.00000 -0.03357 -0.00000 -0.00000 -1.00000 -0.00000
1610731072952514 0.99999 -0.00322 0.00000 0.02084 -0.00322 -0.99999 0.00000 0.04408 -0.00000 -0.00000 -1.00000 0.00000
1610731073202533 1.00000 -0.00004 0.00000 -0.00666 -0.00004 -1.00000 0.00000 -0.02025 -0.00000 -0.00000 -1.00000 -0.00000
1610731073453145 0.99999 -0.00329 -0.00000 -0.00561 -0.00329 -0.99999 0.00000 0.05325 -0.00000 -0.00000 -1.00000 0.00000
1610731073703155 1.00000 0.00031 0.00000 0.00852 0.00031 -1.00000 0.00000 0.04946 0.00000 -0.00000 -1.00000 0.00000
1610731073953147 1.00000 -0.00072 -0.00000 -0.01923 -0.00072 -1.00000 0.00000 -0.00889 -0.00000 -0.00000 -1.00000 -0.00000
1610731074203156 1.00000 0.00008 0.00000 0.03214 0.00008 -1.00000 0.00000 -0.02235 0.00000 -0.00000 -1.00000 -0.00000
1610731074453166 1.00000 -0.00190 0.00000 -0.01111 -0.00190 -1.00000 0.00000 0.06085 -0.00000 -0.00000 -1.00000 0.00000
1610731074701915 1.00000 0.00031 0.00000 0.00204 0.00031 -1.00000 0.00000 -0.00344 0.00000 -0.00000 -1.00000 -0.00000
1610731074951297 0.99999 -0.00320 0.00000 -0.02277 -0.00320 -0.99999 0.00000 0.02038 -0.00000 -0.00000 -1.00000 0.00000
1610731075201297 0.99997 -0.00747 0.00000 0.00782 -0.00747 -0.99997 0.00000 0.05223 -0.00000 -0.00000 -1.00000 0.00000
1610731075450674 1.00000 -0.00269 0.00000 0.00252 -0.00269 -1.00000 0.00000 -0.06103 -0.00000 -0.00000 -1.00000 -0.00000
1610731075700681 0.99999 -0.00412 0.00000 -0.01700 -0.00412 -0.99999 0.00000 0.03720 -0.00000 -0.00000 -1.00000 0.00000
1610731075951302 1.00000 0.00003 0.00000 0.01051 0.00003 -1.00000 0.00000 0.03896 0.00000 -0.00000 -1.00000 0.00000
1610731076201307 1.00000 -0.00047 0.00000 -0.00654 -0.00047 -1.00000 0.00000 0.01243 -0.00000 -0.00000 -1.00000 0.00000
1610731076451941 0.99999 -0.00487 0.00000 0.00465 -0.00487 -0.99999 0.00000 0.05970 -0.00000 -0.00000 -1.00000 0.00000
1610731076701944 1.00000 -0.00072 0.00000 -0.00574 -0.00072 -1.00000 0.00000 -0.02113 -0.00000 -0.00000 -1.00000 -0.00000
1610731076951946 0.99999 -0.00467 0.00000 -0.02387 -0.00467 -0.99999 0.00000 -0.00957 -0.00000 -0.00000 -1.00000 -0.00000
1610731077202573 0.99999 -0.00341 0.00000 0.02300 -0.00341 -0.99999 0.00000 0.05465 -0.00000 -0.00000 -1.00000 0.00000
1610731077452590 1.00000 -0.00000 0.00000 -0.01321 -0.00000 -1.00000 0.00000 0.01299 -0.00000 -0.00000 -1.00000 0.00000
1610731077703206 1.00000 -0.00300 -0.00000 -0.02351 -0.00300 -1.00000 0.00000 0.04383 -0.00000 -0.00000 -1.00000 0.00000
1610731077952579 0.99999 -0.00465 0.00000 -0.01013 -0.00465 -0.99999 0.00000 -0.00314 -0.00000 -0.00000 -1.00000 -0.00000
1610731078202579 1.00000 -0.00160 0.00000 -0.02334 -0.00160 -1.00000 0.00000 -0.05678 -0.00000 -0.00000 -1.00000 -0.00000
1610731078453210 1.00000 -0.00073 -0.00000 -0.00194 -0.00073 -1.00000 0.00000 0.04108 -0.00000 -0.00000 -1.00000 0.00000
1610731078703222 1.00000 -0.00207 0.00000 -0.01204 -0.00207 -1.00000 0.00000 0.02735 -0.00000 -0.00000 -1.00000 0.00000
1610731078952594 0.99999 -0.00465 0.00000 -0.02541 -0.00465 -0.99999 0.00000 0.02570 -0.00000 -0.00000 -1.00000 0.00000
1610731079203263 1.00000 -0.00190 0.00000 0.00090 -0.00190 -1.00000 0.00000 0.03507 -0.00000 -0.00000 -1.00000 0.00000
1610731079452600 1.00000 -0.00001 0.00000 0.00258 -0.00001 -1.00000 0.00000 0.00535 -0.00000 -0.00000 -1.00000 0.00000
1610731079701984 1.00000 0.00004 0.00000 0.00310 0.00004 -1.00000 0.00000 -0.00143 0.00000 -0.00000 -1.00000 -0.00000
1610731079951987 0.99998 -0.00583 0.00000 -0.00888 -0.00583 -0.99998 0.00000 0.06397 -0.00000 -0.00000 -1.00000 0.00000
1610731080201365 0.99999 -0.00463 0.00000 -0.00172 -0.00463 -0.99999 0.00000 0.02500 -0.00000 -0.00000 -1.00000 0.00000
1610731080451988 1.00000 -0.00117 0.00000 0.00190 -0.00117 -1.00000 0.00000 0.04454 -0.00000 -0.00000 -1.00000 0.00000
1610731080702617 1.00000 -0.00076 -0.00000 -0.04293 -0.00076 -1.00000 0.00000 0.08284 -0.00000 -0.00000 -1.00000 0.00000
1610731080952620 1.00000 0.00196 0.00000 -0.05868 0.00196 -1.00000 0.00000 0.02986 0.00000 -0.00000 -1.00000 0.00000
1610731081202620 0.99999 0.00386 -0.00000 -0.14387 0.00386 -0.99999 0.00000 0.07009 0.00000 -0.00000 -1.00000 0.00000
1610731081453260 0.99997 0.00794 0.00000 -0.15526 0.00794 -0.99997 0.00000 0.03270 0.00000 -0.00000 -1.00000 0.00000
1610731081703259 0.99977 0.02158 0.00000 -0.29004 0.02158 -0.99977 0.00000 -0.00032 0.00000 -0.00000 -1.00000 -0.00000
1610731081953255 0.99894 0.04594 0.00000 -0.48695 0.04594 -0.99894 0.00000 0.03368 0.00000 -0.00000 -1.00000 0.00000
1610731082202641 0.99736 0.07256 0.00000 -0.84478 0.07256 -0.99736 0.00000 0.02741 0.00000 -0.00000 -1.00000 0.00000
1610731082452020 0.99558 0.09396 0.00000 -1.28411 0.09396 -0.99558 0.00000 0.01382 0.00000 -0.00000 -1.00000 0.00000
1610731082701396 0.99324 0.11608 -0.00000 -1.70872 0.11608 -0.99324 0.00000 -0.07387 0.00000 -0.00000 -1.00000 -0.00000
1610731082952023 0.98930 0.14591 0.00000 -2.24809 0.14591 -0.98930 0.00000 -0.04706 0.00000 -0.00000 -1.00000 -0.00000
1610731083202022 0.98511 0.17191 -0.00000 -2.88774 0.17191 -0.98511 0.00000 -0.04172 0.00000 -0.00000 -1.00000 -0.00000
1610731083452029 0.98365 0.18008 0.00000 -3.53554 0.18008 -0.98365 0.00000 -0.12998 0.00000 -0.00000 -1.00000 -0.00000
1610731083702657 0.98317 0.18272 -0.00000 -4.26184 0.18272 -0.98317 0.00000 -0.11561 0.00000 -0.00000 -1.00000 -0.00000
1610731083952656 0.98197 0.18904 0.00000 -4.98240 0.18904 -0.98197 0.00000 -0.09988 0.00000 -0.00000 -1.00000 -0.00000
1610731084202661 0.98260 0.18573 0.00000 -5.72436 0.18573 -0.98260 0.00000 -0.07877 0.00000 -0.00000 -1.00000 -0.00000
1610731084452670 0.98332 0.18188 0.00000 -6.61908 0.18188 -0.98332 0.00000 -0.09677 0.00000 -0.00000 -1.00000 -0.00000
1610731084703293 0.98602 0.16662 0.00000 -7.54742 0.16662 -0.98602 0.00000 0.01824 0.00000 -0.00000 -1.00000 0.00000
1610731084953298 0.98670 0.16258 -0.00000 -8.51691 0.16258 -0.98670 0.00000 -0.03873 0.00000 -0.00000 -1.00000 -0.00000
1610731085203298 0.98925 0.14626 0.00000 -9.49866 0.14626 -0.98925 0.00000 0.06159 0.00000 -0.00000 -1.00000 0.00000
1610731085453306 0.99149 0.13021 0.00000 -10.64039 0.13021 -0.99149 0.00000 0.24904 0.00000 -0.00000 -1.00000 0.00000
1610731085702687 0.99184 0.12753 0.00000 -11.66159 0.12753 -0.99184 0.00000 0.31072 0.00000 -0.00000 -1.00000 0.00000
1610731085952061 0.99190 0.12704 0.00000 -12.78140 0.12704 -0.99190 0.00000 0.34725 0.00000 -0.00000 -1.00000 0.00000
1610731086201442 0.99223 0.12439 -0.00000 -13.97945 0.12439 -0.99223 0.00000 0.37113 0.00000 -0.00000 -1.00000 0.00000
1610731086451441 0.99232 0.12369 -0.00000 -15.12895 0.12369 -0.99232 0.00000 0.33365 0.00000 -0.00000 -1.00000 0.00000
1610731086702066 0.99246 0.12260 -0.00000 -16.46502 0.12260 -0.99246 0.00000 0.32799 0.00000 -0.00000 -1.00000 0.00000
1610731086952075 0.99198 0.12639 0.00000 -17.90423 0.12639 -0.99198 0.00000 0.18073 0.00000 -0.00000 -1.00000 0.00000
1610731087202734 0.99275 0.12022 0.00000 -19.35849 0.12022 -0.99275 0.00000 0.28425 0.00000 -0.00000 -1.00000 0.00000
1610731087453334 0.99324 0.11607 -0.00000 -20.82796 0.11607 -0.99324 0.00000 0.37011 0.00000 -0.00000 -1.00000 0.00000
1610731087703335 0.99265 0.12103 0.00000 -22.34318 0.12103 -0.99265 0.00000 0.23514 0.00000 -0.00000 -1.00000 0.00000
1610731087953339 0.99177 0.12802 0.00000 -23.91613 0.12802 -0.99177 0.00000 0.06961 0.00000 -0.00000 -1.00000 0.00000
1610731088203345 0.99092 0.13445 0.00000 -25.47215 0.13445 -0.99092 0.00000 -0.19524 0.00000 -0.00000 -1.00000 -0.00000
1610731088453349 0.99049 0.13756 0.00000 -27.01903 0.13756 -0.99049 0.00000 -0.23961 0.00000 -0.00000 -1.00000 -0.00000
1610731088703347 0.99072 0.13594 0.00000 -28.57686 0.13594 -0.99072 0.00000 -0.22255 0.00000 -0.00000 -1.00000 -0.00000
1610731088952722 0.98977 0.14270 0.00000 -30.04346 0.14270 -0.98977 0.00000 -0.50258 0.00000 -0.00000 -1.00000 -0.00000
1610731089201476 0.98938 0.14536 -0.00000 -31.48989 0.14536 -0.98938 0.00000 -0.52241 0.00000 -0.00000 -1.00000 -0.00000
1610731089450854 0.98884 0.14899 0.00000 -33.00538 0.14899 -0.98884 0.00000 -0.68125 0.00000 -0.00000 -1.00000 -0.00000
1610731089701483 0.98882 0.14908 0.00000 -34.58983 0.14908 -0.98882 0.00000 -0.61622 0.00000 -0.00000 -1.00000 -0.00000
1610731089951483 0.98728 0.15896 0.00000 -36.05236 0.15896 -0.98728 0.00000 -1.15198 0.00000 -0.00000 -1.00000 -0.00000
1610731090201487 0.98450 0.17537 -0.00000 -37.61055 0.17537 -0.98450 0.00000 -1.64665 0.00000 -0.00000 -1.00000 -0.00000
1610731090452120 0.98574 0.16827 0.00000 -39.13437 0.16827 -0.98574 0.00000 -1.37474 0.00000 -0.00000 -1.00000 -0.00000
1610731090702120 0.98422 0.17696 -0.00000 -40.67609 0.17696 -0.98422 0.00000 -1.76806 0.00000 -0.00000 -1.00000 -0.00000
1610731090952132 0.98360 0.18037 -0.00000 -42.22506 0.18037 -0.98360 0.00000 -1.98696 0.00000 -0.00000 -1.00000 -0.00000
1610731091202752 0.98405 0.17791 0.00000 -43.83339 0.17791 -0.98405 0.00000 -1.85359 0.00000 -0.00000 -1.00000 -0.00000
1610731091452128 0.98232 0.18722 0.00000 -45.39074 0.18722 -0.98232 0.00000 -2.39610 0.00000 -0.00000 -1.00000 -0.00000
1610731091702766 0.98208 0.18848 0.00000 -47.02109 0.18848 -0.98208 0.00000 -2.44026 0.00000 -0.00000 -1.00000 -0.00000
1610731091952771 0.98121 0.19296 0.00000 -48.61387 0.19296 -0.98121 0.00000 -2.68963 0.00000 -0.00000 -1.00000 -0.00000
1610731092203397 0.98153 0.19132 -0.00000 -50.31599 0.19132 -0.98153 0.00000 -2.55082 0.00000 -0.00000 -1.00000 -0.00000
1610731092453398 0.98164 0.19074 0.00000 -52.06788 0.19074 -0.98164 0.00000 -2.54393 0.00000 -0.00000 -1.00000 -0.00000
1610731092703401 0.98347 0.18105 0.00000 -53.81765 0.18105 -0.98347 0.00000 -1.99785 0.00000 -0.00000 -1.00000 -0.00000
1610731092953406 0.98519 0.17145 0.00000 -55.66328 0.17145 -0.98519 0.00000 -1.50463 0.00000 -0.00000 -1.00000 -0.00000
1610731093202151 0.98540 0.17024 0.00000 -57.51878 0.17024 -0.98540 0.00000 -1.65606 0.00000 -0.00000 -1.00000 -0.00000
1610731093451540 0.98641 0.16431 -0.00000 -59.38977 0.16431 -0.98641 0.00000 -1.26282 0.00000 -0.00000 -1.00000 -0.00000
1610731093700907 0.98660 0.16315 -0.00000 -61.17753 0.16315 -0.98660 0.00000 -1.30443 0.00000 -0.00000 -1.00000 -0.00000
1610731093951540 0.98733 0.15866 0.00000 -63.21946 0.15866 -0.98733 0.00000 -0.88503 0.00000 -0.00000 -1.00000 -0.00000
1610731094201546 0.98776 0.15596 -0.00000 -65.06576 0.15596 -0.98776 0.00000 -0.71916 0.00000 -0.00000 -1.00000 -0.00000
1610731094451549 0.98940 0.14519 0.00000 -66.93479 0.14519 -0.98940 0.00000 0.09151 0.00000 -0.00000 -1.00000 0.00000
1610731094701550 0.98914 0.14698 0.00000 -68.87155 0.14698 -0.98914 0.00000 -0.18811 0.00000 -0.00000 -1.00000 -0.00000
1610731094952179 0.99081 0.13525 0.00000 -70.79511 0.13525 -0.99081 0.00000 0.71345 0.00000 -0.00000 -1.00000 0.00000
1610731095202188 0.99138 0.13102 0.00000 -72.65091 0.13102 -0.99138 0.00000 0.91687 0.00000 -0.00000 -1.00000 0.00000
1610731095452181 0.99336 0.11502 0.00000 -74.59473 0.11502 -0.99336 0.00000 2.07568 0.00000 -0.00000 -1.00000 0.00000
1610731095702817 0.99552 0.09460 0.00000 -76.39955 0.09460 -0.99552 0.00000 3.61225 0.00000 -0.00000 -1.00000 0.00000
1610731095953439 0.99795 0.06406 0.00000 -78.15533 0.06406 -0.99795 0.00000 5.98669 0.00000 -0.00000 -1.00000 0.00000
1610731096203440 0.99941 0.03439 0.00000 -79.88577 0.03439 -0.99941 0.00000 8.36126 0.00000 -0.00000 -1.00000 0.00000
1610731096453438 0.99991 -0.01358 0.00000 -81.28495 -0.01358 -0.99991 0.00000 12.13246 -0.00000 -0.00000 -1.00000 0.00000
1610731096702821 0.99857 -0.05337 0.00000 -82.55424 -0.05337 -0.99857 0.00000 15.25208 -0.00000 -0.00000 -1.00000 0.00000
1610731096952203 0.99545 -0.09533 0.00000 -83.77276 -0.09533 -0.99545 0.00000 18.83948 -0.00000 -0.00000 -1.00000 0.00000
1610731097202205 0.98826 -0.15279 0.00000 -84.36298 -0.15279 -0.98826 0.00000 23.68290 -0.00000 -0.00000 -1.00000 0.00000
1610731097451586 0.98161 -0.19090 -0.00000 -85.30264 -0.19090 -0.98161 0.00000 26.79297 -0.00000 -0.00000 -1.00000 0.00000
1610731097702215 0.96942 -0.24541 0.00000 -85.60109 -0.24541 -0.96942 0.00000 31.53411 -0.00000 -0.00000 -1.00000 0.00000
1610731097952220 0.95671 -0.29103 0.00000 -85.94569 -0.29103 -0.95671 0.00000 35.61628 -0.00000 -0.00000 -1.00000 0.00000
1610731098202227 0.94189 -0.33593 0.00000 -86.01568 -0.33593 -0.94189 0.00000 39.50358 -0.00000 -0.00000 -1.00000 0.00000
1610731098452224 0.92265 -0.38564 0.00000 -85.73468 -0.38564 -0.92265 0.00000 44.19692 -0.00000 -0.00000 -1.00000 0.00000
1610731098702850 0.89191 -0.45221 0.00000 -84.22915 -0.45221 -0.89191 0.00000 50.40708 -0.00000 -0.00000 -1.00000 0.00000
1610731098952857 0.86018 -0.50998 0.00000 -82.65472 -0.50998 -0.86018 0.00000 55.78058 -0.00000 -0.00000 -1.00000 0.00000
1610731099203484 0.82288 -0.56822 0.00000 -80.53178 -0.56822 -0.82288 0.00000 61.35311 -0.00000 -0.00000 -1.00000 0.00000
1610731099453485 0.78392 -0.62086 0.00000 -78.20622 -0.62086 -0.78392 0.00000 66.44665 -0.00000 -0.00000 -1.00000 0.00000
1610731099703486 0.73755 -0.67530 -0.00000 -75.11427 -0.67530 -0.73755 0.00000 71.93835 -0.00000 -0.00000 -1.00000 0.00000
1610731099953495 0.68928 -0.72450 0.00000 -71.82929 -0.72450 -0.68928 0.00000 76.94967 -0.00000 -0.00000 -1.00000 0.00000
1610731100202250 0.63970 -0.76863 0.00000 -68.45159 -0.76863 -0.63970 0.00000 81.51608 -0.00000 -0.00000 -1.00000 0.00000
1610731100450375 0.58874 -0.80832 0.00000 -64.85743 -0.80832 -0.58874 0.00000 85.75222 -0.00000 -0.00000 -1.00000 0.00000
1610731100699748 0.54799 -0.83648 0.00000 -62.40954 -0.83648 -0.54799 0.00000 88.66289 -0.00000 -0.00000 -1.00000 0.00000
1610731100949757 0.52203 -0.85293 0.00000 -61.57825 -0.85293 -0.52203 0.00000 90.47073 -0.00000 -0.00000 -1.00000 0.00000
1610731101199759 0.50158 -0.86511 0.00000 -61.27569 -0.86511 -0.50158 0.00000 92.02768 -0.00000 -0.00000 -1.00000 0.00000
1610731101449774 0.47894 -0.87785 0.00000 -60.74723 -0.87785 -0.47894 0.00000 93.57463 -0.00000 -0.00000 -1.00000 0.00000
1610731101700392 0.46576 -0.88491 0.00000 -61.18894 -0.88491 -0.46576 0.00000 94.41650 -0.00000 -0.00000 -1.00000 0.00000
1610731101950397 0.46541 -0.88509 0.00000 -63.08137 -0.88509 -0.46541 0.00000 94.32656 -0.00000 -0.00000 -1.00000 0.00000
1610731102201024 0.46523 -0.88519 0.00000 -64.98014 -0.88519 -0.46523 0.00000 94.54822 -0.00000 -0.00000 -1.00000 0.00000
1610731102451029 0.46959 -0.88288 -0.00000 -67.24012 -0.88288 -0.46959 0.00000 94.04856 -0.00000 -0.00000 -1.00000 0.00000
1610731102701033 0.47368 -0.88070 -0.00000 -69.51894 -0.88070 -0.47368 0.00000 93.67271 -0.00000 -0.00000 -1.00000 0.00000
1610731102951656 0.47424 -0.88040 0.00000 -71.40176 -0.88040 -0.47424 0.00000 93.67756 -0.00000 -0.00000 -1.00000 0.00000
1610731103201667 0.47965 -0.87746 0.00000 -73.74189 -0.87746 -0.47965 0.00000 93.26421 -0.00000 -0.00000 -1.00000 0.00000
1610731103451663 0.49154 -0.87085 -0.00000 -76.73038 -0.87085 -0.49154 0.00000 92.31094 -0.00000 -0.00000 -1.00000 0.00000
1610731103702295 0.49992 -0.86607 0.00000 -79.21054 -0.86607 -0.49992 0.00000 91.50591 -0.00000 -0.00000 -1.00000 0.00000
1610731103952295 0.52024 -0.85402 0.00000 -82.90122 -0.85402 -0.52024 0.00000 89.58626 -0.00000 -0.00000 -1.00000 0.00000
1610731104202302 0.54527 -0.83826 0.00000 -86.98992 -0.83826 -0.54527 0.00000 86.95558 -0.00000 -0.00000 -1.00000 0.00000
1610731104452303 0.56071 -0.82801 0.00000 -89.90452 -0.82801 -0.56071 0.00000 85.20839 -0.00000 -0.00000 -1.00000 0.00000
1610731104702930 0.57699 -0.81675 0.00000 -92.73812 -0.81675 -0.57699 0.00000 83.51711 -0.00000 -0.00000 -1.00000 0.00000
1610731104952935 0.59713 -0.80214 0.00000 -95.79126 -0.80214 -0.59713 0.00000 80.97596 -0.00000 -0.00000 -1.00000 0.00000
1610731105203557 0.60717 -0.79457 -0.00000 -97.64396 -0.79457 -0.60717 0.00000 79.82110 -0.00000 -0.00000 -1.00000 0.00000
1610731105453561 0.61428 -0.78909 0.00000 -99.07600 -0.78909 -0.61428 0.00000 79.04329 -0.00000 -0.00000 -1.00000 0.00000
1610731105703568 0.62069 -0.78406 0.00000 -100.29977 -0.78406 -0.62069 0.00000 78.11516 -0.00000 -0.00000 -1.00000 0.00000
1610731105952950 0.62857 -0.77776 0.00000 -101.54848 -0.77776 -0.62857 0.00000 77.10130 -0.00000 -0.00000 -1.00000 0.00000
1610731106202322 0.63434 -0.77306 0.00000 -102.53591 -0.77306 -0.63434 0.00000 76.41674 -0.00000 -0.00000 -1.00000 0.00000
1610731106451078 0.64222 -0.76652 0.00000 -103.76971 -0.76652 -0.64222 0.00000 75.29417 -0.00000 -0.00000 -1.00000 0.00000
1610731106701077 0.64554 -0.76372 0.00000 -104.60831 -0.76372 -0.64554 0.00000 74.89774 -0.00000 -0.00000 -1.00000 0.00000
1610731106951081 0.65044 -0.75956 0.00000 -105.68399 -0.75956 -0.65044 0.00000 74.25803 -0.00000 -0.00000 -1.00000 0.00000
1610731107201711 0.65490 -0.75572 0.00000 -106.84108 -0.75572 -0.65490 0.00000 73.58071 -0.00000 -0.00000 -1.00000 0.00000
1610731107452343 0.66173 -0.74974 -0.00000 -108.13809 -0.74974 -0.66173 0.00000 72.57743 -0.00000 -0.00000 -1.00000 0.00000
1610731107702347 0.66831 -0.74388 0.00000 -109.73319 -0.74388 -0.66831 0.00000 71.67977 -0.00000 -0.00000 -1.00000 0.00000
1610731107952351 0.67875 -0.73437 0.00000 -111.67094 -0.73437 -0.67875 0.00000 69.99120 -0.00000 -0.00000 -1.00000 0.00000
1610731108202970 0.68628 -0.72733 0.00000 -113.47613 -0.72733 -0.68628 0.00000 68.88920 -0.00000 -0.00000 -1.00000 0.00000
1610731108452986 0.69466 -0.71933 0.00000 -115.40332 -0.71933 -0.69466 0.00000 67.53144 -0.00000 -0.00000 -1.00000 0.00000
1610731108702986 0.70635 -0.70786 -0.00000 -117.76131 -0.70786 -0.70635 0.00000 65.51080 -0.00000 -0.00000 -1.00000 0.00000
1610731108953612 0.71694 -0.69713 0.00000 -120.30387 -0.69713 -0.71694 0.00000 63.93042 -0.00000 -0.00000 -1.00000 0.00000
1610731109203594 0.72867 -0.68487 0.00000 -122.83348 -0.68487 -0.72867 0.00000 61.75693 -0.00000 -0.00000 -1.00000 0.00000
1610731109453628 0.74121 -0.67127 0.00000 -125.52253 -0.67127 -0.74121 0.00000 59.58423 -0.00000 -0.00000 -1.00000 0.00000
1610731109703629 0.75900 -0.65109 0.00000 -128.75753 -0.65109 -0.75900 0.00000 55.98360 -0.00000 -0.00000 -1.00000 0.00000
1610731109953628 0.77720 -0.62926 0.00000 -131.86170 -0.62926 -0.77720 0.00000 52.30884 -0.00000 -0.00000 -1.00000 0.00000
1610731110203624 0.79083 -0.61203 0.00000 -134.69906 -0.61203 -0.79083 0.00000 49.38235 -0.00000 -0.00000 -1.00000 0.00000
1610731110453002 0.80807 -0.58909 0.00000 -137.63698 -0.58909 -0.80807 0.00000 45.43037 -0.00000 -0.00000 -1.00000 0.00000
1610731110702387 0.81758 -0.57582 -0.00000 -140.00624 -0.57582 -0.81758 0.00000 43.11496 -0.00000 -0.00000 -1.00000 0.00000
1610731110952389 0.82487 -0.56533 0.00000 -142.19994 -0.56533 -0.82487 0.00000 41.44157 -0.00000 -0.00000 -1.00000 0.00000
1610731111202425 0.83210 -0.55462 0.00000 -144.36927 -0.55462 -0.83210 0.00000 39.60079 -0.00000 -0.00000 -1.00000 0.00000
1610731111452393 0.83907 -0.54402 0.00000 -146.53641 -0.54402 -0.83907 0.00000 37.59341 -0.00000 -0.00000 -1.00000 0.00000
1610731111703018 0.84428 -0.53591 0.00000 -148.60067 -0.53591 -0.84428 0.00000 36.36687 -0.00000 -0.00000 -1.00000 0.00000
1610731111953027 0.84870 -0.52887 0.00000 -150.48914 -0.52887 -0.84870 0.00000 35.11681 -0.00000 -0.00000 -1.00000 0.00000
1610731112203033 0.85534 -0.51806 0.00000 -152.51090 -0.51806 -0.85534 0.00000 33.11903 -0.00000 -0.00000 -1.00000 0.00000
1610731112453032 0.86345 -0.50444 0.00000 -154.74962 -0.50444 -0.86345 0.00000 30.64239 -0.00000 -0.00000 -1.00000 0.00000
1610731112703659 0.86946 -0.49400 0.00000 -156.74517 -0.49400 -0.86946 0.00000 28.78901 -0.00000 -0.00000 -1.00000 0.00000
1610731112953660 0.88393 -0.46762 0.00000 -159.16315 -0.46762 -0.88393 0.00000 24.07283 -0.00000 -0.00000 -1.00000 0.00000
1610731113203043 0.90389 -0.42776 -0.00000 -161.66498 -0.42776 -0.90389 0.00000 16.87986 -0.00000 -0.00000 -1.00000 0.00000
1610731113453042 0.92411 -0.38213 0.00000 -163.96631 -0.38213 -0.92411 0.00000 8.73417 -0.00000 -0.00000 -1.00000 0.00000
1610731113703047 0.94659 -0.32243 0.00000 -165.76691 -0.32243 -0.94659 0.00000 -1.71104 -0.00000 -0.00000 -1.00000 -0.00000
1610731113953051 0.96906 -0.24682 0.00000 -166.64253 -0.24682 -0.96906 0.00000 -14.80080 -0.00000 -0.00000 -1.00000 -0.00000
1610731114203051 0.98882 -0.14911 -0.00000 -165.88902 -0.14911 -0.98882 0.00000 -31.30943 -0.00000 -0.00000 -1.00000 -0.00000
1610731114453059 0.99992 -0.01255 0.00000 -161.42564 -0.01255 -0.99992 0.00000 -53.85253 -0.00000 -0.00000 -1.00000 -0.00000
1610731114703058 0.99317 0.11670 -0.00000 -154.64254 0.11670 -0.99317 0.00000 -74.14340 0.00000 -0.00000 -1.00000 -0.00000
1610731114953687 0.96307 0.26927 0.00000 -142.61519 0.26927 -0.96307 0.00000 -97.26671 0.00000 -0.00000 -1.00000 -0.00000
1610731115203694 0.90631 0.42262 0.00000 -126.16643 0.42262 -0.90631 0.00000 -119.19530 0.00000 -0.00000 -1.00000 -0.00000
1610731115454323 0.82065 0.57143 -0.00000 -105.39031 0.57143 -0.82065 0.00000 -139.08697 0.00000 -0.00000 -1.00000 -0.00000
1610731115704324 0.70206 0.71212 0.00000 -79.39943 0.71212 -0.70206 0.00000 -156.00115 0.00000 -0.00000 -1.00000 -0.00000
1610731115953706 0.56359 0.82605 0.00000 -51.46674 0.82605 -0.56359 0.00000 -167.60404 0.00000 -0.00000 -1.00000 -0.00000
1610731116203078 0.40474 0.91443 -0.00000 -21.54175 0.91443 -0.40474 0.00000 -174.17610 0.00000 -0.00000 -1.00000 -0.00000
1610731116452455 0.23358 0.97234 0.00000 8.98062 0.97234 -0.23358 0.00000 -175.13956 0.00000 -0.00000 -1.00000 -0.00000
1610731116702459 0.04661 0.99891 0.00000 40.60862 0.99891 -0.04661 0.00000 -170.30807 0.00000 -0.00000 -1.00000 -0.00000
1610731116952466 -0.13489 0.99086 -0.00000 69.50437 0.99086 0.13489 0.00000 -160.07504 0.00000 0.00000 -1.00000 -0.00000
1610731117203095 -0.32122 0.94701 0.00000 97.62255 0.94701 0.32122 0.00000 -143.89634 0.00000 0.00000 -1.00000 -0.00000
1610731117453099 -0.48312 0.87555 -0.00000 120.26867 0.87555 0.48312 0.00000 -124.35520 0.00000 0.00000 -1.00000 -0.00000
1610731117703721 -0.63651 0.77127 0.00000 139.89682 0.77127 0.63651 0.00000 -100.02476 0.00000 0.00000 -1.00000 -0.00000
1610731117954359 -0.75048 0.66089 0.00000 152.54628 0.66089 0.75048 0.00000 -76.59052 0.00000 0.00000 -1.00000 -0.00000
1610731118204353 -0.83333 0.55277 0.00000 160.14379 0.55277 0.83333 0.00000 -55.14188 0.00000 0.00000 -1.00000 -0.00000
1610731118453742 -0.88754 0.46073 0.00000 163.68456 0.46073 0.88754 0.00000 -37.69285 0.00000 0.00000 -1.00000 -0.00000
1610731118703110 -0.92518 0.37954 0.00000 165.01709 0.37954 0.92518 0.00000 -22.90252 0.00000 0.00000 -1.00000 -0.00000
1610731118952491 -0.95116 0.30869 0.00000 164.79272 0.30869 0.95116 0.00000 -10.43384 0.00000 0.00000 -1.00000 -0.00000
1610731119202538 -0.97051 0.24108 0.00000 163.47897 0.24108 0.97051 0.00000 1.16697 0.00000 0.00000 -1.00000 0.00000
1610731119453123 -0.98204 0.18869 0.00000 161.59981 0.18869 0.98204 0.00000 9.90673 0.00000 0.00000 -1.00000 0.00000
1610731119703125 -0.98992 0.14164 0.00000 159.20379 0.14164 0.98992 0.00000 17.53022 0.00000 0.00000 -1.00000 0.00000
1610731119953754 -0.99310 0.11729 0.00000 157.02221 0.11729 0.99310 0.00000 21.38602 0.00000 0.00000 -1.00000 0.00000
1610731120203763 -0.99524 0.09743 0.00000 154.92248 0.09743 0.99524 0.00000 24.52010 0.00000 0.00000 -1.00000 0.00000
1610731120453768 -0.99608 0.08850 0.00000 152.90646 0.08850 0.99608 0.00000 25.94097 0.00000 0.00000 -1.00000 0.00000
1610731120703769 -0.99671 0.08102 -0.00000 150.98813 0.08102 0.99671 0.00000 27.02188 0.00000 0.00000 -1.00000 0.00000
1610731120953140 -0.99637 0.08510 0.00000 149.36169 0.08510 0.99637 0.00000 26.32221 0.00000 0.00000 -1.00000 0.00000
1610731121203146 -0.99530 0.09684 0.00000 147.78939 0.09684 0.99530 0.00000 24.66360 0.00000 0.00000 -1.00000 0.00000
1610731121452522 -0.99338 0.11484 -0.00000 146.46551 0.11484 0.99338 0.00000 22.01175 0.00000 0.00000 -1.00000 0.00000
1610731121702533 -0.98944 0.14496 0.00000 145.34410 0.14496 0.98944 0.00000 17.59408 0.00000 0.00000 -1.00000 0.00000
1610731121952531 -0.98315 0.18279 -0.00000 144.19799 0.18279 0.98315 0.00000 12.04875 0.00000 0.00000 -1.00000 0.00000
1610731122202537 -0.97449 0.22444 0.00000 142.75270 0.22444 0.97449 0.00000 5.81104 0.00000 0.00000 -1.00000 0.00000
1610731122452533 -0.96133 0.27540 0.00000 141.02671 0.27540 0.96133 0.00000 -1.83373 0.00000 0.00000 -1.00000 -0.00000
1610731122702542 -0.94635 0.32316 0.00000 139.15137 0.32316 0.94635 0.00000 -8.91541 0.00000 0.00000 -1.00000 -0.00000
1610731122953171 -0.92445 0.38130 0.00000 136.34387 0.38130 0.92445 0.00000 -17.54283 0.00000 0.00000 -1.00000 -0.00000
1610731123203171 -0.89928 0.43738 0.00000 133.24728 0.43738 0.89928 0.00000 -25.87971 0.00000 0.00000 -1.00000 -0.00000
1610731123453178 -0.86619 0.49971 -0.00000 129.30402 0.49971 0.86619 0.00000 -35.28502 0.00000 0.00000 -1.00000 -0.00000
1610731123703176 -0.83197 0.55483 0.00000 124.91452 0.55483 0.83197 0.00000 -43.71086 0.00000 0.00000 -1.00000 -0.00000
1610731123953181 -0.79653 0.60460 0.00000 120.02460 0.60460 0.79653 0.00000 -51.16143 0.00000 0.00000 -1.00000 -0.00000
1610731124203809 -0.75368 0.65724 0.00000 114.42032 0.65724 0.75368 0.00000 -59.23529 0.00000 0.00000 -1.00000 -0.00000
1610731124453821 -0.70881 0.70540 0.00000 108.40168 0.70540 0.70881 0.00000 -66.61643 0.00000 0.00000 -1.00000 -0.00000
1610731124703193 -0.66701 0.74505 0.00000 102.57040 0.74505 0.66701 0.00000 -72.92425 0.00000 0.00000 -1.00000 -0.00000
1610731124952572 -0.63314 0.77404 0.00000 97.37863 0.77404 0.63314 0.00000 -77.40023 0.00000 0.00000 -1.00000 -0.00000
1610731125202532 -0.59427 0.80426 -0.00000 91.55777 0.80426 0.59427 0.00000 -82.00145 0.00000 0.00000 -1.00000 -0.00000
1610731125451962 -0.56774 0.82321 0.00000 86.98297 0.82321 0.56774 0.00000 -85.13618 0.00000 0.00000 -1.00000 -0.00000
1610731125702580 -0.52837 0.84901 0.00000 80.97845 0.84901 0.52837 0.00000 -88.96176 0.00000 0.00000 -1.00000 -0.00000
1610731125952581 -0.49982 0.86613 -0.00000 76.13273 0.86613 0.49982 0.00000 -91.60461 0.00000 0.00000 -1.00000 -0.00000
1610731126202596 -0.47280 0.88117 0.00000 71.35746 0.88117 0.47280 0.00000 -94.07014 0.00000 0.00000 -1.00000 -0.00000
1610731126452593 -0.45212 0.89196 0.00000 67.26435 0.89196 0.45212 0.00000 -95.71905 0.00000 0.00000 -1.00000 -0.00000
1610731126703217 -0.43884 0.89856 0.00000 63.97250 0.89856 0.43884 0.00000 -96.79348 0.00000 0.00000 -1.00000 -0.00000
1610731126953217 -0.42165 0.90676 0.00000 60.20658 0.90676 0.42165 0.00000 -98.13755 0.00000 0.00000 -1.00000 -0.00000
1610731127203886 -0.41815 0.90838 0.00000 58.00584 0.90838 0.41815 0.00000 -98.38162 0.00000 0.00000 -1.00000 -0.00000
1610731127453856 -0.42179 0.90670 -0.00000 56.45104 0.90670 0.42179 0.00000 -98.14220 0.00000 0.00000 -1.00000 -0.00000
1610731127703857 -0.43458 0.90063 0.00000 56.00918 0.90063 0.43458 0.00000 -97.41252 0.00000 0.00000 -1.00000 -0.00000
1610731127953233 -0.46185 0.88696 0.00000 57.08798 0.88696 0.46185 0.00000 -95.66659 0.00000 0.00000 -1.00000 -0.00000
1610731128203236 -0.48392 0.87511 0.00000 57.63064 0.87511 0.48392 0.00000 -94.27305 0.00000 0.00000 -1.00000 -0.00000
1610731128453241 -0.51544 0.85693 -0.00000 59.19056 0.85693 0.51544 0.00000 -92.13546 0.00000 0.00000 -1.00000 -0.00000
1610731128703248 -0.55189 0.83392 -0.00000 61.24859 0.83392 0.55189 0.00000 -89.64140 0.00000 0.00000 -1.00000 -0.00000
1610731128953876 -0.59874 0.80095 0.00000 64.47084 0.80095 0.59874 0.00000 -85.89813 0.00000 0.00000 -1.00000 -0.00000
1610731129203876 -0.64556 0.76371 0.00000 67.68034 0.76371 0.64556 0.00000 -82.24148 0.00000 0.00000 -1.00000 -0.00000
1610731129453876 -0.69525 0.71876 -0.00000 71.28582 0.71876 0.69525 0.00000 -77.50486 0.00000 0.00000 -1.00000 -0.00000
1610731129703881 -0.73808 0.67472 0.00000 74.12439 0.67472 0.73808 0.00000 -73.16300 0.00000 0.00000 -1.00000 -0.00000
1610731129953264 -0.77845 0.62771 -0.00000 76.76487 0.62771 0.77845 0.00000 -68.36402 0.00000 0.00000 -1.00000 -0.00000
1610731130202639 -0.81896 0.57386 0.00000 79.46684 0.57386 0.81896 0.00000 -63.06609 0.00000 0.00000 -1.00000 -0.00000
1610731130452642 -0.85184 0.52380 0.00000 81.25243 0.52380 0.85184 0.00000 -58.19657 0.00000 0.00000 -1.00000 -0.00000
1610731130702644 -0.87984 0.47528 0.00000 82.57309 0.47528 0.87984 0.00000 -53.58153 0.00000 0.00000 -1.00000 -0.00000
1610731130953274 -0.90226 0.43120 0.00000 83.42722 0.43120 0.90226 0.00000 -49.40576 0.00000 0.00000 -1.00000 -0.00000
1610731131203274 -0.92905 0.36996 0.00000 84.81386 0.36996 0.92905 0.00000 -43.80548 0.00000 0.00000 -1.00000 -0.00000
1610731131453903 -0.94642 0.32293 -0.00000 85.10871 0.32293 0.94642 0.00000 -39.51814 0.00000 0.00000 -1.00000 -0.00000
1610731131703906 -0.96553 0.26030 0.00000 85.79539 0.26030 0.96553 0.00000 -33.91067 0.00000 0.00000 -1.00000 -0.00000
1610731131953912 -0.97718 0.21243 -0.00000 85.54434 0.21243 0.97718 0.00000 -29.74145 0.00000 0.00000 -1.00000 -0.00000
1610731132203910 -0.98718 0.15959 0.00000 85.22324 0.15959 0.98718 0.00000 -25.12846 0.00000 0.00000 -1.00000 -0.00000
1610731132453296 -0.99443 0.10537 0.00000 84.65214 0.10537 0.99443 0.00000 -20.50368 0.00000 0.00000 -1.00000 -0.00000
1610731132702666 -0.99818 0.06028 0.00000 83.70962 0.06028 0.99818 0.00000 -16.57608 0.00000 0.00000 -1.00000 -0.00000
1610731132952671 -0.99983 0.01829 0.00000 82.46884 0.01829 0.99983 0.00000 -13.02915 0.00000 0.00000 -1.00000 -0.00000
1610731133203308 -0.99992 -0.01286 0.00000 81.02277 -0.01286 0.99992 0.00000 -10.48335 -0.00000 0.00000 -1.00000 -0.00000
1610731133453320 -0.99881 -0.04885 -0.00000 79.53563 -0.04885 0.99881 0.00000 -7.58034 -0.00000 0.00000 -1.00000 -0.00000
1610731133703310 -0.99768 -0.06811 0.00000 77.85996 -0.06811 0.99768 0.00000 -6.06352 -0.00000 0.00000 -1.00000 -0.00000
1610731133953315 -0.99578 -0.09173 -0.00000 76.03875 -0.09173 0.99578 0.00000 -4.21786 -0.00000 0.00000 -1.00000 -0.00000
1610731134203939 -0.99483 -0.10152 0.00000 74.27367 -0.10152 0.99483 0.00000 -3.48985 -0.00000 0.00000 -1.00000 -0.00000
1610731134453943 -0.99486 -0.10129 0.00000 72.30784 -0.10129 0.99486 0.00000 -3.46494 -0.00000 0.00000 -1.00000 -0.00000
1610731134703947 -0.99419 -0.10762 0.00000 70.51218 -0.10762 0.99419 0.00000 -3.04518 -0.00000 0.00000 -1.00000 -0.00000
1610731134953324 -0.99434 -0.10622 0.00000 68.60999 -0.10622 0.99434 0.00000 -3.13718 -0.00000 0.00000 -1.00000 -0.00000
1610731135202085 -0.99273 -0.12034 0.00000 66.72894 -0.12034 0.99273 0.00000 -2.29746 -0.00000 0.00000 -1.00000 -0.00000
1610731135452081 -0.99348 -0.11400 0.00000 64.85715 -0.11400 0.99348 0.00000 -2.67009 -0.00000 0.00000 -1.00000 -0.00000
1610731135701462 -0.99210 -0.12543 0.00000 63.00125 -0.12543 0.99210 0.00000 -1.95271 -0.00000 0.00000 -1.00000 -0.00000
1610731135952090 -0.99115 -0.13275 0.00000 61.10870 -0.13275 0.99115 0.00000 -1.53042 -0.00000 0.00000 -1.00000 -0.00000
1610731136202723 -0.99065 -0.13641 0.00000 59.18205 -0.13641 0.99065 0.00000 -1.30613 -0.00000 0.00000 -1.00000 -0.00000
1610731136452721 -0.98902 -0.14781 0.00000 57.29797 -0.14781 0.98902 0.00000 -0.64836 -0.00000 0.00000 -1.00000 -0.00000
1610731136702721 -0.98707 -0.16030 0.00000 55.36654 -0.16030 0.98707 0.00000 -0.01267 -0.00000 0.00000 -1.00000 -0.00000
1610731136952728 -0.98516 -0.17166 -0.00000 53.32181 -0.17166 0.98516 0.00000 0.46595 -0.00000 0.00000 -1.00000 0.00000
1610731137203365 -0.98496 -0.17280 -0.00000 51.35187 -0.17280 0.98496 0.00000 0.60960 -0.00000 0.00000 -1.00000 0.00000
1610731137452737 -0.98258 -0.18584 -0.00000 49.49407 -0.18584 0.98258 0.00000 1.12973 -0.00000 0.00000 -1.00000 0.00000
1610731137703358 -0.98229 -0.18736 0.00000 47.42305 -0.18736 0.98229 0.00000 1.24192 -0.00000 0.00000 -1.00000 0.00000
1610731137953989 -0.98095 -0.19427 0.00000 45.45048 -0.19427 0.98095 0.00000 1.61429 -0.00000 0.00000 -1.00000 0.00000
1610731138203993 -0.98071 -0.19545 0.00000 43.43654 -0.19545 0.98071 0.00000 1.64864 -0.00000 0.00000 -1.00000 0.00000
1610731138453995 -0.98023 -0.19784 0.00000 41.38357 -0.19784 0.98023 0.00000 1.64765 -0.00000 0.00000 -1.00000 0.00000
1610731138703375 -0.98036 -0.19719 0.00000 39.41763 -0.19719 0.98036 0.00000 1.57293 -0.00000 0.00000 -1.00000 0.00000
1610731138952750 -0.98153 -0.19132 -0.00000 37.37005 -0.19132 0.98153 0.00000 1.33196 -0.00000 0.00000 -1.00000 0.00000
1610731139202755 -0.98493 -0.17298 0.00000 35.34511 -0.17298 0.98493 0.00000 0.67190 -0.00000 0.00000 -1.00000 0.00000
1610731139452763 -0.98777 -0.15595 0.00000 33.33403 -0.15595 0.98777 0.00000 0.14135 -0.00000 0.00000 -1.00000 0.00000
1610731139702765 -0.99051 -0.13745 0.00000 31.19303 -0.13745 0.99051 0.00000 -0.59336 -0.00000 0.00000 -1.00000 -0.00000
1610731139953387 -0.99337 -0.11495 0.00000 29.18052 -0.11495 0.99337 0.00000 -1.25771 -0.00000 0.00000 -1.00000 -0.00000
1610731140203387 -0.99572 -0.09246 0.00000 27.10229 -0.09246 0.99572 0.00000 -1.90019 -0.00000 0.00000 -1.00000 -0.00000
1610731140454025 -0.99701 -0.07732 0.00000 24.95299 -0.07732 0.99701 0.00000 -2.36758 -0.00000 0.00000 -1.00000 -0.00000
1610731140704032 -0.99830 -0.05826 0.00000 22.81748 -0.05826 0.99830 0.00000 -2.94162 -0.00000 0.00000 -1.00000 -0.00000
1610731140954022 -0.99880 -0.04899 0.00000 20.73065 -0.04899 0.99880 0.00000 -3.12625 -0.00000 0.00000 -1.00000 -0.00000
1610731141204035 -0.99890 -0.04687 0.00000 18.63528 -0.04687 0.99890 0.00000 -3.21506 -0.00000 0.00000 -1.00000 -0.00000
1610731141454041 -0.99928 -0.03792 -0.00000 16.53342 -0.03792 0.99928 0.00000 -3.36838 -0.00000 0.00000 -1.00000 -0.00000
1610731141703418 -0.99950 -0.03169 0.00000 14.47259 -0.03169 0.99950 0.00000 -3.55483 -0.00000 0.00000 -1.00000 -0.00000
1610731141952795 -0.99957 -0.02939 0.00000 12.40710 -0.02939 0.99957 0.00000 -3.61571 -0.00000 0.00000 -1.00000 -0.00000
1610731142202169 -0.99958 -0.02910 -0.00000 10.46120 -0.02910 0.99958 0.00000 -3.65676 -0.00000 0.00000 -1.00000 -0.00000
1610731142452169 -0.99968 -0.02548 -0.00000 8.37234 -0.02548 0.99968 0.00000 -3.65506 -0.00000 0.00000 -1.00000 -0.00000
1610731142702797 -0.99965 -0.02660 -0.00000 6.41290 -0.02660 0.99965 0.00000 -3.66790 -0.00000 0.00000 -1.00000 -0.00000
1610731142952182 -0.99964 -0.02689 0.00000 4.29770 -0.02689 0.99964 0.00000 -3.75579 -0.00000 0.00000 -1.00000 -0.00000
1610731143202851 -0.99959 -0.02848 0.00000 2.35126 -0.02848 0.99959 0.00000 -3.67706 -0.00000 0.00000 -1.00000 -0.00000
1610731143452810 -0.99933 -0.03655 0.00000 0.34866 -0.03655 0.99933 0.00000 -3.74508 -0.00000 0.00000 -1.00000 -0.00000
1610731143702816 -0.99922 -0.03940 0.00000 -1.64582 -0.03940 0.99922 0.00000 -3.75030 -0.00000 0.00000 -1.00000 -0.00000
1610731143952819 -0.99887 -0.04742 0.00000 -3.61456 -0.04742 0.99887 0.00000 -3.73806 -0.00000 0.00000 -1.00000 -0.00000
1610731144203448 -0.99914 -0.04145 0.00000 -5.67089 -0.04145 0.99914 0.00000 -3.69718 -0.00000 0.00000 -1.00000 -0.00000
1610731144453447 -0.99885 -0.04791 0.00000 -7.64749 -0.04791 0.99885 0.00000 -3.69448 -0.00000 0.00000 -1.00000 -0.00000
1610731144704075 -0.99898 -0.04524 0.00000 -9.60290 -0.04524 0.99898 0.00000 -3.69278 -0.00000 0.00000 -1.00000 -0.00000
1610731144954081 -0.99872 -0.05050 0.00000 -11.55595 -0.05050 0.99872 0.00000 -3.80698 -0.00000 0.00000 -1.00000 -0.00000
1610731145204085 -0.99879 -0.04923 0.00000 -13.59747 -0.04923 0.99879 0.00000 -3.80217 -0.00000 0.00000 -1.00000 -0.00000
1610731145454087 -0.99844 -0.05580 0.00000 -15.46398 -0.05580 0.99844 0.00000 -3.88473 -0.00000 0.00000 -1.00000 -0.00000
1610731145703465 -0.99799 -0.06344 0.00000 -17.38769 -0.06344 0.99799 0.00000 -4.06678 -0.00000 0.00000 -1.00000 -0.00000
1610731145953469 -0.99836 -0.05729 0.00000 -19.38262 -0.05729 0.99836 0.00000 -3.94666 -0.00000 0.00000 -1.00000 -0.00000
1610731146203474 -0.99833 -0.05769 0.00000 -21.32973 -0.05769 0.99833 0.00000 -3.96875 -0.00000 0.00000 -1.00000 -0.00000
1610731146453475 -0.99823 -0.05944 0.00000 -23.50411 -0.05944 0.99823 0.00000 -4.12737 -0.00000 0.00000 -1.00000 -0.00000
1610731146704101 -0.99839 -0.05678 0.00000 -25.35350 -0.05678 0.99839 0.00000 -3.99066 -0.00000 0.00000 -1.00000 -0.00000
