1. 0. 0. 0. 0. -1. -0. 0. 0. 0. -1. 0.
1. -0.000 -0. 0.002 -0.000 -1. -0. -0.006 0. 0. -1. 0.
1. -0.003 -0. 0.016 -0.003 -1. -0. 0.001 0. 0. -1. 0.
1. -0.002 -0. 0.011 -0.002 -1. -0. 0.001 0. 0. -1. 0.
1. 0.000 0. 0.026 0.000 -1. -0. 0.017 0. 0. -1. 0.
1. 0.001 0. 0.020 0.001 -1. -0. -0.009 0. 0. -1. 0.
1. -0.001 -0. 0.008 -0.001 -1. -0. -0.005 0. 0. -1. 0.
1. 0.004 0. -0.001 0.004 -1. -0. -0.003 0. 0. -1. 0.
1. 0.004 0. 0.022 0.004 -1. -0. 0.031 0. 0. -1. 0.
1. -0.002 -0. -0.002 -0.002 -1. -0. -0.017 0. 0. -1. 0.
1. -0.002 -0. 0.021 -0.002 -1. -0. 0.002 0. 0. -1. 0.
1. -0.003 -0. 0.048 -0.003 -1. -0. 0.026 0. 0. -1. 0.
1. 0.001 0. -0.003 0.001 -1. -0. 0.008 0. 0. -1. 0.
1. 0.002 0. 0.016 0.002 -1. -0. 0.016 0. 0. -1. 0.
1. 0.000 0. 0.012 0.000 -1. -0. -0.012 0. 0. -1. 0.
1. -0.002 -0. 0.028 -0.002 -1. -0. -0.005 0. 0. -1. 0.
1. 0.000 0. 0.002 0.000 -1. -0. 0.012 0. 0. -1. 0.
1. 0.003 0. 0.021 0.003 -1. -0. 0.001 0. 0. -1. 0.
1. 0.000 0. 0.018 0.000 -1. -0. 0.001 0. 0. -1. 0.
1. 0.000 0. 0.008 0.000 -1. -0. -0.005 0. 0. -1. 0.
1. -0.001 -0. 0.023 -0.001 -1. -0. 0.014 0. 0. -1. 0.
1. -0.005 -0. 0.016 -0.005 -1. -0. -0.023 0. 0. -1. 0.
1. -0.001 -0. 0.009 -0.001 -1. -0. -0.005 0. 0. -1. 0.
1. 0.000 0. 0.006 0.000 -1. -0. 0.012 0. 0. -1. 0.
1. 0.004 0. 0.017 0.004 -1. -0. 0.016 0. 0. -1. 0.
1. 0.003 0. 0.034 0.003 -1. -0. 0.017 0. 0. -1. 0.
1. -0.000 -0. 0.036 -0.000 -1. -0. 0.031 0. 0. -1. 0.
1. -0.006 -0. 0.025 -0.006 -1. -0. -0.035 0. 0. -1. 0.
1. -0.005 -0. 0.045 -0.005 -1. -0. -0.023 0. 0. -1. 0.
1. -0.001 -0. 0.108 -0.001 -1. -0. -0.006 0. 0. -1. 0.
1. -0.005 -0. 0.161 -0.005 -1. -0. -0.026 0. 0. -1. 0.
1. -0.005 -0. 0.240 -0.005 -1. -0. -0.035 0. 0. -1. 0.
1. -0.013 -0. 0.459 -0.013 -1. -0. -0.023 0. 0. -1. 0.
1.000 -0.031 -0. 0.755 -0.031 -1.000 -0. -0.068 0. 0. -1. 0.
0.999 -0.045 -0. 1.164 -0.045 -0.999 -0. -0.059 0. 0. -1. 0.
0.998 -0.058 -0. 1.646 -0.058 -0.998 -0. -0.085 0. 0. -1. 0.
0.998 -0.062 -0. 2.140 -0.062 -0.998 -0. -0.176 0. 0. -1. 0.
0.998 -0.070 -0. 2.864 -0.070 -0.998 -0. -0.170 0. 0. -1. 0.
0.997 -0.081 -0. 3.625 -0.081 -0.997 -0. -0.300 0. 0. -1. 0.
0.995 -0.095 -0. 4.374 -0.095 -0.995 -0. -0.369 0. 0. -1. 0.
0.995 -0.102 -0. 5.295 -0.102 -0.995 -0. -0.409 0. 0. -1. 0.
0.994 -0.109 -0. 6.238 -0.109 -0.994 -0. -0.500 0. 0. -1. 0.
0.994 -0.111 -0. 7.263 -0.111 -0.994 -0. -0.585 0. 0. -1. 0.
0.993 -0.118 -0. 8.357 -0.118 -0.993 -0. -0.640 0. 0. -1. 0.
0.991 -0.131 -0. 9.465 -0.131 -0.991 -0. -0.938 0. 0. -1. 0.
0.990 -0.139 -0. 10.596 -0.139 -0.990 -0. -1.079 0. 0. -1. 0.
0.990 -0.140 -0. 11.781 -0.140 -0.990 -0. -1.303 0. 0. -1. 0.
0.991 -0.135 -0. 13.070 -0.135 -0.991 -0. -1.463 0. 0. -1. 0.
0.992 -0.126 -0. 14.344 -0.126 -0.992 -0. -1.601 0. 0. -1. 0.
0.992 -0.125 -0. 15.765 -0.125 -0.992 -0. -1.742 0. 0. -1. 0.
0.992 -0.124 -0. 17.109 -0.124 -0.992 -0. -2.048 0. 0. -1. 0.
0.992 -0.123 -0. 18.577 -0.123 -0.992 -0. -2.291 0. 0. -1. 0.
0.994 -0.114 -0. 20.203 -0.114 -0.994 -0. -2.477 0. 0. -1. 0.
0.995 -0.102 -0. 21.778 -0.102 -0.995 -0. -2.766 0. 0. -1. 0.
0.995 -0.097 -0. 23.362 -0.097 -0.995 -0. -2.893 0. 0. -1. 0.
0.996 -0.084 -0. 25.117 -0.084 -0.996 -0. -3.132 0. 0. -1. 0.
0.998 -0.069 -0. 26.826 -0.069 -0.998 -0. -3.259 0. 0. -1. 0.
0.999 -0.054 -0. 28.601 -0.054 -0.999 -0. -3.396 0. 0. -1. 0.
0.999 -0.035 -0. 30.434 -0.035 -0.999 -0. -3.555 0. 0. -1. 0.
1.000 -0.020 -0. 32.220 -0.020 -1.000 -0. -3.598 0. 0. -1. 0.
1. -0.006 -0. 34.197 -0.006 -1. -0. -3.546 0. 0. -1. 0.
1. 0.002 0. 35.946 0.002 -1. -0. -3.532 0. 0. -1. 0.
1.000 0.021 0. 37.880 0.021 -1.000 -0. -3.489 0. 0. -1. 0.
0.999 0.032 0. 39.927 0.032 -0.999 -0. -3.526 0. 0. -1. 0.
0.999 0.038 0. 41.877 0.038 -0.999 -0. -3.490 0. 0. -1. 0.
0.999 0.043 0. 43.934 0.043 -0.999 -0. -3.480 0. 0. -1. 0.
0.999 0.052 0. 45.984 0.052 -0.999 -0. -3.396 0. 0. -1. 0.
0.999 0.054 0. 48.124 0.054 -0.999 -0. -3.353 0. 0. -1. 0.
0.999 0.049 0. 50.290 0.049 -0.999 -0. -3.218 0. 0. -1. 0.
0.999 0.052 0. 52.485 0.052 -0.999 -0. -3.069 0. 0. -1. 0.
0.998 0.055 0. 54.720 0.055 -0.998 -0. -3.147 0. 0. -1. 0.
0.999 0.053 0. 56.946 0.053 -0.999 -0. -3.085 0. 0. -1. 0.
0.999 0.046 0. 59.169 0.046 -0.999 -0. -2.989 0. 0. -1. 0.
0.999 0.050 0. 61.382 0.050 -0.999 -0. -2.987 0. 0. -1. 0.
0.999 0.050 0. 63.581 0.050 -0.999 -0. -2.829 0. 0. -1. 0.
0.999 0.049 0. 65.773 0.049 -0.999 -0. -2.793 0. 0. -1. 0.
0.999 0.049 0. 67.966 0.049 -0.999 -0. -2.735 0. 0. -1. 0.
0.999 0.039 0. 70.110 0.039 -0.999 -0. -2.452 0. 0. -1. 0.
0.999 0.035 0. 72.306 0.035 -0.999 -0. -2.448 0. 0. -1. 0.
0.999 0.034 0. 74.515 0.034 -0.999 -0. -2.383 0. 0. -1. 0.
1.000 0.024 0. 76.673 0.024 -1.000 -0. -2.421 0. 0. -1. 0.
1. 0.008 0. 78.782 0.008 -1. -0. -2.357 0. 0. -1. 0.
1. -0.007 -0. 80.982 -0.007 -1. -0. -2.416 0. 0. -1. 0.
0.999 -0.042 -0. 83.192 -0.042 -0.999 -0. -2.551 0. 0. -1. 0.
0.997 -0.078 -0. 85.202 -0.078 -0.997 -0. -2.592 0. 0. -1. 0.
0.992 -0.126 -0. 87.255 -0.126 -0.992 -0. -2.843 0. 0. -1. 0.
0.985 -0.170 -0. 89.360 -0.170 -0.985 -0. -3.235 0. 0. -1. 0.
0.976 -0.216 -0. 91.413 -0.216 -0.976 -0. -3.732 0. 0. -1. 0.
0.964 -0.267 -0. 93.332 -0.267 -0.964 -0. -4.323 0. 0. -1. 0.
0.951 -0.310 -0. 95.236 -0.310 -0.951 -0. -5.009 0. 0. -1. 0.
0.931 -0.364 -0. 97.147 -0.364 -0.931 -0. -5.666 0. 0. -1. 0.
0.908 -0.419 -0. 99.047 -0.419 -0.908 -0. -6.552 0. 0. -1. 0.
0.882 -0.472 -0. 100.855 -0.472 -0.882 -0. -7.382 0. 0. -1. 0.
0.845 -0.535 -0. 102.566 -0.535 -0.845 -0. -8.505 0. 0. -1. 0.
0.803 -0.597 -0. 104.329 -0.597 -0.803 -0. -9.522 0. 0. -1. 0.
0.757 -0.654 -0. 105.673 -0.654 -0.757 -0. -10.864 0. 0. -1. 0.
0.698 -0.716 -0. 107.012 -0.716 -0.698 -0. -12.387 0. 0. -1. 0.
0.640 -0.768 -0. 108.213 -0.768 -0.640 -0. -13.718 0. 0. -1. 0.
0.581 -0.814 -0. 109.188 -0.814 -0.581 -0. -15.276 0. 0. -1. 0.
0.525 -0.851 -0. 110.156 -0.851 -0.525 -0. -16.881 0. 0. -1. 0.
0.468 -0.884 -0. 110.943 -0.884 -0.468 -0. -18.521 0. 0. -1. 0.
0.427 -0.904 -0. 111.896 -0.904 -0.427 -0. -20.115 0. 0. -1. 0.
0.394 -0.919 -0. 112.466 -0.919 -0.394 -0. -21.910 0. 0. -1. 0.
0.376 -0.927 -0. 113.053 -0.927 -0.376 -0. -23.690 0. 0. -1. 0.
0.367 -0.930 -0. 113.782 -0.930 -0.367 -0. -25.457 0. 0. -1. 0.
0.362 -0.932 -0. 114.579 -0.932 -0.362 -0. -27.128 0. 0. -1. 0.
0.369 -0.930 -0. 115.218 -0.930 -0.369 -0. -28.909 0. 0. -1. 0.
0.375 -0.927 -0. 115.855 -0.927 -0.375 -0. -30.753 0. 0. -1. 0.
0.375 -0.927 -0. 116.668 -0.927 -0.375 -0. -32.548 0. 0. -1. 0.
0.381 -0.925 -0. 117.363 -0.925 -0.381 -0. -34.339 0. 0. -1. 0.
0.387 -0.922 -0. 118.137 -0.922 -0.387 -0. -36.236 0. 0. -1. 0.
0.399 -0.917 -0. 118.883 -0.917 -0.399 -0. -38.056 0. 0. -1. 0.
0.412 -0.911 -0. 119.618 -0.911 -0.412 -0. -39.946 0. 0. -1. 0.
0.423 -0.906 -0. 120.482 -0.906 -0.423 -0. -41.754 0. 0. -1. 0.
0.442 -0.897 -0. 121.217 -0.897 -0.442 -0. -43.592 0. 0. -1. 0.
0.456 -0.890 -0. 122.061 -0.890 -0.456 -0. -45.388 0. 0. -1. 0.
0.473 -0.881 -0. 123.054 -0.881 -0.473 -0. -47.090 0. 0. -1. 0.
0.489 -0.872 -0. 123.927 -0.872 -0.489 -0. -48.799 0. 0. -1. 0.
0.499 -0.866 -0. 124.844 -0.866 -0.499 -0. -50.407 0. 0. -1. 0.
0.510 -0.860 -0. 125.690 -0.860 -0.510 -0. -51.986 0. 0. -1. 0.
0.519 -0.855 -0. 126.564 -0.855 -0.519 -0. -53.589 0. 0. -1. 0.
0.519 -0.855 -0. 127.538 -0.855 -0.519 -0. -55.049 0. 0. -1. 0.
0.530 -0.848 -0. 128.249 -0.848 -0.530 -0. -56.458 0. 0. -1. 0.
0.530 -0.848 -0. 129.311 -0.848 -0.530 -0. -57.971 0. 0. -1. 0.
0.534 -0.845 -0. 130.163 -0.845 -0.534 -0. -59.317 0. 0. -1. 0.
0.545 -0.838 -0. 130.977 -0.838 -0.545 -0. -60.625 0. 0. -1. 0.
0.546 -0.837 -0. 131.841 -0.837 -0.546 -0. -62.065 0. 0. -1. 0.
0.555 -0.832 -0. 132.671 -0.832 -0.555 -0. -63.393 0. 0. -1. 0.
0.559 -0.829 -0. 133.553 -0.829 -0.559 -0. -64.627 0. 0. -1. 0.
0.573 -0.819 -0. 134.355 -0.819 -0.573 -0. -65.808 0. 0. -1. 0.
0.590 -0.807 -0. 135.270 -0.807 -0.590 -0. -67.014 0. 0. -1. 0.
0.624 -0.781 -0. 136.067 -0.781 -0.624 -0. -68.166 0. 0. -1. 0.
0.659 -0.752 -0. 136.949 -0.752 -0.659 -0. -69.185 0. 0. -1. 0.
0.699 -0.715 -0. 137.972 -0.715 -0.699 -0. -69.991 0. 0. -1. 0.
0.752 -0.659 -0. 138.845 -0.659 -0.752 -0. -70.731 0. 0. -1. 0.
0.808 -0.590 -0. 139.836 -0.590 -0.808 -0. -71.669 0. 0. -1. 0.
0.861 -0.508 -0. 140.853 -0.508 -0.861 -0. -72.318 0. 0. -1. 0.
0.913 -0.407 -0. 141.930 -0.407 -0.913 -0. -72.794 0. 0. -1. 0.
0.959 -0.282 -0. 142.989 -0.282 -0.959 -0. -73.127 0. 0. -1. 0.
0.990 -0.139 -0. 144.071 -0.139 -0.990 -0. -73.221 0. 0. -1. 0.
1. 0.004 0. 145.228 0.004 -1. -0. -73.133 0. 0. -1. 0.
0.987 0.163 0. 146.247 0.163 -0.987 -0. -73.087 0. 0. -1. 0.
0.944 0.329 0. 147.239 0.329 -0.944 -0. -72.631 0. 0. -1. 0.
0.875 0.483 0. 148.131 0.483 -0.875 -0. -72.069 0. 0. -1. 0.
0.775 0.632 0. 148.908 0.632 -0.775 -0. -71.377 0. 0. -1. 0.
0.648 0.761 0. 149.454 0.761 -0.648 -0. -70.569 0. 0. -1. 0.
0.500 0.866 0. 149.978 0.866 -0.500 -0. -69.753 0. 0. -1. 0.
0.338 0.941 0. 150.314 0.941 -0.338 -0. -68.859 0. 0. -1. 0.
0.169 0.986 0. 150.399 0.986 -0.169 -0. -67.787 0. 0. -1. 0.
-0.002 1. 0. 150.391 1. 0.002 0. -66.843 0. 0. -1. 0.
-0.175 0.985 0. 150.109 0.985 0.175 0. -65.961 0. 0. -1. 0.
-0.340 0.941 0. 149.768 0.941 0.340 0. -65.152 0. 0. -1. 0.
-0.482 0.876 0. 149.264 0.876 0.482 0. -64.221 0. 0. -1. 0.
-0.604 0.797 0. 148.578 0.797 0.604 0. -63.495 0. 0. -1. 0.
-0.695 0.719 0. 147.816 0.719 0.695 0. -62.614 0. 0. -1. 0.
-0.772 0.636 0. 146.952 0.636 0.772 0. -62.124 0. 0. -1. 0.
-0.826 0.563 0. 145.936 0.563 0.826 0. -61.350 0. 0. -1. 0.
-0.867 0.498 0. 144.956 0.498 0.867 0. -60.710 0. 0. -1. 0.
-0.897 0.443 0. 143.749 0.443 0.897 0. -60.103 0. 0. -1. 0.
-0.915 0.403 0. 142.493 0.403 0.915 0. -59.571 0. 0. -1. 0.
-0.923 0.386 0. 141.258 0.386 0.923 0. -59.089 0. 0. -1. 0.
-0.924 0.383 0. 139.988 0.383 0.924 0. -58.638 0. 0. -1. 0.
-0.914 0.407 0. 138.662 0.407 0.914 0. -57.984 0. 0. -1. 0.
-0.905 0.426 0. 137.269 0.426 0.905 0. -57.400 0. 0. -1. 0.
-0.893 0.450 0. 135.960 0.450 0.893 0. -56.618 0. 0. -1. 0.
-0.876 0.483 0. 134.629 0.483 0.876 0. -55.817 0. 0. -1. 0.
-0.851 0.525 0. 133.248 0.525 0.851 0. -55.041 0. 0. -1. 0.
-0.828 0.561 0. 131.965 0.561 0.828 0. -54.007 0. 0. -1. 0.
-0.797 0.604 0. 130.577 0.604 0.797 0. -52.976 0. 0. -1. 0.
-0.765 0.644 0. 129.299 0.644 0.765 0. -51.902 0. 0. -1. 0.
-0.727 0.686 0. 127.946 0.686 0.727 0. -50.808 0. 0. -1. 0.
-0.692 0.722 0. 126.873 0.722 0.692 0. -49.428 0. 0. -1. 0.
-0.647 0.762 0. 125.671 0.762 0.647 0. -48.065 0. 0. -1. 0.
-0.601 0.799 0. 124.525 0.799 0.601 0. -46.623 0. 0. -1. 0.
-0.559 0.829 0. 123.583 0.829 0.559 0. -45.169 0. 0. -1. 0.
-0.518 0.855 0. 122.622 0.855 0.518 0. -43.481 0. 0. -1. 0.
-0.488 0.873 0. 121.763 0.873 0.488 0. -41.888 0. 0. -1. 0.
-0.455 0.890 0. 120.894 0.890 0.455 0. -40.187 0. 0. -1. 0.
-0.431 0.902 0. 120.263 0.902 0.431 0. -38.522 0. 0. -1. 0.
-0.409 0.912 0. 119.382 0.912 0.409 0. -36.644 0. 0. -1. 0.
-0.393 0.919 0. 118.650 0.919 0.393 0. -34.913 0. 0. -1. 0.
-0.374 0.928 0. 118.085 0.928 0.374 0. -33.104 0. 0. -1. 0.
-0.373 0.928 0. 117.325 0.928 0.373 0. -31.322 0. 0. -1. 0.
-0.357 0.934 0. 116.745 0.934 0.357 0. -29.473 0. 0. -1. 0.
-0.363 0.932 0. 115.867 0.932 0.363 0. -27.601 0. 0. -1. 0.
-0.358 0.934 0. 115.349 0.934 0.358 0. -25.727 0. 0. -1. 0.
-0.380 0.925 0. 114.388 0.925 0.380 0. -23.870 0. 0. -1. 0.
-0.404 0.915 0. 113.668 0.915 0.404 0. -21.970 0. 0. -1. 0.
-0.444 0.896 0. 112.771 0.896 0.444 0. -20.132 0. 0. -1. 0.
-0.483 0.876 0. 111.853 0.876 0.483 0. -18.265 0. 0. -1. 0.
-0.524 0.852 0. 110.814 0.852 0.524 0. -16.335 0. 0. -1. 0.
-0.570 0.821 0. 109.661 0.821 0.570 0. -14.605 0. 0. -1. 0.
-0.616 0.788 0. 108.477 0.788 0.616 0. -12.982 0. 0. -1. 0.
-0.671 0.741 0. 107.260 0.741 0.671 0. -11.383 0. 0. -1. 0.
-0.728 0.686 0. 105.608 0.686 0.728 0. -9.973 0. 0. -1. 0.
-0.779 0.627 0. 103.934 0.627 0.779 0. -8.686 0. 0. -1. 0.
-0.828 0.561 0. 102.339 0.561 0.828 0. -7.453 0. 0. -1. 0.
-0.863 0.506 0. 100.507 0.506 0.863 0. -6.399 0. 0. -1. 0.
-0.898 0.440 0. 98.789 0.440 0.898 0. -5.380 0. 0. -1. 0.
-0.925 0.381 0. 96.874 0.381 0.925 0. -4.658 0. 0. -1. 0.
-0.949 0.314 0. 95.066 0.314 0.949 0. -3.930 0. 0. -1. 0.
-0.971 0.239 0. 93.038 0.239 0.971 0. -3.341 0. 0. -1. 0.
-0.986 0.170 0. 90.826 0.170 0.986 0. -2.964 0. 0. -1. 0.
-0.994 0.111 0. 88.753 0.111 0.994 0. -2.693 0. 0. -1. 0.
-0.998 0.056 0. 86.585 0.056 0.998 0. -2.551 0. 0. -1. 0.
-1.000 0.020 0. 84.413 0.020 1.000 0. -2.544 0. 0. -1. 0.
-1. 0.012 0. 82.270 0.012 1. 0. -2.520 0. 0. -1. 0.
-1. -0.005 -0. 80.083 -0.005 1. 0. -2.563 0. 0. -1. 0.
-1. -0.008 -0. 77.849 -0.008 1. 0. -2.538 0. 0. -1. 0.
-1.000 -0.015 -0. 75.590 -0.015 1.000 0. -2.550 0. 0. -1. 0.
-1.000 -0.020 -0. 73.326 -0.020 1.000 0. -2.564 0. 0. -1. 0.
-1. -0.011 -0. 71.059 -0.011 1. 0. -2.521 0. 0. -1. 0.
-1.000 -0.020 -0. 68.755 -0.020 1.000 0. -2.530 0. 0. -1. 0.
-1.000 -0.020 -0. 66.460 -0.020 1.000 0. -2.614 0. 0. -1. 0.
-1.000 -0.018 -0. 64.151 -0.018 1.000 0. -2.632 0. 0. -1. 0.
-1.000 -0.017 -0. 61.871 -0.017 1.000 0. -2.486 0. 0. -1. 0.
-1.000 -0.019 -0. 59.660 -0.019 1.000 0. -2.409 0. 0. -1. 0.
-1.000 -0.026 -0. 57.334 -0.026 1.000 0. -2.447 0. 0. -1. 0.
-0.999 -0.040 -0. 55.149 -0.040 0.999 0. -2.444 0. 0. -1. 0.
-0.999 -0.042 -0. 52.869 -0.042 0.999 0. -2.682 0. 0. -1. 0.
-0.999 -0.054 -0. 50.665 -0.054 0.999 0. -2.658 0. 0. -1. 0.
-0.999 -0.053 -0. 48.436 -0.053 0.999 0. -2.734 0. 0. -1. 0.
-0.999 -0.049 -0. 46.333 -0.049 0.999 0. -2.811 0. 0. -1. 0.
-0.999 -0.032 -0. 44.132 -0.032 0.999 0. -2.858 0. 0. -1. 0.
-1.000 -0.017 -0. 42.011 -0.017 1.000 0. -2.815 0. 0. -1. 0.
-1. -0.001 -0. 39.874 -0.001 1. 0. -2.752 0. 0. -1. 0.
-1.000 0.021 0. 37.743 0.021 1.000 0. -2.753 0. 0. -1. 0.
-0.999 0.032 0. 35.540 0.032 0.999 0. -2.661 0. 0. -1. 0.
-0.999 0.047 0. 33.457 0.047 0.999 0. -2.566 0. 0. -1. 0.
-0.998 0.060 0. 31.241 0.060 0.998 0. -2.420 0. 0. -1. 0.
-0.998 0.067 0. 29.107 0.067 0.998 0. -2.116 0. 0. -1. 0.
-0.997 0.078 0. 26.875 0.078 0.997 0. -1.970 0. 0. -1. 0.
-0.997 0.083 0. 24.727 0.083 0.997 0. -1.569 0. 0. -1. 0.
-0.996 0.094 0. 22.497 0.094 0.996 0. -1.445 0. 0. -1. 0.
-0.996 0.094 0. 20.287 0.094 0.996 0. -1.108 0. 0. -1. 0.
-0.996 0.093 0. 18.020 0.093 0.996 0. -0.904 0. 0. -1. 0.
-0.995 0.096 0. 15.834 0.096 0.995 0. -0.743 0. 0. -1. 0.
-0.996 0.093 0. 13.555 0.093 0.996 0. -0.400 0. 0. -1. 0.
-0.996 0.092 0. 11.306 0.092 0.996 0. -0.244 0. 0. -1. 0.
-0.996 0.091 0. 9.087 0.091 0.996 0. -0.084 0. 0. -1. 0.
-0.997 0.082 0. 6.885 0.082 0.997 0. 0.054 0. 0. -1. 0.
-0.997 0.077 0. 4.594 0.077 0.997 0. 0.376 0. 0. -1. 0.
-0.997 0.073 0. 2.443 0.073 0.997 0. 0.637 0. 0. -1. 0.
-0.997 0.071 0. 0.196 0.071 0.997 0. 0.669 0. 0. -1. 0.
-0.998 0.068 0. -2.001 0.068 0.998 0. 0.865 0. 0. -1. 0.
-0.998 0.067 0. -4.192 0.067 0.998 0. 1.082 0. 0. -1. 0.
-0.998 0.061 0. -6.380 0.061 0.998 0. 1.353 0. 0. -1. 0.
-0.998 0.058 0. -8.581 0.058 0.998 0. 1.402 0. 0. -1. 0.
-0.999 0.049 0. -10.679 0.049 0.999 0. 1.608 0. 0. -1. 0.
-0.999 0.044 0. -12.817 0.044 0.999 0. 1.618 0. 0. -1. 0.
-0.999 0.041 0. -14.965 0.041 0.999 0. 1.682 0. 0. -1. 0.
-0.999 0.032 0. -17.114 0.032 0.999 0. 1.833 0. 0. -1. 0.
-0.999 0.037 0. -19.287 0.037 0.999 0. 1.890 0. 0. -1. 0.
-0.999 0.035 0. -21.381 0.035 0.999 0. 1.963 0. 0. -1. 0.
-0.999 0.035 0. -23.622 0.035 0.999 0. 2.096 0. 0. -1. 0.
-0.999 0.032 0. -25.741 0.032 0.999 0. 2.264 0. 0. -1. 0.
-1.000 0.029 0. -27.847 0.029 1.000 0. 2.294 0. 0. -1. 0.
-1.000 0.029 0. -30.155 0.029 1.000 0. 2.318 0. 0. -1. 0.
-0.999 0.034 0. -32.241 0.034 0.999 0. 2.377 0. 0. -1. 0.
-1.000 0.031 0. -34.437 0.031 1.000 0. 2.414 0. 0. -1. 0.
-1.000 0.024 0. -36.614 0.024 1.000 0. 2.531 0. 0. -1. 0.
-1.000 0.029 0. -38.755 0.029 1.000 0. 2.665 0. 0. -1. 0.
-1.000 0.029 0. -40.876 0.029 1.000 0. 2.647 0. 0. -1. 0.
-1.000 0.023 0. -43.055 0.023 1.000 0. 2.828 0. 0. -1. 0.
-1.000 0.019 0. -45.095 0.019 1.000 0. 2.934 0. 0. -1. 0.
-1. 0.011 0. -47.124 0.011 1. 0. 2.982 0. 0. -1. 0.
-1. 0.009 0. -49.031 0.009 1. 0. 3.052 0. 0. -1. 0.
-1. 0.006 0. -50.934 0.006 1. 0. 3.100 0. 0. -1. 0.
-1. 0.010 0. -52.752 0.010 1. 0. 3.028 0. 0. -1. 0.
-1.000 0.020 0. -54.608 0.020 1.000 0. 3.065 0. 0. -1. 0.
-1.000 0.030 0. -56.299 0.030 1.000 0. 3.149 0. 0. -1. 0.
-0.999 0.044 0. -57.894 0.044 0.999 0. 3.200 0. 0. -1. 0.
-0.998 0.065 0. -59.388 0.065 0.998 0. 3.329 0. 0. -1. 0.
-0.997 0.083 0. -60.812 0.083 0.997 0. 3.464 0. 0. -1. 0.
-0.993 0.118 0. -62.155 0.118 0.993 0. 3.596 0. 0. -1. 0.
-0.988 0.152 0. -63.433 0.152 0.988 0. 3.852 0. 0. -1. 0.
-0.979 0.204 0. -64.559 0.204 0.979 0. 4.294 0. 0. -1. 0.
-0.961 0.276 0. -65.659 0.276 0.961 0. 4.361 0. 0. -1. 0.
-0.938 0.347 0. -66.621 0.347 0.938 0. 4.806 0. 0. -1. 0.
-0.904 0.428 0. -67.627 0.428 0.904 0. 5.334 0. 0. -1. 0.
-0.849 0.528 0. -68.541 0.528 0.849 0. 5.843 0. 0. -1. 0.
-0.781 0.625 0. -69.270 0.625 0.781 0. 6.504 0. 0. -1. 0.
-0.694 0.720 0. -69.915 0.720 0.694 0. 7.281 0. 0. -1. 0.
-0.602 0.798 0. -70.366 0.798 0.602 0. 8.157 0. 0. -1. 0.
-0.500 0.866 0. -70.865 0.866 0.500 0. 8.983 0. 0. -1. 0.
-0.406 0.914 0. -71.174 0.914 0.406 0. 9.924 0. 0. -1. 0.
-0.311 0.951 0. -71.620 0.951 0.311 0. 10.935 0. 0. -1. 0.
-0.220 0.976 0. -71.774 0.976 0.220 0. 12.054 0. 0. -1. 0.
-0.150 0.989 0. -71.829 0.989 0.150 0. 13.139 0. 0. -1. 0.
-0.108 0.994 0. -71.861 0.994 0.108 0. 14.430 0. 0. -1. 0.
-0.072 0.997 0. -71.909 0.997 0.072 0. 15.691 0. 0. -1. 0.
-0.045 0.999 0. -72.075 0.999 0.045 0. 16.972 0. 0. -1. 0.
-0.028 1.000 0. -72.096 1.000 0.028 0. 18.324 0. 0. -1. 0.
-0.023 1.000 0. -72.117 1.000 0.023 0. 19.856 0. 0. -1. 0.
-0.011 1. 0. -72.010 1. 0.011 0. 21.311 0. 0. -1. 0.
-0.003 1. 0. -72.188 1. 0.003 0. 22.976 0. 0. -1. 0.
0.010 1. 0. -71.849 1. -0.010 -0. 24.649 0. 0. -1. 0.
0.021 1.000 0. -71.992 1.000 -0.021 -0. 26.329 0. 0. -1. 0.
0.031 1.000 0. -71.759 1.000 -0.031 -0. 28.087 0. 0. -1. 0.
0.047 0.999 0. -71.669 0.999 -0.047 -0. 29.895 0. 0. -1. 0.
0.054 0.999 0. -71.492 0.999 -0.054 -0. 31.670 0. 0. -1. 0.
0.077 0.997 0. -71.335 0.997 -0.077 -0. 33.551 0. 0. -1. 0.
0.096 0.995 0. -71.066 0.995 -0.096 -0. 35.475 0. 0. -1. 0.
0.121 0.993 0. -70.932 0.993 -0.121 -0. 37.305 0. 0. -1. 0.
0.146 0.989 0. -70.603 0.989 -0.146 -0. 39.107 0. 0. -1. 0.
0.158 0.987 0. -70.280 0.987 -0.158 -0. 40.877 0. 0. -1. 0.
0.167 0.986 0. -69.842 0.986 -0.167 -0. 42.848 0. 0. -1. 0.
0.170 0.985 0. -69.489 0.985 -0.170 -0. 44.553 0. 0. -1. 0.
0.166 0.986 0. -69.207 0.986 -0.166 -0. 46.548 0. 0. -1. 0.
0.148 0.989 0. -68.841 0.989 -0.148 -0. 48.425 0. 0. -1. 0.
0.130 0.992 0. -68.560 0.992 -0.130 -0. 50.505 0. 0. -1. 0.
0.111 0.994 0. -68.324 0.994 -0.111 -0. 52.449 0. 0. -1. 0.
0.100 0.995 0. -68.158 0.995 -0.100 -0. 54.403 0. 0. -1. 0.
0.083 0.997 0. -67.876 0.997 -0.083 -0. 56.482 0. 0. -1. 0.
0.069 0.998 0. -67.594 0.998 -0.069 -0. 58.575 0. 0. -1. 0.
0.046 0.999 0. -67.584 0.999 -0.046 -0. 60.626 0. 0. -1. 0.
0.035 0.999 0. -67.366 0.999 -0.035 -0. 62.606 0. 0. -1. 0.
0.025 1.000 0. -67.309 1.000 -0.025 -0. 64.679 0. 0. -1. 0.
0.011 1. 0. -67.336 1. -0.011 -0. 66.497 0. 0. -1. 0.
0.007 1. 0. -67.315 1. -0.007 -0. 68.651 0. 0. -1. 0.
-0.003 1. 0. -67.251 1. 0.003 0. 70.499 0. 0. -1. 0.
0.005 1. 0. -67.130 1. -0.005 -0. 72.465 0. 0. -1. 0.
0.008 1. 0. -67.153 1. -0.008 -0. 74.262 0. 0. -1. 0.
0.003 1. 0. -67.086 1. -0.003 -0. 76.117 0. 0. -1. 0.
-0.001 1. 0. -67.061 1. 0.001 0. 77.867 0. 0. -1. 0.
-0.009 1. 0. -67. 1. 0.009 0. 79.572 0. 0. -1. 0.
-0.035 0.999 0. -67.206 0.999 0.035 0. 81.238 0. 0. -1. 0.
-0.069 0.998 0. -67.116 0.998 0.069 0. 82.872 0. 0. -1. 0.
-0.107 0.994 0. -67.208 0.994 0.107 0. 84.423 0. 0. -1. 0.
-0.168 0.986 0. -67.468 0.986 0.168 0. 85.901 0. 0. -1. 0.
-0.235 0.972 0. -67.816 0.972 0.235 0. 87.548 0. 0. -1. 0.
-0.304 0.953 0. -68.210 0.953 0.304 0. 88.904 0. 0. -1. 0.
-0.385 0.923 0. -68.796 0.923 0.385 0. 90.292 0. 0. -1. 0.
-0.466 0.885 0. -69.373 0.885 0.466 0. 91.667 0. 0. -1. 0.
-0.551 0.835 0. -70.168 0.835 0.551 0. 92.917 0. 0. -1. 0.
-0.635 0.772 0. -70.999 0.772 0.635 0. 94.109 0. 0. -1. 0.
-0.715 0.699 0. -72.135 0.699 0.715 0. 95.170 0. 0. -1. 0.
-0.783 0.622 0. -73.230 0.622 0.783 0. 96.131 0. 0. -1. 0.
-0.847 0.531 0. -74.444 0.531 0.847 0. 96.887 0. 0. -1. 0.
-0.896 0.443 0. -75.754 0.443 0.896 0. 97.627 0. 0. -1. 0.
-0.933 0.361 0. -77.070 0.361 0.933 0. 98.103 0. 0. -1. 0.
-0.954 0.300 0. -78.427 0.300 0.954 0. 98.575 0. 0. -1. 0.
-0.967 0.256 0. -79.843 0.256 0.967 0. 98.967 0. 0. -1. 0.
-0.975 0.221 0. -81.236 0.221 0.975 0. 99.322 0. 0. -1. 0.
-0.979 0.205 0. -82.734 0.205 0.979 0. 99.463 0. 0. -1. 0.
-0.981 0.194 0. -84.202 0.194 0.981 0. 99.978 0. 0. -1. 0.
-0.981 0.192 0. -85.787 0.192 0.981 0. 100.234 0. 0. -1. 0.
-0.977 0.214 0. -87.422 0.214 0.977 0. 100.495 0. 0. -1. 0.
-0.964 0.266 0. -88.957 0.266 0.964 0. 100.951 0. 0. -1. 0.
-0.948 0.317 0. -90.536 0.317 0.948 0. 101.507 0. 0. -1. 0.
-0.927 0.376 0. -92.152 0.376 0.927 0. 102.204 0. 0. -1. 0.
-0.902 0.431 0. -93.696 0.431 0.902 0. 103.088 0. 0. -1. 0.
-0.870 0.493 0. -95.196 0.493 0.870 0. 103.982 0. 0. -1. 0.
-0.835 0.550 0. -96.688 0.550 0.835 0. 105.029 0. 0. -1. 0.
-0.804 0.595 0. -98.320 0.595 0.804 0. 106.040 0. 0. -1. 0.
-0.776 0.631 0. -99.728 0.631 0.776 0. 107.260 0. 0. -1. 0.
-0.748 0.664 0. -101.258 0.664 0.748 0. 108.574 0. 0. -1. 0.
-0.729 0.684 0. -102.788 0.684 0.729 0. 109.930 0. 0. -1. 0.
-0.716 0.698 0. -104.149 0.698 0.716 0. 111.451 0. 0. -1. 0.
-0.709 0.705 0. -105.630 0.705 0.709 0. 113.036 0. 0. -1. 0.
-0.703 0.711 0. -107.114 0.711 0.703 0. 114.586 0. 0. -1. 0.
-0.699 0.715 0. -108.662 0.715 0.699 0. 116.208 0. 0. -1. 0.
-0.694 0.720 0. -110.219 0.720 0.694 0. 117.763 0. 0. -1. 0.
-0.697 0.717 0. -111.707 0.717 0.697 0. 119.574 0. 0. -1. 0.
-0.692 0.722 0. -113.268 0.722 0.692 0. 121.312 0. 0. -1. 0.
-0.696 0.718 0. -114.898 0.718 0.696 0. 123.073 0. 0. -1. 0.
-0.693 0.721 0. -116.562 0.721 0.693 0. 124.825 0. 0. -1. 0.
-0.696 0.718 0. -118.318 0.718 0.696 0. 126.471 0. 0. -1. 0.
-0.692 0.722 0. -120.067 0.722 0.692 0. 128.409 0. 0. -1. 0.
-0.691 0.722 0. -121.640 0.722 0.691 0. 130.149 0. 0. -1. 0.
-0.696 0.718 0. -123.446 0.718 0.696 0. 132.230 0. 0. -1. 0.
-0.695 0.719 0. -125.108 0.719 0.695 0. 133.993 0. 0. -1. 0.
-0.695 0.719 0. -126.981 0.719 0.695 0. 135.838 0. 0. -1. 0.
-0.695 0.719 0. -128.682 0.719 0.695 0. 137.711 0. 0. -1. 0.
-0.695 0.719 0. -130.502 0.719 0.695 0. 139.562 0. 0. -1. 0.
-0.696 0.718 0. -132.218 0.718 0.696 0. 141.462 0. 0. -1. 0.
-0.699 0.715 0. -133.954 0.715 0.699 0. 143.415 0. 0. -1. 0.
-0.695 0.719 0. -135.723 0.719 0.695 0. 145.262 0. 0. -1. 0.
-0.693 0.721 0. -137.465 0.721 0.693 0. 147.234 0. 0. -1. 0.
-0.691 0.723 0. -139.319 0.723 0.691 0. 149.181 0. 0. -1. 0.
-0.687 0.727 0. -141.007 0.727 0.687 0. 151.065 0. 0. -1. 0.
-0.678 0.735 0. -142.783 0.735 0.678 0. 152.957 0. 0. -1. 0.
-0.662 0.750 0. -144.374 0.750 0.662 0. 154.855 0. 0. -1. 0.
-0.649 0.761 0. -146.103 0.761 0.649 0. 156.741 0. 0. -1. 0.
-0.626 0.780 0. -147.644 0.780 0.626 0. 158.833 0. 0. -1. 0.
-0.606 0.796 0. -149.072 0.796 0.606 0. 160.796 0. 0. -1. 0.
-0.576 0.817 0. -150.478 0.817 0.576 0. 162.833 0. 0. -1. 0.
-0.541 0.841 0. -151.937 0.841 0.541 0. 164.905 0. 0. -1. 0.
-0.514 0.858 0. -153.036 0.858 0.514 0. 167.090 0. 0. -1. 0.
-0.478 0.878 0. -154.125 0.878 0.478 0. 169.264 0. 0. -1. 0.
-0.435 0.901 0. -155.458 0.901 0.435 0. 171.386 0. 0. -1. 0.
-0.389 0.921 0. -156.404 0.921 0.389 0. 173.605 0. 0. -1. 0.
-0.343 0.939 0. -157.082 0.939 0.343 0. 175.953 0. 0. -1. 0.
-0.305 0.952 0. -158.034 0.952 0.305 0. 178.103 0. 0. -1. 0.
-0.258 0.966 0. -158.587 0.966 0.258 0. 180.494 0. 0. -1. 0.
-0.216 0.976 0. -159.046 0.976 0.216 0. 182.898 0. 0. -1. 0.
-0.185 0.983 0. -159.564 0.983 0.185 0. 185.197 0. 0. -1. 0.
-0.158 0.987 0. -159.927 0.987 0.158 0. 187.654 0. 0. -1. 0.
-0.133 0.991 0. -160.205 0.991 0.133 0. 190.030 0. 0. -1. 0.
-0.119 0.993 0. -160.251 0.993 0.119 0. 192.479 0. 0. -1. 0.
-0.112 0.994 0. -160.705 0.994 0.112 0. 194.850 0. 0. -1. 0.
-0.103 0.995 0. -160.707 0.995 0.103 0. 197.315 0. 0. -1. 0.
-0.106 0.994 0. -160.832 0.994 0.106 0. 199.740 0. 0. -1. 0.
-0.092 0.996 0. -161.023 0.996 0.092 0. 202.178 0. 0. -1. 0.
-0.094 0.996 0. -161.359 0.996 0.094 0. 204.599 0. 0. -1. 0.
-0.104 0.995 0. -161.516 0.995 0.104 0. 207.033 0. 0. -1. 0.
-0.108 0.994 0. -161.792 0.994 0.108 0. 209.430 0. 0. -1. 0.
-0.126 0.992 0. -161.851 0.992 0.126 0. 211.915 0. 0. -1. 0.
-0.149 0.989 0. -162.132 0.989 0.149 0. 214.196 0. 0. -1. 0.
-0.171 0.985 0. -162.688 0.985 0.171 0. 216.472 0. 0. -1. 0.
-0.212 0.977 0. -163.183 0.977 0.212 0. 218.784 0. 0. -1. 0.
-0.264 0.965 0. -163.765 0.965 0.264 0. 221.134 0. 0. -1. 0.
-0.318 0.948 0. -164.369 0.948 0.318 0. 223.262 0. 0. -1. 0.
-0.375 0.927 0. -165.230 0.927 0.375 0. 225.368 0. 0. -1. 0.
-0.437 0.899 0. -166.043 0.899 0.437 0. 227.350 0. 0. -1. 0.
-0.502 0.865 0. -167.155 0.865 0.502 0. 229.234 0. 0. -1. 0.
-0.572 0.821 0. -168.288 0.821 0.572 0. 231.027 0. 0. -1. 0.
-0.641 0.768 0. -169.805 0.768 0.641 0. 232.684 0. 0. -1. 0.
-0.707 0.708 0. -171.160 0.708 0.707 0. 234.235 0. 0. -1. 0.
-0.766 0.643 0. -172.971 0.643 0.766 0. 235.694 0. 0. -1. 0.
-0.821 0.570 0. -174.638 0.570 0.821 0. 236.922 0. 0. -1. 0.
-0.865 0.501 0. -176.519 0.501 0.865 0. 238.054 0. 0. -1. 0.
-0.898 0.440 0. -178.524 0.440 0.898 0. 239.060 0. 0. -1. 0.
-0.923 0.385 0. -180.533 0.385 0.923 0. 240.015 0. 0. -1. 0.
-0.937 0.349 0. -182.652 0.349 0.937 0. 240.889 0. 0. -1. 0.
-0.944 0.331 0. -184.616 0.331 0.944 0. 241.828 0. 0. -1. 0.
-0.948 0.317 0. -186.939 0.317 0.948 0. 242.582 0. 0. -1. 0.
-0.953 0.303 0. -189.276 0.303 0.953 0. 243.283 0. 0. -1. 0.
-0.956 0.293 0. -191.589 0.293 0.956 0. 244.029 0. 0. -1. 0.
-0.959 0.283 0. -193.871 0.283 0.959 0. 244.784 0. 0. -1. 0.
-0.960 0.279 0. -196.300 0.279 0.960 0. 245.530 0. 0. -1. 0.
-0.962 0.274 0. -198.603 0.274 0.962 0. 246.281 0. 0. -1. 0.
-0.963 0.268 0. -201.044 0.268 0.963 0. 246.900 0. 0. -1. 0.
-0.965 0.263 0. -203.427 0.263 0.965 0. 247.625 0. 0. -1. 0.
-0.966 0.260 0. -205.767 0.260 0.966 0. 248.300 0. 0. -1. 0.
-0.966 0.257 0. -208.208 0.257 0.966 0. 248.970 0. 0. -1. 0.
-0.966 0.257 0. -210.387 0.257 0.966 0. 249.655 0. 0. -1. 0.
-0.967 0.255 0. -212.839 0.255 0.967 0. 250.247 0. 0. -1. 0.
-0.967 0.253 0. -215.108 0.253 0.967 0. 250.901 0. 0. -1. 0.
-0.968 0.252 0. -217.289 0.252 0.968 0. 251.655 0. 0. -1. 0.
-0.968 0.252 0. -219.485 0.252 0.968 0. 252.198 0. 0. -1. 0.
-0.966 0.260 0. -221.717 0.260 0.966 0. 252.718 0. 0. -1. 0.
-0.963 0.271 0. -223.728 0.271 0.963 0. 253.475 0. 0. -1. 0.
-0.959 0.283 0. -225.658 0.283 0.959 0. 254.095 0. 0. -1. 0.
-0.955 0.295 0. -227.580 0.295 0.955 0. 254.656 0. 0. -1. 0.
-0.950 0.311 0. -229.405 0.311 0.950 0. 255.210 0. 0. -1. 0.
-0.944 0.330 0. -231.102 0.330 0.944 0. 255.938 0. 0. -1. 0.
-0.933 0.360 0. -232.734 0.360 0.933 0. 256.632 0. 0. -1. 0.
-0.920 0.392 0. -234.214 0.392 0.920 0. 257.286 0. 0. -1. 0.
-0.908 0.419 0. -235.557 0.419 0.908 0. 257.893 0. 0. -1. 0.
-0.897 0.442 0. -236.930 0.442 0.897 0. 258.554 0. 0. -1. 0.
-0.891 0.454 0. -237.992 0.454 0.891 0. 259.212 0. 0. -1. 0.
-0.888 0.460 0. -239.326 0.460 0.888 0. 259.808 0. 0. -1. 0.
-0.889 0.457 0. -240.416 0.457 0.889 0. 260.407 0. 0. -1. 0.
-0.892 0.452 0. -241.554 0.452 0.892 0. 261.008 0. 0. -1. 0.
-0.897 0.441 0. -242.450 0.441 0.897 0. 261.553 0. 0. -1. 0.
-0.898 0.439 0. -243.438 0.439 0.898 0. 261.919 0. 0. -1. 0.
-0.899 0.438 0. -244.269 0.438 0.899 0. 262.427 0. 0. -1. 0.
-0.901 0.435 0. -245.163 0.435 0.901 0. 262.811 0. 0. -1. 0.
-0.899 0.439 0. -245.741 0.439 0.899 0. 263.238 0. 0. -1. 0.
-0.900 0.437 0. -246.373 0.437 0.900 0. 263.574 0. 0. -1. 0.
-0.898 0.440 0. -246.900 0.440 0.898 0. 263.831 0. 0. -1. 0.
-0.894 0.447 0. -247.387 0.447 0.894 0. 264.084 0. 0. -1. 0.
-0.894 0.447 0. -247.719 0.447 0.894 0. 264.226 0. 0. -1. 0.
-0.892 0.452 0. -248.133 0.452 0.892 0. 264.443 0. 0. -1. 0.
-0.893 0.449 0. -248.373 0.449 0.893 0. 264.456 0. 0. -1. 0.
-0.892 0.452 0. -248.549 0.452 0.892 0. 264.600 0. 0. -1. 0.
-0.892 0.452 0. -248.756 0.452 0.892 0. 264.778 0. 0. -1. 0.
-0.892 0.453 0. -248.834 0.453 0.892 0. 264.873 0. 0. -1. 0.
-0.890 0.455 0. -248.889 0.455 0.890 0. 264.736 0. 0. -1. 0.
-0.888 0.459 0. -249.081 0.459 0.888 0. 264.895 0. 0. -1. 0.
-0.889 0.458 0. -249.110 0.458 0.889 0. 264.911 0. 0. -1. 0.
-0.889 0.457 0. -249.257 0.457 0.889 0. 264.930 0. 0. -1. 0.
-0.886 0.463 0. -249.361 0.463 0.886 0. 264.974 0. 0. -1. 0.
-0.884 0.468 0. -249.445 0.468 0.884 0. 265.180 0. 0. -1. 0.
-0.886 0.464 0. -249.577 0.464 0.886 0. 265.109 0. 0. -1. 0.
-0.885 0.465 0. -249.814 0.465 0.885 0. 265.247 0. 0. -1. 0.
-0.885 0.465 0. -249.919 0.465 0.885 0. 265.320 0. 0. -1. 0.
-0.884 0.467 0. -250.097 0.467 0.884 0. 265.466 0. 0. -1. 0.
-0.884 0.467 0. -250.192 0.467 0.884 0. 265.553 0. 0. -1. 0.
-0.883 0.470 0. -250.447 0.470 0.883 0. 265.680 0. 0. -1. 0.
-0.880 0.474 0. -250.647 0.474 0.880 0. 265.783 0. 0. -1. 0.
-0.879 0.477 0. -250.860 0.477 0.879 0. 265.887 0. 0. -1. 0.
-0.878 0.480 0. -251.150 0.480 0.878 0. 265.962 0. 0. -1. 0.
-0.870 0.493 0. -251.519 0.493 0.870 0. 266.176 0. 0. -1. 0.
-0.862 0.507 0. -251.939 0.507 0.862 0. 266.430 0. 0. -1. 0.
-0.845 0.534 0. -252.446 0.534 0.845 0. 266.710 0. 0. -1. 0.
-0.822 0.569 0. -252.968 0.569 0.822 0. 267.188 0. 0. -1. 0.
-0.789 0.614 0. -253.753 0.614 0.789 0. 267.630 0. 0. -1. 0.
-0.743 0.669 0. -254.403 0.669 0.743 0. 268.247 0. 0. -1. 0.
-0.680 0.734 0. -254.846 0.734 0.680 0. 269.195 0. 0. -1. 0.
-0.604 0.797 0. -255.472 0.797 0.604 0. 269.844 0. 0. -1. 0.
-0.531 0.847 0. -255.920 0.847 0.531 0. 270.709 0. 0. -1. 0.
-0.453 0.891 0. -256.295 0.891 0.453 0. 271.726 0. 0. -1. 0.
-0.364 0.931 0. -256.793 0.931 0.364 0. 272.759 0. 0. -1. 0.
-0.278 0.961 0. -257.014 0.961 0.278 0. 273.923 0. 0. -1. 0.
-0.191 0.982 0. -257.285 0.982 0.191 0. 275.176 0. 0. -1. 0.
-0.099 0.995 0. -257.341 0.995 0.099 0. 276.518 0. 0. -1. 0.
-0.012 1. 0. -257.304 1. 0.012 0. 277.905 0. 0. -1. 0.
0.067 0.998 0. -257.210 0.998 -0.067 -0. 279.310 0. 0. -1. 0.
0.119 0.993 0. -256.915 0.993 -0.119 -0. 280.781 0. 0. -1. 0.
0.157 0.988 0. -256.662 0.988 -0.157 -0. 282.331 0. 0. -1. 0.
0.188 0.982 0. -256.274 0.982 -0.188 -0. 283.958 0. 0. -1. 0.
0.206 0.978 0. -256.056 0.978 -0.206 -0. 285.599 0. 0. -1. 0.
0.221 0.975 0. -255.607 0.975 -0.221 -0. 287.370 0. 0. -1. 0.
0.228 0.974 0. -255.111 0.974 -0.228 -0. 289.098 0. 0. -1. 0.
0.233 0.972 0. -254.741 0.972 -0.233 -0. 290.883 0. 0. -1. 0.
0.233 0.973 0. -254.246 0.973 -0.233 -0. 292.747 0. 0. -1. 0.
0.239 0.971 0. -253.701 0.971 -0.239 -0. 294.608 0. 0. -1. 0.
0.235 0.972 0. -253.146 0.972 -0.235 -0. 296.455 0. 0. -1. 0.
0.237 0.971 0. -252.633 0.971 -0.237 -0. 298.388 0. 0. -1. 0.
0.242 0.970 0. -252.161 0.970 -0.242 -0. 300.358 0. 0. -1. 0.
0.239 0.971 0. -251.641 0.971 -0.239 -0. 302.309 0. 0. -1. 0.
0.240 0.971 0. -251.172 0.971 -0.240 -0. 304.237 0. 0. -1. 0.
0.243 0.970 0. -250.587 0.970 -0.243 -0. 306.157 0. 0. -1. 0.
0.245 0.970 0. -250.108 0.970 -0.245 -0. 308.082 0. 0. -1. 0.
0.246 0.969 0. -249.593 0.969 -0.246 -0. 309.986 0. 0. -1. 0.
0.245 0.969 0. -249.058 0.969 -0.245 -0. 311.792 0. 0. -1. 0.
0.247 0.969 0. -248.575 0.969 -0.247 -0. 313.673 0. 0. -1. 0.
0.244 0.970 0. -248.049 0.970 -0.244 -0. 315.548 0. 0. -1. 0.
0.246 0.969 0. -247.586 0.969 -0.246 -0. 317.332 0. 0. -1. 0.
0.249 0.968 0. -247.120 0.968 -0.249 -0. 319.113 0. 0. -1. 0.
0.250 0.968 0. -246.618 0.968 -0.250 -0. 320.811 0. 0. -1. 0.
0.244 0.970 0. -246.168 0.970 -0.244 -0. 322.572 0. 0. -1. 0.
0.248 0.969 0. -245.747 0.969 -0.248 -0. 324.178 0. 0. -1. 0.
0.249 0.969 0. -245.313 0.969 -0.249 -0. 325.754 0. 0. -1. 0.
0.246 0.969 0. -244.807 0.969 -0.246 -0. 327.279 0. 0. -1. 0.
0.239 0.971 0. -244.401 0.971 -0.239 -0. 328.726 0. 0. -1. 0.
0.242 0.970 0. -244.065 0.970 -0.242 -0. 330.114 0. 0. -1. 0.
0.236 0.972 0. -243.702 0.972 -0.236 -0. 331.354 0. 0. -1. 0.
0.232 0.973 0. -243.414 0.973 -0.232 -0. 332.499 0. 0. -1. 0.
0.225 0.974 0. -243.195 0.974 -0.225 -0. 333.661 0. 0. -1. 0.
0.225 0.974 0. -242.897 0.974 -0.225 -0. 334.620 0. 0. -1. 0.
0.223 0.975 0. -242.659 0.975 -0.223 -0. 335.535 0. 0. -1. 0.
0.227 0.974 0. -242.543 0.974 -0.227 -0. 336.353 0. 0. -1. 0.
0.235 0.972 0. -242.350 0.972 -0.235 -0. 337.098 0. 0. -1. 0.
0.232 0.973 0. -242.156 0.973 -0.232 -0. 337.717 0. 0. -1. 0.
0.236 0.972 0. -241.997 0.972 -0.236 -0. 338.299 0. 0. -1. 0.
0.241 0.971 0. -241.853 0.971 -0.241 -0. 338.786 0. 0. -1. 0.
0.237 0.971 0. -241.802 0.971 -0.237 -0. 339.239 0. 0. -1. 0.
0.236 0.972 0. -241.699 0.972 -0.236 -0. 339.617 0. 0. -1. 0.
0.240 0.971 0. -241.542 0.971 -0.240 -0. 339.960 0. 0. -1. 0.
0.240 0.971 0. -241.527 0.971 -0.240 -0. 340.346 0. 0. -1. 0.
0.242 0.970 0. -241.442 0.970 -0.242 -0. 340.678 0. 0. -1. 0.
0.239 0.971 0. -241.363 0.971 -0.239 -0. 340.961 0. 0. -1. 0.
0.235 0.972 0. -241.287 0.972 -0.235 -0. 341.242 0. 0. -1. 0.
0.240 0.971 0. -241.162 0.971 -0.240 -0. 341.557 0. 0. -1. 0.
0.239 0.971 0. -241.076 0.971 -0.239 -0. 341.822 0. 0. -1. 0.
0.238 0.971 0. -241.049 0.971 -0.238 -0. 341.980 0. 0. -1. 0.
0.242 0.970 0. -240.986 0.970 -0.242 -0. 342.290 0. 0. -1. 0.
0.243 0.970 0. -240.980 0.970 -0.243 -0. 342.377 0. 0. -1. 0.
0.237 0.972 0. -240.879 0.972 -0.237 -0. 342.558 0. 0. -1. 0.
0.238 0.971 0. -240.884 0.971 -0.238 -0. 342.677 0. 0. -1. 0.
0.245 0.969 0. -240.874 0.969 -0.245 -0. 342.720 0. 0. -1. 0.
0.246 0.969 0. -240.850 0.969 -0.246 -0. 342.739 0. 0. -1. 0.
0.241 0.971 0. -240.840 0.971 -0.241 -0. 342.739 0. 0. -1. 0.
0.236 0.972 0. -240.796 0.972 -0.236 -0. 342.738 0. 0. -1. 0.
0.236 0.972 0. -240.808 0.972 -0.236 -0. 342.721 0. 0. -1. 0.
0.244 0.970 0. -240.853 0.970 -0.244 -0. 342.751 0. 0. -1. 0.
0.243 0.970 0. -240.906 0.970 -0.243 -0. 342.720 0. 0. -1. 0.
0.237 0.972 0. -240.806 0.972 -0.237 -0. 342.706 0. 0. -1. 0.
0.236 0.972 0. -240.871 0.972 -0.236 -0. 342.761 0. 0. -1. 0.
0.234 0.972 0. -240.873 0.972 -0.234 -0. 342.735 0. 0. -1. 0.
0.246 0.969 0. -240.871 0.969 -0.246 -0. 342.760 0. 0. -1. 0.
0.236 0.972 0. -240.846 0.972 -0.236 -0. 342.736 0. 0. -1. 0.
0.236 0.972 0. -240.814 0.972 -0.236 -0. 342.738 0. 0. -1. 0.
0.244 0.970 0. -240.842 0.970 -0.244 -0. 342.748 0. 0. -1. 0.
0.247 0.969 0. -240.875 0.969 -0.247 -0. 342.711 0. 0. -1. 0.
0.241 0.970 0. -240.891 0.970 -0.241 -0. 342.728 0. 0. -1. 0.
0.239 0.971 0. -240.908 0.971 -0.239 -0. 342.743 0. 0. -1. 0.
0.237 0.971 0. -240.794 0.971 -0.237 -0. 342.700 0. 0. -1. 0.
0.239 0.971 0. -240.788 0.971 -0.239 -0. 342.768 0. 0. -1. 0.
0.244 0.970 0. -240.884 0.970 -0.244 -0. 342.687 0. 0. -1. 0.
0.242 0.970 0. -240.825 0.970 -0.242 -0. 342.760 0. 0. -1. 0.
0.243 0.970 0. -240.831 0.970 -0.243 -0. 342.773 0. 0. -1. 0.
0.242 0.970 0. -240.843 0.970 -0.242 -0. 342.760 0. 0. -1. 0.
0.240 0.971 0. -240.829 0.971 -0.240 -0. 342.757 0. 0. -1. 0.
0.244 0.970 0. -240.906 0.970 -0.244 -0. 342.712 0. 0. -1. 0.
0.240 0.971 0. -240.876 0.971 -0.240 -0. 342.766 0. 0. -1. 0.
0.242 0.970 0. -240.845 0.970 -0.242 -0. 342.818 0. 0. -1. 0.
0.241 0.971 0. -240.847 0.971 -0.241 -0. 342.765 0. 0. -1. 0.
0.242 0.970 0. -240.895 0.970 -0.242 -0. 342.749 0. 0. -1. 0.
0.236 0.972 0. -240.843 0.972 -0.236 -0. 342.740 0. 0. -1. 0.
0.239 0.971 0. -240.894 0.971 -0.239 -0. 342.748 0. 0. -1. 0.
0.243 0.970 0. -240.897 0.970 -0.243 -0. 342.740 0. 0. -1. 0.
0.241 0.971 0. -240.917 0.971 -0.241 -0. 342.772 0. 0. -1. 0.
0.239 0.971 0. -240.826 0.971 -0.239 -0. 342.722 0. 0. -1. 0.
0.246 0.969 0. -240.848 0.969 -0.246 -0. 342.753 0. 0. -1. 0.
0.234 0.972 0. -240.853 0.972 -0.234 -0. 342.718 0. 0. -1. 0.
0.245 0.969 0. -240.891 0.969 -0.245 -0. 342.758 0. 0. -1. 0.
0.242 0.970 0. -240.952 0.970 -0.242 -0. 342.700 0. 0. -1. 0.
0.241 0.970 0. -240.909 0.970 -0.241 -0. 342.754 0. 0. -1. 0.
0.243 0.970 0. -240.919 0.970 -0.243 -0. 342.739 0. 0. -1. 0.
0.245 0.970 0. -240.927 0.970 -0.245 -0. 342.769 0. 0. -1. 0.
0.244 0.970 0. -240.852 0.970 -0.244 -0. 342.762 0. 0. -1. 0.
0.240 0.971 0. -240.827 0.971 -0.240 -0. 342.755 0. 0. -1. 0.
0.237 0.972 0. -240.832 0.972 -0.237 -0. 342.749 0. 0. -1. 0.
0.243 0.970 0. -240.816 0.970 -0.243 -0. 342.764 0. 0. -1. 0.
0.235 0.972 0. -240.841 0.972 -0.235 -0. 342.733 0. 0. -1. 0.
0.236 0.972 0. -240.848 0.972 -0.236 -0. 342.749 0. 0. -1. 0.
0.237 0.971 0. -240.821 0.971 -0.237 -0. 342.762 0. 0. -1. 0.
0.243 0.970 0. -240.908 0.970 -0.243 -0. 342.736 0. 0. -1. 0.
0.240 0.971 0. -240.895 0.971 -0.240 -0. 342.699 0. 0. -1. 0.
0.244 0.970 0. -240.873 0.970 -0.244 -0. 342.743 0. 0. -1. 0.
0.243 0.970 0. -240.905 0.970 -0.243 -0. 342.742 0. 0. -1. 0.
0.242 0.970 0. -240.941 0.970 -0.242 -0. 342.775 0. 0. -1. 0.
0.242 0.970 0. -240.967 0.970 -0.242 -0. 342.759 0. 0. -1. 0.
0.243 0.970 0. -240.857 0.970 -0.243 -0. 342.748 0. 0. -1. 0.
0.235 0.972 0. -240.826 0.972 -0.235 -0. 342.723 0. 0. -1. 0.
0.244 0.970 0. -240.867 0.970 -0.244 -0. 342.766 0. 0. -1. 0.
0.236 0.972 0. -240.799 0.972 -0.236 -0. 342.706 0. 0. -1. 0.
0.237 0.972 0. -240.800 0.972 -0.237 -0. 342.728 0. 0. -1. 0.
0.237 0.972 0. -240.821 0.972 -0.237 -0. 342.730 0. 0. -1. 0.
0.236 0.972 0. -240.816 0.972 -0.236 -0. 342.704 0. 0. -1. 0.
0.245 0.970 0. -240.837 0.970 -0.245 -0. 342.747 0. 0. -1. 0.
0.239 0.971 0. -240.825 0.971 -0.239 -0. 342.744 0. 0. -1. 0.
0.242 0.970 0. -240.828 0.970 -0.242 -0. 342.765 0. 0. -1. 0.
0.240 0.971 0. -240.818 0.971 -0.240 -0. 342.749 0. 0. -1. 0.
0.244 0.970 0. -240.843 0.970 -0.244 -0. 342.764 0. 0. -1. 0.
0.241 0.971 0. -240.879 0.971 -0.241 -0. 342.742 0. 0. -1. 0.
0.236 0.972 0. -240.813 0.972 -0.236 -0. 342.725 0. 0. -1. 0.
0.241 0.971 0. -240.867 0.971 -0.241 -0. 342.742 0. 0. -1. 0.
0.244 0.970 0. -240.908 0.970 -0.244 -0. 342.728 0. 0. -1. 0.
0.244 0.970 0. -240.860 0.970 -0.244 -0. 342.732 0. 0. -1. 0.
0.237 0.972 0. -240.796 0.972 -0.237 -0. 342.750 0. 0. -1. 0.
0.239 0.971 0. -240.894 0.971 -0.239 -0. 342.817 0. 0. -1. 0.
0.243 0.970 0. -240.887 0.970 -0.243 -0. 342.807 0. 0. -1. 0.
0.241 0.971 0. -240.848 0.971 -0.241 -0. 342.915 0. 0. -1. 0.
0.243 0.970 0. -240.825 0.970 -0.243 -0. 343.016 0. 0. -1. 0.
0.247 0.969 0. -240.809 0.969 -0.247 -0. 343.120 0. 0. -1. 0.
0.244 0.970 0. -240.731 0.970 -0.244 -0. 343.259 0. 0. -1. 0.
0.249 0.968 0. -240.735 0.968 -0.249 -0. 343.392 0. 0. -1. 0.
0.251 0.968 0. -240.689 0.968 -0.251 -0. 343.526 0. 0. -1. 0.
0.248 0.969 0. -240.628 0.969 -0.248 -0. 343.662 0. 0. -1. 0.
0.249 0.968 0. -240.668 0.968 -0.249 -0. 343.840 0. 0. -1. 0.
0.250 0.968 0. -240.507 0.968 -0.250 -0. 343.987 0. 0. -1. 0.
0.245 0.970 0. -240.415 0.970 -0.245 -0. 344.160 0. 0. -1. 0.
0.249 0.969 0. -240.412 0.969 -0.249 -0. 344.383 0. 0. -1. 0.
0.243 0.970 0. -240.375 0.970 -0.243 -0. 344.506 0. 0. -1. 0.
0.243 0.970 0. -240.335 0.970 -0.243 -0. 344.767 0. 0. -1. 0.
0.246 0.969 0. -240.235 0.969 -0.246 -0. 344.921 0. 0. -1. 0.
0.245 0.970 0. -240.177 0.970 -0.245 -0. 345.104 0. 0. -1. 0.
0.246 0.969 0. -240.197 0.969 -0.246 -0. 345.276 0. 0. -1. 0.
0.245 0.969 0. -240.172 0.969 -0.245 -0. 345.430 0. 0. -1. 0.
0.248 0.969 0. -240.142 0.969 -0.248 -0. 345.511 0. 0. -1. 0.
0.248 0.969 0. -240.170 0.969 -0.248 -0. 345.668 0. 0. -1. 0.
0.248 0.969 0. -240.070 0.969 -0.248 -0. 345.786 0. 0. -1. 0.
0.246 0.969 0. -240.027 0.969 -0.246 -0. 345.936 0. 0. -1. 0.
0.240 0.971 0. -240.003 0.971 -0.240 -0. 345.989 0. 0. -1. 0.
0.241 0.970 0. -239.995 0.970 -0.241 -0. 346.169 0. 0. -1. 0.
0.243 0.970 0. -239.898 0.970 -0.243 -0. 346.237 0. 0. -1. 0.
0.246 0.969 0. -239.920 0.969 -0.246 -0. 346.340 0. 0. -1. 0.
0.242 0.970 0. -239.811 0.970 -0.242 -0. 346.422 0. 0. -1. 0.
0.248 0.969 0. -239.840 0.969 -0.248 -0. 346.506 0. 0. -1. 0.
0.245 0.970 0. -239.818 0.970 -0.245 -0. 346.530 0. 0. -1. 0.
0.246 0.969 0. -239.858 0.969 -0.246 -0. 346.583 0. 0. -1. 0.
0.248 0.969 0. -239.883 0.969 -0.248 -0. 346.548 0. 0. -1. 0.
0.249 0.968 0. -239.877 0.968 -0.249 -0. 346.581 0. 0. -1. 0.
0.244 0.970 0. -239.830 0.970 -0.244 -0. 346.559 0. 0. -1. 0.
0.242 0.970 0. -239.823 0.970 -0.242 -0. 346.548 0. 0. -1. 0.
0.247 0.969 0. -239.833 0.969 -0.247 -0. 346.544 0. 0. -1. 0.
0.245 0.970 0. -239.836 0.970 -0.245 -0. 346.538 0. 0. -1. 0.
0.243 0.970 0. -239.785 0.970 -0.243 -0. 346.545 0. 0. -1. 0.
0.244 0.970 0. -239.835 0.970 -0.244 -0. 346.546 0. 0. -1. 0.
