0.981 0.192 0. -1.524 0.192 -0.981 0. 0.167 0. 0. -1. 0.
0.981 0.192 0. -1.524 0.192 -0.981 0. 0.167 0. 0. -1. 0.
0.981 0.192 0. -1.524 0.192 -0.981 0. 0.167 0. 0. -1. 0.
0.981 0.192 0. -1.524 0.192 -0.981 0. 0.167 0. 0. -1. 0.
0.981 0.192 0. -1.524 0.192 -0.981 0. 0.167 0. 0. -1. 0.
0.981 0.191 0. -1.524 0.191 -0.981 0. 0.167 0. 0. -1. 0.
0.981 0.191 0. -1.524 0.191 -0.981 0. 0.167 0. 0. -1. 0.
0.981 0.192 0. -1.524 0.192 -0.981 0. 0.167 0. 0. -1. 0.
0.981 0.192 0. -1.524 0.192 -0.981 0. 0.167 0. 0. -1. 0.
0.981 0.192 0. -1.524 0.192 -0.981 0. 0.167 0. 0. -1. 0.
0.981 0.192 0. -1.524 0.192 -0.981 0. 0.167 0. 0. -1. 0.
0.981 0.191 0. -1.524 0.191 -0.981 0. 0.167 0. 0. -1. 0.
0.981 0.192 0. -1.524 0.192 -0.981 0. 0.167 0. 0. -1. 0.
0.981 0.191 0. -1.524 0.191 -0.981 0. 0.168 0. 0. -1. 0.
0.981 0.191 0. -1.524 0.191 -0.981 0. 0.166 0. 0. -1. 0.
0.981 0.192 0. -1.517 0.192 -0.981 0. 0.168 0. 0. -1. 0.
0.982 0.191 0. -1.481 0.191 -0.982 0. 0.172 0. 0. -1. 0.
0.982 0.190 0. -1.432 0.190 -0.982 0. 0.180 0. 0. -1. 0.
0.982 0.188 0. -1.369 0.188 -0.982 0. 0.189 0. 0. -1. 0.
0.983 0.184 0. -1.288 0.184 -0.983 0. 0.199 0. 0. -1. 0.
0.984 0.177 0. -1.161 0.177 -0.984 0. 0.214 0. 0. -1. 0.
0.986 0.165 0. -0.957 0.165 -0.986 0. 0.239 0. 0. -1. 0.
0.989 0.148 0. -0.670 0.148 -0.989 0. 0.269 0. 0. -1. 0.
0.992 0.127 0. -0.306 0.127 -0.992 0. 0.301 0. 0. -1. 0.
0.995 0.104 0. 0.128 0.104 -0.995 0. 0.328 0. 0. -1. 0.
0.997 0.083 0. 0.630 0.083 -0.997 0. 0.358 0. 0. -1. 0.
0.998 0.065 0. 1.206 0.065 -0.998 0. 0.381 0. 0. -1. 0.
0.999 0.053 0. 1.869 0.053 -0.999 0. 0.389 0. 0. -1. 0.
0.999 0.052 0. 2.611 0.052 -0.999 0. 0.424 0. 0. -1. 0.
0.998 0.062 0. 3.424 0.062 -0.998 0. 0.470 0. 0. -1. 0.
0.997 0.077 0. 4.299 0.077 -0.997 0. 0.534 0. 0. -1. 0.
0.996 0.089 0. 5.233 0.089 -0.996 0. 0.613 0. 0. -1. 0.
0.995 0.099 0. 6.236 0.099 -0.995 0. 0.702 0. 0. -1. 0.
0.994 0.108 0. 7.303 0.108 -0.994 0. 0.811 0. 0. -1. 0.
0.993 0.116 0. 8.413 0.116 -0.993 0. 0.930 0. 0. -1. 0.
0.992 0.124 0. 9.551 0.124 -0.992 0. 1.044 0. 0. -1. 0.
0.992 0.127 0. 10.727 0.127 -0.992 0. 1.180 0. 0. -1. 0.
0.992 0.126 0. 11.958 0.126 -0.992 0. 1.305 0. 0. -1. 0.
0.992 0.124 0. 13.244 0.124 -0.992 0. 1.443 0. 0. -1. 0.
0.992 0.123 0. 14.530 0.123 -0.992 0. 1.572 0. 0. -1. 0.
0.993 0.121 0. 15.915 0.121 -0.993 0. 1.714 0. 0. -1. 0.
0.992 0.122 0. 17.399 0.122 -0.992 0. 1.864 0. 0. -1. 0.
0.992 0.126 0. 18.925 0.126 -0.992 0. 2.019 0. 0. -1. 0.
0.991 0.132 0. 20.526 0.132 -0.991 0. 2.194 0. 0. -1. 0.
0.990 0.140 0. 22.164 0.140 -0.990 0. 2.382 0. 0. -1. 0.
0.989 0.149 0. 23.830 0.149 -0.989 0. 2.598 0. 0. -1. 0.
0.987 0.158 0. 25.520 0.158 -0.987 0. 2.824 0. 0. -1. 0.
0.986 0.166 0. 27.222 0.166 -0.986 0. 3.069 0. 0. -1. 0.
0.985 0.172 0. 28.903 0.172 -0.985 0. 3.302 0. 0. -1. 0.
0.984 0.179 0. 30.618 0.179 -0.984 0. 3.571 0. 0. -1. 0.
0.983 0.183 0. 32.333 0.183 -0.983 0. 3.865 0. 0. -1. 0.
0.983 0.186 0. 34.047 0.186 -0.983 0. 4.150 0. 0. -1. 0.
0.982 0.189 0. 35.843 0.189 -0.982 0. 4.450 0. 0. -1. 0.
0.982 0.191 0. 37.640 0.191 -0.982 0. 4.746 0. 0. -1. 0.
0.980 0.197 0. 39.420 0.197 -0.980 0. 5.064 0. 0. -1. 0.
0.978 0.208 0. 41.310 0.208 -0.978 0. 5.420 0. 0. -1. 0.
0.975 0.224 0. 43.211 0.224 -0.975 0. 5.815 0. 0. -1. 0.
0.971 0.238 0. 45.159 0.238 -0.971 0. 6.227 0. 0. -1. 0.
0.968 0.251 0. 47.139 0.251 -0.968 0. 6.705 0. 0. -1. 0.
0.966 0.257 0. 49.141 0.257 -0.966 0. 7.197 0. 0. -1. 0.
0.965 0.263 0. 51.176 0.263 -0.965 0. 7.713 0. 0. -1. 0.
0.964 0.268 0. 53.208 0.268 -0.964 0. 8.230 0. 0. -1. 0.
0.962 0.272 0. 55.249 0.272 -0.962 0. 8.746 0. 0. -1. 0.
0.961 0.277 0. 57.307 0.277 -0.961 0. 9.276 0. 0. -1. 0.
0.960 0.281 0. 59.326 0.281 -0.960 0. 9.824 0. 0. -1. 0.
0.959 0.283 0. 61.348 0.283 -0.959 0. 10.377 0. 0. -1. 0.
0.959 0.284 0. 63.351 0.284 -0.959 0. 10.929 0. 0. -1. 0.
0.959 0.284 0. 65.354 0.284 -0.959 0. 11.473 0. 0. -1. 0.
0.960 0.281 0. 67.345 0.281 -0.960 0. 12.009 0. 0. -1. 0.
0.961 0.277 0. 69.338 0.277 -0.961 0. 12.541 0. 0. -1. 0.
0.964 0.267 0. 71.326 0.267 -0.964 0. 13.061 0. 0. -1. 0.
0.968 0.252 0. 73.314 0.252 -0.968 0. 13.549 0. 0. -1. 0.
0.973 0.231 0. 75.300 0.231 -0.973 0. 13.995 0. 0. -1. 0.
0.979 0.205 0. 77.272 0.205 -0.979 0. 14.392 0. 0. -1. 0.
0.985 0.175 0. 79.270 0.175 -0.985 0. 14.737 0. 0. -1. 0.
0.990 0.141 0. 81.274 0.141 -0.990 0. 15.004 0. 0. -1. 0.
0.995 0.102 0. 83.263 0.102 -0.995 0. 15.199 0. 0. -1. 0.
0.998 0.055 0. 85.251 0.055 -0.998 0. 15.302 0. 0. -1. 0.
1. -0.000 0. 87.255 -0.000 -1. -0. 15.304 0. 0. -1. 0.
0.998 -0.058 0. 89.234 -0.058 -0.998 -0. 15.186 0. 0. -1. 0.
0.993 -0.114 0. 91.162 -0.114 -0.993 -0. 14.954 0. 0. -1. 0.
0.985 -0.170 0. 93.081 -0.170 -0.985 -0. 14.621 0. 0. -1. 0.
0.974 -0.225 0. 94.970 -0.225 -0.974 -0. 14.181 0. 0. -1. 0.
0.960 -0.280 0. 96.814 -0.280 -0.960 -0. 13.636 0. 0. -1. 0.
0.942 -0.337 0. 98.608 -0.337 -0.942 -0. 13.004 0. 0. -1. 0.
0.915 -0.403 0. 100.353 -0.403 -0.915 -0. 12.256 0. 0. -1. 0.
0.881 -0.473 0. 102.013 -0.473 -0.881 -0. 11.374 0. 0. -1. 0.
0.840 -0.543 0. 103.549 -0.543 -0.840 -0. 10.384 0. 0. -1. 0.
0.793 -0.609 0. 104.995 -0.609 -0.793 -0. 9.260 0. 0. -1. 0.
0.745 -0.667 0. 106.355 -0.667 -0.745 -0. 8.065 0. 0. -1. 0.
0.698 -0.716 0. 107.588 -0.716 -0.698 -0. 6.784 0. 0. -1. 0.
0.655 -0.755 0. 108.743 -0.755 -0.655 -0. 5.409 0. 0. -1. 0.
0.622 -0.783 0. 109.846 -0.783 -0.622 -0. 3.957 0. 0. -1. 0.
0.600 -0.800 0. 110.914 -0.800 -0.600 -0. 2.446 0. 0. -1. 0.
0.588 -0.809 0. 112.010 -0.809 -0.588 -0. 0.897 0. 0. -1. 0.
0.581 -0.814 0. 113.126 -0.814 -0.581 -0. -0.686 0. 0. -1. 0.
0.576 -0.817 0. 114.271 -0.817 -0.576 -0. -2.309 0. 0. -1. 0.
0.575 -0.818 0. 115.418 -0.818 -0.575 -0. -3.963 0. 0. -1. 0.
0.578 -0.816 0. 116.553 -0.816 -0.578 -0. -5.619 0. 0. -1. 0.
0.583 -0.813 0. 117.678 -0.813 -0.583 -0. -7.275 0. 0. -1. 0.
0.588 -0.809 0. 118.814 -0.809 -0.588 -0. -8.924 0. 0. -1. 0.
0.595 -0.804 0. 119.961 -0.804 -0.595 -0. -10.555 0. 0. -1. 0.
0.602 -0.798 0. 121.133 -0.798 -0.602 -0. -12.162 0. 0. -1. 0.
0.610 -0.792 0. 122.289 -0.792 -0.610 -0. -13.740 0. 0. -1. 0.
0.621 -0.784 0. 123.453 -0.784 -0.621 -0. -15.299 0. 0. -1. 0.
0.633 -0.775 0. 124.632 -0.775 -0.633 -0. -16.848 0. 0. -1. 0.
0.647 -0.763 0. 125.828 -0.763 -0.647 -0. -18.336 0. 0. -1. 0.
0.663 -0.749 0. 127.030 -0.749 -0.663 -0. -19.794 0. 0. -1. 0.
0.683 -0.730 0. 128.287 -0.730 -0.683 -0. -21.217 0. 0. -1. 0.
0.706 -0.708 0. 129.571 -0.708 -0.706 -0. -22.586 0. 0. -1. 0.
0.732 -0.681 0. 130.879 -0.681 -0.732 -0. -23.882 0. 0. -1. 0.
0.755 -0.655 0. 132.251 -0.655 -0.755 -0. -25.153 0. 0. -1. 0.
0.777 -0.629 0. 133.661 -0.629 -0.777 -0. -26.371 0. 0. -1. 0.
0.799 -0.602 0. 135.094 -0.602 -0.799 -0. -27.522 0. 0. -1. 0.
0.816 -0.578 0. 136.615 -0.578 -0.816 -0. -28.661 0. 0. -1. 0.
0.828 -0.560 0. 138.117 -0.560 -0.828 -0. -29.740 0. 0. -1. 0.
0.834 -0.552 0. 139.640 -0.552 -0.834 -0. -30.789 0. 0. -1. 0.
0.829 -0.559 0. 141.153 -0.559 -0.829 -0. -31.827 0. 0. -1. 0.
0.817 -0.577 0. 142.569 -0.577 -0.817 -0. -32.858 0. 0. -1. 0.
0.802 -0.597 0. 143.887 -0.597 -0.802 -0. -33.867 0. 0. -1. 0.
0.790 -0.613 0. 145.115 -0.613 -0.790 -0. -34.845 0. 0. -1. 0.
0.788 -0.615 0. 146.275 -0.615 -0.788 -0. -35.788 0. 0. -1. 0.
0.802 -0.597 0. 147.381 -0.597 -0.802 -0. -36.673 0. 0. -1. 0.
0.833 -0.554 0. 148.459 -0.554 -0.833 -0. -37.455 0. 0. -1. 0.
0.875 -0.484 0. 149.546 -0.484 -0.875 -0. -38.073 0. 0. -1. 0.
0.920 -0.391 0. 150.605 -0.391 -0.920 -0. -38.580 0. 0. -1. 0.
0.960 -0.280 0. 151.668 -0.280 -0.960 -0. -38.907 0. 0. -1. 0.
0.990 -0.144 0. 152.739 -0.144 -0.990 -0. -39.101 0. 0. -1. 0.
1. 0.013 0. 153.795 0.013 -1. 0. -39.115 0. 0. -1. 0.
0.983 0.185 0. 154.800 0.185 -0.983 0. -38.942 0. 0. -1. 0.
0.932 0.362 0. 155.735 0.362 -0.932 0. -38.594 0. 0. -1. 0.
0.845 0.534 0. 156.558 0.534 -0.845 0. -38.079 0. 0. -1. 0.
0.723 0.691 0. 157.243 0.691 -0.723 0. -37.439 0. 0. -1. 0.
0.567 0.824 0. 157.757 0.824 -0.567 0. -36.685 0. 0. -1. 0.
0.387 0.922 0. 158.086 0.922 -0.387 0. -35.849 0. 0. -1. 0.
0.194 0.981 0. 158.255 0.981 -0.194 0. -34.966 0. 0. -1. 0.
-0.007 1. 0. 158.244 1. 0.007 0. -34.070 0. 0. -1. 0.
-0.214 0.977 0. 158.048 0.977 0.214 0. -33.182 0. 0. -1. 0.
-0.417 0.909 0. 157.663 0.909 0.417 0. -32.320 0. 0. -1. 0.
-0.607 0.795 0. 157.061 0.795 0.607 0. -31.523 0. 0. -1. 0.
-0.766 0.643 0. 156.265 0.643 0.766 0. -30.842 0. 0. -1. 0.
-0.880 0.475 0. 155.286 0.475 0.880 0. -30.295 0. 0. -1. 0.
-0.950 0.311 0. 154.156 0.311 0.950 0. -29.892 0. 0. -1. 0.
-0.984 0.176 0. 152.913 0.176 0.984 0. -29.641 0. 0. -1. 0.
-0.996 0.085 0. 151.566 0.085 0.996 0. -29.517 0. 0. -1. 0.
-0.999 0.040 0. 150.115 0.040 0.999 0. -29.438 0. 0. -1. 0.
-0.999 0.044 0. 148.588 0.044 0.999 0. -29.363 0. 0. -1. 0.
-0.996 0.089 0. 147.029 0.089 0.996 0. -29.227 0. 0. -1. 0.
-0.988 0.156 0. 145.480 0.156 0.988 0. -28.957 0. 0. -1. 0.
-0.975 0.221 0. 143.896 0.221 0.975 0. -28.595 0. 0. -1. 0.
-0.960 0.280 0. 142.339 0.280 0.960 0. -28.123 0. 0. -1. 0.
-0.942 0.336 0. 140.792 0.336 0.942 0. -27.553 0. 0. -1. 0.
-0.921 0.389 0. 139.231 0.389 0.921 0. -26.878 0. 0. -1. 0.
-0.897 0.442 0. 137.656 0.442 0.897 0. -26.081 0. 0. -1. 0.
-0.874 0.487 0. 136.068 0.487 0.874 0. -25.175 0. 0. -1. 0.
-0.848 0.531 0. 134.500 0.531 0.848 0. -24.168 0. 0. -1. 0.
-0.820 0.573 0. 132.921 0.573 0.820 0. -23.050 0. 0. -1. 0.
-0.789 0.615 0. 131.358 0.615 0.789 0. -21.808 0. 0. -1. 0.
-0.754 0.657 0. 129.846 0.657 0.754 0. -20.471 0. 0. -1. 0.
-0.719 0.695 0. 128.403 0.695 0.719 0. -19.048 0. 0. -1. 0.
-0.681 0.732 0. 127.039 0.732 0.681 0. -17.576 0. 0. -1. 0.
-0.646 0.763 0. 125.740 0.763 0.646 0. -16.050 0. 0. -1. 0.
-0.614 0.789 0. 124.503 0.789 0.614 0. -14.437 0. 0. -1. 0.
-0.590 0.808 0. 123.343 0.808 0.590 0. -12.802 0. 0. -1. 0.
-0.570 0.821 0. 122.254 0.821 0.570 0. -11.134 0. 0. -1. 0.
-0.558 0.830 0. 121.167 0.830 0.558 0. -9.433 0. 0. -1. 0.
-0.547 0.837 0. 120.111 0.837 0.547 0. -7.748 0. 0. -1. 0.
-0.539 0.842 0. 119.065 0.842 0.539 0. -6.043 0. 0. -1. 0.
-0.535 0.845 0. 118.031 0.845 0.535 0. -4.324 0. 0. -1. 0.
-0.537 0.844 0. 116.999 0.844 0.537 0. -2.613 0. 0. -1. 0.
-0.545 0.838 0. 115.960 0.838 0.545 0. -0.903 0. 0. -1. 0.
-0.561 0.827 0. 114.890 0.827 0.561 0. 0.794 0. 0. -1. 0.
-0.585 0.811 0. 113.779 0.811 0.585 0. 2.456 0. 0. -1. 0.
-0.616 0.787 0. 112.607 0.787 0.616 0. 4.075 0. 0. -1. 0.
-0.653 0.758 0. 111.370 0.758 0.653 0. 5.635 0. 0. -1. 0.
-0.693 0.721 0. 110.055 0.721 0.693 0. 7.123 0. 0. -1. 0.
-0.734 0.679 0. 108.676 0.679 0.734 0. 8.495 0. 0. -1. 0.
-0.778 0.629 0. 107.217 0.629 0.778 0. 9.786 0. 0. -1. 0.
-0.823 0.568 0. 105.646 0.568 0.823 0. 10.986 0. 0. -1. 0.
-0.864 0.503 0. 103.992 0.503 0.864 0. 12.046 0. 0. -1. 0.
-0.901 0.434 0. 102.252 0.434 0.901 0. 12.999 0. 0. -1. 0.
-0.931 0.364 0. 100.415 0.364 0.931 0. 13.815 0. 0. -1. 0.
-0.956 0.295 0. 98.506 0.295 0.956 0. 14.503 0. 0. -1. 0.
-0.974 0.227 0. 96.558 0.227 0.974 0. 15.028 0. 0. -1. 0.
-0.987 0.161 0. 94.573 0.161 0.987 0. 15.443 0. 0. -1. 0.
-0.995 0.098 0. 92.551 0.098 0.995 0. 15.722 0. 0. -1. 0.
-0.999 0.034 0. 90.527 0.034 0.999 0. 15.879 0. 0. -1. 0.
-1.000 -0.027 0. 88.483 -0.027 1.000 0. 15.893 -0. 0. -1. 0.
-0.997 -0.083 0. 86.403 -0.083 0.997 0. 15.787 -0. 0. -1. 0.
-0.991 -0.131 0. 84.339 -0.131 0.991 0. 15.582 -0. 0. -1. 0.
-0.986 -0.169 0. 82.279 -0.169 0.986 0. 15.286 -0. 0. -1. 0.
-0.979 -0.202 0. 80.204 -0.202 0.979 0. 14.920 -0. 0. -1. 0.
-0.975 -0.222 0. 78.114 -0.222 0.975 0. 14.498 -0. 0. -1. 0.
-0.972 -0.237 0. 76.031 -0.237 0.972 0. 14.026 -0. 0. -1. 0.
-0.970 -0.244 0. 73.934 -0.244 0.970 0. 13.542 -0. 0. -1. 0.
-0.968 -0.251 0. 71.810 -0.251 0.968 0. 13.039 -0. 0. -1. 0.
-0.968 -0.252 0. 69.690 -0.252 0.968 0. 12.530 -0. 0. -1. 0.
-0.968 -0.252 0. 67.582 -0.252 0.968 0. 12.031 -0. 0. -1. 0.
-0.968 -0.251 0. 65.475 -0.251 0.968 0. 11.534 -0. 0. -1. 0.
-0.968 -0.251 0. 63.372 -0.251 0.968 0. 11.032 -0. 0. -1. 0.
-0.968 -0.250 0. 61.281 -0.250 0.968 0. 10.525 -0. 0. -1. 0.
-0.968 -0.250 0. 59.190 -0.250 0.968 0. 10.033 -0. 0. -1. 0.
-0.969 -0.249 0. 57.106 -0.249 0.969 0. 9.545 -0. 0. -1. 0.
-0.969 -0.249 0. 55.027 -0.249 0.969 0. 9.072 -0. 0. -1. 0.
-0.968 -0.249 0. 52.981 -0.249 0.968 0. 8.590 -0. 0. -1. 0.
-0.968 -0.250 0. 50.961 -0.250 0.968 0. 8.131 -0. 0. -1. 0.
-0.967 -0.254 0. 48.932 -0.254 0.967 0. 7.652 -0. 0. -1. 0.
-0.966 -0.258 0. 46.951 -0.258 0.966 0. 7.156 -0. 0. -1. 0.
-0.965 -0.261 0. 44.980 -0.261 0.965 0. 6.656 -0. 0. -1. 0.
-0.966 -0.260 0. 43.001 -0.260 0.966 0. 6.184 -0. 0. -1. 0.
-0.968 -0.251 0. 41.063 -0.251 0.968 0. 5.705 -0. 0. -1. 0.
-0.971 -0.238 0. 39.097 -0.238 0.971 0. 5.251 -0. 0. -1. 0.
-0.974 -0.225 0. 37.190 -0.225 0.974 0. 4.848 -0. 0. -1. 0.
-0.977 -0.212 0. 35.245 -0.212 0.977 0. 4.460 -0. 0. -1. 0.
-0.980 -0.201 0. 33.296 -0.201 0.980 0. 4.090 -0. 0. -1. 0.
-0.982 -0.191 0. 31.402 -0.191 0.982 0. 3.751 -0. 0. -1. 0.
-0.984 -0.179 0. 29.441 -0.179 0.984 0. 3.440 -0. 0. -1. 0.
-0.985 -0.174 0. 27.529 -0.174 0.985 0. 3.153 -0. 0. -1. 0.
-0.986 -0.169 0. 25.626 -0.169 0.986 0. 2.874 -0. 0. -1. 0.
-0.986 -0.166 0. 23.696 -0.166 0.986 0. 2.586 -0. 0. -1. 0.
-0.986 -0.164 0. 21.788 -0.164 0.986 0. 2.318 -0. 0. -1. 0.
-0.987 -0.163 0. 19.862 -0.163 0.987 0. 2.041 -0. 0. -1. 0.
-0.987 -0.162 0. 17.941 -0.162 0.987 0. 1.768 -0. 0. -1. 0.
-0.987 -0.161 0. 16.018 -0.161 0.987 0. 1.490 -0. 0. -1. 0.
-0.987 -0.160 0. 14.105 -0.160 0.987 0. 1.202 -0. 0. -1. 0.
-0.988 -0.154 0. 12.212 -0.154 0.988 0. 0.943 -0. 0. -1. 0.
-0.988 -0.152 0. 10.282 -0.152 0.988 0. 0.677 -0. 0. -1. 0.
-0.989 -0.147 0. 8.395 -0.147 0.989 0. 0.426 -0. 0. -1. 0.
-0.990 -0.143 0. 6.491 -0.143 0.990 0. 0.171 -0. 0. -1. 0.
-0.990 -0.141 0. 4.607 -0.141 0.990 0. -0.063 -0. 0. -1. 0.
-0.990 -0.140 0. 2.700 -0.140 0.990 0. -0.305 -0. 0. -1. 0.
-0.990 -0.140 0. 0.819 -0.140 0.990 0. -0.553 -0. 0. -1. 0.
-0.990 -0.141 0. -1.058 -0.141 0.990 0. -0.786 -0. 0. -1. 0.
-0.989 -0.145 0. -2.955 -0.145 0.989 0. -1.024 -0. 0. -1. 0.
-0.989 -0.150 0. -4.827 -0.150 0.989 0. -1.267 -0. 0. -1. 0.
-0.988 -0.156 0. -6.704 -0.156 0.988 0. -1.514 -0. 0. -1. 0.
-0.987 -0.162 0. -8.584 -0.162 0.987 0. -1.772 -0. 0. -1. 0.
-0.986 -0.168 0. -10.477 -0.168 0.986 0. -2.069 -0. 0. -1. 0.
-0.985 -0.171 0. -12.326 -0.171 0.985 0. -2.377 -0. 0. -1. 0.
-0.985 -0.174 0. -14.197 -0.174 0.985 0. -2.683 -0. 0. -1. 0.
-0.985 -0.173 0. -16.092 -0.173 0.985 0. -2.974 -0. 0. -1. 0.
-0.984 -0.177 0. -17.954 -0.177 0.984 0. -3.250 -0. 0. -1. 0.
-0.983 -0.186 0. -19.836 -0.186 0.983 0. -3.542 -0. 0. -1. 0.
-0.981 -0.194 0. -21.719 -0.194 0.981 0. -3.861 -0. 0. -1. 0.
-0.980 -0.201 0. -23.593 -0.201 0.980 0. -4.167 -0. 0. -1. 0.
-0.978 -0.208 0. -25.469 -0.208 0.978 0. -4.500 -0. 0. -1. 0.
-0.977 -0.213 0. -27.341 -0.213 0.977 0. -4.858 -0. 0. -1. 0.
-0.976 -0.216 0. -29.234 -0.216 0.976 0. -5.236 -0. 0. -1. 0.
-0.976 -0.219 0. -31.145 -0.219 0.976 0. -5.649 -0. 0. -1. 0.
-0.976 -0.217 0. -33.116 -0.217 0.976 0. -6.065 -0. 0. -1. 0.
-0.976 -0.217 0. -35.136 -0.217 0.976 0. -6.493 -0. 0. -1. 0.
-0.976 -0.216 0. -37.177 -0.216 0.976 0. -6.907 -0. 0. -1. 0.
-0.976 -0.216 0. -39.244 -0.216 0.976 0. -7.326 -0. 0. -1. 0.
-0.976 -0.217 0. -41.351 -0.217 0.976 0. -7.745 -0. 0. -1. 0.
-0.975 -0.220 0. -43.415 -0.220 0.975 0. -8.155 -0. 0. -1. 0.
-0.974 -0.227 0. -45.499 -0.227 0.974 0. -8.574 -0. 0. -1. 0.
-0.972 -0.233 0. -47.556 -0.233 0.972 0. -9.016 -0. 0. -1. 0.
-0.971 -0.238 0. -49.572 -0.238 0.971 0. -9.461 -0. 0. -1. 0.
-0.970 -0.244 0. -51.585 -0.244 0.970 0. -9.908 -0. 0. -1. 0.
-0.969 -0.248 0. -53.546 -0.248 0.969 0. -10.361 -0. 0. -1. 0.
-0.968 -0.250 0. -55.444 -0.250 0.968 0. -10.821 -0. 0. -1. 0.
-0.969 -0.248 0. -57.268 -0.248 0.969 0. -11.258 -0. 0. -1. 0.
-0.971 -0.238 0. -58.990 -0.238 0.971 0. -11.656 -0. 0. -1. 0.
-0.976 -0.218 0. -60.612 -0.218 0.976 0. -11.992 -0. 0. -1. 0.
-0.983 -0.182 0. -62.143 -0.182 0.983 0. -12.261 -0. 0. -1. 0.
-0.991 -0.133 0. -63.573 -0.133 0.991 0. -12.444 -0. 0. -1. 0.
-0.998 -0.068 0. -64.889 -0.068 0.998 0. -12.541 -0. 0. -1. 0.
-1.000 0.016 0. -66.088 0.016 1.000 0. -12.513 0. 0. -1. 0.
-0.994 0.113 0. -67.211 0.113 0.994 0. -12.377 0. 0. -1. 0.
-0.974 0.225 0. -68.274 0.225 0.974 0. -12.118 0. 0. -1. 0.
-0.937 0.349 0. -69.268 0.349 0.937 0. -11.747 0. 0. -1. 0.
-0.880 0.475 0. -70.165 0.475 0.880 0. -11.253 0. 0. -1. 0.
-0.807 0.591 0. -70.959 0.591 0.807 0. -10.620 0. 0. -1. 0.
-0.724 0.690 0. -71.675 0.690 0.724 0. -9.924 0. 0. -1. 0.
-0.637 0.771 0. -72.298 0.771 0.637 0. -9.137 0. 0. -1. 0.
-0.549 0.836 0. -72.846 0.836 0.549 0. -8.255 0. 0. -1. 0.
-0.473 0.881 0. -73.340 0.881 0.473 0. -7.262 0. 0. -1. 0.
-0.412 0.911 0. -73.797 0.911 0.412 0. -6.174 0. 0. -1. 0.
-0.371 0.929 0. -74.226 0.929 0.371 0. -4.990 0. 0. -1. 0.
-0.346 0.938 0. -74.661 0.938 0.346 0. -3.720 0. 0. -1. 0.
-0.328 0.945 0. -75.105 0.945 0.328 0. -2.358 0. 0. -1. 0.
-0.310 0.951 0. -75.560 0.951 0.310 0. -0.915 0. 0. -1. 0.
-0.292 0.956 0. -76.005 0.956 0.292 0. 0.613 0. 0. -1. 0.
-0.276 0.961 0. -76.438 0.961 0.276 0. 2.233 0. 0. -1. 0.
-0.264 0.965 0. -76.846 0.965 0.264 0. 3.884 0. 0. -1. 0.
-0.254 0.967 0. -77.253 0.967 0.254 0. 5.598 0. 0. -1. 0.
-0.246 0.969 0. -77.653 0.969 0.246 0. 7.324 0. 0. -1. 0.
-0.238 0.971 0. -78.044 0.971 0.238 0. 9.061 0. 0. -1. 0.
-0.229 0.973 0. -78.430 0.973 0.229 0. 10.843 0. 0. -1. 0.
-0.216 0.976 0. -78.807 0.976 0.216 0. 12.687 0. 0. -1. 0.
-0.198 0.980 0. -79.158 0.980 0.198 0. 14.526 0. 0. -1. 0.
-0.177 0.984 0. -79.463 0.984 0.177 0. 16.391 0. 0. -1. 0.
-0.152 0.988 0. -79.732 0.988 0.152 0. 18.252 0. 0. -1. 0.
-0.130 0.992 0. -79.943 0.992 0.130 0. 20.146 0. 0. -1. 0.
-0.113 0.994 0. -80.112 0.994 0.113 0. 22.041 0. 0. -1. 0.
-0.109 0.994 0. -80.224 0.994 0.109 0. 23.901 0. 0. -1. 0.
-0.118 0.993 0. -80.385 0.993 0.118 0. 25.747 0. 0. -1. 0.
-0.133 0.991 0. -80.605 0.991 0.133 0. 27.684 0. 0. -1. 0.
-0.149 0.989 0. -80.843 0.989 0.149 0. 29.619 0. 0. -1. 0.
-0.164 0.986 0. -81.115 0.986 0.164 0. 31.511 0. 0. -1. 0.
-0.178 0.984 0. -81.417 0.984 0.178 0. 33.510 0. 0. -1. 0.
-0.189 0.982 0. -81.782 0.982 0.189 0. 35.561 0. 0. -1. 0.
-0.196 0.981 0. -82.131 0.981 0.196 0. 37.623 0. 0. -1. 0.
-0.203 0.979 0. -82.521 0.979 0.203 0. 39.706 0. 0. -1. 0.
-0.209 0.978 0. -82.920 0.978 0.209 0. 41.763 0. 0. -1. 0.
-0.215 0.977 0. -83.331 0.977 0.215 0. 43.819 0. 0. -1. 0.
-0.222 0.975 0. -83.757 0.975 0.222 0. 45.870 0. 0. -1. 0.
-0.229 0.973 0. -84.177 0.973 0.229 0. 47.841 0. 0. -1. 0.
-0.234 0.972 0. -84.609 0.972 0.234 0. 49.831 0. 0. -1. 0.
-0.241 0.971 0. -85.043 0.971 0.241 0. 51.792 0. 0. -1. 0.
-0.248 0.969 0. -85.497 0.969 0.248 0. 53.713 0. 0. -1. 0.
-0.255 0.967 0. -85.959 0.967 0.255 0. 55.591 0. 0. -1. 0.
-0.263 0.965 0. -86.404 0.965 0.263 0. 57.423 0. 0. -1. 0.
-0.276 0.961 0. -86.848 0.961 0.276 0. 59.205 0. 0. -1. 0.
-0.297 0.955 0. -87.318 0.955 0.297 0. 60.930 0. 0. -1. 0.
-0.331 0.944 0. -87.846 0.944 0.331 0. 62.570 0. 0. -1. 0.
-0.378 0.926 0. -88.404 0.926 0.378 0. 64.138 0. 0. -1. 0.
-0.437 0.900 0. -89.065 0.900 0.437 0. 65.611 0. 0. -1. 0.
-0.510 0.860 0. -89.830 0.860 0.510 0. 67.037 0. 0. -1. 0.
-0.578 0.816 0. -90.722 0.816 0.578 0. 68.365 0. 0. -1. 0.
-0.650 0.760 0. -91.640 0.760 0.650 0. 69.594 0. 0. -1. 0.
-0.718 0.696 0. -92.707 0.696 0.718 0. 70.713 0. 0. -1. 0.
-0.785 0.620 0. -93.838 0.620 0.785 0. 71.713 0. 0. -1. 0.
-0.842 0.539 0. -95.089 0.539 0.842 0. 72.549 0. 0. -1. 0.
-0.894 0.448 0. -96.413 0.448 0.894 0. 73.262 0. 0. -1. 0.
-0.936 0.352 0. -97.818 0.352 0.936 0. 73.852 0. 0. -1. 0.
-0.968 0.252 0. -99.273 0.252 0.968 0. 74.297 0. 0. -1. 0.
-0.987 0.161 0. -100.790 0.161 0.987 0. 74.587 0. 0. -1. 0.
-0.997 0.083 0. -102.353 0.083 0.997 0. 74.764 0. 0. -1. 0.
-1. 0.010 0. -103.959 0.010 1. 0. 74.860 0. 0. -1. 0.
-0.999 -0.037 0. -105.591 -0.037 0.999 0. 74.842 -0. 0. -1. 0.
-0.998 -0.058 0. -107.258 -0.058 0.998 0. 74.744 -0. 0. -1. 0.
-0.998 -0.057 0. -108.890 -0.057 0.998 0. 74.697 -0. 0. -1. 0.
-0.999 -0.041 0. -110.593 -0.041 0.999 0. 74.604 -0. 0. -1. 0.
-1. -0.005 0. -112.299 -0.005 1. 0. 74.619 -0. 0. -1. 0.
-0.999 0.040 0. -114.010 0.040 0.999 0. 74.696 0. 0. -1. 0.
-0.996 0.089 0. -115.734 0.089 0.996 0. 74.862 0. 0. -1. 0.
-0.989 0.146 0. -117.442 0.146 0.989 0. 75.130 0. 0. -1. 0.
-0.978 0.207 0. -119.176 0.207 0.978 0. 75.518 0. 0. -1. 0.
-0.964 0.267 0. -120.886 0.267 0.964 0. 76.000 0. 0. -1. 0.
-0.945 0.326 0. -122.579 0.326 0.945 0. 76.592 0. 0. -1. 0.
-0.926 0.377 0. -124.275 0.377 0.926 0. 77.300 0. 0. -1. 0.
-0.910 0.414 0. -125.953 0.414 0.910 0. 78.090 0. 0. -1. 0.
-0.898 0.440 0. -127.641 0.440 0.898 0. 78.938 0. 0. -1. 0.
-0.889 0.457 0. -129.331 0.457 0.889 0. 79.837 0. 0. -1. 0.
-0.884 0.468 0. -131.047 0.468 0.884 0. 80.774 0. 0. -1. 0.
-0.880 0.475 0. -132.791 0.475 0.880 0. 81.746 0. 0. -1. 0.
-0.877 0.481 0. -134.565 0.481 0.877 0. 82.759 0. 0. -1. 0.
-0.873 0.488 0. -136.362 0.488 0.873 0. 83.810 0. 0. -1. 0.
-0.869 0.495 0. -138.186 0.495 0.869 0. 84.899 0. 0. -1. 0.
-0.865 0.502 0. -140.049 0.502 0.865 0. 86.019 0. 0. -1. 0.
-0.862 0.507 0. -141.932 0.507 0.862 0. 87.175 0. 0. -1. 0.
-0.859 0.512 0. -143.818 0.512 0.859 0. 88.356 0. 0. -1. 0.
-0.856 0.517 0. -145.750 0.517 0.856 0. 89.574 0. 0. -1. 0.
-0.853 0.521 0. -147.705 0.521 0.853 0. 90.815 0. 0. -1. 0.
-0.852 0.523 0. -149.684 0.523 0.852 0. 92.096 0. 0. -1. 0.
-0.852 0.523 0. -151.673 0.523 0.852 0. 93.388 0. 0. -1. 0.
-0.853 0.522 0. -153.693 0.522 0.853 0. 94.688 0. 0. -1. 0.
-0.853 0.522 0. -155.731 0.522 0.853 0. 95.995 0. 0. -1. 0.
-0.853 0.522 0. -157.792 0.522 0.853 0. 97.335 0. 0. -1. 0.
-0.853 0.522 0. -159.883 0.522 0.853 0. 98.696 0. 0. -1. 0.
-0.853 0.522 0. -161.983 0.522 0.853 0. 100.048 0. 0. -1. 0.
-0.853 0.522 0. -164.118 0.522 0.853 0. 101.421 0. 0. -1. 0.
-0.853 0.522 0. -166.244 0.522 0.853 0. 102.788 0. 0. -1. 0.
-0.852 0.523 0. -168.369 0.523 0.852 0. 104.165 0. 0. -1. 0.
-0.852 0.524 0. -170.504 0.524 0.852 0. 105.561 0. 0. -1. 0.
-0.851 0.525 0. -172.636 0.525 0.851 0. 106.942 0. 0. -1. 0.
-0.848 0.530 0. -174.789 0.530 0.848 0. 108.309 0. 0. -1. 0.
-0.841 0.541 0. -176.927 0.541 0.841 0. 109.695 0. 0. -1. 0.
-0.832 0.555 0. -179.025 0.555 0.832 0. 111.143 0. 0. -1. 0.
-0.823 0.568 0. -181.090 0.568 0.823 0. 112.633 0. 0. -1. 0.
-0.811 0.585 0. -183.139 0.585 0.811 0. 114.155 0. 0. -1. 0.
-0.796 0.605 0. -185.159 0.605 0.796 0. 115.731 0. 0. -1. 0.
-0.779 0.628 0. -187.117 0.628 0.779 0. 117.363 0. 0. -1. 0.
-0.757 0.653 0. -189.037 0.653 0.757 0. 119.043 0. 0. -1. 0.
-0.731 0.682 0. -190.895 0.682 0.731 0. 120.785 0. 0. -1. 0.
-0.702 0.712 0. -192.667 0.712 0.702 0. 122.602 0. 0. -1. 0.
-0.667 0.745 0. -194.367 0.745 0.667 0. 124.490 0. 0. -1. 0.
-0.629 0.778 0. -195.964 0.778 0.629 0. 126.444 0. 0. -1. 0.
-0.589 0.808 0. -197.434 0.808 0.589 0. 128.468 0. 0. -1. 0.
-0.548 0.836 0. -198.790 0.836 0.548 0. 130.553 0. 0. -1. 0.
-0.508 0.862 0. -200.030 0.862 0.508 0. 132.681 0. 0. -1. 0.
-0.468 0.884 0. -201.161 0.884 0.468 0. 134.850 0. 0. -1. 0.
-0.433 0.901 0. -202.201 0.901 0.433 0. 137.058 0. 0. -1. 0.
-0.402 0.915 0. -203.157 0.915 0.402 0. 139.280 0. 0. -1. 0.
-0.381 0.925 0. -204.049 0.925 0.381 0. 141.542 0. 0. -1. 0.
-0.369 0.929 0. -204.903 0.929 0.369 0. 143.807 0. 0. -1. 0.
-0.361 0.932 0. -205.742 0.932 0.361 0. 146.087 0. 0. -1. 0.
-0.355 0.935 0. -206.552 0.935 0.355 0. 148.361 0. 0. -1. 0.
-0.350 0.937 0. -207.352 0.937 0.350 0. 150.670 0. 0. -1. 0.
-0.347 0.938 0. -208.133 0.938 0.347 0. 152.952 0. 0. -1. 0.
-0.350 0.937 0. -208.918 0.937 0.350 0. 155.245 0. 0. -1. 0.
-0.360 0.933 0. -209.727 0.933 0.360 0. 157.523 0. 0. -1. 0.
-0.374 0.928 0. -210.557 0.928 0.374 0. 159.770 0. 0. -1. 0.
-0.392 0.920 0. -211.428 0.920 0.392 0. 161.999 0. 0. -1. 0.
-0.413 0.911 0. -212.342 0.911 0.413 0. 164.176 0. 0. -1. 0.
-0.438 0.899 0. -213.308 0.899 0.438 0. 166.306 0. 0. -1. 0.
-0.466 0.885 0. -214.327 0.885 0.466 0. 168.396 0. 0. -1. 0.
-0.497 0.868 0. -215.392 0.868 0.497 0. 170.394 0. 0. -1. 0.
-0.531 0.847 0. -216.540 0.847 0.531 0. 172.348 0. 0. -1. 0.
-0.578 0.816 0. -217.725 0.816 0.578 0. 174.215 0. 0. -1. 0.
-0.632 0.775 0. -219.016 0.775 0.632 0. 175.962 0. 0. -1. 0.
-0.689 0.724 0. -220.435 0.724 0.689 0. 177.603 0. 0. -1. 0.
-0.749 0.663 0. -221.961 0.663 0.749 0. 179.075 0. 0. -1. 0.
-0.804 0.594 0. -223.592 0.594 0.804 0. 180.398 0. 0. -1. 0.
-0.855 0.519 0. -225.321 0.519 0.855 0. 181.574 0. 0. -1. 0.
-0.898 0.440 0. -227.140 0.440 0.898 0. 182.599 0. 0. -1. 0.
-0.934 0.358 0. -229.038 0.358 0.934 0. 183.442 0. 0. -1. 0.
-0.960 0.279 0. -231.020 0.279 0.960 0. 184.111 0. 0. -1. 0.
-0.978 0.206 0. -233.057 0.206 0.978 0. 184.635 0. 0. -1. 0.
-0.990 0.143 0. -235.156 0.143 0.990 0. 185.033 0. 0. -1. 0.
-0.996 0.093 0. -237.299 0.093 0.996 0. 185.316 0. 0. -1. 0.
-0.998 0.057 0. -239.465 0.057 0.998 0. 185.511 0. 0. -1. 0.
-0.999 0.032 0. -241.646 0.032 0.999 0. 185.630 0. 0. -1. 0.
-1.000 0.015 0. -243.834 0.015 1.000 0. 185.712 0. 0. -1. 0.
-1. 0.005 0. -246.043 0.005 1. 0. 185.763 0. 0. -1. 0.
-1. 0.003 0. -248.230 0.003 1. 0. 185.810 0. 0. -1. 0.
-1. 0.006 0. -250.455 0.006 1. 0. 185.878 0. 0. -1. 0.
-1. 0.007 0. -252.676 0.007 1. 0. 185.941 0. 0. -1. 0.
-1. 0.006 0. -254.877 0.006 1. 0. 185.996 0. 0. -1. 0.
-1. 0.003 0. -257.092 0.003 1. 0. 186.046 0. 0. -1. 0.
-1. 0.002 0. -259.280 0.002 1. 0. 186.095 0. 0. -1. 0.
-1. -0.001 0. -261.443 -0.001 1. 0. 186.139 -0. 0. -1. 0.
-1. -0.003 0. -263.609 -0.003 1. 0. 186.183 -0. 0. -1. 0.
-1. -0.004 0. -265.745 -0.004 1. 0. 186.223 -0. 0. -1. 0.
-1. 0.003 0. -267.852 0.003 1. 0. 186.244 0. 0. -1. 0.
-1.000 0.016 0. -269.965 0.016 1.000 0. 186.300 0. 0. -1. 0.
-1.000 0.030 0. -272.029 0.030 1.000 0. 186.390 0. 0. -1. 0.
-0.999 0.043 0. -274.095 0.043 0.999 0. 186.518 0. 0. -1. 0.
-0.999 0.053 0. -276.134 0.053 0.999 0. 186.667 0. 0. -1. 0.
-0.998 0.062 0. -278.155 0.062 0.998 0. 186.837 0. 0. -1. 0.
-0.998 0.069 0. -280.170 0.069 0.998 0. 187.028 0. 0. -1. 0.
-0.997 0.077 0. -282.150 0.077 0.997 0. 187.235 0. 0. -1. 0.
-0.996 0.085 0. -284.133 0.085 0.996 0. 187.450 0. 0. -1. 0.
-0.996 0.094 0. -286.085 0.094 0.996 0. 187.682 0. 0. -1. 0.
-0.994 0.106 0. -288.051 0.106 0.994 0. 187.928 0. 0. -1. 0.
-0.992 0.123 0. -289.977 0.123 0.992 0. 188.188 0. 0. -1. 0.
-0.990 0.139 0. -291.869 0.139 0.990 0. 188.499 0. 0. -1. 0.
-0.988 0.155 0. -293.719 0.155 0.988 0. 188.831 0. 0. -1. 0.
-0.986 0.165 0. -295.474 0.165 0.986 0. 189.173 0. 0. -1. 0.
-0.984 0.177 0. -297.159 0.177 0.984 0. 189.487 0. 0. -1. 0.
-0.983 0.185 0. -298.768 0.185 0.983 0. 189.829 0. 0. -1. 0.
-0.981 0.194 0. -300.254 0.194 0.981 0. 190.159 0. 0. -1. 0.
-0.980 0.201 0. -301.619 0.201 0.980 0. 190.483 0. 0. -1. 0.
-0.979 0.204 0. -302.823 0.204 0.979 0. 190.742 0. 0. -1. 0.
-0.978 0.208 0. -303.893 0.208 0.978 0. 191.007 0. 0. -1. 0.
-0.977 0.215 0. -304.890 0.215 0.977 0. 191.273 0. 0. -1. 0.
-0.975 0.223 0. -305.751 0.223 0.975 0. 191.487 0. 0. -1. 0.
-0.973 0.231 0. -306.528 0.231 0.973 0. 191.725 0. 0. -1. 0.
-0.972 0.237 0. -307.192 0.237 0.972 0. 191.874 0. 0. -1. 0.
-0.970 0.241 0. -307.779 0.241 0.970 0. 192.038 0. 0. -1. 0.
-0.969 0.246 0. -308.281 0.246 0.969 0. 192.195 0. 0. -1. 0.
-0.968 0.251 0. -308.709 0.251 0.968 0. 192.287 0. 0. -1. 0.
-0.968 0.253 0. -309.052 0.253 0.968 0. 192.399 0. 0. -1. 0.
-0.967 0.256 0. -309.327 0.256 0.967 0. 192.477 0. 0. -1. 0.
-0.966 0.259 0. -309.573 0.259 0.966 0. 192.534 0. 0. -1. 0.
-0.965 0.261 0. -309.794 0.261 0.965 0. 192.596 0. 0. -1. 0.
-0.965 0.262 0. -310.015 0.262 0.965 0. 192.648 0. 0. -1. 0.
-0.964 0.264 0. -310.228 0.264 0.964 0. 192.709 0. 0. -1. 0.
-0.964 0.267 0. -310.428 0.267 0.964 0. 192.774 0. 0. -1. 0.
-0.963 0.268 0. -310.608 0.268 0.963 0. 192.819 0. 0. -1. 0.
-0.963 0.270 0. -310.768 0.270 0.963 0. 192.863 0. 0. -1. 0.
-0.962 0.271 0. -310.918 0.271 0.962 0. 192.905 0. 0. -1. 0.
-0.962 0.273 0. -311.078 0.273 0.962 0. 192.942 0. 0. -1. 0.
-0.961 0.275 0. -311.267 0.275 0.961 0. 192.984 0. 0. -1. 0.
-0.961 0.276 0. -311.475 0.276 0.961 0. 193.041 0. 0. -1. 0.
-0.960 0.280 0. -311.712 0.280 0.960 0. 193.119 0. 0. -1. 0.
-0.958 0.288 0. -311.997 0.288 0.958 0. 193.256 0. 0. -1. 0.
-0.953 0.304 0. -312.385 0.304 0.953 0. 193.367 0. 0. -1. 0.
-0.944 0.330 0. -312.871 0.330 0.944 0. 193.496 0. 0. -1. 0.
-0.928 0.373 0. -313.411 0.373 0.928 0. 193.771 0. 0. -1. 0.
-0.899 0.438 0. -314.020 0.438 0.899 0. 194.058 0. 0. -1. 0.
-0.861 0.508 0. -314.740 0.508 0.861 0. 194.405 0. 0. -1. 0.
-0.800 0.600 0. -315.351 0.600 0.800 0. 194.983 0. 0. -1. 0.
-0.730 0.684 0. -315.907 0.684 0.730 0. 195.675 0. 0. -1. 0.
-0.648 0.762 0. -316.535 0.762 0.648 0. 196.322 0. 0. -1. 0.
-0.573 0.819 0. -317.090 0.819 0.573 0. 197.186 0. 0. -1. 0.
-0.501 0.865 0. -317.511 0.865 0.501 0. 198.173 0. 0. -1. 0.
-0.438 0.899 0. -318.029 0.899 0.438 0. 199.225 0. 0. -1. 0.
-0.376 0.926 0. -318.477 0.926 0.376 0. 200.385 0. 0. -1. 0.
-0.313 0.950 0. -318.864 0.950 0.313 0. 201.635 0. 0. -1. 0.
-0.254 0.967 0. -319.213 0.967 0.254 0. 203.025 0. 0. -1. 0.
-0.199 0.980 0. -319.513 0.980 0.199 0. 204.557 0. 0. -1. 0.
-0.153 0.988 0. -319.750 0.988 0.153 0. 206.239 0. 0. -1. 0.
-0.116 0.993 0. -319.941 0.993 0.116 0. 208.053 0. 0. -1. 0.
-0.086 0.996 0. -320.082 0.996 0.086 0. 210.009 0. 0. -1. 0.
-0.065 0.998 0. -320.182 0.998 0.065 0. 212.084 0. 0. -1. 0.
-0.048 0.999 0. -320.255 0.999 0.048 0. 214.288 0. 0. -1. 0.
-0.036 0.999 0. -320.292 0.999 0.036 0. 216.596 0. 0. -1. 0.
-0.027 1.000 0. -320.313 1.000 0.027 0. 219.022 0. 0. -1. 0.
-0.021 1.000 0. -320.316 1.000 0.021 0. 221.563 0. 0. -1. 0.
-0.014 1. 0. -320.299 1. 0.014 0. 224.213 0. 0. -1. 0.
-0.008 1. 0. -320.262 1. 0.008 0. 226.948 0. 0. -1. 0.
-0.003 1. 0. -320.210 1. 0.003 0. 229.739 0. 0. -1. 0.
-0.002 1. 0. -320.154 1. 0.002 0. 232.597 0. 0. -1. 0.
-0.002 1. 0. -320.094 1. 0.002 0. 235.516 0. 0. -1. 0.
-0.002 1. 0. -320.031 1. 0.002 0. 238.524 0. 0. -1. 0.
-0.005 1. 0. -319.972 1. 0.005 0. 241.610 0. 0. -1. 0.
-0.007 1. 0. -319.924 1. 0.007 0. 244.773 0. 0. -1. 0.
-0.006 1. 0. -319.879 1. 0.006 0. 248.020 0. 0. -1. 0.
-0.004 1. 0. -319.817 1. 0.004 0. 251.347 0. 0. -1. 0.
-0.003 1. 0. -319.749 1. 0.003 0. 254.752 0. 0. -1. 0.
-0.003 1. 0. -319.680 1. 0.003 0. 258.238 0. 0. -1. 0.
-0.003 1. 0. -319.610 1. 0.003 0. 261.794 0. 0. -1. 0.
-0.003 1. 0. -319.538 1. 0.003 0. 265.419 0. 0. -1. 0.
-0.002 1. 0. -319.464 1. 0.002 0. 269.090 0. 0. -1. 0.
-0.002 1. 0. -319.388 1. 0.002 0. 272.788 0. 0. -1. 0.
-0.000 1. 0. -319.308 1. 0.000 0. 276.512 0. 0. -1. 0.
0.002 1. 0. -319.222 1. -0.002 0. 280.257 0. 0. -1. 0.
0.004 1. 0. -319.129 1. -0.004 0. 284.015 0. 0. -1. 0.
0.005 1. 0. -319.035 1. -0.005 0. 287.801 0. 0. -1. 0.
0.007 1. 0. -318.936 1. -0.007 0. 291.576 0. 0. -1. 0.
0.008 1. 0. -318.820 1. -0.008 0. 295.338 0. 0. -1. 0.
0.007 1. 0. -318.704 1. -0.007 0. 299.090 0. 0. -1. 0.
0.006 1. 0. -318.598 1. -0.006 0. 302.827 0. 0. -1. 0.
0.003 1. 0. -318.501 1. -0.003 0. 306.545 0. 0. -1. 0.
0.001 1. 0. -318.417 1. -0.001 0. 310.240 0. 0. -1. 0.
-0.001 1. 0. -318.332 1. 0.001 0. 313.915 0. 0. -1. 0.
-0.002 1. 0. -318.262 1. 0.002 0. 317.558 0. 0. -1. 0.
-0.003 1. 0. -318.192 1. 0.003 0. 321.174 0. 0. -1. 0.
-0.004 1. 0. -318.126 1. 0.004 0. 324.760 0. 0. -1. 0.
-0.006 1. 0. -318.070 1. 0.006 0. 328.305 0. 0. -1. 0.
-0.009 1. 0. -318.012 1. 0.009 0. 331.828 0. 0. -1. 0.
-0.011 1. 0. -317.976 1. 0.011 0. 335.318 0. 0. -1. 0.
-0.013 1. 0. -317.939 1. 0.013 0. 338.780 0. 0. -1. 0.
-0.015 1.000 0. -317.911 1.000 0.015 0. 342.217 0. 0. -1. 0.
-0.015 1.000 0. -317.891 1.000 0.015 0. 345.640 0. 0. -1. 0.
-0.014 1. 0. -317.860 1. 0.014 0. 349.091 0. 0. -1. 0.
-0.012 1. 0. -317.830 1. 0.012 0. 352.514 0. 0. -1. 0.
-0.008 1. 0. -317.791 1. 0.008 0. 355.949 0. 0. -1. 0.
-0.004 1. 0. -317.741 1. 0.004 0. 359.379 0. 0. -1. 0.
-0.001 1. 0. -317.680 1. 0.001 0. 362.802 0. 0. -1. 0.
0.000 1. 0. -317.600 1. -0.000 0. 366.202 0. 0. -1. 0.
0.001 1. 0. -317.524 1. -0.001 0. 369.591 0. 0. -1. 0.
0.002 1. 0. -317.448 1. -0.002 0. 372.958 0. 0. -1. 0.
0.003 1. 0. -317.366 1. -0.003 0. 376.305 0. 0. -1. 0.
0.003 1. 0. -317.291 1. -0.003 0. 379.630 0. 0. -1. 0.
0.004 1. 0. -317.206 1. -0.004 0. 382.920 0. 0. -1. 0.
0.005 1. 0. -317.115 1. -0.005 0. 386.179 0. 0. -1. 0.
0.006 1. 0. -317.033 1. -0.006 0. 389.409 0. 0. -1. 0.
0.006 1. 0. -316.942 1. -0.006 0. 392.619 0. 0. -1. 0.
0.006 1. 0. -316.855 1. -0.006 0. 395.792 0. 0. -1. 0.
0.007 1. 0. -316.774 1. -0.007 0. 398.936 0. 0. -1. 0.
0.007 1. 0. -316.692 1. -0.007 0. 402.061 0. 0. -1. 0.
0.006 1. 0. -316.613 1. -0.006 0. 405.158 0. 0. -1. 0.
0.005 1. 0. -316.535 1. -0.005 0. 408.234 0. 0. -1. 0.
0.004 1. 0. -316.456 1. -0.004 0. 411.276 0. 0. -1. 0.
0.004 1. 0. -316.380 1. -0.004 0. 414.307 0. 0. -1. 0.
0.004 1. 0. -316.302 1. -0.004 0. 417.309 0. 0. -1. 0.
0.004 1. 0. -316.225 1. -0.004 0. 420.280 0. 0. -1. 0.
0.004 1. 0. -316.157 1. -0.004 0. 423.226 0. 0. -1. 0.
0.004 1. 0. -316.085 1. -0.004 0. 426.132 0. 0. -1. 0.
0.004 1. 0. -316.012 1. -0.004 0. 429.037 0. 0. -1. 0.
0.004 1. 0. -315.942 1. -0.004 0. 431.914 0. 0. -1. 0.
0.004 1. 0. -315.875 1. -0.004 0. 434.759 0. 0. -1. 0.
0.003 1. 0. -315.808 1. -0.003 0. 437.582 0. 0. -1. 0.
0.003 1. 0. -315.742 1. -0.003 0. 440.384 0. 0. -1. 0.
0.003 1. 0. -315.671 1. -0.003 0. 443.155 0. 0. -1. 0.
0.003 1. 0. -315.604 1. -0.003 0. 445.877 0. 0. -1. 0.
0.004 1. 0. -315.544 1. -0.004 0. 448.494 0. 0. -1. 0.
0.007 1. 0. -315.481 1. -0.007 0. 450.974 0. 0. -1. 0.
0.011 1. 0. -315.411 1. -0.011 0. 453.304 0. 0. -1. 0.
0.012 1. 0. -315.338 1. -0.012 0. 455.488 0. 0. -1. 0.
0.014 1. 0. -315.264 1. -0.014 0. 457.555 0. 0. -1. 0.
0.014 1. 0. -315.193 1. -0.014 0. 459.500 0. 0. -1. 0.
0.013 1. 0. -315.131 1. -0.013 0. 461.277 0. 0. -1. 0.
0.012 1. 0. -315.076 1. -0.012 0. 462.859 0. 0. -1. 0.
0.012 1. 0. -315.034 1. -0.012 0. 464.238 0. 0. -1. 0.
0.011 1. 0. -314.996 1. -0.011 0. 465.407 0. 0. -1. 0.
0.011 1. 0. -314.968 1. -0.011 0. 466.368 0. 0. -1. 0.
0.010 1. 0. -314.945 1. -0.010 0. 467.117 0. 0. -1. 0.
0.010 1. 0. -314.927 1. -0.010 0. 467.664 0. 0. -1. 0.
0.010 1. 0. -314.917 1. -0.010 0. 468.035 0. 0. -1. 0.
0.010 1. 0. -314.910 1. -0.010 0. 468.288 0. 0. -1. 0.
0.010 1. 0. -314.904 1. -0.010 0. 468.479 0. 0. -1. 0.
0.010 1. 0. -314.900 1. -0.010 0. 468.611 0. 0. -1. 0.
0.010 1. 0. -314.896 1. -0.010 0. 468.698 0. 0. -1. 0.
0.010 1. 0. -314.896 1. -0.010 0. 468.759 0. 0. -1. 0.
0.010 1. 0. -314.895 1. -0.010 0. 468.806 0. 0. -1. 0.
0.010 1. 0. -314.894 1. -0.010 0. 468.843 0. 0. -1. 0.
0.010 1. 0. -314.894 1. -0.010 0. 468.901 0. 0. -1. 0.
0.010 1. 0. -314.892 1. -0.010 0. 468.992 0. 0. -1. 0.
0.010 1. 0. -314.888 1. -0.010 0. 469.113 0. 0. -1. 0.
0.010 1. 0. -314.884 1. -0.010 0. 469.261 0. 0. -1. 0.
0.010 1. 0. -314.879 1. -0.010 0. 469.439 0. 0. -1. 0.
0.011 1. 0. -314.872 1. -0.011 0. 469.689 0. 0. -1. 0.
0.012 1. 0. -314.861 1. -0.012 0. 470.081 0. 0. -1. 0.
0.012 1. 0. -314.844 1. -0.012 0. 470.602 0. 0. -1. 0.
0.013 1. 0. -314.820 1. -0.013 0. 471.237 0. 0. -1. 0.
0.014 1.000 0. -314.794 1.000 -0.014 0. 471.989 0. 0. -1. 0.
0.015 1.000 0. -314.768 1.000 -0.015 0. 472.858 0. 0. -1. 0.
0.015 1.000 0. -314.728 1.000 -0.015 0. 473.844 0. 0. -1. 0.
0.016 1.000 0. -314.685 1.000 -0.016 0. 474.941 0. 0. -1. 0.
0.016 1.000 0. -314.645 1.000 -0.016 0. 476.134 0. 0. -1. 0.
0.016 1.000 0. -314.597 1.000 -0.016 0. 477.401 0. 0. -1. 0.
0.016 1.000 0. -314.549 1.000 -0.016 0. 478.737 0. 0. -1. 0.
0.016 1.000 0. -314.502 1.000 -0.016 0. 480.145 0. 0. -1. 0.
0.016 1.000 0. -314.451 1.000 -0.016 0. 481.585 0. 0. -1. 0.
0.016 1.000 0. -314.395 1.000 -0.016 0. 483.035 0. 0. -1. 0.
0.019 1.000 0. -314.347 1.000 -0.019 0. 484.495 0. 0. -1. 0.
0.024 1.000 0. -314.282 1.000 -0.024 0. 485.950 0. 0. -1. 0.
0.030 1.000 0. -314.211 1.000 -0.030 0. 487.396 0. 0. -1. 0.
0.037 0.999 0. -314.131 0.999 -0.037 0. 488.831 0. 0. -1. 0.
0.044 0.999 0. -314.035 0.999 -0.044 0. 490.249 0. 0. -1. 0.
0.050 0.999 0. -313.939 0.999 -0.050 0. 491.628 0. 0. -1. 0.
0.048 0.999 0. -313.834 0.999 -0.048 0. 492.946 0. 0. -1. 0.
0.039 0.999 0. -313.758 0.999 -0.039 0. 494.178 0. 0. -1. 0.
0.023 1.000 0. -313.704 1.000 -0.023 0. 495.308 0. 0. -1. 0.
0.004 1. 0. -313.672 1. -0.004 0. 496.335 0. 0. -1. 0.
-0.014 1. 0. -313.679 1. 0.014 0. 497.239 0. 0. -1. 0.
-0.027 1.000 0. -313.682 1.000 0.027 0. 498.015 0. 0. -1. 0.
-0.035 0.999 0. -313.695 0.999 0.035 0. 498.667 0. 0. -1. 0.
-0.038 0.999 0. -313.706 0.999 0.038 0. 499.194 0. 0. -1. 0.
-0.037 0.999 0. -313.711 0.999 0.037 0. 499.585 0. 0. -1. 0.
-0.038 0.999 0. -313.714 0.999 0.038 0. 499.863 0. 0. -1. 0.
-0.037 0.999 0. -313.719 0.999 0.037 0. 500.078 0. 0. -1. 0.
-0.037 0.999 0. -313.723 0.999 0.037 0. 500.249 0. 0. -1. 0.
-0.038 0.999 0. -313.725 0.999 0.038 0. 500.377 0. 0. -1. 0.
-0.037 0.999 0. -313.728 0.999 0.037 0. 500.467 0. 0. -1. 0.
-0.037 0.999 0. -313.729 0.999 0.037 0. 500.521 0. 0. -1. 0.
-0.038 0.999 0. -313.728 0.999 0.038 0. 500.530 0. 0. -1. 0.
-0.038 0.999 0. -313.728 0.999 0.038 0. 500.529 0. 0. -1. 0.
-0.038 0.999 0. -313.728 0.999 0.038 0. 500.529 0. 0. -1. 0.
-0.038 0.999 0. -313.728 0.999 0.038 0. 500.529 0. 0. -1. 0.
-0.038 0.999 0. -313.728 0.999 0.038 0. 500.529 0. 0. -1. 0.
-0.037 0.999 0. -313.728 0.999 0.037 0. 500.529 0. 0. -1. 0.
-0.037 0.999 0. -313.728 0.999 0.037 0. 500.529 0. 0. -1. 0.
-0.038 0.999 0. -313.728 0.999 0.038 0. 500.529 0. 0. -1. 0.
-0.038 0.999 0. -313.728 0.999 0.038 0. 500.529 0. 0. -1. 0.
-0.038 0.999 0. -313.728 0.999 0.038 0. 500.529 0. 0. -1. 0.
-0.038 0.999 0. -313.728 0.999 0.038 0. 500.529 0. 0. -1. 0.
-0.038 0.999 0. -313.728 0.999 0.038 0. 500.529 0. 0. -1. 0.
-0.038 0.999 0. -313.728 0.999 0.038 0. 500.529 0. 0. -1. 0.
-0.038 0.999 0. -313.728 0.999 0.038 0. 500.529 0. 0. -1. 0.
-0.038 0.999 0. -313.728 0.999 0.038 0. 500.529 0. 0. -1. 0.
-0.038 0.999 0. -313.728 0.999 0.038 0. 500.529 0. 0. -1. 0.
-0.038 0.999 0. -313.728 0.999 0.038 0. 500.529 0. 0. -1. 0.
-0.038 0.999 0. -313.728 0.999 0.038 0. 500.529 0. 0. -1. 0.
-0.038 0.999 0. -313.729 0.999 0.038 0. 500.529 0. 0. -1. 0.
-0.038 0.999 0. -313.729 0.999 0.038 0. 500.529 0. 0. -1. 0.
-0.038 0.999 0. -313.729 0.999 0.038 0. 500.529 0. 0. -1. 0.
-0.038 0.999 0. -313.728 0.999 0.038 0. 500.529 0. 0. -1. 0.
-0.038 0.999 0. -313.728 0.999 0.038 0. 500.529 0. 0. -1. 0.
-0.038 0.999 0. -313.728 0.999 0.038 0. 500.529 0. 0. -1. 0.
-0.038 0.999 0. -313.728 0.999 0.038 0. 500.529 0. 0. -1. 0.
-0.038 0.999 0. -313.728 0.999 0.038 0. 500.529 0. 0. -1. 0.
-0.038 0.999 0. -313.728 0.999 0.038 0. 500.529 0. 0. -1. 0.
-0.038 0.999 0. -313.729 0.999 0.038 0. 500.529 0. 0. -1. 0.
-0.038 0.999 0. -313.728 0.999 0.038 0. 500.529 0. 0. -1. 0.
-0.038 0.999 0. -313.729 0.999 0.038 0. 500.529 0. 0. -1. 0.
-0.038 0.999 0. -313.729 0.999 0.038 0. 500.529 0. 0. -1. 0.
-0.038 0.999 0. -313.729 0.999 0.038 0. 500.529 0. 0. -1. 0.
-0.038 0.999 0. -313.729 0.999 0.038 0. 500.529 0. 0. -1. 0.
-0.038 0.999 0. -313.729 0.999 0.038 0. 500.529 0. 0. -1. 0.
-0.038 0.999 0. -313.729 0.999 0.038 0. 500.529 0. 0. -1. 0.
-0.038 0.999 0. -313.729 0.999 0.038 0. 500.529 0. 0. -1. 0.
-0.038 0.999 0. -313.729 0.999 0.038 0. 500.529 0. 0. -1. 0.
-0.038 0.999 0. -313.729 0.999 0.038 0. 500.529 0. 0. -1. 0.
-0.038 0.999 0. -313.729 0.999 0.038 0. 500.529 0. 0. -1. 0.
-0.038 0.999 0. -313.729 0.999 0.038 0. 500.529 0. 0. -1. 0.
-0.038 0.999 0. -313.729 0.999 0.038 0. 500.529 0. 0. -1. 0.
-0.038 0.999 0. -313.729 0.999 0.038 0. 500.529 0. 0. -1. 0.
-0.038 0.999 0. -313.729 0.999 0.038 0. 500.529 0. 0. -1. 0.
-0.038 0.999 0. -313.728 0.999 0.038 0. 500.529 0. 0. -1. 0.
-0.038 0.999 0. -313.729 0.999 0.038 0. 500.529 0. 0. -1. 0.
-0.038 0.999 0. -313.729 0.999 0.038 0. 500.529 0. 0. -1. 0.
-0.038 0.999 0. -313.729 0.999 0.038 0. 500.529 0. 0. -1. 0.
-0.038 0.999 0. -313.729 0.999 0.038 0. 500.529 0. 0. -1. 0.
-0.038 0.999 0. -313.729 0.999 0.038 0. 500.529 0. 0. -1. 0.
-0.038 0.999 0. -313.728 0.999 0.038 0. 500.529 0. 0. -1. 0.
-0.038 0.999 0. -313.728 0.999 0.038 0. 500.529 0. 0. -1. 0.
-0.038 0.999 0. -313.729 0.999 0.038 0. 500.529 0. 0. -1. 0.
-0.038 0.999 0. -313.729 0.999 0.038 0. 500.529 0. 0. -1. 0.
-0.038 0.999 0. -313.728 0.999 0.038 0. 500.529 0. 0. -1. 0.
