0.021 -1.000 0. 355631.917 1.000 0.021 0. 4026724.687 0. 0. 1. 0.
0.021 -1.000 0. 355631.925 1.000 0.021 0. 4026725.070 0. 0. 1. 0.
0.022 -1.000 0. 355631.934 1.000 0.022 0. 4026725.495 0. 0. 1. 0.
0.021 -1.000 0. 355631.944 1.000 0.021 0. 4026725.955 0. 0. 1. 0.
0.021 -1.000 0. 355631.954 1.000 0.021 0. 4026726.430 0. 0. 1. 0.
0.021 -1.000 0. 355631.965 1.000 0.021 0. 4026726.919 0. 0. 1. 0.
0.021 -1.000 0. 355631.975 1.000 0.021 0. 4026727.420 0. 0. 1. 0.
0.021 -1.000 0. 355631.986 1.000 0.021 0. 4026727.934 0. 0. 1. 0.
0.021 -1.000 0. 355631.997 1.000 0.021 0. 4026728.462 0. 0. 1. 0.
0.021 -1.000 0. 355632.007 1.000 0.021 0. 4026728.999 0. 0. 1. 0.
0.020 -1.000 0. 355632.018 1.000 0.020 0. 4026729.537 0. 0. 1. 0.
0.019 -1.000 0. 355632.028 1.000 0.019 0. 4026730.074 0. 0. 1. 0.
0.018 -1.000 0. 355632.037 1.000 0.018 0. 4026730.610 0. 0. 1. 0.
0.017 -1.000 0. 355632.046 1.000 0.017 0. 4026731.147 0. 0. 1. 0.
0.015 -1.000 0. 355632.054 1.000 0.015 0. 4026731.687 0. 0. 1. 0.
0.012 -1. 0. 355632.060 1. 0.012 0. 4026732.228 0. 0. 1. 0.
0.009 -1. 0. 355632.066 1. 0.009 0. 4026732.765 0. 0. 1. 0.
0.007 -1. 0. 355632.070 1. 0.007 0. 4026733.297 0. 0. 1. 0.
0.005 -1. 0. 355632.072 1. 0.005 0. 4026733.829 0. 0. 1. 0.
0.003 -1. 0. 355632.073 1. 0.003 0. 4026734.346 0. 0. 1. 0.
0.000 -1. 0. 355632.074 1. 0.000 0. 4026734.862 0. 0. 1. 0.
-0.002 -1. 0. 355632.073 1. -0.002 0. 4026735.374 0. 0. 1. 0.
-0.004 -1. 0. 355632.070 1. -0.004 0. 4026735.879 0. 0. 1. 0.
-0.006 -1. 0. 355632.067 1. -0.006 0. 4026736.373 0. 0. 1. 0.
-0.009 -1. 0. 355632.063 1. -0.009 0. 4026736.857 0. 0. 1. 0.
-0.010 -1. 0. 355632.058 1. -0.010 0. 4026737.332 0. 0. 1. 0.
-0.011 -1. 0. 355632.052 1. -0.011 0. 4026737.804 0. 0. 1. 0.
-0.011 -1. 0. 355632.046 1. -0.011 0. 4026738.271 0. 0. 1. 0.
-0.011 -1. 0. 355632.040 1. -0.011 0. 4026738.736 0. 0. 1. 0.
-0.012 -1. 0. 355632.034 1. -0.012 0. 4026739.199 0. 0. 1. 0.
-0.013 -1. 0. 355632.029 1. -0.013 0. 4026739.627 0. 0. 1. 0.
-0.014 -1.000 0. 355632.023 1.000 -0.014 0. 4026740.016 0. 0. 1. 0.
-0.017 -1.000 0. 355632.017 1.000 -0.017 0. 4026740.376 0. 0. 1. 0.
-0.021 -1.000 0. 355632.010 1.000 -0.021 0. 4026740.707 0. 0. 1. 0.
-0.026 -1.000 0. 355632.003 1.000 -0.026 0. 4026741.008 0. 0. 1. 0.
-0.032 -0.999 0. 355631.994 0.999 -0.032 0. 4026741.305 0. 0. 1. 0.
-0.040 -0.999 0. 355631.982 0.999 -0.040 0. 4026741.603 0. 0. 1. 0.
-0.048 -0.999 0. 355631.969 0.999 -0.048 0. 4026741.902 0. 0. 1. 0.
-0.057 -0.998 0. 355631.953 0.998 -0.057 0. 4026742.207 0. 0. 1. 0.
-0.066 -0.998 0. 355631.933 0.998 -0.066 0. 4026742.521 0. 0. 1. 0.
-0.078 -0.997 0. 355631.909 0.997 -0.078 0. 4026742.850 0. 0. 1. 0.
-0.091 -0.996 0. 355631.878 0.996 -0.091 0. 4026743.212 0. 0. 1. 0.
-0.105 -0.994 0. 355631.839 0.994 -0.105 0. 4026743.611 0. 0. 1. 0.
-0.120 -0.993 0. 355631.789 0.993 -0.120 0. 4026744.047 0. 0. 1. 0.
-0.137 -0.991 0. 355631.727 0.991 -0.137 0. 4026744.529 0. 0. 1. 0.
-0.156 -0.988 0. 355631.649 0.988 -0.156 0. 4026745.056 0. 0. 1. 0.
-0.175 -0.985 0. 355631.553 0.985 -0.175 0. 4026745.636 0. 0. 1. 0.
-0.197 -0.980 0. 355631.435 0.980 -0.197 0. 4026746.262 0. 0. 1. 0.
-0.220 -0.976 0. 355631.292 0.976 -0.220 0. 4026746.935 0. 0. 1. 0.
-0.243 -0.970 0. 355631.124 0.970 -0.243 0. 4026747.646 0. 0. 1. 0.
-0.268 -0.963 0. 355630.927 0.963 -0.268 0. 4026748.395 0. 0. 1. 0.
-0.291 -0.957 0. 355630.698 0.957 -0.291 0. 4026749.185 0. 0. 1. 0.
-0.310 -0.951 0. 355630.441 0.951 -0.310 0. 4026750.008 0. 0. 1. 0.
-0.322 -0.947 0. 355630.162 0.947 -0.322 0. 4026750.867 0. 0. 1. 0.
-0.328 -0.945 0. 355629.865 0.945 -0.328 0. 4026751.746 0. 0. 1. 0.
-0.326 -0.945 0. 355629.553 0.945 -0.326 0. 4026752.660 0. 0. 1. 0.
-0.315 -0.949 0. 355629.238 0.949 -0.315 0. 4026753.603 0. 0. 1. 0.
-0.297 -0.955 0. 355628.928 0.955 -0.297 0. 4026754.580 0. 0. 1. 0.
-0.276 -0.961 0. 355628.623 0.961 -0.276 0. 4026755.605 0. 0. 1. 0.
-0.252 -0.968 0. 355628.343 0.968 -0.252 0. 4026756.637 0. 0. 1. 0.
-0.225 -0.974 0. 355628.080 0.974 -0.225 0. 4026757.708 0. 0. 1. 0.
-0.196 -0.981 0. 355627.841 0.981 -0.196 0. 4026758.814 0. 0. 1. 0.
-0.167 -0.986 0. 355627.628 0.986 -0.167 0. 4026759.963 0. 0. 1. 0.
-0.138 -0.990 0. 355627.448 0.990 -0.138 0. 4026761.130 0. 0. 1. 0.
-0.110 -0.994 0. 355627.295 0.994 -0.110 0. 4026762.350 0. 0. 1. 0.
-0.085 -0.996 0. 355627.173 0.996 -0.085 0. 4026763.605 0. 0. 1. 0.
-0.067 -0.998 0. 355627.075 0.998 -0.067 0. 4026764.891 0. 0. 1. 0.
-0.053 -0.999 0. 355626.996 0.999 -0.053 0. 4026766.210 0. 0. 1. 0.
-0.042 -0.999 0. 355626.932 0.999 -0.042 0. 4026767.573 0. 0. 1. 0.
-0.036 -0.999 0. 355626.877 0.999 -0.036 0. 4026768.972 0. 0. 1. 0.
-0.034 -0.999 0. 355626.826 0.999 -0.034 0. 4026770.399 0. 0. 1. 0.
-0.035 -0.999 0. 355626.776 0.999 -0.035 0. 4026771.833 0. 0. 1. 0.
-0.037 -0.999 0. 355626.723 0.999 -0.037 0. 4026773.273 0. 0. 1. 0.
-0.039 -0.999 0. 355626.667 0.999 -0.039 0. 4026774.723 0. 0. 1. 0.
-0.040 -0.999 0. 355626.608 0.999 -0.040 0. 4026776.176 0. 0. 1. 0.
-0.042 -0.999 0. 355626.547 0.999 -0.042 0. 4026777.639 0. 0. 1. 0.
-0.044 -0.999 0. 355626.481 0.999 -0.044 0. 4026779.117 0. 0. 1. 0.
-0.045 -0.999 0. 355626.412 0.999 -0.045 0. 4026780.611 0. 0. 1. 0.
-0.046 -0.999 0. 355626.340 0.999 -0.046 0. 4026782.116 0. 0. 1. 0.
-0.047 -0.999 0. 355626.267 0.999 -0.047 0. 4026783.628 0. 0. 1. 0.
-0.049 -0.999 0. 355626.190 0.999 -0.049 0. 4026785.153 0. 0. 1. 0.
-0.053 -0.999 0. 355626.107 0.999 -0.053 0. 4026786.689 0. 0. 1. 0.
-0.061 -0.998 0. 355626.016 0.998 -0.061 0. 4026788.232 0. 0. 1. 0.
-0.070 -0.998 0. 355625.912 0.998 -0.070 0. 4026789.782 0. 0. 1. 0.
-0.081 -0.997 0. 355625.788 0.997 -0.081 0. 4026791.384 0. 0. 1. 0.
-0.093 -0.996 0. 355625.658 0.996 -0.093 0. 4026792.849 0. 0. 1. 0.
-0.106 -0.994 0. 355625.506 0.994 -0.106 0. 4026794.360 0. 0. 1. 0.
-0.122 -0.993 0. 355625.333 0.993 -0.122 0. 4026795.860 0. 0. 1. 0.
-0.138 -0.990 0. 355625.132 0.990 -0.138 0. 4026797.371 0. 0. 1. 0.
-0.154 -0.988 0. 355624.916 0.988 -0.154 0. 4026798.819 0. 0. 1. 0.
-0.170 -0.985 0. 355624.675 0.985 -0.170 0. 4026800.278 0. 0. 1. 0.
-0.185 -0.983 0. 355624.414 0.983 -0.185 0. 4026801.715 0. 0. 1. 0.
-0.200 -0.980 0. 355624.133 0.980 -0.200 0. 4026803.138 0. 0. 1. 0.
-0.216 -0.976 0. 355623.835 0.976 -0.216 0. 4026804.523 0. 0. 1. 0.
-0.231 -0.973 0. 355623.521 0.973 -0.231 0. 4026805.888 0. 0. 1. 0.
-0.247 -0.969 0. 355623.191 0.969 -0.247 0. 4026807.225 0. 0. 1. 0.
-0.264 -0.965 0. 355622.839 0.965 -0.264 0. 4026808.551 0. 0. 1. 0.
-0.280 -0.960 0. 355622.476 0.960 -0.280 0. 4026809.827 0. 0. 1. 0.
-0.296 -0.955 0. 355622.096 0.955 -0.296 0. 4026811.086 0. 0. 1. 0.
-0.312 -0.950 0. 355621.698 0.950 -0.312 0. 4026812.326 0. 0. 1. 0.
-0.332 -0.943 0. 355621.285 0.943 -0.332 0. 4026813.543 0. 0. 1. 0.
-0.352 -0.936 0. 355620.852 0.936 -0.352 0. 4026814.728 0. 0. 1. 0.
-0.372 -0.928 0. 355620.404 0.928 -0.372 0. 4026815.884 0. 0. 1. 0.
-0.394 -0.919 0. 355619.933 0.919 -0.394 0. 4026817.021 0. 0. 1. 0.
-0.415 -0.910 0. 355619.446 0.910 -0.415 0. 4026818.123 0. 0. 1. 0.
-0.436 -0.900 0. 355618.945 0.900 -0.436 0. 4026819.190 0. 0. 1. 0.
-0.458 -0.889 0. 355618.430 0.889 -0.458 0. 4026820.224 0. 0. 1. 0.
-0.481 -0.877 0. 355617.898 0.877 -0.481 0. 4026821.225 0. 0. 1. 0.
-0.502 -0.865 0. 355617.346 0.865 -0.502 0. 4026822.202 0. 0. 1. 0.
-0.523 -0.852 0. 355616.777 0.852 -0.523 0. 4026823.154 0. 0. 1. 0.
-0.546 -0.838 0. 355616.194 0.838 -0.546 0. 4026824.076 0. 0. 1. 0.
-0.572 -0.820 0. 355615.589 0.820 -0.572 0. 4026824.972 0. 0. 1. 0.
-0.598 -0.801 0. 355614.963 0.801 -0.598 0. 4026825.844 0. 0. 1. 0.
-0.623 -0.782 0. 355614.313 0.782 -0.623 0. 4026826.689 0. 0. 1. 0.
-0.646 -0.763 0. 355613.641 0.763 -0.646 0. 4026827.509 0. 0. 1. 0.
-0.663 -0.748 0. 355612.951 0.748 -0.663 0. 4026828.308 0. 0. 1. 0.
-0.673 -0.739 0. 355612.259 0.739 -0.673 0. 4026829.080 0. 0. 1. 0.
-0.680 -0.733 0. 355611.598 0.733 -0.680 0. 4026829.800 0. 0. 1. 0.
-0.684 -0.729 0. 355611.004 0.729 -0.684 0. 4026830.438 0. 0. 1. 0.
-0.684 -0.729 0. 355610.485 0.729 -0.684 0. 4026830.994 0. 0. 1. 0.
-0.683 -0.730 0. 355610.034 0.730 -0.683 0. 4026831.477 0. 0. 1. 0.
-0.682 -0.732 0. 355609.633 0.732 -0.682 0. 4026831.909 0. 0. 1. 0.
-0.680 -0.733 0. 355609.279 0.733 -0.680 0. 4026832.291 0. 0. 1. 0.
-0.679 -0.734 0. 355608.957 0.734 -0.679 0. 4026832.640 0. 0. 1. 0.
-0.677 -0.736 0. 355608.652 0.736 -0.677 0. 4026832.974 0. 0. 1. 0.
-0.676 -0.737 0. 355608.353 0.737 -0.676 0. 4026833.302 0. 0. 1. 0.
-0.674 -0.739 0. 355608.058 0.739 -0.674 0. 4026833.625 0. 0. 1. 0.
-0.672 -0.740 0. 355607.763 0.740 -0.672 0. 4026833.952 0. 0. 1. 0.
-0.670 -0.742 0. 355607.455 0.742 -0.670 0. 4026834.295 0. 0. 1. 0.
-0.668 -0.744 0. 355607.135 0.744 -0.668 0. 4026834.651 0. 0. 1. 0.
-0.666 -0.746 0. 355606.807 0.746 -0.666 0. 4026835.020 0. 0. 1. 0.
-0.664 -0.748 0. 355606.465 0.748 -0.664 0. 4026835.407 0. 0. 1. 0.
-0.662 -0.749 0. 355606.102 0.749 -0.662 0. 4026835.818 0. 0. 1. 0.
-0.660 -0.751 0. 355605.718 0.751 -0.660 0. 4026836.255 0. 0. 1. 0.
-0.659 -0.752 0. 355605.308 0.752 -0.659 0. 4026836.722 0. 0. 1. 0.
-0.657 -0.754 0. 355604.876 0.754 -0.657 0. 4026837.218 0. 0. 1. 0.
-0.656 -0.754 0. 355604.407 0.754 -0.656 0. 4026837.758 0. 0. 1. 0.
-0.656 -0.755 0. 355603.910 0.755 -0.656 0. 4026838.332 0. 0. 1. 0.
-0.654 -0.756 0. 355603.393 0.756 -0.654 0. 4026838.930 0. 0. 1. 0.
-0.653 -0.757 0. 355602.867 0.757 -0.653 0. 4026839.541 0. 0. 1. 0.
-0.652 -0.758 0. 355602.337 0.758 -0.652 0. 4026840.158 0. 0. 1. 0.
-0.652 -0.759 0. 355601.795 0.759 -0.652 0. 4026840.791 0. 0. 1. 0.
-0.652 -0.759 0. 355601.243 0.759 -0.652 0. 4026841.435 0. 0. 1. 0.
-0.653 -0.758 0. 355600.679 0.758 -0.653 0. 4026842.093 0. 0. 1. 0.
-0.654 -0.757 0. 355600.103 0.757 -0.654 0. 4026842.767 0. 0. 1. 0.
-0.655 -0.756 0. 355599.511 0.756 -0.655 0. 4026843.459 0. 0. 1. 0.
-0.656 -0.755 0. 355598.898 0.755 -0.656 0. 4026844.171 0. 0. 1. 0.
-0.657 -0.754 0. 355598.259 0.754 -0.657 0. 4026844.913 0. 0. 1. 0.
-0.658 -0.753 0. 355597.599 0.753 -0.658 0. 4026845.674 0. 0. 1. 0.
-0.659 -0.752 0. 355596.917 0.752 -0.659 0. 4026846.459 0. 0. 1. 0.
-0.660 -0.751 0. 355596.214 0.751 -0.660 0. 4026847.263 0. 0. 1. 0.
-0.660 -0.751 0. 355595.491 0.751 -0.660 0. 4026848.089 0. 0. 1. 0.
-0.659 -0.752 0. 355594.755 0.752 -0.659 0. 4026848.928 0. 0. 1. 0.
-0.657 -0.754 0. 355594.000 0.754 -0.657 0. 4026849.791 0. 0. 1. 0.
-0.654 -0.756 0. 355593.238 0.756 -0.654 0. 4026850.670 0. 0. 1. 0.
-0.651 -0.759 0. 355592.474 0.759 -0.651 0. 4026851.556 0. 0. 1. 0.
-0.647 -0.763 0. 355591.704 0.763 -0.647 0. 4026852.459 0. 0. 1. 0.
-0.642 -0.766 0. 355590.937 0.766 -0.642 0. 4026853.370 0. 0. 1. 0.
-0.638 -0.770 0. 355590.161 0.770 -0.638 0. 4026854.301 0. 0. 1. 0.
-0.633 -0.774 0. 355589.368 0.774 -0.633 0. 4026855.264 0. 0. 1. 0.
-0.628 -0.778 0. 355588.559 0.778 -0.628 0. 4026856.260 0. 0. 1. 0.
-0.621 -0.784 0. 355587.742 0.784 -0.621 0. 4026857.284 0. 0. 1. 0.
-0.613 -0.790 0. 355586.925 0.790 -0.613 0. 4026858.328 0. 0. 1. 0.
-0.605 -0.796 0. 355586.111 0.796 -0.605 0. 4026859.386 0. 0. 1. 0.
-0.596 -0.803 0. 355585.305 0.803 -0.596 0. 4026860.461 0. 0. 1. 0.
-0.586 -0.810 0. 355584.509 0.810 -0.586 0. 4026861.549 0. 0. 1. 0.
-0.576 -0.817 0. 355583.720 0.817 -0.576 0. 4026862.656 0. 0. 1. 0.
-0.564 -0.826 0. 355582.944 0.826 -0.564 0. 4026863.772 0. 0. 1. 0.
-0.550 -0.835 0. 355582.194 0.835 -0.550 0. 4026864.889 0. 0. 1. 0.
-0.535 -0.845 0. 355581.476 0.845 -0.535 0. 4026866.000 0. 0. 1. 0.
-0.519 -0.855 0. 355580.787 0.855 -0.519 0. 4026867.110 0. 0. 1. 0.
-0.502 -0.865 0. 355580.130 0.865 -0.502 0. 4026868.214 0. 0. 1. 0.
-0.487 -0.873 0. 355579.512 0.873 -0.487 0. 4026869.302 0. 0. 1. 0.
-0.473 -0.881 0. 355578.928 0.881 -0.473 0. 4026870.369 0. 0. 1. 0.
-0.457 -0.889 0. 355578.381 0.889 -0.457 0. 4026871.411 0. 0. 1. 0.
-0.443 -0.897 0. 355577.862 0.897 -0.443 0. 4026872.439 0. 0. 1. 0.
-0.429 -0.903 0. 355577.384 0.903 -0.429 0. 4026873.427 0. 0. 1. 0.
-0.422 -0.907 0. 355576.951 0.907 -0.422 0. 4026874.349 0. 0. 1. 0.
-0.417 -0.909 0. 355576.563 0.909 -0.417 0. 4026875.189 0. 0. 1. 0.
-0.413 -0.911 0. 355576.223 0.911 -0.413 0. 4026875.933 0. 0. 1. 0.
-0.409 -0.912 0. 355575.920 0.912 -0.409 0. 4026876.607 0. 0. 1. 0.
-0.408 -0.913 0. 355575.639 0.913 -0.408 0. 4026877.235 0. 0. 1. 0.
-0.407 -0.914 0. 355575.378 0.914 -0.407 0. 4026877.823 0. 0. 1. 0.
-0.407 -0.914 0. 355575.131 0.914 -0.407 0. 4026878.380 0. 0. 1. 0.
-0.407 -0.913 0. 355574.893 0.913 -0.407 0. 4026878.913 0. 0. 1. 0.
-0.410 -0.912 0. 355574.664 0.912 -0.410 0. 4026879.426 0. 0. 1. 0.
-0.416 -0.909 0. 355574.438 0.909 -0.416 0. 4026879.927 0. 0. 1. 0.
-0.424 -0.906 0. 355574.212 0.906 -0.424 0. 4026880.415 0. 0. 1. 0.
-0.434 -0.901 0. 355573.980 0.901 -0.434 0. 4026880.907 0. 0. 1. 0.
-0.443 -0.896 0. 355573.727 0.896 -0.443 0. 4026881.425 0. 0. 1. 0.
-0.449 -0.894 0. 355573.451 0.894 -0.449 0. 4026881.977 0. 0. 1. 0.
-0.448 -0.894 0. 355573.156 0.894 -0.448 0. 4026882.565 0. 0. 1. 0.
-0.439 -0.899 0. 355572.843 0.899 -0.439 0. 4026883.200 0. 0. 1. 0.
-0.424 -0.906 0. 355572.514 0.906 -0.424 0. 4026883.887 0. 0. 1. 0.
-0.402 -0.916 0. 355572.176 0.916 -0.402 0. 4026884.632 0. 0. 1. 0.
-0.377 -0.926 0. 355571.833 0.926 -0.377 0. 4026885.444 0. 0. 1. 0.
-0.350 -0.937 0. 355571.492 0.937 -0.350 0. 4026886.318 0. 0. 1. 0.
-0.321 -0.947 0. 355571.153 0.947 -0.321 0. 4026887.268 0. 0. 1. 0.
-0.289 -0.957 0. 355570.829 0.957 -0.289 0. 4026888.279 0. 0. 1. 0.
-0.259 -0.966 0. 355570.521 0.966 -0.259 0. 4026889.354 0. 0. 1. 0.
-0.228 -0.974 0. 355570.231 0.974 -0.228 0. 4026890.503 0. 0. 1. 0.
-0.196 -0.981 0. 355569.969 0.981 -0.196 0. 4026891.707 0. 0. 1. 0.
-0.166 -0.986 0. 355569.733 0.986 -0.166 0. 4026892.979 0. 0. 1. 0.
-0.144 -0.990 0. 355569.525 0.990 -0.144 0. 4026894.305 0. 0. 1. 0.
-0.131 -0.991 0. 355569.334 0.991 -0.131 0. 4026895.677 0. 0. 1. 0.
-0.126 -0.992 0. 355569.150 0.992 -0.126 0. 4026897.087 0. 0. 1. 0.
-0.122 -0.993 0. 355568.970 0.993 -0.122 0. 4026898.526 0. 0. 1. 0.
-0.118 -0.993 0. 355568.792 0.993 -0.118 0. 4026899.999 0. 0. 1. 0.
-0.114 -0.993 0. 355568.617 0.993 -0.114 0. 4026901.487 0. 0. 1. 0.
-0.111 -0.994 0. 355568.444 0.994 -0.111 0. 4026903.010 0. 0. 1. 0.
-0.108 -0.994 0. 355568.272 0.994 -0.108 0. 4026904.572 0. 0. 1. 0.
-0.104 -0.995 0. 355568.101 0.995 -0.104 0. 4026906.169 0. 0. 1. 0.
-0.099 -0.995 0. 355567.934 0.995 -0.099 0. 4026907.804 0. 0. 1. 0.
-0.093 -0.996 0. 355567.773 0.996 -0.093 0. 4026909.475 0. 0. 1. 0.
-0.085 -0.996 0. 355567.621 0.996 -0.085 0. 4026911.181 0. 0. 1. 0.
-0.076 -0.997 0. 355567.480 0.997 -0.076 0. 4026912.928 0. 0. 1. 0.
-0.066 -0.998 0. 355567.359 0.998 -0.066 0. 4026914.715 0. 0. 1. 0.
-0.053 -0.999 0. 355567.255 0.999 -0.053 0. 4026916.539 0. 0. 1. 0.
-0.036 -0.999 0. 355567.175 0.999 -0.036 0. 4026918.390 0. 0. 1. 0.
-0.015 -1.000 0. 355567.129 1.000 -0.015 0. 4026920.256 0. 0. 1. 0.
0.007 -1. 0. 355567.120 1. 0.007 0. 4026922.150 0. 0. 1. 0.
0.022 -1.000 0. 355567.148 1.000 0.022 0. 4026924.058 0. 0. 1. 0.
0.038 -0.999 0. 355567.207 0.999 0.038 0. 4026926.012 0. 0. 1. 0.
0.052 -0.999 0. 355567.298 0.999 0.052 0. 4026927.971 0. 0. 1. 0.
0.066 -0.998 0. 355567.415 0.998 0.066 0. 4026929.948 0. 0. 1. 0.
0.080 -0.997 0. 355567.560 0.997 0.080 0. 4026931.945 0. 0. 1. 0.
0.094 -0.996 0. 355567.736 0.996 0.094 0. 4026933.958 0. 0. 1. 0.
0.107 -0.994 0. 355567.942 0.994 0.107 0. 4026935.997 0. 0. 1. 0.
0.117 -0.993 0. 355568.173 0.993 0.117 0. 4026938.042 0. 0. 1. 0.
0.127 -0.992 0. 355568.427 0.992 0.127 0. 4026940.109 0. 0. 1. 0.
0.138 -0.990 0. 355568.701 0.990 0.138 0. 4026942.171 0. 0. 1. 0.
0.148 -0.989 0. 355568.994 0.989 0.148 0. 4026944.214 0. 0. 1. 0.
0.160 -0.987 0. 355569.312 0.987 0.160 0. 4026946.257 0. 0. 1. 0.
0.172 -0.985 0. 355569.654 0.985 0.172 0. 4026948.295 0. 0. 1. 0.
0.186 -0.983 0. 355570.021 0.983 0.186 0. 4026950.324 0. 0. 1. 0.
0.201 -0.980 0. 355570.420 0.980 0.201 0. 4026952.354 0. 0. 1. 0.
0.217 -0.976 0. 355570.850 0.976 0.217 0. 4026954.373 0. 0. 1. 0.
0.234 -0.972 0. 355571.316 0.972 0.234 0. 4026956.390 0. 0. 1. 0.
0.254 -0.967 0. 355571.820 0.967 0.254 0. 4026958.396 0. 0. 1. 0.
0.275 -0.962 0. 355572.366 0.962 0.275 0. 4026960.393 0. 0. 1. 0.
0.296 -0.955 0. 355572.956 0.955 0.296 0. 4026962.384 0. 0. 1. 0.
0.317 -0.948 0. 355573.591 0.948 0.317 0. 4026964.361 0. 0. 1. 0.
0.340 -0.940 0. 355574.264 0.940 0.340 0. 4026966.301 0. 0. 1. 0.
0.362 -0.932 0. 355574.988 0.932 0.362 0. 4026968.237 0. 0. 1. 0.
0.386 -0.923 0. 355575.758 0.923 0.386 0. 4026970.152 0. 0. 1. 0.
0.408 -0.913 0. 355576.578 0.913 0.408 0. 4026972.052 0. 0. 1. 0.
0.431 -0.902 0. 355577.447 0.902 0.431 0. 4026973.935 0. 0. 1. 0.
0.456 -0.890 0. 355578.368 0.890 0.456 0. 4026975.801 0. 0. 1. 0.
0.480 -0.877 0. 355579.343 0.877 0.480 0. 4026977.644 0. 0. 1. 0.
0.502 -0.865 0. 355580.366 0.865 0.502 0. 4026979.461 0. 0. 1. 0.
0.523 -0.852 0. 355581.432 0.852 0.523 0. 4026981.250 0. 0. 1. 0.
0.544 -0.839 0. 355582.547 0.839 0.544 0. 4026983.019 0. 0. 1. 0.
0.564 -0.826 0. 355583.699 0.826 0.564 0. 4026984.756 0. 0. 1. 0.
0.583 -0.812 0. 355584.896 0.812 0.583 0. 4026986.470 0. 0. 1. 0.
0.600 -0.800 0. 355586.132 0.800 0.600 0. 4026988.156 0. 0. 1. 0.
0.616 -0.788 0. 355587.409 0.788 0.616 0. 4026989.826 0. 0. 1. 0.
0.631 -0.776 0. 355588.719 0.776 0.631 0. 4026991.473 0. 0. 1. 0.
0.645 -0.764 0. 355590.058 0.764 0.645 0. 4026993.092 0. 0. 1. 0.
0.659 -0.752 0. 355591.433 0.752 0.659 0. 4026994.692 0. 0. 1. 0.
0.672 -0.741 0. 355592.831 0.741 0.672 0. 4026996.262 0. 0. 1. 0.
0.684 -0.730 0. 355594.253 0.730 0.684 0. 4026997.810 0. 0. 1. 0.
0.695 -0.719 0. 355595.707 0.719 0.695 0. 4026999.343 0. 0. 1. 0.
0.706 -0.708 0. 355597.178 0.708 0.706 0. 4027000.844 0. 0. 1. 0.
0.716 -0.698 0. 355598.684 0.698 0.716 0. 4027002.336 0. 0. 1. 0.
0.724 -0.690 0. 355600.197 0.690 0.724 0. 4027003.799 0. 0. 1. 0.
0.732 -0.681 0. 355601.739 0.681 0.732 0. 4027005.256 0. 0. 1. 0.
0.740 -0.673 0. 355603.307 0.673 0.740 0. 4027006.701 0. 0. 1. 0.
0.745 -0.667 0. 355604.882 0.667 0.745 0. 4027008.122 0. 0. 1. 0.
0.746 -0.666 0. 355606.452 0.666 0.746 0. 4027009.529 0. 0. 1. 0.
0.743 -0.670 0. 355608.012 0.670 0.743 0. 4027010.931 0. 0. 1. 0.
0.734 -0.679 0. 355609.551 0.679 0.734 0. 4027012.338 0. 0. 1. 0.
0.724 -0.689 0. 355611.068 0.689 0.724 0. 4027013.760 0. 0. 1. 0.
0.712 -0.702 0. 355612.556 0.702 0.712 0. 4027015.202 0. 0. 1. 0.
0.697 -0.717 0. 355614.020 0.717 0.697 0. 4027016.674 0. 0. 1. 0.
0.681 -0.732 0. 355615.452 0.732 0.681 0. 4027018.179 0. 0. 1. 0.
0.663 -0.748 0. 355616.841 0.748 0.663 0. 4027019.707 0. 0. 1. 0.
0.642 -0.766 0. 355618.191 0.766 0.642 0. 4027021.272 0. 0. 1. 0.
0.618 -0.786 0. 355619.491 0.786 0.618 0. 4027022.872 0. 0. 1. 0.
0.591 -0.806 0. 355620.743 0.806 0.591 0. 4027024.519 0. 0. 1. 0.
0.563 -0.826 0. 355621.948 0.826 0.563 0. 4027026.221 0. 0. 1. 0.
0.534 -0.845 0. 355623.105 0.845 0.534 0. 4027027.982 0. 0. 1. 0.
0.502 -0.865 0. 355624.207 0.865 0.502 0. 4027029.799 0. 0. 1. 0.
0.466 -0.885 0. 355625.245 0.885 0.466 0. 4027031.674 0. 0. 1. 0.
0.428 -0.904 0. 355626.209 0.904 0.428 0. 4027033.598 0. 0. 1. 0.
0.388 -0.922 0. 355627.095 0.922 0.388 0. 4027035.578 0. 0. 1. 0.
0.347 -0.938 0. 355627.900 0.938 0.347 0. 4027037.610 0. 0. 1. 0.
0.311 -0.950 0. 355628.622 0.950 0.311 0. 4027039.689 0. 0. 1. 0.
0.281 -0.960 0. 355629.282 0.960 0.281 0. 4027041.815 0. 0. 1. 0.
0.255 -0.967 0. 355629.882 0.967 0.255 0. 4027043.980 0. 0. 1. 0.
0.233 -0.972 0. 355630.433 0.972 0.233 0. 4027046.177 0. 0. 1. 0.
0.214 -0.977 0. 355630.942 0.977 0.214 0. 4027048.398 0. 0. 1. 0.
0.197 -0.980 0. 355631.415 0.980 0.197 0. 4027050.652 0. 0. 1. 0.
0.183 -0.983 0. 355631.852 0.983 0.183 0. 4027052.930 0. 0. 1. 0.
0.171 -0.985 0. 355632.262 0.985 0.171 0. 4027055.218 0. 0. 1. 0.
0.160 -0.987 0. 355632.649 0.987 0.160 0. 4027057.527 0. 0. 1. 0.
0.149 -0.989 0. 355633.016 0.989 0.149 0. 4027059.867 0. 0. 1. 0.
0.139 -0.990 0. 355633.358 0.990 0.139 0. 4027062.225 0. 0. 1. 0.
0.128 -0.992 0. 355633.677 0.992 0.128 0. 4027064.595 0. 0. 1. 0.
0.119 -0.993 0. 355633.974 0.993 0.119 0. 4027066.980 0. 0. 1. 0.
0.110 -0.994 0. 355634.252 0.994 0.110 0. 4027069.387 0. 0. 1. 0.
0.101 -0.995 0. 355634.508 0.995 0.101 0. 4027071.802 0. 0. 1. 0.
0.093 -0.996 0. 355634.745 0.996 0.093 0. 4027074.232 0. 0. 1. 0.
0.084 -0.996 0. 355634.961 0.996 0.084 0. 4027076.672 0. 0. 1. 0.
0.076 -0.997 0. 355635.158 0.997 0.076 0. 4027079.123 0. 0. 1. 0.
0.068 -0.998 0. 355635.336 0.998 0.068 0. 4027081.584 0. 0. 1. 0.
0.062 -0.998 0. 355635.498 0.998 0.062 0. 4027084.052 0. 0. 1. 0.
0.057 -0.998 0. 355635.643 0.998 0.057 0. 4027086.466 0. 0. 1. 0.
0.052 -0.999 0. 355635.776 0.999 0.052 0. 4027088.898 0. 0. 1. 0.
0.048 -0.999 0. 355635.898 0.999 0.048 0. 4027091.305 0. 0. 1. 0.
0.044 -0.999 0. 355636.010 0.999 0.044 0. 4027093.701 0. 0. 1. 0.
0.041 -0.999 0. 355636.112 0.999 0.041 0. 4027096.101 0. 0. 1. 0.
0.041 -0.999 0. 355636.212 0.999 0.041 0. 4027098.516 0. 0. 1. 0.
0.042 -0.999 0. 355636.314 0.999 0.042 0. 4027100.931 0. 0. 1. 0.
0.041 -0.999 0. 355636.418 0.999 0.041 0. 4027103.374 0. 0. 1. 0.
0.039 -0.999 0. 355636.518 0.999 0.039 0. 4027105.819 0. 0. 1. 0.
0.037 -0.999 0. 355636.611 0.999 0.037 0. 4027108.270 0. 0. 1. 0.
0.035 -0.999 0. 355636.700 0.999 0.035 0. 4027110.717 0. 0. 1. 0.
0.033 -0.999 0. 355636.783 0.999 0.033 0. 4027113.166 0. 0. 1. 0.
0.033 -0.999 0. 355636.864 0.999 0.033 0. 4027115.614 0. 0. 1. 0.
0.032 -1.000 0. 355636.943 1.000 0.032 0. 4027118.047 0. 0. 1. 0.
0.031 -1.000 0. 355637.019 1.000 0.031 0. 4027120.461 0. 0. 1. 0.
0.029 -1.000 0. 355637.092 1.000 0.029 0. 4027122.868 0. 0. 1. 0.
0.028 -1.000 0. 355637.161 1.000 0.028 0. 4027125.288 0. 0. 1. 0.
0.027 -1.000 0. 355637.228 1.000 0.027 0. 4027127.681 0. 0. 1. 0.
0.025 -1.000 0. 355637.291 1.000 0.025 0. 4027130.064 0. 0. 1. 0.
0.023 -1.000 0. 355637.350 1.000 0.023 0. 4027132.425 0. 0. 1. 0.
0.021 -1.000 0. 355637.404 1.000 0.021 0. 4027134.791 0. 0. 1. 0.
0.020 -1.000 0. 355637.452 1.000 0.020 0. 4027137.138 0. 0. 1. 0.
0.023 -1.000 0. 355637.505 1.000 0.023 0. 4027139.485 0. 0. 1. 0.
0.026 -1.000 0. 355637.562 1.000 0.026 0. 4027141.796 0. 0. 1. 0.
0.026 -1.000 0. 355637.622 1.000 0.026 0. 4027144.092 0. 0. 1. 0.
0.025 -1.000 0. 355637.682 1.000 0.025 0. 4027146.381 0. 0. 1. 0.
0.024 -1.000 0. 355637.739 1.000 0.024 0. 4027148.643 0. 0. 1. 0.
0.023 -1.000 0. 355637.793 1.000 0.023 0. 4027150.890 0. 0. 1. 0.
0.022 -1.000 0. 355637.844 1.000 0.022 0. 4027153.118 0. 0. 1. 0.
0.022 -1.000 0. 355637.893 1.000 0.022 0. 4027155.324 0. 0. 1. 0.
0.022 -1.000 0. 355637.942 1.000 0.022 0. 4027157.513 0. 0. 1. 0.
0.024 -1.000 0. 355637.992 1.000 0.024 0. 4027159.688 0. 0. 1. 0.
0.025 -1.000 0. 355638.045 1.000 0.025 0. 4027161.847 0. 0. 1. 0.
0.026 -1.000 0. 355638.100 1.000 0.026 0. 4027163.983 0. 0. 1. 0.
0.028 -1.000 0. 355638.158 1.000 0.028 0. 4027166.100 0. 0. 1. 0.
0.029 -1.000 0. 355638.217 1.000 0.029 0. 4027168.151 0. 0. 1. 0.
0.030 -1.000 0. 355638.276 1.000 0.030 0. 4027170.151 0. 0. 1. 0.
0.031 -1.000 0. 355638.335 1.000 0.031 0. 4027172.065 0. 0. 1. 0.
0.031 -1.000 0. 355638.395 1.000 0.031 0. 4027173.920 0. 0. 1. 0.
0.032 -0.999 0. 355638.454 0.999 0.032 0. 4027175.718 0. 0. 1. 0.
0.033 -0.999 0. 355638.512 0.999 0.033 0. 4027177.463 0. 0. 1. 0.
0.033 -0.999 0. 355638.569 0.999 0.033 0. 4027179.137 0. 0. 1. 0.
0.034 -0.999 0. 355638.625 0.999 0.034 0. 4027180.751 0. 0. 1. 0.
0.035 -0.999 0. 355638.680 0.999 0.035 0. 4027182.302 0. 0. 1. 0.
0.037 -0.999 0. 355638.734 0.999 0.037 0. 4027183.784 0. 0. 1. 0.
0.047 -0.999 0. 355638.794 0.999 0.047 0. 4027185.198 0. 0. 1. 0.
0.064 -0.998 0. 355638.871 0.998 0.064 0. 4027186.562 0. 0. 1. 0.
0.092 -0.996 0. 355638.975 0.996 0.092 0. 4027187.878 0. 0. 1. 0.
0.129 -0.992 0. 355639.115 0.992 0.129 0. 4027189.143 0. 0. 1. 0.
0.172 -0.985 0. 355639.303 0.985 0.172 0. 4027190.383 0. 0. 1. 0.
0.222 -0.975 0. 355639.544 0.975 0.222 0. 4027191.589 0. 0. 1. 0.
0.280 -0.960 0. 355639.847 0.960 0.280 0. 4027192.761 0. 0. 1. 0.
0.341 -0.940 0. 355640.216 0.940 0.341 0. 4027193.897 0. 0. 1. 0.
0.409 -0.912 0. 355640.662 0.912 0.409 0. 4027195.003 0. 0. 1. 0.
0.482 -0.876 0. 355641.188 0.876 0.482 0. 4027196.064 0. 0. 1. 0.
0.561 -0.828 0. 355641.803 0.828 0.561 0. 4027197.073 0. 0. 1. 0.
0.642 -0.766 0. 355642.512 0.766 0.642 0. 4027198.017 0. 0. 1. 0.
0.720 -0.694 0. 355643.322 0.694 0.720 0. 4027198.890 0. 0. 1. 0.
0.792 -0.611 0. 355644.234 0.611 0.792 0. 4027199.680 0. 0. 1. 0.
0.855 -0.518 0. 355645.242 0.518 0.855 0. 4027200.371 0. 0. 1. 0.
0.902 -0.432 0. 355646.344 0.432 0.902 0. 4027200.967 0. 0. 1. 0.
0.935 -0.355 0. 355647.530 0.355 0.935 0. 4027201.473 0. 0. 1. 0.
0.955 -0.295 0. 355648.794 0.295 0.955 0. 4027201.908 0. 0. 1. 0.
0.969 -0.246 0. 355650.129 0.246 0.969 0. 4027202.285 0. 0. 1. 0.
0.980 -0.200 0. 355651.507 0.200 0.980 0. 4027202.602 0. 0. 1. 0.
0.986 -0.165 0. 355652.941 0.165 0.986 0. 4027202.869 0. 0. 1. 0.
0.991 -0.136 0. 355654.432 0.136 0.991 0. 4027203.095 0. 0. 1. 0.
0.993 -0.114 0. 355655.972 0.114 0.993 0. 4027203.287 0. 0. 1. 0.
0.995 -0.095 0. 355657.564 0.095 0.995 0. 4027203.455 0. 0. 1. 0.
0.997 -0.075 0. 355659.210 0.075 0.997 0. 4027203.596 0. 0. 1. 0.
0.998 -0.056 0. 355660.914 0.056 0.998 0. 4027203.707 0. 0. 1. 0.
0.999 -0.039 0. 355662.656 0.039 0.999 0. 4027203.789 0. 0. 1. 0.
1.000 -0.021 0. 355664.450 0.021 1.000 0. 4027203.843 0. 0. 1. 0.
1. -0.004 0. 355666.298 0.004 1. 0. 4027203.867 0. 0. 1. 0.
1. 0.014 0. 355668.188 -0.014 1. -0. 4027203.857 -0. 0. 1. 0.
1.000 0.028 0. 355670.123 -0.028 1.000 -0. 4027203.814 -0. 0. 1. 0.
0.999 0.040 0. 355672.108 -0.040 0.999 -0. 4027203.745 -0. 0. 1. 0.
0.999 0.052 0. 355674.126 -0.052 0.999 -0. 4027203.652 -0. 0. 1. 0.
0.998 0.063 0. 355676.209 -0.063 0.998 -0. 4027203.533 -0. 0. 1. 0.
0.997 0.075 0. 355678.326 -0.075 0.997 -0. 4027203.387 -0. 0. 1. 0.
0.996 0.086 0. 355680.484 -0.086 0.996 -0. 4027203.213 -0. 0. 1. 0.
0.996 0.089 0. 355682.691 -0.089 0.996 -0. 4027203.019 -0. 0. 1. 0.
0.996 0.087 0. 355684.935 -0.087 0.996 -0. 4027202.813 -0. 0. 1. 0.
0.996 0.084 0. 355687.227 -0.084 0.996 -0. 4027202.612 -0. 0. 1. 0.
0.997 0.082 0. 355689.551 -0.082 0.997 -0. 4027202.415 -0. 0. 1. 0.
0.997 0.079 0. 355691.912 -0.079 0.997 -0. 4027202.225 -0. 0. 1. 0.
0.997 0.077 0. 355694.289 -0.077 0.997 -0. 4027202.034 -0. 0. 1. 0.
0.997 0.074 0. 355696.689 -0.074 0.997 -0. 4027201.849 -0. 0. 1. 0.
0.997 0.071 0. 355699.111 -0.071 0.997 -0. 4027201.671 -0. 0. 1. 0.
0.998 0.068 0. 355701.559 -0.068 0.998 -0. 4027201.500 -0. 0. 1. 0.
0.998 0.066 0. 355704.030 -0.066 0.998 -0. 4027201.328 -0. 0. 1. 0.
0.998 0.063 0. 355706.515 -0.063 0.998 -0. 4027201.165 -0. 0. 1. 0.
0.998 0.060 0. 355709.020 -0.060 0.998 -0. 4027201.010 -0. 0. 1. 0.
0.998 0.057 0. 355711.548 -0.057 0.998 -0. 4027200.862 -0. 0. 1. 0.
0.998 0.055 0. 355714.084 -0.055 0.998 -0. 4027200.715 -0. 0. 1. 0.
0.999 0.054 0. 355716.639 -0.054 0.999 -0. 4027200.574 -0. 0. 1. 0.
0.998 0.057 0. 355719.209 -0.057 0.998 -0. 4027200.431 -0. 0. 1. 0.
0.998 0.061 0. 355721.797 -0.061 0.998 -0. 4027200.278 -0. 0. 1. 0.
0.998 0.065 0. 355724.390 -0.065 0.998 -0. 4027200.111 -0. 0. 1. 0.
0.998 0.069 0. 355726.988 -0.069 0.998 -0. 4027199.934 -0. 0. 1. 0.
0.997 0.073 0. 355729.589 -0.073 0.997 -0. 4027199.748 -0. 0. 1. 0.
0.997 0.079 0. 355732.198 -0.079 0.997 -0. 4027199.550 -0. 0. 1. 0.
0.996 0.086 0. 355734.820 -0.086 0.996 -0. 4027199.332 -0. 0. 1. 0.
0.996 0.093 0. 355737.439 -0.093 0.996 -0. 4027199.096 -0. 0. 1. 0.
0.995 0.103 0. 355740.067 -0.103 0.995 -0. 4027198.837 -0. 0. 1. 0.
0.993 0.115 0. 355742.702 -0.115 0.993 -0. 4027198.549 -0. 0. 1. 0.
0.992 0.128 0. 355745.325 -0.128 0.992 -0. 4027198.226 -0. 0. 1. 0.
0.990 0.140 0. 355747.929 -0.140 0.990 -0. 4027197.874 -0. 0. 1. 0.
0.988 0.152 0. 355750.511 -0.152 0.988 -0. 4027197.492 -0. 0. 1. 0.
0.987 0.163 0. 355753.089 -0.163 0.987 -0. 4027197.080 -0. 0. 1. 0.
0.985 0.174 0. 355755.651 -0.174 0.985 -0. 4027196.641 -0. 0. 1. 0.
0.983 0.183 0. 355758.212 -0.183 0.983 -0. 4027196.175 -0. 0. 1. 0.
0.981 0.194 0. 355760.823 -0.194 0.981 -0. 4027195.675 -0. 0. 1. 0.
0.979 0.205 0. 355763.361 -0.205 0.979 -0. 4027195.158 -0. 0. 1. 0.
0.976 0.217 0. 355765.949 -0.217 0.976 -0. 4027194.599 -0. 0. 1. 0.
0.973 0.231 0. 355768.543 -0.231 0.973 -0. 4027194.001 -0. 0. 1. 0.
0.969 0.247 0. 355771.147 -0.247 0.969 -0. 4027193.361 -0. 0. 1. 0.
0.965 0.262 0. 355773.747 -0.262 0.965 -0. 4027192.678 -0. 0. 1. 0.
0.960 0.279 0. 355776.340 -0.279 0.960 -0. 4027191.949 -0. 0. 1. 0.
0.955 0.295 0. 355778.940 -0.295 0.955 -0. 4027191.171 -0. 0. 1. 0.
0.950 0.312 0. 355781.537 -0.312 0.950 -0. 4027190.345 -0. 0. 1. 0.
0.945 0.328 0. 355784.139 -0.328 0.945 -0. 4027189.467 -0. 0. 1. 0.
0.940 0.341 0. 355786.726 -0.341 0.940 -0. 4027188.547 -0. 0. 1. 0.
0.936 0.353 0. 355789.333 -0.353 0.936 -0. 4027187.583 -0. 0. 1. 0.
0.932 0.362 0. 355791.923 -0.362 0.932 -0. 4027186.593 -0. 0. 1. 0.
0.928 0.372 0. 355794.483 -0.372 0.928 -0. 4027185.583 -0. 0. 1. 0.
0.925 0.381 0. 355797.017 -0.381 0.925 -0. 4027184.556 -0. 0. 1. 0.
0.920 0.391 0. 355799.543 -0.391 0.920 -0. 4027183.498 -0. 0. 1. 0.
0.916 0.401 0. 355802.065 -0.401 0.916 -0. 4027182.411 -0. 0. 1. 0.
0.911 0.413 0. 355804.575 -0.413 0.911 -0. 4027181.293 -0. 0. 1. 0.
0.906 0.424 0. 355807.073 -0.424 0.906 -0. 4027180.142 -0. 0. 1. 0.
0.900 0.435 0. 355809.584 -0.435 0.900 -0. 4027178.947 -0. 0. 1. 0.
0.895 0.445 0. 355812.095 -0.445 0.895 -0. 4027177.716 -0. 0. 1. 0.
0.891 0.453 0. 355814.591 -0.453 0.891 -0. 4027176.458 -0. 0. 1. 0.
0.889 0.457 0. 355817.108 -0.457 0.889 -0. 4027175.170 -0. 0. 1. 0.
0.889 0.457 0. 355819.616 -0.457 0.889 -0. 4027173.880 -0. 0. 1. 0.
0.890 0.457 0. 355822.134 -0.457 0.890 -0. 4027172.586 -0. 0. 1. 0.
0.890 0.456 0. 355824.655 -0.456 0.890 -0. 4027171.294 -0. 0. 1. 0.
0.890 0.456 0. 355827.176 -0.456 0.890 -0. 4027170.001 -0. 0. 1. 0.
0.890 0.457 0. 355829.703 -0.457 0.890 -0. 4027168.706 -0. 0. 1. 0.
0.889 0.458 0. 355832.234 -0.458 0.889 -0. 4027167.405 -0. 0. 1. 0.
0.888 0.460 0. 355834.773 -0.460 0.888 -0. 4027166.095 -0. 0. 1. 0.
0.887 0.462 0. 355837.319 -0.462 0.887 -0. 4027164.774 -0. 0. 1. 0.
0.886 0.464 0. 355839.853 -0.464 0.886 -0. 4027163.452 -0. 0. 1. 0.
0.885 0.466 0. 355842.386 -0.466 0.885 -0. 4027162.122 -0. 0. 1. 0.
0.884 0.468 0. 355844.907 -0.468 0.884 -0. 4027160.790 -0. 0. 1. 0.
0.883 0.470 0. 355847.430 -0.470 0.883 -0. 4027159.452 -0. 0. 1. 0.
0.883 0.470 0. 355849.941 -0.470 0.883 -0. 4027158.116 -0. 0. 1. 0.
0.884 0.468 0. 355852.443 -0.468 0.884 -0. 4027156.787 -0. 0. 1. 0.
0.885 0.466 0. 355854.928 -0.466 0.885 -0. 4027155.474 -0. 0. 1. 0.
0.886 0.464 0. 355857.397 -0.464 0.886 -0. 4027154.177 -0. 0. 1. 0.
0.887 0.461 0. 355859.854 -0.461 0.887 -0. 4027152.895 -0. 0. 1. 0.
0.889 0.459 0. 355862.301 -0.459 0.889 -0. 4027151.628 -0. 0. 1. 0.
0.889 0.457 0. 355864.739 -0.457 0.889 -0. 4027150.373 -0. 0. 1. 0.
0.889 0.457 0. 355867.156 -0.457 0.889 -0. 4027149.132 -0. 0. 1. 0.
0.889 0.459 0. 355869.555 -0.459 0.889 -0. 4027147.896 -0. 0. 1. 0.
0.887 0.462 0. 355871.939 -0.462 0.887 -0. 4027146.662 -0. 0. 1. 0.
0.884 0.467 0. 355874.322 -0.467 0.884 -0. 4027145.415 -0. 0. 1. 0.
0.882 0.472 0. 355876.704 -0.472 0.882 -0. 4027144.150 -0. 0. 1. 0.
0.879 0.477 0. 355879.070 -0.477 0.879 -0. 4027142.876 -0. 0. 1. 0.
0.876 0.483 0. 355881.429 -0.483 0.876 -0. 4027141.587 -0. 0. 1. 0.
0.871 0.491 0. 355883.771 -0.491 0.871 -0. 4027140.283 -0. 0. 1. 0.
0.866 0.499 0. 355886.107 -0.499 0.866 -0. 4027138.953 -0. 0. 1. 0.
0.861 0.508 0. 355888.438 -0.508 0.861 -0. 4027137.594 -0. 0. 1. 0.
0.856 0.518 0. 355890.760 -0.518 0.856 -0. 4027136.207 -0. 0. 1. 0.
0.850 0.527 0. 355893.084 -0.527 0.850 -0. 4027134.783 -0. 0. 1. 0.
0.844 0.536 0. 355895.393 -0.536 0.844 -0. 4027133.337 -0. 0. 1. 0.
0.838 0.545 0. 355897.703 -0.545 0.838 -0. 4027131.854 -0. 0. 1. 0.
0.833 0.554 0. 355900.007 -0.554 0.833 -0. 4027130.340 -0. 0. 1. 0.
0.827 0.562 0. 355902.299 -0.562 0.827 -0. 4027128.801 -0. 0. 1. 0.
0.822 0.570 0. 355904.594 -0.570 0.822 -0. 4027127.229 -0. 0. 1. 0.
0.816 0.577 0. 355906.876 -0.577 0.816 -0. 4027125.630 -0. 0. 1. 0.
0.812 0.584 0. 355909.157 -0.584 0.812 -0. 4027124.005 -0. 0. 1. 0.
0.807 0.590 0. 355911.421 -0.590 0.807 -0. 4027122.364 -0. 0. 1. 0.
0.803 0.596 0. 355913.673 -0.596 0.803 -0. 4027120.708 -0. 0. 1. 0.
0.798 0.602 0. 355915.928 -0.602 0.798 -0. 4027119.022 -0. 0. 1. 0.
0.793 0.609 0. 355918.156 -0.609 0.793 -0. 4027117.327 -0. 0. 1. 0.
0.788 0.615 0. 355920.369 -0.615 0.788 -0. 4027115.615 -0. 0. 1. 0.
0.783 0.622 0. 355922.553 -0.622 0.783 -0. 4027113.899 -0. 0. 1. 0.
0.779 0.627 0. 355924.706 -0.627 0.779 -0. 4027112.179 -0. 0. 1. 0.
0.776 0.630 0. 355926.850 -0.630 0.776 -0. 4027110.444 -0. 0. 1. 0.
0.776 0.630 0. 355928.989 -0.630 0.776 -0. 4027108.709 -0. 0. 1. 0.
0.776 0.631 0. 355931.124 -0.631 0.776 -0. 4027106.976 -0. 0. 1. 0.
0.776 0.631 0. 355933.250 -0.631 0.776 -0. 4027105.248 -0. 0. 1. 0.
0.775 0.632 0. 355935.362 -0.632 0.775 -0. 4027103.526 -0. 0. 1. 0.
0.775 0.632 0. 355937.475 -0.632 0.775 -0. 4027101.803 -0. 0. 1. 0.
0.777 0.630 0. 355939.577 -0.630 0.777 -0. 4027100.093 -0. 0. 1. 0.
0.782 0.624 0. 355941.687 -0.624 0.782 -0. 4027098.395 -0. 0. 1. 0.
0.789 0.615 0. 355943.818 -0.615 0.789 -0. 4027096.714 -0. 0. 1. 0.
0.796 0.605 0. 355945.966 -0.605 0.796 -0. 4027095.059 -0. 0. 1. 0.
0.803 0.596 0. 355948.138 -0.596 0.803 -0. 4027093.429 -0. 0. 1. 0.
0.809 0.587 0. 355950.321 -0.587 0.809 -0. 4027091.828 -0. 0. 1. 0.
0.816 0.578 0. 355952.528 -0.578 0.816 -0. 4027090.245 -0. 0. 1. 0.
0.824 0.566 0. 355954.766 -0.566 0.824 -0. 4027088.683 -0. 0. 1. 0.
0.832 0.555 0. 355957.047 -0.555 0.832 -0. 4027087.139 -0. 0. 1. 0.
0.840 0.543 0. 355959.359 -0.543 0.840 -0. 4027085.620 -0. 0. 1. 0.
0.847 0.532 0. 355961.699 -0.532 0.847 -0. 4027084.128 -0. 0. 1. 0.
0.854 0.520 0. 355964.072 -0.520 0.854 -0. 4027082.660 -0. 0. 1. 0.
0.861 0.509 0. 355966.474 -0.509 0.861 -0. 4027081.220 -0. 0. 1. 0.
0.866 0.500 0. 355968.907 -0.500 0.866 -0. 4027079.799 -0. 0. 1. 0.
0.871 0.492 0. 355971.369 -0.492 0.871 -0. 4027078.393 -0. 0. 1. 0.
0.875 0.483 0. 355973.842 -0.483 0.875 -0. 4027077.013 -0. 0. 1. 0.
0.878 0.478 0. 355976.334 -0.478 0.878 -0. 4027075.648 -0. 0. 1. 0.
0.880 0.475 0. 355978.848 -0.475 0.880 -0. 4027074.288 -0. 0. 1. 0.
0.880 0.474 0. 355981.356 -0.474 0.880 -0. 4027072.937 -0. 0. 1. 0.
0.880 0.475 0. 355983.853 -0.475 0.880 -0. 4027071.591 -0. 0. 1. 0.
0.880 0.475 0. 355986.337 -0.475 0.880 -0. 4027070.251 -0. 0. 1. 0.
0.880 0.475 0. 355988.818 -0.475 0.880 -0. 4027068.911 -0. 0. 1. 0.
0.880 0.475 0. 355991.306 -0.475 0.880 -0. 4027067.567 -0. 0. 1. 0.
0.881 0.474 0. 355993.801 -0.474 0.881 -0. 4027066.223 -0. 0. 1. 0.
0.881 0.473 0. 355996.302 -0.473 0.881 -0. 4027064.879 -0. 0. 1. 0.
0.880 0.474 0. 355998.811 -0.474 0.880 -0. 4027063.530 -0. 0. 1. 0.
0.880 0.475 0. 356001.327 -0.475 0.880 -0. 4027062.172 -0. 0. 1. 0.
0.880 0.476 0. 356003.853 -0.476 0.880 -0. 4027060.807 -0. 0. 1. 0.
0.879 0.476 0. 356006.400 -0.476 0.879 -0. 4027059.430 -0. 0. 1. 0.
0.879 0.476 0. 356008.947 -0.476 0.879 -0. 4027058.052 -0. 0. 1. 0.
0.879 0.476 0. 356011.507 -0.476 0.879 -0. 4027056.666 -0. 0. 1. 0.
0.880 0.476 0. 356014.079 -0.476 0.880 -0. 4027055.274 -0. 0. 1. 0.
0.881 0.474 0. 356016.660 -0.474 0.881 -0. 4027053.883 -0. 0. 1. 0.
0.881 0.472 0. 356019.253 -0.472 0.881 -0. 4027052.489 -0. 0. 1. 0.
0.882 0.471 0. 356021.843 -0.471 0.882 -0. 4027051.105 -0. 0. 1. 0.
0.883 0.470 0. 356024.527 -0.470 0.883 -0. 4027049.673 -0. 0. 1. 0.
0.883 0.469 0. 356027.082 -0.469 0.883 -0. 4027048.315 -0. 0. 1. 0.
0.884 0.467 0. 356029.710 -0.467 0.884 -0. 4027046.923 -0. 0. 1. 0.
0.885 0.466 0. 356032.344 -0.466 0.885 -0. 4027045.534 -0. 0. 1. 0.
0.886 0.464 0. 356035.052 -0.464 0.886 -0. 4027044.110 -0. 0. 1. 0.
0.886 0.464 0. 356037.647 -0.464 0.886 -0. 4027042.754 -0. 0. 1. 0.
0.887 0.462 0. 356040.297 -0.462 0.887 -0. 4027041.370 -0. 0. 1. 0.
0.887 0.461 0. 356042.954 -0.461 0.887 -0. 4027039.987 -0. 0. 1. 0.
0.888 0.461 0. 356045.618 -0.461 0.888 -0. 4027038.605 -0. 0. 1. 0.
0.888 0.461 0. 356048.268 -0.461 0.888 -0. 4027037.231 -0. 0. 1. 0.
0.887 0.461 0. 356050.900 -0.461 0.887 -0. 4027035.865 -0. 0. 1. 0.
0.887 0.462 0. 356053.533 -0.462 0.887 -0. 4027034.495 -0. 0. 1. 0.
0.886 0.464 0. 356056.146 -0.464 0.886 -0. 4027033.130 -0. 0. 1. 0.
0.884 0.468 0. 356058.746 -0.468 0.884 -0. 4027031.762 -0. 0. 1. 0.
0.883 0.470 0. 356061.330 -0.470 0.883 -0. 4027030.391 -0. 0. 1. 0.
0.882 0.472 0. 356063.906 -0.472 0.882 -0. 4027029.016 -0. 0. 1. 0.
0.882 0.471 0. 356066.462 -0.471 0.882 -0. 4027027.650 -0. 0. 1. 0.
0.883 0.470 0. 356069.018 -0.470 0.883 -0. 4027026.288 -0. 0. 1. 0.
0.884 0.468 0. 356071.570 -0.468 0.884 -0. 4027024.933 -0. 0. 1. 0.
0.884 0.467 0. 356074.115 -0.467 0.884 -0. 4027023.588 -0. 0. 1. 0.
0.885 0.466 0. 356076.647 -0.466 0.885 -0. 4027022.254 -0. 0. 1. 0.
0.886 0.465 0. 356079.169 -0.465 0.886 -0. 4027020.930 -0. 0. 1. 0.
0.886 0.463 0. 356081.680 -0.463 0.886 -0. 4027019.617 -0. 0. 1. 0.
0.887 0.462 0. 356084.173 -0.462 0.887 -0. 4027018.315 -0. 0. 1. 0.
0.889 0.458 0. 356086.663 -0.458 0.889 -0. 4027017.026 -0. 0. 1. 0.
0.890 0.455 0. 356089.125 -0.455 0.890 -0. 4027015.762 -0. 0. 1. 0.
0.892 0.453 0. 356091.583 -0.453 0.892 -0. 4027014.508 -0. 0. 1. 0.
0.893 0.451 0. 356094.028 -0.451 0.893 -0. 4027013.270 -0. 0. 1. 0.
0.894 0.449 0. 356096.453 -0.449 0.894 -0. 4027012.049 -0. 0. 1. 0.
0.895 0.446 0. 356098.867 -0.446 0.895 -0. 4027010.842 -0. 0. 1. 0.
0.897 0.443 0. 356101.248 -0.443 0.897 -0. 4027009.663 -0. 0. 1. 0.
0.898 0.440 0. 356103.631 -0.440 0.898 -0. 4027008.491 -0. 0. 1. 0.
0.899 0.438 0. 356105.999 -0.438 0.899 -0. 4027007.335 -0. 0. 1. 0.
0.900 0.436 0. 356108.361 -0.436 0.900 -0. 4027006.189 -0. 0. 1. 0.
0.901 0.434 0. 356110.710 -0.434 0.901 -0. 4027005.054 -0. 0. 1. 0.
0.902 0.433 0. 356113.036 -0.433 0.902 -0. 4027003.936 -0. 0. 1. 0.
0.901 0.435 0. 356115.344 -0.435 0.901 -0. 4027002.826 -0. 0. 1. 0.
0.899 0.438 0. 356117.618 -0.438 0.899 -0. 4027001.723 -0. 0. 1. 0.
0.897 0.441 0. 356119.845 -0.441 0.897 -0. 4027000.635 -0. 0. 1. 0.
0.896 0.445 0. 356122.012 -0.445 0.896 -0. 4026999.564 -0. 0. 1. 0.
0.893 0.449 0. 356124.137 -0.449 0.893 -0. 4026998.502 -0. 0. 1. 0.
0.891 0.453 0. 356126.219 -0.453 0.891 -0. 4026997.450 -0. 0. 1. 0.
0.889 0.457 0. 356128.277 -0.457 0.889 -0. 4026996.397 -0. 0. 1. 0.
0.887 0.462 0. 356130.325 -0.462 0.887 -0. 4026995.338 -0. 0. 1. 0.
0.884 0.467 0. 356132.326 -0.467 0.884 -0. 4026994.289 -0. 0. 1. 0.
0.881 0.473 0. 356134.292 -0.473 0.881 -0. 4026993.242 -0. 0. 1. 0.
0.877 0.480 0. 356136.179 -0.480 0.877 -0. 4026992.220 -0. 0. 1. 0.
0.872 0.489 0. 356138.004 -0.489 0.872 -0. 4026991.211 -0. 0. 1. 0.
0.865 0.501 0. 356139.754 -0.501 0.865 -0. 4026990.216 -0. 0. 1. 0.
0.853 0.522 0. 356141.416 -0.522 0.853 -0. 4026989.229 -0. 0. 1. 0.
0.835 0.550 0. 356142.965 -0.550 0.835 -0. 4026988.248 -0. 0. 1. 0.
0.812 0.584 0. 356144.399 -0.584 0.812 -0. 4026987.264 -0. 0. 1. 0.
0.782 0.624 0. 356145.709 -0.624 0.782 -0. 4026986.275 -0. 0. 1. 0.
0.747 0.665 0. 356146.896 -0.665 0.747 -0. 4026985.277 -0. 0. 1. 0.
0.704 0.710 0. 356147.965 -0.710 0.704 -0. 4026984.271 -0. 0. 1. 0.
0.648 0.762 0. 356148.944 -0.762 0.648 -0. 4026983.210 -0. 0. 1. 0.
0.585 0.811 0. 356149.834 -0.811 0.585 -0. 4026982.080 -0. 0. 1. 0.
0.520 0.854 0. 356150.619 -0.854 0.520 -0. 4026980.901 -0. 0. 1. 0.
0.451 0.892 0. 356151.307 -0.892 0.451 -0. 4026979.670 -0. 0. 1. 0.
0.383 0.924 0. 356151.901 -0.924 0.383 -0. 4026978.384 -0. 0. 1. 0.
0.314 0.949 0. 356152.397 -0.949 0.314 -0. 4026977.059 -0. 0. 1. 0.
0.250 0.968 0. 356152.796 -0.968 0.250 -0. 4026975.708 -0. 0. 1. 0.
0.196 0.981 0. 356153.111 -0.981 0.196 -0. 4026974.338 -0. 0. 1. 0.
0.151 0.989 0. 356153.355 -0.989 0.151 -0. 4026972.963 -0. 0. 1. 0.
0.107 0.994 0. 356153.537 -0.994 0.107 -0. 4026971.582 -0. 0. 1. 0.
0.067 0.998 0. 356153.661 -0.998 0.067 -0. 4026970.189 -0. 0. 1. 0.
0.027 1.000 0. 356153.728 -1.000 0.027 -0. 4026968.794 -0. 0. 1. 0.
-0.007 1. 0. 356153.744 -1. -0.007 -0. 4026967.384 -0. 0. 1. 0.
