1631021758432249 0.97276 0.23181 0.00000 2.41235 0.23181 -0.97276 0.00000 0.93244 0.00000 0.00000 -1.00000 0.00000
1631021758681622 0.97276 0.23182 0.00000 2.41230 0.23182 -0.97276 0.00000 0.93248 0.00000 0.00000 -1.00000 0.00000
1631021758931638 0.97276 0.23182 0.00000 2.41231 0.23182 -0.97276 0.00000 0.93246 0.00000 0.00000 -1.00000 0.00000
1631021759182895 0.97276 0.23181 0.00000 2.41233 0.23181 -0.97276 0.00000 0.93244 0.00000 0.00000 -1.00000 0.00000
1631021759433532 0.97275 0.23184 0.00000 2.41234 0.23184 -0.97275 0.00000 0.93247 0.00000 0.00000 -1.00000 0.00000
1631021759684166 0.97276 0.23182 0.00000 2.41233 0.23182 -0.97276 0.00000 0.93248 0.00000 0.00000 -1.00000 0.00000
1631021759934179 0.97275 0.23184 0.00000 2.41229 0.23184 -0.97275 0.00000 0.93248 0.00000 0.00000 -1.00000 0.00000
1631021760184189 0.97275 0.23186 0.00000 2.41229 0.23186 -0.97275 0.00000 0.93257 0.00000 0.00000 -1.00000 0.00000
1631021760433573 0.97275 0.23187 0.00000 2.41229 0.23187 -0.97275 0.00000 0.93263 0.00000 0.00000 -1.00000 0.00000
1631021760682976 0.97274 0.23188 0.00000 2.41230 0.23188 -0.97274 0.00000 0.93258 0.00000 0.00000 -1.00000 0.00000
1631021760932347 0.97275 0.23188 0.00000 2.41228 0.23188 -0.97275 0.00000 0.93265 0.00000 0.00000 -1.00000 0.00000
1631021761182359 0.97275 0.23188 0.00000 2.41222 0.23188 -0.97275 0.00000 0.93255 0.00000 0.00000 -1.00000 0.00000
1631021761432363 0.97274 0.23191 0.00000 2.41217 0.23191 -0.97274 0.00000 0.93271 0.00000 0.00000 -1.00000 0.00000
1631021761683001 0.97270 0.23206 0.00000 2.41257 0.23206 -0.97270 0.00000 0.93298 0.00000 0.00000 -1.00000 0.00000
1631021761933640 0.97279 0.23171 0.00000 2.40827 0.23171 -0.97279 0.00000 0.93296 0.00000 0.00000 -1.00000 0.00000
1631021762184277 0.97304 0.23065 0.00000 2.38415 0.23065 -0.97304 0.00000 0.92937 0.00000 0.00000 -1.00000 0.00000
1631021762434917 0.97355 0.22849 0.00000 2.33884 0.22849 -0.97355 0.00000 0.92390 0.00000 0.00000 -1.00000 0.00000
1631021762684925 0.97445 0.22458 0.00000 2.28588 0.22458 -0.97445 0.00000 0.91119 0.00000 0.00000 -1.00000 0.00000
1631021762934310 0.97615 0.21712 0.00000 2.21184 0.21712 -0.97615 0.00000 0.88844 0.00000 0.00000 -1.00000 0.00000
1631021763183695 0.97847 0.20640 0.00000 2.11725 0.20640 -0.97847 0.00000 0.86008 0.00000 0.00000 -1.00000 0.00000
1631021763433083 0.98162 0.19087 0.00000 1.99112 0.19087 -0.98162 0.00000 0.81662 0.00000 0.00000 -1.00000 0.00000
1631021763682466 0.98586 0.16755 0.00000 1.80207 0.16755 -0.98586 0.00000 0.75728 0.00000 0.00000 -1.00000 0.00000
1631021763932478 0.99037 0.13842 0.00000 1.52255 0.13842 -0.99037 0.00000 0.68556 0.00000 0.00000 -1.00000 0.00000
1631021764182517 0.99429 0.10675 0.00000 1.14278 0.10675 -0.99429 0.00000 0.61404 0.00000 0.00000 -1.00000 0.00000
1631021764433768 0.99695 0.07803 0.00000 0.65928 0.07803 -0.99695 0.00000 0.55646 0.00000 0.00000 -1.00000 0.00000
1631021764684427 0.99846 0.05543 0.00000 0.08757 0.05543 -0.99846 0.00000 0.52668 0.00000 0.00000 -1.00000 0.00000
1631021764934427 0.99921 0.03963 0.00000 -0.56268 0.03963 -0.99921 0.00000 0.51167 0.00000 0.00000 -1.00000 0.00000
1631021765184436 0.99942 0.03415 0.00000 -1.29634 0.03415 -0.99942 0.00000 0.49880 0.00000 0.00000 -1.00000 0.00000
1631021765434447 0.99936 0.03573 0.00000 -2.12205 0.03573 -0.99936 0.00000 0.48011 0.00000 0.00000 -1.00000 0.00000
1631021765683851 0.99922 0.03942 0.00000 -3.03688 0.03942 -0.99922 0.00000 0.47546 0.00000 0.00000 -1.00000 0.00000
1631021765933197 0.99893 0.04628 0.00000 -4.04216 0.04628 -0.99893 0.00000 0.44999 0.00000 0.00000 -1.00000 0.00000
1631021766182578 0.99853 0.05425 0.00000 -5.10724 0.05425 -0.99853 0.00000 0.40730 0.00000 0.00000 -1.00000 0.00000
1631021766431977 0.99814 0.06097 0.00000 -6.21670 0.06097 -0.99814 0.00000 0.36365 0.00000 0.00000 -1.00000 0.00000
1631021766682619 0.99760 0.06929 0.00000 -7.39160 0.06929 -0.99760 0.00000 0.29817 0.00000 0.00000 -1.00000 0.00000
1631021766932619 0.99681 0.07984 0.00000 -8.62108 0.07984 -0.99681 0.00000 0.20131 0.00000 0.00000 -1.00000 0.00000
1631021767183877 0.99578 0.09178 0.00000 -9.88265 0.09178 -0.99578 0.00000 0.06844 0.00000 0.00000 -1.00000 0.00000
1631021767433886 0.99463 0.10353 0.00000 -11.20156 0.10353 -0.99463 0.00000 -0.07403 0.00000 0.00000 -1.00000 0.00000
1631021767685153 0.99342 0.11453 0.00000 -12.61625 0.11453 -0.99342 0.00000 -0.22668 0.00000 0.00000 -1.00000 0.00000
1631021767935163 0.99192 0.12684 0.00000 -14.03208 0.12684 -0.99192 0.00000 -0.40315 0.00000 0.00000 -1.00000 0.00000
1631021768185173 0.99047 0.13773 0.00000 -15.48476 0.13773 -0.99047 0.00000 -0.59072 0.00000 0.00000 -1.00000 0.00000
1631021768434556 0.98908 0.14739 0.00000 -17.04870 0.14739 -0.98908 0.00000 -0.76430 0.00000 0.00000 -1.00000 0.00000
1631021768683314 0.98750 0.15764 0.00000 -18.61615 0.15764 -0.98750 0.00000 -0.97873 0.00000 0.00000 -1.00000 0.00000
1631021768932707 0.98596 0.16700 0.00000 -20.24580 0.16700 -0.98596 0.00000 -1.19091 0.00000 0.00000 -1.00000 0.00000
1631021769182723 0.98446 0.17559 0.00000 -21.93372 0.17559 -0.98446 0.00000 -1.40314 0.00000 0.00000 -1.00000 0.00000
1631021769432729 0.98346 0.18111 0.00000 -23.64991 0.18111 -0.98346 0.00000 -1.55328 0.00000 0.00000 -1.00000 0.00000
1631021769683365 0.98331 0.18192 0.00000 -25.39235 0.18192 -0.98331 0.00000 -1.60653 0.00000 0.00000 -1.00000 0.00000
1631021769933999 0.98332 0.18187 0.00000 -27.15285 0.18187 -0.98332 0.00000 -1.64590 0.00000 0.00000 -1.00000 0.00000
1631021770185264 0.98320 0.18252 0.00000 -28.89013 0.18252 -0.98320 0.00000 -1.71072 0.00000 0.00000 -1.00000 0.00000
1631021770435898 0.98267 0.18536 0.00000 -30.67017 0.18536 -0.98267 0.00000 -1.84739 0.00000 0.00000 -1.00000 0.00000
1631021770685280 0.98007 0.19868 0.00000 -32.42285 0.19868 -0.98007 0.00000 -2.29153 0.00000 0.00000 -1.00000 0.00000
1631021770935295 0.97744 0.21122 0.00000 -34.16242 0.21122 -0.97744 0.00000 -2.73956 0.00000 0.00000 -1.00000 0.00000
1631021771185307 0.97352 0.22862 0.00000 -35.97376 0.22862 -0.97352 0.00000 -3.35311 0.00000 0.00000 -1.00000 0.00000
1631021771434695 0.97018 0.24240 0.00000 -37.73709 0.24240 -0.97018 0.00000 -3.94057 0.00000 0.00000 -1.00000 0.00000
1631021771683453 0.96750 0.25288 0.00000 -39.52656 0.25288 -0.96750 0.00000 -4.36128 0.00000 0.00000 -1.00000 0.00000
1631021771934087 0.96652 0.25660 0.00000 -41.45474 0.25660 -0.96652 0.00000 -4.55471 0.00000 0.00000 -1.00000 0.00000
1631021772183474 0.96637 0.25716 0.00000 -43.37697 0.25716 -0.96637 0.00000 -4.60962 0.00000 0.00000 -1.00000 0.00000
1631021772432859 0.96662 0.25622 0.00000 -45.35101 0.25622 -0.96662 0.00000 -4.60885 0.00000 0.00000 -1.00000 0.00000
1631021772683491 0.96688 0.25522 0.00000 -47.38176 0.25522 -0.96688 0.00000 -4.59874 0.00000 0.00000 -1.00000 0.00000
1631021772933514 0.96687 0.25526 0.00000 -49.43131 0.25526 -0.96687 0.00000 -4.62987 0.00000 0.00000 -1.00000 0.00000
1631021773184143 0.96723 0.25389 0.00000 -51.54843 0.25389 -0.96723 0.00000 -4.62324 0.00000 0.00000 -1.00000 0.00000
1631021773434782 0.96685 0.25533 0.00000 -53.64251 0.25533 -0.96685 0.00000 -4.74308 0.00000 0.00000 -1.00000 0.00000
1631021773684792 0.96719 0.25407 0.00000 -55.79295 0.25407 -0.96719 0.00000 -4.71958 0.00000 0.00000 -1.00000 0.00000
1631021773934180 0.96713 0.25427 0.00000 -57.97053 0.25427 -0.96713 0.00000 -4.78442 0.00000 0.00000 -1.00000 0.00000
1631021774183568 0.96732 0.25357 0.00000 -60.14072 0.25357 -0.96732 0.00000 -4.79856 0.00000 0.00000 -1.00000 0.00000
1631021774432960 0.96759 0.25253 0.00000 -62.31792 0.25253 -0.96759 0.00000 -4.77137 0.00000 0.00000 -1.00000 0.00000
1631021774682331 0.96775 0.25192 0.00000 -64.47971 0.25192 -0.96775 0.00000 -4.76019 0.00000 0.00000 -1.00000 0.00000
1631021774932974 0.96853 0.24892 0.00000 -66.67006 0.24892 -0.96853 0.00000 -4.59097 0.00000 0.00000 -1.00000 0.00000
1631021775182981 0.97022 0.24221 0.00000 -68.87197 0.24221 -0.97022 0.00000 -4.16163 0.00000 0.00000 -1.00000 0.00000
1631021775433619 0.97265 0.23227 0.00000 -71.09036 0.23227 -0.97265 0.00000 -3.49216 0.00000 0.00000 -1.00000 0.00000
1631021775684252 0.97601 0.21774 0.00000 -73.30095 0.21774 -0.97601 0.00000 -2.45646 0.00000 0.00000 -1.00000 0.00000
1631021775934883 0.98018 0.19811 0.00000 -75.49072 0.19811 -0.98018 0.00000 -1.01034 0.00000 0.00000 -1.00000 0.00000
1631021776185511 0.98425 0.17676 0.00000 -77.63358 0.17676 -0.98425 0.00000 0.61953 0.00000 0.00000 -1.00000 0.00000
1631021776436151 0.98844 0.15161 0.00000 -79.70920 0.15161 -0.98844 0.00000 2.58841 0.00000 0.00000 -1.00000 0.00000
1631021776685532 0.99208 0.12563 0.00000 -81.73399 0.12563 -0.99208 0.00000 4.65599 0.00000 0.00000 -1.00000 0.00000
1631021776934297 0.99563 0.09338 0.00000 -83.63383 0.09338 -0.99563 0.00000 7.29773 0.00000 0.00000 -1.00000 0.00000
1631021777183682 0.99861 0.05270 0.00000 -85.33677 0.05270 -0.99861 0.00000 10.70651 0.00000 0.00000 -1.00000 0.00000
1631021777433687 1.00000 0.00282 0.00000 -86.79228 0.00282 -1.00000 0.00000 14.95147 0.00000 0.00000 -1.00000 0.00000
1631021777683073 0.99864 -0.05212 0.00000 -87.91874 -0.05212 -0.99864 0.00000 19.70035 0.00000 -0.00000 -1.00000 0.00000
1631021777933083 0.99416 -0.10788 0.00000 -88.71930 -0.10788 -0.99416 0.00000 24.58531 0.00000 -0.00000 -1.00000 0.00000
1631021778183716 0.98651 -0.16368 0.00000 -89.23869 -0.16368 -0.98651 0.00000 29.54448 0.00000 -0.00000 -1.00000 0.00000
1631021778434348 0.97557 -0.21969 0.00000 -89.45399 -0.21969 -0.97557 0.00000 34.59411 0.00000 -0.00000 -1.00000 0.00000
1631021778684353 0.96011 -0.27961 0.00000 -89.16953 -0.27961 -0.96011 0.00000 40.06937 0.00000 -0.00000 -1.00000 0.00000
1631021778934367 0.93998 -0.34123 0.00000 -88.40271 -0.34123 -0.93998 0.00000 45.78044 0.00000 -0.00000 -1.00000 0.00000
1631021779183751 0.91238 -0.40933 0.00000 -86.82309 -0.40933 -0.91238 0.00000 52.17677 0.00000 -0.00000 -1.00000 0.00000
1631021779433134 0.87663 -0.48117 0.00000 -84.34937 -0.48117 -0.87663 0.00000 58.98888 0.00000 -0.00000 -1.00000 0.00000
1631021779682518 0.83400 -0.55176 0.00000 -81.15168 -0.55176 -0.83400 0.00000 65.75234 0.00000 -0.00000 -1.00000 0.00000
1631021779932526 0.78623 -0.61793 0.00000 -77.48559 -0.61793 -0.78623 0.00000 72.15424 0.00000 -0.00000 -1.00000 0.00000
1631021780183161 0.73552 -0.67750 0.00000 -73.55047 -0.67750 -0.73552 0.00000 78.01721 0.00000 -0.00000 -1.00000 0.00000
1631021780433790 0.68547 -0.72810 0.00000 -69.74190 -0.72810 -0.68547 0.00000 83.04513 0.00000 -0.00000 -1.00000 0.00000
1631021780684422 0.64384 -0.76516 0.00000 -66.96683 -0.76516 -0.64384 0.00000 86.77495 0.00000 -0.00000 -1.00000 0.00000
1631021780935060 0.61404 -0.78927 0.00000 -65.53453 -0.78927 -0.61404 0.00000 89.23545 0.00000 -0.00000 -1.00000 0.00000
1631021781185084 0.59391 -0.80453 0.00000 -65.22166 -0.80453 -0.59391 0.00000 90.83728 0.00000 -0.00000 -1.00000 0.00000
1631021781435080 0.58070 -0.81411 0.00000 -65.71857 -0.81411 -0.58070 0.00000 91.87990 0.00000 -0.00000 -1.00000 0.00000
1631021781685091 0.57285 -0.81966 0.00000 -66.85267 -0.81966 -0.57285 0.00000 92.51363 0.00000 -0.00000 -1.00000 0.00000
1631021781934473 0.56959 -0.82193 0.00000 -68.53550 -0.82193 -0.56959 0.00000 92.76712 0.00000 -0.00000 -1.00000 0.00000
1631021782183851 0.57286 -0.81966 0.00000 -70.96713 -0.81966 -0.57286 0.00000 92.46372 0.00000 -0.00000 -1.00000 0.00000
1631021782433252 0.58062 -0.81418 0.00000 -73.90414 -0.81418 -0.58062 0.00000 91.73487 0.00000 -0.00000 -1.00000 0.00000
1631021782683248 0.59390 -0.80454 0.00000 -77.46899 -0.80454 -0.59390 0.00000 90.45050 0.00000 -0.00000 -1.00000 0.00000
1631021782933258 0.60879 -0.79333 0.00000 -81.21236 -0.79333 -0.60879 0.00000 88.93694 0.00000 -0.00000 -1.00000 0.00000
1631021783183892 0.62336 -0.78194 0.00000 -84.95327 -0.78194 -0.62336 0.00000 87.37499 0.00000 -0.00000 -1.00000 0.00000
1631021783435154 0.63804 -0.77000 0.00000 -88.69958 -0.77000 -0.63804 0.00000 85.69519 0.00000 -0.00000 -1.00000 0.00000
1631021783685163 0.65211 -0.75812 0.00000 -92.37966 -0.75812 -0.65211 0.00000 83.99421 0.00000 -0.00000 -1.00000 0.00000
1631021783935174 0.66734 -0.74475 0.00000 -96.20850 -0.74475 -0.66734 0.00000 82.04167 0.00000 -0.00000 -1.00000 0.00000
1631021784185183 0.68452 -0.72899 0.00000 -100.22808 -0.72899 -0.68452 0.00000 79.71948 0.00000 -0.00000 -1.00000 0.00000
1631021784434564 0.70172 -0.71246 0.00000 -104.24811 -0.71246 -0.70172 0.00000 77.24892 0.00000 -0.00000 -1.00000 0.00000
1631021784683943 0.71963 -0.69436 0.00000 -108.35813 -0.69436 -0.71963 0.00000 74.50692 0.00000 -0.00000 -1.00000 0.00000
1631021784933331 0.73690 -0.67601 0.00000 -112.32890 -0.67601 -0.73690 0.00000 71.69978 0.00000 -0.00000 -1.00000 0.00000
1631021785182722 0.75215 -0.65899 0.00000 -116.09527 -0.65899 -0.75215 0.00000 69.05570 0.00000 -0.00000 -1.00000 0.00000
1631021785432729 0.76529 -0.64368 0.00000 -119.60165 -0.64368 -0.76529 0.00000 66.63762 0.00000 -0.00000 -1.00000 0.00000
1631021785683360 0.77678 -0.62978 0.00000 -122.89879 -0.62978 -0.77678 0.00000 64.42701 0.00000 -0.00000 -1.00000 0.00000
1631021785934613 0.78509 -0.61938 0.00000 -125.89629 -0.61938 -0.78509 0.00000 62.72700 0.00000 -0.00000 -1.00000 0.00000
1631021786184631 0.79471 -0.60699 0.00000 -128.93611 -0.60699 -0.79471 0.00000 60.68678 0.00000 -0.00000 -1.00000 0.00000
1631021786435265 0.80392 -0.59474 0.00000 -131.94809 -0.59474 -0.80392 0.00000 58.65922 0.00000 -0.00000 -1.00000 0.00000
1631021786685265 0.81229 -0.58326 0.00000 -134.82078 -0.58326 -0.81229 0.00000 56.72906 0.00000 -0.00000 -1.00000 0.00000
1631021786935287 0.82086 -0.57113 0.00000 -137.67928 -0.57113 -0.82086 0.00000 54.68065 0.00000 -0.00000 -1.00000 0.00000
1631021787184663 0.82866 -0.55976 0.00000 -140.42432 -0.55976 -0.82866 0.00000 52.74586 0.00000 -0.00000 -1.00000 0.00000
1631021787434051 0.83618 -0.54846 0.00000 -143.06389 -0.54846 -0.83618 0.00000 50.80826 0.00000 -0.00000 -1.00000 0.00000
1631021787683437 0.84921 -0.52805 0.00000 -146.12550 -0.52805 -0.84921 0.00000 47.26883 0.00000 -0.00000 -1.00000 0.00000
1631021787932816 0.87240 -0.48880 0.00000 -149.93095 -0.48880 -0.87240 0.00000 40.49031 0.00000 -0.00000 -1.00000 0.00000
1631021788182823 0.90144 -0.43291 0.00000 -153.87386 -0.43291 -0.90144 0.00000 30.91532 0.00000 -0.00000 -1.00000 0.00000
1631021788433454 0.93530 -0.35385 0.00000 -157.55903 -0.35385 -0.93530 0.00000 17.50789 0.00000 -0.00000 -1.00000 0.00000
1631021788684716 0.96771 -0.25207 0.00000 -160.01187 -0.25207 -0.96771 0.00000 0.53899 0.00000 -0.00000 -1.00000 0.00000
1631021788935357 0.99102 -0.13374 0.00000 -160.28290 -0.13374 -0.99102 0.00000 -18.78285 0.00000 -0.00000 -1.00000 0.00000
1631021789185991 0.99998 -0.00550 0.00000 -157.81327 -0.00550 -0.99998 0.00000 -39.22080 0.00000 -0.00000 -1.00000 0.00000
1631021789435993 0.99109 0.13320 0.00000 -152.01008 0.13320 -0.99109 0.00000 -60.75341 0.00000 0.00000 -1.00000 0.00000
1631021789686005 0.95915 0.28289 0.00000 -142.07227 0.28289 -0.95915 0.00000 -83.26875 0.00000 0.00000 -1.00000 0.00000
1631021789935395 0.89951 0.43691 0.00000 -127.50814 0.43691 -0.89951 0.00000 -105.55267 0.00000 0.00000 -1.00000 0.00000
1631021790184773 0.80995 0.58650 0.00000 -108.28471 0.58650 -0.80995 0.00000 -126.09933 0.00000 0.00000 -1.00000 0.00000
1631021790434168 0.69303 0.72091 0.00000 -85.22393 0.72091 -0.69303 0.00000 -143.32671 0.00000 0.00000 -1.00000 0.00000
1631021790683540 0.55154 0.83415 0.00000 -58.97143 0.83415 -0.55154 0.00000 -156.35867 0.00000 0.00000 -1.00000 0.00000
1631021790932923 0.38836 0.92151 0.00000 -30.13548 0.92151 -0.38836 0.00000 -164.55265 0.00000 0.00000 -1.00000 0.00000
1631021791183563 0.20529 0.97870 0.00000 0.83957 0.97870 -0.20529 0.00000 -167.28940 0.00000 0.00000 -1.00000 0.00000
1631021791434823 0.00714 0.99997 0.00000 33.00393 0.99997 -0.00714 0.00000 -163.80438 0.00000 0.00000 -1.00000 0.00000
1631021791685456 -0.19615 0.98057 0.00000 64.58665 0.98057 0.19615 0.00000 -153.69399 0.00000 0.00000 -1.00000 0.00000
1631021791936094 -0.39369 0.91924 0.00000 93.80487 0.91924 0.39369 0.00000 -137.13323 0.00000 0.00000 -1.00000 0.00000
1631021792186716 -0.57072 0.82114 0.00000 118.45070 0.82114 0.57072 0.00000 -115.44333 0.00000 0.00000 -1.00000 0.00000
1631021792436734 -0.71751 0.69654 0.00000 137.30537 0.69654 0.71751 0.00000 -90.61592 0.00000 0.00000 -1.00000 0.00000
1631021792686738 -0.82788 0.56091 0.00000 149.87543 0.56091 0.82788 0.00000 -65.33692 0.00000 0.00000 -1.00000 0.00000
1631021792936122 -0.90660 0.42200 0.00000 157.19848 0.42200 0.90660 0.00000 -40.68158 0.00000 0.00000 -1.00000 0.00000
1631021793185509 -0.95637 0.29215 0.00000 160.11236 0.29215 0.95637 0.00000 -18.50254 0.00000 0.00000 -1.00000 0.00000
1631021793434896 -0.98178 0.19004 0.00000 159.91867 0.19004 0.98178 0.00000 -1.60376 0.00000 0.00000 -1.00000 0.00000
1631021793684907 -0.99281 0.11966 0.00000 158.29162 0.11966 0.99281 0.00000 9.77632 0.00000 0.00000 -1.00000 0.00000
1631021793933665 -0.99658 0.08260 0.00000 156.40886 0.08260 0.99658 0.00000 15.65511 0.00000 0.00000 -1.00000 0.00000
1631021794183051 -0.99798 0.06354 0.00000 154.61859 0.06354 0.99798 0.00000 18.59783 0.00000 0.00000 -1.00000 0.00000
1631021794432429 -0.99821 0.05988 0.00000 153.03887 0.05988 0.99821 0.00000 19.13829 0.00000 0.00000 -1.00000 0.00000
1631021794682439 -0.99787 0.06530 0.00000 151.54651 0.06530 0.99787 0.00000 18.28177 0.00000 0.00000 -1.00000 0.00000
1631021794933068 -0.99657 0.08273 0.00000 150.17944 0.08273 0.99657 0.00000 15.63324 0.00000 0.00000 -1.00000 0.00000
1631021795183711 -0.99327 0.11581 0.00000 148.93328 0.11581 0.99327 0.00000 10.63909 0.00000 0.00000 -1.00000 0.00000
1631021795433716 -0.98652 0.16366 0.00000 147.53217 0.16366 0.98652 0.00000 3.42746 0.00000 0.00000 -1.00000 0.00000
1631021795684354 -0.97540 0.22042 0.00000 145.70732 0.22042 0.97540 0.00000 -5.12094 0.00000 0.00000 -1.00000 0.00000
1631021795934986 -0.95916 0.28286 0.00000 143.29181 0.28286 0.95916 0.00000 -14.52138 0.00000 0.00000 -1.00000 0.00000
1631021796185625 -0.93886 0.34429 0.00000 140.22682 0.34429 0.93886 0.00000 -23.77004 0.00000 0.00000 -1.00000 0.00000
1631021796435631 -0.91421 0.40524 0.00000 136.49952 0.40524 0.91421 0.00000 -32.94300 0.00000 0.00000 -1.00000 0.00000
1631021796684390 -0.88849 0.45890 0.00000 132.39872 0.45890 0.88849 0.00000 -41.01666 0.00000 0.00000 -1.00000 0.00000
1631021796933769 -0.86191 0.50706 0.00000 128.00475 0.50706 0.86191 0.00000 -48.24023 0.00000 0.00000 -1.00000 0.00000
1631021797183165 -0.83289 0.55344 0.00000 123.19090 0.55344 0.83289 0.00000 -55.16421 0.00000 0.00000 -1.00000 0.00000
1631021797433173 -0.80065 0.59913 0.00000 117.86194 0.59913 0.80065 0.00000 -61.98030 0.00000 0.00000 -1.00000 0.00000
1631021797683183 -0.76725 0.64135 0.00000 112.29660 0.64135 0.76725 0.00000 -68.26256 0.00000 0.00000 -1.00000 0.00000
1631021797933809 -0.73338 0.67982 0.00000 106.55726 0.67982 0.73338 0.00000 -73.92844 0.00000 0.00000 -1.00000 0.00000
1631021798184442 -0.69796 0.71614 0.00000 100.59647 0.71614 0.69796 0.00000 -79.23150 0.00000 0.00000 -1.00000 0.00000
1631021798434470 -0.66490 0.74694 0.00000 94.82076 0.74694 0.66490 0.00000 -83.68452 0.00000 0.00000 -1.00000 0.00000
1631021798685095 -0.63413 0.77323 0.00000 89.22856 0.77323 0.63413 0.00000 -87.45802 0.00000 0.00000 -1.00000 0.00000
1631021798935730 -0.60896 0.79320 0.00000 84.29251 0.79320 0.60896 0.00000 -90.31859 0.00000 0.00000 -1.00000 0.00000
1631021799185733 -0.58848 0.80851 0.00000 79.84877 0.80851 0.58848 0.00000 -92.49181 0.00000 0.00000 -1.00000 0.00000
1631021799434500 -0.57388 0.81894 0.00000 76.08936 0.81894 0.57388 0.00000 -93.94816 0.00000 0.00000 -1.00000 0.00000
1631021799683887 -0.56354 0.82609 0.00000 72.82707 0.82609 0.56354 0.00000 -94.92910 0.00000 0.00000 -1.00000 0.00000
1631021799933267 -0.55390 0.83258 0.00000 69.63379 0.83258 0.55390 0.00000 -95.80172 0.00000 0.00000 -1.00000 0.00000
1631021800183274 -0.55093 0.83455 0.00000 67.21516 0.83455 0.55093 0.00000 -96.09850 0.00000 0.00000 -1.00000 0.00000
1631021800433285 -0.55537 0.83161 0.00000 65.65082 0.83161 0.55537 0.00000 -95.79464 0.00000 0.00000 -1.00000 0.00000
1631021800683291 -0.56742 0.82343 0.00000 64.96600 0.82343 0.56742 0.00000 -94.88767 0.00000 0.00000 -1.00000 0.00000
1631021800934552 -0.58890 0.80820 0.00000 65.36543 0.80820 0.58890 0.00000 -93.21827 0.00000 0.00000 -1.00000 0.00000
1631021801185189 -0.61957 0.78494 0.00000 66.83369 0.78494 0.61957 0.00000 -90.70927 0.00000 0.00000 -1.00000 0.00000
1631021801435822 -0.65579 0.75494 0.00000 68.95437 0.75494 0.65579 0.00000 -87.54711 0.00000 0.00000 -1.00000 0.00000
1631021801686456 -0.69664 0.71742 0.00000 71.62833 0.71742 0.69664 0.00000 -83.67764 0.00000 0.00000 -1.00000 0.00000
1631021801936460 -0.73911 0.67358 0.00000 74.56498 0.67358 0.73911 0.00000 -79.22539 0.00000 0.00000 -1.00000 0.00000
1631021802186481 -0.78286 0.62220 0.00000 77.70796 0.62220 0.78286 0.00000 -74.10172 0.00000 0.00000 -1.00000 0.00000
1631021802435235 -0.82576 0.56402 0.00000 80.82928 0.56402 0.82576 0.00000 -68.38731 0.00000 0.00000 -1.00000 0.00000
1631021802685245 -0.86514 0.50152 0.00000 83.64216 0.50152 0.86514 0.00000 -62.32256 0.00000 0.00000 -1.00000 0.00000
1631021802934624 -0.90072 0.43441 0.00000 86.10217 0.43441 0.90072 0.00000 -55.89485 0.00000 0.00000 -1.00000 0.00000
1631021803184016 -0.93177 0.36306 0.00000 88.13993 0.36306 0.93177 0.00000 -49.12078 0.00000 0.00000 -1.00000 0.00000
1631021803434020 -0.95631 0.29235 0.00000 89.50146 0.29235 0.95631 0.00000 -42.48847 0.00000 0.00000 -1.00000 0.00000
1631021803684040 -0.97566 0.21927 0.00000 90.38563 0.21927 0.97566 0.00000 -35.67823 0.00000 0.00000 -1.00000 0.00000
1631021803935292 -0.98927 0.14611 0.00000 90.70874 0.14611 0.98927 0.00000 -28.95528 0.00000 0.00000 -1.00000 0.00000
1631021804185930 -0.99729 0.07352 0.00000 90.48823 0.07352 0.99729 0.00000 -22.33962 0.00000 0.00000 -1.00000 0.00000
1631021804436563 -0.99998 0.00583 0.00000 89.71563 0.00583 0.99998 0.00000 -16.23289 0.00000 0.00000 -1.00000 0.00000
1631021804687196 -0.99864 -0.05216 -0.00000 88.39132 -0.05216 0.99864 0.00000 -11.06902 0.00000 0.00000 -1.00000 0.00000
1631021804936584 -0.99499 -0.09994 -0.00000 86.69783 -0.09994 0.99499 0.00000 -6.88251 0.00000 0.00000 -1.00000 0.00000
1631021805185966 -0.99056 -0.13709 -0.00000 84.77373 -0.13709 0.99056 0.00000 -3.69475 0.00000 0.00000 -1.00000 0.00000
1631021805435357 -0.98601 -0.16666 -0.00000 82.70866 -0.16666 0.98601 0.00000 -1.20935 0.00000 0.00000 -1.00000 0.00000
1631021805684742 -0.98241 -0.18673 -0.00000 80.52236 -0.18673 0.98241 0.00000 0.43702 0.00000 0.00000 -1.00000 0.00000
1631021805934746 -0.97993 -0.19932 -0.00000 78.30706 -0.19932 0.97993 0.00000 1.43295 0.00000 0.00000 -1.00000 0.00000
1631021806184758 -0.97810 -0.20814 -0.00000 76.08844 -0.20814 0.97810 0.00000 2.09505 0.00000 0.00000 -1.00000 0.00000
1631021806434777 -0.97683 -0.21403 -0.00000 73.83728 -0.21403 0.97683 0.00000 2.51365 0.00000 0.00000 -1.00000 0.00000
1631021806685401 -0.97523 -0.22118 -0.00000 71.56686 -0.22118 0.97523 0.00000 3.00061 0.00000 0.00000 -1.00000 0.00000
1631021806936033 -0.97219 -0.23419 -0.00000 69.27719 -0.23419 0.97219 0.00000 3.90535 0.00000 0.00000 -1.00000 0.00000
1631021807186043 -0.96935 -0.24569 -0.00000 66.99251 -0.24569 0.96935 0.00000 4.67446 0.00000 0.00000 -1.00000 0.00000
1631021807436057 -0.96592 -0.25884 -0.00000 64.70040 -0.25884 0.96592 0.00000 5.53980 0.00000 0.00000 -1.00000 0.00000
1631021807685436 -0.96307 -0.26926 -0.00000 62.42486 -0.26926 0.96307 0.00000 6.20397 0.00000 0.00000 -1.00000 0.00000
1631021807934192 -0.96092 -0.27682 -0.00000 60.17501 -0.27682 0.96092 0.00000 6.65439 0.00000 0.00000 -1.00000 0.00000
1631021808184206 -0.96002 -0.27993 -0.00000 57.94236 -0.27993 0.96002 0.00000 6.79866 0.00000 0.00000 -1.00000 0.00000
1631021808434216 -0.95932 -0.28233 -0.00000 55.71136 -0.28233 0.95932 0.00000 6.88836 0.00000 0.00000 -1.00000 0.00000
1631021808684227 -0.95922 -0.28265 -0.00000 53.50216 -0.28265 0.95922 0.00000 6.86559 0.00000 0.00000 -1.00000 0.00000
1631021808934856 -0.96031 -0.27893 -0.00000 51.33788 -0.27893 0.96031 0.00000 6.61864 0.00000 0.00000 -1.00000 0.00000
1631021809185503 -0.96220 -0.27233 -0.00000 49.18124 -0.27233 0.96220 0.00000 6.24111 0.00000 0.00000 -1.00000 0.00000
1631021809436136 -0.96384 -0.26647 -0.00000 47.04409 -0.26647 0.96384 0.00000 5.91687 0.00000 0.00000 -1.00000 0.00000
1631021809686769 -0.96641 -0.25700 -0.00000 44.93453 -0.25700 0.96641 0.00000 5.43261 0.00000 0.00000 -1.00000 0.00000
1631021809936778 -0.96996 -0.24327 -0.00000 42.86771 -0.24327 0.96996 0.00000 4.75761 0.00000 0.00000 -1.00000 0.00000
1631021810186157 -0.97338 -0.22920 -0.00000 40.81785 -0.22920 0.97338 0.00000 4.10756 0.00000 0.00000 -1.00000 0.00000
1631021810436176 -0.97632 -0.21634 -0.00000 38.74674 -0.21634 0.97632 0.00000 3.55448 0.00000 0.00000 -1.00000 0.00000
1631021810686181 -0.97966 -0.20064 -0.00000 36.73781 -0.20064 0.97966 0.00000 2.89112 0.00000 0.00000 -1.00000 0.00000
1631021810934945 -0.98208 -0.18847 -0.00000 34.65649 -0.18847 0.98208 0.00000 2.38945 0.00000 0.00000 -1.00000 0.00000
1631021811184324 -0.98413 -0.17747 -0.00000 32.59223 -0.17747 0.98413 0.00000 1.98646 0.00000 0.00000 -1.00000 0.00000
1631021811434339 -0.98601 -0.16667 -0.00000 30.53665 -0.16667 0.98601 0.00000 1.59414 0.00000 0.00000 -1.00000 0.00000
1631021811684976 -0.98727 -0.15904 -0.00000 28.41750 -0.15904 0.98727 0.00000 1.30164 0.00000 0.00000 -1.00000 0.00000
1631021811934974 -0.98805 -0.15412 -0.00000 26.38333 -0.15412 0.98805 0.00000 1.10994 0.00000 0.00000 -1.00000 0.00000
1631021812186242 -0.98870 -0.14992 -0.00000 24.29290 -0.14992 0.98870 0.00000 0.96685 0.00000 0.00000 -1.00000 0.00000
1631021812436875 -0.98921 -0.14652 -0.00000 22.22989 -0.14652 0.98921 0.00000 0.83985 0.00000 0.00000 -1.00000 0.00000
1631021812686881 -0.98960 -0.14381 -0.00000 20.16168 -0.14381 0.98960 0.00000 0.73678 0.00000 0.00000 -1.00000 0.00000
1631021812936271 -0.98995 -0.14138 -0.00000 18.10293 -0.14138 0.98995 0.00000 0.64735 0.00000 0.00000 -1.00000 0.00000
1631021813185651 -0.98994 -0.14150 -0.00000 16.03929 -0.14150 0.98994 0.00000 0.60694 0.00000 0.00000 -1.00000 0.00000
1631021813435050 -0.98975 -0.14280 -0.00000 13.98722 -0.14280 0.98975 0.00000 0.59957 0.00000 0.00000 -1.00000 0.00000
1631021813684425 -0.98969 -0.14325 -0.00000 11.95125 -0.14325 0.98969 0.00000 0.56687 0.00000 0.00000 -1.00000 0.00000
1631021813933818 -0.98929 -0.14596 -0.00000 9.87334 -0.14596 0.98929 0.00000 0.56552 0.00000 0.00000 -1.00000 0.00000
1631021814184441 -0.98906 -0.14751 -0.00000 7.81961 -0.14751 0.98906 0.00000 0.55083 0.00000 0.00000 -1.00000 0.00000
1631021814435087 -0.98858 -0.15068 -0.00000 5.74599 -0.15068 0.98858 0.00000 0.55743 0.00000 0.00000 -1.00000 0.00000
1631021814685709 -0.98794 -0.15485 -0.00000 3.68455 -0.15485 0.98794 0.00000 0.55657 0.00000 0.00000 -1.00000 0.00000
1631021814936343 -0.98701 -0.16067 -0.00000 1.59754 -0.16067 0.98701 0.00000 0.55348 0.00000 0.00000 -1.00000 0.00000
1631021815186357 -0.98608 -0.16626 -0.00000 -0.46722 -0.16626 0.98608 0.00000 0.53470 0.00000 0.00000 -1.00000 0.00000
1631021815435751 -0.98515 -0.17169 -0.00000 -2.56102 -0.17169 0.98515 0.00000 0.49192 0.00000 0.00000 -1.00000 0.00000
1631021815685134 -0.98409 -0.17766 -0.00000 -4.64870 -0.17766 0.98409 0.00000 0.44022 0.00000 0.00000 -1.00000 0.00000
1631021815934514 -0.98310 -0.18307 -0.00000 -6.73674 -0.18307 0.98310 0.00000 0.36822 0.00000 0.00000 -1.00000 0.00000
1631021816184523 -0.98214 -0.18815 -0.00000 -8.84848 -0.18815 0.98214 0.00000 0.28223 0.00000 0.00000 -1.00000 0.00000
1631021816434540 -0.98103 -0.19387 -0.00000 -10.99979 -0.19387 0.98103 0.00000 0.20956 0.00000 0.00000 -1.00000 0.00000
1631021816685168 -0.98038 -0.19710 -0.00000 -13.09888 -0.19710 0.98038 0.00000 0.16106 0.00000 0.00000 -1.00000 0.00000
1631021816935811 -0.98006 -0.19872 -0.00000 -15.25955 -0.19872 0.98006 0.00000 0.09892 0.00000 0.00000 -1.00000 0.00000
1631021817186444 -0.98063 -0.19587 -0.00000 -17.42654 -0.19587 0.98063 0.00000 0.09545 0.00000 0.00000 -1.00000 0.00000
1631021817436449 -0.98089 -0.19455 -0.00000 -19.59398 -0.19455 0.98089 0.00000 0.06778 0.00000 0.00000 -1.00000 0.00000
1631021817686460 -0.98107 -0.19364 -0.00000 -21.81948 -0.19364 0.98107 0.00000 0.03298 0.00000 0.00000 -1.00000 0.00000
1631021817935220 -0.98107 -0.19367 -0.00000 -24.03230 -0.19367 0.98107 0.00000 -0.03126 0.00000 0.00000 -1.00000 0.00000
1631021818184603 -0.98098 -0.19412 -0.00000 -26.25859 -0.19412 0.98098 0.00000 -0.10846 0.00000 0.00000 -1.00000 0.00000
1631021818434611 -0.98079 -0.19507 -0.00000 -28.49808 -0.19507 0.98079 0.00000 -0.18325 0.00000 0.00000 -1.00000 0.00000
1631021818685259 -0.98017 -0.19815 -0.00000 -30.74763 -0.19815 0.98017 0.00000 -0.30136 0.00000 0.00000 -1.00000 0.00000
1631021818935880 -0.97970 -0.20048 -0.00000 -32.96831 -0.20048 0.97970 0.00000 -0.39234 0.00000 0.00000 -1.00000 0.00000
1631021819186521 -0.97886 -0.20455 -0.00000 -35.20698 -0.20455 0.97886 0.00000 -0.55838 0.00000 0.00000 -1.00000 0.00000
1631021819437150 -0.97747 -0.21108 -0.00000 -37.41104 -0.21108 0.97747 0.00000 -0.83171 0.00000 0.00000 -1.00000 0.00000
1631021819686538 -0.97615 -0.21709 -0.00000 -39.57073 -0.21709 0.97615 0.00000 -1.09700 0.00000 0.00000 -1.00000 0.00000
1631021819935925 -0.97480 -0.22307 -0.00000 -41.75805 -0.22307 0.97480 0.00000 -1.38599 0.00000 0.00000 -1.00000 0.00000
1631021820185311 -0.97334 -0.22938 -0.00000 -43.88351 -0.22938 0.97334 0.00000 -1.70082 0.00000 0.00000 -1.00000 0.00000
1631021820434696 -0.97205 -0.23476 -0.00000 -46.00159 -0.23476 0.97205 0.00000 -1.99742 0.00000 0.00000 -1.00000 0.00000
1631021820684701 -0.97043 -0.24139 -0.00000 -48.09402 -0.24139 0.97043 0.00000 -2.36833 0.00000 0.00000 -1.00000 0.00000
1631021820934710 -0.96892 -0.24738 -0.00000 -50.14172 -0.24738 0.96892 0.00000 -2.72145 0.00000 0.00000 -1.00000 0.00000
1631021821185343 -0.96811 -0.25053 -0.00000 -52.18131 -0.25053 0.96811 0.00000 -2.92925 0.00000 0.00000 -1.00000 0.00000
1631021821435990 -0.96839 -0.24944 -0.00000 -54.16062 -0.24944 0.96839 0.00000 -2.91285 0.00000 0.00000 -1.00000 0.00000
1631021821687247 -0.96940 -0.24551 -0.00000 -56.07036 -0.24551 0.96940 0.00000 -2.71625 0.00000 0.00000 -1.00000 0.00000
1631021821936633 -0.97195 -0.23519 -0.00000 -57.91028 -0.23519 0.97195 0.00000 -2.13112 0.00000 0.00000 -1.00000 0.00000
1631021822186655 -0.97646 -0.21571 -0.00000 -59.66520 -0.21571 0.97646 0.00000 -0.99150 0.00000 0.00000 -1.00000 0.00000
1631021822435408 -0.98240 -0.18679 -0.00000 -61.28559 -0.18679 0.98240 0.00000 0.75473 0.00000 0.00000 -1.00000 0.00000
1631021822684779 -0.98865 -0.15021 -0.00000 -62.75321 -0.15021 0.98865 0.00000 3.00651 0.00000 0.00000 -1.00000 0.00000
1631021822934163 -0.99478 -0.10204 -0.00000 -63.97868 -0.10204 0.99478 0.00000 6.03740 0.00000 0.00000 -1.00000 0.00000
1631021823184179 -0.99897 -0.04543 -0.00000 -64.88255 -0.04543 0.99897 0.00000 9.66230 0.00000 0.00000 -1.00000 0.00000
1631021823434809 -0.99969 0.02490 0.00000 -65.27406 0.02490 0.99969 0.00000 14.19434 0.00000 0.00000 -1.00000 0.00000
1631021823685448 -0.99400 0.10940 0.00000 -65.00282 0.10940 0.99400 0.00000 19.65900 0.00000 0.00000 -1.00000 0.00000
1631021823935460 -0.97887 0.20447 0.00000 -63.96242 0.20447 0.97887 0.00000 25.81482 0.00000 0.00000 -1.00000 0.00000
1631021824186098 -0.95100 0.30918 0.00000 -61.92024 0.30918 0.95100 0.00000 32.57635 0.00000 0.00000 -1.00000 0.00000
1631021824436732 -0.90692 0.42129 0.00000 -58.64177 0.42129 0.90692 0.00000 39.80101 0.00000 0.00000 -1.00000 0.00000
1631021824686110 -0.84632 0.53268 0.00000 -54.21225 0.53268 0.84632 0.00000 46.86648 0.00000 0.00000 -1.00000 0.00000
1631021824935501 -0.77199 0.63564 0.00000 -48.89030 0.63564 0.77199 0.00000 53.35594 0.00000 0.00000 -1.00000 0.00000
1631021825184267 -0.69155 0.72233 0.00000 -43.30308 0.72233 0.69155 0.00000 58.74248 0.00000 0.00000 -1.00000 0.00000
1631021825434266 -0.61082 0.79177 0.00000 -37.85716 0.79177 0.61082 0.00000 62.97952 0.00000 0.00000 -1.00000 0.00000
1631021825684283 -0.53111 0.84731 0.00000 -32.66069 0.84731 0.53111 0.00000 66.34254 0.00000 0.00000 -1.00000 0.00000
1631021825934286 -0.45366 0.89118 0.00000 -27.79436 0.89118 0.45366 0.00000 68.96608 0.00000 0.00000 -1.00000 0.00000
1631021826184930 -0.39235 0.91982 0.00000 -24.29058 0.91982 0.39235 0.00000 70.63865 0.00000 0.00000 -1.00000 0.00000
1631021826435564 -0.34854 0.93729 0.00000 -22.21494 0.93729 0.34854 0.00000 71.68281 0.00000 0.00000 -1.00000 0.00000
1631021826685568 -0.31805 0.94807 0.00000 -21.23701 0.94807 0.31805 0.00000 72.32904 0.00000 0.00000 -1.00000 0.00000
1631021826936201 -0.29995 0.95396 0.00000 -21.26920 0.95396 0.29995 0.00000 72.69755 0.00000 0.00000 -1.00000 0.00000
1631021827186219 -0.28683 0.95798 0.00000 -21.74153 0.95798 0.28683 0.00000 72.95839 0.00000 0.00000 -1.00000 0.00000
1631021827436228 -0.27639 0.96105 0.00000 -22.49135 0.96105 0.27639 0.00000 73.17211 0.00000 0.00000 -1.00000 0.00000
1631021827685611 -0.26656 0.96382 0.00000 -23.32666 0.96382 0.26656 0.00000 73.36098 0.00000 0.00000 -1.00000 0.00000
1631021827934993 -0.25749 0.96628 0.00000 -24.29066 0.96628 0.25749 0.00000 73.53971 0.00000 0.00000 -1.00000 0.00000
1631021828185003 -0.24906 0.96849 0.00000 -25.36511 0.96849 0.24906 0.00000 73.71159 0.00000 0.00000 -1.00000 0.00000
1631021828434396 -0.24078 0.97058 0.00000 -26.47054 0.97058 0.24078 0.00000 73.90094 0.00000 0.00000 -1.00000 0.00000
1631021828685026 -0.23389 0.97226 0.00000 -27.69577 0.97226 0.23389 0.00000 74.05087 0.00000 0.00000 -1.00000 0.00000
1631021828935663 -0.22679 0.97394 0.00000 -28.95722 0.97394 0.22679 0.00000 74.22224 0.00000 0.00000 -1.00000 0.00000
1631021829186297 -0.21796 0.97596 0.00000 -30.12795 0.97596 0.21796 0.00000 74.45520 0.00000 0.00000 -1.00000 0.00000
1631021829436933 -0.20155 0.97948 0.00000 -30.73495 0.97948 0.20155 0.00000 74.93355 0.00000 0.00000 -1.00000 0.00000
1631021829687572 -0.17654 0.98429 0.00000 -30.70721 0.98429 0.17654 0.00000 75.67516 0.00000 0.00000 -1.00000 0.00000
1631021829937573 -0.14723 0.98910 0.00000 -30.33381 0.98910 0.14723 0.00000 76.54906 0.00000 0.00000 -1.00000 0.00000
1631021830187588 -0.11928 0.99286 0.00000 -30.08383 0.99286 0.11928 0.00000 77.35231 0.00000 0.00000 -1.00000 0.00000
1631021830436351 -0.10035 0.99495 0.00000 -30.51534 0.99495 0.10035 0.00000 77.84928 0.00000 0.00000 -1.00000 0.00000
1631021830686356 -0.09666 0.99532 0.00000 -32.10268 0.99532 0.09666 0.00000 77.90267 0.00000 0.00000 -1.00000 0.00000
1631021830935115 -0.10272 0.99471 0.00000 -34.48284 0.99471 0.10272 0.00000 77.65249 0.00000 0.00000 -1.00000 0.00000
1631021831185131 -0.11639 0.99320 0.00000 -37.50824 0.99320 0.11639 0.00000 77.13458 0.00000 0.00000 -1.00000 0.00000
1631021831434513 -0.13352 0.99105 0.00000 -40.72164 0.99105 0.13352 0.00000 76.41360 0.00000 0.00000 -1.00000 0.00000
1631021831684525 -0.15465 0.98797 0.00000 -44.22368 0.98797 0.15465 0.00000 75.48234 0.00000 0.00000 -1.00000 0.00000
1631021831935163 -0.17419 0.98471 0.00000 -47.71671 0.98471 0.17419 0.00000 74.53958 0.00000 0.00000 -1.00000 0.00000
1631021832185792 -0.19343 0.98111 0.00000 -51.16623 0.98111 0.19343 0.00000 73.55715 0.00000 0.00000 -1.00000 0.00000
1631021832437056 -0.20843 0.97804 0.00000 -54.31239 0.97804 0.20843 0.00000 72.71006 0.00000 0.00000 -1.00000 0.00000
1631021832687063 -0.22309 0.97480 0.00000 -57.43118 0.97480 0.22309 0.00000 71.84016 0.00000 0.00000 -1.00000 0.00000
1631021832937077 -0.23342 0.97238 0.00000 -60.23004 0.97238 0.23342 0.00000 71.18789 0.00000 0.00000 -1.00000 0.00000
1631021833187091 -0.23727 0.97144 0.00000 -62.57988 0.97144 0.23727 0.00000 70.92699 0.00000 0.00000 -1.00000 0.00000
1631021833436474 -0.23589 0.97178 0.00000 -64.55935 0.97178 0.23589 0.00000 70.99873 0.00000 0.00000 -1.00000 0.00000
1631021833685859 -0.22802 0.97366 0.00000 -66.00070 0.97366 0.22802 0.00000 71.47764 0.00000 0.00000 -1.00000 0.00000
1631021833935241 -0.22053 0.97538 0.00000 -67.50335 0.97538 0.22053 0.00000 71.92788 0.00000 0.00000 -1.00000 0.00000
1631021834185255 -0.21349 0.97695 0.00000 -69.00156 0.97695 0.21349 0.00000 72.37290 0.00000 0.00000 -1.00000 0.00000
1631021834435271 -0.20872 0.97798 0.00000 -70.65048 0.97798 0.20872 0.00000 72.68655 0.00000 0.00000 -1.00000 0.00000
1631021834685894 -0.21261 0.97714 0.00000 -72.90017 0.97714 0.21261 0.00000 72.35959 0.00000 0.00000 -1.00000 0.00000
1631021834936536 -0.23473 0.97206 0.00000 -76.45815 0.97206 0.23473 0.00000 70.61884 0.00000 0.00000 -1.00000 0.00000
1631021835187169 -0.27145 0.96245 0.00000 -80.95694 0.96245 0.27145 0.00000 67.58752 0.00000 0.00000 -1.00000 0.00000
1631021835436553 -0.32137 0.94695 0.00000 -86.18777 0.94695 0.32137 0.00000 63.19279 0.00000 0.00000 -1.00000 0.00000
1631021835686570 -0.37687 0.92626 0.00000 -91.52120 0.92626 0.37687 0.00000 57.94755 0.00000 0.00000 -1.00000 0.00000
1631021835935956 -0.43440 0.90072 0.00000 -96.64442 0.90072 0.43440 0.00000 51.99174 0.00000 0.00000 -1.00000 0.00000
1631021836185333 -0.49781 0.86728 0.00000 -101.73795 0.86728 0.49781 0.00000 44.91070 0.00000 0.00000 -1.00000 0.00000
1631021836435973 -0.56674 0.82390 0.00000 -106.67042 0.82390 0.56674 0.00000 36.40202 0.00000 0.00000 -1.00000 0.00000
1631021836685978 -0.63310 0.77407 0.00000 -110.89080 0.77407 0.63310 0.00000 27.37810 0.00000 0.00000 -1.00000 0.00000
1631021836937244 -0.69807 0.71602 0.00000 -114.39720 0.71602 0.69807 0.00000 17.53603 0.00000 0.00000 -1.00000 0.00000
1631021837187258 -0.76321 0.64616 0.00000 -117.06220 0.64616 0.76321 0.00000 6.48841 0.00000 0.00000 -1.00000 0.00000
1631021837437263 -0.82118 0.57067 0.00000 -118.67036 0.57067 0.82118 0.00000 -4.72764 0.00000 0.00000 -1.00000 0.00000
1631021837687271 -0.87383 0.48623 0.00000 -119.09449 0.48623 0.87383 0.00000 -16.53870 0.00000 0.00000 -1.00000 0.00000
1631021837937300 -0.91674 0.39949 0.00000 -118.42239 0.39949 0.91674 0.00000 -28.03768 0.00000 0.00000 -1.00000 0.00000
1631021838186039 -0.95051 0.31071 0.00000 -116.67646 0.31071 0.95051 0.00000 -39.19330 0.00000 0.00000 -1.00000 0.00000
1631021838435437 -0.97574 0.21895 0.00000 -113.88382 0.21895 0.97574 0.00000 -50.15411 0.00000 0.00000 -1.00000 0.00000
1631021838685437 -0.99062 0.13667 0.00000 -110.75524 0.13667 0.99062 0.00000 -59.53166 0.00000 0.00000 -1.00000 0.00000
1631021838936068 -0.99747 0.07114 0.00000 -108.07722 0.07114 0.99747 0.00000 -66.71279 0.00000 0.00000 -1.00000 0.00000
1631021839186714 -0.99968 0.02524 0.00000 -106.42878 0.02524 0.99968 0.00000 -71.67537 0.00000 0.00000 -1.00000 0.00000
1631021839437969 -0.99997 -0.00756 -0.00000 -105.59257 -0.00756 0.99997 0.00000 -75.13734 0.00000 0.00000 -1.00000 0.00000
1631021839687355 -0.99969 -0.02505 -0.00000 -105.84070 -0.02505 0.99969 0.00000 -77.00376 0.00000 0.00000 -1.00000 0.00000
1631021839937364 -0.99981 -0.01970 -0.00000 -107.83731 -0.01970 0.99981 0.00000 -76.43501 0.00000 0.00000 -1.00000 0.00000
1631021840186744 -0.99999 0.00339 0.00000 -111.23371 0.00339 0.99999 0.00000 -73.92612 0.00000 0.00000 -1.00000 0.00000
1631021840436136 -0.99911 0.04224 0.00000 -115.67948 0.04224 0.99911 0.00000 -69.55960 0.00000 0.00000 -1.00000 0.00000
1631021840685519 -0.99613 0.08794 0.00000 -120.45067 0.08794 0.99613 0.00000 -64.18309 0.00000 0.00000 -1.00000 0.00000
1631021840935532 -0.99045 0.13790 0.00000 -125.24212 0.13790 0.99045 0.00000 -58.07554 0.00000 0.00000 -1.00000 0.00000
1631021841184923 -0.98110 0.19348 0.00000 -130.05804 0.19348 0.98110 0.00000 -50.93683 0.00000 0.00000 -1.00000 0.00000
1631021841436173 -0.96812 0.25047 0.00000 -134.64528 0.25047 0.96812 0.00000 -43.27066 0.00000 0.00000 -1.00000 0.00000
1631021841686815 -0.95222 0.30541 0.00000 -138.73877 0.30541 0.95222 0.00000 -35.50271 0.00000 0.00000 -1.00000 0.00000
1631021841937454 -0.93333 0.35902 0.00000 -142.42578 0.35902 0.93333 0.00000 -27.56589 0.00000 0.00000 -1.00000 0.00000
1631021842187460 -0.91465 0.40424 0.00000 -145.55484 0.40424 0.91465 0.00000 -20.57971 0.00000 0.00000 -1.00000 0.00000
