1634917014146399 1.00000 0.00000 0.00000 -0.00000 0.00000 -1.00000 0.00000 0.00000 0.00000 -0.00000 -1.00000 0.00000
1634917014396570 1.00000 -0.00061 0.00000 0.00138 -0.00061 -1.00000 0.00000 -0.00271 -0.00000 -0.00000 -1.00000 -0.00000
1634917014646483 1.00000 0.00041 -0.00000 -0.00117 0.00041 -1.00000 0.00000 -0.00259 0.00000 -0.00000 -1.00000 -0.00000
1634917014896327 1.00000 0.00023 -0.00000 -0.01040 0.00023 -1.00000 0.00000 -0.00364 0.00000 -0.00000 -1.00000 -0.00000
1634917015146486 1.00000 -0.00008 0.00000 -0.00104 -0.00008 -1.00000 0.00000 -0.00085 -0.00000 -0.00000 -1.00000 -0.00000
1634917015396433 1.00000 0.00013 0.00000 -0.00160 0.00013 -1.00000 0.00000 -0.00866 0.00000 -0.00000 -1.00000 -0.00000
1634917015646378 1.00000 0.00000 0.00000 -0.00286 0.00000 -1.00000 0.00000 -0.00255 0.00000 -0.00000 -1.00000 -0.00000
1634917015896403 1.00000 0.00017 -0.00000 -0.00471 0.00017 -1.00000 0.00000 -0.00331 0.00000 -0.00000 -1.00000 -0.00000
1634917016146075 1.00000 -0.00021 -0.00000 -0.00741 -0.00021 -1.00000 0.00000 -0.00062 -0.00000 -0.00000 -1.00000 -0.00000
1634917016395958 1.00000 -0.00040 0.00000 0.00201 -0.00040 -1.00000 0.00000 -0.00517 -0.00000 -0.00000 -1.00000 -0.00000
1634917016645915 1.00000 0.00009 0.00000 -0.00147 0.00009 -1.00000 0.00000 -0.00354 0.00000 -0.00000 -1.00000 -0.00000
1634917016896122 1.00000 0.00008 -0.00000 -0.00179 0.00008 -1.00000 0.00000 -0.00579 0.00000 -0.00000 -1.00000 -0.00000
1634917017146065 1.00000 0.00003 0.00000 -0.00171 0.00003 -1.00000 0.00000 -0.00462 0.00000 -0.00000 -1.00000 -0.00000
1634917017395886 1.00000 -0.00008 0.00000 -0.00050 -0.00008 -1.00000 0.00000 -0.00343 -0.00000 -0.00000 -1.00000 -0.00000
1634917017645956 1.00000 0.00013 0.00000 -0.00005 0.00013 -1.00000 0.00000 0.00082 0.00000 -0.00000 -1.00000 0.00000
1634917017895875 1.00000 -0.00002 -0.00000 -0.00692 -0.00002 -1.00000 0.00000 -0.00326 -0.00000 -0.00000 -1.00000 -0.00000
1634917018145580 1.00000 -0.00052 0.00000 -0.00281 -0.00052 -1.00000 0.00000 0.00239 -0.00000 -0.00000 -1.00000 0.00000
1634917018395363 1.00000 -0.00057 0.00000 -0.00089 -0.00057 -1.00000 0.00000 0.00329 -0.00000 -0.00000 -1.00000 0.00000
1634917018645370 1.00000 -0.00039 0.00000 -0.00600 -0.00039 -1.00000 0.00000 -0.00217 -0.00000 -0.00000 -1.00000 -0.00000
1634917018895083 1.00000 -0.00087 0.00000 -0.00243 -0.00087 -1.00000 0.00000 -0.00341 -0.00000 -0.00000 -1.00000 -0.00000
1634917019144826 1.00000 -0.00101 0.00000 0.00401 -0.00101 -1.00000 0.00000 -0.00070 -0.00000 -0.00000 -1.00000 -0.00000
1634917019394665 1.00000 -0.00061 0.00000 -0.00017 -0.00061 -1.00000 0.00000 0.00373 -0.00000 -0.00000 -1.00000 0.00000
1634917019644851 1.00000 -0.00048 0.00000 -0.00578 -0.00048 -1.00000 0.00000 0.00320 -0.00000 -0.00000 -1.00000 0.00000
1634917019894903 1.00000 -0.00092 -0.00000 -0.00212 -0.00092 -1.00000 0.00000 0.00471 -0.00000 -0.00000 -1.00000 0.00000
1634917020144716 1.00000 -0.00078 0.00000 -0.00082 -0.00078 -1.00000 0.00000 -0.00263 -0.00000 -0.00000 -1.00000 -0.00000
1634917020394687 1.00000 -0.00117 0.00000 -0.00078 -0.00117 -1.00000 0.00000 0.00048 -0.00000 -0.00000 -1.00000 0.00000
1634917020644592 1.00000 -0.00124 0.00000 -0.00807 -0.00124 -1.00000 0.00000 -0.00553 -0.00000 -0.00000 -1.00000 -0.00000
1634917020894552 0.99999 -0.00418 0.00000 -0.03262 -0.00418 -0.99999 0.00000 -0.00241 -0.00000 -0.00000 -1.00000 -0.00000
1634917021144403 0.99997 -0.00798 0.00000 -0.04983 -0.00798 -0.99997 0.00000 -0.01432 -0.00000 -0.00000 -1.00000 -0.00000
1634917021394164 0.99996 -0.00906 -0.00000 -0.10625 -0.00906 -0.99996 0.00000 -0.00348 -0.00000 -0.00000 -1.00000 -0.00000
1634917021644268 0.99990 -0.01394 0.00000 -0.16073 -0.01394 -0.99990 0.00000 0.00197 -0.00000 -0.00000 -1.00000 0.00000
1634917021894376 0.99981 -0.01962 0.00000 -0.19266 -0.01962 -0.99981 0.00000 0.00616 -0.00000 -0.00000 -1.00000 0.00000
1634917022144397 0.99966 -0.02590 -0.00000 -0.25739 -0.02590 -0.99966 0.00000 -0.02786 -0.00000 -0.00000 -1.00000 -0.00000
1634917022394423 0.99947 -0.03245 0.00000 -0.34790 -0.03245 -0.99947 0.00000 -0.03829 -0.00000 -0.00000 -1.00000 -0.00000
1634917022644319 0.99912 -0.04199 0.00000 -0.45502 -0.04199 -0.99912 0.00000 -0.06166 -0.00000 -0.00000 -1.00000 -0.00000
1634917022893804 0.99867 -0.05156 0.00000 -0.50261 -0.05156 -0.99867 0.00000 -0.09644 -0.00000 -0.00000 -1.00000 -0.00000
1634917023143846 0.99817 -0.06044 0.00000 -0.64367 -0.06044 -0.99817 0.00000 -0.05234 -0.00000 -0.00000 -1.00000 -0.00000
1634917023393641 0.99736 -0.07265 0.00000 -0.74027 -0.07265 -0.99736 0.00000 -0.07429 -0.00000 -0.00000 -1.00000 -0.00000
1634917023643539 0.99544 -0.09537 -0.00000 -1.03244 -0.09537 -0.99544 0.00000 -0.05661 -0.00000 -0.00000 -1.00000 -0.00000
1634917023893435 0.99264 -0.12107 0.00000 -1.28406 -0.12107 -0.99264 0.00000 -0.03631 -0.00000 -0.00000 -1.00000 -0.00000
1634917024143192 0.98861 -0.15052 0.00000 -1.65491 -0.15052 -0.98861 0.00000 0.00478 -0.00000 -0.00000 -1.00000 0.00000
1634917024393064 0.98418 -0.17718 0.00000 -2.04226 -0.17718 -0.98418 0.00000 0.00597 -0.00000 -0.00000 -1.00000 0.00000
1634917024642901 0.97890 -0.20432 0.00000 -2.51532 -0.20432 -0.97890 0.00000 0.02559 -0.00000 -0.00000 -1.00000 0.00000
1634917024892478 0.97434 -0.22507 0.00000 -3.06041 -0.22507 -0.97434 0.00000 0.03192 -0.00000 -0.00000 -1.00000 0.00000
1634917025141892 0.97030 -0.24191 0.00000 -3.77705 -0.24191 -0.97030 0.00000 0.06882 -0.00000 -0.00000 -1.00000 0.00000
1634917025391536 0.96637 -0.25715 0.00000 -4.57009 -0.25715 -0.96637 0.00000 0.12656 -0.00000 -0.00000 -1.00000 0.00000
1634917025641293 0.96462 -0.26364 -0.00000 -5.43390 -0.26364 -0.96462 0.00000 0.15706 -0.00000 -0.00000 -1.00000 0.00000
1634917025891156 0.96333 -0.26831 0.00000 -6.40469 -0.26831 -0.96333 0.00000 0.12477 -0.00000 -0.00000 -1.00000 0.00000
1634917026140943 0.96249 -0.27130 -0.00000 -7.45942 -0.27130 -0.96249 0.00000 0.14121 -0.00000 -0.00000 -1.00000 0.00000
1634917026390729 0.96424 -0.26503 0.00000 -8.63587 -0.26503 -0.96424 0.00000 0.04393 -0.00000 -0.00000 -1.00000 0.00000
1634917026640635 0.96708 -0.25446 0.00000 -9.90360 -0.25446 -0.96708 0.00000 -0.06800 -0.00000 -0.00000 -1.00000 -0.00000
1634917026890913 0.97044 -0.24136 0.00000 -11.23941 -0.24136 -0.97044 0.00000 -0.24331 -0.00000 -0.00000 -1.00000 -0.00000
1634917027140701 0.97261 -0.23242 -0.00000 -12.58201 -0.23242 -0.97261 0.00000 -0.36189 -0.00000 -0.00000 -1.00000 -0.00000
1634917027390873 0.97504 -0.22203 -0.00000 -14.08155 -0.22203 -0.97504 0.00000 -0.51697 -0.00000 -0.00000 -1.00000 -0.00000
1634917027640815 0.97854 -0.20606 0.00000 -15.53963 -0.20606 -0.97854 0.00000 -0.76131 -0.00000 -0.00000 -1.00000 -0.00000
1634917027890475 0.98171 -0.19036 -0.00000 -17.19708 -0.19036 -0.98171 0.00000 -0.99669 -0.00000 -0.00000 -1.00000 -0.00000
1634917028140120 0.98455 -0.17511 0.00000 -18.84497 -0.17511 -0.98455 0.00000 -1.27174 -0.00000 -0.00000 -1.00000 -0.00000
1634917028390399 0.98800 -0.15449 0.00000 -20.63324 -0.15449 -0.98800 0.00000 -1.73988 -0.00000 -0.00000 -1.00000 -0.00000
1634917028639847 0.99041 -0.13814 0.00000 -22.57634 -0.13814 -0.99041 0.00000 -2.05104 -0.00000 -0.00000 -1.00000 -0.00000
1634917028890095 0.99264 -0.12113 -0.00000 -24.48799 -0.12113 -0.99264 0.00000 -2.51915 -0.00000 -0.00000 -1.00000 -0.00000
1634917029139864 0.99434 -0.10626 0.00000 -26.58800 -0.10626 -0.99434 0.00000 -2.93893 -0.00000 -0.00000 -1.00000 -0.00000
1634917029389972 0.99574 -0.09224 -0.00000 -28.75237 -0.09224 -0.99574 0.00000 -3.29949 -0.00000 -0.00000 -1.00000 -0.00000
1634917029640101 0.99681 -0.07986 0.00000 -30.99309 -0.07986 -0.99681 0.00000 -3.84019 -0.00000 -0.00000 -1.00000 -0.00000
1634917029890089 0.99805 -0.06243 -0.00000 -33.05629 -0.06243 -0.99805 0.00000 -4.43854 -0.00000 -0.00000 -1.00000 -0.00000
1634917030140748 0.99906 -0.04346 0.00000 -35.08828 -0.04346 -0.99906 0.00000 -5.04662 -0.00000 -0.00000 -1.00000 -0.00000
1634917030390763 0.99964 -0.02692 0.00000 -37.17615 -0.02692 -0.99964 0.00000 -5.63821 -0.00000 -0.00000 -1.00000 -0.00000
1634917030640611 0.99980 -0.02024 0.00000 -39.28019 -0.02024 -0.99980 0.00000 -6.00942 -0.00000 -0.00000 -1.00000 -0.00000
1634917030890470 0.99981 -0.01945 0.00000 -41.34055 -0.01945 -0.99981 0.00000 -6.01954 -0.00000 -0.00000 -1.00000 -0.00000
1634917031140803 0.99973 -0.02307 -0.00000 -43.51378 -0.02307 -0.99973 0.00000 -5.94965 -0.00000 -0.00000 -1.00000 -0.00000
1634917031390990 0.99969 -0.02488 0.00000 -45.50354 -0.02488 -0.99969 0.00000 -5.85986 -0.00000 -0.00000 -1.00000 -0.00000
1634917031640662 0.99972 -0.02369 -0.00000 -47.53705 -0.02369 -0.99972 0.00000 -5.88192 -0.00000 -0.00000 -1.00000 -0.00000
1634917031891102 0.99964 -0.02681 0.00000 -49.60195 -0.02681 -0.99964 0.00000 -5.81856 -0.00000 -0.00000 -1.00000 -0.00000
1634917032140914 0.99941 -0.03433 0.00000 -51.67759 -0.03433 -0.99941 0.00000 -5.48923 -0.00000 -0.00000 -1.00000 -0.00000
1634917032390948 0.99933 -0.03648 0.00000 -53.81538 -0.03648 -0.99933 0.00000 -5.50404 -0.00000 -0.00000 -1.00000 -0.00000
1634917032640793 0.99940 -0.03466 0.00000 -55.94752 -0.03466 -0.99940 0.00000 -5.59346 -0.00000 -0.00000 -1.00000 -0.00000
1634917032890840 0.99957 -0.02918 -0.00000 -58.15182 -0.02918 -0.99957 0.00000 -6.00094 -0.00000 -0.00000 -1.00000 -0.00000
1634917033140937 0.99983 -0.01869 0.00000 -60.31570 -0.01869 -0.99983 0.00000 -6.59941 -0.00000 -0.00000 -1.00000 -0.00000
1634917033390651 0.99986 -0.01700 0.00000 -62.60137 -0.01700 -0.99986 0.00000 -6.77374 -0.00000 -0.00000 -1.00000 -0.00000
1634917033641207 0.99980 -0.02018 0.00000 -64.95775 -0.02018 -0.99980 0.00000 -6.65548 -0.00000 -0.00000 -1.00000 -0.00000
1634917033891402 0.99980 -0.01993 0.00000 -67.24388 -0.01993 -0.99980 0.00000 -6.68912 -0.00000 -0.00000 -1.00000 -0.00000
1634917034141362 0.99965 -0.02645 -0.00000 -69.63169 -0.02645 -0.99965 0.00000 -6.24297 -0.00000 -0.00000 -1.00000 -0.00000
1634917034390878 0.99955 -0.02991 0.00000 -71.93029 -0.02991 -0.99955 0.00000 -6.01013 -0.00000 -0.00000 -1.00000 -0.00000
1634917034640841 0.99935 -0.03600 0.00000 -74.30812 -0.03600 -0.99935 0.00000 -5.58974 -0.00000 -0.00000 -1.00000 -0.00000
1634917034890902 0.99921 -0.03967 0.00000 -76.63912 -0.03967 -0.99921 0.00000 -5.32075 -0.00000 -0.00000 -1.00000 -0.00000
1634917035140892 0.99894 -0.04614 0.00000 -79.03448 -0.04614 -0.99894 0.00000 -4.85873 -0.00000 -0.00000 -1.00000 -0.00000
1634917035391119 0.99875 -0.05003 0.00000 -81.36621 -0.05003 -0.99875 0.00000 -4.59016 -0.00000 -0.00000 -1.00000 -0.00000
1634917035641393 0.99791 -0.06465 0.00000 -83.71032 -0.06465 -0.99791 0.00000 -3.34596 -0.00000 -0.00000 -1.00000 -0.00000
1634917035891886 0.99539 -0.09592 0.00000 -86.08058 -0.09592 -0.99539 0.00000 -0.76691 -0.00000 -0.00000 -1.00000 -0.00000
1634917036141763 0.99148 -0.13022 0.00000 -88.31946 -0.13022 -0.99148 0.00000 2.19133 -0.00000 -0.00000 -1.00000 0.00000
1634917036391799 0.98660 -0.16313 0.00000 -90.38927 -0.16313 -0.98660 0.00000 5.15127 -0.00000 -0.00000 -1.00000 0.00000
1634917036642096 0.97899 -0.20392 0.00000 -92.35693 -0.20392 -0.97899 0.00000 8.90241 -0.00000 -0.00000 -1.00000 0.00000
1634917036892297 0.96648 -0.25675 0.00000 -93.91949 -0.25675 -0.96648 0.00000 13.89476 -0.00000 -0.00000 -1.00000 0.00000
1634917037142271 0.95077 -0.30989 0.00000 -95.17414 -0.30989 -0.95077 0.00000 19.06149 -0.00000 -0.00000 -1.00000 0.00000
1634917037392455 0.93217 -0.36203 0.00000 -96.06076 -0.36203 -0.93217 0.00000 24.25073 -0.00000 -0.00000 -1.00000 0.00000
1634917037642349 0.90978 -0.41510 0.00000 -96.65993 -0.41510 -0.90978 0.00000 29.76410 -0.00000 -0.00000 -1.00000 0.00000
1634917037892669 0.88312 -0.46914 -0.00000 -96.85699 -0.46914 -0.88312 0.00000 35.57877 -0.00000 -0.00000 -1.00000 0.00000
1634917038142537 0.84940 -0.52776 0.00000 -96.32121 -0.52776 -0.84940 0.00000 42.01118 -0.00000 -0.00000 -1.00000 0.00000
1634917038392659 0.81160 -0.58421 0.00000 -95.38946 -0.58421 -0.81160 0.00000 48.49154 -0.00000 -0.00000 -1.00000 0.00000
1634917038643033 0.76740 -0.64116 0.00000 -93.84370 -0.64116 -0.76740 0.00000 55.34132 -0.00000 -0.00000 -1.00000 0.00000
1634917038893119 0.71348 -0.70067 0.00000 -91.16667 -0.70067 -0.71348 0.00000 62.67672 -0.00000 -0.00000 -1.00000 0.00000
1634917039143045 0.65357 -0.75686 -0.00000 -87.73148 -0.75686 -0.65357 0.00000 69.88420 -0.00000 -0.00000 -1.00000 0.00000
1634917039393261 0.59094 -0.80672 0.00000 -83.90992 -0.80672 -0.59094 0.00000 76.66346 -0.00000 -0.00000 -1.00000 0.00000
1634917039643304 0.52504 -0.85107 -0.00000 -79.56809 -0.85107 -0.52504 0.00000 83.06179 -0.00000 -0.00000 -1.00000 0.00000
1634917039892911 0.46160 -0.88709 -0.00000 -75.33534 -0.88709 -0.46160 0.00000 88.69123 -0.00000 -0.00000 -1.00000 0.00000
1634917040143295 0.40585 -0.91394 0.00000 -71.78303 -0.91394 -0.40585 0.00000 92.99395 -0.00000 -0.00000 -1.00000 0.00000
1634917040392848 0.37149 -0.92844 0.00000 -70.30572 -0.92844 -0.37149 0.00000 95.63394 -0.00000 -0.00000 -1.00000 0.00000
1634917040642992 0.35077 -0.93646 0.00000 -70.20262 -0.93646 -0.35077 0.00000 97.09077 -0.00000 -0.00000 -1.00000 0.00000
1634917040892915 0.33794 -0.94117 0.00000 -70.95250 -0.94117 -0.33794 0.00000 98.15878 -0.00000 -0.00000 -1.00000 0.00000
1634917041142971 0.32825 -0.94459 0.00000 -72.07164 -0.94459 -0.32825 0.00000 98.91495 -0.00000 -0.00000 -1.00000 0.00000
1634917041393063 0.32490 -0.94575 0.00000 -73.75807 -0.94575 -0.32490 0.00000 99.16674 -0.00000 -0.00000 -1.00000 0.00000
1634917041643208 0.32351 -0.94622 -0.00000 -75.64095 -0.94622 -0.32351 0.00000 99.15947 -0.00000 -0.00000 -1.00000 0.00000
1634917041893115 0.32650 -0.94520 0.00000 -77.93005 -0.94520 -0.32650 0.00000 98.86563 -0.00000 -0.00000 -1.00000 0.00000
1634917042143414 0.33249 -0.94311 0.00000 -80.48306 -0.94311 -0.33249 0.00000 98.26695 -0.00000 -0.00000 -1.00000 0.00000
1634917042393228 0.34240 -0.93955 0.00000 -83.32223 -0.93955 -0.34240 0.00000 97.32750 -0.00000 -0.00000 -1.00000 0.00000
1634917042643356 0.36048 -0.93277 0.00000 -86.95973 -0.93277 -0.36048 0.00000 95.72612 -0.00000 -0.00000 -1.00000 0.00000
1634917042893740 0.38143 -0.92440 0.00000 -90.82590 -0.92440 -0.38143 0.00000 93.72446 -0.00000 -0.00000 -1.00000 0.00000
1634917043143553 0.39917 -0.91688 -0.00000 -94.20885 -0.91688 -0.39917 0.00000 91.93573 -0.00000 -0.00000 -1.00000 0.00000
1634917043393915 0.41625 -0.90925 -0.00000 -97.38151 -0.90925 -0.41625 0.00000 90.18029 -0.00000 -0.00000 -1.00000 0.00000
1634917043643968 0.43085 -0.90242 0.00000 -100.05513 -0.90242 -0.43085 0.00000 88.59563 -0.00000 -0.00000 -1.00000 0.00000
1634917043894073 0.44353 -0.89626 0.00000 -102.40537 -0.89626 -0.44353 0.00000 87.10522 -0.00000 -0.00000 -1.00000 0.00000
1634917044144493 0.45214 -0.89195 0.00000 -104.16199 -0.89195 -0.45214 0.00000 86.12176 -0.00000 -0.00000 -1.00000 0.00000
1634917044394891 0.45981 -0.88802 0.00000 -105.62321 -0.88802 -0.45981 0.00000 85.20935 -0.00000 -0.00000 -1.00000 0.00000
1634917044644845 0.46757 -0.88396 0.00000 -106.95275 -0.88396 -0.46757 0.00000 84.34972 -0.00000 -0.00000 -1.00000 0.00000
1634917044894845 0.47386 -0.88060 -0.00000 -107.99120 -0.88060 -0.47386 0.00000 83.54688 -0.00000 -0.00000 -1.00000 0.00000
1634917045144942 0.47794 -0.87839 0.00000 -108.69993 -0.87839 -0.47794 0.00000 83.00392 -0.00000 -0.00000 -1.00000 0.00000
1634917045394581 0.48054 -0.87697 0.00000 -109.28918 -0.87697 -0.48054 0.00000 82.64711 -0.00000 -0.00000 -1.00000 0.00000
1634917045644654 0.48476 -0.87465 -0.00000 -110.14171 -0.87465 -0.48476 0.00000 82.24457 -0.00000 -0.00000 -1.00000 0.00000
1634917045894907 0.48718 -0.87330 0.00000 -110.78121 -0.87330 -0.48718 0.00000 81.90005 -0.00000 -0.00000 -1.00000 0.00000
1634917046144665 0.49313 -0.86996 0.00000 -111.84155 -0.86996 -0.49313 0.00000 81.10610 -0.00000 -0.00000 -1.00000 0.00000
1634917046394823 0.49741 -0.86751 0.00000 -112.74348 -0.86751 -0.49741 0.00000 80.53914 -0.00000 -0.00000 -1.00000 0.00000
1634917046644479 0.50492 -0.86317 0.00000 -114.15479 -0.86317 -0.50492 0.00000 79.55029 -0.00000 -0.00000 -1.00000 0.00000
1634917046894248 0.51574 -0.85675 0.00000 -115.93767 -0.85675 -0.51574 0.00000 78.10223 -0.00000 -0.00000 -1.00000 0.00000
1634917047144568 0.53132 -0.84717 0.00000 -118.37306 -0.84717 -0.53132 0.00000 76.00649 -0.00000 -0.00000 -1.00000 0.00000
1634917047394202 0.54605 -0.83776 -0.00000 -120.74746 -0.83776 -0.54605 0.00000 73.87429 -0.00000 -0.00000 -1.00000 0.00000
1634917047643930 0.56199 -0.82715 0.00000 -123.31547 -0.82715 -0.56199 0.00000 71.53385 -0.00000 -0.00000 -1.00000 0.00000
1634917047893981 0.57949 -0.81498 0.00000 -126.05027 -0.81498 -0.57949 0.00000 68.83389 -0.00000 -0.00000 -1.00000 0.00000
1634917048143995 0.59543 -0.80341 0.00000 -128.70833 -0.80341 -0.59543 0.00000 66.32936 -0.00000 -0.00000 -1.00000 0.00000
1634917048394108 0.60987 -0.79250 0.00000 -131.33037 -0.79250 -0.60987 0.00000 64.02382 -0.00000 -0.00000 -1.00000 0.00000
1634917048644217 0.61534 -0.78826 0.00000 -133.12595 -0.78826 -0.61534 0.00000 63.06659 -0.00000 -0.00000 -1.00000 0.00000
1634917048893995 0.62156 -0.78336 0.00000 -134.91276 -0.78336 -0.62156 0.00000 61.99981 -0.00000 -0.00000 -1.00000 0.00000
1634917049143982 0.62510 -0.78055 0.00000 -136.56936 -0.78055 -0.62510 0.00000 61.38209 -0.00000 -0.00000 -1.00000 0.00000
1634917049394244 0.62986 -0.77671 0.00000 -138.36047 -0.77671 -0.62986 0.00000 60.50342 -0.00000 -0.00000 -1.00000 0.00000
1634917049644304 0.62963 -0.77689 0.00000 -139.76258 -0.77689 -0.62963 0.00000 60.46138 -0.00000 -0.00000 -1.00000 0.00000
1634917049894556 0.63112 -0.77569 0.00000 -141.29773 -0.77569 -0.63112 0.00000 60.18120 -0.00000 -0.00000 -1.00000 0.00000
1634917050144771 0.63472 -0.77274 0.00000 -143.06722 -0.77274 -0.63472 0.00000 59.52216 -0.00000 -0.00000 -1.00000 0.00000
1634917050394630 0.63701 -0.77086 0.00000 -144.70913 -0.77086 -0.63701 0.00000 59.05590 -0.00000 -0.00000 -1.00000 0.00000
1634917050644784 0.64328 -0.76563 0.00000 -146.64755 -0.76563 -0.64328 0.00000 57.94796 -0.00000 -0.00000 -1.00000 0.00000
1634917050894855 0.65438 -0.75616 0.00000 -148.88355 -0.75616 -0.65438 0.00000 55.75887 -0.00000 -0.00000 -1.00000 0.00000
1634917051144716 0.67314 -0.73952 0.00000 -151.54110 -0.73952 -0.67314 0.00000 52.02549 -0.00000 -0.00000 -1.00000 0.00000
1634917051394826 0.69460 -0.71940 0.00000 -154.26078 -0.71940 -0.69460 0.00000 47.48620 -0.00000 -0.00000 -1.00000 0.00000
1634917051644514 0.73006 -0.68339 -0.00000 -157.58010 -0.68339 -0.73006 0.00000 39.63364 -0.00000 -0.00000 -1.00000 0.00000
1634917051894493 0.78080 -0.62478 0.00000 -161.31739 -0.62478 -0.78080 0.00000 27.29795 -0.00000 -0.00000 -1.00000 0.00000
1634917052144655 0.83690 -0.54735 0.00000 -164.36426 -0.54735 -0.83690 0.00000 11.68774 -0.00000 -0.00000 -1.00000 0.00000
1634917052394812 0.89175 -0.45252 0.00000 -165.73261 -0.45252 -0.89175 0.00000 -6.39788 -0.00000 -0.00000 -1.00000 -0.00000
1634917052644630 0.94054 -0.33970 0.00000 -164.79613 -0.33970 -0.94054 0.00000 -26.58734 -0.00000 -0.00000 -1.00000 -0.00000
1634917052894656 0.97899 -0.20392 0.00000 -160.40408 -0.20392 -0.97899 0.00000 -49.58436 -0.00000 -0.00000 -1.00000 -0.00000
1634917053144737 0.99826 -0.05891 0.00000 -152.49049 -0.05891 -0.99826 0.00000 -72.42250 -0.00000 -0.00000 -1.00000 -0.00000
1634917053394707 0.99433 0.10630 0.00000 -139.53445 0.10630 -0.99433 0.00000 -96.49079 0.00000 -0.00000 -1.00000 -0.00000
1634917053644869 0.96303 0.26939 0.00000 -122.54852 0.26939 -0.96303 0.00000 -118.27341 0.00000 -0.00000 -1.00000 -0.00000
1634917053894598 0.90415 0.42721 0.00000 -101.91903 0.42721 -0.90415 0.00000 -137.12564 0.00000 -0.00000 -1.00000 -0.00000
1634917054145116 0.81905 0.57372 0.00000 -78.20316 0.57372 -0.81905 0.00000 -152.32891 0.00000 -0.00000 -1.00000 -0.00000
1634917054395051 0.70756 0.70665 0.00000 -51.65662 0.70665 -0.70756 0.00000 -163.54397 0.00000 -0.00000 -1.00000 -0.00000
1634917054645309 0.57928 0.81513 0.00000 -24.46912 0.81513 -0.57928 0.00000 -169.81419 0.00000 -0.00000 -1.00000 -0.00000
1634917054895262 0.43426 0.90079 0.00000 3.53318 0.90079 -0.43426 0.00000 -171.53653 0.00000 -0.00000 -1.00000 -0.00000
1634917055145889 0.27941 0.96017 0.00000 30.94232 0.96017 -0.27941 0.00000 -168.59073 0.00000 -0.00000 -1.00000 -0.00000
1634917055395829 0.11406 0.99347 -0.00000 57.88336 0.99347 -0.11406 0.00000 -160.92024 0.00000 -0.00000 -1.00000 -0.00000
1634917055645831 -0.05269 0.99861 0.00000 82.93428 0.99861 0.05269 0.00000 -149.08098 0.00000 0.00000 -1.00000 -0.00000
1634917055895843 -0.21440 0.97675 0.00000 105.10406 0.97675 0.21440 0.00000 -133.55863 0.00000 0.00000 -1.00000 -0.00000
1634917056145957 -0.36560 0.93077 0.00000 123.71571 0.93077 0.36560 0.00000 -115.31263 0.00000 0.00000 -1.00000 -0.00000
1634917056395908 -0.50307 0.86424 0.00000 138.65534 0.86424 0.50307 0.00000 -95.12379 0.00000 0.00000 -1.00000 -0.00000
1634917056645983 -0.62079 0.78398 0.00000 149.61303 0.78398 0.62079 0.00000 -74.53410 0.00000 0.00000 -1.00000 -0.00000
1634917056895929 -0.71215 0.70203 0.00000 156.29270 0.70203 0.71215 0.00000 -55.58313 0.00000 0.00000 -1.00000 -0.00000
1634917057146015 -0.77361 0.63366 -0.00000 159.41334 0.63366 0.77361 0.00000 -41.07609 0.00000 0.00000 -1.00000 -0.00000
1634917057395567 -0.82463 0.56568 0.00000 160.96384 0.56568 0.82463 0.00000 -27.28377 0.00000 0.00000 -1.00000 -0.00000
1634917057645612 -0.86641 0.49933 0.00000 161.20709 0.49933 0.86641 0.00000 -14.62216 0.00000 0.00000 -1.00000 -0.00000
1634917057895570 -0.90064 0.43456 0.00000 160.38311 0.43456 0.90064 0.00000 -2.83147 0.00000 0.00000 -1.00000 -0.00000
1634917058145813 -0.92346 0.38369 0.00000 158.77825 0.38369 0.92346 0.00000 6.12786 0.00000 0.00000 -1.00000 0.00000
1634917058395903 -0.93678 0.34991 -0.00000 156.90846 0.34991 0.93678 0.00000 11.84495 0.00000 0.00000 -1.00000 0.00000
1634917058645546 -0.94651 0.32267 -0.00000 154.92334 0.32267 0.94651 0.00000 16.41563 0.00000 0.00000 -1.00000 0.00000
1634917058895800 -0.94900 0.31527 -0.00000 153.16948 0.31527 0.94900 0.00000 17.56154 0.00000 0.00000 -1.00000 0.00000
1634917059146003 -0.94645 0.32286 -0.00000 151.60388 0.32286 0.94645 0.00000 16.34184 0.00000 0.00000 -1.00000 0.00000
1634917059396008 -0.93196 0.36256 0.00000 150.54029 0.36256 0.93196 0.00000 9.91350 0.00000 0.00000 -1.00000 0.00000
1634917059646162 -0.91082 0.41281 -0.00000 149.18965 0.41281 0.91082 0.00000 1.75543 0.00000 0.00000 -1.00000 0.00000
1634917059896388 -0.87884 0.47711 0.00000 147.22204 0.47711 0.87884 0.00000 -9.04048 0.00000 0.00000 -1.00000 -0.00000
1634917060146416 -0.84247 0.53875 0.00000 144.48117 0.53875 0.84247 0.00000 -19.47900 0.00000 0.00000 -1.00000 -0.00000
1634917060396656 -0.79778 0.60294 0.00000 140.75515 0.60294 0.79778 0.00000 -30.75806 0.00000 0.00000 -1.00000 -0.00000
1634917060646574 -0.74959 0.66191 0.00000 136.22364 0.66191 0.74959 0.00000 -41.39379 0.00000 0.00000 -1.00000 -0.00000
1634917060896667 -0.69711 0.71696 -0.00000 130.84580 0.71696 0.69711 0.00000 -51.60035 0.00000 0.00000 -1.00000 -0.00000
1634917061147094 -0.64158 0.76706 0.00000 124.76416 0.76706 0.64158 0.00000 -61.23503 0.00000 0.00000 -1.00000 -0.00000
1634917061396619 -0.58693 0.80964 -0.00000 118.34914 0.80964 0.58693 0.00000 -69.75659 0.00000 0.00000 -1.00000 -0.00000
1634917061646928 -0.53106 0.84734 0.00000 111.43147 0.84734 0.53106 0.00000 -77.57170 0.00000 0.00000 -1.00000 -0.00000
1634917061897205 -0.47445 0.88028 0.00000 104.15990 0.88028 0.47445 0.00000 -84.64861 0.00000 0.00000 -1.00000 -0.00000
1634917062146847 -0.43049 0.90260 0.00000 97.86731 0.90260 0.43049 0.00000 -89.66229 0.00000 0.00000 -1.00000 -0.00000
1634917062396785 -0.38810 0.92162 0.00000 91.53290 0.92162 0.38810 0.00000 -94.16399 0.00000 0.00000 -1.00000 -0.00000
1634917062647017 -0.36097 0.93258 -0.00000 86.75005 0.93258 0.36097 0.00000 -96.85949 0.00000 0.00000 -1.00000 -0.00000
1634917062896533 -0.34174 0.93979 0.00000 82.60239 0.93979 0.34174 0.00000 -98.69571 0.00000 0.00000 -1.00000 -0.00000
1634917063146773 -0.32372 0.94615 0.00000 78.60422 0.94615 0.32372 0.00000 -100.32467 0.00000 0.00000 -1.00000 -0.00000
1634917063396576 -0.31150 0.95025 -0.00000 75.14548 0.95025 0.31150 0.00000 -101.28880 0.00000 0.00000 -1.00000 -0.00000
1634917063646550 -0.30437 0.95256 0.00000 72.19101 0.95256 0.30437 0.00000 -101.84546 0.00000 0.00000 -1.00000 -0.00000
1634917063896578 -0.30601 0.95203 0.00000 70.19951 0.95203 0.30601 0.00000 -101.77680 0.00000 0.00000 -1.00000 -0.00000
1634917064146553 -0.31308 0.94973 0.00000 68.84775 0.94973 0.31308 0.00000 -101.34691 0.00000 0.00000 -1.00000 -0.00000
1634917064396256 -0.32280 0.94647 -0.00000 67.68991 0.94647 0.32280 0.00000 -100.65504 0.00000 0.00000 -1.00000 -0.00000
1634917064646411 -0.34592 0.93826 0.00000 68.00700 0.93826 0.34592 0.00000 -99.05639 0.00000 0.00000 -1.00000 -0.00000
1634917064896559 -0.37654 0.92640 -0.00000 69.07144 0.92640 0.37654 0.00000 -96.82550 0.00000 0.00000 -1.00000 -0.00000
1634917065146198 -0.41770 0.90858 0.00000 71.23825 0.90858 0.41770 0.00000 -93.73266 0.00000 0.00000 -1.00000 -0.00000
1634917065396140 -0.47214 0.88152 -0.00000 74.75678 0.88152 0.47214 0.00000 -89.31208 0.00000 0.00000 -1.00000 -0.00000
1634917065646482 -0.52478 0.85124 -0.00000 77.98519 0.85124 0.52478 0.00000 -84.67955 0.00000 0.00000 -1.00000 -0.00000
1634917065896231 -0.57887 0.81542 0.00000 81.26971 0.81542 0.57887 0.00000 -79.46333 0.00000 0.00000 -1.00000 -0.00000
1634917066146486 -0.63038 0.77629 0.00000 84.27280 0.77629 0.63038 0.00000 -74.20639 0.00000 0.00000 -1.00000 -0.00000
1634917066396636 -0.67939 0.73378 0.00000 86.90631 0.73378 0.67939 0.00000 -68.64119 0.00000 0.00000 -1.00000 -0.00000
1634917066646400 -0.73154 0.68180 0.00000 89.79653 0.68180 0.73154 0.00000 -62.10250 0.00000 0.00000 -1.00000 -0.00000
1634917066896529 -0.77974 0.62610 0.00000 92.12894 0.62610 0.77974 0.00000 -55.36513 0.00000 0.00000 -1.00000 -0.00000
1634917067146632 -0.82264 0.56857 0.00000 93.87845 0.56857 0.82264 0.00000 -48.65380 0.00000 0.00000 -1.00000 -0.00000
1634917067396521 -0.86085 0.50886 -0.00000 95.11182 0.50886 0.86085 0.00000 -41.90986 0.00000 0.00000 -1.00000 -0.00000
1634917067646908 -0.89251 0.45102 0.00000 95.62688 0.45102 0.89251 0.00000 -35.59649 0.00000 0.00000 -1.00000 -0.00000
1634917067896492 -0.91867 0.39503 0.00000 95.63755 0.39503 0.91867 0.00000 -29.68019 0.00000 0.00000 -1.00000 -0.00000
1634917068146513 -0.94282 0.33331 0.00000 95.32475 0.33331 0.94282 0.00000 -23.34405 0.00000 0.00000 -1.00000 -0.00000
1634917068396541 -0.96057 0.27803 0.00000 94.40856 0.27803 0.96057 0.00000 -17.83163 0.00000 0.00000 -1.00000 -0.00000
1634917068646351 -0.97431 0.22521 0.00000 93.25045 0.22521 0.97431 0.00000 -12.67380 0.00000 0.00000 -1.00000 -0.00000
1634917068896658 -0.98340 0.18146 0.00000 91.59390 0.18146 0.98340 0.00000 -8.51010 0.00000 0.00000 -1.00000 -0.00000
1634917069146773 -0.98969 0.14320 -0.00000 89.75986 0.14320 0.98969 0.00000 -4.96748 0.00000 0.00000 -1.00000 -0.00000
1634917069396794 -0.99428 0.10681 -0.00000 87.82393 0.10681 0.99428 0.00000 -1.69165 0.00000 0.00000 -1.00000 -0.00000
1634917069647273 -0.99656 0.08291 0.00000 85.77256 0.08291 0.99656 0.00000 0.37345 0.00000 0.00000 -1.00000 0.00000
1634917069897213 -0.99828 0.05866 0.00000 83.65479 0.05866 0.99828 0.00000 2.48231 0.00000 0.00000 -1.00000 0.00000
1634917070147072 -0.99936 0.03569 0.00000 81.44750 0.03569 0.99936 0.00000 4.33294 0.00000 0.00000 -1.00000 0.00000
1634917070397181 -0.99990 0.01380 0.00000 79.16389 0.01380 0.99990 0.00000 6.04588 0.00000 0.00000 -1.00000 0.00000
1634917070647290 -0.99998 -0.00634 0.00000 76.81770 -0.00634 0.99998 0.00000 7.63494 -0.00000 0.00000 -1.00000 0.00000
1634917070897377 -0.99975 -0.02243 -0.00000 74.56367 -0.02243 0.99975 0.00000 8.77732 -0.00000 0.00000 -1.00000 0.00000
1634917071147593 -0.99929 -0.03779 -0.00000 72.21461 -0.03779 0.99929 0.00000 9.86932 -0.00000 0.00000 -1.00000 0.00000
1634917071397494 -0.99903 -0.04396 -0.00000 70.00940 -0.04396 0.99903 0.00000 10.31839 -0.00000 0.00000 -1.00000 0.00000
1634917071647730 -0.99914 -0.04153 0.00000 67.94883 -0.04153 0.99914 0.00000 10.17645 -0.00000 0.00000 -1.00000 0.00000
1634917071897444 -0.99948 -0.03238 0.00000 65.87396 -0.03238 0.99948 0.00000 9.47904 -0.00000 0.00000 -1.00000 0.00000
1634917072147701 -0.99968 -0.02529 0.00000 63.72044 -0.02529 0.99968 0.00000 8.94395 -0.00000 0.00000 -1.00000 0.00000
1634917072397622 -0.99982 -0.01903 0.00000 61.61397 -0.01903 0.99982 0.00000 8.51492 -0.00000 0.00000 -1.00000 0.00000
1634917072647432 -0.99993 -0.01183 0.00000 59.47107 -0.01183 0.99993 0.00000 7.99310 -0.00000 0.00000 -1.00000 0.00000
1634917072897608 -1.00000 -0.00118 0.00000 57.30405 -0.00118 1.00000 0.00000 7.41506 -0.00000 0.00000 -1.00000 0.00000
1634917073147902 -0.99998 0.00649 -0.00000 55.15667 0.00649 0.99998 0.00000 7.01853 0.00000 0.00000 -1.00000 0.00000
1634917073397861 -0.99984 0.01791 0.00000 53.00101 0.01791 0.99984 0.00000 6.27278 0.00000 0.00000 -1.00000 0.00000
1634917073647706 -0.99982 0.01912 0.00000 50.84825 0.01912 0.99982 0.00000 6.12961 0.00000 0.00000 -1.00000 0.00000
1634917073897927 -0.99989 0.01449 0.00000 48.58489 0.01449 0.99989 0.00000 6.36667 0.00000 0.00000 -1.00000 0.00000
1634917074147973 -0.99977 0.02130 0.00000 46.44321 0.02130 0.99977 0.00000 6.10299 0.00000 0.00000 -1.00000 0.00000
1634917074398261 -0.99908 0.04279 0.00000 44.40236 0.04279 0.99908 0.00000 5.12376 0.00000 0.00000 -1.00000 0.00000
1634917074648235 -0.99776 0.06696 0.00000 42.39071 0.06696 0.99776 0.00000 4.01261 0.00000 0.00000 -1.00000 0.00000
1634917074898209 -0.99664 0.08188 0.00000 40.19723 0.08188 0.99664 0.00000 3.25082 0.00000 0.00000 -1.00000 0.00000
1634917075148046 -0.99540 0.09578 -0.00000 38.17365 0.09578 0.99540 0.00000 2.70508 0.00000 0.00000 -1.00000 0.00000
1634917075397902 -0.99452 0.10455 0.00000 36.09389 0.10455 0.99452 0.00000 2.35620 0.00000 0.00000 -1.00000 0.00000
1634917075648181 -0.99370 0.11207 0.00000 33.90123 0.11207 0.99370 0.00000 1.98159 0.00000 0.00000 -1.00000 0.00000
1634917075897978 -0.99331 0.11546 0.00000 31.84330 0.11546 0.99331 0.00000 1.82687 0.00000 0.00000 -1.00000 0.00000
1634917076148087 -0.99327 0.11579 0.00000 29.71727 0.11579 0.99327 0.00000 1.81514 0.00000 0.00000 -1.00000 0.00000
1634917076398169 -0.99341 0.11464 0.00000 27.63532 0.11464 0.99341 0.00000 1.78035 0.00000 0.00000 -1.00000 0.00000
1634917076648284 -0.99341 0.11463 0.00000 25.46261 0.11463 0.99341 0.00000 1.73026 0.00000 0.00000 -1.00000 0.00000
1634917076898494 -0.99322 0.11625 0.00000 23.36906 0.11625 0.99322 0.00000 1.70912 0.00000 0.00000 -1.00000 0.00000
1634917077148406 -0.99306 0.11762 0.00000 21.22857 0.11762 0.99306 0.00000 1.68115 0.00000 0.00000 -1.00000 0.00000
1634917077398765 -0.99277 0.11999 -0.00000 19.19640 0.11999 0.99277 0.00000 1.60534 0.00000 0.00000 -1.00000 0.00000
1634917077648710 -0.99229 0.12393 0.00000 17.03796 0.12393 0.99229 0.00000 1.47249 0.00000 0.00000 -1.00000 0.00000
1634917077899327 -0.99213 0.12518 0.00000 15.07312 0.12518 0.99213 0.00000 1.42973 0.00000 0.00000 -1.00000 0.00000
1634917078149266 -0.99221 0.12460 -0.00000 13.04424 0.12460 0.99221 0.00000 1.44431 0.00000 0.00000 -1.00000 0.00000
1634917078399827 -0.99145 0.13049 0.00000 11.15990 0.13049 0.99145 0.00000 1.35585 0.00000 0.00000 -1.00000 0.00000
1634917078649787 -0.99104 0.13360 0.00000 9.22140 0.13360 0.99104 0.00000 1.30770 0.00000 0.00000 -1.00000 0.00000
1634917078900111 -0.99076 0.13561 0.00000 7.30935 0.13561 0.99076 0.00000 1.26700 0.00000 0.00000 -1.00000 0.00000
1634917079149981 -0.99079 0.13541 0.00000 5.48126 0.13541 0.99079 0.00000 1.26133 0.00000 0.00000 -1.00000 0.00000
1634917079399776 -0.98996 0.14136 0.00000 3.61027 0.14136 0.98996 0.00000 1.19451 0.00000 0.00000 -1.00000 0.00000
1634917079650295 -0.98933 0.14571 0.00000 1.84826 0.14571 0.98933 0.00000 1.11169 0.00000 0.00000 -1.00000 0.00000
1634917079900075 -0.98822 0.15303 0.00000 0.16740 0.15303 0.98822 0.00000 1.11019 0.00000 0.00000 -1.00000 0.00000
1634917080150294 -0.98722 0.15937 0.00000 -1.40766 0.15937 0.98722 0.00000 1.06820 0.00000 0.00000 -1.00000 0.00000
1634917080400387 -0.98872 0.14979 0.00000 -2.95837 0.14979 0.98872 0.00000 1.01774 0.00000 0.00000 -1.00000 0.00000
1634917080650455 -0.99031 0.13886 0.00000 -4.41578 0.13886 0.99031 0.00000 0.99794 0.00000 0.00000 -1.00000 0.00000
1634917080900820 -0.99167 0.12883 0.00000 -5.70872 0.12883 0.99167 0.00000 0.92832 0.00000 0.00000 -1.00000 0.00000
1634917081150777 -0.99289 0.11904 0.00000 -6.81759 0.11904 0.99289 0.00000 0.72117 0.00000 0.00000 -1.00000 0.00000
1634917081401205 -0.99404 0.10906 0.00000 -7.79663 0.10906 0.99404 0.00000 0.65319 0.00000 0.00000 -1.00000 0.00000
1634917081651278 -0.99517 0.09821 -0.00000 -8.61925 0.09821 0.99517 0.00000 0.46781 0.00000 0.00000 -1.00000 0.00000
1634917081901845 -0.99582 0.09137 0.00000 -9.37176 0.09137 0.99582 0.00000 0.47884 0.00000 0.00000 -1.00000 0.00000
1634917082151989 -0.99632 0.08572 0.00000 -9.86261 0.08572 0.99632 0.00000 0.32805 0.00000 0.00000 -1.00000 0.00000
1634917082402261 -0.99691 0.07849 -0.00000 -10.30372 0.07849 0.99691 0.00000 0.25275 0.00000 0.00000 -1.00000 0.00000
1634917082652436 -0.99706 0.07660 0.00000 -10.65471 0.07660 0.99706 0.00000 0.23273 0.00000 0.00000 -1.00000 0.00000
1634917082901861 -0.99720 0.07478 0.00000 -11.04310 0.07478 0.99720 0.00000 0.24254 0.00000 0.00000 -1.00000 0.00000
1634917083152065 -0.99720 0.07477 0.00000 -11.42411 0.07477 0.99720 0.00000 0.25752 0.00000 0.00000 -1.00000 0.00000
1634917083402246 -0.99702 0.07709 0.00000 -11.87986 0.07709 0.99702 0.00000 0.34107 0.00000 0.00000 -1.00000 0.00000
1634917083652064 -0.99677 0.08031 0.00000 -12.27951 0.08031 0.99677 0.00000 0.35060 0.00000 0.00000 -1.00000 0.00000
1634917083901894 -0.99691 0.07860 0.00000 -12.82888 0.07860 0.99691 0.00000 0.28654 0.00000 0.00000 -1.00000 0.00000
1634917084152096 -0.99674 0.08062 0.00000 -13.52481 0.08062 0.99674 0.00000 0.28835 0.00000 0.00000 -1.00000 0.00000
1634917084402364 -0.99668 0.08146 0.00000 -14.23931 0.08146 0.99668 0.00000 0.30642 0.00000 0.00000 -1.00000 0.00000
1634917084652131 -0.99631 0.08579 0.00000 -15.10604 0.08579 0.99631 0.00000 0.33528 0.00000 0.00000 -1.00000 0.00000
1634917084901860 -0.99635 0.08540 0.00000 -16.03754 0.08540 0.99635 0.00000 0.33210 0.00000 0.00000 -1.00000 0.00000
1634917085151915 -0.99622 0.08686 0.00000 -17.10057 0.08686 0.99622 0.00000 0.29976 0.00000 0.00000 -1.00000 0.00000
1634917085402153 -0.99617 0.08739 0.00000 -18.22047 0.08739 0.99617 0.00000 0.28328 0.00000 0.00000 -1.00000 0.00000
1634917085652267 -0.99624 0.08669 0.00000 -19.56854 0.08669 0.99624 0.00000 0.26540 0.00000 0.00000 -1.00000 0.00000
1634917085902033 -0.99633 0.08564 0.00000 -20.77775 0.08564 0.99633 0.00000 0.20881 0.00000 0.00000 -1.00000 0.00000
1634917086151952 -0.99673 0.08080 0.00000 -22.26803 0.08080 0.99673 0.00000 0.09887 0.00000 0.00000 -1.00000 0.00000
1634917086402046 -0.99733 0.07299 0.00000 -23.71987 0.07299 0.99733 0.00000 -0.09723 0.00000 0.00000 -1.00000 -0.00000
1634917086651787 -0.99766 0.06832 0.00000 -25.30734 0.06832 0.99766 0.00000 -0.19764 0.00000 0.00000 -1.00000 -0.00000
1634917086901834 -0.99792 0.06447 0.00000 -27.04056 0.06447 0.99792 0.00000 -0.30990 0.00000 0.00000 -1.00000 -0.00000
1634917087151879 -0.99838 0.05688 0.00000 -28.67162 0.05688 0.99838 0.00000 -0.52910 0.00000 0.00000 -1.00000 -0.00000
1634917087402019 -0.99859 0.05305 0.00000 -30.57679 0.05305 0.99859 0.00000 -0.63682 0.00000 0.00000 -1.00000 -0.00000
1634917087651998 -0.99877 0.04948 0.00000 -32.40910 0.04948 0.99877 0.00000 -0.78168 0.00000 0.00000 -1.00000 -0.00000
1634917087902333 -0.99903 0.04409 0.00000 -34.27412 0.04409 0.99903 0.00000 -0.95301 0.00000 0.00000 -1.00000 -0.00000
1634917088152565 -0.99925 0.03860 0.00000 -36.32394 0.03860 0.99925 0.00000 -1.17013 0.00000 0.00000 -1.00000 -0.00000
1634917088402760 -0.99936 0.03575 0.00000 -38.30454 0.03575 0.99936 0.00000 -1.30023 0.00000 0.00000 -1.00000 -0.00000
1634917088652462 -0.99949 0.03197 0.00000 -40.42254 0.03197 0.99949 0.00000 -1.58090 0.00000 0.00000 -1.00000 -0.00000
1634917088902842 -0.99957 0.02925 0.00000 -42.53294 0.02925 0.99957 0.00000 -1.69910 0.00000 0.00000 -1.00000 -0.00000
1634917089152924 -0.99943 0.03380 0.00000 -44.64724 0.03380 0.99943 0.00000 -1.53841 0.00000 0.00000 -1.00000 -0.00000
1634917089403017 -0.99920 0.04007 0.00000 -46.79929 0.04007 0.99920 0.00000 -1.25527 0.00000 0.00000 -1.00000 -0.00000
1634917089652777 -0.99863 0.05230 -0.00000 -48.98498 0.05230 0.99863 0.00000 -0.74509 0.00000 0.00000 -1.00000 -0.00000
1634917089903201 -0.99776 0.06689 -0.00000 -51.04632 0.06689 0.99776 0.00000 -0.01257 0.00000 0.00000 -1.00000 -0.00000
1634917090153353 -0.99582 0.09129 0.00000 -53.01848 0.09129 0.99582 0.00000 1.24013 0.00000 0.00000 -1.00000 0.00000
1634917090403584 -0.99330 0.11553 0.00000 -54.82638 0.11553 0.99330 0.00000 2.51574 0.00000 0.00000 -1.00000 0.00000
1634917090654026 -0.98900 0.14792 0.00000 -56.44131 0.14792 0.98900 0.00000 4.27323 0.00000 0.00000 -1.00000 0.00000
1634917090904393 -0.98163 0.19078 0.00000 -57.78366 0.19078 0.98163 0.00000 6.68184 0.00000 0.00000 -1.00000 0.00000
1634917091154711 -0.97104 0.23892 0.00000 -58.89847 0.23892 0.97104 0.00000 9.55536 0.00000 0.00000 -1.00000 0.00000
1634917091404966 -0.95480 0.29723 0.00000 -59.57925 0.29723 0.95480 0.00000 13.01378 0.00000 0.00000 -1.00000 0.00000
1634917091655073 -0.92824 0.37199 0.00000 -59.62132 0.37199 0.92824 0.00000 17.74030 0.00000 0.00000 -1.00000 0.00000
1634917091905297 -0.89039 0.45521 0.00000 -59.00098 0.45521 0.89039 0.00000 23.05898 0.00000 0.00000 -1.00000 0.00000
1634917092155731 -0.84370 0.53681 0.00000 -57.79694 0.53681 0.84370 0.00000 28.47456 0.00000 0.00000 -1.00000 0.00000
1634917092405745 -0.77801 0.62825 0.00000 -55.44370 0.62825 0.77801 0.00000 34.81626 0.00000 0.00000 -1.00000 0.00000
1634917092656007 -0.69391 0.72006 -0.00000 -51.87098 0.72006 0.69391 0.00000 41.39910 0.00000 0.00000 -1.00000 0.00000
1634917092906008 -0.59108 0.80661 0.00000 -46.93670 0.80661 0.59108 0.00000 47.91295 0.00000 0.00000 -1.00000 0.00000
1634917093156436 -0.47391 0.88057 -0.00000 -40.97643 0.88057 0.47391 0.00000 53.93698 0.00000 0.00000 -1.00000 0.00000
1634917093406651 -0.35175 0.93609 0.00000 -34.46900 0.93609 0.35175 0.00000 58.98747 0.00000 0.00000 -1.00000 0.00000
1634917093656838 -0.23959 0.97087 -0.00000 -28.38445 0.97087 0.23959 0.00000 62.52534 0.00000 0.00000 -1.00000 0.00000
1634917093906699 -0.14321 0.98969 0.00000 -23.24722 0.98969 0.14321 0.00000 64.99170 0.00000 0.00000 -1.00000 0.00000
1634917094156577 -0.06954 0.99758 0.00000 -19.58903 0.99758 0.06954 0.00000 66.67917 0.00000 0.00000 -1.00000 0.00000
1634917094406532 -0.02192 0.99976 0.00000 -17.65445 0.99976 0.02192 0.00000 67.69928 0.00000 0.00000 -1.00000 0.00000
1634917094656507 -0.00190 1.00000 0.00000 -17.62485 1.00000 0.00190 0.00000 67.93046 0.00000 0.00000 -1.00000 0.00000
1634917094906235 0.00175 1.00000 0.00000 -18.87965 1.00000 -0.00175 0.00000 68.01320 0.00000 -0.00000 -1.00000 0.00000
1634917095156102 0.00833 0.99997 0.00000 -19.94170 0.99997 -0.00833 0.00000 67.97509 0.00000 -0.00000 -1.00000 0.00000
1634917095406131 0.01340 0.99991 0.00000 -21.15588 0.99991 -0.01340 0.00000 67.96471 0.00000 -0.00000 -1.00000 0.00000
1634917095656497 0.01913 0.99982 0.00000 -22.44004 0.99982 -0.01913 0.00000 68.15506 0.00000 -0.00000 -1.00000 0.00000
1634917095906177 0.02926 0.99957 0.00000 -23.49230 0.99957 -0.02926 0.00000 68.29058 0.00000 -0.00000 -1.00000 0.00000
1634917096156245 0.03927 0.99923 0.00000 -24.71659 0.99923 -0.03927 0.00000 68.51834 0.00000 -0.00000 -1.00000 0.00000
1634917096406415 0.04528 0.99897 0.00000 -26.20533 0.99897 -0.04528 0.00000 68.62050 0.00000 -0.00000 -1.00000 0.00000
1634917096656344 0.04747 0.99887 0.00000 -27.87186 0.99887 -0.04747 0.00000 68.64621 0.00000 -0.00000 -1.00000 0.00000
1634917096906405 0.05585 0.99844 0.00000 -29.24873 0.99844 -0.05585 0.00000 68.73234 0.00000 -0.00000 -1.00000 0.00000
