1. 0. 0. 0. 0. -1. -0. 0. 0. 0. -1. 0.
1. -0.001 -0. -0.005 -0.001 -1. -0. -0.004 0. 0. -1. 0.
1. 0.001 0. 0.005 0.001 -1. -0. -0.005 0. 0. -1. 0.
1. 0.001 0. 0.016 0.001 -1. -0. -0.010 0. 0. -1. 0.
1. -0. -0. 0.004 -0. -1. -0. -0.001 0. 0. -1. 0.
1. 0.000 0. 0.003 0.000 -1. -0. -0.010 0. 0. -1. 0.
1. -0. -0. 0.006 -0. -1. -0. -0.006 0. 0. -1. 0.
1. 0.000 0. 0.004 0.000 -1. -0. -0.004 0. 0. -1. 0.
1. -0.000 -0. 0.009 -0.000 -1. -0. -0.004 0. 0. -1. 0.
1. -0.001 -0. -0.004 -0.001 -1. -0. -0.006 0. 0. -1. 0.
1. 0.000 0. 0.003 0.000 -1. -0. -0.008 0. 0. -1. 0.
1. 0. 0. 0.002 0. -1. -0. -0.010 0. 0. -1. 0.
1. 0.000 0. 0.002 0.000 -1. -0. -0.001 0. 0. -1. 0.
1. -0. -0. 0.001 -0. -1. -0. -0.010 0. 0. -1. 0.
1. 0.000 0. 0.002 0.000 -1. -0. -0.004 0. 0. -1. 0.
1. -0. -0. 0.011 -0. -1. -0. -0.009 0. 0. -1. 0.
1. -0.001 -0. 0.007 -0.001 -1. -0. 0.000 0. 0. -1. 0.
1. -0.001 -0. 0.003 -0.001 -1. -0. -0.001 0. 0. -1. 0.
1. -0.001 -0. 0.010 -0.001 -1. -0. -0.005 0. 0. -1. 0.
1. -0.001 -0. 0.002 -0.001 -1. -0. -0.012 0. 0. -1. 0.
1. -0.001 -0. -0.004 -0.001 -1. -0. -0.007 0. 0. -1. 0.
1. -0.001 -0. 0.003 -0.001 -1. -0. 0.001 0. 0. -1. 0.
1. -0.000 -0. 0.011 -0.000 -1. -0. -0.001 0. 0. -1. 0.
1. -0.001 -0. 0.010 -0.001 -1. -0. 0.004 0. 0. -1. 0.
1. -0.001 -0. 0.002 -0.001 -1. -0. -0.008 0. 0. -1. 0.
1. -0.001 -0. 0.005 -0.001 -1. -0. -0.008 0. 0. -1. 0.
1. -0.001 -0. 0.009 -0.001 -1. -0. -0.009 0. 0. -1. 0.
1. -0.004 -0. 0.035 -0.004 -1. -0. -0.008 0. 0. -1. 0.
1. -0.007 -0. 0.045 -0.007 -1. -0. -0.025 0. 0. -1. 0.
1. -0.009 -0. 0.108 -0.009 -1. -0. -0.007 0. 0. -1. 0.
1. -0.014 -0. 0.169 -0.014 -1. -0. -0.006 0. 0. -1. 0.
1.000 -0.020 -0. 0.196 -0.020 -1.000 -0. -0.002 0. 0. -1. 0.
1.000 -0.025 -0. 0.252 -0.025 -1.000 -0. -0.044 0. 0. -1. 0.
0.999 -0.032 -0. 0.345 -0.032 -0.999 -0. -0.050 0. 0. -1. 0.
0.999 -0.042 -0. 0.443 -0.042 -0.999 -0. -0.080 0. 0. -1. 0.
0.999 -0.052 -0. 0.479 -0.052 -0.999 -0. -0.126 0. 0. -1. 0.
0.998 -0.061 -0. 0.631 -0.061 -0.998 -0. -0.106 0. 0. -1. 0.
0.997 -0.072 -0. 0.763 -0.072 -0.997 -0. -0.156 0. 0. -1. 0.
0.995 -0.095 -0. 1.022 -0.095 -0.995 -0. -0.176 0. 0. -1. 0.
0.993 -0.120 -0. 1.263 -0.120 -0.993 -0. -0.195 0. 0. -1. 0.
0.989 -0.150 -0. 1.626 -0.150 -0.989 -0. -0.243 0. 0. -1. 0.
0.984 -0.177 -0. 2.029 -0.177 -0.984 -0. -0.365 0. 0. -1. 0.
0.979 -0.204 -0. 2.478 -0.204 -0.979 -0. -0.493 0. 0. -1. 0.
0.974 -0.225 -0. 2.979 -0.225 -0.974 -0. -0.670 0. 0. -1. 0.
0.970 -0.243 -0. 3.660 -0.243 -0.970 -0. -0.878 0. 0. -1. 0.
0.966 -0.257 -0. 4.465 -0.257 -0.966 -0. -1.072 0. 0. -1. 0.
0.965 -0.263 -0. 5.295 -0.263 -0.965 -0. -1.301 0. 0. -1. 0.
0.963 -0.268 -0. 6.220 -0.268 -0.963 -0. -1.595 0. 0. -1. 0.
0.963 -0.271 -0. 7.220 -0.271 -0.963 -0. -1.898 0. 0. -1. 0.
0.964 -0.265 -0. 8.343 -0.265 -0.964 -0. -2.253 0. 0. -1. 0.
0.967 -0.254 -0. 9.567 -0.254 -0.967 -0. -2.603 0. 0. -1. 0.
0.970 -0.243 -0. 10.872 -0.243 -0.970 -0. -2.975 0. 0. -1. 0.
0.972 -0.234 -0. 12.145 -0.234 -0.972 -0. -3.282 0. 0. -1. 0.
0.975 -0.221 -0. 13.628 -0.221 -0.975 -0. -3.586 0. 0. -1. 0.
0.979 -0.206 -0. 15.069 -0.206 -0.979 -0. -3.898 0. 0. -1. 0.
0.982 -0.190 -0. 16.684 -0.190 -0.982 -0. -4.227 0. 0. -1. 0.
0.985 -0.174 -0. 18.330 -0.174 -0.985 -0. -4.520 0. 0. -1. 0.
0.988 -0.156 -0. 20.116 -0.156 -0.988 -0. -4.883 0. 0. -1. 0.
0.990 -0.139 -0. 22.034 -0.139 -0.990 -0. -5.117 0. 0. -1. 0.
0.993 -0.122 -0. 23.988 -0.122 -0.993 -0. -5.413 0. 0. -1. 0.
0.994 -0.108 -0. 26.103 -0.108 -0.994 -0. -5.672 0. 0. -1. 0.
0.996 -0.093 -0. 28.320 -0.093 -0.996 -0. -5.898 0. 0. -1. 0.
0.997 -0.081 -0. 30.566 -0.081 -0.997 -0. -6.323 0. 0. -1. 0.
0.998 -0.064 -0. 32.706 -0.064 -0.998 -0. -6.500 0. 0. -1. 0.
0.999 -0.045 -0. 34.821 -0.045 -0.999 -0. -6.569 0. 0. -1. 0.
1.000 -0.028 -0. 37.005 -0.028 -1.000 -0. -6.621 0. 0. -1. 0.
1.000 -0.022 -0. 39.141 -0.022 -1.000 -0. -6.799 0. 0. -1. 0.
1.000 -0.022 -0. 41.202 -0.022 -1.000 -0. -6.819 0. 0. -1. 0.
1.000 -0.026 -0. 43.362 -0.026 -1.000 -0. -6.955 0. 0. -1. 0.
1.000 -0.026 -0. 45.355 -0.026 -1.000 -0. -6.994 0. 0. -1. 0.
1.000 -0.025 -0. 47.388 -0.025 -1.000 -0. -7.008 0. 0. -1. 0.
1.000 -0.029 -0. 49.426 -0.029 -1.000 -0. -7.180 0. 0. -1. 0.
0.999 -0.036 -0. 51.465 -0.036 -0.999 -0. -7.280 0. 0. -1. 0.
0.999 -0.039 -0. 53.596 -0.039 -0.999 -0. -7.494 0. 0. -1. 0.
0.999 -0.036 -0. 55.732 -0.036 -0.999 -0. -7.556 0. 0. -1. 0.
1.000 -0.031 -0. 57.974 -0.031 -1.000 -0. -7.730 0. 0. -1. 0.
1.000 -0.021 -0. 60.211 -0.021 -1.000 -0. -7.814 0. 0. -1. 0.
1.000 -0.021 -0. 62.501 -0.021 -1.000 -0. -7.931 0. 0. -1. 0.
1.000 -0.022 -0. 64.826 -0.022 -1.000 -0. -8.044 0. 0. -1. 0.
1.000 -0.022 -0. 67.139 -0.022 -1.000 -0. -8.104 0. 0. -1. 0.
1.000 -0.028 -0. 69.489 -0.028 -1.000 -0. -8.169 0. 0. -1. 0.
0.999 -0.032 -0. 71.750 -0.032 -0.999 -0. -8.260 0. 0. -1. 0.
0.999 -0.039 -0. 74.096 -0.039 -0.999 -0. -8.399 0. 0. -1. 0.
0.999 -0.042 -0. 76.414 -0.042 -0.999 -0. -8.511 0. 0. -1. 0.
0.999 -0.049 -0. 78.781 -0.049 -0.999 -0. -8.653 0. 0. -1. 0.
0.999 -0.053 -0. 81.104 -0.053 -0.999 -0. -8.835 0. 0. -1. 0.
0.998 -0.068 -0. 83.374 -0.068 -0.998 -0. -8.960 0. 0. -1. 0.
0.995 -0.099 -0. 85.691 -0.099 -0.995 -0. -9.222 0. 0. -1. 0.
0.991 -0.133 -0. 87.926 -0.133 -0.991 -0. -9.548 0. 0. -1. 0.
0.986 -0.166 -0. 90.082 -0.166 -0.986 -0. -9.852 0. 0. -1. 0.
0.979 -0.206 -0. 92.291 -0.206 -0.979 -0. -10.305 0. 0. -1. 0.
0.966 -0.259 -0. 94.402 -0.259 -0.966 -0. -10.891 0. 0. -1. 0.
0.950 -0.313 -0. 96.471 -0.313 -0.950 -0. -11.586 0. 0. -1. 0.
0.931 -0.365 -0. 98.390 -0.365 -0.931 -0. -12.413 0. 0. -1. 0.
0.908 -0.419 -0. 100.350 -0.419 -0.908 -0. -13.295 0. 0. -1. 0.
0.881 -0.472 -0. 102.291 -0.472 -0.881 -0. -14.279 0. 0. -1. 0.
0.848 -0.531 -0. 104.033 -0.531 -0.848 -0. -15.418 0. 0. -1. 0.
0.810 -0.587 -0. 105.818 -0.587 -0.810 -0. -16.646 0. 0. -1. 0.
0.766 -0.643 -0. 107.524 -0.643 -0.766 -0. -18.004 0. 0. -1. 0.
0.711 -0.703 -0. 109.000 -0.703 -0.711 -0. -19.467 0. 0. -1. 0.
0.651 -0.759 -0. 110.257 -0.759 -0.651 -0. -21.045 0. 0. -1. 0.
0.589 -0.808 -0. 111.484 -0.808 -0.589 -0. -22.684 0. 0. -1. 0.
0.523 -0.852 -0. 112.527 -0.852 -0.523 -0. -24.418 0. 0. -1. 0.
0.456 -0.890 -0. 113.410 -0.890 -0.456 -0. -26.239 0. 0. -1. 0.
0.403 -0.915 -0. 114.121 -0.915 -0.403 -0. -28.185 0. 0. -1. 0.
0.369 -0.929 -0. 114.913 -0.929 -0.369 -0. -30.069 0. 0. -1. 0.
0.348 -0.938 -0. 115.557 -0.938 -0.348 -0. -32.016 0. 0. -1. 0.
0.334 -0.943 -0. 116.327 -0.943 -0.334 -0. -33.941 0. 0. -1. 0.
0.325 -0.946 -0. 117.047 -0.946 -0.325 -0. -35.937 0. 0. -1. 0.
0.321 -0.947 -0. 117.696 -0.947 -0.321 -0. -37.880 0. 0. -1. 0.
0.320 -0.948 -0. 118.247 -0.948 -0.320 -0. -39.822 0. 0. -1. 0.
0.323 -0.947 -0. 118.813 -0.947 -0.323 -0. -41.728 0. 0. -1. 0.
0.328 -0.945 -0. 119.354 -0.945 -0.328 -0. -43.587 0. 0. -1. 0.
0.338 -0.941 -0. 119.903 -0.941 -0.338 -0. -45.304 0. 0. -1. 0.
0.357 -0.934 -0. 120.566 -0.934 -0.357 -0. -46.948 0. 0. -1. 0.
0.377 -0.926 -0. 121.172 -0.926 -0.377 -0. -48.593 0. 0. -1. 0.
0.395 -0.919 -0. 121.789 -0.919 -0.395 -0. -50.054 0. 0. -1. 0.
0.412 -0.911 -0. 122.423 -0.911 -0.412 -0. -51.381 0. 0. -1. 0.
0.426 -0.905 -0. 122.957 -0.905 -0.426 -0. -52.508 0. 0. -1. 0.
0.439 -0.899 -0. 123.388 -0.899 -0.439 -0. -53.513 0. 0. -1. 0.
0.448 -0.894 -0. 123.790 -0.894 -0.448 -0. -54.349 0. 0. -1. 0.
0.455 -0.890 -0. 124.112 -0.890 -0.455 -0. -55.017 0. 0. -1. 0.
0.463 -0.886 -0. 124.429 -0.886 -0.463 -0. -55.513 0. 0. -1. 0.
0.470 -0.883 -0. 124.621 -0.883 -0.470 -0. -55.908 0. 0. -1. 0.
0.474 -0.881 -0. 124.741 -0.881 -0.474 -0. -56.201 0. 0. -1. 0.
0.476 -0.879 -0. 124.879 -0.879 -0.476 -0. -56.539 0. 0. -1. 0.
0.481 -0.877 -0. 125.196 -0.877 -0.481 -0. -56.868 0. 0. -1. 0.
0.484 -0.875 -0. 125.354 -0.875 -0.484 -0. -57.258 0. 0. -1. 0.
0.489 -0.872 -0. 125.551 -0.872 -0.489 -0. -57.711 0. 0. -1. 0.
0.493 -0.870 -0. 125.824 -0.870 -0.493 -0. -58.135 0. 0. -1. 0.
0.502 -0.865 -0. 126.162 -0.865 -0.502 -0. -58.784 0. 0. -1. 0.
0.513 -0.859 -0. 126.543 -0.859 -0.513 -0. -59.480 0. 0. -1. 0.
0.529 -0.849 -0. 127.118 -0.849 -0.529 -0. -60.314 0. 0. -1. 0.
0.544 -0.839 -0. 127.681 -0.839 -0.544 -0. -61.236 0. 0. -1. 0.
0.559 -0.829 -0. 128.314 -0.829 -0.559 -0. -62.225 0. 0. -1. 0.
0.577 -0.817 -0. 128.962 -0.817 -0.577 -0. -63.274 0. 0. -1. 0.
0.593 -0.805 -0. 129.772 -0.805 -0.593 -0. -64.329 0. 0. -1. 0.
0.607 -0.795 -0. 130.663 -0.795 -0.607 -0. -65.479 0. 0. -1. 0.
0.613 -0.790 -0. 131.445 -0.790 -0.613 -0. -66.596 0. 0. -1. 0.
0.619 -0.785 -0. 132.241 -0.785 -0.619 -0. -67.602 0. 0. -1. 0.
0.623 -0.783 -0. 133.103 -0.783 -0.623 -0. -68.699 0. 0. -1. 0.
0.627 -0.779 -0. 133.962 -0.779 -0.627 -0. -69.811 0. 0. -1. 0.
0.627 -0.779 -0. 134.785 -0.779 -0.627 -0. -70.981 0. 0. -1. 0.
0.629 -0.778 -0. 135.670 -0.778 -0.629 -0. -72.082 0. 0. -1. 0.
0.632 -0.775 -0. 136.635 -0.775 -0.632 -0. -73.224 0. 0. -1. 0.
0.635 -0.772 -0. 137.518 -0.772 -0.635 -0. -74.395 0. 0. -1. 0.
0.641 -0.767 -0. 138.509 -0.767 -0.641 -0. -75.464 0. 0. -1. 0.
0.652 -0.758 -0. 139.391 -0.758 -0.652 -0. -76.569 0. 0. -1. 0.
0.671 -0.742 -0. 140.262 -0.742 -0.671 -0. -77.537 0. 0. -1. 0.
0.692 -0.721 -0. 141.112 -0.721 -0.692 -0. -78.511 0. 0. -1. 0.
0.728 -0.685 -0. 141.890 -0.685 -0.728 -0. -79.227 0. 0. -1. 0.
0.779 -0.627 -0. 142.786 -0.627 -0.779 -0. -79.964 0. 0. -1. 0.
0.836 -0.549 -0. 143.709 -0.549 -0.836 -0. -80.666 0. 0. -1. 0.
0.891 -0.454 -0. 144.629 -0.454 -0.891 -0. -81.185 0. 0. -1. 0.
0.940 -0.341 -0. 145.679 -0.341 -0.940 -0. -81.495 0. 0. -1. 0.
0.979 -0.206 -0. 146.660 -0.206 -0.979 -0. -81.771 0. 0. -1. 0.
0.998 -0.060 -0. 147.693 -0.060 -0.998 -0. -81.788 0. 0. -1. 0.
0.995 0.104 0. 148.761 0.104 -0.995 -0. -81.640 0. 0. -1. 0.
0.963 0.268 0. 149.614 0.268 -0.963 -0. -81.415 0. 0. -1. 0.
0.905 0.425 0. 150.500 0.425 -0.905 -0. -80.951 0. 0. -1. 0.
0.820 0.572 0. 151.262 0.572 -0.820 -0. -80.436 0. 0. -1. 0.
0.709 0.705 0. 151.938 0.705 -0.709 -0. -79.744 0. 0. -1. 0.
0.582 0.813 0. 152.401 0.813 -0.582 -0. -78.962 0. 0. -1. 0.
0.437 0.900 0. 152.811 0.900 -0.437 -0. -78.205 0. 0. -1. 0.
0.282 0.959 0. 153.078 0.959 -0.282 -0. -77.355 0. 0. -1. 0.
0.118 0.993 0. 153.115 0.993 -0.118 -0. -76.391 0. 0. -1. 0.
-0.050 0.999 0. 153.108 0.999 0.050 0. -75.508 0. 0. -1. 0.
-0.211 0.978 0. 152.860 0.978 0.211 0. -74.565 0. 0. -1. 0.
-0.362 0.932 0. 152.429 0.932 0.362 0. -73.511 0. 0. -1. 0.
-0.498 0.867 0. 151.862 0.867 0.498 0. -72.478 0. 0. -1. 0.
-0.618 0.786 0. 151.207 0.786 0.618 0. -71.521 0. 0. -1. 0.
-0.708 0.706 0. 150.239 0.706 0.708 0. -70.613 0. 0. -1. 0.
-0.771 0.637 0. 149.254 0.637 0.771 0. -69.704 0. 0. -1. 0.
-0.820 0.572 0. 148.128 0.572 0.820 0. -69.005 0. 0. -1. 0.
-0.864 0.503 0. 146.873 0.503 0.864 0. -68.298 0. 0. -1. 0.
-0.898 0.439 0. 145.588 0.439 0.898 0. -67.575 0. 0. -1. 0.
-0.921 0.389 0. 144.209 0.389 0.921 0. -67.032 0. 0. -1. 0.
-0.935 0.355 0. 142.769 0.355 0.935 0. -66.437 0. 0. -1. 0.
-0.945 0.328 0. 141.253 0.328 0.945 0. -65.966 0. 0. -1. 0.
-0.947 0.321 0. 139.747 0.321 0.947 0. -65.368 0. 0. -1. 0.
-0.945 0.328 0. 138.121 0.328 0.945 0. -64.805 0. 0. -1. 0.
-0.929 0.369 0. 136.628 0.369 0.929 0. -64.206 0. 0. -1. 0.
-0.908 0.419 0. 135.110 0.419 0.908 0. -63.570 0. 0. -1. 0.
-0.876 0.483 0. 133.634 0.483 0.876 0. -62.657 0. 0. -1. 0.
-0.838 0.545 0. 132.175 0.545 0.838 0. -61.774 0. 0. -1. 0.
-0.793 0.609 0. 130.811 0.609 0.793 0. -60.685 0. 0. -1. 0.
-0.744 0.668 0. 129.478 0.668 0.744 0. -59.485 0. 0. -1. 0.
-0.691 0.723 0. 128.189 0.723 0.691 0. -58.164 0. 0. -1. 0.
-0.635 0.773 0. 127.030 0.773 0.635 0. -56.709 0. 0. -1. 0.
-0.580 0.815 0. 125.951 0.815 0.580 0. -55.180 0. 0. -1. 0.
-0.524 0.852 0. 124.920 0.852 0.524 0. -53.503 0. 0. -1. 0.
-0.467 0.884 0. 123.977 0.884 0.467 0. -51.812 0. 0. -1. 0.
-0.423 0.906 0. 123.107 0.906 0.423 0. -49.997 0. 0. -1. 0.
-0.381 0.924 0. 122.355 0.924 0.381 0. -48.055 0. 0. -1. 0.
-0.354 0.935 0. 121.705 0.935 0.354 0. -46.206 0. 0. -1. 0.
-0.334 0.943 0. 121.057 0.943 0.334 0. -44.152 0. 0. -1. 0.
-0.316 0.949 0. 120.424 0.949 0.316 0. -42.152 0. 0. -1. 0.
-0.303 0.953 0. 119.722 0.953 0.303 0. -40.117 0. 0. -1. 0.
-0.297 0.955 0. 119.092 0.955 0.297 0. -38.015 0. 0. -1. 0.
-0.298 0.954 0. 118.488 0.954 0.298 0. -35.936 0. 0. -1. 0.
-0.305 0.952 0. 117.938 0.952 0.305 0. -33.887 0. 0. -1. 0.
-0.314 0.950 0. 117.258 0.950 0.314 0. -31.820 0. 0. -1. 0.
-0.337 0.941 0. 116.598 0.941 0.337 0. -29.772 0. 0. -1. 0.
-0.367 0.930 0. 115.864 0.930 0.367 0. -27.742 0. 0. -1. 0.
-0.409 0.913 0. 115.114 0.913 0.409 0. -25.772 0. 0. -1. 0.
-0.464 0.886 0. 114.221 0.886 0.464 0. -23.925 0. 0. -1. 0.
-0.516 0.856 0. 113.209 0.856 0.516 0. -22.136 0. 0. -1. 0.
-0.571 0.821 0. 112.072 0.821 0.571 0. -20.457 0. 0. -1. 0.
-0.623 0.783 0. 110.970 0.783 0.623 0. -18.811 0. 0. -1. 0.
-0.673 0.740 0. 109.653 0.740 0.673 0. -17.294 0. 0. -1. 0.
-0.725 0.689 0. 108.253 0.689 0.725 0. -15.935 0. 0. -1. 0.
-0.775 0.632 0. 106.764 0.632 0.775 0. -14.614 0. 0. -1. 0.
-0.818 0.576 0. 105.164 0.576 0.818 0. -13.449 0. 0. -1. 0.
-0.856 0.517 0. 103.475 0.517 0.856 0. -12.395 0. 0. -1. 0.
-0.890 0.456 0. 101.741 0.456 0.890 0. -11.417 0. 0. -1. 0.
-0.916 0.400 0. 99.883 0.400 0.916 0. -10.549 0. 0. -1. 0.
-0.940 0.340 0. 97.961 0.340 0.940 0. -9.788 0. 0. -1. 0.
-0.959 0.285 0. 95.931 0.285 0.959 0. -9.105 0. 0. -1. 0.
-0.973 0.232 0. 94.017 0.232 0.973 0. -8.644 0. 0. -1. 0.
-0.982 0.189 0. 91.950 0.189 0.982 0. -8.199 0. 0. -1. 0.
-0.989 0.150 0. 89.870 0.150 0.989 0. -7.880 0. 0. -1. 0.
-0.993 0.114 0. 87.819 0.114 0.993 0. -7.616 0. 0. -1. 0.
-0.996 0.089 0. 85.775 0.089 0.996 0. -7.401 0. 0. -1. 0.
-0.998 0.066 0. 83.671 0.066 0.998 0. -7.272 0. 0. -1. 0.
-0.999 0.044 0. 81.564 0.044 0.999 0. -7.136 0. 0. -1. 0.
-1.000 0.022 0. 79.410 0.022 1.000 0. -7.015 0. 0. -1. 0.
-1. -0.000 -0. 77.195 -0.000 1. 0. -7.046 0. 0. -1. 0.
-1.000 -0.018 -0. 75.095 -0.018 1.000 0. -6.977 0. 0. -1. 0.
-0.999 -0.033 -0. 72.878 -0.033 0.999 0. -7.003 0. 0. -1. 0.
-0.999 -0.039 -0. 70.715 -0.039 0.999 0. -7.063 0. 0. -1. 0.
-0.999 -0.037 -0. 68.637 -0.037 0.999 0. -7.186 0. 0. -1. 0.
-1.000 -0.027 -0. 66.477 -0.027 1.000 0. -7.162 0. 0. -1. 0.
-1.000 -0.020 -0. 64.252 -0.020 1.000 0. -7.129 0. 0. -1. 0.
-1. -0.013 -0. 62.070 -0.013 1. 0. -7.123 0. 0. -1. 0.
-1. -0.006 -0. 59.873 -0.006 1. 0. -7.079 0. 0. -1. 0.
-1. 0.005 0. 57.641 0.005 1. 0. -7.126 0. 0. -1. 0.
-1. 0.012 0. 55.438 0.012 1. 0. -7.109 0. 0. -1. 0.
-1.000 0.023 0. 53.183 0.023 1.000 0. -6.975 0. 0. -1. 0.
-1.000 0.025 0. 51.032 0.025 1.000 0. -6.858 0. 0. -1. 0.
-1.000 0.021 0. 48.785 0.021 1.000 0. -6.793 0. 0. -1. 0.
-1.000 0.031 0. 46.635 0.031 1.000 0. -6.786 0. 0. -1. 0.
-0.999 0.052 0. 44.445 0.052 0.999 0. -6.669 0. 0. -1. 0.
-0.997 0.075 0. 42.330 0.075 0.997 0. -6.455 0. 0. -1. 0.
-0.996 0.091 0. 40.114 0.091 0.996 0. -6.138 0. 0. -1. 0.
-0.995 0.104 0. 38.048 0.104 0.995 0. -5.927 0. 0. -1. 0.
-0.994 0.113 0. 35.954 0.113 0.994 0. -5.686 0. 0. -1. 0.
-0.993 0.120 0. 33.732 0.120 0.993 0. -5.286 0. 0. -1. 0.
-0.992 0.124 0. 31.712 0.124 0.992 0. -5.034 0. 0. -1. 0.
-0.992 0.125 0. 29.607 0.125 0.992 0. -4.743 0. 0. -1. 0.
-0.992 0.124 0. 27.553 0.124 0.992 0. -4.407 0. 0. -1. 0.
-0.992 0.124 0. 25.371 0.124 0.992 0. -4.117 0. 0. -1. 0.
-0.992 0.125 0. 23.297 0.125 0.992 0. -3.878 0. 0. -1. 0.
-0.992 0.127 0. 21.171 0.127 0.992 0. -3.605 0. 0. -1. 0.
-0.992 0.129 0. 19.162 0.129 0.992 0. -3.310 0. 0. -1. 0.
-0.991 0.133 0. 17.012 0.133 0.991 0. -2.979 0. 0. -1. 0.
-0.991 0.134 0. 15.049 0.134 0.991 0. -2.693 0. 0. -1. 0.
-0.991 0.134 0. 13.043 0.134 0.991 0. -2.418 0. 0. -1. 0.
-0.990 0.140 0. 11.166 0.140 0.990 0. -2.129 0. 0. -1. 0.
-0.990 0.144 0. 9.233 0.144 0.990 0. -1.848 0. 0. -1. 0.
-0.989 0.145 0. 7.348 0.145 0.989 0. -1.546 0. 0. -1. 0.
-0.989 0.146 0. 5.537 0.146 0.989 0. -1.255 0. 0. -1. 0.
-0.988 0.151 0. 3.675 0.151 0.988 0. -0.943 0. 0. -1. 0.
-0.988 0.155 0. 1.948 0.155 0.988 0. -0.618 0. 0. -1. 0.
-0.987 0.163 0. 0.258 0.163 0.987 0. -0.334 0. 0. -1. 0.
-0.986 0.170 0. -1.303 0.170 0.986 0. -0.039 0. 0. -1. 0.
-0.987 0.161 0. -2.820 0.161 0.987 0. 0.246 0. 0. -1. 0.
-0.989 0.148 0. -4.233 0.148 0.989 0. 0.444 0. 0. -1. 0.
-0.990 0.141 0. -5.546 0.141 0.990 0. 0.719 0. 0. -1. 0.
-0.992 0.129 0. -6.579 0.129 0.992 0. 0.922 0. 0. -1. 0.
-0.993 0.119 0. -7.564 0.119 0.993 0. 1.052 0. 0. -1. 0.
-0.994 0.109 0. -8.375 0.109 0.994 0. 1.225 0. 0. -1. 0.
-0.995 0.103 0. -9.110 0.103 0.995 0. 1.219 0. 0. -1. 0.
-0.995 0.095 0. -9.572 0.095 0.995 0. 1.356 0. 0. -1. 0.
-0.996 0.090 0. -10.033 0.090 0.996 0. 1.415 0. 0. -1. 0.
-0.996 0.087 0. -10.368 0.087 0.996 0. 1.457 0. 0. -1. 0.
-0.996 0.086 0. -10.784 0.086 0.996 0. 1.446 0. 0. -1. 0.
-0.996 0.086 0. -11.168 0.086 0.996 0. 1.476 0. 0. -1. 0.
-0.996 0.089 0. -11.612 0.089 0.996 0. 1.451 0. 0. -1. 0.
-0.996 0.091 0. -12.043 0.091 0.996 0. 1.541 0. 0. -1. 0.
-0.996 0.089 0. -12.605 0.089 0.996 0. 1.632 0. 0. -1. 0.
-0.996 0.092 0. -13.271 0.092 0.996 0. 1.701 0. 0. -1. 0.
-0.996 0.092 0. -13.960 0.092 0.996 0. 1.772 0. 0. -1. 0.
-0.995 0.096 0. -14.832 0.096 0.995 0. 1.889 0. 0. -1. 0.
-0.995 0.096 0. -15.775 0.096 0.995 0. 1.973 0. 0. -1. 0.
-0.995 0.098 0. -16.818 0.098 0.995 0. 2.128 0. 0. -1. 0.
-0.995 0.098 0. -17.946 0.098 0.995 0. 2.270 0. 0. -1. 0.
-0.995 0.097 0. -19.320 0.097 0.995 0. 2.407 0. 0. -1. 0.
-0.995 0.096 0. -20.519 0.096 0.995 0. 2.567 0. 0. -1. 0.
-0.996 0.091 0. -22.009 0.091 0.996 0. 2.719 0. 0. -1. 0.
-0.997 0.083 0. -23.464 0.083 0.997 0. 2.873 0. 0. -1. 0.
-0.997 0.079 0. -25.037 0.079 0.997 0. 2.982 0. 0. -1. 0.
-0.997 0.075 0. -26.765 0.075 0.997 0. 3.138 0. 0. -1. 0.
-0.998 0.068 0. -28.370 0.068 0.998 0. 3.257 0. 0. -1. 0.
-0.998 0.064 0. -30.283 0.064 0.998 0. 3.384 0. 0. -1. 0.
-0.998 0.061 0. -32.136 0.061 0.998 0. 3.546 0. 0. -1. 0.
-0.998 0.056 0. -33.932 0.056 0.998 0. 3.630 0. 0. -1. 0.
-0.999 0.049 0. -36.015 0.049 0.999 0. 3.764 0. 0. -1. 0.
-0.999 0.046 0. -38.045 0.046 0.999 0. 3.886 0. 0. -1. 0.
-0.999 0.042 0. -40.144 0.042 0.999 0. 4.131 0. 0. -1. 0.
-0.999 0.040 0. -42.291 0.040 0.999 0. 4.212 0. 0. -1. 0.
-0.999 0.044 0. -44.385 0.044 0.999 0. 4.313 0. 0. -1. 0.
-0.999 0.051 0. -46.553 0.051 0.999 0. 4.440 0. 0. -1. 0.
-0.998 0.063 0. -48.693 0.063 0.998 0. 4.642 0. 0. -1. 0.
-0.997 0.078 0. -50.743 0.078 0.997 0. 4.777 0. 0. -1. 0.
-0.995 0.101 0. -52.721 0.101 0.995 0. 4.964 0. 0. -1. 0.
-0.992 0.127 0. -54.558 0.127 0.992 0. 5.214 0. 0. -1. 0.
-0.987 0.158 0. -56.268 0.158 0.987 0. 5.549 0. 0. -1. 0.
-0.980 0.201 0. -57.798 0.201 0.980 0. 5.862 0. 0. -1. 0.
-0.969 0.248 0. -59.260 0.248 0.969 0. 6.242 0. 0. -1. 0.
-0.952 0.307 0. -60.550 0.307 0.952 0. 6.748 0. 0. -1. 0.
-0.924 0.381 0. -61.723 0.381 0.924 0. 7.150 0. 0. -1. 0.
-0.886 0.463 0. -62.770 0.463 0.886 0. 7.807 0. 0. -1. 0.
-0.838 0.545 0. -63.783 0.545 0.838 0. 8.504 0. 0. -1. 0.
-0.773 0.635 0. -64.761 0.635 0.773 0. 9.265 0. 0. -1. 0.
-0.688 0.726 0. -65.561 0.726 0.688 0. 10.165 0. 0. -1. 0.
-0.583 0.812 0. -66.186 0.812 0.583 0. 11.072 0. 0. -1. 0.
-0.465 0.885 0. -66.701 0.885 0.465 0. 12.044 0. 0. -1. 0.
-0.343 0.939 0. -67.112 0.939 0.343 0. 13.060 0. 0. -1. 0.
-0.231 0.973 0. -67.240 0.973 0.231 0. 14.108 0. 0. -1. 0.
-0.132 0.991 0. -67.420 0.991 0.132 0. 15.212 0. 0. -1. 0.
-0.061 0.998 0. -67.612 0.998 0.061 0. 16.421 0. 0. -1. 0.
-0.016 1.000 0. -67.654 1.000 0.016 0. 17.686 0. 0. -1. 0.
-0.001 1. 0. -67.591 1. 0.001 0. 19.082 0. 0. -1. 0.
0.007 1. 0. -67.532 1. -0.007 -0. 20.572 0. 0. -1. 0.
0.014 1. 0. -67.451 1. -0.014 -0. 22.082 0. 0. -1. 0.
0.019 1.000 0. -67.367 1.000 -0.019 -0. 23.633 0. 0. -1. 0.
0.025 1.000 0. -67.394 1.000 -0.025 -0. 25.326 0. 0. -1. 0.
0.034 0.999 0. -67.234 0.999 -0.034 -0. 27.061 0. 0. -1. 0.
0.044 0.999 0. -67.159 0.999 -0.044 -0. 28.976 0. 0. -1. 0.
0.050 0.999 0. -67.019 0.999 -0.050 -0. 30.886 0. 0. -1. 0.
0.053 0.999 0. -66.898 0.999 -0.053 -0. 32.682 0. 0. -1. 0.
0.060 0.998 0. -66.639 0.998 -0.060 -0. 34.643 0. 0. -1. 0.
0.076 0.997 0. -66.483 0.997 -0.076 -0. 36.523 0. 0. -1. 0.
0.101 0.995 0. -66.326 0.995 -0.101 -0. 38.442 0. 0. -1. 0.
0.126 0.992 0. -66.087 0.992 -0.126 -0. 40.255 0. 0. -1. 0.
0.152 0.988 0. -65.709 0.988 -0.152 -0. 42.283 0. 0. -1. 0.
0.170 0.985 0. -65.344 0.985 -0.170 -0. 44.165 0. 0. -1. 0.
0.182 0.983 0. -64.935 0.983 -0.182 -0. 46.057 0. 0. -1. 0.
0.188 0.982 0. -64.625 0.982 -0.188 -0. 47.883 0. 0. -1. 0.
0.190 0.982 0. -64.159 0.982 -0.190 -0. 49.974 0. 0. -1. 0.
0.191 0.982 0. -63.732 0.982 -0.191 -0. 51.732 0. 0. -1. 0.
0.195 0.981 0. -63.368 0.981 -0.195 -0. 53.635 0. 0. -1. 0.
0.187 0.982 0. -62.924 0.982 -0.187 -0. 55.587 0. 0. -1. 0.
0.169 0.986 0. -62.544 0.986 -0.169 -0. 57.547 0. 0. -1. 0.
0.148 0.989 0. -62.185 0.989 -0.148 -0. 59.523 0. 0. -1. 0.
0.129 0.992 0. -61.931 0.992 -0.129 -0. 61.451 0. 0. -1. 0.
0.110 0.994 0. -61.568 0.994 -0.110 -0. 63.452 0. 0. -1. 0.
0.095 0.995 0. -61.389 0.995 -0.095 -0. 65.422 0. 0. -1. 0.
0.087 0.996 0. -61.206 0.996 -0.087 -0. 67.351 0. 0. -1. 0.
0.071 0.997 0. -61.007 0.997 -0.071 -0. 69.268 0. 0. -1. 0.
0.060 0.998 0. -60.888 0.998 -0.060 -0. 71.225 0. 0. -1. 0.
0.054 0.999 0. -60.657 0.999 -0.054 -0. 73.164 0. 0. -1. 0.
0.053 0.999 0. -60.501 0.999 -0.053 -0. 75.074 0. 0. -1. 0.
0.052 0.999 0. -60.436 0.999 -0.052 -0. 76.932 0. 0. -1. 0.
0.051 0.999 0. -60.281 0.999 -0.051 -0. 78.825 0. 0. -1. 0.
0.052 0.999 0. -60.133 0.999 -0.052 -0. 80.687 0. 0. -1. 0.
0.052 0.999 0. -60.035 0.999 -0.052 -0. 82.502 0. 0. -1. 0.
0.051 0.999 0. -59.906 0.999 -0.051 -0. 84.232 0. 0. -1. 0.
0.043 0.999 0. -59.803 0.999 -0.043 -0. 85.939 0. 0. -1. 0.
0.024 1.000 0. -59.675 1.000 -0.024 -0. 87.550 0. 0. -1. 0.
-0.019 1.000 0. -59.678 1.000 0.019 0. 89.100 0. 0. -1. 0.
-0.087 0.996 0. -59.684 0.996 0.087 0. 90.614 0. 0. -1. 0.
-0.182 0.983 0. -59.903 0.983 0.182 0. 92.199 0. 0. -1. 0.
-0.283 0.959 0. -60.330 0.959 0.283 0. 93.639 0. 0. -1. 0.
-0.386 0.923 0. -60.750 0.923 0.386 0. 95.069 0. 0. -1. 0.
-0.482 0.876 0. -61.428 0.876 0.482 0. 96.332 0. 0. -1. 0.
-0.571 0.821 0. -62.244 0.821 0.571 0. 97.578 0. 0. -1. 0.
-0.658 0.753 0. -63.190 0.753 0.658 0. 98.704 0. 0. -1. 0.
-0.733 0.680 0. -64.219 0.680 0.733 0. 99.765 0. 0. -1. 0.
-0.805 0.593 0. -65.466 0.593 0.805 0. 100.711 0. 0. -1. 0.
-0.864 0.503 0. -66.772 0.503 0.864 0. 101.525 0. 0. -1. 0.
-0.913 0.408 0. -68.127 0.408 0.913 0. 102.271 0. 0. -1. 0.
-0.945 0.327 0. -69.752 0.327 0.945 0. 102.889 0. 0. -1. 0.
-0.965 0.264 0. -71.409 0.264 0.965 0. 103.327 0. 0. -1. 0.
-0.977 0.214 0. -73.004 0.214 0.977 0. 103.774 0. 0. -1. 0.
-0.983 0.183 0. -74.654 0.183 0.983 0. 104.016 0. 0. -1. 0.
-0.985 0.173 0. -76.269 0.173 0.985 0. 104.285 0. 0. -1. 0.
-0.981 0.196 0. -77.995 0.196 0.981 0. 104.584 0. 0. -1. 0.
-0.973 0.230 0. -79.606 0.230 0.973 0. 105.035 0. 0. -1. 0.
-0.961 0.276 0. -81.142 0.276 0.961 0. 105.521 0. 0. -1. 0.
-0.944 0.331 0. -82.717 0.331 0.944 0. 106.017 0. 0. -1. 0.
-0.917 0.399 0. -84.261 0.399 0.917 0. 106.743 0. 0. -1. 0.
-0.885 0.465 0. -85.725 0.465 0.885 0. 107.627 0. 0. -1. 0.
-0.849 0.528 0. -87.085 0.528 0.849 0. 108.497 0. 0. -1. 0.
-0.810 0.587 0. -88.524 0.587 0.810 0. 109.504 0. 0. -1. 0.
-0.769 0.639 0. -89.845 0.639 0.769 0. 110.605 0. 0. -1. 0.
-0.739 0.673 0. -91.147 0.673 0.739 0. 111.812 0. 0. -1. 0.
-0.716 0.698 0. -92.428 0.698 0.716 0. 113.059 0. 0. -1. 0.
-0.701 0.714 0. -93.664 0.714 0.701 0. 114.379 0. 0. -1. 0.
-0.690 0.724 0. -94.987 0.724 0.690 0. 115.747 0. 0. -1. 0.
-0.685 0.728 0. -96.174 0.728 0.685 0. 117.133 0. 0. -1. 0.
-0.680 0.734 0. -97.501 0.734 0.680 0. 118.581 0. 0. -1. 0.
-0.680 0.733 0. -98.787 0.733 0.680 0. 120.011 0. 0. -1. 0.
-0.678 0.735 0. -100.071 0.735 0.678 0. 121.543 0. 0. -1. 0.
-0.678 0.735 0. -101.463 0.735 0.678 0. 122.998 0. 0. -1. 0.
-0.674 0.739 0. -102.826 0.739 0.674 0. 124.479 0. 0. -1. 0.
-0.668 0.744 0. -104.218 0.744 0.668 0. 126.150 0. 0. -1. 0.
-0.658 0.753 0. -105.534 0.753 0.658 0. 127.666 0. 0. -1. 0.
-0.652 0.758 0. -106.900 0.758 0.652 0. 129.104 0. 0. -1. 0.
-0.648 0.762 0. -108.231 0.762 0.648 0. 130.672 0. 0. -1. 0.
-0.647 0.763 0. -109.523 0.763 0.647 0. 132.212 0. 0. -1. 0.
-0.646 0.763 0. -110.795 0.763 0.646 0. 133.901 0. 0. -1. 0.
-0.646 0.763 0. -112.150 0.763 0.646 0. 135.470 0. 0. -1. 0.
-0.646 0.763 0. -113.427 0.763 0.646 0. 137.046 0. 0. -1. 0.
-0.647 0.762 0. -114.837 0.762 0.647 0. 138.643 0. 0. -1. 0.
-0.648 0.762 0. -116.048 0.762 0.648 0. 140.269 0. 0. -1. 0.
-0.649 0.761 0. -117.486 0.761 0.649 0. 141.925 0. 0. -1. 0.
-0.649 0.761 0. -118.754 0.761 0.649 0. 143.545 0. 0. -1. 0.
-0.649 0.761 0. -120.203 0.761 0.649 0. 145.231 0. 0. -1. 0.
-0.647 0.763 0. -121.537 0.763 0.647 0. 146.930 0. 0. -1. 0.
-0.642 0.766 0. -122.927 0.766 0.642 0. 148.701 0. 0. -1. 0.
-0.634 0.773 0. -124.228 0.773 0.634 0. 150.425 0. 0. -1. 0.
-0.625 0.781 0. -125.668 0.781 0.625 0. 152.246 0. 0. -1. 0.
-0.617 0.787 0. -126.953 0.787 0.617 0. 153.994 0. 0. -1. 0.
-0.610 0.792 0. -128.306 0.792 0.610 0. 155.786 0. 0. -1. 0.
-0.608 0.794 0. -129.708 0.794 0.608 0. 157.584 0. 0. -1. 0.
-0.604 0.797 0. -130.999 0.797 0.604 0. 159.463 0. 0. -1. 0.
-0.601 0.800 0. -132.417 0.800 0.601 0. 161.288 0. 0. -1. 0.
-0.591 0.807 0. -133.640 0.807 0.591 0. 163.185 0. 0. -1. 0.
-0.584 0.812 0. -134.960 0.812 0.584 0. 165.111 0. 0. -1. 0.
-0.570 0.822 0. -136.299 0.822 0.570 0. 166.986 0. 0. -1. 0.
-0.553 0.833 0. -137.469 0.833 0.553 0. 168.933 0. 0. -1. 0.
-0.533 0.846 0. -138.745 0.846 0.533 0. 170.899 0. 0. -1. 0.
-0.512 0.859 0. -139.733 0.859 0.512 0. 172.853 0. 0. -1. 0.
-0.491 0.871 0. -140.903 0.871 0.491 0. 174.922 0. 0. -1. 0.
-0.465 0.885 0. -141.951 0.885 0.465 0. 176.878 0. 0. -1. 0.
-0.432 0.902 0. -143.012 0.902 0.432 0. 178.939 0. 0. -1. 0.
-0.396 0.918 0. -143.844 0.918 0.396 0. 181.089 0. 0. -1. 0.
-0.358 0.934 0. -144.627 0.934 0.358 0. 183.180 0. 0. -1. 0.
-0.321 0.947 0. -145.367 0.947 0.321 0. 185.351 0. 0. -1. 0.
-0.286 0.958 0. -146.118 0.958 0.286 0. 187.547 0. 0. -1. 0.
-0.249 0.969 0. -146.534 0.969 0.249 0. 189.712 0. 0. -1. 0.
-0.213 0.977 0. -147.074 0.977 0.213 0. 191.928 0. 0. -1. 0.
-0.180 0.984 0. -147.447 0.984 0.180 0. 194.094 0. 0. -1. 0.
-0.147 0.989 0. -147.813 0.989 0.147 0. 196.331 0. 0. -1. 0.
-0.114 0.993 0. -148.034 0.993 0.114 0. 198.554 0. 0. -1. 0.
-0.081 0.997 0. -148.186 0.997 0.081 0. 200.823 0. 0. -1. 0.
-0.052 0.999 0. -148.307 0.999 0.052 0. 203.058 0. 0. -1. 0.
-0.036 0.999 0. -148.362 0.999 0.036 0. 205.347 0. 0. -1. 0.
-0.040 0.999 0. -148.310 0.999 0.040 0. 207.615 0. 0. -1. 0.
-0.046 0.999 0. -148.345 0.999 0.046 0. 209.953 0. 0. -1. 0.
-0.052 0.999 0. -148.372 0.999 0.052 0. 212.275 0. 0. -1. 0.
-0.059 0.998 0. -148.445 0.998 0.059 0. 214.549 0. 0. -1. 0.
-0.067 0.998 0. -148.576 0.998 0.067 0. 216.851 0. 0. -1. 0.
-0.083 0.997 0. -148.773 0.997 0.083 0. 219.164 0. 0. -1. 0.
-0.104 0.995 0. -148.902 0.995 0.104 0. 221.478 0. 0. -1. 0.
-0.127 0.992 0. -149.115 0.992 0.127 0. 223.701 0. 0. -1. 0.
-0.154 0.988 0. -149.508 0.988 0.154 0. 225.914 0. 0. -1. 0.
-0.191 0.982 0. -149.832 0.982 0.191 0. 228.148 0. 0. -1. 0.
-0.237 0.971 0. -150.288 0.971 0.237 0. 230.392 0. 0. -1. 0.
-0.299 0.954 0. -150.855 0.954 0.299 0. 232.512 0. 0. -1. 0.
-0.362 0.932 0. -151.622 0.932 0.362 0. 234.499 0. 0. -1. 0.
-0.420 0.908 0. -152.606 0.908 0.420 0. 236.479 0. 0. -1. 0.
-0.481 0.877 0. -153.498 0.877 0.481 0. 238.378 0. 0. -1. 0.
-0.555 0.832 0. -154.581 0.832 0.555 0. 240.155 0. 0. -1. 0.
-0.633 0.774 0. -155.899 0.774 0.633 0. 241.876 0. 0. -1. 0.
-0.705 0.709 0. -157.447 0.709 0.705 0. 243.445 0. 0. -1. 0.
-0.763 0.647 0. -159.026 0.647 0.763 0. 244.920 0. 0. -1. 0.
-0.813 0.583 0. -160.717 0.583 0.813 0. 246.163 0. 0. -1. 0.
-0.855 0.519 0. -162.563 0.519 0.855 0. 247.327 0. 0. -1. 0.
-0.888 0.459 0. -164.395 0.459 0.888 0. 248.463 0. 0. -1. 0.
-0.912 0.410 0. -166.401 0.410 0.912 0. 249.391 0. 0. -1. 0.
-0.929 0.369 0. -168.360 0.369 0.929 0. 250.287 0. 0. -1. 0.
-0.942 0.337 0. -170.431 0.337 0.942 0. 251.028 0. 0. -1. 0.
-0.947 0.320 0. -172.545 0.320 0.947 0. 251.724 0. 0. -1. 0.
-0.950 0.312 0. -174.650 0.312 0.950 0. 252.488 0. 0. -1. 0.
-0.952 0.305 0. -176.770 0.305 0.952 0. 253.246 0. 0. -1. 0.
-0.954 0.300 0. -178.942 0.300 0.954 0. 253.958 0. 0. -1. 0.
-0.954 0.301 0. -181.271 0.301 0.954 0. 254.656 0. 0. -1. 0.
-0.954 0.300 0. -183.432 0.300 0.954 0. 255.429 0. 0. -1. 0.
-0.953 0.303 0. -185.675 0.303 0.953 0. 256.176 0. 0. -1. 0.
-0.952 0.307 0. -187.909 0.307 0.952 0. 256.904 0. 0. -1. 0.
-0.950 0.313 0. -190.144 0.313 0.950 0. 257.723 0. 0. -1. 0.
-0.948 0.319 0. -192.361 0.319 0.948 0. 258.500 0. 0. -1. 0.
-0.946 0.324 0. -194.580 0.324 0.946 0. 259.253 0. 0. -1. 0.
-0.945 0.327 0. -196.762 0.327 0.945 0. 260.082 0. 0. -1. 0.
-0.943 0.332 0. -198.993 0.332 0.943 0. 260.846 0. 0. -1. 0.
-0.941 0.340 0. -201.189 0.340 0.941 0. 261.661 0. 0. -1. 0.
-0.937 0.350 0. -203.229 0.350 0.937 0. 262.473 0. 0. -1. 0.
-0.932 0.363 0. -205.306 0.363 0.932 0. 263.332 0. 0. -1. 0.
-0.928 0.373 0. -207.374 0.373 0.928 0. 264.190 0. 0. -1. 0.
-0.921 0.390 0. -209.424 0.390 0.921 0. 265.043 0. 0. -1. 0.
-0.913 0.408 0. -211.389 0.408 0.913 0. 265.949 0. 0. -1. 0.
-0.904 0.429 0. -213.282 0.429 0.904 0. 266.938 0. 0. -1. 0.
-0.894 0.447 0. -215.095 0.447 0.894 0. 267.862 0. 0. -1. 0.
-0.885 0.465 0. -216.796 0.465 0.885 0. 268.818 0. 0. -1. 0.
-0.876 0.482 0. -218.389 0.482 0.876 0. 269.722 0. 0. -1. 0.
-0.870 0.492 0. -219.866 0.492 0.870 0. 270.620 0. 0. -1. 0.
-0.866 0.500 0. -221.234 0.500 0.866 0. 271.442 0. 0. -1. 0.
-0.865 0.502 0. -222.663 0.502 0.865 0. 272.296 0. 0. -1. 0.
-0.863 0.505 0. -223.824 0.505 0.863 0. 273.051 0. 0. -1. 0.
-0.859 0.511 0. -224.989 0.511 0.859 0. 273.754 0. 0. -1. 0.
-0.854 0.520 0. -225.973 0.520 0.854 0. 274.380 0. 0. -1. 0.
-0.849 0.528 0. -226.861 0.528 0.849 0. 275.000 0. 0. -1. 0.
-0.849 0.528 0. -227.682 0.528 0.849 0. 275.491 0. 0. -1. 0.
-0.850 0.526 0. -228.395 0.526 0.850 0. 275.940 0. 0. -1. 0.
-0.851 0.526 0. -229.037 0.526 0.851 0. 276.466 0. 0. -1. 0.
-0.850 0.527 0. -229.551 0.527 0.850 0. 276.758 0. 0. -1. 0.
-0.851 0.525 0. -229.993 0.525 0.851 0. 277.041 0. 0. -1. 0.
-0.851 0.525 0. -230.403 0.525 0.851 0. 277.299 0. 0. -1. 0.
-0.851 0.525 0. -230.696 0.525 0.851 0. 277.447 0. 0. -1. 0.
-0.851 0.525 0. -230.888 0.525 0.851 0. 277.610 0. 0. -1. 0.
-0.851 0.525 0. -231.031 0.525 0.851 0. 277.706 0. 0. -1. 0.
-0.851 0.526 0. -231.103 0.526 0.851 0. 277.733 0. 0. -1. 0.
-0.851 0.525 0. -231.120 0.525 0.851 0. 277.719 0. 0. -1. 0.
-0.851 0.526 0. -231.126 0.526 0.851 0. 277.708 0. 0. -1. 0.
-0.850 0.526 0. -231.128 0.526 0.850 0. 277.736 0. 0. -1. 0.
-0.851 0.526 0. -231.143 0.526 0.851 0. 277.727 0. 0. -1. 0.
-0.850 0.526 0. -231.141 0.526 0.850 0. 277.729 0. 0. -1. 0.
-0.851 0.526 0. -231.164 0.526 0.851 0. 277.751 0. 0. -1. 0.
-0.849 0.528 0. -231.183 0.528 0.849 0. 277.789 0. 0. -1. 0.
-0.849 0.528 0. -231.187 0.528 0.849 0. 277.821 0. 0. -1. 0.
-0.850 0.526 0. -231.209 0.526 0.850 0. 277.800 0. 0. -1. 0.
-0.851 0.526 0. -231.260 0.526 0.851 0. 277.829 0. 0. -1. 0.
-0.851 0.526 0. -231.321 0.526 0.851 0. 277.856 0. 0. -1. 0.
-0.850 0.526 0. -231.386 0.526 0.850 0. 277.895 0. 0. -1. 0.
-0.850 0.526 0. -231.431 0.526 0.850 0. 277.922 0. 0. -1. 0.
-0.850 0.526 0. -231.487 0.526 0.850 0. 277.976 0. 0. -1. 0.
-0.850 0.527 0. -231.548 0.527 0.850 0. 277.992 0. 0. -1. 0.
-0.850 0.527 0. -231.595 0.527 0.850 0. 278.006 0. 0. -1. 0.
-0.850 0.527 0. -231.639 0.527 0.850 0. 278.079 0. 0. -1. 0.
-0.849 0.529 0. -231.674 0.529 0.849 0. 278.131 0. 0. -1. 0.
-0.848 0.530 0. -231.717 0.530 0.848 0. 278.132 0. 0. -1. 0.
-0.848 0.530 0. -231.740 0.530 0.848 0. 278.134 0. 0. -1. 0.
-0.848 0.530 0. -231.803 0.530 0.848 0. 278.172 0. 0. -1. 0.
-0.847 0.531 0. -231.881 0.531 0.847 0. 278.223 0. 0. -1. 0.
-0.846 0.532 0. -231.965 0.532 0.846 0. 278.284 0. 0. -1. 0.
-0.845 0.534 0. -232.019 0.534 0.845 0. 278.290 0. 0. -1. 0.
-0.845 0.535 0. -232.056 0.535 0.845 0. 278.341 0. 0. -1. 0.
-0.845 0.535 0. -232.079 0.535 0.845 0. 278.335 0. 0. -1. 0.
-0.844 0.536 0. -232.098 0.536 0.844 0. 278.344 0. 0. -1. 0.
-0.843 0.539 0. -232.110 0.539 0.843 0. 278.386 0. 0. -1. 0.
-0.842 0.539 0. -232.124 0.539 0.842 0. 278.377 0. 0. -1. 0.
-0.841 0.541 0. -232.147 0.541 0.841 0. 278.418 0. 0. -1. 0.
-0.840 0.542 0. -232.183 0.542 0.840 0. 278.442 0. 0. -1. 0.
-0.838 0.546 0. -232.258 0.546 0.838 0. 278.438 0. 0. -1. 0.
-0.834 0.552 0. -232.296 0.552 0.834 0. 278.489 0. 0. -1. 0.
-0.831 0.557 0. -232.330 0.557 0.831 0. 278.540 0. 0. -1. 0.
-0.828 0.561 0. -232.417 0.561 0.828 0. 278.572 0. 0. -1. 0.
-0.823 0.568 0. -232.463 0.568 0.823 0. 278.602 0. 0. -1. 0.
-0.818 0.575 0. -232.518 0.575 0.818 0. 278.708 0. 0. -1. 0.
-0.811 0.585 0. -232.600 0.585 0.811 0. 278.753 0. 0. -1. 0.
-0.804 0.595 0. -232.724 0.595 0.804 0. 278.813 0. 0. -1. 0.
-0.794 0.608 0. -232.781 0.608 0.794 0. 278.953 0. 0. -1. 0.
-0.782 0.623 0. -232.878 0.623 0.782 0. 279.003 0. 0. -1. 0.
-0.769 0.639 0. -233.004 0.639 0.769 0. 279.061 0. 0. -1. 0.
-0.759 0.651 0. -233.045 0.651 0.759 0. 279.159 0. 0. -1. 0.
-0.754 0.657 0. -233.093 0.657 0.754 0. 279.180 0. 0. -1. 0.
-0.754 0.657 0. -233.106 0.657 0.754 0. 279.214 0. 0. -1. 0.
-0.753 0.658 0. -233.095 0.658 0.753 0. 279.235 0. 0. -1. 0.
-0.754 0.657 0. -233.096 0.657 0.754 0. 279.241 0. 0. -1. 0.
-0.753 0.658 0. -233.095 0.658 0.753 0. 279.224 0. 0. -1. 0.
-0.753 0.658 0. -233.108 0.658 0.753 0. 279.226 0. 0. -1. 0.
-0.753 0.658 0. -233.094 0.658 0.753 0. 279.231 0. 0. -1. 0.
-0.754 0.657 0. -233.119 0.657 0.754 0. 279.229 0. 0. -1. 0.
-0.753 0.658 0. -233.106 0.658 0.753 0. 279.230 0. 0. -1. 0.
-0.753 0.658 0. -233.093 0.658 0.753 0. 279.239 0. 0. -1. 0.
-0.753 0.658 0. -233.103 0.658 0.753 0. 279.240 0. 0. -1. 0.
-0.752 0.659 0. -233.117 0.659 0.752 0. 279.233 0. 0. -1. 0.
-0.749 0.663 0. -233.112 0.663 0.749 0. 279.286 0. 0. -1. 0.
-0.745 0.667 0. -233.151 0.667 0.745 0. 279.289 0. 0. -1. 0.
-0.738 0.675 0. -233.192 0.675 0.738 0. 279.345 0. 0. -1. 0.
-0.731 0.682 0. -233.274 0.682 0.731 0. 279.420 0. 0. -1. 0.
-0.716 0.698 0. -233.458 0.698 0.716 0. 279.567 0. 0. -1. 0.
-0.687 0.727 0. -233.666 0.727 0.687 0. 279.757 0. 0. -1. 0.
-0.640 0.768 0. -233.971 0.768 0.640 0. 280.178 0. 0. -1. 0.
-0.582 0.813 0. -234.247 0.813 0.582 0. 280.595 0. 0. -1. 0.
-0.521 0.854 0. -234.608 0.854 0.521 0. 281.215 0. 0. -1. 0.
-0.464 0.886 0. -234.975 0.886 0.464 0. 281.950 0. 0. -1. 0.
-0.425 0.905 0. -235.269 0.905 0.425 0. 282.896 0. 0. -1. 0.
-0.397 0.918 0. -235.881 0.918 0.397 0. 283.962 0. 0. -1. 0.
-0.349 0.937 0. -236.513 0.937 0.349 0. 285.309 0. 0. -1. 0.
-0.266 0.964 0. -236.809 0.964 0.266 0. 286.696 0. 0. -1. 0.
-0.153 0.988 0. -236.895 0.988 0.153 0. 287.956 0. 0. -1. 0.
-0.028 1.000 0. -236.860 1.000 0.028 0. 289.409 0. 0. -1. 0.
0.131 0.991 0. -236.570 0.991 -0.131 -0. 290.733 0. 0. -1. 0.
0.257 0.966 0. -236.080 0.966 -0.257 -0. 292.000 0. 0. -1. 0.
0.326 0.945 0. -235.501 0.945 -0.326 -0. 293.278 0. 0. -1. 0.
0.332 0.943 0. -234.931 0.943 -0.332 -0. 294.919 0. 0. -1. 0.
0.310 0.951 0. -234.450 0.951 -0.310 -0. 296.733 0. 0. -1. 0.
0.302 0.953 0. -233.930 0.953 -0.302 -0. 298.435 0. 0. -1. 0.
0.295 0.955 0. -233.347 0.955 -0.295 -0. 300.209 0. 0. -1. 0.
0.285 0.959 0. -232.774 0.959 -0.285 -0. 302.138 0. 0. -1. 0.
0.286 0.958 0. -232.178 0.958 -0.286 -0. 304.105 0. 0. -1. 0.
0.290 0.957 0. -231.495 0.957 -0.290 -0. 306.187 0. 0. -1. 0.
0.293 0.956 0. -230.816 0.956 -0.293 -0. 308.352 0. 0. -1. 0.
0.296 0.955 0. -230.040 0.955 -0.296 -0. 310.616 0. 0. -1. 0.
0.297 0.955 0. -229.320 0.955 -0.297 -0. 312.910 0. 0. -1. 0.
0.301 0.954 0. -228.552 0.954 -0.301 -0. 315.322 0. 0. -1. 0.
0.304 0.953 0. -227.669 0.953 -0.304 -0. 317.727 0. 0. -1. 0.
0.309 0.951 0. -226.873 0.951 -0.309 -0. 320.176 0. 0. -1. 0.
0.309 0.951 0. -225.930 0.951 -0.309 -0. 322.687 0. 0. -1. 0.
0.309 0.951 0. -225.086 0.951 -0.309 -0. 325.240 0. 0. -1. 0.
0.308 0.951 0. -224.176 0.951 -0.308 -0. 327.857 0. 0. -1. 0.
0.306 0.952 0. -223.233 0.952 -0.306 -0. 330.491 0. 0. -1. 0.
0.306 0.952 0. -222.346 0.952 -0.306 -0. 333.206 0. 0. -1. 0.
0.302 0.953 0. -221.454 0.953 -0.302 -0. 335.831 0. 0. -1. 0.
0.303 0.953 0. -220.578 0.953 -0.303 -0. 338.557 0. 0. -1. 0.
0.301 0.954 0. -219.612 0.954 -0.301 -0. 341.302 0. 0. -1. 0.
0.299 0.954 0. -218.765 0.954 -0.299 -0. 344.110 0. 0. -1. 0.
0.297 0.955 0. -217.738 0.955 -0.297 -0. 346.931 0. 0. -1. 0.
0.295 0.955 0. -216.855 0.955 -0.295 -0. 349.799 0. 0. -1. 0.
0.296 0.955 0. -215.899 0.955 -0.296 -0. 352.710 0. 0. -1. 0.
0.296 0.955 0. -215.001 0.955 -0.296 -0. 355.671 0. 0. -1. 0.
0.301 0.954 0. -214.010 0.954 -0.301 -0. 358.639 0. 0. -1. 0.
0.305 0.953 0. -212.965 0.953 -0.305 -0. 361.661 0. 0. -1. 0.
0.307 0.952 0. -211.937 0.952 -0.307 -0. 364.684 0. 0. -1. 0.
0.305 0.952 0. -210.901 0.952 -0.305 -0. 367.797 0. 0. -1. 0.
0.303 0.953 0. -209.864 0.953 -0.303 -0. 370.909 0. 0. -1. 0.
0.304 0.953 0. -208.799 0.953 -0.304 -0. 374.064 0. 0. -1. 0.
0.308 0.951 0. -207.694 0.951 -0.308 -0. 377.190 0. 0. -1. 0.
0.310 0.951 0. -206.692 0.951 -0.310 -0. 380.234 0. 0. -1. 0.
0.310 0.951 0. -205.609 0.951 -0.310 -0. 383.349 0. 0. -1. 0.
0.309 0.951 0. -204.592 0.951 -0.309 -0. 386.465 0. 0. -1. 0.
0.311 0.950 0. -203.472 0.950 -0.311 -0. 389.600 0. 0. -1. 0.
0.309 0.951 0. -202.435 0.951 -0.309 -0. 392.744 0. 0. -1. 0.
0.307 0.952 0. -201.292 0.952 -0.307 -0. 395.922 0. 0. -1. 0.
0.305 0.952 0. -200.201 0.952 -0.305 -0. 399.098 0. 0. -1. 0.
0.305 0.952 0. -199.151 0.952 -0.305 -0. 402.307 0. 0. -1. 0.
0.308 0.951 0. -198.062 0.951 -0.308 -0. 405.496 0. 0. -1. 0.
0.308 0.951 0. -196.969 0.951 -0.308 -0. 408.728 0. 0. -1. 0.
0.310 0.951 0. -195.871 0.951 -0.310 -0. 411.988 0. 0. -1. 0.
0.309 0.951 0. -194.721 0.951 -0.309 -0. 415.227 0. 0. -1. 0.
0.304 0.953 0. -193.744 0.953 -0.304 -0. 418.515 0. 0. -1. 0.
0.302 0.953 0. -192.582 0.953 -0.302 -0. 421.729 0. 0. -1. 0.
0.301 0.953 0. -191.499 0.953 -0.301 -0. 425.041 0. 0. -1. 0.
0.301 0.954 0. -190.454 0.954 -0.301 -0. 428.321 0. 0. -1. 0.
0.301 0.954 0. -189.373 0.954 -0.301 -0. 431.580 0. 0. -1. 0.
0.300 0.954 0. -188.260 0.954 -0.300 -0. 434.782 0. 0. -1. 0.
0.300 0.954 0. -187.155 0.954 -0.300 -0. 438.034 0. 0. -1. 0.
0.302 0.953 0. -186.083 0.953 -0.302 -0. 441.234 0. 0. -1. 0.
0.303 0.953 0. -184.963 0.953 -0.303 -0. 444.396 0. 0. -1. 0.
0.305 0.952 0. -183.871 0.952 -0.305 -0. 447.624 0. 0. -1. 0.
0.308 0.951 0. -182.785 0.951 -0.308 -0. 450.791 0. 0. -1. 0.
0.309 0.951 0. -181.688 0.951 -0.309 -0. 453.985 0. 0. -1. 0.
0.309 0.951 0. -180.626 0.951 -0.309 -0. 457.164 0. 0. -1. 0.
0.309 0.951 0. -179.497 0.951 -0.309 -0. 460.321 0. 0. -1. 0.
0.305 0.952 0. -178.475 0.952 -0.305 -0. 463.482 0. 0. -1. 0.
0.303 0.953 0. -177.325 0.953 -0.303 -0. 466.637 0. 0. -1. 0.
0.302 0.953 0. -176.295 0.953 -0.302 -0. 469.816 0. 0. -1. 0.
0.301 0.954 0. -175.299 0.954 -0.301 -0. 472.959 0. 0. -1. 0.
0.301 0.954 0. -174.212 0.954 -0.301 -0. 476.086 0. 0. -1. 0.
0.300 0.954 0. -173.124 0.954 -0.300 -0. 479.268 0. 0. -1. 0.
0.303 0.953 0. -172.061 0.953 -0.303 -0. 482.507 0. 0. -1. 0.
0.306 0.952 0. -170.996 0.952 -0.306 -0. 485.608 0. 0. -1. 0.
0.309 0.951 0. -169.852 0.951 -0.309 -0. 488.871 0. 0. -1. 0.
0.313 0.950 0. -168.798 0.950 -0.313 -0. 492.064 0. 0. -1. 0.
0.314 0.950 0. -167.661 0.950 -0.314 -0. 495.221 0. 0. -1. 0.
0.310 0.951 0. -166.500 0.951 -0.310 -0. 498.475 0. 0. -1. 0.
0.307 0.952 0. -165.459 0.952 -0.307 -0. 501.785 0. 0. -1. 0.
0.305 0.952 0. -164.343 0.952 -0.305 -0. 504.986 0. 0. -1. 0.
0.309 0.951 0. -163.321 0.951 -0.309 -0. 508.191 0. 0. -1. 0.
0.312 0.950 0. -162.215 0.950 -0.312 -0. 511.260 0. 0. -1. 0.
0.308 0.951 0. -161.173 0.951 -0.308 -0. 514.370 0. 0. -1. 0.
0.306 0.952 0. -160.159 0.952 -0.306 -0. 517.553 0. 0. -1. 0.
0.308 0.951 0. -159.115 0.951 -0.308 -0. 520.533 0. 0. -1. 0.
0.307 0.952 0. -158.065 0.952 -0.307 -0. 523.510 0. 0. -1. 0.
0.309 0.951 0. -157.077 0.951 -0.309 -0. 526.517 0. 0. -1. 0.
0.313 0.950 0. -156.077 0.950 -0.313 -0. 529.533 0. 0. -1. 0.
0.318 0.948 0. -155.014 0.948 -0.318 -0. 532.461 0. 0. -1. 0.
0.323 0.946 0. -153.973 0.946 -0.323 -0. 535.422 0. 0. -1. 0.
0.323 0.947 0. -152.946 0.947 -0.323 -0. 538.392 0. 0. -1. 0.
