1. 0. 0. 0. 0. 1. 0. 0. 0. 0. 1. 0.
1. -0.000 0. -0.003 0.000 1. 0. -0.006 0. 0. 1. 0.
1. -0. 0. -0.002 0. 1. 0. -0.003 0. 0. 1. 0.
1. 0.000 0. -0.001 -0.000 1. 0. -0.000 0. 0. 1. 0.
1. 0.000 0. -0.002 -0.000 1. 0. -0.006 0. 0. 1. 0.
1. 0.000 0. -0.003 -0.000 1. 0. -0.010 0. 0. 1. 0.
1. 0. 0. 0. -0. 1. 0. -0.005 0. 0. 1. 0.
1. 0. 0. -0.002 -0. 1. 0. -0.010 0. 0. 1. 0.
1. 0.000 0. 0.003 -0.000 1. 0. -0.010 0. 0. 1. 0.
1. 0.000 0. -0.004 -0.000 1. 0. -0.005 0. 0. 1. 0.
1. -0. 0. -0.005 0. 1. 0. -0.009 0. 0. 1. 0.
1. -0.000 0. 0.001 0.000 1. 0. -0.007 0. 0. 1. 0.
1. -0.000 0. 0.000 0.000 1. 0. -0.006 0. 0. 1. 0.
1. 0. 0. 0.001 -0. 1. 0. -0.013 0. 0. 1. 0.
1. 0. 0. -0.004 -0. 1. 0. -0.003 0. 0. 1. 0.
1. -0. 0. -0.001 0. 1. 0. -0.007 0. 0. 1. 0.
1. 0.000 0. -0.006 -0.000 1. 0. -0.005 0. 0. 1. 0.
1. -0. 0. -0.005 0. 1. 0. -0.007 0. 0. 1. 0.
1. -0. 0. -0.008 0. 1. 0. -0.001 0. 0. 1. 0.
1. -0.000 0. -0.000 0.000 1. 0. -0.009 0. 0. 1. 0.
1. -0.000 0. -0.000 0.000 1. 0. -0.005 0. 0. 1. 0.
1. -0.000 0. 0.000 0.000 1. 0. -0.006 0. 0. 1. 0.
1. -0.000 0. 0.001 0.000 1. 0. -0.004 0. 0. 1. 0.
1. -0.000 0. -0.002 0.000 1. 0. -0.001 0. 0. 1. 0.
1. 0. 0. 0.001 -0. 1. 0. -0.009 0. 0. 1. 0.
1. -0.000 0. -0.002 0.000 1. 0. -0.003 0. 0. 1. 0.
1. -0. 0. -0.001 0. 1. 0. -0.007 0. 0. 1. 0.
1. -0.000 0. -0.001 0.000 1. 0. -0.007 0. 0. 1. 0.
1. 0. 0. -0.002 -0. 1. 0. -0.002 0. 0. 1. 0.
1. -0.000 0. -0.003 0.000 1. 0. -0.013 0. 0. 1. 0.
1. -0. 0. -0.005 0. 1. 0. -0.005 0. 0. 1. 0.
1. -0.000 0. -0.003 0.000 1. 0. -0.003 0. 0. 1. 0.
1. -0. 0. 0.003 0. 1. 0. -0.012 0. 0. 1. 0.
1. -0.000 0. 0.004 0.000 1. 0. -0.004 0. 0. 1. 0.
1. -0.000 0. 0.002 0.000 1. 0. -0.004 0. 0. 1. 0.
1. -0.000 0. 0.003 0.000 1. 0. -0.000 0. 0. 1. 0.
1. -0.000 0. 0.002 0.000 1. 0. -0.003 0. 0. 1. 0.
1. -0.000 0. -0.001 0.000 1. 0. -0.003 0. 0. 1. 0.
1. -0.000 0. 0.006 0.000 1. 0. -0.003 0. 0. 1. 0.
1. -0.000 0. -0.001 0.000 1. 0. -0.004 0. 0. 1. 0.
1. -0.000 0. -0.000 0.000 1. 0. -0.002 0. 0. 1. 0.
1. -0.000 0. 0.000 0.000 1. 0. -0.003 0. 0. 1. 0.
1. -0. 0. -0.005 0. 1. 0. 0.008 0. 0. 1. 0.
1. -0.000 0. -0.002 0.000 1. 0. -0.001 0. 0. 1. 0.
1. -0.000 0. 0.001 0.000 1. 0. 0.005 0. 0. 1. 0.
1. -0.000 0. 0.001 0.000 1. 0. -0.006 0. 0. 1. 0.
1. -0.000 0. -0.011 0.000 1. 0. 0.003 0. 0. 1. 0.
1. -0. 0. -0.005 0. 1. 0. -0.006 0. 0. 1. 0.
1. -0. 0. 0.002 0. 1. 0. 0.004 0. 0. 1. 0.
1. -0.000 0. -0.001 0.000 1. 0. 0.005 0. 0. 1. 0.
1. -0.000 0. -0.005 0.000 1. 0. -0.001 0. 0. 1. 0.
1. -0. 0. 0.000 0. 1. 0. -0.010 0. 0. 1. 0.
1. 0. 0. -0.006 -0. 1. 0. -0.005 0. 0. 1. 0.
1. -0.000 0. -0.003 0.000 1. 0. -0.009 0. 0. 1. 0.
1. -0.000 0. -0.002 0.000 1. 0. 0.000 0. 0. 1. 0.
1. -0.000 0. -0.004 0.000 1. 0. -0.011 0. 0. 1. 0.
1. -0.000 0. -0.004 0.000 1. 0. -0.005 0. 0. 1. 0.
1. 0. 0. -0.006 -0. 1. 0. -0.013 0. 0. 1. 0.
1. 0.000 0. 0.002 -0.000 1. 0. -0.005 0. 0. 1. 0.
1. -0. 0. 0.002 0. 1. 0. -0.007 0. 0. 1. 0.
1. -0. 0. 0.001 0. 1. 0. -0.010 0. 0. 1. 0.
1. -0.000 0. 0.008 0.000 1. 0. -0.002 0. 0. 1. 0.
1. -0. 0. -0.005 0. 1. 0. -0.006 0. 0. 1. 0.
1. -0. 0. -0.003 0. 1. 0. -0.010 0. 0. 1. 0.
1. -0.000 0. -0.008 0.000 1. 0. -0.008 0. 0. 1. 0.
1. 0.000 0. -0.001 -0.000 1. 0. -0.008 0. 0. 1. 0.
1. -0. 0. 0.004 0. 1. 0. -0.011 0. 0. 1. 0.
1. -0.000 0. -0.003 0.000 1. 0. -0.008 0. 0. 1. 0.
1. -0. 0. -0.006 0. 1. 0. 0. 0. 0. 1. 0.
1. -0.000 0. -0.007 0.000 1. 0. -0.007 0. 0. 1. 0.
1. -0.000 0. -0.005 0.000 1. 0. -0.007 0. 0. 1. 0.
1. -0.000 0. -0.002 0.000 1. 0. -0.002 0. 0. 1. 0.
1. -0.000 0. -0. 0.000 1. 0. -0.002 0. 0. 1. 0.
1. -0.000 0. 0.015 0.000 1. 0. -0.025 0. 0. 1. 0.
1. -0.001 0. 0.085 0.001 1. 0. -0.027 0. 0. 1. 0.
1. -0.003 0. 0.148 0.003 1. 0. 0.000 0. 0. 1. 0.
1. -0.012 0. 0.259 0.012 1. 0. 0.012 0. 0. 1. 0.
1.000 -0.023 0. 0.434 0.023 1.000 0. -0.004 0. 0. 1. 0.
0.999 -0.038 0. 0.656 0.038 0.999 0. 0.012 0. 0. 1. 0.
0.998 -0.057 0. 0.930 0.057 0.998 0. 0.068 0. 0. 1. 0.
0.997 -0.079 0. 1.308 0.079 0.997 0. 0.093 0. 0. 1. 0.
0.995 -0.102 0. 1.750 0.102 0.995 0. 0.213 0. 0. 1. 0.
0.992 -0.126 0. 2.269 0.126 0.992 0. 0.311 0. 0. 1. 0.
0.989 -0.147 0. 2.849 0.147 0.989 0. 0.358 0. 0. 1. 0.
0.987 -0.163 0. 3.493 0.163 0.987 0. 0.424 0. 0. 1. 0.
0.986 -0.168 0. 4.216 0.168 0.986 0. 0.519 0. 0. 1. 0.
0.985 -0.170 0. 5.017 0.170 0.985 0. 0.658 0. 0. 1. 0.
0.987 -0.164 0. 5.945 0.164 0.987 0. 0.795 0. 0. 1. 0.
0.987 -0.158 0. 6.925 0.158 0.987 0. 0.944 0. 0. 1. 0.
0.988 -0.153 0. 7.974 0.153 0.988 0. 1.060 0. 0. 1. 0.
0.990 -0.139 0. 9.086 0.139 0.990 0. 1.187 0. 0. 1. 0.
0.992 -0.127 0. 10.305 0.127 0.992 0. 1.383 0. 0. 1. 0.
0.994 -0.109 0. 11.579 0.109 0.994 0. 1.429 0. 0. 1. 0.
0.996 -0.088 0. 12.894 0.088 0.996 0. 1.544 0. 0. 1. 0.
0.998 -0.067 0. 14.324 0.067 0.998 0. 1.618 0. 0. 1. 0.
0.999 -0.046 0. 15.739 0.046 0.999 0. 1.658 0. 0. 1. 0.
1.000 -0.019 0. 17.182 0.019 1.000 0. 1.623 0. 0. 1. 0.
1. -0.000 0. 18.692 0.000 1. 0. 1.562 0. 0. 1. 0.
1. 0.009 0. 20.212 -0.009 1. 0. 1.502 0. 0. 1. 0.
1. 0.010 0. 21.816 -0.010 1. 0. 1.476 0. 0. 1. 0.
1. 0.008 0. 23.403 -0.008 1. 0. 1.458 0. 0. 1. 0.
1. 0.007 0. 25.011 -0.007 1. 0. 1.420 0. 0. 1. 0.
1. 0.006 0. 26.692 -0.006 1. 0. 1.414 0. 0. 1. 0.
1. 0.005 0. 28.383 -0.005 1. 0. 1.383 0. 0. 1. 0.
1. 0.004 0. 30.051 -0.004 1. 0. 1.343 0. 0. 1. 0.
1. 0.004 0. 31.781 -0.004 1. 0. 1.320 0. 0. 1. 0.
1. 0.005 0. 33.577 -0.005 1. 0. 1.297 0. 0. 1. 0.
1. 0.004 0. 35.378 -0.004 1. 0. 1.258 0. 0. 1. 0.
1. 0.006 0. 37.193 -0.006 1. 0. 1.229 0. 0. 1. 0.
1. 0.008 0. 39.054 -0.008 1. 0. 1.153 0. 0. 1. 0.
1. 0.008 0. 40.927 -0.008 1. 0. 1.119 0. 0. 1. 0.
1. 0.009 0. 42.829 -0.009 1. 0. 1.070 0. 0. 1. 0.
1. 0.010 0. 44.759 -0.010 1. 0. 0.994 0. 0. 1. 0.
1. 0.011 0. 46.740 -0.011 1. 0. 0.982 0. 0. 1. 0.
1. 0.012 0. 48.751 -0.012 1. 0. 0.936 0. 0. 1. 0.
1.000 0.014 0. 50.746 -0.014 1.000 0. 0.870 0. 0. 1. 0.
1.000 0.015 0. 52.750 -0.015 1.000 0. 0.779 0. 0. 1. 0.
1.000 0.019 0. 54.835 -0.019 1.000 0. 0.733 0. 0. 1. 0.
1.000 0.021 0. 56.960 -0.021 1.000 0. 0.647 0. 0. 1. 0.
1.000 0.021 0. 59.066 -0.021 1.000 0. 0.587 0. 0. 1. 0.
1.000 0.022 0. 61.215 -0.022 1.000 0. 0.494 0. 0. 1. 0.
1.000 0.023 0. 63.403 -0.023 1.000 0. 0.393 0. 0. 1. 0.
1.000 0.024 0. 65.631 -0.024 1.000 0. 0.366 0. 0. 1. 0.
1.000 0.026 0. 67.889 -0.026 1.000 0. 0.293 0. 0. 1. 0.
1.000 0.027 0. 70.151 -0.027 1.000 0. 0.176 0. 0. 1. 0.
1.000 0.029 0. 72.433 -0.029 1.000 0. 0.090 0. 0. 1. 0.
1.000 0.028 0. 74.754 -0.028 1.000 0. -0.016 0. 0. 1. 0.
1.000 0.028 0. 77.040 -0.028 1.000 0. -0.108 0. 0. 1. 0.
1.000 0.027 0. 79.385 -0.027 1.000 0. -0.226 0. 0. 1. 0.
1.000 0.028 0. 81.763 -0.028 1.000 0. -0.297 0. 0. 1. 0.
1.000 0.028 0. 84.147 -0.028 1.000 0. -0.370 0. 0. 1. 0.
1.000 0.027 0. 86.509 -0.027 1.000 0. -0.486 0. 0. 1. 0.
1.000 0.025 0. 88.861 -0.025 1.000 0. -0.583 0. 0. 1. 0.
1.000 0.024 0. 91.249 -0.024 1.000 0. -0.710 0. 0. 1. 0.
1.000 0.020 0. 93.621 -0.020 1.000 0. -0.796 0. 0. 1. 0.
1.000 0.014 0. 96.000 -0.014 1.000 0. -0.853 0. 0. 1. 0.
1. 0.006 0. 98.528 -0.006 1. 0. -0.888 0. 0. 1. 0.
1. -0.001 0. 100.906 0.001 1. 0. -0.905 0. 0. 1. 0.
1. -0.008 0. 103.377 0.008 1. 0. -0.934 0. 0. 1. 0.
1. -0.013 0. 105.764 0.013 1. 0. -0.967 0. 0. 1. 0.
1.000 -0.017 0. 108.176 0.017 1.000 0. -0.972 0. 0. 1. 0.
1.000 -0.018 0. 110.596 0.018 1.000 0. -0.959 0. 0. 1. 0.
1. -0.013 0. 113.039 0.013 1. 0. -0.952 0. 0. 1. 0.
1. -0.014 0. 115.491 0.014 1. 0. -0.945 0. 0. 1. 0.
1. -0.012 0. 117.927 0.012 1. 0. -1.009 0. 0. 1. 0.
1. -0.012 0. 120.306 0.012 1. 0. -0.978 0. 0. 1. 0.
1. -0.009 0. 122.695 0.009 1. 0. -0.990 0. 0. 1. 0.
1. -0.010 0. 125.020 0.010 1. 0. -1.002 0. 0. 1. 0.
1. -0.008 0. 127.361 0.008 1. 0. -1.013 0. 0. 1. 0.
1. -0.008 0. 129.655 0.008 1. 0. -1.029 0. 0. 1. 0.
1. -0.008 0. 131.959 0.008 1. 0. -1.029 0. 0. 1. 0.
1. -0.007 0. 134.228 0.007 1. 0. -1.029 0. 0. 1. 0.
1. -0.007 0. 136.470 0.007 1. 0. -1.040 0. 0. 1. 0.
1. -0.007 0. 138.644 0.007 1. 0. -1.062 0. 0. 1. 0.
1. -0.007 0. 140.782 0.007 1. 0. -1.094 0. 0. 1. 0.
1. -0.006 0. 142.845 0.006 1. 0. -1.085 0. 0. 1. 0.
1. -0.006 0. 144.878 0.006 1. 0. -1.115 0. 0. 1. 0.
1. -0.007 0. 146.830 0.007 1. 0. -1.123 0. 0. 1. 0.
1. -0.006 0. 148.735 0.006 1. 0. -1.140 0. 0. 1. 0.
1. -0.007 0. 150.593 0.007 1. 0. -1.130 0. 0. 1. 0.
1. -0.006 0. 152.393 0.006 1. 0. -1.145 0. 0. 1. 0.
1. -0.005 0. 154.163 0.005 1. 0. -1.145 0. 0. 1. 0.
1. -0.004 0. 155.848 0.004 1. 0. -1.167 0. 0. 1. 0.
1. -0.004 0. 157.480 0.004 1. 0. -1.195 0. 0. 1. 0.
1. -0.005 0. 159.096 0.005 1. 0. -1.193 0. 0. 1. 0.
1. -0.005 0. 160.639 0.005 1. 0. -1.200 0. 0. 1. 0.
1. -0.005 0. 162.112 0.005 1. 0. -1.209 0. 0. 1. 0.
1. -0.005 0. 163.494 0.005 1. 0. -1.251 0. 0. 1. 0.
1. -0.005 0. 164.865 0.005 1. 0. -1.268 0. 0. 1. 0.
1. -0.008 0. 166.168 0.008 1. 0. -1.280 0. 0. 1. 0.
1. -0.011 0. 167.357 0.011 1. 0. -1.302 0. 0. 1. 0.
1. -0.011 0. 168.516 0.011 1. 0. -1.301 0. 0. 1. 0.
1. -0.013 0. 169.580 0.013 1. 0. -1.282 0. 0. 1. 0.
1. -0.014 0. 170.608 0.014 1. 0. -1.302 0. 0. 1. 0.
1.000 -0.015 0. 171.543 0.015 1.000 0. -1.299 0. 0. 1. 0.
1.000 -0.016 0. 172.410 0.016 1.000 0. -1.259 0. 0. 1. 0.
1.000 -0.018 0. 173.239 0.018 1.000 0. -1.279 0. 0. 1. 0.
1.000 -0.020 0. 173.981 0.020 1.000 0. -1.301 0. 0. 1. 0.
1.000 -0.018 0. 174.648 0.018 1.000 0. -1.271 0. 0. 1. 0.
1.000 -0.019 0. 175.262 0.019 1.000 0. -1.264 0. 0. 1. 0.
1.000 -0.017 0. 175.824 0.017 1.000 0. -1.267 0. 0. 1. 0.
1.000 -0.018 0. 176.314 0.018 1.000 0. -1.290 0. 0. 1. 0.
1.000 -0.018 0. 176.720 0.018 1.000 0. -1.264 0. 0. 1. 0.
1.000 -0.018 0. 177.060 0.018 1.000 0. -1.281 0. 0. 1. 0.
1.000 -0.017 0. 177.350 0.017 1.000 0. -1.265 0. 0. 1. 0.
1.000 -0.017 0. 177.567 0.017 1.000 0. -1.272 0. 0. 1. 0.
1.000 -0.017 0. 177.767 0.017 1.000 0. -1.273 0. 0. 1. 0.
1.000 -0.018 0. 177.976 0.018 1.000 0. -1.244 0. 0. 1. 0.
1.000 -0.018 0. 178.148 0.018 1.000 0. -1.242 0. 0. 1. 0.
1.000 -0.018 0. 178.287 0.018 1.000 0. -1.251 0. 0. 1. 0.
1.000 -0.018 0. 178.402 0.018 1.000 0. -1.269 0. 0. 1. 0.
1.000 -0.018 0. 178.501 0.018 1.000 0. -1.248 0. 0. 1. 0.
1.000 -0.019 0. 178.586 0.019 1.000 0. -1.254 0. 0. 1. 0.
1.000 -0.019 0. 178.674 0.019 1.000 0. -1.262 0. 0. 1. 0.
1.000 -0.018 0. 178.750 0.018 1.000 0. -1.269 0. 0. 1. 0.
1.000 -0.017 0. 178.810 0.017 1.000 0. -1.263 0. 0. 1. 0.
1.000 -0.018 0. 178.904 0.018 1.000 0. -1.243 0. 0. 1. 0.
1.000 -0.019 0. 179.001 0.019 1.000 0. -1.245 0. 0. 1. 0.
1.000 -0.019 0. 179.129 0.019 1.000 0. -1.245 0. 0. 1. 0.
1.000 -0.019 0. 179.286 0.019 1.000 0. -1.245 0. 0. 1. 0.
1.000 -0.018 0. 179.508 0.018 1.000 0. -1.250 0. 0. 1. 0.
1.000 -0.018 0. 179.753 0.018 1.000 0. -1.247 0. 0. 1. 0.
1.000 -0.018 0. 180.034 0.018 1.000 0. -1.231 0. 0. 1. 0.
1.000 -0.018 0. 180.370 0.018 1.000 0. -1.240 0. 0. 1. 0.
1.000 -0.018 0. 180.774 0.018 1.000 0. -1.243 0. 0. 1. 0.
1.000 -0.017 0. 181.218 0.017 1.000 0. -1.262 0. 0. 1. 0.
1.000 -0.016 0. 181.763 0.016 1.000 0. -1.242 0. 0. 1. 0.
1.000 -0.015 0. 182.365 0.015 1.000 0. -1.252 0. 0. 1. 0.
1. -0.013 0. 183.022 0.013 1. 0. -1.256 0. 0. 1. 0.
1. -0.012 0. 183.764 0.012 1. 0. -1.274 0. 0. 1. 0.
1. -0.013 0. 184.590 0.013 1. 0. -1.248 0. 0. 1. 0.
1. -0.013 0. 185.554 0.013 1. 0. -1.233 0. 0. 1. 0.
1. -0.010 0. 186.606 0.010 1. 0. -1.247 0. 0. 1. 0.
1. -0.008 0. 187.727 0.008 1. 0. -1.292 0. 0. 1. 0.
1. -0.005 0. 188.955 0.005 1. 0. -1.303 0. 0. 1. 0.
1. -0.005 0. 190.269 0.005 1. 0. -1.317 0. 0. 1. 0.
1. -0.005 0. 191.679 0.005 1. 0. -1.331 0. 0. 1. 0.
1. -0.004 0. 193.141 0.004 1. 0. -1.328 0. 0. 1. 0.
1. -0.005 0. 194.717 0.005 1. 0. -1.364 0. 0. 1. 0.
1. -0.003 0. 196.333 0.003 1. 0. -1.390 0. 0. 1. 0.
1. -0.003 0. 197.979 0.003 1. 0. -1.380 0. 0. 1. 0.
1. -0.004 0. 199.724 0.004 1. 0. -1.432 0. 0. 1. 0.
1. -0.005 0. 201.481 0.005 1. 0. -1.434 0. 0. 1. 0.
1. -0.004 0. 203.265 0.004 1. 0. -1.456 0. 0. 1. 0.
1. -0.005 0. 205.109 0.005 1. 0. -1.449 0. 0. 1. 0.
1. -0.006 0. 207.015 0.006 1. 0. -1.478 0. 0. 1. 0.
1. -0.007 0. 208.939 0.007 1. 0. -1.463 0. 0. 1. 0.
1. -0.011 0. 210.890 0.011 1. 0. -1.439 0. 0. 1. 0.
1.000 -0.015 0. 212.865 0.015 1.000 0. -1.431 0. 0. 1. 0.
1.000 -0.020 0. 214.848 0.020 1.000 0. -1.427 0. 0. 1. 0.
1.000 -0.025 0. 216.835 0.025 1.000 0. -1.388 0. 0. 1. 0.
1.000 -0.031 0. 218.830 0.031 1.000 0. -1.363 0. 0. 1. 0.
0.999 -0.037 0. 220.846 0.037 0.999 0. -1.320 0. 0. 1. 0.
0.999 -0.045 0. 222.868 0.045 0.999 0. -1.290 0. 0. 1. 0.
0.999 -0.053 0. 224.870 0.053 0.999 0. -1.208 0. 0. 1. 0.
0.998 -0.064 0. 226.897 0.064 0.998 0. -1.091 0. 0. 1. 0.
0.997 -0.077 0. 229. 0.077 0.997 0. -0.954 0. 0. 1. 0.
0.996 -0.086 0. 231.005 0.086 0.996 0. -0.766 0. 0. 1. 0.
0.995 -0.095 0. 233.018 0.095 0.995 0. -0.619 0. 0. 1. 0.
0.995 -0.103 0. 235.059 0.103 0.995 0. -0.402 0. 0. 1. 0.
0.994 -0.111 0. 237.207 0.111 0.994 0. -0.200 0. 0. 1. 0.
0.993 -0.116 0. 239.302 0.116 0.993 0. 0.023 0. 0. 1. 0.
0.993 -0.120 0. 241.277 0.120 0.993 0. 0.292 0. 0. 1. 0.
0.993 -0.121 0. 243.409 0.121 0.993 0. 0.542 0. 0. 1. 0.
0.993 -0.119 0. 245.513 0.119 0.993 0. 0.746 0. 0. 1. 0.
0.993 -0.120 0. 247.634 0.120 0.993 0. 0.945 0. 0. 1. 0.
0.993 -0.121 0. 249.731 0.121 0.993 0. 1.211 0. 0. 1. 0.
0.993 -0.120 0. 251.825 0.120 0.993 0. 1.412 0. 0. 1. 0.
0.993 -0.121 0. 253.967 0.121 0.993 0. 1.665 0. 0. 1. 0.
0.993 -0.118 0. 256.132 0.118 0.993 0. 1.874 0. 0. 1. 0.
0.993 -0.117 0. 258.287 0.117 0.993 0. 2.072 0. 0. 1. 0.
0.993 -0.118 0. 260.479 0.118 0.993 0. 2.343 0. 0. 1. 0.
0.993 -0.117 0. 262.677 0.117 0.993 0. 2.567 0. 0. 1. 0.
0.993 -0.116 0. 264.915 0.116 0.993 0. 2.758 0. 0. 1. 0.
0.993 -0.116 0. 267.130 0.116 0.993 0. 3.056 0. 0. 1. 0.
0.993 -0.115 0. 269.380 0.115 0.993 0. 3.247 0. 0. 1. 0.
0.993 -0.115 0. 271.589 0.115 0.993 0. 3.468 0. 0. 1. 0.
0.993 -0.114 0. 273.853 0.114 0.993 0. 3.764 0. 0. 1. 0.
0.993 -0.115 0. 276.141 0.115 0.993 0. 4.026 0. 0. 1. 0.
0.994 -0.114 0. 278.442 0.114 0.994 0. 4.173 0. 0. 1. 0.
0.994 -0.114 0. 280.732 0.114 0.994 0. 4.436 0. 0. 1. 0.
0.994 -0.111 0. 283.016 0.111 0.994 0. 4.722 0. 0. 1. 0.
0.994 -0.113 0. 285.366 0.113 0.994 0. 4.942 0. 0. 1. 0.
0.994 -0.113 0. 287.709 0.113 0.994 0. 5.177 0. 0. 1. 0.
0.993 -0.119 0. 290.090 0.119 0.993 0. 5.395 0. 0. 1. 0.
0.992 -0.123 0. 292.476 0.123 0.992 0. 5.637 0. 0. 1. 0.
0.992 -0.129 0. 294.816 0.129 0.992 0. 5.912 0. 0. 1. 0.
0.991 -0.133 0. 297.130 0.133 0.991 0. 6.154 0. 0. 1. 0.
0.991 -0.133 0. 299.476 0.133 0.991 0. 6.436 0. 0. 1. 0.
0.991 -0.132 0. 301.793 0.132 0.991 0. 6.692 0. 0. 1. 0.
0.991 -0.131 0. 304.088 0.131 0.991 0. 6.998 0. 0. 1. 0.
0.992 -0.127 0. 306.321 0.127 0.992 0. 7.208 0. 0. 1. 0.
0.992 -0.126 0. 308.554 0.126 0.992 0. 7.402 0. 0. 1. 0.
0.992 -0.124 0. 310.733 0.124 0.992 0. 7.615 0. 0. 1. 0.
0.992 -0.123 0. 312.885 0.123 0.992 0. 7.902 0. 0. 1. 0.
0.993 -0.122 0. 314.925 0.122 0.993 0. 8.105 0. 0. 1. 0.
0.993 -0.120 0. 316.958 0.120 0.993 0. 8.272 0. 0. 1. 0.
0.993 -0.120 0. 318.922 0.120 0.993 0. 8.498 0. 0. 1. 0.
0.993 -0.119 0. 320.863 0.119 0.993 0. 8.713 0. 0. 1. 0.
0.993 -0.116 0. 322.751 0.116 0.993 0. 8.920 0. 0. 1. 0.
0.993 -0.115 0. 324.608 0.115 0.993 0. 9.033 0. 0. 1. 0.
0.993 -0.114 0. 326.390 0.114 0.993 0. 9.200 0. 0. 1. 0.
0.994 -0.111 0. 328.114 0.111 0.994 0. 9.376 0. 0. 1. 0.
0.994 -0.109 0. 329.801 0.109 0.994 0. 9.534 0. 0. 1. 0.
0.994 -0.107 0. 331.498 0.107 0.994 0. 9.657 0. 0. 1. 0.
0.994 -0.106 0. 333.107 0.106 0.994 0. 9.826 0. 0. 1. 0.
0.995 -0.102 0. 334.652 0.102 0.995 0. 9.968 0. 0. 1. 0.
0.995 -0.098 0. 336.180 0.098 0.995 0. 10.065 0. 0. 1. 0.
0.996 -0.093 0. 337.621 0.093 0.996 0. 10.227 0. 0. 1. 0.
0.996 -0.088 0. 339.016 0.088 0.996 0. 10.288 0. 0. 1. 0.
0.996 -0.085 0. 340.385 0.085 0.996 0. 10.402 0. 0. 1. 0.
0.997 -0.083 0. 341.704 0.083 0.997 0. 10.448 0. 0. 1. 0.
0.997 -0.081 0. 342.937 0.081 0.997 0. 10.517 0. 0. 1. 0.
0.997 -0.077 0. 344.109 0.077 0.997 0. 10.556 0. 0. 1. 0.
0.997 -0.075 0. 345.198 0.075 0.997 0. 10.694 0. 0. 1. 0.
0.997 -0.074 0. 346.320 0.074 0.997 0. 10.734 0. 0. 1. 0.
0.997 -0.072 0. 347.310 0.072 0.997 0. 10.786 0. 0. 1. 0.
0.998 -0.070 0. 348.270 0.070 0.998 0. 10.821 0. 0. 1. 0.
0.998 -0.065 0. 349.154 0.065 0.998 0. 10.880 0. 0. 1. 0.
0.998 -0.057 0. 349.981 0.057 0.998 0. 10.926 0. 0. 1. 0.
0.999 -0.046 0. 350.751 0.046 0.999 0. 10.958 0. 0. 1. 0.
0.999 -0.034 0. 351.469 0.034 0.999 0. 10.901 0. 0. 1. 0.
1.000 -0.026 0. 352.118 0.026 1.000 0. 10.920 0. 0. 1. 0.
1.000 -0.017 0. 352.765 0.017 1.000 0. 10.917 0. 0. 1. 0.
1. -0.010 0. 353.357 0.010 1. 0. 10.866 0. 0. 1. 0.
1. -0.005 0. 353.865 0.005 1. 0. 10.903 0. 0. 1. 0.
1. -0.003 0. 354.340 0.003 1. 0. 10.844 0. 0. 1. 0.
1. 0. 0. 354.713 -0. 1. 0. 10.797 0. 0. 1. 0.
1. -0.000 0. 355.054 0.000 1. 0. 10.827 0. 0. 1. 0.
1. 0.001 0. 355.285 -0.001 1. 0. 10.832 0. 0. 1. 0.
1. 0.004 0. 355.458 -0.004 1. 0. 10.815 0. 0. 1. 0.
1. 0.003 0. 355.574 -0.003 1. 0. 10.831 0. 0. 1. 0.
1. 0.003 0. 355.679 -0.003 1. 0. 10.815 0. 0. 1. 0.
1. 0.005 0. 355.788 -0.005 1. 0. 10.787 0. 0. 1. 0.
1. 0.006 0. 355.953 -0.006 1. 0. 10.786 0. 0. 1. 0.
1. 0.009 0. 356.088 -0.009 1. 0. 10.788 0. 0. 1. 0.
1. 0.012 0. 356.321 -0.012 1. 0. 10.757 0. 0. 1. 0.
1.000 0.017 0. 356.589 -0.017 1.000 0. 10.739 0. 0. 1. 0.
1.000 0.021 0. 356.865 -0.021 1.000 0. 10.721 0. 0. 1. 0.
1.000 0.030 0. 357.251 -0.030 1.000 0. 10.656 0. 0. 1. 0.
0.999 0.038 0. 357.697 -0.038 0.999 0. 10.651 0. 0. 1. 0.
0.999 0.046 0. 358.177 -0.046 0.999 0. 10.641 0. 0. 1. 0.
0.999 0.053 0. 358.674 -0.053 0.999 0. 10.562 0. 0. 1. 0.
0.998 0.058 0. 359.275 -0.058 0.998 0. 10.552 0. 0. 1. 0.
0.998 0.062 0. 359.876 -0.062 0.998 0. 10.533 0. 0. 1. 0.
0.998 0.065 0. 360.548 -0.065 0.998 0. 10.466 0. 0. 1. 0.
0.998 0.068 0. 361.296 -0.068 0.998 0. 10.369 0. 0. 1. 0.
0.998 0.070 0. 362.068 -0.070 0.998 0. 10.316 0. 0. 1. 0.
0.997 0.072 0. 362.909 -0.072 0.997 0. 10.204 0. 0. 1. 0.
0.997 0.071 0. 363.842 -0.071 0.997 0. 10.159 0. 0. 1. 0.
0.997 0.072 0. 364.825 -0.072 0.997 0. 10.056 0. 0. 1. 0.
0.997 0.071 0. 365.917 -0.071 0.997 0. 9.965 0. 0. 1. 0.
0.997 0.071 0. 367.122 -0.071 0.997 0. 9.893 0. 0. 1. 0.
0.998 0.067 0. 368.427 -0.067 0.998 0. 9.808 0. 0. 1. 0.
0.998 0.067 0. 369.771 -0.067 0.998 0. 9.626 0. 0. 1. 0.
0.998 0.063 0. 371.211 -0.063 0.998 0. 9.540 0. 0. 1. 0.
0.998 0.060 0. 372.653 -0.060 0.998 0. 9.419 0. 0. 1. 0.
0.998 0.059 0. 374.217 -0.059 0.998 0. 9.277 0. 0. 1. 0.
0.998 0.059 0. 375.841 -0.059 0.998 0. 9.151 0. 0. 1. 0.
0.998 0.058 0. 377.540 -0.058 0.998 0. 9.001 0. 0. 1. 0.
0.998 0.059 0. 379.255 -0.059 0.998 0. 8.971 0. 0. 1. 0.
0.998 0.058 0. 381.038 -0.058 0.998 0. 8.794 0. 0. 1. 0.
0.998 0.059 0. 382.868 -0.059 0.998 0. 8.712 0. 0. 1. 0.
0.998 0.057 0. 384.722 -0.057 0.998 0. 8.587 0. 0. 1. 0.
0.999 0.054 0. 386.622 -0.054 0.999 0. 8.477 0. 0. 1. 0.
0.999 0.053 0. 388.513 -0.053 0.999 0. 8.354 0. 0. 1. 0.
0.999 0.052 0. 390.439 -0.052 0.999 0. 8.175 0. 0. 1. 0.
0.999 0.049 0. 392.414 -0.049 0.999 0. 8.046 0. 0. 1. 0.
0.999 0.046 0. 394.409 -0.046 0.999 0. 7.922 0. 0. 1. 0.
0.999 0.043 0. 396.316 -0.043 0.999 0. 7.843 0. 0. 1. 0.
0.999 0.041 0. 398.249 -0.041 0.999 0. 7.731 0. 0. 1. 0.
0.999 0.038 0. 400.117 -0.038 0.999 0. 7.638 0. 0. 1. 0.
0.999 0.036 0. 401.989 -0.036 0.999 0. 7.547 0. 0. 1. 0.
0.999 0.032 0. 403.845 -0.032 0.999 0. 7.460 0. 0. 1. 0.
1.000 0.031 0. 405.646 -0.031 1.000 0. 7.385 0. 0. 1. 0.
1.000 0.028 0. 407.465 -0.028 1.000 0. 7.323 0. 0. 1. 0.
1.000 0.026 0. 409.225 -0.026 1.000 0. 7.256 0. 0. 1. 0.
1.000 0.022 0. 410.947 -0.022 1.000 0. 7.193 0. 0. 1. 0.
1.000 0.021 0. 412.653 -0.021 1.000 0. 7.135 0. 0. 1. 0.
1.000 0.017 0. 414.392 -0.017 1.000 0. 7.091 0. 0. 1. 0.
1.000 0.016 0. 416.082 -0.016 1.000 0. 7.000 0. 0. 1. 0.
1. 0.013 0. 417.758 -0.013 1. 0. 6.955 0. 0. 1. 0.
1. 0.011 0. 419.409 -0.011 1. 0. 6.913 0. 0. 1. 0.
1. 0.008 0. 421.074 -0.008 1. 0. 6.874 0. 0. 1. 0.
1. 0.007 0. 422.685 -0.007 1. 0. 6.847 0. 0. 1. 0.
1. 0.004 0. 424.329 -0.004 1. 0. 6.802 0. 0. 1. 0.
1. 0.002 0. 425.918 -0.002 1. 0. 6.780 0. 0. 1. 0.
1. 0.001 0. 427.515 -0.001 1. 0. 6.740 0. 0. 1. 0.
1. 0.000 0. 429.107 -0.000 1. 0. 6.736 0. 0. 1. 0.
1. 0. 0. 430.602 -0. 1. 0. 6.686 0. 0. 1. 0.
1. -0.001 0. 432.188 0.001 1. 0. 6.626 0. 0. 1. 0.
1. -0.002 0. 433.714 0.002 1. 0. 6.649 0. 0. 1. 0.
1. -0.004 0. 435.211 0.004 1. 0. 6.615 0. 0. 1. 0.
1. -0.007 0. 436.747 0.007 1. 0. 6.614 0. 0. 1. 0.
1. -0.008 0. 438.277 0.008 1. 0. 6.599 0. 0. 1. 0.
1. -0.009 0. 439.861 0.009 1. 0. 6.583 0. 0. 1. 0.
1. -0.009 0. 441.463 0.009 1. 0. 6.601 0. 0. 1. 0.
1. -0.012 0. 443.095 0.012 1. 0. 6.582 0. 0. 1. 0.
1. -0.014 0. 444.701 0.014 1. 0. 6.550 0. 0. 1. 0.
1.000 -0.017 0. 446.320 0.017 1.000 0. 6.587 0. 0. 1. 0.
1.000 -0.021 0. 447.909 0.021 1.000 0. 6.574 0. 0. 1. 0.
1.000 -0.024 0. 449.490 0.024 1.000 0. 6.607 0. 0. 1. 0.
1.000 -0.029 0. 451.039 0.029 1.000 0. 6.632 0. 0. 1. 0.
1.000 -0.031 0. 452.534 0.031 1.000 0. 6.685 0. 0. 1. 0.
0.999 -0.034 0. 454.019 0.034 0.999 0. 6.699 0. 0. 1. 0.
0.999 -0.037 0. 455.468 0.037 0.999 0. 6.726 0. 0. 1. 0.
0.999 -0.039 0. 456.902 0.039 0.999 0. 6.778 0. 0. 1. 0.
0.999 -0.038 0. 458.287 0.038 0.999 0. 6.820 0. 0. 1. 0.
0.999 -0.036 0. 459.637 0.036 0.999 0. 6.819 0. 0. 1. 0.
0.999 -0.032 0. 460.905 0.032 0.999 0. 6.839 0. 0. 1. 0.
1.000 -0.024 0. 462.209 0.024 1.000 0. 6.818 0. 0. 1. 0.
1. -0.012 0. 463.403 0.012 1. 0. 6.840 0. 0. 1. 0.
1. 0.008 0. 464.597 -0.008 1. 0. 6.787 0. 0. 1. 0.
0.999 0.039 0. 465.721 -0.039 0.999 0. 6.733 0. 0. 1. 0.
0.997 0.077 0. 466.806 -0.077 0.997 0. 6.590 0. 0. 1. 0.
0.993 0.120 0. 467.828 -0.120 0.993 0. 6.411 0. 0. 1. 0.
0.985 0.170 0. 468.843 -0.170 0.985 0. 6.199 0. 0. 1. 0.
0.974 0.226 0. 469.775 -0.226 0.974 0. 5.951 0. 0. 1. 0.
0.958 0.286 0. 470.627 -0.286 0.958 0. 5.674 0. 0. 1. 0.
0.935 0.356 0. 471.428 -0.356 0.935 0. 5.318 0. 0. 1. 0.
0.902 0.431 0. 472.130 -0.431 0.902 0. 4.837 0. 0. 1. 0.
0.862 0.507 0. 472.787 -0.507 0.862 0. 4.369 0. 0. 1. 0.
0.815 0.580 0. 473.396 -0.580 0.815 0. 3.901 0. 0. 1. 0.
0.763 0.646 0. 473.783 -0.646 0.763 0. 3.376 0. 0. 1. 0.
0.708 0.706 0. 474.184 -0.706 0.708 0. 2.886 0. 0. 1. 0.
0.650 0.760 0. 474.500 -0.760 0.650 0. 2.342 0. 0. 1. 0.
0.588 0.809 0. 474.776 -0.809 0.588 0. 1.839 0. 0. 1. 0.
0.529 0.849 0. 475.027 -0.849 0.529 0. 1.327 0. 0. 1. 0.
0.469 0.883 0. 475.239 -0.883 0.469 0. 0.842 0. 0. 1. 0.
0.405 0.914 0. 475.373 -0.914 0.405 0. 0.342 0. 0. 1. 0.
0.341 0.940 0. 475.489 -0.940 0.341 0. -0.150 0. 0. 1. 0.
0.268 0.964 0. 475.564 -0.964 0.268 0. -0.648 0. 0. 1. 0.
0.183 0.983 0. 475.626 -0.983 0.183 0. -1.278 0. 0. 1. 0.
0.086 0.996 0. 475.610 -0.996 0.086 0. -1.918 0. 0. 1. 0.
-0.020 1.000 0. 475.509 -1.000 -0.020 0. -2.650 0. 0. 1. 0.
-0.137 0.991 0. 475.327 -0.991 -0.137 0. -3.465 0. 0. 1. 0.
-0.260 0.966 0. 474.997 -0.966 -0.260 0. -4.320 0. 0. 1. 0.
-0.383 0.924 0. 474.534 -0.924 -0.383 0. -5.243 0. 0. 1. 0.
-0.502 0.865 0. 473.913 -0.865 -0.502 0. -6.139 0. 0. 1. 0.
-0.608 0.794 0. 473.157 -0.794 -0.608 0. -7.032 0. 0. 1. 0.
-0.699 0.715 0. 472.227 -0.715 -0.699 0. -7.907 0. 0. 1. 0.
-0.772 0.636 0. 471.169 -0.636 -0.772 0. -8.704 0. 0. 1. 0.
-0.826 0.564 0. 469.956 -0.564 -0.826 0. -9.513 0. 0. 1. 0.
-0.859 0.512 0. 468.562 -0.512 -0.859 0. -10.275 0. 0. 1. 0.
-0.880 0.475 0. 467.011 -0.475 -0.880 0. -11.000 0. 0. 1. 0.
-0.892 0.452 0. 465.392 -0.452 -0.892 0. -11.737 0. 0. 1. 0.
-0.899 0.437 0. 463.656 -0.437 -0.899 0. -12.512 0. 0. 1. 0.
-0.903 0.429 0. 461.778 -0.429 -0.903 0. -13.319 0. 0. 1. 0.
-0.905 0.425 0. 459.822 -0.425 -0.905 0. -14.194 0. 0. 1. 0.
-0.907 0.421 0. 457.766 -0.421 -0.907 0. -15.005 0. 0. 1. 0.
-0.909 0.416 0. 455.654 -0.416 -0.909 0. -15.981 0. 0. 1. 0.
-0.911 0.413 0. 453.409 -0.413 -0.911 0. -16.923 0. 0. 1. 0.
-0.911 0.413 0. 451.074 -0.413 -0.911 0. -17.949 0. 0. 1. 0.
-0.912 0.411 0. 448.723 -0.411 -0.912 0. -18.965 0. 0. 1. 0.
-0.912 0.409 0. 446.271 -0.409 -0.912 0. -19.973 0. 0. 1. 0.
-0.914 0.405 0. 443.859 -0.405 -0.914 0. -21.005 0. 0. 1. 0.
-0.914 0.405 0. 441.422 -0.405 -0.914 0. -22.044 0. 0. 1. 0.
-0.914 0.405 0. 439.098 -0.405 -0.914 0. -23.080 0. 0. 1. 0.
-0.913 0.407 0. 436.679 -0.407 -0.913 0. -24.092 0. 0. 1. 0.
-0.913 0.407 0. 434.404 -0.407 -0.913 0. -25.136 0. 0. 1. 0.
-0.914 0.406 0. 432.036 -0.406 -0.914 0. -26.101 0. 0. 1. 0.
-0.913 0.408 0. 429.730 -0.408 -0.913 0. -27.094 0. 0. 1. 0.
-0.913 0.408 0. 427.535 -0.408 -0.913 0. -28.148 0. 0. 1. 0.
-0.913 0.408 0. 425.237 -0.408 -0.913 0. -29.104 0. 0. 1. 0.
-0.914 0.406 0. 423.006 -0.406 -0.914 0. -30.045 0. 0. 1. 0.
-0.915 0.404 0. 420.782 -0.404 -0.915 0. -31.010 0. 0. 1. 0.
-0.915 0.403 0. 418.638 -0.403 -0.915 0. -31.918 0. 0. 1. 0.
-0.917 0.400 0. 416.540 -0.400 -0.917 0. -32.823 0. 0. 1. 0.
-0.917 0.398 0. 414.468 -0.398 -0.917 0. -33.641 0. 0. 1. 0.
-0.918 0.396 0. 412.510 -0.396 -0.918 0. -34.480 0. 0. 1. 0.
-0.919 0.394 0. 410.529 -0.394 -0.919 0. -35.284 0. 0. 1. 0.
-0.920 0.392 0. 408.672 -0.392 -0.920 0. -36.138 0. 0. 1. 0.
-0.921 0.389 0. 406.845 -0.389 -0.921 0. -36.811 0. 0. 1. 0.
-0.922 0.386 0. 405.059 -0.386 -0.922 0. -37.524 0. 0. 1. 0.
-0.923 0.384 0. 403.365 -0.384 -0.923 0. -38.222 0. 0. 1. 0.
-0.924 0.382 0. 401.761 -0.382 -0.924 0. -38.861 0. 0. 1. 0.
-0.924 0.382 0. 400.205 -0.382 -0.924 0. -39.454 0. 0. 1. 0.
-0.924 0.382 0. 398.713 -0.382 -0.924 0. -40.036 0. 0. 1. 0.
-0.925 0.380 0. 397.336 -0.380 -0.925 0. -40.584 0. 0. 1. 0.
-0.925 0.379 0. 396.054 -0.379 -0.925 0. -41.096 0. 0. 1. 0.
-0.926 0.379 0. 394.827 -0.379 -0.926 0. -41.621 0. 0. 1. 0.
-0.925 0.379 0. 393.665 -0.379 -0.925 0. -42.070 0. 0. 1. 0.
-0.924 0.381 0. 392.606 -0.381 -0.924 0. -42.495 0. 0. 1. 0.
-0.924 0.382 0. 391.640 -0.382 -0.924 0. -42.887 0. 0. 1. 0.
-0.924 0.382 0. 390.747 -0.382 -0.924 0. -43.253 0. 0. 1. 0.
-0.925 0.381 0. 389.951 -0.381 -0.925 0. -43.580 0. 0. 1. 0.
-0.925 0.381 0. 389.228 -0.381 -0.925 0. -43.877 0. 0. 1. 0.
-0.925 0.380 0. 388.547 -0.380 -0.925 0. -44.091 0. 0. 1. 0.
-0.925 0.380 0. 387.941 -0.380 -0.925 0. -44.317 0. 0. 1. 0.
-0.925 0.380 0. 387.460 -0.380 -0.925 0. -44.547 0. 0. 1. 0.
-0.925 0.380 0. 387.098 -0.380 -0.925 0. -44.703 0. 0. 1. 0.
-0.925 0.381 0. 386.768 -0.381 -0.925 0. -44.835 0. 0. 1. 0.
-0.924 0.381 0. 386.535 -0.381 -0.924 0. -44.920 0. 0. 1. 0.
-0.924 0.381 0. 386.284 -0.381 -0.924 0. -45.015 0. 0. 1. 0.
-0.925 0.381 0. 386.043 -0.381 -0.925 0. -45.094 0. 0. 1. 0.
-0.924 0.381 0. 385.811 -0.381 -0.924 0. -45.181 0. 0. 1. 0.
-0.925 0.380 0. 385.623 -0.380 -0.925 0. -45.275 0. 0. 1. 0.
-0.925 0.380 0. 385.445 -0.380 -0.925 0. -45.334 0. 0. 1. 0.
-0.925 0.380 0. 385.318 -0.380 -0.925 0. -45.371 0. 0. 1. 0.
-0.925 0.380 0. 385.191 -0.380 -0.925 0. -45.417 0. 0. 1. 0.
-0.925 0.380 0. 385.096 -0.380 -0.925 0. -45.466 0. 0. 1. 0.
-0.925 0.380 0. 384.997 -0.380 -0.925 0. -45.499 0. 0. 1. 0.
-0.925 0.381 0. 384.907 -0.381 -0.925 0. -45.537 0. 0. 1. 0.
-0.925 0.380 0. 384.824 -0.380 -0.925 0. -45.568 0. 0. 1. 0.
-0.925 0.381 0. 384.761 -0.381 -0.925 0. -45.581 0. 0. 1. 0.
-0.925 0.381 0. 384.684 -0.381 -0.925 0. -45.619 0. 0. 1. 0.
-0.924 0.381 0. 384.588 -0.381 -0.924 0. -45.640 0. 0. 1. 0.
-0.925 0.381 0. 384.549 -0.381 -0.925 0. -45.676 0. 0. 1. 0.
-0.925 0.380 0. 384.459 -0.380 -0.925 0. -45.710 0. 0. 1. 0.
-0.925 0.380 0. 384.392 -0.380 -0.925 0. -45.785 0. 0. 1. 0.
-0.925 0.380 0. 384.320 -0.380 -0.925 0. -45.774 0. 0. 1. 0.
-0.925 0.380 0. 384.250 -0.380 -0.925 0. -45.775 0. 0. 1. 0.
-0.925 0.380 0. 384.207 -0.380 -0.925 0. -45.812 0. 0. 1. 0.
-0.925 0.380 0. 384.179 -0.380 -0.925 0. -45.833 0. 0. 1. 0.
-0.925 0.379 0. 384.122 -0.379 -0.925 0. -45.848 0. 0. 1. 0.
-0.925 0.380 0. 384.086 -0.380 -0.925 0. -45.852 0. 0. 1. 0.
-0.925 0.379 0. 384.044 -0.379 -0.925 0. -45.880 0. 0. 1. 0.
-0.925 0.380 0. 383.999 -0.380 -0.925 0. -45.873 0. 0. 1. 0.
-0.925 0.380 0. 383.996 -0.380 -0.925 0. -45.901 0. 0. 1. 0.
-0.925 0.381 0. 383.964 -0.381 -0.925 0. -45.894 0. 0. 1. 0.
-0.925 0.380 0. 383.949 -0.380 -0.925 0. -45.906 0. 0. 1. 0.
-0.925 0.380 0. 383.940 -0.380 -0.925 0. -45.901 0. 0. 1. 0.
-0.925 0.380 0. 383.922 -0.380 -0.925 0. -45.912 0. 0. 1. 0.
-0.925 0.380 0. 383.901 -0.380 -0.925 0. -45.915 0. 0. 1. 0.
-0.925 0.380 0. 383.893 -0.380 -0.925 0. -45.929 0. 0. 1. 0.
-0.925 0.380 0. 383.883 -0.380 -0.925 0. -45.951 0. 0. 1. 0.
-0.925 0.380 0. 383.865 -0.380 -0.925 0. -45.939 0. 0. 1. 0.
-0.925 0.380 0. 383.871 -0.380 -0.925 0. -45.953 0. 0. 1. 0.
-0.925 0.380 0. 383.853 -0.380 -0.925 0. -45.972 0. 0. 1. 0.
-0.925 0.380 0. 383.835 -0.380 -0.925 0. -45.962 0. 0. 1. 0.
-0.925 0.380 0. 383.834 -0.380 -0.925 0. -45.971 0. 0. 1. 0.
-0.925 0.380 0. 383.808 -0.380 -0.925 0. -45.971 0. 0. 1. 0.
-0.925 0.379 0. 383.781 -0.379 -0.925 0. -45.981 0. 0. 1. 0.
-0.925 0.380 0. 383.752 -0.380 -0.925 0. -46.008 0. 0. 1. 0.
-0.925 0.381 0. 383.700 -0.381 -0.925 0. -46.020 0. 0. 1. 0.
-0.925 0.381 0. 383.620 -0.381 -0.925 0. -46.058 0. 0. 1. 0.
-0.925 0.380 0. 383.533 -0.380 -0.925 0. -46.118 0. 0. 1. 0.
-0.925 0.380 0. 383.422 -0.380 -0.925 0. -46.137 0. 0. 1. 0.
-0.925 0.380 0. 383.323 -0.380 -0.925 0. -46.176 0. 0. 1. 0.
-0.925 0.380 0. 383.177 -0.380 -0.925 0. -46.237 0. 0. 1. 0.
-0.925 0.381 0. 383.066 -0.381 -0.925 0. -46.264 0. 0. 1. 0.
-0.925 0.381 0. 382.952 -0.381 -0.925 0. -46.301 0. 0. 1. 0.
-0.925 0.381 0. 382.840 -0.381 -0.925 0. -46.356 0. 0. 1. 0.
-0.925 0.381 0. 382.710 -0.381 -0.925 0. -46.378 0. 0. 1. 0.
-0.925 0.380 0. 382.601 -0.380 -0.925 0. -46.428 0. 0. 1. 0.
-0.925 0.381 0. 382.468 -0.381 -0.925 0. -46.480 0. 0. 1. 0.
-0.924 0.381 0. 382.327 -0.381 -0.924 0. -46.583 0. 0. 1. 0.
-0.925 0.381 0. 382.088 -0.381 -0.925 0. -46.651 0. 0. 1. 0.
-0.925 0.380 0. 381.822 -0.380 -0.925 0. -46.764 0. 0. 1. 0.
-0.925 0.379 0. 381.431 -0.379 -0.925 0. -46.912 0. 0. 1. 0.
-0.924 0.381 0. 381.005 -0.381 -0.924 0. -47.093 0. 0. 1. 0.
-0.925 0.380 0. 380.447 -0.380 -0.925 0. -47.271 0. 0. 1. 0.
-0.925 0.380 0. 379.712 -0.380 -0.925 0. -47.582 0. 0. 1. 0.
-0.924 0.382 0. 378.934 -0.382 -0.924 0. -47.949 0. 0. 1. 0.
-0.924 0.382 0. 378.006 -0.382 -0.924 0. -48.275 0. 0. 1. 0.
-0.925 0.381 0. 376.962 -0.381 -0.925 0. -48.698 0. 0. 1. 0.
-0.926 0.378 0. 375.776 -0.378 -0.926 0. -49.184 0. 0. 1. 0.
-0.927 0.375 0. 374.480 -0.375 -0.927 0. -49.711 0. 0. 1. 0.
-0.928 0.372 0. 373.017 -0.372 -0.928 0. -50.192 0. 0. 1. 0.
-0.931 0.365 0. 371.476 -0.365 -0.931 0. -50.831 0. 0. 1. 0.
-0.934 0.357 0. 369.809 -0.357 -0.934 0. -51.424 0. 0. 1. 0.
-0.938 0.345 0. 368.047 -0.345 -0.938 0. -52.069 0. 0. 1. 0.
-0.943 0.333 0. 366.184 -0.333 -0.943 0. -52.672 0. 0. 1. 0.
-0.948 0.320 0. 364.216 -0.320 -0.948 0. -53.273 0. 0. 1. 0.
-0.951 0.308 0. 362.168 -0.308 -0.951 0. -53.934 0. 0. 1. 0.
-0.954 0.298 0. 360.043 -0.298 -0.954 0. -54.592 0. 0. 1. 0.
-0.956 0.292 0. 357.800 -0.292 -0.956 0. -55.197 0. 0. 1. 0.
-0.958 0.288 0. 355.546 -0.288 -0.958 0. -55.869 0. 0. 1. 0.
-0.959 0.282 0. 353.171 -0.282 -0.959 0. -56.549 0. 0. 1. 0.
-0.960 0.280 0. 350.729 -0.280 -0.960 0. -57.120 0. 0. 1. 0.
-0.961 0.276 0. 348.234 -0.276 -0.961 0. -57.784 0. 0. 1. 0.
-0.962 0.272 0. 345.767 -0.272 -0.962 0. -58.480 0. 0. 1. 0.
-0.962 0.273 0. 343.175 -0.273 -0.962 0. -59.159 0. 0. 1. 0.
-0.961 0.277 0. 340.560 -0.277 -0.961 0. -59.878 0. 0. 1. 0.
-0.960 0.281 0. 337.909 -0.281 -0.960 0. -60.602 0. 0. 1. 0.
-0.959 0.283 0. 335.211 -0.283 -0.959 0. -61.372 0. 0. 1. 0.
-0.958 0.288 0. 332.536 -0.288 -0.958 0. -62.115 0. 0. 1. 0.
-0.956 0.295 0. 329.839 -0.295 -0.956 0. -62.912 0. 0. 1. 0.
-0.954 0.300 0. 327.119 -0.300 -0.954 0. -63.690 0. 0. 1. 0.
-0.953 0.304 0. 324.400 -0.304 -0.953 0. -64.471 0. 0. 1. 0.
-0.951 0.309 0. 321.660 -0.309 -0.951 0. -65.303 0. 0. 1. 0.
-0.950 0.313 0. 318.933 -0.313 -0.950 0. -66.186 0. 0. 1. 0.
-0.949 0.315 0. 316.190 -0.315 -0.949 0. -66.996 0. 0. 1. 0.
-0.948 0.317 0. 313.432 -0.317 -0.948 0. -67.892 0. 0. 1. 0.
-0.947 0.321 0. 310.688 -0.321 -0.947 0. -68.799 0. 0. 1. 0.
-0.947 0.321 0. 307.959 -0.321 -0.947 0. -69.697 0. 0. 1. 0.
-0.947 0.321 0. 305.233 -0.321 -0.947 0. -70.588 0. 0. 1. 0.
-0.946 0.324 0. 302.564 -0.324 -0.946 0. -71.443 0. 0. 1. 0.
-0.946 0.324 0. 299.892 -0.324 -0.946 0. -72.337 0. 0. 1. 0.
-0.946 0.325 0. 297.263 -0.325 -0.946 0. -73.196 0. 0. 1. 0.
-0.946 0.324 0. 294.619 -0.324 -0.946 0. -74.039 0. 0. 1. 0.
-0.947 0.322 0. 292.018 -0.322 -0.947 0. -74.852 0. 0. 1. 0.
-0.947 0.321 0. 289.368 -0.321 -0.947 0. -75.661 0. 0. 1. 0.
-0.947 0.322 0. 286.767 -0.322 -0.947 0. -76.445 0. 0. 1. 0.
-0.946 0.324 0. 284.272 -0.324 -0.946 0. -77.269 0. 0. 1. 0.
-0.945 0.327 0. 281.719 -0.327 -0.945 0. -78.171 0. 0. 1. 0.
-0.943 0.334 0. 279.229 -0.334 -0.943 0. -79.007 0. 0. 1. 0.
-0.941 0.338 0. 276.773 -0.338 -0.941 0. -79.823 0. 0. 1. 0.
-0.938 0.347 0. 274.300 -0.347 -0.938 0. -80.683 0. 0. 1. 0.
-0.935 0.354 0. 271.943 -0.354 -0.935 0. -81.527 0. 0. 1. 0.
-0.933 0.361 0. 269.573 -0.361 -0.933 0. -82.382 0. 0. 1. 0.
-0.930 0.368 0. 267.145 -0.368 -0.930 0. -83.275 0. 0. 1. 0.
-0.928 0.372 0. 264.778 -0.372 -0.928 0. -84.166 0. 0. 1. 0.
-0.926 0.377 0. 262.481 -0.377 -0.926 0. -85.052 0. 0. 1. 0.
-0.925 0.381 0. 260.099 -0.381 -0.925 0. -85.909 0. 0. 1. 0.
-0.924 0.383 0. 257.724 -0.383 -0.924 0. -86.897 0. 0. 1. 0.
-0.922 0.388 0. 255.377 -0.388 -0.922 0. -87.899 0. 0. 1. 0.
-0.921 0.390 0. 253.005 -0.390 -0.921 0. -88.811 0. 0. 1. 0.
-0.921 0.389 0. 250.684 -0.389 -0.921 0. -89.811 0. 0. 1. 0.
-0.921 0.389 0. 248.367 -0.389 -0.921 0. -90.753 0. 0. 1. 0.
-0.922 0.387 0. 246.054 -0.387 -0.922 0. -91.638 0. 0. 1. 0.
-0.924 0.383 0. 243.726 -0.383 -0.924 0. -92.635 0. 0. 1. 0.
-0.925 0.380 0. 241.368 -0.380 -0.925 0. -93.587 0. 0. 1. 0.
-0.926 0.378 0. 239.002 -0.378 -0.926 0. -94.530 0. 0. 1. 0.
-0.927 0.375 0. 236.599 -0.375 -0.927 0. -95.468 0. 0. 1. 0.
-0.928 0.372 0. 234.243 -0.372 -0.928 0. -96.445 0. 0. 1. 0.
-0.929 0.370 0. 231.819 -0.370 -0.929 0. -97.351 0. 0. 1. 0.
-0.930 0.368 0. 229.346 -0.368 -0.930 0. -98.187 0. 0. 1. 0.
-0.930 0.368 0. 226.943 -0.368 -0.930 0. -99.128 0. 0. 1. 0.
-0.930 0.367 0. 224.488 -0.367 -0.930 0. -100.038 0. 0. 1. 0.
-0.930 0.367 0. 222.003 -0.367 -0.930 0. -100.967 0. 0. 1. 0.
-0.931 0.365 0. 219.561 -0.365 -0.931 0. -101.917 0. 0. 1. 0.
-0.931 0.366 0. 217.123 -0.366 -0.931 0. -102.820 0. 0. 1. 0.
-0.930 0.367 0. 214.601 -0.367 -0.930 0. -103.756 0. 0. 1. 0.
-0.930 0.367 0. 212.061 -0.367 -0.930 0. -104.668 0. 0. 1. 0.
-0.930 0.367 0. 209.600 -0.367 -0.930 0. -105.644 0. 0. 1. 0.
-0.930 0.369 0. 207.010 -0.369 -0.930 0. -106.569 0. 0. 1. 0.
-0.929 0.370 0. 204.544 -0.370 -0.929 0. -107.468 0. 0. 1. 0.
-0.929 0.369 0. 202.056 -0.369 -0.929 0. -108.431 0. 0. 1. 0.
-0.929 0.371 0. 199.526 -0.371 -0.929 0. -109.346 0. 0. 1. 0.
-0.928 0.372 0. 197.112 -0.372 -0.928 0. -110.265 0. 0. 1. 0.
-0.926 0.376 0. 194.600 -0.376 -0.926 0. -111.228 0. 0. 1. 0.
-0.926 0.377 0. 192.173 -0.377 -0.926 0. -112.126 0. 0. 1. 0.
-0.925 0.380 0. 189.727 -0.380 -0.925 0. -113.103 0. 0. 1. 0.
-0.925 0.379 0. 187.250 -0.379 -0.925 0. -114.060 0. 0. 1. 0.
-0.926 0.378 0. 184.816 -0.378 -0.926 0. -115.045 0. 0. 1. 0.
-0.925 0.379 0. 182.431 -0.379 -0.925 0. -115.970 0. 0. 1. 0.
-0.926 0.377 0. 180.003 -0.377 -0.926 0. -116.945 0. 0. 1. 0.
-0.927 0.375 0. 177.652 -0.375 -0.927 0. -117.837 0. 0. 1. 0.
-0.929 0.369 0. 175.296 -0.369 -0.929 0. -118.724 0. 0. 1. 0.
-0.932 0.362 0. 172.972 -0.362 -0.932 0. -119.559 0. 0. 1. 0.
-0.934 0.356 0. 170.676 -0.356 -0.934 0. -120.357 0. 0. 1. 0.
-0.937 0.349 0. 168.444 -0.349 -0.937 0. -121.160 0. 0. 1. 0.
-0.939 0.345 0. 166.254 -0.345 -0.939 0. -121.952 0. 0. 1. 0.
-0.940 0.340 0. 164.103 -0.340 -0.940 0. -122.673 0. 0. 1. 0.
-0.940 0.341 0. 161.989 -0.341 -0.940 0. -123.344 0. 0. 1. 0.
-0.940 0.341 0. 159.956 -0.341 -0.940 0. -124.059 0. 0. 1. 0.
-0.940 0.342 0. 158.012 -0.342 -0.940 0. -124.788 0. 0. 1. 0.
-0.940 0.342 0. 156.041 -0.342 -0.940 0. -125.439 0. 0. 1. 0.
-0.939 0.343 0. 154.200 -0.343 -0.939 0. -126.100 0. 0. 1. 0.
-0.939 0.343 0. 152.400 -0.343 -0.939 0. -126.707 0. 0. 1. 0.
-0.939 0.344 0. 150.693 -0.344 -0.939 0. -127.304 0. 0. 1. 0.
-0.939 0.345 0. 149.065 -0.345 -0.939 0. -127.810 0. 0. 1. 0.
-0.939 0.344 0. 147.534 -0.344 -0.939 0. -128.347 0. 0. 1. 0.
-0.940 0.342 0. 146.085 -0.342 -0.940 0. -128.861 0. 0. 1. 0.
-0.940 0.341 0. 144.776 -0.341 -0.940 0. -129.334 0. 0. 1. 0.
-0.941 0.339 0. 143.431 -0.339 -0.941 0. -129.758 0. 0. 1. 0.
-0.941 0.339 0. 142.214 -0.339 -0.941 0. -130.219 0. 0. 1. 0.
-0.941 0.339 0. 141.059 -0.339 -0.941 0. -130.531 0. 0. 1. 0.
-0.941 0.338 0. 139.997 -0.338 -0.941 0. -130.917 0. 0. 1. 0.
-0.941 0.338 0. 139.024 -0.338 -0.941 0. -131.243 0. 0. 1. 0.
-0.941 0.337 0. 138.045 -0.337 -0.941 0. -131.567 0. 0. 1. 0.
-0.942 0.336 0. 137.145 -0.336 -0.942 0. -131.946 0. 0. 1. 0.
-0.942 0.336 0. 136.190 -0.336 -0.942 0. -132.297 0. 0. 1. 0.
-0.943 0.334 0. 135.235 -0.334 -0.943 0. -132.561 0. 0. 1. 0.
-0.943 0.334 0. 134.282 -0.334 -0.943 0. -132.897 0. 0. 1. 0.
-0.943 0.333 0. 133.272 -0.333 -0.943 0. -133.164 0. 0. 1. 0.
-0.943 0.334 0. 132.244 -0.334 -0.943 0. -133.521 0. 0. 1. 0.
-0.943 0.332 0. 131.161 -0.332 -0.943 0. -133.833 0. 0. 1. 0.
-0.943 0.331 0. 130.037 -0.331 -0.943 0. -134.253 0. 0. 1. 0.
-0.944 0.331 0. 128.802 -0.331 -0.944 0. -134.580 0. 0. 1. 0.
-0.944 0.329 0. 127.563 -0.329 -0.944 0. -135.057 0. 0. 1. 0.
-0.945 0.328 0. 126.241 -0.328 -0.945 0. -135.505 0. 0. 1. 0.
-0.945 0.327 0. 124.861 -0.327 -0.945 0. -135.953 0. 0. 1. 0.
-0.946 0.325 0. 123.428 -0.325 -0.946 0. -136.406 0. 0. 1. 0.
-0.946 0.324 0. 121.934 -0.324 -0.946 0. -136.898 0. 0. 1. 0.
-0.946 0.324 0. 120.392 -0.324 -0.946 0. -137.409 0. 0. 1. 0.
-0.946 0.324 0. 118.879 -0.324 -0.946 0. -137.927 0. 0. 1. 0.
-0.947 0.322 0. 117.363 -0.322 -0.947 0. -138.391 0. 0. 1. 0.
-0.949 0.315 0. 115.874 -0.315 -0.949 0. -138.887 0. 0. 1. 0.
-0.951 0.310 0. 114.339 -0.310 -0.951 0. -139.332 0. 0. 1. 0.
-0.952 0.306 0. 112.835 -0.306 -0.952 0. -139.827 0. 0. 1. 0.
-0.954 0.301 0. 111.349 -0.301 -0.954 0. -140.242 0. 0. 1. 0.
-0.955 0.295 0. 109.894 -0.295 -0.955 0. -140.665 0. 0. 1. 0.
-0.957 0.291 0. 108.465 -0.291 -0.957 0. -141.033 0. 0. 1. 0.
-0.958 0.288 0. 107.066 -0.288 -0.958 0. -141.440 0. 0. 1. 0.
-0.959 0.282 0. 105.710 -0.282 -0.959 0. -141.823 0. 0. 1. 0.
-0.960 0.280 0. 104.375 -0.280 -0.960 0. -142.259 0. 0. 1. 0.
-0.962 0.274 0. 103.100 -0.274 -0.962 0. -142.554 0. 0. 1. 0.
-0.964 0.267 0. 101.801 -0.267 -0.964 0. -142.807 0. 0. 1. 0.
-0.965 0.262 0. 100.606 -0.262 -0.965 0. -143.119 0. 0. 1. 0.
-0.966 0.259 0. 99.369 -0.259 -0.966 0. -143.378 0. 0. 1. 0.
-0.966 0.257 0. 98.265 -0.257 -0.966 0. -143.714 0. 0. 1. 0.
-0.967 0.255 0. 97.024 -0.255 -0.967 0. -143.924 0. 0. 1. 0.
-0.967 0.256 0. 95.880 -0.256 -0.967 0. -144.195 0. 0. 1. 0.
-0.967 0.254 0. 94.658 -0.254 -0.967 0. -144.445 0. 0. 1. 0.
-0.967 0.256 0. 93.537 -0.256 -0.967 0. -144.774 0. 0. 1. 0.
-0.967 0.254 0. 92.331 -0.254 -0.967 0. -144.967 0. 0. 1. 0.
-0.967 0.253 0. 91.231 -0.253 -0.967 0. -145.274 0. 0. 1. 0.
-0.967 0.255 0. 90.091 -0.255 -0.967 0. -145.568 0. 0. 1. 0.
-0.966 0.258 0. 88.986 -0.258 -0.966 0. -145.880 0. 0. 1. 0.
-0.963 0.270 0. 87.817 -0.270 -0.963 0. -146.125 0. 0. 1. 0.
-0.958 0.288 0. 86.791 -0.288 -0.958 0. -146.497 0. 0. 1. 0.
-0.947 0.320 0. 85.651 -0.320 -0.947 0. -146.841 0. 0. 1. 0.
-0.928 0.372 0. 84.671 -0.372 -0.928 0. -147.248 0. 0. 1. 0.
-0.900 0.437 0. 83.714 -0.437 -0.900 0. -147.764 0. 0. 1. 0.
-0.857 0.516 0. 82.824 -0.516 -0.857 0. -148.360 0. 0. 1. 0.
-0.801 0.599 0. 82.079 -0.599 -0.801 0. -148.965 0. 0. 1. 0.
-0.735 0.678 0. 81.419 -0.678 -0.735 0. -149.664 0. 0. 1. 0.
-0.659 0.752 0. 80.802 -0.752 -0.659 0. -150.444 0. 0. 1. 0.
-0.571 0.821 0. 80.310 -0.821 -0.571 0. -151.291 0. 0. 1. 0.
-0.479 0.878 0. 79.800 -0.878 -0.479 0. -152.200 0. 0. 1. 0.
-0.379 0.926 0. 79.443 -0.926 -0.379 0. -153.163 0. 0. 1. 0.
-0.271 0.963 0. 79.273 -0.963 -0.271 0. -154.142 0. 0. 1. 0.
-0.165 0.986 0. 79.082 -0.986 -0.165 0. -155.188 0. 0. 1. 0.
-0.068 0.998 0. 79.044 -0.998 -0.068 0. -156.230 0. 0. 1. 0.
0.034 0.999 0. 79.146 -0.999 0.034 0. -157.326 0. 0. 1. 0.
0.131 0.991 0. 79.311 -0.991 0.131 0. -158.380 0. 0. 1. 0.
0.226 0.974 0. 79.583 -0.974 0.226 0. -159.507 0. 0. 1. 0.
0.304 0.953 0. 79.912 -0.953 0.304 0. -160.595 0. 0. 1. 0.
0.367 0.930 0. 80.370 -0.930 0.367 0. -161.731 0. 0. 1. 0.
0.419 0.908 0. 80.925 -0.908 0.419 0. -162.869 0. 0. 1. 0.
