1567496044208661 1.00000 -0.00028 0.00000 -1.74560 0.00028 1.00000 -0.00000 0.04028 -0.00000 0.00000 1.00000 0.00000
1567496044458734 1.00000 -0.00010 0.00000 -2.16239 0.00010 1.00000 -0.00000 0.06908 -0.00000 0.00000 1.00000 0.00000
1567496044708736 1.00000 -0.00003 0.00000 -2.63828 0.00003 1.00000 -0.00000 0.03117 -0.00000 0.00000 1.00000 0.00000
1567496044958860 1.00000 -0.00280 0.00000 -3.16024 0.00280 1.00000 -0.00000 0.02555 -0.00000 0.00000 1.00000 0.00000
1567496045208898 1.00000 -0.00165 0.00000 -3.74159 0.00165 1.00000 -0.00000 0.02583 -0.00000 0.00000 1.00000 0.00000
1567496045458307 1.00000 -0.00170 0.00000 -4.34120 0.00170 1.00000 -0.00000 0.05252 -0.00000 0.00000 1.00000 0.00000
1567496045708609 1.00000 -0.00065 0.00000 -5.02364 0.00065 1.00000 -0.00000 0.04130 -0.00000 0.00000 1.00000 0.00000
1567496045958342 1.00000 0.00046 -0.00000 -5.71992 -0.00046 1.00000 0.00000 0.05051 0.00000 -0.00000 1.00000 -0.00000
1567496046208105 1.00000 0.00122 -0.00000 -6.49563 -0.00122 1.00000 0.00000 0.05593 0.00000 -0.00000 1.00000 -0.00000
1567496046458065 1.00000 0.00077 -0.00000 -7.27663 -0.00077 1.00000 0.00000 0.05510 0.00000 -0.00000 1.00000 -0.00000
1567496046708295 1.00000 0.00271 -0.00000 -8.09254 -0.00271 1.00000 0.00000 0.05438 0.00000 -0.00000 1.00000 -0.00000
1567496046957574 1.00000 0.00110 -0.00000 -8.93957 -0.00110 1.00000 0.00000 0.03946 0.00000 -0.00000 1.00000 -0.00000
1567496047208161 1.00000 0.00287 -0.00000 -9.86133 -0.00287 1.00000 0.00000 0.02376 0.00000 -0.00000 1.00000 0.00000
1567496047456982 1.00000 0.00213 -0.00000 -10.78672 -0.00213 1.00000 0.00000 0.02164 0.00000 -0.00000 1.00000 0.00000
1567496047706938 1.00000 0.00254 -0.00000 -11.75102 -0.00254 1.00000 0.00000 -0.00538 0.00000 -0.00000 1.00000 0.00000
1567496047956733 0.99999 0.00436 -0.00000 -12.75961 -0.00436 0.99999 0.00000 0.02973 0.00000 -0.00000 1.00000 0.00000
1567496048207905 0.99999 0.00472 -0.00000 -13.77700 -0.00472 0.99999 0.00000 0.02849 0.00000 -0.00000 1.00000 0.00000
1567496048456499 0.99999 0.00500 -0.00000 -14.82866 -0.00500 0.99999 0.00000 0.02792 0.00000 -0.00000 1.00000 0.00000
1567496048705706 0.99998 0.00634 -0.00000 -15.90872 -0.00634 0.99998 0.00000 0.05977 0.00000 -0.00000 1.00000 0.00000
1567496048955486 0.99999 0.00400 -0.00000 -17.02115 -0.00400 0.99999 0.00000 -0.03446 0.00000 -0.00000 1.00000 0.00000
1567496049205250 0.99998 0.00557 -0.00000 -18.14233 -0.00557 0.99998 0.00000 0.05849 0.00000 -0.00000 1.00000 0.00000
1567496049455491 0.99998 0.00610 -0.00000 -19.33195 -0.00610 0.99998 0.00000 0.02026 0.00000 -0.00000 1.00000 0.00000
1567496049704658 0.99998 0.00588 -0.00000 -20.45726 -0.00588 0.99998 0.00000 0.04599 0.00000 -0.00000 1.00000 0.00000
1567496049954843 0.99998 0.00690 -0.00000 -21.66562 -0.00690 0.99998 0.00000 0.04457 0.00000 -0.00000 1.00000 0.00000
1567496050204620 0.99998 0.00666 -0.00000 -22.87035 -0.00666 0.99998 0.00000 0.03492 0.00000 -0.00000 1.00000 0.00000
1567496050454180 0.99996 0.00844 -0.00000 -24.09473 -0.00844 0.99996 0.00000 0.10226 0.00000 -0.00000 1.00000 0.00000
1567496050703862 0.99989 0.01491 -0.00000 -25.29990 -0.01491 0.99989 0.00000 0.26613 0.00000 -0.00000 1.00000 0.00000
1567496050953311 0.99976 0.02181 -0.00000 -26.51744 -0.02181 0.99976 0.00000 0.38681 0.00000 -0.00000 1.00000 0.00000
1567496051203127 0.99944 0.03340 -0.00000 -27.70854 -0.03340 0.99944 0.00000 0.70787 0.00000 -0.00000 1.00000 0.00000
1567496051452110 0.99890 0.04697 -0.00000 -28.92390 -0.04697 0.99890 0.00000 1.02290 0.00000 -0.00000 1.00000 0.00000
1567496051702327 0.99812 0.06128 -0.00000 -30.11212 -0.06128 0.99812 0.00000 1.47004 0.00000 -0.00000 1.00000 0.00000
1567496051951662 0.99739 0.07223 -0.00000 -31.37503 -0.07223 0.99739 0.00000 1.73590 0.00000 -0.00000 1.00000 0.00000
1567496052201336 0.99662 0.08219 -0.00000 -32.58675 -0.08219 0.99662 0.00000 2.03699 0.00000 -0.00000 1.00000 0.00000
1567496052451203 0.99542 0.09563 -0.00000 -33.81770 -0.09563 0.99542 0.00000 2.47521 0.00000 -0.00000 1.00000 0.00000
1567496052700896 0.99437 0.10598 -0.00000 -35.06234 -0.10598 0.99437 0.00000 2.82908 0.00000 -0.00000 1.00000 0.00000
1567496052950250 0.99363 0.11266 -0.00000 -36.30553 -0.11266 0.99363 0.00000 3.07572 0.00000 -0.00000 1.00000 0.00000
1567496053200246 0.99316 0.11675 -0.00000 -37.55989 -0.11675 0.99316 0.00000 3.21189 0.00000 -0.00000 1.00000 0.00000
1567496053449597 0.99327 0.11585 -0.00000 -38.85054 -0.11585 0.99327 0.00000 3.20116 0.00000 -0.00000 1.00000 0.00000
1567496053699317 0.99341 0.11461 -0.00000 -40.17646 -0.11461 0.99341 0.00000 3.13764 0.00000 -0.00000 1.00000 0.00000
1567496053948891 0.99343 0.11446 -0.00000 -41.45925 -0.11446 0.99343 0.00000 3.13867 0.00000 -0.00000 1.00000 0.00000
1567496054198143 0.99361 0.11288 -0.00000 -42.80901 -0.11288 0.99361 0.00000 3.09952 0.00000 -0.00000 1.00000 0.00000
1567496054447792 0.99393 0.11002 -0.00000 -44.18090 -0.11002 0.99393 0.00000 3.00094 0.00000 -0.00000 1.00000 0.00000
1567496054697412 0.99399 0.10943 -0.00000 -45.54375 -0.10943 0.99399 0.00000 2.93062 0.00000 -0.00000 1.00000 0.00000
1567496054947386 0.99403 0.10907 -0.00000 -46.93088 -0.10907 0.99403 0.00000 2.97171 0.00000 -0.00000 1.00000 0.00000
1567496055196845 0.99374 0.11173 -0.00000 -48.33234 -0.11173 0.99374 0.00000 3.03548 0.00000 -0.00000 1.00000 0.00000
1567496055446536 0.99344 0.11433 -0.00000 -49.73688 -0.11433 0.99344 0.00000 3.22408 0.00000 -0.00000 1.00000 0.00000
1567496055696648 0.99269 0.12067 -0.00000 -51.15731 -0.12067 0.99269 0.00000 3.55066 0.00000 -0.00000 1.00000 0.00000
1567496055945897 0.99193 0.12678 -0.00000 -52.59060 -0.12678 0.99193 0.00000 3.84671 0.00000 -0.00000 1.00000 0.00000
1567496056195905 0.99087 0.13482 -0.00000 -54.05541 -0.13482 0.99087 0.00000 4.24713 0.00000 -0.00000 1.00000 0.00000
1567496056446224 0.98983 0.14223 -0.00000 -55.50257 -0.14223 0.98983 0.00000 4.67137 0.00000 -0.00000 1.00000 0.00000
1567496056694831 0.98855 0.15087 -0.00000 -56.98854 -0.15087 0.98855 0.00000 5.13527 0.00000 -0.00000 1.00000 0.00000
1567496056944880 0.98742 0.15810 -0.00000 -58.47901 -0.15810 0.98742 0.00000 5.54989 0.00000 -0.00000 1.00000 0.00000
1567496057194671 0.98628 0.16511 -0.00000 -59.97258 -0.16511 0.98628 0.00000 5.94283 0.00000 -0.00000 1.00000 0.00000
1567496057444230 0.98531 0.17075 -0.00000 -61.48690 -0.17075 0.98531 0.00000 6.30968 0.00000 -0.00000 1.00000 0.00000
1567496057693906 0.98393 0.17857 -0.00000 -62.95906 -0.17857 0.98393 0.00000 6.73607 0.00000 -0.00000 1.00000 0.00000
1567496057943012 0.98275 0.18495 -0.00000 -64.43979 -0.18495 0.98275 0.00000 7.15676 0.00000 -0.00000 1.00000 0.00000
1567496058192800 0.98172 0.19035 -0.00000 -65.92625 -0.19035 0.98172 0.00000 7.52557 0.00000 -0.00000 1.00000 0.00000
1567496058442061 0.98126 0.19267 -0.00000 -67.42438 -0.19267 0.98126 0.00000 7.65534 0.00000 -0.00000 1.00000 0.00000
1567496058691625 0.98145 0.19170 -0.00000 -68.90972 -0.19170 0.98145 0.00000 7.57536 0.00000 -0.00000 1.00000 0.00000
1567496058940870 0.98154 0.19127 -0.00000 -70.43476 -0.19127 0.98154 0.00000 7.50006 0.00000 -0.00000 1.00000 0.00000
1567496059190321 0.98177 0.19006 -0.00000 -71.91332 -0.19006 0.98177 0.00000 7.44102 0.00000 -0.00000 1.00000 0.00000
1567496059439084 0.98222 0.18775 -0.00000 -73.35877 -0.18775 0.98222 0.00000 7.25080 0.00000 -0.00000 1.00000 0.00000
1567496059689663 0.98279 0.18474 -0.00000 -74.80823 -0.18474 0.98279 0.00000 7.04483 0.00000 -0.00000 1.00000 0.00000
1567496059939374 0.98305 0.18332 -0.00000 -76.10867 -0.18332 0.98305 0.00000 6.91999 0.00000 -0.00000 1.00000 0.00000
1567496060187809 0.98373 0.17963 -0.00000 -77.40925 -0.17963 0.98373 0.00000 6.59225 0.00000 -0.00000 1.00000 0.00000
1567496060437407 0.98435 0.17624 -0.00000 -78.60417 -0.17624 0.98435 0.00000 6.33701 0.00000 -0.00000 1.00000 0.00000
1567496060686218 0.98451 0.17535 -0.00000 -79.70207 -0.17535 0.98451 0.00000 6.26931 0.00000 -0.00000 1.00000 0.00000
1567496060935536 0.98468 0.17438 -0.00000 -80.73758 -0.17438 0.98468 0.00000 6.20007 0.00000 -0.00000 1.00000 0.00000
1567496061184476 0.98517 0.17159 -0.00000 -81.69295 -0.17159 0.98517 0.00000 5.99475 0.00000 -0.00000 1.00000 0.00000
1567496061433868 0.98506 0.17221 -0.00000 -82.52318 -0.17221 0.98506 0.00000 6.04854 0.00000 -0.00000 1.00000 0.00000
1567496061682817 0.98526 0.17105 -0.00000 -83.26394 -0.17105 0.98526 0.00000 5.92808 0.00000 -0.00000 1.00000 0.00000
1567496061932278 0.98492 0.17301 -0.00000 -83.88558 -0.17301 0.98492 0.00000 6.13654 0.00000 -0.00000 1.00000 0.00000
1567496062181768 0.98504 0.17230 -0.00000 -84.43484 -0.17230 0.98504 0.00000 6.07325 0.00000 -0.00000 1.00000 0.00000
1567496062431678 0.98478 0.17382 -0.00000 -84.90181 -0.17382 0.98478 0.00000 6.19979 0.00000 -0.00000 1.00000 0.00000
1567496062680767 0.98437 0.17609 -0.00000 -85.29543 -0.17609 0.98437 0.00000 6.34957 0.00000 -0.00000 1.00000 0.00000
1567496062930851 0.98405 0.17790 -0.00000 -85.64289 -0.17790 0.98405 0.00000 6.54034 0.00000 -0.00000 1.00000 0.00000
1567496063180257 0.98397 0.17834 -0.00000 -85.98636 -0.17834 0.98397 0.00000 6.54328 0.00000 -0.00000 1.00000 0.00000
1567496063430137 0.98363 0.18018 -0.00000 -86.33472 -0.18018 0.98363 0.00000 6.69644 0.00000 -0.00000 1.00000 0.00000
1567496063679618 0.98350 0.18090 -0.00000 -86.69319 -0.18090 0.98350 0.00000 6.77883 0.00000 -0.00000 1.00000 0.00000
1567496063929427 0.98321 0.18247 -0.00000 -87.03827 -0.18247 0.98321 0.00000 6.85818 0.00000 -0.00000 1.00000 0.00000
1567496064179168 0.98231 0.18728 -0.00000 -87.40043 -0.18728 0.98231 0.00000 7.32427 0.00000 -0.00000 1.00000 0.00000
1567496064428829 0.98103 0.19384 -0.00000 -87.79995 -0.19384 0.98103 0.00000 7.90171 0.00000 -0.00000 1.00000 0.00000
1567496064678126 0.97970 0.20046 -0.00000 -88.19741 -0.20046 0.97970 0.00000 8.47707 0.00000 -0.00000 1.00000 0.00000
1567496064928311 0.97815 0.20788 -0.00000 -88.63307 -0.20788 0.97815 0.00000 9.13428 0.00000 -0.00000 1.00000 0.00000
1567496065177498 0.97613 0.21717 -0.00000 -89.06841 -0.21717 0.97613 0.00000 9.98906 0.00000 -0.00000 1.00000 0.00000
1567496065427818 0.97404 0.22637 -0.00000 -89.63608 -0.22637 0.97404 0.00000 10.75255 0.00000 -0.00000 1.00000 0.00000
1567496065677899 0.97146 0.23720 -0.00000 -90.18551 -0.23720 0.97146 0.00000 11.74227 0.00000 -0.00000 1.00000 0.00000
1567496065927661 0.96800 0.25095 -0.00000 -90.74274 -0.25095 0.96800 0.00000 13.01210 0.00000 -0.00000 1.00000 0.00000
1567496066177316 0.96376 0.26678 -0.00000 -91.29127 -0.26678 0.96376 0.00000 14.47647 0.00000 -0.00000 1.00000 0.00000
1567496066427294 0.95858 0.28482 -0.00000 -91.86047 -0.28482 0.95858 0.00000 16.15829 0.00000 -0.00000 1.00000 0.00000
1567496066676715 0.95239 0.30488 -0.00000 -92.38469 -0.30488 0.95239 0.00000 18.08207 0.00000 -0.00000 1.00000 0.00000
1567496066926255 0.94528 0.32627 -0.00000 -92.90925 -0.32627 0.94528 0.00000 20.10645 0.00000 -0.00000 1.00000 0.00000
1567496067175966 0.93245 0.36131 -0.00000 -94.14624 -0.36131 0.93245 0.00000 23.46692 0.00000 -0.00000 1.00000 0.00000
1567496067676073 0.91574 0.40178 -0.00000 -94.14213 -0.40178 0.91574 0.00000 27.56761 0.00000 -0.00000 1.00000 0.00000
1567496067926080 0.90369 0.42818 -0.00000 -94.43568 -0.42818 0.90369 0.00000 30.24960 0.00000 -0.00000 1.00000 0.00000
1567496068175147 0.89036 0.45526 -0.00000 -94.64497 -0.45526 0.89036 0.00000 33.04968 0.00000 -0.00000 1.00000 0.00000
1567496068424728 0.87355 0.48673 -0.00000 -94.63882 -0.48673 0.87355 0.00000 36.38025 0.00000 -0.00000 1.00000 0.00000
1567496068674704 0.85468 0.51915 -0.00000 -94.47008 -0.51915 0.85468 0.00000 39.85360 0.00000 -0.00000 1.00000 0.00000
1567496068924480 0.83410 0.55162 -0.00000 -94.23578 -0.55162 0.83410 0.00000 43.41057 0.00000 -0.00000 1.00000 0.00000
1567496069174319 0.81277 0.58258 -0.00000 -93.92189 -0.58258 0.81277 0.00000 46.87561 0.00000 -0.00000 1.00000 0.00000
1567496069424627 0.78865 0.61484 -0.00000 -93.33620 -0.61484 0.78865 0.00000 50.59791 0.00000 -0.00000 1.00000 0.00000
1567496069674120 0.76499 0.64404 -0.00000 -92.80694 -0.64404 0.76499 0.00000 54.03901 0.00000 -0.00000 1.00000 0.00000
1567496069923495 0.74545 0.66657 -0.00000 -92.69948 -0.66657 0.74545 0.00000 56.75763 0.00000 -0.00000 1.00000 0.00000
1567496070173420 0.73034 0.68308 -0.00000 -92.93698 -0.68308 0.73034 0.00000 58.80182 0.00000 -0.00000 1.00000 0.00000
1567496070423567 0.71665 0.69744 -0.00000 -93.31378 -0.69744 0.71665 0.00000 60.58920 0.00000 -0.00000 1.00000 0.00000
1567496070673831 0.70774 0.70647 -0.00000 -94.14933 -0.70647 0.70774 0.00000 61.80018 0.00000 -0.00000 1.00000 0.00000
1567496070923353 0.70317 0.71102 -0.00000 -95.38792 -0.71102 0.70317 0.00000 62.41844 0.00000 -0.00000 1.00000 0.00000
1567496071173338 0.70427 0.70993 -0.00000 -97.20298 -0.70993 0.70427 0.00000 62.28122 0.00000 -0.00000 1.00000 0.00000
1567496071421800 0.70816 0.70605 -0.00000 -99.23966 -0.70605 0.70816 0.00000 61.69909 0.00000 -0.00000 1.00000 0.00000
1567496071671839 0.71264 0.70153 -0.00000 -101.36792 -0.70153 0.71264 0.00000 61.07025 0.00000 -0.00000 1.00000 0.00000
1567496071921655 0.71631 0.69778 -0.00000 -103.45822 -0.69778 0.71631 0.00000 60.53228 0.00000 -0.00000 1.00000 0.00000
1567496072171411 0.72019 0.69378 -0.00000 -105.63082 -0.69378 0.72019 0.00000 59.95303 0.00000 -0.00000 1.00000 0.00000
1567496072421113 0.72309 0.69075 -0.00000 -107.72697 -0.69075 0.72309 0.00000 59.52806 0.00000 -0.00000 1.00000 0.00000
1567496072670255 0.72738 0.68623 -0.00000 -109.96725 -0.68623 0.72738 0.00000 58.86025 0.00000 -0.00000 1.00000 0.00000
1567496072919958 0.73034 0.68308 -0.00000 -112.16394 -0.68308 0.73034 0.00000 58.38231 0.00000 -0.00000 1.00000 0.00000
1567496073169332 0.73348 0.67971 -0.00000 -114.39083 -0.67971 0.73348 0.00000 57.87722 0.00000 -0.00000 1.00000 0.00000
1567496073418366 0.73631 0.67664 -0.00000 -116.58774 -0.67664 0.73631 0.00000 57.41030 0.00000 -0.00000 1.00000 0.00000
1567496073668840 0.73908 0.67362 -0.00000 -118.83090 -0.67362 0.73908 0.00000 56.93739 0.00000 -0.00000 1.00000 0.00000
1567496073918408 0.74292 0.66938 -0.00000 -121.13766 -0.66938 0.74292 0.00000 56.21667 0.00000 -0.00000 1.00000 0.00000
1567496074167821 0.74682 0.66503 -0.00000 -123.48851 -0.66503 0.74682 0.00000 55.54506 0.00000 -0.00000 1.00000 0.00000
1567496074417463 0.75211 0.65904 -0.00000 -125.95959 -0.65904 0.75211 0.00000 54.55226 0.00000 -0.00000 1.00000 0.00000
1567496074666935 0.76065 0.64916 -0.00000 -128.70813 -0.64916 0.76065 0.00000 52.87358 0.00000 -0.00000 1.00000 0.00000
1567496074916070 0.76753 0.64101 -0.00000 -131.32591 -0.64101 0.76753 0.00000 51.50026 0.00000 -0.00000 1.00000 0.00000
1567496075165752 0.77899 0.62704 -0.00000 -134.32713 -0.62704 0.77899 0.00000 49.12706 0.00000 -0.00000 1.00000 0.00000
1567496075415834 0.78984 0.61332 -0.00000 -137.24222 -0.61332 0.78984 0.00000 46.76527 0.00000 -0.00000 1.00000 0.00000
1567496075665704 0.79965 0.60046 -0.00000 -140.06523 -0.60046 0.79965 0.00000 44.57313 0.00000 -0.00000 1.00000 0.00000
1567496075915003 0.80946 0.58718 -0.00000 -142.88566 -0.58718 0.80946 0.00000 42.24328 0.00000 -0.00000 1.00000 0.00000
1567496076164285 0.81925 0.57344 -0.00000 -145.71178 -0.57344 0.81925 0.00000 39.85343 0.00000 -0.00000 1.00000 0.00000
1567496076413865 0.82905 0.55917 -0.00000 -148.50004 -0.55917 0.82905 0.00000 37.31908 0.00000 -0.00000 1.00000 0.00000
1567496076663175 0.84052 0.54179 -0.00000 -151.36546 -0.54179 0.84052 0.00000 34.24983 0.00000 -0.00000 1.00000 0.00000
1567496076913315 0.85231 0.52304 -0.00000 -154.23440 -0.52304 0.85231 0.00000 30.86257 0.00000 -0.00000 1.00000 0.00000
1567496077162711 0.86589 0.50024 -0.00000 -157.10578 -0.50024 0.86589 0.00000 26.79217 0.00000 -0.00000 1.00000 0.00000
1567496077412134 0.87971 0.47550 -0.00000 -159.91662 -0.47550 0.87971 0.00000 22.33199 0.00000 -0.00000 1.00000 0.00000
1567496077661653 0.89170 0.45262 -0.00000 -162.55865 -0.45262 0.89170 0.00000 18.20887 0.00000 -0.00000 1.00000 0.00000
1567496077911286 0.90313 0.42937 -0.00000 -165.08650 -0.42937 0.90313 0.00000 14.01552 0.00000 -0.00000 1.00000 0.00000
1567496078161017 0.91467 0.40421 -0.00000 -167.49017 -0.40421 0.91467 0.00000 9.48041 0.00000 -0.00000 1.00000 0.00000
1567496078409966 0.92523 0.37940 -0.00000 -169.82808 -0.37940 0.92523 0.00000 4.95506 0.00000 -0.00000 1.00000 0.00000
1567496078660146 0.93305 0.35975 -0.00000 -171.96532 -0.35975 0.93305 0.00000 1.38442 0.00000 -0.00000 1.00000 0.00000
1567496078909901 0.94015 0.34076 -0.00000 -174.09896 -0.34076 0.94015 0.00000 -2.10539 0.00000 -0.00000 1.00000 0.00000
1567496079159659 0.94658 0.32247 -0.00000 -176.13370 -0.32247 0.94658 0.00000 -5.45865 0.00000 -0.00000 1.00000 0.00000
1567496079409416 0.95339 0.30175 -0.00000 -178.09054 -0.30175 0.95339 0.00000 -9.30804 0.00000 -0.00000 1.00000 0.00000
1567496079658533 0.96028 0.27902 -0.00000 -179.96380 -0.27902 0.96028 0.00000 -13.56070 0.00000 -0.00000 1.00000 0.00000
1567496079907638 0.96678 0.25561 -0.00000 -181.70241 -0.25561 0.96678 0.00000 -17.87352 0.00000 -0.00000 1.00000 0.00000
1567496080157855 0.97211 0.23453 -0.00000 -183.39218 -0.23453 0.97211 0.00000 -21.84343 0.00000 -0.00000 1.00000 0.00000
1567496080407781 0.97714 0.21262 -0.00000 -185.03606 -0.21262 0.97714 0.00000 -25.95516 0.00000 -0.00000 1.00000 0.00000
1567496080658690 0.98126 0.19270 -0.00000 -186.58440 -0.19270 0.98126 0.00000 -29.69418 0.00000 -0.00000 1.00000 0.00000
1567496080907506 0.98422 0.17694 -0.00000 -188.24958 -0.17694 0.98422 0.00000 -32.66176 0.00000 -0.00000 1.00000 0.00000
1567496081157219 0.98692 0.16119 -0.00000 -189.91112 -0.16119 0.98692 0.00000 -35.64120 0.00000 -0.00000 1.00000 0.00000
1567496081406925 0.98925 0.14624 -0.00000 -191.50445 -0.14624 0.98925 0.00000 -38.50370 0.00000 -0.00000 1.00000 0.00000
1567496081657171 0.99141 0.13078 -0.00000 -193.07547 -0.13078 0.99141 0.00000 -41.46016 0.00000 -0.00000 1.00000 0.00000
1567496081905471 0.99333 0.11532 -0.00000 -194.60143 -0.11532 0.99333 0.00000 -44.47702 0.00000 -0.00000 1.00000 0.00000
1567496082154706 0.99487 0.10117 -0.00000 -196.18047 -0.10117 0.99487 0.00000 -47.24498 0.00000 -0.00000 1.00000 0.00000
1567496082404332 0.99603 0.08904 -0.00000 -197.75826 -0.08904 0.99603 0.00000 -49.62594 0.00000 -0.00000 1.00000 0.00000
1567496082653810 0.99701 0.07722 -0.00000 -199.34478 -0.07722 0.99701 0.00000 -51.97045 0.00000 -0.00000 1.00000 0.00000
1567496082904078 0.99799 0.06336 -0.00000 -200.75587 -0.06336 0.99799 0.00000 -54.75699 0.00000 -0.00000 1.00000 0.00000
1567496083153689 0.99883 0.04837 -0.00000 -202.05307 -0.04837 0.99883 0.00000 -57.75941 0.00000 -0.00000 1.00000 0.00000
1567496083403225 0.99953 0.03070 -0.00000 -203.15100 -0.03070 0.99953 0.00000 -61.32044 0.00000 -0.00000 1.00000 0.00000
1567496083653160 0.99995 0.01027 -0.00000 -203.97187 -0.01027 0.99995 0.00000 -65.45822 0.00000 -0.00000 1.00000 0.00000
1567496083902332 0.99997 -0.00831 0.00000 -204.84775 0.00831 0.99997 -0.00000 -69.22732 -0.00000 0.00000 1.00000 0.00000
1567496084152166 0.99965 -0.02646 0.00000 -205.68948 0.02646 0.99965 -0.00000 -72.94146 -0.00000 0.00000 1.00000 0.00000
1567496084401368 0.99910 -0.04251 0.00000 -206.62027 0.04251 0.99910 -0.00000 -76.22717 -0.00000 0.00000 1.00000 0.00000
1567496084651279 0.99832 -0.05802 0.00000 -207.55954 0.05802 0.99832 -0.00000 -79.40678 -0.00000 0.00000 1.00000 0.00000
1567496084900757 0.99708 -0.07632 0.00000 -208.25297 0.07632 0.99708 -0.00000 -83.20748 -0.00000 0.00000 1.00000 0.00000
1567496085150056 0.99580 -0.09154 0.00000 -209.08848 0.09154 0.99580 -0.00000 -86.35861 -0.00000 0.00000 1.00000 0.00000
1567496085399998 0.99426 -0.10700 0.00000 -209.90263 0.10700 0.99426 -0.00000 -89.56448 -0.00000 0.00000 1.00000 0.00000
1567496085648829 0.99285 -0.11934 0.00000 -210.95013 0.11934 0.99285 -0.00000 -92.17776 -0.00000 0.00000 1.00000 0.00000
1567496085897991 0.99122 -0.13219 0.00000 -211.93729 0.13219 0.99122 -0.00000 -94.89040 -0.00000 0.00000 1.00000 0.00000
1567496086147735 0.98965 -0.14347 0.00000 -213.01106 0.14347 0.98965 -0.00000 -97.28659 -0.00000 0.00000 1.00000 0.00000
1567496086397123 0.98753 -0.15744 0.00000 -213.79507 0.15744 0.98753 -0.00000 -100.27427 -0.00000 0.00000 1.00000 0.00000
1567496086646129 0.98506 -0.17220 0.00000 -214.47630 0.17220 0.98506 -0.00000 -103.47009 -0.00000 0.00000 1.00000 0.00000
1567496086895438 0.98241 -0.18673 0.00000 -215.10171 0.18673 0.98241 -0.00000 -106.65807 -0.00000 0.00000 1.00000 0.00000
1567496087145130 0.97909 -0.20345 0.00000 -215.48016 0.20345 0.97909 -0.00000 -110.31390 -0.00000 0.00000 1.00000 0.00000
1567496087394943 0.97493 -0.22253 0.00000 -215.50384 0.22253 0.97493 -0.00000 -114.49410 -0.00000 0.00000 1.00000 0.00000
1567496087643900 0.97073 -0.24019 0.00000 -215.54330 0.24019 0.97073 -0.00000 -118.37837 -0.00000 0.00000 1.00000 0.00000
1567496087893738 0.96696 -0.25494 0.00000 -215.88461 0.25494 0.96696 -0.00000 -121.61680 -0.00000 0.00000 1.00000 0.00000
1567496088143113 0.96330 -0.26842 0.00000 -216.37307 0.26842 0.96330 -0.00000 -124.60407 -0.00000 0.00000 1.00000 0.00000
1567496088392933 0.95814 -0.28631 0.00000 -216.22037 0.28631 0.95814 -0.00000 -128.60877 -0.00000 0.00000 1.00000 0.00000
1567496088642511 0.95164 -0.30722 0.00000 -215.55740 0.30722 0.95164 -0.00000 -133.27948 -0.00000 0.00000 1.00000 0.00000
1567496088892161 0.94232 -0.33472 0.00000 -213.73191 0.33472 0.94232 -0.00000 -139.47802 -0.00000 0.00000 1.00000 0.00000
1567496089141376 0.93284 -0.36029 0.00000 -212.02787 0.36029 0.93284 -0.00000 -145.23514 -0.00000 0.00000 1.00000 0.00000
1567496089391114 0.92227 -0.38654 0.00000 -210.06872 0.38654 0.92227 -0.00000 -151.15140 -0.00000 0.00000 1.00000 0.00000
1567496089640949 0.90974 -0.41518 0.00000 -207.43434 0.41518 0.90974 -0.00000 -157.65211 -0.00000 0.00000 1.00000 0.00000
1567496089891064 0.89793 -0.44014 0.00000 -205.16949 0.44014 0.89793 -0.00000 -163.31997 -0.00000 0.00000 1.00000 0.00000
1567496090140033 0.88341 -0.46860 0.00000 -202.07693 0.46860 0.88341 -0.00000 -169.78062 -0.00000 0.00000 1.00000 0.00000
1567496090389710 0.86998 -0.49309 0.00000 -199.42221 0.49309 0.86998 -0.00000 -175.32499 -0.00000 0.00000 1.00000 0.00000
1567496090639579 0.85575 -0.51740 0.00000 -196.59232 0.51740 0.85575 -0.00000 -180.85404 -0.00000 0.00000 1.00000 0.00000
1567496090888285 0.84344 -0.53723 0.00000 -194.47145 0.53723 0.84344 -0.00000 -185.38353 -0.00000 0.00000 1.00000 0.00000
1567496091138897 0.83287 -0.55347 0.00000 -193.01822 0.55347 0.83287 -0.00000 -189.16333 -0.00000 0.00000 1.00000 0.00000
1567496091388657 0.82309 -0.56791 0.00000 -191.78762 0.56791 0.82309 -0.00000 -192.44089 -0.00000 0.00000 1.00000 0.00000
1567496091637931 0.81297 -0.58231 0.00000 -190.49032 0.58231 0.81297 -0.00000 -195.79255 -0.00000 0.00000 1.00000 0.00000
1567496091887795 0.80237 -0.59683 0.00000 -189.05024 0.59683 0.80237 -0.00000 -199.17563 -0.00000 0.00000 1.00000 0.00000
1567496092136815 0.79141 -0.61128 0.00000 -187.51227 0.61128 0.79141 -0.00000 -202.62609 -0.00000 0.00000 1.00000 0.00000
1567496092385539 0.77991 -0.62589 0.00000 -185.75982 0.62589 0.77991 -0.00000 -206.05711 -0.00000 0.00000 1.00000 0.00000
1567496092635302 0.76830 -0.64009 0.00000 -183.98930 0.64009 0.76830 -0.00000 -209.34501 -0.00000 0.00000 1.00000 0.00000
1567496092884264 0.75429 -0.65654 0.00000 -181.47493 0.65654 0.75429 -0.00000 -213.25321 -0.00000 0.00000 1.00000 0.00000
1567496093133682 0.73965 -0.67299 0.00000 -178.75836 0.67299 0.73965 -0.00000 -217.20271 -0.00000 0.00000 1.00000 0.00000
1567496093383564 0.72532 -0.68842 0.00000 -176.18951 0.68842 0.72532 -0.00000 -220.91055 -0.00000 0.00000 1.00000 0.00000
1567496093633135 0.71373 -0.70042 0.00000 -174.48141 0.70042 0.71373 -0.00000 -223.74411 -0.00000 0.00000 1.00000 0.00000
1567496093882828 0.70258 -0.71160 0.00000 -172.99652 0.71160 0.70258 -0.00000 -226.51069 -0.00000 0.00000 1.00000 0.00000
1567496094132528 0.69480 -0.71920 0.00000 -172.55222 0.71920 0.69480 -0.00000 -228.37395 -0.00000 0.00000 1.00000 0.00000
1567496094381693 0.68481 -0.72872 0.00000 -171.40550 0.72872 0.68481 -0.00000 -230.75150 -0.00000 0.00000 1.00000 0.00000
1567496094630899 0.67662 -0.73634 0.00000 -170.83611 0.73634 0.67662 -0.00000 -232.64569 -0.00000 0.00000 1.00000 0.00000
1567496094880531 0.67106 -0.74140 0.00000 -171.08008 0.74140 0.67106 -0.00000 -233.90199 -0.00000 0.00000 1.00000 0.00000
1567496095130028 0.66804 -0.74412 0.00000 -172.13681 0.74412 0.66804 -0.00000 -234.61861 -0.00000 0.00000 1.00000 0.00000
1567496095379688 0.66697 -0.74508 0.00000 -173.83285 0.74508 0.66697 -0.00000 -234.93961 -0.00000 0.00000 1.00000 0.00000
1567496095628683 0.66680 -0.74524 0.00000 -175.72771 0.74524 0.66680 -0.00000 -234.98289 -0.00000 0.00000 1.00000 0.00000
1567496095878575 0.66933 -0.74296 0.00000 -178.47613 0.74296 0.66933 -0.00000 -234.45006 -0.00000 0.00000 1.00000 0.00000
1567496096128010 0.67578 -0.73711 0.00000 -182.43476 0.73711 0.67578 -0.00000 -232.87991 -0.00000 0.00000 1.00000 0.00000
1567496096377257 0.68653 -0.72710 0.00000 -187.76358 0.72710 0.68653 -0.00000 -230.18048 -0.00000 0.00000 1.00000 0.00000
1567496096626094 0.69979 -0.71435 0.00000 -193.85411 0.71435 0.69979 -0.00000 -226.69801 -0.00000 0.00000 1.00000 0.00000
1567496096875592 0.71377 -0.70038 0.00000 -200.17424 0.70038 0.71377 -0.00000 -222.87942 -0.00000 0.00000 1.00000 0.00000
1567496097124690 0.72897 -0.68455 0.00000 -206.88664 0.68455 0.72897 -0.00000 -218.39989 -0.00000 0.00000 1.00000 0.00000
1567496097374330 0.74667 -0.66519 0.00000 -214.40128 0.66519 0.74667 -0.00000 -212.90340 -0.00000 0.00000 1.00000 0.00000
1567496097623552 0.76257 -0.64690 0.00000 -221.35695 0.64690 0.76257 -0.00000 -207.70688 -0.00000 0.00000 1.00000 0.00000
1567496097873048 0.77962 -0.62626 0.00000 -228.67073 0.62626 0.77962 -0.00000 -201.72291 -0.00000 0.00000 1.00000 0.00000
1567496098122692 0.79795 -0.60272 0.00000 -236.47529 0.60272 0.79795 -0.00000 -194.84117 -0.00000 0.00000 1.00000 0.00000
1567496098371761 0.81779 -0.57552 0.00000 -244.73649 0.57552 0.81779 -0.00000 -186.78884 -0.00000 0.00000 1.00000 0.00000
1567496098621900 0.83911 -0.54397 0.00000 -253.56335 0.54397 0.83911 -0.00000 -177.40190 -0.00000 0.00000 1.00000 0.00000
1567496098870709 0.85966 -0.51087 0.00000 -262.10412 0.51087 0.85966 -0.00000 -167.42123 -0.00000 0.00000 1.00000 0.00000
1567496099120136 0.88110 -0.47294 0.00000 -271.00106 0.47294 0.88110 -0.00000 -155.86905 -0.00000 0.00000 1.00000 0.00000
1567496099369399 0.90328 -0.42906 0.00000 -280.21753 0.42906 0.90328 -0.00000 -142.37967 -0.00000 0.00000 1.00000 0.00000
1567496099619284 0.92366 -0.38321 0.00000 -288.89191 0.38321 0.92366 -0.00000 -128.16932 -0.00000 0.00000 1.00000 0.00000
1567496099868919 0.94263 -0.33385 0.00000 -297.20924 0.33385 0.94263 -0.00000 -112.74975 -0.00000 0.00000 1.00000 0.00000
1567496100118770 0.95914 -0.28293 0.00000 -304.67053 0.28293 0.95914 -0.00000 -96.71051 -0.00000 0.00000 1.00000 0.00000
1567496100369525 0.97186 -0.23555 0.00000 -311.00569 0.23555 0.97186 -0.00000 -81.68011 -0.00000 0.00000 1.00000 0.00000
1567496100618466 0.98053 -0.19636 0.00000 -315.97855 0.19636 0.98053 -0.00000 -69.15389 -0.00000 0.00000 1.00000 0.00000
1567496100868466 0.98579 -0.16797 0.00000 -319.77437 0.16797 0.98579 -0.00000 -60.01225 -0.00000 0.00000 1.00000 0.00000
1567496101117424 0.98984 -0.14217 0.00000 -323.17688 0.14217 0.98984 -0.00000 -51.67995 -0.00000 0.00000 1.00000 0.00000
1567496101366663 0.99319 -0.11649 0.00000 -326.36081 0.11649 0.99319 -0.00000 -43.30203 -0.00000 0.00000 1.00000 0.00000
1567496101616703 0.99565 -0.09321 0.00000 -329.27381 0.09321 0.99565 -0.00000 -35.66852 -0.00000 0.00000 1.00000 0.00000
1567496101866283 0.99701 -0.07729 0.00000 -331.80001 0.07729 0.99701 -0.00000 -30.42977 -0.00000 0.00000 1.00000 0.00000
1567496102116560 0.99792 -0.06440 0.00000 -334.19558 0.06440 0.99792 -0.00000 -26.14664 -0.00000 0.00000 1.00000 0.00000
1567496102365647 0.99838 -0.05691 0.00000 -336.40195 0.05691 0.99838 -0.00000 -23.62416 -0.00000 0.00000 1.00000 0.00000
1567496102615469 0.99847 -0.05534 0.00000 -338.46851 0.05534 0.99847 -0.00000 -23.11099 -0.00000 0.00000 1.00000 0.00000
1567496102864891 0.99841 -0.05633 0.00000 -340.49765 0.05633 0.99841 -0.00000 -23.46266 -0.00000 0.00000 1.00000 0.00000
1567496103114240 0.99828 -0.05867 0.00000 -342.51007 0.05867 0.99828 -0.00000 -24.25639 -0.00000 0.00000 1.00000 0.00000
1567496103363683 0.99804 -0.06253 0.00000 -344.46809 0.06253 0.99804 -0.00000 -25.59728 -0.00000 0.00000 1.00000 0.00000
1567496103612813 0.99781 -0.06619 0.00000 -346.45521 0.06619 0.99781 -0.00000 -26.82475 -0.00000 0.00000 1.00000 0.00000
1567496103862855 0.99748 -0.07089 0.00000 -348.43361 0.07089 0.99748 -0.00000 -28.44582 -0.00000 0.00000 1.00000 0.00000
1567496104112598 0.99728 -0.07365 0.00000 -350.45615 0.07365 0.99728 -0.00000 -29.39712 -0.00000 0.00000 1.00000 0.00000
1567496104361948 0.99699 -0.07749 0.00000 -352.45871 0.07749 0.99699 -0.00000 -30.70466 -0.00000 0.00000 1.00000 0.00000
1567496104611871 0.99689 -0.07875 0.00000 -354.55819 0.07875 0.99689 -0.00000 -31.16040 -0.00000 0.00000 1.00000 0.00000
1567496104861611 0.99662 -0.08219 0.00000 -356.59278 0.08219 0.99662 -0.00000 -32.35587 -0.00000 0.00000 1.00000 0.00000
1567496105111526 0.99649 -0.08369 0.00000 -358.70452 0.08369 0.99649 -0.00000 -32.89959 -0.00000 0.00000 1.00000 0.00000
1567496105360392 0.99631 -0.08582 0.00000 -360.79106 0.08582 0.99631 -0.00000 -33.72420 -0.00000 0.00000 1.00000 0.00000
1567496105610628 0.99648 -0.08384 0.00000 -363.05702 0.08384 0.99648 -0.00000 -32.97346 -0.00000 0.00000 1.00000 0.00000
1567496105860239 0.99670 -0.08121 0.00000 -365.33426 0.08121 0.99670 -0.00000 -31.98749 -0.00000 0.00000 1.00000 0.00000
1567496106110117 0.99684 -0.07938 0.00000 -367.61825 0.07938 0.99684 -0.00000 -31.28388 -0.00000 0.00000 1.00000 0.00000
1567496106359938 0.99726 -0.07400 0.00000 -370.00923 0.07400 0.99726 -0.00000 -29.25973 -0.00000 0.00000 1.00000 0.00000
1567496106609707 0.99737 -0.07242 0.00000 -372.28065 0.07242 0.99737 -0.00000 -28.70616 -0.00000 0.00000 1.00000 0.00000
1567496106858412 0.99757 -0.06968 0.00000 -374.58464 0.06968 0.99757 -0.00000 -27.67075 -0.00000 0.00000 1.00000 0.00000
1567496107108321 0.99796 -0.06386 0.00000 -376.99403 0.06386 0.99796 -0.00000 -25.36912 -0.00000 0.00000 1.00000 0.00000
1567496107359514 0.99862 -0.05258 0.00000 -379.50671 0.05258 0.99862 -0.00000 -21.21378 -0.00000 0.00000 1.00000 0.00000
1567496107607877 0.99889 -0.04713 0.00000 -381.89340 0.04713 0.99889 -0.00000 -19.07318 -0.00000 0.00000 1.00000 0.00000
1567496107856731 0.99916 -0.04099 0.00000 -384.26838 0.04099 0.99916 -0.00000 -16.74746 -0.00000 0.00000 1.00000 0.00000
1567496108107880 0.99929 -0.03757 0.00000 -386.60121 0.03757 0.99929 -0.00000 -15.41559 -0.00000 0.00000 1.00000 0.00000
1567496108356618 0.99945 -0.03320 0.00000 -388.96099 0.03320 0.99945 -0.00000 -13.73025 -0.00000 0.00000 1.00000 0.00000
1567496108606214 0.99965 -0.02661 0.00000 -391.31883 0.02661 0.99965 -0.00000 -11.14598 -0.00000 0.00000 1.00000 0.00000
1567496108855611 0.99973 -0.02307 0.00000 -393.65253 0.02307 0.99973 -0.00000 -9.77768 -0.00000 0.00000 1.00000 0.00000
1567496109105175 0.99979 -0.02025 0.00000 -395.90318 0.02025 0.99979 -0.00000 -8.60633 -0.00000 0.00000 1.00000 0.00000
1567496109354603 0.99985 -0.01710 0.00000 -398.19141 0.01710 0.99985 -0.00000 -7.42386 -0.00000 0.00000 1.00000 0.00000
1567496109604149 0.99987 -0.01619 0.00000 -400.40423 0.01619 0.99987 -0.00000 -7.02696 -0.00000 0.00000 1.00000 0.00000
1567496109853407 0.99985 -0.01708 0.00000 -402.60100 0.01708 0.99985 -0.00000 -7.39647 -0.00000 0.00000 1.00000 0.00000
1567496110103382 0.99986 -0.01668 0.00000 -404.77688 0.01668 0.99986 -0.00000 -7.22397 -0.00000 0.00000 1.00000 0.00000
1567496110352670 0.99986 -0.01670 0.00000 -407.02163 0.01670 0.99986 -0.00000 -7.28603 -0.00000 0.00000 1.00000 0.00000
1567496110601996 0.99991 -0.01369 0.00000 -409.22773 0.01369 0.99991 -0.00000 -6.02656 -0.00000 0.00000 1.00000 0.00000
1567496110851055 0.99988 -0.01575 0.00000 -411.40749 0.01575 0.99988 -0.00000 -6.87314 -0.00000 0.00000 1.00000 0.00000
1567496111101356 0.99987 -0.01622 0.00000 -413.58914 0.01622 0.99987 -0.00000 -7.08376 -0.00000 0.00000 1.00000 0.00000
1567496111350626 0.99986 -0.01698 0.00000 -415.82857 0.01698 0.99986 -0.00000 -7.35977 -0.00000 0.00000 1.00000 0.00000
1567496111600354 0.99984 -0.01797 0.00000 -417.99147 0.01797 0.99984 -0.00000 -7.77984 -0.00000 0.00000 1.00000 0.00000
1567496111850027 0.99982 -0.01904 0.00000 -420.21999 0.01904 0.99982 -0.00000 -8.25614 -0.00000 0.00000 1.00000 0.00000
1567496112099076 0.99982 -0.01920 0.00000 -422.35841 0.01920 0.99982 -0.00000 -8.38018 -0.00000 0.00000 1.00000 0.00000
1567496112348443 0.99982 -0.01896 0.00000 -424.52306 0.01896 0.99982 -0.00000 -8.17770 -0.00000 0.00000 1.00000 0.00000
1567496112598053 0.99986 -0.01662 0.00000 -426.67961 0.01662 0.99986 -0.00000 -7.22568 -0.00000 0.00000 1.00000 0.00000
1567496112847558 0.99986 -0.01658 0.00000 -428.80030 0.01658 0.99986 -0.00000 -7.18542 -0.00000 0.00000 1.00000 0.00000
1567496113097215 0.99987 -0.01592 0.00000 -430.88893 0.01592 0.99987 -0.00000 -6.94263 -0.00000 0.00000 1.00000 0.00000
1567496113346212 0.99994 -0.01102 0.00000 -433.01275 0.01102 0.99994 -0.00000 -4.81295 -0.00000 0.00000 1.00000 0.00000
1567496113595860 0.99998 -0.00697 0.00000 -435.09351 0.00697 0.99998 -0.00000 -3.03733 -0.00000 0.00000 1.00000 0.00000
1567496113844895 1.00000 -0.00210 0.00000 -437.18124 0.00210 1.00000 -0.00000 -0.90312 -0.00000 0.00000 1.00000 0.00000
1567496114093853 1.00000 -0.00136 0.00000 -439.19749 0.00136 1.00000 -0.00000 -0.57166 -0.00000 0.00000 1.00000 0.00000
1567496114343976 1.00000 0.00269 -0.00000 -441.21132 -0.00269 1.00000 0.00000 1.18159 0.00000 -0.00000 1.00000 0.00000
1567496114592980 1.00000 0.00225 -0.00000 -443.24026 -0.00225 1.00000 0.00000 1.00117 0.00000 -0.00000 1.00000 -0.00000
1567496114842650 0.99999 0.00395 -0.00000 -445.17229 -0.00395 0.99999 0.00000 1.73218 0.00000 -0.00000 1.00000 0.00000
1567496115092437 0.99999 0.00539 -0.00000 -447.16979 -0.00539 0.99999 0.00000 2.35804 0.00000 -0.00000 1.00000 0.00000
1567496115341574 0.99998 0.00647 -0.00000 -449.11161 -0.00647 0.99998 0.00000 2.78461 0.00000 -0.00000 1.00000 0.00000
1567496115590983 0.99997 0.00719 -0.00000 -450.99366 -0.00719 0.99997 0.00000 3.13509 0.00000 -0.00000 1.00000 0.00000
1567496115840084 0.99999 0.00506 -0.00000 -452.91648 -0.00506 0.99999 0.00000 2.17011 0.00000 -0.00000 1.00000 0.00000
1567496116089399 0.99999 0.00538 -0.00000 -454.81574 -0.00538 0.99999 0.00000 2.31440 0.00000 -0.00000 1.00000 0.00000
1567496116339059 1.00000 0.00193 -0.00000 -456.70890 -0.00193 1.00000 0.00000 0.71545 0.00000 -0.00000 1.00000 0.00000
1567496116587775 1.00000 0.00211 -0.00000 -458.54562 -0.00211 1.00000 0.00000 0.76198 0.00000 -0.00000 1.00000 0.00000
1567496116836421 1.00000 0.00067 -0.00000 -460.27975 -0.00067 1.00000 0.00000 0.10215 0.00000 -0.00000 1.00000 0.00000
1567496117086189 1.00000 -0.00206 0.00000 -461.99571 0.00206 1.00000 -0.00000 -1.13948 -0.00000 0.00000 1.00000 0.00000
1567496117335086 0.99999 -0.00376 0.00000 -463.64019 0.00376 0.99999 -0.00000 -1.91209 -0.00000 0.00000 1.00000 0.00000
1567496117584271 0.99996 -0.00872 0.00000 -465.20512 0.00872 0.99996 -0.00000 -4.20125 -0.00000 0.00000 1.00000 0.00000
1567496117833397 0.99990 -0.01432 0.00000 -466.70330 0.01432 0.99990 -0.00000 -6.78628 -0.00000 0.00000 1.00000 0.00000
1567496118082946 0.99972 -0.02385 0.00000 -468.10157 0.02385 0.99972 -0.00000 -11.20329 -0.00000 0.00000 1.00000 0.00000
1567496118332578 0.99926 -0.03851 0.00000 -469.26596 0.03851 0.99926 -0.00000 -18.03625 -0.00000 0.00000 1.00000 0.00000
1567496118582155 0.99806 -0.06229 0.00000 -470.06694 0.06229 0.99806 -0.00000 -29.20654 -0.00000 0.00000 1.00000 0.00000
1567496118831140 0.99484 -0.10146 0.00000 -469.90554 0.10146 0.99484 -0.00000 -47.63149 -0.00000 0.00000 1.00000 0.00000
1567496119080578 0.98857 -0.15075 0.00000 -468.16163 0.15075 0.98857 -0.00000 -70.81963 -0.00000 0.00000 1.00000 0.00000
1567496119329474 0.97751 -0.21088 0.00000 -464.22122 0.21088 0.97751 -0.00000 -99.24964 -0.00000 0.00000 1.00000 0.00000
1567496119578972 0.96339 -0.26811 0.00000 -458.75722 0.26811 0.96339 -0.00000 -126.39143 -0.00000 0.00000 1.00000 0.00000
1567496119828534 0.94262 -0.33386 0.00000 -450.21264 0.33386 0.94262 -0.00000 -157.52320 -0.00000 0.00000 1.00000 0.00000
1567496120077921 0.91667 -0.39964 0.00000 -439.11830 0.39964 0.91667 -0.00000 -188.93611 -0.00000 0.00000 1.00000 0.00000
1567496120327163 0.88594 -0.46379 0.00000 -425.72872 0.46379 0.88594 -0.00000 -219.63148 -0.00000 0.00000 1.00000 0.00000
1567496120576319 0.84720 -0.53128 0.00000 -408.57689 0.53128 0.84720 -0.00000 -251.98702 -0.00000 0.00000 1.00000 0.00000
1567496120826270 0.80128 -0.59829 0.00000 -387.94038 0.59829 0.80128 -0.00000 -284.21641 -0.00000 0.00000 1.00000 0.00000
1567496121075563 0.74550 -0.66650 0.00000 -362.61150 0.66650 0.74550 -0.00000 -317.19408 -0.00000 0.00000 1.00000 0.00000
1567496121325034 0.67969 -0.73350 0.00000 -332.41673 0.73350 0.67969 -0.00000 -349.69349 -0.00000 0.00000 1.00000 0.00000
1567496121574013 0.60582 -0.79560 0.00000 -298.32104 0.79560 0.60582 -0.00000 -380.02272 -0.00000 0.00000 1.00000 0.00000
1567496121823226 0.52130 -0.85338 0.00000 -259.10881 0.85338 0.52130 -0.00000 -408.46902 -0.00000 0.00000 1.00000 0.00000
1567496122072827 0.43310 -0.90134 0.00000 -218.05097 0.90134 0.43310 -0.00000 -432.26715 -0.00000 0.00000 1.00000 0.00000
1567496122322117 0.34149 -0.93988 0.00000 -175.27916 0.93988 0.34149 -0.00000 -451.69700 -0.00000 0.00000 1.00000 0.00000
1567496122571555 0.26892 -0.96316 0.00000 -141.60995 0.96316 0.26892 -0.00000 -463.69162 -0.00000 0.00000 1.00000 0.00000
1567496122821083 0.21393 -0.97685 0.00000 -116.40256 0.97685 0.21393 -0.00000 -470.84035 -0.00000 0.00000 1.00000 0.00000
1567496123070229 0.17363 -0.98481 0.00000 -98.27529 0.98481 0.17363 -0.00000 -475.22975 -0.00000 0.00000 1.00000 0.00000
1567496123320171 0.14310 -0.98971 0.00000 -84.92932 0.98971 0.14310 -0.00000 -477.99699 -0.00000 0.00000 1.00000 0.00000
1567496123569899 0.12207 -0.99252 0.00000 -76.14719 0.99252 0.12207 -0.00000 -479.67469 -0.00000 0.00000 1.00000 0.00000
1567496123819142 0.09962 -0.99503 0.00000 -66.71857 0.99503 0.09962 -0.00000 -481.18495 -0.00000 0.00000 1.00000 0.00000
1567496124068886 0.08172 -0.99666 0.00000 -59.53627 0.99666 0.08172 -0.00000 -482.29603 -0.00000 0.00000 1.00000 0.00000
1567496124318467 0.06879 -0.99763 0.00000 -54.74540 0.99763 0.06879 -0.00000 -483.04682 -0.00000 0.00000 1.00000 0.00000
1567496124567914 0.05718 -0.99836 0.00000 -50.66313 0.99836 0.05718 -0.00000 -483.62475 -0.00000 0.00000 1.00000 0.00000
1567496124816799 0.04352 -0.99905 0.00000 -45.64504 0.99905 0.04352 -0.00000 -484.28079 -0.00000 0.00000 1.00000 0.00000
1567496125066788 0.03319 -0.99945 0.00000 -42.21092 0.99945 0.03319 -0.00000 -484.70049 -0.00000 0.00000 1.00000 0.00000
1567496125316423 0.02312 -0.99973 0.00000 -38.99657 0.99973 0.02312 -0.00000 -485.07642 -0.00000 0.00000 1.00000 0.00000
1567496125565309 0.00906 -0.99996 0.00000 -33.82919 0.99996 0.00906 -0.00000 -485.62207 -0.00000 0.00000 1.00000 0.00000
1567496125814692 -0.00081 -1.00000 0.00000 -30.76997 1.00000 -0.00081 0.00000 -485.89433 0.00000 0.00000 1.00000 0.00000
1567496126064926 -0.01249 -0.99992 0.00000 -26.82914 0.99992 -0.01249 0.00000 -486.17501 0.00000 0.00000 1.00000 0.00000
1567496126313932 -0.02229 -0.99975 0.00000 -23.86569 0.99975 -0.02229 0.00000 -486.43129 0.00000 0.00000 1.00000 0.00000
1567496126563326 -0.03035 -0.99954 0.00000 -21.74777 0.99954 -0.03035 0.00000 -486.57477 0.00000 0.00000 1.00000 0.00000
1567496126812995 -0.03453 -0.99940 0.00000 -21.56652 0.99940 -0.03453 0.00000 -486.66886 0.00000 0.00000 1.00000 0.00000
1567496127062752 -0.03949 -0.99922 0.00000 -21.05210 0.99922 -0.03949 0.00000 -486.76128 0.00000 0.00000 1.00000 0.00000
1567496127312321 -0.04176 -0.99913 0.00000 -21.84457 0.99913 -0.04176 0.00000 -486.81441 0.00000 0.00000 1.00000 0.00000
